0	0.290663	0.057897	0.229473	0.157588	0.029913	0.111872	0.085455	0.012259	0.024880
1	0.231248	0.047632	0.199265	0.145235	0.029720	0.124282	0.113513	0.022123	0.086982
2	0.230490	0.046528	0.198397	0.143823	0.031324	0.124561	0.110096	0.021244	0.093537
3	0.235846	0.046316	0.198726	0.143588	0.033129	0.122682	0.104210	0.019914	0.095589
4	0.241732	0.046088	0.199146	0.143270	0.035530	0.120767	0.097925	0.018297	0.097245
5	0.248746	0.045765	0.199816	0.142206	0.037746	0.117756	0.092602	0.016951	0.098412
6	0.254932	0.045066	0.200653	0.142113	0.040374	0.115004	0.087476	0.015425	0.098957
7	0.261286	0.044526	0.201686	0.141402	0.042796	0.111717	0.082559	0.014216	0.099812
8	0.267793	0.043766	0.202316	0.140207	0.045626	0.108977	0.077189	0.013164	0.100962
9	0.275100	0.043041	0.202544	0.139456	0.048325	0.105630	0.072402	0.011895	0.101607
10	0.281500	0.042407	0.202252	0.138008	0.051304	0.102811	0.068158	0.011032	0.102528
11	0.288160	0.041277	0.201723	0.136419	0.054401	0.100225	0.064287	0.010067	0.103441
12	0.294881	0.040277	0.201283	0.135000	0.057742	0.096874	0.060394	0.009406	0.104143
13	0.300249	0.039338	0.200880	0.133909	0.060932	0.093949	0.057356	0.008546	0.104841
14	0.305845	0.037999	0.200740	0.132709	0.064444	0.091190	0.053732	0.007838	0.105503
15	0.311880	0.036833	0.199526	0.131410	0.067875	0.088559	0.050502	0.007341	0.106074
16	0.316976	0.035845	0.198908	0.130121	0.071396	0.085664	0.047684	0.006685	0.106721
17	0.321879	0.034920	0.198064	0.128450	0.075248	0.083434	0.044800	0.006165	0.107040
18	0.327083	0.033987	0.196583	0.126920	0.079446	0.080716	0.042236	0.005717	0.107312
19	0.331908	0.033022	0.195691	0.124884	0.083639	0.078133	0.039992	0.005208	0.107523
20	0.335814	0.031850	0.194310	0.124047	0.087975	0.075818	0.037562	0.004778	0.107846
21	0.340248	0.030938	0.192719	0.122347	0.092530	0.073512	0.035088	0.004427	0.108191
22	0.344278	0.030132	0.191111	0.120536	0.097404	0.071675	0.033003	0.004122	0.107739
23	0.347964	0.029096	0.189897	0.118938	0.101765	0.069558	0.031250	0.003783	0.107749
24	0.351508	0.028237	0.188208	0.117197	0.106481	0.067519	0.029499	0.003353	0.107998
25	0.354555	0.027477	0.185984	0.116031	0.111265	0.065968	0.027961	0.003174	0.107585
26	0.357592	0.026569	0.184231	0.114525	0.116946	0.063781	0.026170	0.002914	0.107272
27	0.360607	0.025503	0.182516	0.113068	0.122225	0.062005	0.024455	0.002713	0.106908
28	0.363426	0.024796	0.179974	0.111724	0.127525	0.060339	0.022801	0.002443	0.106972
29	0.365827	0.023844	0.178112	0.110508	0.133136	0.058232	0.021446	0.002275	0.106620
30	0.368062	0.022809	0.176351	0.108846	0.138941	0.057031	0.019930	0.002097	0.105933
31	0.370531	0.021979	0.174002	0.107369	0.145125	0.055084	0.018623	0.001922	0.105365
32	0.371469	0.021274	0.171542	0.106619	0.151493	0.053387	0.017645	0.001662	0.104909
33	0.372737	0.020488	0.169252	0.105404	0.157829	0.051919	0.016505	0.001528	0.104338
34	0.373502	0.019767	0.167251	0.103976	0.164753	0.050470	0.015526	0.001428	0.103327
35	0.374120	0.018984	0.164543	0.103530	0.171577	0.049083	0.014386	0.001292	0.102485
36	0.375208	0.018221	0.161555	0.102474	0.178387	0.047727	0.013467	0.001178	0.101783
37	0.375171	0.017606	0.158930	0.101767	0.185075	0.046660	0.012710	0.001044	0.101037
38	0.375071	0.016982	0.156560	0.100625	0.192592	0.045331	0.011742	0.000983	0.100114
39	0.374735	0.016395	0.153645	0.100077	0.200231	0.044170	0.011074	0.000880	0.098793
40	0.374191	0.015624	0.151353	0.099141	0.207766	0.043272	0.010296	0.000809	0.097548
41	0.372964	0.015016	0.148784	0.098156	0.215725	0.042277	0.009850	0.000735	0.096493
42	0.371892	0.014476	0.146299	0.097120	0.223809	0.041217	0.009231	0.000675	0.095281
43	0.370668	0.013913	0.143278	0.096601	0.232050	0.040217	0.008700	0.000653	0.093920
44	0.369776	0.013503	0.140522	0.095569	0.240340	0.039357	0.008135	0.000569	0.092229
45	0.368297	0.012932	0.137449	0.095340	0.248783	0.038655	0.007552	0.000535	0.090457
46	0.366491	0.012283	0.134593	0.094998	0.257665	0.037527	0.007082	0.000488	0.088873
47	0.364140	0.011774	0.131806	0.094531	0.266256	0.037078	0.006603	0.000434	0.087378
48	0.361598	0.011182	0.129048	0.094467	0.275260	0.036507	0.006140	0.000384	0.085414
49	0.358887	0.010941	0.126325	0.094061	0.284413	0.035710	0.005713	0.000358	0.083592
50	0.355916	0.010618	0.123529	0.093521	0.293867	0.034921	0.005426	0.000323	0.081879
51	0.353183	0.010162	0.120418	0.093483	0.303091	0.034313	0.005076	0.000313	0.079961
52	0.349825	0.009563	0.117774	0.093233	0.312870	0.033622	0.004721	0.000293	0.078099
53	0.347071	0.009098	0.115481	0.092893	0.321948	0.033063	0.004271	0.000276	0.075899
54	0.343445	0.008857	0.112323	0.092619	0.331574	0.032707	0.003962	0.000250	0.074263
55	0.339895	0.008327	0.109508	0.092575	0.341984	0.031924	0.003583	0.000211	0.071993
56	0.335667	0.007895	0.107252	0.092488	0.352318	0.031245	0.003308	0.000185	0.069642
57	0.331790	0.007674	0.104238	0.092123	0.362333	0.030856	0.003050	0.000154	0.067782
58	0.327982	0.007320	0.101453	0.091763	0.372202	0.030309	0.002831	0.000179	0.065961
59	0.323883	0.006898	0.098459	0.091556	0.382924	0.029879	0.002607	0.000115	0.063679
60	0.318866	0.006653	0.096043	0.091282	0.393301	0.029567	0.002312	0.000091	0.061885
61	0.313756	0.006292	0.093581	0.091378	0.404271	0.029116	0.002098	0.000088	0.059420
62	0.308823	0.006129	0.090687	0.091072	0.414777	0.029082	0.001969	0.000082	0.057379
63	0.303809	0.005773	0.088144	0.091259	0.424864	0.028764	0.001874	0.000073	0.055440
64	0.298736	0.005691	0.085388	0.091296	0.435056	0.028723	0.001662	0.000057	0.053391
65	0.293460	0.005317	0.082875	0.091595	0.445477	0.028269	0.001508	0.000062	0.051437
66	0.288284	0.005051	0.080154	0.091887	0.455935	0.027841	0.001378	0.000054	0.049416
67	0.282499	0.004738	0.077758	0.091918	0.467092	0.027325	0.001252	0.000045	0.047373
68	0.277100	0.004485	0.075346	0.091659	0.477947	0.026905	0.001121	0.000034	0.045403
69	0.271887	0.004153	0.072723	0.091569	0.488242	0.026825	0.001056	0.000025	0.043520
70	0.265833	0.004062	0.070326	0.092208	0.498514	0.026533	0.000923	0.000022	0.041579
71	0.260683	0.003775	0.068132	0.092348	0.508261	0.026269	0.000850	0.000016	0.039666
72	0.254954	0.003499	0.065763	0.092083	0.518946	0.026108	0.000727	0.000022	0.037898
73	0.249152	0.003408	0.063725	0.092167	0.528642	0.026095	0.000678	0.000005	0.036128
74	0.243444	0.003224	0.061243	0.092349	0.538787	0.025943	0.000614	0.000007	0.034389
75	0.237786	0.003092	0.058930	0.092624	0.548391	0.025837	0.000538	0.000007	0.032795
76	0.231790	0.002979	0.056544	0.092900	0.558212	0.025848	0.000491	0.000002	0.031234
77	0.225806	0.002839	0.054270	0.093085	0.568416	0.025427	0.000406	0.000007	0.029744
78	0.219738	0.002652	0.052323	0.093096	0.578188	0.025369	0.000396	0.000004	0.028234
79	0.213564	0.002499	0.050336	0.093405	0.587895	0.025230	0.000351	0.000004	0.026716
80	0.207809	0.002401	0.048187	0.093559	0.597377	0.025120	0.000324	0.000001	0.025222
81	0.201621	0.002239	0.046513	0.093566	0.607032	0.024983	0.000293	0.000000	0.023753
82	0.195953	0.002077	0.044558	0.093800	0.615986	0.025102	0.000251	0.000000	0.022273
83	0.189657	0.002017	0.042631	0.093843	0.625595	0.024953	0.000247	0.000000	0.021057
84	0.183353	0.001888	0.040807	0.094427	0.634647	0.024923	0.000239	0.000000	0.019716
85	0.177552	0.001722	0.039392	0.095020	0.642873	0.024734	0.000203	0.000000	0.018504
86	0.171753	0.001584	0.037627	0.095226	0.651588	0.024717	0.000181	0.000000	0.017324
87	0.165970	0.001476	0.035928	0.095872	0.659869	0.024489	0.000148	0.000000	0.016248
88	0.160183	0.001378	0.034466	0.096444	0.667649	0.024587	0.000141	0.000000	0.015152
89	0.154194	0.001320	0.033147	0.096575	0.675718	0.024653	0.000124	0.000000	0.014269
90	0.148714	0.001228	0.031700	0.096442	0.683745	0.024526	0.000121	0.000000	0.013524
91	0.143228	0.001195	0.030288	0.096658	0.691131	0.024727	0.000113	0.000000	0.012660
92	0.137695	0.001140	0.029006	0.096752	0.698858	0.024667	0.000101	0.000000	0.011781
93	0.132510	0.001077	0.027614	0.097052	0.706038	0.024598	0.000071	0.000000	0.011040
94	0.127398	0.001009	0.026286	0.096982	0.713554	0.024435	0.000060	0.000000	0.010276
95	0.122038	0.000969	0.025284	0.097324	0.720212	0.024515	0.000043	0.000000	0.009615
96	0.116636	0.000941	0.023747	0.097881	0.727009	0.024671	0.000036	0.000000	0.009079
97	0.111940	0.000859	0.022413	0.098325	0.733545	0.024571	0.000036	0.000000	0.008311
98	0.106716	0.000826	0.021428	0.098718	0.740068	0.024594	0.000029	0.000000	0.007621
99	0.101887	0.000759	0.020352	0.098816	0.746407	0.024700	0.000016	0.000000	0.007063
100	0.097226	0.000720	0.019332	0.099006	0.752289	0.024741	0.000020	0.000000	0.006666
101	0.092609	0.000641	0.018452	0.099354	0.758087	0.024654	0.000016	0.000000	0.006187
102	0.088273	0.000592	0.017448	0.099756	0.763467	0.024609	0.000014	0.000000	0.005841
103	0.084095	0.000569	0.016600	0.099579	0.768986	0.024663	0.000009	0.000000	0.005499
104	0.080039	0.000527	0.015589	0.100210	0.774078	0.024528	0.000009	0.000000	0.005020
105	0.075909	0.000487	0.014797	0.100488	0.779418	0.024196	0.000005	0.000000	0.004700
106	0.072023	0.000458	0.013854	0.100946	0.783943	0.024328	0.000010	0.000000	0.004438
107	0.068342	0.000426	0.013205	0.101216	0.788346	0.024445	0.000006	0.000000	0.004014
108	0.064748	0.000368	0.012472	0.101717	0.792696	0.024233	0.000005	0.000000	0.003761
109	0.061342	0.000300	0.011849	0.101794	0.796701	0.024582	0.000004	0.000000	0.003428
110	0.057931	0.000278	0.011025	0.101664	0.801230	0.024620	0.000006	0.000000	0.003246
111	0.054691	0.000250	0.010443	0.101888	0.805099	0.024624	0.000004	0.000000	0.003001
112	0.051900	0.000232	0.009793	0.102050	0.808586	0.024673	0.000004	0.000000	0.002762
113	0.048945	0.000228	0.009254	0.102203	0.812203	0.024640	0.000001	0.000000	0.002526
114	0.046142	0.000213	0.008802	0.102597	0.815230	0.024682	0.000002	0.000000	0.002332
115	0.043098	0.000201	0.008351	0.102879	0.818747	0.024568	0.000001	0.000000	0.002155
116	0.040649	0.000188	0.007731	0.103159	0.821716	0.024614	0.000002	0.000000	0.001941
117	0.038112	0.000172	0.007174	0.103074	0.825091	0.024581	0.000001	0.000000	0.001795
118	0.036014	0.000141	0.006785	0.103246	0.827917	0.024300	0.000002	0.000000	0.001595
119	0.033899	0.000145	0.006330	0.103225	0.830490	0.024490	0.000002	0.000000	0.001419
120	0.031662	0.000124	0.005935	0.103580	0.832748	0.024610	0.000000	0.000000	0.001341
121	0.029735	0.000102	0.005563	0.104146	0.834745	0.024529	0.000000	0.000000	0.001180
122	0.028036	0.000105	0.005254	0.104045	0.837039	0.024485	0.000000	0.000000	0.001036
123	0.026498	0.000097	0.004954	0.104217	0.838586	0.024714	0.000000	0.000000	0.000934
124	0.024872	0.000083	0.004565	0.104227	0.840736	0.024670	0.000000	0.000000	0.000847
125	0.023288	0.000082	0.004304	0.103996	0.842839	0.024726	0.000000	0.000000	0.000765
126	0.021702	0.000072	0.004024	0.104300	0.844409	0.024778	0.000000	0.000000	0.000715
127	0.020345	0.000075	0.003708	0.103744	0.846815	0.024670	0.000000	0.000000	0.000643
128	0.018870	0.000068	0.003499	0.104182	0.848073	0.024689	0.000000	0.000000	0.000619
129	0.017478	0.000064	0.003234	0.104323	0.849770	0.024540	0.000000	0.000000	0.000591
130	0.016343	0.000051	0.002981	0.104310	0.851258	0.024545	0.000000	0.000000	0.000512
131	0.015213	0.000046	0.002775	0.104559	0.852275	0.024655	0.000000	0.000000	0.000477
132	0.014135	0.000045	0.002585	0.104513	0.853633	0.024667	0.000000	0.000000	0.000422
133	0.013219	0.000032	0.002377	0.104528	0.854976	0.024491	0.000000	0.000000	0.000377
134	0.012260	0.000035	0.002240	0.104560	0.855925	0.024670	0.000000	0.000000	0.000310
135	0.011368	0.000032	0.002057	0.104540	0.857040	0.024682	0.000000	0.000000	0.000281
136	0.010564	0.000029	0.001891	0.104479	0.858030	0.024745	0.000000	0.000000	0.000262
137	0.009886	0.000023	0.001710	0.104338	0.858953	0.024841	0.000000	0.000000	0.000249
138	0.009260	0.000024	0.001632	0.104509	0.859621	0.024731	0.000000	0.000000	0.000223
139	0.008690	0.000017	0.001510	0.104261	0.860397	0.024905	0.000000	0.000000	0.000220
140	0.008069	0.000020	0.001379	0.104205	0.861277	0.024845	0.000000	0.000000	0.000205
141	0.007481	0.000016	0.001301	0.104707	0.861578	0.024731	0.000000	0.000000	0.000186
142	0.006901	0.000013	0.001261	0.104792	0.862019	0.024832	0.000000	0.000000	0.000182
143	0.006448	0.000012	0.001099	0.104844	0.862786	0.024647	0.000000	0.000000	0.000164
144	0.005971	0.000014	0.000990	0.104843	0.863262	0.024778	0.000000	0.000000	0.000142
145	0.005507	0.000009	0.000935	0.105053	0.863767	0.024605	0.000000	0.000000	0.000124
146	0.005139	0.000007	0.000857	0.104874	0.864183	0.024803	0.000000	0.000000	0.000137
147	0.004677	0.000006	0.000833	0.104623	0.865041	0.024690	0.000000	0.000000	0.000130
148	0.004293	0.000005	0.000744	0.104528	0.865523	0.024788	0.000000	0.000000	0.000119
149	0.003979	0.000003	0.000698	0.104582	0.865709	0.024927	0.000000	0.000000	0.000102
150	0.003659	0.000003	0.000649	0.104553	0.866146	0.024864	0.000000	0.000000	0.000126
151	0.003243	0.000005	0.000619	0.104654	0.866493	0.024882	0.000000	0.000000	0.000104
152	0.002982	0.000004	0.000573	0.104676	0.866726	0.024937	0.000000	0.000000	0.000102
153	0.002677	0.000002	0.000556	0.105127	0.866547	0.025003	0.000000	0.000000	0.000088
154	0.002484	0.000002	0.000540	0.105006	0.866895	0.024984	0.000000	0.000000	0.000089
155	0.002276	0.000003	0.000509	0.104824	0.867353	0.024931	0.000000	0.000000	0.000104
156	0.002055	0.000001	0.000499	0.105147	0.866958	0.025241	0.000000	0.000000	0.000099
157	0.001846	0.000000	0.000416	0.105014	0.867326	0.025307	0.000000	0.000000	0.000091
158	0.001672	0.000000	0.000405	0.105494	0.867031	0.025311	0.000000	0.000000	0.000087
159	0.001538	0.000000	0.000382	0.105313	0.867667	0.025017	0.000000	0.000000	0.000083
160	0.001370	0.000000	0.000373	0.105170	0.867786	0.025217	0.000000	0.000000	0.000084
161	0.001212	0.000000	0.000357	0.105384	0.867901	0.025080	0.000000	0.000000	0.000066
162	0.001087	0.000000	0.000344	0.105647	0.867882	0.024983	0.000000	0.000000	0.000057
163	0.000996	0.000000	0.000297	0.105618	0.868059	0.024983	0.000000	0.000000	0.000047
164	0.000919	0.000000	0.000283	0.106000	0.867640	0.025115	0.000000	0.000000	0.000043
165	0.000857	0.000000	0.000266	0.106128	0.867531	0.025169	0.000000	0.000000	0.000049
166	0.000779	0.000000	0.000218	0.105764	0.867970	0.025215	0.000000	0.000000	0.000054
167	0.000718	0.000000	0.000219	0.105807	0.868181	0.025027	0.000000	0.000000	0.000048
168	0.000693	0.000000	0.000211	0.105893	0.867986	0.025171	0.000000	0.000000	0.000046
169	0.000585	0.000000	0.000213	0.106327	0.867691	0.025136	0.000000	0.000000	0.000048
170	0.000489	0.000000	0.000176	0.106499	0.867570	0.025230	0.000000	0.000000	0.000036
171	0.000442	0.000000	0.000171	0.106472	0.867685	0.025189	0.000000	0.000000	0.000041
172	0.000392	0.000000	0.000158	0.106639	0.867772	0.025008	0.000000	0.000000	0.000031
173	0.000370	0.000000	0.000145	0.106197	0.868299	0.024959	0.000000	0.000000	0.000030
174	0.000333	0.000000	0.000130	0.106319	0.868354	0.024825	0.000000	0.000000	0.000039
175	0.000290	0.000000	0.000121	0.106709	0.867726	0.025122	0.000000	0.000000	0.000032
176	0.000247	0.000000	0.000104	0.106675	0.868062	0.024872	0.000000	0.000000	0.000040
177	0.000202	0.000000	0.000102	0.106581	0.868342	0.024738	0.000000	0.000000	0.000035
178	0.000183	0.000000	0.000108	0.106318	0.868524	0.024840	0.000000	0.000000	0.000027
179	0.000157	0.000000	0.000107	0.106349	0.868745	0.024609	0.000000	0.000000	0.000033
180	0.000144	0.000000	0.000092	0.106668	0.868413	0.024652	0.000000	0.000000	0.000031
181	0.000138	0.000000	0.000084	0.107101	0.867939	0.024711	0.000000	0.000000	0.000027
182	0.000129	0.000000	0.000082	0.106856	0.868089	0.024814	0.000000	0.000000	0.000030
183	0.000137	0.000000	0.000070	0.107171	0.868095	0.024499	0.000000	0.000000	0.000028
184	0.000119	0.000000	0.000076	0.106983	0.868342	0.024454	0.000000	0.000000	0.000026
185	0.000102	0.000000	0.000066	0.106971	0.868325	0.024514	0.000000	0.000000	0.000022
186	0.000090	0.000000	0.000055	0.106783	0.868449	0.024599	0.000000	0.000000	0.000024
187	0.000069	0.000000	0.000055	0.107140	0.868421	0.024293	0.000000	0.000000	0.000022
188	0.000065	0.000000	0.000047	0.107176	0.868355	0.024335	0.000000	0.000000	0.000022
189	0.000056	0.000000	0.000055	0.106885	0.868435	0.024553	0.000000	0.000000	0.000016
190	0.000053	0.000000	0.000038	0.106732	0.868523	0.024638	0.000000	0.000000	0.000016
191	0.000053	0.000000	0.000035	0.106568	0.868753	0.024575	0.000000	0.000000	0.000016
192	0.000043	0.000000	0.000029	0.106832	0.868457	0.024624	0.000000	0.000000	0.000015
193	0.000035	0.000000	0.000031	0.106723	0.868532	0.024670	0.000000	0.000000	0.000009
194	0.000034	0.000000	0.000027	0.106859	0.868375	0.024695	0.000000	0.000000	0.000010
195	0.000028	0.000000	0.000024	0.106950	0.868467	0.024522	0.000000	0.000000	0.000009
196	0.000021	0.000000	0.000021	0.106707	0.868663	0.024581	0.000000	0.000000	0.000007
197	0.000016	0.000000	0.000024	0.106491	0.869035	0.024431	0.000000	0.000000	0.000003
198	0.000012	0.000000	0.000027	0.105994	0.869652	0.024312	0.000000	0.000000	0.000003
199	0.000011	0.000000	0.000024	0.106210	0.869191	0.024561	0.000000	0.000000	0.000003
200	0.000012	0.000000	0.000023	0.106490	0.869130	0.024343	0.000000	0.000000	0.000002
201	0.000012	0.000000	0.000019	0.106717	0.869207	0.024044	0.000000	0.000000	0.000001
202	0.000012	0.000000	0.000018	0.106376	0.869491	0.024102	0.000000	0.000000	0.000001
203	0.000009	0.000000	0.000021	0.106476	0.869670	0.023824	0.000000	0.000000	0.000000
204	0.000007	0.000000	0.000015	0.106185	0.869800	0.023993	0.000000	0.000000	0.000000
205	0.000007	0.000000	0.000014	0.106338	0.869495	0.024146	0.000000	0.000000	0.000000
206	0.000009	0.000000	0.000013	0.106215	0.869418	0.024345	0.000000	0.000000	0.000000
207	0.000007	0.000000	0.000014	0.106295	0.869200	0.024484	0.000000	0.000000	0.000000
208	0.000006	0.000000	0.000009	0.106180	0.869372	0.024433	0.000000	0.000000	0.000000
209	0.000007	0.000000	0.000009	0.106051	0.869679	0.024254	0.000000	0.000000	0.000000
210	0.000005	0.000000	0.000010	0.105858	0.869844	0.024283	0.000000	0.000000	0.000000
211	0.000003	0.000000	0.000012	0.105928	0.869886	0.024171	0.000000	0.000000	0.000000
212	0.000004	0.000000	0.000009	0.105903	0.870031	0.024053	0.000000	0.000000	0.000000
213	0.000002	0.000000	0.000008	0.105816	0.869983	0.024191	0.000000	0.000000	0.000000
214	0.000001	0.000000	0.000013	0.105822	0.870054	0.024110	0.000000	0.000000	0.000000
215	0.000002	0.000000	0.000008	0.105630	0.870223	0.024137	0.000000	0.000000	0.000000
216	0.000003	0.000000	0.000010	0.105690	0.870134	0.024163	0.000000	0.000000	0.000000
217	0.000001	0.000000	0.000011	0.105380	0.870466	0.024142	0.000000	0.000000	0.000000
218	0.000001	0.000000	0.000013	0.105246	0.870564	0.024176	0.000000	0.000000	0.000000
219	0.000002	0.000000	0.000013	0.105351	0.870780	0.023854	0.000000	0.000000	0.000000
220	0.000001	0.000000	0.000017	0.105340	0.870490	0.024152	0.000000	0.000000	0.000000
221	0.000003	0.000000	0.000018	0.105824	0.869754	0.024401	0.000000	0.000000	0.000000
222	0.000003	0.000000	0.000015	0.106125	0.869587	0.024270	0.000000	0.000000	0.000000
223	0.000007	0.000000	0.000013	0.106382	0.869336	0.024262	0.000000	0.000000	0.000000
224	0.000007	0.000000	0.000010	0.106432	0.869137	0.024414	0.000000	0.000000	0.000000
225	0.000008	0.000000	0.000010	0.106241	0.869481	0.024260	0.000000	0.000000	0.000000
226	0.000005	0.000000	0.000009	0.106376	0.869444	0.024166	0.000000	0.000000	0.000000
227	0.000004	0.000000	0.000012	0.106366	0.869397	0.024221	0.000000	0.000000	0.000000
228	0.000003	0.000000	0.000013	0.106195	0.869532	0.024257	0.000000	0.000000	0.000000
229	0.000001	0.000000	0.000008	0.106377	0.869248	0.024366	0.000000	0.000000	0.000000
230	0.000001	0.000000	0.000010	0.106238	0.869566	0.024185	0.000000	0.000000	0.000000
231	0.000000	0.000000	0.000011	0.106365	0.869542	0.024082	0.000000	0.000000	0.000000
232	0.000000	0.000000	0.000011	0.106079	0.869954	0.023956	0.000000	0.000000	0.000000
233	0.000000	0.000000	0.000009	0.106213	0.869876	0.023902	0.000000	0.000000	0.000000
234	0.000000	0.000000	0.000010	0.106298	0.869683	0.024009	0.000000	0.000000	0.000000
235	0.000000	0.000000	0.000011	0.106371	0.869643	0.023975	0.000000	0.000000	0.000000
236	0.000000	0.000000	0.000006	0.106094	0.869750	0.024150	0.000000	0.000000	0.000000
237	0.000000	0.000000	0.000004	0.106214	0.869751	0.024031	0.000000	0.000000	0.000000
238	0.000000	0.000000	0.000001	0.106108	0.869812	0.024079	0.000000	0.000000	0.000000
239	0.000000	0.000000	0.000001	0.105907	0.869775	0.024317	0.000000	0.000000	0.000000
240	0.000000	0.000000	0.000000	0.105858	0.869747	0.024395	0.000000	0.000000	0.000000
241	0.000000	0.000000	0.000000	0.105731	0.869698	0.024571	0.000000	0.000000	0.000000
242	0.000000	0.000000	0.000000	0.105994	0.869529	0.024477	0.000000	0.000000	0.000000
243	0.000000	0.000000	0.000000	0.105929	0.869617	0.024454	0.000000	0.000000	0.000000
244	0.000000	0.000000	0.000000	0.105745	0.869767	0.024488	0.000000	0.000000	0.000000
245	0.000000	0.000000	0.000000	0.105540	0.870035	0.024425	0.000000	0.000000	0.000000
246	0.000000	0.000000	0.000000	0.105448	0.870047	0.024505	0.000000	0.000000	0.000000
247	0.000000	0.000000	0.000000	0.105535	0.869964	0.024501	0.000000	0.000000	0.000000
248	0.000000	0.000000	0.000000	0.105707	0.869964	0.024329	0.000000	0.000000	0.000000
249	0.000000	0.000000	0.000000	0.105688	0.869780	0.024532	0.000000	0.000000	0.000000
250	0.000000	0.000000	0.000000	0.105992	0.869322	0.024686	0.000000	0.000000	0.000000
251	0.000000	0.000000	0.000000	0.106175	0.869229	0.024596	0.000000	0.000000	0.000000
252	0.000000	0.000000	0.000000	0.106134	0.869170	0.024696	0.000000	0.000000	0.000000
253	0.000000	0.000000	0.000000	0.106071	0.869178	0.024751	0.000000	0.000000	0.000000
254	0.000000	0.000000	0.000000	0.105944	0.869191	0.024865	0.000000	0.000000	0.000000
255	0.000000	0.000000	0.000000	0.105843	0.869232	0.024925	0.000000	0.000000	0.000000
256	0.000000	0.000000	0.000000	0.106034	0.869008	0.024958	0.000000	0.000000	0.000000
257	0.000000	0.000000	0.000000	0.106108	0.869089	0.024803	0.000000	0.000000	0.000000
258	0.000000	0.000000	0.000000	0.106252	0.868695	0.025053	0.000000	0.000000	0.000000
259	0.000000	0.000000	0.000000	0.105788	0.869019	0.025193	0.000000	0.000000	0.000000
260	0.000000	0.000000	0.000000	0.105917	0.868854	0.025229	0.000000	0.000000	0.000000
261	0.000000	0.000000	0.000000	0.105714	0.869209	0.025077	0.000000	0.000000	0.000000
262	0.000000	0.000000	0.000000	0.105592	0.869425	0.024983	0.000000	0.000000	0.000000
263	0.000000	0.000000	0.000000	0.105723	0.869206	0.025071	0.000000	0.000000	0.000000
264	0.000000	0.000000	0.000000	0.105636	0.869252	0.025112	0.000000	0.000000	0.000000
265	0.000000	0.000000	0.000000	0.105831	0.869207	0.024962	0.000000	0.000000	0.000000
266	0.000000	0.000000	0.000000	0.105807	0.869086	0.025107	0.000000	0.000000	0.000000
267	0.000000	0.000000	0.000000	0.105723	0.869049	0.025228	0.000000	0.000000	0.000000
268	0.000000	0.000000	0.000000	0.105727	0.869143	0.025130	0.000000	0.000000	0.000000
269	0.000000	0.000000	0.000000	0.106056	0.868764	0.025180	0.000000	0.000000	0.000000
270	0.000000	0.000000	0.000000	0.106192	0.868787	0.025021	0.000000	0.000000	0.000000
271	0.000000	0.000000	0.000000	0.106410	0.868473	0.025117	0.000000	0.000000	0.000000
272	0.000000	0.000000	0.000000	0.106217	0.868691	0.025092	0.000000	0.000000	0.000000
273	0.000000	0.000000	0.000000	0.106069	0.868889	0.025042	0.000000	0.000000	0.000000
274	0.000000	0.000000	0.000000	0.106208	0.868514	0.025278	0.000000	0.000000	0.000000
275	0.000000	0.000000	0.000000	0.105784	0.869015	0.025201	0.000000	0.000000	0.000000
276	0.000000	0.000000	0.000000	0.105578	0.869159	0.025263	0.000000	0.000000	0.000000
277	0.000000	0.000000	0.000000	0.105532	0.869358	0.025110	0.000000	0.000000	0.000000
278	0.000000	0.000000	0.000000	0.105876	0.869052	0.025072	0.000000	0.000000	0.000000
279	0.000000	0.000000	0.000000	0.105791	0.869128	0.025081	0.000000	0.000000	0.000000
280	0.000000	0.000000	0.000000	0.105916	0.868896	0.025188	0.000000	0.000000	0.000000
281	0.000000	0.000000	0.000000	0.105687	0.869337	0.024976	0.000000	0.000000	0.000000
282	0.000000	0.000000	0.000000	0.105911	0.869212	0.024877	0.000000	0.000000	0.000000
283	0.000000	0.000000	0.000000	0.105703	0.869377	0.024920	0.000000	0.000000	0.000000
284	0.000000	0.000000	0.000000	0.105693	0.869157	0.025150	0.000000	0.000000	0.000000
285	0.000000	0.000000	0.000000	0.106044	0.868892	0.025064	0.000000	0.000000	0.000000
286	0.000000	0.000000	0.000000	0.106061	0.868983	0.024956	0.000000	0.000000	0.000000
287	0.000000	0.000000	0.000000	0.105684	0.869293	0.025023	0.000000	0.000000	0.000000
288	0.000000	0.000000	0.000000	0.105522	0.869532	0.024946	0.000000	0.000000	0.000000
289	0.000000	0.000000	0.000000	0.105215	0.869749	0.025036	0.000000	0.000000	0.000000
290	0.000000	0.000000	0.000000	0.105289	0.869576	0.025135	0.000000	0.000000	0.000000
291	0.000000	0.000000	0.000000	0.105305	0.869623	0.025072	0.000000	0.000000	0.000000
292	0.000000	0.000000	0.000000	0.105269	0.869985	0.024746	0.000000	0.000000	0.000000
293	0.000000	0.000000	0.000000	0.105490	0.869660	0.024850	0.000000	0.000000	0.000000
294	0.000000	0.000000	0.000000	0.105246	0.870132	0.024622	0.000000	0.000000	0.000000
295	0.000000	0.000000	0.000000	0.105394	0.869902	0.024704	0.000000	0.000000	0.000000
296	0.000000	0.000000	0.000000	0.105296	0.870003	0.024701	0.000000	0.000000	0.000000
297	0.000000	0.000000	0.000000	0.105266	0.870189	0.024545	0.000000	0.000000	0.000000
298	0.000000	0.000000	0.000000	0.105404	0.869917	0.024679	0.000000	0.000000	0.000000
299	0.000000	0.000000	0.000000	0.105318	0.869981	0.024701	0.000000	0.000000	0.000000
300	0.000000	0.000000	0.000000	0.105615	0.869663	0.024722	0.000000	0.000000	0.000000
301	0.000000	0.000000	0.000000	0.105455	0.869797	0.024748	0.000000	0.000000	0.000000
302	0.000000	0.000000	0.000000	0.105805	0.869244	0.024951	0.000000	0.000000	0.000000
303	0.000000	0.000000	0.000000	0.105925	0.868931	0.025144	0.000000	0.000000	0.000000
304	0.000000	0.000000	0.000000	0.106054	0.868920	0.025026	0.000000	0.000000	0.000000
305	0.000000	0.000000	0.000000	0.105904	0.868993	0.025103	0.000000	0.000000	0.000000
306	0.000000	0.000000	0.000000	0.105700	0.869437	0.024863	0.000000	0.000000	0.000000
307	0.000000	0.000000	0.000000	0.105290	0.869635	0.025075	0.000000	0.000000	0.000000
308	0.000000	0.000000	0.000000	0.105353	0.869548	0.025099	0.000000	0.000000	0.000000
309	0.000000	0.000000	0.000000	0.105536	0.869488	0.024976	0.000000	0.000000	0.000000
310	0.000000	0.000000	0.000000	0.105822	0.868994	0.025184	0.000000	0.000000	0.000000
311	0.000000	0.000000	0.000000	0.105673	0.869172	0.025155	0.000000	0.000000	0.000000
312	0.000000	0.000000	0.000000	0.106112	0.868727	0.025161	0.000000	0.000000	0.000000
313	0.000000	0.000000	0.000000	0.106044	0.868761	0.025195	0.000000	0.000000	0.000000
314	0.000000	0.000000	0.000000	0.105900	0.868857	0.025243	0.000000	0.000000	0.000000
315	0.000000	0.000000	0.000000	0.106036	0.868709	0.025255	0.000000	0.000000	0.000000
316	0.000000	0.000000	0.000000	0.106024	0.868825	0.025151	0.000000	0.000000	0.000000
317	0.000000	0.000000	0.000000	0.105769	0.869142	0.025089	0.000000	0.000000	0.000000
318	0.000000	0.000000	0.000000	0.106095	0.868640	0.025265	0.000000	0.000000	0.000000
319	0.000000	0.000000	0.000000	0.106338	0.868544	0.025118	0.000000	0.000000	0.000000
320	0.000000	0.000000	0.000000	0.106222	0.868668	0.025110	0.000000	0.000000	0.000000
321	0.000000	0.000000	0.000000	0.106093	0.868944	0.024963	0.000000	0.000000	0.000000
322	0.000000	0.000000	0.000000	0.106497	0.868590	0.024913	0.000000	0.000000	0.000000
323	0.000000	0.000000	0.000000	0.106207	0.868924	0.024869	0.000000	0.000000	0.000000
324	0.000000	0.000000	0.000000	0.106458	0.868642	0.024900	0.000000	0.000000	0.000000
325	0.000000	0.000000	0.000000	0.106417	0.868611	0.024972	0.000000	0.000000	0.000000
326	0.000000	0.000000	0.000000	0.106075	0.869054	0.024871	0.000000	0.000000	0.000000
327	0.000000	0.000000	0.000000	0.105830	0.869300	0.024870	0.000000	0.000000	0.000000
328	0.000000	0.000000	0.000000	0.105666	0.869408	0.024926	0.000000	0.000000	0.000000
329	0.000000	0.000000	0.000000	0.105605	0.869572	0.024823	0.000000	0.000000	0.000000
330	0.000000	0.000000	0.000000	0.105558	0.869641	0.024801	0.000000	0.000000	0.000000
331	0.000000	0.000000	0.000000	0.105681	0.869553	0.024766	0.000000	0.000000	0.000000
332	0.000000	0.000000	0.000000	0.105425	0.869645	0.024930	0.000000	0.000000	0.000000
333	0.000000	0.000000	0.000000	0.105741	0.869473	0.024786	0.000000	0.000000	0.000000
334	0.000000	0.000000	0.000000	0.105360	0.869824	0.024816	0.000000	0.000000	0.000000
335	0.000000	0.000000	0.000000	0.105427	0.869754	0.024819	0.000000	0.000000	0.000000
336	0.000000	0.000000	0.000000	0.105407	0.869732	0.024861	0.000000	0.000000	0.000000
337	0.000000	0.000000	0.000000	0.105494	0.869695	0.024811	0.000000	0.000000	0.000000
338	0.000000	0.000000	0.000000	0.105359	0.869808	0.024833	0.000000	0.000000	0.000000
339	0.000000	0.000000	0.000000	0.105291	0.870080	0.024629	0.000000	0.000000	0.000000
340	0.000000	0.000000	0.000000	0.105395	0.869728	0.024877	0.000000	0.000000	0.000000
341	0.000000	0.000000	0.000000	0.105155	0.869756	0.025089	0.000000	0.000000	0.000000
342	0.000000	0.000000	0.000000	0.104981	0.869752	0.025267	0.000000	0.000000	0.000000
343	0.000000	0.000000	0.000000	0.105151	0.869709	0.025140	0.000000	0.000000	0.000000
344	0.000000	0.000000	0.000000	0.105228	0.869600	0.025172	0.000000	0.000000	0.000000
345	0.000000	0.000000	0.000000	0.105534	0.869626	0.024840	0.000000	0.000000	0.000000
346	0.000000	0.000000	0.000000	0.105268	0.869726	0.025006	0.000000	0.000000	0.000000
347	0.000000	0.000000	0.000000	0.105185	0.869794	0.025021	0.000000	0.000000	0.000000
348	0.000000	0.000000	0.000000	0.105583	0.869264	0.025153	0.000000	0.000000	0.000000
349	0.000000	0.000000	0.000000	0.105530	0.869225	0.025245	0.000000	0.000000	0.000000
350	0.000000	0.000000	0.000000	0.105602	0.869312	0.025086	0.000000	0.000000	0.000000
351	0.000000	0.000000	0.000000	0.105506	0.869396	0.025098	0.000000	0.000000	0.000000
352	0.000000	0.000000	0.000000	0.105473	0.869485	0.025042	0.000000	0.000000	0.000000
353	0.000000	0.000000	0.000000	0.105162	0.869788	0.025050	0.000000	0.000000	0.000000
354	0.000000	0.000000	0.000000	0.105458	0.869281	0.025261	0.000000	0.000000	0.000000
355	0.000000	0.000000	0.000000	0.105107	0.869911	0.024982	0.000000	0.000000	0.000000
356	0.000000	0.000000	0.000000	0.105251	0.869590	0.025159	0.000000	0.000000	0.000000
357	0.000000	0.000000	0.000000	0.104977	0.869858	0.025165	0.000000	0.000000	0.000000
358	0.000000	0.000000	0.000000	0.104703	0.870184	0.025113	0.000000	0.000000	0.000000
359	0.000000	0.000000	0.000000	0.104435	0.870340	0.025225	0.000000	0.000000	0.000000
360	0.000000	0.000000	0.000000	0.104094	0.870783	0.025123	0.000000	0.000000	0.000000
361	0.000000	0.000000	0.000000	0.104645	0.870198	0.025157	0.000000	0.000000	0.000000
362	0.000000	0.000000	0.000000	0.104781	0.869920	0.025299	0.000000	0.000000	0.000000
363	0.000000	0.000000	0.000000	0.104882	0.869878	0.025240	0.000000	0.000000	0.000000
364	0.000000	0.000000	0.000000	0.105226	0.869431	0.025343	0.000000	0.000000	0.000000
365	0.000000	0.000000	0.000000	0.105494	0.869385	0.025121	0.000000	0.000000	0.000000
366	0.000000	0.000000	0.000000	0.105521	0.869285	0.025194	0.000000	0.000000	0.000000
367	0.000000	0.000000	0.000000	0.105943	0.869155	0.024902	0.000000	0.000000	0.000000
368	0.000000	0.000000	0.000000	0.105885	0.869223	0.024892	0.000000	0.000000	0.000000
369	0.000000	0.000000	0.000000	0.105983	0.869283	0.024734	0.000000	0.000000	0.000000
370	0.000000	0.000000	0.000000	0.106246	0.868932	0.024822	0.000000	0.000000	0.000000
371	0.000000	0.000000	0.000000	0.106589	0.868558	0.024853	0.000000	0.000000	0.000000
372	0.000000	0.000000	0.000000	0.106791	0.868265	0.024944	0.000000	0.000000	0.000000
373	0.000000	0.000000	0.000000	0.106622	0.868332	0.025046	0.000000	0.000000	0.000000
374	0.000000	0.000000	0.000000	0.106735	0.868255	0.025010	0.000000	0.000000	0.000000
375	0.000000	0.000000	0.000000	0.106415	0.868617	0.024968	0.000000	0.000000	0.000000
376	0.000000	0.000000	0.000000	0.106571	0.868504	0.024925	0.000000	0.000000	0.000000
377	0.000000	0.000000	0.000000	0.106645	0.868509	0.024846	0.000000	0.000000	0.000000
378	0.000000	0.000000	0.000000	0.106359	0.868621	0.025020	0.000000	0.000000	0.000000
379	0.000000	0.000000	0.000000	0.106534	0.868367	0.025099	0.000000	0.000000	0.000000
380	0.000000	0.000000	0.000000	0.106327	0.868689	0.024984	0.000000	0.000000	0.000000
381	0.000000	0.000000	0.000000	0.106342	0.868713	0.024945	0.000000	0.000000	0.000000
382	0.000000	0.000000	0.000000	0.106288	0.868954	0.024758	0.000000	0.000000	0.000000
383	0.000000	0.000000	0.000000	0.106740	0.868262	0.024998	0.000000	0.000000	0.000000
384	0.000000	0.000000	0.000000	0.106889	0.868126	0.024985	0.000000	0.000000	0.000000
385	0.000000	0.000000	0.000000	0.107092	0.868056	0.024852	0.000000	0.000000	0.000000
386	0.000000	0.000000	0.000000	0.107258	0.867632	0.025110	0.000000	0.000000	0.000000
387	0.000000	0.000000	0.000000	0.107698	0.867286	0.025016	0.000000	0.000000	0.000000
388	0.000000	0.000000	0.000000	0.107005	0.867938	0.025057	0.000000	0.000000	0.000000
389	0.000000	0.000000	0.000000	0.107214	0.867779	0.025007	0.000000	0.000000	0.000000
390	0.000000	0.000000	0.000000	0.107310	0.867668	0.025022	0.000000	0.000000	0.000000
391	0.000000	0.000000	0.000000	0.107493	0.867475	0.025032	0.000000	0.000000	0.000000
392	0.000000	0.000000	0.000000	0.107174	0.867951	0.024875	0.000000	0.000000	0.000000
393	0.000000	0.000000	0.000000	0.107168	0.867904	0.024928	0.000000	0.000000	0.000000
394	0.000000	0.000000	0.000000	0.107363	0.867758	0.024879	0.000000	0.000000	0.000000
395	0.000000	0.000000	0.000000	0.107146	0.867921	0.024933	0.000000	0.000000	0.000000
396	0.000000	0.000000	0.000000	0.107551	0.867630	0.024819	0.000000	0.000000	0.000000
397	0.000000	0.000000	0.000000	0.107273	0.867750	0.024977	0.000000	0.000000	0.000000
398	0.000000	0.000000	0.000000	0.107019	0.868105	0.024876	0.000000	0.000000	0.000000
399	0.000000	0.000000	0.000000	0.106840	0.868199	0.024961	0.000000	0.000000	0.000000
400	0.000000	0.000000	0.000000	0.107075	0.867986	0.024939	0.000000	0.000000	0.000000
401	0.000000	0.000000	0.000000	0.106940	0.867961	0.025099	0.000000	0.000000	0.000000
402	0.000000	0.000000	0.000000	0.106991	0.867800	0.025209	0.000000	0.000000	0.000000
403	0.000000	0.000000	0.000000	0.107307	0.867360	0.025333	0.000000	0.000000	0.000000
404	0.000000	0.000000	0.000000	0.107017	0.867750	0.025233	0.000000	0.000000	0.000000
405	0.000000	0.000000	0.000000	0.106810	0.867970	0.025220	0.000000	0.000000	0.000000
406	0.000000	0.000000	0.000000	0.106901	0.868184	0.024915	0.000000	0.000000	0.000000
407	0.000000	0.000000	0.000000	0.107342	0.867516	0.025142	0.000000	0.000000	0.000000
408	0.000000	0.000000	0.000000	0.107186	0.867459	0.025355	0.000000	0.000000	0.000000
409	0.000000	0.000000	0.000000	0.107473	0.867193	0.025334	0.000000	0.000000	0.000000
410	0.000000	0.000000	0.000000	0.107443	0.866964	0.025593	0.000000	0.000000	0.000000
411	0.000000	0.000000	0.000000	0.107404	0.866877	0.025719	0.000000	0.000000	0.000000
412	0.000000	0.000000	0.000000	0.107490	0.866946	0.025564	0.000000	0.000000	0.000000
413	0.000000	0.000000	0.000000	0.107335	0.867000	0.025665	0.000000	0.000000	0.000000
414	0.000000	0.000000	0.000000	0.107705	0.866819	0.025476	0.000000	0.000000	0.000000
415	0.000000	0.000000	0.000000	0.107482	0.866658	0.025860	0.000000	0.000000	0.000000
416	0.000000	0.000000	0.000000	0.107617	0.866300	0.026083	0.000000	0.000000	0.000000
417	0.000000	0.000000	0.000000	0.107430	0.866589	0.025981	0.000000	0.000000	0.000000
418	0.000000	0.000000	0.000000	0.107304	0.866946	0.025750	0.000000	0.000000	0.000000
419	0.000000	0.000000	0.000000	0.107513	0.867032	0.025455	0.000000	0.000000	0.000000
420	0.000000	0.000000	0.000000	0.107838	0.866445	0.025717	0.000000	0.000000	0.000000
421	0.000000	0.000000	0.000000	0.107744	0.866520	0.025736	0.000000	0.000000	0.000000
422	0.000000	0.000000	0.000000	0.107711	0.866680	0.025609	0.000000	0.000000	0.000000
423	0.000000	0.000000	0.000000	0.107703	0.866694	0.025603	0.000000	0.000000	0.000000
424	0.000000	0.000000	0.000000	0.107637	0.866842	0.025521	0.000000	0.000000	0.000000
425	0.000000	0.000000	0.000000	0.107348	0.867020	0.025632	0.000000	0.000000	0.000000
426	0.000000	0.000000	0.000000	0.107233	0.867090	0.025677	0.000000	0.000000	0.000000
427	0.000000	0.000000	0.000000	0.107519	0.866740	0.025741	0.000000	0.000000	0.000000
428	0.000000	0.000000	0.000000	0.107237	0.866900	0.025863	0.000000	0.000000	0.000000
429	0.000000	0.000000	0.000000	0.107127	0.867122	0.025751	0.000000	0.000000	0.000000
430	0.000000	0.000000	0.000000	0.106995	0.867293	0.025712	0.000000	0.000000	0.000000
431	0.000000	0.000000	0.000000	0.107023	0.867389	0.025588	0.000000	0.000000	0.000000
432	0.000000	0.000000	0.000000	0.107315	0.866924	0.025761	0.000000	0.000000	0.000000
433	0.000000	0.000000	0.000000	0.107193	0.867065	0.025742	0.000000	0.000000	0.000000
434	0.000000	0.000000	0.000000	0.107243	0.866988	0.025769	0.000000	0.000000	0.000000
435	0.000000	0.000000	0.000000	0.107644	0.866430	0.025926	0.000000	0.000000	0.000000
436	0.000000	0.000000	0.000000	0.107420	0.866620	0.025960	0.000000	0.000000	0.000000
437	0.000000	0.000000	0.000000	0.107450	0.866491	0.026059	0.000000	0.000000	0.000000
438	0.000000	0.000000	0.000000	0.107618	0.866259	0.026123	0.000000	0.000000	0.000000
439	0.000000	0.000000	0.000000	0.108163	0.866040	0.025797	0.000000	0.000000	0.000000
440	0.000000	0.000000	0.000000	0.108011	0.865921	0.026068	0.000000	0.000000	0.000000
441	0.000000	0.000000	0.000000	0.108081	0.865935	0.025984	0.000000	0.000000	0.000000
442	0.000000	0.000000	0.000000	0.108221	0.865803	0.025976	0.000000	0.000000	0.000000
443	0.000000	0.000000	0.000000	0.108340	0.865558	0.026102	0.000000	0.000000	0.000000
444	0.000000	0.000000	0.000000	0.108102	0.866001	0.025897	0.000000	0.000000	0.000000
445	0.000000	0.000000	0.000000	0.108282	0.865691	0.026027	0.000000	0.000000	0.000000
446	0.000000	0.000000	0.000000	0.108467	0.865525	0.026008	0.000000	0.000000	0.000000
447	0.000000	0.000000	0.000000	0.108792	0.865337	0.025871	0.000000	0.000000	0.000000
448	0.000000	0.000000	0.000000	0.109000	0.865098	0.025902	0.000000	0.000000	0.000000
449	0.000000	0.000000	0.000000	0.108969	0.865384	0.025647	0.000000	0.000000	0.000000
450	0.000000	0.000000	0.000000	0.109050	0.865325	0.025625	0.000000	0.000000	0.000000
451	0.000000	0.000000	0.000000	0.109202	0.865313	0.025485	0.000000	0.000000	0.000000
452	0.000000	0.000000	0.000000	0.109318	0.864933	0.025749	0.000000	0.000000	0.000000
453	0.000000	0.000000	0.000000	0.109018	0.865191	0.025791	0.000000	0.000000	0.000000
454	0.000000	0.000000	0.000000	0.109081	0.865092	0.025827	0.000000	0.000000	0.000000
455	0.000000	0.000000	0.000000	0.108793	0.865239	0.025968	0.000000	0.000000	0.000000
456	0.000000	0.000000	0.000000	0.108681	0.865246	0.026073	0.000000	0.000000	0.000000
457	0.000000	0.000000	0.000000	0.108560	0.865748	0.025692	0.000000	0.000000	0.000000
458	0.000000	0.000000	0.000000	0.108727	0.865566	0.025707	0.000000	0.000000	0.000000
459	0.000000	0.000000	0.000000	0.108548	0.865715	0.025737	0.000000	0.000000	0.000000
460	0.000000	0.000000	0.000000	0.108089	0.865965	0.025946	0.000000	0.000000	0.000000
461	0.000000	0.000000	0.000000	0.108208	0.866013	0.025779	0.000000	0.000000	0.000000
462	0.000000	0.000000	0.000000	0.108533	0.865669	0.025798	0.000000	0.000000	0.000000
463	0.000000	0.000000	0.000000	0.108341	0.865691	0.025968	0.000000	0.000000	0.000000
464	0.000000	0.000000	0.000000	0.108353	0.865681	0.025966	0.000000	0.000000	0.000000
465	0.000000	0.000000	0.000000	0.108063	0.865831	0.026106	0.000000	0.000000	0.000000
466	0.000000	0.000000	0.000000	0.108293	0.865579	0.026128	0.000000	0.000000	0.000000
467	0.000000	0.000000	0.000000	0.108809	0.865208	0.025983	0.000000	0.000000	0.000000
468	0.000000	0.000000	0.000000	0.108801	0.865227	0.025972	0.000000	0.000000	0.000000
469	0.000000	0.000000	0.000000	0.108766	0.865258	0.025976	0.000000	0.000000	0.000000
470	0.000000	0.000000	0.000000	0.109159	0.864923	0.025918	0.000000	0.000000	0.000000
