0	0.290663	0.057897	0.229473	0.157588	0.029913	0.111872	0.085455	0.012259	0.024880
1	0.210592	0.044099	0.186287	0.143274	0.029154	0.124866	0.134405	0.025962	0.101361
2	0.194660	0.040647	0.170390	0.140007	0.030089	0.121884	0.149068	0.028691	0.124564
3	0.184708	0.038114	0.156460	0.138441	0.031195	0.117222	0.159950	0.030495	0.143415
4	0.176962	0.035667	0.143996	0.137182	0.032608	0.111786	0.168347	0.031684	0.161768
5	0.171086	0.033331	0.132064	0.135442	0.034327	0.106419	0.175656	0.032491	0.179184
6	0.166051	0.031265	0.120340	0.134430	0.036134	0.099740	0.182702	0.033061	0.196277
7	0.160755	0.029589	0.109883	0.133409	0.038057	0.094027	0.187841	0.033396	0.213043
8	0.156333	0.027869	0.100273	0.132457	0.040094	0.087978	0.192300	0.033624	0.229072
9	0.152221	0.025996	0.091324	0.131722	0.042502	0.082678	0.195695	0.033462	0.244400
10	0.148282	0.024287	0.083378	0.130433	0.044623	0.077103	0.199229	0.033380	0.259285
11	0.144242	0.022912	0.075767	0.129229	0.046787	0.071635	0.201567	0.033397	0.274464
12	0.140213	0.021405	0.069232	0.128315	0.049432	0.066449	0.203421	0.033415	0.288118
13	0.136275	0.020289	0.062765	0.127556	0.051971	0.061915	0.204987	0.033127	0.301115
14	0.132511	0.019029	0.057010	0.127347	0.054662	0.057404	0.205864	0.032666	0.313507
15	0.128762	0.017984	0.051465	0.126639	0.057360	0.053265	0.206626	0.032467	0.325432
16	0.125713	0.016958	0.046636	0.125226	0.060396	0.049690	0.206761	0.031804	0.336816
17	0.122434	0.016070	0.042403	0.124183	0.063093	0.046254	0.206866	0.031146	0.347551
18	0.119190	0.015063	0.038481	0.123065	0.065976	0.042500	0.206969	0.030300	0.358456
19	0.116316	0.014208	0.034869	0.121532	0.069127	0.039559	0.205968	0.029761	0.368660
20	0.113399	0.013359	0.031557	0.120440	0.072113	0.036896	0.204918	0.029206	0.378112
21	0.110701	0.012372	0.028527	0.119168	0.075214	0.033937	0.204220	0.028461	0.387400
22	0.108162	0.011610	0.025822	0.117507	0.078613	0.031658	0.202636	0.027519	0.396473
23	0.105652	0.010962	0.023175	0.116027	0.082181	0.029142	0.200761	0.026822	0.405278
24	0.102608	0.010229	0.020945	0.114668	0.085406	0.027028	0.199215	0.026329	0.413572
25	0.099953	0.009640	0.018823	0.113491	0.088564	0.024783	0.197763	0.025725	0.421258
26	0.096999	0.009228	0.016770	0.111786	0.092038	0.023146	0.196087	0.025128	0.428818
27	0.094064	0.008627	0.015037	0.110407	0.095836	0.021329	0.193609	0.024395	0.436696
28	0.091152	0.007949	0.013598	0.109126	0.099603	0.019634	0.191131	0.023696	0.444111
29	0.088761	0.007508	0.012101	0.107312	0.103185	0.018102	0.188908	0.023142	0.450981
30	0.086018	0.007074	0.010989	0.105337	0.106657	0.016812	0.186990	0.022314	0.457809
31	0.083488	0.006642	0.010002	0.103788	0.109992	0.015694	0.184525	0.021729	0.464140
32	0.080883	0.006260	0.009044	0.102328	0.113923	0.014463	0.181981	0.021039	0.470079
33	0.078511	0.005875	0.008194	0.100620	0.117444	0.013172	0.179497	0.020602	0.476085
34	0.075916	0.005538	0.007332	0.098395	0.120956	0.012239	0.177111	0.020076	0.482437
35	0.073168	0.005155	0.006583	0.096488	0.124718	0.011086	0.174676	0.019528	0.488598
36	0.070862	0.004745	0.005908	0.095163	0.128408	0.010418	0.171969	0.018914	0.493613
37	0.068032	0.004497	0.005360	0.092967	0.131969	0.009610	0.170013	0.018399	0.499153
38	0.065569	0.004101	0.004818	0.091335	0.135906	0.008974	0.167779	0.017845	0.503673
39	0.063193	0.003818	0.004352	0.089570	0.139708	0.008171	0.165671	0.017459	0.508058
40	0.060950	0.003581	0.003932	0.087321	0.143634	0.007587	0.163039	0.016790	0.513166
41	0.058708	0.003356	0.003472	0.085254	0.147512	0.007105	0.160566	0.016333	0.517694
42	0.056581	0.003156	0.003009	0.083510	0.151161	0.006574	0.158142	0.015916	0.521951
43	0.054360	0.002938	0.002680	0.081789	0.154887	0.006077	0.155855	0.015699	0.525715
44	0.052321	0.002749	0.002392	0.080128	0.158029	0.005638	0.153799	0.015316	0.529628
45	0.050491	0.002547	0.002162	0.078114	0.161599	0.005136	0.151553	0.014954	0.533444
46	0.048545	0.002309	0.001896	0.076531	0.165322	0.004743	0.149236	0.014418	0.537000
47	0.046602	0.002101	0.001666	0.074529	0.169089	0.004417	0.147091	0.014151	0.540354
48	0.044730	0.001948	0.001457	0.072898	0.172793	0.004063	0.144654	0.013717	0.543740
49	0.042883	0.001767	0.001285	0.071409	0.176440	0.003744	0.142441	0.013335	0.546696
50	0.040897	0.001653	0.001148	0.069876	0.180018	0.003436	0.140415	0.013194	0.549363
51	0.039006	0.001507	0.001021	0.068156	0.183774	0.003301	0.138063	0.012774	0.552398
52	0.037272	0.001387	0.000938	0.066603	0.187125	0.003078	0.135903	0.012496	0.555198
53	0.035509	0.001317	0.000844	0.064962	0.190769	0.002866	0.133876	0.012230	0.557627
54	0.034100	0.001111	0.000746	0.063603	0.194133	0.002569	0.131879	0.011853	0.560006
55	0.032337	0.001040	0.000717	0.062111	0.197422	0.002318	0.129659	0.011578	0.562818
56	0.030722	0.000940	0.000617	0.060569	0.201090	0.002142	0.127885	0.011457	0.564578
57	0.029302	0.000867	0.000553	0.059262	0.204739	0.001940	0.125877	0.011058	0.566402
58	0.027928	0.000816	0.000497	0.057864	0.207923	0.001823	0.123890	0.010719	0.568540
59	0.026743	0.000772	0.000440	0.056363	0.211581	0.001665	0.122055	0.010536	0.569845
60	0.025325	0.000715	0.000369	0.055123	0.214970	0.001435	0.120068	0.010406	0.571589
61	0.024104	0.000657	0.000333	0.053986	0.217871	0.001328	0.118350	0.010018	0.573353
62	0.023049	0.000608	0.000286	0.052861	0.220885	0.001259	0.116490	0.009902	0.574660
63	0.021921	0.000578	0.000259	0.051324	0.224651	0.001165	0.114508	0.009555	0.576039
64	0.020915	0.000519	0.000253	0.049908	0.227903	0.001075	0.113107	0.009142	0.577178
65	0.019803	0.000479	0.000234	0.048804	0.231071	0.001048	0.111096	0.008872	0.578593
66	0.018830	0.000462	0.000215	0.047447	0.234196	0.000966	0.108924	0.008715	0.580245
67	0.017884	0.000443	0.000187	0.046268	0.237649	0.000878	0.107087	0.008469	0.581135
68	0.017078	0.000432	0.000165	0.045004	0.241125	0.000814	0.105286	0.008227	0.581869
69	0.016163	0.000412	0.000151	0.043824	0.244301	0.000752	0.103499	0.008169	0.582729
70	0.015438	0.000396	0.000140	0.042515	0.247322	0.000723	0.102148	0.007929	0.583389
71	0.014536	0.000361	0.000129	0.041200	0.250372	0.000668	0.100777	0.007655	0.584302
72	0.013905	0.000348	0.000106	0.040022	0.254201	0.000652	0.099303	0.007554	0.583909
73	0.013284	0.000343	0.000090	0.039040	0.257237	0.000603	0.097551	0.007437	0.584415
74	0.012505	0.000322	0.000062	0.038353	0.260413	0.000548	0.095971	0.007189	0.584637
75	0.011851	0.000316	0.000062	0.037521	0.263688	0.000531	0.094218	0.007233	0.584580
76	0.011185	0.000301	0.000058	0.036754	0.266155	0.000513	0.092855	0.007090	0.585089
77	0.010578	0.000280	0.000054	0.035806	0.269365	0.000468	0.091210	0.006932	0.585307
78	0.009968	0.000229	0.000055	0.034869	0.272680	0.000420	0.089880	0.006717	0.585182
79	0.009374	0.000208	0.000052	0.033778	0.275821	0.000396	0.088438	0.006549	0.585384
80	0.008867	0.000206	0.000057	0.033054	0.278757	0.000360	0.086836	0.006407	0.585456
81	0.008370	0.000197	0.000047	0.032365	0.281576	0.000329	0.085766	0.006268	0.585082
82	0.007927	0.000166	0.000039	0.031646	0.284673	0.000309	0.084272	0.006233	0.584735
83	0.007485	0.000151	0.000025	0.031017	0.287482	0.000290	0.082600	0.005996	0.584954
84	0.007110	0.000136	0.000021	0.030417	0.290708	0.000261	0.081573	0.005887	0.583887
85	0.006739	0.000120	0.000018	0.029875	0.293357	0.000243	0.080211	0.005896	0.583541
86	0.006305	0.000109	0.000015	0.029085	0.296338	0.000226	0.078785	0.005684	0.583453
87	0.005937	0.000123	0.000013	0.028422	0.299470	0.000221	0.077434	0.005581	0.582799
88	0.005626	0.000126	0.000007	0.027754	0.302217	0.000213	0.076138	0.005437	0.582482
89	0.005373	0.000118	0.000007	0.027310	0.304636	0.000201	0.074918	0.005321	0.582116
90	0.005115	0.000115	0.000004	0.026466	0.307757	0.000169	0.073395	0.005222	0.581757
91	0.004826	0.000113	0.000000	0.025775	0.311056	0.000146	0.072214	0.005068	0.580802
92	0.004470	0.000100	0.000000	0.025240	0.313785	0.000161	0.070753	0.004947	0.580544
93	0.004131	0.000092	0.000000	0.024677	0.316758	0.000158	0.069913	0.004790	0.579481
94	0.003907	0.000077	0.000000	0.023975	0.319677	0.000159	0.068675	0.004657	0.578873
95	0.003544	0.000074	0.000000	0.023511	0.322692	0.000162	0.067746	0.004517	0.577754
96	0.003294	0.000072	0.000000	0.023037	0.325227	0.000142	0.066578	0.004274	0.577376
97	0.003080	0.000064	0.000000	0.022551	0.327682	0.000133	0.065961	0.004205	0.576324
98	0.002921	0.000060	0.000000	0.022210	0.330526	0.000120	0.064655	0.004062	0.575446
99	0.002770	0.000058	0.000000	0.021882	0.333394	0.000106	0.063555	0.003928	0.574307
100	0.002605	0.000052	0.000000	0.021655	0.335801	0.000087	0.062394	0.003794	0.573612
101	0.002436	0.000043	0.000000	0.021380	0.338127	0.000093	0.061204	0.003737	0.572980
102	0.002291	0.000041	0.000000	0.021104	0.340464	0.000085	0.060439	0.003626	0.571950
103	0.002142	0.000046	0.000000	0.020732	0.343171	0.000090	0.059292	0.003493	0.571034
104	0.001995	0.000053	0.000000	0.020390	0.345642	0.000088	0.058389	0.003435	0.570008
105	0.001819	0.000039	0.000000	0.020050	0.348099	0.000078	0.057441	0.003351	0.569123
106	0.001710	0.000038	0.000000	0.019691	0.350184	0.000084	0.056858	0.003176	0.568259
107	0.001595	0.000028	0.000000	0.019248	0.352893	0.000089	0.055663	0.003188	0.567296
108	0.001531	0.000030	0.000000	0.018902	0.355290	0.000079	0.054563	0.003120	0.566485
109	0.001404	0.000031	0.000000	0.018679	0.357948	0.000067	0.053666	0.002997	0.565208
110	0.001258	0.000022	0.000000	0.018464	0.360219	0.000069	0.052866	0.002919	0.564183
111	0.001137	0.000022	0.000000	0.018174	0.362676	0.000065	0.052370	0.002847	0.562709
112	0.001029	0.000020	0.000000	0.017909	0.365386	0.000057	0.051569	0.002859	0.561171
113	0.000959	0.000020	0.000000	0.017480	0.368157	0.000060	0.050638	0.002808	0.559878
114	0.000882	0.000022	0.000000	0.017416	0.370350	0.000061	0.049795	0.002800	0.558674
115	0.000787	0.000025	0.000000	0.017079	0.372649	0.000062	0.048980	0.002761	0.557657
116	0.000736	0.000027	0.000000	0.016752	0.375101	0.000067	0.048337	0.002747	0.556233
117	0.000657	0.000029	0.000000	0.016466	0.377715	0.000060	0.047732	0.002692	0.554649
118	0.000615	0.000027	0.000000	0.016247	0.380113	0.000056	0.047018	0.002663	0.553261
119	0.000567	0.000030	0.000000	0.016008	0.382570	0.000050	0.046425	0.002572	0.551778
120	0.000504	0.000023	0.000000	0.015729	0.384971	0.000052	0.045727	0.002495	0.550499
121	0.000478	0.000020	0.000000	0.015561	0.387679	0.000057	0.044949	0.002452	0.548804
122	0.000459	0.000015	0.000000	0.015299	0.389812	0.000050	0.044340	0.002409	0.547616
123	0.000422	0.000014	0.000000	0.015193	0.392275	0.000048	0.043516	0.002289	0.546243
124	0.000379	0.000012	0.000000	0.015009	0.394631	0.000043	0.042873	0.002264	0.544789
125	0.000377	0.000019	0.000000	0.014698	0.396675	0.000048	0.042071	0.002273	0.543839
126	0.000352	0.000019	0.000000	0.014703	0.399181	0.000045	0.041533	0.002292	0.541875
127	0.000353	0.000014	0.000000	0.014539	0.401298	0.000034	0.040802	0.002248	0.540712
128	0.000313	0.000011	0.000000	0.014377	0.403724	0.000031	0.040406	0.002210	0.538928
129	0.000262	0.000008	0.000000	0.014132	0.405759	0.000037	0.039659	0.002188	0.537955
130	0.000228	0.000008	0.000000	0.013997	0.407947	0.000035	0.039070	0.002164	0.536551
131	0.000204	0.000010	0.000000	0.013880	0.410578	0.000029	0.038659	0.002128	0.534512
132	0.000176	0.000007	0.000000	0.013659	0.412902	0.000024	0.037958	0.002100	0.533174
133	0.000164	0.000007	0.000000	0.013411	0.415328	0.000019	0.037435	0.002034	0.531602
134	0.000171	0.000004	0.000000	0.013201	0.417561	0.000024	0.036832	0.002004	0.530203
135	0.000153	0.000002	0.000000	0.013020	0.420151	0.000021	0.036158	0.001993	0.528502
136	0.000139	0.000003	0.000000	0.012819	0.422605	0.000018	0.035716	0.001987	0.526713
137	0.000134	0.000003	0.000000	0.012731	0.424905	0.000022	0.035175	0.001919	0.525111
138	0.000117	0.000003	0.000000	0.012548	0.427434	0.000019	0.034704	0.001928	0.523247
139	0.000102	0.000003	0.000000	0.012474	0.429528	0.000013	0.034303	0.001860	0.521717
140	0.000088	0.000001	0.000000	0.012331	0.431395	0.000022	0.033900	0.001851	0.520412
141	0.000070	0.000002	0.000000	0.012237	0.433500	0.000028	0.033143	0.001832	0.519188
142	0.000064	0.000002	0.000000	0.012205	0.435600	0.000025	0.032678	0.001797	0.517629
143	0.000059	0.000000	0.000000	0.012252	0.437939	0.000027	0.032106	0.001776	0.515841
144	0.000047	0.000000	0.000000	0.012056	0.440083	0.000020	0.031724	0.001785	0.514285
145	0.000050	0.000000	0.000000	0.011956	0.442529	0.000022	0.031241	0.001727	0.512475
146	0.000039	0.000000	0.000000	0.011823	0.444999	0.000024	0.030896	0.001624	0.510595
147	0.000032	0.000000	0.000000	0.011786	0.447276	0.000019	0.030325	0.001629	0.508933
148	0.000038	0.000000	0.000000	0.011787	0.449099	0.000015	0.029942	0.001583	0.507536
149	0.000028	0.000000	0.000000	0.011764	0.450946	0.000014	0.029630	0.001574	0.506044
150	0.000026	0.000000	0.000000	0.011762	0.453062	0.000007	0.029026	0.001527	0.504590
151	0.000023	0.000000	0.000000	0.011536	0.454846	0.000012	0.028631	0.001552	0.503400
152	0.000015	0.000000	0.000000	0.011404	0.457177	0.000012	0.028193	0.001546	0.501653
153	0.000013	0.000000	0.000000	0.011296	0.459519	0.000013	0.027996	0.001514	0.499649
154	0.000009	0.000000	0.000000	0.011185	0.461657	0.000015	0.027414	0.001427	0.498293
155	0.000005	0.000000	0.000000	0.011185	0.463831	0.000012	0.026958	0.001401	0.496608
156	0.000002	0.000000	0.000000	0.010984	0.465476	0.000020	0.026453	0.001406	0.495659
157	0.000001	0.000000	0.000000	0.010905	0.467387	0.000016	0.026040	0.001360	0.494291
158	0.000002	0.000000	0.000000	0.010886	0.469109	0.000023	0.025635	0.001330	0.493015
159	0.000002	0.000000	0.000000	0.010800	0.471417	0.000026	0.025241	0.001242	0.491272
160	0.000000	0.000000	0.000000	0.010773	0.473559	0.000022	0.024873	0.001218	0.489555
161	0.000000	0.000000	0.000000	0.010679	0.475175	0.000022	0.024373	0.001247	0.488504
162	0.000000	0.000000	0.000000	0.010545	0.477201	0.000022	0.023839	0.001205	0.487188
163	0.000000	0.000000	0.000000	0.010425	0.479124	0.000023	0.023436	0.001133	0.485859
164	0.000000	0.000000	0.000000	0.010373	0.481203	0.000034	0.023048	0.001141	0.484201
165	0.000000	0.000000	0.000000	0.010304	0.483118	0.000025	0.022697	0.001135	0.482721
166	0.000000	0.000000	0.000000	0.010311	0.485023	0.000022	0.022304	0.001128	0.481212
167	0.000000	0.000000	0.000000	0.010089	0.486912	0.000034	0.022205	0.001164	0.479596
168	0.000000	0.000000	0.000000	0.009909	0.489089	0.000029	0.022017	0.001124	0.477832
169	0.000000	0.000000	0.000000	0.009944	0.490898	0.000033	0.021632	0.001101	0.476392
170	0.000000	0.000000	0.000000	0.009753	0.492991	0.000030	0.021231	0.001096	0.474899
171	0.000000	0.000000	0.000000	0.009658	0.494814	0.000028	0.020863	0.001102	0.473535
172	0.000000	0.000000	0.000000	0.009671	0.496594	0.000022	0.020550	0.001066	0.472097
173	0.000000	0.000000	0.000000	0.009662	0.498707	0.000027	0.020406	0.001004	0.470194
174	0.000000	0.000000	0.000000	0.009555	0.501107	0.000025	0.020173	0.000943	0.468197
175	0.000000	0.000000	0.000000	0.009608	0.502991	0.000022	0.019980	0.000920	0.466479
176	0.000000	0.000000	0.000000	0.009527	0.504676	0.000019	0.019459	0.000921	0.465398
177	0.000000	0.000000	0.000000	0.009452	0.506515	0.000030	0.019239	0.000923	0.463841
178	0.000000	0.000000	0.000000	0.009496	0.508514	0.000031	0.018872	0.000893	0.462194
179	0.000000	0.000000	0.000000	0.009383	0.510777	0.000033	0.018605	0.000901	0.460301
180	0.000000	0.000000	0.000000	0.009310	0.512859	0.000032	0.018178	0.000892	0.458729
181	0.000000	0.000000	0.000000	0.009181	0.514955	0.000028	0.017661	0.000877	0.457298
182	0.000000	0.000000	0.000000	0.009209	0.516621	0.000031	0.017543	0.000861	0.455735
183	0.000000	0.000000	0.000000	0.009115	0.518517	0.000027	0.017200	0.000874	0.454267
184	0.000000	0.000000	0.000000	0.008948	0.520520	0.000028	0.017042	0.000867	0.452595
185	0.000000	0.000000	0.000000	0.008867	0.522534	0.000025	0.016656	0.000800	0.451118
186	0.000000	0.000000	0.000000	0.008767	0.524154	0.000024	0.016455	0.000753	0.449847
187	0.000000	0.000000	0.000000	0.008893	0.526377	0.000027	0.016203	0.000729	0.447771
188	0.000000	0.000000	0.000000	0.008873	0.528262	0.000024	0.015874	0.000742	0.446225
189	0.000000	0.000000	0.000000	0.008795	0.530161	0.000020	0.015774	0.000726	0.444524
190	0.000000	0.000000	0.000000	0.008803	0.531965	0.000020	0.015529	0.000680	0.443003
191	0.000000	0.000000	0.000000	0.008566	0.534086	0.000014	0.015165	0.000708	0.441461
192	0.000000	0.000000	0.000000	0.008532	0.536030	0.000017	0.015039	0.000671	0.439711
193	0.000000	0.000000	0.000000	0.008470	0.538235	0.000015	0.014734	0.000641	0.437905
194	0.000000	0.000000	0.000000	0.008512	0.539527	0.000013	0.014474	0.000623	0.436851
195	0.000000	0.000000	0.000000	0.008412	0.541608	0.000015	0.014380	0.000605	0.434980
196	0.000000	0.000000	0.000000	0.008323	0.543507	0.000008	0.014122	0.000583	0.433457
197	0.000000	0.000000	0.000000	0.008283	0.545630	0.000011	0.013772	0.000596	0.431708
198	0.000000	0.000000	0.000000	0.008320	0.547665	0.000008	0.013633	0.000615	0.429759
199	0.000000	0.000000	0.000000	0.008166	0.549890	0.000007	0.013387	0.000595	0.427955
200	0.000000	0.000000	0.000000	0.008084	0.551586	0.000004	0.013269	0.000592	0.426465
201	0.000000	0.000000	0.000000	0.008138	0.553184	0.000004	0.013079	0.000562	0.425033
202	0.000000	0.000000	0.000000	0.008214	0.555507	0.000004	0.012707	0.000565	0.423003
203	0.000000	0.000000	0.000000	0.008210	0.557122	0.000005	0.012593	0.000550	0.421520
204	0.000000	0.000000	0.000000	0.008093	0.558896	0.000003	0.012332	0.000540	0.420136
205	0.000000	0.000000	0.000000	0.008095	0.560987	0.000002	0.012145	0.000552	0.418219
206	0.000000	0.000000	0.000000	0.008079	0.562703	0.000000	0.011970	0.000517	0.416731
207	0.000000	0.000000	0.000000	0.008011	0.564934	0.000000	0.011755	0.000506	0.414794
208	0.000000	0.000000	0.000000	0.008063	0.567004	0.000000	0.011559	0.000484	0.412890
209	0.000000	0.000000	0.000000	0.008002	0.568851	0.000000	0.011449	0.000469	0.411229
210	0.000000	0.000000	0.000000	0.008020	0.571118	0.000000	0.011266	0.000463	0.409133
211	0.000000	0.000000	0.000000	0.007919	0.573079	0.000000	0.011007	0.000456	0.407539
212	0.000000	0.000000	0.000000	0.007775	0.574775	0.000000	0.010873	0.000462	0.406115
213	0.000000	0.000000	0.000000	0.007843	0.576830	0.000000	0.010653	0.000472	0.404202
214	0.000000	0.000000	0.000000	0.007875	0.578291	0.000000	0.010460	0.000431	0.402943
215	0.000000	0.000000	0.000000	0.007831	0.580215	0.000000	0.010171	0.000423	0.401360
216	0.000000	0.000000	0.000000	0.007722	0.581671	0.000000	0.010041	0.000406	0.400160
217	0.000000	0.000000	0.000000	0.007744	0.583643	0.000000	0.009735	0.000371	0.398507
218	0.000000	0.000000	0.000000	0.007727	0.585381	0.000000	0.009615	0.000359	0.396918
219	0.000000	0.000000	0.000000	0.007577	0.587286	0.000000	0.009471	0.000362	0.395304
220	0.000000	0.000000	0.000000	0.007614	0.588808	0.000000	0.009435	0.000348	0.393795
221	0.000000	0.000000	0.000000	0.007735	0.590694	0.000000	0.009312	0.000371	0.391888
222	0.000000	0.000000	0.000000	0.007837	0.592127	0.000000	0.009206	0.000356	0.390474
223	0.000000	0.000000	0.000000	0.007760	0.593675	0.000000	0.008873	0.000343	0.389349
224	0.000000	0.000000	0.000000	0.007627	0.595580	0.000000	0.008668	0.000344	0.387781
225	0.000000	0.000000	0.000000	0.007542	0.597782	0.000000	0.008514	0.000345	0.385817
226	0.000000	0.000000	0.000000	0.007593	0.599042	0.000000	0.008441	0.000332	0.384592
227	0.000000	0.000000	0.000000	0.007605	0.600683	0.000000	0.008308	0.000327	0.383077
228	0.000000	0.000000	0.000000	0.007525	0.602343	0.000000	0.008234	0.000336	0.381562
229	0.000000	0.000000	0.000000	0.007420	0.603554	0.000000	0.008194	0.000329	0.380503
230	0.000000	0.000000	0.000000	0.007436	0.605145	0.000000	0.008122	0.000316	0.378981
231	0.000000	0.000000	0.000000	0.007351	0.607119	0.000000	0.007992	0.000335	0.377203
232	0.000000	0.000000	0.000000	0.007267	0.609149	0.000000	0.007840	0.000330	0.375414
233	0.000000	0.000000	0.000000	0.007337	0.611140	0.000000	0.007736	0.000316	0.373471
234	0.000000	0.000000	0.000000	0.007198	0.612799	0.000000	0.007645	0.000314	0.372044
235	0.000000	0.000000	0.000000	0.007190	0.614205	0.000000	0.007504	0.000292	0.370809
236	0.000000	0.000000	0.000000	0.007182	0.616006	0.000000	0.007403	0.000278	0.369131
237	0.000000	0.000000	0.000000	0.007052	0.618033	0.000000	0.007295	0.000280	0.367340
238	0.000000	0.000000	0.000000	0.007065	0.619869	0.000000	0.007269	0.000266	0.365531
239	0.000000	0.000000	0.000000	0.007122	0.621386	0.000000	0.007108	0.000244	0.364140
240	0.000000	0.000000	0.000000	0.007074	0.623646	0.000000	0.006945	0.000227	0.362108
241	0.000000	0.000000	0.000000	0.007106	0.625199	0.000000	0.006872	0.000215	0.360608
242	0.000000	0.000000	0.000000	0.007035	0.626813	0.000000	0.006830	0.000218	0.359104
243	0.000000	0.000000	0.000000	0.007144	0.628507	0.000000	0.006715	0.000216	0.357418
244	0.000000	0.000000	0.000000	0.007183	0.630265	0.000000	0.006506	0.000206	0.355840
245	0.000000	0.000000	0.000000	0.007160	0.631781	0.000000	0.006392	0.000195	0.354472
246	0.000000	0.000000	0.000000	0.007207	0.632925	0.000000	0.006296	0.000190	0.353382
247	0.000000	0.000000	0.000000	0.007137	0.634905	0.000000	0.006248	0.000200	0.351510
248	0.000000	0.000000	0.000000	0.007101	0.637021	0.000000	0.006027	0.000218	0.349633
249	0.000000	0.000000	0.000000	0.007100	0.638595	0.000000	0.005959	0.000199	0.348147
250	0.000000	0.000000	0.000000	0.007159	0.640008	0.000000	0.005861	0.000182	0.346790
251	0.000000	0.000000	0.000000	0.007118	0.641655	0.000000	0.005820	0.000172	0.345235
252	0.000000	0.000000	0.000000	0.007058	0.643257	0.000000	0.005886	0.000183	0.343616
253	0.000000	0.000000	0.000000	0.006983	0.644784	0.000000	0.005779	0.000168	0.342286
254	0.000000	0.000000	0.000000	0.007038	0.646342	0.000000	0.005769	0.000157	0.340694
255	0.000000	0.000000	0.000000	0.006888	0.647949	0.000000	0.005676	0.000147	0.339340
256	0.000000	0.000000	0.000000	0.006873	0.649504	0.000000	0.005574	0.000141	0.337908
257	0.000000	0.000000	0.000000	0.006973	0.650716	0.000000	0.005469	0.000130	0.336712
258	0.000000	0.000000	0.000000	0.007027	0.652194	0.000000	0.005326	0.000112	0.335341
259	0.000000	0.000000	0.000000	0.007059	0.653520	0.000000	0.005264	0.000103	0.334054
260	0.000000	0.000000	0.000000	0.007057	0.655139	0.000000	0.005271	0.000094	0.332439
261	0.000000	0.000000	0.000000	0.007037	0.656647	0.000000	0.005302	0.000102	0.330912
262	0.000000	0.000000	0.000000	0.007000	0.657786	0.000000	0.005178	0.000098	0.329938
263	0.000000	0.000000	0.000000	0.006952	0.659115	0.000000	0.005068	0.000093	0.328772
264	0.000000	0.000000	0.000000	0.007011	0.660617	0.000000	0.004983	0.000093	0.327296
265	0.000000	0.000000	0.000000	0.006900	0.662115	0.000000	0.004875	0.000092	0.326018
266	0.000000	0.000000	0.000000	0.006848	0.663855	0.000000	0.004780	0.000095	0.324422
267	0.000000	0.000000	0.000000	0.006721	0.665495	0.000000	0.004708	0.000078	0.322998
268	0.000000	0.000000	0.000000	0.006663	0.667258	0.000000	0.004603	0.000082	0.321394
269	0.000000	0.000000	0.000000	0.006604	0.668895	0.000000	0.004547	0.000080	0.319874
270	0.000000	0.000000	0.000000	0.006497	0.670728	0.000000	0.004489	0.000071	0.318215
271	0.000000	0.000000	0.000000	0.006388	0.672316	0.000000	0.004548	0.000067	0.316681
272	0.000000	0.000000	0.000000	0.006437	0.673843	0.000000	0.004496	0.000067	0.315157
273	0.000000	0.000000	0.000000	0.006427	0.675372	0.000000	0.004494	0.000063	0.313644
274	0.000000	0.000000	0.000000	0.006320	0.677216	0.000000	0.004414	0.000064	0.311986
275	0.000000	0.000000	0.000000	0.006303	0.678749	0.000000	0.004353	0.000058	0.310537
276	0.000000	0.000000	0.000000	0.006308	0.680502	0.000000	0.004268	0.000057	0.308865
277	0.000000	0.000000	0.000000	0.006331	0.681993	0.000000	0.004243	0.000056	0.307377
278	0.000000	0.000000	0.000000	0.006367	0.683509	0.000000	0.004209	0.000071	0.305844
279	0.000000	0.000000	0.000000	0.006287	0.685095	0.000000	0.004085	0.000067	0.304466
280	0.000000	0.000000	0.000000	0.006206	0.686414	0.000000	0.003990	0.000065	0.303325
281	0.000000	0.000000	0.000000	0.006187	0.687752	0.000000	0.003956	0.000068	0.302037
282	0.000000	0.000000	0.000000	0.006240	0.688868	0.000000	0.003859	0.000064	0.300969
283	0.000000	0.000000	0.000000	0.006251	0.690345	0.000000	0.003866	0.000066	0.299472
284	0.000000	0.000000	0.000000	0.006281	0.692137	0.000000	0.003785	0.000052	0.297745
285	0.000000	0.000000	0.000000	0.006415	0.693471	0.000000	0.003776	0.000054	0.296284
286	0.000000	0.000000	0.000000	0.006373	0.694739	0.000000	0.003697	0.000057	0.295134
287	0.000000	0.000000	0.000000	0.006303	0.696304	0.000000	0.003612	0.000046	0.293735
288	0.000000	0.000000	0.000000	0.006284	0.697617	0.000000	0.003613	0.000039	0.292447
289	0.000000	0.000000	0.000000	0.006315	0.698820	0.000000	0.003583	0.000036	0.291246
290	0.000000	0.000000	0.000000	0.006255	0.700154	0.000000	0.003561	0.000027	0.290003
291	0.000000	0.000000	0.000000	0.006181	0.702197	0.000000	0.003437	0.000020	0.288165
292	0.000000	0.000000	0.000000	0.006217	0.703331	0.000000	0.003475	0.000019	0.286958
293	0.000000	0.000000	0.000000	0.006191	0.704879	0.000000	0.003417	0.000015	0.285498
294	0.000000	0.000000	0.000000	0.006169	0.706573	0.000000	0.003320	0.000019	0.283919
295	0.000000	0.000000	0.000000	0.006081	0.707903	0.000000	0.003278	0.000023	0.282715
296	0.000000	0.000000	0.000000	0.006122	0.709086	0.000000	0.003212	0.000017	0.281563
297	0.000000	0.000000	0.000000	0.006099	0.710579	0.000000	0.003156	0.000015	0.280151
298	0.000000	0.000000	0.000000	0.006031	0.711816	0.000000	0.003180	0.000013	0.278960
299	0.000000	0.000000	0.000000	0.005966	0.713438	0.000000	0.003175	0.000011	0.277410
300	0.000000	0.000000	0.000000	0.005933	0.715223	0.000000	0.003114	0.000013	0.275717
301	0.000000	0.000000	0.000000	0.005841	0.716602	0.000000	0.003068	0.000013	0.274476
302	0.000000	0.000000	0.000000	0.005821	0.718217	0.000000	0.002978	0.000015	0.272969
303	0.000000	0.000000	0.000000	0.005789	0.719682	0.000000	0.002896	0.000013	0.271620
304	0.000000	0.000000	0.000000	0.005740	0.720980	0.000000	0.002891	0.000012	0.270377
305	0.000000	0.000000	0.000000	0.005727	0.722748	0.000000	0.002863	0.000013	0.268649
306	0.000000	0.000000	0.000000	0.005700	0.723910	0.000000	0.002808	0.000010	0.267572
307	0.000000	0.000000	0.000000	0.005617	0.725346	0.000000	0.002723	0.000008	0.266306
308	0.000000	0.000000	0.000000	0.005618	0.726665	0.000000	0.002646	0.000007	0.265064
309	0.000000	0.000000	0.000000	0.005676	0.728287	0.000000	0.002555	0.000007	0.263475
310	0.000000	0.000000	0.000000	0.005726	0.729482	0.000000	0.002474	0.000008	0.262310
311	0.000000	0.000000	0.000000	0.005738	0.730764	0.000000	0.002452	0.000008	0.261038
312	0.000000	0.000000	0.000000	0.005673	0.732063	0.000000	0.002313	0.000013	0.259938
313	0.000000	0.000000	0.000000	0.005644	0.733371	0.000000	0.002320	0.000009	0.258656
314	0.000000	0.000000	0.000000	0.005681	0.734730	0.000000	0.002241	0.000004	0.257344
315	0.000000	0.000000	0.000000	0.005667	0.736251	0.000000	0.002209	0.000001	0.255872
316	0.000000	0.000000	0.000000	0.005644	0.737378	0.000000	0.002191	0.000002	0.254785
317	0.000000	0.000000	0.000000	0.005592	0.738556	0.000000	0.002106	0.000001	0.253745
318	0.000000	0.000000	0.000000	0.005655	0.739885	0.000000	0.002064	0.000000	0.252396
319	0.000000	0.000000	0.000000	0.005671	0.741217	0.000000	0.002065	0.000000	0.251047
320	0.000000	0.000000	0.000000	0.005638	0.742666	0.000000	0.002017	0.000000	0.249679
321	0.000000	0.000000	0.000000	0.005582	0.744228	0.000000	0.002007	0.000000	0.248183
322	0.000000	0.000000	0.000000	0.005587	0.745534	0.000000	0.001961	0.000000	0.246918
323	0.000000	0.000000	0.000000	0.005549	0.747005	0.000000	0.001977	0.000000	0.245469
324	0.000000	0.000000	0.000000	0.005577	0.748360	0.000000	0.001921	0.000000	0.244142
325	0.000000	0.000000	0.000000	0.005509	0.749797	0.000000	0.001841	0.000000	0.242853
326	0.000000	0.000000	0.000000	0.005465	0.751130	0.000000	0.001837	0.000000	0.241568
327	0.000000	0.000000	0.000000	0.005497	0.752629	0.000000	0.001777	0.000000	0.240097
328	0.000000	0.000000	0.000000	0.005470	0.754129	0.000000	0.001700	0.000000	0.238701
329	0.000000	0.000000	0.000000	0.005405	0.755375	0.000000	0.001735	0.000000	0.237485
330	0.000000	0.000000	0.000000	0.005410	0.756794	0.000000	0.001702	0.000000	0.236094
331	0.000000	0.000000	0.000000	0.005378	0.757861	0.000000	0.001640	0.000000	0.235121
332	0.000000	0.000000	0.000000	0.005483	0.758808	0.000000	0.001565	0.000000	0.234144
333	0.000000	0.000000	0.000000	0.005461	0.760011	0.000000	0.001567	0.000000	0.232961
334	0.000000	0.000000	0.000000	0.005364	0.761242	0.000000	0.001526	0.000000	0.231868
335	0.000000	0.000000	0.000000	0.005394	0.762576	0.000000	0.001512	0.000000	0.230518
336	0.000000	0.000000	0.000000	0.005349	0.763848	0.000000	0.001493	0.000000	0.229310
337	0.000000	0.000000	0.000000	0.005339	0.764942	0.000000	0.001457	0.000000	0.228262
338	0.000000	0.000000	0.000000	0.005356	0.766209	0.000000	0.001425	0.000000	0.227010
339	0.000000	0.000000	0.000000	0.005357	0.767308	0.000000	0.001368	0.000000	0.225967
340	0.000000	0.000000	0.000000	0.005273	0.768135	0.000000	0.001342	0.000000	0.225250
341	0.000000	0.000000	0.000000	0.005191	0.769371	0.000000	0.001284	0.000000	0.224154
342	0.000000	0.000000	0.000000	0.005160	0.770576	0.000000	0.001264	0.000000	0.223000
343	0.000000	0.000000	0.000000	0.005155	0.771638	0.000000	0.001209	0.000000	0.221998
344	0.000000	0.000000	0.000000	0.005105	0.772665	0.000000	0.001196	0.000000	0.221034
345	0.000000	0.000000	0.000000	0.005159	0.773789	0.000000	0.001144	0.000000	0.219908
346	0.000000	0.000000	0.000000	0.005094	0.774929	0.000000	0.001109	0.000000	0.218868
347	0.000000	0.000000	0.000000	0.005045	0.776416	0.000000	0.001094	0.000000	0.217445
348	0.000000	0.000000	0.000000	0.005033	0.777624	0.000000	0.001111	0.000000	0.216232
349	0.000000	0.000000	0.000000	0.005002	0.778941	0.000000	0.001075	0.000000	0.214982
350	0.000000	0.000000	0.000000	0.005026	0.780029	0.000000	0.001039	0.000000	0.213906
351	0.000000	0.000000	0.000000	0.005048	0.781503	0.000000	0.001025	0.000000	0.212424
352	0.000000	0.000000	0.000000	0.005067	0.782496	0.000000	0.000992	0.000000	0.211445
353	0.000000	0.000000	0.000000	0.005047	0.783886	0.000000	0.001013	0.000000	0.210054
354	0.000000	0.000000	0.000000	0.005017	0.784886	0.000000	0.001016	0.000000	0.209081
355	0.000000	0.000000	0.000000	0.004941	0.786291	0.000000	0.000988	0.000000	0.207780
356	0.000000	0.000000	0.000000	0.004959	0.787144	0.000000	0.000955	0.000000	0.206942
357	0.000000	0.000000	0.000000	0.004863	0.788557	0.000000	0.000929	0.000000	0.205651
358	0.000000	0.000000	0.000000	0.004843	0.789592	0.000000	0.000915	0.000000	0.204650
359	0.000000	0.000000	0.000000	0.004931	0.790935	0.000000	0.000916	0.000000	0.203218
360	0.000000	0.000000	0.000000	0.004819	0.792280	0.000000	0.000871	0.000000	0.202030
361	0.000000	0.000000	0.000000	0.004843	0.793507	0.000000	0.000830	0.000000	0.200820
362	0.000000	0.000000	0.000000	0.004871	0.795035	0.000000	0.000789	0.000000	0.199305
363	0.000000	0.000000	0.000000	0.004846	0.796344	0.000000	0.000808	0.000000	0.198002
364	0.000000	0.000000	0.000000	0.004807	0.797034	0.000000	0.000783	0.000000	0.197376
365	0.000000	0.000000	0.000000	0.004796	0.797945	0.000000	0.000743	0.000000	0.196516
366	0.000000	0.000000	0.000000	0.004742	0.799043	0.000000	0.000724	0.000000	0.195491
367	0.000000	0.000000	0.000000	0.004654	0.800328	0.000000	0.000681	0.000000	0.194337
368	0.000000	0.000000	0.000000	0.004681	0.801394	0.000000	0.000672	0.000000	0.193253
369	0.000000	0.000000	0.000000	0.004623	0.802691	0.000000	0.000642	0.000000	0.192044
370	0.000000	0.000000	0.000000	0.004609	0.803619	0.000000	0.000629	0.000000	0.191143
371	0.000000	0.000000	0.000000	0.004665	0.804709	0.000000	0.000626	0.000000	0.190000
372	0.000000	0.000000	0.000000	0.004624	0.806028	0.000000	0.000640	0.000000	0.188708
373	0.000000	0.000000	0.000000	0.004602	0.806977	0.000000	0.000619	0.000000	0.187802
374	0.000000	0.000000	0.000000	0.004642	0.807922	0.000000	0.000646	0.000000	0.186790
375	0.000000	0.000000	0.000000	0.004644	0.808926	0.000000	0.000589	0.000000	0.185841
376	0.000000	0.000000	0.000000	0.004567	0.809846	0.000000	0.000566	0.000000	0.185021
377	0.000000	0.000000	0.000000	0.004550	0.810835	0.000000	0.000558	0.000000	0.184057
378	0.000000	0.000000	0.000000	0.004613	0.811977	0.000000	0.000553	0.000000	0.182857
379	0.000000	0.000000	0.000000	0.004616	0.813067	0.000000	0.000551	0.000000	0.181766
380	0.000000	0.000000	0.000000	0.004566	0.814118	0.000000	0.000523	0.000000	0.180793
381	0.000000	0.000000	0.000000	0.004600	0.815178	0.000000	0.000536	0.000000	0.179686
382	0.000000	0.000000	0.000000	0.004590	0.816285	0.000000	0.000507	0.000000	0.178618
383	0.000000	0.000000	0.000000	0.004571	0.817272	0.000000	0.000500	0.000000	0.177657
384	0.000000	0.000000	0.000000	0.004542	0.818145	0.000000	0.000471	0.000000	0.176842
385	0.000000	0.000000	0.000000	0.004506	0.819091	0.000000	0.000462	0.000000	0.175941
386	0.000000	0.000000	0.000000	0.004497	0.820597	0.000000	0.000446	0.000000	0.174460
387	0.000000	0.000000	0.000000	0.004485	0.821503	0.000000	0.000437	0.000000	0.173575
388	0.000000	0.000000	0.000000	0.004506	0.822409	0.000000	0.000422	0.000000	0.172663
389	0.000000	0.000000	0.000000	0.004477	0.823551	0.000000	0.000428	0.000000	0.171544
390	0.000000	0.000000	0.000000	0.004559	0.824567	0.000000	0.000429	0.000000	0.170445
391	0.000000	0.000000	0.000000	0.004629	0.825571	0.000000	0.000451	0.000000	0.169349
392	0.000000	0.000000	0.000000	0.004645	0.826426	0.000000	0.000412	0.000000	0.168517
393	0.000000	0.000000	0.000000	0.004648	0.827314	0.000000	0.000403	0.000000	0.167635
394	0.000000	0.000000	0.000000	0.004682	0.827940	0.000000	0.000403	0.000000	0.166975
395	0.000000	0.000000	0.000000	0.004707	0.828715	0.000000	0.000383	0.000000	0.166195
396	0.000000	0.000000	0.000000	0.004731	0.829345	0.000000	0.000383	0.000000	0.165541
397	0.000000	0.000000	0.000000	0.004709	0.830283	0.000000	0.000365	0.000000	0.164643
398	0.000000	0.000000	0.000000	0.004620	0.831163	0.000000	0.000352	0.000000	0.163865
399	0.000000	0.000000	0.000000	0.004675	0.831973	0.000000	0.000342	0.000000	0.163010
400	0.000000	0.000000	0.000000	0.004729	0.833034	0.000000	0.000324	0.000000	0.161913
401	0.000000	0.000000	0.000000	0.004736	0.834081	0.000000	0.000313	0.000000	0.160870
402	0.000000	0.000000	0.000000	0.004740	0.834937	0.000000	0.000290	0.000000	0.160033
403	0.000000	0.000000	0.000000	0.004733	0.835634	0.000000	0.000268	0.000000	0.159365
404	0.000000	0.000000	0.000000	0.004793	0.836736	0.000000	0.000260	0.000000	0.158211
405	0.000000	0.000000	0.000000	0.004777	0.837560	0.000000	0.000228	0.000000	0.157435
406	0.000000	0.000000	0.000000	0.004716	0.838556	0.000000	0.000234	0.000000	0.156494
407	0.000000	0.000000	0.000000	0.004769	0.839407	0.000000	0.000235	0.000000	0.155589
408	0.000000	0.000000	0.000000	0.004814	0.840341	0.000000	0.000216	0.000000	0.154629
409	0.000000	0.000000	0.000000	0.004819	0.841446	0.000000	0.000202	0.000000	0.153533
410	0.000000	0.000000	0.000000	0.004763	0.842309	0.000000	0.000195	0.000000	0.152733
411	0.000000	0.000000	0.000000	0.004642	0.843043	0.000000	0.000192	0.000000	0.152123
412	0.000000	0.000000	0.000000	0.004657	0.844085	0.000000	0.000185	0.000000	0.151073
413	0.000000	0.000000	0.000000	0.004665	0.845026	0.000000	0.000190	0.000000	0.150119
414	0.000000	0.000000	0.000000	0.004634	0.846287	0.000000	0.000175	0.000000	0.148904
415	0.000000	0.000000	0.000000	0.004671	0.847278	0.000000	0.000172	0.000000	0.147879
416	0.000000	0.000000	0.000000	0.004652	0.848348	0.000000	0.000172	0.000000	0.146828
417	0.000000	0.000000	0.000000	0.004719	0.849128	0.000000	0.000159	0.000000	0.145994
418	0.000000	0.000000	0.000000	0.004733	0.850072	0.000000	0.000144	0.000000	0.145051
419	0.000000	0.000000	0.000000	0.004749	0.850795	0.000000	0.000140	0.000000	0.144316
420	0.000000	0.000000	0.000000	0.004788	0.851781	0.000000	0.000131	0.000000	0.143300
421	0.000000	0.000000	0.000000	0.004702	0.852967	0.000000	0.000137	0.000000	0.142194
422	0.000000	0.000000	0.000000	0.004653	0.853774	0.000000	0.000142	0.000000	0.141431
423	0.000000	0.000000	0.000000	0.004655	0.854532	0.000000	0.000150	0.000000	0.140663
424	0.000000	0.000000	0.000000	0.004655	0.855202	0.000000	0.000131	0.000000	0.140012
425	0.000000	0.000000	0.000000	0.004626	0.856181	0.000000	0.000135	0.000000	0.139058
426	0.000000	0.000000	0.000000	0.004528	0.857215	0.000000	0.000148	0.000000	0.138109
427	0.000000	0.000000	0.000000	0.004578	0.858301	0.000000	0.000151	0.000000	0.136970
428	0.000000	0.000000	0.000000	0.004603	0.859339	0.000000	0.000137	0.000000	0.135921
429	0.000000	0.000000	0.000000	0.004541	0.860092	0.000000	0.000156	0.000000	0.135211
430	0.000000	0.000000	0.000000	0.004526	0.861130	0.000000	0.000168	0.000000	0.134176
431	0.000000	0.000000	0.000000	0.004508	0.861837	0.000000	0.000161	0.000000	0.133494
432	0.000000	0.000000	0.000000	0.004489	0.862700	0.000000	0.000153	0.000000	0.132658
433	0.000000	0.000000	0.000000	0.004506	0.863404	0.000000	0.000160	0.000000	0.131930
434	0.000000	0.000000	0.000000	0.004535	0.864195	0.000000	0.000166	0.000000	0.131104
435	0.000000	0.000000	0.000000	0.004513	0.865002	0.000000	0.000181	0.000000	0.130304
436	0.000000	0.000000	0.000000	0.004544	0.865747	0.000000	0.000179	0.000000	0.129530
437	0.000000	0.000000	0.000000	0.004512	0.866636	0.000000	0.000174	0.000000	0.128678
438	0.000000	0.000000	0.000000	0.004510	0.867608	0.000000	0.000154	0.000000	0.127728
439	0.000000	0.000000	0.000000	0.004549	0.868196	0.000000	0.000172	0.000000	0.127083
440	0.000000	0.000000	0.000000	0.004481	0.869123	0.000000	0.000171	0.000000	0.126225
441	0.000000	0.000000	0.000000	0.004519	0.869964	0.000000	0.000165	0.000000	0.125352
442	0.000000	0.000000	0.000000	0.004557	0.870769	0.000000	0.000163	0.000000	0.124511
443	0.000000	0.000000	0.000000	0.004543	0.871621	0.000000	0.000155	0.000000	0.123681
444	0.000000	0.000000	0.000000	0.004516	0.872486	0.000000	0.000156	0.000000	0.122842
445	0.000000	0.000000	0.000000	0.004485	0.873344	0.000000	0.000164	0.000000	0.122007
446	0.000000	0.000000	0.000000	0.004500	0.874103	0.000000	0.000152	0.000000	0.121245
447	0.000000	0.000000	0.000000	0.004553	0.875200	0.000000	0.000145	0.000000	0.120102
448	0.000000	0.000000	0.000000	0.004579	0.875786	0.000000	0.000132	0.000000	0.119503
449	0.000000	0.000000	0.000000	0.004583	0.876552	0.000000	0.000128	0.000000	0.118737
450	0.000000	0.000000	0.000000	0.004603	0.877307	0.000000	0.000120	0.000000	0.117970
451	0.000000	0.000000	0.000000	0.004642	0.878190	0.000000	0.000124	0.000000	0.117044
452	0.000000	0.000000	0.000000	0.004539	0.879219	0.000000	0.000111	0.000000	0.116131
453	0.000000	0.000000	0.000000	0.004560	0.879937	0.000000	0.000114	0.000000	0.115389
454	0.000000	0.000000	0.000000	0.004613	0.880932	0.000000	0.000111	0.000000	0.114344
455	0.000000	0.000000	0.000000	0.004685	0.881401	0.000000	0.000112	0.000000	0.113802
456	0.000000	0.000000	0.000000	0.004669	0.882120	0.000000	0.000125	0.000000	0.113086
457	0.000000	0.000000	0.000000	0.004652	0.882937	0.000000	0.000127	0.000000	0.112284
458	0.000000	0.000000	0.000000	0.004705	0.883801	0.000000	0.000128	0.000000	0.111366
459	0.000000	0.000000	0.000000	0.004552	0.884663	0.000000	0.000123	0.000000	0.110662
460	0.000000	0.000000	0.000000	0.004633	0.885151	0.000000	0.000125	0.000000	0.110091
461	0.000000	0.000000	0.000000	0.004725	0.885666	0.000000	0.000116	0.000000	0.109493
462	0.000000	0.000000	0.000000	0.004703	0.886935	0.000000	0.000120	0.000000	0.108242
463	0.000000	0.000000	0.000000	0.004646	0.887756	0.000000	0.000137	0.000000	0.107461
464	0.000000	0.000000	0.000000	0.004689	0.888648	0.000000	0.000156	0.000000	0.106507
465	0.000000	0.000000	0.000000	0.004712	0.889364	0.000000	0.000144	0.000000	0.105780
466	0.000000	0.000000	0.000000	0.004667	0.890280	0.000000	0.000137	0.000000	0.104916
467	0.000000	0.000000	0.000000	0.004660	0.890992	0.000000	0.000126	0.000000	0.104222
468	0.000000	0.000000	0.000000	0.004692	0.891739	0.000000	0.000135	0.000000	0.103434
469	0.000000	0.000000	0.000000	0.004737	0.892221	0.000000	0.000140	0.000000	0.102902
470	0.000000	0.000000	0.000000	0.004715	0.892967	0.000000	0.000134	0.000000	0.102184
