0	0.290663	0.057897	0.229473	0.157588	0.029913	0.111872	0.085455	0.012259	0.024880
1	0.217288	0.045066	0.190373	0.136519	0.028395	0.119580	0.135427	0.026173	0.101179
2	0.205500	0.042734	0.179342	0.128083	0.028196	0.112001	0.150483	0.029026	0.124635
3	0.200644	0.040758	0.170051	0.120692	0.028256	0.104409	0.161254	0.030892	0.143044
4	0.196518	0.039134	0.161084	0.114860	0.028420	0.096022	0.170940	0.032313	0.160709
5	0.193868	0.037866	0.151103	0.109507	0.028943	0.088048	0.179279	0.033308	0.178078
6	0.191047	0.036643	0.141928	0.104558	0.029571	0.080113	0.186859	0.033926	0.195355
7	0.189204	0.035237	0.133477	0.099289	0.030269	0.073026	0.193101	0.034682	0.211715
8	0.187693	0.034101	0.124342	0.095255	0.031197	0.066379	0.198822	0.035242	0.226969
9	0.186506	0.032946	0.115873	0.091193	0.032075	0.060072	0.203696	0.035350	0.242289
10	0.185026	0.032094	0.107390	0.086837	0.033344	0.054328	0.207912	0.035769	0.257300
11	0.182984	0.031251	0.099788	0.083485	0.034062	0.049069	0.212489	0.035757	0.271115
12	0.182405	0.030330	0.092559	0.079827	0.035118	0.044531	0.215003	0.035888	0.284339
13	0.181200	0.029238	0.085648	0.076741	0.036540	0.040076	0.217026	0.035792	0.297739
14	0.179724	0.028459	0.079563	0.073693	0.037676	0.036091	0.218661	0.035921	0.310212
15	0.178626	0.027809	0.073591	0.071037	0.038969	0.032402	0.220402	0.035551	0.321613
16	0.177571	0.027107	0.068111	0.067896	0.040352	0.029217	0.220900	0.035202	0.333644
17	0.176017	0.026287	0.063402	0.065404	0.041625	0.026396	0.221394	0.034813	0.344662
18	0.174809	0.025372	0.058974	0.063176	0.043136	0.023984	0.221157	0.034380	0.355012
19	0.173125	0.024668	0.054363	0.060578	0.044482	0.021682	0.221707	0.033957	0.365438
20	0.171307	0.023961	0.050404	0.058561	0.046211	0.019488	0.221646	0.033783	0.374639
21	0.169610	0.023115	0.046483	0.056448	0.047810	0.017719	0.221339	0.033539	0.383937
22	0.168433	0.022440	0.043020	0.054394	0.049589	0.016097	0.219708	0.033042	0.393277
23	0.166795	0.021781	0.039491	0.052330	0.051378	0.014673	0.219176	0.032771	0.401605
24	0.165289	0.021062	0.036260	0.050436	0.052998	0.013427	0.218189	0.032152	0.410187
25	0.163372	0.020267	0.033456	0.048438	0.054828	0.012235	0.217369	0.031506	0.418529
26	0.161499	0.019707	0.030670	0.046697	0.056216	0.010988	0.216637	0.031215	0.426371
27	0.159691	0.018829	0.028455	0.044957	0.057834	0.010069	0.214559	0.030933	0.434673
28	0.157853	0.018274	0.026240	0.043203	0.059769	0.009266	0.213627	0.030485	0.441283
29	0.156179	0.017692	0.023859	0.041390	0.061526	0.008377	0.211842	0.030073	0.449062
30	0.154147	0.017183	0.021973	0.039758	0.063162	0.007746	0.210430	0.029716	0.455885
31	0.152047	0.016659	0.020095	0.038192	0.065083	0.007074	0.209212	0.029130	0.462508
32	0.149924	0.016008	0.018325	0.036815	0.066879	0.006484	0.207397	0.028869	0.469299
33	0.147794	0.015664	0.016847	0.035307	0.068806	0.005897	0.205985	0.028158	0.475542
34	0.146110	0.015233	0.015528	0.033917	0.070379	0.005357	0.203896	0.027563	0.482017
35	0.143636	0.014727	0.014283	0.032245	0.072119	0.004881	0.202387	0.027038	0.488684
36	0.141511	0.014346	0.013138	0.030994	0.073714	0.004354	0.200251	0.026566	0.495126
37	0.139218	0.013802	0.012168	0.029829	0.075524	0.004043	0.198539	0.026356	0.500521
38	0.136377	0.013507	0.011218	0.028596	0.077353	0.003737	0.197053	0.025833	0.506326
39	0.134014	0.012988	0.010185	0.027545	0.079083	0.003336	0.195305	0.025473	0.512071
40	0.132208	0.012535	0.009302	0.026554	0.080623	0.003014	0.193060	0.024962	0.517742
41	0.129985	0.012122	0.008504	0.025391	0.082851	0.002740	0.190766	0.024515	0.523126
42	0.127365	0.011794	0.007878	0.024490	0.084390	0.002452	0.189189	0.023978	0.528464
43	0.125406	0.011331	0.007121	0.023540	0.086321	0.002317	0.186732	0.023549	0.533683
44	0.122657	0.010956	0.006505	0.022570	0.088342	0.002136	0.184923	0.023010	0.538901
45	0.120394	0.010672	0.005989	0.021813	0.089927	0.001999	0.182922	0.022689	0.543595
46	0.117976	0.010258	0.005442	0.020862	0.091493	0.001844	0.181006	0.022184	0.548935
47	0.115303	0.009772	0.004910	0.019910	0.093056	0.001724	0.179164	0.022061	0.554100
48	0.112739	0.009365	0.004552	0.019108	0.094590	0.001591	0.177765	0.021727	0.558563
49	0.110084	0.009096	0.004180	0.018353	0.096163	0.001439	0.175847	0.021341	0.563497
50	0.107535	0.008844	0.003744	0.017746	0.097925	0.001332	0.174045	0.021065	0.567764
51	0.104794	0.008597	0.003395	0.016863	0.099874	0.001217	0.172441	0.020770	0.572049
52	0.101876	0.008335	0.003155	0.016004	0.101218	0.001095	0.170567	0.020394	0.577356
53	0.098897	0.008043	0.002915	0.015291	0.102639	0.001035	0.169375	0.020162	0.581643
54	0.096321	0.007768	0.002613	0.014647	0.104467	0.000954	0.166834	0.020153	0.586243
55	0.093725	0.007433	0.002372	0.013956	0.105892	0.000860	0.165459	0.019828	0.590475
56	0.091021	0.007070	0.002150	0.013343	0.107447	0.000798	0.164193	0.019755	0.594223
57	0.088502	0.006703	0.001972	0.012803	0.108686	0.000716	0.162573	0.019325	0.598720
58	0.086077	0.006433	0.001737	0.012140	0.110043	0.000673	0.160434	0.019007	0.603456
59	0.083752	0.006192	0.001646	0.011563	0.111133	0.000636	0.159265	0.018592	0.607221
60	0.081326	0.005950	0.001471	0.011009	0.112642	0.000583	0.157371	0.018502	0.611146
61	0.078886	0.005741	0.001305	0.010519	0.114408	0.000500	0.155982	0.018047	0.614612
62	0.076554	0.005475	0.001157	0.010157	0.115349	0.000489	0.154672	0.017857	0.618290
63	0.073786	0.005218	0.001058	0.009758	0.116673	0.000464	0.153228	0.017457	0.622358
64	0.071982	0.005029	0.000967	0.009396	0.117949	0.000414	0.151546	0.017302	0.625415
65	0.069846	0.004757	0.000851	0.009184	0.119156	0.000373	0.149935	0.017314	0.628584
66	0.067495	0.004540	0.000740	0.008900	0.120331	0.000378	0.148629	0.016881	0.632106
67	0.065427	0.004265	0.000680	0.008467	0.121487	0.000338	0.147747	0.016994	0.634595
68	0.063223	0.004090	0.000614	0.008084	0.122695	0.000322	0.146547	0.016753	0.637672
69	0.060986	0.003842	0.000537	0.007654	0.123713	0.000307	0.145480	0.016445	0.641036
70	0.058844	0.003671	0.000502	0.007293	0.124441	0.000276	0.144554	0.016183	0.644236
71	0.056713	0.003544	0.000484	0.006960	0.125400	0.000259	0.143357	0.015834	0.647449
72	0.054561	0.003364	0.000440	0.006792	0.126087	0.000254	0.142092	0.015639	0.650771
73	0.052671	0.003315	0.000385	0.006472	0.127487	0.000225	0.141454	0.015456	0.652535
74	0.050769	0.003245	0.000351	0.006217	0.128252	0.000200	0.140704	0.015252	0.655010
75	0.048811	0.003022	0.000313	0.005985	0.128877	0.000189	0.139489	0.015231	0.658083
76	0.047078	0.002914	0.000279	0.005652	0.129988	0.000173	0.138449	0.015002	0.660465
77	0.045297	0.002780	0.000238	0.005396	0.130821	0.000152	0.137373	0.014878	0.663065
78	0.043630	0.002648	0.000222	0.005243	0.131164	0.000158	0.136408	0.014705	0.665822
79	0.042106	0.002564	0.000200	0.005051	0.131860	0.000155	0.135644	0.014502	0.667918
80	0.040628	0.002406	0.000172	0.004853	0.132359	0.000123	0.134546	0.014257	0.670656
81	0.038776	0.002287	0.000165	0.004703	0.133184	0.000124	0.133704	0.014088	0.672969
82	0.037291	0.002230	0.000136	0.004466	0.134148	0.000113	0.132751	0.013734	0.675131
83	0.035827	0.002165	0.000122	0.004195	0.134617	0.000108	0.132176	0.013620	0.677170
84	0.034452	0.002129	0.000101	0.004072	0.135433	0.000088	0.131143	0.013376	0.679206
85	0.032907	0.002060	0.000092	0.003864	0.136310	0.000081	0.130293	0.013147	0.681246
86	0.031432	0.001959	0.000067	0.003675	0.136782	0.000083	0.129293	0.013081	0.683628
87	0.030026	0.001919	0.000070	0.003534	0.137485	0.000078	0.128476	0.012915	0.685497
88	0.028767	0.001847	0.000065	0.003332	0.138384	0.000077	0.128077	0.012668	0.686783
89	0.027797	0.001764	0.000051	0.003151	0.138782	0.000067	0.127212	0.012544	0.688632
90	0.026724	0.001717	0.000042	0.003105	0.139128	0.000054	0.126488	0.012443	0.690299
91	0.025605	0.001678	0.000037	0.002975	0.139489	0.000046	0.125775	0.012368	0.692027
92	0.024573	0.001679	0.000030	0.002886	0.139977	0.000047	0.124496	0.012203	0.694109
93	0.023556	0.001634	0.000026	0.002754	0.140727	0.000042	0.123808	0.012118	0.695335
94	0.022604	0.001554	0.000026	0.002612	0.141103	0.000038	0.122862	0.011986	0.697215
95	0.021670	0.001471	0.000032	0.002587	0.141133	0.000029	0.121843	0.011969	0.699266
96	0.020750	0.001367	0.000030	0.002520	0.141710	0.000030	0.121116	0.011798	0.700679
97	0.019938	0.001251	0.000021	0.002482	0.141919	0.000029	0.120577	0.011650	0.702133
98	0.019033	0.001201	0.000023	0.002391	0.142452	0.000030	0.119899	0.011490	0.703481
99	0.018212	0.001127	0.000021	0.002282	0.143191	0.000032	0.119557	0.011385	0.704193
100	0.017611	0.001040	0.000019	0.002241	0.143197	0.000029	0.118841	0.011305	0.705717
101	0.016880	0.000983	0.000016	0.002174	0.143327	0.000023	0.118249	0.011290	0.707058
102	0.016331	0.000939	0.000023	0.002098	0.143651	0.000016	0.117275	0.011104	0.708563
103	0.015731	0.000839	0.000017	0.002024	0.143868	0.000013	0.116779	0.011133	0.709596
104	0.014976	0.000831	0.000012	0.002022	0.143621	0.000007	0.115829	0.011073	0.711629
105	0.014403	0.000775	0.000011	0.001920	0.143884	0.000009	0.115280	0.010979	0.712739
106	0.013821	0.000707	0.000012	0.001892	0.143931	0.000007	0.114887	0.010718	0.714025
107	0.013163	0.000671	0.000008	0.001907	0.144170	0.000003	0.114247	0.010641	0.715190
108	0.012597	0.000604	0.000008	0.001818	0.144274	0.000004	0.113513	0.010458	0.716724
109	0.011944	0.000593	0.000009	0.001727	0.144240	0.000003	0.112600	0.010489	0.718395
110	0.011471	0.000574	0.000011	0.001599	0.144460	0.000006	0.111742	0.010632	0.719505
111	0.011241	0.000535	0.000006	0.001598	0.144339	0.000005	0.110658	0.010528	0.721090
112	0.010792	0.000502	0.000008	0.001517	0.144244	0.000007	0.110203	0.010560	0.722167
113	0.010292	0.000487	0.000006	0.001463	0.144463	0.000006	0.109232	0.010527	0.723524
114	0.009869	0.000483	0.000006	0.001407	0.144329	0.000006	0.108664	0.010418	0.724818
115	0.009381	0.000482	0.000009	0.001355	0.144612	0.000005	0.107848	0.010326	0.725982
116	0.008860	0.000472	0.000010	0.001306	0.144661	0.000007	0.107368	0.010219	0.727097
117	0.008588	0.000452	0.000010	0.001283	0.144553	0.000008	0.107011	0.010117	0.727978
118	0.008160	0.000439	0.000011	0.001227	0.144805	0.000008	0.106436	0.010053	0.728861
119	0.007794	0.000439	0.000008	0.001183	0.144965	0.000007	0.105850	0.010186	0.729568
120	0.007527	0.000415	0.000010	0.001114	0.144658	0.000009	0.105333	0.010013	0.730921
121	0.007263	0.000413	0.000011	0.001123	0.144708	0.000005	0.104815	0.009859	0.731803
122	0.007038	0.000418	0.000011	0.001056	0.144491	0.000006	0.104391	0.009792	0.732797
123	0.006698	0.000412	0.000012	0.001064	0.144402	0.000002	0.103474	0.009608	0.734328
124	0.006529	0.000407	0.000010	0.001024	0.144114	0.000003	0.103002	0.009488	0.735423
125	0.006307	0.000411	0.000012	0.000994	0.144406	0.000001	0.102436	0.009390	0.736043
126	0.006191	0.000411	0.000017	0.000975	0.144311	0.000001	0.102103	0.009212	0.736779
127	0.005894	0.000411	0.000015	0.000969	0.144415	0.000001	0.101492	0.009075	0.737728
128	0.005650	0.000433	0.000014	0.000941	0.144396	0.000000	0.100876	0.008878	0.738812
129	0.005486	0.000432	0.000014	0.000931	0.144641	0.000000	0.100678	0.008722	0.739096
130	0.005169	0.000438	0.000006	0.000898	0.144625	0.000000	0.100195	0.008591	0.740078
131	0.004991	0.000427	0.000012	0.000856	0.144290	0.000000	0.100202	0.008507	0.740715
132	0.004835	0.000416	0.000013	0.000855	0.144368	0.000000	0.099936	0.008381	0.741196
133	0.004720	0.000403	0.000010	0.000824	0.144402	0.000000	0.099399	0.008237	0.742005
134	0.004573	0.000381	0.000009	0.000810	0.144120	0.000000	0.098816	0.008183	0.743108
135	0.004470	0.000353	0.000010	0.000793	0.143830	0.000000	0.098233	0.008155	0.744156
136	0.004280	0.000327	0.000011	0.000773	0.143734	0.000000	0.097298	0.008116	0.745461
137	0.004092	0.000329	0.000012	0.000738	0.143362	0.000000	0.097076	0.008052	0.746339
138	0.003930	0.000333	0.000014	0.000709	0.143114	0.000000	0.096630	0.008083	0.747187
139	0.003825	0.000336	0.000015	0.000643	0.143020	0.000000	0.096189	0.007928	0.748044
140	0.003645	0.000316	0.000012	0.000623	0.142854	0.000000	0.095892	0.007985	0.748673
141	0.003398	0.000307	0.000008	0.000612	0.143116	0.000000	0.095347	0.007940	0.749272
142	0.003254	0.000305	0.000009	0.000596	0.142848	0.000000	0.095394	0.007905	0.749689
143	0.003143	0.000291	0.000005	0.000570	0.142685	0.000000	0.094838	0.007872	0.750596
144	0.003085	0.000296	0.000005	0.000613	0.142315	0.000000	0.094253	0.007671	0.751762
145	0.002933	0.000270	0.000008	0.000594	0.142040	0.000000	0.093866	0.007622	0.752667
146	0.002864	0.000248	0.000004	0.000570	0.141914	0.000000	0.093627	0.007552	0.753221
147	0.002711	0.000250	0.000005	0.000563	0.141522	0.000000	0.093625	0.007455	0.753869
148	0.002622	0.000245	0.000005	0.000537	0.141680	0.000000	0.092936	0.007335	0.754640
149	0.002561	0.000245	0.000005	0.000520	0.141190	0.000000	0.092342	0.007214	0.755923
150	0.002461	0.000224	0.000003	0.000492	0.140941	0.000000	0.091747	0.007069	0.757063
151	0.002335	0.000217	0.000001	0.000490	0.140440	0.000000	0.091430	0.007078	0.758009
152	0.002234	0.000192	0.000003	0.000456	0.140247	0.000000	0.091391	0.007056	0.758421
153	0.002145	0.000177	0.000001	0.000455	0.140130	0.000000	0.091172	0.007070	0.758850
154	0.002136	0.000156	0.000000	0.000425	0.139818	0.000000	0.090881	0.006978	0.759606
155	0.002078	0.000153	0.000000	0.000406	0.139551	0.000000	0.090420	0.006892	0.760500
156	0.002015	0.000157	0.000000	0.000387	0.139290	0.000000	0.089759	0.006772	0.761620
157	0.001924	0.000157	0.000000	0.000370	0.139188	0.000000	0.089629	0.006786	0.761946
158	0.001892	0.000148	0.000000	0.000377	0.138883	0.000000	0.089310	0.006824	0.762566
159	0.001785	0.000159	0.000000	0.000330	0.138603	0.000000	0.088646	0.006769	0.763708
160	0.001776	0.000144	0.000000	0.000313	0.138608	0.000000	0.088761	0.006679	0.763719
161	0.001743	0.000136	0.000000	0.000292	0.138295	0.000000	0.088152	0.006644	0.764738
162	0.001740	0.000143	0.000000	0.000288	0.138037	0.000000	0.088121	0.006647	0.765024
163	0.001698	0.000145	0.000000	0.000280	0.137587	0.000000	0.087760	0.006540	0.765990
164	0.001604	0.000147	0.000000	0.000291	0.137567	0.000000	0.087430	0.006468	0.766493
165	0.001550	0.000146	0.000000	0.000284	0.137009	0.000000	0.087122	0.006526	0.767363
166	0.001525	0.000153	0.000000	0.000259	0.136710	0.000000	0.086780	0.006449	0.768124
167	0.001524	0.000152	0.000000	0.000269	0.136412	0.000000	0.086454	0.006397	0.768792
168	0.001470	0.000147	0.000000	0.000282	0.136258	0.000000	0.085887	0.006398	0.769558
169	0.001461	0.000149	0.000000	0.000248	0.135772	0.000000	0.085611	0.006375	0.770384
170	0.001369	0.000152	0.000000	0.000227	0.135317	0.000000	0.085514	0.006299	0.771122
171	0.001362	0.000137	0.000000	0.000222	0.135096	0.000000	0.085324	0.006329	0.771530
172	0.001344	0.000136	0.000000	0.000190	0.134654	0.000000	0.084981	0.006327	0.772368
173	0.001301	0.000135	0.000000	0.000181	0.134084	0.000000	0.084626	0.006328	0.773345
174	0.001276	0.000131	0.000000	0.000178	0.133795	0.000000	0.084352	0.006189	0.774079
175	0.001196	0.000139	0.000000	0.000171	0.133513	0.000000	0.084176	0.006089	0.774716
176	0.001133	0.000149	0.000000	0.000164	0.133266	0.000000	0.083721	0.005969	0.775598
177	0.001087	0.000145	0.000000	0.000181	0.133027	0.000000	0.083656	0.005863	0.776041
178	0.001091	0.000135	0.000000	0.000160	0.132570	0.000000	0.083135	0.005755	0.777154
179	0.001005	0.000144	0.000000	0.000173	0.132342	0.000000	0.082642	0.005771	0.777923
180	0.000950	0.000137	0.000000	0.000161	0.132129	0.000000	0.082403	0.005728	0.778492
181	0.000912	0.000136	0.000000	0.000166	0.131542	0.000000	0.082344	0.005687	0.779213
182	0.000893	0.000136	0.000000	0.000166	0.130996	0.000000	0.081849	0.005678	0.780282
183	0.000813	0.000123	0.000000	0.000156	0.130488	0.000000	0.082288	0.005525	0.780607
184	0.000785	0.000119	0.000000	0.000163	0.130610	0.000000	0.081759	0.005423	0.781141
185	0.000740	0.000114	0.000000	0.000148	0.129987	0.000000	0.081722	0.005406	0.781883
186	0.000698	0.000100	0.000000	0.000140	0.129636	0.000000	0.081464	0.005373	0.782589
187	0.000635	0.000095	0.000000	0.000120	0.129242	0.000000	0.081115	0.005332	0.783461
188	0.000605	0.000098	0.000000	0.000113	0.129276	0.000000	0.080709	0.005351	0.783848
189	0.000551	0.000090	0.000000	0.000110	0.129132	0.000000	0.080679	0.005300	0.784138
190	0.000539	0.000088	0.000000	0.000122	0.129006	0.000000	0.080419	0.005165	0.784661
191	0.000500	0.000090	0.000000	0.000115	0.128624	0.000000	0.080356	0.005246	0.785069
192	0.000450	0.000084	0.000000	0.000117	0.128245	0.000000	0.079697	0.005203	0.786204
193	0.000435	0.000096	0.000000	0.000115	0.127749	0.000000	0.079654	0.005166	0.786785
194	0.000402	0.000095	0.000000	0.000108	0.127531	0.000000	0.079467	0.005134	0.787263
195	0.000382	0.000096	0.000000	0.000107	0.126964	0.000000	0.078915	0.005101	0.788435
196	0.000337	0.000102	0.000000	0.000099	0.126781	0.000000	0.078603	0.005160	0.788918
197	0.000333	0.000093	0.000000	0.000096	0.126485	0.000000	0.078655	0.005188	0.789150
198	0.000274	0.000087	0.000000	0.000102	0.126302	0.000000	0.078372	0.005169	0.789694
199	0.000283	0.000084	0.000000	0.000105	0.126076	0.000000	0.077699	0.005129	0.790624
200	0.000267	0.000090	0.000000	0.000099	0.125615	0.000000	0.077520	0.005059	0.791350
201	0.000259	0.000068	0.000000	0.000102	0.125138	0.000000	0.077518	0.004995	0.791920
202	0.000225	0.000058	0.000000	0.000092	0.125032	0.000000	0.077394	0.004945	0.792254
203	0.000233	0.000051	0.000000	0.000087	0.124759	0.000000	0.077246	0.004997	0.792627
204	0.000236	0.000039	0.000000	0.000076	0.124380	0.000000	0.077172	0.004978	0.793119
205	0.000247	0.000033	0.000000	0.000075	0.124228	0.000000	0.076699	0.004979	0.793739
206	0.000227	0.000030	0.000000	0.000077	0.123772	0.000000	0.076660	0.004940	0.794294
207	0.000245	0.000021	0.000000	0.000082	0.123091	0.000000	0.076313	0.004904	0.795344
208	0.000246	0.000022	0.000000	0.000087	0.122650	0.000000	0.076164	0.005014	0.795817
209	0.000240	0.000018	0.000000	0.000068	0.122355	0.000000	0.076287	0.004968	0.796064
210	0.000239	0.000018	0.000000	0.000057	0.122083	0.000000	0.076055	0.004863	0.796685
211	0.000241	0.000022	0.000000	0.000051	0.121756	0.000000	0.075605	0.004891	0.797434
212	0.000240	0.000019	0.000000	0.000040	0.121434	0.000000	0.075561	0.004923	0.797783
213	0.000236	0.000012	0.000000	0.000037	0.120980	0.000000	0.075472	0.004878	0.798385
214	0.000230	0.000012	0.000000	0.000030	0.120506	0.000000	0.075332	0.004795	0.799095
215	0.000228	0.000011	0.000000	0.000024	0.119949	0.000000	0.075184	0.004801	0.799803
216	0.000214	0.000010	0.000000	0.000023	0.119708	0.000000	0.074946	0.004784	0.800315
217	0.000210	0.000004	0.000000	0.000030	0.119301	0.000000	0.074626	0.004829	0.801000
218	0.000201	0.000005	0.000000	0.000035	0.118636	0.000000	0.074595	0.004762	0.801766
219	0.000199	0.000003	0.000000	0.000030	0.118425	0.000000	0.074760	0.004658	0.801925
220	0.000210	0.000003	0.000000	0.000029	0.118116	0.000000	0.074583	0.004589	0.802470
221	0.000196	0.000006	0.000000	0.000023	0.117833	0.000000	0.074211	0.004590	0.803141
222	0.000199	0.000006	0.000000	0.000026	0.117487	0.000000	0.074291	0.004506	0.803485
223	0.000185	0.000009	0.000000	0.000027	0.117058	0.000000	0.074227	0.004383	0.804111
224	0.000166	0.000011	0.000000	0.000029	0.116581	0.000000	0.073835	0.004293	0.805085
225	0.000167	0.000013	0.000000	0.000031	0.115929	0.000000	0.073955	0.004315	0.805590
226	0.000150	0.000014	0.000000	0.000027	0.115588	0.000000	0.073731	0.004292	0.806198
227	0.000131	0.000012	0.000000	0.000029	0.114985	0.000000	0.073294	0.004332	0.807217
228	0.000129	0.000014	0.000000	0.000028	0.114500	0.000000	0.073401	0.004273	0.807655
229	0.000122	0.000013	0.000000	0.000023	0.114208	0.000000	0.073104	0.004255	0.808275
230	0.000121	0.000012	0.000000	0.000028	0.114005	0.000000	0.073071	0.004215	0.808548
231	0.000112	0.000012	0.000000	0.000023	0.113429	0.000000	0.072729	0.004181	0.809514
232	0.000112	0.000007	0.000000	0.000024	0.113128	0.000000	0.072582	0.004174	0.809973
233	0.000105	0.000005	0.000000	0.000017	0.112654	0.000000	0.072453	0.004142	0.810624
234	0.000104	0.000004	0.000000	0.000020	0.112217	0.000000	0.072350	0.004111	0.811194
235	0.000090	0.000005	0.000000	0.000016	0.111878	0.000000	0.072223	0.004043	0.811745
236	0.000089	0.000004	0.000000	0.000012	0.111533	0.000000	0.071821	0.004129	0.812412
237	0.000092	0.000002	0.000000	0.000011	0.111208	0.000000	0.071592	0.004035	0.813060
238	0.000088	0.000002	0.000000	0.000009	0.111000	0.000000	0.071600	0.004069	0.813232
239	0.000082	0.000003	0.000000	0.000006	0.110457	0.000000	0.071467	0.004047	0.813938
240	0.000075	0.000005	0.000000	0.000009	0.110120	0.000000	0.071260	0.004016	0.814515
241	0.000084	0.000005	0.000000	0.000011	0.109884	0.000000	0.070780	0.004031	0.815205
242	0.000088	0.000006	0.000000	0.000011	0.109384	0.000000	0.070572	0.004000	0.815939
243	0.000090	0.000007	0.000000	0.000009	0.108893	0.000000	0.070143	0.003983	0.816875
244	0.000082	0.000006	0.000000	0.000008	0.108755	0.000000	0.070003	0.003921	0.817225
245	0.000075	0.000007	0.000000	0.000007	0.108498	0.000000	0.070047	0.003799	0.817567
246	0.000069	0.000007	0.000000	0.000008	0.108130	0.000000	0.069964	0.003789	0.818033
247	0.000069	0.000008	0.000000	0.000007	0.107779	0.000000	0.069507	0.003848	0.818782
248	0.000073	0.000010	0.000000	0.000008	0.107354	0.000000	0.069187	0.003864	0.819504
249	0.000078	0.000012	0.000000	0.000011	0.107142	0.000000	0.069456	0.003732	0.819569
250	0.000080	0.000013	0.000000	0.000004	0.106999	0.000000	0.069433	0.003681	0.819790
251	0.000071	0.000012	0.000000	0.000004	0.106540	0.000000	0.069365	0.003622	0.820386
252	0.000068	0.000010	0.000000	0.000001	0.106113	0.000000	0.068809	0.003658	0.821341
253	0.000071	0.000010	0.000000	0.000001	0.105796	0.000000	0.068836	0.003583	0.821703
254	0.000071	0.000003	0.000000	0.000000	0.105523	0.000000	0.068663	0.003498	0.822242
255	0.000076	0.000004	0.000000	0.000000	0.105094	0.000000	0.068825	0.003443	0.822558
256	0.000082	0.000006	0.000000	0.000000	0.104592	0.000000	0.068742	0.003418	0.823160
257	0.000082	0.000008	0.000000	0.000000	0.104250	0.000000	0.068446	0.003397	0.823817
258	0.000092	0.000007	0.000000	0.000000	0.103867	0.000000	0.068097	0.003394	0.824543
259	0.000085	0.000008	0.000000	0.000000	0.103593	0.000000	0.067538	0.003351	0.825425
260	0.000087	0.000007	0.000000	0.000000	0.103291	0.000000	0.067524	0.003413	0.825678
261	0.000076	0.000006	0.000000	0.000000	0.102757	0.000000	0.067369	0.003478	0.826314
262	0.000072	0.000002	0.000000	0.000000	0.102390	0.000000	0.067128	0.003411	0.826997
263	0.000080	0.000002	0.000000	0.000000	0.102327	0.000000	0.066823	0.003413	0.827355
264	0.000070	0.000001	0.000000	0.000000	0.101910	0.000000	0.066885	0.003328	0.827806
265	0.000082	0.000003	0.000000	0.000000	0.101779	0.000000	0.066637	0.003374	0.828125
266	0.000088	0.000003	0.000000	0.000000	0.101368	0.000000	0.066402	0.003332	0.828807
267	0.000082	0.000004	0.000000	0.000000	0.101289	0.000000	0.066624	0.003252	0.828749
268	0.000082	0.000006	0.000000	0.000000	0.100728	0.000000	0.066512	0.003350	0.829322
269	0.000071	0.000003	0.000000	0.000000	0.100278	0.000000	0.066270	0.003312	0.830066
270	0.000069	0.000005	0.000000	0.000000	0.100235	0.000000	0.066135	0.003303	0.830253
271	0.000054	0.000006	0.000000	0.000000	0.099664	0.000000	0.066157	0.003287	0.830832
272	0.000051	0.000003	0.000000	0.000000	0.099259	0.000000	0.066017	0.003338	0.831332
273	0.000048	0.000006	0.000000	0.000000	0.099049	0.000000	0.066040	0.003315	0.831542
274	0.000045	0.000007	0.000000	0.000000	0.098722	0.000000	0.065833	0.003232	0.832161
275	0.000043	0.000012	0.000000	0.000000	0.098379	0.000000	0.065723	0.003179	0.832664
276	0.000038	0.000013	0.000000	0.000000	0.097984	0.000000	0.065493	0.003176	0.833296
277	0.000044	0.000015	0.000000	0.000000	0.097634	0.000000	0.065356	0.003150	0.833801
278	0.000035	0.000021	0.000000	0.000000	0.097344	0.000000	0.065413	0.003109	0.834078
279	0.000028	0.000020	0.000000	0.000000	0.097014	0.000000	0.065559	0.003024	0.834355
280	0.000018	0.000021	0.000000	0.000000	0.096630	0.000000	0.065279	0.002998	0.835054
281	0.000017	0.000018	0.000000	0.000000	0.096277	0.000000	0.065240	0.003010	0.835438
282	0.000018	0.000020	0.000000	0.000000	0.096298	0.000000	0.064982	0.003007	0.835675
283	0.000009	0.000018	0.000000	0.000000	0.095590	0.000000	0.065053	0.002999	0.836331
284	0.000008	0.000023	0.000000	0.000000	0.095217	0.000000	0.064719	0.002977	0.837056
285	0.000011	0.000025	0.000000	0.000000	0.094656	0.000000	0.064728	0.003071	0.837509
286	0.000009	0.000024	0.000000	0.000000	0.094284	0.000000	0.064567	0.003114	0.838002
287	0.000006	0.000024	0.000000	0.000000	0.094108	0.000000	0.064357	0.003061	0.838444
288	0.000008	0.000032	0.000000	0.000000	0.093584	0.000000	0.064708	0.003033	0.838635
289	0.000005	0.000029	0.000000	0.000000	0.093243	0.000000	0.064695	0.003013	0.839015
290	0.000007	0.000027	0.000000	0.000000	0.093090	0.000000	0.064626	0.002983	0.839267
291	0.000008	0.000026	0.000000	0.000000	0.092868	0.000000	0.064598	0.002980	0.839520
292	0.000011	0.000029	0.000000	0.000000	0.092505	0.000000	0.064325	0.003057	0.840073
293	0.000011	0.000024	0.000000	0.000000	0.092414	0.000000	0.064098	0.003078	0.840375
294	0.000010	0.000019	0.000000	0.000000	0.092066	0.000000	0.063828	0.003099	0.840978
295	0.000010	0.000019	0.000000	0.000000	0.091681	0.000000	0.063739	0.003065	0.841486
296	0.000009	0.000015	0.000000	0.000000	0.091459	0.000000	0.063337	0.003049	0.842131
297	0.000005	0.000016	0.000000	0.000000	0.091068	0.000000	0.063372	0.003081	0.842458
298	0.000006	0.000013	0.000000	0.000000	0.090895	0.000000	0.063221	0.003076	0.842789
299	0.000003	0.000010	0.000000	0.000000	0.090663	0.000000	0.063538	0.003080	0.842706
300	0.000002	0.000007	0.000000	0.000000	0.090157	0.000000	0.063371	0.003173	0.843290
301	0.000004	0.000007	0.000000	0.000000	0.089848	0.000000	0.063124	0.003155	0.843862
302	0.000001	0.000008	0.000000	0.000000	0.089437	0.000000	0.062907	0.003159	0.844488
303	0.000002	0.000006	0.000000	0.000000	0.089128	0.000000	0.062714	0.003129	0.845021
304	0.000001	0.000004	0.000000	0.000000	0.088990	0.000000	0.062598	0.003145	0.845262
305	0.000002	0.000004	0.000000	0.000000	0.088808	0.000000	0.062080	0.003142	0.845964
306	0.000001	0.000002	0.000000	0.000000	0.088575	0.000000	0.061895	0.003096	0.846431
307	0.000001	0.000001	0.000000	0.000000	0.088326	0.000000	0.061596	0.003126	0.846950
308	0.000001	0.000000	0.000000	0.000000	0.087917	0.000000	0.061660	0.003182	0.847240
309	0.000002	0.000000	0.000000	0.000000	0.087743	0.000000	0.061876	0.003162	0.847217
310	0.000005	0.000000	0.000000	0.000000	0.087433	0.000000	0.061837	0.003140	0.847585
311	0.000007	0.000000	0.000000	0.000000	0.087001	0.000000	0.061539	0.003079	0.848374
312	0.000006	0.000000	0.000000	0.000000	0.086910	0.000000	0.061580	0.003122	0.848382
313	0.000005	0.000000	0.000000	0.000000	0.086454	0.000000	0.061264	0.003172	0.849105
314	0.000005	0.000000	0.000000	0.000000	0.086293	0.000000	0.061597	0.003132	0.848973
315	0.000003	0.000000	0.000000	0.000000	0.085984	0.000000	0.061322	0.003092	0.849599
316	0.000001	0.000000	0.000000	0.000000	0.085806	0.000000	0.060801	0.003075	0.850317
317	0.000001	0.000000	0.000000	0.000000	0.085564	0.000000	0.060756	0.003121	0.850558
318	0.000003	0.000000	0.000000	0.000000	0.085174	0.000000	0.060349	0.003122	0.851352
319	0.000002	0.000000	0.000000	0.000000	0.084777	0.000000	0.060311	0.003127	0.851783
320	0.000002	0.000000	0.000000	0.000000	0.084485	0.000000	0.060211	0.003115	0.852187
321	0.000001	0.000000	0.000000	0.000000	0.084199	0.000000	0.059884	0.003119	0.852797
322	0.000002	0.000000	0.000000	0.000000	0.083899	0.000000	0.059669	0.003088	0.853342
323	0.000002	0.000000	0.000000	0.000000	0.083758	0.000000	0.059534	0.003074	0.853632
324	0.000002	0.000000	0.000000	0.000000	0.083458	0.000000	0.059859	0.003003	0.853678
325	0.000001	0.000000	0.000000	0.000000	0.083261	0.000000	0.059753	0.002941	0.854044
326	0.000000	0.000000	0.000000	0.000000	0.082940	0.000000	0.059762	0.002947	0.854351
327	0.000000	0.000000	0.000000	0.000000	0.082620	0.000000	0.059640	0.002914	0.854826
328	0.000000	0.000000	0.000000	0.000000	0.082202	0.000000	0.059512	0.002884	0.855402
329	0.000000	0.000000	0.000000	0.000000	0.081857	0.000000	0.059514	0.002871	0.855758
330	0.000000	0.000000	0.000000	0.000000	0.081508	0.000000	0.059390	0.002893	0.856209
331	0.000000	0.000000	0.000000	0.000000	0.081459	0.000000	0.059203	0.002921	0.856417
332	0.000000	0.000000	0.000000	0.000000	0.081186	0.000000	0.059166	0.002873	0.856775
333	0.000000	0.000000	0.000000	0.000000	0.080866	0.000000	0.059173	0.002853	0.857108
334	0.000000	0.000000	0.000000	0.000000	0.080536	0.000000	0.059009	0.002885	0.857570
335	0.000000	0.000000	0.000000	0.000000	0.080195	0.000000	0.059085	0.002870	0.857850
336	0.000000	0.000000	0.000000	0.000000	0.079937	0.000000	0.058929	0.002868	0.858266
337	0.000000	0.000000	0.000000	0.000000	0.079735	0.000000	0.058819	0.002848	0.858598
338	0.000000	0.000000	0.000000	0.000000	0.079468	0.000000	0.058555	0.002908	0.859069
339	0.000000	0.000000	0.000000	0.000000	0.079232	0.000000	0.058547	0.002888	0.859333
340	0.000000	0.000000	0.000000	0.000000	0.078992	0.000000	0.058483	0.002963	0.859562
341	0.000000	0.000000	0.000000	0.000000	0.078637	0.000000	0.058466	0.002965	0.859932
342	0.000000	0.000000	0.000000	0.000000	0.078277	0.000000	0.058144	0.003047	0.860532
343	0.000000	0.000000	0.000000	0.000000	0.077906	0.000000	0.058004	0.003035	0.861055
344	0.000000	0.000000	0.000000	0.000000	0.077789	0.000000	0.058182	0.002977	0.861052
345	0.000000	0.000000	0.000000	0.000000	0.077251	0.000000	0.058179	0.002892	0.861678
346	0.000000	0.000000	0.000000	0.000000	0.077091	0.000000	0.058200	0.002881	0.861828
347	0.000000	0.000000	0.000000	0.000000	0.076688	0.000000	0.058308	0.002816	0.862188
348	0.000000	0.000000	0.000000	0.000000	0.076352	0.000000	0.058347	0.002796	0.862505
349	0.000000	0.000000	0.000000	0.000000	0.075930	0.000000	0.058194	0.002793	0.863083
350	0.000000	0.000000	0.000000	0.000000	0.075725	0.000000	0.058366	0.002802	0.863107
351	0.000000	0.000000	0.000000	0.000000	0.075494	0.000000	0.058432	0.002789	0.863285
352	0.000000	0.000000	0.000000	0.000000	0.075244	0.000000	0.058204	0.002737	0.863815
353	0.000000	0.000000	0.000000	0.000000	0.074933	0.000000	0.058429	0.002696	0.863942
354	0.000000	0.000000	0.000000	0.000000	0.074665	0.000000	0.058438	0.002678	0.864219
355	0.000000	0.000000	0.000000	0.000000	0.074353	0.000000	0.058442	0.002600	0.864605
356	0.000000	0.000000	0.000000	0.000000	0.074036	0.000000	0.058104	0.002596	0.865264
357	0.000000	0.000000	0.000000	0.000000	0.073672	0.000000	0.058036	0.002569	0.865723
358	0.000000	0.000000	0.000000	0.000000	0.073716	0.000000	0.057813	0.002619	0.865852
359	0.000000	0.000000	0.000000	0.000000	0.073534	0.000000	0.057734	0.002623	0.866109
360	0.000000	0.000000	0.000000	0.000000	0.073309	0.000000	0.057798	0.002639	0.866254
361	0.000000	0.000000	0.000000	0.000000	0.072922	0.000000	0.057669	0.002552	0.866857
362	0.000000	0.000000	0.000000	0.000000	0.072586	0.000000	0.057697	0.002518	0.867199
363	0.000000	0.000000	0.000000	0.000000	0.072332	0.000000	0.057795	0.002505	0.867368
364	0.000000	0.000000	0.000000	0.000000	0.072145	0.000000	0.057932	0.002439	0.867484
365	0.000000	0.000000	0.000000	0.000000	0.071977	0.000000	0.057794	0.002422	0.867807
366	0.000000	0.000000	0.000000	0.000000	0.071773	0.000000	0.057773	0.002408	0.868046
367	0.000000	0.000000	0.000000	0.000000	0.071553	0.000000	0.057732	0.002438	0.868277
368	0.000000	0.000000	0.000000	0.000000	0.071298	0.000000	0.057551	0.002478	0.868673
369	0.000000	0.000000	0.000000	0.000000	0.071137	0.000000	0.057591	0.002459	0.868813
370	0.000000	0.000000	0.000000	0.000000	0.070906	0.000000	0.057505	0.002414	0.869175
371	0.000000	0.000000	0.000000	0.000000	0.070779	0.000000	0.057436	0.002430	0.869355
372	0.000000	0.000000	0.000000	0.000000	0.070552	0.000000	0.057674	0.002388	0.869386
373	0.000000	0.000000	0.000000	0.000000	0.070084	0.000000	0.057730	0.002382	0.869804
374	0.000000	0.000000	0.000000	0.000000	0.069833	0.000000	0.057640	0.002313	0.870214
375	0.000000	0.000000	0.000000	0.000000	0.069636	0.000000	0.057478	0.002279	0.870607
376	0.000000	0.000000	0.000000	0.000000	0.069050	0.000000	0.057086	0.002312	0.871552
377	0.000000	0.000000	0.000000	0.000000	0.068909	0.000000	0.056837	0.002263	0.871991
378	0.000000	0.000000	0.000000	0.000000	0.068627	0.000000	0.056790	0.002231	0.872352
379	0.000000	0.000000	0.000000	0.000000	0.068556	0.000000	0.056594	0.002223	0.872627
380	0.000000	0.000000	0.000000	0.000000	0.068513	0.000000	0.056553	0.002175	0.872759
381	0.000000	0.000000	0.000000	0.000000	0.068226	0.000000	0.056501	0.002163	0.873110
382	0.000000	0.000000	0.000000	0.000000	0.068200	0.000000	0.056373	0.002188	0.873239
383	0.000000	0.000000	0.000000	0.000000	0.067705	0.000000	0.056461	0.002166	0.873668
384	0.000000	0.000000	0.000000	0.000000	0.067554	0.000000	0.056468	0.002146	0.873832
385	0.000000	0.000000	0.000000	0.000000	0.067401	0.000000	0.056648	0.002164	0.873787
386	0.000000	0.000000	0.000000	0.000000	0.067173	0.000000	0.056789	0.002158	0.873880
387	0.000000	0.000000	0.000000	0.000000	0.066893	0.000000	0.056400	0.002132	0.874575
388	0.000000	0.000000	0.000000	0.000000	0.066640	0.000000	0.056508	0.002150	0.874702
389	0.000000	0.000000	0.000000	0.000000	0.066424	0.000000	0.056383	0.002155	0.875038
390	0.000000	0.000000	0.000000	0.000000	0.066200	0.000000	0.056090	0.002151	0.875559
391	0.000000	0.000000	0.000000	0.000000	0.065932	0.000000	0.056203	0.002182	0.875683
392	0.000000	0.000000	0.000000	0.000000	0.065571	0.000000	0.056151	0.002167	0.876111
393	0.000000	0.000000	0.000000	0.000000	0.065102	0.000000	0.056216	0.002231	0.876451
394	0.000000	0.000000	0.000000	0.000000	0.064990	0.000000	0.056388	0.002162	0.876460
395	0.000000	0.000000	0.000000	0.000000	0.064794	0.000000	0.056121	0.002143	0.876942
396	0.000000	0.000000	0.000000	0.000000	0.064575	0.000000	0.056163	0.002155	0.877107
397	0.000000	0.000000	0.000000	0.000000	0.064235	0.000000	0.056076	0.002143	0.877546
398	0.000000	0.000000	0.000000	0.000000	0.063915	0.000000	0.056027	0.002169	0.877889
399	0.000000	0.000000	0.000000	0.000000	0.063696	0.000000	0.055893	0.002175	0.878236
400	0.000000	0.000000	0.000000	0.000000	0.063352	0.000000	0.055869	0.002129	0.878650
401	0.000000	0.000000	0.000000	0.000000	0.063050	0.000000	0.055797	0.002161	0.878992
402	0.000000	0.000000	0.000000	0.000000	0.062673	0.000000	0.055666	0.002147	0.879514
403	0.000000	0.000000	0.000000	0.000000	0.062435	0.000000	0.055745	0.002118	0.879702
404	0.000000	0.000000	0.000000	0.000000	0.062222	0.000000	0.055696	0.002136	0.879946
405	0.000000	0.000000	0.000000	0.000000	0.061831	0.000000	0.055674	0.002099	0.880396
406	0.000000	0.000000	0.000000	0.000000	0.061696	0.000000	0.055347	0.002080	0.880877
407	0.000000	0.000000	0.000000	0.000000	0.061446	0.000000	0.055518	0.002042	0.880994
408	0.000000	0.000000	0.000000	0.000000	0.061309	0.000000	0.055301	0.002066	0.881324
409	0.000000	0.000000	0.000000	0.000000	0.061212	0.000000	0.055182	0.002071	0.881535
410	0.000000	0.000000	0.000000	0.000000	0.060932	0.000000	0.055148	0.002054	0.881866
411	0.000000	0.000000	0.000000	0.000000	0.060543	0.000000	0.055220	0.002071	0.882166
412	0.000000	0.000000	0.000000	0.000000	0.060263	0.000000	0.055212	0.002076	0.882449
413	0.000000	0.000000	0.000000	0.000000	0.060154	0.000000	0.055105	0.002102	0.882639
414	0.000000	0.000000	0.000000	0.000000	0.059816	0.000000	0.055505	0.002046	0.882633
415	0.000000	0.000000	0.000000	0.000000	0.059489	0.000000	0.055471	0.002061	0.882979
416	0.000000	0.000000	0.000000	0.000000	0.059218	0.000000	0.055656	0.002058	0.883068
417	0.000000	0.000000	0.000000	0.000000	0.059047	0.000000	0.055670	0.001996	0.883287
418	0.000000	0.000000	0.000000	0.000000	0.058880	0.000000	0.055610	0.002012	0.883498
419	0.000000	0.000000	0.000000	0.000000	0.058745	0.000000	0.055706	0.002033	0.883516
420	0.000000	0.000000	0.000000	0.000000	0.058522	0.000000	0.055673	0.002031	0.883774
421	0.000000	0.000000	0.000000	0.000000	0.058310	0.000000	0.055569	0.002023	0.884098
422	0.000000	0.000000	0.000000	0.000000	0.058244	0.000000	0.056029	0.002018	0.883709
423	0.000000	0.000000	0.000000	0.000000	0.057887	0.000000	0.055794	0.002021	0.884298
424	0.000000	0.000000	0.000000	0.000000	0.057646	0.000000	0.055951	0.002031	0.884372
425	0.000000	0.000000	0.000000	0.000000	0.057237	0.000000	0.055723	0.002064	0.884976
426	0.000000	0.000000	0.000000	0.000000	0.057047	0.000000	0.055554	0.002076	0.885323
427	0.000000	0.000000	0.000000	0.000000	0.056651	0.000000	0.055326	0.002080	0.885943
428	0.000000	0.000000	0.000000	0.000000	0.056418	0.000000	0.055215	0.002114	0.886253
429	0.000000	0.000000	0.000000	0.000000	0.056260	0.000000	0.055124	0.002118	0.886498
430	0.000000	0.000000	0.000000	0.000000	0.056008	0.000000	0.055146	0.002103	0.886743
431	0.000000	0.000000	0.000000	0.000000	0.055930	0.000000	0.055226	0.002102	0.886742
432	0.000000	0.000000	0.000000	0.000000	0.055567	0.000000	0.055254	0.002157	0.887022
433	0.000000	0.000000	0.000000	0.000000	0.055397	0.000000	0.055331	0.002142	0.887130
434	0.000000	0.000000	0.000000	0.000000	0.055187	0.000000	0.055322	0.002149	0.887342
435	0.000000	0.000000	0.000000	0.000000	0.054845	0.000000	0.055282	0.002168	0.887705
436	0.000000	0.000000	0.000000	0.000000	0.054583	0.000000	0.055306	0.002179	0.887932
437	0.000000	0.000000	0.000000	0.000000	0.054227	0.000000	0.055176	0.002172	0.888425
438	0.000000	0.000000	0.000000	0.000000	0.054059	0.000000	0.055192	0.002164	0.888585
439	0.000000	0.000000	0.000000	0.000000	0.053899	0.000000	0.055288	0.002132	0.888681
440	0.000000	0.000000	0.000000	0.000000	0.053705	0.000000	0.055468	0.002144	0.888683
441	0.000000	0.000000	0.000000	0.000000	0.053764	0.000000	0.055534	0.002124	0.888578
442	0.000000	0.000000	0.000000	0.000000	0.053780	0.000000	0.055554	0.002079	0.888587
443	0.000000	0.000000	0.000000	0.000000	0.053488	0.000000	0.055590	0.002103	0.888819
444	0.000000	0.000000	0.000000	0.000000	0.053287	0.000000	0.056015	0.002064	0.888634
445	0.000000	0.000000	0.000000	0.000000	0.053319	0.000000	0.055801	0.002062	0.888818
446	0.000000	0.000000	0.000000	0.000000	0.053002	0.000000	0.055988	0.002039	0.888971
447	0.000000	0.000000	0.000000	0.000000	0.052817	0.000000	0.055899	0.002025	0.889259
448	0.000000	0.000000	0.000000	0.000000	0.052704	0.000000	0.055972	0.001996	0.889328
449	0.000000	0.000000	0.000000	0.000000	0.052347	0.000000	0.055991	0.001988	0.889674
450	0.000000	0.000000	0.000000	0.000000	0.052288	0.000000	0.056191	0.002037	0.889484
451	0.000000	0.000000	0.000000	0.000000	0.052107	0.000000	0.055843	0.001997	0.890053
452	0.000000	0.000000	0.000000	0.000000	0.051840	0.000000	0.055918	0.001981	0.890261
453	0.000000	0.000000	0.000000	0.000000	0.051659	0.000000	0.055940	0.001983	0.890418
454	0.000000	0.000000	0.000000	0.000000	0.051329	0.000000	0.055494	0.001960	0.891217
455	0.000000	0.000000	0.000000	0.000000	0.051198	0.000000	0.055352	0.001973	0.891477
456	0.000000	0.000000	0.000000	0.000000	0.051042	0.000000	0.055073	0.001982	0.891903
457	0.000000	0.000000	0.000000	0.000000	0.050871	0.000000	0.055021	0.001961	0.892147
458	0.000000	0.000000	0.000000	0.000000	0.050617	0.000000	0.055050	0.001934	0.892399
459	0.000000	0.000000	0.000000	0.000000	0.050364	0.000000	0.054776	0.001932	0.892928
460	0.000000	0.000000	0.000000	0.000000	0.050372	0.000000	0.054578	0.001960	0.893090
461	0.000000	0.000000	0.000000	0.000000	0.050047	0.000000	0.054621	0.001949	0.893383
462	0.000000	0.000000	0.000000	0.000000	0.049918	0.000000	0.054116	0.001942	0.894024
463	0.000000	0.000000	0.000000	0.000000	0.049703	0.000000	0.054105	0.001925	0.894267
464	0.000000	0.000000	0.000000	0.000000	0.049583	0.000000	0.054548	0.001902	0.893967
465	0.000000	0.000000	0.000000	0.000000	0.049448	0.000000	0.054713	0.001939	0.893900
466	0.000000	0.000000	0.000000	0.000000	0.049274	0.000000	0.054758	0.001930	0.894038
467	0.000000	0.000000	0.000000	0.000000	0.049066	0.000000	0.054776	0.001921	0.894237
468	0.000000	0.000000	0.000000	0.000000	0.048948	0.000000	0.054873	0.001899	0.894280
469	0.000000	0.000000	0.000000	0.000000	0.048789	0.000000	0.054604	0.001933	0.894674
470	0.000000	0.000000	0.000000	0.000000	0.048577	0.000000	0.054461	0.001891	0.895071
