0	0.290663	0.057897	0.229473	0.157588	0.029913	0.111872	0.085455	0.012259	0.024880
1	0.258118	0.052488	0.219086	0.121301	0.024910	0.106003	0.110699	0.021417	0.085978
2	0.281040	0.056403	0.235762	0.101777	0.022273	0.089616	0.103694	0.020322	0.089113
3	0.308421	0.060779	0.252270	0.084480	0.019786	0.074233	0.093751	0.018540	0.087740
4	0.335734	0.064939	0.266109	0.070073	0.017617	0.061410	0.083175	0.016381	0.084562
5	0.361936	0.068767	0.277881	0.057030	0.015777	0.049670	0.073394	0.014412	0.081133
6	0.385777	0.071931	0.288077	0.046223	0.013871	0.040546	0.064282	0.012663	0.076630
7	0.407894	0.074475	0.295683	0.037467	0.012379	0.032469	0.055905	0.010958	0.072770
8	0.427545	0.077325	0.301753	0.029925	0.011177	0.026033	0.048262	0.009550	0.068430
9	0.445308	0.079488	0.306439	0.023971	0.009947	0.020835	0.041450	0.008221	0.064341
10	0.460981	0.081084	0.310163	0.019361	0.008971	0.016627	0.035620	0.007058	0.060135
11	0.474648	0.082920	0.312936	0.015253	0.007939	0.013209	0.030624	0.005999	0.056472
12	0.487138	0.083978	0.314441	0.012314	0.007171	0.010675	0.026388	0.005117	0.052778
13	0.498429	0.085177	0.315564	0.009822	0.006294	0.008336	0.022595	0.004406	0.049377
14	0.507839	0.086410	0.316921	0.007898	0.005538	0.006550	0.019474	0.003818	0.045552
15	0.517192	0.087194	0.316965	0.006219	0.004966	0.005279	0.016516	0.003288	0.042381
16	0.524664	0.087910	0.317032	0.005095	0.004478	0.004232	0.014338	0.002697	0.039554
17	0.530809	0.088565	0.317171	0.004050	0.004002	0.003448	0.012479	0.002250	0.037226
18	0.536351	0.089040	0.317297	0.003311	0.003650	0.002850	0.010683	0.001995	0.034823
19	0.541220	0.089607	0.317160	0.002727	0.003329	0.002241	0.009322	0.001766	0.032628
20	0.545816	0.090293	0.316674	0.002174	0.002930	0.001804	0.007987	0.001540	0.030782
21	0.549869	0.090830	0.316157	0.001771	0.002687	0.001455	0.007031	0.001288	0.028912
22	0.552883	0.091461	0.316226	0.001420	0.002418	0.001183	0.006081	0.001146	0.027182
23	0.555582	0.092217	0.315793	0.001162	0.002149	0.001026	0.005264	0.001012	0.025795
24	0.558651	0.092381	0.315684	0.000942	0.001924	0.000850	0.004538	0.000855	0.024175
25	0.561760	0.093029	0.314524	0.000784	0.001657	0.000664	0.003962	0.000772	0.022848
26	0.563582	0.093430	0.314549	0.000661	0.001537	0.000564	0.003350	0.000694	0.021633
27	0.564859	0.093306	0.315077	0.000531	0.001378	0.000521	0.002997	0.000636	0.020695
28	0.566914	0.093777	0.314298	0.000465	0.001302	0.000413	0.002607	0.000553	0.019671
29	0.568127	0.093693	0.314427	0.000380	0.001150	0.000328	0.002431	0.000481	0.018983
30	0.570145	0.093896	0.313971	0.000302	0.001054	0.000289	0.002169	0.000429	0.017745
31	0.571454	0.094360	0.313379	0.000250	0.001018	0.000233	0.001867	0.000381	0.017058
32	0.572176	0.094342	0.313950	0.000203	0.000926	0.000217	0.001590	0.000326	0.016270
33	0.573391	0.094731	0.313655	0.000178	0.000860	0.000195	0.001345	0.000296	0.015349
34	0.574658	0.094746	0.313399	0.000136	0.000763	0.000160	0.001193	0.000241	0.014704
35	0.574463	0.095128	0.314005	0.000131	0.000694	0.000136	0.001065	0.000238	0.014140
36	0.576175	0.094950	0.313368	0.000111	0.000597	0.000111	0.000974	0.000216	0.013498
37	0.577232	0.095215	0.312857	0.000085	0.000547	0.000081	0.000878	0.000172	0.012933
38	0.578356	0.095257	0.312455	0.000066	0.000497	0.000078	0.000802	0.000148	0.012341
39	0.579172	0.095107	0.312540	0.000051	0.000482	0.000057	0.000705	0.000132	0.011754
40	0.580027	0.095158	0.312527	0.000034	0.000445	0.000038	0.000653	0.000107	0.011011
41	0.580477	0.095512	0.312063	0.000037	0.000446	0.000023	0.000619	0.000122	0.010701
42	0.581557	0.095376	0.311880	0.000035	0.000412	0.000026	0.000523	0.000093	0.010098
43	0.581507	0.095635	0.312242	0.000032	0.000411	0.000022	0.000488	0.000083	0.009580
44	0.582846	0.095291	0.311700	0.000035	0.000388	0.000018	0.000451	0.000081	0.009190
45	0.583327	0.095386	0.311492	0.000020	0.000336	0.000018	0.000443	0.000082	0.008896
46	0.583473	0.095048	0.312101	0.000023	0.000363	0.000017	0.000375	0.000067	0.008533
47	0.583329	0.095465	0.312238	0.000019	0.000316	0.000008	0.000357	0.000053	0.008215
48	0.583647	0.095405	0.312352	0.000018	0.000336	0.000015	0.000305	0.000046	0.007876
49	0.583600	0.095658	0.312627	0.000013	0.000314	0.000015	0.000300	0.000047	0.007426
50	0.583823	0.095719	0.312585	0.000013	0.000306	0.000015	0.000275	0.000041	0.007223
51	0.583859	0.096062	0.312575	0.000007	0.000289	0.000011	0.000254	0.000031	0.006912
52	0.583382	0.096047	0.313245	0.000007	0.000271	0.000013	0.000235	0.000028	0.006772
53	0.582904	0.096735	0.313382	0.000004	0.000283	0.000009	0.000214	0.000019	0.006450
54	0.583499	0.096582	0.313263	0.000007	0.000251	0.000007	0.000182	0.000017	0.006192
55	0.584002	0.096805	0.312712	0.000003	0.000207	0.000006	0.000161	0.000020	0.006084
56	0.584079	0.096695	0.313103	0.000003	0.000200	0.000003	0.000140	0.000015	0.005762
57	0.584193	0.096622	0.313285	0.000004	0.000206	0.000005	0.000133	0.000008	0.005544
58	0.584474	0.096719	0.313000	0.000002	0.000201	0.000004	0.000102	0.000006	0.005492
59	0.584706	0.096108	0.313706	0.000001	0.000173	0.000001	0.000107	0.000007	0.005191
60	0.585026	0.096224	0.313445	0.000001	0.000163	0.000001	0.000100	0.000005	0.005035
61	0.585148	0.096054	0.313793	0.000002	0.000167	0.000003	0.000079	0.000003	0.004751
62	0.585464	0.096113	0.313563	0.000001	0.000164	0.000004	0.000079	0.000005	0.004607
63	0.585728	0.096045	0.313474	0.000001	0.000146	0.000004	0.000066	0.000005	0.004531
64	0.586119	0.095993	0.313276	0.000004	0.000141	0.000002	0.000051	0.000003	0.004411
65	0.586820	0.096088	0.312633	0.000002	0.000138	0.000001	0.000049	0.000001	0.004268
66	0.585976	0.095772	0.313970	0.000001	0.000143	0.000001	0.000033	0.000001	0.004103
67	0.586548	0.095892	0.313366	0.000001	0.000130	0.000001	0.000031	0.000001	0.004030
68	0.586499	0.095950	0.313416	0.000001	0.000147	0.000001	0.000031	0.000001	0.003954
69	0.586374	0.096259	0.313381	0.000000	0.000143	0.000003	0.000029	0.000001	0.003810
70	0.586359	0.096381	0.313354	0.000001	0.000147	0.000002	0.000036	0.000002	0.003718
71	0.586604	0.096073	0.313522	0.000000	0.000138	0.000002	0.000047	0.000001	0.003613
72	0.586849	0.095474	0.313958	0.000000	0.000116	0.000003	0.000044	0.000001	0.003555
73	0.587383	0.095500	0.313417	0.000000	0.000122	0.000001	0.000041	0.000001	0.003535
74	0.588277	0.095098	0.313075	0.000000	0.000121	0.000000	0.000032	0.000000	0.003397
75	0.588862	0.094791	0.312857	0.000000	0.000119	0.000000	0.000023	0.000000	0.003348
76	0.589141	0.094968	0.312586	0.000000	0.000119	0.000000	0.000023	0.000000	0.003163
77	0.589156	0.095051	0.312526	0.000000	0.000103	0.000000	0.000023	0.000001	0.003140
78	0.589470	0.094976	0.312424	0.000000	0.000107	0.000000	0.000022	0.000001	0.003000
79	0.589643	0.094830	0.312443	0.000000	0.000083	0.000000	0.000019	0.000001	0.002981
80	0.589608	0.094943	0.312461	0.000000	0.000077	0.000000	0.000020	0.000000	0.002891
81	0.590250	0.094871	0.311942	0.000000	0.000072	0.000000	0.000016	0.000000	0.002849
82	0.590526	0.095062	0.311565	0.000000	0.000073	0.000000	0.000013	0.000000	0.002761
83	0.590280	0.094995	0.311941	0.000000	0.000075	0.000000	0.000012	0.000000	0.002697
84	0.590630	0.095018	0.311614	0.000000	0.000070	0.000000	0.000014	0.000000	0.002654
85	0.590018	0.095314	0.311950	0.000000	0.000071	0.000000	0.000007	0.000000	0.002640
86	0.589768	0.095489	0.312149	0.000000	0.000062	0.000000	0.000009	0.000000	0.002523
87	0.589734	0.095144	0.312602	0.000000	0.000061	0.000000	0.000011	0.000000	0.002448
88	0.590172	0.095207	0.312155	0.000000	0.000063	0.000000	0.000009	0.000000	0.002394
89	0.590618	0.095552	0.311408	0.000000	0.000069	0.000000	0.000006	0.000000	0.002347
90	0.590290	0.095814	0.311601	0.000000	0.000073	0.000000	0.000006	0.000000	0.002216
91	0.590643	0.095924	0.311166	0.000000	0.000074	0.000000	0.000007	0.000000	0.002186
92	0.590756	0.095710	0.311285	0.000000	0.000073	0.000000	0.000002	0.000000	0.002174
93	0.590995	0.095696	0.311137	0.000000	0.000074	0.000000	0.000003	0.000000	0.002095
94	0.591170	0.095971	0.310621	0.000000	0.000077	0.000000	0.000002	0.000000	0.002159
95	0.591078	0.096093	0.310698	0.000000	0.000075	0.000000	0.000003	0.000000	0.002053
96	0.590830	0.095857	0.311279	0.000000	0.000078	0.000000	0.000003	0.000000	0.001953
97	0.590095	0.096263	0.311621	0.000000	0.000078	0.000000	0.000003	0.000000	0.001940
98	0.589755	0.096454	0.311778	0.000000	0.000074	0.000000	0.000003	0.000000	0.001936
99	0.589925	0.096779	0.311297	0.000000	0.000079	0.000000	0.000003	0.000000	0.001917
100	0.589764	0.097100	0.311148	0.000000	0.000071	0.000000	0.000001	0.000000	0.001916
101	0.589889	0.097202	0.310979	0.000000	0.000075	0.000000	0.000000	0.000000	0.001855
102	0.589746	0.097152	0.311252	0.000000	0.000064	0.000000	0.000002	0.000000	0.001784
103	0.589966	0.097177	0.311002	0.000000	0.000064	0.000000	0.000002	0.000000	0.001789
104	0.589545	0.097032	0.311621	0.000000	0.000057	0.000000	0.000003	0.000000	0.001742
105	0.589615	0.096841	0.311886	0.000000	0.000058	0.000000	0.000002	0.000000	0.001598
106	0.589329	0.096727	0.312293	0.000000	0.000064	0.000000	0.000000	0.000000	0.001587
107	0.588718	0.096922	0.312730	0.000000	0.000057	0.000000	0.000001	0.000000	0.001572
108	0.588722	0.096952	0.312754	0.000000	0.000067	0.000000	0.000001	0.000000	0.001504
109	0.589030	0.096976	0.312424	0.000000	0.000070	0.000000	0.000002	0.000000	0.001498
110	0.588670	0.096581	0.313240	0.000000	0.000062	0.000000	0.000002	0.000000	0.001445
111	0.588844	0.096550	0.313135	0.000000	0.000063	0.000000	0.000001	0.000000	0.001407
112	0.588467	0.096706	0.313425	0.000000	0.000051	0.000000	0.000000	0.000000	0.001351
113	0.588688	0.096539	0.313426	0.000000	0.000053	0.000000	0.000000	0.000000	0.001294
114	0.589616	0.096500	0.312570	0.000000	0.000051	0.000000	0.000000	0.000000	0.001263
115	0.589357	0.096807	0.312538	0.000000	0.000055	0.000000	0.000000	0.000000	0.001243
116	0.589330	0.096495	0.312914	0.000000	0.000056	0.000000	0.000000	0.000000	0.001205
117	0.589299	0.096600	0.312836	0.000000	0.000049	0.000000	0.000000	0.000000	0.001216
118	0.589597	0.096456	0.312754	0.000000	0.000039	0.000000	0.000000	0.000000	0.001154
119	0.590014	0.096179	0.312650	0.000000	0.000031	0.000000	0.000000	0.000000	0.001126
120	0.589777	0.096427	0.312682	0.000000	0.000032	0.000000	0.000000	0.000000	0.001082
121	0.589608	0.096281	0.312990	0.000000	0.000044	0.000000	0.000000	0.000000	0.001077
122	0.589465	0.096350	0.313044	0.000000	0.000041	0.000000	0.000000	0.000000	0.001100
123	0.589349	0.096325	0.313225	0.000000	0.000028	0.000000	0.000000	0.000000	0.001073
124	0.589557	0.096168	0.313178	0.000000	0.000025	0.000000	0.000000	0.000000	0.001072
125	0.589984	0.096085	0.312838	0.000000	0.000028	0.000000	0.000000	0.000000	0.001065
126	0.589817	0.096362	0.312788	0.000000	0.000020	0.000000	0.000000	0.000000	0.001013
127	0.589705	0.096583	0.312675	0.000000	0.000022	0.000000	0.000000	0.000000	0.001015
128	0.590363	0.096352	0.312278	0.000000	0.000023	0.000000	0.000000	0.000000	0.000984
129	0.590696	0.096068	0.312203	0.000000	0.000028	0.000000	0.000000	0.000000	0.001005
130	0.590754	0.096349	0.311883	0.000000	0.000023	0.000000	0.000000	0.000000	0.000991
131	0.590774	0.096159	0.312067	0.000000	0.000019	0.000000	0.000000	0.000000	0.000981
132	0.591380	0.096142	0.311518	0.000000	0.000018	0.000000	0.000000	0.000000	0.000942
133	0.591207	0.096169	0.311662	0.000000	0.000018	0.000000	0.000000	0.000000	0.000944
134	0.590415	0.096302	0.312329	0.000000	0.000014	0.000000	0.000000	0.000000	0.000940
135	0.591116	0.096306	0.311657	0.000000	0.000015	0.000000	0.000000	0.000000	0.000906
136	0.591364	0.096390	0.311357	0.000000	0.000011	0.000000	0.000000	0.000000	0.000878
137	0.590826	0.096371	0.311898	0.000000	0.000016	0.000000	0.000000	0.000000	0.000889
138	0.590517	0.096630	0.311965	0.000000	0.000014	0.000000	0.000000	0.000000	0.000874
139	0.590315	0.096523	0.312233	0.000000	0.000016	0.000000	0.000000	0.000000	0.000913
140	0.589946	0.096537	0.312608	0.000000	0.000012	0.000000	0.000000	0.000000	0.000897
141	0.590638	0.096418	0.312052	0.000000	0.000013	0.000000	0.000000	0.000000	0.000879
142	0.589992	0.096998	0.312093	0.000000	0.000014	0.000000	0.000000	0.000000	0.000903
143	0.589833	0.096817	0.312469	0.000000	0.000011	0.000000	0.000000	0.000000	0.000870
144	0.590053	0.097193	0.311897	0.000000	0.000015	0.000000	0.000000	0.000000	0.000842
145	0.589936	0.096915	0.312285	0.000000	0.000011	0.000000	0.000000	0.000000	0.000853
146	0.590181	0.097040	0.311942	0.000000	0.000012	0.000000	0.000000	0.000000	0.000825
147	0.590819	0.097048	0.311341	0.000000	0.000010	0.000000	0.000000	0.000000	0.000782
148	0.590418	0.097283	0.311501	0.000000	0.000009	0.000000	0.000000	0.000000	0.000789
149	0.590134	0.097118	0.311956	0.000000	0.000009	0.000000	0.000000	0.000000	0.000783
150	0.590077	0.097011	0.312115	0.000000	0.000011	0.000000	0.000000	0.000000	0.000786
151	0.590232	0.096758	0.312190	0.000000	0.000008	0.000000	0.000000	0.000000	0.000812
152	0.590223	0.096915	0.312060	0.000000	0.000012	0.000000	0.000000	0.000000	0.000790
153	0.590351	0.097051	0.311797	0.000000	0.000009	0.000000	0.000000	0.000000	0.000792
154	0.590519	0.096910	0.311734	0.000000	0.000011	0.000000	0.000000	0.000000	0.000826
155	0.591037	0.096579	0.311578	0.000000	0.000012	0.000000	0.000000	0.000000	0.000794
156	0.590817	0.096631	0.311775	0.000000	0.000011	0.000000	0.000000	0.000000	0.000766
157	0.590949	0.096852	0.311408	0.000000	0.000011	0.000000	0.000000	0.000000	0.000780
158	0.591431	0.096987	0.310803	0.000000	0.000015	0.000000	0.000000	0.000000	0.000764
159	0.592278	0.096915	0.310014	0.000000	0.000015	0.000000	0.000000	0.000000	0.000778
160	0.591579	0.097030	0.310637	0.000000	0.000011	0.000000	0.000000	0.000000	0.000743
161	0.591217	0.096968	0.311041	0.000000	0.000014	0.000000	0.000000	0.000000	0.000760
162	0.591582	0.096952	0.310680	0.000000	0.000012	0.000000	0.000000	0.000000	0.000774
163	0.591892	0.096920	0.310426	0.000000	0.000010	0.000000	0.000000	0.000000	0.000752
164	0.592058	0.097111	0.310053	0.000000	0.000008	0.000000	0.000000	0.000000	0.000770
165	0.591516	0.097151	0.310598	0.000000	0.000009	0.000000	0.000000	0.000000	0.000726
166	0.591104	0.097229	0.310943	0.000000	0.000004	0.000000	0.000000	0.000000	0.000720
167	0.591019	0.097281	0.310970	0.000000	0.000005	0.000000	0.000000	0.000000	0.000725
168	0.590975	0.097299	0.311042	0.000000	0.000006	0.000000	0.000000	0.000000	0.000678
169	0.591126	0.097045	0.311179	0.000000	0.000007	0.000000	0.000000	0.000000	0.000643
170	0.590827	0.097164	0.311344	0.000000	0.000003	0.000000	0.000000	0.000000	0.000662
171	0.591264	0.097221	0.310875	0.000000	0.000003	0.000000	0.000000	0.000000	0.000637
172	0.591555	0.097020	0.310817	0.000000	0.000004	0.000000	0.000000	0.000000	0.000604
173	0.591376	0.096908	0.311100	0.000000	0.000001	0.000000	0.000000	0.000000	0.000615
174	0.591379	0.097067	0.310964	0.000000	0.000003	0.000000	0.000000	0.000000	0.000587
175	0.591070	0.096994	0.311387	0.000000	0.000003	0.000000	0.000000	0.000000	0.000546
176	0.591094	0.097246	0.311115	0.000000	0.000001	0.000000	0.000000	0.000000	0.000544
177	0.590584	0.096859	0.312017	0.000000	0.000002	0.000000	0.000000	0.000000	0.000538
178	0.590929	0.096886	0.311641	0.000000	0.000003	0.000000	0.000000	0.000000	0.000541
179	0.591104	0.096930	0.311472	0.000000	0.000001	0.000000	0.000000	0.000000	0.000493
180	0.591811	0.096806	0.310862	0.000000	0.000002	0.000000	0.000000	0.000000	0.000519
181	0.591828	0.096815	0.310813	0.000000	0.000003	0.000000	0.000000	0.000000	0.000541
182	0.591661	0.096788	0.311056	0.000000	0.000003	0.000000	0.000000	0.000000	0.000492
183	0.591370	0.096422	0.311734	0.000000	0.000002	0.000000	0.000000	0.000000	0.000472
184	0.591456	0.096721	0.311322	0.000000	0.000006	0.000000	0.000000	0.000000	0.000495
185	0.591334	0.096736	0.311410	0.000000	0.000004	0.000000	0.000000	0.000000	0.000516
186	0.591219	0.096795	0.311495	0.000000	0.000002	0.000000	0.000000	0.000000	0.000489
187	0.591103	0.096701	0.311707	0.000000	0.000002	0.000000	0.000000	0.000000	0.000487
188	0.590606	0.096397	0.312516	0.000000	0.000004	0.000000	0.000000	0.000000	0.000477
189	0.590147	0.096119	0.313273	0.000000	0.000001	0.000000	0.000000	0.000000	0.000460
190	0.590532	0.095922	0.313092	0.000000	0.000001	0.000000	0.000000	0.000000	0.000453
191	0.590057	0.096068	0.313460	0.000000	0.000001	0.000000	0.000000	0.000000	0.000414
192	0.590122	0.096040	0.313398	0.000000	0.000001	0.000000	0.000000	0.000000	0.000439
193	0.590488	0.095500	0.313590	0.000000	0.000001	0.000000	0.000000	0.000000	0.000421
194	0.590636	0.095467	0.313474	0.000000	0.000000	0.000000	0.000000	0.000000	0.000423
195	0.590973	0.095344	0.313271	0.000000	0.000000	0.000000	0.000000	0.000000	0.000412
196	0.591226	0.095125	0.313220	0.000000	0.000000	0.000000	0.000000	0.000000	0.000429
197	0.590986	0.095452	0.313166	0.000000	0.000000	0.000000	0.000000	0.000000	0.000396
198	0.591173	0.095332	0.313122	0.000000	0.000000	0.000000	0.000000	0.000000	0.000373
199	0.590959	0.095387	0.313285	0.000000	0.000000	0.000000	0.000000	0.000000	0.000369
200	0.591171	0.095445	0.313051	0.000000	0.000000	0.000000	0.000000	0.000000	0.000333
201	0.591510	0.095001	0.313139	0.000000	0.000000	0.000000	0.000000	0.000000	0.000350
202	0.591457	0.095253	0.312967	0.000000	0.000000	0.000000	0.000000	0.000000	0.000323
203	0.591724	0.095252	0.312713	0.000000	0.000000	0.000000	0.000000	0.000000	0.000311
204	0.591603	0.095348	0.312735	0.000000	0.000000	0.000000	0.000000	0.000000	0.000314
205	0.591258	0.095224	0.313218	0.000000	0.000000	0.000000	0.000000	0.000000	0.000300
206	0.591421	0.095268	0.313005	0.000000	0.000000	0.000000	0.000000	0.000000	0.000306
207	0.591865	0.095270	0.312575	0.000000	0.000000	0.000000	0.000000	0.000000	0.000290
208	0.591624	0.095272	0.312823	0.000000	0.000000	0.000000	0.000000	0.000000	0.000281
209	0.591465	0.095070	0.313174	0.000000	0.000000	0.000000	0.000000	0.000000	0.000291
210	0.591908	0.095053	0.312735	0.000000	0.000000	0.000000	0.000000	0.000000	0.000304
211	0.591757	0.094700	0.313209	0.000000	0.000000	0.000000	0.000000	0.000000	0.000334
212	0.591504	0.094894	0.313292	0.000000	0.000000	0.000000	0.000000	0.000000	0.000310
213	0.591508	0.095077	0.313107	0.000000	0.000000	0.000000	0.000000	0.000000	0.000308
214	0.591457	0.095004	0.313252	0.000000	0.000000	0.000000	0.000000	0.000000	0.000287
215	0.591111	0.094739	0.313852	0.000000	0.000000	0.000000	0.000000	0.000000	0.000298
216	0.590625	0.094809	0.314265	0.000000	0.000000	0.000000	0.000000	0.000000	0.000301
217	0.591270	0.094520	0.313936	0.000000	0.000000	0.000000	0.000000	0.000000	0.000274
218	0.591080	0.094180	0.314468	0.000000	0.000000	0.000000	0.000000	0.000000	0.000272
219	0.591235	0.094583	0.313908	0.000000	0.000000	0.000000	0.000000	0.000000	0.000274
220	0.591314	0.094538	0.313876	0.000000	0.000000	0.000000	0.000000	0.000000	0.000272
221	0.591529	0.094454	0.313757	0.000000	0.000000	0.000000	0.000000	0.000000	0.000260
222	0.591487	0.094629	0.313613	0.000000	0.000000	0.000000	0.000000	0.000000	0.000271
223	0.591522	0.094765	0.313443	0.000000	0.000000	0.000000	0.000000	0.000000	0.000270
224	0.591331	0.094890	0.313498	0.000000	0.000000	0.000000	0.000000	0.000000	0.000281
225	0.590877	0.095149	0.313674	0.000000	0.000000	0.000000	0.000000	0.000000	0.000300
226	0.591187	0.094854	0.313663	0.000000	0.000000	0.000000	0.000000	0.000000	0.000296
227	0.590409	0.095009	0.314306	0.000000	0.000000	0.000000	0.000000	0.000000	0.000276
228	0.589989	0.095090	0.314643	0.000000	0.000000	0.000000	0.000000	0.000000	0.000278
229	0.590182	0.094693	0.314841	0.000000	0.000000	0.000000	0.000000	0.000000	0.000284
230	0.589808	0.095033	0.314869	0.000000	0.000000	0.000000	0.000000	0.000000	0.000290
231	0.590248	0.094780	0.314696	0.000000	0.000000	0.000000	0.000000	0.000000	0.000276
232	0.590584	0.095004	0.314127	0.000000	0.000000	0.000000	0.000000	0.000000	0.000285
233	0.590714	0.094925	0.314079	0.000000	0.000000	0.000000	0.000000	0.000000	0.000282
234	0.590780	0.094881	0.314075	0.000000	0.000000	0.000000	0.000000	0.000000	0.000264
235	0.590617	0.094689	0.314448	0.000000	0.000000	0.000000	0.000000	0.000000	0.000246
236	0.590558	0.095061	0.314108	0.000000	0.000000	0.000000	0.000000	0.000000	0.000273
237	0.590570	0.094904	0.314265	0.000000	0.000000	0.000000	0.000000	0.000000	0.000261
238	0.591191	0.094950	0.313583	0.000000	0.000000	0.000000	0.000000	0.000000	0.000276
239	0.591467	0.094752	0.313505	0.000000	0.000000	0.000000	0.000000	0.000000	0.000276
240	0.591451	0.094530	0.313741	0.000000	0.000000	0.000000	0.000000	0.000000	0.000278
241	0.592131	0.094345	0.313259	0.000000	0.000000	0.000000	0.000000	0.000000	0.000265
242	0.591849	0.094451	0.313449	0.000000	0.000000	0.000000	0.000000	0.000000	0.000251
243	0.592033	0.094889	0.312835	0.000000	0.000000	0.000000	0.000000	0.000000	0.000243
244	0.592041	0.094804	0.312906	0.000000	0.000000	0.000000	0.000000	0.000000	0.000249
245	0.590981	0.095068	0.313699	0.000000	0.000000	0.000000	0.000000	0.000000	0.000252
246	0.590825	0.095424	0.313503	0.000000	0.000000	0.000000	0.000000	0.000000	0.000248
247	0.590454	0.095681	0.313629	0.000000	0.000000	0.000000	0.000000	0.000000	0.000236
248	0.590444	0.095618	0.313712	0.000000	0.000000	0.000000	0.000000	0.000000	0.000226
249	0.590437	0.095419	0.313908	0.000000	0.000000	0.000000	0.000000	0.000000	0.000236
250	0.590287	0.095810	0.313683	0.000000	0.000000	0.000000	0.000000	0.000000	0.000220
251	0.590428	0.096381	0.312985	0.000000	0.000000	0.000000	0.000000	0.000000	0.000206
252	0.590468	0.096388	0.312940	0.000000	0.000000	0.000000	0.000000	0.000000	0.000204
253	0.590424	0.096122	0.313253	0.000000	0.000000	0.000000	0.000000	0.000000	0.000201
254	0.590472	0.096428	0.312883	0.000000	0.000000	0.000000	0.000000	0.000000	0.000217
255	0.590197	0.096292	0.313276	0.000000	0.000000	0.000000	0.000000	0.000000	0.000235
256	0.591159	0.096101	0.312535	0.000000	0.000000	0.000000	0.000000	0.000000	0.000205
257	0.591172	0.095813	0.312820	0.000000	0.000000	0.000000	0.000000	0.000000	0.000195
258	0.590872	0.095985	0.312947	0.000000	0.000000	0.000000	0.000000	0.000000	0.000196
259	0.591909	0.095722	0.312158	0.000000	0.000000	0.000000	0.000000	0.000000	0.000211
260	0.592095	0.095701	0.312010	0.000000	0.000000	0.000000	0.000000	0.000000	0.000194
261	0.591997	0.095870	0.311930	0.000000	0.000000	0.000000	0.000000	0.000000	0.000203
262	0.592480	0.096159	0.311149	0.000000	0.000000	0.000000	0.000000	0.000000	0.000212
263	0.592045	0.096425	0.311312	0.000000	0.000000	0.000000	0.000000	0.000000	0.000218
264	0.591520	0.096183	0.312092	0.000000	0.000000	0.000000	0.000000	0.000000	0.000205
265	0.591517	0.095931	0.312339	0.000000	0.000000	0.000000	0.000000	0.000000	0.000213
266	0.591307	0.095976	0.312517	0.000000	0.000000	0.000000	0.000000	0.000000	0.000200
267	0.591699	0.095898	0.312194	0.000000	0.000000	0.000000	0.000000	0.000000	0.000209
268	0.591753	0.096226	0.311808	0.000000	0.000000	0.000000	0.000000	0.000000	0.000213
269	0.592347	0.095915	0.311540	0.000000	0.000000	0.000000	0.000000	0.000000	0.000198
270	0.592205	0.095938	0.311668	0.000000	0.000000	0.000000	0.000000	0.000000	0.000189
271	0.591049	0.096054	0.312730	0.000000	0.000000	0.000000	0.000000	0.000000	0.000167
272	0.591478	0.096161	0.312190	0.000000	0.000000	0.000000	0.000000	0.000000	0.000171
273	0.591475	0.096519	0.311847	0.000000	0.000000	0.000000	0.000000	0.000000	0.000159
274	0.591278	0.096211	0.312354	0.000000	0.000000	0.000000	0.000000	0.000000	0.000157
275	0.591158	0.096441	0.312240	0.000000	0.000000	0.000000	0.000000	0.000000	0.000161
276	0.590715	0.096448	0.312671	0.000000	0.000000	0.000000	0.000000	0.000000	0.000166
277	0.590732	0.096187	0.312930	0.000000	0.000000	0.000000	0.000000	0.000000	0.000151
278	0.591134	0.095957	0.312750	0.000000	0.000000	0.000000	0.000000	0.000000	0.000159
279	0.591447	0.096177	0.312222	0.000000	0.000000	0.000000	0.000000	0.000000	0.000154
280	0.590878	0.096659	0.312301	0.000000	0.000000	0.000000	0.000000	0.000000	0.000162
281	0.590398	0.096634	0.312821	0.000000	0.000000	0.000000	0.000000	0.000000	0.000147
282	0.590545	0.096414	0.312892	0.000000	0.000000	0.000000	0.000000	0.000000	0.000149
283	0.590266	0.096540	0.313061	0.000000	0.000000	0.000000	0.000000	0.000000	0.000133
284	0.589355	0.097003	0.313481	0.000000	0.000000	0.000000	0.000000	0.000000	0.000161
285	0.588930	0.097159	0.313757	0.000000	0.000000	0.000000	0.000000	0.000000	0.000154
286	0.589429	0.097135	0.313286	0.000000	0.000000	0.000000	0.000000	0.000000	0.000150
287	0.589508	0.097083	0.313270	0.000000	0.000000	0.000000	0.000000	0.000000	0.000139
288	0.589408	0.097276	0.313186	0.000000	0.000000	0.000000	0.000000	0.000000	0.000130
289	0.589181	0.097457	0.313220	0.000000	0.000000	0.000000	0.000000	0.000000	0.000142
290	0.589856	0.097278	0.312715	0.000000	0.000000	0.000000	0.000000	0.000000	0.000151
291	0.589590	0.097037	0.313243	0.000000	0.000000	0.000000	0.000000	0.000000	0.000130
292	0.589115	0.097273	0.313475	0.000000	0.000000	0.000000	0.000000	0.000000	0.000137
293	0.589385	0.097423	0.313051	0.000000	0.000000	0.000000	0.000000	0.000000	0.000141
294	0.589525	0.097428	0.312917	0.000000	0.000000	0.000000	0.000000	0.000000	0.000130
295	0.589753	0.097385	0.312737	0.000000	0.000000	0.000000	0.000000	0.000000	0.000125
296	0.589642	0.097555	0.312676	0.000000	0.000000	0.000000	0.000000	0.000000	0.000127
297	0.590139	0.097413	0.312340	0.000000	0.000000	0.000000	0.000000	0.000000	0.000108
298	0.590386	0.097529	0.311958	0.000000	0.000000	0.000000	0.000000	0.000000	0.000127
299	0.590198	0.097758	0.311921	0.000000	0.000000	0.000000	0.000000	0.000000	0.000123
300	0.590451	0.097273	0.312156	0.000000	0.000000	0.000000	0.000000	0.000000	0.000120
301	0.590923	0.097348	0.311601	0.000000	0.000000	0.000000	0.000000	0.000000	0.000128
302	0.590511	0.097897	0.311476	0.000000	0.000000	0.000000	0.000000	0.000000	0.000116
303	0.590430	0.097720	0.311715	0.000000	0.000000	0.000000	0.000000	0.000000	0.000135
304	0.590879	0.098019	0.310966	0.000000	0.000000	0.000000	0.000000	0.000000	0.000136
305	0.590977	0.097515	0.311391	0.000000	0.000000	0.000000	0.000000	0.000000	0.000117
306	0.590597	0.097726	0.311559	0.000000	0.000000	0.000000	0.000000	0.000000	0.000118
307	0.590099	0.097966	0.311819	0.000000	0.000000	0.000000	0.000000	0.000000	0.000116
308	0.590273	0.098073	0.311546	0.000000	0.000000	0.000000	0.000000	0.000000	0.000108
309	0.590197	0.098108	0.311574	0.000000	0.000000	0.000000	0.000000	0.000000	0.000121
310	0.589701	0.098410	0.311758	0.000000	0.000000	0.000000	0.000000	0.000000	0.000131
311	0.589573	0.098397	0.311895	0.000000	0.000000	0.000000	0.000000	0.000000	0.000135
312	0.589282	0.098510	0.312078	0.000000	0.000000	0.000000	0.000000	0.000000	0.000130
313	0.589785	0.098282	0.311795	0.000000	0.000000	0.000000	0.000000	0.000000	0.000138
314	0.589277	0.098250	0.312339	0.000000	0.000000	0.000000	0.000000	0.000000	0.000134
315	0.589353	0.098008	0.312509	0.000000	0.000000	0.000000	0.000000	0.000000	0.000130
316	0.589734	0.097753	0.312383	0.000000	0.000000	0.000000	0.000000	0.000000	0.000130
317	0.590160	0.097649	0.312056	0.000000	0.000000	0.000000	0.000000	0.000000	0.000135
318	0.589534	0.097912	0.312434	0.000000	0.000000	0.000000	0.000000	0.000000	0.000120
319	0.589592	0.097882	0.312396	0.000000	0.000000	0.000000	0.000000	0.000000	0.000130
320	0.589027	0.097945	0.312898	0.000000	0.000000	0.000000	0.000000	0.000000	0.000130
321	0.588973	0.098359	0.312533	0.000000	0.000000	0.000000	0.000000	0.000000	0.000135
322	0.588992	0.098138	0.312728	0.000000	0.000000	0.000000	0.000000	0.000000	0.000142
323	0.588540	0.098255	0.313070	0.000000	0.000000	0.000000	0.000000	0.000000	0.000135
324	0.588306	0.098453	0.313104	0.000000	0.000000	0.000000	0.000000	0.000000	0.000137
325	0.588182	0.099158	0.312513	0.000000	0.000000	0.000000	0.000000	0.000000	0.000147
326	0.587969	0.099256	0.312639	0.000000	0.000000	0.000000	0.000000	0.000000	0.000136
327	0.587818	0.098989	0.313042	0.000000	0.000000	0.000000	0.000000	0.000000	0.000151
328	0.588881	0.098995	0.311966	0.000000	0.000000	0.000000	0.000000	0.000000	0.000158
329	0.588806	0.099166	0.311894	0.000000	0.000000	0.000000	0.000000	0.000000	0.000134
330	0.589416	0.098857	0.311578	0.000000	0.000000	0.000000	0.000000	0.000000	0.000149
331	0.589635	0.099034	0.311188	0.000000	0.000000	0.000000	0.000000	0.000000	0.000143
332	0.588978	0.099168	0.311690	0.000000	0.000000	0.000000	0.000000	0.000000	0.000164
333	0.589772	0.098797	0.311262	0.000000	0.000000	0.000000	0.000000	0.000000	0.000169
334	0.589949	0.098474	0.311410	0.000000	0.000000	0.000000	0.000000	0.000000	0.000167
335	0.590044	0.098401	0.311364	0.000000	0.000000	0.000000	0.000000	0.000000	0.000191
336	0.590430	0.098703	0.310704	0.000000	0.000000	0.000000	0.000000	0.000000	0.000163
337	0.589574	0.098499	0.311758	0.000000	0.000000	0.000000	0.000000	0.000000	0.000169
338	0.589965	0.098413	0.311461	0.000000	0.000000	0.000000	0.000000	0.000000	0.000161
339	0.589931	0.098157	0.311755	0.000000	0.000000	0.000000	0.000000	0.000000	0.000157
340	0.590324	0.098321	0.311198	0.000000	0.000000	0.000000	0.000000	0.000000	0.000157
341	0.589763	0.098428	0.311641	0.000000	0.000000	0.000000	0.000000	0.000000	0.000168
342	0.589498	0.098602	0.311728	0.000000	0.000000	0.000000	0.000000	0.000000	0.000172
343	0.588855	0.098770	0.312211	0.000000	0.000000	0.000000	0.000000	0.000000	0.000164
344	0.589202	0.098384	0.312238	0.000000	0.000000	0.000000	0.000000	0.000000	0.000176
345	0.589377	0.098507	0.311943	0.000000	0.000000	0.000000	0.000000	0.000000	0.000173
346	0.589120	0.098799	0.311907	0.000000	0.000000	0.000000	0.000000	0.000000	0.000174
347	0.589430	0.098756	0.311634	0.000000	0.000000	0.000000	0.000000	0.000000	0.000180
348	0.589765	0.098628	0.311413	0.000000	0.000000	0.000000	0.000000	0.000000	0.000194
349	0.589686	0.098610	0.311522	0.000000	0.000000	0.000000	0.000000	0.000000	0.000182
350	0.590359	0.098345	0.311115	0.000000	0.000000	0.000000	0.000000	0.000000	0.000181
351	0.590098	0.098589	0.311128	0.000000	0.000000	0.000000	0.000000	0.000000	0.000185
352	0.590405	0.098363	0.311039	0.000000	0.000000	0.000000	0.000000	0.000000	0.000193
353	0.590639	0.098401	0.310767	0.000000	0.000000	0.000000	0.000000	0.000000	0.000193
354	0.590175	0.098342	0.311289	0.000000	0.000000	0.000000	0.000000	0.000000	0.000194
355	0.590725	0.098254	0.310833	0.000000	0.000000	0.000000	0.000000	0.000000	0.000188
356	0.590609	0.098414	0.310793	0.000000	0.000000	0.000000	0.000000	0.000000	0.000184
357	0.591013	0.098444	0.310348	0.000000	0.000000	0.000000	0.000000	0.000000	0.000195
358	0.591605	0.098597	0.309606	0.000000	0.000000	0.000000	0.000000	0.000000	0.000192
359	0.590995	0.098904	0.309915	0.000000	0.000000	0.000000	0.000000	0.000000	0.000186
360	0.590693	0.098777	0.310344	0.000000	0.000000	0.000000	0.000000	0.000000	0.000186
361	0.591140	0.098650	0.310014	0.000000	0.000000	0.000000	0.000000	0.000000	0.000196
362	0.591460	0.098424	0.309919	0.000000	0.000000	0.000000	0.000000	0.000000	0.000197
363	0.590800	0.098406	0.310605	0.000000	0.000000	0.000000	0.000000	0.000000	0.000189
364	0.590785	0.098132	0.310895	0.000000	0.000000	0.000000	0.000000	0.000000	0.000188
365	0.590688	0.098120	0.311011	0.000000	0.000000	0.000000	0.000000	0.000000	0.000181
366	0.589912	0.098394	0.311504	0.000000	0.000000	0.000000	0.000000	0.000000	0.000190
367	0.590170	0.098035	0.311614	0.000000	0.000000	0.000000	0.000000	0.000000	0.000181
368	0.590567	0.098258	0.310979	0.000000	0.000000	0.000000	0.000000	0.000000	0.000196
369	0.590506	0.098326	0.310970	0.000000	0.000000	0.000000	0.000000	0.000000	0.000198
370	0.590412	0.098134	0.311244	0.000000	0.000000	0.000000	0.000000	0.000000	0.000210
371	0.590538	0.098285	0.310995	0.000000	0.000000	0.000000	0.000000	0.000000	0.000182
372	0.590543	0.098342	0.310941	0.000000	0.000000	0.000000	0.000000	0.000000	0.000174
373	0.590632	0.098395	0.310793	0.000000	0.000000	0.000000	0.000000	0.000000	0.000180
374	0.590810	0.098581	0.310452	0.000000	0.000000	0.000000	0.000000	0.000000	0.000157
375	0.590457	0.098632	0.310748	0.000000	0.000000	0.000000	0.000000	0.000000	0.000163
376	0.590669	0.098597	0.310573	0.000000	0.000000	0.000000	0.000000	0.000000	0.000161
377	0.590294	0.098812	0.310737	0.000000	0.000000	0.000000	0.000000	0.000000	0.000157
378	0.590423	0.098458	0.310965	0.000000	0.000000	0.000000	0.000000	0.000000	0.000154
379	0.590569	0.098579	0.310697	0.000000	0.000000	0.000000	0.000000	0.000000	0.000155
380	0.589632	0.098750	0.311456	0.000000	0.000000	0.000000	0.000000	0.000000	0.000162
381	0.589114	0.098772	0.311963	0.000000	0.000000	0.000000	0.000000	0.000000	0.000151
382	0.589214	0.098704	0.311935	0.000000	0.000000	0.000000	0.000000	0.000000	0.000147
383	0.589465	0.098706	0.311675	0.000000	0.000000	0.000000	0.000000	0.000000	0.000154
384	0.590032	0.098478	0.311327	0.000000	0.000000	0.000000	0.000000	0.000000	0.000163
385	0.590137	0.098531	0.311164	0.000000	0.000000	0.000000	0.000000	0.000000	0.000168
386	0.589942	0.098526	0.311384	0.000000	0.000000	0.000000	0.000000	0.000000	0.000148
387	0.590306	0.098548	0.311006	0.000000	0.000000	0.000000	0.000000	0.000000	0.000140
388	0.590083	0.099074	0.310718	0.000000	0.000000	0.000000	0.000000	0.000000	0.000125
389	0.589926	0.099140	0.310813	0.000000	0.000000	0.000000	0.000000	0.000000	0.000121
390	0.590585	0.098796	0.310486	0.000000	0.000000	0.000000	0.000000	0.000000	0.000133
391	0.590256	0.099074	0.310549	0.000000	0.000000	0.000000	0.000000	0.000000	0.000121
392	0.590883	0.098973	0.310049	0.000000	0.000000	0.000000	0.000000	0.000000	0.000095
393	0.590792	0.098798	0.310309	0.000000	0.000000	0.000000	0.000000	0.000000	0.000101
394	0.590069	0.098981	0.310861	0.000000	0.000000	0.000000	0.000000	0.000000	0.000089
395	0.590414	0.098805	0.310686	0.000000	0.000000	0.000000	0.000000	0.000000	0.000095
396	0.590359	0.098712	0.310840	0.000000	0.000000	0.000000	0.000000	0.000000	0.000089
397	0.590613	0.098412	0.310894	0.000000	0.000000	0.000000	0.000000	0.000000	0.000081
398	0.590525	0.098460	0.310944	0.000000	0.000000	0.000000	0.000000	0.000000	0.000071
399	0.590361	0.098531	0.311034	0.000000	0.000000	0.000000	0.000000	0.000000	0.000074
400	0.590452	0.098224	0.311241	0.000000	0.000000	0.000000	0.000000	0.000000	0.000083
401	0.590105	0.098264	0.311554	0.000000	0.000000	0.000000	0.000000	0.000000	0.000077
402	0.590459	0.098082	0.311383	0.000000	0.000000	0.000000	0.000000	0.000000	0.000076
403	0.590770	0.098175	0.310975	0.000000	0.000000	0.000000	0.000000	0.000000	0.000080
404	0.590157	0.098149	0.311625	0.000000	0.000000	0.000000	0.000000	0.000000	0.000069
405	0.590911	0.098136	0.310895	0.000000	0.000000	0.000000	0.000000	0.000000	0.000058
406	0.590954	0.098054	0.310948	0.000000	0.000000	0.000000	0.000000	0.000000	0.000044
407	0.590903	0.098301	0.310737	0.000000	0.000000	0.000000	0.000000	0.000000	0.000059
408	0.590782	0.098254	0.310914	0.000000	0.000000	0.000000	0.000000	0.000000	0.000050
409	0.590663	0.098386	0.310902	0.000000	0.000000	0.000000	0.000000	0.000000	0.000049
410	0.590464	0.098314	0.311184	0.000000	0.000000	0.000000	0.000000	0.000000	0.000038
411	0.590324	0.098253	0.311384	0.000000	0.000000	0.000000	0.000000	0.000000	0.000039
412	0.590235	0.098310	0.311415	0.000000	0.000000	0.000000	0.000000	0.000000	0.000040
413	0.589850	0.098469	0.311648	0.000000	0.000000	0.000000	0.000000	0.000000	0.000033
414	0.590062	0.098385	0.311519	0.000000	0.000000	0.000000	0.000000	0.000000	0.000034
415	0.590106	0.098240	0.311627	0.000000	0.000000	0.000000	0.000000	0.000000	0.000027
416	0.590048	0.098291	0.311627	0.000000	0.000000	0.000000	0.000000	0.000000	0.000034
417	0.590191	0.098581	0.311210	0.000000	0.000000	0.000000	0.000000	0.000000	0.000018
418	0.589674	0.098524	0.311786	0.000000	0.000000	0.000000	0.000000	0.000000	0.000016
419	0.589334	0.098763	0.311882	0.000000	0.000000	0.000000	0.000000	0.000000	0.000021
420	0.589699	0.098221	0.312058	0.000000	0.000000	0.000000	0.000000	0.000000	0.000022
421	0.589217	0.098304	0.312459	0.000000	0.000000	0.000000	0.000000	0.000000	0.000020
422	0.589457	0.098500	0.312026	0.000000	0.000000	0.000000	0.000000	0.000000	0.000017
423	0.589285	0.098472	0.312223	0.000000	0.000000	0.000000	0.000000	0.000000	0.000020
424	0.590008	0.098455	0.311517	0.000000	0.000000	0.000000	0.000000	0.000000	0.000020
425	0.590777	0.098001	0.311197	0.000000	0.000000	0.000000	0.000000	0.000000	0.000025
426	0.591474	0.098176	0.310329	0.000000	0.000000	0.000000	0.000000	0.000000	0.000021
427	0.590950	0.098258	0.310770	0.000000	0.000000	0.000000	0.000000	0.000000	0.000022
428	0.590969	0.098323	0.310688	0.000000	0.000000	0.000000	0.000000	0.000000	0.000020
429	0.590690	0.098663	0.310623	0.000000	0.000000	0.000000	0.000000	0.000000	0.000024
430	0.590762	0.098601	0.310605	0.000000	0.000000	0.000000	0.000000	0.000000	0.000032
431	0.590527	0.098717	0.310718	0.000000	0.000000	0.000000	0.000000	0.000000	0.000038
432	0.590848	0.098736	0.310385	0.000000	0.000000	0.000000	0.000000	0.000000	0.000031
433	0.590844	0.098641	0.310480	0.000000	0.000000	0.000000	0.000000	0.000000	0.000035
434	0.590678	0.099028	0.310260	0.000000	0.000000	0.000000	0.000000	0.000000	0.000034
435	0.590781	0.098883	0.310299	0.000000	0.000000	0.000000	0.000000	0.000000	0.000037
436	0.591025	0.099281	0.309652	0.000000	0.000000	0.000000	0.000000	0.000000	0.000042
437	0.590729	0.099397	0.309835	0.000000	0.000000	0.000000	0.000000	0.000000	0.000039
438	0.590561	0.099716	0.309686	0.000000	0.000000	0.000000	0.000000	0.000000	0.000037
439	0.590190	0.099776	0.309995	0.000000	0.000000	0.000000	0.000000	0.000000	0.000039
440	0.590106	0.100061	0.309795	0.000000	0.000000	0.000000	0.000000	0.000000	0.000038
441	0.589787	0.099817	0.310356	0.000000	0.000000	0.000000	0.000000	0.000000	0.000040
442	0.590049	0.099735	0.310178	0.000000	0.000000	0.000000	0.000000	0.000000	0.000038
443	0.589515	0.099927	0.310519	0.000000	0.000000	0.000000	0.000000	0.000000	0.000039
444	0.589525	0.099482	0.310959	0.000000	0.000000	0.000000	0.000000	0.000000	0.000034
445	0.589975	0.099744	0.310245	0.000000	0.000000	0.000000	0.000000	0.000000	0.000036
446	0.589620	0.099879	0.310459	0.000000	0.000000	0.000000	0.000000	0.000000	0.000042
447	0.589604	0.100030	0.310331	0.000000	0.000000	0.000000	0.000000	0.000000	0.000035
448	0.589313	0.099782	0.310879	0.000000	0.000000	0.000000	0.000000	0.000000	0.000026
449	0.589522	0.099059	0.311387	0.000000	0.000000	0.000000	0.000000	0.000000	0.000032
450	0.589436	0.099571	0.310961	0.000000	0.000000	0.000000	0.000000	0.000000	0.000032
451	0.589647	0.099961	0.310357	0.000000	0.000000	0.000000	0.000000	0.000000	0.000035
452	0.589792	0.099816	0.310362	0.000000	0.000000	0.000000	0.000000	0.000000	0.000030
453	0.589431	0.099760	0.310781	0.000000	0.000000	0.000000	0.000000	0.000000	0.000028
454	0.589444	0.100160	0.310365	0.000000	0.000000	0.000000	0.000000	0.000000	0.000031
455	0.589729	0.099985	0.310262	0.000000	0.000000	0.000000	0.000000	0.000000	0.000024
456	0.590140	0.099825	0.310004	0.000000	0.000000	0.000000	0.000000	0.000000	0.000031
457	0.590503	0.099783	0.309693	0.000000	0.000000	0.000000	0.000000	0.000000	0.000021
458	0.590734	0.099715	0.309534	0.000000	0.000000	0.000000	0.000000	0.000000	0.000017
459	0.591045	0.099461	0.309476	0.000000	0.000000	0.000000	0.000000	0.000000	0.000018
460	0.591524	0.099458	0.309000	0.000000	0.000000	0.000000	0.000000	0.000000	0.000018
461	0.591808	0.099241	0.308935	0.000000	0.000000	0.000000	0.000000	0.000000	0.000016
462	0.591988	0.099249	0.308751	0.000000	0.000000	0.000000	0.000000	0.000000	0.000012
463	0.591818	0.099213	0.308957	0.000000	0.000000	0.000000	0.000000	0.000000	0.000012
464	0.592418	0.098959	0.308605	0.000000	0.000000	0.000000	0.000000	0.000000	0.000018
465	0.593066	0.098589	0.308327	0.000000	0.000000	0.000000	0.000000	0.000000	0.000018
466	0.592284	0.099055	0.308647	0.000000	0.000000	0.000000	0.000000	0.000000	0.000014
467	0.592718	0.099102	0.308165	0.000000	0.000000	0.000000	0.000000	0.000000	0.000015
468	0.593189	0.098790	0.308001	0.000000	0.000000	0.000000	0.000000	0.000000	0.000020
469	0.593226	0.098783	0.307976	0.000000	0.000000	0.000000	0.000000	0.000000	0.000015
470	0.592872	0.098697	0.308420	0.000000	0.000000	0.000000	0.000000	0.000000	0.000011
