0	0.290663	0.057897	0.229473	0.157588	0.029913	0.111872	0.085455	0.012259	0.024880
1	0.226276	0.047509	0.195812	0.149246	0.030538	0.126085	0.114498	0.022272	0.087764
2	0.220933	0.045845	0.192285	0.152587	0.032511	0.129685	0.111272	0.021723	0.093159
3	0.221781	0.044749	0.191889	0.155630	0.034647	0.131056	0.106406	0.020662	0.093180
4	0.222798	0.044252	0.190779	0.158663	0.037198	0.132897	0.100920	0.019181	0.093312
5	0.225189	0.043088	0.190462	0.161646	0.039627	0.133417	0.095566	0.017791	0.093214
6	0.227240	0.042078	0.190150	0.165393	0.042152	0.133933	0.090182	0.016360	0.092512
7	0.229116	0.041129	0.189634	0.167932	0.045154	0.134626	0.085363	0.015055	0.091991
8	0.231623	0.039918	0.188609	0.171124	0.048378	0.134672	0.081009	0.013721	0.090946
9	0.233999	0.038778	0.188237	0.173460	0.051422	0.134400	0.076384	0.012620	0.090700
10	0.235715	0.037554	0.187172	0.176534	0.054349	0.134256	0.072752	0.011542	0.090126
11	0.237600	0.036421	0.186710	0.178815	0.057614	0.133974	0.068617	0.010658	0.089591
12	0.239770	0.035068	0.185932	0.181131	0.060664	0.133408	0.065015	0.009777	0.089235
13	0.242425	0.034100	0.184897	0.183212	0.063891	0.132688	0.061393	0.009121	0.088273
14	0.243237	0.032736	0.183967	0.185687	0.067585	0.132528	0.057868	0.008305	0.088087
15	0.244469	0.031470	0.182807	0.187687	0.071318	0.132485	0.054690	0.007666	0.087408
16	0.245745	0.029820	0.181943	0.189698	0.075123	0.132461	0.051580	0.006968	0.086662
17	0.246889	0.028750	0.180845	0.191482	0.079102	0.131731	0.048847	0.006352	0.086002
18	0.247957	0.027652	0.179868	0.193075	0.083010	0.130877	0.046525	0.005755	0.085281
19	0.249181	0.026513	0.178803	0.194264	0.086715	0.130434	0.044124	0.005396	0.084570
20	0.249474	0.025378	0.178041	0.196028	0.090774	0.130025	0.041653	0.004875	0.083752
21	0.249710	0.024315	0.176922	0.197304	0.095332	0.129476	0.039224	0.004495	0.083222
22	0.251153	0.023263	0.175518	0.198582	0.099274	0.128694	0.036941	0.004166	0.082409
23	0.251801	0.022212	0.173872	0.199991	0.103538	0.127946	0.034671	0.003840	0.082129
24	0.252298	0.021206	0.172601	0.201772	0.107548	0.127299	0.032572	0.003506	0.081198
25	0.252120	0.020332	0.170780	0.203144	0.111700	0.127182	0.030735	0.003314	0.080693
26	0.252383	0.019492	0.169191	0.204669	0.116373	0.126212	0.029162	0.003015	0.079503
27	0.252692	0.018425	0.167697	0.205671	0.120768	0.125572	0.027401	0.002750	0.079024
28	0.252018	0.017542	0.165767	0.207485	0.125199	0.125051	0.025971	0.002529	0.078438
29	0.252126	0.016816	0.164452	0.207997	0.129977	0.124541	0.024362	0.002254	0.077475
30	0.251920	0.016171	0.162033	0.208967	0.134577	0.123956	0.023093	0.002072	0.077211
31	0.251037	0.015380	0.160512	0.210416	0.138979	0.123499	0.021764	0.001881	0.076532
32	0.250138	0.014669	0.159265	0.211861	0.143859	0.122443	0.020577	0.001722	0.075466
33	0.249261	0.013860	0.157357	0.212947	0.148662	0.122151	0.019400	0.001551	0.074811
34	0.248965	0.013303	0.155538	0.214003	0.153250	0.121338	0.018229	0.001447	0.073927
35	0.247494	0.012669	0.153798	0.215504	0.157713	0.120924	0.017299	0.001358	0.073241
36	0.246427	0.012211	0.151880	0.216137	0.162726	0.120265	0.016448	0.001245	0.072661
37	0.245179	0.011595	0.150309	0.217156	0.167688	0.119596	0.015393	0.001132	0.071952
38	0.243747	0.011092	0.148486	0.218154	0.173007	0.118922	0.014681	0.001046	0.070865
39	0.242419	0.010566	0.146792	0.219945	0.177343	0.118122	0.013887	0.000889	0.070037
40	0.240236	0.010100	0.145595	0.221421	0.182115	0.117558	0.013020	0.000856	0.069099
41	0.238771	0.009554	0.143320	0.222672	0.187133	0.116999	0.012211	0.000761	0.068579
42	0.237733	0.009099	0.141693	0.223074	0.191937	0.116892	0.011403	0.000692	0.067477
43	0.235963	0.008760	0.139479	0.224253	0.196881	0.116363	0.010524	0.000660	0.067117
44	0.234357	0.008470	0.137214	0.225092	0.202091	0.115682	0.010200	0.000603	0.066291
45	0.232084	0.008095	0.135725	0.226346	0.206962	0.115185	0.009489	0.000568	0.065546
46	0.230352	0.007640	0.134096	0.226962	0.211947	0.115378	0.008731	0.000520	0.064374
47	0.228633	0.007282	0.132350	0.227184	0.217510	0.114644	0.008282	0.000465	0.063650
48	0.226285	0.006976	0.130602	0.228248	0.222586	0.114253	0.007717	0.000426	0.062907
49	0.224337	0.006582	0.129052	0.228976	0.227777	0.113535	0.007287	0.000410	0.062044
50	0.222718	0.006226	0.126713	0.229649	0.232911	0.112899	0.007072	0.000381	0.061431
51	0.220973	0.005906	0.124304	0.230363	0.238262	0.112731	0.006735	0.000376	0.060350
52	0.218301	0.005720	0.122344	0.231937	0.243465	0.112125	0.006369	0.000334	0.059405
53	0.216237	0.005368	0.120681	0.233164	0.248776	0.111118	0.006046	0.000275	0.058335
54	0.214352	0.005188	0.118391	0.233505	0.253836	0.111006	0.005795	0.000247	0.057680
55	0.212109	0.004928	0.116544	0.234899	0.258239	0.110927	0.005483	0.000219	0.056652
56	0.210166	0.004653	0.114580	0.235800	0.263131	0.110446	0.005130	0.000210	0.055884
57	0.207894	0.004470	0.112570	0.237292	0.267960	0.109775	0.004891	0.000191	0.054957
58	0.205659	0.004235	0.110721	0.237644	0.273287	0.109552	0.004580	0.000182	0.054140
59	0.203314	0.003968	0.108874	0.238698	0.278501	0.108861	0.004330	0.000192	0.053262
60	0.200994	0.003730	0.106820	0.239785	0.283746	0.108627	0.004016	0.000159	0.052123
61	0.198715	0.003494	0.104784	0.240687	0.288895	0.108279	0.003852	0.000149	0.051145
62	0.195988	0.003360	0.103004	0.241844	0.293518	0.108164	0.003597	0.000152	0.050373
63	0.193694	0.003139	0.101408	0.242669	0.298742	0.107398	0.003383	0.000140	0.049427
64	0.191001	0.002872	0.099388	0.244040	0.303625	0.107197	0.003220	0.000124	0.048533
65	0.188763	0.002642	0.097883	0.244500	0.308286	0.107348	0.002987	0.000095	0.047496
66	0.185765	0.002435	0.095850	0.245620	0.313094	0.107834	0.002810	0.000101	0.046491
67	0.182943	0.002318	0.094164	0.246312	0.318537	0.107494	0.002628	0.000094	0.045510
68	0.180430	0.002201	0.092103	0.247273	0.323483	0.107430	0.002426	0.000090	0.044564
69	0.177499	0.002081	0.090315	0.248370	0.328659	0.107202	0.002288	0.000066	0.043520
70	0.174737	0.001961	0.088886	0.249163	0.333371	0.107037	0.002194	0.000069	0.042582
71	0.171769	0.001856	0.087338	0.250148	0.338467	0.106489	0.002089	0.000057	0.041787
72	0.169379	0.001722	0.085602	0.251135	0.343310	0.105612	0.001953	0.000055	0.041232
73	0.166271	0.001610	0.083980	0.252123	0.348229	0.105673	0.001912	0.000047	0.040155
74	0.163648	0.001535	0.082176	0.253026	0.353089	0.105522	0.001812	0.000039	0.039153
75	0.160983	0.001500	0.080501	0.254116	0.357949	0.105053	0.001710	0.000046	0.038142
76	0.158304	0.001359	0.078372	0.255398	0.362793	0.104886	0.001591	0.000045	0.037252
77	0.155807	0.001304	0.076962	0.255999	0.367368	0.104741	0.001502	0.000035	0.036282
78	0.152921	0.001250	0.075247	0.257094	0.372107	0.104240	0.001369	0.000041	0.035731
79	0.150049	0.001178	0.073149	0.258270	0.376800	0.104265	0.001322	0.000028	0.034939
80	0.147249	0.001057	0.071489	0.259078	0.381731	0.104048	0.001272	0.000029	0.034047
81	0.144566	0.000975	0.069577	0.260612	0.385454	0.104193	0.001221	0.000017	0.033385
82	0.141919	0.000894	0.067978	0.260782	0.390480	0.104135	0.001154	0.000023	0.032635
83	0.138983	0.000827	0.066230	0.261570	0.395255	0.104112	0.001114	0.000018	0.031891
84	0.136692	0.000777	0.064459	0.263070	0.399091	0.103922	0.001011	0.000016	0.030962
85	0.133775	0.000722	0.062906	0.263715	0.403644	0.104138	0.000929	0.000018	0.030153
86	0.131352	0.000721	0.061247	0.264437	0.407777	0.104077	0.000874	0.000021	0.029494
87	0.128697	0.000641	0.059581	0.265490	0.411332	0.104565	0.000817	0.000018	0.028859
88	0.126671	0.000595	0.058361	0.266030	0.415596	0.104181	0.000731	0.000014	0.027821
89	0.124170	0.000540	0.056811	0.266990	0.419597	0.103993	0.000660	0.000016	0.027223
90	0.121381	0.000511	0.055032	0.268432	0.423643	0.103827	0.000596	0.000016	0.026562
91	0.118540	0.000457	0.053599	0.269973	0.426816	0.104309	0.000565	0.000013	0.025728
92	0.116126	0.000421	0.051879	0.271490	0.430659	0.103917	0.000540	0.000012	0.024956
93	0.113645	0.000416	0.050439	0.272163	0.434822	0.103613	0.000496	0.000017	0.024389
94	0.111139	0.000414	0.049140	0.273393	0.438314	0.103465	0.000451	0.000009	0.023675
95	0.108681	0.000418	0.047569	0.274800	0.441747	0.103569	0.000426	0.000010	0.022780
96	0.106099	0.000397	0.046466	0.275319	0.445585	0.103563	0.000399	0.000014	0.022158
97	0.103489	0.000349	0.045095	0.276124	0.449287	0.103533	0.000382	0.000016	0.021725
98	0.101139	0.000314	0.043893	0.276750	0.453358	0.103204	0.000350	0.000018	0.020974
99	0.098796	0.000293	0.042440	0.277390	0.457251	0.103303	0.000296	0.000018	0.020213
100	0.096392	0.000269	0.041314	0.278436	0.460549	0.103115	0.000266	0.000014	0.019645
101	0.094070	0.000286	0.040249	0.279513	0.463831	0.102898	0.000265	0.000015	0.018873
102	0.091778	0.000280	0.039048	0.280486	0.466846	0.103045	0.000239	0.000015	0.018263
103	0.089518	0.000261	0.037787	0.281443	0.470036	0.102987	0.000220	0.000013	0.017735
104	0.087347	0.000239	0.036814	0.281462	0.473733	0.103079	0.000222	0.000008	0.017096
105	0.085634	0.000213	0.035615	0.281654	0.477266	0.102971	0.000209	0.000003	0.016435
106	0.083696	0.000195	0.034353	0.283253	0.479215	0.103234	0.000200	0.000005	0.015849
107	0.081647	0.000184	0.033519	0.283582	0.482579	0.103124	0.000199	0.000002	0.015164
108	0.079639	0.000153	0.032233	0.284385	0.485275	0.103488	0.000204	0.000001	0.014622
109	0.077760	0.000148	0.031478	0.285034	0.488392	0.102971	0.000187	0.000003	0.014027
110	0.075511	0.000126	0.030373	0.286325	0.490768	0.103174	0.000162	0.000001	0.013560
111	0.073840	0.000129	0.029159	0.287415	0.493414	0.102830	0.000139	0.000002	0.013072
112	0.071837	0.000118	0.028245	0.287778	0.496167	0.103026	0.000143	0.000002	0.012684
113	0.070476	0.000114	0.027309	0.287953	0.498679	0.103259	0.000132	0.000001	0.012077
114	0.068407	0.000095	0.026542	0.288633	0.501482	0.103098	0.000122	0.000002	0.011619
115	0.066857	0.000089	0.025703	0.289825	0.503135	0.103142	0.000120	0.000002	0.011127
116	0.065230	0.000086	0.024788	0.290087	0.506471	0.102497	0.000103	0.000001	0.010737
117	0.063463	0.000088	0.024220	0.290954	0.508433	0.102373	0.000108	0.000000	0.010361
118	0.061264	0.000082	0.023568	0.291515	0.510785	0.102774	0.000108	0.000002	0.009902
119	0.059516	0.000083	0.022918	0.292144	0.512821	0.103028	0.000106	0.000000	0.009384
120	0.058122	0.000078	0.022114	0.292723	0.515179	0.102695	0.000105	0.000000	0.008984
121	0.056140	0.000069	0.021558	0.293462	0.517365	0.102706	0.000098	0.000000	0.008602
122	0.054549	0.000077	0.020969	0.294465	0.519097	0.102453	0.000090	0.000000	0.008300
123	0.053125	0.000049	0.020320	0.294237	0.521625	0.102556	0.000075	0.000000	0.008013
124	0.051448	0.000062	0.019735	0.295376	0.523094	0.102656	0.000074	0.000000	0.007555
125	0.049940	0.000052	0.019184	0.295509	0.525377	0.102515	0.000073	0.000000	0.007350
126	0.048378	0.000045	0.018639	0.296169	0.527366	0.102302	0.000067	0.000000	0.007034
127	0.047004	0.000048	0.018025	0.296953	0.529105	0.102147	0.000058	0.000000	0.006660
128	0.045682	0.000044	0.017593	0.297111	0.530699	0.102340	0.000057	0.000000	0.006474
129	0.044363	0.000051	0.016924	0.297084	0.533168	0.102175	0.000056	0.000000	0.006179
130	0.042936	0.000050	0.016339	0.297717	0.534983	0.102122	0.000050	0.000000	0.005803
131	0.041505	0.000056	0.015692	0.298403	0.536378	0.102362	0.000041	0.000000	0.005563
132	0.039904	0.000047	0.015096	0.299262	0.538161	0.102137	0.000027	0.000000	0.005366
133	0.038602	0.000046	0.014503	0.299895	0.539595	0.102235	0.000023	0.000000	0.005101
134	0.037231	0.000043	0.014089	0.300466	0.541125	0.102143	0.000027	0.000000	0.004876
135	0.036145	0.000045	0.013428	0.300892	0.542253	0.102618	0.000025	0.000000	0.004594
136	0.035108	0.000040	0.012984	0.301733	0.542863	0.102791	0.000018	0.000000	0.004463
137	0.033894	0.000038	0.012581	0.302578	0.543810	0.102805	0.000022	0.000000	0.004272
138	0.032913	0.000031	0.012078	0.302818	0.545408	0.102663	0.000021	0.000000	0.004068
139	0.031751	0.000023	0.011665	0.303066	0.547523	0.102094	0.000014	0.000000	0.003864
140	0.031000	0.000015	0.011352	0.302700	0.548797	0.102422	0.000019	0.000000	0.003695
141	0.029965	0.000021	0.010982	0.303235	0.549813	0.102357	0.000014	0.000000	0.003613
142	0.028910	0.000020	0.010496	0.303919	0.551195	0.102049	0.000008	0.000000	0.003403
143	0.027984	0.000021	0.010149	0.304113	0.552422	0.102091	0.000007	0.000000	0.003213
144	0.026994	0.000016	0.009723	0.304989	0.552673	0.102486	0.000005	0.000000	0.003114
145	0.025950	0.000012	0.009424	0.305498	0.553339	0.102787	0.000009	0.000000	0.002981
146	0.025150	0.000017	0.009033	0.306097	0.554273	0.102552	0.000007	0.000000	0.002871
147	0.024343	0.000015	0.008531	0.306648	0.554973	0.102718	0.000005	0.000000	0.002767
148	0.023477	0.000009	0.008233	0.306415	0.556190	0.102991	0.000004	0.000000	0.002681
149	0.022819	0.000008	0.007931	0.306611	0.556922	0.103112	0.000002	0.000000	0.002595
150	0.022007	0.000006	0.007770	0.306663	0.557979	0.103077	0.000002	0.000000	0.002496
151	0.021396	0.000009	0.007544	0.306156	0.559017	0.103444	0.000000	0.000000	0.002434
152	0.020575	0.000008	0.007281	0.306524	0.559830	0.103337	0.000000	0.000000	0.002445
153	0.019933	0.000004	0.007047	0.307310	0.560490	0.102887	0.000000	0.000000	0.002329
154	0.019097	0.000003	0.006860	0.307978	0.561229	0.102590	0.000000	0.000000	0.002243
155	0.018480	0.000002	0.006634	0.307848	0.561953	0.102904	0.000000	0.000000	0.002179
156	0.017798	0.000000	0.006393	0.308248	0.562110	0.103306	0.000000	0.000000	0.002145
157	0.017306	0.000000	0.006206	0.308610	0.562855	0.102958	0.000000	0.000000	0.002065
158	0.016702	0.000000	0.006025	0.308687	0.563594	0.103010	0.000000	0.000000	0.001982
159	0.016175	0.000000	0.005834	0.309037	0.564077	0.102903	0.000000	0.000000	0.001974
160	0.015559	0.000000	0.005647	0.309077	0.564792	0.103013	0.000000	0.000000	0.001912
161	0.015105	0.000000	0.005497	0.308613	0.565629	0.103312	0.000000	0.000000	0.001844
162	0.014556	0.000000	0.005317	0.308228	0.567091	0.103046	0.000000	0.000000	0.001762
163	0.014021	0.000000	0.005079	0.308671	0.567459	0.103038	0.000000	0.000000	0.001732
164	0.013402	0.000000	0.004842	0.308852	0.568595	0.102639	0.000000	0.000000	0.001670
165	0.012939	0.000000	0.004671	0.309167	0.568895	0.102725	0.000000	0.000000	0.001603
166	0.012539	0.000000	0.004534	0.309368	0.569412	0.102576	0.000000	0.000000	0.001571
167	0.012142	0.000000	0.004348	0.308984	0.570331	0.102647	0.000000	0.000000	0.001548
168	0.011731	0.000000	0.004089	0.309542	0.570579	0.102616	0.000000	0.000000	0.001443
169	0.011322	0.000000	0.003989	0.309130	0.571392	0.102799	0.000000	0.000000	0.001368
170	0.010952	0.000000	0.003810	0.309115	0.572063	0.102717	0.000000	0.000000	0.001343
171	0.010440	0.000000	0.003687	0.309128	0.572443	0.103004	0.000000	0.000000	0.001298
172	0.010066	0.000000	0.003499	0.308984	0.572860	0.103347	0.000000	0.000000	0.001244
173	0.009630	0.000000	0.003439	0.309505	0.572998	0.103199	0.000000	0.000000	0.001229
174	0.009317	0.000000	0.003232	0.309475	0.573263	0.103559	0.000000	0.000000	0.001154
175	0.009242	0.000000	0.003076	0.308980	0.573590	0.104004	0.000000	0.000000	0.001108
176	0.008869	0.000000	0.002992	0.308992	0.573994	0.104079	0.000000	0.000000	0.001074
177	0.008612	0.000000	0.002829	0.309060	0.574389	0.104114	0.000000	0.000000	0.000996
178	0.008326	0.000000	0.002692	0.308796	0.575046	0.104210	0.000000	0.000000	0.000930
179	0.008068	0.000000	0.002626	0.309064	0.575364	0.103962	0.000000	0.000000	0.000916
180	0.007787	0.000000	0.002501	0.308756	0.575887	0.104192	0.000000	0.000000	0.000877
181	0.007531	0.000000	0.002417	0.308524	0.576494	0.104137	0.000000	0.000000	0.000897
182	0.007259	0.000000	0.002280	0.308988	0.576608	0.103971	0.000000	0.000000	0.000894
183	0.007045	0.000000	0.002231	0.308856	0.576882	0.104085	0.000000	0.000000	0.000901
184	0.006851	0.000000	0.002102	0.308731	0.577345	0.104085	0.000000	0.000000	0.000886
185	0.006678	0.000000	0.002017	0.308275	0.578025	0.104109	0.000000	0.000000	0.000896
186	0.006557	0.000000	0.001922	0.308428	0.578039	0.104216	0.000000	0.000000	0.000838
187	0.006283	0.000000	0.001865	0.308815	0.578294	0.103916	0.000000	0.000000	0.000827
188	0.005986	0.000000	0.001788	0.309410	0.577726	0.104313	0.000000	0.000000	0.000777
189	0.005857	0.000000	0.001706	0.309921	0.577755	0.104005	0.000000	0.000000	0.000756
190	0.005720	0.000000	0.001686	0.309016	0.578439	0.104387	0.000000	0.000000	0.000752
191	0.005488	0.000000	0.001667	0.309207	0.578723	0.104183	0.000000	0.000000	0.000732
192	0.005357	0.000000	0.001636	0.309278	0.578760	0.104216	0.000000	0.000000	0.000753
193	0.005221	0.000000	0.001583	0.309500	0.578698	0.104297	0.000000	0.000000	0.000701
194	0.005055	0.000000	0.001558	0.309036	0.579003	0.104688	0.000000	0.000000	0.000660
195	0.004889	0.000000	0.001523	0.309348	0.578759	0.104823	0.000000	0.000000	0.000658
196	0.004692	0.000000	0.001511	0.309549	0.579322	0.104299	0.000000	0.000000	0.000627
197	0.004568	0.000000	0.001466	0.309586	0.579028	0.104731	0.000000	0.000000	0.000621
198	0.004479	0.000000	0.001406	0.309141	0.579552	0.104821	0.000000	0.000000	0.000601
199	0.004299	0.000000	0.001329	0.309275	0.579224	0.105286	0.000000	0.000000	0.000587
200	0.004185	0.000000	0.001203	0.309741	0.579333	0.104946	0.000000	0.000000	0.000592
201	0.004067	0.000000	0.001160	0.309505	0.579374	0.105344	0.000000	0.000000	0.000550
202	0.003924	0.000000	0.001144	0.309923	0.579761	0.104729	0.000000	0.000000	0.000519
203	0.003766	0.000000	0.001105	0.309546	0.580021	0.105092	0.000000	0.000000	0.000470
204	0.003539	0.000000	0.001032	0.310020	0.579702	0.105253	0.000000	0.000000	0.000454
205	0.003333	0.000000	0.001005	0.309380	0.580281	0.105545	0.000000	0.000000	0.000456
206	0.003221	0.000000	0.001004	0.310027	0.579837	0.105480	0.000000	0.000000	0.000431
207	0.003202	0.000000	0.000964	0.309765	0.579888	0.105751	0.000000	0.000000	0.000430
208	0.003132	0.000000	0.000892	0.310163	0.579891	0.105492	0.000000	0.000000	0.000430
209	0.002971	0.000000	0.000907	0.309899	0.580408	0.105384	0.000000	0.000000	0.000431
210	0.002892	0.000000	0.000893	0.310188	0.579960	0.105660	0.000000	0.000000	0.000407
211	0.002819	0.000000	0.000837	0.309549	0.580439	0.105968	0.000000	0.000000	0.000388
212	0.002745	0.000000	0.000775	0.309570	0.580637	0.105864	0.000000	0.000000	0.000409
213	0.002648	0.000000	0.000722	0.309459	0.580676	0.106085	0.000000	0.000000	0.000410
214	0.002509	0.000000	0.000667	0.309002	0.581247	0.106185	0.000000	0.000000	0.000390
215	0.002515	0.000000	0.000635	0.309250	0.581375	0.105888	0.000000	0.000000	0.000337
216	0.002410	0.000000	0.000585	0.309097	0.581367	0.106231	0.000000	0.000000	0.000310
217	0.002343	0.000000	0.000551	0.308487	0.581861	0.106455	0.000000	0.000000	0.000303
218	0.002298	0.000000	0.000520	0.308616	0.581590	0.106696	0.000000	0.000000	0.000280
219	0.002211	0.000000	0.000524	0.308579	0.581785	0.106650	0.000000	0.000000	0.000251
220	0.002118	0.000000	0.000522	0.308819	0.581669	0.106627	0.000000	0.000000	0.000245
221	0.002059	0.000000	0.000507	0.308803	0.581983	0.106397	0.000000	0.000000	0.000251
222	0.001974	0.000000	0.000475	0.308357	0.582025	0.106928	0.000000	0.000000	0.000241
223	0.001911	0.000000	0.000464	0.308980	0.581695	0.106710	0.000000	0.000000	0.000240
224	0.001870	0.000000	0.000432	0.308482	0.582430	0.106558	0.000000	0.000000	0.000228
225	0.001775	0.000000	0.000407	0.308776	0.582186	0.106638	0.000000	0.000000	0.000218
226	0.001774	0.000000	0.000399	0.309158	0.582006	0.106437	0.000000	0.000000	0.000226
227	0.001684	0.000000	0.000366	0.309154	0.582141	0.106419	0.000000	0.000000	0.000236
228	0.001677	0.000000	0.000353	0.309347	0.581797	0.106601	0.000000	0.000000	0.000225
229	0.001655	0.000000	0.000314	0.309468	0.581724	0.106630	0.000000	0.000000	0.000209
230	0.001653	0.000000	0.000318	0.309348	0.581544	0.106927	0.000000	0.000000	0.000210
231	0.001574	0.000000	0.000310	0.309581	0.581436	0.106888	0.000000	0.000000	0.000211
232	0.001514	0.000000	0.000307	0.309196	0.582081	0.106686	0.000000	0.000000	0.000216
233	0.001447	0.000000	0.000316	0.309910	0.581261	0.106853	0.000000	0.000000	0.000213
234	0.001399	0.000000	0.000302	0.309421	0.581478	0.107185	0.000000	0.000000	0.000215
235	0.001337	0.000000	0.000317	0.308898	0.581844	0.107401	0.000000	0.000000	0.000203
236	0.001237	0.000000	0.000318	0.308576	0.582124	0.107556	0.000000	0.000000	0.000189
237	0.001202	0.000000	0.000307	0.308263	0.582323	0.107713	0.000000	0.000000	0.000192
238	0.001184	0.000000	0.000310	0.307363	0.583256	0.107704	0.000000	0.000000	0.000183
239	0.001104	0.000000	0.000302	0.307670	0.583077	0.107666	0.000000	0.000000	0.000181
240	0.001054	0.000000	0.000284	0.307790	0.582776	0.107906	0.000000	0.000000	0.000190
241	0.001027	0.000000	0.000280	0.308688	0.582070	0.107761	0.000000	0.000000	0.000174
242	0.001000	0.000000	0.000284	0.308396	0.582388	0.107772	0.000000	0.000000	0.000160
243	0.000950	0.000000	0.000269	0.308077	0.583222	0.107328	0.000000	0.000000	0.000154
244	0.000914	0.000000	0.000254	0.308707	0.582748	0.107224	0.000000	0.000000	0.000153
245	0.000866	0.000000	0.000255	0.308253	0.583097	0.107366	0.000000	0.000000	0.000163
246	0.000849	0.000000	0.000239	0.307994	0.583578	0.107188	0.000000	0.000000	0.000152
247	0.000796	0.000000	0.000240	0.307829	0.583915	0.107069	0.000000	0.000000	0.000151
248	0.000766	0.000000	0.000232	0.308109	0.583576	0.107173	0.000000	0.000000	0.000144
249	0.000753	0.000000	0.000205	0.307598	0.584238	0.107065	0.000000	0.000000	0.000141
250	0.000750	0.000000	0.000208	0.307532	0.584651	0.106720	0.000000	0.000000	0.000139
251	0.000745	0.000000	0.000188	0.307570	0.584128	0.107241	0.000000	0.000000	0.000128
252	0.000756	0.000000	0.000202	0.307858	0.583856	0.107198	0.000000	0.000000	0.000130
253	0.000761	0.000000	0.000187	0.307888	0.583956	0.107086	0.000000	0.000000	0.000122
254	0.000750	0.000000	0.000196	0.307179	0.584652	0.107097	0.000000	0.000000	0.000126
255	0.000706	0.000000	0.000188	0.306965	0.584461	0.107554	0.000000	0.000000	0.000126
256	0.000661	0.000000	0.000187	0.306617	0.584880	0.107534	0.000000	0.000000	0.000121
257	0.000674	0.000000	0.000178	0.306449	0.585289	0.107277	0.000000	0.000000	0.000133
258	0.000661	0.000000	0.000172	0.306711	0.585017	0.107310	0.000000	0.000000	0.000129
259	0.000681	0.000000	0.000173	0.306611	0.585234	0.107176	0.000000	0.000000	0.000125
260	0.000670	0.000000	0.000167	0.306607	0.584695	0.107741	0.000000	0.000000	0.000120
261	0.000640	0.000000	0.000152	0.307053	0.584694	0.107343	0.000000	0.000000	0.000118
262	0.000639	0.000000	0.000146	0.306417	0.585012	0.107658	0.000000	0.000000	0.000128
263	0.000630	0.000000	0.000145	0.306327	0.584999	0.107792	0.000000	0.000000	0.000107
264	0.000606	0.000000	0.000127	0.306076	0.585230	0.107860	0.000000	0.000000	0.000101
265	0.000593	0.000000	0.000126	0.306782	0.584582	0.107819	0.000000	0.000000	0.000098
266	0.000574	0.000000	0.000125	0.307073	0.584405	0.107722	0.000000	0.000000	0.000101
267	0.000541	0.000000	0.000125	0.307386	0.584081	0.107779	0.000000	0.000000	0.000088
268	0.000534	0.000000	0.000110	0.307243	0.584200	0.107827	0.000000	0.000000	0.000086
269	0.000545	0.000000	0.000107	0.307001	0.584096	0.108167	0.000000	0.000000	0.000084
270	0.000538	0.000000	0.000103	0.307192	0.583650	0.108426	0.000000	0.000000	0.000091
271	0.000539	0.000000	0.000100	0.306574	0.584131	0.108560	0.000000	0.000000	0.000096
272	0.000552	0.000000	0.000091	0.306189	0.584643	0.108426	0.000000	0.000000	0.000099
273	0.000551	0.000000	0.000087	0.306672	0.584664	0.107924	0.000000	0.000000	0.000102
274	0.000525	0.000000	0.000089	0.306767	0.584371	0.108149	0.000000	0.000000	0.000099
275	0.000503	0.000000	0.000105	0.306507	0.584827	0.107962	0.000000	0.000000	0.000096
276	0.000449	0.000000	0.000105	0.306473	0.585421	0.107455	0.000000	0.000000	0.000097
277	0.000422	0.000000	0.000107	0.306869	0.584891	0.107618	0.000000	0.000000	0.000093
278	0.000403	0.000000	0.000102	0.306895	0.584930	0.107574	0.000000	0.000000	0.000096
279	0.000409	0.000000	0.000102	0.306475	0.585105	0.107797	0.000000	0.000000	0.000112
280	0.000409	0.000000	0.000097	0.306250	0.585480	0.107656	0.000000	0.000000	0.000108
281	0.000406	0.000000	0.000090	0.305989	0.585400	0.108011	0.000000	0.000000	0.000104
282	0.000354	0.000000	0.000077	0.306116	0.585494	0.107870	0.000000	0.000000	0.000089
283	0.000324	0.000000	0.000064	0.306319	0.585068	0.108141	0.000000	0.000000	0.000084
284	0.000315	0.000000	0.000062	0.306315	0.585313	0.107923	0.000000	0.000000	0.000072
285	0.000334	0.000000	0.000065	0.306714	0.584833	0.107988	0.000000	0.000000	0.000066
286	0.000297	0.000000	0.000064	0.306432	0.585005	0.108146	0.000000	0.000000	0.000056
287	0.000301	0.000000	0.000055	0.306465	0.585115	0.108000	0.000000	0.000000	0.000064
288	0.000309	0.000000	0.000053	0.306593	0.585053	0.107934	0.000000	0.000000	0.000058
289	0.000302	0.000000	0.000056	0.306258	0.585209	0.108112	0.000000	0.000000	0.000063
290	0.000288	0.000000	0.000049	0.306557	0.584502	0.108544	0.000000	0.000000	0.000060
291	0.000288	0.000000	0.000060	0.306760	0.584386	0.108445	0.000000	0.000000	0.000061
292	0.000283	0.000000	0.000060	0.306264	0.584710	0.108621	0.000000	0.000000	0.000062
293	0.000282	0.000000	0.000054	0.306554	0.584440	0.108605	0.000000	0.000000	0.000065
294	0.000272	0.000000	0.000055	0.306494	0.584524	0.108603	0.000000	0.000000	0.000052
295	0.000257	0.000000	0.000052	0.306489	0.584904	0.108250	0.000000	0.000000	0.000048
296	0.000229	0.000000	0.000048	0.306630	0.584901	0.108149	0.000000	0.000000	0.000043
297	0.000214	0.000000	0.000048	0.306926	0.585109	0.107658	0.000000	0.000000	0.000045
298	0.000219	0.000000	0.000037	0.306950	0.585352	0.107393	0.000000	0.000000	0.000049
299	0.000200	0.000000	0.000026	0.307005	0.585287	0.107426	0.000000	0.000000	0.000056
300	0.000204	0.000000	0.000028	0.307583	0.585202	0.106928	0.000000	0.000000	0.000055
301	0.000212	0.000000	0.000030	0.307877	0.584993	0.106843	0.000000	0.000000	0.000045
302	0.000202	0.000000	0.000036	0.307552	0.585259	0.106906	0.000000	0.000000	0.000045
303	0.000192	0.000000	0.000031	0.307593	0.585189	0.106950	0.000000	0.000000	0.000045
304	0.000186	0.000000	0.000034	0.307749	0.584994	0.106987	0.000000	0.000000	0.000050
305	0.000157	0.000000	0.000021	0.307651	0.585350	0.106775	0.000000	0.000000	0.000046
306	0.000159	0.000000	0.000018	0.307560	0.585374	0.106846	0.000000	0.000000	0.000043
307	0.000155	0.000000	0.000018	0.307267	0.586005	0.106510	0.000000	0.000000	0.000045
308	0.000151	0.000000	0.000025	0.307278	0.585543	0.106968	0.000000	0.000000	0.000035
309	0.000161	0.000000	0.000025	0.307143	0.585279	0.107367	0.000000	0.000000	0.000025
310	0.000171	0.000000	0.000021	0.307509	0.585088	0.107187	0.000000	0.000000	0.000024
311	0.000169	0.000000	0.000023	0.307814	0.584769	0.107198	0.000000	0.000000	0.000027
312	0.000155	0.000000	0.000023	0.307858	0.584320	0.107608	0.000000	0.000000	0.000036
313	0.000144	0.000000	0.000021	0.307718	0.584605	0.107471	0.000000	0.000000	0.000041
314	0.000142	0.000000	0.000029	0.307670	0.584965	0.107155	0.000000	0.000000	0.000039
315	0.000134	0.000000	0.000028	0.307778	0.584768	0.107260	0.000000	0.000000	0.000032
316	0.000122	0.000000	0.000025	0.307469	0.584852	0.107507	0.000000	0.000000	0.000025
317	0.000117	0.000000	0.000025	0.307783	0.585119	0.106935	0.000000	0.000000	0.000021
318	0.000116	0.000000	0.000025	0.307478	0.584952	0.107409	0.000000	0.000000	0.000020
319	0.000102	0.000000	0.000027	0.307265	0.584878	0.107710	0.000000	0.000000	0.000018
320	0.000087	0.000000	0.000025	0.307333	0.585344	0.107194	0.000000	0.000000	0.000017
321	0.000080	0.000000	0.000029	0.307610	0.585160	0.107109	0.000000	0.000000	0.000012
322	0.000093	0.000000	0.000026	0.308013	0.584681	0.107174	0.000000	0.000000	0.000013
323	0.000089	0.000000	0.000028	0.307811	0.585161	0.106905	0.000000	0.000000	0.000006
324	0.000085	0.000000	0.000033	0.307597	0.584833	0.107445	0.000000	0.000000	0.000007
325	0.000072	0.000000	0.000033	0.307740	0.584812	0.107334	0.000000	0.000000	0.000009
326	0.000071	0.000000	0.000022	0.307990	0.584454	0.107456	0.000000	0.000000	0.000007
327	0.000066	0.000000	0.000021	0.308504	0.584249	0.107156	0.000000	0.000000	0.000004
328	0.000052	0.000000	0.000020	0.308325	0.584432	0.107164	0.000000	0.000000	0.000007
329	0.000045	0.000000	0.000017	0.308438	0.584146	0.107347	0.000000	0.000000	0.000007
330	0.000036	0.000000	0.000014	0.308509	0.584839	0.106597	0.000000	0.000000	0.000005
331	0.000031	0.000000	0.000014	0.308904	0.584226	0.106819	0.000000	0.000000	0.000006
332	0.000029	0.000000	0.000015	0.308900	0.584082	0.106968	0.000000	0.000000	0.000006
333	0.000025	0.000000	0.000014	0.309513	0.583714	0.106731	0.000000	0.000000	0.000003
334	0.000027	0.000000	0.000010	0.309735	0.583741	0.106483	0.000000	0.000000	0.000004
335	0.000016	0.000000	0.000007	0.308991	0.584358	0.106626	0.000000	0.000000	0.000002
336	0.000021	0.000000	0.000007	0.309180	0.584213	0.106578	0.000000	0.000000	0.000001
337	0.000015	0.000000	0.000005	0.309704	0.583835	0.106440	0.000000	0.000000	0.000001
338	0.000015	0.000000	0.000005	0.309220	0.584365	0.106394	0.000000	0.000000	0.000001
339	0.000011	0.000000	0.000003	0.309153	0.583984	0.106849	0.000000	0.000000	0.000000
340	0.000009	0.000000	0.000002	0.309160	0.583916	0.106913	0.000000	0.000000	0.000000
341	0.000006	0.000000	0.000002	0.309196	0.583956	0.106840	0.000000	0.000000	0.000000
342	0.000002	0.000000	0.000004	0.308896	0.584179	0.106919	0.000000	0.000000	0.000000
343	0.000002	0.000000	0.000005	0.308746	0.584596	0.106651	0.000000	0.000000	0.000000
344	0.000002	0.000000	0.000004	0.308666	0.584740	0.106588	0.000000	0.000000	0.000000
345	0.000002	0.000000	0.000003	0.308634	0.584809	0.106552	0.000000	0.000000	0.000000
346	0.000001	0.000000	0.000001	0.308382	0.584856	0.106760	0.000000	0.000000	0.000000
347	0.000001	0.000000	0.000002	0.308526	0.584969	0.106502	0.000000	0.000000	0.000000
348	0.000000	0.000000	0.000000	0.308796	0.584663	0.106541	0.000000	0.000000	0.000000
349	0.000000	0.000000	0.000000	0.308862	0.584585	0.106553	0.000000	0.000000	0.000000
350	0.000000	0.000000	0.000000	0.308650	0.584337	0.107013	0.000000	0.000000	0.000000
351	0.000000	0.000000	0.000000	0.308646	0.584282	0.107072	0.000000	0.000000	0.000000
352	0.000000	0.000000	0.000000	0.308408	0.584634	0.106958	0.000000	0.000000	0.000000
353	0.000000	0.000000	0.000000	0.308559	0.584353	0.107088	0.000000	0.000000	0.000000
354	0.000000	0.000000	0.000000	0.308509	0.584403	0.107088	0.000000	0.000000	0.000000
355	0.000000	0.000000	0.000000	0.308273	0.584540	0.107187	0.000000	0.000000	0.000000
356	0.000000	0.000000	0.000000	0.308384	0.584302	0.107314	0.000000	0.000000	0.000000
357	0.000000	0.000000	0.000000	0.308597	0.584088	0.107315	0.000000	0.000000	0.000000
358	0.000000	0.000000	0.000000	0.308811	0.583566	0.107623	0.000000	0.000000	0.000000
359	0.000000	0.000000	0.000000	0.308989	0.583263	0.107748	0.000000	0.000000	0.000000
360	0.000000	0.000000	0.000000	0.309509	0.582925	0.107566	0.000000	0.000000	0.000000
361	0.000000	0.000000	0.000000	0.309031	0.583296	0.107673	0.000000	0.000000	0.000000
362	0.000000	0.000000	0.000000	0.308819	0.583388	0.107793	0.000000	0.000000	0.000000
363	0.000000	0.000000	0.000000	0.308318	0.584156	0.107526	0.000000	0.000000	0.000000
364	0.000000	0.000000	0.000000	0.308292	0.584305	0.107403	0.000000	0.000000	0.000000
365	0.000000	0.000000	0.000000	0.308063	0.584493	0.107444	0.000000	0.000000	0.000000
366	0.000000	0.000000	0.000000	0.308165	0.584625	0.107210	0.000000	0.000000	0.000000
367	0.000000	0.000000	0.000000	0.308497	0.584086	0.107417	0.000000	0.000000	0.000000
368	0.000000	0.000000	0.000000	0.308579	0.584433	0.106988	0.000000	0.000000	0.000000
369	0.000000	0.000000	0.000000	0.308687	0.584467	0.106846	0.000000	0.000000	0.000000
370	0.000000	0.000000	0.000000	0.308511	0.584203	0.107286	0.000000	0.000000	0.000000
371	0.000000	0.000000	0.000000	0.308231	0.584759	0.107010	0.000000	0.000000	0.000000
372	0.000000	0.000000	0.000000	0.308576	0.584150	0.107274	0.000000	0.000000	0.000000
373	0.000000	0.000000	0.000000	0.308779	0.583859	0.107362	0.000000	0.000000	0.000000
374	0.000000	0.000000	0.000000	0.308544	0.583792	0.107664	0.000000	0.000000	0.000000
375	0.000000	0.000000	0.000000	0.308155	0.583766	0.108079	0.000000	0.000000	0.000000
376	0.000000	0.000000	0.000000	0.307849	0.584237	0.107914	0.000000	0.000000	0.000000
377	0.000000	0.000000	0.000000	0.307640	0.584337	0.108023	0.000000	0.000000	0.000000
378	0.000000	0.000000	0.000000	0.307311	0.584879	0.107810	0.000000	0.000000	0.000000
379	0.000000	0.000000	0.000000	0.308093	0.584210	0.107697	0.000000	0.000000	0.000000
380	0.000000	0.000000	0.000000	0.308214	0.583998	0.107788	0.000000	0.000000	0.000000
381	0.000000	0.000000	0.000000	0.308556	0.583422	0.108022	0.000000	0.000000	0.000000
382	0.000000	0.000000	0.000000	0.308649	0.583415	0.107936	0.000000	0.000000	0.000000
383	0.000000	0.000000	0.000000	0.309403	0.582599	0.107998	0.000000	0.000000	0.000000
384	0.000000	0.000000	0.000000	0.309914	0.581987	0.108099	0.000000	0.000000	0.000000
385	0.000000	0.000000	0.000000	0.309559	0.582601	0.107840	0.000000	0.000000	0.000000
386	0.000000	0.000000	0.000000	0.309494	0.582727	0.107779	0.000000	0.000000	0.000000
387	0.000000	0.000000	0.000000	0.309490	0.582774	0.107736	0.000000	0.000000	0.000000
388	0.000000	0.000000	0.000000	0.309574	0.582453	0.107973	0.000000	0.000000	0.000000
389	0.000000	0.000000	0.000000	0.309453	0.582697	0.107850	0.000000	0.000000	0.000000
390	0.000000	0.000000	0.000000	0.309361	0.582448	0.108191	0.000000	0.000000	0.000000
391	0.000000	0.000000	0.000000	0.309092	0.582451	0.108457	0.000000	0.000000	0.000000
392	0.000000	0.000000	0.000000	0.309062	0.582566	0.108372	0.000000	0.000000	0.000000
393	0.000000	0.000000	0.000000	0.308882	0.582651	0.108467	0.000000	0.000000	0.000000
394	0.000000	0.000000	0.000000	0.308651	0.582646	0.108703	0.000000	0.000000	0.000000
395	0.000000	0.000000	0.000000	0.308520	0.582721	0.108759	0.000000	0.000000	0.000000
396	0.000000	0.000000	0.000000	0.308515	0.582819	0.108666	0.000000	0.000000	0.000000
397	0.000000	0.000000	0.000000	0.308730	0.582600	0.108670	0.000000	0.000000	0.000000
398	0.000000	0.000000	0.000000	0.308719	0.582700	0.108581	0.000000	0.000000	0.000000
399	0.000000	0.000000	0.000000	0.308708	0.582859	0.108433	0.000000	0.000000	0.000000
400	0.000000	0.000000	0.000000	0.308487	0.583122	0.108391	0.000000	0.000000	0.000000
401	0.000000	0.000000	0.000000	0.308532	0.582814	0.108654	0.000000	0.000000	0.000000
402	0.000000	0.000000	0.000000	0.308240	0.582726	0.109034	0.000000	0.000000	0.000000
403	0.000000	0.000000	0.000000	0.307957	0.583212	0.108831	0.000000	0.000000	0.000000
404	0.000000	0.000000	0.000000	0.308152	0.583248	0.108600	0.000000	0.000000	0.000000
405	0.000000	0.000000	0.000000	0.308140	0.583187	0.108673	0.000000	0.000000	0.000000
406	0.000000	0.000000	0.000000	0.307676	0.583540	0.108784	0.000000	0.000000	0.000000
407	0.000000	0.000000	0.000000	0.307554	0.584081	0.108365	0.000000	0.000000	0.000000
408	0.000000	0.000000	0.000000	0.307545	0.583797	0.108658	0.000000	0.000000	0.000000
409	0.000000	0.000000	0.000000	0.307462	0.584051	0.108487	0.000000	0.000000	0.000000
410	0.000000	0.000000	0.000000	0.307730	0.583457	0.108813	0.000000	0.000000	0.000000
411	0.000000	0.000000	0.000000	0.307635	0.583578	0.108787	0.000000	0.000000	0.000000
412	0.000000	0.000000	0.000000	0.307809	0.583787	0.108404	0.000000	0.000000	0.000000
413	0.000000	0.000000	0.000000	0.307025	0.584701	0.108274	0.000000	0.000000	0.000000
414	0.000000	0.000000	0.000000	0.306850	0.584986	0.108164	0.000000	0.000000	0.000000
415	0.000000	0.000000	0.000000	0.306382	0.585781	0.107837	0.000000	0.000000	0.000000
416	0.000000	0.000000	0.000000	0.306111	0.585830	0.108059	0.000000	0.000000	0.000000
417	0.000000	0.000000	0.000000	0.306480	0.585518	0.108002	0.000000	0.000000	0.000000
418	0.000000	0.000000	0.000000	0.306700	0.584957	0.108343	0.000000	0.000000	0.000000
419	0.000000	0.000000	0.000000	0.306798	0.585059	0.108143	0.000000	0.000000	0.000000
420	0.000000	0.000000	0.000000	0.306776	0.584992	0.108232	0.000000	0.000000	0.000000
421	0.000000	0.000000	0.000000	0.307008	0.584610	0.108382	0.000000	0.000000	0.000000
422	0.000000	0.000000	0.000000	0.306904	0.584614	0.108482	0.000000	0.000000	0.000000
423	0.000000	0.000000	0.000000	0.306847	0.584574	0.108579	0.000000	0.000000	0.000000
424	0.000000	0.000000	0.000000	0.307264	0.584229	0.108507	0.000000	0.000000	0.000000
425	0.000000	0.000000	0.000000	0.307239	0.584120	0.108641	0.000000	0.000000	0.000000
426	0.000000	0.000000	0.000000	0.307212	0.584279	0.108509	0.000000	0.000000	0.000000
427	0.000000	0.000000	0.000000	0.306875	0.584253	0.108872	0.000000	0.000000	0.000000
428	0.000000	0.000000	0.000000	0.306892	0.584558	0.108550	0.000000	0.000000	0.000000
429	0.000000	0.000000	0.000000	0.306513	0.584690	0.108797	0.000000	0.000000	0.000000
430	0.000000	0.000000	0.000000	0.306712	0.585023	0.108265	0.000000	0.000000	0.000000
431	0.000000	0.000000	0.000000	0.306472	0.585135	0.108393	0.000000	0.000000	0.000000
432	0.000000	0.000000	0.000000	0.306188	0.585265	0.108547	0.000000	0.000000	0.000000
433	0.000000	0.000000	0.000000	0.305968	0.585508	0.108524	0.000000	0.000000	0.000000
434	0.000000	0.000000	0.000000	0.305685	0.585929	0.108386	0.000000	0.000000	0.000000
435	0.000000	0.000000	0.000000	0.305627	0.586391	0.107982	0.000000	0.000000	0.000000
436	0.000000	0.000000	0.000000	0.306080	0.586397	0.107523	0.000000	0.000000	0.000000
437	0.000000	0.000000	0.000000	0.306084	0.586106	0.107810	0.000000	0.000000	0.000000
438	0.000000	0.000000	0.000000	0.305899	0.585953	0.108148	0.000000	0.000000	0.000000
439	0.000000	0.000000	0.000000	0.305296	0.586779	0.107925	0.000000	0.000000	0.000000
440	0.000000	0.000000	0.000000	0.304862	0.587087	0.108051	0.000000	0.000000	0.000000
441	0.000000	0.000000	0.000000	0.304834	0.587768	0.107398	0.000000	0.000000	0.000000
442	0.000000	0.000000	0.000000	0.304750	0.587849	0.107401	0.000000	0.000000	0.000000
443	0.000000	0.000000	0.000000	0.304409	0.587867	0.107724	0.000000	0.000000	0.000000
444	0.000000	0.000000	0.000000	0.304153	0.588085	0.107762	0.000000	0.000000	0.000000
445	0.000000	0.000000	0.000000	0.304593	0.587444	0.107963	0.000000	0.000000	0.000000
446	0.000000	0.000000	0.000000	0.304175	0.587848	0.107977	0.000000	0.000000	0.000000
447	0.000000	0.000000	0.000000	0.303932	0.587592	0.108476	0.000000	0.000000	0.000000
448	0.000000	0.000000	0.000000	0.303945	0.587684	0.108371	0.000000	0.000000	0.000000
449	0.000000	0.000000	0.000000	0.303457	0.587985	0.108558	0.000000	0.000000	0.000000
450	0.000000	0.000000	0.000000	0.304080	0.587377	0.108543	0.000000	0.000000	0.000000
451	0.000000	0.000000	0.000000	0.303823	0.587523	0.108654	0.000000	0.000000	0.000000
452	0.000000	0.000000	0.000000	0.303784	0.587658	0.108558	0.000000	0.000000	0.000000
453	0.000000	0.000000	0.000000	0.303321	0.588357	0.108322	0.000000	0.000000	0.000000
454	0.000000	0.000000	0.000000	0.303462	0.588131	0.108407	0.000000	0.000000	0.000000
455	0.000000	0.000000	0.000000	0.303193	0.588175	0.108632	0.000000	0.000000	0.000000
456	0.000000	0.000000	0.000000	0.303807	0.587723	0.108470	0.000000	0.000000	0.000000
457	0.000000	0.000000	0.000000	0.303267	0.588284	0.108449	0.000000	0.000000	0.000000
458	0.000000	0.000000	0.000000	0.303146	0.588705	0.108149	0.000000	0.000000	0.000000
459	0.000000	0.000000	0.000000	0.303617	0.588043	0.108340	0.000000	0.000000	0.000000
460	0.000000	0.000000	0.000000	0.303668	0.587887	0.108445	0.000000	0.000000	0.000000
461	0.000000	0.000000	0.000000	0.303682	0.587876	0.108442	0.000000	0.000000	0.000000
462	0.000000	0.000000	0.000000	0.303489	0.587682	0.108829	0.000000	0.000000	0.000000
463	0.000000	0.000000	0.000000	0.303379	0.587573	0.109048	0.000000	0.000000	0.000000
464	0.000000	0.000000	0.000000	0.303151	0.587533	0.109316	0.000000	0.000000	0.000000
465	0.000000	0.000000	0.000000	0.302920	0.587508	0.109572	0.000000	0.000000	0.000000
466	0.000000	0.000000	0.000000	0.302968	0.587208	0.109824	0.000000	0.000000	0.000000
467	0.000000	0.000000	0.000000	0.302719	0.587652	0.109629	0.000000	0.000000	0.000000
468	0.000000	0.000000	0.000000	0.302685	0.587493	0.109822	0.000000	0.000000	0.000000
469	0.000000	0.000000	0.000000	0.303038	0.587036	0.109926	0.000000	0.000000	0.000000
470	0.000000	0.000000	0.000000	0.303014	0.587088	0.109898	0.000000	0.000000	0.000000
