0	0.290663	0.057897	0.229473	0.157588	0.029913	0.111872	0.085455	0.012259	0.024880
1	0.229811	0.047452	0.199965	0.146641	0.030083	0.127302	0.110818	0.021811	0.086117
2	0.228741	0.046792	0.197140	0.148027	0.031692	0.128499	0.105449	0.020662	0.092998
3	0.233416	0.046757	0.195396	0.149729	0.033445	0.126703	0.098911	0.019106	0.096537
4	0.238956	0.046518	0.193823	0.151453	0.035504	0.124712	0.091908	0.017524	0.099602
5	0.245830	0.046416	0.191306	0.153006	0.037706	0.122099	0.085115	0.016075	0.102447
6	0.251886	0.046329	0.189392	0.154053	0.039841	0.119183	0.079386	0.014843	0.105087
7	0.257169	0.045839	0.187337	0.155483	0.042427	0.115954	0.073881	0.013454	0.108456
8	0.262565	0.045349	0.184551	0.156541	0.045293	0.113081	0.069070	0.012461	0.111089
9	0.268030	0.044741	0.181678	0.158110	0.047792	0.109847	0.064671	0.011529	0.113602
10	0.273756	0.043983	0.178532	0.158776	0.050533	0.106923	0.060642	0.010334	0.116521
11	0.278889	0.043205	0.175162	0.159947	0.053267	0.103899	0.056759	0.009613	0.119259
12	0.284244	0.042201	0.171969	0.160944	0.055980	0.100461	0.052997	0.008829	0.122375
13	0.289500	0.041163	0.168492	0.161459	0.059425	0.097492	0.049304	0.008119	0.125046
14	0.294018	0.040345	0.165432	0.162211	0.062667	0.094613	0.046235	0.007313	0.127166
15	0.298812	0.039609	0.161500	0.162390	0.066047	0.091979	0.043540	0.006742	0.129381
16	0.302305	0.038671	0.158757	0.162526	0.069415	0.089372	0.040818	0.006190	0.131946
17	0.306933	0.037967	0.155440	0.163121	0.072507	0.086301	0.038424	0.005767	0.133540
18	0.311059	0.037206	0.151519	0.163523	0.076268	0.083878	0.035971	0.005346	0.135230
19	0.315553	0.036299	0.148208	0.163639	0.079602	0.080930	0.033832	0.004887	0.137050
20	0.320136	0.035336	0.144608	0.163789	0.083297	0.078527	0.031284	0.004548	0.138475
21	0.323745	0.034509	0.141349	0.164091	0.087092	0.076083	0.029570	0.004259	0.139302
22	0.327354	0.033424	0.138104	0.164637	0.091061	0.073389	0.027766	0.003955	0.140310
23	0.331420	0.032329	0.135433	0.164450	0.095346	0.070666	0.026027	0.003620	0.140709
24	0.334514	0.031359	0.132101	0.164268	0.100270	0.068478	0.024101	0.003366	0.141543
25	0.337536	0.030501	0.128783	0.164669	0.104951	0.065986	0.022660	0.003054	0.141860
26	0.340779	0.029802	0.125749	0.164048	0.109469	0.063727	0.021173	0.002816	0.142437
27	0.343767	0.029136	0.122829	0.164166	0.114489	0.061679	0.019649	0.002610	0.141675
28	0.347261	0.028300	0.119894	0.164266	0.119238	0.059223	0.018200	0.002412	0.141206
29	0.349378	0.027380	0.116642	0.163970	0.124272	0.057730	0.017115	0.002165	0.141348
30	0.352216	0.026303	0.113643	0.164325	0.129638	0.055762	0.015915	0.001982	0.140216
31	0.354359	0.025353	0.110950	0.164629	0.134752	0.053807	0.014761	0.001801	0.139588
32	0.356215	0.024540	0.108247	0.164975	0.140263	0.052008	0.013734	0.001686	0.138332
33	0.359485	0.023817	0.104857	0.164587	0.145605	0.050337	0.012612	0.001545	0.137155
34	0.361442	0.023290	0.101809	0.165112	0.151420	0.048524	0.011620	0.001454	0.135329
35	0.364018	0.022593	0.098419	0.164995	0.157111	0.046882	0.010668	0.001350	0.133964
36	0.365489	0.021580	0.095710	0.166083	0.163011	0.045229	0.009800	0.001217	0.131881
37	0.366946	0.020829	0.092578	0.165950	0.169508	0.043853	0.009116	0.001100	0.130120
38	0.368180	0.019814	0.089756	0.166309	0.175677	0.042840	0.008380	0.001043	0.128001
39	0.368992	0.019106	0.087621	0.166319	0.181875	0.041587	0.007705	0.000964	0.125831
40	0.369772	0.018458	0.084834	0.166267	0.188947	0.040405	0.007107	0.000909	0.123301
41	0.370883	0.017712	0.082619	0.166689	0.195258	0.038992	0.006552	0.000791	0.120504
42	0.372090	0.017198	0.080436	0.166137	0.201482	0.037928	0.006030	0.000704	0.117995
43	0.373190	0.016594	0.077811	0.166137	0.208133	0.036862	0.005502	0.000651	0.115120
44	0.373439	0.015953	0.075574	0.166669	0.215037	0.035846	0.004841	0.000604	0.112037
45	0.374358	0.015357	0.073276	0.166313	0.222204	0.035225	0.004478	0.000507	0.108282
46	0.373992	0.014698	0.071016	0.166987	0.229272	0.034004	0.004095	0.000470	0.105466
47	0.373957	0.014070	0.068647	0.166717	0.236406	0.033497	0.003694	0.000426	0.102586
48	0.373945	0.013623	0.066275	0.167094	0.243579	0.032731	0.003375	0.000395	0.098983
49	0.373434	0.012979	0.064241	0.167812	0.250666	0.031920	0.002983	0.000357	0.095608
50	0.372991	0.012464	0.062241	0.167937	0.257471	0.031261	0.002686	0.000352	0.092597
51	0.371713	0.012131	0.060677	0.167942	0.265127	0.030611	0.002458	0.000265	0.089076
52	0.371292	0.011733	0.058776	0.167638	0.272481	0.030051	0.002190	0.000232	0.085607
53	0.369210	0.011303	0.056681	0.168241	0.280264	0.029515	0.002004	0.000178	0.082604
54	0.367273	0.010937	0.055105	0.168491	0.287931	0.028865	0.001822	0.000166	0.079410
55	0.365258	0.010573	0.053136	0.169570	0.295271	0.028287	0.001688	0.000139	0.076078
56	0.363098	0.010242	0.051273	0.170165	0.303011	0.027662	0.001481	0.000121	0.072947
57	0.360801	0.009820	0.049941	0.170860	0.310446	0.027367	0.001288	0.000107	0.069370
58	0.358225	0.009471	0.048530	0.171128	0.317936	0.027053	0.001188	0.000094	0.066375
59	0.355908	0.008983	0.046656	0.171188	0.326325	0.026431	0.001051	0.000076	0.063382
60	0.353090	0.008606	0.045026	0.171208	0.334504	0.026310	0.000927	0.000079	0.060250
61	0.349935	0.008355	0.043711	0.172161	0.341796	0.025896	0.000792	0.000071	0.057283
62	0.346830	0.007810	0.042242	0.172690	0.349445	0.025502	0.000693	0.000067	0.054721
63	0.343447	0.007539	0.040815	0.173325	0.356742	0.025187	0.000641	0.000056	0.052248
64	0.339980	0.007058	0.039383	0.174266	0.364175	0.024962	0.000586	0.000048	0.049542
65	0.336158	0.006765	0.038256	0.174488	0.372103	0.024705	0.000551	0.000051	0.046923
66	0.332255	0.006457	0.037042	0.175377	0.379681	0.024179	0.000489	0.000028	0.044492
67	0.327652	0.006132	0.035977	0.176076	0.387634	0.023795	0.000421	0.000024	0.042289
68	0.324255	0.005786	0.034878	0.175978	0.395382	0.023552	0.000351	0.000009	0.039809
69	0.319928	0.005542	0.033771	0.176025	0.403358	0.023425	0.000301	0.000010	0.037640
70	0.315432	0.005289	0.032649	0.176629	0.411309	0.022957	0.000270	0.000005	0.035460
71	0.310568	0.005024	0.031468	0.176937	0.419487	0.022951	0.000232	0.000007	0.033326
72	0.305926	0.004785	0.030445	0.177272	0.427288	0.022764	0.000209	0.000004	0.031307
73	0.301085	0.004547	0.029600	0.177258	0.435562	0.022387	0.000190	0.000006	0.029365
74	0.296299	0.004382	0.028581	0.177564	0.443451	0.022220	0.000162	0.000003	0.027338
75	0.291758	0.004233	0.027696	0.178167	0.450190	0.022065	0.000149	0.000006	0.025736
76	0.286512	0.003976	0.026747	0.178933	0.457964	0.021660	0.000124	0.000008	0.024076
77	0.281172	0.003775	0.025740	0.179612	0.465286	0.021790	0.000108	0.000003	0.022514
78	0.275777	0.003634	0.024947	0.179914	0.473099	0.021576	0.000085	0.000001	0.020967
79	0.270467	0.003374	0.023987	0.180180	0.480965	0.021406	0.000074	0.000002	0.019545
80	0.264816	0.003232	0.023179	0.180749	0.488449	0.021210	0.000071	0.000003	0.018291
81	0.259051	0.003137	0.022440	0.180982	0.496116	0.021277	0.000054	0.000000	0.016943
82	0.254156	0.002921	0.021757	0.181025	0.503098	0.021169	0.000060	0.000000	0.015814
83	0.248943	0.002694	0.020974	0.181829	0.509834	0.021048	0.000051	0.000000	0.014627
84	0.243303	0.002529	0.020281	0.182139	0.517164	0.020988	0.000048	0.000000	0.013548
85	0.237468	0.002386	0.019546	0.182958	0.523898	0.021020	0.000042	0.000000	0.012682
86	0.231613	0.002203	0.018990	0.183745	0.530776	0.020814	0.000037	0.000000	0.011822
87	0.226187	0.002052	0.018271	0.184428	0.537379	0.020653	0.000029	0.000000	0.011001
88	0.220560	0.001883	0.017638	0.185641	0.543139	0.020824	0.000028	0.000000	0.010287
89	0.215013	0.001746	0.017106	0.185902	0.549877	0.020689	0.000039	0.000000	0.009628
90	0.209636	0.001661	0.016368	0.186384	0.556356	0.020572	0.000028	0.000000	0.008995
91	0.204548	0.001601	0.016094	0.186734	0.562453	0.020317	0.000018	0.000000	0.008235
92	0.199409	0.001498	0.015510	0.186792	0.568679	0.020306	0.000017	0.000000	0.007789
93	0.194253	0.001356	0.014903	0.186883	0.575139	0.020298	0.000013	0.000000	0.007155
94	0.188870	0.001300	0.014405	0.186816	0.581601	0.020326	0.000017	0.000000	0.006665
95	0.183157	0.001201	0.013966	0.188101	0.587038	0.020336	0.000010	0.000000	0.006191
96	0.178249	0.001131	0.013628	0.188865	0.592284	0.020162	0.000007	0.000000	0.005674
97	0.173343	0.001027	0.013085	0.189557	0.597621	0.020054	0.000009	0.000000	0.005304
98	0.168250	0.000900	0.012586	0.189347	0.603956	0.020074	0.000007	0.000000	0.004880
99	0.162882	0.000874	0.012293	0.190063	0.609182	0.020072	0.000009	0.000000	0.004625
100	0.157944	0.000804	0.011896	0.190283	0.614614	0.020098	0.000007	0.000000	0.004354
101	0.153127	0.000800	0.011434	0.190675	0.619926	0.019971	0.000007	0.000000	0.004060
102	0.148292	0.000741	0.011044	0.191171	0.624836	0.020205	0.000004	0.000000	0.003707
103	0.143331	0.000689	0.010745	0.191396	0.630008	0.020327	0.000001	0.000000	0.003503
104	0.138303	0.000652	0.010370	0.191689	0.635381	0.020400	0.000002	0.000000	0.003203
105	0.133726	0.000612	0.009988	0.192299	0.640195	0.020160	0.000002	0.000000	0.003018
106	0.129009	0.000534	0.009678	0.192757	0.645415	0.019925	0.000000	0.000000	0.002682
107	0.124223	0.000467	0.009253	0.193372	0.650151	0.019993	0.000000	0.000000	0.002541
108	0.119939	0.000432	0.008761	0.193680	0.654835	0.020010	0.000000	0.000000	0.002343
109	0.115614	0.000430	0.008512	0.194087	0.659332	0.019826	0.000000	0.000000	0.002199
110	0.111367	0.000372	0.008171	0.194718	0.663397	0.019960	0.000000	0.000000	0.002015
111	0.107413	0.000351	0.007811	0.194982	0.667867	0.019718	0.000000	0.000000	0.001858
112	0.103551	0.000325	0.007464	0.195415	0.671624	0.019808	0.000000	0.000000	0.001813
113	0.099672	0.000324	0.007045	0.196300	0.674999	0.019999	0.000000	0.000000	0.001661
114	0.095966	0.000268	0.006645	0.196511	0.679002	0.020050	0.000000	0.000000	0.001558
115	0.092204	0.000246	0.006365	0.197279	0.682563	0.019945	0.000000	0.000000	0.001398
116	0.088534	0.000232	0.006081	0.198063	0.685761	0.020023	0.000000	0.000000	0.001306
117	0.085042	0.000236	0.005868	0.198350	0.689343	0.019987	0.000000	0.000000	0.001174
118	0.081609	0.000221	0.005547	0.198429	0.693189	0.019925	0.000000	0.000000	0.001080
119	0.078254	0.000210	0.005367	0.198422	0.696735	0.019962	0.000000	0.000000	0.001050
120	0.074901	0.000209	0.005123	0.198343	0.700406	0.020105	0.000000	0.000000	0.000913
121	0.071834	0.000196	0.005014	0.199047	0.703060	0.020003	0.000000	0.000000	0.000846
122	0.069168	0.000171	0.004873	0.199695	0.705402	0.019922	0.000000	0.000000	0.000769
123	0.066263	0.000137	0.004687	0.199918	0.708291	0.019991	0.000000	0.000000	0.000713
124	0.063339	0.000140	0.004462	0.199709	0.711801	0.019840	0.000000	0.000000	0.000709
125	0.060739	0.000124	0.004327	0.200175	0.714136	0.019870	0.000000	0.000000	0.000629
126	0.057868	0.000115	0.004017	0.200675	0.717011	0.019753	0.000000	0.000000	0.000561
127	0.055192	0.000109	0.003801	0.200975	0.719708	0.019710	0.000000	0.000000	0.000505
128	0.052757	0.000100	0.003645	0.201382	0.722025	0.019633	0.000000	0.000000	0.000458
129	0.050362	0.000085	0.003478	0.202091	0.723943	0.019597	0.000000	0.000000	0.000444
130	0.047816	0.000083	0.003317	0.202248	0.726383	0.019731	0.000000	0.000000	0.000422
131	0.045668	0.000074	0.003102	0.201603	0.729470	0.019663	0.000000	0.000000	0.000420
132	0.043435	0.000065	0.002990	0.201981	0.731501	0.019627	0.000000	0.000000	0.000401
133	0.041441	0.000052	0.002771	0.202316	0.733398	0.019654	0.000000	0.000000	0.000368
134	0.039179	0.000039	0.002661	0.202698	0.735433	0.019662	0.000000	0.000000	0.000328
135	0.037230	0.000044	0.002447	0.202649	0.737514	0.019826	0.000000	0.000000	0.000290
136	0.035577	0.000034	0.002319	0.202782	0.739342	0.019673	0.000000	0.000000	0.000273
137	0.034036	0.000032	0.002149	0.202969	0.740705	0.019832	0.000000	0.000000	0.000277
138	0.032385	0.000034	0.002054	0.202734	0.742782	0.019772	0.000000	0.000000	0.000239
139	0.030759	0.000027	0.001959	0.203093	0.744181	0.019747	0.000000	0.000000	0.000234
140	0.029229	0.000019	0.001814	0.203631	0.745217	0.019876	0.000000	0.000000	0.000214
141	0.027624	0.000018	0.001757	0.203615	0.746852	0.019935	0.000000	0.000000	0.000199
142	0.026322	0.000018	0.001645	0.203864	0.748111	0.019858	0.000000	0.000000	0.000182
143	0.024907	0.000014	0.001582	0.204440	0.748957	0.019918	0.000000	0.000000	0.000182
144	0.023621	0.000016	0.001563	0.204698	0.750065	0.019879	0.000000	0.000000	0.000158
145	0.022210	0.000014	0.001482	0.205225	0.751312	0.019602	0.000000	0.000000	0.000155
146	0.020886	0.000009	0.001425	0.204900	0.753003	0.019627	0.000000	0.000000	0.000150
147	0.019825	0.000006	0.001388	0.204998	0.754094	0.019550	0.000000	0.000000	0.000139
148	0.018842	0.000008	0.001361	0.205050	0.755152	0.019444	0.000000	0.000000	0.000143
149	0.017951	0.000005	0.001311	0.205342	0.755732	0.019530	0.000000	0.000000	0.000129
150	0.017105	0.000006	0.001238	0.205434	0.756518	0.019557	0.000000	0.000000	0.000142
151	0.016227	0.000004	0.001168	0.205091	0.757799	0.019568	0.000000	0.000000	0.000143
152	0.015350	0.000002	0.001092	0.205158	0.758446	0.019815	0.000000	0.000000	0.000137
153	0.014386	0.000002	0.001075	0.205398	0.759422	0.019591	0.000000	0.000000	0.000126
154	0.013619	0.000001	0.001036	0.205416	0.760006	0.019798	0.000000	0.000000	0.000124
155	0.012835	0.000002	0.001005	0.205754	0.760267	0.020012	0.000000	0.000000	0.000125
156	0.012108	0.000002	0.000983	0.205236	0.761517	0.020027	0.000000	0.000000	0.000127
157	0.011491	0.000003	0.000966	0.205311	0.762032	0.020066	0.000000	0.000000	0.000131
158	0.010970	0.000003	0.000922	0.205635	0.762288	0.020054	0.000000	0.000000	0.000128
159	0.010374	0.000003	0.000898	0.205751	0.762693	0.020148	0.000000	0.000000	0.000133
160	0.009784	0.000001	0.000842	0.206163	0.762776	0.020299	0.000000	0.000000	0.000135
161	0.009249	0.000002	0.000801	0.206131	0.763618	0.020075	0.000000	0.000000	0.000124
162	0.008849	0.000002	0.000762	0.205960	0.764232	0.020084	0.000000	0.000000	0.000111
163	0.008329	0.000000	0.000748	0.205932	0.764842	0.020045	0.000000	0.000000	0.000104
164	0.007840	0.000000	0.000716	0.206615	0.764651	0.020081	0.000000	0.000000	0.000097
165	0.007340	0.000000	0.000697	0.206291	0.765528	0.020055	0.000000	0.000000	0.000089
166	0.006833	0.000000	0.000677	0.206479	0.766021	0.019897	0.000000	0.000000	0.000093
167	0.006354	0.000000	0.000657	0.206897	0.766087	0.019923	0.000000	0.000000	0.000082
168	0.006018	0.000000	0.000646	0.206763	0.766597	0.019891	0.000000	0.000000	0.000085
169	0.005807	0.000000	0.000590	0.206503	0.767110	0.019902	0.000000	0.000000	0.000088
170	0.005436	0.000000	0.000569	0.205869	0.768224	0.019833	0.000000	0.000000	0.000069
171	0.005163	0.000000	0.000531	0.205974	0.768426	0.019832	0.000000	0.000000	0.000074
172	0.004834	0.000000	0.000499	0.205781	0.769005	0.019813	0.000000	0.000000	0.000068
173	0.004559	0.000000	0.000470	0.205854	0.769338	0.019717	0.000000	0.000000	0.000062
174	0.004355	0.000000	0.000479	0.205834	0.769480	0.019792	0.000000	0.000000	0.000060
175	0.004127	0.000000	0.000445	0.206287	0.769176	0.019919	0.000000	0.000000	0.000046
176	0.003903	0.000000	0.000432	0.206071	0.769484	0.020067	0.000000	0.000000	0.000043
177	0.003565	0.000000	0.000398	0.206302	0.769555	0.020143	0.000000	0.000000	0.000037
178	0.003398	0.000000	0.000381	0.206561	0.769490	0.020134	0.000000	0.000000	0.000036
179	0.003161	0.000000	0.000370	0.206879	0.769435	0.020122	0.000000	0.000000	0.000033
180	0.002987	0.000000	0.000360	0.206794	0.769764	0.020061	0.000000	0.000000	0.000034
181	0.002822	0.000000	0.000343	0.206850	0.769876	0.020078	0.000000	0.000000	0.000031
182	0.002664	0.000000	0.000299	0.206905	0.769950	0.020150	0.000000	0.000000	0.000032
183	0.002502	0.000000	0.000281	0.207246	0.769803	0.020133	0.000000	0.000000	0.000035
184	0.002347	0.000000	0.000272	0.207030	0.770132	0.020185	0.000000	0.000000	0.000034
185	0.002190	0.000000	0.000248	0.206721	0.770513	0.020297	0.000000	0.000000	0.000031
186	0.002053	0.000000	0.000241	0.207005	0.770465	0.020213	0.000000	0.000000	0.000023
187	0.001935	0.000000	0.000250	0.206960	0.770477	0.020359	0.000000	0.000000	0.000019
188	0.001855	0.000000	0.000239	0.206441	0.771106	0.020346	0.000000	0.000000	0.000013
189	0.001760	0.000000	0.000233	0.206239	0.771333	0.020421	0.000000	0.000000	0.000014
190	0.001653	0.000000	0.000206	0.205737	0.771853	0.020537	0.000000	0.000000	0.000014
191	0.001532	0.000000	0.000212	0.205644	0.772111	0.020491	0.000000	0.000000	0.000010
192	0.001499	0.000000	0.000198	0.205407	0.772393	0.020487	0.000000	0.000000	0.000016
193	0.001393	0.000000	0.000176	0.205718	0.772272	0.020429	0.000000	0.000000	0.000012
194	0.001289	0.000000	0.000163	0.205574	0.772570	0.020390	0.000000	0.000000	0.000014
195	0.001224	0.000000	0.000146	0.205785	0.772476	0.020360	0.000000	0.000000	0.000009
196	0.001144	0.000000	0.000149	0.205797	0.772463	0.020442	0.000000	0.000000	0.000005
197	0.001064	0.000000	0.000129	0.206093	0.772167	0.020545	0.000000	0.000000	0.000002
198	0.001061	0.000000	0.000130	0.206050	0.772236	0.020522	0.000000	0.000000	0.000001
199	0.001018	0.000000	0.000130	0.205957	0.772339	0.020555	0.000000	0.000000	0.000001
200	0.000962	0.000000	0.000119	0.205922	0.772506	0.020490	0.000000	0.000000	0.000001
201	0.000892	0.000000	0.000113	0.206113	0.772388	0.020493	0.000000	0.000000	0.000001
202	0.000859	0.000000	0.000107	0.206666	0.771975	0.020392	0.000000	0.000000	0.000001
203	0.000812	0.000000	0.000099	0.206862	0.771906	0.020321	0.000000	0.000000	0.000000
204	0.000732	0.000000	0.000097	0.206126	0.772812	0.020233	0.000000	0.000000	0.000000
205	0.000684	0.000000	0.000108	0.206257	0.772645	0.020306	0.000000	0.000000	0.000000
206	0.000667	0.000000	0.000107	0.206023	0.772972	0.020231	0.000000	0.000000	0.000000
207	0.000632	0.000000	0.000106	0.206474	0.772708	0.020080	0.000000	0.000000	0.000000
208	0.000589	0.000000	0.000106	0.206004	0.773285	0.020016	0.000000	0.000000	0.000000
209	0.000586	0.000000	0.000101	0.205507	0.773765	0.020041	0.000000	0.000000	0.000000
210	0.000568	0.000000	0.000097	0.206007	0.773331	0.019997	0.000000	0.000000	0.000000
211	0.000534	0.000000	0.000102	0.205672	0.773876	0.019816	0.000000	0.000000	0.000000
212	0.000469	0.000000	0.000100	0.204957	0.774616	0.019858	0.000000	0.000000	0.000000
213	0.000465	0.000000	0.000090	0.205086	0.774577	0.019782	0.000000	0.000000	0.000000
214	0.000480	0.000000	0.000081	0.205019	0.774713	0.019707	0.000000	0.000000	0.000000
215	0.000459	0.000000	0.000077	0.205398	0.774176	0.019890	0.000000	0.000000	0.000000
216	0.000439	0.000000	0.000063	0.205205	0.774343	0.019950	0.000000	0.000000	0.000000
217	0.000451	0.000000	0.000071	0.205260	0.774394	0.019824	0.000000	0.000000	0.000000
218	0.000433	0.000000	0.000073	0.205581	0.774198	0.019715	0.000000	0.000000	0.000000
219	0.000428	0.000000	0.000082	0.205323	0.774452	0.019715	0.000000	0.000000	0.000000
220	0.000441	0.000000	0.000093	0.205364	0.774413	0.019689	0.000000	0.000000	0.000000
221	0.000450	0.000000	0.000093	0.205800	0.773903	0.019754	0.000000	0.000000	0.000000
222	0.000442	0.000000	0.000089	0.205791	0.774205	0.019473	0.000000	0.000000	0.000000
223	0.000429	0.000000	0.000098	0.205378	0.774375	0.019720	0.000000	0.000000	0.000000
224	0.000413	0.000000	0.000087	0.205033	0.774958	0.019509	0.000000	0.000000	0.000000
225	0.000411	0.000000	0.000080	0.205199	0.774552	0.019758	0.000000	0.000000	0.000000
226	0.000398	0.000000	0.000082	0.205474	0.774394	0.019652	0.000000	0.000000	0.000000
227	0.000387	0.000000	0.000079	0.205479	0.774548	0.019507	0.000000	0.000000	0.000000
228	0.000390	0.000000	0.000073	0.205527	0.774688	0.019322	0.000000	0.000000	0.000000
229	0.000364	0.000000	0.000071	0.205466	0.774834	0.019265	0.000000	0.000000	0.000000
230	0.000355	0.000000	0.000071	0.205297	0.774855	0.019422	0.000000	0.000000	0.000000
231	0.000343	0.000000	0.000076	0.205303	0.774903	0.019375	0.000000	0.000000	0.000000
232	0.000330	0.000000	0.000072	0.204729	0.775406	0.019463	0.000000	0.000000	0.000000
233	0.000305	0.000000	0.000065	0.204463	0.775675	0.019492	0.000000	0.000000	0.000000
234	0.000310	0.000000	0.000062	0.204936	0.775147	0.019545	0.000000	0.000000	0.000000
235	0.000307	0.000000	0.000062	0.204689	0.775434	0.019508	0.000000	0.000000	0.000000
236	0.000296	0.000000	0.000051	0.204412	0.775729	0.019512	0.000000	0.000000	0.000000
237	0.000271	0.000000	0.000050	0.204769	0.775582	0.019328	0.000000	0.000000	0.000000
238	0.000266	0.000000	0.000041	0.204539	0.775789	0.019365	0.000000	0.000000	0.000000
239	0.000255	0.000000	0.000037	0.204870	0.775553	0.019285	0.000000	0.000000	0.000000
240	0.000256	0.000000	0.000039	0.205069	0.775394	0.019242	0.000000	0.000000	0.000000
241	0.000268	0.000000	0.000040	0.204698	0.775683	0.019311	0.000000	0.000000	0.000000
242	0.000252	0.000000	0.000035	0.204753	0.775791	0.019169	0.000000	0.000000	0.000000
243	0.000247	0.000000	0.000038	0.204979	0.775456	0.019280	0.000000	0.000000	0.000000
244	0.000235	0.000000	0.000035	0.204976	0.775371	0.019383	0.000000	0.000000	0.000000
245	0.000205	0.000000	0.000028	0.205377	0.774900	0.019490	0.000000	0.000000	0.000000
246	0.000195	0.000000	0.000025	0.205839	0.774476	0.019465	0.000000	0.000000	0.000000
247	0.000194	0.000000	0.000031	0.206078	0.774282	0.019415	0.000000	0.000000	0.000000
248	0.000178	0.000000	0.000030	0.205583	0.774887	0.019322	0.000000	0.000000	0.000000
249	0.000152	0.000000	0.000033	0.205238	0.775249	0.019328	0.000000	0.000000	0.000000
250	0.000160	0.000000	0.000028	0.205277	0.775230	0.019305	0.000000	0.000000	0.000000
251	0.000152	0.000000	0.000032	0.205607	0.774970	0.019239	0.000000	0.000000	0.000000
252	0.000148	0.000000	0.000032	0.205572	0.774864	0.019384	0.000000	0.000000	0.000000
253	0.000155	0.000000	0.000040	0.205580	0.774852	0.019373	0.000000	0.000000	0.000000
254	0.000155	0.000000	0.000040	0.205140	0.775343	0.019322	0.000000	0.000000	0.000000
255	0.000156	0.000000	0.000035	0.205193	0.775321	0.019295	0.000000	0.000000	0.000000
256	0.000148	0.000000	0.000037	0.205089	0.775284	0.019442	0.000000	0.000000	0.000000
257	0.000150	0.000000	0.000042	0.204774	0.775562	0.019472	0.000000	0.000000	0.000000
258	0.000149	0.000000	0.000042	0.204734	0.775543	0.019532	0.000000	0.000000	0.000000
259	0.000130	0.000000	0.000044	0.204833	0.775582	0.019411	0.000000	0.000000	0.000000
260	0.000124	0.000000	0.000048	0.204580	0.775675	0.019573	0.000000	0.000000	0.000000
261	0.000121	0.000000	0.000052	0.204645	0.775696	0.019486	0.000000	0.000000	0.000000
262	0.000109	0.000000	0.000050	0.204507	0.775752	0.019582	0.000000	0.000000	0.000000
263	0.000102	0.000000	0.000052	0.204247	0.775810	0.019789	0.000000	0.000000	0.000000
264	0.000102	0.000000	0.000050	0.204596	0.775627	0.019625	0.000000	0.000000	0.000000
265	0.000108	0.000000	0.000058	0.204374	0.775886	0.019574	0.000000	0.000000	0.000000
266	0.000101	0.000000	0.000053	0.204616	0.775652	0.019578	0.000000	0.000000	0.000000
267	0.000104	0.000000	0.000055	0.204858	0.775332	0.019651	0.000000	0.000000	0.000000
268	0.000108	0.000000	0.000057	0.204859	0.775522	0.019454	0.000000	0.000000	0.000000
269	0.000097	0.000000	0.000054	0.204996	0.775158	0.019695	0.000000	0.000000	0.000000
270	0.000077	0.000000	0.000056	0.205454	0.774795	0.019618	0.000000	0.000000	0.000000
271	0.000086	0.000000	0.000058	0.205378	0.774770	0.019708	0.000000	0.000000	0.000000
272	0.000072	0.000000	0.000054	0.205621	0.774650	0.019603	0.000000	0.000000	0.000000
273	0.000074	0.000000	0.000056	0.206183	0.774235	0.019452	0.000000	0.000000	0.000000
274	0.000073	0.000000	0.000054	0.206006	0.774487	0.019380	0.000000	0.000000	0.000000
275	0.000070	0.000000	0.000055	0.206371	0.773929	0.019575	0.000000	0.000000	0.000000
276	0.000065	0.000000	0.000056	0.206375	0.773951	0.019553	0.000000	0.000000	0.000000
277	0.000063	0.000000	0.000059	0.206365	0.774007	0.019506	0.000000	0.000000	0.000000
278	0.000059	0.000000	0.000054	0.206240	0.774301	0.019346	0.000000	0.000000	0.000000
279	0.000063	0.000000	0.000050	0.206045	0.774550	0.019292	0.000000	0.000000	0.000000
280	0.000047	0.000000	0.000057	0.205671	0.774837	0.019388	0.000000	0.000000	0.000000
281	0.000041	0.000000	0.000053	0.205625	0.775039	0.019242	0.000000	0.000000	0.000000
282	0.000041	0.000000	0.000052	0.206102	0.774575	0.019230	0.000000	0.000000	0.000000
283	0.000040	0.000000	0.000057	0.206613	0.774265	0.019025	0.000000	0.000000	0.000000
284	0.000037	0.000000	0.000056	0.206382	0.774271	0.019254	0.000000	0.000000	0.000000
285	0.000036	0.000000	0.000060	0.206082	0.774493	0.019329	0.000000	0.000000	0.000000
286	0.000033	0.000000	0.000056	0.206413	0.774122	0.019376	0.000000	0.000000	0.000000
287	0.000035	0.000000	0.000056	0.206488	0.774046	0.019375	0.000000	0.000000	0.000000
288	0.000039	0.000000	0.000065	0.206537	0.773825	0.019534	0.000000	0.000000	0.000000
289	0.000039	0.000000	0.000072	0.206157	0.774059	0.019673	0.000000	0.000000	0.000000
290	0.000032	0.000000	0.000076	0.206143	0.774158	0.019591	0.000000	0.000000	0.000000
291	0.000035	0.000000	0.000085	0.206388	0.773846	0.019646	0.000000	0.000000	0.000000
292	0.000031	0.000000	0.000075	0.206737	0.773617	0.019540	0.000000	0.000000	0.000000
293	0.000032	0.000000	0.000069	0.206716	0.773618	0.019565	0.000000	0.000000	0.000000
294	0.000037	0.000000	0.000078	0.206761	0.773602	0.019522	0.000000	0.000000	0.000000
295	0.000032	0.000000	0.000079	0.206455	0.773607	0.019827	0.000000	0.000000	0.000000
296	0.000033	0.000000	0.000087	0.206322	0.773697	0.019861	0.000000	0.000000	0.000000
297	0.000026	0.000000	0.000085	0.206868	0.773287	0.019734	0.000000	0.000000	0.000000
298	0.000034	0.000000	0.000082	0.207097	0.773080	0.019707	0.000000	0.000000	0.000000
299	0.000036	0.000000	0.000083	0.207322	0.772700	0.019859	0.000000	0.000000	0.000000
300	0.000035	0.000000	0.000079	0.207175	0.772927	0.019784	0.000000	0.000000	0.000000
301	0.000034	0.000000	0.000080	0.207143	0.772958	0.019785	0.000000	0.000000	0.000000
302	0.000036	0.000000	0.000077	0.207147	0.773133	0.019607	0.000000	0.000000	0.000000
303	0.000033	0.000000	0.000077	0.206737	0.773561	0.019592	0.000000	0.000000	0.000000
304	0.000035	0.000000	0.000079	0.206599	0.773618	0.019669	0.000000	0.000000	0.000000
305	0.000037	0.000000	0.000070	0.206954	0.773488	0.019451	0.000000	0.000000	0.000000
306	0.000029	0.000000	0.000070	0.207280	0.773025	0.019596	0.000000	0.000000	0.000000
307	0.000024	0.000000	0.000076	0.206722	0.773624	0.019554	0.000000	0.000000	0.000000
308	0.000013	0.000000	0.000075	0.206695	0.773546	0.019671	0.000000	0.000000	0.000000
309	0.000018	0.000000	0.000061	0.206707	0.773662	0.019552	0.000000	0.000000	0.000000
310	0.000016	0.000000	0.000068	0.206336	0.773917	0.019663	0.000000	0.000000	0.000000
311	0.000015	0.000000	0.000065	0.206612	0.773566	0.019742	0.000000	0.000000	0.000000
312	0.000017	0.000000	0.000059	0.206270	0.773755	0.019899	0.000000	0.000000	0.000000
313	0.000018	0.000000	0.000064	0.206366	0.773704	0.019848	0.000000	0.000000	0.000000
314	0.000016	0.000000	0.000073	0.206496	0.773473	0.019942	0.000000	0.000000	0.000000
315	0.000019	0.000000	0.000059	0.206593	0.773288	0.020041	0.000000	0.000000	0.000000
316	0.000017	0.000000	0.000056	0.206423	0.773600	0.019904	0.000000	0.000000	0.000000
317	0.000020	0.000000	0.000056	0.206377	0.773631	0.019916	0.000000	0.000000	0.000000
318	0.000020	0.000000	0.000045	0.206281	0.773707	0.019947	0.000000	0.000000	0.000000
319	0.000011	0.000000	0.000044	0.206626	0.773439	0.019880	0.000000	0.000000	0.000000
320	0.000015	0.000000	0.000040	0.206146	0.773823	0.019976	0.000000	0.000000	0.000000
321	0.000013	0.000000	0.000035	0.206227	0.773769	0.019956	0.000000	0.000000	0.000000
322	0.000009	0.000000	0.000040	0.206444	0.773435	0.020072	0.000000	0.000000	0.000000
323	0.000010	0.000000	0.000042	0.206532	0.773348	0.020068	0.000000	0.000000	0.000000
324	0.000019	0.000000	0.000038	0.206043	0.773787	0.020113	0.000000	0.000000	0.000000
325	0.000022	0.000000	0.000036	0.206367	0.773636	0.019939	0.000000	0.000000	0.000000
326	0.000019	0.000000	0.000030	0.206189	0.773657	0.020105	0.000000	0.000000	0.000000
327	0.000017	0.000000	0.000028	0.206138	0.773862	0.019955	0.000000	0.000000	0.000000
328	0.000021	0.000000	0.000027	0.206761	0.773451	0.019740	0.000000	0.000000	0.000000
329	0.000021	0.000000	0.000031	0.207102	0.773183	0.019663	0.000000	0.000000	0.000000
330	0.000017	0.000000	0.000022	0.206864	0.773337	0.019760	0.000000	0.000000	0.000000
331	0.000022	0.000000	0.000021	0.206700	0.773350	0.019907	0.000000	0.000000	0.000000
332	0.000024	0.000000	0.000018	0.205745	0.774476	0.019737	0.000000	0.000000	0.000000
333	0.000015	0.000000	0.000017	0.205735	0.774409	0.019824	0.000000	0.000000	0.000000
334	0.000018	0.000000	0.000015	0.205841	0.774209	0.019917	0.000000	0.000000	0.000000
335	0.000019	0.000000	0.000017	0.205980	0.774115	0.019869	0.000000	0.000000	0.000000
336	0.000014	0.000000	0.000011	0.206015	0.774264	0.019696	0.000000	0.000000	0.000000
337	0.000016	0.000000	0.000011	0.205675	0.774465	0.019833	0.000000	0.000000	0.000000
338	0.000020	0.000000	0.000011	0.205416	0.774862	0.019691	0.000000	0.000000	0.000000
339	0.000018	0.000000	0.000009	0.205567	0.774557	0.019849	0.000000	0.000000	0.000000
340	0.000012	0.000000	0.000007	0.206020	0.773973	0.019988	0.000000	0.000000	0.000000
341	0.000015	0.000000	0.000009	0.205890	0.774102	0.019984	0.000000	0.000000	0.000000
342	0.000015	0.000000	0.000006	0.205754	0.774264	0.019961	0.000000	0.000000	0.000000
343	0.000022	0.000000	0.000005	0.205614	0.774238	0.020121	0.000000	0.000000	0.000000
344	0.000022	0.000000	0.000005	0.205322	0.774501	0.020150	0.000000	0.000000	0.000000
345	0.000020	0.000000	0.000003	0.205898	0.773905	0.020174	0.000000	0.000000	0.000000
346	0.000020	0.000000	0.000002	0.205551	0.774254	0.020173	0.000000	0.000000	0.000000
347	0.000022	0.000000	0.000001	0.205598	0.774272	0.020107	0.000000	0.000000	0.000000
348	0.000025	0.000000	0.000001	0.204921	0.774978	0.020075	0.000000	0.000000	0.000000
349	0.000028	0.000000	0.000002	0.204565	0.775201	0.020204	0.000000	0.000000	0.000000
350	0.000037	0.000000	0.000000	0.204879	0.774802	0.020282	0.000000	0.000000	0.000000
351	0.000043	0.000000	0.000000	0.205164	0.774374	0.020419	0.000000	0.000000	0.000000
352	0.000045	0.000000	0.000000	0.205597	0.774119	0.020239	0.000000	0.000000	0.000000
353	0.000048	0.000000	0.000000	0.205572	0.774330	0.020050	0.000000	0.000000	0.000000
354	0.000051	0.000000	0.000000	0.205550	0.774209	0.020190	0.000000	0.000000	0.000000
355	0.000054	0.000000	0.000000	0.205707	0.774131	0.020108	0.000000	0.000000	0.000000
356	0.000055	0.000000	0.000000	0.205483	0.774166	0.020296	0.000000	0.000000	0.000000
357	0.000051	0.000000	0.000000	0.205150	0.774588	0.020211	0.000000	0.000000	0.000000
358	0.000042	0.000000	0.000000	0.205458	0.774412	0.020088	0.000000	0.000000	0.000000
359	0.000044	0.000000	0.000000	0.205441	0.774435	0.020080	0.000000	0.000000	0.000000
360	0.000039	0.000000	0.000000	0.205985	0.773862	0.020114	0.000000	0.000000	0.000000
361	0.000042	0.000000	0.000000	0.206201	0.773541	0.020216	0.000000	0.000000	0.000000
362	0.000041	0.000000	0.000000	0.206623	0.773145	0.020191	0.000000	0.000000	0.000000
363	0.000046	0.000000	0.000000	0.206867	0.772785	0.020302	0.000000	0.000000	0.000000
364	0.000045	0.000000	0.000000	0.206695	0.773054	0.020206	0.000000	0.000000	0.000000
365	0.000038	0.000000	0.000000	0.206410	0.773498	0.020054	0.000000	0.000000	0.000000
366	0.000040	0.000000	0.000000	0.206660	0.773165	0.020135	0.000000	0.000000	0.000000
367	0.000046	0.000000	0.000000	0.206799	0.772848	0.020307	0.000000	0.000000	0.000000
368	0.000041	0.000000	0.000000	0.206399	0.773198	0.020362	0.000000	0.000000	0.000000
369	0.000037	0.000000	0.000000	0.206805	0.772754	0.020404	0.000000	0.000000	0.000000
370	0.000043	0.000000	0.000000	0.206931	0.772574	0.020452	0.000000	0.000000	0.000000
371	0.000045	0.000000	0.000000	0.207129	0.772298	0.020528	0.000000	0.000000	0.000000
372	0.000042	0.000000	0.000000	0.207152	0.772366	0.020440	0.000000	0.000000	0.000000
373	0.000044	0.000000	0.000000	0.207739	0.771840	0.020377	0.000000	0.000000	0.000000
374	0.000046	0.000000	0.000000	0.207401	0.772336	0.020217	0.000000	0.000000	0.000000
375	0.000048	0.000000	0.000000	0.207515	0.772119	0.020318	0.000000	0.000000	0.000000
376	0.000047	0.000000	0.000000	0.207675	0.772173	0.020105	0.000000	0.000000	0.000000
377	0.000043	0.000000	0.000000	0.208049	0.771626	0.020282	0.000000	0.000000	0.000000
378	0.000037	0.000000	0.000000	0.207621	0.772125	0.020217	0.000000	0.000000	0.000000
379	0.000040	0.000000	0.000000	0.207662	0.771922	0.020376	0.000000	0.000000	0.000000
380	0.000033	0.000000	0.000000	0.207604	0.771839	0.020524	0.000000	0.000000	0.000000
381	0.000030	0.000000	0.000000	0.207271	0.772226	0.020473	0.000000	0.000000	0.000000
382	0.000031	0.000000	0.000000	0.207255	0.772237	0.020477	0.000000	0.000000	0.000000
383	0.000026	0.000000	0.000000	0.206947	0.772491	0.020536	0.000000	0.000000	0.000000
384	0.000026	0.000000	0.000000	0.207002	0.772523	0.020449	0.000000	0.000000	0.000000
385	0.000025	0.000000	0.000000	0.207573	0.772055	0.020347	0.000000	0.000000	0.000000
386	0.000026	0.000000	0.000000	0.207203	0.772417	0.020354	0.000000	0.000000	0.000000
387	0.000025	0.000000	0.000000	0.207090	0.772656	0.020229	0.000000	0.000000	0.000000
388	0.000022	0.000000	0.000000	0.206956	0.772681	0.020341	0.000000	0.000000	0.000000
389	0.000021	0.000000	0.000000	0.206342	0.773290	0.020347	0.000000	0.000000	0.000000
390	0.000024	0.000000	0.000000	0.206450	0.773245	0.020281	0.000000	0.000000	0.000000
391	0.000022	0.000000	0.000000	0.206432	0.773123	0.020423	0.000000	0.000000	0.000000
392	0.000025	0.000000	0.000000	0.206283	0.773259	0.020433	0.000000	0.000000	0.000000
393	0.000030	0.000000	0.000000	0.206167	0.773177	0.020626	0.000000	0.000000	0.000000
394	0.000029	0.000000	0.000000	0.206495	0.772924	0.020552	0.000000	0.000000	0.000000
395	0.000028	0.000000	0.000000	0.206499	0.772901	0.020572	0.000000	0.000000	0.000000
396	0.000034	0.000000	0.000000	0.206529	0.772900	0.020537	0.000000	0.000000	0.000000
397	0.000029	0.000000	0.000000	0.206333	0.772972	0.020666	0.000000	0.000000	0.000000
398	0.000034	0.000000	0.000000	0.206618	0.772748	0.020600	0.000000	0.000000	0.000000
399	0.000024	0.000000	0.000000	0.206234	0.773063	0.020679	0.000000	0.000000	0.000000
400	0.000024	0.000000	0.000000	0.206301	0.773110	0.020565	0.000000	0.000000	0.000000
401	0.000023	0.000000	0.000000	0.206082	0.773321	0.020574	0.000000	0.000000	0.000000
402	0.000021	0.000000	0.000000	0.206305	0.772896	0.020778	0.000000	0.000000	0.000000
403	0.000027	0.000000	0.000000	0.206324	0.772876	0.020773	0.000000	0.000000	0.000000
404	0.000025	0.000000	0.000000	0.206871	0.772425	0.020679	0.000000	0.000000	0.000000
405	0.000026	0.000000	0.000000	0.206994	0.772354	0.020626	0.000000	0.000000	0.000000
406	0.000027	0.000000	0.000000	0.206882	0.772452	0.020639	0.000000	0.000000	0.000000
407	0.000028	0.000000	0.000000	0.206851	0.772322	0.020799	0.000000	0.000000	0.000000
408	0.000023	0.000000	0.000000	0.206704	0.772521	0.020752	0.000000	0.000000	0.000000
409	0.000028	0.000000	0.000000	0.206166	0.773049	0.020757	0.000000	0.000000	0.000000
410	0.000027	0.000000	0.000000	0.206123	0.773182	0.020668	0.000000	0.000000	0.000000
411	0.000020	0.000000	0.000000	0.205781	0.773694	0.020505	0.000000	0.000000	0.000000
412	0.000021	0.000000	0.000000	0.205822	0.773634	0.020523	0.000000	0.000000	0.000000
413	0.000018	0.000000	0.000000	0.205742	0.773726	0.020514	0.000000	0.000000	0.000000
414	0.000011	0.000000	0.000000	0.205732	0.773841	0.020416	0.000000	0.000000	0.000000
415	0.000010	0.000000	0.000000	0.205696	0.773989	0.020305	0.000000	0.000000	0.000000
416	0.000009	0.000000	0.000000	0.205783	0.774015	0.020193	0.000000	0.000000	0.000000
417	0.000006	0.000000	0.000000	0.205534	0.774311	0.020149	0.000000	0.000000	0.000000
418	0.000004	0.000000	0.000000	0.206031	0.773755	0.020210	0.000000	0.000000	0.000000
419	0.000005	0.000000	0.000000	0.206419	0.773399	0.020177	0.000000	0.000000	0.000000
420	0.000007	0.000000	0.000000	0.206401	0.773381	0.020211	0.000000	0.000000	0.000000
421	0.000004	0.000000	0.000000	0.206693	0.772979	0.020324	0.000000	0.000000	0.000000
422	0.000002	0.000000	0.000000	0.206505	0.773165	0.020328	0.000000	0.000000	0.000000
423	0.000002	0.000000	0.000000	0.206339	0.773389	0.020270	0.000000	0.000000	0.000000
424	0.000004	0.000000	0.000000	0.206705	0.773117	0.020174	0.000000	0.000000	0.000000
425	0.000003	0.000000	0.000000	0.207162	0.772620	0.020215	0.000000	0.000000	0.000000
426	0.000003	0.000000	0.000000	0.207295	0.772338	0.020364	0.000000	0.000000	0.000000
427	0.000003	0.000000	0.000000	0.206886	0.772866	0.020245	0.000000	0.000000	0.000000
428	0.000004	0.000000	0.000000	0.206780	0.773006	0.020210	0.000000	0.000000	0.000000
429	0.000004	0.000000	0.000000	0.206891	0.772962	0.020143	0.000000	0.000000	0.000000
430	0.000004	0.000000	0.000000	0.206967	0.772802	0.020227	0.000000	0.000000	0.000000
431	0.000002	0.000000	0.000000	0.207363	0.772590	0.020045	0.000000	0.000000	0.000000
432	0.000003	0.000000	0.000000	0.207251	0.772639	0.020107	0.000000	0.000000	0.000000
433	0.000003	0.000000	0.000000	0.207024	0.772906	0.020067	0.000000	0.000000	0.000000
434	0.000001	0.000000	0.000000	0.207247	0.772720	0.020032	0.000000	0.000000	0.000000
435	0.000001	0.000000	0.000000	0.207277	0.772524	0.020198	0.000000	0.000000	0.000000
436	0.000002	0.000000	0.000000	0.207393	0.772461	0.020144	0.000000	0.000000	0.000000
437	0.000001	0.000000	0.000000	0.207132	0.772583	0.020284	0.000000	0.000000	0.000000
438	0.000001	0.000000	0.000000	0.207320	0.772389	0.020290	0.000000	0.000000	0.000000
439	0.000002	0.000000	0.000000	0.207689	0.772204	0.020105	0.000000	0.000000	0.000000
440	0.000002	0.000000	0.000000	0.207425	0.772451	0.020122	0.000000	0.000000	0.000000
441	0.000002	0.000000	0.000000	0.207171	0.772710	0.020117	0.000000	0.000000	0.000000
442	0.000002	0.000000	0.000000	0.206860	0.772948	0.020190	0.000000	0.000000	0.000000
443	0.000002	0.000000	0.000000	0.207068	0.772722	0.020208	0.000000	0.000000	0.000000
444	0.000001	0.000000	0.000000	0.206659	0.773002	0.020338	0.000000	0.000000	0.000000
445	0.000002	0.000000	0.000000	0.206555	0.773152	0.020291	0.000000	0.000000	0.000000
446	0.000003	0.000000	0.000000	0.206437	0.773255	0.020305	0.000000	0.000000	0.000000
447	0.000002	0.000000	0.000000	0.206542	0.773114	0.020342	0.000000	0.000000	0.000000
448	0.000001	0.000000	0.000000	0.206501	0.773236	0.020262	0.000000	0.000000	0.000000
449	0.000000	0.000000	0.000000	0.206291	0.773502	0.020207	0.000000	0.000000	0.000000
450	0.000000	0.000000	0.000000	0.206645	0.772945	0.020410	0.000000	0.000000	0.000000
451	0.000000	0.000000	0.000000	0.206498	0.773048	0.020454	0.000000	0.000000	0.000000
452	0.000000	0.000000	0.000000	0.206760	0.772665	0.020575	0.000000	0.000000	0.000000
453	0.000000	0.000000	0.000000	0.206525	0.772971	0.020504	0.000000	0.000000	0.000000
454	0.000000	0.000000	0.000000	0.206300	0.773143	0.020557	0.000000	0.000000	0.000000
455	0.000000	0.000000	0.000000	0.206354	0.773163	0.020483	0.000000	0.000000	0.000000
456	0.000000	0.000000	0.000000	0.206403	0.773228	0.020369	0.000000	0.000000	0.000000
457	0.000000	0.000000	0.000000	0.206354	0.773175	0.020471	0.000000	0.000000	0.000000
458	0.000000	0.000000	0.000000	0.206489	0.773313	0.020198	0.000000	0.000000	0.000000
459	0.000000	0.000000	0.000000	0.206961	0.772808	0.020231	0.000000	0.000000	0.000000
460	0.000000	0.000000	0.000000	0.206658	0.773137	0.020205	0.000000	0.000000	0.000000
461	0.000000	0.000000	0.000000	0.206507	0.773210	0.020283	0.000000	0.000000	0.000000
462	0.000000	0.000000	0.000000	0.205817	0.773809	0.020374	0.000000	0.000000	0.000000
463	0.000000	0.000000	0.000000	0.206014	0.773688	0.020298	0.000000	0.000000	0.000000
464	0.000000	0.000000	0.000000	0.206104	0.773631	0.020265	0.000000	0.000000	0.000000
465	0.000000	0.000000	0.000000	0.205828	0.774112	0.020060	0.000000	0.000000	0.000000
466	0.000000	0.000000	0.000000	0.205858	0.774058	0.020084	0.000000	0.000000	0.000000
467	0.000000	0.000000	0.000000	0.206065	0.773734	0.020201	0.000000	0.000000	0.000000
468	0.000000	0.000000	0.000000	0.205405	0.774425	0.020170	0.000000	0.000000	0.000000
469	0.000000	0.000000	0.000000	0.205712	0.774075	0.020213	0.000000	0.000000	0.000000
470	0.000000	0.000000	0.000000	0.205217	0.774596	0.020187	0.000000	0.000000	0.000000
