0	0.290663	0.057897	0.229473	0.157588	0.029913	0.111872	0.085455	0.012259	0.024880
1	0.223116	0.046317	0.193907	0.142635	0.029772	0.123417	0.123322	0.024080	0.093434
2	0.216133	0.044643	0.186764	0.140648	0.030450	0.121652	0.128341	0.025233	0.106136
3	0.213877	0.043745	0.182281	0.139564	0.031369	0.119220	0.130305	0.025331	0.114308
4	0.214224	0.042894	0.177894	0.138326	0.032362	0.116123	0.130843	0.024918	0.122416
5	0.214556	0.042166	0.173397	0.138128	0.033604	0.112718	0.130641	0.024759	0.130031
6	0.215710	0.041559	0.169220	0.137023	0.034702	0.109777	0.130608	0.024380	0.137021
7	0.216660	0.040884	0.165070	0.136378	0.035869	0.106420	0.130561	0.024179	0.143979
8	0.217643	0.040409	0.161275	0.135858	0.037146	0.102462	0.130045	0.023752	0.151410
9	0.219022	0.039818	0.157285	0.135875	0.038272	0.098402	0.129613	0.023315	0.158398
10	0.220056	0.039752	0.152909	0.134950	0.039837	0.095238	0.128984	0.022771	0.165503
11	0.221660	0.038787	0.148899	0.134462	0.041216	0.092062	0.127726	0.022360	0.172828
12	0.222494	0.038384	0.144447	0.134029	0.042725	0.088429	0.126939	0.022104	0.180449
13	0.224333	0.038191	0.140426	0.132893	0.044497	0.084751	0.125404	0.021489	0.188016
14	0.225821	0.037717	0.135705	0.132356	0.046045	0.081544	0.124672	0.021064	0.195076
15	0.226706	0.036928	0.132262	0.131999	0.047524	0.078166	0.123297	0.020533	0.202585
16	0.228554	0.036316	0.128143	0.131405	0.049402	0.075047	0.121916	0.019840	0.209377
17	0.229851	0.035630	0.124350	0.130525	0.051045	0.072414	0.120291	0.019234	0.216660
18	0.230705	0.035236	0.120126	0.129292	0.053194	0.069663	0.119622	0.018769	0.223393
19	0.231871	0.034667	0.116310	0.128870	0.055114	0.066318	0.118129	0.018401	0.230320
20	0.232525	0.034070	0.112556	0.127924	0.056882	0.063531	0.116744	0.017997	0.237771
21	0.233426	0.033571	0.109036	0.127492	0.058731	0.061082	0.115014	0.017588	0.244060
22	0.234353	0.032813	0.105269	0.126738	0.061072	0.058328	0.113064	0.017002	0.251361
23	0.234981	0.032504	0.101702	0.126501	0.062932	0.055554	0.111640	0.016338	0.257848
24	0.236004	0.032066	0.097886	0.125368	0.065284	0.053192	0.110039	0.015849	0.264312
25	0.236539	0.031486	0.094065	0.124993	0.067586	0.051000	0.108552	0.015332	0.270447
26	0.236816	0.030911	0.090611	0.124450	0.069420	0.048795	0.106746	0.015067	0.277184
27	0.237367	0.030521	0.087069	0.123654	0.071870	0.046525	0.105094	0.014444	0.283456
28	0.238077	0.029926	0.083456	0.122447	0.074357	0.044712	0.103384	0.014098	0.289543
29	0.238803	0.029244	0.080559	0.121742	0.076560	0.042846	0.101208	0.013719	0.295319
30	0.239056	0.028703	0.077586	0.120566	0.078972	0.040908	0.099702	0.013350	0.301157
31	0.239183	0.027992	0.074261	0.119499	0.081549	0.039280	0.098244	0.013029	0.306963
32	0.239504	0.027424	0.071449	0.118516	0.083762	0.037562	0.096155	0.012599	0.313029
33	0.239135	0.026713	0.068842	0.117889	0.086474	0.035620	0.094356	0.012104	0.318867
34	0.239100	0.026144	0.065883	0.116575	0.089059	0.034047	0.092956	0.011751	0.324485
35	0.239567	0.025649	0.063273	0.115892	0.091280	0.032516	0.091011	0.011469	0.329343
36	0.238995	0.024950	0.060513	0.114801	0.093907	0.031371	0.089620	0.010982	0.334861
37	0.239091	0.024192	0.057799	0.113582	0.096599	0.029932	0.087720	0.010750	0.340335
38	0.238808	0.023586	0.055171	0.112745	0.099488	0.028623	0.085768	0.010376	0.345435
39	0.238358	0.023308	0.052707	0.111739	0.102314	0.027131	0.084179	0.010290	0.349974
40	0.238115	0.022554	0.050388	0.110476	0.105084	0.026027	0.082386	0.009977	0.354993
41	0.237275	0.021788	0.048603	0.109875	0.107795	0.025101	0.080446	0.009596	0.359521
42	0.237209	0.021186	0.046351	0.108779	0.110841	0.023629	0.078746	0.009244	0.364015
43	0.236332	0.020682	0.044510	0.107448	0.114245	0.022618	0.077251	0.009065	0.367849
44	0.235811	0.020464	0.042397	0.106709	0.116903	0.021530	0.075191	0.008686	0.372309
45	0.234664	0.019956	0.040564	0.105732	0.120239	0.020374	0.074121	0.008524	0.375826
46	0.233751	0.019447	0.038702	0.104657	0.123155	0.019177	0.072547	0.008312	0.380252
47	0.232611	0.019190	0.036917	0.103510	0.126603	0.018410	0.070737	0.008174	0.383848
48	0.231670	0.018633	0.035247	0.102519	0.129571	0.017508	0.068923	0.007864	0.388065
49	0.230684	0.018065	0.033749	0.101175	0.133339	0.016618	0.067392	0.007525	0.391453
50	0.229624	0.017617	0.031976	0.100297	0.136805	0.015788	0.066151	0.007229	0.394513
51	0.228515	0.017232	0.030689	0.099022	0.139807	0.015198	0.064209	0.006994	0.398334
52	0.227664	0.016823	0.029210	0.097773	0.143034	0.014409	0.062895	0.006775	0.401417
53	0.226061	0.016486	0.027791	0.096839	0.146429	0.013954	0.061315	0.006633	0.404492
54	0.224487	0.016121	0.026299	0.095515	0.150380	0.013255	0.059708	0.006452	0.407783
55	0.222575	0.015816	0.025147	0.094955	0.154039	0.012490	0.058317	0.006231	0.410430
56	0.220423	0.015455	0.023809	0.093908	0.158188	0.011923	0.056908	0.006018	0.413368
57	0.218974	0.015045	0.022758	0.092600	0.161374	0.011265	0.055649	0.005678	0.416657
58	0.217166	0.014538	0.021740	0.091342	0.164922	0.010880	0.054488	0.005580	0.419344
59	0.215474	0.014158	0.020634	0.090564	0.168997	0.010288	0.053126	0.005376	0.421383
60	0.213556	0.013909	0.019429	0.089510	0.172850	0.009869	0.052190	0.005167	0.423520
61	0.211511	0.013512	0.018444	0.088655	0.176650	0.009241	0.050796	0.004900	0.426291
62	0.209384	0.013066	0.017526	0.088154	0.180483	0.008870	0.049410	0.004750	0.428357
63	0.207603	0.012764	0.016346	0.087129	0.184396	0.008365	0.048372	0.004582	0.430443
64	0.205613	0.012427	0.015638	0.086456	0.187579	0.008166	0.047186	0.004438	0.432497
65	0.203833	0.012002	0.014811	0.085841	0.191390	0.007713	0.045688	0.004415	0.434307
66	0.201518	0.011561	0.014144	0.084905	0.195384	0.007408	0.044884	0.004238	0.435958
67	0.199129	0.011358	0.013410	0.083813	0.199314	0.007074	0.043948	0.004081	0.437873
68	0.196680	0.011056	0.012709	0.082881	0.203534	0.006759	0.042743	0.003934	0.439704
69	0.194669	0.010642	0.012005	0.082227	0.207050	0.006697	0.041602	0.003705	0.441403
70	0.191888	0.010377	0.011355	0.081334	0.211098	0.006357	0.041081	0.003523	0.442987
71	0.189822	0.010064	0.010592	0.080343	0.215050	0.006034	0.040175	0.003497	0.444423
72	0.187738	0.009827	0.009979	0.079498	0.219275	0.005808	0.038772	0.003397	0.445706
73	0.185493	0.009578	0.009287	0.078587	0.223222	0.005651	0.037816	0.003366	0.447000
74	0.183046	0.009233	0.008731	0.077574	0.226827	0.005483	0.037018	0.003320	0.448768
75	0.180495	0.008849	0.008224	0.077081	0.231307	0.005297	0.036213	0.003208	0.449326
76	0.177888	0.008487	0.007755	0.076265	0.235308	0.004998	0.035566	0.003099	0.450634
77	0.175462	0.008120	0.007392	0.075483	0.239660	0.004749	0.034761	0.003011	0.451362
78	0.172851	0.007950	0.006859	0.074648	0.243766	0.004640	0.033991	0.002880	0.452415
79	0.170121	0.007638	0.006485	0.074042	0.247982	0.004514	0.033054	0.002768	0.453396
80	0.167905	0.007425	0.006071	0.073547	0.252282	0.004278	0.032440	0.002690	0.453362
81	0.165337	0.007151	0.005660	0.072800	0.256655	0.004122	0.031659	0.002584	0.454032
82	0.163449	0.007017	0.005274	0.072060	0.260742	0.003891	0.030477	0.002480	0.454610
83	0.160917	0.006746	0.004979	0.071467	0.264983	0.003729	0.029789	0.002424	0.454966
84	0.158249	0.006426	0.004760	0.070963	0.269154	0.003519	0.029173	0.002298	0.455458
85	0.155701	0.006117	0.004458	0.070165	0.273594	0.003355	0.028819	0.002222	0.455569
86	0.153120	0.005944	0.004274	0.069655	0.277780	0.003240	0.028159	0.002175	0.455653
87	0.150496	0.005804	0.004101	0.069206	0.282350	0.003134	0.027621	0.002178	0.455110
88	0.147761	0.005686	0.003875	0.068875	0.286668	0.003096	0.026895	0.002154	0.454990
89	0.145533	0.005515	0.003738	0.068251	0.290888	0.002962	0.025987	0.002056	0.455070
90	0.143006	0.005289	0.003603	0.067968	0.295401	0.002807	0.025302	0.002033	0.454591
91	0.140729	0.005110	0.003448	0.067565	0.299792	0.002714	0.024819	0.002065	0.453758
92	0.138383	0.004890	0.003285	0.067084	0.304419	0.002684	0.024033	0.002013	0.453209
93	0.135829	0.004673	0.003131	0.066777	0.308334	0.002611	0.023560	0.001952	0.453133
94	0.133590	0.004498	0.002952	0.065981	0.313077	0.002489	0.023047	0.001909	0.452457
95	0.131168	0.004321	0.002833	0.065487	0.317934	0.002437	0.022290	0.001851	0.451679
96	0.128088	0.004087	0.002687	0.064977	0.322381	0.002429	0.021967	0.001791	0.451593
97	0.126019	0.003992	0.002501	0.064594	0.326901	0.002335	0.021549	0.001734	0.450375
98	0.123512	0.003875	0.002391	0.064058	0.331333	0.002270	0.021081	0.001686	0.449794
99	0.121205	0.003706	0.002278	0.063791	0.335648	0.002217	0.020451	0.001636	0.449068
100	0.118411	0.003546	0.002165	0.063606	0.339985	0.002251	0.020037	0.001514	0.448485
101	0.116241	0.003448	0.002079	0.062919	0.344422	0.002214	0.019583	0.001511	0.447583
102	0.114183	0.003303	0.001932	0.062758	0.348717	0.002115	0.019268	0.001480	0.446244
103	0.111739	0.003115	0.001797	0.062311	0.352585	0.002115	0.018845	0.001467	0.446026
104	0.109567	0.002929	0.001699	0.061607	0.357279	0.002088	0.018346	0.001421	0.445064
105	0.107055	0.002776	0.001617	0.061662	0.361299	0.002023	0.017841	0.001402	0.444325
106	0.105231	0.002638	0.001520	0.061619	0.365690	0.001950	0.017384	0.001383	0.442585
107	0.102954	0.002515	0.001474	0.061447	0.369779	0.001874	0.016994	0.001371	0.441592
108	0.100755	0.002418	0.001362	0.060998	0.374619	0.001857	0.016681	0.001359	0.439951
109	0.098523	0.002331	0.001313	0.060890	0.378589	0.001797	0.016201	0.001307	0.439049
110	0.096450	0.002226	0.001234	0.060680	0.382996	0.001805	0.015879	0.001306	0.437424
111	0.094266	0.002148	0.001162	0.060462	0.387773	0.001752	0.015448	0.001277	0.435712
112	0.091641	0.002004	0.001084	0.060446	0.392301	0.001729	0.015235	0.001228	0.434332
113	0.089725	0.001903	0.001021	0.060085	0.396501	0.001678	0.014889	0.001232	0.432966
114	0.087823	0.001787	0.001010	0.059569	0.401172	0.001666	0.014390	0.001186	0.431397
115	0.085474	0.001687	0.000967	0.059129	0.406184	0.001626	0.014115	0.001181	0.429637
116	0.083386	0.001607	0.000893	0.058932	0.410142	0.001593	0.013832	0.001109	0.428506
117	0.081248	0.001541	0.000839	0.058648	0.414478	0.001621	0.013634	0.001058	0.426933
118	0.079216	0.001502	0.000787	0.058849	0.418371	0.001577	0.013363	0.001052	0.425283
119	0.076770	0.001493	0.000754	0.059010	0.422348	0.001552	0.013109	0.001032	0.423932
120	0.074762	0.001438	0.000704	0.058747	0.426909	0.001488	0.012731	0.001069	0.422152
121	0.073242	0.001356	0.000674	0.058318	0.431558	0.001419	0.012532	0.001059	0.419842
122	0.071126	0.001278	0.000664	0.058027	0.435964	0.001400	0.012195	0.001020	0.418326
123	0.068870	0.001203	0.000647	0.058133	0.440459	0.001336	0.012083	0.001000	0.416269
124	0.067190	0.001124	0.000605	0.057769	0.445388	0.001299	0.011881	0.000989	0.413755
125	0.065250	0.001036	0.000557	0.057886	0.449564	0.001283	0.011544	0.000979	0.411901
126	0.063375	0.000988	0.000536	0.057730	0.453760	0.001250	0.011243	0.000938	0.410180
127	0.061736	0.000967	0.000490	0.057283	0.458523	0.001216	0.011122	0.000945	0.407718
128	0.060009	0.000934	0.000451	0.057258	0.462862	0.001209	0.010762	0.000906	0.405609
129	0.058475	0.000887	0.000412	0.057278	0.466644	0.001224	0.010599	0.000846	0.403635
130	0.056941	0.000789	0.000357	0.056991	0.470929	0.001185	0.010268	0.000875	0.401665
131	0.055053	0.000752	0.000339	0.056808	0.475485	0.001180	0.009978	0.000827	0.399578
132	0.053531	0.000723	0.000316	0.056470	0.479757	0.001097	0.009668	0.000828	0.397610
133	0.051987	0.000715	0.000310	0.056408	0.483723	0.001068	0.009680	0.000804	0.395305
134	0.050359	0.000678	0.000262	0.056542	0.487774	0.001036	0.009348	0.000773	0.393228
135	0.049097	0.000659	0.000257	0.056569	0.491913	0.001065	0.009034	0.000775	0.390631
136	0.047594	0.000633	0.000248	0.056200	0.496024	0.001083	0.008802	0.000726	0.388690
137	0.046380	0.000600	0.000230	0.055868	0.500718	0.001072	0.008605	0.000710	0.385817
138	0.044740	0.000558	0.000203	0.055738	0.504920	0.001056	0.008378	0.000685	0.383722
139	0.043628	0.000510	0.000190	0.055434	0.508974	0.001037	0.008167	0.000710	0.381350
140	0.042280	0.000492	0.000175	0.055461	0.512884	0.001027	0.007931	0.000722	0.379028
141	0.041048	0.000485	0.000143	0.055164	0.517273	0.000994	0.007842	0.000714	0.376337
142	0.039379	0.000422	0.000132	0.055160	0.521326	0.000968	0.007698	0.000704	0.374211
143	0.038438	0.000406	0.000111	0.054862	0.525089	0.001014	0.007597	0.000664	0.371819
144	0.037455	0.000383	0.000119	0.054717	0.528943	0.001011	0.007369	0.000654	0.369349
145	0.036285	0.000342	0.000109	0.054635	0.533055	0.001000	0.007197	0.000636	0.366741
146	0.035158	0.000334	0.000104	0.054699	0.537089	0.000925	0.006999	0.000631	0.364061
147	0.034141	0.000318	0.000106	0.054722	0.540787	0.000932	0.006850	0.000594	0.361550
148	0.033075	0.000321	0.000087	0.054407	0.544645	0.000952	0.006738	0.000532	0.359243
149	0.032076	0.000339	0.000089	0.054265	0.548645	0.000881	0.006683	0.000502	0.356520
150	0.031114	0.000301	0.000089	0.053791	0.553198	0.000864	0.006506	0.000472	0.353665
151	0.030082	0.000291	0.000071	0.053708	0.557541	0.000819	0.006378	0.000479	0.350631
152	0.029182	0.000303	0.000072	0.053674	0.561043	0.000853	0.006172	0.000488	0.348213
153	0.028158	0.000299	0.000061	0.053801	0.564452	0.000866	0.006182	0.000483	0.345698
154	0.027227	0.000282	0.000050	0.053677	0.568266	0.000845	0.005982	0.000462	0.343209
155	0.026299	0.000276	0.000055	0.053681	0.572067	0.000809	0.005866	0.000465	0.340482
156	0.025506	0.000266	0.000053	0.053442	0.575712	0.000825	0.005629	0.000454	0.338113
157	0.024669	0.000271	0.000048	0.053552	0.579399	0.000818	0.005473	0.000423	0.335347
158	0.024031	0.000254	0.000049	0.053369	0.583318	0.000830	0.005336	0.000405	0.332408
159	0.023173	0.000251	0.000048	0.053405	0.586974	0.000810	0.005235	0.000389	0.329715
160	0.022328	0.000240	0.000047	0.053133	0.591005	0.000820	0.005220	0.000360	0.326847
161	0.021603	0.000232	0.000047	0.053373	0.594488	0.000852	0.005213	0.000323	0.323869
162	0.021043	0.000238	0.000045	0.053228	0.598495	0.000845	0.005138	0.000309	0.320659
163	0.020340	0.000238	0.000040	0.053021	0.602051	0.000866	0.004955	0.000277	0.318212
164	0.019594	0.000222	0.000048	0.052647	0.605763	0.000887	0.004877	0.000272	0.315690
165	0.019102	0.000223	0.000042	0.052765	0.608898	0.000865	0.004711	0.000275	0.313119
166	0.018413	0.000204	0.000054	0.052795	0.612585	0.000884	0.004497	0.000260	0.310308
167	0.017846	0.000210	0.000058	0.052526	0.615923	0.000928	0.004477	0.000252	0.307780
168	0.017271	0.000198	0.000056	0.052390	0.619708	0.000900	0.004313	0.000242	0.304922
169	0.016643	0.000194	0.000054	0.052233	0.623330	0.000847	0.004278	0.000230	0.302191
170	0.016096	0.000185	0.000033	0.052269	0.626872	0.000777	0.004148	0.000208	0.299412
171	0.015448	0.000177	0.000019	0.052164	0.630249	0.000753	0.004009	0.000196	0.296985
172	0.014771	0.000174	0.000016	0.052087	0.633681	0.000755	0.003998	0.000190	0.294328
173	0.014296	0.000157	0.000012	0.052115	0.637337	0.000735	0.003883	0.000208	0.291257
174	0.013976	0.000150	0.000014	0.052097	0.640293	0.000732	0.003850	0.000205	0.288683
175	0.013379	0.000145	0.000011	0.052366	0.643515	0.000716	0.003737	0.000217	0.285914
176	0.013036	0.000145	0.000010	0.052506	0.646640	0.000747	0.003700	0.000195	0.283021
177	0.012454	0.000139	0.000011	0.052241	0.650209	0.000750	0.003697	0.000185	0.280314
178	0.012126	0.000132	0.000010	0.052156	0.653151	0.000760	0.003658	0.000183	0.277824
179	0.011635	0.000123	0.000010	0.051992	0.656639	0.000777	0.003590	0.000176	0.275058
180	0.011249	0.000115	0.000011	0.052161	0.659797	0.000760	0.003525	0.000187	0.272195
181	0.010912	0.000112	0.000008	0.051844	0.663107	0.000731	0.003464	0.000182	0.269640
182	0.010539	0.000120	0.000006	0.051838	0.665750	0.000747	0.003416	0.000177	0.267407
183	0.010025	0.000117	0.000004	0.051750	0.668769	0.000736	0.003352	0.000183	0.265064
184	0.009650	0.000117	0.000000	0.051640	0.671716	0.000753	0.003280	0.000167	0.262677
185	0.009321	0.000113	0.000000	0.051493	0.674705	0.000733	0.003251	0.000166	0.260218
186	0.009005	0.000102	0.000000	0.051386	0.677840	0.000746	0.003185	0.000174	0.257562
187	0.008675	0.000099	0.000000	0.051173	0.680966	0.000742	0.003106	0.000164	0.255075
188	0.008343	0.000094	0.000000	0.051480	0.683784	0.000743	0.002984	0.000159	0.252413
189	0.008010	0.000096	0.000000	0.051271	0.687261	0.000756	0.002967	0.000130	0.249509
190	0.007713	0.000087	0.000000	0.051252	0.690295	0.000724	0.002869	0.000139	0.246921
191	0.007319	0.000095	0.000000	0.051048	0.693415	0.000711	0.002806	0.000156	0.244450
192	0.007055	0.000100	0.000000	0.050979	0.697056	0.000737	0.002796	0.000140	0.241137
193	0.006711	0.000091	0.000000	0.050753	0.700227	0.000673	0.002752	0.000118	0.238675
194	0.006400	0.000079	0.000000	0.050565	0.703119	0.000661	0.002716	0.000123	0.236337
195	0.006064	0.000054	0.000000	0.050516	0.705934	0.000682	0.002702	0.000114	0.233934
196	0.005845	0.000061	0.000000	0.050307	0.709174	0.000688	0.002639	0.000108	0.231178
197	0.005498	0.000043	0.000000	0.050581	0.711888	0.000725	0.002603	0.000116	0.228546
198	0.005328	0.000028	0.000000	0.050349	0.714859	0.000747	0.002634	0.000105	0.225950
199	0.005058	0.000021	0.000000	0.050040	0.717939	0.000749	0.002545	0.000089	0.223559
200	0.004925	0.000015	0.000000	0.049913	0.721109	0.000716	0.002427	0.000085	0.220810
201	0.004728	0.000011	0.000000	0.049945	0.724064	0.000749	0.002288	0.000070	0.218145
202	0.004494	0.000014	0.000000	0.050189	0.726406	0.000767	0.002312	0.000083	0.215735
203	0.004283	0.000010	0.000000	0.050226	0.729414	0.000750	0.002264	0.000075	0.212978
204	0.004070	0.000010	0.000000	0.050104	0.731824	0.000737	0.002213	0.000068	0.210974
205	0.003921	0.000010	0.000000	0.050185	0.734594	0.000685	0.002137	0.000066	0.208402
206	0.003720	0.000007	0.000000	0.050397	0.736812	0.000656	0.002056	0.000062	0.206290
207	0.003555	0.000006	0.000000	0.050744	0.738990	0.000677	0.002016	0.000063	0.203949
208	0.003408	0.000008	0.000000	0.050814	0.741606	0.000682	0.001981	0.000063	0.201438
209	0.003220	0.000006	0.000000	0.050744	0.744128	0.000699	0.001909	0.000055	0.199239
210	0.003060	0.000011	0.000000	0.050696	0.746434	0.000695	0.001926	0.000049	0.197129
211	0.002875	0.000007	0.000000	0.050933	0.749033	0.000674	0.001879	0.000037	0.194562
212	0.002758	0.000004	0.000000	0.051054	0.751814	0.000688	0.001876	0.000042	0.191764
213	0.002696	0.000003	0.000000	0.051145	0.753762	0.000683	0.001836	0.000036	0.189839
214	0.002591	0.000002	0.000000	0.051147	0.756259	0.000663	0.001804	0.000025	0.187509
215	0.002478	0.000003	0.000000	0.051105	0.758709	0.000657	0.001773	0.000031	0.185244
216	0.002400	0.000006	0.000000	0.050969	0.761176	0.000661	0.001663	0.000032	0.183093
217	0.002281	0.000006	0.000000	0.050676	0.763858	0.000650	0.001650	0.000035	0.180844
218	0.002218	0.000006	0.000000	0.050565	0.766324	0.000666	0.001584	0.000028	0.178609
219	0.002126	0.000004	0.000000	0.050412	0.768694	0.000614	0.001604	0.000031	0.176515
220	0.002052	0.000004	0.000000	0.050339	0.771148	0.000659	0.001562	0.000028	0.174208
221	0.001935	0.000003	0.000000	0.050444	0.773499	0.000642	0.001492	0.000023	0.171962
222	0.001863	0.000006	0.000000	0.050403	0.775668	0.000615	0.001502	0.000029	0.169914
223	0.001791	0.000003	0.000000	0.050377	0.777788	0.000616	0.001499	0.000025	0.167901
224	0.001769	0.000003	0.000000	0.050292	0.779991	0.000617	0.001444	0.000024	0.165860
225	0.001683	0.000004	0.000000	0.050499	0.782023	0.000630	0.001406	0.000017	0.163738
226	0.001632	0.000005	0.000000	0.050476	0.784152	0.000640	0.001358	0.000020	0.161717
227	0.001571	0.000005	0.000000	0.050349	0.786326	0.000622	0.001280	0.000021	0.159826
228	0.001518	0.000003	0.000000	0.050347	0.788664	0.000644	0.001281	0.000019	0.157524
229	0.001426	0.000005	0.000000	0.050344	0.790808	0.000644	0.001194	0.000021	0.155558
230	0.001338	0.000008	0.000000	0.050128	0.793167	0.000630	0.001253	0.000015	0.153461
231	0.001273	0.000008	0.000000	0.050187	0.795212	0.000654	0.001174	0.000011	0.151481
232	0.001236	0.000004	0.000000	0.050006	0.797443	0.000669	0.001132	0.000013	0.149497
233	0.001142	0.000002	0.000000	0.049981	0.799183	0.000682	0.001130	0.000013	0.147867
234	0.001076	0.000000	0.000000	0.049898	0.801283	0.000692	0.001129	0.000011	0.145911
235	0.001035	0.000000	0.000000	0.049711	0.803339	0.000698	0.001119	0.000012	0.144086
236	0.001003	0.000000	0.000000	0.050087	0.805032	0.000682	0.001081	0.000014	0.142101
237	0.000987	0.000000	0.000000	0.049868	0.807201	0.000656	0.001115	0.000017	0.140156
238	0.000926	0.000000	0.000000	0.049843	0.809263	0.000666	0.001085	0.000009	0.138208
239	0.000883	0.000000	0.000000	0.049808	0.811213	0.000638	0.001017	0.000010	0.136431
240	0.000869	0.000000	0.000000	0.049746	0.813146	0.000654	0.000987	0.000007	0.134591
241	0.000822	0.000000	0.000000	0.049688	0.814987	0.000664	0.000959	0.000007	0.132873
242	0.000783	0.000000	0.000000	0.049456	0.817125	0.000663	0.000953	0.000002	0.131018
243	0.000761	0.000000	0.000000	0.049392	0.819006	0.000641	0.000917	0.000003	0.129280
244	0.000704	0.000000	0.000000	0.049178	0.821049	0.000657	0.000895	0.000000	0.127517
245	0.000675	0.000000	0.000000	0.049293	0.822951	0.000677	0.000879	0.000002	0.125523
246	0.000668	0.000000	0.000000	0.049075	0.825144	0.000670	0.000833	0.000001	0.123609
247	0.000655	0.000000	0.000000	0.048900	0.827212	0.000662	0.000814	0.000000	0.121757
248	0.000629	0.000000	0.000000	0.049032	0.828943	0.000652	0.000758	0.000001	0.119985
249	0.000601	0.000000	0.000000	0.049344	0.830294	0.000664	0.000750	0.000000	0.118347
250	0.000590	0.000000	0.000000	0.049517	0.831799	0.000679	0.000696	0.000000	0.116719
251	0.000581	0.000000	0.000000	0.049442	0.833738	0.000695	0.000675	0.000000	0.114869
252	0.000552	0.000000	0.000000	0.049321	0.835239	0.000687	0.000706	0.000000	0.113495
253	0.000554	0.000000	0.000000	0.049281	0.837154	0.000694	0.000655	0.000000	0.111662
254	0.000518	0.000000	0.000000	0.049413	0.838691	0.000704	0.000653	0.000000	0.110021
255	0.000475	0.000000	0.000000	0.049411	0.840626	0.000727	0.000593	0.000000	0.108168
256	0.000433	0.000000	0.000000	0.049503	0.842151	0.000726	0.000546	0.000000	0.106641
257	0.000433	0.000000	0.000000	0.049257	0.844017	0.000722	0.000550	0.000000	0.105021
258	0.000433	0.000000	0.000000	0.049145	0.845465	0.000720	0.000549	0.000000	0.103688
259	0.000393	0.000000	0.000000	0.048890	0.847421	0.000751	0.000548	0.000000	0.101997
260	0.000368	0.000000	0.000000	0.048565	0.849137	0.000718	0.000536	0.000000	0.100676
261	0.000329	0.000000	0.000000	0.048494	0.850757	0.000681	0.000512	0.000000	0.099227
262	0.000317	0.000000	0.000000	0.048693	0.852082	0.000672	0.000520	0.000000	0.097716
263	0.000313	0.000000	0.000000	0.048721	0.853540	0.000644	0.000531	0.000000	0.096251
264	0.000295	0.000000	0.000000	0.048458	0.855223	0.000669	0.000522	0.000000	0.094833
265	0.000270	0.000000	0.000000	0.048502	0.856614	0.000645	0.000532	0.000000	0.093437
266	0.000266	0.000000	0.000000	0.048635	0.857874	0.000616	0.000551	0.000000	0.092058
267	0.000239	0.000000	0.000000	0.048212	0.859746	0.000602	0.000558	0.000000	0.090643
268	0.000240	0.000000	0.000000	0.048230	0.861090	0.000581	0.000561	0.000000	0.089298
269	0.000228	0.000000	0.000000	0.048294	0.862332	0.000603	0.000562	0.000000	0.087981
270	0.000226	0.000000	0.000000	0.048269	0.863943	0.000625	0.000575	0.000000	0.086362
271	0.000210	0.000000	0.000000	0.048564	0.864949	0.000628	0.000550	0.000000	0.085099
272	0.000211	0.000000	0.000000	0.048656	0.866124	0.000610	0.000537	0.000000	0.083862
273	0.000197	0.000000	0.000000	0.048531	0.867652	0.000598	0.000552	0.000000	0.082470
274	0.000182	0.000000	0.000000	0.048507	0.869077	0.000632	0.000543	0.000000	0.081059
275	0.000176	0.000000	0.000000	0.048572	0.870406	0.000605	0.000546	0.000000	0.079695
276	0.000173	0.000000	0.000000	0.048693	0.871463	0.000585	0.000540	0.000000	0.078546
277	0.000173	0.000000	0.000000	0.048681	0.872858	0.000572	0.000503	0.000000	0.077213
278	0.000163	0.000000	0.000000	0.048746	0.874070	0.000603	0.000491	0.000000	0.075927
279	0.000153	0.000000	0.000000	0.048710	0.875447	0.000571	0.000493	0.000000	0.074626
280	0.000134	0.000000	0.000000	0.048677	0.876645	0.000550	0.000481	0.000000	0.073513
281	0.000127	0.000000	0.000000	0.048685	0.877689	0.000553	0.000458	0.000000	0.072488
282	0.000114	0.000000	0.000000	0.048582	0.878873	0.000546	0.000472	0.000000	0.071413
283	0.000102	0.000000	0.000000	0.048745	0.880248	0.000558	0.000429	0.000000	0.069918
284	0.000097	0.000000	0.000000	0.048598	0.881399	0.000575	0.000437	0.000000	0.068894
285	0.000088	0.000000	0.000000	0.048520	0.882634	0.000553	0.000445	0.000000	0.067760
286	0.000078	0.000000	0.000000	0.048535	0.883784	0.000618	0.000437	0.000000	0.066548
287	0.000077	0.000000	0.000000	0.048308	0.885285	0.000631	0.000434	0.000000	0.065265
288	0.000080	0.000000	0.000000	0.048388	0.886390	0.000597	0.000410	0.000000	0.064135
289	0.000065	0.000000	0.000000	0.048362	0.887592	0.000609	0.000400	0.000000	0.062972
290	0.000071	0.000000	0.000000	0.048171	0.888997	0.000586	0.000411	0.000000	0.061764
291	0.000068	0.000000	0.000000	0.048041	0.890221	0.000606	0.000391	0.000000	0.060673
292	0.000055	0.000000	0.000000	0.048090	0.891232	0.000570	0.000381	0.000000	0.059672
293	0.000049	0.000000	0.000000	0.048015	0.892518	0.000603	0.000387	0.000000	0.058428
294	0.000059	0.000000	0.000000	0.047901	0.893689	0.000613	0.000380	0.000000	0.057358
295	0.000059	0.000000	0.000000	0.047804	0.894777	0.000582	0.000349	0.000000	0.056429
296	0.000054	0.000000	0.000000	0.047938	0.895459	0.000626	0.000350	0.000000	0.055573
297	0.000064	0.000000	0.000000	0.048030	0.896401	0.000624	0.000335	0.000000	0.054546
298	0.000055	0.000000	0.000000	0.047970	0.897482	0.000631	0.000330	0.000000	0.053532
299	0.000061	0.000000	0.000000	0.048173	0.898272	0.000624	0.000327	0.000000	0.052543
300	0.000063	0.000000	0.000000	0.048129	0.899286	0.000624	0.000320	0.000000	0.051578
301	0.000055	0.000000	0.000000	0.048215	0.900209	0.000618	0.000286	0.000000	0.050617
302	0.000047	0.000000	0.000000	0.048195	0.901013	0.000614	0.000289	0.000000	0.049842
303	0.000044	0.000000	0.000000	0.048272	0.901827	0.000593	0.000287	0.000000	0.048977
304	0.000041	0.000000	0.000000	0.048466	0.902487	0.000590	0.000277	0.000000	0.048139
305	0.000038	0.000000	0.000000	0.048356	0.903584	0.000583	0.000262	0.000000	0.047177
306	0.000040	0.000000	0.000000	0.048305	0.904413	0.000650	0.000249	0.000000	0.046343
307	0.000045	0.000000	0.000000	0.048307	0.905337	0.000599	0.000232	0.000000	0.045480
308	0.000040	0.000000	0.000000	0.048375	0.905976	0.000607	0.000222	0.000000	0.044780
309	0.000038	0.000000	0.000000	0.048300	0.906895	0.000599	0.000216	0.000000	0.043952
310	0.000038	0.000000	0.000000	0.048337	0.907545	0.000624	0.000203	0.000000	0.043253
311	0.000036	0.000000	0.000000	0.048634	0.908005	0.000664	0.000209	0.000000	0.042452
312	0.000031	0.000000	0.000000	0.048507	0.908892	0.000697	0.000193	0.000000	0.041680
313	0.000020	0.000000	0.000000	0.048524	0.909771	0.000645	0.000172	0.000000	0.040868
314	0.000020	0.000000	0.000000	0.048593	0.910464	0.000641	0.000161	0.000000	0.040121
315	0.000022	0.000000	0.000000	0.048790	0.911027	0.000654	0.000167	0.000000	0.039340
316	0.000031	0.000000	0.000000	0.048540	0.911821	0.000642	0.000187	0.000000	0.038779
317	0.000026	0.000000	0.000000	0.048526	0.912693	0.000668	0.000193	0.000000	0.037894
318	0.000024	0.000000	0.000000	0.048592	0.913275	0.000672	0.000193	0.000000	0.037244
319	0.000023	0.000000	0.000000	0.048398	0.914411	0.000659	0.000225	0.000000	0.036284
320	0.000024	0.000000	0.000000	0.048377	0.915044	0.000662	0.000235	0.000000	0.035658
321	0.000027	0.000000	0.000000	0.048462	0.915688	0.000669	0.000242	0.000000	0.034912
322	0.000030	0.000000	0.000000	0.048301	0.916395	0.000643	0.000241	0.000000	0.034390
323	0.000024	0.000000	0.000000	0.048426	0.916902	0.000669	0.000254	0.000000	0.033725
324	0.000025	0.000000	0.000000	0.048199	0.917766	0.000647	0.000251	0.000000	0.033112
325	0.000027	0.000000	0.000000	0.048543	0.918188	0.000642	0.000246	0.000000	0.032354
326	0.000020	0.000000	0.000000	0.048507	0.918718	0.000646	0.000235	0.000000	0.031874
327	0.000020	0.000000	0.000000	0.048660	0.919165	0.000654	0.000232	0.000000	0.031269
328	0.000013	0.000000	0.000000	0.048332	0.920151	0.000629	0.000238	0.000000	0.030637
329	0.000009	0.000000	0.000000	0.048540	0.920546	0.000621	0.000236	0.000000	0.030048
330	0.000002	0.000000	0.000000	0.048400	0.921334	0.000630	0.000224	0.000000	0.029410
331	0.000001	0.000000	0.000000	0.048579	0.921704	0.000652	0.000237	0.000000	0.028827
332	0.000001	0.000000	0.000000	0.048379	0.922479	0.000622	0.000246	0.000000	0.028273
333	0.000000	0.000000	0.000000	0.048412	0.922956	0.000595	0.000245	0.000000	0.027792
334	0.000000	0.000000	0.000000	0.048502	0.923541	0.000611	0.000249	0.000000	0.027097
335	0.000000	0.000000	0.000000	0.048746	0.923845	0.000645	0.000265	0.000000	0.026499
336	0.000000	0.000000	0.000000	0.048914	0.924318	0.000638	0.000249	0.000000	0.025881
337	0.000000	0.000000	0.000000	0.048953	0.924753	0.000627	0.000247	0.000000	0.025420
338	0.000000	0.000000	0.000000	0.049049	0.925177	0.000661	0.000241	0.000000	0.024872
339	0.000000	0.000000	0.000000	0.049026	0.925832	0.000633	0.000239	0.000000	0.024270
340	0.000000	0.000000	0.000000	0.049067	0.926308	0.000627	0.000240	0.000000	0.023758
341	0.000000	0.000000	0.000000	0.048777	0.927270	0.000604	0.000227	0.000000	0.023122
342	0.000000	0.000000	0.000000	0.048729	0.927816	0.000583	0.000224	0.000000	0.022648
343	0.000000	0.000000	0.000000	0.048933	0.928117	0.000596	0.000244	0.000000	0.022110
344	0.000000	0.000000	0.000000	0.048829	0.928753	0.000618	0.000244	0.000000	0.021556
345	0.000000	0.000000	0.000000	0.048716	0.929401	0.000610	0.000227	0.000000	0.021046
346	0.000000	0.000000	0.000000	0.048639	0.929944	0.000563	0.000229	0.000000	0.020625
347	0.000000	0.000000	0.000000	0.048410	0.930603	0.000582	0.000212	0.000000	0.020193
348	0.000000	0.000000	0.000000	0.048419	0.931012	0.000567	0.000190	0.000000	0.019812
349	0.000000	0.000000	0.000000	0.048305	0.931395	0.000564	0.000199	0.000000	0.019537
350	0.000000	0.000000	0.000000	0.048205	0.931834	0.000585	0.000198	0.000000	0.019178
351	0.000000	0.000000	0.000000	0.048224	0.932267	0.000570	0.000186	0.000000	0.018753
352	0.000000	0.000000	0.000000	0.048236	0.932686	0.000570	0.000168	0.000000	0.018340
353	0.000000	0.000000	0.000000	0.048318	0.932970	0.000596	0.000166	0.000000	0.017950
354	0.000000	0.000000	0.000000	0.048624	0.933121	0.000586	0.000148	0.000000	0.017521
355	0.000000	0.000000	0.000000	0.048401	0.933728	0.000628	0.000154	0.000000	0.017089
356	0.000000	0.000000	0.000000	0.048315	0.934250	0.000613	0.000143	0.000000	0.016679
357	0.000000	0.000000	0.000000	0.048345	0.934581	0.000586	0.000147	0.000000	0.016341
358	0.000000	0.000000	0.000000	0.048301	0.934987	0.000583	0.000132	0.000000	0.015997
359	0.000000	0.000000	0.000000	0.048454	0.935281	0.000550	0.000113	0.000000	0.015602
360	0.000000	0.000000	0.000000	0.048662	0.935502	0.000539	0.000116	0.000000	0.015181
361	0.000000	0.000000	0.000000	0.048711	0.935694	0.000559	0.000109	0.000000	0.014927
362	0.000000	0.000000	0.000000	0.048715	0.936095	0.000569	0.000099	0.000000	0.014522
363	0.000000	0.000000	0.000000	0.048939	0.936192	0.000589	0.000101	0.000000	0.014179
364	0.000000	0.000000	0.000000	0.049086	0.936412	0.000584	0.000109	0.000000	0.013809
365	0.000000	0.000000	0.000000	0.048906	0.936869	0.000599	0.000101	0.000000	0.013525
366	0.000000	0.000000	0.000000	0.048970	0.937145	0.000583	0.000102	0.000000	0.013200
367	0.000000	0.000000	0.000000	0.048743	0.937653	0.000586	0.000095	0.000000	0.012923
368	0.000000	0.000000	0.000000	0.048901	0.937898	0.000558	0.000094	0.000000	0.012549
369	0.000000	0.000000	0.000000	0.049202	0.937872	0.000548	0.000082	0.000000	0.012296
370	0.000000	0.000000	0.000000	0.048790	0.938600	0.000554	0.000072	0.000000	0.011984
371	0.000000	0.000000	0.000000	0.048858	0.938717	0.000550	0.000073	0.000000	0.011802
372	0.000000	0.000000	0.000000	0.048961	0.938903	0.000552	0.000070	0.000000	0.011514
373	0.000000	0.000000	0.000000	0.048917	0.939199	0.000573	0.000071	0.000000	0.011240
374	0.000000	0.000000	0.000000	0.048956	0.939486	0.000597	0.000074	0.000000	0.010887
375	0.000000	0.000000	0.000000	0.049208	0.939493	0.000596	0.000064	0.000000	0.010639
376	0.000000	0.000000	0.000000	0.049263	0.939719	0.000611	0.000056	0.000000	0.010351
377	0.000000	0.000000	0.000000	0.049358	0.939908	0.000603	0.000056	0.000000	0.010075
378	0.000000	0.000000	0.000000	0.049386	0.940175	0.000600	0.000059	0.000000	0.009780
379	0.000000	0.000000	0.000000	0.049351	0.940377	0.000612	0.000066	0.000000	0.009594
380	0.000000	0.000000	0.000000	0.049539	0.940421	0.000594	0.000061	0.000000	0.009385
381	0.000000	0.000000	0.000000	0.049638	0.940635	0.000598	0.000063	0.000000	0.009066
382	0.000000	0.000000	0.000000	0.049666	0.940735	0.000647	0.000056	0.000000	0.008896
383	0.000000	0.000000	0.000000	0.049669	0.941022	0.000650	0.000050	0.000000	0.008609
384	0.000000	0.000000	0.000000	0.049475	0.941406	0.000608	0.000056	0.000000	0.008455
385	0.000000	0.000000	0.000000	0.049234	0.941912	0.000584	0.000054	0.000000	0.008216
386	0.000000	0.000000	0.000000	0.049101	0.942323	0.000601	0.000060	0.000000	0.007915
387	0.000000	0.000000	0.000000	0.049250	0.942457	0.000595	0.000054	0.000000	0.007644
388	0.000000	0.000000	0.000000	0.049226	0.942616	0.000586	0.000057	0.000000	0.007515
389	0.000000	0.000000	0.000000	0.049322	0.942789	0.000554	0.000045	0.000000	0.007290
390	0.000000	0.000000	0.000000	0.049135	0.943138	0.000574	0.000032	0.000000	0.007121
391	0.000000	0.000000	0.000000	0.049372	0.943013	0.000560	0.000032	0.000000	0.007023
392	0.000000	0.000000	0.000000	0.049484	0.943149	0.000526	0.000032	0.000000	0.006809
393	0.000000	0.000000	0.000000	0.049435	0.943377	0.000534	0.000033	0.000000	0.006621
394	0.000000	0.000000	0.000000	0.049338	0.943641	0.000532	0.000030	0.000000	0.006459
395	0.000000	0.000000	0.000000	0.049519	0.943594	0.000550	0.000028	0.000000	0.006309
396	0.000000	0.000000	0.000000	0.049411	0.943803	0.000579	0.000036	0.000000	0.006171
397	0.000000	0.000000	0.000000	0.049240	0.944143	0.000596	0.000039	0.000000	0.005982
398	0.000000	0.000000	0.000000	0.049389	0.944201	0.000575	0.000041	0.000000	0.005794
399	0.000000	0.000000	0.000000	0.049521	0.944329	0.000567	0.000045	0.000000	0.005538
400	0.000000	0.000000	0.000000	0.049390	0.944553	0.000619	0.000041	0.000000	0.005397
401	0.000000	0.000000	0.000000	0.049408	0.944647	0.000611	0.000041	0.000000	0.005293
402	0.000000	0.000000	0.000000	0.049415	0.944807	0.000617	0.000041	0.000000	0.005120
403	0.000000	0.000000	0.000000	0.049258	0.945085	0.000624	0.000043	0.000000	0.004990
404	0.000000	0.000000	0.000000	0.049174	0.945367	0.000584	0.000047	0.000000	0.004828
405	0.000000	0.000000	0.000000	0.049340	0.945354	0.000615	0.000047	0.000000	0.004644
406	0.000000	0.000000	0.000000	0.049213	0.945582	0.000631	0.000047	0.000000	0.004527
407	0.000000	0.000000	0.000000	0.049040	0.945921	0.000602	0.000054	0.000000	0.004383
408	0.000000	0.000000	0.000000	0.049111	0.945972	0.000615	0.000051	0.000000	0.004251
409	0.000000	0.000000	0.000000	0.049147	0.946057	0.000621	0.000042	0.000000	0.004133
410	0.000000	0.000000	0.000000	0.049348	0.946009	0.000635	0.000041	0.000000	0.003967
411	0.000000	0.000000	0.000000	0.049452	0.945990	0.000662	0.000052	0.000000	0.003844
412	0.000000	0.000000	0.000000	0.049403	0.946120	0.000694	0.000053	0.000000	0.003730
413	0.000000	0.000000	0.000000	0.049628	0.945960	0.000709	0.000051	0.000000	0.003652
414	0.000000	0.000000	0.000000	0.049688	0.946056	0.000686	0.000051	0.000000	0.003519
415	0.000000	0.000000	0.000000	0.049685	0.946148	0.000669	0.000043	0.000000	0.003455
416	0.000000	0.000000	0.000000	0.049794	0.946161	0.000673	0.000045	0.000000	0.003327
417	0.000000	0.000000	0.000000	0.049638	0.946374	0.000698	0.000038	0.000000	0.003252
418	0.000000	0.000000	0.000000	0.049700	0.946416	0.000704	0.000036	0.000000	0.003144
419	0.000000	0.000000	0.000000	0.049644	0.946587	0.000698	0.000033	0.000000	0.003038
420	0.000000	0.000000	0.000000	0.049873	0.946445	0.000722	0.000032	0.000000	0.002928
421	0.000000	0.000000	0.000000	0.050098	0.946277	0.000749	0.000027	0.000000	0.002849
422	0.000000	0.000000	0.000000	0.050123	0.946333	0.000751	0.000022	0.000000	0.002771
423	0.000000	0.000000	0.000000	0.050610	0.945983	0.000735	0.000023	0.000000	0.002649
424	0.000000	0.000000	0.000000	0.050422	0.946272	0.000765	0.000022	0.000000	0.002519
425	0.000000	0.000000	0.000000	0.050489	0.946316	0.000744	0.000022	0.000000	0.002429
426	0.000000	0.000000	0.000000	0.050369	0.946473	0.000769	0.000021	0.000000	0.002368
427	0.000000	0.000000	0.000000	0.050205	0.946711	0.000801	0.000014	0.000000	0.002269
428	0.000000	0.000000	0.000000	0.050234	0.946753	0.000801	0.000018	0.000000	0.002194
429	0.000000	0.000000	0.000000	0.049978	0.947090	0.000799	0.000017	0.000000	0.002116
430	0.000000	0.000000	0.000000	0.050137	0.946975	0.000831	0.000018	0.000000	0.002039
431	0.000000	0.000000	0.000000	0.049985	0.947218	0.000827	0.000022	0.000000	0.001948
432	0.000000	0.000000	0.000000	0.049862	0.947404	0.000826	0.000021	0.000000	0.001887
433	0.000000	0.000000	0.000000	0.049679	0.947704	0.000826	0.000014	0.000000	0.001777
434	0.000000	0.000000	0.000000	0.049657	0.947763	0.000827	0.000012	0.000000	0.001741
435	0.000000	0.000000	0.000000	0.049709	0.947798	0.000804	0.000010	0.000000	0.001679
436	0.000000	0.000000	0.000000	0.049696	0.947900	0.000776	0.000008	0.000000	0.001620
437	0.000000	0.000000	0.000000	0.049595	0.948066	0.000793	0.000007	0.000000	0.001539
438	0.000000	0.000000	0.000000	0.049518	0.948209	0.000790	0.000005	0.000000	0.001478
439	0.000000	0.000000	0.000000	0.049462	0.948378	0.000781	0.000002	0.000000	0.001377
440	0.000000	0.000000	0.000000	0.049410	0.948486	0.000787	0.000004	0.000000	0.001313
441	0.000000	0.000000	0.000000	0.049094	0.948929	0.000759	0.000006	0.000000	0.001212
442	0.000000	0.000000	0.000000	0.049261	0.948816	0.000736	0.000002	0.000000	0.001185
443	0.000000	0.000000	0.000000	0.049683	0.948398	0.000769	0.000001	0.000000	0.001149
444	0.000000	0.000000	0.000000	0.049858	0.948245	0.000768	0.000000	0.000000	0.001129
445	0.000000	0.000000	0.000000	0.049846	0.948291	0.000773	0.000000	0.000000	0.001090
446	0.000000	0.000000	0.000000	0.049914	0.948232	0.000790	0.000000	0.000000	0.001064
447	0.000000	0.000000	0.000000	0.050031	0.948161	0.000780	0.000000	0.000000	0.001028
448	0.000000	0.000000	0.000000	0.050066	0.948157	0.000792	0.000000	0.000000	0.000985
449	0.000000	0.000000	0.000000	0.050300	0.947947	0.000784	0.000000	0.000000	0.000969
450	0.000000	0.000000	0.000000	0.050214	0.948046	0.000792	0.000000	0.000000	0.000948
451	0.000000	0.000000	0.000000	0.049916	0.948363	0.000779	0.000000	0.000000	0.000942
452	0.000000	0.000000	0.000000	0.049735	0.948609	0.000751	0.000000	0.000000	0.000905
453	0.000000	0.000000	0.000000	0.049699	0.948690	0.000735	0.000000	0.000000	0.000876
454	0.000000	0.000000	0.000000	0.049895	0.948481	0.000758	0.000000	0.000000	0.000866
455	0.000000	0.000000	0.000000	0.049552	0.948865	0.000745	0.000000	0.000000	0.000838
456	0.000000	0.000000	0.000000	0.049486	0.948945	0.000764	0.000000	0.000000	0.000805
457	0.000000	0.000000	0.000000	0.049420	0.949023	0.000785	0.000000	0.000000	0.000772
458	0.000000	0.000000	0.000000	0.049146	0.949383	0.000737	0.000000	0.000000	0.000734
459	0.000000	0.000000	0.000000	0.048905	0.949719	0.000713	0.000000	0.000000	0.000663
460	0.000000	0.000000	0.000000	0.048679	0.949921	0.000752	0.000000	0.000000	0.000648
461	0.000000	0.000000	0.000000	0.048657	0.949976	0.000744	0.000000	0.000000	0.000623
462	0.000000	0.000000	0.000000	0.048722	0.949980	0.000685	0.000000	0.000000	0.000613
463	0.000000	0.000000	0.000000	0.048885	0.949822	0.000694	0.000000	0.000000	0.000599
464	0.000000	0.000000	0.000000	0.048778	0.949934	0.000718	0.000000	0.000000	0.000570
465	0.000000	0.000000	0.000000	0.048781	0.949954	0.000712	0.000000	0.000000	0.000553
466	0.000000	0.000000	0.000000	0.048712	0.950048	0.000719	0.000000	0.000000	0.000521
467	0.000000	0.000000	0.000000	0.048606	0.950179	0.000717	0.000000	0.000000	0.000498
468	0.000000	0.000000	0.000000	0.048777	0.950068	0.000693	0.000000	0.000000	0.000462
469	0.000000	0.000000	0.000000	0.048812	0.950080	0.000668	0.000000	0.000000	0.000440
470	0.000000	0.000000	0.000000	0.048860	0.950093	0.000658	0.000000	0.000000	0.000389
