0	0.290663	0.057897	0.229473	0.157588	0.029913	0.111872	0.085455	0.012259	0.024880
1	0.224448	0.046666	0.194822	0.140318	0.028635	0.121600	0.125066	0.023914	0.094531
2	0.217937	0.044456	0.188999	0.135066	0.029676	0.117620	0.132355	0.024963	0.108928
3	0.218025	0.042924	0.185410	0.130518	0.031314	0.112730	0.135568	0.025012	0.118499
4	0.219297	0.041626	0.181893	0.127241	0.033048	0.107602	0.137077	0.024478	0.127738
5	0.220984	0.040502	0.177791	0.124013	0.035019	0.102674	0.138516	0.024145	0.136356
6	0.223635	0.039261	0.174321	0.119879	0.037421	0.097093	0.139959	0.023721	0.144710
7	0.225837	0.038012	0.170650	0.117112	0.039988	0.091293	0.141034	0.023197	0.152877
8	0.228140	0.036697	0.166656	0.113991	0.042638	0.086394	0.141244	0.022655	0.161585
9	0.230186	0.035455	0.162159	0.111204	0.045715	0.081487	0.141785	0.022155	0.169854
10	0.232900	0.034172	0.157958	0.108434	0.048974	0.076826	0.141666	0.021389	0.177681
11	0.234781	0.032866	0.153980	0.105240	0.052379	0.073035	0.141037	0.020749	0.185933
12	0.236710	0.031970	0.149489	0.102780	0.056092	0.068726	0.140657	0.020040	0.193536
13	0.238589	0.030603	0.145069	0.100297	0.059980	0.064688	0.140208	0.019564	0.201002
14	0.239807	0.029505	0.140828	0.097892	0.064065	0.061071	0.139169	0.018869	0.208794
15	0.241384	0.028368	0.136219	0.095607	0.068491	0.057663	0.138249	0.017951	0.216068
16	0.242617	0.027230	0.131936	0.093590	0.073007	0.054536	0.136920	0.017384	0.222780
17	0.243624	0.026185	0.127429	0.091185	0.077571	0.051393	0.135797	0.016768	0.230048
18	0.245320	0.025166	0.122935	0.088817	0.082542	0.048712	0.133964	0.016147	0.236397
19	0.245682	0.024167	0.118418	0.086515	0.088048	0.045792	0.132678	0.015511	0.243189
20	0.246966	0.023034	0.113564	0.084326	0.093173	0.043352	0.130591	0.014892	0.250102
21	0.247478	0.022116	0.109200	0.082205	0.099212	0.040739	0.129175	0.014556	0.255319
22	0.248003	0.021223	0.105003	0.080448	0.104809	0.038377	0.126815	0.014095	0.261227
23	0.248409	0.020340	0.100779	0.078553	0.110999	0.036400	0.124598	0.013566	0.266356
24	0.248634	0.019539	0.096439	0.076786	0.117600	0.034339	0.122077	0.013127	0.271459
25	0.248768	0.018616	0.092357	0.074821	0.124330	0.032513	0.119593	0.012521	0.276481
26	0.248252	0.017956	0.088533	0.072896	0.131253	0.030490	0.117456	0.012103	0.281061
27	0.248212	0.017095	0.084686	0.071202	0.138916	0.028620	0.114417	0.011719	0.285133
28	0.247681	0.016197	0.080833	0.069587	0.146593	0.027034	0.112343	0.011120	0.288612
29	0.246657	0.015356	0.077174	0.068311	0.154345	0.025674	0.110015	0.010694	0.291774
30	0.245890	0.014592	0.073300	0.067225	0.162316	0.024369	0.107814	0.010231	0.294263
31	0.244780	0.014133	0.069703	0.065969	0.170177	0.023044	0.105037	0.009941	0.297216
32	0.243309	0.013632	0.066271	0.064536	0.179009	0.021885	0.101886	0.009418	0.300054
33	0.241739	0.013038	0.062907	0.062992	0.188038	0.020447	0.099476	0.008914	0.302449
34	0.239843	0.012339	0.059778	0.062091	0.197039	0.019333	0.096603	0.008485	0.304489
35	0.237670	0.011652	0.056714	0.061278	0.206560	0.018240	0.094227	0.008105	0.305554
36	0.235613	0.011085	0.053614	0.060125	0.216275	0.017287	0.091668	0.007782	0.306551
37	0.232913	0.010681	0.050613	0.059082	0.226234	0.016328	0.088752	0.007472	0.307925
38	0.230412	0.010104	0.047662	0.058238	0.236764	0.015461	0.085468	0.007041	0.308850
39	0.227602	0.009686	0.045158	0.057021	0.247190	0.014744	0.082853	0.006789	0.308957
40	0.224653	0.009282	0.042626	0.056028	0.257440	0.014014	0.080187	0.006276	0.309494
41	0.222025	0.008865	0.040004	0.055341	0.268269	0.013251	0.077687	0.005963	0.308595
42	0.218759	0.008536	0.037637	0.054514	0.278458	0.012557	0.075202	0.005593	0.308744
43	0.215776	0.008075	0.034996	0.053964	0.289707	0.011926	0.072660	0.005363	0.307533
44	0.212363	0.007612	0.033283	0.053197	0.300753	0.011516	0.069910	0.005076	0.306290
45	0.208910	0.007305	0.031217	0.052506	0.312361	0.010960	0.067036	0.004821	0.304884
46	0.205519	0.006843	0.029469	0.051429	0.324622	0.010400	0.064214	0.004591	0.302913
47	0.201814	0.006650	0.027689	0.050780	0.336504	0.009913	0.061819	0.004308	0.300523
48	0.197155	0.006303	0.026027	0.050765	0.348449	0.009536	0.059215	0.004039	0.298511
49	0.193094	0.005802	0.024410	0.050351	0.360465	0.009114	0.056840	0.003855	0.296069
50	0.189034	0.005489	0.022874	0.049736	0.372394	0.008724	0.054522	0.003573	0.293654
51	0.184763	0.005227	0.021410	0.049418	0.384534	0.008387	0.052349	0.003362	0.290550
52	0.180135	0.004823	0.020037	0.048940	0.397159	0.008088	0.049965	0.003165	0.287688
53	0.175543	0.004624	0.018740	0.048842	0.409633	0.007907	0.047536	0.003012	0.284163
54	0.170887	0.004232	0.017421	0.048521	0.421810	0.007742	0.045573	0.002752	0.281062
55	0.165994	0.004003	0.016047	0.048233	0.434662	0.007508	0.043360	0.002684	0.277509
56	0.161559	0.003709	0.014885	0.048100	0.446966	0.007154	0.041540	0.002486	0.273601
57	0.156987	0.003488	0.013795	0.047678	0.459299	0.007065	0.039544	0.002376	0.269768
58	0.152221	0.003308	0.012754	0.047377	0.472152	0.006895	0.037536	0.002293	0.265464
59	0.147616	0.003035	0.011790	0.047255	0.484195	0.006770	0.035784	0.002152	0.261403
60	0.142900	0.002974	0.010857	0.046657	0.496443	0.006681	0.034066	0.002001	0.257421
61	0.138137	0.002802	0.010163	0.046613	0.508451	0.006460	0.032528	0.001855	0.252991
62	0.134097	0.002664	0.009472	0.046603	0.520429	0.006324	0.030804	0.001790	0.247817
63	0.129823	0.002459	0.008726	0.046326	0.532850	0.006104	0.029275	0.001712	0.242725
64	0.125313	0.002346	0.008102	0.046241	0.545128	0.005947	0.027947	0.001568	0.237408
65	0.120582	0.002190	0.007644	0.046246	0.556852	0.005853	0.026769	0.001456	0.232408
66	0.116262	0.002038	0.006902	0.046040	0.568564	0.005747	0.025194	0.001389	0.227864
67	0.111865	0.001970	0.006343	0.045755	0.580336	0.005514	0.023717	0.001293	0.223207
68	0.107890	0.001822	0.005792	0.045546	0.592381	0.005361	0.022418	0.001233	0.217557
69	0.103736	0.001663	0.005334	0.045345	0.603668	0.005297	0.021164	0.001202	0.212591
70	0.099802	0.001555	0.004836	0.045214	0.615163	0.005204	0.019915	0.001114	0.207197
71	0.095385	0.001435	0.004424	0.045357	0.626830	0.005066	0.019135	0.001027	0.201341
72	0.091266	0.001394	0.004121	0.045346	0.637633	0.004977	0.018097	0.000965	0.196201
73	0.087204	0.001294	0.003845	0.045171	0.648331	0.004997	0.017031	0.000916	0.191211
74	0.083279	0.001169	0.003540	0.044907	0.659253	0.004908	0.016088	0.000816	0.186040
75	0.079539	0.001079	0.003293	0.044734	0.669576	0.004784	0.015195	0.000740	0.181060
76	0.076022	0.000956	0.002972	0.044820	0.679973	0.004807	0.014293	0.000664	0.175493
77	0.072418	0.000853	0.002756	0.044825	0.689941	0.004804	0.013474	0.000633	0.170296
78	0.068991	0.000770	0.002502	0.044757	0.700028	0.004784	0.012719	0.000543	0.164906
79	0.065964	0.000691	0.002275	0.044898	0.709036	0.004718	0.012048	0.000483	0.159887
80	0.062662	0.000650	0.002046	0.044669	0.718694	0.004620	0.011184	0.000448	0.155027
81	0.059653	0.000585	0.001841	0.044742	0.727835	0.004464	0.010622	0.000416	0.149842
82	0.056792	0.000517	0.001646	0.044789	0.736525	0.004404	0.009964	0.000398	0.144965
83	0.054026	0.000506	0.001512	0.044761	0.745097	0.004378	0.009474	0.000369	0.139877
84	0.051197	0.000464	0.001342	0.044736	0.753587	0.004248	0.008869	0.000340	0.135217
85	0.048478	0.000437	0.001263	0.044576	0.761716	0.004216	0.008382	0.000328	0.130604
86	0.045755	0.000373	0.001141	0.044537	0.769947	0.004096	0.007895	0.000304	0.125952
87	0.043241	0.000296	0.001086	0.044302	0.777891	0.004079	0.007470	0.000272	0.121363
88	0.040920	0.000271	0.000946	0.044278	0.785341	0.004068	0.006891	0.000257	0.117028
89	0.038624	0.000257	0.000864	0.044315	0.792599	0.003973	0.006514	0.000246	0.112608
90	0.036290	0.000254	0.000756	0.044360	0.799533	0.003916	0.006113	0.000232	0.108546
91	0.034149	0.000247	0.000681	0.044320	0.806529	0.003948	0.005769	0.000216	0.104141
92	0.032104	0.000234	0.000640	0.044537	0.813013	0.003880	0.005415	0.000193	0.099984
93	0.030174	0.000201	0.000556	0.044709	0.819367	0.003879	0.005107	0.000161	0.095846
94	0.028399	0.000189	0.000489	0.044614	0.825618	0.003880	0.004803	0.000135	0.091873
95	0.026859	0.000172	0.000432	0.044552	0.831542	0.003899	0.004356	0.000131	0.088057
96	0.025118	0.000152	0.000408	0.044676	0.837500	0.003804	0.004085	0.000126	0.084131
97	0.023745	0.000131	0.000371	0.044887	0.842601	0.003835	0.003823	0.000106	0.080501
98	0.022202	0.000143	0.000335	0.044750	0.848267	0.003716	0.003503	0.000109	0.076975
99	0.020786	0.000131	0.000322	0.044394	0.853569	0.003773	0.003279	0.000102	0.073644
100	0.019320	0.000124	0.000279	0.044323	0.858386	0.003741	0.002989	0.000096	0.070742
101	0.017980	0.000103	0.000262	0.044443	0.863500	0.003662	0.002726	0.000088	0.067236
102	0.016760	0.000092	0.000224	0.044518	0.868327	0.003630	0.002478	0.000080	0.063891
103	0.015549	0.000096	0.000189	0.044807	0.872558	0.003660	0.002315	0.000072	0.060754
104	0.014497	0.000078	0.000156	0.044615	0.876822	0.003660	0.002190	0.000073	0.057909
105	0.013256	0.000087	0.000140	0.044524	0.880892	0.003690	0.002018	0.000058	0.055335
106	0.012147	0.000077	0.000133	0.044333	0.884961	0.003651	0.001871	0.000047	0.052780
107	0.011323	0.000073	0.000107	0.044254	0.888678	0.003605	0.001714	0.000046	0.050200
108	0.010439	0.000060	0.000084	0.044507	0.891897	0.003629	0.001547	0.000046	0.047791
109	0.009579	0.000052	0.000082	0.044440	0.895281	0.003551	0.001402	0.000051	0.045562
110	0.008760	0.000044	0.000071	0.044462	0.898508	0.003569	0.001281	0.000040	0.043265
111	0.008098	0.000033	0.000065	0.044444	0.901397	0.003632	0.001214	0.000036	0.041081
112	0.007464	0.000034	0.000067	0.044575	0.904251	0.003608	0.001125	0.000033	0.038843
113	0.006917	0.000025	0.000054	0.044552	0.906887	0.003583	0.001026	0.000028	0.036928
114	0.006310	0.000024	0.000049	0.044688	0.909360	0.003607	0.000954	0.000017	0.034991
115	0.005804	0.000015	0.000039	0.044874	0.911621	0.003621	0.000899	0.000017	0.033110
116	0.005386	0.000010	0.000033	0.044930	0.913948	0.003684	0.000778	0.000012	0.031219
117	0.004870	0.000006	0.000027	0.044933	0.916337	0.003678	0.000730	0.000005	0.029414
118	0.004432	0.000004	0.000026	0.044754	0.918642	0.003597	0.000692	0.000008	0.027845
119	0.004022	0.000005	0.000024	0.044796	0.920715	0.003536	0.000634	0.000010	0.026258
120	0.003664	0.000001	0.000023	0.044665	0.922714	0.003596	0.000589	0.000009	0.024739
121	0.003406	0.000002	0.000018	0.044560	0.924496	0.003542	0.000534	0.000004	0.023438
122	0.003072	0.000001	0.000018	0.044343	0.926329	0.003591	0.000501	0.000000	0.022145
123	0.002813	0.000000	0.000011	0.044480	0.927721	0.003624	0.000466	0.000000	0.020885
124	0.002600	0.000000	0.000012	0.044436	0.929254	0.003620	0.000425	0.000000	0.019653
125	0.002395	0.000000	0.000009	0.044375	0.930745	0.003561	0.000412	0.000000	0.018503
126	0.002148	0.000000	0.000008	0.044318	0.932152	0.003607	0.000388	0.000000	0.017379
127	0.001927	0.000000	0.000006	0.044312	0.933391	0.003677	0.000350	0.000000	0.016337
128	0.001752	0.000000	0.000006	0.044337	0.934447	0.003632	0.000303	0.000000	0.015523
129	0.001586	0.000000	0.000003	0.044566	0.935441	0.003592	0.000262	0.000000	0.014550
130	0.001458	0.000000	0.000004	0.044740	0.936320	0.003605	0.000206	0.000000	0.013667
131	0.001287	0.000000	0.000004	0.044491	0.937683	0.003562	0.000202	0.000000	0.012771
132	0.001150	0.000000	0.000002	0.044591	0.938587	0.003571	0.000157	0.000000	0.011942
133	0.001058	0.000000	0.000002	0.044640	0.939308	0.003678	0.000144	0.000000	0.011170
134	0.000947	0.000000	0.000002	0.044399	0.940570	0.003502	0.000117	0.000000	0.010463
135	0.000832	0.000000	0.000001	0.044170	0.941472	0.003589	0.000105	0.000000	0.009831
136	0.000746	0.000000	0.000000	0.044326	0.942121	0.003530	0.000098	0.000000	0.009179
137	0.000684	0.000000	0.000000	0.044420	0.942749	0.003532	0.000069	0.000000	0.008546
138	0.000620	0.000000	0.000000	0.044359	0.943470	0.003517	0.000067	0.000000	0.007967
139	0.000547	0.000000	0.000000	0.044447	0.943997	0.003541	0.000046	0.000000	0.007422
140	0.000518	0.000000	0.000000	0.044572	0.944305	0.003606	0.000038	0.000000	0.006961
141	0.000458	0.000000	0.000000	0.044521	0.944963	0.003521	0.000040	0.000000	0.006497
142	0.000389	0.000000	0.000000	0.044448	0.945481	0.003598	0.000036	0.000000	0.006048
143	0.000307	0.000000	0.000000	0.044347	0.946171	0.003563	0.000037	0.000000	0.005575
144	0.000269	0.000000	0.000000	0.044311	0.946567	0.003650	0.000024	0.000000	0.005179
145	0.000248	0.000000	0.000000	0.044275	0.946950	0.003716	0.000021	0.000000	0.004790
146	0.000216	0.000000	0.000000	0.044315	0.947443	0.003614	0.000018	0.000000	0.004394
147	0.000213	0.000000	0.000000	0.044183	0.947959	0.003615	0.000012	0.000000	0.004018
148	0.000205	0.000000	0.000000	0.044485	0.948019	0.003590	0.000013	0.000000	0.003688
149	0.000183	0.000000	0.000000	0.044391	0.948341	0.003655	0.000007	0.000000	0.003423
150	0.000157	0.000000	0.000000	0.044357	0.948638	0.003666	0.000004	0.000000	0.003178
151	0.000148	0.000000	0.000000	0.044380	0.948877	0.003646	0.000003	0.000000	0.002946
152	0.000143	0.000000	0.000000	0.044108	0.949358	0.003686	0.000001	0.000000	0.002704
153	0.000124	0.000000	0.000000	0.044313	0.949413	0.003686	0.000001	0.000000	0.002463
154	0.000116	0.000000	0.000000	0.044514	0.949416	0.003635	0.000000	0.000000	0.002319
155	0.000116	0.000000	0.000000	0.044508	0.949466	0.003724	0.000000	0.000000	0.002186
156	0.000099	0.000000	0.000000	0.044280	0.949882	0.003723	0.000000	0.000000	0.002016
157	0.000084	0.000000	0.000000	0.044396	0.949849	0.003759	0.000000	0.000000	0.001912
158	0.000074	0.000000	0.000000	0.044172	0.950184	0.003763	0.000000	0.000000	0.001807
159	0.000077	0.000000	0.000000	0.043895	0.950566	0.003804	0.000000	0.000000	0.001658
160	0.000073	0.000000	0.000000	0.043806	0.950800	0.003761	0.000000	0.000000	0.001560
161	0.000060	0.000000	0.000000	0.043669	0.951142	0.003706	0.000000	0.000000	0.001423
162	0.000057	0.000000	0.000000	0.043529	0.951368	0.003719	0.000000	0.000000	0.001327
163	0.000052	0.000000	0.000000	0.043607	0.951377	0.003752	0.000000	0.000000	0.001212
164	0.000056	0.000000	0.000000	0.043286	0.951800	0.003741	0.000000	0.000000	0.001117
165	0.000047	0.000000	0.000000	0.043516	0.951621	0.003777	0.000000	0.000000	0.001039
166	0.000028	0.000000	0.000000	0.043348	0.951783	0.003860	0.000000	0.000000	0.000981
167	0.000023	0.000000	0.000000	0.043416	0.951855	0.003789	0.000000	0.000000	0.000917
168	0.000023	0.000000	0.000000	0.043343	0.952041	0.003760	0.000000	0.000000	0.000833
169	0.000026	0.000000	0.000000	0.043360	0.952051	0.003787	0.000000	0.000000	0.000776
170	0.000025	0.000000	0.000000	0.043571	0.951832	0.003869	0.000000	0.000000	0.000703
171	0.000026	0.000000	0.000000	0.043492	0.951887	0.003916	0.000000	0.000000	0.000679
172	0.000030	0.000000	0.000000	0.043504	0.951938	0.003895	0.000000	0.000000	0.000633
173	0.000031	0.000000	0.000000	0.043474	0.952005	0.003873	0.000000	0.000000	0.000617
174	0.000037	0.000000	0.000000	0.043332	0.952148	0.003902	0.000000	0.000000	0.000581
175	0.000040	0.000000	0.000000	0.043509	0.951864	0.004010	0.000000	0.000000	0.000577
176	0.000045	0.000000	0.000000	0.043522	0.951854	0.004057	0.000000	0.000000	0.000522
177	0.000040	0.000000	0.000000	0.043613	0.951778	0.004090	0.000000	0.000000	0.000479
178	0.000030	0.000000	0.000000	0.043422	0.951976	0.004116	0.000000	0.000000	0.000456
179	0.000026	0.000000	0.000000	0.043455	0.951920	0.004188	0.000000	0.000000	0.000411
180	0.000025	0.000000	0.000000	0.043312	0.952070	0.004204	0.000000	0.000000	0.000389
181	0.000024	0.000000	0.000000	0.043319	0.952100	0.004182	0.000000	0.000000	0.000375
182	0.000023	0.000000	0.000000	0.043384	0.952099	0.004163	0.000000	0.000000	0.000331
183	0.000028	0.000000	0.000000	0.043477	0.952045	0.004166	0.000000	0.000000	0.000284
184	0.000026	0.000000	0.000000	0.043304	0.952286	0.004118	0.000000	0.000000	0.000266
185	0.000024	0.000000	0.000000	0.043303	0.952414	0.004011	0.000000	0.000000	0.000248
186	0.000025	0.000000	0.000000	0.043203	0.952528	0.004015	0.000000	0.000000	0.000229
187	0.000024	0.000000	0.000000	0.043141	0.952661	0.003981	0.000000	0.000000	0.000193
188	0.000024	0.000000	0.000000	0.043049	0.952786	0.003961	0.000000	0.000000	0.000180
189	0.000021	0.000000	0.000000	0.043081	0.952743	0.003992	0.000000	0.000000	0.000163
190	0.000020	0.000000	0.000000	0.043051	0.952802	0.003979	0.000000	0.000000	0.000148
191	0.000020	0.000000	0.000000	0.043037	0.952875	0.003930	0.000000	0.000000	0.000138
192	0.000017	0.000000	0.000000	0.042968	0.952957	0.003931	0.000000	0.000000	0.000127
193	0.000015	0.000000	0.000000	0.043253	0.952577	0.004026	0.000000	0.000000	0.000129
194	0.000019	0.000000	0.000000	0.043157	0.952772	0.003931	0.000000	0.000000	0.000121
195	0.000017	0.000000	0.000000	0.043417	0.952447	0.004008	0.000000	0.000000	0.000111
196	0.000020	0.000000	0.000000	0.043142	0.952729	0.004009	0.000000	0.000000	0.000100
197	0.000018	0.000000	0.000000	0.043201	0.952740	0.003963	0.000000	0.000000	0.000078
198	0.000021	0.000000	0.000000	0.043464	0.952373	0.004066	0.000000	0.000000	0.000076
199	0.000022	0.000000	0.000000	0.043548	0.952307	0.004053	0.000000	0.000000	0.000070
200	0.000017	0.000000	0.000000	0.043518	0.952310	0.004097	0.000000	0.000000	0.000058
201	0.000015	0.000000	0.000000	0.043126	0.952683	0.004127	0.000000	0.000000	0.000049
202	0.000013	0.000000	0.000000	0.043055	0.952695	0.004191	0.000000	0.000000	0.000046
203	0.000012	0.000000	0.000000	0.043230	0.952539	0.004171	0.000000	0.000000	0.000048
204	0.000009	0.000000	0.000000	0.043472	0.952272	0.004204	0.000000	0.000000	0.000043
205	0.000006	0.000000	0.000000	0.043620	0.952085	0.004244	0.000000	0.000000	0.000045
206	0.000005	0.000000	0.000000	0.043666	0.951974	0.004307	0.000000	0.000000	0.000048
207	0.000004	0.000000	0.000000	0.043532	0.952126	0.004301	0.000000	0.000000	0.000037
208	0.000004	0.000000	0.000000	0.043742	0.951948	0.004267	0.000000	0.000000	0.000039
209	0.000003	0.000000	0.000000	0.043998	0.951785	0.004176	0.000000	0.000000	0.000038
210	0.000001	0.000000	0.000000	0.043900	0.951905	0.004163	0.000000	0.000000	0.000031
211	0.000000	0.000000	0.000000	0.043955	0.951751	0.004261	0.000000	0.000000	0.000033
212	0.000000	0.000000	0.000000	0.044071	0.951671	0.004231	0.000000	0.000000	0.000027
213	0.000000	0.000000	0.000000	0.043827	0.951924	0.004231	0.000000	0.000000	0.000018
214	0.000000	0.000000	0.000000	0.043854	0.951918	0.004204	0.000000	0.000000	0.000024
215	0.000000	0.000000	0.000000	0.043883	0.951878	0.004220	0.000000	0.000000	0.000019
216	0.000000	0.000000	0.000000	0.043590	0.952214	0.004176	0.000000	0.000000	0.000020
217	0.000000	0.000000	0.000000	0.043344	0.952454	0.004182	0.000000	0.000000	0.000020
218	0.000000	0.000000	0.000000	0.043586	0.952226	0.004166	0.000000	0.000000	0.000022
219	0.000000	0.000000	0.000000	0.043615	0.952145	0.004227	0.000000	0.000000	0.000013
220	0.000000	0.000000	0.000000	0.043567	0.952130	0.004292	0.000000	0.000000	0.000011
221	0.000000	0.000000	0.000000	0.043431	0.952279	0.004280	0.000000	0.000000	0.000010
222	0.000000	0.000000	0.000000	0.043298	0.952403	0.004292	0.000000	0.000000	0.000007
223	0.000000	0.000000	0.000000	0.043240	0.952449	0.004308	0.000000	0.000000	0.000003
224	0.000000	0.000000	0.000000	0.043092	0.952624	0.004283	0.000000	0.000000	0.000001
225	0.000000	0.000000	0.000000	0.043044	0.952622	0.004333	0.000000	0.000000	0.000001
226	0.000000	0.000000	0.000000	0.043150	0.952595	0.004254	0.000000	0.000000	0.000001
227	0.000000	0.000000	0.000000	0.043180	0.952556	0.004264	0.000000	0.000000	0.000000
228	0.000000	0.000000	0.000000	0.043436	0.952263	0.004301	0.000000	0.000000	0.000000
229	0.000000	0.000000	0.000000	0.043361	0.952350	0.004289	0.000000	0.000000	0.000000
230	0.000000	0.000000	0.000000	0.043499	0.952268	0.004233	0.000000	0.000000	0.000000
231	0.000000	0.000000	0.000000	0.043635	0.952168	0.004197	0.000000	0.000000	0.000000
232	0.000000	0.000000	0.000000	0.043812	0.951969	0.004219	0.000000	0.000000	0.000000
233	0.000000	0.000000	0.000000	0.043760	0.952039	0.004201	0.000000	0.000000	0.000000
234	0.000000	0.000000	0.000000	0.043829	0.951995	0.004176	0.000000	0.000000	0.000000
235	0.000000	0.000000	0.000000	0.044058	0.951700	0.004242	0.000000	0.000000	0.000000
236	0.000000	0.000000	0.000000	0.044001	0.951708	0.004291	0.000000	0.000000	0.000000
237	0.000000	0.000000	0.000000	0.043939	0.951884	0.004177	0.000000	0.000000	0.000000
238	0.000000	0.000000	0.000000	0.043597	0.952207	0.004196	0.000000	0.000000	0.000000
239	0.000000	0.000000	0.000000	0.043459	0.952312	0.004229	0.000000	0.000000	0.000000
240	0.000000	0.000000	0.000000	0.043459	0.952309	0.004232	0.000000	0.000000	0.000000
241	0.000000	0.000000	0.000000	0.043377	0.952400	0.004223	0.000000	0.000000	0.000000
242	0.000000	0.000000	0.000000	0.043400	0.952395	0.004205	0.000000	0.000000	0.000000
243	0.000000	0.000000	0.000000	0.043333	0.952474	0.004193	0.000000	0.000000	0.000000
244	0.000000	0.000000	0.000000	0.043247	0.952526	0.004227	0.000000	0.000000	0.000000
245	0.000000	0.000000	0.000000	0.043444	0.952445	0.004111	0.000000	0.000000	0.000000
246	0.000000	0.000000	0.000000	0.043622	0.952182	0.004196	0.000000	0.000000	0.000000
247	0.000000	0.000000	0.000000	0.043642	0.952236	0.004122	0.000000	0.000000	0.000000
248	0.000000	0.000000	0.000000	0.043549	0.952381	0.004070	0.000000	0.000000	0.000000
249	0.000000	0.000000	0.000000	0.043607	0.952237	0.004156	0.000000	0.000000	0.000000
250	0.000000	0.000000	0.000000	0.043657	0.952073	0.004270	0.000000	0.000000	0.000000
251	0.000000	0.000000	0.000000	0.043737	0.952020	0.004243	0.000000	0.000000	0.000000
252	0.000000	0.000000	0.000000	0.043469	0.952315	0.004216	0.000000	0.000000	0.000000
253	0.000000	0.000000	0.000000	0.043468	0.952320	0.004212	0.000000	0.000000	0.000000
254	0.000000	0.000000	0.000000	0.043454	0.952432	0.004114	0.000000	0.000000	0.000000
255	0.000000	0.000000	0.000000	0.043382	0.952502	0.004116	0.000000	0.000000	0.000000
256	0.000000	0.000000	0.000000	0.043244	0.952727	0.004029	0.000000	0.000000	0.000000
257	0.000000	0.000000	0.000000	0.043181	0.952798	0.004021	0.000000	0.000000	0.000000
258	0.000000	0.000000	0.000000	0.043199	0.952813	0.003988	0.000000	0.000000	0.000000
259	0.000000	0.000000	0.000000	0.043272	0.952786	0.003942	0.000000	0.000000	0.000000
260	0.000000	0.000000	0.000000	0.043273	0.952815	0.003912	0.000000	0.000000	0.000000
261	0.000000	0.000000	0.000000	0.043444	0.952606	0.003950	0.000000	0.000000	0.000000
262	0.000000	0.000000	0.000000	0.043266	0.952831	0.003903	0.000000	0.000000	0.000000
263	0.000000	0.000000	0.000000	0.043399	0.952716	0.003885	0.000000	0.000000	0.000000
264	0.000000	0.000000	0.000000	0.043519	0.952605	0.003876	0.000000	0.000000	0.000000
265	0.000000	0.000000	0.000000	0.043456	0.952662	0.003882	0.000000	0.000000	0.000000
266	0.000000	0.000000	0.000000	0.043721	0.952362	0.003917	0.000000	0.000000	0.000000
267	0.000000	0.000000	0.000000	0.043499	0.952527	0.003974	0.000000	0.000000	0.000000
268	0.000000	0.000000	0.000000	0.043377	0.952693	0.003930	0.000000	0.000000	0.000000
269	0.000000	0.000000	0.000000	0.043332	0.952692	0.003976	0.000000	0.000000	0.000000
270	0.000000	0.000000	0.000000	0.043262	0.952805	0.003933	0.000000	0.000000	0.000000
271	0.000000	0.000000	0.000000	0.043188	0.952876	0.003936	0.000000	0.000000	0.000000
272	0.000000	0.000000	0.000000	0.043490	0.952532	0.003978	0.000000	0.000000	0.000000
273	0.000000	0.000000	0.000000	0.043396	0.952741	0.003863	0.000000	0.000000	0.000000
274	0.000000	0.000000	0.000000	0.043358	0.952798	0.003844	0.000000	0.000000	0.000000
275	0.000000	0.000000	0.000000	0.043606	0.952546	0.003848	0.000000	0.000000	0.000000
276	0.000000	0.000000	0.000000	0.043453	0.952775	0.003772	0.000000	0.000000	0.000000
277	0.000000	0.000000	0.000000	0.043434	0.952723	0.003843	0.000000	0.000000	0.000000
278	0.000000	0.000000	0.000000	0.043415	0.952763	0.003822	0.000000	0.000000	0.000000
279	0.000000	0.000000	0.000000	0.043288	0.952837	0.003875	0.000000	0.000000	0.000000
280	0.000000	0.000000	0.000000	0.043281	0.952822	0.003897	0.000000	0.000000	0.000000
281	0.000000	0.000000	0.000000	0.043593	0.952508	0.003899	0.000000	0.000000	0.000000
282	0.000000	0.000000	0.000000	0.043675	0.952432	0.003893	0.000000	0.000000	0.000000
283	0.000000	0.000000	0.000000	0.043510	0.952584	0.003906	0.000000	0.000000	0.000000
284	0.000000	0.000000	0.000000	0.043684	0.952396	0.003920	0.000000	0.000000	0.000000
285	0.000000	0.000000	0.000000	0.043786	0.952184	0.004030	0.000000	0.000000	0.000000
286	0.000000	0.000000	0.000000	0.043826	0.952140	0.004034	0.000000	0.000000	0.000000
287	0.000000	0.000000	0.000000	0.043822	0.952203	0.003975	0.000000	0.000000	0.000000
288	0.000000	0.000000	0.000000	0.043618	0.952368	0.004014	0.000000	0.000000	0.000000
289	0.000000	0.000000	0.000000	0.043571	0.952483	0.003946	0.000000	0.000000	0.000000
290	0.000000	0.000000	0.000000	0.043507	0.952488	0.004005	0.000000	0.000000	0.000000
291	0.000000	0.000000	0.000000	0.043323	0.952779	0.003898	0.000000	0.000000	0.000000
292	0.000000	0.000000	0.000000	0.043412	0.952686	0.003902	0.000000	0.000000	0.000000
293	0.000000	0.000000	0.000000	0.043365	0.952759	0.003876	0.000000	0.000000	0.000000
294	0.000000	0.000000	0.000000	0.043106	0.952987	0.003907	0.000000	0.000000	0.000000
295	0.000000	0.000000	0.000000	0.042977	0.953058	0.003965	0.000000	0.000000	0.000000
296	0.000000	0.000000	0.000000	0.043039	0.952945	0.004016	0.000000	0.000000	0.000000
297	0.000000	0.000000	0.000000	0.043244	0.952635	0.004121	0.000000	0.000000	0.000000
298	0.000000	0.000000	0.000000	0.043140	0.952740	0.004120	0.000000	0.000000	0.000000
299	0.000000	0.000000	0.000000	0.043106	0.952654	0.004240	0.000000	0.000000	0.000000
300	0.000000	0.000000	0.000000	0.042973	0.952795	0.004232	0.000000	0.000000	0.000000
301	0.000000	0.000000	0.000000	0.042803	0.952927	0.004270	0.000000	0.000000	0.000000
302	0.000000	0.000000	0.000000	0.042958	0.952815	0.004227	0.000000	0.000000	0.000000
303	0.000000	0.000000	0.000000	0.042848	0.952981	0.004171	0.000000	0.000000	0.000000
304	0.000000	0.000000	0.000000	0.042939	0.952862	0.004199	0.000000	0.000000	0.000000
305	0.000000	0.000000	0.000000	0.042983	0.952774	0.004243	0.000000	0.000000	0.000000
306	0.000000	0.000000	0.000000	0.043033	0.952742	0.004225	0.000000	0.000000	0.000000
307	0.000000	0.000000	0.000000	0.043033	0.952729	0.004238	0.000000	0.000000	0.000000
308	0.000000	0.000000	0.000000	0.043233	0.952495	0.004272	0.000000	0.000000	0.000000
309	0.000000	0.000000	0.000000	0.043263	0.952502	0.004235	0.000000	0.000000	0.000000
310	0.000000	0.000000	0.000000	0.043395	0.952422	0.004183	0.000000	0.000000	0.000000
311	0.000000	0.000000	0.000000	0.043117	0.952724	0.004159	0.000000	0.000000	0.000000
312	0.000000	0.000000	0.000000	0.043133	0.952677	0.004190	0.000000	0.000000	0.000000
313	0.000000	0.000000	0.000000	0.043138	0.952708	0.004154	0.000000	0.000000	0.000000
314	0.000000	0.000000	0.000000	0.043065	0.952650	0.004285	0.000000	0.000000	0.000000
315	0.000000	0.000000	0.000000	0.042972	0.952721	0.004307	0.000000	0.000000	0.000000
316	0.000000	0.000000	0.000000	0.042911	0.952844	0.004245	0.000000	0.000000	0.000000
317	0.000000	0.000000	0.000000	0.042735	0.953135	0.004130	0.000000	0.000000	0.000000
318	0.000000	0.000000	0.000000	0.042829	0.953028	0.004143	0.000000	0.000000	0.000000
319	0.000000	0.000000	0.000000	0.042620	0.953220	0.004160	0.000000	0.000000	0.000000
320	0.000000	0.000000	0.000000	0.042835	0.953054	0.004111	0.000000	0.000000	0.000000
321	0.000000	0.000000	0.000000	0.043019	0.952903	0.004078	0.000000	0.000000	0.000000
322	0.000000	0.000000	0.000000	0.043060	0.952854	0.004086	0.000000	0.000000	0.000000
323	0.000000	0.000000	0.000000	0.043072	0.952756	0.004172	0.000000	0.000000	0.000000
324	0.000000	0.000000	0.000000	0.043121	0.952737	0.004142	0.000000	0.000000	0.000000
325	0.000000	0.000000	0.000000	0.043135	0.952685	0.004180	0.000000	0.000000	0.000000
326	0.000000	0.000000	0.000000	0.043083	0.952792	0.004125	0.000000	0.000000	0.000000
327	0.000000	0.000000	0.000000	0.043003	0.952795	0.004202	0.000000	0.000000	0.000000
328	0.000000	0.000000	0.000000	0.043017	0.952795	0.004188	0.000000	0.000000	0.000000
329	0.000000	0.000000	0.000000	0.042906	0.952865	0.004229	0.000000	0.000000	0.000000
330	0.000000	0.000000	0.000000	0.042910	0.952910	0.004180	0.000000	0.000000	0.000000
331	0.000000	0.000000	0.000000	0.042919	0.952787	0.004294	0.000000	0.000000	0.000000
332	0.000000	0.000000	0.000000	0.042988	0.952628	0.004384	0.000000	0.000000	0.000000
333	0.000000	0.000000	0.000000	0.043200	0.952401	0.004399	0.000000	0.000000	0.000000
334	0.000000	0.000000	0.000000	0.043021	0.952546	0.004433	0.000000	0.000000	0.000000
335	0.000000	0.000000	0.000000	0.043150	0.952429	0.004421	0.000000	0.000000	0.000000
336	0.000000	0.000000	0.000000	0.043165	0.952361	0.004474	0.000000	0.000000	0.000000
337	0.000000	0.000000	0.000000	0.043279	0.952201	0.004520	0.000000	0.000000	0.000000
338	0.000000	0.000000	0.000000	0.043326	0.952142	0.004532	0.000000	0.000000	0.000000
339	0.000000	0.000000	0.000000	0.043147	0.952383	0.004470	0.000000	0.000000	0.000000
340	0.000000	0.000000	0.000000	0.043277	0.952230	0.004493	0.000000	0.000000	0.000000
341	0.000000	0.000000	0.000000	0.043185	0.952205	0.004610	0.000000	0.000000	0.000000
342	0.000000	0.000000	0.000000	0.042995	0.952468	0.004537	0.000000	0.000000	0.000000
343	0.000000	0.000000	0.000000	0.042826	0.952665	0.004509	0.000000	0.000000	0.000000
344	0.000000	0.000000	0.000000	0.043097	0.952465	0.004438	0.000000	0.000000	0.000000
345	0.000000	0.000000	0.000000	0.043287	0.952284	0.004429	0.000000	0.000000	0.000000
346	0.000000	0.000000	0.000000	0.043421	0.952168	0.004411	0.000000	0.000000	0.000000
347	0.000000	0.000000	0.000000	0.043635	0.951964	0.004401	0.000000	0.000000	0.000000
348	0.000000	0.000000	0.000000	0.043948	0.951608	0.004444	0.000000	0.000000	0.000000
349	0.000000	0.000000	0.000000	0.044240	0.951246	0.004514	0.000000	0.000000	0.000000
350	0.000000	0.000000	0.000000	0.044068	0.951443	0.004489	0.000000	0.000000	0.000000
351	0.000000	0.000000	0.000000	0.043855	0.951592	0.004553	0.000000	0.000000	0.000000
352	0.000000	0.000000	0.000000	0.043789	0.951642	0.004569	0.000000	0.000000	0.000000
353	0.000000	0.000000	0.000000	0.043768	0.951675	0.004557	0.000000	0.000000	0.000000
354	0.000000	0.000000	0.000000	0.043691	0.951669	0.004640	0.000000	0.000000	0.000000
355	0.000000	0.000000	0.000000	0.044160	0.951195	0.004645	0.000000	0.000000	0.000000
356	0.000000	0.000000	0.000000	0.044182	0.951199	0.004619	0.000000	0.000000	0.000000
357	0.000000	0.000000	0.000000	0.044556	0.950784	0.004660	0.000000	0.000000	0.000000
358	0.000000	0.000000	0.000000	0.044450	0.950919	0.004631	0.000000	0.000000	0.000000
359	0.000000	0.000000	0.000000	0.044447	0.950830	0.004723	0.000000	0.000000	0.000000
360	0.000000	0.000000	0.000000	0.044605	0.950788	0.004607	0.000000	0.000000	0.000000
361	0.000000	0.000000	0.000000	0.044845	0.950463	0.004692	0.000000	0.000000	0.000000
362	0.000000	0.000000	0.000000	0.044981	0.950380	0.004639	0.000000	0.000000	0.000000
363	0.000000	0.000000	0.000000	0.044961	0.950341	0.004698	0.000000	0.000000	0.000000
364	0.000000	0.000000	0.000000	0.045050	0.950265	0.004685	0.000000	0.000000	0.000000
365	0.000000	0.000000	0.000000	0.045150	0.950212	0.004638	0.000000	0.000000	0.000000
366	0.000000	0.000000	0.000000	0.045151	0.950184	0.004665	0.000000	0.000000	0.000000
367	0.000000	0.000000	0.000000	0.045131	0.950237	0.004632	0.000000	0.000000	0.000000
368	0.000000	0.000000	0.000000	0.045004	0.950342	0.004654	0.000000	0.000000	0.000000
369	0.000000	0.000000	0.000000	0.044798	0.950528	0.004674	0.000000	0.000000	0.000000
370	0.000000	0.000000	0.000000	0.045021	0.950316	0.004663	0.000000	0.000000	0.000000
371	0.000000	0.000000	0.000000	0.045129	0.950240	0.004631	0.000000	0.000000	0.000000
372	0.000000	0.000000	0.000000	0.045235	0.950126	0.004639	0.000000	0.000000	0.000000
373	0.000000	0.000000	0.000000	0.044988	0.950413	0.004599	0.000000	0.000000	0.000000
374	0.000000	0.000000	0.000000	0.045099	0.950276	0.004625	0.000000	0.000000	0.000000
375	0.000000	0.000000	0.000000	0.045231	0.950024	0.004745	0.000000	0.000000	0.000000
376	0.000000	0.000000	0.000000	0.044997	0.950287	0.004716	0.000000	0.000000	0.000000
377	0.000000	0.000000	0.000000	0.044991	0.950293	0.004716	0.000000	0.000000	0.000000
378	0.000000	0.000000	0.000000	0.045163	0.950137	0.004700	0.000000	0.000000	0.000000
379	0.000000	0.000000	0.000000	0.045429	0.949842	0.004729	0.000000	0.000000	0.000000
380	0.000000	0.000000	0.000000	0.045070	0.950219	0.004711	0.000000	0.000000	0.000000
381	0.000000	0.000000	0.000000	0.045179	0.950069	0.004752	0.000000	0.000000	0.000000
382	0.000000	0.000000	0.000000	0.045210	0.950077	0.004713	0.000000	0.000000	0.000000
383	0.000000	0.000000	0.000000	0.045159	0.950176	0.004665	0.000000	0.000000	0.000000
384	0.000000	0.000000	0.000000	0.045310	0.950128	0.004562	0.000000	0.000000	0.000000
385	0.000000	0.000000	0.000000	0.045207	0.950234	0.004559	0.000000	0.000000	0.000000
386	0.000000	0.000000	0.000000	0.045191	0.950169	0.004640	0.000000	0.000000	0.000000
387	0.000000	0.000000	0.000000	0.045155	0.950185	0.004660	0.000000	0.000000	0.000000
388	0.000000	0.000000	0.000000	0.045149	0.950229	0.004622	0.000000	0.000000	0.000000
389	0.000000	0.000000	0.000000	0.045210	0.950164	0.004626	0.000000	0.000000	0.000000
390	0.000000	0.000000	0.000000	0.045250	0.950124	0.004626	0.000000	0.000000	0.000000
391	0.000000	0.000000	0.000000	0.045285	0.950120	0.004595	0.000000	0.000000	0.000000
392	0.000000	0.000000	0.000000	0.045266	0.950146	0.004588	0.000000	0.000000	0.000000
393	0.000000	0.000000	0.000000	0.045200	0.950200	0.004600	0.000000	0.000000	0.000000
394	0.000000	0.000000	0.000000	0.045517	0.949730	0.004753	0.000000	0.000000	0.000000
395	0.000000	0.000000	0.000000	0.045366	0.949913	0.004721	0.000000	0.000000	0.000000
396	0.000000	0.000000	0.000000	0.045348	0.950027	0.004625	0.000000	0.000000	0.000000
397	0.000000	0.000000	0.000000	0.045299	0.950045	0.004656	0.000000	0.000000	0.000000
398	0.000000	0.000000	0.000000	0.044987	0.950446	0.004567	0.000000	0.000000	0.000000
399	0.000000	0.000000	0.000000	0.045315	0.950130	0.004555	0.000000	0.000000	0.000000
400	0.000000	0.000000	0.000000	0.045246	0.950134	0.004620	0.000000	0.000000	0.000000
401	0.000000	0.000000	0.000000	0.045263	0.950209	0.004528	0.000000	0.000000	0.000000
402	0.000000	0.000000	0.000000	0.045192	0.950247	0.004561	0.000000	0.000000	0.000000
403	0.000000	0.000000	0.000000	0.045208	0.950164	0.004628	0.000000	0.000000	0.000000
404	0.000000	0.000000	0.000000	0.045060	0.950258	0.004682	0.000000	0.000000	0.000000
405	0.000000	0.000000	0.000000	0.045190	0.950107	0.004703	0.000000	0.000000	0.000000
406	0.000000	0.000000	0.000000	0.045189	0.950145	0.004666	0.000000	0.000000	0.000000
407	0.000000	0.000000	0.000000	0.044845	0.950500	0.004655	0.000000	0.000000	0.000000
408	0.000000	0.000000	0.000000	0.044913	0.950459	0.004628	0.000000	0.000000	0.000000
409	0.000000	0.000000	0.000000	0.044904	0.950432	0.004664	0.000000	0.000000	0.000000
410	0.000000	0.000000	0.000000	0.044811	0.950464	0.004725	0.000000	0.000000	0.000000
411	0.000000	0.000000	0.000000	0.044855	0.950442	0.004703	0.000000	0.000000	0.000000
412	0.000000	0.000000	0.000000	0.045142	0.950130	0.004728	0.000000	0.000000	0.000000
413	0.000000	0.000000	0.000000	0.045111	0.950254	0.004635	0.000000	0.000000	0.000000
414	0.000000	0.000000	0.000000	0.045009	0.950363	0.004628	0.000000	0.000000	0.000000
415	0.000000	0.000000	0.000000	0.045077	0.950164	0.004759	0.000000	0.000000	0.000000
416	0.000000	0.000000	0.000000	0.044708	0.950607	0.004685	0.000000	0.000000	0.000000
417	0.000000	0.000000	0.000000	0.044520	0.950837	0.004643	0.000000	0.000000	0.000000
418	0.000000	0.000000	0.000000	0.044637	0.950757	0.004606	0.000000	0.000000	0.000000
419	0.000000	0.000000	0.000000	0.044559	0.950921	0.004520	0.000000	0.000000	0.000000
420	0.000000	0.000000	0.000000	0.044512	0.950845	0.004643	0.000000	0.000000	0.000000
421	0.000000	0.000000	0.000000	0.044572	0.950822	0.004606	0.000000	0.000000	0.000000
422	0.000000	0.000000	0.000000	0.044632	0.950688	0.004680	0.000000	0.000000	0.000000
423	0.000000	0.000000	0.000000	0.044797	0.950445	0.004758	0.000000	0.000000	0.000000
424	0.000000	0.000000	0.000000	0.044580	0.950655	0.004765	0.000000	0.000000	0.000000
425	0.000000	0.000000	0.000000	0.044344	0.950841	0.004815	0.000000	0.000000	0.000000
426	0.000000	0.000000	0.000000	0.044277	0.950898	0.004825	0.000000	0.000000	0.000000
427	0.000000	0.000000	0.000000	0.044275	0.950918	0.004807	0.000000	0.000000	0.000000
428	0.000000	0.000000	0.000000	0.044406	0.950850	0.004744	0.000000	0.000000	0.000000
429	0.000000	0.000000	0.000000	0.044190	0.951096	0.004714	0.000000	0.000000	0.000000
430	0.000000	0.000000	0.000000	0.044361	0.950907	0.004732	0.000000	0.000000	0.000000
431	0.000000	0.000000	0.000000	0.044676	0.950575	0.004749	0.000000	0.000000	0.000000
432	0.000000	0.000000	0.000000	0.044653	0.950568	0.004779	0.000000	0.000000	0.000000
433	0.000000	0.000000	0.000000	0.045003	0.950181	0.004816	0.000000	0.000000	0.000000
434	0.000000	0.000000	0.000000	0.045098	0.950188	0.004714	0.000000	0.000000	0.000000
435	0.000000	0.000000	0.000000	0.045154	0.950175	0.004671	0.000000	0.000000	0.000000
436	0.000000	0.000000	0.000000	0.045029	0.950357	0.004614	0.000000	0.000000	0.000000
437	0.000000	0.000000	0.000000	0.044837	0.950469	0.004694	0.000000	0.000000	0.000000
438	0.000000	0.000000	0.000000	0.044838	0.950451	0.004711	0.000000	0.000000	0.000000
439	0.000000	0.000000	0.000000	0.044855	0.950437	0.004708	0.000000	0.000000	0.000000
440	0.000000	0.000000	0.000000	0.044932	0.950402	0.004666	0.000000	0.000000	0.000000
441	0.000000	0.000000	0.000000	0.045040	0.950260	0.004700	0.000000	0.000000	0.000000
442	0.000000	0.000000	0.000000	0.045111	0.950254	0.004635	0.000000	0.000000	0.000000
443	0.000000	0.000000	0.000000	0.045039	0.950305	0.004656	0.000000	0.000000	0.000000
444	0.000000	0.000000	0.000000	0.045157	0.950086	0.004757	0.000000	0.000000	0.000000
445	0.000000	0.000000	0.000000	0.045227	0.950003	0.004770	0.000000	0.000000	0.000000
446	0.000000	0.000000	0.000000	0.045385	0.949803	0.004812	0.000000	0.000000	0.000000
447	0.000000	0.000000	0.000000	0.045290	0.949948	0.004762	0.000000	0.000000	0.000000
448	0.000000	0.000000	0.000000	0.045189	0.950001	0.004810	0.000000	0.000000	0.000000
449	0.000000	0.000000	0.000000	0.045188	0.950077	0.004735	0.000000	0.000000	0.000000
450	0.000000	0.000000	0.000000	0.045439	0.949862	0.004699	0.000000	0.000000	0.000000
451	0.000000	0.000000	0.000000	0.045399	0.949949	0.004652	0.000000	0.000000	0.000000
452	0.000000	0.000000	0.000000	0.045508	0.949868	0.004624	0.000000	0.000000	0.000000
453	0.000000	0.000000	0.000000	0.045571	0.949768	0.004661	0.000000	0.000000	0.000000
454	0.000000	0.000000	0.000000	0.045557	0.949827	0.004616	0.000000	0.000000	0.000000
455	0.000000	0.000000	0.000000	0.045365	0.949990	0.004645	0.000000	0.000000	0.000000
456	0.000000	0.000000	0.000000	0.045026	0.950369	0.004605	0.000000	0.000000	0.000000
457	0.000000	0.000000	0.000000	0.045040	0.950354	0.004606	0.000000	0.000000	0.000000
458	0.000000	0.000000	0.000000	0.045054	0.950318	0.004628	0.000000	0.000000	0.000000
459	0.000000	0.000000	0.000000	0.044925	0.950378	0.004697	0.000000	0.000000	0.000000
460	0.000000	0.000000	0.000000	0.044882	0.950457	0.004661	0.000000	0.000000	0.000000
461	0.000000	0.000000	0.000000	0.044980	0.950377	0.004643	0.000000	0.000000	0.000000
462	0.000000	0.000000	0.000000	0.044796	0.950576	0.004628	0.000000	0.000000	0.000000
463	0.000000	0.000000	0.000000	0.044754	0.950594	0.004652	0.000000	0.000000	0.000000
464	0.000000	0.000000	0.000000	0.044582	0.950732	0.004686	0.000000	0.000000	0.000000
465	0.000000	0.000000	0.000000	0.044596	0.950813	0.004591	0.000000	0.000000	0.000000
466	0.000000	0.000000	0.000000	0.044568	0.950868	0.004564	0.000000	0.000000	0.000000
467	0.000000	0.000000	0.000000	0.044572	0.950898	0.004530	0.000000	0.000000	0.000000
468	0.000000	0.000000	0.000000	0.044223	0.951303	0.004474	0.000000	0.000000	0.000000
469	0.000000	0.000000	0.000000	0.044337	0.951184	0.004479	0.000000	0.000000	0.000000
470	0.000000	0.000000	0.000000	0.044529	0.950901	0.004570	0.000000	0.000000	0.000000
