0	0.290663	0.057897	0.229473	0.157588	0.029913	0.111872	0.085455	0.012259	0.024880
1	0.248505	0.051516	0.212504	0.135098	0.027753	0.115263	0.106094	0.020753	0.082514
2	0.263676	0.054330	0.222562	0.125920	0.026996	0.108109	0.096198	0.019067	0.083142
3	0.284002	0.057717	0.234385	0.116746	0.025969	0.099582	0.084646	0.016726	0.080227
4	0.304806	0.060847	0.245053	0.108306	0.025037	0.091338	0.073990	0.014694	0.075929
5	0.325009	0.063926	0.254556	0.099524	0.023950	0.083161	0.064927	0.012616	0.072331
6	0.345027	0.066955	0.263157	0.090759	0.023014	0.075276	0.056175	0.011077	0.068560
7	0.363905	0.069325	0.271115	0.082565	0.022078	0.068065	0.049075	0.009411	0.064461
8	0.381414	0.071367	0.278597	0.074691	0.021346	0.061012	0.042372	0.008294	0.060907
9	0.397183	0.073927	0.284382	0.067621	0.020408	0.054991	0.036770	0.007038	0.057680
10	0.412755	0.075428	0.289188	0.060890	0.019586	0.049366	0.031939	0.006134	0.054714
11	0.427134	0.076807	0.294139	0.054695	0.018684	0.044160	0.027851	0.005367	0.051163
12	0.439947	0.078238	0.297925	0.048859	0.017654	0.039568	0.024226	0.004676	0.048907
13	0.453168	0.079633	0.300253	0.043990	0.016881	0.035166	0.020919	0.003884	0.046106
14	0.464902	0.080273	0.302992	0.039209	0.016074	0.031680	0.018008	0.003411	0.043451
15	0.474476	0.081765	0.305509	0.035115	0.015309	0.028333	0.015705	0.002926	0.040862
16	0.484345	0.082614	0.307021	0.031293	0.014774	0.025046	0.013535	0.002512	0.038860
17	0.493386	0.083247	0.308850	0.027848	0.014087	0.022156	0.011869	0.002224	0.036333
18	0.501659	0.084034	0.310326	0.024444	0.013477	0.019453	0.010277	0.001924	0.034406
19	0.509060	0.085097	0.311128	0.021500	0.012804	0.017418	0.008880	0.001669	0.032444
20	0.515986	0.085812	0.311546	0.019304	0.012222	0.015390	0.007674	0.001446	0.030620
21	0.522171	0.086637	0.312009	0.017013	0.011690	0.013700	0.006778	0.001294	0.028708
22	0.528066	0.087212	0.312407	0.015215	0.010926	0.011900	0.005825	0.001088	0.027361
23	0.532335	0.087848	0.313363	0.013523	0.010507	0.010489	0.005100	0.001028	0.025807
24	0.537360	0.088160	0.313624	0.011906	0.009899	0.009231	0.004570	0.000864	0.024386
25	0.541751	0.088161	0.313869	0.010782	0.009408	0.008252	0.004082	0.000730	0.022965
26	0.545881	0.088414	0.314108	0.009564	0.009010	0.007202	0.003535	0.000649	0.021637
27	0.549741	0.088362	0.314047	0.008301	0.008720	0.006442	0.003149	0.000550	0.020688
28	0.552972	0.088417	0.314279	0.007511	0.008355	0.005748	0.002741	0.000475	0.019502
29	0.556356	0.088933	0.313828	0.006583	0.007874	0.005005	0.002422	0.000400	0.018599
30	0.559231	0.089314	0.313459	0.006081	0.007454	0.004439	0.002186	0.000366	0.017470
31	0.561673	0.089615	0.313511	0.005250	0.007168	0.003850	0.001851	0.000329	0.016753
32	0.564040	0.089453	0.313465	0.004612	0.006897	0.003462	0.001585	0.000289	0.016197
33	0.565769	0.089861	0.313398	0.004170	0.006587	0.003081	0.001418	0.000252	0.015464
34	0.568274	0.089933	0.312900	0.003687	0.006177	0.002866	0.001233	0.000212	0.014718
35	0.570230	0.089584	0.313185	0.003236	0.005925	0.002538	0.001088	0.000175	0.014039
36	0.571800	0.089523	0.313139	0.002945	0.005761	0.002242	0.000961	0.000150	0.013479
37	0.573063	0.089979	0.312783	0.002727	0.005467	0.002066	0.000910	0.000152	0.012853
38	0.573784	0.090172	0.313261	0.002494	0.005223	0.001856	0.000814	0.000130	0.012266
39	0.574973	0.090148	0.313475	0.002180	0.004953	0.001623	0.000729	0.000113	0.011806
40	0.575744	0.090008	0.313949	0.001999	0.004687	0.001447	0.000627	0.000106	0.011433
41	0.576200	0.090409	0.314283	0.001776	0.004529	0.001286	0.000533	0.000073	0.010911
42	0.577419	0.090134	0.314432	0.001576	0.004349	0.001149	0.000486	0.000066	0.010389
43	0.578469	0.089905	0.314652	0.001401	0.004091	0.001010	0.000446	0.000052	0.009974
44	0.579561	0.089688	0.314700	0.001287	0.003911	0.000953	0.000421	0.000060	0.009419
45	0.580456	0.089502	0.314666	0.001160	0.003794	0.000849	0.000351	0.000055	0.009167
46	0.581224	0.089189	0.314919	0.001074	0.003696	0.000756	0.000323	0.000049	0.008770
47	0.581780	0.088914	0.315350	0.000915	0.003538	0.000642	0.000289	0.000046	0.008526
48	0.582354	0.089142	0.315152	0.000867	0.003411	0.000630	0.000248	0.000044	0.008152
49	0.582926	0.089229	0.315125	0.000751	0.003285	0.000553	0.000216	0.000037	0.007878
50	0.583148	0.089248	0.315439	0.000698	0.003136	0.000468	0.000188	0.000024	0.007651
51	0.583895	0.089114	0.315525	0.000630	0.002886	0.000447	0.000180	0.000022	0.007301
52	0.584671	0.089121	0.315392	0.000560	0.002758	0.000394	0.000145	0.000018	0.006941
53	0.585687	0.088892	0.315063	0.000539	0.002672	0.000342	0.000130	0.000025	0.006650
54	0.586801	0.089228	0.314134	0.000484	0.002518	0.000290	0.000123	0.000028	0.006394
55	0.586617	0.089096	0.314826	0.000401	0.002460	0.000270	0.000117	0.000031	0.006182
56	0.586717	0.089236	0.314950	0.000358	0.002361	0.000242	0.000094	0.000029	0.006013
57	0.586973	0.089264	0.314978	0.000346	0.002263	0.000228	0.000104	0.000020	0.005824
58	0.587217	0.089317	0.315100	0.000329	0.002186	0.000215	0.000091	0.000017	0.005528
59	0.587399	0.088994	0.315593	0.000309	0.002026	0.000167	0.000081	0.000017	0.005414
60	0.588004	0.089208	0.315033	0.000280	0.001987	0.000145	0.000072	0.000014	0.005257
61	0.587594	0.089908	0.314981	0.000284	0.001862	0.000153	0.000060	0.000013	0.005145
62	0.588630	0.089784	0.314399	0.000258	0.001785	0.000121	0.000047	0.000010	0.004966
63	0.588864	0.090088	0.314108	0.000236	0.001773	0.000124	0.000048	0.000011	0.004748
64	0.588818	0.089999	0.314396	0.000198	0.001712	0.000130	0.000042	0.000007	0.004698
65	0.588736	0.090108	0.314679	0.000168	0.001653	0.000112	0.000034	0.000004	0.004506
66	0.588136	0.090467	0.315111	0.000153	0.001659	0.000103	0.000030	0.000008	0.004333
67	0.588345	0.090372	0.315312	0.000147	0.001560	0.000101	0.000028	0.000005	0.004130
68	0.588212	0.090407	0.315521	0.000130	0.001487	0.000114	0.000040	0.000001	0.004088
69	0.588424	0.090268	0.315559	0.000127	0.001414	0.000101	0.000034	0.000002	0.004071
70	0.588686	0.089737	0.316026	0.000108	0.001345	0.000094	0.000048	0.000000	0.003956
71	0.588314	0.089798	0.316546	0.000091	0.001295	0.000089	0.000041	0.000001	0.003825
72	0.588793	0.089720	0.316380	0.000081	0.001177	0.000067	0.000048	0.000000	0.003734
73	0.589319	0.089454	0.316293	0.000090	0.001130	0.000072	0.000043	0.000000	0.003599
74	0.589646	0.089590	0.315944	0.000081	0.001087	0.000063	0.000035	0.000000	0.003554
75	0.589505	0.089752	0.316089	0.000072	0.001029	0.000065	0.000033	0.000000	0.003455
76	0.589837	0.090286	0.315331	0.000057	0.001005	0.000057	0.000026	0.000000	0.003401
77	0.589854	0.090300	0.315394	0.000058	0.000987	0.000058	0.000021	0.000000	0.003328
78	0.589993	0.090071	0.315607	0.000062	0.000933	0.000054	0.000027	0.000000	0.003253
79	0.589307	0.090621	0.315911	0.000045	0.000908	0.000053	0.000020	0.000000	0.003135
80	0.589652	0.090760	0.315522	0.000058	0.000886	0.000042	0.000014	0.000000	0.003066
81	0.589670	0.090996	0.315277	0.000058	0.000891	0.000042	0.000008	0.000000	0.003058
82	0.589835	0.090950	0.315303	0.000055	0.000878	0.000042	0.000005	0.000000	0.002932
83	0.589910	0.091002	0.315301	0.000054	0.000818	0.000032	0.000005	0.000000	0.002878
84	0.590175	0.090898	0.315123	0.000053	0.000867	0.000034	0.000005	0.000000	0.002845
85	0.590251	0.090950	0.315108	0.000040	0.000801	0.000031	0.000003	0.000000	0.002816
86	0.589620	0.091116	0.315699	0.000029	0.000799	0.000033	0.000001	0.000000	0.002703
87	0.589694	0.091422	0.315536	0.000025	0.000744	0.000034	0.000001	0.000000	0.002544
88	0.589632	0.091785	0.315371	0.000025	0.000713	0.000031	0.000001	0.000000	0.002442
89	0.588946	0.092319	0.315657	0.000030	0.000664	0.000025	0.000000	0.000000	0.002359
90	0.589036	0.092430	0.315505	0.000037	0.000627	0.000015	0.000001	0.000000	0.002349
91	0.588774	0.092573	0.315755	0.000034	0.000615	0.000015	0.000000	0.000000	0.002234
92	0.589400	0.092143	0.315564	0.000033	0.000618	0.000017	0.000000	0.000000	0.002225
93	0.589065	0.092193	0.315894	0.000031	0.000594	0.000017	0.000000	0.000000	0.002206
94	0.589150	0.092063	0.316000	0.000022	0.000568	0.000020	0.000000	0.000000	0.002177
95	0.588770	0.092189	0.316281	0.000019	0.000537	0.000018	0.000000	0.000000	0.002186
96	0.588989	0.091963	0.316373	0.000018	0.000544	0.000018	0.000000	0.000000	0.002095
97	0.588969	0.091783	0.316636	0.000017	0.000523	0.000014	0.000000	0.000000	0.002058
98	0.589109	0.091856	0.316480	0.000014	0.000529	0.000009	0.000000	0.000000	0.002003
99	0.589587	0.091581	0.316397	0.000014	0.000494	0.000011	0.000000	0.000000	0.001916
100	0.589438	0.091454	0.316682	0.000013	0.000510	0.000017	0.000000	0.000000	0.001886
101	0.589238	0.091493	0.316912	0.000009	0.000490	0.000012	0.000000	0.000000	0.001846
102	0.588654	0.091569	0.317524	0.000009	0.000485	0.000009	0.000000	0.000000	0.001750
103	0.588789	0.091393	0.317590	0.000006	0.000479	0.000003	0.000000	0.000000	0.001740
104	0.589268	0.091545	0.316995	0.000002	0.000471	0.000006	0.000000	0.000000	0.001713
105	0.589538	0.091488	0.316825	0.000011	0.000444	0.000006	0.000000	0.000000	0.001688
106	0.589379	0.091757	0.316791	0.000004	0.000441	0.000003	0.000000	0.000000	0.001625
107	0.589234	0.091878	0.316927	0.000005	0.000427	0.000002	0.000000	0.000000	0.001527
108	0.589069	0.092019	0.316976	0.000006	0.000454	0.000001	0.000000	0.000000	0.001475
109	0.588866	0.092165	0.317062	0.000008	0.000434	0.000000	0.000000	0.000000	0.001465
110	0.589023	0.091720	0.317487	0.000006	0.000390	0.000000	0.000000	0.000000	0.001374
111	0.588746	0.092007	0.317519	0.000007	0.000386	0.000000	0.000000	0.000000	0.001335
112	0.589081	0.091628	0.317525	0.000003	0.000406	0.000000	0.000000	0.000000	0.001357
113	0.589089	0.091617	0.317493	0.000001	0.000402	0.000000	0.000000	0.000000	0.001398
114	0.588784	0.091969	0.317513	0.000001	0.000441	0.000000	0.000000	0.000000	0.001292
115	0.587822	0.092434	0.318044	0.000003	0.000422	0.000000	0.000000	0.000000	0.001275
116	0.588503	0.092056	0.317700	0.000000	0.000445	0.000000	0.000000	0.000000	0.001296
117	0.588691	0.092209	0.317381	0.000002	0.000429	0.000000	0.000000	0.000000	0.001288
118	0.589075	0.091593	0.317594	0.000001	0.000446	0.000000	0.000000	0.000000	0.001291
119	0.589315	0.091632	0.317346	0.000002	0.000448	0.000000	0.000000	0.000000	0.001257
120	0.588999	0.091418	0.317951	0.000002	0.000430	0.000000	0.000000	0.000000	0.001200
121	0.588965	0.091207	0.318202	0.000003	0.000425	0.000000	0.000000	0.000000	0.001198
122	0.588491	0.091516	0.318408	0.000002	0.000430	0.000000	0.000000	0.000000	0.001153
123	0.588306	0.091242	0.318859	0.000004	0.000411	0.000000	0.000000	0.000000	0.001178
124	0.588411	0.091173	0.318774	0.000002	0.000436	0.000000	0.000000	0.000000	0.001204
125	0.588538	0.091234	0.318658	0.000003	0.000437	0.000000	0.000000	0.000000	0.001130
126	0.588255	0.091608	0.318607	0.000002	0.000427	0.000000	0.000000	0.000000	0.001101
127	0.588026	0.091841	0.318608	0.000004	0.000418	0.000000	0.000000	0.000000	0.001103
128	0.587801	0.092055	0.318654	0.000003	0.000423	0.000000	0.000000	0.000000	0.001064
129	0.587737	0.092087	0.318696	0.000004	0.000413	0.000000	0.000000	0.000000	0.001063
130	0.587836	0.091776	0.318891	0.000004	0.000409	0.000000	0.000000	0.000000	0.001084
131	0.588077	0.091677	0.318757	0.000003	0.000418	0.000000	0.000000	0.000000	0.001068
132	0.588427	0.091473	0.318590	0.000001	0.000417	0.000000	0.000000	0.000000	0.001092
133	0.587513	0.092059	0.318950	0.000001	0.000400	0.000000	0.000000	0.000000	0.001077
134	0.587643	0.092014	0.318885	0.000001	0.000401	0.000000	0.000000	0.000000	0.001056
135	0.587450	0.092221	0.318922	0.000003	0.000378	0.000000	0.000000	0.000000	0.001026
136	0.587185	0.092131	0.319300	0.000001	0.000370	0.000000	0.000000	0.000000	0.001013
137	0.587920	0.091981	0.318678	0.000002	0.000392	0.000000	0.000000	0.000000	0.001027
138	0.587897	0.091855	0.318801	0.000001	0.000393	0.000000	0.000000	0.000000	0.001053
139	0.587338	0.091871	0.319391	0.000000	0.000351	0.000000	0.000000	0.000000	0.001049
140	0.587290	0.091662	0.319640	0.000000	0.000362	0.000000	0.000000	0.000000	0.001046
141	0.587282	0.091654	0.319627	0.000000	0.000340	0.000000	0.000000	0.000000	0.001097
142	0.586889	0.091627	0.320091	0.000000	0.000319	0.000000	0.000000	0.000000	0.001074
143	0.586854	0.091903	0.319875	0.000000	0.000290	0.000000	0.000000	0.000000	0.001078
144	0.587060	0.091633	0.319968	0.000000	0.000281	0.000000	0.000000	0.000000	0.001058
145	0.587562	0.091415	0.319712	0.000000	0.000286	0.000000	0.000000	0.000000	0.001025
146	0.587773	0.091323	0.319595	0.000000	0.000270	0.000000	0.000000	0.000000	0.001039
147	0.588070	0.091249	0.319364	0.000000	0.000272	0.000000	0.000000	0.000000	0.001045
148	0.588259	0.091210	0.319205	0.000000	0.000290	0.000000	0.000000	0.000000	0.001036
149	0.587849	0.091535	0.319324	0.000000	0.000248	0.000000	0.000000	0.000000	0.001044
150	0.587922	0.091576	0.319264	0.000000	0.000248	0.000000	0.000000	0.000000	0.000990
151	0.588081	0.091227	0.319441	0.000000	0.000265	0.000000	0.000000	0.000000	0.000986
152	0.588101	0.091260	0.319398	0.000000	0.000248	0.000000	0.000000	0.000000	0.000993
153	0.588497	0.091192	0.319148	0.000000	0.000238	0.000000	0.000000	0.000000	0.000925
154	0.588545	0.091398	0.318887	0.000000	0.000248	0.000000	0.000000	0.000000	0.000922
155	0.588673	0.091240	0.318964	0.000000	0.000247	0.000000	0.000000	0.000000	0.000876
156	0.588562	0.091197	0.319101	0.000000	0.000243	0.000000	0.000000	0.000000	0.000897
157	0.588971	0.091283	0.318679	0.000000	0.000220	0.000000	0.000000	0.000000	0.000847
158	0.589787	0.090818	0.318331	0.000000	0.000216	0.000000	0.000000	0.000000	0.000848
159	0.589347	0.090897	0.318707	0.000000	0.000214	0.000000	0.000000	0.000000	0.000835
160	0.588918	0.091086	0.318983	0.000000	0.000210	0.000000	0.000000	0.000000	0.000803
161	0.589143	0.091428	0.318458	0.000000	0.000194	0.000000	0.000000	0.000000	0.000777
162	0.588953	0.091064	0.319032	0.000000	0.000208	0.000000	0.000000	0.000000	0.000743
163	0.589584	0.090831	0.318660	0.000000	0.000199	0.000000	0.000000	0.000000	0.000726
164	0.589724	0.090830	0.318552	0.000000	0.000205	0.000000	0.000000	0.000000	0.000689
165	0.589604	0.090856	0.318631	0.000000	0.000212	0.000000	0.000000	0.000000	0.000697
166	0.589629	0.090722	0.318773	0.000000	0.000206	0.000000	0.000000	0.000000	0.000670
167	0.589335	0.090251	0.319565	0.000000	0.000208	0.000000	0.000000	0.000000	0.000641
168	0.589013	0.090399	0.319754	0.000000	0.000186	0.000000	0.000000	0.000000	0.000648
169	0.589206	0.090351	0.319636	0.000000	0.000189	0.000000	0.000000	0.000000	0.000618
170	0.590080	0.090196	0.318955	0.000000	0.000168	0.000000	0.000000	0.000000	0.000601
171	0.590067	0.089926	0.319297	0.000000	0.000160	0.000000	0.000000	0.000000	0.000550
172	0.589655	0.090579	0.319082	0.000000	0.000153	0.000000	0.000000	0.000000	0.000531
173	0.590333	0.090022	0.318997	0.000000	0.000133	0.000000	0.000000	0.000000	0.000515
174	0.589317	0.090349	0.319670	0.000000	0.000125	0.000000	0.000000	0.000000	0.000539
175	0.588975	0.090110	0.320298	0.000000	0.000120	0.000000	0.000000	0.000000	0.000497
176	0.589325	0.090368	0.319680	0.000000	0.000120	0.000000	0.000000	0.000000	0.000507
177	0.589216	0.090450	0.319723	0.000000	0.000121	0.000000	0.000000	0.000000	0.000490
178	0.589648	0.090347	0.319399	0.000000	0.000124	0.000000	0.000000	0.000000	0.000482
179	0.590049	0.090608	0.318746	0.000000	0.000120	0.000000	0.000000	0.000000	0.000477
180	0.590598	0.090505	0.318310	0.000000	0.000107	0.000000	0.000000	0.000000	0.000480
181	0.590606	0.090426	0.318360	0.000000	0.000097	0.000000	0.000000	0.000000	0.000511
182	0.590071	0.090496	0.318809	0.000000	0.000101	0.000000	0.000000	0.000000	0.000523
183	0.589907	0.090323	0.319171	0.000000	0.000109	0.000000	0.000000	0.000000	0.000490
184	0.589752	0.090860	0.318805	0.000000	0.000105	0.000000	0.000000	0.000000	0.000478
185	0.589303	0.090830	0.319294	0.000000	0.000100	0.000000	0.000000	0.000000	0.000473
186	0.589694	0.090850	0.318900	0.000000	0.000098	0.000000	0.000000	0.000000	0.000458
187	0.589835	0.090892	0.318720	0.000000	0.000089	0.000000	0.000000	0.000000	0.000464
188	0.589659	0.090842	0.318967	0.000000	0.000094	0.000000	0.000000	0.000000	0.000438
189	0.590082	0.090791	0.318579	0.000000	0.000105	0.000000	0.000000	0.000000	0.000443
190	0.589697	0.090828	0.318923	0.000000	0.000113	0.000000	0.000000	0.000000	0.000439
191	0.590093	0.091057	0.318309	0.000000	0.000110	0.000000	0.000000	0.000000	0.000431
192	0.590436	0.090901	0.318151	0.000000	0.000108	0.000000	0.000000	0.000000	0.000404
193	0.590106	0.091034	0.318364	0.000000	0.000100	0.000000	0.000000	0.000000	0.000396
194	0.590264	0.091134	0.318126	0.000000	0.000107	0.000000	0.000000	0.000000	0.000369
195	0.590584	0.091291	0.317650	0.000000	0.000108	0.000000	0.000000	0.000000	0.000367
196	0.590639	0.091346	0.317565	0.000000	0.000108	0.000000	0.000000	0.000000	0.000342
197	0.590634	0.090992	0.317883	0.000000	0.000105	0.000000	0.000000	0.000000	0.000386
198	0.590419	0.091454	0.317667	0.000000	0.000094	0.000000	0.000000	0.000000	0.000366
199	0.591284	0.091361	0.316891	0.000000	0.000107	0.000000	0.000000	0.000000	0.000357
200	0.591261	0.091272	0.317022	0.000000	0.000106	0.000000	0.000000	0.000000	0.000339
201	0.590752	0.091165	0.317661	0.000000	0.000088	0.000000	0.000000	0.000000	0.000334
202	0.590894	0.091088	0.317574	0.000000	0.000093	0.000000	0.000000	0.000000	0.000351
203	0.590538	0.091179	0.317846	0.000000	0.000094	0.000000	0.000000	0.000000	0.000343
204	0.589902	0.091470	0.318192	0.000000	0.000096	0.000000	0.000000	0.000000	0.000340
205	0.589773	0.091382	0.318391	0.000000	0.000100	0.000000	0.000000	0.000000	0.000354
206	0.589714	0.091758	0.318081	0.000000	0.000111	0.000000	0.000000	0.000000	0.000336
207	0.589771	0.091803	0.317957	0.000000	0.000105	0.000000	0.000000	0.000000	0.000364
208	0.589634	0.092215	0.317691	0.000000	0.000117	0.000000	0.000000	0.000000	0.000343
209	0.589936	0.092284	0.317339	0.000000	0.000093	0.000000	0.000000	0.000000	0.000348
210	0.589731	0.092206	0.317616	0.000000	0.000104	0.000000	0.000000	0.000000	0.000343
211	0.589464	0.092314	0.317812	0.000000	0.000101	0.000000	0.000000	0.000000	0.000309
212	0.589359	0.092209	0.318005	0.000000	0.000118	0.000000	0.000000	0.000000	0.000309
213	0.589640	0.092065	0.317899	0.000000	0.000117	0.000000	0.000000	0.000000	0.000279
214	0.589382	0.091931	0.318300	0.000000	0.000112	0.000000	0.000000	0.000000	0.000275
215	0.588671	0.091867	0.319074	0.000000	0.000112	0.000000	0.000000	0.000000	0.000276
216	0.588486	0.092004	0.319120	0.000000	0.000103	0.000000	0.000000	0.000000	0.000287
217	0.588478	0.092241	0.318882	0.000000	0.000095	0.000000	0.000000	0.000000	0.000304
218	0.588701	0.092322	0.318597	0.000000	0.000095	0.000000	0.000000	0.000000	0.000285
219	0.588178	0.092386	0.319065	0.000000	0.000097	0.000000	0.000000	0.000000	0.000274
220	0.588832	0.092610	0.318227	0.000000	0.000086	0.000000	0.000000	0.000000	0.000245
221	0.588323	0.092940	0.318401	0.000000	0.000083	0.000000	0.000000	0.000000	0.000253
222	0.588556	0.093021	0.318077	0.000000	0.000084	0.000000	0.000000	0.000000	0.000262
223	0.588612	0.093005	0.318039	0.000000	0.000091	0.000000	0.000000	0.000000	0.000253
224	0.588873	0.092527	0.318257	0.000000	0.000083	0.000000	0.000000	0.000000	0.000260
225	0.588997	0.092382	0.318282	0.000000	0.000091	0.000000	0.000000	0.000000	0.000248
226	0.589162	0.092352	0.318156	0.000000	0.000076	0.000000	0.000000	0.000000	0.000254
227	0.588774	0.092489	0.318367	0.000000	0.000085	0.000000	0.000000	0.000000	0.000285
228	0.589078	0.092490	0.318060	0.000000	0.000098	0.000000	0.000000	0.000000	0.000274
229	0.589213	0.092502	0.317944	0.000000	0.000101	0.000000	0.000000	0.000000	0.000240
230	0.589831	0.092396	0.317448	0.000000	0.000083	0.000000	0.000000	0.000000	0.000242
231	0.590264	0.092655	0.316750	0.000000	0.000091	0.000000	0.000000	0.000000	0.000240
232	0.589701	0.092708	0.317278	0.000000	0.000093	0.000000	0.000000	0.000000	0.000220
233	0.589162	0.093231	0.317319	0.000000	0.000090	0.000000	0.000000	0.000000	0.000198
234	0.588719	0.093691	0.317307	0.000000	0.000086	0.000000	0.000000	0.000000	0.000197
235	0.589008	0.093586	0.317125	0.000000	0.000088	0.000000	0.000000	0.000000	0.000193
236	0.588770	0.093655	0.317321	0.000000	0.000072	0.000000	0.000000	0.000000	0.000182
237	0.588852	0.093458	0.317414	0.000000	0.000079	0.000000	0.000000	0.000000	0.000197
238	0.589266	0.092956	0.317515	0.000000	0.000069	0.000000	0.000000	0.000000	0.000194
239	0.588982	0.093028	0.317742	0.000000	0.000069	0.000000	0.000000	0.000000	0.000179
240	0.588756	0.093015	0.317988	0.000000	0.000059	0.000000	0.000000	0.000000	0.000182
241	0.589118	0.092900	0.317728	0.000000	0.000067	0.000000	0.000000	0.000000	0.000187
242	0.588516	0.092833	0.318398	0.000000	0.000070	0.000000	0.000000	0.000000	0.000183
243	0.588387	0.092936	0.318392	0.000000	0.000086	0.000000	0.000000	0.000000	0.000199
244	0.588429	0.093106	0.318188	0.000000	0.000075	0.000000	0.000000	0.000000	0.000202
245	0.588560	0.093502	0.317650	0.000000	0.000088	0.000000	0.000000	0.000000	0.000200
246	0.588465	0.093261	0.317996	0.000000	0.000076	0.000000	0.000000	0.000000	0.000202
247	0.588646	0.093399	0.317683	0.000000	0.000083	0.000000	0.000000	0.000000	0.000189
248	0.588028	0.093430	0.318286	0.000000	0.000068	0.000000	0.000000	0.000000	0.000188
249	0.587444	0.093844	0.318423	0.000000	0.000082	0.000000	0.000000	0.000000	0.000207
250	0.587522	0.093357	0.318831	0.000000	0.000080	0.000000	0.000000	0.000000	0.000210
251	0.587651	0.093035	0.319022	0.000000	0.000074	0.000000	0.000000	0.000000	0.000218
252	0.586818	0.093333	0.319577	0.000000	0.000072	0.000000	0.000000	0.000000	0.000200
253	0.587015	0.093280	0.319418	0.000000	0.000071	0.000000	0.000000	0.000000	0.000216
254	0.587478	0.093150	0.319119	0.000000	0.000050	0.000000	0.000000	0.000000	0.000203
255	0.587715	0.093175	0.318857	0.000000	0.000050	0.000000	0.000000	0.000000	0.000203
256	0.587737	0.093135	0.318896	0.000000	0.000038	0.000000	0.000000	0.000000	0.000194
257	0.587776	0.093244	0.318739	0.000000	0.000049	0.000000	0.000000	0.000000	0.000192
258	0.587698	0.093111	0.318949	0.000000	0.000050	0.000000	0.000000	0.000000	0.000192
259	0.587283	0.093176	0.319339	0.000000	0.000038	0.000000	0.000000	0.000000	0.000164
260	0.587547	0.093232	0.319016	0.000000	0.000039	0.000000	0.000000	0.000000	0.000166
261	0.587010	0.093135	0.319656	0.000000	0.000037	0.000000	0.000000	0.000000	0.000162
262	0.587038	0.093265	0.319510	0.000000	0.000035	0.000000	0.000000	0.000000	0.000152
263	0.586923	0.093325	0.319571	0.000000	0.000033	0.000000	0.000000	0.000000	0.000148
264	0.587044	0.093172	0.319589	0.000000	0.000039	0.000000	0.000000	0.000000	0.000156
265	0.587136	0.092923	0.319747	0.000000	0.000044	0.000000	0.000000	0.000000	0.000150
266	0.587590	0.092682	0.319532	0.000000	0.000040	0.000000	0.000000	0.000000	0.000156
267	0.587641	0.092732	0.319406	0.000000	0.000045	0.000000	0.000000	0.000000	0.000176
268	0.587133	0.092787	0.319861	0.000000	0.000045	0.000000	0.000000	0.000000	0.000174
269	0.587176	0.093178	0.319425	0.000000	0.000039	0.000000	0.000000	0.000000	0.000182
270	0.586725	0.093019	0.320027	0.000000	0.000043	0.000000	0.000000	0.000000	0.000186
271	0.586428	0.093159	0.320182	0.000000	0.000040	0.000000	0.000000	0.000000	0.000191
272	0.586062	0.093195	0.320505	0.000000	0.000031	0.000000	0.000000	0.000000	0.000207
273	0.585986	0.093475	0.320303	0.000000	0.000038	0.000000	0.000000	0.000000	0.000198
274	0.585352	0.093611	0.320784	0.000000	0.000035	0.000000	0.000000	0.000000	0.000218
275	0.585093	0.093717	0.320926	0.000000	0.000036	0.000000	0.000000	0.000000	0.000228
276	0.584527	0.093709	0.321519	0.000000	0.000032	0.000000	0.000000	0.000000	0.000213
277	0.584512	0.093469	0.321767	0.000000	0.000026	0.000000	0.000000	0.000000	0.000226
278	0.585018	0.093139	0.321581	0.000000	0.000031	0.000000	0.000000	0.000000	0.000231
279	0.584903	0.093370	0.321471	0.000000	0.000031	0.000000	0.000000	0.000000	0.000225
280	0.584494	0.092854	0.322356	0.000000	0.000036	0.000000	0.000000	0.000000	0.000260
281	0.584483	0.092825	0.322406	0.000000	0.000035	0.000000	0.000000	0.000000	0.000251
282	0.583537	0.093047	0.323135	0.000000	0.000034	0.000000	0.000000	0.000000	0.000247
283	0.583953	0.093095	0.322664	0.000000	0.000041	0.000000	0.000000	0.000000	0.000247
284	0.583652	0.093191	0.322897	0.000000	0.000034	0.000000	0.000000	0.000000	0.000226
285	0.584086	0.092854	0.322811	0.000000	0.000038	0.000000	0.000000	0.000000	0.000211
286	0.584054	0.093276	0.322428	0.000000	0.000038	0.000000	0.000000	0.000000	0.000204
287	0.583477	0.093296	0.322999	0.000000	0.000035	0.000000	0.000000	0.000000	0.000193
288	0.583412	0.093151	0.323220	0.000000	0.000027	0.000000	0.000000	0.000000	0.000190
289	0.584072	0.093201	0.322509	0.000000	0.000022	0.000000	0.000000	0.000000	0.000196
290	0.584064	0.093437	0.322270	0.000000	0.000024	0.000000	0.000000	0.000000	0.000205
291	0.583262	0.093653	0.322849	0.000000	0.000038	0.000000	0.000000	0.000000	0.000198
292	0.583621	0.093845	0.322321	0.000000	0.000031	0.000000	0.000000	0.000000	0.000182
293	0.583671	0.093603	0.322511	0.000000	0.000038	0.000000	0.000000	0.000000	0.000177
294	0.583200	0.093450	0.323140	0.000000	0.000044	0.000000	0.000000	0.000000	0.000166
295	0.583104	0.093493	0.323208	0.000000	0.000030	0.000000	0.000000	0.000000	0.000165
296	0.583149	0.093438	0.323220	0.000000	0.000035	0.000000	0.000000	0.000000	0.000158
297	0.582984	0.093313	0.323502	0.000000	0.000037	0.000000	0.000000	0.000000	0.000164
298	0.582550	0.093272	0.323980	0.000000	0.000031	0.000000	0.000000	0.000000	0.000167
299	0.582656	0.093188	0.323942	0.000000	0.000034	0.000000	0.000000	0.000000	0.000180
300	0.582600	0.093174	0.324017	0.000000	0.000037	0.000000	0.000000	0.000000	0.000172
301	0.582673	0.093293	0.323833	0.000000	0.000038	0.000000	0.000000	0.000000	0.000163
302	0.582681	0.093340	0.323767	0.000000	0.000043	0.000000	0.000000	0.000000	0.000169
303	0.582793	0.093754	0.323254	0.000000	0.000041	0.000000	0.000000	0.000000	0.000158
304	0.582055	0.094308	0.323450	0.000000	0.000031	0.000000	0.000000	0.000000	0.000156
305	0.582206	0.094306	0.323291	0.000000	0.000030	0.000000	0.000000	0.000000	0.000167
306	0.582355	0.094569	0.322898	0.000000	0.000029	0.000000	0.000000	0.000000	0.000149
307	0.581802	0.094905	0.323125	0.000000	0.000019	0.000000	0.000000	0.000000	0.000149
308	0.581872	0.094920	0.323034	0.000000	0.000021	0.000000	0.000000	0.000000	0.000153
309	0.581307	0.095062	0.323446	0.000000	0.000030	0.000000	0.000000	0.000000	0.000155
310	0.581502	0.094904	0.323409	0.000000	0.000036	0.000000	0.000000	0.000000	0.000149
311	0.581804	0.094825	0.323216	0.000000	0.000033	0.000000	0.000000	0.000000	0.000122
312	0.582094	0.094645	0.323098	0.000000	0.000037	0.000000	0.000000	0.000000	0.000126
313	0.581353	0.094876	0.323591	0.000000	0.000039	0.000000	0.000000	0.000000	0.000141
314	0.580587	0.094874	0.324373	0.000000	0.000038	0.000000	0.000000	0.000000	0.000128
315	0.580984	0.094796	0.324029	0.000000	0.000048	0.000000	0.000000	0.000000	0.000143
316	0.580860	0.094717	0.324246	0.000000	0.000040	0.000000	0.000000	0.000000	0.000137
317	0.580425	0.095085	0.324305	0.000000	0.000048	0.000000	0.000000	0.000000	0.000137
318	0.580278	0.095153	0.324405	0.000000	0.000044	0.000000	0.000000	0.000000	0.000120
319	0.579750	0.095558	0.324525	0.000000	0.000046	0.000000	0.000000	0.000000	0.000121
320	0.579814	0.095307	0.324708	0.000000	0.000045	0.000000	0.000000	0.000000	0.000126
321	0.579631	0.095269	0.324913	0.000000	0.000046	0.000000	0.000000	0.000000	0.000141
322	0.579033	0.095187	0.325607	0.000000	0.000045	0.000000	0.000000	0.000000	0.000128
323	0.579254	0.095244	0.325336	0.000000	0.000041	0.000000	0.000000	0.000000	0.000125
324	0.579163	0.095154	0.325501	0.000000	0.000051	0.000000	0.000000	0.000000	0.000131
325	0.579341	0.095068	0.325423	0.000000	0.000048	0.000000	0.000000	0.000000	0.000120
326	0.578898	0.095271	0.325669	0.000000	0.000043	0.000000	0.000000	0.000000	0.000119
327	0.579281	0.095219	0.325333	0.000000	0.000052	0.000000	0.000000	0.000000	0.000115
328	0.580168	0.095225	0.324460	0.000000	0.000036	0.000000	0.000000	0.000000	0.000111
329	0.580748	0.094861	0.324234	0.000000	0.000041	0.000000	0.000000	0.000000	0.000116
330	0.580647	0.095039	0.324154	0.000000	0.000048	0.000000	0.000000	0.000000	0.000112
331	0.580587	0.094859	0.324392	0.000000	0.000043	0.000000	0.000000	0.000000	0.000119
332	0.580528	0.094959	0.324346	0.000000	0.000049	0.000000	0.000000	0.000000	0.000118
333	0.581121	0.095043	0.323658	0.000000	0.000061	0.000000	0.000000	0.000000	0.000117
334	0.581832	0.094729	0.323281	0.000000	0.000056	0.000000	0.000000	0.000000	0.000102
335	0.582431	0.094821	0.322576	0.000000	0.000071	0.000000	0.000000	0.000000	0.000101
336	0.582366	0.094537	0.322921	0.000000	0.000071	0.000000	0.000000	0.000000	0.000105
337	0.582546	0.094738	0.322551	0.000000	0.000063	0.000000	0.000000	0.000000	0.000102
338	0.582459	0.094689	0.322704	0.000000	0.000060	0.000000	0.000000	0.000000	0.000088
339	0.582491	0.094762	0.322608	0.000000	0.000051	0.000000	0.000000	0.000000	0.000088
340	0.582311	0.094401	0.323153	0.000000	0.000056	0.000000	0.000000	0.000000	0.000079
341	0.581845	0.094364	0.323653	0.000000	0.000061	0.000000	0.000000	0.000000	0.000077
342	0.581941	0.094432	0.323485	0.000000	0.000065	0.000000	0.000000	0.000000	0.000077
343	0.581728	0.093999	0.324137	0.000000	0.000064	0.000000	0.000000	0.000000	0.000072
344	0.581700	0.094215	0.323949	0.000000	0.000067	0.000000	0.000000	0.000000	0.000069
345	0.581509	0.094223	0.324135	0.000000	0.000068	0.000000	0.000000	0.000000	0.000065
346	0.581189	0.094711	0.323964	0.000000	0.000079	0.000000	0.000000	0.000000	0.000057
347	0.581399	0.094308	0.324168	0.000000	0.000071	0.000000	0.000000	0.000000	0.000054
348	0.581462	0.094520	0.323911	0.000000	0.000059	0.000000	0.000000	0.000000	0.000048
349	0.581960	0.094619	0.323312	0.000000	0.000061	0.000000	0.000000	0.000000	0.000048
350	0.581827	0.094425	0.323648	0.000000	0.000052	0.000000	0.000000	0.000000	0.000048
351	0.581737	0.094633	0.323546	0.000000	0.000047	0.000000	0.000000	0.000000	0.000037
352	0.581387	0.094435	0.324087	0.000000	0.000054	0.000000	0.000000	0.000000	0.000037
353	0.581948	0.094401	0.323565	0.000000	0.000054	0.000000	0.000000	0.000000	0.000032
354	0.582057	0.093946	0.323906	0.000000	0.000059	0.000000	0.000000	0.000000	0.000032
355	0.581383	0.094281	0.324239	0.000000	0.000071	0.000000	0.000000	0.000000	0.000026
356	0.581492	0.094256	0.324159	0.000000	0.000063	0.000000	0.000000	0.000000	0.000030
357	0.581182	0.094192	0.324546	0.000000	0.000057	0.000000	0.000000	0.000000	0.000023
358	0.581461	0.094152	0.324317	0.000000	0.000050	0.000000	0.000000	0.000000	0.000020
359	0.581411	0.094144	0.324374	0.000000	0.000053	0.000000	0.000000	0.000000	0.000018
360	0.581127	0.094500	0.324301	0.000000	0.000060	0.000000	0.000000	0.000000	0.000012
361	0.580534	0.094434	0.324962	0.000000	0.000062	0.000000	0.000000	0.000000	0.000008
362	0.580714	0.094435	0.324787	0.000000	0.000057	0.000000	0.000000	0.000000	0.000007
363	0.580797	0.094711	0.324426	0.000000	0.000061	0.000000	0.000000	0.000000	0.000005
364	0.581140	0.094584	0.324224	0.000000	0.000050	0.000000	0.000000	0.000000	0.000002
365	0.580542	0.094658	0.324742	0.000000	0.000056	0.000000	0.000000	0.000000	0.000002
366	0.581060	0.094421	0.324458	0.000000	0.000059	0.000000	0.000000	0.000000	0.000002
367	0.580613	0.094600	0.324736	0.000000	0.000051	0.000000	0.000000	0.000000	0.000000
368	0.580620	0.094425	0.324897	0.000000	0.000057	0.000000	0.000000	0.000000	0.000001
369	0.580849	0.094564	0.324533	0.000000	0.000052	0.000000	0.000000	0.000000	0.000002
370	0.580858	0.094520	0.324571	0.000000	0.000049	0.000000	0.000000	0.000000	0.000002
371	0.581217	0.094348	0.324388	0.000000	0.000045	0.000000	0.000000	0.000000	0.000002
372	0.581008	0.094493	0.324459	0.000000	0.000039	0.000000	0.000000	0.000000	0.000001
373	0.581065	0.094474	0.324419	0.000000	0.000042	0.000000	0.000000	0.000000	0.000000
374	0.580846	0.094374	0.324731	0.000000	0.000049	0.000000	0.000000	0.000000	0.000000
375	0.580488	0.094469	0.325000	0.000000	0.000043	0.000000	0.000000	0.000000	0.000000
376	0.579244	0.094709	0.326003	0.000000	0.000044	0.000000	0.000000	0.000000	0.000000
377	0.579422	0.094904	0.325623	0.000000	0.000051	0.000000	0.000000	0.000000	0.000000
378	0.579869	0.094954	0.325111	0.000000	0.000066	0.000000	0.000000	0.000000	0.000000
379	0.579774	0.094982	0.325182	0.000000	0.000062	0.000000	0.000000	0.000000	0.000000
380	0.579519	0.095050	0.325367	0.000000	0.000064	0.000000	0.000000	0.000000	0.000000
381	0.579535	0.094973	0.325422	0.000000	0.000070	0.000000	0.000000	0.000000	0.000000
382	0.579431	0.095308	0.325189	0.000000	0.000072	0.000000	0.000000	0.000000	0.000000
383	0.579693	0.095636	0.324590	0.000000	0.000081	0.000000	0.000000	0.000000	0.000000
384	0.580027	0.095594	0.324294	0.000000	0.000085	0.000000	0.000000	0.000000	0.000000
385	0.579791	0.095388	0.324739	0.000000	0.000082	0.000000	0.000000	0.000000	0.000000
386	0.579783	0.094942	0.325203	0.000000	0.000072	0.000000	0.000000	0.000000	0.000000
387	0.579649	0.094860	0.325415	0.000000	0.000076	0.000000	0.000000	0.000000	0.000000
388	0.579927	0.094938	0.325069	0.000000	0.000066	0.000000	0.000000	0.000000	0.000000
389	0.579684	0.094865	0.325382	0.000000	0.000069	0.000000	0.000000	0.000000	0.000000
390	0.579974	0.094627	0.325329	0.000000	0.000070	0.000000	0.000000	0.000000	0.000000
391	0.579815	0.094627	0.325486	0.000000	0.000072	0.000000	0.000000	0.000000	0.000000
392	0.579899	0.094297	0.325732	0.000000	0.000072	0.000000	0.000000	0.000000	0.000000
393	0.579292	0.094390	0.326255	0.000000	0.000063	0.000000	0.000000	0.000000	0.000000
394	0.579386	0.094435	0.326106	0.000000	0.000073	0.000000	0.000000	0.000000	0.000000
395	0.579310	0.094548	0.326074	0.000000	0.000068	0.000000	0.000000	0.000000	0.000000
396	0.578955	0.094790	0.326188	0.000000	0.000067	0.000000	0.000000	0.000000	0.000000
397	0.578816	0.094591	0.326524	0.000000	0.000069	0.000000	0.000000	0.000000	0.000000
398	0.578913	0.094205	0.326814	0.000000	0.000068	0.000000	0.000000	0.000000	0.000000
399	0.578889	0.094526	0.326510	0.000000	0.000075	0.000000	0.000000	0.000000	0.000000
400	0.579272	0.094466	0.326184	0.000000	0.000078	0.000000	0.000000	0.000000	0.000000
401	0.579446	0.094616	0.325876	0.000000	0.000062	0.000000	0.000000	0.000000	0.000000
402	0.579401	0.094324	0.326213	0.000000	0.000062	0.000000	0.000000	0.000000	0.000000
403	0.579348	0.094574	0.326017	0.000000	0.000061	0.000000	0.000000	0.000000	0.000000
404	0.580042	0.094362	0.325526	0.000000	0.000070	0.000000	0.000000	0.000000	0.000000
405	0.579267	0.094806	0.325857	0.000000	0.000070	0.000000	0.000000	0.000000	0.000000
406	0.579299	0.094674	0.325949	0.000000	0.000078	0.000000	0.000000	0.000000	0.000000
407	0.579552	0.094554	0.325816	0.000000	0.000078	0.000000	0.000000	0.000000	0.000000
408	0.579643	0.094564	0.325721	0.000000	0.000072	0.000000	0.000000	0.000000	0.000000
409	0.579758	0.094377	0.325791	0.000000	0.000074	0.000000	0.000000	0.000000	0.000000
410	0.579839	0.094678	0.325404	0.000000	0.000079	0.000000	0.000000	0.000000	0.000000
411	0.579585	0.094916	0.325427	0.000000	0.000072	0.000000	0.000000	0.000000	0.000000
412	0.579300	0.094982	0.325643	0.000000	0.000075	0.000000	0.000000	0.000000	0.000000
413	0.579301	0.095281	0.325344	0.000000	0.000074	0.000000	0.000000	0.000000	0.000000
414	0.580027	0.094864	0.325042	0.000000	0.000067	0.000000	0.000000	0.000000	0.000000
415	0.579765	0.095338	0.324811	0.000000	0.000086	0.000000	0.000000	0.000000	0.000000
416	0.579719	0.095392	0.324812	0.000000	0.000077	0.000000	0.000000	0.000000	0.000000
417	0.580593	0.094817	0.324505	0.000000	0.000085	0.000000	0.000000	0.000000	0.000000
418	0.580590	0.094599	0.324725	0.000000	0.000086	0.000000	0.000000	0.000000	0.000000
419	0.580498	0.094907	0.324498	0.000000	0.000097	0.000000	0.000000	0.000000	0.000000
420	0.580149	0.094755	0.325000	0.000000	0.000096	0.000000	0.000000	0.000000	0.000000
421	0.580262	0.094686	0.324963	0.000000	0.000089	0.000000	0.000000	0.000000	0.000000
422	0.580742	0.094595	0.324575	0.000000	0.000088	0.000000	0.000000	0.000000	0.000000
423	0.580814	0.094538	0.324569	0.000000	0.000079	0.000000	0.000000	0.000000	0.000000
424	0.580351	0.094729	0.324836	0.000000	0.000084	0.000000	0.000000	0.000000	0.000000
425	0.580980	0.094609	0.324317	0.000000	0.000094	0.000000	0.000000	0.000000	0.000000
426	0.580813	0.094384	0.324711	0.000000	0.000092	0.000000	0.000000	0.000000	0.000000
427	0.581373	0.094412	0.324132	0.000000	0.000083	0.000000	0.000000	0.000000	0.000000
428	0.581384	0.094032	0.324503	0.000000	0.000081	0.000000	0.000000	0.000000	0.000000
429	0.582111	0.094054	0.323750	0.000000	0.000085	0.000000	0.000000	0.000000	0.000000
430	0.582169	0.093962	0.323786	0.000000	0.000083	0.000000	0.000000	0.000000	0.000000
431	0.582068	0.094038	0.323802	0.000000	0.000092	0.000000	0.000000	0.000000	0.000000
432	0.581924	0.094280	0.323707	0.000000	0.000089	0.000000	0.000000	0.000000	0.000000
433	0.581599	0.094549	0.323760	0.000000	0.000092	0.000000	0.000000	0.000000	0.000000
434	0.582007	0.094646	0.323249	0.000000	0.000098	0.000000	0.000000	0.000000	0.000000
435	0.582128	0.094326	0.323451	0.000000	0.000095	0.000000	0.000000	0.000000	0.000000
436	0.582164	0.094175	0.323563	0.000000	0.000098	0.000000	0.000000	0.000000	0.000000
437	0.581406	0.094424	0.324070	0.000000	0.000100	0.000000	0.000000	0.000000	0.000000
438	0.582017	0.094108	0.323775	0.000000	0.000100	0.000000	0.000000	0.000000	0.000000
439	0.582152	0.094346	0.323405	0.000000	0.000097	0.000000	0.000000	0.000000	0.000000
440	0.581423	0.094660	0.323816	0.000000	0.000101	0.000000	0.000000	0.000000	0.000000
441	0.581572	0.094502	0.323822	0.000000	0.000104	0.000000	0.000000	0.000000	0.000000
442	0.581079	0.094528	0.324285	0.000000	0.000108	0.000000	0.000000	0.000000	0.000000
443	0.581014	0.094634	0.324250	0.000000	0.000102	0.000000	0.000000	0.000000	0.000000
444	0.580537	0.094770	0.324598	0.000000	0.000095	0.000000	0.000000	0.000000	0.000000
445	0.580262	0.094994	0.324658	0.000000	0.000086	0.000000	0.000000	0.000000	0.000000
446	0.580223	0.094653	0.325038	0.000000	0.000086	0.000000	0.000000	0.000000	0.000000
447	0.579996	0.094888	0.325023	0.000000	0.000093	0.000000	0.000000	0.000000	0.000000
448	0.580089	0.094946	0.324874	0.000000	0.000091	0.000000	0.000000	0.000000	0.000000
449	0.580495	0.094932	0.324474	0.000000	0.000099	0.000000	0.000000	0.000000	0.000000
450	0.580627	0.094734	0.324548	0.000000	0.000091	0.000000	0.000000	0.000000	0.000000
451	0.580555	0.094690	0.324673	0.000000	0.000082	0.000000	0.000000	0.000000	0.000000
452	0.580079	0.094595	0.325238	0.000000	0.000088	0.000000	0.000000	0.000000	0.000000
453	0.579984	0.094688	0.325242	0.000000	0.000086	0.000000	0.000000	0.000000	0.000000
454	0.580056	0.094393	0.325470	0.000000	0.000081	0.000000	0.000000	0.000000	0.000000
455	0.579311	0.094742	0.325868	0.000000	0.000079	0.000000	0.000000	0.000000	0.000000
456	0.579437	0.094868	0.325616	0.000000	0.000079	0.000000	0.000000	0.000000	0.000000
457	0.579837	0.094799	0.325299	0.000000	0.000065	0.000000	0.000000	0.000000	0.000000
458	0.580535	0.094666	0.324733	0.000000	0.000066	0.000000	0.000000	0.000000	0.000000
459	0.580427	0.094716	0.324786	0.000000	0.000071	0.000000	0.000000	0.000000	0.000000
460	0.580730	0.094788	0.324405	0.000000	0.000077	0.000000	0.000000	0.000000	0.000000
461	0.581059	0.094902	0.323970	0.000000	0.000069	0.000000	0.000000	0.000000	0.000000
462	0.580933	0.094875	0.324122	0.000000	0.000070	0.000000	0.000000	0.000000	0.000000
463	0.581007	0.094990	0.323931	0.000000	0.000072	0.000000	0.000000	0.000000	0.000000
464	0.581610	0.095005	0.323308	0.000000	0.000077	0.000000	0.000000	0.000000	0.000000
465	0.581285	0.095213	0.323428	0.000000	0.000074	0.000000	0.000000	0.000000	0.000000
466	0.580765	0.095409	0.323749	0.000000	0.000077	0.000000	0.000000	0.000000	0.000000
467	0.580788	0.095058	0.324080	0.000000	0.000074	0.000000	0.000000	0.000000	0.000000
468	0.580301	0.095041	0.324581	0.000000	0.000077	0.000000	0.000000	0.000000	0.000000
469	0.580126	0.095051	0.324743	0.000000	0.000080	0.000000	0.000000	0.000000	0.000000
470	0.580293	0.094910	0.324716	0.000000	0.000081	0.000000	0.000000	0.000000	0.000000
