0	0.290663	0.057897	0.229473	0.157588	0.029913	0.111872	0.085455	0.012259	0.024880
1	0.225486	0.046595	0.196333	0.134799	0.027688	0.119157	0.127765	0.024911	0.097266
2	0.221036	0.045131	0.189709	0.125877	0.027598	0.111124	0.136674	0.026574	0.116277
3	0.222157	0.044632	0.184739	0.119130	0.027556	0.102768	0.141777	0.027171	0.130070
4	0.225359	0.044498	0.179747	0.112792	0.027957	0.094462	0.144346	0.027537	0.143302
5	0.229332	0.044287	0.174435	0.106668	0.028260	0.086586	0.146388	0.027515	0.156529
6	0.233486	0.044247	0.168603	0.101376	0.028912	0.079017	0.147782	0.027489	0.169088
7	0.237673	0.043860	0.163172	0.096725	0.029420	0.072341	0.148777	0.027297	0.180735
8	0.242391	0.043452	0.157562	0.092472	0.030297	0.065768	0.148816	0.026768	0.192474
9	0.247188	0.043564	0.151602	0.088188	0.031132	0.059610	0.148149	0.026403	0.204164
10	0.251864	0.043160	0.145844	0.083892	0.032203	0.054237	0.147336	0.026034	0.215430
11	0.256063	0.043165	0.139842	0.080355	0.033212	0.049482	0.146357	0.025312	0.226212
12	0.260502	0.043009	0.134325	0.077001	0.034372	0.044544	0.144873	0.024603	0.236771
13	0.265131	0.042886	0.128397	0.073747	0.035348	0.040561	0.143210	0.023926	0.246794
14	0.269306	0.042930	0.122836	0.070826	0.036659	0.036760	0.140816	0.023485	0.256382
15	0.274216	0.042770	0.117255	0.067434	0.037926	0.033302	0.138852	0.022803	0.265442
16	0.278380	0.042406	0.111919	0.064812	0.039443	0.030214	0.136357	0.022198	0.274271
17	0.283029	0.042149	0.106983	0.062223	0.041007	0.027409	0.133778	0.021665	0.281757
18	0.287433	0.042036	0.101604	0.059991	0.042581	0.025075	0.130475	0.021194	0.289611
19	0.291872	0.041975	0.096878	0.057357	0.044188	0.022841	0.127185	0.020524	0.297180
20	0.295832	0.041665	0.092154	0.054990	0.045922	0.020715	0.123817	0.019889	0.305016
21	0.299719	0.041341	0.087813	0.052835	0.047504	0.018688	0.120473	0.019350	0.312277
22	0.303481	0.041111	0.083647	0.050827	0.049258	0.017019	0.117082	0.018772	0.318803
23	0.306970	0.041042	0.079001	0.048968	0.051118	0.015689	0.113868	0.017947	0.325397
24	0.310193	0.040707	0.074697	0.046985	0.052982	0.014087	0.110996	0.017197	0.332156
25	0.313421	0.040239	0.071027	0.045043	0.054762	0.012834	0.107320	0.016500	0.338854
26	0.316780	0.039849	0.067152	0.043275	0.056694	0.011730	0.103674	0.016092	0.344754
27	0.320015	0.039224	0.063500	0.041405	0.058295	0.010694	0.100490	0.015441	0.350936
28	0.322598	0.038942	0.059912	0.039745	0.060494	0.009770	0.097590	0.014843	0.356106
29	0.325712	0.038639	0.056092	0.037878	0.062467	0.009020	0.094350	0.014279	0.361563
30	0.327282	0.038572	0.053447	0.036369	0.064302	0.008252	0.090861	0.013742	0.367173
31	0.329543	0.037980	0.050130	0.034693	0.066443	0.007424	0.088015	0.013344	0.372428
32	0.331604	0.037405	0.047423	0.033208	0.068286	0.006733	0.085046	0.012695	0.377600
33	0.333071	0.037124	0.044765	0.031839	0.070431	0.006121	0.082043	0.012240	0.382366
34	0.334430	0.036497	0.042089	0.030641	0.072514	0.005646	0.079471	0.011701	0.387011
35	0.335413	0.036075	0.039449	0.029486	0.074741	0.005165	0.076690	0.011213	0.391768
36	0.336777	0.035650	0.037316	0.028392	0.077139	0.004683	0.073774	0.010854	0.395415
37	0.337926	0.035182	0.035233	0.027173	0.079326	0.004300	0.071165	0.010376	0.399319
38	0.338185	0.034676	0.033208	0.026122	0.081684	0.003879	0.068874	0.009987	0.403385
39	0.338656	0.034170	0.031260	0.025140	0.083733	0.003505	0.066484	0.009635	0.407417
40	0.339666	0.033804	0.029417	0.024243	0.085964	0.003175	0.064059	0.009349	0.410323
41	0.339761	0.033129	0.027736	0.023052	0.088533	0.002955	0.062121	0.008830	0.413883
42	0.339904	0.032712	0.026220	0.022226	0.090701	0.002730	0.059853	0.008524	0.417130
43	0.339544	0.032299	0.024634	0.021569	0.092764	0.002484	0.057686	0.008163	0.420857
44	0.339042	0.031739	0.022985	0.020662	0.095569	0.002257	0.055680	0.007761	0.424305
45	0.338962	0.031214	0.021609	0.019958	0.097898	0.002127	0.053556	0.007377	0.427299
46	0.337670	0.030925	0.020390	0.019295	0.100350	0.001953	0.051958	0.007104	0.430355
47	0.337146	0.030402	0.019305	0.018469	0.102955	0.001822	0.049745	0.006958	0.433198
48	0.336178	0.029838	0.018191	0.017653	0.105549	0.001641	0.048173	0.006553	0.436224
49	0.335635	0.029444	0.017055	0.016902	0.107975	0.001519	0.046583	0.006354	0.438533
50	0.334408	0.029078	0.016070	0.016295	0.110356	0.001415	0.044942	0.006110	0.441326
51	0.333061	0.028644	0.015000	0.015644	0.113083	0.001289	0.043232	0.005912	0.444135
52	0.332016	0.028277	0.014126	0.015142	0.115339	0.001219	0.041870	0.005831	0.446180
53	0.330700	0.027714	0.013307	0.014626	0.118276	0.001116	0.040494	0.005567	0.448200
54	0.329481	0.027126	0.012343	0.014091	0.120799	0.001056	0.039078	0.005398	0.450628
55	0.327766	0.026872	0.011594	0.013638	0.123801	0.000949	0.037946	0.005249	0.452185
56	0.326093	0.026488	0.010913	0.013177	0.126763	0.000828	0.036509	0.005022	0.454207
57	0.324444	0.025668	0.010046	0.012692	0.129917	0.000820	0.035298	0.004737	0.456378
58	0.322640	0.024826	0.009409	0.012238	0.132914	0.000754	0.034037	0.004537	0.458645
59	0.320642	0.024379	0.008893	0.012043	0.135797	0.000688	0.032815	0.004334	0.460409
60	0.318533	0.023703	0.008244	0.011703	0.138860	0.000608	0.031328	0.004127	0.462894
61	0.315841	0.023226	0.007733	0.011336	0.142022	0.000576	0.030382	0.003973	0.464911
62	0.314381	0.022670	0.007194	0.011056	0.145015	0.000550	0.029315	0.003922	0.465897
63	0.311865	0.022168	0.006783	0.010684	0.148188	0.000504	0.028207	0.003773	0.467828
64	0.309487	0.021844	0.006292	0.010322	0.151469	0.000461	0.027234	0.003648	0.469243
65	0.307286	0.021400	0.005884	0.009957	0.154190	0.000412	0.026551	0.003440	0.470880
66	0.304991	0.020736	0.005454	0.009600	0.157139	0.000424	0.025654	0.003265	0.472737
67	0.302612	0.020359	0.005096	0.009102	0.160075	0.000391	0.024884	0.003163	0.474318
68	0.299523	0.019966	0.004827	0.008785	0.163335	0.000353	0.024242	0.002991	0.475978
69	0.296609	0.019685	0.004435	0.008491	0.166134	0.000327	0.023563	0.002859	0.477897
70	0.293769	0.019499	0.004087	0.008256	0.169425	0.000297	0.022704	0.002819	0.479144
71	0.291317	0.019173	0.003888	0.008008	0.172840	0.000302	0.022026	0.002735	0.479711
72	0.288363	0.018740	0.003607	0.007911	0.176164	0.000280	0.021171	0.002655	0.481109
73	0.285448	0.018354	0.003360	0.007698	0.179525	0.000260	0.020582	0.002505	0.482268
74	0.282337	0.017944	0.003157	0.007353	0.183355	0.000244	0.019827	0.002337	0.483446
75	0.279307	0.017589	0.003010	0.007292	0.186525	0.000244	0.019344	0.002274	0.484415
76	0.276813	0.017028	0.002782	0.007069	0.190260	0.000195	0.018749	0.002150	0.484954
77	0.273961	0.016527	0.002608	0.006958	0.193172	0.000187	0.018089	0.002047	0.486451
78	0.271224	0.016159	0.002434	0.006786	0.196192	0.000183	0.017403	0.001977	0.487642
79	0.268086	0.015837	0.002295	0.006602	0.199459	0.000157	0.017098	0.001870	0.488596
80	0.265262	0.015594	0.002130	0.006622	0.202584	0.000148	0.016443	0.001824	0.489393
81	0.261980	0.015338	0.001907	0.006480	0.205879	0.000148	0.016042	0.001749	0.490477
82	0.258577	0.014947	0.001845	0.006392	0.209506	0.000136	0.015582	0.001646	0.491369
83	0.255754	0.014529	0.001698	0.006253	0.212989	0.000132	0.015135	0.001617	0.491893
84	0.252820	0.014235	0.001580	0.006163	0.216173	0.000119	0.014525	0.001575	0.492810
85	0.249981	0.013819	0.001551	0.006065	0.219292	0.000107	0.014031	0.001546	0.493608
86	0.247244	0.013607	0.001435	0.006077	0.222401	0.000086	0.013762	0.001491	0.493897
87	0.244200	0.013273	0.001300	0.005832	0.225772	0.000067	0.013466	0.001442	0.494648
88	0.241435	0.013063	0.001252	0.005731	0.229532	0.000065	0.013177	0.001412	0.494333
89	0.238311	0.012659	0.001158	0.005621	0.232904	0.000056	0.012841	0.001437	0.495013
90	0.235040	0.012374	0.001076	0.005439	0.236581	0.000053	0.012521	0.001372	0.495544
91	0.232341	0.012112	0.001022	0.005265	0.239693	0.000056	0.012481	0.001335	0.495695
92	0.228959	0.011731	0.000988	0.005212	0.243545	0.000057	0.012272	0.001344	0.495892
93	0.226078	0.011373	0.000872	0.005066	0.247237	0.000062	0.011976	0.001311	0.496025
94	0.223612	0.010982	0.000804	0.004886	0.250475	0.000062	0.011708	0.001254	0.496217
95	0.220959	0.010622	0.000745	0.004910	0.253995	0.000047	0.011341	0.001190	0.496191
96	0.218179	0.010329	0.000753	0.004816	0.257753	0.000044	0.011010	0.001183	0.495933
97	0.214942	0.010110	0.000705	0.004787	0.261062	0.000043	0.010791	0.001139	0.496421
98	0.211948	0.009796	0.000655	0.004742	0.264565	0.000041	0.010603	0.001124	0.496526
99	0.209154	0.009537	0.000592	0.004669	0.268226	0.000038	0.010263	0.001069	0.496452
100	0.206204	0.009330	0.000558	0.004565	0.271931	0.000042	0.010023	0.001044	0.496303
101	0.202842	0.008914	0.000554	0.004488	0.275806	0.000033	0.009792	0.000977	0.496594
102	0.200213	0.008628	0.000491	0.004377	0.279680	0.000038	0.009427	0.000975	0.496171
103	0.197163	0.008297	0.000464	0.004349	0.283699	0.000033	0.009313	0.000983	0.495699
104	0.193808	0.008156	0.000432	0.004232	0.286960	0.000026	0.009196	0.001016	0.496174
105	0.190768	0.007873	0.000370	0.004224	0.290635	0.000026	0.009062	0.000980	0.496062
106	0.187880	0.007641	0.000350	0.004160	0.294244	0.000026	0.008965	0.000953	0.495781
107	0.184969	0.007417	0.000327	0.004087	0.297992	0.000028	0.008746	0.000960	0.495474
108	0.182203	0.007311	0.000321	0.004068	0.301395	0.000021	0.008489	0.000955	0.495237
109	0.179456	0.007093	0.000323	0.003996	0.305243	0.000020	0.008282	0.000894	0.494693
110	0.176278	0.006948	0.000339	0.003986	0.308930	0.000017	0.008155	0.000880	0.494467
111	0.173305	0.006727	0.000292	0.003957	0.312533	0.000019	0.007947	0.000869	0.494351
112	0.170380	0.006628	0.000254	0.003926	0.316358	0.000016	0.007952	0.000857	0.493629
113	0.167575	0.006415	0.000234	0.003871	0.320544	0.000009	0.007853	0.000847	0.492652
114	0.164759	0.006275	0.000226	0.003889	0.324163	0.000014	0.007690	0.000824	0.492160
115	0.161993	0.006089	0.000206	0.003890	0.327746	0.000016	0.007656	0.000830	0.491574
116	0.159305	0.005941	0.000196	0.003817	0.331437	0.000022	0.007527	0.000816	0.490939
117	0.156510	0.005796	0.000182	0.003681	0.335241	0.000015	0.007375	0.000808	0.490392
118	0.153991	0.005575	0.000173	0.003520	0.339108	0.000014	0.007246	0.000768	0.489605
119	0.150795	0.005306	0.000161	0.003460	0.343045	0.000010	0.007000	0.000725	0.489498
120	0.148328	0.005164	0.000151	0.003396	0.346803	0.000011	0.006942	0.000750	0.488455
121	0.145825	0.005006	0.000141	0.003308	0.350519	0.000011	0.006735	0.000748	0.487707
122	0.143268	0.004947	0.000105	0.003231	0.354251	0.000015	0.006690	0.000715	0.486778
123	0.140700	0.004813	0.000119	0.003248	0.357732	0.000019	0.006582	0.000737	0.486050
124	0.138310	0.004559	0.000110	0.003148	0.361565	0.000018	0.006457	0.000729	0.485104
125	0.135790	0.004376	0.000104	0.003165	0.365185	0.000023	0.006361	0.000742	0.484254
126	0.133295	0.004232	0.000101	0.003155	0.368827	0.000017	0.006195	0.000670	0.483508
127	0.130538	0.004072	0.000092	0.003145	0.372322	0.000021	0.006201	0.000676	0.482933
128	0.127807	0.003946	0.000076	0.003070	0.376092	0.000026	0.005947	0.000686	0.482350
129	0.125406	0.003887	0.000074	0.003055	0.380038	0.000018	0.005898	0.000690	0.480934
130	0.123105	0.003819	0.000081	0.003023	0.383564	0.000022	0.005802	0.000665	0.479919
131	0.121021	0.003654	0.000079	0.003021	0.386949	0.000018	0.005670	0.000658	0.478930
132	0.118699	0.003514	0.000082	0.002964	0.390776	0.000015	0.005455	0.000671	0.477824
133	0.116516	0.003350	0.000082	0.002954	0.394366	0.000013	0.005346	0.000658	0.476715
134	0.113912	0.003193	0.000072	0.002930	0.398172	0.000015	0.005219	0.000631	0.475856
135	0.111796	0.003163	0.000091	0.002883	0.401908	0.000015	0.005114	0.000625	0.474405
136	0.109819	0.002969	0.000083	0.002870	0.405292	0.000009	0.005026	0.000660	0.473272
137	0.107438	0.002895	0.000081	0.002867	0.409034	0.000009	0.004881	0.000625	0.472170
138	0.105160	0.002841	0.000067	0.002839	0.412589	0.000006	0.004823	0.000587	0.471088
139	0.103026	0.002800	0.000075	0.002791	0.416064	0.000008	0.004727	0.000574	0.469935
140	0.100644	0.002759	0.000071	0.002769	0.420033	0.000010	0.004604	0.000541	0.468569
141	0.098287	0.002637	0.000068	0.002732	0.423668	0.000007	0.004561	0.000540	0.467500
142	0.096225	0.002567	0.000061	0.002737	0.427551	0.000003	0.004502	0.000568	0.465786
143	0.094381	0.002516	0.000056	0.002654	0.431055	0.000004	0.004499	0.000561	0.464274
144	0.092385	0.002474	0.000054	0.002582	0.434610	0.000002	0.004469	0.000560	0.462864
145	0.090256	0.002377	0.000050	0.002545	0.438038	0.000004	0.004371	0.000554	0.461805
146	0.088506	0.002337	0.000053	0.002488	0.441541	0.000001	0.004245	0.000538	0.460291
147	0.086705	0.002237	0.000059	0.002424	0.445217	0.000000	0.004164	0.000507	0.458687
148	0.085049	0.002180	0.000050	0.002361	0.448381	0.000000	0.004065	0.000515	0.457399
149	0.083132	0.002074	0.000059	0.002328	0.451841	0.000000	0.004032	0.000478	0.456056
150	0.081366	0.001918	0.000067	0.002356	0.455611	0.000000	0.004010	0.000474	0.454198
151	0.079780	0.001889	0.000067	0.002288	0.459214	0.000000	0.003943	0.000476	0.452343
152	0.078051	0.001873	0.000067	0.002256	0.462638	0.000000	0.003896	0.000457	0.450762
153	0.076089	0.001814	0.000061	0.002224	0.465979	0.000000	0.003759	0.000461	0.449613
154	0.074093	0.001781	0.000071	0.002222	0.469276	0.000000	0.003737	0.000454	0.448366
155	0.072447	0.001767	0.000054	0.002174	0.472642	0.000000	0.003624	0.000439	0.446853
156	0.070748	0.001716	0.000057	0.002201	0.476263	0.000000	0.003597	0.000431	0.444987
157	0.069024	0.001675	0.000042	0.002176	0.479561	0.000000	0.003528	0.000419	0.443575
158	0.067280	0.001546	0.000038	0.002189	0.483164	0.000000	0.003416	0.000429	0.441938
159	0.065875	0.001466	0.000028	0.002259	0.486120	0.000000	0.003407	0.000417	0.440428
160	0.064350	0.001381	0.000020	0.002183	0.490177	0.000000	0.003321	0.000375	0.438193
161	0.063096	0.001302	0.000023	0.002157	0.493491	0.000000	0.003264	0.000367	0.436300
162	0.061362	0.001287	0.000023	0.002101	0.496937	0.000000	0.003170	0.000373	0.434747
163	0.060007	0.001197	0.000017	0.002093	0.500181	0.000000	0.003092	0.000388	0.433025
164	0.058668	0.001172	0.000020	0.002113	0.503725	0.000000	0.003052	0.000369	0.430881
165	0.057184	0.001141	0.000018	0.002114	0.507009	0.000000	0.003018	0.000351	0.429165
166	0.055982	0.001057	0.000012	0.002108	0.510151	0.000000	0.002972	0.000367	0.427351
167	0.054508	0.001025	0.000009	0.002029	0.513670	0.000000	0.002904	0.000353	0.425502
168	0.053264	0.000976	0.000010	0.001980	0.516890	0.000000	0.002821	0.000325	0.423734
169	0.052011	0.000954	0.000004	0.001943	0.520081	0.000000	0.002758	0.000333	0.421916
170	0.050975	0.000924	0.000002	0.001993	0.523745	0.000000	0.002695	0.000305	0.419361
171	0.049697	0.000931	0.000001	0.001997	0.526522	0.000000	0.002667	0.000294	0.417891
172	0.048388	0.000898	0.000001	0.002030	0.529408	0.000000	0.002601	0.000265	0.416409
173	0.047315	0.000899	0.000001	0.002048	0.532315	0.000000	0.002559	0.000262	0.414601
174	0.046234	0.000900	0.000003	0.002024	0.535250	0.000000	0.002508	0.000281	0.412800
175	0.045147	0.000877	0.000002	0.002014	0.538313	0.000000	0.002468	0.000305	0.410874
176	0.044240	0.000854	0.000002	0.002008	0.541496	0.000000	0.002430	0.000296	0.408674
177	0.043063	0.000804	0.000002	0.002012	0.544482	0.000000	0.002366	0.000305	0.406966
178	0.041812	0.000788	0.000000	0.002090	0.547666	0.000000	0.002406	0.000305	0.404933
179	0.040821	0.000695	0.000000	0.002047	0.550816	0.000000	0.002329	0.000292	0.403000
180	0.039762	0.000668	0.000000	0.002033	0.554223	0.000000	0.002270	0.000272	0.400772
181	0.038724	0.000673	0.000000	0.002046	0.557388	0.000000	0.002211	0.000273	0.398685
182	0.037759	0.000673	0.000000	0.002077	0.560198	0.000000	0.002180	0.000264	0.396849
183	0.036959	0.000649	0.000000	0.002025	0.563481	0.000000	0.002107	0.000259	0.394520
184	0.035832	0.000612	0.000000	0.002055	0.566646	0.000000	0.002118	0.000254	0.392483
185	0.034803	0.000571	0.000000	0.002044	0.569863	0.000000	0.002065	0.000231	0.390423
186	0.033919	0.000552	0.000000	0.002049	0.573106	0.000000	0.002034	0.000220	0.388120
187	0.033105	0.000553	0.000000	0.001987	0.575867	0.000000	0.001928	0.000200	0.386360
188	0.032140	0.000505	0.000000	0.001959	0.578998	0.000000	0.001876	0.000178	0.384344
189	0.031222	0.000494	0.000000	0.001981	0.581999	0.000000	0.001814	0.000172	0.382318
190	0.030404	0.000461	0.000000	0.001982	0.585098	0.000000	0.001777	0.000165	0.380113
191	0.029512	0.000447	0.000000	0.001967	0.587756	0.000000	0.001691	0.000168	0.378459
192	0.028736	0.000430	0.000000	0.001974	0.590770	0.000000	0.001647	0.000156	0.376287
193	0.027730	0.000414	0.000000	0.001964	0.593814	0.000000	0.001641	0.000150	0.374287
194	0.026836	0.000400	0.000000	0.001957	0.597122	0.000000	0.001649	0.000148	0.371888
195	0.026084	0.000365	0.000000	0.001973	0.600314	0.000000	0.001638	0.000154	0.369472
196	0.025355	0.000344	0.000000	0.001963	0.603108	0.000000	0.001582	0.000158	0.367490
197	0.024512	0.000360	0.000000	0.001984	0.605970	0.000000	0.001540	0.000165	0.365469
198	0.023815	0.000328	0.000000	0.001930	0.609049	0.000000	0.001527	0.000155	0.363196
199	0.023060	0.000308	0.000000	0.001977	0.611639	0.000000	0.001492	0.000146	0.361378
200	0.022353	0.000298	0.000000	0.001957	0.614860	0.000000	0.001444	0.000142	0.358946
201	0.021689	0.000273	0.000000	0.001936	0.617886	0.000000	0.001464	0.000141	0.356611
202	0.021134	0.000260	0.000000	0.001929	0.620348	0.000000	0.001467	0.000132	0.354730
203	0.020575	0.000250	0.000000	0.001890	0.623269	0.000000	0.001403	0.000141	0.352472
204	0.020113	0.000236	0.000000	0.001860	0.625953	0.000000	0.001334	0.000143	0.350361
205	0.019477	0.000218	0.000000	0.001872	0.628504	0.000000	0.001328	0.000128	0.348473
206	0.018828	0.000214	0.000000	0.001886	0.631623	0.000000	0.001285	0.000138	0.346026
207	0.018235	0.000187	0.000000	0.001909	0.634651	0.000000	0.001253	0.000137	0.343628
208	0.017876	0.000163	0.000000	0.001940	0.636782	0.000000	0.001155	0.000141	0.341943
209	0.017432	0.000143	0.000000	0.001875	0.639506	0.000000	0.001145	0.000146	0.339753
210	0.016955	0.000143	0.000000	0.001916	0.642110	0.000000	0.001133	0.000148	0.337595
211	0.016496	0.000145	0.000000	0.001841	0.644947	0.000000	0.001107	0.000151	0.335313
212	0.016133	0.000121	0.000000	0.001831	0.647728	0.000000	0.001096	0.000149	0.332942
213	0.015808	0.000142	0.000000	0.001879	0.650803	0.000000	0.001080	0.000135	0.330153
214	0.015229	0.000140	0.000000	0.001858	0.653581	0.000000	0.001033	0.000118	0.328041
215	0.014757	0.000142	0.000000	0.001859	0.655927	0.000000	0.001038	0.000112	0.326165
216	0.014289	0.000114	0.000000	0.001900	0.658606	0.000000	0.000993	0.000120	0.323978
217	0.013905	0.000125	0.000000	0.001894	0.660872	0.000000	0.000973	0.000119	0.322112
218	0.013582	0.000113	0.000000	0.001902	0.663374	0.000000	0.000988	0.000125	0.319916
219	0.013156	0.000107	0.000000	0.001944	0.665696	0.000000	0.000938	0.000124	0.318035
220	0.012779	0.000099	0.000000	0.001916	0.668124	0.000000	0.000895	0.000120	0.316067
221	0.012389	0.000081	0.000000	0.001908	0.670964	0.000000	0.000892	0.000112	0.313654
222	0.012146	0.000067	0.000000	0.001894	0.673600	0.000000	0.000870	0.000111	0.311312
223	0.011819	0.000074	0.000000	0.001898	0.675924	0.000000	0.000889	0.000109	0.309287
224	0.011439	0.000077	0.000000	0.001922	0.678608	0.000000	0.000830	0.000107	0.307017
225	0.011168	0.000072	0.000000	0.001901	0.681179	0.000000	0.000811	0.000105	0.304764
226	0.010931	0.000068	0.000000	0.001873	0.683875	0.000000	0.000753	0.000106	0.302394
227	0.010539	0.000062	0.000000	0.001875	0.686448	0.000000	0.000734	0.000103	0.300239
228	0.010296	0.000058	0.000000	0.001847	0.688656	0.000000	0.000700	0.000108	0.298335
229	0.010003	0.000056	0.000000	0.001833	0.690804	0.000000	0.000656	0.000100	0.296548
230	0.009630	0.000059	0.000000	0.001840	0.693057	0.000000	0.000657	0.000093	0.294664
231	0.009446	0.000057	0.000000	0.001831	0.695316	0.000000	0.000652	0.000092	0.292606
232	0.009188	0.000050	0.000000	0.001853	0.697479	0.000000	0.000639	0.000085	0.290706
233	0.008942	0.000053	0.000000	0.001852	0.700165	0.000000	0.000632	0.000089	0.288267
234	0.008659	0.000060	0.000000	0.001879	0.702583	0.000000	0.000617	0.000095	0.286107
235	0.008443	0.000059	0.000000	0.001882	0.704855	0.000000	0.000590	0.000096	0.284075
236	0.008198	0.000057	0.000000	0.001860	0.707357	0.000000	0.000586	0.000090	0.281852
237	0.007925	0.000042	0.000000	0.001832	0.709840	0.000000	0.000580	0.000075	0.279706
238	0.007716	0.000037	0.000000	0.001833	0.712050	0.000000	0.000578	0.000066	0.277720
239	0.007515	0.000034	0.000000	0.001817	0.714476	0.000000	0.000539	0.000067	0.275552
240	0.007317	0.000033	0.000000	0.001834	0.716661	0.000000	0.000515	0.000068	0.273572
241	0.007072	0.000035	0.000000	0.001760	0.719183	0.000000	0.000485	0.000070	0.271395
242	0.006888	0.000039	0.000000	0.001808	0.721200	0.000000	0.000470	0.000074	0.269521
243	0.006689	0.000039	0.000000	0.001800	0.723563	0.000000	0.000483	0.000066	0.267360
244	0.006481	0.000027	0.000000	0.001790	0.725633	0.000000	0.000481	0.000067	0.265521
245	0.006215	0.000029	0.000000	0.001805	0.727787	0.000000	0.000491	0.000062	0.263611
246	0.006004	0.000023	0.000000	0.001847	0.730002	0.000000	0.000487	0.000073	0.261564
247	0.005868	0.000024	0.000000	0.001798	0.732493	0.000000	0.000471	0.000082	0.259264
248	0.005681	0.000024	0.000000	0.001767	0.734480	0.000000	0.000480	0.000077	0.257491
249	0.005475	0.000025	0.000000	0.001761	0.736705	0.000000	0.000465	0.000075	0.255494
250	0.005300	0.000029	0.000000	0.001769	0.738979	0.000000	0.000449	0.000061	0.253413
251	0.005123	0.000029	0.000000	0.001733	0.741298	0.000000	0.000428	0.000055	0.251334
252	0.004940	0.000030	0.000000	0.001758	0.743322	0.000000	0.000420	0.000059	0.249471
253	0.004753	0.000033	0.000000	0.001745	0.745441	0.000000	0.000415	0.000061	0.247552
254	0.004600	0.000032	0.000000	0.001682	0.747479	0.000000	0.000417	0.000052	0.245738
255	0.004438	0.000034	0.000000	0.001645	0.749662	0.000000	0.000387	0.000053	0.243781
256	0.004281	0.000037	0.000000	0.001650	0.751520	0.000000	0.000393	0.000051	0.242068
257	0.004214	0.000039	0.000000	0.001677	0.753416	0.000000	0.000401	0.000045	0.240208
258	0.004107	0.000039	0.000000	0.001708	0.755339	0.000000	0.000395	0.000044	0.238368
259	0.003993	0.000033	0.000000	0.001669	0.757365	0.000000	0.000407	0.000040	0.236493
260	0.003881	0.000033	0.000000	0.001682	0.759148	0.000000	0.000389	0.000035	0.234832
261	0.003806	0.000032	0.000000	0.001650	0.761169	0.000000	0.000397	0.000031	0.232915
262	0.003685	0.000036	0.000000	0.001630	0.763037	0.000000	0.000405	0.000028	0.231179
263	0.003458	0.000035	0.000000	0.001637	0.764856	0.000000	0.000414	0.000031	0.229569
264	0.003357	0.000029	0.000000	0.001648	0.766987	0.000000	0.000414	0.000027	0.227538
265	0.003220	0.000031	0.000000	0.001628	0.768949	0.000000	0.000391	0.000022	0.225759
266	0.003147	0.000032	0.000000	0.001607	0.770961	0.000000	0.000357	0.000026	0.223870
267	0.003051	0.000030	0.000000	0.001604	0.773017	0.000000	0.000361	0.000036	0.221901
268	0.002951	0.000025	0.000000	0.001595	0.774795	0.000000	0.000368	0.000033	0.220233
269	0.002882	0.000027	0.000000	0.001558	0.776772	0.000000	0.000380	0.000031	0.218350
270	0.002763	0.000028	0.000000	0.001528	0.778792	0.000000	0.000366	0.000032	0.216491
271	0.002660	0.000022	0.000000	0.001550	0.780657	0.000000	0.000355	0.000028	0.214728
272	0.002576	0.000021	0.000000	0.001532	0.782577	0.000000	0.000350	0.000028	0.212916
273	0.002509	0.000023	0.000000	0.001478	0.784539	0.000000	0.000340	0.000027	0.211084
274	0.002446	0.000015	0.000000	0.001481	0.786240	0.000000	0.000339	0.000026	0.209453
275	0.002381	0.000017	0.000000	0.001535	0.787957	0.000000	0.000332	0.000025	0.207753
276	0.002320	0.000017	0.000000	0.001553	0.789888	0.000000	0.000320	0.000016	0.205886
277	0.002233	0.000021	0.000000	0.001517	0.791866	0.000000	0.000307	0.000016	0.204040
278	0.002216	0.000015	0.000000	0.001526	0.793615	0.000000	0.000312	0.000015	0.202301
279	0.002133	0.000015	0.000000	0.001548	0.795405	0.000000	0.000295	0.000016	0.200588
280	0.002048	0.000009	0.000000	0.001527	0.797340	0.000000	0.000321	0.000011	0.198744
281	0.002008	0.000011	0.000000	0.001556	0.798898	0.000000	0.000317	0.000011	0.197199
282	0.001984	0.000013	0.000000	0.001572	0.800778	0.000000	0.000317	0.000014	0.195322
283	0.001925	0.000006	0.000000	0.001557	0.802761	0.000000	0.000320	0.000015	0.193416
284	0.001866	0.000012	0.000000	0.001517	0.804529	0.000000	0.000291	0.000015	0.191770
285	0.001804	0.000011	0.000000	0.001550	0.806260	0.000000	0.000275	0.000017	0.190083
286	0.001741	0.000010	0.000000	0.001505	0.807998	0.000000	0.000275	0.000017	0.188454
287	0.001633	0.000012	0.000000	0.001536	0.809416	0.000000	0.000263	0.000015	0.187125
288	0.001616	0.000010	0.000000	0.001525	0.811212	0.000000	0.000270	0.000018	0.185349
289	0.001556	0.000007	0.000000	0.001511	0.812734	0.000000	0.000265	0.000023	0.183904
290	0.001511	0.000009	0.000000	0.001494	0.814509	0.000000	0.000259	0.000024	0.182194
291	0.001461	0.000007	0.000000	0.001512	0.816376	0.000000	0.000240	0.000026	0.180378
292	0.001413	0.000010	0.000000	0.001485	0.817991	0.000000	0.000250	0.000025	0.178826
293	0.001357	0.000009	0.000000	0.001489	0.819661	0.000000	0.000236	0.000024	0.177224
294	0.001260	0.000006	0.000000	0.001474	0.821379	0.000000	0.000226	0.000028	0.175627
295	0.001209	0.000007	0.000000	0.001514	0.822608	0.000000	0.000230	0.000029	0.174403
296	0.001192	0.000006	0.000000	0.001494	0.824223	0.000000	0.000218	0.000029	0.172838
297	0.001177	0.000005	0.000000	0.001477	0.825830	0.000000	0.000225	0.000028	0.171258
298	0.001127	0.000001	0.000000	0.001404	0.827461	0.000000	0.000200	0.000030	0.169777
299	0.001100	0.000002	0.000000	0.001428	0.829246	0.000000	0.000192	0.000031	0.168001
300	0.001063	0.000002	0.000000	0.001368	0.830964	0.000000	0.000208	0.000030	0.166365
301	0.001030	0.000001	0.000000	0.001416	0.832485	0.000000	0.000197	0.000028	0.164843
302	0.000993	0.000000	0.000000	0.001407	0.833774	0.000000	0.000189	0.000030	0.163607
303	0.000981	0.000000	0.000000	0.001413	0.835349	0.000000	0.000177	0.000023	0.162057
304	0.000940	0.000000	0.000000	0.001394	0.836759	0.000000	0.000171	0.000018	0.160718
305	0.000891	0.000000	0.000000	0.001334	0.838650	0.000000	0.000158	0.000019	0.158948
306	0.000832	0.000000	0.000000	0.001315	0.840311	0.000000	0.000150	0.000012	0.157380
307	0.000820	0.000000	0.000000	0.001291	0.841541	0.000000	0.000143	0.000008	0.156197
308	0.000841	0.000000	0.000000	0.001304	0.843007	0.000000	0.000155	0.000008	0.154685
309	0.000803	0.000000	0.000000	0.001261	0.844624	0.000000	0.000139	0.000009	0.153164
310	0.000803	0.000000	0.000000	0.001288	0.845896	0.000000	0.000135	0.000013	0.151865
311	0.000783	0.000000	0.000000	0.001300	0.847439	0.000000	0.000117	0.000017	0.150344
312	0.000772	0.000000	0.000000	0.001300	0.848879	0.000000	0.000103	0.000015	0.148931
313	0.000742	0.000000	0.000000	0.001324	0.850414	0.000000	0.000105	0.000013	0.147402
314	0.000704	0.000000	0.000000	0.001329	0.851500	0.000000	0.000106	0.000018	0.146343
315	0.000706	0.000000	0.000000	0.001304	0.853069	0.000000	0.000105	0.000012	0.144804
316	0.000678	0.000000	0.000000	0.001331	0.854448	0.000000	0.000118	0.000013	0.143412
317	0.000676	0.000000	0.000000	0.001363	0.855922	0.000000	0.000124	0.000012	0.141903
318	0.000679	0.000000	0.000000	0.001378	0.857262	0.000000	0.000130	0.000009	0.140542
319	0.000630	0.000000	0.000000	0.001386	0.858853	0.000000	0.000121	0.000007	0.139003
320	0.000632	0.000000	0.000000	0.001425	0.860261	0.000000	0.000126	0.000007	0.137549
321	0.000600	0.000000	0.000000	0.001449	0.861436	0.000000	0.000137	0.000004	0.136374
322	0.000580	0.000000	0.000000	0.001478	0.862840	0.000000	0.000120	0.000005	0.134977
323	0.000568	0.000000	0.000000	0.001542	0.864364	0.000000	0.000103	0.000002	0.133421
324	0.000561	0.000000	0.000000	0.001520	0.865603	0.000000	0.000106	0.000004	0.132206
325	0.000566	0.000000	0.000000	0.001530	0.867042	0.000000	0.000107	0.000002	0.130753
326	0.000554	0.000000	0.000000	0.001521	0.868313	0.000000	0.000104	0.000002	0.129506
327	0.000526	0.000000	0.000000	0.001582	0.869549	0.000000	0.000095	0.000002	0.128246
328	0.000475	0.000000	0.000000	0.001549	0.870825	0.000000	0.000079	0.000001	0.127071
329	0.000440	0.000000	0.000000	0.001557	0.871951	0.000000	0.000081	0.000001	0.125970
330	0.000416	0.000000	0.000000	0.001520	0.873301	0.000000	0.000074	0.000003	0.124686
331	0.000397	0.000000	0.000000	0.001534	0.874847	0.000000	0.000069	0.000002	0.123151
332	0.000391	0.000000	0.000000	0.001520	0.876131	0.000000	0.000068	0.000004	0.121886
333	0.000373	0.000000	0.000000	0.001493	0.877275	0.000000	0.000065	0.000006	0.120788
334	0.000351	0.000000	0.000000	0.001496	0.878566	0.000000	0.000070	0.000010	0.119507
335	0.000331	0.000000	0.000000	0.001474	0.879902	0.000000	0.000069	0.000009	0.118215
336	0.000309	0.000000	0.000000	0.001481	0.881237	0.000000	0.000062	0.000006	0.116905
337	0.000301	0.000000	0.000000	0.001461	0.882588	0.000000	0.000060	0.000004	0.115586
338	0.000297	0.000000	0.000000	0.001511	0.883695	0.000000	0.000055	0.000004	0.114438
339	0.000279	0.000000	0.000000	0.001477	0.884916	0.000000	0.000051	0.000007	0.113270
340	0.000248	0.000000	0.000000	0.001482	0.886229	0.000000	0.000046	0.000008	0.111987
341	0.000237	0.000000	0.000000	0.001531	0.887430	0.000000	0.000057	0.000006	0.110739
342	0.000206	0.000000	0.000000	0.001497	0.888718	0.000000	0.000044	0.000007	0.109528
343	0.000199	0.000000	0.000000	0.001495	0.889739	0.000000	0.000037	0.000008	0.108522
344	0.000186	0.000000	0.000000	0.001522	0.890936	0.000000	0.000045	0.000005	0.107306
345	0.000184	0.000000	0.000000	0.001543	0.891810	0.000000	0.000039	0.000007	0.106417
346	0.000179	0.000000	0.000000	0.001538	0.892908	0.000000	0.000043	0.000007	0.105325
347	0.000184	0.000000	0.000000	0.001482	0.894020	0.000000	0.000044	0.000002	0.104268
348	0.000181	0.000000	0.000000	0.001498	0.895074	0.000000	0.000040	0.000002	0.103205
349	0.000182	0.000000	0.000000	0.001520	0.896253	0.000000	0.000045	0.000002	0.101998
350	0.000185	0.000000	0.000000	0.001509	0.897396	0.000000	0.000042	0.000002	0.100866
351	0.000172	0.000000	0.000000	0.001504	0.898422	0.000000	0.000037	0.000002	0.099863
352	0.000150	0.000000	0.000000	0.001543	0.899232	0.000000	0.000038	0.000001	0.099036
353	0.000135	0.000000	0.000000	0.001548	0.900497	0.000000	0.000037	0.000001	0.097782
354	0.000131	0.000000	0.000000	0.001539	0.901678	0.000000	0.000034	0.000002	0.096616
355	0.000120	0.000000	0.000000	0.001519	0.902742	0.000000	0.000037	0.000002	0.095580
356	0.000125	0.000000	0.000000	0.001502	0.903723	0.000000	0.000040	0.000001	0.094609
357	0.000112	0.000000	0.000000	0.001446	0.904915	0.000000	0.000044	0.000001	0.093482
358	0.000112	0.000000	0.000000	0.001471	0.905844	0.000000	0.000047	0.000001	0.092525
359	0.000114	0.000000	0.000000	0.001482	0.906986	0.000000	0.000049	0.000001	0.091368
360	0.000105	0.000000	0.000000	0.001530	0.907998	0.000000	0.000049	0.000000	0.090318
361	0.000111	0.000000	0.000000	0.001569	0.908903	0.000000	0.000059	0.000001	0.089357
362	0.000104	0.000000	0.000000	0.001574	0.909897	0.000000	0.000054	0.000000	0.088371
363	0.000097	0.000000	0.000000	0.001601	0.910764	0.000000	0.000046	0.000001	0.087491
364	0.000089	0.000000	0.000000	0.001618	0.911922	0.000000	0.000042	0.000000	0.086329
365	0.000081	0.000000	0.000000	0.001597	0.912870	0.000000	0.000047	0.000000	0.085405
366	0.000083	0.000000	0.000000	0.001560	0.913923	0.000000	0.000042	0.000000	0.084392
367	0.000065	0.000000	0.000000	0.001529	0.914981	0.000000	0.000047	0.000000	0.083378
368	0.000064	0.000000	0.000000	0.001529	0.916002	0.000000	0.000041	0.000000	0.082364
369	0.000057	0.000000	0.000000	0.001535	0.916700	0.000000	0.000043	0.000000	0.081665
370	0.000039	0.000000	0.000000	0.001541	0.917675	0.000000	0.000039	0.000000	0.080706
371	0.000040	0.000000	0.000000	0.001553	0.918618	0.000000	0.000034	0.000000	0.079755
372	0.000031	0.000000	0.000000	0.001593	0.919632	0.000000	0.000038	0.000000	0.078706
373	0.000032	0.000000	0.000000	0.001614	0.920634	0.000000	0.000029	0.000000	0.077691
374	0.000030	0.000000	0.000000	0.001597	0.921692	0.000000	0.000031	0.000000	0.076650
375	0.000023	0.000000	0.000000	0.001569	0.922639	0.000000	0.000035	0.000000	0.075734
376	0.000019	0.000000	0.000000	0.001593	0.923657	0.000000	0.000030	0.000000	0.074701
377	0.000018	0.000000	0.000000	0.001585	0.924714	0.000000	0.000032	0.000000	0.073651
378	0.000015	0.000000	0.000000	0.001554	0.925681	0.000000	0.000032	0.000000	0.072718
379	0.000011	0.000000	0.000000	0.001626	0.926433	0.000000	0.000035	0.000000	0.071895
380	0.000010	0.000000	0.000000	0.001589	0.927312	0.000000	0.000026	0.000000	0.071063
381	0.000008	0.000000	0.000000	0.001552	0.928243	0.000000	0.000021	0.000000	0.070176
382	0.000006	0.000000	0.000000	0.001513	0.929178	0.000000	0.000023	0.000000	0.069280
383	0.000009	0.000000	0.000000	0.001510	0.930008	0.000000	0.000019	0.000000	0.068454
384	0.000004	0.000000	0.000000	0.001474	0.930803	0.000000	0.000017	0.000000	0.067702
385	0.000002	0.000000	0.000000	0.001463	0.931675	0.000000	0.000012	0.000000	0.066848
386	0.000001	0.000000	0.000000	0.001471	0.932635	0.000000	0.000008	0.000000	0.065885
387	0.000002	0.000000	0.000000	0.001468	0.933460	0.000000	0.000006	0.000000	0.065064
388	0.000002	0.000000	0.000000	0.001475	0.934224	0.000000	0.000007	0.000000	0.064292
389	0.000002	0.000000	0.000000	0.001468	0.934965	0.000000	0.000009	0.000000	0.063556
390	0.000001	0.000000	0.000000	0.001474	0.935585	0.000000	0.000006	0.000000	0.062934
391	0.000000	0.000000	0.000000	0.001408	0.936341	0.000000	0.000005	0.000000	0.062246
392	0.000000	0.000000	0.000000	0.001350	0.937089	0.000000	0.000008	0.000000	0.061553
393	0.000000	0.000000	0.000000	0.001407	0.937655	0.000000	0.000007	0.000000	0.060931
394	0.000000	0.000000	0.000000	0.001449	0.938500	0.000000	0.000008	0.000000	0.060043
395	0.000000	0.000000	0.000000	0.001440	0.939083	0.000000	0.000006	0.000000	0.059471
396	0.000000	0.000000	0.000000	0.001431	0.939951	0.000000	0.000002	0.000000	0.058616
397	0.000000	0.000000	0.000000	0.001390	0.940704	0.000000	0.000004	0.000000	0.057902
398	0.000000	0.000000	0.000000	0.001437	0.941338	0.000000	0.000003	0.000000	0.057222
399	0.000000	0.000000	0.000000	0.001447	0.941916	0.000000	0.000004	0.000000	0.056633
400	0.000000	0.000000	0.000000	0.001445	0.942455	0.000000	0.000002	0.000000	0.056098
401	0.000000	0.000000	0.000000	0.001449	0.943138	0.000000	0.000003	0.000000	0.055410
402	0.000000	0.000000	0.000000	0.001414	0.943986	0.000000	0.000001	0.000000	0.054599
403	0.000000	0.000000	0.000000	0.001420	0.944729	0.000000	0.000003	0.000000	0.053848
404	0.000000	0.000000	0.000000	0.001448	0.945457	0.000000	0.000001	0.000000	0.053094
405	0.000000	0.000000	0.000000	0.001448	0.946117	0.000000	0.000001	0.000000	0.052434
406	0.000000	0.000000	0.000000	0.001396	0.946685	0.000000	0.000001	0.000000	0.051918
407	0.000000	0.000000	0.000000	0.001420	0.947408	0.000000	0.000002	0.000000	0.051170
408	0.000000	0.000000	0.000000	0.001442	0.948184	0.000000	0.000002	0.000000	0.050372
409	0.000000	0.000000	0.000000	0.001469	0.948880	0.000000	0.000002	0.000000	0.049649
410	0.000000	0.000000	0.000000	0.001448	0.949548	0.000000	0.000002	0.000000	0.049002
411	0.000000	0.000000	0.000000	0.001436	0.950228	0.000000	0.000003	0.000000	0.048333
412	0.000000	0.000000	0.000000	0.001445	0.950766	0.000000	0.000000	0.000000	0.047789
413	0.000000	0.000000	0.000000	0.001452	0.951420	0.000000	0.000000	0.000000	0.047128
414	0.000000	0.000000	0.000000	0.001480	0.952084	0.000000	0.000000	0.000000	0.046436
415	0.000000	0.000000	0.000000	0.001485	0.952614	0.000000	0.000000	0.000000	0.045901
416	0.000000	0.000000	0.000000	0.001473	0.953152	0.000000	0.000000	0.000000	0.045375
417	0.000000	0.000000	0.000000	0.001472	0.953653	0.000000	0.000000	0.000000	0.044875
418	0.000000	0.000000	0.000000	0.001396	0.954326	0.000000	0.000000	0.000000	0.044278
419	0.000000	0.000000	0.000000	0.001363	0.954868	0.000000	0.000000	0.000000	0.043769
420	0.000000	0.000000	0.000000	0.001339	0.955497	0.000000	0.000000	0.000000	0.043164
421	0.000000	0.000000	0.000000	0.001343	0.955926	0.000000	0.000000	0.000000	0.042731
422	0.000000	0.000000	0.000000	0.001327	0.956453	0.000000	0.000000	0.000000	0.042220
423	0.000000	0.000000	0.000000	0.001323	0.957076	0.000000	0.000000	0.000000	0.041601
424	0.000000	0.000000	0.000000	0.001333	0.957533	0.000000	0.000000	0.000000	0.041134
425	0.000000	0.000000	0.000000	0.001315	0.958054	0.000000	0.000000	0.000000	0.040631
426	0.000000	0.000000	0.000000	0.001321	0.958648	0.000000	0.000000	0.000000	0.040031
427	0.000000	0.000000	0.000000	0.001292	0.959306	0.000000	0.000000	0.000000	0.039402
428	0.000000	0.000000	0.000000	0.001257	0.959745	0.000000	0.000000	0.000000	0.038998
429	0.000000	0.000000	0.000000	0.001250	0.960284	0.000000	0.000000	0.000000	0.038466
430	0.000000	0.000000	0.000000	0.001279	0.960660	0.000000	0.000000	0.000000	0.038061
431	0.000000	0.000000	0.000000	0.001274	0.961217	0.000000	0.000000	0.000000	0.037509
432	0.000000	0.000000	0.000000	0.001275	0.961632	0.000000	0.000000	0.000000	0.037093
433	0.000000	0.000000	0.000000	0.001277	0.962103	0.000000	0.000000	0.000000	0.036620
434	0.000000	0.000000	0.000000	0.001260	0.962503	0.000000	0.000000	0.000000	0.036237
435	0.000000	0.000000	0.000000	0.001230	0.963007	0.000000	0.000000	0.000000	0.035763
436	0.000000	0.000000	0.000000	0.001190	0.963616	0.000000	0.000000	0.000000	0.035194
437	0.000000	0.000000	0.000000	0.001212	0.964166	0.000000	0.000000	0.000000	0.034622
438	0.000000	0.000000	0.000000	0.001263	0.964678	0.000000	0.000000	0.000000	0.034059
439	0.000000	0.000000	0.000000	0.001259	0.965117	0.000000	0.000000	0.000000	0.033624
440	0.000000	0.000000	0.000000	0.001206	0.965505	0.000000	0.000000	0.000000	0.033289
441	0.000000	0.000000	0.000000	0.001177	0.965817	0.000000	0.000000	0.000000	0.033006
442	0.000000	0.000000	0.000000	0.001153	0.966266	0.000000	0.000000	0.000000	0.032581
443	0.000000	0.000000	0.000000	0.001151	0.966628	0.000000	0.000000	0.000000	0.032221
444	0.000000	0.000000	0.000000	0.001204	0.967107	0.000000	0.000000	0.000000	0.031689
445	0.000000	0.000000	0.000000	0.001211	0.967545	0.000000	0.000000	0.000000	0.031244
446	0.000000	0.000000	0.000000	0.001223	0.967945	0.000000	0.000000	0.000000	0.030832
447	0.000000	0.000000	0.000000	0.001238	0.968391	0.000000	0.000000	0.000000	0.030371
448	0.000000	0.000000	0.000000	0.001267	0.968844	0.000000	0.000000	0.000000	0.029889
449	0.000000	0.000000	0.000000	0.001291	0.969169	0.000000	0.000000	0.000000	0.029540
450	0.000000	0.000000	0.000000	0.001261	0.969601	0.000000	0.000000	0.000000	0.029138
451	0.000000	0.000000	0.000000	0.001293	0.970024	0.000000	0.000000	0.000000	0.028683
452	0.000000	0.000000	0.000000	0.001252	0.970427	0.000000	0.000000	0.000000	0.028321
453	0.000000	0.000000	0.000000	0.001232	0.970811	0.000000	0.000000	0.000000	0.027957
454	0.000000	0.000000	0.000000	0.001284	0.971176	0.000000	0.000000	0.000000	0.027540
455	0.000000	0.000000	0.000000	0.001271	0.971544	0.000000	0.000000	0.000000	0.027185
456	0.000000	0.000000	0.000000	0.001298	0.971903	0.000000	0.000000	0.000000	0.026799
457	0.000000	0.000000	0.000000	0.001284	0.972160	0.000000	0.000000	0.000000	0.026556
458	0.000000	0.000000	0.000000	0.001268	0.972562	0.000000	0.000000	0.000000	0.026170
459	0.000000	0.000000	0.000000	0.001285	0.972902	0.000000	0.000000	0.000000	0.025813
460	0.000000	0.000000	0.000000	0.001303	0.973217	0.000000	0.000000	0.000000	0.025480
461	0.000000	0.000000	0.000000	0.001281	0.973350	0.000000	0.000000	0.000000	0.025369
462	0.000000	0.000000	0.000000	0.001285	0.973594	0.000000	0.000000	0.000000	0.025121
463	0.000000	0.000000	0.000000	0.001333	0.973995	0.000000	0.000000	0.000000	0.024672
464	0.000000	0.000000	0.000000	0.001354	0.974358	0.000000	0.000000	0.000000	0.024288
465	0.000000	0.000000	0.000000	0.001324	0.974712	0.000000	0.000000	0.000000	0.023964
466	0.000000	0.000000	0.000000	0.001290	0.975049	0.000000	0.000000	0.000000	0.023661
467	0.000000	0.000000	0.000000	0.001239	0.975348	0.000000	0.000000	0.000000	0.023413
468	0.000000	0.000000	0.000000	0.001261	0.975667	0.000000	0.000000	0.000000	0.023072
469	0.000000	0.000000	0.000000	0.001289	0.975921	0.000000	0.000000	0.000000	0.022790
470	0.000000	0.000000	0.000000	0.001281	0.976345	0.000000	0.000000	0.000000	0.022374
