0	0.290663	0.057897	0.229473	0.157588	0.029913	0.111872	0.085455	0.012259	0.024880
1	0.232183	0.047757	0.201405	0.143223	0.029063	0.124401	0.112156	0.021943	0.087869
2	0.233558	0.047603	0.200280	0.140705	0.029856	0.122274	0.109195	0.021324	0.095205
3	0.241039	0.047874	0.199579	0.138713	0.031554	0.118338	0.103583	0.019824	0.099496
4	0.250112	0.048417	0.198976	0.136862	0.032838	0.113785	0.097564	0.018347	0.103099
5	0.258968	0.048801	0.199118	0.135121	0.034169	0.109216	0.091759	0.016937	0.105911
6	0.267789	0.049512	0.197888	0.134160	0.035451	0.103718	0.085952	0.015808	0.109722
7	0.276990	0.049429	0.196865	0.131710	0.037273	0.099054	0.080713	0.014631	0.113335
8	0.285733	0.049169	0.195939	0.129320	0.039335	0.094518	0.075538	0.013474	0.116974
9	0.294412	0.049351	0.195058	0.126725	0.041017	0.089780	0.071013	0.012614	0.120030
10	0.302869	0.049074	0.192903	0.124889	0.043084	0.085792	0.066926	0.011630	0.122833
11	0.310982	0.048649	0.190915	0.122768	0.045202	0.081562	0.062815	0.010705	0.126402
12	0.318900	0.048669	0.189174	0.120722	0.047025	0.077200	0.059465	0.009838	0.129007
13	0.327319	0.048709	0.186580	0.118660	0.048942	0.073253	0.055663	0.009290	0.131584
14	0.335824	0.048394	0.184115	0.115359	0.051284	0.069622	0.052580	0.008714	0.134108
15	0.343244	0.048087	0.181362	0.113242	0.053366	0.066477	0.049171	0.008128	0.136923
16	0.351280	0.047686	0.178150	0.110953	0.055747	0.063260	0.046145	0.007595	0.139184
17	0.359157	0.047330	0.175446	0.108413	0.058405	0.059654	0.043588	0.007039	0.140968
18	0.366946	0.046846	0.172196	0.106585	0.061133	0.056522	0.040802	0.006490	0.142480
19	0.374184	0.046331	0.168451	0.104346	0.064016	0.053406	0.038569	0.006032	0.144665
20	0.381082	0.045647	0.165193	0.102829	0.067038	0.050496	0.036111	0.005635	0.145969
21	0.387941	0.045591	0.161945	0.101104	0.070118	0.047742	0.033706	0.005218	0.146635
22	0.394563	0.045122	0.158984	0.099026	0.072857	0.045390	0.031352	0.004771	0.147935
23	0.401145	0.044699	0.155717	0.096921	0.076106	0.043157	0.029189	0.004380	0.148686
24	0.407595	0.043959	0.152184	0.095392	0.079723	0.040582	0.027486	0.004105	0.148974
25	0.413569	0.043426	0.148896	0.093578	0.083011	0.038685	0.025718	0.003878	0.149239
26	0.420390	0.042635	0.145605	0.091378	0.086159	0.036659	0.023848	0.003558	0.149768
27	0.426049	0.042299	0.141969	0.090168	0.089813	0.034566	0.022303	0.003268	0.149565
28	0.431667	0.041502	0.138568	0.088370	0.093519	0.033013	0.021123	0.003079	0.149159
29	0.436839	0.040725	0.135626	0.087047	0.097195	0.031445	0.019706	0.002781	0.148636
30	0.441763	0.039985	0.132459	0.085446	0.101339	0.030102	0.018273	0.002580	0.148053
31	0.447102	0.039309	0.129316	0.083953	0.105426	0.028741	0.017125	0.002293	0.146735
32	0.451261	0.038724	0.126474	0.082602	0.109526	0.027496	0.015710	0.002063	0.146144
33	0.456126	0.037954	0.124121	0.081024	0.113711	0.026113	0.014594	0.001910	0.144447
34	0.461039	0.037181	0.121027	0.079587	0.118315	0.024728	0.013380	0.001768	0.142975
35	0.464895	0.036681	0.117774	0.077847	0.123381	0.023491	0.012604	0.001617	0.141710
36	0.469449	0.035922	0.114511	0.076347	0.128476	0.022470	0.011503	0.001536	0.139786
37	0.473550	0.035219	0.111616	0.074733	0.133174	0.021424	0.010645	0.001389	0.138250
38	0.477294	0.034789	0.107951	0.073532	0.138083	0.020470	0.009916	0.001216	0.136749
39	0.480757	0.034373	0.105246	0.072235	0.143519	0.019487	0.009052	0.001143	0.134188
40	0.484638	0.033501	0.102374	0.070738	0.148698	0.018710	0.008466	0.001064	0.131811
41	0.487960	0.032941	0.099553	0.069678	0.153928	0.017725	0.007813	0.000915	0.129487
42	0.490741	0.032179	0.096902	0.068612	0.159621	0.016947	0.007207	0.000837	0.126954
43	0.493174	0.031573	0.094473	0.067592	0.165101	0.016175	0.006579	0.000804	0.124529
44	0.496080	0.030843	0.091345	0.066792	0.170989	0.015490	0.005979	0.000695	0.121787
45	0.497947	0.030129	0.088850	0.065730	0.177311	0.014840	0.005609	0.000679	0.118905
46	0.500628	0.029597	0.086225	0.064621	0.183398	0.014238	0.005042	0.000584	0.115667
47	0.503102	0.029043	0.084117	0.063471	0.189152	0.013610	0.004535	0.000515	0.112455
48	0.504482	0.028398	0.081676	0.062758	0.195682	0.013114	0.004233	0.000460	0.109197
49	0.505678	0.028075	0.079323	0.062174	0.201848	0.012719	0.003932	0.000450	0.105801
50	0.506813	0.027566	0.077222	0.061462	0.208467	0.012269	0.003501	0.000400	0.102300
51	0.507830	0.026933	0.074940	0.060908	0.215299	0.011713	0.003281	0.000372	0.098724
52	0.508705	0.026275	0.072893	0.060290	0.222077	0.011299	0.002976	0.000323	0.095162
53	0.508756	0.025810	0.071151	0.059563	0.229113	0.010902	0.002706	0.000286	0.091713
54	0.509227	0.025105	0.069484	0.058947	0.235747	0.010518	0.002464	0.000250	0.088258
55	0.508785	0.024458	0.067615	0.058422	0.242547	0.010284	0.002297	0.000250	0.085342
56	0.509495	0.023921	0.065537	0.057627	0.249393	0.010010	0.002099	0.000225	0.081693
57	0.508620	0.023396	0.063736	0.057143	0.256945	0.009743	0.001875	0.000189	0.078353
58	0.507751	0.022836	0.061849	0.056603	0.264357	0.009495	0.001705	0.000183	0.075221
59	0.506613	0.022219	0.060102	0.056444	0.271933	0.009138	0.001459	0.000174	0.071918
60	0.505278	0.021648	0.058154	0.056014	0.279295	0.008910	0.001356	0.000161	0.069184
61	0.503901	0.021211	0.056778	0.055443	0.286645	0.008677	0.001168	0.000134	0.066043
62	0.501522	0.020878	0.055326	0.055096	0.294706	0.008305	0.001030	0.000132	0.063005
63	0.499240	0.020282	0.053503	0.054666	0.302563	0.008258	0.000964	0.000121	0.060403
64	0.496834	0.019549	0.051875	0.054315	0.310812	0.008048	0.000875	0.000128	0.057564
65	0.493661	0.019111	0.050613	0.054146	0.318929	0.007760	0.000813	0.000106	0.054861
66	0.490797	0.018590	0.049069	0.054038	0.326716	0.007602	0.000740	0.000106	0.052342
67	0.487296	0.018188	0.047656	0.054121	0.335052	0.007418	0.000663	0.000109	0.049497
68	0.484316	0.017588	0.046488	0.053753	0.342965	0.007308	0.000550	0.000096	0.046936
69	0.480522	0.016987	0.045231	0.053643	0.351314	0.007104	0.000510	0.000083	0.044606
70	0.476914	0.016559	0.043969	0.053466	0.359241	0.006941	0.000458	0.000081	0.042371
71	0.472861	0.015962	0.042644	0.053078	0.368194	0.006838	0.000392	0.000067	0.039964
72	0.469249	0.015468	0.041396	0.053019	0.375930	0.006811	0.000365	0.000066	0.037696
73	0.464843	0.014983	0.040824	0.052648	0.384199	0.006585	0.000323	0.000067	0.035528
74	0.460233	0.014600	0.039811	0.052313	0.392978	0.006457	0.000289	0.000056	0.033263
75	0.455119	0.014082	0.038516	0.052320	0.401780	0.006405	0.000276	0.000046	0.031456
76	0.450433	0.013540	0.037475	0.051935	0.410585	0.006309	0.000246	0.000033	0.029444
77	0.445013	0.013261	0.036550	0.051907	0.419319	0.006116	0.000201	0.000030	0.027603
78	0.439954	0.012865	0.035542	0.051553	0.427900	0.006113	0.000201	0.000022	0.025850
79	0.434532	0.012364	0.034704	0.051710	0.436091	0.006009	0.000164	0.000009	0.024417
80	0.429807	0.011924	0.033806	0.051212	0.444221	0.005983	0.000168	0.000014	0.022865
81	0.424051	0.011391	0.032691	0.051130	0.452974	0.006029	0.000138	0.000007	0.021589
82	0.418036	0.010958	0.031666	0.051353	0.461555	0.005952	0.000127	0.000008	0.020345
83	0.412378	0.010655	0.030569	0.051272	0.470032	0.005885	0.000114	0.000002	0.019093
84	0.406698	0.010105	0.029751	0.051054	0.478757	0.005822	0.000088	0.000003	0.017722
85	0.400915	0.009815	0.029052	0.050922	0.486855	0.005715	0.000084	0.000007	0.016635
86	0.395164	0.009439	0.028151	0.050942	0.494914	0.005626	0.000076	0.000003	0.015685
87	0.388894	0.008980	0.027395	0.050870	0.503406	0.005646	0.000069	0.000004	0.014736
88	0.382397	0.008679	0.026649	0.050692	0.512532	0.005467	0.000055	0.000001	0.013528
89	0.376101	0.008420	0.025645	0.050545	0.520905	0.005491	0.000048	0.000001	0.012844
90	0.369668	0.007874	0.024896	0.050683	0.529354	0.005494	0.000039	0.000000	0.011992
91	0.363459	0.007567	0.024247	0.050683	0.537612	0.005424	0.000029	0.000002	0.010977
92	0.356427	0.007227	0.023366	0.050752	0.546540	0.005261	0.000031	0.000000	0.010396
93	0.350021	0.006893	0.022809	0.050759	0.554587	0.005224	0.000028	0.000000	0.009679
94	0.343806	0.006598	0.021973	0.050797	0.562476	0.005207	0.000019	0.000000	0.009124
95	0.337659	0.006353	0.021387	0.050799	0.570075	0.005159	0.000007	0.000000	0.008561
96	0.331423	0.006092	0.020932	0.050229	0.578287	0.005160	0.000013	0.000000	0.007864
97	0.325074	0.005782	0.020258	0.050181	0.586251	0.005159	0.000008	0.000000	0.007287
98	0.318182	0.005641	0.019733	0.049963	0.594431	0.005127	0.000012	0.000000	0.006911
99	0.311749	0.005431	0.019016	0.049845	0.602404	0.005110	0.000006	0.000000	0.006439
100	0.305053	0.005277	0.018433	0.049569	0.610680	0.005082	0.000006	0.000000	0.005900
101	0.298855	0.005036	0.017675	0.049192	0.618749	0.005038	0.000004	0.000000	0.005451
102	0.292093	0.004881	0.017016	0.049486	0.626473	0.004948	0.000004	0.000000	0.005099
103	0.285363	0.004676	0.016564	0.049220	0.634583	0.004947	0.000004	0.000000	0.004643
104	0.278509	0.004386	0.016111	0.049330	0.642411	0.004986	0.000005	0.000000	0.004262
105	0.271570	0.004241	0.015743	0.049270	0.650366	0.004946	0.000005	0.000000	0.003859
106	0.264762	0.004105	0.015333	0.049551	0.657782	0.004890	0.000003	0.000000	0.003574
107	0.257979	0.003903	0.014870	0.049439	0.665737	0.004743	0.000003	0.000000	0.003326
108	0.251621	0.003627	0.014588	0.049558	0.672775	0.004836	0.000001	0.000000	0.002994
109	0.245087	0.003534	0.014118	0.049347	0.680422	0.004815	0.000000	0.000000	0.002677
110	0.238804	0.003383	0.013667	0.049409	0.687452	0.004783	0.000000	0.000000	0.002502
111	0.232696	0.003224	0.013296	0.049516	0.694238	0.004772	0.000000	0.000000	0.002258
112	0.226522	0.003111	0.012992	0.049647	0.700958	0.004714	0.000000	0.000000	0.002056
113	0.220661	0.002943	0.012587	0.049568	0.707638	0.004702	0.000000	0.000000	0.001901
114	0.214522	0.002756	0.012055	0.049560	0.714504	0.004821	0.000000	0.000000	0.001782
115	0.208286	0.002662	0.011604	0.049340	0.721600	0.004894	0.000000	0.000000	0.001614
116	0.202305	0.002563	0.011418	0.049439	0.727878	0.004877	0.000000	0.000000	0.001520
117	0.196958	0.002446	0.010829	0.049414	0.734078	0.004926	0.000000	0.000000	0.001349
118	0.191275	0.002321	0.010482	0.049118	0.740688	0.004904	0.000000	0.000000	0.001212
119	0.185334	0.002215	0.009933	0.049021	0.747485	0.004890	0.000000	0.000000	0.001122
120	0.179626	0.002132	0.009468	0.049221	0.753631	0.004882	0.000000	0.000000	0.001040
121	0.173996	0.002063	0.009257	0.049248	0.759541	0.004918	0.000000	0.000000	0.000977
122	0.168332	0.002012	0.009015	0.049414	0.765514	0.004815	0.000000	0.000000	0.000898
123	0.163133	0.001904	0.008595	0.049696	0.771036	0.004783	0.000000	0.000000	0.000853
124	0.158029	0.001747	0.008307	0.049488	0.776816	0.004822	0.000000	0.000000	0.000791
125	0.152992	0.001672	0.007955	0.049611	0.782217	0.004826	0.000000	0.000000	0.000727
126	0.147937	0.001610	0.007470	0.049850	0.787709	0.004784	0.000000	0.000000	0.000640
127	0.143187	0.001518	0.007281	0.050139	0.792452	0.004818	0.000000	0.000000	0.000605
128	0.138326	0.001416	0.007003	0.050242	0.797705	0.004759	0.000000	0.000000	0.000549
129	0.133487	0.001327	0.006742	0.050250	0.802732	0.004958	0.000000	0.000000	0.000504
130	0.129358	0.001260	0.006535	0.050106	0.807397	0.004898	0.000000	0.000000	0.000446
131	0.124945	0.001192	0.006310	0.050208	0.811995	0.004932	0.000000	0.000000	0.000418
132	0.120733	0.001109	0.006015	0.050068	0.816841	0.004828	0.000000	0.000000	0.000406
133	0.116621	0.001025	0.005819	0.050192	0.821141	0.004843	0.000000	0.000000	0.000359
134	0.112572	0.000975	0.005573	0.050122	0.825653	0.004754	0.000000	0.000000	0.000351
135	0.108493	0.000921	0.005284	0.050130	0.829915	0.004965	0.000000	0.000000	0.000292
136	0.104702	0.000850	0.005051	0.050070	0.834092	0.004966	0.000000	0.000000	0.000269
137	0.100698	0.000801	0.004844	0.050078	0.838451	0.004889	0.000000	0.000000	0.000239
138	0.096751	0.000763	0.004614	0.049984	0.842740	0.004924	0.000000	0.000000	0.000224
139	0.093334	0.000708	0.004444	0.050266	0.846129	0.004920	0.000000	0.000000	0.000199
140	0.089626	0.000671	0.004286	0.050537	0.849785	0.004905	0.000000	0.000000	0.000190
141	0.086292	0.000649	0.004204	0.050645	0.853120	0.004912	0.000000	0.000000	0.000178
142	0.082885	0.000622	0.004053	0.050619	0.856708	0.004949	0.000000	0.000000	0.000164
143	0.079557	0.000552	0.003914	0.050509	0.860268	0.005046	0.000000	0.000000	0.000154
144	0.076642	0.000521	0.003805	0.050757	0.863012	0.005131	0.000000	0.000000	0.000132
145	0.073330	0.000475	0.003637	0.050899	0.866404	0.005122	0.000000	0.000000	0.000133
146	0.070438	0.000479	0.003490	0.050802	0.869506	0.005161	0.000000	0.000000	0.000124
147	0.067489	0.000455	0.003369	0.050683	0.872794	0.005082	0.000000	0.000000	0.000128
148	0.064657	0.000406	0.003185	0.050951	0.875587	0.005115	0.000000	0.000000	0.000099
149	0.061784	0.000399	0.003103	0.050727	0.878788	0.005117	0.000000	0.000000	0.000082
150	0.059007	0.000388	0.002936	0.050826	0.881644	0.005124	0.000000	0.000000	0.000075
151	0.056604	0.000368	0.002809	0.050925	0.884094	0.005122	0.000000	0.000000	0.000078
152	0.054387	0.000342	0.002703	0.050598	0.886790	0.005136	0.000000	0.000000	0.000044
153	0.052082	0.000313	0.002515	0.050573	0.889372	0.005103	0.000000	0.000000	0.000042
154	0.049813	0.000283	0.002453	0.050625	0.891728	0.005063	0.000000	0.000000	0.000035
155	0.047696	0.000267	0.002296	0.050463	0.894197	0.005042	0.000000	0.000000	0.000039
156	0.045504	0.000274	0.002178	0.050430	0.896577	0.005003	0.000000	0.000000	0.000034
157	0.043695	0.000252	0.002040	0.050237	0.898635	0.005112	0.000000	0.000000	0.000029
158	0.041607	0.000243	0.001965	0.050198	0.900938	0.005021	0.000000	0.000000	0.000028
159	0.039757	0.000244	0.001886	0.049927	0.903123	0.005043	0.000000	0.000000	0.000020
160	0.037962	0.000210	0.001753	0.049875	0.905104	0.005071	0.000000	0.000000	0.000025
161	0.036323	0.000162	0.001654	0.049763	0.907010	0.005072	0.000000	0.000000	0.000016
162	0.034815	0.000151	0.001603	0.049670	0.908730	0.005010	0.000000	0.000000	0.000021
163	0.033194	0.000131	0.001526	0.049754	0.910335	0.005042	0.000000	0.000000	0.000018
164	0.031821	0.000130	0.001455	0.049906	0.911711	0.004962	0.000000	0.000000	0.000015
165	0.030284	0.000119	0.001417	0.050143	0.913083	0.004942	0.000000	0.000000	0.000012
166	0.029003	0.000099	0.001334	0.049871	0.914696	0.004985	0.000000	0.000000	0.000012
167	0.027563	0.000095	0.001296	0.049763	0.916267	0.005008	0.000000	0.000000	0.000008
168	0.026152	0.000095	0.001264	0.049689	0.917782	0.005011	0.000000	0.000000	0.000007
169	0.024972	0.000081	0.001206	0.049330	0.919294	0.005112	0.000000	0.000000	0.000005
170	0.023767	0.000056	0.001145	0.049301	0.920620	0.005106	0.000000	0.000000	0.000005
171	0.022697	0.000052	0.001073	0.049447	0.921591	0.005138	0.000000	0.000000	0.000002
172	0.021661	0.000055	0.001023	0.049705	0.922454	0.005099	0.000000	0.000000	0.000003
173	0.020604	0.000051	0.000953	0.049526	0.923692	0.005171	0.000000	0.000000	0.000003
174	0.019543	0.000045	0.000892	0.049705	0.924703	0.005108	0.000000	0.000000	0.000004
175	0.018635	0.000044	0.000857	0.049451	0.925927	0.005082	0.000000	0.000000	0.000004
176	0.017669	0.000035	0.000807	0.049355	0.927070	0.005060	0.000000	0.000000	0.000004
177	0.016769	0.000029	0.000778	0.049321	0.928029	0.005072	0.000000	0.000000	0.000002
178	0.015877	0.000023	0.000723	0.049466	0.928756	0.005154	0.000000	0.000000	0.000001
179	0.015076	0.000024	0.000676	0.049403	0.929668	0.005152	0.000000	0.000000	0.000001
180	0.014163	0.000030	0.000660	0.049504	0.930524	0.005118	0.000000	0.000000	0.000001
181	0.013446	0.000023	0.000628	0.049548	0.931184	0.005171	0.000000	0.000000	0.000000
182	0.012784	0.000026	0.000578	0.049594	0.931856	0.005162	0.000000	0.000000	0.000000
183	0.012118	0.000026	0.000542	0.049515	0.932450	0.005349	0.000000	0.000000	0.000000
184	0.011427	0.000018	0.000503	0.049879	0.932909	0.005264	0.000000	0.000000	0.000000
185	0.010745	0.000017	0.000480	0.049996	0.933479	0.005283	0.000000	0.000000	0.000000
186	0.010159	0.000010	0.000444	0.049916	0.934162	0.005309	0.000000	0.000000	0.000000
187	0.009553	0.000014	0.000428	0.049900	0.934787	0.005318	0.000000	0.000000	0.000000
188	0.009044	0.000010	0.000403	0.050064	0.935142	0.005337	0.000000	0.000000	0.000000
189	0.008513	0.000010	0.000397	0.049859	0.935807	0.005414	0.000000	0.000000	0.000000
190	0.008102	0.000008	0.000379	0.050120	0.936057	0.005334	0.000000	0.000000	0.000000
191	0.007602	0.000010	0.000361	0.050083	0.936577	0.005367	0.000000	0.000000	0.000000
192	0.007061	0.000016	0.000351	0.049763	0.937392	0.005417	0.000000	0.000000	0.000000
193	0.006673	0.000014	0.000346	0.049807	0.937694	0.005466	0.000000	0.000000	0.000000
194	0.006188	0.000015	0.000313	0.049874	0.938166	0.005444	0.000000	0.000000	0.000000
195	0.005825	0.000007	0.000288	0.049750	0.938683	0.005447	0.000000	0.000000	0.000000
196	0.005516	0.000005	0.000272	0.049873	0.938901	0.005433	0.000000	0.000000	0.000000
197	0.005191	0.000009	0.000267	0.049919	0.939164	0.005450	0.000000	0.000000	0.000000
198	0.004854	0.000010	0.000258	0.049835	0.939580	0.005463	0.000000	0.000000	0.000000
199	0.004579	0.000012	0.000245	0.049739	0.939975	0.005450	0.000000	0.000000	0.000000
200	0.004238	0.000011	0.000237	0.049901	0.940140	0.005473	0.000000	0.000000	0.000000
201	0.003982	0.000006	0.000230	0.049805	0.940458	0.005519	0.000000	0.000000	0.000000
202	0.003763	0.000007	0.000216	0.049620	0.940765	0.005629	0.000000	0.000000	0.000000
203	0.003567	0.000007	0.000212	0.049665	0.940926	0.005623	0.000000	0.000000	0.000000
204	0.003306	0.000008	0.000205	0.049704	0.941141	0.005636	0.000000	0.000000	0.000000
205	0.003110	0.000006	0.000188	0.049425	0.941620	0.005651	0.000000	0.000000	0.000000
206	0.002944	0.000005	0.000176	0.049839	0.941446	0.005590	0.000000	0.000000	0.000000
207	0.002771	0.000007	0.000171	0.049776	0.941692	0.005583	0.000000	0.000000	0.000000
208	0.002613	0.000002	0.000174	0.049976	0.941638	0.005597	0.000000	0.000000	0.000000
209	0.002414	0.000002	0.000157	0.050026	0.941753	0.005648	0.000000	0.000000	0.000000
210	0.002281	0.000004	0.000146	0.050155	0.941756	0.005658	0.000000	0.000000	0.000000
211	0.002136	0.000004	0.000127	0.050091	0.942106	0.005536	0.000000	0.000000	0.000000
212	0.001989	0.000002	0.000117	0.050266	0.942052	0.005574	0.000000	0.000000	0.000000
213	0.001839	0.000002	0.000112	0.050243	0.942209	0.005595	0.000000	0.000000	0.000000
214	0.001722	0.000001	0.000114	0.050269	0.942278	0.005616	0.000000	0.000000	0.000000
215	0.001610	0.000000	0.000105	0.050290	0.942310	0.005685	0.000000	0.000000	0.000000
216	0.001540	0.000000	0.000096	0.050284	0.942415	0.005665	0.000000	0.000000	0.000000
217	0.001417	0.000000	0.000100	0.050258	0.942653	0.005572	0.000000	0.000000	0.000000
218	0.001340	0.000000	0.000105	0.050286	0.942741	0.005528	0.000000	0.000000	0.000000
219	0.001261	0.000000	0.000103	0.050400	0.942601	0.005635	0.000000	0.000000	0.000000
220	0.001227	0.000000	0.000096	0.050500	0.942523	0.005654	0.000000	0.000000	0.000000
221	0.001153	0.000000	0.000104	0.050191	0.942866	0.005686	0.000000	0.000000	0.000000
222	0.001087	0.000000	0.000097	0.050350	0.942813	0.005653	0.000000	0.000000	0.000000
223	0.000987	0.000000	0.000092	0.050223	0.943050	0.005648	0.000000	0.000000	0.000000
224	0.000937	0.000000	0.000088	0.050363	0.942938	0.005674	0.000000	0.000000	0.000000
225	0.000869	0.000000	0.000079	0.050402	0.942940	0.005710	0.000000	0.000000	0.000000
226	0.000823	0.000000	0.000078	0.050841	0.942540	0.005718	0.000000	0.000000	0.000000
227	0.000740	0.000000	0.000069	0.050675	0.942803	0.005713	0.000000	0.000000	0.000000
228	0.000693	0.000000	0.000072	0.050765	0.942741	0.005729	0.000000	0.000000	0.000000
229	0.000655	0.000000	0.000065	0.050823	0.942734	0.005723	0.000000	0.000000	0.000000
230	0.000630	0.000000	0.000061	0.050872	0.942659	0.005778	0.000000	0.000000	0.000000
231	0.000588	0.000000	0.000064	0.050706	0.942936	0.005706	0.000000	0.000000	0.000000
232	0.000580	0.000000	0.000057	0.050689	0.942979	0.005695	0.000000	0.000000	0.000000
233	0.000562	0.000000	0.000050	0.050564	0.943110	0.005714	0.000000	0.000000	0.000000
234	0.000537	0.000000	0.000049	0.050397	0.943273	0.005744	0.000000	0.000000	0.000000
235	0.000494	0.000000	0.000043	0.050549	0.943176	0.005738	0.000000	0.000000	0.000000
236	0.000462	0.000000	0.000045	0.050975	0.942683	0.005835	0.000000	0.000000	0.000000
237	0.000414	0.000000	0.000045	0.050844	0.942959	0.005738	0.000000	0.000000	0.000000
238	0.000415	0.000000	0.000045	0.050815	0.943037	0.005688	0.000000	0.000000	0.000000
239	0.000389	0.000000	0.000035	0.051041	0.942827	0.005708	0.000000	0.000000	0.000000
240	0.000355	0.000000	0.000032	0.050745	0.943294	0.005574	0.000000	0.000000	0.000000
241	0.000312	0.000000	0.000032	0.051169	0.942947	0.005540	0.000000	0.000000	0.000000
242	0.000299	0.000000	0.000031	0.051107	0.942942	0.005621	0.000000	0.000000	0.000000
243	0.000315	0.000000	0.000027	0.051086	0.942897	0.005675	0.000000	0.000000	0.000000
244	0.000278	0.000000	0.000027	0.051159	0.942913	0.005623	0.000000	0.000000	0.000000
245	0.000246	0.000000	0.000027	0.051272	0.942799	0.005656	0.000000	0.000000	0.000000
246	0.000244	0.000000	0.000022	0.051124	0.942937	0.005673	0.000000	0.000000	0.000000
247	0.000238	0.000000	0.000020	0.051236	0.942874	0.005632	0.000000	0.000000	0.000000
248	0.000233	0.000000	0.000015	0.051173	0.942862	0.005717	0.000000	0.000000	0.000000
249	0.000225	0.000000	0.000013	0.050989	0.943167	0.005606	0.000000	0.000000	0.000000
250	0.000197	0.000000	0.000013	0.051072	0.942941	0.005777	0.000000	0.000000	0.000000
251	0.000194	0.000000	0.000012	0.051118	0.942860	0.005816	0.000000	0.000000	0.000000
252	0.000167	0.000000	0.000014	0.051289	0.942764	0.005766	0.000000	0.000000	0.000000
253	0.000163	0.000000	0.000007	0.051242	0.942738	0.005850	0.000000	0.000000	0.000000
254	0.000164	0.000000	0.000008	0.051385	0.942641	0.005802	0.000000	0.000000	0.000000
255	0.000161	0.000000	0.000009	0.051249	0.942737	0.005844	0.000000	0.000000	0.000000
256	0.000129	0.000000	0.000005	0.051254	0.942647	0.005965	0.000000	0.000000	0.000000
257	0.000126	0.000000	0.000004	0.051437	0.942488	0.005945	0.000000	0.000000	0.000000
258	0.000117	0.000000	0.000002	0.051306	0.942616	0.005959	0.000000	0.000000	0.000000
259	0.000104	0.000000	0.000003	0.051322	0.942543	0.006028	0.000000	0.000000	0.000000
260	0.000097	0.000000	0.000000	0.051232	0.942687	0.005984	0.000000	0.000000	0.000000
261	0.000089	0.000000	0.000000	0.051148	0.942686	0.006077	0.000000	0.000000	0.000000
262	0.000084	0.000000	0.000000	0.051288	0.942481	0.006147	0.000000	0.000000	0.000000
263	0.000068	0.000000	0.000000	0.051152	0.942671	0.006109	0.000000	0.000000	0.000000
264	0.000066	0.000000	0.000000	0.050993	0.942732	0.006209	0.000000	0.000000	0.000000
265	0.000066	0.000000	0.000000	0.051212	0.942596	0.006126	0.000000	0.000000	0.000000
266	0.000054	0.000000	0.000000	0.051105	0.942677	0.006164	0.000000	0.000000	0.000000
267	0.000047	0.000000	0.000000	0.051024	0.942755	0.006174	0.000000	0.000000	0.000000
268	0.000044	0.000000	0.000000	0.051101	0.942775	0.006080	0.000000	0.000000	0.000000
269	0.000028	0.000000	0.000000	0.051503	0.942308	0.006161	0.000000	0.000000	0.000000
270	0.000019	0.000000	0.000000	0.051550	0.942265	0.006166	0.000000	0.000000	0.000000
271	0.000012	0.000000	0.000000	0.051672	0.942065	0.006251	0.000000	0.000000	0.000000
272	0.000011	0.000000	0.000000	0.051405	0.942363	0.006221	0.000000	0.000000	0.000000
273	0.000010	0.000000	0.000000	0.051456	0.942354	0.006180	0.000000	0.000000	0.000000
274	0.000015	0.000000	0.000000	0.051420	0.942237	0.006328	0.000000	0.000000	0.000000
275	0.000020	0.000000	0.000000	0.051228	0.942542	0.006210	0.000000	0.000000	0.000000
276	0.000020	0.000000	0.000000	0.051135	0.942443	0.006402	0.000000	0.000000	0.000000
277	0.000022	0.000000	0.000000	0.051123	0.942502	0.006353	0.000000	0.000000	0.000000
278	0.000020	0.000000	0.000000	0.051282	0.942262	0.006436	0.000000	0.000000	0.000000
279	0.000017	0.000000	0.000000	0.051335	0.942166	0.006482	0.000000	0.000000	0.000000
280	0.000008	0.000000	0.000000	0.051482	0.941990	0.006520	0.000000	0.000000	0.000000
281	0.000005	0.000000	0.000000	0.051288	0.942202	0.006505	0.000000	0.000000	0.000000
282	0.000001	0.000000	0.000000	0.050823	0.942590	0.006586	0.000000	0.000000	0.000000
283	0.000004	0.000000	0.000000	0.050904	0.942512	0.006580	0.000000	0.000000	0.000000
284	0.000004	0.000000	0.000000	0.050866	0.942688	0.006442	0.000000	0.000000	0.000000
285	0.000003	0.000000	0.000000	0.050778	0.942707	0.006512	0.000000	0.000000	0.000000
286	0.000005	0.000000	0.000000	0.050659	0.942851	0.006485	0.000000	0.000000	0.000000
287	0.000007	0.000000	0.000000	0.050609	0.942832	0.006552	0.000000	0.000000	0.000000
288	0.000006	0.000000	0.000000	0.050555	0.942904	0.006535	0.000000	0.000000	0.000000
289	0.000005	0.000000	0.000000	0.050671	0.942686	0.006638	0.000000	0.000000	0.000000
290	0.000007	0.000000	0.000000	0.050626	0.942688	0.006679	0.000000	0.000000	0.000000
291	0.000007	0.000000	0.000000	0.050822	0.942639	0.006532	0.000000	0.000000	0.000000
292	0.000004	0.000000	0.000000	0.050710	0.942693	0.006593	0.000000	0.000000	0.000000
293	0.000003	0.000000	0.000000	0.050933	0.942464	0.006600	0.000000	0.000000	0.000000
294	0.000005	0.000000	0.000000	0.051108	0.942288	0.006599	0.000000	0.000000	0.000000
295	0.000006	0.000000	0.000000	0.051166	0.942160	0.006668	0.000000	0.000000	0.000000
296	0.000002	0.000000	0.000000	0.051018	0.942332	0.006648	0.000000	0.000000	0.000000
297	0.000003	0.000000	0.000000	0.051000	0.942260	0.006737	0.000000	0.000000	0.000000
298	0.000002	0.000000	0.000000	0.051013	0.942316	0.006669	0.000000	0.000000	0.000000
299	0.000002	0.000000	0.000000	0.050882	0.942439	0.006677	0.000000	0.000000	0.000000
300	0.000000	0.000000	0.000000	0.051092	0.942199	0.006709	0.000000	0.000000	0.000000
301	0.000000	0.000000	0.000000	0.050959	0.942307	0.006734	0.000000	0.000000	0.000000
302	0.000000	0.000000	0.000000	0.051010	0.942228	0.006762	0.000000	0.000000	0.000000
303	0.000000	0.000000	0.000000	0.051003	0.942212	0.006785	0.000000	0.000000	0.000000
304	0.000000	0.000000	0.000000	0.051334	0.941976	0.006690	0.000000	0.000000	0.000000
305	0.000000	0.000000	0.000000	0.051290	0.942022	0.006688	0.000000	0.000000	0.000000
306	0.000000	0.000000	0.000000	0.051484	0.941875	0.006641	0.000000	0.000000	0.000000
307	0.000000	0.000000	0.000000	0.051366	0.941905	0.006729	0.000000	0.000000	0.000000
308	0.000000	0.000000	0.000000	0.051175	0.942190	0.006635	0.000000	0.000000	0.000000
309	0.000000	0.000000	0.000000	0.051203	0.942155	0.006642	0.000000	0.000000	0.000000
310	0.000000	0.000000	0.000000	0.051272	0.942076	0.006652	0.000000	0.000000	0.000000
311	0.000000	0.000000	0.000000	0.051308	0.942004	0.006688	0.000000	0.000000	0.000000
312	0.000000	0.000000	0.000000	0.051397	0.941968	0.006635	0.000000	0.000000	0.000000
313	0.000000	0.000000	0.000000	0.051257	0.941963	0.006780	0.000000	0.000000	0.000000
314	0.000000	0.000000	0.000000	0.051240	0.942048	0.006712	0.000000	0.000000	0.000000
315	0.000000	0.000000	0.000000	0.051112	0.942091	0.006797	0.000000	0.000000	0.000000
316	0.000000	0.000000	0.000000	0.051046	0.942148	0.006806	0.000000	0.000000	0.000000
317	0.000000	0.000000	0.000000	0.050971	0.942311	0.006718	0.000000	0.000000	0.000000
318	0.000000	0.000000	0.000000	0.051192	0.942108	0.006700	0.000000	0.000000	0.000000
319	0.000000	0.000000	0.000000	0.050916	0.942434	0.006650	0.000000	0.000000	0.000000
320	0.000000	0.000000	0.000000	0.051085	0.942273	0.006642	0.000000	0.000000	0.000000
321	0.000000	0.000000	0.000000	0.050911	0.942444	0.006645	0.000000	0.000000	0.000000
322	0.000000	0.000000	0.000000	0.050791	0.942570	0.006639	0.000000	0.000000	0.000000
323	0.000000	0.000000	0.000000	0.050675	0.942538	0.006787	0.000000	0.000000	0.000000
324	0.000000	0.000000	0.000000	0.050737	0.942542	0.006721	0.000000	0.000000	0.000000
325	0.000000	0.000000	0.000000	0.050838	0.942472	0.006690	0.000000	0.000000	0.000000
326	0.000000	0.000000	0.000000	0.050986	0.942544	0.006470	0.000000	0.000000	0.000000
327	0.000000	0.000000	0.000000	0.050997	0.942498	0.006505	0.000000	0.000000	0.000000
328	0.000000	0.000000	0.000000	0.050886	0.942483	0.006631	0.000000	0.000000	0.000000
329	0.000000	0.000000	0.000000	0.050603	0.942852	0.006545	0.000000	0.000000	0.000000
330	0.000000	0.000000	0.000000	0.050744	0.942682	0.006574	0.000000	0.000000	0.000000
331	0.000000	0.000000	0.000000	0.050711	0.942713	0.006576	0.000000	0.000000	0.000000
332	0.000000	0.000000	0.000000	0.050399	0.942978	0.006623	0.000000	0.000000	0.000000
333	0.000000	0.000000	0.000000	0.050433	0.942986	0.006581	0.000000	0.000000	0.000000
334	0.000000	0.000000	0.000000	0.050413	0.943061	0.006526	0.000000	0.000000	0.000000
335	0.000000	0.000000	0.000000	0.050571	0.942893	0.006536	0.000000	0.000000	0.000000
336	0.000000	0.000000	0.000000	0.050540	0.943044	0.006416	0.000000	0.000000	0.000000
337	0.000000	0.000000	0.000000	0.050363	0.943212	0.006425	0.000000	0.000000	0.000000
338	0.000000	0.000000	0.000000	0.050735	0.942822	0.006443	0.000000	0.000000	0.000000
339	0.000000	0.000000	0.000000	0.050905	0.942737	0.006358	0.000000	0.000000	0.000000
340	0.000000	0.000000	0.000000	0.050679	0.942912	0.006409	0.000000	0.000000	0.000000
341	0.000000	0.000000	0.000000	0.050715	0.942915	0.006370	0.000000	0.000000	0.000000
342	0.000000	0.000000	0.000000	0.050960	0.942688	0.006352	0.000000	0.000000	0.000000
343	0.000000	0.000000	0.000000	0.050733	0.942994	0.006273	0.000000	0.000000	0.000000
344	0.000000	0.000000	0.000000	0.050675	0.942989	0.006336	0.000000	0.000000	0.000000
345	0.000000	0.000000	0.000000	0.050481	0.943214	0.006305	0.000000	0.000000	0.000000
346	0.000000	0.000000	0.000000	0.050658	0.942950	0.006392	0.000000	0.000000	0.000000
347	0.000000	0.000000	0.000000	0.050935	0.942699	0.006366	0.000000	0.000000	0.000000
348	0.000000	0.000000	0.000000	0.051003	0.942790	0.006207	0.000000	0.000000	0.000000
349	0.000000	0.000000	0.000000	0.050991	0.942703	0.006306	0.000000	0.000000	0.000000
350	0.000000	0.000000	0.000000	0.051153	0.942574	0.006273	0.000000	0.000000	0.000000
351	0.000000	0.000000	0.000000	0.051097	0.942660	0.006243	0.000000	0.000000	0.000000
352	0.000000	0.000000	0.000000	0.050837	0.942913	0.006250	0.000000	0.000000	0.000000
353	0.000000	0.000000	0.000000	0.050943	0.942816	0.006241	0.000000	0.000000	0.000000
354	0.000000	0.000000	0.000000	0.050865	0.942932	0.006203	0.000000	0.000000	0.000000
355	0.000000	0.000000	0.000000	0.050797	0.943079	0.006124	0.000000	0.000000	0.000000
356	0.000000	0.000000	0.000000	0.050830	0.943011	0.006159	0.000000	0.000000	0.000000
357	0.000000	0.000000	0.000000	0.050765	0.943136	0.006099	0.000000	0.000000	0.000000
358	0.000000	0.000000	0.000000	0.050850	0.943088	0.006062	0.000000	0.000000	0.000000
359	0.000000	0.000000	0.000000	0.050877	0.943040	0.006083	0.000000	0.000000	0.000000
360	0.000000	0.000000	0.000000	0.050716	0.943235	0.006049	0.000000	0.000000	0.000000
361	0.000000	0.000000	0.000000	0.050825	0.943062	0.006113	0.000000	0.000000	0.000000
362	0.000000	0.000000	0.000000	0.051155	0.942742	0.006103	0.000000	0.000000	0.000000
363	0.000000	0.000000	0.000000	0.051157	0.942663	0.006180	0.000000	0.000000	0.000000
364	0.000000	0.000000	0.000000	0.050978	0.942900	0.006122	0.000000	0.000000	0.000000
365	0.000000	0.000000	0.000000	0.050874	0.943030	0.006096	0.000000	0.000000	0.000000
366	0.000000	0.000000	0.000000	0.050727	0.943096	0.006177	0.000000	0.000000	0.000000
367	0.000000	0.000000	0.000000	0.050713	0.943104	0.006183	0.000000	0.000000	0.000000
368	0.000000	0.000000	0.000000	0.050760	0.943012	0.006228	0.000000	0.000000	0.000000
369	0.000000	0.000000	0.000000	0.050583	0.943306	0.006111	0.000000	0.000000	0.000000
370	0.000000	0.000000	0.000000	0.050405	0.943472	0.006123	0.000000	0.000000	0.000000
371	0.000000	0.000000	0.000000	0.050354	0.943620	0.006026	0.000000	0.000000	0.000000
372	0.000000	0.000000	0.000000	0.050397	0.943552	0.006051	0.000000	0.000000	0.000000
373	0.000000	0.000000	0.000000	0.050433	0.943428	0.006139	0.000000	0.000000	0.000000
374	0.000000	0.000000	0.000000	0.050252	0.943613	0.006135	0.000000	0.000000	0.000000
375	0.000000	0.000000	0.000000	0.050508	0.943399	0.006093	0.000000	0.000000	0.000000
376	0.000000	0.000000	0.000000	0.050602	0.943313	0.006085	0.000000	0.000000	0.000000
377	0.000000	0.000000	0.000000	0.050609	0.943363	0.006028	0.000000	0.000000	0.000000
378	0.000000	0.000000	0.000000	0.050420	0.943519	0.006061	0.000000	0.000000	0.000000
379	0.000000	0.000000	0.000000	0.050305	0.943657	0.006038	0.000000	0.000000	0.000000
380	0.000000	0.000000	0.000000	0.050405	0.943534	0.006061	0.000000	0.000000	0.000000
381	0.000000	0.000000	0.000000	0.050430	0.943590	0.005980	0.000000	0.000000	0.000000
382	0.000000	0.000000	0.000000	0.050294	0.943693	0.006013	0.000000	0.000000	0.000000
383	0.000000	0.000000	0.000000	0.050176	0.943848	0.005976	0.000000	0.000000	0.000000
384	0.000000	0.000000	0.000000	0.050298	0.943706	0.005996	0.000000	0.000000	0.000000
385	0.000000	0.000000	0.000000	0.050130	0.943836	0.006034	0.000000	0.000000	0.000000
386	0.000000	0.000000	0.000000	0.050145	0.943739	0.006116	0.000000	0.000000	0.000000
387	0.000000	0.000000	0.000000	0.050146	0.943828	0.006026	0.000000	0.000000	0.000000
388	0.000000	0.000000	0.000000	0.050193	0.943770	0.006037	0.000000	0.000000	0.000000
389	0.000000	0.000000	0.000000	0.050193	0.943830	0.005977	0.000000	0.000000	0.000000
390	0.000000	0.000000	0.000000	0.049919	0.944072	0.006009	0.000000	0.000000	0.000000
391	0.000000	0.000000	0.000000	0.050415	0.943565	0.006020	0.000000	0.000000	0.000000
392	0.000000	0.000000	0.000000	0.050204	0.943830	0.005966	0.000000	0.000000	0.000000
393	0.000000	0.000000	0.000000	0.050363	0.943669	0.005968	0.000000	0.000000	0.000000
394	0.000000	0.000000	0.000000	0.050405	0.943564	0.006031	0.000000	0.000000	0.000000
395	0.000000	0.000000	0.000000	0.050277	0.943672	0.006051	0.000000	0.000000	0.000000
396	0.000000	0.000000	0.000000	0.050168	0.943838	0.005994	0.000000	0.000000	0.000000
397	0.000000	0.000000	0.000000	0.050046	0.943975	0.005979	0.000000	0.000000	0.000000
398	0.000000	0.000000	0.000000	0.050134	0.943821	0.006045	0.000000	0.000000	0.000000
399	0.000000	0.000000	0.000000	0.050146	0.943972	0.005882	0.000000	0.000000	0.000000
400	0.000000	0.000000	0.000000	0.050226	0.943853	0.005921	0.000000	0.000000	0.000000
401	0.000000	0.000000	0.000000	0.050129	0.943901	0.005970	0.000000	0.000000	0.000000
402	0.000000	0.000000	0.000000	0.050133	0.943906	0.005961	0.000000	0.000000	0.000000
403	0.000000	0.000000	0.000000	0.050335	0.943724	0.005941	0.000000	0.000000	0.000000
404	0.000000	0.000000	0.000000	0.050115	0.943891	0.005994	0.000000	0.000000	0.000000
405	0.000000	0.000000	0.000000	0.050089	0.943973	0.005938	0.000000	0.000000	0.000000
406	0.000000	0.000000	0.000000	0.050225	0.943810	0.005965	0.000000	0.000000	0.000000
407	0.000000	0.000000	0.000000	0.050467	0.943700	0.005833	0.000000	0.000000	0.000000
408	0.000000	0.000000	0.000000	0.050537	0.943568	0.005895	0.000000	0.000000	0.000000
409	0.000000	0.000000	0.000000	0.050232	0.943892	0.005876	0.000000	0.000000	0.000000
410	0.000000	0.000000	0.000000	0.049950	0.944171	0.005879	0.000000	0.000000	0.000000
411	0.000000	0.000000	0.000000	0.050119	0.943993	0.005888	0.000000	0.000000	0.000000
412	0.000000	0.000000	0.000000	0.050055	0.944020	0.005925	0.000000	0.000000	0.000000
413	0.000000	0.000000	0.000000	0.049887	0.944326	0.005787	0.000000	0.000000	0.000000
414	0.000000	0.000000	0.000000	0.050011	0.944246	0.005743	0.000000	0.000000	0.000000
415	0.000000	0.000000	0.000000	0.049772	0.944442	0.005786	0.000000	0.000000	0.000000
416	0.000000	0.000000	0.000000	0.049880	0.944288	0.005832	0.000000	0.000000	0.000000
417	0.000000	0.000000	0.000000	0.049650	0.944533	0.005817	0.000000	0.000000	0.000000
418	0.000000	0.000000	0.000000	0.049435	0.944708	0.005857	0.000000	0.000000	0.000000
419	0.000000	0.000000	0.000000	0.049511	0.944737	0.005752	0.000000	0.000000	0.000000
420	0.000000	0.000000	0.000000	0.049531	0.944694	0.005775	0.000000	0.000000	0.000000
421	0.000000	0.000000	0.000000	0.049577	0.944744	0.005679	0.000000	0.000000	0.000000
422	0.000000	0.000000	0.000000	0.049601	0.944706	0.005693	0.000000	0.000000	0.000000
423	0.000000	0.000000	0.000000	0.049531	0.944814	0.005655	0.000000	0.000000	0.000000
424	0.000000	0.000000	0.000000	0.049506	0.944745	0.005749	0.000000	0.000000	0.000000
425	0.000000	0.000000	0.000000	0.049687	0.944610	0.005703	0.000000	0.000000	0.000000
426	0.000000	0.000000	0.000000	0.049649	0.944666	0.005685	0.000000	0.000000	0.000000
427	0.000000	0.000000	0.000000	0.049714	0.944621	0.005665	0.000000	0.000000	0.000000
428	0.000000	0.000000	0.000000	0.049695	0.944672	0.005633	0.000000	0.000000	0.000000
429	0.000000	0.000000	0.000000	0.049589	0.944829	0.005582	0.000000	0.000000	0.000000
430	0.000000	0.000000	0.000000	0.050046	0.944301	0.005653	0.000000	0.000000	0.000000
431	0.000000	0.000000	0.000000	0.049658	0.944663	0.005679	0.000000	0.000000	0.000000
432	0.000000	0.000000	0.000000	0.049818	0.944557	0.005625	0.000000	0.000000	0.000000
433	0.000000	0.000000	0.000000	0.049902	0.944510	0.005588	0.000000	0.000000	0.000000
434	0.000000	0.000000	0.000000	0.049769	0.944609	0.005622	0.000000	0.000000	0.000000
435	0.000000	0.000000	0.000000	0.049873	0.944522	0.005605	0.000000	0.000000	0.000000
436	0.000000	0.000000	0.000000	0.049870	0.944611	0.005519	0.000000	0.000000	0.000000
437	0.000000	0.000000	0.000000	0.049883	0.944565	0.005552	0.000000	0.000000	0.000000
438	0.000000	0.000000	0.000000	0.050023	0.944373	0.005604	0.000000	0.000000	0.000000
439	0.000000	0.000000	0.000000	0.049823	0.944553	0.005624	0.000000	0.000000	0.000000
440	0.000000	0.000000	0.000000	0.049802	0.944567	0.005631	0.000000	0.000000	0.000000
441	0.000000	0.000000	0.000000	0.049804	0.944581	0.005615	0.000000	0.000000	0.000000
442	0.000000	0.000000	0.000000	0.049803	0.944640	0.005557	0.000000	0.000000	0.000000
443	0.000000	0.000000	0.000000	0.049793	0.944696	0.005511	0.000000	0.000000	0.000000
444	0.000000	0.000000	0.000000	0.049787	0.944668	0.005545	0.000000	0.000000	0.000000
445	0.000000	0.000000	0.000000	0.049503	0.944906	0.005591	0.000000	0.000000	0.000000
446	0.000000	0.000000	0.000000	0.049388	0.944931	0.005681	0.000000	0.000000	0.000000
447	0.000000	0.000000	0.000000	0.049571	0.944715	0.005714	0.000000	0.000000	0.000000
448	0.000000	0.000000	0.000000	0.049420	0.944921	0.005659	0.000000	0.000000	0.000000
449	0.000000	0.000000	0.000000	0.049480	0.944849	0.005671	0.000000	0.000000	0.000000
450	0.000000	0.000000	0.000000	0.049443	0.944757	0.005800	0.000000	0.000000	0.000000
451	0.000000	0.000000	0.000000	0.049687	0.944480	0.005833	0.000000	0.000000	0.000000
452	0.000000	0.000000	0.000000	0.049510	0.944634	0.005856	0.000000	0.000000	0.000000
453	0.000000	0.000000	0.000000	0.049287	0.944886	0.005827	0.000000	0.000000	0.000000
454	0.000000	0.000000	0.000000	0.049149	0.945105	0.005746	0.000000	0.000000	0.000000
455	0.000000	0.000000	0.000000	0.048991	0.945137	0.005872	0.000000	0.000000	0.000000
456	0.000000	0.000000	0.000000	0.048685	0.945497	0.005818	0.000000	0.000000	0.000000
457	0.000000	0.000000	0.000000	0.048402	0.945857	0.005741	0.000000	0.000000	0.000000
458	0.000000	0.000000	0.000000	0.048167	0.946167	0.005666	0.000000	0.000000	0.000000
459	0.000000	0.000000	0.000000	0.048177	0.946091	0.005732	0.000000	0.000000	0.000000
460	0.000000	0.000000	0.000000	0.047776	0.946498	0.005726	0.000000	0.000000	0.000000
461	0.000000	0.000000	0.000000	0.047887	0.946362	0.005751	0.000000	0.000000	0.000000
462	0.000000	0.000000	0.000000	0.047665	0.946637	0.005698	0.000000	0.000000	0.000000
463	0.000000	0.000000	0.000000	0.047903	0.946402	0.005695	0.000000	0.000000	0.000000
464	0.000000	0.000000	0.000000	0.047883	0.946448	0.005669	0.000000	0.000000	0.000000
465	0.000000	0.000000	0.000000	0.047880	0.946540	0.005580	0.000000	0.000000	0.000000
466	0.000000	0.000000	0.000000	0.047984	0.946331	0.005685	0.000000	0.000000	0.000000
467	0.000000	0.000000	0.000000	0.048241	0.945970	0.005789	0.000000	0.000000	0.000000
468	0.000000	0.000000	0.000000	0.048234	0.945961	0.005805	0.000000	0.000000	0.000000
469	0.000000	0.000000	0.000000	0.048119	0.946092	0.005789	0.000000	0.000000	0.000000
470	0.000000	0.000000	0.000000	0.048203	0.946081	0.005716	0.000000	0.000000	0.000000
