0	0.290663	0.057897	0.229473	0.157588	0.029913	0.111872	0.085455	0.012259	0.024880
1	0.232293	0.048267	0.200826	0.142061	0.028963	0.120913	0.115965	0.022440	0.088272
2	0.233315	0.047711	0.201561	0.137742	0.029835	0.118297	0.113538	0.021922	0.096079
3	0.240365	0.047809	0.203943	0.133547	0.031262	0.114509	0.108703	0.020675	0.099187
4	0.248675	0.047688	0.206741	0.130331	0.032960	0.109106	0.103824	0.019222	0.101453
5	0.258213	0.047585	0.209062	0.126563	0.034852	0.103869	0.098883	0.017779	0.103194
6	0.267566	0.046690	0.210925	0.123371	0.036976	0.099040	0.093720	0.016582	0.105130
7	0.276663	0.046480	0.212269	0.120327	0.039009	0.094434	0.089213	0.015197	0.106408
8	0.286000	0.045993	0.213711	0.116702	0.041000	0.089748	0.084537	0.014008	0.108301
9	0.294901	0.045445	0.214438	0.113325	0.043549	0.084937	0.080363	0.013011	0.110031
10	0.304462	0.044991	0.214262	0.110127	0.046094	0.080548	0.076277	0.011940	0.111299
11	0.312372	0.044403	0.215038	0.107038	0.049078	0.076879	0.071699	0.010985	0.112508
12	0.320993	0.043508	0.215552	0.103227	0.051731	0.072775	0.068028	0.010143	0.114043
13	0.329582	0.042795	0.215055	0.099962	0.054703	0.068985	0.064479	0.009364	0.115075
14	0.337890	0.042210	0.215280	0.096702	0.057516	0.065274	0.060235	0.008638	0.116255
15	0.345215	0.041457	0.215082	0.093810	0.061032	0.062089	0.056863	0.007924	0.116528
16	0.352487	0.040908	0.214792	0.090401	0.064268	0.058871	0.053357	0.007375	0.117541
17	0.359191	0.040280	0.213640	0.087637	0.067939	0.055666	0.050675	0.006826	0.118146
18	0.365694	0.039297	0.211753	0.084896	0.071686	0.052953	0.047965	0.006334	0.119422
19	0.372525	0.038790	0.210502	0.081750	0.075356	0.050420	0.045058	0.005803	0.119796
20	0.378121	0.037828	0.209956	0.079263	0.079560	0.047790	0.042377	0.005311	0.119794
21	0.383803	0.036907	0.208089	0.076968	0.083652	0.045422	0.039868	0.004990	0.120301
22	0.389418	0.035805	0.206857	0.074484	0.087982	0.043333	0.037302	0.004601	0.120218
23	0.394379	0.034810	0.204501	0.072425	0.092702	0.041772	0.034918	0.004297	0.120196
24	0.399454	0.034008	0.202569	0.070376	0.097482	0.039325	0.032648	0.003911	0.120227
25	0.404182	0.033112	0.200941	0.068349	0.102763	0.037101	0.030508	0.003576	0.119468
26	0.408904	0.032424	0.198456	0.066121	0.107818	0.035077	0.028635	0.003276	0.119289
27	0.412522	0.031817	0.196063	0.064519	0.112867	0.033381	0.026944	0.003043	0.118844
28	0.415940	0.030866	0.193952	0.062420	0.118504	0.032052	0.025234	0.002822	0.118210
29	0.418648	0.029983	0.192135	0.060724	0.124312	0.030265	0.023808	0.002546	0.117579
30	0.421927	0.029200	0.189155	0.059291	0.129677	0.028980	0.022300	0.002404	0.117066
31	0.424443	0.028447	0.186605	0.057699	0.135844	0.027871	0.020944	0.002169	0.115978
32	0.426663	0.027793	0.183896	0.055977	0.142307	0.026444	0.019576	0.002028	0.115316
33	0.428100	0.027101	0.181123	0.054688	0.149019	0.025088	0.018490	0.001883	0.114508
34	0.430119	0.026320	0.177869	0.053105	0.156061	0.024077	0.017043	0.001707	0.113699
35	0.430656	0.025508	0.175420	0.051937	0.163020	0.023093	0.016047	0.001573	0.112746
36	0.431901	0.024792	0.172229	0.051101	0.170197	0.022055	0.015058	0.001432	0.111235
37	0.432818	0.024003	0.169174	0.050224	0.177462	0.021116	0.013972	0.001293	0.109938
38	0.433497	0.023358	0.166463	0.048975	0.184844	0.020189	0.013002	0.001223	0.108449
39	0.433156	0.022488	0.163634	0.048068	0.193362	0.019296	0.012060	0.001126	0.106810
40	0.432509	0.021802	0.160552	0.047159	0.201762	0.018714	0.011213	0.001059	0.105230
41	0.431074	0.021196	0.158043	0.046552	0.210507	0.018086	0.010348	0.000960	0.103234
42	0.429850	0.020416	0.155129	0.045883	0.218874	0.017566	0.009836	0.000888	0.101558
43	0.428539	0.019612	0.151989	0.045245	0.228415	0.016975	0.009124	0.000799	0.099302
44	0.426845	0.019048	0.148477	0.044736	0.237527	0.016474	0.008569	0.000720	0.097604
45	0.425980	0.018439	0.144914	0.044149	0.246609	0.015816	0.007862	0.000654	0.095577
46	0.423391	0.017858	0.142077	0.043741	0.256056	0.015574	0.007217	0.000579	0.093507
47	0.421058	0.017286	0.138962	0.043302	0.265879	0.014975	0.006700	0.000525	0.091313
48	0.418445	0.016550	0.135660	0.042731	0.276166	0.014575	0.006159	0.000507	0.089207
49	0.415672	0.015732	0.132092	0.042213	0.286861	0.014167	0.005721	0.000447	0.087095
50	0.412829	0.015163	0.128269	0.042031	0.297535	0.013816	0.005343	0.000405	0.084609
51	0.409400	0.014641	0.125304	0.041396	0.308197	0.013536	0.004928	0.000388	0.082210
52	0.405531	0.014053	0.122312	0.041087	0.318554	0.013185	0.004626	0.000364	0.080288
53	0.401803	0.013443	0.118680	0.040531	0.330120	0.013000	0.004193	0.000298	0.077932
54	0.397706	0.013004	0.115943	0.040035	0.340935	0.012728	0.003953	0.000282	0.075414
55	0.392972	0.012559	0.112826	0.039807	0.352226	0.012521	0.003681	0.000258	0.073150
56	0.388296	0.012069	0.109885	0.039722	0.363379	0.012170	0.003425	0.000244	0.070810
57	0.383387	0.011526	0.107122	0.039604	0.374640	0.011830	0.003183	0.000224	0.068484
58	0.378359	0.011004	0.104459	0.039160	0.386216	0.011592	0.002842	0.000223	0.066145
59	0.373929	0.010506	0.101000	0.039191	0.397545	0.011505	0.002639	0.000191	0.063494
60	0.368366	0.009928	0.097816	0.038861	0.410063	0.011305	0.002407	0.000179	0.061075
61	0.362799	0.009541	0.094978	0.038809	0.421331	0.011311	0.002192	0.000176	0.058863
62	0.356302	0.009162	0.092423	0.038649	0.433545	0.011132	0.002069	0.000164	0.056554
63	0.350635	0.008763	0.089615	0.038295	0.445236	0.011053	0.001939	0.000127	0.054337
64	0.344799	0.008309	0.086492	0.038259	0.457339	0.010936	0.001772	0.000132	0.051962
65	0.338713	0.007856	0.083725	0.038201	0.469017	0.010823	0.001534	0.000126	0.050005
66	0.331924	0.007577	0.081293	0.037995	0.481421	0.010700	0.001405	0.000099	0.047586
67	0.325387	0.007177	0.078546	0.037804	0.493737	0.010656	0.001299	0.000089	0.045305
68	0.318810	0.006802	0.075775	0.037929	0.505613	0.010418	0.001216	0.000083	0.043354
69	0.311908	0.006528	0.073153	0.037693	0.517393	0.010475	0.001049	0.000079	0.041722
70	0.305078	0.006296	0.070509	0.037958	0.529141	0.010321	0.000999	0.000068	0.039630
71	0.298240	0.006007	0.067992	0.038240	0.540394	0.010329	0.000987	0.000067	0.037744
72	0.291526	0.005699	0.065443	0.038155	0.552094	0.010243	0.000859	0.000062	0.035919
73	0.284358	0.005374	0.063191	0.038182	0.563893	0.010155	0.000761	0.000056	0.034030
74	0.276988	0.005049	0.060754	0.038351	0.575391	0.010235	0.000732	0.000062	0.032438
75	0.269784	0.004811	0.058397	0.038493	0.586849	0.010156	0.000655	0.000043	0.030812
76	0.262150	0.004627	0.056341	0.038474	0.598341	0.010170	0.000594	0.000060	0.029243
77	0.254954	0.004398	0.054389	0.038732	0.609452	0.010012	0.000532	0.000033	0.027498
78	0.247859	0.004111	0.052215	0.038844	0.620627	0.010031	0.000421	0.000036	0.025856
79	0.240836	0.003943	0.050123	0.039003	0.631162	0.009960	0.000364	0.000034	0.024575
80	0.233908	0.003747	0.048123	0.038947	0.641820	0.010021	0.000322	0.000022	0.023090
81	0.226663	0.003550	0.046380	0.039002	0.652596	0.009871	0.000286	0.000021	0.021631
82	0.219672	0.003375	0.044229	0.039063	0.663232	0.009895	0.000239	0.000018	0.020277
83	0.212309	0.003348	0.042349	0.038855	0.674070	0.009752	0.000198	0.000012	0.019107
84	0.205182	0.003161	0.040551	0.038876	0.684229	0.009812	0.000164	0.000009	0.018016
85	0.198533	0.002913	0.038966	0.039020	0.693570	0.010011	0.000145	0.000012	0.016830
86	0.191524	0.002725	0.037231	0.039132	0.703515	0.009985	0.000133	0.000011	0.015744
87	0.184922	0.002576	0.035518	0.039428	0.712724	0.009959	0.000137	0.000004	0.014732
88	0.178418	0.002420	0.033975	0.039580	0.721752	0.009887	0.000114	0.000005	0.013849
89	0.171494	0.002293	0.032867	0.039349	0.731280	0.009869	0.000094	0.000002	0.012752
90	0.165005	0.002205	0.031387	0.039436	0.740029	0.009921	0.000093	0.000001	0.011923
91	0.158540	0.002139	0.029977	0.039548	0.748593	0.010036	0.000074	0.000001	0.011092
92	0.152449	0.002083	0.028484	0.039627	0.757064	0.009877	0.000068	0.000001	0.010347
93	0.145962	0.001905	0.027199	0.039595	0.765860	0.009757	0.000052	0.000000	0.009670
94	0.140331	0.001813	0.025753	0.039872	0.773379	0.009869	0.000046	0.000000	0.008937
95	0.134870	0.001721	0.024343	0.039934	0.780921	0.009896	0.000035	0.000000	0.008280
96	0.129321	0.001569	0.022995	0.039985	0.788507	0.009900	0.000037	0.000000	0.007686
97	0.123784	0.001448	0.021930	0.040072	0.795736	0.009874	0.000036	0.000000	0.007120
98	0.118454	0.001329	0.020794	0.039882	0.803081	0.009890	0.000033	0.000000	0.006537
99	0.113310	0.001225	0.019810	0.039820	0.809857	0.009859	0.000030	0.000000	0.006089
100	0.108268	0.001087	0.018783	0.039881	0.816519	0.009763	0.000028	0.000000	0.005671
101	0.103459	0.000957	0.017761	0.039968	0.822974	0.009766	0.000025	0.000000	0.005090
102	0.098476	0.000919	0.016885	0.039963	0.829235	0.009824	0.000022	0.000000	0.004676
103	0.094083	0.000889	0.016042	0.039772	0.835123	0.009734	0.000019	0.000000	0.004338
104	0.089708	0.000886	0.015060	0.039763	0.841070	0.009524	0.000012	0.000000	0.003977
105	0.085010	0.000802	0.014230	0.040031	0.846680	0.009507	0.000009	0.000000	0.003731
106	0.080874	0.000731	0.013476	0.040109	0.851875	0.009537	0.000006	0.000000	0.003392
107	0.076909	0.000665	0.012636	0.040116	0.857023	0.009484	0.000004	0.000000	0.003163
108	0.073011	0.000655	0.012144	0.040320	0.861405	0.009571	0.000002	0.000000	0.002892
109	0.069345	0.000580	0.011406	0.040247	0.866041	0.009612	0.000002	0.000000	0.002767
110	0.065724	0.000513	0.010914	0.040515	0.870198	0.009639	0.000000	0.000000	0.002497
111	0.062248	0.000499	0.010261	0.040689	0.874638	0.009430	0.000001	0.000000	0.002234
112	0.058804	0.000440	0.009726	0.040531	0.878944	0.009506	0.000000	0.000000	0.002049
113	0.055670	0.000410	0.009231	0.040693	0.882729	0.009422	0.000000	0.000000	0.001845
114	0.052637	0.000411	0.008712	0.040736	0.886500	0.009329	0.000000	0.000000	0.001675
115	0.049967	0.000347	0.008172	0.040693	0.889816	0.009451	0.000000	0.000000	0.001554
116	0.047151	0.000330	0.007731	0.040771	0.893143	0.009468	0.000000	0.000000	0.001406
117	0.044423	0.000300	0.007211	0.040964	0.896337	0.009510	0.000000	0.000000	0.001255
118	0.041921	0.000304	0.006704	0.040929	0.899542	0.009413	0.000000	0.000000	0.001187
119	0.039480	0.000279	0.006204	0.040631	0.903021	0.009349	0.000000	0.000000	0.001036
120	0.037030	0.000239	0.005833	0.041028	0.905595	0.009344	0.000000	0.000000	0.000931
121	0.035035	0.000242	0.005441	0.041257	0.907949	0.009266	0.000000	0.000000	0.000810
122	0.032862	0.000232	0.005094	0.041495	0.910312	0.009330	0.000000	0.000000	0.000675
123	0.030794	0.000230	0.004794	0.041434	0.912736	0.009380	0.000000	0.000000	0.000632
124	0.028753	0.000219	0.004473	0.041544	0.915094	0.009343	0.000000	0.000000	0.000574
125	0.026999	0.000199	0.004212	0.041748	0.916914	0.009388	0.000000	0.000000	0.000540
126	0.025494	0.000164	0.003970	0.041885	0.918633	0.009352	0.000000	0.000000	0.000502
127	0.023694	0.000136	0.003799	0.041927	0.920638	0.009331	0.000000	0.000000	0.000475
128	0.022187	0.000130	0.003532	0.041806	0.922634	0.009285	0.000000	0.000000	0.000426
129	0.020630	0.000122	0.003233	0.041613	0.924874	0.009092	0.000000	0.000000	0.000436
130	0.019322	0.000103	0.002979	0.041596	0.926354	0.009270	0.000000	0.000000	0.000376
131	0.018207	0.000100	0.002800	0.041574	0.927711	0.009247	0.000000	0.000000	0.000361
132	0.017046	0.000104	0.002647	0.041538	0.928971	0.009351	0.000000	0.000000	0.000343
133	0.016037	0.000087	0.002433	0.041550	0.930280	0.009303	0.000000	0.000000	0.000310
134	0.014912	0.000086	0.002221	0.041635	0.931550	0.009312	0.000000	0.000000	0.000284
135	0.013911	0.000074	0.002062	0.041732	0.932835	0.009106	0.000000	0.000000	0.000280
136	0.012877	0.000070	0.001802	0.041859	0.934006	0.009145	0.000000	0.000000	0.000241
137	0.011899	0.000054	0.001703	0.041578	0.935319	0.009229	0.000000	0.000000	0.000218
138	0.011025	0.000041	0.001536	0.041322	0.936631	0.009239	0.000000	0.000000	0.000206
139	0.010222	0.000038	0.001455	0.041177	0.937678	0.009261	0.000000	0.000000	0.000169
140	0.009391	0.000038	0.001442	0.041151	0.938447	0.009357	0.000000	0.000000	0.000174
141	0.008743	0.000043	0.001350	0.041183	0.939235	0.009282	0.000000	0.000000	0.000164
142	0.008199	0.000043	0.001249	0.041036	0.940162	0.009166	0.000000	0.000000	0.000145
143	0.007614	0.000037	0.001208	0.041084	0.940738	0.009188	0.000000	0.000000	0.000131
144	0.007117	0.000034	0.001121	0.041438	0.940891	0.009281	0.000000	0.000000	0.000118
145	0.006518	0.000038	0.001069	0.041340	0.941705	0.009230	0.000000	0.000000	0.000100
146	0.005974	0.000025	0.001058	0.041268	0.942403	0.009194	0.000000	0.000000	0.000078
147	0.005510	0.000020	0.000956	0.041631	0.942544	0.009269	0.000000	0.000000	0.000070
148	0.005156	0.000016	0.000898	0.041424	0.943209	0.009240	0.000000	0.000000	0.000057
149	0.004825	0.000015	0.000823	0.041446	0.943585	0.009250	0.000000	0.000000	0.000056
150	0.004465	0.000011	0.000789	0.041672	0.943647	0.009364	0.000000	0.000000	0.000052
151	0.004096	0.000009	0.000763	0.041547	0.944304	0.009239	0.000000	0.000000	0.000042
152	0.003852	0.000007	0.000716	0.041505	0.944615	0.009270	0.000000	0.000000	0.000035
153	0.003575	0.000005	0.000670	0.041701	0.944630	0.009395	0.000000	0.000000	0.000024
154	0.003289	0.000002	0.000628	0.041444	0.945231	0.009385	0.000000	0.000000	0.000021
155	0.003004	0.000005	0.000580	0.041455	0.945569	0.009367	0.000000	0.000000	0.000020
156	0.002770	0.000002	0.000564	0.041606	0.945551	0.009493	0.000000	0.000000	0.000014
157	0.002587	0.000003	0.000566	0.041510	0.945850	0.009473	0.000000	0.000000	0.000011
158	0.002394	0.000000	0.000542	0.041244	0.946172	0.009640	0.000000	0.000000	0.000008
159	0.002244	0.000000	0.000513	0.041052	0.946570	0.009617	0.000000	0.000000	0.000004
160	0.002079	0.000000	0.000480	0.041147	0.946753	0.009541	0.000000	0.000000	0.000000
161	0.001942	0.000000	0.000456	0.041163	0.946930	0.009509	0.000000	0.000000	0.000000
162	0.001803	0.000000	0.000432	0.041244	0.946899	0.009621	0.000000	0.000000	0.000001
163	0.001639	0.000000	0.000398	0.041430	0.946965	0.009568	0.000000	0.000000	0.000000
164	0.001504	0.000000	0.000359	0.041360	0.947214	0.009562	0.000000	0.000000	0.000001
165	0.001428	0.000000	0.000329	0.041361	0.947402	0.009479	0.000000	0.000000	0.000001
166	0.001313	0.000000	0.000291	0.041278	0.947602	0.009516	0.000000	0.000000	0.000000
167	0.001216	0.000000	0.000227	0.041231	0.947894	0.009432	0.000000	0.000000	0.000000
168	0.001118	0.000000	0.000203	0.041303	0.947866	0.009510	0.000000	0.000000	0.000000
169	0.001053	0.000000	0.000192	0.041469	0.947931	0.009355	0.000000	0.000000	0.000000
170	0.000942	0.000000	0.000172	0.041206	0.948416	0.009264	0.000000	0.000000	0.000000
171	0.000859	0.000000	0.000167	0.041151	0.948601	0.009222	0.000000	0.000000	0.000000
172	0.000807	0.000000	0.000137	0.041170	0.948624	0.009262	0.000000	0.000000	0.000000
173	0.000757	0.000000	0.000114	0.041010	0.948724	0.009395	0.000000	0.000000	0.000000
174	0.000711	0.000000	0.000106	0.040954	0.948661	0.009568	0.000000	0.000000	0.000000
175	0.000713	0.000000	0.000086	0.040909	0.948860	0.009432	0.000000	0.000000	0.000000
176	0.000645	0.000000	0.000078	0.041120	0.948695	0.009462	0.000000	0.000000	0.000000
177	0.000598	0.000000	0.000066	0.041121	0.948799	0.009416	0.000000	0.000000	0.000000
178	0.000567	0.000000	0.000061	0.040994	0.948758	0.009620	0.000000	0.000000	0.000000
179	0.000526	0.000000	0.000057	0.040770	0.949082	0.009565	0.000000	0.000000	0.000000
180	0.000486	0.000000	0.000053	0.040661	0.949268	0.009532	0.000000	0.000000	0.000000
181	0.000433	0.000000	0.000046	0.040851	0.949328	0.009342	0.000000	0.000000	0.000000
182	0.000369	0.000000	0.000045	0.040815	0.949374	0.009397	0.000000	0.000000	0.000000
183	0.000336	0.000000	0.000039	0.040632	0.949366	0.009627	0.000000	0.000000	0.000000
184	0.000309	0.000000	0.000042	0.040709	0.949606	0.009334	0.000000	0.000000	0.000000
185	0.000289	0.000000	0.000037	0.040734	0.949569	0.009371	0.000000	0.000000	0.000000
186	0.000243	0.000000	0.000033	0.040731	0.949612	0.009381	0.000000	0.000000	0.000000
187	0.000221	0.000000	0.000038	0.040768	0.949602	0.009371	0.000000	0.000000	0.000000
188	0.000209	0.000000	0.000027	0.040792	0.949531	0.009441	0.000000	0.000000	0.000000
189	0.000190	0.000000	0.000022	0.040690	0.949659	0.009439	0.000000	0.000000	0.000000
190	0.000179	0.000000	0.000018	0.040650	0.949646	0.009507	0.000000	0.000000	0.000000
191	0.000167	0.000000	0.000023	0.040526	0.949907	0.009377	0.000000	0.000000	0.000000
192	0.000147	0.000000	0.000016	0.040864	0.949598	0.009375	0.000000	0.000000	0.000000
193	0.000125	0.000000	0.000014	0.041012	0.949403	0.009446	0.000000	0.000000	0.000000
194	0.000110	0.000000	0.000012	0.041240	0.949176	0.009462	0.000000	0.000000	0.000000
195	0.000084	0.000000	0.000008	0.041154	0.949320	0.009434	0.000000	0.000000	0.000000
196	0.000084	0.000000	0.000005	0.041124	0.949436	0.009351	0.000000	0.000000	0.000000
197	0.000086	0.000000	0.000007	0.041086	0.949418	0.009403	0.000000	0.000000	0.000000
198	0.000067	0.000000	0.000006	0.041006	0.949707	0.009214	0.000000	0.000000	0.000000
199	0.000068	0.000000	0.000007	0.041060	0.949505	0.009360	0.000000	0.000000	0.000000
200	0.000064	0.000000	0.000006	0.041137	0.949311	0.009482	0.000000	0.000000	0.000000
201	0.000052	0.000000	0.000003	0.041257	0.949129	0.009559	0.000000	0.000000	0.000000
202	0.000044	0.000000	0.000002	0.041222	0.949258	0.009474	0.000000	0.000000	0.000000
203	0.000045	0.000000	0.000001	0.041167	0.949394	0.009393	0.000000	0.000000	0.000000
204	0.000037	0.000000	0.000001	0.041058	0.949514	0.009390	0.000000	0.000000	0.000000
205	0.000040	0.000000	0.000000	0.040975	0.949519	0.009466	0.000000	0.000000	0.000000
206	0.000038	0.000000	0.000000	0.040946	0.949499	0.009517	0.000000	0.000000	0.000000
207	0.000028	0.000000	0.000000	0.041044	0.949611	0.009317	0.000000	0.000000	0.000000
208	0.000026	0.000000	0.000000	0.041249	0.949459	0.009266	0.000000	0.000000	0.000000
209	0.000018	0.000000	0.000000	0.041356	0.949351	0.009275	0.000000	0.000000	0.000000
210	0.000012	0.000000	0.000000	0.041564	0.949293	0.009131	0.000000	0.000000	0.000000
211	0.000012	0.000000	0.000000	0.041668	0.949109	0.009211	0.000000	0.000000	0.000000
212	0.000017	0.000000	0.000000	0.041579	0.949097	0.009307	0.000000	0.000000	0.000000
213	0.000018	0.000000	0.000000	0.041583	0.949196	0.009203	0.000000	0.000000	0.000000
214	0.000014	0.000000	0.000000	0.041799	0.948931	0.009256	0.000000	0.000000	0.000000
215	0.000015	0.000000	0.000000	0.041696	0.949069	0.009220	0.000000	0.000000	0.000000
216	0.000015	0.000000	0.000000	0.041594	0.949073	0.009318	0.000000	0.000000	0.000000
217	0.000015	0.000000	0.000000	0.041773	0.948940	0.009272	0.000000	0.000000	0.000000
218	0.000010	0.000000	0.000000	0.041759	0.948944	0.009287	0.000000	0.000000	0.000000
219	0.000011	0.000000	0.000000	0.041953	0.948718	0.009318	0.000000	0.000000	0.000000
220	0.000011	0.000000	0.000000	0.041968	0.948782	0.009239	0.000000	0.000000	0.000000
221	0.000008	0.000000	0.000000	0.041872	0.948797	0.009323	0.000000	0.000000	0.000000
222	0.000007	0.000000	0.000000	0.041724	0.948875	0.009394	0.000000	0.000000	0.000000
223	0.000010	0.000000	0.000000	0.041651	0.948853	0.009486	0.000000	0.000000	0.000000
224	0.000011	0.000000	0.000000	0.041499	0.949010	0.009480	0.000000	0.000000	0.000000
225	0.000006	0.000000	0.000000	0.041415	0.949186	0.009393	0.000000	0.000000	0.000000
226	0.000005	0.000000	0.000000	0.041523	0.949018	0.009454	0.000000	0.000000	0.000000
227	0.000007	0.000000	0.000000	0.041766	0.948963	0.009264	0.000000	0.000000	0.000000
228	0.000006	0.000000	0.000000	0.041409	0.949304	0.009281	0.000000	0.000000	0.000000
229	0.000007	0.000000	0.000000	0.041359	0.949263	0.009371	0.000000	0.000000	0.000000
230	0.000004	0.000000	0.000000	0.041315	0.949213	0.009468	0.000000	0.000000	0.000000
231	0.000003	0.000000	0.000000	0.041383	0.949321	0.009293	0.000000	0.000000	0.000000
232	0.000002	0.000000	0.000000	0.041487	0.949221	0.009290	0.000000	0.000000	0.000000
233	0.000000	0.000000	0.000000	0.041317	0.949350	0.009333	0.000000	0.000000	0.000000
234	0.000000	0.000000	0.000000	0.041156	0.949459	0.009385	0.000000	0.000000	0.000000
235	0.000000	0.000000	0.000000	0.041248	0.949497	0.009255	0.000000	0.000000	0.000000
236	0.000000	0.000000	0.000000	0.041200	0.949610	0.009190	0.000000	0.000000	0.000000
237	0.000000	0.000000	0.000000	0.041175	0.949627	0.009198	0.000000	0.000000	0.000000
238	0.000000	0.000000	0.000000	0.041310	0.949504	0.009186	0.000000	0.000000	0.000000
239	0.000000	0.000000	0.000000	0.041243	0.949624	0.009133	0.000000	0.000000	0.000000
240	0.000000	0.000000	0.000000	0.041193	0.949761	0.009046	0.000000	0.000000	0.000000
241	0.000000	0.000000	0.000000	0.041145	0.949666	0.009189	0.000000	0.000000	0.000000
242	0.000000	0.000000	0.000000	0.041255	0.949574	0.009171	0.000000	0.000000	0.000000
243	0.000000	0.000000	0.000000	0.041221	0.949632	0.009147	0.000000	0.000000	0.000000
244	0.000000	0.000000	0.000000	0.041082	0.949803	0.009115	0.000000	0.000000	0.000000
245	0.000000	0.000000	0.000000	0.041127	0.949726	0.009147	0.000000	0.000000	0.000000
246	0.000000	0.000000	0.000000	0.040864	0.950046	0.009090	0.000000	0.000000	0.000000
247	0.000000	0.000000	0.000000	0.040951	0.949892	0.009157	0.000000	0.000000	0.000000
248	0.000000	0.000000	0.000000	0.040967	0.949976	0.009057	0.000000	0.000000	0.000000
249	0.000000	0.000000	0.000000	0.040999	0.949979	0.009022	0.000000	0.000000	0.000000
250	0.000000	0.000000	0.000000	0.040811	0.950065	0.009124	0.000000	0.000000	0.000000
251	0.000000	0.000000	0.000000	0.040719	0.950186	0.009095	0.000000	0.000000	0.000000
252	0.000000	0.000000	0.000000	0.040508	0.950205	0.009287	0.000000	0.000000	0.000000
253	0.000000	0.000000	0.000000	0.040383	0.950400	0.009217	0.000000	0.000000	0.000000
254	0.000000	0.000000	0.000000	0.040451	0.950301	0.009248	0.000000	0.000000	0.000000
255	0.000000	0.000000	0.000000	0.040253	0.950427	0.009320	0.000000	0.000000	0.000000
256	0.000000	0.000000	0.000000	0.040188	0.950386	0.009426	0.000000	0.000000	0.000000
257	0.000000	0.000000	0.000000	0.040214	0.950533	0.009253	0.000000	0.000000	0.000000
258	0.000000	0.000000	0.000000	0.040391	0.950245	0.009364	0.000000	0.000000	0.000000
259	0.000000	0.000000	0.000000	0.040434	0.950225	0.009341	0.000000	0.000000	0.000000
260	0.000000	0.000000	0.000000	0.040268	0.950279	0.009453	0.000000	0.000000	0.000000
261	0.000000	0.000000	0.000000	0.040184	0.950370	0.009446	0.000000	0.000000	0.000000
262	0.000000	0.000000	0.000000	0.040050	0.950392	0.009558	0.000000	0.000000	0.000000
263	0.000000	0.000000	0.000000	0.040014	0.950448	0.009538	0.000000	0.000000	0.000000
264	0.000000	0.000000	0.000000	0.040028	0.950406	0.009566	0.000000	0.000000	0.000000
265	0.000000	0.000000	0.000000	0.039918	0.950474	0.009608	0.000000	0.000000	0.000000
266	0.000000	0.000000	0.000000	0.039602	0.950785	0.009613	0.000000	0.000000	0.000000
267	0.000000	0.000000	0.000000	0.039676	0.950743	0.009581	0.000000	0.000000	0.000000
268	0.000000	0.000000	0.000000	0.039504	0.951059	0.009437	0.000000	0.000000	0.000000
269	0.000000	0.000000	0.000000	0.039568	0.950995	0.009437	0.000000	0.000000	0.000000
270	0.000000	0.000000	0.000000	0.039532	0.951098	0.009370	0.000000	0.000000	0.000000
271	0.000000	0.000000	0.000000	0.039678	0.950963	0.009359	0.000000	0.000000	0.000000
272	0.000000	0.000000	0.000000	0.039397	0.951307	0.009296	0.000000	0.000000	0.000000
273	0.000000	0.000000	0.000000	0.039552	0.951152	0.009296	0.000000	0.000000	0.000000
274	0.000000	0.000000	0.000000	0.039565	0.951230	0.009205	0.000000	0.000000	0.000000
275	0.000000	0.000000	0.000000	0.039440	0.951255	0.009305	0.000000	0.000000	0.000000
276	0.000000	0.000000	0.000000	0.039418	0.951212	0.009370	0.000000	0.000000	0.000000
277	0.000000	0.000000	0.000000	0.039561	0.951067	0.009372	0.000000	0.000000	0.000000
278	0.000000	0.000000	0.000000	0.039652	0.950849	0.009499	0.000000	0.000000	0.000000
279	0.000000	0.000000	0.000000	0.039540	0.951053	0.009407	0.000000	0.000000	0.000000
280	0.000000	0.000000	0.000000	0.039769	0.950828	0.009403	0.000000	0.000000	0.000000
281	0.000000	0.000000	0.000000	0.039521	0.951158	0.009321	0.000000	0.000000	0.000000
282	0.000000	0.000000	0.000000	0.039688	0.951037	0.009275	0.000000	0.000000	0.000000
283	0.000000	0.000000	0.000000	0.039653	0.950983	0.009364	0.000000	0.000000	0.000000
284	0.000000	0.000000	0.000000	0.039689	0.950978	0.009333	0.000000	0.000000	0.000000
285	0.000000	0.000000	0.000000	0.039780	0.950832	0.009388	0.000000	0.000000	0.000000
286	0.000000	0.000000	0.000000	0.039662	0.950998	0.009340	0.000000	0.000000	0.000000
287	0.000000	0.000000	0.000000	0.039540	0.951149	0.009311	0.000000	0.000000	0.000000
288	0.000000	0.000000	0.000000	0.039787	0.950862	0.009351	0.000000	0.000000	0.000000
289	0.000000	0.000000	0.000000	0.039800	0.950969	0.009231	0.000000	0.000000	0.000000
290	0.000000	0.000000	0.000000	0.039820	0.950772	0.009408	0.000000	0.000000	0.000000
291	0.000000	0.000000	0.000000	0.039814	0.950844	0.009342	0.000000	0.000000	0.000000
292	0.000000	0.000000	0.000000	0.039818	0.950914	0.009268	0.000000	0.000000	0.000000
293	0.000000	0.000000	0.000000	0.039906	0.950816	0.009278	0.000000	0.000000	0.000000
294	0.000000	0.000000	0.000000	0.040251	0.950442	0.009307	0.000000	0.000000	0.000000
295	0.000000	0.000000	0.000000	0.040109	0.950572	0.009319	0.000000	0.000000	0.000000
296	0.000000	0.000000	0.000000	0.040340	0.950305	0.009355	0.000000	0.000000	0.000000
297	0.000000	0.000000	0.000000	0.040374	0.950271	0.009355	0.000000	0.000000	0.000000
298	0.000000	0.000000	0.000000	0.040547	0.950146	0.009307	0.000000	0.000000	0.000000
299	0.000000	0.000000	0.000000	0.040581	0.949991	0.009428	0.000000	0.000000	0.000000
300	0.000000	0.000000	0.000000	0.040663	0.949997	0.009340	0.000000	0.000000	0.000000
301	0.000000	0.000000	0.000000	0.040675	0.949976	0.009349	0.000000	0.000000	0.000000
302	0.000000	0.000000	0.000000	0.040799	0.949826	0.009375	0.000000	0.000000	0.000000
303	0.000000	0.000000	0.000000	0.040664	0.949882	0.009454	0.000000	0.000000	0.000000
304	0.000000	0.000000	0.000000	0.040584	0.949997	0.009419	0.000000	0.000000	0.000000
305	0.000000	0.000000	0.000000	0.040692	0.949897	0.009411	0.000000	0.000000	0.000000
306	0.000000	0.000000	0.000000	0.040822	0.949800	0.009378	0.000000	0.000000	0.000000
307	0.000000	0.000000	0.000000	0.040867	0.949732	0.009401	0.000000	0.000000	0.000000
308	0.000000	0.000000	0.000000	0.040676	0.949994	0.009330	0.000000	0.000000	0.000000
309	0.000000	0.000000	0.000000	0.040665	0.950100	0.009235	0.000000	0.000000	0.000000
310	0.000000	0.000000	0.000000	0.040646	0.950027	0.009327	0.000000	0.000000	0.000000
311	0.000000	0.000000	0.000000	0.040784	0.949860	0.009356	0.000000	0.000000	0.000000
312	0.000000	0.000000	0.000000	0.040862	0.949939	0.009199	0.000000	0.000000	0.000000
313	0.000000	0.000000	0.000000	0.040852	0.949881	0.009267	0.000000	0.000000	0.000000
314	0.000000	0.000000	0.000000	0.040966	0.949672	0.009362	0.000000	0.000000	0.000000
315	0.000000	0.000000	0.000000	0.040882	0.949773	0.009345	0.000000	0.000000	0.000000
316	0.000000	0.000000	0.000000	0.040988	0.949693	0.009319	0.000000	0.000000	0.000000
317	0.000000	0.000000	0.000000	0.040874	0.949708	0.009418	0.000000	0.000000	0.000000
318	0.000000	0.000000	0.000000	0.040828	0.949607	0.009565	0.000000	0.000000	0.000000
319	0.000000	0.000000	0.000000	0.040838	0.949768	0.009394	0.000000	0.000000	0.000000
320	0.000000	0.000000	0.000000	0.040961	0.949559	0.009480	0.000000	0.000000	0.000000
321	0.000000	0.000000	0.000000	0.040955	0.949609	0.009436	0.000000	0.000000	0.000000
322	0.000000	0.000000	0.000000	0.040973	0.949426	0.009601	0.000000	0.000000	0.000000
323	0.000000	0.000000	0.000000	0.040938	0.949512	0.009550	0.000000	0.000000	0.000000
324	0.000000	0.000000	0.000000	0.040774	0.949710	0.009516	0.000000	0.000000	0.000000
325	0.000000	0.000000	0.000000	0.040968	0.949486	0.009546	0.000000	0.000000	0.000000
326	0.000000	0.000000	0.000000	0.040967	0.949622	0.009411	0.000000	0.000000	0.000000
327	0.000000	0.000000	0.000000	0.040769	0.949703	0.009528	0.000000	0.000000	0.000000
328	0.000000	0.000000	0.000000	0.040760	0.949556	0.009684	0.000000	0.000000	0.000000
329	0.000000	0.000000	0.000000	0.040902	0.949573	0.009525	0.000000	0.000000	0.000000
330	0.000000	0.000000	0.000000	0.040940	0.949467	0.009593	0.000000	0.000000	0.000000
331	0.000000	0.000000	0.000000	0.041135	0.949192	0.009673	0.000000	0.000000	0.000000
332	0.000000	0.000000	0.000000	0.041062	0.949238	0.009700	0.000000	0.000000	0.000000
333	0.000000	0.000000	0.000000	0.040915	0.949371	0.009714	0.000000	0.000000	0.000000
334	0.000000	0.000000	0.000000	0.041206	0.949024	0.009770	0.000000	0.000000	0.000000
335	0.000000	0.000000	0.000000	0.041191	0.949131	0.009678	0.000000	0.000000	0.000000
336	0.000000	0.000000	0.000000	0.041110	0.949139	0.009751	0.000000	0.000000	0.000000
337	0.000000	0.000000	0.000000	0.041107	0.949183	0.009710	0.000000	0.000000	0.000000
338	0.000000	0.000000	0.000000	0.040869	0.949329	0.009802	0.000000	0.000000	0.000000
339	0.000000	0.000000	0.000000	0.041109	0.949182	0.009709	0.000000	0.000000	0.000000
340	0.000000	0.000000	0.000000	0.041322	0.948938	0.009740	0.000000	0.000000	0.000000
341	0.000000	0.000000	0.000000	0.041394	0.948950	0.009656	0.000000	0.000000	0.000000
342	0.000000	0.000000	0.000000	0.041464	0.948919	0.009617	0.000000	0.000000	0.000000
343	0.000000	0.000000	0.000000	0.041760	0.948596	0.009644	0.000000	0.000000	0.000000
344	0.000000	0.000000	0.000000	0.042023	0.948326	0.009651	0.000000	0.000000	0.000000
345	0.000000	0.000000	0.000000	0.042024	0.948446	0.009530	0.000000	0.000000	0.000000
346	0.000000	0.000000	0.000000	0.041932	0.948641	0.009427	0.000000	0.000000	0.000000
347	0.000000	0.000000	0.000000	0.041934	0.948502	0.009564	0.000000	0.000000	0.000000
348	0.000000	0.000000	0.000000	0.041827	0.948438	0.009735	0.000000	0.000000	0.000000
349	0.000000	0.000000	0.000000	0.041407	0.948934	0.009659	0.000000	0.000000	0.000000
350	0.000000	0.000000	0.000000	0.041311	0.949036	0.009653	0.000000	0.000000	0.000000
351	0.000000	0.000000	0.000000	0.041259	0.949159	0.009582	0.000000	0.000000	0.000000
352	0.000000	0.000000	0.000000	0.041179	0.949233	0.009588	0.000000	0.000000	0.000000
353	0.000000	0.000000	0.000000	0.041429	0.948980	0.009591	0.000000	0.000000	0.000000
354	0.000000	0.000000	0.000000	0.041591	0.948752	0.009657	0.000000	0.000000	0.000000
355	0.000000	0.000000	0.000000	0.041642	0.948835	0.009523	0.000000	0.000000	0.000000
356	0.000000	0.000000	0.000000	0.041536	0.948898	0.009566	0.000000	0.000000	0.000000
357	0.000000	0.000000	0.000000	0.041320	0.949070	0.009610	0.000000	0.000000	0.000000
358	0.000000	0.000000	0.000000	0.041271	0.949245	0.009484	0.000000	0.000000	0.000000
359	0.000000	0.000000	0.000000	0.041271	0.949286	0.009443	0.000000	0.000000	0.000000
360	0.000000	0.000000	0.000000	0.041227	0.949373	0.009400	0.000000	0.000000	0.000000
361	0.000000	0.000000	0.000000	0.041405	0.949285	0.009310	0.000000	0.000000	0.000000
362	0.000000	0.000000	0.000000	0.041334	0.949303	0.009363	0.000000	0.000000	0.000000
363	0.000000	0.000000	0.000000	0.041077	0.949707	0.009216	0.000000	0.000000	0.000000
364	0.000000	0.000000	0.000000	0.041170	0.949616	0.009214	0.000000	0.000000	0.000000
365	0.000000	0.000000	0.000000	0.041253	0.949408	0.009339	0.000000	0.000000	0.000000
366	0.000000	0.000000	0.000000	0.041162	0.949557	0.009281	0.000000	0.000000	0.000000
367	0.000000	0.000000	0.000000	0.041029	0.949643	0.009328	0.000000	0.000000	0.000000
368	0.000000	0.000000	0.000000	0.040930	0.949906	0.009164	0.000000	0.000000	0.000000
369	0.000000	0.000000	0.000000	0.041057	0.949803	0.009140	0.000000	0.000000	0.000000
370	0.000000	0.000000	0.000000	0.040938	0.949935	0.009127	0.000000	0.000000	0.000000
371	0.000000	0.000000	0.000000	0.041057	0.949897	0.009046	0.000000	0.000000	0.000000
372	0.000000	0.000000	0.000000	0.041078	0.949788	0.009134	0.000000	0.000000	0.000000
373	0.000000	0.000000	0.000000	0.041157	0.949749	0.009094	0.000000	0.000000	0.000000
374	0.000000	0.000000	0.000000	0.041172	0.949788	0.009040	0.000000	0.000000	0.000000
375	0.000000	0.000000	0.000000	0.040859	0.950153	0.008988	0.000000	0.000000	0.000000
376	0.000000	0.000000	0.000000	0.040895	0.949988	0.009117	0.000000	0.000000	0.000000
377	0.000000	0.000000	0.000000	0.040760	0.950093	0.009147	0.000000	0.000000	0.000000
378	0.000000	0.000000	0.000000	0.040858	0.949996	0.009146	0.000000	0.000000	0.000000
379	0.000000	0.000000	0.000000	0.041018	0.949865	0.009117	0.000000	0.000000	0.000000
380	0.000000	0.000000	0.000000	0.040845	0.950094	0.009061	0.000000	0.000000	0.000000
381	0.000000	0.000000	0.000000	0.041097	0.949796	0.009107	0.000000	0.000000	0.000000
382	0.000000	0.000000	0.000000	0.040836	0.950123	0.009041	0.000000	0.000000	0.000000
383	0.000000	0.000000	0.000000	0.040876	0.949900	0.009224	0.000000	0.000000	0.000000
384	0.000000	0.000000	0.000000	0.040794	0.950025	0.009181	0.000000	0.000000	0.000000
385	0.000000	0.000000	0.000000	0.040821	0.949991	0.009188	0.000000	0.000000	0.000000
386	0.000000	0.000000	0.000000	0.040583	0.950244	0.009173	0.000000	0.000000	0.000000
387	0.000000	0.000000	0.000000	0.040546	0.950193	0.009261	0.000000	0.000000	0.000000
388	0.000000	0.000000	0.000000	0.040616	0.950113	0.009271	0.000000	0.000000	0.000000
389	0.000000	0.000000	0.000000	0.040556	0.950210	0.009234	0.000000	0.000000	0.000000
390	0.000000	0.000000	0.000000	0.040435	0.950348	0.009217	0.000000	0.000000	0.000000
391	0.000000	0.000000	0.000000	0.040475	0.950461	0.009064	0.000000	0.000000	0.000000
392	0.000000	0.000000	0.000000	0.040496	0.950384	0.009120	0.000000	0.000000	0.000000
393	0.000000	0.000000	0.000000	0.040617	0.950231	0.009152	0.000000	0.000000	0.000000
394	0.000000	0.000000	0.000000	0.040612	0.950368	0.009020	0.000000	0.000000	0.000000
395	0.000000	0.000000	0.000000	0.040691	0.950402	0.008907	0.000000	0.000000	0.000000
396	0.000000	0.000000	0.000000	0.040668	0.950382	0.008950	0.000000	0.000000	0.000000
397	0.000000	0.000000	0.000000	0.040577	0.950568	0.008855	0.000000	0.000000	0.000000
398	0.000000	0.000000	0.000000	0.040692	0.950445	0.008863	0.000000	0.000000	0.000000
399	0.000000	0.000000	0.000000	0.040627	0.950376	0.008997	0.000000	0.000000	0.000000
400	0.000000	0.000000	0.000000	0.040449	0.950574	0.008977	0.000000	0.000000	0.000000
401	0.000000	0.000000	0.000000	0.040663	0.950297	0.009040	0.000000	0.000000	0.000000
402	0.000000	0.000000	0.000000	0.040630	0.950275	0.009095	0.000000	0.000000	0.000000
403	0.000000	0.000000	0.000000	0.040635	0.950380	0.008985	0.000000	0.000000	0.000000
404	0.000000	0.000000	0.000000	0.040796	0.950077	0.009127	0.000000	0.000000	0.000000
405	0.000000	0.000000	0.000000	0.040874	0.949965	0.009161	0.000000	0.000000	0.000000
406	0.000000	0.000000	0.000000	0.040858	0.949830	0.009312	0.000000	0.000000	0.000000
407	0.000000	0.000000	0.000000	0.040965	0.949692	0.009343	0.000000	0.000000	0.000000
408	0.000000	0.000000	0.000000	0.041048	0.949511	0.009441	0.000000	0.000000	0.000000
409	0.000000	0.000000	0.000000	0.041027	0.949485	0.009488	0.000000	0.000000	0.000000
410	0.000000	0.000000	0.000000	0.040876	0.949612	0.009512	0.000000	0.000000	0.000000
411	0.000000	0.000000	0.000000	0.041218	0.949303	0.009479	0.000000	0.000000	0.000000
412	0.000000	0.000000	0.000000	0.041114	0.949350	0.009536	0.000000	0.000000	0.000000
413	0.000000	0.000000	0.000000	0.041275	0.949160	0.009565	0.000000	0.000000	0.000000
414	0.000000	0.000000	0.000000	0.041304	0.949153	0.009543	0.000000	0.000000	0.000000
415	0.000000	0.000000	0.000000	0.041470	0.949112	0.009418	0.000000	0.000000	0.000000
416	0.000000	0.000000	0.000000	0.041345	0.949134	0.009521	0.000000	0.000000	0.000000
417	0.000000	0.000000	0.000000	0.041595	0.948946	0.009459	0.000000	0.000000	0.000000
418	0.000000	0.000000	0.000000	0.041590	0.948937	0.009473	0.000000	0.000000	0.000000
419	0.000000	0.000000	0.000000	0.041462	0.949115	0.009423	0.000000	0.000000	0.000000
420	0.000000	0.000000	0.000000	0.041260	0.949313	0.009427	0.000000	0.000000	0.000000
421	0.000000	0.000000	0.000000	0.041411	0.949198	0.009391	0.000000	0.000000	0.000000
422	0.000000	0.000000	0.000000	0.041539	0.949006	0.009455	0.000000	0.000000	0.000000
423	0.000000	0.000000	0.000000	0.041430	0.949036	0.009534	0.000000	0.000000	0.000000
424	0.000000	0.000000	0.000000	0.041288	0.949179	0.009533	0.000000	0.000000	0.000000
425	0.000000	0.000000	0.000000	0.041349	0.949185	0.009466	0.000000	0.000000	0.000000
426	0.000000	0.000000	0.000000	0.041183	0.949278	0.009539	0.000000	0.000000	0.000000
427	0.000000	0.000000	0.000000	0.040951	0.949556	0.009493	0.000000	0.000000	0.000000
428	0.000000	0.000000	0.000000	0.041145	0.949406	0.009449	0.000000	0.000000	0.000000
429	0.000000	0.000000	0.000000	0.041179	0.949392	0.009429	0.000000	0.000000	0.000000
430	0.000000	0.000000	0.000000	0.041242	0.949185	0.009573	0.000000	0.000000	0.000000
431	0.000000	0.000000	0.000000	0.041036	0.949393	0.009571	0.000000	0.000000	0.000000
432	0.000000	0.000000	0.000000	0.041023	0.949547	0.009430	0.000000	0.000000	0.000000
433	0.000000	0.000000	0.000000	0.041149	0.949384	0.009467	0.000000	0.000000	0.000000
434	0.000000	0.000000	0.000000	0.041072	0.949557	0.009371	0.000000	0.000000	0.000000
435	0.000000	0.000000	0.000000	0.040905	0.949653	0.009442	0.000000	0.000000	0.000000
436	0.000000	0.000000	0.000000	0.040942	0.949543	0.009515	0.000000	0.000000	0.000000
437	0.000000	0.000000	0.000000	0.040745	0.949698	0.009557	0.000000	0.000000	0.000000
438	0.000000	0.000000	0.000000	0.040949	0.949576	0.009475	0.000000	0.000000	0.000000
439	0.000000	0.000000	0.000000	0.041044	0.949478	0.009478	0.000000	0.000000	0.000000
440	0.000000	0.000000	0.000000	0.040954	0.949553	0.009493	0.000000	0.000000	0.000000
441	0.000000	0.000000	0.000000	0.041049	0.949378	0.009573	0.000000	0.000000	0.000000
442	0.000000	0.000000	0.000000	0.041012	0.949279	0.009709	0.000000	0.000000	0.000000
443	0.000000	0.000000	0.000000	0.040835	0.949427	0.009738	0.000000	0.000000	0.000000
444	0.000000	0.000000	0.000000	0.040629	0.949599	0.009772	0.000000	0.000000	0.000000
445	0.000000	0.000000	0.000000	0.040688	0.949440	0.009872	0.000000	0.000000	0.000000
446	0.000000	0.000000	0.000000	0.040798	0.949149	0.010053	0.000000	0.000000	0.000000
447	0.000000	0.000000	0.000000	0.040834	0.949153	0.010013	0.000000	0.000000	0.000000
448	0.000000	0.000000	0.000000	0.040898	0.949080	0.010022	0.000000	0.000000	0.000000
449	0.000000	0.000000	0.000000	0.040665	0.949229	0.010106	0.000000	0.000000	0.000000
450	0.000000	0.000000	0.000000	0.040713	0.949224	0.010063	0.000000	0.000000	0.000000
451	0.000000	0.000000	0.000000	0.040969	0.948975	0.010056	0.000000	0.000000	0.000000
452	0.000000	0.000000	0.000000	0.041124	0.948834	0.010042	0.000000	0.000000	0.000000
453	0.000000	0.000000	0.000000	0.040982	0.948939	0.010079	0.000000	0.000000	0.000000
454	0.000000	0.000000	0.000000	0.041069	0.948752	0.010179	0.000000	0.000000	0.000000
455	0.000000	0.000000	0.000000	0.041377	0.948577	0.010046	0.000000	0.000000	0.000000
456	0.000000	0.000000	0.000000	0.041427	0.948511	0.010062	0.000000	0.000000	0.000000
457	0.000000	0.000000	0.000000	0.041469	0.948513	0.010018	0.000000	0.000000	0.000000
458	0.000000	0.000000	0.000000	0.041460	0.948627	0.009913	0.000000	0.000000	0.000000
459	0.000000	0.000000	0.000000	0.041590	0.948394	0.010016	0.000000	0.000000	0.000000
460	0.000000	0.000000	0.000000	0.041661	0.948362	0.009977	0.000000	0.000000	0.000000
461	0.000000	0.000000	0.000000	0.041532	0.948511	0.009957	0.000000	0.000000	0.000000
462	0.000000	0.000000	0.000000	0.041568	0.948454	0.009978	0.000000	0.000000	0.000000
463	0.000000	0.000000	0.000000	0.041432	0.948765	0.009803	0.000000	0.000000	0.000000
464	0.000000	0.000000	0.000000	0.041548	0.948622	0.009830	0.000000	0.000000	0.000000
465	0.000000	0.000000	0.000000	0.041500	0.948535	0.009965	0.000000	0.000000	0.000000
466	0.000000	0.000000	0.000000	0.041540	0.948456	0.010004	0.000000	0.000000	0.000000
467	0.000000	0.000000	0.000000	0.041576	0.948484	0.009940	0.000000	0.000000	0.000000
468	0.000000	0.000000	0.000000	0.041575	0.948481	0.009944	0.000000	0.000000	0.000000
469	0.000000	0.000000	0.000000	0.041570	0.948287	0.010143	0.000000	0.000000	0.000000
470	0.000000	0.000000	0.000000	0.041410	0.948503	0.010087	0.000000	0.000000	0.000000
