0	0.290663	0.057897	0.229473	0.157588	0.029913	0.111872	0.085455	0.012259	0.024880
1	0.243757	0.050352	0.210408	0.126348	0.026168	0.110422	0.118023	0.023596	0.090926
2	0.254568	0.052154	0.216790	0.111241	0.024292	0.097563	0.117428	0.023195	0.102769
3	0.270591	0.054481	0.223412	0.098655	0.022969	0.084616	0.113944	0.022472	0.108860
4	0.287605	0.056963	0.227971	0.087801	0.021841	0.073050	0.109572	0.021241	0.113956
5	0.304581	0.059004	0.231304	0.078126	0.020723	0.063096	0.104174	0.020118	0.118874
6	0.320991	0.061063	0.233806	0.069418	0.019807	0.054005	0.098813	0.018832	0.123265
7	0.336664	0.062693	0.235306	0.061140	0.019147	0.046240	0.093740	0.017809	0.127261
8	0.352282	0.064031	0.235361	0.054277	0.018380	0.039559	0.088186	0.016590	0.131334
9	0.367124	0.065420	0.235379	0.047513	0.017689	0.033611	0.083128	0.015411	0.134725
10	0.381251	0.066677	0.233771	0.042238	0.017201	0.028452	0.078190	0.014573	0.137647
11	0.394070	0.067978	0.231736	0.037172	0.016671	0.024269	0.073238	0.013704	0.141162
12	0.407871	0.068816	0.229274	0.032532	0.016278	0.020731	0.068657	0.012780	0.143061
13	0.420436	0.069967	0.225758	0.028519	0.015712	0.017691	0.064436	0.012022	0.145459
14	0.432420	0.071054	0.222383	0.025253	0.015135	0.015252	0.060119	0.011205	0.147179
15	0.443189	0.071845	0.218461	0.022511	0.014705	0.012951	0.056304	0.010646	0.149388
16	0.453782	0.072724	0.214762	0.019820	0.014333	0.011107	0.052395	0.009897	0.151180
17	0.463008	0.073379	0.210892	0.017636	0.014030	0.009574	0.049292	0.009206	0.152983
18	0.472693	0.074201	0.206515	0.015811	0.013907	0.008414	0.045486	0.008625	0.154348
19	0.482021	0.074705	0.202984	0.014025	0.013525	0.007151	0.042515	0.008049	0.155025
20	0.491314	0.075621	0.197915	0.012369	0.013149	0.006083	0.039813	0.007486	0.156250
21	0.499767	0.076402	0.193712	0.010953	0.012953	0.005175	0.037287	0.007117	0.156634
22	0.507679	0.076980	0.189508	0.009868	0.012697	0.004490	0.034722	0.006632	0.157424
23	0.515589	0.077579	0.185471	0.008714	0.012607	0.003835	0.032430	0.006144	0.157631
24	0.523470	0.078284	0.180771	0.007791	0.012458	0.003366	0.030440	0.005770	0.157650
25	0.531602	0.078561	0.176959	0.006926	0.012122	0.002993	0.028105	0.005355	0.157377
26	0.538976	0.078923	0.172522	0.006427	0.011955	0.002655	0.026246	0.005037	0.157259
27	0.546695	0.078999	0.168410	0.005707	0.011691	0.002354	0.024580	0.004671	0.156893
28	0.554027	0.079623	0.164194	0.005216	0.011331	0.002081	0.022905	0.004429	0.156194
29	0.560816	0.080400	0.160103	0.004642	0.011095	0.001841	0.021223	0.004126	0.155754
30	0.567921	0.080550	0.156261	0.004261	0.010980	0.001598	0.019872	0.003825	0.154732
31	0.574221	0.081275	0.152296	0.003858	0.010929	0.001408	0.018560	0.003477	0.153976
32	0.580504	0.081666	0.149084	0.003527	0.010651	0.001239	0.017244	0.003172	0.152913
33	0.586529	0.081977	0.146069	0.003159	0.010527	0.001112	0.015795	0.002950	0.151882
34	0.592449	0.082438	0.142189	0.002999	0.010464	0.000982	0.014687	0.002756	0.151036
35	0.598031	0.082599	0.138966	0.002789	0.010483	0.000848	0.013865	0.002471	0.149948
36	0.604375	0.082918	0.135977	0.002543	0.010305	0.000788	0.012590	0.002314	0.148190
37	0.610803	0.083025	0.132421	0.002279	0.010267	0.000711	0.011749	0.002077	0.146668
38	0.616793	0.083418	0.129450	0.002207	0.010331	0.000630	0.010970	0.001943	0.144258
39	0.622652	0.083753	0.125717	0.002073	0.010214	0.000573	0.010142	0.001865	0.143011
40	0.628664	0.083815	0.122775	0.001898	0.010195	0.000546	0.009331	0.001643	0.141133
41	0.634179	0.084103	0.120227	0.001741	0.010034	0.000493	0.008585	0.001584	0.139054
42	0.640137	0.084391	0.117005	0.001688	0.009968	0.000442	0.007936	0.001464	0.136969
43	0.645289	0.084650	0.114437	0.001636	0.009971	0.000418	0.007248	0.001313	0.135038
44	0.651149	0.085067	0.111345	0.001453	0.010019	0.000357	0.006701	0.001205	0.132704
45	0.656711	0.084970	0.108930	0.001355	0.009934	0.000365	0.006215	0.001145	0.130375
46	0.662009	0.085292	0.106126	0.001256	0.010001	0.000340	0.005817	0.001005	0.128154
47	0.667342	0.085683	0.104313	0.001170	0.009901	0.000300	0.005387	0.000921	0.124983
48	0.672255	0.086420	0.101941	0.001122	0.009784	0.000277	0.004978	0.000845	0.122378
49	0.677714	0.086738	0.099488	0.000993	0.009677	0.000245	0.004561	0.000793	0.119791
50	0.683214	0.086655	0.097520	0.000983	0.009564	0.000213	0.004165	0.000706	0.116980
51	0.688490	0.087089	0.095076	0.000933	0.009449	0.000186	0.003763	0.000658	0.114356
52	0.693309	0.087509	0.093575	0.000895	0.009294	0.000164	0.003336	0.000623	0.111295
53	0.698387	0.087716	0.091214	0.000866	0.009480	0.000152	0.003083	0.000530	0.108572
54	0.702704	0.088096	0.089612	0.000813	0.009449	0.000141	0.002821	0.000475	0.105889
55	0.707128	0.088629	0.087732	0.000785	0.009319	0.000150	0.002548	0.000414	0.103295
56	0.711871	0.088947	0.085938	0.000749	0.009450	0.000127	0.002321	0.000407	0.100190
57	0.716332	0.089315	0.084237	0.000717	0.009446	0.000101	0.002216	0.000349	0.097287
58	0.720665	0.089617	0.082482	0.000664	0.009309	0.000103	0.002084	0.000336	0.094740
59	0.724486	0.090226	0.080981	0.000622	0.009422	0.000106	0.001956	0.000295	0.091906
60	0.728282	0.090535	0.079314	0.000584	0.009451	0.000106	0.001805	0.000251	0.089672
61	0.733216	0.090467	0.077770	0.000545	0.009379	0.000094	0.001589	0.000243	0.086697
62	0.737591	0.090487	0.076364	0.000522	0.009405	0.000088	0.001505	0.000213	0.083825
63	0.741730	0.090730	0.074809	0.000499	0.009241	0.000076	0.001369	0.000185	0.081361
64	0.745784	0.090992	0.073303	0.000468	0.009249	0.000065	0.001276	0.000162	0.078701
65	0.750003	0.090809	0.072257	0.000484	0.009102	0.000083	0.001170	0.000141	0.075951
66	0.753973	0.091031	0.070741	0.000442	0.009071	0.000085	0.001092	0.000134	0.073431
67	0.757609	0.091437	0.069831	0.000417	0.009023	0.000072	0.000968	0.000123	0.070520
68	0.761083	0.091763	0.068429	0.000416	0.009137	0.000066	0.000935	0.000110	0.068061
69	0.764675	0.091879	0.067243	0.000395	0.009064	0.000064	0.000851	0.000094	0.065735
70	0.768248	0.091968	0.066128	0.000364	0.009069	0.000061	0.000792	0.000093	0.063277
71	0.771350	0.092080	0.065125	0.000377	0.009162	0.000061	0.000751	0.000063	0.061031
72	0.774613	0.092332	0.064102	0.000364	0.009125	0.000075	0.000668	0.000063	0.058658
73	0.777667	0.092499	0.062902	0.000323	0.009276	0.000069	0.000640	0.000051	0.056573
74	0.780190	0.092864	0.062432	0.000339	0.009399	0.000062	0.000562	0.000041	0.054111
75	0.783334	0.092734	0.061555	0.000276	0.009461	0.000073	0.000526	0.000035	0.052006
76	0.785997	0.092856	0.060996	0.000283	0.009435	0.000069	0.000491	0.000028	0.049845
77	0.789057	0.092853	0.060018	0.000275	0.009533	0.000076	0.000432	0.000026	0.047730
78	0.791784	0.093109	0.059078	0.000264	0.009510	0.000069	0.000394	0.000025	0.045767
79	0.794121	0.092973	0.058795	0.000245	0.009615	0.000069	0.000325	0.000015	0.043842
80	0.796557	0.092935	0.058257	0.000243	0.009540	0.000061	0.000338	0.000016	0.042053
81	0.798951	0.092988	0.057608	0.000200	0.009509	0.000064	0.000297	0.000015	0.040368
82	0.801042	0.093163	0.057016	0.000220	0.009659	0.000052	0.000281	0.000008	0.038559
83	0.803036	0.093600	0.056403	0.000216	0.009673	0.000051	0.000250	0.000010	0.036761
84	0.805502	0.093149	0.055757	0.000206	0.009750	0.000038	0.000219	0.000008	0.035371
85	0.807554	0.093021	0.055217	0.000203	0.009784	0.000040	0.000234	0.000008	0.033939
86	0.809794	0.093024	0.054441	0.000189	0.009784	0.000044	0.000192	0.000005	0.032527
87	0.812353	0.092763	0.053786	0.000172	0.009781	0.000040	0.000194	0.000007	0.030904
88	0.814047	0.092753	0.053271	0.000180	0.009739	0.000027	0.000173	0.000005	0.029805
89	0.815651	0.092825	0.052936	0.000162	0.009801	0.000044	0.000147	0.000002	0.028432
90	0.817160	0.092968	0.052512	0.000165	0.009771	0.000043	0.000144	0.000001	0.027236
91	0.819024	0.092841	0.052196	0.000173	0.009821	0.000052	0.000149	0.000001	0.025743
92	0.820678	0.092664	0.051627	0.000153	0.009965	0.000049	0.000121	0.000000	0.024743
93	0.822181	0.092511	0.051573	0.000160	0.009967	0.000048	0.000143	0.000001	0.023416
94	0.823716	0.092241	0.051284	0.000153	0.009853	0.000050	0.000122	0.000000	0.022581
95	0.824745	0.092360	0.050957	0.000142	0.009964	0.000046	0.000092	0.000000	0.021694
96	0.826493	0.092057	0.050583	0.000135	0.009943	0.000048	0.000074	0.000000	0.020667
97	0.827798	0.091861	0.050181	0.000124	0.010047	0.000049	0.000079	0.000000	0.019861
98	0.829041	0.091856	0.049733	0.000127	0.010072	0.000052	0.000068	0.000000	0.019051
99	0.830450	0.091654	0.049579	0.000131	0.010068	0.000050	0.000065	0.000000	0.018003
100	0.831353	0.091944	0.049266	0.000121	0.010023	0.000044	0.000058	0.000000	0.017191
101	0.832028	0.091986	0.049114	0.000141	0.010096	0.000048	0.000064	0.000000	0.016523
102	0.833903	0.091464	0.048893	0.000111	0.009948	0.000053	0.000048	0.000000	0.015580
103	0.835181	0.091129	0.048633	0.000109	0.009801	0.000052	0.000045	0.000000	0.015050
104	0.836054	0.091030	0.048355	0.000105	0.009875	0.000049	0.000046	0.000000	0.014486
105	0.837109	0.091158	0.048104	0.000100	0.009762	0.000036	0.000045	0.000000	0.013686
106	0.837685	0.091062	0.048056	0.000096	0.009840	0.000034	0.000043	0.000000	0.013184
107	0.838534	0.090922	0.047870	0.000091	0.009930	0.000031	0.000038	0.000000	0.012584
108	0.838947	0.091019	0.047851	0.000101	0.009903	0.000032	0.000035	0.000000	0.012112
109	0.839996	0.090713	0.047614	0.000106	0.009799	0.000026	0.000029	0.000000	0.011717
110	0.840832	0.090392	0.047493	0.000095	0.009776	0.000031	0.000028	0.000000	0.011353
111	0.841869	0.090086	0.047342	0.000088	0.009838	0.000029	0.000025	0.000000	0.010723
112	0.842831	0.089681	0.047102	0.000089	0.009832	0.000029	0.000023	0.000000	0.010413
113	0.843467	0.089561	0.046979	0.000099	0.009770	0.000031	0.000016	0.000000	0.010077
114	0.844212	0.089482	0.046952	0.000096	0.009633	0.000029	0.000017	0.000000	0.009579
115	0.844185	0.089707	0.047083	0.000086	0.009553	0.000034	0.000011	0.000000	0.009341
116	0.845378	0.089345	0.046723	0.000085	0.009525	0.000035	0.000008	0.000000	0.008901
117	0.845790	0.089511	0.046520	0.000089	0.009511	0.000033	0.000005	0.000000	0.008541
118	0.846342	0.089516	0.046499	0.000088	0.009347	0.000029	0.000008	0.000000	0.008171
119	0.846630	0.089393	0.046568	0.000080	0.009336	0.000036	0.000009	0.000000	0.007948
120	0.847381	0.089067	0.046467	0.000080	0.009294	0.000031	0.000009	0.000000	0.007671
121	0.848322	0.088680	0.046440	0.000079	0.009188	0.000032	0.000006	0.000000	0.007253
122	0.848516	0.088585	0.046541	0.000087	0.009175	0.000024	0.000007	0.000000	0.007065
123	0.849128	0.088333	0.046506	0.000084	0.009048	0.000026	0.000004	0.000000	0.006871
124	0.849027	0.089030	0.046092	0.000078	0.009056	0.000029	0.000004	0.000000	0.006684
125	0.849492	0.088775	0.046020	0.000079	0.009101	0.000029	0.000002	0.000000	0.006502
126	0.850674	0.088176	0.045842	0.000073	0.009023	0.000025	0.000002	0.000000	0.006185
127	0.851487	0.088106	0.045499	0.000070	0.008823	0.000025	0.000001	0.000000	0.005989
128	0.851876	0.088068	0.045386	0.000075	0.008784	0.000017	0.000001	0.000000	0.005793
129	0.852250	0.087788	0.045580	0.000072	0.008734	0.000017	0.000003	0.000000	0.005556
130	0.853087	0.087195	0.045460	0.000079	0.008806	0.000023	0.000001	0.000000	0.005349
131	0.853687	0.086880	0.045364	0.000077	0.008863	0.000018	0.000000	0.000000	0.005111
132	0.854559	0.086468	0.045144	0.000093	0.008735	0.000024	0.000000	0.000000	0.004977
133	0.854630	0.086543	0.045091	0.000092	0.008697	0.000017	0.000000	0.000000	0.004930
134	0.854891	0.086406	0.045105	0.000092	0.008694	0.000017	0.000000	0.000000	0.004795
135	0.855441	0.085993	0.045027	0.000098	0.008712	0.000018	0.000000	0.000000	0.004711
136	0.855851	0.086031	0.044825	0.000091	0.008647	0.000023	0.000000	0.000000	0.004532
137	0.856242	0.085992	0.044723	0.000088	0.008563	0.000024	0.000000	0.000000	0.004368
138	0.856571	0.086042	0.044630	0.000094	0.008481	0.000022	0.000000	0.000000	0.004160
139	0.856846	0.086115	0.044412	0.000097	0.008375	0.000030	0.000000	0.000000	0.004125
140	0.856833	0.086118	0.044459	0.000104	0.008423	0.000032	0.000000	0.000000	0.004031
141	0.857316	0.085654	0.044651	0.000116	0.008353	0.000037	0.000000	0.000000	0.003873
142	0.858484	0.085181	0.044019	0.000098	0.008364	0.000031	0.000000	0.000000	0.003823
143	0.858533	0.085392	0.043986	0.000090	0.008286	0.000041	0.000000	0.000000	0.003672
144	0.858859	0.084975	0.044231	0.000084	0.008227	0.000046	0.000000	0.000000	0.003578
145	0.859248	0.085077	0.043815	0.000084	0.008280	0.000037	0.000000	0.000000	0.003459
146	0.859128	0.085442	0.043655	0.000074	0.008268	0.000034	0.000000	0.000000	0.003399
147	0.859467	0.085152	0.043851	0.000063	0.008218	0.000025	0.000000	0.000000	0.003224
148	0.859646	0.085286	0.043600	0.000046	0.008192	0.000022	0.000000	0.000000	0.003208
149	0.859740	0.085626	0.043368	0.000056	0.008123	0.000011	0.000000	0.000000	0.003076
150	0.860308	0.085264	0.043182	0.000051	0.008190	0.000014	0.000000	0.000000	0.002991
151	0.860637	0.085121	0.043126	0.000050	0.008083	0.000016	0.000000	0.000000	0.002967
152	0.860946	0.085051	0.043067	0.000060	0.008021	0.000021	0.000000	0.000000	0.002834
153	0.861289	0.084758	0.043091	0.000056	0.007953	0.000021	0.000000	0.000000	0.002832
154	0.861623	0.084393	0.043071	0.000063	0.008100	0.000019	0.000000	0.000000	0.002731
155	0.861880	0.084286	0.042937	0.000071	0.008051	0.000014	0.000000	0.000000	0.002761
156	0.862445	0.084049	0.042833	0.000070	0.007952	0.000011	0.000000	0.000000	0.002640
157	0.862534	0.083843	0.042907	0.000069	0.007982	0.000016	0.000000	0.000000	0.002649
158	0.862964	0.083705	0.042732	0.000073	0.007944	0.000012	0.000000	0.000000	0.002570
159	0.862725	0.083656	0.043024	0.000083	0.007983	0.000012	0.000000	0.000000	0.002517
160	0.863006	0.083085	0.043335	0.000079	0.008032	0.000007	0.000000	0.000000	0.002456
161	0.863250	0.083123	0.043220	0.000078	0.007925	0.000014	0.000000	0.000000	0.002390
162	0.863092	0.083387	0.043194	0.000092	0.007938	0.000008	0.000000	0.000000	0.002289
163	0.863471	0.083174	0.043067	0.000093	0.007929	0.000007	0.000000	0.000000	0.002259
164	0.864234	0.082592	0.042943	0.000088	0.007971	0.000007	0.000000	0.000000	0.002165
165	0.864264	0.082715	0.042846	0.000095	0.007920	0.000011	0.000000	0.000000	0.002149
166	0.864416	0.082886	0.042610	0.000089	0.007923	0.000008	0.000000	0.000000	0.002068
167	0.864934	0.082824	0.042332	0.000088	0.007777	0.000015	0.000000	0.000000	0.002030
168	0.864885	0.082994	0.042322	0.000075	0.007784	0.000020	0.000000	0.000000	0.001920
169	0.864882	0.082967	0.042421	0.000075	0.007732	0.000016	0.000000	0.000000	0.001907
170	0.865180	0.082592	0.042614	0.000059	0.007661	0.000016	0.000000	0.000000	0.001878
171	0.865418	0.082598	0.042539	0.000059	0.007620	0.000016	0.000000	0.000000	0.001750
172	0.865252	0.082539	0.042862	0.000069	0.007529	0.000019	0.000000	0.000000	0.001730
173	0.865443	0.082406	0.042805	0.000078	0.007521	0.000017	0.000000	0.000000	0.001730
174	0.865386	0.082398	0.042845	0.000078	0.007553	0.000022	0.000000	0.000000	0.001718
175	0.865289	0.082667	0.042888	0.000073	0.007384	0.000017	0.000000	0.000000	0.001682
176	0.865273	0.082590	0.042891	0.000068	0.007510	0.000014	0.000000	0.000000	0.001654
177	0.865829	0.082199	0.042775	0.000074	0.007502	0.000012	0.000000	0.000000	0.001609
178	0.866233	0.082088	0.042485	0.000064	0.007527	0.000015	0.000000	0.000000	0.001588
179	0.867119	0.081700	0.042019	0.000073	0.007485	0.000016	0.000000	0.000000	0.001588
180	0.867222	0.081847	0.041917	0.000083	0.007393	0.000017	0.000000	0.000000	0.001521
181	0.867772	0.081356	0.041993	0.000090	0.007321	0.000016	0.000000	0.000000	0.001452
182	0.868057	0.081281	0.041846	0.000073	0.007288	0.000016	0.000000	0.000000	0.001439
183	0.868143	0.081242	0.042077	0.000072	0.007091	0.000014	0.000000	0.000000	0.001361
184	0.868489	0.081028	0.041843	0.000069	0.007184	0.000016	0.000000	0.000000	0.001371
185	0.868512	0.081100	0.041931	0.000089	0.007037	0.000013	0.000000	0.000000	0.001318
186	0.868476	0.081257	0.041792	0.000089	0.007064	0.000016	0.000000	0.000000	0.001306
187	0.868888	0.081101	0.041655	0.000076	0.007063	0.000010	0.000000	0.000000	0.001207
188	0.868932	0.080750	0.041927	0.000076	0.007067	0.000012	0.000000	0.000000	0.001236
189	0.869501	0.080588	0.041614	0.000076	0.007039	0.000009	0.000000	0.000000	0.001173
190	0.868970	0.080676	0.042139	0.000061	0.006989	0.000010	0.000000	0.000000	0.001155
191	0.869396	0.080505	0.041887	0.000064	0.007009	0.000011	0.000000	0.000000	0.001128
192	0.869300	0.080567	0.041933	0.000063	0.007007	0.000015	0.000000	0.000000	0.001115
193	0.869000	0.080638	0.042229	0.000074	0.006941	0.000013	0.000000	0.000000	0.001105
194	0.869329	0.080314	0.042406	0.000082	0.006815	0.000011	0.000000	0.000000	0.001043
195	0.869144	0.080548	0.042410	0.000091	0.006784	0.000010	0.000000	0.000000	0.001013
196	0.869153	0.080526	0.042568	0.000072	0.006749	0.000009	0.000000	0.000000	0.000923
197	0.868762	0.080964	0.042642	0.000071	0.006640	0.000008	0.000000	0.000000	0.000913
198	0.868681	0.081042	0.042708	0.000064	0.006590	0.000009	0.000000	0.000000	0.000906
199	0.868975	0.080742	0.042710	0.000054	0.006601	0.000009	0.000000	0.000000	0.000909
200	0.869273	0.080603	0.042680	0.000051	0.006519	0.000014	0.000000	0.000000	0.000860
201	0.868917	0.081127	0.042632	0.000058	0.006417	0.000014	0.000000	0.000000	0.000835
202	0.869256	0.081040	0.042433	0.000043	0.006394	0.000011	0.000000	0.000000	0.000823
203	0.869497	0.080552	0.042741	0.000051	0.006324	0.000013	0.000000	0.000000	0.000822
204	0.869766	0.080588	0.042524	0.000056	0.006249	0.000009	0.000000	0.000000	0.000808
205	0.869626	0.080936	0.042434	0.000048	0.006165	0.000009	0.000000	0.000000	0.000782
206	0.869806	0.080709	0.042437	0.000055	0.006204	0.000009	0.000000	0.000000	0.000780
207	0.869873	0.080777	0.042398	0.000053	0.006132	0.000009	0.000000	0.000000	0.000758
208	0.870360	0.080545	0.042214	0.000048	0.006090	0.000010	0.000000	0.000000	0.000733
209	0.870138	0.080717	0.042380	0.000045	0.005995	0.000012	0.000000	0.000000	0.000713
210	0.869919	0.080739	0.042576	0.000047	0.005997	0.000015	0.000000	0.000000	0.000707
211	0.869877	0.080784	0.042616	0.000047	0.005969	0.000005	0.000000	0.000000	0.000702
212	0.870230	0.080497	0.042644	0.000044	0.005880	0.000006	0.000000	0.000000	0.000699
213	0.870118	0.080709	0.042607	0.000041	0.005862	0.000007	0.000000	0.000000	0.000656
214	0.870460	0.080538	0.042608	0.000042	0.005708	0.000006	0.000000	0.000000	0.000638
215	0.870761	0.080434	0.042406	0.000035	0.005744	0.000005	0.000000	0.000000	0.000615
216	0.870863	0.080547	0.042229	0.000050	0.005677	0.000003	0.000000	0.000000	0.000631
217	0.871180	0.080667	0.041996	0.000035	0.005501	0.000000	0.000000	0.000000	0.000621
218	0.871639	0.080262	0.042002	0.000043	0.005431	0.000000	0.000000	0.000000	0.000623
219	0.871970	0.079862	0.042134	0.000039	0.005387	0.000000	0.000000	0.000000	0.000608
220	0.871759	0.079960	0.042342	0.000043	0.005307	0.000000	0.000000	0.000000	0.000589
221	0.871928	0.080045	0.042197	0.000041	0.005196	0.000000	0.000000	0.000000	0.000593
222	0.872354	0.079942	0.041968	0.000039	0.005116	0.000000	0.000000	0.000000	0.000581
223	0.872176	0.080121	0.042066	0.000030	0.005034	0.000000	0.000000	0.000000	0.000573
224	0.872426	0.080016	0.041955	0.000041	0.005007	0.000000	0.000000	0.000000	0.000555
225	0.872084	0.080438	0.041835	0.000044	0.005047	0.000000	0.000000	0.000000	0.000552
226	0.872042	0.080400	0.041953	0.000038	0.005000	0.000000	0.000000	0.000000	0.000567
227	0.872298	0.080147	0.041997	0.000038	0.004942	0.000000	0.000000	0.000000	0.000578
228	0.872059	0.080581	0.041926	0.000034	0.004834	0.000000	0.000000	0.000000	0.000566
229	0.872501	0.080287	0.041815	0.000035	0.004821	0.000000	0.000000	0.000000	0.000541
230	0.872472	0.080380	0.041789	0.000037	0.004809	0.000000	0.000000	0.000000	0.000513
231	0.872349	0.080312	0.041987	0.000044	0.004793	0.000000	0.000000	0.000000	0.000515
232	0.872423	0.080284	0.041997	0.000040	0.004743	0.000000	0.000000	0.000000	0.000513
233	0.872595	0.080079	0.042142	0.000034	0.004643	0.000000	0.000000	0.000000	0.000507
234	0.872859	0.079889	0.041991	0.000028	0.004704	0.000000	0.000000	0.000000	0.000529
235	0.872924	0.079901	0.041930	0.000028	0.004701	0.000000	0.000000	0.000000	0.000516
236	0.873177	0.079652	0.042156	0.000028	0.004488	0.000000	0.000000	0.000000	0.000499
237	0.872863	0.080096	0.042101	0.000030	0.004448	0.000000	0.000000	0.000000	0.000462
238	0.873181	0.079785	0.042195	0.000035	0.004355	0.000000	0.000000	0.000000	0.000449
239	0.873626	0.079303	0.042373	0.000032	0.004229	0.000000	0.000000	0.000000	0.000437
240	0.873186	0.079790	0.042385	0.000033	0.004178	0.000000	0.000000	0.000000	0.000428
241	0.872896	0.079968	0.042557	0.000032	0.004127	0.000000	0.000000	0.000000	0.000420
242	0.872706	0.080065	0.042709	0.000034	0.004057	0.000000	0.000000	0.000000	0.000429
243	0.872861	0.080090	0.042495	0.000028	0.004093	0.000000	0.000000	0.000000	0.000433
244	0.872714	0.080237	0.042526	0.000026	0.004061	0.000000	0.000000	0.000000	0.000436
245	0.872635	0.080186	0.042673	0.000026	0.004031	0.000000	0.000000	0.000000	0.000449
246	0.872706	0.080310	0.042582	0.000019	0.003978	0.000000	0.000000	0.000000	0.000405
247	0.873069	0.079997	0.042589	0.000019	0.003926	0.000000	0.000000	0.000000	0.000400
248	0.873150	0.079748	0.042817	0.000015	0.003877	0.000000	0.000000	0.000000	0.000393
249	0.873414	0.079557	0.042703	0.000014	0.003920	0.000000	0.000000	0.000000	0.000392
250	0.873422	0.079146	0.043181	0.000013	0.003838	0.000000	0.000000	0.000000	0.000400
251	0.873358	0.079038	0.043384	0.000012	0.003811	0.000000	0.000000	0.000000	0.000397
252	0.873513	0.079002	0.043378	0.000012	0.003713	0.000000	0.000000	0.000000	0.000382
253	0.873937	0.078673	0.043306	0.000015	0.003685	0.000000	0.000000	0.000000	0.000384
254	0.873833	0.078633	0.043493	0.000016	0.003669	0.000000	0.000000	0.000000	0.000356
255	0.873731	0.078645	0.043616	0.000015	0.003633	0.000000	0.000000	0.000000	0.000360
256	0.873852	0.078626	0.043632	0.000015	0.003524	0.000000	0.000000	0.000000	0.000351
257	0.873951	0.078520	0.043653	0.000010	0.003526	0.000000	0.000000	0.000000	0.000340
258	0.873759	0.078653	0.043791	0.000009	0.003432	0.000000	0.000000	0.000000	0.000356
259	0.873750	0.078628	0.043844	0.000011	0.003425	0.000000	0.000000	0.000000	0.000342
260	0.873915	0.078463	0.043887	0.000012	0.003384	0.000000	0.000000	0.000000	0.000339
261	0.874208	0.078215	0.043846	0.000011	0.003381	0.000000	0.000000	0.000000	0.000339
262	0.874480	0.078216	0.043598	0.000011	0.003341	0.000000	0.000000	0.000000	0.000354
263	0.873879	0.078466	0.044019	0.000010	0.003277	0.000000	0.000000	0.000000	0.000349
264	0.873904	0.078306	0.044122	0.000012	0.003301	0.000000	0.000000	0.000000	0.000355
265	0.874448	0.077885	0.044016	0.000012	0.003295	0.000000	0.000000	0.000000	0.000344
266	0.874622	0.077958	0.043849	0.000010	0.003236	0.000000	0.000000	0.000000	0.000325
267	0.874401	0.078057	0.044049	0.000018	0.003152	0.000000	0.000000	0.000000	0.000323
268	0.874171	0.078426	0.043928	0.000009	0.003153	0.000000	0.000000	0.000000	0.000313
269	0.874122	0.078589	0.043909	0.000013	0.003087	0.000000	0.000000	0.000000	0.000280
270	0.874380	0.078312	0.044006	0.000016	0.003011	0.000000	0.000000	0.000000	0.000275
271	0.874104	0.078514	0.044117	0.000020	0.002992	0.000000	0.000000	0.000000	0.000253
272	0.873831	0.078645	0.044305	0.000016	0.002958	0.000000	0.000000	0.000000	0.000245
273	0.874004	0.078287	0.044552	0.000015	0.002900	0.000000	0.000000	0.000000	0.000242
274	0.873818	0.078514	0.044530	0.000010	0.002869	0.000000	0.000000	0.000000	0.000259
275	0.873347	0.078714	0.044828	0.000009	0.002874	0.000000	0.000000	0.000000	0.000228
276	0.874069	0.078263	0.044512	0.000006	0.002915	0.000000	0.000000	0.000000	0.000235
277	0.874265	0.078154	0.044475	0.000008	0.002866	0.000000	0.000000	0.000000	0.000232
278	0.874394	0.078252	0.044230	0.000007	0.002911	0.000000	0.000000	0.000000	0.000206
279	0.874620	0.078078	0.044214	0.000006	0.002889	0.000000	0.000000	0.000000	0.000193
280	0.873846	0.078411	0.044707	0.000007	0.002847	0.000000	0.000000	0.000000	0.000182
281	0.874146	0.078235	0.044732	0.000003	0.002729	0.000000	0.000000	0.000000	0.000155
282	0.874442	0.078145	0.044519	0.000004	0.002730	0.000000	0.000000	0.000000	0.000160
283	0.874505	0.078208	0.044443	0.000005	0.002679	0.000000	0.000000	0.000000	0.000160
284	0.874824	0.078175	0.044234	0.000005	0.002608	0.000000	0.000000	0.000000	0.000154
285	0.874614	0.078311	0.044276	0.000005	0.002639	0.000000	0.000000	0.000000	0.000155
286	0.874530	0.078472	0.044253	0.000002	0.002600	0.000000	0.000000	0.000000	0.000143
287	0.874301	0.078624	0.044295	0.000002	0.002626	0.000000	0.000000	0.000000	0.000152
288	0.874932	0.078375	0.044037	0.000002	0.002502	0.000000	0.000000	0.000000	0.000152
289	0.875420	0.078094	0.043864	0.000005	0.002463	0.000000	0.000000	0.000000	0.000154
290	0.875091	0.078172	0.044123	0.000008	0.002452	0.000000	0.000000	0.000000	0.000154
291	0.875489	0.077720	0.044227	0.000006	0.002408	0.000000	0.000000	0.000000	0.000150
292	0.875149	0.078049	0.044267	0.000003	0.002389	0.000000	0.000000	0.000000	0.000143
293	0.874762	0.078089	0.044563	0.000004	0.002413	0.000000	0.000000	0.000000	0.000169
294	0.874564	0.078384	0.044472	0.000005	0.002419	0.000000	0.000000	0.000000	0.000156
295	0.874406	0.078325	0.044764	0.000003	0.002356	0.000000	0.000000	0.000000	0.000146
296	0.874718	0.078055	0.044763	0.000006	0.002310	0.000000	0.000000	0.000000	0.000148
297	0.874857	0.078182	0.044580	0.000004	0.002234	0.000000	0.000000	0.000000	0.000143
298	0.875038	0.078136	0.044416	0.000005	0.002267	0.000000	0.000000	0.000000	0.000138
299	0.875187	0.078054	0.044441	0.000003	0.002173	0.000000	0.000000	0.000000	0.000142
300	0.875478	0.077663	0.044573	0.000005	0.002140	0.000000	0.000000	0.000000	0.000141
301	0.875208	0.077852	0.044700	0.000006	0.002096	0.000000	0.000000	0.000000	0.000138
302	0.875112	0.077950	0.044698	0.000004	0.002103	0.000000	0.000000	0.000000	0.000133
303	0.875086	0.077934	0.044804	0.000001	0.002038	0.000000	0.000000	0.000000	0.000137
304	0.875033	0.077988	0.044850	0.000001	0.001997	0.000000	0.000000	0.000000	0.000131
305	0.875375	0.077761	0.044777	0.000002	0.001958	0.000000	0.000000	0.000000	0.000127
306	0.875253	0.077861	0.044752	0.000001	0.001996	0.000000	0.000000	0.000000	0.000137
307	0.875197	0.077754	0.044957	0.000002	0.001973	0.000000	0.000000	0.000000	0.000117
308	0.875350	0.077730	0.044836	0.000003	0.001971	0.000000	0.000000	0.000000	0.000110
309	0.874919	0.077984	0.045084	0.000003	0.001906	0.000000	0.000000	0.000000	0.000104
310	0.874920	0.077899	0.045181	0.000005	0.001887	0.000000	0.000000	0.000000	0.000108
311	0.875328	0.077604	0.045119	0.000001	0.001850	0.000000	0.000000	0.000000	0.000098
312	0.875424	0.077604	0.045078	0.000001	0.001779	0.000000	0.000000	0.000000	0.000114
313	0.875999	0.077361	0.044740	0.000002	0.001789	0.000000	0.000000	0.000000	0.000109
314	0.875781	0.077552	0.044711	0.000002	0.001840	0.000000	0.000000	0.000000	0.000114
315	0.875363	0.077510	0.045188	0.000002	0.001833	0.000000	0.000000	0.000000	0.000104
316	0.875389	0.077355	0.045395	0.000002	0.001759	0.000000	0.000000	0.000000	0.000100
317	0.875720	0.076971	0.045406	0.000001	0.001814	0.000000	0.000000	0.000000	0.000088
318	0.875687	0.076915	0.045578	0.000002	0.001730	0.000000	0.000000	0.000000	0.000088
319	0.875593	0.077244	0.045319	0.000003	0.001748	0.000000	0.000000	0.000000	0.000093
320	0.875533	0.077459	0.045208	0.000000	0.001706	0.000000	0.000000	0.000000	0.000094
321	0.875671	0.077421	0.045113	0.000000	0.001701	0.000000	0.000000	0.000000	0.000094
322	0.875538	0.077845	0.044868	0.000000	0.001651	0.000000	0.000000	0.000000	0.000098
323	0.875827	0.077579	0.044819	0.000000	0.001685	0.000000	0.000000	0.000000	0.000090
324	0.876169	0.077243	0.044878	0.000000	0.001619	0.000000	0.000000	0.000000	0.000091
325	0.876354	0.077182	0.044774	0.000000	0.001593	0.000000	0.000000	0.000000	0.000097
326	0.876098	0.077199	0.045047	0.000000	0.001560	0.000000	0.000000	0.000000	0.000096
327	0.876192	0.077262	0.044901	0.000000	0.001548	0.000000	0.000000	0.000000	0.000097
328	0.876415	0.077304	0.044621	0.000000	0.001554	0.000000	0.000000	0.000000	0.000106
329	0.876006	0.077213	0.045114	0.000000	0.001565	0.000000	0.000000	0.000000	0.000102
330	0.876020	0.077336	0.045045	0.000000	0.001492	0.000000	0.000000	0.000000	0.000107
331	0.876450	0.077129	0.044825	0.000000	0.001483	0.000000	0.000000	0.000000	0.000113
332	0.875868	0.077175	0.045330	0.000000	0.001518	0.000000	0.000000	0.000000	0.000109
333	0.876064	0.076956	0.045378	0.000000	0.001486	0.000000	0.000000	0.000000	0.000116
334	0.876160	0.076852	0.045368	0.000000	0.001494	0.000000	0.000000	0.000000	0.000126
335	0.875909	0.077279	0.045162	0.000000	0.001532	0.000000	0.000000	0.000000	0.000118
336	0.875747	0.077268	0.045339	0.000000	0.001528	0.000000	0.000000	0.000000	0.000118
337	0.875906	0.077152	0.045282	0.000000	0.001546	0.000000	0.000000	0.000000	0.000114
338	0.875840	0.077278	0.045225	0.000000	0.001549	0.000000	0.000000	0.000000	0.000108
339	0.875958	0.077128	0.045255	0.000000	0.001541	0.000000	0.000000	0.000000	0.000118
340	0.875288	0.077784	0.045315	0.000000	0.001502	0.000000	0.000000	0.000000	0.000111
341	0.875085	0.077701	0.045558	0.000000	0.001548	0.000000	0.000000	0.000000	0.000108
342	0.875172	0.077768	0.045500	0.000000	0.001462	0.000000	0.000000	0.000000	0.000098
343	0.875067	0.078014	0.045366	0.000000	0.001457	0.000000	0.000000	0.000000	0.000096
344	0.875408	0.077771	0.045234	0.000000	0.001479	0.000000	0.000000	0.000000	0.000108
345	0.875259	0.077824	0.045394	0.000000	0.001413	0.000000	0.000000	0.000000	0.000110
346	0.874953	0.078209	0.045361	0.000000	0.001377	0.000000	0.000000	0.000000	0.000100
347	0.874680	0.078425	0.045425	0.000000	0.001371	0.000000	0.000000	0.000000	0.000099
348	0.874414	0.078616	0.045452	0.000000	0.001417	0.000000	0.000000	0.000000	0.000101
349	0.874182	0.078784	0.045514	0.000000	0.001433	0.000000	0.000000	0.000000	0.000087
350	0.874320	0.078734	0.045459	0.000000	0.001397	0.000000	0.000000	0.000000	0.000090
351	0.874329	0.079037	0.045176	0.000000	0.001369	0.000000	0.000000	0.000000	0.000089
352	0.873700	0.079261	0.045607	0.000000	0.001344	0.000000	0.000000	0.000000	0.000088
353	0.874280	0.078870	0.045449	0.000000	0.001315	0.000000	0.000000	0.000000	0.000086
354	0.873977	0.079299	0.045307	0.000000	0.001324	0.000000	0.000000	0.000000	0.000093
355	0.873841	0.079168	0.045589	0.000000	0.001321	0.000000	0.000000	0.000000	0.000081
356	0.873751	0.079391	0.045476	0.000000	0.001298	0.000000	0.000000	0.000000	0.000084
357	0.873846	0.079168	0.045566	0.000000	0.001331	0.000000	0.000000	0.000000	0.000089
358	0.873587	0.079149	0.045813	0.000000	0.001361	0.000000	0.000000	0.000000	0.000090
359	0.874260	0.078755	0.045558	0.000000	0.001349	0.000000	0.000000	0.000000	0.000078
360	0.873779	0.079092	0.045690	0.000000	0.001366	0.000000	0.000000	0.000000	0.000073
361	0.873771	0.079012	0.045828	0.000000	0.001322	0.000000	0.000000	0.000000	0.000067
362	0.873662	0.079297	0.045622	0.000000	0.001345	0.000000	0.000000	0.000000	0.000074
363	0.873600	0.079431	0.045551	0.000000	0.001355	0.000000	0.000000	0.000000	0.000063
364	0.873820	0.079096	0.045673	0.000000	0.001350	0.000000	0.000000	0.000000	0.000061
365	0.873917	0.079131	0.045580	0.000000	0.001302	0.000000	0.000000	0.000000	0.000070
366	0.874022	0.079335	0.045309	0.000000	0.001269	0.000000	0.000000	0.000000	0.000065
367	0.873827	0.079497	0.045371	0.000000	0.001251	0.000000	0.000000	0.000000	0.000054
368	0.874433	0.079295	0.044934	0.000000	0.001282	0.000000	0.000000	0.000000	0.000056
369	0.874228	0.079532	0.044891	0.000000	0.001300	0.000000	0.000000	0.000000	0.000049
370	0.873870	0.079805	0.045053	0.000000	0.001235	0.000000	0.000000	0.000000	0.000037
371	0.874149	0.079622	0.044933	0.000000	0.001265	0.000000	0.000000	0.000000	0.000031
372	0.874312	0.079654	0.044778	0.000000	0.001233	0.000000	0.000000	0.000000	0.000023
373	0.873791	0.079959	0.045009	0.000000	0.001223	0.000000	0.000000	0.000000	0.000018
374	0.874597	0.079300	0.044874	0.000000	0.001212	0.000000	0.000000	0.000000	0.000017
375	0.874297	0.079587	0.044913	0.000000	0.001187	0.000000	0.000000	0.000000	0.000016
376	0.874541	0.079630	0.044587	0.000000	0.001224	0.000000	0.000000	0.000000	0.000018
377	0.874210	0.079919	0.044633	0.000000	0.001216	0.000000	0.000000	0.000000	0.000022
378	0.874483	0.079502	0.044815	0.000000	0.001185	0.000000	0.000000	0.000000	0.000015
379	0.874913	0.079490	0.044437	0.000000	0.001140	0.000000	0.000000	0.000000	0.000020
380	0.874850	0.079448	0.044523	0.000000	0.001161	0.000000	0.000000	0.000000	0.000018
381	0.874735	0.079458	0.044622	0.000000	0.001169	0.000000	0.000000	0.000000	0.000016
382	0.874835	0.079288	0.044682	0.000000	0.001180	0.000000	0.000000	0.000000	0.000015
383	0.875025	0.079272	0.044520	0.000000	0.001170	0.000000	0.000000	0.000000	0.000013
384	0.874914	0.079407	0.044496	0.000000	0.001160	0.000000	0.000000	0.000000	0.000023
385	0.874681	0.079756	0.044419	0.000000	0.001124	0.000000	0.000000	0.000000	0.000020
386	0.874708	0.079599	0.044513	0.000000	0.001147	0.000000	0.000000	0.000000	0.000033
387	0.874443	0.079951	0.044459	0.000000	0.001118	0.000000	0.000000	0.000000	0.000029
388	0.874845	0.079587	0.044418	0.000000	0.001122	0.000000	0.000000	0.000000	0.000028
389	0.874803	0.079425	0.044590	0.000000	0.001156	0.000000	0.000000	0.000000	0.000026
390	0.874138	0.079905	0.044734	0.000000	0.001197	0.000000	0.000000	0.000000	0.000026
391	0.874588	0.079612	0.044638	0.000000	0.001136	0.000000	0.000000	0.000000	0.000026
392	0.874154	0.080085	0.044613	0.000000	0.001123	0.000000	0.000000	0.000000	0.000025
393	0.874401	0.079821	0.044596	0.000000	0.001158	0.000000	0.000000	0.000000	0.000024
394	0.874461	0.079591	0.044794	0.000000	0.001125	0.000000	0.000000	0.000000	0.000029
395	0.874558	0.079526	0.044716	0.000000	0.001175	0.000000	0.000000	0.000000	0.000025
396	0.874119	0.079721	0.044980	0.000000	0.001154	0.000000	0.000000	0.000000	0.000026
397	0.874351	0.079243	0.045210	0.000000	0.001173	0.000000	0.000000	0.000000	0.000023
398	0.874453	0.079237	0.045119	0.000000	0.001168	0.000000	0.000000	0.000000	0.000023
399	0.874643	0.079065	0.045137	0.000000	0.001138	0.000000	0.000000	0.000000	0.000017
400	0.874405	0.079017	0.045428	0.000000	0.001130	0.000000	0.000000	0.000000	0.000020
401	0.874085	0.079230	0.045511	0.000000	0.001145	0.000000	0.000000	0.000000	0.000029
402	0.874453	0.079127	0.045273	0.000000	0.001123	0.000000	0.000000	0.000000	0.000024
403	0.874675	0.079017	0.045195	0.000000	0.001088	0.000000	0.000000	0.000000	0.000025
404	0.875084	0.078614	0.045207	0.000000	0.001071	0.000000	0.000000	0.000000	0.000024
405	0.874825	0.078680	0.045439	0.000000	0.001036	0.000000	0.000000	0.000000	0.000020
406	0.874976	0.078789	0.045224	0.000000	0.000988	0.000000	0.000000	0.000000	0.000023
407	0.875375	0.078648	0.044967	0.000000	0.000985	0.000000	0.000000	0.000000	0.000025
408	0.875115	0.078759	0.045163	0.000000	0.000930	0.000000	0.000000	0.000000	0.000033
409	0.875446	0.078549	0.045082	0.000000	0.000894	0.000000	0.000000	0.000000	0.000029
410	0.875416	0.078450	0.045193	0.000000	0.000910	0.000000	0.000000	0.000000	0.000031
411	0.875478	0.078535	0.045080	0.000000	0.000874	0.000000	0.000000	0.000000	0.000033
412	0.875476	0.078554	0.045125	0.000000	0.000817	0.000000	0.000000	0.000000	0.000028
413	0.875582	0.078517	0.045084	0.000000	0.000780	0.000000	0.000000	0.000000	0.000037
414	0.875632	0.078474	0.045076	0.000000	0.000787	0.000000	0.000000	0.000000	0.000031
415	0.875865	0.078390	0.044968	0.000000	0.000750	0.000000	0.000000	0.000000	0.000027
416	0.876101	0.078254	0.044860	0.000000	0.000756	0.000000	0.000000	0.000000	0.000029
417	0.875641	0.078681	0.044903	0.000000	0.000754	0.000000	0.000000	0.000000	0.000021
418	0.875472	0.078757	0.045000	0.000000	0.000744	0.000000	0.000000	0.000000	0.000027
419	0.875319	0.078909	0.045025	0.000000	0.000711	0.000000	0.000000	0.000000	0.000036
420	0.875286	0.078860	0.045103	0.000000	0.000712	0.000000	0.000000	0.000000	0.000039
421	0.875467	0.078753	0.045029	0.000000	0.000713	0.000000	0.000000	0.000000	0.000038
422	0.875543	0.078670	0.045070	0.000000	0.000679	0.000000	0.000000	0.000000	0.000038
423	0.875981	0.078290	0.045015	0.000000	0.000676	0.000000	0.000000	0.000000	0.000038
424	0.875591	0.078660	0.045038	0.000000	0.000679	0.000000	0.000000	0.000000	0.000032
425	0.875689	0.078446	0.045148	0.000000	0.000681	0.000000	0.000000	0.000000	0.000036
426	0.875662	0.078550	0.045072	0.000000	0.000687	0.000000	0.000000	0.000000	0.000029
427	0.875984	0.078374	0.044929	0.000000	0.000679	0.000000	0.000000	0.000000	0.000034
428	0.875997	0.078396	0.044858	0.000000	0.000713	0.000000	0.000000	0.000000	0.000036
429	0.875932	0.078497	0.044830	0.000000	0.000707	0.000000	0.000000	0.000000	0.000034
430	0.875793	0.078396	0.045060	0.000000	0.000714	0.000000	0.000000	0.000000	0.000037
431	0.875959	0.078258	0.045038	0.000000	0.000709	0.000000	0.000000	0.000000	0.000036
432	0.875684	0.078449	0.045103	0.000000	0.000734	0.000000	0.000000	0.000000	0.000030
433	0.876140	0.078040	0.045096	0.000000	0.000697	0.000000	0.000000	0.000000	0.000027
434	0.876136	0.077908	0.045210	0.000000	0.000716	0.000000	0.000000	0.000000	0.000030
435	0.875656	0.078181	0.045443	0.000000	0.000692	0.000000	0.000000	0.000000	0.000028
436	0.875549	0.078290	0.045441	0.000000	0.000696	0.000000	0.000000	0.000000	0.000024
437	0.875486	0.078244	0.045577	0.000000	0.000668	0.000000	0.000000	0.000000	0.000025
438	0.875088	0.078704	0.045528	0.000000	0.000662	0.000000	0.000000	0.000000	0.000018
439	0.875370	0.078676	0.045300	0.000000	0.000634	0.000000	0.000000	0.000000	0.000020
440	0.875364	0.078542	0.045467	0.000000	0.000611	0.000000	0.000000	0.000000	0.000016
441	0.875702	0.078357	0.045308	0.000000	0.000628	0.000000	0.000000	0.000000	0.000005
442	0.875800	0.078147	0.045411	0.000000	0.000637	0.000000	0.000000	0.000000	0.000005
443	0.875877	0.078028	0.045449	0.000000	0.000638	0.000000	0.000000	0.000000	0.000008
444	0.875648	0.078216	0.045499	0.000000	0.000628	0.000000	0.000000	0.000000	0.000009
445	0.875690	0.078377	0.045311	0.000000	0.000617	0.000000	0.000000	0.000000	0.000005
446	0.875133	0.078804	0.045475	0.000000	0.000583	0.000000	0.000000	0.000000	0.000005
447	0.875207	0.078675	0.045528	0.000000	0.000582	0.000000	0.000000	0.000000	0.000008
448	0.875632	0.078654	0.045122	0.000000	0.000586	0.000000	0.000000	0.000000	0.000006
449	0.875346	0.078586	0.045479	0.000000	0.000581	0.000000	0.000000	0.000000	0.000008
450	0.875558	0.078361	0.045507	0.000000	0.000565	0.000000	0.000000	0.000000	0.000009
451	0.875829	0.078254	0.045344	0.000000	0.000569	0.000000	0.000000	0.000000	0.000004
452	0.875867	0.078469	0.045096	0.000000	0.000566	0.000000	0.000000	0.000000	0.000002
453	0.875794	0.078265	0.045383	0.000000	0.000555	0.000000	0.000000	0.000000	0.000003
454	0.875790	0.078511	0.045148	0.000000	0.000546	0.000000	0.000000	0.000000	0.000005
455	0.876247	0.078272	0.044966	0.000000	0.000511	0.000000	0.000000	0.000000	0.000004
456	0.875724	0.078604	0.045161	0.000000	0.000508	0.000000	0.000000	0.000000	0.000003
457	0.875937	0.078561	0.044992	0.000000	0.000507	0.000000	0.000000	0.000000	0.000003
458	0.875731	0.078695	0.045072	0.000000	0.000498	0.000000	0.000000	0.000000	0.000004
459	0.875504	0.079016	0.044943	0.000000	0.000532	0.000000	0.000000	0.000000	0.000005
460	0.875687	0.078438	0.045353	0.000000	0.000516	0.000000	0.000000	0.000000	0.000006
461	0.875573	0.078696	0.045196	0.000000	0.000532	0.000000	0.000000	0.000000	0.000003
462	0.876040	0.078510	0.044903	0.000000	0.000543	0.000000	0.000000	0.000000	0.000004
463	0.875989	0.078393	0.045067	0.000000	0.000549	0.000000	0.000000	0.000000	0.000002
464	0.876197	0.078322	0.044956	0.000000	0.000524	0.000000	0.000000	0.000000	0.000001
465	0.875750	0.078506	0.045189	0.000000	0.000555	0.000000	0.000000	0.000000	0.000000
466	0.875939	0.078496	0.045019	0.000000	0.000545	0.000000	0.000000	0.000000	0.000001
467	0.876140	0.078520	0.044805	0.000000	0.000535	0.000000	0.000000	0.000000	0.000000
468	0.875847	0.078660	0.044962	0.000000	0.000531	0.000000	0.000000	0.000000	0.000000
469	0.875951	0.078555	0.044954	0.000000	0.000540	0.000000	0.000000	0.000000	0.000000
470	0.875884	0.078705	0.044839	0.000000	0.000572	0.000000	0.000000	0.000000	0.000000
