0	0.290663	0.057897	0.229473	0.157588	0.029913	0.111872	0.085455	0.012259	0.024880
1	0.229159	0.048000	0.198156	0.144827	0.029577	0.122881	0.116385	0.022706	0.088309
2	0.226980	0.047137	0.196167	0.142694	0.030820	0.122760	0.115597	0.022557	0.095288
3	0.230136	0.046623	0.197506	0.141820	0.032022	0.120804	0.111502	0.021421	0.098166
4	0.233952	0.046456	0.199067	0.140963	0.033514	0.118969	0.107405	0.020587	0.099087
5	0.239005	0.046568	0.199780	0.139962	0.035028	0.116438	0.103611	0.019397	0.100211
6	0.244182	0.046201	0.201190	0.138791	0.036881	0.114251	0.099397	0.018209	0.100898
7	0.249210	0.045697	0.203025	0.137893	0.038779	0.111746	0.095206	0.017347	0.101097
8	0.253750	0.045417	0.204053	0.137142	0.040590	0.109606	0.091329	0.016270	0.101843
9	0.259146	0.045039	0.204716	0.136392	0.042988	0.106969	0.087569	0.015333	0.101848
10	0.264431	0.044200	0.204966	0.135416	0.044839	0.105248	0.084174	0.014246	0.102480
11	0.269742	0.043746	0.205349	0.133949	0.047211	0.102906	0.080636	0.013382	0.103079
12	0.274665	0.043219	0.205759	0.132778	0.049622	0.100974	0.077053	0.012279	0.103651
13	0.280129	0.042669	0.206271	0.131489	0.052096	0.098645	0.073421	0.011543	0.103737
14	0.284838	0.042189	0.206564	0.129837	0.055069	0.096132	0.070478	0.010909	0.103984
15	0.290115	0.041552	0.206489	0.128710	0.057589	0.094149	0.067409	0.010031	0.103956
16	0.294665	0.040866	0.206612	0.127078	0.060485	0.091978	0.064954	0.009243	0.104119
17	0.299234	0.039842	0.206384	0.126043	0.063520	0.090158	0.062013	0.008486	0.104320
18	0.303547	0.039152	0.206315	0.124649	0.066385	0.088132	0.059320	0.008098	0.104402
19	0.307557	0.038270	0.206563	0.123464	0.069526	0.085895	0.056702	0.007486	0.104537
20	0.311510	0.037365	0.206414	0.121996	0.072505	0.084487	0.054110	0.006995	0.104618
21	0.315533	0.036398	0.206256	0.120637	0.075843	0.081841	0.052083	0.006476	0.104933
22	0.319417	0.035783	0.205741	0.119395	0.078904	0.080017	0.049515	0.006087	0.105141
23	0.323458	0.034746	0.205691	0.118042	0.082341	0.078005	0.047267	0.005697	0.104753
24	0.327072	0.034044	0.204541	0.117015	0.086275	0.075675	0.044985	0.005266	0.105127
25	0.330309	0.033056	0.204842	0.115345	0.089662	0.073848	0.043110	0.004888	0.104940
26	0.333661	0.032373	0.204068	0.114090	0.093297	0.072111	0.041192	0.004449	0.104759
27	0.336548	0.031624	0.203701	0.112381	0.097331	0.070580	0.039146	0.004233	0.104456
28	0.339205	0.030556	0.202769	0.111359	0.101549	0.068784	0.037237	0.003991	0.104550
29	0.341733	0.029755	0.202349	0.110131	0.105461	0.067321	0.035420	0.003711	0.104119
30	0.344225	0.029141	0.201332	0.108910	0.109530	0.065710	0.034065	0.003367	0.103720
31	0.346968	0.028099	0.200063	0.107910	0.114129	0.064157	0.032628	0.003169	0.102877
32	0.348877	0.027539	0.198952	0.106922	0.118395	0.062637	0.030863	0.002887	0.102928
33	0.351037	0.026732	0.197814	0.106136	0.122738	0.061089	0.029565	0.002689	0.102200
34	0.352686	0.025862	0.196836	0.105170	0.127817	0.059751	0.027909	0.002495	0.101474
35	0.354467	0.025252	0.195642	0.103599	0.132594	0.058294	0.026622	0.002366	0.101164
36	0.356372	0.024391	0.194460	0.102522	0.137384	0.056881	0.025166	0.002169	0.100655
37	0.357347	0.023743	0.193511	0.101395	0.142300	0.055502	0.024017	0.002078	0.100107
38	0.358909	0.023129	0.191553	0.100462	0.147230	0.054275	0.022877	0.001961	0.099604
39	0.359703	0.022375	0.190210	0.099429	0.152048	0.053275	0.021872	0.001834	0.099254
40	0.361049	0.021647	0.188368	0.098144	0.157608	0.052075	0.020668	0.001739	0.098702
41	0.361811	0.021001	0.187170	0.096843	0.163190	0.050543	0.019862	0.001613	0.097967
42	0.361788	0.020359	0.185760	0.095701	0.168660	0.049772	0.018753	0.001446	0.097761
43	0.361938	0.019926	0.183284	0.094773	0.174888	0.048634	0.017752	0.001347	0.097458
44	0.362484	0.019324	0.181073	0.094215	0.180696	0.047569	0.016926	0.001247	0.096466
45	0.362741	0.018890	0.178886	0.093781	0.186464	0.046621	0.016005	0.001141	0.095471
46	0.363102	0.018300	0.176445	0.092900	0.192493	0.045495	0.015232	0.001134	0.094899
47	0.362815	0.017706	0.174810	0.092039	0.198561	0.044399	0.014273	0.001060	0.094337
48	0.362349	0.017243	0.173379	0.091318	0.204345	0.043562	0.013770	0.001000	0.093034
49	0.361853	0.016799	0.170988	0.090995	0.210502	0.042849	0.012864	0.000941	0.092209
50	0.361519	0.016588	0.168769	0.090443	0.216761	0.042003	0.012143	0.000875	0.090899
51	0.360646	0.015922	0.166668	0.089848	0.223517	0.041447	0.011323	0.000842	0.089787
52	0.359547	0.015392	0.164892	0.089164	0.229982	0.040710	0.010829	0.000786	0.088698
53	0.358998	0.014841	0.162979	0.088482	0.236383	0.040058	0.010161	0.000734	0.087364
54	0.357848	0.014245	0.160379	0.088458	0.242937	0.039547	0.009781	0.000731	0.086074
55	0.356530	0.013948	0.158258	0.087583	0.249934	0.038645	0.009398	0.000653	0.085051
56	0.354589	0.013580	0.156104	0.086744	0.257477	0.037987	0.008896	0.000597	0.084026
57	0.352690	0.013205	0.153669	0.086589	0.264523	0.037669	0.008332	0.000572	0.082751
58	0.350569	0.012750	0.151518	0.086631	0.271263	0.037460	0.007835	0.000561	0.081413
59	0.348328	0.012367	0.149767	0.086261	0.279026	0.036599	0.007356	0.000520	0.079776
60	0.346257	0.012033	0.147849	0.085992	0.286400	0.035795	0.006934	0.000469	0.078271
61	0.344126	0.011610	0.145364	0.085189	0.294190	0.035632	0.006511	0.000434	0.076944
62	0.341875	0.011246	0.142741	0.084940	0.302374	0.034816	0.006276	0.000407	0.075325
63	0.338905	0.010910	0.140347	0.084591	0.310157	0.034567	0.005817	0.000387	0.074319
64	0.335995	0.010489	0.137769	0.084503	0.318087	0.034211	0.005551	0.000360	0.073035
65	0.332944	0.010051	0.135524	0.084115	0.326406	0.033729	0.005240	0.000348	0.071643
66	0.329804	0.009731	0.133224	0.084025	0.334570	0.033385	0.004919	0.000316	0.070026
67	0.326256	0.009349	0.131252	0.084007	0.342464	0.033125	0.004734	0.000287	0.068526
68	0.323009	0.009085	0.129274	0.083765	0.350239	0.032935	0.004373	0.000267	0.067053
69	0.319557	0.008683	0.126352	0.083540	0.358806	0.032763	0.004155	0.000243	0.065901
70	0.315609	0.008459	0.124003	0.083643	0.367286	0.032220	0.003925	0.000222	0.064633
71	0.312127	0.008103	0.121377	0.083370	0.375887	0.032050	0.003714	0.000199	0.063173
72	0.308577	0.007808	0.118984	0.083265	0.384373	0.031627	0.003472	0.000178	0.061716
73	0.304913	0.007482	0.116563	0.083164	0.393486	0.031085	0.003268	0.000164	0.059875
74	0.301631	0.007116	0.114138	0.083213	0.401156	0.031024	0.003023	0.000167	0.058532
75	0.297382	0.006875	0.111571	0.083332	0.409668	0.030768	0.002821	0.000146	0.057437
76	0.293441	0.006645	0.109031	0.083325	0.418571	0.030404	0.002678	0.000138	0.055767
77	0.289143	0.006436	0.106698	0.083238	0.427079	0.030433	0.002486	0.000139	0.054348
78	0.285207	0.006176	0.104085	0.083107	0.436172	0.030068	0.002381	0.000135	0.052669
79	0.280879	0.005964	0.101359	0.083065	0.445323	0.029900	0.002201	0.000112	0.051197
80	0.276311	0.005736	0.099576	0.083009	0.454023	0.029794	0.001953	0.000092	0.049506
81	0.272328	0.005411	0.096654	0.082997	0.462654	0.029783	0.001784	0.000087	0.048302
82	0.267869	0.005152	0.094923	0.082878	0.470893	0.029477	0.001663	0.000069	0.047076
83	0.263598	0.004927	0.092552	0.082731	0.479432	0.029377	0.001538	0.000068	0.045777
84	0.259434	0.004693	0.089996	0.082931	0.487972	0.029341	0.001450	0.000071	0.044112
85	0.254293	0.004549	0.087714	0.082980	0.497185	0.029262	0.001353	0.000072	0.042592
86	0.250010	0.004409	0.085045	0.083420	0.505219	0.029099	0.001247	0.000068	0.041483
87	0.244889	0.004245	0.082628	0.083556	0.514623	0.028831	0.001163	0.000063	0.040002
88	0.240176	0.004093	0.080405	0.083717	0.522684	0.028879	0.001074	0.000069	0.038903
89	0.235795	0.003963	0.077917	0.083647	0.530907	0.029085	0.000943	0.000056	0.037687
90	0.231061	0.003777	0.075659	0.083766	0.539364	0.029095	0.000827	0.000061	0.036390
91	0.226094	0.003688	0.073441	0.083895	0.547537	0.029052	0.000824	0.000055	0.035414
92	0.221296	0.003562	0.071109	0.084139	0.555985	0.028831	0.000778	0.000052	0.034248
93	0.216183	0.003391	0.069191	0.084428	0.564327	0.028868	0.000724	0.000048	0.032840
94	0.211171	0.003203	0.067217	0.084888	0.571980	0.028999	0.000672	0.000043	0.031827
95	0.206196	0.003038	0.065074	0.084975	0.580661	0.029017	0.000620	0.000040	0.030379
96	0.201657	0.002934	0.063123	0.085034	0.588384	0.029090	0.000559	0.000037	0.029182
97	0.196893	0.002815	0.060862	0.085370	0.596276	0.028929	0.000482	0.000039	0.028334
98	0.191876	0.002732	0.059356	0.085260	0.604145	0.028894	0.000460	0.000047	0.027230
99	0.187323	0.002663	0.057489	0.085598	0.611747	0.028743	0.000407	0.000052	0.025978
100	0.182637	0.002540	0.055280	0.086150	0.619109	0.028799	0.000379	0.000038	0.025068
101	0.177473	0.002445	0.053627	0.086478	0.626509	0.028961	0.000355	0.000038	0.024114
102	0.172655	0.002252	0.051623	0.086691	0.634408	0.028970	0.000317	0.000022	0.023062
103	0.167723	0.002175	0.049933	0.086764	0.642155	0.028704	0.000286	0.000027	0.022233
104	0.163165	0.002085	0.048032	0.087211	0.649014	0.028950	0.000268	0.000019	0.021256
105	0.158685	0.001939	0.046358	0.087564	0.655790	0.028984	0.000229	0.000020	0.020431
106	0.153690	0.001865	0.044566	0.087400	0.663250	0.029287	0.000188	0.000012	0.019742
107	0.149385	0.001794	0.042987	0.087647	0.669880	0.029280	0.000179	0.000016	0.018832
108	0.144685	0.001675	0.041044	0.088149	0.676925	0.029254	0.000163	0.000014	0.018091
109	0.139973	0.001557	0.039672	0.088496	0.684072	0.029022	0.000157	0.000018	0.017033
110	0.135461	0.001471	0.038071	0.088629	0.690666	0.029213	0.000141	0.000016	0.016332
111	0.131029	0.001350	0.036865	0.088993	0.697062	0.029175	0.000107	0.000011	0.015408
112	0.127051	0.001233	0.035341	0.089050	0.703147	0.029350	0.000113	0.000006	0.014709
113	0.122867	0.001152	0.033872	0.089056	0.709289	0.029684	0.000085	0.000005	0.013990
114	0.118543	0.001118	0.032766	0.089296	0.715164	0.029710	0.000091	0.000007	0.013305
115	0.114432	0.001037	0.031508	0.089656	0.720703	0.029964	0.000076	0.000003	0.012621
116	0.110283	0.000958	0.030425	0.089647	0.726713	0.029886	0.000074	0.000004	0.012010
117	0.106644	0.000893	0.028944	0.089722	0.732604	0.029944	0.000067	0.000001	0.011181
118	0.102898	0.000842	0.027618	0.089921	0.738217	0.029882	0.000069	0.000000	0.010553
119	0.099199	0.000792	0.026460	0.090397	0.743365	0.029797	0.000064	0.000000	0.009926
120	0.095495	0.000697	0.025655	0.090331	0.748434	0.029940	0.000055	0.000000	0.009393
121	0.091809	0.000649	0.024773	0.090140	0.753572	0.030023	0.000046	0.000000	0.008988
122	0.088348	0.000605	0.023529	0.090371	0.758649	0.029849	0.000036	0.000000	0.008613
123	0.084802	0.000560	0.022611	0.090775	0.763295	0.029942	0.000033	0.000000	0.007982
124	0.081817	0.000547	0.021683	0.090649	0.767829	0.029881	0.000017	0.000000	0.007577
125	0.078299	0.000510	0.020397	0.090654	0.773098	0.029889	0.000016	0.000000	0.007137
126	0.075146	0.000471	0.019404	0.091165	0.777182	0.029842	0.000016	0.000000	0.006774
127	0.071958	0.000445	0.018583	0.091268	0.781399	0.029890	0.000015	0.000000	0.006442
128	0.068801	0.000411	0.017646	0.091049	0.786068	0.029954	0.000012	0.000000	0.006059
129	0.065850	0.000389	0.016924	0.091325	0.789989	0.029850	0.000009	0.000000	0.005664
130	0.063115	0.000352	0.016242	0.091461	0.793580	0.029955	0.000009	0.000000	0.005286
131	0.060165	0.000334	0.015558	0.091316	0.797545	0.030094	0.000009	0.000000	0.004979
132	0.057630	0.000318	0.014718	0.091318	0.801405	0.029876	0.000012	0.000000	0.004723
133	0.055156	0.000315	0.014149	0.091574	0.804565	0.029816	0.000011	0.000000	0.004414
134	0.052577	0.000266	0.013571	0.091463	0.807937	0.030050	0.000009	0.000000	0.004127
135	0.050048	0.000268	0.012744	0.091837	0.811187	0.029954	0.000006	0.000000	0.003956
136	0.047770	0.000270	0.012100	0.091752	0.814573	0.029893	0.000005	0.000000	0.003637
137	0.045331	0.000246	0.011585	0.091993	0.817198	0.030228	0.000002	0.000000	0.003417
138	0.043075	0.000237	0.010951	0.092180	0.819878	0.030404	0.000002	0.000000	0.003273
139	0.041028	0.000213	0.010249	0.092420	0.822749	0.030242	0.000001	0.000000	0.003098
140	0.038919	0.000188	0.009786	0.092485	0.825537	0.030160	0.000001	0.000000	0.002924
141	0.037084	0.000191	0.009205	0.092402	0.828444	0.029926	0.000001	0.000000	0.002747
142	0.035095	0.000193	0.008686	0.092328	0.831189	0.029960	0.000001	0.000000	0.002548
143	0.033525	0.000172	0.008057	0.092620	0.833224	0.030048	0.000000	0.000000	0.002354
144	0.031825	0.000163	0.007700	0.092554	0.835274	0.030336	0.000000	0.000000	0.002148
145	0.030343	0.000152	0.007278	0.092857	0.837092	0.030249	0.000000	0.000000	0.002029
146	0.028792	0.000138	0.006851	0.092989	0.839224	0.030154	0.000000	0.000000	0.001852
147	0.027248	0.000120	0.006432	0.092655	0.841645	0.030185	0.000000	0.000000	0.001715
148	0.025723	0.000103	0.006079	0.092852	0.843537	0.030087	0.000000	0.000000	0.001619
149	0.024313	0.000098	0.005798	0.092882	0.845362	0.030078	0.000000	0.000000	0.001469
150	0.023125	0.000093	0.005457	0.093196	0.846707	0.030092	0.000000	0.000000	0.001330
151	0.021917	0.000070	0.005084	0.093085	0.848167	0.030404	0.000000	0.000000	0.001273
152	0.020735	0.000066	0.004781	0.093103	0.849880	0.030281	0.000000	0.000000	0.001154
153	0.019480	0.000063	0.004555	0.093004	0.851652	0.030155	0.000000	0.000000	0.001091
154	0.018328	0.000061	0.004319	0.092691	0.853363	0.030205	0.000000	0.000000	0.001033
155	0.017404	0.000049	0.004085	0.092829	0.854458	0.030197	0.000000	0.000000	0.000978
156	0.016369	0.000042	0.003884	0.092588	0.856094	0.030154	0.000000	0.000000	0.000869
157	0.015592	0.000039	0.003620	0.092597	0.857013	0.030352	0.000000	0.000000	0.000787
158	0.014593	0.000030	0.003385	0.092533	0.858580	0.030142	0.000000	0.000000	0.000737
159	0.013712	0.000020	0.003141	0.092348	0.859904	0.030218	0.000000	0.000000	0.000657
160	0.012995	0.000023	0.002925	0.092202	0.860977	0.030259	0.000000	0.000000	0.000619
161	0.012184	0.000017	0.002781	0.092154	0.862306	0.029932	0.000000	0.000000	0.000626
162	0.011588	0.000011	0.002521	0.091784	0.863410	0.030134	0.000000	0.000000	0.000552
163	0.010932	0.000008	0.002433	0.091636	0.864481	0.030001	0.000000	0.000000	0.000509
164	0.010381	0.000009	0.002239	0.091515	0.865254	0.030132	0.000000	0.000000	0.000470
165	0.009762	0.000007	0.002145	0.091117	0.866513	0.030047	0.000000	0.000000	0.000409
166	0.009108	0.000005	0.001983	0.091156	0.867277	0.030090	0.000000	0.000000	0.000381
167	0.008568	0.000002	0.001857	0.090892	0.868222	0.030129	0.000000	0.000000	0.000330
168	0.007936	0.000001	0.001784	0.091387	0.868586	0.029999	0.000000	0.000000	0.000307
169	0.007530	0.000000	0.001676	0.091191	0.869380	0.029955	0.000000	0.000000	0.000268
170	0.007117	0.000000	0.001542	0.090983	0.870172	0.029956	0.000000	0.000000	0.000230
171	0.006874	0.000000	0.001425	0.091018	0.870554	0.029898	0.000000	0.000000	0.000231
172	0.006483	0.000000	0.001310	0.091365	0.870598	0.030043	0.000000	0.000000	0.000201
173	0.006112	0.000000	0.001178	0.091300	0.871437	0.029799	0.000000	0.000000	0.000174
174	0.005794	0.000000	0.001109	0.091426	0.871775	0.029742	0.000000	0.000000	0.000154
175	0.005478	0.000000	0.001004	0.091107	0.872682	0.029597	0.000000	0.000000	0.000132
176	0.005055	0.000000	0.000948	0.091235	0.872974	0.029670	0.000000	0.000000	0.000118
177	0.004699	0.000000	0.000934	0.091229	0.873277	0.029751	0.000000	0.000000	0.000110
178	0.004377	0.000000	0.000878	0.091114	0.873917	0.029606	0.000000	0.000000	0.000108
179	0.004101	0.000000	0.000817	0.091149	0.874249	0.029573	0.000000	0.000000	0.000111
180	0.003903	0.000000	0.000751	0.091502	0.874113	0.029634	0.000000	0.000000	0.000097
181	0.003715	0.000000	0.000685	0.091502	0.874463	0.029531	0.000000	0.000000	0.000104
182	0.003466	0.000000	0.000635	0.091559	0.874796	0.029460	0.000000	0.000000	0.000084
183	0.003236	0.000000	0.000557	0.091672	0.874957	0.029496	0.000000	0.000000	0.000082
184	0.002948	0.000000	0.000488	0.091273	0.875654	0.029553	0.000000	0.000000	0.000084
185	0.002813	0.000000	0.000446	0.091241	0.875827	0.029599	0.000000	0.000000	0.000074
186	0.002608	0.000000	0.000409	0.091351	0.876137	0.029426	0.000000	0.000000	0.000069
187	0.002458	0.000000	0.000392	0.091615	0.876107	0.029355	0.000000	0.000000	0.000073
188	0.002270	0.000000	0.000382	0.091717	0.876176	0.029392	0.000000	0.000000	0.000063
189	0.002106	0.000000	0.000355	0.092022	0.876094	0.029354	0.000000	0.000000	0.000069
190	0.001965	0.000000	0.000312	0.092079	0.876051	0.029531	0.000000	0.000000	0.000062
191	0.001808	0.000000	0.000259	0.091797	0.876771	0.029299	0.000000	0.000000	0.000066
192	0.001598	0.000000	0.000257	0.091991	0.876815	0.029283	0.000000	0.000000	0.000056
193	0.001511	0.000000	0.000224	0.092172	0.876737	0.029298	0.000000	0.000000	0.000058
194	0.001370	0.000000	0.000213	0.091662	0.877530	0.029170	0.000000	0.000000	0.000055
195	0.001255	0.000000	0.000192	0.091849	0.877454	0.029195	0.000000	0.000000	0.000055
196	0.001134	0.000000	0.000199	0.092257	0.876919	0.029441	0.000000	0.000000	0.000050
197	0.001050	0.000000	0.000191	0.092205	0.876928	0.029579	0.000000	0.000000	0.000047
198	0.000950	0.000000	0.000182	0.092165	0.877084	0.029587	0.000000	0.000000	0.000032
199	0.000872	0.000000	0.000161	0.092288	0.876978	0.029673	0.000000	0.000000	0.000028
200	0.000803	0.000000	0.000172	0.092775	0.876641	0.029579	0.000000	0.000000	0.000030
201	0.000708	0.000000	0.000172	0.092415	0.877181	0.029498	0.000000	0.000000	0.000026
202	0.000687	0.000000	0.000194	0.092368	0.877161	0.029574	0.000000	0.000000	0.000016
203	0.000641	0.000000	0.000192	0.092157	0.877467	0.029527	0.000000	0.000000	0.000016
204	0.000585	0.000000	0.000199	0.092370	0.877159	0.029668	0.000000	0.000000	0.000019
205	0.000542	0.000000	0.000183	0.092108	0.877573	0.029580	0.000000	0.000000	0.000014
206	0.000530	0.000000	0.000183	0.092237	0.877415	0.029619	0.000000	0.000000	0.000016
207	0.000529	0.000000	0.000179	0.092285	0.877412	0.029580	0.000000	0.000000	0.000015
208	0.000459	0.000000	0.000162	0.092133	0.877870	0.029368	0.000000	0.000000	0.000008
209	0.000421	0.000000	0.000140	0.091885	0.878024	0.029525	0.000000	0.000000	0.000005
210	0.000380	0.000000	0.000138	0.091782	0.878225	0.029468	0.000000	0.000000	0.000007
211	0.000358	0.000000	0.000127	0.092081	0.877944	0.029484	0.000000	0.000000	0.000006
212	0.000332	0.000000	0.000121	0.092011	0.878028	0.029503	0.000000	0.000000	0.000005
213	0.000303	0.000000	0.000114	0.092210	0.877919	0.029449	0.000000	0.000000	0.000005
214	0.000279	0.000000	0.000097	0.092369	0.877832	0.029417	0.000000	0.000000	0.000006
215	0.000264	0.000000	0.000083	0.092185	0.877926	0.029536	0.000000	0.000000	0.000006
216	0.000255	0.000000	0.000081	0.092141	0.878096	0.029422	0.000000	0.000000	0.000005
217	0.000240	0.000000	0.000072	0.091975	0.878021	0.029688	0.000000	0.000000	0.000004
218	0.000215	0.000000	0.000060	0.092110	0.877886	0.029727	0.000000	0.000000	0.000002
219	0.000188	0.000000	0.000050	0.092265	0.877749	0.029747	0.000000	0.000000	0.000001
220	0.000172	0.000000	0.000041	0.091966	0.877972	0.029849	0.000000	0.000000	0.000000
221	0.000171	0.000000	0.000041	0.091967	0.878117	0.029704	0.000000	0.000000	0.000000
222	0.000162	0.000000	0.000037	0.091872	0.877994	0.029935	0.000000	0.000000	0.000000
223	0.000159	0.000000	0.000026	0.092019	0.877900	0.029896	0.000000	0.000000	0.000000
224	0.000140	0.000000	0.000021	0.092067	0.877960	0.029812	0.000000	0.000000	0.000000
225	0.000132	0.000000	0.000015	0.092542	0.877593	0.029718	0.000000	0.000000	0.000000
226	0.000135	0.000000	0.000011	0.092361	0.877704	0.029789	0.000000	0.000000	0.000000
227	0.000111	0.000000	0.000009	0.092425	0.877812	0.029643	0.000000	0.000000	0.000000
228	0.000090	0.000000	0.000011	0.092328	0.877699	0.029872	0.000000	0.000000	0.000000
229	0.000082	0.000000	0.000008	0.092312	0.877741	0.029857	0.000000	0.000000	0.000000
230	0.000082	0.000000	0.000010	0.092321	0.877880	0.029707	0.000000	0.000000	0.000000
231	0.000075	0.000000	0.000013	0.092366	0.877904	0.029642	0.000000	0.000000	0.000000
232	0.000064	0.000000	0.000011	0.092229	0.877696	0.030000	0.000000	0.000000	0.000000
233	0.000060	0.000000	0.000012	0.092095	0.877648	0.030185	0.000000	0.000000	0.000000
234	0.000052	0.000000	0.000010	0.092228	0.877615	0.030095	0.000000	0.000000	0.000000
235	0.000038	0.000000	0.000009	0.092165	0.877709	0.030079	0.000000	0.000000	0.000000
236	0.000031	0.000000	0.000008	0.092003	0.877927	0.030031	0.000000	0.000000	0.000000
237	0.000035	0.000000	0.000008	0.092213	0.877674	0.030070	0.000000	0.000000	0.000000
238	0.000039	0.000000	0.000006	0.092062	0.877836	0.030057	0.000000	0.000000	0.000000
239	0.000030	0.000000	0.000005	0.092183	0.877732	0.030050	0.000000	0.000000	0.000000
240	0.000027	0.000000	0.000005	0.092160	0.877654	0.030154	0.000000	0.000000	0.000000
241	0.000030	0.000000	0.000003	0.092214	0.877437	0.030316	0.000000	0.000000	0.000000
242	0.000022	0.000000	0.000004	0.092019	0.877843	0.030112	0.000000	0.000000	0.000000
243	0.000018	0.000000	0.000005	0.091946	0.877691	0.030340	0.000000	0.000000	0.000000
244	0.000015	0.000000	0.000007	0.091900	0.877916	0.030162	0.000000	0.000000	0.000000
245	0.000015	0.000000	0.000006	0.091760	0.878044	0.030175	0.000000	0.000000	0.000000
246	0.000012	0.000000	0.000006	0.091724	0.878218	0.030040	0.000000	0.000000	0.000000
247	0.000016	0.000000	0.000004	0.091573	0.878348	0.030059	0.000000	0.000000	0.000000
248	0.000015	0.000000	0.000003	0.091746	0.878176	0.030060	0.000000	0.000000	0.000000
249	0.000015	0.000000	0.000003	0.091909	0.878034	0.030039	0.000000	0.000000	0.000000
250	0.000016	0.000000	0.000004	0.091516	0.878371	0.030093	0.000000	0.000000	0.000000
251	0.000016	0.000000	0.000002	0.091542	0.878603	0.029837	0.000000	0.000000	0.000000
252	0.000018	0.000000	0.000004	0.091688	0.878479	0.029811	0.000000	0.000000	0.000000
253	0.000020	0.000000	0.000006	0.091471	0.878506	0.029997	0.000000	0.000000	0.000000
254	0.000016	0.000000	0.000005	0.091405	0.878477	0.030097	0.000000	0.000000	0.000000
255	0.000018	0.000000	0.000003	0.091280	0.878757	0.029942	0.000000	0.000000	0.000000
256	0.000013	0.000000	0.000001	0.091786	0.878211	0.029989	0.000000	0.000000	0.000000
257	0.000008	0.000000	0.000001	0.091496	0.878442	0.030053	0.000000	0.000000	0.000000
258	0.000005	0.000000	0.000000	0.091210	0.878582	0.030203	0.000000	0.000000	0.000000
259	0.000005	0.000000	0.000000	0.091533	0.878429	0.030033	0.000000	0.000000	0.000000
260	0.000003	0.000000	0.000000	0.091414	0.878394	0.030189	0.000000	0.000000	0.000000
261	0.000002	0.000000	0.000000	0.091369	0.878454	0.030175	0.000000	0.000000	0.000000
262	0.000002	0.000000	0.000000	0.091500	0.878274	0.030224	0.000000	0.000000	0.000000
263	0.000001	0.000000	0.000000	0.091487	0.878162	0.030350	0.000000	0.000000	0.000000
264	0.000001	0.000000	0.000000	0.091223	0.878449	0.030327	0.000000	0.000000	0.000000
265	0.000000	0.000000	0.000000	0.090723	0.878579	0.030698	0.000000	0.000000	0.000000
266	0.000000	0.000000	0.000000	0.090603	0.878818	0.030579	0.000000	0.000000	0.000000
267	0.000000	0.000000	0.000000	0.090481	0.878957	0.030562	0.000000	0.000000	0.000000
268	0.000000	0.000000	0.000000	0.090294	0.879086	0.030620	0.000000	0.000000	0.000000
269	0.000000	0.000000	0.000000	0.089930	0.879377	0.030693	0.000000	0.000000	0.000000
270	0.000000	0.000000	0.000000	0.089914	0.879635	0.030451	0.000000	0.000000	0.000000
271	0.000000	0.000000	0.000000	0.090045	0.879330	0.030625	0.000000	0.000000	0.000000
272	0.000000	0.000000	0.000000	0.089835	0.879724	0.030441	0.000000	0.000000	0.000000
273	0.000000	0.000000	0.000000	0.089855	0.879868	0.030277	0.000000	0.000000	0.000000
274	0.000000	0.000000	0.000000	0.089865	0.879697	0.030438	0.000000	0.000000	0.000000
275	0.000000	0.000000	0.000000	0.089823	0.879496	0.030681	0.000000	0.000000	0.000000
276	0.000000	0.000000	0.000000	0.089774	0.879530	0.030696	0.000000	0.000000	0.000000
277	0.000000	0.000000	0.000000	0.089966	0.879432	0.030602	0.000000	0.000000	0.000000
278	0.000000	0.000000	0.000000	0.090073	0.879395	0.030532	0.000000	0.000000	0.000000
279	0.000000	0.000000	0.000000	0.090020	0.879267	0.030713	0.000000	0.000000	0.000000
280	0.000000	0.000000	0.000000	0.090090	0.879331	0.030579	0.000000	0.000000	0.000000
281	0.000000	0.000000	0.000000	0.089708	0.879709	0.030583	0.000000	0.000000	0.000000
282	0.000000	0.000000	0.000000	0.089687	0.879669	0.030644	0.000000	0.000000	0.000000
283	0.000000	0.000000	0.000000	0.089753	0.879461	0.030786	0.000000	0.000000	0.000000
284	0.000000	0.000000	0.000000	0.089931	0.879342	0.030727	0.000000	0.000000	0.000000
285	0.000000	0.000000	0.000000	0.089909	0.879573	0.030518	0.000000	0.000000	0.000000
286	0.000000	0.000000	0.000000	0.089952	0.879382	0.030666	0.000000	0.000000	0.000000
287	0.000000	0.000000	0.000000	0.089664	0.879838	0.030498	0.000000	0.000000	0.000000
288	0.000000	0.000000	0.000000	0.089524	0.879872	0.030604	0.000000	0.000000	0.000000
289	0.000000	0.000000	0.000000	0.089831	0.879583	0.030586	0.000000	0.000000	0.000000
290	0.000000	0.000000	0.000000	0.089914	0.879390	0.030696	0.000000	0.000000	0.000000
291	0.000000	0.000000	0.000000	0.089944	0.879554	0.030502	0.000000	0.000000	0.000000
292	0.000000	0.000000	0.000000	0.089782	0.879640	0.030578	0.000000	0.000000	0.000000
293	0.000000	0.000000	0.000000	0.089822	0.879522	0.030656	0.000000	0.000000	0.000000
294	0.000000	0.000000	0.000000	0.089864	0.879427	0.030709	0.000000	0.000000	0.000000
295	0.000000	0.000000	0.000000	0.089919	0.879299	0.030782	0.000000	0.000000	0.000000
296	0.000000	0.000000	0.000000	0.089851	0.879359	0.030790	0.000000	0.000000	0.000000
297	0.000000	0.000000	0.000000	0.089935	0.879048	0.031017	0.000000	0.000000	0.000000
298	0.000000	0.000000	0.000000	0.090047	0.878957	0.030996	0.000000	0.000000	0.000000
299	0.000000	0.000000	0.000000	0.090532	0.878657	0.030811	0.000000	0.000000	0.000000
300	0.000000	0.000000	0.000000	0.090326	0.878785	0.030889	0.000000	0.000000	0.000000
301	0.000000	0.000000	0.000000	0.090293	0.878926	0.030781	0.000000	0.000000	0.000000
302	0.000000	0.000000	0.000000	0.090445	0.878682	0.030873	0.000000	0.000000	0.000000
303	0.000000	0.000000	0.000000	0.090203	0.878884	0.030913	0.000000	0.000000	0.000000
304	0.000000	0.000000	0.000000	0.090196	0.878988	0.030816	0.000000	0.000000	0.000000
305	0.000000	0.000000	0.000000	0.090074	0.879088	0.030838	0.000000	0.000000	0.000000
306	0.000000	0.000000	0.000000	0.090318	0.878714	0.030968	0.000000	0.000000	0.000000
307	0.000000	0.000000	0.000000	0.090765	0.878475	0.030760	0.000000	0.000000	0.000000
308	0.000000	0.000000	0.000000	0.090831	0.878282	0.030887	0.000000	0.000000	0.000000
309	0.000000	0.000000	0.000000	0.090603	0.878500	0.030897	0.000000	0.000000	0.000000
310	0.000000	0.000000	0.000000	0.090535	0.878476	0.030989	0.000000	0.000000	0.000000
311	0.000000	0.000000	0.000000	0.090697	0.878177	0.031126	0.000000	0.000000	0.000000
312	0.000000	0.000000	0.000000	0.090623	0.878205	0.031172	0.000000	0.000000	0.000000
313	0.000000	0.000000	0.000000	0.090446	0.878532	0.031022	0.000000	0.000000	0.000000
314	0.000000	0.000000	0.000000	0.089990	0.878966	0.031044	0.000000	0.000000	0.000000
315	0.000000	0.000000	0.000000	0.089992	0.878739	0.031269	0.000000	0.000000	0.000000
316	0.000000	0.000000	0.000000	0.089877	0.879133	0.030990	0.000000	0.000000	0.000000
317	0.000000	0.000000	0.000000	0.089937	0.878926	0.031137	0.000000	0.000000	0.000000
318	0.000000	0.000000	0.000000	0.089735	0.879269	0.030996	0.000000	0.000000	0.000000
319	0.000000	0.000000	0.000000	0.089950	0.878994	0.031056	0.000000	0.000000	0.000000
320	0.000000	0.000000	0.000000	0.089844	0.879348	0.030808	0.000000	0.000000	0.000000
321	0.000000	0.000000	0.000000	0.089739	0.879201	0.031060	0.000000	0.000000	0.000000
322	0.000000	0.000000	0.000000	0.089692	0.879378	0.030930	0.000000	0.000000	0.000000
323	0.000000	0.000000	0.000000	0.089685	0.879385	0.030930	0.000000	0.000000	0.000000
324	0.000000	0.000000	0.000000	0.089161	0.879816	0.031023	0.000000	0.000000	0.000000
325	0.000000	0.000000	0.000000	0.089113	0.879947	0.030940	0.000000	0.000000	0.000000
326	0.000000	0.000000	0.000000	0.089298	0.879663	0.031039	0.000000	0.000000	0.000000
327	0.000000	0.000000	0.000000	0.089015	0.879633	0.031352	0.000000	0.000000	0.000000
328	0.000000	0.000000	0.000000	0.089212	0.879507	0.031281	0.000000	0.000000	0.000000
329	0.000000	0.000000	0.000000	0.089005	0.879532	0.031463	0.000000	0.000000	0.000000
330	0.000000	0.000000	0.000000	0.089032	0.879691	0.031277	0.000000	0.000000	0.000000
331	0.000000	0.000000	0.000000	0.088941	0.879705	0.031354	0.000000	0.000000	0.000000
332	0.000000	0.000000	0.000000	0.088691	0.880112	0.031197	0.000000	0.000000	0.000000
333	0.000000	0.000000	0.000000	0.088691	0.880059	0.031250	0.000000	0.000000	0.000000
334	0.000000	0.000000	0.000000	0.088574	0.880436	0.030990	0.000000	0.000000	0.000000
335	0.000000	0.000000	0.000000	0.088980	0.879694	0.031326	0.000000	0.000000	0.000000
336	0.000000	0.000000	0.000000	0.089224	0.879531	0.031245	0.000000	0.000000	0.000000
337	0.000000	0.000000	0.000000	0.089206	0.879469	0.031325	0.000000	0.000000	0.000000
338	0.000000	0.000000	0.000000	0.088973	0.879748	0.031279	0.000000	0.000000	0.000000
339	0.000000	0.000000	0.000000	0.089146	0.879802	0.031052	0.000000	0.000000	0.000000
340	0.000000	0.000000	0.000000	0.088950	0.879893	0.031157	0.000000	0.000000	0.000000
341	0.000000	0.000000	0.000000	0.088676	0.880345	0.030979	0.000000	0.000000	0.000000
342	0.000000	0.000000	0.000000	0.088701	0.880586	0.030713	0.000000	0.000000	0.000000
343	0.000000	0.000000	0.000000	0.088872	0.880393	0.030735	0.000000	0.000000	0.000000
344	0.000000	0.000000	0.000000	0.088917	0.880211	0.030872	0.000000	0.000000	0.000000
345	0.000000	0.000000	0.000000	0.089084	0.880206	0.030710	0.000000	0.000000	0.000000
346	0.000000	0.000000	0.000000	0.088955	0.880271	0.030774	0.000000	0.000000	0.000000
347	0.000000	0.000000	0.000000	0.089097	0.880157	0.030746	0.000000	0.000000	0.000000
348	0.000000	0.000000	0.000000	0.088748	0.880344	0.030908	0.000000	0.000000	0.000000
349	0.000000	0.000000	0.000000	0.089067	0.880103	0.030830	0.000000	0.000000	0.000000
350	0.000000	0.000000	0.000000	0.089091	0.879876	0.031033	0.000000	0.000000	0.000000
351	0.000000	0.000000	0.000000	0.089029	0.879866	0.031105	0.000000	0.000000	0.000000
352	0.000000	0.000000	0.000000	0.089033	0.879662	0.031305	0.000000	0.000000	0.000000
353	0.000000	0.000000	0.000000	0.089360	0.879640	0.031000	0.000000	0.000000	0.000000
354	0.000000	0.000000	0.000000	0.089250	0.879838	0.030912	0.000000	0.000000	0.000000
355	0.000000	0.000000	0.000000	0.089119	0.880022	0.030859	0.000000	0.000000	0.000000
356	0.000000	0.000000	0.000000	0.088844	0.880107	0.031049	0.000000	0.000000	0.000000
357	0.000000	0.000000	0.000000	0.089236	0.879850	0.030914	0.000000	0.000000	0.000000
358	0.000000	0.000000	0.000000	0.089193	0.879972	0.030835	0.000000	0.000000	0.000000
359	0.000000	0.000000	0.000000	0.089176	0.879997	0.030827	0.000000	0.000000	0.000000
360	0.000000	0.000000	0.000000	0.089207	0.879942	0.030851	0.000000	0.000000	0.000000
361	0.000000	0.000000	0.000000	0.089086	0.880198	0.030716	0.000000	0.000000	0.000000
362	0.000000	0.000000	0.000000	0.089323	0.879840	0.030837	0.000000	0.000000	0.000000
363	0.000000	0.000000	0.000000	0.089596	0.879427	0.030977	0.000000	0.000000	0.000000
364	0.000000	0.000000	0.000000	0.089953	0.878994	0.031053	0.000000	0.000000	0.000000
365	0.000000	0.000000	0.000000	0.089977	0.879121	0.030902	0.000000	0.000000	0.000000
366	0.000000	0.000000	0.000000	0.089928	0.879021	0.031051	0.000000	0.000000	0.000000
367	0.000000	0.000000	0.000000	0.089885	0.879112	0.031003	0.000000	0.000000	0.000000
368	0.000000	0.000000	0.000000	0.089944	0.879167	0.030889	0.000000	0.000000	0.000000
369	0.000000	0.000000	0.000000	0.089957	0.879039	0.031004	0.000000	0.000000	0.000000
370	0.000000	0.000000	0.000000	0.089964	0.878808	0.031228	0.000000	0.000000	0.000000
371	0.000000	0.000000	0.000000	0.089606	0.879535	0.030859	0.000000	0.000000	0.000000
372	0.000000	0.000000	0.000000	0.090111	0.878794	0.031095	0.000000	0.000000	0.000000
373	0.000000	0.000000	0.000000	0.090370	0.878459	0.031171	0.000000	0.000000	0.000000
374	0.000000	0.000000	0.000000	0.090273	0.878612	0.031115	0.000000	0.000000	0.000000
375	0.000000	0.000000	0.000000	0.090157	0.878624	0.031219	0.000000	0.000000	0.000000
376	0.000000	0.000000	0.000000	0.090315	0.878478	0.031207	0.000000	0.000000	0.000000
377	0.000000	0.000000	0.000000	0.090373	0.878671	0.030956	0.000000	0.000000	0.000000
378	0.000000	0.000000	0.000000	0.090199	0.878801	0.031000	0.000000	0.000000	0.000000
379	0.000000	0.000000	0.000000	0.090432	0.878519	0.031049	0.000000	0.000000	0.000000
380	0.000000	0.000000	0.000000	0.090144	0.878907	0.030949	0.000000	0.000000	0.000000
381	0.000000	0.000000	0.000000	0.090099	0.878970	0.030931	0.000000	0.000000	0.000000
382	0.000000	0.000000	0.000000	0.090076	0.878920	0.031004	0.000000	0.000000	0.000000
383	0.000000	0.000000	0.000000	0.090042	0.879002	0.030956	0.000000	0.000000	0.000000
384	0.000000	0.000000	0.000000	0.089658	0.879250	0.031092	0.000000	0.000000	0.000000
385	0.000000	0.000000	0.000000	0.089710	0.879032	0.031258	0.000000	0.000000	0.000000
386	0.000000	0.000000	0.000000	0.089501	0.879283	0.031216	0.000000	0.000000	0.000000
387	0.000000	0.000000	0.000000	0.089567	0.879311	0.031122	0.000000	0.000000	0.000000
388	0.000000	0.000000	0.000000	0.089358	0.879369	0.031273	0.000000	0.000000	0.000000
389	0.000000	0.000000	0.000000	0.089664	0.879079	0.031257	0.000000	0.000000	0.000000
390	0.000000	0.000000	0.000000	0.090011	0.878778	0.031211	0.000000	0.000000	0.000000
391	0.000000	0.000000	0.000000	0.090029	0.878411	0.031560	0.000000	0.000000	0.000000
392	0.000000	0.000000	0.000000	0.090067	0.878463	0.031470	0.000000	0.000000	0.000000
393	0.000000	0.000000	0.000000	0.089993	0.878735	0.031272	0.000000	0.000000	0.000000
394	0.000000	0.000000	0.000000	0.090293	0.878355	0.031352	0.000000	0.000000	0.000000
395	0.000000	0.000000	0.000000	0.090310	0.878475	0.031215	0.000000	0.000000	0.000000
396	0.000000	0.000000	0.000000	0.090307	0.878276	0.031417	0.000000	0.000000	0.000000
397	0.000000	0.000000	0.000000	0.090722	0.877883	0.031395	0.000000	0.000000	0.000000
398	0.000000	0.000000	0.000000	0.090725	0.877849	0.031426	0.000000	0.000000	0.000000
399	0.000000	0.000000	0.000000	0.090895	0.877549	0.031556	0.000000	0.000000	0.000000
400	0.000000	0.000000	0.000000	0.091038	0.877282	0.031680	0.000000	0.000000	0.000000
401	0.000000	0.000000	0.000000	0.091254	0.876991	0.031755	0.000000	0.000000	0.000000
402	0.000000	0.000000	0.000000	0.091128	0.877103	0.031769	0.000000	0.000000	0.000000
403	0.000000	0.000000	0.000000	0.091033	0.877187	0.031780	0.000000	0.000000	0.000000
404	0.000000	0.000000	0.000000	0.091511	0.876981	0.031508	0.000000	0.000000	0.000000
405	0.000000	0.000000	0.000000	0.091748	0.876808	0.031444	0.000000	0.000000	0.000000
406	0.000000	0.000000	0.000000	0.091695	0.876720	0.031585	0.000000	0.000000	0.000000
407	0.000000	0.000000	0.000000	0.091599	0.876477	0.031924	0.000000	0.000000	0.000000
408	0.000000	0.000000	0.000000	0.091604	0.876506	0.031890	0.000000	0.000000	0.000000
409	0.000000	0.000000	0.000000	0.092116	0.876091	0.031793	0.000000	0.000000	0.000000
410	0.000000	0.000000	0.000000	0.091924	0.876400	0.031676	0.000000	0.000000	0.000000
411	0.000000	0.000000	0.000000	0.091965	0.876313	0.031722	0.000000	0.000000	0.000000
412	0.000000	0.000000	0.000000	0.092108	0.875995	0.031897	0.000000	0.000000	0.000000
413	0.000000	0.000000	0.000000	0.092163	0.875939	0.031898	0.000000	0.000000	0.000000
414	0.000000	0.000000	0.000000	0.092137	0.875974	0.031889	0.000000	0.000000	0.000000
415	0.000000	0.000000	0.000000	0.092128	0.876174	0.031698	0.000000	0.000000	0.000000
416	0.000000	0.000000	0.000000	0.092155	0.876045	0.031800	0.000000	0.000000	0.000000
417	0.000000	0.000000	0.000000	0.092233	0.876073	0.031694	0.000000	0.000000	0.000000
418	0.000000	0.000000	0.000000	0.092178	0.875992	0.031830	0.000000	0.000000	0.000000
419	0.000000	0.000000	0.000000	0.092131	0.876038	0.031831	0.000000	0.000000	0.000000
420	0.000000	0.000000	0.000000	0.092088	0.876144	0.031768	0.000000	0.000000	0.000000
421	0.000000	0.000000	0.000000	0.091925	0.876464	0.031611	0.000000	0.000000	0.000000
422	0.000000	0.000000	0.000000	0.092006	0.876534	0.031460	0.000000	0.000000	0.000000
423	0.000000	0.000000	0.000000	0.091946	0.876746	0.031308	0.000000	0.000000	0.000000
424	0.000000	0.000000	0.000000	0.092405	0.876286	0.031309	0.000000	0.000000	0.000000
425	0.000000	0.000000	0.000000	0.092429	0.876135	0.031436	0.000000	0.000000	0.000000
426	0.000000	0.000000	0.000000	0.092595	0.876017	0.031388	0.000000	0.000000	0.000000
427	0.000000	0.000000	0.000000	0.092293	0.876534	0.031173	0.000000	0.000000	0.000000
428	0.000000	0.000000	0.000000	0.092552	0.876226	0.031222	0.000000	0.000000	0.000000
429	0.000000	0.000000	0.000000	0.092461	0.876214	0.031325	0.000000	0.000000	0.000000
430	0.000000	0.000000	0.000000	0.092672	0.876032	0.031296	0.000000	0.000000	0.000000
431	0.000000	0.000000	0.000000	0.092789	0.875688	0.031523	0.000000	0.000000	0.000000
432	0.000000	0.000000	0.000000	0.092640	0.875858	0.031502	0.000000	0.000000	0.000000
433	0.000000	0.000000	0.000000	0.092903	0.875512	0.031585	0.000000	0.000000	0.000000
434	0.000000	0.000000	0.000000	0.092985	0.875247	0.031768	0.000000	0.000000	0.000000
435	0.000000	0.000000	0.000000	0.092892	0.875374	0.031734	0.000000	0.000000	0.000000
436	0.000000	0.000000	0.000000	0.092785	0.875568	0.031647	0.000000	0.000000	0.000000
437	0.000000	0.000000	0.000000	0.092975	0.875300	0.031725	0.000000	0.000000	0.000000
438	0.000000	0.000000	0.000000	0.092883	0.875270	0.031847	0.000000	0.000000	0.000000
439	0.000000	0.000000	0.000000	0.093001	0.875220	0.031779	0.000000	0.000000	0.000000
440	0.000000	0.000000	0.000000	0.093362	0.874909	0.031729	0.000000	0.000000	0.000000
441	0.000000	0.000000	0.000000	0.093820	0.874352	0.031828	0.000000	0.000000	0.000000
442	0.000000	0.000000	0.000000	0.093948	0.874491	0.031561	0.000000	0.000000	0.000000
443	0.000000	0.000000	0.000000	0.094036	0.874254	0.031710	0.000000	0.000000	0.000000
444	0.000000	0.000000	0.000000	0.093953	0.874304	0.031743	0.000000	0.000000	0.000000
445	0.000000	0.000000	0.000000	0.093735	0.874466	0.031799	0.000000	0.000000	0.000000
446	0.000000	0.000000	0.000000	0.094039	0.874256	0.031705	0.000000	0.000000	0.000000
447	0.000000	0.000000	0.000000	0.093826	0.874418	0.031756	0.000000	0.000000	0.000000
448	0.000000	0.000000	0.000000	0.093581	0.874783	0.031636	0.000000	0.000000	0.000000
449	0.000000	0.000000	0.000000	0.093604	0.874803	0.031593	0.000000	0.000000	0.000000
450	0.000000	0.000000	0.000000	0.093433	0.874800	0.031767	0.000000	0.000000	0.000000
451	0.000000	0.000000	0.000000	0.093252	0.875002	0.031746	0.000000	0.000000	0.000000
452	0.000000	0.000000	0.000000	0.093540	0.874748	0.031712	0.000000	0.000000	0.000000
453	0.000000	0.000000	0.000000	0.093615	0.874577	0.031808	0.000000	0.000000	0.000000
454	0.000000	0.000000	0.000000	0.093887	0.874383	0.031730	0.000000	0.000000	0.000000
455	0.000000	0.000000	0.000000	0.093984	0.874243	0.031773	0.000000	0.000000	0.000000
456	0.000000	0.000000	0.000000	0.093644	0.874498	0.031858	0.000000	0.000000	0.000000
457	0.000000	0.000000	0.000000	0.093694	0.874865	0.031441	0.000000	0.000000	0.000000
458	0.000000	0.000000	0.000000	0.093807	0.874986	0.031207	0.000000	0.000000	0.000000
459	0.000000	0.000000	0.000000	0.093627	0.875025	0.031348	0.000000	0.000000	0.000000
460	0.000000	0.000000	0.000000	0.093673	0.874959	0.031368	0.000000	0.000000	0.000000
461	0.000000	0.000000	0.000000	0.093794	0.874678	0.031528	0.000000	0.000000	0.000000
462	0.000000	0.000000	0.000000	0.093912	0.874730	0.031358	0.000000	0.000000	0.000000
463	0.000000	0.000000	0.000000	0.093773	0.874980	0.031247	0.000000	0.000000	0.000000
464	0.000000	0.000000	0.000000	0.093762	0.875020	0.031218	0.000000	0.000000	0.000000
465	0.000000	0.000000	0.000000	0.093645	0.875187	0.031168	0.000000	0.000000	0.000000
466	0.000000	0.000000	0.000000	0.093952	0.875178	0.030870	0.000000	0.000000	0.000000
467	0.000000	0.000000	0.000000	0.093652	0.875376	0.030972	0.000000	0.000000	0.000000
468	0.000000	0.000000	0.000000	0.093954	0.874916	0.031130	0.000000	0.000000	0.000000
469	0.000000	0.000000	0.000000	0.094031	0.874838	0.031131	0.000000	0.000000	0.000000
470	0.000000	0.000000	0.000000	0.094237	0.874839	0.030924	0.000000	0.000000	0.000000
