0	0.290663	0.057897	0.229473	0.157588	0.029913	0.111872	0.085455	0.012259	0.024880
1	0.242191	0.050265	0.207782	0.144069	0.029775	0.122953	0.102509	0.020166	0.080290
2	0.250441	0.050679	0.214182	0.142093	0.031166	0.122573	0.091588	0.017995	0.079283
3	0.265405	0.051819	0.221018	0.139637	0.032587	0.119526	0.079336	0.015179	0.075493
4	0.280000	0.052466	0.228198	0.136333	0.034813	0.115258	0.068721	0.012794	0.071417
5	0.294956	0.052838	0.235395	0.131805	0.036839	0.110156	0.059598	0.010931	0.067482
6	0.309393	0.052768	0.241512	0.128141	0.038975	0.105142	0.051441	0.009340	0.063288
7	0.322812	0.052427	0.247276	0.123897	0.040935	0.100096	0.044938	0.007648	0.059971
8	0.335852	0.051969	0.252298	0.119423	0.042890	0.095463	0.038695	0.006589	0.056821
9	0.348126	0.051559	0.257719	0.114336	0.045217	0.090432	0.033777	0.005440	0.053394
10	0.359788	0.050551	0.261620	0.110028	0.047667	0.085539	0.029390	0.004610	0.050807
11	0.370802	0.049870	0.265559	0.105194	0.050014	0.080822	0.025618	0.004031	0.048090
12	0.380981	0.048591	0.268830	0.100688	0.052570	0.077063	0.022339	0.003333	0.045605
13	0.390765	0.047619	0.272126	0.095936	0.055094	0.073155	0.019523	0.002836	0.042946
14	0.399188	0.046289	0.274142	0.092245	0.057867	0.069595	0.017174	0.002453	0.041047
15	0.407924	0.045319	0.276442	0.088100	0.060647	0.065942	0.014922	0.002063	0.038641
16	0.415087	0.044211	0.278973	0.084061	0.063632	0.062487	0.013117	0.001774	0.036658
17	0.423214	0.042721	0.280607	0.079804	0.066894	0.059032	0.011426	0.001521	0.034781
18	0.430041	0.041460	0.281828	0.075943	0.070323	0.056058	0.009852	0.001278	0.033217
19	0.435824	0.040373	0.283352	0.072830	0.073883	0.052421	0.008501	0.001132	0.031684
20	0.441585	0.039091	0.284445	0.069143	0.077389	0.049839	0.007635	0.000990	0.029883
21	0.445871	0.037867	0.285451	0.066265	0.081052	0.047562	0.006551	0.000840	0.028541
22	0.450641	0.036621	0.286120	0.063278	0.084889	0.044960	0.005651	0.000729	0.027111
23	0.454578	0.035494	0.286604	0.060467	0.089108	0.042554	0.004950	0.000634	0.025611
24	0.457697	0.034438	0.287080	0.058079	0.093141	0.040514	0.004245	0.000529	0.024277
25	0.460486	0.033188	0.287188	0.055798	0.097790	0.038286	0.003807	0.000458	0.022999
26	0.463174	0.032275	0.286414	0.053183	0.102525	0.036673	0.003383	0.000350	0.022023
27	0.465458	0.031361	0.285751	0.051123	0.107335	0.034681	0.003046	0.000344	0.020901
28	0.466417	0.030336	0.285393	0.049440	0.112723	0.033009	0.002661	0.000281	0.019740
29	0.467897	0.029442	0.284902	0.047052	0.118109	0.031514	0.002243	0.000213	0.018628
30	0.469343	0.028433	0.283347	0.045480	0.123318	0.030183	0.001992	0.000196	0.017708
31	0.469114	0.027401	0.282753	0.044091	0.129280	0.028689	0.001819	0.000158	0.016695
32	0.469196	0.026573	0.281291	0.042480	0.135320	0.027684	0.001572	0.000152	0.015732
33	0.468181	0.025904	0.279762	0.041386	0.142024	0.026238	0.001380	0.000142	0.014983
34	0.467559	0.025007	0.278237	0.040000	0.148407	0.025245	0.001220	0.000131	0.014194
35	0.466452	0.024208	0.276449	0.038709	0.155490	0.024015	0.001040	0.000099	0.013538
36	0.465014	0.023389	0.274336	0.037487	0.162751	0.023040	0.000963	0.000082	0.012938
37	0.462471	0.022382	0.273337	0.036261	0.170392	0.022074	0.000871	0.000076	0.012136
38	0.459955	0.021747	0.271283	0.035355	0.178053	0.021198	0.000811	0.000061	0.011537
39	0.457939	0.020873	0.268979	0.034139	0.186097	0.020415	0.000679	0.000073	0.010806
40	0.454748	0.019970	0.267104	0.033389	0.194398	0.019505	0.000633	0.000057	0.010196
41	0.451356	0.019326	0.265093	0.032661	0.202404	0.018923	0.000530	0.000037	0.009670
42	0.447272	0.018817	0.262602	0.031955	0.211144	0.018512	0.000457	0.000036	0.009205
43	0.443760	0.018170	0.259995	0.031465	0.219744	0.017783	0.000396	0.000030	0.008657
44	0.440079	0.017644	0.257262	0.030732	0.228537	0.017198	0.000360	0.000022	0.008166
45	0.435501	0.016982	0.254374	0.030045	0.238297	0.016716	0.000319	0.000021	0.007745
46	0.430430	0.016446	0.251847	0.029473	0.247876	0.016303	0.000276	0.000020	0.007329
47	0.425638	0.015839	0.248434	0.028790	0.258115	0.016094	0.000235	0.000017	0.006838
48	0.420655	0.014921	0.244845	0.028429	0.268793	0.015593	0.000210	0.000022	0.006532
49	0.415487	0.014463	0.241376	0.028059	0.279185	0.015195	0.000182	0.000020	0.006033
50	0.409675	0.013891	0.238180	0.027549	0.290196	0.014585	0.000169	0.000020	0.005735
51	0.403878	0.013388	0.234350	0.027274	0.301060	0.014379	0.000139	0.000022	0.005510
52	0.397532	0.012801	0.231264	0.027072	0.311875	0.014150	0.000122	0.000018	0.005166
53	0.390839	0.012180	0.228360	0.026632	0.323448	0.013576	0.000124	0.000012	0.004829
54	0.384302	0.011674	0.224811	0.026333	0.334892	0.013365	0.000099	0.000012	0.004512
55	0.377711	0.011229	0.220957	0.026107	0.346552	0.013118	0.000084	0.000013	0.004229
56	0.371377	0.010938	0.216122	0.025914	0.358665	0.012878	0.000067	0.000015	0.004024
57	0.364858	0.010416	0.212109	0.025871	0.370232	0.012649	0.000060	0.000013	0.003792
58	0.357982	0.009907	0.208251	0.025618	0.381992	0.012576	0.000058	0.000017	0.003599
59	0.351014	0.009485	0.204169	0.025311	0.394071	0.012495	0.000056	0.000015	0.003384
60	0.343684	0.008989	0.199671	0.025108	0.407080	0.012175	0.000055	0.000008	0.003230
61	0.336012	0.008537	0.195620	0.025094	0.419491	0.012180	0.000048	0.000010	0.003008
62	0.329197	0.008045	0.191629	0.024849	0.431453	0.012049	0.000037	0.000003	0.002738
63	0.321671	0.007669	0.187137	0.024804	0.444012	0.011938	0.000029	0.000007	0.002733
64	0.314342	0.007313	0.182721	0.024693	0.456511	0.011800	0.000021	0.000003	0.002596
65	0.306881	0.007023	0.178489	0.024563	0.468709	0.011850	0.000014	0.000002	0.002469
66	0.298586	0.006539	0.174770	0.024595	0.481502	0.011721	0.000010	0.000002	0.002275
67	0.290900	0.006111	0.170246	0.024593	0.494423	0.011561	0.000005	0.000001	0.002160
68	0.283196	0.005796	0.165949	0.024497	0.507046	0.011522	0.000006	0.000001	0.001987
69	0.275943	0.005476	0.161035	0.024328	0.519954	0.011384	0.000003	0.000001	0.001876
70	0.267972	0.005102	0.157287	0.024065	0.532549	0.011302	0.000004	0.000000	0.001719
71	0.260299	0.004832	0.152656	0.024132	0.545076	0.011374	0.000005	0.000000	0.001626
72	0.252433	0.004557	0.148215	0.024198	0.557721	0.011370	0.000002	0.000000	0.001504
73	0.244644	0.004269	0.143848	0.024252	0.570283	0.011249	0.000002	0.000000	0.001453
74	0.236922	0.003961	0.139627	0.024090	0.582875	0.011170	0.000004	0.000000	0.001351
75	0.229520	0.003783	0.135178	0.024011	0.595030	0.011205	0.000006	0.000000	0.001267
76	0.222372	0.003551	0.130632	0.024039	0.607195	0.011063	0.000005	0.000000	0.001143
77	0.215136	0.003386	0.126327	0.024022	0.618949	0.011081	0.000004	0.000000	0.001095
78	0.207620	0.003259	0.121817	0.024075	0.631025	0.011199	0.000003	0.000000	0.001002
79	0.200499	0.003123	0.117493	0.024105	0.642771	0.011102	0.000001	0.000000	0.000906
80	0.193087	0.002947	0.112912	0.024362	0.654668	0.011117	0.000003	0.000000	0.000904
81	0.185770	0.002749	0.109006	0.024422	0.666180	0.011075	0.000003	0.000000	0.000795
82	0.178573	0.002561	0.105304	0.024516	0.677144	0.011176	0.000002	0.000000	0.000724
83	0.171407	0.002378	0.101286	0.024589	0.688673	0.011008	0.000003	0.000000	0.000656
84	0.164947	0.002211	0.097223	0.024620	0.699075	0.011297	0.000001	0.000000	0.000626
85	0.158443	0.002093	0.093198	0.024408	0.710006	0.011260	0.000002	0.000000	0.000590
86	0.151956	0.001964	0.089622	0.024538	0.720138	0.011239	0.000000	0.000000	0.000543
87	0.146051	0.001838	0.085653	0.024530	0.730313	0.011126	0.000000	0.000000	0.000489
88	0.139951	0.001744	0.081908	0.024672	0.740123	0.011153	0.000000	0.000000	0.000449
89	0.133568	0.001651	0.078534	0.024751	0.749922	0.011141	0.000000	0.000000	0.000433
90	0.127656	0.001529	0.075318	0.024687	0.759139	0.011266	0.000000	0.000000	0.000405
91	0.122021	0.001392	0.072074	0.024751	0.767906	0.011457	0.000000	0.000000	0.000399
92	0.116543	0.001363	0.068747	0.024709	0.776773	0.011509	0.000000	0.000000	0.000356
93	0.111642	0.001285	0.065059	0.024871	0.785346	0.011457	0.000000	0.000000	0.000340
94	0.106228	0.001160	0.061747	0.024806	0.794310	0.011433	0.000000	0.000000	0.000316
95	0.101452	0.001119	0.058640	0.024899	0.802214	0.011385	0.000000	0.000000	0.000291
96	0.096447	0.001007	0.055668	0.024994	0.810048	0.011567	0.000000	0.000000	0.000269
97	0.091812	0.000899	0.052776	0.025100	0.817617	0.011548	0.000000	0.000000	0.000248
98	0.087452	0.000817	0.050010	0.025085	0.824934	0.011456	0.000000	0.000000	0.000246
99	0.082892	0.000764	0.047743	0.025180	0.831764	0.011441	0.000000	0.000000	0.000216
100	0.078458	0.000699	0.045312	0.025146	0.838695	0.011483	0.000000	0.000000	0.000207
101	0.074399	0.000634	0.042818	0.025060	0.845406	0.011500	0.000000	0.000000	0.000183
102	0.070451	0.000587	0.040605	0.025142	0.851629	0.011413	0.000000	0.000000	0.000173
103	0.066502	0.000546	0.038509	0.025325	0.857510	0.011468	0.000000	0.000000	0.000140
104	0.062791	0.000531	0.036433	0.025416	0.863216	0.011497	0.000000	0.000000	0.000116
105	0.059249	0.000485	0.034328	0.025439	0.868862	0.011519	0.000000	0.000000	0.000118
106	0.055745	0.000429	0.032354	0.025554	0.874410	0.011401	0.000000	0.000000	0.000107
107	0.052412	0.000382	0.030575	0.025424	0.879684	0.011413	0.000000	0.000000	0.000110
108	0.049561	0.000342	0.028847	0.025397	0.884343	0.011418	0.000000	0.000000	0.000092
109	0.046577	0.000311	0.027180	0.025438	0.889027	0.011378	0.000000	0.000000	0.000089
110	0.043836	0.000281	0.025550	0.025557	0.893372	0.011328	0.000000	0.000000	0.000076
111	0.041326	0.000257	0.023934	0.025638	0.897707	0.011073	0.000000	0.000000	0.000065
112	0.038712	0.000237	0.022364	0.025660	0.901833	0.011134	0.000000	0.000000	0.000060
113	0.036143	0.000220	0.021002	0.025670	0.905964	0.010966	0.000000	0.000000	0.000035
114	0.034144	0.000197	0.019635	0.025687	0.909237	0.011055	0.000000	0.000000	0.000045
115	0.032134	0.000183	0.018285	0.025940	0.912416	0.011004	0.000000	0.000000	0.000038
116	0.030090	0.000178	0.017071	0.026027	0.915674	0.010928	0.000000	0.000000	0.000032
117	0.028104	0.000154	0.015899	0.026100	0.918897	0.010810	0.000000	0.000000	0.000036
118	0.026095	0.000137	0.015071	0.025970	0.921760	0.010931	0.000000	0.000000	0.000036
119	0.024603	0.000113	0.014029	0.025852	0.924553	0.010820	0.000000	0.000000	0.000030
120	0.023043	0.000106	0.012996	0.025904	0.927259	0.010660	0.000000	0.000000	0.000032
121	0.021505	0.000104	0.012135	0.025836	0.929680	0.010707	0.000000	0.000000	0.000033
122	0.019993	0.000081	0.011237	0.026023	0.932067	0.010576	0.000000	0.000000	0.000023
123	0.018546	0.000091	0.010453	0.025992	0.934147	0.010748	0.000000	0.000000	0.000023
124	0.017263	0.000085	0.009755	0.026142	0.936086	0.010650	0.000000	0.000000	0.000019
125	0.016133	0.000091	0.009103	0.026354	0.937659	0.010643	0.000000	0.000000	0.000017
126	0.014956	0.000090	0.008504	0.026362	0.939346	0.010722	0.000000	0.000000	0.000020
127	0.013757	0.000085	0.007961	0.026282	0.941314	0.010584	0.000000	0.000000	0.000017
128	0.012639	0.000094	0.007379	0.026266	0.943031	0.010563	0.000000	0.000000	0.000028
129	0.011835	0.000078	0.006663	0.026408	0.944371	0.010632	0.000000	0.000000	0.000013
130	0.010920	0.000074	0.006141	0.026459	0.945631	0.010760	0.000000	0.000000	0.000015
131	0.010097	0.000052	0.005802	0.026328	0.946937	0.010770	0.000000	0.000000	0.000014
132	0.009195	0.000060	0.005281	0.026357	0.948266	0.010836	0.000000	0.000000	0.000005
133	0.008410	0.000059	0.004925	0.026474	0.949278	0.010847	0.000000	0.000000	0.000007
134	0.007684	0.000054	0.004649	0.026559	0.950278	0.010770	0.000000	0.000000	0.000006
135	0.007043	0.000048	0.004277	0.026569	0.951292	0.010765	0.000000	0.000000	0.000006
136	0.006407	0.000047	0.003896	0.026503	0.952363	0.010777	0.000000	0.000000	0.000007
137	0.005965	0.000044	0.003616	0.026596	0.953001	0.010772	0.000000	0.000000	0.000006
138	0.005426	0.000030	0.003351	0.026646	0.953802	0.010742	0.000000	0.000000	0.000003
139	0.004990	0.000031	0.003021	0.026531	0.954804	0.010620	0.000000	0.000000	0.000003
140	0.004578	0.000033	0.002757	0.026316	0.955739	0.010576	0.000000	0.000000	0.000001
141	0.004245	0.000022	0.002476	0.026406	0.956304	0.010544	0.000000	0.000000	0.000003
142	0.003868	0.000013	0.002245	0.026437	0.956843	0.010592	0.000000	0.000000	0.000002
143	0.003559	0.000011	0.002029	0.026478	0.957362	0.010561	0.000000	0.000000	0.000000
144	0.003183	0.000007	0.001906	0.026587	0.957564	0.010753	0.000000	0.000000	0.000000
145	0.002893	0.000004	0.001720	0.026480	0.958082	0.010821	0.000000	0.000000	0.000000
146	0.002655	0.000009	0.001570	0.026682	0.958346	0.010738	0.000000	0.000000	0.000000
147	0.002457	0.000006	0.001471	0.026687	0.958718	0.010661	0.000000	0.000000	0.000000
148	0.002258	0.000006	0.001365	0.026715	0.959124	0.010532	0.000000	0.000000	0.000000
149	0.002080	0.000004	0.001232	0.026655	0.959564	0.010465	0.000000	0.000000	0.000000
150	0.001911	0.000004	0.001126	0.026718	0.959718	0.010523	0.000000	0.000000	0.000000
151	0.001782	0.000004	0.001029	0.026908	0.959712	0.010565	0.000000	0.000000	0.000000
152	0.001622	0.000003	0.000880	0.026692	0.960113	0.010690	0.000000	0.000000	0.000000
153	0.001466	0.000006	0.000819	0.026646	0.960657	0.010406	0.000000	0.000000	0.000000
154	0.001314	0.000005	0.000738	0.026641	0.960841	0.010461	0.000000	0.000000	0.000000
155	0.001207	0.000004	0.000659	0.026718	0.960904	0.010508	0.000000	0.000000	0.000000
156	0.001105	0.000005	0.000603	0.026764	0.961080	0.010443	0.000000	0.000000	0.000000
157	0.000987	0.000001	0.000537	0.026550	0.961389	0.010536	0.000000	0.000000	0.000000
158	0.000928	0.000001	0.000505	0.026482	0.961550	0.010534	0.000000	0.000000	0.000000
159	0.000832	0.000002	0.000472	0.026512	0.961712	0.010470	0.000000	0.000000	0.000000
160	0.000771	0.000001	0.000452	0.026614	0.961609	0.010553	0.000000	0.000000	0.000000
161	0.000666	0.000000	0.000382	0.026640	0.961795	0.010517	0.000000	0.000000	0.000000
162	0.000596	0.000001	0.000356	0.026805	0.961672	0.010570	0.000000	0.000000	0.000000
163	0.000538	0.000001	0.000291	0.026665	0.961961	0.010544	0.000000	0.000000	0.000000
164	0.000500	0.000001	0.000273	0.026834	0.962004	0.010388	0.000000	0.000000	0.000000
165	0.000469	0.000001	0.000250	0.026889	0.962102	0.010289	0.000000	0.000000	0.000000
166	0.000423	0.000000	0.000218	0.026910	0.962182	0.010267	0.000000	0.000000	0.000000
167	0.000385	0.000000	0.000191	0.026783	0.962250	0.010391	0.000000	0.000000	0.000000
168	0.000361	0.000000	0.000163	0.026751	0.962384	0.010341	0.000000	0.000000	0.000000
169	0.000345	0.000000	0.000156	0.026768	0.962336	0.010395	0.000000	0.000000	0.000000
170	0.000306	0.000000	0.000131	0.026688	0.962384	0.010491	0.000000	0.000000	0.000000
171	0.000287	0.000000	0.000125	0.026829	0.962359	0.010400	0.000000	0.000000	0.000000
172	0.000264	0.000000	0.000113	0.026997	0.962277	0.010349	0.000000	0.000000	0.000000
173	0.000249	0.000000	0.000095	0.026775	0.962611	0.010270	0.000000	0.000000	0.000000
174	0.000239	0.000000	0.000082	0.026993	0.962370	0.010316	0.000000	0.000000	0.000000
175	0.000217	0.000000	0.000087	0.027147	0.962288	0.010261	0.000000	0.000000	0.000000
176	0.000204	0.000000	0.000076	0.026973	0.962439	0.010308	0.000000	0.000000	0.000000
177	0.000189	0.000000	0.000082	0.027019	0.962390	0.010320	0.000000	0.000000	0.000000
178	0.000177	0.000000	0.000080	0.027058	0.962440	0.010245	0.000000	0.000000	0.000000
179	0.000156	0.000000	0.000094	0.027085	0.962496	0.010169	0.000000	0.000000	0.000000
180	0.000152	0.000000	0.000085	0.026878	0.962605	0.010280	0.000000	0.000000	0.000000
181	0.000131	0.000000	0.000076	0.026962	0.962621	0.010210	0.000000	0.000000	0.000000
182	0.000112	0.000000	0.000073	0.026947	0.962672	0.010196	0.000000	0.000000	0.000000
183	0.000117	0.000000	0.000059	0.026836	0.962694	0.010294	0.000000	0.000000	0.000000
184	0.000117	0.000000	0.000047	0.027014	0.962627	0.010195	0.000000	0.000000	0.000000
185	0.000098	0.000000	0.000042	0.026871	0.962660	0.010329	0.000000	0.000000	0.000000
186	0.000100	0.000000	0.000038	0.026710	0.962914	0.010238	0.000000	0.000000	0.000000
187	0.000085	0.000000	0.000034	0.026842	0.962830	0.010209	0.000000	0.000000	0.000000
188	0.000070	0.000000	0.000027	0.026863	0.962723	0.010317	0.000000	0.000000	0.000000
189	0.000067	0.000000	0.000026	0.026664	0.962841	0.010402	0.000000	0.000000	0.000000
190	0.000064	0.000000	0.000027	0.026726	0.962960	0.010223	0.000000	0.000000	0.000000
191	0.000054	0.000000	0.000030	0.026767	0.962926	0.010223	0.000000	0.000000	0.000000
192	0.000043	0.000000	0.000032	0.026640	0.962868	0.010417	0.000000	0.000000	0.000000
193	0.000045	0.000000	0.000024	0.026575	0.963054	0.010302	0.000000	0.000000	0.000000
194	0.000044	0.000000	0.000021	0.026395	0.963298	0.010242	0.000000	0.000000	0.000000
195	0.000041	0.000000	0.000021	0.026321	0.963308	0.010309	0.000000	0.000000	0.000000
196	0.000040	0.000000	0.000017	0.026191	0.963266	0.010486	0.000000	0.000000	0.000000
197	0.000031	0.000000	0.000018	0.026245	0.963147	0.010559	0.000000	0.000000	0.000000
198	0.000026	0.000000	0.000013	0.026390	0.963017	0.010554	0.000000	0.000000	0.000000
199	0.000021	0.000000	0.000012	0.026439	0.962878	0.010650	0.000000	0.000000	0.000000
200	0.000017	0.000000	0.000015	0.026583	0.962707	0.010678	0.000000	0.000000	0.000000
201	0.000014	0.000000	0.000013	0.026487	0.962812	0.010674	0.000000	0.000000	0.000000
202	0.000015	0.000000	0.000018	0.026543	0.962824	0.010600	0.000000	0.000000	0.000000
203	0.000017	0.000000	0.000019	0.026479	0.962904	0.010581	0.000000	0.000000	0.000000
204	0.000017	0.000000	0.000017	0.026374	0.963155	0.010437	0.000000	0.000000	0.000000
205	0.000017	0.000000	0.000020	0.026336	0.963241	0.010386	0.000000	0.000000	0.000000
206	0.000020	0.000000	0.000019	0.026111	0.963445	0.010405	0.000000	0.000000	0.000000
207	0.000021	0.000000	0.000021	0.026165	0.963414	0.010379	0.000000	0.000000	0.000000
208	0.000021	0.000000	0.000021	0.026200	0.963341	0.010417	0.000000	0.000000	0.000000
209	0.000021	0.000000	0.000023	0.026203	0.963195	0.010558	0.000000	0.000000	0.000000
210	0.000024	0.000000	0.000023	0.026304	0.963263	0.010386	0.000000	0.000000	0.000000
211	0.000022	0.000000	0.000024	0.026245	0.963368	0.010341	0.000000	0.000000	0.000000
212	0.000019	0.000000	0.000021	0.026232	0.963342	0.010386	0.000000	0.000000	0.000000
213	0.000021	0.000000	0.000020	0.026048	0.963462	0.010449	0.000000	0.000000	0.000000
214	0.000017	0.000000	0.000014	0.025904	0.963734	0.010331	0.000000	0.000000	0.000000
215	0.000016	0.000000	0.000011	0.025975	0.963603	0.010395	0.000000	0.000000	0.000000
216	0.000014	0.000000	0.000010	0.026182	0.963325	0.010469	0.000000	0.000000	0.000000
217	0.000009	0.000000	0.000010	0.026173	0.963414	0.010394	0.000000	0.000000	0.000000
218	0.000009	0.000000	0.000012	0.025910	0.963737	0.010332	0.000000	0.000000	0.000000
219	0.000005	0.000000	0.000007	0.025842	0.963663	0.010483	0.000000	0.000000	0.000000
220	0.000003	0.000000	0.000007	0.025835	0.963759	0.010396	0.000000	0.000000	0.000000
221	0.000003	0.000000	0.000005	0.025710	0.963790	0.010492	0.000000	0.000000	0.000000
222	0.000005	0.000000	0.000004	0.025697	0.963838	0.010456	0.000000	0.000000	0.000000
223	0.000003	0.000000	0.000004	0.025582	0.963890	0.010521	0.000000	0.000000	0.000000
224	0.000003	0.000000	0.000005	0.025476	0.964007	0.010509	0.000000	0.000000	0.000000
225	0.000004	0.000000	0.000010	0.025502	0.963994	0.010490	0.000000	0.000000	0.000000
226	0.000004	0.000000	0.000010	0.025411	0.963964	0.010611	0.000000	0.000000	0.000000
227	0.000005	0.000000	0.000008	0.025524	0.963923	0.010540	0.000000	0.000000	0.000000
228	0.000006	0.000000	0.000006	0.025495	0.963984	0.010509	0.000000	0.000000	0.000000
229	0.000008	0.000000	0.000008	0.025713	0.963848	0.010423	0.000000	0.000000	0.000000
230	0.000006	0.000000	0.000008	0.025768	0.963681	0.010537	0.000000	0.000000	0.000000
231	0.000006	0.000000	0.000009	0.025703	0.963659	0.010623	0.000000	0.000000	0.000000
232	0.000009	0.000000	0.000011	0.025867	0.963646	0.010467	0.000000	0.000000	0.000000
233	0.000008	0.000000	0.000013	0.025798	0.963817	0.010364	0.000000	0.000000	0.000000
234	0.000007	0.000000	0.000010	0.025740	0.963694	0.010549	0.000000	0.000000	0.000000
235	0.000007	0.000000	0.000009	0.025858	0.963428	0.010698	0.000000	0.000000	0.000000
236	0.000005	0.000000	0.000006	0.025935	0.963414	0.010640	0.000000	0.000000	0.000000
237	0.000005	0.000000	0.000009	0.025941	0.963310	0.010735	0.000000	0.000000	0.000000
238	0.000005	0.000000	0.000011	0.025921	0.963238	0.010825	0.000000	0.000000	0.000000
239	0.000005	0.000000	0.000007	0.025765	0.963352	0.010871	0.000000	0.000000	0.000000
240	0.000003	0.000000	0.000009	0.025663	0.963543	0.010782	0.000000	0.000000	0.000000
241	0.000004	0.000000	0.000007	0.025809	0.963351	0.010829	0.000000	0.000000	0.000000
242	0.000005	0.000000	0.000007	0.025790	0.963539	0.010659	0.000000	0.000000	0.000000
243	0.000004	0.000000	0.000008	0.025909	0.963437	0.010642	0.000000	0.000000	0.000000
244	0.000004	0.000000	0.000005	0.025854	0.963557	0.010580	0.000000	0.000000	0.000000
245	0.000002	0.000000	0.000004	0.025901	0.963420	0.010673	0.000000	0.000000	0.000000
246	0.000004	0.000000	0.000001	0.026102	0.963219	0.010674	0.000000	0.000000	0.000000
247	0.000005	0.000000	0.000001	0.026082	0.963262	0.010650	0.000000	0.000000	0.000000
248	0.000005	0.000000	0.000002	0.026238	0.963076	0.010679	0.000000	0.000000	0.000000
249	0.000002	0.000000	0.000002	0.026486	0.962861	0.010649	0.000000	0.000000	0.000000
250	0.000003	0.000000	0.000001	0.026551	0.962746	0.010699	0.000000	0.000000	0.000000
251	0.000005	0.000000	0.000000	0.026555	0.962932	0.010508	0.000000	0.000000	0.000000
252	0.000002	0.000000	0.000000	0.026677	0.962811	0.010510	0.000000	0.000000	0.000000
253	0.000001	0.000000	0.000000	0.026784	0.962639	0.010576	0.000000	0.000000	0.000000
254	0.000001	0.000000	0.000000	0.026696	0.962864	0.010439	0.000000	0.000000	0.000000
255	0.000000	0.000000	0.000000	0.026733	0.962799	0.010468	0.000000	0.000000	0.000000
256	0.000000	0.000000	0.000000	0.026751	0.962739	0.010510	0.000000	0.000000	0.000000
257	0.000000	0.000000	0.000000	0.027013	0.962520	0.010467	0.000000	0.000000	0.000000
258	0.000000	0.000000	0.000000	0.026929	0.962622	0.010449	0.000000	0.000000	0.000000
259	0.000000	0.000000	0.000000	0.027002	0.962536	0.010462	0.000000	0.000000	0.000000
260	0.000000	0.000000	0.000000	0.027027	0.962386	0.010587	0.000000	0.000000	0.000000
261	0.000000	0.000000	0.000000	0.027040	0.962514	0.010446	0.000000	0.000000	0.000000
262	0.000000	0.000000	0.000000	0.027087	0.962526	0.010387	0.000000	0.000000	0.000000
263	0.000000	0.000000	0.000000	0.027051	0.962605	0.010344	0.000000	0.000000	0.000000
264	0.000000	0.000000	0.000000	0.026847	0.962733	0.010420	0.000000	0.000000	0.000000
265	0.000000	0.000000	0.000000	0.026988	0.962572	0.010440	0.000000	0.000000	0.000000
266	0.000000	0.000000	0.000000	0.027056	0.962422	0.010522	0.000000	0.000000	0.000000
267	0.000000	0.000000	0.000000	0.027089	0.962480	0.010431	0.000000	0.000000	0.000000
268	0.000000	0.000000	0.000000	0.027283	0.962421	0.010296	0.000000	0.000000	0.000000
269	0.000000	0.000000	0.000000	0.026983	0.962715	0.010302	0.000000	0.000000	0.000000
270	0.000000	0.000000	0.000000	0.026991	0.962767	0.010242	0.000000	0.000000	0.000000
271	0.000000	0.000000	0.000000	0.027085	0.962520	0.010395	0.000000	0.000000	0.000000
272	0.000000	0.000000	0.000000	0.027053	0.962387	0.010560	0.000000	0.000000	0.000000
273	0.000000	0.000000	0.000000	0.027026	0.962389	0.010585	0.000000	0.000000	0.000000
274	0.000000	0.000000	0.000000	0.027046	0.962459	0.010495	0.000000	0.000000	0.000000
275	0.000000	0.000000	0.000000	0.026996	0.962445	0.010559	0.000000	0.000000	0.000000
276	0.000000	0.000000	0.000000	0.026863	0.962619	0.010518	0.000000	0.000000	0.000000
277	0.000000	0.000000	0.000000	0.026816	0.962701	0.010483	0.000000	0.000000	0.000000
278	0.000000	0.000000	0.000000	0.026680	0.962802	0.010518	0.000000	0.000000	0.000000
279	0.000000	0.000000	0.000000	0.026346	0.963181	0.010473	0.000000	0.000000	0.000000
280	0.000000	0.000000	0.000000	0.026384	0.963056	0.010560	0.000000	0.000000	0.000000
281	0.000000	0.000000	0.000000	0.026504	0.962998	0.010498	0.000000	0.000000	0.000000
282	0.000000	0.000000	0.000000	0.026620	0.962920	0.010460	0.000000	0.000000	0.000000
283	0.000000	0.000000	0.000000	0.026414	0.963156	0.010430	0.000000	0.000000	0.000000
284	0.000000	0.000000	0.000000	0.026510	0.963054	0.010436	0.000000	0.000000	0.000000
285	0.000000	0.000000	0.000000	0.026393	0.963118	0.010489	0.000000	0.000000	0.000000
286	0.000000	0.000000	0.000000	0.026511	0.962874	0.010615	0.000000	0.000000	0.000000
287	0.000000	0.000000	0.000000	0.026412	0.963083	0.010505	0.000000	0.000000	0.000000
288	0.000000	0.000000	0.000000	0.026649	0.962949	0.010402	0.000000	0.000000	0.000000
289	0.000000	0.000000	0.000000	0.026563	0.963058	0.010379	0.000000	0.000000	0.000000
290	0.000000	0.000000	0.000000	0.026689	0.962801	0.010510	0.000000	0.000000	0.000000
291	0.000000	0.000000	0.000000	0.026575	0.962963	0.010462	0.000000	0.000000	0.000000
292	0.000000	0.000000	0.000000	0.026699	0.962850	0.010451	0.000000	0.000000	0.000000
293	0.000000	0.000000	0.000000	0.026751	0.962747	0.010502	0.000000	0.000000	0.000000
294	0.000000	0.000000	0.000000	0.027032	0.962452	0.010516	0.000000	0.000000	0.000000
295	0.000000	0.000000	0.000000	0.027256	0.962261	0.010483	0.000000	0.000000	0.000000
296	0.000000	0.000000	0.000000	0.027266	0.962194	0.010540	0.000000	0.000000	0.000000
297	0.000000	0.000000	0.000000	0.027049	0.962400	0.010551	0.000000	0.000000	0.000000
298	0.000000	0.000000	0.000000	0.027110	0.962210	0.010680	0.000000	0.000000	0.000000
299	0.000000	0.000000	0.000000	0.027015	0.962427	0.010558	0.000000	0.000000	0.000000
300	0.000000	0.000000	0.000000	0.027043	0.962325	0.010632	0.000000	0.000000	0.000000
301	0.000000	0.000000	0.000000	0.027155	0.962239	0.010606	0.000000	0.000000	0.000000
302	0.000000	0.000000	0.000000	0.027112	0.962179	0.010709	0.000000	0.000000	0.000000
303	0.000000	0.000000	0.000000	0.027115	0.962088	0.010797	0.000000	0.000000	0.000000
304	0.000000	0.000000	0.000000	0.027160	0.962031	0.010809	0.000000	0.000000	0.000000
305	0.000000	0.000000	0.000000	0.027066	0.962187	0.010747	0.000000	0.000000	0.000000
306	0.000000	0.000000	0.000000	0.027198	0.962085	0.010717	0.000000	0.000000	0.000000
307	0.000000	0.000000	0.000000	0.027466	0.961948	0.010586	0.000000	0.000000	0.000000
308	0.000000	0.000000	0.000000	0.027294	0.962018	0.010688	0.000000	0.000000	0.000000
309	0.000000	0.000000	0.000000	0.027287	0.961996	0.010717	0.000000	0.000000	0.000000
310	0.000000	0.000000	0.000000	0.027079	0.962174	0.010747	0.000000	0.000000	0.000000
311	0.000000	0.000000	0.000000	0.027184	0.962043	0.010773	0.000000	0.000000	0.000000
312	0.000000	0.000000	0.000000	0.027055	0.962198	0.010747	0.000000	0.000000	0.000000
313	0.000000	0.000000	0.000000	0.027246	0.962045	0.010709	0.000000	0.000000	0.000000
314	0.000000	0.000000	0.000000	0.027198	0.961905	0.010897	0.000000	0.000000	0.000000
315	0.000000	0.000000	0.000000	0.027133	0.961888	0.010979	0.000000	0.000000	0.000000
316	0.000000	0.000000	0.000000	0.026943	0.962070	0.010987	0.000000	0.000000	0.000000
317	0.000000	0.000000	0.000000	0.026750	0.962375	0.010875	0.000000	0.000000	0.000000
318	0.000000	0.000000	0.000000	0.026722	0.962325	0.010953	0.000000	0.000000	0.000000
319	0.000000	0.000000	0.000000	0.026580	0.962564	0.010856	0.000000	0.000000	0.000000
320	0.000000	0.000000	0.000000	0.026522	0.962562	0.010916	0.000000	0.000000	0.000000
321	0.000000	0.000000	0.000000	0.026701	0.962520	0.010779	0.000000	0.000000	0.000000
322	0.000000	0.000000	0.000000	0.026700	0.962385	0.010915	0.000000	0.000000	0.000000
323	0.000000	0.000000	0.000000	0.026573	0.962552	0.010875	0.000000	0.000000	0.000000
324	0.000000	0.000000	0.000000	0.026537	0.962633	0.010830	0.000000	0.000000	0.000000
325	0.000000	0.000000	0.000000	0.026621	0.962489	0.010890	0.000000	0.000000	0.000000
326	0.000000	0.000000	0.000000	0.026662	0.962494	0.010844	0.000000	0.000000	0.000000
327	0.000000	0.000000	0.000000	0.026737	0.962421	0.010842	0.000000	0.000000	0.000000
328	0.000000	0.000000	0.000000	0.026823	0.962245	0.010932	0.000000	0.000000	0.000000
329	0.000000	0.000000	0.000000	0.026557	0.962488	0.010955	0.000000	0.000000	0.000000
330	0.000000	0.000000	0.000000	0.026385	0.962576	0.011039	0.000000	0.000000	0.000000
331	0.000000	0.000000	0.000000	0.026351	0.962654	0.010995	0.000000	0.000000	0.000000
332	0.000000	0.000000	0.000000	0.026432	0.962448	0.011120	0.000000	0.000000	0.000000
333	0.000000	0.000000	0.000000	0.026564	0.962450	0.010986	0.000000	0.000000	0.000000
334	0.000000	0.000000	0.000000	0.026399	0.962609	0.010992	0.000000	0.000000	0.000000
335	0.000000	0.000000	0.000000	0.026388	0.962589	0.011023	0.000000	0.000000	0.000000
336	0.000000	0.000000	0.000000	0.026316	0.962693	0.010991	0.000000	0.000000	0.000000
337	0.000000	0.000000	0.000000	0.026307	0.962678	0.011015	0.000000	0.000000	0.000000
338	0.000000	0.000000	0.000000	0.026179	0.962687	0.011134	0.000000	0.000000	0.000000
339	0.000000	0.000000	0.000000	0.026107	0.962709	0.011184	0.000000	0.000000	0.000000
340	0.000000	0.000000	0.000000	0.026189	0.962716	0.011095	0.000000	0.000000	0.000000
341	0.000000	0.000000	0.000000	0.026180	0.962671	0.011149	0.000000	0.000000	0.000000
342	0.000000	0.000000	0.000000	0.026106	0.962708	0.011186	0.000000	0.000000	0.000000
343	0.000000	0.000000	0.000000	0.026282	0.962379	0.011339	0.000000	0.000000	0.000000
344	0.000000	0.000000	0.000000	0.026248	0.962639	0.011113	0.000000	0.000000	0.000000
345	0.000000	0.000000	0.000000	0.026182	0.962585	0.011233	0.000000	0.000000	0.000000
346	0.000000	0.000000	0.000000	0.026351	0.962449	0.011200	0.000000	0.000000	0.000000
347	0.000000	0.000000	0.000000	0.026336	0.962496	0.011168	0.000000	0.000000	0.000000
348	0.000000	0.000000	0.000000	0.026488	0.962339	0.011173	0.000000	0.000000	0.000000
349	0.000000	0.000000	0.000000	0.026506	0.962245	0.011249	0.000000	0.000000	0.000000
350	0.000000	0.000000	0.000000	0.026468	0.962196	0.011336	0.000000	0.000000	0.000000
351	0.000000	0.000000	0.000000	0.026484	0.962100	0.011416	0.000000	0.000000	0.000000
352	0.000000	0.000000	0.000000	0.026295	0.962325	0.011380	0.000000	0.000000	0.000000
353	0.000000	0.000000	0.000000	0.026532	0.962071	0.011397	0.000000	0.000000	0.000000
354	0.000000	0.000000	0.000000	0.026389	0.962143	0.011468	0.000000	0.000000	0.000000
355	0.000000	0.000000	0.000000	0.026451	0.961929	0.011620	0.000000	0.000000	0.000000
356	0.000000	0.000000	0.000000	0.026551	0.961880	0.011569	0.000000	0.000000	0.000000
357	0.000000	0.000000	0.000000	0.026653	0.961730	0.011617	0.000000	0.000000	0.000000
358	0.000000	0.000000	0.000000	0.026493	0.961931	0.011576	0.000000	0.000000	0.000000
359	0.000000	0.000000	0.000000	0.026452	0.961913	0.011635	0.000000	0.000000	0.000000
360	0.000000	0.000000	0.000000	0.026618	0.961691	0.011691	0.000000	0.000000	0.000000
361	0.000000	0.000000	0.000000	0.026758	0.961786	0.011456	0.000000	0.000000	0.000000
362	0.000000	0.000000	0.000000	0.026606	0.961835	0.011559	0.000000	0.000000	0.000000
363	0.000000	0.000000	0.000000	0.026608	0.961835	0.011557	0.000000	0.000000	0.000000
364	0.000000	0.000000	0.000000	0.026614	0.961900	0.011486	0.000000	0.000000	0.000000
365	0.000000	0.000000	0.000000	0.026819	0.961804	0.011377	0.000000	0.000000	0.000000
366	0.000000	0.000000	0.000000	0.026907	0.961600	0.011493	0.000000	0.000000	0.000000
367	0.000000	0.000000	0.000000	0.026934	0.961365	0.011701	0.000000	0.000000	0.000000
368	0.000000	0.000000	0.000000	0.026813	0.961498	0.011689	0.000000	0.000000	0.000000
369	0.000000	0.000000	0.000000	0.026809	0.961590	0.011601	0.000000	0.000000	0.000000
370	0.000000	0.000000	0.000000	0.026861	0.961604	0.011535	0.000000	0.000000	0.000000
371	0.000000	0.000000	0.000000	0.026998	0.961483	0.011519	0.000000	0.000000	0.000000
372	0.000000	0.000000	0.000000	0.026746	0.961749	0.011505	0.000000	0.000000	0.000000
373	0.000000	0.000000	0.000000	0.026723	0.961705	0.011572	0.000000	0.000000	0.000000
374	0.000000	0.000000	0.000000	0.026767	0.961653	0.011580	0.000000	0.000000	0.000000
375	0.000000	0.000000	0.000000	0.026605	0.961978	0.011417	0.000000	0.000000	0.000000
376	0.000000	0.000000	0.000000	0.026651	0.961948	0.011401	0.000000	0.000000	0.000000
377	0.000000	0.000000	0.000000	0.026836	0.961769	0.011395	0.000000	0.000000	0.000000
378	0.000000	0.000000	0.000000	0.026889	0.961742	0.011369	0.000000	0.000000	0.000000
379	0.000000	0.000000	0.000000	0.026944	0.961562	0.011494	0.000000	0.000000	0.000000
380	0.000000	0.000000	0.000000	0.027056	0.961501	0.011443	0.000000	0.000000	0.000000
381	0.000000	0.000000	0.000000	0.027025	0.961549	0.011426	0.000000	0.000000	0.000000
382	0.000000	0.000000	0.000000	0.026874	0.961552	0.011574	0.000000	0.000000	0.000000
383	0.000000	0.000000	0.000000	0.027092	0.961302	0.011606	0.000000	0.000000	0.000000
384	0.000000	0.000000	0.000000	0.026865	0.961596	0.011539	0.000000	0.000000	0.000000
385	0.000000	0.000000	0.000000	0.026914	0.961600	0.011486	0.000000	0.000000	0.000000
386	0.000000	0.000000	0.000000	0.026824	0.961811	0.011365	0.000000	0.000000	0.000000
387	0.000000	0.000000	0.000000	0.026690	0.961917	0.011393	0.000000	0.000000	0.000000
388	0.000000	0.000000	0.000000	0.026782	0.961796	0.011422	0.000000	0.000000	0.000000
389	0.000000	0.000000	0.000000	0.026654	0.961921	0.011425	0.000000	0.000000	0.000000
390	0.000000	0.000000	0.000000	0.026594	0.961911	0.011495	0.000000	0.000000	0.000000
391	0.000000	0.000000	0.000000	0.026720	0.961721	0.011559	0.000000	0.000000	0.000000
392	0.000000	0.000000	0.000000	0.026719	0.961645	0.011636	0.000000	0.000000	0.000000
393	0.000000	0.000000	0.000000	0.026703	0.961753	0.011544	0.000000	0.000000	0.000000
394	0.000000	0.000000	0.000000	0.026707	0.961792	0.011501	0.000000	0.000000	0.000000
395	0.000000	0.000000	0.000000	0.026541	0.961916	0.011543	0.000000	0.000000	0.000000
396	0.000000	0.000000	0.000000	0.026631	0.961997	0.011372	0.000000	0.000000	0.000000
397	0.000000	0.000000	0.000000	0.026616	0.961978	0.011406	0.000000	0.000000	0.000000
398	0.000000	0.000000	0.000000	0.026462	0.962069	0.011469	0.000000	0.000000	0.000000
399	0.000000	0.000000	0.000000	0.026490	0.962201	0.011309	0.000000	0.000000	0.000000
400	0.000000	0.000000	0.000000	0.026559	0.962057	0.011384	0.000000	0.000000	0.000000
401	0.000000	0.000000	0.000000	0.026548	0.961916	0.011536	0.000000	0.000000	0.000000
402	0.000000	0.000000	0.000000	0.026411	0.962207	0.011382	0.000000	0.000000	0.000000
403	0.000000	0.000000	0.000000	0.026552	0.962066	0.011382	0.000000	0.000000	0.000000
404	0.000000	0.000000	0.000000	0.026548	0.962138	0.011314	0.000000	0.000000	0.000000
405	0.000000	0.000000	0.000000	0.026506	0.962071	0.011423	0.000000	0.000000	0.000000
406	0.000000	0.000000	0.000000	0.026491	0.962018	0.011491	0.000000	0.000000	0.000000
407	0.000000	0.000000	0.000000	0.026381	0.962138	0.011481	0.000000	0.000000	0.000000
408	0.000000	0.000000	0.000000	0.026217	0.962313	0.011470	0.000000	0.000000	0.000000
409	0.000000	0.000000	0.000000	0.026404	0.962205	0.011391	0.000000	0.000000	0.000000
410	0.000000	0.000000	0.000000	0.026694	0.961904	0.011402	0.000000	0.000000	0.000000
411	0.000000	0.000000	0.000000	0.026644	0.961946	0.011410	0.000000	0.000000	0.000000
412	0.000000	0.000000	0.000000	0.026608	0.961902	0.011490	0.000000	0.000000	0.000000
413	0.000000	0.000000	0.000000	0.026479	0.961956	0.011565	0.000000	0.000000	0.000000
414	0.000000	0.000000	0.000000	0.026581	0.961900	0.011519	0.000000	0.000000	0.000000
415	0.000000	0.000000	0.000000	0.026628	0.961919	0.011453	0.000000	0.000000	0.000000
416	0.000000	0.000000	0.000000	0.026738	0.961763	0.011499	0.000000	0.000000	0.000000
417	0.000000	0.000000	0.000000	0.026730	0.961862	0.011408	0.000000	0.000000	0.000000
418	0.000000	0.000000	0.000000	0.026941	0.961563	0.011496	0.000000	0.000000	0.000000
419	0.000000	0.000000	0.000000	0.026870	0.961861	0.011269	0.000000	0.000000	0.000000
420	0.000000	0.000000	0.000000	0.027057	0.961596	0.011347	0.000000	0.000000	0.000000
421	0.000000	0.000000	0.000000	0.027118	0.961386	0.011496	0.000000	0.000000	0.000000
422	0.000000	0.000000	0.000000	0.027227	0.961395	0.011378	0.000000	0.000000	0.000000
423	0.000000	0.000000	0.000000	0.027140	0.961417	0.011443	0.000000	0.000000	0.000000
424	0.000000	0.000000	0.000000	0.027138	0.961366	0.011496	0.000000	0.000000	0.000000
425	0.000000	0.000000	0.000000	0.027018	0.961374	0.011608	0.000000	0.000000	0.000000
426	0.000000	0.000000	0.000000	0.027049	0.961385	0.011566	0.000000	0.000000	0.000000
427	0.000000	0.000000	0.000000	0.027093	0.961436	0.011471	0.000000	0.000000	0.000000
428	0.000000	0.000000	0.000000	0.027073	0.961391	0.011536	0.000000	0.000000	0.000000
429	0.000000	0.000000	0.000000	0.027034	0.961350	0.011616	0.000000	0.000000	0.000000
430	0.000000	0.000000	0.000000	0.027248	0.961230	0.011522	0.000000	0.000000	0.000000
431	0.000000	0.000000	0.000000	0.027412	0.961040	0.011548	0.000000	0.000000	0.000000
432	0.000000	0.000000	0.000000	0.027479	0.960975	0.011546	0.000000	0.000000	0.000000
433	0.000000	0.000000	0.000000	0.027588	0.960773	0.011639	0.000000	0.000000	0.000000
434	0.000000	0.000000	0.000000	0.027530	0.960853	0.011617	0.000000	0.000000	0.000000
435	0.000000	0.000000	0.000000	0.027611	0.960651	0.011738	0.000000	0.000000	0.000000
436	0.000000	0.000000	0.000000	0.027379	0.960958	0.011663	0.000000	0.000000	0.000000
437	0.000000	0.000000	0.000000	0.027286	0.961077	0.011637	0.000000	0.000000	0.000000
438	0.000000	0.000000	0.000000	0.027245	0.961151	0.011604	0.000000	0.000000	0.000000
439	0.000000	0.000000	0.000000	0.027359	0.961043	0.011598	0.000000	0.000000	0.000000
440	0.000000	0.000000	0.000000	0.027323	0.961049	0.011628	0.000000	0.000000	0.000000
441	0.000000	0.000000	0.000000	0.027405	0.961175	0.011420	0.000000	0.000000	0.000000
442	0.000000	0.000000	0.000000	0.027336	0.961121	0.011543	0.000000	0.000000	0.000000
443	0.000000	0.000000	0.000000	0.027422	0.961185	0.011393	0.000000	0.000000	0.000000
444	0.000000	0.000000	0.000000	0.027370	0.961249	0.011381	0.000000	0.000000	0.000000
445	0.000000	0.000000	0.000000	0.027553	0.961052	0.011395	0.000000	0.000000	0.000000
446	0.000000	0.000000	0.000000	0.027698	0.960880	0.011422	0.000000	0.000000	0.000000
447	0.000000	0.000000	0.000000	0.027653	0.960952	0.011395	0.000000	0.000000	0.000000
448	0.000000	0.000000	0.000000	0.027587	0.960970	0.011443	0.000000	0.000000	0.000000
449	0.000000	0.000000	0.000000	0.027712	0.960881	0.011407	0.000000	0.000000	0.000000
450	0.000000	0.000000	0.000000	0.027797	0.960713	0.011490	0.000000	0.000000	0.000000
451	0.000000	0.000000	0.000000	0.027632	0.961050	0.011318	0.000000	0.000000	0.000000
452	0.000000	0.000000	0.000000	0.027574	0.961077	0.011349	0.000000	0.000000	0.000000
453	0.000000	0.000000	0.000000	0.027496	0.961155	0.011349	0.000000	0.000000	0.000000
454	0.000000	0.000000	0.000000	0.027321	0.961276	0.011403	0.000000	0.000000	0.000000
455	0.000000	0.000000	0.000000	0.027623	0.960893	0.011484	0.000000	0.000000	0.000000
456	0.000000	0.000000	0.000000	0.027749	0.960881	0.011370	0.000000	0.000000	0.000000
457	0.000000	0.000000	0.000000	0.027741	0.960753	0.011506	0.000000	0.000000	0.000000
458	0.000000	0.000000	0.000000	0.027771	0.960683	0.011546	0.000000	0.000000	0.000000
459	0.000000	0.000000	0.000000	0.027852	0.960611	0.011537	0.000000	0.000000	0.000000
460	0.000000	0.000000	0.000000	0.027791	0.960828	0.011381	0.000000	0.000000	0.000000
461	0.000000	0.000000	0.000000	0.027829	0.960696	0.011475	0.000000	0.000000	0.000000
462	0.000000	0.000000	0.000000	0.027865	0.960544	0.011591	0.000000	0.000000	0.000000
463	0.000000	0.000000	0.000000	0.027896	0.960573	0.011531	0.000000	0.000000	0.000000
464	0.000000	0.000000	0.000000	0.027843	0.960566	0.011591	0.000000	0.000000	0.000000
465	0.000000	0.000000	0.000000	0.027878	0.960511	0.011611	0.000000	0.000000	0.000000
466	0.000000	0.000000	0.000000	0.027860	0.960600	0.011540	0.000000	0.000000	0.000000
467	0.000000	0.000000	0.000000	0.027785	0.960722	0.011493	0.000000	0.000000	0.000000
468	0.000000	0.000000	0.000000	0.027766	0.960827	0.011407	0.000000	0.000000	0.000000
469	0.000000	0.000000	0.000000	0.027688	0.960988	0.011324	0.000000	0.000000	0.000000
470	0.000000	0.000000	0.000000	0.027612	0.961119	0.011269	0.000000	0.000000	0.000000
