0	0.290663	0.057897	0.229473	0.157588	0.029913	0.111872	0.085455	0.012259	0.024880
1	0.234621	0.048648	0.202484	0.139438	0.028306	0.118786	0.116657	0.022535	0.088525
2	0.237305	0.048479	0.203894	0.133175	0.028895	0.114707	0.115045	0.022104	0.096396
3	0.245694	0.048964	0.207581	0.128018	0.029701	0.109043	0.110101	0.020901	0.099997
4	0.255254	0.049303	0.210888	0.123306	0.030876	0.103694	0.104965	0.019572	0.102142
5	0.265783	0.049985	0.213509	0.118986	0.031986	0.097803	0.099622	0.018334	0.103992
6	0.275966	0.050152	0.215485	0.114879	0.033358	0.092726	0.094936	0.016995	0.105503
7	0.286229	0.050174	0.217806	0.110506	0.034702	0.087677	0.089916	0.015674	0.107316
8	0.296210	0.050556	0.219349	0.106465	0.035970	0.083147	0.084714	0.014559	0.109030
9	0.306001	0.050405	0.221430	0.102600	0.037296	0.078174	0.080359	0.013451	0.110284
10	0.315622	0.050278	0.222523	0.098398	0.039102	0.073541	0.076188	0.012607	0.111741
11	0.325306	0.050047	0.223483	0.094807	0.040797	0.069024	0.072300	0.011593	0.112643
12	0.334567	0.049681	0.224389	0.091714	0.042107	0.065010	0.067863	0.010878	0.113791
13	0.343989	0.049498	0.224575	0.088000	0.044242	0.060689	0.064027	0.010080	0.114900
14	0.352508	0.049151	0.224839	0.084413	0.045961	0.056776	0.060504	0.009471	0.116377
15	0.360673	0.048734	0.224380	0.081433	0.047803	0.053390	0.057379	0.008644	0.117564
16	0.369473	0.048357	0.224116	0.078363	0.049831	0.050290	0.053854	0.007934	0.117782
17	0.378044	0.048153	0.223370	0.075243	0.051640	0.047075	0.050586	0.007392	0.118497
18	0.385646	0.047747	0.222643	0.072095	0.053756	0.044449	0.047721	0.006884	0.119059
19	0.393973	0.046884	0.222157	0.069177	0.055831	0.041646	0.044860	0.006449	0.119023
20	0.401618	0.046326	0.221458	0.066042	0.058020	0.038865	0.041653	0.005917	0.120101
21	0.408212	0.046066	0.219853	0.063531	0.060338	0.036739	0.039336	0.005577	0.120348
22	0.414690	0.045450	0.219204	0.061149	0.062796	0.034410	0.036724	0.005152	0.120425
23	0.420812	0.044876	0.217482	0.058470	0.065380	0.032818	0.034846	0.004909	0.120407
24	0.426560	0.044450	0.216082	0.056270	0.068017	0.031020	0.032660	0.004437	0.120504
25	0.432399	0.043775	0.214659	0.053933	0.070761	0.029471	0.030851	0.004070	0.120081
26	0.438289	0.043102	0.213620	0.051906	0.073140	0.027390	0.028818	0.003838	0.119897
27	0.443638	0.042341	0.211911	0.049853	0.075757	0.025676	0.027086	0.003514	0.120224
28	0.448706	0.041933	0.209533	0.047533	0.078972	0.024347	0.025639	0.003296	0.120041
29	0.454370	0.041179	0.206802	0.045624	0.082137	0.022987	0.024079	0.003078	0.119744
30	0.459010	0.040491	0.204409	0.043904	0.085782	0.021578	0.022502	0.002905	0.119419
31	0.463038	0.039685	0.202596	0.042098	0.089187	0.020628	0.021224	0.002681	0.118863
32	0.466765	0.039280	0.200146	0.040529	0.093004	0.019455	0.019929	0.002462	0.118430
33	0.470234	0.038438	0.198078	0.039143	0.096725	0.018334	0.018529	0.002334	0.118185
34	0.473451	0.037729	0.196052	0.037579	0.100780	0.017355	0.017243	0.002088	0.117723
35	0.476161	0.037230	0.193919	0.036195	0.105008	0.016679	0.016072	0.001902	0.116834
36	0.478646	0.036533	0.191498	0.035168	0.109270	0.015824	0.015037	0.001798	0.116226
37	0.481198	0.035854	0.189876	0.033985	0.113399	0.015166	0.014088	0.001616	0.114818
38	0.483393	0.035105	0.187890	0.033042	0.117559	0.014534	0.013080	0.001432	0.113965
39	0.485968	0.034287	0.185089	0.031968	0.121701	0.013721	0.012277	0.001406	0.113583
40	0.487932	0.033721	0.182593	0.030921	0.126300	0.013126	0.011592	0.001305	0.112510
41	0.488773	0.033038	0.180850	0.030097	0.131324	0.012557	0.010734	0.001190	0.111437
42	0.490763	0.032392	0.178681	0.029263	0.135787	0.012182	0.010051	0.001114	0.109767
43	0.491467	0.031728	0.176323	0.028461	0.140796	0.011672	0.009564	0.001042	0.108947
44	0.492633	0.030917	0.174101	0.027608	0.146262	0.011103	0.008845	0.000939	0.107592
45	0.493672	0.030197	0.171921	0.026978	0.151309	0.010537	0.008222	0.000851	0.106313
46	0.494753	0.029571	0.169290	0.026243	0.156629	0.010122	0.007753	0.000805	0.104834
47	0.495719	0.028697	0.166933	0.025647	0.161770	0.009718	0.007282	0.000731	0.103503
48	0.496167	0.028224	0.164260	0.024939	0.167412	0.009357	0.006666	0.000657	0.102318
49	0.496655	0.027482	0.161532	0.024318	0.173233	0.008983	0.006152	0.000582	0.101063
50	0.496795	0.027122	0.158848	0.023548	0.179033	0.008699	0.005786	0.000558	0.099611
51	0.496615	0.026460	0.156161	0.023529	0.184937	0.008279	0.005301	0.000534	0.098184
52	0.496397	0.025723	0.153910	0.022999	0.191012	0.007925	0.004926	0.000496	0.096612
53	0.496038	0.025223	0.151098	0.022539	0.197312	0.007761	0.004644	0.000442	0.094943
54	0.494650	0.024793	0.149029	0.022241	0.203882	0.007532	0.004441	0.000369	0.093063
55	0.493095	0.024239	0.146720	0.021620	0.210830	0.007411	0.004065	0.000350	0.091670
56	0.491696	0.023573	0.144553	0.021183	0.217660	0.007094	0.003732	0.000307	0.090202
57	0.489817	0.023215	0.142099	0.021001	0.224884	0.006917	0.003437	0.000285	0.088345
58	0.487888	0.022674	0.139784	0.020529	0.232568	0.006723	0.003255	0.000261	0.086318
59	0.486377	0.022255	0.137349	0.020396	0.239320	0.006456	0.003102	0.000214	0.084531
60	0.484740	0.021905	0.134454	0.020052	0.246560	0.006347	0.002876	0.000192	0.082874
61	0.483034	0.021360	0.132057	0.019845	0.253707	0.006182	0.002670	0.000174	0.080971
62	0.480814	0.020678	0.129415	0.019467	0.261534	0.006041	0.002436	0.000169	0.079446
63	0.478911	0.020055	0.127341	0.019186	0.268600	0.005925	0.002235	0.000168	0.077579
64	0.476185	0.019220	0.124745	0.018968	0.276674	0.005798	0.002130	0.000148	0.076132
65	0.473357	0.018861	0.122680	0.018606	0.284503	0.005729	0.001951	0.000136	0.074177
66	0.470405	0.018225	0.120360	0.018508	0.292409	0.005581	0.001809	0.000130	0.072573
67	0.466979	0.017717	0.118446	0.018299	0.300629	0.005316	0.001742	0.000128	0.070744
68	0.463558	0.017396	0.116270	0.018180	0.308366	0.005295	0.001615	0.000124	0.069196
69	0.459962	0.016687	0.114267	0.017867	0.317163	0.005189	0.001452	0.000117	0.067296
70	0.456223	0.016223	0.112012	0.017752	0.326193	0.004997	0.001330	0.000104	0.065166
71	0.453269	0.015778	0.109288	0.017466	0.334747	0.004944	0.001226	0.000088	0.063194
72	0.448948	0.015130	0.107478	0.017161	0.343503	0.004865	0.001124	0.000073	0.061718
73	0.444813	0.014686	0.105461	0.016945	0.352494	0.004754	0.001024	0.000069	0.059754
74	0.440992	0.014305	0.103361	0.016993	0.361184	0.004711	0.000936	0.000061	0.057457
75	0.437482	0.013798	0.100906	0.016707	0.369458	0.004625	0.000866	0.000051	0.056107
76	0.433070	0.013208	0.099171	0.016650	0.378288	0.004453	0.000761	0.000037	0.054362
77	0.428481	0.012720	0.096988	0.016626	0.387020	0.004406	0.000717	0.000047	0.052995
78	0.424491	0.012289	0.094668	0.016345	0.396020	0.004374	0.000683	0.000040	0.051090
79	0.419532	0.011996	0.092439	0.016268	0.405110	0.004301	0.000650	0.000036	0.049668
80	0.415076	0.011622	0.090274	0.016362	0.413603	0.004239	0.000600	0.000036	0.048188
81	0.410194	0.011328	0.088700	0.016236	0.422376	0.004228	0.000574	0.000030	0.046334
82	0.404956	0.011005	0.086573	0.016252	0.431675	0.004161	0.000473	0.000026	0.044879
83	0.399448	0.010506	0.084686	0.016136	0.441478	0.004089	0.000443	0.000022	0.043192
84	0.394193	0.010058	0.083315	0.016065	0.450404	0.003989	0.000413	0.000023	0.041540
85	0.389213	0.009639	0.081063	0.016079	0.459574	0.003950	0.000381	0.000024	0.040077
86	0.383096	0.009297	0.079376	0.016026	0.469088	0.003957	0.000365	0.000024	0.038771
87	0.377479	0.009003	0.077750	0.015941	0.478175	0.003886	0.000332	0.000019	0.037415
88	0.372475	0.008720	0.076058	0.015799	0.486724	0.003948	0.000330	0.000017	0.035929
89	0.366615	0.008292	0.074471	0.015583	0.496444	0.003869	0.000298	0.000015	0.034413
90	0.361194	0.008040	0.072928	0.015578	0.505246	0.003757	0.000277	0.000018	0.032962
91	0.355459	0.007790	0.071431	0.015605	0.514161	0.003685	0.000232	0.000010	0.031627
92	0.349822	0.007488	0.069575	0.015503	0.523289	0.003636	0.000206	0.000011	0.030470
93	0.344203	0.007288	0.067978	0.015474	0.532051	0.003631	0.000190	0.000014	0.029171
94	0.338009	0.006898	0.066519	0.015484	0.541397	0.003576	0.000169	0.000017	0.027931
95	0.332389	0.006612	0.064786	0.015378	0.550215	0.003591	0.000171	0.000013	0.026845
96	0.326601	0.006351	0.062959	0.015367	0.559310	0.003538	0.000153	0.000010	0.025711
97	0.320006	0.006105	0.061682	0.015330	0.568426	0.003530	0.000140	0.000008	0.024773
98	0.314267	0.005808	0.060197	0.015283	0.577071	0.003505	0.000116	0.000008	0.023745
99	0.308011	0.005548	0.058728	0.015278	0.586125	0.003466	0.000114	0.000004	0.022726
100	0.301868	0.005405	0.056974	0.015151	0.595103	0.003544	0.000097	0.000005	0.021853
101	0.296442	0.005194	0.055484	0.015023	0.603607	0.003528	0.000093	0.000007	0.020622
102	0.290535	0.004962	0.054077	0.015071	0.611930	0.003522	0.000086	0.000003	0.019814
103	0.284124	0.004767	0.052774	0.015041	0.620863	0.003499	0.000085	0.000000	0.018847
104	0.277865	0.004566	0.051371	0.015024	0.629540	0.003497	0.000056	0.000001	0.018080
105	0.271758	0.004443	0.050286	0.015078	0.637812	0.003475	0.000060	0.000002	0.017086
106	0.266036	0.004258	0.048787	0.015030	0.646049	0.003550	0.000036	0.000001	0.016253
107	0.260022	0.004127	0.047250	0.014972	0.654668	0.003447	0.000035	0.000000	0.015479
108	0.254425	0.003834	0.045712	0.014981	0.662914	0.003495	0.000029	0.000000	0.014610
109	0.248926	0.003710	0.044035	0.014972	0.670993	0.003494	0.000026	0.000000	0.013844
110	0.243411	0.003692	0.042610	0.014972	0.678751	0.003494	0.000022	0.000000	0.013048
111	0.237713	0.003523	0.041428	0.014755	0.686621	0.003517	0.000025	0.000000	0.012418
112	0.232149	0.003416	0.040195	0.014622	0.694359	0.003510	0.000022	0.000000	0.011727
113	0.225736	0.003300	0.039178	0.014615	0.702567	0.003422	0.000025	0.000000	0.011157
114	0.220439	0.003146	0.038222	0.014602	0.709453	0.003466	0.000022	0.000000	0.010650
115	0.214891	0.002995	0.037134	0.014641	0.716554	0.003506	0.000021	0.000000	0.010258
116	0.209758	0.002851	0.036181	0.014453	0.723577	0.003464	0.000016	0.000000	0.009700
117	0.204183	0.002776	0.034857	0.014469	0.731046	0.003473	0.000018	0.000000	0.009178
118	0.198485	0.002605	0.033785	0.014490	0.738607	0.003434	0.000011	0.000000	0.008583
119	0.193378	0.002374	0.032669	0.014448	0.745518	0.003395	0.000007	0.000000	0.008211
120	0.188370	0.002331	0.031857	0.014447	0.752046	0.003297	0.000006	0.000000	0.007646
121	0.183693	0.002193	0.030822	0.014425	0.758341	0.003313	0.000006	0.000000	0.007207
122	0.178599	0.002104	0.029859	0.014477	0.764861	0.003359	0.000006	0.000000	0.006735
123	0.173418	0.001918	0.028857	0.014395	0.771717	0.003269	0.000004	0.000000	0.006422
124	0.168534	0.001881	0.027866	0.014439	0.778057	0.003280	0.000003	0.000000	0.005940
125	0.163863	0.001754	0.026896	0.014448	0.784146	0.003295	0.000002	0.000000	0.005596
126	0.159089	0.001673	0.026014	0.014448	0.790255	0.003238	0.000002	0.000000	0.005281
127	0.154547	0.001621	0.025300	0.014436	0.795964	0.003188	0.000002	0.000000	0.004942
128	0.149941	0.001569	0.024236	0.014554	0.801837	0.003143	0.000002	0.000000	0.004718
129	0.145580	0.001477	0.023598	0.014571	0.807208	0.003197	0.000004	0.000000	0.004365
130	0.141262	0.001401	0.022737	0.014455	0.812777	0.003292	0.000001	0.000000	0.004075
131	0.136681	0.001315	0.022002	0.014415	0.818577	0.003261	0.000003	0.000000	0.003746
132	0.132276	0.001241	0.021155	0.014282	0.824184	0.003235	0.000001	0.000000	0.003626
133	0.128278	0.001228	0.020541	0.014260	0.829118	0.003170	0.000001	0.000000	0.003404
134	0.124264	0.001165	0.019992	0.014389	0.833772	0.003286	0.000000	0.000000	0.003132
135	0.120145	0.001152	0.019423	0.014498	0.838581	0.003202	0.000000	0.000000	0.002999
136	0.116006	0.001101	0.018840	0.014435	0.843665	0.003114	0.000000	0.000000	0.002839
137	0.112180	0.001079	0.018289	0.014369	0.848303	0.003179	0.000000	0.000000	0.002601
138	0.108572	0.001004	0.017480	0.014462	0.852841	0.003218	0.000000	0.000000	0.002423
139	0.104938	0.000976	0.016939	0.014327	0.857382	0.003159	0.000000	0.000000	0.002279
140	0.101554	0.000914	0.016455	0.014275	0.861528	0.003168	0.000000	0.000000	0.002106
141	0.098323	0.000885	0.015799	0.014257	0.865584	0.003162	0.000000	0.000000	0.001990
142	0.094891	0.000825	0.015168	0.014309	0.869837	0.003119	0.000000	0.000000	0.001851
143	0.091310	0.000803	0.014686	0.014360	0.874023	0.003098	0.000000	0.000000	0.001720
144	0.088155	0.000773	0.014115	0.014334	0.878009	0.003074	0.000000	0.000000	0.001540
145	0.085042	0.000719	0.013503	0.014347	0.881812	0.003128	0.000000	0.000000	0.001449
146	0.081922	0.000655	0.013065	0.014240	0.885655	0.003114	0.000000	0.000000	0.001349
147	0.079058	0.000615	0.012573	0.014389	0.888953	0.003141	0.000000	0.000000	0.001271
148	0.076332	0.000585	0.012067	0.014459	0.892221	0.003127	0.000000	0.000000	0.001209
149	0.073860	0.000559	0.011541	0.014532	0.895364	0.003019	0.000000	0.000000	0.001125
150	0.071133	0.000538	0.011082	0.014573	0.898582	0.002996	0.000000	0.000000	0.001096
151	0.068491	0.000534	0.010617	0.014451	0.901935	0.002963	0.000000	0.000000	0.001009
152	0.065832	0.000494	0.010276	0.014522	0.904948	0.002950	0.000000	0.000000	0.000978
153	0.063449	0.000456	0.009822	0.014508	0.907938	0.002920	0.000000	0.000000	0.000907
154	0.060976	0.000448	0.009398	0.014533	0.910731	0.003016	0.000000	0.000000	0.000898
155	0.058697	0.000428	0.009038	0.014746	0.913337	0.002985	0.000000	0.000000	0.000769
156	0.056532	0.000403	0.008834	0.014682	0.915905	0.002908	0.000000	0.000000	0.000736
157	0.054247	0.000382	0.008529	0.014590	0.918735	0.002833	0.000000	0.000000	0.000684
158	0.052271	0.000373	0.008066	0.014746	0.921008	0.002894	0.000000	0.000000	0.000642
159	0.050180	0.000328	0.007791	0.014619	0.923550	0.002911	0.000000	0.000000	0.000621
160	0.048114	0.000310	0.007541	0.014575	0.925996	0.002819	0.000000	0.000000	0.000645
161	0.046064	0.000284	0.007169	0.014573	0.928397	0.002919	0.000000	0.000000	0.000594
162	0.044070	0.000236	0.006925	0.014568	0.930731	0.002937	0.000000	0.000000	0.000533
163	0.042301	0.000224	0.006551	0.014594	0.932889	0.002928	0.000000	0.000000	0.000513
164	0.040529	0.000227	0.006291	0.014583	0.934875	0.003015	0.000000	0.000000	0.000480
165	0.038981	0.000209	0.006013	0.014498	0.936749	0.003106	0.000000	0.000000	0.000444
166	0.037264	0.000188	0.005696	0.014555	0.938806	0.003082	0.000000	0.000000	0.000409
167	0.035617	0.000169	0.005463	0.014627	0.940632	0.003095	0.000000	0.000000	0.000397
168	0.034143	0.000157	0.005183	0.014585	0.942545	0.003020	0.000000	0.000000	0.000367
169	0.032820	0.000153	0.004947	0.014551	0.944155	0.003026	0.000000	0.000000	0.000348
170	0.031385	0.000133	0.004783	0.014563	0.945782	0.003039	0.000000	0.000000	0.000315
171	0.030107	0.000109	0.004627	0.014761	0.947002	0.003100	0.000000	0.000000	0.000294
172	0.028836	0.000116	0.004382	0.014769	0.948619	0.003022	0.000000	0.000000	0.000256
173	0.027520	0.000112	0.004157	0.014758	0.950219	0.002989	0.000000	0.000000	0.000245
174	0.026256	0.000113	0.003933	0.014788	0.951639	0.003037	0.000000	0.000000	0.000234
175	0.025076	0.000095	0.003711	0.014765	0.953095	0.003032	0.000000	0.000000	0.000226
176	0.023918	0.000100	0.003552	0.014942	0.954250	0.003051	0.000000	0.000000	0.000187
177	0.022636	0.000098	0.003352	0.014879	0.955846	0.003015	0.000000	0.000000	0.000174
178	0.021465	0.000090	0.003153	0.015085	0.957095	0.002968	0.000000	0.000000	0.000144
179	0.020509	0.000078	0.002977	0.014969	0.958305	0.003028	0.000000	0.000000	0.000134
180	0.019631	0.000083	0.002896	0.014870	0.959382	0.003030	0.000000	0.000000	0.000108
181	0.018798	0.000074	0.002669	0.014766	0.960597	0.002994	0.000000	0.000000	0.000102
182	0.017730	0.000067	0.002536	0.014696	0.961864	0.003013	0.000000	0.000000	0.000094
183	0.016887	0.000068	0.002412	0.014743	0.962799	0.003018	0.000000	0.000000	0.000073
184	0.016037	0.000067	0.002296	0.014626	0.963869	0.003035	0.000000	0.000000	0.000070
185	0.015215	0.000068	0.002247	0.014666	0.964771	0.002974	0.000000	0.000000	0.000059
186	0.014460	0.000071	0.002119	0.014648	0.965714	0.002930	0.000000	0.000000	0.000058
187	0.013761	0.000063	0.002028	0.014528	0.966554	0.003016	0.000000	0.000000	0.000050
188	0.013113	0.000057	0.001981	0.014497	0.967286	0.003017	0.000000	0.000000	0.000049
189	0.012504	0.000054	0.001890	0.014581	0.967912	0.003015	0.000000	0.000000	0.000044
190	0.011984	0.000044	0.001708	0.014621	0.968592	0.003017	0.000000	0.000000	0.000034
191	0.011373	0.000034	0.001646	0.014621	0.969311	0.002990	0.000000	0.000000	0.000025
192	0.010812	0.000036	0.001561	0.014677	0.969834	0.003060	0.000000	0.000000	0.000020
193	0.010297	0.000036	0.001452	0.014745	0.970367	0.003087	0.000000	0.000000	0.000016
194	0.009731	0.000036	0.001402	0.014815	0.970955	0.003046	0.000000	0.000000	0.000015
195	0.009124	0.000029	0.001312	0.014825	0.971661	0.003032	0.000000	0.000000	0.000017
196	0.008532	0.000036	0.001255	0.014790	0.972291	0.003087	0.000000	0.000000	0.000009
197	0.008071	0.000032	0.001165	0.014843	0.972812	0.003069	0.000000	0.000000	0.000008
198	0.007712	0.000023	0.001090	0.014833	0.973292	0.003047	0.000000	0.000000	0.000003
199	0.007205	0.000017	0.001026	0.014908	0.973752	0.003089	0.000000	0.000000	0.000003
200	0.006786	0.000014	0.000968	0.014916	0.974270	0.003044	0.000000	0.000000	0.000002
201	0.006358	0.000009	0.000915	0.014959	0.974753	0.003004	0.000000	0.000000	0.000002
202	0.006003	0.000012	0.000870	0.014996	0.975126	0.002993	0.000000	0.000000	0.000000
203	0.005649	0.000008	0.000781	0.015198	0.975383	0.002979	0.000000	0.000000	0.000002
204	0.005207	0.000007	0.000766	0.015056	0.975898	0.003065	0.000000	0.000000	0.000001
205	0.004898	0.000005	0.000732	0.015038	0.976210	0.003116	0.000000	0.000000	0.000001
206	0.004597	0.000008	0.000689	0.015130	0.976505	0.003071	0.000000	0.000000	0.000000
207	0.004362	0.000005	0.000619	0.015202	0.976694	0.003117	0.000000	0.000000	0.000001
208	0.004101	0.000003	0.000563	0.015059	0.977109	0.003165	0.000000	0.000000	0.000000
209	0.003922	0.000000	0.000525	0.015093	0.977283	0.003176	0.000000	0.000000	0.000001
210	0.003688	0.000000	0.000509	0.015004	0.977627	0.003172	0.000000	0.000000	0.000000
211	0.003355	0.000000	0.000501	0.015029	0.978024	0.003091	0.000000	0.000000	0.000000
212	0.003182	0.000000	0.000490	0.014825	0.978426	0.003077	0.000000	0.000000	0.000000
213	0.002922	0.000000	0.000458	0.014853	0.978682	0.003085	0.000000	0.000000	0.000000
214	0.002769	0.000000	0.000420	0.014821	0.978915	0.003075	0.000000	0.000000	0.000000
215	0.002618	0.000000	0.000401	0.014903	0.979014	0.003064	0.000000	0.000000	0.000000
216	0.002536	0.000000	0.000390	0.014817	0.979242	0.003015	0.000000	0.000000	0.000000
217	0.002382	0.000000	0.000373	0.014760	0.979494	0.002991	0.000000	0.000000	0.000000
218	0.002237	0.000000	0.000365	0.014853	0.979503	0.003042	0.000000	0.000000	0.000000
219	0.002150	0.000000	0.000319	0.014930	0.979538	0.003063	0.000000	0.000000	0.000000
220	0.002050	0.000000	0.000319	0.014807	0.979761	0.003063	0.000000	0.000000	0.000000
221	0.001959	0.000000	0.000280	0.014798	0.979855	0.003108	0.000000	0.000000	0.000000
222	0.001832	0.000000	0.000268	0.014789	0.980016	0.003095	0.000000	0.000000	0.000000
223	0.001668	0.000000	0.000261	0.014799	0.980226	0.003046	0.000000	0.000000	0.000000
224	0.001567	0.000000	0.000260	0.014830	0.980249	0.003094	0.000000	0.000000	0.000000
225	0.001482	0.000000	0.000240	0.014901	0.980342	0.003035	0.000000	0.000000	0.000000
226	0.001396	0.000000	0.000224	0.014898	0.980364	0.003118	0.000000	0.000000	0.000000
227	0.001299	0.000000	0.000223	0.014964	0.980403	0.003111	0.000000	0.000000	0.000000
228	0.001215	0.000000	0.000217	0.014958	0.980582	0.003028	0.000000	0.000000	0.000000
229	0.001133	0.000000	0.000211	0.014997	0.980574	0.003085	0.000000	0.000000	0.000000
230	0.001081	0.000000	0.000214	0.014986	0.980682	0.003037	0.000000	0.000000	0.000000
231	0.001032	0.000000	0.000193	0.014947	0.980733	0.003095	0.000000	0.000000	0.000000
232	0.000929	0.000000	0.000172	0.015022	0.980789	0.003088	0.000000	0.000000	0.000000
233	0.000892	0.000000	0.000166	0.014931	0.980903	0.003108	0.000000	0.000000	0.000000
234	0.000813	0.000000	0.000148	0.014972	0.981019	0.003048	0.000000	0.000000	0.000000
235	0.000781	0.000000	0.000139	0.014916	0.981144	0.003020	0.000000	0.000000	0.000000
236	0.000711	0.000000	0.000142	0.014857	0.981273	0.003017	0.000000	0.000000	0.000000
237	0.000669	0.000000	0.000139	0.014942	0.981233	0.003017	0.000000	0.000000	0.000000
238	0.000627	0.000000	0.000126	0.014888	0.981366	0.002993	0.000000	0.000000	0.000000
239	0.000592	0.000000	0.000134	0.014883	0.981333	0.003058	0.000000	0.000000	0.000000
240	0.000566	0.000000	0.000143	0.015037	0.981209	0.003045	0.000000	0.000000	0.000000
241	0.000519	0.000000	0.000136	0.014996	0.981274	0.003075	0.000000	0.000000	0.000000
242	0.000487	0.000000	0.000132	0.014935	0.981407	0.003039	0.000000	0.000000	0.000000
243	0.000449	0.000000	0.000112	0.015165	0.981157	0.003117	0.000000	0.000000	0.000000
244	0.000447	0.000000	0.000104	0.015162	0.981152	0.003135	0.000000	0.000000	0.000000
245	0.000418	0.000000	0.000092	0.015220	0.981239	0.003031	0.000000	0.000000	0.000000
246	0.000380	0.000000	0.000092	0.015234	0.981274	0.003020	0.000000	0.000000	0.000000
247	0.000361	0.000000	0.000084	0.015155	0.981371	0.003029	0.000000	0.000000	0.000000
248	0.000323	0.000000	0.000093	0.015289	0.981303	0.002992	0.000000	0.000000	0.000000
249	0.000285	0.000000	0.000086	0.015405	0.981227	0.002997	0.000000	0.000000	0.000000
250	0.000262	0.000000	0.000081	0.015293	0.981384	0.002980	0.000000	0.000000	0.000000
251	0.000236	0.000000	0.000075	0.015401	0.981267	0.003021	0.000000	0.000000	0.000000
252	0.000234	0.000000	0.000058	0.015390	0.981370	0.002948	0.000000	0.000000	0.000000
253	0.000219	0.000000	0.000050	0.015601	0.981208	0.002922	0.000000	0.000000	0.000000
254	0.000209	0.000000	0.000042	0.015605	0.981244	0.002900	0.000000	0.000000	0.000000
255	0.000193	0.000000	0.000035	0.015568	0.981328	0.002876	0.000000	0.000000	0.000000
256	0.000168	0.000000	0.000030	0.015671	0.981240	0.002891	0.000000	0.000000	0.000000
257	0.000146	0.000000	0.000029	0.015784	0.981153	0.002888	0.000000	0.000000	0.000000
258	0.000138	0.000000	0.000024	0.015633	0.981356	0.002849	0.000000	0.000000	0.000000
259	0.000118	0.000000	0.000028	0.015540	0.981448	0.002866	0.000000	0.000000	0.000000
260	0.000108	0.000000	0.000025	0.015596	0.981394	0.002877	0.000000	0.000000	0.000000
261	0.000094	0.000000	0.000031	0.015411	0.981622	0.002842	0.000000	0.000000	0.000000
262	0.000097	0.000000	0.000030	0.015320	0.981730	0.002823	0.000000	0.000000	0.000000
263	0.000090	0.000000	0.000022	0.015413	0.981563	0.002912	0.000000	0.000000	0.000000
264	0.000093	0.000000	0.000015	0.015451	0.981539	0.002902	0.000000	0.000000	0.000000
265	0.000076	0.000000	0.000012	0.015625	0.981323	0.002964	0.000000	0.000000	0.000000
266	0.000066	0.000000	0.000011	0.015564	0.981372	0.002987	0.000000	0.000000	0.000000
267	0.000062	0.000000	0.000010	0.015630	0.981338	0.002960	0.000000	0.000000	0.000000
268	0.000048	0.000000	0.000005	0.015733	0.981309	0.002905	0.000000	0.000000	0.000000
269	0.000041	0.000000	0.000006	0.015810	0.981225	0.002918	0.000000	0.000000	0.000000
270	0.000035	0.000000	0.000005	0.015723	0.981251	0.002986	0.000000	0.000000	0.000000
271	0.000031	0.000000	0.000007	0.015600	0.981360	0.003002	0.000000	0.000000	0.000000
272	0.000030	0.000000	0.000005	0.015601	0.981319	0.003045	0.000000	0.000000	0.000000
273	0.000024	0.000000	0.000009	0.015751	0.981178	0.003038	0.000000	0.000000	0.000000
274	0.000028	0.000000	0.000009	0.015792	0.981086	0.003085	0.000000	0.000000	0.000000
275	0.000029	0.000000	0.000008	0.015636	0.981200	0.003127	0.000000	0.000000	0.000000
276	0.000028	0.000000	0.000003	0.015740	0.981106	0.003123	0.000000	0.000000	0.000000
277	0.000019	0.000000	0.000003	0.015747	0.981013	0.003218	0.000000	0.000000	0.000000
278	0.000021	0.000000	0.000004	0.015799	0.980968	0.003208	0.000000	0.000000	0.000000
279	0.000024	0.000000	0.000004	0.015822	0.980922	0.003228	0.000000	0.000000	0.000000
280	0.000017	0.000000	0.000003	0.015733	0.981056	0.003191	0.000000	0.000000	0.000000
281	0.000016	0.000000	0.000003	0.015647	0.981049	0.003285	0.000000	0.000000	0.000000
282	0.000019	0.000000	0.000001	0.015798	0.981016	0.003166	0.000000	0.000000	0.000000
283	0.000020	0.000000	0.000000	0.015734	0.981011	0.003235	0.000000	0.000000	0.000000
284	0.000021	0.000000	0.000000	0.015635	0.981069	0.003275	0.000000	0.000000	0.000000
285	0.000023	0.000000	0.000000	0.015628	0.981112	0.003237	0.000000	0.000000	0.000000
286	0.000016	0.000000	0.000000	0.015775	0.981007	0.003202	0.000000	0.000000	0.000000
287	0.000014	0.000000	0.000000	0.015880	0.980946	0.003160	0.000000	0.000000	0.000000
288	0.000010	0.000000	0.000000	0.015805	0.981012	0.003173	0.000000	0.000000	0.000000
289	0.000007	0.000000	0.000000	0.015635	0.981163	0.003195	0.000000	0.000000	0.000000
290	0.000009	0.000000	0.000000	0.015651	0.981149	0.003191	0.000000	0.000000	0.000000
291	0.000005	0.000000	0.000000	0.015607	0.981135	0.003253	0.000000	0.000000	0.000000
292	0.000003	0.000000	0.000000	0.015507	0.981290	0.003200	0.000000	0.000000	0.000000
293	0.000001	0.000000	0.000000	0.015550	0.981210	0.003239	0.000000	0.000000	0.000000
294	0.000000	0.000000	0.000000	0.015594	0.981114	0.003292	0.000000	0.000000	0.000000
295	0.000000	0.000000	0.000000	0.015675	0.981049	0.003276	0.000000	0.000000	0.000000
296	0.000000	0.000000	0.000000	0.015540	0.981160	0.003300	0.000000	0.000000	0.000000
297	0.000000	0.000000	0.000000	0.015552	0.981094	0.003354	0.000000	0.000000	0.000000
298	0.000000	0.000000	0.000000	0.015691	0.980914	0.003395	0.000000	0.000000	0.000000
299	0.000000	0.000000	0.000000	0.015553	0.981028	0.003419	0.000000	0.000000	0.000000
300	0.000000	0.000000	0.000000	0.015603	0.981061	0.003336	0.000000	0.000000	0.000000
301	0.000000	0.000000	0.000000	0.015532	0.981037	0.003431	0.000000	0.000000	0.000000
302	0.000000	0.000000	0.000000	0.015458	0.981069	0.003473	0.000000	0.000000	0.000000
303	0.000000	0.000000	0.000000	0.015396	0.981198	0.003406	0.000000	0.000000	0.000000
304	0.000000	0.000000	0.000000	0.015527	0.981040	0.003433	0.000000	0.000000	0.000000
305	0.000000	0.000000	0.000000	0.015527	0.980984	0.003489	0.000000	0.000000	0.000000
306	0.000000	0.000000	0.000000	0.015537	0.980937	0.003526	0.000000	0.000000	0.000000
307	0.000000	0.000000	0.000000	0.015649	0.980869	0.003482	0.000000	0.000000	0.000000
308	0.000000	0.000000	0.000000	0.015629	0.980913	0.003458	0.000000	0.000000	0.000000
309	0.000000	0.000000	0.000000	0.015514	0.980954	0.003532	0.000000	0.000000	0.000000
310	0.000000	0.000000	0.000000	0.015518	0.980927	0.003555	0.000000	0.000000	0.000000
311	0.000000	0.000000	0.000000	0.015542	0.980850	0.003608	0.000000	0.000000	0.000000
312	0.000000	0.000000	0.000000	0.015577	0.980802	0.003621	0.000000	0.000000	0.000000
313	0.000000	0.000000	0.000000	0.015672	0.980769	0.003559	0.000000	0.000000	0.000000
314	0.000000	0.000000	0.000000	0.015684	0.980638	0.003678	0.000000	0.000000	0.000000
315	0.000000	0.000000	0.000000	0.015645	0.980741	0.003614	0.000000	0.000000	0.000000
316	0.000000	0.000000	0.000000	0.015567	0.980819	0.003614	0.000000	0.000000	0.000000
317	0.000000	0.000000	0.000000	0.015599	0.980821	0.003580	0.000000	0.000000	0.000000
318	0.000000	0.000000	0.000000	0.015683	0.980738	0.003579	0.000000	0.000000	0.000000
319	0.000000	0.000000	0.000000	0.015735	0.980693	0.003572	0.000000	0.000000	0.000000
320	0.000000	0.000000	0.000000	0.015910	0.980550	0.003540	0.000000	0.000000	0.000000
321	0.000000	0.000000	0.000000	0.015940	0.980545	0.003515	0.000000	0.000000	0.000000
322	0.000000	0.000000	0.000000	0.015852	0.980668	0.003480	0.000000	0.000000	0.000000
323	0.000000	0.000000	0.000000	0.015872	0.980670	0.003458	0.000000	0.000000	0.000000
324	0.000000	0.000000	0.000000	0.015975	0.980618	0.003407	0.000000	0.000000	0.000000
325	0.000000	0.000000	0.000000	0.015965	0.980673	0.003362	0.000000	0.000000	0.000000
326	0.000000	0.000000	0.000000	0.015810	0.980817	0.003373	0.000000	0.000000	0.000000
327	0.000000	0.000000	0.000000	0.015850	0.980893	0.003257	0.000000	0.000000	0.000000
328	0.000000	0.000000	0.000000	0.015992	0.980707	0.003301	0.000000	0.000000	0.000000
329	0.000000	0.000000	0.000000	0.015922	0.980788	0.003290	0.000000	0.000000	0.000000
330	0.000000	0.000000	0.000000	0.016004	0.980742	0.003254	0.000000	0.000000	0.000000
331	0.000000	0.000000	0.000000	0.016033	0.980768	0.003199	0.000000	0.000000	0.000000
332	0.000000	0.000000	0.000000	0.016131	0.980643	0.003226	0.000000	0.000000	0.000000
333	0.000000	0.000000	0.000000	0.016115	0.980667	0.003218	0.000000	0.000000	0.000000
334	0.000000	0.000000	0.000000	0.015997	0.980820	0.003183	0.000000	0.000000	0.000000
335	0.000000	0.000000	0.000000	0.016014	0.980853	0.003133	0.000000	0.000000	0.000000
336	0.000000	0.000000	0.000000	0.016150	0.980723	0.003127	0.000000	0.000000	0.000000
337	0.000000	0.000000	0.000000	0.016281	0.980601	0.003118	0.000000	0.000000	0.000000
338	0.000000	0.000000	0.000000	0.016142	0.980769	0.003089	0.000000	0.000000	0.000000
339	0.000000	0.000000	0.000000	0.016056	0.980851	0.003093	0.000000	0.000000	0.000000
340	0.000000	0.000000	0.000000	0.016109	0.980763	0.003128	0.000000	0.000000	0.000000
341	0.000000	0.000000	0.000000	0.016146	0.980716	0.003138	0.000000	0.000000	0.000000
342	0.000000	0.000000	0.000000	0.016389	0.980487	0.003124	0.000000	0.000000	0.000000
343	0.000000	0.000000	0.000000	0.016228	0.980634	0.003138	0.000000	0.000000	0.000000
344	0.000000	0.000000	0.000000	0.016140	0.980695	0.003165	0.000000	0.000000	0.000000
345	0.000000	0.000000	0.000000	0.016162	0.980700	0.003138	0.000000	0.000000	0.000000
346	0.000000	0.000000	0.000000	0.016099	0.980766	0.003135	0.000000	0.000000	0.000000
347	0.000000	0.000000	0.000000	0.016069	0.980859	0.003072	0.000000	0.000000	0.000000
348	0.000000	0.000000	0.000000	0.016071	0.980865	0.003064	0.000000	0.000000	0.000000
349	0.000000	0.000000	0.000000	0.015914	0.980993	0.003093	0.000000	0.000000	0.000000
350	0.000000	0.000000	0.000000	0.015915	0.980986	0.003099	0.000000	0.000000	0.000000
351	0.000000	0.000000	0.000000	0.015925	0.980959	0.003116	0.000000	0.000000	0.000000
352	0.000000	0.000000	0.000000	0.015885	0.981049	0.003066	0.000000	0.000000	0.000000
353	0.000000	0.000000	0.000000	0.015787	0.981169	0.003044	0.000000	0.000000	0.000000
354	0.000000	0.000000	0.000000	0.015898	0.981051	0.003051	0.000000	0.000000	0.000000
355	0.000000	0.000000	0.000000	0.016011	0.980893	0.003096	0.000000	0.000000	0.000000
356	0.000000	0.000000	0.000000	0.015964	0.980931	0.003105	0.000000	0.000000	0.000000
357	0.000000	0.000000	0.000000	0.016039	0.980885	0.003076	0.000000	0.000000	0.000000
358	0.000000	0.000000	0.000000	0.016025	0.980819	0.003156	0.000000	0.000000	0.000000
359	0.000000	0.000000	0.000000	0.016123	0.980650	0.003227	0.000000	0.000000	0.000000
360	0.000000	0.000000	0.000000	0.016044	0.980796	0.003160	0.000000	0.000000	0.000000
361	0.000000	0.000000	0.000000	0.016244	0.980632	0.003124	0.000000	0.000000	0.000000
362	0.000000	0.000000	0.000000	0.016170	0.980683	0.003147	0.000000	0.000000	0.000000
363	0.000000	0.000000	0.000000	0.016158	0.980693	0.003149	0.000000	0.000000	0.000000
364	0.000000	0.000000	0.000000	0.016247	0.980650	0.003103	0.000000	0.000000	0.000000
365	0.000000	0.000000	0.000000	0.016192	0.980721	0.003087	0.000000	0.000000	0.000000
366	0.000000	0.000000	0.000000	0.016177	0.980643	0.003180	0.000000	0.000000	0.000000
367	0.000000	0.000000	0.000000	0.016157	0.980726	0.003117	0.000000	0.000000	0.000000
368	0.000000	0.000000	0.000000	0.015971	0.980921	0.003108	0.000000	0.000000	0.000000
369	0.000000	0.000000	0.000000	0.016052	0.980865	0.003083	0.000000	0.000000	0.000000
370	0.000000	0.000000	0.000000	0.016238	0.980657	0.003105	0.000000	0.000000	0.000000
371	0.000000	0.000000	0.000000	0.016318	0.980651	0.003031	0.000000	0.000000	0.000000
372	0.000000	0.000000	0.000000	0.016234	0.980783	0.002983	0.000000	0.000000	0.000000
373	0.000000	0.000000	0.000000	0.016346	0.980657	0.002997	0.000000	0.000000	0.000000
374	0.000000	0.000000	0.000000	0.016274	0.980754	0.002972	0.000000	0.000000	0.000000
375	0.000000	0.000000	0.000000	0.016469	0.980575	0.002956	0.000000	0.000000	0.000000
376	0.000000	0.000000	0.000000	0.016478	0.980583	0.002939	0.000000	0.000000	0.000000
377	0.000000	0.000000	0.000000	0.016486	0.980610	0.002904	0.000000	0.000000	0.000000
378	0.000000	0.000000	0.000000	0.016571	0.980598	0.002831	0.000000	0.000000	0.000000
379	0.000000	0.000000	0.000000	0.016556	0.980612	0.002832	0.000000	0.000000	0.000000
380	0.000000	0.000000	0.000000	0.016558	0.980630	0.002812	0.000000	0.000000	0.000000
381	0.000000	0.000000	0.000000	0.016490	0.980628	0.002882	0.000000	0.000000	0.000000
382	0.000000	0.000000	0.000000	0.016494	0.980596	0.002910	0.000000	0.000000	0.000000
383	0.000000	0.000000	0.000000	0.016518	0.980598	0.002884	0.000000	0.000000	0.000000
384	0.000000	0.000000	0.000000	0.016669	0.980433	0.002898	0.000000	0.000000	0.000000
385	0.000000	0.000000	0.000000	0.016737	0.980321	0.002942	0.000000	0.000000	0.000000
386	0.000000	0.000000	0.000000	0.016763	0.980326	0.002911	0.000000	0.000000	0.000000
387	0.000000	0.000000	0.000000	0.016681	0.980425	0.002894	0.000000	0.000000	0.000000
388	0.000000	0.000000	0.000000	0.016686	0.980381	0.002933	0.000000	0.000000	0.000000
389	0.000000	0.000000	0.000000	0.016603	0.980473	0.002924	0.000000	0.000000	0.000000
390	0.000000	0.000000	0.000000	0.016584	0.980546	0.002870	0.000000	0.000000	0.000000
391	0.000000	0.000000	0.000000	0.016432	0.980702	0.002866	0.000000	0.000000	0.000000
392	0.000000	0.000000	0.000000	0.016337	0.980829	0.002834	0.000000	0.000000	0.000000
393	0.000000	0.000000	0.000000	0.016316	0.980846	0.002838	0.000000	0.000000	0.000000
394	0.000000	0.000000	0.000000	0.016217	0.980922	0.002861	0.000000	0.000000	0.000000
395	0.000000	0.000000	0.000000	0.016123	0.981029	0.002848	0.000000	0.000000	0.000000
396	0.000000	0.000000	0.000000	0.016216	0.980933	0.002851	0.000000	0.000000	0.000000
397	0.000000	0.000000	0.000000	0.016093	0.981053	0.002854	0.000000	0.000000	0.000000
398	0.000000	0.000000	0.000000	0.016053	0.981045	0.002902	0.000000	0.000000	0.000000
399	0.000000	0.000000	0.000000	0.016004	0.981034	0.002962	0.000000	0.000000	0.000000
400	0.000000	0.000000	0.000000	0.016094	0.980914	0.002992	0.000000	0.000000	0.000000
401	0.000000	0.000000	0.000000	0.016102	0.980941	0.002957	0.000000	0.000000	0.000000
402	0.000000	0.000000	0.000000	0.016142	0.980898	0.002960	0.000000	0.000000	0.000000
403	0.000000	0.000000	0.000000	0.016002	0.981082	0.002916	0.000000	0.000000	0.000000
404	0.000000	0.000000	0.000000	0.015927	0.981084	0.002989	0.000000	0.000000	0.000000
405	0.000000	0.000000	0.000000	0.016031	0.981013	0.002956	0.000000	0.000000	0.000000
406	0.000000	0.000000	0.000000	0.015970	0.980995	0.003035	0.000000	0.000000	0.000000
407	0.000000	0.000000	0.000000	0.015912	0.980977	0.003111	0.000000	0.000000	0.000000
408	0.000000	0.000000	0.000000	0.015779	0.981148	0.003073	0.000000	0.000000	0.000000
409	0.000000	0.000000	0.000000	0.015742	0.981162	0.003096	0.000000	0.000000	0.000000
410	0.000000	0.000000	0.000000	0.015715	0.981241	0.003044	0.000000	0.000000	0.000000
411	0.000000	0.000000	0.000000	0.015812	0.981208	0.002980	0.000000	0.000000	0.000000
412	0.000000	0.000000	0.000000	0.015912	0.981163	0.002925	0.000000	0.000000	0.000000
413	0.000000	0.000000	0.000000	0.015855	0.981229	0.002916	0.000000	0.000000	0.000000
414	0.000000	0.000000	0.000000	0.015832	0.981236	0.002932	0.000000	0.000000	0.000000
415	0.000000	0.000000	0.000000	0.015816	0.981288	0.002896	0.000000	0.000000	0.000000
416	0.000000	0.000000	0.000000	0.015749	0.981401	0.002850	0.000000	0.000000	0.000000
417	0.000000	0.000000	0.000000	0.015719	0.981493	0.002788	0.000000	0.000000	0.000000
418	0.000000	0.000000	0.000000	0.015712	0.981454	0.002834	0.000000	0.000000	0.000000
419	0.000000	0.000000	0.000000	0.015737	0.981514	0.002749	0.000000	0.000000	0.000000
420	0.000000	0.000000	0.000000	0.015626	0.981710	0.002664	0.000000	0.000000	0.000000
421	0.000000	0.000000	0.000000	0.015560	0.981803	0.002637	0.000000	0.000000	0.000000
422	0.000000	0.000000	0.000000	0.015642	0.981723	0.002635	0.000000	0.000000	0.000000
423	0.000000	0.000000	0.000000	0.015628	0.981725	0.002647	0.000000	0.000000	0.000000
424	0.000000	0.000000	0.000000	0.015689	0.981589	0.002722	0.000000	0.000000	0.000000
425	0.000000	0.000000	0.000000	0.015642	0.981652	0.002706	0.000000	0.000000	0.000000
426	0.000000	0.000000	0.000000	0.015570	0.981683	0.002747	0.000000	0.000000	0.000000
427	0.000000	0.000000	0.000000	0.015590	0.981677	0.002733	0.000000	0.000000	0.000000
428	0.000000	0.000000	0.000000	0.015559	0.981750	0.002691	0.000000	0.000000	0.000000
429	0.000000	0.000000	0.000000	0.015677	0.981581	0.002742	0.000000	0.000000	0.000000
430	0.000000	0.000000	0.000000	0.015645	0.981690	0.002665	0.000000	0.000000	0.000000
431	0.000000	0.000000	0.000000	0.015547	0.981718	0.002735	0.000000	0.000000	0.000000
432	0.000000	0.000000	0.000000	0.015707	0.981600	0.002693	0.000000	0.000000	0.000000
433	0.000000	0.000000	0.000000	0.015676	0.981603	0.002721	0.000000	0.000000	0.000000
434	0.000000	0.000000	0.000000	0.015806	0.981421	0.002773	0.000000	0.000000	0.000000
435	0.000000	0.000000	0.000000	0.015693	0.981565	0.002742	0.000000	0.000000	0.000000
436	0.000000	0.000000	0.000000	0.015704	0.981504	0.002792	0.000000	0.000000	0.000000
437	0.000000	0.000000	0.000000	0.015796	0.981417	0.002787	0.000000	0.000000	0.000000
438	0.000000	0.000000	0.000000	0.015887	0.981374	0.002739	0.000000	0.000000	0.000000
439	0.000000	0.000000	0.000000	0.015823	0.981411	0.002766	0.000000	0.000000	0.000000
440	0.000000	0.000000	0.000000	0.015908	0.981244	0.002848	0.000000	0.000000	0.000000
441	0.000000	0.000000	0.000000	0.015888	0.981317	0.002795	0.000000	0.000000	0.000000
442	0.000000	0.000000	0.000000	0.015909	0.981310	0.002781	0.000000	0.000000	0.000000
443	0.000000	0.000000	0.000000	0.016051	0.981194	0.002755	0.000000	0.000000	0.000000
444	0.000000	0.000000	0.000000	0.016108	0.981066	0.002826	0.000000	0.000000	0.000000
445	0.000000	0.000000	0.000000	0.016034	0.981149	0.002817	0.000000	0.000000	0.000000
446	0.000000	0.000000	0.000000	0.015964	0.981178	0.002858	0.000000	0.000000	0.000000
447	0.000000	0.000000	0.000000	0.015952	0.981190	0.002858	0.000000	0.000000	0.000000
448	0.000000	0.000000	0.000000	0.015932	0.981217	0.002851	0.000000	0.000000	0.000000
449	0.000000	0.000000	0.000000	0.015945	0.981160	0.002895	0.000000	0.000000	0.000000
450	0.000000	0.000000	0.000000	0.016056	0.981130	0.002814	0.000000	0.000000	0.000000
451	0.000000	0.000000	0.000000	0.015928	0.981220	0.002852	0.000000	0.000000	0.000000
452	0.000000	0.000000	0.000000	0.015849	0.981338	0.002813	0.000000	0.000000	0.000000
453	0.000000	0.000000	0.000000	0.015776	0.981414	0.002810	0.000000	0.000000	0.000000
454	0.000000	0.000000	0.000000	0.015964	0.981239	0.002797	0.000000	0.000000	0.000000
455	0.000000	0.000000	0.000000	0.015682	0.981581	0.002737	0.000000	0.000000	0.000000
456	0.000000	0.000000	0.000000	0.015858	0.981423	0.002719	0.000000	0.000000	0.000000
457	0.000000	0.000000	0.000000	0.016015	0.981275	0.002710	0.000000	0.000000	0.000000
458	0.000000	0.000000	0.000000	0.016135	0.981124	0.002741	0.000000	0.000000	0.000000
459	0.000000	0.000000	0.000000	0.015944	0.981339	0.002717	0.000000	0.000000	0.000000
460	0.000000	0.000000	0.000000	0.015892	0.981442	0.002666	0.000000	0.000000	0.000000
461	0.000000	0.000000	0.000000	0.015866	0.981502	0.002632	0.000000	0.000000	0.000000
462	0.000000	0.000000	0.000000	0.015779	0.981602	0.002619	0.000000	0.000000	0.000000
463	0.000000	0.000000	0.000000	0.015681	0.981677	0.002642	0.000000	0.000000	0.000000
464	0.000000	0.000000	0.000000	0.015688	0.981680	0.002632	0.000000	0.000000	0.000000
465	0.000000	0.000000	0.000000	0.015691	0.981664	0.002645	0.000000	0.000000	0.000000
466	0.000000	0.000000	0.000000	0.015791	0.981525	0.002684	0.000000	0.000000	0.000000
467	0.000000	0.000000	0.000000	0.015779	0.981520	0.002701	0.000000	0.000000	0.000000
468	0.000000	0.000000	0.000000	0.015841	0.981511	0.002648	0.000000	0.000000	0.000000
469	0.000000	0.000000	0.000000	0.015773	0.981588	0.002639	0.000000	0.000000	0.000000
470	0.000000	0.000000	0.000000	0.015668	0.981669	0.002663	0.000000	0.000000	0.000000
