0	0.290663	0.057897	0.229473	0.157588	0.029913	0.111872	0.085455	0.012259	0.024880
1	0.226969	0.047257	0.196294	0.136328	0.028176	0.117860	0.126972	0.024457	0.095687
2	0.223300	0.045703	0.192429	0.127186	0.027253	0.111012	0.135791	0.025979	0.111347
3	0.225341	0.045536	0.189792	0.119707	0.027399	0.103734	0.140025	0.026580	0.121886
4	0.227871	0.045422	0.187387	0.113154	0.027459	0.096137	0.143654	0.027091	0.131825
5	0.231588	0.045143	0.184975	0.107015	0.027595	0.089054	0.146654	0.026894	0.141082
6	0.235408	0.044898	0.181566	0.101768	0.027958	0.082495	0.148751	0.026765	0.150391
7	0.239403	0.044606	0.178339	0.096716	0.028308	0.075923	0.150000	0.026888	0.159817
8	0.243857	0.044272	0.175060	0.091602	0.028534	0.070091	0.151297	0.026741	0.168546
9	0.248498	0.043801	0.171237	0.086376	0.029437	0.064470	0.152024	0.026460	0.177697
10	0.252303	0.043335	0.167364	0.082213	0.030069	0.059597	0.152346	0.025978	0.186795
11	0.256126	0.043269	0.163052	0.078034	0.030872	0.054825	0.152728	0.025427	0.195667
12	0.259892	0.042969	0.159419	0.074129	0.031572	0.049973	0.152675	0.025215	0.204156
13	0.263731	0.042800	0.155294	0.069689	0.032508	0.046126	0.152374	0.025011	0.212467
14	0.266391	0.042537	0.151452	0.066171	0.033498	0.042794	0.152157	0.024777	0.220223
15	0.269920	0.042190	0.147133	0.062681	0.034279	0.039532	0.151410	0.024465	0.228390
16	0.273045	0.042126	0.142647	0.059575	0.035308	0.036068	0.150781	0.024289	0.236161
17	0.276469	0.041879	0.138714	0.056808	0.036549	0.032919	0.149654	0.023692	0.243316
18	0.279830	0.041719	0.134384	0.053719	0.037562	0.030488	0.148505	0.023332	0.250461
19	0.283383	0.041405	0.129532	0.050893	0.038891	0.028045	0.146722	0.022885	0.258244
20	0.286218	0.041015	0.125126	0.048363	0.040225	0.025951	0.144871	0.022526	0.265705
21	0.289297	0.040656	0.120993	0.045838	0.041505	0.023781	0.143638	0.022072	0.272220
22	0.292453	0.040198	0.116839	0.043474	0.042858	0.021844	0.142116	0.021538	0.278680
23	0.295037	0.039705	0.113066	0.041276	0.044517	0.020002	0.139917	0.021073	0.285407
24	0.297471	0.039452	0.109297	0.039220	0.045951	0.018412	0.137924	0.020632	0.291641
25	0.300091	0.038950	0.105374	0.037210	0.047421	0.016864	0.135624	0.020387	0.298079
26	0.302630	0.038792	0.101336	0.035509	0.048828	0.015316	0.133855	0.019814	0.303920
27	0.303502	0.038895	0.097300	0.033750	0.050505	0.014052	0.132463	0.019291	0.310242
28	0.304946	0.038232	0.093689	0.032102	0.052216	0.012804	0.130742	0.018923	0.316346
29	0.306619	0.037995	0.090251	0.030663	0.053949	0.011899	0.128818	0.018487	0.321319
30	0.308017	0.037891	0.086721	0.029233	0.055362	0.010951	0.126180	0.018250	0.327395
31	0.309356	0.037340	0.083426	0.027834	0.057046	0.009927	0.124662	0.017782	0.332627
32	0.309994	0.036958	0.079721	0.026640	0.058834	0.009056	0.122478	0.017537	0.338782
33	0.311518	0.036800	0.076460	0.025184	0.060305	0.008383	0.120831	0.017106	0.343413
34	0.312837	0.036511	0.073496	0.024023	0.062014	0.007821	0.118193	0.016710	0.348395
35	0.313324	0.036079	0.070230	0.023159	0.063731	0.007183	0.116436	0.016366	0.353492
36	0.313994	0.035603	0.067694	0.021883	0.065763	0.006593	0.114290	0.016073	0.358107
37	0.314793	0.035048	0.064966	0.021088	0.067906	0.006075	0.112403	0.015537	0.362184
38	0.314922	0.034711	0.062173	0.020137	0.070057	0.005625	0.109914	0.015352	0.367109
39	0.314742	0.034610	0.059658	0.019171	0.072127	0.005375	0.107910	0.014952	0.371455
40	0.315303	0.033991	0.056760	0.018394	0.074045	0.004977	0.106048	0.014650	0.375832
41	0.315150	0.033725	0.054606	0.017541	0.076339	0.004763	0.104136	0.014207	0.379533
42	0.315360	0.033143	0.052223	0.016792	0.078379	0.004412	0.102000	0.013817	0.383874
43	0.315737	0.032413	0.049944	0.016045	0.080887	0.004191	0.099569	0.013486	0.387728
44	0.315856	0.031934	0.047764	0.015294	0.082935	0.003881	0.097575	0.013286	0.391475
45	0.315387	0.031382	0.045697	0.014898	0.085357	0.003587	0.095663	0.012977	0.395052
46	0.314633	0.030986	0.043889	0.014239	0.087929	0.003221	0.093540	0.012614	0.398949
47	0.314142	0.030667	0.041728	0.013706	0.090598	0.003009	0.091718	0.012157	0.402275
48	0.313638	0.030028	0.040045	0.013320	0.092776	0.002823	0.089923	0.011817	0.405630
49	0.313208	0.029581	0.038006	0.012754	0.095093	0.002655	0.088126	0.011507	0.409070
50	0.312611	0.029191	0.036016	0.012281	0.097521	0.002525	0.086572	0.011280	0.412003
51	0.311676	0.028588	0.034310	0.011871	0.099951	0.002339	0.084838	0.010996	0.415431
52	0.310581	0.028303	0.032758	0.011408	0.102526	0.002148	0.082936	0.010742	0.418598
53	0.309594	0.027952	0.030812	0.010889	0.104748	0.001945	0.081557	0.010338	0.422165
54	0.308902	0.027705	0.029437	0.010404	0.107117	0.001775	0.079559	0.010205	0.424896
55	0.307927	0.027174	0.028026	0.010081	0.109807	0.001679	0.078331	0.009930	0.427045
56	0.306340	0.026653	0.026497	0.009702	0.112662	0.001506	0.076444	0.009704	0.430492
57	0.304980	0.025961	0.025029	0.009269	0.115314	0.001399	0.074523	0.009494	0.434031
58	0.303095	0.025516	0.024016	0.009055	0.118053	0.001332	0.073010	0.009284	0.436639
59	0.301392	0.025180	0.022896	0.008731	0.120957	0.001176	0.071414	0.009085	0.439169
60	0.299668	0.024544	0.021692	0.008473	0.123774	0.001167	0.069311	0.009001	0.442370
61	0.298324	0.024117	0.020521	0.008213	0.126372	0.001130	0.067884	0.008615	0.444824
62	0.296485	0.023783	0.019610	0.007943	0.129227	0.001051	0.066517	0.008438	0.446946
63	0.294803	0.023237	0.018728	0.007600	0.131751	0.000993	0.065388	0.008196	0.449304
64	0.292734	0.022898	0.017885	0.007381	0.134523	0.000946	0.063847	0.007932	0.451854
65	0.290131	0.022597	0.016946	0.007152	0.137643	0.000872	0.062215	0.007646	0.454798
66	0.288502	0.022206	0.015975	0.006911	0.140879	0.000822	0.061109	0.007493	0.456103
67	0.286290	0.021878	0.015430	0.006800	0.143673	0.000758	0.059504	0.007324	0.458343
68	0.284420	0.021470	0.014639	0.006614	0.146588	0.000730	0.058070	0.007153	0.460316
69	0.282210	0.020861	0.014061	0.006343	0.149677	0.000682	0.056820	0.006957	0.462389
70	0.280051	0.020378	0.013441	0.006140	0.152811	0.000609	0.055830	0.006909	0.463831
71	0.277377	0.020211	0.012776	0.005982	0.155903	0.000577	0.054856	0.006687	0.465631
72	0.275151	0.019712	0.011968	0.005859	0.158907	0.000573	0.053950	0.006541	0.467339
73	0.273014	0.019400	0.011292	0.005714	0.162064	0.000520	0.052720	0.006443	0.468833
74	0.270471	0.018981	0.010759	0.005590	0.165074	0.000499	0.051796	0.006223	0.470607
75	0.268082	0.018824	0.010236	0.005432	0.168019	0.000459	0.050670	0.006166	0.472112
76	0.266189	0.018403	0.009824	0.005418	0.170917	0.000413	0.049649	0.006074	0.473113
77	0.263943	0.017793	0.009250	0.005273	0.174083	0.000410	0.048563	0.005855	0.474830
78	0.261511	0.017390	0.008735	0.005155	0.177049	0.000388	0.047256	0.005666	0.476850
79	0.258885	0.017019	0.008201	0.005099	0.180092	0.000361	0.046172	0.005577	0.478594
80	0.256007	0.016634	0.007832	0.004963	0.183166	0.000334	0.045216	0.005428	0.480420
81	0.253222	0.016435	0.007434	0.004937	0.186290	0.000322	0.044480	0.005289	0.481591
82	0.250614	0.015846	0.006998	0.004804	0.189665	0.000302	0.043630	0.005063	0.483078
83	0.247992	0.015537	0.006482	0.004766	0.192938	0.000297	0.042617	0.004940	0.484431
84	0.245409	0.015152	0.006264	0.004722	0.195954	0.000276	0.041639	0.004808	0.485776
85	0.242654	0.014773	0.005909	0.004525	0.199113	0.000261	0.040839	0.004670	0.487256
86	0.239905	0.014343	0.005597	0.004467	0.202953	0.000245	0.039997	0.004519	0.487974
87	0.237113	0.014116	0.005175	0.004360	0.205803	0.000271	0.039187	0.004377	0.489598
88	0.234212	0.013841	0.004939	0.004263	0.208653	0.000257	0.038257	0.004326	0.491252
89	0.231343	0.013615	0.004717	0.004163	0.212004	0.000244	0.037487	0.004232	0.492195
90	0.228486	0.013293	0.004501	0.004053	0.215331	0.000217	0.036766	0.004148	0.493205
91	0.225635	0.013008	0.004371	0.003943	0.218332	0.000203	0.035997	0.004129	0.494382
92	0.222880	0.012764	0.004130	0.003928	0.221507	0.000173	0.035269	0.003985	0.495364
93	0.220117	0.012538	0.003852	0.003825	0.224845	0.000164	0.034642	0.003923	0.496094
94	0.217339	0.012143	0.003678	0.003798	0.227937	0.000161	0.034012	0.003847	0.497085
95	0.214560	0.011943	0.003488	0.003730	0.231373	0.000166	0.033211	0.003725	0.497804
96	0.211371	0.011694	0.003318	0.003597	0.235006	0.000163	0.032458	0.003738	0.498655
97	0.209016	0.011417	0.003206	0.003506	0.237936	0.000156	0.031788	0.003660	0.499315
98	0.206547	0.011170	0.003010	0.003452	0.241447	0.000139	0.031261	0.003595	0.499379
99	0.204097	0.010823	0.002843	0.003403	0.244797	0.000152	0.030624	0.003581	0.499680
100	0.201106	0.010605	0.002672	0.003383	0.247871	0.000153	0.030081	0.003448	0.500681
101	0.198692	0.010275	0.002515	0.003233	0.251571	0.000139	0.029352	0.003377	0.500846
102	0.195682	0.010074	0.002367	0.003232	0.255167	0.000135	0.028980	0.003251	0.501112
103	0.192925	0.009834	0.002316	0.003170	0.258347	0.000126	0.028396	0.003210	0.501676
104	0.190360	0.009748	0.002131	0.003154	0.261652	0.000130	0.027829	0.003116	0.501880
105	0.187710	0.009476	0.002045	0.003136	0.265152	0.000124	0.027443	0.003031	0.501883
106	0.184993	0.009155	0.001937	0.003222	0.268549	0.000119	0.027167	0.002919	0.501939
107	0.182085	0.009015	0.001851	0.003279	0.271978	0.000115	0.026515	0.002825	0.502337
108	0.179016	0.008671	0.001712	0.003149	0.275557	0.000122	0.026256	0.002727	0.502790
109	0.176213	0.008564	0.001698	0.003120	0.278588	0.000128	0.025736	0.002638	0.503315
110	0.173341	0.008267	0.001602	0.003072	0.282049	0.000110	0.025594	0.002575	0.503390
111	0.170790	0.007952	0.001584	0.003027	0.285726	0.000110	0.025142	0.002557	0.503112
112	0.168082	0.007721	0.001459	0.002955	0.289333	0.000104	0.024908	0.002513	0.502925
113	0.165662	0.007578	0.001398	0.002957	0.292422	0.000118	0.024699	0.002473	0.502693
114	0.162920	0.007182	0.001343	0.002889	0.296080	0.000100	0.024285	0.002306	0.502895
115	0.160619	0.006949	0.001248	0.002846	0.299027	0.000098	0.024051	0.002265	0.502897
116	0.157835	0.006812	0.001119	0.002829	0.302615	0.000086	0.023708	0.002214	0.502782
117	0.155164	0.006719	0.001048	0.002762	0.306114	0.000095	0.023133	0.002248	0.502717
118	0.152018	0.006591	0.001026	0.002723	0.309593	0.000089	0.022804	0.002266	0.502890
119	0.149460	0.006377	0.000935	0.002669	0.313084	0.000079	0.022516	0.002179	0.502701
120	0.146635	0.006201	0.000896	0.002632	0.316534	0.000079	0.022310	0.002182	0.502531
121	0.144267	0.006072	0.000849	0.002604	0.319909	0.000082	0.021913	0.002102	0.502202
122	0.141623	0.006050	0.000832	0.002515	0.323040	0.000082	0.021599	0.002006	0.502253
123	0.139094	0.005799	0.000781	0.002481	0.326750	0.000085	0.020925	0.001995	0.502090
124	0.137016	0.005533	0.000746	0.002467	0.329671	0.000091	0.020319	0.001971	0.502186
125	0.134415	0.005397	0.000723	0.002453	0.332807	0.000082	0.019937	0.001941	0.502245
126	0.132414	0.005253	0.000695	0.002395	0.336002	0.000083	0.019645	0.001910	0.501603
127	0.129997	0.005238	0.000665	0.002376	0.339237	0.000091	0.019356	0.001921	0.501119
128	0.127448	0.005119	0.000627	0.002339	0.342200	0.000085	0.019023	0.001895	0.501264
129	0.125307	0.004900	0.000581	0.002279	0.345799	0.000101	0.018637	0.001788	0.500608
130	0.123074	0.004741	0.000557	0.002215	0.349458	0.000088	0.018324	0.001746	0.499797
131	0.120546	0.004582	0.000511	0.002212	0.352671	0.000104	0.018031	0.001688	0.499655
132	0.118273	0.004398	0.000494	0.002156	0.356105	0.000097	0.017946	0.001621	0.498910
133	0.115943	0.004261	0.000478	0.002164	0.359250	0.000109	0.017776	0.001641	0.498378
134	0.113295	0.004190	0.000427	0.002116	0.362945	0.000097	0.017557	0.001655	0.497718
135	0.111446	0.004080	0.000427	0.002109	0.365989	0.000098	0.017099	0.001620	0.497132
136	0.109091	0.003995	0.000421	0.002072	0.369357	0.000100	0.016852	0.001563	0.496549
137	0.106837	0.003859	0.000408	0.001991	0.372857	0.000115	0.016565	0.001487	0.495881
138	0.104690	0.003718	0.000372	0.001938	0.376274	0.000112	0.016210	0.001445	0.495241
139	0.102782	0.003565	0.000359	0.001915	0.379220	0.000100	0.015994	0.001427	0.494638
140	0.100642	0.003473	0.000335	0.001856	0.382418	0.000110	0.015834	0.001389	0.493943
141	0.098289	0.003283	0.000349	0.001794	0.385845	0.000099	0.015455	0.001385	0.493501
142	0.096385	0.003215	0.000330	0.001773	0.388980	0.000102	0.015324	0.001378	0.492513
143	0.094274	0.003163	0.000292	0.001732	0.392392	0.000094	0.015155	0.001343	0.491555
144	0.092292	0.003059	0.000258	0.001781	0.395408	0.000090	0.014733	0.001417	0.490962
145	0.090414	0.002991	0.000245	0.001852	0.398542	0.000105	0.014524	0.001316	0.490011
146	0.088604	0.002872	0.000239	0.001813	0.401312	0.000102	0.014196	0.001271	0.489591
147	0.086813	0.002809	0.000236	0.001834	0.404859	0.000115	0.013839	0.001311	0.488184
148	0.084868	0.002724	0.000206	0.001840	0.408156	0.000102	0.013743	0.001278	0.487083
149	0.083061	0.002649	0.000201	0.001810	0.411201	0.000102	0.013401	0.001227	0.486348
150	0.081320	0.002575	0.000214	0.001812	0.414824	0.000105	0.013264	0.001190	0.484696
151	0.079637	0.002497	0.000195	0.001739	0.417763	0.000102	0.013039	0.001190	0.483838
152	0.077995	0.002456	0.000178	0.001763	0.420779	0.000101	0.012799	0.001141	0.482788
153	0.076410	0.002355	0.000170	0.001758	0.424204	0.000085	0.012702	0.001100	0.481216
154	0.074474	0.002267	0.000191	0.001738	0.427036	0.000085	0.012532	0.001047	0.480630
155	0.072839	0.002186	0.000154	0.001764	0.430059	0.000097	0.012399	0.001008	0.479494
156	0.071088	0.002100	0.000147	0.001749	0.433566	0.000106	0.012268	0.000973	0.478003
157	0.069619	0.001972	0.000134	0.001755	0.436508	0.000114	0.012228	0.000974	0.476696
158	0.068102	0.001929	0.000115	0.001758	0.439515	0.000106	0.012091	0.000974	0.475410
159	0.066531	0.001889	0.000120	0.001727	0.442758	0.000107	0.011899	0.000969	0.474000
160	0.064880	0.001799	0.000105	0.001738	0.446231	0.000110	0.011598	0.000957	0.472582
161	0.063401	0.001740	0.000085	0.001724	0.449149	0.000112	0.011420	0.000964	0.471405
162	0.062016	0.001697	0.000076	0.001691	0.452183	0.000111	0.011253	0.000909	0.470064
163	0.060588	0.001609	0.000078	0.001728	0.455097	0.000104	0.010965	0.000943	0.468888
164	0.059190	0.001586	0.000069	0.001765	0.458206	0.000095	0.010621	0.000939	0.467529
165	0.057772	0.001526	0.000067	0.001702	0.461064	0.000114	0.010502	0.000956	0.466297
166	0.056231	0.001459	0.000055	0.001680	0.464374	0.000112	0.010152	0.000934	0.465003
167	0.054850	0.001398	0.000059	0.001670	0.467509	0.000114	0.010007	0.000926	0.463467
168	0.053504	0.001324	0.000046	0.001656	0.470822	0.000101	0.009887	0.000928	0.461732
169	0.052204	0.001305	0.000046	0.001662	0.474108	0.000092	0.009864	0.000894	0.459825
170	0.050892	0.001265	0.000045	0.001700	0.476702	0.000094	0.009827	0.000884	0.458591
171	0.049764	0.001182	0.000042	0.001717	0.479608	0.000081	0.009769	0.000905	0.456932
172	0.048537	0.001134	0.000042	0.001750	0.482555	0.000083	0.009576	0.000869	0.455454
173	0.047369	0.001077	0.000042	0.001697	0.485446	0.000077	0.009440	0.000885	0.453967
174	0.046242	0.001082	0.000037	0.001689	0.488622	0.000084	0.009352	0.000896	0.451996
175	0.044911	0.001025	0.000029	0.001675	0.491602	0.000075	0.009322	0.000867	0.450494
176	0.043879	0.000998	0.000033	0.001618	0.494452	0.000057	0.009168	0.000858	0.448937
177	0.042990	0.000979	0.000029	0.001614	0.497318	0.000072	0.009154	0.000850	0.446994
178	0.041927	0.000939	0.000027	0.001576	0.500303	0.000074	0.008979	0.000847	0.445328
179	0.041124	0.000931	0.000026	0.001631	0.503309	0.000085	0.008829	0.000832	0.443233
180	0.040080	0.000860	0.000023	0.001608	0.506031	0.000076	0.008750	0.000881	0.441691
181	0.039250	0.000876	0.000022	0.001554	0.508554	0.000064	0.008624	0.000808	0.440248
182	0.038172	0.000822	0.000024	0.001589	0.511051	0.000052	0.008460	0.000786	0.439044
183	0.037273	0.000817	0.000020	0.001564	0.513521	0.000052	0.008392	0.000737	0.437624
184	0.036216	0.000794	0.000023	0.001582	0.516275	0.000047	0.008390	0.000732	0.435941
185	0.035434	0.000792	0.000021	0.001567	0.518856	0.000043	0.008314	0.000711	0.434262
186	0.034468	0.000770	0.000018	0.001625	0.521939	0.000053	0.008081	0.000685	0.432361
187	0.033539	0.000782	0.000015	0.001625	0.524606	0.000054	0.008036	0.000699	0.430644
188	0.032782	0.000746	0.000015	0.001625	0.526951	0.000052	0.007889	0.000708	0.429232
189	0.031949	0.000711	0.000008	0.001649	0.529829	0.000056	0.007689	0.000712	0.427397
190	0.031225	0.000653	0.000005	0.001628	0.532686	0.000050	0.007622	0.000712	0.425419
191	0.030405	0.000655	0.000002	0.001608	0.535749	0.000053	0.007552	0.000707	0.423269
192	0.029644	0.000631	0.000003	0.001624	0.538236	0.000052	0.007529	0.000687	0.421594
193	0.029046	0.000619	0.000003	0.001616	0.540534	0.000051	0.007426	0.000715	0.419990
194	0.028147	0.000580	0.000002	0.001589	0.543449	0.000045	0.007232	0.000705	0.418251
195	0.027561	0.000553	0.000001	0.001577	0.546024	0.000040	0.007191	0.000721	0.416332
196	0.027000	0.000544	0.000001	0.001569	0.548629	0.000044	0.007119	0.000693	0.414401
197	0.026352	0.000534	0.000000	0.001575	0.551261	0.000047	0.007034	0.000697	0.412500
198	0.025573	0.000487	0.000000	0.001603	0.553731	0.000041	0.007048	0.000707	0.410810
199	0.024755	0.000488	0.000000	0.001582	0.556348	0.000033	0.007001	0.000700	0.409093
200	0.024088	0.000504	0.000000	0.001555	0.558983	0.000035	0.006961	0.000702	0.407172
201	0.023510	0.000482	0.000000	0.001518	0.561224	0.000040	0.006907	0.000683	0.405636
202	0.022843	0.000490	0.000000	0.001570	0.563487	0.000035	0.006802	0.000691	0.404082
203	0.022336	0.000464	0.000000	0.001569	0.566429	0.000039	0.006635	0.000674	0.401854
204	0.021707	0.000462	0.000000	0.001553	0.568941	0.000043	0.006632	0.000692	0.399970
205	0.021158	0.000452	0.000000	0.001582	0.571520	0.000046	0.006575	0.000700	0.397967
206	0.020561	0.000436	0.000000	0.001522	0.573983	0.000048	0.006578	0.000713	0.396159
207	0.020020	0.000431	0.000000	0.001559	0.576513	0.000045	0.006672	0.000703	0.394057
208	0.019474	0.000409	0.000000	0.001545	0.578999	0.000043	0.006620	0.000712	0.392198
209	0.018973	0.000374	0.000000	0.001578	0.581641	0.000048	0.006638	0.000706	0.390042
210	0.018249	0.000350	0.000000	0.001567	0.584540	0.000036	0.006562	0.000666	0.388030
211	0.017751	0.000351	0.000000	0.001566	0.587035	0.000036	0.006450	0.000679	0.386132
212	0.017245	0.000341	0.000000	0.001542	0.589275	0.000031	0.006321	0.000683	0.384562
213	0.016784	0.000317	0.000000	0.001549	0.591782	0.000035	0.006293	0.000686	0.382554
214	0.016242	0.000297	0.000000	0.001559	0.594029	0.000034	0.006191	0.000686	0.380962
215	0.015952	0.000306	0.000000	0.001520	0.596595	0.000035	0.006074	0.000678	0.378840
216	0.015597	0.000288	0.000000	0.001541	0.599175	0.000030	0.006012	0.000665	0.376692
217	0.015059	0.000253	0.000000	0.001526	0.601953	0.000032	0.006001	0.000671	0.374505
218	0.014713	0.000266	0.000000	0.001544	0.604065	0.000029	0.005969	0.000662	0.372752
219	0.014347	0.000237	0.000000	0.001568	0.605885	0.000025	0.005823	0.000682	0.371433
220	0.013983	0.000242	0.000000	0.001566	0.608322	0.000034	0.005661	0.000659	0.369533
221	0.013522	0.000246	0.000000	0.001573	0.610808	0.000032	0.005513	0.000653	0.367653
222	0.013182	0.000221	0.000000	0.001599	0.613259	0.000031	0.005488	0.000631	0.365589
223	0.012797	0.000214	0.000000	0.001615	0.615688	0.000036	0.005365	0.000594	0.363691
224	0.012454	0.000224	0.000000	0.001622	0.617962	0.000035	0.005250	0.000625	0.361828
225	0.012098	0.000196	0.000000	0.001614	0.620485	0.000039	0.005173	0.000610	0.359785
226	0.011754	0.000189	0.000000	0.001608	0.622701	0.000032	0.005013	0.000625	0.358078
227	0.011449	0.000192	0.000000	0.001601	0.625170	0.000033	0.005021	0.000647	0.355887
228	0.011105	0.000201	0.000000	0.001575	0.627663	0.000027	0.004908	0.000617	0.353904
229	0.010862	0.000197	0.000000	0.001598	0.630052	0.000026	0.004745	0.000614	0.351906
230	0.010607	0.000182	0.000000	0.001582	0.632349	0.000027	0.004698	0.000623	0.349932
231	0.010297	0.000161	0.000000	0.001559	0.634856	0.000027	0.004645	0.000622	0.347833
232	0.010012	0.000176	0.000000	0.001611	0.637341	0.000022	0.004559	0.000619	0.345660
233	0.009774	0.000169	0.000000	0.001640	0.639692	0.000026	0.004480	0.000620	0.343599
234	0.009478	0.000160	0.000000	0.001630	0.641757	0.000025	0.004401	0.000631	0.341918
235	0.009212	0.000150	0.000000	0.001623	0.643712	0.000024	0.004406	0.000601	0.340272
236	0.008866	0.000147	0.000000	0.001609	0.646339	0.000029	0.004245	0.000585	0.338180
237	0.008615	0.000135	0.000000	0.001599	0.648775	0.000026	0.004251	0.000569	0.336030
238	0.008295	0.000152	0.000000	0.001565	0.651185	0.000029	0.004146	0.000554	0.334074
239	0.008025	0.000127	0.000000	0.001552	0.653159	0.000022	0.004165	0.000545	0.332405
240	0.007795	0.000126	0.000000	0.001556	0.655283	0.000024	0.004111	0.000537	0.330568
241	0.007586	0.000124	0.000000	0.001555	0.657689	0.000024	0.004079	0.000528	0.328415
242	0.007343	0.000117	0.000000	0.001537	0.659971	0.000031	0.003960	0.000494	0.326547
243	0.007049	0.000130	0.000000	0.001559	0.662289	0.000026	0.003964	0.000487	0.324496
244	0.006865	0.000120	0.000000	0.001550	0.664456	0.000029	0.003931	0.000469	0.322580
245	0.006616	0.000107	0.000000	0.001520	0.666411	0.000025	0.003914	0.000444	0.320963
246	0.006485	0.000101	0.000000	0.001471	0.668852	0.000037	0.003880	0.000444	0.318730
247	0.006279	0.000087	0.000000	0.001471	0.671052	0.000034	0.003844	0.000431	0.316802
248	0.006086	0.000080	0.000000	0.001489	0.673215	0.000040	0.003812	0.000433	0.314845
249	0.005951	0.000073	0.000000	0.001469	0.675385	0.000032	0.003761	0.000426	0.312903
250	0.005715	0.000068	0.000000	0.001466	0.677620	0.000028	0.003608	0.000416	0.311079
251	0.005546	0.000065	0.000000	0.001456	0.679888	0.000032	0.003566	0.000429	0.309018
252	0.005423	0.000067	0.000000	0.001473	0.682063	0.000026	0.003476	0.000424	0.307048
253	0.005309	0.000058	0.000000	0.001506	0.683806	0.000029	0.003418	0.000399	0.305475
254	0.005154	0.000054	0.000000	0.001511	0.685938	0.000026	0.003383	0.000385	0.303549
255	0.005033	0.000049	0.000000	0.001542	0.688083	0.000029	0.003315	0.000350	0.301599
256	0.004897	0.000043	0.000000	0.001589	0.690272	0.000024	0.003229	0.000330	0.299616
257	0.004752	0.000035	0.000000	0.001585	0.692098	0.000035	0.003197	0.000317	0.297981
258	0.004580	0.000034	0.000000	0.001594	0.694379	0.000033	0.003134	0.000297	0.295949
259	0.004442	0.000030	0.000000	0.001612	0.696331	0.000030	0.003145	0.000305	0.294105
260	0.004417	0.000022	0.000000	0.001636	0.698522	0.000030	0.003138	0.000268	0.291967
261	0.004281	0.000023	0.000000	0.001634	0.700424	0.000038	0.003073	0.000272	0.290255
262	0.004125	0.000015	0.000000	0.001636	0.702667	0.000039	0.003003	0.000270	0.288245
263	0.004021	0.000009	0.000000	0.001628	0.704532	0.000032	0.002993	0.000270	0.286515
264	0.003953	0.000008	0.000000	0.001648	0.706463	0.000028	0.002911	0.000239	0.284750
265	0.003898	0.000007	0.000000	0.001662	0.708293	0.000030	0.002839	0.000233	0.283038
266	0.003862	0.000006	0.000000	0.001649	0.710228	0.000028	0.002769	0.000217	0.281241
267	0.003732	0.000006	0.000000	0.001668	0.712092	0.000022	0.002596	0.000221	0.279663
268	0.003607	0.000004	0.000000	0.001677	0.714151	0.000021	0.002526	0.000223	0.277791
269	0.003471	0.000006	0.000000	0.001696	0.715826	0.000025	0.002455	0.000218	0.276303
270	0.003331	0.000009	0.000000	0.001712	0.717640	0.000024	0.002435	0.000214	0.274635
271	0.003232	0.000008	0.000000	0.001704	0.719528	0.000032	0.002500	0.000188	0.272808
272	0.003060	0.000010	0.000000	0.001721	0.721512	0.000028	0.002457	0.000172	0.271040
273	0.002968	0.000013	0.000000	0.001765	0.723533	0.000031	0.002426	0.000184	0.269080
274	0.002868	0.000012	0.000000	0.001736	0.725516	0.000027	0.002410	0.000176	0.267255
275	0.002702	0.000009	0.000000	0.001734	0.727749	0.000027	0.002386	0.000169	0.265224
276	0.002608	0.000006	0.000000	0.001748	0.729539	0.000025	0.002398	0.000164	0.263512
277	0.002517	0.000003	0.000000	0.001744	0.731607	0.000026	0.002322	0.000160	0.261621
278	0.002419	0.000001	0.000000	0.001781	0.733435	0.000030	0.002318	0.000151	0.259865
279	0.002379	0.000002	0.000000	0.001826	0.735514	0.000030	0.002297	0.000140	0.257812
280	0.002254	0.000001	0.000000	0.001781	0.737338	0.000024	0.002290	0.000141	0.256171
281	0.002222	0.000001	0.000000	0.001748	0.739183	0.000027	0.002256	0.000136	0.254427
282	0.002154	0.000001	0.000000	0.001763	0.741164	0.000027	0.002244	0.000113	0.252534
283	0.002094	0.000002	0.000000	0.001774	0.743074	0.000026	0.002190	0.000116	0.250724
284	0.001983	0.000001	0.000000	0.001752	0.744882	0.000024	0.002119	0.000095	0.249144
285	0.001885	0.000001	0.000000	0.001718	0.746808	0.000030	0.002091	0.000090	0.247377
286	0.001837	0.000000	0.000000	0.001706	0.748430	0.000025	0.002085	0.000088	0.245829
287	0.001743	0.000000	0.000000	0.001696	0.749943	0.000021	0.002082	0.000077	0.244438
288	0.001697	0.000000	0.000000	0.001696	0.752113	0.000020	0.001978	0.000072	0.242424
289	0.001607	0.000000	0.000000	0.001709	0.753368	0.000018	0.002003	0.000070	0.241225
290	0.001551	0.000000	0.000000	0.001673	0.755255	0.000024	0.002019	0.000059	0.239419
291	0.001522	0.000000	0.000000	0.001704	0.757385	0.000017	0.002003	0.000053	0.237316
292	0.001462	0.000000	0.000000	0.001688	0.759173	0.000016	0.001936	0.000053	0.235672
293	0.001393	0.000000	0.000000	0.001675	0.760954	0.000025	0.001939	0.000048	0.233966
294	0.001371	0.000000	0.000000	0.001637	0.762761	0.000021	0.001933	0.000039	0.232238
295	0.001343	0.000000	0.000000	0.001615	0.764556	0.000022	0.001813	0.000040	0.230611
296	0.001322	0.000000	0.000000	0.001617	0.766451	0.000019	0.001829	0.000032	0.228730
297	0.001261	0.000000	0.000000	0.001557	0.768451	0.000024	0.001769	0.000027	0.226911
298	0.001212	0.000000	0.000000	0.001519	0.770369	0.000020	0.001721	0.000022	0.225137
299	0.001224	0.000000	0.000000	0.001554	0.771999	0.000021	0.001683	0.000025	0.223494
300	0.001185	0.000000	0.000000	0.001501	0.774056	0.000028	0.001659	0.000020	0.221551
301	0.001114	0.000000	0.000000	0.001508	0.775658	0.000026	0.001583	0.000022	0.220089
302	0.001045	0.000000	0.000000	0.001476	0.777341	0.000023	0.001531	0.000022	0.218562
303	0.001011	0.000000	0.000000	0.001474	0.778927	0.000026	0.001524	0.000024	0.217014
304	0.000951	0.000000	0.000000	0.001481	0.780317	0.000023	0.001510	0.000031	0.215687
305	0.000922	0.000000	0.000000	0.001457	0.782268	0.000029	0.001465	0.000025	0.213834
306	0.000857	0.000000	0.000000	0.001485	0.784044	0.000018	0.001451	0.000027	0.212118
307	0.000830	0.000000	0.000000	0.001472	0.785687	0.000020	0.001400	0.000026	0.210565
308	0.000817	0.000000	0.000000	0.001482	0.787410	0.000017	0.001390	0.000028	0.208856
309	0.000791	0.000000	0.000000	0.001477	0.789007	0.000028	0.001333	0.000022	0.207342
310	0.000758	0.000000	0.000000	0.001512	0.790406	0.000031	0.001353	0.000023	0.205917
311	0.000736	0.000000	0.000000	0.001464	0.792166	0.000029	0.001395	0.000016	0.204194
312	0.000730	0.000000	0.000000	0.001488	0.793987	0.000033	0.001359	0.000012	0.202391
313	0.000701	0.000000	0.000000	0.001478	0.795703	0.000037	0.001287	0.000013	0.200781
314	0.000700	0.000000	0.000000	0.001452	0.797297	0.000037	0.001262	0.000008	0.199244
315	0.000694	0.000000	0.000000	0.001432	0.799013	0.000035	0.001281	0.000006	0.197539
316	0.000654	0.000000	0.000000	0.001403	0.800248	0.000034	0.001288	0.000005	0.196368
317	0.000640	0.000000	0.000000	0.001445	0.801930	0.000038	0.001260	0.000003	0.194684
318	0.000619	0.000000	0.000000	0.001447	0.803425	0.000036	0.001280	0.000001	0.193192
319	0.000598	0.000000	0.000000	0.001480	0.804611	0.000037	0.001238	0.000000	0.192036
320	0.000614	0.000000	0.000000	0.001521	0.806057	0.000040	0.001224	0.000002	0.190542
321	0.000585	0.000000	0.000000	0.001504	0.807804	0.000045	0.001188	0.000003	0.188871
322	0.000583	0.000000	0.000000	0.001544	0.809300	0.000033	0.001152	0.000003	0.187385
323	0.000549	0.000000	0.000000	0.001533	0.810870	0.000037	0.001135	0.000001	0.185875
324	0.000534	0.000000	0.000000	0.001514	0.812350	0.000038	0.001097	0.000000	0.184467
325	0.000504	0.000000	0.000000	0.001499	0.813786	0.000037	0.001087	0.000002	0.183085
326	0.000474	0.000000	0.000000	0.001497	0.815185	0.000034	0.001029	0.000001	0.181780
327	0.000471	0.000000	0.000000	0.001468	0.816789	0.000032	0.000998	0.000001	0.180241
328	0.000457	0.000000	0.000000	0.001485	0.818183	0.000034	0.000984	0.000003	0.178854
329	0.000445	0.000000	0.000000	0.001501	0.819673	0.000039	0.000967	0.000001	0.177374
330	0.000430	0.000000	0.000000	0.001485	0.821278	0.000033	0.000960	0.000001	0.175813
331	0.000427	0.000000	0.000000	0.001469	0.822775	0.000031	0.000967	0.000001	0.174330
332	0.000416	0.000000	0.000000	0.001457	0.824499	0.000026	0.000989	0.000000	0.172613
333	0.000420	0.000000	0.000000	0.001499	0.825984	0.000030	0.000946	0.000000	0.171121
334	0.000420	0.000000	0.000000	0.001500	0.827162	0.000027	0.000964	0.000000	0.169927
335	0.000397	0.000000	0.000000	0.001516	0.828324	0.000019	0.000931	0.000000	0.168813
336	0.000397	0.000000	0.000000	0.001551	0.829716	0.000020	0.000898	0.000000	0.167418
337	0.000377	0.000000	0.000000	0.001497	0.831147	0.000027	0.000852	0.000000	0.166100
338	0.000330	0.000000	0.000000	0.001488	0.832677	0.000034	0.000832	0.000000	0.164639
339	0.000330	0.000000	0.000000	0.001495	0.834059	0.000032	0.000801	0.000000	0.163283
340	0.000347	0.000000	0.000000	0.001484	0.835639	0.000026	0.000792	0.000000	0.161712
341	0.000339	0.000000	0.000000	0.001498	0.836984	0.000021	0.000754	0.000000	0.160404
342	0.000311	0.000000	0.000000	0.001471	0.838304	0.000019	0.000748	0.000000	0.159147
343	0.000311	0.000000	0.000000	0.001455	0.839673	0.000014	0.000749	0.000000	0.157798
344	0.000289	0.000000	0.000000	0.001422	0.841096	0.000020	0.000738	0.000000	0.156435
345	0.000287	0.000000	0.000000	0.001426	0.842395	0.000021	0.000733	0.000000	0.155138
346	0.000287	0.000000	0.000000	0.001419	0.843868	0.000019	0.000738	0.000000	0.153669
347	0.000294	0.000000	0.000000	0.001419	0.845395	0.000025	0.000708	0.000000	0.152159
348	0.000299	0.000000	0.000000	0.001393	0.846678	0.000029	0.000694	0.000000	0.150907
349	0.000303	0.000000	0.000000	0.001379	0.847901	0.000030	0.000687	0.000000	0.149700
350	0.000306	0.000000	0.000000	0.001389	0.849348	0.000027	0.000639	0.000000	0.148291
351	0.000288	0.000000	0.000000	0.001401	0.850757	0.000024	0.000633	0.000000	0.146897
352	0.000282	0.000000	0.000000	0.001407	0.852264	0.000028	0.000649	0.000000	0.145370
353	0.000284	0.000000	0.000000	0.001395	0.853544	0.000025	0.000644	0.000000	0.144108
354	0.000291	0.000000	0.000000	0.001375	0.854621	0.000018	0.000615	0.000000	0.143080
355	0.000280	0.000000	0.000000	0.001323	0.855982	0.000021	0.000611	0.000000	0.141783
356	0.000273	0.000000	0.000000	0.001321	0.857354	0.000025	0.000626	0.000000	0.140401
357	0.000266	0.000000	0.000000	0.001320	0.858637	0.000029	0.000620	0.000000	0.139128
358	0.000252	0.000000	0.000000	0.001307	0.860064	0.000029	0.000575	0.000000	0.137773
359	0.000255	0.000000	0.000000	0.001319	0.861446	0.000025	0.000563	0.000000	0.136392
360	0.000270	0.000000	0.000000	0.001348	0.862560	0.000029	0.000528	0.000000	0.135265
361	0.000258	0.000000	0.000000	0.001373	0.863675	0.000029	0.000512	0.000000	0.134153
362	0.000269	0.000000	0.000000	0.001345	0.864930	0.000021	0.000532	0.000000	0.132903
363	0.000258	0.000000	0.000000	0.001370	0.866039	0.000025	0.000512	0.000000	0.131796
364	0.000260	0.000000	0.000000	0.001372	0.867191	0.000021	0.000516	0.000000	0.130640
365	0.000256	0.000000	0.000000	0.001339	0.868355	0.000026	0.000519	0.000000	0.129505
366	0.000239	0.000000	0.000000	0.001336	0.869652	0.000022	0.000506	0.000000	0.128245
367	0.000243	0.000000	0.000000	0.001297	0.870839	0.000025	0.000517	0.000000	0.127079
368	0.000231	0.000000	0.000000	0.001323	0.871818	0.000030	0.000499	0.000000	0.126099
369	0.000224	0.000000	0.000000	0.001341	0.872847	0.000031	0.000498	0.000000	0.125059
370	0.000232	0.000000	0.000000	0.001322	0.873936	0.000040	0.000472	0.000000	0.123998
371	0.000222	0.000000	0.000000	0.001325	0.875214	0.000030	0.000469	0.000000	0.122740
372	0.000231	0.000000	0.000000	0.001304	0.876376	0.000031	0.000449	0.000000	0.121609
373	0.000217	0.000000	0.000000	0.001338	0.877756	0.000028	0.000435	0.000000	0.120226
374	0.000219	0.000000	0.000000	0.001319	0.878960	0.000032	0.000436	0.000000	0.119034
375	0.000219	0.000000	0.000000	0.001355	0.879810	0.000029	0.000437	0.000000	0.118150
376	0.000206	0.000000	0.000000	0.001328	0.880967	0.000022	0.000457	0.000000	0.117020
377	0.000203	0.000000	0.000000	0.001301	0.882129	0.000023	0.000459	0.000000	0.115885
378	0.000204	0.000000	0.000000	0.001332	0.883244	0.000023	0.000450	0.000000	0.114747
379	0.000203	0.000000	0.000000	0.001331	0.884519	0.000024	0.000482	0.000000	0.113441
380	0.000195	0.000000	0.000000	0.001302	0.885724	0.000024	0.000459	0.000000	0.112296
381	0.000169	0.000000	0.000000	0.001310	0.886734	0.000021	0.000452	0.000000	0.111314
382	0.000165	0.000000	0.000000	0.001344	0.887819	0.000021	0.000451	0.000000	0.110200
383	0.000154	0.000000	0.000000	0.001360	0.888754	0.000017	0.000477	0.000000	0.109238
384	0.000147	0.000000	0.000000	0.001384	0.889811	0.000021	0.000464	0.000000	0.108173
385	0.000143	0.000000	0.000000	0.001369	0.890881	0.000023	0.000463	0.000000	0.107121
386	0.000137	0.000000	0.000000	0.001402	0.891929	0.000028	0.000474	0.000000	0.106030
387	0.000132	0.000000	0.000000	0.001379	0.893189	0.000024	0.000474	0.000000	0.104802
388	0.000129	0.000000	0.000000	0.001347	0.894304	0.000027	0.000483	0.000000	0.103710
389	0.000119	0.000000	0.000000	0.001359	0.895329	0.000033	0.000477	0.000000	0.102683
390	0.000104	0.000000	0.000000	0.001336	0.896264	0.000037	0.000463	0.000000	0.101796
391	0.000096	0.000000	0.000000	0.001358	0.897188	0.000031	0.000446	0.000000	0.100881
392	0.000092	0.000000	0.000000	0.001324	0.898210	0.000026	0.000470	0.000000	0.099878
393	0.000096	0.000000	0.000000	0.001303	0.899090	0.000021	0.000472	0.000000	0.099018
394	0.000095	0.000000	0.000000	0.001281	0.900131	0.000019	0.000469	0.000000	0.098005
395	0.000080	0.000000	0.000000	0.001249	0.901045	0.000021	0.000466	0.000000	0.097139
396	0.000075	0.000000	0.000000	0.001204	0.901984	0.000016	0.000441	0.000000	0.096280
397	0.000077	0.000000	0.000000	0.001220	0.903229	0.000022	0.000415	0.000000	0.095037
398	0.000076	0.000000	0.000000	0.001214	0.904444	0.000020	0.000403	0.000000	0.093843
399	0.000078	0.000000	0.000000	0.001200	0.905351	0.000016	0.000403	0.000000	0.092952
400	0.000070	0.000000	0.000000	0.001255	0.906165	0.000019	0.000388	0.000000	0.092103
401	0.000064	0.000000	0.000000	0.001255	0.907261	0.000023	0.000361	0.000000	0.091036
402	0.000072	0.000000	0.000000	0.001268	0.908067	0.000023	0.000338	0.000000	0.090232
403	0.000073	0.000000	0.000000	0.001268	0.909033	0.000026	0.000351	0.000000	0.089249
404	0.000081	0.000000	0.000000	0.001254	0.910074	0.000028	0.000311	0.000000	0.088252
405	0.000075	0.000000	0.000000	0.001274	0.911119	0.000038	0.000272	0.000000	0.087222
406	0.000082	0.000000	0.000000	0.001271	0.911886	0.000037	0.000273	0.000000	0.086451
407	0.000078	0.000000	0.000000	0.001263	0.912804	0.000041	0.000260	0.000000	0.085554
408	0.000079	0.000000	0.000000	0.001253	0.913800	0.000046	0.000254	0.000000	0.084568
409	0.000077	0.000000	0.000000	0.001290	0.914593	0.000038	0.000257	0.000000	0.083745
410	0.000072	0.000000	0.000000	0.001298	0.915442	0.000045	0.000254	0.000000	0.082889
411	0.000064	0.000000	0.000000	0.001319	0.916224	0.000051	0.000255	0.000000	0.082087
412	0.000067	0.000000	0.000000	0.001331	0.917280	0.000058	0.000244	0.000000	0.081020
413	0.000064	0.000000	0.000000	0.001348	0.917846	0.000053	0.000234	0.000000	0.080455
414	0.000063	0.000000	0.000000	0.001277	0.918762	0.000047	0.000230	0.000000	0.079621
415	0.000059	0.000000	0.000000	0.001255	0.919640	0.000050	0.000223	0.000000	0.078773
416	0.000052	0.000000	0.000000	0.001261	0.920477	0.000042	0.000217	0.000000	0.077951
417	0.000045	0.000000	0.000000	0.001292	0.921207	0.000044	0.000206	0.000000	0.077206
418	0.000049	0.000000	0.000000	0.001283	0.922018	0.000044	0.000198	0.000000	0.076408
419	0.000043	0.000000	0.000000	0.001271	0.922848	0.000043	0.000186	0.000000	0.075609
420	0.000035	0.000000	0.000000	0.001249	0.923660	0.000039	0.000210	0.000000	0.074807
421	0.000036	0.000000	0.000000	0.001252	0.924313	0.000047	0.000208	0.000000	0.074144
422	0.000035	0.000000	0.000000	0.001227	0.925025	0.000038	0.000202	0.000000	0.073473
423	0.000036	0.000000	0.000000	0.001197	0.925970	0.000044	0.000175	0.000000	0.072578
424	0.000034	0.000000	0.000000	0.001216	0.926736	0.000044	0.000181	0.000000	0.071789
425	0.000037	0.000000	0.000000	0.001217	0.927546	0.000040	0.000178	0.000000	0.070982
426	0.000036	0.000000	0.000000	0.001209	0.928349	0.000049	0.000165	0.000000	0.070192
427	0.000041	0.000000	0.000000	0.001187	0.929204	0.000046	0.000172	0.000000	0.069350
428	0.000042	0.000000	0.000000	0.001180	0.929940	0.000053	0.000170	0.000000	0.068615
429	0.000043	0.000000	0.000000	0.001170	0.930813	0.000043	0.000165	0.000000	0.067766
430	0.000045	0.000000	0.000000	0.001162	0.931652	0.000051	0.000166	0.000000	0.066924
431	0.000041	0.000000	0.000000	0.001154	0.932433	0.000056	0.000156	0.000000	0.066160
432	0.000037	0.000000	0.000000	0.001147	0.933238	0.000053	0.000161	0.000000	0.065364
433	0.000039	0.000000	0.000000	0.001151	0.934136	0.000059	0.000146	0.000000	0.064469
434	0.000035	0.000000	0.000000	0.001128	0.934581	0.000067	0.000138	0.000000	0.064051
435	0.000040	0.000000	0.000000	0.001098	0.935434	0.000062	0.000140	0.000000	0.063226
436	0.000026	0.000000	0.000000	0.001122	0.936172	0.000064	0.000128	0.000000	0.062488
437	0.000026	0.000000	0.000000	0.001087	0.937048	0.000061	0.000121	0.000000	0.061657
438	0.000025	0.000000	0.000000	0.001093	0.937704	0.000065	0.000115	0.000000	0.060998
439	0.000023	0.000000	0.000000	0.001058	0.938443	0.000063	0.000108	0.000000	0.060305
440	0.000021	0.000000	0.000000	0.001054	0.939106	0.000045	0.000106	0.000000	0.059668
441	0.000020	0.000000	0.000000	0.001045	0.939870	0.000040	0.000107	0.000000	0.058918
442	0.000014	0.000000	0.000000	0.001088	0.940202	0.000045	0.000092	0.000000	0.058559
443	0.000012	0.000000	0.000000	0.001098	0.940815	0.000048	0.000111	0.000000	0.057916
444	0.000015	0.000000	0.000000	0.001122	0.941448	0.000048	0.000102	0.000000	0.057265
445	0.000011	0.000000	0.000000	0.001124	0.942013	0.000058	0.000104	0.000000	0.056690
446	0.000008	0.000000	0.000000	0.001119	0.942603	0.000064	0.000100	0.000000	0.056106
447	0.000007	0.000000	0.000000	0.001085	0.943304	0.000064	0.000107	0.000000	0.055433
448	0.000008	0.000000	0.000000	0.001141	0.943777	0.000067	0.000103	0.000000	0.054904
449	0.000007	0.000000	0.000000	0.001143	0.944345	0.000059	0.000093	0.000000	0.054353
450	0.000003	0.000000	0.000000	0.001092	0.944992	0.000049	0.000098	0.000000	0.053766
451	0.000006	0.000000	0.000000	0.001062	0.945535	0.000056	0.000079	0.000000	0.053262
452	0.000004	0.000000	0.000000	0.001083	0.946109	0.000054	0.000074	0.000000	0.052676
453	0.000004	0.000000	0.000000	0.001065	0.946813	0.000051	0.000085	0.000000	0.051982
454	0.000005	0.000000	0.000000	0.001103	0.947348	0.000050	0.000085	0.000000	0.051409
455	0.000005	0.000000	0.000000	0.001083	0.947820	0.000060	0.000086	0.000000	0.050946
456	0.000004	0.000000	0.000000	0.001098	0.948362	0.000067	0.000079	0.000000	0.050390
457	0.000007	0.000000	0.000000	0.001081	0.949055	0.000070	0.000075	0.000000	0.049712
458	0.000006	0.000000	0.000000	0.001090	0.949677	0.000067	0.000078	0.000000	0.049082
459	0.000004	0.000000	0.000000	0.001093	0.950220	0.000075	0.000093	0.000000	0.048515
460	0.000002	0.000000	0.000000	0.001091	0.950925	0.000089	0.000079	0.000000	0.047814
461	0.000004	0.000000	0.000000	0.001085	0.951514	0.000086	0.000076	0.000000	0.047235
462	0.000004	0.000000	0.000000	0.001109	0.952134	0.000081	0.000075	0.000000	0.046597
463	0.000004	0.000000	0.000000	0.001136	0.952574	0.000074	0.000080	0.000000	0.046132
464	0.000008	0.000000	0.000000	0.001162	0.953017	0.000071	0.000078	0.000000	0.045664
465	0.000008	0.000000	0.000000	0.001170	0.953547	0.000070	0.000082	0.000000	0.045123
466	0.000010	0.000000	0.000000	0.001181	0.954019	0.000063	0.000096	0.000000	0.044631
467	0.000008	0.000000	0.000000	0.001189	0.954693	0.000061	0.000096	0.000000	0.043953
468	0.000008	0.000000	0.000000	0.001201	0.954986	0.000066	0.000091	0.000000	0.043648
469	0.000003	0.000000	0.000000	0.001197	0.955546	0.000061	0.000097	0.000000	0.043096
470	0.000001	0.000000	0.000000	0.001197	0.956096	0.000066	0.000085	0.000000	0.042555
