0	0.112313	0.112705	0.112246	0.112163	0.099932	0.112777	0.112658	0.112742	0.112464	0.100000
10	0.120522	0.096325	0.089198	0.149101	0.142466	0.114310	0.102582	0.085112	0.100384	0.100000
20	0.126286	0.071707	0.063076	0.187174	0.196651	0.100263	0.096025	0.058598	0.100220	0.100000
30	0.130333	0.051209	0.043911	0.220560	0.248652	0.083759	0.085483	0.037333	0.098760	0.100000
40	0.132475	0.035306	0.030461	0.248644	0.292410	0.068310	0.073630	0.022953	0.095811	0.100000
50	0.134057	0.023942	0.021528	0.272217	0.326996	0.054687	0.060629	0.013705	0.092239	0.100000
60	0.133906	0.016153	0.015249	0.292218	0.355383	0.043484	0.048741	0.008436	0.086430	0.100000
70	0.132791	0.011211	0.010929	0.309970	0.376462	0.035131	0.038359	0.004650	0.080497	0.100000
80	0.130048	0.007605	0.007691	0.326849	0.392524	0.028046	0.029798	0.002689	0.074750	0.100000
90	0.127159	0.004961	0.005570	0.343135	0.403524	0.022076	0.022548	0.001583	0.069444	0.100000
0	0.099185	0.100141	0.099713	0.100157	0.200368	0.100010	0.100465	0.100042	0.099919	0.200000
10	0.098680	0.078279	0.073989	0.134924	0.279681	0.103856	0.082036	0.066593	0.081962	0.200000
20	0.094134	0.049963	0.046276	0.169813	0.365193	0.093385	0.068032	0.038118	0.075086	0.200000
30	0.086775	0.029743	0.028757	0.199222	0.432040	0.079545	0.053908	0.020735	0.069275	0.200000
40	0.079835	0.017040	0.018541	0.223418	0.479733	0.066842	0.040511	0.010756	0.063324	0.200000
50	0.072244	0.009654	0.011655	0.246365	0.511540	0.055262	0.029852	0.005587	0.057841	0.200000
60	0.065832	0.005441	0.007411	0.267960	0.532231	0.045507	0.021155	0.002808	0.051655	0.200000
70	0.059198	0.003205	0.004927	0.288203	0.544663	0.037461	0.015004	0.001392	0.045947	0.200000
80	0.053355	0.001885	0.003357	0.309065	0.549685	0.030708	0.010420	0.000767	0.040758	0.200000
90	0.048474	0.001151	0.002279	0.328758	0.549511	0.025775	0.007024	0.000344	0.036684	0.200000
0	0.087310	0.087769	0.087682	0.087193	0.300165	0.087571	0.087699	0.087464	0.087147	0.300000
10	0.079440	0.061314	0.059299	0.118336	0.411590	0.092222	0.063319	0.049826	0.064654	0.300000
20	0.066940	0.033609	0.033892	0.147728	0.510125	0.082909	0.046392	0.024472	0.053933	0.300000
30	0.054971	0.016957	0.019225	0.173215	0.575257	0.072492	0.031718	0.011044	0.045121	0.300000
40	0.044587	0.008583	0.011070	0.195172	0.613927	0.062140	0.021663	0.005018	0.037840	0.300000
50	0.036573	0.004349	0.006502	0.215734	0.635425	0.052955	0.014139	0.002189	0.032134	0.300000
60	0.030231	0.002244	0.003659	0.236074	0.645847	0.044753	0.009330	0.000982	0.026880	0.300000
70	0.024953	0.001175	0.002284	0.255199	0.649384	0.037737	0.006098	0.000451	0.022719	0.300000
80	0.020961	0.000633	0.001446	0.274746	0.646452	0.032449	0.003908	0.000199	0.019206	0.300000
90	0.017752	0.000317	0.000944	0.294981	0.639445	0.027421	0.002523	0.000073	0.016544	0.300000
0	0.075051	0.075125	0.074772	0.074833	0.399974	0.075630	0.075178	0.074957	0.074480	0.400000
10	0.061982	0.046264	0.045878	0.101182	0.531801	0.079252	0.048240	0.037057	0.048344	0.400000
20	0.046593	0.022232	0.023642	0.124191	0.631117	0.071032	0.030330	0.015039	0.035824	0.400000
30	0.034734	0.009667	0.012301	0.144886	0.685195	0.061827	0.018110	0.005778	0.027502	0.400000
40	0.025572	0.004295	0.006369	0.163255	0.712749	0.053605	0.010685	0.002280	0.021190	0.400000
50	0.018933	0.001827	0.003272	0.179877	0.726845	0.045738	0.006243	0.000913	0.016352	0.400000
60	0.014274	0.000842	0.001807	0.197970	0.729325	0.039083	0.003715	0.000359	0.012625	0.400000
70	0.010938	0.000393	0.001041	0.215153	0.726303	0.033507	0.002232	0.000141	0.010292	0.400000
80	0.008733	0.000175	0.000623	0.232840	0.719826	0.028353	0.001370	0.000075	0.008005	0.400000
90	0.006986	0.000082	0.000362	0.252275	0.708485	0.024445	0.000913	0.000026	0.006426	0.400000
0	0.062888	0.062292	0.062548	0.062336	0.499796	0.062435	0.062669	0.062604	0.062432	0.500000
10	0.046141	0.035011	0.034677	0.083496	0.639276	0.066286	0.034204	0.025753	0.035156	0.500000
20	0.031420	0.014498	0.016037	0.101411	0.726173	0.059685	0.018528	0.008871	0.023377	0.500000
30	0.020783	0.005764	0.007575	0.116609	0.768215	0.052133	0.009856	0.002963	0.016102	0.500000
40	0.013958	0.002282	0.003585	0.130599	0.786035	0.045429	0.005377	0.001098	0.011637	0.500000
50	0.009651	0.000933	0.001789	0.144767	0.791213	0.039693	0.002971	0.000424	0.008559	0.500000
60	0.006765	0.000365	0.000955	0.159519	0.789226	0.034897	0.001623	0.000172	0.006478	0.500000
70	0.004865	0.000146	0.000464	0.174027	0.784558	0.029912	0.000916	0.000060	0.005052	0.500000
80	0.003684	0.000075	0.000276	0.189603	0.776109	0.025679	0.000500	0.000024	0.004050	0.500000
90	0.002811	0.000019	0.000136	0.205601	0.765315	0.022379	0.000307	0.000012	0.003420	0.500000
0	0.050160	0.049753	0.050078	0.050137	0.600279	0.049996	0.049968	0.050178	0.049451	0.600000
10	0.033210	0.024376	0.025247	0.064718	0.735155	0.051898	0.023258	0.017550	0.024588	0.600000
20	0.019581	0.008763	0.010470	0.077669	0.806209	0.046731	0.011089	0.005176	0.014312	0.600000
30	0.011817	0.003083	0.004264	0.088412	0.836084	0.040749	0.005328	0.001491	0.008772	0.600000
40	0.006799	0.001119	0.001927	0.099677	0.846248	0.035566	0.002534	0.000474	0.005656	0.600000
50	0.004156	0.000422	0.000884	0.110614	0.847860	0.030837	0.001260	0.000130	0.003837	0.600000
60	0.002513	0.000133	0.000398	0.121328	0.844846	0.027417	0.000607	0.000039	0.002719	0.600000
70	0.001677	0.000053	0.000213	0.132186	0.839847	0.023711	0.000339	0.000021	0.001953	0.600000
80	0.001097	0.000023	0.000078	0.143740	0.832691	0.020727	0.000199	0.000006	0.001439	0.600000
90	0.000800	0.000012	0.000027	0.156476	0.823297	0.018136	0.000138	0.000000	0.001114	0.600000
0	0.037503	0.037539	0.037559	0.037419	0.700385	0.037437	0.037468	0.037491	0.037199	0.700000
10	0.021866	0.016049	0.016797	0.046719	0.819282	0.037090	0.014975	0.011314	0.015908	0.700000
20	0.011833	0.005162	0.006079	0.054865	0.872047	0.032877	0.006050	0.002894	0.008193	0.700000
30	0.006515	0.001558	0.002289	0.061990	0.891436	0.028622	0.002476	0.000712	0.004402	0.700000
40	0.003693	0.000452	0.000824	0.069278	0.897266	0.024758	0.001064	0.000199	0.002466	0.700000
50	0.001952	0.000166	0.000361	0.077242	0.896340	0.021885	0.000536	0.000031	0.001487	0.700000
60	0.001135	0.000048	0.000141	0.084796	0.893230	0.019344	0.000281	0.000012	0.001013	0.700000
70	0.000664	0.000025	0.000066	0.092518	0.889211	0.016776	0.000141	0.000000	0.000599	0.700000
80	0.000398	0.000003	0.000048	0.101664	0.882680	0.014755	0.000063	0.000000	0.000389	0.700000
90	0.000318	0.000001	0.000028	0.110524	0.875631	0.013233	0.000036	0.000000	0.000229	0.700000
0	0.024970	0.024912	0.025224	0.025140	0.799349	0.025247	0.025416	0.025009	0.024733	0.800000
10	0.013107	0.009239	0.009940	0.030286	0.888644	0.024834	0.008480	0.006340	0.009130	0.800000
20	0.006244	0.002670	0.003189	0.034565	0.922890	0.021979	0.003158	0.001368	0.003937	0.800000
30	0.003141	0.000721	0.001042	0.039096	0.933216	0.019443	0.001101	0.000277	0.001963	0.800000
40	0.001620	0.000184	0.000353	0.043238	0.936195	0.016927	0.000360	0.000072	0.001051	0.800000
50	0.000908	0.000072	0.000122	0.048034	0.935079	0.015001	0.000155	0.000024	0.000605	0.800000
60	0.000547	0.000023	0.000050	0.053573	0.932149	0.013224	0.000059	0.000009	0.000366	0.800000
70	0.000286	0.000012	0.000013	0.058533	0.929516	0.011368	0.000042	0.000000	0.000230	0.800000
80	0.000166	0.000004	0.000013	0.064396	0.925107	0.010116	0.000014	0.000000	0.000184	0.800000
90	0.000094	0.000001	0.000012	0.070558	0.920078	0.009124	0.000011	0.000000	0.000122	0.800000
0	0.012339	0.012379	0.012489	0.012465	0.900362	0.012689	0.012385	0.012447	0.012445	0.900000
10	0.005749	0.003991	0.004470	0.014414	0.949799	0.011775	0.003485	0.002644	0.003673	0.900000
20	0.002512	0.001067	0.001309	0.016629	0.965165	0.010384	0.001058	0.000464	0.001412	0.900000
30	0.001179	0.000261	0.000406	0.018671	0.969117	0.009386	0.000329	0.000109	0.000542	0.900000
40	0.000572	0.000068	0.000122	0.021266	0.969383	0.008241	0.000103	0.000022	0.000223	0.900000
50	0.000300	0.000027	0.000043	0.023480	0.968734	0.007260	0.000042	0.000000	0.000114	0.900000
60	0.000149	0.000006	0.000020	0.025909	0.967399	0.006416	0.000023	0.000000	0.000078	0.900000
70	0.000091	0.000000	0.000007	0.028614	0.965396	0.005832	0.000014	0.000000	0.000046	0.900000
80	0.000037	0.000000	0.000005	0.031209	0.963714	0.004999	0.000002	0.000000	0.000034	0.900000
90	0.000019	0.000000	0.000001	0.034357	0.961206	0.004396	0.000001	0.000000	0.000020	0.900000
