0	0.290663	0.057897	0.229473	0.157588	0.029913	0.111872	0.085455	0.012259	0.024880
1	0.213239	0.044566	0.187013	0.139264	0.028860	0.122481	0.136321	0.026186	0.102070
2	0.198628	0.041012	0.171868	0.134025	0.029089	0.117001	0.153158	0.029177	0.126042
3	0.190795	0.038476	0.159488	0.129899	0.029719	0.110324	0.164829	0.030737	0.145733
4	0.184419	0.036373	0.147403	0.126062	0.030521	0.102923	0.175108	0.031988	0.165203
5	0.179256	0.034519	0.136141	0.122699	0.031437	0.095516	0.183854	0.032831	0.183747
6	0.174923	0.032906	0.124813	0.119454	0.032477	0.088878	0.191575	0.033599	0.201375
7	0.170620	0.031449	0.114332	0.116778	0.033564	0.081895	0.198348	0.034054	0.218960
8	0.166714	0.029848	0.105178	0.114422	0.034903	0.075100	0.203976	0.034506	0.235353
9	0.163182	0.028516	0.096202	0.111695	0.036420	0.068734	0.209401	0.034631	0.251219
10	0.159623	0.027480	0.087387	0.109689	0.038206	0.063251	0.213342	0.034577	0.266445
11	0.155672	0.026113	0.079912	0.107343	0.039814	0.058035	0.217424	0.034668	0.281019
12	0.153007	0.025049	0.073107	0.105070	0.041645	0.053079	0.219708	0.034425	0.294910
13	0.150459	0.024018	0.066520	0.102679	0.043736	0.048529	0.221950	0.034038	0.308071
14	0.147706	0.022850	0.060554	0.100446	0.045727	0.044310	0.223472	0.033911	0.321024
15	0.145097	0.021815	0.054862	0.098259	0.048088	0.040548	0.224671	0.033520	0.333140
16	0.142517	0.020867	0.049746	0.096271	0.050414	0.037343	0.224925	0.032787	0.345130
17	0.139813	0.019908	0.045200	0.094366	0.052768	0.034013	0.225027	0.032468	0.356437
18	0.137206	0.018860	0.041196	0.092062	0.055134	0.030965	0.224925	0.031878	0.367774
19	0.134752	0.018168	0.037434	0.090032	0.057802	0.028320	0.224171	0.031520	0.377801
20	0.131979	0.017203	0.034161	0.087970	0.059952	0.026110	0.223562	0.030738	0.388325
21	0.129549	0.016423	0.031047	0.085582	0.062574	0.023984	0.223089	0.029928	0.397824
22	0.126913	0.015364	0.028441	0.083499	0.064945	0.021799	0.221996	0.029637	0.407406
23	0.124237	0.014672	0.025839	0.081498	0.067515	0.020008	0.220778	0.029144	0.416309
24	0.121604	0.013992	0.023307	0.079807	0.070374	0.018215	0.219154	0.028732	0.424815
25	0.119271	0.013270	0.021018	0.077765	0.072819	0.016833	0.217858	0.028074	0.433092
26	0.117050	0.012614	0.019139	0.075566	0.075203	0.015401	0.216326	0.027707	0.440994
27	0.114415	0.012025	0.017361	0.073367	0.077561	0.014156	0.214862	0.027098	0.449155
28	0.112014	0.011267	0.015784	0.071433	0.080481	0.012747	0.213201	0.026602	0.456471
29	0.109198	0.010695	0.014342	0.069535	0.083123	0.011781	0.211289	0.025943	0.464094
30	0.106662	0.010086	0.013091	0.067499	0.086006	0.010564	0.209436	0.025508	0.471148
31	0.103902	0.009628	0.011686	0.065501	0.088750	0.009842	0.207485	0.024830	0.478376
32	0.101490	0.009122	0.010570	0.063440	0.091500	0.009105	0.205194	0.024551	0.485028
33	0.098562	0.008702	0.009591	0.061769	0.094343	0.008395	0.203241	0.024306	0.491091
34	0.096192	0.008257	0.008674	0.060126	0.096845	0.007771	0.201042	0.023676	0.497417
35	0.093596	0.007897	0.007969	0.058121	0.099439	0.007139	0.199073	0.023080	0.503686
36	0.090915	0.007507	0.007285	0.056144	0.102138	0.006489	0.196977	0.022512	0.510033
37	0.088197	0.007162	0.006588	0.054479	0.104717	0.005914	0.194738	0.022124	0.516081
38	0.086000	0.006868	0.005924	0.052857	0.107344	0.005380	0.192542	0.021701	0.521384
39	0.083561	0.006426	0.005249	0.051323	0.109886	0.004915	0.190827	0.021186	0.526627
40	0.080805	0.006054	0.004790	0.049735	0.112431	0.004629	0.188730	0.020748	0.532078
41	0.078427	0.005711	0.004329	0.048541	0.114767	0.004210	0.187060	0.020328	0.536627
42	0.075866	0.005360	0.003925	0.046906	0.117444	0.003868	0.185299	0.019904	0.541428
43	0.073527	0.005019	0.003534	0.045591	0.120112	0.003637	0.182927	0.019636	0.546017
44	0.071169	0.004815	0.003219	0.043984	0.122650	0.003275	0.181440	0.019390	0.550058
45	0.068845	0.004651	0.002891	0.042419	0.125115	0.002949	0.179127	0.018942	0.555061
46	0.066627	0.004300	0.002609	0.040958	0.127453	0.002701	0.177309	0.018660	0.559383
47	0.064459	0.004086	0.002321	0.039854	0.129416	0.002516	0.174635	0.018313	0.564400
48	0.062126	0.003881	0.002054	0.038510	0.131422	0.002313	0.172691	0.017917	0.569086
49	0.059949	0.003668	0.001867	0.037132	0.133588	0.002115	0.170870	0.017691	0.573120
50	0.057621	0.003456	0.001751	0.035884	0.136126	0.001992	0.168947	0.017386	0.576837
51	0.055477	0.003326	0.001603	0.034705	0.138163	0.001774	0.166673	0.017001	0.581278
52	0.053149	0.003152	0.001458	0.033593	0.140801	0.001642	0.164271	0.016583	0.585351
53	0.051173	0.003071	0.001285	0.032355	0.142862	0.001528	0.162912	0.016265	0.588549
54	0.049360	0.002939	0.001150	0.031473	0.145118	0.001394	0.160594	0.016134	0.591838
55	0.047211	0.002841	0.001018	0.030212	0.147080	0.001293	0.159098	0.015702	0.595545
56	0.045325	0.002734	0.000925	0.029100	0.148889	0.001149	0.157888	0.015432	0.598558
57	0.043362	0.002530	0.000846	0.028310	0.150920	0.001079	0.156234	0.015087	0.601632
58	0.041492	0.002372	0.000773	0.027464	0.152995	0.001008	0.154578	0.014754	0.604564
59	0.039550	0.002241	0.000670	0.026318	0.154900	0.000913	0.152813	0.014481	0.608114
60	0.037940	0.002071	0.000584	0.025239	0.156927	0.000834	0.151165	0.014302	0.610938
61	0.036193	0.001949	0.000525	0.024277	0.158616	0.000728	0.149384	0.014079	0.614249
62	0.034432	0.001835	0.000473	0.023406	0.160948	0.000685	0.148162	0.013927	0.616132
63	0.032774	0.001732	0.000416	0.022517	0.162834	0.000583	0.146385	0.013606	0.619153
64	0.031251	0.001632	0.000365	0.021866	0.164838	0.000553	0.144413	0.013468	0.621614
65	0.029908	0.001501	0.000327	0.021289	0.166463	0.000507	0.142588	0.013127	0.624290
66	0.028472	0.001420	0.000293	0.020571	0.168315	0.000469	0.141076	0.012810	0.626574
67	0.027075	0.001301	0.000302	0.019828	0.169891	0.000402	0.139744	0.012622	0.628835
68	0.025651	0.001236	0.000265	0.018922	0.171929	0.000365	0.138263	0.012437	0.630932
69	0.024462	0.001129	0.000242	0.018377	0.173189	0.000342	0.136977	0.012196	0.633086
70	0.023403	0.001042	0.000211	0.017871	0.174809	0.000317	0.135887	0.012100	0.634360
71	0.022226	0.000945	0.000171	0.017256	0.176020	0.000291	0.134762	0.011936	0.636393
72	0.021116	0.000837	0.000146	0.016667	0.177631	0.000286	0.133406	0.011596	0.638315
73	0.020229	0.000793	0.000128	0.016131	0.179406	0.000275	0.132355	0.011480	0.639203
74	0.019457	0.000697	0.000104	0.015392	0.180826	0.000251	0.130793	0.011432	0.641048
75	0.018484	0.000605	0.000077	0.014906	0.182236	0.000232	0.129721	0.011246	0.642493
76	0.017602	0.000587	0.000070	0.014500	0.183403	0.000215	0.128727	0.010998	0.643898
77	0.016742	0.000554	0.000060	0.013944	0.184617	0.000185	0.127083	0.010906	0.645909
78	0.015923	0.000485	0.000054	0.013484	0.186052	0.000173	0.126195	0.010683	0.646951
79	0.015136	0.000435	0.000047	0.013017	0.186992	0.000167	0.125054	0.010589	0.648563
80	0.014466	0.000373	0.000044	0.012534	0.188166	0.000167	0.123808	0.010428	0.650014
81	0.013899	0.000350	0.000032	0.012170	0.189354	0.000153	0.122283	0.010452	0.651307
82	0.013176	0.000294	0.000025	0.011726	0.190398	0.000135	0.121179	0.010306	0.652761
83	0.012560	0.000248	0.000020	0.011373	0.191499	0.000107	0.119619	0.010325	0.654249
84	0.011911	0.000228	0.000022	0.011022	0.192649	0.000086	0.118019	0.010086	0.655977
85	0.011344	0.000207	0.000023	0.010803	0.193679	0.000083	0.116765	0.010012	0.657084
86	0.010726	0.000191	0.000024	0.010432	0.194762	0.000085	0.115453	0.009864	0.658463
87	0.010258	0.000160	0.000017	0.010123	0.195486	0.000083	0.114281	0.009760	0.659832
88	0.009777	0.000148	0.000016	0.009773	0.196341	0.000069	0.113060	0.009504	0.661312
89	0.009181	0.000135	0.000015	0.009446	0.197525	0.000055	0.111755	0.009266	0.662622
90	0.008653	0.000127	0.000012	0.009091	0.198593	0.000047	0.110234	0.009231	0.664012
91	0.008150	0.000131	0.000012	0.008790	0.199600	0.000046	0.109580	0.009045	0.664646
92	0.007740	0.000135	0.000010	0.008565	0.200713	0.000051	0.108551	0.008969	0.665266
93	0.007445	0.000130	0.000008	0.008224	0.201482	0.000045	0.107437	0.008775	0.666454
94	0.007088	0.000109	0.000010	0.007942	0.202435	0.000038	0.106148	0.008614	0.667616
95	0.006620	0.000097	0.000007	0.007515	0.203291	0.000035	0.105193	0.008659	0.668583
96	0.006266	0.000095	0.000006	0.007221	0.204283	0.000031	0.104417	0.008575	0.669106
97	0.005937	0.000087	0.000003	0.006979	0.205135	0.000033	0.103292	0.008385	0.670149
98	0.005557	0.000079	0.000004	0.006769	0.205997	0.000029	0.102613	0.008260	0.670692
99	0.005274	0.000061	0.000004	0.006495	0.206844	0.000032	0.101838	0.008298	0.671154
100	0.004958	0.000054	0.000006	0.006314	0.207429	0.000020	0.100868	0.008071	0.672280
101	0.004730	0.000054	0.000006	0.005988	0.208163	0.000018	0.100102	0.008014	0.672925
102	0.004506	0.000046	0.000004	0.005866	0.208701	0.000017	0.099069	0.007728	0.674063
103	0.004235	0.000049	0.000003	0.005716	0.209136	0.000016	0.098821	0.007420	0.674604
104	0.004042	0.000056	0.000002	0.005486	0.209694	0.000009	0.097467	0.007305	0.675939
105	0.003800	0.000056	0.000002	0.005312	0.210436	0.000009	0.096467	0.007302	0.676616
106	0.003633	0.000057	0.000002	0.005217	0.211239	0.000008	0.095395	0.007226	0.677223
107	0.003442	0.000053	0.000002	0.005096	0.211741	0.000004	0.094474	0.007194	0.677994
108	0.003228	0.000051	0.000000	0.004970	0.211906	0.000005	0.094138	0.007093	0.678609
109	0.003062	0.000046	0.000000	0.004858	0.212165	0.000007	0.093252	0.006970	0.679640
110	0.002906	0.000041	0.000000	0.004684	0.212685	0.000003	0.092389	0.006879	0.680413
111	0.002730	0.000035	0.000000	0.004457	0.213429	0.000001	0.091999	0.006790	0.680559
112	0.002573	0.000034	0.000000	0.004263	0.213881	0.000002	0.091582	0.006785	0.680880
113	0.002417	0.000038	0.000000	0.004144	0.214293	0.000000	0.090773	0.006639	0.681696
114	0.002331	0.000040	0.000000	0.004020	0.214597	0.000000	0.090226	0.006554	0.682232
115	0.002150	0.000038	0.000000	0.003908	0.214805	0.000000	0.089743	0.006477	0.682879
116	0.002095	0.000037	0.000000	0.003779	0.215226	0.000000	0.089084	0.006370	0.683409
117	0.001978	0.000036	0.000000	0.003706	0.215395	0.000000	0.088207	0.006336	0.684342
118	0.001852	0.000038	0.000000	0.003606	0.215541	0.000000	0.087478	0.006293	0.685192
119	0.001743	0.000039	0.000000	0.003485	0.215442	0.000000	0.086261	0.006181	0.686849
120	0.001615	0.000032	0.000000	0.003556	0.215603	0.000000	0.085573	0.006085	0.687536
121	0.001536	0.000040	0.000000	0.003441	0.215965	0.000000	0.085203	0.005916	0.687899
122	0.001531	0.000032	0.000000	0.003389	0.215803	0.000000	0.084385	0.005831	0.689029
123	0.001507	0.000032	0.000000	0.003267	0.216260	0.000000	0.083607	0.005704	0.689623
124	0.001429	0.000027	0.000000	0.003102	0.216417	0.000000	0.082825	0.005630	0.690570
125	0.001320	0.000029	0.000000	0.003050	0.216944	0.000000	0.082029	0.005621	0.691007
126	0.001285	0.000029	0.000000	0.002896	0.217146	0.000000	0.081415	0.005547	0.691682
127	0.001236	0.000024	0.000000	0.002789	0.217722	0.000000	0.080513	0.005361	0.692355
128	0.001218	0.000023	0.000000	0.002721	0.217805	0.000000	0.079634	0.005179	0.693420
129	0.001196	0.000022	0.000000	0.002623	0.218018	0.000000	0.078921	0.005181	0.694039
130	0.001128	0.000016	0.000000	0.002574	0.218415	0.000000	0.078199	0.005110	0.694558
131	0.001071	0.000013	0.000000	0.002462	0.218261	0.000000	0.077521	0.005042	0.695630
132	0.000996	0.000013	0.000000	0.002379	0.218537	0.000000	0.077240	0.005011	0.695824
133	0.000942	0.000014	0.000000	0.002338	0.218751	0.000000	0.076400	0.005046	0.696509
134	0.000881	0.000013	0.000000	0.002195	0.218811	0.000000	0.076027	0.004971	0.697102
135	0.000831	0.000012	0.000000	0.002141	0.218989	0.000000	0.075577	0.004980	0.697470
136	0.000815	0.000012	0.000000	0.002083	0.218891	0.000000	0.074923	0.004922	0.698354
137	0.000784	0.000016	0.000000	0.002023	0.218642	0.000000	0.074601	0.004816	0.699118
138	0.000720	0.000013	0.000000	0.001991	0.218206	0.000000	0.073989	0.004903	0.700178
139	0.000680	0.000007	0.000000	0.001894	0.218551	0.000000	0.073043	0.004891	0.700934
140	0.000654	0.000008	0.000000	0.001871	0.218188	0.000000	0.072753	0.004819	0.701707
141	0.000627	0.000007	0.000000	0.001836	0.218398	0.000000	0.072181	0.004811	0.702140
142	0.000590	0.000003	0.000000	0.001823	0.218396	0.000000	0.071799	0.004848	0.702541
143	0.000532	0.000004	0.000000	0.001802	0.218426	0.000000	0.071056	0.004799	0.703381
144	0.000518	0.000005	0.000000	0.001764	0.218112	0.000000	0.070815	0.004790	0.703996
145	0.000507	0.000003	0.000000	0.001755	0.218190	0.000000	0.070352	0.004691	0.704502
146	0.000463	0.000000	0.000000	0.001653	0.218361	0.000000	0.070069	0.004617	0.704837
147	0.000460	0.000000	0.000000	0.001604	0.218470	0.000000	0.069666	0.004553	0.705247
148	0.000415	0.000000	0.000000	0.001600	0.218534	0.000000	0.069208	0.004504	0.705739
149	0.000375	0.000000	0.000000	0.001529	0.218247	0.000000	0.068921	0.004414	0.706514
150	0.000338	0.000000	0.000000	0.001508	0.218258	0.000000	0.068562	0.004429	0.706905
151	0.000318	0.000000	0.000000	0.001458	0.218178	0.000000	0.067892	0.004448	0.707706
152	0.000306	0.000000	0.000000	0.001393	0.218060	0.000000	0.067815	0.004399	0.708027
153	0.000261	0.000000	0.000000	0.001375	0.218212	0.000000	0.067319	0.004353	0.708480
154	0.000237	0.000000	0.000000	0.001334	0.218398	0.000000	0.067061	0.004327	0.708643
155	0.000221	0.000000	0.000000	0.001328	0.218252	0.000000	0.066728	0.004255	0.709216
156	0.000230	0.000000	0.000000	0.001308	0.218357	0.000000	0.066720	0.004222	0.709163
157	0.000228	0.000000	0.000000	0.001232	0.218451	0.000000	0.066026	0.004143	0.709920
158	0.000228	0.000000	0.000000	0.001230	0.218419	0.000000	0.065565	0.004147	0.710411
159	0.000232	0.000000	0.000000	0.001188	0.218126	0.000000	0.065190	0.004119	0.711145
160	0.000241	0.000000	0.000000	0.001177	0.217937	0.000000	0.064702	0.004138	0.711805
161	0.000226	0.000000	0.000000	0.001130	0.218055	0.000000	0.064384	0.004077	0.712128
162	0.000210	0.000000	0.000000	0.001114	0.218315	0.000000	0.064010	0.004050	0.712301
163	0.000199	0.000000	0.000000	0.001130	0.218186	0.000000	0.063701	0.004016	0.712768
164	0.000196	0.000000	0.000000	0.001133	0.218172	0.000000	0.062976	0.003962	0.713561
165	0.000192	0.000000	0.000000	0.001153	0.217855	0.000000	0.062648	0.003915	0.714237
166	0.000180	0.000000	0.000000	0.001103	0.217806	0.000000	0.062610	0.003899	0.714402
167	0.000168	0.000000	0.000000	0.001070	0.217520	0.000000	0.061928	0.003874	0.715440
168	0.000155	0.000000	0.000000	0.001081	0.217401	0.000000	0.061258	0.003741	0.716364
169	0.000161	0.000000	0.000000	0.001106	0.217341	0.000000	0.061028	0.003713	0.716651
170	0.000142	0.000000	0.000000	0.001037	0.217115	0.000000	0.060773	0.003799	0.717134
171	0.000139	0.000000	0.000000	0.000973	0.216869	0.000000	0.060706	0.003756	0.717557
172	0.000142	0.000000	0.000000	0.000930	0.216522	0.000000	0.060104	0.003784	0.718518
173	0.000115	0.000000	0.000000	0.000889	0.216303	0.000000	0.059562	0.003764	0.719367
174	0.000102	0.000000	0.000000	0.000879	0.216024	0.000000	0.059159	0.003749	0.720087
175	0.000107	0.000000	0.000000	0.000848	0.216140	0.000000	0.058776	0.003672	0.720457
176	0.000107	0.000000	0.000000	0.000847	0.215725	0.000000	0.058595	0.003621	0.721105
177	0.000096	0.000000	0.000000	0.000856	0.215718	0.000000	0.058260	0.003650	0.721420
178	0.000100	0.000000	0.000000	0.000845	0.215654	0.000000	0.057930	0.003624	0.721847
179	0.000093	0.000000	0.000000	0.000860	0.215565	0.000000	0.057318	0.003562	0.722602
180	0.000084	0.000000	0.000000	0.000805	0.215463	0.000000	0.056958	0.003522	0.723168
181	0.000078	0.000000	0.000000	0.000754	0.215307	0.000000	0.056788	0.003539	0.723534
182	0.000080	0.000000	0.000000	0.000727	0.215118	0.000000	0.056091	0.003457	0.724527
183	0.000068	0.000000	0.000000	0.000719	0.215002	0.000000	0.055818	0.003375	0.725018
184	0.000067	0.000000	0.000000	0.000697	0.215039	0.000000	0.055448	0.003447	0.725302
185	0.000075	0.000000	0.000000	0.000675	0.214689	0.000000	0.055095	0.003486	0.725980
186	0.000067	0.000000	0.000000	0.000650	0.214593	0.000000	0.054622	0.003479	0.726589
187	0.000067	0.000000	0.000000	0.000614	0.214479	0.000000	0.054613	0.003427	0.726800
188	0.000063	0.000000	0.000000	0.000625	0.214022	0.000000	0.054481	0.003467	0.727342
189	0.000071	0.000000	0.000000	0.000607	0.214105	0.000000	0.054120	0.003484	0.727613
190	0.000062	0.000000	0.000000	0.000637	0.213887	0.000000	0.053815	0.003428	0.728171
191	0.000073	0.000000	0.000000	0.000610	0.213520	0.000000	0.053622	0.003476	0.728699
192	0.000079	0.000000	0.000000	0.000594	0.213628	0.000000	0.053313	0.003445	0.728941
193	0.000074	0.000000	0.000000	0.000551	0.213424	0.000000	0.053244	0.003478	0.729229
194	0.000086	0.000000	0.000000	0.000543	0.213190	0.000000	0.052949	0.003469	0.729763
195	0.000085	0.000000	0.000000	0.000535	0.213049	0.000000	0.052390	0.003404	0.730537
196	0.000077	0.000000	0.000000	0.000511	0.213110	0.000000	0.052147	0.003343	0.730812
197	0.000074	0.000000	0.000000	0.000536	0.212476	0.000000	0.051966	0.003328	0.731620
198	0.000060	0.000000	0.000000	0.000557	0.212478	0.000000	0.051844	0.003307	0.731754
199	0.000056	0.000000	0.000000	0.000542	0.212377	0.000000	0.051531	0.003232	0.732262
200	0.000062	0.000000	0.000000	0.000562	0.212057	0.000000	0.051150	0.003185	0.732984
201	0.000070	0.000000	0.000000	0.000554	0.211666	0.000000	0.050757	0.003150	0.733803
202	0.000071	0.000000	0.000000	0.000539	0.211329	0.000000	0.050572	0.003095	0.734394
203	0.000070	0.000000	0.000000	0.000512	0.210737	0.000000	0.050355	0.003102	0.735224
204	0.000069	0.000000	0.000000	0.000500	0.210217	0.000000	0.050153	0.003133	0.735928
205	0.000079	0.000000	0.000000	0.000484	0.209983	0.000000	0.050111	0.003129	0.736214
206	0.000077	0.000000	0.000000	0.000506	0.209645	0.000000	0.049727	0.003102	0.736943
207	0.000081	0.000000	0.000000	0.000498	0.209582	0.000000	0.049370	0.003037	0.737432
208	0.000091	0.000000	0.000000	0.000477	0.209318	0.000000	0.048938	0.003034	0.738142
209	0.000094	0.000000	0.000000	0.000475	0.209158	0.000000	0.049129	0.003124	0.738020
210	0.000098	0.000000	0.000000	0.000477	0.208871	0.000000	0.049002	0.003115	0.738437
211	0.000091	0.000000	0.000000	0.000484	0.208687	0.000000	0.048849	0.003134	0.738755
212	0.000086	0.000000	0.000000	0.000486	0.208278	0.000000	0.048633	0.003146	0.739371
213	0.000086	0.000000	0.000000	0.000473	0.207989	0.000000	0.048393	0.003211	0.739848
214	0.000091	0.000000	0.000000	0.000460	0.208006	0.000000	0.047845	0.003211	0.740387
215	0.000093	0.000000	0.000000	0.000449	0.207674	0.000000	0.047950	0.003176	0.740658
216	0.000094	0.000000	0.000000	0.000432	0.207367	0.000000	0.047504	0.003111	0.741492
217	0.000101	0.000000	0.000000	0.000425	0.207136	0.000000	0.047348	0.003039	0.741951
218	0.000097	0.000000	0.000000	0.000399	0.206939	0.000000	0.047424	0.003062	0.742079
219	0.000091	0.000000	0.000000	0.000390	0.206701	0.000000	0.047049	0.003048	0.742721
220	0.000095	0.000000	0.000000	0.000357	0.206556	0.000000	0.046905	0.002990	0.743097
221	0.000096	0.000000	0.000000	0.000354	0.206040	0.000000	0.046615	0.002928	0.743967
222	0.000096	0.000000	0.000000	0.000375	0.205727	0.000000	0.046289	0.002987	0.744526
223	0.000102	0.000000	0.000000	0.000364	0.205438	0.000000	0.045941	0.003033	0.745122
224	0.000096	0.000000	0.000000	0.000357	0.204826	0.000000	0.045431	0.003068	0.746222
225	0.000100	0.000000	0.000000	0.000346	0.204551	0.000000	0.045326	0.003062	0.746615
226	0.000111	0.000000	0.000000	0.000316	0.204808	0.000000	0.045417	0.003007	0.746341
227	0.000108	0.000000	0.000000	0.000311	0.204788	0.000000	0.045353	0.002986	0.746454
228	0.000104	0.000000	0.000000	0.000300	0.204464	0.000000	0.045281	0.002984	0.746867
229	0.000095	0.000000	0.000000	0.000279	0.204288	0.000000	0.045066	0.003019	0.747253
230	0.000097	0.000000	0.000000	0.000291	0.204071	0.000000	0.044893	0.002972	0.747676
231	0.000086	0.000000	0.000000	0.000269	0.203821	0.000000	0.044927	0.002995	0.747902
232	0.000092	0.000000	0.000000	0.000255	0.203612	0.000000	0.044732	0.002969	0.748340
233	0.000092	0.000000	0.000000	0.000261	0.203253	0.000000	0.044582	0.002933	0.748879
234	0.000089	0.000000	0.000000	0.000246	0.202988	0.000000	0.044511	0.002906	0.749260
235	0.000086	0.000000	0.000000	0.000246	0.202981	0.000000	0.044320	0.002835	0.749532
236	0.000080	0.000000	0.000000	0.000231	0.202874	0.000000	0.044238	0.002874	0.749703
237	0.000089	0.000000	0.000000	0.000212	0.202377	0.000000	0.043933	0.002814	0.750575
238	0.000085	0.000000	0.000000	0.000208	0.202173	0.000000	0.043819	0.002729	0.750986
239	0.000081	0.000000	0.000000	0.000197	0.201489	0.000000	0.043600	0.002803	0.751830
240	0.000088	0.000000	0.000000	0.000208	0.201071	0.000000	0.043384	0.002731	0.752518
241	0.000086	0.000000	0.000000	0.000197	0.200961	0.000000	0.043222	0.002733	0.752801
242	0.000082	0.000000	0.000000	0.000208	0.200400	0.000000	0.043036	0.002765	0.753509
243	0.000087	0.000000	0.000000	0.000202	0.200127	0.000000	0.043010	0.002772	0.753802
244	0.000078	0.000000	0.000000	0.000232	0.199634	0.000000	0.042829	0.002807	0.754420
245	0.000082	0.000000	0.000000	0.000240	0.199436	0.000000	0.042654	0.002758	0.754830
246	0.000076	0.000000	0.000000	0.000234	0.198929	0.000000	0.042582	0.002773	0.755406
247	0.000066	0.000000	0.000000	0.000237	0.198792	0.000000	0.041819	0.002735	0.756351
248	0.000057	0.000000	0.000000	0.000233	0.198374	0.000000	0.041860	0.002756	0.756720
249	0.000048	0.000000	0.000000	0.000229	0.198092	0.000000	0.041790	0.002735	0.757106
250	0.000047	0.000000	0.000000	0.000225	0.197796	0.000000	0.041534	0.002758	0.757640
251	0.000046	0.000000	0.000000	0.000224	0.197345	0.000000	0.041057	0.002730	0.758598
252	0.000046	0.000000	0.000000	0.000222	0.197396	0.000000	0.041008	0.002707	0.758621
253	0.000050	0.000000	0.000000	0.000204	0.197374	0.000000	0.040782	0.002729	0.758861
254	0.000054	0.000000	0.000000	0.000204	0.196977	0.000000	0.040371	0.002665	0.759729
255	0.000049	0.000000	0.000000	0.000194	0.196831	0.000000	0.040089	0.002729	0.760108
256	0.000039	0.000000	0.000000	0.000195	0.196145	0.000000	0.039768	0.002755	0.761098
257	0.000042	0.000000	0.000000	0.000209	0.195736	0.000000	0.039646	0.002680	0.761687
258	0.000040	0.000000	0.000000	0.000203	0.195460	0.000000	0.039488	0.002664	0.762145
259	0.000038	0.000000	0.000000	0.000216	0.194785	0.000000	0.039274	0.002615	0.763072
260	0.000030	0.000000	0.000000	0.000215	0.194425	0.000000	0.039014	0.002584	0.763732
261	0.000022	0.000000	0.000000	0.000213	0.194433	0.000000	0.038755	0.002560	0.764017
262	0.000017	0.000000	0.000000	0.000202	0.194294	0.000000	0.038711	0.002458	0.764318
263	0.000013	0.000000	0.000000	0.000207	0.193983	0.000000	0.038474	0.002533	0.764790
264	0.000012	0.000000	0.000000	0.000220	0.193778	0.000000	0.038589	0.002500	0.764901
265	0.000010	0.000000	0.000000	0.000231	0.193156	0.000000	0.038364	0.002508	0.765731
266	0.000011	0.000000	0.000000	0.000209	0.192607	0.000000	0.038361	0.002501	0.766311
267	0.000004	0.000000	0.000000	0.000205	0.192132	0.000000	0.038242	0.002480	0.766937
268	0.000004	0.000000	0.000000	0.000202	0.192119	0.000000	0.038135	0.002417	0.767123
269	0.000004	0.000000	0.000000	0.000187	0.192198	0.000000	0.037814	0.002413	0.767384
270	0.000002	0.000000	0.000000	0.000204	0.191771	0.000000	0.037479	0.002406	0.768138
271	0.000001	0.000000	0.000000	0.000193	0.191371	0.000000	0.037201	0.002396	0.768838
272	0.000000	0.000000	0.000000	0.000194	0.190997	0.000000	0.037295	0.002362	0.769152
273	0.000000	0.000000	0.000000	0.000200	0.190659	0.000000	0.037109	0.002392	0.769640
274	0.000000	0.000000	0.000000	0.000212	0.190496	0.000000	0.036939	0.002307	0.770046
275	0.000000	0.000000	0.000000	0.000217	0.190516	0.000000	0.036612	0.002290	0.770365
276	0.000000	0.000000	0.000000	0.000205	0.190222	0.000000	0.036463	0.002219	0.770891
277	0.000000	0.000000	0.000000	0.000201	0.190047	0.000000	0.036267	0.002156	0.771329
278	0.000000	0.000000	0.000000	0.000197	0.190032	0.000000	0.036157	0.002161	0.771453
279	0.000000	0.000000	0.000000	0.000201	0.189882	0.000000	0.036081	0.002120	0.771716
280	0.000000	0.000000	0.000000	0.000200	0.189618	0.000000	0.035767	0.002112	0.772303
281	0.000000	0.000000	0.000000	0.000163	0.189452	0.000000	0.035349	0.002088	0.772948
282	0.000000	0.000000	0.000000	0.000165	0.189400	0.000000	0.035185	0.002087	0.773163
283	0.000000	0.000000	0.000000	0.000169	0.189202	0.000000	0.034948	0.002092	0.773589
284	0.000000	0.000000	0.000000	0.000156	0.188908	0.000000	0.034978	0.002063	0.773895
285	0.000000	0.000000	0.000000	0.000147	0.188394	0.000000	0.034969	0.002023	0.774467
286	0.000000	0.000000	0.000000	0.000165	0.188286	0.000000	0.034725	0.002004	0.774820
287	0.000000	0.000000	0.000000	0.000174	0.187976	0.000000	0.034565	0.001946	0.775339
288	0.000000	0.000000	0.000000	0.000160	0.187494	0.000000	0.034374	0.001940	0.776032
289	0.000000	0.000000	0.000000	0.000154	0.187247	0.000000	0.034285	0.001906	0.776408
290	0.000000	0.000000	0.000000	0.000155	0.187065	0.000000	0.034145	0.001887	0.776748
291	0.000000	0.000000	0.000000	0.000148	0.187005	0.000000	0.034119	0.001904	0.776824
292	0.000000	0.000000	0.000000	0.000145	0.186664	0.000000	0.033875	0.001904	0.777412
293	0.000000	0.000000	0.000000	0.000137	0.186290	0.000000	0.033905	0.001943	0.777725
294	0.000000	0.000000	0.000000	0.000140	0.185789	0.000000	0.033764	0.001949	0.778358
295	0.000000	0.000000	0.000000	0.000137	0.185358	0.000000	0.033713	0.001905	0.778887
296	0.000000	0.000000	0.000000	0.000129	0.184762	0.000000	0.033470	0.001899	0.779740
297	0.000000	0.000000	0.000000	0.000137	0.184405	0.000000	0.033388	0.001921	0.780149
298	0.000000	0.000000	0.000000	0.000132	0.184024	0.000000	0.033364	0.001939	0.780541
299	0.000000	0.000000	0.000000	0.000135	0.183655	0.000000	0.033371	0.001934	0.780905
300	0.000000	0.000000	0.000000	0.000133	0.183428	0.000000	0.033113	0.001925	0.781401
301	0.000000	0.000000	0.000000	0.000134	0.183090	0.000000	0.032852	0.001957	0.781967
302	0.000000	0.000000	0.000000	0.000129	0.182672	0.000000	0.032680	0.001916	0.782603
303	0.000000	0.000000	0.000000	0.000115	0.182474	0.000000	0.032431	0.001872	0.783108
304	0.000000	0.000000	0.000000	0.000112	0.182143	0.000000	0.032413	0.001878	0.783454
305	0.000000	0.000000	0.000000	0.000113	0.181475	0.000000	0.032332	0.001900	0.784180
306	0.000000	0.000000	0.000000	0.000108	0.181343	0.000000	0.032089	0.001875	0.784585
307	0.000000	0.000000	0.000000	0.000110	0.181222	0.000000	0.031906	0.001814	0.784948
308	0.000000	0.000000	0.000000	0.000100	0.180857	0.000000	0.031620	0.001857	0.785566
309	0.000000	0.000000	0.000000	0.000088	0.180515	0.000000	0.031423	0.001833	0.786141
310	0.000000	0.000000	0.000000	0.000082	0.180306	0.000000	0.031311	0.001820	0.786481
311	0.000000	0.000000	0.000000	0.000074	0.179966	0.000000	0.031328	0.001812	0.786820
312	0.000000	0.000000	0.000000	0.000078	0.179685	0.000000	0.031142	0.001826	0.787269
313	0.000000	0.000000	0.000000	0.000088	0.179568	0.000000	0.031044	0.001843	0.787457
314	0.000000	0.000000	0.000000	0.000096	0.179139	0.000000	0.031163	0.001802	0.787800
315	0.000000	0.000000	0.000000	0.000100	0.178891	0.000000	0.030938	0.001815	0.788256
316	0.000000	0.000000	0.000000	0.000092	0.178746	0.000000	0.030976	0.001798	0.788388
317	0.000000	0.000000	0.000000	0.000095	0.178626	0.000000	0.030922	0.001756	0.788601
318	0.000000	0.000000	0.000000	0.000099	0.178561	0.000000	0.030796	0.001734	0.788810
319	0.000000	0.000000	0.000000	0.000101	0.178212	0.000000	0.030845	0.001790	0.789052
320	0.000000	0.000000	0.000000	0.000096	0.177880	0.000000	0.030465	0.001740	0.789819
321	0.000000	0.000000	0.000000	0.000105	0.177783	0.000000	0.030289	0.001716	0.790107
322	0.000000	0.000000	0.000000	0.000108	0.177645	0.000000	0.030376	0.001683	0.790188
323	0.000000	0.000000	0.000000	0.000086	0.177502	0.000000	0.030221	0.001653	0.790538
324	0.000000	0.000000	0.000000	0.000091	0.177151	0.000000	0.029942	0.001660	0.791156
325	0.000000	0.000000	0.000000	0.000087	0.176879	0.000000	0.029934	0.001688	0.791412
326	0.000000	0.000000	0.000000	0.000074	0.176603	0.000000	0.029861	0.001655	0.791807
327	0.000000	0.000000	0.000000	0.000068	0.176499	0.000000	0.029743	0.001592	0.792098
328	0.000000	0.000000	0.000000	0.000069	0.175938	0.000000	0.029603	0.001586	0.792804
329	0.000000	0.000000	0.000000	0.000068	0.175605	0.000000	0.029331	0.001576	0.793420
330	0.000000	0.000000	0.000000	0.000065	0.175514	0.000000	0.028913	0.001556	0.793952
331	0.000000	0.000000	0.000000	0.000072	0.175538	0.000000	0.028779	0.001540	0.794071
332	0.000000	0.000000	0.000000	0.000079	0.175051	0.000000	0.028962	0.001578	0.794330
333	0.000000	0.000000	0.000000	0.000082	0.175008	0.000000	0.028765	0.001556	0.794589
334	0.000000	0.000000	0.000000	0.000074	0.174765	0.000000	0.028582	0.001556	0.795023
335	0.000000	0.000000	0.000000	0.000077	0.174787	0.000000	0.028531	0.001502	0.795103
336	0.000000	0.000000	0.000000	0.000063	0.174256	0.000000	0.028466	0.001490	0.795725
337	0.000000	0.000000	0.000000	0.000054	0.173978	0.000000	0.028341	0.001490	0.796137
338	0.000000	0.000000	0.000000	0.000049	0.173613	0.000000	0.028333	0.001512	0.796493
339	0.000000	0.000000	0.000000	0.000056	0.173257	0.000000	0.028373	0.001524	0.796790
340	0.000000	0.000000	0.000000	0.000053	0.172742	0.000000	0.028358	0.001525	0.797322
341	0.000000	0.000000	0.000000	0.000051	0.172299	0.000000	0.028220	0.001531	0.797899
342	0.000000	0.000000	0.000000	0.000053	0.171950	0.000000	0.028237	0.001496	0.798264
343	0.000000	0.000000	0.000000	0.000055	0.171711	0.000000	0.028199	0.001473	0.798562
344	0.000000	0.000000	0.000000	0.000054	0.171416	0.000000	0.027886	0.001469	0.799175
345	0.000000	0.000000	0.000000	0.000063	0.170866	0.000000	0.027846	0.001421	0.799804
346	0.000000	0.000000	0.000000	0.000064	0.170504	0.000000	0.027649	0.001391	0.800392
347	0.000000	0.000000	0.000000	0.000060	0.170325	0.000000	0.027681	0.001382	0.800552
348	0.000000	0.000000	0.000000	0.000061	0.169897	0.000000	0.027737	0.001383	0.800922
349	0.000000	0.000000	0.000000	0.000058	0.169575	0.000000	0.027806	0.001376	0.801185
350	0.000000	0.000000	0.000000	0.000056	0.169155	0.000000	0.027496	0.001364	0.801929
351	0.000000	0.000000	0.000000	0.000056	0.168715	0.000000	0.027246	0.001372	0.802611
352	0.000000	0.000000	0.000000	0.000061	0.168614	0.000000	0.027334	0.001337	0.802654
353	0.000000	0.000000	0.000000	0.000054	0.168007	0.000000	0.027361	0.001323	0.803255
354	0.000000	0.000000	0.000000	0.000052	0.167590	0.000000	0.027459	0.001282	0.803617
355	0.000000	0.000000	0.000000	0.000048	0.167415	0.000000	0.027421	0.001253	0.803863
356	0.000000	0.000000	0.000000	0.000058	0.166970	0.000000	0.027385	0.001254	0.804333
357	0.000000	0.000000	0.000000	0.000059	0.166602	0.000000	0.027421	0.001246	0.804672
358	0.000000	0.000000	0.000000	0.000053	0.166297	0.000000	0.027323	0.001230	0.805097
359	0.000000	0.000000	0.000000	0.000043	0.165916	0.000000	0.027338	0.001234	0.805469
360	0.000000	0.000000	0.000000	0.000052	0.165567	0.000000	0.027264	0.001226	0.805891
361	0.000000	0.000000	0.000000	0.000047	0.165472	0.000000	0.027167	0.001218	0.806096
362	0.000000	0.000000	0.000000	0.000048	0.165242	0.000000	0.026937	0.001223	0.806550
363	0.000000	0.000000	0.000000	0.000052	0.164967	0.000000	0.026757	0.001229	0.806995
364	0.000000	0.000000	0.000000	0.000057	0.164205	0.000000	0.026726	0.001207	0.807805
365	0.000000	0.000000	0.000000	0.000054	0.163929	0.000000	0.026348	0.001191	0.808478
366	0.000000	0.000000	0.000000	0.000058	0.163634	0.000000	0.026299	0.001210	0.808799
367	0.000000	0.000000	0.000000	0.000050	0.163035	0.000000	0.026020	0.001158	0.809737
368	0.000000	0.000000	0.000000	0.000039	0.162721	0.000000	0.026036	0.001159	0.810045
369	0.000000	0.000000	0.000000	0.000036	0.162397	0.000000	0.026022	0.001156	0.810389
370	0.000000	0.000000	0.000000	0.000036	0.162281	0.000000	0.026196	0.001110	0.810377
371	0.000000	0.000000	0.000000	0.000036	0.162106	0.000000	0.026141	0.001072	0.810645
372	0.000000	0.000000	0.000000	0.000028	0.161759	0.000000	0.025799	0.001067	0.811347
373	0.000000	0.000000	0.000000	0.000026	0.161188	0.000000	0.025848	0.001102	0.811836
374	0.000000	0.000000	0.000000	0.000026	0.160706	0.000000	0.025821	0.001138	0.812309
375	0.000000	0.000000	0.000000	0.000028	0.160380	0.000000	0.025687	0.001148	0.812757
376	0.000000	0.000000	0.000000	0.000024	0.160180	0.000000	0.025448	0.001154	0.813194
377	0.000000	0.000000	0.000000	0.000029	0.159929	0.000000	0.025431	0.001122	0.813489
378	0.000000	0.000000	0.000000	0.000032	0.159686	0.000000	0.025183	0.001083	0.814016
379	0.000000	0.000000	0.000000	0.000029	0.159377	0.000000	0.025145	0.001096	0.814353
380	0.000000	0.000000	0.000000	0.000025	0.159210	0.000000	0.025103	0.001074	0.814588
381	0.000000	0.000000	0.000000	0.000018	0.158843	0.000000	0.025028	0.001076	0.815035
382	0.000000	0.000000	0.000000	0.000023	0.158401	0.000000	0.024881	0.001088	0.815607
383	0.000000	0.000000	0.000000	0.000025	0.158273	0.000000	0.024823	0.001071	0.815808
384	0.000000	0.000000	0.000000	0.000024	0.157943	0.000000	0.024802	0.001097	0.816134
385	0.000000	0.000000	0.000000	0.000026	0.157794	0.000000	0.024756	0.001099	0.816325
386	0.000000	0.000000	0.000000	0.000028	0.157636	0.000000	0.024558	0.001097	0.816681
387	0.000000	0.000000	0.000000	0.000024	0.157323	0.000000	0.024414	0.001118	0.817121
388	0.000000	0.000000	0.000000	0.000023	0.157020	0.000000	0.024484	0.001142	0.817331
389	0.000000	0.000000	0.000000	0.000017	0.156692	0.000000	0.024637	0.001112	0.817542
390	0.000000	0.000000	0.000000	0.000017	0.156302	0.000000	0.024486	0.001138	0.818057
391	0.000000	0.000000	0.000000	0.000015	0.156415	0.000000	0.024190	0.001123	0.818257
392	0.000000	0.000000	0.000000	0.000019	0.156039	0.000000	0.024098	0.001127	0.818717
393	0.000000	0.000000	0.000000	0.000014	0.156065	0.000000	0.024154	0.001136	0.818631
394	0.000000	0.000000	0.000000	0.000014	0.155881	0.000000	0.024352	0.001187	0.818566
395	0.000000	0.000000	0.000000	0.000017	0.155468	0.000000	0.024207	0.001181	0.819127
396	0.000000	0.000000	0.000000	0.000014	0.155040	0.000000	0.024197	0.001162	0.819587
397	0.000000	0.000000	0.000000	0.000014	0.154660	0.000000	0.024138	0.001159	0.820029
398	0.000000	0.000000	0.000000	0.000014	0.154405	0.000000	0.023849	0.001149	0.820583
399	0.000000	0.000000	0.000000	0.000014	0.154300	0.000000	0.023998	0.001126	0.820562
400	0.000000	0.000000	0.000000	0.000009	0.153974	0.000000	0.023772	0.001145	0.821100
401	0.000000	0.000000	0.000000	0.000008	0.153841	0.000000	0.023566	0.001136	0.821449
402	0.000000	0.000000	0.000000	0.000005	0.153443	0.000000	0.023551	0.001145	0.821856
403	0.000000	0.000000	0.000000	0.000004	0.153330	0.000000	0.023513	0.001138	0.822015
404	0.000000	0.000000	0.000000	0.000006	0.152996	0.000000	0.023204	0.001133	0.822661
405	0.000000	0.000000	0.000000	0.000003	0.152856	0.000000	0.023074	0.001146	0.822921
406	0.000000	0.000000	0.000000	0.000003	0.152643	0.000000	0.022986	0.001142	0.823226
407	0.000000	0.000000	0.000000	0.000004	0.152294	0.000000	0.022881	0.001160	0.823661
408	0.000000	0.000000	0.000000	0.000004	0.151848	0.000000	0.022608	0.001212	0.824328
409	0.000000	0.000000	0.000000	0.000004	0.151557	0.000000	0.022543	0.001203	0.824693
410	0.000000	0.000000	0.000000	0.000006	0.151315	0.000000	0.022584	0.001171	0.824924
411	0.000000	0.000000	0.000000	0.000007	0.151176	0.000000	0.022506	0.001220	0.825091
412	0.000000	0.000000	0.000000	0.000005	0.150861	0.000000	0.022563	0.001196	0.825375
413	0.000000	0.000000	0.000000	0.000010	0.150806	0.000000	0.022486	0.001203	0.825495
414	0.000000	0.000000	0.000000	0.000012	0.150497	0.000000	0.022359	0.001217	0.825915
415	0.000000	0.000000	0.000000	0.000010	0.150589	0.000000	0.022310	0.001213	0.825878
416	0.000000	0.000000	0.000000	0.000010	0.150032	0.000000	0.022335	0.001182	0.826441
417	0.000000	0.000000	0.000000	0.000010	0.149804	0.000000	0.022290	0.001140	0.826756
418	0.000000	0.000000	0.000000	0.000011	0.149635	0.000000	0.022110	0.001165	0.827079
419	0.000000	0.000000	0.000000	0.000015	0.149459	0.000000	0.022158	0.001139	0.827229
420	0.000000	0.000000	0.000000	0.000008	0.148950	0.000000	0.022178	0.001155	0.827709
421	0.000000	0.000000	0.000000	0.000007	0.148700	0.000000	0.022069	0.001130	0.828094
422	0.000000	0.000000	0.000000	0.000004	0.148224	0.000000	0.021986	0.001150	0.828636
423	0.000000	0.000000	0.000000	0.000003	0.148066	0.000000	0.022181	0.001152	0.828598
424	0.000000	0.000000	0.000000	0.000006	0.148102	0.000000	0.022157	0.001146	0.828589
425	0.000000	0.000000	0.000000	0.000004	0.147762	0.000000	0.022116	0.001152	0.828966
426	0.000000	0.000000	0.000000	0.000005	0.147407	0.000000	0.022095	0.001127	0.829366
427	0.000000	0.000000	0.000000	0.000004	0.147050	0.000000	0.022153	0.001070	0.829723
428	0.000000	0.000000	0.000000	0.000002	0.146903	0.000000	0.022178	0.001025	0.829892
429	0.000000	0.000000	0.000000	0.000002	0.146784	0.000000	0.022026	0.001030	0.830158
430	0.000000	0.000000	0.000000	0.000000	0.146466	0.000000	0.022049	0.001047	0.830438
431	0.000000	0.000000	0.000000	0.000000	0.146087	0.000000	0.021832	0.001039	0.831042
432	0.000000	0.000000	0.000000	0.000000	0.145896	0.000000	0.021663	0.001040	0.831401
433	0.000000	0.000000	0.000000	0.000000	0.145665	0.000000	0.021570	0.001036	0.831729
434	0.000000	0.000000	0.000000	0.000000	0.145313	0.000000	0.021569	0.001032	0.832086
435	0.000000	0.000000	0.000000	0.000000	0.144708	0.000000	0.021414	0.001063	0.832815
436	0.000000	0.000000	0.000000	0.000000	0.144657	0.000000	0.021311	0.001052	0.832980
437	0.000000	0.000000	0.000000	0.000000	0.144352	0.000000	0.021377	0.001063	0.833208
438	0.000000	0.000000	0.000000	0.000000	0.144007	0.000000	0.021255	0.001060	0.833678
439	0.000000	0.000000	0.000000	0.000000	0.143579	0.000000	0.021220	0.001079	0.834122
440	0.000000	0.000000	0.000000	0.000000	0.143349	0.000000	0.021361	0.001066	0.834224
441	0.000000	0.000000	0.000000	0.000000	0.143060	0.000000	0.021425	0.001057	0.834458
442	0.000000	0.000000	0.000000	0.000000	0.142730	0.000000	0.021332	0.001059	0.834879
443	0.000000	0.000000	0.000000	0.000000	0.142562	0.000000	0.021358	0.001053	0.835027
444	0.000000	0.000000	0.000000	0.000000	0.142403	0.000000	0.021469	0.001050	0.835078
445	0.000000	0.000000	0.000000	0.000000	0.142096	0.000000	0.021415	0.001041	0.835448
446	0.000000	0.000000	0.000000	0.000000	0.141928	0.000000	0.021370	0.001033	0.835669
447	0.000000	0.000000	0.000000	0.000000	0.141599	0.000000	0.021441	0.001023	0.835937
448	0.000000	0.000000	0.000000	0.000000	0.141216	0.000000	0.021297	0.001017	0.836470
449	0.000000	0.000000	0.000000	0.000000	0.141224	0.000000	0.021261	0.001049	0.836466
450	0.000000	0.000000	0.000000	0.000000	0.140995	0.000000	0.021098	0.001091	0.836816
451	0.000000	0.000000	0.000000	0.000000	0.140763	0.000000	0.021069	0.001088	0.837080
452	0.000000	0.000000	0.000000	0.000000	0.140742	0.000000	0.020859	0.001113	0.837286
453	0.000000	0.000000	0.000000	0.000000	0.140300	0.000000	0.020841	0.001119	0.837740
454	0.000000	0.000000	0.000000	0.000000	0.139961	0.000000	0.021025	0.001129	0.837885
455	0.000000	0.000000	0.000000	0.000000	0.139539	0.000000	0.020881	0.001131	0.838449
456	0.000000	0.000000	0.000000	0.000000	0.139244	0.000000	0.020872	0.001099	0.838785
457	0.000000	0.000000	0.000000	0.000000	0.139063	0.000000	0.020925	0.001110	0.838902
458	0.000000	0.000000	0.000000	0.000000	0.138654	0.000000	0.020958	0.001109	0.839279
459	0.000000	0.000000	0.000000	0.000000	0.138381	0.000000	0.020956	0.001138	0.839525
460	0.000000	0.000000	0.000000	0.000000	0.138221	0.000000	0.021001	0.001145	0.839633
461	0.000000	0.000000	0.000000	0.000000	0.137971	0.000000	0.021025	0.001194	0.839810
462	0.000000	0.000000	0.000000	0.000000	0.137591	0.000000	0.020910	0.001224	0.840275
463	0.000000	0.000000	0.000000	0.000000	0.137380	0.000000	0.020814	0.001225	0.840581
464	0.000000	0.000000	0.000000	0.000000	0.137062	0.000000	0.020639	0.001224	0.841075
465	0.000000	0.000000	0.000000	0.000000	0.136720	0.000000	0.020829	0.001249	0.841202
466	0.000000	0.000000	0.000000	0.000000	0.136548	0.000000	0.020839	0.001248	0.841365
467	0.000000	0.000000	0.000000	0.000000	0.136259	0.000000	0.020795	0.001216	0.841730
468	0.000000	0.000000	0.000000	0.000000	0.135976	0.000000	0.020837	0.001263	0.841924
469	0.000000	0.000000	0.000000	0.000000	0.135785	0.000000	0.020919	0.001255	0.842041
470	0.000000	0.000000	0.000000	0.000000	0.135507	0.000000	0.020976	0.001242	0.842275
