0	0.290663	0.057897	0.229473	0.157588	0.029913	0.111872	0.085455	0.012259	0.024880
1	0.251025	0.051733	0.214771	0.132067	0.026895	0.113358	0.106485	0.020926	0.082740
2	0.268135	0.054446	0.227575	0.120589	0.026461	0.104182	0.096594	0.018944	0.083074
3	0.289754	0.057356	0.240800	0.109452	0.026370	0.094281	0.085345	0.016594	0.080048
4	0.311640	0.059542	0.252669	0.099720	0.026164	0.084875	0.074843	0.014175	0.076372
5	0.333529	0.061309	0.262628	0.089963	0.025803	0.076162	0.065620	0.012135	0.072851
6	0.355346	0.062809	0.272240	0.080870	0.025865	0.067745	0.056510	0.010332	0.068283
7	0.374247	0.064274	0.279938	0.072847	0.025721	0.060155	0.049216	0.008909	0.064693
8	0.392490	0.065049	0.286578	0.065379	0.025504	0.053633	0.042822	0.007702	0.060843
9	0.409403	0.066046	0.292359	0.058326	0.025455	0.047561	0.036845	0.006409	0.057596
10	0.425170	0.066330	0.297930	0.051877	0.025333	0.042263	0.031728	0.005495	0.053874
11	0.438904	0.066597	0.302512	0.046936	0.025391	0.037448	0.027244	0.004577	0.050391
12	0.452091	0.066405	0.305898	0.041960	0.025281	0.032982	0.023837	0.004113	0.047433
13	0.463922	0.066687	0.308696	0.037544	0.025394	0.029216	0.020422	0.003502	0.044617
14	0.474170	0.066523	0.311609	0.033707	0.025811	0.025903	0.017605	0.003034	0.041638
15	0.483085	0.066458	0.313937	0.030275	0.025984	0.023194	0.015379	0.002591	0.039097
16	0.491947	0.066351	0.315647	0.027304	0.025869	0.020735	0.013294	0.002216	0.036637
17	0.499167	0.066145	0.317031	0.024509	0.026355	0.018736	0.011629	0.001935	0.034493
18	0.506454	0.065643	0.318547	0.021890	0.026629	0.016853	0.009946	0.001682	0.032356
19	0.513889	0.065097	0.318891	0.019913	0.026690	0.015112	0.008592	0.001461	0.030355
20	0.519663	0.064524	0.319962	0.017801	0.027219	0.013650	0.007412	0.001248	0.028521
21	0.524595	0.064131	0.320661	0.016206	0.027489	0.012238	0.006429	0.001120	0.027131
22	0.529347	0.063594	0.321161	0.014558	0.028043	0.011256	0.005635	0.000910	0.025496
23	0.533830	0.063009	0.321221	0.013125	0.028591	0.010385	0.005001	0.000799	0.024039
24	0.538581	0.062498	0.321035	0.011808	0.029101	0.009256	0.004307	0.000712	0.022702
25	0.541708	0.062051	0.321634	0.010918	0.029239	0.008580	0.003692	0.000638	0.021540
26	0.545064	0.060964	0.322091	0.010225	0.029635	0.007739	0.003284	0.000522	0.020476
27	0.548792	0.060598	0.321503	0.009345	0.030045	0.006935	0.002856	0.000455	0.019471
28	0.550713	0.059692	0.322542	0.008764	0.030287	0.006558	0.002559	0.000435	0.018450
29	0.553435	0.059005	0.322685	0.007857	0.030883	0.006046	0.002217	0.000354	0.017518
30	0.555624	0.058466	0.322446	0.007407	0.031458	0.005523	0.001967	0.000308	0.016801
31	0.557965	0.057918	0.322400	0.006833	0.031912	0.005023	0.001690	0.000253	0.016006
32	0.559677	0.057567	0.321963	0.006509	0.032451	0.004654	0.001507	0.000239	0.015433
33	0.561087	0.057124	0.322007	0.006063	0.033251	0.004271	0.001315	0.000196	0.014686
34	0.562695	0.056485	0.322456	0.005596	0.033591	0.003888	0.001156	0.000173	0.013960
35	0.564012	0.055974	0.322407	0.005173	0.034138	0.003714	0.001041	0.000123	0.013418
36	0.565697	0.055384	0.322076	0.004752	0.034746	0.003386	0.000960	0.000115	0.012884
37	0.566695	0.055077	0.321884	0.004479	0.035433	0.003245	0.000827	0.000116	0.012244
38	0.568017	0.054266	0.321861	0.004232	0.036059	0.003018	0.000782	0.000093	0.011672
39	0.568919	0.053499	0.322148	0.003942	0.036595	0.002813	0.000703	0.000091	0.011290
40	0.569026	0.053071	0.322713	0.003685	0.037399	0.002616	0.000679	0.000086	0.010725
41	0.570404	0.052315	0.322368	0.003494	0.037927	0.002412	0.000629	0.000058	0.010393
42	0.570834	0.052181	0.322488	0.003158	0.038514	0.002271	0.000560	0.000067	0.009927
43	0.571561	0.051722	0.322312	0.003025	0.039225	0.002175	0.000492	0.000054	0.009434
44	0.572510	0.051247	0.321668	0.002831	0.040030	0.002023	0.000462	0.000045	0.009184
45	0.573256	0.050363	0.321710	0.002590	0.040768	0.001954	0.000401	0.000045	0.008913
46	0.573502	0.050189	0.321885	0.002450	0.041258	0.001767	0.000341	0.000038	0.008570
47	0.573768	0.049657	0.322106	0.002332	0.041813	0.001696	0.000322	0.000037	0.008269
48	0.574025	0.048987	0.322307	0.002180	0.042721	0.001577	0.000281	0.000038	0.007884
49	0.573585	0.048471	0.322873	0.001999	0.043515	0.001542	0.000254	0.000035	0.007726
50	0.574984	0.048021	0.321704	0.001868	0.044240	0.001465	0.000241	0.000030	0.007447
51	0.574786	0.047455	0.321903	0.001863	0.045251	0.001372	0.000205	0.000029	0.007136
52	0.574844	0.047171	0.321925	0.001787	0.046035	0.001278	0.000188	0.000031	0.006741
53	0.575101	0.046674	0.322000	0.001686	0.046547	0.001270	0.000161	0.000024	0.006537
54	0.574724	0.046259	0.322488	0.001599	0.047274	0.001193	0.000163	0.000022	0.006278
55	0.574977	0.045331	0.322702	0.001562	0.048090	0.001098	0.000131	0.000028	0.006081
56	0.574784	0.045193	0.322576	0.001471	0.048809	0.001093	0.000124	0.000022	0.005928
57	0.575114	0.045109	0.321868	0.001414	0.049566	0.001011	0.000119	0.000011	0.005788
58	0.574966	0.044596	0.322005	0.001342	0.050387	0.000967	0.000085	0.000014	0.005638
59	0.574968	0.043961	0.322045	0.001250	0.051231	0.000931	0.000087	0.000017	0.005510
60	0.574541	0.043292	0.322966	0.001176	0.051663	0.000883	0.000077	0.000014	0.005388
61	0.574226	0.043087	0.322707	0.001098	0.052775	0.000863	0.000077	0.000019	0.005148
62	0.574495	0.042826	0.322395	0.001075	0.053379	0.000786	0.000070	0.000015	0.004959
63	0.574506	0.042283	0.322338	0.001005	0.054292	0.000763	0.000069	0.000010	0.004734
64	0.574604	0.042058	0.322062	0.000972	0.054796	0.000745	0.000062	0.000013	0.004688
65	0.574473	0.041474	0.322297	0.000894	0.055541	0.000691	0.000053	0.000012	0.004565
66	0.574314	0.041088	0.322431	0.000826	0.056215	0.000692	0.000051	0.000009	0.004374
67	0.574624	0.040693	0.322005	0.000797	0.057005	0.000659	0.000043	0.000011	0.004163
68	0.574338	0.040482	0.321796	0.000760	0.057949	0.000591	0.000038	0.000005	0.004041
69	0.574074	0.040323	0.321578	0.000789	0.058620	0.000573	0.000031	0.000004	0.004008
70	0.574635	0.039993	0.321057	0.000706	0.059185	0.000560	0.000027	0.000004	0.003833
71	0.574758	0.039562	0.320809	0.000672	0.059909	0.000555	0.000026	0.000003	0.003706
72	0.574262	0.038940	0.320784	0.000642	0.061110	0.000540	0.000021	0.000006	0.003695
73	0.574093	0.038570	0.320660	0.000638	0.062018	0.000483	0.000021	0.000005	0.003512
74	0.573978	0.037977	0.320708	0.000619	0.062784	0.000459	0.000014	0.000010	0.003451
75	0.573623	0.037736	0.320805	0.000604	0.063367	0.000446	0.000017	0.000009	0.003393
76	0.573076	0.037356	0.320417	0.000582	0.064771	0.000386	0.000016	0.000009	0.003387
77	0.573347	0.037163	0.319813	0.000577	0.065482	0.000410	0.000015	0.000010	0.003183
78	0.573354	0.036620	0.319797	0.000534	0.066208	0.000360	0.000012	0.000008	0.003107
79	0.573553	0.036432	0.319079	0.000502	0.067026	0.000333	0.000014	0.000009	0.003052
80	0.573936	0.036026	0.318793	0.000481	0.067393	0.000329	0.000014	0.000008	0.003020
81	0.573847	0.035618	0.318359	0.000477	0.068378	0.000303	0.000013	0.000009	0.002996
82	0.573920	0.035270	0.317894	0.000437	0.069226	0.000292	0.000011	0.000009	0.002941
83	0.573166	0.035095	0.318077	0.000458	0.070066	0.000277	0.000006	0.000004	0.002851
84	0.572959	0.034846	0.317779	0.000462	0.070839	0.000264	0.000006	0.000002	0.002843
85	0.573079	0.034360	0.318011	0.000418	0.071173	0.000246	0.000005	0.000002	0.002706
86	0.572474	0.034047	0.318420	0.000413	0.071748	0.000246	0.000007	0.000001	0.002644
87	0.572443	0.033492	0.317980	0.000409	0.072882	0.000211	0.000004	0.000002	0.002577
88	0.572202	0.033010	0.317769	0.000398	0.073871	0.000215	0.000008	0.000001	0.002526
89	0.571001	0.032760	0.318547	0.000419	0.074586	0.000215	0.000005	0.000001	0.002466
90	0.570871	0.032354	0.318310	0.000372	0.075452	0.000205	0.000009	0.000000	0.002427
91	0.570715	0.031882	0.318120	0.000373	0.076373	0.000188	0.000007	0.000000	0.002342
92	0.570964	0.031247	0.317605	0.000374	0.077308	0.000173	0.000011	0.000000	0.002318
93	0.570417	0.031247	0.317186	0.000347	0.078339	0.000149	0.000009	0.000000	0.002306
94	0.570519	0.030763	0.317037	0.000327	0.078863	0.000141	0.000008	0.000000	0.002342
95	0.569637	0.030354	0.317108	0.000298	0.080113	0.000142	0.000009	0.000000	0.002339
96	0.569689	0.030127	0.316444	0.000286	0.080999	0.000130	0.000003	0.000000	0.002322
97	0.569073	0.030000	0.316292	0.000258	0.081986	0.000129	0.000003	0.000000	0.002259
98	0.568914	0.029569	0.316232	0.000236	0.082742	0.000109	0.000003	0.000000	0.002195
99	0.568044	0.029142	0.316536	0.000229	0.083755	0.000117	0.000002	0.000000	0.002175
100	0.567153	0.028897	0.316946	0.000223	0.084516	0.000097	0.000002	0.000000	0.002166
101	0.566533	0.028663	0.317129	0.000231	0.085249	0.000099	0.000001	0.000000	0.002095
102	0.566423	0.028024	0.316937	0.000206	0.086231	0.000093	0.000000	0.000000	0.002086
103	0.565973	0.027660	0.317204	0.000203	0.086851	0.000087	0.000000	0.000000	0.002022
104	0.565883	0.027116	0.316947	0.000181	0.087795	0.000080	0.000000	0.000000	0.001998
105	0.565535	0.026874	0.316632	0.000195	0.088656	0.000087	0.000000	0.000000	0.002021
106	0.564971	0.026757	0.316309	0.000173	0.089718	0.000085	0.000000	0.000000	0.001987
107	0.564059	0.026262	0.316885	0.000165	0.090683	0.000081	0.000000	0.000000	0.001865
108	0.563994	0.026057	0.316682	0.000167	0.091153	0.000075	0.000000	0.000000	0.001872
109	0.563860	0.025771	0.315952	0.000180	0.092372	0.000062	0.000000	0.000000	0.001803
110	0.563126	0.025514	0.316091	0.000181	0.093268	0.000060	0.000000	0.000000	0.001760
111	0.562861	0.025171	0.316148	0.000183	0.093863	0.000048	0.000000	0.000000	0.001726
112	0.562757	0.024864	0.315759	0.000203	0.094712	0.000044	0.000000	0.000000	0.001661
113	0.562005	0.024493	0.316071	0.000187	0.095589	0.000039	0.000000	0.000000	0.001616
114	0.561657	0.024105	0.315918	0.000175	0.096553	0.000042	0.000000	0.000000	0.001550
115	0.560844	0.023852	0.316117	0.000171	0.097492	0.000032	0.000000	0.000000	0.001492
116	0.560555	0.023812	0.315637	0.000160	0.098324	0.000028	0.000000	0.000000	0.001484
117	0.560131	0.023464	0.315256	0.000175	0.099484	0.000037	0.000000	0.000000	0.001453
118	0.560125	0.023189	0.315120	0.000149	0.099966	0.000038	0.000000	0.000000	0.001413
119	0.559289	0.022848	0.315291	0.000138	0.100997	0.000041	0.000000	0.000000	0.001396
120	0.558443	0.022656	0.315293	0.000136	0.102038	0.000036	0.000000	0.000000	0.001398
121	0.557839	0.022390	0.315313	0.000123	0.102824	0.000047	0.000000	0.000000	0.001464
122	0.557284	0.021947	0.315198	0.000103	0.104008	0.000046	0.000000	0.000000	0.001414
123	0.555939	0.022016	0.316002	0.000105	0.104531	0.000045	0.000000	0.000000	0.001362
124	0.555674	0.021683	0.315921	0.000079	0.105321	0.000043	0.000000	0.000000	0.001279
125	0.555743	0.021444	0.315646	0.000087	0.105759	0.000042	0.000000	0.000000	0.001279
126	0.554656	0.021368	0.315676	0.000074	0.106913	0.000039	0.000000	0.000000	0.001274
127	0.554529	0.021177	0.314923	0.000082	0.107987	0.000039	0.000000	0.000000	0.001263
128	0.553816	0.021168	0.314778	0.000068	0.108928	0.000043	0.000000	0.000000	0.001199
129	0.552743	0.020877	0.315204	0.000066	0.109910	0.000049	0.000000	0.000000	0.001151
130	0.552386	0.020673	0.314659	0.000053	0.110975	0.000044	0.000000	0.000000	0.001210
131	0.551884	0.020565	0.314959	0.000060	0.111362	0.000047	0.000000	0.000000	0.001123
132	0.551429	0.020375	0.314598	0.000063	0.112429	0.000048	0.000000	0.000000	0.001058
133	0.551026	0.020262	0.314359	0.000048	0.113199	0.000035	0.000000	0.000000	0.001071
134	0.550880	0.020011	0.313479	0.000053	0.114466	0.000029	0.000000	0.000000	0.001082
135	0.550550	0.019946	0.313269	0.000066	0.115118	0.000032	0.000000	0.000000	0.001019
136	0.550223	0.019812	0.312547	0.000070	0.116268	0.000024	0.000000	0.000000	0.001056
137	0.550110	0.019497	0.312154	0.000062	0.117121	0.000027	0.000000	0.000000	0.001029
138	0.550059	0.019508	0.311432	0.000059	0.117918	0.000028	0.000000	0.000000	0.000996
139	0.549580	0.019297	0.311364	0.000058	0.118707	0.000027	0.000000	0.000000	0.000967
140	0.549356	0.018986	0.311034	0.000063	0.119588	0.000019	0.000000	0.000000	0.000954
141	0.548069	0.018936	0.311541	0.000051	0.120451	0.000019	0.000000	0.000000	0.000933
142	0.547479	0.018914	0.311373	0.000057	0.121247	0.000023	0.000000	0.000000	0.000907
143	0.546431	0.018863	0.311250	0.000045	0.122486	0.000024	0.000000	0.000000	0.000901
144	0.546537	0.018520	0.310907	0.000041	0.123110	0.000023	0.000000	0.000000	0.000862
145	0.545522	0.018443	0.310694	0.000036	0.124437	0.000022	0.000000	0.000000	0.000846
146	0.544838	0.018320	0.310856	0.000029	0.125106	0.000014	0.000000	0.000000	0.000837
147	0.544199	0.018193	0.310904	0.000023	0.125839	0.000019	0.000000	0.000000	0.000823
148	0.544167	0.018054	0.310359	0.000025	0.126564	0.000025	0.000000	0.000000	0.000806
149	0.544258	0.017840	0.309713	0.000024	0.127347	0.000019	0.000000	0.000000	0.000799
150	0.542878	0.017752	0.310100	0.000025	0.128424	0.000016	0.000000	0.000000	0.000805
151	0.542440	0.017488	0.310012	0.000015	0.129221	0.000021	0.000000	0.000000	0.000803
152	0.542294	0.017291	0.309564	0.000017	0.130062	0.000018	0.000000	0.000000	0.000754
153	0.541719	0.017162	0.309189	0.000016	0.131150	0.000013	0.000000	0.000000	0.000751
154	0.540970	0.016915	0.309381	0.000015	0.131967	0.000010	0.000000	0.000000	0.000742
155	0.539875	0.016914	0.309275	0.000020	0.133184	0.000006	0.000000	0.000000	0.000726
156	0.539927	0.016983	0.307816	0.000013	0.134502	0.000007	0.000000	0.000000	0.000752
157	0.538635	0.016807	0.308132	0.000021	0.135660	0.000006	0.000000	0.000000	0.000739
158	0.537737	0.016674	0.308258	0.000022	0.136591	0.000005	0.000000	0.000000	0.000713
159	0.537083	0.016537	0.308344	0.000022	0.137305	0.000006	0.000000	0.000000	0.000703
160	0.537088	0.016262	0.307887	0.000027	0.138024	0.000010	0.000000	0.000000	0.000702
161	0.536437	0.016136	0.307883	0.000022	0.138834	0.000011	0.000000	0.000000	0.000677
162	0.535831	0.016047	0.307609	0.000023	0.139817	0.000013	0.000000	0.000000	0.000660
163	0.534907	0.015898	0.307589	0.000021	0.140887	0.000010	0.000000	0.000000	0.000688
164	0.533712	0.015610	0.307823	0.000016	0.142136	0.000012	0.000000	0.000000	0.000691
165	0.533282	0.015370	0.307594	0.000018	0.143043	0.000022	0.000000	0.000000	0.000671
166	0.532432	0.015351	0.307518	0.000019	0.143968	0.000020	0.000000	0.000000	0.000692
167	0.532570	0.015168	0.306434	0.000021	0.145084	0.000015	0.000000	0.000000	0.000708
168	0.531894	0.014986	0.306209	0.000018	0.146148	0.000019	0.000000	0.000000	0.000726
169	0.531198	0.014631	0.306037	0.000017	0.147408	0.000022	0.000000	0.000000	0.000687
170	0.530023	0.014483	0.306085	0.000010	0.148720	0.000019	0.000000	0.000000	0.000660
171	0.529196	0.014216	0.305944	0.000010	0.149974	0.000014	0.000000	0.000000	0.000646
172	0.528548	0.014096	0.306133	0.000009	0.150579	0.000018	0.000000	0.000000	0.000617
173	0.527903	0.013812	0.305847	0.000004	0.151786	0.000015	0.000000	0.000000	0.000633
174	0.526817	0.013680	0.305894	0.000005	0.152986	0.000022	0.000000	0.000000	0.000596
175	0.526404	0.013423	0.305511	0.000007	0.154029	0.000019	0.000000	0.000000	0.000607
176	0.525551	0.013279	0.305337	0.000007	0.155230	0.000015	0.000000	0.000000	0.000581
177	0.524976	0.013056	0.304965	0.000010	0.156399	0.000026	0.000000	0.000000	0.000568
178	0.525210	0.013052	0.303643	0.000007	0.157515	0.000023	0.000000	0.000000	0.000550
179	0.524653	0.012853	0.303088	0.000004	0.158853	0.000024	0.000000	0.000000	0.000525
180	0.523969	0.012661	0.302919	0.000006	0.159842	0.000021	0.000000	0.000000	0.000582
181	0.522795	0.012559	0.303424	0.000004	0.160633	0.000019	0.000000	0.000000	0.000566
182	0.521839	0.012484	0.303412	0.000003	0.161654	0.000014	0.000000	0.000000	0.000594
183	0.521019	0.012322	0.303507	0.000003	0.162550	0.000016	0.000000	0.000000	0.000583
184	0.520246	0.012216	0.302966	0.000001	0.163974	0.000013	0.000000	0.000000	0.000584
185	0.520052	0.012109	0.302193	0.000001	0.165060	0.000013	0.000000	0.000000	0.000572
186	0.519080	0.012021	0.302258	0.000002	0.166102	0.000008	0.000000	0.000000	0.000529
187	0.518074	0.011862	0.302185	0.000005	0.167310	0.000005	0.000000	0.000000	0.000559
188	0.517488	0.011634	0.301422	0.000007	0.168891	0.000007	0.000000	0.000000	0.000551
189	0.516581	0.011552	0.301571	0.000004	0.169733	0.000007	0.000000	0.000000	0.000552
190	0.516066	0.011474	0.301580	0.000002	0.170334	0.000008	0.000000	0.000000	0.000536
191	0.514947	0.011330	0.301342	0.000001	0.171834	0.000010	0.000000	0.000000	0.000536
192	0.514335	0.011274	0.300980	0.000000	0.172854	0.000005	0.000000	0.000000	0.000552
193	0.513639	0.011072	0.300749	0.000001	0.174011	0.000005	0.000000	0.000000	0.000523
194	0.512962	0.010987	0.300746	0.000002	0.174798	0.000008	0.000000	0.000000	0.000497
195	0.512233	0.010987	0.300564	0.000002	0.175702	0.000005	0.000000	0.000000	0.000507
196	0.511521	0.010998	0.300448	0.000002	0.176522	0.000002	0.000000	0.000000	0.000507
197	0.510984	0.010928	0.300034	0.000000	0.177540	0.000003	0.000000	0.000000	0.000511
198	0.510452	0.010777	0.299694	0.000000	0.178578	0.000003	0.000000	0.000000	0.000496
199	0.509790	0.010886	0.298912	0.000000	0.179896	0.000002	0.000000	0.000000	0.000514
200	0.509026	0.010660	0.298686	0.000000	0.181107	0.000002	0.000000	0.000000	0.000519
201	0.508442	0.010645	0.297985	0.000000	0.182414	0.000000	0.000000	0.000000	0.000514
202	0.507739	0.010674	0.297684	0.000000	0.183416	0.000000	0.000000	0.000000	0.000487
203	0.507116	0.010553	0.297214	0.000000	0.184635	0.000000	0.000000	0.000000	0.000482
204	0.506458	0.010335	0.296955	0.000000	0.185751	0.000000	0.000000	0.000000	0.000501
205	0.505429	0.010295	0.296827	0.000000	0.186978	0.000000	0.000000	0.000000	0.000471
206	0.504079	0.010362	0.296726	0.000000	0.188364	0.000000	0.000000	0.000000	0.000469
207	0.503204	0.010181	0.296199	0.000000	0.189948	0.000000	0.000000	0.000000	0.000468
208	0.502179	0.010115	0.296076	0.000000	0.191158	0.000000	0.000000	0.000000	0.000472
209	0.501665	0.010074	0.295710	0.000000	0.192076	0.000000	0.000000	0.000000	0.000475
210	0.500794	0.010001	0.295612	0.000000	0.193127	0.000000	0.000000	0.000000	0.000466
211	0.500152	0.010082	0.295267	0.000000	0.194023	0.000000	0.000000	0.000000	0.000476
212	0.499690	0.009871	0.294432	0.000000	0.195567	0.000000	0.000000	0.000000	0.000440
213	0.498935	0.009730	0.294562	0.000000	0.196329	0.000000	0.000000	0.000000	0.000444
214	0.498281	0.009589	0.294361	0.000000	0.197342	0.000000	0.000000	0.000000	0.000427
215	0.497780	0.009609	0.293912	0.000000	0.198292	0.000000	0.000000	0.000000	0.000407
216	0.496693	0.009633	0.293656	0.000000	0.199600	0.000000	0.000000	0.000000	0.000418
217	0.495553	0.009597	0.293490	0.000000	0.200946	0.000000	0.000000	0.000000	0.000414
218	0.494358	0.009561	0.293506	0.000000	0.202161	0.000000	0.000000	0.000000	0.000414
219	0.493713	0.009439	0.293261	0.000000	0.203154	0.000000	0.000000	0.000000	0.000433
220	0.492653	0.009558	0.292935	0.000000	0.204424	0.000000	0.000000	0.000000	0.000430
221	0.491735	0.009587	0.292811	0.000000	0.205429	0.000000	0.000000	0.000000	0.000438
222	0.491200	0.009465	0.292462	0.000000	0.206435	0.000000	0.000000	0.000000	0.000438
223	0.490362	0.009463	0.291450	0.000000	0.208301	0.000000	0.000000	0.000000	0.000424
224	0.489862	0.009296	0.290920	0.000000	0.209490	0.000000	0.000000	0.000000	0.000432
225	0.488797	0.009211	0.290421	0.000000	0.211164	0.000000	0.000000	0.000000	0.000407
226	0.488391	0.009105	0.289700	0.000000	0.212392	0.000000	0.000000	0.000000	0.000412
227	0.486769	0.009027	0.289929	0.000000	0.213847	0.000000	0.000000	0.000000	0.000428
228	0.486199	0.008995	0.289183	0.000000	0.215216	0.000000	0.000000	0.000000	0.000407
229	0.485063	0.008983	0.288920	0.000000	0.216640	0.000000	0.000000	0.000000	0.000394
230	0.484302	0.008929	0.288024	0.000000	0.218327	0.000000	0.000000	0.000000	0.000418
231	0.483182	0.008724	0.288054	0.000000	0.219631	0.000000	0.000000	0.000000	0.000409
232	0.482239	0.008684	0.287900	0.000000	0.220752	0.000000	0.000000	0.000000	0.000425
233	0.481556	0.008588	0.287488	0.000000	0.221891	0.000000	0.000000	0.000000	0.000477
234	0.481406	0.008437	0.286508	0.000000	0.223174	0.000000	0.000000	0.000000	0.000475
235	0.480849	0.008141	0.286248	0.000000	0.224274	0.000000	0.000000	0.000000	0.000488
236	0.479732	0.008137	0.286165	0.000000	0.225448	0.000000	0.000000	0.000000	0.000518
237	0.478652	0.008062	0.285736	0.000000	0.227048	0.000000	0.000000	0.000000	0.000502
238	0.477573	0.008174	0.285118	0.000000	0.228651	0.000000	0.000000	0.000000	0.000484
239	0.476542	0.007993	0.285214	0.000000	0.229758	0.000000	0.000000	0.000000	0.000493
240	0.475843	0.007948	0.284740	0.000000	0.230989	0.000000	0.000000	0.000000	0.000480
241	0.475411	0.007920	0.284302	0.000000	0.231889	0.000000	0.000000	0.000000	0.000478
242	0.474812	0.007843	0.283850	0.000000	0.233032	0.000000	0.000000	0.000000	0.000463
243	0.474214	0.007723	0.283513	0.000000	0.234068	0.000000	0.000000	0.000000	0.000482
244	0.472684	0.007632	0.283691	0.000000	0.235520	0.000000	0.000000	0.000000	0.000473
245	0.472072	0.007572	0.283272	0.000000	0.236591	0.000000	0.000000	0.000000	0.000493
246	0.472102	0.007580	0.282368	0.000000	0.237440	0.000000	0.000000	0.000000	0.000510
247	0.471216	0.007544	0.282329	0.000000	0.238413	0.000000	0.000000	0.000000	0.000498
248	0.469945	0.007503	0.282395	0.000000	0.239663	0.000000	0.000000	0.000000	0.000494
249	0.468821	0.007511	0.282168	0.000000	0.241036	0.000000	0.000000	0.000000	0.000464
250	0.468255	0.007537	0.281697	0.000000	0.242057	0.000000	0.000000	0.000000	0.000454
251	0.467777	0.007438	0.281234	0.000000	0.243094	0.000000	0.000000	0.000000	0.000457
252	0.467306	0.007376	0.280568	0.000000	0.244281	0.000000	0.000000	0.000000	0.000469
253	0.466985	0.007274	0.279867	0.000000	0.245414	0.000000	0.000000	0.000000	0.000460
254	0.466154	0.007183	0.280038	0.000000	0.246181	0.000000	0.000000	0.000000	0.000444
255	0.465250	0.007087	0.279935	0.000000	0.247259	0.000000	0.000000	0.000000	0.000469
256	0.463923	0.006986	0.280219	0.000000	0.248406	0.000000	0.000000	0.000000	0.000466
257	0.463877	0.006925	0.279519	0.000000	0.249236	0.000000	0.000000	0.000000	0.000443
258	0.462668	0.006884	0.279255	0.000000	0.250721	0.000000	0.000000	0.000000	0.000472
259	0.461499	0.006842	0.279046	0.000000	0.252159	0.000000	0.000000	0.000000	0.000454
260	0.460408	0.006871	0.278803	0.000000	0.253456	0.000000	0.000000	0.000000	0.000462
261	0.460362	0.006888	0.277362	0.000000	0.254935	0.000000	0.000000	0.000000	0.000453
262	0.459427	0.006860	0.276859	0.000000	0.256382	0.000000	0.000000	0.000000	0.000472
263	0.458787	0.006875	0.275910	0.000000	0.257936	0.000000	0.000000	0.000000	0.000492
264	0.457843	0.006828	0.275335	0.000000	0.259515	0.000000	0.000000	0.000000	0.000479
265	0.456583	0.006731	0.275577	0.000000	0.260632	0.000000	0.000000	0.000000	0.000477
266	0.455576	0.006657	0.275491	0.000000	0.261850	0.000000	0.000000	0.000000	0.000426
267	0.455108	0.006724	0.274235	0.000000	0.263484	0.000000	0.000000	0.000000	0.000449
268	0.454736	0.006582	0.273875	0.000000	0.264388	0.000000	0.000000	0.000000	0.000419
269	0.453333	0.006630	0.272994	0.000000	0.266597	0.000000	0.000000	0.000000	0.000446
270	0.452097	0.006588	0.273005	0.000000	0.267858	0.000000	0.000000	0.000000	0.000452
271	0.451546	0.006507	0.272437	0.000000	0.269053	0.000000	0.000000	0.000000	0.000457
272	0.450481	0.006415	0.272029	0.000000	0.270626	0.000000	0.000000	0.000000	0.000449
273	0.450218	0.006345	0.271305	0.000000	0.271693	0.000000	0.000000	0.000000	0.000439
274	0.449763	0.006271	0.270553	0.000000	0.272989	0.000000	0.000000	0.000000	0.000424
275	0.448638	0.006292	0.270186	0.000000	0.274471	0.000000	0.000000	0.000000	0.000413
276	0.448365	0.006219	0.269265	0.000000	0.275748	0.000000	0.000000	0.000000	0.000403
277	0.447482	0.006236	0.268947	0.000000	0.276917	0.000000	0.000000	0.000000	0.000418
278	0.446698	0.006177	0.268091	0.000000	0.278635	0.000000	0.000000	0.000000	0.000399
279	0.445844	0.006024	0.268001	0.000000	0.279772	0.000000	0.000000	0.000000	0.000359
280	0.444490	0.006030	0.268154	0.000000	0.280961	0.000000	0.000000	0.000000	0.000365
281	0.443854	0.005962	0.267633	0.000000	0.282197	0.000000	0.000000	0.000000	0.000354
282	0.443219	0.006035	0.266690	0.000000	0.283697	0.000000	0.000000	0.000000	0.000359
283	0.442179	0.005996	0.266148	0.000000	0.285327	0.000000	0.000000	0.000000	0.000350
284	0.441846	0.005878	0.265249	0.000000	0.286692	0.000000	0.000000	0.000000	0.000335
285	0.440734	0.005827	0.264908	0.000000	0.288220	0.000000	0.000000	0.000000	0.000311
286	0.439760	0.005822	0.264081	0.000000	0.289991	0.000000	0.000000	0.000000	0.000346
287	0.438389	0.005865	0.263877	0.000000	0.291566	0.000000	0.000000	0.000000	0.000303
288	0.437491	0.005792	0.263164	0.000000	0.293252	0.000000	0.000000	0.000000	0.000301
289	0.436323	0.005705	0.262875	0.000000	0.294826	0.000000	0.000000	0.000000	0.000271
290	0.435714	0.005674	0.261997	0.000000	0.296327	0.000000	0.000000	0.000000	0.000288
291	0.435322	0.005594	0.261119	0.000000	0.297668	0.000000	0.000000	0.000000	0.000297
292	0.434853	0.005582	0.260226	0.000000	0.299030	0.000000	0.000000	0.000000	0.000309
293	0.433536	0.005591	0.259998	0.000000	0.300569	0.000000	0.000000	0.000000	0.000306
294	0.432327	0.005693	0.259710	0.000000	0.301976	0.000000	0.000000	0.000000	0.000294
295	0.431681	0.005656	0.258985	0.000000	0.303394	0.000000	0.000000	0.000000	0.000284
296	0.431214	0.005586	0.258261	0.000000	0.304654	0.000000	0.000000	0.000000	0.000285
297	0.430218	0.005546	0.257628	0.000000	0.306335	0.000000	0.000000	0.000000	0.000273
298	0.429531	0.005545	0.257127	0.000000	0.307518	0.000000	0.000000	0.000000	0.000279
299	0.428547	0.005456	0.256951	0.000000	0.308794	0.000000	0.000000	0.000000	0.000252
300	0.427632	0.005332	0.256486	0.000000	0.310298	0.000000	0.000000	0.000000	0.000252
301	0.426646	0.005210	0.255891	0.000000	0.311986	0.000000	0.000000	0.000000	0.000267
302	0.425908	0.005148	0.255504	0.000000	0.313152	0.000000	0.000000	0.000000	0.000288
303	0.424798	0.005036	0.255063	0.000000	0.314847	0.000000	0.000000	0.000000	0.000256
304	0.423970	0.004973	0.254700	0.000000	0.316078	0.000000	0.000000	0.000000	0.000279
305	0.423387	0.004909	0.253862	0.000000	0.317562	0.000000	0.000000	0.000000	0.000280
306	0.422655	0.004945	0.253325	0.000000	0.318794	0.000000	0.000000	0.000000	0.000281
307	0.421943	0.004885	0.252555	0.000000	0.320323	0.000000	0.000000	0.000000	0.000294
308	0.420779	0.004751	0.252499	0.000000	0.321707	0.000000	0.000000	0.000000	0.000264
309	0.419458	0.004723	0.252176	0.000000	0.323353	0.000000	0.000000	0.000000	0.000290
310	0.419526	0.004673	0.251012	0.000000	0.324486	0.000000	0.000000	0.000000	0.000303
311	0.419151	0.004594	0.250135	0.000000	0.325825	0.000000	0.000000	0.000000	0.000295
312	0.418011	0.004542	0.250281	0.000000	0.326886	0.000000	0.000000	0.000000	0.000280
313	0.417451	0.004553	0.249447	0.000000	0.328241	0.000000	0.000000	0.000000	0.000308
314	0.416692	0.004495	0.248893	0.000000	0.329635	0.000000	0.000000	0.000000	0.000285
315	0.415451	0.004473	0.248788	0.000000	0.331017	0.000000	0.000000	0.000000	0.000271
316	0.414753	0.004460	0.248226	0.000000	0.332288	0.000000	0.000000	0.000000	0.000273
317	0.414134	0.004461	0.247373	0.000000	0.333752	0.000000	0.000000	0.000000	0.000280
318	0.412766	0.004406	0.247417	0.000000	0.335158	0.000000	0.000000	0.000000	0.000253
319	0.411445	0.004414	0.247246	0.000000	0.336616	0.000000	0.000000	0.000000	0.000279
320	0.411025	0.004360	0.246491	0.000000	0.337902	0.000000	0.000000	0.000000	0.000222
321	0.409844	0.004263	0.246216	0.000000	0.339453	0.000000	0.000000	0.000000	0.000224
322	0.408913	0.004232	0.245402	0.000000	0.341243	0.000000	0.000000	0.000000	0.000210
323	0.407241	0.004167	0.245355	0.000000	0.343019	0.000000	0.000000	0.000000	0.000218
324	0.406342	0.004102	0.244823	0.000000	0.344527	0.000000	0.000000	0.000000	0.000206
325	0.405517	0.004141	0.243990	0.000000	0.346142	0.000000	0.000000	0.000000	0.000210
326	0.404053	0.004058	0.243606	0.000000	0.348080	0.000000	0.000000	0.000000	0.000203
327	0.403453	0.003951	0.243193	0.000000	0.349200	0.000000	0.000000	0.000000	0.000203
328	0.402696	0.003966	0.242091	0.000000	0.351050	0.000000	0.000000	0.000000	0.000197
329	0.401614	0.003903	0.241615	0.000000	0.352705	0.000000	0.000000	0.000000	0.000163
330	0.399891	0.003846	0.241581	0.000000	0.354522	0.000000	0.000000	0.000000	0.000160
331	0.398225	0.003893	0.241504	0.000000	0.356214	0.000000	0.000000	0.000000	0.000164
332	0.397321	0.003794	0.241067	0.000000	0.357646	0.000000	0.000000	0.000000	0.000172
333	0.396443	0.003697	0.240339	0.000000	0.359362	0.000000	0.000000	0.000000	0.000159
334	0.395536	0.003723	0.239666	0.000000	0.360929	0.000000	0.000000	0.000000	0.000146
335	0.394416	0.003687	0.239314	0.000000	0.362443	0.000000	0.000000	0.000000	0.000140
336	0.392990	0.003639	0.239637	0.000000	0.363595	0.000000	0.000000	0.000000	0.000139
337	0.392924	0.003543	0.238564	0.000000	0.364820	0.000000	0.000000	0.000000	0.000149
338	0.392243	0.003553	0.237655	0.000000	0.366415	0.000000	0.000000	0.000000	0.000134
339	0.391044	0.003581	0.237551	0.000000	0.367701	0.000000	0.000000	0.000000	0.000123
340	0.389682	0.003504	0.237361	0.000000	0.369348	0.000000	0.000000	0.000000	0.000105
341	0.388353	0.003468	0.237097	0.000000	0.370956	0.000000	0.000000	0.000000	0.000126
342	0.387389	0.003508	0.236924	0.000000	0.372044	0.000000	0.000000	0.000000	0.000135
343	0.386796	0.003446	0.235942	0.000000	0.373657	0.000000	0.000000	0.000000	0.000159
344	0.386034	0.003391	0.235582	0.000000	0.374837	0.000000	0.000000	0.000000	0.000156
345	0.384971	0.003304	0.234944	0.000000	0.376628	0.000000	0.000000	0.000000	0.000153
346	0.384023	0.003370	0.234559	0.000000	0.377901	0.000000	0.000000	0.000000	0.000147
347	0.382726	0.003395	0.233869	0.000000	0.379852	0.000000	0.000000	0.000000	0.000158
348	0.382609	0.003392	0.233217	0.000000	0.380611	0.000000	0.000000	0.000000	0.000171
349	0.380979	0.003375	0.233326	0.000000	0.382149	0.000000	0.000000	0.000000	0.000171
350	0.380513	0.003389	0.232268	0.000000	0.383664	0.000000	0.000000	0.000000	0.000166
351	0.379712	0.003398	0.231565	0.000000	0.385150	0.000000	0.000000	0.000000	0.000175
352	0.378482	0.003354	0.231614	0.000000	0.386383	0.000000	0.000000	0.000000	0.000167
353	0.377207	0.003216	0.231346	0.000000	0.388037	0.000000	0.000000	0.000000	0.000194
354	0.376222	0.003271	0.230665	0.000000	0.389665	0.000000	0.000000	0.000000	0.000177
355	0.375772	0.003172	0.230053	0.000000	0.390828	0.000000	0.000000	0.000000	0.000175
356	0.374348	0.003169	0.230200	0.000000	0.392073	0.000000	0.000000	0.000000	0.000210
357	0.373097	0.003154	0.230241	0.000000	0.393303	0.000000	0.000000	0.000000	0.000205
358	0.372346	0.003099	0.229230	0.000000	0.395100	0.000000	0.000000	0.000000	0.000225
359	0.371922	0.003089	0.228290	0.000000	0.396480	0.000000	0.000000	0.000000	0.000219
360	0.370875	0.003011	0.227817	0.000000	0.398075	0.000000	0.000000	0.000000	0.000222
361	0.369409	0.003021	0.227747	0.000000	0.399608	0.000000	0.000000	0.000000	0.000215
362	0.369085	0.002933	0.226754	0.000000	0.401039	0.000000	0.000000	0.000000	0.000189
363	0.368419	0.002935	0.225975	0.000000	0.402482	0.000000	0.000000	0.000000	0.000189
364	0.367633	0.002925	0.225142	0.000000	0.404112	0.000000	0.000000	0.000000	0.000188
365	0.366700	0.002896	0.224882	0.000000	0.405317	0.000000	0.000000	0.000000	0.000205
366	0.366189	0.002834	0.224101	0.000000	0.406677	0.000000	0.000000	0.000000	0.000199
367	0.364641	0.002826	0.223965	0.000000	0.408366	0.000000	0.000000	0.000000	0.000202
368	0.363346	0.002829	0.224157	0.000000	0.409478	0.000000	0.000000	0.000000	0.000190
369	0.362724	0.002790	0.223774	0.000000	0.410513	0.000000	0.000000	0.000000	0.000199
370	0.361638	0.002737	0.223150	0.000000	0.412270	0.000000	0.000000	0.000000	0.000205
371	0.360863	0.002707	0.222854	0.000000	0.413379	0.000000	0.000000	0.000000	0.000197
372	0.359779	0.002601	0.222662	0.000000	0.414752	0.000000	0.000000	0.000000	0.000206
373	0.359389	0.002516	0.221595	0.000000	0.416310	0.000000	0.000000	0.000000	0.000190
374	0.358575	0.002584	0.220870	0.000000	0.417789	0.000000	0.000000	0.000000	0.000182
375	0.357514	0.002536	0.220634	0.000000	0.419135	0.000000	0.000000	0.000000	0.000181
376	0.356624	0.002508	0.219658	0.000000	0.421028	0.000000	0.000000	0.000000	0.000182
377	0.356691	0.002507	0.218374	0.000000	0.422273	0.000000	0.000000	0.000000	0.000155
378	0.355998	0.002504	0.217492	0.000000	0.423848	0.000000	0.000000	0.000000	0.000158
379	0.355039	0.002516	0.217180	0.000000	0.425112	0.000000	0.000000	0.000000	0.000153
380	0.353811	0.002444	0.216962	0.000000	0.426634	0.000000	0.000000	0.000000	0.000149
381	0.352264	0.002396	0.216787	0.000000	0.428433	0.000000	0.000000	0.000000	0.000120
382	0.351159	0.002363	0.216136	0.000000	0.430200	0.000000	0.000000	0.000000	0.000142
383	0.349571	0.002311	0.215932	0.000000	0.432047	0.000000	0.000000	0.000000	0.000139
384	0.348729	0.002333	0.215363	0.000000	0.433428	0.000000	0.000000	0.000000	0.000147
385	0.347626	0.002296	0.214592	0.000000	0.435339	0.000000	0.000000	0.000000	0.000147
386	0.346350	0.002342	0.214047	0.000000	0.437119	0.000000	0.000000	0.000000	0.000142
387	0.345821	0.002305	0.213394	0.000000	0.438346	0.000000	0.000000	0.000000	0.000134
388	0.344969	0.002271	0.213154	0.000000	0.439481	0.000000	0.000000	0.000000	0.000125
389	0.343802	0.002354	0.212805	0.000000	0.440931	0.000000	0.000000	0.000000	0.000108
390	0.343172	0.002343	0.211915	0.000000	0.442468	0.000000	0.000000	0.000000	0.000102
391	0.341836	0.002305	0.211466	0.000000	0.444293	0.000000	0.000000	0.000000	0.000100
392	0.340819	0.002311	0.210814	0.000000	0.445968	0.000000	0.000000	0.000000	0.000088
393	0.340058	0.002296	0.210007	0.000000	0.447551	0.000000	0.000000	0.000000	0.000088
394	0.338968	0.002300	0.209682	0.000000	0.448963	0.000000	0.000000	0.000000	0.000087
395	0.338014	0.002298	0.209032	0.000000	0.450572	0.000000	0.000000	0.000000	0.000084
396	0.337131	0.002284	0.208522	0.000000	0.451990	0.000000	0.000000	0.000000	0.000073
397	0.335893	0.002246	0.208119	0.000000	0.453680	0.000000	0.000000	0.000000	0.000062
398	0.335803	0.002221	0.206810	0.000000	0.455099	0.000000	0.000000	0.000000	0.000067
399	0.335322	0.002192	0.206068	0.000000	0.456357	0.000000	0.000000	0.000000	0.000061
400	0.334342	0.002174	0.205590	0.000000	0.457833	0.000000	0.000000	0.000000	0.000061
401	0.333299	0.002124	0.204864	0.000000	0.459655	0.000000	0.000000	0.000000	0.000058
402	0.332265	0.002102	0.204542	0.000000	0.461035	0.000000	0.000000	0.000000	0.000056
403	0.331300	0.002134	0.203816	0.000000	0.462692	0.000000	0.000000	0.000000	0.000058
404	0.330642	0.002047	0.203490	0.000000	0.463762	0.000000	0.000000	0.000000	0.000059
405	0.329555	0.002064	0.202630	0.000000	0.465702	0.000000	0.000000	0.000000	0.000049
406	0.328177	0.002005	0.202225	0.000000	0.467535	0.000000	0.000000	0.000000	0.000058
407	0.326945	0.002033	0.201510	0.000000	0.469468	0.000000	0.000000	0.000000	0.000044
408	0.326784	0.001990	0.200559	0.000000	0.470616	0.000000	0.000000	0.000000	0.000051
409	0.325805	0.001999	0.199891	0.000000	0.472260	0.000000	0.000000	0.000000	0.000045
410	0.325290	0.001976	0.199331	0.000000	0.473375	0.000000	0.000000	0.000000	0.000028
411	0.324614	0.001974	0.198389	0.000000	0.474981	0.000000	0.000000	0.000000	0.000042
412	0.323628	0.001978	0.197922	0.000000	0.476440	0.000000	0.000000	0.000000	0.000032
413	0.322864	0.001915	0.197212	0.000000	0.477968	0.000000	0.000000	0.000000	0.000041
414	0.321905	0.001916	0.196827	0.000000	0.479312	0.000000	0.000000	0.000000	0.000040
415	0.320559	0.001921	0.196390	0.000000	0.481093	0.000000	0.000000	0.000000	0.000037
416	0.320031	0.001960	0.195615	0.000000	0.482372	0.000000	0.000000	0.000000	0.000022
417	0.318994	0.002017	0.194991	0.000000	0.483969	0.000000	0.000000	0.000000	0.000029
418	0.318704	0.001929	0.194286	0.000000	0.485051	0.000000	0.000000	0.000000	0.000030
419	0.317903	0.001917	0.193752	0.000000	0.486391	0.000000	0.000000	0.000000	0.000037
420	0.317235	0.001918	0.192994	0.000000	0.487819	0.000000	0.000000	0.000000	0.000034
421	0.316579	0.001869	0.192189	0.000000	0.489319	0.000000	0.000000	0.000000	0.000044
422	0.315299	0.001821	0.192433	0.000000	0.490412	0.000000	0.000000	0.000000	0.000035
423	0.314258	0.001795	0.192091	0.000000	0.491817	0.000000	0.000000	0.000000	0.000039
424	0.313310	0.001785	0.191182	0.000000	0.493691	0.000000	0.000000	0.000000	0.000032
425	0.312338	0.001742	0.190573	0.000000	0.495314	0.000000	0.000000	0.000000	0.000033
426	0.311080	0.001722	0.189969	0.000000	0.497191	0.000000	0.000000	0.000000	0.000038
427	0.310661	0.001649	0.189633	0.000000	0.498029	0.000000	0.000000	0.000000	0.000028
428	0.309409	0.001607	0.189288	0.000000	0.499658	0.000000	0.000000	0.000000	0.000038
429	0.309292	0.001627	0.187854	0.000000	0.501185	0.000000	0.000000	0.000000	0.000042
430	0.308418	0.001610	0.187178	0.000000	0.502765	0.000000	0.000000	0.000000	0.000029
431	0.307710	0.001619	0.186239	0.000000	0.504400	0.000000	0.000000	0.000000	0.000032
432	0.306582	0.001604	0.185885	0.000000	0.505898	0.000000	0.000000	0.000000	0.000031
433	0.305695	0.001530	0.185257	0.000000	0.507489	0.000000	0.000000	0.000000	0.000029
434	0.304465	0.001503	0.184660	0.000000	0.509348	0.000000	0.000000	0.000000	0.000024
435	0.303378	0.001536	0.184140	0.000000	0.510924	0.000000	0.000000	0.000000	0.000022
436	0.302141	0.001514	0.183850	0.000000	0.512471	0.000000	0.000000	0.000000	0.000024
437	0.300951	0.001475	0.183244	0.000000	0.514297	0.000000	0.000000	0.000000	0.000033
438	0.299991	0.001459	0.182841	0.000000	0.515684	0.000000	0.000000	0.000000	0.000025
439	0.298853	0.001431	0.182407	0.000000	0.517282	0.000000	0.000000	0.000000	0.000027
440	0.297981	0.001401	0.181841	0.000000	0.518753	0.000000	0.000000	0.000000	0.000024
441	0.297176	0.001388	0.181179	0.000000	0.520238	0.000000	0.000000	0.000000	0.000019
442	0.296204	0.001400	0.180578	0.000000	0.521794	0.000000	0.000000	0.000000	0.000024
443	0.295683	0.001391	0.179570	0.000000	0.523336	0.000000	0.000000	0.000000	0.000020
444	0.294682	0.001385	0.179346	0.000000	0.524568	0.000000	0.000000	0.000000	0.000019
445	0.294019	0.001334	0.178591	0.000000	0.526032	0.000000	0.000000	0.000000	0.000024
446	0.293306	0.001315	0.177949	0.000000	0.527404	0.000000	0.000000	0.000000	0.000026
447	0.292229	0.001321	0.177769	0.000000	0.528661	0.000000	0.000000	0.000000	0.000020
448	0.291119	0.001283	0.177606	0.000000	0.529967	0.000000	0.000000	0.000000	0.000025
449	0.290113	0.001292	0.177337	0.000000	0.531232	0.000000	0.000000	0.000000	0.000026
450	0.288960	0.001319	0.176914	0.000000	0.532782	0.000000	0.000000	0.000000	0.000025
451	0.287740	0.001295	0.176756	0.000000	0.534185	0.000000	0.000000	0.000000	0.000024
452	0.287287	0.001262	0.175895	0.000000	0.535531	0.000000	0.000000	0.000000	0.000025
453	0.286516	0.001271	0.175335	0.000000	0.536853	0.000000	0.000000	0.000000	0.000025
454	0.286009	0.001254	0.174557	0.000000	0.538160	0.000000	0.000000	0.000000	0.000020
455	0.285101	0.001292	0.173569	0.000000	0.540020	0.000000	0.000000	0.000000	0.000018
456	0.283959	0.001241	0.173260	0.000000	0.541519	0.000000	0.000000	0.000000	0.000021
457	0.283317	0.001278	0.172551	0.000000	0.542838	0.000000	0.000000	0.000000	0.000016
458	0.282414	0.001286	0.172356	0.000000	0.543924	0.000000	0.000000	0.000000	0.000020
459	0.281638	0.001270	0.171800	0.000000	0.545271	0.000000	0.000000	0.000000	0.000021
460	0.281087	0.001213	0.171081	0.000000	0.546592	0.000000	0.000000	0.000000	0.000027
461	0.280203	0.001200	0.170299	0.000000	0.548277	0.000000	0.000000	0.000000	0.000021
462	0.278893	0.001183	0.170046	0.000000	0.549853	0.000000	0.000000	0.000000	0.000025
463	0.278044	0.001136	0.169603	0.000000	0.551199	0.000000	0.000000	0.000000	0.000018
464	0.277093	0.001166	0.169023	0.000000	0.552694	0.000000	0.000000	0.000000	0.000024
465	0.276275	0.001143	0.168228	0.000000	0.554335	0.000000	0.000000	0.000000	0.000019
466	0.275644	0.001133	0.167589	0.000000	0.555615	0.000000	0.000000	0.000000	0.000019
467	0.274821	0.001082	0.167077	0.000000	0.556997	0.000000	0.000000	0.000000	0.000023
468	0.274329	0.001091	0.166307	0.000000	0.558253	0.000000	0.000000	0.000000	0.000020
469	0.273412	0.001072	0.165671	0.000000	0.559820	0.000000	0.000000	0.000000	0.000025
470	0.271996	0.001044	0.165374	0.000000	0.561565	0.000000	0.000000	0.000000	0.000021
