0	0.290663	0.057897	0.229473	0.157588	0.029913	0.111872	0.085455	0.012259	0.024880
1	0.233682	0.048580	0.201512	0.140120	0.028407	0.119706	0.116649	0.022673	0.088671
2	0.236645	0.048777	0.201888	0.133324	0.028905	0.115699	0.115283	0.022500	0.096979
3	0.244955	0.049653	0.204899	0.128377	0.029147	0.110294	0.111519	0.021440	0.099716
4	0.254630	0.050462	0.208375	0.122849	0.029647	0.104378	0.107041	0.020377	0.102241
5	0.264560	0.051093	0.211648	0.118395	0.030075	0.098544	0.102108	0.019156	0.104421
6	0.275135	0.051998	0.214087	0.113453	0.030734	0.092674	0.097400	0.017895	0.106624
7	0.286116	0.052594	0.215470	0.108631	0.031688	0.087188	0.093052	0.016737	0.108524
8	0.296136	0.053255	0.217461	0.104315	0.032777	0.082122	0.088195	0.015705	0.110034
9	0.306386	0.053785	0.219344	0.099919	0.033535	0.077068	0.083721	0.014546	0.111696
10	0.316746	0.054165	0.220357	0.095690	0.034737	0.072438	0.078863	0.013750	0.113254
11	0.326516	0.054647	0.221369	0.091097	0.035619	0.067860	0.074993	0.012987	0.114912
12	0.336299	0.054661	0.222046	0.087437	0.036891	0.063385	0.071141	0.012124	0.116016
13	0.345915	0.054969	0.222731	0.083565	0.037814	0.059628	0.066870	0.011136	0.117372
14	0.354944	0.054958	0.222567	0.079884	0.039009	0.055632	0.063663	0.010548	0.118795
15	0.364108	0.055019	0.222377	0.076144	0.040380	0.052272	0.059965	0.009870	0.119865
16	0.373102	0.055017	0.222105	0.072887	0.041341	0.049046	0.056756	0.009019	0.120727
17	0.381480	0.055193	0.221804	0.069195	0.042888	0.046208	0.053436	0.008438	0.121358
18	0.389710	0.055125	0.220861	0.066350	0.044233	0.043227	0.050220	0.007860	0.122414
19	0.398744	0.054867	0.219848	0.063431	0.045715	0.040342	0.046838	0.007473	0.122742
20	0.406135	0.054568	0.219715	0.060070	0.047180	0.037886	0.044283	0.006910	0.123253
21	0.413333	0.054598	0.218816	0.057094	0.048638	0.035732	0.041639	0.006364	0.123786
22	0.420417	0.054236	0.217551	0.054314	0.050426	0.033554	0.039615	0.006051	0.123836
23	0.426806	0.054200	0.216289	0.052213	0.051907	0.031858	0.037474	0.005499	0.123754
24	0.433666	0.053716	0.214628	0.050050	0.053668	0.029572	0.035454	0.005249	0.123997
25	0.439936	0.053835	0.213364	0.047471	0.055298	0.027756	0.033507	0.004923	0.123910
26	0.446627	0.053589	0.211803	0.045154	0.057190	0.025878	0.031251	0.004626	0.123882
27	0.452874	0.053310	0.210144	0.043131	0.059010	0.024292	0.029374	0.004282	0.123583
28	0.458497	0.053120	0.208506	0.041355	0.060508	0.022971	0.027452	0.004033	0.123558
29	0.464536	0.052731	0.206940	0.039345	0.062453	0.021531	0.025864	0.003752	0.122848
30	0.469767	0.052567	0.205159	0.037489	0.064428	0.020120	0.024350	0.003553	0.122567
31	0.474776	0.052378	0.203043	0.035881	0.066529	0.019029	0.022741	0.003273	0.122350
32	0.479531	0.051498	0.201690	0.034294	0.068736	0.017849	0.021466	0.003137	0.121799
33	0.484357	0.051151	0.199695	0.033077	0.070450	0.016896	0.020305	0.002943	0.121126
34	0.488132	0.050938	0.198113	0.031543	0.072776	0.015896	0.019232	0.002804	0.120566
35	0.492414	0.050238	0.195502	0.030405	0.075170	0.015125	0.018051	0.002575	0.120520
36	0.496519	0.049750	0.193320	0.029167	0.077894	0.014358	0.017015	0.002356	0.119621
37	0.500670	0.049534	0.191303	0.028093	0.080026	0.013570	0.016095	0.002190	0.118519
38	0.504595	0.049024	0.189029	0.026989	0.082857	0.012684	0.015026	0.002032	0.117764
39	0.508350	0.048499	0.186469	0.026139	0.085555	0.011914	0.014050	0.001919	0.117105
40	0.511197	0.048002	0.185228	0.025170	0.087949	0.011179	0.013057	0.001748	0.116470
41	0.514465	0.047637	0.182963	0.024283	0.090578	0.010707	0.012431	0.001638	0.115298
42	0.517695	0.046942	0.181183	0.023392	0.093230	0.010123	0.011628	0.001497	0.114310
43	0.519591	0.046746	0.179527	0.022588	0.096017	0.009600	0.010852	0.001442	0.113637
44	0.522342	0.046034	0.177764	0.021980	0.098796	0.009076	0.010137	0.001412	0.112459
45	0.524521	0.045974	0.176014	0.021199	0.101695	0.008562	0.009636	0.001296	0.111103
46	0.527161	0.045453	0.173778	0.020460	0.104588	0.008170	0.009054	0.001213	0.110123
47	0.530109	0.044838	0.171244	0.019772	0.107839	0.007713	0.008460	0.001159	0.108866
48	0.532778	0.044266	0.169300	0.018844	0.110844	0.007461	0.007761	0.001054	0.107692
49	0.535468	0.043808	0.167148	0.018250	0.113967	0.007024	0.007299	0.000982	0.106054
50	0.537060	0.043439	0.165469	0.017603	0.117319	0.006709	0.006871	0.000932	0.104598
51	0.538931	0.042859	0.163073	0.017279	0.120600	0.006329	0.006400	0.000916	0.103613
52	0.540753	0.042068	0.160879	0.016920	0.124169	0.006106	0.006018	0.000824	0.102263
53	0.541983	0.041674	0.159313	0.016359	0.127794	0.005944	0.005585	0.000750	0.100598
54	0.543605	0.041240	0.157177	0.015902	0.131314	0.005703	0.005166	0.000647	0.099246
55	0.544266	0.040905	0.155244	0.015627	0.134844	0.005570	0.004938	0.000601	0.098005
56	0.545490	0.040329	0.153312	0.015077	0.138838	0.005380	0.004590	0.000564	0.096420
57	0.545835	0.040247	0.152009	0.014483	0.142376	0.005058	0.004394	0.000485	0.095113
58	0.546195	0.039721	0.149776	0.014484	0.146520	0.004839	0.004046	0.000458	0.093961
59	0.547691	0.039223	0.147344	0.014180	0.150276	0.004686	0.003867	0.000428	0.092305
60	0.548406	0.038790	0.145246	0.013860	0.154565	0.004470	0.003564	0.000371	0.090728
61	0.549275	0.038288	0.143313	0.013514	0.158582	0.004312	0.003248	0.000346	0.089122
62	0.549565	0.037886	0.141718	0.013166	0.162846	0.004106	0.003051	0.000335	0.087327
63	0.549879	0.037295	0.139883	0.012801	0.167124	0.003972	0.002809	0.000326	0.085911
64	0.550766	0.036805	0.137496	0.012452	0.171280	0.003851	0.002687	0.000318	0.084345
65	0.550744	0.036465	0.135769	0.012089	0.175961	0.003738	0.002450	0.000296	0.082488
66	0.550589	0.035866	0.134546	0.011693	0.180055	0.003622	0.002292	0.000279	0.081058
67	0.551245	0.035344	0.132329	0.011502	0.184411	0.003512	0.002138	0.000263	0.079256
68	0.550231	0.035108	0.131066	0.011232	0.189105	0.003388	0.001982	0.000237	0.077651
69	0.550190	0.034459	0.129419	0.010965	0.193596	0.003332	0.001860	0.000220	0.075959
70	0.549760	0.034098	0.127464	0.010762	0.198349	0.003194	0.001757	0.000183	0.074433
71	0.549329	0.033620	0.125932	0.010589	0.202768	0.003154	0.001599	0.000178	0.072831
72	0.548505	0.032875	0.124372	0.010423	0.207614	0.003115	0.001521	0.000173	0.071402
73	0.547198	0.032440	0.123386	0.010287	0.212572	0.003036	0.001422	0.000164	0.069495
74	0.546121	0.031948	0.121832	0.010190	0.217466	0.002990	0.001335	0.000158	0.067960
75	0.544713	0.031701	0.120440	0.009967	0.222386	0.002892	0.001239	0.000149	0.066513
76	0.544391	0.030998	0.118467	0.009777	0.227261	0.002797	0.001179	0.000134	0.064996
77	0.542632	0.030749	0.117303	0.009530	0.232651	0.002714	0.001048	0.000116	0.063257
78	0.541054	0.030264	0.116067	0.009315	0.237849	0.002666	0.000938	0.000112	0.061735
79	0.539245	0.029818	0.114533	0.009230	0.243117	0.002591	0.000899	0.000097	0.060470
80	0.537362	0.029487	0.112991	0.009120	0.248550	0.002591	0.000813	0.000095	0.058991
81	0.536213	0.028699	0.111750	0.008951	0.253745	0.002559	0.000750	0.000076	0.057257
82	0.534333	0.028354	0.110076	0.008932	0.259319	0.002502	0.000719	0.000072	0.055693
83	0.532108	0.027846	0.109000	0.008843	0.264754	0.002414	0.000696	0.000070	0.054269
84	0.530070	0.027241	0.107588	0.008757	0.270705	0.002331	0.000637	0.000061	0.052610
85	0.527858	0.027002	0.106344	0.008749	0.275941	0.002325	0.000568	0.000053	0.051160
86	0.524958	0.026656	0.104821	0.008652	0.282135	0.002248	0.000522	0.000052	0.049956
87	0.522820	0.026255	0.103547	0.008475	0.287572	0.002163	0.000478	0.000055	0.048635
88	0.520858	0.025618	0.102452	0.008424	0.293118	0.002082	0.000443	0.000058	0.046947
89	0.518241	0.025127	0.101108	0.008264	0.299197	0.002139	0.000413	0.000057	0.045454
90	0.515786	0.024606	0.100052	0.008093	0.305048	0.002062	0.000361	0.000046	0.043946
91	0.513157	0.024153	0.098492	0.008050	0.310882	0.002038	0.000340	0.000038	0.042850
92	0.510575	0.023614	0.097256	0.008009	0.316645	0.002063	0.000297	0.000036	0.041505
93	0.508185	0.023231	0.095996	0.007892	0.322142	0.001933	0.000299	0.000035	0.040287
94	0.505516	0.022920	0.094531	0.007824	0.327842	0.001863	0.000299	0.000029	0.039176
95	0.501927	0.022557	0.093240	0.007882	0.334322	0.001842	0.000245	0.000028	0.037957
96	0.499600	0.021934	0.091871	0.007754	0.340164	0.001765	0.000216	0.000026	0.036670
97	0.496041	0.021504	0.090618	0.007732	0.346515	0.001782	0.000212	0.000024	0.035572
98	0.492794	0.021065	0.089409	0.007735	0.352729	0.001764	0.000211	0.000019	0.034274
99	0.489910	0.020745	0.088138	0.007629	0.358517	0.001724	0.000180	0.000012	0.033145
100	0.486636	0.020162	0.086973	0.007525	0.364950	0.001711	0.000177	0.000010	0.031856
101	0.483161	0.019630	0.086129	0.007504	0.371108	0.001715	0.000157	0.000004	0.030592
102	0.479979	0.019153	0.084755	0.007442	0.377239	0.001691	0.000148	0.000004	0.029589
103	0.476516	0.018647	0.083555	0.007344	0.383545	0.001661	0.000141	0.000006	0.028585
104	0.472860	0.018405	0.082038	0.007288	0.390034	0.001661	0.000135	0.000003	0.027576
105	0.468592	0.017963	0.081203	0.007218	0.396638	0.001672	0.000119	0.000004	0.026591
106	0.465018	0.017408	0.079786	0.007271	0.403064	0.001643	0.000127	0.000005	0.025678
107	0.461691	0.016963	0.078345	0.007240	0.409196	0.001611	0.000112	0.000002	0.024840
108	0.457791	0.016631	0.077211	0.007107	0.415722	0.001587	0.000100	0.000003	0.023848
109	0.453214	0.016253	0.076012	0.007094	0.422679	0.001647	0.000093	0.000002	0.023006
110	0.448922	0.015905	0.075011	0.007168	0.429196	0.001555	0.000088	0.000004	0.022151
111	0.444624	0.015549	0.074052	0.007114	0.435587	0.001547	0.000070	0.000006	0.021451
112	0.440371	0.015089	0.073243	0.007127	0.441748	0.001536	0.000056	0.000002	0.020828
113	0.435805	0.014669	0.072342	0.007049	0.448594	0.001509	0.000046	0.000002	0.019984
114	0.431823	0.014384	0.071277	0.007088	0.454596	0.001540	0.000027	0.000003	0.019262
115	0.428228	0.013750	0.069829	0.006974	0.461060	0.001548	0.000040	0.000001	0.018570
116	0.424061	0.013543	0.068729	0.007029	0.466920	0.001572	0.000035	0.000002	0.018109
117	0.419343	0.013207	0.067753	0.007061	0.473684	0.001526	0.000034	0.000000	0.017392
118	0.415683	0.012947	0.066497	0.006963	0.479613	0.001582	0.000037	0.000000	0.016678
119	0.411169	0.012683	0.065553	0.006856	0.486156	0.001552	0.000041	0.000000	0.015990
120	0.406821	0.012464	0.064721	0.006793	0.492100	0.001573	0.000036	0.000000	0.015492
121	0.402257	0.012258	0.063625	0.006861	0.498425	0.001582	0.000034	0.000000	0.014958
122	0.398198	0.011974	0.062636	0.006877	0.504426	0.001578	0.000030	0.000000	0.014281
123	0.393802	0.011733	0.061437	0.006759	0.510968	0.001520	0.000023	0.000000	0.013758
124	0.389273	0.011520	0.060755	0.006720	0.516933	0.001517	0.000016	0.000000	0.013266
125	0.385176	0.011109	0.059612	0.006716	0.523175	0.001549	0.000013	0.000000	0.012650
126	0.381239	0.010803	0.058688	0.006677	0.528846	0.001589	0.000013	0.000000	0.012145
127	0.376801	0.010511	0.057522	0.006601	0.535450	0.001581	0.000011	0.000000	0.011523
128	0.372076	0.010255	0.056548	0.006780	0.541664	0.001545	0.000009	0.000000	0.011123
129	0.367204	0.009952	0.055673	0.006630	0.548382	0.001506	0.000008	0.000000	0.010645
130	0.362845	0.009671	0.054716	0.006572	0.554495	0.001496	0.000005	0.000000	0.010200
131	0.358417	0.009340	0.054060	0.006459	0.560435	0.001502	0.000005	0.000000	0.009782
132	0.353866	0.009017	0.053288	0.006506	0.566523	0.001513	0.000005	0.000000	0.009282
133	0.349364	0.008699	0.052307	0.006449	0.572621	0.001502	0.000009	0.000000	0.009049
134	0.345244	0.008410	0.051512	0.006469	0.578323	0.001493	0.000002	0.000000	0.008547
135	0.340218	0.008267	0.050483	0.006398	0.584940	0.001457	0.000003	0.000000	0.008234
136	0.335834	0.008191	0.049587	0.006395	0.590492	0.001465	0.000004	0.000000	0.008032
137	0.331183	0.008037	0.048724	0.006377	0.596472	0.001466	0.000003	0.000000	0.007738
138	0.326539	0.007825	0.047758	0.006344	0.602596	0.001428	0.000004	0.000000	0.007506
139	0.322427	0.007597	0.046791	0.006322	0.608340	0.001418	0.000005	0.000000	0.007100
140	0.317776	0.007338	0.046170	0.006424	0.614167	0.001422	0.000005	0.000000	0.006698
141	0.312917	0.007186	0.045504	0.006432	0.620110	0.001417	0.000007	0.000000	0.006427
142	0.308122	0.007041	0.044832	0.006389	0.626058	0.001417	0.000004	0.000000	0.006137
143	0.303319	0.006830	0.044101	0.006338	0.632119	0.001437	0.000003	0.000000	0.005853
144	0.298776	0.006608	0.043214	0.006309	0.637975	0.001426	0.000005	0.000000	0.005687
145	0.294530	0.006460	0.042310	0.006278	0.643617	0.001438	0.000004	0.000000	0.005363
146	0.289898	0.006248	0.041533	0.006252	0.649488	0.001513	0.000001	0.000000	0.005067
147	0.285078	0.006073	0.040827	0.006317	0.655430	0.001502	0.000000	0.000000	0.004773
148	0.280426	0.005964	0.039836	0.006217	0.661465	0.001527	0.000000	0.000000	0.004565
149	0.275961	0.005832	0.039425	0.006271	0.666638	0.001486	0.000002	0.000000	0.004385
150	0.271741	0.005686	0.038709	0.006226	0.671886	0.001526	0.000001	0.000000	0.004225
151	0.267216	0.005540	0.037544	0.006257	0.677838	0.001512	0.000000	0.000000	0.004093
152	0.262718	0.005477	0.036811	0.006314	0.683223	0.001508	0.000000	0.000000	0.003949
153	0.258146	0.005414	0.036215	0.006292	0.688755	0.001551	0.000000	0.000000	0.003627
154	0.253802	0.005292	0.035574	0.006387	0.693988	0.001527	0.000000	0.000000	0.003430
155	0.249456	0.005159	0.034984	0.006278	0.699365	0.001502	0.000000	0.000000	0.003256
156	0.245193	0.004894	0.034254	0.006257	0.704684	0.001548	0.000000	0.000000	0.003170
157	0.240837	0.004753	0.033576	0.006254	0.709980	0.001564	0.000000	0.000000	0.003036
158	0.236704	0.004578	0.032865	0.006223	0.715200	0.001541	0.000000	0.000000	0.002889
159	0.232155	0.004477	0.032265	0.006211	0.720503	0.001597	0.000000	0.000000	0.002792
160	0.228015	0.004412	0.031913	0.006213	0.725247	0.001535	0.000000	0.000000	0.002665
161	0.224142	0.004188	0.031074	0.006247	0.730286	0.001566	0.000000	0.000000	0.002497
162	0.220250	0.004046	0.030444	0.006245	0.735120	0.001549	0.000000	0.000000	0.002346
163	0.216421	0.003797	0.029873	0.006243	0.739882	0.001544	0.000000	0.000000	0.002240
164	0.212252	0.003672	0.029198	0.006291	0.744846	0.001593	0.000000	0.000000	0.002148
165	0.208552	0.003631	0.028566	0.006229	0.749471	0.001579	0.000000	0.000000	0.001972
166	0.204632	0.003476	0.027989	0.006051	0.754378	0.001598	0.000000	0.000000	0.001876
167	0.200895	0.003302	0.027428	0.006065	0.758966	0.001590	0.000000	0.000000	0.001754
168	0.197116	0.003160	0.026580	0.006086	0.763884	0.001552	0.000000	0.000000	0.001622
169	0.193098	0.003052	0.026176	0.006123	0.768379	0.001592	0.000000	0.000000	0.001580
170	0.189399	0.002953	0.025746	0.006133	0.772726	0.001587	0.000000	0.000000	0.001456
171	0.185758	0.002846	0.025153	0.006054	0.777192	0.001604	0.000000	0.000000	0.001393
172	0.181957	0.002814	0.024556	0.005955	0.781797	0.001607	0.000000	0.000000	0.001314
173	0.178499	0.002673	0.024147	0.005958	0.785879	0.001593	0.000000	0.000000	0.001251
174	0.174594	0.002545	0.023768	0.005935	0.790373	0.001588	0.000000	0.000000	0.001197
175	0.171075	0.002530	0.023368	0.005948	0.794372	0.001567	0.000000	0.000000	0.001140
176	0.167609	0.002442	0.022645	0.005983	0.798734	0.001544	0.000000	0.000000	0.001043
177	0.164116	0.002346	0.022269	0.005934	0.802790	0.001533	0.000000	0.000000	0.001012
178	0.161133	0.002257	0.021561	0.005857	0.806660	0.001537	0.000000	0.000000	0.000995
179	0.157559	0.002163	0.021254	0.005855	0.810610	0.001605	0.000000	0.000000	0.000954
180	0.154358	0.002132	0.020698	0.005816	0.814498	0.001581	0.000000	0.000000	0.000917
181	0.151242	0.002027	0.020349	0.005916	0.818007	0.001600	0.000000	0.000000	0.000859
182	0.147788	0.001923	0.019852	0.005966	0.822081	0.001587	0.000000	0.000000	0.000803
183	0.144430	0.001811	0.019539	0.005840	0.826103	0.001517	0.000000	0.000000	0.000760
184	0.141423	0.001724	0.019082	0.005801	0.829757	0.001517	0.000000	0.000000	0.000696
185	0.138300	0.001605	0.018703	0.005801	0.833338	0.001593	0.000000	0.000000	0.000660
186	0.135390	0.001566	0.018104	0.005785	0.836999	0.001548	0.000000	0.000000	0.000608
187	0.132496	0.001523	0.017584	0.005737	0.840558	0.001511	0.000000	0.000000	0.000591
188	0.129525	0.001508	0.017250	0.005768	0.843918	0.001469	0.000000	0.000000	0.000562
189	0.126494	0.001485	0.016845	0.005641	0.847535	0.001485	0.000000	0.000000	0.000515
190	0.123737	0.001459	0.016164	0.005594	0.851098	0.001491	0.000000	0.000000	0.000457
191	0.120778	0.001390	0.015958	0.005721	0.854215	0.001479	0.000000	0.000000	0.000459
192	0.118202	0.001350	0.015694	0.005699	0.857160	0.001494	0.000000	0.000000	0.000401
193	0.115404	0.001285	0.015223	0.005675	0.860527	0.001501	0.000000	0.000000	0.000385
194	0.112756	0.001236	0.014879	0.005664	0.863619	0.001472	0.000000	0.000000	0.000374
195	0.109508	0.001169	0.014825	0.005645	0.867028	0.001474	0.000000	0.000000	0.000351
196	0.106943	0.001143	0.014337	0.005671	0.870055	0.001500	0.000000	0.000000	0.000351
197	0.104195	0.001137	0.013893	0.005740	0.873174	0.001540	0.000000	0.000000	0.000321
198	0.101388	0.001079	0.013599	0.005696	0.876414	0.001526	0.000000	0.000000	0.000298
199	0.098556	0.001038	0.013264	0.005772	0.879634	0.001458	0.000000	0.000000	0.000278
200	0.096136	0.001036	0.012982	0.005791	0.882300	0.001461	0.000000	0.000000	0.000294
201	0.093736	0.001007	0.012730	0.005879	0.884965	0.001428	0.000000	0.000000	0.000255
202	0.091402	0.000998	0.012441	0.005765	0.887733	0.001401	0.000000	0.000000	0.000260
203	0.089084	0.000964	0.012167	0.005761	0.890411	0.001391	0.000000	0.000000	0.000222
204	0.086777	0.000966	0.011766	0.005844	0.892999	0.001415	0.000000	0.000000	0.000233
205	0.084314	0.000917	0.011504	0.005705	0.896021	0.001347	0.000000	0.000000	0.000192
206	0.082088	0.000874	0.011182	0.005684	0.898558	0.001430	0.000000	0.000000	0.000184
207	0.080061	0.000828	0.010867	0.005643	0.901068	0.001344	0.000000	0.000000	0.000189
208	0.078054	0.000808	0.010663	0.005569	0.903349	0.001383	0.000000	0.000000	0.000174
209	0.076119	0.000794	0.010511	0.005619	0.905415	0.001385	0.000000	0.000000	0.000157
210	0.074087	0.000785	0.010362	0.005615	0.907594	0.001406	0.000000	0.000000	0.000151
211	0.071904	0.000766	0.010048	0.005567	0.910134	0.001433	0.000000	0.000000	0.000148
212	0.070113	0.000759	0.009704	0.005450	0.912438	0.001387	0.000000	0.000000	0.000149
213	0.067989	0.000703	0.009547	0.005404	0.914835	0.001383	0.000000	0.000000	0.000139
214	0.066380	0.000664	0.009330	0.005349	0.916681	0.001460	0.000000	0.000000	0.000136
215	0.064613	0.000652	0.009038	0.005325	0.918857	0.001377	0.000000	0.000000	0.000138
216	0.062832	0.000618	0.008901	0.005394	0.920708	0.001408	0.000000	0.000000	0.000139
217	0.061140	0.000618	0.008574	0.005345	0.922816	0.001375	0.000000	0.000000	0.000132
218	0.059362	0.000577	0.008279	0.005354	0.924917	0.001376	0.000000	0.000000	0.000135
219	0.057540	0.000542	0.008033	0.005303	0.926982	0.001469	0.000000	0.000000	0.000131
220	0.055929	0.000515	0.007715	0.005351	0.928903	0.001445	0.000000	0.000000	0.000142
221	0.054422	0.000509	0.007471	0.005345	0.930680	0.001444	0.000000	0.000000	0.000129
222	0.052856	0.000506	0.007249	0.005307	0.932485	0.001463	0.000000	0.000000	0.000134
223	0.051237	0.000474	0.007128	0.005323	0.934254	0.001472	0.000000	0.000000	0.000112
224	0.049912	0.000442	0.006858	0.005438	0.935775	0.001463	0.000000	0.000000	0.000112
225	0.048334	0.000427	0.006693	0.005473	0.937507	0.001469	0.000000	0.000000	0.000097
226	0.046822	0.000407	0.006565	0.005463	0.939117	0.001525	0.000000	0.000000	0.000101
227	0.045189	0.000386	0.006355	0.005380	0.941078	0.001510	0.000000	0.000000	0.000102
228	0.043787	0.000362	0.006183	0.005334	0.942731	0.001503	0.000000	0.000000	0.000100
229	0.042678	0.000358	0.005986	0.005357	0.944023	0.001512	0.000000	0.000000	0.000086
230	0.041558	0.000331	0.005822	0.005404	0.945276	0.001519	0.000000	0.000000	0.000090
231	0.040431	0.000321	0.005757	0.005519	0.946362	0.001526	0.000000	0.000000	0.000084
232	0.039108	0.000303	0.005467	0.005496	0.947970	0.001573	0.000000	0.000000	0.000083
233	0.037945	0.000292	0.005376	0.005419	0.949341	0.001539	0.000000	0.000000	0.000088
234	0.036712	0.000293	0.005249	0.005444	0.950682	0.001542	0.000000	0.000000	0.000078
235	0.035642	0.000262	0.005073	0.005483	0.951958	0.001501	0.000000	0.000000	0.000081
236	0.034454	0.000270	0.004864	0.005480	0.953391	0.001466	0.000000	0.000000	0.000075
237	0.033368	0.000257	0.004842	0.005464	0.954538	0.001463	0.000000	0.000000	0.000068
238	0.032446	0.000247	0.004749	0.005500	0.955538	0.001466	0.000000	0.000000	0.000054
239	0.031484	0.000245	0.004586	0.005531	0.956599	0.001504	0.000000	0.000000	0.000051
240	0.030540	0.000243	0.004499	0.005521	0.957692	0.001463	0.000000	0.000000	0.000042
241	0.029515	0.000243	0.004339	0.005503	0.958875	0.001486	0.000000	0.000000	0.000039
242	0.028593	0.000200	0.004267	0.005538	0.959909	0.001460	0.000000	0.000000	0.000033
243	0.027755	0.000187	0.004151	0.005509	0.960923	0.001444	0.000000	0.000000	0.000031
244	0.026825	0.000177	0.004037	0.005584	0.961911	0.001430	0.000000	0.000000	0.000036
245	0.026110	0.000181	0.003830	0.005563	0.962895	0.001382	0.000000	0.000000	0.000039
246	0.025306	0.000161	0.003665	0.005612	0.963831	0.001384	0.000000	0.000000	0.000041
247	0.024553	0.000151	0.003578	0.005572	0.964690	0.001421	0.000000	0.000000	0.000035
248	0.023832	0.000163	0.003352	0.005486	0.965710	0.001433	0.000000	0.000000	0.000024
249	0.023193	0.000129	0.003242	0.005540	0.966443	0.001427	0.000000	0.000000	0.000026
250	0.022427	0.000117	0.003052	0.005509	0.967409	0.001459	0.000000	0.000000	0.000027
251	0.021837	0.000095	0.002941	0.005589	0.968111	0.001401	0.000000	0.000000	0.000026
252	0.021144	0.000124	0.002808	0.005608	0.968924	0.001370	0.000000	0.000000	0.000022
253	0.020361	0.000115	0.002707	0.005593	0.969862	0.001343	0.000000	0.000000	0.000019
254	0.019682	0.000104	0.002651	0.005572	0.970591	0.001383	0.000000	0.000000	0.000017
255	0.018977	0.000099	0.002547	0.005596	0.971431	0.001342	0.000000	0.000000	0.000008
256	0.018322	0.000086	0.002491	0.005570	0.972174	0.001352	0.000000	0.000000	0.000005
257	0.017721	0.000090	0.002390	0.005551	0.972899	0.001345	0.000000	0.000000	0.000004
258	0.017049	0.000092	0.002312	0.005485	0.973692	0.001364	0.000000	0.000000	0.000006
259	0.016422	0.000083	0.002276	0.005515	0.974312	0.001389	0.000000	0.000000	0.000003
260	0.015913	0.000070	0.002209	0.005554	0.974879	0.001374	0.000000	0.000000	0.000001
261	0.015325	0.000066	0.002104	0.005633	0.975480	0.001390	0.000000	0.000000	0.000002
262	0.014810	0.000056	0.001994	0.005556	0.976241	0.001342	0.000000	0.000000	0.000001
263	0.014184	0.000062	0.001987	0.005551	0.976859	0.001354	0.000000	0.000000	0.000003
264	0.013620	0.000052	0.001904	0.005566	0.977476	0.001378	0.000000	0.000000	0.000004
265	0.013158	0.000053	0.001834	0.005513	0.978048	0.001392	0.000000	0.000000	0.000002
266	0.012673	0.000049	0.001725	0.005553	0.978656	0.001343	0.000000	0.000000	0.000001
267	0.012332	0.000041	0.001670	0.005496	0.979078	0.001382	0.000000	0.000000	0.000001
268	0.011938	0.000041	0.001599	0.005450	0.979558	0.001414	0.000000	0.000000	0.000000
269	0.011524	0.000043	0.001540	0.005409	0.980143	0.001341	0.000000	0.000000	0.000000
270	0.011071	0.000039	0.001482	0.005357	0.980761	0.001290	0.000000	0.000000	0.000000
271	0.010608	0.000041	0.001475	0.005368	0.981160	0.001348	0.000000	0.000000	0.000000
272	0.010180	0.000037	0.001401	0.005379	0.981669	0.001334	0.000000	0.000000	0.000000
273	0.009761	0.000029	0.001367	0.005286	0.982208	0.001349	0.000000	0.000000	0.000000
274	0.009424	0.000032	0.001292	0.005236	0.982657	0.001359	0.000000	0.000000	0.000000
275	0.009022	0.000027	0.001280	0.005317	0.982978	0.001376	0.000000	0.000000	0.000000
276	0.008649	0.000024	0.001237	0.005239	0.983499	0.001352	0.000000	0.000000	0.000000
277	0.008317	0.000021	0.001170	0.005228	0.983913	0.001351	0.000000	0.000000	0.000000
278	0.007956	0.000021	0.001114	0.005327	0.984260	0.001322	0.000000	0.000000	0.000000
279	0.007627	0.000018	0.001069	0.005369	0.984603	0.001314	0.000000	0.000000	0.000000
280	0.007316	0.000011	0.001072	0.005315	0.984981	0.001305	0.000000	0.000000	0.000000
281	0.007002	0.000010	0.001027	0.005313	0.985367	0.001281	0.000000	0.000000	0.000000
282	0.006751	0.000012	0.001015	0.005363	0.985530	0.001329	0.000000	0.000000	0.000000
283	0.006490	0.000011	0.000952	0.005309	0.985868	0.001370	0.000000	0.000000	0.000000
284	0.006233	0.000012	0.000935	0.005290	0.986131	0.001399	0.000000	0.000000	0.000000
285	0.005934	0.000010	0.000894	0.005227	0.986536	0.001399	0.000000	0.000000	0.000000
286	0.005747	0.000007	0.000850	0.005189	0.986868	0.001339	0.000000	0.000000	0.000000
287	0.005478	0.000010	0.000824	0.005213	0.987196	0.001279	0.000000	0.000000	0.000000
288	0.005287	0.000006	0.000785	0.005195	0.987491	0.001236	0.000000	0.000000	0.000000
289	0.005036	0.000007	0.000755	0.005144	0.987788	0.001270	0.000000	0.000000	0.000000
290	0.004826	0.000006	0.000749	0.005157	0.988033	0.001229	0.000000	0.000000	0.000000
291	0.004648	0.000008	0.000745	0.005238	0.988097	0.001264	0.000000	0.000000	0.000000
292	0.004404	0.000005	0.000725	0.005253	0.988307	0.001306	0.000000	0.000000	0.000000
293	0.004241	0.000009	0.000715	0.005182	0.988541	0.001312	0.000000	0.000000	0.000000
294	0.004029	0.000008	0.000695	0.005261	0.988665	0.001342	0.000000	0.000000	0.000000
295	0.003813	0.000010	0.000674	0.005292	0.988888	0.001323	0.000000	0.000000	0.000000
296	0.003693	0.000007	0.000646	0.005300	0.989048	0.001306	0.000000	0.000000	0.000000
297	0.003551	0.000007	0.000642	0.005354	0.989128	0.001318	0.000000	0.000000	0.000000
298	0.003394	0.000009	0.000590	0.005282	0.989400	0.001325	0.000000	0.000000	0.000000
299	0.003190	0.000004	0.000597	0.005218	0.989641	0.001350	0.000000	0.000000	0.000000
300	0.003070	0.000006	0.000590	0.005192	0.989816	0.001326	0.000000	0.000000	0.000000
301	0.002962	0.000003	0.000563	0.005241	0.989898	0.001333	0.000000	0.000000	0.000000
302	0.002805	0.000003	0.000544	0.005177	0.990140	0.001331	0.000000	0.000000	0.000000
303	0.002632	0.000004	0.000541	0.005224	0.990262	0.001337	0.000000	0.000000	0.000000
304	0.002517	0.000001	0.000505	0.005321	0.990362	0.001294	0.000000	0.000000	0.000000
305	0.002388	0.000002	0.000492	0.005307	0.990532	0.001279	0.000000	0.000000	0.000000
306	0.002292	0.000001	0.000489	0.005410	0.990535	0.001273	0.000000	0.000000	0.000000
307	0.002186	0.000000	0.000460	0.005415	0.990677	0.001262	0.000000	0.000000	0.000000
308	0.002083	0.000000	0.000441	0.005640	0.990591	0.001245	0.000000	0.000000	0.000000
309	0.001993	0.000000	0.000411	0.005668	0.990682	0.001246	0.000000	0.000000	0.000000
310	0.001921	0.000000	0.000393	0.005548	0.990864	0.001274	0.000000	0.000000	0.000000
311	0.001836	0.000000	0.000380	0.005603	0.990913	0.001268	0.000000	0.000000	0.000000
312	0.001766	0.000000	0.000368	0.005646	0.990958	0.001262	0.000000	0.000000	0.000000
313	0.001689	0.000000	0.000343	0.005593	0.991115	0.001260	0.000000	0.000000	0.000000
314	0.001642	0.000000	0.000321	0.005749	0.991032	0.001256	0.000000	0.000000	0.000000
315	0.001605	0.000000	0.000294	0.005709	0.991150	0.001242	0.000000	0.000000	0.000000
316	0.001549	0.000000	0.000294	0.005663	0.991264	0.001230	0.000000	0.000000	0.000000
317	0.001514	0.000000	0.000272	0.005659	0.991291	0.001264	0.000000	0.000000	0.000000
318	0.001433	0.000000	0.000261	0.005702	0.991357	0.001247	0.000000	0.000000	0.000000
319	0.001338	0.000000	0.000263	0.005799	0.991382	0.001218	0.000000	0.000000	0.000000
320	0.001287	0.000000	0.000249	0.005752	0.991508	0.001204	0.000000	0.000000	0.000000
321	0.001243	0.000000	0.000234	0.005730	0.991524	0.001269	0.000000	0.000000	0.000000
322	0.001153	0.000000	0.000211	0.005692	0.991675	0.001269	0.000000	0.000000	0.000000
323	0.001096	0.000000	0.000184	0.005779	0.991674	0.001267	0.000000	0.000000	0.000000
324	0.001046	0.000000	0.000190	0.005820	0.991650	0.001294	0.000000	0.000000	0.000000
325	0.001005	0.000000	0.000190	0.005850	0.991669	0.001286	0.000000	0.000000	0.000000
326	0.000935	0.000000	0.000167	0.005835	0.991815	0.001248	0.000000	0.000000	0.000000
327	0.000896	0.000000	0.000160	0.005895	0.991826	0.001223	0.000000	0.000000	0.000000
328	0.000843	0.000000	0.000166	0.005842	0.991976	0.001173	0.000000	0.000000	0.000000
329	0.000815	0.000000	0.000144	0.005890	0.991954	0.001197	0.000000	0.000000	0.000000
330	0.000754	0.000000	0.000136	0.005879	0.991989	0.001242	0.000000	0.000000	0.000000
331	0.000728	0.000000	0.000128	0.005860	0.992039	0.001245	0.000000	0.000000	0.000000
332	0.000704	0.000000	0.000124	0.005758	0.992193	0.001221	0.000000	0.000000	0.000000
333	0.000621	0.000000	0.000124	0.005797	0.992252	0.001206	0.000000	0.000000	0.000000
334	0.000625	0.000000	0.000109	0.005842	0.992175	0.001249	0.000000	0.000000	0.000000
335	0.000576	0.000000	0.000104	0.005887	0.992200	0.001233	0.000000	0.000000	0.000000
336	0.000541	0.000000	0.000099	0.005878	0.992243	0.001239	0.000000	0.000000	0.000000
337	0.000511	0.000000	0.000098	0.005961	0.992201	0.001229	0.000000	0.000000	0.000000
338	0.000484	0.000000	0.000100	0.005876	0.992322	0.001218	0.000000	0.000000	0.000000
339	0.000463	0.000000	0.000090	0.005944	0.992289	0.001214	0.000000	0.000000	0.000000
340	0.000457	0.000000	0.000086	0.006039	0.992183	0.001235	0.000000	0.000000	0.000000
341	0.000427	0.000000	0.000086	0.005974	0.992276	0.001237	0.000000	0.000000	0.000000
342	0.000415	0.000000	0.000088	0.005943	0.992370	0.001184	0.000000	0.000000	0.000000
343	0.000416	0.000000	0.000080	0.005961	0.992346	0.001197	0.000000	0.000000	0.000000
344	0.000402	0.000000	0.000076	0.005954	0.992373	0.001195	0.000000	0.000000	0.000000
345	0.000379	0.000000	0.000085	0.005982	0.992393	0.001161	0.000000	0.000000	0.000000
346	0.000373	0.000000	0.000075	0.005973	0.992394	0.001185	0.000000	0.000000	0.000000
347	0.000357	0.000000	0.000072	0.006028	0.992344	0.001199	0.000000	0.000000	0.000000
348	0.000341	0.000000	0.000074	0.005945	0.992474	0.001166	0.000000	0.000000	0.000000
349	0.000335	0.000000	0.000082	0.005939	0.992442	0.001202	0.000000	0.000000	0.000000
350	0.000341	0.000000	0.000077	0.005998	0.992428	0.001156	0.000000	0.000000	0.000000
351	0.000332	0.000000	0.000083	0.005968	0.992450	0.001167	0.000000	0.000000	0.000000
352	0.000304	0.000000	0.000077	0.005961	0.992514	0.001144	0.000000	0.000000	0.000000
353	0.000303	0.000000	0.000074	0.005976	0.992470	0.001177	0.000000	0.000000	0.000000
354	0.000282	0.000000	0.000077	0.005984	0.992446	0.001211	0.000000	0.000000	0.000000
355	0.000269	0.000000	0.000074	0.005915	0.992525	0.001217	0.000000	0.000000	0.000000
356	0.000258	0.000000	0.000070	0.005890	0.992558	0.001224	0.000000	0.000000	0.000000
357	0.000248	0.000000	0.000071	0.005768	0.992670	0.001243	0.000000	0.000000	0.000000
358	0.000244	0.000000	0.000072	0.005736	0.992738	0.001210	0.000000	0.000000	0.000000
359	0.000247	0.000000	0.000075	0.005701	0.992721	0.001256	0.000000	0.000000	0.000000
360	0.000241	0.000000	0.000077	0.005807	0.992642	0.001233	0.000000	0.000000	0.000000
361	0.000229	0.000000	0.000080	0.005741	0.992697	0.001253	0.000000	0.000000	0.000000
362	0.000213	0.000000	0.000075	0.005701	0.992770	0.001241	0.000000	0.000000	0.000000
363	0.000210	0.000000	0.000071	0.005817	0.992652	0.001250	0.000000	0.000000	0.000000
364	0.000216	0.000000	0.000069	0.005804	0.992681	0.001230	0.000000	0.000000	0.000000
365	0.000189	0.000000	0.000067	0.005830	0.992678	0.001236	0.000000	0.000000	0.000000
366	0.000186	0.000000	0.000061	0.005805	0.992677	0.001271	0.000000	0.000000	0.000000
367	0.000188	0.000000	0.000058	0.005759	0.992686	0.001309	0.000000	0.000000	0.000000
368	0.000182	0.000000	0.000054	0.005779	0.992712	0.001273	0.000000	0.000000	0.000000
369	0.000180	0.000000	0.000045	0.005733	0.992803	0.001239	0.000000	0.000000	0.000000
370	0.000178	0.000000	0.000040	0.005665	0.992835	0.001282	0.000000	0.000000	0.000000
371	0.000168	0.000000	0.000047	0.005749	0.992809	0.001227	0.000000	0.000000	0.000000
372	0.000167	0.000000	0.000050	0.005780	0.992732	0.001271	0.000000	0.000000	0.000000
373	0.000151	0.000000	0.000041	0.005764	0.992784	0.001260	0.000000	0.000000	0.000000
374	0.000140	0.000000	0.000029	0.005860	0.992674	0.001297	0.000000	0.000000	0.000000
375	0.000138	0.000000	0.000022	0.005869	0.992678	0.001293	0.000000	0.000000	0.000000
376	0.000139	0.000000	0.000014	0.005879	0.992691	0.001277	0.000000	0.000000	0.000000
377	0.000135	0.000000	0.000013	0.005865	0.992704	0.001283	0.000000	0.000000	0.000000
378	0.000117	0.000000	0.000007	0.005852	0.992756	0.001268	0.000000	0.000000	0.000000
379	0.000119	0.000000	0.000004	0.005847	0.992742	0.001288	0.000000	0.000000	0.000000
380	0.000112	0.000000	0.000001	0.005771	0.992846	0.001270	0.000000	0.000000	0.000000
381	0.000108	0.000000	0.000002	0.005684	0.992936	0.001270	0.000000	0.000000	0.000000
382	0.000105	0.000000	0.000004	0.005622	0.992958	0.001311	0.000000	0.000000	0.000000
383	0.000107	0.000000	0.000003	0.005638	0.992954	0.001298	0.000000	0.000000	0.000000
384	0.000106	0.000000	0.000002	0.005675	0.992883	0.001334	0.000000	0.000000	0.000000
385	0.000103	0.000000	0.000002	0.005667	0.992895	0.001333	0.000000	0.000000	0.000000
386	0.000102	0.000000	0.000003	0.005715	0.992865	0.001315	0.000000	0.000000	0.000000
387	0.000096	0.000000	0.000004	0.005737	0.992851	0.001312	0.000000	0.000000	0.000000
388	0.000098	0.000000	0.000001	0.005810	0.992796	0.001295	0.000000	0.000000	0.000000
389	0.000086	0.000000	0.000000	0.005724	0.992898	0.001292	0.000000	0.000000	0.000000
390	0.000090	0.000000	0.000000	0.005696	0.992932	0.001282	0.000000	0.000000	0.000000
391	0.000093	0.000000	0.000000	0.005774	0.992856	0.001277	0.000000	0.000000	0.000000
392	0.000087	0.000000	0.000000	0.005721	0.992873	0.001319	0.000000	0.000000	0.000000
393	0.000079	0.000000	0.000000	0.005728	0.992893	0.001300	0.000000	0.000000	0.000000
394	0.000076	0.000000	0.000000	0.005632	0.992947	0.001345	0.000000	0.000000	0.000000
395	0.000072	0.000000	0.000000	0.005648	0.992942	0.001338	0.000000	0.000000	0.000000
396	0.000067	0.000000	0.000000	0.005694	0.992925	0.001314	0.000000	0.000000	0.000000
397	0.000067	0.000000	0.000000	0.005810	0.992835	0.001288	0.000000	0.000000	0.000000
398	0.000067	0.000000	0.000000	0.005820	0.992853	0.001260	0.000000	0.000000	0.000000
399	0.000068	0.000000	0.000000	0.005877	0.992816	0.001239	0.000000	0.000000	0.000000
400	0.000057	0.000000	0.000000	0.005866	0.992784	0.001293	0.000000	0.000000	0.000000
401	0.000052	0.000000	0.000000	0.005884	0.992766	0.001298	0.000000	0.000000	0.000000
402	0.000046	0.000000	0.000000	0.005922	0.992759	0.001273	0.000000	0.000000	0.000000
403	0.000048	0.000000	0.000000	0.005947	0.992719	0.001286	0.000000	0.000000	0.000000
404	0.000050	0.000000	0.000000	0.005953	0.992724	0.001273	0.000000	0.000000	0.000000
405	0.000055	0.000000	0.000000	0.005909	0.992735	0.001301	0.000000	0.000000	0.000000
406	0.000049	0.000000	0.000000	0.005898	0.992751	0.001302	0.000000	0.000000	0.000000
407	0.000042	0.000000	0.000000	0.005863	0.992812	0.001283	0.000000	0.000000	0.000000
408	0.000033	0.000000	0.000000	0.005891	0.992780	0.001296	0.000000	0.000000	0.000000
409	0.000029	0.000000	0.000000	0.005879	0.992837	0.001255	0.000000	0.000000	0.000000
410	0.000032	0.000000	0.000000	0.005826	0.992885	0.001257	0.000000	0.000000	0.000000
411	0.000028	0.000000	0.000000	0.005810	0.992902	0.001260	0.000000	0.000000	0.000000
412	0.000029	0.000000	0.000000	0.005766	0.992915	0.001290	0.000000	0.000000	0.000000
413	0.000027	0.000000	0.000000	0.005799	0.992846	0.001328	0.000000	0.000000	0.000000
414	0.000035	0.000000	0.000000	0.005760	0.992878	0.001327	0.000000	0.000000	0.000000
415	0.000034	0.000000	0.000000	0.005822	0.992810	0.001334	0.000000	0.000000	0.000000
416	0.000023	0.000000	0.000000	0.005702	0.992957	0.001318	0.000000	0.000000	0.000000
417	0.000018	0.000000	0.000000	0.005681	0.992958	0.001343	0.000000	0.000000	0.000000
418	0.000011	0.000000	0.000000	0.005617	0.992990	0.001382	0.000000	0.000000	0.000000
419	0.000009	0.000000	0.000000	0.005649	0.992971	0.001371	0.000000	0.000000	0.000000
420	0.000006	0.000000	0.000000	0.005674	0.992940	0.001380	0.000000	0.000000	0.000000
421	0.000005	0.000000	0.000000	0.005693	0.992984	0.001318	0.000000	0.000000	0.000000
422	0.000003	0.000000	0.000000	0.005659	0.993016	0.001322	0.000000	0.000000	0.000000
423	0.000001	0.000000	0.000000	0.005595	0.993031	0.001373	0.000000	0.000000	0.000000
424	0.000001	0.000000	0.000000	0.005636	0.993002	0.001361	0.000000	0.000000	0.000000
425	0.000001	0.000000	0.000000	0.005637	0.992982	0.001380	0.000000	0.000000	0.000000
426	0.000001	0.000000	0.000000	0.005671	0.992903	0.001425	0.000000	0.000000	0.000000
427	0.000000	0.000000	0.000000	0.005635	0.992973	0.001392	0.000000	0.000000	0.000000
428	0.000000	0.000000	0.000000	0.005696	0.992903	0.001401	0.000000	0.000000	0.000000
429	0.000000	0.000000	0.000000	0.005624	0.992994	0.001382	0.000000	0.000000	0.000000
430	0.000000	0.000000	0.000000	0.005557	0.993058	0.001385	0.000000	0.000000	0.000000
431	0.000000	0.000000	0.000000	0.005459	0.993126	0.001415	0.000000	0.000000	0.000000
432	0.000000	0.000000	0.000000	0.005480	0.993096	0.001424	0.000000	0.000000	0.000000
433	0.000000	0.000000	0.000000	0.005408	0.993174	0.001418	0.000000	0.000000	0.000000
434	0.000000	0.000000	0.000000	0.005377	0.993176	0.001447	0.000000	0.000000	0.000000
435	0.000000	0.000000	0.000000	0.005421	0.993142	0.001437	0.000000	0.000000	0.000000
436	0.000000	0.000000	0.000000	0.005429	0.993135	0.001436	0.000000	0.000000	0.000000
437	0.000000	0.000000	0.000000	0.005407	0.993147	0.001446	0.000000	0.000000	0.000000
438	0.000000	0.000000	0.000000	0.005448	0.993152	0.001400	0.000000	0.000000	0.000000
439	0.000000	0.000000	0.000000	0.005391	0.993192	0.001417	0.000000	0.000000	0.000000
440	0.000000	0.000000	0.000000	0.005388	0.993155	0.001457	0.000000	0.000000	0.000000
441	0.000000	0.000000	0.000000	0.005364	0.993246	0.001390	0.000000	0.000000	0.000000
442	0.000000	0.000000	0.000000	0.005467	0.993113	0.001420	0.000000	0.000000	0.000000
443	0.000000	0.000000	0.000000	0.005386	0.993227	0.001387	0.000000	0.000000	0.000000
444	0.000000	0.000000	0.000000	0.005415	0.993188	0.001397	0.000000	0.000000	0.000000
445	0.000000	0.000000	0.000000	0.005404	0.993198	0.001398	0.000000	0.000000	0.000000
446	0.000000	0.000000	0.000000	0.005328	0.993259	0.001413	0.000000	0.000000	0.000000
447	0.000000	0.000000	0.000000	0.005323	0.993218	0.001459	0.000000	0.000000	0.000000
448	0.000000	0.000000	0.000000	0.005346	0.993227	0.001427	0.000000	0.000000	0.000000
449	0.000000	0.000000	0.000000	0.005460	0.993064	0.001476	0.000000	0.000000	0.000000
450	0.000000	0.000000	0.000000	0.005463	0.993127	0.001410	0.000000	0.000000	0.000000
451	0.000000	0.000000	0.000000	0.005485	0.993054	0.001461	0.000000	0.000000	0.000000
452	0.000000	0.000000	0.000000	0.005548	0.993018	0.001434	0.000000	0.000000	0.000000
453	0.000000	0.000000	0.000000	0.005581	0.993033	0.001386	0.000000	0.000000	0.000000
454	0.000000	0.000000	0.000000	0.005531	0.993078	0.001391	0.000000	0.000000	0.000000
455	0.000000	0.000000	0.000000	0.005574	0.992990	0.001436	0.000000	0.000000	0.000000
456	0.000000	0.000000	0.000000	0.005597	0.992974	0.001429	0.000000	0.000000	0.000000
457	0.000000	0.000000	0.000000	0.005543	0.993062	0.001395	0.000000	0.000000	0.000000
458	0.000000	0.000000	0.000000	0.005630	0.992984	0.001386	0.000000	0.000000	0.000000
459	0.000000	0.000000	0.000000	0.005624	0.993016	0.001360	0.000000	0.000000	0.000000
460	0.000000	0.000000	0.000000	0.005580	0.993068	0.001352	0.000000	0.000000	0.000000
461	0.000000	0.000000	0.000000	0.005551	0.993086	0.001363	0.000000	0.000000	0.000000
462	0.000000	0.000000	0.000000	0.005580	0.993085	0.001335	0.000000	0.000000	0.000000
463	0.000000	0.000000	0.000000	0.005563	0.993039	0.001398	0.000000	0.000000	0.000000
464	0.000000	0.000000	0.000000	0.005510	0.993109	0.001381	0.000000	0.000000	0.000000
465	0.000000	0.000000	0.000000	0.005447	0.993187	0.001366	0.000000	0.000000	0.000000
466	0.000000	0.000000	0.000000	0.005474	0.993154	0.001372	0.000000	0.000000	0.000000
467	0.000000	0.000000	0.000000	0.005484	0.993089	0.001427	0.000000	0.000000	0.000000
468	0.000000	0.000000	0.000000	0.005535	0.993015	0.001450	0.000000	0.000000	0.000000
469	0.000000	0.000000	0.000000	0.005509	0.993052	0.001439	0.000000	0.000000	0.000000
470	0.000000	0.000000	0.000000	0.005572	0.992960	0.001468	0.000000	0.000000	0.000000
