0	0.290663	0.057897	0.229473	0.157588	0.029913	0.111872	0.085455	0.012259	0.024880
1	0.222305	0.045926	0.192594	0.145160	0.029617	0.124368	0.122986	0.023659	0.093385
2	0.213926	0.044190	0.185601	0.143683	0.030461	0.124125	0.127446	0.024712	0.105856
3	0.211431	0.043211	0.180928	0.143787	0.031584	0.122650	0.128196	0.024539	0.113674
4	0.210305	0.042546	0.176426	0.143397	0.032803	0.120543	0.128300	0.024401	0.121279
5	0.209635	0.042050	0.171664	0.143597	0.034128	0.117756	0.128416	0.024438	0.128316
6	0.210334	0.041397	0.167067	0.144401	0.035460	0.115041	0.127616	0.023865	0.134819
7	0.210368	0.040893	0.162868	0.144971	0.036870	0.112474	0.126943	0.023293	0.141320
8	0.211206	0.040392	0.157577	0.145642	0.038355	0.109478	0.125938	0.022931	0.148481
9	0.211370	0.039895	0.153429	0.146061	0.039949	0.107068	0.125115	0.022585	0.154528
10	0.212179	0.038943	0.148974	0.146670	0.041490	0.104029	0.123775	0.022235	0.161705
11	0.212255	0.038372	0.143966	0.147314	0.043500	0.101424	0.122416	0.021637	0.169116
12	0.213048	0.037604	0.139636	0.148067	0.045088	0.099077	0.121191	0.021185	0.175104
13	0.214288	0.036748	0.135471	0.147885	0.046893	0.096056	0.120181	0.020583	0.181895
14	0.215052	0.036133	0.130977	0.148488	0.048718	0.093352	0.118737	0.019920	0.188623
15	0.215917	0.035482	0.126692	0.149075	0.050577	0.090052	0.117469	0.019396	0.195340
16	0.216141	0.034485	0.122168	0.149676	0.052730	0.087229	0.116330	0.018985	0.202256
17	0.217058	0.034082	0.118366	0.149852	0.054718	0.084257	0.114836	0.018615	0.208216
18	0.217631	0.033564	0.114216	0.150217	0.056478	0.081496	0.113123	0.018150	0.215125
19	0.217723	0.032799	0.110432	0.150829	0.058705	0.078926	0.111302	0.017644	0.221640
20	0.218106	0.032120	0.106299	0.151177	0.060863	0.075923	0.109643	0.017291	0.228578
21	0.218414	0.031400	0.103390	0.150892	0.063415	0.073970	0.107740	0.016782	0.233997
22	0.218083	0.030644	0.099575	0.151370	0.065933	0.071303	0.106138	0.016399	0.240555
23	0.218550	0.030084	0.095350	0.151684	0.068024	0.068960	0.104710	0.015745	0.246893
24	0.218934	0.029429	0.092111	0.151187	0.070581	0.066703	0.102886	0.015297	0.252872
25	0.219731	0.028635	0.088736	0.151226	0.072768	0.064437	0.100990	0.014857	0.258620
26	0.219549	0.027989	0.085399	0.151672	0.075496	0.062358	0.099231	0.014312	0.263994
27	0.219207	0.027325	0.082259	0.151133	0.078290	0.060290	0.097489	0.013935	0.270072
28	0.219002	0.026547	0.078787	0.151404	0.081010	0.058133	0.095683	0.013495	0.275939
29	0.218833	0.025975	0.075372	0.151079	0.083838	0.056393	0.093626	0.013043	0.281841
30	0.219024	0.025310	0.072797	0.150760	0.086377	0.054017	0.091812	0.012469	0.287434
31	0.218718	0.024800	0.069681	0.150174	0.089416	0.051821	0.089897	0.012010	0.293483
32	0.217379	0.024325	0.066868	0.150406	0.092298	0.050332	0.088182	0.011689	0.298521
33	0.216723	0.023753	0.064028	0.150385	0.095610	0.048588	0.086090	0.011435	0.303388
34	0.216283	0.023150	0.061361	0.150030	0.098404	0.046772	0.084703	0.010922	0.308375
35	0.215803	0.022643	0.059078	0.150059	0.101266	0.045083	0.082264	0.010679	0.313125
36	0.214792	0.021981	0.056208	0.149514	0.104822	0.043595	0.080760	0.010329	0.317999
37	0.213912	0.021553	0.053840	0.149046	0.107709	0.041972	0.078837	0.010136	0.322995
38	0.213203	0.020903	0.051349	0.148764	0.110779	0.040388	0.077119	0.009792	0.327703
39	0.212117	0.020424	0.049048	0.148649	0.113845	0.038627	0.075518	0.009592	0.332180
40	0.210905	0.019770	0.046897	0.148034	0.117839	0.036861	0.073848	0.009348	0.336498
41	0.209802	0.019082	0.044617	0.147857	0.121377	0.035156	0.071964	0.009046	0.341099
42	0.208700	0.018596	0.042716	0.146809	0.125301	0.033898	0.070386	0.008734	0.344860
43	0.207455	0.018153	0.040685	0.146384	0.128764	0.032234	0.068960	0.008536	0.348829
44	0.206538	0.017624	0.038898	0.146003	0.132388	0.030997	0.067160	0.008312	0.352080
45	0.205358	0.017259	0.037059	0.145250	0.136291	0.029870	0.065517	0.008049	0.355347
46	0.203823	0.016755	0.035157	0.145192	0.139705	0.028535	0.063816	0.007807	0.359210
47	0.202494	0.016293	0.033801	0.144959	0.143838	0.027237	0.062435	0.007555	0.361388
48	0.201227	0.015848	0.032515	0.144857	0.147111	0.026128	0.060908	0.007325	0.364081
49	0.199511	0.015282	0.030866	0.144549	0.151037	0.025215	0.059271	0.007013	0.367256
50	0.197861	0.014838	0.029473	0.144314	0.155143	0.024145	0.057720	0.006849	0.369657
51	0.196615	0.014413	0.028130	0.143325	0.158815	0.023215	0.056511	0.006726	0.372250
52	0.194854	0.013911	0.026843	0.142709	0.162572	0.022306	0.054821	0.006607	0.375377
53	0.193017	0.013547	0.025491	0.142456	0.166377	0.021388	0.053149	0.006355	0.378220
54	0.191943	0.013012	0.024213	0.141853	0.170557	0.020576	0.051872	0.006216	0.379758
55	0.189315	0.012527	0.023051	0.141275	0.174891	0.019749	0.050817	0.006008	0.382367
56	0.187464	0.012188	0.021998	0.141020	0.179025	0.018854	0.049498	0.005924	0.384029
57	0.185325	0.011689	0.020845	0.140583	0.183013	0.018086	0.048500	0.005720	0.386239
58	0.183482	0.011274	0.019863	0.140292	0.186851	0.017510	0.047448	0.005473	0.387807
59	0.181485	0.011048	0.018745	0.139177	0.191467	0.016678	0.046346	0.005321	0.389733
60	0.179559	0.010697	0.017864	0.139031	0.195541	0.016133	0.044812	0.005125	0.391238
61	0.177465	0.010311	0.017050	0.138165	0.200022	0.015630	0.043437	0.004966	0.392954
62	0.175670	0.010000	0.016273	0.137959	0.204043	0.014913	0.042373	0.004729	0.394040
63	0.173606	0.009679	0.015367	0.136989	0.208011	0.014514	0.041159	0.004515	0.396160
64	0.172075	0.009322	0.014650	0.136265	0.212251	0.013938	0.040029	0.004388	0.397082
65	0.170079	0.009068	0.014004	0.135285	0.216624	0.013585	0.039066	0.004246	0.398043
66	0.168150	0.008914	0.013308	0.134929	0.221162	0.012814	0.037872	0.004137	0.398714
67	0.166327	0.008596	0.012678	0.134052	0.225789	0.012495	0.036846	0.004032	0.399185
68	0.163704	0.008323	0.011916	0.133968	0.230504	0.012012	0.035925	0.003912	0.399736
69	0.161747	0.008137	0.011381	0.132843	0.235094	0.011681	0.034930	0.003719	0.400468
70	0.159381	0.007873	0.010926	0.132059	0.239989	0.011180	0.033924	0.003647	0.401021
71	0.156974	0.007543	0.010307	0.131641	0.244732	0.010711	0.032858	0.003518	0.401716
72	0.154518	0.007397	0.009749	0.131465	0.249072	0.010172	0.032006	0.003418	0.402203
73	0.152181	0.007168	0.009361	0.131033	0.253570	0.010004	0.031300	0.003288	0.402095
74	0.149994	0.006929	0.008892	0.130543	0.258075	0.009792	0.030261	0.003118	0.402396
75	0.147675	0.006782	0.008421	0.129486	0.262867	0.009450	0.029278	0.003087	0.402954
76	0.145326	0.006492	0.007981	0.129064	0.267549	0.009135	0.028305	0.003001	0.403147
77	0.143152	0.006260	0.007520	0.128374	0.272630	0.008935	0.027700	0.002953	0.402476
78	0.141219	0.006090	0.007098	0.127775	0.277242	0.008645	0.027122	0.002897	0.401912
79	0.139222	0.005827	0.006748	0.127266	0.281587	0.008444	0.026418	0.002808	0.401680
80	0.136509	0.005770	0.006344	0.127007	0.286526	0.008319	0.025663	0.002659	0.401203
81	0.134295	0.005682	0.006042	0.126390	0.291086	0.008123	0.025054	0.002556	0.400772
82	0.132018	0.005420	0.005760	0.125790	0.295771	0.007864	0.024154	0.002474	0.400749
83	0.129554	0.005300	0.005410	0.125658	0.300221	0.007621	0.023505	0.002402	0.400329
84	0.127255	0.005038	0.005148	0.125049	0.305484	0.007399	0.022944	0.002360	0.399323
85	0.124952	0.004858	0.004880	0.125036	0.309948	0.007116	0.022189	0.002249	0.398772
86	0.122795	0.004724	0.004659	0.124551	0.314904	0.006780	0.021530	0.002225	0.397832
87	0.120507	0.004566	0.004362	0.124024	0.320024	0.006684	0.020824	0.002094	0.396915
88	0.118220	0.004319	0.004057	0.123441	0.325197	0.006458	0.020194	0.002102	0.396012
89	0.115774	0.004074	0.003797	0.123129	0.330285	0.006316	0.019733	0.002110	0.394782
90	0.113466	0.003838	0.003526	0.122566	0.335599	0.006118	0.019235	0.002008	0.393644
91	0.111386	0.003782	0.003330	0.122379	0.340295	0.005986	0.018720	0.001927	0.392195
92	0.109090	0.003556	0.003075	0.122392	0.344845	0.005754	0.018179	0.001827	0.391282
93	0.107022	0.003383	0.002891	0.121668	0.349721	0.005639	0.017834	0.001809	0.390033
94	0.104714	0.003237	0.002766	0.121567	0.354267	0.005437	0.017441	0.001773	0.388798
95	0.102717	0.003104	0.002581	0.120774	0.359801	0.005378	0.016877	0.001731	0.387037
96	0.100870	0.003024	0.002454	0.120074	0.364879	0.005321	0.016416	0.001707	0.385255
97	0.098559	0.002859	0.002349	0.119607	0.369984	0.005143	0.015833	0.001632	0.384034
98	0.096533	0.002814	0.002148	0.119463	0.374912	0.005043	0.015271	0.001570	0.382246
99	0.094528	0.002768	0.002024	0.119458	0.379740	0.005009	0.014787	0.001452	0.380234
100	0.092562	0.002660	0.001876	0.119315	0.384412	0.004911	0.014322	0.001442	0.378500
101	0.090367	0.002576	0.001833	0.118900	0.389613	0.004954	0.013916	0.001422	0.376419
102	0.088317	0.002477	0.001760	0.118601	0.394613	0.004877	0.013474	0.001393	0.374488
103	0.086344	0.002349	0.001675	0.118560	0.399197	0.004773	0.013011	0.001394	0.372697
104	0.084579	0.002194	0.001540	0.118210	0.404075	0.004716	0.012739	0.001351	0.370596
105	0.082328	0.002096	0.001437	0.118010	0.408793	0.004674	0.012480	0.001319	0.368863
106	0.080395	0.002004	0.001428	0.117833	0.413658	0.004583	0.012145	0.001239	0.366715
107	0.078224	0.001933	0.001430	0.117433	0.418535	0.004410	0.011767	0.001209	0.365059
108	0.076497	0.001828	0.001297	0.117007	0.423529	0.004387	0.011243	0.001159	0.363053
109	0.074614	0.001717	0.001170	0.116734	0.428845	0.004427	0.010940	0.001086	0.360467
110	0.072516	0.001571	0.001087	0.116671	0.433460	0.004289	0.010682	0.001060	0.358664
111	0.070769	0.001463	0.001017	0.116971	0.438157	0.004150	0.010500	0.001021	0.355952
112	0.069066	0.001391	0.001005	0.116507	0.442835	0.004095	0.010096	0.000980	0.354025
113	0.067710	0.001308	0.000968	0.116576	0.446864	0.004103	0.009893	0.000975	0.351603
114	0.066099	0.001258	0.000960	0.116480	0.451819	0.003931	0.009500	0.000947	0.349006
115	0.064343	0.001243	0.000905	0.116254	0.456850	0.003789	0.009157	0.000911	0.346548
116	0.062712	0.001213	0.000865	0.116256	0.460824	0.003760	0.008948	0.000867	0.344555
117	0.060998	0.001145	0.000808	0.116337	0.465323	0.003673	0.008810	0.000855	0.342051
118	0.059427	0.001132	0.000772	0.116101	0.469892	0.003626	0.008620	0.000812	0.339618
119	0.057961	0.001100	0.000730	0.115935	0.474682	0.003493	0.008328	0.000789	0.336982
120	0.056530	0.001078	0.000726	0.115852	0.479304	0.003505	0.008192	0.000747	0.334066
121	0.055097	0.001063	0.000683	0.115737	0.484082	0.003389	0.008129	0.000684	0.331136
122	0.053701	0.001019	0.000657	0.115448	0.488300	0.003330	0.007898	0.000679	0.328968
123	0.052388	0.000961	0.000611	0.115267	0.492697	0.003387	0.007579	0.000682	0.326428
124	0.050875	0.000908	0.000545	0.115081	0.497138	0.003368	0.007486	0.000608	0.323991
125	0.049423	0.000813	0.000521	0.115048	0.501764	0.003252	0.007219	0.000588	0.321372
126	0.047985	0.000776	0.000474	0.115082	0.506409	0.003200	0.007009	0.000560	0.318505
127	0.046684	0.000762	0.000451	0.115070	0.510683	0.003128	0.006928	0.000568	0.315726
128	0.045321	0.000726	0.000413	0.115196	0.514832	0.003091	0.006715	0.000556	0.313150
129	0.043854	0.000713	0.000394	0.115214	0.519487	0.003111	0.006610	0.000528	0.310089
130	0.042776	0.000672	0.000358	0.114840	0.523727	0.003073	0.006394	0.000516	0.307644
131	0.041428	0.000656	0.000325	0.114935	0.528216	0.002987	0.006185	0.000510	0.304758
132	0.040100	0.000639	0.000297	0.115054	0.532580	0.003012	0.006025	0.000515	0.301778
133	0.038973	0.000603	0.000299	0.114578	0.537211	0.002918	0.005885	0.000486	0.299047
134	0.037940	0.000581	0.000293	0.114633	0.541432	0.002850	0.005699	0.000492	0.296080
135	0.036680	0.000566	0.000273	0.114460	0.546394	0.002875	0.005700	0.000467	0.292585
136	0.035439	0.000549	0.000253	0.114456	0.550151	0.002776	0.005540	0.000449	0.290387
137	0.034248	0.000533	0.000235	0.114555	0.554430	0.002800	0.005325	0.000446	0.287428
138	0.033220	0.000481	0.000226	0.114757	0.558702	0.002715	0.005233	0.000450	0.284216
139	0.032211	0.000467	0.000212	0.114262	0.562939	0.002709	0.005042	0.000438	0.281720
140	0.031437	0.000444	0.000221	0.114634	0.566692	0.002688	0.004931	0.000445	0.278508
141	0.030302	0.000442	0.000210	0.114449	0.571004	0.002655	0.004891	0.000421	0.275626
142	0.029348	0.000389	0.000202	0.114506	0.575042	0.002539	0.004760	0.000412	0.272802
143	0.028378	0.000384	0.000193	0.114877	0.578368	0.002563	0.004559	0.000416	0.270262
144	0.027461	0.000332	0.000191	0.114323	0.582570	0.002582	0.004481	0.000383	0.267677
145	0.026426	0.000322	0.000182	0.114319	0.586619	0.002585	0.004305	0.000394	0.264848
146	0.025582	0.000290	0.000175	0.114299	0.590660	0.002542	0.004214	0.000367	0.261871
147	0.024791	0.000268	0.000157	0.114329	0.594640	0.002508	0.004015	0.000350	0.258942
148	0.024191	0.000266	0.000140	0.114050	0.598869	0.002498	0.003918	0.000340	0.255728
149	0.023243	0.000265	0.000113	0.114190	0.602829	0.002472	0.003870	0.000315	0.252703
150	0.022553	0.000282	0.000094	0.114440	0.606155	0.002449	0.003732	0.000322	0.249973
151	0.021924	0.000263	0.000092	0.114690	0.609427	0.002522	0.003613	0.000316	0.247153
152	0.021223	0.000244	0.000090	0.114717	0.613088	0.002461	0.003445	0.000316	0.244416
153	0.020451	0.000220	0.000085	0.114860	0.616267	0.002473	0.003356	0.000280	0.242008
154	0.019803	0.000195	0.000064	0.115202	0.620101	0.002421	0.003306	0.000265	0.238643
155	0.019236	0.000184	0.000055	0.115139	0.623500	0.002439	0.003172	0.000263	0.236012
156	0.018545	0.000168	0.000046	0.115044	0.627370	0.002449	0.003007	0.000252	0.233119
157	0.018062	0.000153	0.000049	0.115234	0.630377	0.002366	0.002961	0.000252	0.230546
158	0.017393	0.000149	0.000043	0.115486	0.633740	0.002435	0.002943	0.000253	0.227558
159	0.016914	0.000166	0.000042	0.115213	0.637456	0.002469	0.002844	0.000230	0.224666
160	0.016439	0.000169	0.000036	0.114981	0.640987	0.002441	0.002758	0.000228	0.221961
161	0.015755	0.000165	0.000028	0.114937	0.644705	0.002382	0.002757	0.000208	0.219063
162	0.015104	0.000162	0.000021	0.114765	0.648193	0.002371	0.002682	0.000217	0.216485
163	0.014799	0.000138	0.000022	0.115082	0.650983	0.002370	0.002639	0.000230	0.213737
164	0.014346	0.000135	0.000026	0.114936	0.654654	0.002321	0.002598	0.000227	0.210757
165	0.013810	0.000130	0.000020	0.115180	0.657502	0.002399	0.002425	0.000220	0.208314
166	0.013372	0.000109	0.000012	0.115182	0.660503	0.002346	0.002389	0.000225	0.205862
167	0.012817	0.000092	0.000007	0.114926	0.664074	0.002303	0.002345	0.000224	0.203212
168	0.012351	0.000080	0.000004	0.114846	0.667346	0.002268	0.002259	0.000211	0.200635
169	0.011892	0.000072	0.000007	0.114345	0.671111	0.002197	0.002262	0.000207	0.197907
170	0.011449	0.000070	0.000004	0.114671	0.674384	0.002163	0.002210	0.000210	0.194839
171	0.010969	0.000061	0.000003	0.114743	0.677731	0.002168	0.002185	0.000189	0.191951
172	0.010597	0.000070	0.000005	0.114734	0.680453	0.002190	0.002137	0.000180	0.189634
173	0.010121	0.000071	0.000002	0.114605	0.683859	0.002221	0.002065	0.000184	0.186872
174	0.009678	0.000057	0.000000	0.114653	0.687063	0.002185	0.002012	0.000177	0.184175
175	0.009363	0.000047	0.000000	0.114829	0.689916	0.002172	0.001964	0.000193	0.181516
176	0.008934	0.000058	0.000000	0.114698	0.693123	0.002148	0.001979	0.000196	0.178864
177	0.008503	0.000049	0.000000	0.114966	0.696136	0.002161	0.001850	0.000181	0.176154
178	0.008084	0.000050	0.000000	0.114649	0.699213	0.002140	0.001762	0.000174	0.173928
179	0.007848	0.000043	0.000000	0.114975	0.701788	0.002157	0.001737	0.000175	0.171277
180	0.007582	0.000041	0.000000	0.114560	0.705128	0.002171	0.001678	0.000177	0.168663
181	0.007352	0.000033	0.000000	0.114327	0.708040	0.002182	0.001598	0.000170	0.166298
182	0.006997	0.000036	0.000000	0.114361	0.711109	0.002147	0.001543	0.000178	0.163629
183	0.006828	0.000027	0.000000	0.114339	0.714041	0.002048	0.001520	0.000160	0.161037
184	0.006534	0.000019	0.000000	0.114551	0.716396	0.002072	0.001507	0.000160	0.158761
185	0.006260	0.000014	0.000000	0.114519	0.719195	0.002039	0.001518	0.000151	0.156304
186	0.006020	0.000017	0.000000	0.114164	0.722355	0.002088	0.001473	0.000146	0.153737
187	0.005813	0.000018	0.000000	0.114336	0.724929	0.002110	0.001363	0.000129	0.151302
188	0.005504	0.000018	0.000000	0.114506	0.727469	0.002068	0.001298	0.000121	0.149016
189	0.005313	0.000016	0.000000	0.114423	0.729908	0.002160	0.001267	0.000112	0.146801
190	0.005158	0.000021	0.000000	0.114428	0.732662	0.002162	0.001209	0.000115	0.144245
191	0.004804	0.000023	0.000000	0.114450	0.734945	0.002113	0.001159	0.000108	0.142398
192	0.004595	0.000017	0.000000	0.114492	0.737395	0.002144	0.001153	0.000100	0.140104
193	0.004379	0.000016	0.000000	0.114372	0.739838	0.002142	0.001127	0.000098	0.138028
194	0.004283	0.000017	0.000000	0.114419	0.742114	0.002103	0.001100	0.000098	0.135866
195	0.004070	0.000014	0.000000	0.114684	0.744127	0.002138	0.001134	0.000099	0.133734
196	0.003920	0.000007	0.000000	0.115034	0.746531	0.002147	0.001100	0.000099	0.131162
197	0.003751	0.000004	0.000000	0.115025	0.748770	0.002130	0.001057	0.000096	0.129167
198	0.003642	0.000004	0.000000	0.114549	0.751484	0.002134	0.001087	0.000095	0.127005
199	0.003447	0.000003	0.000000	0.114601	0.753551	0.002117	0.001051	0.000085	0.125145
200	0.003250	0.000003	0.000000	0.114799	0.755928	0.002100	0.001051	0.000093	0.122776
201	0.003129	0.000002	0.000000	0.114701	0.757997	0.002096	0.001013	0.000095	0.120967
202	0.003018	0.000000	0.000000	0.115071	0.760061	0.002073	0.000996	0.000088	0.118693
203	0.002843	0.000000	0.000000	0.115083	0.762111	0.002065	0.001004	0.000083	0.116811
204	0.002701	0.000000	0.000000	0.114981	0.764390	0.002049	0.000963	0.000071	0.114845
205	0.002610	0.000000	0.000000	0.115001	0.766693	0.002064	0.000916	0.000072	0.112644
206	0.002487	0.000000	0.000000	0.114772	0.768736	0.002041	0.000878	0.000069	0.111017
207	0.002429	0.000000	0.000000	0.114928	0.770828	0.002005	0.000853	0.000084	0.108873
208	0.002291	0.000000	0.000000	0.114500	0.773188	0.002019	0.000825	0.000089	0.107088
209	0.002184	0.000000	0.000000	0.114658	0.775234	0.002017	0.000804	0.000098	0.105005
210	0.002115	0.000000	0.000000	0.114710	0.776976	0.001958	0.000745	0.000089	0.103407
211	0.002031	0.000000	0.000000	0.114814	0.778839	0.002007	0.000775	0.000087	0.101447
212	0.001930	0.000000	0.000000	0.114620	0.780781	0.002008	0.000752	0.000095	0.099814
213	0.001894	0.000000	0.000000	0.114482	0.782983	0.001979	0.000770	0.000094	0.097798
214	0.001817	0.000000	0.000000	0.114247	0.785053	0.002016	0.000756	0.000096	0.096015
215	0.001736	0.000000	0.000000	0.114326	0.786932	0.001965	0.000768	0.000094	0.094179
216	0.001638	0.000000	0.000000	0.114533	0.788451	0.001992	0.000747	0.000095	0.092544
217	0.001609	0.000000	0.000000	0.114238	0.790525	0.001917	0.000741	0.000101	0.090869
218	0.001517	0.000000	0.000000	0.114606	0.791760	0.001915	0.000718	0.000116	0.089368
219	0.001482	0.000000	0.000000	0.114810	0.793627	0.001952	0.000722	0.000110	0.087297
220	0.001403	0.000000	0.000000	0.114605	0.795781	0.001928	0.000725	0.000113	0.085445
221	0.001305	0.000000	0.000000	0.114790	0.797410	0.001929	0.000723	0.000131	0.083712
222	0.001219	0.000000	0.000000	0.114742	0.799160	0.001870	0.000720	0.000131	0.082158
223	0.001139	0.000000	0.000000	0.114550	0.801050	0.001849	0.000718	0.000113	0.080581
224	0.001069	0.000000	0.000000	0.114473	0.802652	0.001917	0.000712	0.000111	0.079066
225	0.001050	0.000000	0.000000	0.114263	0.804536	0.001878	0.000677	0.000104	0.077492
226	0.000942	0.000000	0.000000	0.114591	0.805876	0.001891	0.000674	0.000085	0.075941
227	0.000908	0.000000	0.000000	0.114449	0.807547	0.001967	0.000667	0.000083	0.074379
228	0.000876	0.000000	0.000000	0.115193	0.808664	0.001917	0.000680	0.000096	0.072574
229	0.000808	0.000000	0.000000	0.114895	0.810477	0.001926	0.000657	0.000080	0.071157
230	0.000770	0.000000	0.000000	0.115004	0.811864	0.001910	0.000620	0.000075	0.069757
231	0.000723	0.000000	0.000000	0.114970	0.813522	0.001850	0.000565	0.000073	0.068297
232	0.000656	0.000000	0.000000	0.115011	0.814819	0.001880	0.000553	0.000077	0.067004
233	0.000594	0.000000	0.000000	0.115005	0.816394	0.001887	0.000552	0.000081	0.065487
234	0.000558	0.000000	0.000000	0.115165	0.817578	0.001852	0.000497	0.000069	0.064281
235	0.000511	0.000000	0.000000	0.115353	0.818840	0.001791	0.000487	0.000081	0.062937
236	0.000504	0.000000	0.000000	0.115314	0.820049	0.001788	0.000480	0.000082	0.061783
237	0.000475	0.000000	0.000000	0.115332	0.821410	0.001787	0.000440	0.000084	0.060472
238	0.000433	0.000000	0.000000	0.115120	0.822832	0.001830	0.000424	0.000083	0.059278
239	0.000400	0.000000	0.000000	0.114933	0.824231	0.001844	0.000389	0.000069	0.058134
240	0.000356	0.000000	0.000000	0.114946	0.825536	0.001859	0.000406	0.000069	0.056828
241	0.000348	0.000000	0.000000	0.115121	0.826376	0.001918	0.000434	0.000064	0.055739
242	0.000342	0.000000	0.000000	0.114954	0.827709	0.001915	0.000440	0.000068	0.054572
243	0.000337	0.000000	0.000000	0.114777	0.828902	0.001961	0.000413	0.000072	0.053538
244	0.000310	0.000000	0.000000	0.114852	0.830048	0.001932	0.000427	0.000065	0.052366
245	0.000297	0.000000	0.000000	0.114947	0.831131	0.001937	0.000416	0.000067	0.051205
246	0.000302	0.000000	0.000000	0.115172	0.832300	0.001876	0.000412	0.000066	0.049872
247	0.000271	0.000000	0.000000	0.115192	0.833426	0.001923	0.000421	0.000057	0.048710
248	0.000259	0.000000	0.000000	0.115416	0.834279	0.001890	0.000394	0.000058	0.047704
249	0.000231	0.000000	0.000000	0.115431	0.835262	0.001931	0.000374	0.000056	0.046715
250	0.000224	0.000000	0.000000	0.115565	0.836257	0.001896	0.000375	0.000059	0.045624
251	0.000201	0.000000	0.000000	0.115274	0.837413	0.001888	0.000360	0.000060	0.044804
252	0.000200	0.000000	0.000000	0.115072	0.838620	0.001919	0.000358	0.000064	0.043767
253	0.000179	0.000000	0.000000	0.114992	0.839860	0.001880	0.000342	0.000051	0.042696
254	0.000166	0.000000	0.000000	0.115078	0.840739	0.001885	0.000339	0.000049	0.041744
255	0.000150	0.000000	0.000000	0.115086	0.841708	0.001884	0.000335	0.000049	0.040788
256	0.000133	0.000000	0.000000	0.115172	0.842504	0.001893	0.000343	0.000049	0.039906
257	0.000117	0.000000	0.000000	0.115660	0.842952	0.001862	0.000339	0.000040	0.039030
258	0.000117	0.000000	0.000000	0.115110	0.844214	0.001886	0.000346	0.000050	0.038277
259	0.000095	0.000000	0.000000	0.115195	0.844909	0.001881	0.000314	0.000051	0.037555
260	0.000088	0.000000	0.000000	0.115420	0.845642	0.001881	0.000297	0.000056	0.036616
261	0.000085	0.000000	0.000000	0.115314	0.846566	0.001932	0.000262	0.000055	0.035786
262	0.000081	0.000000	0.000000	0.115946	0.846646	0.001979	0.000248	0.000047	0.035053
263	0.000079	0.000000	0.000000	0.115868	0.847643	0.001915	0.000239	0.000052	0.034204
264	0.000082	0.000000	0.000000	0.116002	0.848141	0.001929	0.000204	0.000054	0.033588
265	0.000079	0.000000	0.000000	0.115875	0.849101	0.001949	0.000185	0.000056	0.032755
266	0.000076	0.000000	0.000000	0.115830	0.850090	0.001946	0.000201	0.000057	0.031800
267	0.000073	0.000000	0.000000	0.115742	0.851065	0.001926	0.000201	0.000055	0.030938
268	0.000073	0.000000	0.000000	0.116084	0.851415	0.001906	0.000181	0.000051	0.030290
269	0.000066	0.000000	0.000000	0.115896	0.852282	0.001954	0.000151	0.000061	0.029590
270	0.000054	0.000000	0.000000	0.116026	0.852881	0.001975	0.000164	0.000056	0.028844
271	0.000052	0.000000	0.000000	0.115733	0.853956	0.001985	0.000167	0.000061	0.028046
272	0.000042	0.000000	0.000000	0.115411	0.855051	0.001943	0.000171	0.000069	0.027313
273	0.000035	0.000000	0.000000	0.115710	0.855299	0.001957	0.000176	0.000069	0.026754
274	0.000033	0.000000	0.000000	0.115513	0.856183	0.001963	0.000174	0.000068	0.026066
275	0.000033	0.000000	0.000000	0.115814	0.856586	0.001968	0.000185	0.000062	0.025352
276	0.000039	0.000000	0.000000	0.115684	0.857285	0.002020	0.000171	0.000070	0.024731
277	0.000039	0.000000	0.000000	0.116267	0.857403	0.002009	0.000178	0.000064	0.024040
278	0.000040	0.000000	0.000000	0.116104	0.858205	0.001981	0.000158	0.000073	0.023439
279	0.000037	0.000000	0.000000	0.115914	0.858968	0.001958	0.000158	0.000069	0.022896
280	0.000039	0.000000	0.000000	0.116100	0.859301	0.002015	0.000161	0.000063	0.022321
281	0.000036	0.000000	0.000000	0.116161	0.859787	0.002012	0.000154	0.000064	0.021786
282	0.000038	0.000000	0.000000	0.116147	0.860203	0.002038	0.000141	0.000058	0.021375
283	0.000040	0.000000	0.000000	0.115805	0.861119	0.001981	0.000141	0.000057	0.020857
284	0.000041	0.000000	0.000000	0.116201	0.861341	0.001945	0.000124	0.000057	0.020291
285	0.000044	0.000000	0.000000	0.116037	0.861934	0.001964	0.000118	0.000058	0.019845
286	0.000034	0.000000	0.000000	0.115939	0.862518	0.002000	0.000110	0.000053	0.019346
287	0.000025	0.000000	0.000000	0.116059	0.862902	0.001957	0.000099	0.000059	0.018899
288	0.000026	0.000000	0.000000	0.115532	0.863934	0.001915	0.000090	0.000051	0.018452
289	0.000030	0.000000	0.000000	0.115307	0.864585	0.001936	0.000087	0.000051	0.018004
290	0.000024	0.000000	0.000000	0.115632	0.864805	0.001952	0.000091	0.000043	0.017453
291	0.000026	0.000000	0.000000	0.115659	0.865251	0.001893	0.000083	0.000047	0.017041
292	0.000019	0.000000	0.000000	0.115188	0.866280	0.001867	0.000085	0.000043	0.016518
293	0.000017	0.000000	0.000000	0.115262	0.866649	0.001881	0.000075	0.000050	0.016066
294	0.000022	0.000000	0.000000	0.115496	0.866752	0.001872	0.000068	0.000047	0.015743
295	0.000024	0.000000	0.000000	0.115304	0.867345	0.001843	0.000069	0.000046	0.015369
296	0.000021	0.000000	0.000000	0.115700	0.867323	0.001856	0.000064	0.000042	0.014994
297	0.000015	0.000000	0.000000	0.115647	0.867765	0.001901	0.000059	0.000042	0.014571
298	0.000019	0.000000	0.000000	0.115436	0.868318	0.001895	0.000054	0.000034	0.014244
299	0.000015	0.000000	0.000000	0.115772	0.868298	0.001961	0.000050	0.000028	0.013876
300	0.000019	0.000000	0.000000	0.115437	0.869166	0.001922	0.000045	0.000019	0.013392
301	0.000019	0.000000	0.000000	0.115401	0.869574	0.001900	0.000044	0.000011	0.013051
302	0.000014	0.000000	0.000000	0.115794	0.869360	0.001956	0.000045	0.000008	0.012823
303	0.000013	0.000000	0.000000	0.115625	0.869963	0.001937	0.000045	0.000011	0.012406
304	0.000014	0.000000	0.000000	0.115705	0.870253	0.001903	0.000037	0.000012	0.012076
305	0.000012	0.000000	0.000000	0.115369	0.870948	0.001884	0.000036	0.000014	0.011737
306	0.000017	0.000000	0.000000	0.115551	0.871014	0.001889	0.000028	0.000012	0.011489
307	0.000014	0.000000	0.000000	0.115559	0.871257	0.001919	0.000025	0.000015	0.011211
308	0.000016	0.000000	0.000000	0.116187	0.870989	0.001910	0.000027	0.000011	0.010860
309	0.000013	0.000000	0.000000	0.115982	0.871485	0.001875	0.000028	0.000010	0.010607
310	0.000016	0.000000	0.000000	0.116044	0.871655	0.001895	0.000020	0.000005	0.010365
311	0.000011	0.000000	0.000000	0.115756	0.872184	0.001941	0.000015	0.000003	0.010090
312	0.000011	0.000000	0.000000	0.115713	0.872517	0.001954	0.000009	0.000005	0.009791
313	0.000013	0.000000	0.000000	0.115367	0.873039	0.001942	0.000010	0.000003	0.009626
314	0.000016	0.000000	0.000000	0.115298	0.873389	0.001930	0.000009	0.000006	0.009352
315	0.000020	0.000000	0.000000	0.115439	0.873543	0.001931	0.000014	0.000003	0.009050
316	0.000016	0.000000	0.000000	0.115492	0.873790	0.001952	0.000014	0.000006	0.008730
317	0.000012	0.000000	0.000000	0.115317	0.874209	0.001951	0.000017	0.000005	0.008489
318	0.000007	0.000000	0.000000	0.115115	0.874583	0.001994	0.000016	0.000005	0.008280
319	0.000008	0.000000	0.000000	0.114862	0.875269	0.001908	0.000015	0.000001	0.007937
320	0.000006	0.000000	0.000000	0.115063	0.875224	0.001905	0.000010	0.000001	0.007791
321	0.000011	0.000000	0.000000	0.114908	0.875637	0.001835	0.000008	0.000001	0.007600
322	0.000009	0.000000	0.000000	0.114833	0.875867	0.001862	0.000010	0.000002	0.007417
323	0.000008	0.000000	0.000000	0.114561	0.876390	0.001817	0.000004	0.000003	0.007217
324	0.000009	0.000000	0.000000	0.114816	0.876316	0.001746	0.000008	0.000001	0.007104
325	0.000009	0.000000	0.000000	0.114939	0.876318	0.001814	0.000016	0.000001	0.006903
326	0.000007	0.000000	0.000000	0.114806	0.876678	0.001776	0.000012	0.000000	0.006721
327	0.000010	0.000000	0.000000	0.114659	0.876974	0.001739	0.000010	0.000000	0.006608
328	0.000004	0.000000	0.000000	0.114656	0.877207	0.001744	0.000010	0.000000	0.006379
329	0.000002	0.000000	0.000000	0.114290	0.877693	0.001812	0.000005	0.000000	0.006198
330	0.000001	0.000000	0.000000	0.114479	0.877613	0.001782	0.000002	0.000000	0.006123
331	0.000000	0.000000	0.000000	0.114021	0.878241	0.001805	0.000001	0.000000	0.005932
332	0.000000	0.000000	0.000000	0.113981	0.878420	0.001818	0.000001	0.000000	0.005780
333	0.000000	0.000000	0.000000	0.113964	0.878681	0.001824	0.000001	0.000000	0.005530
334	0.000000	0.000000	0.000000	0.113956	0.878867	0.001811	0.000001	0.000000	0.005365
335	0.000000	0.000000	0.000000	0.113888	0.879018	0.001821	0.000000	0.000000	0.005273
336	0.000000	0.000000	0.000000	0.113991	0.879067	0.001840	0.000000	0.000000	0.005102
337	0.000000	0.000000	0.000000	0.113875	0.879234	0.001890	0.000000	0.000000	0.005001
338	0.000000	0.000000	0.000000	0.114151	0.879123	0.001864	0.000000	0.000000	0.004862
339	0.000000	0.000000	0.000000	0.113818	0.879638	0.001833	0.000000	0.000000	0.004711
340	0.000000	0.000000	0.000000	0.113955	0.879662	0.001808	0.000000	0.000000	0.004575
341	0.000000	0.000000	0.000000	0.113912	0.879833	0.001839	0.000000	0.000000	0.004416
342	0.000000	0.000000	0.000000	0.113784	0.880179	0.001816	0.000000	0.000000	0.004221
343	0.000000	0.000000	0.000000	0.113595	0.880481	0.001857	0.000000	0.000000	0.004067
344	0.000000	0.000000	0.000000	0.113457	0.880767	0.001878	0.000000	0.000000	0.003898
345	0.000000	0.000000	0.000000	0.113206	0.881199	0.001863	0.000000	0.000000	0.003732
346	0.000000	0.000000	0.000000	0.113135	0.881253	0.001939	0.000000	0.000000	0.003673
347	0.000000	0.000000	0.000000	0.113471	0.881013	0.001946	0.000000	0.000000	0.003570
348	0.000000	0.000000	0.000000	0.113643	0.880938	0.001958	0.000000	0.000000	0.003461
349	0.000000	0.000000	0.000000	0.113520	0.881106	0.001995	0.000000	0.000000	0.003379
350	0.000000	0.000000	0.000000	0.113522	0.881257	0.001939	0.000000	0.000000	0.003282
351	0.000000	0.000000	0.000000	0.113377	0.881530	0.001927	0.000000	0.000000	0.003166
352	0.000000	0.000000	0.000000	0.113709	0.881347	0.001914	0.000000	0.000000	0.003030
353	0.000000	0.000000	0.000000	0.113832	0.881179	0.001992	0.000000	0.000000	0.002997
354	0.000000	0.000000	0.000000	0.113895	0.881201	0.001983	0.000000	0.000000	0.002921
355	0.000000	0.000000	0.000000	0.113498	0.881708	0.002010	0.000000	0.000000	0.002784
356	0.000000	0.000000	0.000000	0.113415	0.881866	0.002006	0.000000	0.000000	0.002713
357	0.000000	0.000000	0.000000	0.113384	0.881954	0.001998	0.000000	0.000000	0.002664
358	0.000000	0.000000	0.000000	0.113722	0.881670	0.001988	0.000000	0.000000	0.002620
359	0.000000	0.000000	0.000000	0.113510	0.881994	0.001944	0.000000	0.000000	0.002552
360	0.000000	0.000000	0.000000	0.113268	0.882310	0.001984	0.000000	0.000000	0.002438
361	0.000000	0.000000	0.000000	0.113172	0.882496	0.001982	0.000000	0.000000	0.002350
362	0.000000	0.000000	0.000000	0.113083	0.882681	0.001933	0.000000	0.000000	0.002303
363	0.000000	0.000000	0.000000	0.113150	0.882610	0.002001	0.000000	0.000000	0.002239
364	0.000000	0.000000	0.000000	0.113101	0.882760	0.001940	0.000000	0.000000	0.002199
365	0.000000	0.000000	0.000000	0.112814	0.883054	0.001993	0.000000	0.000000	0.002139
366	0.000000	0.000000	0.000000	0.112657	0.883329	0.001934	0.000000	0.000000	0.002080
367	0.000000	0.000000	0.000000	0.112919	0.883112	0.001933	0.000000	0.000000	0.002036
368	0.000000	0.000000	0.000000	0.113044	0.883018	0.001978	0.000000	0.000000	0.001960
369	0.000000	0.000000	0.000000	0.113421	0.882675	0.001969	0.000000	0.000000	0.001935
370	0.000000	0.000000	0.000000	0.113500	0.882630	0.001956	0.000000	0.000000	0.001914
371	0.000000	0.000000	0.000000	0.113007	0.883155	0.001976	0.000000	0.000000	0.001862
372	0.000000	0.000000	0.000000	0.113041	0.883213	0.001940	0.000000	0.000000	0.001806
373	0.000000	0.000000	0.000000	0.112895	0.883497	0.001843	0.000000	0.000000	0.001765
374	0.000000	0.000000	0.000000	0.112812	0.883590	0.001900	0.000000	0.000000	0.001698
375	0.000000	0.000000	0.000000	0.112545	0.883951	0.001844	0.000000	0.000000	0.001660
376	0.000000	0.000000	0.000000	0.112283	0.884156	0.001932	0.000000	0.000000	0.001629
377	0.000000	0.000000	0.000000	0.112221	0.884243	0.001934	0.000000	0.000000	0.001602
378	0.000000	0.000000	0.000000	0.112073	0.884483	0.001903	0.000000	0.000000	0.001541
379	0.000000	0.000000	0.000000	0.111944	0.884623	0.001949	0.000000	0.000000	0.001484
380	0.000000	0.000000	0.000000	0.112034	0.884607	0.001915	0.000000	0.000000	0.001444
381	0.000000	0.000000	0.000000	0.111621	0.885060	0.001870	0.000000	0.000000	0.001449
382	0.000000	0.000000	0.000000	0.111808	0.884874	0.001906	0.000000	0.000000	0.001412
383	0.000000	0.000000	0.000000	0.111640	0.885031	0.001943	0.000000	0.000000	0.001386
384	0.000000	0.000000	0.000000	0.111760	0.884957	0.001920	0.000000	0.000000	0.001363
385	0.000000	0.000000	0.000000	0.111514	0.885249	0.001927	0.000000	0.000000	0.001310
386	0.000000	0.000000	0.000000	0.111549	0.885236	0.001942	0.000000	0.000000	0.001273
387	0.000000	0.000000	0.000000	0.111491	0.885365	0.001921	0.000000	0.000000	0.001223
388	0.000000	0.000000	0.000000	0.111817	0.885072	0.001909	0.000000	0.000000	0.001202
389	0.000000	0.000000	0.000000	0.112204	0.884663	0.001953	0.000000	0.000000	0.001180
390	0.000000	0.000000	0.000000	0.112049	0.884783	0.002007	0.000000	0.000000	0.001161
391	0.000000	0.000000	0.000000	0.112393	0.884481	0.001988	0.000000	0.000000	0.001138
392	0.000000	0.000000	0.000000	0.112414	0.884535	0.001953	0.000000	0.000000	0.001098
393	0.000000	0.000000	0.000000	0.112133	0.884842	0.001940	0.000000	0.000000	0.001085
394	0.000000	0.000000	0.000000	0.111693	0.885256	0.001962	0.000000	0.000000	0.001089
395	0.000000	0.000000	0.000000	0.111977	0.884977	0.001990	0.000000	0.000000	0.001056
396	0.000000	0.000000	0.000000	0.111806	0.885111	0.002035	0.000000	0.000000	0.001048
397	0.000000	0.000000	0.000000	0.112112	0.884872	0.002012	0.000000	0.000000	0.001004
398	0.000000	0.000000	0.000000	0.112231	0.884752	0.002011	0.000000	0.000000	0.001006
399	0.000000	0.000000	0.000000	0.112497	0.884522	0.002005	0.000000	0.000000	0.000976
400	0.000000	0.000000	0.000000	0.112413	0.884614	0.002033	0.000000	0.000000	0.000940
401	0.000000	0.000000	0.000000	0.112432	0.884650	0.002023	0.000000	0.000000	0.000895
402	0.000000	0.000000	0.000000	0.112427	0.884679	0.002030	0.000000	0.000000	0.000864
403	0.000000	0.000000	0.000000	0.112077	0.885105	0.001982	0.000000	0.000000	0.000836
404	0.000000	0.000000	0.000000	0.112289	0.884912	0.001978	0.000000	0.000000	0.000821
405	0.000000	0.000000	0.000000	0.112450	0.884828	0.001932	0.000000	0.000000	0.000790
406	0.000000	0.000000	0.000000	0.112112	0.885137	0.001962	0.000000	0.000000	0.000789
407	0.000000	0.000000	0.000000	0.112112	0.885099	0.002034	0.000000	0.000000	0.000755
408	0.000000	0.000000	0.000000	0.112180	0.885004	0.002069	0.000000	0.000000	0.000747
409	0.000000	0.000000	0.000000	0.112114	0.885080	0.002071	0.000000	0.000000	0.000735
410	0.000000	0.000000	0.000000	0.112171	0.885018	0.002082	0.000000	0.000000	0.000729
411	0.000000	0.000000	0.000000	0.112172	0.885075	0.002060	0.000000	0.000000	0.000693
412	0.000000	0.000000	0.000000	0.112003	0.885290	0.002036	0.000000	0.000000	0.000671
413	0.000000	0.000000	0.000000	0.111746	0.885632	0.001970	0.000000	0.000000	0.000652
414	0.000000	0.000000	0.000000	0.111841	0.885520	0.002000	0.000000	0.000000	0.000639
415	0.000000	0.000000	0.000000	0.111677	0.885684	0.002024	0.000000	0.000000	0.000615
416	0.000000	0.000000	0.000000	0.111586	0.885775	0.002027	0.000000	0.000000	0.000612
417	0.000000	0.000000	0.000000	0.111411	0.886014	0.001982	0.000000	0.000000	0.000593
418	0.000000	0.000000	0.000000	0.111763	0.885679	0.001992	0.000000	0.000000	0.000566
419	0.000000	0.000000	0.000000	0.111499	0.885944	0.002009	0.000000	0.000000	0.000548
420	0.000000	0.000000	0.000000	0.111605	0.885894	0.001982	0.000000	0.000000	0.000519
421	0.000000	0.000000	0.000000	0.112030	0.885478	0.001988	0.000000	0.000000	0.000504
422	0.000000	0.000000	0.000000	0.112176	0.885348	0.002003	0.000000	0.000000	0.000473
423	0.000000	0.000000	0.000000	0.112468	0.885074	0.002015	0.000000	0.000000	0.000443
424	0.000000	0.000000	0.000000	0.111975	0.885608	0.001975	0.000000	0.000000	0.000442
425	0.000000	0.000000	0.000000	0.112093	0.885495	0.001983	0.000000	0.000000	0.000429
426	0.000000	0.000000	0.000000	0.111633	0.885983	0.001964	0.000000	0.000000	0.000420
427	0.000000	0.000000	0.000000	0.111750	0.885898	0.001948	0.000000	0.000000	0.000404
428	0.000000	0.000000	0.000000	0.111615	0.886071	0.001930	0.000000	0.000000	0.000384
429	0.000000	0.000000	0.000000	0.111959	0.885764	0.001914	0.000000	0.000000	0.000363
430	0.000000	0.000000	0.000000	0.111721	0.885934	0.001985	0.000000	0.000000	0.000360
431	0.000000	0.000000	0.000000	0.111518	0.886128	0.001997	0.000000	0.000000	0.000357
432	0.000000	0.000000	0.000000	0.111461	0.886164	0.002030	0.000000	0.000000	0.000345
433	0.000000	0.000000	0.000000	0.111396	0.886206	0.002079	0.000000	0.000000	0.000319
434	0.000000	0.000000	0.000000	0.111105	0.886546	0.002024	0.000000	0.000000	0.000325
435	0.000000	0.000000	0.000000	0.111461	0.886185	0.002056	0.000000	0.000000	0.000298
436	0.000000	0.000000	0.000000	0.111557	0.886138	0.002019	0.000000	0.000000	0.000286
437	0.000000	0.000000	0.000000	0.111351	0.886314	0.002042	0.000000	0.000000	0.000293
438	0.000000	0.000000	0.000000	0.111024	0.886681	0.002013	0.000000	0.000000	0.000282
439	0.000000	0.000000	0.000000	0.111232	0.886451	0.002036	0.000000	0.000000	0.000281
440	0.000000	0.000000	0.000000	0.110983	0.886710	0.002045	0.000000	0.000000	0.000262
441	0.000000	0.000000	0.000000	0.111025	0.886662	0.002066	0.000000	0.000000	0.000247
442	0.000000	0.000000	0.000000	0.110966	0.886725	0.002075	0.000000	0.000000	0.000234
443	0.000000	0.000000	0.000000	0.110609	0.887124	0.002040	0.000000	0.000000	0.000227
444	0.000000	0.000000	0.000000	0.110630	0.887159	0.001998	0.000000	0.000000	0.000213
445	0.000000	0.000000	0.000000	0.110360	0.887447	0.001985	0.000000	0.000000	0.000208
446	0.000000	0.000000	0.000000	0.110481	0.887332	0.001994	0.000000	0.000000	0.000193
447	0.000000	0.000000	0.000000	0.110224	0.887595	0.001997	0.000000	0.000000	0.000184
448	0.000000	0.000000	0.000000	0.110389	0.887441	0.002014	0.000000	0.000000	0.000156
449	0.000000	0.000000	0.000000	0.110587	0.887259	0.001995	0.000000	0.000000	0.000159
450	0.000000	0.000000	0.000000	0.110552	0.887324	0.001984	0.000000	0.000000	0.000140
451	0.000000	0.000000	0.000000	0.110920	0.887012	0.001935	0.000000	0.000000	0.000133
452	0.000000	0.000000	0.000000	0.110733	0.887208	0.001924	0.000000	0.000000	0.000135
453	0.000000	0.000000	0.000000	0.111017	0.886878	0.001979	0.000000	0.000000	0.000126
454	0.000000	0.000000	0.000000	0.110781	0.887130	0.001965	0.000000	0.000000	0.000124
455	0.000000	0.000000	0.000000	0.110927	0.886851	0.002093	0.000000	0.000000	0.000129
456	0.000000	0.000000	0.000000	0.110766	0.887067	0.002041	0.000000	0.000000	0.000126
457	0.000000	0.000000	0.000000	0.110906	0.886881	0.002086	0.000000	0.000000	0.000127
458	0.000000	0.000000	0.000000	0.110800	0.887051	0.002035	0.000000	0.000000	0.000114
459	0.000000	0.000000	0.000000	0.110827	0.886987	0.002070	0.000000	0.000000	0.000116
460	0.000000	0.000000	0.000000	0.110625	0.887180	0.002087	0.000000	0.000000	0.000108
461	0.000000	0.000000	0.000000	0.110792	0.886991	0.002111	0.000000	0.000000	0.000106
462	0.000000	0.000000	0.000000	0.110865	0.886888	0.002152	0.000000	0.000000	0.000095
463	0.000000	0.000000	0.000000	0.110869	0.886943	0.002090	0.000000	0.000000	0.000098
464	0.000000	0.000000	0.000000	0.110927	0.886902	0.002076	0.000000	0.000000	0.000095
465	0.000000	0.000000	0.000000	0.110731	0.887132	0.002058	0.000000	0.000000	0.000079
466	0.000000	0.000000	0.000000	0.110959	0.886940	0.002021	0.000000	0.000000	0.000080
467	0.000000	0.000000	0.000000	0.110672	0.887204	0.002039	0.000000	0.000000	0.000085
468	0.000000	0.000000	0.000000	0.110655	0.887248	0.002021	0.000000	0.000000	0.000076
469	0.000000	0.000000	0.000000	0.110574	0.887323	0.002032	0.000000	0.000000	0.000071
470	0.000000	0.000000	0.000000	0.110180	0.887768	0.001987	0.000000	0.000000	0.000065
