0	0.290663	0.057897	0.229473	0.157588	0.029913	0.111872	0.085455	0.012259	0.024880
1	0.239460	0.049597	0.205745	0.149470	0.030242	0.125708	0.101037	0.019621	0.079120
2	0.245383	0.050167	0.210542	0.150835	0.032515	0.128188	0.088128	0.017208	0.077034
3	0.256255	0.050610	0.215673	0.152643	0.035061	0.127963	0.075566	0.014320	0.071909
4	0.267233	0.050663	0.221027	0.153793	0.038108	0.126251	0.064448	0.011576	0.066901
5	0.278158	0.050449	0.225621	0.153937	0.040915	0.123618	0.054890	0.009799	0.062613
6	0.288628	0.049716	0.229667	0.153002	0.043974	0.121343	0.047229	0.008088	0.058353
7	0.297866	0.048718	0.233056	0.152478	0.047123	0.118747	0.040518	0.006717	0.054777
8	0.307189	0.047593	0.236444	0.150983	0.049850	0.116333	0.034762	0.005560	0.051286
9	0.315467	0.046270	0.239890	0.149670	0.053067	0.113277	0.029836	0.004717	0.047806
10	0.323073	0.044708	0.242698	0.147497	0.056640	0.110634	0.025900	0.003914	0.044936
11	0.330696	0.043096	0.244881	0.145503	0.060173	0.107860	0.022433	0.003209	0.042149
12	0.337740	0.041889	0.246968	0.143052	0.063513	0.104888	0.019590	0.002700	0.039660
13	0.344331	0.040456	0.249231	0.140495	0.067370	0.101522	0.016916	0.002277	0.037402
14	0.350029	0.038863	0.250883	0.138103	0.071262	0.098823	0.014729	0.001886	0.035422
15	0.354987	0.037422	0.253147	0.135408	0.075219	0.096140	0.012699	0.001644	0.033334
16	0.360485	0.035967	0.254076	0.132727	0.078907	0.093860	0.011101	0.001404	0.031473
17	0.365424	0.034865	0.255397	0.129986	0.082791	0.090786	0.009860	0.001189	0.029702
18	0.369582	0.033208	0.256124	0.127448	0.087151	0.088518	0.008693	0.001041	0.028235
19	0.373154	0.031996	0.257338	0.124648	0.091686	0.086237	0.007401	0.000854	0.026686
20	0.376508	0.030643	0.257919	0.122310	0.096615	0.083566	0.006601	0.000766	0.025072
21	0.379773	0.029354	0.258005	0.119788	0.101321	0.081372	0.005841	0.000687	0.023859
22	0.382402	0.027943	0.258150	0.117327	0.106477	0.079423	0.005108	0.000589	0.022581
23	0.384030	0.026678	0.258597	0.115399	0.111842	0.077103	0.004411	0.000534	0.021406
24	0.385944	0.025750	0.258723	0.112789	0.117158	0.075004	0.003956	0.000423	0.020253
25	0.387965	0.024693	0.258472	0.110615	0.122512	0.072958	0.003368	0.000364	0.019053
26	0.389149	0.023585	0.258374	0.107945	0.128432	0.071107	0.002962	0.000324	0.018122
27	0.389758	0.022503	0.258602	0.105692	0.134680	0.068871	0.002718	0.000277	0.016899
28	0.390378	0.021406	0.257806	0.103785	0.140833	0.067063	0.002334	0.000263	0.016132
29	0.390714	0.020265	0.256836	0.101988	0.147161	0.065377	0.002103	0.000195	0.015361
30	0.390851	0.019260	0.256330	0.099798	0.153695	0.063587	0.001811	0.000172	0.014496
31	0.390333	0.018409	0.254899	0.098144	0.160936	0.061671	0.001645	0.000118	0.013845
32	0.389766	0.017655	0.253078	0.096531	0.167899	0.060442	0.001448	0.000102	0.013079
33	0.388240	0.016778	0.252237	0.095122	0.174791	0.058980	0.001293	0.000103	0.012456
34	0.386649	0.015901	0.250584	0.093995	0.182172	0.057779	0.001156	0.000073	0.011691
35	0.384745	0.014948	0.249009	0.092397	0.189828	0.056803	0.001054	0.000070	0.011146
36	0.382000	0.014192	0.247145	0.091683	0.198001	0.055482	0.000948	0.000066	0.010483
37	0.380074	0.013520	0.245217	0.090129	0.206005	0.054119	0.000853	0.000045	0.010038
38	0.377672	0.012885	0.243254	0.088857	0.214033	0.052984	0.000749	0.000038	0.009528
39	0.375405	0.012322	0.240879	0.087426	0.222422	0.051592	0.000694	0.000038	0.009222
40	0.371607	0.011646	0.238679	0.086815	0.231296	0.050650	0.000594	0.000035	0.008678
41	0.368117	0.010874	0.236330	0.085888	0.240073	0.049892	0.000536	0.000044	0.008246
42	0.364366	0.010355	0.233228	0.084716	0.250015	0.048982	0.000461	0.000036	0.007841
43	0.360074	0.009822	0.230519	0.083948	0.259498	0.048214	0.000428	0.000033	0.007464
44	0.355754	0.009292	0.227464	0.082863	0.269557	0.047468	0.000368	0.000021	0.007213
45	0.350787	0.008764	0.224423	0.082238	0.280065	0.046621	0.000351	0.000020	0.006731
46	0.345620	0.008271	0.221400	0.081630	0.290167	0.046239	0.000283	0.000024	0.006366
47	0.340216	0.007842	0.218597	0.081384	0.300213	0.045439	0.000274	0.000018	0.006017
48	0.335394	0.007283	0.214617	0.080815	0.310950	0.045028	0.000250	0.000015	0.005648
49	0.329709	0.006926	0.211220	0.080452	0.321385	0.044755	0.000217	0.000011	0.005325
50	0.324165	0.006695	0.206982	0.080501	0.332437	0.044084	0.000188	0.000010	0.004938
51	0.318454	0.006357	0.203064	0.080136	0.343569	0.043566	0.000163	0.000008	0.004683
52	0.312741	0.005950	0.198941	0.079733	0.354642	0.043419	0.000142	0.000005	0.004427
53	0.306615	0.005581	0.195545	0.079474	0.365509	0.042981	0.000116	0.000005	0.004174
54	0.300809	0.005252	0.190920	0.079719	0.376735	0.042491	0.000102	0.000001	0.003971
55	0.294010	0.004983	0.186931	0.079994	0.388117	0.042164	0.000089	0.000000	0.003712
56	0.287305	0.004647	0.183026	0.079503	0.400037	0.041902	0.000069	0.000000	0.003511
57	0.280429	0.004395	0.179130	0.079667	0.411548	0.041520	0.000065	0.000000	0.003246
58	0.273381	0.004151	0.175233	0.079682	0.423083	0.041313	0.000060	0.000000	0.003097
59	0.266644	0.003968	0.171298	0.079840	0.434478	0.040977	0.000036	0.000000	0.002759
60	0.259866	0.003672	0.166889	0.079981	0.446233	0.040684	0.000043	0.000000	0.002632
61	0.252727	0.003456	0.162873	0.079968	0.458050	0.040415	0.000037	0.000000	0.002474
62	0.246099	0.003242	0.158238	0.080136	0.469619	0.040332	0.000033	0.000000	0.002301
63	0.239496	0.003000	0.153619	0.080235	0.480885	0.040624	0.000027	0.000000	0.002114
64	0.232387	0.002779	0.149167	0.080324	0.492870	0.040432	0.000020	0.000000	0.002021
65	0.224898	0.002626	0.145113	0.080785	0.504343	0.040337	0.000020	0.000000	0.001878
66	0.217542	0.002480	0.141116	0.080824	0.516027	0.040215	0.000019	0.000000	0.001777
67	0.210460	0.002361	0.136549	0.081125	0.527796	0.040071	0.000012	0.000000	0.001626
68	0.203964	0.002149	0.131881	0.081260	0.538994	0.040167	0.000011	0.000000	0.001574
69	0.196294	0.002005	0.127632	0.081185	0.551396	0.040053	0.000011	0.000000	0.001424
70	0.189031	0.001835	0.123452	0.081490	0.562905	0.039940	0.000005	0.000000	0.001342
71	0.182278	0.001768	0.118878	0.082015	0.573788	0.040059	0.000007	0.000000	0.001207
72	0.175161	0.001628	0.114621	0.082570	0.584844	0.039977	0.000003	0.000000	0.001196
73	0.168214	0.001541	0.110666	0.082761	0.595838	0.039860	0.000003	0.000000	0.001117
74	0.161784	0.001369	0.106297	0.083112	0.606906	0.039484	0.000002	0.000000	0.001046
75	0.155106	0.001261	0.102370	0.083282	0.617429	0.039651	0.000001	0.000000	0.000900
76	0.148249	0.001155	0.098407	0.083549	0.627973	0.039818	0.000001	0.000000	0.000848
77	0.142098	0.001079	0.094220	0.083692	0.638355	0.039773	0.000000	0.000000	0.000783
78	0.135809	0.001016	0.090078	0.084122	0.648238	0.039990	0.000001	0.000000	0.000746
79	0.129757	0.000894	0.086342	0.084637	0.657547	0.040160	0.000000	0.000000	0.000663
80	0.123669	0.000808	0.082802	0.084890	0.667500	0.039736	0.000002	0.000000	0.000593
81	0.117739	0.000727	0.079057	0.085102	0.676800	0.039986	0.000001	0.000000	0.000588
82	0.111486	0.000694	0.075729	0.085399	0.685990	0.040131	0.000004	0.000000	0.000567
83	0.105998	0.000671	0.072329	0.085756	0.694614	0.040100	0.000004	0.000000	0.000528
84	0.100424	0.000614	0.068729	0.085998	0.703319	0.040439	0.000002	0.000000	0.000475
85	0.095752	0.000550	0.065114	0.086154	0.711562	0.040428	0.000001	0.000000	0.000439
86	0.090883	0.000510	0.061773	0.086427	0.719777	0.040242	0.000000	0.000000	0.000388
87	0.086192	0.000459	0.058417	0.086587	0.727538	0.040485	0.000000	0.000000	0.000322
88	0.081453	0.000460	0.055489	0.086764	0.735273	0.040262	0.000000	0.000000	0.000299
89	0.077010	0.000419	0.052518	0.087293	0.742267	0.040218	0.000000	0.000000	0.000275
90	0.072605	0.000410	0.049744	0.087582	0.749213	0.040191	0.000000	0.000000	0.000255
91	0.068769	0.000385	0.046858	0.087586	0.755751	0.040405	0.000000	0.000000	0.000246
92	0.064512	0.000347	0.044440	0.087764	0.761940	0.040754	0.000000	0.000000	0.000243
93	0.060363	0.000333	0.042062	0.088099	0.768290	0.040627	0.000000	0.000000	0.000226
94	0.056756	0.000310	0.039949	0.088207	0.774035	0.040532	0.000000	0.000000	0.000211
95	0.053249	0.000283	0.037590	0.088520	0.779707	0.040444	0.000000	0.000000	0.000207
96	0.050138	0.000270	0.035085	0.088385	0.785312	0.040616	0.000000	0.000000	0.000194
97	0.047289	0.000242	0.033097	0.088554	0.790203	0.040451	0.000000	0.000000	0.000164
98	0.044172	0.000213	0.030931	0.089094	0.794821	0.040621	0.000000	0.000000	0.000148
99	0.041110	0.000191	0.029047	0.089236	0.799592	0.040681	0.000000	0.000000	0.000143
100	0.038462	0.000180	0.027012	0.089288	0.804465	0.040464	0.000000	0.000000	0.000129
101	0.035708	0.000169	0.025358	0.089743	0.808035	0.040871	0.000000	0.000000	0.000116
102	0.033306	0.000172	0.023822	0.089846	0.811964	0.040788	0.000000	0.000000	0.000102
103	0.031167	0.000164	0.022386	0.090014	0.815154	0.041038	0.000000	0.000000	0.000077
104	0.029209	0.000134	0.020887	0.090135	0.818825	0.040751	0.000000	0.000000	0.000059
105	0.026969	0.000124	0.019538	0.090673	0.821974	0.040653	0.000000	0.000000	0.000069
106	0.025211	0.000117	0.018293	0.090311	0.825180	0.040833	0.000000	0.000000	0.000055
107	0.023384	0.000124	0.016721	0.090678	0.828419	0.040624	0.000000	0.000000	0.000050
108	0.021776	0.000113	0.015418	0.091300	0.830886	0.040458	0.000000	0.000000	0.000049
109	0.020226	0.000092	0.014421	0.091463	0.832815	0.040936	0.000000	0.000000	0.000047
110	0.018417	0.000081	0.013519	0.091600	0.835161	0.041185	0.000000	0.000000	0.000037
111	0.017051	0.000076	0.012644	0.091358	0.837649	0.041188	0.000000	0.000000	0.000034
112	0.015619	0.000061	0.011580	0.091450	0.839734	0.041525	0.000000	0.000000	0.000031
113	0.014254	0.000060	0.010786	0.091470	0.842013	0.041393	0.000000	0.000000	0.000024
114	0.013197	0.000059	0.009760	0.091733	0.843927	0.041306	0.000000	0.000000	0.000018
115	0.012019	0.000051	0.008986	0.091808	0.845515	0.041600	0.000000	0.000000	0.000021
116	0.011037	0.000054	0.008300	0.091986	0.847173	0.041434	0.000000	0.000000	0.000016
117	0.010184	0.000048	0.007631	0.091931	0.848552	0.041637	0.000000	0.000000	0.000017
118	0.009435	0.000047	0.006971	0.091948	0.849579	0.042008	0.000000	0.000000	0.000012
119	0.008581	0.000047	0.006227	0.092008	0.851181	0.041942	0.000000	0.000000	0.000014
120	0.007980	0.000044	0.005687	0.092190	0.852113	0.041980	0.000000	0.000000	0.000006
121	0.007408	0.000049	0.005246	0.092212	0.852866	0.042214	0.000000	0.000000	0.000005
122	0.006846	0.000042	0.004835	0.091939	0.854087	0.042248	0.000000	0.000000	0.000003
123	0.006246	0.000041	0.004439	0.091893	0.855126	0.042251	0.000000	0.000000	0.000004
124	0.005726	0.000043	0.004060	0.091814	0.855582	0.042772	0.000000	0.000000	0.000003
125	0.005268	0.000041	0.003611	0.092122	0.856194	0.042762	0.000000	0.000000	0.000002
126	0.004836	0.000043	0.003334	0.092426	0.856525	0.042834	0.000000	0.000000	0.000002
127	0.004434	0.000040	0.003051	0.092675	0.857112	0.042685	0.000000	0.000000	0.000003
128	0.004055	0.000036	0.002730	0.092683	0.857856	0.042637	0.000000	0.000000	0.000003
129	0.003696	0.000030	0.002479	0.092937	0.857874	0.042982	0.000000	0.000000	0.000002
130	0.003437	0.000026	0.002310	0.093060	0.858341	0.042824	0.000000	0.000000	0.000002
131	0.003090	0.000023	0.002090	0.093020	0.858863	0.042913	0.000000	0.000000	0.000001
132	0.002787	0.000023	0.001931	0.093191	0.859183	0.042882	0.000000	0.000000	0.000003
133	0.002562	0.000018	0.001796	0.093230	0.859638	0.042756	0.000000	0.000000	0.000000
134	0.002317	0.000017	0.001613	0.093016	0.860055	0.042982	0.000000	0.000000	0.000000
135	0.002174	0.000017	0.001454	0.093075	0.860183	0.043097	0.000000	0.000000	0.000000
136	0.002032	0.000015	0.001314	0.093277	0.860362	0.043000	0.000000	0.000000	0.000000
137	0.001870	0.000015	0.001155	0.093314	0.860988	0.042658	0.000000	0.000000	0.000000
138	0.001760	0.000010	0.001094	0.093260	0.861142	0.042734	0.000000	0.000000	0.000000
139	0.001663	0.000009	0.001002	0.093463	0.861148	0.042715	0.000000	0.000000	0.000000
140	0.001560	0.000006	0.000831	0.093434	0.861478	0.042691	0.000000	0.000000	0.000000
141	0.001524	0.000004	0.000737	0.093338	0.861334	0.043063	0.000000	0.000000	0.000000
142	0.001436	0.000005	0.000653	0.093311	0.861775	0.042820	0.000000	0.000000	0.000000
143	0.001290	0.000001	0.000630	0.093463	0.861696	0.042920	0.000000	0.000000	0.000000
144	0.001234	0.000001	0.000582	0.093568	0.861867	0.042748	0.000000	0.000000	0.000000
145	0.001132	0.000002	0.000521	0.093152	0.862279	0.042914	0.000000	0.000000	0.000000
146	0.001034	0.000004	0.000482	0.093066	0.862684	0.042730	0.000000	0.000000	0.000000
147	0.001005	0.000002	0.000435	0.093384	0.862697	0.042477	0.000000	0.000000	0.000000
148	0.000967	0.000002	0.000377	0.093444	0.862598	0.042612	0.000000	0.000000	0.000000
149	0.000917	0.000000	0.000389	0.093217	0.862842	0.042635	0.000000	0.000000	0.000000
150	0.000813	0.000000	0.000376	0.093367	0.862863	0.042581	0.000000	0.000000	0.000000
151	0.000734	0.000000	0.000352	0.093462	0.862631	0.042821	0.000000	0.000000	0.000000
152	0.000679	0.000000	0.000334	0.093128	0.863100	0.042759	0.000000	0.000000	0.000000
153	0.000625	0.000000	0.000284	0.092826	0.863624	0.042641	0.000000	0.000000	0.000000
154	0.000611	0.000000	0.000250	0.092954	0.863561	0.042624	0.000000	0.000000	0.000000
155	0.000575	0.000000	0.000232	0.093338	0.863097	0.042758	0.000000	0.000000	0.000000
156	0.000545	0.000000	0.000206	0.093253	0.862983	0.043013	0.000000	0.000000	0.000000
157	0.000515	0.000000	0.000196	0.092600	0.863648	0.043041	0.000000	0.000000	0.000000
158	0.000513	0.000000	0.000184	0.092653	0.863555	0.043095	0.000000	0.000000	0.000000
159	0.000507	0.000000	0.000185	0.092571	0.863714	0.043023	0.000000	0.000000	0.000000
160	0.000498	0.000000	0.000155	0.092135	0.864009	0.043203	0.000000	0.000000	0.000000
161	0.000472	0.000000	0.000149	0.092156	0.864061	0.043162	0.000000	0.000000	0.000000
162	0.000463	0.000000	0.000136	0.092025	0.864167	0.043209	0.000000	0.000000	0.000000
163	0.000463	0.000000	0.000130	0.091916	0.864413	0.043078	0.000000	0.000000	0.000000
164	0.000457	0.000000	0.000136	0.091738	0.864347	0.043322	0.000000	0.000000	0.000000
165	0.000433	0.000000	0.000123	0.091875	0.864229	0.043340	0.000000	0.000000	0.000000
166	0.000437	0.000000	0.000114	0.091879	0.864106	0.043464	0.000000	0.000000	0.000000
167	0.000446	0.000000	0.000099	0.092230	0.863859	0.043366	0.000000	0.000000	0.000000
168	0.000434	0.000000	0.000094	0.092216	0.863708	0.043548	0.000000	0.000000	0.000000
169	0.000416	0.000000	0.000088	0.091964	0.864062	0.043470	0.000000	0.000000	0.000000
170	0.000403	0.000000	0.000094	0.091899	0.864364	0.043240	0.000000	0.000000	0.000000
171	0.000385	0.000000	0.000085	0.091966	0.864060	0.043504	0.000000	0.000000	0.000000
172	0.000395	0.000000	0.000077	0.092013	0.864041	0.043474	0.000000	0.000000	0.000000
173	0.000395	0.000000	0.000065	0.092013	0.863796	0.043731	0.000000	0.000000	0.000000
174	0.000361	0.000000	0.000069	0.092041	0.863646	0.043883	0.000000	0.000000	0.000000
175	0.000358	0.000000	0.000060	0.092306	0.863454	0.043822	0.000000	0.000000	0.000000
176	0.000357	0.000000	0.000057	0.092448	0.863243	0.043895	0.000000	0.000000	0.000000
177	0.000350	0.000000	0.000054	0.092534	0.863362	0.043700	0.000000	0.000000	0.000000
178	0.000351	0.000000	0.000039	0.092821	0.863146	0.043643	0.000000	0.000000	0.000000
179	0.000332	0.000000	0.000035	0.092613	0.863118	0.043902	0.000000	0.000000	0.000000
180	0.000337	0.000000	0.000027	0.092777	0.863227	0.043632	0.000000	0.000000	0.000000
181	0.000320	0.000000	0.000015	0.092932	0.863099	0.043634	0.000000	0.000000	0.000000
182	0.000315	0.000000	0.000011	0.093163	0.862774	0.043737	0.000000	0.000000	0.000000
183	0.000329	0.000000	0.000009	0.093146	0.862736	0.043780	0.000000	0.000000	0.000000
184	0.000306	0.000000	0.000006	0.093437	0.862260	0.043991	0.000000	0.000000	0.000000
185	0.000299	0.000000	0.000003	0.093493	0.862479	0.043726	0.000000	0.000000	0.000000
186	0.000298	0.000000	0.000003	0.093320	0.862795	0.043584	0.000000	0.000000	0.000000
187	0.000302	0.000000	0.000004	0.092995	0.862901	0.043798	0.000000	0.000000	0.000000
188	0.000271	0.000000	0.000005	0.093073	0.862895	0.043756	0.000000	0.000000	0.000000
189	0.000270	0.000000	0.000005	0.092987	0.862696	0.044042	0.000000	0.000000	0.000000
190	0.000272	0.000000	0.000003	0.092915	0.862864	0.043946	0.000000	0.000000	0.000000
191	0.000242	0.000000	0.000003	0.092415	0.863321	0.044019	0.000000	0.000000	0.000000
192	0.000239	0.000000	0.000002	0.092133	0.863669	0.043957	0.000000	0.000000	0.000000
193	0.000240	0.000000	0.000002	0.092169	0.863465	0.044124	0.000000	0.000000	0.000000
194	0.000233	0.000000	0.000001	0.092158	0.863248	0.044360	0.000000	0.000000	0.000000
195	0.000216	0.000000	0.000000	0.092327	0.863074	0.044383	0.000000	0.000000	0.000000
196	0.000204	0.000000	0.000000	0.092161	0.863075	0.044560	0.000000	0.000000	0.000000
197	0.000190	0.000000	0.000000	0.091880	0.863496	0.044434	0.000000	0.000000	0.000000
198	0.000186	0.000000	0.000000	0.091683	0.863763	0.044368	0.000000	0.000000	0.000000
199	0.000186	0.000000	0.000000	0.091850	0.863620	0.044344	0.000000	0.000000	0.000000
200	0.000189	0.000000	0.000000	0.091519	0.864065	0.044227	0.000000	0.000000	0.000000
201	0.000189	0.000000	0.000000	0.091074	0.864113	0.044624	0.000000	0.000000	0.000000
202	0.000159	0.000000	0.000000	0.091069	0.864206	0.044566	0.000000	0.000000	0.000000
203	0.000161	0.000000	0.000000	0.091024	0.864063	0.044752	0.000000	0.000000	0.000000
204	0.000166	0.000000	0.000000	0.090775	0.864674	0.044385	0.000000	0.000000	0.000000
205	0.000151	0.000000	0.000000	0.090777	0.864729	0.044343	0.000000	0.000000	0.000000
206	0.000150	0.000000	0.000000	0.090634	0.864908	0.044308	0.000000	0.000000	0.000000
207	0.000146	0.000000	0.000000	0.090724	0.864563	0.044567	0.000000	0.000000	0.000000
208	0.000151	0.000000	0.000000	0.090976	0.864255	0.044618	0.000000	0.000000	0.000000
209	0.000146	0.000000	0.000000	0.091169	0.864284	0.044401	0.000000	0.000000	0.000000
210	0.000127	0.000000	0.000000	0.091003	0.864655	0.044215	0.000000	0.000000	0.000000
211	0.000113	0.000000	0.000000	0.090929	0.864809	0.044149	0.000000	0.000000	0.000000
212	0.000113	0.000000	0.000000	0.090771	0.864979	0.044137	0.000000	0.000000	0.000000
213	0.000106	0.000000	0.000000	0.090716	0.865088	0.044090	0.000000	0.000000	0.000000
214	0.000103	0.000000	0.000000	0.090709	0.865259	0.043929	0.000000	0.000000	0.000000
215	0.000092	0.000000	0.000000	0.090695	0.865084	0.044129	0.000000	0.000000	0.000000
216	0.000098	0.000000	0.000000	0.090325	0.865213	0.044364	0.000000	0.000000	0.000000
217	0.000097	0.000000	0.000000	0.090354	0.865174	0.044375	0.000000	0.000000	0.000000
218	0.000098	0.000000	0.000000	0.090556	0.864905	0.044441	0.000000	0.000000	0.000000
219	0.000087	0.000000	0.000000	0.090339	0.865218	0.044356	0.000000	0.000000	0.000000
220	0.000100	0.000000	0.000000	0.090115	0.865413	0.044372	0.000000	0.000000	0.000000
221	0.000090	0.000000	0.000000	0.090217	0.865551	0.044142	0.000000	0.000000	0.000000
222	0.000082	0.000000	0.000000	0.089883	0.865911	0.044124	0.000000	0.000000	0.000000
223	0.000080	0.000000	0.000000	0.089922	0.866227	0.043771	0.000000	0.000000	0.000000
224	0.000082	0.000000	0.000000	0.089956	0.866071	0.043891	0.000000	0.000000	0.000000
225	0.000072	0.000000	0.000000	0.089846	0.866187	0.043895	0.000000	0.000000	0.000000
226	0.000068	0.000000	0.000000	0.089857	0.866156	0.043919	0.000000	0.000000	0.000000
227	0.000063	0.000000	0.000000	0.089448	0.866478	0.044011	0.000000	0.000000	0.000000
228	0.000056	0.000000	0.000000	0.089311	0.866801	0.043832	0.000000	0.000000	0.000000
229	0.000046	0.000000	0.000000	0.089390	0.866619	0.043945	0.000000	0.000000	0.000000
230	0.000045	0.000000	0.000000	0.089799	0.866480	0.043676	0.000000	0.000000	0.000000
231	0.000051	0.000000	0.000000	0.090179	0.866089	0.043681	0.000000	0.000000	0.000000
232	0.000049	0.000000	0.000000	0.089983	0.866156	0.043812	0.000000	0.000000	0.000000
233	0.000042	0.000000	0.000000	0.089640	0.866626	0.043692	0.000000	0.000000	0.000000
234	0.000038	0.000000	0.000000	0.089755	0.866620	0.043587	0.000000	0.000000	0.000000
235	0.000032	0.000000	0.000000	0.089663	0.866965	0.043340	0.000000	0.000000	0.000000
236	0.000031	0.000000	0.000000	0.089683	0.867058	0.043228	0.000000	0.000000	0.000000
237	0.000037	0.000000	0.000000	0.089446	0.867296	0.043221	0.000000	0.000000	0.000000
238	0.000037	0.000000	0.000000	0.089474	0.866958	0.043531	0.000000	0.000000	0.000000
239	0.000040	0.000000	0.000000	0.089817	0.866625	0.043518	0.000000	0.000000	0.000000
240	0.000046	0.000000	0.000000	0.090219	0.866194	0.043541	0.000000	0.000000	0.000000
241	0.000048	0.000000	0.000000	0.090052	0.866401	0.043499	0.000000	0.000000	0.000000
242	0.000038	0.000000	0.000000	0.089672	0.866605	0.043685	0.000000	0.000000	0.000000
243	0.000042	0.000000	0.000000	0.089623	0.866422	0.043913	0.000000	0.000000	0.000000
244	0.000036	0.000000	0.000000	0.089143	0.866717	0.044104	0.000000	0.000000	0.000000
245	0.000034	0.000000	0.000000	0.089045	0.866930	0.043991	0.000000	0.000000	0.000000
246	0.000035	0.000000	0.000000	0.089136	0.866519	0.044310	0.000000	0.000000	0.000000
247	0.000029	0.000000	0.000000	0.088901	0.866838	0.044232	0.000000	0.000000	0.000000
248	0.000032	0.000000	0.000000	0.088733	0.867025	0.044210	0.000000	0.000000	0.000000
249	0.000032	0.000000	0.000000	0.088407	0.867370	0.044191	0.000000	0.000000	0.000000
250	0.000027	0.000000	0.000000	0.088379	0.867363	0.044231	0.000000	0.000000	0.000000
251	0.000020	0.000000	0.000000	0.088498	0.866917	0.044565	0.000000	0.000000	0.000000
252	0.000016	0.000000	0.000000	0.088471	0.866455	0.045058	0.000000	0.000000	0.000000
253	0.000016	0.000000	0.000000	0.088312	0.866755	0.044917	0.000000	0.000000	0.000000
254	0.000013	0.000000	0.000000	0.088166	0.867110	0.044711	0.000000	0.000000	0.000000
255	0.000013	0.000000	0.000000	0.088361	0.866994	0.044632	0.000000	0.000000	0.000000
256	0.000013	0.000000	0.000000	0.088046	0.867152	0.044789	0.000000	0.000000	0.000000
257	0.000015	0.000000	0.000000	0.087836	0.867307	0.044842	0.000000	0.000000	0.000000
258	0.000012	0.000000	0.000000	0.087460	0.867875	0.044653	0.000000	0.000000	0.000000
259	0.000016	0.000000	0.000000	0.087150	0.867968	0.044866	0.000000	0.000000	0.000000
260	0.000009	0.000000	0.000000	0.086709	0.868418	0.044864	0.000000	0.000000	0.000000
261	0.000005	0.000000	0.000000	0.086476	0.868734	0.044785	0.000000	0.000000	0.000000
262	0.000007	0.000000	0.000000	0.086428	0.868788	0.044777	0.000000	0.000000	0.000000
263	0.000009	0.000000	0.000000	0.086242	0.868834	0.044915	0.000000	0.000000	0.000000
264	0.000006	0.000000	0.000000	0.086030	0.869190	0.044774	0.000000	0.000000	0.000000
265	0.000006	0.000000	0.000000	0.086122	0.869038	0.044834	0.000000	0.000000	0.000000
266	0.000011	0.000000	0.000000	0.085949	0.869059	0.044981	0.000000	0.000000	0.000000
267	0.000004	0.000000	0.000000	0.086534	0.868426	0.045036	0.000000	0.000000	0.000000
268	0.000005	0.000000	0.000000	0.086644	0.868402	0.044949	0.000000	0.000000	0.000000
269	0.000005	0.000000	0.000000	0.087086	0.867605	0.045304	0.000000	0.000000	0.000000
270	0.000004	0.000000	0.000000	0.086622	0.868026	0.045348	0.000000	0.000000	0.000000
271	0.000003	0.000000	0.000000	0.086465	0.868299	0.045233	0.000000	0.000000	0.000000
272	0.000001	0.000000	0.000000	0.086653	0.867848	0.045498	0.000000	0.000000	0.000000
273	0.000001	0.000000	0.000000	0.086728	0.867821	0.045450	0.000000	0.000000	0.000000
274	0.000000	0.000000	0.000000	0.086634	0.867940	0.045426	0.000000	0.000000	0.000000
275	0.000000	0.000000	0.000000	0.086679	0.867988	0.045333	0.000000	0.000000	0.000000
276	0.000000	0.000000	0.000000	0.086415	0.868106	0.045479	0.000000	0.000000	0.000000
277	0.000000	0.000000	0.000000	0.086721	0.868136	0.045143	0.000000	0.000000	0.000000
278	0.000000	0.000000	0.000000	0.086747	0.868213	0.045040	0.000000	0.000000	0.000000
279	0.000000	0.000000	0.000000	0.086652	0.868113	0.045235	0.000000	0.000000	0.000000
280	0.000000	0.000000	0.000000	0.087071	0.867963	0.044966	0.000000	0.000000	0.000000
281	0.000000	0.000000	0.000000	0.087056	0.868105	0.044839	0.000000	0.000000	0.000000
282	0.000000	0.000000	0.000000	0.086678	0.868473	0.044849	0.000000	0.000000	0.000000
283	0.000000	0.000000	0.000000	0.086553	0.868723	0.044724	0.000000	0.000000	0.000000
284	0.000000	0.000000	0.000000	0.086690	0.868551	0.044759	0.000000	0.000000	0.000000
285	0.000000	0.000000	0.000000	0.086444	0.868624	0.044932	0.000000	0.000000	0.000000
286	0.000000	0.000000	0.000000	0.086258	0.868976	0.044766	0.000000	0.000000	0.000000
287	0.000000	0.000000	0.000000	0.086349	0.868834	0.044817	0.000000	0.000000	0.000000
288	0.000000	0.000000	0.000000	0.086621	0.868719	0.044660	0.000000	0.000000	0.000000
289	0.000000	0.000000	0.000000	0.086405	0.869021	0.044574	0.000000	0.000000	0.000000
290	0.000000	0.000000	0.000000	0.086248	0.869247	0.044505	0.000000	0.000000	0.000000
291	0.000000	0.000000	0.000000	0.086450	0.869231	0.044319	0.000000	0.000000	0.000000
292	0.000000	0.000000	0.000000	0.086579	0.868771	0.044650	0.000000	0.000000	0.000000
293	0.000000	0.000000	0.000000	0.086511	0.868555	0.044934	0.000000	0.000000	0.000000
294	0.000000	0.000000	0.000000	0.086817	0.868336	0.044847	0.000000	0.000000	0.000000
295	0.000000	0.000000	0.000000	0.087272	0.867882	0.044846	0.000000	0.000000	0.000000
296	0.000000	0.000000	0.000000	0.087002	0.867961	0.045037	0.000000	0.000000	0.000000
297	0.000000	0.000000	0.000000	0.087349	0.867632	0.045019	0.000000	0.000000	0.000000
298	0.000000	0.000000	0.000000	0.087524	0.867472	0.045004	0.000000	0.000000	0.000000
299	0.000000	0.000000	0.000000	0.087586	0.867460	0.044954	0.000000	0.000000	0.000000
300	0.000000	0.000000	0.000000	0.087641	0.867719	0.044640	0.000000	0.000000	0.000000
301	0.000000	0.000000	0.000000	0.087358	0.868064	0.044578	0.000000	0.000000	0.000000
302	0.000000	0.000000	0.000000	0.087718	0.867701	0.044581	0.000000	0.000000	0.000000
303	0.000000	0.000000	0.000000	0.088169	0.867419	0.044412	0.000000	0.000000	0.000000
304	0.000000	0.000000	0.000000	0.087928	0.867727	0.044345	0.000000	0.000000	0.000000
305	0.000000	0.000000	0.000000	0.087667	0.867930	0.044403	0.000000	0.000000	0.000000
306	0.000000	0.000000	0.000000	0.087765	0.867610	0.044625	0.000000	0.000000	0.000000
307	0.000000	0.000000	0.000000	0.087551	0.868259	0.044190	0.000000	0.000000	0.000000
308	0.000000	0.000000	0.000000	0.087730	0.867922	0.044348	0.000000	0.000000	0.000000
309	0.000000	0.000000	0.000000	0.087508	0.868071	0.044421	0.000000	0.000000	0.000000
310	0.000000	0.000000	0.000000	0.087669	0.868020	0.044311	0.000000	0.000000	0.000000
311	0.000000	0.000000	0.000000	0.087597	0.868231	0.044172	0.000000	0.000000	0.000000
312	0.000000	0.000000	0.000000	0.087415	0.868373	0.044212	0.000000	0.000000	0.000000
313	0.000000	0.000000	0.000000	0.087475	0.868679	0.043846	0.000000	0.000000	0.000000
314	0.000000	0.000000	0.000000	0.087835	0.868384	0.043781	0.000000	0.000000	0.000000
315	0.000000	0.000000	0.000000	0.088240	0.868169	0.043591	0.000000	0.000000	0.000000
316	0.000000	0.000000	0.000000	0.088062	0.868364	0.043574	0.000000	0.000000	0.000000
317	0.000000	0.000000	0.000000	0.088245	0.868259	0.043496	0.000000	0.000000	0.000000
318	0.000000	0.000000	0.000000	0.088020	0.868292	0.043688	0.000000	0.000000	0.000000
319	0.000000	0.000000	0.000000	0.088097	0.868425	0.043478	0.000000	0.000000	0.000000
320	0.000000	0.000000	0.000000	0.088235	0.868317	0.043448	0.000000	0.000000	0.000000
321	0.000000	0.000000	0.000000	0.087707	0.868705	0.043588	0.000000	0.000000	0.000000
322	0.000000	0.000000	0.000000	0.087853	0.868502	0.043645	0.000000	0.000000	0.000000
323	0.000000	0.000000	0.000000	0.087980	0.868400	0.043620	0.000000	0.000000	0.000000
324	0.000000	0.000000	0.000000	0.087975	0.868202	0.043823	0.000000	0.000000	0.000000
325	0.000000	0.000000	0.000000	0.087802	0.868277	0.043921	0.000000	0.000000	0.000000
326	0.000000	0.000000	0.000000	0.087754	0.868421	0.043825	0.000000	0.000000	0.000000
327	0.000000	0.000000	0.000000	0.087677	0.868470	0.043853	0.000000	0.000000	0.000000
328	0.000000	0.000000	0.000000	0.087703	0.868724	0.043573	0.000000	0.000000	0.000000
329	0.000000	0.000000	0.000000	0.087858	0.868307	0.043835	0.000000	0.000000	0.000000
330	0.000000	0.000000	0.000000	0.087959	0.868019	0.044022	0.000000	0.000000	0.000000
331	0.000000	0.000000	0.000000	0.087627	0.868462	0.043911	0.000000	0.000000	0.000000
332	0.000000	0.000000	0.000000	0.087720	0.868174	0.044106	0.000000	0.000000	0.000000
333	0.000000	0.000000	0.000000	0.087270	0.868632	0.044098	0.000000	0.000000	0.000000
334	0.000000	0.000000	0.000000	0.087036	0.868710	0.044254	0.000000	0.000000	0.000000
335	0.000000	0.000000	0.000000	0.086788	0.868978	0.044234	0.000000	0.000000	0.000000
336	0.000000	0.000000	0.000000	0.086972	0.868753	0.044275	0.000000	0.000000	0.000000
337	0.000000	0.000000	0.000000	0.087178	0.868437	0.044385	0.000000	0.000000	0.000000
338	0.000000	0.000000	0.000000	0.087047	0.868615	0.044338	0.000000	0.000000	0.000000
339	0.000000	0.000000	0.000000	0.086881	0.868873	0.044246	0.000000	0.000000	0.000000
340	0.000000	0.000000	0.000000	0.086790	0.868901	0.044309	0.000000	0.000000	0.000000
341	0.000000	0.000000	0.000000	0.086578	0.869320	0.044102	0.000000	0.000000	0.000000
342	0.000000	0.000000	0.000000	0.086937	0.868938	0.044125	0.000000	0.000000	0.000000
343	0.000000	0.000000	0.000000	0.086813	0.868842	0.044345	0.000000	0.000000	0.000000
344	0.000000	0.000000	0.000000	0.086837	0.868738	0.044425	0.000000	0.000000	0.000000
345	0.000000	0.000000	0.000000	0.086966	0.868670	0.044364	0.000000	0.000000	0.000000
346	0.000000	0.000000	0.000000	0.086662	0.868746	0.044592	0.000000	0.000000	0.000000
347	0.000000	0.000000	0.000000	0.086617	0.868858	0.044525	0.000000	0.000000	0.000000
348	0.000000	0.000000	0.000000	0.086899	0.868388	0.044713	0.000000	0.000000	0.000000
349	0.000000	0.000000	0.000000	0.086989	0.868404	0.044607	0.000000	0.000000	0.000000
350	0.000000	0.000000	0.000000	0.087355	0.868151	0.044494	0.000000	0.000000	0.000000
351	0.000000	0.000000	0.000000	0.087396	0.868045	0.044559	0.000000	0.000000	0.000000
352	0.000000	0.000000	0.000000	0.087420	0.867872	0.044708	0.000000	0.000000	0.000000
353	0.000000	0.000000	0.000000	0.087318	0.868243	0.044439	0.000000	0.000000	0.000000
354	0.000000	0.000000	0.000000	0.087083	0.868406	0.044511	0.000000	0.000000	0.000000
355	0.000000	0.000000	0.000000	0.087152	0.868184	0.044664	0.000000	0.000000	0.000000
356	0.000000	0.000000	0.000000	0.087374	0.868062	0.044564	0.000000	0.000000	0.000000
357	0.000000	0.000000	0.000000	0.087460	0.868061	0.044479	0.000000	0.000000	0.000000
358	0.000000	0.000000	0.000000	0.087477	0.867909	0.044614	0.000000	0.000000	0.000000
359	0.000000	0.000000	0.000000	0.087697	0.867852	0.044451	0.000000	0.000000	0.000000
360	0.000000	0.000000	0.000000	0.087725	0.867717	0.044558	0.000000	0.000000	0.000000
361	0.000000	0.000000	0.000000	0.087990	0.867409	0.044601	0.000000	0.000000	0.000000
362	0.000000	0.000000	0.000000	0.088027	0.867247	0.044726	0.000000	0.000000	0.000000
363	0.000000	0.000000	0.000000	0.087642	0.867593	0.044765	0.000000	0.000000	0.000000
364	0.000000	0.000000	0.000000	0.087776	0.867237	0.044987	0.000000	0.000000	0.000000
365	0.000000	0.000000	0.000000	0.087844	0.867061	0.045095	0.000000	0.000000	0.000000
366	0.000000	0.000000	0.000000	0.087691	0.867452	0.044857	0.000000	0.000000	0.000000
367	0.000000	0.000000	0.000000	0.087718	0.867481	0.044801	0.000000	0.000000	0.000000
368	0.000000	0.000000	0.000000	0.087666	0.867488	0.044846	0.000000	0.000000	0.000000
369	0.000000	0.000000	0.000000	0.087706	0.867465	0.044829	0.000000	0.000000	0.000000
370	0.000000	0.000000	0.000000	0.087533	0.867527	0.044940	0.000000	0.000000	0.000000
371	0.000000	0.000000	0.000000	0.087207	0.867791	0.045002	0.000000	0.000000	0.000000
372	0.000000	0.000000	0.000000	0.087023	0.868111	0.044866	0.000000	0.000000	0.000000
373	0.000000	0.000000	0.000000	0.087278	0.867752	0.044970	0.000000	0.000000	0.000000
374	0.000000	0.000000	0.000000	0.087208	0.867624	0.045168	0.000000	0.000000	0.000000
375	0.000000	0.000000	0.000000	0.087052	0.867443	0.045505	0.000000	0.000000	0.000000
376	0.000000	0.000000	0.000000	0.086898	0.867613	0.045489	0.000000	0.000000	0.000000
377	0.000000	0.000000	0.000000	0.087010	0.867552	0.045438	0.000000	0.000000	0.000000
378	0.000000	0.000000	0.000000	0.087193	0.867592	0.045215	0.000000	0.000000	0.000000
379	0.000000	0.000000	0.000000	0.087166	0.867722	0.045112	0.000000	0.000000	0.000000
380	0.000000	0.000000	0.000000	0.087091	0.867586	0.045323	0.000000	0.000000	0.000000
381	0.000000	0.000000	0.000000	0.087187	0.867626	0.045187	0.000000	0.000000	0.000000
382	0.000000	0.000000	0.000000	0.087255	0.867906	0.044839	0.000000	0.000000	0.000000
383	0.000000	0.000000	0.000000	0.087073	0.867918	0.045009	0.000000	0.000000	0.000000
384	0.000000	0.000000	0.000000	0.086699	0.868101	0.045200	0.000000	0.000000	0.000000
385	0.000000	0.000000	0.000000	0.087045	0.867996	0.044959	0.000000	0.000000	0.000000
386	0.000000	0.000000	0.000000	0.087066	0.867944	0.044990	0.000000	0.000000	0.000000
387	0.000000	0.000000	0.000000	0.086910	0.867804	0.045286	0.000000	0.000000	0.000000
388	0.000000	0.000000	0.000000	0.086618	0.868286	0.045096	0.000000	0.000000	0.000000
389	0.000000	0.000000	0.000000	0.086385	0.868809	0.044806	0.000000	0.000000	0.000000
390	0.000000	0.000000	0.000000	0.086394	0.868762	0.044844	0.000000	0.000000	0.000000
391	0.000000	0.000000	0.000000	0.085973	0.869533	0.044494	0.000000	0.000000	0.000000
392	0.000000	0.000000	0.000000	0.085899	0.869677	0.044424	0.000000	0.000000	0.000000
393	0.000000	0.000000	0.000000	0.085690	0.870136	0.044174	0.000000	0.000000	0.000000
394	0.000000	0.000000	0.000000	0.085985	0.869747	0.044268	0.000000	0.000000	0.000000
395	0.000000	0.000000	0.000000	0.085782	0.870102	0.044116	0.000000	0.000000	0.000000
396	0.000000	0.000000	0.000000	0.085837	0.869877	0.044286	0.000000	0.000000	0.000000
397	0.000000	0.000000	0.000000	0.085706	0.869923	0.044371	0.000000	0.000000	0.000000
398	0.000000	0.000000	0.000000	0.085777	0.869925	0.044298	0.000000	0.000000	0.000000
399	0.000000	0.000000	0.000000	0.085367	0.870372	0.044261	0.000000	0.000000	0.000000
400	0.000000	0.000000	0.000000	0.085420	0.870514	0.044066	0.000000	0.000000	0.000000
401	0.000000	0.000000	0.000000	0.085223	0.870471	0.044306	0.000000	0.000000	0.000000
402	0.000000	0.000000	0.000000	0.085331	0.870282	0.044387	0.000000	0.000000	0.000000
403	0.000000	0.000000	0.000000	0.085534	0.869972	0.044494	0.000000	0.000000	0.000000
404	0.000000	0.000000	0.000000	0.085435	0.869977	0.044588	0.000000	0.000000	0.000000
405	0.000000	0.000000	0.000000	0.085580	0.870149	0.044271	0.000000	0.000000	0.000000
406	0.000000	0.000000	0.000000	0.085489	0.870375	0.044136	0.000000	0.000000	0.000000
407	0.000000	0.000000	0.000000	0.085489	0.870433	0.044078	0.000000	0.000000	0.000000
408	0.000000	0.000000	0.000000	0.085538	0.870271	0.044191	0.000000	0.000000	0.000000
409	0.000000	0.000000	0.000000	0.085265	0.870756	0.043979	0.000000	0.000000	0.000000
410	0.000000	0.000000	0.000000	0.085546	0.870431	0.044023	0.000000	0.000000	0.000000
411	0.000000	0.000000	0.000000	0.085172	0.870774	0.044054	0.000000	0.000000	0.000000
412	0.000000	0.000000	0.000000	0.085061	0.871068	0.043871	0.000000	0.000000	0.000000
413	0.000000	0.000000	0.000000	0.085078	0.871135	0.043787	0.000000	0.000000	0.000000
414	0.000000	0.000000	0.000000	0.085152	0.871272	0.043576	0.000000	0.000000	0.000000
415	0.000000	0.000000	0.000000	0.085091	0.871417	0.043492	0.000000	0.000000	0.000000
416	0.000000	0.000000	0.000000	0.085143	0.871586	0.043271	0.000000	0.000000	0.000000
417	0.000000	0.000000	0.000000	0.085352	0.871077	0.043571	0.000000	0.000000	0.000000
418	0.000000	0.000000	0.000000	0.085924	0.870857	0.043219	0.000000	0.000000	0.000000
419	0.000000	0.000000	0.000000	0.085392	0.871220	0.043388	0.000000	0.000000	0.000000
420	0.000000	0.000000	0.000000	0.085541	0.871203	0.043256	0.000000	0.000000	0.000000
421	0.000000	0.000000	0.000000	0.085544	0.871299	0.043157	0.000000	0.000000	0.000000
422	0.000000	0.000000	0.000000	0.085428	0.871121	0.043451	0.000000	0.000000	0.000000
423	0.000000	0.000000	0.000000	0.085510	0.871160	0.043330	0.000000	0.000000	0.000000
424	0.000000	0.000000	0.000000	0.085335	0.871464	0.043201	0.000000	0.000000	0.000000
425	0.000000	0.000000	0.000000	0.085419	0.871234	0.043347	0.000000	0.000000	0.000000
426	0.000000	0.000000	0.000000	0.085348	0.871705	0.042947	0.000000	0.000000	0.000000
427	0.000000	0.000000	0.000000	0.085492	0.871568	0.042940	0.000000	0.000000	0.000000
428	0.000000	0.000000	0.000000	0.085440	0.871450	0.043110	0.000000	0.000000	0.000000
429	0.000000	0.000000	0.000000	0.085365	0.871738	0.042897	0.000000	0.000000	0.000000
430	0.000000	0.000000	0.000000	0.085447	0.871514	0.043039	0.000000	0.000000	0.000000
431	0.000000	0.000000	0.000000	0.085012	0.871777	0.043211	0.000000	0.000000	0.000000
432	0.000000	0.000000	0.000000	0.085033	0.871858	0.043109	0.000000	0.000000	0.000000
433	0.000000	0.000000	0.000000	0.085173	0.871489	0.043338	0.000000	0.000000	0.000000
434	0.000000	0.000000	0.000000	0.084842	0.871760	0.043398	0.000000	0.000000	0.000000
435	0.000000	0.000000	0.000000	0.085121	0.871402	0.043477	0.000000	0.000000	0.000000
436	0.000000	0.000000	0.000000	0.085216	0.871597	0.043187	0.000000	0.000000	0.000000
437	0.000000	0.000000	0.000000	0.085159	0.871818	0.043023	0.000000	0.000000	0.000000
438	0.000000	0.000000	0.000000	0.084842	0.871808	0.043350	0.000000	0.000000	0.000000
439	0.000000	0.000000	0.000000	0.085056	0.872004	0.042940	0.000000	0.000000	0.000000
440	0.000000	0.000000	0.000000	0.085317	0.871725	0.042958	0.000000	0.000000	0.000000
441	0.000000	0.000000	0.000000	0.085249	0.871908	0.042843	0.000000	0.000000	0.000000
442	0.000000	0.000000	0.000000	0.085217	0.871991	0.042792	0.000000	0.000000	0.000000
443	0.000000	0.000000	0.000000	0.085043	0.871939	0.043018	0.000000	0.000000	0.000000
444	0.000000	0.000000	0.000000	0.085095	0.871957	0.042948	0.000000	0.000000	0.000000
445	0.000000	0.000000	0.000000	0.084995	0.871772	0.043233	0.000000	0.000000	0.000000
446	0.000000	0.000000	0.000000	0.085036	0.871640	0.043324	0.000000	0.000000	0.000000
447	0.000000	0.000000	0.000000	0.084984	0.871849	0.043167	0.000000	0.000000	0.000000
448	0.000000	0.000000	0.000000	0.084938	0.871613	0.043449	0.000000	0.000000	0.000000
449	0.000000	0.000000	0.000000	0.084587	0.871831	0.043582	0.000000	0.000000	0.000000
450	0.000000	0.000000	0.000000	0.084683	0.872035	0.043282	0.000000	0.000000	0.000000
451	0.000000	0.000000	0.000000	0.085166	0.871572	0.043262	0.000000	0.000000	0.000000
452	0.000000	0.000000	0.000000	0.084908	0.871655	0.043437	0.000000	0.000000	0.000000
453	0.000000	0.000000	0.000000	0.084954	0.871513	0.043533	0.000000	0.000000	0.000000
454	0.000000	0.000000	0.000000	0.084927	0.871719	0.043354	0.000000	0.000000	0.000000
455	0.000000	0.000000	0.000000	0.084787	0.871992	0.043221	0.000000	0.000000	0.000000
456	0.000000	0.000000	0.000000	0.084667	0.871919	0.043414	0.000000	0.000000	0.000000
457	0.000000	0.000000	0.000000	0.084953	0.871708	0.043339	0.000000	0.000000	0.000000
458	0.000000	0.000000	0.000000	0.084505	0.872057	0.043438	0.000000	0.000000	0.000000
459	0.000000	0.000000	0.000000	0.084487	0.872451	0.043062	0.000000	0.000000	0.000000
460	0.000000	0.000000	0.000000	0.084821	0.872036	0.043143	0.000000	0.000000	0.000000
461	0.000000	0.000000	0.000000	0.084855	0.872115	0.043030	0.000000	0.000000	0.000000
462	0.000000	0.000000	0.000000	0.084554	0.872261	0.043185	0.000000	0.000000	0.000000
463	0.000000	0.000000	0.000000	0.084465	0.872267	0.043268	0.000000	0.000000	0.000000
464	0.000000	0.000000	0.000000	0.084626	0.872053	0.043321	0.000000	0.000000	0.000000
465	0.000000	0.000000	0.000000	0.084457	0.872590	0.042953	0.000000	0.000000	0.000000
466	0.000000	0.000000	0.000000	0.084590	0.872474	0.042936	0.000000	0.000000	0.000000
467	0.000000	0.000000	0.000000	0.084498	0.872250	0.043252	0.000000	0.000000	0.000000
468	0.000000	0.000000	0.000000	0.084406	0.872453	0.043141	0.000000	0.000000	0.000000
469	0.000000	0.000000	0.000000	0.084352	0.872649	0.042999	0.000000	0.000000	0.000000
470	0.000000	0.000000	0.000000	0.084558	0.872104	0.043338	0.000000	0.000000	0.000000
