0	0.290663	0.057897	0.229473	0.157588	0.029913	0.111872	0.085455	0.012259	0.024880
1	0.240453	0.049490	0.206093	0.129485	0.026974	0.112595	0.120233	0.023282	0.091395
2	0.247782	0.050288	0.210210	0.116024	0.025885	0.102296	0.121790	0.023469	0.102256
3	0.260957	0.051712	0.216665	0.104204	0.025016	0.091355	0.119748	0.022682	0.107661
4	0.275010	0.052996	0.222631	0.093358	0.024450	0.081624	0.116654	0.021666	0.111611
5	0.289608	0.054344	0.227044	0.084091	0.023983	0.072433	0.112592	0.020640	0.115265
6	0.304177	0.055787	0.231128	0.075257	0.023654	0.064105	0.108571	0.019586	0.117735
7	0.318327	0.056705	0.234431	0.067647	0.023733	0.056267	0.104047	0.018598	0.120245
8	0.332392	0.057878	0.236307	0.060680	0.023558	0.049631	0.099164	0.017723	0.122667
9	0.345668	0.058563	0.238227	0.054546	0.023545	0.043919	0.094439	0.016505	0.124588
10	0.358625	0.059072	0.239650	0.049246	0.023448	0.038691	0.089755	0.015635	0.125878
11	0.370846	0.060090	0.239820	0.044252	0.023441	0.034368	0.085166	0.014712	0.127305
12	0.383233	0.060932	0.240009	0.039943	0.023553	0.030124	0.080210	0.013846	0.128150
13	0.395050	0.061560	0.240094	0.035659	0.023636	0.026530	0.075420	0.013003	0.129048
14	0.405433	0.061882	0.240202	0.032385	0.023379	0.023456	0.071331	0.012397	0.129535
15	0.415862	0.062313	0.239422	0.028921	0.023794	0.020721	0.067514	0.011452	0.130001
16	0.425672	0.063311	0.238595	0.025903	0.024017	0.018233	0.063187	0.010666	0.130416
17	0.435137	0.063350	0.238059	0.023227	0.024133	0.016318	0.059522	0.009911	0.130343
18	0.443316	0.063885	0.237382	0.020807	0.024442	0.014511	0.055730	0.009434	0.130493
19	0.451451	0.064235	0.235955	0.018845	0.024826	0.012927	0.052540	0.008858	0.130363
20	0.459758	0.064255	0.234664	0.017046	0.025059	0.011353	0.049299	0.008162	0.130404
21	0.467597	0.064358	0.232812	0.015482	0.025237	0.010115	0.046120	0.007556	0.130723
22	0.475404	0.065147	0.230194	0.013975	0.025611	0.009073	0.043004	0.007095	0.130497
23	0.482303	0.065468	0.228823	0.012665	0.025701	0.008042	0.040368	0.006712	0.129918
24	0.489790	0.065561	0.226321	0.011503	0.026190	0.007215	0.037844	0.006240	0.129336
25	0.497225	0.065510	0.223761	0.010391	0.026335	0.006497	0.035426	0.005755	0.129100
26	0.503021	0.065754	0.222244	0.009509	0.026912	0.005820	0.033191	0.005278	0.128271
27	0.509628	0.065964	0.219473	0.008649	0.027233	0.005241	0.031377	0.004923	0.127512
28	0.515098	0.065731	0.217526	0.007975	0.027544	0.004735	0.029500	0.004658	0.127233
29	0.521250	0.065740	0.215330	0.007290	0.027687	0.004347	0.027645	0.004409	0.126302
30	0.526663	0.065958	0.212690	0.006560	0.028075	0.003891	0.026199	0.004103	0.125861
31	0.531534	0.066158	0.211000	0.006065	0.028446	0.003466	0.024557	0.003726	0.125048
32	0.536732	0.066178	0.208708	0.005611	0.028867	0.003203	0.022861	0.003480	0.124360
33	0.542038	0.066066	0.206215	0.005177	0.029352	0.002837	0.021652	0.003273	0.123390
34	0.546822	0.066550	0.203352	0.004933	0.029617	0.002632	0.020387	0.003050	0.122657
35	0.550633	0.066514	0.201671	0.004518	0.030125	0.002431	0.019138	0.002874	0.122096
36	0.555077	0.066271	0.200299	0.004258	0.030312	0.002279	0.017997	0.002617	0.120890
37	0.558963	0.066573	0.198468	0.004022	0.030583	0.002101	0.016586	0.002470	0.120234
38	0.563179	0.066832	0.196237	0.003764	0.031152	0.001886	0.015694	0.002353	0.118903
39	0.567566	0.066775	0.193846	0.003450	0.031752	0.001745	0.014727	0.002145	0.117994
40	0.571407	0.066954	0.192383	0.003270	0.032094	0.001666	0.013782	0.001975	0.116469
41	0.575075	0.066823	0.190496	0.003039	0.032672	0.001527	0.012807	0.001872	0.115689
42	0.578437	0.066850	0.187728	0.002866	0.033433	0.001456	0.012116	0.001771	0.115343
43	0.581827	0.066302	0.186324	0.002668	0.033821	0.001378	0.011220	0.001701	0.114759
44	0.584986	0.066183	0.184311	0.002543	0.034316	0.001259	0.010602	0.001608	0.114192
45	0.588801	0.066054	0.182009	0.002417	0.034834	0.001172	0.009850	0.001516	0.113347
46	0.591896	0.065916	0.180130	0.002295	0.035371	0.001110	0.009229	0.001482	0.112571
47	0.595082	0.065632	0.178230	0.002152	0.035977	0.001036	0.008668	0.001424	0.111799
48	0.598854	0.065540	0.176142	0.002070	0.036423	0.000892	0.008044	0.001352	0.110683
49	0.602603	0.065224	0.173904	0.001913	0.037089	0.000861	0.007689	0.001264	0.109453
50	0.606430	0.064842	0.172027	0.001915	0.037576	0.000802	0.007079	0.001184	0.108145
51	0.610274	0.064575	0.169743	0.001878	0.038142	0.000792	0.006605	0.001113	0.106878
52	0.613816	0.063907	0.168054	0.001775	0.038884	0.000737	0.006194	0.000968	0.105665
53	0.616572	0.064192	0.166240	0.001714	0.039396	0.000713	0.005782	0.000927	0.104464
54	0.619310	0.063667	0.165057	0.001649	0.039950	0.000611	0.005363	0.000828	0.103565
55	0.622318	0.063885	0.163317	0.001589	0.040489	0.000614	0.005070	0.000786	0.101932
56	0.625371	0.063504	0.161830	0.001553	0.041068	0.000566	0.004762	0.000766	0.100580
57	0.627837	0.063460	0.160078	0.001525	0.041481	0.000532	0.004572	0.000742	0.099773
58	0.630787	0.063035	0.158739	0.001459	0.041935	0.000490	0.004214	0.000737	0.098604
59	0.633417	0.062855	0.157486	0.001403	0.042758	0.000444	0.004000	0.000628	0.097009
60	0.636213	0.062493	0.156174	0.001385	0.043353	0.000431	0.003672	0.000618	0.095661
61	0.638810	0.062246	0.154928	0.001353	0.044024	0.000441	0.003399	0.000543	0.094256
62	0.640883	0.062179	0.153525	0.001351	0.044749	0.000399	0.003166	0.000539	0.093209
63	0.643083	0.062122	0.152206	0.001268	0.045444	0.000398	0.003017	0.000493	0.091969
64	0.645876	0.062040	0.150605	0.001254	0.046035	0.000378	0.002839	0.000475	0.090498
65	0.648894	0.061469	0.149330	0.001232	0.046515	0.000363	0.002691	0.000461	0.089045
66	0.650776	0.061414	0.148498	0.001140	0.047098	0.000386	0.002483	0.000436	0.087769
67	0.653529	0.061348	0.146845	0.001092	0.047963	0.000370	0.002345	0.000406	0.086102
68	0.656129	0.060921	0.145902	0.001083	0.048369	0.000350	0.002199	0.000382	0.084665
69	0.658124	0.060777	0.144677	0.001034	0.048992	0.000335	0.002098	0.000344	0.083619
70	0.660991	0.060574	0.143306	0.000985	0.049690	0.000313	0.001972	0.000305	0.081864
71	0.663346	0.060232	0.142088	0.000956	0.050249	0.000306	0.001811	0.000320	0.080692
72	0.665321	0.060223	0.140655	0.000907	0.050897	0.000302	0.001694	0.000309	0.079692
73	0.667265	0.060049	0.139652	0.000883	0.051486	0.000293	0.001606	0.000277	0.078489
74	0.668889	0.059992	0.139153	0.000871	0.052095	0.000320	0.001492	0.000265	0.076923
75	0.671052	0.060001	0.137744	0.000855	0.052654	0.000283	0.001435	0.000268	0.075708
76	0.673044	0.059880	0.136595	0.000796	0.053251	0.000284	0.001343	0.000258	0.074549
77	0.674876	0.059752	0.135425	0.000758	0.054113	0.000285	0.001275	0.000258	0.073258
78	0.676420	0.059422	0.135039	0.000753	0.054598	0.000281	0.001184	0.000245	0.072058
79	0.678433	0.059098	0.134391	0.000700	0.055193	0.000272	0.001124	0.000230	0.070559
80	0.680827	0.058778	0.132902	0.000691	0.056079	0.000256	0.001040	0.000187	0.069240
81	0.682685	0.058779	0.131589	0.000671	0.056834	0.000250	0.000964	0.000190	0.068038
82	0.684622	0.058702	0.130477	0.000615	0.057498	0.000244	0.000886	0.000185	0.066771
83	0.686028	0.058377	0.129931	0.000647	0.058400	0.000231	0.000876	0.000175	0.065335
84	0.688277	0.058113	0.128928	0.000622	0.058729	0.000225	0.000848	0.000144	0.064114
85	0.689849	0.057787	0.128452	0.000602	0.059419	0.000224	0.000763	0.000148	0.062756
86	0.691079	0.057995	0.127841	0.000575	0.059974	0.000207	0.000750	0.000131	0.061448
87	0.693509	0.057639	0.126470	0.000542	0.060495	0.000225	0.000727	0.000122	0.060271
88	0.695465	0.057395	0.125571	0.000510	0.061106	0.000205	0.000654	0.000099	0.058995
89	0.697461	0.057079	0.124295	0.000461	0.061996	0.000205	0.000639	0.000097	0.057767
90	0.699187	0.056767	0.123684	0.000452	0.062643	0.000191	0.000584	0.000094	0.056398
91	0.701444	0.056310	0.122507	0.000426	0.063362	0.000174	0.000555	0.000105	0.055117
92	0.703046	0.056047	0.121659	0.000450	0.064027	0.000170	0.000509	0.000081	0.054011
93	0.704232	0.055961	0.121203	0.000442	0.064735	0.000147	0.000493	0.000066	0.052721
94	0.706059	0.055631	0.120142	0.000433	0.065582	0.000139	0.000429	0.000067	0.051518
95	0.707690	0.055420	0.119160	0.000426	0.066382	0.000141	0.000414	0.000052	0.050315
96	0.708824	0.055153	0.118315	0.000438	0.067197	0.000153	0.000402	0.000069	0.049449
97	0.710373	0.054986	0.117619	0.000400	0.067923	0.000163	0.000341	0.000057	0.048138
98	0.711747	0.054487	0.117124	0.000401	0.068600	0.000147	0.000355	0.000049	0.047090
99	0.713210	0.054398	0.116616	0.000391	0.069097	0.000147	0.000292	0.000041	0.045808
100	0.714627	0.053885	0.115829	0.000383	0.069724	0.000145	0.000282	0.000045	0.045080
101	0.715315	0.054021	0.115662	0.000355	0.070412	0.000120	0.000241	0.000044	0.043830
102	0.716584	0.053732	0.115069	0.000342	0.071321	0.000129	0.000212	0.000045	0.042566
103	0.717812	0.053487	0.114745	0.000323	0.071744	0.000135	0.000205	0.000037	0.041512
104	0.718958	0.053248	0.114050	0.000317	0.072466	0.000131	0.000190	0.000027	0.040613
105	0.719772	0.052739	0.113924	0.000326	0.073153	0.000148	0.000161	0.000023	0.039754
106	0.720375	0.052823	0.113464	0.000285	0.073855	0.000144	0.000165	0.000022	0.038867
107	0.721759	0.052387	0.112807	0.000279	0.074619	0.000143	0.000164	0.000026	0.037816
108	0.722908	0.051772	0.112564	0.000244	0.075188	0.000148	0.000144	0.000028	0.037004
109	0.723766	0.051329	0.112537	0.000232	0.075813	0.000141	0.000140	0.000014	0.036028
110	0.725085	0.051169	0.111491	0.000220	0.076469	0.000156	0.000123	0.000017	0.035270
111	0.725925	0.050736	0.111351	0.000210	0.077050	0.000135	0.000099	0.000014	0.034480
112	0.726887	0.050551	0.111042	0.000210	0.077719	0.000127	0.000109	0.000010	0.033345
113	0.727975	0.050141	0.110493	0.000219	0.078439	0.000138	0.000095	0.000006	0.032494
114	0.728166	0.049816	0.110432	0.000212	0.079273	0.000129	0.000087	0.000012	0.031873
115	0.729219	0.049389	0.110162	0.000206	0.079755	0.000138	0.000085	0.000011	0.031035
116	0.730222	0.049286	0.109543	0.000197	0.080446	0.000130	0.000073	0.000009	0.030094
117	0.731366	0.048576	0.109152	0.000200	0.081187	0.000132	0.000062	0.000007	0.029318
118	0.731849	0.048359	0.108994	0.000178	0.081995	0.000125	0.000052	0.000007	0.028441
119	0.732755	0.048340	0.108317	0.000171	0.082670	0.000126	0.000046	0.000007	0.027568
120	0.733384	0.048077	0.107966	0.000182	0.083347	0.000109	0.000042	0.000006	0.026887
121	0.734114	0.047610	0.107610	0.000169	0.084087	0.000100	0.000038	0.000008	0.026264
122	0.734783	0.047600	0.106971	0.000168	0.084660	0.000096	0.000038	0.000008	0.025676
123	0.735744	0.047295	0.106547	0.000159	0.085153	0.000095	0.000041	0.000006	0.024960
124	0.736822	0.046765	0.106331	0.000149	0.085550	0.000095	0.000038	0.000008	0.024242
125	0.737562	0.046600	0.105686	0.000155	0.086223	0.000084	0.000032	0.000005	0.023653
126	0.738369	0.046135	0.105252	0.000135	0.087017	0.000078	0.000033	0.000006	0.022975
127	0.738742	0.046092	0.104560	0.000126	0.087856	0.000078	0.000024	0.000012	0.022510
128	0.739310	0.045735	0.103933	0.000110	0.088578	0.000074	0.000022	0.000017	0.022221
129	0.739718	0.045516	0.103662	0.000091	0.089444	0.000067	0.000032	0.000015	0.021455
130	0.739998	0.045289	0.103615	0.000087	0.089924	0.000052	0.000036	0.000014	0.020985
131	0.740750	0.044848	0.103304	0.000075	0.090718	0.000062	0.000031	0.000011	0.020201
132	0.741506	0.044462	0.102912	0.000078	0.091243	0.000067	0.000031	0.000008	0.019693
133	0.741685	0.044284	0.102858	0.000082	0.091923	0.000081	0.000026	0.000008	0.019053
134	0.742291	0.043834	0.102522	0.000079	0.092426	0.000084	0.000023	0.000009	0.018732
135	0.742846	0.043672	0.101987	0.000069	0.093039	0.000080	0.000027	0.000008	0.018272
136	0.743200	0.043568	0.101282	0.000067	0.093835	0.000075	0.000021	0.000015	0.017937
137	0.743355	0.043262	0.101047	0.000061	0.094708	0.000064	0.000023	0.000014	0.017466
138	0.743837	0.042929	0.100649	0.000054	0.095423	0.000062	0.000017	0.000014	0.017015
139	0.744419	0.042706	0.100002	0.000053	0.095993	0.000053	0.000015	0.000006	0.016753
140	0.745133	0.042130	0.099924	0.000045	0.096479	0.000055	0.000009	0.000012	0.016213
141	0.745161	0.041937	0.099945	0.000048	0.097206	0.000050	0.000012	0.000011	0.015630
142	0.745649	0.041618	0.099934	0.000045	0.097422	0.000039	0.000010	0.000004	0.015279
143	0.745798	0.041597	0.099523	0.000041	0.098110	0.000035	0.000010	0.000006	0.014880
144	0.746372	0.041146	0.099123	0.000039	0.098821	0.000046	0.000015	0.000007	0.014431
145	0.746252	0.040905	0.099173	0.000035	0.099523	0.000042	0.000010	0.000006	0.014054
146	0.746618	0.040583	0.099117	0.000039	0.099905	0.000047	0.000011	0.000004	0.013676
147	0.746313	0.040650	0.098851	0.000036	0.100690	0.000051	0.000012	0.000007	0.013390
148	0.746072	0.040462	0.098810	0.000029	0.101562	0.000056	0.000014	0.000007	0.012988
149	0.746413	0.040175	0.098413	0.000027	0.102184	0.000054	0.000008	0.000008	0.012718
150	0.747238	0.039784	0.097730	0.000027	0.102777	0.000053	0.000008	0.000008	0.012375
151	0.748271	0.039401	0.097156	0.000029	0.103230	0.000047	0.000008	0.000007	0.011851
152	0.748275	0.039018	0.097031	0.000028	0.103886	0.000048	0.000008	0.000007	0.011699
153	0.748361	0.038793	0.097064	0.000027	0.104412	0.000045	0.000007	0.000011	0.011280
154	0.748332	0.038367	0.097179	0.000023	0.105142	0.000045	0.000005	0.000007	0.010900
155	0.748613	0.037960	0.097101	0.000019	0.105638	0.000045	0.000008	0.000007	0.010609
156	0.748742	0.037673	0.096928	0.000029	0.106161	0.000049	0.000003	0.000012	0.010403
157	0.748694	0.037450	0.096729	0.000035	0.106790	0.000044	0.000007	0.000010	0.010241
158	0.748775	0.037185	0.096706	0.000032	0.107262	0.000049	0.000006	0.000007	0.009978
159	0.749112	0.036780	0.096348	0.000028	0.107920	0.000050	0.000006	0.000006	0.009750
160	0.748686	0.036704	0.096565	0.000026	0.108393	0.000055	0.000005	0.000004	0.009562
161	0.748498	0.036453	0.096319	0.000030	0.109205	0.000052	0.000003	0.000004	0.009436
162	0.748375	0.036342	0.096025	0.000032	0.109975	0.000061	0.000002	0.000005	0.009183
163	0.748182	0.036307	0.095949	0.000031	0.110492	0.000051	0.000003	0.000004	0.008981
164	0.747902	0.036413	0.096000	0.000027	0.110796	0.000029	0.000002	0.000009	0.008822
165	0.747664	0.035889	0.096435	0.000025	0.111372	0.000032	0.000003	0.000007	0.008573
166	0.747938	0.035636	0.096041	0.000022	0.111897	0.000035	0.000005	0.000003	0.008423
167	0.747786	0.035742	0.096019	0.000024	0.112216	0.000023	0.000006	0.000004	0.008180
168	0.747637	0.035661	0.095806	0.000020	0.112815	0.000035	0.000008	0.000004	0.008014
169	0.747487	0.035391	0.095739	0.000017	0.113475	0.000034	0.000004	0.000002	0.007851
170	0.747574	0.035004	0.095503	0.000014	0.114314	0.000021	0.000009	0.000005	0.007556
171	0.747246	0.034789	0.095570	0.000017	0.114976	0.000025	0.000003	0.000005	0.007369
172	0.746937	0.034599	0.095491	0.000012	0.115762	0.000022	0.000005	0.000006	0.007166
173	0.746653	0.034359	0.095739	0.000010	0.116189	0.000022	0.000003	0.000006	0.007019
174	0.746374	0.034273	0.095521	0.000010	0.116866	0.000020	0.000001	0.000003	0.006932
175	0.745833	0.034454	0.095440	0.000015	0.117427	0.000023	0.000002	0.000002	0.006804
176	0.745429	0.034395	0.095252	0.000012	0.118197	0.000031	0.000001	0.000003	0.006680
177	0.744899	0.033987	0.095284	0.000012	0.119179	0.000026	0.000001	0.000005	0.006607
178	0.744717	0.033600	0.095287	0.000006	0.119814	0.000019	0.000000	0.000003	0.006554
179	0.744606	0.033413	0.095007	0.000006	0.120422	0.000010	0.000001	0.000001	0.006534
180	0.744572	0.033202	0.094363	0.000006	0.121423	0.000013	0.000001	0.000000	0.006420
181	0.744219	0.033154	0.094435	0.000006	0.122012	0.000011	0.000003	0.000000	0.006160
182	0.743949	0.032894	0.094293	0.000005	0.122856	0.000012	0.000002	0.000000	0.005989
183	0.743509	0.032831	0.094247	0.000009	0.123481	0.000018	0.000004	0.000000	0.005901
184	0.742926	0.032546	0.094628	0.000004	0.124030	0.000014	0.000005	0.000000	0.005847
185	0.742744	0.032278	0.094546	0.000007	0.124771	0.000017	0.000003	0.000000	0.005634
186	0.742612	0.031830	0.094672	0.000006	0.125287	0.000013	0.000004	0.000000	0.005576
187	0.742456	0.031720	0.094101	0.000012	0.126205	0.000021	0.000001	0.000000	0.005484
188	0.742499	0.031556	0.093794	0.000010	0.126684	0.000015	0.000002	0.000000	0.005440
189	0.742655	0.031142	0.093779	0.000007	0.127164	0.000019	0.000005	0.000000	0.005229
190	0.742244	0.030972	0.093912	0.000008	0.127749	0.000013	0.000004	0.000000	0.005098
191	0.741999	0.030860	0.093787	0.000007	0.128369	0.000008	0.000002	0.000000	0.004968
192	0.741231	0.030735	0.093971	0.000006	0.129082	0.000011	0.000003	0.000000	0.004961
193	0.741098	0.030677	0.093557	0.000007	0.129774	0.000009	0.000003	0.000000	0.004875
194	0.741260	0.030318	0.093184	0.000008	0.130348	0.000013	0.000005	0.000000	0.004864
195	0.740848	0.030278	0.093155	0.000008	0.130881	0.000017	0.000005	0.000000	0.004808
196	0.739935	0.030220	0.092941	0.000007	0.131981	0.000016	0.000009	0.000000	0.004891
197	0.740610	0.029787	0.092575	0.000004	0.132270	0.000016	0.000012	0.000000	0.004726
198	0.740029	0.029644	0.092427	0.000005	0.133163	0.000018	0.000009	0.000000	0.004705
199	0.739449	0.029765	0.092311	0.000002	0.133866	0.000017	0.000006	0.000000	0.004584
200	0.738929	0.029519	0.092513	0.000002	0.134529	0.000014	0.000008	0.000000	0.004486
201	0.738781	0.029310	0.092452	0.000002	0.135029	0.000015	0.000004	0.000000	0.004407
202	0.738494	0.029307	0.092133	0.000002	0.135733	0.000014	0.000008	0.000000	0.004309
203	0.737951	0.029098	0.092255	0.000002	0.136389	0.000017	0.000006	0.000000	0.004282
204	0.738067	0.028754	0.092103	0.000005	0.136814	0.000018	0.000010	0.000000	0.004229
205	0.737623	0.028661	0.091889	0.000003	0.137595	0.000019	0.000006	0.000000	0.004204
206	0.737554	0.028620	0.091474	0.000004	0.138234	0.000022	0.000006	0.000000	0.004086
207	0.736382	0.028437	0.092031	0.000002	0.139114	0.000022	0.000011	0.000000	0.004001
208	0.735462	0.028373	0.092245	0.000002	0.140020	0.000014	0.000010	0.000000	0.003874
209	0.735285	0.028191	0.092431	0.000005	0.140245	0.000016	0.000009	0.000000	0.003818
210	0.734630	0.028166	0.092499	0.000001	0.141000	0.000011	0.000007	0.000000	0.003686
211	0.734676	0.027981	0.091960	0.000000	0.141721	0.000009	0.000005	0.000000	0.003648
212	0.734343	0.027977	0.091833	0.000000	0.142234	0.000009	0.000006	0.000000	0.003598
213	0.733857	0.027700	0.092015	0.000000	0.142891	0.000005	0.000005	0.000000	0.003527
214	0.734042	0.027376	0.091733	0.000000	0.143367	0.000011	0.000006	0.000000	0.003465
215	0.733730	0.027136	0.091816	0.000000	0.143886	0.000009	0.000007	0.000000	0.003416
216	0.733524	0.026804	0.091749	0.000000	0.144590	0.000010	0.000003	0.000000	0.003320
217	0.733101	0.026737	0.091579	0.000000	0.145400	0.000006	0.000007	0.000000	0.003170
218	0.732680	0.026566	0.091453	0.000000	0.146133	0.000007	0.000010	0.000000	0.003151
219	0.732345	0.026490	0.091510	0.000000	0.146509	0.000006	0.000007	0.000000	0.003133
220	0.731820	0.026393	0.091262	0.000000	0.147388	0.000010	0.000006	0.000000	0.003121
221	0.731677	0.026143	0.090991	0.000000	0.148124	0.000007	0.000007	0.000000	0.003051
222	0.731012	0.026230	0.091291	0.000000	0.148481	0.000006	0.000013	0.000000	0.002967
223	0.730058	0.026209	0.091468	0.000000	0.149369	0.000012	0.000014	0.000000	0.002870
224	0.729783	0.026041	0.091220	0.000000	0.150116	0.000010	0.000012	0.000000	0.002818
225	0.729649	0.025793	0.091111	0.000000	0.150700	0.000007	0.000010	0.000000	0.002730
226	0.729562	0.025825	0.090891	0.000000	0.150969	0.000008	0.000006	0.000000	0.002739
227	0.729112	0.025313	0.091043	0.000000	0.151775	0.000003	0.000010	0.000000	0.002744
228	0.728959	0.025253	0.091037	0.000000	0.152061	0.000002	0.000009	0.000000	0.002679
229	0.728577	0.025177	0.091036	0.000000	0.152599	0.000003	0.000005	0.000000	0.002603
230	0.728493	0.025014	0.090859	0.000000	0.153078	0.000001	0.000008	0.000000	0.002547
231	0.727620	0.025023	0.090865	0.000000	0.154014	0.000002	0.000015	0.000000	0.002461
232	0.727201	0.024807	0.090816	0.000000	0.154700	0.000000	0.000017	0.000000	0.002459
233	0.727025	0.024644	0.090894	0.000000	0.155079	0.000002	0.000023	0.000000	0.002333
234	0.726550	0.024246	0.090867	0.000000	0.155961	0.000001	0.000018	0.000000	0.002357
235	0.726341	0.024162	0.090823	0.000000	0.156390	0.000004	0.000017	0.000000	0.002263
236	0.725781	0.024066	0.090595	0.000000	0.157221	0.000002	0.000022	0.000000	0.002313
237	0.725517	0.024063	0.090536	0.000000	0.157569	0.000004	0.000013	0.000000	0.002298
238	0.725518	0.024208	0.090044	0.000000	0.157888	0.000004	0.000014	0.000000	0.002324
239	0.725271	0.024087	0.090003	0.000000	0.158376	0.000005	0.000015	0.000000	0.002243
240	0.724987	0.023976	0.089902	0.000000	0.158906	0.000003	0.000013	0.000000	0.002213
241	0.724466	0.023753	0.090009	0.000000	0.159578	0.000002	0.000011	0.000000	0.002181
242	0.723544	0.023683	0.090209	0.000000	0.160378	0.000004	0.000010	0.000000	0.002172
243	0.723325	0.023590	0.089916	0.000000	0.161012	0.000007	0.000009	0.000000	0.002141
244	0.722826	0.023380	0.090031	0.000000	0.161606	0.000007	0.000008	0.000000	0.002142
245	0.721864	0.023475	0.090273	0.000000	0.162298	0.000007	0.000010	0.000000	0.002073
246	0.721496	0.023326	0.090015	0.000000	0.163035	0.000008	0.000012	0.000000	0.002108
247	0.721003	0.023221	0.089955	0.000000	0.163731	0.000009	0.000008	0.000000	0.002073
248	0.720340	0.023281	0.089460	0.000000	0.164822	0.000007	0.000010	0.000000	0.002080
249	0.719729	0.023033	0.089753	0.000000	0.165502	0.000007	0.000007	0.000000	0.001969
250	0.719485	0.022857	0.089500	0.000000	0.166211	0.000008	0.000006	0.000000	0.001933
251	0.719555	0.022573	0.089149	0.000000	0.166755	0.000016	0.000013	0.000000	0.001939
252	0.719416	0.022309	0.089011	0.000000	0.167359	0.000010	0.000013	0.000000	0.001882
253	0.718929	0.022276	0.089154	0.000000	0.167776	0.000013	0.000012	0.000000	0.001840
254	0.718747	0.022156	0.089004	0.000000	0.168271	0.000012	0.000011	0.000000	0.001799
255	0.718152	0.022177	0.089204	0.000000	0.168663	0.000012	0.000011	0.000000	0.001781
256	0.717376	0.022031	0.089336	0.000000	0.169472	0.000010	0.000015	0.000000	0.001760
257	0.717423	0.021724	0.089023	0.000000	0.170104	0.000009	0.000017	0.000000	0.001700
258	0.716714	0.021730	0.089431	0.000000	0.170465	0.000011	0.000012	0.000000	0.001637
259	0.716381	0.021618	0.089068	0.000000	0.171250	0.000008	0.000011	0.000000	0.001664
260	0.715987	0.021527	0.088760	0.000000	0.172027	0.000008	0.000015	0.000000	0.001676
261	0.715890	0.021364	0.088609	0.000000	0.172485	0.000011	0.000012	0.000000	0.001629
262	0.715342	0.021143	0.088943	0.000000	0.172919	0.000009	0.000008	0.000000	0.001636
263	0.715135	0.021022	0.088580	0.000000	0.173565	0.000005	0.000012	0.000000	0.001681
264	0.714457	0.021042	0.088559	0.000000	0.174290	0.000006	0.000008	0.000000	0.001638
265	0.713487	0.020819	0.088848	0.000000	0.175200	0.000005	0.000014	0.000000	0.001627
266	0.713204	0.020788	0.088359	0.000000	0.176026	0.000004	0.000015	0.000000	0.001604
267	0.712883	0.020738	0.088400	0.000000	0.176394	0.000005	0.000021	0.000000	0.001559
268	0.712327	0.020595	0.088526	0.000000	0.176984	0.000005	0.000020	0.000000	0.001543
269	0.711658	0.020557	0.088661	0.000000	0.177578	0.000002	0.000018	0.000000	0.001526
270	0.710674	0.020322	0.088832	0.000000	0.178708	0.000005	0.000010	0.000000	0.001449
271	0.710686	0.020199	0.088688	0.000000	0.178993	0.000003	0.000013	0.000000	0.001418
272	0.709587	0.020134	0.088983	0.000000	0.179923	0.000002	0.000011	0.000000	0.001360
273	0.708794	0.020139	0.088879	0.000000	0.180775	0.000003	0.000015	0.000000	0.001395
274	0.708381	0.019993	0.088697	0.000000	0.181498	0.000002	0.000016	0.000000	0.001413
275	0.708154	0.019708	0.088790	0.000000	0.181888	0.000002	0.000016	0.000000	0.001442
276	0.707654	0.019597	0.088822	0.000000	0.182466	0.000003	0.000019	0.000000	0.001439
277	0.707525	0.019464	0.088466	0.000000	0.183105	0.000002	0.000016	0.000000	0.001422
278	0.706907	0.019226	0.088666	0.000000	0.183785	0.000002	0.000014	0.000000	0.001400
279	0.706518	0.019252	0.088595	0.000000	0.184227	0.000004	0.000014	0.000000	0.001390
280	0.706071	0.019174	0.088690	0.000000	0.184674	0.000004	0.000017	0.000000	0.001370
281	0.705583	0.019171	0.088411	0.000000	0.185473	0.000003	0.000019	0.000000	0.001340
282	0.704929	0.019075	0.088677	0.000000	0.185999	0.000002	0.000020	0.000000	0.001298
283	0.704274	0.018963	0.088714	0.000000	0.186717	0.000003	0.000013	0.000000	0.001316
284	0.703530	0.019171	0.088352	0.000000	0.187575	0.000002	0.000015	0.000000	0.001355
285	0.702917	0.018766	0.088731	0.000000	0.188239	0.000002	0.000011	0.000000	0.001334
286	0.702481	0.018924	0.088426	0.000000	0.188842	0.000001	0.000011	0.000000	0.001315
287	0.702342	0.018786	0.088179	0.000000	0.189382	0.000002	0.000017	0.000000	0.001292
288	0.701904	0.018760	0.088285	0.000000	0.189738	0.000002	0.000013	0.000000	0.001298
289	0.701738	0.018525	0.088251	0.000000	0.190190	0.000002	0.000012	0.000000	0.001282
290	0.701387	0.018428	0.087980	0.000000	0.190940	0.000002	0.000014	0.000000	0.001249
291	0.701279	0.018316	0.087794	0.000000	0.191326	0.000002	0.000012	0.000000	0.001271
292	0.700541	0.018186	0.087735	0.000000	0.192307	0.000002	0.000013	0.000000	0.001216
293	0.699713	0.018156	0.088023	0.000000	0.192894	0.000003	0.000014	0.000000	0.001197
294	0.699508	0.017959	0.087702	0.000000	0.193585	0.000002	0.000014	0.000000	0.001230
295	0.698754	0.018071	0.087594	0.000000	0.194377	0.000000	0.000019	0.000000	0.001185
296	0.698637	0.017809	0.087468	0.000000	0.194919	0.000000	0.000017	0.000000	0.001150
297	0.698250	0.017786	0.087274	0.000000	0.195480	0.000000	0.000012	0.000000	0.001198
298	0.697936	0.017734	0.087300	0.000000	0.195839	0.000000	0.000014	0.000000	0.001177
299	0.697695	0.017627	0.086639	0.000000	0.196854	0.000000	0.000013	0.000000	0.001172
300	0.696900	0.017535	0.086869	0.000000	0.197509	0.000000	0.000012	0.000000	0.001175
301	0.695815	0.017705	0.087079	0.000000	0.198205	0.000000	0.000015	0.000000	0.001181
302	0.695500	0.017421	0.087132	0.000000	0.198787	0.000000	0.000018	0.000000	0.001142
303	0.694876	0.017269	0.087294	0.000000	0.199440	0.000000	0.000026	0.000000	0.001095
304	0.694470	0.017231	0.087229	0.000000	0.199962	0.000000	0.000021	0.000000	0.001087
305	0.693432	0.017158	0.087445	0.000000	0.200820	0.000000	0.000024	0.000000	0.001121
306	0.693425	0.016987	0.087073	0.000000	0.201402	0.000000	0.000018	0.000000	0.001095
307	0.692390	0.016908	0.087152	0.000000	0.202489	0.000000	0.000022	0.000000	0.001039
308	0.691967	0.016998	0.086971	0.000000	0.203018	0.000000	0.000016	0.000000	0.001030
309	0.691360	0.016973	0.086665	0.000000	0.203909	0.000000	0.000021	0.000000	0.001072
310	0.691180	0.016987	0.086658	0.000000	0.204099	0.000000	0.000020	0.000000	0.001056
311	0.691250	0.016690	0.086483	0.000000	0.204515	0.000000	0.000024	0.000000	0.001038
312	0.690688	0.016750	0.085995	0.000000	0.205542	0.000000	0.000023	0.000000	0.001002
313	0.690773	0.016749	0.085826	0.000000	0.205639	0.000000	0.000018	0.000000	0.000995
314	0.690480	0.016483	0.085782	0.000000	0.206259	0.000000	0.000014	0.000000	0.000982
315	0.689620	0.016467	0.086109	0.000000	0.206814	0.000000	0.000019	0.000000	0.000971
316	0.688962	0.016357	0.086037	0.000000	0.207692	0.000000	0.000019	0.000000	0.000933
317	0.688513	0.016244	0.086043	0.000000	0.208267	0.000000	0.000017	0.000000	0.000916
318	0.687931	0.016267	0.085882	0.000000	0.209016	0.000000	0.000022	0.000000	0.000882
319	0.687225	0.016283	0.085986	0.000000	0.209632	0.000000	0.000019	0.000000	0.000855
320	0.687341	0.016076	0.085644	0.000000	0.210062	0.000000	0.000021	0.000000	0.000856
321	0.686770	0.015970	0.085651	0.000000	0.210767	0.000000	0.000024	0.000000	0.000818
322	0.686051	0.015938	0.085821	0.000000	0.211368	0.000000	0.000022	0.000000	0.000800
323	0.685582	0.016051	0.085693	0.000000	0.211855	0.000000	0.000024	0.000000	0.000795
324	0.684785	0.015956	0.085889	0.000000	0.212566	0.000000	0.000020	0.000000	0.000784
325	0.684708	0.015867	0.085545	0.000000	0.213074	0.000000	0.000018	0.000000	0.000788
326	0.684334	0.015851	0.085004	0.000000	0.213988	0.000000	0.000019	0.000000	0.000804
327	0.684097	0.015663	0.084878	0.000000	0.214543	0.000000	0.000016	0.000000	0.000803
328	0.683690	0.015406	0.084763	0.000000	0.215339	0.000000	0.000011	0.000000	0.000791
329	0.683710	0.015216	0.084439	0.000000	0.215860	0.000000	0.000008	0.000000	0.000767
330	0.683201	0.015320	0.084044	0.000000	0.216664	0.000000	0.000012	0.000000	0.000759
331	0.682669	0.015251	0.083948	0.000000	0.217374	0.000000	0.000013	0.000000	0.000745
332	0.682454	0.015100	0.083547	0.000000	0.218148	0.000000	0.000010	0.000000	0.000741
333	0.681909	0.014896	0.083668	0.000000	0.218770	0.000000	0.000005	0.000000	0.000752
334	0.681026	0.014980	0.083794	0.000000	0.219451	0.000000	0.000006	0.000000	0.000743
335	0.680386	0.014986	0.083699	0.000000	0.220201	0.000000	0.000008	0.000000	0.000720
336	0.680056	0.014730	0.083813	0.000000	0.220658	0.000000	0.000006	0.000000	0.000737
337	0.679406	0.014575	0.083909	0.000000	0.221401	0.000000	0.000001	0.000000	0.000708
338	0.678499	0.014647	0.084049	0.000000	0.222090	0.000000	0.000002	0.000000	0.000713
339	0.677769	0.014618	0.084193	0.000000	0.222756	0.000000	0.000001	0.000000	0.000663
340	0.677460	0.014592	0.083867	0.000000	0.223455	0.000000	0.000001	0.000000	0.000625
341	0.676511	0.014541	0.084109	0.000000	0.224219	0.000000	0.000001	0.000000	0.000619
342	0.675963	0.014558	0.083985	0.000000	0.224914	0.000000	0.000002	0.000000	0.000578
343	0.675524	0.014309	0.083999	0.000000	0.225576	0.000000	0.000002	0.000000	0.000590
344	0.675675	0.014040	0.083781	0.000000	0.225918	0.000000	0.000002	0.000000	0.000584
345	0.675706	0.014077	0.083082	0.000000	0.226591	0.000000	0.000001	0.000000	0.000543
346	0.674777	0.014235	0.083169	0.000000	0.227270	0.000000	0.000001	0.000000	0.000548
347	0.674326	0.014196	0.083032	0.000000	0.227901	0.000000	0.000002	0.000000	0.000543
348	0.674068	0.014192	0.082885	0.000000	0.228334	0.000000	0.000001	0.000000	0.000520
349	0.673279	0.014159	0.082991	0.000000	0.229053	0.000000	0.000001	0.000000	0.000517
350	0.672926	0.014069	0.082733	0.000000	0.229760	0.000000	0.000000	0.000000	0.000512
351	0.672649	0.013976	0.082433	0.000000	0.230480	0.000000	0.000000	0.000000	0.000462
352	0.672223	0.014005	0.082688	0.000000	0.230657	0.000000	0.000000	0.000000	0.000427
353	0.672083	0.013755	0.082376	0.000000	0.231367	0.000000	0.000000	0.000000	0.000419
354	0.671954	0.013536	0.081930	0.000000	0.232159	0.000000	0.000000	0.000000	0.000421
355	0.671578	0.013407	0.081828	0.000000	0.232786	0.000000	0.000000	0.000000	0.000401
356	0.670715	0.013516	0.081801	0.000000	0.233585	0.000000	0.000000	0.000000	0.000383
357	0.670168	0.013564	0.081544	0.000000	0.234371	0.000000	0.000000	0.000000	0.000353
358	0.669307	0.013457	0.081769	0.000000	0.235140	0.000000	0.000000	0.000000	0.000327
359	0.668740	0.013566	0.081600	0.000000	0.235776	0.000000	0.000000	0.000000	0.000318
360	0.668466	0.013583	0.081321	0.000000	0.236325	0.000000	0.000000	0.000000	0.000305
361	0.667902	0.013557	0.081417	0.000000	0.236835	0.000000	0.000000	0.000000	0.000289
362	0.667560	0.013487	0.081474	0.000000	0.237208	0.000000	0.000000	0.000000	0.000271
363	0.666910	0.013297	0.081311	0.000000	0.238203	0.000000	0.000000	0.000000	0.000279
364	0.666023	0.013376	0.081435	0.000000	0.238901	0.000000	0.000000	0.000000	0.000265
365	0.665445	0.013219	0.081625	0.000000	0.239437	0.000000	0.000000	0.000000	0.000274
366	0.664548	0.013133	0.081721	0.000000	0.240347	0.000000	0.000000	0.000000	0.000251
367	0.664158	0.013090	0.081704	0.000000	0.240792	0.000000	0.000000	0.000000	0.000256
368	0.663879	0.013067	0.081404	0.000000	0.241407	0.000000	0.000000	0.000000	0.000243
369	0.663776	0.012897	0.081137	0.000000	0.241950	0.000000	0.000000	0.000000	0.000240
370	0.663142	0.012908	0.081125	0.000000	0.242584	0.000000	0.000000	0.000000	0.000241
371	0.662575	0.012915	0.080855	0.000000	0.243419	0.000000	0.000000	0.000000	0.000236
372	0.661752	0.012979	0.081015	0.000000	0.244023	0.000000	0.000000	0.000000	0.000231
373	0.661311	0.012901	0.080721	0.000000	0.244841	0.000000	0.000000	0.000000	0.000226
374	0.660503	0.012822	0.081025	0.000000	0.245414	0.000000	0.000000	0.000000	0.000236
375	0.660200	0.012906	0.080543	0.000000	0.246126	0.000000	0.000000	0.000000	0.000225
376	0.659675	0.012997	0.080378	0.000000	0.246724	0.000000	0.000000	0.000000	0.000226
377	0.659002	0.012911	0.080585	0.000000	0.247276	0.000000	0.000000	0.000000	0.000226
378	0.658669	0.012822	0.080556	0.000000	0.247746	0.000000	0.000000	0.000000	0.000207
379	0.657695	0.012863	0.080888	0.000000	0.248339	0.000000	0.000000	0.000000	0.000215
380	0.656912	0.012742	0.080773	0.000000	0.249385	0.000000	0.000000	0.000000	0.000188
381	0.656878	0.012627	0.080599	0.000000	0.249713	0.000000	0.000000	0.000000	0.000183
382	0.656111	0.012474	0.080889	0.000000	0.250332	0.000000	0.000000	0.000000	0.000194
383	0.655696	0.012348	0.080765	0.000000	0.250997	0.000000	0.000000	0.000000	0.000194
384	0.655049	0.012371	0.080709	0.000000	0.251675	0.000000	0.000000	0.000000	0.000196
385	0.654844	0.012315	0.080538	0.000000	0.252113	0.000000	0.000000	0.000000	0.000190
386	0.654082	0.012192	0.080490	0.000000	0.253041	0.000000	0.000000	0.000000	0.000195
387	0.653643	0.012215	0.080350	0.000000	0.253609	0.000000	0.000000	0.000000	0.000183
388	0.653221	0.012104	0.080324	0.000000	0.254192	0.000000	0.000000	0.000000	0.000159
389	0.652485	0.012122	0.080352	0.000000	0.254879	0.000000	0.000000	0.000000	0.000162
390	0.651994	0.012169	0.080141	0.000000	0.255530	0.000000	0.000000	0.000000	0.000166
391	0.651675	0.012007	0.080064	0.000000	0.256090	0.000000	0.000000	0.000000	0.000164
392	0.650937	0.011981	0.080230	0.000000	0.256709	0.000000	0.000000	0.000000	0.000143
393	0.650504	0.012068	0.079639	0.000000	0.257633	0.000000	0.000000	0.000000	0.000156
394	0.649899	0.011941	0.079603	0.000000	0.258425	0.000000	0.000000	0.000000	0.000132
395	0.649183	0.011784	0.079811	0.000000	0.259095	0.000000	0.000000	0.000000	0.000127
396	0.648348	0.011743	0.080056	0.000000	0.259717	0.000000	0.000000	0.000000	0.000136
397	0.648267	0.011596	0.079760	0.000000	0.260222	0.000000	0.000000	0.000000	0.000155
398	0.647486	0.011563	0.079954	0.000000	0.260833	0.000000	0.000000	0.000000	0.000164
399	0.646884	0.011509	0.079817	0.000000	0.261636	0.000000	0.000000	0.000000	0.000154
400	0.646760	0.011584	0.079401	0.000000	0.262106	0.000000	0.000000	0.000000	0.000149
401	0.646054	0.011470	0.079306	0.000000	0.263017	0.000000	0.000000	0.000000	0.000153
402	0.645417	0.011544	0.079275	0.000000	0.263614	0.000000	0.000000	0.000000	0.000150
403	0.644982	0.011439	0.079069	0.000000	0.264368	0.000000	0.000000	0.000000	0.000142
404	0.644192	0.011285	0.079101	0.000000	0.265290	0.000000	0.000000	0.000000	0.000132
405	0.643722	0.011353	0.078772	0.000000	0.266017	0.000000	0.000000	0.000000	0.000136
406	0.642878	0.011279	0.078796	0.000000	0.266902	0.000000	0.000000	0.000000	0.000145
407	0.642190	0.011190	0.078844	0.000000	0.267646	0.000000	0.000000	0.000000	0.000130
408	0.641860	0.011149	0.078747	0.000000	0.268119	0.000000	0.000000	0.000000	0.000125
409	0.641242	0.011140	0.078287	0.000000	0.269185	0.000000	0.000000	0.000000	0.000146
410	0.640517	0.011074	0.078492	0.000000	0.269772	0.000000	0.000000	0.000000	0.000145
411	0.639607	0.011085	0.078391	0.000000	0.270773	0.000000	0.000000	0.000000	0.000144
412	0.639232	0.011036	0.078325	0.000000	0.271246	0.000000	0.000000	0.000000	0.000161
413	0.638273	0.011018	0.078308	0.000000	0.272248	0.000000	0.000000	0.000000	0.000153
414	0.637683	0.010838	0.078578	0.000000	0.272751	0.000000	0.000000	0.000000	0.000150
415	0.636984	0.010863	0.078531	0.000000	0.273469	0.000000	0.000000	0.000000	0.000153
416	0.636985	0.010683	0.078210	0.000000	0.273982	0.000000	0.000000	0.000000	0.000140
417	0.636239	0.010529	0.078420	0.000000	0.274677	0.000000	0.000000	0.000000	0.000135
418	0.635630	0.010619	0.078303	0.000000	0.275312	0.000000	0.000000	0.000000	0.000136
419	0.635642	0.010444	0.078090	0.000000	0.275698	0.000000	0.000000	0.000000	0.000126
420	0.634800	0.010440	0.078024	0.000000	0.276615	0.000000	0.000000	0.000000	0.000121
421	0.634379	0.010426	0.078020	0.000000	0.277042	0.000000	0.000000	0.000000	0.000133
422	0.633757	0.010353	0.078238	0.000000	0.277526	0.000000	0.000000	0.000000	0.000126
423	0.633199	0.010344	0.077965	0.000000	0.278368	0.000000	0.000000	0.000000	0.000124
424	0.632339	0.010309	0.078013	0.000000	0.279223	0.000000	0.000000	0.000000	0.000116
425	0.632007	0.010221	0.077763	0.000000	0.279904	0.000000	0.000000	0.000000	0.000105
426	0.631631	0.010030	0.077749	0.000000	0.280488	0.000000	0.000000	0.000000	0.000102
427	0.631046	0.009927	0.077879	0.000000	0.281049	0.000000	0.000000	0.000000	0.000099
428	0.629890	0.010017	0.078192	0.000000	0.281800	0.000000	0.000000	0.000000	0.000101
429	0.629095	0.009932	0.078028	0.000000	0.282831	0.000000	0.000000	0.000000	0.000114
430	0.628759	0.009872	0.078053	0.000000	0.283218	0.000000	0.000000	0.000000	0.000098
431	0.628310	0.009842	0.077697	0.000000	0.284049	0.000000	0.000000	0.000000	0.000102
432	0.627584	0.009844	0.077721	0.000000	0.284740	0.000000	0.000000	0.000000	0.000111
433	0.626883	0.009741	0.077552	0.000000	0.285715	0.000000	0.000000	0.000000	0.000109
434	0.626086	0.009788	0.077607	0.000000	0.286419	0.000000	0.000000	0.000000	0.000100
435	0.625717	0.009534	0.077511	0.000000	0.287136	0.000000	0.000000	0.000000	0.000102
436	0.625106	0.009499	0.077413	0.000000	0.287873	0.000000	0.000000	0.000000	0.000109
437	0.624717	0.009508	0.077091	0.000000	0.288588	0.000000	0.000000	0.000000	0.000096
438	0.624228	0.009515	0.076886	0.000000	0.289271	0.000000	0.000000	0.000000	0.000100
439	0.623451	0.009422	0.076991	0.000000	0.290031	0.000000	0.000000	0.000000	0.000105
440	0.622479	0.009406	0.076974	0.000000	0.291036	0.000000	0.000000	0.000000	0.000105
441	0.621432	0.009391	0.077224	0.000000	0.291845	0.000000	0.000000	0.000000	0.000108
442	0.621020	0.009401	0.077273	0.000000	0.292190	0.000000	0.000000	0.000000	0.000116
443	0.620502	0.009460	0.076998	0.000000	0.292922	0.000000	0.000000	0.000000	0.000118
444	0.620178	0.009302	0.077019	0.000000	0.293382	0.000000	0.000000	0.000000	0.000119
445	0.619529	0.009339	0.076745	0.000000	0.294265	0.000000	0.000000	0.000000	0.000122
446	0.618828	0.009275	0.076587	0.000000	0.295195	0.000000	0.000000	0.000000	0.000115
447	0.618016	0.009147	0.076766	0.000000	0.295955	0.000000	0.000000	0.000000	0.000116
448	0.617504	0.009085	0.076808	0.000000	0.296485	0.000000	0.000000	0.000000	0.000118
449	0.617397	0.009035	0.076260	0.000000	0.297179	0.000000	0.000000	0.000000	0.000129
450	0.616505	0.008889	0.076343	0.000000	0.298150	0.000000	0.000000	0.000000	0.000113
451	0.615699	0.008935	0.076422	0.000000	0.298832	0.000000	0.000000	0.000000	0.000112
452	0.615065	0.008897	0.076515	0.000000	0.299403	0.000000	0.000000	0.000000	0.000120
453	0.615077	0.008789	0.076065	0.000000	0.299955	0.000000	0.000000	0.000000	0.000114
454	0.614222	0.008578	0.076253	0.000000	0.300842	0.000000	0.000000	0.000000	0.000105
455	0.613894	0.008510	0.075958	0.000000	0.301526	0.000000	0.000000	0.000000	0.000112
456	0.613393	0.008544	0.075376	0.000000	0.302574	0.000000	0.000000	0.000000	0.000113
457	0.612287	0.008410	0.075393	0.000000	0.303815	0.000000	0.000000	0.000000	0.000095
458	0.611903	0.008358	0.075388	0.000000	0.304275	0.000000	0.000000	0.000000	0.000076
459	0.611246	0.008335	0.075298	0.000000	0.305038	0.000000	0.000000	0.000000	0.000083
460	0.611059	0.008354	0.074993	0.000000	0.305502	0.000000	0.000000	0.000000	0.000092
461	0.609960	0.008254	0.075324	0.000000	0.306359	0.000000	0.000000	0.000000	0.000103
462	0.609495	0.008240	0.075259	0.000000	0.306905	0.000000	0.000000	0.000000	0.000101
463	0.609320	0.008099	0.075177	0.000000	0.307313	0.000000	0.000000	0.000000	0.000091
464	0.608478	0.008163	0.075322	0.000000	0.307936	0.000000	0.000000	0.000000	0.000101
465	0.607812	0.008191	0.075040	0.000000	0.308854	0.000000	0.000000	0.000000	0.000103
466	0.607180	0.008123	0.075008	0.000000	0.309584	0.000000	0.000000	0.000000	0.000105
467	0.606237	0.008116	0.075218	0.000000	0.310330	0.000000	0.000000	0.000000	0.000099
468	0.605281	0.008145	0.075349	0.000000	0.311124	0.000000	0.000000	0.000000	0.000101
469	0.604639	0.008085	0.075248	0.000000	0.311932	0.000000	0.000000	0.000000	0.000096
470	0.603902	0.007939	0.075435	0.000000	0.312628	0.000000	0.000000	0.000000	0.000096
