0	0.290663	0.057897	0.229473	0.157588	0.029913	0.111872	0.085455	0.012259	0.024880
1	0.241349	0.049872	0.207153	0.146163	0.029741	0.123991	0.102004	0.019898	0.079829
2	0.249184	0.050521	0.213038	0.145629	0.031014	0.124618	0.090148	0.017545	0.078303
3	0.262422	0.051557	0.218942	0.145635	0.032361	0.123153	0.077301	0.015061	0.073568
4	0.275133	0.052573	0.226460	0.144182	0.033619	0.120289	0.066245	0.012796	0.068703
5	0.287800	0.053823	0.232347	0.142305	0.035033	0.117007	0.056814	0.010786	0.064085
6	0.300597	0.054347	0.236974	0.140427	0.036353	0.113296	0.048766	0.009116	0.060124
7	0.312014	0.054801	0.242316	0.137183	0.037693	0.109368	0.042189	0.007651	0.056785
8	0.323148	0.055363	0.246551	0.134563	0.038840	0.105484	0.036530	0.006503	0.053018
9	0.334089	0.055122	0.250519	0.130829	0.040607	0.101756	0.031768	0.005474	0.049836
10	0.344686	0.055176	0.253664	0.127614	0.042036	0.098181	0.027252	0.004687	0.046704
11	0.353631	0.054613	0.257010	0.124495	0.043370	0.095172	0.023759	0.003998	0.043952
12	0.362175	0.054354	0.259615	0.121173	0.044979	0.091665	0.020892	0.003417	0.041730
13	0.371116	0.053924	0.262987	0.117220	0.046426	0.088113	0.018162	0.002871	0.039181
14	0.378928	0.053606	0.265006	0.114052	0.047951	0.085137	0.015834	0.002515	0.036971
15	0.386930	0.053113	0.267598	0.110578	0.049807	0.081553	0.013628	0.002128	0.034665
16	0.394044	0.052437	0.269743	0.106997	0.051191	0.078570	0.012087	0.001796	0.033135
17	0.400476	0.051705	0.272927	0.103716	0.052969	0.074924	0.010564	0.001509	0.031210
18	0.406987	0.051016	0.274754	0.100432	0.054449	0.072203	0.009061	0.001352	0.029746
19	0.412706	0.050085	0.277367	0.097525	0.056058	0.069088	0.007799	0.001202	0.028170
20	0.418698	0.049610	0.278315	0.094149	0.057773	0.066869	0.006861	0.000973	0.026752
21	0.423740	0.048783	0.280468	0.090749	0.059754	0.064140	0.006046	0.000895	0.025425
22	0.428365	0.047902	0.281803	0.087721	0.061602	0.062394	0.005409	0.000737	0.024067
23	0.433577	0.047178	0.283139	0.084678	0.063251	0.059653	0.004789	0.000653	0.023082
24	0.438229	0.046406	0.284082	0.081791	0.065115	0.057359	0.004262	0.000625	0.022131
25	0.442548	0.045363	0.285694	0.078924	0.067067	0.055260	0.003818	0.000540	0.020786
26	0.446753	0.044518	0.286452	0.076301	0.068971	0.053432	0.003308	0.000502	0.019763
27	0.450829	0.043692	0.286818	0.073976	0.071039	0.051491	0.002933	0.000422	0.018800
28	0.454114	0.042724	0.287864	0.071639	0.073058	0.049660	0.002633	0.000372	0.017936
29	0.457291	0.042041	0.288749	0.069015	0.075405	0.047644	0.002400	0.000336	0.017119
30	0.460159	0.041215	0.289435	0.066964	0.077664	0.045951	0.002112	0.000305	0.016195
31	0.463447	0.040060	0.289541	0.065020	0.080055	0.044151	0.001891	0.000252	0.015583
32	0.465348	0.039376	0.290690	0.062371	0.082710	0.042652	0.001691	0.000251	0.014911
33	0.467247	0.038819	0.290964	0.060513	0.085065	0.041526	0.001464	0.000200	0.014202
34	0.468753	0.037957	0.291547	0.058722	0.087975	0.040093	0.001367	0.000156	0.013430
35	0.470356	0.037024	0.291403	0.056996	0.090810	0.039033	0.001253	0.000143	0.012982
36	0.471818	0.036357	0.292031	0.055230	0.093355	0.037580	0.001122	0.000111	0.012396
37	0.473026	0.035682	0.292098	0.053682	0.096546	0.036190	0.000982	0.000101	0.011693
38	0.474320	0.034750	0.292508	0.051695	0.099694	0.034981	0.000893	0.000102	0.011057
39	0.475303	0.033929	0.292242	0.050397	0.102674	0.033932	0.000811	0.000083	0.010629
40	0.475842	0.033094	0.292560	0.048990	0.105743	0.032769	0.000737	0.000076	0.010189
41	0.476508	0.032249	0.292585	0.047436	0.109200	0.031640	0.000656	0.000064	0.009662
42	0.476556	0.031910	0.292417	0.045755	0.112819	0.030674	0.000580	0.000056	0.009233
43	0.476724	0.031132	0.292172	0.044527	0.116310	0.029671	0.000520	0.000047	0.008897
44	0.476390	0.030205	0.292219	0.043410	0.119925	0.028888	0.000468	0.000044	0.008451
45	0.476806	0.029472	0.291377	0.042238	0.123796	0.027728	0.000380	0.000033	0.008170
46	0.476377	0.028703	0.290572	0.041047	0.128069	0.027027	0.000356	0.000047	0.007802
47	0.475584	0.028019	0.290225	0.039914	0.132066	0.026209	0.000346	0.000035	0.007602
48	0.474609	0.027519	0.289649	0.038787	0.136104	0.025696	0.000292	0.000023	0.007321
49	0.472947	0.026906	0.289237	0.038066	0.140395	0.025006	0.000290	0.000030	0.007123
50	0.472540	0.026383	0.288003	0.037266	0.144579	0.024211	0.000285	0.000023	0.006710
51	0.471320	0.025627	0.287050	0.036234	0.149248	0.023777	0.000260	0.000023	0.006461
52	0.470525	0.024898	0.286369	0.035257	0.153647	0.022863	0.000256	0.000014	0.006171
53	0.469386	0.024263	0.285158	0.034381	0.158432	0.022094	0.000249	0.000008	0.006029
54	0.468468	0.023743	0.283597	0.033532	0.162865	0.021657	0.000224	0.000015	0.005899
55	0.466782	0.023147	0.282501	0.033097	0.167438	0.021049	0.000197	0.000008	0.005781
56	0.465251	0.022640	0.281251	0.032433	0.172481	0.020247	0.000190	0.000008	0.005499
57	0.463743	0.022183	0.279274	0.031740	0.177866	0.019725	0.000166	0.000005	0.005298
58	0.461451	0.021773	0.278582	0.030855	0.182919	0.019046	0.000177	0.000005	0.005192
59	0.459038	0.021180	0.277498	0.030119	0.188611	0.018461	0.000152	0.000003	0.004938
60	0.457716	0.020692	0.275445	0.029498	0.193749	0.017948	0.000136	0.000005	0.004811
61	0.454825	0.020265	0.273886	0.029062	0.199575	0.017567	0.000127	0.000007	0.004686
62	0.452039	0.019621	0.272766	0.028323	0.205419	0.017136	0.000108	0.000008	0.004580
63	0.449202	0.019386	0.270854	0.027910	0.211481	0.016648	0.000101	0.000007	0.004411
64	0.446965	0.018859	0.268396	0.027676	0.217517	0.016264	0.000095	0.000004	0.004224
65	0.444238	0.018588	0.266612	0.027166	0.223553	0.015727	0.000077	0.000005	0.004034
66	0.441412	0.018053	0.264832	0.026864	0.229424	0.015518	0.000079	0.000005	0.003813
67	0.438579	0.017475	0.262741	0.026607	0.235647	0.015170	0.000077	0.000005	0.003699
68	0.435791	0.016889	0.260869	0.026003	0.241905	0.014842	0.000069	0.000004	0.003628
69	0.432477	0.016422	0.258676	0.025762	0.248488	0.014579	0.000053	0.000004	0.003539
70	0.429176	0.016093	0.256171	0.025488	0.255454	0.014213	0.000061	0.000006	0.003338
71	0.425761	0.015807	0.254331	0.025115	0.261573	0.014084	0.000054	0.000006	0.003269
72	0.422554	0.015467	0.251659	0.024889	0.268393	0.013868	0.000045	0.000006	0.003119
73	0.418055	0.014997	0.250064	0.024925	0.275313	0.013628	0.000040	0.000008	0.002970
74	0.414662	0.014473	0.247806	0.024738	0.281937	0.013510	0.000030	0.000002	0.002842
75	0.410600	0.013985	0.245742	0.024650	0.288853	0.013427	0.000025	0.000003	0.002715
76	0.406979	0.013566	0.243449	0.024430	0.295894	0.013123	0.000019	0.000000	0.002540
77	0.403058	0.013219	0.240947	0.024236	0.303241	0.012818	0.000021	0.000000	0.002460
78	0.398393	0.012729	0.238933	0.024185	0.310770	0.012648	0.000016	0.000001	0.002325
79	0.394278	0.012356	0.236443	0.023766	0.318184	0.012690	0.000013	0.000002	0.002268
80	0.389616	0.012019	0.233976	0.023609	0.326101	0.012437	0.000011	0.000001	0.002230
81	0.385527	0.011620	0.231209	0.023322	0.333794	0.012435	0.000007	0.000001	0.002085
82	0.380952	0.011260	0.228666	0.023224	0.341523	0.012311	0.000008	0.000000	0.002056
83	0.376609	0.011016	0.225953	0.023079	0.349372	0.011978	0.000010	0.000000	0.001983
84	0.372257	0.010712	0.222890	0.022830	0.357345	0.012040	0.000007	0.000003	0.001916
85	0.367626	0.010472	0.220232	0.022604	0.365358	0.011834	0.000007	0.000003	0.001864
86	0.362932	0.010055	0.217417	0.022260	0.373614	0.011903	0.000006	0.000001	0.001812
87	0.358048	0.009709	0.214402	0.022400	0.382025	0.011693	0.000005	0.000000	0.001718
88	0.353350	0.009398	0.211595	0.022376	0.389862	0.011723	0.000007	0.000000	0.001689
89	0.349040	0.009197	0.208451	0.022307	0.397990	0.011396	0.000004	0.000000	0.001615
90	0.343843	0.008948	0.205889	0.022413	0.405953	0.011404	0.000003	0.000000	0.001547
91	0.339327	0.008720	0.203274	0.022256	0.413533	0.011424	0.000003	0.000000	0.001463
92	0.334360	0.008353	0.200837	0.022435	0.421365	0.011205	0.000006	0.000000	0.001439
93	0.329779	0.008077	0.197161	0.022317	0.429999	0.011262	0.000005	0.000000	0.001400
94	0.324896	0.007814	0.194300	0.022148	0.438332	0.011200	0.000006	0.000000	0.001304
95	0.319765	0.007615	0.191692	0.022024	0.446526	0.011064	0.000005	0.000000	0.001309
96	0.314535	0.007391	0.188720	0.021750	0.455256	0.011063	0.000001	0.000000	0.001284
97	0.309390	0.007113	0.185653	0.021541	0.464137	0.010952	0.000002	0.000000	0.001212
98	0.304235	0.006860	0.182926	0.021455	0.472596	0.010768	0.000000	0.000000	0.001160
99	0.299697	0.006697	0.179689	0.021282	0.480910	0.010620	0.000001	0.000000	0.001104
100	0.294161	0.006402	0.176667	0.021434	0.489833	0.010439	0.000004	0.000000	0.001060
101	0.289360	0.006083	0.173656	0.021262	0.498310	0.010357	0.000003	0.000000	0.000969
102	0.284059	0.005878	0.170963	0.021032	0.506706	0.010402	0.000001	0.000000	0.000959
103	0.278948	0.005732	0.167703	0.021062	0.515161	0.010445	0.000000	0.000000	0.000949
104	0.273993	0.005571	0.164269	0.020965	0.523805	0.010528	0.000000	0.000000	0.000869
105	0.269102	0.005340	0.161451	0.021146	0.531645	0.010441	0.000000	0.000000	0.000875
106	0.264070	0.005128	0.158485	0.021128	0.539959	0.010403	0.000000	0.000000	0.000827
107	0.259403	0.004825	0.155733	0.020843	0.548006	0.010376	0.000000	0.000000	0.000814
108	0.254580	0.004626	0.152692	0.020817	0.556215	0.010333	0.000000	0.000000	0.000737
109	0.249702	0.004389	0.149225	0.020896	0.564612	0.010491	0.000000	0.000000	0.000685
110	0.244767	0.004224	0.146499	0.020966	0.572399	0.010482	0.000000	0.000000	0.000663
111	0.239822	0.004106	0.143548	0.020887	0.580427	0.010599	0.000000	0.000000	0.000611
112	0.234820	0.003911	0.140356	0.020799	0.588889	0.010661	0.000000	0.000000	0.000564
113	0.229207	0.003896	0.137691	0.020881	0.597169	0.010627	0.000000	0.000000	0.000529
114	0.224195	0.003748	0.134614	0.020893	0.605547	0.010474	0.000000	0.000000	0.000529
115	0.219113	0.003609	0.131699	0.020779	0.613910	0.010378	0.000000	0.000000	0.000512
116	0.214648	0.003555	0.128388	0.020905	0.621566	0.010417	0.000000	0.000000	0.000521
117	0.210021	0.003408	0.125435	0.020986	0.629169	0.010531	0.000000	0.000000	0.000450
118	0.205182	0.003241	0.122250	0.021232	0.637312	0.010334	0.000000	0.000000	0.000449
119	0.200612	0.003068	0.119200	0.021273	0.645134	0.010298	0.000000	0.000000	0.000415
120	0.196264	0.002958	0.116163	0.021400	0.652559	0.010270	0.000000	0.000000	0.000386
121	0.191613	0.002825	0.113744	0.021509	0.659712	0.010238	0.000000	0.000000	0.000359
122	0.186745	0.002695	0.111218	0.021546	0.667311	0.010163	0.000000	0.000000	0.000322
123	0.181774	0.002571	0.108493	0.021494	0.675181	0.010179	0.000000	0.000000	0.000308
124	0.176953	0.002441	0.106144	0.021673	0.682260	0.010226	0.000000	0.000000	0.000303
125	0.172557	0.002337	0.103579	0.021578	0.689551	0.010129	0.000000	0.000000	0.000269
126	0.168306	0.002250	0.100817	0.021763	0.696362	0.010233	0.000000	0.000000	0.000269
127	0.164343	0.002186	0.097874	0.021712	0.703491	0.010158	0.000000	0.000000	0.000236
128	0.160393	0.002089	0.095396	0.021541	0.710095	0.010237	0.000000	0.000000	0.000249
129	0.156038	0.001956	0.092910	0.021406	0.717314	0.010129	0.000000	0.000000	0.000247
130	0.152163	0.001865	0.089983	0.021338	0.724305	0.010111	0.000000	0.000000	0.000235
131	0.148259	0.001757	0.087868	0.021392	0.730428	0.010080	0.000000	0.000000	0.000216
132	0.144150	0.001662	0.085564	0.021222	0.737165	0.010015	0.000000	0.000000	0.000222
133	0.140240	0.001539	0.082908	0.021206	0.743835	0.010052	0.000000	0.000000	0.000220
134	0.135974	0.001448	0.080831	0.021299	0.750309	0.009935	0.000000	0.000000	0.000204
135	0.132019	0.001353	0.078507	0.021247	0.756748	0.009925	0.000000	0.000000	0.000201
136	0.128203	0.001353	0.076482	0.021102	0.762746	0.009918	0.000000	0.000000	0.000196
137	0.124656	0.001288	0.074098	0.021227	0.768739	0.009798	0.000000	0.000000	0.000194
138	0.120598	0.001223	0.071898	0.021260	0.775017	0.009800	0.000000	0.000000	0.000204
139	0.117047	0.001131	0.069727	0.021524	0.780551	0.009857	0.000000	0.000000	0.000163
140	0.113326	0.001070	0.067582	0.021433	0.786598	0.009818	0.000000	0.000000	0.000173
141	0.109542	0.001005	0.065744	0.021478	0.792356	0.009712	0.000000	0.000000	0.000163
142	0.106105	0.001009	0.063663	0.021493	0.797979	0.009599	0.000000	0.000000	0.000152
143	0.102963	0.000950	0.061752	0.021649	0.803062	0.009465	0.000000	0.000000	0.000159
144	0.099602	0.000889	0.059544	0.021758	0.808512	0.009535	0.000000	0.000000	0.000160
145	0.096494	0.000892	0.057477	0.021746	0.813701	0.009530	0.000000	0.000000	0.000160
146	0.093456	0.000824	0.055627	0.021573	0.818777	0.009562	0.000000	0.000000	0.000181
147	0.090269	0.000807	0.053633	0.021572	0.823979	0.009556	0.000000	0.000000	0.000184
148	0.087156	0.000790	0.051836	0.021546	0.828828	0.009665	0.000000	0.000000	0.000179
149	0.084154	0.000721	0.050324	0.021641	0.833432	0.009565	0.000000	0.000000	0.000163
150	0.081367	0.000653	0.048727	0.021641	0.837926	0.009547	0.000000	0.000000	0.000139
151	0.078977	0.000653	0.047261	0.021593	0.841809	0.009579	0.000000	0.000000	0.000128
152	0.076137	0.000611	0.045494	0.021494	0.846408	0.009743	0.000000	0.000000	0.000113
153	0.073432	0.000603	0.044175	0.021373	0.850681	0.009630	0.000000	0.000000	0.000106
154	0.070870	0.000544	0.042796	0.021533	0.854583	0.009574	0.000000	0.000000	0.000100
155	0.068427	0.000521	0.041170	0.021517	0.858667	0.009595	0.000000	0.000000	0.000103
156	0.066006	0.000521	0.039667	0.021514	0.862728	0.009475	0.000000	0.000000	0.000089
157	0.063662	0.000505	0.038079	0.021598	0.866487	0.009591	0.000000	0.000000	0.000078
158	0.061578	0.000486	0.036599	0.021605	0.870070	0.009580	0.000000	0.000000	0.000082
159	0.059191	0.000474	0.035501	0.021643	0.873585	0.009537	0.000000	0.000000	0.000069
160	0.056900	0.000451	0.034015	0.021594	0.877409	0.009559	0.000000	0.000000	0.000072
161	0.054731	0.000423	0.032852	0.021560	0.880778	0.009596	0.000000	0.000000	0.000060
162	0.052540	0.000386	0.031566	0.021515	0.884266	0.009678	0.000000	0.000000	0.000049
163	0.050406	0.000360	0.030408	0.021433	0.887619	0.009728	0.000000	0.000000	0.000046
164	0.048577	0.000338	0.029315	0.021179	0.890800	0.009752	0.000000	0.000000	0.000039
165	0.046649	0.000298	0.028088	0.021005	0.894283	0.009641	0.000000	0.000000	0.000036
166	0.044779	0.000281	0.027001	0.021179	0.896947	0.009782	0.000000	0.000000	0.000031
167	0.043221	0.000285	0.025815	0.021196	0.899729	0.009727	0.000000	0.000000	0.000027
168	0.041443	0.000278	0.024779	0.021139	0.902394	0.009940	0.000000	0.000000	0.000027
169	0.039939	0.000252	0.023693	0.021374	0.904798	0.009923	0.000000	0.000000	0.000021
170	0.038419	0.000247	0.022656	0.021458	0.907194	0.010009	0.000000	0.000000	0.000017
171	0.036892	0.000230	0.021823	0.021519	0.909490	0.010026	0.000000	0.000000	0.000020
172	0.035326	0.000202	0.021048	0.021577	0.911977	0.009850	0.000000	0.000000	0.000020
173	0.033770	0.000174	0.020281	0.021601	0.914206	0.009954	0.000000	0.000000	0.000014
174	0.032228	0.000150	0.019321	0.021629	0.916613	0.010041	0.000000	0.000000	0.000018
175	0.030765	0.000151	0.018467	0.021815	0.918626	0.010162	0.000000	0.000000	0.000014
176	0.029486	0.000126	0.017612	0.021725	0.920961	0.010072	0.000000	0.000000	0.000018
177	0.028161	0.000127	0.016836	0.021706	0.923077	0.010082	0.000000	0.000000	0.000011
178	0.026876	0.000111	0.015888	0.021581	0.925343	0.010195	0.000000	0.000000	0.000006
179	0.025885	0.000113	0.015207	0.021767	0.926909	0.010107	0.000000	0.000000	0.000012
180	0.024926	0.000110	0.014566	0.021685	0.928671	0.010029	0.000000	0.000000	0.000013
181	0.023929	0.000108	0.013975	0.021841	0.930234	0.009899	0.000000	0.000000	0.000014
182	0.022791	0.000098	0.013411	0.021881	0.931803	0.010005	0.000000	0.000000	0.000011
183	0.021885	0.000094	0.012919	0.021870	0.933275	0.009942	0.000000	0.000000	0.000015
184	0.020916	0.000090	0.012243	0.022082	0.934641	0.010009	0.000000	0.000000	0.000019
185	0.020092	0.000072	0.011697	0.022188	0.935934	0.010005	0.000000	0.000000	0.000012
186	0.019174	0.000054	0.011155	0.022276	0.937264	0.010062	0.000000	0.000000	0.000015
187	0.018270	0.000055	0.010632	0.022472	0.938554	0.010005	0.000000	0.000000	0.000012
188	0.017440	0.000051	0.010126	0.022380	0.939928	0.010065	0.000000	0.000000	0.000010
189	0.016435	0.000033	0.009627	0.022282	0.941503	0.010112	0.000000	0.000000	0.000008
190	0.015573	0.000029	0.009111	0.022390	0.942614	0.010275	0.000000	0.000000	0.000008
191	0.014853	0.000024	0.008683	0.022395	0.943792	0.010248	0.000000	0.000000	0.000005
192	0.014128	0.000026	0.008253	0.022385	0.945072	0.010130	0.000000	0.000000	0.000006
193	0.013384	0.000023	0.007764	0.022425	0.946208	0.010194	0.000000	0.000000	0.000002
194	0.012743	0.000017	0.007375	0.022572	0.947042	0.010247	0.000000	0.000000	0.000004
195	0.012204	0.000018	0.007030	0.022443	0.948098	0.010205	0.000000	0.000000	0.000002
196	0.011572	0.000016	0.006642	0.022428	0.949135	0.010203	0.000000	0.000000	0.000004
197	0.010925	0.000016	0.006262	0.022399	0.950115	0.010282	0.000000	0.000000	0.000001
198	0.010375	0.000013	0.005918	0.022124	0.951280	0.010290	0.000000	0.000000	0.000000
199	0.009673	0.000017	0.005673	0.022010	0.952271	0.010356	0.000000	0.000000	0.000000
200	0.009055	0.000016	0.005312	0.021959	0.953390	0.010268	0.000000	0.000000	0.000000
201	0.008613	0.000011	0.005029	0.021952	0.954128	0.010267	0.000000	0.000000	0.000000
202	0.008184	0.000011	0.004777	0.021821	0.954867	0.010340	0.000000	0.000000	0.000000
203	0.007768	0.000008	0.004456	0.021741	0.955593	0.010434	0.000000	0.000000	0.000000
204	0.007264	0.000005	0.004187	0.021935	0.956251	0.010358	0.000000	0.000000	0.000000
205	0.006829	0.000007	0.003913	0.021990	0.956829	0.010432	0.000000	0.000000	0.000000
206	0.006410	0.000007	0.003662	0.021940	0.957455	0.010526	0.000000	0.000000	0.000000
207	0.006024	0.000007	0.003465	0.021793	0.958072	0.010639	0.000000	0.000000	0.000000
208	0.005734	0.000007	0.003209	0.021811	0.958704	0.010535	0.000000	0.000000	0.000000
209	0.005355	0.000007	0.003056	0.021926	0.959160	0.010496	0.000000	0.000000	0.000000
210	0.005088	0.000001	0.002802	0.021853	0.959591	0.010665	0.000000	0.000000	0.000000
211	0.004854	0.000001	0.002634	0.021735	0.959983	0.010793	0.000000	0.000000	0.000000
212	0.004603	0.000000	0.002510	0.021759	0.960389	0.010739	0.000000	0.000000	0.000000
213	0.004320	0.000000	0.002365	0.021667	0.960773	0.010875	0.000000	0.000000	0.000000
214	0.004117	0.000000	0.002258	0.021566	0.961290	0.010769	0.000000	0.000000	0.000000
215	0.003866	0.000000	0.002114	0.021661	0.961472	0.010887	0.000000	0.000000	0.000000
216	0.003679	0.000000	0.001946	0.021741	0.961761	0.010873	0.000000	0.000000	0.000000
217	0.003449	0.000000	0.001840	0.021822	0.962130	0.010759	0.000000	0.000000	0.000000
218	0.003223	0.000000	0.001764	0.021899	0.962319	0.010795	0.000000	0.000000	0.000000
219	0.002929	0.000000	0.001676	0.021959	0.962687	0.010749	0.000000	0.000000	0.000000
220	0.002705	0.000000	0.001597	0.022041	0.962905	0.010752	0.000000	0.000000	0.000000
221	0.002516	0.000000	0.001488	0.022188	0.963076	0.010732	0.000000	0.000000	0.000000
222	0.002381	0.000000	0.001344	0.022210	0.963319	0.010746	0.000000	0.000000	0.000000
223	0.002225	0.000000	0.001217	0.022262	0.963419	0.010877	0.000000	0.000000	0.000000
224	0.002072	0.000000	0.001183	0.022178	0.963699	0.010868	0.000000	0.000000	0.000000
225	0.001890	0.000000	0.001088	0.022187	0.964071	0.010764	0.000000	0.000000	0.000000
226	0.001749	0.000000	0.000989	0.022212	0.964199	0.010851	0.000000	0.000000	0.000000
227	0.001606	0.000000	0.000890	0.022318	0.964258	0.010928	0.000000	0.000000	0.000000
228	0.001543	0.000000	0.000832	0.022435	0.964368	0.010822	0.000000	0.000000	0.000000
229	0.001446	0.000000	0.000780	0.022373	0.964611	0.010790	0.000000	0.000000	0.000000
230	0.001321	0.000000	0.000738	0.022375	0.964730	0.010836	0.000000	0.000000	0.000000
231	0.001257	0.000000	0.000685	0.022194	0.965043	0.010821	0.000000	0.000000	0.000000
232	0.001132	0.000000	0.000619	0.022106	0.965330	0.010813	0.000000	0.000000	0.000000
233	0.001056	0.000000	0.000580	0.022083	0.965284	0.010997	0.000000	0.000000	0.000000
234	0.000979	0.000000	0.000556	0.021957	0.965629	0.010879	0.000000	0.000000	0.000000
235	0.000911	0.000000	0.000514	0.022001	0.965650	0.010924	0.000000	0.000000	0.000000
236	0.000858	0.000000	0.000480	0.022178	0.965552	0.010932	0.000000	0.000000	0.000000
237	0.000788	0.000000	0.000433	0.022026	0.965857	0.010896	0.000000	0.000000	0.000000
238	0.000750	0.000000	0.000402	0.022307	0.965641	0.010900	0.000000	0.000000	0.000000
239	0.000682	0.000000	0.000397	0.022286	0.965570	0.011065	0.000000	0.000000	0.000000
240	0.000623	0.000000	0.000341	0.022263	0.965625	0.011148	0.000000	0.000000	0.000000
241	0.000594	0.000000	0.000310	0.022493	0.965458	0.011145	0.000000	0.000000	0.000000
242	0.000577	0.000000	0.000276	0.022489	0.965358	0.011300	0.000000	0.000000	0.000000
243	0.000519	0.000000	0.000257	0.022245	0.965860	0.011119	0.000000	0.000000	0.000000
244	0.000481	0.000000	0.000247	0.022302	0.965720	0.011250	0.000000	0.000000	0.000000
245	0.000409	0.000000	0.000243	0.022447	0.965558	0.011343	0.000000	0.000000	0.000000
246	0.000382	0.000000	0.000230	0.022515	0.965536	0.011337	0.000000	0.000000	0.000000
247	0.000333	0.000000	0.000216	0.022656	0.965429	0.011366	0.000000	0.000000	0.000000
248	0.000315	0.000000	0.000192	0.022651	0.965422	0.011420	0.000000	0.000000	0.000000
249	0.000284	0.000000	0.000171	0.022742	0.965346	0.011457	0.000000	0.000000	0.000000
250	0.000263	0.000000	0.000157	0.022958	0.965214	0.011408	0.000000	0.000000	0.000000
251	0.000248	0.000000	0.000150	0.022882	0.965363	0.011357	0.000000	0.000000	0.000000
252	0.000212	0.000000	0.000131	0.022837	0.965346	0.011474	0.000000	0.000000	0.000000
253	0.000199	0.000000	0.000130	0.022699	0.965391	0.011581	0.000000	0.000000	0.000000
254	0.000187	0.000000	0.000099	0.022865	0.965239	0.011610	0.000000	0.000000	0.000000
255	0.000183	0.000000	0.000078	0.022877	0.965226	0.011636	0.000000	0.000000	0.000000
256	0.000176	0.000000	0.000067	0.022735	0.965352	0.011670	0.000000	0.000000	0.000000
257	0.000174	0.000000	0.000047	0.022798	0.965304	0.011677	0.000000	0.000000	0.000000
258	0.000156	0.000000	0.000047	0.022869	0.965349	0.011579	0.000000	0.000000	0.000000
259	0.000145	0.000000	0.000042	0.022911	0.965284	0.011618	0.000000	0.000000	0.000000
260	0.000141	0.000000	0.000040	0.023061	0.965074	0.011684	0.000000	0.000000	0.000000
261	0.000137	0.000000	0.000038	0.022822	0.965323	0.011680	0.000000	0.000000	0.000000
262	0.000142	0.000000	0.000034	0.022889	0.965307	0.011628	0.000000	0.000000	0.000000
263	0.000131	0.000000	0.000036	0.022851	0.965264	0.011718	0.000000	0.000000	0.000000
264	0.000116	0.000000	0.000036	0.022864	0.965181	0.011803	0.000000	0.000000	0.000000
265	0.000116	0.000000	0.000039	0.022856	0.965207	0.011782	0.000000	0.000000	0.000000
266	0.000107	0.000000	0.000030	0.023056	0.965020	0.011787	0.000000	0.000000	0.000000
267	0.000104	0.000000	0.000025	0.023359	0.964604	0.011908	0.000000	0.000000	0.000000
268	0.000102	0.000000	0.000020	0.023364	0.964759	0.011755	0.000000	0.000000	0.000000
269	0.000076	0.000000	0.000020	0.023458	0.964669	0.011777	0.000000	0.000000	0.000000
270	0.000074	0.000000	0.000024	0.023540	0.964537	0.011825	0.000000	0.000000	0.000000
271	0.000075	0.000000	0.000027	0.023255	0.964887	0.011756	0.000000	0.000000	0.000000
272	0.000065	0.000000	0.000030	0.023307	0.964884	0.011714	0.000000	0.000000	0.000000
273	0.000053	0.000000	0.000022	0.023059	0.965276	0.011590	0.000000	0.000000	0.000000
274	0.000050	0.000000	0.000021	0.023304	0.965070	0.011555	0.000000	0.000000	0.000000
275	0.000033	0.000000	0.000016	0.023291	0.965130	0.011530	0.000000	0.000000	0.000000
276	0.000039	0.000000	0.000014	0.023133	0.965241	0.011573	0.000000	0.000000	0.000000
277	0.000037	0.000000	0.000008	0.022910	0.965422	0.011623	0.000000	0.000000	0.000000
278	0.000038	0.000000	0.000005	0.022873	0.965542	0.011542	0.000000	0.000000	0.000000
279	0.000043	0.000000	0.000001	0.022653	0.965857	0.011446	0.000000	0.000000	0.000000
280	0.000035	0.000000	0.000003	0.022571	0.965863	0.011528	0.000000	0.000000	0.000000
281	0.000030	0.000000	0.000000	0.022721	0.965456	0.011793	0.000000	0.000000	0.000000
282	0.000014	0.000000	0.000000	0.022587	0.965554	0.011845	0.000000	0.000000	0.000000
283	0.000007	0.000000	0.000000	0.022334	0.965724	0.011935	0.000000	0.000000	0.000000
284	0.000002	0.000000	0.000000	0.022342	0.965636	0.012020	0.000000	0.000000	0.000000
285	0.000002	0.000000	0.000000	0.022160	0.965780	0.012058	0.000000	0.000000	0.000000
286	0.000001	0.000000	0.000000	0.022154	0.965699	0.012146	0.000000	0.000000	0.000000
287	0.000003	0.000000	0.000000	0.022122	0.965716	0.012159	0.000000	0.000000	0.000000
288	0.000003	0.000000	0.000000	0.021952	0.965950	0.012095	0.000000	0.000000	0.000000
289	0.000002	0.000000	0.000000	0.021818	0.966049	0.012131	0.000000	0.000000	0.000000
290	0.000000	0.000000	0.000000	0.021929	0.965975	0.012096	0.000000	0.000000	0.000000
291	0.000000	0.000000	0.000000	0.021911	0.966142	0.011947	0.000000	0.000000	0.000000
292	0.000000	0.000000	0.000000	0.021751	0.966220	0.012029	0.000000	0.000000	0.000000
293	0.000000	0.000000	0.000000	0.021904	0.965976	0.012120	0.000000	0.000000	0.000000
294	0.000000	0.000000	0.000000	0.021900	0.965954	0.012146	0.000000	0.000000	0.000000
295	0.000000	0.000000	0.000000	0.021901	0.965980	0.012119	0.000000	0.000000	0.000000
296	0.000000	0.000000	0.000000	0.021851	0.966007	0.012142	0.000000	0.000000	0.000000
297	0.000000	0.000000	0.000000	0.022084	0.965786	0.012130	0.000000	0.000000	0.000000
298	0.000000	0.000000	0.000000	0.022118	0.965880	0.012002	0.000000	0.000000	0.000000
299	0.000000	0.000000	0.000000	0.022082	0.965967	0.011951	0.000000	0.000000	0.000000
300	0.000000	0.000000	0.000000	0.022098	0.965804	0.012098	0.000000	0.000000	0.000000
301	0.000000	0.000000	0.000000	0.021948	0.966034	0.012018	0.000000	0.000000	0.000000
302	0.000000	0.000000	0.000000	0.022131	0.965902	0.011967	0.000000	0.000000	0.000000
303	0.000000	0.000000	0.000000	0.022174	0.965768	0.012058	0.000000	0.000000	0.000000
304	0.000000	0.000000	0.000000	0.022224	0.965633	0.012143	0.000000	0.000000	0.000000
305	0.000000	0.000000	0.000000	0.022209	0.965577	0.012214	0.000000	0.000000	0.000000
306	0.000000	0.000000	0.000000	0.022174	0.965518	0.012308	0.000000	0.000000	0.000000
307	0.000000	0.000000	0.000000	0.022184	0.965524	0.012292	0.000000	0.000000	0.000000
308	0.000000	0.000000	0.000000	0.022135	0.965558	0.012307	0.000000	0.000000	0.000000
309	0.000000	0.000000	0.000000	0.022162	0.965447	0.012391	0.000000	0.000000	0.000000
310	0.000000	0.000000	0.000000	0.022142	0.965414	0.012444	0.000000	0.000000	0.000000
311	0.000000	0.000000	0.000000	0.022013	0.965613	0.012374	0.000000	0.000000	0.000000
312	0.000000	0.000000	0.000000	0.022012	0.965673	0.012315	0.000000	0.000000	0.000000
313	0.000000	0.000000	0.000000	0.022090	0.965504	0.012406	0.000000	0.000000	0.000000
314	0.000000	0.000000	0.000000	0.021890	0.965736	0.012374	0.000000	0.000000	0.000000
315	0.000000	0.000000	0.000000	0.021940	0.965796	0.012264	0.000000	0.000000	0.000000
316	0.000000	0.000000	0.000000	0.022013	0.965735	0.012252	0.000000	0.000000	0.000000
317	0.000000	0.000000	0.000000	0.022005	0.965747	0.012248	0.000000	0.000000	0.000000
318	0.000000	0.000000	0.000000	0.022233	0.965589	0.012178	0.000000	0.000000	0.000000
319	0.000000	0.000000	0.000000	0.022299	0.965503	0.012198	0.000000	0.000000	0.000000
320	0.000000	0.000000	0.000000	0.022292	0.965394	0.012314	0.000000	0.000000	0.000000
321	0.000000	0.000000	0.000000	0.022125	0.965512	0.012363	0.000000	0.000000	0.000000
322	0.000000	0.000000	0.000000	0.022036	0.965585	0.012379	0.000000	0.000000	0.000000
323	0.000000	0.000000	0.000000	0.022251	0.965419	0.012330	0.000000	0.000000	0.000000
324	0.000000	0.000000	0.000000	0.022246	0.965513	0.012241	0.000000	0.000000	0.000000
325	0.000000	0.000000	0.000000	0.022169	0.965493	0.012338	0.000000	0.000000	0.000000
326	0.000000	0.000000	0.000000	0.022194	0.965374	0.012432	0.000000	0.000000	0.000000
327	0.000000	0.000000	0.000000	0.022239	0.965391	0.012370	0.000000	0.000000	0.000000
328	0.000000	0.000000	0.000000	0.022183	0.965441	0.012376	0.000000	0.000000	0.000000
329	0.000000	0.000000	0.000000	0.022378	0.965269	0.012353	0.000000	0.000000	0.000000
330	0.000000	0.000000	0.000000	0.022376	0.965129	0.012495	0.000000	0.000000	0.000000
331	0.000000	0.000000	0.000000	0.022093	0.965463	0.012444	0.000000	0.000000	0.000000
332	0.000000	0.000000	0.000000	0.022185	0.965325	0.012490	0.000000	0.000000	0.000000
333	0.000000	0.000000	0.000000	0.022226	0.965336	0.012438	0.000000	0.000000	0.000000
334	0.000000	0.000000	0.000000	0.022170	0.965437	0.012393	0.000000	0.000000	0.000000
335	0.000000	0.000000	0.000000	0.022255	0.965256	0.012489	0.000000	0.000000	0.000000
336	0.000000	0.000000	0.000000	0.022430	0.965012	0.012558	0.000000	0.000000	0.000000
337	0.000000	0.000000	0.000000	0.022490	0.965207	0.012303	0.000000	0.000000	0.000000
338	0.000000	0.000000	0.000000	0.022468	0.965188	0.012344	0.000000	0.000000	0.000000
339	0.000000	0.000000	0.000000	0.022523	0.965184	0.012293	0.000000	0.000000	0.000000
340	0.000000	0.000000	0.000000	0.022374	0.965325	0.012301	0.000000	0.000000	0.000000
341	0.000000	0.000000	0.000000	0.022450	0.965177	0.012373	0.000000	0.000000	0.000000
342	0.000000	0.000000	0.000000	0.022387	0.965345	0.012268	0.000000	0.000000	0.000000
343	0.000000	0.000000	0.000000	0.022460	0.965178	0.012362	0.000000	0.000000	0.000000
344	0.000000	0.000000	0.000000	0.022354	0.965220	0.012426	0.000000	0.000000	0.000000
345	0.000000	0.000000	0.000000	0.022435	0.965295	0.012270	0.000000	0.000000	0.000000
346	0.000000	0.000000	0.000000	0.022434	0.965348	0.012218	0.000000	0.000000	0.000000
347	0.000000	0.000000	0.000000	0.022260	0.965420	0.012320	0.000000	0.000000	0.000000
348	0.000000	0.000000	0.000000	0.022253	0.965353	0.012394	0.000000	0.000000	0.000000
349	0.000000	0.000000	0.000000	0.022383	0.965226	0.012391	0.000000	0.000000	0.000000
350	0.000000	0.000000	0.000000	0.022382	0.965127	0.012491	0.000000	0.000000	0.000000
351	0.000000	0.000000	0.000000	0.022335	0.965261	0.012404	0.000000	0.000000	0.000000
352	0.000000	0.000000	0.000000	0.022283	0.965355	0.012362	0.000000	0.000000	0.000000
353	0.000000	0.000000	0.000000	0.022261	0.965418	0.012321	0.000000	0.000000	0.000000
354	0.000000	0.000000	0.000000	0.022306	0.965288	0.012406	0.000000	0.000000	0.000000
355	0.000000	0.000000	0.000000	0.022188	0.965479	0.012333	0.000000	0.000000	0.000000
356	0.000000	0.000000	0.000000	0.022199	0.965536	0.012265	0.000000	0.000000	0.000000
357	0.000000	0.000000	0.000000	0.022116	0.965477	0.012407	0.000000	0.000000	0.000000
358	0.000000	0.000000	0.000000	0.022166	0.965459	0.012375	0.000000	0.000000	0.000000
359	0.000000	0.000000	0.000000	0.022236	0.965404	0.012360	0.000000	0.000000	0.000000
360	0.000000	0.000000	0.000000	0.022359	0.965393	0.012248	0.000000	0.000000	0.000000
361	0.000000	0.000000	0.000000	0.022239	0.965481	0.012280	0.000000	0.000000	0.000000
362	0.000000	0.000000	0.000000	0.022121	0.965699	0.012180	0.000000	0.000000	0.000000
363	0.000000	0.000000	0.000000	0.022239	0.965472	0.012289	0.000000	0.000000	0.000000
364	0.000000	0.000000	0.000000	0.022364	0.965375	0.012261	0.000000	0.000000	0.000000
365	0.000000	0.000000	0.000000	0.022183	0.965545	0.012272	0.000000	0.000000	0.000000
366	0.000000	0.000000	0.000000	0.022180	0.965573	0.012247	0.000000	0.000000	0.000000
367	0.000000	0.000000	0.000000	0.022131	0.965586	0.012283	0.000000	0.000000	0.000000
368	0.000000	0.000000	0.000000	0.022306	0.965367	0.012327	0.000000	0.000000	0.000000
369	0.000000	0.000000	0.000000	0.022312	0.965406	0.012282	0.000000	0.000000	0.000000
370	0.000000	0.000000	0.000000	0.022081	0.965695	0.012224	0.000000	0.000000	0.000000
371	0.000000	0.000000	0.000000	0.022165	0.965713	0.012122	0.000000	0.000000	0.000000
372	0.000000	0.000000	0.000000	0.022160	0.965756	0.012084	0.000000	0.000000	0.000000
373	0.000000	0.000000	0.000000	0.022174	0.965789	0.012037	0.000000	0.000000	0.000000
374	0.000000	0.000000	0.000000	0.022092	0.965833	0.012075	0.000000	0.000000	0.000000
375	0.000000	0.000000	0.000000	0.022171	0.965718	0.012111	0.000000	0.000000	0.000000
376	0.000000	0.000000	0.000000	0.022087	0.965725	0.012188	0.000000	0.000000	0.000000
377	0.000000	0.000000	0.000000	0.021987	0.965759	0.012254	0.000000	0.000000	0.000000
378	0.000000	0.000000	0.000000	0.021953	0.965743	0.012304	0.000000	0.000000	0.000000
379	0.000000	0.000000	0.000000	0.021955	0.965935	0.012110	0.000000	0.000000	0.000000
380	0.000000	0.000000	0.000000	0.022010	0.965871	0.012119	0.000000	0.000000	0.000000
381	0.000000	0.000000	0.000000	0.022074	0.965747	0.012179	0.000000	0.000000	0.000000
382	0.000000	0.000000	0.000000	0.022026	0.965669	0.012305	0.000000	0.000000	0.000000
383	0.000000	0.000000	0.000000	0.022008	0.965684	0.012308	0.000000	0.000000	0.000000
384	0.000000	0.000000	0.000000	0.022117	0.965488	0.012395	0.000000	0.000000	0.000000
385	0.000000	0.000000	0.000000	0.022091	0.965603	0.012306	0.000000	0.000000	0.000000
386	0.000000	0.000000	0.000000	0.021861	0.965813	0.012326	0.000000	0.000000	0.000000
387	0.000000	0.000000	0.000000	0.021783	0.965973	0.012244	0.000000	0.000000	0.000000
388	0.000000	0.000000	0.000000	0.021761	0.965961	0.012278	0.000000	0.000000	0.000000
389	0.000000	0.000000	0.000000	0.021708	0.965931	0.012361	0.000000	0.000000	0.000000
390	0.000000	0.000000	0.000000	0.021700	0.965960	0.012340	0.000000	0.000000	0.000000
391	0.000000	0.000000	0.000000	0.021732	0.966076	0.012192	0.000000	0.000000	0.000000
392	0.000000	0.000000	0.000000	0.021694	0.966026	0.012280	0.000000	0.000000	0.000000
393	0.000000	0.000000	0.000000	0.021523	0.966150	0.012327	0.000000	0.000000	0.000000
394	0.000000	0.000000	0.000000	0.021635	0.966096	0.012269	0.000000	0.000000	0.000000
395	0.000000	0.000000	0.000000	0.021561	0.966104	0.012335	0.000000	0.000000	0.000000
396	0.000000	0.000000	0.000000	0.021673	0.965844	0.012483	0.000000	0.000000	0.000000
397	0.000000	0.000000	0.000000	0.021631	0.965853	0.012516	0.000000	0.000000	0.000000
398	0.000000	0.000000	0.000000	0.021770	0.965732	0.012498	0.000000	0.000000	0.000000
399	0.000000	0.000000	0.000000	0.021736	0.965740	0.012524	0.000000	0.000000	0.000000
400	0.000000	0.000000	0.000000	0.021655	0.965888	0.012457	0.000000	0.000000	0.000000
401	0.000000	0.000000	0.000000	0.021547	0.965989	0.012464	0.000000	0.000000	0.000000
402	0.000000	0.000000	0.000000	0.021483	0.966086	0.012431	0.000000	0.000000	0.000000
403	0.000000	0.000000	0.000000	0.021563	0.965998	0.012439	0.000000	0.000000	0.000000
404	0.000000	0.000000	0.000000	0.021651	0.966047	0.012302	0.000000	0.000000	0.000000
405	0.000000	0.000000	0.000000	0.021484	0.965962	0.012554	0.000000	0.000000	0.000000
406	0.000000	0.000000	0.000000	0.021487	0.965898	0.012615	0.000000	0.000000	0.000000
407	0.000000	0.000000	0.000000	0.021487	0.966037	0.012476	0.000000	0.000000	0.000000
408	0.000000	0.000000	0.000000	0.021324	0.966174	0.012502	0.000000	0.000000	0.000000
409	0.000000	0.000000	0.000000	0.021357	0.966088	0.012555	0.000000	0.000000	0.000000
410	0.000000	0.000000	0.000000	0.021344	0.966119	0.012537	0.000000	0.000000	0.000000
411	0.000000	0.000000	0.000000	0.021390	0.966100	0.012510	0.000000	0.000000	0.000000
412	0.000000	0.000000	0.000000	0.021294	0.966182	0.012524	0.000000	0.000000	0.000000
413	0.000000	0.000000	0.000000	0.021304	0.966258	0.012438	0.000000	0.000000	0.000000
414	0.000000	0.000000	0.000000	0.021344	0.966110	0.012546	0.000000	0.000000	0.000000
415	0.000000	0.000000	0.000000	0.021258	0.966267	0.012475	0.000000	0.000000	0.000000
416	0.000000	0.000000	0.000000	0.021272	0.966278	0.012450	0.000000	0.000000	0.000000
417	0.000000	0.000000	0.000000	0.021425	0.966069	0.012506	0.000000	0.000000	0.000000
418	0.000000	0.000000	0.000000	0.021387	0.966148	0.012465	0.000000	0.000000	0.000000
419	0.000000	0.000000	0.000000	0.021390	0.966106	0.012504	0.000000	0.000000	0.000000
420	0.000000	0.000000	0.000000	0.021312	0.966363	0.012325	0.000000	0.000000	0.000000
421	0.000000	0.000000	0.000000	0.021307	0.966269	0.012424	0.000000	0.000000	0.000000
422	0.000000	0.000000	0.000000	0.021207	0.966237	0.012556	0.000000	0.000000	0.000000
423	0.000000	0.000000	0.000000	0.021333	0.966224	0.012443	0.000000	0.000000	0.000000
424	0.000000	0.000000	0.000000	0.021342	0.966179	0.012479	0.000000	0.000000	0.000000
425	0.000000	0.000000	0.000000	0.021443	0.966003	0.012554	0.000000	0.000000	0.000000
426	0.000000	0.000000	0.000000	0.021524	0.965780	0.012696	0.000000	0.000000	0.000000
427	0.000000	0.000000	0.000000	0.021583	0.965746	0.012671	0.000000	0.000000	0.000000
428	0.000000	0.000000	0.000000	0.021529	0.965580	0.012891	0.000000	0.000000	0.000000
429	0.000000	0.000000	0.000000	0.021329	0.965937	0.012734	0.000000	0.000000	0.000000
430	0.000000	0.000000	0.000000	0.021367	0.965796	0.012837	0.000000	0.000000	0.000000
431	0.000000	0.000000	0.000000	0.021333	0.965707	0.012960	0.000000	0.000000	0.000000
432	0.000000	0.000000	0.000000	0.021464	0.965635	0.012901	0.000000	0.000000	0.000000
433	0.000000	0.000000	0.000000	0.021557	0.965650	0.012793	0.000000	0.000000	0.000000
434	0.000000	0.000000	0.000000	0.021480	0.965745	0.012775	0.000000	0.000000	0.000000
435	0.000000	0.000000	0.000000	0.021467	0.965702	0.012831	0.000000	0.000000	0.000000
436	0.000000	0.000000	0.000000	0.021600	0.965770	0.012630	0.000000	0.000000	0.000000
437	0.000000	0.000000	0.000000	0.021587	0.965777	0.012636	0.000000	0.000000	0.000000
438	0.000000	0.000000	0.000000	0.021351	0.965908	0.012741	0.000000	0.000000	0.000000
439	0.000000	0.000000	0.000000	0.021267	0.966037	0.012696	0.000000	0.000000	0.000000
440	0.000000	0.000000	0.000000	0.021223	0.965975	0.012802	0.000000	0.000000	0.000000
441	0.000000	0.000000	0.000000	0.021316	0.965692	0.012992	0.000000	0.000000	0.000000
442	0.000000	0.000000	0.000000	0.021260	0.965884	0.012856	0.000000	0.000000	0.000000
443	0.000000	0.000000	0.000000	0.021424	0.965695	0.012881	0.000000	0.000000	0.000000
444	0.000000	0.000000	0.000000	0.021397	0.965758	0.012845	0.000000	0.000000	0.000000
445	0.000000	0.000000	0.000000	0.021374	0.965749	0.012877	0.000000	0.000000	0.000000
446	0.000000	0.000000	0.000000	0.021257	0.965870	0.012873	0.000000	0.000000	0.000000
447	0.000000	0.000000	0.000000	0.021144	0.965983	0.012873	0.000000	0.000000	0.000000
448	0.000000	0.000000	0.000000	0.021172	0.965734	0.013094	0.000000	0.000000	0.000000
449	0.000000	0.000000	0.000000	0.021184	0.965770	0.013046	0.000000	0.000000	0.000000
450	0.000000	0.000000	0.000000	0.021152	0.965859	0.012989	0.000000	0.000000	0.000000
451	0.000000	0.000000	0.000000	0.021134	0.965825	0.013041	0.000000	0.000000	0.000000
452	0.000000	0.000000	0.000000	0.021235	0.965759	0.013006	0.000000	0.000000	0.000000
453	0.000000	0.000000	0.000000	0.021295	0.965579	0.013126	0.000000	0.000000	0.000000
454	0.000000	0.000000	0.000000	0.021366	0.965598	0.013036	0.000000	0.000000	0.000000
455	0.000000	0.000000	0.000000	0.021403	0.965571	0.013026	0.000000	0.000000	0.000000
456	0.000000	0.000000	0.000000	0.021375	0.965659	0.012966	0.000000	0.000000	0.000000
457	0.000000	0.000000	0.000000	0.021092	0.965947	0.012961	0.000000	0.000000	0.000000
458	0.000000	0.000000	0.000000	0.021050	0.966007	0.012943	0.000000	0.000000	0.000000
459	0.000000	0.000000	0.000000	0.020961	0.966053	0.012986	0.000000	0.000000	0.000000
460	0.000000	0.000000	0.000000	0.021148	0.965948	0.012904	0.000000	0.000000	0.000000
461	0.000000	0.000000	0.000000	0.021216	0.965734	0.013050	0.000000	0.000000	0.000000
462	0.000000	0.000000	0.000000	0.021077	0.965882	0.013041	0.000000	0.000000	0.000000
463	0.000000	0.000000	0.000000	0.021125	0.965901	0.012974	0.000000	0.000000	0.000000
464	0.000000	0.000000	0.000000	0.021029	0.965989	0.012982	0.000000	0.000000	0.000000
465	0.000000	0.000000	0.000000	0.020826	0.966295	0.012879	0.000000	0.000000	0.000000
466	0.000000	0.000000	0.000000	0.020623	0.966528	0.012849	0.000000	0.000000	0.000000
467	0.000000	0.000000	0.000000	0.020630	0.966387	0.012983	0.000000	0.000000	0.000000
468	0.000000	0.000000	0.000000	0.020587	0.966418	0.012995	0.000000	0.000000	0.000000
469	0.000000	0.000000	0.000000	0.020790	0.966257	0.012953	0.000000	0.000000	0.000000
470	0.000000	0.000000	0.000000	0.020869	0.966143	0.012988	0.000000	0.000000	0.000000
