0	0.290663	0.057897	0.229473	0.157588	0.029913	0.111872	0.085455	0.012259	0.024880
1	0.240845	0.049527	0.206750	0.128942	0.026504	0.111994	0.120693	0.023402	0.091343
2	0.248574	0.050494	0.212191	0.114382	0.024388	0.100614	0.122788	0.023961	0.102608
3	0.262442	0.052263	0.218597	0.101500	0.023405	0.089235	0.120647	0.023525	0.108386
4	0.277078	0.054001	0.225035	0.089900	0.022491	0.078599	0.117610	0.022802	0.112484
5	0.291925	0.055912	0.229876	0.080266	0.021614	0.068519	0.113930	0.021612	0.116346
6	0.307183	0.057189	0.234770	0.070775	0.021021	0.060231	0.109392	0.020439	0.119000
7	0.322179	0.058341	0.238542	0.062999	0.020310	0.052316	0.104511	0.019326	0.121476
8	0.336154	0.059752	0.241602	0.055712	0.019529	0.045427	0.099331	0.018274	0.124219
9	0.349344	0.061312	0.243808	0.049241	0.018959	0.039562	0.094785	0.017357	0.125632
10	0.362260	0.062346	0.245199	0.043667	0.018524	0.034136	0.090173	0.016471	0.127224
11	0.374665	0.063676	0.245210	0.038770	0.018090	0.029582	0.085708	0.015576	0.128723
12	0.387174	0.064553	0.245888	0.034245	0.017751	0.025478	0.080962	0.014644	0.129305
13	0.399738	0.065309	0.245853	0.030227	0.017100	0.022016	0.076003	0.013862	0.129892
14	0.410958	0.066290	0.245431	0.026647	0.016688	0.019217	0.071407	0.013124	0.130238
15	0.421674	0.067125	0.243961	0.023753	0.016169	0.016558	0.067226	0.012412	0.131122
16	0.431129	0.068030	0.243006	0.020963	0.015752	0.014400	0.063252	0.011791	0.131677
17	0.440465	0.068853	0.242506	0.018291	0.015458	0.012496	0.059512	0.011068	0.131351
18	0.450143	0.069459	0.240710	0.016186	0.014994	0.010741	0.056054	0.010370	0.131343
19	0.458941	0.070284	0.239262	0.014307	0.014789	0.009314	0.052412	0.009538	0.131153
20	0.467699	0.070794	0.237501	0.012462	0.014454	0.007997	0.049054	0.008895	0.131144
21	0.475329	0.071258	0.235591	0.011198	0.014262	0.006900	0.045985	0.008217	0.131260
22	0.483351	0.071806	0.233617	0.009854	0.013859	0.006249	0.042851	0.007799	0.130614
23	0.490341	0.072306	0.232076	0.008743	0.013694	0.005346	0.040030	0.007363	0.130101
24	0.497801	0.073074	0.229030	0.007814	0.013338	0.004673	0.037573	0.006992	0.129705
25	0.505110	0.073709	0.226635	0.006953	0.013098	0.004104	0.035151	0.006445	0.128795
26	0.510977	0.073923	0.225182	0.006281	0.012860	0.003577	0.032772	0.006103	0.128325
27	0.517878	0.074182	0.222595	0.005535	0.012554	0.003171	0.030839	0.005692	0.127554
28	0.523453	0.074424	0.220416	0.005066	0.012315	0.002864	0.028693	0.005312	0.127457
29	0.528727	0.074829	0.218167	0.004608	0.012366	0.002531	0.026824	0.004985	0.126963
30	0.534764	0.075352	0.215347	0.004161	0.012149	0.002160	0.025094	0.004712	0.126261
31	0.539620	0.075590	0.213662	0.003738	0.011902	0.001921	0.023645	0.004263	0.125659
32	0.544389	0.075604	0.211532	0.003359	0.011769	0.001694	0.022217	0.003971	0.125465
33	0.549933	0.075881	0.209426	0.002937	0.011521	0.001542	0.021039	0.003712	0.124009
34	0.553986	0.076039	0.207636	0.002646	0.011492	0.001370	0.019703	0.003432	0.123696
35	0.558478	0.076611	0.205678	0.002404	0.011220	0.001256	0.018368	0.003272	0.122713
36	0.562966	0.077183	0.203037	0.002205	0.011071	0.001077	0.017095	0.003023	0.122343
37	0.567143	0.077461	0.200715	0.001993	0.010761	0.000958	0.016372	0.002882	0.121715
38	0.571892	0.077640	0.198520	0.001686	0.010752	0.000857	0.015249	0.002658	0.120746
39	0.575746	0.077869	0.196707	0.001641	0.010675	0.000787	0.014448	0.002444	0.119683
40	0.579761	0.078154	0.194692	0.001527	0.010436	0.000721	0.013649	0.002346	0.118714
41	0.583200	0.078478	0.192691	0.001377	0.010247	0.000648	0.013149	0.002228	0.117982
42	0.587236	0.078725	0.190870	0.001245	0.009946	0.000575	0.012253	0.002047	0.117103
43	0.591039	0.079177	0.189038	0.001104	0.009905	0.000532	0.011496	0.001936	0.115773
44	0.594902	0.079490	0.187173	0.001010	0.009746	0.000458	0.010711	0.001794	0.114716
45	0.598066	0.080148	0.185349	0.000979	0.009629	0.000397	0.010201	0.001742	0.113489
46	0.601419	0.080310	0.183114	0.000869	0.009596	0.000396	0.009651	0.001696	0.112949
47	0.605523	0.080560	0.181081	0.000775	0.009418	0.000361	0.009087	0.001615	0.111580
48	0.608506	0.080684	0.179627	0.000713	0.009361	0.000330	0.008640	0.001537	0.110602
49	0.612612	0.080936	0.177178	0.000695	0.009319	0.000298	0.007980	0.001482	0.109500
50	0.615534	0.081272	0.175814	0.000655	0.009073	0.000264	0.007617	0.001369	0.108402
51	0.618518	0.081514	0.174302	0.000547	0.009016	0.000229	0.007060	0.001272	0.107542
52	0.621844	0.081734	0.172227	0.000543	0.008955	0.000220	0.006599	0.001139	0.106739
53	0.624881	0.081934	0.170717	0.000496	0.008823	0.000216	0.006213	0.001073	0.105647
54	0.627938	0.081871	0.168954	0.000457	0.008875	0.000221	0.005826	0.001005	0.104853
55	0.631259	0.082226	0.167079	0.000410	0.008878	0.000193	0.005567	0.000922	0.103466
56	0.634248	0.082258	0.165312	0.000363	0.008924	0.000165	0.005140	0.000882	0.102708
57	0.637187	0.082519	0.163466	0.000356	0.008899	0.000177	0.004846	0.000812	0.101738
58	0.640141	0.082800	0.161823	0.000345	0.008989	0.000146	0.004594	0.000740	0.100422
59	0.643346	0.083134	0.160600	0.000344	0.008923	0.000132	0.004320	0.000690	0.098511
60	0.646469	0.083316	0.158572	0.000330	0.008914	0.000145	0.004123	0.000653	0.097478
61	0.649716	0.083354	0.157252	0.000313	0.008821	0.000139	0.003833	0.000595	0.095977
62	0.653335	0.083610	0.155327	0.000286	0.008711	0.000119	0.003493	0.000554	0.094565
63	0.655985	0.084020	0.153543	0.000276	0.008759	0.000136	0.003267	0.000510	0.093504
64	0.658802	0.084317	0.152057	0.000262	0.008762	0.000124	0.003125	0.000480	0.092071
65	0.662271	0.084709	0.150413	0.000229	0.008692	0.000099	0.002962	0.000430	0.090195
66	0.664886	0.084785	0.149186	0.000222	0.008622	0.000107	0.002765	0.000410	0.089017
67	0.667304	0.085219	0.147666	0.000225	0.008645	0.000097	0.002545	0.000369	0.087930
68	0.670480	0.084981	0.146168	0.000197	0.008712	0.000081	0.002439	0.000353	0.086589
69	0.673020	0.084760	0.145390	0.000199	0.008542	0.000088	0.002338	0.000337	0.085326
70	0.675171	0.085180	0.144166	0.000200	0.008485	0.000077	0.002176	0.000334	0.084211
71	0.677364	0.085060	0.143487	0.000186	0.008481	0.000058	0.002030	0.000335	0.082999
72	0.680187	0.085016	0.142054	0.000172	0.008534	0.000051	0.001947	0.000296	0.081743
73	0.681812	0.085417	0.141523	0.000169	0.008510	0.000062	0.001864	0.000262	0.080381
74	0.684357	0.085270	0.140412	0.000167	0.008531	0.000069	0.001755	0.000264	0.079175
75	0.686681	0.085610	0.139076	0.000155	0.008580	0.000073	0.001626	0.000255	0.077944
76	0.689151	0.085744	0.138271	0.000147	0.008604	0.000072	0.001463	0.000234	0.076314
77	0.692147	0.085486	0.136817	0.000145	0.008462	0.000065	0.001395	0.000264	0.075219
78	0.694742	0.085215	0.135952	0.000144	0.008471	0.000066	0.001360	0.000218	0.073832
79	0.696932	0.085438	0.134817	0.000149	0.008439	0.000052	0.001240	0.000203	0.072730
80	0.699353	0.085419	0.133549	0.000143	0.008509	0.000054	0.001130	0.000210	0.071633
81	0.701435	0.085757	0.132544	0.000129	0.008443	0.000065	0.001070	0.000192	0.070365
82	0.703949	0.085705	0.131437	0.000129	0.008484	0.000059	0.001025	0.000190	0.069022
83	0.705933	0.086183	0.130642	0.000111	0.008467	0.000062	0.000955	0.000165	0.067482
84	0.708048	0.086171	0.129918	0.000121	0.008508	0.000056	0.000883	0.000148	0.066147
85	0.709663	0.086663	0.128902	0.000123	0.008568	0.000064	0.000813	0.000134	0.065070
86	0.712366	0.086677	0.127683	0.000120	0.008498	0.000058	0.000773	0.000113	0.063712
87	0.714409	0.086571	0.127260	0.000118	0.008537	0.000065	0.000726	0.000103	0.062211
88	0.716098	0.086629	0.126622	0.000122	0.008608	0.000046	0.000654	0.000100	0.061121
89	0.718059	0.086371	0.126030	0.000121	0.008524	0.000041	0.000595	0.000081	0.060178
90	0.720323	0.086377	0.125377	0.000125	0.008509	0.000039	0.000544	0.000078	0.058628
91	0.722480	0.086220	0.124543	0.000132	0.008534	0.000030	0.000532	0.000064	0.057465
92	0.724007	0.086575	0.123775	0.000135	0.008544	0.000029	0.000481	0.000072	0.056382
93	0.725841	0.086237	0.123500	0.000110	0.008525	0.000034	0.000513	0.000055	0.055185
94	0.727516	0.086192	0.123136	0.000103	0.008550	0.000030	0.000440	0.000052	0.053981
95	0.729369	0.086286	0.122254	0.000110	0.008518	0.000029	0.000422	0.000042	0.052970
96	0.730617	0.086563	0.122016	0.000108	0.008480	0.000029	0.000385	0.000041	0.051761
97	0.732298	0.086734	0.121405	0.000118	0.008410	0.000024	0.000360	0.000029	0.050622
98	0.733731	0.086976	0.120619	0.000115	0.008374	0.000020	0.000336	0.000034	0.049795
99	0.735228	0.086634	0.120422	0.000116	0.008397	0.000019	0.000321	0.000024	0.048839
100	0.736827	0.086337	0.120293	0.000093	0.008401	0.000023	0.000300	0.000017	0.047709
101	0.737689	0.086673	0.120044	0.000096	0.008449	0.000017	0.000288	0.000015	0.046729
102	0.739836	0.086537	0.119397	0.000090	0.008444	0.000024	0.000263	0.000013	0.045396
103	0.741709	0.086715	0.118552	0.000088	0.008342	0.000025	0.000224	0.000015	0.044330
104	0.743350	0.086573	0.118131	0.000079	0.008339	0.000025	0.000214	0.000010	0.043279
105	0.744831	0.086554	0.117652	0.000093	0.008249	0.000025	0.000181	0.000013	0.042402
106	0.746169	0.086382	0.117228	0.000084	0.008235	0.000031	0.000155	0.000014	0.041702
107	0.748554	0.086106	0.116204	0.000080	0.008236	0.000037	0.000166	0.000012	0.040605
108	0.749870	0.086071	0.115917	0.000088	0.008199	0.000034	0.000151	0.000013	0.039657
109	0.750767	0.086276	0.115940	0.000076	0.008117	0.000035	0.000153	0.000016	0.038620
110	0.752325	0.086663	0.114625	0.000074	0.008187	0.000042	0.000156	0.000014	0.037914
111	0.753446	0.086807	0.114432	0.000071	0.008073	0.000031	0.000130	0.000023	0.036987
112	0.754945	0.086729	0.114045	0.000066	0.008021	0.000035	0.000131	0.000018	0.036010
113	0.756498	0.086983	0.113313	0.000067	0.008043	0.000033	0.000120	0.000009	0.034934
114	0.758464	0.086909	0.112246	0.000065	0.007996	0.000030	0.000118	0.000011	0.034161
115	0.759607	0.086883	0.112081	0.000072	0.007949	0.000029	0.000120	0.000012	0.033247
116	0.760705	0.086975	0.111516	0.000067	0.008006	0.000035	0.000106	0.000012	0.032578
117	0.761373	0.087301	0.111231	0.000066	0.007969	0.000036	0.000090	0.000012	0.031922
118	0.762910	0.086820	0.110917	0.000067	0.008053	0.000030	0.000083	0.000014	0.031106
119	0.764127	0.086960	0.110408	0.000065	0.008005	0.000032	0.000066	0.000014	0.030323
120	0.765048	0.086988	0.110038	0.000055	0.008154	0.000034	0.000059	0.000007	0.029617
121	0.765783	0.087127	0.109839	0.000049	0.008153	0.000037	0.000054	0.000009	0.028949
122	0.767350	0.086906	0.109408	0.000035	0.008170	0.000039	0.000057	0.000009	0.028026
123	0.768277	0.086871	0.109029	0.000042	0.008225	0.000043	0.000050	0.000007	0.027456
124	0.768887	0.086807	0.109039	0.000036	0.008174	0.000050	0.000050	0.000006	0.026951
125	0.769854	0.086912	0.108598	0.000037	0.008244	0.000055	0.000048	0.000005	0.026247
126	0.770390	0.086923	0.108450	0.000038	0.008285	0.000053	0.000041	0.000005	0.025815
127	0.770790	0.087162	0.108445	0.000042	0.008349	0.000057	0.000037	0.000003	0.025115
128	0.771358	0.087263	0.108457	0.000028	0.008237	0.000047	0.000036	0.000002	0.024572
129	0.772424	0.087025	0.107979	0.000025	0.008292	0.000049	0.000028	0.000000	0.024178
130	0.773468	0.086716	0.107825	0.000025	0.008264	0.000043	0.000021	0.000000	0.023638
131	0.774473	0.086808	0.107669	0.000025	0.008191	0.000057	0.000020	0.000000	0.022757
132	0.775304	0.086673	0.107328	0.000025	0.008290	0.000049	0.000013	0.000000	0.022318
133	0.776254	0.086360	0.107204	0.000023	0.008278	0.000050	0.000010	0.000000	0.021821
134	0.777866	0.086283	0.106150	0.000027	0.008281	0.000048	0.000011	0.000000	0.021334
135	0.778928	0.085906	0.105926	0.000028	0.008279	0.000046	0.000008	0.000000	0.020879
136	0.779503	0.085929	0.105812	0.000033	0.008260	0.000045	0.000006	0.000000	0.020412
137	0.780292	0.086032	0.105547	0.000037	0.008261	0.000034	0.000006	0.000000	0.019791
138	0.781119	0.085687	0.105718	0.000030	0.008255	0.000025	0.000004	0.000000	0.019162
139	0.781666	0.085629	0.105623	0.000031	0.008227	0.000034	0.000004	0.000000	0.018786
140	0.782773	0.085496	0.105075	0.000038	0.008236	0.000031	0.000001	0.000000	0.018350
141	0.783654	0.085408	0.104842	0.000031	0.008208	0.000034	0.000001	0.000000	0.017822
142	0.784052	0.085584	0.104667	0.000029	0.008180	0.000033	0.000000	0.000000	0.017455
143	0.785298	0.085208	0.104376	0.000028	0.008207	0.000037	0.000000	0.000000	0.016846
144	0.785996	0.085053	0.104249	0.000023	0.008155	0.000035	0.000000	0.000000	0.016489
145	0.787021	0.085004	0.103752	0.000027	0.008164	0.000030	0.000000	0.000000	0.016002
146	0.787706	0.085001	0.103629	0.000025	0.008278	0.000032	0.000000	0.000000	0.015329
147	0.787671	0.085215	0.103891	0.000022	0.008135	0.000025	0.000000	0.000000	0.015041
148	0.788370	0.085211	0.103596	0.000022	0.008154	0.000024	0.000000	0.000000	0.014623
149	0.789351	0.084991	0.103323	0.000021	0.008137	0.000027	0.000000	0.000000	0.014150
150	0.790214	0.084862	0.102894	0.000019	0.008160	0.000026	0.000000	0.000000	0.013825
151	0.790954	0.084880	0.102624	0.000013	0.008092	0.000022	0.000000	0.000000	0.013415
152	0.791823	0.084459	0.102311	0.000018	0.008149	0.000031	0.000000	0.000000	0.013209
153	0.792218	0.084556	0.102180	0.000021	0.008148	0.000026	0.000000	0.000000	0.012851
154	0.792617	0.084725	0.101921	0.000017	0.008212	0.000026	0.000000	0.000000	0.012482
155	0.793250	0.084749	0.101494	0.000017	0.008128	0.000026	0.000000	0.000000	0.012336
156	0.794186	0.084471	0.101222	0.000017	0.008155	0.000034	0.000000	0.000000	0.011915
157	0.795325	0.084111	0.100881	0.000020	0.008154	0.000036	0.000000	0.000000	0.011473
158	0.795474	0.084337	0.100737	0.000027	0.008142	0.000028	0.000000	0.000000	0.011255
159	0.796258	0.084196	0.100447	0.000028	0.008117	0.000020	0.000000	0.000000	0.010934
160	0.795916	0.084008	0.101111	0.000018	0.008175	0.000022	0.000000	0.000000	0.010750
161	0.796433	0.083877	0.101120	0.000021	0.008289	0.000020	0.000000	0.000000	0.010240
162	0.797368	0.083658	0.100718	0.000024	0.008243	0.000020	0.000000	0.000000	0.009969
163	0.797340	0.083910	0.100768	0.000025	0.008297	0.000015	0.000000	0.000000	0.009645
164	0.797384	0.084049	0.100844	0.000013	0.008143	0.000014	0.000000	0.000000	0.009553
165	0.797881	0.083826	0.100979	0.000010	0.008103	0.000011	0.000000	0.000000	0.009190
166	0.798096	0.083901	0.100976	0.000011	0.008092	0.000017	0.000000	0.000000	0.008907
167	0.798395	0.083733	0.100992	0.000019	0.008091	0.000014	0.000000	0.000000	0.008756
168	0.798083	0.084248	0.100997	0.000015	0.008016	0.000012	0.000000	0.000000	0.008629
169	0.798200	0.084320	0.101006	0.000013	0.008027	0.000008	0.000000	0.000000	0.008426
170	0.798137	0.084606	0.100964	0.000017	0.008015	0.000005	0.000000	0.000000	0.008256
171	0.798782	0.084499	0.100656	0.000018	0.007920	0.000007	0.000000	0.000000	0.008118
172	0.799547	0.084088	0.100510	0.000014	0.007921	0.000010	0.000000	0.000000	0.007910
173	0.800004	0.084021	0.100480	0.000014	0.007777	0.000013	0.000000	0.000000	0.007691
174	0.800198	0.084152	0.100333	0.000013	0.007769	0.000015	0.000000	0.000000	0.007520
175	0.800343	0.084505	0.100194	0.000014	0.007679	0.000009	0.000000	0.000000	0.007256
176	0.800788	0.084289	0.100114	0.000013	0.007663	0.000011	0.000000	0.000000	0.007122
177	0.801213	0.084282	0.100062	0.000012	0.007556	0.000007	0.000000	0.000000	0.006868
178	0.801780	0.084144	0.099707	0.000015	0.007516	0.000005	0.000000	0.000000	0.006833
179	0.802010	0.084056	0.099641	0.000021	0.007631	0.000008	0.000000	0.000000	0.006633
180	0.802325	0.084030	0.099481	0.000019	0.007531	0.000008	0.000000	0.000000	0.006606
181	0.802623	0.083927	0.099410	0.000021	0.007498	0.000009	0.000000	0.000000	0.006512
182	0.803112	0.083741	0.099188	0.000028	0.007550	0.000006	0.000000	0.000000	0.006375
183	0.803402	0.084065	0.098800	0.000034	0.007510	0.000007	0.000000	0.000000	0.006182
184	0.803174	0.084155	0.099108	0.000030	0.007422	0.000005	0.000000	0.000000	0.006106
185	0.803183	0.084402	0.099075	0.000032	0.007297	0.000008	0.000000	0.000000	0.006003
186	0.803786	0.084207	0.098791	0.000030	0.007328	0.000005	0.000000	0.000000	0.005853
187	0.804041	0.084137	0.098928	0.000034	0.007300	0.000003	0.000000	0.000000	0.005557
188	0.803838	0.084354	0.099086	0.000035	0.007250	0.000003	0.000000	0.000000	0.005434
189	0.804234	0.084323	0.098907	0.000029	0.007188	0.000004	0.000000	0.000000	0.005315
190	0.804557	0.084041	0.098969	0.000036	0.007102	0.000001	0.000000	0.000000	0.005294
191	0.804847	0.084118	0.098601	0.000030	0.007151	0.000001	0.000000	0.000000	0.005252
192	0.805021	0.083928	0.098767	0.000026	0.007237	0.000000	0.000000	0.000000	0.005021
193	0.804984	0.083964	0.098903	0.000029	0.007198	0.000000	0.000000	0.000000	0.004922
194	0.805744	0.083586	0.098735	0.000030	0.007086	0.000000	0.000000	0.000000	0.004819
195	0.805710	0.083884	0.098630	0.000038	0.007060	0.000000	0.000000	0.000000	0.004678
196	0.806108	0.083895	0.098305	0.000042	0.007002	0.000000	0.000000	0.000000	0.004648
197	0.806520	0.083736	0.098249	0.000037	0.006937	0.000000	0.000000	0.000000	0.004521
198	0.806462	0.083818	0.098350	0.000038	0.006842	0.000000	0.000000	0.000000	0.004490
199	0.807006	0.083460	0.098317	0.000032	0.006792	0.000000	0.000000	0.000000	0.004393
200	0.807037	0.083742	0.098097	0.000040	0.006800	0.000000	0.000000	0.000000	0.004284
201	0.807153	0.083826	0.097912	0.000032	0.006835	0.000000	0.000000	0.000000	0.004242
202	0.807704	0.083539	0.097796	0.000032	0.006830	0.000000	0.000000	0.000000	0.004099
203	0.807955	0.083621	0.097619	0.000024	0.006735	0.000000	0.000000	0.000000	0.004046
204	0.807783	0.083748	0.097804	0.000033	0.006678	0.000000	0.000000	0.000000	0.003954
205	0.808194	0.083977	0.097285	0.000024	0.006625	0.000000	0.000000	0.000000	0.003895
206	0.808428	0.083934	0.097114	0.000028	0.006622	0.000000	0.000000	0.000000	0.003874
207	0.808020	0.083948	0.097682	0.000034	0.006599	0.000000	0.000000	0.000000	0.003717
208	0.808712	0.083820	0.097242	0.000032	0.006528	0.000000	0.000000	0.000000	0.003666
209	0.809264	0.083654	0.097047	0.000034	0.006465	0.000000	0.000000	0.000000	0.003536
210	0.809176	0.083515	0.097339	0.000037	0.006433	0.000000	0.000000	0.000000	0.003500
211	0.809752	0.083418	0.097049	0.000040	0.006339	0.000000	0.000000	0.000000	0.003402
212	0.809790	0.083523	0.097117	0.000034	0.006247	0.000000	0.000000	0.000000	0.003289
213	0.810149	0.083464	0.096926	0.000026	0.006249	0.000000	0.000000	0.000000	0.003186
214	0.810224	0.083425	0.097022	0.000041	0.006154	0.000000	0.000000	0.000000	0.003134
215	0.810392	0.083293	0.097004	0.000044	0.006187	0.000000	0.000000	0.000000	0.003080
216	0.810706	0.083127	0.096847	0.000043	0.006182	0.000000	0.000000	0.000000	0.003095
217	0.811123	0.083103	0.096716	0.000047	0.006122	0.000000	0.000000	0.000000	0.002889
218	0.811354	0.083107	0.096494	0.000040	0.006125	0.000000	0.000000	0.000000	0.002880
219	0.810968	0.083235	0.096972	0.000042	0.006048	0.000000	0.000000	0.000000	0.002735
220	0.810686	0.083453	0.097246	0.000035	0.005887	0.000000	0.000000	0.000000	0.002693
221	0.810536	0.083875	0.096990	0.000026	0.005939	0.000000	0.000000	0.000000	0.002634
222	0.810196	0.083796	0.097551	0.000023	0.005819	0.000000	0.000000	0.000000	0.002615
223	0.810086	0.083592	0.097868	0.000023	0.005869	0.000000	0.000000	0.000000	0.002562
224	0.810155	0.083633	0.097930	0.000024	0.005744	0.000000	0.000000	0.000000	0.002514
225	0.810298	0.083589	0.097878	0.000025	0.005750	0.000000	0.000000	0.000000	0.002460
226	0.810751	0.083378	0.097637	0.000023	0.005747	0.000000	0.000000	0.000000	0.002464
227	0.810827	0.083337	0.097606	0.000025	0.005760	0.000000	0.000000	0.000000	0.002445
228	0.810583	0.083442	0.097743	0.000017	0.005799	0.000000	0.000000	0.000000	0.002416
229	0.810803	0.083411	0.097732	0.000013	0.005729	0.000000	0.000000	0.000000	0.002312
230	0.811014	0.083017	0.098030	0.000014	0.005662	0.000000	0.000000	0.000000	0.002263
231	0.811392	0.082892	0.097880	0.000017	0.005558	0.000000	0.000000	0.000000	0.002261
232	0.811571	0.082947	0.097685	0.000016	0.005616	0.000000	0.000000	0.000000	0.002165
233	0.811681	0.082788	0.097730	0.000015	0.005597	0.000000	0.000000	0.000000	0.002189
234	0.811738	0.082757	0.097764	0.000009	0.005595	0.000000	0.000000	0.000000	0.002137
235	0.811660	0.082662	0.098106	0.000011	0.005516	0.000000	0.000000	0.000000	0.002045
236	0.812187	0.082576	0.097772	0.000010	0.005477	0.000000	0.000000	0.000000	0.001978
237	0.811839	0.082572	0.098149	0.000013	0.005476	0.000000	0.000000	0.000000	0.001951
238	0.812301	0.082572	0.097798	0.000019	0.005376	0.000000	0.000000	0.000000	0.001934
239	0.812039	0.082451	0.098212	0.000017	0.005387	0.000000	0.000000	0.000000	0.001894
240	0.812313	0.082230	0.098214	0.000017	0.005336	0.000000	0.000000	0.000000	0.001890
241	0.811809	0.082387	0.098622	0.000017	0.005330	0.000000	0.000000	0.000000	0.001835
242	0.811429	0.082439	0.098795	0.000022	0.005425	0.000000	0.000000	0.000000	0.001890
243	0.811860	0.082516	0.098425	0.000020	0.005278	0.000000	0.000000	0.000000	0.001901
244	0.812108	0.081995	0.098775	0.000019	0.005279	0.000000	0.000000	0.000000	0.001824
245	0.812071	0.081951	0.098879	0.000017	0.005254	0.000000	0.000000	0.000000	0.001828
246	0.811734	0.082493	0.098629	0.000016	0.005280	0.000000	0.000000	0.000000	0.001848
247	0.812274	0.082052	0.098591	0.000022	0.005239	0.000000	0.000000	0.000000	0.001822
248	0.812533	0.082271	0.098179	0.000017	0.005180	0.000000	0.000000	0.000000	0.001820
249	0.812615	0.082212	0.098130	0.000015	0.005187	0.000000	0.000000	0.000000	0.001841
250	0.812673	0.082231	0.098159	0.000014	0.005143	0.000000	0.000000	0.000000	0.001780
251	0.812349	0.082095	0.098607	0.000015	0.005141	0.000000	0.000000	0.000000	0.001793
252	0.812157	0.082259	0.098708	0.000012	0.005103	0.000000	0.000000	0.000000	0.001761
253	0.812489	0.082599	0.098119	0.000015	0.005048	0.000000	0.000000	0.000000	0.001730
254	0.812568	0.082751	0.097960	0.000015	0.005027	0.000000	0.000000	0.000000	0.001679
255	0.812736	0.082641	0.097977	0.000013	0.004987	0.000000	0.000000	0.000000	0.001646
256	0.813127	0.082499	0.097735	0.000014	0.005020	0.000000	0.000000	0.000000	0.001605
257	0.813249	0.082018	0.098193	0.000005	0.004930	0.000000	0.000000	0.000000	0.001605
258	0.812887	0.082292	0.098286	0.000006	0.004940	0.000000	0.000000	0.000000	0.001589
259	0.812898	0.082432	0.098272	0.000007	0.004823	0.000000	0.000000	0.000000	0.001568
260	0.812514	0.082655	0.098492	0.000011	0.004822	0.000000	0.000000	0.000000	0.001506
261	0.812290	0.082613	0.098711	0.000008	0.004895	0.000000	0.000000	0.000000	0.001483
262	0.812608	0.082547	0.098525	0.000004	0.004876	0.000000	0.000000	0.000000	0.001440
263	0.812537	0.082579	0.098587	0.000006	0.004821	0.000000	0.000000	0.000000	0.001470
264	0.812284	0.082705	0.098764	0.000004	0.004785	0.000000	0.000000	0.000000	0.001458
265	0.812184	0.082796	0.098846	0.000003	0.004737	0.000000	0.000000	0.000000	0.001434
266	0.812254	0.082684	0.098973	0.000002	0.004695	0.000000	0.000000	0.000000	0.001392
267	0.812468	0.082768	0.098699	0.000000	0.004700	0.000000	0.000000	0.000000	0.001365
268	0.812507	0.083080	0.098402	0.000001	0.004680	0.000000	0.000000	0.000000	0.001330
269	0.812062	0.083267	0.098740	0.000000	0.004666	0.000000	0.000000	0.000000	0.001265
270	0.812193	0.083410	0.098559	0.000000	0.004598	0.000000	0.000000	0.000000	0.001240
271	0.812453	0.082876	0.098843	0.000000	0.004595	0.000000	0.000000	0.000000	0.001233
272	0.812409	0.083187	0.098775	0.000000	0.004452	0.000000	0.000000	0.000000	0.001177
273	0.812296	0.083480	0.098610	0.000000	0.004501	0.000000	0.000000	0.000000	0.001113
274	0.812734	0.083254	0.098440	0.000000	0.004454	0.000000	0.000000	0.000000	0.001118
275	0.812769	0.083248	0.098474	0.000000	0.004400	0.000000	0.000000	0.000000	0.001109
276	0.812674	0.083011	0.098832	0.000000	0.004398	0.000000	0.000000	0.000000	0.001085
277	0.813152	0.082668	0.098794	0.000000	0.004368	0.000000	0.000000	0.000000	0.001018
278	0.813643	0.082305	0.098634	0.000000	0.004424	0.000000	0.000000	0.000000	0.000994
279	0.814072	0.082177	0.098397	0.000000	0.004377	0.000000	0.000000	0.000000	0.000977
280	0.814032	0.082426	0.098237	0.000000	0.004349	0.000000	0.000000	0.000000	0.000956
281	0.814422	0.082086	0.098266	0.000000	0.004316	0.000000	0.000000	0.000000	0.000910
282	0.814241	0.082159	0.098422	0.000000	0.004302	0.000000	0.000000	0.000000	0.000876
283	0.814463	0.081712	0.098621	0.000000	0.004326	0.000000	0.000000	0.000000	0.000878
284	0.814479	0.081897	0.098460	0.000000	0.004331	0.000000	0.000000	0.000000	0.000833
285	0.814561	0.081907	0.098382	0.000000	0.004317	0.000000	0.000000	0.000000	0.000833
286	0.814538	0.081750	0.098614	0.000000	0.004266	0.000000	0.000000	0.000000	0.000832
287	0.813940	0.082192	0.098813	0.000000	0.004203	0.000000	0.000000	0.000000	0.000852
288	0.814132	0.081969	0.098947	0.000000	0.004128	0.000000	0.000000	0.000000	0.000824
289	0.814478	0.081674	0.098877	0.000000	0.004136	0.000000	0.000000	0.000000	0.000835
290	0.813722	0.081974	0.099339	0.000000	0.004119	0.000000	0.000000	0.000000	0.000846
291	0.813734	0.081662	0.099614	0.000000	0.004144	0.000000	0.000000	0.000000	0.000846
292	0.813660	0.081638	0.099694	0.000000	0.004181	0.000000	0.000000	0.000000	0.000827
293	0.813684	0.081495	0.099813	0.000000	0.004180	0.000000	0.000000	0.000000	0.000828
294	0.813894	0.081392	0.099721	0.000000	0.004176	0.000000	0.000000	0.000000	0.000817
295	0.814109	0.081480	0.099386	0.000000	0.004205	0.000000	0.000000	0.000000	0.000820
296	0.814064	0.081458	0.099480	0.000000	0.004169	0.000000	0.000000	0.000000	0.000829
297	0.814404	0.081202	0.099461	0.000000	0.004136	0.000000	0.000000	0.000000	0.000797
298	0.814277	0.081228	0.099594	0.000000	0.004134	0.000000	0.000000	0.000000	0.000767
299	0.814340	0.081501	0.099328	0.000000	0.004063	0.000000	0.000000	0.000000	0.000768
300	0.814451	0.081328	0.099448	0.000000	0.004032	0.000000	0.000000	0.000000	0.000741
301	0.814208	0.081580	0.099315	0.000000	0.004148	0.000000	0.000000	0.000000	0.000749
302	0.814626	0.081444	0.099043	0.000000	0.004126	0.000000	0.000000	0.000000	0.000761
303	0.814953	0.081163	0.099006	0.000000	0.004189	0.000000	0.000000	0.000000	0.000689
304	0.815015	0.081020	0.099134	0.000000	0.004177	0.000000	0.000000	0.000000	0.000654
305	0.814799	0.081361	0.099055	0.000000	0.004132	0.000000	0.000000	0.000000	0.000653
306	0.814764	0.081437	0.099115	0.000000	0.004053	0.000000	0.000000	0.000000	0.000631
307	0.814812	0.081006	0.099472	0.000000	0.004085	0.000000	0.000000	0.000000	0.000625
308	0.814548	0.081166	0.099610	0.000000	0.004067	0.000000	0.000000	0.000000	0.000609
309	0.815056	0.080920	0.099406	0.000000	0.004012	0.000000	0.000000	0.000000	0.000606
310	0.814707	0.080986	0.099665	0.000000	0.004063	0.000000	0.000000	0.000000	0.000579
311	0.814281	0.081148	0.099914	0.000000	0.004064	0.000000	0.000000	0.000000	0.000593
312	0.814663	0.081071	0.099753	0.000000	0.003929	0.000000	0.000000	0.000000	0.000584
313	0.814475	0.081131	0.099918	0.000000	0.003912	0.000000	0.000000	0.000000	0.000564
314	0.814868	0.081130	0.099548	0.000000	0.003879	0.000000	0.000000	0.000000	0.000575
315	0.814904	0.081137	0.099503	0.000000	0.003876	0.000000	0.000000	0.000000	0.000580
316	0.814647	0.081190	0.099730	0.000000	0.003867	0.000000	0.000000	0.000000	0.000566
317	0.814773	0.081178	0.099593	0.000000	0.003886	0.000000	0.000000	0.000000	0.000570
318	0.814818	0.081204	0.099673	0.000000	0.003735	0.000000	0.000000	0.000000	0.000570
319	0.815139	0.081251	0.099353	0.000000	0.003694	0.000000	0.000000	0.000000	0.000563
320	0.815430	0.081067	0.099218	0.000000	0.003735	0.000000	0.000000	0.000000	0.000550
321	0.815611	0.080926	0.099168	0.000000	0.003732	0.000000	0.000000	0.000000	0.000563
322	0.815796	0.081125	0.098804	0.000000	0.003722	0.000000	0.000000	0.000000	0.000553
323	0.816420	0.080664	0.098701	0.000000	0.003694	0.000000	0.000000	0.000000	0.000521
324	0.815756	0.081027	0.099037	0.000000	0.003673	0.000000	0.000000	0.000000	0.000507
325	0.815299	0.081207	0.099300	0.000000	0.003700	0.000000	0.000000	0.000000	0.000494
326	0.815525	0.081134	0.099194	0.000000	0.003657	0.000000	0.000000	0.000000	0.000490
327	0.815434	0.081309	0.099134	0.000000	0.003633	0.000000	0.000000	0.000000	0.000490
328	0.815786	0.081150	0.098929	0.000000	0.003632	0.000000	0.000000	0.000000	0.000503
329	0.816116	0.080578	0.099235	0.000000	0.003588	0.000000	0.000000	0.000000	0.000483
330	0.815952	0.080455	0.099473	0.000000	0.003636	0.000000	0.000000	0.000000	0.000484
331	0.815662	0.080545	0.099717	0.000000	0.003582	0.000000	0.000000	0.000000	0.000494
332	0.815492	0.080501	0.099921	0.000000	0.003609	0.000000	0.000000	0.000000	0.000477
333	0.815749	0.080239	0.100010	0.000000	0.003533	0.000000	0.000000	0.000000	0.000469
334	0.815728	0.080573	0.099745	0.000000	0.003510	0.000000	0.000000	0.000000	0.000444
335	0.815556	0.080561	0.099967	0.000000	0.003473	0.000000	0.000000	0.000000	0.000443
336	0.815491	0.080690	0.099945	0.000000	0.003421	0.000000	0.000000	0.000000	0.000453
337	0.815483	0.081191	0.099573	0.000000	0.003332	0.000000	0.000000	0.000000	0.000421
338	0.815244	0.081095	0.099929	0.000000	0.003308	0.000000	0.000000	0.000000	0.000424
339	0.815181	0.080980	0.100090	0.000000	0.003312	0.000000	0.000000	0.000000	0.000437
340	0.815098	0.080924	0.100194	0.000000	0.003337	0.000000	0.000000	0.000000	0.000447
341	0.815226	0.080906	0.100061	0.000000	0.003352	0.000000	0.000000	0.000000	0.000455
342	0.815622	0.080643	0.099975	0.000000	0.003313	0.000000	0.000000	0.000000	0.000447
343	0.815709	0.080465	0.100111	0.000000	0.003289	0.000000	0.000000	0.000000	0.000426
344	0.815466	0.080510	0.100342	0.000000	0.003270	0.000000	0.000000	0.000000	0.000412
345	0.815037	0.080563	0.100776	0.000000	0.003219	0.000000	0.000000	0.000000	0.000405
346	0.815627	0.080390	0.100363	0.000000	0.003210	0.000000	0.000000	0.000000	0.000410
347	0.815546	0.080489	0.100315	0.000000	0.003238	0.000000	0.000000	0.000000	0.000412
348	0.815675	0.080294	0.100469	0.000000	0.003168	0.000000	0.000000	0.000000	0.000394
349	0.816067	0.079807	0.100511	0.000000	0.003204	0.000000	0.000000	0.000000	0.000411
350	0.816191	0.080132	0.100159	0.000000	0.003116	0.000000	0.000000	0.000000	0.000402
351	0.816146	0.080080	0.100308	0.000000	0.003087	0.000000	0.000000	0.000000	0.000379
352	0.815669	0.080408	0.100553	0.000000	0.003010	0.000000	0.000000	0.000000	0.000360
353	0.816029	0.079859	0.100715	0.000000	0.003071	0.000000	0.000000	0.000000	0.000326
354	0.815773	0.079886	0.100913	0.000000	0.003090	0.000000	0.000000	0.000000	0.000338
355	0.815993	0.079941	0.100725	0.000000	0.003014	0.000000	0.000000	0.000000	0.000327
356	0.816263	0.079749	0.100657	0.000000	0.003002	0.000000	0.000000	0.000000	0.000329
357	0.816773	0.079570	0.100290	0.000000	0.003030	0.000000	0.000000	0.000000	0.000337
358	0.816699	0.079692	0.100289	0.000000	0.002961	0.000000	0.000000	0.000000	0.000359
359	0.816679	0.079450	0.100537	0.000000	0.002976	0.000000	0.000000	0.000000	0.000358
360	0.816848	0.079362	0.100531	0.000000	0.002913	0.000000	0.000000	0.000000	0.000346
361	0.816911	0.079171	0.100675	0.000000	0.002878	0.000000	0.000000	0.000000	0.000365
362	0.816666	0.079328	0.100844	0.000000	0.002819	0.000000	0.000000	0.000000	0.000343
363	0.816773	0.079401	0.100666	0.000000	0.002830	0.000000	0.000000	0.000000	0.000330
364	0.816872	0.079685	0.100324	0.000000	0.002786	0.000000	0.000000	0.000000	0.000333
365	0.816773	0.079798	0.100379	0.000000	0.002733	0.000000	0.000000	0.000000	0.000317
366	0.816852	0.079981	0.100090	0.000000	0.002772	0.000000	0.000000	0.000000	0.000305
367	0.816623	0.080025	0.100351	0.000000	0.002709	0.000000	0.000000	0.000000	0.000292
368	0.817019	0.080012	0.100003	0.000000	0.002692	0.000000	0.000000	0.000000	0.000274
369	0.817021	0.080000	0.100006	0.000000	0.002690	0.000000	0.000000	0.000000	0.000283
370	0.817361	0.079732	0.099942	0.000000	0.002681	0.000000	0.000000	0.000000	0.000284
371	0.817232	0.079891	0.099933	0.000000	0.002668	0.000000	0.000000	0.000000	0.000276
372	0.818054	0.079359	0.099662	0.000000	0.002641	0.000000	0.000000	0.000000	0.000284
373	0.818097	0.079270	0.099725	0.000000	0.002644	0.000000	0.000000	0.000000	0.000264
374	0.817636	0.079658	0.099871	0.000000	0.002578	0.000000	0.000000	0.000000	0.000257
375	0.817658	0.079679	0.099786	0.000000	0.002623	0.000000	0.000000	0.000000	0.000254
376	0.817918	0.079389	0.099889	0.000000	0.002560	0.000000	0.000000	0.000000	0.000244
377	0.817954	0.079297	0.099979	0.000000	0.002525	0.000000	0.000000	0.000000	0.000245
378	0.818207	0.079306	0.099764	0.000000	0.002478	0.000000	0.000000	0.000000	0.000245
379	0.818359	0.079249	0.099679	0.000000	0.002495	0.000000	0.000000	0.000000	0.000218
380	0.818411	0.079067	0.099880	0.000000	0.002427	0.000000	0.000000	0.000000	0.000215
381	0.817827	0.079209	0.100246	0.000000	0.002491	0.000000	0.000000	0.000000	0.000227
382	0.817765	0.079188	0.100340	0.000000	0.002466	0.000000	0.000000	0.000000	0.000241
383	0.818278	0.079042	0.100007	0.000000	0.002442	0.000000	0.000000	0.000000	0.000231
384	0.818525	0.078574	0.100217	0.000000	0.002441	0.000000	0.000000	0.000000	0.000243
385	0.818603	0.078241	0.100423	0.000000	0.002472	0.000000	0.000000	0.000000	0.000261
386	0.818873	0.078058	0.100359	0.000000	0.002442	0.000000	0.000000	0.000000	0.000268
387	0.818850	0.078214	0.100195	0.000000	0.002486	0.000000	0.000000	0.000000	0.000255
388	0.818675	0.078330	0.100336	0.000000	0.002415	0.000000	0.000000	0.000000	0.000244
389	0.818727	0.078338	0.100346	0.000000	0.002371	0.000000	0.000000	0.000000	0.000218
390	0.818542	0.078359	0.100507	0.000000	0.002369	0.000000	0.000000	0.000000	0.000223
391	0.818438	0.078470	0.100523	0.000000	0.002340	0.000000	0.000000	0.000000	0.000229
392	0.818261	0.078585	0.100623	0.000000	0.002300	0.000000	0.000000	0.000000	0.000231
393	0.818640	0.078533	0.100341	0.000000	0.002268	0.000000	0.000000	0.000000	0.000218
394	0.817991	0.078687	0.100855	0.000000	0.002230	0.000000	0.000000	0.000000	0.000237
395	0.818036	0.079039	0.100465	0.000000	0.002220	0.000000	0.000000	0.000000	0.000240
396	0.817980	0.078687	0.100899	0.000000	0.002189	0.000000	0.000000	0.000000	0.000245
397	0.817945	0.078701	0.100917	0.000000	0.002199	0.000000	0.000000	0.000000	0.000238
398	0.817866	0.078965	0.100756	0.000000	0.002176	0.000000	0.000000	0.000000	0.000237
399	0.817680	0.079031	0.100924	0.000000	0.002128	0.000000	0.000000	0.000000	0.000237
400	0.818166	0.078842	0.100643	0.000000	0.002118	0.000000	0.000000	0.000000	0.000231
401	0.818398	0.078882	0.100343	0.000000	0.002124	0.000000	0.000000	0.000000	0.000253
402	0.818423	0.078912	0.100273	0.000000	0.002130	0.000000	0.000000	0.000000	0.000262
403	0.818429	0.078766	0.100408	0.000000	0.002140	0.000000	0.000000	0.000000	0.000257
404	0.818380	0.078795	0.100403	0.000000	0.002174	0.000000	0.000000	0.000000	0.000248
405	0.818508	0.079120	0.099943	0.000000	0.002185	0.000000	0.000000	0.000000	0.000244
406	0.818203	0.079104	0.100278	0.000000	0.002154	0.000000	0.000000	0.000000	0.000261
407	0.818434	0.079086	0.100052	0.000000	0.002160	0.000000	0.000000	0.000000	0.000268
408	0.818441	0.079085	0.100032	0.000000	0.002157	0.000000	0.000000	0.000000	0.000285
409	0.818504	0.078724	0.100366	0.000000	0.002147	0.000000	0.000000	0.000000	0.000259
410	0.818745	0.078727	0.100114	0.000000	0.002153	0.000000	0.000000	0.000000	0.000261
411	0.818773	0.078631	0.100212	0.000000	0.002139	0.000000	0.000000	0.000000	0.000245
412	0.818777	0.078887	0.099995	0.000000	0.002097	0.000000	0.000000	0.000000	0.000244
413	0.818836	0.078833	0.100021	0.000000	0.002055	0.000000	0.000000	0.000000	0.000255
414	0.819255	0.078621	0.099878	0.000000	0.002011	0.000000	0.000000	0.000000	0.000235
415	0.819161	0.078458	0.100151	0.000000	0.001992	0.000000	0.000000	0.000000	0.000238
416	0.819598	0.078366	0.099907	0.000000	0.001904	0.000000	0.000000	0.000000	0.000225
417	0.819290	0.078517	0.100088	0.000000	0.001876	0.000000	0.000000	0.000000	0.000229
418	0.819738	0.078289	0.099859	0.000000	0.001878	0.000000	0.000000	0.000000	0.000236
419	0.819207	0.078397	0.100268	0.000000	0.001904	0.000000	0.000000	0.000000	0.000224
420	0.819657	0.077915	0.100373	0.000000	0.001828	0.000000	0.000000	0.000000	0.000227
421	0.819795	0.077836	0.100354	0.000000	0.001807	0.000000	0.000000	0.000000	0.000208
422	0.819677	0.077724	0.100637	0.000000	0.001774	0.000000	0.000000	0.000000	0.000188
423	0.819369	0.078030	0.100606	0.000000	0.001778	0.000000	0.000000	0.000000	0.000217
424	0.819524	0.078019	0.100456	0.000000	0.001798	0.000000	0.000000	0.000000	0.000203
425	0.819250	0.078162	0.100633	0.000000	0.001755	0.000000	0.000000	0.000000	0.000200
426	0.819485	0.078099	0.100414	0.000000	0.001797	0.000000	0.000000	0.000000	0.000205
427	0.819672	0.078323	0.100044	0.000000	0.001770	0.000000	0.000000	0.000000	0.000191
428	0.819801	0.078194	0.100036	0.000000	0.001766	0.000000	0.000000	0.000000	0.000203
429	0.819655	0.078429	0.100007	0.000000	0.001705	0.000000	0.000000	0.000000	0.000204
430	0.819302	0.078521	0.100271	0.000000	0.001698	0.000000	0.000000	0.000000	0.000208
431	0.819318	0.078509	0.100330	0.000000	0.001645	0.000000	0.000000	0.000000	0.000198
432	0.819087	0.078733	0.100283	0.000000	0.001675	0.000000	0.000000	0.000000	0.000222
433	0.819473	0.078401	0.100242	0.000000	0.001661	0.000000	0.000000	0.000000	0.000223
434	0.818923	0.078579	0.100689	0.000000	0.001593	0.000000	0.000000	0.000000	0.000216
435	0.819614	0.078346	0.100256	0.000000	0.001569	0.000000	0.000000	0.000000	0.000215
436	0.818827	0.078640	0.100691	0.000000	0.001640	0.000000	0.000000	0.000000	0.000202
437	0.818567	0.078397	0.101157	0.000000	0.001678	0.000000	0.000000	0.000000	0.000201
438	0.818800	0.078098	0.101202	0.000000	0.001694	0.000000	0.000000	0.000000	0.000206
439	0.818734	0.078185	0.101173	0.000000	0.001693	0.000000	0.000000	0.000000	0.000215
440	0.818823	0.077903	0.101384	0.000000	0.001673	0.000000	0.000000	0.000000	0.000217
441	0.819116	0.077766	0.101245	0.000000	0.001647	0.000000	0.000000	0.000000	0.000226
442	0.819023	0.077564	0.101588	0.000000	0.001608	0.000000	0.000000	0.000000	0.000217
443	0.819030	0.077729	0.101430	0.000000	0.001598	0.000000	0.000000	0.000000	0.000213
444	0.819374	0.077605	0.101243	0.000000	0.001564	0.000000	0.000000	0.000000	0.000214
445	0.819794	0.077595	0.100865	0.000000	0.001532	0.000000	0.000000	0.000000	0.000214
446	0.819692	0.077755	0.100821	0.000000	0.001533	0.000000	0.000000	0.000000	0.000199
447	0.819895	0.077281	0.101108	0.000000	0.001505	0.000000	0.000000	0.000000	0.000211
448	0.819521	0.077498	0.101335	0.000000	0.001451	0.000000	0.000000	0.000000	0.000195
449	0.819930	0.077581	0.100849	0.000000	0.001446	0.000000	0.000000	0.000000	0.000194
450	0.819876	0.077933	0.100542	0.000000	0.001449	0.000000	0.000000	0.000000	0.000200
451	0.819714	0.077938	0.100688	0.000000	0.001453	0.000000	0.000000	0.000000	0.000207
452	0.820006	0.077948	0.100394	0.000000	0.001435	0.000000	0.000000	0.000000	0.000217
453	0.819989	0.077895	0.100490	0.000000	0.001418	0.000000	0.000000	0.000000	0.000208
454	0.819594	0.078210	0.100562	0.000000	0.001413	0.000000	0.000000	0.000000	0.000221
455	0.819908	0.077903	0.100571	0.000000	0.001405	0.000000	0.000000	0.000000	0.000213
456	0.819894	0.077756	0.100783	0.000000	0.001366	0.000000	0.000000	0.000000	0.000201
457	0.820189	0.077723	0.100535	0.000000	0.001366	0.000000	0.000000	0.000000	0.000187
458	0.819865	0.077763	0.100859	0.000000	0.001321	0.000000	0.000000	0.000000	0.000192
459	0.819773	0.077438	0.101269	0.000000	0.001338	0.000000	0.000000	0.000000	0.000182
460	0.819871	0.077597	0.101041	0.000000	0.001314	0.000000	0.000000	0.000000	0.000177
461	0.820322	0.077359	0.100887	0.000000	0.001269	0.000000	0.000000	0.000000	0.000163
462	0.820047	0.077473	0.101031	0.000000	0.001285	0.000000	0.000000	0.000000	0.000164
463	0.820629	0.077074	0.100850	0.000000	0.001281	0.000000	0.000000	0.000000	0.000166
464	0.820543	0.077063	0.100959	0.000000	0.001280	0.000000	0.000000	0.000000	0.000155
465	0.820243	0.077460	0.100925	0.000000	0.001225	0.000000	0.000000	0.000000	0.000147
466	0.820133	0.077583	0.100878	0.000000	0.001266	0.000000	0.000000	0.000000	0.000140
467	0.819912	0.077531	0.101142	0.000000	0.001276	0.000000	0.000000	0.000000	0.000139
468	0.820041	0.077557	0.100990	0.000000	0.001269	0.000000	0.000000	0.000000	0.000143
469	0.819768	0.077557	0.101309	0.000000	0.001233	0.000000	0.000000	0.000000	0.000133
470	0.819581	0.077400	0.101655	0.000000	0.001229	0.000000	0.000000	0.000000	0.000135
