0	0.290663	0.057897	0.229473	0.157588	0.029913	0.111872	0.085455	0.012259	0.024880
1	0.237801	0.048883	0.204078	0.133858	0.027479	0.116354	0.118282	0.022806	0.090459
2	0.243131	0.049093	0.207038	0.123301	0.026885	0.108512	0.118839	0.023242	0.099959
3	0.253991	0.050321	0.211872	0.114729	0.026354	0.100234	0.115791	0.022310	0.104398
4	0.266428	0.051976	0.216363	0.106496	0.026116	0.091523	0.111600	0.021438	0.108060
5	0.278960	0.053215	0.220688	0.099267	0.025827	0.083308	0.107310	0.020160	0.111265
6	0.291222	0.054379	0.224967	0.092047	0.025731	0.076043	0.103119	0.019070	0.113422
7	0.303753	0.055408	0.228576	0.085010	0.025763	0.069789	0.098030	0.017986	0.115685
8	0.316715	0.056258	0.230767	0.079175	0.025588	0.063382	0.093422	0.017061	0.117632
9	0.328978	0.056961	0.232749	0.073518	0.025712	0.057810	0.088881	0.016211	0.119180
10	0.341282	0.058055	0.234080	0.067622	0.025748	0.052286	0.084478	0.015370	0.121079
11	0.352462	0.058584	0.235235	0.062482	0.025983	0.047723	0.080407	0.014337	0.122787
12	0.364188	0.059288	0.235865	0.057376	0.025975	0.043188	0.076078	0.013460	0.124582
13	0.375621	0.060094	0.235857	0.052638	0.026030	0.039102	0.072166	0.012793	0.125699
14	0.385989	0.060865	0.236627	0.048504	0.026319	0.035315	0.068022	0.011915	0.126444
15	0.396315	0.061416	0.236118	0.044914	0.026511	0.031986	0.064695	0.011030	0.127015
16	0.406294	0.061885	0.235727	0.041332	0.026628	0.029099	0.060976	0.010426	0.127633
17	0.415328	0.062652	0.235091	0.038119	0.026991	0.026331	0.057315	0.009709	0.128464
18	0.424461	0.063377	0.234013	0.034889	0.027318	0.023712	0.053969	0.009015	0.129246
19	0.433248	0.063615	0.233761	0.032175	0.027414	0.021249	0.050815	0.008519	0.129204
20	0.441535	0.064216	0.232498	0.029622	0.027761	0.019197	0.047643	0.008033	0.129495
21	0.449390	0.064513	0.230808	0.027250	0.027837	0.017367	0.045085	0.007518	0.130232
22	0.457834	0.064906	0.229393	0.024833	0.027867	0.015783	0.042076	0.006999	0.130309
23	0.465461	0.065156	0.227023	0.023099	0.028191	0.014179	0.039458	0.006464	0.130969
24	0.472452	0.065293	0.225259	0.021248	0.028724	0.012963	0.037430	0.005956	0.130675
25	0.480404	0.065524	0.223063	0.019376	0.029102	0.011655	0.034883	0.005563	0.130430
26	0.487452	0.065658	0.220348	0.017839	0.029607	0.010537	0.032633	0.005227	0.130699
27	0.493729	0.065548	0.218699	0.016631	0.030027	0.009511	0.030788	0.004821	0.130246
28	0.500089	0.065187	0.216448	0.015259	0.030417	0.008679	0.029040	0.004537	0.130344
29	0.505725	0.065197	0.215094	0.014279	0.030866	0.007938	0.027106	0.004237	0.129558
30	0.511359	0.065237	0.213226	0.013194	0.031156	0.007112	0.025490	0.004027	0.129199
31	0.516910	0.065434	0.211111	0.012265	0.031616	0.006569	0.023774	0.003743	0.128578
32	0.521753	0.065178	0.208943	0.011534	0.032087	0.005994	0.022429	0.003522	0.128560
33	0.527021	0.065206	0.206847	0.010779	0.032419	0.005479	0.020857	0.003256	0.128136
34	0.531410	0.065551	0.205037	0.009850	0.032781	0.004880	0.019794	0.003098	0.127599
35	0.536732	0.065507	0.202373	0.009186	0.033348	0.004478	0.018771	0.002904	0.126701
36	0.541353	0.065657	0.200205	0.008595	0.033798	0.004122	0.017681	0.002701	0.125888
37	0.546320	0.065489	0.198188	0.007924	0.034354	0.003822	0.016468	0.002475	0.124960
38	0.551096	0.065308	0.195991	0.007414	0.035127	0.003531	0.015516	0.002274	0.123743
39	0.555015	0.065201	0.194074	0.006894	0.035817	0.003143	0.014562	0.002092	0.123202
40	0.558904	0.065289	0.191998	0.006472	0.036205	0.002956	0.013778	0.001941	0.122457
41	0.562556	0.065113	0.190471	0.006092	0.036566	0.002746	0.013042	0.001820	0.121594
42	0.566365	0.064999	0.188493	0.005695	0.037311	0.002569	0.012300	0.001684	0.120584
43	0.569766	0.065054	0.186763	0.005444	0.037771	0.002382	0.011391	0.001561	0.119868
44	0.573243	0.065151	0.184711	0.005204	0.038405	0.002213	0.010770	0.001503	0.118800
45	0.577547	0.064772	0.182399	0.004939	0.039206	0.002143	0.010140	0.001367	0.117487
46	0.581047	0.064633	0.180237	0.004562	0.039602	0.001995	0.009538	0.001253	0.117133
47	0.584188	0.064845	0.178377	0.004387	0.040141	0.001816	0.008773	0.001162	0.116311
48	0.588032	0.064626	0.176490	0.004217	0.040753	0.001638	0.008223	0.001102	0.114919
49	0.590681	0.064961	0.174712	0.004027	0.041437	0.001529	0.007784	0.001032	0.113837
50	0.594744	0.064533	0.172438	0.003792	0.042249	0.001443	0.007250	0.000956	0.112595
51	0.598206	0.064375	0.170756	0.003521	0.043053	0.001320	0.006818	0.000894	0.111057
52	0.601894	0.064417	0.168410	0.003397	0.043703	0.001217	0.006334	0.000823	0.109805
53	0.605050	0.064359	0.166283	0.003265	0.044411	0.001117	0.005985	0.000756	0.108774
54	0.607719	0.064107	0.164558	0.003128	0.045231	0.001075	0.005616	0.000742	0.107824
55	0.611494	0.064082	0.162383	0.002940	0.045770	0.000977	0.005135	0.000683	0.106536
56	0.613799	0.063773	0.161337	0.002859	0.046352	0.000889	0.004965	0.000629	0.105397
57	0.616680	0.063521	0.159770	0.002786	0.047382	0.000848	0.004692	0.000592	0.103729
58	0.619073	0.063780	0.158455	0.002595	0.048046	0.000834	0.004361	0.000482	0.102374
59	0.622107	0.063356	0.156606	0.002540	0.048852	0.000813	0.004112	0.000482	0.101132
60	0.624660	0.063111	0.155633	0.002445	0.049549	0.000774	0.003833	0.000454	0.099541
61	0.627525	0.062989	0.154049	0.002303	0.050247	0.000749	0.003638	0.000395	0.098105
62	0.629465	0.062999	0.152856	0.002245	0.051016	0.000709	0.003372	0.000388	0.096950
63	0.631861	0.062925	0.151258	0.002124	0.051900	0.000644	0.003040	0.000346	0.095902
64	0.635058	0.062522	0.150190	0.002074	0.052322	0.000600	0.002792	0.000321	0.094121
65	0.637264	0.062364	0.148645	0.001929	0.053245	0.000606	0.002599	0.000306	0.093042
66	0.639694	0.062051	0.147487	0.001847	0.054154	0.000573	0.002520	0.000282	0.091392
67	0.642047	0.061737	0.146461	0.001757	0.054925	0.000578	0.002332	0.000240	0.089923
68	0.644190	0.061540	0.145198	0.001698	0.055811	0.000557	0.002205	0.000242	0.088559
69	0.647005	0.061005	0.144165	0.001653	0.056518	0.000538	0.002094	0.000224	0.086798
70	0.649318	0.060905	0.142694	0.001539	0.057269	0.000481	0.001928	0.000225	0.085641
71	0.651351	0.060908	0.141433	0.001454	0.058255	0.000463	0.001797	0.000221	0.084118
72	0.654352	0.060698	0.139443	0.001401	0.058960	0.000421	0.001707	0.000213	0.082805
73	0.656905	0.060256	0.138236	0.001385	0.059601	0.000385	0.001613	0.000192	0.081427
74	0.659139	0.059843	0.137071	0.001384	0.060499	0.000392	0.001561	0.000180	0.079931
75	0.660711	0.059749	0.136730	0.001368	0.061127	0.000388	0.001403	0.000178	0.078346
76	0.662788	0.059788	0.135106	0.001289	0.062376	0.000362	0.001279	0.000172	0.076840
77	0.664737	0.059234	0.134381	0.001242	0.063174	0.000325	0.001188	0.000174	0.075545
78	0.666768	0.059046	0.133713	0.001158	0.063846	0.000309	0.001092	0.000193	0.073875
79	0.668890	0.058621	0.132401	0.001185	0.064652	0.000296	0.001012	0.000182	0.072761
80	0.671223	0.058387	0.131203	0.001122	0.065389	0.000328	0.000855	0.000160	0.071333
81	0.672978	0.058105	0.130388	0.001045	0.066172	0.000334	0.000855	0.000149	0.069974
82	0.674536	0.057890	0.129403	0.001034	0.067220	0.000312	0.000822	0.000133	0.068650
83	0.676028	0.057772	0.128445	0.000961	0.068313	0.000298	0.000793	0.000120	0.067270
84	0.678158	0.057713	0.127726	0.000935	0.068916	0.000279	0.000768	0.000118	0.065387
85	0.679916	0.056973	0.126802	0.000908	0.070007	0.000286	0.000707	0.000120	0.064281
86	0.681795	0.056620	0.125786	0.000837	0.070974	0.000265	0.000639	0.000118	0.062966
87	0.683785	0.056233	0.124971	0.000818	0.071610	0.000267	0.000601	0.000113	0.061602
88	0.685404	0.056138	0.124200	0.000796	0.072481	0.000269	0.000542	0.000112	0.060058
89	0.686575	0.056141	0.123595	0.000766	0.073449	0.000236	0.000530	0.000096	0.058612
90	0.688206	0.055849	0.122880	0.000729	0.074432	0.000255	0.000463	0.000083	0.057103
91	0.690196	0.055467	0.121439	0.000713	0.075431	0.000262	0.000438	0.000075	0.055979
92	0.691739	0.055103	0.120843	0.000683	0.076010	0.000247	0.000415	0.000070	0.054890
93	0.692841	0.054925	0.120306	0.000700	0.076873	0.000246	0.000358	0.000073	0.053678
94	0.693805	0.054651	0.119800	0.000705	0.077872	0.000225	0.000322	0.000072	0.052548
95	0.694632	0.054450	0.119402	0.000711	0.078636	0.000210	0.000316	0.000070	0.051573
96	0.695807	0.054104	0.118731	0.000681	0.079739	0.000221	0.000284	0.000060	0.050373
97	0.696492	0.053823	0.118615	0.000658	0.080408	0.000183	0.000298	0.000057	0.049466
98	0.697949	0.053827	0.117519	0.000660	0.081261	0.000200	0.000257	0.000052	0.048275
99	0.699287	0.053303	0.117404	0.000639	0.081945	0.000196	0.000245	0.000045	0.046936
100	0.700254	0.053073	0.116798	0.000601	0.083019	0.000167	0.000217	0.000046	0.045825
101	0.701447	0.052878	0.115872	0.000623	0.084054	0.000158	0.000194	0.000038	0.044736
102	0.702401	0.052625	0.115157	0.000573	0.085191	0.000158	0.000179	0.000035	0.043681
103	0.704276	0.052567	0.113810	0.000560	0.085884	0.000156	0.000161	0.000044	0.042542
104	0.704794	0.052168	0.113757	0.000543	0.087105	0.000162	0.000160	0.000036	0.041275
105	0.705403	0.051874	0.113364	0.000534	0.088048	0.000156	0.000151	0.000038	0.040432
106	0.705733	0.051536	0.113261	0.000523	0.089075	0.000144	0.000131	0.000033	0.039564
107	0.706497	0.051339	0.113015	0.000513	0.089779	0.000137	0.000117	0.000023	0.038580
108	0.707689	0.050916	0.112109	0.000493	0.090715	0.000130	0.000128	0.000021	0.037799
109	0.707838	0.050737	0.111738	0.000488	0.091868	0.000122	0.000117	0.000014	0.037078
110	0.708761	0.050777	0.110925	0.000486	0.092679	0.000126	0.000098	0.000015	0.036133
111	0.709062	0.050599	0.110489	0.000481	0.093841	0.000140	0.000126	0.000015	0.035247
112	0.710307	0.050234	0.109654	0.000485	0.094827	0.000137	0.000109	0.000012	0.034235
113	0.710290	0.049803	0.109470	0.000455	0.096532	0.000141	0.000107	0.000013	0.033189
114	0.711194	0.049342	0.108569	0.000433	0.097657	0.000151	0.000089	0.000007	0.032558
115	0.711180	0.049210	0.108339	0.000451	0.098863	0.000136	0.000080	0.000007	0.031734
116	0.711133	0.049222	0.108262	0.000418	0.099765	0.000134	0.000065	0.000006	0.030995
117	0.711675	0.049097	0.107574	0.000432	0.100890	0.000121	0.000060	0.000007	0.030144
118	0.712716	0.048920	0.106615	0.000411	0.101771	0.000112	0.000048	0.000006	0.029401
119	0.712333	0.048703	0.106402	0.000388	0.103245	0.000108	0.000043	0.000006	0.028772
120	0.712121	0.048958	0.105917	0.000396	0.104307	0.000106	0.000042	0.000007	0.028146
121	0.712502	0.048603	0.105188	0.000367	0.105714	0.000109	0.000040	0.000001	0.027476
122	0.712896	0.048049	0.105124	0.000365	0.106604	0.000106	0.000037	0.000002	0.026817
123	0.713265	0.047726	0.104791	0.000354	0.107834	0.000111	0.000034	0.000001	0.025884
124	0.713841	0.047604	0.104102	0.000354	0.108723	0.000105	0.000021	0.000000	0.025250
125	0.714801	0.047058	0.103249	0.000357	0.109765	0.000101	0.000020	0.000001	0.024648
126	0.715118	0.046761	0.103040	0.000351	0.110662	0.000103	0.000019	0.000000	0.023946
127	0.715998	0.046117	0.102314	0.000334	0.111841	0.000119	0.000018	0.000000	0.023259
128	0.716083	0.046106	0.101923	0.000324	0.112830	0.000103	0.000011	0.000000	0.022620
129	0.716762	0.045643	0.101694	0.000303	0.113605	0.000089	0.000012	0.000000	0.021892
130	0.716206	0.045844	0.101526	0.000288	0.114654	0.000095	0.000013	0.000000	0.021374
131	0.716909	0.045211	0.101179	0.000310	0.115597	0.000099	0.000011	0.000000	0.020684
132	0.716800	0.044673	0.101182	0.000305	0.116699	0.000106	0.000011	0.000000	0.020224
133	0.717315	0.044418	0.100657	0.000307	0.117583	0.000103	0.000008	0.000000	0.019609
134	0.717515	0.044336	0.100203	0.000298	0.118526	0.000096	0.000008	0.000000	0.019018
135	0.717490	0.044049	0.099829	0.000279	0.119737	0.000103	0.000005	0.000000	0.018508
136	0.717409	0.043679	0.099847	0.000270	0.120716	0.000109	0.000007	0.000000	0.017963
137	0.717137	0.043441	0.099428	0.000256	0.122110	0.000097	0.000001	0.000000	0.017530
138	0.717025	0.043175	0.099212	0.000266	0.123214	0.000095	0.000004	0.000000	0.017009
139	0.717044	0.042910	0.098943	0.000258	0.124346	0.000103	0.000006	0.000000	0.016390
140	0.716970	0.042327	0.098909	0.000245	0.125538	0.000104	0.000010	0.000000	0.015897
141	0.716506	0.042304	0.098471	0.000223	0.126787	0.000105	0.000009	0.000000	0.015595
142	0.716215	0.042171	0.098377	0.000202	0.127720	0.000078	0.000008	0.000000	0.015229
143	0.716442	0.041905	0.097802	0.000205	0.128812	0.000075	0.000005	0.000000	0.014754
144	0.715864	0.041595	0.097506	0.000201	0.130252	0.000085	0.000003	0.000000	0.014494
145	0.715269	0.041072	0.097655	0.000190	0.131728	0.000076	0.000003	0.000000	0.014007
146	0.714658	0.040803	0.097707	0.000173	0.132872	0.000075	0.000002	0.000000	0.013710
147	0.713995	0.040766	0.097337	0.000165	0.134141	0.000078	0.000004	0.000000	0.013514
148	0.714059	0.040202	0.097069	0.000165	0.135210	0.000097	0.000002	0.000000	0.013196
149	0.714059	0.039949	0.096708	0.000181	0.136243	0.000082	0.000002	0.000000	0.012776
150	0.713343	0.039519	0.096881	0.000167	0.137523	0.000087	0.000000	0.000000	0.012480
151	0.712825	0.039201	0.096584	0.000178	0.138976	0.000087	0.000001	0.000000	0.012148
152	0.712735	0.039150	0.095928	0.000163	0.140098	0.000074	0.000001	0.000000	0.011851
153	0.711679	0.039198	0.096133	0.000160	0.141190	0.000073	0.000000	0.000000	0.011567
154	0.711978	0.038597	0.095448	0.000162	0.142458	0.000064	0.000001	0.000000	0.011292
155	0.711299	0.038309	0.095515	0.000171	0.143602	0.000061	0.000000	0.000000	0.011043
156	0.711333	0.038107	0.095072	0.000133	0.144711	0.000054	0.000000	0.000000	0.010590
157	0.711105	0.037610	0.094694	0.000142	0.145992	0.000049	0.000000	0.000000	0.010408
158	0.710734	0.037260	0.094607	0.000129	0.147128	0.000046	0.000000	0.000000	0.010096
159	0.710491	0.036755	0.094390	0.000119	0.148391	0.000057	0.000000	0.000000	0.009797
160	0.710146	0.036447	0.094258	0.000107	0.149516	0.000052	0.000000	0.000000	0.009474
161	0.709898	0.036381	0.093835	0.000108	0.150480	0.000052	0.000000	0.000000	0.009246
162	0.709403	0.035900	0.094037	0.000103	0.151413	0.000057	0.000000	0.000000	0.009087
163	0.709085	0.035783	0.093645	0.000092	0.152491	0.000061	0.000000	0.000000	0.008843
164	0.708764	0.035551	0.093002	0.000103	0.153958	0.000058	0.000000	0.000000	0.008564
165	0.707988	0.035267	0.093256	0.000111	0.154985	0.000065	0.000000	0.000000	0.008328
166	0.707527	0.035009	0.092729	0.000095	0.156338	0.000059	0.000000	0.000000	0.008243
167	0.707131	0.034706	0.092791	0.000116	0.157231	0.000052	0.000000	0.000000	0.007973
168	0.707435	0.034449	0.091856	0.000124	0.158291	0.000055	0.000000	0.000000	0.007790
169	0.706989	0.034156	0.091372	0.000104	0.159737	0.000054	0.000000	0.000000	0.007588
170	0.706505	0.033861	0.091263	0.000114	0.160761	0.000045	0.000000	0.000000	0.007451
171	0.706081	0.033660	0.091113	0.000110	0.161764	0.000042	0.000000	0.000000	0.007230
172	0.705216	0.033386	0.091048	0.000127	0.163088	0.000046	0.000000	0.000000	0.007089
173	0.704918	0.033033	0.090591	0.000120	0.164387	0.000047	0.000000	0.000000	0.006904
174	0.704379	0.032738	0.090268	0.000128	0.165660	0.000036	0.000000	0.000000	0.006791
175	0.703954	0.032306	0.089837	0.000121	0.167119	0.000030	0.000000	0.000000	0.006633
176	0.703116	0.032280	0.089805	0.000119	0.168255	0.000032	0.000000	0.000000	0.006393
177	0.702247	0.032108	0.089723	0.000117	0.169465	0.000020	0.000000	0.000000	0.006320
178	0.701968	0.031778	0.089740	0.000114	0.170233	0.000011	0.000000	0.000000	0.006156
179	0.701459	0.031779	0.089413	0.000112	0.171185	0.000013	0.000000	0.000000	0.006039
180	0.700900	0.031438	0.089354	0.000102	0.172252	0.000016	0.000000	0.000000	0.005938
181	0.700231	0.031286	0.089155	0.000110	0.173291	0.000016	0.000000	0.000000	0.005911
182	0.699523	0.031047	0.088935	0.000098	0.174618	0.000010	0.000000	0.000000	0.005769
183	0.698315	0.030853	0.088943	0.000101	0.176160	0.000012	0.000000	0.000000	0.005616
184	0.697562	0.030738	0.088718	0.000118	0.177223	0.000013	0.000000	0.000000	0.005628
185	0.696599	0.030578	0.088942	0.000122	0.178233	0.000009	0.000000	0.000000	0.005517
186	0.695943	0.030232	0.088663	0.000106	0.179557	0.000012	0.000000	0.000000	0.005487
187	0.695056	0.030297	0.088275	0.000091	0.180926	0.000011	0.000000	0.000000	0.005344
188	0.694263	0.030131	0.088364	0.000085	0.181926	0.000017	0.000000	0.000000	0.005214
189	0.693761	0.030023	0.088033	0.000077	0.183036	0.000018	0.000000	0.000000	0.005052
190	0.692977	0.029638	0.088016	0.000063	0.184318	0.000012	0.000000	0.000000	0.004976
191	0.692049	0.029366	0.088075	0.000057	0.185566	0.000014	0.000000	0.000000	0.004873
192	0.691524	0.029108	0.087864	0.000062	0.186715	0.000010	0.000000	0.000000	0.004717
193	0.690592	0.028930	0.087612	0.000065	0.188096	0.000009	0.000000	0.000000	0.004696
194	0.689784	0.028684	0.087880	0.000063	0.189011	0.000012	0.000000	0.000000	0.004566
195	0.689002	0.028211	0.087870	0.000059	0.190390	0.000013	0.000000	0.000000	0.004455
196	0.688131	0.028164	0.087582	0.000062	0.191552	0.000013	0.000000	0.000000	0.004496
197	0.687482	0.027955	0.087472	0.000065	0.192578	0.000011	0.000000	0.000000	0.004437
198	0.686264	0.027944	0.087367	0.000056	0.193998	0.000011	0.000000	0.000000	0.004360
199	0.685145	0.027829	0.087185	0.000055	0.195478	0.000007	0.000000	0.000000	0.004301
200	0.684414	0.027611	0.086832	0.000059	0.196891	0.000013	0.000000	0.000000	0.004180
201	0.683877	0.027191	0.086640	0.000058	0.198074	0.000009	0.000000	0.000000	0.004151
202	0.683430	0.027083	0.086426	0.000060	0.198951	0.000012	0.000000	0.000000	0.004038
203	0.682731	0.026884	0.085927	0.000051	0.200470	0.000019	0.000000	0.000000	0.003918
204	0.681308	0.026716	0.086319	0.000052	0.201716	0.000018	0.000000	0.000000	0.003871
205	0.680760	0.026676	0.086219	0.000048	0.202473	0.000022	0.000000	0.000000	0.003802
206	0.679533	0.026726	0.085921	0.000053	0.203974	0.000023	0.000000	0.000000	0.003770
207	0.678889	0.026243	0.085646	0.000044	0.205441	0.000024	0.000000	0.000000	0.003713
208	0.678309	0.026194	0.085277	0.000040	0.206541	0.000028	0.000000	0.000000	0.003611
209	0.678061	0.025741	0.085011	0.000039	0.207592	0.000022	0.000000	0.000000	0.003534
210	0.677288	0.025547	0.084989	0.000042	0.208644	0.000019	0.000000	0.000000	0.003471
211	0.676437	0.025286	0.084569	0.000033	0.210184	0.000023	0.000000	0.000000	0.003468
212	0.675458	0.025264	0.084706	0.000042	0.211078	0.000024	0.000000	0.000000	0.003428
213	0.674535	0.025096	0.084472	0.000039	0.212527	0.000023	0.000000	0.000000	0.003308
214	0.673956	0.024887	0.084531	0.000035	0.213305	0.000029	0.000000	0.000000	0.003257
215	0.672564	0.024682	0.084631	0.000040	0.214871	0.000027	0.000000	0.000000	0.003185
216	0.671586	0.024645	0.084621	0.000046	0.215941	0.000029	0.000000	0.000000	0.003132
217	0.671105	0.024431	0.084016	0.000041	0.217285	0.000028	0.000000	0.000000	0.003094
218	0.670107	0.024146	0.084160	0.000051	0.218425	0.000027	0.000000	0.000000	0.003084
219	0.669405	0.023947	0.083772	0.000036	0.219801	0.000021	0.000000	0.000000	0.003018
220	0.667677	0.023834	0.083996	0.000041	0.221381	0.000021	0.000000	0.000000	0.003050
221	0.666203	0.023802	0.084048	0.000044	0.222950	0.000026	0.000000	0.000000	0.002927
222	0.665572	0.023618	0.083502	0.000046	0.224325	0.000025	0.000000	0.000000	0.002912
223	0.664312	0.023485	0.083670	0.000049	0.225615	0.000023	0.000000	0.000000	0.002846
224	0.663518	0.023245	0.083540	0.000047	0.226839	0.000025	0.000000	0.000000	0.002786
225	0.662951	0.023069	0.083024	0.000036	0.228114	0.000029	0.000000	0.000000	0.002777
226	0.661600	0.022985	0.083107	0.000029	0.229521	0.000029	0.000000	0.000000	0.002729
227	0.660500	0.022704	0.083357	0.000027	0.230682	0.000031	0.000000	0.000000	0.002699
228	0.659384	0.022656	0.082930	0.000031	0.232256	0.000028	0.000000	0.000000	0.002715
229	0.658599	0.022641	0.082685	0.000023	0.233371	0.000029	0.000000	0.000000	0.002652
230	0.657383	0.022482	0.082554	0.000022	0.234888	0.000025	0.000000	0.000000	0.002646
231	0.656265	0.022284	0.082769	0.000026	0.236053	0.000031	0.000000	0.000000	0.002572
232	0.654995	0.022063	0.082948	0.000024	0.237391	0.000029	0.000000	0.000000	0.002550
233	0.653989	0.021933	0.082647	0.000018	0.238886	0.000025	0.000000	0.000000	0.002502
234	0.653136	0.021809	0.082052	0.000021	0.240514	0.000028	0.000000	0.000000	0.002440
235	0.651720	0.021702	0.082233	0.000014	0.241926	0.000031	0.000000	0.000000	0.002374
236	0.651005	0.021432	0.082291	0.000015	0.242900	0.000027	0.000000	0.000000	0.002330
237	0.649728	0.021668	0.082174	0.000012	0.244101	0.000023	0.000000	0.000000	0.002294
238	0.648578	0.021396	0.082077	0.000018	0.245673	0.000027	0.000000	0.000000	0.002231
239	0.647572	0.021357	0.081857	0.000013	0.246952	0.000026	0.000000	0.000000	0.002223
240	0.646771	0.021159	0.081405	0.000010	0.248461	0.000020	0.000000	0.000000	0.002174
241	0.645353	0.021174	0.081376	0.000004	0.249966	0.000026	0.000000	0.000000	0.002101
242	0.644189	0.021304	0.080978	0.000003	0.251403	0.000016	0.000000	0.000000	0.002107
243	0.643279	0.021063	0.080697	0.000003	0.252880	0.000018	0.000000	0.000000	0.002060
244	0.641872	0.021041	0.080697	0.000005	0.254357	0.000018	0.000000	0.000000	0.002010
245	0.640312	0.020795	0.080881	0.000003	0.256031	0.000009	0.000000	0.000000	0.001969
246	0.639174	0.020723	0.081025	0.000004	0.257096	0.000004	0.000000	0.000000	0.001974
247	0.637756	0.020561	0.080901	0.000005	0.258853	0.000004	0.000000	0.000000	0.001920
248	0.637007	0.020396	0.080838	0.000002	0.259861	0.000002	0.000000	0.000000	0.001894
249	0.635791	0.020316	0.080615	0.000000	0.261285	0.000003	0.000000	0.000000	0.001990
250	0.634751	0.020191	0.080507	0.000000	0.262713	0.000004	0.000000	0.000000	0.001834
251	0.633906	0.019851	0.080499	0.000000	0.263946	0.000003	0.000000	0.000000	0.001795
252	0.632544	0.019763	0.080479	0.000000	0.265421	0.000004	0.000000	0.000000	0.001789
253	0.631147	0.019608	0.080637	0.000000	0.266837	0.000005	0.000000	0.000000	0.001766
254	0.629913	0.019496	0.080540	0.000000	0.268291	0.000007	0.000000	0.000000	0.001753
255	0.628928	0.019336	0.080159	0.000000	0.269844	0.000011	0.000000	0.000000	0.001722
256	0.627485	0.019333	0.080022	0.000000	0.271444	0.000008	0.000000	0.000000	0.001708
257	0.626543	0.019201	0.079797	0.000000	0.272760	0.000006	0.000000	0.000000	0.001693
258	0.625377	0.018878	0.079748	0.000000	0.274322	0.000006	0.000000	0.000000	0.001669
259	0.624152	0.018750	0.079331	0.000000	0.276060	0.000003	0.000000	0.000000	0.001704
260	0.622462	0.018690	0.079490	0.000000	0.277649	0.000005	0.000000	0.000000	0.001704
261	0.621308	0.018453	0.079362	0.000000	0.279196	0.000007	0.000000	0.000000	0.001674
262	0.619785	0.018326	0.079221	0.000000	0.280970	0.000011	0.000000	0.000000	0.001687
263	0.618847	0.018301	0.078927	0.000000	0.282251	0.000011	0.000000	0.000000	0.001663
264	0.617409	0.018123	0.078827	0.000000	0.283956	0.000012	0.000000	0.000000	0.001673
265	0.616694	0.018183	0.078482	0.000000	0.284966	0.000021	0.000000	0.000000	0.001654
266	0.614995	0.018167	0.078856	0.000000	0.286379	0.000014	0.000000	0.000000	0.001589
267	0.614145	0.018055	0.078809	0.000000	0.287410	0.000017	0.000000	0.000000	0.001564
268	0.613017	0.017944	0.078553	0.000000	0.288968	0.000018	0.000000	0.000000	0.001500
269	0.611992	0.018072	0.078064	0.000000	0.290395	0.000024	0.000000	0.000000	0.001453
270	0.611079	0.018130	0.077442	0.000000	0.291899	0.000018	0.000000	0.000000	0.001432
271	0.610075	0.018011	0.077245	0.000000	0.293230	0.000017	0.000000	0.000000	0.001422
272	0.608603	0.017774	0.077620	0.000000	0.294562	0.000020	0.000000	0.000000	0.001421
273	0.607292	0.017559	0.077735	0.000000	0.295984	0.000018	0.000000	0.000000	0.001412
274	0.606821	0.017196	0.077578	0.000000	0.297028	0.000022	0.000000	0.000000	0.001355
275	0.604770	0.017181	0.077792	0.000000	0.298904	0.000025	0.000000	0.000000	0.001328
276	0.604010	0.017274	0.077422	0.000000	0.300019	0.000023	0.000000	0.000000	0.001252
277	0.602637	0.017105	0.077368	0.000000	0.301608	0.000021	0.000000	0.000000	0.001261
278	0.601211	0.016960	0.077313	0.000000	0.303259	0.000020	0.000000	0.000000	0.001237
279	0.600367	0.016898	0.076819	0.000000	0.304670	0.000018	0.000000	0.000000	0.001228
280	0.599479	0.016670	0.076636	0.000000	0.305958	0.000023	0.000000	0.000000	0.001234
281	0.598107	0.016524	0.076690	0.000000	0.307477	0.000025	0.000000	0.000000	0.001177
282	0.596783	0.016413	0.076823	0.000000	0.308788	0.000026	0.000000	0.000000	0.001167
283	0.595875	0.016201	0.076584	0.000000	0.310159	0.000031	0.000000	0.000000	0.001150
284	0.594761	0.016015	0.076431	0.000000	0.311606	0.000027	0.000000	0.000000	0.001160
285	0.593251	0.016039	0.076505	0.000000	0.313057	0.000022	0.000000	0.000000	0.001126
286	0.592571	0.015850	0.076319	0.000000	0.314098	0.000024	0.000000	0.000000	0.001138
287	0.591964	0.015646	0.076122	0.000000	0.315100	0.000018	0.000000	0.000000	0.001150
288	0.590583	0.015596	0.075978	0.000000	0.316690	0.000026	0.000000	0.000000	0.001127
289	0.589174	0.015331	0.076083	0.000000	0.318265	0.000028	0.000000	0.000000	0.001119
290	0.588645	0.015211	0.075645	0.000000	0.319389	0.000024	0.000000	0.000000	0.001086
291	0.586963	0.015119	0.075756	0.000000	0.321046	0.000023	0.000000	0.000000	0.001093
292	0.586059	0.015081	0.075593	0.000000	0.322173	0.000023	0.000000	0.000000	0.001071
293	0.584358	0.015062	0.075568	0.000000	0.323950	0.000022	0.000000	0.000000	0.001040
294	0.583281	0.014946	0.075277	0.000000	0.325473	0.000020	0.000000	0.000000	0.001003
295	0.582201	0.014814	0.075188	0.000000	0.326739	0.000023	0.000000	0.000000	0.001035
296	0.580928	0.014755	0.075014	0.000000	0.328296	0.000021	0.000000	0.000000	0.000986
297	0.580358	0.014453	0.074557	0.000000	0.329646	0.000020	0.000000	0.000000	0.000966
298	0.579194	0.014414	0.074541	0.000000	0.330885	0.000022	0.000000	0.000000	0.000944
299	0.577516	0.014416	0.074547	0.000000	0.332550	0.000021	0.000000	0.000000	0.000950
300	0.576394	0.014297	0.074412	0.000000	0.333993	0.000024	0.000000	0.000000	0.000880
301	0.575095	0.014257	0.074192	0.000000	0.335588	0.000024	0.000000	0.000000	0.000844
302	0.574164	0.013984	0.073980	0.000000	0.336988	0.000025	0.000000	0.000000	0.000859
303	0.573216	0.013897	0.073613	0.000000	0.338421	0.000019	0.000000	0.000000	0.000834
304	0.571776	0.013804	0.073568	0.000000	0.340000	0.000018	0.000000	0.000000	0.000834
305	0.571015	0.013440	0.073400	0.000000	0.341377	0.000021	0.000000	0.000000	0.000747
306	0.569800	0.013501	0.073086	0.000000	0.342867	0.000022	0.000000	0.000000	0.000724
307	0.568919	0.013524	0.072819	0.000000	0.344017	0.000026	0.000000	0.000000	0.000695
308	0.568117	0.013355	0.072331	0.000000	0.345496	0.000026	0.000000	0.000000	0.000675
309	0.567411	0.013144	0.072213	0.000000	0.346519	0.000027	0.000000	0.000000	0.000686
310	0.566557	0.013056	0.072036	0.000000	0.347650	0.000023	0.000000	0.000000	0.000678
311	0.565126	0.013060	0.072184	0.000000	0.348966	0.000026	0.000000	0.000000	0.000638
312	0.563983	0.012925	0.071829	0.000000	0.350591	0.000031	0.000000	0.000000	0.000641
313	0.563059	0.012723	0.071591	0.000000	0.351977	0.000024	0.000000	0.000000	0.000626
314	0.561197	0.012642	0.071704	0.000000	0.353801	0.000023	0.000000	0.000000	0.000633
315	0.560239	0.012578	0.071360	0.000000	0.355163	0.000014	0.000000	0.000000	0.000646
316	0.558887	0.012542	0.071384	0.000000	0.356543	0.000015	0.000000	0.000000	0.000629
317	0.557614	0.012422	0.071100	0.000000	0.358228	0.000014	0.000000	0.000000	0.000622
318	0.556439	0.012348	0.070812	0.000000	0.359789	0.000017	0.000000	0.000000	0.000595
319	0.554687	0.012377	0.070763	0.000000	0.361556	0.000020	0.000000	0.000000	0.000597
320	0.553677	0.012294	0.070538	0.000000	0.362885	0.000025	0.000000	0.000000	0.000581
321	0.552431	0.012061	0.070729	0.000000	0.364217	0.000021	0.000000	0.000000	0.000541
322	0.551484	0.011818	0.070343	0.000000	0.365785	0.000020	0.000000	0.000000	0.000550
323	0.550245	0.011771	0.069994	0.000000	0.367436	0.000021	0.000000	0.000000	0.000533
324	0.548800	0.011603	0.069787	0.000000	0.369271	0.000027	0.000000	0.000000	0.000512
325	0.547399	0.011473	0.069620	0.000000	0.370996	0.000023	0.000000	0.000000	0.000489
326	0.546199	0.011562	0.069112	0.000000	0.372638	0.000020	0.000000	0.000000	0.000469
327	0.545168	0.011455	0.068747	0.000000	0.374151	0.000018	0.000000	0.000000	0.000461
328	0.543390	0.011551	0.068918	0.000000	0.375670	0.000021	0.000000	0.000000	0.000450
329	0.542326	0.011345	0.068814	0.000000	0.377063	0.000015	0.000000	0.000000	0.000437
330	0.541225	0.011270	0.068694	0.000000	0.378370	0.000017	0.000000	0.000000	0.000424
331	0.539747	0.011063	0.068674	0.000000	0.380090	0.000020	0.000000	0.000000	0.000406
332	0.538483	0.010927	0.068621	0.000000	0.381536	0.000019	0.000000	0.000000	0.000414
333	0.537048	0.010754	0.068669	0.000000	0.383100	0.000019	0.000000	0.000000	0.000410
334	0.535433	0.010803	0.068362	0.000000	0.384978	0.000013	0.000000	0.000000	0.000411
335	0.534224	0.010638	0.068572	0.000000	0.386160	0.000018	0.000000	0.000000	0.000388
336	0.533642	0.010431	0.068302	0.000000	0.387223	0.000016	0.000000	0.000000	0.000386
337	0.532533	0.010237	0.068274	0.000000	0.388547	0.000012	0.000000	0.000000	0.000397
338	0.531746	0.010078	0.068221	0.000000	0.389559	0.000013	0.000000	0.000000	0.000383
339	0.529973	0.009986	0.068394	0.000000	0.391266	0.000012	0.000000	0.000000	0.000369
340	0.529155	0.009949	0.068176	0.000000	0.392379	0.000010	0.000000	0.000000	0.000331
341	0.527947	0.009751	0.068403	0.000000	0.393582	0.000010	0.000000	0.000000	0.000307
342	0.526863	0.009718	0.067958	0.000000	0.395140	0.000008	0.000000	0.000000	0.000313
343	0.525373	0.009534	0.067957	0.000000	0.396801	0.000008	0.000000	0.000000	0.000327
344	0.524143	0.009457	0.068147	0.000000	0.397964	0.000010	0.000000	0.000000	0.000279
345	0.522196	0.009416	0.068151	0.000000	0.399968	0.000008	0.000000	0.000000	0.000261
346	0.521288	0.009309	0.067573	0.000000	0.401564	0.000005	0.000000	0.000000	0.000261
347	0.519756	0.009128	0.067637	0.000000	0.403230	0.000004	0.000000	0.000000	0.000245
348	0.518754	0.008879	0.067599	0.000000	0.404529	0.000008	0.000000	0.000000	0.000231
349	0.517224	0.008813	0.067527	0.000000	0.406196	0.000008	0.000000	0.000000	0.000232
350	0.516042	0.008743	0.067245	0.000000	0.407758	0.000005	0.000000	0.000000	0.000207
351	0.514768	0.008586	0.067194	0.000000	0.409259	0.000011	0.000000	0.000000	0.000182
352	0.513385	0.008686	0.067059	0.000000	0.410679	0.000008	0.000000	0.000000	0.000183
353	0.512243	0.008561	0.066789	0.000000	0.412238	0.000006	0.000000	0.000000	0.000163
354	0.511055	0.008483	0.066573	0.000000	0.413721	0.000007	0.000000	0.000000	0.000161
355	0.509714	0.008431	0.066397	0.000000	0.415297	0.000007	0.000000	0.000000	0.000154
356	0.508578	0.008332	0.066172	0.000000	0.416751	0.000005	0.000000	0.000000	0.000162
357	0.506990	0.008259	0.066181	0.000000	0.418400	0.000003	0.000000	0.000000	0.000167
358	0.505716	0.008164	0.066002	0.000000	0.419956	0.000004	0.000000	0.000000	0.000158
359	0.504518	0.008111	0.065909	0.000000	0.421302	0.000007	0.000000	0.000000	0.000153
360	0.503432	0.008008	0.065467	0.000000	0.422936	0.000012	0.000000	0.000000	0.000145
361	0.502277	0.007917	0.065193	0.000000	0.424449	0.000012	0.000000	0.000000	0.000152
362	0.500814	0.007732	0.065175	0.000000	0.426128	0.000012	0.000000	0.000000	0.000139
363	0.499541	0.007551	0.064975	0.000000	0.427796	0.000014	0.000000	0.000000	0.000123
364	0.498210	0.007520	0.064950	0.000000	0.429183	0.000016	0.000000	0.000000	0.000121
365	0.497070	0.007314	0.065097	0.000000	0.430385	0.000009	0.000000	0.000000	0.000125
366	0.495854	0.007261	0.064742	0.000000	0.432026	0.000008	0.000000	0.000000	0.000109
367	0.494848	0.007200	0.064544	0.000000	0.433299	0.000006	0.000000	0.000000	0.000103
368	0.493680	0.007036	0.064285	0.000000	0.434894	0.000004	0.000000	0.000000	0.000101
369	0.492234	0.006915	0.064407	0.000000	0.436337	0.000001	0.000000	0.000000	0.000106
370	0.491128	0.006879	0.064260	0.000000	0.437629	0.000001	0.000000	0.000000	0.000103
371	0.489805	0.006803	0.064030	0.000000	0.439241	0.000001	0.000000	0.000000	0.000120
372	0.488398	0.006686	0.064078	0.000000	0.440726	0.000000	0.000000	0.000000	0.000112
373	0.487294	0.006624	0.063856	0.000000	0.442116	0.000000	0.000000	0.000000	0.000110
374	0.485604	0.006608	0.063838	0.000000	0.443831	0.000000	0.000000	0.000000	0.000119
375	0.484175	0.006579	0.063896	0.000000	0.445224	0.000000	0.000000	0.000000	0.000126
376	0.482667	0.006413	0.063889	0.000000	0.446914	0.000000	0.000000	0.000000	0.000117
377	0.481300	0.006335	0.063785	0.000000	0.448460	0.000000	0.000000	0.000000	0.000120
378	0.479911	0.006157	0.063694	0.000000	0.450124	0.000000	0.000000	0.000000	0.000114
379	0.478912	0.005939	0.063798	0.000000	0.451236	0.000000	0.000000	0.000000	0.000115
380	0.477632	0.005779	0.063357	0.000000	0.453113	0.000000	0.000000	0.000000	0.000119
381	0.476124	0.005814	0.063473	0.000000	0.454480	0.000000	0.000000	0.000000	0.000109
382	0.474584	0.005700	0.063416	0.000000	0.456187	0.000000	0.000000	0.000000	0.000113
383	0.473530	0.005783	0.063141	0.000000	0.457434	0.000000	0.000000	0.000000	0.000112
384	0.472600	0.005756	0.062988	0.000000	0.458557	0.000000	0.000000	0.000000	0.000099
385	0.471356	0.005732	0.062851	0.000000	0.459961	0.000000	0.000000	0.000000	0.000100
386	0.470210	0.005511	0.062709	0.000000	0.461467	0.000000	0.000000	0.000000	0.000103
387	0.468782	0.005401	0.062465	0.000000	0.463251	0.000000	0.000000	0.000000	0.000101
388	0.467256	0.005371	0.062208	0.000000	0.465064	0.000000	0.000000	0.000000	0.000101
389	0.466055	0.005365	0.062171	0.000000	0.466317	0.000000	0.000000	0.000000	0.000092
390	0.465028	0.005309	0.061852	0.000000	0.467730	0.000000	0.000000	0.000000	0.000081
391	0.463665	0.005208	0.061962	0.000000	0.469075	0.000000	0.000000	0.000000	0.000090
392	0.462440	0.005208	0.061410	0.000000	0.470852	0.000000	0.000000	0.000000	0.000090
393	0.461227	0.005189	0.061512	0.000000	0.471967	0.000000	0.000000	0.000000	0.000105
394	0.460210	0.005124	0.061052	0.000000	0.473523	0.000000	0.000000	0.000000	0.000091
395	0.459098	0.005081	0.060772	0.000000	0.474963	0.000000	0.000000	0.000000	0.000086
396	0.458123	0.005042	0.060491	0.000000	0.476251	0.000000	0.000000	0.000000	0.000093
397	0.457173	0.004983	0.060450	0.000000	0.477298	0.000000	0.000000	0.000000	0.000096
398	0.455762	0.005070	0.060056	0.000000	0.479033	0.000000	0.000000	0.000000	0.000079
399	0.454532	0.004938	0.060196	0.000000	0.480255	0.000000	0.000000	0.000000	0.000079
400	0.453199	0.004869	0.060009	0.000000	0.481842	0.000000	0.000000	0.000000	0.000081
401	0.451551	0.004869	0.059761	0.000000	0.483729	0.000000	0.000000	0.000000	0.000090
402	0.451090	0.004789	0.059208	0.000000	0.484823	0.000000	0.000000	0.000000	0.000090
403	0.450019	0.004676	0.059090	0.000000	0.486117	0.000000	0.000000	0.000000	0.000098
404	0.448554	0.004755	0.058881	0.000000	0.487714	0.000000	0.000000	0.000000	0.000096
405	0.447350	0.004729	0.058734	0.000000	0.489090	0.000000	0.000000	0.000000	0.000097
406	0.446072	0.004768	0.058520	0.000000	0.490540	0.000000	0.000000	0.000000	0.000100
407	0.444963	0.004714	0.058528	0.000000	0.491701	0.000000	0.000000	0.000000	0.000094
408	0.444109	0.004670	0.058304	0.000000	0.492831	0.000000	0.000000	0.000000	0.000086
409	0.442766	0.004635	0.058185	0.000000	0.494331	0.000000	0.000000	0.000000	0.000083
410	0.441532	0.004549	0.058113	0.000000	0.495733	0.000000	0.000000	0.000000	0.000073
411	0.440373	0.004543	0.057725	0.000000	0.497295	0.000000	0.000000	0.000000	0.000064
412	0.439162	0.004566	0.057569	0.000000	0.498643	0.000000	0.000000	0.000000	0.000060
413	0.438078	0.004514	0.057469	0.000000	0.499882	0.000000	0.000000	0.000000	0.000057
414	0.436755	0.004449	0.057182	0.000000	0.501564	0.000000	0.000000	0.000000	0.000050
415	0.436421	0.004364	0.056895	0.000000	0.502270	0.000000	0.000000	0.000000	0.000050
416	0.435126	0.004344	0.056596	0.000000	0.503886	0.000000	0.000000	0.000000	0.000048
417	0.433710	0.004426	0.056586	0.000000	0.505238	0.000000	0.000000	0.000000	0.000040
418	0.432768	0.004370	0.056330	0.000000	0.506499	0.000000	0.000000	0.000000	0.000033
419	0.431139	0.004308	0.056357	0.000000	0.508171	0.000000	0.000000	0.000000	0.000025
420	0.429900	0.004318	0.056195	0.000000	0.509553	0.000000	0.000000	0.000000	0.000034
421	0.428751	0.004309	0.056068	0.000000	0.510839	0.000000	0.000000	0.000000	0.000033
422	0.427846	0.004380	0.055660	0.000000	0.512088	0.000000	0.000000	0.000000	0.000026
423	0.426479	0.004362	0.055553	0.000000	0.513584	0.000000	0.000000	0.000000	0.000022
424	0.425010	0.004428	0.055731	0.000000	0.514806	0.000000	0.000000	0.000000	0.000025
425	0.423863	0.004351	0.055653	0.000000	0.516110	0.000000	0.000000	0.000000	0.000023
426	0.422349	0.004330	0.055703	0.000000	0.517600	0.000000	0.000000	0.000000	0.000018
427	0.421094	0.004294	0.055599	0.000000	0.518996	0.000000	0.000000	0.000000	0.000017
428	0.420080	0.004259	0.055255	0.000000	0.520395	0.000000	0.000000	0.000000	0.000011
429	0.419224	0.004190	0.054965	0.000000	0.521609	0.000000	0.000000	0.000000	0.000012
430	0.418128	0.004208	0.055084	0.000000	0.522569	0.000000	0.000000	0.000000	0.000011
431	0.417003	0.004283	0.054895	0.000000	0.523807	0.000000	0.000000	0.000000	0.000012
432	0.415698	0.004252	0.054469	0.000000	0.525571	0.000000	0.000000	0.000000	0.000010
433	0.414222	0.004309	0.054318	0.000000	0.527145	0.000000	0.000000	0.000000	0.000006
434	0.413063	0.004218	0.054210	0.000000	0.528500	0.000000	0.000000	0.000000	0.000009
435	0.411819	0.004243	0.054144	0.000000	0.529787	0.000000	0.000000	0.000000	0.000007
436	0.410663	0.004174	0.054180	0.000000	0.530974	0.000000	0.000000	0.000000	0.000009
437	0.408803	0.004164	0.054283	0.000000	0.532743	0.000000	0.000000	0.000000	0.000007
438	0.408079	0.004116	0.053878	0.000000	0.533920	0.000000	0.000000	0.000000	0.000007
439	0.406748	0.004135	0.053744	0.000000	0.535365	0.000000	0.000000	0.000000	0.000008
440	0.405804	0.004089	0.053453	0.000000	0.536646	0.000000	0.000000	0.000000	0.000008
441	0.404162	0.004073	0.053761	0.000000	0.537996	0.000000	0.000000	0.000000	0.000008
442	0.403056	0.004068	0.053191	0.000000	0.539679	0.000000	0.000000	0.000000	0.000006
443	0.401769	0.003998	0.053346	0.000000	0.540879	0.000000	0.000000	0.000000	0.000008
444	0.401100	0.003921	0.053005	0.000000	0.541967	0.000000	0.000000	0.000000	0.000007
445	0.399843	0.003887	0.052801	0.000000	0.543460	0.000000	0.000000	0.000000	0.000009
446	0.398398	0.003801	0.052798	0.000000	0.544997	0.000000	0.000000	0.000000	0.000006
447	0.396850	0.003799	0.052766	0.000000	0.546583	0.000000	0.000000	0.000000	0.000002
448	0.395699	0.003810	0.052585	0.000000	0.547904	0.000000	0.000000	0.000000	0.000002
449	0.394499	0.003866	0.052531	0.000000	0.549104	0.000000	0.000000	0.000000	0.000000
450	0.393509	0.003825	0.052365	0.000000	0.550301	0.000000	0.000000	0.000000	0.000000
451	0.392463	0.003809	0.052122	0.000000	0.551606	0.000000	0.000000	0.000000	0.000000
452	0.391129	0.003784	0.051927	0.000000	0.553160	0.000000	0.000000	0.000000	0.000000
453	0.390147	0.003767	0.051875	0.000000	0.554211	0.000000	0.000000	0.000000	0.000000
454	0.389109	0.003692	0.051701	0.000000	0.555498	0.000000	0.000000	0.000000	0.000000
455	0.387540	0.003689	0.051461	0.000000	0.557310	0.000000	0.000000	0.000000	0.000000
456	0.386046	0.003642	0.051633	0.000000	0.558679	0.000000	0.000000	0.000000	0.000000
457	0.385071	0.003648	0.051401	0.000000	0.559880	0.000000	0.000000	0.000000	0.000000
458	0.383934	0.003647	0.051005	0.000000	0.561414	0.000000	0.000000	0.000000	0.000000
459	0.382460	0.003585	0.051075	0.000000	0.562880	0.000000	0.000000	0.000000	0.000000
460	0.381211	0.003604	0.051023	0.000000	0.564162	0.000000	0.000000	0.000000	0.000000
461	0.380264	0.003628	0.050736	0.000000	0.565372	0.000000	0.000000	0.000000	0.000000
462	0.378832	0.003723	0.050632	0.000000	0.566813	0.000000	0.000000	0.000000	0.000000
463	0.378076	0.003666	0.050210	0.000000	0.568048	0.000000	0.000000	0.000000	0.000000
464	0.376802	0.003713	0.050241	0.000000	0.569244	0.000000	0.000000	0.000000	0.000000
465	0.375544	0.003634	0.050321	0.000000	0.570501	0.000000	0.000000	0.000000	0.000000
466	0.374706	0.003571	0.050216	0.000000	0.571507	0.000000	0.000000	0.000000	0.000000
467	0.373133	0.003604	0.050415	0.000000	0.572848	0.000000	0.000000	0.000000	0.000000
468	0.371346	0.003614	0.050481	0.000000	0.574559	0.000000	0.000000	0.000000	0.000000
469	0.370284	0.003548	0.050500	0.000000	0.575668	0.000000	0.000000	0.000000	0.000000
470	0.368613	0.003506	0.050622	0.000000	0.577259	0.000000	0.000000	0.000000	0.000000
