0	0.290663	0.057897	0.229473	0.157588	0.029913	0.111872	0.085455	0.012259	0.024880
1	0.238251	0.048902	0.205857	0.133912	0.027500	0.116887	0.116423	0.022370	0.089898
2	0.244587	0.049824	0.209821	0.123622	0.026883	0.108658	0.114879	0.022155	0.099571
3	0.257874	0.051114	0.212742	0.115367	0.026529	0.099045	0.110191	0.021107	0.106031
4	0.272594	0.052742	0.214812	0.107326	0.026411	0.090029	0.105081	0.019915	0.111090
5	0.287290	0.053918	0.217019	0.100115	0.026380	0.081342	0.100015	0.018661	0.115260
6	0.301255	0.055489	0.218343	0.093044	0.026275	0.073339	0.094272	0.017561	0.120422
7	0.315125	0.056727	0.218672	0.086514	0.026342	0.066108	0.089653	0.016597	0.124262
8	0.329058	0.057817	0.219388	0.080280	0.026411	0.059449	0.084430	0.015390	0.127777
9	0.343335	0.058796	0.218403	0.074222	0.026149	0.053325	0.079780	0.014129	0.131861
10	0.357189	0.059529	0.216801	0.068748	0.026343	0.048061	0.074552	0.013258	0.135519
11	0.369590	0.060705	0.215495	0.063486	0.026283	0.043289	0.070191	0.012499	0.138462
12	0.382138	0.061697	0.213391	0.058822	0.026597	0.038615	0.065886	0.011646	0.141208
13	0.394202	0.062330	0.210865	0.054553	0.026797	0.034400	0.061618	0.010882	0.144353
14	0.405952	0.062926	0.208052	0.050315	0.027097	0.030891	0.057822	0.010143	0.146802
15	0.417198	0.063463	0.204888	0.046533	0.027531	0.027635	0.054664	0.009499	0.148589
16	0.427881	0.063961	0.202275	0.042861	0.027693	0.024782	0.051065	0.008818	0.150664
17	0.438656	0.064284	0.198374	0.039459	0.028009	0.022244	0.047940	0.008206	0.152828
18	0.448937	0.064799	0.194733	0.036458	0.028347	0.019906	0.044967	0.007797	0.154056
19	0.458726	0.064836	0.191217	0.033799	0.028582	0.018059	0.042105	0.007100	0.155576
20	0.468639	0.065303	0.186805	0.031315	0.028893	0.016073	0.039514	0.006571	0.156887
21	0.478313	0.065465	0.183475	0.028783	0.029158	0.014088	0.037184	0.006097	0.157437
22	0.487272	0.065720	0.179866	0.026774	0.029475	0.012824	0.034718	0.005708	0.157643
23	0.496902	0.066069	0.175587	0.024597	0.029807	0.011345	0.032679	0.005266	0.157748
24	0.504245	0.066574	0.172101	0.022838	0.030310	0.010271	0.030353	0.004926	0.158382
25	0.513116	0.066696	0.168515	0.021192	0.030564	0.009283	0.028109	0.004545	0.157980
26	0.520327	0.066864	0.164627	0.019694	0.031171	0.008493	0.026238	0.004277	0.158309
27	0.528031	0.067136	0.160723	0.018219	0.031449	0.007621	0.024637	0.003971	0.158213
28	0.535636	0.067422	0.156474	0.016954	0.031985	0.007010	0.022854	0.003698	0.157967
29	0.543678	0.067137	0.152821	0.015805	0.032296	0.006294	0.021312	0.003402	0.157255
30	0.550898	0.067217	0.149273	0.014725	0.033171	0.005663	0.019904	0.003145	0.156004
31	0.558578	0.067019	0.145733	0.013654	0.033717	0.005248	0.018380	0.002884	0.154787
32	0.565102	0.067401	0.142619	0.012794	0.034227	0.004804	0.017054	0.002646	0.153353
33	0.572176	0.067060	0.139096	0.011992	0.034772	0.004304	0.015943	0.002453	0.152204
34	0.579122	0.066972	0.135491	0.011350	0.035203	0.004100	0.015040	0.002279	0.150443
35	0.585796	0.066866	0.132112	0.010582	0.035697	0.003789	0.013963	0.002139	0.149056
36	0.591885	0.066910	0.128590	0.009953	0.036280	0.003368	0.013074	0.001997	0.147943
37	0.598710	0.067341	0.125197	0.009266	0.036887	0.003089	0.012065	0.001719	0.145726
38	0.605574	0.067046	0.121794	0.008806	0.037418	0.002814	0.011148	0.001632	0.143768
39	0.611598	0.067106	0.118800	0.008283	0.037946	0.002628	0.010380	0.001485	0.141774
40	0.617499	0.067168	0.116131	0.007844	0.038478	0.002394	0.009505	0.001352	0.139629
41	0.623307	0.067329	0.113339	0.007379	0.039149	0.002141	0.008718	0.001216	0.137422
42	0.628971	0.067640	0.110461	0.006942	0.039680	0.001995	0.008134	0.001128	0.135049
43	0.634404	0.067613	0.107776	0.006547	0.040234	0.001821	0.007561	0.001010	0.133034
44	0.639791	0.067403	0.105331	0.006143	0.041053	0.001635	0.006921	0.000931	0.130792
45	0.645431	0.067893	0.102876	0.005880	0.041462	0.001557	0.006307	0.000892	0.127702
46	0.650876	0.067658	0.100452	0.005587	0.042370	0.001359	0.005802	0.000834	0.125062
47	0.655771	0.067575	0.098451	0.005276	0.043020	0.001276	0.005294	0.000751	0.122586
48	0.661503	0.067896	0.095726	0.004924	0.043362	0.001223	0.004901	0.000711	0.119754
49	0.666259	0.067971	0.093491	0.004768	0.044094	0.001133	0.004506	0.000640	0.117138
50	0.671095	0.067885	0.091126	0.004515	0.044838	0.001031	0.004198	0.000606	0.114706
51	0.675986	0.067557	0.089186	0.004340	0.045740	0.000950	0.003791	0.000527	0.111923
52	0.680844	0.067472	0.087308	0.004179	0.046455	0.000910	0.003577	0.000553	0.108702
53	0.686211	0.067234	0.085146	0.004022	0.047024	0.000846	0.003282	0.000499	0.105736
54	0.690285	0.067511	0.083479	0.003874	0.047897	0.000809	0.002993	0.000436	0.102716
55	0.694859	0.067513	0.081913	0.003703	0.048673	0.000758	0.002648	0.000429	0.099504
56	0.698925	0.067548	0.080360	0.003534	0.049379	0.000696	0.002513	0.000366	0.096679
57	0.703797	0.067095	0.078881	0.003373	0.050295	0.000708	0.002274	0.000322	0.093255
58	0.708357	0.066608	0.076965	0.003317	0.051117	0.000642	0.002154	0.000282	0.090558
59	0.712197	0.066581	0.075573	0.003184	0.051941	0.000612	0.001960	0.000264	0.087688
60	0.715612	0.066485	0.074497	0.003113	0.052813	0.000600	0.001810	0.000254	0.084816
61	0.719528	0.066250	0.072832	0.003058	0.053625	0.000556	0.001646	0.000208	0.082297
62	0.722992	0.066187	0.071567	0.002895	0.054455	0.000522	0.001480	0.000168	0.079734
63	0.726939	0.065563	0.070684	0.002798	0.055275	0.000507	0.001368	0.000138	0.076728
64	0.730645	0.064966	0.069472	0.002813	0.056203	0.000482	0.001278	0.000114	0.074027
65	0.734192	0.064816	0.068037	0.002615	0.057038	0.000467	0.001181	0.000126	0.071528
66	0.737354	0.064540	0.067351	0.002566	0.057718	0.000447	0.001070	0.000114	0.068840
67	0.740107	0.064860	0.066387	0.002494	0.058477	0.000417	0.000958	0.000111	0.066189
68	0.743273	0.064396	0.065527	0.002454	0.059330	0.000407	0.000856	0.000088	0.063669
69	0.746316	0.064858	0.064096	0.002386	0.059788	0.000404	0.000775	0.000095	0.061282
70	0.748638	0.064762	0.063221	0.002367	0.060803	0.000383	0.000687	0.000063	0.059076
71	0.751716	0.064717	0.062028	0.002194	0.061513	0.000362	0.000592	0.000072	0.056806
72	0.755162	0.063811	0.061243	0.002111	0.062357	0.000338	0.000542	0.000061	0.054375
73	0.757745	0.063564	0.060552	0.002063	0.063389	0.000328	0.000481	0.000055	0.051823
74	0.760303	0.063286	0.059361	0.002043	0.064312	0.000292	0.000464	0.000058	0.049881
75	0.762311	0.062984	0.058822	0.001989	0.065104	0.000268	0.000420	0.000045	0.048057
76	0.764806	0.062470	0.057869	0.001940	0.066063	0.000240	0.000349	0.000047	0.046216
77	0.767264	0.062173	0.057299	0.001879	0.066799	0.000231	0.000323	0.000048	0.043984
78	0.769597	0.061603	0.056632	0.001821	0.067688	0.000245	0.000318	0.000036	0.042060
79	0.771454	0.061195	0.056033	0.001805	0.068777	0.000219	0.000288	0.000035	0.040194
80	0.773182	0.060994	0.055098	0.001769	0.069889	0.000214	0.000280	0.000033	0.038541
81	0.774691	0.060988	0.054650	0.001737	0.070690	0.000199	0.000267	0.000028	0.036750
82	0.776420	0.060461	0.054222	0.001694	0.071503	0.000185	0.000226	0.000025	0.035264
83	0.778339	0.060041	0.053678	0.001661	0.072162	0.000186	0.000210	0.000028	0.033695
84	0.779794	0.059786	0.053363	0.001630	0.072753	0.000190	0.000197	0.000022	0.032265
85	0.781545	0.059390	0.052679	0.001583	0.073440	0.000181	0.000184	0.000020	0.030978
86	0.782920	0.058933	0.052480	0.001487	0.074322	0.000186	0.000159	0.000021	0.029492
87	0.784175	0.058572	0.052196	0.001465	0.075203	0.000174	0.000124	0.000022	0.028069
88	0.785596	0.058385	0.051609	0.001421	0.076135	0.000163	0.000114	0.000011	0.026566
89	0.787490	0.057637	0.050795	0.001348	0.077007	0.000155	0.000106	0.000010	0.025452
90	0.788361	0.057173	0.050560	0.001307	0.078075	0.000147	0.000091	0.000005	0.024281
91	0.789330	0.057011	0.049922	0.001294	0.078874	0.000161	0.000083	0.000009	0.023316
92	0.790380	0.056580	0.049534	0.001261	0.079683	0.000165	0.000072	0.000010	0.022315
93	0.791556	0.056277	0.048972	0.001158	0.080564	0.000130	0.000067	0.000007	0.021269
94	0.793089	0.055367	0.048577	0.001178	0.081266	0.000137	0.000058	0.000006	0.020322
95	0.793598	0.055335	0.047910	0.001105	0.082254	0.000139	0.000036	0.000012	0.019611
96	0.794151	0.055123	0.047739	0.001089	0.083101	0.000144	0.000046	0.000007	0.018600
97	0.795035	0.054615	0.047295	0.001014	0.084053	0.000153	0.000035	0.000007	0.017793
98	0.795111	0.053947	0.047499	0.000987	0.085108	0.000137	0.000025	0.000008	0.017178
99	0.795480	0.053708	0.047171	0.000950	0.085943	0.000146	0.000029	0.000004	0.016569
100	0.796466	0.053241	0.046779	0.000917	0.086543	0.000137	0.000030	0.000004	0.015883
101	0.796706	0.052966	0.046686	0.000862	0.087354	0.000148	0.000025	0.000007	0.015246
102	0.797195	0.052903	0.046085	0.000901	0.088208	0.000132	0.000033	0.000004	0.014539
103	0.796974	0.052677	0.046070	0.000868	0.089320	0.000133	0.000032	0.000004	0.013922
104	0.797161	0.052419	0.045693	0.000851	0.090622	0.000130	0.000028	0.000005	0.013091
105	0.797832	0.052219	0.045244	0.000847	0.091155	0.000146	0.000026	0.000005	0.012526
106	0.798025	0.051531	0.045055	0.000874	0.092304	0.000148	0.000016	0.000002	0.012045
107	0.798487	0.051311	0.044448	0.000830	0.093318	0.000137	0.000015	0.000001	0.011453
108	0.798639	0.050817	0.044317	0.000832	0.094168	0.000151	0.000014	0.000002	0.011060
109	0.798653	0.050550	0.044117	0.000785	0.095147	0.000155	0.000015	0.000000	0.010578
110	0.799844	0.049865	0.043388	0.000773	0.095893	0.000159	0.000010	0.000000	0.010068
111	0.799563	0.049449	0.043498	0.000701	0.096808	0.000142	0.000011	0.000000	0.009828
112	0.799864	0.049194	0.043046	0.000712	0.097531	0.000139	0.000011	0.000000	0.009503
113	0.799692	0.048910	0.043103	0.000736	0.098312	0.000120	0.000006	0.000000	0.009121
114	0.799833	0.048237	0.042764	0.000732	0.099357	0.000129	0.000003	0.000000	0.008945
115	0.799951	0.047962	0.042568	0.000683	0.100185	0.000127	0.000004	0.000000	0.008520
116	0.799478	0.047578	0.042334	0.000658	0.101529	0.000122	0.000003	0.000000	0.008298
117	0.799512	0.047288	0.042178	0.000632	0.102309	0.000123	0.000002	0.000000	0.007956
118	0.799720	0.046665	0.041923	0.000634	0.103285	0.000109	0.000002	0.000000	0.007662
119	0.799664	0.046176	0.041584	0.000611	0.104463	0.000112	0.000002	0.000000	0.007388
120	0.799180	0.045776	0.041499	0.000598	0.105755	0.000132	0.000004	0.000000	0.007056
121	0.799138	0.045458	0.041274	0.000542	0.106597	0.000116	0.000002	0.000000	0.006873
122	0.799154	0.044971	0.041487	0.000557	0.107164	0.000124	0.000003	0.000000	0.006540
123	0.799306	0.045022	0.041174	0.000536	0.107540	0.000112	0.000006	0.000000	0.006304
124	0.798779	0.044587	0.041372	0.000559	0.108561	0.000101	0.000003	0.000000	0.006038
125	0.798653	0.044072	0.041143	0.000548	0.109578	0.000100	0.000004	0.000000	0.005902
126	0.798402	0.043769	0.040971	0.000531	0.110585	0.000093	0.000005	0.000000	0.005644
127	0.798079	0.043519	0.040855	0.000495	0.111551	0.000091	0.000001	0.000000	0.005409
128	0.797374	0.043119	0.041248	0.000498	0.112486	0.000081	0.000002	0.000000	0.005192
129	0.796908	0.042866	0.041047	0.000485	0.113527	0.000076	0.000001	0.000000	0.005090
130	0.796264	0.042650	0.041020	0.000462	0.114594	0.000075	0.000002	0.000000	0.004933
131	0.796009	0.042128	0.041205	0.000458	0.115374	0.000081	0.000001	0.000000	0.004744
132	0.796231	0.041634	0.041003	0.000456	0.116024	0.000077	0.000001	0.000000	0.004574
133	0.795786	0.041190	0.040851	0.000419	0.117150	0.000073	0.000001	0.000000	0.004530
134	0.795378	0.041294	0.040779	0.000389	0.117750	0.000069	0.000002	0.000000	0.004339
135	0.794757	0.040998	0.040934	0.000353	0.118699	0.000062	0.000001	0.000000	0.004196
136	0.794592	0.040580	0.041203	0.000350	0.119200	0.000072	0.000002	0.000000	0.004001
137	0.794701	0.040310	0.040819	0.000343	0.119853	0.000077	0.000002	0.000000	0.003895
138	0.794259	0.039852	0.040939	0.000342	0.120633	0.000085	0.000000	0.000000	0.003890
139	0.793874	0.039517	0.040851	0.000317	0.121629	0.000085	0.000002	0.000000	0.003725
140	0.793839	0.039301	0.040562	0.000332	0.122281	0.000089	0.000003	0.000000	0.003593
141	0.793512	0.039143	0.040565	0.000330	0.122878	0.000079	0.000003	0.000000	0.003490
142	0.793199	0.038677	0.040483	0.000327	0.123878	0.000065	0.000001	0.000000	0.003370
143	0.792692	0.038435	0.040494	0.000339	0.124648	0.000072	0.000004	0.000000	0.003316
144	0.792257	0.037909	0.040381	0.000312	0.125795	0.000061	0.000002	0.000000	0.003283
145	0.791750	0.037476	0.040474	0.000306	0.126786	0.000061	0.000002	0.000000	0.003145
146	0.791349	0.037072	0.040362	0.000300	0.127736	0.000070	0.000000	0.000000	0.003111
147	0.791203	0.037015	0.040133	0.000296	0.128348	0.000065	0.000001	0.000000	0.002939
148	0.791332	0.036836	0.039769	0.000288	0.128776	0.000062	0.000002	0.000000	0.002935
149	0.790519	0.036753	0.039699	0.000279	0.129880	0.000060	0.000000	0.000000	0.002810
150	0.790346	0.036382	0.039717	0.000270	0.130557	0.000056	0.000000	0.000000	0.002672
151	0.789670	0.036236	0.039616	0.000269	0.131470	0.000054	0.000000	0.000000	0.002685
152	0.788976	0.036260	0.039502	0.000224	0.132426	0.000048	0.000000	0.000000	0.002564
153	0.788475	0.035727	0.039708	0.000216	0.133361	0.000043	0.000000	0.000000	0.002470
154	0.788315	0.035569	0.039653	0.000191	0.133783	0.000042	0.000000	0.000000	0.002447
155	0.787502	0.035438	0.039519	0.000189	0.134912	0.000040	0.000000	0.000000	0.002400
156	0.787086	0.034981	0.039381	0.000192	0.135948	0.000043	0.000000	0.000000	0.002369
157	0.786733	0.034665	0.039510	0.000186	0.136555	0.000042	0.000000	0.000000	0.002309
158	0.786292	0.034551	0.039396	0.000194	0.137343	0.000039	0.000000	0.000000	0.002185
159	0.785625	0.034128	0.039435	0.000196	0.138448	0.000044	0.000000	0.000000	0.002124
160	0.784792	0.033883	0.039514	0.000197	0.139458	0.000043	0.000000	0.000000	0.002113
161	0.784150	0.033821	0.039469	0.000195	0.140281	0.000038	0.000000	0.000000	0.002046
162	0.783510	0.033550	0.039593	0.000186	0.141186	0.000033	0.000000	0.000000	0.001942
163	0.783053	0.033228	0.039522	0.000177	0.142108	0.000039	0.000000	0.000000	0.001873
164	0.782926	0.032749	0.039395	0.000158	0.142920	0.000031	0.000000	0.000000	0.001821
165	0.781666	0.032796	0.039397	0.000143	0.144136	0.000038	0.000000	0.000000	0.001824
166	0.781268	0.032587	0.039241	0.000139	0.144968	0.000044	0.000000	0.000000	0.001753
167	0.780699	0.032396	0.039152	0.000136	0.145836	0.000042	0.000000	0.000000	0.001739
168	0.780117	0.032213	0.039202	0.000134	0.146639	0.000040	0.000000	0.000000	0.001655
169	0.779793	0.032151	0.038880	0.000111	0.147417	0.000041	0.000000	0.000000	0.001607
170	0.779146	0.031967	0.039029	0.000091	0.148185	0.000038	0.000000	0.000000	0.001544
171	0.778561	0.031607	0.038990	0.000090	0.149162	0.000038	0.000000	0.000000	0.001552
172	0.778081	0.031353	0.038769	0.000079	0.150250	0.000037	0.000000	0.000000	0.001431
173	0.778048	0.031052	0.038370	0.000077	0.151040	0.000033	0.000000	0.000000	0.001380
174	0.777092	0.030996	0.038534	0.000078	0.151893	0.000038	0.000000	0.000000	0.001369
175	0.776213	0.030776	0.038992	0.000086	0.152502	0.000040	0.000000	0.000000	0.001391
176	0.775993	0.030603	0.039006	0.000083	0.152938	0.000027	0.000000	0.000000	0.001350
177	0.775026	0.030499	0.038923	0.000075	0.154093	0.000032	0.000000	0.000000	0.001352
178	0.774860	0.030208	0.038952	0.000080	0.154556	0.000029	0.000000	0.000000	0.001315
179	0.774079	0.029968	0.038985	0.000075	0.155585	0.000022	0.000000	0.000000	0.001286
180	0.773423	0.029840	0.038881	0.000069	0.156539	0.000019	0.000000	0.000000	0.001229
181	0.772846	0.029774	0.038880	0.000056	0.157221	0.000019	0.000000	0.000000	0.001204
182	0.772542	0.029467	0.038745	0.000053	0.158039	0.000010	0.000000	0.000000	0.001144
183	0.771888	0.029327	0.038696	0.000060	0.158946	0.000012	0.000000	0.000000	0.001071
184	0.771251	0.029316	0.038594	0.000045	0.159742	0.000006	0.000000	0.000000	0.001046
185	0.770623	0.029099	0.038560	0.000059	0.160668	0.000005	0.000000	0.000000	0.000986
186	0.769744	0.028779	0.038597	0.000062	0.161807	0.000004	0.000000	0.000000	0.001007
187	0.769069	0.028718	0.038436	0.000056	0.162700	0.000004	0.000000	0.000000	0.001017
188	0.768450	0.028294	0.038405	0.000047	0.163810	0.000002	0.000000	0.000000	0.000992
189	0.768105	0.027909	0.038139	0.000048	0.164828	0.000000	0.000000	0.000000	0.000971
190	0.767678	0.027510	0.038146	0.000055	0.165685	0.000001	0.000000	0.000000	0.000925
191	0.767073	0.027291	0.038194	0.000055	0.166534	0.000003	0.000000	0.000000	0.000850
192	0.766675	0.027117	0.037700	0.000052	0.167626	0.000002	0.000000	0.000000	0.000828
193	0.766111	0.026870	0.037611	0.000066	0.168567	0.000000	0.000000	0.000000	0.000775
194	0.765566	0.026459	0.037710	0.000055	0.169412	0.000001	0.000000	0.000000	0.000797
195	0.764803	0.026242	0.037698	0.000058	0.170426	0.000002	0.000000	0.000000	0.000771
196	0.764013	0.026091	0.037441	0.000050	0.171694	0.000002	0.000000	0.000000	0.000709
197	0.763586	0.025805	0.037494	0.000055	0.172348	0.000002	0.000000	0.000000	0.000710
198	0.762725	0.025857	0.037333	0.000050	0.173327	0.000001	0.000000	0.000000	0.000707
199	0.762126	0.025667	0.037297	0.000046	0.174168	0.000002	0.000000	0.000000	0.000694
200	0.761419	0.025643	0.037183	0.000053	0.175004	0.000001	0.000000	0.000000	0.000697
201	0.760693	0.025381	0.037182	0.000062	0.175978	0.000001	0.000000	0.000000	0.000703
202	0.759485	0.025450	0.037115	0.000056	0.177201	0.000002	0.000000	0.000000	0.000691
203	0.759026	0.025156	0.036918	0.000053	0.178122	0.000002	0.000000	0.000000	0.000723
204	0.758103	0.025046	0.036793	0.000044	0.179303	0.000001	0.000000	0.000000	0.000710
205	0.757224	0.025029	0.036589	0.000043	0.180412	0.000000	0.000000	0.000000	0.000703
206	0.756986	0.024826	0.036518	0.000029	0.180997	0.000000	0.000000	0.000000	0.000644
207	0.756289	0.024633	0.036528	0.000030	0.181867	0.000000	0.000000	0.000000	0.000653
208	0.755924	0.024389	0.036369	0.000028	0.182644	0.000000	0.000000	0.000000	0.000646
209	0.754814	0.024518	0.036230	0.000035	0.183782	0.000000	0.000000	0.000000	0.000621
210	0.753938	0.024376	0.036274	0.000029	0.184757	0.000000	0.000000	0.000000	0.000626
211	0.753280	0.024069	0.036398	0.000032	0.185587	0.000000	0.000000	0.000000	0.000634
212	0.752636	0.024022	0.036209	0.000031	0.186483	0.000000	0.000000	0.000000	0.000619
213	0.751917	0.023807	0.036249	0.000028	0.187379	0.000000	0.000000	0.000000	0.000620
214	0.751375	0.023483	0.036398	0.000033	0.188116	0.000000	0.000000	0.000000	0.000595
215	0.750871	0.023296	0.036192	0.000038	0.189007	0.000000	0.000000	0.000000	0.000596
216	0.750085	0.023201	0.036225	0.000041	0.189848	0.000000	0.000000	0.000000	0.000600
217	0.749225	0.022995	0.036164	0.000040	0.191023	0.000000	0.000000	0.000000	0.000553
218	0.748977	0.022738	0.036012	0.000049	0.191661	0.000000	0.000000	0.000000	0.000563
219	0.747532	0.022685	0.036127	0.000043	0.193076	0.000000	0.000000	0.000000	0.000537
220	0.746632	0.022583	0.036265	0.000030	0.193956	0.000000	0.000000	0.000000	0.000534
221	0.746049	0.022268	0.036389	0.000027	0.194740	0.000000	0.000000	0.000000	0.000527
222	0.745608	0.022177	0.036363	0.000028	0.195291	0.000000	0.000000	0.000000	0.000533
223	0.745289	0.021784	0.036337	0.000028	0.196037	0.000000	0.000000	0.000000	0.000525
224	0.743994	0.021870	0.036204	0.000024	0.197397	0.000000	0.000000	0.000000	0.000511
225	0.743608	0.021705	0.035887	0.000032	0.198269	0.000000	0.000000	0.000000	0.000499
226	0.743304	0.021500	0.035768	0.000030	0.198909	0.000000	0.000000	0.000000	0.000489
227	0.742261	0.021475	0.035821	0.000029	0.199944	0.000000	0.000000	0.000000	0.000470
228	0.741124	0.021214	0.036108	0.000032	0.201084	0.000000	0.000000	0.000000	0.000438
229	0.740296	0.020939	0.036075	0.000033	0.202230	0.000000	0.000000	0.000000	0.000427
230	0.739742	0.020859	0.035916	0.000034	0.203036	0.000000	0.000000	0.000000	0.000413
231	0.739408	0.020735	0.035836	0.000033	0.203600	0.000000	0.000000	0.000000	0.000388
232	0.738783	0.020650	0.035880	0.000030	0.204283	0.000000	0.000000	0.000000	0.000374
233	0.738271	0.020377	0.035558	0.000033	0.205369	0.000000	0.000000	0.000000	0.000392
234	0.737556	0.020266	0.035346	0.000024	0.206410	0.000000	0.000000	0.000000	0.000398
235	0.736464	0.020025	0.035621	0.000025	0.207486	0.000000	0.000000	0.000000	0.000379
236	0.736412	0.019934	0.035098	0.000026	0.208124	0.000000	0.000000	0.000000	0.000406
237	0.735550	0.019766	0.035204	0.000025	0.209042	0.000000	0.000000	0.000000	0.000413
238	0.734963	0.019680	0.035050	0.000025	0.209867	0.000000	0.000000	0.000000	0.000415
239	0.734052	0.019704	0.034752	0.000020	0.211033	0.000000	0.000000	0.000000	0.000439
240	0.733307	0.019486	0.034772	0.000020	0.212002	0.000000	0.000000	0.000000	0.000413
241	0.732539	0.019191	0.035012	0.000024	0.212832	0.000000	0.000000	0.000000	0.000402
242	0.732037	0.019098	0.034789	0.000020	0.213664	0.000000	0.000000	0.000000	0.000392
243	0.731305	0.019104	0.034713	0.000019	0.214467	0.000000	0.000000	0.000000	0.000392
244	0.730709	0.018947	0.034867	0.000012	0.215050	0.000000	0.000000	0.000000	0.000415
245	0.729745	0.018918	0.034861	0.000012	0.216063	0.000000	0.000000	0.000000	0.000401
246	0.728624	0.018711	0.034858	0.000015	0.217405	0.000000	0.000000	0.000000	0.000387
247	0.728012	0.018540	0.034659	0.000014	0.218400	0.000000	0.000000	0.000000	0.000375
248	0.727076	0.018479	0.034665	0.000014	0.219433	0.000000	0.000000	0.000000	0.000333
249	0.726056	0.018297	0.034820	0.000015	0.220491	0.000000	0.000000	0.000000	0.000321
250	0.725215	0.018299	0.034506	0.000018	0.221636	0.000000	0.000000	0.000000	0.000326
251	0.724775	0.018174	0.034198	0.000019	0.222533	0.000000	0.000000	0.000000	0.000301
252	0.723860	0.018017	0.034268	0.000013	0.223556	0.000000	0.000000	0.000000	0.000286
253	0.722834	0.018039	0.034304	0.000019	0.224535	0.000000	0.000000	0.000000	0.000269
254	0.722312	0.017972	0.034303	0.000021	0.225119	0.000000	0.000000	0.000000	0.000273
255	0.721363	0.017817	0.034345	0.000015	0.226230	0.000000	0.000000	0.000000	0.000230
256	0.720834	0.017808	0.034203	0.000018	0.226895	0.000000	0.000000	0.000000	0.000242
257	0.719892	0.017763	0.034032	0.000015	0.228072	0.000000	0.000000	0.000000	0.000226
258	0.719377	0.017470	0.033874	0.000014	0.229030	0.000000	0.000000	0.000000	0.000235
259	0.718712	0.017264	0.034035	0.000017	0.229753	0.000000	0.000000	0.000000	0.000219
260	0.717847	0.017129	0.033835	0.000019	0.230938	0.000000	0.000000	0.000000	0.000232
261	0.717154	0.017060	0.033837	0.000020	0.231713	0.000000	0.000000	0.000000	0.000216
262	0.716973	0.016804	0.033567	0.000019	0.232415	0.000000	0.000000	0.000000	0.000222
263	0.716117	0.016736	0.033623	0.000014	0.233304	0.000000	0.000000	0.000000	0.000206
264	0.715191	0.016584	0.033693	0.000017	0.234315	0.000000	0.000000	0.000000	0.000200
265	0.714557	0.016466	0.033494	0.000011	0.235268	0.000000	0.000000	0.000000	0.000204
266	0.714610	0.016337	0.033284	0.000009	0.235576	0.000000	0.000000	0.000000	0.000184
267	0.713714	0.016366	0.033258	0.000008	0.236453	0.000000	0.000000	0.000000	0.000201
268	0.712738	0.016253	0.033333	0.000007	0.237499	0.000000	0.000000	0.000000	0.000170
269	0.711599	0.016272	0.033487	0.000004	0.238474	0.000000	0.000000	0.000000	0.000164
270	0.710936	0.016060	0.033548	0.000006	0.239299	0.000000	0.000000	0.000000	0.000151
271	0.710437	0.015962	0.033108	0.000005	0.240345	0.000000	0.000000	0.000000	0.000143
272	0.709175	0.015916	0.033430	0.000006	0.241339	0.000000	0.000000	0.000000	0.000134
273	0.708371	0.015814	0.033452	0.000007	0.242207	0.000000	0.000000	0.000000	0.000149
274	0.707488	0.015621	0.033538	0.000006	0.243207	0.000000	0.000000	0.000000	0.000140
275	0.706268	0.015504	0.033624	0.000001	0.244472	0.000000	0.000000	0.000000	0.000131
276	0.705439	0.015378	0.033613	0.000005	0.245429	0.000000	0.000000	0.000000	0.000136
277	0.704176	0.015279	0.033567	0.000009	0.246842	0.000000	0.000000	0.000000	0.000127
278	0.703644	0.015119	0.033426	0.000008	0.247663	0.000000	0.000000	0.000000	0.000140
279	0.702904	0.014723	0.033426	0.000010	0.248796	0.000000	0.000000	0.000000	0.000141
280	0.702373	0.014599	0.033256	0.000009	0.249627	0.000000	0.000000	0.000000	0.000136
281	0.701698	0.014565	0.033267	0.000010	0.250323	0.000000	0.000000	0.000000	0.000137
282	0.700909	0.014671	0.033277	0.000006	0.251012	0.000000	0.000000	0.000000	0.000125
283	0.700226	0.014378	0.033356	0.000008	0.251930	0.000000	0.000000	0.000000	0.000102
284	0.699389	0.014290	0.033060	0.000010	0.253137	0.000000	0.000000	0.000000	0.000114
285	0.698684	0.014119	0.033101	0.000010	0.253993	0.000000	0.000000	0.000000	0.000093
286	0.697779	0.013920	0.033119	0.000013	0.255083	0.000000	0.000000	0.000000	0.000086
287	0.696441	0.013692	0.033305	0.000012	0.256466	0.000000	0.000000	0.000000	0.000084
288	0.695664	0.013712	0.033139	0.000012	0.257381	0.000000	0.000000	0.000000	0.000092
289	0.694917	0.013721	0.032942	0.000011	0.258332	0.000000	0.000000	0.000000	0.000077
290	0.694356	0.013432	0.032899	0.000011	0.259215	0.000000	0.000000	0.000000	0.000087
291	0.693257	0.013264	0.032893	0.000010	0.260497	0.000000	0.000000	0.000000	0.000079
292	0.692149	0.013096	0.033159	0.000009	0.261513	0.000000	0.000000	0.000000	0.000074
293	0.691589	0.013025	0.032916	0.000006	0.262396	0.000000	0.000000	0.000000	0.000068
294	0.691184	0.012729	0.032712	0.000005	0.263309	0.000000	0.000000	0.000000	0.000061
295	0.690070	0.012789	0.032882	0.000006	0.264198	0.000000	0.000000	0.000000	0.000055
296	0.689286	0.012822	0.032947	0.000006	0.264889	0.000000	0.000000	0.000000	0.000050
297	0.688998	0.012624	0.032685	0.000004	0.265640	0.000000	0.000000	0.000000	0.000049
298	0.687841	0.012666	0.033042	0.000004	0.266407	0.000000	0.000000	0.000000	0.000040
299	0.687075	0.012594	0.032862	0.000004	0.267417	0.000000	0.000000	0.000000	0.000048
300	0.686485	0.012423	0.032879	0.000008	0.268158	0.000000	0.000000	0.000000	0.000047
301	0.685788	0.012358	0.032592	0.000010	0.269212	0.000000	0.000000	0.000000	0.000040
302	0.685151	0.012304	0.032425	0.000010	0.270065	0.000000	0.000000	0.000000	0.000045
303	0.684218	0.012160	0.032377	0.000007	0.271194	0.000000	0.000000	0.000000	0.000044
304	0.683267	0.012124	0.032168	0.000006	0.272392	0.000000	0.000000	0.000000	0.000043
305	0.682340	0.012083	0.032350	0.000007	0.273181	0.000000	0.000000	0.000000	0.000039
306	0.681910	0.012012	0.032106	0.000007	0.273922	0.000000	0.000000	0.000000	0.000043
307	0.680704	0.012053	0.032283	0.000009	0.274910	0.000000	0.000000	0.000000	0.000041
308	0.679955	0.011969	0.032007	0.000008	0.276032	0.000000	0.000000	0.000000	0.000029
309	0.679363	0.011956	0.031693	0.000011	0.276947	0.000000	0.000000	0.000000	0.000030
310	0.678537	0.012004	0.031558	0.000011	0.277856	0.000000	0.000000	0.000000	0.000034
311	0.677635	0.011979	0.031526	0.000005	0.278830	0.000000	0.000000	0.000000	0.000025
312	0.676647	0.011814	0.031661	0.000007	0.279847	0.000000	0.000000	0.000000	0.000024
313	0.675798	0.011717	0.031541	0.000007	0.280918	0.000000	0.000000	0.000000	0.000019
314	0.675018	0.011648	0.031402	0.000011	0.281901	0.000000	0.000000	0.000000	0.000020
315	0.673736	0.011599	0.031645	0.000007	0.282999	0.000000	0.000000	0.000000	0.000014
316	0.672678	0.011554	0.031851	0.000004	0.283898	0.000000	0.000000	0.000000	0.000015
317	0.672109	0.011429	0.031677	0.000006	0.284766	0.000000	0.000000	0.000000	0.000013
318	0.671248	0.011319	0.031746	0.000004	0.285669	0.000000	0.000000	0.000000	0.000014
319	0.670187	0.011230	0.031764	0.000002	0.286802	0.000000	0.000000	0.000000	0.000015
320	0.669681	0.011170	0.031677	0.000002	0.287456	0.000000	0.000000	0.000000	0.000014
321	0.669133	0.010977	0.031781	0.000000	0.288099	0.000000	0.000000	0.000000	0.000010
322	0.668162	0.011126	0.031621	0.000000	0.289085	0.000000	0.000000	0.000000	0.000006
323	0.667055	0.011118	0.031716	0.000000	0.290105	0.000000	0.000000	0.000000	0.000006
324	0.665958	0.011152	0.031689	0.000000	0.291191	0.000000	0.000000	0.000000	0.000010
325	0.664973	0.011152	0.031647	0.000000	0.292222	0.000000	0.000000	0.000000	0.000006
326	0.663845	0.011021	0.031627	0.000000	0.293500	0.000000	0.000000	0.000000	0.000007
327	0.662532	0.010965	0.031642	0.000000	0.294854	0.000000	0.000000	0.000000	0.000007
328	0.662026	0.010958	0.031362	0.000000	0.295648	0.000000	0.000000	0.000000	0.000006
329	0.661007	0.010877	0.031717	0.000000	0.296393	0.000000	0.000000	0.000000	0.000006
330	0.659996	0.010758	0.031589	0.000000	0.297653	0.000000	0.000000	0.000000	0.000004
331	0.658896	0.010729	0.031755	0.000000	0.298614	0.000000	0.000000	0.000000	0.000006
332	0.657846	0.010817	0.031641	0.000000	0.299690	0.000000	0.000000	0.000000	0.000006
333	0.656731	0.010741	0.031807	0.000000	0.300716	0.000000	0.000000	0.000000	0.000005
334	0.655881	0.010652	0.031813	0.000000	0.301653	0.000000	0.000000	0.000000	0.000001
335	0.655152	0.010542	0.031704	0.000000	0.302600	0.000000	0.000000	0.000000	0.000002
336	0.654574	0.010574	0.031844	0.000000	0.303005	0.000000	0.000000	0.000000	0.000003
337	0.653403	0.010468	0.031688	0.000000	0.304436	0.000000	0.000000	0.000000	0.000005
338	0.652792	0.010274	0.031701	0.000000	0.305228	0.000000	0.000000	0.000000	0.000005
339	0.651785	0.010288	0.031577	0.000000	0.306344	0.000000	0.000000	0.000000	0.000006
340	0.650518	0.010154	0.031799	0.000000	0.307524	0.000000	0.000000	0.000000	0.000005
341	0.649770	0.010047	0.031680	0.000000	0.308497	0.000000	0.000000	0.000000	0.000006
342	0.648572	0.009994	0.031812	0.000000	0.309615	0.000000	0.000000	0.000000	0.000007
343	0.647173	0.009976	0.031977	0.000000	0.310865	0.000000	0.000000	0.000000	0.000009
344	0.646356	0.009897	0.031991	0.000000	0.311748	0.000000	0.000000	0.000000	0.000008
345	0.645657	0.009978	0.032132	0.000000	0.312226	0.000000	0.000000	0.000000	0.000007
346	0.644832	0.009880	0.032242	0.000000	0.313044	0.000000	0.000000	0.000000	0.000002
347	0.644166	0.009850	0.031845	0.000000	0.314137	0.000000	0.000000	0.000000	0.000002
348	0.643031	0.009734	0.031889	0.000000	0.315344	0.000000	0.000000	0.000000	0.000002
349	0.641776	0.009612	0.031896	0.000000	0.316714	0.000000	0.000000	0.000000	0.000002
350	0.640659	0.009550	0.032010	0.000000	0.317778	0.000000	0.000000	0.000000	0.000003
351	0.639417	0.009370	0.032034	0.000000	0.319175	0.000000	0.000000	0.000000	0.000004
352	0.638479	0.009280	0.031803	0.000000	0.320434	0.000000	0.000000	0.000000	0.000004
353	0.637565	0.009374	0.031679	0.000000	0.321380	0.000000	0.000000	0.000000	0.000002
354	0.636388	0.009509	0.031851	0.000000	0.322252	0.000000	0.000000	0.000000	0.000000
355	0.635723	0.009340	0.031877	0.000000	0.323059	0.000000	0.000000	0.000000	0.000001
356	0.635413	0.009185	0.031723	0.000000	0.323679	0.000000	0.000000	0.000000	0.000000
357	0.634478	0.009180	0.031762	0.000000	0.324580	0.000000	0.000000	0.000000	0.000000
358	0.633467	0.009117	0.031804	0.000000	0.325612	0.000000	0.000000	0.000000	0.000000
359	0.632751	0.008978	0.031697	0.000000	0.326574	0.000000	0.000000	0.000000	0.000000
360	0.632002	0.008900	0.031641	0.000000	0.327457	0.000000	0.000000	0.000000	0.000000
361	0.631071	0.009012	0.031632	0.000000	0.328285	0.000000	0.000000	0.000000	0.000000
362	0.630471	0.008775	0.031419	0.000000	0.329335	0.000000	0.000000	0.000000	0.000000
363	0.629714	0.008759	0.031315	0.000000	0.330212	0.000000	0.000000	0.000000	0.000000
364	0.628826	0.008663	0.031378	0.000000	0.331133	0.000000	0.000000	0.000000	0.000000
365	0.627906	0.008574	0.031494	0.000000	0.332026	0.000000	0.000000	0.000000	0.000000
366	0.626929	0.008391	0.031378	0.000000	0.333302	0.000000	0.000000	0.000000	0.000000
367	0.626149	0.008340	0.031298	0.000000	0.334213	0.000000	0.000000	0.000000	0.000000
368	0.625298	0.008262	0.031484	0.000000	0.334956	0.000000	0.000000	0.000000	0.000000
369	0.624353	0.008223	0.031341	0.000000	0.336083	0.000000	0.000000	0.000000	0.000000
370	0.623404	0.008181	0.031032	0.000000	0.337383	0.000000	0.000000	0.000000	0.000000
371	0.622492	0.008197	0.030954	0.000000	0.338357	0.000000	0.000000	0.000000	0.000000
372	0.621389	0.008142	0.030856	0.000000	0.339613	0.000000	0.000000	0.000000	0.000000
373	0.620584	0.008008	0.030646	0.000000	0.340762	0.000000	0.000000	0.000000	0.000000
374	0.619117	0.007919	0.030768	0.000000	0.342196	0.000000	0.000000	0.000000	0.000000
375	0.618373	0.007831	0.030672	0.000000	0.343124	0.000000	0.000000	0.000000	0.000000
376	0.617882	0.007857	0.030532	0.000000	0.343729	0.000000	0.000000	0.000000	0.000000
377	0.617007	0.007869	0.030618	0.000000	0.344506	0.000000	0.000000	0.000000	0.000000
378	0.615705	0.007865	0.030505	0.000000	0.345925	0.000000	0.000000	0.000000	0.000000
379	0.615156	0.007806	0.030211	0.000000	0.346827	0.000000	0.000000	0.000000	0.000000
380	0.614122	0.007729	0.030524	0.000000	0.347625	0.000000	0.000000	0.000000	0.000000
381	0.612910	0.007622	0.030542	0.000000	0.348926	0.000000	0.000000	0.000000	0.000000
382	0.612111	0.007534	0.030588	0.000000	0.349767	0.000000	0.000000	0.000000	0.000000
383	0.611106	0.007341	0.030501	0.000000	0.351052	0.000000	0.000000	0.000000	0.000000
384	0.610125	0.007232	0.030419	0.000000	0.352224	0.000000	0.000000	0.000000	0.000000
385	0.609553	0.007173	0.030201	0.000000	0.353073	0.000000	0.000000	0.000000	0.000000
386	0.608646	0.007076	0.030160	0.000000	0.354118	0.000000	0.000000	0.000000	0.000000
387	0.607434	0.007133	0.030349	0.000000	0.355084	0.000000	0.000000	0.000000	0.000000
388	0.606869	0.007015	0.030322	0.000000	0.355794	0.000000	0.000000	0.000000	0.000000
389	0.606459	0.007046	0.030351	0.000000	0.356144	0.000000	0.000000	0.000000	0.000000
390	0.605644	0.006882	0.030127	0.000000	0.357347	0.000000	0.000000	0.000000	0.000000
391	0.604826	0.006728	0.030017	0.000000	0.358429	0.000000	0.000000	0.000000	0.000000
392	0.603598	0.006678	0.030110	0.000000	0.359614	0.000000	0.000000	0.000000	0.000000
393	0.602314	0.006733	0.030268	0.000000	0.360685	0.000000	0.000000	0.000000	0.000000
394	0.601592	0.006642	0.029926	0.000000	0.361840	0.000000	0.000000	0.000000	0.000000
395	0.600713	0.006506	0.029744	0.000000	0.363037	0.000000	0.000000	0.000000	0.000000
396	0.599726	0.006458	0.029616	0.000000	0.364200	0.000000	0.000000	0.000000	0.000000
397	0.598757	0.006269	0.029532	0.000000	0.365442	0.000000	0.000000	0.000000	0.000000
398	0.597966	0.006225	0.029272	0.000000	0.366537	0.000000	0.000000	0.000000	0.000000
399	0.596920	0.006267	0.029131	0.000000	0.367682	0.000000	0.000000	0.000000	0.000000
400	0.596183	0.006143	0.029037	0.000000	0.368637	0.000000	0.000000	0.000000	0.000000
401	0.594845	0.006049	0.028971	0.000000	0.370135	0.000000	0.000000	0.000000	0.000000
402	0.593964	0.005986	0.029188	0.000000	0.370862	0.000000	0.000000	0.000000	0.000000
403	0.593353	0.005865	0.029122	0.000000	0.371660	0.000000	0.000000	0.000000	0.000000
404	0.591994	0.005859	0.028956	0.000000	0.373191	0.000000	0.000000	0.000000	0.000000
405	0.591129	0.005828	0.028985	0.000000	0.374058	0.000000	0.000000	0.000000	0.000000
406	0.590073	0.005780	0.028908	0.000000	0.375239	0.000000	0.000000	0.000000	0.000000
407	0.589128	0.005808	0.028853	0.000000	0.376211	0.000000	0.000000	0.000000	0.000000
408	0.588107	0.005789	0.028868	0.000000	0.377236	0.000000	0.000000	0.000000	0.000000
409	0.586758	0.005801	0.028839	0.000000	0.378602	0.000000	0.000000	0.000000	0.000000
410	0.586270	0.005686	0.028577	0.000000	0.379467	0.000000	0.000000	0.000000	0.000000
411	0.585293	0.005730	0.028614	0.000000	0.380363	0.000000	0.000000	0.000000	0.000000
412	0.584241	0.005678	0.028720	0.000000	0.381361	0.000000	0.000000	0.000000	0.000000
413	0.583530	0.005618	0.028437	0.000000	0.382415	0.000000	0.000000	0.000000	0.000000
414	0.582388	0.005481	0.028452	0.000000	0.383679	0.000000	0.000000	0.000000	0.000000
415	0.581328	0.005515	0.028467	0.000000	0.384690	0.000000	0.000000	0.000000	0.000000
416	0.580279	0.005465	0.028297	0.000000	0.385959	0.000000	0.000000	0.000000	0.000000
417	0.579345	0.005531	0.028439	0.000000	0.386685	0.000000	0.000000	0.000000	0.000000
418	0.578228	0.005578	0.028406	0.000000	0.387788	0.000000	0.000000	0.000000	0.000000
419	0.578024	0.005354	0.028131	0.000000	0.388491	0.000000	0.000000	0.000000	0.000000
420	0.576702	0.005504	0.028224	0.000000	0.389570	0.000000	0.000000	0.000000	0.000000
421	0.576110	0.005403	0.027991	0.000000	0.390496	0.000000	0.000000	0.000000	0.000000
422	0.575200	0.005345	0.028080	0.000000	0.391375	0.000000	0.000000	0.000000	0.000000
423	0.573735	0.005407	0.027983	0.000000	0.392875	0.000000	0.000000	0.000000	0.000000
424	0.573016	0.005288	0.028015	0.000000	0.393681	0.000000	0.000000	0.000000	0.000000
425	0.572224	0.005253	0.028178	0.000000	0.394345	0.000000	0.000000	0.000000	0.000000
426	0.571120	0.005228	0.028198	0.000000	0.395454	0.000000	0.000000	0.000000	0.000000
427	0.570397	0.005183	0.027918	0.000000	0.396502	0.000000	0.000000	0.000000	0.000000
428	0.569163	0.005166	0.028075	0.000000	0.397596	0.000000	0.000000	0.000000	0.000000
429	0.568236	0.005209	0.027704	0.000000	0.398851	0.000000	0.000000	0.000000	0.000000
430	0.567216	0.005202	0.027537	0.000000	0.400045	0.000000	0.000000	0.000000	0.000000
431	0.566321	0.005094	0.027297	0.000000	0.401288	0.000000	0.000000	0.000000	0.000000
432	0.565195	0.005088	0.027168	0.000000	0.402549	0.000000	0.000000	0.000000	0.000000
433	0.564050	0.005071	0.027304	0.000000	0.403575	0.000000	0.000000	0.000000	0.000000
434	0.562881	0.005081	0.027264	0.000000	0.404774	0.000000	0.000000	0.000000	0.000000
435	0.562216	0.005040	0.027126	0.000000	0.405618	0.000000	0.000000	0.000000	0.000000
436	0.561108	0.004942	0.027273	0.000000	0.406677	0.000000	0.000000	0.000000	0.000000
437	0.560009	0.004917	0.027177	0.000000	0.407897	0.000000	0.000000	0.000000	0.000000
438	0.558949	0.004898	0.027033	0.000000	0.409120	0.000000	0.000000	0.000000	0.000000
439	0.558030	0.004860	0.027052	0.000000	0.410058	0.000000	0.000000	0.000000	0.000000
440	0.556921	0.004837	0.027118	0.000000	0.411124	0.000000	0.000000	0.000000	0.000000
441	0.555732	0.004825	0.026852	0.000000	0.412591	0.000000	0.000000	0.000000	0.000000
442	0.554847	0.004830	0.026973	0.000000	0.413350	0.000000	0.000000	0.000000	0.000000
443	0.554202	0.004788	0.026863	0.000000	0.414147	0.000000	0.000000	0.000000	0.000000
444	0.552981	0.004791	0.026757	0.000000	0.415471	0.000000	0.000000	0.000000	0.000000
445	0.551735	0.004744	0.026884	0.000000	0.416637	0.000000	0.000000	0.000000	0.000000
446	0.550730	0.004877	0.026608	0.000000	0.417785	0.000000	0.000000	0.000000	0.000000
447	0.549713	0.004816	0.026649	0.000000	0.418822	0.000000	0.000000	0.000000	0.000000
448	0.548788	0.004811	0.026553	0.000000	0.419848	0.000000	0.000000	0.000000	0.000000
449	0.547874	0.004679	0.026857	0.000000	0.420590	0.000000	0.000000	0.000000	0.000000
450	0.546783	0.004552	0.026970	0.000000	0.421695	0.000000	0.000000	0.000000	0.000000
451	0.546334	0.004509	0.026645	0.000000	0.422512	0.000000	0.000000	0.000000	0.000000
452	0.545751	0.004409	0.026613	0.000000	0.423227	0.000000	0.000000	0.000000	0.000000
453	0.544544	0.004402	0.026673	0.000000	0.424381	0.000000	0.000000	0.000000	0.000000
454	0.543570	0.004422	0.026642	0.000000	0.425366	0.000000	0.000000	0.000000	0.000000
455	0.542289	0.004451	0.026618	0.000000	0.426642	0.000000	0.000000	0.000000	0.000000
456	0.541533	0.004474	0.026655	0.000000	0.427338	0.000000	0.000000	0.000000	0.000000
457	0.540643	0.004410	0.026520	0.000000	0.428427	0.000000	0.000000	0.000000	0.000000
458	0.539301	0.004423	0.026671	0.000000	0.429605	0.000000	0.000000	0.000000	0.000000
459	0.537784	0.004366	0.026652	0.000000	0.431198	0.000000	0.000000	0.000000	0.000000
460	0.536962	0.004376	0.026530	0.000000	0.432132	0.000000	0.000000	0.000000	0.000000
461	0.535913	0.004385	0.026423	0.000000	0.433279	0.000000	0.000000	0.000000	0.000000
462	0.534848	0.004377	0.026468	0.000000	0.434307	0.000000	0.000000	0.000000	0.000000
463	0.534123	0.004368	0.026305	0.000000	0.435204	0.000000	0.000000	0.000000	0.000000
464	0.533141	0.004377	0.026391	0.000000	0.436091	0.000000	0.000000	0.000000	0.000000
465	0.531760	0.004315	0.026468	0.000000	0.437457	0.000000	0.000000	0.000000	0.000000
466	0.530710	0.004346	0.026592	0.000000	0.438352	0.000000	0.000000	0.000000	0.000000
467	0.529771	0.004270	0.026558	0.000000	0.439401	0.000000	0.000000	0.000000	0.000000
468	0.529328	0.004195	0.026403	0.000000	0.440074	0.000000	0.000000	0.000000	0.000000
469	0.528222	0.004154	0.026423	0.000000	0.441201	0.000000	0.000000	0.000000	0.000000
470	0.527336	0.004117	0.026513	0.000000	0.442034	0.000000	0.000000	0.000000	0.000000
