0	0.290663	0.057897	0.229473	0.157588	0.029913	0.111872	0.085455	0.012259	0.024880
1	0.219363	0.045276	0.191050	0.134751	0.028033	0.118479	0.135718	0.026119	0.101211
2	0.208536	0.042840	0.180392	0.124886	0.027614	0.110444	0.150894	0.029279	0.125115
3	0.204086	0.041454	0.170575	0.116872	0.027066	0.101630	0.163225	0.031064	0.144028
4	0.201038	0.039867	0.161769	0.110035	0.027286	0.092580	0.173586	0.032121	0.161718
5	0.198484	0.038716	0.152891	0.103903	0.027800	0.083944	0.181651	0.033409	0.179202
6	0.197175	0.037356	0.143583	0.098063	0.028154	0.076000	0.189436	0.034356	0.195877
7	0.195743	0.036011	0.134232	0.092787	0.028633	0.068451	0.196349	0.035138	0.212656
8	0.194493	0.035259	0.125151	0.087584	0.029438	0.061556	0.202369	0.035529	0.228621
9	0.192731	0.034161	0.117164	0.083065	0.030241	0.055047	0.207830	0.036207	0.243554
10	0.191540	0.033271	0.109168	0.078595	0.031025	0.049575	0.211632	0.036495	0.258699
11	0.190695	0.032282	0.101794	0.074611	0.031849	0.044598	0.215108	0.036619	0.272444
12	0.189322	0.031650	0.094580	0.070450	0.032602	0.040158	0.218092	0.036787	0.286359
13	0.188587	0.030498	0.088017	0.066775	0.033721	0.035875	0.220877	0.036904	0.298746
14	0.187637	0.029814	0.081507	0.063450	0.034571	0.032523	0.222899	0.036635	0.310964
15	0.186625	0.029117	0.075352	0.060284	0.035672	0.029131	0.224665	0.036647	0.322507
16	0.185866	0.028315	0.069527	0.057507	0.036730	0.026251	0.225945	0.036332	0.333527
17	0.184803	0.027695	0.064476	0.054729	0.037968	0.023537	0.226296	0.036218	0.344278
18	0.183186	0.027030	0.059934	0.052123	0.039090	0.021184	0.227386	0.036022	0.354045
19	0.181884	0.026386	0.055359	0.049781	0.040358	0.019073	0.227401	0.035466	0.364292
20	0.181415	0.025679	0.051429	0.047412	0.041510	0.017076	0.226429	0.035180	0.373870
21	0.179768	0.025104	0.047430	0.045171	0.042630	0.015230	0.227018	0.034799	0.382850
22	0.178402	0.024761	0.043883	0.042832	0.043690	0.013727	0.226019	0.034281	0.392405
23	0.177083	0.024254	0.040587	0.041163	0.045073	0.012393	0.225160	0.033596	0.400691
24	0.175949	0.023801	0.037792	0.039221	0.046240	0.011232	0.224403	0.033048	0.408314
25	0.174777	0.023275	0.034823	0.037563	0.047727	0.010308	0.222924	0.032880	0.415723
26	0.173088	0.022457	0.032021	0.035857	0.048960	0.009267	0.222162	0.032337	0.423851
27	0.171669	0.021992	0.029694	0.034113	0.050249	0.008476	0.220626	0.031890	0.431291
28	0.170185	0.021577	0.027438	0.032534	0.051693	0.007544	0.218853	0.031757	0.438419
29	0.168128	0.020966	0.025111	0.030886	0.053216	0.006819	0.217550	0.031199	0.446125
30	0.166145	0.020471	0.022976	0.029440	0.054700	0.006177	0.216763	0.030898	0.452430
31	0.164470	0.020191	0.020910	0.027931	0.056370	0.005656	0.214232	0.030331	0.459909
32	0.162248	0.019572	0.019291	0.026754	0.057463	0.005071	0.212496	0.029853	0.467252
33	0.160326	0.019004	0.017683	0.025406	0.059075	0.004608	0.210648	0.029431	0.473819
34	0.158167	0.018535	0.016240	0.024208	0.060183	0.004330	0.208783	0.029071	0.480483
35	0.155964	0.018026	0.014871	0.022978	0.061475	0.003949	0.206892	0.028483	0.487362
36	0.153691	0.017612	0.013614	0.021958	0.062950	0.003505	0.204972	0.028152	0.493546
37	0.151519	0.017145	0.012790	0.020933	0.064534	0.003210	0.202749	0.027896	0.499224
38	0.149095	0.016779	0.011657	0.019757	0.065915	0.002855	0.200842	0.027635	0.505465
39	0.147108	0.016434	0.010705	0.018619	0.067341	0.002483	0.198831	0.027081	0.511398
40	0.144749	0.015978	0.009818	0.017693	0.068775	0.002280	0.197103	0.026687	0.516917
41	0.142818	0.015483	0.008955	0.016851	0.069909	0.002052	0.195126	0.026277	0.522529
42	0.140465	0.015027	0.008169	0.016136	0.071400	0.001871	0.193412	0.025741	0.527779
43	0.138092	0.014585	0.007498	0.015412	0.073022	0.001692	0.190813	0.025588	0.533298
44	0.135568	0.014335	0.006950	0.014611	0.074343	0.001562	0.188971	0.025330	0.538330
45	0.133000	0.013834	0.006308	0.013936	0.075817	0.001366	0.187315	0.024914	0.543510
46	0.130707	0.013477	0.005740	0.013205	0.077414	0.001261	0.185527	0.024658	0.548011
47	0.127991	0.013033	0.005284	0.012647	0.078495	0.001167	0.183416	0.024252	0.553715
48	0.125560	0.012753	0.004849	0.012078	0.079733	0.001057	0.181884	0.023827	0.558259
49	0.122837	0.012325	0.004466	0.011577	0.080845	0.001002	0.180327	0.023732	0.562889
50	0.120019	0.012111	0.004053	0.011093	0.082224	0.000948	0.178934	0.023482	0.567136
51	0.117562	0.011613	0.003793	0.010611	0.083608	0.000863	0.177539	0.023133	0.571278
52	0.114970	0.011331	0.003487	0.010158	0.085018	0.000769	0.175975	0.022732	0.575560
53	0.112581	0.010985	0.003183	0.009667	0.086471	0.000735	0.173551	0.022529	0.580298
54	0.110119	0.010474	0.002944	0.009110	0.087525	0.000666	0.172009	0.022330	0.584823
55	0.107193	0.010217	0.002698	0.008708	0.088675	0.000644	0.170457	0.022171	0.589237
56	0.104574	0.009952	0.002441	0.008283	0.089859	0.000599	0.169146	0.021734	0.593412
57	0.101654	0.009616	0.002216	0.007884	0.091335	0.000570	0.167634	0.021316	0.597775
58	0.098793	0.009260	0.002029	0.007561	0.092355	0.000524	0.166435	0.021101	0.601942
59	0.096608	0.008898	0.001814	0.007177	0.093319	0.000472	0.164285	0.021225	0.606202
60	0.094244	0.008592	0.001662	0.006854	0.094435	0.000436	0.163025	0.021043	0.609709
61	0.091654	0.008292	0.001505	0.006662	0.095515	0.000389	0.162053	0.020807	0.613123
62	0.089333	0.008002	0.001344	0.006354	0.096323	0.000362	0.160537	0.020482	0.617263
63	0.086726	0.007727	0.001251	0.006069	0.097390	0.000342	0.159267	0.020381	0.620847
64	0.084396	0.007545	0.001167	0.005815	0.098009	0.000342	0.158184	0.020033	0.624509
65	0.081945	0.007340	0.001077	0.005555	0.098937	0.000311	0.157164	0.019865	0.627806
66	0.079861	0.007080	0.000976	0.005309	0.100117	0.000270	0.155563	0.019534	0.631290
67	0.077398	0.006916	0.000916	0.005089	0.101135	0.000266	0.154018	0.019450	0.634812
68	0.075435	0.006576	0.000871	0.004924	0.102154	0.000233	0.152665	0.019079	0.638063
69	0.073217	0.006358	0.000816	0.004712	0.103287	0.000239	0.151397	0.018903	0.641071
70	0.071117	0.006255	0.000725	0.004517	0.104193	0.000226	0.150194	0.018722	0.644051
71	0.068720	0.005975	0.000664	0.004245	0.104990	0.000220	0.149263	0.018396	0.647527
72	0.066745	0.005683	0.000582	0.004013	0.105723	0.000212	0.148764	0.018393	0.649885
73	0.064669	0.005525	0.000539	0.003814	0.106249	0.000190	0.148049	0.018124	0.652841
74	0.062510	0.005274	0.000512	0.003663	0.107112	0.000167	0.146788	0.017927	0.656047
75	0.060563	0.005045	0.000459	0.003476	0.107819	0.000164	0.145897	0.017550	0.659027
76	0.058447	0.004853	0.000420	0.003248	0.108665	0.000162	0.145173	0.017429	0.661603
77	0.056558	0.004578	0.000390	0.003123	0.109298	0.000139	0.143908	0.017186	0.664820
78	0.054799	0.004455	0.000351	0.002942	0.109882	0.000123	0.142988	0.017094	0.667366
79	0.052981	0.004355	0.000329	0.002801	0.110465	0.000114	0.141973	0.016852	0.670130
80	0.051492	0.004198	0.000283	0.002662	0.111101	0.000097	0.141148	0.016728	0.672291
81	0.049857	0.003997	0.000252	0.002590	0.111978	0.000088	0.139932	0.016522	0.674784
82	0.047767	0.003829	0.000235	0.002448	0.112157	0.000077	0.139340	0.016302	0.677845
83	0.046212	0.003680	0.000215	0.002329	0.112479	0.000071	0.137990	0.016139	0.680885
84	0.044647	0.003499	0.000201	0.002254	0.113361	0.000054	0.137368	0.015857	0.682759
85	0.043069	0.003388	0.000167	0.002163	0.113573	0.000062	0.136447	0.015717	0.685414
86	0.041307	0.003250	0.000150	0.002109	0.113842	0.000062	0.135433	0.015579	0.688268
87	0.040001	0.003131	0.000139	0.002053	0.113999	0.000053	0.134547	0.015437	0.690640
88	0.038623	0.002999	0.000133	0.001881	0.114690	0.000047	0.133552	0.015129	0.692946
89	0.037151	0.002817	0.000122	0.001791	0.114790	0.000042	0.132231	0.015021	0.696035
90	0.035904	0.002750	0.000103	0.001684	0.115237	0.000038	0.131600	0.014818	0.697866
91	0.034445	0.002705	0.000086	0.001615	0.115530	0.000039	0.131207	0.014701	0.699672
92	0.033206	0.002539	0.000086	0.001565	0.115824	0.000035	0.130428	0.014468	0.701849
93	0.031638	0.002351	0.000087	0.001529	0.116357	0.000033	0.130286	0.014389	0.703330
94	0.030562	0.002286	0.000072	0.001525	0.116284	0.000028	0.129423	0.014318	0.705502
95	0.029391	0.002200	0.000065	0.001459	0.116347	0.000027	0.128920	0.014287	0.707304
96	0.028111	0.002090	0.000060	0.001344	0.116611	0.000033	0.127663	0.014110	0.709978
97	0.026986	0.001954	0.000055	0.001280	0.117096	0.000029	0.126832	0.013913	0.711855
98	0.025773	0.001828	0.000033	0.001190	0.117184	0.000026	0.126035	0.013779	0.714152
99	0.024619	0.001767	0.000015	0.001165	0.117469	0.000029	0.125732	0.013674	0.715530
100	0.023401	0.001763	0.000015	0.001169	0.117371	0.000026	0.125295	0.013442	0.717518
101	0.022459	0.001714	0.000009	0.001104	0.117284	0.000034	0.124529	0.013363	0.719504
102	0.021533	0.001615	0.000007	0.001065	0.117206	0.000026	0.123301	0.013316	0.721931
103	0.020820	0.001547	0.000007	0.001052	0.117126	0.000025	0.122361	0.013287	0.723775
104	0.019888	0.001513	0.000004	0.001002	0.117060	0.000018	0.121857	0.013118	0.725540
105	0.019261	0.001425	0.000005	0.000958	0.117016	0.000010	0.121109	0.012991	0.727225
106	0.018660	0.001372	0.000005	0.000913	0.116970	0.000008	0.120275	0.012849	0.728948
107	0.017855	0.001302	0.000002	0.000880	0.117124	0.000010	0.120077	0.012656	0.730094
108	0.016955	0.001234	0.000002	0.000821	0.117363	0.000007	0.119505	0.012575	0.731538
109	0.016278	0.001208	0.000000	0.000756	0.117298	0.000010	0.118800	0.012478	0.733172
110	0.015518	0.001133	0.000000	0.000700	0.117008	0.000008	0.118175	0.012497	0.734961
111	0.014906	0.001124	0.000000	0.000695	0.116852	0.000005	0.117455	0.012392	0.736571
112	0.014157	0.001043	0.000000	0.000666	0.117169	0.000002	0.116785	0.012344	0.737834
113	0.013472	0.000992	0.000000	0.000632	0.116880	0.000003	0.115860	0.012255	0.739906
114	0.013026	0.000965	0.000000	0.000617	0.117114	0.000002	0.114988	0.012284	0.741004
115	0.012471	0.000947	0.000000	0.000583	0.117009	0.000002	0.114401	0.012078	0.742509
116	0.012056	0.000921	0.000000	0.000556	0.116825	0.000000	0.113523	0.012030	0.744089
117	0.011423	0.000902	0.000000	0.000522	0.116936	0.000000	0.112848	0.011899	0.745470
118	0.010971	0.000850	0.000000	0.000522	0.117038	0.000000	0.112370	0.011916	0.746333
119	0.010559	0.000823	0.000000	0.000496	0.116926	0.000000	0.111855	0.011770	0.747571
120	0.010128	0.000790	0.000000	0.000485	0.116557	0.000000	0.111376	0.011618	0.749046
121	0.009703	0.000735	0.000000	0.000477	0.116579	0.000000	0.111000	0.011635	0.749871
122	0.009407	0.000758	0.000000	0.000455	0.116363	0.000000	0.110469	0.011512	0.751036
123	0.008994	0.000770	0.000000	0.000440	0.116141	0.000000	0.110001	0.011359	0.752295
124	0.008621	0.000772	0.000000	0.000414	0.115695	0.000000	0.109856	0.011159	0.753483
125	0.008116	0.000739	0.000000	0.000404	0.115255	0.000000	0.109647	0.011151	0.754688
126	0.007925	0.000719	0.000000	0.000375	0.115264	0.000000	0.109442	0.010819	0.755456
127	0.007591	0.000740	0.000000	0.000367	0.114888	0.000000	0.108896	0.010837	0.756681
128	0.007265	0.000683	0.000000	0.000378	0.114675	0.000000	0.108287	0.010625	0.758087
129	0.006921	0.000690	0.000000	0.000341	0.114664	0.000000	0.107905	0.010620	0.758859
130	0.006677	0.000689	0.000000	0.000323	0.114346	0.000000	0.107535	0.010574	0.759856
131	0.006464	0.000670	0.000000	0.000296	0.114321	0.000000	0.106738	0.010413	0.761098
132	0.006183	0.000669	0.000000	0.000294	0.114189	0.000000	0.106127	0.010363	0.762175
133	0.006020	0.000648	0.000000	0.000264	0.113825	0.000000	0.105860	0.010289	0.763094
134	0.005740	0.000635	0.000000	0.000259	0.114008	0.000000	0.105076	0.010172	0.764110
135	0.005485	0.000607	0.000000	0.000240	0.114006	0.000000	0.104891	0.010085	0.764686
136	0.005277	0.000567	0.000000	0.000213	0.113717	0.000000	0.104281	0.009927	0.766018
137	0.005049	0.000547	0.000000	0.000188	0.113438	0.000000	0.104151	0.009826	0.766801
138	0.004815	0.000551	0.000000	0.000178	0.113022	0.000000	0.103730	0.009798	0.767906
139	0.004624	0.000508	0.000000	0.000183	0.112631	0.000000	0.102968	0.009729	0.769357
140	0.004518	0.000499	0.000000	0.000175	0.112265	0.000000	0.102766	0.009736	0.770041
141	0.004281	0.000491	0.000000	0.000156	0.112034	0.000000	0.102324	0.009638	0.771076
142	0.004084	0.000481	0.000000	0.000140	0.111791	0.000000	0.102355	0.009662	0.771487
143	0.003900	0.000465	0.000000	0.000112	0.111236	0.000000	0.101953	0.009687	0.772647
144	0.003799	0.000464	0.000000	0.000123	0.111143	0.000000	0.101639	0.009618	0.773214
145	0.003690	0.000425	0.000000	0.000111	0.110943	0.000000	0.101295	0.009479	0.774057
146	0.003592	0.000394	0.000000	0.000102	0.110874	0.000000	0.101064	0.009407	0.774567
147	0.003466	0.000400	0.000000	0.000101	0.110655	0.000000	0.100616	0.009348	0.775414
148	0.003380	0.000364	0.000000	0.000108	0.110196	0.000000	0.100362	0.009403	0.776187
149	0.003256	0.000342	0.000000	0.000105	0.109920	0.000000	0.099694	0.009506	0.777177
150	0.003104	0.000326	0.000000	0.000095	0.109701	0.000000	0.099473	0.009302	0.777999
151	0.002993	0.000312	0.000000	0.000081	0.109345	0.000000	0.099515	0.009270	0.778484
152	0.002931	0.000280	0.000000	0.000081	0.109131	0.000000	0.099101	0.009203	0.779273
153	0.002813	0.000267	0.000000	0.000081	0.109103	0.000000	0.098725	0.009270	0.779741
154	0.002715	0.000243	0.000000	0.000075	0.108873	0.000000	0.098454	0.009139	0.780501
155	0.002638	0.000203	0.000000	0.000082	0.108612	0.000000	0.098144	0.008919	0.781402
156	0.002563	0.000183	0.000000	0.000074	0.108268	0.000000	0.097695	0.008833	0.782384
157	0.002520	0.000170	0.000000	0.000069	0.108071	0.000000	0.096917	0.008796	0.783457
158	0.002423	0.000134	0.000000	0.000074	0.107780	0.000000	0.096789	0.008759	0.784041
159	0.002373	0.000133	0.000000	0.000072	0.107445	0.000000	0.096486	0.008714	0.784777
160	0.002325	0.000114	0.000000	0.000083	0.107216	0.000000	0.096145	0.008586	0.785531
161	0.002281	0.000116	0.000000	0.000087	0.106841	0.000000	0.095623	0.008522	0.786530
162	0.002212	0.000120	0.000000	0.000080	0.106658	0.000000	0.095202	0.008506	0.787222
163	0.002124	0.000116	0.000000	0.000078	0.106562	0.000000	0.094746	0.008406	0.787968
164	0.002081	0.000111	0.000000	0.000066	0.106039	0.000000	0.094130	0.008338	0.789235
165	0.001992	0.000111	0.000000	0.000058	0.105890	0.000000	0.093842	0.008321	0.789786
166	0.001904	0.000112	0.000000	0.000061	0.105755	0.000000	0.093356	0.008186	0.790626
167	0.001859	0.000107	0.000000	0.000055	0.105438	0.000000	0.092895	0.008097	0.791549
168	0.001844	0.000094	0.000000	0.000053	0.104827	0.000000	0.092538	0.007983	0.792661
169	0.001838	0.000088	0.000000	0.000050	0.104380	0.000000	0.092069	0.007998	0.793577
170	0.001740	0.000086	0.000000	0.000046	0.103982	0.000000	0.091687	0.007996	0.794463
171	0.001667	0.000084	0.000000	0.000042	0.103644	0.000000	0.090926	0.007883	0.795754
172	0.001627	0.000084	0.000000	0.000037	0.103407	0.000000	0.090870	0.007880	0.796095
173	0.001624	0.000084	0.000000	0.000035	0.103212	0.000000	0.090532	0.007805	0.796708
174	0.001553	0.000090	0.000000	0.000025	0.102898	0.000000	0.090416	0.007839	0.797179
175	0.001498	0.000085	0.000000	0.000018	0.102465	0.000000	0.090226	0.007847	0.797861
176	0.001446	0.000077	0.000000	0.000016	0.102045	0.000000	0.089296	0.007879	0.799241
177	0.001402	0.000067	0.000000	0.000016	0.101768	0.000000	0.089014	0.007852	0.799881
178	0.001373	0.000062	0.000000	0.000018	0.101486	0.000000	0.088619	0.007843	0.800599
179	0.001330	0.000064	0.000000	0.000020	0.101038	0.000000	0.088662	0.007852	0.801034
180	0.001307	0.000056	0.000000	0.000015	0.100569	0.000000	0.088167	0.007777	0.802109
181	0.001275	0.000050	0.000000	0.000018	0.100115	0.000000	0.088139	0.007703	0.802700
182	0.001244	0.000049	0.000000	0.000020	0.099630	0.000000	0.087928	0.007596	0.803533
183	0.001230	0.000045	0.000000	0.000018	0.099454	0.000000	0.087638	0.007531	0.804084
184	0.001228	0.000044	0.000000	0.000019	0.098671	0.000000	0.087632	0.007500	0.804906
185	0.001185	0.000042	0.000000	0.000020	0.098360	0.000000	0.087382	0.007388	0.805623
186	0.001172	0.000034	0.000000	0.000014	0.097842	0.000000	0.087390	0.007363	0.806185
187	0.001133	0.000038	0.000000	0.000017	0.097558	0.000000	0.087071	0.007256	0.806927
188	0.001092	0.000031	0.000000	0.000017	0.097334	0.000000	0.087014	0.007190	0.807322
189	0.001040	0.000027	0.000000	0.000017	0.096910	0.000000	0.086872	0.007073	0.808061
190	0.001020	0.000027	0.000000	0.000016	0.096467	0.000000	0.086602	0.007124	0.808744
191	0.000975	0.000026	0.000000	0.000020	0.096089	0.000000	0.086334	0.007032	0.809524
192	0.000940	0.000032	0.000000	0.000019	0.095820	0.000000	0.085974	0.007137	0.810078
193	0.000886	0.000024	0.000000	0.000022	0.095208	0.000000	0.085835	0.007106	0.810919
194	0.000831	0.000023	0.000000	0.000024	0.094958	0.000000	0.085687	0.006961	0.811516
195	0.000810	0.000024	0.000000	0.000025	0.094514	0.000000	0.085267	0.007095	0.812265
196	0.000759	0.000025	0.000000	0.000017	0.094273	0.000000	0.085522	0.007005	0.812399
197	0.000766	0.000025	0.000000	0.000016	0.093857	0.000000	0.085162	0.006966	0.813208
198	0.000742	0.000026	0.000000	0.000019	0.093272	0.000000	0.084906	0.007058	0.813977
199	0.000706	0.000028	0.000000	0.000021	0.093042	0.000000	0.084808	0.006959	0.814436
200	0.000666	0.000021	0.000000	0.000018	0.092482	0.000000	0.084429	0.006945	0.815439
201	0.000622	0.000024	0.000000	0.000018	0.092275	0.000000	0.084355	0.006926	0.815780
202	0.000599	0.000023	0.000000	0.000019	0.092148	0.000000	0.084054	0.006961	0.816196
203	0.000568	0.000025	0.000000	0.000013	0.091727	0.000000	0.083548	0.007008	0.817111
204	0.000540	0.000026	0.000000	0.000018	0.091337	0.000000	0.083491	0.006952	0.817636
205	0.000498	0.000022	0.000000	0.000013	0.090900	0.000000	0.083185	0.006863	0.818519
206	0.000467	0.000022	0.000000	0.000015	0.090485	0.000000	0.082611	0.006800	0.819600
207	0.000434	0.000026	0.000000	0.000013	0.090315	0.000000	0.082693	0.006821	0.819698
208	0.000396	0.000021	0.000000	0.000013	0.089912	0.000000	0.082421	0.006806	0.820431
209	0.000403	0.000017	0.000000	0.000011	0.089321	0.000000	0.082426	0.006754	0.821068
210	0.000418	0.000014	0.000000	0.000006	0.088908	0.000000	0.082191	0.006687	0.821776
211	0.000414	0.000016	0.000000	0.000005	0.088564	0.000000	0.081760	0.006649	0.822592
212	0.000409	0.000016	0.000000	0.000002	0.088039	0.000000	0.081730	0.006617	0.823187
213	0.000400	0.000015	0.000000	0.000001	0.087564	0.000000	0.081317	0.006629	0.824074
214	0.000378	0.000015	0.000000	0.000000	0.087271	0.000000	0.081402	0.006578	0.824356
215	0.000380	0.000011	0.000000	0.000000	0.087055	0.000000	0.081076	0.006441	0.825037
216	0.000358	0.000010	0.000000	0.000000	0.086913	0.000000	0.080981	0.006462	0.825276
217	0.000354	0.000010	0.000000	0.000000	0.086468	0.000000	0.080726	0.006453	0.825989
218	0.000311	0.000009	0.000000	0.000000	0.085896	0.000000	0.080733	0.006476	0.826575
219	0.000291	0.000007	0.000000	0.000000	0.085616	0.000000	0.080667	0.006384	0.827035
220	0.000287	0.000003	0.000000	0.000000	0.085435	0.000000	0.080639	0.006431	0.827205
221	0.000283	0.000000	0.000000	0.000000	0.085110	0.000000	0.080615	0.006421	0.827571
222	0.000277	0.000000	0.000000	0.000000	0.084652	0.000000	0.080834	0.006351	0.827886
223	0.000267	0.000000	0.000000	0.000000	0.084522	0.000000	0.080488	0.006405	0.828318
224	0.000260	0.000000	0.000000	0.000000	0.084233	0.000000	0.080206	0.006408	0.828893
225	0.000239	0.000000	0.000000	0.000000	0.084258	0.000000	0.080144	0.006341	0.829018
226	0.000237	0.000000	0.000000	0.000000	0.084059	0.000000	0.079827	0.006336	0.829541
227	0.000238	0.000000	0.000000	0.000000	0.083836	0.000000	0.079175	0.006364	0.830387
228	0.000232	0.000000	0.000000	0.000000	0.083421	0.000000	0.079371	0.006368	0.830608
229	0.000227	0.000000	0.000000	0.000000	0.083096	0.000000	0.079121	0.006335	0.831221
230	0.000224	0.000000	0.000000	0.000000	0.082719	0.000000	0.078632	0.006186	0.832239
231	0.000224	0.000000	0.000000	0.000000	0.082458	0.000000	0.078832	0.006210	0.832276
232	0.000210	0.000000	0.000000	0.000000	0.082219	0.000000	0.078588	0.006095	0.832888
233	0.000208	0.000000	0.000000	0.000000	0.081850	0.000000	0.078319	0.006065	0.833558
234	0.000196	0.000000	0.000000	0.000000	0.081553	0.000000	0.078046	0.006138	0.834067
235	0.000196	0.000000	0.000000	0.000000	0.081264	0.000000	0.077535	0.006058	0.834947
236	0.000200	0.000000	0.000000	0.000000	0.080953	0.000000	0.077353	0.006073	0.835421
237	0.000192	0.000000	0.000000	0.000000	0.080673	0.000000	0.077034	0.005987	0.836114
238	0.000178	0.000000	0.000000	0.000000	0.080010	0.000000	0.076850	0.005904	0.837058
239	0.000164	0.000000	0.000000	0.000000	0.079851	0.000000	0.076836	0.005854	0.837295
240	0.000157	0.000000	0.000000	0.000000	0.079554	0.000000	0.076653	0.005855	0.837781
241	0.000149	0.000000	0.000000	0.000000	0.079079	0.000000	0.076214	0.005845	0.838713
242	0.000133	0.000000	0.000000	0.000000	0.078813	0.000000	0.076140	0.005832	0.839082
243	0.000133	0.000000	0.000000	0.000000	0.078392	0.000000	0.075976	0.005729	0.839770
244	0.000131	0.000000	0.000000	0.000000	0.077888	0.000000	0.075964	0.005634	0.840383
245	0.000111	0.000000	0.000000	0.000000	0.077685	0.000000	0.075594	0.005522	0.841088
246	0.000111	0.000000	0.000000	0.000000	0.077394	0.000000	0.075174	0.005467	0.841854
247	0.000100	0.000000	0.000000	0.000000	0.076928	0.000000	0.075148	0.005549	0.842275
248	0.000099	0.000000	0.000000	0.000000	0.076736	0.000000	0.074651	0.005469	0.843045
249	0.000104	0.000000	0.000000	0.000000	0.076470	0.000000	0.074263	0.005322	0.843841
250	0.000107	0.000000	0.000000	0.000000	0.076177	0.000000	0.074297	0.005299	0.844120
251	0.000098	0.000000	0.000000	0.000000	0.075658	0.000000	0.074263	0.005353	0.844628
252	0.000091	0.000000	0.000000	0.000000	0.075209	0.000000	0.074019	0.005313	0.845368
253	0.000093	0.000000	0.000000	0.000000	0.074946	0.000000	0.073473	0.005438	0.846050
254	0.000095	0.000000	0.000000	0.000000	0.074584	0.000000	0.073415	0.005515	0.846391
255	0.000086	0.000000	0.000000	0.000000	0.074264	0.000000	0.073006	0.005546	0.847098
256	0.000086	0.000000	0.000000	0.000000	0.073869	0.000000	0.073133	0.005508	0.847404
257	0.000077	0.000000	0.000000	0.000000	0.073466	0.000000	0.072797	0.005501	0.848159
258	0.000077	0.000000	0.000000	0.000000	0.073211	0.000000	0.072478	0.005619	0.848615
259	0.000081	0.000000	0.000000	0.000000	0.072881	0.000000	0.072443	0.005582	0.849013
260	0.000083	0.000000	0.000000	0.000000	0.072528	0.000000	0.072423	0.005608	0.849358
261	0.000079	0.000000	0.000000	0.000000	0.072058	0.000000	0.071968	0.005712	0.850183
262	0.000064	0.000000	0.000000	0.000000	0.071607	0.000000	0.072149	0.005627	0.850553
263	0.000065	0.000000	0.000000	0.000000	0.071331	0.000000	0.072154	0.005630	0.850820
264	0.000051	0.000000	0.000000	0.000000	0.070855	0.000000	0.071694	0.005593	0.851807
265	0.000055	0.000000	0.000000	0.000000	0.070649	0.000000	0.071474	0.005534	0.852288
266	0.000050	0.000000	0.000000	0.000000	0.070395	0.000000	0.071150	0.005651	0.852754
267	0.000041	0.000000	0.000000	0.000000	0.069886	0.000000	0.070774	0.005573	0.853726
268	0.000037	0.000000	0.000000	0.000000	0.069480	0.000000	0.070940	0.005531	0.854012
269	0.000032	0.000000	0.000000	0.000000	0.069200	0.000000	0.070901	0.005423	0.854444
270	0.000027	0.000000	0.000000	0.000000	0.068861	0.000000	0.070846	0.005434	0.854832
271	0.000031	0.000000	0.000000	0.000000	0.068472	0.000000	0.070955	0.005407	0.855135
272	0.000025	0.000000	0.000000	0.000000	0.067979	0.000000	0.070926	0.005366	0.855704
273	0.000023	0.000000	0.000000	0.000000	0.067751	0.000000	0.071121	0.005330	0.855775
274	0.000020	0.000000	0.000000	0.000000	0.067521	0.000000	0.070876	0.005346	0.856237
275	0.000024	0.000000	0.000000	0.000000	0.067437	0.000000	0.070674	0.005346	0.856519
276	0.000023	0.000000	0.000000	0.000000	0.067337	0.000000	0.070819	0.005335	0.856486
277	0.000023	0.000000	0.000000	0.000000	0.067000	0.000000	0.070742	0.005284	0.856951
278	0.000022	0.000000	0.000000	0.000000	0.066701	0.000000	0.070508	0.005238	0.857531
279	0.000017	0.000000	0.000000	0.000000	0.066640	0.000000	0.070372	0.005139	0.857832
280	0.000013	0.000000	0.000000	0.000000	0.066270	0.000000	0.070628	0.005154	0.857935
281	0.000015	0.000000	0.000000	0.000000	0.065944	0.000000	0.070277	0.005088	0.858676
282	0.000016	0.000000	0.000000	0.000000	0.065698	0.000000	0.070391	0.005020	0.858875
283	0.000017	0.000000	0.000000	0.000000	0.065516	0.000000	0.070310	0.005009	0.859148
284	0.000016	0.000000	0.000000	0.000000	0.065024	0.000000	0.070316	0.005019	0.859625
285	0.000015	0.000000	0.000000	0.000000	0.064658	0.000000	0.070265	0.004977	0.860085
286	0.000017	0.000000	0.000000	0.000000	0.064383	0.000000	0.069856	0.005058	0.860686
287	0.000017	0.000000	0.000000	0.000000	0.064031	0.000000	0.069759	0.005015	0.861178
288	0.000012	0.000000	0.000000	0.000000	0.063943	0.000000	0.069429	0.004965	0.861651
289	0.000011	0.000000	0.000000	0.000000	0.063446	0.000000	0.069538	0.005007	0.861998
290	0.000012	0.000000	0.000000	0.000000	0.063138	0.000000	0.069642	0.004978	0.862230
291	0.000015	0.000000	0.000000	0.000000	0.062874	0.000000	0.069755	0.004956	0.862400
292	0.000017	0.000000	0.000000	0.000000	0.062647	0.000000	0.069833	0.004863	0.862640
293	0.000020	0.000000	0.000000	0.000000	0.062172	0.000000	0.069832	0.004771	0.863205
294	0.000016	0.000000	0.000000	0.000000	0.061897	0.000000	0.069725	0.004775	0.863587
295	0.000021	0.000000	0.000000	0.000000	0.061556	0.000000	0.069830	0.004773	0.863820
296	0.000017	0.000000	0.000000	0.000000	0.061502	0.000000	0.069670	0.004752	0.864059
297	0.000017	0.000000	0.000000	0.000000	0.061273	0.000000	0.069635	0.004694	0.864381
298	0.000018	0.000000	0.000000	0.000000	0.060954	0.000000	0.069373	0.004637	0.865018
299	0.000017	0.000000	0.000000	0.000000	0.060685	0.000000	0.069208	0.004622	0.865468
300	0.000018	0.000000	0.000000	0.000000	0.060356	0.000000	0.069547	0.004637	0.865442
301	0.000014	0.000000	0.000000	0.000000	0.060161	0.000000	0.069630	0.004629	0.865566
302	0.000015	0.000000	0.000000	0.000000	0.059758	0.000000	0.069583	0.004585	0.866059
303	0.000020	0.000000	0.000000	0.000000	0.059597	0.000000	0.069494	0.004565	0.866324
304	0.000018	0.000000	0.000000	0.000000	0.059235	0.000000	0.069545	0.004513	0.866689
305	0.000025	0.000000	0.000000	0.000000	0.058995	0.000000	0.069205	0.004574	0.867201
306	0.000026	0.000000	0.000000	0.000000	0.058764	0.000000	0.069039	0.004537	0.867634
307	0.000023	0.000000	0.000000	0.000000	0.058418	0.000000	0.069336	0.004539	0.867684
308	0.000019	0.000000	0.000000	0.000000	0.058269	0.000000	0.069268	0.004504	0.867940
309	0.000017	0.000000	0.000000	0.000000	0.058027	0.000000	0.068858	0.004452	0.868646
310	0.000020	0.000000	0.000000	0.000000	0.057703	0.000000	0.069037	0.004446	0.868794
311	0.000017	0.000000	0.000000	0.000000	0.057420	0.000000	0.068879	0.004425	0.869259
312	0.000019	0.000000	0.000000	0.000000	0.057184	0.000000	0.068794	0.004399	0.869604
313	0.000016	0.000000	0.000000	0.000000	0.056850	0.000000	0.068945	0.004395	0.869794
314	0.000015	0.000000	0.000000	0.000000	0.056559	0.000000	0.068847	0.004434	0.870145
315	0.000015	0.000000	0.000000	0.000000	0.056297	0.000000	0.068807	0.004389	0.870492
316	0.000013	0.000000	0.000000	0.000000	0.056012	0.000000	0.068672	0.004419	0.870884
317	0.000014	0.000000	0.000000	0.000000	0.055736	0.000000	0.068646	0.004420	0.871184
318	0.000016	0.000000	0.000000	0.000000	0.055458	0.000000	0.068791	0.004412	0.871323
319	0.000017	0.000000	0.000000	0.000000	0.055013	0.000000	0.068870	0.004344	0.871756
320	0.000013	0.000000	0.000000	0.000000	0.054842	0.000000	0.068978	0.004300	0.871867
321	0.000017	0.000000	0.000000	0.000000	0.054637	0.000000	0.068904	0.004319	0.872123
322	0.000021	0.000000	0.000000	0.000000	0.054050	0.000000	0.069077	0.004407	0.872445
323	0.000027	0.000000	0.000000	0.000000	0.053742	0.000000	0.069042	0.004411	0.872778
324	0.000027	0.000000	0.000000	0.000000	0.053314	0.000000	0.069078	0.004460	0.873121
325	0.000032	0.000000	0.000000	0.000000	0.053128	0.000000	0.068678	0.004372	0.873790
326	0.000034	0.000000	0.000000	0.000000	0.052946	0.000000	0.068626	0.004321	0.874073
327	0.000037	0.000000	0.000000	0.000000	0.052656	0.000000	0.068475	0.004307	0.874525
328	0.000039	0.000000	0.000000	0.000000	0.052370	0.000000	0.068556	0.004307	0.874728
329	0.000042	0.000000	0.000000	0.000000	0.052163	0.000000	0.068396	0.004312	0.875087
330	0.000043	0.000000	0.000000	0.000000	0.051999	0.000000	0.068637	0.004299	0.875022
331	0.000045	0.000000	0.000000	0.000000	0.051875	0.000000	0.068575	0.004260	0.875245
332	0.000036	0.000000	0.000000	0.000000	0.051525	0.000000	0.068891	0.004305	0.875243
333	0.000034	0.000000	0.000000	0.000000	0.051177	0.000000	0.068981	0.004342	0.875466
334	0.000043	0.000000	0.000000	0.000000	0.050945	0.000000	0.068565	0.004208	0.876239
335	0.000037	0.000000	0.000000	0.000000	0.050627	0.000000	0.068549	0.004227	0.876560
336	0.000034	0.000000	0.000000	0.000000	0.050448	0.000000	0.068946	0.004270	0.876302
337	0.000034	0.000000	0.000000	0.000000	0.050200	0.000000	0.069147	0.004251	0.876368
338	0.000037	0.000000	0.000000	0.000000	0.049761	0.000000	0.069006	0.004272	0.876924
339	0.000037	0.000000	0.000000	0.000000	0.049496	0.000000	0.068857	0.004280	0.877330
340	0.000036	0.000000	0.000000	0.000000	0.049369	0.000000	0.068975	0.004300	0.877320
341	0.000038	0.000000	0.000000	0.000000	0.048991	0.000000	0.069022	0.004348	0.877601
342	0.000033	0.000000	0.000000	0.000000	0.048760	0.000000	0.068697	0.004410	0.878100
343	0.000029	0.000000	0.000000	0.000000	0.048469	0.000000	0.068688	0.004436	0.878378
344	0.000025	0.000000	0.000000	0.000000	0.048184	0.000000	0.068719	0.004469	0.878603
345	0.000015	0.000000	0.000000	0.000000	0.048082	0.000000	0.068398	0.004383	0.879122
346	0.000016	0.000000	0.000000	0.000000	0.047778	0.000000	0.068496	0.004523	0.879187
347	0.000013	0.000000	0.000000	0.000000	0.047688	0.000000	0.068371	0.004538	0.879390
348	0.000008	0.000000	0.000000	0.000000	0.047471	0.000000	0.068331	0.004502	0.879688
349	0.000010	0.000000	0.000000	0.000000	0.047114	0.000000	0.068265	0.004442	0.880169
350	0.000007	0.000000	0.000000	0.000000	0.046779	0.000000	0.068409	0.004522	0.880283
351	0.000005	0.000000	0.000000	0.000000	0.046401	0.000000	0.068291	0.004400	0.880903
352	0.000008	0.000000	0.000000	0.000000	0.046258	0.000000	0.068137	0.004340	0.881257
353	0.000006	0.000000	0.000000	0.000000	0.045951	0.000000	0.068099	0.004288	0.881656
354	0.000004	0.000000	0.000000	0.000000	0.045742	0.000000	0.068235	0.004326	0.881693
355	0.000006	0.000000	0.000000	0.000000	0.045567	0.000000	0.068577	0.004295	0.881555
356	0.000005	0.000000	0.000000	0.000000	0.045370	0.000000	0.068622	0.004314	0.881689
357	0.000004	0.000000	0.000000	0.000000	0.044934	0.000000	0.068375	0.004312	0.882375
358	0.000001	0.000000	0.000000	0.000000	0.044794	0.000000	0.068237	0.004332	0.882636
359	0.000000	0.000000	0.000000	0.000000	0.044538	0.000000	0.067947	0.004339	0.883176
360	0.000000	0.000000	0.000000	0.000000	0.044319	0.000000	0.067597	0.004331	0.883753
361	0.000000	0.000000	0.000000	0.000000	0.043991	0.000000	0.067739	0.004386	0.883884
362	0.000000	0.000000	0.000000	0.000000	0.043763	0.000000	0.067611	0.004319	0.884307
363	0.000000	0.000000	0.000000	0.000000	0.043529	0.000000	0.067879	0.004380	0.884212
364	0.000000	0.000000	0.000000	0.000000	0.043282	0.000000	0.067756	0.004383	0.884579
365	0.000000	0.000000	0.000000	0.000000	0.043023	0.000000	0.067853	0.004490	0.884634
366	0.000000	0.000000	0.000000	0.000000	0.042740	0.000000	0.067869	0.004442	0.884949
367	0.000000	0.000000	0.000000	0.000000	0.042330	0.000000	0.067784	0.004532	0.885354
368	0.000000	0.000000	0.000000	0.000000	0.042161	0.000000	0.067774	0.004494	0.885571
369	0.000000	0.000000	0.000000	0.000000	0.041876	0.000000	0.067423	0.004611	0.886090
370	0.000000	0.000000	0.000000	0.000000	0.041657	0.000000	0.067747	0.004576	0.886020
371	0.000000	0.000000	0.000000	0.000000	0.041531	0.000000	0.067592	0.004617	0.886260
372	0.000000	0.000000	0.000000	0.000000	0.041224	0.000000	0.067369	0.004714	0.886693
373	0.000000	0.000000	0.000000	0.000000	0.040952	0.000000	0.067422	0.004682	0.886944
374	0.000000	0.000000	0.000000	0.000000	0.040763	0.000000	0.067574	0.004684	0.886979
375	0.000000	0.000000	0.000000	0.000000	0.040357	0.000000	0.067317	0.004682	0.887644
376	0.000000	0.000000	0.000000	0.000000	0.040047	0.000000	0.067028	0.004743	0.888182
377	0.000000	0.000000	0.000000	0.000000	0.039825	0.000000	0.066862	0.004705	0.888608
378	0.000000	0.000000	0.000000	0.000000	0.039651	0.000000	0.066937	0.004654	0.888758
379	0.000000	0.000000	0.000000	0.000000	0.039370	0.000000	0.066792	0.004693	0.889145
380	0.000000	0.000000	0.000000	0.000000	0.039216	0.000000	0.066889	0.004661	0.889234
381	0.000000	0.000000	0.000000	0.000000	0.038951	0.000000	0.066767	0.004717	0.889565
382	0.000000	0.000000	0.000000	0.000000	0.038885	0.000000	0.066813	0.004621	0.889681
383	0.000000	0.000000	0.000000	0.000000	0.038775	0.000000	0.066531	0.004665	0.890029
384	0.000000	0.000000	0.000000	0.000000	0.038512	0.000000	0.066839	0.004665	0.889984
385	0.000000	0.000000	0.000000	0.000000	0.038426	0.000000	0.066547	0.004704	0.890323
386	0.000000	0.000000	0.000000	0.000000	0.038241	0.000000	0.066399	0.004738	0.890622
387	0.000000	0.000000	0.000000	0.000000	0.038055	0.000000	0.066469	0.004737	0.890739
388	0.000000	0.000000	0.000000	0.000000	0.037803	0.000000	0.066445	0.004689	0.891063
389	0.000000	0.000000	0.000000	0.000000	0.037572	0.000000	0.066463	0.004704	0.891261
390	0.000000	0.000000	0.000000	0.000000	0.037337	0.000000	0.066110	0.004764	0.891789
391	0.000000	0.000000	0.000000	0.000000	0.037212	0.000000	0.066184	0.004743	0.891861
392	0.000000	0.000000	0.000000	0.000000	0.037103	0.000000	0.066271	0.004716	0.891910
393	0.000000	0.000000	0.000000	0.000000	0.037044	0.000000	0.066283	0.004677	0.891996
394	0.000000	0.000000	0.000000	0.000000	0.036991	0.000000	0.066374	0.004674	0.891961
395	0.000000	0.000000	0.000000	0.000000	0.036794	0.000000	0.066320	0.004630	0.892256
396	0.000000	0.000000	0.000000	0.000000	0.036519	0.000000	0.066183	0.004620	0.892678
397	0.000000	0.000000	0.000000	0.000000	0.036409	0.000000	0.066112	0.004684	0.892795
398	0.000000	0.000000	0.000000	0.000000	0.036226	0.000000	0.066069	0.004726	0.892979
399	0.000000	0.000000	0.000000	0.000000	0.036066	0.000000	0.066063	0.004685	0.893186
400	0.000000	0.000000	0.000000	0.000000	0.035908	0.000000	0.066047	0.004689	0.893356
401	0.000000	0.000000	0.000000	0.000000	0.035668	0.000000	0.066164	0.004708	0.893460
402	0.000000	0.000000	0.000000	0.000000	0.035458	0.000000	0.066341	0.004743	0.893458
403	0.000000	0.000000	0.000000	0.000000	0.035218	0.000000	0.066316	0.004783	0.893683
404	0.000000	0.000000	0.000000	0.000000	0.035158	0.000000	0.066423	0.004728	0.893691
405	0.000000	0.000000	0.000000	0.000000	0.034824	0.000000	0.066258	0.004767	0.894151
406	0.000000	0.000000	0.000000	0.000000	0.034516	0.000000	0.066210	0.004783	0.894491
407	0.000000	0.000000	0.000000	0.000000	0.034331	0.000000	0.066320	0.004690	0.894659
408	0.000000	0.000000	0.000000	0.000000	0.034132	0.000000	0.066303	0.004724	0.894841
409	0.000000	0.000000	0.000000	0.000000	0.033870	0.000000	0.066631	0.004713	0.894786
410	0.000000	0.000000	0.000000	0.000000	0.033761	0.000000	0.066418	0.004686	0.895135
411	0.000000	0.000000	0.000000	0.000000	0.033678	0.000000	0.066488	0.004700	0.895134
412	0.000000	0.000000	0.000000	0.000000	0.033629	0.000000	0.066267	0.004702	0.895402
413	0.000000	0.000000	0.000000	0.000000	0.033311	0.000000	0.066322	0.004591	0.895776
414	0.000000	0.000000	0.000000	0.000000	0.033163	0.000000	0.066092	0.004597	0.896148
415	0.000000	0.000000	0.000000	0.000000	0.032971	0.000000	0.066278	0.004588	0.896163
416	0.000000	0.000000	0.000000	0.000000	0.032682	0.000000	0.066124	0.004592	0.896602
417	0.000000	0.000000	0.000000	0.000000	0.032559	0.000000	0.065954	0.004470	0.897017
418	0.000000	0.000000	0.000000	0.000000	0.032324	0.000000	0.065975	0.004446	0.897255
419	0.000000	0.000000	0.000000	0.000000	0.032236	0.000000	0.066133	0.004460	0.897171
420	0.000000	0.000000	0.000000	0.000000	0.032033	0.000000	0.066226	0.004511	0.897230
421	0.000000	0.000000	0.000000	0.000000	0.031890	0.000000	0.066074	0.004447	0.897589
422	0.000000	0.000000	0.000000	0.000000	0.031724	0.000000	0.066240	0.004353	0.897683
423	0.000000	0.000000	0.000000	0.000000	0.031620	0.000000	0.066085	0.004262	0.898033
424	0.000000	0.000000	0.000000	0.000000	0.031490	0.000000	0.065988	0.004196	0.898326
425	0.000000	0.000000	0.000000	0.000000	0.031347	0.000000	0.066059	0.004147	0.898447
426	0.000000	0.000000	0.000000	0.000000	0.031186	0.000000	0.066155	0.004183	0.898476
427	0.000000	0.000000	0.000000	0.000000	0.031034	0.000000	0.066093	0.004153	0.898720
428	0.000000	0.000000	0.000000	0.000000	0.030902	0.000000	0.066069	0.004190	0.898839
429	0.000000	0.000000	0.000000	0.000000	0.030662	0.000000	0.066300	0.004182	0.898856
430	0.000000	0.000000	0.000000	0.000000	0.030542	0.000000	0.065912	0.004190	0.899356
431	0.000000	0.000000	0.000000	0.000000	0.030371	0.000000	0.065561	0.004274	0.899794
432	0.000000	0.000000	0.000000	0.000000	0.030275	0.000000	0.065682	0.004279	0.899764
433	0.000000	0.000000	0.000000	0.000000	0.030106	0.000000	0.065390	0.004392	0.900112
434	0.000000	0.000000	0.000000	0.000000	0.029936	0.000000	0.065494	0.004338	0.900232
435	0.000000	0.000000	0.000000	0.000000	0.029628	0.000000	0.065600	0.004271	0.900501
436	0.000000	0.000000	0.000000	0.000000	0.029586	0.000000	0.065414	0.004270	0.900730
437	0.000000	0.000000	0.000000	0.000000	0.029393	0.000000	0.065268	0.004263	0.901076
438	0.000000	0.000000	0.000000	0.000000	0.029212	0.000000	0.065288	0.004157	0.901343
439	0.000000	0.000000	0.000000	0.000000	0.029058	0.000000	0.065150	0.004199	0.901593
440	0.000000	0.000000	0.000000	0.000000	0.028960	0.000000	0.065187	0.004229	0.901624
441	0.000000	0.000000	0.000000	0.000000	0.028779	0.000000	0.065177	0.004286	0.901758
442	0.000000	0.000000	0.000000	0.000000	0.028585	0.000000	0.065171	0.004247	0.901997
443	0.000000	0.000000	0.000000	0.000000	0.028396	0.000000	0.065177	0.004311	0.902116
444	0.000000	0.000000	0.000000	0.000000	0.028412	0.000000	0.065381	0.004304	0.901903
445	0.000000	0.000000	0.000000	0.000000	0.028401	0.000000	0.065271	0.004182	0.902146
446	0.000000	0.000000	0.000000	0.000000	0.028263	0.000000	0.065167	0.004171	0.902399
447	0.000000	0.000000	0.000000	0.000000	0.028262	0.000000	0.064958	0.004269	0.902511
448	0.000000	0.000000	0.000000	0.000000	0.028147	0.000000	0.064939	0.004233	0.902681
449	0.000000	0.000000	0.000000	0.000000	0.028014	0.000000	0.065198	0.004235	0.902553
450	0.000000	0.000000	0.000000	0.000000	0.027998	0.000000	0.065234	0.004261	0.902507
451	0.000000	0.000000	0.000000	0.000000	0.027931	0.000000	0.065014	0.004242	0.902813
452	0.000000	0.000000	0.000000	0.000000	0.027906	0.000000	0.065234	0.004232	0.902628
453	0.000000	0.000000	0.000000	0.000000	0.027821	0.000000	0.064936	0.004297	0.902946
454	0.000000	0.000000	0.000000	0.000000	0.027582	0.000000	0.064971	0.004281	0.903166
455	0.000000	0.000000	0.000000	0.000000	0.027381	0.000000	0.064867	0.004202	0.903550
456	0.000000	0.000000	0.000000	0.000000	0.027122	0.000000	0.064972	0.004158	0.903748
457	0.000000	0.000000	0.000000	0.000000	0.026956	0.000000	0.064967	0.004261	0.903816
458	0.000000	0.000000	0.000000	0.000000	0.026721	0.000000	0.064485	0.004326	0.904468
459	0.000000	0.000000	0.000000	0.000000	0.026642	0.000000	0.064494	0.004352	0.904512
460	0.000000	0.000000	0.000000	0.000000	0.026434	0.000000	0.064582	0.004310	0.904674
461	0.000000	0.000000	0.000000	0.000000	0.026271	0.000000	0.064705	0.004327	0.904697
462	0.000000	0.000000	0.000000	0.000000	0.026103	0.000000	0.064945	0.004345	0.904607
463	0.000000	0.000000	0.000000	0.000000	0.026000	0.000000	0.064748	0.004321	0.904931
464	0.000000	0.000000	0.000000	0.000000	0.025948	0.000000	0.064628	0.004353	0.905071
465	0.000000	0.000000	0.000000	0.000000	0.025862	0.000000	0.064633	0.004302	0.905203
466	0.000000	0.000000	0.000000	0.000000	0.025684	0.000000	0.064289	0.004276	0.905751
467	0.000000	0.000000	0.000000	0.000000	0.025649	0.000000	0.064416	0.004381	0.905554
468	0.000000	0.000000	0.000000	0.000000	0.025548	0.000000	0.064182	0.004427	0.905843
469	0.000000	0.000000	0.000000	0.000000	0.025471	0.000000	0.064035	0.004410	0.906084
470	0.000000	0.000000	0.000000	0.000000	0.025393	0.000000	0.063977	0.004403	0.906227
