0	0.290663	0.057897	0.229473	0.157588	0.029913	0.111872	0.085455	0.012259	0.024880
1	0.238032	0.048884	0.203798	0.145736	0.029862	0.122791	0.107249	0.020986	0.082662
2	0.242298	0.049693	0.207885	0.145166	0.031169	0.123095	0.098923	0.019085	0.082686
3	0.252289	0.050293	0.213379	0.145672	0.032474	0.121935	0.088303	0.016872	0.078783
4	0.262552	0.051120	0.218721	0.144582	0.034062	0.121189	0.078537	0.014742	0.074495
5	0.273224	0.051715	0.224728	0.143577	0.035374	0.118139	0.069663	0.012987	0.070593
6	0.284210	0.051629	0.229745	0.142255	0.037220	0.115645	0.061868	0.011089	0.066339
7	0.294607	0.051808	0.234400	0.140262	0.038788	0.113151	0.054851	0.009645	0.062488
8	0.304102	0.051914	0.238727	0.138658	0.039988	0.110832	0.048475	0.008488	0.058816
9	0.313362	0.051288	0.242355	0.137237	0.041840	0.108593	0.042885	0.007271	0.055169
10	0.322540	0.051164	0.246526	0.134424	0.043635	0.105420	0.038134	0.006335	0.051822
11	0.331208	0.050582	0.250263	0.132661	0.045192	0.102346	0.033822	0.005440	0.048486
12	0.338986	0.049931	0.254234	0.129854	0.046914	0.100030	0.029721	0.004737	0.045593
13	0.347042	0.049518	0.257648	0.127612	0.048266	0.097228	0.026123	0.004097	0.042466
14	0.354268	0.048805	0.260996	0.124470	0.049915	0.094601	0.023108	0.003520	0.040317
15	0.361119	0.048232	0.264129	0.122213	0.051571	0.091691	0.020464	0.003056	0.037525
16	0.368052	0.047698	0.266398	0.119295	0.053324	0.089383	0.017968	0.002665	0.035217
17	0.374600	0.046703	0.269405	0.116394	0.054946	0.087079	0.015688	0.002291	0.032894
18	0.380542	0.045741	0.272003	0.113909	0.056219	0.084772	0.013775	0.001981	0.031058
19	0.385957	0.044836	0.274317	0.111209	0.058219	0.082347	0.012212	0.001665	0.029238
20	0.391529	0.043980	0.276647	0.108424	0.060309	0.079593	0.010891	0.001409	0.027218
21	0.396257	0.043123	0.278670	0.106025	0.062191	0.077264	0.009586	0.001300	0.025584
22	0.401236	0.042142	0.280589	0.103407	0.063980	0.074679	0.008593	0.001133	0.024241
23	0.406337	0.041443	0.282770	0.100146	0.065907	0.072084	0.007581	0.001003	0.022729
24	0.410179	0.040682	0.284669	0.097511	0.068266	0.069931	0.006666	0.000864	0.021232
25	0.413772	0.039749	0.286329	0.095377	0.070447	0.067923	0.005878	0.000754	0.019771
26	0.417933	0.038986	0.287267	0.092626	0.072692	0.066079	0.005253	0.000612	0.018552
27	0.420796	0.038158	0.288982	0.090206	0.074885	0.064464	0.004602	0.000488	0.017419
28	0.424053	0.037241	0.290001	0.088254	0.077560	0.062157	0.003984	0.000435	0.016315
29	0.426787	0.036817	0.291278	0.085673	0.079913	0.060384	0.003479	0.000374	0.015295
30	0.429283	0.035870	0.293006	0.083413	0.082141	0.058726	0.002938	0.000328	0.014295
31	0.431663	0.035007	0.293826	0.081374	0.084936	0.056891	0.002591	0.000285	0.013427
32	0.433519	0.034451	0.294675	0.079260	0.087483	0.055628	0.002379	0.000222	0.012383
33	0.435874	0.033768	0.295392	0.076971	0.090177	0.053877	0.002161	0.000204	0.011576
34	0.438022	0.032739	0.295160	0.074879	0.093438	0.052764	0.001903	0.000173	0.010922
35	0.439633	0.031980	0.295658	0.072652	0.096508	0.051491	0.001688	0.000144	0.010246
36	0.440348	0.031327	0.296771	0.070941	0.099606	0.049933	0.001505	0.000132	0.009437
37	0.440904	0.030456	0.297266	0.069549	0.102820	0.048613	0.001324	0.000121	0.008947
38	0.442104	0.029611	0.297624	0.067564	0.106171	0.047442	0.001150	0.000106	0.008228
39	0.444032	0.028466	0.297273	0.065970	0.109505	0.045846	0.000993	0.000081	0.007834
40	0.444556	0.027783	0.296966	0.064828	0.112862	0.044695	0.000937	0.000061	0.007312
41	0.445439	0.027082	0.297269	0.063152	0.116292	0.043045	0.000796	0.000059	0.006866
42	0.445858	0.026344	0.297284	0.061702	0.119891	0.041736	0.000691	0.000063	0.006431
43	0.446187	0.025606	0.296453	0.060454	0.123688	0.040933	0.000630	0.000051	0.005998
44	0.445803	0.025118	0.296023	0.059059	0.127862	0.039968	0.000571	0.000046	0.005550
45	0.445203	0.024491	0.295380	0.057771	0.131931	0.039369	0.000536	0.000044	0.005275
46	0.445474	0.023997	0.294233	0.056313	0.136187	0.038373	0.000498	0.000049	0.004876
47	0.445016	0.023267	0.294205	0.054786	0.140487	0.037147	0.000464	0.000045	0.004583
48	0.444214	0.022801	0.293385	0.053797	0.144624	0.036378	0.000391	0.000049	0.004361
49	0.443404	0.022245	0.292643	0.052595	0.149017	0.035498	0.000346	0.000032	0.004220
50	0.442527	0.021646	0.291910	0.051584	0.153420	0.034631	0.000320	0.000033	0.003929
51	0.441334	0.021106	0.291381	0.050669	0.157761	0.033780	0.000288	0.000035	0.003646
52	0.440499	0.020504	0.290045	0.049689	0.162530	0.033076	0.000231	0.000028	0.003398
53	0.438888	0.020249	0.289602	0.048659	0.166788	0.032421	0.000230	0.000021	0.003142
54	0.436498	0.019728	0.288911	0.048051	0.172014	0.031613	0.000201	0.000014	0.002970
55	0.434791	0.019347	0.287327	0.047086	0.177386	0.030987	0.000206	0.000014	0.002856
56	0.432766	0.018900	0.285993	0.046327	0.182923	0.030172	0.000183	0.000010	0.002726
57	0.431270	0.018404	0.284486	0.045694	0.187842	0.029644	0.000160	0.000009	0.002491
58	0.429697	0.018053	0.282368	0.045038	0.193103	0.029185	0.000142	0.000011	0.002403
59	0.427360	0.017499	0.281209	0.044188	0.199124	0.028310	0.000122	0.000009	0.002179
60	0.424690	0.016903	0.279786	0.043761	0.204895	0.027810	0.000106	0.000004	0.002045
61	0.421885	0.016578	0.278030	0.042970	0.211394	0.027132	0.000088	0.000009	0.001914
62	0.418963	0.016133	0.276957	0.042262	0.217051	0.026668	0.000085	0.000006	0.001875
63	0.416183	0.015734	0.274956	0.041682	0.223273	0.026331	0.000070	0.000003	0.001768
64	0.413195	0.015291	0.273206	0.041136	0.229596	0.025884	0.000066	0.000003	0.001623
65	0.410372	0.014737	0.271485	0.040713	0.235873	0.025238	0.000053	0.000002	0.001527
66	0.407554	0.014489	0.269264	0.040214	0.242073	0.024974	0.000048	0.000001	0.001383
67	0.404765	0.013913	0.266815	0.039999	0.248736	0.024408	0.000054	0.000001	0.001309
68	0.400909	0.013689	0.265050	0.039786	0.255460	0.023831	0.000047	0.000000	0.001228
69	0.397810	0.013106	0.262237	0.039322	0.262800	0.023516	0.000030	0.000001	0.001178
70	0.394410	0.012532	0.259690	0.038758	0.270193	0.023288	0.000025	0.000000	0.001104
71	0.391356	0.012051	0.257435	0.038449	0.276793	0.022906	0.000036	0.000000	0.000974
72	0.387453	0.011644	0.254937	0.037917	0.284448	0.022617	0.000029	0.000000	0.000955
73	0.383602	0.011205	0.252605	0.037467	0.291779	0.022378	0.000038	0.000000	0.000926
74	0.379269	0.010844	0.250175	0.037225	0.299356	0.022234	0.000036	0.000000	0.000861
75	0.375567	0.010552	0.247126	0.036610	0.307437	0.021929	0.000022	0.000000	0.000757
76	0.371500	0.010076	0.244599	0.036167	0.315182	0.021715	0.000011	0.000000	0.000750
77	0.367806	0.009671	0.241926	0.035738	0.322545	0.021557	0.000012	0.000000	0.000745
78	0.362910	0.009406	0.239428	0.035688	0.330694	0.021172	0.000012	0.000000	0.000690
79	0.359290	0.009114	0.236090	0.035516	0.338225	0.021110	0.000011	0.000000	0.000644
80	0.354688	0.008876	0.233086	0.035649	0.346195	0.020865	0.000009	0.000000	0.000632
81	0.349882	0.008539	0.230892	0.035178	0.354453	0.020450	0.000010	0.000000	0.000596
82	0.345326	0.008305	0.227875	0.035058	0.362465	0.020416	0.000006	0.000000	0.000549
83	0.340531	0.008102	0.224649	0.034769	0.371181	0.020256	0.000006	0.000000	0.000506
84	0.336323	0.007912	0.221220	0.034817	0.379128	0.020153	0.000004	0.000000	0.000443
85	0.331689	0.007653	0.217899	0.034640	0.387828	0.019852	0.000003	0.000000	0.000436
86	0.326558	0.007287	0.215702	0.034582	0.395647	0.019789	0.000012	0.000000	0.000423
87	0.321699	0.007047	0.212755	0.034633	0.403986	0.019464	0.000007	0.000000	0.000409
88	0.316843	0.006892	0.209248	0.034456	0.412544	0.019625	0.000002	0.000000	0.000390
89	0.311251	0.006559	0.205989	0.034580	0.421643	0.019622	0.000006	0.000000	0.000350
90	0.306514	0.006484	0.202897	0.034590	0.429593	0.019573	0.000008	0.000000	0.000341
91	0.301537	0.006197	0.199378	0.034404	0.438778	0.019379	0.000005	0.000000	0.000322
92	0.296180	0.006002	0.196257	0.034409	0.447501	0.019330	0.000005	0.000000	0.000316
93	0.291145	0.005768	0.192860	0.034726	0.455969	0.019220	0.000007	0.000000	0.000305
94	0.286388	0.005621	0.189532	0.034504	0.464537	0.019147	0.000005	0.000000	0.000266
95	0.281152	0.005502	0.186217	0.034490	0.473347	0.019029	0.000003	0.000000	0.000260
96	0.275775	0.005367	0.183073	0.034752	0.481884	0.018913	0.000003	0.000000	0.000233
97	0.270611	0.005194	0.179455	0.034904	0.490794	0.018819	0.000003	0.000000	0.000220
98	0.265304	0.004993	0.176598	0.034941	0.499310	0.018647	0.000003	0.000000	0.000204
99	0.259804	0.004857	0.173323	0.035120	0.507857	0.018831	0.000002	0.000000	0.000206
100	0.254976	0.004667	0.169734	0.035076	0.516695	0.018636	0.000001	0.000000	0.000215
101	0.249122	0.004413	0.166867	0.035039	0.525818	0.018558	0.000001	0.000000	0.000182
102	0.243235	0.004270	0.163834	0.034900	0.534851	0.018733	0.000001	0.000000	0.000176
103	0.238206	0.004087	0.160608	0.034870	0.543426	0.018625	0.000000	0.000000	0.000178
104	0.233135	0.003915	0.157111	0.034938	0.552233	0.018500	0.000001	0.000000	0.000167
105	0.227756	0.003783	0.154091	0.034811	0.560924	0.018476	0.000001	0.000000	0.000158
106	0.223100	0.003559	0.150321	0.034954	0.569548	0.018366	0.000001	0.000000	0.000151
107	0.218398	0.003453	0.146837	0.034940	0.577914	0.018310	0.000001	0.000000	0.000147
108	0.212922	0.003261	0.143828	0.035041	0.586287	0.018516	0.000000	0.000000	0.000145
109	0.207952	0.003206	0.140504	0.035351	0.594434	0.018429	0.000000	0.000000	0.000124
110	0.202668	0.003059	0.137667	0.035304	0.602813	0.018355	0.000000	0.000000	0.000134
111	0.197736	0.002884	0.134466	0.035343	0.611388	0.018063	0.000000	0.000000	0.000120
112	0.192501	0.002705	0.131182	0.035368	0.620148	0.017978	0.000000	0.000000	0.000118
113	0.187494	0.002606	0.127573	0.035508	0.628612	0.018090	0.000000	0.000000	0.000117
114	0.182779	0.002501	0.124748	0.035410	0.636464	0.017985	0.000000	0.000000	0.000113
115	0.178031	0.002359	0.120849	0.035471	0.644976	0.018204	0.000000	0.000000	0.000110
116	0.173592	0.002274	0.117246	0.035568	0.653133	0.018069	0.000000	0.000000	0.000118
117	0.168891	0.002212	0.114531	0.035688	0.660579	0.017994	0.000000	0.000000	0.000105
118	0.164478	0.002125	0.111293	0.035797	0.668027	0.018172	0.000000	0.000000	0.000108
119	0.159469	0.002014	0.108633	0.035888	0.675569	0.018312	0.000000	0.000000	0.000115
120	0.154904	0.001903	0.105847	0.035883	0.683097	0.018255	0.000000	0.000000	0.000111
121	0.150397	0.001868	0.102580	0.036084	0.690726	0.018237	0.000000	0.000000	0.000108
122	0.146106	0.001756	0.099451	0.036154	0.698266	0.018175	0.000000	0.000000	0.000092
123	0.141632	0.001640	0.097139	0.036053	0.705389	0.018062	0.000000	0.000000	0.000085
124	0.137437	0.001602	0.094186	0.036028	0.712589	0.018085	0.000000	0.000000	0.000073
125	0.133269	0.001475	0.091244	0.036106	0.719813	0.018030	0.000000	0.000000	0.000063
126	0.129442	0.001400	0.088158	0.036149	0.726736	0.018051	0.000000	0.000000	0.000064
127	0.125768	0.001328	0.085312	0.036176	0.733399	0.017963	0.000000	0.000000	0.000054
128	0.122409	0.001249	0.082424	0.036362	0.739445	0.018059	0.000000	0.000000	0.000052
129	0.118892	0.001210	0.079622	0.036237	0.745993	0.017996	0.000000	0.000000	0.000050
130	0.114826	0.001155	0.077108	0.036491	0.752164	0.018218	0.000000	0.000000	0.000038
131	0.111382	0.001088	0.074396	0.036421	0.758629	0.018040	0.000000	0.000000	0.000044
132	0.107789	0.000984	0.072083	0.036680	0.764505	0.017920	0.000000	0.000000	0.000039
133	0.104106	0.000971	0.069557	0.036642	0.770719	0.017979	0.000000	0.000000	0.000026
134	0.100413	0.000929	0.067196	0.036628	0.776748	0.018055	0.000000	0.000000	0.000031
135	0.097174	0.000851	0.064793	0.036823	0.782320	0.018013	0.000000	0.000000	0.000026
136	0.093682	0.000840	0.062621	0.037030	0.787804	0.018002	0.000000	0.000000	0.000021
137	0.090227	0.000815	0.060658	0.036832	0.793402	0.018040	0.000000	0.000000	0.000026
138	0.086831	0.000762	0.058607	0.037020	0.798911	0.017843	0.000000	0.000000	0.000026
139	0.083839	0.000664	0.056499	0.037159	0.803911	0.017904	0.000000	0.000000	0.000024
140	0.080685	0.000610	0.054547	0.037254	0.808870	0.018007	0.000000	0.000000	0.000027
141	0.077583	0.000583	0.053035	0.037197	0.813512	0.018066	0.000000	0.000000	0.000024
142	0.074656	0.000548	0.051008	0.037330	0.818436	0.017997	0.000000	0.000000	0.000025
143	0.071663	0.000481	0.049085	0.037211	0.823518	0.018024	0.000000	0.000000	0.000018
144	0.068923	0.000439	0.046925	0.037373	0.828215	0.018108	0.000000	0.000000	0.000017
145	0.066365	0.000437	0.045432	0.037434	0.832432	0.017889	0.000000	0.000000	0.000011
146	0.063794	0.000386	0.043622	0.037511	0.836825	0.017853	0.000000	0.000000	0.000009
147	0.061386	0.000344	0.041761	0.037713	0.840814	0.017973	0.000000	0.000000	0.000009
148	0.059044	0.000327	0.040267	0.037870	0.844574	0.017910	0.000000	0.000000	0.000008
149	0.056876	0.000299	0.038491	0.038061	0.848339	0.017923	0.000000	0.000000	0.000011
150	0.054573	0.000297	0.036902	0.037902	0.852409	0.017907	0.000000	0.000000	0.000010
151	0.052175	0.000285	0.035369	0.038256	0.856054	0.017847	0.000000	0.000000	0.000014
152	0.049780	0.000267	0.034055	0.038268	0.859679	0.017935	0.000000	0.000000	0.000016
153	0.047703	0.000261	0.032607	0.038203	0.863171	0.018043	0.000000	0.000000	0.000012
154	0.045550	0.000242	0.030993	0.038265	0.866830	0.018109	0.000000	0.000000	0.000011
155	0.043543	0.000228	0.029624	0.038178	0.870180	0.018239	0.000000	0.000000	0.000008
156	0.041414	0.000198	0.028393	0.038424	0.873310	0.018259	0.000000	0.000000	0.000002
157	0.039805	0.000195	0.027210	0.038445	0.876124	0.018220	0.000000	0.000000	0.000001
158	0.038008	0.000186	0.025941	0.038635	0.879157	0.018072	0.000000	0.000000	0.000001
159	0.036373	0.000183	0.024863	0.038479	0.881926	0.018176	0.000000	0.000000	0.000000
160	0.034596	0.000195	0.023693	0.038427	0.884877	0.018212	0.000000	0.000000	0.000000
161	0.032771	0.000198	0.022388	0.038381	0.887832	0.018428	0.000000	0.000000	0.000002
162	0.031269	0.000181	0.021136	0.038472	0.890578	0.018362	0.000000	0.000000	0.000002
163	0.029859	0.000178	0.020039	0.038579	0.893071	0.018273	0.000000	0.000000	0.000001
164	0.028442	0.000155	0.019138	0.038387	0.895525	0.018353	0.000000	0.000000	0.000000
165	0.027089	0.000135	0.018167	0.038142	0.898141	0.018326	0.000000	0.000000	0.000000
166	0.025784	0.000128	0.017265	0.037933	0.900651	0.018239	0.000000	0.000000	0.000000
167	0.024622	0.000130	0.016331	0.037877	0.902742	0.018298	0.000000	0.000000	0.000000
168	0.023363	0.000122	0.015372	0.037824	0.905038	0.018281	0.000000	0.000000	0.000000
169	0.022265	0.000109	0.014626	0.037902	0.906870	0.018228	0.000000	0.000000	0.000000
170	0.021002	0.000105	0.013701	0.037851	0.909089	0.018252	0.000000	0.000000	0.000000
171	0.019977	0.000096	0.013050	0.038037	0.910791	0.018049	0.000000	0.000000	0.000000
172	0.018870	0.000087	0.012317	0.038202	0.912435	0.018089	0.000000	0.000000	0.000000
173	0.017957	0.000081	0.011737	0.038236	0.913887	0.018102	0.000000	0.000000	0.000000
174	0.016972	0.000073	0.011128	0.038309	0.915363	0.018155	0.000000	0.000000	0.000000
175	0.016146	0.000073	0.010501	0.038351	0.916637	0.018292	0.000000	0.000000	0.000000
176	0.015275	0.000072	0.010012	0.038369	0.917937	0.018335	0.000000	0.000000	0.000000
177	0.014342	0.000064	0.009515	0.038486	0.919253	0.018340	0.000000	0.000000	0.000000
178	0.013551	0.000056	0.009054	0.038524	0.920448	0.018367	0.000000	0.000000	0.000000
179	0.012947	0.000041	0.008495	0.038678	0.921488	0.018351	0.000000	0.000000	0.000000
180	0.012213	0.000036	0.008138	0.038523	0.922761	0.018329	0.000000	0.000000	0.000000
181	0.011501	0.000039	0.007652	0.038502	0.923938	0.018368	0.000000	0.000000	0.000000
182	0.010833	0.000033	0.007316	0.038666	0.924922	0.018230	0.000000	0.000000	0.000000
183	0.010285	0.000035	0.006882	0.038638	0.926120	0.018040	0.000000	0.000000	0.000000
184	0.009547	0.000025	0.006497	0.038487	0.927396	0.018048	0.000000	0.000000	0.000000
185	0.008953	0.000024	0.006074	0.038411	0.928384	0.018154	0.000000	0.000000	0.000000
186	0.008380	0.000017	0.005728	0.038679	0.929070	0.018126	0.000000	0.000000	0.000000
187	0.007825	0.000017	0.005431	0.038469	0.930231	0.018027	0.000000	0.000000	0.000000
188	0.007339	0.000011	0.005160	0.038232	0.931352	0.017906	0.000000	0.000000	0.000000
189	0.006903	0.000008	0.004829	0.038214	0.931991	0.018055	0.000000	0.000000	0.000000
190	0.006468	0.000006	0.004548	0.038383	0.932696	0.017899	0.000000	0.000000	0.000000
191	0.006037	0.000006	0.004282	0.038282	0.933544	0.017849	0.000000	0.000000	0.000000
192	0.005633	0.000006	0.004035	0.038144	0.934257	0.017925	0.000000	0.000000	0.000000
193	0.005280	0.000004	0.003734	0.038101	0.935059	0.017822	0.000000	0.000000	0.000000
194	0.004928	0.000004	0.003470	0.037900	0.935891	0.017807	0.000000	0.000000	0.000000
195	0.004560	0.000002	0.003228	0.037581	0.936929	0.017700	0.000000	0.000000	0.000000
196	0.004301	0.000002	0.003042	0.037551	0.937341	0.017763	0.000000	0.000000	0.000000
197	0.004105	0.000003	0.002796	0.037562	0.937787	0.017747	0.000000	0.000000	0.000000
198	0.003785	0.000000	0.002643	0.037483	0.938392	0.017697	0.000000	0.000000	0.000000
199	0.003494	0.000000	0.002455	0.037202	0.939093	0.017756	0.000000	0.000000	0.000000
200	0.003270	0.000000	0.002246	0.037126	0.939412	0.017946	0.000000	0.000000	0.000000
201	0.003043	0.000000	0.002059	0.037258	0.939651	0.017989	0.000000	0.000000	0.000000
202	0.002863	0.000000	0.001922	0.037205	0.940016	0.017994	0.000000	0.000000	0.000000
203	0.002670	0.000000	0.001753	0.037155	0.940421	0.018001	0.000000	0.000000	0.000000
204	0.002472	0.000000	0.001684	0.037111	0.940665	0.018068	0.000000	0.000000	0.000000
205	0.002269	0.000000	0.001604	0.037282	0.940740	0.018105	0.000000	0.000000	0.000000
206	0.002155	0.000000	0.001510	0.037196	0.941075	0.018064	0.000000	0.000000	0.000000
207	0.002017	0.000000	0.001372	0.037079	0.941357	0.018175	0.000000	0.000000	0.000000
208	0.001885	0.000000	0.001257	0.036792	0.941877	0.018189	0.000000	0.000000	0.000000
209	0.001733	0.000000	0.001126	0.036695	0.942457	0.017989	0.000000	0.000000	0.000000
210	0.001606	0.000000	0.001031	0.036737	0.942485	0.018141	0.000000	0.000000	0.000000
211	0.001484	0.000000	0.000977	0.037006	0.942474	0.018059	0.000000	0.000000	0.000000
212	0.001373	0.000000	0.000856	0.036782	0.942944	0.018045	0.000000	0.000000	0.000000
213	0.001275	0.000000	0.000803	0.036775	0.943153	0.017994	0.000000	0.000000	0.000000
214	0.001123	0.000000	0.000747	0.036681	0.943279	0.018170	0.000000	0.000000	0.000000
215	0.001059	0.000000	0.000710	0.036633	0.943217	0.018381	0.000000	0.000000	0.000000
216	0.000950	0.000000	0.000673	0.036796	0.943221	0.018360	0.000000	0.000000	0.000000
217	0.000886	0.000000	0.000594	0.036484	0.943783	0.018253	0.000000	0.000000	0.000000
218	0.000801	0.000000	0.000553	0.036543	0.943713	0.018390	0.000000	0.000000	0.000000
219	0.000761	0.000000	0.000487	0.036542	0.943945	0.018265	0.000000	0.000000	0.000000
220	0.000693	0.000000	0.000439	0.036901	0.943899	0.018068	0.000000	0.000000	0.000000
221	0.000634	0.000000	0.000407	0.036936	0.943953	0.018070	0.000000	0.000000	0.000000
222	0.000592	0.000000	0.000352	0.036883	0.944037	0.018136	0.000000	0.000000	0.000000
223	0.000541	0.000000	0.000324	0.036864	0.944041	0.018230	0.000000	0.000000	0.000000
224	0.000507	0.000000	0.000303	0.036777	0.944101	0.018312	0.000000	0.000000	0.000000
225	0.000451	0.000000	0.000262	0.036751	0.944271	0.018265	0.000000	0.000000	0.000000
226	0.000396	0.000000	0.000246	0.036730	0.944340	0.018288	0.000000	0.000000	0.000000
227	0.000405	0.000000	0.000236	0.036654	0.944571	0.018134	0.000000	0.000000	0.000000
228	0.000369	0.000000	0.000212	0.036836	0.944541	0.018042	0.000000	0.000000	0.000000
229	0.000339	0.000000	0.000186	0.036910	0.944552	0.018013	0.000000	0.000000	0.000000
230	0.000300	0.000000	0.000159	0.036836	0.944748	0.017957	0.000000	0.000000	0.000000
231	0.000289	0.000000	0.000146	0.036749	0.944902	0.017914	0.000000	0.000000	0.000000
232	0.000300	0.000000	0.000128	0.036672	0.944813	0.018087	0.000000	0.000000	0.000000
233	0.000271	0.000000	0.000130	0.036663	0.944943	0.017993	0.000000	0.000000	0.000000
234	0.000234	0.000000	0.000108	0.036749	0.944938	0.017971	0.000000	0.000000	0.000000
235	0.000197	0.000000	0.000105	0.036554	0.945194	0.017950	0.000000	0.000000	0.000000
236	0.000170	0.000000	0.000089	0.036692	0.945140	0.017909	0.000000	0.000000	0.000000
237	0.000150	0.000000	0.000093	0.036716	0.945392	0.017649	0.000000	0.000000	0.000000
238	0.000138	0.000000	0.000076	0.036416	0.945778	0.017592	0.000000	0.000000	0.000000
239	0.000141	0.000000	0.000069	0.036367	0.945781	0.017642	0.000000	0.000000	0.000000
240	0.000130	0.000000	0.000078	0.036391	0.945776	0.017625	0.000000	0.000000	0.000000
241	0.000124	0.000000	0.000078	0.036279	0.945814	0.017705	0.000000	0.000000	0.000000
242	0.000096	0.000000	0.000074	0.036159	0.945823	0.017848	0.000000	0.000000	0.000000
243	0.000090	0.000000	0.000056	0.036191	0.945869	0.017794	0.000000	0.000000	0.000000
244	0.000087	0.000000	0.000054	0.036271	0.945839	0.017749	0.000000	0.000000	0.000000
245	0.000091	0.000000	0.000052	0.036275	0.945853	0.017729	0.000000	0.000000	0.000000
246	0.000090	0.000000	0.000057	0.036598	0.945532	0.017723	0.000000	0.000000	0.000000
247	0.000064	0.000000	0.000056	0.036567	0.945529	0.017784	0.000000	0.000000	0.000000
248	0.000066	0.000000	0.000040	0.036524	0.945653	0.017717	0.000000	0.000000	0.000000
249	0.000060	0.000000	0.000039	0.036612	0.945568	0.017721	0.000000	0.000000	0.000000
250	0.000051	0.000000	0.000043	0.036614	0.945563	0.017729	0.000000	0.000000	0.000000
251	0.000043	0.000000	0.000044	0.036862	0.945292	0.017759	0.000000	0.000000	0.000000
252	0.000041	0.000000	0.000038	0.036752	0.945670	0.017499	0.000000	0.000000	0.000000
253	0.000032	0.000000	0.000041	0.036784	0.945594	0.017549	0.000000	0.000000	0.000000
254	0.000028	0.000000	0.000038	0.036735	0.945635	0.017564	0.000000	0.000000	0.000000
255	0.000028	0.000000	0.000033	0.036842	0.945690	0.017407	0.000000	0.000000	0.000000
256	0.000023	0.000000	0.000034	0.036598	0.945995	0.017350	0.000000	0.000000	0.000000
257	0.000025	0.000000	0.000029	0.036813	0.945829	0.017304	0.000000	0.000000	0.000000
258	0.000019	0.000000	0.000025	0.036827	0.945813	0.017316	0.000000	0.000000	0.000000
259	0.000018	0.000000	0.000028	0.036719	0.945859	0.017376	0.000000	0.000000	0.000000
260	0.000014	0.000000	0.000035	0.036524	0.946110	0.017317	0.000000	0.000000	0.000000
261	0.000007	0.000000	0.000031	0.036461	0.946256	0.017245	0.000000	0.000000	0.000000
262	0.000008	0.000000	0.000039	0.036385	0.946367	0.017201	0.000000	0.000000	0.000000
263	0.000007	0.000000	0.000046	0.036395	0.946308	0.017244	0.000000	0.000000	0.000000
264	0.000007	0.000000	0.000040	0.036499	0.946145	0.017309	0.000000	0.000000	0.000000
265	0.000002	0.000000	0.000047	0.036526	0.946103	0.017322	0.000000	0.000000	0.000000
266	0.000001	0.000000	0.000043	0.036751	0.945858	0.017347	0.000000	0.000000	0.000000
267	0.000002	0.000000	0.000045	0.036753	0.945816	0.017384	0.000000	0.000000	0.000000
268	0.000001	0.000000	0.000045	0.036537	0.946114	0.017303	0.000000	0.000000	0.000000
269	0.000001	0.000000	0.000040	0.036641	0.946164	0.017154	0.000000	0.000000	0.000000
270	0.000000	0.000000	0.000033	0.036519	0.946255	0.017193	0.000000	0.000000	0.000000
271	0.000000	0.000000	0.000028	0.036652	0.946012	0.017308	0.000000	0.000000	0.000000
272	0.000000	0.000000	0.000029	0.036632	0.946103	0.017236	0.000000	0.000000	0.000000
273	0.000000	0.000000	0.000028	0.036408	0.946329	0.017235	0.000000	0.000000	0.000000
274	0.000000	0.000000	0.000026	0.036537	0.946210	0.017227	0.000000	0.000000	0.000000
275	0.000000	0.000000	0.000022	0.036431	0.946313	0.017234	0.000000	0.000000	0.000000
276	0.000000	0.000000	0.000023	0.036439	0.946420	0.017118	0.000000	0.000000	0.000000
277	0.000000	0.000000	0.000014	0.036284	0.946458	0.017244	0.000000	0.000000	0.000000
278	0.000000	0.000000	0.000013	0.036262	0.946574	0.017151	0.000000	0.000000	0.000000
279	0.000000	0.000000	0.000019	0.036340	0.946415	0.017226	0.000000	0.000000	0.000000
280	0.000000	0.000000	0.000014	0.036463	0.946105	0.017418	0.000000	0.000000	0.000000
281	0.000000	0.000000	0.000011	0.036315	0.946501	0.017173	0.000000	0.000000	0.000000
282	0.000000	0.000000	0.000009	0.036416	0.946457	0.017118	0.000000	0.000000	0.000000
283	0.000000	0.000000	0.000007	0.036443	0.946463	0.017087	0.000000	0.000000	0.000000
284	0.000000	0.000000	0.000007	0.036450	0.946635	0.016908	0.000000	0.000000	0.000000
285	0.000000	0.000000	0.000005	0.036543	0.946459	0.016993	0.000000	0.000000	0.000000
286	0.000000	0.000000	0.000002	0.036527	0.946544	0.016927	0.000000	0.000000	0.000000
287	0.000000	0.000000	0.000002	0.036725	0.946380	0.016893	0.000000	0.000000	0.000000
288	0.000000	0.000000	0.000000	0.036710	0.946379	0.016911	0.000000	0.000000	0.000000
289	0.000000	0.000000	0.000000	0.036919	0.946124	0.016957	0.000000	0.000000	0.000000
290	0.000000	0.000000	0.000000	0.037128	0.946037	0.016835	0.000000	0.000000	0.000000
291	0.000000	0.000000	0.000000	0.036896	0.946500	0.016604	0.000000	0.000000	0.000000
292	0.000000	0.000000	0.000000	0.036917	0.946553	0.016530	0.000000	0.000000	0.000000
293	0.000000	0.000000	0.000000	0.036827	0.946621	0.016552	0.000000	0.000000	0.000000
294	0.000000	0.000000	0.000000	0.037094	0.946147	0.016759	0.000000	0.000000	0.000000
295	0.000000	0.000000	0.000000	0.037042	0.946237	0.016721	0.000000	0.000000	0.000000
296	0.000000	0.000000	0.000000	0.037062	0.946278	0.016660	0.000000	0.000000	0.000000
297	0.000000	0.000000	0.000000	0.037096	0.946242	0.016662	0.000000	0.000000	0.000000
298	0.000000	0.000000	0.000000	0.037177	0.946002	0.016821	0.000000	0.000000	0.000000
299	0.000000	0.000000	0.000000	0.037195	0.945939	0.016866	0.000000	0.000000	0.000000
300	0.000000	0.000000	0.000000	0.037100	0.945988	0.016912	0.000000	0.000000	0.000000
301	0.000000	0.000000	0.000000	0.037224	0.945968	0.016808	0.000000	0.000000	0.000000
302	0.000000	0.000000	0.000000	0.037691	0.945549	0.016760	0.000000	0.000000	0.000000
303	0.000000	0.000000	0.000000	0.037572	0.945881	0.016547	0.000000	0.000000	0.000000
304	0.000000	0.000000	0.000000	0.037661	0.945533	0.016806	0.000000	0.000000	0.000000
305	0.000000	0.000000	0.000000	0.037739	0.945568	0.016693	0.000000	0.000000	0.000000
306	0.000000	0.000000	0.000000	0.037875	0.945441	0.016684	0.000000	0.000000	0.000000
307	0.000000	0.000000	0.000000	0.037757	0.945554	0.016689	0.000000	0.000000	0.000000
308	0.000000	0.000000	0.000000	0.037897	0.945463	0.016640	0.000000	0.000000	0.000000
309	0.000000	0.000000	0.000000	0.037799	0.945576	0.016625	0.000000	0.000000	0.000000
310	0.000000	0.000000	0.000000	0.037648	0.945667	0.016685	0.000000	0.000000	0.000000
311	0.000000	0.000000	0.000000	0.037569	0.945701	0.016730	0.000000	0.000000	0.000000
312	0.000000	0.000000	0.000000	0.037710	0.945405	0.016885	0.000000	0.000000	0.000000
313	0.000000	0.000000	0.000000	0.037857	0.945274	0.016869	0.000000	0.000000	0.000000
314	0.000000	0.000000	0.000000	0.037853	0.945424	0.016723	0.000000	0.000000	0.000000
315	0.000000	0.000000	0.000000	0.038158	0.945022	0.016820	0.000000	0.000000	0.000000
316	0.000000	0.000000	0.000000	0.038217	0.945166	0.016617	0.000000	0.000000	0.000000
317	0.000000	0.000000	0.000000	0.038078	0.945236	0.016686	0.000000	0.000000	0.000000
318	0.000000	0.000000	0.000000	0.038252	0.945029	0.016719	0.000000	0.000000	0.000000
319	0.000000	0.000000	0.000000	0.037888	0.945412	0.016700	0.000000	0.000000	0.000000
320	0.000000	0.000000	0.000000	0.037760	0.945542	0.016698	0.000000	0.000000	0.000000
321	0.000000	0.000000	0.000000	0.037891	0.945320	0.016789	0.000000	0.000000	0.000000
322	0.000000	0.000000	0.000000	0.037959	0.945269	0.016772	0.000000	0.000000	0.000000
323	0.000000	0.000000	0.000000	0.037616	0.945443	0.016941	0.000000	0.000000	0.000000
324	0.000000	0.000000	0.000000	0.037727	0.945393	0.016880	0.000000	0.000000	0.000000
325	0.000000	0.000000	0.000000	0.037831	0.945379	0.016790	0.000000	0.000000	0.000000
326	0.000000	0.000000	0.000000	0.037961	0.945323	0.016716	0.000000	0.000000	0.000000
327	0.000000	0.000000	0.000000	0.037875	0.945279	0.016846	0.000000	0.000000	0.000000
328	0.000000	0.000000	0.000000	0.037791	0.945404	0.016805	0.000000	0.000000	0.000000
329	0.000000	0.000000	0.000000	0.037736	0.945401	0.016863	0.000000	0.000000	0.000000
330	0.000000	0.000000	0.000000	0.037737	0.945238	0.017025	0.000000	0.000000	0.000000
331	0.000000	0.000000	0.000000	0.037794	0.945366	0.016840	0.000000	0.000000	0.000000
332	0.000000	0.000000	0.000000	0.037564	0.945566	0.016870	0.000000	0.000000	0.000000
333	0.000000	0.000000	0.000000	0.037544	0.945510	0.016946	0.000000	0.000000	0.000000
334	0.000000	0.000000	0.000000	0.037588	0.945579	0.016833	0.000000	0.000000	0.000000
335	0.000000	0.000000	0.000000	0.037626	0.945593	0.016781	0.000000	0.000000	0.000000
336	0.000000	0.000000	0.000000	0.037475	0.945735	0.016790	0.000000	0.000000	0.000000
337	0.000000	0.000000	0.000000	0.037530	0.945799	0.016671	0.000000	0.000000	0.000000
338	0.000000	0.000000	0.000000	0.037665	0.945664	0.016671	0.000000	0.000000	0.000000
339	0.000000	0.000000	0.000000	0.037538	0.945770	0.016692	0.000000	0.000000	0.000000
340	0.000000	0.000000	0.000000	0.037557	0.945632	0.016811	0.000000	0.000000	0.000000
341	0.000000	0.000000	0.000000	0.037450	0.945695	0.016855	0.000000	0.000000	0.000000
342	0.000000	0.000000	0.000000	0.037400	0.945949	0.016651	0.000000	0.000000	0.000000
343	0.000000	0.000000	0.000000	0.037317	0.946037	0.016646	0.000000	0.000000	0.000000
344	0.000000	0.000000	0.000000	0.037146	0.946220	0.016634	0.000000	0.000000	0.000000
345	0.000000	0.000000	0.000000	0.036917	0.946270	0.016813	0.000000	0.000000	0.000000
346	0.000000	0.000000	0.000000	0.036725	0.946563	0.016712	0.000000	0.000000	0.000000
347	0.000000	0.000000	0.000000	0.036485	0.946780	0.016735	0.000000	0.000000	0.000000
348	0.000000	0.000000	0.000000	0.036609	0.946646	0.016745	0.000000	0.000000	0.000000
349	0.000000	0.000000	0.000000	0.036594	0.946660	0.016746	0.000000	0.000000	0.000000
350	0.000000	0.000000	0.000000	0.036725	0.946527	0.016748	0.000000	0.000000	0.000000
351	0.000000	0.000000	0.000000	0.036590	0.946589	0.016821	0.000000	0.000000	0.000000
352	0.000000	0.000000	0.000000	0.036420	0.946863	0.016717	0.000000	0.000000	0.000000
353	0.000000	0.000000	0.000000	0.036462	0.946676	0.016862	0.000000	0.000000	0.000000
354	0.000000	0.000000	0.000000	0.036753	0.946394	0.016853	0.000000	0.000000	0.000000
355	0.000000	0.000000	0.000000	0.036713	0.946270	0.017017	0.000000	0.000000	0.000000
356	0.000000	0.000000	0.000000	0.036842	0.946288	0.016870	0.000000	0.000000	0.000000
357	0.000000	0.000000	0.000000	0.036874	0.946289	0.016837	0.000000	0.000000	0.000000
358	0.000000	0.000000	0.000000	0.036984	0.946263	0.016753	0.000000	0.000000	0.000000
359	0.000000	0.000000	0.000000	0.036949	0.946307	0.016744	0.000000	0.000000	0.000000
360	0.000000	0.000000	0.000000	0.037126	0.946223	0.016651	0.000000	0.000000	0.000000
361	0.000000	0.000000	0.000000	0.037078	0.946163	0.016759	0.000000	0.000000	0.000000
362	0.000000	0.000000	0.000000	0.036950	0.946247	0.016803	0.000000	0.000000	0.000000
363	0.000000	0.000000	0.000000	0.037228	0.945927	0.016845	0.000000	0.000000	0.000000
364	0.000000	0.000000	0.000000	0.037168	0.945986	0.016846	0.000000	0.000000	0.000000
365	0.000000	0.000000	0.000000	0.037070	0.946154	0.016776	0.000000	0.000000	0.000000
366	0.000000	0.000000	0.000000	0.037342	0.945864	0.016794	0.000000	0.000000	0.000000
367	0.000000	0.000000	0.000000	0.037613	0.945645	0.016742	0.000000	0.000000	0.000000
368	0.000000	0.000000	0.000000	0.037496	0.945866	0.016638	0.000000	0.000000	0.000000
369	0.000000	0.000000	0.000000	0.037635	0.945715	0.016650	0.000000	0.000000	0.000000
370	0.000000	0.000000	0.000000	0.037554	0.945947	0.016499	0.000000	0.000000	0.000000
371	0.000000	0.000000	0.000000	0.037466	0.946020	0.016514	0.000000	0.000000	0.000000
372	0.000000	0.000000	0.000000	0.037369	0.946237	0.016394	0.000000	0.000000	0.000000
373	0.000000	0.000000	0.000000	0.037281	0.946362	0.016357	0.000000	0.000000	0.000000
374	0.000000	0.000000	0.000000	0.037354	0.946224	0.016422	0.000000	0.000000	0.000000
375	0.000000	0.000000	0.000000	0.037241	0.946343	0.016416	0.000000	0.000000	0.000000
376	0.000000	0.000000	0.000000	0.037079	0.946400	0.016521	0.000000	0.000000	0.000000
377	0.000000	0.000000	0.000000	0.037049	0.946571	0.016380	0.000000	0.000000	0.000000
378	0.000000	0.000000	0.000000	0.036967	0.946776	0.016257	0.000000	0.000000	0.000000
379	0.000000	0.000000	0.000000	0.037188	0.946689	0.016123	0.000000	0.000000	0.000000
380	0.000000	0.000000	0.000000	0.037306	0.946641	0.016053	0.000000	0.000000	0.000000
381	0.000000	0.000000	0.000000	0.037131	0.946789	0.016080	0.000000	0.000000	0.000000
382	0.000000	0.000000	0.000000	0.037004	0.947006	0.015990	0.000000	0.000000	0.000000
383	0.000000	0.000000	0.000000	0.036973	0.946757	0.016270	0.000000	0.000000	0.000000
384	0.000000	0.000000	0.000000	0.037041	0.946829	0.016130	0.000000	0.000000	0.000000
385	0.000000	0.000000	0.000000	0.037187	0.946635	0.016178	0.000000	0.000000	0.000000
386	0.000000	0.000000	0.000000	0.037049	0.946804	0.016147	0.000000	0.000000	0.000000
387	0.000000	0.000000	0.000000	0.037197	0.946514	0.016289	0.000000	0.000000	0.000000
388	0.000000	0.000000	0.000000	0.037157	0.946657	0.016186	0.000000	0.000000	0.000000
389	0.000000	0.000000	0.000000	0.037085	0.946800	0.016115	0.000000	0.000000	0.000000
390	0.000000	0.000000	0.000000	0.037153	0.946560	0.016287	0.000000	0.000000	0.000000
391	0.000000	0.000000	0.000000	0.037230	0.946581	0.016189	0.000000	0.000000	0.000000
392	0.000000	0.000000	0.000000	0.037148	0.946676	0.016176	0.000000	0.000000	0.000000
393	0.000000	0.000000	0.000000	0.037232	0.946598	0.016170	0.000000	0.000000	0.000000
394	0.000000	0.000000	0.000000	0.037208	0.946633	0.016159	0.000000	0.000000	0.000000
395	0.000000	0.000000	0.000000	0.037189	0.946683	0.016128	0.000000	0.000000	0.000000
396	0.000000	0.000000	0.000000	0.037231	0.946662	0.016107	0.000000	0.000000	0.000000
397	0.000000	0.000000	0.000000	0.037292	0.946698	0.016010	0.000000	0.000000	0.000000
398	0.000000	0.000000	0.000000	0.037398	0.946560	0.016042	0.000000	0.000000	0.000000
399	0.000000	0.000000	0.000000	0.037459	0.946450	0.016091	0.000000	0.000000	0.000000
400	0.000000	0.000000	0.000000	0.037527	0.946491	0.015982	0.000000	0.000000	0.000000
401	0.000000	0.000000	0.000000	0.037453	0.946503	0.016044	0.000000	0.000000	0.000000
402	0.000000	0.000000	0.000000	0.037421	0.946234	0.016345	0.000000	0.000000	0.000000
403	0.000000	0.000000	0.000000	0.037299	0.946410	0.016291	0.000000	0.000000	0.000000
404	0.000000	0.000000	0.000000	0.037526	0.945974	0.016500	0.000000	0.000000	0.000000
405	0.000000	0.000000	0.000000	0.037310	0.946327	0.016363	0.000000	0.000000	0.000000
406	0.000000	0.000000	0.000000	0.037397	0.946371	0.016232	0.000000	0.000000	0.000000
407	0.000000	0.000000	0.000000	0.037313	0.946432	0.016255	0.000000	0.000000	0.000000
408	0.000000	0.000000	0.000000	0.037238	0.946590	0.016172	0.000000	0.000000	0.000000
409	0.000000	0.000000	0.000000	0.037226	0.946666	0.016108	0.000000	0.000000	0.000000
410	0.000000	0.000000	0.000000	0.036997	0.946915	0.016088	0.000000	0.000000	0.000000
411	0.000000	0.000000	0.000000	0.036963	0.946743	0.016294	0.000000	0.000000	0.000000
412	0.000000	0.000000	0.000000	0.037063	0.946793	0.016144	0.000000	0.000000	0.000000
413	0.000000	0.000000	0.000000	0.037067	0.946652	0.016281	0.000000	0.000000	0.000000
414	0.000000	0.000000	0.000000	0.037096	0.946569	0.016335	0.000000	0.000000	0.000000
415	0.000000	0.000000	0.000000	0.037023	0.946705	0.016272	0.000000	0.000000	0.000000
416	0.000000	0.000000	0.000000	0.037048	0.946795	0.016157	0.000000	0.000000	0.000000
417	0.000000	0.000000	0.000000	0.037155	0.946621	0.016224	0.000000	0.000000	0.000000
418	0.000000	0.000000	0.000000	0.037211	0.946671	0.016118	0.000000	0.000000	0.000000
419	0.000000	0.000000	0.000000	0.037352	0.946525	0.016123	0.000000	0.000000	0.000000
420	0.000000	0.000000	0.000000	0.037062	0.946812	0.016126	0.000000	0.000000	0.000000
421	0.000000	0.000000	0.000000	0.037354	0.946510	0.016136	0.000000	0.000000	0.000000
422	0.000000	0.000000	0.000000	0.037294	0.946605	0.016101	0.000000	0.000000	0.000000
423	0.000000	0.000000	0.000000	0.037326	0.946545	0.016129	0.000000	0.000000	0.000000
424	0.000000	0.000000	0.000000	0.037295	0.946591	0.016114	0.000000	0.000000	0.000000
425	0.000000	0.000000	0.000000	0.037291	0.946671	0.016038	0.000000	0.000000	0.000000
426	0.000000	0.000000	0.000000	0.037231	0.946740	0.016029	0.000000	0.000000	0.000000
427	0.000000	0.000000	0.000000	0.037255	0.946728	0.016017	0.000000	0.000000	0.000000
428	0.000000	0.000000	0.000000	0.037231	0.946785	0.015984	0.000000	0.000000	0.000000
429	0.000000	0.000000	0.000000	0.037107	0.946845	0.016048	0.000000	0.000000	0.000000
430	0.000000	0.000000	0.000000	0.037141	0.946696	0.016163	0.000000	0.000000	0.000000
431	0.000000	0.000000	0.000000	0.037237	0.946648	0.016115	0.000000	0.000000	0.000000
432	0.000000	0.000000	0.000000	0.037127	0.946575	0.016298	0.000000	0.000000	0.000000
433	0.000000	0.000000	0.000000	0.036999	0.946779	0.016222	0.000000	0.000000	0.000000
434	0.000000	0.000000	0.000000	0.037125	0.946682	0.016193	0.000000	0.000000	0.000000
435	0.000000	0.000000	0.000000	0.037066	0.946864	0.016070	0.000000	0.000000	0.000000
436	0.000000	0.000000	0.000000	0.037086	0.947007	0.015907	0.000000	0.000000	0.000000
437	0.000000	0.000000	0.000000	0.037063	0.946973	0.015964	0.000000	0.000000	0.000000
438	0.000000	0.000000	0.000000	0.036994	0.947008	0.015998	0.000000	0.000000	0.000000
439	0.000000	0.000000	0.000000	0.036995	0.946932	0.016073	0.000000	0.000000	0.000000
440	0.000000	0.000000	0.000000	0.036928	0.947018	0.016054	0.000000	0.000000	0.000000
441	0.000000	0.000000	0.000000	0.036910	0.946957	0.016133	0.000000	0.000000	0.000000
442	0.000000	0.000000	0.000000	0.036935	0.946882	0.016183	0.000000	0.000000	0.000000
443	0.000000	0.000000	0.000000	0.037023	0.946969	0.016008	0.000000	0.000000	0.000000
444	0.000000	0.000000	0.000000	0.037117	0.947025	0.015858	0.000000	0.000000	0.000000
445	0.000000	0.000000	0.000000	0.037179	0.946918	0.015903	0.000000	0.000000	0.000000
446	0.000000	0.000000	0.000000	0.037132	0.946880	0.015988	0.000000	0.000000	0.000000
447	0.000000	0.000000	0.000000	0.037106	0.946905	0.015989	0.000000	0.000000	0.000000
448	0.000000	0.000000	0.000000	0.037376	0.946701	0.015923	0.000000	0.000000	0.000000
449	0.000000	0.000000	0.000000	0.037468	0.946477	0.016055	0.000000	0.000000	0.000000
450	0.000000	0.000000	0.000000	0.037496	0.946512	0.015992	0.000000	0.000000	0.000000
451	0.000000	0.000000	0.000000	0.037414	0.946592	0.015994	0.000000	0.000000	0.000000
452	0.000000	0.000000	0.000000	0.037254	0.946789	0.015957	0.000000	0.000000	0.000000
453	0.000000	0.000000	0.000000	0.037088	0.947067	0.015845	0.000000	0.000000	0.000000
454	0.000000	0.000000	0.000000	0.037066	0.947047	0.015887	0.000000	0.000000	0.000000
455	0.000000	0.000000	0.000000	0.036699	0.947234	0.016067	0.000000	0.000000	0.000000
456	0.000000	0.000000	0.000000	0.036733	0.947288	0.015979	0.000000	0.000000	0.000000
457	0.000000	0.000000	0.000000	0.036755	0.947275	0.015970	0.000000	0.000000	0.000000
458	0.000000	0.000000	0.000000	0.036692	0.947372	0.015936	0.000000	0.000000	0.000000
459	0.000000	0.000000	0.000000	0.036850	0.947263	0.015887	0.000000	0.000000	0.000000
460	0.000000	0.000000	0.000000	0.036708	0.947347	0.015945	0.000000	0.000000	0.000000
461	0.000000	0.000000	0.000000	0.036701	0.947465	0.015834	0.000000	0.000000	0.000000
462	0.000000	0.000000	0.000000	0.036598	0.947585	0.015817	0.000000	0.000000	0.000000
463	0.000000	0.000000	0.000000	0.036617	0.947651	0.015732	0.000000	0.000000	0.000000
464	0.000000	0.000000	0.000000	0.036725	0.947611	0.015664	0.000000	0.000000	0.000000
465	0.000000	0.000000	0.000000	0.036631	0.947576	0.015793	0.000000	0.000000	0.000000
466	0.000000	0.000000	0.000000	0.036510	0.947705	0.015785	0.000000	0.000000	0.000000
467	0.000000	0.000000	0.000000	0.036425	0.947821	0.015754	0.000000	0.000000	0.000000
468	0.000000	0.000000	0.000000	0.036464	0.947703	0.015833	0.000000	0.000000	0.000000
469	0.000000	0.000000	0.000000	0.036409	0.947713	0.015878	0.000000	0.000000	0.000000
470	0.000000	0.000000	0.000000	0.036374	0.947895	0.015731	0.000000	0.000000	0.000000
