0	0.290663	0.057897	0.229473	0.157588	0.029913	0.111872	0.085455	0.012259	0.024880
1	0.244229	0.050620	0.208773	0.141351	0.028893	0.121035	0.103765	0.020439	0.080895
2	0.255221	0.052264	0.216894	0.136049	0.029429	0.118081	0.093030	0.018559	0.080473
3	0.271735	0.054163	0.225534	0.130917	0.029908	0.112802	0.081452	0.016173	0.077316
4	0.288418	0.056745	0.233516	0.125499	0.030294	0.107067	0.071203	0.013929	0.073329
5	0.304410	0.058479	0.242033	0.119760	0.030542	0.101218	0.061957	0.011972	0.069629
6	0.320995	0.059530	0.248280	0.114258	0.031354	0.095578	0.053981	0.010083	0.065941
7	0.335833	0.060868	0.254925	0.109263	0.031768	0.089935	0.046648	0.008549	0.062211
8	0.350373	0.062060	0.260885	0.103293	0.032167	0.084042	0.040898	0.007590	0.058692
9	0.364527	0.063014	0.266197	0.097974	0.032557	0.078502	0.035419	0.006660	0.055150
10	0.377952	0.063114	0.271436	0.091988	0.033039	0.073850	0.030737	0.005699	0.052185
11	0.390146	0.063488	0.275653	0.086929	0.033546	0.069066	0.026941	0.004843	0.049388
12	0.401760	0.063961	0.279842	0.081277	0.034030	0.064835	0.023491	0.004210	0.046594
13	0.413293	0.064131	0.282907	0.076443	0.034663	0.060271	0.020489	0.003641	0.044162
14	0.423661	0.064373	0.285970	0.071611	0.035091	0.056213	0.018175	0.003097	0.041809
15	0.433933	0.064064	0.288606	0.067338	0.035419	0.052396	0.015756	0.002680	0.039808
16	0.443393	0.064035	0.291389	0.063045	0.035645	0.048892	0.013865	0.002355	0.037381
17	0.452486	0.063957	0.293190	0.059159	0.036178	0.045654	0.012000	0.001994	0.035382
18	0.460980	0.063989	0.294850	0.055142	0.036776	0.042397	0.010431	0.001717	0.033718
19	0.468453	0.063496	0.296896	0.051623	0.037121	0.039893	0.009100	0.001470	0.031948
20	0.475836	0.063144	0.298871	0.047948	0.037714	0.036829	0.008104	0.001319	0.030235
21	0.482372	0.062813	0.300721	0.044934	0.038184	0.034172	0.007041	0.001113	0.028650
22	0.489127	0.062601	0.301436	0.041873	0.038605	0.031893	0.006166	0.000988	0.027311
23	0.495614	0.062110	0.302140	0.039099	0.039463	0.029380	0.005438	0.000827	0.025929
24	0.501093	0.061739	0.303204	0.036236	0.040158	0.027454	0.004665	0.000767	0.024684
25	0.505779	0.061223	0.304035	0.033794	0.040946	0.025740	0.004232	0.000666	0.023585
26	0.510067	0.060952	0.304785	0.031515	0.041746	0.024154	0.003703	0.000598	0.022480
27	0.514726	0.060367	0.305199	0.029526	0.042493	0.022580	0.003278	0.000508	0.021323
28	0.519109	0.060005	0.305930	0.027395	0.043138	0.021014	0.002900	0.000444	0.020065
29	0.522645	0.059628	0.306168	0.025764	0.044059	0.019694	0.002552	0.000399	0.019091
30	0.526293	0.059290	0.306363	0.023900	0.044949	0.018257	0.002266	0.000330	0.018352
31	0.529281	0.058406	0.307322	0.022311	0.045833	0.017018	0.002085	0.000279	0.017465
32	0.531891	0.057878	0.307858	0.021117	0.046831	0.015855	0.001799	0.000278	0.016493
33	0.535052	0.057259	0.307862	0.019800	0.047618	0.014798	0.001562	0.000239	0.015810
34	0.537241	0.056589	0.308658	0.018566	0.048626	0.013692	0.001323	0.000227	0.015078
35	0.539256	0.056587	0.308332	0.017327	0.050077	0.012642	0.001214	0.000203	0.014362
36	0.541323	0.055971	0.308827	0.016399	0.050735	0.011784	0.001113	0.000170	0.013678
37	0.543261	0.055629	0.308761	0.015506	0.051471	0.011145	0.001041	0.000149	0.013037
38	0.544306	0.055310	0.309010	0.014675	0.052687	0.010420	0.000911	0.000152	0.012529
39	0.545453	0.054536	0.309943	0.013729	0.053691	0.009710	0.000811	0.000144	0.011983
40	0.547622	0.053640	0.309717	0.012873	0.054529	0.009258	0.000717	0.000122	0.011522
41	0.548577	0.053375	0.309590	0.012128	0.055630	0.008784	0.000676	0.000105	0.011135
42	0.549676	0.052812	0.309132	0.011561	0.057074	0.008371	0.000624	0.000082	0.010668
43	0.550948	0.052586	0.308996	0.010994	0.057748	0.007964	0.000575	0.000065	0.010124
44	0.551161	0.052171	0.309205	0.010437	0.059181	0.007561	0.000514	0.000075	0.009695
45	0.551869	0.051284	0.309123	0.009862	0.060795	0.007116	0.000424	0.000065	0.009462
46	0.552388	0.050932	0.309305	0.009391	0.061791	0.006628	0.000401	0.000049	0.009115
47	0.553328	0.050503	0.309251	0.008787	0.062639	0.006299	0.000340	0.000050	0.008803
48	0.553506	0.050141	0.308844	0.008412	0.064221	0.005927	0.000292	0.000036	0.008621
49	0.553933	0.049885	0.308842	0.007922	0.065224	0.005595	0.000266	0.000034	0.008299
50	0.554160	0.049618	0.308522	0.007525	0.066549	0.005410	0.000238	0.000034	0.007944
51	0.555169	0.049293	0.307828	0.007082	0.067688	0.005146	0.000202	0.000032	0.007560
52	0.555249	0.048535	0.307847	0.006782	0.069263	0.004774	0.000200	0.000034	0.007316
53	0.555383	0.048010	0.307152	0.006582	0.071013	0.004621	0.000150	0.000025	0.007064
54	0.555032	0.047366	0.307397	0.006308	0.072628	0.004335	0.000137	0.000023	0.006774
55	0.555223	0.046624	0.307246	0.006016	0.074180	0.004145	0.000110	0.000019	0.006437
56	0.554894	0.046316	0.307173	0.005711	0.075684	0.003871	0.000090	0.000019	0.006242
57	0.554728	0.045899	0.306513	0.005531	0.077465	0.003672	0.000089	0.000011	0.006092
58	0.554483	0.045682	0.305880	0.005305	0.079027	0.003595	0.000074	0.000017	0.005937
59	0.554467	0.045040	0.305310	0.005061	0.080942	0.003417	0.000059	0.000015	0.005689
60	0.554074	0.044701	0.305048	0.004766	0.082618	0.003290	0.000065	0.000013	0.005425
61	0.553823	0.044363	0.304543	0.004646	0.084058	0.003165	0.000056	0.000012	0.005334
62	0.553479	0.043383	0.304628	0.004448	0.085866	0.002945	0.000065	0.000010	0.005176
63	0.553743	0.042725	0.303575	0.004327	0.087736	0.002798	0.000052	0.000007	0.005037
64	0.552893	0.042202	0.303470	0.004246	0.089512	0.002693	0.000047	0.000008	0.004929
65	0.552216	0.041954	0.302746	0.003991	0.091797	0.002492	0.000035	0.000007	0.004762
66	0.551656	0.041430	0.302058	0.003875	0.093877	0.002436	0.000027	0.000004	0.004637
67	0.550247	0.041243	0.301962	0.003763	0.096043	0.002295	0.000037	0.000005	0.004405
68	0.550013	0.040691	0.301580	0.003605	0.097685	0.002190	0.000040	0.000003	0.004193
69	0.549174	0.040242	0.300989	0.003481	0.099873	0.002146	0.000029	0.000004	0.004062
70	0.549216	0.039616	0.299984	0.003395	0.101789	0.002043	0.000013	0.000005	0.003939
71	0.548431	0.039283	0.299378	0.003159	0.104080	0.001926	0.000018	0.000006	0.003719
72	0.548170	0.039147	0.298250	0.003097	0.105855	0.001891	0.000013	0.000007	0.003570
73	0.546930	0.038722	0.297832	0.002958	0.108212	0.001874	0.000019	0.000007	0.003446
74	0.545906	0.038240	0.297624	0.002851	0.110307	0.001745	0.000016	0.000003	0.003308
75	0.544933	0.037758	0.297345	0.002717	0.112275	0.001753	0.000009	0.000003	0.003207
76	0.543213	0.037706	0.297155	0.002683	0.114373	0.001681	0.000013	0.000003	0.003173
77	0.542625	0.037235	0.296343	0.002627	0.116430	0.001650	0.000007	0.000004	0.003079
78	0.541382	0.037000	0.295928	0.002479	0.118683	0.001559	0.000013	0.000002	0.002954
79	0.540230	0.036602	0.295535	0.002461	0.120782	0.001491	0.000018	0.000001	0.002880
80	0.539000	0.036110	0.295292	0.002421	0.122836	0.001492	0.000014	0.000005	0.002830
81	0.537538	0.035612	0.294995	0.002431	0.125140	0.001368	0.000010	0.000006	0.002900
82	0.536681	0.035048	0.294203	0.002277	0.127575	0.001327	0.000011	0.000005	0.002873
83	0.535445	0.034545	0.293670	0.002264	0.129961	0.001314	0.000012	0.000003	0.002786
84	0.534293	0.034225	0.293105	0.002236	0.132230	0.001232	0.000009	0.000004	0.002666
85	0.533366	0.033708	0.292654	0.002121	0.134405	0.001191	0.000010	0.000004	0.002541
86	0.532108	0.033247	0.291691	0.002093	0.137165	0.001183	0.000002	0.000000	0.002511
87	0.531097	0.032614	0.291118	0.002089	0.139626	0.001097	0.000004	0.000001	0.002354
88	0.529732	0.032484	0.290395	0.002024	0.141932	0.001068	0.000004	0.000001	0.002360
89	0.527850	0.032222	0.290005	0.001926	0.144724	0.001003	0.000003	0.000000	0.002267
90	0.526817	0.031878	0.288706	0.001876	0.147503	0.000947	0.000002	0.000000	0.002271
91	0.525659	0.031136	0.288153	0.001844	0.150053	0.000899	0.000002	0.000000	0.002254
92	0.523942	0.030783	0.287764	0.001870	0.152607	0.000894	0.000002	0.000000	0.002138
93	0.522753	0.030360	0.287075	0.001841	0.154969	0.000912	0.000000	0.000000	0.002090
94	0.521356	0.029871	0.286376	0.001811	0.157713	0.000855	0.000001	0.000000	0.002017
95	0.520596	0.029475	0.284779	0.001755	0.160573	0.000822	0.000003	0.000000	0.001997
96	0.519043	0.029092	0.284004	0.001720	0.163442	0.000751	0.000001	0.000000	0.001947
97	0.516955	0.028615	0.283962	0.001712	0.166109	0.000740	0.000000	0.000000	0.001907
98	0.515176	0.028439	0.283235	0.001681	0.168915	0.000712	0.000001	0.000000	0.001841
99	0.513350	0.028199	0.282683	0.001612	0.171663	0.000691	0.000000	0.000000	0.001802
100	0.511369	0.028061	0.281769	0.001593	0.174691	0.000742	0.000000	0.000000	0.001775
101	0.509963	0.027663	0.280824	0.001586	0.177525	0.000750	0.000000	0.000000	0.001689
102	0.508004	0.027373	0.280078	0.001543	0.180670	0.000721	0.000000	0.000000	0.001611
103	0.506088	0.027049	0.279719	0.001514	0.183336	0.000722	0.000000	0.000000	0.001572
104	0.504547	0.026810	0.278947	0.001466	0.186056	0.000704	0.000000	0.000000	0.001470
105	0.502602	0.026611	0.278227	0.001469	0.188947	0.000681	0.000000	0.000000	0.001463
106	0.501047	0.026269	0.276862	0.001475	0.192283	0.000648	0.000000	0.000000	0.001416
107	0.499094	0.025951	0.276538	0.001450	0.194990	0.000625	0.000000	0.000000	0.001352
108	0.497383	0.025679	0.275354	0.001513	0.198103	0.000614	0.000000	0.000000	0.001354
109	0.495406	0.025389	0.274635	0.001437	0.201202	0.000594	0.000000	0.000000	0.001337
110	0.493184	0.025194	0.274027	0.001347	0.204412	0.000581	0.000000	0.000000	0.001255
111	0.491926	0.024862	0.272386	0.001317	0.207715	0.000584	0.000000	0.000000	0.001210
112	0.489920	0.024444	0.271340	0.001281	0.211262	0.000571	0.000000	0.000000	0.001182
113	0.487777	0.024280	0.270766	0.001248	0.214199	0.000569	0.000000	0.000000	0.001161
114	0.485903	0.023952	0.269870	0.001233	0.217385	0.000553	0.000000	0.000000	0.001104
115	0.484426	0.023577	0.268432	0.001160	0.220713	0.000547	0.000000	0.000000	0.001145
116	0.482162	0.023223	0.267665	0.001166	0.224181	0.000543	0.000000	0.000000	0.001060
117	0.480146	0.022828	0.267075	0.001143	0.227275	0.000493	0.000000	0.000000	0.001040
118	0.477960	0.022368	0.266223	0.001113	0.230781	0.000527	0.000000	0.000000	0.001028
119	0.475343	0.022223	0.265265	0.001050	0.234628	0.000515	0.000000	0.000000	0.000976
120	0.473924	0.021989	0.263806	0.001060	0.237755	0.000512	0.000000	0.000000	0.000954
121	0.471855	0.021676	0.263007	0.001014	0.241040	0.000489	0.000000	0.000000	0.000919
122	0.469526	0.021314	0.261788	0.001004	0.244982	0.000489	0.000000	0.000000	0.000897
123	0.467556	0.021217	0.260751	0.000973	0.248149	0.000472	0.000000	0.000000	0.000882
124	0.465033	0.021064	0.260045	0.000925	0.251551	0.000459	0.000000	0.000000	0.000923
125	0.462304	0.020938	0.258888	0.000889	0.255677	0.000445	0.000000	0.000000	0.000859
126	0.459922	0.020725	0.257995	0.000897	0.259183	0.000435	0.000000	0.000000	0.000843
127	0.457150	0.020442	0.257489	0.000937	0.262729	0.000431	0.000000	0.000000	0.000822
128	0.455730	0.020059	0.256090	0.000916	0.266004	0.000424	0.000000	0.000000	0.000777
129	0.453321	0.020063	0.254838	0.000934	0.269625	0.000439	0.000000	0.000000	0.000780
130	0.451415	0.019838	0.253097	0.000917	0.273490	0.000448	0.000000	0.000000	0.000795
131	0.448514	0.019689	0.252346	0.000915	0.277368	0.000388	0.000000	0.000000	0.000780
132	0.447085	0.019412	0.250755	0.000906	0.280658	0.000390	0.000000	0.000000	0.000794
133	0.445265	0.019028	0.249629	0.000878	0.284082	0.000380	0.000000	0.000000	0.000738
134	0.443198	0.018800	0.248389	0.000912	0.287634	0.000362	0.000000	0.000000	0.000705
135	0.441543	0.018239	0.246845	0.000913	0.291392	0.000392	0.000000	0.000000	0.000676
136	0.439290	0.017840	0.245871	0.000905	0.295015	0.000400	0.000000	0.000000	0.000679
137	0.437168	0.017662	0.244682	0.000908	0.298521	0.000371	0.000000	0.000000	0.000688
138	0.434567	0.017583	0.243580	0.000906	0.302323	0.000385	0.000000	0.000000	0.000656
139	0.432201	0.017335	0.242342	0.000914	0.306155	0.000369	0.000000	0.000000	0.000684
140	0.430310	0.016839	0.241123	0.000884	0.309801	0.000377	0.000000	0.000000	0.000666
141	0.428446	0.016570	0.239515	0.000877	0.313618	0.000337	0.000000	0.000000	0.000637
142	0.426548	0.016446	0.237993	0.000877	0.317165	0.000359	0.000000	0.000000	0.000612
143	0.423480	0.016348	0.237063	0.000886	0.321300	0.000335	0.000000	0.000000	0.000588
144	0.421002	0.016093	0.236182	0.000892	0.324897	0.000348	0.000000	0.000000	0.000586
145	0.419122	0.016038	0.234338	0.000870	0.328741	0.000348	0.000000	0.000000	0.000543
146	0.416351	0.015754	0.233621	0.000868	0.332539	0.000355	0.000000	0.000000	0.000512
147	0.413704	0.015664	0.232290	0.000863	0.336611	0.000355	0.000000	0.000000	0.000513
148	0.411512	0.015363	0.230770	0.000917	0.340604	0.000342	0.000000	0.000000	0.000492
149	0.409336	0.015351	0.229335	0.000905	0.344222	0.000324	0.000000	0.000000	0.000527
150	0.406553	0.015101	0.228400	0.000911	0.348173	0.000349	0.000000	0.000000	0.000513
151	0.403802	0.014743	0.227242	0.000917	0.352478	0.000324	0.000000	0.000000	0.000494
152	0.401248	0.014580	0.226184	0.000890	0.356274	0.000323	0.000000	0.000000	0.000501
153	0.399292	0.014260	0.224636	0.000862	0.360137	0.000294	0.000000	0.000000	0.000519
154	0.397086	0.014096	0.223133	0.000887	0.363977	0.000312	0.000000	0.000000	0.000509
155	0.394151	0.014067	0.222066	0.000899	0.367978	0.000332	0.000000	0.000000	0.000507
156	0.390981	0.013822	0.221289	0.000955	0.372174	0.000301	0.000000	0.000000	0.000478
157	0.388835	0.013581	0.219942	0.000963	0.375888	0.000304	0.000000	0.000000	0.000487
158	0.386149	0.013484	0.218896	0.000958	0.379697	0.000346	0.000000	0.000000	0.000470
159	0.383772	0.013292	0.217707	0.000937	0.383497	0.000313	0.000000	0.000000	0.000482
160	0.381700	0.013106	0.216035	0.000900	0.387508	0.000305	0.000000	0.000000	0.000446
161	0.378901	0.013043	0.214735	0.000888	0.391704	0.000305	0.000000	0.000000	0.000424
162	0.375879	0.012882	0.213877	0.000877	0.395811	0.000286	0.000000	0.000000	0.000388
163	0.373394	0.012633	0.212345	0.000851	0.400048	0.000293	0.000000	0.000000	0.000436
164	0.371189	0.012473	0.210917	0.000857	0.403891	0.000284	0.000000	0.000000	0.000389
165	0.368575	0.012228	0.209767	0.000842	0.407948	0.000257	0.000000	0.000000	0.000383
166	0.366239	0.012016	0.208556	0.000814	0.411697	0.000283	0.000000	0.000000	0.000395
167	0.363306	0.011842	0.207413	0.000784	0.415996	0.000284	0.000000	0.000000	0.000375
168	0.360944	0.011724	0.206155	0.000778	0.419724	0.000309	0.000000	0.000000	0.000366
169	0.358176	0.011610	0.204655	0.000775	0.424119	0.000300	0.000000	0.000000	0.000365
170	0.355302	0.011476	0.203203	0.000791	0.428568	0.000291	0.000000	0.000000	0.000369
171	0.353024	0.011386	0.201699	0.000779	0.432496	0.000254	0.000000	0.000000	0.000362
172	0.350868	0.011162	0.200071	0.000771	0.436523	0.000242	0.000000	0.000000	0.000363
173	0.348036	0.010909	0.198982	0.000743	0.440729	0.000258	0.000000	0.000000	0.000343
174	0.345781	0.010749	0.197213	0.000702	0.444943	0.000277	0.000000	0.000000	0.000335
175	0.342832	0.010570	0.195962	0.000696	0.449360	0.000262	0.000000	0.000000	0.000318
176	0.340076	0.010511	0.194420	0.000674	0.453735	0.000260	0.000000	0.000000	0.000324
177	0.337469	0.010481	0.192601	0.000690	0.458207	0.000238	0.000000	0.000000	0.000314
178	0.334951	0.010364	0.191512	0.000710	0.461941	0.000241	0.000000	0.000000	0.000281
179	0.332309	0.010180	0.190120	0.000675	0.466177	0.000249	0.000000	0.000000	0.000290
180	0.329985	0.009924	0.188620	0.000668	0.470285	0.000237	0.000000	0.000000	0.000281
181	0.327436	0.009781	0.187225	0.000612	0.474437	0.000234	0.000000	0.000000	0.000275
182	0.324688	0.009594	0.186443	0.000605	0.478151	0.000245	0.000000	0.000000	0.000274
183	0.322459	0.009501	0.184477	0.000614	0.482474	0.000216	0.000000	0.000000	0.000259
184	0.319988	0.009242	0.183307	0.000622	0.486403	0.000204	0.000000	0.000000	0.000234
185	0.317395	0.009177	0.181849	0.000631	0.490535	0.000216	0.000000	0.000000	0.000197
186	0.315061	0.009176	0.180296	0.000576	0.494487	0.000204	0.000000	0.000000	0.000200
187	0.312797	0.009085	0.178250	0.000585	0.498870	0.000199	0.000000	0.000000	0.000214
188	0.310353	0.008970	0.176893	0.000610	0.502763	0.000200	0.000000	0.000000	0.000211
189	0.307520	0.008746	0.175711	0.000619	0.507015	0.000196	0.000000	0.000000	0.000193
190	0.304577	0.008564	0.174511	0.000635	0.511330	0.000205	0.000000	0.000000	0.000178
191	0.302204	0.008455	0.173056	0.000616	0.515291	0.000196	0.000000	0.000000	0.000182
192	0.299629	0.008358	0.171576	0.000622	0.519422	0.000206	0.000000	0.000000	0.000187
193	0.296655	0.008185	0.171153	0.000618	0.523029	0.000194	0.000000	0.000000	0.000166
194	0.294387	0.008050	0.169604	0.000602	0.527012	0.000179	0.000000	0.000000	0.000166
195	0.291777	0.007907	0.168333	0.000582	0.531079	0.000168	0.000000	0.000000	0.000154
196	0.289182	0.007907	0.167384	0.000576	0.534632	0.000179	0.000000	0.000000	0.000140
197	0.286863	0.007856	0.165425	0.000610	0.538921	0.000173	0.000000	0.000000	0.000152
198	0.284525	0.007761	0.164324	0.000584	0.542475	0.000184	0.000000	0.000000	0.000147
199	0.282010	0.007690	0.163016	0.000554	0.546386	0.000191	0.000000	0.000000	0.000153
200	0.279465	0.007584	0.161583	0.000574	0.550465	0.000189	0.000000	0.000000	0.000140
201	0.276727	0.007398	0.159931	0.000559	0.555064	0.000187	0.000000	0.000000	0.000134
202	0.274694	0.007260	0.158652	0.000571	0.558493	0.000196	0.000000	0.000000	0.000134
203	0.271900	0.007202	0.157177	0.000576	0.562813	0.000212	0.000000	0.000000	0.000120
204	0.269101	0.007149	0.155978	0.000549	0.566910	0.000203	0.000000	0.000000	0.000110
205	0.266794	0.007050	0.154396	0.000521	0.570907	0.000199	0.000000	0.000000	0.000133
206	0.264593	0.006915	0.152836	0.000513	0.574799	0.000209	0.000000	0.000000	0.000135
207	0.262070	0.006854	0.151682	0.000507	0.578554	0.000201	0.000000	0.000000	0.000132
208	0.259759	0.006787	0.150283	0.000538	0.582302	0.000212	0.000000	0.000000	0.000119
209	0.256878	0.006638	0.149062	0.000540	0.586568	0.000196	0.000000	0.000000	0.000118
210	0.254716	0.006460	0.147582	0.000521	0.590420	0.000193	0.000000	0.000000	0.000108
211	0.252616	0.006420	0.146082	0.000513	0.594083	0.000186	0.000000	0.000000	0.000100
212	0.250096	0.006338	0.144689	0.000513	0.598080	0.000178	0.000000	0.000000	0.000106
213	0.247657	0.006355	0.143443	0.000500	0.601772	0.000172	0.000000	0.000000	0.000101
214	0.244900	0.006269	0.142417	0.000489	0.605643	0.000177	0.000000	0.000000	0.000105
215	0.242532	0.006243	0.140861	0.000483	0.609608	0.000173	0.000000	0.000000	0.000100
216	0.240384	0.006058	0.139657	0.000490	0.613146	0.000175	0.000000	0.000000	0.000090
217	0.237812	0.005985	0.138476	0.000469	0.616984	0.000175	0.000000	0.000000	0.000099
218	0.235503	0.005889	0.136873	0.000486	0.621001	0.000160	0.000000	0.000000	0.000088
219	0.233298	0.005715	0.135555	0.000510	0.624672	0.000163	0.000000	0.000000	0.000087
220	0.230989	0.005722	0.134222	0.000489	0.628329	0.000163	0.000000	0.000000	0.000086
221	0.228597	0.005584	0.133043	0.000500	0.632028	0.000165	0.000000	0.000000	0.000083
222	0.226251	0.005506	0.132000	0.000489	0.635518	0.000153	0.000000	0.000000	0.000083
223	0.224130	0.005394	0.130370	0.000493	0.639375	0.000134	0.000000	0.000000	0.000104
224	0.221843	0.005374	0.128578	0.000510	0.643461	0.000139	0.000000	0.000000	0.000095
225	0.219706	0.005256	0.126927	0.000512	0.647370	0.000132	0.000000	0.000000	0.000097
226	0.217097	0.005223	0.125556	0.000508	0.651402	0.000123	0.000000	0.000000	0.000091
227	0.215149	0.005161	0.124327	0.000509	0.654629	0.000122	0.000000	0.000000	0.000103
228	0.212813	0.005078	0.123142	0.000535	0.658201	0.000120	0.000000	0.000000	0.000111
229	0.210437	0.004953	0.121956	0.000518	0.661919	0.000122	0.000000	0.000000	0.000095
230	0.208137	0.004863	0.120771	0.000502	0.665517	0.000118	0.000000	0.000000	0.000092
231	0.205852	0.004727	0.119605	0.000499	0.669101	0.000120	0.000000	0.000000	0.000096
232	0.203485	0.004667	0.118279	0.000514	0.672842	0.000117	0.000000	0.000000	0.000096
233	0.201975	0.004545	0.116467	0.000500	0.676292	0.000132	0.000000	0.000000	0.000089
234	0.199556	0.004379	0.115437	0.000505	0.679913	0.000130	0.000000	0.000000	0.000080
235	0.197365	0.004342	0.114624	0.000495	0.682959	0.000135	0.000000	0.000000	0.000080
236	0.195195	0.004249	0.113379	0.000492	0.686483	0.000132	0.000000	0.000000	0.000070
237	0.193566	0.004077	0.111835	0.000520	0.689814	0.000128	0.000000	0.000000	0.000060
238	0.191167	0.004029	0.110871	0.000514	0.693217	0.000143	0.000000	0.000000	0.000059
239	0.189061	0.003988	0.109746	0.000516	0.696503	0.000132	0.000000	0.000000	0.000054
240	0.186882	0.003867	0.108644	0.000504	0.699927	0.000123	0.000000	0.000000	0.000053
241	0.184738	0.003878	0.107446	0.000492	0.703285	0.000110	0.000000	0.000000	0.000051
242	0.182560	0.003699	0.106669	0.000485	0.706424	0.000115	0.000000	0.000000	0.000048
243	0.180460	0.003575	0.105368	0.000472	0.709954	0.000127	0.000000	0.000000	0.000044
244	0.178272	0.003522	0.104338	0.000458	0.713253	0.000116	0.000000	0.000000	0.000041
245	0.175871	0.003438	0.103325	0.000458	0.716742	0.000118	0.000000	0.000000	0.000048
246	0.173449	0.003468	0.101961	0.000471	0.720479	0.000112	0.000000	0.000000	0.000060
247	0.171271	0.003403	0.101356	0.000463	0.723335	0.000103	0.000000	0.000000	0.000069
248	0.169291	0.003392	0.100041	0.000451	0.726657	0.000099	0.000000	0.000000	0.000069
249	0.167334	0.003274	0.098938	0.000433	0.729847	0.000101	0.000000	0.000000	0.000073
250	0.165225	0.003267	0.097914	0.000429	0.733023	0.000074	0.000000	0.000000	0.000068
251	0.163008	0.003175	0.096970	0.000418	0.736272	0.000095	0.000000	0.000000	0.000062
252	0.160866	0.003123	0.096057	0.000402	0.739386	0.000106	0.000000	0.000000	0.000060
253	0.158842	0.002965	0.094970	0.000420	0.742633	0.000109	0.000000	0.000000	0.000061
254	0.157286	0.002893	0.093849	0.000418	0.745391	0.000108	0.000000	0.000000	0.000055
255	0.155806	0.002812	0.092468	0.000420	0.748323	0.000119	0.000000	0.000000	0.000052
256	0.153812	0.002771	0.091529	0.000396	0.751302	0.000130	0.000000	0.000000	0.000060
257	0.152506	0.002661	0.090257	0.000411	0.753965	0.000134	0.000000	0.000000	0.000066
258	0.150549	0.002640	0.089463	0.000408	0.756737	0.000145	0.000000	0.000000	0.000058
259	0.148925	0.002544	0.088229	0.000397	0.759682	0.000170	0.000000	0.000000	0.000053
260	0.146850	0.002530	0.087424	0.000414	0.762541	0.000185	0.000000	0.000000	0.000056
261	0.145112	0.002458	0.086495	0.000395	0.765327	0.000162	0.000000	0.000000	0.000051
262	0.143504	0.002437	0.085507	0.000401	0.767915	0.000182	0.000000	0.000000	0.000054
263	0.141729	0.002390	0.084356	0.000391	0.770894	0.000195	0.000000	0.000000	0.000045
264	0.140042	0.002313	0.083142	0.000372	0.773903	0.000175	0.000000	0.000000	0.000053
265	0.138046	0.002318	0.081955	0.000349	0.777114	0.000177	0.000000	0.000000	0.000041
266	0.136371	0.002332	0.081016	0.000361	0.779721	0.000157	0.000000	0.000000	0.000042
267	0.134579	0.002251	0.080131	0.000361	0.782489	0.000145	0.000000	0.000000	0.000044
268	0.132870	0.002223	0.079207	0.000347	0.785168	0.000142	0.000000	0.000000	0.000043
269	0.131055	0.002150	0.078321	0.000364	0.787949	0.000130	0.000000	0.000000	0.000031
270	0.129090	0.002156	0.077221	0.000384	0.790975	0.000139	0.000000	0.000000	0.000035
271	0.127393	0.002175	0.076453	0.000360	0.793449	0.000138	0.000000	0.000000	0.000032
272	0.125776	0.002108	0.075818	0.000343	0.795791	0.000132	0.000000	0.000000	0.000032
273	0.123828	0.002046	0.074819	0.000351	0.798793	0.000125	0.000000	0.000000	0.000038
274	0.122396	0.001936	0.073650	0.000353	0.801513	0.000114	0.000000	0.000000	0.000038
275	0.120450	0.001932	0.073069	0.000349	0.804048	0.000124	0.000000	0.000000	0.000028
276	0.119003	0.001931	0.072044	0.000327	0.806536	0.000134	0.000000	0.000000	0.000025
277	0.117102	0.001905	0.071211	0.000322	0.809290	0.000140	0.000000	0.000000	0.000030
278	0.115771	0.001883	0.070185	0.000334	0.811666	0.000134	0.000000	0.000000	0.000027
279	0.113830	0.001819	0.069310	0.000346	0.814526	0.000142	0.000000	0.000000	0.000027
280	0.112450	0.001789	0.068123	0.000348	0.817097	0.000169	0.000000	0.000000	0.000024
281	0.111142	0.001734	0.066784	0.000356	0.819789	0.000172	0.000000	0.000000	0.000023
282	0.109660	0.001731	0.066023	0.000328	0.822085	0.000153	0.000000	0.000000	0.000020
283	0.108133	0.001714	0.065138	0.000319	0.824528	0.000147	0.000000	0.000000	0.000021
284	0.106659	0.001719	0.064292	0.000326	0.826837	0.000146	0.000000	0.000000	0.000021
285	0.104928	0.001695	0.063512	0.000313	0.829370	0.000152	0.000000	0.000000	0.000030
286	0.103433	0.001646	0.062262	0.000312	0.832180	0.000145	0.000000	0.000000	0.000022
287	0.102086	0.001620	0.061335	0.000296	0.834488	0.000154	0.000000	0.000000	0.000021
288	0.100965	0.001532	0.060153	0.000299	0.836876	0.000151	0.000000	0.000000	0.000024
289	0.099257	0.001547	0.059436	0.000315	0.839275	0.000145	0.000000	0.000000	0.000025
290	0.098039	0.001564	0.058506	0.000320	0.841383	0.000161	0.000000	0.000000	0.000027
291	0.096856	0.001502	0.057658	0.000312	0.843509	0.000140	0.000000	0.000000	0.000023
292	0.095342	0.001464	0.056684	0.000315	0.846009	0.000161	0.000000	0.000000	0.000025
293	0.094047	0.001466	0.055657	0.000318	0.848327	0.000160	0.000000	0.000000	0.000025
294	0.092550	0.001446	0.055106	0.000320	0.850390	0.000161	0.000000	0.000000	0.000027
295	0.091490	0.001420	0.054150	0.000338	0.852425	0.000156	0.000000	0.000000	0.000021
296	0.090084	0.001436	0.053394	0.000327	0.854592	0.000152	0.000000	0.000000	0.000015
297	0.088663	0.001392	0.052574	0.000314	0.856878	0.000163	0.000000	0.000000	0.000016
298	0.087507	0.001376	0.051801	0.000320	0.858820	0.000164	0.000000	0.000000	0.000012
299	0.086071	0.001357	0.051102	0.000321	0.860983	0.000152	0.000000	0.000000	0.000014
300	0.084891	0.001322	0.050278	0.000328	0.863014	0.000153	0.000000	0.000000	0.000014
301	0.083668	0.001290	0.049554	0.000318	0.865008	0.000152	0.000000	0.000000	0.000010
302	0.082542	0.001284	0.048759	0.000313	0.866952	0.000141	0.000000	0.000000	0.000009
303	0.081320	0.001223	0.048166	0.000320	0.868813	0.000152	0.000000	0.000000	0.000006
304	0.080079	0.001197	0.047294	0.000312	0.870959	0.000152	0.000000	0.000000	0.000007
305	0.078996	0.001173	0.046692	0.000318	0.872645	0.000170	0.000000	0.000000	0.000006
306	0.077972	0.001135	0.045714	0.000319	0.874690	0.000164	0.000000	0.000000	0.000006
307	0.076790	0.001137	0.044847	0.000304	0.876756	0.000161	0.000000	0.000000	0.000005
308	0.075834	0.001139	0.044032	0.000307	0.878512	0.000172	0.000000	0.000000	0.000004
309	0.074778	0.001116	0.043365	0.000303	0.880279	0.000155	0.000000	0.000000	0.000004
310	0.073697	0.001114	0.042612	0.000305	0.882113	0.000157	0.000000	0.000000	0.000002
311	0.072206	0.001046	0.042154	0.000299	0.884140	0.000153	0.000000	0.000000	0.000002
312	0.070909	0.001028	0.041456	0.000277	0.886159	0.000169	0.000000	0.000000	0.000002
313	0.069627	0.001030	0.040974	0.000265	0.887948	0.000156	0.000000	0.000000	0.000000
314	0.068637	0.000991	0.040297	0.000257	0.889665	0.000153	0.000000	0.000000	0.000000
315	0.067256	0.000963	0.039904	0.000278	0.891443	0.000156	0.000000	0.000000	0.000000
316	0.066096	0.000924	0.039465	0.000271	0.893076	0.000168	0.000000	0.000000	0.000000
317	0.064933	0.000912	0.039007	0.000277	0.894705	0.000166	0.000000	0.000000	0.000000
318	0.063848	0.000879	0.038202	0.000279	0.896598	0.000194	0.000000	0.000000	0.000000
319	0.062859	0.000885	0.037754	0.000268	0.898052	0.000182	0.000000	0.000000	0.000000
320	0.061683	0.000856	0.037157	0.000264	0.899861	0.000179	0.000000	0.000000	0.000000
321	0.060774	0.000824	0.036635	0.000261	0.901330	0.000176	0.000000	0.000000	0.000000
322	0.059729	0.000816	0.036070	0.000261	0.902923	0.000201	0.000000	0.000000	0.000000
323	0.058504	0.000824	0.035672	0.000256	0.904551	0.000193	0.000000	0.000000	0.000000
324	0.057660	0.000767	0.035148	0.000232	0.906007	0.000186	0.000000	0.000000	0.000000
325	0.056744	0.000769	0.034608	0.000262	0.907441	0.000176	0.000000	0.000000	0.000000
326	0.055604	0.000769	0.034316	0.000260	0.908885	0.000166	0.000000	0.000000	0.000000
327	0.054469	0.000725	0.033961	0.000246	0.910452	0.000147	0.000000	0.000000	0.000000
328	0.053592	0.000720	0.033476	0.000254	0.911798	0.000160	0.000000	0.000000	0.000000
329	0.052723	0.000695	0.032904	0.000273	0.913246	0.000159	0.000000	0.000000	0.000000
330	0.051585	0.000695	0.032537	0.000272	0.914763	0.000148	0.000000	0.000000	0.000000
331	0.050511	0.000691	0.032222	0.000266	0.916175	0.000135	0.000000	0.000000	0.000000
332	0.049675	0.000667	0.031689	0.000298	0.917546	0.000125	0.000000	0.000000	0.000000
333	0.048866	0.000643	0.031107	0.000294	0.918961	0.000129	0.000000	0.000000	0.000000
334	0.047722	0.000647	0.030668	0.000310	0.920515	0.000138	0.000000	0.000000	0.000000
335	0.046911	0.000665	0.030245	0.000323	0.921719	0.000137	0.000000	0.000000	0.000000
336	0.046202	0.000638	0.029546	0.000310	0.923164	0.000140	0.000000	0.000000	0.000000
337	0.045446	0.000617	0.029130	0.000307	0.924356	0.000144	0.000000	0.000000	0.000000
338	0.044864	0.000620	0.028417	0.000336	0.925621	0.000142	0.000000	0.000000	0.000000
339	0.044024	0.000648	0.027882	0.000316	0.926990	0.000140	0.000000	0.000000	0.000000
340	0.043184	0.000631	0.027499	0.000305	0.928255	0.000126	0.000000	0.000000	0.000000
341	0.042534	0.000587	0.026915	0.000299	0.929534	0.000131	0.000000	0.000000	0.000000
342	0.041611	0.000526	0.026474	0.000304	0.930957	0.000128	0.000000	0.000000	0.000000
343	0.040944	0.000529	0.025977	0.000300	0.932116	0.000134	0.000000	0.000000	0.000000
344	0.040199	0.000531	0.025488	0.000276	0.933363	0.000143	0.000000	0.000000	0.000000
345	0.039513	0.000523	0.025062	0.000264	0.934490	0.000148	0.000000	0.000000	0.000000
346	0.039015	0.000502	0.024602	0.000251	0.935498	0.000132	0.000000	0.000000	0.000000
347	0.038217	0.000468	0.024293	0.000235	0.936642	0.000145	0.000000	0.000000	0.000000
348	0.037593	0.000445	0.023811	0.000242	0.937763	0.000146	0.000000	0.000000	0.000000
349	0.036897	0.000444	0.023352	0.000235	0.938925	0.000147	0.000000	0.000000	0.000000
350	0.036575	0.000421	0.022965	0.000231	0.939662	0.000146	0.000000	0.000000	0.000000
351	0.035617	0.000408	0.022640	0.000215	0.940984	0.000136	0.000000	0.000000	0.000000
352	0.034853	0.000412	0.022421	0.000220	0.941959	0.000135	0.000000	0.000000	0.000000
353	0.034088	0.000398	0.022111	0.000194	0.943067	0.000142	0.000000	0.000000	0.000000
354	0.033566	0.000378	0.021614	0.000193	0.944118	0.000131	0.000000	0.000000	0.000000
355	0.032819	0.000344	0.021429	0.000194	0.945077	0.000137	0.000000	0.000000	0.000000
356	0.032252	0.000366	0.021066	0.000207	0.945972	0.000137	0.000000	0.000000	0.000000
357	0.031821	0.000377	0.020688	0.000206	0.946777	0.000131	0.000000	0.000000	0.000000
358	0.031168	0.000371	0.020307	0.000210	0.947826	0.000118	0.000000	0.000000	0.000000
359	0.030496	0.000367	0.020018	0.000194	0.948799	0.000126	0.000000	0.000000	0.000000
360	0.030058	0.000340	0.019373	0.000188	0.949921	0.000120	0.000000	0.000000	0.000000
361	0.029482	0.000314	0.019224	0.000204	0.950646	0.000130	0.000000	0.000000	0.000000
362	0.029009	0.000298	0.018789	0.000206	0.951569	0.000129	0.000000	0.000000	0.000000
363	0.028722	0.000283	0.018378	0.000202	0.952261	0.000154	0.000000	0.000000	0.000000
364	0.028079	0.000271	0.018157	0.000179	0.953167	0.000147	0.000000	0.000000	0.000000
365	0.027513	0.000281	0.017962	0.000176	0.953926	0.000142	0.000000	0.000000	0.000000
366	0.027026	0.000280	0.017473	0.000175	0.954915	0.000131	0.000000	0.000000	0.000000
367	0.026642	0.000265	0.017102	0.000176	0.955685	0.000130	0.000000	0.000000	0.000000
368	0.026088	0.000250	0.016762	0.000191	0.956567	0.000142	0.000000	0.000000	0.000000
369	0.025710	0.000218	0.016526	0.000191	0.957241	0.000114	0.000000	0.000000	0.000000
370	0.025342	0.000219	0.016050	0.000176	0.958103	0.000110	0.000000	0.000000	0.000000
371	0.024756	0.000210	0.015845	0.000176	0.958900	0.000113	0.000000	0.000000	0.000000
372	0.024158	0.000206	0.015539	0.000172	0.959810	0.000115	0.000000	0.000000	0.000000
373	0.023698	0.000209	0.015269	0.000161	0.960543	0.000120	0.000000	0.000000	0.000000
374	0.023228	0.000200	0.015116	0.000171	0.961159	0.000126	0.000000	0.000000	0.000000
375	0.022740	0.000183	0.014970	0.000154	0.961841	0.000112	0.000000	0.000000	0.000000
376	0.022351	0.000173	0.014716	0.000158	0.962475	0.000127	0.000000	0.000000	0.000000
377	0.021872	0.000179	0.014352	0.000155	0.963337	0.000105	0.000000	0.000000	0.000000
378	0.021659	0.000160	0.014151	0.000137	0.963778	0.000115	0.000000	0.000000	0.000000
379	0.021312	0.000171	0.013785	0.000135	0.964479	0.000118	0.000000	0.000000	0.000000
380	0.020736	0.000146	0.013707	0.000144	0.965154	0.000113	0.000000	0.000000	0.000000
381	0.020459	0.000131	0.013325	0.000156	0.965803	0.000126	0.000000	0.000000	0.000000
382	0.019879	0.000130	0.013096	0.000152	0.966621	0.000122	0.000000	0.000000	0.000000
383	0.019643	0.000129	0.012723	0.000145	0.967242	0.000118	0.000000	0.000000	0.000000
384	0.019197	0.000132	0.012443	0.000139	0.967970	0.000119	0.000000	0.000000	0.000000
385	0.018779	0.000129	0.012142	0.000126	0.968700	0.000124	0.000000	0.000000	0.000000
386	0.018458	0.000148	0.011855	0.000115	0.969302	0.000122	0.000000	0.000000	0.000000
387	0.018041	0.000147	0.011727	0.000117	0.969860	0.000108	0.000000	0.000000	0.000000
388	0.017717	0.000153	0.011409	0.000127	0.970468	0.000126	0.000000	0.000000	0.000000
389	0.017327	0.000142	0.011111	0.000118	0.971191	0.000111	0.000000	0.000000	0.000000
390	0.016946	0.000139	0.010910	0.000120	0.971778	0.000107	0.000000	0.000000	0.000000
391	0.016558	0.000145	0.010669	0.000106	0.972410	0.000112	0.000000	0.000000	0.000000
392	0.016050	0.000142	0.010531	0.000096	0.973071	0.000110	0.000000	0.000000	0.000000
393	0.015937	0.000139	0.010352	0.000090	0.973371	0.000111	0.000000	0.000000	0.000000
394	0.015588	0.000125	0.010145	0.000097	0.973947	0.000098	0.000000	0.000000	0.000000
395	0.015282	0.000133	0.010028	0.000106	0.974342	0.000109	0.000000	0.000000	0.000000
396	0.014961	0.000130	0.009943	0.000113	0.974739	0.000114	0.000000	0.000000	0.000000
397	0.014642	0.000132	0.009714	0.000110	0.975309	0.000093	0.000000	0.000000	0.000000
398	0.014242	0.000147	0.009486	0.000114	0.975907	0.000104	0.000000	0.000000	0.000000
399	0.013909	0.000135	0.009353	0.000116	0.976378	0.000109	0.000000	0.000000	0.000000
400	0.013700	0.000143	0.009169	0.000122	0.976763	0.000103	0.000000	0.000000	0.000000
401	0.013418	0.000136	0.008948	0.000121	0.977281	0.000096	0.000000	0.000000	0.000000
402	0.013145	0.000137	0.008727	0.000135	0.977758	0.000098	0.000000	0.000000	0.000000
403	0.013008	0.000140	0.008540	0.000124	0.978094	0.000094	0.000000	0.000000	0.000000
404	0.012780	0.000138	0.008435	0.000125	0.978425	0.000097	0.000000	0.000000	0.000000
405	0.012589	0.000137	0.008338	0.000123	0.978720	0.000093	0.000000	0.000000	0.000000
406	0.012311	0.000133	0.008243	0.000134	0.979085	0.000094	0.000000	0.000000	0.000000
407	0.011952	0.000145	0.008117	0.000125	0.979571	0.000090	0.000000	0.000000	0.000000
408	0.011765	0.000140	0.007964	0.000124	0.979910	0.000097	0.000000	0.000000	0.000000
409	0.011566	0.000140	0.007775	0.000107	0.980319	0.000093	0.000000	0.000000	0.000000
410	0.011166	0.000148	0.007655	0.000105	0.980842	0.000084	0.000000	0.000000	0.000000
411	0.010917	0.000149	0.007483	0.000116	0.981251	0.000084	0.000000	0.000000	0.000000
412	0.010730	0.000159	0.007327	0.000136	0.981554	0.000094	0.000000	0.000000	0.000000
413	0.010559	0.000154	0.007288	0.000128	0.981772	0.000099	0.000000	0.000000	0.000000
414	0.010317	0.000164	0.007156	0.000133	0.982136	0.000094	0.000000	0.000000	0.000000
415	0.010069	0.000158	0.007046	0.000129	0.982502	0.000096	0.000000	0.000000	0.000000
416	0.009761	0.000148	0.006886	0.000130	0.982983	0.000092	0.000000	0.000000	0.000000
417	0.009540	0.000156	0.006736	0.000135	0.983339	0.000094	0.000000	0.000000	0.000000
418	0.009261	0.000148	0.006638	0.000123	0.983745	0.000085	0.000000	0.000000	0.000000
419	0.008939	0.000157	0.006524	0.000134	0.984156	0.000090	0.000000	0.000000	0.000000
420	0.008832	0.000152	0.006372	0.000155	0.984406	0.000083	0.000000	0.000000	0.000000
421	0.008599	0.000154	0.006326	0.000161	0.984672	0.000088	0.000000	0.000000	0.000000
422	0.008390	0.000154	0.006047	0.000160	0.985156	0.000093	0.000000	0.000000	0.000000
423	0.008135	0.000152	0.005920	0.000163	0.985531	0.000099	0.000000	0.000000	0.000000
424	0.007926	0.000150	0.005875	0.000143	0.985830	0.000076	0.000000	0.000000	0.000000
425	0.007702	0.000141	0.005772	0.000151	0.986147	0.000087	0.000000	0.000000	0.000000
426	0.007497	0.000161	0.005748	0.000134	0.986379	0.000081	0.000000	0.000000	0.000000
427	0.007395	0.000164	0.005510	0.000145	0.986704	0.000082	0.000000	0.000000	0.000000
428	0.007291	0.000159	0.005423	0.000154	0.986890	0.000083	0.000000	0.000000	0.000000
429	0.007081	0.000162	0.005338	0.000154	0.987183	0.000082	0.000000	0.000000	0.000000
430	0.006761	0.000155	0.005298	0.000169	0.987533	0.000084	0.000000	0.000000	0.000000
431	0.006691	0.000152	0.005125	0.000161	0.987791	0.000080	0.000000	0.000000	0.000000
432	0.006483	0.000149	0.005035	0.000153	0.988099	0.000081	0.000000	0.000000	0.000000
433	0.006248	0.000146	0.004937	0.000168	0.988424	0.000077	0.000000	0.000000	0.000000
434	0.006045	0.000148	0.004877	0.000173	0.988690	0.000067	0.000000	0.000000	0.000000
435	0.005998	0.000144	0.004791	0.000175	0.988843	0.000049	0.000000	0.000000	0.000000
436	0.005841	0.000133	0.004638	0.000160	0.989173	0.000055	0.000000	0.000000	0.000000
437	0.005684	0.000124	0.004531	0.000169	0.989428	0.000064	0.000000	0.000000	0.000000
438	0.005508	0.000128	0.004421	0.000170	0.989707	0.000066	0.000000	0.000000	0.000000
439	0.005385	0.000142	0.004262	0.000156	0.989979	0.000076	0.000000	0.000000	0.000000
440	0.005225	0.000136	0.004134	0.000155	0.990277	0.000073	0.000000	0.000000	0.000000
441	0.005108	0.000130	0.003966	0.000139	0.990599	0.000058	0.000000	0.000000	0.000000
442	0.005004	0.000139	0.003895	0.000136	0.990768	0.000058	0.000000	0.000000	0.000000
443	0.004827	0.000133	0.003826	0.000135	0.991022	0.000057	0.000000	0.000000	0.000000
444	0.004732	0.000131	0.003740	0.000144	0.991197	0.000056	0.000000	0.000000	0.000000
445	0.004569	0.000143	0.003651	0.000146	0.991440	0.000051	0.000000	0.000000	0.000000
446	0.004461	0.000138	0.003583	0.000145	0.991632	0.000041	0.000000	0.000000	0.000000
447	0.004376	0.000151	0.003463	0.000151	0.991809	0.000050	0.000000	0.000000	0.000000
448	0.004275	0.000159	0.003376	0.000143	0.991993	0.000054	0.000000	0.000000	0.000000
449	0.004153	0.000155	0.003337	0.000133	0.992170	0.000052	0.000000	0.000000	0.000000
450	0.004015	0.000163	0.003277	0.000153	0.992346	0.000046	0.000000	0.000000	0.000000
451	0.003918	0.000165	0.003212	0.000157	0.992498	0.000050	0.000000	0.000000	0.000000
452	0.003763	0.000164	0.003109	0.000157	0.992769	0.000038	0.000000	0.000000	0.000000
453	0.003683	0.000163	0.003028	0.000155	0.992913	0.000058	0.000000	0.000000	0.000000
454	0.003635	0.000156	0.002908	0.000155	0.993091	0.000055	0.000000	0.000000	0.000000
455	0.003567	0.000148	0.002857	0.000143	0.993225	0.000060	0.000000	0.000000	0.000000
456	0.003508	0.000142	0.002810	0.000146	0.993332	0.000062	0.000000	0.000000	0.000000
457	0.003452	0.000143	0.002719	0.000142	0.993487	0.000057	0.000000	0.000000	0.000000
458	0.003384	0.000148	0.002609	0.000143	0.993662	0.000054	0.000000	0.000000	0.000000
459	0.003391	0.000156	0.002542	0.000139	0.993707	0.000065	0.000000	0.000000	0.000000
460	0.003239	0.000164	0.002497	0.000134	0.993905	0.000061	0.000000	0.000000	0.000000
461	0.003204	0.000176	0.002387	0.000138	0.994038	0.000057	0.000000	0.000000	0.000000
462	0.003124	0.000150	0.002344	0.000141	0.994178	0.000063	0.000000	0.000000	0.000000
463	0.003018	0.000141	0.002316	0.000145	0.994313	0.000067	0.000000	0.000000	0.000000
464	0.003001	0.000127	0.002226	0.000140	0.994437	0.000069	0.000000	0.000000	0.000000
465	0.002894	0.000123	0.002147	0.000132	0.994643	0.000061	0.000000	0.000000	0.000000
466	0.002844	0.000111	0.002127	0.000135	0.994716	0.000067	0.000000	0.000000	0.000000
467	0.002840	0.000103	0.002109	0.000132	0.994750	0.000066	0.000000	0.000000	0.000000
468	0.002768	0.000094	0.002043	0.000144	0.994895	0.000056	0.000000	0.000000	0.000000
469	0.002718	0.000090	0.002017	0.000147	0.994969	0.000059	0.000000	0.000000	0.000000
470	0.002620	0.000093	0.001997	0.000141	0.995101	0.000048	0.000000	0.000000	0.000000
