0	0.290663	0.057897	0.229473	0.157588	0.029913	0.111872	0.085455	0.012259	0.024880
1	0.238423	0.048997	0.205819	0.138255	0.028325	0.119886	0.112061	0.021663	0.086571
2	0.244363	0.049568	0.209439	0.132241	0.028668	0.115126	0.107201	0.020815	0.092579
3	0.256479	0.051048	0.213424	0.126784	0.028864	0.108880	0.099910	0.019270	0.095341
4	0.269293	0.052491	0.217399	0.121648	0.029440	0.102366	0.092556	0.017723	0.097084
5	0.282202	0.053769	0.220537	0.116867	0.029933	0.095221	0.085940	0.016236	0.099295
6	0.295328	0.054734	0.223037	0.112375	0.030612	0.088682	0.079480	0.014829	0.100923
7	0.308627	0.055316	0.224514	0.107558	0.031377	0.082942	0.073898	0.013438	0.102330
8	0.321495	0.056355	0.225511	0.102859	0.032055	0.077181	0.068185	0.012561	0.103798
9	0.333692	0.057146	0.225356	0.098660	0.033009	0.072078	0.063460	0.011375	0.105224
10	0.346177	0.057559	0.226207	0.093872	0.033667	0.066685	0.058697	0.010273	0.106863
11	0.358510	0.057538	0.225559	0.089378	0.034810	0.061830	0.054466	0.009592	0.108317
12	0.370306	0.057740	0.225423	0.085357	0.035361	0.057271	0.050321	0.008645	0.109576
13	0.381802	0.057681	0.224404	0.081246	0.036213	0.052943	0.047161	0.007983	0.110567
14	0.392400	0.058104	0.223693	0.077436	0.037029	0.049287	0.043598	0.007410	0.111043
15	0.402566	0.058135	0.222385	0.073620	0.038140	0.045899	0.040502	0.006862	0.111891
16	0.413523	0.058512	0.221073	0.069577	0.039266	0.042354	0.036990	0.006283	0.112422
17	0.423343	0.058235	0.219977	0.065937	0.040381	0.039162	0.034529	0.005830	0.112606
18	0.432287	0.058161	0.217779	0.062622	0.041408	0.036355	0.032164	0.005417	0.113807
19	0.440922	0.057830	0.216262	0.059789	0.042488	0.033434	0.029790	0.004944	0.114541
20	0.449189	0.058164	0.214117	0.056728	0.043509	0.031109	0.027729	0.004606	0.114849
21	0.457520	0.057962	0.212087	0.053726	0.044784	0.028698	0.025651	0.004356	0.115216
22	0.466062	0.057846	0.209230	0.051198	0.045613	0.026471	0.023943	0.003987	0.115650
23	0.473773	0.057049	0.206962	0.048727	0.047127	0.024547	0.022119	0.003720	0.115976
24	0.481156	0.056920	0.204330	0.046331	0.048489	0.022631	0.020698	0.003406	0.116039
25	0.488301	0.056595	0.201740	0.044227	0.049978	0.021132	0.019046	0.003129	0.115852
26	0.495188	0.056647	0.199221	0.042088	0.051374	0.019675	0.017749	0.002843	0.115215
27	0.502238	0.056339	0.196555	0.039969	0.052823	0.018285	0.016514	0.002606	0.114671
28	0.509214	0.056126	0.193270	0.038014	0.054516	0.017093	0.015430	0.002352	0.113985
29	0.515992	0.055527	0.189962	0.036299	0.056402	0.015984	0.014356	0.002236	0.113242
30	0.522271	0.054962	0.187410	0.034578	0.058062	0.014931	0.013285	0.002086	0.112415
31	0.527859	0.054559	0.184971	0.032991	0.059684	0.013887	0.012214	0.001923	0.111912
32	0.532962	0.054233	0.182172	0.031622	0.061380	0.013177	0.011508	0.001741	0.111205
33	0.538963	0.053680	0.179574	0.030219	0.063180	0.012329	0.010575	0.001609	0.109871
34	0.544233	0.053742	0.176359	0.028991	0.065009	0.011656	0.009788	0.001473	0.108749
35	0.549716	0.053306	0.173974	0.027864	0.066692	0.010917	0.009023	0.001386	0.107122
36	0.555057	0.052811	0.170441	0.026833	0.068650	0.010209	0.008487	0.001317	0.106195
37	0.559739	0.052570	0.168493	0.025646	0.070278	0.009574	0.007852	0.001164	0.104684
38	0.564300	0.052247	0.165736	0.024537	0.072427	0.008937	0.007372	0.001046	0.103398
39	0.569157	0.051510	0.163274	0.023516	0.074532	0.008588	0.006750	0.000944	0.101729
40	0.573726	0.051068	0.160578	0.022442	0.076861	0.008052	0.006186	0.000869	0.100218
41	0.577805	0.050508	0.157586	0.021799	0.079223	0.007833	0.005743	0.000794	0.098709
42	0.581953	0.049870	0.155622	0.020827	0.081126	0.007464	0.005262	0.000735	0.097141
43	0.585755	0.049387	0.153187	0.019832	0.083629	0.006957	0.004907	0.000657	0.095689
44	0.589090	0.048806	0.150887	0.019277	0.085956	0.006568	0.004596	0.000590	0.094230
45	0.593031	0.048593	0.148324	0.018522	0.088262	0.006331	0.004223	0.000556	0.092158
46	0.596163	0.048166	0.145797	0.017828	0.091023	0.005931	0.003978	0.000524	0.090590
47	0.599235	0.047786	0.143604	0.017241	0.093960	0.005726	0.003529	0.000498	0.088421
48	0.602311	0.047259	0.141714	0.016669	0.096573	0.005397	0.003328	0.000436	0.086313
49	0.605290	0.046979	0.139347	0.016018	0.099267	0.005144	0.003155	0.000397	0.084403
50	0.608695	0.046327	0.137180	0.015470	0.101998	0.004875	0.002869	0.000380	0.082206
51	0.610369	0.046105	0.135709	0.015036	0.104585	0.004642	0.002597	0.000377	0.080580
52	0.613435	0.045521	0.133445	0.014471	0.107580	0.004426	0.002467	0.000338	0.078317
53	0.615985	0.045079	0.131539	0.014195	0.110102	0.004129	0.002302	0.000338	0.076331
54	0.618607	0.044661	0.129852	0.013752	0.112958	0.003958	0.002066	0.000322	0.073824
55	0.621156	0.043913	0.127676	0.013366	0.115931	0.003840	0.001925	0.000288	0.071905
56	0.623319	0.043228	0.126032	0.013066	0.118910	0.003646	0.001755	0.000239	0.069805
57	0.625408	0.043005	0.123718	0.012591	0.121873	0.003534	0.001608	0.000196	0.068067
58	0.627044	0.042536	0.122007	0.012223	0.124882	0.003389	0.001445	0.000196	0.066278
59	0.628890	0.042260	0.119711	0.011796	0.128277	0.003282	0.001279	0.000183	0.064322
60	0.629780	0.041832	0.118353	0.011345	0.131755	0.003253	0.001202	0.000153	0.062327
61	0.631300	0.041439	0.117017	0.011065	0.134961	0.002969	0.001138	0.000151	0.059960
62	0.632733	0.041187	0.114802	0.010777	0.138168	0.002898	0.001089	0.000121	0.058225
63	0.633473	0.040729	0.113669	0.010616	0.141317	0.002798	0.000999	0.000115	0.056284
64	0.634786	0.039760	0.112061	0.010296	0.144786	0.002734	0.000943	0.000091	0.054543
65	0.635053	0.039597	0.110877	0.010216	0.148018	0.002667	0.000916	0.000093	0.052563
66	0.635814	0.039181	0.109394	0.009842	0.151462	0.002681	0.000853	0.000088	0.050685
67	0.636536	0.038534	0.108154	0.009510	0.154943	0.002571	0.000793	0.000090	0.048869
68	0.637009	0.037878	0.106657	0.009287	0.158809	0.002518	0.000700	0.000092	0.047050
69	0.637060	0.037448	0.105209	0.009062	0.162374	0.002474	0.000668	0.000077	0.045628
70	0.637188	0.036784	0.103633	0.008965	0.166349	0.002303	0.000586	0.000076	0.044116
71	0.636801	0.036222	0.102644	0.008786	0.170252	0.002238	0.000581	0.000075	0.042401
72	0.636252	0.035679	0.101032	0.008621	0.174477	0.002205	0.000531	0.000082	0.041121
73	0.635959	0.035113	0.099924	0.008295	0.178254	0.002251	0.000514	0.000057	0.039633
74	0.635447	0.034672	0.098738	0.008193	0.182154	0.002190	0.000434	0.000053	0.038119
75	0.634507	0.034141	0.097465	0.008075	0.186622	0.002148	0.000418	0.000050	0.036574
76	0.633947	0.033700	0.096255	0.007845	0.190475	0.002085	0.000390	0.000052	0.035251
77	0.633341	0.033263	0.095056	0.007641	0.194489	0.002055	0.000361	0.000049	0.033745
78	0.632781	0.032639	0.093820	0.007478	0.198422	0.002011	0.000335	0.000036	0.032478
79	0.631772	0.032113	0.092468	0.007372	0.202470	0.001994	0.000314	0.000032	0.031465
80	0.631165	0.031442	0.091335	0.007157	0.206502	0.001926	0.000267	0.000031	0.030175
81	0.629809	0.031057	0.090235	0.006960	0.210782	0.001861	0.000252	0.000022	0.029022
82	0.628164	0.030708	0.089034	0.006848	0.215279	0.001786	0.000213	0.000019	0.027949
83	0.626752	0.029996	0.088197	0.006758	0.219664	0.001723	0.000219	0.000020	0.026671
84	0.625336	0.029450	0.086704	0.006611	0.224210	0.001687	0.000190	0.000017	0.025795
85	0.623385	0.028544	0.086037	0.006457	0.228863	0.001611	0.000161	0.000019	0.024923
86	0.621440	0.028027	0.084895	0.006439	0.233630	0.001557	0.000169	0.000010	0.023833
87	0.618926	0.027843	0.083948	0.006184	0.238699	0.001496	0.000149	0.000006	0.022749
88	0.616883	0.027391	0.082966	0.005994	0.243032	0.001455	0.000177	0.000009	0.022093
89	0.614533	0.026716	0.082291	0.005874	0.247840	0.001436	0.000163	0.000008	0.021139
90	0.612443	0.026124	0.081391	0.005701	0.252699	0.001430	0.000140	0.000005	0.020067
91	0.610131	0.025610	0.080675	0.005580	0.257448	0.001377	0.000129	0.000005	0.019045
92	0.607439	0.025130	0.079937	0.005464	0.262295	0.001326	0.000121	0.000004	0.018284
93	0.605441	0.024483	0.078983	0.005390	0.267040	0.001351	0.000126	0.000004	0.017182
94	0.603340	0.024046	0.077956	0.005317	0.271398	0.001328	0.000106	0.000003	0.016506
95	0.600612	0.023520	0.077144	0.005188	0.276366	0.001311	0.000092	0.000003	0.015764
96	0.597782	0.023125	0.076560	0.005093	0.281079	0.001343	0.000073	0.000002	0.014943
97	0.594817	0.022595	0.076115	0.005101	0.285558	0.001321	0.000075	0.000000	0.014418
98	0.591624	0.022110	0.075525	0.005028	0.290656	0.001282	0.000076	0.000000	0.013699
99	0.588362	0.021764	0.074834	0.004964	0.295667	0.001257	0.000076	0.000000	0.013076
100	0.585185	0.021292	0.074062	0.004915	0.300677	0.001241	0.000072	0.000000	0.012556
101	0.582472	0.020799	0.072945	0.004860	0.305698	0.001187	0.000063	0.000000	0.011976
102	0.579241	0.020479	0.071923	0.004817	0.310911	0.001093	0.000058	0.000000	0.011478
103	0.576052	0.020285	0.071255	0.004734	0.315439	0.001049	0.000053	0.000000	0.011133
104	0.572417	0.019953	0.070475	0.004746	0.320610	0.001035	0.000055	0.000000	0.010709
105	0.569210	0.019419	0.069579	0.004667	0.325766	0.001031	0.000046	0.000000	0.010282
106	0.565285	0.019052	0.069029	0.004612	0.331162	0.001015	0.000043	0.000000	0.009802
107	0.561805	0.018681	0.068033	0.004518	0.336411	0.001030	0.000041	0.000000	0.009481
108	0.558109	0.018410	0.067463	0.004484	0.341423	0.000982	0.000052	0.000000	0.009077
109	0.554822	0.018165	0.066853	0.004442	0.345973	0.000984	0.000041	0.000000	0.008720
110	0.550271	0.017876	0.066539	0.004414	0.351537	0.000955	0.000037	0.000000	0.008371
111	0.546585	0.017189	0.065718	0.004401	0.357207	0.000934	0.000034	0.000000	0.007932
112	0.542811	0.016835	0.064997	0.004227	0.362623	0.000902	0.000030	0.000000	0.007575
113	0.538697	0.016462	0.064475	0.004180	0.367998	0.000920	0.000026	0.000000	0.007242
114	0.534461	0.016146	0.063780	0.004113	0.373590	0.000913	0.000020	0.000000	0.006977
115	0.530327	0.015850	0.063474	0.004098	0.378745	0.000917	0.000027	0.000000	0.006562
116	0.526104	0.015421	0.062806	0.004023	0.384429	0.000909	0.000018	0.000000	0.006290
117	0.522427	0.015226	0.061734	0.003965	0.389522	0.000927	0.000024	0.000000	0.006175
118	0.519068	0.014792	0.061227	0.003892	0.394307	0.000874	0.000016	0.000000	0.005824
119	0.514583	0.014457	0.060793	0.003776	0.399961	0.000874	0.000020	0.000000	0.005536
120	0.510887	0.014183	0.060050	0.003712	0.404947	0.000864	0.000014	0.000000	0.005343
121	0.507014	0.013773	0.059417	0.003697	0.410174	0.000879	0.000005	0.000000	0.005041
122	0.502945	0.013450	0.058744	0.003644	0.415483	0.000847	0.000006	0.000000	0.004881
123	0.498447	0.013183	0.058356	0.003602	0.420918	0.000833	0.000009	0.000000	0.004652
124	0.494529	0.012840	0.057493	0.003566	0.426273	0.000849	0.000005	0.000000	0.004445
125	0.490001	0.012490	0.057201	0.003596	0.431574	0.000880	0.000005	0.000000	0.004253
126	0.485867	0.012210	0.056612	0.003526	0.436781	0.000861	0.000005	0.000000	0.004138
127	0.481338	0.012100	0.055742	0.003570	0.442433	0.000893	0.000005	0.000000	0.003919
128	0.476783	0.011751	0.055132	0.003597	0.448103	0.000865	0.000008	0.000000	0.003761
129	0.473141	0.011420	0.054195	0.003455	0.453406	0.000858	0.000003	0.000000	0.003522
130	0.469038	0.011251	0.053493	0.003426	0.458448	0.000860	0.000004	0.000000	0.003480
131	0.464349	0.011031	0.052963	0.003394	0.464049	0.000844	0.000005	0.000000	0.003365
132	0.459642	0.010808	0.052491	0.003389	0.469594	0.000834	0.000004	0.000000	0.003238
133	0.455383	0.010532	0.051814	0.003393	0.474909	0.000830	0.000003	0.000000	0.003136
134	0.450696	0.010113	0.051566	0.003448	0.480366	0.000836	0.000001	0.000000	0.002974
135	0.446473	0.009899	0.050702	0.003429	0.485763	0.000819	0.000001	0.000000	0.002914
136	0.441720	0.009612	0.050125	0.003395	0.491516	0.000813	0.000003	0.000000	0.002816
137	0.437780	0.009362	0.049241	0.003405	0.496746	0.000819	0.000005	0.000000	0.002642
138	0.432534	0.009311	0.048705	0.003407	0.502687	0.000831	0.000001	0.000000	0.002524
139	0.428253	0.009076	0.047905	0.003360	0.508119	0.000808	0.000002	0.000000	0.002477
140	0.423736	0.008910	0.047260	0.003376	0.513571	0.000760	0.000004	0.000000	0.002383
141	0.419073	0.008722	0.046890	0.003322	0.518987	0.000733	0.000003	0.000000	0.002270
142	0.414452	0.008564	0.046185	0.003365	0.524575	0.000743	0.000004	0.000000	0.002112
143	0.410061	0.008310	0.045865	0.003373	0.529628	0.000724	0.000003	0.000000	0.002036
144	0.406034	0.008094	0.045119	0.003282	0.534783	0.000733	0.000001	0.000000	0.001954
145	0.401598	0.007976	0.044533	0.003254	0.540110	0.000740	0.000000	0.000000	0.001789
146	0.397107	0.007698	0.044130	0.003192	0.545433	0.000738	0.000001	0.000000	0.001701
147	0.392149	0.007467	0.043474	0.003232	0.551185	0.000747	0.000000	0.000000	0.001746
148	0.387743	0.007365	0.043046	0.003226	0.556227	0.000719	0.000001	0.000000	0.001673
149	0.383326	0.007119	0.042497	0.003179	0.561633	0.000718	0.000001	0.000000	0.001527
150	0.378752	0.006952	0.042017	0.003208	0.566857	0.000703	0.000000	0.000000	0.001511
151	0.374404	0.006810	0.041542	0.003141	0.571960	0.000709	0.000001	0.000000	0.001433
152	0.370241	0.006544	0.040749	0.003156	0.577177	0.000722	0.000000	0.000000	0.001411
153	0.366017	0.006345	0.040229	0.003217	0.582111	0.000705	0.000001	0.000000	0.001375
154	0.361637	0.006179	0.039777	0.003216	0.587142	0.000716	0.000000	0.000000	0.001333
155	0.357119	0.006190	0.039459	0.003146	0.592155	0.000674	0.000000	0.000000	0.001257
156	0.352442	0.006137	0.038936	0.003139	0.597490	0.000681	0.000000	0.000000	0.001175
157	0.348445	0.005920	0.038492	0.003187	0.602175	0.000664	0.000000	0.000000	0.001117
158	0.343560	0.005811	0.038009	0.003086	0.607749	0.000671	0.000000	0.000000	0.001114
159	0.338986	0.005739	0.037660	0.003107	0.612778	0.000649	0.000000	0.000000	0.001081
160	0.334241	0.005555	0.037161	0.003088	0.618202	0.000661	0.000000	0.000000	0.001092
161	0.330224	0.005470	0.036874	0.003102	0.622625	0.000642	0.000000	0.000000	0.001063
162	0.326323	0.005441	0.036224	0.003103	0.627235	0.000652	0.000000	0.000000	0.001022
163	0.321950	0.005279	0.035834	0.003112	0.632193	0.000652	0.000000	0.000000	0.000980
164	0.317462	0.005159	0.035555	0.003029	0.637250	0.000608	0.000000	0.000000	0.000937
165	0.312735	0.005026	0.035087	0.003097	0.642522	0.000607	0.000000	0.000000	0.000926
166	0.309117	0.004881	0.034347	0.003137	0.647018	0.000607	0.000000	0.000000	0.000893
167	0.304903	0.004739	0.033844	0.003148	0.651882	0.000587	0.000000	0.000000	0.000897
168	0.300727	0.004526	0.033408	0.003143	0.656823	0.000558	0.000000	0.000000	0.000815
169	0.296478	0.004485	0.032741	0.003117	0.661874	0.000552	0.000000	0.000000	0.000753
170	0.292400	0.004372	0.032241	0.003146	0.666530	0.000545	0.000000	0.000000	0.000766
171	0.288211	0.004218	0.031907	0.003116	0.671297	0.000534	0.000000	0.000000	0.000717
172	0.284345	0.004123	0.031356	0.003116	0.675850	0.000542	0.000000	0.000000	0.000668
173	0.280349	0.004029	0.030694	0.003051	0.680707	0.000545	0.000000	0.000000	0.000625
174	0.276723	0.003861	0.030143	0.003124	0.685003	0.000529	0.000000	0.000000	0.000617
175	0.272583	0.003801	0.029685	0.003109	0.689697	0.000568	0.000000	0.000000	0.000557
176	0.268464	0.003682	0.029377	0.003196	0.694198	0.000543	0.000000	0.000000	0.000540
177	0.264260	0.003604	0.028973	0.003234	0.698903	0.000519	0.000000	0.000000	0.000507
178	0.260162	0.003561	0.028490	0.003230	0.703585	0.000472	0.000000	0.000000	0.000500
179	0.256694	0.003424	0.027909	0.003185	0.707769	0.000497	0.000000	0.000000	0.000522
180	0.252864	0.003286	0.027264	0.003214	0.712345	0.000505	0.000000	0.000000	0.000522
181	0.248973	0.003132	0.027073	0.003166	0.716701	0.000474	0.000000	0.000000	0.000481
182	0.245055	0.003107	0.026549	0.003081	0.721232	0.000489	0.000000	0.000000	0.000487
183	0.241322	0.003017	0.026198	0.003034	0.725526	0.000455	0.000000	0.000000	0.000448
184	0.237759	0.002857	0.025647	0.003052	0.729756	0.000465	0.000000	0.000000	0.000464
185	0.234268	0.002708	0.025112	0.003039	0.733990	0.000469	0.000000	0.000000	0.000414
186	0.230271	0.002680	0.024781	0.003002	0.738391	0.000464	0.000000	0.000000	0.000411
187	0.226527	0.002666	0.024363	0.003035	0.742564	0.000449	0.000000	0.000000	0.000396
188	0.223042	0.002597	0.023927	0.002926	0.746648	0.000462	0.000000	0.000000	0.000398
189	0.219506	0.002524	0.023523	0.002944	0.750670	0.000443	0.000000	0.000000	0.000390
190	0.215883	0.002411	0.023128	0.002992	0.754709	0.000491	0.000000	0.000000	0.000386
191	0.212606	0.002303	0.022676	0.003029	0.758527	0.000488	0.000000	0.000000	0.000371
192	0.209035	0.002202	0.022358	0.003034	0.762549	0.000476	0.000000	0.000000	0.000346
193	0.205580	0.002112	0.021840	0.003013	0.766665	0.000455	0.000000	0.000000	0.000335
194	0.202061	0.002096	0.021276	0.003094	0.770697	0.000446	0.000000	0.000000	0.000330
195	0.198719	0.001996	0.021050	0.003049	0.774366	0.000456	0.000000	0.000000	0.000364
196	0.195330	0.001965	0.020630	0.003031	0.778262	0.000463	0.000000	0.000000	0.000319
197	0.191937	0.001850	0.020447	0.002939	0.782039	0.000481	0.000000	0.000000	0.000307
198	0.189210	0.001778	0.019979	0.003058	0.785232	0.000465	0.000000	0.000000	0.000278
199	0.186332	0.001703	0.019753	0.003093	0.788424	0.000431	0.000000	0.000000	0.000264
200	0.183521	0.001642	0.019377	0.003135	0.791629	0.000442	0.000000	0.000000	0.000254
201	0.180397	0.001585	0.018880	0.003064	0.795389	0.000444	0.000000	0.000000	0.000241
202	0.177297	0.001517	0.018640	0.003007	0.798870	0.000443	0.000000	0.000000	0.000226
203	0.174386	0.001496	0.018281	0.003039	0.802110	0.000463	0.000000	0.000000	0.000225
204	0.171515	0.001406	0.018146	0.003040	0.805211	0.000478	0.000000	0.000000	0.000204
205	0.168545	0.001302	0.017731	0.003012	0.808733	0.000469	0.000000	0.000000	0.000208
206	0.165497	0.001276	0.017427	0.002991	0.812120	0.000478	0.000000	0.000000	0.000211
207	0.162343	0.001178	0.016967	0.003015	0.815812	0.000479	0.000000	0.000000	0.000206
208	0.159713	0.001108	0.016650	0.003005	0.818850	0.000477	0.000000	0.000000	0.000197
209	0.156870	0.001064	0.016434	0.002917	0.822067	0.000463	0.000000	0.000000	0.000185
210	0.153945	0.001026	0.016138	0.002849	0.825425	0.000448	0.000000	0.000000	0.000169
211	0.151472	0.000994	0.015828	0.002876	0.828247	0.000426	0.000000	0.000000	0.000157
212	0.148432	0.001010	0.015444	0.002876	0.831673	0.000423	0.000000	0.000000	0.000142
213	0.145920	0.000980	0.015181	0.002864	0.834502	0.000409	0.000000	0.000000	0.000144
214	0.143122	0.000918	0.014725	0.002888	0.837781	0.000414	0.000000	0.000000	0.000152
215	0.140211	0.000919	0.014517	0.002900	0.840872	0.000428	0.000000	0.000000	0.000153
216	0.137623	0.000861	0.014269	0.002815	0.843878	0.000435	0.000000	0.000000	0.000119
217	0.134744	0.000821	0.014007	0.002829	0.847037	0.000446	0.000000	0.000000	0.000116
218	0.132185	0.000806	0.013646	0.002813	0.850000	0.000440	0.000000	0.000000	0.000110
219	0.129771	0.000759	0.013461	0.002770	0.852678	0.000451	0.000000	0.000000	0.000110
220	0.127294	0.000784	0.013383	0.002779	0.855197	0.000460	0.000000	0.000000	0.000103
221	0.124786	0.000772	0.013072	0.002721	0.858079	0.000479	0.000000	0.000000	0.000091
222	0.122515	0.000699	0.012788	0.002702	0.860728	0.000486	0.000000	0.000000	0.000082
223	0.120207	0.000712	0.012526	0.002670	0.863326	0.000472	0.000000	0.000000	0.000087
224	0.117765	0.000687	0.012282	0.002661	0.866050	0.000478	0.000000	0.000000	0.000077
225	0.115632	0.000646	0.012005	0.002646	0.868509	0.000488	0.000000	0.000000	0.000074
226	0.113321	0.000643	0.011844	0.002659	0.871013	0.000458	0.000000	0.000000	0.000062
227	0.111085	0.000583	0.011675	0.002648	0.873496	0.000465	0.000000	0.000000	0.000048
228	0.108966	0.000546	0.011681	0.002686	0.875580	0.000487	0.000000	0.000000	0.000054
229	0.107026	0.000512	0.011365	0.002659	0.877916	0.000479	0.000000	0.000000	0.000043
230	0.105025	0.000504	0.011189	0.002649	0.880113	0.000483	0.000000	0.000000	0.000037
231	0.102905	0.000483	0.010788	0.002621	0.882665	0.000502	0.000000	0.000000	0.000036
232	0.100894	0.000444	0.010613	0.002610	0.884940	0.000473	0.000000	0.000000	0.000026
233	0.098915	0.000443	0.010511	0.002564	0.887027	0.000506	0.000000	0.000000	0.000034
234	0.096857	0.000444	0.010376	0.002522	0.889248	0.000525	0.000000	0.000000	0.000028
235	0.095332	0.000387	0.010138	0.002581	0.891054	0.000485	0.000000	0.000000	0.000023
236	0.093396	0.000354	0.010007	0.002538	0.893213	0.000468	0.000000	0.000000	0.000024
237	0.091378	0.000333	0.009693	0.002510	0.895575	0.000493	0.000000	0.000000	0.000018
238	0.089222	0.000318	0.009597	0.002487	0.897840	0.000521	0.000000	0.000000	0.000015
239	0.087541	0.000296	0.009375	0.002507	0.899747	0.000521	0.000000	0.000000	0.000013
240	0.085561	0.000292	0.009280	0.002478	0.901833	0.000545	0.000000	0.000000	0.000011
241	0.083790	0.000292	0.009090	0.002450	0.903816	0.000550	0.000000	0.000000	0.000012
242	0.082134	0.000273	0.008840	0.002446	0.905726	0.000572	0.000000	0.000000	0.000009
243	0.080190	0.000292	0.008754	0.002439	0.907759	0.000552	0.000000	0.000000	0.000014
244	0.078494	0.000267	0.008540	0.002433	0.909698	0.000554	0.000000	0.000000	0.000014
245	0.076682	0.000255	0.008376	0.002431	0.911654	0.000589	0.000000	0.000000	0.000013
246	0.075289	0.000236	0.008246	0.002458	0.913170	0.000591	0.000000	0.000000	0.000010
247	0.073829	0.000231	0.008007	0.002467	0.914854	0.000604	0.000000	0.000000	0.000008
248	0.072089	0.000213	0.007835	0.002495	0.916762	0.000600	0.000000	0.000000	0.000006
249	0.070727	0.000193	0.007633	0.002520	0.918329	0.000589	0.000000	0.000000	0.000009
250	0.069040	0.000194	0.007441	0.002572	0.920166	0.000582	0.000000	0.000000	0.000005
251	0.067473	0.000192	0.007411	0.002592	0.921748	0.000581	0.000000	0.000000	0.000003
252	0.066018	0.000186	0.007221	0.002576	0.923398	0.000597	0.000000	0.000000	0.000004
253	0.064383	0.000173	0.007059	0.002582	0.925210	0.000590	0.000000	0.000000	0.000003
254	0.063064	0.000164	0.006913	0.002584	0.926685	0.000586	0.000000	0.000000	0.000004
255	0.061495	0.000167	0.006713	0.002640	0.928436	0.000545	0.000000	0.000000	0.000004
256	0.060061	0.000191	0.006495	0.002665	0.930025	0.000558	0.000000	0.000000	0.000005
257	0.058746	0.000174	0.006353	0.002642	0.931523	0.000560	0.000000	0.000000	0.000002
258	0.057520	0.000171	0.006287	0.002603	0.932872	0.000544	0.000000	0.000000	0.000003
259	0.056069	0.000160	0.006212	0.002627	0.934414	0.000515	0.000000	0.000000	0.000003
260	0.054787	0.000156	0.006038	0.002604	0.935892	0.000523	0.000000	0.000000	0.000000
261	0.053251	0.000154	0.005991	0.002593	0.937485	0.000524	0.000000	0.000000	0.000002
262	0.051914	0.000157	0.005869	0.002639	0.938880	0.000540	0.000000	0.000000	0.000001
263	0.050599	0.000133	0.005709	0.002626	0.940367	0.000566	0.000000	0.000000	0.000000
264	0.049518	0.000132	0.005637	0.002673	0.941491	0.000548	0.000000	0.000000	0.000001
265	0.048201	0.000119	0.005500	0.002710	0.942930	0.000540	0.000000	0.000000	0.000000
266	0.047192	0.000118	0.005436	0.002706	0.943974	0.000574	0.000000	0.000000	0.000000
267	0.045955	0.000124	0.005313	0.002686	0.945396	0.000526	0.000000	0.000000	0.000000
268	0.044849	0.000115	0.005192	0.002689	0.946641	0.000514	0.000000	0.000000	0.000000
269	0.043902	0.000113	0.005024	0.002724	0.947694	0.000543	0.000000	0.000000	0.000000
270	0.042848	0.000111	0.004928	0.002679	0.948907	0.000527	0.000000	0.000000	0.000000
271	0.041845	0.000103	0.004785	0.002680	0.950053	0.000534	0.000000	0.000000	0.000000
272	0.040978	0.000099	0.004687	0.002636	0.951043	0.000557	0.000000	0.000000	0.000000
273	0.040192	0.000080	0.004596	0.002635	0.951965	0.000532	0.000000	0.000000	0.000000
274	0.039337	0.000067	0.004449	0.002572	0.952995	0.000580	0.000000	0.000000	0.000000
275	0.038243	0.000064	0.004383	0.002526	0.954219	0.000565	0.000000	0.000000	0.000000
276	0.037482	0.000059	0.004234	0.002546	0.955123	0.000556	0.000000	0.000000	0.000000
277	0.036546	0.000059	0.004199	0.002506	0.956124	0.000566	0.000000	0.000000	0.000000
278	0.035659	0.000047	0.004155	0.002552	0.957020	0.000567	0.000000	0.000000	0.000000
279	0.034862	0.000043	0.004047	0.002655	0.957814	0.000579	0.000000	0.000000	0.000000
280	0.034080	0.000051	0.003960	0.002666	0.958670	0.000573	0.000000	0.000000	0.000000
281	0.033214	0.000046	0.003864	0.002647	0.959659	0.000570	0.000000	0.000000	0.000000
282	0.032448	0.000040	0.003739	0.002681	0.960532	0.000560	0.000000	0.000000	0.000000
283	0.031579	0.000040	0.003663	0.002694	0.961475	0.000549	0.000000	0.000000	0.000000
284	0.030709	0.000032	0.003604	0.002683	0.962436	0.000536	0.000000	0.000000	0.000000
285	0.030044	0.000036	0.003571	0.002666	0.963122	0.000561	0.000000	0.000000	0.000000
286	0.029378	0.000027	0.003472	0.002633	0.963923	0.000567	0.000000	0.000000	0.000000
287	0.028647	0.000021	0.003322	0.002567	0.964882	0.000561	0.000000	0.000000	0.000000
288	0.027829	0.000019	0.003240	0.002541	0.965840	0.000531	0.000000	0.000000	0.000000
289	0.027059	0.000020	0.003200	0.002495	0.966711	0.000515	0.000000	0.000000	0.000000
290	0.026404	0.000014	0.003165	0.002459	0.967464	0.000494	0.000000	0.000000	0.000000
291	0.025763	0.000019	0.003140	0.002408	0.968190	0.000480	0.000000	0.000000	0.000000
292	0.025027	0.000011	0.003071	0.002372	0.969043	0.000476	0.000000	0.000000	0.000000
293	0.024425	0.000007	0.003062	0.002373	0.969664	0.000469	0.000000	0.000000	0.000000
294	0.023835	0.000006	0.002981	0.002337	0.970375	0.000466	0.000000	0.000000	0.000000
295	0.023242	0.000007	0.002893	0.002322	0.971052	0.000484	0.000000	0.000000	0.000000
296	0.022705	0.000005	0.002773	0.002310	0.971719	0.000488	0.000000	0.000000	0.000000
297	0.022081	0.000004	0.002692	0.002309	0.972443	0.000471	0.000000	0.000000	0.000000
298	0.021554	0.000004	0.002602	0.002314	0.973059	0.000467	0.000000	0.000000	0.000000
299	0.020839	0.000005	0.002509	0.002304	0.973848	0.000495	0.000000	0.000000	0.000000
300	0.020394	0.000004	0.002449	0.002247	0.974405	0.000501	0.000000	0.000000	0.000000
301	0.019832	0.000002	0.002384	0.002218	0.975064	0.000500	0.000000	0.000000	0.000000
302	0.019348	0.000001	0.002310	0.002197	0.975620	0.000524	0.000000	0.000000	0.000000
303	0.018900	0.000002	0.002224	0.002154	0.976172	0.000548	0.000000	0.000000	0.000000
304	0.018358	0.000001	0.002178	0.002081	0.976856	0.000526	0.000000	0.000000	0.000000
305	0.017833	0.000003	0.002116	0.002096	0.977446	0.000506	0.000000	0.000000	0.000000
306	0.017267	0.000002	0.002103	0.002035	0.978070	0.000523	0.000000	0.000000	0.000000
307	0.016758	0.000001	0.002017	0.002024	0.978690	0.000510	0.000000	0.000000	0.000000
308	0.016362	0.000000	0.001969	0.002011	0.979148	0.000510	0.000000	0.000000	0.000000
309	0.015807	0.000000	0.001972	0.001964	0.979723	0.000534	0.000000	0.000000	0.000000
310	0.015392	0.000000	0.001825	0.002026	0.980254	0.000503	0.000000	0.000000	0.000000
311	0.014931	0.000000	0.001827	0.002010	0.980731	0.000501	0.000000	0.000000	0.000000
312	0.014507	0.000000	0.001736	0.002011	0.981229	0.000517	0.000000	0.000000	0.000000
313	0.014092	0.000000	0.001689	0.002073	0.981629	0.000517	0.000000	0.000000	0.000000
314	0.013640	0.000000	0.001653	0.002056	0.982163	0.000488	0.000000	0.000000	0.000000
315	0.013243	0.000000	0.001564	0.002012	0.982667	0.000514	0.000000	0.000000	0.000000
316	0.012881	0.000000	0.001504	0.001991	0.983109	0.000515	0.000000	0.000000	0.000000
317	0.012465	0.000000	0.001433	0.002002	0.983602	0.000498	0.000000	0.000000	0.000000
318	0.012140	0.000000	0.001373	0.002063	0.983950	0.000474	0.000000	0.000000	0.000000
319	0.011847	0.000000	0.001353	0.001975	0.984368	0.000457	0.000000	0.000000	0.000000
320	0.011543	0.000000	0.001322	0.001981	0.984707	0.000447	0.000000	0.000000	0.000000
321	0.011130	0.000000	0.001279	0.001902	0.985255	0.000434	0.000000	0.000000	0.000000
322	0.010910	0.000000	0.001203	0.001905	0.985538	0.000444	0.000000	0.000000	0.000000
323	0.010499	0.000000	0.001183	0.001932	0.985936	0.000450	0.000000	0.000000	0.000000
324	0.010167	0.000000	0.001150	0.001933	0.986303	0.000447	0.000000	0.000000	0.000000
325	0.009953	0.000000	0.001099	0.001901	0.986610	0.000437	0.000000	0.000000	0.000000
326	0.009636	0.000000	0.001059	0.001873	0.986989	0.000443	0.000000	0.000000	0.000000
327	0.009347	0.000000	0.000986	0.001843	0.987366	0.000458	0.000000	0.000000	0.000000
328	0.009081	0.000000	0.000958	0.001838	0.987677	0.000446	0.000000	0.000000	0.000000
329	0.008860	0.000000	0.000931	0.001795	0.987961	0.000453	0.000000	0.000000	0.000000
330	0.008603	0.000000	0.000894	0.001805	0.988245	0.000453	0.000000	0.000000	0.000000
331	0.008286	0.000000	0.000871	0.001714	0.988675	0.000454	0.000000	0.000000	0.000000
332	0.007981	0.000000	0.000795	0.001731	0.989040	0.000453	0.000000	0.000000	0.000000
333	0.007895	0.000000	0.000801	0.001709	0.989144	0.000451	0.000000	0.000000	0.000000
334	0.007705	0.000000	0.000723	0.001686	0.989409	0.000477	0.000000	0.000000	0.000000
335	0.007401	0.000000	0.000678	0.001618	0.989840	0.000463	0.000000	0.000000	0.000000
336	0.007145	0.000000	0.000649	0.001620	0.990123	0.000463	0.000000	0.000000	0.000000
337	0.006874	0.000000	0.000641	0.001607	0.990381	0.000497	0.000000	0.000000	0.000000
338	0.006649	0.000000	0.000600	0.001622	0.990621	0.000508	0.000000	0.000000	0.000000
339	0.006466	0.000000	0.000563	0.001590	0.990881	0.000500	0.000000	0.000000	0.000000
340	0.006165	0.000000	0.000546	0.001583	0.991187	0.000519	0.000000	0.000000	0.000000
341	0.005963	0.000000	0.000504	0.001568	0.991412	0.000553	0.000000	0.000000	0.000000
342	0.005772	0.000000	0.000477	0.001547	0.991693	0.000511	0.000000	0.000000	0.000000
343	0.005612	0.000000	0.000443	0.001524	0.991922	0.000499	0.000000	0.000000	0.000000
344	0.005476	0.000000	0.000440	0.001511	0.992068	0.000505	0.000000	0.000000	0.000000
345	0.005290	0.000000	0.000432	0.001528	0.992215	0.000535	0.000000	0.000000	0.000000
346	0.005140	0.000000	0.000399	0.001548	0.992383	0.000530	0.000000	0.000000	0.000000
347	0.004946	0.000000	0.000364	0.001555	0.992565	0.000570	0.000000	0.000000	0.000000
348	0.004834	0.000000	0.000332	0.001515	0.992741	0.000578	0.000000	0.000000	0.000000
349	0.004655	0.000000	0.000306	0.001459	0.992975	0.000605	0.000000	0.000000	0.000000
350	0.004431	0.000000	0.000302	0.001456	0.993204	0.000607	0.000000	0.000000	0.000000
351	0.004312	0.000000	0.000269	0.001484	0.993348	0.000587	0.000000	0.000000	0.000000
352	0.004105	0.000000	0.000264	0.001469	0.993574	0.000588	0.000000	0.000000	0.000000
353	0.003978	0.000000	0.000244	0.001475	0.993718	0.000585	0.000000	0.000000	0.000000
354	0.003888	0.000000	0.000251	0.001487	0.993755	0.000619	0.000000	0.000000	0.000000
355	0.003718	0.000000	0.000235	0.001532	0.993920	0.000595	0.000000	0.000000	0.000000
356	0.003547	0.000000	0.000214	0.001512	0.994135	0.000592	0.000000	0.000000	0.000000
357	0.003406	0.000000	0.000212	0.001471	0.994308	0.000603	0.000000	0.000000	0.000000
358	0.003332	0.000000	0.000199	0.001540	0.994335	0.000594	0.000000	0.000000	0.000000
359	0.003312	0.000000	0.000214	0.001507	0.994373	0.000594	0.000000	0.000000	0.000000
360	0.003199	0.000000	0.000192	0.001482	0.994548	0.000579	0.000000	0.000000	0.000000
361	0.003167	0.000000	0.000176	0.001480	0.994617	0.000560	0.000000	0.000000	0.000000
362	0.002994	0.000000	0.000176	0.001503	0.994777	0.000550	0.000000	0.000000	0.000000
363	0.002873	0.000000	0.000146	0.001507	0.994898	0.000576	0.000000	0.000000	0.000000
364	0.002802	0.000000	0.000140	0.001505	0.994962	0.000591	0.000000	0.000000	0.000000
365	0.002784	0.000000	0.000143	0.001529	0.994938	0.000606	0.000000	0.000000	0.000000
366	0.002653	0.000000	0.000145	0.001559	0.995028	0.000615	0.000000	0.000000	0.000000
367	0.002504	0.000000	0.000146	0.001545	0.995181	0.000624	0.000000	0.000000	0.000000
368	0.002408	0.000000	0.000139	0.001487	0.995370	0.000596	0.000000	0.000000	0.000000
369	0.002293	0.000000	0.000147	0.001497	0.995457	0.000606	0.000000	0.000000	0.000000
370	0.002195	0.000000	0.000137	0.001505	0.995543	0.000620	0.000000	0.000000	0.000000
371	0.002173	0.000000	0.000118	0.001543	0.995537	0.000629	0.000000	0.000000	0.000000
372	0.002133	0.000000	0.000114	0.001557	0.995572	0.000624	0.000000	0.000000	0.000000
373	0.002018	0.000000	0.000105	0.001545	0.995707	0.000625	0.000000	0.000000	0.000000
374	0.001910	0.000000	0.000101	0.001481	0.995884	0.000624	0.000000	0.000000	0.000000
375	0.001860	0.000000	0.000086	0.001413	0.995977	0.000664	0.000000	0.000000	0.000000
376	0.001792	0.000000	0.000084	0.001468	0.996002	0.000654	0.000000	0.000000	0.000000
377	0.001735	0.000000	0.000083	0.001424	0.996073	0.000685	0.000000	0.000000	0.000000
378	0.001637	0.000000	0.000082	0.001401	0.996153	0.000727	0.000000	0.000000	0.000000
379	0.001573	0.000000	0.000078	0.001410	0.996228	0.000711	0.000000	0.000000	0.000000
380	0.001533	0.000000	0.000075	0.001406	0.996258	0.000728	0.000000	0.000000	0.000000
381	0.001499	0.000000	0.000075	0.001411	0.996318	0.000697	0.000000	0.000000	0.000000
382	0.001493	0.000000	0.000066	0.001429	0.996302	0.000710	0.000000	0.000000	0.000000
383	0.001476	0.000000	0.000064	0.001444	0.996318	0.000698	0.000000	0.000000	0.000000
384	0.001456	0.000000	0.000057	0.001477	0.996304	0.000706	0.000000	0.000000	0.000000
385	0.001425	0.000000	0.000063	0.001475	0.996346	0.000691	0.000000	0.000000	0.000000
386	0.001368	0.000000	0.000063	0.001495	0.996380	0.000694	0.000000	0.000000	0.000000
387	0.001298	0.000000	0.000059	0.001513	0.996447	0.000683	0.000000	0.000000	0.000000
388	0.001254	0.000000	0.000048	0.001536	0.996485	0.000677	0.000000	0.000000	0.000000
389	0.001238	0.000000	0.000046	0.001487	0.996512	0.000717	0.000000	0.000000	0.000000
390	0.001205	0.000000	0.000052	0.001487	0.996524	0.000732	0.000000	0.000000	0.000000
391	0.001169	0.000000	0.000044	0.001454	0.996596	0.000737	0.000000	0.000000	0.000000
392	0.001156	0.000000	0.000032	0.001473	0.996611	0.000728	0.000000	0.000000	0.000000
393	0.001101	0.000000	0.000032	0.001495	0.996627	0.000745	0.000000	0.000000	0.000000
394	0.001043	0.000000	0.000033	0.001467	0.996689	0.000768	0.000000	0.000000	0.000000
395	0.000993	0.000000	0.000030	0.001486	0.996755	0.000736	0.000000	0.000000	0.000000
396	0.000997	0.000000	0.000026	0.001458	0.996768	0.000751	0.000000	0.000000	0.000000
397	0.000964	0.000000	0.000022	0.001482	0.996797	0.000735	0.000000	0.000000	0.000000
398	0.000908	0.000000	0.000021	0.001488	0.996845	0.000738	0.000000	0.000000	0.000000
399	0.000899	0.000000	0.000024	0.001434	0.996902	0.000741	0.000000	0.000000	0.000000
400	0.000881	0.000000	0.000028	0.001438	0.996921	0.000732	0.000000	0.000000	0.000000
401	0.000838	0.000000	0.000031	0.001486	0.996881	0.000764	0.000000	0.000000	0.000000
402	0.000827	0.000000	0.000028	0.001509	0.996841	0.000795	0.000000	0.000000	0.000000
403	0.000776	0.000000	0.000035	0.001527	0.996821	0.000841	0.000000	0.000000	0.000000
404	0.000718	0.000000	0.000029	0.001517	0.996957	0.000779	0.000000	0.000000	0.000000
405	0.000695	0.000000	0.000034	0.001548	0.996940	0.000783	0.000000	0.000000	0.000000
406	0.000682	0.000000	0.000026	0.001516	0.996945	0.000831	0.000000	0.000000	0.000000
407	0.000635	0.000000	0.000027	0.001523	0.997027	0.000788	0.000000	0.000000	0.000000
408	0.000582	0.000000	0.000023	0.001507	0.997093	0.000795	0.000000	0.000000	0.000000
409	0.000570	0.000000	0.000014	0.001528	0.997096	0.000792	0.000000	0.000000	0.000000
410	0.000541	0.000000	0.000018	0.001563	0.997121	0.000757	0.000000	0.000000	0.000000
411	0.000522	0.000000	0.000013	0.001561	0.997131	0.000773	0.000000	0.000000	0.000000
412	0.000504	0.000000	0.000016	0.001556	0.997120	0.000804	0.000000	0.000000	0.000000
413	0.000484	0.000000	0.000014	0.001557	0.997141	0.000804	0.000000	0.000000	0.000000
414	0.000487	0.000000	0.000016	0.001527	0.997121	0.000849	0.000000	0.000000	0.000000
415	0.000502	0.000000	0.000016	0.001505	0.997076	0.000901	0.000000	0.000000	0.000000
416	0.000480	0.000000	0.000020	0.001544	0.997096	0.000860	0.000000	0.000000	0.000000
417	0.000460	0.000000	0.000026	0.001545	0.997099	0.000870	0.000000	0.000000	0.000000
418	0.000432	0.000000	0.000026	0.001495	0.997181	0.000866	0.000000	0.000000	0.000000
419	0.000432	0.000000	0.000026	0.001525	0.997156	0.000861	0.000000	0.000000	0.000000
420	0.000418	0.000000	0.000025	0.001523	0.997192	0.000842	0.000000	0.000000	0.000000
421	0.000425	0.000000	0.000019	0.001567	0.997151	0.000838	0.000000	0.000000	0.000000
422	0.000422	0.000000	0.000016	0.001566	0.997161	0.000835	0.000000	0.000000	0.000000
423	0.000402	0.000000	0.000019	0.001642	0.997115	0.000822	0.000000	0.000000	0.000000
424	0.000360	0.000000	0.000019	0.001689	0.997102	0.000830	0.000000	0.000000	0.000000
425	0.000352	0.000000	0.000021	0.001654	0.997121	0.000852	0.000000	0.000000	0.000000
426	0.000359	0.000000	0.000021	0.001690	0.997109	0.000821	0.000000	0.000000	0.000000
427	0.000359	0.000000	0.000016	0.001690	0.997089	0.000846	0.000000	0.000000	0.000000
428	0.000333	0.000000	0.000014	0.001662	0.997143	0.000848	0.000000	0.000000	0.000000
429	0.000325	0.000000	0.000016	0.001665	0.997124	0.000870	0.000000	0.000000	0.000000
430	0.000300	0.000000	0.000017	0.001656	0.997200	0.000827	0.000000	0.000000	0.000000
431	0.000301	0.000000	0.000019	0.001601	0.997242	0.000837	0.000000	0.000000	0.000000
432	0.000292	0.000000	0.000021	0.001622	0.997233	0.000832	0.000000	0.000000	0.000000
433	0.000306	0.000000	0.000023	0.001612	0.997214	0.000845	0.000000	0.000000	0.000000
434	0.000280	0.000000	0.000021	0.001554	0.997281	0.000864	0.000000	0.000000	0.000000
435	0.000277	0.000000	0.000018	0.001563	0.997262	0.000880	0.000000	0.000000	0.000000
436	0.000270	0.000000	0.000021	0.001545	0.997317	0.000847	0.000000	0.000000	0.000000
437	0.000252	0.000000	0.000018	0.001531	0.997358	0.000841	0.000000	0.000000	0.000000
438	0.000233	0.000000	0.000016	0.001514	0.997373	0.000864	0.000000	0.000000	0.000000
439	0.000226	0.000000	0.000012	0.001552	0.997332	0.000878	0.000000	0.000000	0.000000
440	0.000224	0.000000	0.000009	0.001539	0.997354	0.000874	0.000000	0.000000	0.000000
441	0.000201	0.000000	0.000008	0.001584	0.997331	0.000876	0.000000	0.000000	0.000000
442	0.000205	0.000000	0.000008	0.001565	0.997354	0.000868	0.000000	0.000000	0.000000
443	0.000204	0.000000	0.000010	0.001569	0.997339	0.000878	0.000000	0.000000	0.000000
444	0.000187	0.000000	0.000007	0.001552	0.997347	0.000907	0.000000	0.000000	0.000000
445	0.000181	0.000000	0.000006	0.001587	0.997337	0.000889	0.000000	0.000000	0.000000
446	0.000179	0.000000	0.000003	0.001605	0.997302	0.000911	0.000000	0.000000	0.000000
447	0.000186	0.000000	0.000002	0.001608	0.997259	0.000945	0.000000	0.000000	0.000000
448	0.000164	0.000000	0.000001	0.001621	0.997279	0.000935	0.000000	0.000000	0.000000
449	0.000164	0.000000	0.000002	0.001614	0.997257	0.000963	0.000000	0.000000	0.000000
450	0.000172	0.000000	0.000002	0.001623	0.997244	0.000959	0.000000	0.000000	0.000000
451	0.000159	0.000000	0.000003	0.001583	0.997334	0.000921	0.000000	0.000000	0.000000
452	0.000156	0.000000	0.000004	0.001603	0.997331	0.000906	0.000000	0.000000	0.000000
453	0.000132	0.000000	0.000005	0.001591	0.997344	0.000928	0.000000	0.000000	0.000000
454	0.000117	0.000000	0.000002	0.001600	0.997378	0.000903	0.000000	0.000000	0.000000
455	0.000101	0.000000	0.000000	0.001616	0.997354	0.000929	0.000000	0.000000	0.000000
456	0.000089	0.000000	0.000000	0.001618	0.997356	0.000937	0.000000	0.000000	0.000000
457	0.000080	0.000000	0.000000	0.001609	0.997402	0.000909	0.000000	0.000000	0.000000
458	0.000073	0.000000	0.000000	0.001641	0.997352	0.000934	0.000000	0.000000	0.000000
459	0.000067	0.000000	0.000000	0.001653	0.997339	0.000941	0.000000	0.000000	0.000000
460	0.000067	0.000000	0.000000	0.001633	0.997379	0.000921	0.000000	0.000000	0.000000
461	0.000058	0.000000	0.000000	0.001697	0.997313	0.000932	0.000000	0.000000	0.000000
462	0.000047	0.000000	0.000000	0.001681	0.997378	0.000894	0.000000	0.000000	0.000000
463	0.000043	0.000000	0.000000	0.001647	0.997438	0.000872	0.000000	0.000000	0.000000
464	0.000039	0.000000	0.000000	0.001695	0.997397	0.000869	0.000000	0.000000	0.000000
465	0.000047	0.000000	0.000000	0.001687	0.997395	0.000871	0.000000	0.000000	0.000000
466	0.000047	0.000000	0.000000	0.001648	0.997466	0.000839	0.000000	0.000000	0.000000
467	0.000042	0.000000	0.000000	0.001676	0.997427	0.000855	0.000000	0.000000	0.000000
468	0.000036	0.000000	0.000000	0.001624	0.997468	0.000872	0.000000	0.000000	0.000000
469	0.000027	0.000000	0.000000	0.001563	0.997523	0.000887	0.000000	0.000000	0.000000
470	0.000020	0.000000	0.000000	0.001607	0.997500	0.000873	0.000000	0.000000	0.000000
