0	0.290663	0.057897	0.229473	0.157588	0.029913	0.111872	0.085455	0.012259	0.024880
1	0.232171	0.047999	0.200227	0.142826	0.028861	0.122113	0.115551	0.022033	0.088219
2	0.232564	0.047164	0.200630	0.138764	0.030105	0.120439	0.113184	0.021570	0.095580
3	0.240224	0.047104	0.202580	0.135173	0.031762	0.116013	0.108329	0.020475	0.098340
4	0.247231	0.046910	0.204338	0.132330	0.033855	0.111900	0.103797	0.018972	0.100667
5	0.256972	0.046348	0.206006	0.129126	0.035991	0.107362	0.098388	0.017294	0.102513
6	0.265376	0.045811	0.207717	0.126698	0.038526	0.102826	0.093142	0.016015	0.103889
7	0.273924	0.045409	0.208768	0.123262	0.041252	0.098507	0.088459	0.014669	0.105750
8	0.282936	0.044511	0.210166	0.120058	0.043868	0.094265	0.083479	0.013570	0.107147
9	0.291261	0.043506	0.211549	0.116702	0.046706	0.090170	0.078685	0.012564	0.108857
10	0.299623	0.042982	0.211936	0.113662	0.049884	0.085850	0.074172	0.011486	0.110405
11	0.307261	0.041938	0.212708	0.110506	0.053115	0.081992	0.070168	0.010563	0.111749
12	0.315825	0.041145	0.212166	0.107611	0.056480	0.077880	0.066088	0.009849	0.112956
13	0.323818	0.040237	0.211990	0.104098	0.059861	0.074338	0.062428	0.008976	0.114254
14	0.331058	0.039344	0.211500	0.101216	0.063563	0.070857	0.058926	0.008269	0.115267
15	0.338316	0.038387	0.210489	0.098448	0.067600	0.067012	0.055707	0.007592	0.116449
16	0.345301	0.037285	0.209884	0.095737	0.071582	0.063700	0.052624	0.006970	0.116917
17	0.352250	0.036445	0.208153	0.092855	0.075759	0.060465	0.049469	0.006498	0.118106
18	0.358032	0.035237	0.206869	0.090457	0.080432	0.058052	0.046468	0.005980	0.118473
19	0.364602	0.034086	0.205363	0.087652	0.085063	0.055346	0.043915	0.005444	0.118529
20	0.369573	0.033113	0.203377	0.085301	0.090152	0.052959	0.041340	0.005028	0.119157
21	0.374995	0.031978	0.201755	0.082844	0.095022	0.050337	0.039113	0.004807	0.119149
22	0.380002	0.030833	0.199758	0.080440	0.100173	0.048210	0.036869	0.004451	0.119264
23	0.384645	0.029785	0.198016	0.078488	0.105818	0.045843	0.034282	0.004080	0.119043
24	0.389283	0.028825	0.195804	0.075941	0.111607	0.043614	0.032438	0.003716	0.118772
25	0.393188	0.027826	0.193719	0.073628	0.117661	0.042078	0.030387	0.003443	0.118070
26	0.397250	0.026951	0.190831	0.072018	0.123729	0.040008	0.028323	0.003176	0.117714
27	0.400435	0.025999	0.188520	0.070263	0.130069	0.037996	0.026797	0.002916	0.117005
28	0.402952	0.025142	0.185856	0.068383	0.137116	0.036629	0.025273	0.002694	0.115955
29	0.405258	0.024429	0.183599	0.066545	0.144136	0.035227	0.023742	0.002472	0.114592
30	0.407148	0.023497	0.180593	0.064694	0.151419	0.033450	0.022109	0.002325	0.114765
31	0.408000	0.022790	0.177878	0.063379	0.159546	0.032404	0.020734	0.002145	0.113124
32	0.409374	0.022151	0.174661	0.061990	0.167153	0.031023	0.019390	0.001999	0.112259
33	0.409914	0.021296	0.171722	0.061056	0.175424	0.029470	0.018109	0.001842	0.111167
34	0.411032	0.020397	0.168896	0.059404	0.183817	0.028073	0.016841	0.001670	0.109870
35	0.411546	0.019854	0.165173	0.058275	0.192562	0.027049	0.015604	0.001530	0.108407
36	0.411337	0.019101	0.161566	0.057045	0.201958	0.025891	0.014532	0.001422	0.107148
37	0.410273	0.018430	0.158275	0.056481	0.210832	0.025351	0.013529	0.001284	0.105545
38	0.408765	0.017581	0.155396	0.055541	0.220923	0.024515	0.012447	0.001186	0.103646
39	0.407412	0.016817	0.152202	0.054706	0.230961	0.023638	0.011664	0.001135	0.101465
40	0.406092	0.016275	0.148495	0.053884	0.241139	0.022744	0.010524	0.000985	0.099862
41	0.403849	0.015492	0.145440	0.053051	0.251781	0.021893	0.009856	0.000908	0.097730
42	0.401495	0.014920	0.142014	0.052468	0.261977	0.021266	0.009024	0.000873	0.095963
43	0.398179	0.014320	0.138838	0.051860	0.272905	0.020494	0.008357	0.000803	0.094244
44	0.395114	0.013593	0.135303	0.051242	0.283932	0.019997	0.007745	0.000748	0.092326
45	0.392103	0.013036	0.131235	0.050670	0.295164	0.019629	0.007254	0.000684	0.090225
46	0.388219	0.012614	0.128467	0.050167	0.306613	0.019190	0.006721	0.000599	0.087410
47	0.385025	0.012010	0.124731	0.049916	0.317976	0.018645	0.006167	0.000555	0.084975
48	0.380613	0.011348	0.121357	0.049533	0.329903	0.018435	0.005647	0.000511	0.082653
49	0.375958	0.010866	0.118140	0.048829	0.342286	0.018063	0.005243	0.000451	0.080164
50	0.371381	0.010438	0.114826	0.048234	0.354528	0.017696	0.004918	0.000433	0.077546
51	0.365936	0.010043	0.111408	0.048255	0.366968	0.017325	0.004480	0.000380	0.075205
52	0.361119	0.009641	0.107728	0.048112	0.379417	0.016916	0.004067	0.000381	0.072619
53	0.355886	0.009216	0.104143	0.048172	0.391434	0.016645	0.003719	0.000374	0.070411
54	0.349606	0.008661	0.101012	0.048193	0.404409	0.016557	0.003368	0.000308	0.067886
55	0.343676	0.008219	0.097614	0.048167	0.416900	0.016421	0.003125	0.000288	0.065590
56	0.337471	0.007785	0.094579	0.048066	0.429746	0.016002	0.002886	0.000246	0.063219
57	0.331499	0.007340	0.091279	0.047634	0.442974	0.015726	0.002651	0.000208	0.060689
58	0.325199	0.006838	0.088195	0.047533	0.456005	0.015590	0.002421	0.000180	0.058039
59	0.318318	0.006534	0.085467	0.047496	0.468995	0.015270	0.002165	0.000169	0.055586
60	0.311230	0.006164	0.082818	0.047667	0.481655	0.014980	0.002011	0.000146	0.053329
61	0.304918	0.005805	0.079551	0.047553	0.494361	0.014911	0.001860	0.000126	0.050915
62	0.298108	0.005524	0.076346	0.047647	0.507168	0.014634	0.001644	0.000111	0.048818
63	0.291113	0.005284	0.072945	0.047714	0.520341	0.014248	0.001488	0.000094	0.046773
64	0.283686	0.005029	0.070366	0.047702	0.533255	0.014380	0.001295	0.000093	0.044194
65	0.276063	0.004721	0.067822	0.047768	0.545913	0.014234	0.001157	0.000078	0.042244
66	0.267861	0.004491	0.065600	0.048050	0.558625	0.014012	0.001052	0.000065	0.040244
67	0.260209	0.004275	0.062887	0.047869	0.571787	0.013982	0.000972	0.000053	0.037966
68	0.252284	0.003995	0.060296	0.047943	0.584853	0.013726	0.000926	0.000051	0.035926
69	0.244953	0.003790	0.057698	0.048063	0.597383	0.013488	0.000806	0.000042	0.033777
70	0.237539	0.003568	0.055232	0.048614	0.608740	0.013460	0.000727	0.000041	0.032079
71	0.229867	0.003293	0.053158	0.048708	0.620527	0.013357	0.000620	0.000037	0.030433
72	0.222780	0.003033	0.050936	0.048834	0.631921	0.013201	0.000566	0.000030	0.028699
73	0.215638	0.002863	0.049000	0.049061	0.642764	0.013237	0.000470	0.000033	0.026934
74	0.208395	0.002679	0.046577	0.048936	0.654149	0.013387	0.000434	0.000019	0.025424
75	0.201384	0.002467	0.044280	0.048967	0.665329	0.013278	0.000377	0.000022	0.023896
76	0.194182	0.002231	0.042140	0.049035	0.676524	0.013235	0.000310	0.000015	0.022328
77	0.186662	0.002104	0.040238	0.049259	0.687305	0.013048	0.000275	0.000015	0.021094
78	0.179370	0.001915	0.037927	0.049275	0.698437	0.013061	0.000237	0.000018	0.019760
79	0.172044	0.001818	0.036310	0.049423	0.708511	0.013115	0.000200	0.000017	0.018562
80	0.165616	0.001687	0.034373	0.049382	0.718410	0.013107	0.000181	0.000016	0.017228
81	0.158550	0.001571	0.032538	0.049316	0.728683	0.013182	0.000152	0.000007	0.016001
82	0.152201	0.001478	0.030887	0.049301	0.738160	0.012919	0.000143	0.000006	0.014905
83	0.145564	0.001380	0.029332	0.049547	0.747264	0.012977	0.000127	0.000011	0.013798
84	0.139214	0.001275	0.027735	0.049455	0.756380	0.013042	0.000126	0.000008	0.012765
85	0.132977	0.001184	0.026298	0.049601	0.765252	0.012879	0.000102	0.000008	0.011699
86	0.127066	0.001080	0.024849	0.049783	0.773275	0.012943	0.000079	0.000006	0.010919
87	0.120916	0.001089	0.023539	0.050097	0.781164	0.012941	0.000079	0.000008	0.010167
88	0.114970	0.000967	0.022117	0.050538	0.788787	0.013210	0.000068	0.000011	0.009332
89	0.109127	0.000872	0.020615	0.050853	0.796566	0.013153	0.000079	0.000008	0.008727
90	0.103847	0.000821	0.019580	0.050482	0.804207	0.013030	0.000061	0.000005	0.007967
91	0.098750	0.000758	0.018310	0.050584	0.811115	0.013121	0.000058	0.000005	0.007299
92	0.093633	0.000714	0.017307	0.050444	0.818067	0.012971	0.000041	0.000004	0.006819
93	0.088980	0.000664	0.016127	0.050376	0.824469	0.012959	0.000026	0.000002	0.006397
94	0.084144	0.000601	0.015279	0.050050	0.831179	0.012908	0.000024	0.000002	0.005813
95	0.079611	0.000565	0.014337	0.050205	0.837043	0.012817	0.000021	0.000003	0.005398
96	0.075127	0.000515	0.013456	0.050443	0.842633	0.012775	0.000012	0.000002	0.005037
97	0.070884	0.000473	0.012763	0.050622	0.847781	0.012869	0.000012	0.000002	0.004594
98	0.066941	0.000440	0.011768	0.050955	0.852678	0.012994	0.000008	0.000004	0.004212
99	0.062978	0.000384	0.010995	0.050994	0.857705	0.013067	0.000008	0.000004	0.003865
100	0.059432	0.000328	0.010193	0.051352	0.862194	0.012949	0.000004	0.000003	0.003545
101	0.055817	0.000292	0.009559	0.051077	0.867028	0.012970	0.000002	0.000005	0.003250
102	0.052676	0.000263	0.009048	0.051471	0.870672	0.012923	0.000001	0.000002	0.002944
103	0.049608	0.000218	0.008430	0.051701	0.874408	0.012977	0.000001	0.000000	0.002657
104	0.046497	0.000189	0.007993	0.051935	0.877949	0.013057	0.000001	0.000000	0.002379
105	0.043750	0.000159	0.007539	0.051846	0.881578	0.012977	0.000000	0.000000	0.002151
106	0.041206	0.000135	0.006976	0.051841	0.884735	0.013160	0.000000	0.000000	0.001947
107	0.038360	0.000103	0.006401	0.051878	0.888284	0.013212	0.000000	0.000000	0.001762
108	0.036107	0.000098	0.005919	0.051999	0.891091	0.013247	0.000000	0.000000	0.001539
109	0.033720	0.000083	0.005569	0.051652	0.894402	0.013205	0.000000	0.000000	0.001369
110	0.031442	0.000061	0.005250	0.051662	0.897027	0.013342	0.000000	0.000000	0.001216
111	0.029307	0.000061	0.004849	0.051744	0.899657	0.013331	0.000000	0.000000	0.001051
112	0.027218	0.000046	0.004453	0.052050	0.902024	0.013287	0.000000	0.000000	0.000922
113	0.025339	0.000044	0.004142	0.052042	0.904114	0.013490	0.000000	0.000000	0.000829
114	0.023535	0.000040	0.003728	0.051781	0.906656	0.013480	0.000000	0.000000	0.000780
115	0.021880	0.000036	0.003481	0.052077	0.908426	0.013396	0.000000	0.000000	0.000704
116	0.020202	0.000038	0.003260	0.052082	0.910247	0.013529	0.000000	0.000000	0.000642
117	0.018751	0.000026	0.003058	0.051887	0.912236	0.013494	0.000000	0.000000	0.000548
118	0.017458	0.000022	0.002746	0.051850	0.913909	0.013538	0.000000	0.000000	0.000477
119	0.016327	0.000017	0.002562	0.051794	0.915437	0.013449	0.000000	0.000000	0.000414
120	0.015110	0.000019	0.002384	0.051743	0.917003	0.013359	0.000000	0.000000	0.000382
121	0.014053	0.000021	0.002128	0.052037	0.918173	0.013246	0.000000	0.000000	0.000342
122	0.013025	0.000016	0.002009	0.052091	0.919252	0.013312	0.000000	0.000000	0.000295
123	0.012030	0.000016	0.001823	0.051821	0.920816	0.013253	0.000000	0.000000	0.000241
124	0.011243	0.000017	0.001690	0.051934	0.921646	0.013232	0.000000	0.000000	0.000238
125	0.010334	0.000014	0.001483	0.051612	0.923035	0.013308	0.000000	0.000000	0.000214
126	0.009653	0.000011	0.001360	0.051454	0.923774	0.013543	0.000000	0.000000	0.000205
127	0.008823	0.000010	0.001269	0.051569	0.924608	0.013536	0.000000	0.000000	0.000185
128	0.008172	0.000009	0.001114	0.051499	0.925471	0.013552	0.000000	0.000000	0.000183
129	0.007459	0.000010	0.000979	0.051295	0.926486	0.013624	0.000000	0.000000	0.000147
130	0.006941	0.000008	0.000886	0.051433	0.926911	0.013688	0.000000	0.000000	0.000133
131	0.006376	0.000003	0.000830	0.051503	0.927387	0.013783	0.000000	0.000000	0.000118
132	0.005926	0.000002	0.000739	0.051413	0.928010	0.013797	0.000000	0.000000	0.000113
133	0.005447	0.000001	0.000699	0.051456	0.928471	0.013825	0.000000	0.000000	0.000101
134	0.005075	0.000000	0.000678	0.051420	0.928766	0.013962	0.000000	0.000000	0.000099
135	0.004697	0.000000	0.000616	0.051634	0.928934	0.014035	0.000000	0.000000	0.000084
136	0.004391	0.000000	0.000612	0.051754	0.929073	0.014102	0.000000	0.000000	0.000068
137	0.004005	0.000000	0.000535	0.051569	0.929742	0.014094	0.000000	0.000000	0.000055
138	0.003631	0.000000	0.000517	0.051549	0.930178	0.014077	0.000000	0.000000	0.000048
139	0.003365	0.000000	0.000466	0.051675	0.930509	0.013931	0.000000	0.000000	0.000054
140	0.003018	0.000000	0.000457	0.051472	0.930853	0.014151	0.000000	0.000000	0.000049
141	0.002686	0.000000	0.000454	0.051287	0.931380	0.014141	0.000000	0.000000	0.000052
142	0.002487	0.000000	0.000452	0.051349	0.931704	0.013965	0.000000	0.000000	0.000043
143	0.002272	0.000000	0.000421	0.051431	0.931781	0.014065	0.000000	0.000000	0.000030
144	0.002104	0.000000	0.000396	0.051360	0.932064	0.014047	0.000000	0.000000	0.000029
145	0.001936	0.000000	0.000366	0.051322	0.932315	0.014031	0.000000	0.000000	0.000030
146	0.001733	0.000000	0.000357	0.051029	0.932866	0.013996	0.000000	0.000000	0.000019
147	0.001572	0.000000	0.000343	0.050899	0.933105	0.014064	0.000000	0.000000	0.000017
148	0.001422	0.000000	0.000332	0.051071	0.933196	0.013970	0.000000	0.000000	0.000009
149	0.001269	0.000000	0.000282	0.051402	0.933136	0.013908	0.000000	0.000000	0.000003
150	0.001147	0.000000	0.000263	0.051357	0.933300	0.013926	0.000000	0.000000	0.000007
151	0.001097	0.000000	0.000256	0.051234	0.933316	0.014092	0.000000	0.000000	0.000005
152	0.001014	0.000000	0.000245	0.051120	0.933575	0.014045	0.000000	0.000000	0.000001
153	0.000922	0.000000	0.000222	0.051108	0.933636	0.014111	0.000000	0.000000	0.000001
154	0.000866	0.000000	0.000222	0.050966	0.933994	0.013951	0.000000	0.000000	0.000001
155	0.000758	0.000000	0.000198	0.051060	0.934155	0.013827	0.000000	0.000000	0.000002
156	0.000689	0.000000	0.000171	0.050944	0.934482	0.013714	0.000000	0.000000	0.000000
157	0.000616	0.000000	0.000173	0.051168	0.934369	0.013674	0.000000	0.000000	0.000000
158	0.000555	0.000000	0.000154	0.051146	0.934441	0.013704	0.000000	0.000000	0.000000
159	0.000511	0.000000	0.000146	0.051229	0.934363	0.013751	0.000000	0.000000	0.000000
160	0.000460	0.000000	0.000141	0.051553	0.934147	0.013699	0.000000	0.000000	0.000000
161	0.000451	0.000000	0.000126	0.051485	0.934248	0.013690	0.000000	0.000000	0.000000
162	0.000430	0.000000	0.000111	0.051297	0.934399	0.013763	0.000000	0.000000	0.000000
163	0.000413	0.000000	0.000110	0.051103	0.934644	0.013730	0.000000	0.000000	0.000000
164	0.000373	0.000000	0.000102	0.051255	0.934565	0.013705	0.000000	0.000000	0.000000
165	0.000363	0.000000	0.000102	0.051234	0.934685	0.013616	0.000000	0.000000	0.000000
166	0.000324	0.000000	0.000094	0.051264	0.934697	0.013621	0.000000	0.000000	0.000000
167	0.000317	0.000000	0.000085	0.051529	0.934478	0.013591	0.000000	0.000000	0.000000
168	0.000272	0.000000	0.000070	0.051488	0.934675	0.013495	0.000000	0.000000	0.000000
169	0.000238	0.000000	0.000050	0.051499	0.934712	0.013501	0.000000	0.000000	0.000000
170	0.000210	0.000000	0.000050	0.051290	0.934899	0.013551	0.000000	0.000000	0.000000
171	0.000205	0.000000	0.000046	0.051260	0.934925	0.013564	0.000000	0.000000	0.000000
172	0.000184	0.000000	0.000040	0.051277	0.934788	0.013711	0.000000	0.000000	0.000000
173	0.000166	0.000000	0.000035	0.051364	0.934711	0.013724	0.000000	0.000000	0.000000
174	0.000150	0.000000	0.000034	0.051308	0.934914	0.013594	0.000000	0.000000	0.000000
175	0.000140	0.000000	0.000025	0.051447	0.934704	0.013684	0.000000	0.000000	0.000000
176	0.000121	0.000000	0.000018	0.051474	0.934749	0.013638	0.000000	0.000000	0.000000
177	0.000119	0.000000	0.000014	0.051549	0.934642	0.013676	0.000000	0.000000	0.000000
178	0.000109	0.000000	0.000013	0.051476	0.934601	0.013801	0.000000	0.000000	0.000000
179	0.000107	0.000000	0.000015	0.051470	0.934631	0.013777	0.000000	0.000000	0.000000
180	0.000115	0.000000	0.000009	0.051443	0.934532	0.013901	0.000000	0.000000	0.000000
181	0.000112	0.000000	0.000010	0.051284	0.934543	0.014051	0.000000	0.000000	0.000000
182	0.000109	0.000000	0.000012	0.051326	0.934509	0.014044	0.000000	0.000000	0.000000
183	0.000099	0.000000	0.000018	0.051333	0.934521	0.014029	0.000000	0.000000	0.000000
184	0.000083	0.000000	0.000017	0.051351	0.934572	0.013977	0.000000	0.000000	0.000000
185	0.000085	0.000000	0.000011	0.051443	0.934439	0.014022	0.000000	0.000000	0.000000
186	0.000073	0.000000	0.000012	0.051313	0.934470	0.014132	0.000000	0.000000	0.000000
187	0.000065	0.000000	0.000015	0.051214	0.934694	0.014012	0.000000	0.000000	0.000000
188	0.000058	0.000000	0.000003	0.051028	0.934953	0.013958	0.000000	0.000000	0.000000
189	0.000056	0.000000	0.000001	0.051001	0.935008	0.013934	0.000000	0.000000	0.000000
190	0.000042	0.000000	0.000000	0.051012	0.934936	0.014010	0.000000	0.000000	0.000000
191	0.000036	0.000000	0.000000	0.050960	0.934847	0.014157	0.000000	0.000000	0.000000
192	0.000027	0.000000	0.000000	0.050737	0.935220	0.014016	0.000000	0.000000	0.000000
193	0.000028	0.000000	0.000000	0.050790	0.934947	0.014235	0.000000	0.000000	0.000000
194	0.000018	0.000000	0.000000	0.051006	0.934860	0.014116	0.000000	0.000000	0.000000
195	0.000018	0.000000	0.000000	0.051149	0.934677	0.014156	0.000000	0.000000	0.000000
196	0.000016	0.000000	0.000000	0.051197	0.934489	0.014298	0.000000	0.000000	0.000000
197	0.000017	0.000000	0.000000	0.051176	0.934517	0.014290	0.000000	0.000000	0.000000
198	0.000020	0.000000	0.000000	0.051101	0.934706	0.014173	0.000000	0.000000	0.000000
199	0.000016	0.000000	0.000000	0.051312	0.934586	0.014086	0.000000	0.000000	0.000000
200	0.000013	0.000000	0.000000	0.051559	0.934228	0.014200	0.000000	0.000000	0.000000
201	0.000009	0.000000	0.000000	0.051543	0.933995	0.014453	0.000000	0.000000	0.000000
202	0.000009	0.000000	0.000000	0.051402	0.934340	0.014249	0.000000	0.000000	0.000000
203	0.000012	0.000000	0.000000	0.051754	0.934053	0.014181	0.000000	0.000000	0.000000
204	0.000011	0.000000	0.000000	0.051751	0.934029	0.014209	0.000000	0.000000	0.000000
205	0.000008	0.000000	0.000000	0.051910	0.933995	0.014087	0.000000	0.000000	0.000000
206	0.000010	0.000000	0.000000	0.051887	0.934009	0.014094	0.000000	0.000000	0.000000
207	0.000005	0.000000	0.000000	0.052235	0.933747	0.014013	0.000000	0.000000	0.000000
208	0.000003	0.000000	0.000000	0.052281	0.933680	0.014036	0.000000	0.000000	0.000000
209	0.000003	0.000000	0.000000	0.052446	0.933594	0.013957	0.000000	0.000000	0.000000
210	0.000001	0.000000	0.000000	0.052421	0.933747	0.013831	0.000000	0.000000	0.000000
211	0.000000	0.000000	0.000000	0.052406	0.933729	0.013865	0.000000	0.000000	0.000000
212	0.000000	0.000000	0.000000	0.052431	0.933757	0.013812	0.000000	0.000000	0.000000
213	0.000000	0.000000	0.000000	0.052340	0.933725	0.013935	0.000000	0.000000	0.000000
214	0.000000	0.000000	0.000000	0.052387	0.933567	0.014046	0.000000	0.000000	0.000000
215	0.000000	0.000000	0.000000	0.052738	0.933361	0.013901	0.000000	0.000000	0.000000
216	0.000000	0.000000	0.000000	0.052792	0.933182	0.014026	0.000000	0.000000	0.000000
217	0.000000	0.000000	0.000000	0.052919	0.933091	0.013990	0.000000	0.000000	0.000000
218	0.000000	0.000000	0.000000	0.052862	0.933112	0.014026	0.000000	0.000000	0.000000
219	0.000000	0.000000	0.000000	0.053040	0.932754	0.014206	0.000000	0.000000	0.000000
220	0.000000	0.000000	0.000000	0.052818	0.933015	0.014167	0.000000	0.000000	0.000000
221	0.000000	0.000000	0.000000	0.052686	0.932990	0.014324	0.000000	0.000000	0.000000
222	0.000000	0.000000	0.000000	0.052608	0.933199	0.014193	0.000000	0.000000	0.000000
223	0.000000	0.000000	0.000000	0.052608	0.933170	0.014222	0.000000	0.000000	0.000000
224	0.000000	0.000000	0.000000	0.052375	0.933351	0.014274	0.000000	0.000000	0.000000
225	0.000000	0.000000	0.000000	0.052339	0.933199	0.014462	0.000000	0.000000	0.000000
226	0.000000	0.000000	0.000000	0.052445	0.933161	0.014394	0.000000	0.000000	0.000000
227	0.000000	0.000000	0.000000	0.052292	0.933336	0.014372	0.000000	0.000000	0.000000
228	0.000000	0.000000	0.000000	0.052201	0.933412	0.014387	0.000000	0.000000	0.000000
229	0.000000	0.000000	0.000000	0.052245	0.933447	0.014308	0.000000	0.000000	0.000000
230	0.000000	0.000000	0.000000	0.052138	0.933447	0.014415	0.000000	0.000000	0.000000
231	0.000000	0.000000	0.000000	0.052407	0.933178	0.014415	0.000000	0.000000	0.000000
232	0.000000	0.000000	0.000000	0.052534	0.932969	0.014497	0.000000	0.000000	0.000000
233	0.000000	0.000000	0.000000	0.052633	0.932894	0.014473	0.000000	0.000000	0.000000
234	0.000000	0.000000	0.000000	0.052355	0.933183	0.014462	0.000000	0.000000	0.000000
235	0.000000	0.000000	0.000000	0.052229	0.933492	0.014279	0.000000	0.000000	0.000000
236	0.000000	0.000000	0.000000	0.052196	0.933613	0.014191	0.000000	0.000000	0.000000
237	0.000000	0.000000	0.000000	0.052299	0.933469	0.014232	0.000000	0.000000	0.000000
238	0.000000	0.000000	0.000000	0.052309	0.933265	0.014426	0.000000	0.000000	0.000000
239	0.000000	0.000000	0.000000	0.052555	0.933013	0.014432	0.000000	0.000000	0.000000
240	0.000000	0.000000	0.000000	0.052719	0.932677	0.014604	0.000000	0.000000	0.000000
241	0.000000	0.000000	0.000000	0.052837	0.932416	0.014747	0.000000	0.000000	0.000000
242	0.000000	0.000000	0.000000	0.052773	0.932573	0.014654	0.000000	0.000000	0.000000
243	0.000000	0.000000	0.000000	0.052644	0.932685	0.014671	0.000000	0.000000	0.000000
244	0.000000	0.000000	0.000000	0.052603	0.932712	0.014685	0.000000	0.000000	0.000000
245	0.000000	0.000000	0.000000	0.052931	0.932437	0.014632	0.000000	0.000000	0.000000
246	0.000000	0.000000	0.000000	0.053134	0.932283	0.014583	0.000000	0.000000	0.000000
247	0.000000	0.000000	0.000000	0.053027	0.932348	0.014625	0.000000	0.000000	0.000000
248	0.000000	0.000000	0.000000	0.053146	0.932005	0.014849	0.000000	0.000000	0.000000
249	0.000000	0.000000	0.000000	0.053337	0.931777	0.014886	0.000000	0.000000	0.000000
250	0.000000	0.000000	0.000000	0.053283	0.931800	0.014917	0.000000	0.000000	0.000000
251	0.000000	0.000000	0.000000	0.053057	0.931916	0.015027	0.000000	0.000000	0.000000
252	0.000000	0.000000	0.000000	0.053008	0.931920	0.015072	0.000000	0.000000	0.000000
253	0.000000	0.000000	0.000000	0.053003	0.931920	0.015077	0.000000	0.000000	0.000000
254	0.000000	0.000000	0.000000	0.052974	0.932148	0.014878	0.000000	0.000000	0.000000
255	0.000000	0.000000	0.000000	0.053070	0.931992	0.014938	0.000000	0.000000	0.000000
256	0.000000	0.000000	0.000000	0.052927	0.932068	0.015005	0.000000	0.000000	0.000000
257	0.000000	0.000000	0.000000	0.052908	0.932195	0.014897	0.000000	0.000000	0.000000
258	0.000000	0.000000	0.000000	0.052739	0.932482	0.014779	0.000000	0.000000	0.000000
259	0.000000	0.000000	0.000000	0.052681	0.932432	0.014887	0.000000	0.000000	0.000000
260	0.000000	0.000000	0.000000	0.052491	0.932724	0.014785	0.000000	0.000000	0.000000
261	0.000000	0.000000	0.000000	0.052487	0.932738	0.014775	0.000000	0.000000	0.000000
262	0.000000	0.000000	0.000000	0.052314	0.932810	0.014876	0.000000	0.000000	0.000000
263	0.000000	0.000000	0.000000	0.052293	0.932728	0.014979	0.000000	0.000000	0.000000
264	0.000000	0.000000	0.000000	0.052277	0.932862	0.014861	0.000000	0.000000	0.000000
265	0.000000	0.000000	0.000000	0.052159	0.932918	0.014923	0.000000	0.000000	0.000000
266	0.000000	0.000000	0.000000	0.052069	0.933041	0.014890	0.000000	0.000000	0.000000
267	0.000000	0.000000	0.000000	0.052425	0.932881	0.014694	0.000000	0.000000	0.000000
268	0.000000	0.000000	0.000000	0.052106	0.933154	0.014740	0.000000	0.000000	0.000000
269	0.000000	0.000000	0.000000	0.052461	0.932781	0.014758	0.000000	0.000000	0.000000
270	0.000000	0.000000	0.000000	0.052169	0.933078	0.014753	0.000000	0.000000	0.000000
271	0.000000	0.000000	0.000000	0.052384	0.932943	0.014673	0.000000	0.000000	0.000000
272	0.000000	0.000000	0.000000	0.052161	0.933064	0.014775	0.000000	0.000000	0.000000
273	0.000000	0.000000	0.000000	0.052261	0.932956	0.014783	0.000000	0.000000	0.000000
274	0.000000	0.000000	0.000000	0.052028	0.932993	0.014979	0.000000	0.000000	0.000000
275	0.000000	0.000000	0.000000	0.052026	0.933104	0.014870	0.000000	0.000000	0.000000
276	0.000000	0.000000	0.000000	0.051932	0.933014	0.015054	0.000000	0.000000	0.000000
277	0.000000	0.000000	0.000000	0.052146	0.932827	0.015027	0.000000	0.000000	0.000000
278	0.000000	0.000000	0.000000	0.052400	0.932587	0.015013	0.000000	0.000000	0.000000
279	0.000000	0.000000	0.000000	0.052606	0.932380	0.015014	0.000000	0.000000	0.000000
280	0.000000	0.000000	0.000000	0.052813	0.932186	0.015001	0.000000	0.000000	0.000000
281	0.000000	0.000000	0.000000	0.052492	0.932623	0.014885	0.000000	0.000000	0.000000
282	0.000000	0.000000	0.000000	0.052425	0.932834	0.014741	0.000000	0.000000	0.000000
283	0.000000	0.000000	0.000000	0.052131	0.933145	0.014724	0.000000	0.000000	0.000000
284	0.000000	0.000000	0.000000	0.052222	0.933147	0.014631	0.000000	0.000000	0.000000
285	0.000000	0.000000	0.000000	0.052402	0.932916	0.014682	0.000000	0.000000	0.000000
286	0.000000	0.000000	0.000000	0.052233	0.933113	0.014654	0.000000	0.000000	0.000000
287	0.000000	0.000000	0.000000	0.051997	0.933336	0.014667	0.000000	0.000000	0.000000
288	0.000000	0.000000	0.000000	0.052151	0.933275	0.014574	0.000000	0.000000	0.000000
289	0.000000	0.000000	0.000000	0.052161	0.933506	0.014333	0.000000	0.000000	0.000000
290	0.000000	0.000000	0.000000	0.052247	0.933316	0.014437	0.000000	0.000000	0.000000
291	0.000000	0.000000	0.000000	0.052184	0.933479	0.014337	0.000000	0.000000	0.000000
292	0.000000	0.000000	0.000000	0.052224	0.933431	0.014345	0.000000	0.000000	0.000000
293	0.000000	0.000000	0.000000	0.051993	0.933604	0.014403	0.000000	0.000000	0.000000
294	0.000000	0.000000	0.000000	0.052209	0.933461	0.014330	0.000000	0.000000	0.000000
295	0.000000	0.000000	0.000000	0.052429	0.933227	0.014344	0.000000	0.000000	0.000000
296	0.000000	0.000000	0.000000	0.052323	0.933256	0.014421	0.000000	0.000000	0.000000
297	0.000000	0.000000	0.000000	0.051974	0.933736	0.014290	0.000000	0.000000	0.000000
298	0.000000	0.000000	0.000000	0.052169	0.933495	0.014336	0.000000	0.000000	0.000000
299	0.000000	0.000000	0.000000	0.052029	0.933628	0.014343	0.000000	0.000000	0.000000
300	0.000000	0.000000	0.000000	0.052146	0.933636	0.014218	0.000000	0.000000	0.000000
301	0.000000	0.000000	0.000000	0.051831	0.934018	0.014151	0.000000	0.000000	0.000000
302	0.000000	0.000000	0.000000	0.051933	0.933973	0.014094	0.000000	0.000000	0.000000
303	0.000000	0.000000	0.000000	0.052021	0.933778	0.014201	0.000000	0.000000	0.000000
304	0.000000	0.000000	0.000000	0.052067	0.933706	0.014227	0.000000	0.000000	0.000000
305	0.000000	0.000000	0.000000	0.051963	0.933745	0.014292	0.000000	0.000000	0.000000
306	0.000000	0.000000	0.000000	0.052157	0.933692	0.014151	0.000000	0.000000	0.000000
307	0.000000	0.000000	0.000000	0.052064	0.933790	0.014146	0.000000	0.000000	0.000000
308	0.000000	0.000000	0.000000	0.052364	0.933397	0.014239	0.000000	0.000000	0.000000
309	0.000000	0.000000	0.000000	0.052314	0.933620	0.014066	0.000000	0.000000	0.000000
310	0.000000	0.000000	0.000000	0.052184	0.933847	0.013969	0.000000	0.000000	0.000000
311	0.000000	0.000000	0.000000	0.052322	0.933656	0.014022	0.000000	0.000000	0.000000
312	0.000000	0.000000	0.000000	0.052303	0.933678	0.014019	0.000000	0.000000	0.000000
313	0.000000	0.000000	0.000000	0.052304	0.933749	0.013947	0.000000	0.000000	0.000000
314	0.000000	0.000000	0.000000	0.052369	0.933670	0.013961	0.000000	0.000000	0.000000
315	0.000000	0.000000	0.000000	0.052148	0.933811	0.014041	0.000000	0.000000	0.000000
316	0.000000	0.000000	0.000000	0.051987	0.933894	0.014119	0.000000	0.000000	0.000000
317	0.000000	0.000000	0.000000	0.052157	0.933929	0.013914	0.000000	0.000000	0.000000
318	0.000000	0.000000	0.000000	0.051992	0.934021	0.013987	0.000000	0.000000	0.000000
319	0.000000	0.000000	0.000000	0.051752	0.934225	0.014023	0.000000	0.000000	0.000000
320	0.000000	0.000000	0.000000	0.051808	0.934200	0.013992	0.000000	0.000000	0.000000
321	0.000000	0.000000	0.000000	0.051665	0.934415	0.013920	0.000000	0.000000	0.000000
322	0.000000	0.000000	0.000000	0.051809	0.934314	0.013877	0.000000	0.000000	0.000000
323	0.000000	0.000000	0.000000	0.051653	0.934497	0.013850	0.000000	0.000000	0.000000
324	0.000000	0.000000	0.000000	0.051744	0.934523	0.013733	0.000000	0.000000	0.000000
325	0.000000	0.000000	0.000000	0.051762	0.934464	0.013774	0.000000	0.000000	0.000000
326	0.000000	0.000000	0.000000	0.052028	0.934183	0.013789	0.000000	0.000000	0.000000
327	0.000000	0.000000	0.000000	0.052077	0.934151	0.013772	0.000000	0.000000	0.000000
328	0.000000	0.000000	0.000000	0.052165	0.934179	0.013656	0.000000	0.000000	0.000000
329	0.000000	0.000000	0.000000	0.052442	0.933869	0.013689	0.000000	0.000000	0.000000
330	0.000000	0.000000	0.000000	0.052155	0.934119	0.013726	0.000000	0.000000	0.000000
331	0.000000	0.000000	0.000000	0.052088	0.934155	0.013757	0.000000	0.000000	0.000000
332	0.000000	0.000000	0.000000	0.052063	0.934365	0.013572	0.000000	0.000000	0.000000
333	0.000000	0.000000	0.000000	0.051950	0.934423	0.013627	0.000000	0.000000	0.000000
334	0.000000	0.000000	0.000000	0.052096	0.934230	0.013674	0.000000	0.000000	0.000000
335	0.000000	0.000000	0.000000	0.051872	0.934214	0.013914	0.000000	0.000000	0.000000
336	0.000000	0.000000	0.000000	0.051768	0.934212	0.014020	0.000000	0.000000	0.000000
337	0.000000	0.000000	0.000000	0.051874	0.934142	0.013984	0.000000	0.000000	0.000000
338	0.000000	0.000000	0.000000	0.051904	0.934201	0.013895	0.000000	0.000000	0.000000
339	0.000000	0.000000	0.000000	0.051860	0.934093	0.014047	0.000000	0.000000	0.000000
340	0.000000	0.000000	0.000000	0.051837	0.934127	0.014036	0.000000	0.000000	0.000000
341	0.000000	0.000000	0.000000	0.051888	0.934027	0.014085	0.000000	0.000000	0.000000
342	0.000000	0.000000	0.000000	0.052131	0.933781	0.014088	0.000000	0.000000	0.000000
343	0.000000	0.000000	0.000000	0.052076	0.933840	0.014084	0.000000	0.000000	0.000000
344	0.000000	0.000000	0.000000	0.051902	0.934086	0.014012	0.000000	0.000000	0.000000
345	0.000000	0.000000	0.000000	0.051875	0.933999	0.014126	0.000000	0.000000	0.000000
346	0.000000	0.000000	0.000000	0.051721	0.934192	0.014087	0.000000	0.000000	0.000000
347	0.000000	0.000000	0.000000	0.051598	0.934242	0.014160	0.000000	0.000000	0.000000
348	0.000000	0.000000	0.000000	0.051844	0.934060	0.014096	0.000000	0.000000	0.000000
349	0.000000	0.000000	0.000000	0.051841	0.934018	0.014141	0.000000	0.000000	0.000000
350	0.000000	0.000000	0.000000	0.051930	0.934001	0.014069	0.000000	0.000000	0.000000
351	0.000000	0.000000	0.000000	0.051938	0.933893	0.014169	0.000000	0.000000	0.000000
352	0.000000	0.000000	0.000000	0.052124	0.933690	0.014186	0.000000	0.000000	0.000000
353	0.000000	0.000000	0.000000	0.052306	0.933543	0.014151	0.000000	0.000000	0.000000
354	0.000000	0.000000	0.000000	0.052288	0.933628	0.014084	0.000000	0.000000	0.000000
355	0.000000	0.000000	0.000000	0.052068	0.933953	0.013979	0.000000	0.000000	0.000000
356	0.000000	0.000000	0.000000	0.052077	0.933759	0.014164	0.000000	0.000000	0.000000
357	0.000000	0.000000	0.000000	0.052055	0.933793	0.014152	0.000000	0.000000	0.000000
358	0.000000	0.000000	0.000000	0.052108	0.933767	0.014125	0.000000	0.000000	0.000000
359	0.000000	0.000000	0.000000	0.052377	0.933558	0.014065	0.000000	0.000000	0.000000
360	0.000000	0.000000	0.000000	0.052404	0.933382	0.014214	0.000000	0.000000	0.000000
361	0.000000	0.000000	0.000000	0.052290	0.933550	0.014160	0.000000	0.000000	0.000000
362	0.000000	0.000000	0.000000	0.052146	0.933609	0.014245	0.000000	0.000000	0.000000
363	0.000000	0.000000	0.000000	0.052143	0.933479	0.014378	0.000000	0.000000	0.000000
364	0.000000	0.000000	0.000000	0.052173	0.933385	0.014442	0.000000	0.000000	0.000000
365	0.000000	0.000000	0.000000	0.052123	0.933553	0.014324	0.000000	0.000000	0.000000
366	0.000000	0.000000	0.000000	0.051987	0.933717	0.014296	0.000000	0.000000	0.000000
367	0.000000	0.000000	0.000000	0.052210	0.933330	0.014460	0.000000	0.000000	0.000000
368	0.000000	0.000000	0.000000	0.051894	0.933642	0.014464	0.000000	0.000000	0.000000
369	0.000000	0.000000	0.000000	0.051784	0.933767	0.014449	0.000000	0.000000	0.000000
370	0.000000	0.000000	0.000000	0.051865	0.933734	0.014401	0.000000	0.000000	0.000000
371	0.000000	0.000000	0.000000	0.051885	0.933552	0.014563	0.000000	0.000000	0.000000
372	0.000000	0.000000	0.000000	0.051762	0.933665	0.014573	0.000000	0.000000	0.000000
373	0.000000	0.000000	0.000000	0.051811	0.933754	0.014435	0.000000	0.000000	0.000000
374	0.000000	0.000000	0.000000	0.051749	0.933909	0.014342	0.000000	0.000000	0.000000
375	0.000000	0.000000	0.000000	0.051836	0.933728	0.014436	0.000000	0.000000	0.000000
376	0.000000	0.000000	0.000000	0.051609	0.934103	0.014288	0.000000	0.000000	0.000000
377	0.000000	0.000000	0.000000	0.051743	0.933794	0.014463	0.000000	0.000000	0.000000
378	0.000000	0.000000	0.000000	0.051808	0.933787	0.014405	0.000000	0.000000	0.000000
379	0.000000	0.000000	0.000000	0.051803	0.933779	0.014418	0.000000	0.000000	0.000000
380	0.000000	0.000000	0.000000	0.051618	0.933965	0.014417	0.000000	0.000000	0.000000
381	0.000000	0.000000	0.000000	0.051706	0.933830	0.014464	0.000000	0.000000	0.000000
382	0.000000	0.000000	0.000000	0.051499	0.933973	0.014528	0.000000	0.000000	0.000000
383	0.000000	0.000000	0.000000	0.051364	0.934072	0.014564	0.000000	0.000000	0.000000
384	0.000000	0.000000	0.000000	0.051327	0.934141	0.014532	0.000000	0.000000	0.000000
385	0.000000	0.000000	0.000000	0.051227	0.934251	0.014522	0.000000	0.000000	0.000000
386	0.000000	0.000000	0.000000	0.051217	0.934310	0.014473	0.000000	0.000000	0.000000
387	0.000000	0.000000	0.000000	0.051147	0.934371	0.014482	0.000000	0.000000	0.000000
388	0.000000	0.000000	0.000000	0.051066	0.934473	0.014461	0.000000	0.000000	0.000000
389	0.000000	0.000000	0.000000	0.051029	0.934594	0.014377	0.000000	0.000000	0.000000
390	0.000000	0.000000	0.000000	0.051131	0.934490	0.014379	0.000000	0.000000	0.000000
391	0.000000	0.000000	0.000000	0.051274	0.934344	0.014382	0.000000	0.000000	0.000000
392	0.000000	0.000000	0.000000	0.051581	0.933933	0.014486	0.000000	0.000000	0.000000
393	0.000000	0.000000	0.000000	0.051486	0.934155	0.014359	0.000000	0.000000	0.000000
394	0.000000	0.000000	0.000000	0.051452	0.934162	0.014386	0.000000	0.000000	0.000000
395	0.000000	0.000000	0.000000	0.051328	0.934318	0.014354	0.000000	0.000000	0.000000
396	0.000000	0.000000	0.000000	0.051325	0.934175	0.014500	0.000000	0.000000	0.000000
397	0.000000	0.000000	0.000000	0.051222	0.934266	0.014512	0.000000	0.000000	0.000000
398	0.000000	0.000000	0.000000	0.051172	0.934270	0.014558	0.000000	0.000000	0.000000
399	0.000000	0.000000	0.000000	0.051539	0.933979	0.014482	0.000000	0.000000	0.000000
400	0.000000	0.000000	0.000000	0.051670	0.933866	0.014464	0.000000	0.000000	0.000000
401	0.000000	0.000000	0.000000	0.051574	0.933932	0.014494	0.000000	0.000000	0.000000
402	0.000000	0.000000	0.000000	0.051568	0.933879	0.014553	0.000000	0.000000	0.000000
403	0.000000	0.000000	0.000000	0.051725	0.933706	0.014569	0.000000	0.000000	0.000000
404	0.000000	0.000000	0.000000	0.051864	0.933451	0.014685	0.000000	0.000000	0.000000
405	0.000000	0.000000	0.000000	0.052027	0.933368	0.014605	0.000000	0.000000	0.000000
406	0.000000	0.000000	0.000000	0.052272	0.933171	0.014557	0.000000	0.000000	0.000000
407	0.000000	0.000000	0.000000	0.052410	0.933146	0.014444	0.000000	0.000000	0.000000
408	0.000000	0.000000	0.000000	0.052396	0.933102	0.014502	0.000000	0.000000	0.000000
409	0.000000	0.000000	0.000000	0.052171	0.933268	0.014561	0.000000	0.000000	0.000000
410	0.000000	0.000000	0.000000	0.052022	0.933324	0.014654	0.000000	0.000000	0.000000
411	0.000000	0.000000	0.000000	0.052313	0.933189	0.014498	0.000000	0.000000	0.000000
412	0.000000	0.000000	0.000000	0.052451	0.933049	0.014500	0.000000	0.000000	0.000000
413	0.000000	0.000000	0.000000	0.052309	0.933150	0.014541	0.000000	0.000000	0.000000
414	0.000000	0.000000	0.000000	0.052372	0.933016	0.014612	0.000000	0.000000	0.000000
415	0.000000	0.000000	0.000000	0.052381	0.933155	0.014464	0.000000	0.000000	0.000000
416	0.000000	0.000000	0.000000	0.052437	0.932995	0.014568	0.000000	0.000000	0.000000
417	0.000000	0.000000	0.000000	0.052334	0.933178	0.014488	0.000000	0.000000	0.000000
418	0.000000	0.000000	0.000000	0.052546	0.932964	0.014490	0.000000	0.000000	0.000000
419	0.000000	0.000000	0.000000	0.052361	0.933230	0.014409	0.000000	0.000000	0.000000
420	0.000000	0.000000	0.000000	0.052491	0.932907	0.014602	0.000000	0.000000	0.000000
421	0.000000	0.000000	0.000000	0.052486	0.933041	0.014473	0.000000	0.000000	0.000000
422	0.000000	0.000000	0.000000	0.052420	0.932993	0.014587	0.000000	0.000000	0.000000
423	0.000000	0.000000	0.000000	0.052572	0.932909	0.014519	0.000000	0.000000	0.000000
424	0.000000	0.000000	0.000000	0.052318	0.933290	0.014392	0.000000	0.000000	0.000000
425	0.000000	0.000000	0.000000	0.052394	0.933196	0.014410	0.000000	0.000000	0.000000
426	0.000000	0.000000	0.000000	0.052625	0.932962	0.014413	0.000000	0.000000	0.000000
427	0.000000	0.000000	0.000000	0.052747	0.932726	0.014527	0.000000	0.000000	0.000000
428	0.000000	0.000000	0.000000	0.053215	0.932182	0.014603	0.000000	0.000000	0.000000
429	0.000000	0.000000	0.000000	0.052973	0.932492	0.014535	0.000000	0.000000	0.000000
430	0.000000	0.000000	0.000000	0.052807	0.932712	0.014481	0.000000	0.000000	0.000000
431	0.000000	0.000000	0.000000	0.053223	0.932150	0.014627	0.000000	0.000000	0.000000
432	0.000000	0.000000	0.000000	0.052714	0.932667	0.014619	0.000000	0.000000	0.000000
433	0.000000	0.000000	0.000000	0.052707	0.932828	0.014465	0.000000	0.000000	0.000000
434	0.000000	0.000000	0.000000	0.052922	0.932533	0.014545	0.000000	0.000000	0.000000
435	0.000000	0.000000	0.000000	0.052751	0.932641	0.014608	0.000000	0.000000	0.000000
436	0.000000	0.000000	0.000000	0.052541	0.932715	0.014744	0.000000	0.000000	0.000000
437	0.000000	0.000000	0.000000	0.052640	0.932775	0.014585	0.000000	0.000000	0.000000
438	0.000000	0.000000	0.000000	0.052875	0.932656	0.014469	0.000000	0.000000	0.000000
439	0.000000	0.000000	0.000000	0.053085	0.932442	0.014473	0.000000	0.000000	0.000000
440	0.000000	0.000000	0.000000	0.053112	0.932427	0.014461	0.000000	0.000000	0.000000
441	0.000000	0.000000	0.000000	0.052713	0.932730	0.014557	0.000000	0.000000	0.000000
442	0.000000	0.000000	0.000000	0.052541	0.932844	0.014615	0.000000	0.000000	0.000000
443	0.000000	0.000000	0.000000	0.052758	0.932540	0.014702	0.000000	0.000000	0.000000
444	0.000000	0.000000	0.000000	0.052575	0.932859	0.014566	0.000000	0.000000	0.000000
445	0.000000	0.000000	0.000000	0.052414	0.932983	0.014603	0.000000	0.000000	0.000000
446	0.000000	0.000000	0.000000	0.052551	0.932732	0.014717	0.000000	0.000000	0.000000
447	0.000000	0.000000	0.000000	0.052470	0.932821	0.014709	0.000000	0.000000	0.000000
448	0.000000	0.000000	0.000000	0.052259	0.933063	0.014678	0.000000	0.000000	0.000000
449	0.000000	0.000000	0.000000	0.052261	0.932966	0.014773	0.000000	0.000000	0.000000
450	0.000000	0.000000	0.000000	0.052035	0.933260	0.014705	0.000000	0.000000	0.000000
451	0.000000	0.000000	0.000000	0.051994	0.933214	0.014792	0.000000	0.000000	0.000000
452	0.000000	0.000000	0.000000	0.051812	0.933352	0.014836	0.000000	0.000000	0.000000
453	0.000000	0.000000	0.000000	0.052055	0.933227	0.014718	0.000000	0.000000	0.000000
454	0.000000	0.000000	0.000000	0.052301	0.932981	0.014718	0.000000	0.000000	0.000000
455	0.000000	0.000000	0.000000	0.052010	0.933215	0.014775	0.000000	0.000000	0.000000
456	0.000000	0.000000	0.000000	0.051945	0.933242	0.014813	0.000000	0.000000	0.000000
457	0.000000	0.000000	0.000000	0.051879	0.933396	0.014725	0.000000	0.000000	0.000000
458	0.000000	0.000000	0.000000	0.051989	0.933164	0.014847	0.000000	0.000000	0.000000
459	0.000000	0.000000	0.000000	0.051956	0.933281	0.014763	0.000000	0.000000	0.000000
460	0.000000	0.000000	0.000000	0.051934	0.933209	0.014857	0.000000	0.000000	0.000000
461	0.000000	0.000000	0.000000	0.051866	0.933102	0.015032	0.000000	0.000000	0.000000
462	0.000000	0.000000	0.000000	0.051990	0.933115	0.014895	0.000000	0.000000	0.000000
463	0.000000	0.000000	0.000000	0.052061	0.933035	0.014904	0.000000	0.000000	0.000000
464	0.000000	0.000000	0.000000	0.052116	0.932927	0.014957	0.000000	0.000000	0.000000
465	0.000000	0.000000	0.000000	0.051954	0.933068	0.014978	0.000000	0.000000	0.000000
466	0.000000	0.000000	0.000000	0.052221	0.932782	0.014997	0.000000	0.000000	0.000000
467	0.000000	0.000000	0.000000	0.052344	0.932724	0.014932	0.000000	0.000000	0.000000
468	0.000000	0.000000	0.000000	0.052265	0.932663	0.015072	0.000000	0.000000	0.000000
469	0.000000	0.000000	0.000000	0.052199	0.932915	0.014886	0.000000	0.000000	0.000000
470	0.000000	0.000000	0.000000	0.052352	0.932742	0.014906	0.000000	0.000000	0.000000
