0	0.290663	0.057897	0.229473	0.157588	0.029913	0.111872	0.085455	0.012259	0.024880
1	0.227363	0.046805	0.197156	0.135566	0.027935	0.117930	0.126783	0.024723	0.095739
2	0.223035	0.045961	0.192452	0.126218	0.026943	0.111083	0.135628	0.026553	0.112127
3	0.225965	0.045911	0.190061	0.117939	0.026328	0.103575	0.140358	0.027278	0.122585
4	0.228919	0.046092	0.188019	0.111227	0.025866	0.096171	0.142989	0.027853	0.132864
5	0.233043	0.046168	0.185068	0.105323	0.025503	0.088768	0.145729	0.028000	0.142398
6	0.237011	0.046256	0.181950	0.099236	0.025377	0.081700	0.148317	0.028193	0.151960
7	0.241024	0.046236	0.179353	0.093436	0.025033	0.075148	0.149704	0.028383	0.161683
8	0.245625	0.046364	0.176448	0.088153	0.024809	0.068812	0.150782	0.028183	0.170824
9	0.250601	0.046486	0.172800	0.082673	0.024523	0.063086	0.151928	0.028392	0.179511
10	0.254423	0.046881	0.169040	0.077992	0.024374	0.057699	0.152448	0.028233	0.188910
11	0.258606	0.046957	0.164208	0.074222	0.024264	0.052706	0.152955	0.028004	0.198078
12	0.262655	0.047178	0.160532	0.069738	0.024044	0.047922	0.153157	0.027857	0.206917
13	0.266629	0.047149	0.156716	0.066069	0.024290	0.043656	0.152664	0.027559	0.215268
14	0.269768	0.047533	0.153158	0.062807	0.024406	0.039693	0.152136	0.027319	0.223180
15	0.273982	0.047876	0.148748	0.059294	0.024351	0.036111	0.150731	0.026944	0.231963
16	0.277984	0.048109	0.144647	0.056207	0.024270	0.032657	0.149425	0.026503	0.240198
17	0.281410	0.048347	0.139976	0.052858	0.024082	0.029826	0.148791	0.026385	0.248325
18	0.284929	0.048384	0.135556	0.050013	0.024195	0.027340	0.147846	0.026032	0.255705
19	0.288192	0.048553	0.131331	0.047032	0.024477	0.025062	0.146483	0.025628	0.263242
20	0.291357	0.048749	0.126799	0.044606	0.024590	0.022656	0.145376	0.025336	0.270531
21	0.294532	0.049159	0.122489	0.042202	0.024567	0.020513	0.143485	0.024930	0.278123
22	0.297484	0.049033	0.118648	0.039702	0.024767	0.018677	0.142059	0.024799	0.284831
23	0.301040	0.049278	0.114248	0.037412	0.024749	0.016897	0.140109	0.024394	0.291873
24	0.303697	0.049447	0.110558	0.035403	0.024903	0.015318	0.137689	0.023971	0.299014
25	0.305958	0.049720	0.106937	0.033462	0.025037	0.013808	0.135993	0.023837	0.305248
26	0.308921	0.049752	0.103072	0.031478	0.025151	0.012497	0.133988	0.023117	0.312024
27	0.311720	0.050124	0.099566	0.029974	0.025299	0.011443	0.131608	0.022745	0.317521
28	0.314088	0.050319	0.095652	0.028441	0.025574	0.010425	0.129828	0.022426	0.323247
29	0.316246	0.050303	0.092031	0.026471	0.025965	0.009330	0.128061	0.021990	0.329603
30	0.317971	0.050254	0.088474	0.024960	0.025924	0.008481	0.126072	0.021814	0.336050
31	0.319837	0.050090	0.085634	0.023599	0.026192	0.007704	0.123816	0.021207	0.341921
32	0.321310	0.049814	0.081996	0.022361	0.026410	0.007045	0.122062	0.020950	0.348052
33	0.322474	0.049699	0.079059	0.021292	0.026576	0.006442	0.119949	0.020723	0.353786
34	0.324341	0.049779	0.075804	0.020079	0.026964	0.005954	0.117650	0.020295	0.359134
35	0.325632	0.050073	0.072531	0.019043	0.026789	0.005510	0.115567	0.019910	0.364945
36	0.327412	0.049859	0.069704	0.018076	0.027045	0.005052	0.113510	0.019520	0.369822
37	0.328517	0.049677	0.067198	0.016982	0.027188	0.004576	0.111968	0.018886	0.375008
38	0.329480	0.049550	0.064384	0.016007	0.027369	0.004116	0.109980	0.018651	0.380463
39	0.330586	0.049338	0.061696	0.015116	0.027183	0.003697	0.108204	0.018145	0.386035
40	0.331354	0.049286	0.058900	0.014330	0.027363	0.003410	0.106306	0.017782	0.391269
41	0.331743	0.049258	0.056333	0.013728	0.027423	0.003083	0.104569	0.017328	0.396535
42	0.332677	0.048852	0.054085	0.012898	0.027486	0.002796	0.102788	0.017092	0.401326
43	0.333404	0.048787	0.051723	0.012351	0.027602	0.002475	0.100676	0.016758	0.406224
44	0.334214	0.048804	0.049590	0.011562	0.027855	0.002223	0.098281	0.016700	0.410771
45	0.334856	0.048770	0.047373	0.010892	0.027984	0.002019	0.096211	0.016316	0.415579
46	0.335786	0.048565	0.045287	0.010117	0.028164	0.001825	0.094469	0.016051	0.419736
47	0.336215	0.048060	0.043530	0.009469	0.028291	0.001669	0.093365	0.015804	0.423597
48	0.336528	0.048068	0.041515	0.008949	0.028489	0.001451	0.091290	0.015620	0.428090
49	0.336365	0.047904	0.039534	0.008567	0.028815	0.001335	0.089646	0.015182	0.432652
50	0.336697	0.047686	0.037848	0.008153	0.028768	0.001185	0.087847	0.014822	0.436994
51	0.336915	0.047510	0.036187	0.007565	0.028903	0.001043	0.086288	0.014568	0.441021
52	0.336396	0.047295	0.034654	0.007239	0.029127	0.000954	0.084372	0.014257	0.445706
53	0.336604	0.046932	0.032890	0.006738	0.029303	0.000858	0.083050	0.014013	0.449612
54	0.337189	0.046556	0.031421	0.006344	0.029289	0.000859	0.081200	0.013632	0.453510
55	0.336734	0.046417	0.030048	0.005979	0.029447	0.000775	0.079508	0.013395	0.457697
56	0.336752	0.045800	0.028317	0.005731	0.029582	0.000750	0.078083	0.013140	0.461845
57	0.335903	0.045585	0.027084	0.005256	0.029625	0.000676	0.077058	0.012851	0.465962
58	0.335182	0.045259	0.025938	0.005024	0.029625	0.000638	0.075826	0.012589	0.469919
59	0.334383	0.044750	0.024601	0.004741	0.029979	0.000610	0.074265	0.012366	0.474305
60	0.334745	0.044527	0.023594	0.004507	0.030275	0.000582	0.072736	0.012171	0.476863
61	0.333860	0.044189	0.022646	0.004234	0.030578	0.000552	0.071462	0.011849	0.480630
62	0.333019	0.043971	0.021624	0.004018	0.030551	0.000496	0.070387	0.011483	0.484451
63	0.331615	0.043545	0.020634	0.003833	0.030850	0.000438	0.069386	0.011263	0.488436
64	0.330689	0.043105	0.019821	0.003512	0.030990	0.000404	0.067948	0.011128	0.492403
65	0.329661	0.042861	0.018923	0.003305	0.031223	0.000387	0.066650	0.010856	0.496134
66	0.328236	0.042539	0.017888	0.003223	0.031447	0.000336	0.065587	0.010751	0.499993
67	0.326791	0.042256	0.017126	0.003142	0.031691	0.000306	0.064744	0.010569	0.503375
68	0.325707	0.041657	0.016313	0.002963	0.031960	0.000300	0.063871	0.010410	0.506819
69	0.324064	0.041297	0.015519	0.002784	0.031799	0.000282	0.063038	0.010126	0.511091
70	0.323004	0.040977	0.014845	0.002628	0.031882	0.000242	0.062006	0.009894	0.514522
71	0.321606	0.040462	0.014440	0.002512	0.032072	0.000239	0.061323	0.009720	0.517626
72	0.319875	0.040311	0.013811	0.002346	0.032112	0.000206	0.059965	0.009609	0.521765
73	0.318215	0.040167	0.013238	0.002284	0.032043	0.000181	0.059124	0.009401	0.525347
74	0.317311	0.039811	0.012566	0.002117	0.031873	0.000194	0.058189	0.009110	0.528829
75	0.315703	0.039476	0.011929	0.001995	0.032233	0.000167	0.057222	0.008988	0.532287
76	0.314071	0.039197	0.011476	0.001959	0.032306	0.000131	0.056632	0.008861	0.535367
77	0.312553	0.039025	0.011040	0.001846	0.032554	0.000130	0.055983	0.008649	0.538220
78	0.311039	0.038908	0.010476	0.001750	0.032201	0.000131	0.055102	0.008419	0.541974
79	0.309343	0.038516	0.010148	0.001662	0.032117	0.000114	0.054351	0.008382	0.545367
80	0.307423	0.038347	0.009658	0.001561	0.032054	0.000099	0.053500	0.008244	0.549114
81	0.305235	0.038093	0.009112	0.001487	0.032330	0.000078	0.052924	0.008039	0.552702
82	0.303290	0.037648	0.008778	0.001407	0.032547	0.000068	0.052105	0.007880	0.556277
83	0.301201	0.037136	0.008413	0.001361	0.032642	0.000059	0.051434	0.007724	0.560030
84	0.299546	0.036766	0.008129	0.001224	0.032693	0.000053	0.050559	0.007531	0.563499
85	0.297824	0.036465	0.007789	0.001140	0.032789	0.000049	0.049697	0.007468	0.566779
86	0.296127	0.035881	0.007344	0.001072	0.032565	0.000047	0.048695	0.007236	0.571033
87	0.294742	0.035571	0.006973	0.001058	0.032733	0.000048	0.048051	0.007146	0.573678
88	0.292401	0.035354	0.006725	0.000976	0.032880	0.000027	0.047497	0.007074	0.577066
89	0.290849	0.034892	0.006407	0.000867	0.032763	0.000026	0.046872	0.006890	0.580434
90	0.288661	0.034765	0.006075	0.000810	0.032910	0.000025	0.046219	0.006673	0.583862
91	0.286251	0.034520	0.005730	0.000769	0.033059	0.000020	0.045639	0.006591	0.587421
92	0.284422	0.034052	0.005473	0.000739	0.033132	0.000018	0.044934	0.006427	0.590803
93	0.281921	0.033597	0.005321	0.000687	0.033221	0.000016	0.044335	0.006414	0.594488
94	0.279873	0.033155	0.005094	0.000672	0.033177	0.000018	0.043680	0.006330	0.598001
95	0.278205	0.032974	0.004857	0.000631	0.033135	0.000018	0.043116	0.006181	0.600883
96	0.276031	0.032414	0.004677	0.000585	0.033150	0.000015	0.042734	0.006102	0.604292
97	0.273750	0.032131	0.004414	0.000544	0.033129	0.000015	0.042086	0.006075	0.607856
98	0.271515	0.032086	0.004180	0.000494	0.033062	0.000008	0.041770	0.005967	0.610918
99	0.269560	0.031971	0.003925	0.000442	0.033014	0.000006	0.041078	0.005903	0.614101
100	0.267531	0.031472	0.003718	0.000430	0.032937	0.000007	0.040450	0.005896	0.617559
101	0.265722	0.031021	0.003510	0.000407	0.033089	0.000004	0.040314	0.005858	0.620075
102	0.263501	0.030698	0.003294	0.000370	0.032855	0.000003	0.039908	0.005814	0.623557
103	0.261132	0.030511	0.003142	0.000326	0.032790	0.000003	0.039560	0.005728	0.626808
104	0.259143	0.030258	0.003039	0.000293	0.032653	0.000007	0.039311	0.005642	0.629654
105	0.257366	0.029787	0.002921	0.000303	0.032626	0.000002	0.038714	0.005535	0.632746
106	0.255627	0.029390	0.002781	0.000257	0.032709	0.000002	0.038039	0.005472	0.635723
107	0.253483	0.029076	0.002620	0.000240	0.032541	0.000000	0.037838	0.005391	0.638811
108	0.250961	0.028714	0.002511	0.000244	0.032729	0.000000	0.037611	0.005399	0.641831
109	0.248717	0.028519	0.002435	0.000252	0.032712	0.000001	0.037020	0.005378	0.644966
110	0.246891	0.028236	0.002336	0.000242	0.032639	0.000000	0.036873	0.005310	0.647473
111	0.244861	0.027812	0.002221	0.000226	0.032553	0.000003	0.036479	0.005317	0.650528
112	0.242404	0.027493	0.002109	0.000218	0.032436	0.000000	0.036143	0.005212	0.653985
113	0.239967	0.027181	0.002041	0.000204	0.032556	0.000000	0.035864	0.005162	0.657025
114	0.237022	0.026973	0.001970	0.000219	0.032472	0.000001	0.035442	0.005159	0.660742
115	0.234629	0.026654	0.001852	0.000213	0.032375	0.000000	0.035039	0.005075	0.664163
116	0.231962	0.026296	0.001764	0.000202	0.032423	0.000001	0.034598	0.005052	0.667702
117	0.230168	0.025881	0.001663	0.000186	0.032498	0.000000	0.034355	0.004942	0.670307
118	0.227712	0.025841	0.001518	0.000188	0.032726	0.000001	0.034436	0.004921	0.672657
119	0.225797	0.025615	0.001455	0.000203	0.032654	0.000001	0.034032	0.004868	0.675375
120	0.223577	0.025338	0.001429	0.000195	0.032586	0.000003	0.033751	0.004843	0.678278
121	0.221418	0.025055	0.001360	0.000186	0.032540	0.000001	0.033310	0.004816	0.681314
122	0.219156	0.024743	0.001268	0.000183	0.032374	0.000002	0.033304	0.004804	0.684166
123	0.217004	0.024334	0.001168	0.000181	0.032560	0.000003	0.033150	0.004760	0.686840
124	0.214825	0.024064	0.001129	0.000159	0.032655	0.000002	0.032828	0.004562	0.689776
125	0.212695	0.023765	0.001106	0.000164	0.032597	0.000002	0.032670	0.004494	0.692507
126	0.210048	0.023642	0.001053	0.000145	0.032445	0.000003	0.032379	0.004418	0.695867
127	0.208067	0.023176	0.001032	0.000123	0.032627	0.000005	0.032326	0.004370	0.698274
128	0.205855	0.022937	0.000983	0.000125	0.032653	0.000002	0.032186	0.004363	0.700896
129	0.203564	0.022542	0.000906	0.000115	0.032599	0.000002	0.032168	0.004358	0.703746
130	0.201602	0.022446	0.000876	0.000109	0.032392	0.000001	0.031963	0.004338	0.706273
131	0.199467	0.022220	0.000847	0.000105	0.032203	0.000001	0.031644	0.004363	0.709150
132	0.197340	0.021990	0.000811	0.000082	0.032124	0.000001	0.031269	0.004341	0.712042
133	0.195221	0.021850	0.000807	0.000091	0.031896	0.000000	0.030927	0.004275	0.714933
134	0.193437	0.021254	0.000762	0.000077	0.031905	0.000000	0.030724	0.004180	0.717661
135	0.191266	0.021099	0.000740	0.000079	0.031827	0.000000	0.030550	0.004090	0.720349
136	0.189283	0.020531	0.000728	0.000090	0.031875	0.000000	0.030236	0.004016	0.723241
137	0.187260	0.020237	0.000700	0.000092	0.031592	0.000000	0.030271	0.003930	0.725918
138	0.185073	0.019943	0.000674	0.000107	0.031646	0.000000	0.030267	0.003938	0.728352
139	0.182715	0.019657	0.000636	0.000092	0.031600	0.000000	0.030059	0.003907	0.731334
140	0.180658	0.019487	0.000590	0.000086	0.031633	0.000000	0.030003	0.003804	0.733739
141	0.178605	0.019255	0.000541	0.000077	0.031540	0.000000	0.029989	0.003797	0.736196
142	0.176358	0.018863	0.000540	0.000073	0.031555	0.000000	0.029951	0.003829	0.738831
143	0.174669	0.018709	0.000499	0.000083	0.031374	0.000000	0.029714	0.003774	0.741178
144	0.172458	0.018462	0.000507	0.000076	0.031342	0.000000	0.029556	0.003818	0.743781
145	0.171044	0.018235	0.000486	0.000064	0.031294	0.000000	0.029460	0.003761	0.745656
146	0.169109	0.017986	0.000487	0.000073	0.031191	0.000000	0.029196	0.003779	0.748179
147	0.166743	0.017684	0.000464	0.000068	0.031079	0.000000	0.028896	0.003799	0.751267
148	0.164932	0.017408	0.000418	0.000068	0.030985	0.000000	0.028647	0.003757	0.753785
149	0.162720	0.017223	0.000411	0.000070	0.030854	0.000000	0.028672	0.003842	0.756208
150	0.160574	0.017032	0.000384	0.000069	0.030719	0.000000	0.028642	0.003767	0.758813
151	0.158560	0.016752	0.000363	0.000062	0.030797	0.000000	0.028140	0.003814	0.761512
152	0.156845	0.016571	0.000335	0.000060	0.030614	0.000000	0.028083	0.003800	0.763692
153	0.154902	0.016422	0.000324	0.000056	0.030528	0.000000	0.027785	0.003700	0.766283
154	0.153028	0.016071	0.000317	0.000075	0.030503	0.000000	0.027631	0.003774	0.768601
155	0.151644	0.015736	0.000277	0.000077	0.030393	0.000000	0.027426	0.003732	0.770715
156	0.149862	0.015450	0.000291	0.000076	0.030325	0.000000	0.027325	0.003728	0.772943
157	0.147756	0.015386	0.000276	0.000075	0.030248	0.000000	0.027023	0.003599	0.775637
158	0.145612	0.014952	0.000260	0.000083	0.030182	0.000000	0.027103	0.003553	0.778255
159	0.143700	0.014739	0.000255	0.000072	0.030299	0.000000	0.027035	0.003603	0.780297
160	0.142135	0.014501	0.000255	0.000066	0.030333	0.000000	0.026896	0.003583	0.782231
161	0.140479	0.014199	0.000237	0.000065	0.030382	0.000000	0.026691	0.003618	0.784329
162	0.138763	0.013915	0.000219	0.000060	0.030261	0.000000	0.026579	0.003483	0.786720
163	0.136853	0.013755	0.000216	0.000072	0.030177	0.000000	0.026322	0.003453	0.789152
164	0.135160	0.013521	0.000212	0.000072	0.030013	0.000000	0.026378	0.003490	0.791154
165	0.133469	0.013423	0.000192	0.000072	0.029785	0.000000	0.026331	0.003492	0.793236
166	0.131786	0.013105	0.000193	0.000057	0.029819	0.000000	0.026199	0.003500	0.795341
167	0.130062	0.012920	0.000192	0.000057	0.029674	0.000000	0.026216	0.003435	0.797444
168	0.128254	0.012800	0.000161	0.000068	0.029688	0.000000	0.026116	0.003441	0.799472
169	0.126704	0.012504	0.000150	0.000061	0.029702	0.000000	0.026054	0.003373	0.801452
170	0.125115	0.012314	0.000148	0.000061	0.029376	0.000000	0.025824	0.003353	0.803809
171	0.123590	0.012145	0.000131	0.000082	0.029216	0.000000	0.025467	0.003253	0.806116
172	0.121870	0.012051	0.000135	0.000074	0.029200	0.000000	0.025421	0.003306	0.807943
173	0.120127	0.011871	0.000118	0.000076	0.029009	0.000000	0.025192	0.003299	0.810308
174	0.118491	0.011763	0.000100	0.000063	0.028816	0.000000	0.025101	0.003362	0.812304
175	0.116714	0.011554	0.000107	0.000066	0.028717	0.000000	0.024838	0.003344	0.814660
176	0.114930	0.011258	0.000109	0.000054	0.028579	0.000000	0.024971	0.003296	0.816803
177	0.113148	0.011186	0.000101	0.000053	0.028605	0.000000	0.024600	0.003296	0.819011
178	0.111793	0.010838	0.000085	0.000053	0.028670	0.000000	0.024582	0.003188	0.820791
179	0.109679	0.010755	0.000087	0.000045	0.028719	0.000000	0.024487	0.003170	0.823058
180	0.107978	0.010571	0.000077	0.000047	0.028653	0.000000	0.024380	0.003179	0.825115
181	0.106662	0.010328	0.000056	0.000048	0.028518	0.000000	0.024317	0.003212	0.826859
182	0.104727	0.010168	0.000054	0.000039	0.028591	0.000000	0.024199	0.003143	0.829079
183	0.103244	0.010021	0.000053	0.000031	0.028535	0.000000	0.024185	0.003200	0.830731
184	0.101813	0.009906	0.000063	0.000040	0.028384	0.000000	0.024043	0.003201	0.832550
185	0.100134	0.009764	0.000058	0.000031	0.028216	0.000000	0.024056	0.003135	0.834606
186	0.098855	0.009639	0.000049	0.000030	0.027947	0.000000	0.023704	0.003129	0.836647
187	0.097556	0.009451	0.000048	0.000023	0.027834	0.000000	0.023480	0.003045	0.838563
188	0.096306	0.009292	0.000032	0.000019	0.027876	0.000000	0.023395	0.003006	0.840074
189	0.094930	0.009102	0.000034	0.000020	0.027648	0.000000	0.023253	0.002928	0.842085
190	0.093483	0.008988	0.000039	0.000014	0.027432	0.000000	0.023208	0.002894	0.843942
191	0.092100	0.008716	0.000039	0.000012	0.027348	0.000000	0.023211	0.002860	0.845714
192	0.090883	0.008561	0.000053	0.000011	0.027389	0.000000	0.023052	0.002863	0.847188
193	0.089418	0.008337	0.000036	0.000010	0.027241	0.000000	0.023000	0.002859	0.849099
194	0.088438	0.008112	0.000031	0.000010	0.027107	0.000000	0.023069	0.002825	0.850408
195	0.087018	0.007984	0.000032	0.000012	0.026926	0.000000	0.022877	0.002798	0.852353
196	0.085721	0.007667	0.000026	0.000011	0.026792	0.000000	0.022835	0.002835	0.854113
197	0.084501	0.007454	0.000033	0.000010	0.026827	0.000000	0.022814	0.002839	0.855522
198	0.083119	0.007308	0.000028	0.000010	0.026614	0.000000	0.022619	0.002825	0.857477
199	0.082054	0.007195	0.000031	0.000008	0.026515	0.000000	0.022547	0.002716	0.858934
200	0.080952	0.007028	0.000028	0.000005	0.026347	0.000000	0.022529	0.002716	0.860395
201	0.079584	0.006889	0.000035	0.000003	0.026197	0.000000	0.022607	0.002616	0.862069
202	0.078306	0.006821	0.000032	0.000002	0.026055	0.000000	0.022732	0.002661	0.863391
203	0.077284	0.006799	0.000023	0.000003	0.025899	0.000000	0.022532	0.002684	0.864776
204	0.076028	0.006684	0.000031	0.000004	0.025882	0.000000	0.022577	0.002709	0.866085
205	0.074689	0.006744	0.000028	0.000004	0.025720	0.000000	0.022398	0.002759	0.867658
206	0.073649	0.006724	0.000031	0.000006	0.025700	0.000000	0.022129	0.002766	0.868995
207	0.072766	0.006589	0.000034	0.000007	0.025538	0.000000	0.022018	0.002713	0.870335
208	0.071808	0.006521	0.000023	0.000006	0.025492	0.000000	0.022059	0.002722	0.871369
209	0.070800	0.006333	0.000026	0.000008	0.025233	0.000000	0.022070	0.002769	0.872761
210	0.069672	0.006253	0.000017	0.000005	0.024992	0.000000	0.022106	0.002693	0.874262
211	0.068539	0.006161	0.000015	0.000004	0.024911	0.000000	0.022109	0.002710	0.875551
212	0.067574	0.006003	0.000011	0.000002	0.024816	0.000000	0.022137	0.002705	0.876752
213	0.066363	0.005921	0.000014	0.000002	0.024685	0.000000	0.022186	0.002739	0.878090
214	0.065441	0.005795	0.000018	0.000000	0.024548	0.000000	0.022211	0.002673	0.879314
215	0.064377	0.005625	0.000023	0.000000	0.024306	0.000000	0.022256	0.002670	0.880743
216	0.063695	0.005548	0.000021	0.000000	0.024191	0.000000	0.022363	0.002648	0.881534
217	0.062779	0.005402	0.000021	0.000000	0.023957	0.000000	0.022350	0.002611	0.882880
218	0.061767	0.005318	0.000024	0.000000	0.023882	0.000000	0.022139	0.002648	0.884222
219	0.060739	0.005228	0.000024	0.000000	0.023670	0.000000	0.022171	0.002601	0.885567
220	0.059435	0.005121	0.000032	0.000000	0.023396	0.000000	0.021981	0.002625	0.887410
221	0.058630	0.005100	0.000028	0.000000	0.023394	0.000000	0.022084	0.002642	0.888122
222	0.057635	0.005089	0.000032	0.000000	0.023075	0.000000	0.022167	0.002592	0.889410
223	0.056899	0.004880	0.000023	0.000000	0.023066	0.000000	0.022267	0.002634	0.890231
224	0.055935	0.004830	0.000031	0.000000	0.023029	0.000000	0.022175	0.002634	0.891366
225	0.055103	0.004791	0.000020	0.000000	0.022955	0.000000	0.022230	0.002669	0.892232
226	0.053909	0.004676	0.000021	0.000000	0.022974	0.000000	0.022270	0.002644	0.893506
227	0.053210	0.004528	0.000030	0.000000	0.022758	0.000000	0.022162	0.002627	0.894685
228	0.052100	0.004375	0.000025	0.000000	0.022690	0.000000	0.022000	0.002611	0.896199
229	0.051252	0.004220	0.000030	0.000000	0.022556	0.000000	0.022142	0.002563	0.897237
230	0.050317	0.004158	0.000021	0.000000	0.022541	0.000000	0.022067	0.002537	0.898359
231	0.049344	0.004020	0.000017	0.000000	0.022416	0.000000	0.022143	0.002500	0.899560
232	0.048325	0.003968	0.000013	0.000000	0.022319	0.000000	0.022055	0.002439	0.900881
233	0.047496	0.003890	0.000012	0.000000	0.022330	0.000000	0.022019	0.002498	0.901755
234	0.046585	0.003880	0.000013	0.000000	0.022275	0.000000	0.021989	0.002552	0.902706
235	0.046051	0.003857	0.000011	0.000000	0.022193	0.000000	0.021855	0.002537	0.903496
236	0.044904	0.003826	0.000004	0.000000	0.022096	0.000000	0.021758	0.002489	0.904923
237	0.044170	0.003793	0.000007	0.000000	0.021865	0.000000	0.021590	0.002446	0.906129
238	0.043441	0.003734	0.000004	0.000000	0.021716	0.000000	0.021523	0.002395	0.907187
239	0.042843	0.003729	0.000002	0.000000	0.021556	0.000000	0.021482	0.002368	0.908020
240	0.041893	0.003664	0.000001	0.000000	0.021461	0.000000	0.021572	0.002330	0.909079
241	0.041112	0.003625	0.000000	0.000000	0.021360	0.000000	0.021544	0.002358	0.910001
242	0.040465	0.003580	0.000000	0.000000	0.021171	0.000000	0.021361	0.002358	0.911065
243	0.039633	0.003455	0.000000	0.000000	0.020924	0.000000	0.021324	0.002311	0.912353
244	0.038855	0.003387	0.000000	0.000000	0.020816	0.000000	0.021451	0.002293	0.913198
245	0.038077	0.003312	0.000000	0.000000	0.020654	0.000000	0.021286	0.002305	0.914366
246	0.037360	0.003270	0.000000	0.000000	0.020539	0.000000	0.021420	0.002260	0.915151
247	0.036829	0.003190	0.000000	0.000000	0.020326	0.000000	0.021409	0.002217	0.916029
248	0.036335	0.003177	0.000000	0.000000	0.020122	0.000000	0.021314	0.002159	0.916893
249	0.035758	0.003122	0.000000	0.000000	0.019964	0.000000	0.021377	0.002102	0.917677
250	0.035116	0.003072	0.000000	0.000000	0.019882	0.000000	0.021307	0.002095	0.918528
251	0.034668	0.002931	0.000000	0.000000	0.019826	0.000000	0.021294	0.002041	0.919240
252	0.034178	0.002866	0.000000	0.000000	0.019722	0.000000	0.021289	0.002083	0.919862
253	0.033666	0.002822	0.000000	0.000000	0.019659	0.000000	0.021272	0.002075	0.920506
254	0.033114	0.002805	0.000000	0.000000	0.019535	0.000000	0.021340	0.002108	0.921098
255	0.032510	0.002829	0.000000	0.000000	0.019262	0.000000	0.021165	0.002140	0.922094
256	0.032105	0.002771	0.000000	0.000000	0.019125	0.000000	0.021044	0.002155	0.922800
257	0.031380	0.002739	0.000000	0.000000	0.018984	0.000000	0.020767	0.002213	0.923917
258	0.030951	0.002672	0.000000	0.000000	0.018986	0.000000	0.020672	0.002207	0.924512
259	0.030219	0.002672	0.000000	0.000000	0.018774	0.000000	0.020721	0.002195	0.925419
260	0.029503	0.002651	0.000000	0.000000	0.018786	0.000000	0.020841	0.002223	0.925996
261	0.029028	0.002620	0.000000	0.000000	0.018739	0.000000	0.020748	0.002168	0.926697
262	0.028196	0.002567	0.000000	0.000000	0.018602	0.000000	0.020751	0.002131	0.927753
263	0.027536	0.002573	0.000000	0.000000	0.018419	0.000000	0.020783	0.002132	0.928557
264	0.027122	0.002495	0.000000	0.000000	0.018157	0.000000	0.020772	0.002075	0.929379
265	0.026634	0.002421	0.000000	0.000000	0.018058	0.000000	0.020799	0.002073	0.930015
266	0.026224	0.002430	0.000000	0.000000	0.017988	0.000000	0.020757	0.002037	0.930564
267	0.025805	0.002377	0.000000	0.000000	0.017867	0.000000	0.020650	0.002047	0.931254
268	0.025283	0.002354	0.000000	0.000000	0.017877	0.000000	0.020879	0.002047	0.931560
269	0.024864	0.002318	0.000000	0.000000	0.017788	0.000000	0.020736	0.002043	0.932251
270	0.024632	0.002344	0.000000	0.000000	0.017635	0.000000	0.020624	0.002017	0.932748
271	0.024227	0.002278	0.000000	0.000000	0.017626	0.000000	0.020548	0.001978	0.933343
272	0.023857	0.002237	0.000000	0.000000	0.017473	0.000000	0.020439	0.001992	0.934002
273	0.023446	0.002170	0.000000	0.000000	0.017397	0.000000	0.020280	0.002011	0.934696
274	0.022961	0.002172	0.000000	0.000000	0.017269	0.000000	0.020423	0.001988	0.935187
275	0.022506	0.002143	0.000000	0.000000	0.017137	0.000000	0.020353	0.001988	0.935873
276	0.022116	0.002134	0.000000	0.000000	0.016937	0.000000	0.020435	0.001976	0.936402
277	0.021732	0.002172	0.000000	0.000000	0.016864	0.000000	0.020529	0.001954	0.936749
278	0.021379	0.002122	0.000000	0.000000	0.016765	0.000000	0.020558	0.002000	0.937176
279	0.020955	0.002121	0.000000	0.000000	0.016605	0.000000	0.020600	0.001996	0.937723
280	0.020618	0.002094	0.000000	0.000000	0.016456	0.000000	0.020484	0.001964	0.938384
281	0.020197	0.002024	0.000000	0.000000	0.016324	0.000000	0.020550	0.002010	0.938895
282	0.019861	0.002023	0.000000	0.000000	0.016218	0.000000	0.020455	0.001956	0.939487
283	0.019415	0.001982	0.000000	0.000000	0.016083	0.000000	0.020437	0.001988	0.940095
284	0.018975	0.001917	0.000000	0.000000	0.016064	0.000000	0.020294	0.001939	0.940811
285	0.018709	0.001864	0.000000	0.000000	0.015917	0.000000	0.020298	0.001942	0.941270
286	0.018389	0.001854	0.000000	0.000000	0.015762	0.000000	0.020232	0.001922	0.941841
287	0.018163	0.001768	0.000000	0.000000	0.015626	0.000000	0.019988	0.001942	0.942513
288	0.017896	0.001689	0.000000	0.000000	0.015486	0.000000	0.020218	0.002007	0.942704
289	0.017511	0.001654	0.000000	0.000000	0.015396	0.000000	0.020336	0.002028	0.943075
290	0.017230	0.001633	0.000000	0.000000	0.015245	0.000000	0.020185	0.002013	0.943694
291	0.016864	0.001686	0.000000	0.000000	0.015139	0.000000	0.020139	0.002058	0.944114
292	0.016551	0.001651	0.000000	0.000000	0.014956	0.000000	0.020105	0.002062	0.944675
293	0.016221	0.001661	0.000000	0.000000	0.014836	0.000000	0.019944	0.002031	0.945307
294	0.015882	0.001606	0.000000	0.000000	0.014793	0.000000	0.019805	0.001999	0.945915
295	0.015391	0.001668	0.000000	0.000000	0.014666	0.000000	0.019676	0.001917	0.946682
296	0.015120	0.001641	0.000000	0.000000	0.014599	0.000000	0.019742	0.001917	0.946981
297	0.015043	0.001625	0.000000	0.000000	0.014473	0.000000	0.019569	0.001979	0.947311
298	0.014701	0.001579	0.000000	0.000000	0.014498	0.000000	0.019520	0.001980	0.947722
299	0.014448	0.001537	0.000000	0.000000	0.014403	0.000000	0.019363	0.001976	0.948273
300	0.014217	0.001515	0.000000	0.000000	0.014364	0.000000	0.019347	0.001985	0.948572
301	0.014003	0.001543	0.000000	0.000000	0.014226	0.000000	0.019344	0.001987	0.948897
302	0.013693	0.001506	0.000000	0.000000	0.014090	0.000000	0.019213	0.002014	0.949484
303	0.013435	0.001479	0.000000	0.000000	0.014000	0.000000	0.019242	0.002036	0.949808
304	0.013222	0.001445	0.000000	0.000000	0.013880	0.000000	0.019127	0.002007	0.950319
305	0.013086	0.001440	0.000000	0.000000	0.013771	0.000000	0.019086	0.002024	0.950593
306	0.012909	0.001424	0.000000	0.000000	0.013637	0.000000	0.019032	0.002013	0.950985
307	0.012792	0.001354	0.000000	0.000000	0.013588	0.000000	0.018980	0.001994	0.951292
308	0.012597	0.001375	0.000000	0.000000	0.013503	0.000000	0.018998	0.001990	0.951537
309	0.012342	0.001313	0.000000	0.000000	0.013328	0.000000	0.018939	0.001993	0.952085
310	0.012099	0.001300	0.000000	0.000000	0.013206	0.000000	0.018775	0.002006	0.952614
311	0.011870	0.001244	0.000000	0.000000	0.013158	0.000000	0.018752	0.001958	0.953018
312	0.011685	0.001253	0.000000	0.000000	0.013006	0.000000	0.018655	0.001967	0.953434
313	0.011434	0.001185	0.000000	0.000000	0.012918	0.000000	0.018685	0.001999	0.953779
314	0.011337	0.001150	0.000000	0.000000	0.012876	0.000000	0.018714	0.001970	0.953953
315	0.011046	0.001144	0.000000	0.000000	0.012894	0.000000	0.018587	0.001938	0.954391
316	0.010824	0.001151	0.000000	0.000000	0.012724	0.000000	0.018591	0.001936	0.954774
317	0.010663	0.001093	0.000000	0.000000	0.012670	0.000000	0.018524	0.001905	0.955145
318	0.010506	0.001085	0.000000	0.000000	0.012626	0.000000	0.018555	0.001854	0.955374
319	0.010316	0.001025	0.000000	0.000000	0.012556	0.000000	0.018552	0.001862	0.955689
320	0.010150	0.001015	0.000000	0.000000	0.012478	0.000000	0.018648	0.001832	0.955877
321	0.009997	0.000990	0.000000	0.000000	0.012364	0.000000	0.018658	0.001829	0.956162
322	0.009855	0.000988	0.000000	0.000000	0.012300	0.000000	0.018593	0.001813	0.956451
323	0.009713	0.000974	0.000000	0.000000	0.012137	0.000000	0.018433	0.001729	0.957014
324	0.009456	0.000927	0.000000	0.000000	0.012093	0.000000	0.018502	0.001724	0.957298
325	0.009255	0.000909	0.000000	0.000000	0.012062	0.000000	0.018540	0.001715	0.957519
326	0.009046	0.000892	0.000000	0.000000	0.011989	0.000000	0.018354	0.001746	0.957973
327	0.008854	0.000870	0.000000	0.000000	0.011892	0.000000	0.018041	0.001714	0.958629
328	0.008657	0.000848	0.000000	0.000000	0.011788	0.000000	0.018147	0.001724	0.958836
329	0.008553	0.000828	0.000000	0.000000	0.011660	0.000000	0.018219	0.001724	0.959016
330	0.008413	0.000825	0.000000	0.000000	0.011589	0.000000	0.018105	0.001686	0.959382
331	0.008289	0.000799	0.000000	0.000000	0.011612	0.000000	0.017964	0.001692	0.959644
332	0.008203	0.000766	0.000000	0.000000	0.011552	0.000000	0.017937	0.001724	0.959818
333	0.008029	0.000748	0.000000	0.000000	0.011472	0.000000	0.017888	0.001688	0.960175
334	0.007922	0.000727	0.000000	0.000000	0.011377	0.000000	0.017955	0.001655	0.960364
335	0.007831	0.000714	0.000000	0.000000	0.011393	0.000000	0.017801	0.001637	0.960624
336	0.007662	0.000694	0.000000	0.000000	0.011360	0.000000	0.017804	0.001682	0.960798
337	0.007422	0.000700	0.000000	0.000000	0.011305	0.000000	0.017656	0.001698	0.961219
338	0.007285	0.000661	0.000000	0.000000	0.011167	0.000000	0.017784	0.001669	0.961434
339	0.007093	0.000636	0.000000	0.000000	0.011084	0.000000	0.017825	0.001634	0.961728
340	0.006981	0.000612	0.000000	0.000000	0.011045	0.000000	0.017722	0.001669	0.961971
341	0.006812	0.000600	0.000000	0.000000	0.010916	0.000000	0.017677	0.001645	0.962350
342	0.006630	0.000592	0.000000	0.000000	0.010798	0.000000	0.017664	0.001623	0.962693
343	0.006470	0.000579	0.000000	0.000000	0.010681	0.000000	0.017588	0.001629	0.963053
344	0.006310	0.000573	0.000000	0.000000	0.010651	0.000000	0.017562	0.001660	0.963244
345	0.006171	0.000581	0.000000	0.000000	0.010535	0.000000	0.017702	0.001659	0.963352
346	0.005994	0.000575	0.000000	0.000000	0.010423	0.000000	0.017807	0.001602	0.963599
347	0.005968	0.000569	0.000000	0.000000	0.010342	0.000000	0.017776	0.001588	0.963757
348	0.005880	0.000557	0.000000	0.000000	0.010227	0.000000	0.017864	0.001565	0.963907
349	0.005854	0.000542	0.000000	0.000000	0.010206	0.000000	0.017843	0.001590	0.963965
350	0.005681	0.000538	0.000000	0.000000	0.010117	0.000000	0.017964	0.001554	0.964146
351	0.005564	0.000535	0.000000	0.000000	0.010036	0.000000	0.017902	0.001559	0.964404
352	0.005418	0.000521	0.000000	0.000000	0.010039	0.000000	0.017786	0.001571	0.964665
353	0.005292	0.000507	0.000000	0.000000	0.010044	0.000000	0.017747	0.001592	0.964818
354	0.005190	0.000481	0.000000	0.000000	0.009998	0.000000	0.017617	0.001598	0.965116
355	0.005133	0.000475	0.000000	0.000000	0.009940	0.000000	0.017710	0.001625	0.965117
356	0.005015	0.000472	0.000000	0.000000	0.009759	0.000000	0.017642	0.001655	0.965457
357	0.004957	0.000473	0.000000	0.000000	0.009743	0.000000	0.017488	0.001626	0.965713
358	0.004916	0.000496	0.000000	0.000000	0.009696	0.000000	0.017508	0.001594	0.965790
359	0.004771	0.000455	0.000000	0.000000	0.009544	0.000000	0.017497	0.001584	0.966149
360	0.004674	0.000434	0.000000	0.000000	0.009457	0.000000	0.017478	0.001555	0.966402
361	0.004566	0.000420	0.000000	0.000000	0.009496	0.000000	0.017484	0.001573	0.966461
362	0.004483	0.000419	0.000000	0.000000	0.009343	0.000000	0.017384	0.001531	0.966840
363	0.004400	0.000430	0.000000	0.000000	0.009322	0.000000	0.017269	0.001531	0.967048
364	0.004268	0.000401	0.000000	0.000000	0.009193	0.000000	0.017275	0.001576	0.967287
365	0.004152	0.000405	0.000000	0.000000	0.009176	0.000000	0.017256	0.001588	0.967423
366	0.004081	0.000379	0.000000	0.000000	0.009167	0.000000	0.017259	0.001567	0.967547
367	0.003990	0.000378	0.000000	0.000000	0.009005	0.000000	0.017299	0.001609	0.967719
368	0.003955	0.000347	0.000000	0.000000	0.008935	0.000000	0.017191	0.001623	0.967949
369	0.003785	0.000324	0.000000	0.000000	0.008834	0.000000	0.017153	0.001664	0.968240
370	0.003695	0.000289	0.000000	0.000000	0.008824	0.000000	0.017206	0.001647	0.968339
371	0.003655	0.000287	0.000000	0.000000	0.008787	0.000000	0.017276	0.001649	0.968346
372	0.003615	0.000287	0.000000	0.000000	0.008714	0.000000	0.017330	0.001648	0.968406
373	0.003568	0.000308	0.000000	0.000000	0.008644	0.000000	0.017281	0.001615	0.968584
374	0.003488	0.000287	0.000000	0.000000	0.008539	0.000000	0.017198	0.001576	0.968912
375	0.003427	0.000286	0.000000	0.000000	0.008462	0.000000	0.017090	0.001572	0.969163
376	0.003320	0.000279	0.000000	0.000000	0.008477	0.000000	0.017079	0.001577	0.969268
377	0.003226	0.000270	0.000000	0.000000	0.008369	0.000000	0.017187	0.001554	0.969394
378	0.003139	0.000271	0.000000	0.000000	0.008275	0.000000	0.017078	0.001546	0.969691
379	0.003077	0.000247	0.000000	0.000000	0.008213	0.000000	0.017040	0.001590	0.969833
380	0.003086	0.000228	0.000000	0.000000	0.008129	0.000000	0.016921	0.001604	0.970032
381	0.003038	0.000209	0.000000	0.000000	0.008027	0.000000	0.016700	0.001611	0.970415
382	0.003000	0.000205	0.000000	0.000000	0.007974	0.000000	0.016702	0.001614	0.970505
383	0.002923	0.000208	0.000000	0.000000	0.007956	0.000000	0.016535	0.001633	0.970745
384	0.002901	0.000206	0.000000	0.000000	0.007918	0.000000	0.016598	0.001607	0.970770
385	0.002874	0.000199	0.000000	0.000000	0.007896	0.000000	0.016738	0.001573	0.970720
386	0.002836	0.000196	0.000000	0.000000	0.007857	0.000000	0.016698	0.001540	0.970873
387	0.002796	0.000195	0.000000	0.000000	0.007712	0.000000	0.016749	0.001521	0.971027
388	0.002783	0.000169	0.000000	0.000000	0.007635	0.000000	0.016714	0.001552	0.971147
389	0.002702	0.000168	0.000000	0.000000	0.007488	0.000000	0.016843	0.001594	0.971205
390	0.002639	0.000155	0.000000	0.000000	0.007500	0.000000	0.016652	0.001637	0.971417
391	0.002616	0.000163	0.000000	0.000000	0.007449	0.000000	0.016604	0.001679	0.971489
392	0.002532	0.000149	0.000000	0.000000	0.007299	0.000000	0.016520	0.001692	0.971808
393	0.002524	0.000135	0.000000	0.000000	0.007310	0.000000	0.016546	0.001737	0.971748
394	0.002497	0.000132	0.000000	0.000000	0.007254	0.000000	0.016526	0.001727	0.971864
395	0.002439	0.000117	0.000000	0.000000	0.007199	0.000000	0.016574	0.001763	0.971908
396	0.002393	0.000112	0.000000	0.000000	0.007095	0.000000	0.016452	0.001740	0.972208
397	0.002399	0.000114	0.000000	0.000000	0.007101	0.000000	0.016512	0.001780	0.972094
398	0.002398	0.000099	0.000000	0.000000	0.007048	0.000000	0.016505	0.001742	0.972208
399	0.002327	0.000098	0.000000	0.000000	0.006989	0.000000	0.016608	0.001706	0.972272
400	0.002320	0.000104	0.000000	0.000000	0.006953	0.000000	0.016662	0.001618	0.972343
401	0.002320	0.000106	0.000000	0.000000	0.006943	0.000000	0.016679	0.001635	0.972317
402	0.002251	0.000104	0.000000	0.000000	0.006887	0.000000	0.016615	0.001620	0.972523
403	0.002224	0.000091	0.000000	0.000000	0.006827	0.000000	0.016728	0.001665	0.972465
404	0.002180	0.000096	0.000000	0.000000	0.006757	0.000000	0.016894	0.001610	0.972463
405	0.002171	0.000102	0.000000	0.000000	0.006680	0.000000	0.016822	0.001611	0.972614
406	0.002149	0.000098	0.000000	0.000000	0.006630	0.000000	0.016837	0.001652	0.972634
407	0.002080	0.000101	0.000000	0.000000	0.006633	0.000000	0.016902	0.001673	0.972611
408	0.002077	0.000107	0.000000	0.000000	0.006582	0.000000	0.016814	0.001613	0.972807
409	0.002042	0.000104	0.000000	0.000000	0.006512	0.000000	0.016798	0.001607	0.972937
410	0.002057	0.000090	0.000000	0.000000	0.006368	0.000000	0.016733	0.001652	0.973100
411	0.002020	0.000101	0.000000	0.000000	0.006330	0.000000	0.016809	0.001669	0.973071
412	0.001971	0.000098	0.000000	0.000000	0.006334	0.000000	0.016879	0.001665	0.973053
413	0.001961	0.000094	0.000000	0.000000	0.006226	0.000000	0.016664	0.001693	0.973362
414	0.001931	0.000095	0.000000	0.000000	0.006104	0.000000	0.016692	0.001683	0.973495
415	0.001894	0.000095	0.000000	0.000000	0.006094	0.000000	0.016627	0.001796	0.973494
416	0.001871	0.000090	0.000000	0.000000	0.006062	0.000000	0.016730	0.001785	0.973462
417	0.001862	0.000086	0.000000	0.000000	0.006019	0.000000	0.016623	0.001812	0.973598
418	0.001875	0.000078	0.000000	0.000000	0.006040	0.000000	0.016665	0.001802	0.973540
419	0.001862	0.000076	0.000000	0.000000	0.006014	0.000000	0.016863	0.001839	0.973346
420	0.001814	0.000088	0.000000	0.000000	0.006042	0.000000	0.016832	0.001848	0.973376
421	0.001802	0.000091	0.000000	0.000000	0.005913	0.000000	0.016813	0.001903	0.973478
422	0.001793	0.000088	0.000000	0.000000	0.005884	0.000000	0.016661	0.001892	0.973682
423	0.001750	0.000079	0.000000	0.000000	0.005914	0.000000	0.016716	0.001904	0.973637
424	0.001728	0.000079	0.000000	0.000000	0.005865	0.000000	0.016653	0.001862	0.973813
425	0.001711	0.000076	0.000000	0.000000	0.005806	0.000000	0.016445	0.001846	0.974116
426	0.001663	0.000077	0.000000	0.000000	0.005847	0.000000	0.016291	0.001837	0.974285
427	0.001659	0.000068	0.000000	0.000000	0.005792	0.000000	0.016218	0.001843	0.974420
428	0.001648	0.000063	0.000000	0.000000	0.005755	0.000000	0.016197	0.001805	0.974532
429	0.001667	0.000056	0.000000	0.000000	0.005735	0.000000	0.016272	0.001808	0.974462
430	0.001608	0.000052	0.000000	0.000000	0.005692	0.000000	0.016271	0.001823	0.974554
431	0.001604	0.000046	0.000000	0.000000	0.005710	0.000000	0.016364	0.001830	0.974446
432	0.001598	0.000047	0.000000	0.000000	0.005705	0.000000	0.016499	0.001819	0.974332
433	0.001588	0.000046	0.000000	0.000000	0.005673	0.000000	0.016479	0.001814	0.974400
434	0.001556	0.000035	0.000000	0.000000	0.005647	0.000000	0.016538	0.001883	0.974341
435	0.001563	0.000035	0.000000	0.000000	0.005612	0.000000	0.016603	0.001875	0.974312
436	0.001531	0.000035	0.000000	0.000000	0.005576	0.000000	0.016657	0.001871	0.974330
437	0.001562	0.000043	0.000000	0.000000	0.005490	0.000000	0.016844	0.001851	0.974210
438	0.001497	0.000040	0.000000	0.000000	0.005468	0.000000	0.016848	0.001847	0.974300
439	0.001447	0.000044	0.000000	0.000000	0.005454	0.000000	0.016837	0.001826	0.974392
440	0.001477	0.000042	0.000000	0.000000	0.005431	0.000000	0.016963	0.001834	0.974253
441	0.001437	0.000042	0.000000	0.000000	0.005345	0.000000	0.016937	0.001846	0.974393
442	0.001420	0.000037	0.000000	0.000000	0.005308	0.000000	0.017016	0.001837	0.974382
443	0.001380	0.000047	0.000000	0.000000	0.005199	0.000000	0.017096	0.001894	0.974384
444	0.001346	0.000043	0.000000	0.000000	0.005141	0.000000	0.017054	0.001802	0.974614
445	0.001332	0.000042	0.000000	0.000000	0.005092	0.000000	0.017161	0.001808	0.974565
446	0.001309	0.000042	0.000000	0.000000	0.005098	0.000000	0.017068	0.001829	0.974654
447	0.001265	0.000036	0.000000	0.000000	0.005061	0.000000	0.017141	0.001801	0.974696
448	0.001249	0.000029	0.000000	0.000000	0.005041	0.000000	0.017085	0.001792	0.974804
449	0.001233	0.000026	0.000000	0.000000	0.004980	0.000000	0.017016	0.001802	0.974943
450	0.001243	0.000019	0.000000	0.000000	0.004931	0.000000	0.017118	0.001797	0.974892
451	0.001213	0.000019	0.000000	0.000000	0.004882	0.000000	0.017199	0.001707	0.974980
452	0.001194	0.000016	0.000000	0.000000	0.004871	0.000000	0.017195	0.001695	0.975029
453	0.001177	0.000015	0.000000	0.000000	0.004852	0.000000	0.017222	0.001750	0.974984
454	0.001142	0.000012	0.000000	0.000000	0.004785	0.000000	0.016915	0.001734	0.975412
455	0.001126	0.000013	0.000000	0.000000	0.004736	0.000000	0.016911	0.001720	0.975494
456	0.001125	0.000010	0.000000	0.000000	0.004688	0.000000	0.016916	0.001705	0.975556
457	0.001140	0.000007	0.000000	0.000000	0.004699	0.000000	0.016940	0.001727	0.975487
458	0.001120	0.000008	0.000000	0.000000	0.004644	0.000000	0.016991	0.001759	0.975478
459	0.001127	0.000003	0.000000	0.000000	0.004609	0.000000	0.017055	0.001755	0.975451
460	0.001103	0.000002	0.000000	0.000000	0.004498	0.000000	0.016965	0.001754	0.975678
461	0.001097	0.000002	0.000000	0.000000	0.004485	0.000000	0.017014	0.001726	0.975676
462	0.001066	0.000002	0.000000	0.000000	0.004423	0.000000	0.016903	0.001691	0.975915
463	0.001072	0.000003	0.000000	0.000000	0.004367	0.000000	0.017051	0.001715	0.975792
464	0.001049	0.000006	0.000000	0.000000	0.004312	0.000000	0.016946	0.001717	0.975970
465	0.001046	0.000003	0.000000	0.000000	0.004273	0.000000	0.016917	0.001684	0.976077
466	0.001023	0.000004	0.000000	0.000000	0.004216	0.000000	0.016737	0.001698	0.976322
467	0.001000	0.000003	0.000000	0.000000	0.004133	0.000000	0.016736	0.001688	0.976440
468	0.000980	0.000002	0.000000	0.000000	0.004115	0.000000	0.016805	0.001620	0.976478
469	0.000972	0.000002	0.000000	0.000000	0.004097	0.000000	0.016761	0.001639	0.976529
470	0.000972	0.000002	0.000000	0.000000	0.004108	0.000000	0.016753	0.001651	0.976514
