0	0.290663	0.057897	0.229473	0.157588	0.029913	0.111872	0.085455	0.012259	0.024880
1	0.226832	0.047203	0.196668	0.136654	0.027997	0.120397	0.124918	0.024104	0.095227
2	0.223344	0.045815	0.192762	0.128688	0.027691	0.114181	0.130911	0.025876	0.110732
3	0.226978	0.045643	0.189538	0.121969	0.027758	0.106245	0.133683	0.025923	0.122263
4	0.231982	0.045775	0.185709	0.116645	0.028049	0.098363	0.135046	0.025696	0.132735
5	0.237313	0.045557	0.181920	0.111964	0.028290	0.091391	0.135532	0.025527	0.142506
6	0.243016	0.045732	0.178198	0.106671	0.029134	0.084483	0.135266	0.025194	0.152306
7	0.248924	0.045482	0.173504	0.101793	0.030105	0.078582	0.135023	0.024734	0.161853
8	0.254613	0.045338	0.169028	0.097878	0.030943	0.072640	0.133956	0.024158	0.171446
9	0.260726	0.045531	0.164050	0.094013	0.031903	0.067000	0.132510	0.023504	0.180763
10	0.267048	0.045208	0.159644	0.090192	0.033093	0.061664	0.130391	0.023085	0.189675
11	0.273184	0.045483	0.154772	0.086229	0.034190	0.056891	0.128065	0.022302	0.198884
12	0.279292	0.045022	0.150370	0.083009	0.035397	0.052250	0.126376	0.021805	0.206479
13	0.285671	0.045234	0.145361	0.079544	0.036618	0.047903	0.123828	0.021176	0.214665
14	0.291398	0.045252	0.140445	0.076662	0.037976	0.043773	0.121727	0.020365	0.222402
15	0.297296	0.045060	0.135592	0.073810	0.039422	0.040406	0.119061	0.019715	0.229638
16	0.303396	0.045021	0.131036	0.070650	0.040936	0.037449	0.115416	0.019118	0.236978
17	0.309247	0.044580	0.126771	0.067509	0.042192	0.034308	0.112760	0.018321	0.244312
18	0.315065	0.044628	0.121618	0.064630	0.043901	0.031695	0.109383	0.017676	0.251404
19	0.320021	0.044564	0.117648	0.061851	0.045397	0.029231	0.106284	0.017036	0.257968
20	0.325898	0.044417	0.113179	0.059392	0.047027	0.026854	0.102711	0.016469	0.264053
21	0.331261	0.044246	0.108688	0.056742	0.048770	0.024735	0.099383	0.016071	0.270104
22	0.336278	0.044107	0.104243	0.054256	0.050556	0.022930	0.096097	0.015446	0.276087
23	0.341304	0.043786	0.100482	0.051959	0.052181	0.020987	0.092532	0.014836	0.281933
24	0.346368	0.043520	0.096042	0.049857	0.054442	0.019210	0.089760	0.014216	0.286585
25	0.350170	0.043297	0.092133	0.048001	0.056170	0.017828	0.086811	0.013542	0.292048
26	0.354820	0.043014	0.087970	0.045793	0.058468	0.016378	0.083380	0.012973	0.297204
27	0.359046	0.042654	0.084002	0.043976	0.060477	0.015096	0.080826	0.012326	0.301597
28	0.362893	0.042476	0.080445	0.042256	0.062495	0.013858	0.078290	0.011802	0.305485
29	0.367084	0.042092	0.077073	0.040384	0.064927	0.012906	0.075067	0.011325	0.309142
30	0.371026	0.041746	0.073890	0.038679	0.067141	0.011914	0.071982	0.010854	0.312768
31	0.374061	0.041395	0.070639	0.037108	0.069826	0.010925	0.068770	0.010236	0.317040
32	0.377190	0.041001	0.067466	0.035531	0.072306	0.010181	0.066229	0.009802	0.320294
33	0.380053	0.040674	0.064231	0.034533	0.074610	0.009431	0.063722	0.009278	0.323468
34	0.383313	0.039724	0.061607	0.032967	0.077217	0.008753	0.061051	0.008841	0.326527
35	0.385844	0.039208	0.058527	0.031593	0.080028	0.008023	0.058509	0.008462	0.329806
36	0.387843	0.038719	0.055828	0.030565	0.082718	0.007493	0.056250	0.008072	0.332512
37	0.390504	0.038205	0.052948	0.029235	0.085263	0.006887	0.053944	0.007667	0.335347
38	0.392463	0.037907	0.050452	0.028088	0.088220	0.006444	0.051694	0.007256	0.337476
39	0.394758	0.037248	0.048069	0.027057	0.091192	0.005845	0.049287	0.006934	0.339610
40	0.396166	0.037072	0.045522	0.025985	0.094342	0.005388	0.047345	0.006503	0.341677
41	0.398136	0.036697	0.043291	0.025048	0.097651	0.005076	0.045336	0.006163	0.342602
42	0.399456	0.035988	0.041136	0.024153	0.100395	0.004768	0.043467	0.005871	0.344766
43	0.400767	0.035376	0.039172	0.023483	0.103516	0.004460	0.041470	0.005570	0.346186
44	0.401903	0.035040	0.037514	0.022512	0.106530	0.004088	0.039566	0.005330	0.347517
45	0.402786	0.034632	0.035438	0.021638	0.110062	0.003777	0.037634	0.005031	0.349002
46	0.403261	0.034408	0.033587	0.020747	0.113396	0.003619	0.036130	0.004729	0.350123
47	0.404507	0.033925	0.031677	0.020303	0.117317	0.003327	0.034159	0.004574	0.350211
48	0.405238	0.033440	0.029886	0.019628	0.120650	0.003039	0.032897	0.004392	0.350830
49	0.405812	0.032774	0.028471	0.019115	0.124238	0.002804	0.031367	0.004156	0.351263
50	0.406225	0.032381	0.026685	0.018354	0.127706	0.002589	0.030030	0.003871	0.352159
51	0.406483	0.032205	0.025491	0.017673	0.131111	0.002376	0.028648	0.003646	0.352367
52	0.406856	0.031781	0.024413	0.017026	0.134739	0.002175	0.027387	0.003447	0.352176
53	0.406965	0.031093	0.023182	0.016572	0.138932	0.002044	0.026021	0.003287	0.351904
54	0.407323	0.030453	0.021890	0.016160	0.142897	0.001897	0.024910	0.003134	0.351336
55	0.407395	0.030266	0.021067	0.015589	0.146347	0.001756	0.023612	0.003001	0.350967
56	0.406861	0.029713	0.020052	0.015268	0.150591	0.001606	0.022557	0.002816	0.350536
57	0.406963	0.029262	0.018980	0.014706	0.154106	0.001510	0.021688	0.002670	0.350115
58	0.406152	0.028628	0.017888	0.014428	0.158575	0.001348	0.020446	0.002626	0.349909
59	0.405573	0.028147	0.016912	0.014046	0.163016	0.001265	0.019610	0.002471	0.348960
60	0.404901	0.027951	0.016029	0.013572	0.167103	0.001172	0.018772	0.002435	0.348065
61	0.404424	0.027286	0.015294	0.013403	0.171354	0.001107	0.017821	0.002260	0.347051
62	0.403746	0.026752	0.014578	0.013288	0.175423	0.001046	0.016951	0.002146	0.346070
63	0.402977	0.026288	0.013848	0.012852	0.179501	0.000976	0.016213	0.002039	0.345306
64	0.401356	0.026031	0.013247	0.012562	0.184244	0.000912	0.015584	0.002010	0.344054
65	0.400752	0.025522	0.012713	0.012344	0.188662	0.000853	0.014894	0.001887	0.342373
66	0.398851	0.025077	0.012170	0.012062	0.193388	0.000806	0.014161	0.001793	0.341692
67	0.397826	0.024922	0.011499	0.011833	0.198013	0.000780	0.013489	0.001735	0.339903
68	0.396837	0.024517	0.011037	0.011688	0.202552	0.000724	0.012803	0.001613	0.338229
69	0.394829	0.024258	0.010445	0.011305	0.207585	0.000676	0.012386	0.001551	0.336965
70	0.393431	0.024100	0.010005	0.010958	0.212724	0.000655	0.011822	0.001532	0.334773
71	0.392366	0.023391	0.009468	0.010658	0.217171	0.000641	0.011190	0.001447	0.333668
72	0.390658	0.022948	0.008852	0.010483	0.222300	0.000608	0.010668	0.001410	0.332073
73	0.389243	0.022585	0.008485	0.010356	0.227093	0.000582	0.010227	0.001346	0.330083
74	0.387296	0.022102	0.008068	0.010223	0.231959	0.000571	0.009736	0.001267	0.328778
75	0.385866	0.021624	0.007775	0.010095	0.236710	0.000476	0.009353	0.001144	0.326957
76	0.383725	0.021256	0.007225	0.009899	0.241852	0.000484	0.008800	0.001085	0.325674
77	0.381862	0.020850	0.006999	0.009745	0.247232	0.000451	0.008379	0.001063	0.323419
78	0.380220	0.020449	0.006604	0.009522	0.252315	0.000429	0.008020	0.001021	0.321420
79	0.378166	0.020064	0.006253	0.009432	0.257982	0.000424	0.007678	0.000975	0.319026
80	0.376198	0.019755	0.005955	0.009213	0.263397	0.000383	0.007377	0.000951	0.316771
81	0.373882	0.019293	0.005737	0.009233	0.268963	0.000348	0.007046	0.000884	0.314614
82	0.371651	0.018777	0.005430	0.009131	0.274414	0.000349	0.006745	0.000818	0.312685
83	0.369318	0.018303	0.005159	0.009052	0.280332	0.000326	0.006407	0.000770	0.310333
84	0.366623	0.017836	0.004920	0.008886	0.286179	0.000347	0.006008	0.000740	0.308461
85	0.364988	0.017479	0.004724	0.008762	0.291221	0.000324	0.005850	0.000740	0.305912
86	0.362267	0.017131	0.004486	0.008743	0.296685	0.000317	0.005609	0.000677	0.304085
87	0.359943	0.016927	0.004405	0.008542	0.302295	0.000279	0.005330	0.000638	0.301641
88	0.357021	0.016474	0.004176	0.008493	0.308346	0.000276	0.005066	0.000625	0.299523
89	0.354627	0.016104	0.004085	0.008343	0.313831	0.000264	0.004803	0.000591	0.297352
90	0.351938	0.015740	0.003862	0.008209	0.319806	0.000247	0.004597	0.000565	0.295036
91	0.349293	0.015520	0.003699	0.008178	0.325732	0.000217	0.004430	0.000530	0.292401
92	0.346905	0.015100	0.003535	0.008117	0.331378	0.000223	0.004187	0.000486	0.290069
93	0.344323	0.014731	0.003357	0.007986	0.337357	0.000212	0.004010	0.000455	0.287569
94	0.341704	0.014475	0.003148	0.008015	0.343158	0.000202	0.003814	0.000440	0.285044
95	0.338680	0.014151	0.003092	0.008028	0.349164	0.000209	0.003596	0.000415	0.282665
96	0.336187	0.013898	0.002932	0.008009	0.355142	0.000205	0.003397	0.000405	0.279825
97	0.333531	0.013722	0.002840	0.007909	0.360929	0.000202	0.003297	0.000401	0.277169
98	0.330840	0.013502	0.002748	0.007850	0.366876	0.000181	0.003096	0.000337	0.274570
99	0.328548	0.013190	0.002568	0.007828	0.372536	0.000175	0.002970	0.000356	0.271829
100	0.325596	0.012811	0.002397	0.007775	0.378507	0.000172	0.002828	0.000332	0.269582
101	0.323433	0.012478	0.002265	0.007741	0.384395	0.000167	0.002711	0.000320	0.266490
102	0.320338	0.012079	0.002185	0.007613	0.390606	0.000145	0.002544	0.000293	0.264197
103	0.317726	0.011895	0.002108	0.007441	0.396509	0.000139	0.002429	0.000247	0.261506
104	0.315058	0.011526	0.002043	0.007490	0.402552	0.000155	0.002341	0.000254	0.258581
105	0.312718	0.011176	0.001918	0.007354	0.408769	0.000147	0.002177	0.000220	0.255521
106	0.309512	0.010952	0.001847	0.007393	0.414816	0.000152	0.002121	0.000227	0.252980
107	0.306442	0.010642	0.001715	0.007389	0.421146	0.000133	0.002078	0.000217	0.250238
108	0.303183	0.010243	0.001662	0.007409	0.427477	0.000148	0.002020	0.000205	0.247653
109	0.299945	0.010003	0.001650	0.007341	0.433301	0.000158	0.001895	0.000210	0.245497
110	0.296791	0.009718	0.001568	0.007326	0.439625	0.000143	0.001786	0.000199	0.242844
111	0.294054	0.009525	0.001521	0.007346	0.445716	0.000152	0.001708	0.000187	0.239791
112	0.290915	0.009249	0.001472	0.007273	0.451827	0.000148	0.001662	0.000191	0.237263
113	0.287537	0.009051	0.001409	0.007278	0.458197	0.000137	0.001563	0.000201	0.234627
114	0.284627	0.008916	0.001294	0.007201	0.463979	0.000146	0.001533	0.000196	0.232108
115	0.281566	0.008674	0.001246	0.007095	0.470024	0.000149	0.001445	0.000194	0.229607
116	0.278639	0.008386	0.001187	0.007058	0.476281	0.000150	0.001428	0.000150	0.226721
117	0.275692	0.008248	0.001123	0.006897	0.482786	0.000132	0.001321	0.000161	0.223640
118	0.272604	0.008070	0.001102	0.006788	0.488975	0.000120	0.001283	0.000154	0.220904
119	0.269363	0.007834	0.001076	0.006847	0.494997	0.000119	0.001198	0.000145	0.218421
120	0.266637	0.007568	0.001000	0.006738	0.501225	0.000103	0.001178	0.000144	0.215407
121	0.263594	0.007458	0.000972	0.006777	0.507343	0.000087	0.001090	0.000152	0.212527
122	0.259895	0.007286	0.000930	0.006782	0.513890	0.000093	0.001049	0.000131	0.209944
123	0.257380	0.006998	0.000898	0.006814	0.519948	0.000110	0.000976	0.000135	0.206741
124	0.253931	0.006905	0.000872	0.006705	0.526050	0.000100	0.000904	0.000129	0.204404
125	0.250548	0.006568	0.000845	0.006729	0.532576	0.000076	0.000898	0.000132	0.201628
126	0.247012	0.006304	0.000796	0.006692	0.538999	0.000079	0.000871	0.000129	0.199118
127	0.243976	0.006190	0.000787	0.006695	0.544861	0.000082	0.000869	0.000120	0.196420
128	0.240629	0.006055	0.000739	0.006687	0.551080	0.000094	0.000833	0.000106	0.193777
129	0.237868	0.005854	0.000703	0.006631	0.556743	0.000085	0.000819	0.000102	0.191195
130	0.234940	0.005778	0.000637	0.006603	0.562530	0.000084	0.000733	0.000103	0.188592
131	0.232235	0.005563	0.000600	0.006696	0.568026	0.000081	0.000732	0.000101	0.185966
132	0.229526	0.005449	0.000579	0.006707	0.573818	0.000068	0.000641	0.000103	0.183109
133	0.226622	0.005354	0.000552	0.006678	0.579770	0.000058	0.000605	0.000088	0.180273
134	0.223453	0.005063	0.000511	0.006560	0.585692	0.000068	0.000585	0.000074	0.177994
135	0.220324	0.004929	0.000476	0.006518	0.591367	0.000067	0.000556	0.000073	0.175690
136	0.217152	0.004818	0.000484	0.006525	0.597231	0.000064	0.000503	0.000061	0.173162
137	0.214553	0.004680	0.000482	0.006455	0.603073	0.000060	0.000515	0.000066	0.170116
138	0.211110	0.004615	0.000466	0.006569	0.608663	0.000058	0.000495	0.000065	0.167959
139	0.208486	0.004428	0.000413	0.006510	0.614448	0.000049	0.000498	0.000070	0.165098
140	0.205188	0.004228	0.000381	0.006512	0.620538	0.000053	0.000458	0.000068	0.162574
141	0.202276	0.004119	0.000392	0.006625	0.625785	0.000052	0.000415	0.000057	0.160279
142	0.199148	0.003919	0.000392	0.006666	0.631652	0.000054	0.000368	0.000058	0.157743
143	0.196181	0.003825	0.000387	0.006552	0.637291	0.000058	0.000361	0.000046	0.155299
144	0.193108	0.003714	0.000357	0.006503	0.643022	0.000058	0.000362	0.000046	0.152830
145	0.189713	0.003584	0.000353	0.006459	0.648372	0.000060	0.000357	0.000045	0.151057
146	0.186982	0.003517	0.000341	0.006462	0.653733	0.000054	0.000347	0.000042	0.148522
147	0.183827	0.003428	0.000329	0.006466	0.659090	0.000062	0.000316	0.000042	0.146440
148	0.180512	0.003447	0.000339	0.006520	0.664912	0.000055	0.000312	0.000036	0.143867
149	0.177488	0.003331	0.000335	0.006602	0.670278	0.000056	0.000264	0.000040	0.141606
150	0.174467	0.003276	0.000331	0.006628	0.675538	0.000044	0.000242	0.000037	0.139437
151	0.171724	0.003160	0.000324	0.006559	0.680670	0.000050	0.000249	0.000030	0.137234
152	0.169029	0.003001	0.000281	0.006540	0.685676	0.000050	0.000228	0.000023	0.135172
153	0.166083	0.002906	0.000271	0.006543	0.691318	0.000048	0.000213	0.000021	0.132597
154	0.163429	0.002899	0.000246	0.006433	0.696384	0.000045	0.000206	0.000017	0.130341
155	0.160948	0.002742	0.000215	0.006505	0.701501	0.000044	0.000190	0.000013	0.127842
156	0.158196	0.002754	0.000191	0.006546	0.706250	0.000044	0.000197	0.000009	0.125813
157	0.155078	0.002634	0.000178	0.006572	0.711478	0.000048	0.000189	0.000010	0.123813
158	0.152411	0.002575	0.000154	0.006617	0.716496	0.000042	0.000160	0.000007	0.121538
159	0.149731	0.002501	0.000170	0.006591	0.721618	0.000034	0.000125	0.000008	0.119222
160	0.147138	0.002417	0.000173	0.006571	0.726183	0.000036	0.000108	0.000007	0.117367
161	0.144735	0.002335	0.000170	0.006517	0.730856	0.000036	0.000108	0.000006	0.115237
162	0.142351	0.002243	0.000161	0.006597	0.735236	0.000036	0.000100	0.000008	0.113268
163	0.139704	0.002159	0.000158	0.006509	0.740215	0.000035	0.000097	0.000007	0.111116
164	0.137162	0.002115	0.000156	0.006529	0.744825	0.000043	0.000102	0.000008	0.109060
165	0.134406	0.002109	0.000153	0.006550	0.749665	0.000042	0.000094	0.000006	0.106975
166	0.131792	0.002014	0.000144	0.006472	0.754455	0.000042	0.000086	0.000003	0.104992
167	0.129400	0.001945	0.000148	0.006511	0.758989	0.000036	0.000088	0.000003	0.102880
168	0.127097	0.001919	0.000147	0.006469	0.763538	0.000034	0.000098	0.000006	0.100692
169	0.124578	0.001873	0.000139	0.006398	0.767883	0.000020	0.000098	0.000007	0.099004
170	0.122509	0.001794	0.000134	0.006441	0.772231	0.000028	0.000096	0.000006	0.096761
171	0.120218	0.001701	0.000145	0.006477	0.776108	0.000028	0.000081	0.000006	0.095236
172	0.117791	0.001651	0.000151	0.006534	0.780281	0.000032	0.000081	0.000009	0.093470
173	0.115330	0.001615	0.000140	0.006467	0.784707	0.000020	0.000087	0.000009	0.091625
174	0.112752	0.001619	0.000127	0.006525	0.788974	0.000027	0.000080	0.000011	0.089885
175	0.110189	0.001598	0.000140	0.006522	0.793535	0.000030	0.000078	0.000007	0.087901
176	0.107774	0.001557	0.000145	0.006582	0.797611	0.000038	0.000076	0.000004	0.086213
177	0.105674	0.001493	0.000137	0.006570	0.801618	0.000030	0.000073	0.000006	0.084399
178	0.103638	0.001500	0.000135	0.006564	0.805074	0.000041	0.000080	0.000003	0.082965
179	0.101535	0.001484	0.000126	0.006536	0.808908	0.000044	0.000077	0.000004	0.081286
180	0.099787	0.001403	0.000123	0.006576	0.812219	0.000046	0.000063	0.000008	0.079775
181	0.097693	0.001360	0.000120	0.006589	0.815816	0.000039	0.000061	0.000008	0.078314
182	0.095200	0.001260	0.000114	0.006641	0.819739	0.000046	0.000059	0.000005	0.076936
183	0.093308	0.001219	0.000111	0.006628	0.822970	0.000043	0.000065	0.000003	0.075653
184	0.091360	0.001199	0.000115	0.006771	0.826480	0.000048	0.000062	0.000000	0.073965
185	0.089275	0.001176	0.000130	0.006798	0.830051	0.000047	0.000062	0.000000	0.072461
186	0.087105	0.001153	0.000126	0.006701	0.833826	0.000049	0.000056	0.000000	0.070984
187	0.085166	0.001124	0.000108	0.006671	0.837416	0.000052	0.000049	0.000000	0.069414
188	0.083395	0.001060	0.000117	0.006565	0.840613	0.000057	0.000056	0.000000	0.068137
189	0.081799	0.001051	0.000096	0.006527	0.843904	0.000051	0.000056	0.000000	0.066516
190	0.079918	0.001027	0.000093	0.006454	0.847161	0.000049	0.000045	0.000000	0.065253
191	0.078124	0.000968	0.000074	0.006583	0.850129	0.000042	0.000049	0.000000	0.064031
192	0.076533	0.000926	0.000070	0.006628	0.853298	0.000052	0.000043	0.000000	0.062450
193	0.074748	0.000891	0.000076	0.006535	0.856555	0.000044	0.000037	0.000000	0.061114
194	0.072955	0.000866	0.000066	0.006437	0.859904	0.000036	0.000033	0.000000	0.059703
195	0.071223	0.000809	0.000068	0.006393	0.863017	0.000031	0.000032	0.000000	0.058427
196	0.069632	0.000758	0.000056	0.006346	0.865753	0.000031	0.000031	0.000000	0.057393
197	0.067825	0.000736	0.000057	0.006311	0.868913	0.000031	0.000029	0.000000	0.056098
198	0.066366	0.000693	0.000052	0.006389	0.871693	0.000039	0.000029	0.000000	0.054739
199	0.064862	0.000635	0.000043	0.006489	0.874216	0.000033	0.000032	0.000000	0.053690
200	0.063079	0.000595	0.000036	0.006381	0.877151	0.000025	0.000033	0.000000	0.052700
201	0.061427	0.000571	0.000043	0.006334	0.880039	0.000034	0.000031	0.000000	0.051521
202	0.059821	0.000551	0.000039	0.006351	0.882801	0.000031	0.000026	0.000000	0.050380
203	0.058147	0.000515	0.000042	0.006305	0.885679	0.000032	0.000027	0.000000	0.049253
204	0.056876	0.000502	0.000048	0.006321	0.888064	0.000036	0.000024	0.000000	0.048129
205	0.055291	0.000495	0.000040	0.006271	0.890500	0.000036	0.000020	0.000000	0.047347
206	0.054120	0.000474	0.000041	0.006270	0.892936	0.000043	0.000015	0.000000	0.046101
207	0.052831	0.000459	0.000039	0.006318	0.895191	0.000038	0.000017	0.000000	0.045107
208	0.051517	0.000484	0.000032	0.006356	0.897624	0.000038	0.000018	0.000000	0.043931
209	0.050420	0.000452	0.000036	0.006349	0.899644	0.000040	0.000013	0.000000	0.043046
210	0.049164	0.000450	0.000035	0.006391	0.901666	0.000043	0.000012	0.000000	0.042239
211	0.047687	0.000436	0.000031	0.006350	0.904206	0.000043	0.000011	0.000000	0.041236
212	0.046323	0.000402	0.000028	0.006463	0.906346	0.000050	0.000010	0.000000	0.040378
213	0.045013	0.000391	0.000030	0.006475	0.908694	0.000047	0.000012	0.000000	0.039338
214	0.043811	0.000392	0.000028	0.006424	0.910953	0.000045	0.000011	0.000000	0.038336
215	0.042780	0.000357	0.000026	0.006363	0.912789	0.000045	0.000006	0.000000	0.037634
216	0.041607	0.000335	0.000022	0.006367	0.914872	0.000047	0.000006	0.000000	0.036744
217	0.040428	0.000313	0.000020	0.006354	0.916921	0.000054	0.000003	0.000000	0.035907
218	0.039339	0.000290	0.000021	0.006384	0.918866	0.000058	0.000003	0.000000	0.035039
219	0.038440	0.000290	0.000015	0.006300	0.920827	0.000057	0.000002	0.000000	0.034069
220	0.037392	0.000273	0.000018	0.006311	0.922548	0.000062	0.000004	0.000000	0.033392
221	0.035999	0.000271	0.000014	0.006278	0.924821	0.000059	0.000004	0.000000	0.032554
222	0.035013	0.000245	0.000015	0.006326	0.926541	0.000055	0.000002	0.000000	0.031803
223	0.033936	0.000244	0.000013	0.006322	0.928351	0.000056	0.000002	0.000000	0.031076
224	0.033090	0.000222	0.000015	0.006304	0.929805	0.000053	0.000003	0.000000	0.030508
225	0.032285	0.000218	0.000013	0.006305	0.931383	0.000062	0.000001	0.000000	0.029733
226	0.031375	0.000197	0.000013	0.006336	0.933009	0.000066	0.000000	0.000000	0.029004
227	0.030539	0.000189	0.000013	0.006307	0.934495	0.000066	0.000000	0.000000	0.028391
228	0.029743	0.000182	0.000015	0.006351	0.936039	0.000062	0.000000	0.000000	0.027608
229	0.028906	0.000174	0.000014	0.006357	0.937535	0.000074	0.000000	0.000000	0.026940
230	0.027983	0.000167	0.000014	0.006360	0.939210	0.000068	0.000000	0.000000	0.026198
231	0.027150	0.000173	0.000015	0.006344	0.940814	0.000066	0.000000	0.000000	0.025438
232	0.026468	0.000170	0.000013	0.006389	0.942175	0.000070	0.000000	0.000000	0.024715
233	0.025627	0.000162	0.000006	0.006311	0.943800	0.000065	0.000000	0.000000	0.024029
234	0.024888	0.000155	0.000005	0.006262	0.945281	0.000062	0.000000	0.000000	0.023347
235	0.024368	0.000146	0.000004	0.006261	0.946338	0.000066	0.000000	0.000000	0.022817
236	0.023393	0.000124	0.000004	0.006251	0.947834	0.000059	0.000000	0.000000	0.022335
237	0.022881	0.000121	0.000003	0.006386	0.948893	0.000053	0.000000	0.000000	0.021663
238	0.022128	0.000097	0.000002	0.006301	0.950301	0.000063	0.000000	0.000000	0.021108
239	0.021561	0.000087	0.000000	0.006447	0.951354	0.000059	0.000000	0.000000	0.020492
240	0.021065	0.000083	0.000000	0.006442	0.952391	0.000050	0.000000	0.000000	0.019969
241	0.020397	0.000090	0.000000	0.006416	0.953650	0.000046	0.000000	0.000000	0.019401
242	0.019785	0.000090	0.000000	0.006325	0.954917	0.000049	0.000000	0.000000	0.018834
243	0.019258	0.000083	0.000000	0.006263	0.956087	0.000045	0.000000	0.000000	0.018264
244	0.018642	0.000086	0.000000	0.006245	0.957168	0.000036	0.000000	0.000000	0.017823
245	0.018164	0.000085	0.000000	0.006200	0.958219	0.000031	0.000000	0.000000	0.017301
246	0.017710	0.000078	0.000000	0.006316	0.959007	0.000035	0.000000	0.000000	0.016854
247	0.017139	0.000086	0.000000	0.006234	0.960050	0.000032	0.000000	0.000000	0.016459
248	0.016546	0.000092	0.000000	0.006287	0.961010	0.000034	0.000000	0.000000	0.016031
249	0.016124	0.000104	0.000000	0.006267	0.961967	0.000043	0.000000	0.000000	0.015495
250	0.015716	0.000095	0.000000	0.006295	0.962725	0.000043	0.000000	0.000000	0.015126
251	0.015297	0.000094	0.000000	0.006303	0.963684	0.000033	0.000000	0.000000	0.014589
252	0.014798	0.000093	0.000000	0.006233	0.964703	0.000039	0.000000	0.000000	0.014134
253	0.014360	0.000099	0.000000	0.006178	0.965621	0.000032	0.000000	0.000000	0.013710
254	0.013929	0.000092	0.000000	0.006150	0.966471	0.000028	0.000000	0.000000	0.013330
255	0.013543	0.000087	0.000000	0.006105	0.967279	0.000035	0.000000	0.000000	0.012951
256	0.013101	0.000086	0.000000	0.006212	0.968055	0.000033	0.000000	0.000000	0.012513
257	0.012730	0.000069	0.000000	0.006049	0.968918	0.000040	0.000000	0.000000	0.012194
258	0.012394	0.000075	0.000000	0.006092	0.969554	0.000044	0.000000	0.000000	0.011841
259	0.012012	0.000077	0.000000	0.006122	0.970211	0.000036	0.000000	0.000000	0.011542
260	0.011612	0.000066	0.000000	0.006109	0.970941	0.000032	0.000000	0.000000	0.011240
261	0.011332	0.000066	0.000000	0.006117	0.971601	0.000034	0.000000	0.000000	0.010850
262	0.010916	0.000061	0.000000	0.006089	0.972282	0.000031	0.000000	0.000000	0.010621
263	0.010637	0.000067	0.000000	0.006236	0.972687	0.000036	0.000000	0.000000	0.010337
264	0.010338	0.000068	0.000000	0.006343	0.973208	0.000034	0.000000	0.000000	0.010009
265	0.009956	0.000072	0.000000	0.006298	0.973971	0.000033	0.000000	0.000000	0.009670
266	0.009632	0.000072	0.000000	0.006321	0.974551	0.000036	0.000000	0.000000	0.009388
267	0.009269	0.000066	0.000000	0.006362	0.975179	0.000039	0.000000	0.000000	0.009085
268	0.009016	0.000071	0.000000	0.006393	0.975707	0.000038	0.000000	0.000000	0.008775
269	0.008749	0.000067	0.000000	0.006425	0.976165	0.000038	0.000000	0.000000	0.008556
270	0.008507	0.000058	0.000000	0.006350	0.976728	0.000037	0.000000	0.000000	0.008320
271	0.008249	0.000061	0.000000	0.006286	0.977363	0.000035	0.000000	0.000000	0.008006
272	0.007905	0.000059	0.000000	0.006226	0.977913	0.000048	0.000000	0.000000	0.007849
273	0.007644	0.000060	0.000000	0.006258	0.978419	0.000042	0.000000	0.000000	0.007577
274	0.007415	0.000052	0.000000	0.006340	0.978811	0.000042	0.000000	0.000000	0.007340
275	0.007192	0.000053	0.000000	0.006301	0.979211	0.000042	0.000000	0.000000	0.007201
276	0.007014	0.000043	0.000000	0.006256	0.979745	0.000036	0.000000	0.000000	0.006906
277	0.006682	0.000046	0.000000	0.006241	0.980318	0.000038	0.000000	0.000000	0.006675
278	0.006523	0.000045	0.000000	0.006276	0.980611	0.000045	0.000000	0.000000	0.006500
279	0.006224	0.000044	0.000000	0.006174	0.981189	0.000051	0.000000	0.000000	0.006318
280	0.005958	0.000046	0.000000	0.006197	0.981589	0.000050	0.000000	0.000000	0.006160
281	0.005763	0.000045	0.000000	0.006196	0.981914	0.000049	0.000000	0.000000	0.006033
282	0.005570	0.000045	0.000000	0.006168	0.982369	0.000047	0.000000	0.000000	0.005801
283	0.005315	0.000044	0.000000	0.006157	0.982791	0.000043	0.000000	0.000000	0.005650
284	0.005117	0.000039	0.000000	0.006181	0.983097	0.000040	0.000000	0.000000	0.005526
285	0.004892	0.000035	0.000000	0.006049	0.983595	0.000041	0.000000	0.000000	0.005388
286	0.004684	0.000031	0.000000	0.006224	0.983755	0.000047	0.000000	0.000000	0.005259
287	0.004530	0.000027	0.000000	0.006192	0.984134	0.000041	0.000000	0.000000	0.005076
288	0.004357	0.000034	0.000000	0.006158	0.984456	0.000054	0.000000	0.000000	0.004941
289	0.004217	0.000028	0.000000	0.006234	0.984683	0.000059	0.000000	0.000000	0.004779
290	0.004038	0.000028	0.000000	0.006167	0.985057	0.000071	0.000000	0.000000	0.004639
291	0.003861	0.000026	0.000000	0.006215	0.985394	0.000070	0.000000	0.000000	0.004434
292	0.003756	0.000018	0.000000	0.006239	0.985614	0.000063	0.000000	0.000000	0.004310
293	0.003561	0.000018	0.000000	0.006237	0.985929	0.000064	0.000000	0.000000	0.004191
294	0.003453	0.000013	0.000000	0.006249	0.986183	0.000058	0.000000	0.000000	0.004044
295	0.003326	0.000017	0.000000	0.006214	0.986496	0.000062	0.000000	0.000000	0.003885
296	0.003170	0.000019	0.000000	0.006196	0.986739	0.000057	0.000000	0.000000	0.003819
297	0.003034	0.000019	0.000000	0.006172	0.986963	0.000073	0.000000	0.000000	0.003739
298	0.002936	0.000017	0.000000	0.006191	0.987209	0.000065	0.000000	0.000000	0.003582
299	0.002860	0.000014	0.000000	0.006187	0.987357	0.000070	0.000000	0.000000	0.003512
300	0.002742	0.000011	0.000000	0.006252	0.987515	0.000073	0.000000	0.000000	0.003407
301	0.002574	0.000012	0.000000	0.006346	0.987677	0.000068	0.000000	0.000000	0.003323
302	0.002496	0.000010	0.000000	0.006325	0.987902	0.000070	0.000000	0.000000	0.003197
303	0.002352	0.000008	0.000000	0.006275	0.988188	0.000072	0.000000	0.000000	0.003105
304	0.002265	0.000005	0.000000	0.006368	0.988298	0.000059	0.000000	0.000000	0.003005
305	0.002179	0.000005	0.000000	0.006383	0.988503	0.000055	0.000000	0.000000	0.002875
306	0.002069	0.000003	0.000000	0.006313	0.988751	0.000047	0.000000	0.000000	0.002817
307	0.001974	0.000003	0.000000	0.006282	0.988991	0.000057	0.000000	0.000000	0.002693
308	0.001912	0.000003	0.000000	0.006267	0.989162	0.000052	0.000000	0.000000	0.002604
309	0.001813	0.000003	0.000000	0.006251	0.989360	0.000054	0.000000	0.000000	0.002519
310	0.001702	0.000001	0.000000	0.006270	0.989569	0.000057	0.000000	0.000000	0.002401
311	0.001607	0.000002	0.000000	0.006183	0.989808	0.000069	0.000000	0.000000	0.002331
312	0.001542	0.000003	0.000000	0.006190	0.989895	0.000067	0.000000	0.000000	0.002303
313	0.001442	0.000002	0.000000	0.006243	0.989990	0.000076	0.000000	0.000000	0.002247
314	0.001337	0.000002	0.000000	0.006337	0.990089	0.000085	0.000000	0.000000	0.002150
315	0.001258	0.000001	0.000000	0.006242	0.990297	0.000087	0.000000	0.000000	0.002115
316	0.001164	0.000001	0.000000	0.006261	0.990424	0.000078	0.000000	0.000000	0.002072
317	0.001135	0.000002	0.000000	0.006283	0.990533	0.000075	0.000000	0.000000	0.001972
318	0.001080	0.000002	0.000000	0.006227	0.990728	0.000086	0.000000	0.000000	0.001877
319	0.001027	0.000002	0.000000	0.006222	0.990846	0.000067	0.000000	0.000000	0.001836
320	0.000992	0.000001	0.000000	0.006124	0.991031	0.000065	0.000000	0.000000	0.001787
321	0.000983	0.000001	0.000000	0.006092	0.991107	0.000069	0.000000	0.000000	0.001748
322	0.000910	0.000000	0.000000	0.006087	0.991259	0.000059	0.000000	0.000000	0.001685
323	0.000867	0.000000	0.000000	0.006106	0.991372	0.000058	0.000000	0.000000	0.001597
324	0.000829	0.000000	0.000000	0.006160	0.991366	0.000058	0.000000	0.000000	0.001587
325	0.000758	0.000000	0.000000	0.006092	0.991548	0.000052	0.000000	0.000000	0.001550
326	0.000725	0.000000	0.000000	0.006182	0.991552	0.000055	0.000000	0.000000	0.001486
327	0.000687	0.000000	0.000000	0.006181	0.991667	0.000063	0.000000	0.000000	0.001402
328	0.000656	0.000000	0.000000	0.006070	0.991842	0.000077	0.000000	0.000000	0.001355
329	0.000626	0.000000	0.000000	0.006069	0.991916	0.000073	0.000000	0.000000	0.001316
330	0.000606	0.000000	0.000000	0.006147	0.991916	0.000074	0.000000	0.000000	0.001257
331	0.000571	0.000000	0.000000	0.006312	0.991830	0.000058	0.000000	0.000000	0.001229
332	0.000532	0.000000	0.000000	0.006310	0.991911	0.000060	0.000000	0.000000	0.001187
333	0.000491	0.000000	0.000000	0.006303	0.991998	0.000064	0.000000	0.000000	0.001144
334	0.000486	0.000000	0.000000	0.006290	0.992046	0.000063	0.000000	0.000000	0.001115
335	0.000476	0.000000	0.000000	0.006365	0.992030	0.000065	0.000000	0.000000	0.001064
336	0.000483	0.000000	0.000000	0.006397	0.991997	0.000061	0.000000	0.000000	0.001062
337	0.000444	0.000000	0.000000	0.006367	0.992142	0.000055	0.000000	0.000000	0.000992
338	0.000418	0.000000	0.000000	0.006353	0.992233	0.000051	0.000000	0.000000	0.000945
339	0.000390	0.000000	0.000000	0.006288	0.992346	0.000055	0.000000	0.000000	0.000921
340	0.000359	0.000000	0.000000	0.006396	0.992295	0.000056	0.000000	0.000000	0.000894
341	0.000353	0.000000	0.000000	0.006384	0.992348	0.000053	0.000000	0.000000	0.000862
342	0.000329	0.000000	0.000000	0.006407	0.992377	0.000061	0.000000	0.000000	0.000826
343	0.000298	0.000000	0.000000	0.006303	0.992532	0.000057	0.000000	0.000000	0.000810
344	0.000273	0.000000	0.000000	0.006321	0.992572	0.000058	0.000000	0.000000	0.000776
345	0.000287	0.000000	0.000000	0.006376	0.992548	0.000056	0.000000	0.000000	0.000733
346	0.000250	0.000000	0.000000	0.006300	0.992685	0.000054	0.000000	0.000000	0.000711
347	0.000241	0.000000	0.000000	0.006293	0.992718	0.000058	0.000000	0.000000	0.000690
348	0.000216	0.000000	0.000000	0.006268	0.992806	0.000059	0.000000	0.000000	0.000651
349	0.000211	0.000000	0.000000	0.006224	0.992877	0.000059	0.000000	0.000000	0.000629
350	0.000202	0.000000	0.000000	0.006253	0.992872	0.000064	0.000000	0.000000	0.000609
351	0.000194	0.000000	0.000000	0.006253	0.992887	0.000060	0.000000	0.000000	0.000606
352	0.000186	0.000000	0.000000	0.006278	0.992882	0.000063	0.000000	0.000000	0.000591
353	0.000187	0.000000	0.000000	0.006197	0.992988	0.000064	0.000000	0.000000	0.000564
354	0.000197	0.000000	0.000000	0.006249	0.992963	0.000062	0.000000	0.000000	0.000529
355	0.000184	0.000000	0.000000	0.006207	0.993037	0.000061	0.000000	0.000000	0.000511
356	0.000160	0.000000	0.000000	0.006181	0.993118	0.000056	0.000000	0.000000	0.000485
357	0.000152	0.000000	0.000000	0.006200	0.993127	0.000055	0.000000	0.000000	0.000466
358	0.000149	0.000000	0.000000	0.006117	0.993239	0.000050	0.000000	0.000000	0.000445
359	0.000141	0.000000	0.000000	0.006228	0.993148	0.000053	0.000000	0.000000	0.000430
360	0.000144	0.000000	0.000000	0.006290	0.993107	0.000054	0.000000	0.000000	0.000405
361	0.000143	0.000000	0.000000	0.006320	0.993089	0.000054	0.000000	0.000000	0.000394
362	0.000125	0.000000	0.000000	0.006292	0.993151	0.000054	0.000000	0.000000	0.000378
363	0.000115	0.000000	0.000000	0.006312	0.993146	0.000061	0.000000	0.000000	0.000366
364	0.000112	0.000000	0.000000	0.006352	0.993127	0.000064	0.000000	0.000000	0.000345
365	0.000106	0.000000	0.000000	0.006325	0.993162	0.000067	0.000000	0.000000	0.000340
366	0.000100	0.000000	0.000000	0.006365	0.993125	0.000072	0.000000	0.000000	0.000338
367	0.000093	0.000000	0.000000	0.006229	0.993288	0.000069	0.000000	0.000000	0.000321
368	0.000094	0.000000	0.000000	0.006212	0.993326	0.000068	0.000000	0.000000	0.000300
369	0.000086	0.000000	0.000000	0.006272	0.993271	0.000077	0.000000	0.000000	0.000294
370	0.000079	0.000000	0.000000	0.006364	0.993209	0.000070	0.000000	0.000000	0.000278
371	0.000066	0.000000	0.000000	0.006416	0.993179	0.000064	0.000000	0.000000	0.000275
372	0.000064	0.000000	0.000000	0.006431	0.993165	0.000075	0.000000	0.000000	0.000265
373	0.000055	0.000000	0.000000	0.006455	0.993167	0.000079	0.000000	0.000000	0.000244
374	0.000044	0.000000	0.000000	0.006490	0.993147	0.000087	0.000000	0.000000	0.000232
375	0.000036	0.000000	0.000000	0.006549	0.993103	0.000086	0.000000	0.000000	0.000226
376	0.000031	0.000000	0.000000	0.006528	0.993136	0.000098	0.000000	0.000000	0.000207
377	0.000032	0.000000	0.000000	0.006608	0.993046	0.000109	0.000000	0.000000	0.000205
378	0.000034	0.000000	0.000000	0.006658	0.993021	0.000097	0.000000	0.000000	0.000190
379	0.000025	0.000000	0.000000	0.006757	0.992914	0.000107	0.000000	0.000000	0.000197
380	0.000022	0.000000	0.000000	0.006753	0.992939	0.000106	0.000000	0.000000	0.000180
381	0.000015	0.000000	0.000000	0.006661	0.993045	0.000104	0.000000	0.000000	0.000175
382	0.000011	0.000000	0.000000	0.006585	0.993106	0.000107	0.000000	0.000000	0.000191
383	0.000013	0.000000	0.000000	0.006581	0.993133	0.000105	0.000000	0.000000	0.000168
384	0.000008	0.000000	0.000000	0.006567	0.993174	0.000104	0.000000	0.000000	0.000147
385	0.000005	0.000000	0.000000	0.006478	0.993274	0.000107	0.000000	0.000000	0.000136
386	0.000006	0.000000	0.000000	0.006449	0.993305	0.000111	0.000000	0.000000	0.000129
387	0.000006	0.000000	0.000000	0.006474	0.993271	0.000122	0.000000	0.000000	0.000127
388	0.000006	0.000000	0.000000	0.006502	0.993245	0.000120	0.000000	0.000000	0.000127
389	0.000006	0.000000	0.000000	0.006543	0.993203	0.000117	0.000000	0.000000	0.000131
390	0.000004	0.000000	0.000000	0.006586	0.993162	0.000119	0.000000	0.000000	0.000129
391	0.000004	0.000000	0.000000	0.006686	0.993070	0.000110	0.000000	0.000000	0.000130
392	0.000002	0.000000	0.000000	0.006676	0.993091	0.000107	0.000000	0.000000	0.000124
393	0.000003	0.000000	0.000000	0.006810	0.992971	0.000105	0.000000	0.000000	0.000111
394	0.000004	0.000000	0.000000	0.006760	0.993027	0.000108	0.000000	0.000000	0.000101
395	0.000006	0.000000	0.000000	0.006714	0.993080	0.000094	0.000000	0.000000	0.000106
396	0.000004	0.000000	0.000000	0.006772	0.993029	0.000097	0.000000	0.000000	0.000098
397	0.000007	0.000000	0.000000	0.006758	0.993046	0.000095	0.000000	0.000000	0.000094
398	0.000006	0.000000	0.000000	0.006718	0.993092	0.000096	0.000000	0.000000	0.000088
399	0.000006	0.000000	0.000000	0.006816	0.992981	0.000107	0.000000	0.000000	0.000090
400	0.000008	0.000000	0.000000	0.006873	0.992915	0.000110	0.000000	0.000000	0.000094
401	0.000006	0.000000	0.000000	0.006846	0.992965	0.000087	0.000000	0.000000	0.000096
402	0.000006	0.000000	0.000000	0.006759	0.993042	0.000101	0.000000	0.000000	0.000092
403	0.000008	0.000000	0.000000	0.006716	0.993088	0.000100	0.000000	0.000000	0.000088
404	0.000009	0.000000	0.000000	0.006760	0.993044	0.000101	0.000000	0.000000	0.000086
405	0.000009	0.000000	0.000000	0.006779	0.993042	0.000100	0.000000	0.000000	0.000070
406	0.000005	0.000000	0.000000	0.006878	0.992956	0.000098	0.000000	0.000000	0.000063
407	0.000001	0.000000	0.000000	0.007003	0.992840	0.000105	0.000000	0.000000	0.000051
408	0.000000	0.000000	0.000000	0.007031	0.992825	0.000098	0.000000	0.000000	0.000046
409	0.000000	0.000000	0.000000	0.006900	0.992940	0.000114	0.000000	0.000000	0.000046
410	0.000000	0.000000	0.000000	0.006937	0.992914	0.000111	0.000000	0.000000	0.000038
411	0.000000	0.000000	0.000000	0.006930	0.992918	0.000118	0.000000	0.000000	0.000034
412	0.000000	0.000000	0.000000	0.006979	0.992881	0.000104	0.000000	0.000000	0.000036
413	0.000000	0.000000	0.000000	0.006953	0.992912	0.000103	0.000000	0.000000	0.000032
414	0.000000	0.000000	0.000000	0.006976	0.992904	0.000091	0.000000	0.000000	0.000029
415	0.000000	0.000000	0.000000	0.007058	0.992813	0.000102	0.000000	0.000000	0.000027
416	0.000000	0.000000	0.000000	0.007117	0.992757	0.000100	0.000000	0.000000	0.000026
417	0.000000	0.000000	0.000000	0.007109	0.992757	0.000109	0.000000	0.000000	0.000025
418	0.000000	0.000000	0.000000	0.007070	0.992809	0.000102	0.000000	0.000000	0.000019
419	0.000000	0.000000	0.000000	0.007129	0.992767	0.000094	0.000000	0.000000	0.000010
420	0.000000	0.000000	0.000000	0.007043	0.992859	0.000090	0.000000	0.000000	0.000008
421	0.000000	0.000000	0.000000	0.007174	0.992732	0.000087	0.000000	0.000000	0.000007
422	0.000000	0.000000	0.000000	0.007205	0.992695	0.000095	0.000000	0.000000	0.000005
423	0.000000	0.000000	0.000000	0.007178	0.992728	0.000090	0.000000	0.000000	0.000004
424	0.000000	0.000000	0.000000	0.007241	0.992657	0.000101	0.000000	0.000000	0.000001
425	0.000000	0.000000	0.000000	0.007292	0.992609	0.000098	0.000000	0.000000	0.000001
426	0.000000	0.000000	0.000000	0.007263	0.992631	0.000106	0.000000	0.000000	0.000000
427	0.000000	0.000000	0.000000	0.007295	0.992592	0.000113	0.000000	0.000000	0.000000
428	0.000000	0.000000	0.000000	0.007405	0.992470	0.000125	0.000000	0.000000	0.000000
429	0.000000	0.000000	0.000000	0.007376	0.992509	0.000115	0.000000	0.000000	0.000000
430	0.000000	0.000000	0.000000	0.007356	0.992530	0.000114	0.000000	0.000000	0.000000
431	0.000000	0.000000	0.000000	0.007342	0.992538	0.000120	0.000000	0.000000	0.000000
432	0.000000	0.000000	0.000000	0.007357	0.992517	0.000126	0.000000	0.000000	0.000000
433	0.000000	0.000000	0.000000	0.007331	0.992551	0.000118	0.000000	0.000000	0.000000
434	0.000000	0.000000	0.000000	0.007314	0.992561	0.000125	0.000000	0.000000	0.000000
435	0.000000	0.000000	0.000000	0.007329	0.992546	0.000125	0.000000	0.000000	0.000000
436	0.000000	0.000000	0.000000	0.007313	0.992564	0.000123	0.000000	0.000000	0.000000
437	0.000000	0.000000	0.000000	0.007271	0.992615	0.000114	0.000000	0.000000	0.000000
438	0.000000	0.000000	0.000000	0.007288	0.992589	0.000123	0.000000	0.000000	0.000000
439	0.000000	0.000000	0.000000	0.007334	0.992547	0.000119	0.000000	0.000000	0.000000
440	0.000000	0.000000	0.000000	0.007265	0.992620	0.000115	0.000000	0.000000	0.000000
441	0.000000	0.000000	0.000000	0.007240	0.992643	0.000117	0.000000	0.000000	0.000000
442	0.000000	0.000000	0.000000	0.007262	0.992615	0.000123	0.000000	0.000000	0.000000
443	0.000000	0.000000	0.000000	0.007303	0.992576	0.000121	0.000000	0.000000	0.000000
444	0.000000	0.000000	0.000000	0.007347	0.992532	0.000121	0.000000	0.000000	0.000000
445	0.000000	0.000000	0.000000	0.007352	0.992526	0.000122	0.000000	0.000000	0.000000
446	0.000000	0.000000	0.000000	0.007376	0.992516	0.000108	0.000000	0.000000	0.000000
447	0.000000	0.000000	0.000000	0.007404	0.992479	0.000117	0.000000	0.000000	0.000000
448	0.000000	0.000000	0.000000	0.007285	0.992613	0.000102	0.000000	0.000000	0.000000
449	0.000000	0.000000	0.000000	0.007374	0.992511	0.000115	0.000000	0.000000	0.000000
450	0.000000	0.000000	0.000000	0.007297	0.992611	0.000092	0.000000	0.000000	0.000000
451	0.000000	0.000000	0.000000	0.007303	0.992596	0.000101	0.000000	0.000000	0.000000
452	0.000000	0.000000	0.000000	0.007339	0.992572	0.000089	0.000000	0.000000	0.000000
453	0.000000	0.000000	0.000000	0.007295	0.992609	0.000096	0.000000	0.000000	0.000000
454	0.000000	0.000000	0.000000	0.007335	0.992562	0.000103	0.000000	0.000000	0.000000
455	0.000000	0.000000	0.000000	0.007378	0.992534	0.000088	0.000000	0.000000	0.000000
456	0.000000	0.000000	0.000000	0.007274	0.992635	0.000091	0.000000	0.000000	0.000000
457	0.000000	0.000000	0.000000	0.007305	0.992599	0.000096	0.000000	0.000000	0.000000
458	0.000000	0.000000	0.000000	0.007269	0.992645	0.000086	0.000000	0.000000	0.000000
459	0.000000	0.000000	0.000000	0.007219	0.992705	0.000076	0.000000	0.000000	0.000000
460	0.000000	0.000000	0.000000	0.007225	0.992679	0.000096	0.000000	0.000000	0.000000
461	0.000000	0.000000	0.000000	0.007265	0.992632	0.000103	0.000000	0.000000	0.000000
462	0.000000	0.000000	0.000000	0.007369	0.992535	0.000096	0.000000	0.000000	0.000000
463	0.000000	0.000000	0.000000	0.007363	0.992544	0.000093	0.000000	0.000000	0.000000
464	0.000000	0.000000	0.000000	0.007387	0.992532	0.000081	0.000000	0.000000	0.000000
465	0.000000	0.000000	0.000000	0.007342	0.992569	0.000089	0.000000	0.000000	0.000000
466	0.000000	0.000000	0.000000	0.007348	0.992570	0.000082	0.000000	0.000000	0.000000
467	0.000000	0.000000	0.000000	0.007396	0.992525	0.000079	0.000000	0.000000	0.000000
468	0.000000	0.000000	0.000000	0.007458	0.992467	0.000075	0.000000	0.000000	0.000000
469	0.000000	0.000000	0.000000	0.007385	0.992542	0.000073	0.000000	0.000000	0.000000
470	0.000000	0.000000	0.000000	0.007345	0.992577	0.000078	0.000000	0.000000	0.000000
