0	0.290663	0.057897	0.229473	0.157588	0.029913	0.111872	0.085455	0.012259	0.024880
1	0.226794	0.046800	0.195716	0.136871	0.028053	0.118887	0.126898	0.024367	0.095614
2	0.222842	0.045281	0.190774	0.127773	0.028067	0.112732	0.135259	0.025949	0.111323
3	0.224933	0.044374	0.188393	0.120196	0.028531	0.105595	0.139747	0.026184	0.122047
4	0.227509	0.043556	0.185916	0.113801	0.029256	0.098559	0.143366	0.026220	0.131817
5	0.230951	0.042236	0.183878	0.108189	0.030373	0.091498	0.145163	0.026196	0.141516
6	0.234227	0.041380	0.180692	0.102145	0.031863	0.085236	0.147823	0.026041	0.150593
7	0.237481	0.040723	0.178122	0.096844	0.033334	0.078751	0.149310	0.025604	0.159831
8	0.241180	0.039829	0.174813	0.092309	0.035055	0.072753	0.150474	0.024770	0.168817
9	0.245793	0.038807	0.170487	0.088081	0.036780	0.067308	0.151027	0.024351	0.177366
10	0.249467	0.038348	0.166467	0.083624	0.038285	0.062215	0.150824	0.024071	0.186699
11	0.252640	0.037423	0.162105	0.079820	0.040285	0.057060	0.151769	0.023777	0.195121
12	0.255066	0.036653	0.158342	0.075941	0.042276	0.053211	0.151605	0.023109	0.203797
13	0.258277	0.035788	0.154235	0.072314	0.044848	0.049197	0.150954	0.022293	0.212094
14	0.261814	0.035071	0.149209	0.069234	0.047333	0.045400	0.150277	0.021794	0.219868
15	0.265180	0.034318	0.144011	0.066115	0.049858	0.041857	0.150682	0.021182	0.226797
16	0.267998	0.033641	0.139490	0.063456	0.052634	0.038370	0.149083	0.020761	0.234567
17	0.270920	0.033158	0.134977	0.060624	0.055524	0.035401	0.147560	0.020079	0.241757
18	0.273394	0.032602	0.130440	0.057993	0.058376	0.032958	0.145784	0.019523	0.248930
19	0.275792	0.031682	0.125968	0.055410	0.061530	0.030415	0.144844	0.018831	0.255528
20	0.277677	0.031209	0.121780	0.052883	0.064958	0.028098	0.142634	0.018056	0.262705
21	0.279574	0.030503	0.117034	0.050560	0.068445	0.026128	0.141122	0.017708	0.268926
22	0.281232	0.029603	0.112999	0.048475	0.072086	0.024331	0.138883	0.017256	0.275135
23	0.283515	0.028993	0.108335	0.046737	0.075749	0.022697	0.136413	0.016781	0.280780
24	0.284827	0.028396	0.104203	0.044547	0.080145	0.020993	0.134179	0.016391	0.286319
25	0.286001	0.027858	0.099832	0.042768	0.084253	0.019392	0.131477	0.015763	0.292656
26	0.286946	0.027124	0.095588	0.041233	0.088318	0.017800	0.129744	0.015212	0.298035
27	0.287496	0.026507	0.091665	0.039750	0.092792	0.016557	0.127217	0.014894	0.303122
28	0.288447	0.025805	0.087777	0.038270	0.097193	0.015491	0.124828	0.014246	0.307943
29	0.289019	0.025107	0.084187	0.036925	0.101504	0.014483	0.122441	0.013710	0.312624
30	0.288809	0.024597	0.080657	0.035569	0.106325	0.013452	0.120315	0.013340	0.316936
31	0.288975	0.024125	0.077769	0.034585	0.110880	0.012652	0.117710	0.012848	0.320456
32	0.288898	0.023314	0.074111	0.033413	0.115993	0.011785	0.114809	0.012515	0.325162
33	0.288852	0.022880	0.070439	0.032387	0.120858	0.011036	0.112340	0.011998	0.329210
34	0.288135	0.022264	0.067325	0.031179	0.126650	0.010336	0.109707	0.011564	0.332840
35	0.287541	0.021641	0.064277	0.030218	0.132396	0.009776	0.106844	0.011152	0.336155
36	0.286628	0.020973	0.061073	0.029209	0.138029	0.009087	0.104688	0.010878	0.339435
37	0.285532	0.020347	0.058534	0.028364	0.143814	0.008512	0.102253	0.010514	0.342130
38	0.284481	0.019658	0.055584	0.027748	0.150097	0.007976	0.099476	0.010131	0.344849
39	0.282744	0.019358	0.052578	0.026856	0.156560	0.007501	0.096947	0.009724	0.347732
40	0.281191	0.018746	0.050182	0.025933	0.162739	0.007077	0.094200	0.009281	0.350651
41	0.279494	0.018319	0.047582	0.025464	0.169528	0.006573	0.091964	0.008942	0.352134
42	0.277879	0.017756	0.045227	0.024399	0.176126	0.006162	0.089603	0.008613	0.354235
43	0.275583	0.017139	0.043084	0.023832	0.183219	0.005865	0.087398	0.008387	0.355493
44	0.273536	0.016680	0.041260	0.022961	0.190695	0.005401	0.084800	0.007940	0.356727
45	0.271034	0.016187	0.039037	0.022324	0.197655	0.005103	0.082562	0.007665	0.358433
46	0.268745	0.015799	0.037161	0.021886	0.204585	0.004860	0.079684	0.007383	0.359897
47	0.266797	0.015319	0.035471	0.021196	0.211588	0.004661	0.077387	0.007169	0.360412
48	0.263836	0.014992	0.033683	0.020789	0.218652	0.004392	0.075654	0.006863	0.361139
49	0.261179	0.014302	0.031916	0.020395	0.226317	0.004219	0.073688	0.006727	0.361257
50	0.259279	0.013705	0.030094	0.019696	0.233863	0.004013	0.071389	0.006423	0.361538
51	0.255946	0.013135	0.028608	0.019336	0.242377	0.003750	0.069173	0.006301	0.361374
52	0.252593	0.012750	0.026826	0.018948	0.250700	0.003470	0.067259	0.005994	0.361460
53	0.249494	0.012411	0.025399	0.018517	0.258278	0.003364	0.065221	0.005831	0.361485
54	0.246173	0.011905	0.024250	0.018257	0.266507	0.003212	0.063212	0.005539	0.360945
55	0.242707	0.011380	0.022751	0.017928	0.274688	0.002976	0.061322	0.005325	0.360923
56	0.239541	0.010957	0.021369	0.017643	0.282319	0.002811	0.059593	0.005149	0.360618
57	0.236165	0.010368	0.020199	0.017264	0.290972	0.002722	0.057661	0.005034	0.359615
58	0.232701	0.010144	0.018867	0.017146	0.299513	0.002634	0.055626	0.004783	0.358586
59	0.228798	0.009665	0.017673	0.016658	0.308208	0.002525	0.053902	0.004547	0.358024
60	0.225328	0.009311	0.016496	0.016319	0.316988	0.002381	0.052350	0.004351	0.356476
61	0.220795	0.008985	0.015596	0.016084	0.325708	0.002260	0.050939	0.004248	0.355385
62	0.217152	0.008694	0.014804	0.015823	0.334616	0.002164	0.049022	0.003980	0.353745
63	0.213232	0.008339	0.014007	0.015465	0.343318	0.002071	0.047549	0.003859	0.352160
64	0.209555	0.008062	0.013259	0.015368	0.351990	0.002059	0.045793	0.003652	0.350262
65	0.205188	0.007905	0.012537	0.015171	0.360849	0.001916	0.044268	0.003502	0.348664
66	0.200962	0.007604	0.011789	0.015046	0.370060	0.001881	0.042764	0.003332	0.346562
67	0.197086	0.007278	0.011228	0.014700	0.379329	0.001854	0.041338	0.003131	0.344056
68	0.192985	0.007174	0.010493	0.014474	0.388404	0.001745	0.040180	0.002972	0.341573
69	0.188919	0.006804	0.009868	0.014439	0.397408	0.001715	0.038741	0.002847	0.339259
70	0.184545	0.006526	0.009390	0.014285	0.406327	0.001688	0.037005	0.002695	0.337539
71	0.180339	0.006245	0.008817	0.014100	0.415390	0.001607	0.035798	0.002596	0.335108
72	0.176101	0.005964	0.008178	0.013862	0.424625	0.001564	0.034639	0.002467	0.332600
73	0.171933	0.005761	0.007774	0.013546	0.433435	0.001563	0.033367	0.002412	0.330209
74	0.168119	0.005450	0.007265	0.013512	0.442251	0.001539	0.032203	0.002338	0.327323
75	0.163450	0.005212	0.006890	0.013411	0.451772	0.001501	0.030911	0.002162	0.324691
76	0.159799	0.004969	0.006443	0.013515	0.460206	0.001485	0.029698	0.002020	0.321865
77	0.155362	0.004808	0.006067	0.013339	0.469220	0.001441	0.028682	0.001948	0.319133
78	0.151214	0.004639	0.005654	0.013180	0.478369	0.001387	0.027540	0.001801	0.316216
79	0.147186	0.004372	0.005184	0.013193	0.487563	0.001343	0.026581	0.001717	0.312861
80	0.143392	0.004187	0.004916	0.012984	0.496463	0.001356	0.025686	0.001581	0.309435
81	0.139500	0.003959	0.004594	0.012900	0.505264	0.001320	0.024819	0.001637	0.306007
82	0.135410	0.003768	0.004215	0.012737	0.514233	0.001303	0.023907	0.001552	0.302875
83	0.131455	0.003490	0.003952	0.012715	0.522962	0.001246	0.022934	0.001449	0.299797
84	0.127280	0.003297	0.003704	0.012612	0.531606	0.001241	0.022272	0.001427	0.296561
85	0.123568	0.003085	0.003461	0.012572	0.540123	0.001221	0.021474	0.001322	0.293174
86	0.119563	0.002884	0.003250	0.012610	0.548658	0.001266	0.020926	0.001223	0.289620
87	0.116317	0.002812	0.002983	0.012381	0.557418	0.001250	0.019964	0.001184	0.285691
88	0.112740	0.002678	0.002758	0.012382	0.565973	0.001208	0.019291	0.001180	0.281790
89	0.109151	0.002404	0.002565	0.012318	0.574224	0.001217	0.018484	0.001134	0.278503
90	0.105703	0.002324	0.002388	0.012291	0.582426	0.001227	0.017867	0.001095	0.274679
91	0.102325	0.002228	0.002213	0.012198	0.590971	0.001216	0.017370	0.001046	0.270433
92	0.099225	0.002047	0.002134	0.012157	0.598961	0.001164	0.016887	0.000978	0.266447
93	0.095890	0.001948	0.001891	0.012029	0.606779	0.001222	0.016345	0.000930	0.262966
94	0.092459	0.001828	0.001794	0.012022	0.615018	0.001162	0.015647	0.000830	0.259240
95	0.089491	0.001704	0.001646	0.011954	0.622931	0.001087	0.014924	0.000797	0.255466
96	0.086487	0.001638	0.001557	0.011973	0.630517	0.001074	0.014407	0.000741	0.251606
97	0.083599	0.001520	0.001402	0.011951	0.638240	0.001035	0.013876	0.000711	0.247666
98	0.080619	0.001497	0.001304	0.012010	0.646091	0.000985	0.013285	0.000682	0.243527
99	0.077530	0.001397	0.001232	0.011919	0.653705	0.000969	0.012834	0.000656	0.239758
100	0.074910	0.001241	0.001122	0.011854	0.661396	0.000969	0.012349	0.000635	0.235524
101	0.072068	0.001113	0.001054	0.011794	0.668937	0.000940	0.011954	0.000627	0.231513
102	0.069526	0.001009	0.000920	0.011847	0.676354	0.000899	0.011538	0.000582	0.227325
103	0.066885	0.000922	0.000878	0.011843	0.683268	0.000868	0.011133	0.000598	0.223605
104	0.064410	0.000877	0.000791	0.011854	0.690307	0.000870	0.010736	0.000554	0.219601
105	0.062222	0.000781	0.000760	0.011794	0.696986	0.000871	0.010292	0.000527	0.215767
106	0.059633	0.000730	0.000705	0.011929	0.703731	0.000900	0.009812	0.000499	0.212061
107	0.057406	0.000688	0.000653	0.011939	0.710279	0.000883	0.009562	0.000477	0.208113
108	0.055107	0.000641	0.000586	0.012044	0.716742	0.000843	0.009223	0.000434	0.204380
109	0.053119	0.000595	0.000600	0.012046	0.722663	0.000825	0.008727	0.000420	0.201005
110	0.051184	0.000572	0.000546	0.011794	0.729279	0.000839	0.008398	0.000403	0.196985
111	0.048860	0.000550	0.000522	0.011735	0.735805	0.000801	0.008139	0.000395	0.193193
112	0.046886	0.000537	0.000487	0.011856	0.742302	0.000757	0.007926	0.000377	0.188872
113	0.045205	0.000490	0.000437	0.011909	0.748463	0.000737	0.007636	0.000344	0.184779
114	0.043290	0.000427	0.000420	0.011809	0.754702	0.000736	0.007309	0.000313	0.180994
115	0.041463	0.000392	0.000381	0.011743	0.760890	0.000746	0.006932	0.000286	0.177167
116	0.039710	0.000382	0.000343	0.011789	0.766313	0.000766	0.006686	0.000290	0.173721
117	0.037936	0.000327	0.000302	0.011798	0.772246	0.000742	0.006353	0.000295	0.170001
118	0.036356	0.000306	0.000287	0.011807	0.777758	0.000742	0.006087	0.000249	0.166408
119	0.034861	0.000275	0.000267	0.011880	0.783398	0.000762	0.005797	0.000242	0.162518
120	0.033335	0.000255	0.000230	0.012004	0.788385	0.000791	0.005510	0.000231	0.159259
121	0.031981	0.000221	0.000234	0.012006	0.793759	0.000764	0.005305	0.000200	0.155530
122	0.030690	0.000205	0.000215	0.011952	0.798799	0.000745	0.005206	0.000177	0.152011
123	0.029293	0.000191	0.000191	0.012089	0.803676	0.000725	0.004954	0.000168	0.148713
124	0.028172	0.000161	0.000163	0.012064	0.808183	0.000751	0.004700	0.000157	0.145649
125	0.026973	0.000132	0.000131	0.012035	0.813207	0.000747	0.004563	0.000140	0.142072
126	0.025766	0.000131	0.000118	0.012054	0.817912	0.000745	0.004375	0.000131	0.138768
127	0.024554	0.000118	0.000106	0.011986	0.822729	0.000708	0.004136	0.000109	0.135554
128	0.023516	0.000110	0.000112	0.011889	0.827096	0.000714	0.003977	0.000105	0.132481
129	0.022412	0.000111	0.000091	0.011691	0.831990	0.000666	0.003862	0.000096	0.129081
130	0.021203	0.000116	0.000097	0.011688	0.836126	0.000657	0.003776	0.000099	0.126238
131	0.020266	0.000099	0.000088	0.011608	0.840452	0.000680	0.003650	0.000092	0.123065
132	0.019512	0.000100	0.000089	0.011465	0.844590	0.000671	0.003411	0.000091	0.120071
133	0.018792	0.000089	0.000075	0.011503	0.848456	0.000688	0.003380	0.000087	0.116930
134	0.017892	0.000079	0.000071	0.011515	0.852535	0.000727	0.003185	0.000080	0.113916
135	0.016963	0.000068	0.000073	0.011463	0.856366	0.000722	0.003067	0.000077	0.111201
136	0.016018	0.000063	0.000065	0.011435	0.860422	0.000668	0.002904	0.000083	0.108342
137	0.015208	0.000062	0.000063	0.011405	0.863939	0.000655	0.002827	0.000067	0.105774
138	0.014457	0.000056	0.000050	0.011471	0.867502	0.000633	0.002717	0.000064	0.103050
139	0.013813	0.000055	0.000051	0.011394	0.871045	0.000585	0.002617	0.000053	0.100387
140	0.013130	0.000044	0.000051	0.011438	0.874589	0.000595	0.002433	0.000058	0.097662
141	0.012397	0.000036	0.000050	0.011431	0.878005	0.000560	0.002315	0.000052	0.095154
142	0.011884	0.000028	0.000048	0.011656	0.881097	0.000566	0.002218	0.000050	0.092453
143	0.011236	0.000022	0.000044	0.011810	0.884114	0.000580	0.002114	0.000044	0.090036
144	0.010622	0.000021	0.000038	0.011774	0.887261	0.000564	0.002110	0.000051	0.087559
145	0.010042	0.000018	0.000027	0.011736	0.890340	0.000545	0.002035	0.000043	0.085214
146	0.009504	0.000020	0.000027	0.011727	0.893509	0.000527	0.001879	0.000047	0.082760
147	0.009079	0.000020	0.000021	0.011673	0.896487	0.000549	0.001835	0.000044	0.080292
148	0.008639	0.000020	0.000010	0.011726	0.899242	0.000585	0.001793	0.000040	0.077945
149	0.008322	0.000016	0.000007	0.011751	0.901946	0.000557	0.001741	0.000045	0.075615
150	0.007843	0.000014	0.000007	0.011650	0.904762	0.000564	0.001679	0.000051	0.073430
151	0.007513	0.000010	0.000006	0.011706	0.907171	0.000572	0.001608	0.000044	0.071370
152	0.007127	0.000012	0.000004	0.011624	0.909737	0.000579	0.001508	0.000036	0.069373
153	0.006828	0.000008	0.000001	0.011741	0.912058	0.000601	0.001376	0.000037	0.067350
154	0.006490	0.000008	0.000002	0.011631	0.914549	0.000557	0.001338	0.000043	0.065382
155	0.006140	0.000011	0.000002	0.011606	0.916859	0.000580	0.001271	0.000037	0.063494
156	0.005840	0.000013	0.000001	0.011688	0.919429	0.000577	0.001200	0.000041	0.061211
157	0.005508	0.000018	0.000000	0.011694	0.921639	0.000584	0.001197	0.000038	0.059322
158	0.005232	0.000016	0.000000	0.011692	0.923460	0.000567	0.001122	0.000040	0.057871
159	0.004935	0.000018	0.000000	0.011808	0.925347	0.000539	0.001057	0.000040	0.056256
160	0.004639	0.000024	0.000000	0.011928	0.927388	0.000567	0.000944	0.000034	0.054476
161	0.004454	0.000019	0.000000	0.011925	0.929275	0.000577	0.000910	0.000034	0.052806
162	0.004197	0.000019	0.000000	0.011905	0.931118	0.000521	0.000873	0.000031	0.051336
163	0.003970	0.000018	0.000000	0.011947	0.932942	0.000482	0.000814	0.000034	0.049793
164	0.003770	0.000016	0.000000	0.011726	0.935143	0.000485	0.000813	0.000025	0.048022
165	0.003573	0.000017	0.000000	0.011691	0.936889	0.000522	0.000755	0.000019	0.046534
166	0.003348	0.000013	0.000000	0.011672	0.938659	0.000528	0.000712	0.000023	0.045045
167	0.003159	0.000013	0.000000	0.011814	0.940152	0.000541	0.000659	0.000018	0.043644
168	0.002970	0.000009	0.000000	0.011640	0.942017	0.000531	0.000613	0.000016	0.042204
169	0.002892	0.000010	0.000000	0.011508	0.943566	0.000534	0.000576	0.000020	0.040894
170	0.002673	0.000010	0.000000	0.011651	0.944918	0.000556	0.000537	0.000022	0.039633
171	0.002516	0.000008	0.000000	0.011771	0.946291	0.000551	0.000511	0.000021	0.038331
172	0.002374	0.000008	0.000000	0.011764	0.947585	0.000580	0.000481	0.000027	0.037181
173	0.002237	0.000010	0.000000	0.011725	0.949021	0.000597	0.000464	0.000032	0.035914
174	0.002157	0.000010	0.000000	0.011837	0.950095	0.000606	0.000449	0.000025	0.034821
175	0.002049	0.000012	0.000000	0.011873	0.951322	0.000578	0.000440	0.000023	0.033703
176	0.001924	0.000012	0.000000	0.011926	0.952704	0.000578	0.000406	0.000020	0.032430
177	0.001777	0.000013	0.000000	0.011846	0.953973	0.000567	0.000395	0.000013	0.031416
178	0.001659	0.000015	0.000000	0.011776	0.955412	0.000587	0.000349	0.000014	0.030188
179	0.001614	0.000015	0.000000	0.011722	0.956608	0.000601	0.000316	0.000011	0.029113
180	0.001491	0.000016	0.000000	0.011716	0.957922	0.000604	0.000301	0.000009	0.027941
181	0.001390	0.000016	0.000000	0.011744	0.958836	0.000590	0.000271	0.000010	0.027143
182	0.001295	0.000013	0.000000	0.011735	0.959802	0.000584	0.000255	0.000006	0.026310
183	0.001220	0.000013	0.000000	0.011773	0.960809	0.000578	0.000253	0.000004	0.025350
184	0.001166	0.000013	0.000000	0.011753	0.961716	0.000568	0.000265	0.000004	0.024515
185	0.001081	0.000013	0.000000	0.011717	0.962585	0.000633	0.000279	0.000001	0.023691
186	0.001004	0.000016	0.000000	0.011694	0.963613	0.000591	0.000267	0.000000	0.022815
187	0.000938	0.000015	0.000000	0.011838	0.964380	0.000562	0.000273	0.000002	0.021992
188	0.000895	0.000010	0.000000	0.011904	0.964989	0.000585	0.000274	0.000002	0.021341
189	0.000847	0.000014	0.000000	0.011898	0.965909	0.000583	0.000253	0.000005	0.020491
190	0.000797	0.000014	0.000000	0.011920	0.966880	0.000596	0.000243	0.000002	0.019548
191	0.000784	0.000013	0.000000	0.011895	0.967735	0.000596	0.000233	0.000003	0.018741
192	0.000720	0.000008	0.000000	0.012001	0.968511	0.000577	0.000237	0.000003	0.017943
193	0.000645	0.000007	0.000000	0.011876	0.969473	0.000554	0.000233	0.000000	0.017212
194	0.000596	0.000006	0.000000	0.011938	0.970068	0.000587	0.000209	0.000000	0.016596
195	0.000548	0.000006	0.000000	0.011964	0.970671	0.000565	0.000215	0.000003	0.016028
196	0.000526	0.000004	0.000000	0.012115	0.971177	0.000548	0.000205	0.000005	0.015420
197	0.000490	0.000003	0.000000	0.012111	0.971855	0.000534	0.000210	0.000002	0.014795
198	0.000466	0.000003	0.000000	0.012175	0.972361	0.000552	0.000214	0.000002	0.014227
199	0.000431	0.000002	0.000000	0.012239	0.972793	0.000576	0.000221	0.000003	0.013735
200	0.000388	0.000000	0.000000	0.012299	0.973319	0.000570	0.000210	0.000003	0.013211
201	0.000362	0.000000	0.000000	0.012273	0.973733	0.000580	0.000199	0.000002	0.012851
202	0.000323	0.000000	0.000000	0.012344	0.974244	0.000554	0.000198	0.000001	0.012336
203	0.000309	0.000000	0.000000	0.012378	0.974662	0.000534	0.000191	0.000000	0.011926
204	0.000293	0.000000	0.000000	0.012497	0.975006	0.000546	0.000179	0.000001	0.011478
205	0.000248	0.000000	0.000000	0.012510	0.975478	0.000535	0.000185	0.000000	0.011044
206	0.000213	0.000000	0.000000	0.012490	0.975920	0.000522	0.000172	0.000000	0.010683
207	0.000195	0.000000	0.000000	0.012426	0.976447	0.000508	0.000171	0.000000	0.010253
208	0.000173	0.000000	0.000000	0.012485	0.976886	0.000505	0.000173	0.000000	0.009778
209	0.000158	0.000000	0.000000	0.012440	0.977269	0.000521	0.000184	0.000000	0.009428
210	0.000141	0.000000	0.000000	0.012477	0.977729	0.000490	0.000191	0.000000	0.008972
211	0.000121	0.000000	0.000000	0.012626	0.977917	0.000491	0.000183	0.000000	0.008662
212	0.000114	0.000000	0.000000	0.012554	0.978269	0.000494	0.000168	0.000000	0.008401
213	0.000100	0.000000	0.000000	0.012657	0.978462	0.000479	0.000162	0.000000	0.008140
214	0.000074	0.000000	0.000000	0.012686	0.978830	0.000463	0.000158	0.000000	0.007789
215	0.000068	0.000000	0.000000	0.012606	0.979210	0.000477	0.000157	0.000000	0.007482
216	0.000063	0.000000	0.000000	0.012557	0.979515	0.000501	0.000147	0.000000	0.007217
217	0.000062	0.000000	0.000000	0.012515	0.979788	0.000534	0.000149	0.000000	0.006952
218	0.000048	0.000000	0.000000	0.012567	0.980023	0.000488	0.000153	0.000000	0.006721
219	0.000047	0.000000	0.000000	0.012487	0.980333	0.000500	0.000162	0.000000	0.006471
220	0.000038	0.000000	0.000000	0.012451	0.980667	0.000490	0.000158	0.000000	0.006196
221	0.000027	0.000000	0.000000	0.012346	0.980905	0.000502	0.000152	0.000000	0.006068
222	0.000019	0.000000	0.000000	0.012347	0.981160	0.000509	0.000148	0.000000	0.005817
223	0.000022	0.000000	0.000000	0.012387	0.981312	0.000491	0.000141	0.000000	0.005647
224	0.000019	0.000000	0.000000	0.012362	0.981528	0.000511	0.000138	0.000000	0.005442
225	0.000024	0.000000	0.000000	0.012286	0.981793	0.000545	0.000142	0.000000	0.005210
226	0.000027	0.000000	0.000000	0.012249	0.982045	0.000522	0.000161	0.000000	0.004996
227	0.000028	0.000000	0.000000	0.012172	0.982310	0.000527	0.000160	0.000000	0.004803
228	0.000030	0.000000	0.000000	0.012216	0.982408	0.000519	0.000159	0.000000	0.004668
229	0.000027	0.000000	0.000000	0.012199	0.982606	0.000536	0.000157	0.000000	0.004475
230	0.000028	0.000000	0.000000	0.012117	0.982876	0.000544	0.000137	0.000000	0.004298
231	0.000022	0.000000	0.000000	0.012052	0.983055	0.000577	0.000147	0.000000	0.004147
232	0.000020	0.000000	0.000000	0.012048	0.983209	0.000588	0.000153	0.000000	0.003982
233	0.000017	0.000000	0.000000	0.012057	0.983431	0.000547	0.000163	0.000000	0.003785
234	0.000014	0.000000	0.000000	0.012099	0.983525	0.000558	0.000168	0.000000	0.003636
235	0.000009	0.000000	0.000000	0.012123	0.983664	0.000541	0.000166	0.000000	0.003497
236	0.000017	0.000000	0.000000	0.012151	0.983784	0.000556	0.000162	0.000000	0.003330
237	0.000014	0.000000	0.000000	0.012180	0.983961	0.000523	0.000153	0.000000	0.003169
238	0.000011	0.000000	0.000000	0.012255	0.983995	0.000548	0.000154	0.000000	0.003037
239	0.000013	0.000000	0.000000	0.012266	0.984149	0.000533	0.000144	0.000000	0.002895
240	0.000012	0.000000	0.000000	0.012374	0.984145	0.000523	0.000129	0.000000	0.002817
241	0.000014	0.000000	0.000000	0.012300	0.984347	0.000545	0.000119	0.000000	0.002675
242	0.000012	0.000000	0.000000	0.012161	0.984622	0.000542	0.000107	0.000000	0.002556
243	0.000009	0.000000	0.000000	0.012252	0.984628	0.000554	0.000099	0.000000	0.002458
244	0.000007	0.000000	0.000000	0.012181	0.984878	0.000544	0.000095	0.000000	0.002295
245	0.000007	0.000000	0.000000	0.012084	0.985068	0.000539	0.000096	0.000000	0.002206
246	0.000010	0.000000	0.000000	0.012172	0.985135	0.000534	0.000084	0.000000	0.002065
247	0.000011	0.000000	0.000000	0.012061	0.985296	0.000549	0.000080	0.000000	0.002003
248	0.000009	0.000000	0.000000	0.011970	0.985473	0.000582	0.000072	0.000000	0.001894
249	0.000010	0.000000	0.000000	0.012134	0.985399	0.000565	0.000071	0.000000	0.001821
250	0.000008	0.000000	0.000000	0.012034	0.985584	0.000562	0.000062	0.000000	0.001750
251	0.000008	0.000000	0.000000	0.012051	0.985611	0.000594	0.000062	0.000000	0.001674
252	0.000007	0.000000	0.000000	0.012124	0.985583	0.000606	0.000063	0.000000	0.001617
253	0.000009	0.000000	0.000000	0.012200	0.985615	0.000593	0.000045	0.000000	0.001538
254	0.000012	0.000000	0.000000	0.012180	0.985749	0.000580	0.000053	0.000000	0.001426
255	0.000016	0.000000	0.000000	0.012225	0.985725	0.000607	0.000049	0.000000	0.001378
256	0.000017	0.000000	0.000000	0.012354	0.985666	0.000599	0.000045	0.000000	0.001319
257	0.000015	0.000000	0.000000	0.012439	0.985591	0.000637	0.000043	0.000000	0.001275
258	0.000012	0.000000	0.000000	0.012459	0.985569	0.000674	0.000041	0.000000	0.001245
259	0.000017	0.000000	0.000000	0.012362	0.985754	0.000635	0.000039	0.000000	0.001193
260	0.000016	0.000000	0.000000	0.012456	0.985709	0.000625	0.000038	0.000000	0.001156
261	0.000020	0.000000	0.000000	0.012510	0.985698	0.000625	0.000037	0.000000	0.001110
262	0.000015	0.000000	0.000000	0.012466	0.985777	0.000645	0.000036	0.000000	0.001061
263	0.000011	0.000000	0.000000	0.012448	0.985861	0.000630	0.000036	0.000000	0.001014
264	0.000008	0.000000	0.000000	0.012534	0.985905	0.000568	0.000045	0.000000	0.000940
265	0.000007	0.000000	0.000000	0.012604	0.985845	0.000602	0.000051	0.000000	0.000891
266	0.000006	0.000000	0.000000	0.012684	0.985830	0.000579	0.000053	0.000000	0.000848
267	0.000008	0.000000	0.000000	0.012648	0.985862	0.000603	0.000045	0.000000	0.000834
268	0.000008	0.000000	0.000000	0.012572	0.985939	0.000613	0.000048	0.000000	0.000820
269	0.000006	0.000000	0.000000	0.012591	0.985985	0.000581	0.000043	0.000000	0.000794
270	0.000004	0.000000	0.000000	0.012435	0.986169	0.000595	0.000032	0.000000	0.000765
271	0.000008	0.000000	0.000000	0.012419	0.986218	0.000584	0.000035	0.000000	0.000736
272	0.000006	0.000000	0.000000	0.012526	0.986124	0.000600	0.000037	0.000000	0.000707
273	0.000004	0.000000	0.000000	0.012447	0.986217	0.000616	0.000033	0.000000	0.000683
274	0.000001	0.000000	0.000000	0.012444	0.986235	0.000629	0.000029	0.000000	0.000662
275	0.000001	0.000000	0.000000	0.012531	0.986169	0.000645	0.000039	0.000000	0.000615
276	0.000000	0.000000	0.000000	0.012406	0.986359	0.000577	0.000039	0.000000	0.000619
277	0.000000	0.000000	0.000000	0.012342	0.986436	0.000596	0.000035	0.000000	0.000591
278	0.000000	0.000000	0.000000	0.012418	0.986399	0.000595	0.000034	0.000000	0.000554
279	0.000000	0.000000	0.000000	0.012442	0.986395	0.000597	0.000031	0.000000	0.000535
280	0.000000	0.000000	0.000000	0.012531	0.986352	0.000584	0.000030	0.000000	0.000503
281	0.000000	0.000000	0.000000	0.012572	0.986342	0.000583	0.000029	0.000000	0.000474
282	0.000000	0.000000	0.000000	0.012570	0.986369	0.000580	0.000034	0.000000	0.000447
283	0.000000	0.000000	0.000000	0.012619	0.986343	0.000561	0.000031	0.000000	0.000446
284	0.000000	0.000000	0.000000	0.012519	0.986423	0.000594	0.000035	0.000000	0.000429
285	0.000000	0.000000	0.000000	0.012505	0.986453	0.000589	0.000038	0.000000	0.000415
286	0.000000	0.000000	0.000000	0.012509	0.986458	0.000603	0.000037	0.000000	0.000393
287	0.000000	0.000000	0.000000	0.012601	0.986330	0.000638	0.000045	0.000000	0.000386
288	0.000000	0.000000	0.000000	0.012468	0.986475	0.000646	0.000042	0.000000	0.000369
289	0.000000	0.000000	0.000000	0.012393	0.986563	0.000630	0.000039	0.000000	0.000375
290	0.000000	0.000000	0.000000	0.012497	0.986484	0.000632	0.000040	0.000000	0.000347
291	0.000000	0.000000	0.000000	0.012398	0.986591	0.000645	0.000039	0.000000	0.000327
292	0.000000	0.000000	0.000000	0.012383	0.986621	0.000657	0.000035	0.000000	0.000304
293	0.000000	0.000000	0.000000	0.012324	0.986685	0.000670	0.000036	0.000000	0.000285
294	0.000000	0.000000	0.000000	0.012266	0.986731	0.000687	0.000030	0.000000	0.000286
295	0.000000	0.000000	0.000000	0.012264	0.986785	0.000669	0.000021	0.000000	0.000261
296	0.000000	0.000000	0.000000	0.012326	0.986703	0.000687	0.000025	0.000000	0.000259
297	0.000000	0.000000	0.000000	0.012291	0.986737	0.000703	0.000019	0.000000	0.000250
298	0.000000	0.000000	0.000000	0.012227	0.986844	0.000680	0.000012	0.000000	0.000237
299	0.000000	0.000000	0.000000	0.012190	0.986915	0.000648	0.000011	0.000000	0.000236
300	0.000000	0.000000	0.000000	0.012267	0.986871	0.000629	0.000011	0.000000	0.000222
301	0.000000	0.000000	0.000000	0.012272	0.986869	0.000631	0.000006	0.000000	0.000222
302	0.000000	0.000000	0.000000	0.012340	0.986813	0.000635	0.000003	0.000000	0.000209
303	0.000000	0.000000	0.000000	0.012121	0.987029	0.000646	0.000002	0.000000	0.000202
304	0.000000	0.000000	0.000000	0.012065	0.987077	0.000658	0.000001	0.000000	0.000199
305	0.000000	0.000000	0.000000	0.012059	0.987069	0.000676	0.000000	0.000000	0.000196
306	0.000000	0.000000	0.000000	0.012035	0.987107	0.000670	0.000000	0.000000	0.000188
307	0.000000	0.000000	0.000000	0.012013	0.987117	0.000680	0.000000	0.000000	0.000190
308	0.000000	0.000000	0.000000	0.012115	0.987002	0.000692	0.000000	0.000000	0.000191
309	0.000000	0.000000	0.000000	0.012009	0.987121	0.000690	0.000000	0.000000	0.000180
310	0.000000	0.000000	0.000000	0.012008	0.987133	0.000684	0.000000	0.000000	0.000175
311	0.000000	0.000000	0.000000	0.012083	0.987063	0.000688	0.000000	0.000000	0.000166
312	0.000000	0.000000	0.000000	0.012010	0.987117	0.000712	0.000000	0.000000	0.000161
313	0.000000	0.000000	0.000000	0.011998	0.987110	0.000738	0.000000	0.000000	0.000154
314	0.000000	0.000000	0.000000	0.012043	0.987079	0.000741	0.000000	0.000000	0.000137
315	0.000000	0.000000	0.000000	0.011913	0.987192	0.000753	0.000000	0.000000	0.000142
316	0.000000	0.000000	0.000000	0.011898	0.987245	0.000722	0.000000	0.000000	0.000135
317	0.000000	0.000000	0.000000	0.011824	0.987299	0.000754	0.000000	0.000000	0.000123
318	0.000000	0.000000	0.000000	0.011914	0.987232	0.000734	0.000000	0.000000	0.000120
319	0.000000	0.000000	0.000000	0.011876	0.987260	0.000743	0.000000	0.000000	0.000121
320	0.000000	0.000000	0.000000	0.011866	0.987245	0.000780	0.000000	0.000000	0.000109
321	0.000000	0.000000	0.000000	0.011866	0.987255	0.000774	0.000000	0.000000	0.000105
322	0.000000	0.000000	0.000000	0.011896	0.987209	0.000787	0.000000	0.000000	0.000108
323	0.000000	0.000000	0.000000	0.011922	0.987174	0.000803	0.000000	0.000000	0.000101
324	0.000000	0.000000	0.000000	0.011745	0.987374	0.000781	0.000000	0.000000	0.000100
325	0.000000	0.000000	0.000000	0.011775	0.987411	0.000716	0.000000	0.000000	0.000098
326	0.000000	0.000000	0.000000	0.011691	0.987501	0.000729	0.000000	0.000000	0.000079
327	0.000000	0.000000	0.000000	0.011618	0.987580	0.000721	0.000000	0.000000	0.000081
328	0.000000	0.000000	0.000000	0.011653	0.987529	0.000742	0.000000	0.000000	0.000076
329	0.000000	0.000000	0.000000	0.011701	0.987494	0.000731	0.000000	0.000000	0.000074
330	0.000000	0.000000	0.000000	0.011657	0.987528	0.000750	0.000000	0.000000	0.000065
331	0.000000	0.000000	0.000000	0.011632	0.987524	0.000785	0.000000	0.000000	0.000059
332	0.000000	0.000000	0.000000	0.011599	0.987560	0.000779	0.000000	0.000000	0.000062
333	0.000000	0.000000	0.000000	0.011591	0.987638	0.000718	0.000000	0.000000	0.000053
334	0.000000	0.000000	0.000000	0.011593	0.987635	0.000713	0.000000	0.000000	0.000059
335	0.000000	0.000000	0.000000	0.011616	0.987613	0.000724	0.000000	0.000000	0.000047
336	0.000000	0.000000	0.000000	0.011757	0.987500	0.000697	0.000000	0.000000	0.000046
337	0.000000	0.000000	0.000000	0.011701	0.987576	0.000687	0.000000	0.000000	0.000036
338	0.000000	0.000000	0.000000	0.011657	0.987612	0.000689	0.000000	0.000000	0.000042
339	0.000000	0.000000	0.000000	0.011673	0.987611	0.000670	0.000000	0.000000	0.000046
340	0.000000	0.000000	0.000000	0.011724	0.987547	0.000690	0.000000	0.000000	0.000039
341	0.000000	0.000000	0.000000	0.011901	0.987384	0.000674	0.000000	0.000000	0.000041
342	0.000000	0.000000	0.000000	0.012072	0.987208	0.000680	0.000000	0.000000	0.000040
343	0.000000	0.000000	0.000000	0.011958	0.987344	0.000661	0.000000	0.000000	0.000037
344	0.000000	0.000000	0.000000	0.012106	0.987198	0.000659	0.000000	0.000000	0.000037
345	0.000000	0.000000	0.000000	0.011992	0.987322	0.000647	0.000000	0.000000	0.000039
346	0.000000	0.000000	0.000000	0.011976	0.987319	0.000669	0.000000	0.000000	0.000036
347	0.000000	0.000000	0.000000	0.011912	0.987358	0.000694	0.000000	0.000000	0.000036
348	0.000000	0.000000	0.000000	0.011953	0.987355	0.000659	0.000000	0.000000	0.000033
349	0.000000	0.000000	0.000000	0.011870	0.987408	0.000694	0.000000	0.000000	0.000028
350	0.000000	0.000000	0.000000	0.012018	0.987224	0.000731	0.000000	0.000000	0.000027
351	0.000000	0.000000	0.000000	0.011994	0.987256	0.000724	0.000000	0.000000	0.000026
352	0.000000	0.000000	0.000000	0.011986	0.987291	0.000696	0.000000	0.000000	0.000027
353	0.000000	0.000000	0.000000	0.012023	0.987222	0.000729	0.000000	0.000000	0.000026
354	0.000000	0.000000	0.000000	0.012028	0.987211	0.000732	0.000000	0.000000	0.000029
355	0.000000	0.000000	0.000000	0.012142	0.987134	0.000697	0.000000	0.000000	0.000027
356	0.000000	0.000000	0.000000	0.012115	0.987177	0.000678	0.000000	0.000000	0.000030
357	0.000000	0.000000	0.000000	0.011928	0.987337	0.000704	0.000000	0.000000	0.000031
358	0.000000	0.000000	0.000000	0.011973	0.987280	0.000722	0.000000	0.000000	0.000025
359	0.000000	0.000000	0.000000	0.011974	0.987282	0.000724	0.000000	0.000000	0.000020
360	0.000000	0.000000	0.000000	0.011979	0.987253	0.000746	0.000000	0.000000	0.000022
361	0.000000	0.000000	0.000000	0.011946	0.987309	0.000726	0.000000	0.000000	0.000019
362	0.000000	0.000000	0.000000	0.011937	0.987328	0.000720	0.000000	0.000000	0.000015
363	0.000000	0.000000	0.000000	0.011980	0.987296	0.000707	0.000000	0.000000	0.000017
364	0.000000	0.000000	0.000000	0.011897	0.987368	0.000724	0.000000	0.000000	0.000011
365	0.000000	0.000000	0.000000	0.011792	0.987436	0.000764	0.000000	0.000000	0.000008
366	0.000000	0.000000	0.000000	0.011948	0.987282	0.000761	0.000000	0.000000	0.000009
367	0.000000	0.000000	0.000000	0.012103	0.987152	0.000741	0.000000	0.000000	0.000004
368	0.000000	0.000000	0.000000	0.012025	0.987263	0.000705	0.000000	0.000000	0.000007
369	0.000000	0.000000	0.000000	0.011935	0.987358	0.000697	0.000000	0.000000	0.000010
370	0.000000	0.000000	0.000000	0.011915	0.987350	0.000722	0.000000	0.000000	0.000013
371	0.000000	0.000000	0.000000	0.011733	0.987541	0.000721	0.000000	0.000000	0.000005
372	0.000000	0.000000	0.000000	0.011762	0.987521	0.000712	0.000000	0.000000	0.000005
373	0.000000	0.000000	0.000000	0.011746	0.987562	0.000686	0.000000	0.000000	0.000006
374	0.000000	0.000000	0.000000	0.011827	0.987440	0.000727	0.000000	0.000000	0.000006
375	0.000000	0.000000	0.000000	0.011757	0.987544	0.000699	0.000000	0.000000	0.000000
376	0.000000	0.000000	0.000000	0.011707	0.987583	0.000710	0.000000	0.000000	0.000000
377	0.000000	0.000000	0.000000	0.011682	0.987583	0.000735	0.000000	0.000000	0.000000
378	0.000000	0.000000	0.000000	0.011758	0.987490	0.000752	0.000000	0.000000	0.000000
379	0.000000	0.000000	0.000000	0.011777	0.987463	0.000760	0.000000	0.000000	0.000000
380	0.000000	0.000000	0.000000	0.011818	0.987406	0.000776	0.000000	0.000000	0.000000
381	0.000000	0.000000	0.000000	0.011804	0.987420	0.000776	0.000000	0.000000	0.000000
382	0.000000	0.000000	0.000000	0.011846	0.987363	0.000791	0.000000	0.000000	0.000000
383	0.000000	0.000000	0.000000	0.011885	0.987297	0.000818	0.000000	0.000000	0.000000
384	0.000000	0.000000	0.000000	0.011743	0.987465	0.000792	0.000000	0.000000	0.000000
385	0.000000	0.000000	0.000000	0.011687	0.987509	0.000804	0.000000	0.000000	0.000000
386	0.000000	0.000000	0.000000	0.011681	0.987528	0.000791	0.000000	0.000000	0.000000
387	0.000000	0.000000	0.000000	0.011587	0.987614	0.000799	0.000000	0.000000	0.000000
388	0.000000	0.000000	0.000000	0.011559	0.987606	0.000835	0.000000	0.000000	0.000000
389	0.000000	0.000000	0.000000	0.011568	0.987601	0.000831	0.000000	0.000000	0.000000
390	0.000000	0.000000	0.000000	0.011709	0.987514	0.000777	0.000000	0.000000	0.000000
391	0.000000	0.000000	0.000000	0.011650	0.987638	0.000712	0.000000	0.000000	0.000000
392	0.000000	0.000000	0.000000	0.011510	0.987734	0.000756	0.000000	0.000000	0.000000
393	0.000000	0.000000	0.000000	0.011476	0.987769	0.000755	0.000000	0.000000	0.000000
394	0.000000	0.000000	0.000000	0.011530	0.987717	0.000753	0.000000	0.000000	0.000000
395	0.000000	0.000000	0.000000	0.011484	0.987715	0.000801	0.000000	0.000000	0.000000
396	0.000000	0.000000	0.000000	0.011349	0.987853	0.000798	0.000000	0.000000	0.000000
397	0.000000	0.000000	0.000000	0.011408	0.987804	0.000788	0.000000	0.000000	0.000000
398	0.000000	0.000000	0.000000	0.011403	0.987797	0.000800	0.000000	0.000000	0.000000
399	0.000000	0.000000	0.000000	0.011345	0.987825	0.000830	0.000000	0.000000	0.000000
400	0.000000	0.000000	0.000000	0.011354	0.987846	0.000800	0.000000	0.000000	0.000000
401	0.000000	0.000000	0.000000	0.011366	0.987844	0.000790	0.000000	0.000000	0.000000
402	0.000000	0.000000	0.000000	0.011214	0.987959	0.000827	0.000000	0.000000	0.000000
403	0.000000	0.000000	0.000000	0.011295	0.987918	0.000787	0.000000	0.000000	0.000000
404	0.000000	0.000000	0.000000	0.011405	0.987793	0.000802	0.000000	0.000000	0.000000
405	0.000000	0.000000	0.000000	0.011562	0.987602	0.000836	0.000000	0.000000	0.000000
406	0.000000	0.000000	0.000000	0.011559	0.987589	0.000852	0.000000	0.000000	0.000000
407	0.000000	0.000000	0.000000	0.011548	0.987615	0.000837	0.000000	0.000000	0.000000
408	0.000000	0.000000	0.000000	0.011513	0.987670	0.000817	0.000000	0.000000	0.000000
409	0.000000	0.000000	0.000000	0.011644	0.987511	0.000845	0.000000	0.000000	0.000000
410	0.000000	0.000000	0.000000	0.011612	0.987575	0.000813	0.000000	0.000000	0.000000
411	0.000000	0.000000	0.000000	0.011569	0.987605	0.000826	0.000000	0.000000	0.000000
412	0.000000	0.000000	0.000000	0.011577	0.987609	0.000814	0.000000	0.000000	0.000000
413	0.000000	0.000000	0.000000	0.011610	0.987541	0.000849	0.000000	0.000000	0.000000
414	0.000000	0.000000	0.000000	0.011558	0.987626	0.000816	0.000000	0.000000	0.000000
415	0.000000	0.000000	0.000000	0.011681	0.987507	0.000812	0.000000	0.000000	0.000000
416	0.000000	0.000000	0.000000	0.011629	0.987570	0.000801	0.000000	0.000000	0.000000
417	0.000000	0.000000	0.000000	0.011593	0.987608	0.000799	0.000000	0.000000	0.000000
418	0.000000	0.000000	0.000000	0.011629	0.987558	0.000813	0.000000	0.000000	0.000000
419	0.000000	0.000000	0.000000	0.011594	0.987547	0.000859	0.000000	0.000000	0.000000
420	0.000000	0.000000	0.000000	0.011477	0.987657	0.000866	0.000000	0.000000	0.000000
421	0.000000	0.000000	0.000000	0.011504	0.987666	0.000830	0.000000	0.000000	0.000000
422	0.000000	0.000000	0.000000	0.011443	0.987731	0.000826	0.000000	0.000000	0.000000
423	0.000000	0.000000	0.000000	0.011445	0.987710	0.000845	0.000000	0.000000	0.000000
424	0.000000	0.000000	0.000000	0.011553	0.987603	0.000844	0.000000	0.000000	0.000000
425	0.000000	0.000000	0.000000	0.011520	0.987648	0.000832	0.000000	0.000000	0.000000
426	0.000000	0.000000	0.000000	0.011526	0.987623	0.000851	0.000000	0.000000	0.000000
427	0.000000	0.000000	0.000000	0.011528	0.987633	0.000839	0.000000	0.000000	0.000000
428	0.000000	0.000000	0.000000	0.011517	0.987694	0.000789	0.000000	0.000000	0.000000
429	0.000000	0.000000	0.000000	0.011604	0.987582	0.000814	0.000000	0.000000	0.000000
430	0.000000	0.000000	0.000000	0.011558	0.987648	0.000794	0.000000	0.000000	0.000000
431	0.000000	0.000000	0.000000	0.011568	0.987652	0.000780	0.000000	0.000000	0.000000
432	0.000000	0.000000	0.000000	0.011435	0.987763	0.000802	0.000000	0.000000	0.000000
433	0.000000	0.000000	0.000000	0.011452	0.987756	0.000792	0.000000	0.000000	0.000000
434	0.000000	0.000000	0.000000	0.011439	0.987769	0.000792	0.000000	0.000000	0.000000
435	0.000000	0.000000	0.000000	0.011397	0.987839	0.000764	0.000000	0.000000	0.000000
436	0.000000	0.000000	0.000000	0.011451	0.987817	0.000732	0.000000	0.000000	0.000000
437	0.000000	0.000000	0.000000	0.011539	0.987766	0.000695	0.000000	0.000000	0.000000
438	0.000000	0.000000	0.000000	0.011674	0.987611	0.000715	0.000000	0.000000	0.000000
439	0.000000	0.000000	0.000000	0.011798	0.987506	0.000696	0.000000	0.000000	0.000000
440	0.000000	0.000000	0.000000	0.011857	0.987433	0.000710	0.000000	0.000000	0.000000
441	0.000000	0.000000	0.000000	0.011769	0.987498	0.000733	0.000000	0.000000	0.000000
442	0.000000	0.000000	0.000000	0.011899	0.987359	0.000742	0.000000	0.000000	0.000000
443	0.000000	0.000000	0.000000	0.011827	0.987445	0.000728	0.000000	0.000000	0.000000
444	0.000000	0.000000	0.000000	0.011821	0.987447	0.000732	0.000000	0.000000	0.000000
445	0.000000	0.000000	0.000000	0.011703	0.987582	0.000715	0.000000	0.000000	0.000000
446	0.000000	0.000000	0.000000	0.011825	0.987427	0.000748	0.000000	0.000000	0.000000
447	0.000000	0.000000	0.000000	0.011815	0.987380	0.000805	0.000000	0.000000	0.000000
448	0.000000	0.000000	0.000000	0.011794	0.987408	0.000798	0.000000	0.000000	0.000000
449	0.000000	0.000000	0.000000	0.011747	0.987453	0.000800	0.000000	0.000000	0.000000
450	0.000000	0.000000	0.000000	0.011637	0.987564	0.000799	0.000000	0.000000	0.000000
451	0.000000	0.000000	0.000000	0.011567	0.987618	0.000815	0.000000	0.000000	0.000000
452	0.000000	0.000000	0.000000	0.011640	0.987508	0.000852	0.000000	0.000000	0.000000
453	0.000000	0.000000	0.000000	0.011561	0.987575	0.000864	0.000000	0.000000	0.000000
454	0.000000	0.000000	0.000000	0.011544	0.987585	0.000871	0.000000	0.000000	0.000000
455	0.000000	0.000000	0.000000	0.011537	0.987592	0.000871	0.000000	0.000000	0.000000
456	0.000000	0.000000	0.000000	0.011521	0.987592	0.000887	0.000000	0.000000	0.000000
457	0.000000	0.000000	0.000000	0.011580	0.987568	0.000852	0.000000	0.000000	0.000000
458	0.000000	0.000000	0.000000	0.011645	0.987505	0.000850	0.000000	0.000000	0.000000
459	0.000000	0.000000	0.000000	0.011665	0.987489	0.000846	0.000000	0.000000	0.000000
460	0.000000	0.000000	0.000000	0.011557	0.987600	0.000843	0.000000	0.000000	0.000000
461	0.000000	0.000000	0.000000	0.011745	0.987440	0.000815	0.000000	0.000000	0.000000
462	0.000000	0.000000	0.000000	0.011739	0.987490	0.000771	0.000000	0.000000	0.000000
463	0.000000	0.000000	0.000000	0.011764	0.987461	0.000775	0.000000	0.000000	0.000000
464	0.000000	0.000000	0.000000	0.011723	0.987533	0.000744	0.000000	0.000000	0.000000
465	0.000000	0.000000	0.000000	0.011778	0.987467	0.000755	0.000000	0.000000	0.000000
466	0.000000	0.000000	0.000000	0.011684	0.987526	0.000790	0.000000	0.000000	0.000000
467	0.000000	0.000000	0.000000	0.011671	0.987549	0.000780	0.000000	0.000000	0.000000
468	0.000000	0.000000	0.000000	0.011575	0.987679	0.000746	0.000000	0.000000	0.000000
469	0.000000	0.000000	0.000000	0.011593	0.987673	0.000734	0.000000	0.000000	0.000000
470	0.000000	0.000000	0.000000	0.011616	0.987592	0.000792	0.000000	0.000000	0.000000
