0	0.290663	0.057897	0.229473	0.157588	0.029913	0.111872	0.085455	0.012259	0.024880
1	0.219931	0.045884	0.191017	0.148168	0.030354	0.126098	0.122267	0.023567	0.092714
2	0.209954	0.042936	0.181621	0.149847	0.033274	0.127861	0.125668	0.024046	0.104793
3	0.206398	0.040791	0.175587	0.151961	0.035721	0.128131	0.126047	0.023579	0.111785
4	0.203752	0.038832	0.169837	0.154155	0.038819	0.127698	0.125661	0.022701	0.118545
5	0.202112	0.036723	0.164262	0.156364	0.042444	0.126429	0.124895	0.021538	0.125233
6	0.200816	0.034687	0.159452	0.158480	0.046874	0.124881	0.123629	0.020458	0.130723
7	0.199045	0.032753	0.154339	0.161746	0.050688	0.122669	0.122184	0.019383	0.137193
8	0.198339	0.030564	0.148764	0.163678	0.055110	0.120669	0.121409	0.018369	0.143098
9	0.197726	0.028918	0.143622	0.165826	0.059141	0.118705	0.119583	0.017363	0.149116
10	0.196831	0.027222	0.138083	0.167703	0.064222	0.115782	0.118075	0.016544	0.155538
11	0.195241	0.025508	0.133088	0.169693	0.069186	0.113679	0.116210	0.015770	0.161625
12	0.194066	0.024042	0.128157	0.171129	0.074308	0.111483	0.114459	0.014949	0.167407
13	0.193333	0.022486	0.123670	0.172980	0.079423	0.108809	0.112305	0.014079	0.172915
14	0.192413	0.020844	0.118660	0.174362	0.084795	0.106257	0.110923	0.013394	0.178352
15	0.191050	0.019358	0.113782	0.175338	0.090639	0.103317	0.109552	0.012804	0.184160
16	0.190167	0.017986	0.109321	0.176544	0.096489	0.100434	0.107272	0.012094	0.189693
17	0.188708	0.016985	0.104688	0.177382	0.102230	0.098254	0.105360	0.011213	0.195180
18	0.187129	0.015660	0.100889	0.178406	0.108380	0.095727	0.102661	0.010550	0.200598
19	0.185751	0.014500	0.096222	0.178790	0.114901	0.093072	0.100860	0.010082	0.205822
20	0.184490	0.013517	0.092135	0.179643	0.121560	0.090396	0.098484	0.009519	0.210256
21	0.183420	0.012564	0.087954	0.179993	0.128479	0.087708	0.096555	0.008776	0.214551
22	0.181735	0.011735	0.083872	0.180762	0.135386	0.085049	0.094559	0.008373	0.218529
23	0.180149	0.011002	0.079738	0.181387	0.142591	0.082335	0.092625	0.007785	0.222388
24	0.178098	0.010265	0.076073	0.182337	0.149625	0.080045	0.090229	0.007209	0.226119
25	0.175936	0.009686	0.072767	0.182668	0.157173	0.077311	0.087983	0.006918	0.229558
26	0.174193	0.008909	0.068941	0.183055	0.164968	0.074696	0.085844	0.006466	0.232928
27	0.171506	0.008342	0.066085	0.183462	0.172887	0.072277	0.083142	0.005978	0.236321
28	0.169596	0.007516	0.062489	0.183792	0.180952	0.070212	0.080636	0.005585	0.239222
29	0.167378	0.006903	0.059061	0.184354	0.188571	0.068009	0.078469	0.005290	0.241965
30	0.164825	0.006464	0.056261	0.184409	0.197102	0.065560	0.075878	0.004943	0.244558
31	0.162522	0.005957	0.053384	0.184915	0.205877	0.063489	0.073331	0.004563	0.245962
32	0.159617	0.005536	0.050698	0.184954	0.214675	0.061226	0.070679	0.004352	0.248263
33	0.157281	0.005085	0.047852	0.184677	0.223619	0.059673	0.068475	0.004047	0.249291
34	0.154494	0.004630	0.045165	0.185896	0.231795	0.057916	0.066133	0.003788	0.250183
35	0.152227	0.004182	0.042616	0.186309	0.240345	0.056144	0.063936	0.003620	0.250621
36	0.149228	0.003824	0.040053	0.186051	0.249605	0.054575	0.061669	0.003340	0.251655
37	0.146380	0.003534	0.037836	0.186509	0.258970	0.052904	0.059297	0.003129	0.251441
38	0.143039	0.003264	0.035758	0.186644	0.268053	0.051199	0.056983	0.002861	0.252199
39	0.139928	0.003004	0.033838	0.186934	0.277403	0.049449	0.054643	0.002664	0.252137
40	0.136620	0.002787	0.031874	0.187252	0.286407	0.048355	0.052785	0.002427	0.251493
41	0.133858	0.002653	0.029699	0.187555	0.296103	0.046946	0.050258	0.002258	0.250670
42	0.130660	0.002410	0.027913	0.188132	0.305622	0.045683	0.048241	0.002036	0.249303
43	0.127408	0.002166	0.026321	0.188101	0.315410	0.044370	0.046048	0.001883	0.248293
44	0.124602	0.001989	0.024808	0.188414	0.325012	0.043071	0.044119	0.001810	0.246175
45	0.121568	0.001807	0.023157	0.188909	0.334584	0.041635	0.042109	0.001719	0.244512
46	0.118688	0.001588	0.021673	0.189127	0.344950	0.040454	0.040076	0.001534	0.241910
47	0.115549	0.001526	0.020298	0.189557	0.354977	0.039370	0.038232	0.001483	0.239008
48	0.111996	0.001383	0.018927	0.190110	0.365107	0.038177	0.036321	0.001298	0.236681
49	0.108679	0.001270	0.017602	0.191124	0.374406	0.037373	0.034483	0.001167	0.233896
50	0.105208	0.001145	0.016496	0.191097	0.384407	0.036466	0.032899	0.001139	0.231143
51	0.101708	0.000991	0.015307	0.191931	0.394435	0.035493	0.031221	0.001062	0.227852
52	0.098414	0.000894	0.014271	0.192041	0.404927	0.034775	0.029502	0.000956	0.224220
53	0.095211	0.000789	0.013298	0.192585	0.414204	0.033815	0.028224	0.000950	0.220924
54	0.091871	0.000718	0.012500	0.193146	0.424305	0.033110	0.026784	0.000846	0.216720
55	0.088622	0.000683	0.011603	0.193710	0.433638	0.032401	0.025209	0.000792	0.213342
56	0.085363	0.000664	0.010898	0.194440	0.443028	0.031804	0.023793	0.000740	0.209270
57	0.081981	0.000614	0.010087	0.194736	0.452815	0.031017	0.022608	0.000671	0.205471
58	0.078942	0.000555	0.009372	0.195686	0.461996	0.030515	0.021498	0.000612	0.200824
59	0.076021	0.000503	0.008690	0.196488	0.471135	0.030067	0.020349	0.000598	0.196149
60	0.072933	0.000433	0.008055	0.197228	0.480493	0.029293	0.019143	0.000561	0.191861
61	0.069963	0.000387	0.007469	0.198199	0.489388	0.028648	0.018104	0.000555	0.187287
62	0.066858	0.000339	0.006895	0.198487	0.498618	0.028218	0.016931	0.000517	0.183137
63	0.063938	0.000319	0.006413	0.198796	0.507825	0.027886	0.015910	0.000459	0.178454
64	0.060942	0.000282	0.006067	0.199849	0.516206	0.027548	0.015002	0.000402	0.173702
65	0.058258	0.000223	0.005504	0.200704	0.524534	0.027151	0.014118	0.000373	0.169135
66	0.055358	0.000218	0.005147	0.201582	0.533081	0.026726	0.013249	0.000329	0.164310
67	0.052646	0.000195	0.004737	0.202526	0.541257	0.026483	0.012700	0.000296	0.159160
68	0.050479	0.000189	0.004348	0.203053	0.549641	0.025924	0.011849	0.000256	0.154261
69	0.047868	0.000159	0.004020	0.203206	0.558102	0.025809	0.010951	0.000220	0.149665
70	0.045448	0.000152	0.003570	0.204210	0.565477	0.025536	0.010225	0.000197	0.145185
71	0.043161	0.000149	0.003260	0.205430	0.572939	0.025058	0.009522	0.000196	0.140285
72	0.041063	0.000133	0.002981	0.205870	0.580624	0.024746	0.008834	0.000192	0.135557
73	0.039022	0.000122	0.002795	0.206854	0.587747	0.024527	0.008180	0.000166	0.130587
74	0.037096	0.000104	0.002615	0.207139	0.594954	0.024038	0.007590	0.000148	0.126316
75	0.035337	0.000088	0.002408	0.207946	0.601520	0.023858	0.007031	0.000125	0.121687
76	0.033593	0.000087	0.002190	0.208508	0.608044	0.023676	0.006533	0.000119	0.117250
77	0.031707	0.000074	0.001998	0.208899	0.614997	0.023477	0.006083	0.000097	0.112668
78	0.029940	0.000067	0.001881	0.210106	0.620757	0.023323	0.005732	0.000069	0.108125
79	0.028526	0.000068	0.001696	0.211213	0.626036	0.023195	0.005445	0.000063	0.103758
80	0.026872	0.000058	0.001616	0.211676	0.632249	0.022828	0.005051	0.000051	0.099599
81	0.025599	0.000053	0.001505	0.212332	0.637630	0.022763	0.004651	0.000040	0.095427
82	0.024233	0.000050	0.001368	0.212830	0.642940	0.022654	0.004153	0.000034	0.091738
83	0.022843	0.000045	0.001295	0.213443	0.648134	0.022561	0.003811	0.000037	0.087831
84	0.021396	0.000034	0.001198	0.214026	0.652967	0.022721	0.003479	0.000030	0.084149
85	0.020087	0.000025	0.001121	0.214572	0.657791	0.022577	0.003183	0.000034	0.080610
86	0.018874	0.000014	0.001022	0.215576	0.662531	0.022301	0.002960	0.000018	0.076704
87	0.017797	0.000009	0.000908	0.216096	0.667036	0.022214	0.002661	0.000019	0.073260
88	0.016683	0.000011	0.000846	0.215948	0.672477	0.021999	0.002431	0.000012	0.069593
89	0.015746	0.000009	0.000762	0.216334	0.676697	0.021836	0.002270	0.000008	0.066338
90	0.014615	0.000015	0.000709	0.216701	0.680759	0.021830	0.002114	0.000006	0.063251
91	0.013737	0.000018	0.000641	0.217139	0.684737	0.021712	0.001874	0.000006	0.060136
92	0.012954	0.000013	0.000545	0.217624	0.688258	0.021560	0.001702	0.000001	0.057343
93	0.012190	0.000016	0.000487	0.218278	0.691730	0.021417	0.001545	0.000002	0.054335
94	0.011467	0.000015	0.000434	0.218394	0.695163	0.021383	0.001409	0.000001	0.051734
95	0.010699	0.000015	0.000392	0.219219	0.698098	0.021360	0.001318	0.000000	0.048899
96	0.009907	0.000012	0.000362	0.219566	0.701503	0.021206	0.001191	0.000000	0.046253
97	0.009262	0.000015	0.000317	0.219645	0.704984	0.020909	0.001054	0.000000	0.043814
98	0.008608	0.000017	0.000281	0.220526	0.707489	0.020710	0.000962	0.000000	0.041407
99	0.008046	0.000013	0.000259	0.220458	0.710550	0.020795	0.000877	0.000000	0.039002
100	0.007639	0.000007	0.000210	0.220977	0.713245	0.020545	0.000776	0.000000	0.036601
101	0.006908	0.000007	0.000179	0.221199	0.715855	0.020635	0.000664	0.000000	0.034553
102	0.006515	0.000006	0.000158	0.221391	0.718124	0.020713	0.000592	0.000000	0.032501
103	0.006094	0.000003	0.000133	0.221739	0.720117	0.020775	0.000556	0.000000	0.030583
104	0.005680	0.000003	0.000128	0.222298	0.721805	0.020885	0.000510	0.000000	0.028691
105	0.005213	0.000002	0.000123	0.222638	0.723751	0.020807	0.000440	0.000000	0.027026
106	0.004850	0.000003	0.000112	0.223040	0.725788	0.020691	0.000429	0.000000	0.025087
107	0.004500	0.000002	0.000112	0.223063	0.727671	0.020734	0.000393	0.000000	0.023525
108	0.004211	0.000002	0.000097	0.223129	0.729609	0.020685	0.000391	0.000000	0.021876
109	0.003886	0.000002	0.000080	0.223858	0.730821	0.020662	0.000346	0.000000	0.020345
110	0.003552	0.000003	0.000078	0.224044	0.732452	0.020394	0.000341	0.000000	0.019136
111	0.003322	0.000000	0.000077	0.223968	0.734101	0.020372	0.000308	0.000000	0.017852
112	0.002996	0.000000	0.000077	0.223942	0.735715	0.020429	0.000270	0.000000	0.016571
113	0.002770	0.000000	0.000071	0.224027	0.737142	0.020277	0.000253	0.000000	0.015460
114	0.002556	0.000000	0.000068	0.223343	0.739154	0.020171	0.000230	0.000000	0.014478
115	0.002329	0.000000	0.000067	0.223222	0.740345	0.020225	0.000197	0.000000	0.013615
116	0.002221	0.000000	0.000054	0.223380	0.741326	0.020157	0.000166	0.000000	0.012696
117	0.002110	0.000000	0.000053	0.223552	0.742498	0.019896	0.000166	0.000000	0.011725
118	0.001940	0.000000	0.000049	0.223562	0.743253	0.020124	0.000170	0.000000	0.010902
119	0.001838	0.000000	0.000043	0.224224	0.743482	0.020211	0.000157	0.000000	0.010045
120	0.001730	0.000000	0.000041	0.224501	0.743888	0.020408	0.000139	0.000000	0.009293
121	0.001578	0.000000	0.000034	0.224454	0.744709	0.020292	0.000126	0.000000	0.008807
122	0.001464	0.000000	0.000035	0.225091	0.744892	0.020295	0.000113	0.000000	0.008110
123	0.001387	0.000000	0.000023	0.225420	0.745205	0.020353	0.000113	0.000000	0.007499
124	0.001296	0.000000	0.000019	0.225810	0.745361	0.020433	0.000097	0.000000	0.006984
125	0.001201	0.000000	0.000020	0.226054	0.745701	0.020507	0.000089	0.000000	0.006428
126	0.001095	0.000000	0.000018	0.226505	0.745964	0.020324	0.000084	0.000000	0.006010
127	0.001034	0.000000	0.000018	0.226537	0.746514	0.020262	0.000069	0.000000	0.005566
128	0.000947	0.000000	0.000014	0.226839	0.746689	0.020313	0.000047	0.000000	0.005151
129	0.000861	0.000000	0.000016	0.227162	0.746804	0.020379	0.000039	0.000000	0.004739
130	0.000775	0.000000	0.000015	0.227112	0.747472	0.020206	0.000028	0.000000	0.004392
131	0.000729	0.000000	0.000013	0.227582	0.747359	0.020254	0.000017	0.000000	0.004046
132	0.000674	0.000000	0.000007	0.227248	0.748071	0.020203	0.000016	0.000000	0.003781
133	0.000633	0.000000	0.000007	0.227617	0.748121	0.020074	0.000014	0.000000	0.003534
134	0.000606	0.000000	0.000002	0.227253	0.748695	0.020114	0.000009	0.000000	0.003321
135	0.000548	0.000000	0.000003	0.227939	0.748222	0.020137	0.000009	0.000000	0.003142
136	0.000522	0.000000	0.000001	0.227480	0.749017	0.020086	0.000006	0.000000	0.002888
137	0.000539	0.000000	0.000001	0.227183	0.749592	0.020031	0.000006	0.000000	0.002648
138	0.000489	0.000000	0.000000	0.227454	0.749517	0.020058	0.000004	0.000000	0.002478
139	0.000476	0.000000	0.000000	0.227061	0.750163	0.020017	0.000002	0.000000	0.002281
140	0.000429	0.000000	0.000000	0.227212	0.750444	0.019828	0.000003	0.000000	0.002084
141	0.000404	0.000000	0.000000	0.227182	0.750587	0.019891	0.000002	0.000000	0.001934
142	0.000347	0.000000	0.000000	0.226783	0.751247	0.019835	0.000001	0.000000	0.001787
143	0.000317	0.000000	0.000000	0.226766	0.751575	0.019672	0.000002	0.000000	0.001668
144	0.000322	0.000000	0.000000	0.226453	0.751932	0.019721	0.000004	0.000000	0.001568
145	0.000294	0.000000	0.000000	0.226664	0.751913	0.019699	0.000003	0.000000	0.001427
146	0.000268	0.000000	0.000000	0.226931	0.751825	0.019666	0.000003	0.000000	0.001307
147	0.000260	0.000000	0.000000	0.226783	0.752166	0.019523	0.000002	0.000000	0.001266
148	0.000252	0.000000	0.000000	0.226596	0.752411	0.019562	0.000002	0.000000	0.001177
149	0.000235	0.000000	0.000000	0.227031	0.752101	0.019568	0.000002	0.000000	0.001063
150	0.000223	0.000000	0.000000	0.226941	0.752147	0.019703	0.000001	0.000000	0.000985
151	0.000213	0.000000	0.000000	0.227035	0.752192	0.019615	0.000000	0.000000	0.000945
152	0.000217	0.000000	0.000000	0.227446	0.751769	0.019680	0.000000	0.000000	0.000888
153	0.000212	0.000000	0.000000	0.227103	0.752254	0.019619	0.000000	0.000000	0.000812
154	0.000196	0.000000	0.000000	0.227098	0.752182	0.019770	0.000000	0.000000	0.000754
155	0.000169	0.000000	0.000000	0.227219	0.751963	0.019954	0.000000	0.000000	0.000695
156	0.000157	0.000000	0.000000	0.227262	0.751953	0.019959	0.000000	0.000000	0.000669
157	0.000153	0.000000	0.000000	0.226785	0.752504	0.019936	0.000000	0.000000	0.000622
158	0.000137	0.000000	0.000000	0.226693	0.752665	0.019877	0.000000	0.000000	0.000628
159	0.000121	0.000000	0.000000	0.226254	0.753258	0.019763	0.000000	0.000000	0.000604
160	0.000109	0.000000	0.000000	0.226772	0.752715	0.019816	0.000000	0.000000	0.000588
161	0.000099	0.000000	0.000000	0.226796	0.752601	0.019950	0.000000	0.000000	0.000554
162	0.000092	0.000000	0.000000	0.226986	0.752502	0.019904	0.000000	0.000000	0.000516
163	0.000084	0.000000	0.000000	0.227206	0.752232	0.020005	0.000000	0.000000	0.000473
164	0.000084	0.000000	0.000000	0.227383	0.752059	0.020020	0.000000	0.000000	0.000454
165	0.000082	0.000000	0.000000	0.227137	0.752368	0.019954	0.000000	0.000000	0.000459
166	0.000061	0.000000	0.000000	0.227909	0.751801	0.019815	0.000000	0.000000	0.000414
167	0.000061	0.000000	0.000000	0.227524	0.752039	0.019973	0.000000	0.000000	0.000403
168	0.000057	0.000000	0.000000	0.227665	0.751990	0.019923	0.000000	0.000000	0.000365
169	0.000062	0.000000	0.000000	0.227836	0.751785	0.019984	0.000000	0.000000	0.000333
170	0.000052	0.000000	0.000000	0.227562	0.751964	0.020114	0.000000	0.000000	0.000308
171	0.000055	0.000000	0.000000	0.227436	0.752408	0.019806	0.000000	0.000000	0.000295
172	0.000050	0.000000	0.000000	0.227505	0.752105	0.020068	0.000000	0.000000	0.000272
173	0.000048	0.000000	0.000000	0.227752	0.751813	0.020113	0.000000	0.000000	0.000274
174	0.000037	0.000000	0.000000	0.228133	0.751507	0.020057	0.000000	0.000000	0.000266
175	0.000036	0.000000	0.000000	0.227797	0.751766	0.020140	0.000000	0.000000	0.000261
176	0.000033	0.000000	0.000000	0.227949	0.751541	0.020223	0.000000	0.000000	0.000254
177	0.000034	0.000000	0.000000	0.228138	0.751453	0.020148	0.000000	0.000000	0.000227
178	0.000030	0.000000	0.000000	0.228069	0.751518	0.020166	0.000000	0.000000	0.000217
179	0.000027	0.000000	0.000000	0.228132	0.751165	0.020466	0.000000	0.000000	0.000210
180	0.000025	0.000000	0.000000	0.228295	0.751159	0.020319	0.000000	0.000000	0.000202
181	0.000023	0.000000	0.000000	0.228245	0.751362	0.020152	0.000000	0.000000	0.000218
182	0.000025	0.000000	0.000000	0.228035	0.751579	0.020150	0.000000	0.000000	0.000211
183	0.000020	0.000000	0.000000	0.228165	0.751573	0.020045	0.000000	0.000000	0.000197
184	0.000017	0.000000	0.000000	0.227960	0.751786	0.020042	0.000000	0.000000	0.000195
185	0.000010	0.000000	0.000000	0.227569	0.752135	0.020093	0.000000	0.000000	0.000193
186	0.000011	0.000000	0.000000	0.227834	0.752069	0.019905	0.000000	0.000000	0.000181
187	0.000005	0.000000	0.000000	0.228330	0.751457	0.020023	0.000000	0.000000	0.000185
188	0.000004	0.000000	0.000000	0.228140	0.751628	0.020065	0.000000	0.000000	0.000163
189	0.000001	0.000000	0.000000	0.228489	0.751250	0.020093	0.000000	0.000000	0.000167
190	0.000003	0.000000	0.000000	0.228429	0.751051	0.020331	0.000000	0.000000	0.000186
191	0.000000	0.000000	0.000000	0.228587	0.750943	0.020299	0.000000	0.000000	0.000171
192	0.000000	0.000000	0.000000	0.228767	0.750697	0.020388	0.000000	0.000000	0.000148
193	0.000000	0.000000	0.000000	0.229159	0.750451	0.020247	0.000000	0.000000	0.000143
194	0.000000	0.000000	0.000000	0.229654	0.750099	0.020106	0.000000	0.000000	0.000141
195	0.000000	0.000000	0.000000	0.229887	0.749885	0.020086	0.000000	0.000000	0.000142
196	0.000000	0.000000	0.000000	0.229987	0.749866	0.020015	0.000000	0.000000	0.000132
197	0.000000	0.000000	0.000000	0.229953	0.749902	0.020017	0.000000	0.000000	0.000128
198	0.000000	0.000000	0.000000	0.229375	0.750360	0.020144	0.000000	0.000000	0.000121
199	0.000000	0.000000	0.000000	0.229638	0.749972	0.020281	0.000000	0.000000	0.000109
200	0.000000	0.000000	0.000000	0.229522	0.750173	0.020203	0.000000	0.000000	0.000102
201	0.000000	0.000000	0.000000	0.228859	0.750877	0.020167	0.000000	0.000000	0.000097
202	0.000000	0.000000	0.000000	0.228443	0.751315	0.020147	0.000000	0.000000	0.000095
203	0.000000	0.000000	0.000000	0.228454	0.751273	0.020180	0.000000	0.000000	0.000093
204	0.000000	0.000000	0.000000	0.228553	0.751164	0.020181	0.000000	0.000000	0.000102
205	0.000000	0.000000	0.000000	0.228353	0.751369	0.020180	0.000000	0.000000	0.000098
206	0.000000	0.000000	0.000000	0.228511	0.751196	0.020192	0.000000	0.000000	0.000101
207	0.000000	0.000000	0.000000	0.228072	0.751422	0.020410	0.000000	0.000000	0.000096
208	0.000000	0.000000	0.000000	0.228150	0.751648	0.020103	0.000000	0.000000	0.000099
209	0.000000	0.000000	0.000000	0.228084	0.751698	0.020114	0.000000	0.000000	0.000104
210	0.000000	0.000000	0.000000	0.227718	0.752191	0.019988	0.000000	0.000000	0.000103
211	0.000000	0.000000	0.000000	0.227390	0.752517	0.019989	0.000000	0.000000	0.000104
212	0.000000	0.000000	0.000000	0.227421	0.752589	0.019888	0.000000	0.000000	0.000102
213	0.000000	0.000000	0.000000	0.227397	0.752508	0.019986	0.000000	0.000000	0.000109
214	0.000000	0.000000	0.000000	0.227119	0.752690	0.020070	0.000000	0.000000	0.000121
215	0.000000	0.000000	0.000000	0.227553	0.752361	0.019981	0.000000	0.000000	0.000105
216	0.000000	0.000000	0.000000	0.227012	0.752896	0.019989	0.000000	0.000000	0.000103
217	0.000000	0.000000	0.000000	0.227805	0.752068	0.020022	0.000000	0.000000	0.000105
218	0.000000	0.000000	0.000000	0.227741	0.752356	0.019810	0.000000	0.000000	0.000093
219	0.000000	0.000000	0.000000	0.227660	0.752286	0.019955	0.000000	0.000000	0.000099
220	0.000000	0.000000	0.000000	0.228191	0.751613	0.020098	0.000000	0.000000	0.000098
221	0.000000	0.000000	0.000000	0.228046	0.751699	0.020167	0.000000	0.000000	0.000088
222	0.000000	0.000000	0.000000	0.228192	0.751522	0.020202	0.000000	0.000000	0.000084
223	0.000000	0.000000	0.000000	0.228390	0.751260	0.020252	0.000000	0.000000	0.000098
224	0.000000	0.000000	0.000000	0.228801	0.750788	0.020305	0.000000	0.000000	0.000106
225	0.000000	0.000000	0.000000	0.228546	0.750939	0.020408	0.000000	0.000000	0.000107
226	0.000000	0.000000	0.000000	0.228926	0.750485	0.020481	0.000000	0.000000	0.000108
227	0.000000	0.000000	0.000000	0.229370	0.750101	0.020438	0.000000	0.000000	0.000091
228	0.000000	0.000000	0.000000	0.228977	0.750466	0.020461	0.000000	0.000000	0.000096
229	0.000000	0.000000	0.000000	0.229307	0.750050	0.020556	0.000000	0.000000	0.000087
230	0.000000	0.000000	0.000000	0.229195	0.750296	0.020428	0.000000	0.000000	0.000081
231	0.000000	0.000000	0.000000	0.229329	0.750289	0.020302	0.000000	0.000000	0.000080
232	0.000000	0.000000	0.000000	0.229752	0.749897	0.020278	0.000000	0.000000	0.000073
233	0.000000	0.000000	0.000000	0.229769	0.749907	0.020258	0.000000	0.000000	0.000066
234	0.000000	0.000000	0.000000	0.230065	0.749789	0.020085	0.000000	0.000000	0.000061
235	0.000000	0.000000	0.000000	0.229785	0.749966	0.020192	0.000000	0.000000	0.000057
236	0.000000	0.000000	0.000000	0.229368	0.750461	0.020126	0.000000	0.000000	0.000045
237	0.000000	0.000000	0.000000	0.229947	0.750085	0.019934	0.000000	0.000000	0.000034
238	0.000000	0.000000	0.000000	0.230002	0.750090	0.019871	0.000000	0.000000	0.000037
239	0.000000	0.000000	0.000000	0.229999	0.749972	0.019995	0.000000	0.000000	0.000034
240	0.000000	0.000000	0.000000	0.229936	0.750002	0.020039	0.000000	0.000000	0.000023
241	0.000000	0.000000	0.000000	0.230317	0.749884	0.019784	0.000000	0.000000	0.000015
242	0.000000	0.000000	0.000000	0.230099	0.750196	0.019688	0.000000	0.000000	0.000017
243	0.000000	0.000000	0.000000	0.230659	0.749515	0.019805	0.000000	0.000000	0.000021
244	0.000000	0.000000	0.000000	0.230282	0.749821	0.019876	0.000000	0.000000	0.000021
245	0.000000	0.000000	0.000000	0.230023	0.750069	0.019896	0.000000	0.000000	0.000012
246	0.000000	0.000000	0.000000	0.229998	0.750205	0.019787	0.000000	0.000000	0.000010
247	0.000000	0.000000	0.000000	0.230213	0.750253	0.019522	0.000000	0.000000	0.000012
248	0.000000	0.000000	0.000000	0.230357	0.750056	0.019577	0.000000	0.000000	0.000010
249	0.000000	0.000000	0.000000	0.229911	0.750305	0.019775	0.000000	0.000000	0.000009
250	0.000000	0.000000	0.000000	0.230063	0.750307	0.019619	0.000000	0.000000	0.000011
251	0.000000	0.000000	0.000000	0.230471	0.749785	0.019736	0.000000	0.000000	0.000008
252	0.000000	0.000000	0.000000	0.229903	0.750510	0.019581	0.000000	0.000000	0.000006
253	0.000000	0.000000	0.000000	0.229836	0.750514	0.019646	0.000000	0.000000	0.000004
254	0.000000	0.000000	0.000000	0.230389	0.750174	0.019432	0.000000	0.000000	0.000005
255	0.000000	0.000000	0.000000	0.230342	0.750094	0.019561	0.000000	0.000000	0.000003
256	0.000000	0.000000	0.000000	0.230691	0.749895	0.019412	0.000000	0.000000	0.000002
257	0.000000	0.000000	0.000000	0.229802	0.750583	0.019611	0.000000	0.000000	0.000004
258	0.000000	0.000000	0.000000	0.229769	0.750813	0.019415	0.000000	0.000000	0.000003
259	0.000000	0.000000	0.000000	0.229102	0.751382	0.019512	0.000000	0.000000	0.000004
260	0.000000	0.000000	0.000000	0.229165	0.751410	0.019420	0.000000	0.000000	0.000005
261	0.000000	0.000000	0.000000	0.229027	0.751762	0.019205	0.000000	0.000000	0.000006
262	0.000000	0.000000	0.000000	0.228938	0.751798	0.019257	0.000000	0.000000	0.000007
263	0.000000	0.000000	0.000000	0.228963	0.751775	0.019256	0.000000	0.000000	0.000006
264	0.000000	0.000000	0.000000	0.228984	0.751731	0.019278	0.000000	0.000000	0.000007
265	0.000000	0.000000	0.000000	0.229328	0.751503	0.019161	0.000000	0.000000	0.000008
266	0.000000	0.000000	0.000000	0.229380	0.751435	0.019178	0.000000	0.000000	0.000007
267	0.000000	0.000000	0.000000	0.229401	0.751414	0.019178	0.000000	0.000000	0.000007
268	0.000000	0.000000	0.000000	0.229606	0.751183	0.019202	0.000000	0.000000	0.000009
269	0.000000	0.000000	0.000000	0.229271	0.751532	0.019187	0.000000	0.000000	0.000010
270	0.000000	0.000000	0.000000	0.229090	0.751704	0.019198	0.000000	0.000000	0.000008
271	0.000000	0.000000	0.000000	0.228698	0.752139	0.019153	0.000000	0.000000	0.000010
272	0.000000	0.000000	0.000000	0.228262	0.752291	0.019438	0.000000	0.000000	0.000009
273	0.000000	0.000000	0.000000	0.227510	0.753256	0.019228	0.000000	0.000000	0.000006
274	0.000000	0.000000	0.000000	0.227010	0.753785	0.019196	0.000000	0.000000	0.000009
275	0.000000	0.000000	0.000000	0.227367	0.753418	0.019209	0.000000	0.000000	0.000006
276	0.000000	0.000000	0.000000	0.227568	0.753139	0.019289	0.000000	0.000000	0.000004
277	0.000000	0.000000	0.000000	0.227758	0.752930	0.019309	0.000000	0.000000	0.000003
278	0.000000	0.000000	0.000000	0.227256	0.753417	0.019324	0.000000	0.000000	0.000003
279	0.000000	0.000000	0.000000	0.227428	0.753151	0.019418	0.000000	0.000000	0.000003
280	0.000000	0.000000	0.000000	0.226992	0.753749	0.019256	0.000000	0.000000	0.000003
281	0.000000	0.000000	0.000000	0.227171	0.753573	0.019251	0.000000	0.000000	0.000005
282	0.000000	0.000000	0.000000	0.227177	0.753526	0.019292	0.000000	0.000000	0.000005
283	0.000000	0.000000	0.000000	0.226995	0.753705	0.019292	0.000000	0.000000	0.000008
284	0.000000	0.000000	0.000000	0.227061	0.753635	0.019296	0.000000	0.000000	0.000008
285	0.000000	0.000000	0.000000	0.227115	0.753561	0.019317	0.000000	0.000000	0.000007
286	0.000000	0.000000	0.000000	0.227071	0.753646	0.019276	0.000000	0.000000	0.000007
287	0.000000	0.000000	0.000000	0.227246	0.753542	0.019205	0.000000	0.000000	0.000007
288	0.000000	0.000000	0.000000	0.226897	0.753800	0.019299	0.000000	0.000000	0.000004
289	0.000000	0.000000	0.000000	0.226905	0.753763	0.019330	0.000000	0.000000	0.000002
290	0.000000	0.000000	0.000000	0.226080	0.754711	0.019205	0.000000	0.000000	0.000004
291	0.000000	0.000000	0.000000	0.225938	0.754987	0.019073	0.000000	0.000000	0.000002
292	0.000000	0.000000	0.000000	0.226130	0.754729	0.019139	0.000000	0.000000	0.000002
293	0.000000	0.000000	0.000000	0.225691	0.755260	0.019047	0.000000	0.000000	0.000002
294	0.000000	0.000000	0.000000	0.225967	0.755263	0.018769	0.000000	0.000000	0.000001
295	0.000000	0.000000	0.000000	0.226310	0.754941	0.018749	0.000000	0.000000	0.000000
296	0.000000	0.000000	0.000000	0.226191	0.754960	0.018849	0.000000	0.000000	0.000000
297	0.000000	0.000000	0.000000	0.226344	0.754641	0.019015	0.000000	0.000000	0.000000
298	0.000000	0.000000	0.000000	0.226571	0.754534	0.018895	0.000000	0.000000	0.000000
299	0.000000	0.000000	0.000000	0.226135	0.755098	0.018767	0.000000	0.000000	0.000000
300	0.000000	0.000000	0.000000	0.225716	0.755338	0.018946	0.000000	0.000000	0.000000
301	0.000000	0.000000	0.000000	0.226050	0.755157	0.018793	0.000000	0.000000	0.000000
302	0.000000	0.000000	0.000000	0.226204	0.754819	0.018977	0.000000	0.000000	0.000000
303	0.000000	0.000000	0.000000	0.225967	0.755073	0.018960	0.000000	0.000000	0.000000
304	0.000000	0.000000	0.000000	0.225771	0.755367	0.018862	0.000000	0.000000	0.000000
305	0.000000	0.000000	0.000000	0.226054	0.755061	0.018885	0.000000	0.000000	0.000000
306	0.000000	0.000000	0.000000	0.226151	0.754812	0.019037	0.000000	0.000000	0.000000
307	0.000000	0.000000	0.000000	0.226438	0.754429	0.019133	0.000000	0.000000	0.000000
308	0.000000	0.000000	0.000000	0.226522	0.754215	0.019263	0.000000	0.000000	0.000000
309	0.000000	0.000000	0.000000	0.226702	0.753977	0.019321	0.000000	0.000000	0.000000
310	0.000000	0.000000	0.000000	0.226696	0.753922	0.019382	0.000000	0.000000	0.000000
311	0.000000	0.000000	0.000000	0.226966	0.753757	0.019277	0.000000	0.000000	0.000000
312	0.000000	0.000000	0.000000	0.226869	0.754052	0.019079	0.000000	0.000000	0.000000
313	0.000000	0.000000	0.000000	0.227265	0.753645	0.019090	0.000000	0.000000	0.000000
314	0.000000	0.000000	0.000000	0.227100	0.753754	0.019146	0.000000	0.000000	0.000000
315	0.000000	0.000000	0.000000	0.226610	0.754237	0.019153	0.000000	0.000000	0.000000
316	0.000000	0.000000	0.000000	0.226756	0.754189	0.019055	0.000000	0.000000	0.000000
317	0.000000	0.000000	0.000000	0.226826	0.754186	0.018988	0.000000	0.000000	0.000000
318	0.000000	0.000000	0.000000	0.227001	0.753972	0.019027	0.000000	0.000000	0.000000
319	0.000000	0.000000	0.000000	0.227457	0.753576	0.018967	0.000000	0.000000	0.000000
320	0.000000	0.000000	0.000000	0.227242	0.753692	0.019066	0.000000	0.000000	0.000000
321	0.000000	0.000000	0.000000	0.227275	0.753579	0.019146	0.000000	0.000000	0.000000
322	0.000000	0.000000	0.000000	0.227160	0.753714	0.019126	0.000000	0.000000	0.000000
323	0.000000	0.000000	0.000000	0.227889	0.752966	0.019145	0.000000	0.000000	0.000000
324	0.000000	0.000000	0.000000	0.228497	0.752412	0.019091	0.000000	0.000000	0.000000
325	0.000000	0.000000	0.000000	0.227879	0.753227	0.018894	0.000000	0.000000	0.000000
326	0.000000	0.000000	0.000000	0.227456	0.753490	0.019054	0.000000	0.000000	0.000000
327	0.000000	0.000000	0.000000	0.227572	0.753273	0.019155	0.000000	0.000000	0.000000
328	0.000000	0.000000	0.000000	0.227378	0.753390	0.019232	0.000000	0.000000	0.000000
329	0.000000	0.000000	0.000000	0.227639	0.753187	0.019174	0.000000	0.000000	0.000000
330	0.000000	0.000000	0.000000	0.227681	0.753058	0.019261	0.000000	0.000000	0.000000
331	0.000000	0.000000	0.000000	0.227846	0.752955	0.019199	0.000000	0.000000	0.000000
332	0.000000	0.000000	0.000000	0.227423	0.753415	0.019162	0.000000	0.000000	0.000000
333	0.000000	0.000000	0.000000	0.227584	0.753334	0.019082	0.000000	0.000000	0.000000
334	0.000000	0.000000	0.000000	0.227899	0.753091	0.019010	0.000000	0.000000	0.000000
335	0.000000	0.000000	0.000000	0.227874	0.753152	0.018974	0.000000	0.000000	0.000000
336	0.000000	0.000000	0.000000	0.227985	0.753083	0.018932	0.000000	0.000000	0.000000
337	0.000000	0.000000	0.000000	0.228065	0.752814	0.019121	0.000000	0.000000	0.000000
338	0.000000	0.000000	0.000000	0.228110	0.752639	0.019251	0.000000	0.000000	0.000000
339	0.000000	0.000000	0.000000	0.228486	0.752392	0.019122	0.000000	0.000000	0.000000
340	0.000000	0.000000	0.000000	0.227874	0.752855	0.019271	0.000000	0.000000	0.000000
341	0.000000	0.000000	0.000000	0.227533	0.753233	0.019234	0.000000	0.000000	0.000000
342	0.000000	0.000000	0.000000	0.228062	0.752640	0.019298	0.000000	0.000000	0.000000
343	0.000000	0.000000	0.000000	0.228259	0.752606	0.019135	0.000000	0.000000	0.000000
344	0.000000	0.000000	0.000000	0.228306	0.752410	0.019284	0.000000	0.000000	0.000000
345	0.000000	0.000000	0.000000	0.227733	0.753169	0.019098	0.000000	0.000000	0.000000
346	0.000000	0.000000	0.000000	0.227731	0.753062	0.019207	0.000000	0.000000	0.000000
347	0.000000	0.000000	0.000000	0.227334	0.753458	0.019208	0.000000	0.000000	0.000000
348	0.000000	0.000000	0.000000	0.227197	0.753426	0.019377	0.000000	0.000000	0.000000
349	0.000000	0.000000	0.000000	0.227206	0.753391	0.019403	0.000000	0.000000	0.000000
350	0.000000	0.000000	0.000000	0.227762	0.752999	0.019239	0.000000	0.000000	0.000000
351	0.000000	0.000000	0.000000	0.227012	0.753677	0.019311	0.000000	0.000000	0.000000
352	0.000000	0.000000	0.000000	0.227206	0.753548	0.019246	0.000000	0.000000	0.000000
353	0.000000	0.000000	0.000000	0.227520	0.753045	0.019435	0.000000	0.000000	0.000000
354	0.000000	0.000000	0.000000	0.227412	0.753175	0.019413	0.000000	0.000000	0.000000
355	0.000000	0.000000	0.000000	0.227837	0.752701	0.019462	0.000000	0.000000	0.000000
356	0.000000	0.000000	0.000000	0.227884	0.752592	0.019524	0.000000	0.000000	0.000000
357	0.000000	0.000000	0.000000	0.228240	0.752269	0.019491	0.000000	0.000000	0.000000
358	0.000000	0.000000	0.000000	0.227664	0.752820	0.019516	0.000000	0.000000	0.000000
359	0.000000	0.000000	0.000000	0.227444	0.752961	0.019595	0.000000	0.000000	0.000000
360	0.000000	0.000000	0.000000	0.227540	0.752890	0.019570	0.000000	0.000000	0.000000
361	0.000000	0.000000	0.000000	0.226607	0.753858	0.019535	0.000000	0.000000	0.000000
362	0.000000	0.000000	0.000000	0.226584	0.753811	0.019605	0.000000	0.000000	0.000000
363	0.000000	0.000000	0.000000	0.226774	0.753386	0.019840	0.000000	0.000000	0.000000
364	0.000000	0.000000	0.000000	0.226887	0.753296	0.019817	0.000000	0.000000	0.000000
365	0.000000	0.000000	0.000000	0.226629	0.753494	0.019877	0.000000	0.000000	0.000000
366	0.000000	0.000000	0.000000	0.226426	0.753501	0.020073	0.000000	0.000000	0.000000
367	0.000000	0.000000	0.000000	0.226323	0.753543	0.020134	0.000000	0.000000	0.000000
368	0.000000	0.000000	0.000000	0.226246	0.753389	0.020365	0.000000	0.000000	0.000000
369	0.000000	0.000000	0.000000	0.226479	0.752914	0.020607	0.000000	0.000000	0.000000
370	0.000000	0.000000	0.000000	0.226923	0.752445	0.020632	0.000000	0.000000	0.000000
371	0.000000	0.000000	0.000000	0.226917	0.752469	0.020614	0.000000	0.000000	0.000000
372	0.000000	0.000000	0.000000	0.226869	0.752571	0.020560	0.000000	0.000000	0.000000
373	0.000000	0.000000	0.000000	0.226674	0.752868	0.020458	0.000000	0.000000	0.000000
374	0.000000	0.000000	0.000000	0.226749	0.752953	0.020298	0.000000	0.000000	0.000000
375	0.000000	0.000000	0.000000	0.226638	0.752932	0.020430	0.000000	0.000000	0.000000
376	0.000000	0.000000	0.000000	0.226152	0.753398	0.020450	0.000000	0.000000	0.000000
377	0.000000	0.000000	0.000000	0.226112	0.753342	0.020546	0.000000	0.000000	0.000000
378	0.000000	0.000000	0.000000	0.225643	0.753785	0.020572	0.000000	0.000000	0.000000
379	0.000000	0.000000	0.000000	0.225554	0.753778	0.020668	0.000000	0.000000	0.000000
380	0.000000	0.000000	0.000000	0.225581	0.753776	0.020643	0.000000	0.000000	0.000000
381	0.000000	0.000000	0.000000	0.224978	0.754312	0.020710	0.000000	0.000000	0.000000
382	0.000000	0.000000	0.000000	0.224719	0.754827	0.020454	0.000000	0.000000	0.000000
383	0.000000	0.000000	0.000000	0.224613	0.754801	0.020586	0.000000	0.000000	0.000000
384	0.000000	0.000000	0.000000	0.224970	0.754324	0.020706	0.000000	0.000000	0.000000
385	0.000000	0.000000	0.000000	0.224798	0.754591	0.020611	0.000000	0.000000	0.000000
386	0.000000	0.000000	0.000000	0.224964	0.754591	0.020445	0.000000	0.000000	0.000000
387	0.000000	0.000000	0.000000	0.224347	0.755346	0.020307	0.000000	0.000000	0.000000
388	0.000000	0.000000	0.000000	0.224279	0.755320	0.020401	0.000000	0.000000	0.000000
389	0.000000	0.000000	0.000000	0.224683	0.754788	0.020529	0.000000	0.000000	0.000000
390	0.000000	0.000000	0.000000	0.224631	0.755087	0.020282	0.000000	0.000000	0.000000
391	0.000000	0.000000	0.000000	0.225053	0.754472	0.020475	0.000000	0.000000	0.000000
392	0.000000	0.000000	0.000000	0.224587	0.755007	0.020406	0.000000	0.000000	0.000000
393	0.000000	0.000000	0.000000	0.224289	0.755415	0.020296	0.000000	0.000000	0.000000
394	0.000000	0.000000	0.000000	0.224362	0.755029	0.020609	0.000000	0.000000	0.000000
395	0.000000	0.000000	0.000000	0.224368	0.755205	0.020427	0.000000	0.000000	0.000000
396	0.000000	0.000000	0.000000	0.224068	0.755523	0.020409	0.000000	0.000000	0.000000
397	0.000000	0.000000	0.000000	0.224104	0.755669	0.020227	0.000000	0.000000	0.000000
398	0.000000	0.000000	0.000000	0.224028	0.755827	0.020145	0.000000	0.000000	0.000000
399	0.000000	0.000000	0.000000	0.223737	0.756251	0.020012	0.000000	0.000000	0.000000
400	0.000000	0.000000	0.000000	0.224070	0.755914	0.020016	0.000000	0.000000	0.000000
401	0.000000	0.000000	0.000000	0.224298	0.755535	0.020167	0.000000	0.000000	0.000000
402	0.000000	0.000000	0.000000	0.224486	0.755521	0.019993	0.000000	0.000000	0.000000
403	0.000000	0.000000	0.000000	0.224696	0.755250	0.020054	0.000000	0.000000	0.000000
404	0.000000	0.000000	0.000000	0.224655	0.755471	0.019874	0.000000	0.000000	0.000000
405	0.000000	0.000000	0.000000	0.224348	0.755575	0.020077	0.000000	0.000000	0.000000
406	0.000000	0.000000	0.000000	0.223792	0.755958	0.020250	0.000000	0.000000	0.000000
407	0.000000	0.000000	0.000000	0.223507	0.756311	0.020182	0.000000	0.000000	0.000000
408	0.000000	0.000000	0.000000	0.223088	0.756734	0.020178	0.000000	0.000000	0.000000
409	0.000000	0.000000	0.000000	0.222971	0.757105	0.019924	0.000000	0.000000	0.000000
410	0.000000	0.000000	0.000000	0.222766	0.757207	0.020027	0.000000	0.000000	0.000000
411	0.000000	0.000000	0.000000	0.223022	0.756967	0.020011	0.000000	0.000000	0.000000
412	0.000000	0.000000	0.000000	0.222708	0.757330	0.019962	0.000000	0.000000	0.000000
413	0.000000	0.000000	0.000000	0.222515	0.757505	0.019980	0.000000	0.000000	0.000000
414	0.000000	0.000000	0.000000	0.221772	0.758181	0.020047	0.000000	0.000000	0.000000
415	0.000000	0.000000	0.000000	0.221464	0.758335	0.020201	0.000000	0.000000	0.000000
416	0.000000	0.000000	0.000000	0.221527	0.758335	0.020138	0.000000	0.000000	0.000000
417	0.000000	0.000000	0.000000	0.221506	0.758449	0.020045	0.000000	0.000000	0.000000
418	0.000000	0.000000	0.000000	0.221318	0.758528	0.020154	0.000000	0.000000	0.000000
419	0.000000	0.000000	0.000000	0.221150	0.758758	0.020092	0.000000	0.000000	0.000000
420	0.000000	0.000000	0.000000	0.221209	0.758927	0.019864	0.000000	0.000000	0.000000
421	0.000000	0.000000	0.000000	0.220790	0.759080	0.020130	0.000000	0.000000	0.000000
422	0.000000	0.000000	0.000000	0.221194	0.758655	0.020151	0.000000	0.000000	0.000000
423	0.000000	0.000000	0.000000	0.220353	0.759542	0.020105	0.000000	0.000000	0.000000
424	0.000000	0.000000	0.000000	0.219965	0.759950	0.020085	0.000000	0.000000	0.000000
425	0.000000	0.000000	0.000000	0.220112	0.759765	0.020123	0.000000	0.000000	0.000000
426	0.000000	0.000000	0.000000	0.219381	0.760359	0.020260	0.000000	0.000000	0.000000
427	0.000000	0.000000	0.000000	0.219269	0.760547	0.020184	0.000000	0.000000	0.000000
428	0.000000	0.000000	0.000000	0.219917	0.760039	0.020044	0.000000	0.000000	0.000000
429	0.000000	0.000000	0.000000	0.219600	0.760107	0.020293	0.000000	0.000000	0.000000
430	0.000000	0.000000	0.000000	0.219634	0.759917	0.020449	0.000000	0.000000	0.000000
431	0.000000	0.000000	0.000000	0.219316	0.760207	0.020477	0.000000	0.000000	0.000000
432	0.000000	0.000000	0.000000	0.219395	0.760184	0.020421	0.000000	0.000000	0.000000
433	0.000000	0.000000	0.000000	0.219401	0.760091	0.020508	0.000000	0.000000	0.000000
434	0.000000	0.000000	0.000000	0.219691	0.759906	0.020403	0.000000	0.000000	0.000000
435	0.000000	0.000000	0.000000	0.220071	0.759596	0.020333	0.000000	0.000000	0.000000
436	0.000000	0.000000	0.000000	0.220604	0.758978	0.020418	0.000000	0.000000	0.000000
437	0.000000	0.000000	0.000000	0.220776	0.758695	0.020529	0.000000	0.000000	0.000000
438	0.000000	0.000000	0.000000	0.220413	0.759081	0.020506	0.000000	0.000000	0.000000
439	0.000000	0.000000	0.000000	0.220439	0.759212	0.020349	0.000000	0.000000	0.000000
440	0.000000	0.000000	0.000000	0.220415	0.759244	0.020341	0.000000	0.000000	0.000000
441	0.000000	0.000000	0.000000	0.219299	0.760237	0.020464	0.000000	0.000000	0.000000
442	0.000000	0.000000	0.000000	0.219984	0.759567	0.020449	0.000000	0.000000	0.000000
443	0.000000	0.000000	0.000000	0.219787	0.759604	0.020609	0.000000	0.000000	0.000000
444	0.000000	0.000000	0.000000	0.219926	0.759355	0.020719	0.000000	0.000000	0.000000
445	0.000000	0.000000	0.000000	0.219567	0.759666	0.020767	0.000000	0.000000	0.000000
446	0.000000	0.000000	0.000000	0.219897	0.759301	0.020802	0.000000	0.000000	0.000000
447	0.000000	0.000000	0.000000	0.219997	0.759080	0.020923	0.000000	0.000000	0.000000
448	0.000000	0.000000	0.000000	0.220324	0.758679	0.020997	0.000000	0.000000	0.000000
449	0.000000	0.000000	0.000000	0.220089	0.759059	0.020852	0.000000	0.000000	0.000000
450	0.000000	0.000000	0.000000	0.219910	0.759229	0.020861	0.000000	0.000000	0.000000
451	0.000000	0.000000	0.000000	0.219828	0.759420	0.020752	0.000000	0.000000	0.000000
452	0.000000	0.000000	0.000000	0.219886	0.759102	0.021012	0.000000	0.000000	0.000000
453	0.000000	0.000000	0.000000	0.220123	0.758833	0.021044	0.000000	0.000000	0.000000
454	0.000000	0.000000	0.000000	0.219901	0.758948	0.021151	0.000000	0.000000	0.000000
455	0.000000	0.000000	0.000000	0.219830	0.759004	0.021166	0.000000	0.000000	0.000000
456	0.000000	0.000000	0.000000	0.220065	0.758757	0.021178	0.000000	0.000000	0.000000
457	0.000000	0.000000	0.000000	0.219936	0.758789	0.021275	0.000000	0.000000	0.000000
458	0.000000	0.000000	0.000000	0.219924	0.758923	0.021153	0.000000	0.000000	0.000000
459	0.000000	0.000000	0.000000	0.219195	0.759804	0.021001	0.000000	0.000000	0.000000
460	0.000000	0.000000	0.000000	0.219043	0.759688	0.021269	0.000000	0.000000	0.000000
461	0.000000	0.000000	0.000000	0.219407	0.759553	0.021040	0.000000	0.000000	0.000000
462	0.000000	0.000000	0.000000	0.219800	0.759218	0.020982	0.000000	0.000000	0.000000
463	0.000000	0.000000	0.000000	0.220385	0.758606	0.021009	0.000000	0.000000	0.000000
464	0.000000	0.000000	0.000000	0.220052	0.758901	0.021047	0.000000	0.000000	0.000000
465	0.000000	0.000000	0.000000	0.219892	0.759182	0.020926	0.000000	0.000000	0.000000
466	0.000000	0.000000	0.000000	0.220029	0.758925	0.021046	0.000000	0.000000	0.000000
467	0.000000	0.000000	0.000000	0.219811	0.759140	0.021049	0.000000	0.000000	0.000000
468	0.000000	0.000000	0.000000	0.220128	0.758979	0.020893	0.000000	0.000000	0.000000
469	0.000000	0.000000	0.000000	0.220392	0.758793	0.020815	0.000000	0.000000	0.000000
470	0.000000	0.000000	0.000000	0.220022	0.759085	0.020893	0.000000	0.000000	0.000000
