0	0.290663	0.057897	0.229473	0.157588	0.029913	0.111872	0.085455	0.012259	0.024880
1	0.220985	0.045997	0.192172	0.147369	0.029922	0.126017	0.121903	0.023378	0.092257
2	0.211325	0.043069	0.183206	0.148058	0.031974	0.127676	0.125784	0.024328	0.104580
3	0.207530	0.040845	0.176585	0.150435	0.034628	0.127692	0.126451	0.023680	0.112154
4	0.204768	0.039119	0.171263	0.152527	0.037622	0.126563	0.126412	0.022733	0.118993
5	0.203412	0.037417	0.165600	0.154776	0.040875	0.125138	0.125521	0.021894	0.125367
6	0.202240	0.035532	0.160821	0.156538	0.044012	0.123487	0.124554	0.020962	0.131854
7	0.201078	0.033905	0.155679	0.158749	0.047725	0.121832	0.123107	0.019862	0.138063
8	0.200173	0.032278	0.150562	0.160668	0.051383	0.119138	0.122233	0.019116	0.144449
9	0.199061	0.030385	0.145235	0.162854	0.055123	0.117215	0.120683	0.018173	0.151271
10	0.198421	0.028818	0.140384	0.164116	0.059057	0.114584	0.119267	0.017152	0.158201
11	0.197826	0.027328	0.134995	0.165745	0.063317	0.112300	0.117668	0.016317	0.164504
12	0.197235	0.025895	0.130020	0.167337	0.067887	0.109732	0.116016	0.015541	0.170337
13	0.196123	0.024400	0.125522	0.168465	0.072784	0.107121	0.114079	0.014732	0.176774
14	0.195500	0.023037	0.121142	0.169608	0.077413	0.104187	0.112546	0.013904	0.182663
15	0.194722	0.021757	0.116426	0.170466	0.082286	0.101476	0.110394	0.013186	0.189287
16	0.193570	0.020293	0.112415	0.171477	0.087554	0.098751	0.108542	0.012496	0.194902
17	0.192159	0.019069	0.107236	0.172803	0.093204	0.096325	0.106778	0.011745	0.200681
18	0.191767	0.017929	0.102704	0.173274	0.098824	0.093705	0.104474	0.011058	0.206265
19	0.190948	0.016867	0.098126	0.173766	0.104008	0.090629	0.102703	0.010539	0.212414
20	0.189348	0.015776	0.093970	0.174221	0.109851	0.087816	0.100696	0.009985	0.218337
21	0.188088	0.014653	0.089676	0.174867	0.116212	0.085327	0.098274	0.009508	0.223395
22	0.186737	0.013819	0.085710	0.175222	0.122422	0.082704	0.096221	0.008974	0.228191
23	0.185239	0.012838	0.081932	0.175849	0.129117	0.079724	0.094163	0.008360	0.232778
24	0.183581	0.012049	0.078773	0.175417	0.135950	0.077063	0.092001	0.008000	0.237166
25	0.181704	0.011182	0.075164	0.175844	0.142169	0.074527	0.090044	0.007648	0.241718
26	0.180070	0.010390	0.071498	0.176433	0.149111	0.072194	0.087558	0.007181	0.245565
27	0.178176	0.009515	0.068212	0.176406	0.156408	0.069908	0.085412	0.006738	0.249225
28	0.176055	0.008920	0.064750	0.176383	0.163936	0.067486	0.083182	0.006304	0.252984
29	0.173892	0.008227	0.061846	0.176316	0.171526	0.065115	0.080449	0.006020	0.256609
30	0.171534	0.007821	0.059125	0.175938	0.178772	0.062603	0.078684	0.005783	0.259740
31	0.168970	0.007204	0.055867	0.176484	0.186581	0.060526	0.076483	0.005343	0.262542
32	0.166461	0.006700	0.053245	0.176290	0.194266	0.058632	0.074130	0.005048	0.265228
33	0.164312	0.006339	0.050468	0.176197	0.202255	0.056656	0.071540	0.004721	0.267512
34	0.161701	0.005889	0.047791	0.176072	0.210498	0.054634	0.069619	0.004335	0.269461
35	0.159025	0.005476	0.045105	0.176137	0.218857	0.052962	0.067450	0.004038	0.270950
36	0.156463	0.005096	0.042578	0.175883	0.227252	0.051456	0.065382	0.003803	0.272087
37	0.153535	0.004845	0.039990	0.176318	0.236288	0.049653	0.062849	0.003550	0.272972
38	0.150330	0.004463	0.037927	0.176554	0.244905	0.048090	0.060604	0.003361	0.273766
39	0.147130	0.004249	0.035845	0.176631	0.253474	0.046468	0.058577	0.003147	0.274479
40	0.143707	0.003984	0.033935	0.177089	0.262255	0.044877	0.056503	0.002890	0.274760
41	0.140986	0.003604	0.031843	0.177380	0.271223	0.043411	0.054032	0.002697	0.274824
42	0.137783	0.003316	0.030022	0.178230	0.280091	0.041872	0.052122	0.002544	0.274020
43	0.134153	0.003064	0.028294	0.178623	0.288914	0.040632	0.049949	0.002362	0.274009
44	0.131473	0.002861	0.026490	0.178781	0.297956	0.039542	0.048109	0.002196	0.272592
45	0.128727	0.002681	0.024700	0.178759	0.307153	0.038347	0.046095	0.002104	0.271434
46	0.125706	0.002496	0.022916	0.178670	0.316913	0.036981	0.044300	0.001955	0.270063
47	0.122536	0.002316	0.021680	0.179174	0.325841	0.035933	0.042675	0.001785	0.268060
48	0.119455	0.002144	0.020183	0.179229	0.335439	0.035095	0.040739	0.001649	0.266067
49	0.116633	0.001957	0.018827	0.179687	0.344795	0.034073	0.039058	0.001540	0.263430
50	0.113288	0.001775	0.017623	0.179931	0.354334	0.033084	0.037279	0.001430	0.261256
51	0.109984	0.001636	0.016544	0.179707	0.364174	0.032550	0.035436	0.001302	0.258667
52	0.106808	0.001511	0.015345	0.179973	0.373270	0.031761	0.034127	0.001255	0.255950
53	0.103718	0.001423	0.014256	0.180056	0.383204	0.030780	0.032616	0.001189	0.252758
54	0.100765	0.001333	0.013258	0.180526	0.392550	0.030075	0.031352	0.001098	0.249043
55	0.097619	0.001230	0.012239	0.180459	0.402604	0.029295	0.029874	0.001029	0.245651
56	0.094265	0.001074	0.011208	0.181019	0.412201	0.028688	0.028224	0.000935	0.242386
57	0.091060	0.000993	0.010446	0.181271	0.421641	0.028023	0.026986	0.000877	0.238703
58	0.088377	0.000901	0.009803	0.181461	0.430728	0.027587	0.025518	0.000833	0.234792
59	0.085434	0.000840	0.009107	0.181947	0.440274	0.027001	0.024269	0.000779	0.230349
60	0.082319	0.000819	0.008255	0.182089	0.449444	0.026652	0.023044	0.000700	0.226678
61	0.079420	0.000771	0.007601	0.182585	0.458999	0.025777	0.021980	0.000629	0.222238
62	0.076323	0.000695	0.007013	0.182722	0.468827	0.025131	0.020965	0.000599	0.217725
63	0.073699	0.000624	0.006471	0.183061	0.477425	0.024738	0.019784	0.000548	0.213650
64	0.070873	0.000586	0.005873	0.182823	0.487381	0.024176	0.018740	0.000506	0.209042
65	0.068071	0.000556	0.005468	0.183390	0.496151	0.023551	0.017762	0.000446	0.204605
66	0.065413	0.000521	0.005043	0.184086	0.505029	0.023372	0.016700	0.000416	0.199420
67	0.062986	0.000442	0.004653	0.184642	0.513256	0.022935	0.015562	0.000398	0.195126
68	0.060025	0.000403	0.004308	0.185040	0.522212	0.022653	0.014758	0.000355	0.190246
69	0.057570	0.000366	0.003989	0.185437	0.530761	0.022291	0.013927	0.000320	0.185339
70	0.055346	0.000364	0.003568	0.185478	0.539412	0.021954	0.012922	0.000269	0.180687
71	0.053037	0.000356	0.003280	0.186266	0.546877	0.021858	0.012194	0.000252	0.175880
72	0.050753	0.000308	0.003102	0.186219	0.555185	0.021650	0.011536	0.000242	0.171005
73	0.048458	0.000297	0.002777	0.187044	0.562711	0.021465	0.010976	0.000215	0.166057
74	0.046438	0.000281	0.002573	0.187919	0.570275	0.021252	0.010257	0.000204	0.160801
75	0.044291	0.000230	0.002289	0.188557	0.578083	0.021108	0.009612	0.000179	0.155651
76	0.042303	0.000188	0.002108	0.189312	0.585158	0.020856	0.008989	0.000173	0.150913
77	0.040087	0.000178	0.001974	0.190024	0.592506	0.020658	0.008426	0.000181	0.145966
78	0.037849	0.000149	0.001827	0.190778	0.600069	0.020212	0.007818	0.000154	0.141144
79	0.035895	0.000132	0.001765	0.190542	0.607509	0.020148	0.007441	0.000149	0.136419
80	0.034077	0.000111	0.001611	0.191182	0.614506	0.020070	0.006968	0.000144	0.131331
81	0.032307	0.000098	0.001529	0.191789	0.620724	0.020102	0.006576	0.000128	0.126747
82	0.030601	0.000089	0.001402	0.192476	0.627324	0.019735	0.006091	0.000119	0.122163
83	0.029107	0.000090	0.001267	0.193126	0.633283	0.019686	0.005663	0.000108	0.117670
84	0.027477	0.000088	0.001167	0.193270	0.639719	0.019647	0.005234	0.000101	0.113297
85	0.026027	0.000074	0.001076	0.193696	0.645492	0.019566	0.004906	0.000086	0.109077
86	0.024540	0.000072	0.000998	0.194306	0.651368	0.019377	0.004625	0.000076	0.104638
87	0.023021	0.000069	0.000944	0.194535	0.657239	0.019161	0.004261	0.000081	0.100689
88	0.021758	0.000068	0.000864	0.194869	0.662821	0.018944	0.003985	0.000077	0.096614
89	0.020430	0.000062	0.000797	0.195223	0.668209	0.018830	0.003637	0.000074	0.092738
90	0.019059	0.000054	0.000713	0.195491	0.673481	0.018644	0.003482	0.000053	0.089023
91	0.017781	0.000055	0.000675	0.195609	0.678629	0.018647	0.003252	0.000040	0.085312
92	0.016568	0.000042	0.000576	0.196008	0.683430	0.018525	0.002964	0.000037	0.081850
93	0.015369	0.000041	0.000530	0.196408	0.688419	0.018392	0.002768	0.000035	0.078038
94	0.014327	0.000041	0.000487	0.196728	0.693074	0.018257	0.002502	0.000045	0.074539
95	0.013502	0.000044	0.000442	0.196842	0.697453	0.018289	0.002286	0.000043	0.071099
96	0.012596	0.000037	0.000414	0.196474	0.702072	0.018471	0.002102	0.000044	0.067790
97	0.011844	0.000041	0.000371	0.196801	0.706248	0.018252	0.001924	0.000046	0.064473
98	0.011188	0.000045	0.000316	0.197686	0.709540	0.018188	0.001741	0.000034	0.061262
99	0.010429	0.000035	0.000296	0.197801	0.713547	0.017949	0.001639	0.000029	0.058275
100	0.009810	0.000027	0.000268	0.198023	0.717326	0.017766	0.001506	0.000023	0.055251
101	0.009262	0.000022	0.000243	0.198264	0.720303	0.017780	0.001347	0.000027	0.052752
102	0.008677	0.000021	0.000209	0.198344	0.723665	0.017580	0.001265	0.000026	0.050213
103	0.008053	0.000023	0.000193	0.198381	0.726773	0.017603	0.001200	0.000020	0.047754
104	0.007621	0.000018	0.000204	0.198403	0.729955	0.017445	0.001109	0.000017	0.045228
105	0.007076	0.000018	0.000178	0.198129	0.733178	0.017362	0.000999	0.000009	0.043051
106	0.006711	0.000016	0.000147	0.198361	0.735745	0.017274	0.000899	0.000004	0.040843
107	0.006279	0.000015	0.000139	0.199230	0.737896	0.017182	0.000775	0.000008	0.038476
108	0.005910	0.000015	0.000128	0.199157	0.740585	0.017135	0.000697	0.000005	0.036368
109	0.005557	0.000017	0.000106	0.199310	0.742971	0.017083	0.000648	0.000006	0.034302
110	0.005034	0.000019	0.000106	0.200113	0.744645	0.016983	0.000575	0.000004	0.032521
111	0.004637	0.000015	0.000097	0.200341	0.746634	0.017039	0.000530	0.000005	0.030702
112	0.004375	0.000015	0.000090	0.199912	0.749233	0.017014	0.000487	0.000003	0.028871
113	0.003989	0.000013	0.000075	0.200135	0.750998	0.017026	0.000449	0.000000	0.027315
114	0.003667	0.000016	0.000074	0.200556	0.752577	0.016903	0.000421	0.000000	0.025786
115	0.003409	0.000021	0.000070	0.200841	0.754296	0.016696	0.000376	0.000000	0.024291
116	0.003093	0.000028	0.000067	0.201017	0.755893	0.016580	0.000352	0.000000	0.022970
117	0.002877	0.000025	0.000062	0.200596	0.758047	0.016586	0.000315	0.000000	0.021492
118	0.002681	0.000022	0.000060	0.201002	0.759120	0.016669	0.000276	0.000000	0.020170
119	0.002449	0.000017	0.000053	0.201532	0.760084	0.016599	0.000248	0.000000	0.019018
120	0.002277	0.000015	0.000037	0.201545	0.761562	0.016567	0.000215	0.000000	0.017782
121	0.002021	0.000014	0.000028	0.202125	0.762044	0.016780	0.000187	0.000000	0.016801
122	0.001838	0.000016	0.000017	0.202490	0.762886	0.016745	0.000170	0.000000	0.015838
123	0.001701	0.000009	0.000014	0.202919	0.763529	0.016615	0.000161	0.000000	0.015052
124	0.001549	0.000007	0.000013	0.203610	0.764031	0.016639	0.000160	0.000000	0.013991
125	0.001418	0.000004	0.000014	0.203128	0.765436	0.016732	0.000132	0.000000	0.013136
126	0.001334	0.000004	0.000012	0.203810	0.765856	0.016709	0.000135	0.000000	0.012140
127	0.001241	0.000005	0.000014	0.203495	0.766888	0.016818	0.000128	0.000000	0.011411
128	0.001165	0.000003	0.000009	0.203859	0.767444	0.016755	0.000129	0.000000	0.010636
129	0.001083	0.000003	0.000011	0.203874	0.768260	0.016726	0.000118	0.000000	0.009925
130	0.000967	0.000001	0.000014	0.204039	0.768712	0.016893	0.000116	0.000000	0.009258
131	0.000891	0.000001	0.000015	0.204298	0.769283	0.016739	0.000095	0.000000	0.008678
132	0.000823	0.000001	0.000016	0.204663	0.769690	0.016672	0.000079	0.000000	0.008056
133	0.000777	0.000000	0.000023	0.204425	0.770235	0.016959	0.000067	0.000000	0.007514
134	0.000735	0.000000	0.000020	0.204527	0.770964	0.016717	0.000059	0.000000	0.006978
135	0.000690	0.000000	0.000013	0.204792	0.771048	0.016889	0.000057	0.000000	0.006511
136	0.000640	0.000000	0.000014	0.204718	0.771570	0.016881	0.000058	0.000000	0.006119
137	0.000567	0.000000	0.000009	0.204802	0.771845	0.016976	0.000050	0.000000	0.005751
138	0.000521	0.000000	0.000004	0.204889	0.772212	0.016955	0.000044	0.000000	0.005375
139	0.000447	0.000000	0.000004	0.204933	0.772704	0.016847	0.000037	0.000000	0.005028
140	0.000399	0.000000	0.000004	0.205306	0.772646	0.016908	0.000037	0.000000	0.004700
141	0.000364	0.000000	0.000005	0.205341	0.773143	0.016764	0.000026	0.000000	0.004357
142	0.000336	0.000000	0.000006	0.205918	0.772930	0.016781	0.000016	0.000000	0.004013
143	0.000317	0.000000	0.000006	0.205947	0.773151	0.016809	0.000021	0.000000	0.003749
144	0.000280	0.000000	0.000005	0.205934	0.773406	0.016875	0.000014	0.000000	0.003486
145	0.000247	0.000000	0.000006	0.205534	0.773970	0.016957	0.000009	0.000000	0.003277
146	0.000229	0.000000	0.000001	0.205515	0.774396	0.016835	0.000007	0.000000	0.003017
147	0.000221	0.000000	0.000001	0.205867	0.774320	0.016770	0.000006	0.000000	0.002815
148	0.000191	0.000000	0.000001	0.205589	0.774664	0.016993	0.000004	0.000000	0.002558
149	0.000181	0.000000	0.000000	0.205928	0.774589	0.016930	0.000003	0.000000	0.002369
150	0.000163	0.000000	0.000000	0.205693	0.775083	0.016786	0.000003	0.000000	0.002272
151	0.000151	0.000000	0.000000	0.205607	0.775346	0.016804	0.000002	0.000000	0.002090
152	0.000138	0.000000	0.000000	0.205371	0.775753	0.016794	0.000002	0.000000	0.001942
153	0.000121	0.000000	0.000000	0.205454	0.775801	0.016849	0.000001	0.000000	0.001774
154	0.000103	0.000000	0.000000	0.205693	0.775624	0.016944	0.000002	0.000000	0.001634
155	0.000103	0.000000	0.000000	0.205586	0.775784	0.017033	0.000002	0.000000	0.001492
156	0.000097	0.000000	0.000000	0.205782	0.775717	0.017051	0.000001	0.000000	0.001352
157	0.000088	0.000000	0.000000	0.205686	0.775882	0.017069	0.000002	0.000000	0.001273
158	0.000088	0.000000	0.000000	0.205368	0.776360	0.017010	0.000002	0.000000	0.001172
159	0.000072	0.000000	0.000000	0.205534	0.776498	0.016831	0.000001	0.000000	0.001064
160	0.000079	0.000000	0.000000	0.205334	0.776817	0.016781	0.000001	0.000000	0.000988
161	0.000064	0.000000	0.000000	0.205495	0.776576	0.016957	0.000000	0.000000	0.000908
162	0.000050	0.000000	0.000000	0.205803	0.776452	0.016876	0.000000	0.000000	0.000819
163	0.000051	0.000000	0.000000	0.205822	0.776515	0.016863	0.000000	0.000000	0.000749
164	0.000039	0.000000	0.000000	0.205733	0.776737	0.016813	0.000000	0.000000	0.000678
165	0.000034	0.000000	0.000000	0.205881	0.776671	0.016792	0.000000	0.000000	0.000622
166	0.000032	0.000000	0.000000	0.205721	0.776901	0.016777	0.000000	0.000000	0.000569
167	0.000026	0.000000	0.000000	0.205457	0.777169	0.016835	0.000000	0.000000	0.000513
168	0.000022	0.000000	0.000000	0.205488	0.777104	0.016909	0.000000	0.000000	0.000477
169	0.000023	0.000000	0.000000	0.205162	0.777577	0.016782	0.000000	0.000000	0.000456
170	0.000019	0.000000	0.000000	0.204846	0.777869	0.016836	0.000000	0.000000	0.000430
171	0.000019	0.000000	0.000000	0.204638	0.778228	0.016735	0.000000	0.000000	0.000380
172	0.000014	0.000000	0.000000	0.204479	0.778589	0.016590	0.000000	0.000000	0.000328
173	0.000009	0.000000	0.000000	0.205057	0.777935	0.016704	0.000000	0.000000	0.000295
174	0.000004	0.000000	0.000000	0.205101	0.778131	0.016474	0.000000	0.000000	0.000290
175	0.000005	0.000000	0.000000	0.204813	0.778427	0.016517	0.000000	0.000000	0.000238
176	0.000003	0.000000	0.000000	0.204530	0.778793	0.016427	0.000000	0.000000	0.000247
177	0.000001	0.000000	0.000000	0.204939	0.778586	0.016234	0.000000	0.000000	0.000240
178	0.000000	0.000000	0.000000	0.204925	0.778524	0.016332	0.000000	0.000000	0.000219
179	0.000000	0.000000	0.000000	0.205110	0.778458	0.016227	0.000000	0.000000	0.000205
180	0.000000	0.000000	0.000000	0.205281	0.778251	0.016261	0.000000	0.000000	0.000207
181	0.000000	0.000000	0.000000	0.205183	0.778482	0.016134	0.000000	0.000000	0.000201
182	0.000000	0.000000	0.000000	0.205116	0.778502	0.016173	0.000000	0.000000	0.000209
183	0.000000	0.000000	0.000000	0.204508	0.779174	0.016141	0.000000	0.000000	0.000177
184	0.000000	0.000000	0.000000	0.204572	0.779059	0.016199	0.000000	0.000000	0.000170
185	0.000000	0.000000	0.000000	0.204479	0.779128	0.016237	0.000000	0.000000	0.000156
186	0.000000	0.000000	0.000000	0.204398	0.779088	0.016374	0.000000	0.000000	0.000140
187	0.000000	0.000000	0.000000	0.204493	0.778787	0.016586	0.000000	0.000000	0.000134
188	0.000000	0.000000	0.000000	0.203713	0.779560	0.016583	0.000000	0.000000	0.000144
189	0.000000	0.000000	0.000000	0.203631	0.779785	0.016456	0.000000	0.000000	0.000128
190	0.000000	0.000000	0.000000	0.203612	0.779815	0.016453	0.000000	0.000000	0.000120
191	0.000000	0.000000	0.000000	0.203487	0.779849	0.016551	0.000000	0.000000	0.000113
192	0.000000	0.000000	0.000000	0.203467	0.779775	0.016661	0.000000	0.000000	0.000097
193	0.000000	0.000000	0.000000	0.203417	0.779760	0.016727	0.000000	0.000000	0.000096
194	0.000000	0.000000	0.000000	0.203750	0.779447	0.016710	0.000000	0.000000	0.000093
195	0.000000	0.000000	0.000000	0.203599	0.779602	0.016712	0.000000	0.000000	0.000087
196	0.000000	0.000000	0.000000	0.203917	0.779253	0.016754	0.000000	0.000000	0.000076
197	0.000000	0.000000	0.000000	0.203956	0.779249	0.016712	0.000000	0.000000	0.000083
198	0.000000	0.000000	0.000000	0.204187	0.779007	0.016726	0.000000	0.000000	0.000080
199	0.000000	0.000000	0.000000	0.203711	0.779553	0.016666	0.000000	0.000000	0.000070
200	0.000000	0.000000	0.000000	0.204101	0.778974	0.016860	0.000000	0.000000	0.000065
201	0.000000	0.000000	0.000000	0.203366	0.779701	0.016878	0.000000	0.000000	0.000055
202	0.000000	0.000000	0.000000	0.203018	0.780134	0.016794	0.000000	0.000000	0.000054
203	0.000000	0.000000	0.000000	0.203130	0.780028	0.016799	0.000000	0.000000	0.000043
204	0.000000	0.000000	0.000000	0.203234	0.779792	0.016932	0.000000	0.000000	0.000042
205	0.000000	0.000000	0.000000	0.203374	0.779854	0.016725	0.000000	0.000000	0.000047
206	0.000000	0.000000	0.000000	0.203536	0.779646	0.016773	0.000000	0.000000	0.000045
207	0.000000	0.000000	0.000000	0.204020	0.779135	0.016803	0.000000	0.000000	0.000042
208	0.000000	0.000000	0.000000	0.204197	0.778891	0.016882	0.000000	0.000000	0.000030
209	0.000000	0.000000	0.000000	0.203535	0.779534	0.016903	0.000000	0.000000	0.000028
210	0.000000	0.000000	0.000000	0.203315	0.779781	0.016880	0.000000	0.000000	0.000024
211	0.000000	0.000000	0.000000	0.203110	0.779953	0.016922	0.000000	0.000000	0.000015
212	0.000000	0.000000	0.000000	0.203119	0.780104	0.016767	0.000000	0.000000	0.000010
213	0.000000	0.000000	0.000000	0.202703	0.780392	0.016896	0.000000	0.000000	0.000009
214	0.000000	0.000000	0.000000	0.202591	0.780760	0.016639	0.000000	0.000000	0.000010
215	0.000000	0.000000	0.000000	0.202316	0.780989	0.016689	0.000000	0.000000	0.000006
216	0.000000	0.000000	0.000000	0.202304	0.781087	0.016605	0.000000	0.000000	0.000004
217	0.000000	0.000000	0.000000	0.202316	0.781058	0.016620	0.000000	0.000000	0.000006
218	0.000000	0.000000	0.000000	0.202861	0.780675	0.016458	0.000000	0.000000	0.000006
219	0.000000	0.000000	0.000000	0.202369	0.780907	0.016719	0.000000	0.000000	0.000005
220	0.000000	0.000000	0.000000	0.202586	0.780663	0.016748	0.000000	0.000000	0.000003
221	0.000000	0.000000	0.000000	0.202862	0.780340	0.016792	0.000000	0.000000	0.000006
222	0.000000	0.000000	0.000000	0.203087	0.780108	0.016801	0.000000	0.000000	0.000004
223	0.000000	0.000000	0.000000	0.202820	0.780403	0.016774	0.000000	0.000000	0.000003
224	0.000000	0.000000	0.000000	0.203087	0.779991	0.016920	0.000000	0.000000	0.000002
225	0.000000	0.000000	0.000000	0.202466	0.780471	0.017059	0.000000	0.000000	0.000004
226	0.000000	0.000000	0.000000	0.202604	0.780394	0.016998	0.000000	0.000000	0.000004
227	0.000000	0.000000	0.000000	0.202099	0.781035	0.016865	0.000000	0.000000	0.000001
228	0.000000	0.000000	0.000000	0.202325	0.781016	0.016657	0.000000	0.000000	0.000002
229	0.000000	0.000000	0.000000	0.202354	0.780868	0.016777	0.000000	0.000000	0.000001
230	0.000000	0.000000	0.000000	0.202667	0.780473	0.016860	0.000000	0.000000	0.000000
231	0.000000	0.000000	0.000000	0.202547	0.780690	0.016763	0.000000	0.000000	0.000000
232	0.000000	0.000000	0.000000	0.202230	0.780965	0.016805	0.000000	0.000000	0.000000
233	0.000000	0.000000	0.000000	0.202116	0.781123	0.016761	0.000000	0.000000	0.000000
234	0.000000	0.000000	0.000000	0.201844	0.781314	0.016842	0.000000	0.000000	0.000000
235	0.000000	0.000000	0.000000	0.202144	0.781140	0.016716	0.000000	0.000000	0.000000
236	0.000000	0.000000	0.000000	0.202329	0.781028	0.016643	0.000000	0.000000	0.000000
237	0.000000	0.000000	0.000000	0.202186	0.781242	0.016572	0.000000	0.000000	0.000000
238	0.000000	0.000000	0.000000	0.202020	0.781458	0.016522	0.000000	0.000000	0.000000
239	0.000000	0.000000	0.000000	0.201625	0.781961	0.016414	0.000000	0.000000	0.000000
240	0.000000	0.000000	0.000000	0.202407	0.781217	0.016376	0.000000	0.000000	0.000000
241	0.000000	0.000000	0.000000	0.202245	0.781407	0.016348	0.000000	0.000000	0.000000
242	0.000000	0.000000	0.000000	0.202479	0.780972	0.016549	0.000000	0.000000	0.000000
243	0.000000	0.000000	0.000000	0.202690	0.780877	0.016433	0.000000	0.000000	0.000000
244	0.000000	0.000000	0.000000	0.201894	0.781666	0.016440	0.000000	0.000000	0.000000
245	0.000000	0.000000	0.000000	0.201904	0.781575	0.016521	0.000000	0.000000	0.000000
246	0.000000	0.000000	0.000000	0.202467	0.781084	0.016449	0.000000	0.000000	0.000000
247	0.000000	0.000000	0.000000	0.202682	0.780815	0.016503	0.000000	0.000000	0.000000
248	0.000000	0.000000	0.000000	0.203192	0.780246	0.016562	0.000000	0.000000	0.000000
249	0.000000	0.000000	0.000000	0.202813	0.780735	0.016452	0.000000	0.000000	0.000000
250	0.000000	0.000000	0.000000	0.202857	0.780779	0.016364	0.000000	0.000000	0.000000
251	0.000000	0.000000	0.000000	0.202689	0.781098	0.016213	0.000000	0.000000	0.000000
252	0.000000	0.000000	0.000000	0.202163	0.781513	0.016324	0.000000	0.000000	0.000000
253	0.000000	0.000000	0.000000	0.202363	0.781398	0.016239	0.000000	0.000000	0.000000
254	0.000000	0.000000	0.000000	0.202511	0.781203	0.016286	0.000000	0.000000	0.000000
255	0.000000	0.000000	0.000000	0.202925	0.780810	0.016265	0.000000	0.000000	0.000000
256	0.000000	0.000000	0.000000	0.203105	0.780704	0.016191	0.000000	0.000000	0.000000
257	0.000000	0.000000	0.000000	0.203042	0.780846	0.016112	0.000000	0.000000	0.000000
258	0.000000	0.000000	0.000000	0.203161	0.780762	0.016077	0.000000	0.000000	0.000000
259	0.000000	0.000000	0.000000	0.202833	0.781131	0.016036	0.000000	0.000000	0.000000
260	0.000000	0.000000	0.000000	0.202605	0.781408	0.015987	0.000000	0.000000	0.000000
261	0.000000	0.000000	0.000000	0.202331	0.781834	0.015835	0.000000	0.000000	0.000000
262	0.000000	0.000000	0.000000	0.202303	0.781917	0.015780	0.000000	0.000000	0.000000
263	0.000000	0.000000	0.000000	0.201970	0.782281	0.015749	0.000000	0.000000	0.000000
264	0.000000	0.000000	0.000000	0.201910	0.782358	0.015732	0.000000	0.000000	0.000000
265	0.000000	0.000000	0.000000	0.201889	0.782535	0.015576	0.000000	0.000000	0.000000
266	0.000000	0.000000	0.000000	0.202053	0.782377	0.015570	0.000000	0.000000	0.000000
267	0.000000	0.000000	0.000000	0.201748	0.782711	0.015541	0.000000	0.000000	0.000000
268	0.000000	0.000000	0.000000	0.201485	0.782945	0.015570	0.000000	0.000000	0.000000
269	0.000000	0.000000	0.000000	0.201117	0.783237	0.015646	0.000000	0.000000	0.000000
270	0.000000	0.000000	0.000000	0.200946	0.783350	0.015704	0.000000	0.000000	0.000000
271	0.000000	0.000000	0.000000	0.200904	0.783265	0.015831	0.000000	0.000000	0.000000
272	0.000000	0.000000	0.000000	0.200877	0.783365	0.015758	0.000000	0.000000	0.000000
273	0.000000	0.000000	0.000000	0.200486	0.783480	0.016034	0.000000	0.000000	0.000000
274	0.000000	0.000000	0.000000	0.200288	0.783936	0.015776	0.000000	0.000000	0.000000
275	0.000000	0.000000	0.000000	0.200679	0.783361	0.015960	0.000000	0.000000	0.000000
276	0.000000	0.000000	0.000000	0.201129	0.782996	0.015875	0.000000	0.000000	0.000000
277	0.000000	0.000000	0.000000	0.201440	0.782789	0.015771	0.000000	0.000000	0.000000
278	0.000000	0.000000	0.000000	0.200856	0.783595	0.015549	0.000000	0.000000	0.000000
279	0.000000	0.000000	0.000000	0.201197	0.783147	0.015656	0.000000	0.000000	0.000000
280	0.000000	0.000000	0.000000	0.201005	0.783303	0.015692	0.000000	0.000000	0.000000
281	0.000000	0.000000	0.000000	0.201180	0.783160	0.015660	0.000000	0.000000	0.000000
282	0.000000	0.000000	0.000000	0.201307	0.783095	0.015598	0.000000	0.000000	0.000000
283	0.000000	0.000000	0.000000	0.201198	0.783016	0.015786	0.000000	0.000000	0.000000
284	0.000000	0.000000	0.000000	0.200724	0.783552	0.015724	0.000000	0.000000	0.000000
285	0.000000	0.000000	0.000000	0.200767	0.783409	0.015824	0.000000	0.000000	0.000000
286	0.000000	0.000000	0.000000	0.200731	0.783473	0.015796	0.000000	0.000000	0.000000
287	0.000000	0.000000	0.000000	0.201089	0.783218	0.015693	0.000000	0.000000	0.000000
288	0.000000	0.000000	0.000000	0.200957	0.783382	0.015661	0.000000	0.000000	0.000000
289	0.000000	0.000000	0.000000	0.201071	0.783297	0.015632	0.000000	0.000000	0.000000
290	0.000000	0.000000	0.000000	0.200094	0.784167	0.015739	0.000000	0.000000	0.000000
291	0.000000	0.000000	0.000000	0.200311	0.783985	0.015704	0.000000	0.000000	0.000000
292	0.000000	0.000000	0.000000	0.200423	0.783872	0.015705	0.000000	0.000000	0.000000
293	0.000000	0.000000	0.000000	0.200908	0.783409	0.015683	0.000000	0.000000	0.000000
294	0.000000	0.000000	0.000000	0.201086	0.783377	0.015537	0.000000	0.000000	0.000000
295	0.000000	0.000000	0.000000	0.200908	0.783431	0.015661	0.000000	0.000000	0.000000
296	0.000000	0.000000	0.000000	0.201117	0.783137	0.015746	0.000000	0.000000	0.000000
297	0.000000	0.000000	0.000000	0.201149	0.783188	0.015663	0.000000	0.000000	0.000000
298	0.000000	0.000000	0.000000	0.200909	0.783367	0.015724	0.000000	0.000000	0.000000
299	0.000000	0.000000	0.000000	0.200876	0.783562	0.015562	0.000000	0.000000	0.000000
300	0.000000	0.000000	0.000000	0.200471	0.784043	0.015486	0.000000	0.000000	0.000000
301	0.000000	0.000000	0.000000	0.200808	0.783666	0.015526	0.000000	0.000000	0.000000
302	0.000000	0.000000	0.000000	0.201500	0.783121	0.015379	0.000000	0.000000	0.000000
303	0.000000	0.000000	0.000000	0.201780	0.782897	0.015323	0.000000	0.000000	0.000000
304	0.000000	0.000000	0.000000	0.201635	0.783245	0.015120	0.000000	0.000000	0.000000
305	0.000000	0.000000	0.000000	0.201897	0.782904	0.015199	0.000000	0.000000	0.000000
306	0.000000	0.000000	0.000000	0.201951	0.782920	0.015129	0.000000	0.000000	0.000000
307	0.000000	0.000000	0.000000	0.201996	0.782762	0.015242	0.000000	0.000000	0.000000
308	0.000000	0.000000	0.000000	0.202020	0.782665	0.015315	0.000000	0.000000	0.000000
309	0.000000	0.000000	0.000000	0.202465	0.782426	0.015109	0.000000	0.000000	0.000000
310	0.000000	0.000000	0.000000	0.201969	0.782912	0.015119	0.000000	0.000000	0.000000
311	0.000000	0.000000	0.000000	0.201757	0.783006	0.015237	0.000000	0.000000	0.000000
312	0.000000	0.000000	0.000000	0.201662	0.783042	0.015296	0.000000	0.000000	0.000000
313	0.000000	0.000000	0.000000	0.201808	0.782823	0.015369	0.000000	0.000000	0.000000
314	0.000000	0.000000	0.000000	0.201470	0.783184	0.015346	0.000000	0.000000	0.000000
315	0.000000	0.000000	0.000000	0.201197	0.783469	0.015334	0.000000	0.000000	0.000000
316	0.000000	0.000000	0.000000	0.201135	0.783670	0.015195	0.000000	0.000000	0.000000
317	0.000000	0.000000	0.000000	0.201916	0.783045	0.015039	0.000000	0.000000	0.000000
318	0.000000	0.000000	0.000000	0.201958	0.782944	0.015098	0.000000	0.000000	0.000000
319	0.000000	0.000000	0.000000	0.202483	0.782474	0.015043	0.000000	0.000000	0.000000
320	0.000000	0.000000	0.000000	0.202086	0.782745	0.015169	0.000000	0.000000	0.000000
321	0.000000	0.000000	0.000000	0.201802	0.783139	0.015059	0.000000	0.000000	0.000000
322	0.000000	0.000000	0.000000	0.201620	0.783427	0.014953	0.000000	0.000000	0.000000
323	0.000000	0.000000	0.000000	0.201902	0.783258	0.014840	0.000000	0.000000	0.000000
324	0.000000	0.000000	0.000000	0.202016	0.782970	0.015014	0.000000	0.000000	0.000000
325	0.000000	0.000000	0.000000	0.201241	0.783866	0.014893	0.000000	0.000000	0.000000
326	0.000000	0.000000	0.000000	0.201788	0.783248	0.014964	0.000000	0.000000	0.000000
327	0.000000	0.000000	0.000000	0.201873	0.783349	0.014778	0.000000	0.000000	0.000000
328	0.000000	0.000000	0.000000	0.201584	0.783689	0.014727	0.000000	0.000000	0.000000
329	0.000000	0.000000	0.000000	0.201629	0.783741	0.014630	0.000000	0.000000	0.000000
330	0.000000	0.000000	0.000000	0.202207	0.783048	0.014745	0.000000	0.000000	0.000000
331	0.000000	0.000000	0.000000	0.202082	0.783009	0.014909	0.000000	0.000000	0.000000
332	0.000000	0.000000	0.000000	0.201856	0.783340	0.014804	0.000000	0.000000	0.000000
333	0.000000	0.000000	0.000000	0.201879	0.783450	0.014671	0.000000	0.000000	0.000000
334	0.000000	0.000000	0.000000	0.201510	0.783666	0.014824	0.000000	0.000000	0.000000
335	0.000000	0.000000	0.000000	0.201554	0.783645	0.014801	0.000000	0.000000	0.000000
336	0.000000	0.000000	0.000000	0.201685	0.783410	0.014905	0.000000	0.000000	0.000000
337	0.000000	0.000000	0.000000	0.201220	0.783818	0.014962	0.000000	0.000000	0.000000
338	0.000000	0.000000	0.000000	0.201202	0.783706	0.015092	0.000000	0.000000	0.000000
339	0.000000	0.000000	0.000000	0.201825	0.783142	0.015033	0.000000	0.000000	0.000000
340	0.000000	0.000000	0.000000	0.201108	0.783686	0.015206	0.000000	0.000000	0.000000
341	0.000000	0.000000	0.000000	0.201185	0.783388	0.015427	0.000000	0.000000	0.000000
342	0.000000	0.000000	0.000000	0.201529	0.783249	0.015222	0.000000	0.000000	0.000000
343	0.000000	0.000000	0.000000	0.201360	0.783487	0.015153	0.000000	0.000000	0.000000
344	0.000000	0.000000	0.000000	0.201613	0.783176	0.015211	0.000000	0.000000	0.000000
345	0.000000	0.000000	0.000000	0.201401	0.783245	0.015354	0.000000	0.000000	0.000000
346	0.000000	0.000000	0.000000	0.201087	0.783747	0.015166	0.000000	0.000000	0.000000
347	0.000000	0.000000	0.000000	0.200918	0.783866	0.015216	0.000000	0.000000	0.000000
348	0.000000	0.000000	0.000000	0.201373	0.783270	0.015357	0.000000	0.000000	0.000000
349	0.000000	0.000000	0.000000	0.201533	0.782975	0.015492	0.000000	0.000000	0.000000
350	0.000000	0.000000	0.000000	0.201638	0.782792	0.015570	0.000000	0.000000	0.000000
351	0.000000	0.000000	0.000000	0.201751	0.782694	0.015555	0.000000	0.000000	0.000000
352	0.000000	0.000000	0.000000	0.201442	0.783202	0.015356	0.000000	0.000000	0.000000
353	0.000000	0.000000	0.000000	0.201532	0.782966	0.015502	0.000000	0.000000	0.000000
354	0.000000	0.000000	0.000000	0.201431	0.783046	0.015523	0.000000	0.000000	0.000000
355	0.000000	0.000000	0.000000	0.201865	0.782742	0.015393	0.000000	0.000000	0.000000
356	0.000000	0.000000	0.000000	0.201474	0.783121	0.015405	0.000000	0.000000	0.000000
357	0.000000	0.000000	0.000000	0.201852	0.782715	0.015433	0.000000	0.000000	0.000000
358	0.000000	0.000000	0.000000	0.201701	0.782807	0.015492	0.000000	0.000000	0.000000
359	0.000000	0.000000	0.000000	0.201587	0.783081	0.015332	0.000000	0.000000	0.000000
360	0.000000	0.000000	0.000000	0.201307	0.783309	0.015384	0.000000	0.000000	0.000000
361	0.000000	0.000000	0.000000	0.201425	0.783044	0.015531	0.000000	0.000000	0.000000
362	0.000000	0.000000	0.000000	0.201326	0.783201	0.015473	0.000000	0.000000	0.000000
363	0.000000	0.000000	0.000000	0.201915	0.782728	0.015357	0.000000	0.000000	0.000000
364	0.000000	0.000000	0.000000	0.202245	0.782377	0.015378	0.000000	0.000000	0.000000
365	0.000000	0.000000	0.000000	0.201670	0.782868	0.015462	0.000000	0.000000	0.000000
366	0.000000	0.000000	0.000000	0.201347	0.783059	0.015594	0.000000	0.000000	0.000000
367	0.000000	0.000000	0.000000	0.201515	0.782796	0.015689	0.000000	0.000000	0.000000
368	0.000000	0.000000	0.000000	0.201759	0.782529	0.015712	0.000000	0.000000	0.000000
369	0.000000	0.000000	0.000000	0.201692	0.782642	0.015666	0.000000	0.000000	0.000000
370	0.000000	0.000000	0.000000	0.201866	0.782581	0.015553	0.000000	0.000000	0.000000
371	0.000000	0.000000	0.000000	0.202015	0.782388	0.015597	0.000000	0.000000	0.000000
372	0.000000	0.000000	0.000000	0.201984	0.782570	0.015446	0.000000	0.000000	0.000000
373	0.000000	0.000000	0.000000	0.201877	0.782453	0.015670	0.000000	0.000000	0.000000
374	0.000000	0.000000	0.000000	0.201787	0.782628	0.015585	0.000000	0.000000	0.000000
375	0.000000	0.000000	0.000000	0.201620	0.782835	0.015545	0.000000	0.000000	0.000000
376	0.000000	0.000000	0.000000	0.200911	0.783447	0.015642	0.000000	0.000000	0.000000
377	0.000000	0.000000	0.000000	0.200522	0.784054	0.015424	0.000000	0.000000	0.000000
378	0.000000	0.000000	0.000000	0.200449	0.784190	0.015361	0.000000	0.000000	0.000000
379	0.000000	0.000000	0.000000	0.200452	0.784155	0.015393	0.000000	0.000000	0.000000
380	0.000000	0.000000	0.000000	0.200393	0.784126	0.015481	0.000000	0.000000	0.000000
381	0.000000	0.000000	0.000000	0.199872	0.784654	0.015474	0.000000	0.000000	0.000000
382	0.000000	0.000000	0.000000	0.199661	0.784903	0.015436	0.000000	0.000000	0.000000
383	0.000000	0.000000	0.000000	0.199879	0.784626	0.015495	0.000000	0.000000	0.000000
384	0.000000	0.000000	0.000000	0.199903	0.784670	0.015427	0.000000	0.000000	0.000000
385	0.000000	0.000000	0.000000	0.199928	0.784560	0.015512	0.000000	0.000000	0.000000
386	0.000000	0.000000	0.000000	0.200018	0.784609	0.015373	0.000000	0.000000	0.000000
387	0.000000	0.000000	0.000000	0.199498	0.785254	0.015248	0.000000	0.000000	0.000000
388	0.000000	0.000000	0.000000	0.199618	0.785176	0.015206	0.000000	0.000000	0.000000
389	0.000000	0.000000	0.000000	0.199864	0.784829	0.015307	0.000000	0.000000	0.000000
390	0.000000	0.000000	0.000000	0.199835	0.785011	0.015154	0.000000	0.000000	0.000000
391	0.000000	0.000000	0.000000	0.200049	0.784769	0.015182	0.000000	0.000000	0.000000
392	0.000000	0.000000	0.000000	0.199851	0.785099	0.015050	0.000000	0.000000	0.000000
393	0.000000	0.000000	0.000000	0.199356	0.785632	0.015012	0.000000	0.000000	0.000000
394	0.000000	0.000000	0.000000	0.199552	0.785439	0.015009	0.000000	0.000000	0.000000
395	0.000000	0.000000	0.000000	0.199093	0.785817	0.015090	0.000000	0.000000	0.000000
396	0.000000	0.000000	0.000000	0.198709	0.786151	0.015140	0.000000	0.000000	0.000000
397	0.000000	0.000000	0.000000	0.198650	0.786279	0.015071	0.000000	0.000000	0.000000
398	0.000000	0.000000	0.000000	0.197916	0.786922	0.015162	0.000000	0.000000	0.000000
399	0.000000	0.000000	0.000000	0.198042	0.786934	0.015024	0.000000	0.000000	0.000000
400	0.000000	0.000000	0.000000	0.197956	0.787017	0.015027	0.000000	0.000000	0.000000
401	0.000000	0.000000	0.000000	0.198177	0.786795	0.015028	0.000000	0.000000	0.000000
402	0.000000	0.000000	0.000000	0.198239	0.786743	0.015018	0.000000	0.000000	0.000000
403	0.000000	0.000000	0.000000	0.198355	0.786664	0.014981	0.000000	0.000000	0.000000
404	0.000000	0.000000	0.000000	0.198008	0.787001	0.014991	0.000000	0.000000	0.000000
405	0.000000	0.000000	0.000000	0.197821	0.787047	0.015132	0.000000	0.000000	0.000000
406	0.000000	0.000000	0.000000	0.197352	0.787494	0.015154	0.000000	0.000000	0.000000
407	0.000000	0.000000	0.000000	0.197438	0.787413	0.015149	0.000000	0.000000	0.000000
408	0.000000	0.000000	0.000000	0.197060	0.787658	0.015282	0.000000	0.000000	0.000000
409	0.000000	0.000000	0.000000	0.196858	0.787948	0.015194	0.000000	0.000000	0.000000
410	0.000000	0.000000	0.000000	0.196763	0.788111	0.015126	0.000000	0.000000	0.000000
411	0.000000	0.000000	0.000000	0.196961	0.787834	0.015205	0.000000	0.000000	0.000000
412	0.000000	0.000000	0.000000	0.196998	0.787785	0.015217	0.000000	0.000000	0.000000
413	0.000000	0.000000	0.000000	0.196944	0.787971	0.015085	0.000000	0.000000	0.000000
414	0.000000	0.000000	0.000000	0.196839	0.788179	0.014982	0.000000	0.000000	0.000000
415	0.000000	0.000000	0.000000	0.196434	0.788570	0.014996	0.000000	0.000000	0.000000
416	0.000000	0.000000	0.000000	0.196169	0.788931	0.014900	0.000000	0.000000	0.000000
417	0.000000	0.000000	0.000000	0.196802	0.788259	0.014939	0.000000	0.000000	0.000000
418	0.000000	0.000000	0.000000	0.196347	0.788797	0.014856	0.000000	0.000000	0.000000
419	0.000000	0.000000	0.000000	0.196252	0.788698	0.015050	0.000000	0.000000	0.000000
420	0.000000	0.000000	0.000000	0.196047	0.788787	0.015166	0.000000	0.000000	0.000000
421	0.000000	0.000000	0.000000	0.195907	0.788793	0.015300	0.000000	0.000000	0.000000
422	0.000000	0.000000	0.000000	0.195821	0.788868	0.015311	0.000000	0.000000	0.000000
423	0.000000	0.000000	0.000000	0.195677	0.789095	0.015228	0.000000	0.000000	0.000000
424	0.000000	0.000000	0.000000	0.195510	0.789275	0.015215	0.000000	0.000000	0.000000
425	0.000000	0.000000	0.000000	0.195052	0.789554	0.015394	0.000000	0.000000	0.000000
426	0.000000	0.000000	0.000000	0.195013	0.789580	0.015407	0.000000	0.000000	0.000000
427	0.000000	0.000000	0.000000	0.195422	0.789099	0.015479	0.000000	0.000000	0.000000
428	0.000000	0.000000	0.000000	0.195195	0.789371	0.015434	0.000000	0.000000	0.000000
429	0.000000	0.000000	0.000000	0.194944	0.789645	0.015411	0.000000	0.000000	0.000000
430	0.000000	0.000000	0.000000	0.195017	0.789522	0.015461	0.000000	0.000000	0.000000
431	0.000000	0.000000	0.000000	0.194884	0.789780	0.015336	0.000000	0.000000	0.000000
432	0.000000	0.000000	0.000000	0.194957	0.789659	0.015384	0.000000	0.000000	0.000000
433	0.000000	0.000000	0.000000	0.195006	0.789692	0.015302	0.000000	0.000000	0.000000
434	0.000000	0.000000	0.000000	0.194837	0.789948	0.015215	0.000000	0.000000	0.000000
435	0.000000	0.000000	0.000000	0.195024	0.789742	0.015234	0.000000	0.000000	0.000000
436	0.000000	0.000000	0.000000	0.195322	0.789463	0.015215	0.000000	0.000000	0.000000
437	0.000000	0.000000	0.000000	0.195098	0.789633	0.015269	0.000000	0.000000	0.000000
438	0.000000	0.000000	0.000000	0.195183	0.789588	0.015229	0.000000	0.000000	0.000000
439	0.000000	0.000000	0.000000	0.194885	0.789781	0.015334	0.000000	0.000000	0.000000
440	0.000000	0.000000	0.000000	0.194510	0.790186	0.015304	0.000000	0.000000	0.000000
441	0.000000	0.000000	0.000000	0.193968	0.790671	0.015361	0.000000	0.000000	0.000000
442	0.000000	0.000000	0.000000	0.194398	0.790301	0.015301	0.000000	0.000000	0.000000
443	0.000000	0.000000	0.000000	0.194180	0.790533	0.015287	0.000000	0.000000	0.000000
444	0.000000	0.000000	0.000000	0.194735	0.789759	0.015506	0.000000	0.000000	0.000000
445	0.000000	0.000000	0.000000	0.194540	0.789962	0.015498	0.000000	0.000000	0.000000
446	0.000000	0.000000	0.000000	0.194443	0.789861	0.015696	0.000000	0.000000	0.000000
447	0.000000	0.000000	0.000000	0.194606	0.789817	0.015577	0.000000	0.000000	0.000000
448	0.000000	0.000000	0.000000	0.195246	0.789225	0.015529	0.000000	0.000000	0.000000
449	0.000000	0.000000	0.000000	0.195290	0.789265	0.015445	0.000000	0.000000	0.000000
450	0.000000	0.000000	0.000000	0.195648	0.788864	0.015488	0.000000	0.000000	0.000000
451	0.000000	0.000000	0.000000	0.194990	0.789327	0.015683	0.000000	0.000000	0.000000
452	0.000000	0.000000	0.000000	0.194919	0.789305	0.015776	0.000000	0.000000	0.000000
453	0.000000	0.000000	0.000000	0.195206	0.789139	0.015655	0.000000	0.000000	0.000000
454	0.000000	0.000000	0.000000	0.194668	0.789815	0.015517	0.000000	0.000000	0.000000
455	0.000000	0.000000	0.000000	0.195122	0.789426	0.015452	0.000000	0.000000	0.000000
456	0.000000	0.000000	0.000000	0.195027	0.789435	0.015538	0.000000	0.000000	0.000000
457	0.000000	0.000000	0.000000	0.195263	0.789082	0.015655	0.000000	0.000000	0.000000
458	0.000000	0.000000	0.000000	0.195316	0.789073	0.015611	0.000000	0.000000	0.000000
459	0.000000	0.000000	0.000000	0.194752	0.789688	0.015560	0.000000	0.000000	0.000000
460	0.000000	0.000000	0.000000	0.194872	0.789592	0.015536	0.000000	0.000000	0.000000
461	0.000000	0.000000	0.000000	0.194713	0.789655	0.015632	0.000000	0.000000	0.000000
462	0.000000	0.000000	0.000000	0.195037	0.789440	0.015523	0.000000	0.000000	0.000000
463	0.000000	0.000000	0.000000	0.195065	0.789485	0.015450	0.000000	0.000000	0.000000
464	0.000000	0.000000	0.000000	0.195225	0.789247	0.015528	0.000000	0.000000	0.000000
465	0.000000	0.000000	0.000000	0.195053	0.789296	0.015651	0.000000	0.000000	0.000000
466	0.000000	0.000000	0.000000	0.195046	0.789343	0.015611	0.000000	0.000000	0.000000
467	0.000000	0.000000	0.000000	0.195068	0.789256	0.015676	0.000000	0.000000	0.000000
468	0.000000	0.000000	0.000000	0.195297	0.789129	0.015574	0.000000	0.000000	0.000000
469	0.000000	0.000000	0.000000	0.195302	0.789105	0.015593	0.000000	0.000000	0.000000
470	0.000000	0.000000	0.000000	0.195396	0.789100	0.015504	0.000000	0.000000	0.000000
