0	0.290663	0.057897	0.229473	0.157588	0.029913	0.111872	0.085455	0.012259	0.024880
1	0.237491	0.049158	0.203409	0.146477	0.030211	0.122826	0.107315	0.020883	0.082230
2	0.241387	0.049621	0.207281	0.146726	0.031511	0.123800	0.098111	0.019054	0.082509
3	0.250705	0.050701	0.212479	0.146639	0.032766	0.123076	0.088387	0.016882	0.078365
4	0.259511	0.050936	0.219015	0.146455	0.034308	0.121667	0.078540	0.014694	0.074874
5	0.269794	0.051261	0.224024	0.146035	0.036069	0.119605	0.070259	0.013084	0.069869
6	0.279702	0.051445	0.229472	0.144713	0.037713	0.117257	0.062420	0.011379	0.065899
7	0.289254	0.051260	0.234628	0.143058	0.039449	0.114431	0.055610	0.010129	0.062181
8	0.298506	0.051086	0.239294	0.141134	0.041095	0.112276	0.049033	0.008741	0.058835
9	0.307135	0.050935	0.243518	0.139344	0.043009	0.109976	0.043290	0.007398	0.055395
10	0.315373	0.050618	0.247774	0.137522	0.044709	0.107314	0.038495	0.006305	0.051890
11	0.323794	0.050529	0.251311	0.135131	0.046677	0.104524	0.034041	0.005488	0.048505
12	0.331766	0.050027	0.254668	0.132528	0.048397	0.101881	0.030199	0.004803	0.045731
13	0.339428	0.049644	0.258248	0.129634	0.050255	0.098933	0.026706	0.004166	0.042986
14	0.346170	0.048811	0.261885	0.127043	0.051853	0.096522	0.023830	0.003574	0.040312
15	0.353694	0.048022	0.264548	0.123936	0.053779	0.094018	0.021001	0.003044	0.037958
16	0.359353	0.047334	0.267463	0.121582	0.055964	0.091419	0.018637	0.002593	0.035655
17	0.365406	0.046673	0.270644	0.118813	0.057864	0.088605	0.016507	0.002209	0.033279
18	0.371617	0.045864	0.273034	0.115561	0.060079	0.085991	0.014672	0.001930	0.031252
19	0.376594	0.044971	0.275262	0.113436	0.062128	0.083900	0.012854	0.001697	0.029158
20	0.381772	0.044061	0.277393	0.110813	0.064181	0.081528	0.011391	0.001391	0.027470
21	0.386334	0.043455	0.279411	0.107933	0.066465	0.079180	0.010140	0.001192	0.025890
22	0.390831	0.042082	0.281305	0.105331	0.068684	0.077128	0.008984	0.001038	0.024617
23	0.395185	0.041097	0.283627	0.102564	0.070476	0.075018	0.008073	0.000934	0.023026
24	0.398935	0.040311	0.285608	0.100090	0.073143	0.072404	0.007102	0.000798	0.021609
25	0.402440	0.039374	0.287328	0.097898	0.075420	0.070330	0.006311	0.000712	0.020187
26	0.406672	0.038274	0.288690	0.095005	0.077938	0.068277	0.005540	0.000622	0.018982
27	0.410104	0.037307	0.289825	0.092972	0.080029	0.066593	0.004924	0.000532	0.017714
28	0.413260	0.036428	0.291040	0.090398	0.082730	0.064666	0.004353	0.000467	0.016658
29	0.415888	0.035357	0.292560	0.087625	0.085921	0.062823	0.003807	0.000389	0.015630
30	0.419046	0.034412	0.293049	0.085535	0.088820	0.060665	0.003322	0.000388	0.014763
31	0.421753	0.033445	0.293907	0.083193	0.091456	0.059213	0.002919	0.000325	0.013789
32	0.423779	0.032721	0.294259	0.081428	0.094445	0.057348	0.002627	0.000327	0.013066
33	0.425668	0.031693	0.295130	0.079149	0.097470	0.055969	0.002358	0.000260	0.012303
34	0.427408	0.030772	0.295570	0.077225	0.100796	0.054443	0.002063	0.000220	0.011503
35	0.428544	0.030024	0.296265	0.075267	0.104163	0.053016	0.001814	0.000184	0.010723
36	0.429485	0.029032	0.296521	0.073595	0.107465	0.051865	0.001583	0.000167	0.010287
37	0.430478	0.028362	0.296627	0.072042	0.110878	0.050546	0.001402	0.000130	0.009535
38	0.431069	0.027722	0.296855	0.070169	0.114753	0.049105	0.001217	0.000133	0.008977
39	0.431932	0.027087	0.297297	0.068361	0.118300	0.047426	0.001103	0.000115	0.008379
40	0.432622	0.026409	0.296662	0.066978	0.121956	0.046372	0.000993	0.000104	0.007904
41	0.433165	0.025644	0.296446	0.065243	0.125976	0.045193	0.000875	0.000099	0.007359
42	0.433178	0.024793	0.296688	0.063796	0.129827	0.043870	0.000802	0.000071	0.006975
43	0.433216	0.024110	0.296003	0.062368	0.134071	0.043063	0.000678	0.000079	0.006412
44	0.433278	0.023349	0.295745	0.061193	0.138021	0.041648	0.000622	0.000075	0.006069
45	0.433038	0.022512	0.295292	0.059864	0.142198	0.040816	0.000550	0.000066	0.005664
46	0.432881	0.021992	0.294391	0.058492	0.146275	0.040089	0.000497	0.000064	0.005319
47	0.432523	0.021432	0.293349	0.057244	0.150917	0.039082	0.000410	0.000054	0.004989
48	0.430706	0.020930	0.293249	0.056117	0.155706	0.038215	0.000364	0.000049	0.004664
49	0.429466	0.020385	0.292661	0.055007	0.160458	0.037342	0.000310	0.000036	0.004335
50	0.428256	0.019792	0.292406	0.054019	0.165165	0.036037	0.000259	0.000033	0.004033
51	0.426682	0.019236	0.291453	0.052986	0.170130	0.035435	0.000236	0.000031	0.003811
52	0.425350	0.018588	0.290275	0.052087	0.175394	0.034522	0.000229	0.000026	0.003529
53	0.424115	0.017985	0.289361	0.051303	0.180191	0.033525	0.000177	0.000029	0.003314
54	0.422133	0.017799	0.287235	0.050646	0.185927	0.032977	0.000165	0.000024	0.003094
55	0.420033	0.017346	0.286424	0.049535	0.191507	0.032148	0.000139	0.000026	0.002842
56	0.417643	0.016617	0.285095	0.048894	0.197322	0.031527	0.000130	0.000025	0.002747
57	0.415396	0.016351	0.283854	0.048154	0.202788	0.030797	0.000107	0.000018	0.002535
58	0.412612	0.015838	0.282481	0.047516	0.208958	0.030088	0.000093	0.000013	0.002401
59	0.409927	0.015598	0.280770	0.046962	0.214754	0.029619	0.000082	0.000009	0.002279
60	0.407185	0.015191	0.279451	0.046241	0.220643	0.029006	0.000065	0.000011	0.002207
61	0.404401	0.014673	0.277732	0.045775	0.226862	0.028449	0.000058	0.000007	0.002043
62	0.401511	0.014341	0.276204	0.045356	0.232817	0.027818	0.000056	0.000004	0.001893
63	0.398302	0.013941	0.274079	0.044778	0.239375	0.027662	0.000061	0.000006	0.001796
64	0.395348	0.013446	0.271885	0.044373	0.246027	0.027217	0.000050	0.000004	0.001650
65	0.392921	0.013045	0.269595	0.043862	0.252262	0.026706	0.000052	0.000004	0.001553
66	0.389480	0.012819	0.266817	0.043539	0.259463	0.026375	0.000044	0.000005	0.001458
67	0.386230	0.012371	0.265118	0.042990	0.266135	0.025783	0.000032	0.000005	0.001336
68	0.382565	0.012062	0.262634	0.042723	0.273104	0.025648	0.000027	0.000004	0.001233
69	0.379482	0.011670	0.259953	0.042302	0.280292	0.025140	0.000028	0.000002	0.001131
70	0.375499	0.011182	0.258156	0.041780	0.287114	0.025220	0.000026	0.000001	0.001022
71	0.371905	0.010723	0.255416	0.041413	0.294714	0.024878	0.000021	0.000000	0.000930
72	0.367940	0.010303	0.252851	0.041074	0.302480	0.024424	0.000016	0.000000	0.000912
73	0.364226	0.009992	0.250301	0.040675	0.309887	0.024041	0.000020	0.000000	0.000858
74	0.360029	0.009677	0.247704	0.040466	0.317547	0.023749	0.000010	0.000000	0.000818
75	0.355898	0.009330	0.244703	0.040335	0.325030	0.023878	0.000009	0.000000	0.000817
76	0.351143	0.008973	0.242004	0.040375	0.333248	0.023455	0.000011	0.000000	0.000791
77	0.346716	0.008647	0.239143	0.040156	0.341215	0.023405	0.000007	0.000000	0.000711
78	0.342289	0.008277	0.236074	0.040120	0.349656	0.022909	0.000010	0.000000	0.000665
79	0.337819	0.008039	0.233008	0.040004	0.357608	0.022837	0.000009	0.000000	0.000676
80	0.333063	0.007717	0.230575	0.039798	0.365724	0.022488	0.000005	0.000000	0.000630
81	0.328689	0.007404	0.227458	0.039567	0.373775	0.022480	0.000007	0.000000	0.000620
82	0.323374	0.007163	0.224824	0.039419	0.382416	0.022239	0.000003	0.000000	0.000562
83	0.319217	0.006919	0.221666	0.039096	0.390622	0.021966	0.000003	0.000000	0.000511
84	0.314839	0.006642	0.218028	0.039233	0.398637	0.022141	0.000004	0.000000	0.000476
85	0.309952	0.006328	0.215083	0.039206	0.407158	0.021800	0.000003	0.000000	0.000470
86	0.304337	0.006090	0.212027	0.039180	0.416107	0.021815	0.000003	0.000000	0.000441
87	0.299232	0.005835	0.208605	0.039144	0.425141	0.021636	0.000002	0.000000	0.000405
88	0.294579	0.005561	0.205392	0.039022	0.433703	0.021365	0.000000	0.000000	0.000378
89	0.289676	0.005388	0.202143	0.039193	0.441959	0.021281	0.000001	0.000000	0.000359
90	0.284918	0.005162	0.198730	0.039046	0.450767	0.021050	0.000000	0.000000	0.000327
91	0.279715	0.005005	0.195902	0.038919	0.459253	0.020902	0.000000	0.000000	0.000304
92	0.274482	0.004845	0.192156	0.038818	0.468426	0.020988	0.000000	0.000000	0.000285
93	0.269152	0.004578	0.189040	0.038946	0.477211	0.020826	0.000000	0.000000	0.000247
94	0.264171	0.004339	0.185897	0.038637	0.486025	0.020678	0.000000	0.000000	0.000253
95	0.258788	0.004234	0.182663	0.038644	0.494832	0.020598	0.000000	0.000000	0.000241
96	0.253575	0.004134	0.179391	0.038644	0.503443	0.020585	0.000000	0.000000	0.000228
97	0.247859	0.003972	0.176144	0.038647	0.512892	0.020277	0.000000	0.000000	0.000209
98	0.243244	0.003842	0.172592	0.038804	0.521025	0.020267	0.000000	0.000000	0.000226
99	0.238020	0.003684	0.168634	0.038732	0.530406	0.020303	0.000000	0.000000	0.000221
100	0.232725	0.003688	0.165609	0.038992	0.538611	0.020174	0.000000	0.000000	0.000201
101	0.227896	0.003526	0.161774	0.038764	0.547543	0.020310	0.000000	0.000000	0.000187
102	0.222455	0.003405	0.158569	0.038505	0.556686	0.020207	0.000000	0.000000	0.000173
103	0.217086	0.003314	0.155411	0.038488	0.565052	0.020486	0.000000	0.000000	0.000163
104	0.212112	0.003209	0.152538	0.038442	0.573256	0.020299	0.000000	0.000000	0.000144
105	0.207229	0.002999	0.148893	0.038732	0.581710	0.020311	0.000000	0.000000	0.000126
106	0.202829	0.002972	0.145174	0.038638	0.589828	0.020439	0.000000	0.000000	0.000120
107	0.197778	0.002831	0.142192	0.038794	0.597868	0.020422	0.000000	0.000000	0.000115
108	0.193076	0.002699	0.138892	0.038684	0.606104	0.020445	0.000000	0.000000	0.000100
109	0.188231	0.002696	0.135800	0.038674	0.614312	0.020198	0.000000	0.000000	0.000089
110	0.182853	0.002670	0.132674	0.038461	0.623011	0.020245	0.000000	0.000000	0.000086
111	0.177936	0.002574	0.129450	0.038246	0.631555	0.020165	0.000000	0.000000	0.000074
112	0.173501	0.002482	0.125998	0.038608	0.639076	0.020257	0.000000	0.000000	0.000078
113	0.168515	0.002493	0.123482	0.038656	0.646550	0.020230	0.000000	0.000000	0.000074
114	0.163809	0.002324	0.120302	0.038589	0.654673	0.020225	0.000000	0.000000	0.000078
115	0.159437	0.002189	0.116626	0.038525	0.662965	0.020189	0.000000	0.000000	0.000069
116	0.154622	0.002111	0.114097	0.038537	0.670240	0.020337	0.000000	0.000000	0.000056
117	0.150376	0.002037	0.110633	0.038787	0.677900	0.020217	0.000000	0.000000	0.000050
118	0.146374	0.001961	0.107725	0.038906	0.684681	0.020304	0.000000	0.000000	0.000049
119	0.141871	0.001890	0.105037	0.039405	0.691569	0.020176	0.000000	0.000000	0.000052
120	0.137697	0.001763	0.102122	0.039105	0.698970	0.020285	0.000000	0.000000	0.000058
121	0.133534	0.001716	0.098688	0.039039	0.706616	0.020361	0.000000	0.000000	0.000046
122	0.129820	0.001658	0.095792	0.038881	0.713638	0.020168	0.000000	0.000000	0.000043
123	0.125843	0.001548	0.092837	0.038990	0.720479	0.020268	0.000000	0.000000	0.000035
124	0.121942	0.001498	0.089822	0.039044	0.727468	0.020198	0.000000	0.000000	0.000028
125	0.117970	0.001471	0.086862	0.039182	0.734264	0.020226	0.000000	0.000000	0.000025
126	0.114459	0.001367	0.084226	0.039210	0.740606	0.020107	0.000000	0.000000	0.000025
127	0.110811	0.001351	0.081460	0.039473	0.746963	0.019919	0.000000	0.000000	0.000023
128	0.107031	0.001301	0.079052	0.039338	0.753291	0.019971	0.000000	0.000000	0.000016
129	0.103436	0.001294	0.076378	0.039380	0.759632	0.019862	0.000000	0.000000	0.000018
130	0.099796	0.001210	0.074040	0.039196	0.765753	0.019990	0.000000	0.000000	0.000015
131	0.096495	0.001171	0.071754	0.039174	0.771734	0.019662	0.000000	0.000000	0.000010
132	0.093333	0.001171	0.069356	0.039005	0.777363	0.019754	0.000000	0.000000	0.000018
133	0.089624	0.001053	0.067100	0.039093	0.783369	0.019739	0.000000	0.000000	0.000022
134	0.086299	0.000990	0.065149	0.038918	0.788828	0.019800	0.000000	0.000000	0.000016
135	0.083219	0.000960	0.062707	0.038986	0.794179	0.019931	0.000000	0.000000	0.000018
136	0.080045	0.000897	0.060708	0.038732	0.799713	0.019892	0.000000	0.000000	0.000013
137	0.076762	0.000860	0.058559	0.038842	0.804977	0.019990	0.000000	0.000000	0.000010
138	0.073700	0.000820	0.056625	0.038572	0.810242	0.020034	0.000000	0.000000	0.000007
139	0.070637	0.000805	0.054661	0.038692	0.815347	0.019854	0.000000	0.000000	0.000004
140	0.067678	0.000776	0.052494	0.038588	0.820352	0.020105	0.000000	0.000000	0.000007
141	0.065072	0.000711	0.050358	0.038711	0.825190	0.019951	0.000000	0.000000	0.000007
142	0.062540	0.000700	0.048413	0.038720	0.829638	0.019984	0.000000	0.000000	0.000005
143	0.060024	0.000662	0.046281	0.038965	0.834114	0.019949	0.000000	0.000000	0.000005
144	0.057045	0.000664	0.044594	0.038958	0.838421	0.020310	0.000000	0.000000	0.000008
145	0.054646	0.000617	0.042869	0.039148	0.842413	0.020302	0.000000	0.000000	0.000005
146	0.051989	0.000590	0.041194	0.039257	0.846755	0.020208	0.000000	0.000000	0.000007
147	0.049847	0.000584	0.039596	0.039276	0.850588	0.020105	0.000000	0.000000	0.000004
148	0.047737	0.000537	0.037817	0.039290	0.854281	0.020335	0.000000	0.000000	0.000003
149	0.045804	0.000443	0.036209	0.039475	0.857817	0.020250	0.000000	0.000000	0.000002
150	0.043861	0.000394	0.034855	0.039655	0.861005	0.020229	0.000000	0.000000	0.000001
151	0.041760	0.000410	0.033409	0.039638	0.864522	0.020261	0.000000	0.000000	0.000000
152	0.040002	0.000396	0.031925	0.039548	0.867661	0.020468	0.000000	0.000000	0.000000
153	0.037986	0.000355	0.030756	0.039931	0.870272	0.020700	0.000000	0.000000	0.000000
154	0.036413	0.000350	0.029307	0.039873	0.873572	0.020485	0.000000	0.000000	0.000000
155	0.034950	0.000323	0.027951	0.039868	0.876328	0.020580	0.000000	0.000000	0.000000
156	0.033398	0.000303	0.026670	0.039908	0.879220	0.020501	0.000000	0.000000	0.000000
157	0.031816	0.000301	0.025355	0.040090	0.881920	0.020518	0.000000	0.000000	0.000000
158	0.030356	0.000279	0.024298	0.040180	0.884054	0.020833	0.000000	0.000000	0.000000
159	0.028984	0.000270	0.023592	0.040207	0.886154	0.020793	0.000000	0.000000	0.000000
160	0.027677	0.000266	0.022574	0.040316	0.888489	0.020678	0.000000	0.000000	0.000000
161	0.026470	0.000256	0.021475	0.040388	0.890712	0.020699	0.000000	0.000000	0.000000
162	0.025160	0.000239	0.020463	0.040284	0.893216	0.020638	0.000000	0.000000	0.000000
163	0.023971	0.000244	0.019483	0.040336	0.895430	0.020536	0.000000	0.000000	0.000000
164	0.022570	0.000215	0.018613	0.040074	0.897944	0.020584	0.000000	0.000000	0.000000
165	0.021377	0.000194	0.017751	0.040054	0.900120	0.020504	0.000000	0.000000	0.000000
166	0.020261	0.000182	0.016982	0.040163	0.901828	0.020584	0.000000	0.000000	0.000000
167	0.019093	0.000178	0.016162	0.040047	0.903829	0.020691	0.000000	0.000000	0.000000
168	0.018283	0.000164	0.015297	0.040068	0.905635	0.020553	0.000000	0.000000	0.000000
169	0.017314	0.000160	0.014625	0.039773	0.907614	0.020514	0.000000	0.000000	0.000000
170	0.016351	0.000144	0.013927	0.039974	0.909044	0.020560	0.000000	0.000000	0.000000
171	0.015628	0.000133	0.013173	0.040262	0.910246	0.020558	0.000000	0.000000	0.000000
172	0.014811	0.000128	0.012507	0.040252	0.911701	0.020601	0.000000	0.000000	0.000000
173	0.014049	0.000115	0.011934	0.040431	0.913093	0.020378	0.000000	0.000000	0.000000
174	0.013352	0.000108	0.011265	0.040380	0.914566	0.020329	0.000000	0.000000	0.000000
175	0.012671	0.000091	0.010642	0.040560	0.915891	0.020145	0.000000	0.000000	0.000000
176	0.011935	0.000096	0.010041	0.040255	0.917455	0.020218	0.000000	0.000000	0.000000
177	0.011335	0.000091	0.009555	0.040415	0.918522	0.020082	0.000000	0.000000	0.000000
178	0.010734	0.000099	0.008914	0.040441	0.919799	0.020013	0.000000	0.000000	0.000000
179	0.010304	0.000086	0.008406	0.040442	0.920682	0.020080	0.000000	0.000000	0.000000
180	0.009782	0.000072	0.007874	0.040134	0.922015	0.020123	0.000000	0.000000	0.000000
181	0.009090	0.000073	0.007558	0.040179	0.923027	0.020073	0.000000	0.000000	0.000000
182	0.008625	0.000072	0.007111	0.040366	0.923954	0.019872	0.000000	0.000000	0.000000
183	0.008160	0.000061	0.006642	0.040218	0.925117	0.019802	0.000000	0.000000	0.000000
184	0.007798	0.000051	0.006137	0.040320	0.925899	0.019795	0.000000	0.000000	0.000000
185	0.007381	0.000048	0.005713	0.040221	0.926855	0.019782	0.000000	0.000000	0.000000
186	0.006895	0.000037	0.005293	0.040318	0.927457	0.020000	0.000000	0.000000	0.000000
187	0.006533	0.000029	0.004920	0.040313	0.927963	0.020242	0.000000	0.000000	0.000000
188	0.006072	0.000024	0.004722	0.040352	0.928657	0.020173	0.000000	0.000000	0.000000
189	0.005714	0.000022	0.004462	0.040387	0.929266	0.020149	0.000000	0.000000	0.000000
190	0.005390	0.000017	0.004202	0.040422	0.929955	0.020014	0.000000	0.000000	0.000000
191	0.004957	0.000014	0.003982	0.040296	0.930671	0.020080	0.000000	0.000000	0.000000
192	0.004671	0.000010	0.003687	0.040229	0.931224	0.020179	0.000000	0.000000	0.000000
193	0.004386	0.000010	0.003401	0.040419	0.931468	0.020316	0.000000	0.000000	0.000000
194	0.004059	0.000012	0.003193	0.040515	0.931910	0.020311	0.000000	0.000000	0.000000
195	0.003770	0.000011	0.003020	0.040716	0.932171	0.020312	0.000000	0.000000	0.000000
196	0.003424	0.000013	0.002806	0.040656	0.932535	0.020566	0.000000	0.000000	0.000000
197	0.003238	0.000008	0.002587	0.040949	0.932638	0.020580	0.000000	0.000000	0.000000
198	0.002967	0.000009	0.002427	0.041046	0.933073	0.020478	0.000000	0.000000	0.000000
199	0.002755	0.000012	0.002299	0.040908	0.933563	0.020463	0.000000	0.000000	0.000000
200	0.002550	0.000014	0.002139	0.041045	0.933787	0.020465	0.000000	0.000000	0.000000
201	0.002385	0.000013	0.001967	0.041083	0.934115	0.020437	0.000000	0.000000	0.000000
202	0.002246	0.000011	0.001816	0.041065	0.934416	0.020446	0.000000	0.000000	0.000000
203	0.002074	0.000014	0.001678	0.041030	0.934520	0.020684	0.000000	0.000000	0.000000
204	0.001892	0.000012	0.001516	0.040973	0.935007	0.020600	0.000000	0.000000	0.000000
205	0.001781	0.000005	0.001393	0.041003	0.935496	0.020322	0.000000	0.000000	0.000000
206	0.001648	0.000004	0.001310	0.040789	0.935860	0.020389	0.000000	0.000000	0.000000
207	0.001518	0.000001	0.001165	0.040650	0.936287	0.020379	0.000000	0.000000	0.000000
208	0.001404	0.000000	0.001077	0.040680	0.936594	0.020245	0.000000	0.000000	0.000000
209	0.001302	0.000000	0.000971	0.040734	0.936776	0.020217	0.000000	0.000000	0.000000
210	0.001211	0.000000	0.000905	0.040810	0.936942	0.020132	0.000000	0.000000	0.000000
211	0.001161	0.000000	0.000805	0.040791	0.937095	0.020148	0.000000	0.000000	0.000000
212	0.001082	0.000000	0.000724	0.040695	0.937308	0.020191	0.000000	0.000000	0.000000
213	0.001000	0.000000	0.000663	0.040930	0.937340	0.020067	0.000000	0.000000	0.000000
214	0.000934	0.000000	0.000619	0.040916	0.937429	0.020102	0.000000	0.000000	0.000000
215	0.000887	0.000000	0.000567	0.040884	0.937510	0.020152	0.000000	0.000000	0.000000
216	0.000844	0.000000	0.000534	0.040670	0.937833	0.020119	0.000000	0.000000	0.000000
217	0.000773	0.000000	0.000492	0.040614	0.937758	0.020363	0.000000	0.000000	0.000000
218	0.000723	0.000000	0.000466	0.040920	0.937647	0.020244	0.000000	0.000000	0.000000
219	0.000679	0.000000	0.000410	0.041090	0.937876	0.019945	0.000000	0.000000	0.000000
220	0.000608	0.000000	0.000400	0.041122	0.937920	0.019950	0.000000	0.000000	0.000000
221	0.000568	0.000000	0.000373	0.041082	0.938048	0.019929	0.000000	0.000000	0.000000
222	0.000547	0.000000	0.000332	0.041249	0.937769	0.020103	0.000000	0.000000	0.000000
223	0.000541	0.000000	0.000315	0.041241	0.937827	0.020076	0.000000	0.000000	0.000000
224	0.000487	0.000000	0.000292	0.041132	0.937882	0.020207	0.000000	0.000000	0.000000
225	0.000463	0.000000	0.000280	0.041331	0.937862	0.020064	0.000000	0.000000	0.000000
226	0.000436	0.000000	0.000261	0.041217	0.938053	0.020033	0.000000	0.000000	0.000000
227	0.000427	0.000000	0.000241	0.041481	0.937872	0.019979	0.000000	0.000000	0.000000
228	0.000413	0.000000	0.000211	0.041467	0.938092	0.019817	0.000000	0.000000	0.000000
229	0.000383	0.000000	0.000192	0.041580	0.937954	0.019891	0.000000	0.000000	0.000000
230	0.000363	0.000000	0.000178	0.041590	0.937853	0.020016	0.000000	0.000000	0.000000
231	0.000348	0.000000	0.000159	0.041687	0.937811	0.019995	0.000000	0.000000	0.000000
232	0.000336	0.000000	0.000139	0.041604	0.937821	0.020100	0.000000	0.000000	0.000000
233	0.000314	0.000000	0.000136	0.041782	0.937789	0.019979	0.000000	0.000000	0.000000
234	0.000291	0.000000	0.000109	0.041826	0.937713	0.020061	0.000000	0.000000	0.000000
235	0.000263	0.000000	0.000102	0.041493	0.938187	0.019955	0.000000	0.000000	0.000000
236	0.000263	0.000000	0.000088	0.041592	0.938064	0.019993	0.000000	0.000000	0.000000
237	0.000256	0.000000	0.000086	0.041594	0.938184	0.019880	0.000000	0.000000	0.000000
238	0.000251	0.000000	0.000083	0.041712	0.937902	0.020052	0.000000	0.000000	0.000000
239	0.000247	0.000000	0.000082	0.041864	0.937691	0.020116	0.000000	0.000000	0.000000
240	0.000260	0.000000	0.000072	0.041917	0.937713	0.020038	0.000000	0.000000	0.000000
241	0.000249	0.000000	0.000054	0.041886	0.937931	0.019880	0.000000	0.000000	0.000000
242	0.000235	0.000000	0.000042	0.041864	0.938126	0.019733	0.000000	0.000000	0.000000
243	0.000216	0.000000	0.000033	0.041750	0.938104	0.019897	0.000000	0.000000	0.000000
244	0.000193	0.000000	0.000035	0.041843	0.937915	0.020014	0.000000	0.000000	0.000000
245	0.000183	0.000000	0.000029	0.041803	0.937960	0.020025	0.000000	0.000000	0.000000
246	0.000176	0.000000	0.000032	0.041834	0.937876	0.020082	0.000000	0.000000	0.000000
247	0.000186	0.000000	0.000028	0.041915	0.937834	0.020037	0.000000	0.000000	0.000000
248	0.000175	0.000000	0.000022	0.042157	0.937481	0.020165	0.000000	0.000000	0.000000
249	0.000176	0.000000	0.000020	0.041885	0.937530	0.020389	0.000000	0.000000	0.000000
250	0.000179	0.000000	0.000018	0.041715	0.937547	0.020541	0.000000	0.000000	0.000000
251	0.000175	0.000000	0.000012	0.041643	0.937522	0.020648	0.000000	0.000000	0.000000
252	0.000184	0.000000	0.000010	0.041606	0.937634	0.020566	0.000000	0.000000	0.000000
253	0.000194	0.000000	0.000011	0.041651	0.937646	0.020498	0.000000	0.000000	0.000000
254	0.000187	0.000000	0.000001	0.041744	0.937497	0.020571	0.000000	0.000000	0.000000
255	0.000212	0.000000	0.000000	0.041743	0.937483	0.020562	0.000000	0.000000	0.000000
256	0.000211	0.000000	0.000000	0.041974	0.937304	0.020511	0.000000	0.000000	0.000000
257	0.000205	0.000000	0.000000	0.041985	0.937252	0.020558	0.000000	0.000000	0.000000
258	0.000201	0.000000	0.000000	0.042044	0.937119	0.020636	0.000000	0.000000	0.000000
259	0.000189	0.000000	0.000000	0.042103	0.937193	0.020515	0.000000	0.000000	0.000000
260	0.000178	0.000000	0.000000	0.042143	0.936976	0.020703	0.000000	0.000000	0.000000
261	0.000184	0.000000	0.000000	0.042424	0.936711	0.020681	0.000000	0.000000	0.000000
262	0.000174	0.000000	0.000000	0.042358	0.936772	0.020696	0.000000	0.000000	0.000000
263	0.000174	0.000000	0.000000	0.042378	0.937001	0.020447	0.000000	0.000000	0.000000
264	0.000171	0.000000	0.000000	0.042513	0.936915	0.020401	0.000000	0.000000	0.000000
265	0.000164	0.000000	0.000000	0.042473	0.936942	0.020421	0.000000	0.000000	0.000000
266	0.000158	0.000000	0.000000	0.042524	0.936827	0.020491	0.000000	0.000000	0.000000
267	0.000160	0.000000	0.000000	0.042404	0.936914	0.020522	0.000000	0.000000	0.000000
268	0.000158	0.000000	0.000000	0.042463	0.936812	0.020567	0.000000	0.000000	0.000000
269	0.000144	0.000000	0.000000	0.042593	0.936658	0.020605	0.000000	0.000000	0.000000
270	0.000146	0.000000	0.000000	0.042525	0.936714	0.020615	0.000000	0.000000	0.000000
271	0.000134	0.000000	0.000000	0.042462	0.936909	0.020495	0.000000	0.000000	0.000000
272	0.000129	0.000000	0.000000	0.042625	0.936673	0.020573	0.000000	0.000000	0.000000
273	0.000126	0.000000	0.000000	0.042743	0.936852	0.020279	0.000000	0.000000	0.000000
274	0.000132	0.000000	0.000000	0.042835	0.936636	0.020397	0.000000	0.000000	0.000000
275	0.000127	0.000000	0.000000	0.042785	0.936842	0.020246	0.000000	0.000000	0.000000
276	0.000125	0.000000	0.000000	0.042647	0.937027	0.020201	0.000000	0.000000	0.000000
277	0.000108	0.000000	0.000000	0.042660	0.936886	0.020346	0.000000	0.000000	0.000000
278	0.000095	0.000000	0.000000	0.042520	0.936896	0.020489	0.000000	0.000000	0.000000
279	0.000104	0.000000	0.000000	0.042633	0.936891	0.020372	0.000000	0.000000	0.000000
280	0.000104	0.000000	0.000000	0.042617	0.936926	0.020353	0.000000	0.000000	0.000000
281	0.000095	0.000000	0.000000	0.042563	0.936957	0.020385	0.000000	0.000000	0.000000
282	0.000082	0.000000	0.000000	0.042665	0.936767	0.020486	0.000000	0.000000	0.000000
283	0.000081	0.000000	0.000000	0.042622	0.936627	0.020670	0.000000	0.000000	0.000000
284	0.000091	0.000000	0.000000	0.042623	0.936747	0.020539	0.000000	0.000000	0.000000
285	0.000081	0.000000	0.000000	0.042831	0.936491	0.020597	0.000000	0.000000	0.000000
286	0.000069	0.000000	0.000000	0.042730	0.936566	0.020635	0.000000	0.000000	0.000000
287	0.000067	0.000000	0.000000	0.042813	0.936400	0.020720	0.000000	0.000000	0.000000
288	0.000062	0.000000	0.000000	0.043106	0.936236	0.020596	0.000000	0.000000	0.000000
289	0.000073	0.000000	0.000000	0.042921	0.936419	0.020587	0.000000	0.000000	0.000000
290	0.000059	0.000000	0.000000	0.042989	0.936178	0.020774	0.000000	0.000000	0.000000
291	0.000067	0.000000	0.000000	0.042942	0.936252	0.020739	0.000000	0.000000	0.000000
292	0.000057	0.000000	0.000000	0.043056	0.936262	0.020625	0.000000	0.000000	0.000000
293	0.000043	0.000000	0.000000	0.042856	0.936455	0.020646	0.000000	0.000000	0.000000
294	0.000038	0.000000	0.000000	0.042909	0.936308	0.020745	0.000000	0.000000	0.000000
295	0.000030	0.000000	0.000000	0.042731	0.936612	0.020627	0.000000	0.000000	0.000000
296	0.000034	0.000000	0.000000	0.042584	0.936973	0.020409	0.000000	0.000000	0.000000
297	0.000034	0.000000	0.000000	0.042634	0.936857	0.020475	0.000000	0.000000	0.000000
298	0.000028	0.000000	0.000000	0.042781	0.936890	0.020301	0.000000	0.000000	0.000000
299	0.000024	0.000000	0.000000	0.042686	0.936841	0.020449	0.000000	0.000000	0.000000
300	0.000022	0.000000	0.000000	0.042905	0.936665	0.020408	0.000000	0.000000	0.000000
301	0.000016	0.000000	0.000000	0.042852	0.936940	0.020192	0.000000	0.000000	0.000000
302	0.000013	0.000000	0.000000	0.042927	0.936716	0.020344	0.000000	0.000000	0.000000
303	0.000017	0.000000	0.000000	0.042963	0.936473	0.020547	0.000000	0.000000	0.000000
304	0.000019	0.000000	0.000000	0.042778	0.936521	0.020682	0.000000	0.000000	0.000000
305	0.000021	0.000000	0.000000	0.043083	0.936203	0.020693	0.000000	0.000000	0.000000
306	0.000019	0.000000	0.000000	0.043169	0.936143	0.020669	0.000000	0.000000	0.000000
307	0.000021	0.000000	0.000000	0.043265	0.935920	0.020794	0.000000	0.000000	0.000000
308	0.000018	0.000000	0.000000	0.043517	0.935772	0.020693	0.000000	0.000000	0.000000
309	0.000023	0.000000	0.000000	0.043357	0.935894	0.020726	0.000000	0.000000	0.000000
310	0.000030	0.000000	0.000000	0.043346	0.935773	0.020851	0.000000	0.000000	0.000000
311	0.000023	0.000000	0.000000	0.043359	0.935897	0.020721	0.000000	0.000000	0.000000
312	0.000025	0.000000	0.000000	0.043534	0.935780	0.020661	0.000000	0.000000	0.000000
313	0.000027	0.000000	0.000000	0.043350	0.936052	0.020571	0.000000	0.000000	0.000000
314	0.000033	0.000000	0.000000	0.043396	0.935853	0.020718	0.000000	0.000000	0.000000
315	0.000030	0.000000	0.000000	0.043357	0.935995	0.020618	0.000000	0.000000	0.000000
316	0.000029	0.000000	0.000000	0.043273	0.936061	0.020637	0.000000	0.000000	0.000000
317	0.000032	0.000000	0.000000	0.043322	0.936010	0.020636	0.000000	0.000000	0.000000
318	0.000027	0.000000	0.000000	0.043521	0.935443	0.021009	0.000000	0.000000	0.000000
319	0.000024	0.000000	0.000000	0.043665	0.935469	0.020842	0.000000	0.000000	0.000000
320	0.000021	0.000000	0.000000	0.043386	0.935705	0.020888	0.000000	0.000000	0.000000
321	0.000029	0.000000	0.000000	0.043239	0.935879	0.020853	0.000000	0.000000	0.000000
322	0.000027	0.000000	0.000000	0.043672	0.935692	0.020609	0.000000	0.000000	0.000000
323	0.000026	0.000000	0.000000	0.043745	0.935657	0.020572	0.000000	0.000000	0.000000
324	0.000022	0.000000	0.000000	0.043833	0.935442	0.020703	0.000000	0.000000	0.000000
325	0.000025	0.000000	0.000000	0.043934	0.935509	0.020532	0.000000	0.000000	0.000000
326	0.000019	0.000000	0.000000	0.043906	0.935463	0.020612	0.000000	0.000000	0.000000
327	0.000019	0.000000	0.000000	0.043845	0.935267	0.020869	0.000000	0.000000	0.000000
328	0.000016	0.000000	0.000000	0.043909	0.935341	0.020734	0.000000	0.000000	0.000000
329	0.000018	0.000000	0.000000	0.043744	0.935432	0.020806	0.000000	0.000000	0.000000
330	0.000023	0.000000	0.000000	0.043852	0.935506	0.020619	0.000000	0.000000	0.000000
331	0.000025	0.000000	0.000000	0.044274	0.935110	0.020591	0.000000	0.000000	0.000000
332	0.000028	0.000000	0.000000	0.044515	0.934863	0.020594	0.000000	0.000000	0.000000
333	0.000032	0.000000	0.000000	0.043995	0.935457	0.020516	0.000000	0.000000	0.000000
334	0.000032	0.000000	0.000000	0.044247	0.935078	0.020643	0.000000	0.000000	0.000000
335	0.000030	0.000000	0.000000	0.044383	0.934877	0.020710	0.000000	0.000000	0.000000
336	0.000036	0.000000	0.000000	0.044321	0.934822	0.020821	0.000000	0.000000	0.000000
337	0.000027	0.000000	0.000000	0.044163	0.935122	0.020688	0.000000	0.000000	0.000000
338	0.000032	0.000000	0.000000	0.044278	0.934916	0.020774	0.000000	0.000000	0.000000
339	0.000027	0.000000	0.000000	0.043904	0.935211	0.020858	0.000000	0.000000	0.000000
340	0.000026	0.000000	0.000000	0.043740	0.935409	0.020825	0.000000	0.000000	0.000000
341	0.000023	0.000000	0.000000	0.043945	0.935192	0.020840	0.000000	0.000000	0.000000
342	0.000028	0.000000	0.000000	0.044028	0.934978	0.020966	0.000000	0.000000	0.000000
343	0.000027	0.000000	0.000000	0.044053	0.935052	0.020868	0.000000	0.000000	0.000000
344	0.000025	0.000000	0.000000	0.043963	0.935149	0.020863	0.000000	0.000000	0.000000
345	0.000022	0.000000	0.000000	0.043748	0.935327	0.020903	0.000000	0.000000	0.000000
346	0.000015	0.000000	0.000000	0.043726	0.935343	0.020916	0.000000	0.000000	0.000000
347	0.000016	0.000000	0.000000	0.043925	0.935139	0.020920	0.000000	0.000000	0.000000
348	0.000017	0.000000	0.000000	0.043716	0.935376	0.020891	0.000000	0.000000	0.000000
349	0.000012	0.000000	0.000000	0.043594	0.935407	0.020987	0.000000	0.000000	0.000000
350	0.000008	0.000000	0.000000	0.043673	0.935441	0.020878	0.000000	0.000000	0.000000
351	0.000006	0.000000	0.000000	0.043760	0.935141	0.021093	0.000000	0.000000	0.000000
352	0.000006	0.000000	0.000000	0.043699	0.935130	0.021165	0.000000	0.000000	0.000000
353	0.000002	0.000000	0.000000	0.043666	0.935324	0.021008	0.000000	0.000000	0.000000
354	0.000001	0.000000	0.000000	0.043767	0.935221	0.021011	0.000000	0.000000	0.000000
355	0.000002	0.000000	0.000000	0.043596	0.935349	0.021053	0.000000	0.000000	0.000000
356	0.000002	0.000000	0.000000	0.043711	0.935513	0.020774	0.000000	0.000000	0.000000
357	0.000002	0.000000	0.000000	0.043568	0.935709	0.020721	0.000000	0.000000	0.000000
358	0.000000	0.000000	0.000000	0.043798	0.935376	0.020826	0.000000	0.000000	0.000000
359	0.000000	0.000000	0.000000	0.043525	0.935789	0.020686	0.000000	0.000000	0.000000
360	0.000000	0.000000	0.000000	0.043655	0.935570	0.020775	0.000000	0.000000	0.000000
361	0.000000	0.000000	0.000000	0.043673	0.935574	0.020753	0.000000	0.000000	0.000000
362	0.000000	0.000000	0.000000	0.043619	0.935347	0.021034	0.000000	0.000000	0.000000
363	0.000000	0.000000	0.000000	0.043496	0.935404	0.021100	0.000000	0.000000	0.000000
364	0.000000	0.000000	0.000000	0.043543	0.935358	0.021099	0.000000	0.000000	0.000000
365	0.000000	0.000000	0.000000	0.043687	0.935357	0.020956	0.000000	0.000000	0.000000
366	0.000000	0.000000	0.000000	0.043546	0.935540	0.020914	0.000000	0.000000	0.000000
367	0.000000	0.000000	0.000000	0.043395	0.935641	0.020964	0.000000	0.000000	0.000000
368	0.000000	0.000000	0.000000	0.043280	0.935691	0.021029	0.000000	0.000000	0.000000
369	0.000000	0.000000	0.000000	0.043534	0.935435	0.021031	0.000000	0.000000	0.000000
370	0.000000	0.000000	0.000000	0.043378	0.935684	0.020938	0.000000	0.000000	0.000000
371	0.000000	0.000000	0.000000	0.043459	0.935790	0.020751	0.000000	0.000000	0.000000
372	0.000000	0.000000	0.000000	0.043481	0.935639	0.020880	0.000000	0.000000	0.000000
373	0.000000	0.000000	0.000000	0.043377	0.935674	0.020949	0.000000	0.000000	0.000000
374	0.000000	0.000000	0.000000	0.043324	0.935869	0.020807	0.000000	0.000000	0.000000
375	0.000000	0.000000	0.000000	0.043317	0.935823	0.020860	0.000000	0.000000	0.000000
376	0.000000	0.000000	0.000000	0.043458	0.935475	0.021067	0.000000	0.000000	0.000000
377	0.000000	0.000000	0.000000	0.043525	0.935693	0.020782	0.000000	0.000000	0.000000
378	0.000000	0.000000	0.000000	0.043472	0.935721	0.020807	0.000000	0.000000	0.000000
379	0.000000	0.000000	0.000000	0.043633	0.935661	0.020706	0.000000	0.000000	0.000000
380	0.000000	0.000000	0.000000	0.043838	0.935388	0.020774	0.000000	0.000000	0.000000
381	0.000000	0.000000	0.000000	0.043840	0.935398	0.020762	0.000000	0.000000	0.000000
382	0.000000	0.000000	0.000000	0.043793	0.935483	0.020724	0.000000	0.000000	0.000000
383	0.000000	0.000000	0.000000	0.044003	0.935209	0.020788	0.000000	0.000000	0.000000
384	0.000000	0.000000	0.000000	0.043975	0.935233	0.020792	0.000000	0.000000	0.000000
385	0.000000	0.000000	0.000000	0.044019	0.935304	0.020677	0.000000	0.000000	0.000000
386	0.000000	0.000000	0.000000	0.043902	0.935327	0.020771	0.000000	0.000000	0.000000
387	0.000000	0.000000	0.000000	0.043828	0.935552	0.020620	0.000000	0.000000	0.000000
388	0.000000	0.000000	0.000000	0.043798	0.935586	0.020616	0.000000	0.000000	0.000000
389	0.000000	0.000000	0.000000	0.043817	0.935595	0.020588	0.000000	0.000000	0.000000
390	0.000000	0.000000	0.000000	0.043702	0.935523	0.020775	0.000000	0.000000	0.000000
391	0.000000	0.000000	0.000000	0.043920	0.935256	0.020824	0.000000	0.000000	0.000000
392	0.000000	0.000000	0.000000	0.044109	0.934942	0.020949	0.000000	0.000000	0.000000
393	0.000000	0.000000	0.000000	0.044254	0.935008	0.020738	0.000000	0.000000	0.000000
394	0.000000	0.000000	0.000000	0.044294	0.934824	0.020882	0.000000	0.000000	0.000000
395	0.000000	0.000000	0.000000	0.044635	0.934247	0.021118	0.000000	0.000000	0.000000
396	0.000000	0.000000	0.000000	0.044622	0.934425	0.020953	0.000000	0.000000	0.000000
397	0.000000	0.000000	0.000000	0.044756	0.934280	0.020964	0.000000	0.000000	0.000000
398	0.000000	0.000000	0.000000	0.044785	0.934247	0.020968	0.000000	0.000000	0.000000
399	0.000000	0.000000	0.000000	0.044795	0.934416	0.020789	0.000000	0.000000	0.000000
400	0.000000	0.000000	0.000000	0.044785	0.934398	0.020817	0.000000	0.000000	0.000000
401	0.000000	0.000000	0.000000	0.044713	0.934555	0.020732	0.000000	0.000000	0.000000
402	0.000000	0.000000	0.000000	0.044584	0.934610	0.020806	0.000000	0.000000	0.000000
403	0.000000	0.000000	0.000000	0.044630	0.934540	0.020830	0.000000	0.000000	0.000000
404	0.000000	0.000000	0.000000	0.044868	0.934304	0.020828	0.000000	0.000000	0.000000
405	0.000000	0.000000	0.000000	0.044879	0.934078	0.021043	0.000000	0.000000	0.000000
406	0.000000	0.000000	0.000000	0.044947	0.934097	0.020956	0.000000	0.000000	0.000000
407	0.000000	0.000000	0.000000	0.044832	0.934120	0.021048	0.000000	0.000000	0.000000
408	0.000000	0.000000	0.000000	0.044988	0.933835	0.021177	0.000000	0.000000	0.000000
409	0.000000	0.000000	0.000000	0.044938	0.934120	0.020942	0.000000	0.000000	0.000000
410	0.000000	0.000000	0.000000	0.044990	0.934342	0.020668	0.000000	0.000000	0.000000
411	0.000000	0.000000	0.000000	0.044824	0.934212	0.020964	0.000000	0.000000	0.000000
412	0.000000	0.000000	0.000000	0.044712	0.934362	0.020926	0.000000	0.000000	0.000000
413	0.000000	0.000000	0.000000	0.044431	0.934711	0.020858	0.000000	0.000000	0.000000
414	0.000000	0.000000	0.000000	0.044248	0.935061	0.020691	0.000000	0.000000	0.000000
415	0.000000	0.000000	0.000000	0.044214	0.934967	0.020819	0.000000	0.000000	0.000000
416	0.000000	0.000000	0.000000	0.044471	0.934653	0.020876	0.000000	0.000000	0.000000
417	0.000000	0.000000	0.000000	0.044062	0.935137	0.020801	0.000000	0.000000	0.000000
418	0.000000	0.000000	0.000000	0.044357	0.934904	0.020739	0.000000	0.000000	0.000000
419	0.000000	0.000000	0.000000	0.044223	0.934950	0.020827	0.000000	0.000000	0.000000
420	0.000000	0.000000	0.000000	0.044225	0.934965	0.020810	0.000000	0.000000	0.000000
421	0.000000	0.000000	0.000000	0.044334	0.934895	0.020771	0.000000	0.000000	0.000000
422	0.000000	0.000000	0.000000	0.044327	0.934905	0.020768	0.000000	0.000000	0.000000
423	0.000000	0.000000	0.000000	0.044323	0.934865	0.020812	0.000000	0.000000	0.000000
424	0.000000	0.000000	0.000000	0.044150	0.934890	0.020960	0.000000	0.000000	0.000000
425	0.000000	0.000000	0.000000	0.043947	0.935142	0.020911	0.000000	0.000000	0.000000
426	0.000000	0.000000	0.000000	0.044143	0.934947	0.020910	0.000000	0.000000	0.000000
427	0.000000	0.000000	0.000000	0.044217	0.934837	0.020946	0.000000	0.000000	0.000000
428	0.000000	0.000000	0.000000	0.044218	0.934753	0.021029	0.000000	0.000000	0.000000
429	0.000000	0.000000	0.000000	0.044117	0.934845	0.021038	0.000000	0.000000	0.000000
430	0.000000	0.000000	0.000000	0.044213	0.934953	0.020834	0.000000	0.000000	0.000000
431	0.000000	0.000000	0.000000	0.044101	0.935080	0.020819	0.000000	0.000000	0.000000
432	0.000000	0.000000	0.000000	0.043999	0.935156	0.020845	0.000000	0.000000	0.000000
433	0.000000	0.000000	0.000000	0.044121	0.934920	0.020959	0.000000	0.000000	0.000000
434	0.000000	0.000000	0.000000	0.044109	0.934934	0.020957	0.000000	0.000000	0.000000
435	0.000000	0.000000	0.000000	0.043975	0.934939	0.021086	0.000000	0.000000	0.000000
436	0.000000	0.000000	0.000000	0.043972	0.935005	0.021023	0.000000	0.000000	0.000000
437	0.000000	0.000000	0.000000	0.043850	0.935067	0.021083	0.000000	0.000000	0.000000
438	0.000000	0.000000	0.000000	0.043945	0.934971	0.021084	0.000000	0.000000	0.000000
439	0.000000	0.000000	0.000000	0.043785	0.934990	0.021225	0.000000	0.000000	0.000000
440	0.000000	0.000000	0.000000	0.044088	0.934812	0.021100	0.000000	0.000000	0.000000
441	0.000000	0.000000	0.000000	0.043796	0.935013	0.021191	0.000000	0.000000	0.000000
442	0.000000	0.000000	0.000000	0.043708	0.935120	0.021172	0.000000	0.000000	0.000000
443	0.000000	0.000000	0.000000	0.043560	0.935208	0.021232	0.000000	0.000000	0.000000
444	0.000000	0.000000	0.000000	0.043350	0.935530	0.021120	0.000000	0.000000	0.000000
445	0.000000	0.000000	0.000000	0.043379	0.935649	0.020972	0.000000	0.000000	0.000000
446	0.000000	0.000000	0.000000	0.043625	0.935426	0.020949	0.000000	0.000000	0.000000
447	0.000000	0.000000	0.000000	0.043636	0.935416	0.020948	0.000000	0.000000	0.000000
448	0.000000	0.000000	0.000000	0.043865	0.935075	0.021060	0.000000	0.000000	0.000000
449	0.000000	0.000000	0.000000	0.043595	0.935436	0.020969	0.000000	0.000000	0.000000
450	0.000000	0.000000	0.000000	0.043653	0.935151	0.021196	0.000000	0.000000	0.000000
451	0.000000	0.000000	0.000000	0.043348	0.935481	0.021171	0.000000	0.000000	0.000000
452	0.000000	0.000000	0.000000	0.043311	0.935502	0.021187	0.000000	0.000000	0.000000
453	0.000000	0.000000	0.000000	0.043308	0.935533	0.021159	0.000000	0.000000	0.000000
454	0.000000	0.000000	0.000000	0.043353	0.935367	0.021280	0.000000	0.000000	0.000000
455	0.000000	0.000000	0.000000	0.043202	0.935576	0.021222	0.000000	0.000000	0.000000
456	0.000000	0.000000	0.000000	0.043293	0.935494	0.021213	0.000000	0.000000	0.000000
457	0.000000	0.000000	0.000000	0.043300	0.935463	0.021237	0.000000	0.000000	0.000000
458	0.000000	0.000000	0.000000	0.043404	0.935394	0.021202	0.000000	0.000000	0.000000
459	0.000000	0.000000	0.000000	0.043472	0.935296	0.021232	0.000000	0.000000	0.000000
460	0.000000	0.000000	0.000000	0.043767	0.934904	0.021329	0.000000	0.000000	0.000000
461	0.000000	0.000000	0.000000	0.043771	0.934980	0.021249	0.000000	0.000000	0.000000
462	0.000000	0.000000	0.000000	0.043614	0.935176	0.021210	0.000000	0.000000	0.000000
463	0.000000	0.000000	0.000000	0.043472	0.935150	0.021378	0.000000	0.000000	0.000000
464	0.000000	0.000000	0.000000	0.043458	0.935271	0.021271	0.000000	0.000000	0.000000
465	0.000000	0.000000	0.000000	0.043510	0.935461	0.021029	0.000000	0.000000	0.000000
466	0.000000	0.000000	0.000000	0.043635	0.935166	0.021199	0.000000	0.000000	0.000000
467	0.000000	0.000000	0.000000	0.043484	0.935305	0.021211	0.000000	0.000000	0.000000
468	0.000000	0.000000	0.000000	0.043493	0.935364	0.021143	0.000000	0.000000	0.000000
469	0.000000	0.000000	0.000000	0.043526	0.935332	0.021142	0.000000	0.000000	0.000000
470	0.000000	0.000000	0.000000	0.043531	0.935525	0.020944	0.000000	0.000000	0.000000
