0	0.290663	0.057897	0.229473	0.157588	0.029913	0.111872	0.085455	0.012259	0.024880
1	0.232578	0.048061	0.200381	0.142098	0.028825	0.122267	0.115538	0.022220	0.088032
2	0.233586	0.047939	0.200438	0.138614	0.028992	0.120211	0.112829	0.022396	0.094995
3	0.240767	0.048814	0.202043	0.135373	0.029499	0.116996	0.107832	0.021289	0.097387
4	0.248249	0.049973	0.204517	0.132897	0.030070	0.112973	0.102507	0.019997	0.098817
5	0.256777	0.050680	0.206190	0.130387	0.030866	0.108881	0.096895	0.018727	0.100597
6	0.265435	0.051182	0.208195	0.127914	0.031530	0.104856	0.091882	0.017495	0.101511
7	0.274535	0.051927	0.209254	0.125418	0.032323	0.101139	0.086236	0.016171	0.102997
8	0.283178	0.052527	0.210129	0.122567	0.032957	0.097037	0.082001	0.015262	0.104342
9	0.291737	0.053180	0.211585	0.120124	0.033860	0.092645	0.076980	0.014213	0.105676
10	0.300513	0.053766	0.212102	0.117444	0.034819	0.088597	0.072715	0.013224	0.106820
11	0.308578	0.053936	0.213302	0.114722	0.035774	0.084904	0.068406	0.012249	0.108129
12	0.315982	0.054433	0.213327	0.112213	0.036437	0.081562	0.065025	0.011578	0.109443
13	0.324350	0.054689	0.213295	0.109910	0.037247	0.078239	0.061247	0.010695	0.110328
14	0.332441	0.055156	0.213579	0.106951	0.037877	0.075280	0.057891	0.010177	0.110648
15	0.340289	0.055468	0.213396	0.104513	0.038775	0.071995	0.054756	0.009662	0.111146
16	0.348374	0.055830	0.212792	0.101752	0.039377	0.068917	0.051700	0.009097	0.112161
17	0.356007	0.056200	0.212551	0.098756	0.040258	0.065953	0.048768	0.008502	0.113005
18	0.362871	0.056627	0.212234	0.096652	0.040796	0.063087	0.045911	0.007922	0.113900
19	0.370959	0.056490	0.211537	0.093881	0.041750	0.060425	0.043421	0.007250	0.114287
20	0.378279	0.056520	0.210966	0.091181	0.042361	0.057900	0.040742	0.006826	0.115225
21	0.384579	0.056640	0.210325	0.089030	0.043184	0.054999	0.038552	0.006364	0.116327
22	0.391626	0.056669	0.210216	0.086278	0.043855	0.052433	0.036286	0.006004	0.116633
23	0.398028	0.056596	0.209628	0.083741	0.044816	0.050309	0.034003	0.005560	0.117319
24	0.404882	0.056555	0.208022	0.081592	0.046017	0.047985	0.031997	0.005204	0.117746
25	0.411523	0.056539	0.206843	0.079612	0.046808	0.045559	0.030236	0.004853	0.118027
26	0.418124	0.056406	0.205734	0.077071	0.047738	0.043461	0.028473	0.004521	0.118472
27	0.423856	0.056261	0.204737	0.075136	0.048657	0.041619	0.026733	0.004124	0.118877
28	0.429788	0.056201	0.203523	0.073144	0.049637	0.039381	0.025374	0.003928	0.119024
29	0.435512	0.056059	0.202421	0.070910	0.050543	0.037578	0.023893	0.003640	0.119444
30	0.441016	0.055877	0.200567	0.069174	0.051611	0.035885	0.022655	0.003367	0.119848
31	0.446393	0.055809	0.199269	0.066834	0.052446	0.034199	0.021230	0.003144	0.120676
32	0.452063	0.055795	0.197648	0.065074	0.053556	0.032672	0.019772	0.002929	0.120491
33	0.457227	0.055364	0.195983	0.063116	0.054704	0.031276	0.018545	0.002777	0.121008
34	0.462806	0.054863	0.194316	0.061486	0.055809	0.029812	0.017465	0.002596	0.120847
35	0.467463	0.054599	0.192897	0.060045	0.056949	0.028504	0.016588	0.002479	0.120476
36	0.472533	0.054377	0.191023	0.058096	0.057988	0.027279	0.015721	0.002276	0.120707
37	0.478017	0.054362	0.188631	0.056576	0.059145	0.025892	0.014767	0.002094	0.120516
38	0.482745	0.054263	0.187389	0.054590	0.060255	0.024852	0.014042	0.001901	0.119963
39	0.487172	0.053997	0.185839	0.053075	0.061683	0.023571	0.013272	0.001797	0.119594
40	0.491852	0.053594	0.184094	0.051608	0.062886	0.022622	0.012377	0.001670	0.119297
41	0.496041	0.053464	0.182289	0.050032	0.064327	0.021732	0.011617	0.001543	0.118955
42	0.499985	0.053148	0.181117	0.048781	0.065567	0.020518	0.010999	0.001460	0.118425
43	0.504619	0.052736	0.178646	0.047441	0.067071	0.019797	0.010368	0.001394	0.117928
44	0.507965	0.052682	0.177421	0.046054	0.068496	0.018769	0.009745	0.001265	0.117603
45	0.512174	0.052188	0.175386	0.044343	0.070173	0.018082	0.009161	0.001188	0.117305
46	0.516133	0.052045	0.173510	0.043182	0.071499	0.017423	0.008612	0.001171	0.116425
47	0.519199	0.051773	0.172464	0.041861	0.073084	0.016817	0.008083	0.001127	0.115592
48	0.522845	0.051527	0.170972	0.040659	0.074577	0.016089	0.007611	0.001026	0.114694
49	0.526686	0.051688	0.169051	0.039468	0.075828	0.015315	0.007111	0.000926	0.113927
50	0.530296	0.051160	0.167848	0.038570	0.077323	0.014749	0.006711	0.000880	0.112463
51	0.533660	0.051081	0.166063	0.037543	0.078416	0.014149	0.006289	0.000832	0.111967
52	0.536872	0.050844	0.164393	0.036455	0.079748	0.013737	0.005850	0.000800	0.111301
53	0.540897	0.050425	0.163045	0.035524	0.081189	0.013128	0.005361	0.000719	0.109712
54	0.544346	0.049983	0.161215	0.034875	0.082754	0.012699	0.004969	0.000661	0.108498
55	0.547439	0.049718	0.159351	0.033979	0.084648	0.012183	0.004703	0.000630	0.107349
56	0.550201	0.049038	0.158073	0.033194	0.085920	0.011855	0.004531	0.000557	0.106631
57	0.552982	0.048941	0.156144	0.032715	0.087553	0.011443	0.004210	0.000524	0.105488
58	0.555975	0.048704	0.154773	0.031656	0.089350	0.010909	0.003936	0.000501	0.104196
59	0.558567	0.048507	0.153439	0.030846	0.090899	0.010525	0.003724	0.000481	0.103012
60	0.561038	0.048184	0.151847	0.030324	0.092620	0.010145	0.003535	0.000450	0.101857
61	0.563843	0.048364	0.150219	0.029520	0.094342	0.009513	0.003202	0.000443	0.100554
62	0.566541	0.047994	0.148523	0.028905	0.096114	0.009285	0.002985	0.000415	0.099238
63	0.569301	0.047492	0.147337	0.028184	0.097818	0.008928	0.002864	0.000402	0.097674
64	0.571360	0.047162	0.145948	0.027714	0.099802	0.008565	0.002660	0.000378	0.096411
65	0.573720	0.046669	0.144922	0.026885	0.101853	0.008242	0.002499	0.000371	0.094839
66	0.575707	0.046367	0.143445	0.026312	0.104094	0.008028	0.002271	0.000350	0.093426
67	0.577828	0.045783	0.142076	0.025921	0.106213	0.007734	0.002111	0.000332	0.092002
68	0.580150	0.045669	0.140494	0.025207	0.108195	0.007442	0.001939	0.000314	0.090590
69	0.581531	0.045391	0.139643	0.024831	0.110154	0.007184	0.001858	0.000281	0.089127
70	0.583738	0.044913	0.138381	0.024070	0.112066	0.006943	0.001715	0.000277	0.087897
71	0.585290	0.044428	0.137420	0.023515	0.114346	0.006738	0.001598	0.000227	0.086438
72	0.587274	0.044190	0.135617	0.022856	0.116436	0.006623	0.001484	0.000206	0.085314
73	0.588920	0.043577	0.134563	0.022583	0.118913	0.006292	0.001372	0.000185	0.083595
74	0.590330	0.043125	0.133271	0.022029	0.121361	0.006152	0.001273	0.000171	0.082288
75	0.591649	0.042709	0.132362	0.021513	0.123759	0.005974	0.001214	0.000171	0.080649
76	0.592965	0.042258	0.131613	0.020992	0.126132	0.005736	0.001138	0.000147	0.079019
77	0.594259	0.041980	0.130567	0.020576	0.128132	0.005598	0.001032	0.000156	0.077700
78	0.595461	0.041507	0.129220	0.020342	0.130368	0.005486	0.000978	0.000148	0.076490
79	0.597120	0.041039	0.128135	0.019934	0.132243	0.005248	0.000909	0.000142	0.075230
80	0.597667	0.040721	0.126916	0.019424	0.134998	0.005133	0.000875	0.000130	0.074136
81	0.599269	0.040133	0.125998	0.019130	0.137430	0.005020	0.000787	0.000123	0.072110
82	0.600398	0.039814	0.125181	0.018735	0.139620	0.004753	0.000744	0.000110	0.070645
83	0.600962	0.039590	0.124062	0.018482	0.142191	0.004587	0.000664	0.000115	0.069347
84	0.601938	0.039184	0.123277	0.018107	0.144609	0.004462	0.000634	0.000095	0.067694
85	0.602453	0.038827	0.122206	0.017706	0.147686	0.004339	0.000614	0.000091	0.066078
86	0.602770	0.038834	0.121135	0.017609	0.150222	0.004250	0.000581	0.000079	0.064520
87	0.603032	0.038297	0.120119	0.017318	0.153083	0.004186	0.000537	0.000082	0.063346
88	0.604092	0.037736	0.118997	0.016977	0.155819	0.004053	0.000505	0.000080	0.061741
89	0.604445	0.037339	0.118016	0.016776	0.158765	0.003853	0.000457	0.000054	0.060295
90	0.605295	0.037032	0.116243	0.016667	0.161344	0.003766	0.000426	0.000052	0.059175
91	0.605248	0.036903	0.115622	0.016366	0.163966	0.003710	0.000395	0.000047	0.057743
92	0.605835	0.036665	0.114405	0.016132	0.166556	0.003629	0.000385	0.000047	0.056346
93	0.606134	0.036150	0.113553	0.015943	0.169401	0.003522	0.000380	0.000032	0.054885
94	0.605635	0.035857	0.112802	0.015740	0.172512	0.003562	0.000376	0.000021	0.053495
95	0.605816	0.035537	0.111948	0.015503	0.175383	0.003438	0.000338	0.000016	0.052021
96	0.606091	0.035288	0.110765	0.015177	0.178114	0.003436	0.000307	0.000015	0.050807
97	0.605573	0.035048	0.109992	0.015004	0.181113	0.003424	0.000278	0.000008	0.049560
98	0.605676	0.034792	0.108942	0.014781	0.183860	0.003443	0.000260	0.000008	0.048238
99	0.605791	0.034311	0.107875	0.014519	0.186818	0.003438	0.000227	0.000007	0.047014
100	0.605515	0.034085	0.107002	0.014410	0.189866	0.003258	0.000239	0.000004	0.045621
101	0.604657	0.033843	0.106272	0.014290	0.193065	0.003137	0.000241	0.000006	0.044489
102	0.603886	0.033477	0.105602	0.014005	0.196471	0.003050	0.000231	0.000007	0.043271
103	0.603220	0.033191	0.104770	0.013821	0.199774	0.003027	0.000190	0.000002	0.042005
104	0.603044	0.032621	0.103642	0.013623	0.202942	0.002971	0.000174	0.000001	0.040982
105	0.602200	0.032283	0.103038	0.013404	0.206157	0.002911	0.000154	0.000001	0.039852
106	0.601410	0.031867	0.102428	0.013394	0.209186	0.002902	0.000143	0.000001	0.038669
107	0.600092	0.031620	0.101542	0.013203	0.212984	0.002801	0.000127	0.000000	0.037631
108	0.598747	0.031394	0.100664	0.012926	0.216692	0.002804	0.000104	0.000000	0.036669
109	0.597964	0.030981	0.099586	0.012787	0.220159	0.002759	0.000096	0.000000	0.035668
110	0.596916	0.030355	0.099082	0.012781	0.223506	0.002772	0.000090	0.000000	0.034498
111	0.596145	0.030086	0.098092	0.012809	0.226527	0.002660	0.000089	0.000000	0.033592
112	0.595402	0.029716	0.096973	0.012723	0.230032	0.002625	0.000097	0.000000	0.032432
113	0.593862	0.029600	0.096313	0.012702	0.233132	0.002563	0.000081	0.000000	0.031747
114	0.592459	0.029148	0.095594	0.012476	0.236826	0.002531	0.000082	0.000000	0.030884
115	0.591585	0.028627	0.094867	0.012476	0.239912	0.002512	0.000065	0.000000	0.029956
116	0.589949	0.028052	0.094148	0.012482	0.243727	0.002421	0.000060	0.000000	0.029161
117	0.587871	0.027960	0.093661	0.012288	0.247535	0.002410	0.000057	0.000000	0.028218
118	0.586750	0.027634	0.092820	0.012042	0.250758	0.002450	0.000057	0.000000	0.027489
119	0.584822	0.026969	0.092637	0.011941	0.254560	0.002465	0.000060	0.000000	0.026546
120	0.583685	0.026541	0.091568	0.011814	0.258183	0.002429	0.000048	0.000000	0.025732
121	0.581555	0.026319	0.090966	0.011718	0.262058	0.002383	0.000046	0.000000	0.024955
122	0.580057	0.025968	0.090102	0.011646	0.265736	0.002290	0.000040	0.000000	0.024161
123	0.578031	0.025859	0.089454	0.011515	0.269354	0.002272	0.000037	0.000000	0.023478
124	0.576063	0.025641	0.088953	0.011293	0.273173	0.002194	0.000032	0.000000	0.022651
125	0.573993	0.025157	0.088599	0.011338	0.276962	0.002208	0.000026	0.000000	0.021717
126	0.571966	0.025190	0.088046	0.011216	0.280423	0.002203	0.000025	0.000000	0.020931
127	0.570942	0.024761	0.086967	0.010967	0.284165	0.002104	0.000017	0.000000	0.020077
128	0.568545	0.024377	0.086509	0.010946	0.288145	0.002103	0.000016	0.000000	0.019359
129	0.566416	0.024177	0.085656	0.011076	0.291878	0.002096	0.000015	0.000000	0.018686
130	0.564752	0.023761	0.085032	0.011033	0.295355	0.002071	0.000013	0.000000	0.017983
131	0.562225	0.023353	0.084548	0.010995	0.299385	0.002082	0.000015	0.000000	0.017397
132	0.560247	0.022787	0.083795	0.010995	0.303135	0.002131	0.000015	0.000000	0.016895
133	0.558396	0.022624	0.082633	0.010857	0.307023	0.002080	0.000011	0.000000	0.016376
134	0.556332	0.022461	0.081762	0.010757	0.310758	0.002076	0.000011	0.000000	0.015843
135	0.553831	0.022108	0.081335	0.010701	0.314501	0.002105	0.000010	0.000000	0.015409
136	0.551959	0.021561	0.080637	0.010645	0.318278	0.002149	0.000015	0.000000	0.014756
137	0.549722	0.021324	0.079933	0.010548	0.322069	0.002082	0.000011	0.000000	0.014311
138	0.547027	0.020895	0.079807	0.010596	0.325634	0.002027	0.000012	0.000000	0.014002
139	0.544341	0.020445	0.079306	0.010528	0.329913	0.002030	0.000006	0.000000	0.013431
140	0.541553	0.020352	0.078805	0.010554	0.333750	0.002020	0.000006	0.000000	0.012960
141	0.539093	0.019839	0.078265	0.010514	0.337771	0.001901	0.000004	0.000000	0.012613
142	0.536489	0.019519	0.077413	0.010471	0.341812	0.001972	0.000004	0.000000	0.012320
143	0.533686	0.019461	0.076795	0.010225	0.346103	0.001925	0.000003	0.000000	0.011802
144	0.531269	0.019069	0.075992	0.010064	0.350385	0.001853	0.000006	0.000000	0.011362
145	0.527761	0.018708	0.075384	0.010063	0.355189	0.001876	0.000006	0.000000	0.011013
146	0.525222	0.018456	0.075167	0.009828	0.358961	0.001878	0.000004	0.000000	0.010484
147	0.522492	0.018250	0.074439	0.009792	0.363004	0.001828	0.000002	0.000000	0.010193
148	0.519523	0.018011	0.073821	0.009807	0.367180	0.001778	0.000000	0.000000	0.009880
149	0.516252	0.017546	0.073466	0.009939	0.371543	0.001771	0.000000	0.000000	0.009483
150	0.513410	0.017346	0.072906	0.009902	0.375521	0.001721	0.000000	0.000000	0.009194
151	0.510355	0.017004	0.072004	0.009903	0.380186	0.001707	0.000001	0.000000	0.008840
152	0.507594	0.016692	0.071203	0.009806	0.384476	0.001703	0.000000	0.000000	0.008526
153	0.504930	0.016353	0.070614	0.009755	0.388252	0.001746	0.000002	0.000000	0.008348
154	0.502357	0.016070	0.070001	0.009761	0.392128	0.001691	0.000002	0.000000	0.007990
155	0.499361	0.015902	0.069548	0.009690	0.396131	0.001677	0.000000	0.000000	0.007691
156	0.495575	0.015531	0.069194	0.009573	0.400944	0.001680	0.000003	0.000000	0.007500
157	0.492191	0.015454	0.068969	0.009482	0.405052	0.001653	0.000002	0.000000	0.007197
158	0.489038	0.015412	0.068569	0.009425	0.408861	0.001656	0.000002	0.000000	0.007037
159	0.485774	0.014966	0.067932	0.009336	0.413480	0.001730	0.000002	0.000000	0.006780
160	0.483082	0.014770	0.067348	0.009186	0.417501	0.001678	0.000004	0.000000	0.006431
161	0.480609	0.014553	0.066360	0.009045	0.421500	0.001668	0.000004	0.000000	0.006261
162	0.477497	0.014273	0.065739	0.009106	0.425595	0.001649	0.000004	0.000000	0.006137
163	0.474561	0.014004	0.064758	0.009093	0.429995	0.001670	0.000001	0.000000	0.005918
164	0.471445	0.013868	0.064274	0.008995	0.433995	0.001710	0.000000	0.000000	0.005713
165	0.468402	0.013559	0.063770	0.009013	0.438049	0.001712	0.000000	0.000000	0.005495
166	0.465161	0.013464	0.063265	0.008949	0.442098	0.001703	0.000000	0.000000	0.005360
167	0.462510	0.013131	0.062261	0.008774	0.446459	0.001682	0.000000	0.000000	0.005183
168	0.459244	0.012991	0.061657	0.008805	0.450680	0.001684	0.000000	0.000000	0.004939
169	0.455926	0.012728	0.060934	0.008799	0.455169	0.001668	0.000000	0.000000	0.004776
170	0.452202	0.012592	0.060365	0.008819	0.459722	0.001628	0.000000	0.000000	0.004672
171	0.449190	0.012263	0.059580	0.008712	0.464113	0.001624	0.000000	0.000000	0.004518
172	0.445993	0.012032	0.058988	0.008655	0.468331	0.001653	0.000000	0.000000	0.004348
173	0.442640	0.011903	0.058406	0.008700	0.472435	0.001629	0.000000	0.000000	0.004287
174	0.439498	0.011537	0.057751	0.008714	0.476748	0.001648	0.000000	0.000000	0.004104
175	0.436333	0.011496	0.057255	0.008589	0.480687	0.001643	0.000000	0.000000	0.003997
176	0.432809	0.011280	0.056771	0.008642	0.484962	0.001630	0.000000	0.000000	0.003906
177	0.428987	0.011100	0.056044	0.008680	0.489794	0.001603	0.000000	0.000000	0.003792
178	0.425800	0.010648	0.055419	0.008711	0.494174	0.001590	0.000000	0.000000	0.003658
179	0.422677	0.010513	0.054670	0.008730	0.498322	0.001574	0.000000	0.000000	0.003514
180	0.419034	0.010521	0.054485	0.008772	0.502231	0.001617	0.000000	0.000000	0.003340
181	0.415418	0.010315	0.053934	0.008737	0.506853	0.001584	0.000000	0.000000	0.003159
182	0.412259	0.010029	0.053166	0.008754	0.511148	0.001613	0.000000	0.000000	0.003031
183	0.408901	0.009812	0.052693	0.008659	0.515302	0.001673	0.000000	0.000000	0.002960
184	0.405392	0.009533	0.052034	0.008762	0.519791	0.001613	0.000000	0.000000	0.002875
185	0.401859	0.009310	0.051615	0.008773	0.524069	0.001628	0.000000	0.000000	0.002746
186	0.398576	0.009139	0.050888	0.008776	0.528425	0.001563	0.000000	0.000000	0.002633
187	0.395453	0.008968	0.050047	0.008782	0.532574	0.001632	0.000000	0.000000	0.002544
188	0.392776	0.008633	0.049295	0.008774	0.536547	0.001575	0.000000	0.000000	0.002400
189	0.389549	0.008405	0.048864	0.008691	0.540560	0.001579	0.000000	0.000000	0.002352
190	0.385914	0.008364	0.048375	0.008677	0.544816	0.001617	0.000000	0.000000	0.002237
191	0.382742	0.008159	0.047702	0.008635	0.549012	0.001645	0.000000	0.000000	0.002105
192	0.379497	0.007990	0.047286	0.008553	0.553027	0.001634	0.000000	0.000000	0.002013
193	0.375918	0.007820	0.046806	0.008461	0.557413	0.001656	0.000000	0.000000	0.001926
194	0.372576	0.007588	0.046452	0.008427	0.561462	0.001668	0.000000	0.000000	0.001827
195	0.369489	0.007404	0.045978	0.008483	0.565279	0.001634	0.000000	0.000000	0.001733
196	0.366153	0.007264	0.045524	0.008458	0.569310	0.001614	0.000000	0.000000	0.001677
197	0.362902	0.007094	0.044862	0.008520	0.573307	0.001694	0.000000	0.000000	0.001621
198	0.359202	0.006914	0.044537	0.008586	0.577561	0.001624	0.000000	0.000000	0.001576
199	0.355823	0.006752	0.043789	0.008550	0.581993	0.001637	0.000000	0.000000	0.001456
200	0.352509	0.006640	0.043376	0.008540	0.585916	0.001610	0.000000	0.000000	0.001409
201	0.348849	0.006472	0.042869	0.008633	0.590174	0.001650	0.000000	0.000000	0.001353
202	0.345306	0.006440	0.042483	0.008731	0.594085	0.001635	0.000000	0.000000	0.001320
203	0.342089	0.006282	0.042352	0.008727	0.597705	0.001632	0.000000	0.000000	0.001213
204	0.338621	0.006138	0.042043	0.008637	0.601742	0.001647	0.000000	0.000000	0.001172
205	0.335347	0.006032	0.041589	0.008638	0.605638	0.001647	0.000000	0.000000	0.001109
206	0.332167	0.005899	0.041132	0.008622	0.609499	0.001643	0.000000	0.000000	0.001038
207	0.328752	0.005728	0.040404	0.008594	0.613834	0.001717	0.000000	0.000000	0.000971
208	0.325497	0.005582	0.039667	0.008678	0.617900	0.001719	0.000000	0.000000	0.000957
209	0.321869	0.005535	0.039241	0.008707	0.622057	0.001701	0.000000	0.000000	0.000890
210	0.318780	0.005362	0.038676	0.008750	0.625885	0.001728	0.000000	0.000000	0.000819
211	0.315117	0.005229	0.038358	0.008708	0.630022	0.001802	0.000000	0.000000	0.000764
212	0.311557	0.005249	0.037786	0.008920	0.633988	0.001734	0.000000	0.000000	0.000766
213	0.307720	0.005210	0.037433	0.008901	0.638275	0.001750	0.000000	0.000000	0.000711
214	0.304246	0.005120	0.036927	0.008804	0.642502	0.001732	0.000000	0.000000	0.000669
215	0.300905	0.005058	0.036780	0.008863	0.646003	0.001757	0.000000	0.000000	0.000634
216	0.297440	0.004933	0.036379	0.008766	0.650111	0.001744	0.000000	0.000000	0.000627
217	0.294438	0.004795	0.035772	0.008760	0.653892	0.001752	0.000000	0.000000	0.000591
218	0.291573	0.004644	0.035165	0.008712	0.657553	0.001741	0.000000	0.000000	0.000612
219	0.288119	0.004538	0.034898	0.008634	0.661487	0.001742	0.000000	0.000000	0.000582
220	0.284941	0.004398	0.034442	0.008556	0.665356	0.001743	0.000000	0.000000	0.000564
221	0.281865	0.004433	0.033935	0.008610	0.668871	0.001771	0.000000	0.000000	0.000515
222	0.278549	0.004248	0.033595	0.008532	0.672838	0.001749	0.000000	0.000000	0.000489
223	0.275305	0.004280	0.033384	0.008505	0.676266	0.001782	0.000000	0.000000	0.000478
224	0.272080	0.004201	0.032962	0.008502	0.679990	0.001783	0.000000	0.000000	0.000482
225	0.269072	0.004167	0.032449	0.008533	0.683482	0.001815	0.000000	0.000000	0.000482
226	0.265767	0.004117	0.031876	0.008497	0.687520	0.001780	0.000000	0.000000	0.000443
227	0.262923	0.003933	0.031505	0.008415	0.690950	0.001824	0.000000	0.000000	0.000450
228	0.259389	0.003827	0.031125	0.008325	0.695087	0.001808	0.000000	0.000000	0.000439
229	0.256079	0.003793	0.030869	0.008259	0.698762	0.001827	0.000000	0.000000	0.000411
230	0.253370	0.003665	0.030724	0.008147	0.701886	0.001821	0.000000	0.000000	0.000387
231	0.250460	0.003607	0.030257	0.008145	0.705351	0.001818	0.000000	0.000000	0.000362
232	0.247908	0.003563	0.029591	0.008147	0.708623	0.001802	0.000000	0.000000	0.000366
233	0.245519	0.003481	0.029160	0.008069	0.711582	0.001854	0.000000	0.000000	0.000335
234	0.242824	0.003368	0.028839	0.008086	0.714697	0.001860	0.000000	0.000000	0.000326
235	0.239739	0.003265	0.028564	0.008177	0.718081	0.001845	0.000000	0.000000	0.000329
236	0.236377	0.003149	0.028259	0.008098	0.721926	0.001886	0.000000	0.000000	0.000305
237	0.233437	0.003034	0.027871	0.008164	0.725294	0.001895	0.000000	0.000000	0.000305
238	0.230676	0.002909	0.027587	0.008182	0.728459	0.001894	0.000000	0.000000	0.000293
239	0.227672	0.002848	0.027287	0.008071	0.731993	0.001847	0.000000	0.000000	0.000282
240	0.224756	0.002691	0.027017	0.008035	0.735378	0.001834	0.000000	0.000000	0.000289
241	0.221903	0.002639	0.026853	0.008120	0.738441	0.001771	0.000000	0.000000	0.000273
242	0.219623	0.002541	0.026475	0.008076	0.741291	0.001742	0.000000	0.000000	0.000252
243	0.216655	0.002523	0.026367	0.008038	0.744506	0.001669	0.000000	0.000000	0.000242
244	0.213586	0.002458	0.026183	0.008190	0.747726	0.001629	0.000000	0.000000	0.000228
245	0.210856	0.002373	0.025863	0.008250	0.750785	0.001658	0.000000	0.000000	0.000215
246	0.208482	0.002231	0.025492	0.008256	0.753619	0.001683	0.000000	0.000000	0.000237
247	0.205570	0.002155	0.025323	0.008268	0.756788	0.001668	0.000000	0.000000	0.000228
248	0.202798	0.002130	0.025048	0.008306	0.759865	0.001663	0.000000	0.000000	0.000190
249	0.200601	0.002129	0.024616	0.008422	0.762365	0.001674	0.000000	0.000000	0.000193
250	0.197972	0.002054	0.024169	0.008364	0.765640	0.001623	0.000000	0.000000	0.000178
251	0.195242	0.001942	0.023934	0.008367	0.768708	0.001631	0.000000	0.000000	0.000176
252	0.192318	0.001935	0.023508	0.008353	0.772125	0.001596	0.000000	0.000000	0.000165
253	0.189469	0.001854	0.023265	0.008332	0.775333	0.001588	0.000000	0.000000	0.000159
254	0.187252	0.001825	0.022736	0.008299	0.778196	0.001553	0.000000	0.000000	0.000139
255	0.184632	0.001822	0.022489	0.008304	0.781029	0.001594	0.000000	0.000000	0.000130
256	0.182373	0.001726	0.022106	0.008270	0.783833	0.001559	0.000000	0.000000	0.000133
257	0.180217	0.001691	0.021775	0.008280	0.786338	0.001571	0.000000	0.000000	0.000128
258	0.177877	0.001687	0.021560	0.008347	0.788803	0.001603	0.000000	0.000000	0.000123
259	0.175189	0.001607	0.021300	0.008365	0.791887	0.001556	0.000000	0.000000	0.000096
260	0.172716	0.001588	0.020941	0.008385	0.794695	0.001567	0.000000	0.000000	0.000108
261	0.170566	0.001562	0.020578	0.008337	0.797316	0.001551	0.000000	0.000000	0.000090
262	0.168103	0.001570	0.020304	0.008403	0.799916	0.001604	0.000000	0.000000	0.000100
263	0.165706	0.001497	0.020033	0.008468	0.802565	0.001623	0.000000	0.000000	0.000108
264	0.163100	0.001509	0.019713	0.008440	0.805533	0.001612	0.000000	0.000000	0.000093
265	0.160591	0.001452	0.019697	0.008436	0.808118	0.001622	0.000000	0.000000	0.000084
266	0.158406	0.001449	0.019276	0.008405	0.810732	0.001643	0.000000	0.000000	0.000089
267	0.156024	0.001396	0.018896	0.008416	0.813592	0.001576	0.000000	0.000000	0.000100
268	0.153793	0.001385	0.018506	0.008337	0.816285	0.001599	0.000000	0.000000	0.000095
269	0.151439	0.001347	0.018313	0.008361	0.818809	0.001645	0.000000	0.000000	0.000086
270	0.149469	0.001305	0.018028	0.008399	0.821059	0.001655	0.000000	0.000000	0.000085
271	0.147620	0.001278	0.017770	0.008496	0.823156	0.001616	0.000000	0.000000	0.000064
272	0.145416	0.001259	0.017400	0.008494	0.825784	0.001570	0.000000	0.000000	0.000077
273	0.143647	0.001213	0.017102	0.008499	0.827848	0.001624	0.000000	0.000000	0.000067
274	0.141376	0.001204	0.016876	0.008453	0.830390	0.001638	0.000000	0.000000	0.000063
275	0.139401	0.001185	0.016602	0.008529	0.832632	0.001586	0.000000	0.000000	0.000065
276	0.137134	0.001117	0.016277	0.008550	0.835192	0.001656	0.000000	0.000000	0.000074
277	0.135061	0.001142	0.016030	0.008593	0.837482	0.001621	0.000000	0.000000	0.000071
278	0.132924	0.001149	0.015826	0.008595	0.839856	0.001585	0.000000	0.000000	0.000065
279	0.130744	0.001041	0.015659	0.008487	0.842400	0.001610	0.000000	0.000000	0.000059
280	0.128945	0.001032	0.015384	0.008556	0.844358	0.001660	0.000000	0.000000	0.000065
281	0.127179	0.000997	0.015305	0.008566	0.846257	0.001630	0.000000	0.000000	0.000066
282	0.125124	0.000999	0.015077	0.008494	0.848540	0.001710	0.000000	0.000000	0.000056
283	0.123039	0.000996	0.014875	0.008536	0.850771	0.001722	0.000000	0.000000	0.000061
284	0.121385	0.000960	0.014734	0.008423	0.852734	0.001701	0.000000	0.000000	0.000063
285	0.119708	0.000946	0.014309	0.008449	0.854833	0.001692	0.000000	0.000000	0.000063
286	0.118242	0.000924	0.014085	0.008449	0.856554	0.001685	0.000000	0.000000	0.000061
287	0.116282	0.000909	0.013898	0.008446	0.858722	0.001672	0.000000	0.000000	0.000071
288	0.114710	0.000844	0.013723	0.008374	0.860605	0.001667	0.000000	0.000000	0.000077
289	0.112820	0.000815	0.013556	0.008188	0.862898	0.001640	0.000000	0.000000	0.000083
290	0.111319	0.000787	0.013335	0.008267	0.864566	0.001640	0.000000	0.000000	0.000086
291	0.109467	0.000772	0.013130	0.008356	0.866576	0.001615	0.000000	0.000000	0.000084
292	0.107699	0.000788	0.013027	0.008353	0.868426	0.001627	0.000000	0.000000	0.000080
293	0.106080	0.000785	0.012776	0.008361	0.870283	0.001628	0.000000	0.000000	0.000087
294	0.104644	0.000755	0.012597	0.008488	0.871798	0.001641	0.000000	0.000000	0.000077
295	0.102761	0.000725	0.012561	0.008581	0.873612	0.001677	0.000000	0.000000	0.000083
296	0.101368	0.000714	0.012362	0.008542	0.875235	0.001698	0.000000	0.000000	0.000081
297	0.099863	0.000705	0.012188	0.008469	0.877087	0.001611	0.000000	0.000000	0.000077
298	0.098082	0.000673	0.012137	0.008388	0.879005	0.001635	0.000000	0.000000	0.000080
299	0.096586	0.000649	0.011962	0.008393	0.880779	0.001548	0.000000	0.000000	0.000083
300	0.095019	0.000640	0.011751	0.008400	0.882470	0.001637	0.000000	0.000000	0.000083
301	0.093437	0.000605	0.011740	0.008365	0.884189	0.001582	0.000000	0.000000	0.000082
302	0.092115	0.000616	0.011501	0.008367	0.885714	0.001609	0.000000	0.000000	0.000078
303	0.090491	0.000607	0.011364	0.008326	0.887517	0.001622	0.000000	0.000000	0.000073
304	0.088913	0.000617	0.011204	0.008199	0.889352	0.001646	0.000000	0.000000	0.000069
305	0.087280	0.000612	0.010976	0.008137	0.891290	0.001634	0.000000	0.000000	0.000071
306	0.085841	0.000592	0.010935	0.008194	0.892750	0.001622	0.000000	0.000000	0.000066
307	0.084398	0.000591	0.010838	0.008200	0.894275	0.001635	0.000000	0.000000	0.000063
308	0.082773	0.000571	0.010730	0.008113	0.896109	0.001646	0.000000	0.000000	0.000058
309	0.081487	0.000559	0.010450	0.008011	0.897798	0.001645	0.000000	0.000000	0.000050
310	0.079964	0.000549	0.010364	0.008010	0.899443	0.001624	0.000000	0.000000	0.000046
311	0.078503	0.000551	0.010272	0.007982	0.900970	0.001685	0.000000	0.000000	0.000037
312	0.077025	0.000554	0.010034	0.008004	0.902662	0.001684	0.000000	0.000000	0.000037
313	0.075560	0.000535	0.009902	0.008033	0.904308	0.001622	0.000000	0.000000	0.000040
314	0.074056	0.000540	0.009776	0.007986	0.905954	0.001655	0.000000	0.000000	0.000033
315	0.072789	0.000508	0.009591	0.008025	0.907378	0.001680	0.000000	0.000000	0.000029
316	0.071531	0.000512	0.009410	0.008098	0.908795	0.001624	0.000000	0.000000	0.000030
317	0.070390	0.000504	0.009197	0.008131	0.910115	0.001632	0.000000	0.000000	0.000031
318	0.069151	0.000504	0.009055	0.008214	0.911397	0.001650	0.000000	0.000000	0.000029
319	0.068018	0.000479	0.008952	0.008176	0.912681	0.001675	0.000000	0.000000	0.000019
320	0.066924	0.000458	0.008857	0.008263	0.913772	0.001710	0.000000	0.000000	0.000016
321	0.065906	0.000435	0.008773	0.008302	0.914854	0.001715	0.000000	0.000000	0.000015
322	0.064796	0.000439	0.008636	0.008271	0.916099	0.001740	0.000000	0.000000	0.000019
323	0.063752	0.000392	0.008434	0.008260	0.917430	0.001717	0.000000	0.000000	0.000015
324	0.062843	0.000395	0.008350	0.008177	0.918538	0.001680	0.000000	0.000000	0.000017
325	0.061938	0.000369	0.008293	0.008016	0.919710	0.001662	0.000000	0.000000	0.000012
326	0.060921	0.000346	0.008148	0.008064	0.920853	0.001659	0.000000	0.000000	0.000009
327	0.059896	0.000364	0.007942	0.007986	0.922124	0.001678	0.000000	0.000000	0.000010
328	0.058952	0.000354	0.007691	0.007934	0.923370	0.001692	0.000000	0.000000	0.000007
329	0.057794	0.000344	0.007525	0.007857	0.924732	0.001742	0.000000	0.000000	0.000006
330	0.056577	0.000340	0.007397	0.007887	0.926062	0.001732	0.000000	0.000000	0.000005
331	0.055637	0.000291	0.007300	0.007809	0.927226	0.001734	0.000000	0.000000	0.000003
332	0.054799	0.000287	0.007100	0.007727	0.928396	0.001686	0.000000	0.000000	0.000005
333	0.053793	0.000267	0.007022	0.007830	0.929348	0.001734	0.000000	0.000000	0.000006
334	0.052795	0.000265	0.006835	0.007764	0.930611	0.001722	0.000000	0.000000	0.000008
335	0.051949	0.000285	0.006717	0.007787	0.931548	0.001709	0.000000	0.000000	0.000005
336	0.050939	0.000256	0.006684	0.007805	0.932628	0.001681	0.000000	0.000000	0.000007
337	0.050088	0.000250	0.006451	0.007805	0.933699	0.001700	0.000000	0.000000	0.000007
338	0.048887	0.000270	0.006307	0.007892	0.934943	0.001697	0.000000	0.000000	0.000004
339	0.047907	0.000257	0.006182	0.007811	0.936135	0.001703	0.000000	0.000000	0.000005
340	0.046905	0.000251	0.006094	0.007781	0.937197	0.001769	0.000000	0.000000	0.000003
341	0.046084	0.000245	0.005959	0.007733	0.938174	0.001801	0.000000	0.000000	0.000004
342	0.045173	0.000209	0.005876	0.007685	0.939258	0.001792	0.000000	0.000000	0.000007
343	0.044239	0.000202	0.005739	0.007779	0.940255	0.001782	0.000000	0.000000	0.000004
344	0.043168	0.000199	0.005749	0.007759	0.941317	0.001805	0.000000	0.000000	0.000003
345	0.042457	0.000213	0.005521	0.007849	0.942192	0.001765	0.000000	0.000000	0.000003
346	0.041665	0.000206	0.005446	0.007837	0.943107	0.001736	0.000000	0.000000	0.000003
347	0.040797	0.000193	0.005458	0.007868	0.943913	0.001767	0.000000	0.000000	0.000004
348	0.040102	0.000197	0.005338	0.007809	0.944721	0.001829	0.000000	0.000000	0.000004
349	0.039251	0.000191	0.005286	0.007910	0.945543	0.001816	0.000000	0.000000	0.000003
350	0.038442	0.000174	0.005167	0.007878	0.946532	0.001805	0.000000	0.000000	0.000002
351	0.037652	0.000182	0.005133	0.007924	0.947356	0.001752	0.000000	0.000000	0.000001
352	0.036896	0.000170	0.004978	0.007871	0.948255	0.001830	0.000000	0.000000	0.000000
353	0.036208	0.000164	0.004858	0.007919	0.949037	0.001814	0.000000	0.000000	0.000000
354	0.035632	0.000152	0.004737	0.007807	0.949781	0.001891	0.000000	0.000000	0.000000
355	0.035011	0.000150	0.004593	0.007760	0.950610	0.001876	0.000000	0.000000	0.000000
356	0.034204	0.000130	0.004623	0.007773	0.951414	0.001856	0.000000	0.000000	0.000000
357	0.033574	0.000110	0.004456	0.007737	0.952229	0.001894	0.000000	0.000000	0.000000
358	0.032860	0.000116	0.004368	0.007754	0.953066	0.001836	0.000000	0.000000	0.000000
359	0.032420	0.000104	0.004270	0.007854	0.953513	0.001839	0.000000	0.000000	0.000000
360	0.031831	0.000084	0.004201	0.007801	0.954156	0.001927	0.000000	0.000000	0.000000
361	0.030962	0.000086	0.004074	0.007805	0.955143	0.001930	0.000000	0.000000	0.000000
362	0.030302	0.000082	0.003960	0.007768	0.955984	0.001904	0.000000	0.000000	0.000000
363	0.029906	0.000077	0.003860	0.007846	0.956414	0.001897	0.000000	0.000000	0.000000
364	0.029335	0.000065	0.003711	0.007902	0.957019	0.001968	0.000000	0.000000	0.000000
365	0.028882	0.000067	0.003642	0.007868	0.957650	0.001891	0.000000	0.000000	0.000000
366	0.028253	0.000073	0.003595	0.007809	0.958383	0.001887	0.000000	0.000000	0.000000
367	0.027503	0.000069	0.003582	0.007802	0.959163	0.001881	0.000000	0.000000	0.000000
368	0.026867	0.000065	0.003458	0.007753	0.960004	0.001853	0.000000	0.000000	0.000000
369	0.026362	0.000049	0.003349	0.007699	0.960630	0.001911	0.000000	0.000000	0.000000
370	0.025615	0.000044	0.003315	0.007658	0.961517	0.001851	0.000000	0.000000	0.000000
371	0.025070	0.000043	0.003234	0.007672	0.962145	0.001836	0.000000	0.000000	0.000000
372	0.024597	0.000039	0.003124	0.007608	0.962813	0.001819	0.000000	0.000000	0.000000
373	0.024173	0.000034	0.003068	0.007682	0.963229	0.001814	0.000000	0.000000	0.000000
374	0.023682	0.000036	0.002965	0.007599	0.963908	0.001810	0.000000	0.000000	0.000000
375	0.023089	0.000034	0.002944	0.007751	0.964340	0.001842	0.000000	0.000000	0.000000
376	0.022609	0.000023	0.002920	0.007679	0.964960	0.001809	0.000000	0.000000	0.000000
377	0.022122	0.000026	0.002863	0.007721	0.965444	0.001824	0.000000	0.000000	0.000000
378	0.021491	0.000025	0.002847	0.007713	0.966101	0.001823	0.000000	0.000000	0.000000
379	0.020912	0.000027	0.002760	0.007571	0.966930	0.001800	0.000000	0.000000	0.000000
380	0.020390	0.000028	0.002713	0.007590	0.967499	0.001780	0.000000	0.000000	0.000000
381	0.020001	0.000023	0.002641	0.007602	0.967906	0.001827	0.000000	0.000000	0.000000
382	0.019632	0.000021	0.002568	0.007543	0.968434	0.001802	0.000000	0.000000	0.000000
383	0.019079	0.000017	0.002497	0.007425	0.969148	0.001834	0.000000	0.000000	0.000000
384	0.018579	0.000011	0.002450	0.007375	0.969775	0.001810	0.000000	0.000000	0.000000
385	0.018261	0.000010	0.002426	0.007412	0.970060	0.001831	0.000000	0.000000	0.000000
386	0.017671	0.000012	0.002345	0.007360	0.970744	0.001868	0.000000	0.000000	0.000000
387	0.017229	0.000008	0.002327	0.007480	0.971033	0.001923	0.000000	0.000000	0.000000
388	0.016873	0.000012	0.002335	0.007459	0.971418	0.001903	0.000000	0.000000	0.000000
389	0.016441	0.000009	0.002280	0.007486	0.971838	0.001946	0.000000	0.000000	0.000000
390	0.016069	0.000006	0.002227	0.007362	0.972435	0.001901	0.000000	0.000000	0.000000
391	0.015662	0.000005	0.002130	0.007522	0.972762	0.001919	0.000000	0.000000	0.000000
392	0.015278	0.000004	0.002112	0.007503	0.973195	0.001908	0.000000	0.000000	0.000000
393	0.014863	0.000003	0.002055	0.007449	0.973748	0.001882	0.000000	0.000000	0.000000
394	0.014480	0.000004	0.002046	0.007417	0.974187	0.001866	0.000000	0.000000	0.000000
395	0.014166	0.000006	0.001951	0.007483	0.974491	0.001903	0.000000	0.000000	0.000000
396	0.013701	0.000004	0.002010	0.007560	0.974836	0.001889	0.000000	0.000000	0.000000
397	0.013509	0.000002	0.001914	0.007596	0.975134	0.001845	0.000000	0.000000	0.000000
398	0.013234	0.000004	0.001784	0.007605	0.975492	0.001881	0.000000	0.000000	0.000000
399	0.012878	0.000005	0.001766	0.007558	0.975911	0.001882	0.000000	0.000000	0.000000
400	0.012564	0.000002	0.001745	0.007750	0.976030	0.001909	0.000000	0.000000	0.000000
401	0.012181	0.000002	0.001676	0.007681	0.976590	0.001870	0.000000	0.000000	0.000000
402	0.011805	0.000000	0.001642	0.007656	0.976988	0.001909	0.000000	0.000000	0.000000
403	0.011445	0.000000	0.001625	0.007574	0.977500	0.001856	0.000000	0.000000	0.000000
404	0.011128	0.000000	0.001593	0.007518	0.977885	0.001876	0.000000	0.000000	0.000000
405	0.010884	0.000000	0.001587	0.007586	0.978091	0.001852	0.000000	0.000000	0.000000
406	0.010630	0.000000	0.001508	0.007616	0.978341	0.001905	0.000000	0.000000	0.000000
407	0.010273	0.000000	0.001468	0.007546	0.978826	0.001887	0.000000	0.000000	0.000000
408	0.010038	0.000000	0.001379	0.007462	0.979241	0.001880	0.000000	0.000000	0.000000
409	0.009711	0.000000	0.001341	0.007421	0.979643	0.001884	0.000000	0.000000	0.000000
410	0.009430	0.000000	0.001298	0.007362	0.979993	0.001917	0.000000	0.000000	0.000000
411	0.009224	0.000000	0.001270	0.007221	0.980403	0.001882	0.000000	0.000000	0.000000
412	0.008948	0.000000	0.001220	0.007209	0.980744	0.001879	0.000000	0.000000	0.000000
413	0.008743	0.000000	0.001263	0.007294	0.980799	0.001901	0.000000	0.000000	0.000000
414	0.008496	0.000000	0.001158	0.007381	0.981025	0.001940	0.000000	0.000000	0.000000
415	0.008396	0.000000	0.001130	0.007408	0.981096	0.001970	0.000000	0.000000	0.000000
416	0.008097	0.000000	0.001132	0.007442	0.981415	0.001914	0.000000	0.000000	0.000000
417	0.007927	0.000000	0.001109	0.007449	0.981627	0.001888	0.000000	0.000000	0.000000
418	0.007821	0.000000	0.001029	0.007500	0.981767	0.001883	0.000000	0.000000	0.000000
419	0.007622	0.000000	0.000989	0.007453	0.982103	0.001833	0.000000	0.000000	0.000000
420	0.007419	0.000000	0.001001	0.007460	0.982253	0.001867	0.000000	0.000000	0.000000
421	0.007152	0.000000	0.000983	0.007459	0.982595	0.001811	0.000000	0.000000	0.000000
422	0.006873	0.000000	0.001000	0.007577	0.982740	0.001810	0.000000	0.000000	0.000000
423	0.006685	0.000000	0.000975	0.007590	0.982970	0.001780	0.000000	0.000000	0.000000
424	0.006514	0.000000	0.000973	0.007510	0.983260	0.001743	0.000000	0.000000	0.000000
425	0.006427	0.000000	0.000891	0.007516	0.983411	0.001755	0.000000	0.000000	0.000000
426	0.006270	0.000000	0.000874	0.007513	0.983584	0.001759	0.000000	0.000000	0.000000
427	0.006044	0.000000	0.000857	0.007595	0.983757	0.001747	0.000000	0.000000	0.000000
428	0.005925	0.000000	0.000850	0.007609	0.983814	0.001802	0.000000	0.000000	0.000000
429	0.005773	0.000000	0.000832	0.007638	0.983953	0.001804	0.000000	0.000000	0.000000
430	0.005616	0.000000	0.000807	0.007633	0.984134	0.001810	0.000000	0.000000	0.000000
431	0.005509	0.000000	0.000824	0.007613	0.984208	0.001846	0.000000	0.000000	0.000000
432	0.005358	0.000000	0.000823	0.007589	0.984375	0.001855	0.000000	0.000000	0.000000
433	0.005209	0.000000	0.000796	0.007556	0.984579	0.001860	0.000000	0.000000	0.000000
434	0.005069	0.000000	0.000764	0.007576	0.984753	0.001838	0.000000	0.000000	0.000000
435	0.004919	0.000000	0.000738	0.007496	0.984993	0.001854	0.000000	0.000000	0.000000
436	0.004792	0.000000	0.000710	0.007508	0.985111	0.001879	0.000000	0.000000	0.000000
437	0.004608	0.000000	0.000679	0.007563	0.985253	0.001897	0.000000	0.000000	0.000000
438	0.004406	0.000000	0.000678	0.007517	0.985541	0.001858	0.000000	0.000000	0.000000
439	0.004288	0.000000	0.000697	0.007445	0.985692	0.001878	0.000000	0.000000	0.000000
440	0.004185	0.000000	0.000692	0.007533	0.985724	0.001866	0.000000	0.000000	0.000000
441	0.004141	0.000000	0.000662	0.007531	0.985765	0.001901	0.000000	0.000000	0.000000
442	0.004025	0.000000	0.000651	0.007604	0.985804	0.001916	0.000000	0.000000	0.000000
443	0.003891	0.000000	0.000636	0.007463	0.986070	0.001940	0.000000	0.000000	0.000000
444	0.003753	0.000000	0.000634	0.007447	0.986181	0.001985	0.000000	0.000000	0.000000
445	0.003675	0.000000	0.000598	0.007455	0.986310	0.001962	0.000000	0.000000	0.000000
446	0.003532	0.000000	0.000600	0.007382	0.986491	0.001995	0.000000	0.000000	0.000000
447	0.003458	0.000000	0.000549	0.007426	0.986621	0.001946	0.000000	0.000000	0.000000
448	0.003379	0.000000	0.000543	0.007440	0.986695	0.001943	0.000000	0.000000	0.000000
449	0.003228	0.000000	0.000523	0.007440	0.986873	0.001936	0.000000	0.000000	0.000000
450	0.003165	0.000000	0.000514	0.007577	0.986827	0.001917	0.000000	0.000000	0.000000
451	0.003070	0.000000	0.000492	0.007538	0.986920	0.001980	0.000000	0.000000	0.000000
452	0.002958	0.000000	0.000457	0.007534	0.987118	0.001933	0.000000	0.000000	0.000000
453	0.002911	0.000000	0.000442	0.007479	0.987191	0.001977	0.000000	0.000000	0.000000
454	0.002842	0.000000	0.000424	0.007466	0.987271	0.001997	0.000000	0.000000	0.000000
455	0.002750	0.000000	0.000414	0.007408	0.987466	0.001962	0.000000	0.000000	0.000000
456	0.002622	0.000000	0.000414	0.007401	0.987621	0.001942	0.000000	0.000000	0.000000
457	0.002480	0.000000	0.000407	0.007391	0.987835	0.001887	0.000000	0.000000	0.000000
458	0.002429	0.000000	0.000402	0.007295	0.988007	0.001867	0.000000	0.000000	0.000000
459	0.002388	0.000000	0.000370	0.007304	0.988050	0.001888	0.000000	0.000000	0.000000
460	0.002327	0.000000	0.000350	0.007333	0.988065	0.001925	0.000000	0.000000	0.000000
461	0.002258	0.000000	0.000335	0.007308	0.988198	0.001901	0.000000	0.000000	0.000000
462	0.002161	0.000000	0.000323	0.007282	0.988320	0.001914	0.000000	0.000000	0.000000
463	0.002068	0.000000	0.000333	0.007212	0.988478	0.001909	0.000000	0.000000	0.000000
464	0.002007	0.000000	0.000308	0.007312	0.988479	0.001894	0.000000	0.000000	0.000000
465	0.001895	0.000000	0.000306	0.007362	0.988475	0.001962	0.000000	0.000000	0.000000
466	0.001851	0.000000	0.000299	0.007392	0.988556	0.001902	0.000000	0.000000	0.000000
467	0.001761	0.000000	0.000291	0.007413	0.988631	0.001904	0.000000	0.000000	0.000000
468	0.001750	0.000000	0.000275	0.007478	0.988600	0.001897	0.000000	0.000000	0.000000
469	0.001721	0.000000	0.000255	0.007461	0.988640	0.001923	0.000000	0.000000	0.000000
470	0.001686	0.000000	0.000261	0.007551	0.988581	0.001921	0.000000	0.000000	0.000000
