0	0.290663	0.057897	0.229473	0.157588	0.029913	0.111872	0.085455	0.012259	0.024880
1	0.222712	0.046386	0.193938	0.142784	0.029446	0.123254	0.124333	0.023803	0.093344
2	0.215657	0.044037	0.187066	0.139968	0.030759	0.120919	0.129935	0.024770	0.106889
3	0.214303	0.042371	0.182065	0.137950	0.032437	0.117851	0.131732	0.024662	0.116629
4	0.214658	0.041160	0.177414	0.136436	0.034547	0.114257	0.132564	0.024128	0.124836
5	0.215346	0.039625	0.172735	0.135050	0.036968	0.110313	0.133623	0.023494	0.132846
6	0.216705	0.038324	0.168568	0.133078	0.039547	0.106721	0.133695	0.022839	0.140523
7	0.217943	0.037022	0.164235	0.131360	0.042021	0.102547	0.133980	0.022254	0.148638
8	0.219459	0.035736	0.159690	0.129855	0.045002	0.098623	0.133239	0.021631	0.156765
9	0.220649	0.034620	0.155586	0.128559	0.048157	0.094507	0.132769	0.020704	0.164449
10	0.221657	0.033171	0.150993	0.127288	0.051429	0.090756	0.132270	0.019995	0.172441
11	0.222913	0.031940	0.146485	0.126652	0.054924	0.086633	0.131504	0.019381	0.179568
12	0.223991	0.030792	0.141649	0.124807	0.058805	0.083184	0.130892	0.018745	0.187135
13	0.225669	0.029560	0.136739	0.123356	0.062441	0.079853	0.129694	0.017840	0.194848
14	0.226488	0.028656	0.132455	0.122291	0.066226	0.076026	0.128680	0.017092	0.202086
15	0.227189	0.027326	0.127920	0.120376	0.070589	0.072558	0.127982	0.016565	0.209495
16	0.227991	0.026414	0.123749	0.118793	0.075234	0.069027	0.126326	0.015994	0.216472
17	0.229053	0.025410	0.119141	0.117133	0.079655	0.066222	0.124942	0.015383	0.223061
18	0.229821	0.024169	0.115170	0.115926	0.084248	0.063095	0.123402	0.014720	0.229449
19	0.230001	0.023229	0.110977	0.114500	0.089607	0.060321	0.121391	0.013999	0.235975
20	0.230974	0.022255	0.106664	0.112747	0.094674	0.057745	0.119754	0.013537	0.241650
21	0.231485	0.021055	0.102625	0.111280	0.100484	0.054740	0.117679	0.012847	0.247805
22	0.231347	0.020085	0.098401	0.109586	0.106137	0.052029	0.116269	0.012358	0.253788
23	0.232092	0.019256	0.094227	0.108276	0.111964	0.049272	0.114196	0.011680	0.259037
24	0.232066	0.018313	0.090256	0.107501	0.117823	0.046937	0.111972	0.011206	0.263926
25	0.231186	0.017310	0.086584	0.106379	0.124260	0.044949	0.109197	0.010822	0.269313
26	0.230787	0.016605	0.082534	0.104837	0.130935	0.043047	0.106990	0.010308	0.273957
27	0.230269	0.015960	0.079085	0.103298	0.137892	0.040718	0.104876	0.009849	0.278053
28	0.229260	0.015117	0.075230	0.101974	0.144907	0.038647	0.102733	0.009514	0.282618
29	0.228271	0.014097	0.072031	0.100395	0.152617	0.036685	0.100180	0.009054	0.286670
30	0.227104	0.013535	0.068332	0.098654	0.160343	0.035440	0.098175	0.008663	0.289754
31	0.225717	0.012903	0.065226	0.097601	0.167954	0.033525	0.095757	0.008138	0.293179
32	0.224106	0.012185	0.061949	0.096495	0.175968	0.031871	0.093202	0.007708	0.296516
33	0.222678	0.011585	0.058628	0.095837	0.184214	0.030298	0.090587	0.007337	0.298836
34	0.221064	0.011023	0.055454	0.094626	0.192381	0.029109	0.088344	0.006925	0.301074
35	0.219281	0.010434	0.052551	0.093421	0.201206	0.027644	0.085801	0.006391	0.303271
36	0.216839	0.009802	0.049693	0.092207	0.210254	0.026590	0.083179	0.006122	0.305314
37	0.214165	0.009308	0.047023	0.090951	0.219266	0.025612	0.080635	0.005772	0.307268
38	0.211392	0.008854	0.044567	0.090168	0.228257	0.024174	0.078310	0.005510	0.308768
39	0.208528	0.008349	0.042320	0.088936	0.238160	0.022932	0.076220	0.005303	0.309252
40	0.205217	0.007857	0.040195	0.088344	0.247412	0.021842	0.073794	0.005089	0.310250
41	0.202189	0.007409	0.037935	0.087037	0.257332	0.020986	0.071517	0.004846	0.310749
42	0.199130	0.007087	0.036042	0.086155	0.267119	0.020097	0.069009	0.004588	0.310773
43	0.195491	0.006691	0.033975	0.085696	0.277061	0.019236	0.066868	0.004259	0.310723
44	0.192153	0.006314	0.031987	0.084918	0.287649	0.018421	0.064522	0.003978	0.310058
45	0.188717	0.005993	0.030191	0.084355	0.297771	0.017797	0.062091	0.003850	0.309235
46	0.184600	0.005688	0.028327	0.083926	0.308720	0.017123	0.059971	0.003560	0.308085
47	0.180926	0.005336	0.026449	0.083340	0.319756	0.016272	0.057965	0.003301	0.306655
48	0.177134	0.005062	0.024803	0.082969	0.330349	0.015856	0.055538	0.003090	0.305199
49	0.173545	0.004780	0.023092	0.082430	0.341636	0.015202	0.053388	0.002879	0.303048
50	0.169760	0.004564	0.021925	0.081729	0.352732	0.014742	0.051364	0.002759	0.300425
51	0.165826	0.004264	0.020509	0.080967	0.364175	0.014353	0.049357	0.002538	0.298011
52	0.161637	0.004024	0.019132	0.080424	0.375639	0.013682	0.047712	0.002433	0.295317
53	0.157380	0.003779	0.017920	0.080221	0.386955	0.013374	0.045849	0.002292	0.292230
54	0.153559	0.003484	0.016770	0.079994	0.398360	0.012963	0.043994	0.002131	0.288745
55	0.149500	0.003214	0.015537	0.079842	0.410059	0.012531	0.042193	0.001935	0.285189
56	0.145514	0.003019	0.014386	0.079556	0.421015	0.012284	0.040151	0.001811	0.282264
57	0.141585	0.002899	0.013209	0.079241	0.432524	0.011811	0.038657	0.001714	0.278360
58	0.137375	0.002655	0.012476	0.078728	0.444276	0.011525	0.036872	0.001587	0.274506
59	0.133084	0.002515	0.011662	0.078423	0.455535	0.011284	0.035325	0.001501	0.270671
60	0.128996	0.002375	0.010898	0.078105	0.466756	0.010946	0.033852	0.001417	0.266655
61	0.125019	0.002258	0.009997	0.078038	0.478181	0.010745	0.032281	0.001368	0.262113
62	0.121134	0.002116	0.009222	0.077873	0.489558	0.010504	0.030838	0.001246	0.257509
63	0.117145	0.002065	0.008586	0.077585	0.500850	0.010325	0.029363	0.001194	0.252887
64	0.112859	0.001882	0.007956	0.077412	0.512283	0.010200	0.027913	0.001091	0.248404
65	0.109267	0.001729	0.007337	0.077361	0.523220	0.009917	0.026695	0.000985	0.243489
66	0.105674	0.001574	0.006690	0.077158	0.534424	0.009608	0.025126	0.000956	0.238790
67	0.101545	0.001518	0.006148	0.077026	0.545589	0.009479	0.023804	0.000905	0.233986
68	0.097879	0.001453	0.005724	0.077136	0.556369	0.009272	0.022629	0.000889	0.228649
69	0.094215	0.001345	0.005195	0.077269	0.567331	0.009151	0.021603	0.000855	0.223036
70	0.090219	0.001245	0.004845	0.077039	0.578254	0.008987	0.020272	0.000799	0.218340
71	0.086406	0.001141	0.004469	0.076928	0.588887	0.008868	0.019252	0.000739	0.213310
72	0.082683	0.001078	0.004104	0.076919	0.599469	0.008610	0.018252	0.000708	0.208177
73	0.079054	0.001037	0.003752	0.077229	0.609935	0.008440	0.016991	0.000657	0.202905
74	0.075593	0.000928	0.003501	0.077131	0.620647	0.008147	0.016182	0.000608	0.197263
75	0.072186	0.000863	0.003289	0.077227	0.630155	0.008066	0.015263	0.000589	0.192362
76	0.068965	0.000784	0.003037	0.077282	0.639853	0.007920	0.014445	0.000526	0.187188
77	0.065931	0.000748	0.002839	0.077326	0.649244	0.007860	0.013667	0.000499	0.181886
78	0.062694	0.000669	0.002577	0.077460	0.658775	0.007730	0.012899	0.000436	0.176760
79	0.059520	0.000624	0.002369	0.077703	0.667893	0.007623	0.012052	0.000421	0.171795
80	0.056788	0.000567	0.002177	0.077930	0.676898	0.007557	0.011289	0.000408	0.166386
81	0.054024	0.000556	0.001979	0.078372	0.685435	0.007297	0.010633	0.000380	0.161324
82	0.051303	0.000543	0.001829	0.078550	0.693693	0.007254	0.010117	0.000351	0.156360
83	0.048421	0.000500	0.001669	0.078561	0.702681	0.007163	0.009340	0.000307	0.151358
84	0.045802	0.000487	0.001559	0.078672	0.711146	0.007160	0.008781	0.000283	0.146110
85	0.043454	0.000453	0.001381	0.078996	0.718760	0.007047	0.008169	0.000264	0.141476
86	0.041059	0.000444	0.001271	0.078899	0.726807	0.006935	0.007692	0.000251	0.136642
87	0.038878	0.000414	0.001121	0.078998	0.734321	0.006790	0.007184	0.000212	0.132082
88	0.036689	0.000388	0.001025	0.078732	0.741885	0.006777	0.006756	0.000200	0.127548
89	0.034763	0.000380	0.000948	0.078848	0.748821	0.006837	0.006339	0.000175	0.122889
90	0.032814	0.000357	0.000868	0.078874	0.756076	0.006721	0.005843	0.000161	0.118286
91	0.031057	0.000316	0.000830	0.079006	0.762850	0.006789	0.005544	0.000145	0.113463
92	0.029154	0.000288	0.000750	0.079205	0.769372	0.006701	0.005193	0.000124	0.109213
93	0.027499	0.000275	0.000648	0.079069	0.775848	0.006701	0.004831	0.000111	0.105018
94	0.025902	0.000252	0.000595	0.078885	0.782408	0.006574	0.004494	0.000108	0.100782
95	0.024502	0.000241	0.000559	0.079134	0.788291	0.006517	0.004265	0.000092	0.096399
96	0.022948	0.000220	0.000500	0.078935	0.794088	0.006566	0.004052	0.000083	0.092608
97	0.021606	0.000216	0.000467	0.079075	0.799530	0.006537	0.003751	0.000073	0.088745
98	0.020271	0.000200	0.000422	0.079097	0.804950	0.006497	0.003519	0.000073	0.084971
99	0.018849	0.000189	0.000373	0.079714	0.809960	0.006422	0.003158	0.000059	0.081276
100	0.017738	0.000173	0.000340	0.079598	0.815115	0.006343	0.002952	0.000068	0.077673
101	0.016482	0.000166	0.000287	0.080028	0.819593	0.006382	0.002696	0.000071	0.074295
102	0.015464	0.000167	0.000250	0.079903	0.824414	0.006360	0.002450	0.000059	0.070933
103	0.014454	0.000156	0.000221	0.080021	0.828571	0.006369	0.002269	0.000053	0.067886
104	0.013485	0.000142	0.000196	0.080056	0.832865	0.006399	0.002105	0.000045	0.064707
105	0.012563	0.000134	0.000175	0.080169	0.837039	0.006257	0.001915	0.000046	0.061702
106	0.011654	0.000115	0.000158	0.080314	0.840938	0.006294	0.001780	0.000044	0.058703
107	0.010790	0.000116	0.000133	0.080244	0.844916	0.006365	0.001678	0.000043	0.055715
108	0.009991	0.000121	0.000120	0.080234	0.848550	0.006313	0.001549	0.000046	0.053076
109	0.009242	0.000100	0.000108	0.080293	0.852043	0.006336	0.001491	0.000038	0.050349
110	0.008619	0.000081	0.000094	0.080159	0.855288	0.006273	0.001410	0.000042	0.048034
111	0.007921	0.000068	0.000086	0.080367	0.858333	0.006262	0.001301	0.000037	0.045625
112	0.007331	0.000061	0.000072	0.080096	0.861682	0.006282	0.001185	0.000038	0.043253
113	0.006722	0.000059	0.000052	0.079998	0.864671	0.006271	0.001097	0.000030	0.041100
114	0.006146	0.000054	0.000040	0.079925	0.867420	0.006315	0.001015	0.000031	0.039054
115	0.005609	0.000053	0.000036	0.080155	0.870036	0.006201	0.000944	0.000033	0.036933
116	0.005201	0.000052	0.000034	0.080086	0.872570	0.006111	0.000891	0.000034	0.035021
117	0.004798	0.000052	0.000036	0.080329	0.874530	0.006179	0.000804	0.000024	0.033248
118	0.004317	0.000045	0.000034	0.080254	0.876897	0.006167	0.000749	0.000030	0.031507
119	0.003941	0.000041	0.000030	0.080429	0.878861	0.006204	0.000699	0.000026	0.029769
120	0.003638	0.000041	0.000028	0.080655	0.880581	0.006132	0.000672	0.000029	0.028224
121	0.003293	0.000033	0.000030	0.080338	0.882780	0.006132	0.000651	0.000023	0.026720
122	0.002963	0.000029	0.000030	0.080535	0.884429	0.006141	0.000551	0.000020	0.025302
123	0.002805	0.000025	0.000020	0.081033	0.885584	0.006114	0.000568	0.000013	0.023838
124	0.002571	0.000016	0.000013	0.081130	0.886895	0.006155	0.000506	0.000019	0.022695
125	0.002399	0.000012	0.000009	0.081329	0.888311	0.006062	0.000458	0.000016	0.021404
126	0.002231	0.000009	0.000009	0.081730	0.889400	0.006068	0.000416	0.000015	0.020122
127	0.002027	0.000006	0.000007	0.081814	0.890858	0.006003	0.000353	0.000017	0.018915
128	0.001883	0.000003	0.000007	0.081766	0.892283	0.006066	0.000350	0.000017	0.017625
129	0.001700	0.000000	0.000005	0.082093	0.893162	0.005991	0.000338	0.000017	0.016694
130	0.001514	0.000000	0.000006	0.082473	0.893837	0.005995	0.000302	0.000013	0.015860
131	0.001422	0.000000	0.000002	0.082324	0.895125	0.006015	0.000290	0.000012	0.014810
132	0.001340	0.000000	0.000002	0.082453	0.896022	0.006007	0.000224	0.000009	0.013943
133	0.001157	0.000000	0.000002	0.082495	0.897054	0.005935	0.000208	0.000003	0.013146
134	0.001047	0.000000	0.000002	0.082399	0.898057	0.005887	0.000190	0.000003	0.012415
135	0.000979	0.000000	0.000001	0.082291	0.898954	0.005998	0.000170	0.000001	0.011606
136	0.000911	0.000000	0.000001	0.082194	0.900003	0.005920	0.000153	0.000001	0.010817
137	0.000826	0.000000	0.000002	0.082125	0.900766	0.005948	0.000152	0.000002	0.010179
138	0.000756	0.000000	0.000004	0.082361	0.901371	0.005864	0.000125	0.000001	0.009518
139	0.000690	0.000000	0.000003	0.082403	0.901987	0.005871	0.000128	0.000000	0.008918
140	0.000625	0.000000	0.000003	0.082389	0.902578	0.005911	0.000130	0.000000	0.008364
141	0.000544	0.000000	0.000002	0.082335	0.903290	0.005899	0.000112	0.000000	0.007818
142	0.000477	0.000000	0.000002	0.082606	0.903516	0.005855	0.000095	0.000000	0.007449
143	0.000426	0.000000	0.000001	0.082506	0.904092	0.005794	0.000087	0.000000	0.007094
144	0.000389	0.000000	0.000000	0.082686	0.904466	0.005777	0.000066	0.000000	0.006616
145	0.000350	0.000000	0.000000	0.082677	0.904950	0.005813	0.000062	0.000000	0.006148
146	0.000314	0.000000	0.000000	0.082914	0.905181	0.005841	0.000067	0.000000	0.005683
147	0.000307	0.000000	0.000000	0.082764	0.905653	0.005866	0.000074	0.000000	0.005336
148	0.000276	0.000000	0.000000	0.082663	0.906284	0.005768	0.000070	0.000000	0.004939
149	0.000266	0.000000	0.000000	0.082761	0.906502	0.005795	0.000059	0.000000	0.004617
150	0.000228	0.000000	0.000000	0.082763	0.906920	0.005754	0.000050	0.000000	0.004285
151	0.000196	0.000000	0.000000	0.082906	0.906849	0.005936	0.000049	0.000000	0.004064
152	0.000170	0.000000	0.000000	0.082694	0.907501	0.005791	0.000046	0.000000	0.003798
153	0.000150	0.000000	0.000000	0.082688	0.907714	0.005848	0.000043	0.000000	0.003557
154	0.000127	0.000000	0.000000	0.082577	0.908106	0.005854	0.000044	0.000000	0.003292
155	0.000104	0.000000	0.000000	0.082329	0.908648	0.005803	0.000036	0.000000	0.003080
156	0.000103	0.000000	0.000000	0.082231	0.909091	0.005693	0.000042	0.000000	0.002840
157	0.000079	0.000000	0.000000	0.082225	0.909355	0.005735	0.000037	0.000000	0.002569
158	0.000067	0.000000	0.000000	0.081957	0.909884	0.005650	0.000025	0.000000	0.002417
159	0.000044	0.000000	0.000000	0.081837	0.910271	0.005570	0.000020	0.000000	0.002258
160	0.000043	0.000000	0.000000	0.082600	0.909671	0.005592	0.000017	0.000000	0.002077
161	0.000039	0.000000	0.000000	0.082368	0.910127	0.005545	0.000004	0.000000	0.001917
162	0.000039	0.000000	0.000000	0.082181	0.910322	0.005633	0.000004	0.000000	0.001821
163	0.000035	0.000000	0.000000	0.082306	0.910314	0.005680	0.000000	0.000000	0.001665
164	0.000033	0.000000	0.000000	0.081956	0.910793	0.005657	0.000001	0.000000	0.001560
165	0.000029	0.000000	0.000000	0.081663	0.911135	0.005701	0.000004	0.000000	0.001468
166	0.000032	0.000000	0.000000	0.081313	0.911570	0.005713	0.000003	0.000000	0.001369
167	0.000034	0.000000	0.000000	0.081838	0.911161	0.005717	0.000006	0.000000	0.001244
168	0.000035	0.000000	0.000000	0.081760	0.911346	0.005681	0.000007	0.000000	0.001171
169	0.000026	0.000000	0.000000	0.081582	0.911541	0.005725	0.000006	0.000000	0.001120
170	0.000024	0.000000	0.000000	0.081372	0.911880	0.005687	0.000006	0.000000	0.001031
171	0.000022	0.000000	0.000000	0.081182	0.912261	0.005576	0.000003	0.000000	0.000956
172	0.000019	0.000000	0.000000	0.081310	0.912198	0.005563	0.000001	0.000000	0.000909
173	0.000019	0.000000	0.000000	0.081419	0.912197	0.005493	0.000003	0.000000	0.000869
174	0.000018	0.000000	0.000000	0.082091	0.911654	0.005440	0.000002	0.000000	0.000795
175	0.000009	0.000000	0.000000	0.082304	0.911524	0.005387	0.000000	0.000000	0.000776
176	0.000009	0.000000	0.000000	0.082344	0.911599	0.005329	0.000000	0.000000	0.000719
177	0.000007	0.000000	0.000000	0.082594	0.911371	0.005348	0.000000	0.000000	0.000680
178	0.000008	0.000000	0.000000	0.082205	0.911701	0.005471	0.000000	0.000000	0.000615
179	0.000008	0.000000	0.000000	0.082031	0.911882	0.005506	0.000000	0.000000	0.000573
180	0.000006	0.000000	0.000000	0.082052	0.911926	0.005457	0.000000	0.000000	0.000559
181	0.000007	0.000000	0.000000	0.082068	0.911959	0.005417	0.000000	0.000000	0.000549
182	0.000007	0.000000	0.000000	0.081739	0.912397	0.005338	0.000000	0.000000	0.000519
183	0.000009	0.000000	0.000000	0.081513	0.912684	0.005302	0.000000	0.000000	0.000492
184	0.000007	0.000000	0.000000	0.081647	0.912553	0.005347	0.000000	0.000000	0.000446
185	0.000004	0.000000	0.000000	0.081407	0.912773	0.005371	0.000000	0.000000	0.000445
186	0.000004	0.000000	0.000000	0.081790	0.912467	0.005320	0.000000	0.000000	0.000419
187	0.000005	0.000000	0.000000	0.081397	0.912867	0.005351	0.000000	0.000000	0.000380
188	0.000001	0.000000	0.000000	0.081201	0.913184	0.005238	0.000000	0.000000	0.000376
189	0.000000	0.000000	0.000000	0.081211	0.913166	0.005290	0.000000	0.000000	0.000333
190	0.000000	0.000000	0.000000	0.081079	0.913335	0.005272	0.000000	0.000000	0.000314
191	0.000000	0.000000	0.000000	0.080991	0.913434	0.005276	0.000000	0.000000	0.000299
192	0.000000	0.000000	0.000000	0.080780	0.913731	0.005215	0.000000	0.000000	0.000274
193	0.000000	0.000000	0.000000	0.081217	0.913270	0.005249	0.000000	0.000000	0.000264
194	0.000000	0.000000	0.000000	0.081255	0.913138	0.005366	0.000000	0.000000	0.000241
195	0.000000	0.000000	0.000000	0.081196	0.913198	0.005363	0.000000	0.000000	0.000243
196	0.000000	0.000000	0.000000	0.080955	0.913435	0.005368	0.000000	0.000000	0.000242
197	0.000000	0.000000	0.000000	0.080835	0.913529	0.005408	0.000000	0.000000	0.000228
198	0.000000	0.000000	0.000000	0.080934	0.913444	0.005408	0.000000	0.000000	0.000214
199	0.000000	0.000000	0.000000	0.080687	0.913631	0.005470	0.000000	0.000000	0.000212
200	0.000000	0.000000	0.000000	0.080833	0.913561	0.005406	0.000000	0.000000	0.000200
201	0.000000	0.000000	0.000000	0.080752	0.913550	0.005506	0.000000	0.000000	0.000192
202	0.000000	0.000000	0.000000	0.080772	0.913520	0.005528	0.000000	0.000000	0.000180
203	0.000000	0.000000	0.000000	0.080849	0.913497	0.005499	0.000000	0.000000	0.000155
204	0.000000	0.000000	0.000000	0.080994	0.913354	0.005512	0.000000	0.000000	0.000140
205	0.000000	0.000000	0.000000	0.080558	0.913835	0.005475	0.000000	0.000000	0.000132
206	0.000000	0.000000	0.000000	0.080596	0.913905	0.005381	0.000000	0.000000	0.000118
207	0.000000	0.000000	0.000000	0.080429	0.913990	0.005472	0.000000	0.000000	0.000109
208	0.000000	0.000000	0.000000	0.080585	0.913936	0.005383	0.000000	0.000000	0.000096
209	0.000000	0.000000	0.000000	0.080467	0.914076	0.005370	0.000000	0.000000	0.000087
210	0.000000	0.000000	0.000000	0.080705	0.913843	0.005370	0.000000	0.000000	0.000082
211	0.000000	0.000000	0.000000	0.080480	0.914105	0.005335	0.000000	0.000000	0.000080
212	0.000000	0.000000	0.000000	0.080627	0.913864	0.005435	0.000000	0.000000	0.000074
213	0.000000	0.000000	0.000000	0.080925	0.913629	0.005379	0.000000	0.000000	0.000067
214	0.000000	0.000000	0.000000	0.080963	0.913716	0.005263	0.000000	0.000000	0.000058
215	0.000000	0.000000	0.000000	0.081137	0.913512	0.005296	0.000000	0.000000	0.000055
216	0.000000	0.000000	0.000000	0.081287	0.913405	0.005266	0.000000	0.000000	0.000042
217	0.000000	0.000000	0.000000	0.081370	0.913345	0.005250	0.000000	0.000000	0.000035
218	0.000000	0.000000	0.000000	0.081597	0.913071	0.005307	0.000000	0.000000	0.000025
219	0.000000	0.000000	0.000000	0.081222	0.913376	0.005379	0.000000	0.000000	0.000023
220	0.000000	0.000000	0.000000	0.081351	0.913172	0.005451	0.000000	0.000000	0.000026
221	0.000000	0.000000	0.000000	0.080917	0.913487	0.005577	0.000000	0.000000	0.000019
222	0.000000	0.000000	0.000000	0.081276	0.913219	0.005485	0.000000	0.000000	0.000020
223	0.000000	0.000000	0.000000	0.081387	0.913086	0.005512	0.000000	0.000000	0.000015
224	0.000000	0.000000	0.000000	0.081491	0.912982	0.005507	0.000000	0.000000	0.000020
225	0.000000	0.000000	0.000000	0.081408	0.913007	0.005570	0.000000	0.000000	0.000015
226	0.000000	0.000000	0.000000	0.081471	0.912913	0.005598	0.000000	0.000000	0.000018
227	0.000000	0.000000	0.000000	0.081905	0.912576	0.005506	0.000000	0.000000	0.000013
228	0.000000	0.000000	0.000000	0.082081	0.912437	0.005471	0.000000	0.000000	0.000011
229	0.000000	0.000000	0.000000	0.082032	0.912450	0.005502	0.000000	0.000000	0.000016
230	0.000000	0.000000	0.000000	0.082064	0.912546	0.005374	0.000000	0.000000	0.000016
231	0.000000	0.000000	0.000000	0.082318	0.912222	0.005445	0.000000	0.000000	0.000015
232	0.000000	0.000000	0.000000	0.082188	0.912332	0.005457	0.000000	0.000000	0.000023
233	0.000000	0.000000	0.000000	0.082504	0.911973	0.005498	0.000000	0.000000	0.000025
234	0.000000	0.000000	0.000000	0.082475	0.911945	0.005549	0.000000	0.000000	0.000031
235	0.000000	0.000000	0.000000	0.082343	0.912194	0.005433	0.000000	0.000000	0.000030
236	0.000000	0.000000	0.000000	0.082480	0.912114	0.005374	0.000000	0.000000	0.000032
237	0.000000	0.000000	0.000000	0.082597	0.911948	0.005425	0.000000	0.000000	0.000030
238	0.000000	0.000000	0.000000	0.082422	0.912106	0.005439	0.000000	0.000000	0.000033
239	0.000000	0.000000	0.000000	0.082323	0.912225	0.005419	0.000000	0.000000	0.000033
240	0.000000	0.000000	0.000000	0.082477	0.912141	0.005351	0.000000	0.000000	0.000031
241	0.000000	0.000000	0.000000	0.082513	0.911941	0.005515	0.000000	0.000000	0.000031
242	0.000000	0.000000	0.000000	0.082331	0.912190	0.005446	0.000000	0.000000	0.000033
243	0.000000	0.000000	0.000000	0.082508	0.912022	0.005435	0.000000	0.000000	0.000035
244	0.000000	0.000000	0.000000	0.082389	0.912179	0.005395	0.000000	0.000000	0.000037
245	0.000000	0.000000	0.000000	0.082433	0.912176	0.005358	0.000000	0.000000	0.000033
246	0.000000	0.000000	0.000000	0.082436	0.912192	0.005339	0.000000	0.000000	0.000033
247	0.000000	0.000000	0.000000	0.082597	0.912084	0.005292	0.000000	0.000000	0.000027
248	0.000000	0.000000	0.000000	0.082826	0.911748	0.005402	0.000000	0.000000	0.000024
249	0.000000	0.000000	0.000000	0.082493	0.912057	0.005422	0.000000	0.000000	0.000028
250	0.000000	0.000000	0.000000	0.082558	0.911986	0.005426	0.000000	0.000000	0.000030
251	0.000000	0.000000	0.000000	0.082614	0.911890	0.005469	0.000000	0.000000	0.000027
252	0.000000	0.000000	0.000000	0.082890	0.911590	0.005493	0.000000	0.000000	0.000027
253	0.000000	0.000000	0.000000	0.082781	0.911730	0.005459	0.000000	0.000000	0.000030
254	0.000000	0.000000	0.000000	0.082819	0.911674	0.005480	0.000000	0.000000	0.000027
255	0.000000	0.000000	0.000000	0.082785	0.911743	0.005446	0.000000	0.000000	0.000026
256	0.000000	0.000000	0.000000	0.082502	0.912028	0.005451	0.000000	0.000000	0.000019
257	0.000000	0.000000	0.000000	0.082749	0.911825	0.005409	0.000000	0.000000	0.000017
258	0.000000	0.000000	0.000000	0.083276	0.911285	0.005417	0.000000	0.000000	0.000022
259	0.000000	0.000000	0.000000	0.083114	0.911559	0.005309	0.000000	0.000000	0.000018
260	0.000000	0.000000	0.000000	0.083025	0.911526	0.005430	0.000000	0.000000	0.000019
261	0.000000	0.000000	0.000000	0.083023	0.911408	0.005551	0.000000	0.000000	0.000018
262	0.000000	0.000000	0.000000	0.083233	0.911294	0.005453	0.000000	0.000000	0.000020
263	0.000000	0.000000	0.000000	0.082958	0.911593	0.005423	0.000000	0.000000	0.000026
264	0.000000	0.000000	0.000000	0.082845	0.911634	0.005495	0.000000	0.000000	0.000026
265	0.000000	0.000000	0.000000	0.082542	0.911885	0.005544	0.000000	0.000000	0.000029
266	0.000000	0.000000	0.000000	0.082483	0.911936	0.005556	0.000000	0.000000	0.000025
267	0.000000	0.000000	0.000000	0.082927	0.911493	0.005555	0.000000	0.000000	0.000025
268	0.000000	0.000000	0.000000	0.082966	0.911456	0.005556	0.000000	0.000000	0.000022
269	0.000000	0.000000	0.000000	0.083308	0.911085	0.005586	0.000000	0.000000	0.000021
270	0.000000	0.000000	0.000000	0.083294	0.911140	0.005544	0.000000	0.000000	0.000022
271	0.000000	0.000000	0.000000	0.083161	0.911273	0.005547	0.000000	0.000000	0.000019
272	0.000000	0.000000	0.000000	0.082942	0.911539	0.005499	0.000000	0.000000	0.000020
273	0.000000	0.000000	0.000000	0.083037	0.911375	0.005567	0.000000	0.000000	0.000021
274	0.000000	0.000000	0.000000	0.083046	0.911234	0.005702	0.000000	0.000000	0.000018
275	0.000000	0.000000	0.000000	0.082638	0.911663	0.005686	0.000000	0.000000	0.000013
276	0.000000	0.000000	0.000000	0.082674	0.911609	0.005706	0.000000	0.000000	0.000011
277	0.000000	0.000000	0.000000	0.082445	0.911856	0.005695	0.000000	0.000000	0.000004
278	0.000000	0.000000	0.000000	0.082377	0.911872	0.005739	0.000000	0.000000	0.000012
279	0.000000	0.000000	0.000000	0.082632	0.911616	0.005738	0.000000	0.000000	0.000014
280	0.000000	0.000000	0.000000	0.082592	0.911603	0.005792	0.000000	0.000000	0.000013
281	0.000000	0.000000	0.000000	0.082450	0.911669	0.005868	0.000000	0.000000	0.000013
282	0.000000	0.000000	0.000000	0.082389	0.911753	0.005844	0.000000	0.000000	0.000014
283	0.000000	0.000000	0.000000	0.082613	0.911493	0.005883	0.000000	0.000000	0.000011
284	0.000000	0.000000	0.000000	0.082417	0.911654	0.005921	0.000000	0.000000	0.000008
285	0.000000	0.000000	0.000000	0.082273	0.911810	0.005907	0.000000	0.000000	0.000010
286	0.000000	0.000000	0.000000	0.082447	0.911595	0.005951	0.000000	0.000000	0.000007
287	0.000000	0.000000	0.000000	0.082665	0.911326	0.005998	0.000000	0.000000	0.000011
288	0.000000	0.000000	0.000000	0.082694	0.911286	0.006008	0.000000	0.000000	0.000012
289	0.000000	0.000000	0.000000	0.082690	0.911366	0.005935	0.000000	0.000000	0.000009
290	0.000000	0.000000	0.000000	0.083132	0.911064	0.005795	0.000000	0.000000	0.000009
291	0.000000	0.000000	0.000000	0.083183	0.910889	0.005924	0.000000	0.000000	0.000004
292	0.000000	0.000000	0.000000	0.083224	0.910835	0.005937	0.000000	0.000000	0.000004
293	0.000000	0.000000	0.000000	0.083595	0.910477	0.005925	0.000000	0.000000	0.000003
294	0.000000	0.000000	0.000000	0.083821	0.910279	0.005897	0.000000	0.000000	0.000003
295	0.000000	0.000000	0.000000	0.083526	0.910553	0.005920	0.000000	0.000000	0.000001
296	0.000000	0.000000	0.000000	0.083323	0.910900	0.005777	0.000000	0.000000	0.000000
297	0.000000	0.000000	0.000000	0.083466	0.910717	0.005817	0.000000	0.000000	0.000000
298	0.000000	0.000000	0.000000	0.083177	0.910929	0.005894	0.000000	0.000000	0.000000
299	0.000000	0.000000	0.000000	0.083019	0.911027	0.005954	0.000000	0.000000	0.000000
300	0.000000	0.000000	0.000000	0.083162	0.910847	0.005991	0.000000	0.000000	0.000000
301	0.000000	0.000000	0.000000	0.083091	0.910922	0.005987	0.000000	0.000000	0.000000
302	0.000000	0.000000	0.000000	0.082929	0.911050	0.006021	0.000000	0.000000	0.000000
303	0.000000	0.000000	0.000000	0.082735	0.911299	0.005966	0.000000	0.000000	0.000000
304	0.000000	0.000000	0.000000	0.082803	0.911184	0.006013	0.000000	0.000000	0.000000
305	0.000000	0.000000	0.000000	0.082506	0.911592	0.005902	0.000000	0.000000	0.000000
306	0.000000	0.000000	0.000000	0.082711	0.911401	0.005888	0.000000	0.000000	0.000000
307	0.000000	0.000000	0.000000	0.082445	0.911598	0.005957	0.000000	0.000000	0.000000
308	0.000000	0.000000	0.000000	0.082265	0.911732	0.006003	0.000000	0.000000	0.000000
309	0.000000	0.000000	0.000000	0.082242	0.911765	0.005993	0.000000	0.000000	0.000000
310	0.000000	0.000000	0.000000	0.081954	0.912011	0.006035	0.000000	0.000000	0.000000
311	0.000000	0.000000	0.000000	0.082406	0.911492	0.006102	0.000000	0.000000	0.000000
312	0.000000	0.000000	0.000000	0.082168	0.911743	0.006089	0.000000	0.000000	0.000000
313	0.000000	0.000000	0.000000	0.082158	0.911824	0.006018	0.000000	0.000000	0.000000
314	0.000000	0.000000	0.000000	0.082053	0.911860	0.006087	0.000000	0.000000	0.000000
315	0.000000	0.000000	0.000000	0.082038	0.911849	0.006113	0.000000	0.000000	0.000000
316	0.000000	0.000000	0.000000	0.081767	0.912161	0.006072	0.000000	0.000000	0.000000
317	0.000000	0.000000	0.000000	0.081525	0.912445	0.006030	0.000000	0.000000	0.000000
318	0.000000	0.000000	0.000000	0.081569	0.912459	0.005972	0.000000	0.000000	0.000000
319	0.000000	0.000000	0.000000	0.081651	0.912424	0.005925	0.000000	0.000000	0.000000
320	0.000000	0.000000	0.000000	0.081664	0.912494	0.005842	0.000000	0.000000	0.000000
321	0.000000	0.000000	0.000000	0.081749	0.912454	0.005797	0.000000	0.000000	0.000000
322	0.000000	0.000000	0.000000	0.081665	0.912490	0.005845	0.000000	0.000000	0.000000
323	0.000000	0.000000	0.000000	0.081708	0.912373	0.005919	0.000000	0.000000	0.000000
324	0.000000	0.000000	0.000000	0.081686	0.912452	0.005862	0.000000	0.000000	0.000000
325	0.000000	0.000000	0.000000	0.081408	0.912638	0.005954	0.000000	0.000000	0.000000
326	0.000000	0.000000	0.000000	0.081251	0.912752	0.005997	0.000000	0.000000	0.000000
327	0.000000	0.000000	0.000000	0.081128	0.912960	0.005912	0.000000	0.000000	0.000000
328	0.000000	0.000000	0.000000	0.081417	0.912636	0.005947	0.000000	0.000000	0.000000
329	0.000000	0.000000	0.000000	0.081507	0.912535	0.005958	0.000000	0.000000	0.000000
330	0.000000	0.000000	0.000000	0.081339	0.912727	0.005934	0.000000	0.000000	0.000000
331	0.000000	0.000000	0.000000	0.081134	0.913026	0.005840	0.000000	0.000000	0.000000
332	0.000000	0.000000	0.000000	0.081303	0.912765	0.005932	0.000000	0.000000	0.000000
333	0.000000	0.000000	0.000000	0.081129	0.912861	0.006010	0.000000	0.000000	0.000000
334	0.000000	0.000000	0.000000	0.081080	0.912898	0.006022	0.000000	0.000000	0.000000
335	0.000000	0.000000	0.000000	0.081087	0.912907	0.006006	0.000000	0.000000	0.000000
336	0.000000	0.000000	0.000000	0.081439	0.912609	0.005952	0.000000	0.000000	0.000000
337	0.000000	0.000000	0.000000	0.081434	0.912676	0.005890	0.000000	0.000000	0.000000
338	0.000000	0.000000	0.000000	0.081244	0.912778	0.005978	0.000000	0.000000	0.000000
339	0.000000	0.000000	0.000000	0.081335	0.912811	0.005854	0.000000	0.000000	0.000000
340	0.000000	0.000000	0.000000	0.080983	0.913089	0.005928	0.000000	0.000000	0.000000
341	0.000000	0.000000	0.000000	0.080884	0.913239	0.005877	0.000000	0.000000	0.000000
342	0.000000	0.000000	0.000000	0.080893	0.913209	0.005898	0.000000	0.000000	0.000000
343	0.000000	0.000000	0.000000	0.081195	0.912976	0.005829	0.000000	0.000000	0.000000
344	0.000000	0.000000	0.000000	0.080802	0.913398	0.005800	0.000000	0.000000	0.000000
345	0.000000	0.000000	0.000000	0.080806	0.913414	0.005780	0.000000	0.000000	0.000000
346	0.000000	0.000000	0.000000	0.080810	0.913328	0.005862	0.000000	0.000000	0.000000
347	0.000000	0.000000	0.000000	0.080878	0.913226	0.005896	0.000000	0.000000	0.000000
348	0.000000	0.000000	0.000000	0.080957	0.913140	0.005903	0.000000	0.000000	0.000000
349	0.000000	0.000000	0.000000	0.080687	0.913482	0.005831	0.000000	0.000000	0.000000
350	0.000000	0.000000	0.000000	0.080512	0.913658	0.005830	0.000000	0.000000	0.000000
351	0.000000	0.000000	0.000000	0.080803	0.913391	0.005806	0.000000	0.000000	0.000000
352	0.000000	0.000000	0.000000	0.081108	0.913069	0.005823	0.000000	0.000000	0.000000
353	0.000000	0.000000	0.000000	0.081196	0.912911	0.005893	0.000000	0.000000	0.000000
354	0.000000	0.000000	0.000000	0.081112	0.913082	0.005806	0.000000	0.000000	0.000000
355	0.000000	0.000000	0.000000	0.081028	0.913256	0.005716	0.000000	0.000000	0.000000
356	0.000000	0.000000	0.000000	0.081273	0.912957	0.005770	0.000000	0.000000	0.000000
357	0.000000	0.000000	0.000000	0.081109	0.913086	0.005805	0.000000	0.000000	0.000000
358	0.000000	0.000000	0.000000	0.081086	0.913144	0.005770	0.000000	0.000000	0.000000
359	0.000000	0.000000	0.000000	0.081304	0.912827	0.005869	0.000000	0.000000	0.000000
360	0.000000	0.000000	0.000000	0.081434	0.912733	0.005833	0.000000	0.000000	0.000000
361	0.000000	0.000000	0.000000	0.081532	0.912578	0.005890	0.000000	0.000000	0.000000
362	0.000000	0.000000	0.000000	0.081366	0.912796	0.005838	0.000000	0.000000	0.000000
363	0.000000	0.000000	0.000000	0.081408	0.912696	0.005896	0.000000	0.000000	0.000000
364	0.000000	0.000000	0.000000	0.081220	0.912837	0.005943	0.000000	0.000000	0.000000
365	0.000000	0.000000	0.000000	0.081179	0.912965	0.005856	0.000000	0.000000	0.000000
366	0.000000	0.000000	0.000000	0.080967	0.913183	0.005850	0.000000	0.000000	0.000000
367	0.000000	0.000000	0.000000	0.080857	0.913366	0.005777	0.000000	0.000000	0.000000
368	0.000000	0.000000	0.000000	0.080956	0.913184	0.005860	0.000000	0.000000	0.000000
369	0.000000	0.000000	0.000000	0.080806	0.913302	0.005892	0.000000	0.000000	0.000000
370	0.000000	0.000000	0.000000	0.080452	0.913668	0.005880	0.000000	0.000000	0.000000
371	0.000000	0.000000	0.000000	0.080496	0.913649	0.005855	0.000000	0.000000	0.000000
372	0.000000	0.000000	0.000000	0.080523	0.913666	0.005811	0.000000	0.000000	0.000000
373	0.000000	0.000000	0.000000	0.080511	0.913608	0.005881	0.000000	0.000000	0.000000
374	0.000000	0.000000	0.000000	0.080665	0.913553	0.005782	0.000000	0.000000	0.000000
375	0.000000	0.000000	0.000000	0.080465	0.913728	0.005807	0.000000	0.000000	0.000000
376	0.000000	0.000000	0.000000	0.080595	0.913571	0.005834	0.000000	0.000000	0.000000
377	0.000000	0.000000	0.000000	0.080754	0.913483	0.005763	0.000000	0.000000	0.000000
378	0.000000	0.000000	0.000000	0.080741	0.913611	0.005648	0.000000	0.000000	0.000000
379	0.000000	0.000000	0.000000	0.080932	0.913338	0.005730	0.000000	0.000000	0.000000
380	0.000000	0.000000	0.000000	0.081066	0.913153	0.005781	0.000000	0.000000	0.000000
381	0.000000	0.000000	0.000000	0.081076	0.913096	0.005828	0.000000	0.000000	0.000000
382	0.000000	0.000000	0.000000	0.081242	0.912939	0.005819	0.000000	0.000000	0.000000
383	0.000000	0.000000	0.000000	0.081302	0.912910	0.005788	0.000000	0.000000	0.000000
384	0.000000	0.000000	0.000000	0.081395	0.912812	0.005793	0.000000	0.000000	0.000000
385	0.000000	0.000000	0.000000	0.081373	0.912806	0.005821	0.000000	0.000000	0.000000
386	0.000000	0.000000	0.000000	0.081076	0.913056	0.005868	0.000000	0.000000	0.000000
387	0.000000	0.000000	0.000000	0.081101	0.913128	0.005771	0.000000	0.000000	0.000000
388	0.000000	0.000000	0.000000	0.081346	0.912782	0.005872	0.000000	0.000000	0.000000
389	0.000000	0.000000	0.000000	0.081287	0.912870	0.005843	0.000000	0.000000	0.000000
390	0.000000	0.000000	0.000000	0.081239	0.912942	0.005819	0.000000	0.000000	0.000000
391	0.000000	0.000000	0.000000	0.081317	0.912835	0.005848	0.000000	0.000000	0.000000
392	0.000000	0.000000	0.000000	0.081380	0.912675	0.005945	0.000000	0.000000	0.000000
393	0.000000	0.000000	0.000000	0.081793	0.912307	0.005900	0.000000	0.000000	0.000000
394	0.000000	0.000000	0.000000	0.081806	0.912264	0.005930	0.000000	0.000000	0.000000
395	0.000000	0.000000	0.000000	0.081537	0.912520	0.005943	0.000000	0.000000	0.000000
396	0.000000	0.000000	0.000000	0.081758	0.912215	0.006027	0.000000	0.000000	0.000000
397	0.000000	0.000000	0.000000	0.081479	0.912656	0.005865	0.000000	0.000000	0.000000
398	0.000000	0.000000	0.000000	0.081216	0.912928	0.005856	0.000000	0.000000	0.000000
399	0.000000	0.000000	0.000000	0.081384	0.912779	0.005837	0.000000	0.000000	0.000000
400	0.000000	0.000000	0.000000	0.081510	0.912541	0.005949	0.000000	0.000000	0.000000
401	0.000000	0.000000	0.000000	0.081332	0.912703	0.005965	0.000000	0.000000	0.000000
402	0.000000	0.000000	0.000000	0.080871	0.913096	0.006033	0.000000	0.000000	0.000000
403	0.000000	0.000000	0.000000	0.081082	0.912850	0.006068	0.000000	0.000000	0.000000
404	0.000000	0.000000	0.000000	0.081358	0.912626	0.006016	0.000000	0.000000	0.000000
405	0.000000	0.000000	0.000000	0.081534	0.912461	0.006005	0.000000	0.000000	0.000000
406	0.000000	0.000000	0.000000	0.081710	0.912314	0.005976	0.000000	0.000000	0.000000
407	0.000000	0.000000	0.000000	0.081844	0.912090	0.006066	0.000000	0.000000	0.000000
408	0.000000	0.000000	0.000000	0.081864	0.912194	0.005942	0.000000	0.000000	0.000000
409	0.000000	0.000000	0.000000	0.081925	0.912174	0.005901	0.000000	0.000000	0.000000
410	0.000000	0.000000	0.000000	0.081858	0.912233	0.005909	0.000000	0.000000	0.000000
411	0.000000	0.000000	0.000000	0.081847	0.912263	0.005890	0.000000	0.000000	0.000000
412	0.000000	0.000000	0.000000	0.081656	0.912465	0.005879	0.000000	0.000000	0.000000
413	0.000000	0.000000	0.000000	0.081492	0.912517	0.005991	0.000000	0.000000	0.000000
414	0.000000	0.000000	0.000000	0.081573	0.912410	0.006017	0.000000	0.000000	0.000000
415	0.000000	0.000000	0.000000	0.081610	0.912351	0.006039	0.000000	0.000000	0.000000
416	0.000000	0.000000	0.000000	0.081400	0.912620	0.005980	0.000000	0.000000	0.000000
417	0.000000	0.000000	0.000000	0.081588	0.912400	0.006012	0.000000	0.000000	0.000000
418	0.000000	0.000000	0.000000	0.081683	0.912403	0.005914	0.000000	0.000000	0.000000
419	0.000000	0.000000	0.000000	0.081571	0.912586	0.005843	0.000000	0.000000	0.000000
420	0.000000	0.000000	0.000000	0.081546	0.912550	0.005904	0.000000	0.000000	0.000000
421	0.000000	0.000000	0.000000	0.081555	0.912573	0.005872	0.000000	0.000000	0.000000
422	0.000000	0.000000	0.000000	0.081613	0.912540	0.005847	0.000000	0.000000	0.000000
423	0.000000	0.000000	0.000000	0.081735	0.912327	0.005938	0.000000	0.000000	0.000000
424	0.000000	0.000000	0.000000	0.081744	0.912261	0.005995	0.000000	0.000000	0.000000
425	0.000000	0.000000	0.000000	0.081667	0.912308	0.006025	0.000000	0.000000	0.000000
426	0.000000	0.000000	0.000000	0.081814	0.912118	0.006068	0.000000	0.000000	0.000000
427	0.000000	0.000000	0.000000	0.081646	0.912226	0.006128	0.000000	0.000000	0.000000
428	0.000000	0.000000	0.000000	0.081879	0.912067	0.006054	0.000000	0.000000	0.000000
429	0.000000	0.000000	0.000000	0.081468	0.912517	0.006015	0.000000	0.000000	0.000000
430	0.000000	0.000000	0.000000	0.081790	0.912151	0.006059	0.000000	0.000000	0.000000
431	0.000000	0.000000	0.000000	0.081630	0.912326	0.006044	0.000000	0.000000	0.000000
432	0.000000	0.000000	0.000000	0.081464	0.912460	0.006076	0.000000	0.000000	0.000000
433	0.000000	0.000000	0.000000	0.081520	0.912402	0.006078	0.000000	0.000000	0.000000
434	0.000000	0.000000	0.000000	0.081426	0.912425	0.006149	0.000000	0.000000	0.000000
435	0.000000	0.000000	0.000000	0.081242	0.912601	0.006157	0.000000	0.000000	0.000000
436	0.000000	0.000000	0.000000	0.081486	0.912322	0.006192	0.000000	0.000000	0.000000
437	0.000000	0.000000	0.000000	0.081554	0.912180	0.006266	0.000000	0.000000	0.000000
438	0.000000	0.000000	0.000000	0.081574	0.912136	0.006290	0.000000	0.000000	0.000000
439	0.000000	0.000000	0.000000	0.081580	0.912163	0.006257	0.000000	0.000000	0.000000
440	0.000000	0.000000	0.000000	0.081590	0.912129	0.006281	0.000000	0.000000	0.000000
441	0.000000	0.000000	0.000000	0.081679	0.911981	0.006340	0.000000	0.000000	0.000000
442	0.000000	0.000000	0.000000	0.081821	0.911738	0.006441	0.000000	0.000000	0.000000
443	0.000000	0.000000	0.000000	0.081830	0.911800	0.006370	0.000000	0.000000	0.000000
444	0.000000	0.000000	0.000000	0.081867	0.911748	0.006385	0.000000	0.000000	0.000000
445	0.000000	0.000000	0.000000	0.081846	0.911838	0.006316	0.000000	0.000000	0.000000
446	0.000000	0.000000	0.000000	0.081824	0.911872	0.006304	0.000000	0.000000	0.000000
447	0.000000	0.000000	0.000000	0.081924	0.911871	0.006205	0.000000	0.000000	0.000000
448	0.000000	0.000000	0.000000	0.081854	0.912003	0.006143	0.000000	0.000000	0.000000
449	0.000000	0.000000	0.000000	0.081674	0.912232	0.006094	0.000000	0.000000	0.000000
450	0.000000	0.000000	0.000000	0.081225	0.912643	0.006132	0.000000	0.000000	0.000000
451	0.000000	0.000000	0.000000	0.081264	0.912658	0.006078	0.000000	0.000000	0.000000
452	0.000000	0.000000	0.000000	0.081594	0.912358	0.006048	0.000000	0.000000	0.000000
453	0.000000	0.000000	0.000000	0.081689	0.912287	0.006024	0.000000	0.000000	0.000000
454	0.000000	0.000000	0.000000	0.081503	0.912446	0.006051	0.000000	0.000000	0.000000
455	0.000000	0.000000	0.000000	0.081365	0.912504	0.006131	0.000000	0.000000	0.000000
456	0.000000	0.000000	0.000000	0.081406	0.912480	0.006114	0.000000	0.000000	0.000000
457	0.000000	0.000000	0.000000	0.081384	0.912462	0.006154	0.000000	0.000000	0.000000
458	0.000000	0.000000	0.000000	0.081571	0.912310	0.006119	0.000000	0.000000	0.000000
459	0.000000	0.000000	0.000000	0.081490	0.912325	0.006185	0.000000	0.000000	0.000000
460	0.000000	0.000000	0.000000	0.081422	0.912298	0.006280	0.000000	0.000000	0.000000
461	0.000000	0.000000	0.000000	0.081650	0.912154	0.006196	0.000000	0.000000	0.000000
462	0.000000	0.000000	0.000000	0.081222	0.912561	0.006217	0.000000	0.000000	0.000000
463	0.000000	0.000000	0.000000	0.081076	0.912623	0.006301	0.000000	0.000000	0.000000
464	0.000000	0.000000	0.000000	0.081077	0.912637	0.006286	0.000000	0.000000	0.000000
465	0.000000	0.000000	0.000000	0.080603	0.913095	0.006302	0.000000	0.000000	0.000000
466	0.000000	0.000000	0.000000	0.080701	0.913020	0.006279	0.000000	0.000000	0.000000
467	0.000000	0.000000	0.000000	0.080718	0.912965	0.006317	0.000000	0.000000	0.000000
468	0.000000	0.000000	0.000000	0.080569	0.913104	0.006327	0.000000	0.000000	0.000000
469	0.000000	0.000000	0.000000	0.080337	0.913374	0.006289	0.000000	0.000000	0.000000
470	0.000000	0.000000	0.000000	0.080421	0.913245	0.006334	0.000000	0.000000	0.000000
