0	0.290663	0.057897	0.229473	0.157588	0.029913	0.111872	0.085455	0.012259	0.024880
1	0.226864	0.046805	0.195686	0.137688	0.028304	0.118450	0.126026	0.024482	0.095695
2	0.222218	0.045758	0.191326	0.129875	0.027767	0.112631	0.133137	0.026149	0.111139
3	0.223196	0.045683	0.188425	0.123678	0.027472	0.105689	0.137524	0.026904	0.121429
4	0.225269	0.045695	0.186631	0.118261	0.027398	0.098837	0.139991	0.026961	0.130957
5	0.228835	0.045484	0.183767	0.113010	0.027295	0.092587	0.141611	0.027059	0.140352
6	0.232722	0.045435	0.180650	0.107700	0.027367	0.086431	0.143621	0.027387	0.148687
7	0.235784	0.045780	0.177145	0.103071	0.027445	0.081309	0.145181	0.027339	0.156946
8	0.239534	0.046115	0.173673	0.098225	0.027462	0.075256	0.146718	0.027154	0.165863
9	0.243052	0.045989	0.169876	0.094015	0.027558	0.069962	0.147654	0.027412	0.174482
10	0.246609	0.046349	0.165754	0.090540	0.027891	0.064979	0.147718	0.027168	0.182992
11	0.250380	0.046353	0.162011	0.086966	0.028161	0.060086	0.147739	0.027099	0.191205
12	0.253921	0.046450	0.158383	0.083375	0.028648	0.055451	0.147249	0.026733	0.199790
13	0.257724	0.046521	0.154369	0.080172	0.028886	0.051351	0.146896	0.026555	0.207526
14	0.261265	0.046418	0.150092	0.076708	0.029250	0.047643	0.146477	0.026500	0.215647
15	0.264372	0.046676	0.146371	0.073452	0.029433	0.044166	0.145318	0.026503	0.223709
16	0.267542	0.046722	0.142153	0.070622	0.029734	0.041140	0.144254	0.026126	0.231707
17	0.271323	0.046910	0.138539	0.067704	0.029882	0.037819	0.143204	0.025679	0.238940
18	0.273899	0.046967	0.134595	0.064622	0.030406	0.035016	0.142431	0.025537	0.246527
19	0.277098	0.047030	0.130311	0.062089	0.030706	0.032357	0.141154	0.025049	0.254206
20	0.280189	0.047117	0.126154	0.059832	0.031032	0.029783	0.139854	0.024811	0.261228
21	0.283650	0.047027	0.122256	0.057397	0.031535	0.027538	0.138397	0.024513	0.267687
22	0.286944	0.046863	0.117934	0.054990	0.031920	0.025211	0.136663	0.024263	0.275212
23	0.289791	0.046648	0.113951	0.052782	0.032187	0.023490	0.135074	0.023920	0.282157
24	0.292464	0.046641	0.109949	0.050437	0.032518	0.021506	0.133828	0.023411	0.289246
25	0.295318	0.046572	0.106286	0.048538	0.032970	0.019894	0.131907	0.023007	0.295508
26	0.297085	0.046614	0.102383	0.046583	0.033745	0.018185	0.130588	0.022784	0.302033
27	0.299726	0.046463	0.098571	0.044389	0.034137	0.016878	0.128955	0.022240	0.308641
28	0.302575	0.046109	0.095167	0.042670	0.034706	0.015628	0.126544	0.021905	0.314696
29	0.304859	0.046161	0.091508	0.040822	0.035304	0.014537	0.124146	0.021462	0.321201
30	0.307282	0.046031	0.088024	0.039312	0.035719	0.013405	0.121968	0.021031	0.327228
31	0.308865	0.045945	0.084843	0.037461	0.036115	0.012292	0.120107	0.020568	0.333804
32	0.309963	0.045928	0.081870	0.036030	0.036538	0.011362	0.117891	0.020265	0.340153
33	0.311505	0.045430	0.079118	0.034640	0.036936	0.010591	0.116322	0.019696	0.345762
34	0.313692	0.045283	0.076005	0.033329	0.037578	0.009846	0.114539	0.019377	0.350351
35	0.314829	0.045393	0.073071	0.031964	0.038039	0.009042	0.113086	0.018663	0.355913
36	0.316254	0.045216	0.069956	0.030792	0.038492	0.008255	0.111362	0.018215	0.361458
37	0.317172	0.045130	0.067653	0.029632	0.039014	0.007666	0.109669	0.017677	0.366387
38	0.318862	0.045008	0.064629	0.028310	0.039745	0.007057	0.107763	0.017078	0.371548
39	0.319881	0.045138	0.061747	0.026965	0.040151	0.006500	0.105947	0.016879	0.376792
40	0.320722	0.044806	0.059167	0.025820	0.040701	0.006028	0.104455	0.016538	0.381763
41	0.321391	0.044424	0.057003	0.024733	0.041043	0.005578	0.102426	0.016197	0.387205
42	0.322232	0.043975	0.054644	0.023670	0.041509	0.005125	0.100599	0.015850	0.392396
43	0.322842	0.044259	0.052211	0.022475	0.041805	0.004669	0.098751	0.015450	0.397538
44	0.323600	0.044140	0.050101	0.021472	0.042419	0.004260	0.096715	0.015102	0.402191
45	0.325073	0.043581	0.047827	0.020888	0.042797	0.004049	0.094662	0.014749	0.406374
46	0.325327	0.043214	0.045914	0.019972	0.043563	0.003745	0.092688	0.014668	0.410909
47	0.326170	0.042857	0.043713	0.019090	0.044256	0.003446	0.090968	0.014195	0.415305
48	0.326105	0.042377	0.042016	0.018369	0.044949	0.003194	0.089501	0.013950	0.419539
49	0.326504	0.041842	0.039922	0.017529	0.045434	0.002894	0.087913	0.013660	0.424302
50	0.326658	0.041802	0.038369	0.016635	0.046010	0.002664	0.086021	0.013443	0.428398
51	0.326400	0.041670	0.036713	0.016020	0.046608	0.002499	0.084356	0.013106	0.432628
52	0.326737	0.041370	0.035120	0.015297	0.047002	0.002345	0.082526	0.012994	0.436609
53	0.326434	0.040953	0.033663	0.014647	0.047652	0.002131	0.080704	0.012551	0.441265
54	0.326495	0.040743	0.032135	0.014065	0.048133	0.001972	0.079418	0.012215	0.444824
55	0.326764	0.040513	0.030773	0.013557	0.048928	0.001847	0.077502	0.011935	0.448181
56	0.326108	0.040358	0.029336	0.012945	0.049723	0.001741	0.075946	0.011569	0.452274
57	0.325362	0.040091	0.028167	0.012357	0.050138	0.001530	0.074765	0.011381	0.456209
58	0.324546	0.039655	0.026681	0.011986	0.050661	0.001482	0.073614	0.011038	0.460337
59	0.324456	0.039246	0.025580	0.011556	0.051133	0.001377	0.072365	0.010774	0.463513
60	0.323465	0.039003	0.024713	0.011134	0.051687	0.001198	0.071127	0.010641	0.467032
61	0.322544	0.038643	0.023420	0.010637	0.052568	0.001155	0.069668	0.010506	0.470859
62	0.321318	0.038230	0.022336	0.010203	0.053172	0.001064	0.068526	0.010267	0.474884
63	0.320690	0.037798	0.021477	0.009737	0.053380	0.000984	0.067215	0.010209	0.478510
64	0.319657	0.037278	0.020577	0.009476	0.054169	0.000929	0.065754	0.010167	0.481993
65	0.318207	0.037073	0.019620	0.009192	0.054579	0.000831	0.064662	0.009876	0.485960
66	0.316924	0.036566	0.018825	0.008809	0.055329	0.000770	0.063888	0.009665	0.489224
67	0.315783	0.036174	0.018084	0.008445	0.055593	0.000709	0.062535	0.009546	0.493131
68	0.314366	0.035781	0.017166	0.007957	0.056063	0.000670	0.061675	0.009406	0.496916
69	0.312925	0.035501	0.016469	0.007622	0.056733	0.000612	0.060510	0.009121	0.500507
70	0.311532	0.035257	0.015772	0.007143	0.057430	0.000581	0.059609	0.008841	0.503835
71	0.310353	0.034898	0.015116	0.006968	0.058028	0.000516	0.058139	0.008620	0.507362
72	0.308795	0.034821	0.014364	0.006674	0.058487	0.000500	0.056933	0.008474	0.510952
73	0.307479	0.034247	0.013774	0.006454	0.059122	0.000465	0.056023	0.008297	0.514139
74	0.306070	0.033636	0.012971	0.006274	0.059903	0.000455	0.055228	0.008256	0.517207
75	0.304029	0.033259	0.012459	0.006107	0.060261	0.000403	0.054284	0.008076	0.521122
76	0.302431	0.032857	0.011904	0.006045	0.061029	0.000388	0.053507	0.007685	0.524154
77	0.301312	0.032327	0.011344	0.005759	0.061382	0.000359	0.052456	0.007578	0.527483
78	0.299747	0.032042	0.010770	0.005559	0.061745	0.000352	0.051864	0.007438	0.530483
79	0.298198	0.031528	0.010105	0.005259	0.062450	0.000339	0.050982	0.007429	0.533710
80	0.296569	0.031011	0.009529	0.005133	0.062854	0.000300	0.050090	0.007178	0.537336
81	0.294203	0.030405	0.009028	0.004792	0.063835	0.000263	0.049645	0.007075	0.540754
82	0.292395	0.030108	0.008437	0.004646	0.064587	0.000237	0.048606	0.006979	0.544005
83	0.290536	0.029878	0.008031	0.004404	0.065078	0.000230	0.047951	0.006764	0.547128
84	0.288767	0.029399	0.007760	0.004251	0.065710	0.000206	0.046996	0.006597	0.550314
85	0.286314	0.029399	0.007263	0.004039	0.066103	0.000177	0.046546	0.006475	0.553684
86	0.283871	0.028906	0.006930	0.003857	0.066707	0.000183	0.046025	0.006395	0.557126
87	0.281742	0.028519	0.006524	0.003723	0.067315	0.000175	0.045468	0.006241	0.560293
88	0.280023	0.028199	0.006195	0.003586	0.067773	0.000152	0.044679	0.006155	0.563238
89	0.277574	0.027885	0.005824	0.003424	0.068500	0.000154	0.044073	0.006029	0.566537
90	0.275212	0.027614	0.005632	0.003246	0.068778	0.000150	0.043285	0.005958	0.570125
91	0.273598	0.027139	0.005445	0.003117	0.069334	0.000137	0.042741	0.005811	0.572678
92	0.271547	0.026706	0.005153	0.002979	0.069508	0.000129	0.042151	0.005766	0.576061
93	0.268904	0.026538	0.004834	0.002933	0.069934	0.000130	0.041554	0.005663	0.579510
94	0.266756	0.026342	0.004559	0.002885	0.070430	0.000123	0.040996	0.005537	0.582372
95	0.264318	0.026066	0.004312	0.002745	0.070996	0.000119	0.040193	0.005478	0.585773
96	0.262388	0.025671	0.004053	0.002601	0.071659	0.000108	0.039763	0.005420	0.588337
97	0.260286	0.025191	0.003797	0.002534	0.071979	0.000097	0.039171	0.005308	0.591637
98	0.258439	0.024790	0.003628	0.002405	0.072275	0.000096	0.038857	0.005394	0.594116
99	0.256391	0.024638	0.003486	0.002339	0.072528	0.000088	0.038392	0.005387	0.596751
100	0.253935	0.024335	0.003282	0.002230	0.072770	0.000080	0.037849	0.005394	0.600125
101	0.251620	0.024047	0.003180	0.002135	0.073289	0.000083	0.037446	0.005345	0.602855
102	0.249692	0.023524	0.003008	0.002098	0.073574	0.000073	0.037158	0.005294	0.605579
103	0.247355	0.023132	0.002926	0.002086	0.074248	0.000065	0.036496	0.005244	0.608448
104	0.245189	0.022974	0.002769	0.001949	0.074578	0.000058	0.036284	0.005119	0.611080
105	0.242773	0.022888	0.002636	0.001850	0.075025	0.000066	0.035787	0.005079	0.613896
106	0.240915	0.022447	0.002551	0.001794	0.075161	0.000063	0.035146	0.005033	0.616890
107	0.238168	0.022173	0.002430	0.001789	0.075894	0.000052	0.034951	0.004941	0.619602
108	0.235571	0.022098	0.002383	0.001775	0.076038	0.000042	0.034345	0.004824	0.622924
109	0.233058	0.021744	0.002262	0.001701	0.076498	0.000041	0.033802	0.004853	0.626041
110	0.231139	0.021345	0.002120	0.001678	0.076694	0.000036	0.033592	0.004806	0.628590
111	0.228517	0.020993	0.002027	0.001644	0.077103	0.000036	0.032997	0.004713	0.631970
112	0.226050	0.020535	0.001885	0.001615	0.077650	0.000027	0.032708	0.004643	0.634887
113	0.223823	0.020114	0.001782	0.001551	0.078064	0.000024	0.032108	0.004619	0.637915
114	0.221800	0.019734	0.001689	0.001610	0.078307	0.000022	0.031818	0.004627	0.640393
115	0.219327	0.019805	0.001638	0.001509	0.078711	0.000016	0.031448	0.004571	0.642975
116	0.217428	0.019398	0.001543	0.001441	0.079085	0.000018	0.031329	0.004500	0.645258
117	0.215016	0.019262	0.001504	0.001480	0.079578	0.000016	0.031169	0.004488	0.647487
118	0.212495	0.019028	0.001476	0.001483	0.079887	0.000014	0.030770	0.004506	0.650341
119	0.209977	0.018779	0.001394	0.001438	0.080365	0.000013	0.030648	0.004431	0.652955
120	0.207656	0.018405	0.001335	0.001396	0.080967	0.000009	0.030261	0.004386	0.655585
121	0.205162	0.017960	0.001216	0.001366	0.081309	0.000013	0.030080	0.004326	0.658568
122	0.202648	0.017685	0.001208	0.001331	0.081703	0.000011	0.029866	0.004428	0.661120
123	0.200636	0.017293	0.001118	0.001257	0.082217	0.000010	0.029723	0.004291	0.663455
124	0.198405	0.017074	0.001065	0.001252	0.082351	0.000010	0.029844	0.004311	0.665688
125	0.195944	0.016844	0.000981	0.001221	0.082718	0.000011	0.029610	0.004242	0.668429
126	0.193546	0.016734	0.000927	0.001160	0.082980	0.000011	0.029359	0.004182	0.671101
127	0.191228	0.016487	0.000899	0.001139	0.083323	0.000010	0.028963	0.004044	0.673907
128	0.188520	0.016218	0.000831	0.001108	0.083784	0.000013	0.028841	0.004031	0.676654
129	0.186658	0.015984	0.000834	0.001141	0.084052	0.000007	0.028678	0.004069	0.678577
130	0.184207	0.015823	0.000778	0.001138	0.084269	0.000009	0.028686	0.003950	0.681140
131	0.182173	0.015405	0.000693	0.001104	0.084704	0.000004	0.028206	0.003916	0.683795
132	0.179872	0.015234	0.000602	0.001060	0.084870	0.000005	0.027979	0.003896	0.686482
133	0.177911	0.015025	0.000600	0.001015	0.085318	0.000005	0.027830	0.003872	0.688424
134	0.175525	0.014834	0.000568	0.001044	0.085519	0.000007	0.027543	0.003880	0.691080
135	0.173139	0.014651	0.000519	0.001044	0.086010	0.000009	0.027449	0.003845	0.693334
136	0.170806	0.014404	0.000504	0.001024	0.086347	0.000009	0.027018	0.003797	0.696091
137	0.168330	0.014064	0.000452	0.000992	0.086685	0.000008	0.026763	0.003768	0.698938
138	0.166503	0.013969	0.000429	0.000964	0.087022	0.000006	0.026473	0.003750	0.700884
139	0.164409	0.013735	0.000398	0.000907	0.087240	0.000008	0.026192	0.003780	0.703331
140	0.162191	0.013337	0.000392	0.000893	0.087495	0.000009	0.025821	0.003753	0.706109
141	0.159711	0.013251	0.000386	0.000889	0.087964	0.000010	0.025495	0.003663	0.708631
142	0.157578	0.013025	0.000376	0.000856	0.088105	0.000011	0.025312	0.003667	0.711070
143	0.155468	0.012768	0.000366	0.000837	0.088160	0.000010	0.024949	0.003656	0.713786
144	0.153496	0.012493	0.000363	0.000793	0.088717	0.000012	0.025067	0.003591	0.715468
145	0.151381	0.012223	0.000317	0.000758	0.088947	0.000005	0.024984	0.003535	0.717850
146	0.149347	0.012111	0.000318	0.000712	0.089311	0.000006	0.024978	0.003553	0.719664
147	0.147617	0.011916	0.000312	0.000668	0.089746	0.000005	0.024857	0.003506	0.721373
148	0.145718	0.011585	0.000291	0.000677	0.089940	0.000002	0.024424	0.003507	0.723856
149	0.143993	0.011430	0.000286	0.000674	0.090056	0.000004	0.024119	0.003537	0.725901
150	0.141832	0.011236	0.000261	0.000659	0.090375	0.000007	0.024126	0.003548	0.727956
151	0.140214	0.010934	0.000245	0.000631	0.090548	0.000005	0.023775	0.003491	0.730157
152	0.138041	0.010733	0.000235	0.000670	0.090722	0.000002	0.023546	0.003511	0.732540
153	0.136537	0.010517	0.000220	0.000647	0.091066	0.000004	0.023175	0.003477	0.734357
154	0.134440	0.010266	0.000226	0.000630	0.091493	0.000004	0.023001	0.003382	0.736558
155	0.132657	0.010038	0.000210	0.000655	0.091611	0.000005	0.023020	0.003373	0.738431
156	0.130516	0.009802	0.000200	0.000610	0.091649	0.000004	0.022777	0.003361	0.741081
157	0.128703	0.009608	0.000171	0.000583	0.091961	0.000008	0.022559	0.003396	0.743011
158	0.126888	0.009376	0.000172	0.000567	0.092053	0.000013	0.022258	0.003356	0.745317
159	0.125088	0.009177	0.000158	0.000542	0.092290	0.000010	0.022312	0.003342	0.747081
160	0.123282	0.008769	0.000139	0.000501	0.092523	0.000006	0.022324	0.003287	0.749169
161	0.121536	0.008579	0.000136	0.000516	0.092622	0.000008	0.022256	0.003281	0.751066
162	0.119712	0.008350	0.000126	0.000478	0.092767	0.000008	0.022137	0.003302	0.753120
163	0.117926	0.008331	0.000119	0.000486	0.092769	0.000005	0.022180	0.003265	0.754919
164	0.116416	0.008146	0.000111	0.000463	0.092644	0.000007	0.022116	0.003209	0.756888
165	0.114199	0.008041	0.000123	0.000462	0.092967	0.000008	0.022000	0.003211	0.758989
166	0.112435	0.007870	0.000119	0.000452	0.092963	0.000006	0.021792	0.003183	0.761180
167	0.111005	0.007815	0.000101	0.000461	0.092975	0.000009	0.021528	0.003225	0.762881
168	0.109414	0.007473	0.000101	0.000415	0.093258	0.000008	0.021526	0.003184	0.764621
169	0.107875	0.007381	0.000091	0.000395	0.093254	0.000014	0.021287	0.003245	0.766458
170	0.106196	0.007150	0.000098	0.000389	0.093277	0.000012	0.021104	0.003140	0.768634
171	0.104736	0.007059	0.000102	0.000386	0.093387	0.000010	0.020792	0.003163	0.770365
172	0.103190	0.006906	0.000098	0.000398	0.093241	0.000012	0.020602	0.003218	0.772335
173	0.101260	0.006750	0.000088	0.000385	0.093652	0.000008	0.020479	0.003216	0.774162
174	0.099896	0.006733	0.000097	0.000361	0.093896	0.000005	0.020524	0.003203	0.775285
175	0.097943	0.006515	0.000088	0.000371	0.094150	0.000007	0.020568	0.003212	0.777146
176	0.096633	0.006355	0.000088	0.000371	0.094122	0.000007	0.020469	0.003212	0.778743
177	0.095104	0.006272	0.000072	0.000388	0.094128	0.000009	0.020524	0.003162	0.780341
178	0.093372	0.006254	0.000073	0.000377	0.094211	0.000013	0.020281	0.003149	0.782270
179	0.092223	0.006066	0.000072	0.000362	0.094395	0.000017	0.020077	0.003078	0.783710
180	0.090603	0.005914	0.000075	0.000350	0.094777	0.000012	0.019927	0.003041	0.785301
181	0.088954	0.005689	0.000064	0.000367	0.094681	0.000015	0.019683	0.003125	0.787422
182	0.087592	0.005513	0.000063	0.000358	0.094832	0.000012	0.019622	0.003128	0.788880
183	0.086006	0.005266	0.000053	0.000323	0.095096	0.000011	0.019437	0.003112	0.790696
184	0.084428	0.005091	0.000050	0.000352	0.094860	0.000013	0.019106	0.003079	0.793021
185	0.082592	0.005016	0.000057	0.000329	0.095057	0.000011	0.018969	0.002979	0.794990
186	0.081237	0.004832	0.000053	0.000321	0.095082	0.000012	0.018962	0.003034	0.796467
187	0.079958	0.004779	0.000054	0.000330	0.095101	0.000007	0.018918	0.003006	0.797847
188	0.078563	0.004655	0.000050	0.000325	0.095255	0.000009	0.018749	0.003045	0.799349
189	0.077140	0.004560	0.000051	0.000336	0.095396	0.000007	0.018765	0.003021	0.800724
190	0.075556	0.004477	0.000041	0.000305	0.095438	0.000006	0.018673	0.002978	0.802526
191	0.074415	0.004353	0.000034	0.000292	0.095262	0.000007	0.018515	0.002998	0.804124
192	0.073060	0.004192	0.000032	0.000273	0.095296	0.000011	0.018561	0.003020	0.805555
193	0.071576	0.004098	0.000033	0.000254	0.095309	0.000013	0.018576	0.003039	0.807102
194	0.070094	0.004063	0.000034	0.000266	0.095255	0.000016	0.018649	0.003037	0.808586
195	0.068947	0.004000	0.000032	0.000247	0.095466	0.000014	0.018547	0.003108	0.809639
196	0.067733	0.003913	0.000035	0.000244	0.095335	0.000015	0.018340	0.003086	0.811299
197	0.066522	0.003921	0.000025	0.000245	0.095269	0.000013	0.018435	0.003084	0.812486
198	0.065595	0.003850	0.000023	0.000250	0.095431	0.000011	0.018264	0.003044	0.813532
199	0.064454	0.003769	0.000025	0.000263	0.095538	0.000010	0.018151	0.002976	0.814814
200	0.063453	0.003656	0.000024	0.000253	0.095583	0.000009	0.018077	0.002980	0.815965
201	0.062460	0.003575	0.000022	0.000256	0.095545	0.000006	0.018035	0.002944	0.817157
202	0.061400	0.003433	0.000023	0.000268	0.095673	0.000008	0.017977	0.002917	0.818301
203	0.060418	0.003442	0.000014	0.000284	0.095684	0.000007	0.017971	0.002868	0.819312
204	0.059302	0.003473	0.000012	0.000282	0.095720	0.000010	0.017962	0.002801	0.820438
205	0.058136	0.003331	0.000007	0.000270	0.095956	0.000008	0.017813	0.002759	0.821720
206	0.057163	0.003256	0.000007	0.000265	0.096035	0.000007	0.017842	0.002794	0.822631
207	0.056073	0.003161	0.000006	0.000268	0.095990	0.000006	0.017778	0.002789	0.823929
208	0.054906	0.003150	0.000003	0.000281	0.095945	0.000005	0.017657	0.002758	0.825295
209	0.053869	0.003006	0.000003	0.000290	0.095901	0.000005	0.017527	0.002745	0.826654
210	0.052785	0.002986	0.000004	0.000276	0.096117	0.000005	0.017290	0.002759	0.827778
211	0.051861	0.002904	0.000003	0.000274	0.096093	0.000004	0.017147	0.002733	0.828981
212	0.051157	0.002748	0.000006	0.000272	0.096259	0.000003	0.017008	0.002809	0.829738
213	0.050063	0.002673	0.000005	0.000272	0.096446	0.000001	0.016979	0.002766	0.830795
214	0.049137	0.002603	0.000004	0.000290	0.096183	0.000001	0.016921	0.002747	0.832114
215	0.048280	0.002534	0.000008	0.000287	0.096104	0.000001	0.016872	0.002805	0.833109
216	0.047352	0.002459	0.000005	0.000286	0.096092	0.000000	0.016896	0.002841	0.834069
217	0.046629	0.002435	0.000004	0.000297	0.096175	0.000000	0.016792	0.002882	0.834786
218	0.045921	0.002316	0.000004	0.000287	0.096130	0.000000	0.016735	0.002854	0.835753
219	0.045197	0.002220	0.000005	0.000291	0.096013	0.000000	0.016832	0.002836	0.836606
220	0.044190	0.002116	0.000003	0.000279	0.095734	0.000000	0.016700	0.002845	0.838133
221	0.043450	0.002130	0.000004	0.000276	0.095901	0.000000	0.016722	0.002842	0.838675
222	0.042680	0.002053	0.000003	0.000285	0.095638	0.000000	0.016596	0.002745	0.840000
223	0.041889	0.001955	0.000002	0.000310	0.095768	0.000000	0.016664	0.002720	0.840692
224	0.041149	0.001911	0.000002	0.000298	0.095505	0.000000	0.016631	0.002740	0.841764
225	0.040559	0.001917	0.000001	0.000305	0.095691	0.000000	0.016630	0.002791	0.842106
226	0.039597	0.001835	0.000000	0.000294	0.095733	0.000000	0.016543	0.002806	0.843192
227	0.038932	0.001745	0.000001	0.000281	0.095597	0.000000	0.016357	0.002729	0.844358
228	0.037924	0.001734	0.000003	0.000275	0.095587	0.000000	0.016374	0.002763	0.845340
229	0.037205	0.001648	0.000006	0.000283	0.095522	0.000000	0.016376	0.002806	0.846154
230	0.036584	0.001582	0.000006	0.000279	0.095377	0.000000	0.016455	0.002784	0.846933
231	0.035959	0.001564	0.000004	0.000294	0.095220	0.000000	0.016407	0.002781	0.847771
232	0.035127	0.001564	0.000005	0.000291	0.095171	0.000000	0.016448	0.002787	0.848607
233	0.034622	0.001492	0.000007	0.000283	0.095074	0.000000	0.016338	0.002716	0.849468
234	0.033996	0.001422	0.000006	0.000294	0.094725	0.000000	0.016448	0.002743	0.850366
235	0.033483	0.001352	0.000009	0.000264	0.094310	0.000000	0.016330	0.002675	0.851577
236	0.032969	0.001301	0.000012	0.000239	0.094260	0.000000	0.016359	0.002687	0.852173
237	0.032288	0.001276	0.000008	0.000251	0.094344	0.000000	0.016443	0.002650	0.852740
238	0.031534	0.001277	0.000008	0.000245	0.094119	0.000000	0.016419	0.002632	0.853766
239	0.030772	0.001290	0.000009	0.000237	0.094308	0.000000	0.016290	0.002643	0.854451
240	0.030247	0.001217	0.000010	0.000244	0.094089	0.000000	0.016190	0.002647	0.855356
241	0.029465	0.001202	0.000008	0.000249	0.094121	0.000000	0.016136	0.002711	0.856108
242	0.028836	0.001204	0.000009	0.000266	0.094212	0.000000	0.016045	0.002651	0.856777
243	0.028311	0.001145	0.000009	0.000256	0.094017	0.000000	0.015845	0.002665	0.857752
244	0.027765	0.001147	0.000012	0.000257	0.093876	0.000000	0.015745	0.002677	0.858521
245	0.027354	0.001125	0.000010	0.000241	0.093889	0.000000	0.015660	0.002715	0.859006
246	0.026751	0.001084	0.000012	0.000247	0.093928	0.000000	0.015739	0.002739	0.859500
247	0.026162	0.001094	0.000014	0.000266	0.094011	0.000000	0.015778	0.002798	0.859877
248	0.025730	0.001056	0.000010	0.000249	0.093684	0.000000	0.015742	0.002800	0.860729
249	0.025338	0.001063	0.000005	0.000258	0.093526	0.000000	0.015568	0.002748	0.861494
250	0.024837	0.001069	0.000012	0.000241	0.093613	0.000000	0.015581	0.002750	0.861897
251	0.024353	0.001050	0.000009	0.000251	0.093356	0.000000	0.015470	0.002759	0.862752
252	0.023808	0.001051	0.000002	0.000258	0.093492	0.000000	0.015452	0.002754	0.863183
253	0.023432	0.001029	0.000004	0.000247	0.093426	0.000000	0.015394	0.002716	0.863752
254	0.022961	0.000971	0.000005	0.000246	0.093229	0.000000	0.015274	0.002688	0.864626
255	0.022528	0.000959	0.000004	0.000242	0.093005	0.000000	0.015266	0.002669	0.865327
256	0.022285	0.000900	0.000006	0.000241	0.092867	0.000000	0.015311	0.002693	0.865697
257	0.021902	0.000863	0.000007	0.000223	0.092883	0.000000	0.015332	0.002734	0.866056
258	0.021459	0.000823	0.000011	0.000204	0.092769	0.000000	0.015332	0.002713	0.866689
259	0.020949	0.000793	0.000012	0.000195	0.092633	0.000000	0.015325	0.002652	0.867441
260	0.020509	0.000748	0.000013	0.000197	0.092552	0.000000	0.015169	0.002594	0.868218
261	0.020068	0.000738	0.000013	0.000189	0.092486	0.000000	0.015188	0.002597	0.868721
262	0.019698	0.000713	0.000012	0.000182	0.092258	0.000000	0.015131	0.002628	0.869378
263	0.019227	0.000696	0.000010	0.000181	0.092206	0.000000	0.015019	0.002640	0.870021
264	0.018774	0.000665	0.000012	0.000182	0.091964	0.000000	0.014978	0.002599	0.870826
265	0.018495	0.000657	0.000013	0.000168	0.091937	0.000000	0.015070	0.002624	0.871036
266	0.018038	0.000608	0.000014	0.000176	0.091944	0.000000	0.015083	0.002639	0.871498
267	0.017561	0.000599	0.000018	0.000174	0.091998	0.000000	0.014990	0.002605	0.872055
268	0.017271	0.000566	0.000021	0.000173	0.091587	0.000000	0.014985	0.002569	0.872828
269	0.017022	0.000543	0.000015	0.000169	0.091430	0.000000	0.014903	0.002608	0.873310
270	0.016685	0.000522	0.000015	0.000161	0.091335	0.000000	0.014931	0.002612	0.873739
271	0.016123	0.000542	0.000011	0.000150	0.091399	0.000000	0.015021	0.002662	0.874092
272	0.015662	0.000507	0.000010	0.000138	0.091200	0.000000	0.014897	0.002673	0.874913
273	0.015261	0.000537	0.000011	0.000146	0.091097	0.000000	0.014776	0.002590	0.875582
274	0.014914	0.000523	0.000013	0.000148	0.090938	0.000000	0.014785	0.002628	0.876051
275	0.014524	0.000494	0.000013	0.000146	0.090773	0.000000	0.014707	0.002614	0.876729
276	0.014146	0.000505	0.000010	0.000152	0.090424	0.000000	0.014674	0.002597	0.877492
277	0.013890	0.000520	0.000008	0.000142	0.090318	0.000000	0.014685	0.002623	0.877814
278	0.013606	0.000552	0.000012	0.000138	0.090098	0.000000	0.014680	0.002661	0.878253
279	0.013226	0.000517	0.000012	0.000146	0.090202	0.000000	0.014667	0.002644	0.878586
280	0.013097	0.000504	0.000014	0.000147	0.090241	0.000000	0.014635	0.002640	0.878722
281	0.012821	0.000470	0.000020	0.000140	0.090089	0.000000	0.014640	0.002726	0.879094
282	0.012483	0.000448	0.000020	0.000132	0.090011	0.000000	0.014588	0.002679	0.879639
283	0.012101	0.000422	0.000017	0.000118	0.090095	0.000000	0.014532	0.002700	0.880015
284	0.011861	0.000412	0.000016	0.000102	0.089958	0.000000	0.014401	0.002690	0.880560
285	0.011649	0.000399	0.000015	0.000102	0.089745	0.000000	0.014323	0.002721	0.881046
286	0.011377	0.000369	0.000012	0.000109	0.089731	0.000000	0.014307	0.002795	0.881300
287	0.011078	0.000358	0.000011	0.000102	0.089749	0.000000	0.014342	0.002750	0.881610
288	0.010821	0.000358	0.000012	0.000094	0.089587	0.000000	0.014266	0.002733	0.882129
289	0.010616	0.000347	0.000010	0.000076	0.089757	0.000000	0.014190	0.002673	0.882331
290	0.010434	0.000341	0.000009	0.000076	0.089699	0.000000	0.014165	0.002703	0.882573
291	0.010114	0.000313	0.000012	0.000072	0.089720	0.000000	0.014313	0.002755	0.882701
292	0.009839	0.000296	0.000015	0.000075	0.089664	0.000000	0.014343	0.002771	0.882997
293	0.009676	0.000290	0.000016	0.000080	0.089633	0.000000	0.014103	0.002727	0.883475
294	0.009563	0.000288	0.000015	0.000074	0.089378	0.000000	0.014071	0.002771	0.883840
295	0.009374	0.000293	0.000009	0.000080	0.089251	0.000000	0.013953	0.002737	0.884303
296	0.009139	0.000281	0.000008	0.000074	0.089045	0.000000	0.013992	0.002747	0.884714
297	0.008980	0.000277	0.000008	0.000067	0.088728	0.000000	0.013843	0.002790	0.885307
298	0.008757	0.000268	0.000004	0.000069	0.088982	0.000000	0.013749	0.002750	0.885421
299	0.008611	0.000258	0.000005	0.000064	0.088679	0.000000	0.013817	0.002752	0.885814
300	0.008496	0.000245	0.000007	0.000067	0.088489	0.000000	0.013966	0.002804	0.885926
301	0.008258	0.000226	0.000003	0.000070	0.088567	0.000000	0.014061	0.002777	0.886038
302	0.008069	0.000219	0.000004	0.000072	0.088305	0.000000	0.014038	0.002749	0.886544
303	0.007934	0.000212	0.000004	0.000078	0.088266	0.000000	0.014000	0.002722	0.886784
304	0.007750	0.000190	0.000004	0.000095	0.088090	0.000000	0.013973	0.002795	0.887103
305	0.007528	0.000188	0.000004	0.000086	0.088303	0.000000	0.013903	0.002833	0.887155
306	0.007416	0.000170	0.000002	0.000098	0.088333	0.000000	0.013790	0.002767	0.887424
307	0.007404	0.000179	0.000003	0.000096	0.088268	0.000000	0.013715	0.002747	0.887588
308	0.007255	0.000158	0.000003	0.000101	0.088026	0.000000	0.013692	0.002740	0.888025
309	0.007071	0.000145	0.000002	0.000103	0.087922	0.000000	0.013786	0.002724	0.888247
310	0.006883	0.000133	0.000001	0.000100	0.087897	0.000000	0.013717	0.002790	0.888479
311	0.006728	0.000127	0.000000	0.000098	0.087954	0.000000	0.013653	0.002818	0.888622
312	0.006614	0.000132	0.000000	0.000103	0.087841	0.000000	0.013618	0.002745	0.888947
313	0.006446	0.000128	0.000000	0.000093	0.087694	0.000000	0.013584	0.002783	0.889272
314	0.006321	0.000125	0.000000	0.000097	0.087548	0.000000	0.013491	0.002766	0.889652
315	0.006116	0.000119	0.000000	0.000093	0.087435	0.000000	0.013472	0.002727	0.890038
316	0.005895	0.000110	0.000000	0.000094	0.087473	0.000000	0.013361	0.002716	0.890351
317	0.005747	0.000107	0.000000	0.000098	0.087259	0.000000	0.013264	0.002674	0.890851
318	0.005622	0.000106	0.000000	0.000107	0.087279	0.000000	0.013229	0.002674	0.890983
319	0.005427	0.000104	0.000000	0.000101	0.087163	0.000000	0.013251	0.002624	0.891330
320	0.005333	0.000091	0.000000	0.000115	0.087083	0.000000	0.013266	0.002591	0.891521
321	0.005265	0.000098	0.000000	0.000133	0.086949	0.000000	0.013288	0.002593	0.891674
322	0.005100	0.000107	0.000000	0.000128	0.086969	0.000000	0.013328	0.002549	0.891819
323	0.004920	0.000101	0.000000	0.000134	0.087088	0.000000	0.013388	0.002553	0.891816
324	0.004824	0.000104	0.000000	0.000148	0.087154	0.000000	0.013330	0.002548	0.891892
325	0.004726	0.000097	0.000000	0.000159	0.087022	0.000000	0.013465	0.002509	0.892022
326	0.004659	0.000102	0.000000	0.000148	0.086968	0.000000	0.013197	0.002475	0.892451
327	0.004581	0.000112	0.000000	0.000168	0.086904	0.000000	0.013318	0.002449	0.892468
328	0.004435	0.000087	0.000000	0.000157	0.086808	0.000000	0.013329	0.002404	0.892780
329	0.004287	0.000082	0.000000	0.000152	0.086796	0.000000	0.013324	0.002368	0.892991
330	0.004180	0.000069	0.000000	0.000143	0.086868	0.000000	0.013310	0.002374	0.893056
331	0.004043	0.000066	0.000000	0.000133	0.086897	0.000000	0.013416	0.002364	0.893081
332	0.003923	0.000062	0.000000	0.000137	0.086797	0.000000	0.013409	0.002382	0.893290
333	0.003740	0.000063	0.000000	0.000136	0.086768	0.000000	0.013263	0.002398	0.893632
334	0.003718	0.000061	0.000000	0.000135	0.086624	0.000000	0.013171	0.002425	0.893866
335	0.003634	0.000063	0.000000	0.000146	0.086631	0.000000	0.013088	0.002354	0.894084
336	0.003572	0.000054	0.000000	0.000146	0.086401	0.000000	0.013124	0.002357	0.894346
337	0.003475	0.000061	0.000000	0.000143	0.086270	0.000000	0.013219	0.002357	0.894475
338	0.003349	0.000070	0.000000	0.000143	0.085904	0.000000	0.013069	0.002239	0.895226
339	0.003243	0.000071	0.000000	0.000149	0.086049	0.000000	0.013026	0.002232	0.895230
340	0.003223	0.000062	0.000000	0.000158	0.086012	0.000000	0.013150	0.002208	0.895187
341	0.003088	0.000057	0.000000	0.000163	0.085913	0.000000	0.013191	0.002231	0.895357
342	0.003034	0.000060	0.000000	0.000162	0.085772	0.000000	0.013400	0.002246	0.895326
343	0.002920	0.000060	0.000000	0.000169	0.085695	0.000000	0.013328	0.002219	0.895609
344	0.002813	0.000059	0.000000	0.000151	0.085872	0.000000	0.013317	0.002248	0.895540
345	0.002802	0.000058	0.000000	0.000151	0.085608	0.000000	0.013245	0.002238	0.895898
346	0.002717	0.000049	0.000000	0.000135	0.085681	0.000000	0.013114	0.002251	0.896053
347	0.002689	0.000043	0.000000	0.000135	0.085633	0.000000	0.013011	0.002225	0.896264
348	0.002685	0.000045	0.000000	0.000146	0.085720	0.000000	0.012958	0.002269	0.896177
349	0.002577	0.000038	0.000000	0.000151	0.085739	0.000000	0.012888	0.002172	0.896435
350	0.002472	0.000033	0.000000	0.000148	0.085661	0.000000	0.012888	0.002220	0.896578
351	0.002382	0.000035	0.000000	0.000140	0.085439	0.000000	0.012887	0.002215	0.896902
352	0.002349	0.000033	0.000000	0.000132	0.085380	0.000000	0.012930	0.002162	0.897014
353	0.002310	0.000038	0.000000	0.000128	0.085536	0.000000	0.013064	0.002159	0.896765
354	0.002304	0.000037	0.000000	0.000127	0.085471	0.000000	0.013110	0.002146	0.896805
355	0.002223	0.000037	0.000000	0.000132	0.085481	0.000000	0.012923	0.002127	0.897077
356	0.002170	0.000030	0.000000	0.000128	0.085243	0.000000	0.012751	0.002146	0.897532
357	0.002055	0.000022	0.000000	0.000124	0.084820	0.000000	0.012738	0.002144	0.898097
358	0.002006	0.000016	0.000000	0.000117	0.084875	0.000000	0.012887	0.002115	0.897984
359	0.001947	0.000016	0.000000	0.000115	0.084740	0.000000	0.012817	0.002069	0.898296
360	0.001895	0.000017	0.000000	0.000116	0.084399	0.000000	0.012764	0.002055	0.898754
361	0.001856	0.000013	0.000000	0.000117	0.084444	0.000000	0.012679	0.002073	0.898818
362	0.001820	0.000014	0.000000	0.000111	0.084346	0.000000	0.012709	0.002001	0.898999
363	0.001707	0.000014	0.000000	0.000096	0.084272	0.000000	0.012742	0.001982	0.899187
364	0.001691	0.000011	0.000000	0.000095	0.084215	0.000000	0.012639	0.002053	0.899296
365	0.001619	0.000007	0.000000	0.000091	0.083882	0.000000	0.012599	0.002058	0.899744
366	0.001559	0.000006	0.000000	0.000090	0.083843	0.000000	0.012760	0.002030	0.899712
367	0.001430	0.000007	0.000000	0.000096	0.083662	0.000000	0.012791	0.002066	0.899948
368	0.001382	0.000008	0.000000	0.000082	0.083605	0.000000	0.012903	0.002087	0.899933
369	0.001345	0.000013	0.000000	0.000075	0.083529	0.000000	0.012861	0.002087	0.900090
370	0.001320	0.000013	0.000000	0.000065	0.083676	0.000000	0.012789	0.002110	0.900027
371	0.001289	0.000011	0.000000	0.000065	0.083563	0.000000	0.012831	0.002134	0.900107
372	0.001254	0.000017	0.000000	0.000067	0.083366	0.000000	0.012892	0.002154	0.900250
373	0.001212	0.000021	0.000000	0.000081	0.083052	0.000000	0.012789	0.002173	0.900672
374	0.001162	0.000020	0.000000	0.000089	0.083137	0.000000	0.012644	0.002212	0.900736
375	0.001128	0.000019	0.000000	0.000095	0.083048	0.000000	0.012756	0.002204	0.900750
376	0.001058	0.000016	0.000000	0.000098	0.082825	0.000000	0.012821	0.002173	0.901009
377	0.001056	0.000014	0.000000	0.000098	0.082857	0.000000	0.012907	0.002138	0.900930
378	0.001034	0.000014	0.000000	0.000092	0.082691	0.000000	0.012781	0.002079	0.901309
379	0.000970	0.000014	0.000000	0.000092	0.082653	0.000000	0.012783	0.002125	0.901363
380	0.000948	0.000014	0.000000	0.000109	0.082484	0.000000	0.012698	0.002112	0.901635
381	0.000895	0.000010	0.000000	0.000100	0.082457	0.000000	0.012737	0.002079	0.901722
382	0.000864	0.000007	0.000000	0.000102	0.082450	0.000000	0.012627	0.002025	0.901925
383	0.000859	0.000007	0.000000	0.000095	0.082289	0.000000	0.012693	0.002040	0.902017
384	0.000830	0.000006	0.000000	0.000101	0.082278	0.000000	0.012609	0.002015	0.902161
385	0.000796	0.000006	0.000000	0.000105	0.081994	0.000000	0.012696	0.002015	0.902388
386	0.000768	0.000005	0.000000	0.000108	0.082064	0.000000	0.012714	0.002041	0.902300
387	0.000717	0.000007	0.000000	0.000100	0.082083	0.000000	0.012595	0.002007	0.902491
388	0.000692	0.000006	0.000000	0.000105	0.081999	0.000000	0.012661	0.001977	0.902560
389	0.000686	0.000006	0.000000	0.000110	0.081820	0.000000	0.012726	0.001939	0.902713
390	0.000671	0.000004	0.000000	0.000103	0.081760	0.000000	0.012719	0.001913	0.902830
391	0.000648	0.000006	0.000000	0.000104	0.081593	0.000000	0.012694	0.001913	0.903042
392	0.000625	0.000008	0.000000	0.000102	0.081391	0.000000	0.012768	0.001915	0.903191
393	0.000617	0.000007	0.000000	0.000105	0.081445	0.000000	0.012793	0.001872	0.903161
394	0.000590	0.000007	0.000000	0.000105	0.081187	0.000000	0.012735	0.001925	0.903451
395	0.000580	0.000005	0.000000	0.000113	0.081487	0.000000	0.012845	0.001879	0.903091
396	0.000574	0.000007	0.000000	0.000123	0.081302	0.000000	0.012688	0.001874	0.903432
397	0.000595	0.000008	0.000000	0.000137	0.081283	0.000000	0.012801	0.001922	0.903254
398	0.000577	0.000007	0.000000	0.000134	0.081202	0.000000	0.012832	0.001894	0.903354
399	0.000566	0.000008	0.000000	0.000132	0.081149	0.000000	0.012868	0.001906	0.903371
400	0.000575	0.000009	0.000000	0.000117	0.080988	0.000000	0.012859	0.001911	0.903541
401	0.000548	0.000007	0.000000	0.000126	0.080962	0.000000	0.012836	0.001864	0.903657
402	0.000533	0.000008	0.000000	0.000124	0.080731	0.000000	0.012843	0.001842	0.903919
403	0.000520	0.000011	0.000000	0.000119	0.080475	0.000000	0.012819	0.001882	0.904174
404	0.000512	0.000011	0.000000	0.000112	0.080239	0.000000	0.012718	0.001875	0.904533
405	0.000499	0.000014	0.000000	0.000119	0.080335	0.000000	0.012669	0.001861	0.904503
406	0.000485	0.000012	0.000000	0.000105	0.080317	0.000000	0.012627	0.001817	0.904637
407	0.000469	0.000015	0.000000	0.000098	0.080276	0.000000	0.012544	0.001843	0.904755
408	0.000477	0.000011	0.000000	0.000101	0.080182	0.000000	0.012586	0.001823	0.904820
409	0.000481	0.000011	0.000000	0.000103	0.080224	0.000000	0.012441	0.001866	0.904874
410	0.000473	0.000009	0.000000	0.000102	0.080076	0.000000	0.012381	0.001853	0.905106
411	0.000464	0.000009	0.000000	0.000100	0.079917	0.000000	0.012319	0.001843	0.905348
412	0.000461	0.000005	0.000000	0.000091	0.079856	0.000000	0.012328	0.001858	0.905401
413	0.000466	0.000005	0.000000	0.000091	0.079926	0.000000	0.012235	0.001829	0.905448
414	0.000441	0.000008	0.000000	0.000097	0.079862	0.000000	0.012309	0.001820	0.905463
415	0.000433	0.000008	0.000000	0.000098	0.079735	0.000000	0.012276	0.001816	0.905634
416	0.000434	0.000008	0.000000	0.000084	0.079633	0.000000	0.012155	0.001845	0.905841
417	0.000432	0.000006	0.000000	0.000084	0.079596	0.000000	0.012078	0.001829	0.905975
418	0.000418	0.000005	0.000000	0.000087	0.079424	0.000000	0.012138	0.001799	0.906129
419	0.000419	0.000007	0.000000	0.000093	0.079362	0.000000	0.012099	0.001788	0.906232
420	0.000396	0.000008	0.000000	0.000091	0.079356	0.000000	0.011974	0.001775	0.906400
421	0.000375	0.000010	0.000000	0.000088	0.079455	0.000000	0.011959	0.001829	0.906284
422	0.000387	0.000010	0.000000	0.000089	0.079437	0.000000	0.012004	0.001813	0.906260
423	0.000378	0.000007	0.000000	0.000076	0.079343	0.000000	0.012010	0.001843	0.906343
424	0.000372	0.000007	0.000000	0.000075	0.079028	0.000000	0.012080	0.001812	0.906626
425	0.000373	0.000006	0.000000	0.000080	0.078905	0.000000	0.012198	0.001835	0.906603
426	0.000357	0.000008	0.000000	0.000079	0.078912	0.000000	0.012161	0.001867	0.906616
427	0.000362	0.000008	0.000000	0.000074	0.078824	0.000000	0.012152	0.001888	0.906692
428	0.000357	0.000013	0.000000	0.000078	0.078704	0.000000	0.012050	0.001876	0.906922
429	0.000320	0.000011	0.000000	0.000085	0.078554	0.000000	0.012081	0.001832	0.907117
430	0.000297	0.000011	0.000000	0.000086	0.078449	0.000000	0.012014	0.001797	0.907346
431	0.000286	0.000012	0.000000	0.000082	0.078409	0.000000	0.012003	0.001815	0.907393
432	0.000286	0.000013	0.000000	0.000079	0.078380	0.000000	0.012095	0.001869	0.907278
433	0.000293	0.000011	0.000000	0.000093	0.078051	0.000000	0.012078	0.001831	0.907643
434	0.000297	0.000011	0.000000	0.000091	0.078074	0.000000	0.012047	0.001817	0.907663
435	0.000299	0.000010	0.000000	0.000088	0.077913	0.000000	0.012014	0.001821	0.907855
436	0.000299	0.000010	0.000000	0.000081	0.077924	0.000000	0.011893	0.001882	0.907911
437	0.000279	0.000010	0.000000	0.000077	0.077771	0.000000	0.011890	0.001832	0.908141
438	0.000268	0.000011	0.000000	0.000077	0.078052	0.000000	0.011845	0.001844	0.907903
439	0.000251	0.000011	0.000000	0.000082	0.077856	0.000000	0.011881	0.001865	0.908054
440	0.000252	0.000012	0.000000	0.000070	0.077924	0.000000	0.011761	0.001893	0.908088
441	0.000248	0.000010	0.000000	0.000069	0.078074	0.000000	0.011789	0.001871	0.907939
442	0.000241	0.000009	0.000000	0.000059	0.077987	0.000000	0.011685	0.001848	0.908171
443	0.000246	0.000005	0.000000	0.000057	0.077921	0.000000	0.011752	0.001814	0.908205
444	0.000247	0.000007	0.000000	0.000058	0.077750	0.000000	0.011722	0.001817	0.908399
445	0.000246	0.000009	0.000000	0.000061	0.077686	0.000000	0.011650	0.001770	0.908578
446	0.000244	0.000008	0.000000	0.000061	0.077561	0.000000	0.011722	0.001758	0.908646
447	0.000236	0.000011	0.000000	0.000064	0.077241	0.000000	0.011624	0.001766	0.909058
448	0.000207	0.000015	0.000000	0.000065	0.077123	0.000000	0.011680	0.001707	0.909203
449	0.000197	0.000011	0.000000	0.000066	0.077142	0.000000	0.011713	0.001683	0.909188
450	0.000196	0.000008	0.000000	0.000057	0.077090	0.000000	0.011809	0.001689	0.909151
451	0.000199	0.000005	0.000000	0.000059	0.076943	0.000000	0.011804	0.001711	0.909279
452	0.000201	0.000009	0.000000	0.000051	0.076931	0.000000	0.011771	0.001771	0.909266
453	0.000193	0.000007	0.000000	0.000051	0.076718	0.000000	0.011638	0.001718	0.909675
454	0.000174	0.000008	0.000000	0.000043	0.076691	0.000000	0.011840	0.001729	0.909515
455	0.000178	0.000012	0.000000	0.000047	0.076400	0.000000	0.011878	0.001729	0.909756
456	0.000177	0.000014	0.000000	0.000037	0.076459	0.000000	0.011853	0.001693	0.909767
457	0.000170	0.000017	0.000000	0.000040	0.076407	0.000000	0.012048	0.001702	0.909616
458	0.000168	0.000017	0.000000	0.000034	0.076286	0.000000	0.011987	0.001712	0.909796
459	0.000161	0.000017	0.000000	0.000036	0.076235	0.000000	0.012002	0.001742	0.909807
460	0.000162	0.000019	0.000000	0.000032	0.076387	0.000000	0.011956	0.001719	0.909725
461	0.000143	0.000015	0.000000	0.000028	0.076345	0.000000	0.011861	0.001722	0.909886
462	0.000143	0.000009	0.000000	0.000030	0.076212	0.000000	0.011863	0.001696	0.910047
463	0.000142	0.000011	0.000000	0.000032	0.076071	0.000000	0.011887	0.001720	0.910137
464	0.000142	0.000011	0.000000	0.000022	0.076037	0.000000	0.011846	0.001711	0.910231
465	0.000137	0.000011	0.000000	0.000028	0.075870	0.000000	0.011813	0.001623	0.910518
466	0.000140	0.000007	0.000000	0.000020	0.075732	0.000000	0.011638	0.001646	0.910817
467	0.000135	0.000006	0.000000	0.000027	0.075653	0.000000	0.011591	0.001651	0.910937
468	0.000134	0.000008	0.000000	0.000023	0.075626	0.000000	0.011737	0.001724	0.910748
469	0.000124	0.000009	0.000000	0.000019	0.075592	0.000000	0.011870	0.001721	0.910665
470	0.000123	0.000009	0.000000	0.000020	0.075448	0.000000	0.011731	0.001688	0.910981
