0	0.290663	0.057897	0.229473	0.157588	0.029913	0.111872	0.085455	0.012259	0.024880
1	0.234314	0.048481	0.201363	0.140164	0.028682	0.119596	0.116212	0.022361	0.088827
2	0.236025	0.048001	0.202284	0.134602	0.029427	0.117016	0.114115	0.022029	0.096501
3	0.244697	0.048519	0.204896	0.130229	0.030751	0.111603	0.108821	0.020602	0.099882
4	0.253689	0.049098	0.208233	0.125915	0.032044	0.106235	0.103728	0.019282	0.101776
5	0.263654	0.049181	0.210845	0.121774	0.033760	0.101183	0.098573	0.017725	0.103305
6	0.273756	0.049083	0.213027	0.118179	0.035294	0.095917	0.093332	0.016422	0.104990
7	0.284081	0.048819	0.215239	0.114073	0.037157	0.090747	0.088248	0.015308	0.106328
8	0.293210	0.048312	0.217357	0.110839	0.038916	0.086113	0.083360	0.014069	0.107824
9	0.303203	0.047776	0.218280	0.106854	0.041189	0.081217	0.078557	0.012956	0.109968
10	0.313038	0.047392	0.219118	0.102552	0.043467	0.076583	0.074326	0.012150	0.111374
11	0.322069	0.046903	0.219948	0.099242	0.045548	0.072721	0.070001	0.011167	0.112401
12	0.330682	0.046176	0.220574	0.095824	0.047572	0.068749	0.066503	0.010335	0.113585
13	0.339676	0.045776	0.220716	0.092332	0.049920	0.064689	0.062624	0.009516	0.114751
14	0.347813	0.045086	0.220750	0.088666	0.052402	0.061335	0.059460	0.008679	0.115809
15	0.356103	0.044352	0.220732	0.085445	0.055155	0.057818	0.055952	0.008183	0.116260
16	0.363373	0.043850	0.220296	0.082466	0.058117	0.054643	0.052816	0.007468	0.116971
17	0.370841	0.042896	0.219819	0.080066	0.060841	0.051676	0.049778	0.006971	0.117112
18	0.378183	0.041952	0.218984	0.076710	0.064148	0.048541	0.046880	0.006493	0.118109
19	0.384997	0.041435	0.217875	0.073874	0.067359	0.046134	0.044110	0.005992	0.118224
20	0.390804	0.040687	0.217287	0.071056	0.070780	0.043759	0.041186	0.005519	0.118922
21	0.396952	0.039832	0.216039	0.068539	0.074047	0.041540	0.038896	0.005082	0.119073
22	0.403231	0.038985	0.214531	0.066137	0.077480	0.039157	0.036349	0.004759	0.119371
23	0.408774	0.038055	0.213111	0.063695	0.081278	0.036837	0.034423	0.004359	0.119468
24	0.413522	0.037198	0.211734	0.061719	0.085435	0.034768	0.032527	0.004063	0.119034
25	0.418513	0.036726	0.209822	0.059558	0.089213	0.033057	0.030522	0.003704	0.118885
26	0.423529	0.035701	0.207757	0.057694	0.093444	0.031374	0.028633	0.003406	0.118462
27	0.427846	0.034850	0.205957	0.055931	0.097965	0.029240	0.026492	0.003140	0.118579
28	0.431474	0.034296	0.204217	0.053988	0.102514	0.027576	0.024770	0.002858	0.118307
29	0.435335	0.033182	0.201842	0.052382	0.107398	0.026071	0.023311	0.002626	0.117853
30	0.438117	0.032235	0.199408	0.050700	0.112485	0.024848	0.021880	0.002449	0.117878
31	0.440630	0.031634	0.197472	0.049221	0.117798	0.023794	0.020631	0.002266	0.116554
32	0.443252	0.030826	0.195085	0.047547	0.123043	0.022572	0.019348	0.002209	0.116118
33	0.445067	0.030085	0.193232	0.046286	0.128100	0.021599	0.018011	0.002035	0.115585
34	0.446855	0.029130	0.190906	0.044528	0.134424	0.020507	0.016849	0.001860	0.114941
35	0.449073	0.028168	0.188477	0.043339	0.140070	0.019429	0.015685	0.001700	0.114059
36	0.450955	0.027168	0.185943	0.042162	0.145946	0.018554	0.014861	0.001545	0.112866
37	0.451981	0.026355	0.183131	0.041149	0.152336	0.017992	0.013915	0.001399	0.111742
38	0.453144	0.025595	0.180232	0.040083	0.158824	0.017048	0.012979	0.001281	0.110814
39	0.453736	0.024839	0.177619	0.038935	0.165543	0.016338	0.012133	0.001215	0.109642
40	0.454787	0.024216	0.174316	0.038083	0.172092	0.015759	0.011406	0.001145	0.108196
41	0.454410	0.023514	0.171086	0.037160	0.179529	0.015127	0.010562	0.001065	0.107547
42	0.454678	0.022707	0.168263	0.036383	0.186692	0.014550	0.009879	0.000995	0.105853
43	0.453799	0.021902	0.165405	0.035719	0.194352	0.014127	0.009269	0.000925	0.104502
44	0.452835	0.021400	0.162845	0.035239	0.201656	0.013532	0.008559	0.000837	0.103097
45	0.452371	0.020703	0.159410	0.034365	0.209546	0.013178	0.007910	0.000759	0.101758
46	0.451139	0.020057	0.156427	0.033794	0.217364	0.012783	0.007477	0.000659	0.100300
47	0.450435	0.019219	0.153351	0.033356	0.225615	0.012269	0.006927	0.000653	0.098175
48	0.448680	0.018527	0.150742	0.032633	0.233971	0.011944	0.006533	0.000587	0.096383
49	0.447079	0.017955	0.147630	0.031993	0.242863	0.011521	0.006099	0.000523	0.094337
50	0.446001	0.017315	0.144559	0.031462	0.251289	0.011073	0.005617	0.000506	0.092178
51	0.443287	0.016683	0.141820	0.031145	0.260578	0.010646	0.005146	0.000478	0.090217
52	0.441027	0.015951	0.138666	0.030853	0.269366	0.010452	0.004693	0.000442	0.088550
53	0.437617	0.015377	0.136012	0.030441	0.278859	0.010123	0.004335	0.000388	0.086848
54	0.435184	0.014938	0.132787	0.029966	0.288107	0.009989	0.004059	0.000374	0.084596
55	0.432518	0.014411	0.129966	0.029653	0.297566	0.009640	0.003723	0.000318	0.082205
56	0.428799	0.013870	0.127309	0.029601	0.306652	0.009513	0.003413	0.000289	0.080554
57	0.424920	0.013358	0.124835	0.029190	0.316699	0.009356	0.003192	0.000276	0.078174
58	0.421046	0.012736	0.122120	0.028933	0.326658	0.009220	0.002925	0.000230	0.076132
59	0.417605	0.012368	0.118985	0.028692	0.336477	0.008959	0.002697	0.000211	0.074006
60	0.413524	0.011887	0.116055	0.028628	0.346661	0.008751	0.002402	0.000211	0.071881
61	0.409100	0.011380	0.112778	0.028556	0.357026	0.008614	0.002255	0.000180	0.070111
62	0.405031	0.011066	0.109849	0.028182	0.367247	0.008542	0.002089	0.000138	0.067856
63	0.400646	0.010590	0.107098	0.027995	0.377492	0.008427	0.002023	0.000153	0.065576
64	0.395345	0.010233	0.104355	0.028083	0.387975	0.008249	0.001800	0.000152	0.063808
65	0.389804	0.009839	0.101575	0.027854	0.399227	0.008158	0.001578	0.000153	0.061812
66	0.384580	0.009535	0.098944	0.027501	0.410055	0.008126	0.001502	0.000123	0.059634
67	0.379402	0.009181	0.096213	0.027706	0.420617	0.007861	0.001364	0.000114	0.057542
68	0.373506	0.008815	0.093712	0.027830	0.431715	0.007800	0.001232	0.000113	0.055277
69	0.367663	0.008486	0.091340	0.027598	0.442564	0.007744	0.001114	0.000082	0.053409
70	0.362203	0.008016	0.089327	0.027495	0.453132	0.007508	0.000965	0.000067	0.051287
71	0.355926	0.007743	0.086933	0.027299	0.463845	0.007470	0.000938	0.000065	0.049781
72	0.349974	0.007528	0.084232	0.027341	0.474560	0.007409	0.000868	0.000054	0.048034
73	0.344295	0.007128	0.081793	0.027393	0.485356	0.007336	0.000807	0.000041	0.045851
74	0.338340	0.006762	0.079169	0.027225	0.496279	0.007289	0.000751	0.000030	0.044155
75	0.331831	0.006442	0.076536	0.027248	0.507744	0.007229	0.000670	0.000037	0.042263
76	0.325807	0.006143	0.073774	0.027146	0.518878	0.007221	0.000596	0.000038	0.040397
77	0.319429	0.005787	0.071435	0.027106	0.529546	0.007190	0.000525	0.000042	0.038940
78	0.313122	0.005612	0.069166	0.026699	0.540608	0.007117	0.000511	0.000042	0.037123
79	0.306756	0.005291	0.066856	0.026943	0.551211	0.006934	0.000456	0.000027	0.035526
80	0.299565	0.005039	0.065012	0.027105	0.561905	0.006909	0.000386	0.000026	0.034053
81	0.292882	0.004827	0.062842	0.027032	0.572709	0.006852	0.000347	0.000018	0.032491
82	0.286016	0.004704	0.060923	0.027072	0.583204	0.006921	0.000289	0.000022	0.030849
83	0.279060	0.004564	0.059135	0.027003	0.593607	0.006896	0.000283	0.000021	0.029431
84	0.272532	0.004336	0.057185	0.026916	0.603879	0.006962	0.000251	0.000015	0.027924
85	0.266041	0.004121	0.054944	0.026982	0.614179	0.006942	0.000222	0.000016	0.026553
86	0.259144	0.003890	0.053210	0.027185	0.624217	0.006904	0.000199	0.000011	0.025240
87	0.252308	0.003666	0.051530	0.027087	0.634369	0.006859	0.000198	0.000014	0.023969
88	0.245640	0.003455	0.049821	0.027124	0.644181	0.006803	0.000172	0.000011	0.022793
89	0.239078	0.003334	0.048070	0.027048	0.654114	0.006827	0.000156	0.000009	0.021364
90	0.232420	0.003260	0.046268	0.027024	0.663905	0.006689	0.000138	0.000008	0.020288
91	0.226037	0.003107	0.044677	0.027099	0.673322	0.006519	0.000126	0.000011	0.019102
92	0.219255	0.002902	0.043031	0.027241	0.682591	0.006544	0.000095	0.000011	0.018330
93	0.212689	0.002747	0.041377	0.027239	0.691838	0.006510	0.000088	0.000008	0.017504
94	0.206266	0.002620	0.039891	0.027239	0.700776	0.006545	0.000084	0.000007	0.016572
95	0.200065	0.002457	0.038491	0.027062	0.709874	0.006445	0.000065	0.000006	0.015535
96	0.193938	0.002381	0.037049	0.027091	0.718447	0.006534	0.000054	0.000010	0.014496
97	0.187634	0.002232	0.035483	0.027133	0.727230	0.006461	0.000044	0.000005	0.013778
98	0.181729	0.002113	0.033859	0.027352	0.735507	0.006398	0.000056	0.000003	0.012983
99	0.176198	0.002044	0.032412	0.027367	0.743400	0.006420	0.000038	0.000002	0.012119
100	0.170054	0.001973	0.031045	0.027423	0.751505	0.006509	0.000035	0.000004	0.011452
101	0.164044	0.001808	0.029800	0.027588	0.759582	0.006418	0.000025	0.000003	0.010732
102	0.158448	0.001751	0.028746	0.027732	0.766730	0.006512	0.000022	0.000001	0.010058
103	0.152938	0.001735	0.027611	0.027841	0.773985	0.006483	0.000018	0.000000	0.009389
104	0.147141	0.001630	0.026692	0.027840	0.781648	0.006410	0.000020	0.000000	0.008619
105	0.142062	0.001560	0.025752	0.027929	0.788167	0.006372	0.000018	0.000000	0.008140
106	0.136388	0.001405	0.024753	0.027905	0.795507	0.006416	0.000020	0.000000	0.007606
107	0.130972	0.001388	0.023598	0.027889	0.802630	0.006385	0.000010	0.000000	0.007128
108	0.125718	0.001273	0.022583	0.028033	0.809340	0.006412	0.000009	0.000000	0.006632
109	0.121316	0.001147	0.021475	0.027849	0.815787	0.006296	0.000008	0.000000	0.006122
110	0.116779	0.001136	0.020545	0.028054	0.821569	0.006289	0.000006	0.000000	0.005622
111	0.111984	0.001039	0.019574	0.028233	0.827751	0.006203	0.000002	0.000000	0.005214
112	0.107199	0.000942	0.018630	0.028150	0.834065	0.006233	0.000001	0.000000	0.004780
113	0.102890	0.000899	0.017680	0.027986	0.839792	0.006312	0.000000	0.000000	0.004441
114	0.098847	0.000862	0.016848	0.028065	0.844955	0.006319	0.000000	0.000000	0.004104
115	0.094538	0.000821	0.016141	0.028071	0.850315	0.006311	0.000000	0.000000	0.003803
116	0.090765	0.000772	0.015242	0.028060	0.855191	0.006407	0.000000	0.000000	0.003563
117	0.086676	0.000690	0.014596	0.028063	0.860233	0.006427	0.000000	0.000000	0.003315
118	0.082708	0.000618	0.014018	0.028073	0.865069	0.006439	0.000000	0.000000	0.003075
119	0.079069	0.000606	0.013317	0.028125	0.869601	0.006414	0.000000	0.000000	0.002868
120	0.075278	0.000568	0.012618	0.028082	0.874476	0.006318	0.000000	0.000000	0.002660
121	0.071575	0.000558	0.012111	0.027975	0.878967	0.006363	0.000000	0.000000	0.002451
122	0.068152	0.000488	0.011672	0.028080	0.883028	0.006348	0.000000	0.000000	0.002232
123	0.065062	0.000452	0.011058	0.028208	0.886901	0.006227	0.000000	0.000000	0.002092
124	0.062157	0.000373	0.010583	0.028260	0.890545	0.006149	0.000000	0.000000	0.001933
125	0.059019	0.000349	0.009961	0.028172	0.894475	0.006266	0.000000	0.000000	0.001758
126	0.055905	0.000300	0.009532	0.028077	0.898272	0.006318	0.000000	0.000000	0.001596
127	0.052782	0.000265	0.009116	0.028143	0.901951	0.006275	0.000000	0.000000	0.001468
128	0.049707	0.000225	0.008774	0.028033	0.905705	0.006229	0.000000	0.000000	0.001327
129	0.047281	0.000214	0.008199	0.028090	0.908712	0.006286	0.000000	0.000000	0.001218
130	0.044807	0.000208	0.007835	0.028230	0.911536	0.006264	0.000000	0.000000	0.001120
131	0.042414	0.000183	0.007429	0.028271	0.914396	0.006288	0.000000	0.000000	0.001019
132	0.039954	0.000180	0.006921	0.028397	0.917277	0.006327	0.000000	0.000000	0.000944
133	0.037668	0.000160	0.006541	0.028201	0.920269	0.006285	0.000000	0.000000	0.000876
134	0.035480	0.000170	0.006116	0.028008	0.923227	0.006205	0.000000	0.000000	0.000794
135	0.033350	0.000144	0.005757	0.027952	0.925861	0.006181	0.000000	0.000000	0.000755
136	0.031762	0.000129	0.005310	0.027825	0.928072	0.006249	0.000000	0.000000	0.000653
137	0.029858	0.000104	0.004977	0.027934	0.930365	0.006165	0.000000	0.000000	0.000597
138	0.028009	0.000091	0.004652	0.027691	0.932832	0.006178	0.000000	0.000000	0.000547
139	0.026349	0.000083	0.004401	0.027774	0.934731	0.006202	0.000000	0.000000	0.000460
140	0.024701	0.000084	0.004163	0.028059	0.936305	0.006253	0.000000	0.000000	0.000435
141	0.023194	0.000057	0.003943	0.028024	0.938017	0.006359	0.000000	0.000000	0.000406
142	0.021740	0.000049	0.003695	0.027980	0.939855	0.006299	0.000000	0.000000	0.000382
143	0.020314	0.000031	0.003469	0.028076	0.941435	0.006326	0.000000	0.000000	0.000349
144	0.019074	0.000025	0.003265	0.027872	0.943119	0.006312	0.000000	0.000000	0.000333
145	0.017642	0.000023	0.003085	0.027853	0.944724	0.006359	0.000000	0.000000	0.000314
146	0.016659	0.000030	0.002881	0.027866	0.946027	0.006263	0.000000	0.000000	0.000274
147	0.015634	0.000027	0.002691	0.027874	0.947249	0.006289	0.000000	0.000000	0.000236
148	0.014636	0.000019	0.002470	0.027934	0.948444	0.006284	0.000000	0.000000	0.000213
149	0.013685	0.000017	0.002311	0.027910	0.949541	0.006349	0.000000	0.000000	0.000187
150	0.012877	0.000019	0.002120	0.027647	0.950864	0.006297	0.000000	0.000000	0.000176
151	0.012147	0.000009	0.002003	0.027815	0.951474	0.006404	0.000000	0.000000	0.000148
152	0.011264	0.000010	0.001863	0.027790	0.952452	0.006484	0.000000	0.000000	0.000137
153	0.010524	0.000013	0.001732	0.027757	0.953378	0.006477	0.000000	0.000000	0.000119
154	0.009665	0.000009	0.001637	0.027824	0.954194	0.006562	0.000000	0.000000	0.000109
155	0.008953	0.000003	0.001470	0.027932	0.954951	0.006584	0.000000	0.000000	0.000107
156	0.008414	0.000002	0.001350	0.027938	0.955659	0.006541	0.000000	0.000000	0.000096
157	0.007906	0.000002	0.001261	0.027775	0.956487	0.006481	0.000000	0.000000	0.000088
158	0.007348	0.000003	0.001203	0.027860	0.956967	0.006536	0.000000	0.000000	0.000083
159	0.006895	0.000006	0.001121	0.027844	0.957556	0.006497	0.000000	0.000000	0.000081
160	0.006394	0.000005	0.001048	0.027816	0.958240	0.006444	0.000000	0.000000	0.000053
161	0.005876	0.000001	0.000934	0.027637	0.959036	0.006461	0.000000	0.000000	0.000055
162	0.005501	0.000002	0.000877	0.027723	0.959402	0.006451	0.000000	0.000000	0.000044
163	0.005037	0.000001	0.000788	0.027693	0.960027	0.006420	0.000000	0.000000	0.000034
164	0.004652	0.000000	0.000741	0.027460	0.960812	0.006302	0.000000	0.000000	0.000033
165	0.004342	0.000000	0.000667	0.027414	0.961165	0.006381	0.000000	0.000000	0.000031
166	0.004059	0.000000	0.000595	0.027465	0.961535	0.006322	0.000000	0.000000	0.000024
167	0.003692	0.000000	0.000527	0.027482	0.961984	0.006289	0.000000	0.000000	0.000026
168	0.003463	0.000000	0.000478	0.027338	0.962540	0.006162	0.000000	0.000000	0.000019
169	0.003226	0.000000	0.000428	0.027404	0.962666	0.006253	0.000000	0.000000	0.000023
170	0.003046	0.000000	0.000380	0.027213	0.963139	0.006197	0.000000	0.000000	0.000025
171	0.002819	0.000000	0.000370	0.027304	0.963235	0.006253	0.000000	0.000000	0.000019
172	0.002593	0.000000	0.000321	0.027580	0.963281	0.006197	0.000000	0.000000	0.000028
173	0.002377	0.000000	0.000292	0.027600	0.963528	0.006173	0.000000	0.000000	0.000030
174	0.002175	0.000000	0.000283	0.027627	0.963666	0.006224	0.000000	0.000000	0.000025
175	0.002021	0.000000	0.000271	0.027468	0.963953	0.006265	0.000000	0.000000	0.000022
176	0.001894	0.000000	0.000243	0.027582	0.964052	0.006213	0.000000	0.000000	0.000016
177	0.001727	0.000000	0.000227	0.027535	0.964350	0.006145	0.000000	0.000000	0.000016
178	0.001544	0.000000	0.000201	0.027349	0.964609	0.006278	0.000000	0.000000	0.000019
179	0.001414	0.000000	0.000200	0.027305	0.964775	0.006291	0.000000	0.000000	0.000015
180	0.001230	0.000000	0.000192	0.027484	0.964742	0.006342	0.000000	0.000000	0.000010
181	0.001083	0.000000	0.000171	0.027293	0.965113	0.006333	0.000000	0.000000	0.000007
182	0.000991	0.000000	0.000160	0.027161	0.965473	0.006205	0.000000	0.000000	0.000010
183	0.000878	0.000000	0.000157	0.027059	0.965593	0.006302	0.000000	0.000000	0.000011
184	0.000818	0.000000	0.000140	0.026712	0.965991	0.006330	0.000000	0.000000	0.000009
185	0.000769	0.000000	0.000130	0.026583	0.966293	0.006216	0.000000	0.000000	0.000009
186	0.000699	0.000000	0.000114	0.026549	0.966374	0.006254	0.000000	0.000000	0.000010
187	0.000617	0.000000	0.000106	0.026517	0.966388	0.006362	0.000000	0.000000	0.000010
188	0.000566	0.000000	0.000104	0.026621	0.966456	0.006242	0.000000	0.000000	0.000011
189	0.000511	0.000000	0.000098	0.026504	0.966567	0.006313	0.000000	0.000000	0.000007
190	0.000478	0.000000	0.000086	0.026487	0.966644	0.006295	0.000000	0.000000	0.000010
191	0.000421	0.000000	0.000075	0.026454	0.966711	0.006330	0.000000	0.000000	0.000009
192	0.000399	0.000000	0.000062	0.026379	0.966799	0.006356	0.000000	0.000000	0.000005
193	0.000361	0.000000	0.000055	0.026442	0.966768	0.006370	0.000000	0.000000	0.000004
194	0.000314	0.000000	0.000054	0.026523	0.966842	0.006264	0.000000	0.000000	0.000003
195	0.000277	0.000000	0.000045	0.026507	0.967000	0.006168	0.000000	0.000000	0.000003
196	0.000264	0.000000	0.000040	0.026424	0.967249	0.006022	0.000000	0.000000	0.000001
197	0.000237	0.000000	0.000040	0.026335	0.967340	0.006047	0.000000	0.000000	0.000001
198	0.000216	0.000000	0.000033	0.026342	0.967310	0.006097	0.000000	0.000000	0.000002
199	0.000201	0.000000	0.000036	0.026322	0.967420	0.006021	0.000000	0.000000	0.000000
200	0.000184	0.000000	0.000028	0.026272	0.967462	0.006054	0.000000	0.000000	0.000000
201	0.000179	0.000000	0.000026	0.026322	0.967382	0.006091	0.000000	0.000000	0.000000
202	0.000157	0.000000	0.000025	0.026212	0.967460	0.006146	0.000000	0.000000	0.000000
203	0.000136	0.000000	0.000020	0.026389	0.967296	0.006159	0.000000	0.000000	0.000000
204	0.000146	0.000000	0.000012	0.026394	0.967320	0.006128	0.000000	0.000000	0.000000
205	0.000120	0.000000	0.000011	0.026429	0.967313	0.006127	0.000000	0.000000	0.000000
206	0.000114	0.000000	0.000007	0.026364	0.967297	0.006218	0.000000	0.000000	0.000000
207	0.000087	0.000000	0.000006	0.026417	0.967223	0.006267	0.000000	0.000000	0.000000
208	0.000079	0.000000	0.000005	0.026524	0.967174	0.006218	0.000000	0.000000	0.000000
209	0.000085	0.000000	0.000007	0.026657	0.967072	0.006179	0.000000	0.000000	0.000000
210	0.000065	0.000000	0.000007	0.026614	0.967095	0.006219	0.000000	0.000000	0.000000
211	0.000070	0.000000	0.000004	0.026513	0.967310	0.006103	0.000000	0.000000	0.000000
212	0.000062	0.000000	0.000004	0.026369	0.967370	0.006195	0.000000	0.000000	0.000000
213	0.000050	0.000000	0.000002	0.026541	0.967233	0.006174	0.000000	0.000000	0.000000
214	0.000046	0.000000	0.000004	0.026495	0.967245	0.006210	0.000000	0.000000	0.000000
215	0.000040	0.000000	0.000000	0.026407	0.967379	0.006174	0.000000	0.000000	0.000000
216	0.000030	0.000000	0.000000	0.026505	0.967326	0.006139	0.000000	0.000000	0.000000
217	0.000021	0.000000	0.000000	0.026612	0.967217	0.006150	0.000000	0.000000	0.000000
218	0.000022	0.000000	0.000000	0.026615	0.967113	0.006250	0.000000	0.000000	0.000000
219	0.000023	0.000000	0.000000	0.026641	0.967136	0.006200	0.000000	0.000000	0.000000
220	0.000019	0.000000	0.000000	0.026667	0.966965	0.006349	0.000000	0.000000	0.000000
221	0.000020	0.000000	0.000000	0.026762	0.966832	0.006386	0.000000	0.000000	0.000000
222	0.000019	0.000000	0.000000	0.027039	0.966538	0.006404	0.000000	0.000000	0.000000
223	0.000021	0.000000	0.000000	0.027067	0.966575	0.006337	0.000000	0.000000	0.000000
224	0.000016	0.000000	0.000000	0.027007	0.966615	0.006362	0.000000	0.000000	0.000000
225	0.000008	0.000000	0.000000	0.026954	0.966611	0.006427	0.000000	0.000000	0.000000
226	0.000003	0.000000	0.000000	0.026890	0.966672	0.006435	0.000000	0.000000	0.000000
227	0.000002	0.000000	0.000000	0.026949	0.966576	0.006473	0.000000	0.000000	0.000000
228	0.000001	0.000000	0.000000	0.026880	0.966696	0.006423	0.000000	0.000000	0.000000
229	0.000001	0.000000	0.000000	0.027032	0.966483	0.006484	0.000000	0.000000	0.000000
230	0.000000	0.000000	0.000000	0.027028	0.966465	0.006507	0.000000	0.000000	0.000000
231	0.000000	0.000000	0.000000	0.027063	0.966453	0.006484	0.000000	0.000000	0.000000
232	0.000000	0.000000	0.000000	0.026892	0.966646	0.006462	0.000000	0.000000	0.000000
233	0.000000	0.000000	0.000000	0.026975	0.966560	0.006465	0.000000	0.000000	0.000000
234	0.000000	0.000000	0.000000	0.027076	0.966482	0.006442	0.000000	0.000000	0.000000
235	0.000000	0.000000	0.000000	0.027028	0.966446	0.006526	0.000000	0.000000	0.000000
236	0.000000	0.000000	0.000000	0.027061	0.966404	0.006535	0.000000	0.000000	0.000000
237	0.000000	0.000000	0.000000	0.026955	0.966519	0.006526	0.000000	0.000000	0.000000
238	0.000000	0.000000	0.000000	0.026840	0.966715	0.006445	0.000000	0.000000	0.000000
239	0.000000	0.000000	0.000000	0.026753	0.966828	0.006419	0.000000	0.000000	0.000000
240	0.000000	0.000000	0.000000	0.026816	0.966751	0.006433	0.000000	0.000000	0.000000
241	0.000000	0.000000	0.000000	0.026744	0.966881	0.006375	0.000000	0.000000	0.000000
242	0.000000	0.000000	0.000000	0.026792	0.966785	0.006423	0.000000	0.000000	0.000000
243	0.000000	0.000000	0.000000	0.026747	0.966849	0.006404	0.000000	0.000000	0.000000
244	0.000000	0.000000	0.000000	0.026935	0.966730	0.006335	0.000000	0.000000	0.000000
245	0.000000	0.000000	0.000000	0.026748	0.966897	0.006355	0.000000	0.000000	0.000000
246	0.000000	0.000000	0.000000	0.026886	0.966882	0.006232	0.000000	0.000000	0.000000
247	0.000000	0.000000	0.000000	0.026877	0.966965	0.006158	0.000000	0.000000	0.000000
248	0.000000	0.000000	0.000000	0.026984	0.966851	0.006165	0.000000	0.000000	0.000000
249	0.000000	0.000000	0.000000	0.026933	0.966920	0.006147	0.000000	0.000000	0.000000
250	0.000000	0.000000	0.000000	0.027046	0.966781	0.006173	0.000000	0.000000	0.000000
251	0.000000	0.000000	0.000000	0.027122	0.966633	0.006245	0.000000	0.000000	0.000000
252	0.000000	0.000000	0.000000	0.027301	0.966283	0.006416	0.000000	0.000000	0.000000
253	0.000000	0.000000	0.000000	0.027291	0.966351	0.006358	0.000000	0.000000	0.000000
254	0.000000	0.000000	0.000000	0.027326	0.966393	0.006281	0.000000	0.000000	0.000000
255	0.000000	0.000000	0.000000	0.027370	0.966310	0.006320	0.000000	0.000000	0.000000
256	0.000000	0.000000	0.000000	0.027296	0.966408	0.006296	0.000000	0.000000	0.000000
257	0.000000	0.000000	0.000000	0.027320	0.966307	0.006373	0.000000	0.000000	0.000000
258	0.000000	0.000000	0.000000	0.027119	0.966545	0.006336	0.000000	0.000000	0.000000
259	0.000000	0.000000	0.000000	0.027197	0.966382	0.006421	0.000000	0.000000	0.000000
260	0.000000	0.000000	0.000000	0.027174	0.966466	0.006360	0.000000	0.000000	0.000000
261	0.000000	0.000000	0.000000	0.027071	0.966661	0.006268	0.000000	0.000000	0.000000
262	0.000000	0.000000	0.000000	0.027054	0.966639	0.006307	0.000000	0.000000	0.000000
263	0.000000	0.000000	0.000000	0.027052	0.966509	0.006439	0.000000	0.000000	0.000000
264	0.000000	0.000000	0.000000	0.027089	0.966505	0.006406	0.000000	0.000000	0.000000
265	0.000000	0.000000	0.000000	0.027133	0.966481	0.006386	0.000000	0.000000	0.000000
266	0.000000	0.000000	0.000000	0.027007	0.966677	0.006316	0.000000	0.000000	0.000000
267	0.000000	0.000000	0.000000	0.027187	0.966465	0.006348	0.000000	0.000000	0.000000
268	0.000000	0.000000	0.000000	0.027306	0.966284	0.006410	0.000000	0.000000	0.000000
269	0.000000	0.000000	0.000000	0.027372	0.966214	0.006414	0.000000	0.000000	0.000000
270	0.000000	0.000000	0.000000	0.027307	0.966284	0.006409	0.000000	0.000000	0.000000
271	0.000000	0.000000	0.000000	0.027376	0.966156	0.006468	0.000000	0.000000	0.000000
272	0.000000	0.000000	0.000000	0.027507	0.966009	0.006484	0.000000	0.000000	0.000000
273	0.000000	0.000000	0.000000	0.027393	0.966204	0.006403	0.000000	0.000000	0.000000
274	0.000000	0.000000	0.000000	0.027412	0.966258	0.006330	0.000000	0.000000	0.000000
275	0.000000	0.000000	0.000000	0.027340	0.966220	0.006440	0.000000	0.000000	0.000000
276	0.000000	0.000000	0.000000	0.027079	0.966555	0.006366	0.000000	0.000000	0.000000
277	0.000000	0.000000	0.000000	0.026951	0.966626	0.006423	0.000000	0.000000	0.000000
278	0.000000	0.000000	0.000000	0.026958	0.966633	0.006409	0.000000	0.000000	0.000000
279	0.000000	0.000000	0.000000	0.026771	0.966871	0.006358	0.000000	0.000000	0.000000
280	0.000000	0.000000	0.000000	0.026718	0.966869	0.006413	0.000000	0.000000	0.000000
281	0.000000	0.000000	0.000000	0.026726	0.966802	0.006472	0.000000	0.000000	0.000000
282	0.000000	0.000000	0.000000	0.026777	0.966892	0.006331	0.000000	0.000000	0.000000
283	0.000000	0.000000	0.000000	0.026688	0.966993	0.006319	0.000000	0.000000	0.000000
284	0.000000	0.000000	0.000000	0.026781	0.966852	0.006367	0.000000	0.000000	0.000000
285	0.000000	0.000000	0.000000	0.026692	0.966997	0.006311	0.000000	0.000000	0.000000
286	0.000000	0.000000	0.000000	0.026646	0.966906	0.006448	0.000000	0.000000	0.000000
287	0.000000	0.000000	0.000000	0.026628	0.966878	0.006494	0.000000	0.000000	0.000000
288	0.000000	0.000000	0.000000	0.026698	0.966858	0.006444	0.000000	0.000000	0.000000
289	0.000000	0.000000	0.000000	0.026697	0.966936	0.006367	0.000000	0.000000	0.000000
290	0.000000	0.000000	0.000000	0.026730	0.966983	0.006287	0.000000	0.000000	0.000000
291	0.000000	0.000000	0.000000	0.026579	0.967077	0.006344	0.000000	0.000000	0.000000
292	0.000000	0.000000	0.000000	0.026677	0.966977	0.006346	0.000000	0.000000	0.000000
293	0.000000	0.000000	0.000000	0.026755	0.966935	0.006310	0.000000	0.000000	0.000000
294	0.000000	0.000000	0.000000	0.026793	0.966984	0.006223	0.000000	0.000000	0.000000
295	0.000000	0.000000	0.000000	0.026776	0.967030	0.006194	0.000000	0.000000	0.000000
296	0.000000	0.000000	0.000000	0.026820	0.966956	0.006224	0.000000	0.000000	0.000000
297	0.000000	0.000000	0.000000	0.026904	0.967035	0.006061	0.000000	0.000000	0.000000
298	0.000000	0.000000	0.000000	0.026896	0.967005	0.006099	0.000000	0.000000	0.000000
299	0.000000	0.000000	0.000000	0.026953	0.966950	0.006097	0.000000	0.000000	0.000000
300	0.000000	0.000000	0.000000	0.026853	0.966996	0.006151	0.000000	0.000000	0.000000
301	0.000000	0.000000	0.000000	0.026740	0.967068	0.006192	0.000000	0.000000	0.000000
302	0.000000	0.000000	0.000000	0.026748	0.967114	0.006138	0.000000	0.000000	0.000000
303	0.000000	0.000000	0.000000	0.026700	0.967024	0.006276	0.000000	0.000000	0.000000
304	0.000000	0.000000	0.000000	0.026873	0.966831	0.006296	0.000000	0.000000	0.000000
305	0.000000	0.000000	0.000000	0.026932	0.966890	0.006178	0.000000	0.000000	0.000000
306	0.000000	0.000000	0.000000	0.026980	0.966836	0.006184	0.000000	0.000000	0.000000
307	0.000000	0.000000	0.000000	0.027018	0.966742	0.006240	0.000000	0.000000	0.000000
308	0.000000	0.000000	0.000000	0.026830	0.967051	0.006119	0.000000	0.000000	0.000000
309	0.000000	0.000000	0.000000	0.026881	0.966978	0.006141	0.000000	0.000000	0.000000
310	0.000000	0.000000	0.000000	0.026869	0.967003	0.006128	0.000000	0.000000	0.000000
311	0.000000	0.000000	0.000000	0.026957	0.966870	0.006173	0.000000	0.000000	0.000000
312	0.000000	0.000000	0.000000	0.026951	0.966866	0.006183	0.000000	0.000000	0.000000
313	0.000000	0.000000	0.000000	0.027071	0.966748	0.006181	0.000000	0.000000	0.000000
314	0.000000	0.000000	0.000000	0.027009	0.966759	0.006232	0.000000	0.000000	0.000000
315	0.000000	0.000000	0.000000	0.026957	0.966808	0.006235	0.000000	0.000000	0.000000
316	0.000000	0.000000	0.000000	0.027028	0.966796	0.006176	0.000000	0.000000	0.000000
317	0.000000	0.000000	0.000000	0.027065	0.966655	0.006280	0.000000	0.000000	0.000000
318	0.000000	0.000000	0.000000	0.027111	0.966589	0.006300	0.000000	0.000000	0.000000
319	0.000000	0.000000	0.000000	0.027100	0.966647	0.006253	0.000000	0.000000	0.000000
320	0.000000	0.000000	0.000000	0.027091	0.966757	0.006152	0.000000	0.000000	0.000000
321	0.000000	0.000000	0.000000	0.027184	0.966623	0.006193	0.000000	0.000000	0.000000
322	0.000000	0.000000	0.000000	0.027001	0.966774	0.006225	0.000000	0.000000	0.000000
323	0.000000	0.000000	0.000000	0.026969	0.966759	0.006272	0.000000	0.000000	0.000000
324	0.000000	0.000000	0.000000	0.026554	0.967223	0.006223	0.000000	0.000000	0.000000
325	0.000000	0.000000	0.000000	0.026692	0.967068	0.006240	0.000000	0.000000	0.000000
326	0.000000	0.000000	0.000000	0.026628	0.967042	0.006330	0.000000	0.000000	0.000000
327	0.000000	0.000000	0.000000	0.026647	0.967096	0.006257	0.000000	0.000000	0.000000
328	0.000000	0.000000	0.000000	0.026552	0.967155	0.006293	0.000000	0.000000	0.000000
329	0.000000	0.000000	0.000000	0.026653	0.967006	0.006341	0.000000	0.000000	0.000000
330	0.000000	0.000000	0.000000	0.026800	0.966898	0.006302	0.000000	0.000000	0.000000
331	0.000000	0.000000	0.000000	0.026644	0.966976	0.006380	0.000000	0.000000	0.000000
332	0.000000	0.000000	0.000000	0.026589	0.966919	0.006492	0.000000	0.000000	0.000000
333	0.000000	0.000000	0.000000	0.026454	0.966945	0.006601	0.000000	0.000000	0.000000
334	0.000000	0.000000	0.000000	0.026506	0.966918	0.006576	0.000000	0.000000	0.000000
335	0.000000	0.000000	0.000000	0.026590	0.966833	0.006577	0.000000	0.000000	0.000000
336	0.000000	0.000000	0.000000	0.026749	0.966648	0.006603	0.000000	0.000000	0.000000
337	0.000000	0.000000	0.000000	0.026755	0.966659	0.006586	0.000000	0.000000	0.000000
338	0.000000	0.000000	0.000000	0.026837	0.966617	0.006546	0.000000	0.000000	0.000000
339	0.000000	0.000000	0.000000	0.026806	0.966626	0.006568	0.000000	0.000000	0.000000
340	0.000000	0.000000	0.000000	0.026605	0.966866	0.006529	0.000000	0.000000	0.000000
341	0.000000	0.000000	0.000000	0.026764	0.966833	0.006403	0.000000	0.000000	0.000000
342	0.000000	0.000000	0.000000	0.026726	0.966877	0.006397	0.000000	0.000000	0.000000
343	0.000000	0.000000	0.000000	0.026586	0.967004	0.006410	0.000000	0.000000	0.000000
344	0.000000	0.000000	0.000000	0.026467	0.967008	0.006525	0.000000	0.000000	0.000000
345	0.000000	0.000000	0.000000	0.026550	0.966897	0.006553	0.000000	0.000000	0.000000
346	0.000000	0.000000	0.000000	0.026644	0.966797	0.006559	0.000000	0.000000	0.000000
347	0.000000	0.000000	0.000000	0.026574	0.966877	0.006549	0.000000	0.000000	0.000000
348	0.000000	0.000000	0.000000	0.026591	0.966842	0.006567	0.000000	0.000000	0.000000
349	0.000000	0.000000	0.000000	0.026366	0.967021	0.006613	0.000000	0.000000	0.000000
350	0.000000	0.000000	0.000000	0.026203	0.967229	0.006568	0.000000	0.000000	0.000000
351	0.000000	0.000000	0.000000	0.026352	0.967084	0.006564	0.000000	0.000000	0.000000
352	0.000000	0.000000	0.000000	0.026344	0.966969	0.006687	0.000000	0.000000	0.000000
353	0.000000	0.000000	0.000000	0.026589	0.966739	0.006672	0.000000	0.000000	0.000000
354	0.000000	0.000000	0.000000	0.026470	0.966921	0.006609	0.000000	0.000000	0.000000
355	0.000000	0.000000	0.000000	0.026451	0.967040	0.006509	0.000000	0.000000	0.000000
356	0.000000	0.000000	0.000000	0.026431	0.966993	0.006576	0.000000	0.000000	0.000000
357	0.000000	0.000000	0.000000	0.026530	0.966851	0.006619	0.000000	0.000000	0.000000
358	0.000000	0.000000	0.000000	0.026567	0.966886	0.006547	0.000000	0.000000	0.000000
359	0.000000	0.000000	0.000000	0.026441	0.967029	0.006530	0.000000	0.000000	0.000000
360	0.000000	0.000000	0.000000	0.026458	0.967039	0.006503	0.000000	0.000000	0.000000
361	0.000000	0.000000	0.000000	0.026493	0.966963	0.006544	0.000000	0.000000	0.000000
362	0.000000	0.000000	0.000000	0.026412	0.967008	0.006580	0.000000	0.000000	0.000000
363	0.000000	0.000000	0.000000	0.026338	0.966962	0.006700	0.000000	0.000000	0.000000
364	0.000000	0.000000	0.000000	0.026199	0.967106	0.006695	0.000000	0.000000	0.000000
365	0.000000	0.000000	0.000000	0.026228	0.967146	0.006626	0.000000	0.000000	0.000000
366	0.000000	0.000000	0.000000	0.026142	0.967270	0.006588	0.000000	0.000000	0.000000
367	0.000000	0.000000	0.000000	0.026140	0.967204	0.006656	0.000000	0.000000	0.000000
368	0.000000	0.000000	0.000000	0.026199	0.967219	0.006582	0.000000	0.000000	0.000000
369	0.000000	0.000000	0.000000	0.026256	0.967176	0.006568	0.000000	0.000000	0.000000
370	0.000000	0.000000	0.000000	0.026146	0.967273	0.006581	0.000000	0.000000	0.000000
371	0.000000	0.000000	0.000000	0.026330	0.967112	0.006558	0.000000	0.000000	0.000000
372	0.000000	0.000000	0.000000	0.026356	0.967175	0.006469	0.000000	0.000000	0.000000
373	0.000000	0.000000	0.000000	0.026077	0.967406	0.006517	0.000000	0.000000	0.000000
374	0.000000	0.000000	0.000000	0.026488	0.966944	0.006568	0.000000	0.000000	0.000000
375	0.000000	0.000000	0.000000	0.026332	0.967195	0.006473	0.000000	0.000000	0.000000
376	0.000000	0.000000	0.000000	0.026329	0.967186	0.006485	0.000000	0.000000	0.000000
377	0.000000	0.000000	0.000000	0.026290	0.967184	0.006526	0.000000	0.000000	0.000000
378	0.000000	0.000000	0.000000	0.026344	0.967148	0.006508	0.000000	0.000000	0.000000
379	0.000000	0.000000	0.000000	0.026431	0.967068	0.006501	0.000000	0.000000	0.000000
380	0.000000	0.000000	0.000000	0.026497	0.966998	0.006505	0.000000	0.000000	0.000000
381	0.000000	0.000000	0.000000	0.026402	0.967004	0.006594	0.000000	0.000000	0.000000
382	0.000000	0.000000	0.000000	0.026444	0.966859	0.006697	0.000000	0.000000	0.000000
383	0.000000	0.000000	0.000000	0.026483	0.966865	0.006652	0.000000	0.000000	0.000000
384	0.000000	0.000000	0.000000	0.026461	0.966800	0.006739	0.000000	0.000000	0.000000
385	0.000000	0.000000	0.000000	0.026118	0.967175	0.006707	0.000000	0.000000	0.000000
386	0.000000	0.000000	0.000000	0.026094	0.967149	0.006757	0.000000	0.000000	0.000000
387	0.000000	0.000000	0.000000	0.026070	0.967245	0.006685	0.000000	0.000000	0.000000
388	0.000000	0.000000	0.000000	0.025992	0.967376	0.006632	0.000000	0.000000	0.000000
389	0.000000	0.000000	0.000000	0.026118	0.967148	0.006734	0.000000	0.000000	0.000000
390	0.000000	0.000000	0.000000	0.026182	0.967039	0.006779	0.000000	0.000000	0.000000
391	0.000000	0.000000	0.000000	0.026164	0.967033	0.006803	0.000000	0.000000	0.000000
392	0.000000	0.000000	0.000000	0.026156	0.967090	0.006754	0.000000	0.000000	0.000000
393	0.000000	0.000000	0.000000	0.026162	0.967102	0.006736	0.000000	0.000000	0.000000
394	0.000000	0.000000	0.000000	0.026337	0.966926	0.006737	0.000000	0.000000	0.000000
395	0.000000	0.000000	0.000000	0.026097	0.967186	0.006717	0.000000	0.000000	0.000000
396	0.000000	0.000000	0.000000	0.026197	0.966988	0.006815	0.000000	0.000000	0.000000
397	0.000000	0.000000	0.000000	0.026135	0.967041	0.006824	0.000000	0.000000	0.000000
398	0.000000	0.000000	0.000000	0.025968	0.967215	0.006817	0.000000	0.000000	0.000000
399	0.000000	0.000000	0.000000	0.025851	0.967330	0.006819	0.000000	0.000000	0.000000
400	0.000000	0.000000	0.000000	0.025969	0.967271	0.006760	0.000000	0.000000	0.000000
401	0.000000	0.000000	0.000000	0.025759	0.967485	0.006756	0.000000	0.000000	0.000000
402	0.000000	0.000000	0.000000	0.025768	0.967372	0.006860	0.000000	0.000000	0.000000
403	0.000000	0.000000	0.000000	0.025905	0.967153	0.006942	0.000000	0.000000	0.000000
404	0.000000	0.000000	0.000000	0.025764	0.967280	0.006956	0.000000	0.000000	0.000000
405	0.000000	0.000000	0.000000	0.025747	0.967188	0.007065	0.000000	0.000000	0.000000
406	0.000000	0.000000	0.000000	0.025609	0.967345	0.007046	0.000000	0.000000	0.000000
407	0.000000	0.000000	0.000000	0.025573	0.967266	0.007161	0.000000	0.000000	0.000000
408	0.000000	0.000000	0.000000	0.025557	0.967336	0.007107	0.000000	0.000000	0.000000
409	0.000000	0.000000	0.000000	0.025471	0.967478	0.007051	0.000000	0.000000	0.000000
410	0.000000	0.000000	0.000000	0.025544	0.967427	0.007029	0.000000	0.000000	0.000000
411	0.000000	0.000000	0.000000	0.025544	0.967423	0.007033	0.000000	0.000000	0.000000
412	0.000000	0.000000	0.000000	0.025515	0.967519	0.006966	0.000000	0.000000	0.000000
413	0.000000	0.000000	0.000000	0.025602	0.967279	0.007119	0.000000	0.000000	0.000000
414	0.000000	0.000000	0.000000	0.025685	0.967235	0.007080	0.000000	0.000000	0.000000
415	0.000000	0.000000	0.000000	0.025571	0.967309	0.007120	0.000000	0.000000	0.000000
416	0.000000	0.000000	0.000000	0.025647	0.967266	0.007087	0.000000	0.000000	0.000000
417	0.000000	0.000000	0.000000	0.025411	0.967469	0.007120	0.000000	0.000000	0.000000
418	0.000000	0.000000	0.000000	0.025291	0.967472	0.007237	0.000000	0.000000	0.000000
419	0.000000	0.000000	0.000000	0.025315	0.967491	0.007194	0.000000	0.000000	0.000000
420	0.000000	0.000000	0.000000	0.025224	0.967722	0.007054	0.000000	0.000000	0.000000
421	0.000000	0.000000	0.000000	0.025219	0.967736	0.007045	0.000000	0.000000	0.000000
422	0.000000	0.000000	0.000000	0.025008	0.967908	0.007084	0.000000	0.000000	0.000000
423	0.000000	0.000000	0.000000	0.025016	0.967932	0.007052	0.000000	0.000000	0.000000
424	0.000000	0.000000	0.000000	0.025028	0.967876	0.007096	0.000000	0.000000	0.000000
425	0.000000	0.000000	0.000000	0.025051	0.967914	0.007035	0.000000	0.000000	0.000000
426	0.000000	0.000000	0.000000	0.025106	0.967931	0.006963	0.000000	0.000000	0.000000
427	0.000000	0.000000	0.000000	0.024997	0.967968	0.007035	0.000000	0.000000	0.000000
428	0.000000	0.000000	0.000000	0.025062	0.967841	0.007097	0.000000	0.000000	0.000000
429	0.000000	0.000000	0.000000	0.025091	0.967826	0.007083	0.000000	0.000000	0.000000
430	0.000000	0.000000	0.000000	0.025108	0.967843	0.007049	0.000000	0.000000	0.000000
431	0.000000	0.000000	0.000000	0.025199	0.967802	0.006999	0.000000	0.000000	0.000000
432	0.000000	0.000000	0.000000	0.025028	0.967910	0.007062	0.000000	0.000000	0.000000
433	0.000000	0.000000	0.000000	0.025033	0.967883	0.007084	0.000000	0.000000	0.000000
434	0.000000	0.000000	0.000000	0.025060	0.967757	0.007183	0.000000	0.000000	0.000000
435	0.000000	0.000000	0.000000	0.025038	0.967892	0.007070	0.000000	0.000000	0.000000
436	0.000000	0.000000	0.000000	0.025119	0.967821	0.007060	0.000000	0.000000	0.000000
437	0.000000	0.000000	0.000000	0.025013	0.967973	0.007014	0.000000	0.000000	0.000000
438	0.000000	0.000000	0.000000	0.024903	0.968081	0.007016	0.000000	0.000000	0.000000
439	0.000000	0.000000	0.000000	0.024821	0.968221	0.006958	0.000000	0.000000	0.000000
440	0.000000	0.000000	0.000000	0.024781	0.968265	0.006954	0.000000	0.000000	0.000000
441	0.000000	0.000000	0.000000	0.024689	0.968187	0.007124	0.000000	0.000000	0.000000
442	0.000000	0.000000	0.000000	0.024754	0.968122	0.007124	0.000000	0.000000	0.000000
443	0.000000	0.000000	0.000000	0.024793	0.968124	0.007083	0.000000	0.000000	0.000000
444	0.000000	0.000000	0.000000	0.024889	0.968115	0.006996	0.000000	0.000000	0.000000
445	0.000000	0.000000	0.000000	0.025016	0.967984	0.007000	0.000000	0.000000	0.000000
446	0.000000	0.000000	0.000000	0.024804	0.968297	0.006899	0.000000	0.000000	0.000000
447	0.000000	0.000000	0.000000	0.024784	0.968304	0.006912	0.000000	0.000000	0.000000
448	0.000000	0.000000	0.000000	0.024985	0.968158	0.006857	0.000000	0.000000	0.000000
449	0.000000	0.000000	0.000000	0.024856	0.968242	0.006902	0.000000	0.000000	0.000000
450	0.000000	0.000000	0.000000	0.025056	0.968093	0.006851	0.000000	0.000000	0.000000
451	0.000000	0.000000	0.000000	0.025104	0.967983	0.006913	0.000000	0.000000	0.000000
452	0.000000	0.000000	0.000000	0.025207	0.967870	0.006923	0.000000	0.000000	0.000000
453	0.000000	0.000000	0.000000	0.025165	0.967956	0.006879	0.000000	0.000000	0.000000
454	0.000000	0.000000	0.000000	0.025370	0.967805	0.006825	0.000000	0.000000	0.000000
455	0.000000	0.000000	0.000000	0.025338	0.967806	0.006856	0.000000	0.000000	0.000000
456	0.000000	0.000000	0.000000	0.025342	0.967819	0.006839	0.000000	0.000000	0.000000
457	0.000000	0.000000	0.000000	0.025311	0.967909	0.006780	0.000000	0.000000	0.000000
458	0.000000	0.000000	0.000000	0.025308	0.967979	0.006713	0.000000	0.000000	0.000000
459	0.000000	0.000000	0.000000	0.025342	0.967908	0.006750	0.000000	0.000000	0.000000
460	0.000000	0.000000	0.000000	0.025335	0.967948	0.006717	0.000000	0.000000	0.000000
461	0.000000	0.000000	0.000000	0.025303	0.967978	0.006719	0.000000	0.000000	0.000000
462	0.000000	0.000000	0.000000	0.025382	0.967865	0.006753	0.000000	0.000000	0.000000
463	0.000000	0.000000	0.000000	0.025253	0.967971	0.006776	0.000000	0.000000	0.000000
464	0.000000	0.000000	0.000000	0.025218	0.967999	0.006783	0.000000	0.000000	0.000000
465	0.000000	0.000000	0.000000	0.025160	0.968076	0.006764	0.000000	0.000000	0.000000
466	0.000000	0.000000	0.000000	0.024985	0.968349	0.006666	0.000000	0.000000	0.000000
467	0.000000	0.000000	0.000000	0.024631	0.968631	0.006738	0.000000	0.000000	0.000000
468	0.000000	0.000000	0.000000	0.024537	0.968740	0.006723	0.000000	0.000000	0.000000
469	0.000000	0.000000	0.000000	0.024140	0.969122	0.006738	0.000000	0.000000	0.000000
470	0.000000	0.000000	0.000000	0.024136	0.969074	0.006790	0.000000	0.000000	0.000000
