0	0.290663	0.057897	0.229473	0.157588	0.029913	0.111872	0.085455	0.012259	0.024880
1	0.247677	0.050781	0.213901	0.118693	0.024355	0.105144	0.122157	0.023757	0.093535
2	0.262106	0.053490	0.223000	0.097391	0.021520	0.087235	0.124043	0.024214	0.107001
3	0.282558	0.056237	0.230572	0.080365	0.018823	0.070589	0.122208	0.023620	0.115028
4	0.302785	0.059346	0.236606	0.065964	0.016756	0.056830	0.118063	0.022753	0.120897
5	0.322236	0.061890	0.240461	0.054120	0.014917	0.045149	0.113295	0.021613	0.126319
6	0.341048	0.064643	0.242498	0.044449	0.013466	0.035802	0.107182	0.020587	0.130325
7	0.359908	0.066885	0.242748	0.036034	0.012189	0.028419	0.100516	0.019350	0.133951
8	0.376432	0.069161	0.241692	0.029280	0.010968	0.022715	0.093942	0.018265	0.137545
9	0.391705	0.071535	0.239932	0.023914	0.010008	0.017806	0.088154	0.017024	0.139922
10	0.406837	0.073074	0.237680	0.019522	0.009106	0.014106	0.082067	0.015681	0.141927
11	0.420529	0.075152	0.234120	0.015736	0.008269	0.010965	0.076399	0.014681	0.144149
12	0.433780	0.076830	0.230388	0.012830	0.007482	0.008667	0.070417	0.013876	0.145730
13	0.445549	0.078578	0.226525	0.010329	0.006904	0.006899	0.065748	0.012958	0.146510
14	0.457085	0.079534	0.222117	0.008328	0.006233	0.005442	0.061070	0.012003	0.148188
15	0.467766	0.080711	0.217693	0.006594	0.005733	0.004489	0.056731	0.011313	0.148970
16	0.478438	0.081957	0.212948	0.005379	0.005204	0.003474	0.052353	0.010519	0.149728
17	0.488190	0.083117	0.208286	0.004291	0.004782	0.002868	0.048739	0.009685	0.150042
18	0.496587	0.084342	0.203631	0.003538	0.004355	0.002325	0.044896	0.009030	0.151296
19	0.505516	0.085565	0.198934	0.002968	0.003862	0.001893	0.041566	0.008290	0.151406
20	0.513010	0.086108	0.194733	0.002470	0.003514	0.001485	0.038568	0.007889	0.152223
21	0.521274	0.087174	0.189615	0.001968	0.003234	0.001202	0.036010	0.007239	0.152284
22	0.528313	0.088242	0.185419	0.001664	0.003005	0.000976	0.033378	0.006635	0.152368
23	0.536155	0.089053	0.180221	0.001400	0.002784	0.000799	0.030846	0.006258	0.152484
24	0.544083	0.089727	0.175355	0.001155	0.002539	0.000624	0.028815	0.005710	0.151992
25	0.550632	0.090447	0.171141	0.001001	0.002280	0.000503	0.026864	0.005422	0.151710
26	0.557676	0.091164	0.167127	0.000900	0.002071	0.000418	0.024940	0.005031	0.150673
27	0.564364	0.091375	0.163072	0.000795	0.001884	0.000335	0.023228	0.004649	0.150298
28	0.571075	0.092340	0.158194	0.000651	0.001692	0.000262	0.021504	0.004239	0.150043
29	0.577404	0.093134	0.154051	0.000525	0.001618	0.000237	0.019900	0.003921	0.149210
30	0.583139	0.094120	0.150211	0.000498	0.001534	0.000206	0.018537	0.003658	0.148097
31	0.588597	0.095005	0.146546	0.000437	0.001397	0.000209	0.017183	0.003376	0.147250
32	0.594890	0.095492	0.142954	0.000388	0.001362	0.000156	0.015937	0.003118	0.145703
33	0.600508	0.096309	0.139542	0.000300	0.001272	0.000131	0.014891	0.002936	0.144111
34	0.606152	0.096934	0.136075	0.000257	0.001228	0.000126	0.013593	0.002669	0.142966
35	0.611888	0.097549	0.132479	0.000242	0.001084	0.000107	0.012657	0.002455	0.141539
36	0.618138	0.098353	0.128821	0.000210	0.001028	0.000086	0.011828	0.002327	0.139209
37	0.624202	0.098682	0.125774	0.000192	0.001010	0.000077	0.010781	0.002029	0.137253
38	0.629590	0.099310	0.122857	0.000178	0.000976	0.000068	0.009939	0.001909	0.135173
39	0.634691	0.100353	0.119085	0.000158	0.000917	0.000053	0.009249	0.001827	0.133667
40	0.639818	0.100765	0.116669	0.000146	0.000878	0.000049	0.008384	0.001622	0.131669
41	0.645038	0.101375	0.113744	0.000107	0.000793	0.000049	0.007815	0.001466	0.129613
42	0.649973	0.101837	0.111133	0.000096	0.000777	0.000041	0.006978	0.001341	0.127824
43	0.654783	0.102283	0.108343	0.000087	0.000747	0.000038	0.006656	0.001219	0.125844
44	0.659944	0.102718	0.105756	0.000076	0.000723	0.000032	0.005919	0.001136	0.123696
45	0.664542	0.103228	0.103747	0.000063	0.000722	0.000029	0.005503	0.001046	0.121120
46	0.669428	0.103989	0.101002	0.000061	0.000658	0.000023	0.004979	0.000985	0.118875
47	0.674535	0.104493	0.098541	0.000051	0.000687	0.000019	0.004667	0.000885	0.116122
48	0.679291	0.105066	0.096738	0.000045	0.000648	0.000016	0.004180	0.000825	0.113191
49	0.684249	0.105974	0.094104	0.000046	0.000619	0.000019	0.003903	0.000754	0.110332
50	0.689006	0.106049	0.092507	0.000048	0.000629	0.000026	0.003521	0.000713	0.107501
51	0.693375	0.107020	0.090086	0.000045	0.000544	0.000023	0.003233	0.000662	0.105012
52	0.697758	0.107661	0.088232	0.000026	0.000544	0.000017	0.003022	0.000588	0.102152
53	0.701476	0.108450	0.087049	0.000023	0.000488	0.000016	0.002702	0.000495	0.099301
54	0.706078	0.109284	0.084543	0.000034	0.000466	0.000014	0.002401	0.000451	0.096729
55	0.710385	0.109736	0.083055	0.000021	0.000464	0.000009	0.002192	0.000408	0.093730
56	0.714780	0.109933	0.081411	0.000022	0.000462	0.000010	0.001980	0.000386	0.091016
57	0.719360	0.110116	0.079589	0.000023	0.000458	0.000006	0.001803	0.000360	0.088285
58	0.723400	0.110187	0.078610	0.000012	0.000496	0.000006	0.001591	0.000342	0.085356
59	0.727234	0.110709	0.077107	0.000011	0.000493	0.000003	0.001442	0.000313	0.082688
60	0.731476	0.110724	0.075922	0.000009	0.000483	0.000002	0.001328	0.000293	0.079763
61	0.735245	0.111088	0.074442	0.000004	0.000463	0.000000	0.001226	0.000255	0.077277
62	0.738624	0.111586	0.072985	0.000002	0.000430	0.000000	0.001082	0.000248	0.075043
63	0.742388	0.112234	0.071469	0.000001	0.000392	0.000000	0.000968	0.000209	0.072339
64	0.745966	0.112621	0.070251	0.000004	0.000389	0.000000	0.000932	0.000197	0.069640
65	0.749362	0.112720	0.069155	0.000004	0.000360	0.000000	0.000853	0.000162	0.067384
66	0.752551	0.113255	0.067846	0.000004	0.000367	0.000000	0.000794	0.000149	0.065034
67	0.755944	0.113739	0.066867	0.000006	0.000334	0.000000	0.000665	0.000143	0.062302
68	0.759080	0.113957	0.065959	0.000005	0.000308	0.000000	0.000589	0.000125	0.059977
69	0.762715	0.114127	0.064902	0.000003	0.000311	0.000000	0.000520	0.000111	0.057311
70	0.765649	0.114354	0.064066	0.000003	0.000296	0.000000	0.000465	0.000105	0.055062
71	0.768412	0.114736	0.063053	0.000002	0.000272	0.000000	0.000434	0.000087	0.053004
72	0.771459	0.114554	0.062452	0.000003	0.000262	0.000000	0.000396	0.000080	0.050794
73	0.773817	0.114710	0.062005	0.000000	0.000261	0.000000	0.000358	0.000063	0.048786
74	0.775896	0.114790	0.061484	0.000002	0.000244	0.000000	0.000321	0.000063	0.047200
75	0.778451	0.115051	0.060466	0.000003	0.000242	0.000000	0.000279	0.000052	0.045456
76	0.780927	0.115065	0.059870	0.000002	0.000264	0.000000	0.000266	0.000039	0.043567
77	0.783409	0.115013	0.059358	0.000001	0.000250	0.000000	0.000228	0.000032	0.041709
78	0.784841	0.115618	0.058926	0.000001	0.000233	0.000000	0.000220	0.000028	0.040133
79	0.786844	0.115608	0.058476	0.000001	0.000214	0.000000	0.000194	0.000025	0.038638
80	0.789011	0.115633	0.057753	0.000001	0.000220	0.000000	0.000185	0.000023	0.037174
81	0.790889	0.115820	0.057331	0.000004	0.000236	0.000000	0.000162	0.000023	0.035535
82	0.792845	0.116048	0.056771	0.000001	0.000214	0.000000	0.000130	0.000023	0.033968
83	0.794352	0.116035	0.056785	0.000002	0.000217	0.000000	0.000124	0.000022	0.032463
84	0.796306	0.116117	0.056005	0.000003	0.000206	0.000000	0.000089	0.000018	0.031256
85	0.798120	0.115895	0.055752	0.000000	0.000186	0.000000	0.000109	0.000021	0.029917
86	0.799440	0.116205	0.055394	0.000000	0.000194	0.000000	0.000095	0.000019	0.028653
87	0.801310	0.116352	0.054466	0.000000	0.000194	0.000000	0.000087	0.000016	0.027575
88	0.802892	0.116199	0.054247	0.000000	0.000187	0.000000	0.000084	0.000018	0.026373
89	0.804204	0.116458	0.053787	0.000000	0.000187	0.000000	0.000064	0.000012	0.025288
90	0.805279	0.116648	0.053454	0.000000	0.000184	0.000000	0.000057	0.000009	0.024369
91	0.806969	0.116375	0.053229	0.000000	0.000179	0.000000	0.000041	0.000007	0.023200
92	0.808191	0.116676	0.052642	0.000000	0.000177	0.000000	0.000036	0.000003	0.022275
93	0.809121	0.116733	0.052554	0.000000	0.000174	0.000000	0.000042	0.000006	0.021370
94	0.810517	0.116905	0.051912	0.000000	0.000173	0.000000	0.000026	0.000002	0.020465
95	0.811482	0.117040	0.051606	0.000000	0.000180	0.000000	0.000030	0.000002	0.019660
96	0.812668	0.116857	0.051283	0.000000	0.000162	0.000000	0.000033	0.000002	0.018995
97	0.813338	0.117147	0.051023	0.000000	0.000157	0.000000	0.000028	0.000003	0.018304
98	0.814217	0.117234	0.050995	0.000000	0.000160	0.000000	0.000029	0.000003	0.017362
99	0.815085	0.117349	0.050472	0.000000	0.000148	0.000000	0.000037	0.000001	0.016908
100	0.815983	0.117434	0.050260	0.000000	0.000146	0.000000	0.000029	0.000004	0.016144
101	0.816970	0.117568	0.049775	0.000000	0.000158	0.000000	0.000035	0.000005	0.015489
102	0.818015	0.117677	0.049299	0.000000	0.000154	0.000000	0.000027	0.000001	0.014827
103	0.818301	0.118043	0.049288	0.000000	0.000141	0.000000	0.000029	0.000001	0.014197
104	0.818896	0.117906	0.049530	0.000000	0.000135	0.000000	0.000020	0.000001	0.013512
105	0.820147	0.117569	0.049171	0.000000	0.000130	0.000000	0.000021	0.000002	0.012960
106	0.820206	0.117918	0.049310	0.000000	0.000132	0.000000	0.000016	0.000004	0.012414
107	0.821363	0.117858	0.048721	0.000000	0.000134	0.000000	0.000018	0.000005	0.011901
108	0.822055	0.118128	0.048295	0.000000	0.000120	0.000000	0.000014	0.000002	0.011386
109	0.822603	0.118040	0.048225	0.000000	0.000112	0.000000	0.000016	0.000003	0.011001
110	0.823473	0.117886	0.047936	0.000000	0.000089	0.000000	0.000013	0.000003	0.010600
111	0.824269	0.117962	0.047573	0.000000	0.000079	0.000000	0.000012	0.000003	0.010102
112	0.824925	0.118007	0.047365	0.000000	0.000083	0.000000	0.000009	0.000003	0.009608
113	0.825304	0.118163	0.047031	0.000000	0.000069	0.000000	0.000005	0.000006	0.009422
114	0.826070	0.118000	0.046757	0.000000	0.000083	0.000000	0.000004	0.000004	0.009082
115	0.826280	0.118175	0.046642	0.000000	0.000090	0.000000	0.000004	0.000006	0.008803
116	0.826303	0.118495	0.046646	0.000000	0.000087	0.000000	0.000004	0.000008	0.008457
117	0.826318	0.118952	0.046376	0.000000	0.000093	0.000000	0.000005	0.000010	0.008246
118	0.827027	0.118864	0.045993	0.000000	0.000090	0.000000	0.000003	0.000007	0.008016
119	0.827341	0.119101	0.045888	0.000000	0.000083	0.000000	0.000003	0.000003	0.007581
120	0.827692	0.118784	0.046031	0.000000	0.000086	0.000000	0.000003	0.000001	0.007403
121	0.827484	0.119055	0.046199	0.000000	0.000072	0.000000	0.000002	0.000000	0.007188
122	0.827937	0.119158	0.045916	0.000000	0.000077	0.000000	0.000004	0.000001	0.006907
123	0.828338	0.118952	0.045958	0.000000	0.000072	0.000000	0.000004	0.000003	0.006673
124	0.828757	0.119120	0.045660	0.000000	0.000076	0.000000	0.000005	0.000000	0.006382
125	0.828642	0.119561	0.045529	0.000000	0.000076	0.000000	0.000006	0.000000	0.006186
126	0.828716	0.119485	0.045717	0.000000	0.000084	0.000000	0.000004	0.000000	0.005994
127	0.828720	0.119694	0.045668	0.000000	0.000084	0.000000	0.000005	0.000000	0.005829
128	0.829043	0.119467	0.045718	0.000000	0.000082	0.000000	0.000004	0.000000	0.005686
129	0.828858	0.120127	0.045504	0.000000	0.000064	0.000000	0.000004	0.000000	0.005443
130	0.829449	0.119717	0.045561	0.000000	0.000068	0.000000	0.000007	0.000000	0.005198
131	0.829839	0.119602	0.045397	0.000000	0.000065	0.000000	0.000008	0.000000	0.005089
132	0.830047	0.119524	0.045323	0.000000	0.000075	0.000000	0.000003	0.000000	0.005028
133	0.830699	0.119113	0.045336	0.000000	0.000093	0.000000	0.000005	0.000000	0.004754
134	0.831439	0.118974	0.044861	0.000000	0.000091	0.000000	0.000005	0.000000	0.004630
135	0.831295	0.119333	0.044733	0.000000	0.000091	0.000000	0.000006	0.000000	0.004542
136	0.831551	0.119258	0.044732	0.000000	0.000093	0.000000	0.000004	0.000000	0.004362
137	0.831443	0.119551	0.044594	0.000000	0.000103	0.000000	0.000001	0.000000	0.004308
138	0.831713	0.119487	0.044679	0.000000	0.000085	0.000000	0.000003	0.000000	0.004033
139	0.832372	0.118999	0.044587	0.000000	0.000076	0.000000	0.000002	0.000000	0.003964
140	0.832416	0.119135	0.044482	0.000000	0.000090	0.000000	0.000002	0.000000	0.003875
141	0.832756	0.119228	0.044259	0.000000	0.000083	0.000000	0.000002	0.000000	0.003672
142	0.832922	0.118986	0.044509	0.000000	0.000083	0.000000	0.000001	0.000000	0.003499
143	0.832885	0.119200	0.044440	0.000000	0.000083	0.000000	0.000004	0.000000	0.003388
144	0.833293	0.119233	0.044153	0.000000	0.000086	0.000000	0.000003	0.000000	0.003232
145	0.833461	0.119174	0.044084	0.000000	0.000074	0.000000	0.000001	0.000000	0.003206
146	0.833453	0.119180	0.044145	0.000000	0.000086	0.000000	0.000000	0.000000	0.003136
147	0.834017	0.118985	0.043860	0.000000	0.000092	0.000000	0.000000	0.000000	0.003046
148	0.833871	0.119271	0.043779	0.000000	0.000098	0.000000	0.000000	0.000000	0.002981
149	0.833523	0.119572	0.043955	0.000000	0.000098	0.000000	0.000000	0.000000	0.002852
150	0.834291	0.119083	0.043691	0.000000	0.000097	0.000000	0.000000	0.000000	0.002838
151	0.833968	0.119302	0.043903	0.000000	0.000092	0.000000	0.000000	0.000000	0.002735
152	0.834606	0.118775	0.043848	0.000000	0.000099	0.000000	0.000000	0.000000	0.002672
153	0.835140	0.118650	0.043568	0.000000	0.000090	0.000000	0.000000	0.000000	0.002552
154	0.835101	0.118541	0.043776	0.000000	0.000088	0.000000	0.000000	0.000000	0.002494
155	0.834680	0.118888	0.043920	0.000000	0.000095	0.000000	0.000000	0.000000	0.002417
156	0.834956	0.118670	0.043946	0.000000	0.000091	0.000000	0.000000	0.000000	0.002337
157	0.834815	0.119302	0.043548	0.000000	0.000089	0.000000	0.000000	0.000000	0.002246
158	0.835089	0.118864	0.043752	0.000000	0.000089	0.000000	0.000000	0.000000	0.002206
159	0.834801	0.119077	0.043955	0.000000	0.000082	0.000000	0.000000	0.000000	0.002085
160	0.835208	0.118783	0.043918	0.000000	0.000082	0.000000	0.000000	0.000000	0.002009
161	0.835405	0.118689	0.043849	0.000000	0.000095	0.000000	0.000000	0.000000	0.001962
162	0.834852	0.119174	0.043957	0.000000	0.000094	0.000000	0.000000	0.000000	0.001923
163	0.835224	0.119116	0.043712	0.000000	0.000104	0.000000	0.000000	0.000000	0.001844
164	0.834448	0.119833	0.043854	0.000000	0.000101	0.000000	0.000000	0.000000	0.001764
165	0.834970	0.119259	0.043956	0.000000	0.000093	0.000000	0.000000	0.000000	0.001722
166	0.835097	0.119417	0.043720	0.000000	0.000108	0.000000	0.000000	0.000000	0.001658
167	0.835243	0.119210	0.043852	0.000000	0.000113	0.000000	0.000000	0.000000	0.001582
168	0.835356	0.119264	0.043706	0.000000	0.000122	0.000000	0.000000	0.000000	0.001552
169	0.835654	0.119228	0.043470	0.000000	0.000123	0.000000	0.000000	0.000000	0.001525
170	0.835648	0.119197	0.043568	0.000000	0.000120	0.000000	0.000000	0.000000	0.001467
171	0.835837	0.119269	0.043338	0.000000	0.000112	0.000000	0.000000	0.000000	0.001444
172	0.835850	0.118808	0.043851	0.000000	0.000115	0.000000	0.000000	0.000000	0.001376
173	0.835979	0.118923	0.043639	0.000000	0.000119	0.000000	0.000000	0.000000	0.001340
174	0.836208	0.118659	0.043747	0.000000	0.000120	0.000000	0.000000	0.000000	0.001266
175	0.836532	0.118578	0.043515	0.000000	0.000116	0.000000	0.000000	0.000000	0.001259
176	0.836867	0.118268	0.043544	0.000000	0.000114	0.000000	0.000000	0.000000	0.001207
177	0.836873	0.118540	0.043261	0.000000	0.000115	0.000000	0.000000	0.000000	0.001211
178	0.836755	0.118358	0.043638	0.000000	0.000126	0.000000	0.000000	0.000000	0.001123
179	0.836568	0.118469	0.043695	0.000000	0.000133	0.000000	0.000000	0.000000	0.001135
180	0.836235	0.118863	0.043647	0.000000	0.000126	0.000000	0.000000	0.000000	0.001129
181	0.835849	0.119165	0.043770	0.000000	0.000128	0.000000	0.000000	0.000000	0.001088
182	0.836008	0.119256	0.043535	0.000000	0.000118	0.000000	0.000000	0.000000	0.001083
183	0.835986	0.119289	0.043515	0.000000	0.000127	0.000000	0.000000	0.000000	0.001083
184	0.836514	0.118898	0.043440	0.000000	0.000135	0.000000	0.000000	0.000000	0.001013
185	0.836116	0.119056	0.043708	0.000000	0.000125	0.000000	0.000000	0.000000	0.000995
186	0.836074	0.119154	0.043663	0.000000	0.000127	0.000000	0.000000	0.000000	0.000982
187	0.835923	0.119579	0.043389	0.000000	0.000140	0.000000	0.000000	0.000000	0.000969
188	0.836046	0.119524	0.043384	0.000000	0.000146	0.000000	0.000000	0.000000	0.000900
189	0.835923	0.119701	0.043356	0.000000	0.000151	0.000000	0.000000	0.000000	0.000869
190	0.835843	0.119919	0.043272	0.000000	0.000156	0.000000	0.000000	0.000000	0.000810
191	0.836108	0.119500	0.043463	0.000000	0.000148	0.000000	0.000000	0.000000	0.000781
192	0.836036	0.119820	0.043254	0.000000	0.000142	0.000000	0.000000	0.000000	0.000748
193	0.835816	0.120064	0.043220	0.000000	0.000136	0.000000	0.000000	0.000000	0.000764
194	0.835986	0.120036	0.043109	0.000000	0.000124	0.000000	0.000000	0.000000	0.000745
195	0.835872	0.120231	0.043100	0.000000	0.000120	0.000000	0.000000	0.000000	0.000677
196	0.835785	0.120344	0.043083	0.000000	0.000123	0.000000	0.000000	0.000000	0.000665
197	0.835249	0.120846	0.043169	0.000000	0.000111	0.000000	0.000000	0.000000	0.000625
198	0.835576	0.120593	0.043106	0.000000	0.000109	0.000000	0.000000	0.000000	0.000616
199	0.836201	0.120028	0.043084	0.000000	0.000106	0.000000	0.000000	0.000000	0.000581
200	0.836359	0.119956	0.042957	0.000000	0.000129	0.000000	0.000000	0.000000	0.000599
201	0.836441	0.119702	0.043120	0.000000	0.000135	0.000000	0.000000	0.000000	0.000602
202	0.836713	0.119296	0.043265	0.000000	0.000137	0.000000	0.000000	0.000000	0.000589
203	0.836911	0.119254	0.043166	0.000000	0.000111	0.000000	0.000000	0.000000	0.000558
204	0.836770	0.119577	0.043017	0.000000	0.000104	0.000000	0.000000	0.000000	0.000532
205	0.836692	0.119564	0.043149	0.000000	0.000102	0.000000	0.000000	0.000000	0.000493
206	0.836560	0.119609	0.043273	0.000000	0.000114	0.000000	0.000000	0.000000	0.000444
207	0.836639	0.119559	0.043276	0.000000	0.000102	0.000000	0.000000	0.000000	0.000424
208	0.836432	0.119732	0.043342	0.000000	0.000102	0.000000	0.000000	0.000000	0.000392
209	0.836510	0.119379	0.043616	0.000000	0.000110	0.000000	0.000000	0.000000	0.000385
210	0.836177	0.119728	0.043606	0.000000	0.000114	0.000000	0.000000	0.000000	0.000375
211	0.836450	0.119661	0.043438	0.000000	0.000107	0.000000	0.000000	0.000000	0.000344
212	0.836638	0.119780	0.043132	0.000000	0.000111	0.000000	0.000000	0.000000	0.000339
213	0.836967	0.119437	0.043166	0.000000	0.000102	0.000000	0.000000	0.000000	0.000328
214	0.836837	0.119633	0.043101	0.000000	0.000101	0.000000	0.000000	0.000000	0.000328
215	0.836675	0.119649	0.043268	0.000000	0.000106	0.000000	0.000000	0.000000	0.000302
216	0.836373	0.120127	0.043112	0.000000	0.000099	0.000000	0.000000	0.000000	0.000289
217	0.836459	0.120081	0.043079	0.000000	0.000105	0.000000	0.000000	0.000000	0.000276
218	0.836738	0.119952	0.042940	0.000000	0.000097	0.000000	0.000000	0.000000	0.000273
219	0.837201	0.119627	0.042797	0.000000	0.000100	0.000000	0.000000	0.000000	0.000275
220	0.837484	0.119531	0.042616	0.000000	0.000093	0.000000	0.000000	0.000000	0.000276
221	0.837194	0.119650	0.042801	0.000000	0.000098	0.000000	0.000000	0.000000	0.000257
222	0.837224	0.119521	0.042906	0.000000	0.000092	0.000000	0.000000	0.000000	0.000257
223	0.837258	0.119624	0.042781	0.000000	0.000089	0.000000	0.000000	0.000000	0.000248
224	0.836945	0.119699	0.043036	0.000000	0.000083	0.000000	0.000000	0.000000	0.000237
225	0.836736	0.119659	0.043285	0.000000	0.000088	0.000000	0.000000	0.000000	0.000232
226	0.836935	0.119339	0.043413	0.000000	0.000089	0.000000	0.000000	0.000000	0.000224
227	0.836845	0.119560	0.043308	0.000000	0.000080	0.000000	0.000000	0.000000	0.000207
228	0.836580	0.119617	0.043534	0.000000	0.000074	0.000000	0.000000	0.000000	0.000195
229	0.836822	0.119242	0.043666	0.000000	0.000071	0.000000	0.000000	0.000000	0.000199
230	0.837053	0.118970	0.043714	0.000000	0.000075	0.000000	0.000000	0.000000	0.000188
231	0.837022	0.119333	0.043380	0.000000	0.000083	0.000000	0.000000	0.000000	0.000182
232	0.837076	0.119118	0.043535	0.000000	0.000077	0.000000	0.000000	0.000000	0.000194
233	0.837491	0.118654	0.043613	0.000000	0.000067	0.000000	0.000000	0.000000	0.000175
234	0.837918	0.118576	0.043252	0.000000	0.000062	0.000000	0.000000	0.000000	0.000192
235	0.837458	0.118976	0.043312	0.000000	0.000064	0.000000	0.000000	0.000000	0.000190
236	0.837173	0.119215	0.043343	0.000000	0.000065	0.000000	0.000000	0.000000	0.000204
237	0.837336	0.119138	0.043257	0.000000	0.000074	0.000000	0.000000	0.000000	0.000195
238	0.837328	0.119116	0.043279	0.000000	0.000061	0.000000	0.000000	0.000000	0.000216
239	0.836991	0.119178	0.043559	0.000000	0.000054	0.000000	0.000000	0.000000	0.000218
240	0.837485	0.119103	0.043157	0.000000	0.000062	0.000000	0.000000	0.000000	0.000193
241	0.837485	0.118948	0.043307	0.000000	0.000066	0.000000	0.000000	0.000000	0.000194
242	0.837118	0.119114	0.043524	0.000000	0.000058	0.000000	0.000000	0.000000	0.000186
243	0.837515	0.118696	0.043532	0.000000	0.000058	0.000000	0.000000	0.000000	0.000199
244	0.837221	0.119004	0.043515	0.000000	0.000055	0.000000	0.000000	0.000000	0.000205
245	0.837122	0.119197	0.043419	0.000000	0.000060	0.000000	0.000000	0.000000	0.000202
246	0.837202	0.118819	0.043723	0.000000	0.000058	0.000000	0.000000	0.000000	0.000198
247	0.837106	0.119133	0.043513	0.000000	0.000058	0.000000	0.000000	0.000000	0.000190
248	0.836987	0.119094	0.043658	0.000000	0.000071	0.000000	0.000000	0.000000	0.000190
249	0.836770	0.119345	0.043644	0.000000	0.000058	0.000000	0.000000	0.000000	0.000183
250	0.836496	0.119608	0.043653	0.000000	0.000054	0.000000	0.000000	0.000000	0.000189
251	0.836566	0.119649	0.043550	0.000000	0.000055	0.000000	0.000000	0.000000	0.000180
252	0.836806	0.119498	0.043467	0.000000	0.000060	0.000000	0.000000	0.000000	0.000169
253	0.836708	0.119916	0.043143	0.000000	0.000064	0.000000	0.000000	0.000000	0.000169
254	0.836833	0.119857	0.043082	0.000000	0.000065	0.000000	0.000000	0.000000	0.000163
255	0.836630	0.119980	0.043170	0.000000	0.000070	0.000000	0.000000	0.000000	0.000150
256	0.836601	0.120240	0.042971	0.000000	0.000053	0.000000	0.000000	0.000000	0.000135
257	0.836164	0.120386	0.043261	0.000000	0.000052	0.000000	0.000000	0.000000	0.000137
258	0.836579	0.120016	0.043207	0.000000	0.000049	0.000000	0.000000	0.000000	0.000149
259	0.836496	0.120159	0.043142	0.000000	0.000053	0.000000	0.000000	0.000000	0.000150
260	0.836368	0.120226	0.043229	0.000000	0.000040	0.000000	0.000000	0.000000	0.000137
261	0.836496	0.120159	0.043178	0.000000	0.000046	0.000000	0.000000	0.000000	0.000121
262	0.836552	0.120208	0.043083	0.000000	0.000043	0.000000	0.000000	0.000000	0.000114
263	0.836658	0.120025	0.043172	0.000000	0.000042	0.000000	0.000000	0.000000	0.000103
264	0.836723	0.120050	0.043092	0.000000	0.000045	0.000000	0.000000	0.000000	0.000090
265	0.836453	0.120244	0.043165	0.000000	0.000051	0.000000	0.000000	0.000000	0.000087
266	0.836215	0.120328	0.043331	0.000000	0.000046	0.000000	0.000000	0.000000	0.000080
267	0.835860	0.120651	0.043370	0.000000	0.000046	0.000000	0.000000	0.000000	0.000073
268	0.835738	0.120801	0.043352	0.000000	0.000048	0.000000	0.000000	0.000000	0.000061
269	0.836037	0.120452	0.043407	0.000000	0.000040	0.000000	0.000000	0.000000	0.000064
270	0.836201	0.120504	0.043191	0.000000	0.000047	0.000000	0.000000	0.000000	0.000057
271	0.835610	0.120697	0.043578	0.000000	0.000054	0.000000	0.000000	0.000000	0.000061
272	0.835530	0.121021	0.043344	0.000000	0.000051	0.000000	0.000000	0.000000	0.000054
273	0.835933	0.120723	0.043250	0.000000	0.000042	0.000000	0.000000	0.000000	0.000052
274	0.835912	0.120998	0.042997	0.000000	0.000041	0.000000	0.000000	0.000000	0.000052
275	0.835884	0.120830	0.043191	0.000000	0.000040	0.000000	0.000000	0.000000	0.000055
276	0.836208	0.120391	0.043305	0.000000	0.000041	0.000000	0.000000	0.000000	0.000055
277	0.835783	0.120715	0.043400	0.000000	0.000049	0.000000	0.000000	0.000000	0.000053
278	0.835812	0.120378	0.043712	0.000000	0.000052	0.000000	0.000000	0.000000	0.000046
279	0.836174	0.120128	0.043613	0.000000	0.000046	0.000000	0.000000	0.000000	0.000039
280	0.836291	0.120088	0.043544	0.000000	0.000043	0.000000	0.000000	0.000000	0.000034
281	0.836475	0.119982	0.043464	0.000000	0.000042	0.000000	0.000000	0.000000	0.000037
282	0.836637	0.119708	0.043580	0.000000	0.000040	0.000000	0.000000	0.000000	0.000035
283	0.836961	0.119258	0.043702	0.000000	0.000046	0.000000	0.000000	0.000000	0.000033
284	0.836549	0.119678	0.043696	0.000000	0.000048	0.000000	0.000000	0.000000	0.000029
285	0.836795	0.119520	0.043612	0.000000	0.000046	0.000000	0.000000	0.000000	0.000027
286	0.836919	0.119390	0.043621	0.000000	0.000045	0.000000	0.000000	0.000000	0.000025
287	0.837187	0.119314	0.043424	0.000000	0.000047	0.000000	0.000000	0.000000	0.000028
288	0.836965	0.119620	0.043346	0.000000	0.000044	0.000000	0.000000	0.000000	0.000025
289	0.836671	0.119804	0.043454	0.000000	0.000044	0.000000	0.000000	0.000000	0.000027
290	0.837205	0.119556	0.043176	0.000000	0.000040	0.000000	0.000000	0.000000	0.000023
291	0.837211	0.119466	0.043269	0.000000	0.000036	0.000000	0.000000	0.000000	0.000018
292	0.836663	0.120014	0.043266	0.000000	0.000039	0.000000	0.000000	0.000000	0.000018
293	0.837066	0.119582	0.043291	0.000000	0.000048	0.000000	0.000000	0.000000	0.000013
294	0.837090	0.119493	0.043356	0.000000	0.000044	0.000000	0.000000	0.000000	0.000017
295	0.837261	0.119300	0.043378	0.000000	0.000043	0.000000	0.000000	0.000000	0.000018
296	0.837118	0.119382	0.043455	0.000000	0.000029	0.000000	0.000000	0.000000	0.000016
297	0.837191	0.119202	0.043564	0.000000	0.000029	0.000000	0.000000	0.000000	0.000014
298	0.836816	0.119482	0.043668	0.000000	0.000021	0.000000	0.000000	0.000000	0.000013
299	0.836944	0.119609	0.043411	0.000000	0.000022	0.000000	0.000000	0.000000	0.000014
300	0.836786	0.119719	0.043462	0.000000	0.000019	0.000000	0.000000	0.000000	0.000014
301	0.836766	0.119646	0.043550	0.000000	0.000022	0.000000	0.000000	0.000000	0.000016
302	0.836460	0.119904	0.043604	0.000000	0.000014	0.000000	0.000000	0.000000	0.000018
303	0.836297	0.119961	0.043718	0.000000	0.000011	0.000000	0.000000	0.000000	0.000013
304	0.836610	0.119852	0.043519	0.000000	0.000011	0.000000	0.000000	0.000000	0.000008
305	0.836620	0.119686	0.043670	0.000000	0.000016	0.000000	0.000000	0.000000	0.000008
306	0.836057	0.120274	0.043644	0.000000	0.000013	0.000000	0.000000	0.000000	0.000012
307	0.835858	0.120448	0.043677	0.000000	0.000008	0.000000	0.000000	0.000000	0.000009
308	0.835759	0.120697	0.043525	0.000000	0.000007	0.000000	0.000000	0.000000	0.000012
309	0.835282	0.120983	0.043716	0.000000	0.000010	0.000000	0.000000	0.000000	0.000009
310	0.835543	0.120655	0.043784	0.000000	0.000011	0.000000	0.000000	0.000000	0.000007
311	0.835277	0.120894	0.043812	0.000000	0.000011	0.000000	0.000000	0.000000	0.000006
312	0.835105	0.120900	0.043983	0.000000	0.000008	0.000000	0.000000	0.000000	0.000004
313	0.835369	0.120668	0.043950	0.000000	0.000010	0.000000	0.000000	0.000000	0.000003
314	0.835400	0.120552	0.044032	0.000000	0.000011	0.000000	0.000000	0.000000	0.000005
315	0.835391	0.120573	0.044022	0.000000	0.000010	0.000000	0.000000	0.000000	0.000004
316	0.835382	0.120592	0.044004	0.000000	0.000017	0.000000	0.000000	0.000000	0.000005
317	0.835756	0.120532	0.043693	0.000000	0.000014	0.000000	0.000000	0.000000	0.000005
318	0.835488	0.120827	0.043665	0.000000	0.000013	0.000000	0.000000	0.000000	0.000007
319	0.835464	0.120641	0.043878	0.000000	0.000011	0.000000	0.000000	0.000000	0.000006
320	0.835586	0.120500	0.043902	0.000000	0.000010	0.000000	0.000000	0.000000	0.000002
321	0.835789	0.120354	0.043839	0.000000	0.000016	0.000000	0.000000	0.000000	0.000002
322	0.835189	0.120883	0.043913	0.000000	0.000012	0.000000	0.000000	0.000000	0.000003
323	0.835247	0.120949	0.043788	0.000000	0.000015	0.000000	0.000000	0.000000	0.000001
324	0.835507	0.121090	0.043383	0.000000	0.000018	0.000000	0.000000	0.000000	0.000002
325	0.835651	0.120757	0.043570	0.000000	0.000019	0.000000	0.000000	0.000000	0.000003
326	0.835376	0.120943	0.043659	0.000000	0.000019	0.000000	0.000000	0.000000	0.000003
327	0.834779	0.121505	0.043693	0.000000	0.000020	0.000000	0.000000	0.000000	0.000003
328	0.834699	0.121468	0.043809	0.000000	0.000022	0.000000	0.000000	0.000000	0.000002
329	0.834447	0.121516	0.044016	0.000000	0.000021	0.000000	0.000000	0.000000	0.000000
330	0.834597	0.121576	0.043811	0.000000	0.000016	0.000000	0.000000	0.000000	0.000000
331	0.834722	0.121631	0.043628	0.000000	0.000019	0.000000	0.000000	0.000000	0.000000
332	0.834600	0.121719	0.043669	0.000000	0.000012	0.000000	0.000000	0.000000	0.000000
333	0.834831	0.121543	0.043615	0.000000	0.000011	0.000000	0.000000	0.000000	0.000000
334	0.834352	0.122066	0.043571	0.000000	0.000011	0.000000	0.000000	0.000000	0.000000
335	0.834602	0.121746	0.043645	0.000000	0.000007	0.000000	0.000000	0.000000	0.000000
336	0.834657	0.121627	0.043707	0.000000	0.000009	0.000000	0.000000	0.000000	0.000000
337	0.834729	0.121780	0.043482	0.000000	0.000009	0.000000	0.000000	0.000000	0.000000
338	0.834392	0.121852	0.043748	0.000000	0.000008	0.000000	0.000000	0.000000	0.000000
339	0.834237	0.121950	0.043809	0.000000	0.000004	0.000000	0.000000	0.000000	0.000000
340	0.834138	0.121915	0.043940	0.000000	0.000007	0.000000	0.000000	0.000000	0.000000
341	0.834314	0.121903	0.043779	0.000000	0.000004	0.000000	0.000000	0.000000	0.000000
342	0.834261	0.122098	0.043636	0.000000	0.000005	0.000000	0.000000	0.000000	0.000000
343	0.834384	0.121889	0.043722	0.000000	0.000005	0.000000	0.000000	0.000000	0.000000
344	0.833986	0.122191	0.043819	0.000000	0.000004	0.000000	0.000000	0.000000	0.000000
345	0.834026	0.122244	0.043728	0.000000	0.000002	0.000000	0.000000	0.000000	0.000000
346	0.834207	0.121910	0.043881	0.000000	0.000002	0.000000	0.000000	0.000000	0.000000
347	0.834148	0.122109	0.043742	0.000000	0.000001	0.000000	0.000000	0.000000	0.000000
348	0.834187	0.121997	0.043815	0.000000	0.000001	0.000000	0.000000	0.000000	0.000000
349	0.833733	0.122483	0.043783	0.000000	0.000001	0.000000	0.000000	0.000000	0.000000
350	0.833373	0.122749	0.043878	0.000000	0.000000	0.000000	0.000000	0.000000	0.000000
351	0.833489	0.122659	0.043851	0.000000	0.000001	0.000000	0.000000	0.000000	0.000000
352	0.833261	0.122618	0.044121	0.000000	0.000000	0.000000	0.000000	0.000000	0.000000
353	0.833179	0.122427	0.044394	0.000000	0.000000	0.000000	0.000000	0.000000	0.000000
354	0.833659	0.122257	0.044084	0.000000	0.000000	0.000000	0.000000	0.000000	0.000000
355	0.833718	0.122204	0.044078	0.000000	0.000000	0.000000	0.000000	0.000000	0.000000
356	0.834293	0.121647	0.044060	0.000000	0.000000	0.000000	0.000000	0.000000	0.000000
357	0.833822	0.122034	0.044144	0.000000	0.000000	0.000000	0.000000	0.000000	0.000000
358	0.833752	0.121900	0.044348	0.000000	0.000000	0.000000	0.000000	0.000000	0.000000
359	0.833882	0.121934	0.044184	0.000000	0.000000	0.000000	0.000000	0.000000	0.000000
360	0.833980	0.121804	0.044216	0.000000	0.000000	0.000000	0.000000	0.000000	0.000000
361	0.834497	0.121461	0.044042	0.000000	0.000000	0.000000	0.000000	0.000000	0.000000
362	0.834286	0.121378	0.044336	0.000000	0.000000	0.000000	0.000000	0.000000	0.000000
363	0.834022	0.121691	0.044287	0.000000	0.000000	0.000000	0.000000	0.000000	0.000000
364	0.834216	0.121774	0.044010	0.000000	0.000000	0.000000	0.000000	0.000000	0.000000
365	0.834127	0.121725	0.044148	0.000000	0.000000	0.000000	0.000000	0.000000	0.000000
366	0.834629	0.121356	0.044015	0.000000	0.000000	0.000000	0.000000	0.000000	0.000000
367	0.834318	0.121700	0.043982	0.000000	0.000000	0.000000	0.000000	0.000000	0.000000
368	0.834548	0.121450	0.044002	0.000000	0.000000	0.000000	0.000000	0.000000	0.000000
369	0.834488	0.121159	0.044353	0.000000	0.000000	0.000000	0.000000	0.000000	0.000000
370	0.834769	0.120907	0.044324	0.000000	0.000000	0.000000	0.000000	0.000000	0.000000
371	0.835145	0.120624	0.044231	0.000000	0.000000	0.000000	0.000000	0.000000	0.000000
372	0.834909	0.120809	0.044282	0.000000	0.000000	0.000000	0.000000	0.000000	0.000000
373	0.835254	0.120626	0.044120	0.000000	0.000000	0.000000	0.000000	0.000000	0.000000
374	0.835441	0.120606	0.043953	0.000000	0.000000	0.000000	0.000000	0.000000	0.000000
375	0.835678	0.120619	0.043703	0.000000	0.000000	0.000000	0.000000	0.000000	0.000000
376	0.835307	0.120759	0.043934	0.000000	0.000000	0.000000	0.000000	0.000000	0.000000
377	0.835339	0.120814	0.043847	0.000000	0.000000	0.000000	0.000000	0.000000	0.000000
378	0.834746	0.121213	0.044041	0.000000	0.000000	0.000000	0.000000	0.000000	0.000000
379	0.834763	0.121073	0.044164	0.000000	0.000000	0.000000	0.000000	0.000000	0.000000
380	0.834367	0.121127	0.044506	0.000000	0.000000	0.000000	0.000000	0.000000	0.000000
381	0.834416	0.121076	0.044508	0.000000	0.000000	0.000000	0.000000	0.000000	0.000000
382	0.834536	0.120842	0.044622	0.000000	0.000000	0.000000	0.000000	0.000000	0.000000
383	0.834024	0.121319	0.044657	0.000000	0.000000	0.000000	0.000000	0.000000	0.000000
384	0.834409	0.121480	0.044111	0.000000	0.000000	0.000000	0.000000	0.000000	0.000000
385	0.834225	0.121597	0.044178	0.000000	0.000000	0.000000	0.000000	0.000000	0.000000
386	0.834420	0.121527	0.044053	0.000000	0.000000	0.000000	0.000000	0.000000	0.000000
387	0.834241	0.121528	0.044231	0.000000	0.000000	0.000000	0.000000	0.000000	0.000000
388	0.833789	0.121914	0.044297	0.000000	0.000000	0.000000	0.000000	0.000000	0.000000
389	0.833634	0.122218	0.044148	0.000000	0.000000	0.000000	0.000000	0.000000	0.000000
390	0.833392	0.122232	0.044376	0.000000	0.000000	0.000000	0.000000	0.000000	0.000000
391	0.833346	0.122426	0.044228	0.000000	0.000000	0.000000	0.000000	0.000000	0.000000
392	0.833563	0.122229	0.044208	0.000000	0.000000	0.000000	0.000000	0.000000	0.000000
393	0.833056	0.122777	0.044167	0.000000	0.000000	0.000000	0.000000	0.000000	0.000000
394	0.833591	0.122316	0.044093	0.000000	0.000000	0.000000	0.000000	0.000000	0.000000
395	0.833425	0.122501	0.044074	0.000000	0.000000	0.000000	0.000000	0.000000	0.000000
396	0.833463	0.122397	0.044140	0.000000	0.000000	0.000000	0.000000	0.000000	0.000000
397	0.833663	0.122232	0.044105	0.000000	0.000000	0.000000	0.000000	0.000000	0.000000
398	0.834264	0.121954	0.043782	0.000000	0.000000	0.000000	0.000000	0.000000	0.000000
399	0.833783	0.122297	0.043920	0.000000	0.000000	0.000000	0.000000	0.000000	0.000000
400	0.833853	0.122178	0.043969	0.000000	0.000000	0.000000	0.000000	0.000000	0.000000
401	0.834116	0.121799	0.044085	0.000000	0.000000	0.000000	0.000000	0.000000	0.000000
402	0.833572	0.121942	0.044486	0.000000	0.000000	0.000000	0.000000	0.000000	0.000000
403	0.833913	0.121914	0.044173	0.000000	0.000000	0.000000	0.000000	0.000000	0.000000
404	0.834008	0.121845	0.044147	0.000000	0.000000	0.000000	0.000000	0.000000	0.000000
405	0.834060	0.121705	0.044235	0.000000	0.000000	0.000000	0.000000	0.000000	0.000000
406	0.834045	0.121817	0.044138	0.000000	0.000000	0.000000	0.000000	0.000000	0.000000
407	0.833780	0.121996	0.044224	0.000000	0.000000	0.000000	0.000000	0.000000	0.000000
408	0.833652	0.121988	0.044360	0.000000	0.000000	0.000000	0.000000	0.000000	0.000000
409	0.833960	0.121645	0.044395	0.000000	0.000000	0.000000	0.000000	0.000000	0.000000
410	0.834541	0.121365	0.044094	0.000000	0.000000	0.000000	0.000000	0.000000	0.000000
411	0.834464	0.121418	0.044118	0.000000	0.000000	0.000000	0.000000	0.000000	0.000000
412	0.834184	0.121692	0.044124	0.000000	0.000000	0.000000	0.000000	0.000000	0.000000
413	0.834130	0.121702	0.044168	0.000000	0.000000	0.000000	0.000000	0.000000	0.000000
414	0.833901	0.121766	0.044333	0.000000	0.000000	0.000000	0.000000	0.000000	0.000000
415	0.834074	0.121654	0.044272	0.000000	0.000000	0.000000	0.000000	0.000000	0.000000
416	0.834061	0.121367	0.044572	0.000000	0.000000	0.000000	0.000000	0.000000	0.000000
417	0.834354	0.121275	0.044371	0.000000	0.000000	0.000000	0.000000	0.000000	0.000000
418	0.834432	0.121293	0.044275	0.000000	0.000000	0.000000	0.000000	0.000000	0.000000
419	0.834624	0.121488	0.043888	0.000000	0.000000	0.000000	0.000000	0.000000	0.000000
420	0.834558	0.121184	0.044258	0.000000	0.000000	0.000000	0.000000	0.000000	0.000000
421	0.834199	0.121435	0.044366	0.000000	0.000000	0.000000	0.000000	0.000000	0.000000
422	0.834653	0.121034	0.044313	0.000000	0.000000	0.000000	0.000000	0.000000	0.000000
423	0.834551	0.120986	0.044463	0.000000	0.000000	0.000000	0.000000	0.000000	0.000000
424	0.834725	0.120967	0.044308	0.000000	0.000000	0.000000	0.000000	0.000000	0.000000
425	0.834672	0.121112	0.044216	0.000000	0.000000	0.000000	0.000000	0.000000	0.000000
426	0.834402	0.121194	0.044404	0.000000	0.000000	0.000000	0.000000	0.000000	0.000000
427	0.834936	0.120699	0.044365	0.000000	0.000000	0.000000	0.000000	0.000000	0.000000
428	0.834708	0.121053	0.044239	0.000000	0.000000	0.000000	0.000000	0.000000	0.000000
429	0.834472	0.121024	0.044504	0.000000	0.000000	0.000000	0.000000	0.000000	0.000000
430	0.834467	0.121026	0.044507	0.000000	0.000000	0.000000	0.000000	0.000000	0.000000
431	0.834894	0.120814	0.044292	0.000000	0.000000	0.000000	0.000000	0.000000	0.000000
432	0.834671	0.120888	0.044441	0.000000	0.000000	0.000000	0.000000	0.000000	0.000000
433	0.834817	0.120823	0.044360	0.000000	0.000000	0.000000	0.000000	0.000000	0.000000
434	0.834806	0.120785	0.044409	0.000000	0.000000	0.000000	0.000000	0.000000	0.000000
435	0.834754	0.120973	0.044273	0.000000	0.000000	0.000000	0.000000	0.000000	0.000000
436	0.835113	0.120950	0.043937	0.000000	0.000000	0.000000	0.000000	0.000000	0.000000
437	0.834776	0.121038	0.044186	0.000000	0.000000	0.000000	0.000000	0.000000	0.000000
438	0.834886	0.120900	0.044214	0.000000	0.000000	0.000000	0.000000	0.000000	0.000000
439	0.834897	0.120875	0.044228	0.000000	0.000000	0.000000	0.000000	0.000000	0.000000
440	0.835139	0.120618	0.044243	0.000000	0.000000	0.000000	0.000000	0.000000	0.000000
441	0.835283	0.120363	0.044354	0.000000	0.000000	0.000000	0.000000	0.000000	0.000000
442	0.835271	0.120583	0.044146	0.000000	0.000000	0.000000	0.000000	0.000000	0.000000
443	0.835453	0.120532	0.044015	0.000000	0.000000	0.000000	0.000000	0.000000	0.000000
444	0.835599	0.120635	0.043766	0.000000	0.000000	0.000000	0.000000	0.000000	0.000000
445	0.836018	0.120362	0.043620	0.000000	0.000000	0.000000	0.000000	0.000000	0.000000
446	0.835916	0.120341	0.043743	0.000000	0.000000	0.000000	0.000000	0.000000	0.000000
447	0.835613	0.120673	0.043714	0.000000	0.000000	0.000000	0.000000	0.000000	0.000000
448	0.835562	0.120802	0.043636	0.000000	0.000000	0.000000	0.000000	0.000000	0.000000
449	0.835820	0.120561	0.043619	0.000000	0.000000	0.000000	0.000000	0.000000	0.000000
450	0.835575	0.120863	0.043562	0.000000	0.000000	0.000000	0.000000	0.000000	0.000000
451	0.835661	0.120418	0.043921	0.000000	0.000000	0.000000	0.000000	0.000000	0.000000
452	0.835820	0.120573	0.043607	0.000000	0.000000	0.000000	0.000000	0.000000	0.000000
453	0.835448	0.120857	0.043695	0.000000	0.000000	0.000000	0.000000	0.000000	0.000000
454	0.835402	0.120798	0.043800	0.000000	0.000000	0.000000	0.000000	0.000000	0.000000
455	0.835628	0.120592	0.043780	0.000000	0.000000	0.000000	0.000000	0.000000	0.000000
456	0.834888	0.121304	0.043808	0.000000	0.000000	0.000000	0.000000	0.000000	0.000000
457	0.834715	0.121525	0.043760	0.000000	0.000000	0.000000	0.000000	0.000000	0.000000
458	0.834516	0.121588	0.043896	0.000000	0.000000	0.000000	0.000000	0.000000	0.000000
459	0.834759	0.121308	0.043933	0.000000	0.000000	0.000000	0.000000	0.000000	0.000000
460	0.834764	0.121313	0.043923	0.000000	0.000000	0.000000	0.000000	0.000000	0.000000
461	0.834098	0.121791	0.044111	0.000000	0.000000	0.000000	0.000000	0.000000	0.000000
462	0.834520	0.121441	0.044039	0.000000	0.000000	0.000000	0.000000	0.000000	0.000000
463	0.834790	0.121261	0.043949	0.000000	0.000000	0.000000	0.000000	0.000000	0.000000
464	0.834645	0.121571	0.043784	0.000000	0.000000	0.000000	0.000000	0.000000	0.000000
465	0.833944	0.122047	0.044009	0.000000	0.000000	0.000000	0.000000	0.000000	0.000000
466	0.833829	0.121957	0.044214	0.000000	0.000000	0.000000	0.000000	0.000000	0.000000
467	0.833537	0.122218	0.044245	0.000000	0.000000	0.000000	0.000000	0.000000	0.000000
468	0.833807	0.121894	0.044299	0.000000	0.000000	0.000000	0.000000	0.000000	0.000000
469	0.834165	0.121555	0.044280	0.000000	0.000000	0.000000	0.000000	0.000000	0.000000
470	0.834169	0.121698	0.044133	0.000000	0.000000	0.000000	0.000000	0.000000	0.000000
