0	0.290663	0.057897	0.229473	0.157588	0.029913	0.111872	0.085455	0.012259	0.024880
1	0.235484	0.048815	0.202625	0.137184	0.028075	0.118283	0.117430	0.022564	0.089540
2	0.238782	0.048829	0.205025	0.129000	0.028682	0.112513	0.116617	0.022277	0.098275
3	0.247927	0.049196	0.209608	0.122198	0.029471	0.105748	0.112896	0.020861	0.102095
4	0.258583	0.049518	0.212811	0.115735	0.030495	0.098602	0.109332	0.019578	0.105346
5	0.270479	0.049638	0.215981	0.109088	0.031942	0.091931	0.105092	0.017931	0.107918
6	0.281966	0.049872	0.218071	0.103493	0.033672	0.085611	0.100400	0.016864	0.110051
7	0.293088	0.049947	0.220301	0.097795	0.035228	0.079879	0.095783	0.015875	0.112104
8	0.304106	0.049568	0.222390	0.092971	0.037032	0.074222	0.091346	0.014571	0.113794
9	0.315904	0.049532	0.223787	0.087715	0.038811	0.068986	0.086049	0.013801	0.115415
10	0.326411	0.049372	0.224970	0.083119	0.041003	0.063831	0.081489	0.012778	0.117027
11	0.336390	0.048938	0.225780	0.078480	0.043377	0.059063	0.077558	0.011903	0.118511
12	0.346733	0.048741	0.226153	0.074430	0.045278	0.054946	0.073253	0.011055	0.119411
13	0.357015	0.047917	0.225840	0.070570	0.047667	0.051070	0.069221	0.010487	0.120213
14	0.365770	0.047372	0.226309	0.066720	0.050387	0.047184	0.065143	0.009797	0.121318
15	0.374574	0.046504	0.226467	0.062639	0.053031	0.043998	0.061747	0.008951	0.122089
16	0.383469	0.045980	0.225779	0.059153	0.055796	0.040510	0.058193	0.008352	0.122768
17	0.392269	0.045030	0.224580	0.056049	0.058506	0.037700	0.054456	0.007803	0.123607
18	0.400337	0.044421	0.223403	0.053160	0.061465	0.035182	0.051210	0.007162	0.123660
19	0.408540	0.043476	0.222334	0.050399	0.064594	0.032607	0.048263	0.006622	0.123165
20	0.415071	0.042731	0.221138	0.047686	0.067692	0.030276	0.045500	0.006279	0.123627
21	0.421688	0.041868	0.219143	0.044986	0.071429	0.028313	0.042185	0.005805	0.124583
22	0.427865	0.040940	0.217485	0.042565	0.074952	0.026503	0.039668	0.005381	0.124641
23	0.433460	0.040101	0.215365	0.040426	0.079161	0.024572	0.037130	0.004980	0.124805
24	0.438518	0.039198	0.213833	0.038709	0.083136	0.022920	0.034620	0.004532	0.124534
25	0.443041	0.038386	0.211635	0.036846	0.087385	0.021464	0.032292	0.004314	0.124637
26	0.448016	0.037512	0.209572	0.035239	0.091460	0.019821	0.030391	0.003975	0.124014
27	0.452198	0.036751	0.207330	0.033608	0.096170	0.018560	0.028226	0.003678	0.123479
28	0.455733	0.035959	0.205097	0.032097	0.100804	0.017485	0.026414	0.003348	0.123063
29	0.459665	0.034863	0.202766	0.030756	0.105582	0.016242	0.024754	0.003193	0.122179
30	0.462710	0.034172	0.199784	0.029196	0.110736	0.015398	0.023381	0.002926	0.121697
31	0.465779	0.033262	0.197242	0.027626	0.115929	0.014645	0.021980	0.002770	0.120767
32	0.468873	0.032354	0.194478	0.026584	0.121434	0.013836	0.020393	0.002544	0.119504
33	0.471778	0.031892	0.191220	0.025405	0.126935	0.013053	0.019109	0.002333	0.118275
34	0.472745	0.030774	0.188848	0.024396	0.133146	0.012325	0.017834	0.002224	0.117708
35	0.474927	0.030072	0.185575	0.023367	0.138830	0.011730	0.016641	0.002021	0.116837
36	0.475922	0.029449	0.182762	0.022702	0.145216	0.011105	0.015600	0.001949	0.115295
37	0.476936	0.028834	0.180092	0.021840	0.151625	0.010461	0.014691	0.001817	0.113704
38	0.478303	0.028020	0.176749	0.021315	0.157903	0.009960	0.013776	0.001657	0.112317
39	0.478892	0.027383	0.173683	0.020716	0.164918	0.009543	0.012661	0.001497	0.110707
40	0.478413	0.026655	0.171218	0.020141	0.171832	0.009074	0.011959	0.001354	0.109354
41	0.477926	0.026028	0.168031	0.019616	0.179460	0.008719	0.011128	0.001228	0.107864
42	0.478014	0.025364	0.164881	0.019348	0.186467	0.008225	0.010239	0.001156	0.106306
43	0.477679	0.024570	0.162316	0.018811	0.193892	0.007763	0.009573	0.001070	0.104326
44	0.476552	0.023828	0.159230	0.018327	0.201918	0.007634	0.008856	0.000986	0.102669
45	0.475460	0.023272	0.156041	0.017891	0.210130	0.007198	0.008338	0.000894	0.100776
46	0.473962	0.022717	0.153092	0.017416	0.218332	0.006872	0.007724	0.000816	0.099069
47	0.472515	0.022302	0.150039	0.016891	0.226719	0.006559	0.007157	0.000751	0.097067
48	0.470586	0.021508	0.146823	0.016727	0.235458	0.006315	0.006668	0.000684	0.095231
49	0.468541	0.020981	0.144043	0.016331	0.244598	0.006022	0.006082	0.000570	0.092832
50	0.466037	0.020687	0.140905	0.016050	0.253769	0.005747	0.005718	0.000535	0.090552
51	0.463474	0.020154	0.138127	0.015831	0.262660	0.005534	0.005260	0.000528	0.088432
52	0.461488	0.019378	0.134591	0.015485	0.271801	0.005363	0.004777	0.000489	0.086628
53	0.458290	0.018904	0.131963	0.015174	0.281418	0.005181	0.004430	0.000446	0.084194
54	0.456025	0.018095	0.128650	0.014933	0.291057	0.005083	0.004095	0.000415	0.081647
55	0.452734	0.017703	0.125929	0.014846	0.300534	0.004959	0.003675	0.000381	0.079239
56	0.449407	0.017100	0.123094	0.014799	0.309582	0.004928	0.003486	0.000326	0.077278
57	0.445869	0.016424	0.120072	0.014732	0.319070	0.004721	0.003177	0.000295	0.075640
58	0.441596	0.015896	0.117611	0.014495	0.329173	0.004584	0.002951	0.000263	0.073431
59	0.437077	0.015378	0.114998	0.014501	0.339362	0.004511	0.002672	0.000226	0.071275
60	0.432866	0.014854	0.112328	0.014364	0.349321	0.004403	0.002440	0.000202	0.069222
61	0.428462	0.014118	0.109608	0.014306	0.359595	0.004259	0.002233	0.000190	0.067229
62	0.424450	0.013531	0.106831	0.014004	0.370015	0.004176	0.002072	0.000184	0.064737
63	0.419112	0.013235	0.104297	0.013939	0.380261	0.004134	0.001936	0.000158	0.062928
64	0.414558	0.012864	0.101605	0.013612	0.390807	0.003979	0.001763	0.000144	0.060668
65	0.409618	0.012460	0.098983	0.013469	0.401217	0.003953	0.001614	0.000131	0.058555
66	0.404218	0.012055	0.096119	0.013461	0.412109	0.003958	0.001431	0.000107	0.056542
67	0.398564	0.011542	0.093934	0.013241	0.422929	0.003776	0.001338	0.000102	0.054574
68	0.392850	0.011076	0.091203	0.013284	0.433947	0.003708	0.001291	0.000100	0.052541
69	0.386607	0.010715	0.088675	0.013253	0.445232	0.003598	0.001134	0.000081	0.050705
70	0.380640	0.010335	0.086277	0.013170	0.455996	0.003624	0.001048	0.000068	0.048842
71	0.374526	0.010007	0.084022	0.013217	0.466834	0.003557	0.000943	0.000049	0.046845
72	0.368049	0.009685	0.081664	0.013278	0.477870	0.003455	0.000824	0.000057	0.045118
73	0.361618	0.009357	0.079588	0.013149	0.488718	0.003410	0.000745	0.000055	0.043360
74	0.355442	0.008950	0.076925	0.013288	0.499657	0.003352	0.000657	0.000048	0.041681
75	0.348980	0.008528	0.074472	0.013156	0.511005	0.003403	0.000635	0.000043	0.039778
76	0.342204	0.008337	0.072338	0.013182	0.522179	0.003324	0.000609	0.000040	0.037787
77	0.335546	0.007867	0.070278	0.013275	0.532741	0.003295	0.000572	0.000035	0.036391
78	0.329266	0.007579	0.067854	0.013250	0.543451	0.003276	0.000535	0.000031	0.034758
79	0.322913	0.007169	0.066201	0.013329	0.553800	0.003192	0.000531	0.000025	0.032840
80	0.316459	0.006840	0.063947	0.013241	0.564519	0.003184	0.000452	0.000024	0.031334
81	0.309865	0.006432	0.062284	0.013189	0.574880	0.003136	0.000406	0.000022	0.029786
82	0.303357	0.006089	0.060538	0.013131	0.585156	0.003021	0.000370	0.000020	0.028318
83	0.296964	0.005862	0.057999	0.013082	0.595923	0.003013	0.000323	0.000019	0.026815
84	0.290208	0.005550	0.056320	0.013125	0.606180	0.002992	0.000301	0.000015	0.025309
85	0.283439	0.005319	0.054519	0.013146	0.616438	0.002962	0.000276	0.000017	0.023884
86	0.276317	0.005179	0.052306	0.013168	0.627078	0.002976	0.000267	0.000013	0.022696
87	0.269548	0.004957	0.050648	0.013074	0.637051	0.002852	0.000242	0.000010	0.021618
88	0.262898	0.004633	0.048878	0.013037	0.646769	0.002852	0.000192	0.000011	0.020730
89	0.256411	0.004421	0.047112	0.013238	0.656194	0.002858	0.000179	0.000011	0.019576
90	0.250099	0.004157	0.045481	0.013331	0.665590	0.002839	0.000169	0.000013	0.018321
91	0.243951	0.003931	0.043667	0.013447	0.674655	0.002855	0.000136	0.000014	0.017344
92	0.237378	0.003747	0.041898	0.013445	0.684213	0.002813	0.000129	0.000014	0.016363
93	0.230999	0.003611	0.040278	0.013385	0.693255	0.002927	0.000117	0.000011	0.015417
94	0.225221	0.003441	0.038728	0.013291	0.701713	0.002865	0.000102	0.000013	0.014626
95	0.218745	0.003244	0.037288	0.013194	0.710751	0.002822	0.000078	0.000013	0.013865
96	0.212393	0.003023	0.036014	0.013095	0.719359	0.002817	0.000063	0.000016	0.013220
97	0.206272	0.002879	0.034693	0.013069	0.727780	0.002879	0.000055	0.000013	0.012360
98	0.200113	0.002757	0.033149	0.012952	0.736530	0.002760	0.000046	0.000013	0.011680
99	0.194611	0.002609	0.031715	0.012925	0.744348	0.002788	0.000048	0.000014	0.010942
100	0.188265	0.002462	0.030598	0.012913	0.752517	0.002809	0.000035	0.000004	0.010397
101	0.182234	0.002364	0.029266	0.013101	0.760325	0.002843	0.000032	0.000004	0.009831
102	0.176190	0.002281	0.028378	0.013164	0.767900	0.002901	0.000026	0.000006	0.009154
103	0.170426	0.002152	0.027565	0.013073	0.775365	0.002866	0.000028	0.000004	0.008521
104	0.164593	0.002004	0.026656	0.013175	0.782580	0.002831	0.000031	0.000001	0.008129
105	0.159089	0.001946	0.025436	0.013207	0.789917	0.002823	0.000027	0.000003	0.007552
106	0.153829	0.001861	0.024438	0.013324	0.796656	0.002812	0.000028	0.000002	0.007050
107	0.148549	0.001795	0.023251	0.013508	0.803530	0.002793	0.000019	0.000001	0.006554
108	0.143691	0.001699	0.022207	0.013516	0.809892	0.002831	0.000021	0.000002	0.006141
109	0.138464	0.001558	0.021300	0.013577	0.816536	0.002821	0.000022	0.000001	0.005721
110	0.133382	0.001526	0.020526	0.013566	0.822864	0.002802	0.000020	0.000004	0.005310
111	0.128536	0.001417	0.019649	0.013455	0.829202	0.002774	0.000017	0.000003	0.004947
112	0.123895	0.001316	0.018619	0.013509	0.835320	0.002741	0.000014	0.000004	0.004582
113	0.118551	0.001178	0.017910	0.013448	0.841896	0.002729	0.000007	0.000005	0.004276
114	0.113806	0.001116	0.017183	0.013281	0.847922	0.002719	0.000009	0.000002	0.003962
115	0.109442	0.001091	0.016486	0.013341	0.853151	0.002751	0.000008	0.000001	0.003729
116	0.104856	0.001025	0.015833	0.013482	0.858726	0.002717	0.000003	0.000001	0.003357
117	0.101153	0.000970	0.015040	0.013530	0.863580	0.002701	0.000002	0.000001	0.003023
118	0.096969	0.000898	0.014343	0.013501	0.868709	0.002711	0.000004	0.000001	0.002864
119	0.092957	0.000818	0.013776	0.013409	0.873746	0.002674	0.000003	0.000000	0.002617
120	0.089377	0.000813	0.013058	0.013310	0.878337	0.002705	0.000003	0.000001	0.002396
121	0.085855	0.000747	0.012393	0.013257	0.882922	0.002704	0.000002	0.000001	0.002119
122	0.082237	0.000710	0.011764	0.013291	0.887289	0.002769	0.000002	0.000000	0.001938
123	0.078398	0.000726	0.011179	0.013249	0.891904	0.002804	0.000003	0.000001	0.001736
124	0.074780	0.000701	0.010646	0.013369	0.896079	0.002830	0.000002	0.000000	0.001593
125	0.071348	0.000614	0.010183	0.013250	0.900305	0.002818	0.000001	0.000000	0.001481
126	0.068335	0.000563	0.009643	0.013265	0.903958	0.002845	0.000002	0.000001	0.001388
127	0.065395	0.000543	0.009020	0.013095	0.907919	0.002795	0.000002	0.000000	0.001231
128	0.062463	0.000500	0.008560	0.013191	0.911293	0.002823	0.000000	0.000000	0.001170
129	0.059300	0.000478	0.008069	0.013158	0.915093	0.002855	0.000001	0.000000	0.001046
130	0.056509	0.000412	0.007646	0.013169	0.918450	0.002882	0.000001	0.000000	0.000931
131	0.054007	0.000393	0.007181	0.013078	0.921680	0.002799	0.000002	0.000000	0.000860
132	0.051537	0.000383	0.006806	0.013002	0.924654	0.002834	0.000003	0.000000	0.000781
133	0.049029	0.000329	0.006492	0.012963	0.927678	0.002807	0.000007	0.000000	0.000695
134	0.046254	0.000288	0.006164	0.013072	0.930785	0.002791	0.000006	0.000000	0.000640
135	0.044041	0.000267	0.005826	0.013057	0.933293	0.002944	0.000005	0.000000	0.000567
136	0.041601	0.000249	0.005439	0.013072	0.936198	0.002890	0.000004	0.000000	0.000547
137	0.039265	0.000226	0.005082	0.013130	0.939022	0.002760	0.000003	0.000000	0.000512
138	0.037099	0.000219	0.004858	0.012999	0.941529	0.002833	0.000002	0.000000	0.000461
139	0.034980	0.000227	0.004570	0.012993	0.943999	0.002796	0.000001	0.000000	0.000434
140	0.033210	0.000187	0.004352	0.012888	0.946139	0.002843	0.000002	0.000000	0.000379
141	0.031396	0.000204	0.004067	0.012872	0.948259	0.002869	0.000001	0.000000	0.000332
142	0.029676	0.000175	0.003811	0.012967	0.950209	0.002876	0.000002	0.000000	0.000284
143	0.027824	0.000178	0.003577	0.012899	0.952344	0.002919	0.000003	0.000000	0.000256
144	0.026275	0.000151	0.003471	0.012988	0.953961	0.002919	0.000002	0.000000	0.000233
145	0.024795	0.000145	0.003254	0.013129	0.955550	0.002918	0.000003	0.000000	0.000206
146	0.023279	0.000143	0.003055	0.013177	0.957178	0.002967	0.000002	0.000000	0.000199
147	0.021824	0.000121	0.002849	0.013335	0.958804	0.002890	0.000001	0.000000	0.000176
148	0.020529	0.000125	0.002660	0.013295	0.960338	0.002912	0.000000	0.000000	0.000141
149	0.019266	0.000105	0.002464	0.013324	0.961827	0.002887	0.000000	0.000000	0.000127
150	0.017931	0.000107	0.002359	0.013322	0.963247	0.002932	0.000000	0.000000	0.000102
151	0.016935	0.000086	0.002151	0.013484	0.964241	0.002990	0.000000	0.000000	0.000113
152	0.015941	0.000063	0.002019	0.013413	0.965475	0.002988	0.000000	0.000000	0.000101
153	0.014997	0.000061	0.001896	0.013374	0.966641	0.002944	0.000000	0.000000	0.000087
154	0.014022	0.000040	0.001800	0.013317	0.967821	0.002925	0.000000	0.000000	0.000075
155	0.013065	0.000031	0.001686	0.013240	0.968986	0.002921	0.000000	0.000000	0.000071
156	0.012201	0.000031	0.001563	0.013132	0.970067	0.002947	0.000000	0.000000	0.000059
157	0.011420	0.000028	0.001438	0.013198	0.970961	0.002909	0.000000	0.000000	0.000046
158	0.010634	0.000028	0.001359	0.013114	0.971929	0.002893	0.000000	0.000000	0.000043
159	0.009948	0.000027	0.001279	0.013147	0.972644	0.002915	0.000000	0.000000	0.000040
160	0.009277	0.000023	0.001145	0.013061	0.973570	0.002894	0.000000	0.000000	0.000030
161	0.008728	0.000019	0.001117	0.013094	0.973994	0.003015	0.000000	0.000000	0.000033
162	0.008042	0.000019	0.001008	0.013218	0.974674	0.003021	0.000000	0.000000	0.000018
163	0.007480	0.000015	0.000965	0.013187	0.975260	0.003080	0.000000	0.000000	0.000013
164	0.006989	0.000013	0.000942	0.013079	0.975966	0.003001	0.000000	0.000000	0.000010
165	0.006577	0.000012	0.000834	0.013164	0.976430	0.002975	0.000000	0.000000	0.000008
166	0.006083	0.000010	0.000813	0.013265	0.976837	0.002983	0.000000	0.000000	0.000009
167	0.005605	0.000009	0.000778	0.013167	0.977467	0.002968	0.000000	0.000000	0.000006
168	0.005194	0.000012	0.000752	0.013242	0.977825	0.002972	0.000000	0.000000	0.000003
169	0.004820	0.000008	0.000710	0.013282	0.978231	0.002947	0.000000	0.000000	0.000002
170	0.004510	0.000006	0.000661	0.013218	0.978652	0.002951	0.000000	0.000000	0.000002
171	0.004182	0.000004	0.000630	0.013130	0.979149	0.002905	0.000000	0.000000	0.000000
172	0.003876	0.000006	0.000578	0.013104	0.979506	0.002928	0.000000	0.000000	0.000002
173	0.003566	0.000005	0.000520	0.013123	0.979866	0.002920	0.000000	0.000000	0.000000
174	0.003325	0.000007	0.000460	0.013086	0.980222	0.002900	0.000000	0.000000	0.000000
175	0.003027	0.000007	0.000452	0.013106	0.980458	0.002950	0.000000	0.000000	0.000000
176	0.002819	0.000007	0.000428	0.013066	0.980808	0.002872	0.000000	0.000000	0.000000
177	0.002607	0.000004	0.000430	0.013007	0.981013	0.002939	0.000000	0.000000	0.000000
178	0.002351	0.000003	0.000405	0.012960	0.981343	0.002938	0.000000	0.000000	0.000000
179	0.002131	0.000001	0.000392	0.012943	0.981563	0.002970	0.000000	0.000000	0.000000
180	0.001875	0.000000	0.000413	0.013029	0.981727	0.002956	0.000000	0.000000	0.000000
181	0.001817	0.000000	0.000371	0.013050	0.981897	0.002865	0.000000	0.000000	0.000000
182	0.001619	0.000000	0.000370	0.013215	0.981842	0.002954	0.000000	0.000000	0.000000
183	0.001449	0.000000	0.000366	0.013109	0.982186	0.002890	0.000000	0.000000	0.000000
184	0.001283	0.000000	0.000325	0.013054	0.982360	0.002978	0.000000	0.000000	0.000000
185	0.001170	0.000000	0.000298	0.013063	0.982547	0.002922	0.000000	0.000000	0.000000
186	0.001063	0.000000	0.000277	0.013132	0.982652	0.002876	0.000000	0.000000	0.000000
187	0.000963	0.000000	0.000275	0.013153	0.982727	0.002882	0.000000	0.000000	0.000000
188	0.000818	0.000000	0.000248	0.013178	0.982915	0.002841	0.000000	0.000000	0.000000
189	0.000720	0.000000	0.000259	0.013218	0.982916	0.002887	0.000000	0.000000	0.000000
190	0.000623	0.000000	0.000243	0.013281	0.982949	0.002904	0.000000	0.000000	0.000000
191	0.000580	0.000000	0.000224	0.013213	0.983148	0.002835	0.000000	0.000000	0.000000
192	0.000511	0.000000	0.000209	0.013284	0.983142	0.002854	0.000000	0.000000	0.000000
193	0.000478	0.000000	0.000182	0.013296	0.983166	0.002878	0.000000	0.000000	0.000000
194	0.000425	0.000000	0.000163	0.013392	0.983151	0.002869	0.000000	0.000000	0.000000
195	0.000369	0.000000	0.000165	0.013456	0.983139	0.002871	0.000000	0.000000	0.000000
196	0.000332	0.000000	0.000164	0.013408	0.983189	0.002907	0.000000	0.000000	0.000000
197	0.000287	0.000000	0.000148	0.013473	0.983189	0.002903	0.000000	0.000000	0.000000
198	0.000242	0.000000	0.000113	0.013692	0.983134	0.002819	0.000000	0.000000	0.000000
199	0.000218	0.000000	0.000101	0.013636	0.983187	0.002858	0.000000	0.000000	0.000000
200	0.000176	0.000000	0.000098	0.013742	0.983131	0.002853	0.000000	0.000000	0.000000
201	0.000171	0.000000	0.000089	0.013658	0.983261	0.002821	0.000000	0.000000	0.000000
202	0.000135	0.000000	0.000079	0.013518	0.983494	0.002774	0.000000	0.000000	0.000000
203	0.000116	0.000000	0.000069	0.013432	0.983612	0.002771	0.000000	0.000000	0.000000
204	0.000103	0.000000	0.000061	0.013391	0.983655	0.002790	0.000000	0.000000	0.000000
205	0.000100	0.000000	0.000045	0.013345	0.983689	0.002821	0.000000	0.000000	0.000000
206	0.000080	0.000000	0.000042	0.013351	0.983765	0.002762	0.000000	0.000000	0.000000
207	0.000066	0.000000	0.000033	0.013312	0.983816	0.002773	0.000000	0.000000	0.000000
208	0.000061	0.000000	0.000034	0.013252	0.983907	0.002746	0.000000	0.000000	0.000000
209	0.000043	0.000000	0.000041	0.013372	0.983857	0.002687	0.000000	0.000000	0.000000
210	0.000030	0.000000	0.000034	0.013481	0.983744	0.002711	0.000000	0.000000	0.000000
211	0.000027	0.000000	0.000035	0.013426	0.983785	0.002727	0.000000	0.000000	0.000000
212	0.000015	0.000000	0.000029	0.013386	0.983885	0.002685	0.000000	0.000000	0.000000
213	0.000017	0.000000	0.000020	0.013456	0.983811	0.002696	0.000000	0.000000	0.000000
214	0.000021	0.000000	0.000016	0.013522	0.983762	0.002679	0.000000	0.000000	0.000000
215	0.000018	0.000000	0.000015	0.013580	0.983730	0.002657	0.000000	0.000000	0.000000
216	0.000012	0.000000	0.000015	0.013647	0.983709	0.002617	0.000000	0.000000	0.000000
217	0.000011	0.000000	0.000009	0.013749	0.983650	0.002581	0.000000	0.000000	0.000000
218	0.000012	0.000000	0.000008	0.013798	0.983572	0.002610	0.000000	0.000000	0.000000
219	0.000012	0.000000	0.000007	0.013633	0.983765	0.002583	0.000000	0.000000	0.000000
220	0.000009	0.000000	0.000008	0.013528	0.983879	0.002576	0.000000	0.000000	0.000000
221	0.000006	0.000000	0.000007	0.013459	0.983900	0.002628	0.000000	0.000000	0.000000
222	0.000005	0.000000	0.000010	0.013431	0.983954	0.002600	0.000000	0.000000	0.000000
223	0.000003	0.000000	0.000006	0.013423	0.984071	0.002497	0.000000	0.000000	0.000000
224	0.000002	0.000000	0.000004	0.013449	0.983951	0.002594	0.000000	0.000000	0.000000
225	0.000001	0.000000	0.000001	0.013384	0.983969	0.002645	0.000000	0.000000	0.000000
226	0.000001	0.000000	0.000001	0.013550	0.983786	0.002662	0.000000	0.000000	0.000000
227	0.000001	0.000000	0.000000	0.013508	0.983770	0.002721	0.000000	0.000000	0.000000
228	0.000000	0.000000	0.000000	0.013618	0.983684	0.002698	0.000000	0.000000	0.000000
229	0.000000	0.000000	0.000000	0.013807	0.983550	0.002643	0.000000	0.000000	0.000000
230	0.000000	0.000000	0.000000	0.013804	0.983587	0.002609	0.000000	0.000000	0.000000
231	0.000000	0.000000	0.000000	0.013758	0.983577	0.002665	0.000000	0.000000	0.000000
232	0.000000	0.000000	0.000000	0.013757	0.983572	0.002671	0.000000	0.000000	0.000000
233	0.000000	0.000000	0.000000	0.013869	0.983468	0.002663	0.000000	0.000000	0.000000
234	0.000000	0.000000	0.000000	0.013892	0.983516	0.002592	0.000000	0.000000	0.000000
235	0.000000	0.000000	0.000000	0.013823	0.983547	0.002630	0.000000	0.000000	0.000000
236	0.000000	0.000000	0.000000	0.013784	0.983586	0.002630	0.000000	0.000000	0.000000
237	0.000000	0.000000	0.000000	0.013811	0.983610	0.002579	0.000000	0.000000	0.000000
238	0.000000	0.000000	0.000000	0.013785	0.983704	0.002511	0.000000	0.000000	0.000000
239	0.000000	0.000000	0.000000	0.013807	0.983643	0.002550	0.000000	0.000000	0.000000
240	0.000000	0.000000	0.000000	0.013760	0.983679	0.002561	0.000000	0.000000	0.000000
241	0.000000	0.000000	0.000000	0.014019	0.983379	0.002602	0.000000	0.000000	0.000000
242	0.000000	0.000000	0.000000	0.014045	0.983323	0.002632	0.000000	0.000000	0.000000
243	0.000000	0.000000	0.000000	0.014107	0.983274	0.002619	0.000000	0.000000	0.000000
244	0.000000	0.000000	0.000000	0.014076	0.983294	0.002630	0.000000	0.000000	0.000000
245	0.000000	0.000000	0.000000	0.014076	0.983269	0.002655	0.000000	0.000000	0.000000
246	0.000000	0.000000	0.000000	0.014147	0.983193	0.002660	0.000000	0.000000	0.000000
247	0.000000	0.000000	0.000000	0.014200	0.983186	0.002614	0.000000	0.000000	0.000000
248	0.000000	0.000000	0.000000	0.014140	0.983275	0.002585	0.000000	0.000000	0.000000
249	0.000000	0.000000	0.000000	0.014145	0.983358	0.002497	0.000000	0.000000	0.000000
250	0.000000	0.000000	0.000000	0.014005	0.983488	0.002507	0.000000	0.000000	0.000000
251	0.000000	0.000000	0.000000	0.013831	0.983700	0.002469	0.000000	0.000000	0.000000
252	0.000000	0.000000	0.000000	0.013805	0.983707	0.002488	0.000000	0.000000	0.000000
253	0.000000	0.000000	0.000000	0.013820	0.983667	0.002513	0.000000	0.000000	0.000000
254	0.000000	0.000000	0.000000	0.013829	0.983624	0.002547	0.000000	0.000000	0.000000
255	0.000000	0.000000	0.000000	0.013800	0.983711	0.002489	0.000000	0.000000	0.000000
256	0.000000	0.000000	0.000000	0.013905	0.983608	0.002487	0.000000	0.000000	0.000000
257	0.000000	0.000000	0.000000	0.013987	0.983570	0.002443	0.000000	0.000000	0.000000
258	0.000000	0.000000	0.000000	0.013847	0.983784	0.002369	0.000000	0.000000	0.000000
259	0.000000	0.000000	0.000000	0.013792	0.983680	0.002528	0.000000	0.000000	0.000000
260	0.000000	0.000000	0.000000	0.013587	0.983852	0.002561	0.000000	0.000000	0.000000
261	0.000000	0.000000	0.000000	0.013658	0.983892	0.002450	0.000000	0.000000	0.000000
262	0.000000	0.000000	0.000000	0.013646	0.983897	0.002457	0.000000	0.000000	0.000000
263	0.000000	0.000000	0.000000	0.013814	0.983762	0.002424	0.000000	0.000000	0.000000
264	0.000000	0.000000	0.000000	0.013905	0.983644	0.002451	0.000000	0.000000	0.000000
265	0.000000	0.000000	0.000000	0.013878	0.983611	0.002511	0.000000	0.000000	0.000000
266	0.000000	0.000000	0.000000	0.013824	0.983648	0.002528	0.000000	0.000000	0.000000
267	0.000000	0.000000	0.000000	0.013827	0.983605	0.002568	0.000000	0.000000	0.000000
268	0.000000	0.000000	0.000000	0.013885	0.983517	0.002598	0.000000	0.000000	0.000000
269	0.000000	0.000000	0.000000	0.013862	0.983543	0.002595	0.000000	0.000000	0.000000
270	0.000000	0.000000	0.000000	0.013949	0.983420	0.002631	0.000000	0.000000	0.000000
271	0.000000	0.000000	0.000000	0.013924	0.983452	0.002624	0.000000	0.000000	0.000000
272	0.000000	0.000000	0.000000	0.013747	0.983602	0.002651	0.000000	0.000000	0.000000
273	0.000000	0.000000	0.000000	0.013725	0.983583	0.002692	0.000000	0.000000	0.000000
274	0.000000	0.000000	0.000000	0.013572	0.983789	0.002639	0.000000	0.000000	0.000000
275	0.000000	0.000000	0.000000	0.013656	0.983705	0.002639	0.000000	0.000000	0.000000
276	0.000000	0.000000	0.000000	0.013615	0.983733	0.002652	0.000000	0.000000	0.000000
277	0.000000	0.000000	0.000000	0.013680	0.983641	0.002679	0.000000	0.000000	0.000000
278	0.000000	0.000000	0.000000	0.013775	0.983563	0.002662	0.000000	0.000000	0.000000
279	0.000000	0.000000	0.000000	0.013693	0.983667	0.002640	0.000000	0.000000	0.000000
280	0.000000	0.000000	0.000000	0.013666	0.983683	0.002651	0.000000	0.000000	0.000000
281	0.000000	0.000000	0.000000	0.013714	0.983616	0.002670	0.000000	0.000000	0.000000
282	0.000000	0.000000	0.000000	0.013695	0.983591	0.002714	0.000000	0.000000	0.000000
283	0.000000	0.000000	0.000000	0.013692	0.983589	0.002719	0.000000	0.000000	0.000000
284	0.000000	0.000000	0.000000	0.013736	0.983620	0.002644	0.000000	0.000000	0.000000
285	0.000000	0.000000	0.000000	0.013675	0.983705	0.002620	0.000000	0.000000	0.000000
286	0.000000	0.000000	0.000000	0.013754	0.983636	0.002610	0.000000	0.000000	0.000000
287	0.000000	0.000000	0.000000	0.013848	0.983576	0.002576	0.000000	0.000000	0.000000
288	0.000000	0.000000	0.000000	0.013866	0.983502	0.002632	0.000000	0.000000	0.000000
289	0.000000	0.000000	0.000000	0.013896	0.983439	0.002665	0.000000	0.000000	0.000000
290	0.000000	0.000000	0.000000	0.013826	0.983457	0.002717	0.000000	0.000000	0.000000
291	0.000000	0.000000	0.000000	0.013916	0.983297	0.002787	0.000000	0.000000	0.000000
292	0.000000	0.000000	0.000000	0.013836	0.983418	0.002746	0.000000	0.000000	0.000000
293	0.000000	0.000000	0.000000	0.013758	0.983458	0.002784	0.000000	0.000000	0.000000
294	0.000000	0.000000	0.000000	0.013790	0.983457	0.002753	0.000000	0.000000	0.000000
295	0.000000	0.000000	0.000000	0.013811	0.983415	0.002774	0.000000	0.000000	0.000000
296	0.000000	0.000000	0.000000	0.013854	0.983341	0.002805	0.000000	0.000000	0.000000
297	0.000000	0.000000	0.000000	0.013784	0.983399	0.002817	0.000000	0.000000	0.000000
298	0.000000	0.000000	0.000000	0.013843	0.983342	0.002815	0.000000	0.000000	0.000000
299	0.000000	0.000000	0.000000	0.013820	0.983350	0.002830	0.000000	0.000000	0.000000
300	0.000000	0.000000	0.000000	0.013782	0.983377	0.002841	0.000000	0.000000	0.000000
301	0.000000	0.000000	0.000000	0.013801	0.983385	0.002814	0.000000	0.000000	0.000000
302	0.000000	0.000000	0.000000	0.013799	0.983359	0.002842	0.000000	0.000000	0.000000
303	0.000000	0.000000	0.000000	0.013873	0.983340	0.002787	0.000000	0.000000	0.000000
304	0.000000	0.000000	0.000000	0.013789	0.983422	0.002789	0.000000	0.000000	0.000000
305	0.000000	0.000000	0.000000	0.013820	0.983426	0.002754	0.000000	0.000000	0.000000
306	0.000000	0.000000	0.000000	0.013792	0.983452	0.002756	0.000000	0.000000	0.000000
307	0.000000	0.000000	0.000000	0.013870	0.983343	0.002787	0.000000	0.000000	0.000000
308	0.000000	0.000000	0.000000	0.013967	0.983217	0.002816	0.000000	0.000000	0.000000
309	0.000000	0.000000	0.000000	0.013873	0.983313	0.002814	0.000000	0.000000	0.000000
310	0.000000	0.000000	0.000000	0.013698	0.983447	0.002855	0.000000	0.000000	0.000000
311	0.000000	0.000000	0.000000	0.013759	0.983419	0.002822	0.000000	0.000000	0.000000
312	0.000000	0.000000	0.000000	0.013937	0.983294	0.002769	0.000000	0.000000	0.000000
313	0.000000	0.000000	0.000000	0.013981	0.983221	0.002798	0.000000	0.000000	0.000000
314	0.000000	0.000000	0.000000	0.013996	0.983209	0.002795	0.000000	0.000000	0.000000
315	0.000000	0.000000	0.000000	0.014068	0.983167	0.002765	0.000000	0.000000	0.000000
316	0.000000	0.000000	0.000000	0.013843	0.983398	0.002759	0.000000	0.000000	0.000000
317	0.000000	0.000000	0.000000	0.014056	0.983157	0.002787	0.000000	0.000000	0.000000
318	0.000000	0.000000	0.000000	0.014015	0.983238	0.002747	0.000000	0.000000	0.000000
319	0.000000	0.000000	0.000000	0.014047	0.983194	0.002759	0.000000	0.000000	0.000000
320	0.000000	0.000000	0.000000	0.014090	0.983161	0.002749	0.000000	0.000000	0.000000
321	0.000000	0.000000	0.000000	0.014007	0.983238	0.002755	0.000000	0.000000	0.000000
322	0.000000	0.000000	0.000000	0.014004	0.983178	0.002818	0.000000	0.000000	0.000000
323	0.000000	0.000000	0.000000	0.014066	0.983156	0.002778	0.000000	0.000000	0.000000
324	0.000000	0.000000	0.000000	0.014017	0.983213	0.002770	0.000000	0.000000	0.000000
325	0.000000	0.000000	0.000000	0.013999	0.983219	0.002782	0.000000	0.000000	0.000000
326	0.000000	0.000000	0.000000	0.013900	0.983275	0.002825	0.000000	0.000000	0.000000
327	0.000000	0.000000	0.000000	0.013766	0.983387	0.002847	0.000000	0.000000	0.000000
328	0.000000	0.000000	0.000000	0.013878	0.983265	0.002857	0.000000	0.000000	0.000000
329	0.000000	0.000000	0.000000	0.013953	0.983177	0.002870	0.000000	0.000000	0.000000
330	0.000000	0.000000	0.000000	0.014048	0.983126	0.002826	0.000000	0.000000	0.000000
331	0.000000	0.000000	0.000000	0.014041	0.983060	0.002899	0.000000	0.000000	0.000000
332	0.000000	0.000000	0.000000	0.014057	0.983088	0.002855	0.000000	0.000000	0.000000
333	0.000000	0.000000	0.000000	0.014082	0.983074	0.002844	0.000000	0.000000	0.000000
334	0.000000	0.000000	0.000000	0.014068	0.983085	0.002847	0.000000	0.000000	0.000000
335	0.000000	0.000000	0.000000	0.014073	0.983126	0.002801	0.000000	0.000000	0.000000
336	0.000000	0.000000	0.000000	0.014172	0.983022	0.002806	0.000000	0.000000	0.000000
337	0.000000	0.000000	0.000000	0.014027	0.983190	0.002783	0.000000	0.000000	0.000000
338	0.000000	0.000000	0.000000	0.014177	0.983001	0.002822	0.000000	0.000000	0.000000
339	0.000000	0.000000	0.000000	0.014287	0.982931	0.002782	0.000000	0.000000	0.000000
340	0.000000	0.000000	0.000000	0.014311	0.982893	0.002796	0.000000	0.000000	0.000000
341	0.000000	0.000000	0.000000	0.014438	0.982689	0.002873	0.000000	0.000000	0.000000
342	0.000000	0.000000	0.000000	0.014422	0.982701	0.002877	0.000000	0.000000	0.000000
343	0.000000	0.000000	0.000000	0.014374	0.982701	0.002925	0.000000	0.000000	0.000000
344	0.000000	0.000000	0.000000	0.014517	0.982624	0.002859	0.000000	0.000000	0.000000
345	0.000000	0.000000	0.000000	0.014432	0.982703	0.002865	0.000000	0.000000	0.000000
346	0.000000	0.000000	0.000000	0.014551	0.982549	0.002900	0.000000	0.000000	0.000000
347	0.000000	0.000000	0.000000	0.014596	0.982472	0.002932	0.000000	0.000000	0.000000
348	0.000000	0.000000	0.000000	0.014603	0.982484	0.002913	0.000000	0.000000	0.000000
349	0.000000	0.000000	0.000000	0.014628	0.982427	0.002945	0.000000	0.000000	0.000000
350	0.000000	0.000000	0.000000	0.014667	0.982402	0.002931	0.000000	0.000000	0.000000
351	0.000000	0.000000	0.000000	0.014753	0.982232	0.003015	0.000000	0.000000	0.000000
352	0.000000	0.000000	0.000000	0.014552	0.982576	0.002872	0.000000	0.000000	0.000000
353	0.000000	0.000000	0.000000	0.014516	0.982626	0.002858	0.000000	0.000000	0.000000
354	0.000000	0.000000	0.000000	0.014621	0.982429	0.002950	0.000000	0.000000	0.000000
355	0.000000	0.000000	0.000000	0.014700	0.982316	0.002984	0.000000	0.000000	0.000000
356	0.000000	0.000000	0.000000	0.014732	0.982319	0.002949	0.000000	0.000000	0.000000
357	0.000000	0.000000	0.000000	0.014656	0.982385	0.002959	0.000000	0.000000	0.000000
358	0.000000	0.000000	0.000000	0.014863	0.982177	0.002960	0.000000	0.000000	0.000000
359	0.000000	0.000000	0.000000	0.014913	0.982084	0.003003	0.000000	0.000000	0.000000
360	0.000000	0.000000	0.000000	0.014689	0.982339	0.002972	0.000000	0.000000	0.000000
361	0.000000	0.000000	0.000000	0.014649	0.982338	0.003013	0.000000	0.000000	0.000000
362	0.000000	0.000000	0.000000	0.014565	0.982457	0.002978	0.000000	0.000000	0.000000
363	0.000000	0.000000	0.000000	0.014521	0.982516	0.002963	0.000000	0.000000	0.000000
364	0.000000	0.000000	0.000000	0.014630	0.982412	0.002958	0.000000	0.000000	0.000000
365	0.000000	0.000000	0.000000	0.014643	0.982354	0.003003	0.000000	0.000000	0.000000
366	0.000000	0.000000	0.000000	0.014620	0.982385	0.002995	0.000000	0.000000	0.000000
367	0.000000	0.000000	0.000000	0.014650	0.982367	0.002983	0.000000	0.000000	0.000000
368	0.000000	0.000000	0.000000	0.014638	0.982318	0.003044	0.000000	0.000000	0.000000
369	0.000000	0.000000	0.000000	0.014611	0.982359	0.003030	0.000000	0.000000	0.000000
370	0.000000	0.000000	0.000000	0.014441	0.982568	0.002991	0.000000	0.000000	0.000000
371	0.000000	0.000000	0.000000	0.014415	0.982580	0.003005	0.000000	0.000000	0.000000
372	0.000000	0.000000	0.000000	0.014339	0.982648	0.003013	0.000000	0.000000	0.000000
373	0.000000	0.000000	0.000000	0.014442	0.982497	0.003061	0.000000	0.000000	0.000000
374	0.000000	0.000000	0.000000	0.014445	0.982538	0.003017	0.000000	0.000000	0.000000
375	0.000000	0.000000	0.000000	0.014378	0.982600	0.003022	0.000000	0.000000	0.000000
376	0.000000	0.000000	0.000000	0.014303	0.982665	0.003032	0.000000	0.000000	0.000000
377	0.000000	0.000000	0.000000	0.014270	0.982697	0.003033	0.000000	0.000000	0.000000
378	0.000000	0.000000	0.000000	0.014314	0.982628	0.003058	0.000000	0.000000	0.000000
379	0.000000	0.000000	0.000000	0.014500	0.982369	0.003131	0.000000	0.000000	0.000000
380	0.000000	0.000000	0.000000	0.014466	0.982428	0.003106	0.000000	0.000000	0.000000
381	0.000000	0.000000	0.000000	0.014489	0.982509	0.003002	0.000000	0.000000	0.000000
382	0.000000	0.000000	0.000000	0.014496	0.982426	0.003078	0.000000	0.000000	0.000000
383	0.000000	0.000000	0.000000	0.014603	0.982360	0.003037	0.000000	0.000000	0.000000
384	0.000000	0.000000	0.000000	0.014601	0.982260	0.003139	0.000000	0.000000	0.000000
385	0.000000	0.000000	0.000000	0.014616	0.982345	0.003039	0.000000	0.000000	0.000000
386	0.000000	0.000000	0.000000	0.014489	0.982485	0.003026	0.000000	0.000000	0.000000
387	0.000000	0.000000	0.000000	0.014441	0.982549	0.003010	0.000000	0.000000	0.000000
388	0.000000	0.000000	0.000000	0.014591	0.982410	0.002999	0.000000	0.000000	0.000000
389	0.000000	0.000000	0.000000	0.014627	0.982395	0.002978	0.000000	0.000000	0.000000
390	0.000000	0.000000	0.000000	0.014779	0.982323	0.002898	0.000000	0.000000	0.000000
391	0.000000	0.000000	0.000000	0.014598	0.982450	0.002952	0.000000	0.000000	0.000000
392	0.000000	0.000000	0.000000	0.014700	0.982273	0.003027	0.000000	0.000000	0.000000
393	0.000000	0.000000	0.000000	0.014710	0.982308	0.002982	0.000000	0.000000	0.000000
394	0.000000	0.000000	0.000000	0.014783	0.982236	0.002981	0.000000	0.000000	0.000000
395	0.000000	0.000000	0.000000	0.014663	0.982337	0.003000	0.000000	0.000000	0.000000
396	0.000000	0.000000	0.000000	0.014632	0.982349	0.003019	0.000000	0.000000	0.000000
397	0.000000	0.000000	0.000000	0.014625	0.982355	0.003020	0.000000	0.000000	0.000000
398	0.000000	0.000000	0.000000	0.014694	0.982223	0.003083	0.000000	0.000000	0.000000
399	0.000000	0.000000	0.000000	0.014732	0.982252	0.003016	0.000000	0.000000	0.000000
400	0.000000	0.000000	0.000000	0.014710	0.982310	0.002980	0.000000	0.000000	0.000000
401	0.000000	0.000000	0.000000	0.014613	0.982372	0.003015	0.000000	0.000000	0.000000
402	0.000000	0.000000	0.000000	0.014541	0.982479	0.002980	0.000000	0.000000	0.000000
403	0.000000	0.000000	0.000000	0.014475	0.982496	0.003029	0.000000	0.000000	0.000000
404	0.000000	0.000000	0.000000	0.014395	0.982563	0.003042	0.000000	0.000000	0.000000
405	0.000000	0.000000	0.000000	0.014451	0.982555	0.002994	0.000000	0.000000	0.000000
406	0.000000	0.000000	0.000000	0.014399	0.982595	0.003006	0.000000	0.000000	0.000000
407	0.000000	0.000000	0.000000	0.014307	0.982657	0.003036	0.000000	0.000000	0.000000
408	0.000000	0.000000	0.000000	0.014365	0.982628	0.003007	0.000000	0.000000	0.000000
409	0.000000	0.000000	0.000000	0.014269	0.982759	0.002972	0.000000	0.000000	0.000000
410	0.000000	0.000000	0.000000	0.014264	0.982702	0.003034	0.000000	0.000000	0.000000
411	0.000000	0.000000	0.000000	0.014113	0.982826	0.003061	0.000000	0.000000	0.000000
412	0.000000	0.000000	0.000000	0.014023	0.982959	0.003018	0.000000	0.000000	0.000000
413	0.000000	0.000000	0.000000	0.014082	0.982900	0.003018	0.000000	0.000000	0.000000
414	0.000000	0.000000	0.000000	0.013972	0.983100	0.002928	0.000000	0.000000	0.000000
415	0.000000	0.000000	0.000000	0.014042	0.983015	0.002943	0.000000	0.000000	0.000000
416	0.000000	0.000000	0.000000	0.014059	0.982978	0.002963	0.000000	0.000000	0.000000
417	0.000000	0.000000	0.000000	0.013966	0.983052	0.002982	0.000000	0.000000	0.000000
418	0.000000	0.000000	0.000000	0.013926	0.983098	0.002976	0.000000	0.000000	0.000000
419	0.000000	0.000000	0.000000	0.013916	0.983085	0.002999	0.000000	0.000000	0.000000
420	0.000000	0.000000	0.000000	0.013959	0.983032	0.003009	0.000000	0.000000	0.000000
421	0.000000	0.000000	0.000000	0.013992	0.982979	0.003029	0.000000	0.000000	0.000000
422	0.000000	0.000000	0.000000	0.014163	0.982778	0.003059	0.000000	0.000000	0.000000
423	0.000000	0.000000	0.000000	0.014168	0.982786	0.003046	0.000000	0.000000	0.000000
424	0.000000	0.000000	0.000000	0.014214	0.982700	0.003086	0.000000	0.000000	0.000000
425	0.000000	0.000000	0.000000	0.014174	0.982724	0.003102	0.000000	0.000000	0.000000
426	0.000000	0.000000	0.000000	0.014062	0.982876	0.003062	0.000000	0.000000	0.000000
427	0.000000	0.000000	0.000000	0.014114	0.982747	0.003139	0.000000	0.000000	0.000000
428	0.000000	0.000000	0.000000	0.014088	0.982761	0.003151	0.000000	0.000000	0.000000
429	0.000000	0.000000	0.000000	0.013997	0.982854	0.003149	0.000000	0.000000	0.000000
430	0.000000	0.000000	0.000000	0.014133	0.982724	0.003143	0.000000	0.000000	0.000000
431	0.000000	0.000000	0.000000	0.014105	0.982813	0.003082	0.000000	0.000000	0.000000
432	0.000000	0.000000	0.000000	0.014075	0.982803	0.003122	0.000000	0.000000	0.000000
433	0.000000	0.000000	0.000000	0.014172	0.982696	0.003132	0.000000	0.000000	0.000000
434	0.000000	0.000000	0.000000	0.014030	0.982870	0.003100	0.000000	0.000000	0.000000
435	0.000000	0.000000	0.000000	0.014064	0.982830	0.003106	0.000000	0.000000	0.000000
436	0.000000	0.000000	0.000000	0.013986	0.982846	0.003168	0.000000	0.000000	0.000000
437	0.000000	0.000000	0.000000	0.013975	0.982836	0.003189	0.000000	0.000000	0.000000
438	0.000000	0.000000	0.000000	0.013927	0.982892	0.003181	0.000000	0.000000	0.000000
439	0.000000	0.000000	0.000000	0.014001	0.982941	0.003058	0.000000	0.000000	0.000000
440	0.000000	0.000000	0.000000	0.014008	0.982904	0.003088	0.000000	0.000000	0.000000
441	0.000000	0.000000	0.000000	0.013993	0.982956	0.003051	0.000000	0.000000	0.000000
442	0.000000	0.000000	0.000000	0.013937	0.982978	0.003085	0.000000	0.000000	0.000000
443	0.000000	0.000000	0.000000	0.014066	0.982789	0.003145	0.000000	0.000000	0.000000
444	0.000000	0.000000	0.000000	0.013996	0.982774	0.003230	0.000000	0.000000	0.000000
445	0.000000	0.000000	0.000000	0.013975	0.982893	0.003132	0.000000	0.000000	0.000000
446	0.000000	0.000000	0.000000	0.013965	0.982859	0.003176	0.000000	0.000000	0.000000
447	0.000000	0.000000	0.000000	0.013858	0.983044	0.003098	0.000000	0.000000	0.000000
448	0.000000	0.000000	0.000000	0.013937	0.982875	0.003188	0.000000	0.000000	0.000000
449	0.000000	0.000000	0.000000	0.013771	0.982961	0.003268	0.000000	0.000000	0.000000
450	0.000000	0.000000	0.000000	0.013682	0.983044	0.003274	0.000000	0.000000	0.000000
451	0.000000	0.000000	0.000000	0.013589	0.983163	0.003248	0.000000	0.000000	0.000000
452	0.000000	0.000000	0.000000	0.013583	0.983166	0.003251	0.000000	0.000000	0.000000
453	0.000000	0.000000	0.000000	0.013518	0.983209	0.003273	0.000000	0.000000	0.000000
454	0.000000	0.000000	0.000000	0.013449	0.983363	0.003188	0.000000	0.000000	0.000000
455	0.000000	0.000000	0.000000	0.013310	0.983446	0.003244	0.000000	0.000000	0.000000
456	0.000000	0.000000	0.000000	0.013392	0.983323	0.003285	0.000000	0.000000	0.000000
457	0.000000	0.000000	0.000000	0.013419	0.983302	0.003279	0.000000	0.000000	0.000000
458	0.000000	0.000000	0.000000	0.013313	0.983430	0.003257	0.000000	0.000000	0.000000
459	0.000000	0.000000	0.000000	0.013381	0.983332	0.003287	0.000000	0.000000	0.000000
460	0.000000	0.000000	0.000000	0.013244	0.983442	0.003314	0.000000	0.000000	0.000000
461	0.000000	0.000000	0.000000	0.013186	0.983486	0.003328	0.000000	0.000000	0.000000
462	0.000000	0.000000	0.000000	0.013214	0.983442	0.003344	0.000000	0.000000	0.000000
463	0.000000	0.000000	0.000000	0.013162	0.983422	0.003416	0.000000	0.000000	0.000000
464	0.000000	0.000000	0.000000	0.013189	0.983533	0.003278	0.000000	0.000000	0.000000
465	0.000000	0.000000	0.000000	0.013195	0.983557	0.003248	0.000000	0.000000	0.000000
466	0.000000	0.000000	0.000000	0.013112	0.983609	0.003279	0.000000	0.000000	0.000000
467	0.000000	0.000000	0.000000	0.013143	0.983603	0.003254	0.000000	0.000000	0.000000
468	0.000000	0.000000	0.000000	0.013142	0.983529	0.003329	0.000000	0.000000	0.000000
469	0.000000	0.000000	0.000000	0.013143	0.983471	0.003386	0.000000	0.000000	0.000000
470	0.000000	0.000000	0.000000	0.013223	0.983477	0.003300	0.000000	0.000000	0.000000
