0	0.290663	0.057897	0.229473	0.157588	0.029913	0.111872	0.085455	0.012259	0.024880
1	0.225213	0.047107	0.194777	0.139709	0.028445	0.120118	0.125449	0.024512	0.094670
2	0.219713	0.045729	0.188999	0.133603	0.028729	0.115878	0.132547	0.025689	0.109113
3	0.220441	0.044899	0.185479	0.128548	0.029523	0.110730	0.135978	0.026001	0.118401
4	0.221740	0.044014	0.182559	0.124331	0.030088	0.105324	0.138072	0.025853	0.128019
5	0.224194	0.043719	0.179809	0.120222	0.030899	0.099867	0.139145	0.025651	0.136494
6	0.226585	0.043416	0.176990	0.116140	0.031896	0.094201	0.140325	0.025563	0.144884
7	0.229253	0.042831	0.173776	0.112717	0.032755	0.088693	0.141551	0.025227	0.153197
8	0.231698	0.042082	0.170422	0.109591	0.033961	0.083423	0.142287	0.024851	0.161685
9	0.234241	0.041629	0.167057	0.106904	0.035266	0.078325	0.142148	0.024376	0.170054
10	0.237362	0.040868	0.162840	0.103355	0.036836	0.073453	0.142911	0.023987	0.178388
11	0.240086	0.040489	0.158948	0.100539	0.038201	0.068734	0.142742	0.023668	0.186593
12	0.242802	0.039738	0.155221	0.097175	0.039794	0.064413	0.142550	0.023210	0.195097
13	0.245769	0.039586	0.151630	0.094274	0.041241	0.060153	0.141552	0.022791	0.203004
14	0.248306	0.039314	0.148052	0.091357	0.042673	0.056363	0.140913	0.022484	0.210538
15	0.250665	0.038448	0.143723	0.088700	0.044197	0.052840	0.140315	0.022017	0.219095
16	0.253391	0.038216	0.138592	0.086142	0.046325	0.049313	0.139695	0.021629	0.226697
17	0.255767	0.037678	0.134326	0.083410	0.048085	0.046422	0.138583	0.021053	0.234676
18	0.258466	0.037146	0.130234	0.080913	0.050140	0.043479	0.136806	0.020496	0.242320
19	0.260947	0.036750	0.126206	0.078216	0.052220	0.040789	0.135578	0.019948	0.249346
20	0.263451	0.036193	0.122334	0.075782	0.054160	0.037959	0.134091	0.019443	0.256587
21	0.265585	0.035552	0.118165	0.073665	0.056406	0.035592	0.132220	0.019058	0.263757
22	0.266883	0.035106	0.113819	0.071818	0.058884	0.032945	0.130763	0.018558	0.271224
23	0.268422	0.034726	0.110379	0.069722	0.061213	0.031098	0.128961	0.018336	0.277143
24	0.270495	0.034075	0.106446	0.067666	0.063751	0.028775	0.126893	0.017646	0.284253
25	0.271986	0.033487	0.102696	0.065299	0.066577	0.027139	0.125148	0.016940	0.290728
26	0.273240	0.033011	0.098492	0.063417	0.068960	0.025278	0.123855	0.016544	0.297203
27	0.274670	0.032389	0.094691	0.061819	0.071940	0.023742	0.121414	0.016032	0.303303
28	0.275638	0.031839	0.091359	0.059854	0.074371	0.022197	0.119601	0.015646	0.309495
29	0.276507	0.031609	0.087410	0.058217	0.077565	0.020566	0.118018	0.015117	0.314991
30	0.277515	0.031112	0.084003	0.056339	0.080526	0.019503	0.116122	0.014542	0.320338
31	0.277998	0.030253	0.080818	0.054750	0.083683	0.018167	0.113940	0.014295	0.326096
32	0.278302	0.029869	0.077750	0.053023	0.087031	0.017126	0.111382	0.013910	0.331607
33	0.278464	0.029232	0.074568	0.051731	0.090356	0.016041	0.109264	0.013598	0.336746
34	0.279029	0.028808	0.071141	0.050202	0.093623	0.015054	0.107214	0.013264	0.341665
35	0.279464	0.028351	0.068269	0.048807	0.097344	0.014098	0.104547	0.012852	0.346268
36	0.279627	0.028010	0.065143	0.047496	0.100660	0.013130	0.102439	0.012478	0.351017
37	0.279936	0.027254	0.061834	0.046298	0.103898	0.012341	0.100685	0.012230	0.355524
38	0.279506	0.026701	0.059431	0.045014	0.107423	0.011498	0.098850	0.011885	0.359692
39	0.278651	0.026176	0.056623	0.043777	0.111512	0.010777	0.097168	0.011471	0.363845
40	0.278144	0.025696	0.053825	0.042587	0.115110	0.010076	0.095278	0.011140	0.368144
41	0.277538	0.025112	0.051445	0.041747	0.118439	0.009574	0.093606	0.010757	0.371782
42	0.276848	0.024562	0.049370	0.040642	0.122422	0.008983	0.091530	0.010420	0.375223
43	0.275956	0.023880	0.046915	0.039595	0.126814	0.008541	0.089374	0.010027	0.378898
44	0.274780	0.023456	0.044750	0.038656	0.131111	0.007906	0.087299	0.009876	0.382166
45	0.273417	0.022931	0.042410	0.037912	0.135433	0.007398	0.085287	0.009556	0.385656
46	0.271966	0.022427	0.040795	0.036996	0.139517	0.006939	0.083343	0.009228	0.388789
47	0.270913	0.022305	0.038528	0.036145	0.143515	0.006639	0.081379	0.008999	0.391577
48	0.269440	0.021749	0.036801	0.035144	0.147884	0.006159	0.080005	0.008601	0.394217
49	0.268362	0.021329	0.034901	0.034300	0.152252	0.005903	0.078040	0.008382	0.396531
50	0.266544	0.020753	0.033326	0.033484	0.156655	0.005464	0.076298	0.007913	0.399563
51	0.265770	0.020424	0.031598	0.032889	0.160961	0.005343	0.073977	0.007753	0.401285
52	0.263634	0.019982	0.030167	0.032049	0.165788	0.004981	0.072244	0.007329	0.403826
53	0.261457	0.019420	0.028758	0.031255	0.170715	0.004771	0.070858	0.007076	0.405690
54	0.259818	0.018911	0.027240	0.030688	0.175378	0.004522	0.069209	0.006933	0.407301
55	0.257738	0.018305	0.025744	0.030300	0.180905	0.004279	0.067457	0.006711	0.408561
56	0.255630	0.017886	0.024651	0.029609	0.185704	0.004080	0.065705	0.006513	0.410222
57	0.253284	0.017341	0.023322	0.029114	0.190591	0.003876	0.064477	0.006230	0.411765
58	0.251075	0.016900	0.022188	0.028661	0.195748	0.003746	0.062576	0.006043	0.413063
59	0.249101	0.016480	0.020903	0.028051	0.200706	0.003488	0.061095	0.005809	0.414367
60	0.246893	0.016161	0.019841	0.027321	0.205940	0.003305	0.059176	0.005595	0.415768
61	0.244084	0.015921	0.018761	0.026898	0.210983	0.003174	0.057876	0.005464	0.416839
62	0.240940	0.015471	0.017810	0.026337	0.216569	0.003127	0.056305	0.005265	0.418176
63	0.237864	0.015002	0.016851	0.025923	0.221806	0.003041	0.054908	0.005142	0.419463
64	0.235025	0.014649	0.015834	0.025475	0.227244	0.003008	0.053798	0.004972	0.419995
65	0.231821	0.014024	0.014978	0.025045	0.232522	0.002906	0.052066	0.004811	0.421827
66	0.229714	0.013792	0.014158	0.024600	0.237916	0.002764	0.050500	0.004718	0.421838
67	0.226626	0.013254	0.013435	0.024187	0.243835	0.002575	0.049255	0.004488	0.422345
68	0.223783	0.012737	0.012636	0.023728	0.249730	0.002380	0.047696	0.004250	0.423060
69	0.220732	0.012434	0.012161	0.023329	0.255163	0.002311	0.046571	0.004128	0.423171
70	0.217692	0.012025	0.011666	0.023043	0.261156	0.002243	0.045259	0.003919	0.422997
71	0.214369	0.011635	0.010921	0.022494	0.267524	0.002114	0.044085	0.003850	0.423008
72	0.211229	0.011361	0.010449	0.022072	0.273512	0.002054	0.042839	0.003750	0.422734
73	0.207957	0.010952	0.009761	0.021889	0.279772	0.001972	0.041675	0.003656	0.422366
74	0.204756	0.010628	0.009110	0.021500	0.286035	0.001910	0.040497	0.003491	0.422073
75	0.201269	0.010296	0.008579	0.021253	0.291831	0.001861	0.039262	0.003423	0.422226
76	0.198454	0.009860	0.008055	0.021075	0.297562	0.001824	0.038166	0.003250	0.421754
77	0.195209	0.009529	0.007656	0.020715	0.303762	0.001731	0.037192	0.003172	0.421034
78	0.191827	0.009311	0.007244	0.020341	0.310193	0.001607	0.036150	0.003085	0.420242
79	0.188851	0.008806	0.006924	0.020404	0.315826	0.001542	0.035231	0.002978	0.419438
80	0.185744	0.008538	0.006437	0.020095	0.321878	0.001546	0.034517	0.002902	0.418343
81	0.182451	0.008268	0.006139	0.019866	0.328181	0.001454	0.033355	0.002735	0.417551
82	0.179379	0.007886	0.005769	0.019682	0.334110	0.001324	0.032460	0.002721	0.416669
83	0.175683	0.007648	0.005441	0.019332	0.340429	0.001310	0.031789	0.002587	0.415781
84	0.172088	0.007423	0.005079	0.019157	0.346918	0.001272	0.031017	0.002477	0.414569
85	0.168780	0.007094	0.004822	0.019116	0.352444	0.001236	0.030058	0.002490	0.413960
86	0.165842	0.006802	0.004612	0.018816	0.358379	0.001219	0.029145	0.002374	0.412811
87	0.162574	0.006524	0.004310	0.018568	0.364551	0.001195	0.028459	0.002313	0.411506
88	0.159059	0.006253	0.004109	0.018504	0.370562	0.001141	0.027698	0.002281	0.410393
89	0.155698	0.006024	0.003888	0.018494	0.376697	0.001148	0.027032	0.002271	0.408748
90	0.152008	0.005819	0.003829	0.018162	0.382706	0.001156	0.026177	0.002155	0.407988
91	0.148608	0.005595	0.003578	0.017939	0.389334	0.001104	0.025513	0.002072	0.406257
92	0.145535	0.005374	0.003359	0.017713	0.395445	0.001046	0.024846	0.001999	0.404683
93	0.142341	0.005231	0.003217	0.017727	0.401395	0.001063	0.024303	0.001947	0.402776
94	0.138871	0.004993	0.002979	0.017681	0.407560	0.000991	0.023728	0.001948	0.401249
95	0.135559	0.004833	0.002783	0.017705	0.413890	0.000993	0.023270	0.001938	0.399029
96	0.132213	0.004711	0.002597	0.017574	0.420082	0.001003	0.022547	0.001881	0.397392
97	0.129184	0.004509	0.002445	0.017255	0.426038	0.000992	0.021962	0.001833	0.395782
98	0.125895	0.004334	0.002322	0.017301	0.432205	0.000986	0.021352	0.001805	0.393800
99	0.123022	0.004205	0.002141	0.017112	0.438034	0.000994	0.020826	0.001736	0.391930
100	0.120391	0.004026	0.002011	0.017040	0.443476	0.001003	0.020319	0.001726	0.390008
101	0.117277	0.003801	0.001851	0.016989	0.449887	0.000976	0.019802	0.001658	0.387759
102	0.114501	0.003667	0.001791	0.016911	0.455708	0.000965	0.019110	0.001630	0.385717
103	0.111588	0.003534	0.001709	0.016849	0.461705	0.000975	0.018800	0.001564	0.383276
104	0.108730	0.003391	0.001620	0.016802	0.467655	0.000958	0.018213	0.001466	0.381165
105	0.105838	0.003294	0.001568	0.016709	0.473650	0.000947	0.017815	0.001396	0.378783
106	0.102936	0.003098	0.001458	0.016544	0.479717	0.000934	0.017148	0.001329	0.376836
107	0.100512	0.002931	0.001322	0.016491	0.485812	0.000927	0.016854	0.001261	0.373890
108	0.097907	0.002770	0.001241	0.016609	0.491181	0.000898	0.016313	0.001213	0.371868
109	0.095173	0.002685	0.001116	0.016532	0.497134	0.000841	0.015785	0.001173	0.369561
110	0.092340	0.002599	0.001056	0.016567	0.503105	0.000904	0.015400	0.001147	0.366882
111	0.089619	0.002543	0.001079	0.016396	0.509129	0.000877	0.014839	0.001117	0.364401
112	0.087407	0.002418	0.001032	0.016238	0.514886	0.000872	0.014274	0.001076	0.361797
113	0.084695	0.002337	0.001004	0.016140	0.520823	0.000874	0.013850	0.001023	0.359254
114	0.081992	0.002231	0.000905	0.016050	0.526541	0.000871	0.013558	0.000980	0.356872
115	0.079952	0.002107	0.000869	0.015936	0.531823	0.000830	0.013148	0.000987	0.354348
116	0.077465	0.001999	0.000742	0.015777	0.537605	0.000874	0.012814	0.000982	0.351742
117	0.075308	0.001919	0.000694	0.015816	0.543219	0.000842	0.012537	0.000951	0.348714
118	0.073121	0.001829	0.000651	0.015568	0.548880	0.000813	0.012263	0.000918	0.345957
119	0.071069	0.001759	0.000630	0.015387	0.554075	0.000788	0.012045	0.000884	0.343363
120	0.069016	0.001659	0.000619	0.015239	0.559539	0.000733	0.011824	0.000840	0.340531
121	0.066906	0.001557	0.000590	0.015270	0.564709	0.000747	0.011510	0.000808	0.337903
122	0.065030	0.001495	0.000524	0.015158	0.569861	0.000740	0.011253	0.000769	0.335170
123	0.063022	0.001422	0.000474	0.015006	0.575398	0.000736	0.011054	0.000750	0.332138
124	0.061210	0.001325	0.000489	0.015040	0.580438	0.000738	0.010680	0.000764	0.329316
125	0.059518	0.001277	0.000465	0.014930	0.585628	0.000732	0.010260	0.000752	0.326438
126	0.057591	0.001220	0.000417	0.014808	0.590888	0.000706	0.010016	0.000757	0.323597
127	0.055891	0.001211	0.000420	0.014874	0.595812	0.000681	0.009755	0.000729	0.320627
128	0.054331	0.001157	0.000382	0.014660	0.601371	0.000699	0.009404	0.000704	0.317292
129	0.052588	0.001092	0.000356	0.014685	0.606611	0.000715	0.009204	0.000635	0.314114
130	0.050798	0.001072	0.000340	0.014662	0.611794	0.000707	0.008978	0.000614	0.311035
131	0.049245	0.001075	0.000318	0.014554	0.616649	0.000676	0.008817	0.000618	0.308048
132	0.047671	0.000987	0.000304	0.014530	0.621714	0.000682	0.008633	0.000589	0.304890
133	0.045952	0.000916	0.000283	0.014719	0.626663	0.000637	0.008340	0.000561	0.301929
134	0.044368	0.000863	0.000250	0.014573	0.631902	0.000657	0.008076	0.000566	0.298745
135	0.042809	0.000802	0.000232	0.014664	0.637038	0.000699	0.007835	0.000570	0.295351
136	0.041162	0.000779	0.000216	0.014696	0.641971	0.000673	0.007475	0.000561	0.292467
137	0.039921	0.000742	0.000201	0.014589	0.647072	0.000681	0.007365	0.000540	0.288889
138	0.038351	0.000722	0.000151	0.014610	0.652331	0.000665	0.007233	0.000523	0.285414
139	0.037134	0.000681	0.000136	0.014544	0.657154	0.000655	0.007027	0.000472	0.282197
140	0.035815	0.000665	0.000125	0.014628	0.661560	0.000648	0.006903	0.000435	0.279221
141	0.034436	0.000615	0.000128	0.014685	0.666362	0.000616	0.006727	0.000416	0.276015
142	0.033122	0.000589	0.000114	0.014681	0.671106	0.000612	0.006474	0.000402	0.272900
143	0.031937	0.000572	0.000119	0.014598	0.675701	0.000604	0.006427	0.000379	0.269663
144	0.030793	0.000518	0.000116	0.014499	0.680297	0.000589	0.006356	0.000347	0.266485
145	0.029658	0.000518	0.000122	0.014395	0.684972	0.000557	0.006155	0.000365	0.263258
146	0.028678	0.000475	0.000124	0.014372	0.689157	0.000542	0.005923	0.000340	0.260389
147	0.027693	0.000478	0.000120	0.014391	0.693591	0.000544	0.005727	0.000352	0.257104
148	0.026744	0.000471	0.000111	0.014250	0.697674	0.000560	0.005530	0.000358	0.254302
149	0.025700	0.000428	0.000098	0.014216	0.702040	0.000539	0.005306	0.000326	0.251347
150	0.024629	0.000385	0.000092	0.014134	0.706476	0.000573	0.005204	0.000282	0.248225
151	0.023716	0.000366	0.000083	0.014202	0.711079	0.000535	0.005070	0.000285	0.244664
152	0.022878	0.000333	0.000079	0.014095	0.715124	0.000538	0.004936	0.000267	0.241750
153	0.021934	0.000318	0.000072	0.014087	0.719174	0.000557	0.004701	0.000277	0.238880
154	0.021045	0.000295	0.000056	0.014076	0.723189	0.000561	0.004598	0.000280	0.235900
155	0.020263	0.000285	0.000051	0.014106	0.727367	0.000551	0.004381	0.000278	0.232718
156	0.019517	0.000246	0.000057	0.014054	0.731205	0.000539	0.004134	0.000275	0.229973
157	0.018772	0.000218	0.000055	0.014047	0.735394	0.000539	0.003989	0.000262	0.226724
158	0.017938	0.000184	0.000053	0.013935	0.739463	0.000532	0.003900	0.000289	0.223706
159	0.017253	0.000169	0.000045	0.013852	0.743428	0.000491	0.003788	0.000279	0.220695
160	0.016597	0.000176	0.000027	0.013845	0.747286	0.000489	0.003674	0.000258	0.217648
161	0.016105	0.000174	0.000029	0.013796	0.750834	0.000503	0.003545	0.000254	0.214760
162	0.015371	0.000170	0.000030	0.013761	0.754455	0.000513	0.003485	0.000228	0.211987
163	0.014665	0.000161	0.000024	0.013818	0.757981	0.000520	0.003392	0.000214	0.209225
164	0.014160	0.000161	0.000018	0.013755	0.761639	0.000553	0.003298	0.000210	0.206206
165	0.013461	0.000157	0.000009	0.013680	0.765223	0.000553	0.003114	0.000203	0.203600
166	0.012916	0.000146	0.000009	0.013618	0.768713	0.000519	0.003098	0.000193	0.200788
167	0.012401	0.000160	0.000011	0.013680	0.771823	0.000527	0.002952	0.000203	0.198243
168	0.011959	0.000149	0.000007	0.013641	0.775415	0.000555	0.002881	0.000183	0.195210
169	0.011468	0.000126	0.000007	0.013670	0.779026	0.000570	0.002808	0.000180	0.192145
170	0.010998	0.000124	0.000005	0.013692	0.782445	0.000592	0.002664	0.000181	0.189299
171	0.010558	0.000111	0.000004	0.013698	0.785937	0.000569	0.002637	0.000179	0.186307
172	0.010190	0.000097	0.000004	0.013730	0.788812	0.000563	0.002610	0.000165	0.183829
173	0.009748	0.000087	0.000004	0.013666	0.791996	0.000569	0.002512	0.000178	0.181240
174	0.009383	0.000075	0.000003	0.013729	0.795362	0.000591	0.002412	0.000175	0.178270
175	0.008922	0.000061	0.000003	0.013792	0.798765	0.000609	0.002300	0.000181	0.175367
176	0.008659	0.000053	0.000005	0.013930	0.801515	0.000628	0.002269	0.000181	0.172760
177	0.008351	0.000058	0.000002	0.013984	0.804450	0.000655	0.002226	0.000187	0.170087
178	0.008040	0.000051	0.000001	0.013874	0.807591	0.000665	0.002107	0.000189	0.167482
179	0.007629	0.000054	0.000000	0.013953	0.810456	0.000658	0.002109	0.000185	0.164956
180	0.007407	0.000051	0.000000	0.014036	0.813270	0.000633	0.002053	0.000194	0.162356
181	0.007067	0.000051	0.000000	0.014067	0.816413	0.000671	0.001995	0.000203	0.159533
182	0.006809	0.000054	0.000000	0.013939	0.819224	0.000672	0.001977	0.000226	0.157099
183	0.006473	0.000049	0.000000	0.014020	0.821711	0.000637	0.001918	0.000208	0.154984
184	0.006178	0.000046	0.000000	0.013926	0.824340	0.000656	0.001877	0.000222	0.152755
185	0.005876	0.000051	0.000000	0.013899	0.827282	0.000641	0.001792	0.000232	0.150227
186	0.005614	0.000042	0.000000	0.013943	0.830180	0.000638	0.001731	0.000222	0.147630
187	0.005360	0.000035	0.000000	0.013765	0.833184	0.000659	0.001674	0.000205	0.145118
188	0.005062	0.000031	0.000000	0.013762	0.836149	0.000625	0.001546	0.000193	0.142632
189	0.004880	0.000033	0.000000	0.013711	0.838749	0.000596	0.001524	0.000196	0.140311
190	0.004691	0.000035	0.000000	0.013760	0.841439	0.000645	0.001492	0.000184	0.137754
191	0.004526	0.000030	0.000000	0.013654	0.844123	0.000664	0.001460	0.000178	0.135365
192	0.004303	0.000029	0.000000	0.013757	0.846417	0.000644	0.001333	0.000168	0.133349
193	0.004080	0.000023	0.000000	0.013716	0.849087	0.000619	0.001292	0.000177	0.131006
194	0.003919	0.000028	0.000000	0.013939	0.851225	0.000641	0.001200	0.000180	0.128868
195	0.003774	0.000029	0.000000	0.013837	0.853738	0.000627	0.001194	0.000169	0.126632
196	0.003625	0.000034	0.000000	0.013884	0.855885	0.000644	0.001135	0.000171	0.124622
197	0.003507	0.000028	0.000000	0.013834	0.858357	0.000640	0.001122	0.000163	0.122349
198	0.003380	0.000025	0.000000	0.013789	0.860495	0.000660	0.001104	0.000175	0.120372
199	0.003228	0.000018	0.000000	0.013889	0.862869	0.000640	0.001050	0.000157	0.118149
200	0.003047	0.000013	0.000000	0.013925	0.864966	0.000651	0.001004	0.000154	0.116240
201	0.002921	0.000013	0.000000	0.013979	0.867083	0.000650	0.000968	0.000148	0.114238
202	0.002757	0.000012	0.000000	0.013988	0.869455	0.000620	0.000929	0.000150	0.112089
203	0.002663	0.000009	0.000000	0.013962	0.871702	0.000623	0.000897	0.000154	0.109990
204	0.002498	0.000002	0.000000	0.014095	0.873748	0.000594	0.000846	0.000139	0.108078
205	0.002355	0.000001	0.000000	0.013959	0.876332	0.000573	0.000866	0.000148	0.105766
206	0.002217	0.000000	0.000000	0.013968	0.878267	0.000611	0.000864	0.000150	0.103923
207	0.002106	0.000000	0.000000	0.014059	0.880290	0.000609	0.000833	0.000142	0.101961
208	0.002061	0.000000	0.000000	0.014120	0.882343	0.000588	0.000820	0.000144	0.099924
209	0.001990	0.000000	0.000000	0.014072	0.884361	0.000594	0.000809	0.000116	0.098058
210	0.001873	0.000000	0.000000	0.013953	0.886490	0.000566	0.000818	0.000126	0.096174
211	0.001815	0.000000	0.000000	0.013993	0.888217	0.000588	0.000814	0.000132	0.094441
212	0.001745	0.000000	0.000000	0.013880	0.890173	0.000555	0.000819	0.000130	0.092698
213	0.001683	0.000000	0.000000	0.014002	0.891850	0.000536	0.000759	0.000132	0.091038
214	0.001612	0.000000	0.000000	0.014024	0.893708	0.000548	0.000746	0.000128	0.089234
215	0.001536	0.000000	0.000000	0.014083	0.895527	0.000520	0.000727	0.000133	0.087474
216	0.001461	0.000000	0.000000	0.014189	0.897427	0.000506	0.000701	0.000133	0.085583
217	0.001411	0.000000	0.000000	0.014175	0.899069	0.000465	0.000666	0.000147	0.084067
218	0.001356	0.000000	0.000000	0.014092	0.900923	0.000481	0.000654	0.000152	0.082342
219	0.001315	0.000000	0.000000	0.014107	0.902384	0.000486	0.000620	0.000143	0.080945
220	0.001222	0.000000	0.000000	0.014060	0.904257	0.000478	0.000602	0.000133	0.079248
221	0.001147	0.000000	0.000000	0.014084	0.905762	0.000480	0.000573	0.000127	0.077827
222	0.001066	0.000000	0.000000	0.014123	0.907162	0.000504	0.000567	0.000117	0.076461
223	0.001005	0.000000	0.000000	0.014209	0.908730	0.000482	0.000495	0.000103	0.074976
224	0.000932	0.000000	0.000000	0.014217	0.910382	0.000459	0.000475	0.000091	0.073444
225	0.000879	0.000000	0.000000	0.014036	0.912127	0.000446	0.000453	0.000092	0.071967
226	0.000842	0.000000	0.000000	0.014039	0.913525	0.000482	0.000464	0.000099	0.070549
227	0.000790	0.000000	0.000000	0.013961	0.915000	0.000464	0.000443	0.000102	0.069240
228	0.000731	0.000000	0.000000	0.013999	0.916447	0.000436	0.000438	0.000099	0.067850
229	0.000682	0.000000	0.000000	0.014082	0.917691	0.000429	0.000424	0.000089	0.066603
230	0.000621	0.000000	0.000000	0.013979	0.919192	0.000383	0.000423	0.000091	0.065311
231	0.000568	0.000000	0.000000	0.014048	0.920420	0.000383	0.000401	0.000093	0.064087
232	0.000534	0.000000	0.000000	0.013987	0.921968	0.000362	0.000407	0.000091	0.062651
233	0.000491	0.000000	0.000000	0.014088	0.923084	0.000359	0.000413	0.000088	0.061477
234	0.000501	0.000000	0.000000	0.014186	0.924439	0.000369	0.000381	0.000086	0.060038
235	0.000471	0.000000	0.000000	0.014219	0.925712	0.000374	0.000369	0.000087	0.058768
236	0.000455	0.000000	0.000000	0.014218	0.927038	0.000359	0.000349	0.000084	0.057497
237	0.000410	0.000000	0.000000	0.014392	0.928201	0.000351	0.000345	0.000093	0.056208
238	0.000374	0.000000	0.000000	0.014380	0.929270	0.000366	0.000336	0.000084	0.055190
239	0.000363	0.000000	0.000000	0.014319	0.930494	0.000372	0.000318	0.000085	0.054049
240	0.000328	0.000000	0.000000	0.014267	0.931998	0.000363	0.000311	0.000088	0.052645
241	0.000307	0.000000	0.000000	0.014166	0.933363	0.000348	0.000273	0.000070	0.051473
242	0.000286	0.000000	0.000000	0.014066	0.934643	0.000339	0.000265	0.000059	0.050342
243	0.000277	0.000000	0.000000	0.014065	0.935750	0.000358	0.000254	0.000050	0.049246
244	0.000235	0.000000	0.000000	0.014148	0.936626	0.000387	0.000273	0.000049	0.048282
245	0.000214	0.000000	0.000000	0.014100	0.937583	0.000353	0.000254	0.000048	0.047448
246	0.000189	0.000000	0.000000	0.014015	0.938595	0.000349	0.000266	0.000048	0.046538
247	0.000179	0.000000	0.000000	0.014058	0.939695	0.000357	0.000249	0.000044	0.045418
248	0.000182	0.000000	0.000000	0.014184	0.940521	0.000373	0.000234	0.000039	0.044467
249	0.000188	0.000000	0.000000	0.014265	0.941526	0.000368	0.000226	0.000037	0.043390
250	0.000187	0.000000	0.000000	0.014274	0.942604	0.000375	0.000235	0.000037	0.042288
251	0.000191	0.000000	0.000000	0.014138	0.943738	0.000353	0.000223	0.000035	0.041322
252	0.000183	0.000000	0.000000	0.014040	0.944781	0.000355	0.000215	0.000031	0.040395
253	0.000166	0.000000	0.000000	0.013990	0.945482	0.000380	0.000211	0.000026	0.039745
254	0.000144	0.000000	0.000000	0.014062	0.946535	0.000385	0.000203	0.000030	0.038641
255	0.000142	0.000000	0.000000	0.014068	0.947508	0.000405	0.000200	0.000023	0.037654
256	0.000127	0.000000	0.000000	0.014097	0.948418	0.000393	0.000210	0.000027	0.036728
257	0.000107	0.000000	0.000000	0.014098	0.949312	0.000377	0.000202	0.000021	0.035883
258	0.000093	0.000000	0.000000	0.014094	0.950101	0.000382	0.000212	0.000022	0.035096
259	0.000085	0.000000	0.000000	0.014135	0.950875	0.000354	0.000215	0.000020	0.034316
260	0.000086	0.000000	0.000000	0.014038	0.951787	0.000366	0.000201	0.000016	0.033506
261	0.000079	0.000000	0.000000	0.013949	0.952684	0.000403	0.000195	0.000014	0.032676
262	0.000078	0.000000	0.000000	0.014033	0.953325	0.000371	0.000182	0.000018	0.031993
263	0.000061	0.000000	0.000000	0.014029	0.954217	0.000373	0.000202	0.000020	0.031098
264	0.000060	0.000000	0.000000	0.013907	0.955081	0.000377	0.000206	0.000016	0.030353
265	0.000051	0.000000	0.000000	0.013880	0.955833	0.000378	0.000214	0.000019	0.029625
266	0.000059	0.000000	0.000000	0.013987	0.956466	0.000360	0.000204	0.000020	0.028904
267	0.000053	0.000000	0.000000	0.013976	0.957281	0.000369	0.000202	0.000017	0.028102
268	0.000060	0.000000	0.000000	0.013955	0.958076	0.000354	0.000196	0.000017	0.027342
269	0.000057	0.000000	0.000000	0.014001	0.958603	0.000383	0.000181	0.000012	0.026763
270	0.000052	0.000000	0.000000	0.014051	0.959241	0.000346	0.000164	0.000008	0.026138
271	0.000051	0.000000	0.000000	0.014121	0.959762	0.000334	0.000170	0.000010	0.025552
272	0.000042	0.000000	0.000000	0.014012	0.960514	0.000326	0.000173	0.000005	0.024928
273	0.000032	0.000000	0.000000	0.013925	0.961261	0.000297	0.000160	0.000007	0.024318
274	0.000032	0.000000	0.000000	0.013965	0.961659	0.000323	0.000155	0.000009	0.023857
275	0.000032	0.000000	0.000000	0.013948	0.962322	0.000322	0.000154	0.000012	0.023210
276	0.000031	0.000000	0.000000	0.013868	0.962892	0.000325	0.000147	0.000010	0.022727
277	0.000036	0.000000	0.000000	0.013901	0.963402	0.000336	0.000141	0.000015	0.022169
278	0.000028	0.000000	0.000000	0.013798	0.964173	0.000344	0.000155	0.000014	0.021488
279	0.000026	0.000000	0.000000	0.013795	0.964682	0.000348	0.000147	0.000008	0.020994
280	0.000020	0.000000	0.000000	0.013705	0.965379	0.000346	0.000138	0.000011	0.020401
281	0.000017	0.000000	0.000000	0.013654	0.965991	0.000333	0.000126	0.000012	0.019867
282	0.000016	0.000000	0.000000	0.013623	0.966521	0.000355	0.000110	0.000006	0.019369
283	0.000015	0.000000	0.000000	0.013580	0.967145	0.000336	0.000099	0.000004	0.018821
284	0.000014	0.000000	0.000000	0.013520	0.967592	0.000351	0.000098	0.000004	0.018421
285	0.000017	0.000000	0.000000	0.013556	0.968022	0.000365	0.000087	0.000004	0.017949
286	0.000019	0.000000	0.000000	0.013492	0.968474	0.000349	0.000085	0.000002	0.017579
287	0.000020	0.000000	0.000000	0.013522	0.968969	0.000344	0.000083	0.000002	0.017060
288	0.000018	0.000000	0.000000	0.013489	0.969407	0.000367	0.000095	0.000000	0.016624
289	0.000024	0.000000	0.000000	0.013492	0.969830	0.000392	0.000097	0.000000	0.016165
290	0.000025	0.000000	0.000000	0.013492	0.970300	0.000369	0.000087	0.000000	0.015727
291	0.000021	0.000000	0.000000	0.013436	0.970681	0.000407	0.000084	0.000000	0.015371
292	0.000023	0.000000	0.000000	0.013561	0.971033	0.000437	0.000069	0.000000	0.014877
293	0.000018	0.000000	0.000000	0.013510	0.971459	0.000456	0.000054	0.000000	0.014503
294	0.000015	0.000000	0.000000	0.013445	0.971902	0.000439	0.000046	0.000000	0.014153
295	0.000015	0.000000	0.000000	0.013532	0.972257	0.000458	0.000037	0.000000	0.013701
296	0.000012	0.000000	0.000000	0.013393	0.972693	0.000436	0.000031	0.000000	0.013435
297	0.000010	0.000000	0.000000	0.013335	0.973030	0.000449	0.000033	0.000000	0.013143
298	0.000010	0.000000	0.000000	0.013405	0.973310	0.000459	0.000036	0.000000	0.012780
299	0.000010	0.000000	0.000000	0.013445	0.973588	0.000463	0.000032	0.000000	0.012462
300	0.000007	0.000000	0.000000	0.013509	0.973851	0.000428	0.000027	0.000000	0.012178
301	0.000007	0.000000	0.000000	0.013524	0.974137	0.000453	0.000030	0.000000	0.011849
302	0.000003	0.000000	0.000000	0.013350	0.974649	0.000462	0.000030	0.000000	0.011506
303	0.000002	0.000000	0.000000	0.013250	0.975095	0.000457	0.000032	0.000000	0.011164
304	0.000001	0.000000	0.000000	0.013344	0.975298	0.000461	0.000032	0.000000	0.010864
305	0.000000	0.000000	0.000000	0.013369	0.975496	0.000466	0.000026	0.000000	0.010643
306	0.000000	0.000000	0.000000	0.013314	0.975864	0.000444	0.000025	0.000000	0.010353
307	0.000000	0.000000	0.000000	0.013384	0.976033	0.000475	0.000025	0.000000	0.010083
308	0.000000	0.000000	0.000000	0.013190	0.976477	0.000492	0.000023	0.000000	0.009818
309	0.000000	0.000000	0.000000	0.013263	0.976752	0.000463	0.000018	0.000000	0.009504
310	0.000000	0.000000	0.000000	0.013248	0.977038	0.000469	0.000017	0.000000	0.009228
311	0.000000	0.000000	0.000000	0.013258	0.977269	0.000446	0.000014	0.000000	0.009013
312	0.000000	0.000000	0.000000	0.013249	0.977519	0.000469	0.000013	0.000000	0.008750
313	0.000000	0.000000	0.000000	0.013284	0.977678	0.000454	0.000013	0.000000	0.008571
314	0.000000	0.000000	0.000000	0.013236	0.977988	0.000440	0.000010	0.000000	0.008326
315	0.000000	0.000000	0.000000	0.013226	0.978171	0.000447	0.000012	0.000000	0.008144
316	0.000000	0.000000	0.000000	0.013169	0.978462	0.000460	0.000008	0.000000	0.007901
317	0.000000	0.000000	0.000000	0.013194	0.978655	0.000449	0.000001	0.000000	0.007701
318	0.000000	0.000000	0.000000	0.013344	0.978734	0.000452	0.000002	0.000000	0.007468
319	0.000000	0.000000	0.000000	0.013361	0.978938	0.000427	0.000005	0.000000	0.007269
320	0.000000	0.000000	0.000000	0.013320	0.979183	0.000419	0.000006	0.000000	0.007072
321	0.000000	0.000000	0.000000	0.013193	0.979539	0.000411	0.000004	0.000000	0.006853
322	0.000000	0.000000	0.000000	0.013219	0.979593	0.000404	0.000002	0.000000	0.006782
323	0.000000	0.000000	0.000000	0.013206	0.979753	0.000429	0.000001	0.000000	0.006611
324	0.000000	0.000000	0.000000	0.013128	0.979995	0.000412	0.000001	0.000000	0.006464
325	0.000000	0.000000	0.000000	0.013140	0.980095	0.000440	0.000000	0.000000	0.006325
326	0.000000	0.000000	0.000000	0.012976	0.980356	0.000449	0.000000	0.000000	0.006219
327	0.000000	0.000000	0.000000	0.012915	0.980534	0.000468	0.000000	0.000000	0.006083
328	0.000000	0.000000	0.000000	0.012907	0.980693	0.000478	0.000000	0.000000	0.005922
329	0.000000	0.000000	0.000000	0.012929	0.980851	0.000465	0.000000	0.000000	0.005755
330	0.000000	0.000000	0.000000	0.012989	0.980954	0.000452	0.000000	0.000000	0.005605
331	0.000000	0.000000	0.000000	0.012888	0.981191	0.000463	0.000000	0.000000	0.005458
332	0.000000	0.000000	0.000000	0.013042	0.981176	0.000439	0.000000	0.000000	0.005343
333	0.000000	0.000000	0.000000	0.012999	0.981289	0.000473	0.000000	0.000000	0.005239
334	0.000000	0.000000	0.000000	0.013073	0.981340	0.000477	0.000000	0.000000	0.005110
335	0.000000	0.000000	0.000000	0.013159	0.981314	0.000486	0.000000	0.000000	0.005041
336	0.000000	0.000000	0.000000	0.013019	0.981601	0.000484	0.000000	0.000000	0.004896
337	0.000000	0.000000	0.000000	0.013005	0.981736	0.000492	0.000000	0.000000	0.004767
338	0.000000	0.000000	0.000000	0.012951	0.981889	0.000499	0.000000	0.000000	0.004661
339	0.000000	0.000000	0.000000	0.012987	0.982012	0.000487	0.000000	0.000000	0.004514
340	0.000000	0.000000	0.000000	0.012962	0.982151	0.000476	0.000000	0.000000	0.004411
341	0.000000	0.000000	0.000000	0.012859	0.982382	0.000475	0.000000	0.000000	0.004284
342	0.000000	0.000000	0.000000	0.012886	0.982436	0.000495	0.000000	0.000000	0.004183
343	0.000000	0.000000	0.000000	0.012836	0.982554	0.000534	0.000000	0.000000	0.004076
344	0.000000	0.000000	0.000000	0.012838	0.982622	0.000552	0.000000	0.000000	0.003988
345	0.000000	0.000000	0.000000	0.012941	0.982627	0.000573	0.000000	0.000000	0.003859
346	0.000000	0.000000	0.000000	0.012945	0.982721	0.000584	0.000000	0.000000	0.003750
347	0.000000	0.000000	0.000000	0.012885	0.982866	0.000596	0.000000	0.000000	0.003653
348	0.000000	0.000000	0.000000	0.012972	0.982894	0.000591	0.000000	0.000000	0.003543
349	0.000000	0.000000	0.000000	0.012939	0.982951	0.000590	0.000000	0.000000	0.003520
350	0.000000	0.000000	0.000000	0.012921	0.983091	0.000582	0.000000	0.000000	0.003406
351	0.000000	0.000000	0.000000	0.012990	0.983065	0.000585	0.000000	0.000000	0.003360
352	0.000000	0.000000	0.000000	0.012992	0.983115	0.000601	0.000000	0.000000	0.003292
353	0.000000	0.000000	0.000000	0.013000	0.983176	0.000591	0.000000	0.000000	0.003233
354	0.000000	0.000000	0.000000	0.013091	0.983161	0.000619	0.000000	0.000000	0.003129
355	0.000000	0.000000	0.000000	0.013080	0.983238	0.000597	0.000000	0.000000	0.003085
356	0.000000	0.000000	0.000000	0.013100	0.983320	0.000590	0.000000	0.000000	0.002990
357	0.000000	0.000000	0.000000	0.013094	0.983415	0.000584	0.000000	0.000000	0.002907
358	0.000000	0.000000	0.000000	0.013142	0.983438	0.000582	0.000000	0.000000	0.002838
359	0.000000	0.000000	0.000000	0.013170	0.983470	0.000577	0.000000	0.000000	0.002783
360	0.000000	0.000000	0.000000	0.013085	0.983583	0.000617	0.000000	0.000000	0.002715
361	0.000000	0.000000	0.000000	0.013095	0.983720	0.000576	0.000000	0.000000	0.002609
362	0.000000	0.000000	0.000000	0.013118	0.983741	0.000594	0.000000	0.000000	0.002547
363	0.000000	0.000000	0.000000	0.012981	0.983915	0.000635	0.000000	0.000000	0.002469
364	0.000000	0.000000	0.000000	0.013161	0.983831	0.000624	0.000000	0.000000	0.002384
365	0.000000	0.000000	0.000000	0.013090	0.984002	0.000607	0.000000	0.000000	0.002301
366	0.000000	0.000000	0.000000	0.013019	0.984147	0.000592	0.000000	0.000000	0.002242
367	0.000000	0.000000	0.000000	0.012857	0.984374	0.000566	0.000000	0.000000	0.002203
368	0.000000	0.000000	0.000000	0.012902	0.984392	0.000565	0.000000	0.000000	0.002141
369	0.000000	0.000000	0.000000	0.012996	0.984346	0.000565	0.000000	0.000000	0.002093
370	0.000000	0.000000	0.000000	0.012996	0.984413	0.000555	0.000000	0.000000	0.002036
371	0.000000	0.000000	0.000000	0.013036	0.984422	0.000554	0.000000	0.000000	0.001988
372	0.000000	0.000000	0.000000	0.013065	0.984475	0.000553	0.000000	0.000000	0.001907
373	0.000000	0.000000	0.000000	0.013036	0.984576	0.000529	0.000000	0.000000	0.001859
374	0.000000	0.000000	0.000000	0.012997	0.984607	0.000524	0.000000	0.000000	0.001872
375	0.000000	0.000000	0.000000	0.012925	0.984735	0.000512	0.000000	0.000000	0.001828
376	0.000000	0.000000	0.000000	0.012940	0.984771	0.000494	0.000000	0.000000	0.001795
377	0.000000	0.000000	0.000000	0.012853	0.984918	0.000518	0.000000	0.000000	0.001711
378	0.000000	0.000000	0.000000	0.012818	0.985031	0.000504	0.000000	0.000000	0.001647
379	0.000000	0.000000	0.000000	0.012854	0.985046	0.000520	0.000000	0.000000	0.001580
380	0.000000	0.000000	0.000000	0.012929	0.984991	0.000552	0.000000	0.000000	0.001528
381	0.000000	0.000000	0.000000	0.012986	0.984965	0.000555	0.000000	0.000000	0.001494
382	0.000000	0.000000	0.000000	0.012932	0.985026	0.000579	0.000000	0.000000	0.001463
383	0.000000	0.000000	0.000000	0.012892	0.985145	0.000558	0.000000	0.000000	0.001405
384	0.000000	0.000000	0.000000	0.012870	0.985179	0.000555	0.000000	0.000000	0.001396
385	0.000000	0.000000	0.000000	0.012910	0.985184	0.000554	0.000000	0.000000	0.001352
386	0.000000	0.000000	0.000000	0.012869	0.985258	0.000561	0.000000	0.000000	0.001312
387	0.000000	0.000000	0.000000	0.012860	0.985313	0.000563	0.000000	0.000000	0.001264
388	0.000000	0.000000	0.000000	0.012869	0.985369	0.000555	0.000000	0.000000	0.001207
389	0.000000	0.000000	0.000000	0.012759	0.985498	0.000546	0.000000	0.000000	0.001197
390	0.000000	0.000000	0.000000	0.012799	0.985488	0.000524	0.000000	0.000000	0.001189
391	0.000000	0.000000	0.000000	0.012714	0.985580	0.000529	0.000000	0.000000	0.001177
392	0.000000	0.000000	0.000000	0.012740	0.985605	0.000505	0.000000	0.000000	0.001150
393	0.000000	0.000000	0.000000	0.012726	0.985652	0.000506	0.000000	0.000000	0.001116
394	0.000000	0.000000	0.000000	0.012692	0.985697	0.000520	0.000000	0.000000	0.001091
395	0.000000	0.000000	0.000000	0.012667	0.985735	0.000541	0.000000	0.000000	0.001057
396	0.000000	0.000000	0.000000	0.012739	0.985674	0.000541	0.000000	0.000000	0.001046
397	0.000000	0.000000	0.000000	0.012672	0.985778	0.000541	0.000000	0.000000	0.001009
398	0.000000	0.000000	0.000000	0.012756	0.985704	0.000551	0.000000	0.000000	0.000989
399	0.000000	0.000000	0.000000	0.012791	0.985710	0.000545	0.000000	0.000000	0.000954
400	0.000000	0.000000	0.000000	0.012847	0.985688	0.000535	0.000000	0.000000	0.000930
401	0.000000	0.000000	0.000000	0.012875	0.985674	0.000540	0.000000	0.000000	0.000911
402	0.000000	0.000000	0.000000	0.012863	0.985709	0.000547	0.000000	0.000000	0.000881
403	0.000000	0.000000	0.000000	0.012742	0.985851	0.000544	0.000000	0.000000	0.000863
404	0.000000	0.000000	0.000000	0.012573	0.986069	0.000538	0.000000	0.000000	0.000820
405	0.000000	0.000000	0.000000	0.012596	0.986055	0.000542	0.000000	0.000000	0.000807
406	0.000000	0.000000	0.000000	0.012346	0.986360	0.000523	0.000000	0.000000	0.000771
407	0.000000	0.000000	0.000000	0.012230	0.986493	0.000520	0.000000	0.000000	0.000757
408	0.000000	0.000000	0.000000	0.012202	0.986537	0.000507	0.000000	0.000000	0.000754
409	0.000000	0.000000	0.000000	0.012103	0.986654	0.000513	0.000000	0.000000	0.000730
410	0.000000	0.000000	0.000000	0.012113	0.986673	0.000495	0.000000	0.000000	0.000719
411	0.000000	0.000000	0.000000	0.012127	0.986727	0.000474	0.000000	0.000000	0.000672
412	0.000000	0.000000	0.000000	0.012195	0.986674	0.000471	0.000000	0.000000	0.000660
413	0.000000	0.000000	0.000000	0.012181	0.986718	0.000476	0.000000	0.000000	0.000625
414	0.000000	0.000000	0.000000	0.012149	0.986761	0.000478	0.000000	0.000000	0.000612
415	0.000000	0.000000	0.000000	0.012249	0.986692	0.000467	0.000000	0.000000	0.000592
416	0.000000	0.000000	0.000000	0.012341	0.986601	0.000473	0.000000	0.000000	0.000585
417	0.000000	0.000000	0.000000	0.012370	0.986591	0.000472	0.000000	0.000000	0.000567
418	0.000000	0.000000	0.000000	0.012323	0.986623	0.000507	0.000000	0.000000	0.000547
419	0.000000	0.000000	0.000000	0.012353	0.986647	0.000470	0.000000	0.000000	0.000530
420	0.000000	0.000000	0.000000	0.012411	0.986588	0.000467	0.000000	0.000000	0.000534
421	0.000000	0.000000	0.000000	0.012351	0.986681	0.000455	0.000000	0.000000	0.000513
422	0.000000	0.000000	0.000000	0.012330	0.986681	0.000480	0.000000	0.000000	0.000509
423	0.000000	0.000000	0.000000	0.012377	0.986643	0.000481	0.000000	0.000000	0.000499
424	0.000000	0.000000	0.000000	0.012454	0.986570	0.000485	0.000000	0.000000	0.000491
425	0.000000	0.000000	0.000000	0.012429	0.986579	0.000506	0.000000	0.000000	0.000486
426	0.000000	0.000000	0.000000	0.012385	0.986653	0.000491	0.000000	0.000000	0.000471
427	0.000000	0.000000	0.000000	0.012359	0.986704	0.000476	0.000000	0.000000	0.000461
428	0.000000	0.000000	0.000000	0.012550	0.986505	0.000499	0.000000	0.000000	0.000446
429	0.000000	0.000000	0.000000	0.012441	0.986601	0.000513	0.000000	0.000000	0.000445
430	0.000000	0.000000	0.000000	0.012524	0.986533	0.000500	0.000000	0.000000	0.000443
431	0.000000	0.000000	0.000000	0.012448	0.986626	0.000496	0.000000	0.000000	0.000430
432	0.000000	0.000000	0.000000	0.012401	0.986645	0.000526	0.000000	0.000000	0.000428
433	0.000000	0.000000	0.000000	0.012342	0.986727	0.000511	0.000000	0.000000	0.000420
434	0.000000	0.000000	0.000000	0.012531	0.986527	0.000533	0.000000	0.000000	0.000409
435	0.000000	0.000000	0.000000	0.012554	0.986503	0.000536	0.000000	0.000000	0.000407
436	0.000000	0.000000	0.000000	0.012718	0.986327	0.000549	0.000000	0.000000	0.000406
437	0.000000	0.000000	0.000000	0.012674	0.986359	0.000549	0.000000	0.000000	0.000418
438	0.000000	0.000000	0.000000	0.012521	0.986519	0.000530	0.000000	0.000000	0.000430
439	0.000000	0.000000	0.000000	0.012417	0.986661	0.000502	0.000000	0.000000	0.000420
440	0.000000	0.000000	0.000000	0.012323	0.986748	0.000494	0.000000	0.000000	0.000435
441	0.000000	0.000000	0.000000	0.012279	0.986809	0.000500	0.000000	0.000000	0.000412
442	0.000000	0.000000	0.000000	0.012236	0.986837	0.000513	0.000000	0.000000	0.000414
443	0.000000	0.000000	0.000000	0.012243	0.986843	0.000507	0.000000	0.000000	0.000407
444	0.000000	0.000000	0.000000	0.012355	0.986715	0.000542	0.000000	0.000000	0.000388
445	0.000000	0.000000	0.000000	0.012319	0.986780	0.000513	0.000000	0.000000	0.000388
446	0.000000	0.000000	0.000000	0.012254	0.986841	0.000514	0.000000	0.000000	0.000391
447	0.000000	0.000000	0.000000	0.012201	0.986904	0.000507	0.000000	0.000000	0.000388
448	0.000000	0.000000	0.000000	0.012289	0.986827	0.000505	0.000000	0.000000	0.000379
449	0.000000	0.000000	0.000000	0.012344	0.986794	0.000496	0.000000	0.000000	0.000366
450	0.000000	0.000000	0.000000	0.012407	0.986713	0.000514	0.000000	0.000000	0.000366
451	0.000000	0.000000	0.000000	0.012393	0.986782	0.000485	0.000000	0.000000	0.000340
452	0.000000	0.000000	0.000000	0.012390	0.986726	0.000547	0.000000	0.000000	0.000337
453	0.000000	0.000000	0.000000	0.012337	0.986764	0.000557	0.000000	0.000000	0.000342
454	0.000000	0.000000	0.000000	0.012294	0.986808	0.000571	0.000000	0.000000	0.000327
455	0.000000	0.000000	0.000000	0.012281	0.986799	0.000591	0.000000	0.000000	0.000329
456	0.000000	0.000000	0.000000	0.012321	0.986784	0.000571	0.000000	0.000000	0.000324
457	0.000000	0.000000	0.000000	0.012308	0.986767	0.000596	0.000000	0.000000	0.000329
458	0.000000	0.000000	0.000000	0.012375	0.986719	0.000589	0.000000	0.000000	0.000317
459	0.000000	0.000000	0.000000	0.012436	0.986666	0.000577	0.000000	0.000000	0.000321
460	0.000000	0.000000	0.000000	0.012516	0.986583	0.000591	0.000000	0.000000	0.000310
461	0.000000	0.000000	0.000000	0.012509	0.986634	0.000562	0.000000	0.000000	0.000295
462	0.000000	0.000000	0.000000	0.012532	0.986623	0.000560	0.000000	0.000000	0.000285
463	0.000000	0.000000	0.000000	0.012634	0.986499	0.000582	0.000000	0.000000	0.000285
464	0.000000	0.000000	0.000000	0.012618	0.986522	0.000580	0.000000	0.000000	0.000280
465	0.000000	0.000000	0.000000	0.012631	0.986537	0.000560	0.000000	0.000000	0.000272
466	0.000000	0.000000	0.000000	0.012668	0.986501	0.000553	0.000000	0.000000	0.000278
467	0.000000	0.000000	0.000000	0.012645	0.986543	0.000546	0.000000	0.000000	0.000266
468	0.000000	0.000000	0.000000	0.012651	0.986535	0.000558	0.000000	0.000000	0.000256
469	0.000000	0.000000	0.000000	0.012652	0.986552	0.000543	0.000000	0.000000	0.000253
470	0.000000	0.000000	0.000000	0.012640	0.986554	0.000558	0.000000	0.000000	0.000248
