0	0.290663	0.057897	0.229473	0.157588	0.029913	0.111872	0.085455	0.012259	0.024880
1	0.248926	0.051709	0.212345	0.134237	0.027194	0.115573	0.106154	0.020884	0.082978
2	0.264300	0.054044	0.223863	0.123183	0.027203	0.108147	0.096591	0.018891	0.083778
3	0.285001	0.056446	0.235521	0.113115	0.027154	0.098903	0.086128	0.016529	0.081203
4	0.306367	0.058469	0.246123	0.103776	0.027414	0.090119	0.075703	0.014320	0.077709
5	0.328154	0.060257	0.255765	0.094147	0.027446	0.081177	0.066665	0.012276	0.074113
6	0.348853	0.061599	0.263830	0.085414	0.027730	0.073297	0.058036	0.010519	0.070722
7	0.367877	0.062894	0.271417	0.077084	0.028261	0.065764	0.050764	0.009050	0.066889
8	0.386278	0.064064	0.278343	0.069358	0.028308	0.058515	0.044290	0.007682	0.063162
9	0.403483	0.065011	0.284222	0.062247	0.028385	0.051983	0.038128	0.006536	0.060005
10	0.419315	0.065293	0.289027	0.055979	0.028581	0.046412	0.033086	0.005547	0.056760
11	0.433637	0.065859	0.293241	0.050251	0.028944	0.041434	0.028563	0.004813	0.053258
12	0.446506	0.066186	0.296504	0.045134	0.029254	0.036997	0.025030	0.004079	0.050310
13	0.459614	0.066030	0.299141	0.040191	0.029701	0.033002	0.021742	0.003599	0.046980
14	0.469977	0.066199	0.301817	0.036047	0.030014	0.029584	0.018766	0.003115	0.044481
15	0.480277	0.066134	0.303731	0.032496	0.030349	0.026221	0.016477	0.002703	0.041612
16	0.488937	0.066353	0.305392	0.029225	0.030827	0.023408	0.014140	0.002312	0.039406
17	0.497810	0.065747	0.306906	0.026171	0.031213	0.020793	0.012489	0.002023	0.036848
18	0.504747	0.065439	0.308347	0.023716	0.031742	0.018886	0.010697	0.001871	0.034555
19	0.511435	0.064797	0.309486	0.021595	0.032321	0.016872	0.009320	0.001577	0.032597
20	0.517730	0.064692	0.309731	0.019455	0.032884	0.015500	0.008005	0.001330	0.030673
21	0.522915	0.064528	0.310735	0.017657	0.033462	0.013762	0.006925	0.001145	0.028871
22	0.528133	0.064071	0.310908	0.016139	0.033996	0.012351	0.006057	0.001042	0.027303
23	0.532451	0.063374	0.311595	0.014618	0.034689	0.011247	0.005281	0.000900	0.025845
24	0.536700	0.063050	0.311869	0.013303	0.035097	0.010151	0.004629	0.000797	0.024404
25	0.539931	0.062313	0.312793	0.012251	0.035709	0.009240	0.004031	0.000664	0.023068
26	0.543003	0.061662	0.313402	0.011148	0.036387	0.008321	0.003559	0.000590	0.021928
27	0.545858	0.061469	0.313731	0.010283	0.036945	0.007572	0.003066	0.000496	0.020580
28	0.548535	0.060856	0.313440	0.009452	0.038027	0.006936	0.002793	0.000415	0.019546
29	0.551465	0.059912	0.313434	0.008662	0.038753	0.006447	0.002460	0.000385	0.018482
30	0.553294	0.059374	0.313759	0.008049	0.039376	0.005872	0.002153	0.000374	0.017749
31	0.555291	0.058763	0.313730	0.007524	0.040325	0.005416	0.001936	0.000315	0.016700
32	0.557823	0.057972	0.313079	0.007047	0.041112	0.005007	0.001702	0.000286	0.015972
33	0.559699	0.057426	0.313012	0.006411	0.041934	0.004630	0.001498	0.000261	0.015129
34	0.561225	0.056763	0.313127	0.005870	0.042842	0.004303	0.001307	0.000224	0.014339
35	0.563272	0.056161	0.312480	0.005352	0.043847	0.003993	0.001125	0.000211	0.013559
36	0.564815	0.055520	0.311622	0.005000	0.045296	0.003764	0.001065	0.000184	0.012734
37	0.565587	0.054985	0.311548	0.004671	0.046306	0.003469	0.000951	0.000153	0.012330
38	0.566077	0.054302	0.312145	0.004313	0.047066	0.003352	0.000836	0.000147	0.011762
39	0.566646	0.053636	0.311846	0.004058	0.048617	0.003080	0.000737	0.000122	0.011258
40	0.567514	0.052988	0.311621	0.003736	0.049581	0.002894	0.000637	0.000115	0.010914
41	0.567769	0.052678	0.311737	0.003523	0.050478	0.002732	0.000610	0.000096	0.010377
42	0.567680	0.052154	0.312039	0.003314	0.051677	0.002579	0.000503	0.000085	0.009969
43	0.568728	0.051558	0.311184	0.003116	0.052845	0.002461	0.000488	0.000076	0.009544
44	0.568557	0.050727	0.311756	0.002917	0.054184	0.002229	0.000394	0.000062	0.009174
45	0.569517	0.049908	0.310883	0.002794	0.055469	0.002164	0.000364	0.000065	0.008836
46	0.569537	0.049487	0.310715	0.002688	0.056669	0.002040	0.000334	0.000058	0.008472
47	0.569549	0.049077	0.310492	0.002477	0.057994	0.001915	0.000291	0.000052	0.008153
48	0.568798	0.048797	0.310632	0.002348	0.059537	0.001805	0.000281	0.000046	0.007756
49	0.569419	0.048195	0.309856	0.002281	0.060707	0.001695	0.000230	0.000047	0.007570
50	0.569081	0.047747	0.309937	0.002103	0.061800	0.001658	0.000232	0.000055	0.007387
51	0.568099	0.047386	0.310345	0.002027	0.063161	0.001573	0.000222	0.000045	0.007142
52	0.568386	0.046840	0.309391	0.001870	0.064863	0.001421	0.000195	0.000041	0.006993
53	0.567925	0.046161	0.309775	0.001849	0.066018	0.001387	0.000173	0.000044	0.006668
54	0.567592	0.045645	0.309449	0.001708	0.067585	0.001334	0.000162	0.000037	0.006488
55	0.567791	0.045157	0.308935	0.001640	0.068795	0.001246	0.000158	0.000031	0.006247
56	0.567375	0.044771	0.308525	0.001577	0.070346	0.001207	0.000133	0.000025	0.006041
57	0.567270	0.044370	0.308193	0.001436	0.071719	0.001151	0.000102	0.000022	0.005737
58	0.566476	0.043802	0.308461	0.001360	0.073213	0.001070	0.000096	0.000018	0.005504
59	0.565464	0.043395	0.308488	0.001319	0.074917	0.001022	0.000076	0.000019	0.005300
60	0.565693	0.042814	0.307656	0.001231	0.076409	0.000988	0.000080	0.000012	0.005117
61	0.565589	0.042204	0.306991	0.001189	0.077999	0.000977	0.000065	0.000013	0.004973
62	0.565507	0.041561	0.306371	0.001144	0.079656	0.000940	0.000067	0.000019	0.004735
63	0.564986	0.041489	0.305584	0.001117	0.081242	0.000889	0.000070	0.000011	0.004612
64	0.564629	0.040849	0.305433	0.001067	0.082695	0.000839	0.000064	0.000012	0.004412
65	0.564193	0.040119	0.305022	0.001051	0.084371	0.000804	0.000070	0.000012	0.004358
66	0.564062	0.039773	0.304096	0.001000	0.086070	0.000760	0.000055	0.000009	0.004175
67	0.563258	0.039402	0.304165	0.000964	0.087369	0.000722	0.000043	0.000011	0.004066
68	0.562437	0.038642	0.304007	0.000899	0.089345	0.000678	0.000040	0.000007	0.003945
69	0.561780	0.038153	0.303650	0.000875	0.090985	0.000673	0.000032	0.000006	0.003846
70	0.561137	0.037667	0.303305	0.000853	0.092654	0.000642	0.000034	0.000006	0.003702
71	0.560682	0.037135	0.302738	0.000868	0.094325	0.000615	0.000036	0.000001	0.003600
72	0.559624	0.036677	0.302757	0.000829	0.095907	0.000609	0.000029	0.000002	0.003566
73	0.557871	0.036413	0.302757	0.000818	0.098201	0.000597	0.000023	0.000001	0.003319
74	0.557192	0.035906	0.302269	0.000804	0.099881	0.000618	0.000022	0.000003	0.003305
75	0.555989	0.035579	0.301996	0.000739	0.101802	0.000578	0.000021	0.000002	0.003294
76	0.554876	0.035106	0.301948	0.000739	0.103534	0.000565	0.000020	0.000002	0.003210
77	0.553984	0.034748	0.301572	0.000712	0.105317	0.000507	0.000019	0.000002	0.003139
78	0.553275	0.034405	0.300993	0.000657	0.107116	0.000447	0.000013	0.000000	0.003094
79	0.552108	0.033798	0.300924	0.000653	0.108969	0.000461	0.000014	0.000000	0.003073
80	0.550847	0.033142	0.300990	0.000656	0.110868	0.000443	0.000013	0.000000	0.003041
81	0.550057	0.032780	0.300629	0.000621	0.112510	0.000427	0.000014	0.000000	0.002962
82	0.548848	0.032222	0.300682	0.000563	0.114359	0.000375	0.000011	0.000000	0.002940
83	0.547951	0.031811	0.300039	0.000537	0.116381	0.000366	0.000007	0.000000	0.002908
84	0.546844	0.031690	0.299261	0.000516	0.118460	0.000401	0.000006	0.000000	0.002822
85	0.545931	0.031431	0.298230	0.000496	0.120785	0.000372	0.000004	0.000000	0.002751
86	0.544851	0.031142	0.297327	0.000474	0.123193	0.000322	0.000003	0.000000	0.002688
87	0.544087	0.030706	0.296635	0.000500	0.125136	0.000295	0.000002	0.000000	0.002639
88	0.543024	0.030351	0.296132	0.000455	0.127242	0.000311	0.000004	0.000000	0.002481
89	0.541790	0.030170	0.295707	0.000437	0.129143	0.000302	0.000002	0.000000	0.002449
90	0.540725	0.029875	0.295168	0.000406	0.131168	0.000302	0.000003	0.000000	0.002353
91	0.539683	0.029620	0.294465	0.000400	0.133316	0.000306	0.000004	0.000000	0.002206
92	0.538602	0.029286	0.294176	0.000406	0.135004	0.000282	0.000004	0.000000	0.002240
93	0.537497	0.029112	0.293595	0.000392	0.136899	0.000271	0.000003	0.000000	0.002231
94	0.536016	0.028601	0.293255	0.000351	0.139303	0.000271	0.000002	0.000000	0.002201
95	0.535166	0.028341	0.292267	0.000378	0.141485	0.000255	0.000001	0.000000	0.002107
96	0.533769	0.027923	0.292496	0.000356	0.143167	0.000239	0.000000	0.000000	0.002050
97	0.532538	0.027570	0.292301	0.000365	0.144964	0.000229	0.000000	0.000000	0.002033
98	0.531233	0.027405	0.291546	0.000343	0.147204	0.000223	0.000000	0.000000	0.002046
99	0.530603	0.027249	0.290120	0.000358	0.149552	0.000215	0.000000	0.000000	0.001903
100	0.529823	0.026835	0.289312	0.000340	0.151595	0.000208	0.000000	0.000000	0.001887
101	0.528762	0.026722	0.288598	0.000315	0.153597	0.000196	0.000000	0.000000	0.001810
102	0.527534	0.025964	0.288618	0.000300	0.155645	0.000204	0.000000	0.000000	0.001735
103	0.526302	0.025718	0.288008	0.000312	0.157768	0.000186	0.000000	0.000000	0.001706
104	0.524893	0.025672	0.287167	0.000293	0.160107	0.000160	0.000000	0.000000	0.001708
105	0.523825	0.025140	0.286755	0.000276	0.162170	0.000151	0.000000	0.000000	0.001683
106	0.522755	0.024943	0.285770	0.000290	0.164485	0.000162	0.000000	0.000000	0.001595
107	0.521005	0.024691	0.285673	0.000294	0.166627	0.000155	0.000000	0.000000	0.001555
108	0.519682	0.024277	0.285350	0.000282	0.168755	0.000142	0.000000	0.000000	0.001512
109	0.518336	0.023905	0.285094	0.000262	0.170804	0.000141	0.000000	0.000000	0.001458
110	0.516858	0.023578	0.284274	0.000254	0.173467	0.000135	0.000000	0.000000	0.001434
111	0.514985	0.023334	0.284273	0.000256	0.175625	0.000119	0.000000	0.000000	0.001408
112	0.513424	0.023296	0.283377	0.000275	0.178160	0.000102	0.000000	0.000000	0.001366
113	0.512100	0.023024	0.282925	0.000272	0.180237	0.000103	0.000000	0.000000	0.001339
114	0.510622	0.022563	0.282472	0.000271	0.182706	0.000116	0.000000	0.000000	0.001250
115	0.509225	0.022448	0.281733	0.000256	0.184968	0.000113	0.000000	0.000000	0.001257
116	0.507838	0.022267	0.281019	0.000252	0.187306	0.000095	0.000000	0.000000	0.001223
117	0.506875	0.022078	0.280197	0.000251	0.189335	0.000104	0.000000	0.000000	0.001160
118	0.505532	0.021437	0.279928	0.000232	0.191651	0.000102	0.000000	0.000000	0.001118
119	0.503747	0.021286	0.279454	0.000215	0.194112	0.000077	0.000000	0.000000	0.001109
120	0.502285	0.021077	0.278590	0.000214	0.196698	0.000078	0.000000	0.000000	0.001058
121	0.501087	0.020796	0.277427	0.000217	0.199301	0.000089	0.000000	0.000000	0.001083
122	0.499071	0.020774	0.276651	0.000220	0.202112	0.000096	0.000000	0.000000	0.001076
123	0.497053	0.020510	0.276478	0.000214	0.204632	0.000093	0.000000	0.000000	0.001020
124	0.495878	0.019997	0.275435	0.000210	0.207364	0.000083	0.000000	0.000000	0.001033
125	0.494062	0.019883	0.274878	0.000204	0.209902	0.000079	0.000000	0.000000	0.000992
126	0.492390	0.019735	0.274246	0.000180	0.212448	0.000079	0.000000	0.000000	0.000922
127	0.490177	0.019542	0.274116	0.000196	0.214936	0.000074	0.000000	0.000000	0.000959
128	0.488533	0.019452	0.273226	0.000186	0.217555	0.000070	0.000000	0.000000	0.000978
129	0.486778	0.019237	0.272141	0.000188	0.220688	0.000067	0.000000	0.000000	0.000901
130	0.484876	0.019240	0.271703	0.000167	0.223051	0.000072	0.000000	0.000000	0.000891
131	0.483762	0.019034	0.270436	0.000171	0.225640	0.000068	0.000000	0.000000	0.000889
132	0.481593	0.018873	0.270149	0.000155	0.228329	0.000055	0.000000	0.000000	0.000846
133	0.479920	0.018757	0.269187	0.000161	0.231077	0.000059	0.000000	0.000000	0.000839
134	0.478566	0.018681	0.268047	0.000166	0.233632	0.000071	0.000000	0.000000	0.000837
135	0.477341	0.018443	0.266694	0.000169	0.236456	0.000065	0.000000	0.000000	0.000832
136	0.475659	0.018111	0.265763	0.000165	0.239409	0.000068	0.000000	0.000000	0.000825
137	0.474392	0.017973	0.264648	0.000173	0.241919	0.000077	0.000000	0.000000	0.000818
138	0.472958	0.017570	0.263737	0.000166	0.244702	0.000070	0.000000	0.000000	0.000797
139	0.471954	0.017344	0.262219	0.000153	0.247496	0.000067	0.000000	0.000000	0.000767
140	0.470061	0.017063	0.261768	0.000155	0.250139	0.000054	0.000000	0.000000	0.000760
141	0.468507	0.016965	0.260486	0.000136	0.253091	0.000051	0.000000	0.000000	0.000764
142	0.466134	0.016918	0.260036	0.000143	0.255978	0.000052	0.000000	0.000000	0.000739
143	0.464770	0.016572	0.259185	0.000137	0.258546	0.000060	0.000000	0.000000	0.000730
144	0.462954	0.016473	0.258187	0.000142	0.261433	0.000058	0.000000	0.000000	0.000753
145	0.460929	0.016208	0.257494	0.000112	0.264482	0.000062	0.000000	0.000000	0.000713
146	0.459111	0.016024	0.256530	0.000139	0.267411	0.000058	0.000000	0.000000	0.000727
147	0.458115	0.015771	0.255190	0.000127	0.270038	0.000070	0.000000	0.000000	0.000689
148	0.456369	0.015482	0.254302	0.000123	0.272914	0.000080	0.000000	0.000000	0.000730
149	0.454173	0.015225	0.253755	0.000134	0.275935	0.000071	0.000000	0.000000	0.000707
150	0.452453	0.014975	0.252767	0.000140	0.278880	0.000074	0.000000	0.000000	0.000711
151	0.450374	0.014733	0.252152	0.000134	0.281782	0.000082	0.000000	0.000000	0.000743
152	0.449091	0.014674	0.250655	0.000132	0.284651	0.000080	0.000000	0.000000	0.000717
153	0.447159	0.014370	0.250076	0.000123	0.287497	0.000063	0.000000	0.000000	0.000712
154	0.445799	0.014248	0.248982	0.000131	0.290051	0.000067	0.000000	0.000000	0.000722
155	0.443883	0.014070	0.248195	0.000120	0.292963	0.000067	0.000000	0.000000	0.000702
156	0.441468	0.013976	0.247481	0.000122	0.296193	0.000060	0.000000	0.000000	0.000700
157	0.439945	0.013811	0.246550	0.000129	0.298875	0.000051	0.000000	0.000000	0.000639
158	0.438059	0.013622	0.245489	0.000128	0.301975	0.000052	0.000000	0.000000	0.000675
159	0.435507	0.013624	0.245108	0.000123	0.304921	0.000052	0.000000	0.000000	0.000665
160	0.433613	0.013500	0.244167	0.000114	0.307892	0.000044	0.000000	0.000000	0.000670
161	0.431804	0.013373	0.243472	0.000116	0.310597	0.000039	0.000000	0.000000	0.000599
162	0.430524	0.013241	0.242106	0.000115	0.313381	0.000041	0.000000	0.000000	0.000592
163	0.428271	0.012934	0.241343	0.000114	0.316640	0.000048	0.000000	0.000000	0.000650
164	0.427064	0.012737	0.240039	0.000110	0.319404	0.000035	0.000000	0.000000	0.000611
165	0.425639	0.012526	0.238697	0.000106	0.322363	0.000037	0.000000	0.000000	0.000632
166	0.423794	0.012356	0.238058	0.000107	0.325011	0.000039	0.000000	0.000000	0.000635
167	0.421787	0.012104	0.236977	0.000099	0.328356	0.000040	0.000000	0.000000	0.000637
168	0.419716	0.011953	0.236347	0.000094	0.331265	0.000031	0.000000	0.000000	0.000594
169	0.418546	0.011812	0.234683	0.000085	0.334222	0.000034	0.000000	0.000000	0.000618
170	0.416589	0.011704	0.234091	0.000085	0.336905	0.000041	0.000000	0.000000	0.000585
171	0.414803	0.011519	0.233060	0.000085	0.339901	0.000038	0.000000	0.000000	0.000594
172	0.412399	0.011463	0.232004	0.000086	0.343376	0.000033	0.000000	0.000000	0.000639
173	0.409955	0.011258	0.231454	0.000079	0.346606	0.000034	0.000000	0.000000	0.000614
174	0.408305	0.011049	0.230352	0.000088	0.349533	0.000039	0.000000	0.000000	0.000634
175	0.406094	0.010975	0.229647	0.000097	0.352562	0.000027	0.000000	0.000000	0.000598
176	0.404673	0.010915	0.228017	0.000113	0.355650	0.000032	0.000000	0.000000	0.000600
177	0.402849	0.010711	0.226793	0.000120	0.358941	0.000026	0.000000	0.000000	0.000560
178	0.401475	0.010489	0.225303	0.000116	0.362021	0.000031	0.000000	0.000000	0.000565
179	0.399174	0.010350	0.224274	0.000140	0.365487	0.000021	0.000000	0.000000	0.000554
180	0.397955	0.010313	0.222813	0.000119	0.368209	0.000026	0.000000	0.000000	0.000565
181	0.396323	0.010188	0.221350	0.000116	0.371467	0.000029	0.000000	0.000000	0.000527
182	0.394356	0.009913	0.220650	0.000119	0.374440	0.000022	0.000000	0.000000	0.000500
183	0.392000	0.009893	0.219680	0.000124	0.377787	0.000022	0.000000	0.000000	0.000494
184	0.390177	0.009692	0.218105	0.000131	0.381397	0.000015	0.000000	0.000000	0.000483
185	0.388321	0.009600	0.216815	0.000141	0.384634	0.000018	0.000000	0.000000	0.000471
186	0.386359	0.009374	0.215919	0.000135	0.387756	0.000021	0.000000	0.000000	0.000436
187	0.385058	0.009177	0.214443	0.000137	0.390728	0.000020	0.000000	0.000000	0.000437
188	0.383451	0.009175	0.213304	0.000144	0.393503	0.000016	0.000000	0.000000	0.000407
189	0.381384	0.008961	0.212263	0.000146	0.396837	0.000017	0.000000	0.000000	0.000392
190	0.378760	0.008896	0.211470	0.000140	0.400334	0.000009	0.000000	0.000000	0.000391
191	0.376911	0.008677	0.210760	0.000143	0.403121	0.000015	0.000000	0.000000	0.000373
192	0.374854	0.008703	0.209675	0.000147	0.406233	0.000014	0.000000	0.000000	0.000374
193	0.372299	0.008705	0.209008	0.000153	0.409444	0.000020	0.000000	0.000000	0.000371
194	0.370412	0.008571	0.207814	0.000157	0.412649	0.000027	0.000000	0.000000	0.000370
195	0.368476	0.008469	0.206744	0.000154	0.415740	0.000031	0.000000	0.000000	0.000386
196	0.366673	0.008311	0.205467	0.000146	0.419019	0.000026	0.000000	0.000000	0.000358
197	0.364649	0.008217	0.204340	0.000140	0.422279	0.000021	0.000000	0.000000	0.000354
198	0.362286	0.008024	0.203563	0.000114	0.425642	0.000025	0.000000	0.000000	0.000346
199	0.360289	0.007818	0.202591	0.000118	0.428819	0.000022	0.000000	0.000000	0.000343
200	0.358810	0.007648	0.201308	0.000118	0.431761	0.000028	0.000000	0.000000	0.000327
201	0.356576	0.007463	0.200152	0.000102	0.435370	0.000031	0.000000	0.000000	0.000306
202	0.354871	0.007412	0.199180	0.000104	0.438099	0.000036	0.000000	0.000000	0.000298
203	0.353147	0.007219	0.198272	0.000106	0.440928	0.000036	0.000000	0.000000	0.000292
204	0.350617	0.007087	0.197928	0.000113	0.443921	0.000037	0.000000	0.000000	0.000297
205	0.349198	0.007089	0.196119	0.000106	0.447146	0.000036	0.000000	0.000000	0.000306
206	0.347007	0.006943	0.195398	0.000097	0.450255	0.000028	0.000000	0.000000	0.000272
207	0.345663	0.006763	0.193704	0.000095	0.453454	0.000030	0.000000	0.000000	0.000291
208	0.343606	0.006712	0.192881	0.000108	0.456398	0.000029	0.000000	0.000000	0.000266
209	0.341826	0.006573	0.191881	0.000106	0.459329	0.000036	0.000000	0.000000	0.000249
210	0.339552	0.006432	0.190885	0.000111	0.462748	0.000033	0.000000	0.000000	0.000239
211	0.337706	0.006485	0.189387	0.000108	0.466031	0.000032	0.000000	0.000000	0.000251
212	0.335927	0.006401	0.188259	0.000107	0.469050	0.000033	0.000000	0.000000	0.000223
213	0.333997	0.006292	0.186953	0.000114	0.472377	0.000033	0.000000	0.000000	0.000234
214	0.331966	0.006301	0.185685	0.000122	0.475640	0.000033	0.000000	0.000000	0.000253
215	0.330116	0.006223	0.184787	0.000128	0.478472	0.000042	0.000000	0.000000	0.000232
216	0.328446	0.006182	0.183436	0.000128	0.481570	0.000028	0.000000	0.000000	0.000210
217	0.326461	0.006042	0.182462	0.000126	0.484641	0.000041	0.000000	0.000000	0.000227
218	0.324425	0.005914	0.181265	0.000118	0.488021	0.000044	0.000000	0.000000	0.000213
219	0.322170	0.005846	0.180557	0.000115	0.491073	0.000038	0.000000	0.000000	0.000201
220	0.320382	0.005716	0.179353	0.000113	0.494175	0.000037	0.000000	0.000000	0.000224
221	0.318243	0.005711	0.178359	0.000098	0.497321	0.000037	0.000000	0.000000	0.000231
222	0.316142	0.005687	0.177304	0.000083	0.500529	0.000037	0.000000	0.000000	0.000218
223	0.314675	0.005607	0.175551	0.000084	0.503819	0.000044	0.000000	0.000000	0.000220
224	0.312727	0.005619	0.174636	0.000106	0.506678	0.000050	0.000000	0.000000	0.000184
225	0.310727	0.005568	0.173635	0.000105	0.509715	0.000052	0.000000	0.000000	0.000198
226	0.308909	0.005500	0.172589	0.000109	0.512632	0.000047	0.000000	0.000000	0.000214
227	0.307030	0.005437	0.171157	0.000097	0.516024	0.000051	0.000000	0.000000	0.000204
228	0.305645	0.005367	0.169849	0.000096	0.518815	0.000050	0.000000	0.000000	0.000178
229	0.303949	0.005197	0.168850	0.000094	0.521713	0.000039	0.000000	0.000000	0.000158
230	0.301839	0.005088	0.168014	0.000090	0.524780	0.000039	0.000000	0.000000	0.000150
231	0.299680	0.004931	0.167262	0.000092	0.527816	0.000041	0.000000	0.000000	0.000178
232	0.298130	0.004854	0.165953	0.000082	0.530757	0.000047	0.000000	0.000000	0.000177
233	0.295782	0.004857	0.165023	0.000085	0.534049	0.000042	0.000000	0.000000	0.000162
234	0.293453	0.004702	0.164446	0.000080	0.537100	0.000046	0.000000	0.000000	0.000173
235	0.291235	0.004703	0.163206	0.000076	0.540559	0.000042	0.000000	0.000000	0.000179
236	0.289289	0.004590	0.162638	0.000074	0.543204	0.000042	0.000000	0.000000	0.000163
237	0.287955	0.004504	0.161446	0.000079	0.545798	0.000055	0.000000	0.000000	0.000163
238	0.285377	0.004486	0.160574	0.000079	0.549254	0.000053	0.000000	0.000000	0.000177
239	0.282413	0.004408	0.160690	0.000077	0.552200	0.000036	0.000000	0.000000	0.000176
240	0.280413	0.004295	0.159680	0.000082	0.555301	0.000045	0.000000	0.000000	0.000184
241	0.278847	0.004223	0.158415	0.000093	0.558191	0.000042	0.000000	0.000000	0.000189
242	0.276855	0.004282	0.157480	0.000087	0.561061	0.000042	0.000000	0.000000	0.000193
243	0.274719	0.004207	0.156531	0.000098	0.564245	0.000036	0.000000	0.000000	0.000164
244	0.272720	0.004164	0.155305	0.000100	0.567497	0.000036	0.000000	0.000000	0.000178
245	0.271023	0.004187	0.154582	0.000098	0.569915	0.000033	0.000000	0.000000	0.000162
246	0.269009	0.004061	0.153653	0.000099	0.572982	0.000031	0.000000	0.000000	0.000165
247	0.266798	0.004000	0.152872	0.000107	0.576027	0.000024	0.000000	0.000000	0.000172
248	0.264932	0.003971	0.151968	0.000104	0.578823	0.000025	0.000000	0.000000	0.000177
249	0.263101	0.003922	0.151012	0.000115	0.581657	0.000025	0.000000	0.000000	0.000168
250	0.260846	0.003840	0.150201	0.000114	0.584809	0.000033	0.000000	0.000000	0.000157
251	0.258349	0.003833	0.149526	0.000116	0.587994	0.000029	0.000000	0.000000	0.000153
252	0.255958	0.003888	0.148925	0.000124	0.590902	0.000028	0.000000	0.000000	0.000175
253	0.253756	0.003725	0.148314	0.000134	0.593889	0.000029	0.000000	0.000000	0.000153
254	0.252012	0.003661	0.146992	0.000125	0.597015	0.000033	0.000000	0.000000	0.000162
255	0.250376	0.003594	0.146066	0.000119	0.599678	0.000031	0.000000	0.000000	0.000136
256	0.248203	0.003553	0.145286	0.000119	0.602675	0.000032	0.000000	0.000000	0.000132
257	0.246793	0.003466	0.144428	0.000125	0.605018	0.000026	0.000000	0.000000	0.000144
258	0.245069	0.003355	0.143437	0.000128	0.607841	0.000026	0.000000	0.000000	0.000144
259	0.243195	0.003350	0.142310	0.000125	0.610851	0.000029	0.000000	0.000000	0.000140
260	0.241429	0.003325	0.141386	0.000138	0.613570	0.000029	0.000000	0.000000	0.000123
261	0.239601	0.003323	0.140259	0.000134	0.616544	0.000025	0.000000	0.000000	0.000114
262	0.237481	0.003359	0.139270	0.000157	0.619607	0.000029	0.000000	0.000000	0.000097
263	0.235859	0.003351	0.138013	0.000145	0.622493	0.000030	0.000000	0.000000	0.000109
264	0.233834	0.003271	0.136761	0.000134	0.625886	0.000027	0.000000	0.000000	0.000087
265	0.232233	0.003240	0.135495	0.000135	0.628781	0.000032	0.000000	0.000000	0.000084
266	0.230422	0.003176	0.134583	0.000141	0.631568	0.000036	0.000000	0.000000	0.000074
267	0.228867	0.003157	0.133410	0.000148	0.634301	0.000039	0.000000	0.000000	0.000078
268	0.227193	0.003072	0.132199	0.000142	0.637282	0.000039	0.000000	0.000000	0.000073
269	0.225866	0.003040	0.131329	0.000154	0.639505	0.000033	0.000000	0.000000	0.000073
270	0.224311	0.003055	0.130100	0.000146	0.642286	0.000030	0.000000	0.000000	0.000072
271	0.222530	0.003026	0.129297	0.000150	0.644904	0.000025	0.000000	0.000000	0.000068
272	0.220907	0.002992	0.128022	0.000144	0.647837	0.000022	0.000000	0.000000	0.000076
273	0.219150	0.002979	0.127210	0.000142	0.650426	0.000021	0.000000	0.000000	0.000072
274	0.217205	0.002920	0.126372	0.000149	0.653263	0.000022	0.000000	0.000000	0.000069
275	0.215308	0.002970	0.125932	0.000147	0.655559	0.000018	0.000000	0.000000	0.000066
276	0.213699	0.002950	0.124931	0.000148	0.658183	0.000022	0.000000	0.000000	0.000067
277	0.212380	0.002885	0.123786	0.000137	0.660724	0.000019	0.000000	0.000000	0.000069
278	0.210983	0.002833	0.122814	0.000134	0.663144	0.000021	0.000000	0.000000	0.000071
279	0.209235	0.002784	0.121987	0.000136	0.665769	0.000023	0.000000	0.000000	0.000066
280	0.207292	0.002681	0.121221	0.000132	0.668594	0.000019	0.000000	0.000000	0.000061
281	0.205636	0.002634	0.120516	0.000131	0.671005	0.000017	0.000000	0.000000	0.000061
282	0.203875	0.002608	0.119903	0.000124	0.673422	0.000018	0.000000	0.000000	0.000050
283	0.202471	0.002582	0.118832	0.000107	0.675948	0.000012	0.000000	0.000000	0.000048
284	0.201009	0.002556	0.117952	0.000099	0.678326	0.000010	0.000000	0.000000	0.000048
285	0.198945	0.002542	0.117173	0.000091	0.681190	0.000017	0.000000	0.000000	0.000042
286	0.197531	0.002506	0.116127	0.000088	0.683695	0.000016	0.000000	0.000000	0.000037
287	0.195574	0.002515	0.115157	0.000101	0.686606	0.000014	0.000000	0.000000	0.000033
288	0.193831	0.002405	0.114327	0.000096	0.689279	0.000020	0.000000	0.000000	0.000042
289	0.192329	0.002345	0.113471	0.000097	0.691694	0.000020	0.000000	0.000000	0.000044
290	0.190531	0.002325	0.112896	0.000104	0.694087	0.000021	0.000000	0.000000	0.000036
291	0.189173	0.002301	0.111852	0.000100	0.696503	0.000025	0.000000	0.000000	0.000046
292	0.187670	0.002270	0.110592	0.000090	0.699309	0.000025	0.000000	0.000000	0.000044
293	0.186556	0.002175	0.109544	0.000098	0.701561	0.000028	0.000000	0.000000	0.000038
294	0.185095	0.002131	0.108655	0.000096	0.703956	0.000024	0.000000	0.000000	0.000043
295	0.183222	0.002131	0.107887	0.000102	0.706591	0.000028	0.000000	0.000000	0.000039
296	0.181645	0.002040	0.107166	0.000105	0.708978	0.000030	0.000000	0.000000	0.000036
297	0.180380	0.002007	0.106076	0.000119	0.711357	0.000024	0.000000	0.000000	0.000037
298	0.178676	0.001978	0.105235	0.000115	0.713940	0.000018	0.000000	0.000000	0.000038
299	0.177109	0.001919	0.104485	0.000112	0.716319	0.000027	0.000000	0.000000	0.000029
300	0.175899	0.001905	0.103432	0.000109	0.718600	0.000019	0.000000	0.000000	0.000036
301	0.174360	0.001954	0.102623	0.000105	0.720910	0.000015	0.000000	0.000000	0.000033
302	0.172830	0.001904	0.101700	0.000096	0.723437	0.000009	0.000000	0.000000	0.000024
303	0.171320	0.001885	0.100621	0.000103	0.726033	0.000012	0.000000	0.000000	0.000026
304	0.169723	0.001809	0.100106	0.000115	0.728221	0.000010	0.000000	0.000000	0.000016
305	0.167923	0.001767	0.099443	0.000114	0.730729	0.000011	0.000000	0.000000	0.000013
306	0.166340	0.001710	0.098742	0.000120	0.733058	0.000016	0.000000	0.000000	0.000014
307	0.164885	0.001707	0.097826	0.000116	0.735440	0.000015	0.000000	0.000000	0.000011
308	0.163099	0.001682	0.097012	0.000119	0.738063	0.000017	0.000000	0.000000	0.000008
309	0.161943	0.001657	0.096064	0.000126	0.740180	0.000022	0.000000	0.000000	0.000008
310	0.160668	0.001620	0.094932	0.000117	0.742631	0.000022	0.000000	0.000000	0.000010
311	0.159224	0.001592	0.094068	0.000132	0.744948	0.000025	0.000000	0.000000	0.000011
312	0.157770	0.001548	0.093456	0.000124	0.747070	0.000022	0.000000	0.000000	0.000010
313	0.156483	0.001507	0.092802	0.000106	0.749075	0.000019	0.000000	0.000000	0.000008
314	0.154669	0.001504	0.091939	0.000113	0.751752	0.000015	0.000000	0.000000	0.000008
315	0.153425	0.001493	0.091245	0.000110	0.753711	0.000014	0.000000	0.000000	0.000002
316	0.151925	0.001472	0.090338	0.000106	0.756141	0.000010	0.000000	0.000000	0.000008
317	0.150858	0.001413	0.089577	0.000110	0.758019	0.000017	0.000000	0.000000	0.000006
318	0.149573	0.001336	0.088932	0.000104	0.760042	0.000008	0.000000	0.000000	0.000005
319	0.148108	0.001272	0.088112	0.000110	0.762381	0.000013	0.000000	0.000000	0.000004
320	0.146742	0.001256	0.087280	0.000116	0.764586	0.000013	0.000000	0.000000	0.000007
321	0.145356	0.001222	0.086501	0.000105	0.766799	0.000015	0.000000	0.000000	0.000002
322	0.143888	0.001226	0.085803	0.000108	0.768956	0.000013	0.000000	0.000000	0.000006
323	0.142820	0.001219	0.084510	0.000096	0.771333	0.000016	0.000000	0.000000	0.000006
324	0.141431	0.001200	0.083952	0.000106	0.773298	0.000010	0.000000	0.000000	0.000003
325	0.140135	0.001126	0.083237	0.000096	0.775387	0.000013	0.000000	0.000000	0.000006
326	0.138974	0.001159	0.082350	0.000103	0.777391	0.000018	0.000000	0.000000	0.000005
327	0.137671	0.001151	0.081690	0.000102	0.779376	0.000010	0.000000	0.000000	0.000000
328	0.135894	0.001151	0.081204	0.000105	0.781638	0.000007	0.000000	0.000000	0.000001
329	0.134857	0.001125	0.080414	0.000107	0.783492	0.000005	0.000000	0.000000	0.000000
330	0.133573	0.001134	0.079669	0.000103	0.785513	0.000008	0.000000	0.000000	0.000000
331	0.132401	0.001107	0.078674	0.000096	0.787716	0.000006	0.000000	0.000000	0.000000
332	0.131125	0.001067	0.077961	0.000086	0.789753	0.000008	0.000000	0.000000	0.000000
333	0.129615	0.001072	0.077490	0.000084	0.791730	0.000009	0.000000	0.000000	0.000000
334	0.128423	0.001006	0.076746	0.000079	0.793739	0.000007	0.000000	0.000000	0.000000
335	0.127350	0.000996	0.075947	0.000090	0.795613	0.000004	0.000000	0.000000	0.000000
336	0.126090	0.000986	0.075011	0.000085	0.797822	0.000006	0.000000	0.000000	0.000000
337	0.124584	0.000958	0.074579	0.000100	0.799771	0.000008	0.000000	0.000000	0.000000
338	0.123839	0.000976	0.073453	0.000104	0.801619	0.000009	0.000000	0.000000	0.000000
339	0.122673	0.000951	0.072774	0.000119	0.803477	0.000006	0.000000	0.000000	0.000000
340	0.121587	0.000967	0.072058	0.000128	0.805253	0.000007	0.000000	0.000000	0.000000
341	0.120077	0.000993	0.071440	0.000145	0.807339	0.000006	0.000000	0.000000	0.000000
342	0.118827	0.000941	0.070620	0.000156	0.809452	0.000004	0.000000	0.000000	0.000000
343	0.117478	0.000995	0.070180	0.000155	0.811189	0.000003	0.000000	0.000000	0.000000
344	0.116270	0.000962	0.069617	0.000161	0.812985	0.000005	0.000000	0.000000	0.000000
345	0.115028	0.000937	0.068885	0.000167	0.814978	0.000005	0.000000	0.000000	0.000000
346	0.113901	0.000872	0.068264	0.000180	0.816777	0.000006	0.000000	0.000000	0.000000
347	0.112492	0.000865	0.067559	0.000176	0.818899	0.000009	0.000000	0.000000	0.000000
348	0.111616	0.000858	0.066759	0.000170	0.820592	0.000005	0.000000	0.000000	0.000000
349	0.110620	0.000821	0.066075	0.000177	0.822304	0.000003	0.000000	0.000000	0.000000
350	0.109780	0.000817	0.065282	0.000190	0.823929	0.000002	0.000000	0.000000	0.000000
351	0.108802	0.000777	0.064483	0.000179	0.825758	0.000001	0.000000	0.000000	0.000000
352	0.107542	0.000761	0.063725	0.000186	0.827782	0.000004	0.000000	0.000000	0.000000
353	0.106477	0.000742	0.062840	0.000177	0.829761	0.000003	0.000000	0.000000	0.000000
354	0.105495	0.000727	0.062217	0.000171	0.831387	0.000003	0.000000	0.000000	0.000000
355	0.104408	0.000762	0.061470	0.000173	0.833187	0.000000	0.000000	0.000000	0.000000
356	0.103194	0.000736	0.060861	0.000167	0.835040	0.000002	0.000000	0.000000	0.000000
357	0.101915	0.000706	0.060586	0.000167	0.836626	0.000000	0.000000	0.000000	0.000000
358	0.100960	0.000734	0.059784	0.000166	0.838356	0.000000	0.000000	0.000000	0.000000
359	0.099835	0.000693	0.059121	0.000171	0.840180	0.000000	0.000000	0.000000	0.000000
360	0.098768	0.000678	0.058473	0.000175	0.841906	0.000000	0.000000	0.000000	0.000000
361	0.097743	0.000678	0.057981	0.000177	0.843421	0.000000	0.000000	0.000000	0.000000
362	0.096728	0.000655	0.057441	0.000184	0.844992	0.000000	0.000000	0.000000	0.000000
363	0.095710	0.000658	0.056631	0.000193	0.846808	0.000000	0.000000	0.000000	0.000000
364	0.094712	0.000622	0.056177	0.000206	0.848283	0.000000	0.000000	0.000000	0.000000
365	0.093794	0.000649	0.055523	0.000212	0.849822	0.000000	0.000000	0.000000	0.000000
366	0.092826	0.000661	0.054965	0.000207	0.851341	0.000000	0.000000	0.000000	0.000000
367	0.091911	0.000663	0.054659	0.000206	0.852561	0.000000	0.000000	0.000000	0.000000
368	0.090907	0.000638	0.054087	0.000210	0.854158	0.000000	0.000000	0.000000	0.000000
369	0.089914	0.000645	0.053640	0.000226	0.855575	0.000000	0.000000	0.000000	0.000000
370	0.089133	0.000646	0.053033	0.000208	0.856980	0.000000	0.000000	0.000000	0.000000
371	0.088347	0.000645	0.052458	0.000220	0.858330	0.000000	0.000000	0.000000	0.000000
372	0.087210	0.000630	0.052161	0.000194	0.859805	0.000000	0.000000	0.000000	0.000000
373	0.086226	0.000610	0.051593	0.000217	0.861354	0.000000	0.000000	0.000000	0.000000
374	0.085307	0.000615	0.050974	0.000216	0.862888	0.000000	0.000000	0.000000	0.000000
375	0.084240	0.000583	0.050414	0.000216	0.864547	0.000000	0.000000	0.000000	0.000000
376	0.083259	0.000592	0.049864	0.000225	0.866060	0.000000	0.000000	0.000000	0.000000
377	0.082216	0.000611	0.049215	0.000213	0.867745	0.000000	0.000000	0.000000	0.000000
378	0.081328	0.000592	0.048593	0.000216	0.869271	0.000000	0.000000	0.000000	0.000000
379	0.080305	0.000581	0.048035	0.000222	0.870857	0.000000	0.000000	0.000000	0.000000
380	0.079610	0.000546	0.047293	0.000217	0.872334	0.000000	0.000000	0.000000	0.000000
381	0.078688	0.000555	0.046953	0.000217	0.873587	0.000000	0.000000	0.000000	0.000000
382	0.077864	0.000539	0.046355	0.000235	0.875007	0.000000	0.000000	0.000000	0.000000
383	0.076804	0.000527	0.046043	0.000238	0.876388	0.000000	0.000000	0.000000	0.000000
384	0.076012	0.000532	0.045450	0.000226	0.877780	0.000000	0.000000	0.000000	0.000000
385	0.074922	0.000519	0.045034	0.000226	0.879299	0.000000	0.000000	0.000000	0.000000
386	0.073995	0.000526	0.044470	0.000215	0.880794	0.000000	0.000000	0.000000	0.000000
387	0.073083	0.000493	0.044019	0.000221	0.882184	0.000000	0.000000	0.000000	0.000000
388	0.072315	0.000468	0.043492	0.000234	0.883491	0.000000	0.000000	0.000000	0.000000
389	0.071270	0.000469	0.043168	0.000243	0.884850	0.000000	0.000000	0.000000	0.000000
390	0.070490	0.000449	0.042599	0.000227	0.886235	0.000000	0.000000	0.000000	0.000000
391	0.069580	0.000442	0.042126	0.000230	0.887622	0.000000	0.000000	0.000000	0.000000
392	0.068953	0.000433	0.041440	0.000219	0.888955	0.000000	0.000000	0.000000	0.000000
393	0.068203	0.000433	0.040811	0.000211	0.890342	0.000000	0.000000	0.000000	0.000000
394	0.067485	0.000445	0.040412	0.000205	0.891453	0.000000	0.000000	0.000000	0.000000
395	0.066716	0.000418	0.039932	0.000197	0.892737	0.000000	0.000000	0.000000	0.000000
396	0.065908	0.000415	0.039386	0.000197	0.894094	0.000000	0.000000	0.000000	0.000000
397	0.065145	0.000421	0.039097	0.000194	0.895143	0.000000	0.000000	0.000000	0.000000
398	0.064471	0.000426	0.038553	0.000189	0.896361	0.000000	0.000000	0.000000	0.000000
399	0.063712	0.000397	0.037912	0.000180	0.897799	0.000000	0.000000	0.000000	0.000000
400	0.063119	0.000396	0.037477	0.000182	0.898826	0.000000	0.000000	0.000000	0.000000
401	0.062245	0.000397	0.036995	0.000171	0.900192	0.000000	0.000000	0.000000	0.000000
402	0.061532	0.000372	0.036549	0.000169	0.901378	0.000000	0.000000	0.000000	0.000000
403	0.060654	0.000378	0.036259	0.000176	0.902533	0.000000	0.000000	0.000000	0.000000
404	0.059600	0.000373	0.036139	0.000187	0.903701	0.000000	0.000000	0.000000	0.000000
405	0.058767	0.000375	0.035599	0.000176	0.905083	0.000000	0.000000	0.000000	0.000000
406	0.058089	0.000355	0.035134	0.000181	0.906241	0.000000	0.000000	0.000000	0.000000
407	0.057482	0.000353	0.034823	0.000173	0.907169	0.000000	0.000000	0.000000	0.000000
408	0.056894	0.000358	0.034436	0.000171	0.908141	0.000000	0.000000	0.000000	0.000000
409	0.056103	0.000360	0.034043	0.000162	0.909332	0.000000	0.000000	0.000000	0.000000
410	0.055611	0.000353	0.033384	0.000161	0.910491	0.000000	0.000000	0.000000	0.000000
411	0.054880	0.000329	0.033108	0.000174	0.911509	0.000000	0.000000	0.000000	0.000000
412	0.054260	0.000325	0.032572	0.000171	0.912672	0.000000	0.000000	0.000000	0.000000
413	0.053690	0.000306	0.032045	0.000156	0.913803	0.000000	0.000000	0.000000	0.000000
414	0.053288	0.000290	0.031675	0.000158	0.914589	0.000000	0.000000	0.000000	0.000000
415	0.052365	0.000281	0.031544	0.000164	0.915646	0.000000	0.000000	0.000000	0.000000
416	0.051695	0.000299	0.031166	0.000155	0.916685	0.000000	0.000000	0.000000	0.000000
417	0.050890	0.000314	0.030872	0.000163	0.917761	0.000000	0.000000	0.000000	0.000000
418	0.050376	0.000297	0.030526	0.000154	0.918647	0.000000	0.000000	0.000000	0.000000
419	0.049616	0.000291	0.030216	0.000158	0.919719	0.000000	0.000000	0.000000	0.000000
420	0.049114	0.000323	0.029718	0.000154	0.920691	0.000000	0.000000	0.000000	0.000000
421	0.048320	0.000290	0.029547	0.000160	0.921683	0.000000	0.000000	0.000000	0.000000
422	0.047828	0.000293	0.029063	0.000163	0.922653	0.000000	0.000000	0.000000	0.000000
423	0.047178	0.000279	0.028709	0.000158	0.923676	0.000000	0.000000	0.000000	0.000000
424	0.046551	0.000292	0.028390	0.000160	0.924607	0.000000	0.000000	0.000000	0.000000
425	0.045921	0.000278	0.027868	0.000164	0.925769	0.000000	0.000000	0.000000	0.000000
426	0.045427	0.000271	0.027516	0.000167	0.926619	0.000000	0.000000	0.000000	0.000000
427	0.044854	0.000247	0.027137	0.000171	0.927591	0.000000	0.000000	0.000000	0.000000
428	0.044390	0.000238	0.026720	0.000163	0.928489	0.000000	0.000000	0.000000	0.000000
429	0.043673	0.000239	0.026605	0.000171	0.929312	0.000000	0.000000	0.000000	0.000000
430	0.043140	0.000223	0.026288	0.000172	0.930177	0.000000	0.000000	0.000000	0.000000
431	0.042622	0.000216	0.025902	0.000177	0.931083	0.000000	0.000000	0.000000	0.000000
432	0.041953	0.000223	0.025693	0.000173	0.931958	0.000000	0.000000	0.000000	0.000000
433	0.041450	0.000227	0.025242	0.000193	0.932888	0.000000	0.000000	0.000000	0.000000
434	0.040926	0.000218	0.024866	0.000188	0.933802	0.000000	0.000000	0.000000	0.000000
435	0.040406	0.000204	0.024492	0.000199	0.934699	0.000000	0.000000	0.000000	0.000000
436	0.039702	0.000198	0.024203	0.000185	0.935712	0.000000	0.000000	0.000000	0.000000
437	0.039157	0.000209	0.024010	0.000184	0.936440	0.000000	0.000000	0.000000	0.000000
438	0.038611	0.000231	0.023518	0.000173	0.937467	0.000000	0.000000	0.000000	0.000000
439	0.038141	0.000202	0.023130	0.000184	0.938343	0.000000	0.000000	0.000000	0.000000
440	0.037431	0.000185	0.022791	0.000183	0.939410	0.000000	0.000000	0.000000	0.000000
441	0.036874	0.000175	0.022580	0.000190	0.940181	0.000000	0.000000	0.000000	0.000000
442	0.036353	0.000175	0.022317	0.000202	0.940953	0.000000	0.000000	0.000000	0.000000
443	0.035877	0.000165	0.021945	0.000212	0.941801	0.000000	0.000000	0.000000	0.000000
444	0.035571	0.000155	0.021701	0.000207	0.942366	0.000000	0.000000	0.000000	0.000000
445	0.035071	0.000161	0.021430	0.000199	0.943139	0.000000	0.000000	0.000000	0.000000
446	0.034366	0.000159	0.021264	0.000185	0.944026	0.000000	0.000000	0.000000	0.000000
447	0.033860	0.000147	0.021049	0.000174	0.944770	0.000000	0.000000	0.000000	0.000000
448	0.033511	0.000141	0.020603	0.000176	0.945569	0.000000	0.000000	0.000000	0.000000
449	0.033004	0.000134	0.020499	0.000171	0.946192	0.000000	0.000000	0.000000	0.000000
450	0.032503	0.000131	0.020191	0.000162	0.947013	0.000000	0.000000	0.000000	0.000000
451	0.032026	0.000122	0.020080	0.000160	0.947612	0.000000	0.000000	0.000000	0.000000
452	0.031640	0.000113	0.019746	0.000158	0.948343	0.000000	0.000000	0.000000	0.000000
453	0.031176	0.000096	0.019693	0.000160	0.948875	0.000000	0.000000	0.000000	0.000000
454	0.030807	0.000089	0.019376	0.000149	0.949579	0.000000	0.000000	0.000000	0.000000
455	0.030291	0.000080	0.019206	0.000136	0.950287	0.000000	0.000000	0.000000	0.000000
456	0.029932	0.000085	0.018920	0.000140	0.950923	0.000000	0.000000	0.000000	0.000000
457	0.029403	0.000093	0.018654	0.000146	0.951704	0.000000	0.000000	0.000000	0.000000
458	0.028983	0.000102	0.018432	0.000152	0.952331	0.000000	0.000000	0.000000	0.000000
459	0.028495	0.000111	0.018236	0.000137	0.953021	0.000000	0.000000	0.000000	0.000000
460	0.028216	0.000095	0.017913	0.000130	0.953646	0.000000	0.000000	0.000000	0.000000
461	0.027766	0.000095	0.017676	0.000135	0.954328	0.000000	0.000000	0.000000	0.000000
462	0.027284	0.000078	0.017595	0.000133	0.954910	0.000000	0.000000	0.000000	0.000000
463	0.026757	0.000097	0.017441	0.000136	0.955569	0.000000	0.000000	0.000000	0.000000
464	0.026439	0.000074	0.017144	0.000124	0.956219	0.000000	0.000000	0.000000	0.000000
465	0.026212	0.000073	0.016816	0.000134	0.956765	0.000000	0.000000	0.000000	0.000000
466	0.025677	0.000067	0.016634	0.000132	0.957490	0.000000	0.000000	0.000000	0.000000
467	0.025334	0.000062	0.016329	0.000133	0.958142	0.000000	0.000000	0.000000	0.000000
468	0.024920	0.000057	0.016120	0.000144	0.958759	0.000000	0.000000	0.000000	0.000000
469	0.024562	0.000045	0.015858	0.000138	0.959397	0.000000	0.000000	0.000000	0.000000
470	0.024100	0.000046	0.015787	0.000128	0.959939	0.000000	0.000000	0.000000	0.000000
