0	0.290663	0.057897	0.229473	0.157588	0.029913	0.111872	0.085455	0.012259	0.024880
1	0.221507	0.046051	0.192969	0.145115	0.029669	0.124789	0.122907	0.023873	0.093120
2	0.213735	0.043304	0.184511	0.143821	0.031312	0.124813	0.127770	0.024683	0.106051
3	0.211814	0.041597	0.179259	0.143010	0.033636	0.122864	0.129064	0.024301	0.114455
4	0.211111	0.039301	0.174543	0.142749	0.036444	0.120643	0.129559	0.023793	0.121857
5	0.210366	0.037372	0.170016	0.143112	0.039845	0.117413	0.129412	0.022932	0.129532
6	0.210429	0.035841	0.165795	0.142477	0.043288	0.114110	0.129680	0.022051	0.136329
7	0.210283	0.034297	0.160796	0.142466	0.046921	0.111357	0.129194	0.021191	0.143495
8	0.209923	0.032884	0.156615	0.142018	0.050927	0.108154	0.128436	0.020207	0.150836
9	0.209694	0.031583	0.152517	0.141143	0.054511	0.105113	0.128011	0.019315	0.158113
10	0.209969	0.029917	0.147664	0.141024	0.059159	0.101417	0.127277	0.018400	0.165173
11	0.210334	0.028348	0.142473	0.140898	0.063642	0.098154	0.126255	0.017536	0.172360
12	0.210501	0.027017	0.137824	0.140046	0.068350	0.094924	0.125408	0.016710	0.179220
13	0.211396	0.025603	0.132751	0.139699	0.073324	0.091866	0.124177	0.016091	0.185093
14	0.211297	0.024067	0.127366	0.139829	0.078637	0.088547	0.122672	0.015562	0.192023
15	0.211390	0.022846	0.122348	0.139128	0.084223	0.085673	0.120975	0.014735	0.198682
16	0.211308	0.021657	0.117714	0.138448	0.089726	0.082443	0.119414	0.013993	0.205297
17	0.210616	0.020337	0.113084	0.138162	0.095514	0.079234	0.117131	0.013498	0.212424
18	0.210714	0.019204	0.108379	0.137676	0.101363	0.076163	0.115145	0.012792	0.218564
19	0.210657	0.017976	0.104045	0.137163	0.107860	0.072593	0.113541	0.012275	0.223890
20	0.209793	0.017034	0.100092	0.136388	0.114395	0.070118	0.111221	0.011496	0.229463
21	0.208918	0.015901	0.095519	0.135442	0.121614	0.067480	0.108918	0.010975	0.235233
22	0.208289	0.014864	0.090974	0.134746	0.128717	0.064903	0.107130	0.010271	0.240106
23	0.207709	0.014037	0.086922	0.133378	0.136164	0.062307	0.104800	0.009969	0.244714
24	0.206974	0.013211	0.083564	0.132360	0.143726	0.059428	0.102231	0.009241	0.249265
25	0.205709	0.012257	0.079374	0.131545	0.152119	0.057083	0.099213	0.008773	0.253927
26	0.204535	0.011424	0.075628	0.130613	0.160957	0.054829	0.096862	0.008358	0.256794
27	0.202969	0.010764	0.071975	0.129380	0.169578	0.052389	0.094187	0.008017	0.260741
28	0.201281	0.010008	0.068097	0.128783	0.178071	0.050137	0.091945	0.007447	0.264231
29	0.199163	0.009343	0.064546	0.128042	0.187216	0.047956	0.089374	0.007103	0.267257
30	0.196923	0.008614	0.061104	0.127302	0.196637	0.046039	0.086861	0.006625	0.269895
31	0.194960	0.008189	0.057634	0.126084	0.206106	0.044424	0.084077	0.006290	0.272236
32	0.192509	0.007586	0.054631	0.125189	0.215644	0.042594	0.081569	0.005896	0.274382
33	0.189815	0.007180	0.051357	0.124884	0.225670	0.040856	0.078870	0.005533	0.275835
34	0.186882	0.006705	0.048673	0.124474	0.235437	0.039214	0.076683	0.005348	0.276584
35	0.184008	0.006362	0.045736	0.123796	0.245969	0.037772	0.074022	0.004950	0.277385
36	0.181252	0.005893	0.042992	0.122908	0.256357	0.036374	0.071321	0.004673	0.278230
37	0.178202	0.005456	0.040543	0.122407	0.266981	0.034995	0.068685	0.004457	0.278274
38	0.175100	0.004981	0.037993	0.121365	0.278244	0.033737	0.066314	0.004144	0.278122
39	0.172290	0.004667	0.035899	0.120663	0.288689	0.032305	0.064003	0.003867	0.277617
40	0.168385	0.004260	0.033690	0.120278	0.299992	0.031226	0.061482	0.003621	0.277066
41	0.165186	0.004150	0.031882	0.119833	0.311102	0.030045	0.058563	0.003363	0.275876
42	0.161458	0.003814	0.030008	0.119871	0.322345	0.028761	0.056314	0.003220	0.274209
43	0.158227	0.003489	0.028503	0.119563	0.334004	0.027779	0.054120	0.002984	0.271331
44	0.154342	0.003266	0.026639	0.119258	0.346115	0.026555	0.051742	0.002756	0.269327
45	0.150481	0.003108	0.024969	0.118904	0.357959	0.025673	0.049364	0.002617	0.266925
46	0.146550	0.002879	0.023332	0.118739	0.369925	0.024652	0.047229	0.002467	0.264227
47	0.142773	0.002620	0.021760	0.118332	0.381652	0.023980	0.045092	0.002293	0.261498
48	0.138294	0.002447	0.020112	0.118624	0.393896	0.023226	0.043048	0.002073	0.258280
49	0.134282	0.002219	0.018826	0.118463	0.405834	0.022679	0.040859	0.001949	0.254889
50	0.130201	0.002095	0.017701	0.117929	0.418175	0.021978	0.038870	0.001793	0.251258
51	0.126668	0.001955	0.016466	0.117860	0.430151	0.021283	0.036964	0.001670	0.246983
52	0.122195	0.001815	0.015376	0.117996	0.442165	0.020849	0.035135	0.001552	0.242917
53	0.118083	0.001679	0.014371	0.118049	0.454306	0.020343	0.033376	0.001436	0.238357
54	0.113887	0.001561	0.013303	0.117705	0.466848	0.019842	0.031747	0.001278	0.233829
55	0.110090	0.001465	0.012140	0.117642	0.478451	0.019456	0.030012	0.001173	0.229571
56	0.106077	0.001350	0.011276	0.117712	0.489699	0.019026	0.028476	0.001094	0.225290
57	0.102187	0.001244	0.010405	0.117670	0.501137	0.018688	0.026698	0.000981	0.220990
58	0.098402	0.001118	0.009437	0.118032	0.513209	0.018152	0.025009	0.000918	0.215723
59	0.094687	0.001004	0.008669	0.118475	0.524334	0.017673	0.023560	0.000806	0.210792
60	0.090564	0.000913	0.007964	0.118890	0.535759	0.017396	0.022146	0.000796	0.205572
61	0.086948	0.000838	0.007362	0.118722	0.546932	0.017201	0.020870	0.000772	0.200355
62	0.083539	0.000761	0.006747	0.118589	0.558617	0.016697	0.019652	0.000704	0.194694
63	0.079959	0.000689	0.006213	0.118653	0.569369	0.016539	0.018304	0.000691	0.189583
64	0.076268	0.000591	0.005761	0.119231	0.579986	0.016232	0.017261	0.000657	0.184013
65	0.072865	0.000548	0.005226	0.119427	0.590847	0.015936	0.016310	0.000629	0.178212
66	0.069352	0.000529	0.004842	0.119926	0.601446	0.015687	0.015211	0.000554	0.172453
67	0.066123	0.000461	0.004471	0.120156	0.612117	0.015369	0.014157	0.000504	0.166642
68	0.063209	0.000400	0.004106	0.120483	0.621718	0.015271	0.013393	0.000459	0.160961
69	0.059978	0.000354	0.003627	0.120716	0.631397	0.015186	0.012517	0.000422	0.155803
70	0.057094	0.000325	0.003324	0.120786	0.641097	0.014897	0.011729	0.000381	0.150367
71	0.054168	0.000296	0.002976	0.121245	0.650452	0.014566	0.010990	0.000325	0.144982
72	0.051392	0.000256	0.002683	0.121381	0.659077	0.014535	0.010102	0.000330	0.140244
73	0.048414	0.000259	0.002472	0.121337	0.668130	0.014309	0.009541	0.000315	0.135223
74	0.045904	0.000219	0.002246	0.122128	0.675980	0.014212	0.008830	0.000287	0.130194
75	0.043367	0.000196	0.002037	0.122058	0.684341	0.014255	0.008309	0.000239	0.125198
76	0.041037	0.000164	0.001845	0.122210	0.692810	0.014061	0.007759	0.000231	0.119883
77	0.038721	0.000157	0.001709	0.122496	0.700581	0.013717	0.007165	0.000215	0.115239
78	0.036192	0.000145	0.001535	0.122565	0.708465	0.013576	0.006608	0.000211	0.110703
79	0.034037	0.000132	0.001431	0.123250	0.715493	0.013504	0.006006	0.000205	0.105942
80	0.032179	0.000107	0.001308	0.123465	0.722588	0.013331	0.005545	0.000199	0.101278
81	0.030311	0.000102	0.001140	0.123171	0.729780	0.013184	0.005127	0.000160	0.097025
82	0.028378	0.000081	0.001034	0.123489	0.736226	0.013221	0.004746	0.000157	0.092668
83	0.026632	0.000068	0.000900	0.124006	0.742599	0.013042	0.004317	0.000149	0.088287
84	0.024754	0.000063	0.000788	0.124103	0.749020	0.012963	0.004023	0.000128	0.084158
85	0.023269	0.000067	0.000722	0.124316	0.755013	0.012882	0.003690	0.000110	0.079931
86	0.021846	0.000052	0.000646	0.124701	0.760473	0.012846	0.003491	0.000082	0.075863
87	0.020450	0.000052	0.000603	0.124883	0.766184	0.012465	0.003182	0.000079	0.072102
88	0.019130	0.000047	0.000547	0.124800	0.771460	0.012529	0.002928	0.000054	0.068505
89	0.018100	0.000043	0.000490	0.125028	0.776342	0.012367	0.002642	0.000053	0.064935
90	0.016844	0.000035	0.000419	0.125018	0.781335	0.012250	0.002439	0.000046	0.061614
91	0.015580	0.000030	0.000377	0.125046	0.786092	0.012202	0.002287	0.000055	0.058331
92	0.014668	0.000028	0.000322	0.125235	0.790379	0.012154	0.002134	0.000055	0.055025
93	0.013677	0.000024	0.000287	0.124855	0.795054	0.012148	0.001954	0.000038	0.051963
94	0.012703	0.000019	0.000282	0.125525	0.798189	0.012109	0.001785	0.000034	0.049354
95	0.011771	0.000018	0.000255	0.125568	0.801851	0.012197	0.001580	0.000025	0.046735
96	0.011049	0.000012	0.000251	0.125608	0.805393	0.012063	0.001481	0.000021	0.044122
97	0.010157	0.000012	0.000227	0.126109	0.808554	0.012020	0.001400	0.000015	0.041506
98	0.009446	0.000013	0.000203	0.126321	0.811644	0.012028	0.001209	0.000020	0.039116
99	0.008672	0.000011	0.000177	0.126166	0.815018	0.012098	0.001098	0.000014	0.036746
100	0.008076	0.000012	0.000163	0.126714	0.816935	0.012210	0.001017	0.000014	0.034859
101	0.007412	0.000010	0.000157	0.126829	0.819969	0.012206	0.000930	0.000014	0.032473
102	0.006917	0.000005	0.000135	0.126494	0.822960	0.012244	0.000878	0.000015	0.030352
103	0.006457	0.000003	0.000132	0.126851	0.825415	0.012087	0.000820	0.000012	0.028223
104	0.005919	0.000006	0.000135	0.127001	0.827746	0.012131	0.000724	0.000010	0.026328
105	0.005475	0.000007	0.000124	0.126936	0.830021	0.012231	0.000643	0.000007	0.024556
106	0.005080	0.000004	0.000114	0.127427	0.831702	0.012212	0.000585	0.000004	0.022872
107	0.004595	0.000008	0.000113	0.127421	0.833732	0.012169	0.000545	0.000002	0.021415
108	0.004220	0.000006	0.000108	0.126982	0.836010	0.012167	0.000491	0.000003	0.020013
109	0.003903	0.000002	0.000099	0.126980	0.837531	0.012244	0.000464	0.000002	0.018775
110	0.003609	0.000002	0.000093	0.126972	0.839161	0.012253	0.000390	0.000003	0.017517
111	0.003336	0.000002	0.000082	0.126947	0.840623	0.012256	0.000371	0.000004	0.016379
112	0.003031	0.000000	0.000083	0.127134	0.841963	0.012226	0.000314	0.000001	0.015248
113	0.002804	0.000000	0.000070	0.127276	0.843226	0.012199	0.000294	0.000002	0.014129
114	0.002542	0.000000	0.000074	0.127545	0.844144	0.012188	0.000254	0.000001	0.013252
115	0.002360	0.000000	0.000061	0.127634	0.845326	0.012112	0.000235	0.000000	0.012272
116	0.002205	0.000000	0.000062	0.127706	0.846365	0.012146	0.000203	0.000000	0.011313
117	0.002043	0.000000	0.000056	0.127372	0.847633	0.012148	0.000175	0.000000	0.010573
118	0.001830	0.000000	0.000053	0.127588	0.848430	0.012128	0.000173	0.000000	0.009798
119	0.001624	0.000000	0.000044	0.127986	0.849071	0.012049	0.000144	0.000000	0.009082
120	0.001448	0.000000	0.000038	0.127871	0.849933	0.012183	0.000120	0.000000	0.008407
121	0.001326	0.000000	0.000044	0.127690	0.850822	0.012152	0.000094	0.000000	0.007872
122	0.001200	0.000000	0.000047	0.127273	0.851967	0.012135	0.000088	0.000000	0.007290
123	0.001079	0.000000	0.000042	0.127550	0.852315	0.012174	0.000068	0.000000	0.006772
124	0.001003	0.000000	0.000034	0.127903	0.852535	0.012222	0.000060	0.000000	0.006243
125	0.000929	0.000000	0.000029	0.127789	0.853270	0.012149	0.000049	0.000000	0.005785
126	0.000879	0.000000	0.000024	0.128259	0.853208	0.012165	0.000040	0.000000	0.005425
127	0.000798	0.000000	0.000024	0.128118	0.853841	0.012134	0.000038	0.000000	0.005047
128	0.000704	0.000000	0.000017	0.128140	0.854225	0.012251	0.000053	0.000000	0.004610
129	0.000605	0.000000	0.000014	0.127763	0.855209	0.012053	0.000048	0.000000	0.004308
130	0.000552	0.000000	0.000012	0.127832	0.855586	0.012019	0.000043	0.000000	0.003956
131	0.000475	0.000000	0.000008	0.128045	0.855755	0.012034	0.000035	0.000000	0.003648
132	0.000451	0.000000	0.000007	0.127818	0.856190	0.012146	0.000035	0.000000	0.003353
133	0.000425	0.000000	0.000003	0.127675	0.856524	0.012294	0.000042	0.000000	0.003037
134	0.000392	0.000000	0.000004	0.127394	0.857078	0.012307	0.000044	0.000000	0.002781
135	0.000326	0.000000	0.000003	0.127348	0.857480	0.012266	0.000034	0.000000	0.002543
136	0.000268	0.000000	0.000004	0.127287	0.857846	0.012210	0.000022	0.000000	0.002363
137	0.000229	0.000000	0.000002	0.127486	0.857903	0.012262	0.000019	0.000000	0.002099
138	0.000228	0.000000	0.000003	0.127388	0.858163	0.012278	0.000018	0.000000	0.001922
139	0.000191	0.000000	0.000002	0.127714	0.858077	0.012257	0.000012	0.000000	0.001747
140	0.000173	0.000000	0.000001	0.127487	0.858400	0.012378	0.000005	0.000000	0.001556
141	0.000180	0.000000	0.000001	0.127533	0.858710	0.012134	0.000004	0.000000	0.001438
142	0.000166	0.000000	0.000001	0.127129	0.859116	0.012283	0.000005	0.000000	0.001300
143	0.000151	0.000000	0.000000	0.127059	0.859323	0.012259	0.000005	0.000000	0.001203
144	0.000132	0.000000	0.000000	0.127222	0.859215	0.012363	0.000006	0.000000	0.001062
145	0.000109	0.000000	0.000000	0.127061	0.859535	0.012334	0.000001	0.000000	0.000960
146	0.000107	0.000000	0.000000	0.126929	0.859610	0.012479	0.000000	0.000000	0.000875
147	0.000103	0.000000	0.000000	0.126608	0.860174	0.012322	0.000000	0.000000	0.000793
148	0.000095	0.000000	0.000000	0.126394	0.860416	0.012379	0.000000	0.000000	0.000716
149	0.000083	0.000000	0.000000	0.126379	0.860443	0.012438	0.000000	0.000000	0.000657
150	0.000075	0.000000	0.000000	0.126484	0.860467	0.012375	0.000000	0.000000	0.000599
151	0.000071	0.000000	0.000000	0.126336	0.860727	0.012300	0.000000	0.000000	0.000566
152	0.000057	0.000000	0.000000	0.126103	0.860948	0.012366	0.000000	0.000000	0.000526
153	0.000055	0.000000	0.000000	0.126094	0.860910	0.012454	0.000000	0.000000	0.000487
154	0.000055	0.000000	0.000000	0.126062	0.860920	0.012541	0.000000	0.000000	0.000422
155	0.000050	0.000000	0.000000	0.125551	0.861567	0.012428	0.000000	0.000000	0.000404
156	0.000043	0.000000	0.000000	0.125414	0.861861	0.012327	0.000000	0.000000	0.000355
157	0.000042	0.000000	0.000000	0.125679	0.861812	0.012132	0.000000	0.000000	0.000335
158	0.000042	0.000000	0.000000	0.125779	0.861571	0.012307	0.000000	0.000000	0.000301
159	0.000042	0.000000	0.000000	0.125728	0.861606	0.012336	0.000000	0.000000	0.000288
160	0.000035	0.000000	0.000000	0.125351	0.862095	0.012275	0.000000	0.000000	0.000244
161	0.000022	0.000000	0.000000	0.125106	0.862392	0.012269	0.000000	0.000000	0.000211
162	0.000016	0.000000	0.000000	0.125629	0.861838	0.012324	0.000000	0.000000	0.000193
163	0.000018	0.000000	0.000000	0.125294	0.862351	0.012157	0.000000	0.000000	0.000180
164	0.000010	0.000000	0.000000	0.125483	0.862110	0.012237	0.000000	0.000000	0.000160
165	0.000013	0.000000	0.000000	0.125358	0.862342	0.012149	0.000000	0.000000	0.000138
166	0.000011	0.000000	0.000000	0.125204	0.862559	0.012114	0.000000	0.000000	0.000112
167	0.000006	0.000000	0.000000	0.124717	0.863102	0.012068	0.000000	0.000000	0.000107
168	0.000006	0.000000	0.000000	0.124875	0.862912	0.012120	0.000000	0.000000	0.000087
169	0.000009	0.000000	0.000000	0.125272	0.862482	0.012155	0.000000	0.000000	0.000082
170	0.000015	0.000000	0.000000	0.125211	0.862457	0.012233	0.000000	0.000000	0.000084
171	0.000011	0.000000	0.000000	0.125128	0.862533	0.012244	0.000000	0.000000	0.000084
172	0.000015	0.000000	0.000000	0.125200	0.862490	0.012212	0.000000	0.000000	0.000083
173	0.000015	0.000000	0.000000	0.125196	0.862441	0.012270	0.000000	0.000000	0.000078
174	0.000015	0.000000	0.000000	0.125466	0.862082	0.012365	0.000000	0.000000	0.000072
175	0.000015	0.000000	0.000000	0.125579	0.862230	0.012104	0.000000	0.000000	0.000072
176	0.000013	0.000000	0.000000	0.125278	0.862546	0.012101	0.000000	0.000000	0.000062
177	0.000014	0.000000	0.000000	0.125256	0.862420	0.012236	0.000000	0.000000	0.000074
178	0.000017	0.000000	0.000000	0.124949	0.862736	0.012234	0.000000	0.000000	0.000064
179	0.000016	0.000000	0.000000	0.124863	0.862737	0.012325	0.000000	0.000000	0.000059
180	0.000015	0.000000	0.000000	0.124834	0.862830	0.012263	0.000000	0.000000	0.000058
181	0.000010	0.000000	0.000000	0.125348	0.862242	0.012335	0.000000	0.000000	0.000065
182	0.000009	0.000000	0.000000	0.124985	0.862700	0.012245	0.000000	0.000000	0.000061
183	0.000010	0.000000	0.000000	0.124607	0.862996	0.012328	0.000000	0.000000	0.000059
184	0.000010	0.000000	0.000000	0.124566	0.863036	0.012327	0.000000	0.000000	0.000061
185	0.000008	0.000000	0.000000	0.124892	0.862618	0.012431	0.000000	0.000000	0.000051
186	0.000005	0.000000	0.000000	0.124424	0.863152	0.012371	0.000000	0.000000	0.000048
187	0.000005	0.000000	0.000000	0.125186	0.862415	0.012349	0.000000	0.000000	0.000045
188	0.000002	0.000000	0.000000	0.125193	0.862469	0.012294	0.000000	0.000000	0.000042
189	0.000002	0.000000	0.000000	0.125360	0.862323	0.012282	0.000000	0.000000	0.000033
190	0.000002	0.000000	0.000000	0.125615	0.861839	0.012515	0.000000	0.000000	0.000029
191	0.000003	0.000000	0.000000	0.125809	0.861505	0.012658	0.000000	0.000000	0.000025
192	0.000002	0.000000	0.000000	0.125579	0.861706	0.012693	0.000000	0.000000	0.000020
193	0.000001	0.000000	0.000000	0.125698	0.861651	0.012632	0.000000	0.000000	0.000018
194	0.000001	0.000000	0.000000	0.125600	0.861922	0.012468	0.000000	0.000000	0.000009
195	0.000001	0.000000	0.000000	0.125771	0.861855	0.012367	0.000000	0.000000	0.000006
196	0.000000	0.000000	0.000000	0.125324	0.862194	0.012474	0.000000	0.000000	0.000008
197	0.000000	0.000000	0.000000	0.125384	0.862028	0.012582	0.000000	0.000000	0.000006
198	0.000000	0.000000	0.000000	0.125287	0.862175	0.012531	0.000000	0.000000	0.000007
199	0.000000	0.000000	0.000000	0.125604	0.861865	0.012525	0.000000	0.000000	0.000006
200	0.000000	0.000000	0.000000	0.125689	0.861668	0.012638	0.000000	0.000000	0.000005
201	0.000000	0.000000	0.000000	0.125125	0.862104	0.012768	0.000000	0.000000	0.000003
202	0.000000	0.000000	0.000000	0.125042	0.862057	0.012900	0.000000	0.000000	0.000001
203	0.000000	0.000000	0.000000	0.125046	0.862271	0.012682	0.000000	0.000000	0.000001
204	0.000000	0.000000	0.000000	0.124745	0.862558	0.012697	0.000000	0.000000	0.000000
205	0.000000	0.000000	0.000000	0.124870	0.862423	0.012706	0.000000	0.000000	0.000001
206	0.000000	0.000000	0.000000	0.124984	0.862316	0.012699	0.000000	0.000000	0.000001
207	0.000000	0.000000	0.000000	0.124659	0.862623	0.012718	0.000000	0.000000	0.000000
208	0.000000	0.000000	0.000000	0.124151	0.863218	0.012631	0.000000	0.000000	0.000000
209	0.000000	0.000000	0.000000	0.124085	0.863386	0.012529	0.000000	0.000000	0.000000
210	0.000000	0.000000	0.000000	0.124199	0.863390	0.012411	0.000000	0.000000	0.000000
211	0.000000	0.000000	0.000000	0.123704	0.863836	0.012460	0.000000	0.000000	0.000000
212	0.000000	0.000000	0.000000	0.124197	0.863384	0.012419	0.000000	0.000000	0.000000
213	0.000000	0.000000	0.000000	0.124141	0.863426	0.012433	0.000000	0.000000	0.000000
214	0.000000	0.000000	0.000000	0.124108	0.863420	0.012472	0.000000	0.000000	0.000000
215	0.000000	0.000000	0.000000	0.124188	0.863293	0.012519	0.000000	0.000000	0.000000
216	0.000000	0.000000	0.000000	0.123985	0.863497	0.012518	0.000000	0.000000	0.000000
217	0.000000	0.000000	0.000000	0.123817	0.863699	0.012484	0.000000	0.000000	0.000000
218	0.000000	0.000000	0.000000	0.123787	0.863674	0.012539	0.000000	0.000000	0.000000
219	0.000000	0.000000	0.000000	0.123688	0.863872	0.012440	0.000000	0.000000	0.000000
220	0.000000	0.000000	0.000000	0.123416	0.864226	0.012358	0.000000	0.000000	0.000000
221	0.000000	0.000000	0.000000	0.123524	0.863952	0.012524	0.000000	0.000000	0.000000
222	0.000000	0.000000	0.000000	0.123695	0.863912	0.012393	0.000000	0.000000	0.000000
223	0.000000	0.000000	0.000000	0.123780	0.863740	0.012480	0.000000	0.000000	0.000000
224	0.000000	0.000000	0.000000	0.123566	0.863888	0.012546	0.000000	0.000000	0.000000
225	0.000000	0.000000	0.000000	0.123170	0.864319	0.012511	0.000000	0.000000	0.000000
226	0.000000	0.000000	0.000000	0.123161	0.864486	0.012353	0.000000	0.000000	0.000000
227	0.000000	0.000000	0.000000	0.123447	0.864191	0.012362	0.000000	0.000000	0.000000
228	0.000000	0.000000	0.000000	0.123505	0.864067	0.012428	0.000000	0.000000	0.000000
229	0.000000	0.000000	0.000000	0.123437	0.864139	0.012424	0.000000	0.000000	0.000000
230	0.000000	0.000000	0.000000	0.123466	0.864215	0.012319	0.000000	0.000000	0.000000
231	0.000000	0.000000	0.000000	0.123805	0.863766	0.012429	0.000000	0.000000	0.000000
232	0.000000	0.000000	0.000000	0.123775	0.863751	0.012474	0.000000	0.000000	0.000000
233	0.000000	0.000000	0.000000	0.123549	0.863994	0.012457	0.000000	0.000000	0.000000
234	0.000000	0.000000	0.000000	0.123816	0.863702	0.012482	0.000000	0.000000	0.000000
235	0.000000	0.000000	0.000000	0.123846	0.863772	0.012382	0.000000	0.000000	0.000000
236	0.000000	0.000000	0.000000	0.123675	0.863775	0.012550	0.000000	0.000000	0.000000
237	0.000000	0.000000	0.000000	0.123424	0.864116	0.012460	0.000000	0.000000	0.000000
238	0.000000	0.000000	0.000000	0.123412	0.864006	0.012582	0.000000	0.000000	0.000000
239	0.000000	0.000000	0.000000	0.123508	0.863830	0.012662	0.000000	0.000000	0.000000
240	0.000000	0.000000	0.000000	0.123130	0.864369	0.012501	0.000000	0.000000	0.000000
241	0.000000	0.000000	0.000000	0.123607	0.863910	0.012483	0.000000	0.000000	0.000000
242	0.000000	0.000000	0.000000	0.123679	0.863774	0.012547	0.000000	0.000000	0.000000
243	0.000000	0.000000	0.000000	0.123525	0.863894	0.012581	0.000000	0.000000	0.000000
244	0.000000	0.000000	0.000000	0.123919	0.863328	0.012753	0.000000	0.000000	0.000000
245	0.000000	0.000000	0.000000	0.123798	0.863494	0.012708	0.000000	0.000000	0.000000
246	0.000000	0.000000	0.000000	0.123457	0.863862	0.012681	0.000000	0.000000	0.000000
247	0.000000	0.000000	0.000000	0.123294	0.863973	0.012733	0.000000	0.000000	0.000000
248	0.000000	0.000000	0.000000	0.123217	0.864220	0.012563	0.000000	0.000000	0.000000
249	0.000000	0.000000	0.000000	0.123303	0.863974	0.012723	0.000000	0.000000	0.000000
250	0.000000	0.000000	0.000000	0.123024	0.864316	0.012660	0.000000	0.000000	0.000000
251	0.000000	0.000000	0.000000	0.123435	0.863918	0.012647	0.000000	0.000000	0.000000
252	0.000000	0.000000	0.000000	0.123399	0.864022	0.012579	0.000000	0.000000	0.000000
253	0.000000	0.000000	0.000000	0.123227	0.864207	0.012566	0.000000	0.000000	0.000000
254	0.000000	0.000000	0.000000	0.123319	0.864027	0.012654	0.000000	0.000000	0.000000
255	0.000000	0.000000	0.000000	0.123412	0.863901	0.012687	0.000000	0.000000	0.000000
256	0.000000	0.000000	0.000000	0.123607	0.863739	0.012654	0.000000	0.000000	0.000000
257	0.000000	0.000000	0.000000	0.123642	0.863694	0.012664	0.000000	0.000000	0.000000
258	0.000000	0.000000	0.000000	0.123541	0.863836	0.012623	0.000000	0.000000	0.000000
259	0.000000	0.000000	0.000000	0.123458	0.863793	0.012749	0.000000	0.000000	0.000000
260	0.000000	0.000000	0.000000	0.123417	0.863868	0.012715	0.000000	0.000000	0.000000
261	0.000000	0.000000	0.000000	0.123768	0.863518	0.012714	0.000000	0.000000	0.000000
262	0.000000	0.000000	0.000000	0.123504	0.863706	0.012790	0.000000	0.000000	0.000000
263	0.000000	0.000000	0.000000	0.123383	0.863963	0.012654	0.000000	0.000000	0.000000
264	0.000000	0.000000	0.000000	0.123314	0.864153	0.012533	0.000000	0.000000	0.000000
265	0.000000	0.000000	0.000000	0.123131	0.864134	0.012735	0.000000	0.000000	0.000000
266	0.000000	0.000000	0.000000	0.122857	0.864592	0.012551	0.000000	0.000000	0.000000
267	0.000000	0.000000	0.000000	0.122512	0.864768	0.012720	0.000000	0.000000	0.000000
268	0.000000	0.000000	0.000000	0.122460	0.864926	0.012614	0.000000	0.000000	0.000000
269	0.000000	0.000000	0.000000	0.122534	0.864746	0.012720	0.000000	0.000000	0.000000
270	0.000000	0.000000	0.000000	0.122450	0.865014	0.012536	0.000000	0.000000	0.000000
271	0.000000	0.000000	0.000000	0.122375	0.865130	0.012495	0.000000	0.000000	0.000000
272	0.000000	0.000000	0.000000	0.122120	0.865199	0.012681	0.000000	0.000000	0.000000
273	0.000000	0.000000	0.000000	0.122055	0.865382	0.012563	0.000000	0.000000	0.000000
274	0.000000	0.000000	0.000000	0.122353	0.865097	0.012550	0.000000	0.000000	0.000000
275	0.000000	0.000000	0.000000	0.122451	0.865038	0.012511	0.000000	0.000000	0.000000
276	0.000000	0.000000	0.000000	0.122351	0.864974	0.012675	0.000000	0.000000	0.000000
277	0.000000	0.000000	0.000000	0.122390	0.864809	0.012801	0.000000	0.000000	0.000000
278	0.000000	0.000000	0.000000	0.122018	0.865177	0.012805	0.000000	0.000000	0.000000
279	0.000000	0.000000	0.000000	0.121926	0.865263	0.012811	0.000000	0.000000	0.000000
280	0.000000	0.000000	0.000000	0.121795	0.865511	0.012694	0.000000	0.000000	0.000000
281	0.000000	0.000000	0.000000	0.121953	0.865250	0.012797	0.000000	0.000000	0.000000
282	0.000000	0.000000	0.000000	0.122279	0.864860	0.012861	0.000000	0.000000	0.000000
283	0.000000	0.000000	0.000000	0.122609	0.864515	0.012876	0.000000	0.000000	0.000000
284	0.000000	0.000000	0.000000	0.122653	0.864333	0.013014	0.000000	0.000000	0.000000
285	0.000000	0.000000	0.000000	0.122966	0.864177	0.012857	0.000000	0.000000	0.000000
286	0.000000	0.000000	0.000000	0.122961	0.864149	0.012890	0.000000	0.000000	0.000000
287	0.000000	0.000000	0.000000	0.122977	0.864144	0.012879	0.000000	0.000000	0.000000
288	0.000000	0.000000	0.000000	0.123062	0.864032	0.012906	0.000000	0.000000	0.000000
289	0.000000	0.000000	0.000000	0.123247	0.863970	0.012783	0.000000	0.000000	0.000000
290	0.000000	0.000000	0.000000	0.123009	0.864084	0.012907	0.000000	0.000000	0.000000
291	0.000000	0.000000	0.000000	0.123076	0.864202	0.012722	0.000000	0.000000	0.000000
292	0.000000	0.000000	0.000000	0.123203	0.864079	0.012718	0.000000	0.000000	0.000000
293	0.000000	0.000000	0.000000	0.123284	0.863903	0.012813	0.000000	0.000000	0.000000
294	0.000000	0.000000	0.000000	0.123736	0.863522	0.012742	0.000000	0.000000	0.000000
295	0.000000	0.000000	0.000000	0.124082	0.862988	0.012930	0.000000	0.000000	0.000000
296	0.000000	0.000000	0.000000	0.123914	0.862948	0.013138	0.000000	0.000000	0.000000
297	0.000000	0.000000	0.000000	0.123880	0.862895	0.013225	0.000000	0.000000	0.000000
298	0.000000	0.000000	0.000000	0.123625	0.863237	0.013138	0.000000	0.000000	0.000000
299	0.000000	0.000000	0.000000	0.123325	0.863465	0.013210	0.000000	0.000000	0.000000
300	0.000000	0.000000	0.000000	0.123361	0.863425	0.013214	0.000000	0.000000	0.000000
301	0.000000	0.000000	0.000000	0.123538	0.863278	0.013184	0.000000	0.000000	0.000000
302	0.000000	0.000000	0.000000	0.123426	0.863373	0.013201	0.000000	0.000000	0.000000
303	0.000000	0.000000	0.000000	0.123453	0.863203	0.013344	0.000000	0.000000	0.000000
304	0.000000	0.000000	0.000000	0.123220	0.863406	0.013374	0.000000	0.000000	0.000000
305	0.000000	0.000000	0.000000	0.123214	0.863410	0.013376	0.000000	0.000000	0.000000
306	0.000000	0.000000	0.000000	0.123099	0.863428	0.013473	0.000000	0.000000	0.000000
307	0.000000	0.000000	0.000000	0.122986	0.863592	0.013422	0.000000	0.000000	0.000000
308	0.000000	0.000000	0.000000	0.122827	0.863714	0.013459	0.000000	0.000000	0.000000
309	0.000000	0.000000	0.000000	0.122715	0.863891	0.013394	0.000000	0.000000	0.000000
310	0.000000	0.000000	0.000000	0.123032	0.863538	0.013430	0.000000	0.000000	0.000000
311	0.000000	0.000000	0.000000	0.122789	0.863813	0.013398	0.000000	0.000000	0.000000
312	0.000000	0.000000	0.000000	0.122289	0.864169	0.013542	0.000000	0.000000	0.000000
313	0.000000	0.000000	0.000000	0.122216	0.864349	0.013435	0.000000	0.000000	0.000000
314	0.000000	0.000000	0.000000	0.122328	0.864269	0.013403	0.000000	0.000000	0.000000
315	0.000000	0.000000	0.000000	0.122105	0.864410	0.013485	0.000000	0.000000	0.000000
316	0.000000	0.000000	0.000000	0.121863	0.864712	0.013425	0.000000	0.000000	0.000000
317	0.000000	0.000000	0.000000	0.122087	0.864281	0.013632	0.000000	0.000000	0.000000
318	0.000000	0.000000	0.000000	0.121756	0.864670	0.013574	0.000000	0.000000	0.000000
319	0.000000	0.000000	0.000000	0.121150	0.865294	0.013556	0.000000	0.000000	0.000000
320	0.000000	0.000000	0.000000	0.121068	0.865313	0.013619	0.000000	0.000000	0.000000
321	0.000000	0.000000	0.000000	0.121122	0.865418	0.013460	0.000000	0.000000	0.000000
322	0.000000	0.000000	0.000000	0.120541	0.865992	0.013467	0.000000	0.000000	0.000000
323	0.000000	0.000000	0.000000	0.120697	0.865831	0.013472	0.000000	0.000000	0.000000
324	0.000000	0.000000	0.000000	0.120935	0.865533	0.013532	0.000000	0.000000	0.000000
325	0.000000	0.000000	0.000000	0.121156	0.865322	0.013522	0.000000	0.000000	0.000000
326	0.000000	0.000000	0.000000	0.121067	0.865443	0.013490	0.000000	0.000000	0.000000
327	0.000000	0.000000	0.000000	0.121137	0.865425	0.013438	0.000000	0.000000	0.000000
328	0.000000	0.000000	0.000000	0.121412	0.865216	0.013372	0.000000	0.000000	0.000000
329	0.000000	0.000000	0.000000	0.120911	0.865598	0.013491	0.000000	0.000000	0.000000
330	0.000000	0.000000	0.000000	0.121007	0.865451	0.013542	0.000000	0.000000	0.000000
331	0.000000	0.000000	0.000000	0.121228	0.865199	0.013573	0.000000	0.000000	0.000000
332	0.000000	0.000000	0.000000	0.120793	0.865621	0.013586	0.000000	0.000000	0.000000
333	0.000000	0.000000	0.000000	0.121426	0.864983	0.013591	0.000000	0.000000	0.000000
334	0.000000	0.000000	0.000000	0.121266	0.865220	0.013514	0.000000	0.000000	0.000000
335	0.000000	0.000000	0.000000	0.121431	0.865160	0.013409	0.000000	0.000000	0.000000
336	0.000000	0.000000	0.000000	0.121803	0.864749	0.013448	0.000000	0.000000	0.000000
337	0.000000	0.000000	0.000000	0.121945	0.864692	0.013363	0.000000	0.000000	0.000000
338	0.000000	0.000000	0.000000	0.121822	0.864885	0.013293	0.000000	0.000000	0.000000
339	0.000000	0.000000	0.000000	0.122152	0.864609	0.013239	0.000000	0.000000	0.000000
340	0.000000	0.000000	0.000000	0.122256	0.864496	0.013248	0.000000	0.000000	0.000000
341	0.000000	0.000000	0.000000	0.122035	0.864737	0.013228	0.000000	0.000000	0.000000
342	0.000000	0.000000	0.000000	0.122235	0.864521	0.013244	0.000000	0.000000	0.000000
343	0.000000	0.000000	0.000000	0.121979	0.864726	0.013295	0.000000	0.000000	0.000000
344	0.000000	0.000000	0.000000	0.121869	0.864752	0.013379	0.000000	0.000000	0.000000
345	0.000000	0.000000	0.000000	0.121680	0.864921	0.013399	0.000000	0.000000	0.000000
346	0.000000	0.000000	0.000000	0.121815	0.864862	0.013323	0.000000	0.000000	0.000000
347	0.000000	0.000000	0.000000	0.122309	0.864410	0.013281	0.000000	0.000000	0.000000
348	0.000000	0.000000	0.000000	0.122529	0.864036	0.013435	0.000000	0.000000	0.000000
349	0.000000	0.000000	0.000000	0.122211	0.864297	0.013492	0.000000	0.000000	0.000000
350	0.000000	0.000000	0.000000	0.122486	0.863963	0.013551	0.000000	0.000000	0.000000
351	0.000000	0.000000	0.000000	0.122454	0.864043	0.013503	0.000000	0.000000	0.000000
352	0.000000	0.000000	0.000000	0.122792	0.863786	0.013422	0.000000	0.000000	0.000000
353	0.000000	0.000000	0.000000	0.123006	0.863494	0.013500	0.000000	0.000000	0.000000
354	0.000000	0.000000	0.000000	0.123148	0.863494	0.013358	0.000000	0.000000	0.000000
355	0.000000	0.000000	0.000000	0.123101	0.863516	0.013383	0.000000	0.000000	0.000000
356	0.000000	0.000000	0.000000	0.122989	0.863637	0.013374	0.000000	0.000000	0.000000
357	0.000000	0.000000	0.000000	0.123438	0.863284	0.013278	0.000000	0.000000	0.000000
358	0.000000	0.000000	0.000000	0.123424	0.863368	0.013208	0.000000	0.000000	0.000000
359	0.000000	0.000000	0.000000	0.123705	0.863045	0.013250	0.000000	0.000000	0.000000
360	0.000000	0.000000	0.000000	0.123893	0.862910	0.013197	0.000000	0.000000	0.000000
361	0.000000	0.000000	0.000000	0.124229	0.862701	0.013070	0.000000	0.000000	0.000000
362	0.000000	0.000000	0.000000	0.124265	0.862648	0.013087	0.000000	0.000000	0.000000
363	0.000000	0.000000	0.000000	0.124682	0.862202	0.013116	0.000000	0.000000	0.000000
364	0.000000	0.000000	0.000000	0.124488	0.862400	0.013112	0.000000	0.000000	0.000000
365	0.000000	0.000000	0.000000	0.124668	0.862194	0.013138	0.000000	0.000000	0.000000
366	0.000000	0.000000	0.000000	0.125024	0.862054	0.012922	0.000000	0.000000	0.000000
367	0.000000	0.000000	0.000000	0.124744	0.862294	0.012962	0.000000	0.000000	0.000000
368	0.000000	0.000000	0.000000	0.124474	0.862452	0.013074	0.000000	0.000000	0.000000
369	0.000000	0.000000	0.000000	0.124582	0.862338	0.013080	0.000000	0.000000	0.000000
370	0.000000	0.000000	0.000000	0.124660	0.862264	0.013076	0.000000	0.000000	0.000000
371	0.000000	0.000000	0.000000	0.124250	0.862668	0.013082	0.000000	0.000000	0.000000
372	0.000000	0.000000	0.000000	0.124171	0.862746	0.013083	0.000000	0.000000	0.000000
373	0.000000	0.000000	0.000000	0.124023	0.862845	0.013132	0.000000	0.000000	0.000000
374	0.000000	0.000000	0.000000	0.124525	0.862393	0.013082	0.000000	0.000000	0.000000
375	0.000000	0.000000	0.000000	0.124252	0.862676	0.013072	0.000000	0.000000	0.000000
376	0.000000	0.000000	0.000000	0.124278	0.862535	0.013187	0.000000	0.000000	0.000000
377	0.000000	0.000000	0.000000	0.124398	0.862404	0.013198	0.000000	0.000000	0.000000
378	0.000000	0.000000	0.000000	0.124648	0.862214	0.013138	0.000000	0.000000	0.000000
379	0.000000	0.000000	0.000000	0.124467	0.862498	0.013035	0.000000	0.000000	0.000000
380	0.000000	0.000000	0.000000	0.124489	0.862434	0.013077	0.000000	0.000000	0.000000
381	0.000000	0.000000	0.000000	0.124791	0.862148	0.013061	0.000000	0.000000	0.000000
382	0.000000	0.000000	0.000000	0.125082	0.861745	0.013173	0.000000	0.000000	0.000000
383	0.000000	0.000000	0.000000	0.124893	0.861877	0.013230	0.000000	0.000000	0.000000
384	0.000000	0.000000	0.000000	0.125265	0.861545	0.013190	0.000000	0.000000	0.000000
385	0.000000	0.000000	0.000000	0.125468	0.861343	0.013189	0.000000	0.000000	0.000000
386	0.000000	0.000000	0.000000	0.125804	0.861117	0.013079	0.000000	0.000000	0.000000
387	0.000000	0.000000	0.000000	0.125664	0.861244	0.013092	0.000000	0.000000	0.000000
388	0.000000	0.000000	0.000000	0.125662	0.861208	0.013130	0.000000	0.000000	0.000000
389	0.000000	0.000000	0.000000	0.125413	0.861338	0.013249	0.000000	0.000000	0.000000
390	0.000000	0.000000	0.000000	0.125326	0.861312	0.013362	0.000000	0.000000	0.000000
391	0.000000	0.000000	0.000000	0.125596	0.861022	0.013382	0.000000	0.000000	0.000000
392	0.000000	0.000000	0.000000	0.125501	0.860895	0.013604	0.000000	0.000000	0.000000
393	0.000000	0.000000	0.000000	0.125336	0.861040	0.013624	0.000000	0.000000	0.000000
394	0.000000	0.000000	0.000000	0.125591	0.860643	0.013766	0.000000	0.000000	0.000000
395	0.000000	0.000000	0.000000	0.125819	0.860421	0.013760	0.000000	0.000000	0.000000
396	0.000000	0.000000	0.000000	0.125897	0.860399	0.013704	0.000000	0.000000	0.000000
397	0.000000	0.000000	0.000000	0.125819	0.860492	0.013689	0.000000	0.000000	0.000000
398	0.000000	0.000000	0.000000	0.125830	0.860363	0.013807	0.000000	0.000000	0.000000
399	0.000000	0.000000	0.000000	0.125576	0.860557	0.013867	0.000000	0.000000	0.000000
400	0.000000	0.000000	0.000000	0.125465	0.860673	0.013862	0.000000	0.000000	0.000000
401	0.000000	0.000000	0.000000	0.125647	0.860476	0.013877	0.000000	0.000000	0.000000
402	0.000000	0.000000	0.000000	0.125764	0.860383	0.013853	0.000000	0.000000	0.000000
403	0.000000	0.000000	0.000000	0.125622	0.860466	0.013912	0.000000	0.000000	0.000000
404	0.000000	0.000000	0.000000	0.125613	0.860361	0.014026	0.000000	0.000000	0.000000
405	0.000000	0.000000	0.000000	0.125478	0.860525	0.013997	0.000000	0.000000	0.000000
406	0.000000	0.000000	0.000000	0.125566	0.860468	0.013966	0.000000	0.000000	0.000000
407	0.000000	0.000000	0.000000	0.125670	0.860391	0.013939	0.000000	0.000000	0.000000
408	0.000000	0.000000	0.000000	0.125653	0.860375	0.013972	0.000000	0.000000	0.000000
409	0.000000	0.000000	0.000000	0.125382	0.860650	0.013968	0.000000	0.000000	0.000000
410	0.000000	0.000000	0.000000	0.125141	0.860895	0.013964	0.000000	0.000000	0.000000
411	0.000000	0.000000	0.000000	0.125171	0.860816	0.014013	0.000000	0.000000	0.000000
412	0.000000	0.000000	0.000000	0.124726	0.861220	0.014054	0.000000	0.000000	0.000000
413	0.000000	0.000000	0.000000	0.124552	0.861320	0.014128	0.000000	0.000000	0.000000
414	0.000000	0.000000	0.000000	0.124438	0.861524	0.014038	0.000000	0.000000	0.000000
415	0.000000	0.000000	0.000000	0.124601	0.861414	0.013985	0.000000	0.000000	0.000000
416	0.000000	0.000000	0.000000	0.124598	0.861350	0.014052	0.000000	0.000000	0.000000
417	0.000000	0.000000	0.000000	0.124837	0.861155	0.014008	0.000000	0.000000	0.000000
418	0.000000	0.000000	0.000000	0.125213	0.860851	0.013936	0.000000	0.000000	0.000000
419	0.000000	0.000000	0.000000	0.124988	0.860923	0.014089	0.000000	0.000000	0.000000
420	0.000000	0.000000	0.000000	0.125349	0.860568	0.014083	0.000000	0.000000	0.000000
421	0.000000	0.000000	0.000000	0.125432	0.860513	0.014055	0.000000	0.000000	0.000000
422	0.000000	0.000000	0.000000	0.125535	0.860323	0.014142	0.000000	0.000000	0.000000
423	0.000000	0.000000	0.000000	0.125668	0.860215	0.014117	0.000000	0.000000	0.000000
424	0.000000	0.000000	0.000000	0.126272	0.859743	0.013985	0.000000	0.000000	0.000000
425	0.000000	0.000000	0.000000	0.126205	0.859787	0.014008	0.000000	0.000000	0.000000
426	0.000000	0.000000	0.000000	0.126021	0.859860	0.014119	0.000000	0.000000	0.000000
427	0.000000	0.000000	0.000000	0.126127	0.859859	0.014014	0.000000	0.000000	0.000000
428	0.000000	0.000000	0.000000	0.126167	0.859660	0.014173	0.000000	0.000000	0.000000
429	0.000000	0.000000	0.000000	0.126306	0.859552	0.014142	0.000000	0.000000	0.000000
430	0.000000	0.000000	0.000000	0.126222	0.859630	0.014148	0.000000	0.000000	0.000000
431	0.000000	0.000000	0.000000	0.126254	0.859536	0.014210	0.000000	0.000000	0.000000
432	0.000000	0.000000	0.000000	0.126351	0.859431	0.014218	0.000000	0.000000	0.000000
433	0.000000	0.000000	0.000000	0.126398	0.859401	0.014201	0.000000	0.000000	0.000000
434	0.000000	0.000000	0.000000	0.126406	0.859405	0.014189	0.000000	0.000000	0.000000
435	0.000000	0.000000	0.000000	0.126482	0.859415	0.014103	0.000000	0.000000	0.000000
436	0.000000	0.000000	0.000000	0.126061	0.859986	0.013953	0.000000	0.000000	0.000000
437	0.000000	0.000000	0.000000	0.126715	0.859239	0.014046	0.000000	0.000000	0.000000
438	0.000000	0.000000	0.000000	0.126587	0.859443	0.013970	0.000000	0.000000	0.000000
439	0.000000	0.000000	0.000000	0.126405	0.859619	0.013976	0.000000	0.000000	0.000000
440	0.000000	0.000000	0.000000	0.126201	0.859735	0.014064	0.000000	0.000000	0.000000
441	0.000000	0.000000	0.000000	0.126316	0.859599	0.014085	0.000000	0.000000	0.000000
442	0.000000	0.000000	0.000000	0.126394	0.859533	0.014073	0.000000	0.000000	0.000000
443	0.000000	0.000000	0.000000	0.126356	0.859543	0.014101	0.000000	0.000000	0.000000
444	0.000000	0.000000	0.000000	0.126209	0.859634	0.014157	0.000000	0.000000	0.000000
445	0.000000	0.000000	0.000000	0.125914	0.859837	0.014249	0.000000	0.000000	0.000000
446	0.000000	0.000000	0.000000	0.126113	0.859676	0.014211	0.000000	0.000000	0.000000
447	0.000000	0.000000	0.000000	0.126392	0.859370	0.014238	0.000000	0.000000	0.000000
448	0.000000	0.000000	0.000000	0.126440	0.859185	0.014375	0.000000	0.000000	0.000000
449	0.000000	0.000000	0.000000	0.126554	0.859062	0.014384	0.000000	0.000000	0.000000
450	0.000000	0.000000	0.000000	0.126672	0.859115	0.014213	0.000000	0.000000	0.000000
451	0.000000	0.000000	0.000000	0.126575	0.859234	0.014191	0.000000	0.000000	0.000000
452	0.000000	0.000000	0.000000	0.126856	0.859084	0.014060	0.000000	0.000000	0.000000
453	0.000000	0.000000	0.000000	0.127104	0.858708	0.014188	0.000000	0.000000	0.000000
454	0.000000	0.000000	0.000000	0.127330	0.858385	0.014285	0.000000	0.000000	0.000000
455	0.000000	0.000000	0.000000	0.127222	0.858573	0.014205	0.000000	0.000000	0.000000
456	0.000000	0.000000	0.000000	0.127287	0.858590	0.014123	0.000000	0.000000	0.000000
457	0.000000	0.000000	0.000000	0.127603	0.858279	0.014118	0.000000	0.000000	0.000000
458	0.000000	0.000000	0.000000	0.127660	0.858172	0.014168	0.000000	0.000000	0.000000
459	0.000000	0.000000	0.000000	0.127777	0.858045	0.014178	0.000000	0.000000	0.000000
460	0.000000	0.000000	0.000000	0.127556	0.858092	0.014352	0.000000	0.000000	0.000000
461	0.000000	0.000000	0.000000	0.127221	0.858594	0.014185	0.000000	0.000000	0.000000
462	0.000000	0.000000	0.000000	0.126960	0.858851	0.014189	0.000000	0.000000	0.000000
463	0.000000	0.000000	0.000000	0.126808	0.859102	0.014090	0.000000	0.000000	0.000000
464	0.000000	0.000000	0.000000	0.126879	0.859025	0.014096	0.000000	0.000000	0.000000
465	0.000000	0.000000	0.000000	0.127101	0.858968	0.013931	0.000000	0.000000	0.000000
466	0.000000	0.000000	0.000000	0.127077	0.858954	0.013969	0.000000	0.000000	0.000000
467	0.000000	0.000000	0.000000	0.127087	0.858955	0.013958	0.000000	0.000000	0.000000
468	0.000000	0.000000	0.000000	0.126952	0.859213	0.013835	0.000000	0.000000	0.000000
469	0.000000	0.000000	0.000000	0.127531	0.858491	0.013978	0.000000	0.000000	0.000000
470	0.000000	0.000000	0.000000	0.127177	0.858937	0.013886	0.000000	0.000000	0.000000
