0	0.290663	0.057897	0.229473	0.157588	0.029913	0.111872	0.085455	0.012259	0.024880
1	0.225493	0.046620	0.194719	0.139547	0.028501	0.119804	0.126144	0.023987	0.095185
2	0.220141	0.044433	0.189769	0.132285	0.029498	0.114981	0.133810	0.025197	0.109886
3	0.220696	0.043085	0.186274	0.126420	0.030920	0.109450	0.137452	0.025082	0.120621
4	0.222427	0.041761	0.182990	0.121462	0.032541	0.103986	0.140133	0.024879	0.129821
5	0.224605	0.040986	0.179814	0.116912	0.034349	0.097596	0.142151	0.024426	0.139161
6	0.227465	0.039768	0.176260	0.112733	0.036524	0.092046	0.143703	0.023934	0.147567
7	0.229948	0.038358	0.172871	0.108616	0.038809	0.086629	0.144817	0.023369	0.156583
8	0.232107	0.037171	0.169356	0.104809	0.041055	0.081182	0.146404	0.022864	0.165052
9	0.235617	0.036135	0.165149	0.100891	0.043969	0.076015	0.146842	0.022202	0.173180
10	0.237909	0.034993	0.161369	0.097152	0.046892	0.071540	0.146925	0.021451	0.181769
11	0.240298	0.034031	0.157098	0.093882	0.050099	0.066636	0.146899	0.021013	0.190044
12	0.242987	0.032666	0.152410	0.091028	0.053681	0.063128	0.146105	0.020491	0.197504
13	0.245644	0.031808	0.147789	0.087802	0.056913	0.058864	0.145373	0.019900	0.205907
14	0.247992	0.030829	0.143354	0.085207	0.060615	0.055505	0.143770	0.019489	0.213239
15	0.250201	0.029740	0.138527	0.082016	0.064433	0.051988	0.142840	0.018691	0.221564
16	0.252089	0.028858	0.133992	0.079229	0.068504	0.048934	0.141718	0.018219	0.228457
17	0.253919	0.027639	0.129734	0.076612	0.072937	0.045647	0.140600	0.017561	0.235351
18	0.256291	0.026626	0.125582	0.074031	0.077325	0.042651	0.138569	0.016896	0.242029
19	0.257116	0.025713	0.120416	0.071911	0.082294	0.039749	0.137050	0.016182	0.249569
20	0.257951	0.024775	0.116237	0.069395	0.087301	0.037524	0.134522	0.015662	0.256633
21	0.259106	0.024116	0.111878	0.067104	0.092721	0.035131	0.132643	0.015107	0.262194
22	0.260119	0.023020	0.107106	0.065014	0.097977	0.032923	0.130653	0.014795	0.268393
23	0.260684	0.022429	0.102456	0.063114	0.103734	0.031133	0.128522	0.014175	0.273753
24	0.261025	0.021490	0.098059	0.061520	0.109495	0.029060	0.125916	0.013960	0.279475
25	0.261129	0.020785	0.094360	0.059197	0.115792	0.027165	0.123508	0.013413	0.284651
26	0.260624	0.019926	0.089991	0.057547	0.122694	0.025506	0.120707	0.012843	0.290162
27	0.261460	0.019162	0.086053	0.055932	0.129173	0.023755	0.118390	0.012457	0.293618
28	0.261215	0.018605	0.082375	0.054484	0.135543	0.022407	0.115784	0.011826	0.297761
29	0.260817	0.017823	0.078309	0.052976	0.142714	0.020979	0.112868	0.011429	0.302085
30	0.259804	0.017108	0.074816	0.051490	0.150107	0.019802	0.110294	0.011141	0.305438
31	0.259027	0.016348	0.071069	0.050145	0.157924	0.018700	0.107893	0.010691	0.308203
32	0.257574	0.015787	0.067287	0.048951	0.165889	0.017777	0.105361	0.010143	0.311231
33	0.256112	0.015276	0.064503	0.047676	0.173973	0.016661	0.102381	0.009605	0.313813
34	0.254113	0.014643	0.061580	0.046611	0.182378	0.015538	0.099732	0.009127	0.316278
35	0.252681	0.014174	0.058792	0.045544	0.191071	0.014680	0.096706	0.008644	0.317708
36	0.250504	0.013743	0.055574	0.044458	0.200134	0.013795	0.093640	0.008332	0.319820
37	0.248128	0.013087	0.052561	0.043528	0.209200	0.012986	0.090587	0.007857	0.322066
38	0.245372	0.012472	0.049758	0.042587	0.218864	0.012193	0.087817	0.007412	0.323525
39	0.242636	0.011997	0.047249	0.041680	0.228422	0.011422	0.085030	0.007186	0.324378
40	0.239287	0.011484	0.044342	0.041007	0.238211	0.010963	0.082412	0.006874	0.325420
41	0.236025	0.010899	0.041757	0.040293	0.248663	0.010733	0.079997	0.006547	0.325086
42	0.232999	0.010411	0.039561	0.039444	0.258380	0.010269	0.077393	0.006265	0.325278
43	0.229784	0.009915	0.037485	0.038702	0.268505	0.009742	0.074814	0.005991	0.325062
44	0.226997	0.009348	0.035351	0.038002	0.279073	0.009261	0.072397	0.005703	0.323868
45	0.222988	0.008971	0.033429	0.037745	0.289337	0.008761	0.069779	0.005363	0.323627
46	0.219405	0.008547	0.031579	0.037037	0.300216	0.008403	0.067318	0.005072	0.322423
47	0.215467	0.008212	0.030136	0.036549	0.310866	0.008164	0.064689	0.004865	0.321052
48	0.210999	0.007709	0.028459	0.036077	0.321621	0.007765	0.062548	0.004575	0.320247
49	0.207319	0.007408	0.026864	0.035572	0.332526	0.007439	0.060207	0.004374	0.318291
50	0.203003	0.007036	0.025316	0.035089	0.343714	0.007059	0.058117	0.004130	0.316536
51	0.198902	0.006624	0.023725	0.034717	0.355063	0.006753	0.055921	0.003935	0.314360
52	0.194952	0.006371	0.022172	0.034414	0.366364	0.006593	0.053667	0.003684	0.311783
53	0.190976	0.006128	0.020576	0.033726	0.378538	0.006331	0.051204	0.003465	0.309056
54	0.186425	0.005869	0.019317	0.033554	0.389927	0.006032	0.049394	0.003250	0.306232
55	0.181927	0.005423	0.018003	0.033336	0.401590	0.005785	0.047365	0.003134	0.303437
56	0.177572	0.005091	0.016743	0.033269	0.413307	0.005606	0.045042	0.003025	0.300345
57	0.172780	0.004907	0.015717	0.032820	0.425171	0.005522	0.043396	0.002819	0.296868
58	0.168211	0.004546	0.014763	0.032720	0.436911	0.005267	0.041300	0.002665	0.293617
59	0.163438	0.004328	0.013802	0.032739	0.448637	0.005020	0.039588	0.002524	0.289924
60	0.158834	0.004130	0.012847	0.032396	0.460342	0.004846	0.037697	0.002366	0.286542
61	0.154346	0.003865	0.011914	0.032158	0.471945	0.004754	0.035989	0.002263	0.282766
62	0.149576	0.003682	0.011250	0.031935	0.483848	0.004634	0.034342	0.002148	0.278585
63	0.144940	0.003508	0.010347	0.031804	0.495495	0.004499	0.032957	0.002025	0.274425
64	0.139939	0.003252	0.009643	0.031638	0.507364	0.004480	0.031680	0.001869	0.270135
65	0.135676	0.003020	0.008910	0.031417	0.519004	0.004369	0.030138	0.001822	0.265644
66	0.131262	0.002903	0.008228	0.031058	0.530772	0.004259	0.028591	0.001688	0.261239
67	0.127152	0.002712	0.007544	0.030866	0.542283	0.004138	0.027440	0.001574	0.256291
68	0.122883	0.002501	0.006997	0.030707	0.553173	0.004044	0.026127	0.001493	0.252075
69	0.118682	0.002258	0.006549	0.030485	0.564594	0.004060	0.024830	0.001402	0.247140
70	0.114452	0.002077	0.005996	0.030469	0.575755	0.004011	0.023649	0.001359	0.242232
71	0.110450	0.001875	0.005517	0.030563	0.586838	0.003866	0.022674	0.001285	0.236932
72	0.106234	0.001732	0.005018	0.030446	0.597659	0.003922	0.021599	0.001259	0.232131
73	0.102218	0.001588	0.004654	0.030288	0.608438	0.003862	0.020708	0.001147	0.227097
74	0.098121	0.001494	0.004345	0.030200	0.619293	0.003730	0.019891	0.001128	0.221798
75	0.094123	0.001394	0.003936	0.030158	0.630028	0.003670	0.018841	0.001085	0.216765
76	0.089957	0.001318	0.003509	0.030056	0.640651	0.003637	0.017939	0.001026	0.211907
77	0.086541	0.001195	0.003191	0.030162	0.650707	0.003594	0.017074	0.000952	0.206584
78	0.082800	0.001101	0.002926	0.029930	0.660673	0.003583	0.016087	0.000899	0.202001
79	0.078664	0.001019	0.002640	0.029983	0.670816	0.003571	0.015236	0.000855	0.197216
80	0.075074	0.000939	0.002449	0.030012	0.680440	0.003418	0.014272	0.000803	0.192593
81	0.071566	0.000843	0.002205	0.030019	0.690276	0.003444	0.013530	0.000776	0.187341
82	0.067935	0.000704	0.002021	0.029731	0.700081	0.003463	0.012746	0.000725	0.182594
83	0.065010	0.000616	0.001866	0.029940	0.709348	0.003403	0.011933	0.000703	0.177181
84	0.061942	0.000565	0.001696	0.029891	0.718286	0.003370	0.011287	0.000693	0.172270
85	0.059079	0.000528	0.001517	0.029872	0.726996	0.003328	0.010451	0.000623	0.167606
86	0.055912	0.000484	0.001395	0.029612	0.736040	0.003211	0.009974	0.000604	0.162768
87	0.053120	0.000447	0.001281	0.029551	0.744567	0.003173	0.009278	0.000612	0.157971
88	0.050543	0.000414	0.001183	0.029606	0.752605	0.003099	0.008772	0.000595	0.153183
89	0.048066	0.000385	0.001016	0.029658	0.760340	0.003134	0.008343	0.000558	0.148500
90	0.045461	0.000360	0.000878	0.029757	0.768139	0.003024	0.007699	0.000537	0.144145
91	0.042901	0.000303	0.000800	0.029965	0.775370	0.002999	0.007251	0.000517	0.139894
92	0.040501	0.000282	0.000733	0.029878	0.783092	0.002965	0.006853	0.000457	0.135239
93	0.038077	0.000252	0.000687	0.029844	0.790320	0.002917	0.006394	0.000441	0.131068
94	0.036122	0.000218	0.000599	0.029770	0.797071	0.002851	0.006109	0.000400	0.126860
95	0.034015	0.000191	0.000507	0.029564	0.803728	0.002863	0.005616	0.000356	0.123160
96	0.031953	0.000169	0.000454	0.029754	0.809942	0.002851	0.005359	0.000339	0.119179
97	0.030075	0.000139	0.000399	0.029663	0.816472	0.002841	0.005071	0.000308	0.115032
98	0.028530	0.000124	0.000339	0.029834	0.822095	0.002758	0.004680	0.000256	0.111384
99	0.026659	0.000119	0.000315	0.029671	0.828220	0.002828	0.004383	0.000236	0.107569
100	0.025170	0.000095	0.000295	0.029542	0.834177	0.002877	0.004100	0.000204	0.103540
101	0.023921	0.000087	0.000242	0.029425	0.839849	0.002833	0.003772	0.000182	0.099689
102	0.022567	0.000079	0.000208	0.029383	0.845350	0.002770	0.003471	0.000166	0.096006
103	0.021360	0.000062	0.000212	0.029387	0.850257	0.002750	0.003271	0.000152	0.092549
104	0.020144	0.000060	0.000201	0.029456	0.855187	0.002773	0.003043	0.000145	0.088991
105	0.018924	0.000056	0.000181	0.029424	0.860049	0.002715	0.002874	0.000123	0.085654
106	0.017689	0.000057	0.000163	0.029433	0.864698	0.002757	0.002689	0.000117	0.082397
107	0.016508	0.000047	0.000132	0.029578	0.869203	0.002809	0.002578	0.000101	0.079044
108	0.015485	0.000048	0.000125	0.029566	0.873519	0.002771	0.002372	0.000110	0.076004
109	0.014432	0.000053	0.000110	0.029699	0.877506	0.002760	0.002228	0.000106	0.073106
110	0.013540	0.000050	0.000107	0.029645	0.881431	0.002769	0.002125	0.000090	0.070243
111	0.012594	0.000032	0.000095	0.029542	0.885546	0.002663	0.001925	0.000079	0.067524
112	0.011786	0.000027	0.000080	0.029657	0.888913	0.002706	0.001797	0.000057	0.064977
113	0.010941	0.000023	0.000082	0.029739	0.892400	0.002686	0.001654	0.000048	0.062427
114	0.010276	0.000019	0.000075	0.029863	0.895518	0.002670	0.001548	0.000050	0.059981
115	0.009596	0.000018	0.000066	0.029927	0.898703	0.002724	0.001447	0.000044	0.057475
116	0.008886	0.000018	0.000060	0.029590	0.902424	0.002759	0.001362	0.000046	0.054855
117	0.008356	0.000016	0.000056	0.029590	0.905563	0.002715	0.001306	0.000055	0.052343
118	0.007787	0.000012	0.000055	0.029620	0.908610	0.002685	0.001180	0.000051	0.050000
119	0.007203	0.000010	0.000054	0.029506	0.911422	0.002661	0.001127	0.000042	0.047975
120	0.006664	0.000011	0.000040	0.029577	0.914091	0.002631	0.001086	0.000039	0.045861
121	0.006327	0.000008	0.000037	0.029548	0.916503	0.002735	0.001042	0.000039	0.043761
122	0.005912	0.000003	0.000026	0.029516	0.919322	0.002684	0.000957	0.000033	0.041547
123	0.005478	0.000006	0.000024	0.029421	0.921695	0.002742	0.000888	0.000037	0.039709
124	0.005151	0.000006	0.000021	0.029489	0.923655	0.002752	0.000826	0.000028	0.038072
125	0.004720	0.000005	0.000020	0.029571	0.925746	0.002750	0.000804	0.000025	0.036359
126	0.004308	0.000005	0.000012	0.029642	0.927713	0.002714	0.000746	0.000020	0.034840
127	0.004031	0.000005	0.000011	0.029540	0.929861	0.002740	0.000689	0.000014	0.033109
128	0.003664	0.000006	0.000013	0.029641	0.931750	0.002751	0.000617	0.000007	0.031551
129	0.003325	0.000004	0.000012	0.029646	0.933723	0.002765	0.000592	0.000009	0.029924
130	0.003069	0.000002	0.000014	0.029780	0.935301	0.002841	0.000544	0.000011	0.028438
131	0.002830	0.000003	0.000013	0.029692	0.937134	0.002860	0.000444	0.000005	0.027019
132	0.002637	0.000003	0.000011	0.029716	0.938846	0.002818	0.000410	0.000005	0.025554
133	0.002409	0.000002	0.000008	0.029603	0.940489	0.002812	0.000376	0.000005	0.024296
134	0.002239	0.000002	0.000007	0.029671	0.941806	0.002795	0.000340	0.000003	0.023137
135	0.002025	0.000001	0.000009	0.029651	0.943243	0.002761	0.000314	0.000002	0.021994
136	0.001876	0.000000	0.000007	0.029712	0.944699	0.002716	0.000301	0.000003	0.020686
137	0.001753	0.000000	0.000010	0.029645	0.945865	0.002728	0.000287	0.000001	0.019711
138	0.001595	0.000000	0.000011	0.029704	0.947053	0.002679	0.000266	0.000002	0.018690
139	0.001427	0.000000	0.000012	0.029874	0.947977	0.002741	0.000249	0.000001	0.017719
140	0.001274	0.000000	0.000009	0.029922	0.949061	0.002779	0.000256	0.000001	0.016698
141	0.001140	0.000000	0.000005	0.029924	0.950184	0.002778	0.000215	0.000000	0.015754
142	0.001029	0.000000	0.000006	0.029988	0.950987	0.002757	0.000201	0.000000	0.015032
143	0.000948	0.000000	0.000005	0.029790	0.951999	0.002800	0.000198	0.000000	0.014260
144	0.000851	0.000000	0.000006	0.029851	0.952935	0.002815	0.000209	0.000000	0.013333
145	0.000792	0.000000	0.000006	0.029899	0.953788	0.002793	0.000178	0.000000	0.012544
146	0.000723	0.000000	0.000005	0.029860	0.954531	0.002802	0.000172	0.000000	0.011907
147	0.000631	0.000000	0.000007	0.029933	0.955228	0.002806	0.000164	0.000000	0.011231
148	0.000567	0.000000	0.000008	0.029832	0.955944	0.002821	0.000141	0.000000	0.010687
149	0.000543	0.000000	0.000006	0.029896	0.956505	0.002821	0.000147	0.000000	0.010082
150	0.000526	0.000000	0.000005	0.029731	0.957364	0.002803	0.000150	0.000000	0.009421
151	0.000467	0.000000	0.000006	0.029934	0.957802	0.002761	0.000146	0.000000	0.008884
152	0.000423	0.000000	0.000002	0.030039	0.958288	0.002749	0.000154	0.000000	0.008345
153	0.000369	0.000000	0.000002	0.029968	0.958899	0.002755	0.000148	0.000000	0.007859
154	0.000320	0.000000	0.000005	0.030285	0.959108	0.002758	0.000161	0.000000	0.007363
155	0.000290	0.000000	0.000005	0.029999	0.959942	0.002782	0.000157	0.000000	0.006825
156	0.000268	0.000000	0.000004	0.030190	0.960156	0.002849	0.000136	0.000000	0.006397
157	0.000232	0.000000	0.000002	0.029987	0.960703	0.002858	0.000118	0.000000	0.006100
158	0.000237	0.000000	0.000002	0.030121	0.960994	0.002825	0.000114	0.000000	0.005707
159	0.000205	0.000000	0.000002	0.029821	0.961656	0.002804	0.000119	0.000000	0.005393
160	0.000178	0.000000	0.000002	0.029781	0.962128	0.002745	0.000104	0.000000	0.005062
161	0.000160	0.000000	0.000000	0.029760	0.962508	0.002771	0.000110	0.000000	0.004691
162	0.000147	0.000000	0.000000	0.029758	0.962809	0.002782	0.000117	0.000000	0.004387
163	0.000139	0.000000	0.000000	0.029671	0.963246	0.002764	0.000109	0.000000	0.004071
164	0.000124	0.000000	0.000000	0.029731	0.963367	0.002821	0.000104	0.000000	0.003853
165	0.000103	0.000000	0.000000	0.029545	0.963945	0.002734	0.000094	0.000000	0.003579
166	0.000092	0.000000	0.000000	0.029656	0.964154	0.002706	0.000087	0.000000	0.003305
167	0.000077	0.000000	0.000000	0.029842	0.964135	0.002744	0.000077	0.000000	0.003125
168	0.000084	0.000000	0.000000	0.029814	0.964436	0.002688	0.000077	0.000000	0.002901
169	0.000070	0.000000	0.000000	0.029719	0.964731	0.002673	0.000071	0.000000	0.002736
170	0.000066	0.000000	0.000000	0.029734	0.964903	0.002681	0.000060	0.000000	0.002556
171	0.000065	0.000000	0.000000	0.029837	0.964883	0.002761	0.000053	0.000000	0.002401
172	0.000043	0.000000	0.000000	0.029776	0.965138	0.002748	0.000051	0.000000	0.002244
173	0.000039	0.000000	0.000000	0.029552	0.965457	0.002816	0.000030	0.000000	0.002106
174	0.000029	0.000000	0.000000	0.029399	0.965762	0.002806	0.000028	0.000000	0.001976
175	0.000027	0.000000	0.000000	0.029577	0.965710	0.002804	0.000020	0.000000	0.001862
176	0.000022	0.000000	0.000000	0.029656	0.965783	0.002792	0.000021	0.000000	0.001726
177	0.000021	0.000000	0.000000	0.029736	0.965777	0.002834	0.000018	0.000000	0.001614
178	0.000017	0.000000	0.000000	0.029691	0.965917	0.002823	0.000013	0.000000	0.001539
179	0.000017	0.000000	0.000000	0.029593	0.966023	0.002859	0.000015	0.000000	0.001493
180	0.000015	0.000000	0.000000	0.029863	0.965907	0.002809	0.000011	0.000000	0.001395
181	0.000017	0.000000	0.000000	0.029766	0.966032	0.002860	0.000009	0.000000	0.001316
182	0.000015	0.000000	0.000000	0.029466	0.966468	0.002818	0.000011	0.000000	0.001222
183	0.000016	0.000000	0.000000	0.029437	0.966491	0.002898	0.000009	0.000000	0.001149
184	0.000015	0.000000	0.000000	0.029481	0.966617	0.002847	0.000004	0.000000	0.001036
185	0.000013	0.000000	0.000000	0.029364	0.966844	0.002823	0.000004	0.000000	0.000952
186	0.000012	0.000000	0.000000	0.029393	0.966851	0.002844	0.000003	0.000000	0.000897
187	0.000011	0.000000	0.000000	0.029689	0.966489	0.002944	0.000003	0.000000	0.000864
188	0.000012	0.000000	0.000000	0.029886	0.966452	0.002864	0.000005	0.000000	0.000781
189	0.000011	0.000000	0.000000	0.029901	0.966432	0.002898	0.000006	0.000000	0.000752
190	0.000012	0.000000	0.000000	0.030070	0.966269	0.002936	0.000001	0.000000	0.000712
191	0.000009	0.000000	0.000000	0.029968	0.966421	0.002942	0.000001	0.000000	0.000659
192	0.000005	0.000000	0.000000	0.029891	0.966508	0.002977	0.000001	0.000000	0.000618
193	0.000003	0.000000	0.000000	0.029933	0.966626	0.002864	0.000000	0.000000	0.000574
194	0.000004	0.000000	0.000000	0.030028	0.966559	0.002878	0.000000	0.000000	0.000531
195	0.000002	0.000000	0.000000	0.029910	0.966739	0.002839	0.000000	0.000000	0.000510
196	0.000002	0.000000	0.000000	0.029802	0.966924	0.002786	0.000000	0.000000	0.000486
197	0.000000	0.000000	0.000000	0.029777	0.967002	0.002763	0.000000	0.000000	0.000458
198	0.000000	0.000000	0.000000	0.029877	0.966958	0.002742	0.000000	0.000000	0.000423
199	0.000000	0.000000	0.000000	0.029584	0.967174	0.002844	0.000000	0.000000	0.000398
200	0.000000	0.000000	0.000000	0.029522	0.967316	0.002803	0.000000	0.000000	0.000359
201	0.000000	0.000000	0.000000	0.029549	0.967312	0.002831	0.000000	0.000000	0.000308
202	0.000000	0.000000	0.000000	0.029262	0.967632	0.002822	0.000000	0.000000	0.000284
203	0.000000	0.000000	0.000000	0.029120	0.967810	0.002800	0.000000	0.000000	0.000270
204	0.000000	0.000000	0.000000	0.029182	0.967769	0.002823	0.000000	0.000000	0.000226
205	0.000000	0.000000	0.000000	0.029154	0.967808	0.002827	0.000000	0.000000	0.000211
206	0.000000	0.000000	0.000000	0.029143	0.967875	0.002782	0.000000	0.000000	0.000200
207	0.000000	0.000000	0.000000	0.029027	0.967911	0.002860	0.000000	0.000000	0.000202
208	0.000000	0.000000	0.000000	0.029020	0.967920	0.002890	0.000000	0.000000	0.000170
209	0.000000	0.000000	0.000000	0.029012	0.967994	0.002830	0.000000	0.000000	0.000164
210	0.000000	0.000000	0.000000	0.029058	0.967950	0.002835	0.000000	0.000000	0.000157
211	0.000000	0.000000	0.000000	0.028832	0.968233	0.002785	0.000000	0.000000	0.000150
212	0.000000	0.000000	0.000000	0.028795	0.968293	0.002772	0.000000	0.000000	0.000140
213	0.000000	0.000000	0.000000	0.028781	0.968261	0.002827	0.000000	0.000000	0.000131
214	0.000000	0.000000	0.000000	0.028832	0.968214	0.002830	0.000000	0.000000	0.000124
215	0.000000	0.000000	0.000000	0.028850	0.968271	0.002769	0.000000	0.000000	0.000110
216	0.000000	0.000000	0.000000	0.028853	0.968227	0.002817	0.000000	0.000000	0.000103
217	0.000000	0.000000	0.000000	0.028899	0.968171	0.002834	0.000000	0.000000	0.000096
218	0.000000	0.000000	0.000000	0.028873	0.968175	0.002855	0.000000	0.000000	0.000097
219	0.000000	0.000000	0.000000	0.028916	0.968185	0.002815	0.000000	0.000000	0.000084
220	0.000000	0.000000	0.000000	0.028957	0.968134	0.002823	0.000000	0.000000	0.000086
221	0.000000	0.000000	0.000000	0.029017	0.968083	0.002825	0.000000	0.000000	0.000075
222	0.000000	0.000000	0.000000	0.028685	0.968456	0.002795	0.000000	0.000000	0.000064
223	0.000000	0.000000	0.000000	0.028917	0.968226	0.002808	0.000000	0.000000	0.000049
224	0.000000	0.000000	0.000000	0.028784	0.968387	0.002777	0.000000	0.000000	0.000052
225	0.000000	0.000000	0.000000	0.028682	0.968470	0.002795	0.000000	0.000000	0.000053
226	0.000000	0.000000	0.000000	0.028843	0.968323	0.002783	0.000000	0.000000	0.000051
227	0.000000	0.000000	0.000000	0.028838	0.968298	0.002813	0.000000	0.000000	0.000051
228	0.000000	0.000000	0.000000	0.028833	0.968300	0.002819	0.000000	0.000000	0.000048
229	0.000000	0.000000	0.000000	0.028908	0.968180	0.002870	0.000000	0.000000	0.000042
230	0.000000	0.000000	0.000000	0.028813	0.968274	0.002875	0.000000	0.000000	0.000038
231	0.000000	0.000000	0.000000	0.028649	0.968420	0.002888	0.000000	0.000000	0.000043
232	0.000000	0.000000	0.000000	0.028902	0.968155	0.002909	0.000000	0.000000	0.000034
233	0.000000	0.000000	0.000000	0.028802	0.968347	0.002819	0.000000	0.000000	0.000032
234	0.000000	0.000000	0.000000	0.028739	0.968406	0.002827	0.000000	0.000000	0.000028
235	0.000000	0.000000	0.000000	0.028750	0.968363	0.002861	0.000000	0.000000	0.000026
236	0.000000	0.000000	0.000000	0.028789	0.968341	0.002848	0.000000	0.000000	0.000022
237	0.000000	0.000000	0.000000	0.028607	0.968521	0.002853	0.000000	0.000000	0.000019
238	0.000000	0.000000	0.000000	0.028661	0.968506	0.002813	0.000000	0.000000	0.000020
239	0.000000	0.000000	0.000000	0.028727	0.968367	0.002886	0.000000	0.000000	0.000020
240	0.000000	0.000000	0.000000	0.028635	0.968486	0.002870	0.000000	0.000000	0.000009
241	0.000000	0.000000	0.000000	0.028647	0.968574	0.002769	0.000000	0.000000	0.000010
242	0.000000	0.000000	0.000000	0.028597	0.968616	0.002777	0.000000	0.000000	0.000010
243	0.000000	0.000000	0.000000	0.028586	0.968589	0.002812	0.000000	0.000000	0.000013
244	0.000000	0.000000	0.000000	0.028442	0.968710	0.002842	0.000000	0.000000	0.000006
245	0.000000	0.000000	0.000000	0.028332	0.968801	0.002860	0.000000	0.000000	0.000007
246	0.000000	0.000000	0.000000	0.028453	0.968765	0.002775	0.000000	0.000000	0.000007
247	0.000000	0.000000	0.000000	0.028304	0.968870	0.002821	0.000000	0.000000	0.000005
248	0.000000	0.000000	0.000000	0.028256	0.968931	0.002807	0.000000	0.000000	0.000006
249	0.000000	0.000000	0.000000	0.028125	0.968922	0.002947	0.000000	0.000000	0.000006
250	0.000000	0.000000	0.000000	0.028169	0.968997	0.002831	0.000000	0.000000	0.000003
251	0.000000	0.000000	0.000000	0.028376	0.968731	0.002887	0.000000	0.000000	0.000006
252	0.000000	0.000000	0.000000	0.028329	0.968790	0.002878	0.000000	0.000000	0.000003
253	0.000000	0.000000	0.000000	0.028495	0.968620	0.002883	0.000000	0.000000	0.000002
254	0.000000	0.000000	0.000000	0.028545	0.968583	0.002872	0.000000	0.000000	0.000000
255	0.000000	0.000000	0.000000	0.028377	0.968677	0.002946	0.000000	0.000000	0.000000
256	0.000000	0.000000	0.000000	0.028305	0.968744	0.002951	0.000000	0.000000	0.000000
257	0.000000	0.000000	0.000000	0.028295	0.968796	0.002909	0.000000	0.000000	0.000000
258	0.000000	0.000000	0.000000	0.028076	0.969041	0.002883	0.000000	0.000000	0.000000
259	0.000000	0.000000	0.000000	0.028099	0.969054	0.002847	0.000000	0.000000	0.000000
260	0.000000	0.000000	0.000000	0.027951	0.969214	0.002835	0.000000	0.000000	0.000000
261	0.000000	0.000000	0.000000	0.028106	0.969107	0.002787	0.000000	0.000000	0.000000
262	0.000000	0.000000	0.000000	0.027997	0.969221	0.002782	0.000000	0.000000	0.000000
263	0.000000	0.000000	0.000000	0.027990	0.969290	0.002720	0.000000	0.000000	0.000000
264	0.000000	0.000000	0.000000	0.028125	0.969054	0.002821	0.000000	0.000000	0.000000
265	0.000000	0.000000	0.000000	0.028054	0.969205	0.002741	0.000000	0.000000	0.000000
266	0.000000	0.000000	0.000000	0.028114	0.969094	0.002792	0.000000	0.000000	0.000000
267	0.000000	0.000000	0.000000	0.027966	0.969297	0.002737	0.000000	0.000000	0.000000
268	0.000000	0.000000	0.000000	0.027949	0.969303	0.002748	0.000000	0.000000	0.000000
269	0.000000	0.000000	0.000000	0.027781	0.969424	0.002795	0.000000	0.000000	0.000000
270	0.000000	0.000000	0.000000	0.027803	0.969386	0.002811	0.000000	0.000000	0.000000
271	0.000000	0.000000	0.000000	0.027862	0.969437	0.002701	0.000000	0.000000	0.000000
272	0.000000	0.000000	0.000000	0.027835	0.969425	0.002740	0.000000	0.000000	0.000000
273	0.000000	0.000000	0.000000	0.027838	0.969424	0.002738	0.000000	0.000000	0.000000
274	0.000000	0.000000	0.000000	0.027716	0.969570	0.002714	0.000000	0.000000	0.000000
275	0.000000	0.000000	0.000000	0.027645	0.969583	0.002772	0.000000	0.000000	0.000000
276	0.000000	0.000000	0.000000	0.027616	0.969650	0.002734	0.000000	0.000000	0.000000
277	0.000000	0.000000	0.000000	0.027607	0.969663	0.002730	0.000000	0.000000	0.000000
278	0.000000	0.000000	0.000000	0.027594	0.969629	0.002777	0.000000	0.000000	0.000000
279	0.000000	0.000000	0.000000	0.027833	0.969357	0.002810	0.000000	0.000000	0.000000
280	0.000000	0.000000	0.000000	0.027816	0.969411	0.002773	0.000000	0.000000	0.000000
281	0.000000	0.000000	0.000000	0.028007	0.969219	0.002774	0.000000	0.000000	0.000000
282	0.000000	0.000000	0.000000	0.027972	0.969234	0.002794	0.000000	0.000000	0.000000
283	0.000000	0.000000	0.000000	0.027763	0.969385	0.002852	0.000000	0.000000	0.000000
284	0.000000	0.000000	0.000000	0.027708	0.969410	0.002882	0.000000	0.000000	0.000000
285	0.000000	0.000000	0.000000	0.027523	0.969571	0.002906	0.000000	0.000000	0.000000
286	0.000000	0.000000	0.000000	0.027456	0.969748	0.002796	0.000000	0.000000	0.000000
287	0.000000	0.000000	0.000000	0.027350	0.969804	0.002846	0.000000	0.000000	0.000000
288	0.000000	0.000000	0.000000	0.027504	0.969663	0.002833	0.000000	0.000000	0.000000
289	0.000000	0.000000	0.000000	0.027378	0.969798	0.002824	0.000000	0.000000	0.000000
290	0.000000	0.000000	0.000000	0.027287	0.969925	0.002788	0.000000	0.000000	0.000000
291	0.000000	0.000000	0.000000	0.027369	0.969791	0.002840	0.000000	0.000000	0.000000
292	0.000000	0.000000	0.000000	0.027401	0.969732	0.002867	0.000000	0.000000	0.000000
293	0.000000	0.000000	0.000000	0.027326	0.969819	0.002855	0.000000	0.000000	0.000000
294	0.000000	0.000000	0.000000	0.027428	0.969790	0.002782	0.000000	0.000000	0.000000
295	0.000000	0.000000	0.000000	0.027350	0.969898	0.002752	0.000000	0.000000	0.000000
296	0.000000	0.000000	0.000000	0.027254	0.969971	0.002775	0.000000	0.000000	0.000000
297	0.000000	0.000000	0.000000	0.027301	0.969909	0.002790	0.000000	0.000000	0.000000
298	0.000000	0.000000	0.000000	0.027240	0.969944	0.002816	0.000000	0.000000	0.000000
299	0.000000	0.000000	0.000000	0.027182	0.969928	0.002890	0.000000	0.000000	0.000000
300	0.000000	0.000000	0.000000	0.027187	0.969899	0.002914	0.000000	0.000000	0.000000
301	0.000000	0.000000	0.000000	0.027124	0.969961	0.002915	0.000000	0.000000	0.000000
302	0.000000	0.000000	0.000000	0.027289	0.969732	0.002979	0.000000	0.000000	0.000000
303	0.000000	0.000000	0.000000	0.027165	0.969856	0.002979	0.000000	0.000000	0.000000
304	0.000000	0.000000	0.000000	0.027346	0.969744	0.002910	0.000000	0.000000	0.000000
305	0.000000	0.000000	0.000000	0.027352	0.969693	0.002955	0.000000	0.000000	0.000000
306	0.000000	0.000000	0.000000	0.027409	0.969668	0.002923	0.000000	0.000000	0.000000
307	0.000000	0.000000	0.000000	0.027390	0.969628	0.002982	0.000000	0.000000	0.000000
308	0.000000	0.000000	0.000000	0.027213	0.969818	0.002969	0.000000	0.000000	0.000000
309	0.000000	0.000000	0.000000	0.027335	0.969668	0.002997	0.000000	0.000000	0.000000
310	0.000000	0.000000	0.000000	0.027238	0.969713	0.003049	0.000000	0.000000	0.000000
311	0.000000	0.000000	0.000000	0.027307	0.969630	0.003063	0.000000	0.000000	0.000000
312	0.000000	0.000000	0.000000	0.027359	0.969583	0.003058	0.000000	0.000000	0.000000
313	0.000000	0.000000	0.000000	0.027235	0.969637	0.003128	0.000000	0.000000	0.000000
314	0.000000	0.000000	0.000000	0.027078	0.969791	0.003131	0.000000	0.000000	0.000000
315	0.000000	0.000000	0.000000	0.027185	0.969702	0.003113	0.000000	0.000000	0.000000
316	0.000000	0.000000	0.000000	0.027002	0.969890	0.003108	0.000000	0.000000	0.000000
317	0.000000	0.000000	0.000000	0.027011	0.969848	0.003141	0.000000	0.000000	0.000000
318	0.000000	0.000000	0.000000	0.026889	0.969999	0.003112	0.000000	0.000000	0.000000
319	0.000000	0.000000	0.000000	0.026927	0.969935	0.003138	0.000000	0.000000	0.000000
320	0.000000	0.000000	0.000000	0.027018	0.969762	0.003220	0.000000	0.000000	0.000000
321	0.000000	0.000000	0.000000	0.026985	0.969818	0.003197	0.000000	0.000000	0.000000
322	0.000000	0.000000	0.000000	0.026945	0.969859	0.003196	0.000000	0.000000	0.000000
323	0.000000	0.000000	0.000000	0.027021	0.969759	0.003220	0.000000	0.000000	0.000000
324	0.000000	0.000000	0.000000	0.027082	0.969682	0.003236	0.000000	0.000000	0.000000
325	0.000000	0.000000	0.000000	0.027046	0.969761	0.003193	0.000000	0.000000	0.000000
326	0.000000	0.000000	0.000000	0.027282	0.969534	0.003184	0.000000	0.000000	0.000000
327	0.000000	0.000000	0.000000	0.027221	0.969597	0.003182	0.000000	0.000000	0.000000
328	0.000000	0.000000	0.000000	0.027197	0.969611	0.003192	0.000000	0.000000	0.000000
329	0.000000	0.000000	0.000000	0.027125	0.969694	0.003181	0.000000	0.000000	0.000000
330	0.000000	0.000000	0.000000	0.027069	0.969782	0.003149	0.000000	0.000000	0.000000
331	0.000000	0.000000	0.000000	0.027030	0.969900	0.003070	0.000000	0.000000	0.000000
332	0.000000	0.000000	0.000000	0.026920	0.969956	0.003124	0.000000	0.000000	0.000000
333	0.000000	0.000000	0.000000	0.027153	0.969752	0.003095	0.000000	0.000000	0.000000
334	0.000000	0.000000	0.000000	0.027211	0.969712	0.003077	0.000000	0.000000	0.000000
335	0.000000	0.000000	0.000000	0.027241	0.969676	0.003083	0.000000	0.000000	0.000000
336	0.000000	0.000000	0.000000	0.027126	0.969820	0.003054	0.000000	0.000000	0.000000
337	0.000000	0.000000	0.000000	0.026942	0.969944	0.003114	0.000000	0.000000	0.000000
338	0.000000	0.000000	0.000000	0.026820	0.970027	0.003153	0.000000	0.000000	0.000000
339	0.000000	0.000000	0.000000	0.026820	0.970054	0.003126	0.000000	0.000000	0.000000
340	0.000000	0.000000	0.000000	0.026688	0.970127	0.003185	0.000000	0.000000	0.000000
341	0.000000	0.000000	0.000000	0.026712	0.970099	0.003189	0.000000	0.000000	0.000000
342	0.000000	0.000000	0.000000	0.026638	0.970194	0.003168	0.000000	0.000000	0.000000
343	0.000000	0.000000	0.000000	0.026582	0.970193	0.003225	0.000000	0.000000	0.000000
344	0.000000	0.000000	0.000000	0.026571	0.970221	0.003208	0.000000	0.000000	0.000000
345	0.000000	0.000000	0.000000	0.026498	0.970205	0.003297	0.000000	0.000000	0.000000
346	0.000000	0.000000	0.000000	0.026529	0.970062	0.003409	0.000000	0.000000	0.000000
347	0.000000	0.000000	0.000000	0.026584	0.970068	0.003348	0.000000	0.000000	0.000000
348	0.000000	0.000000	0.000000	0.026628	0.970077	0.003295	0.000000	0.000000	0.000000
349	0.000000	0.000000	0.000000	0.026656	0.970133	0.003211	0.000000	0.000000	0.000000
350	0.000000	0.000000	0.000000	0.026642	0.970151	0.003207	0.000000	0.000000	0.000000
351	0.000000	0.000000	0.000000	0.026754	0.970111	0.003135	0.000000	0.000000	0.000000
352	0.000000	0.000000	0.000000	0.026834	0.970031	0.003135	0.000000	0.000000	0.000000
353	0.000000	0.000000	0.000000	0.026853	0.969953	0.003194	0.000000	0.000000	0.000000
354	0.000000	0.000000	0.000000	0.026981	0.969891	0.003128	0.000000	0.000000	0.000000
355	0.000000	0.000000	0.000000	0.026770	0.970041	0.003189	0.000000	0.000000	0.000000
356	0.000000	0.000000	0.000000	0.026939	0.969843	0.003218	0.000000	0.000000	0.000000
357	0.000000	0.000000	0.000000	0.026728	0.970070	0.003202	0.000000	0.000000	0.000000
358	0.000000	0.000000	0.000000	0.026835	0.969986	0.003179	0.000000	0.000000	0.000000
359	0.000000	0.000000	0.000000	0.026757	0.970020	0.003223	0.000000	0.000000	0.000000
360	0.000000	0.000000	0.000000	0.026845	0.969917	0.003238	0.000000	0.000000	0.000000
361	0.000000	0.000000	0.000000	0.026773	0.970017	0.003210	0.000000	0.000000	0.000000
362	0.000000	0.000000	0.000000	0.026573	0.970255	0.003172	0.000000	0.000000	0.000000
363	0.000000	0.000000	0.000000	0.026656	0.970147	0.003197	0.000000	0.000000	0.000000
364	0.000000	0.000000	0.000000	0.026589	0.970275	0.003136	0.000000	0.000000	0.000000
365	0.000000	0.000000	0.000000	0.026526	0.970377	0.003097	0.000000	0.000000	0.000000
366	0.000000	0.000000	0.000000	0.026555	0.970330	0.003115	0.000000	0.000000	0.000000
367	0.000000	0.000000	0.000000	0.026417	0.970419	0.003164	0.000000	0.000000	0.000000
368	0.000000	0.000000	0.000000	0.026172	0.970695	0.003133	0.000000	0.000000	0.000000
369	0.000000	0.000000	0.000000	0.026116	0.970697	0.003187	0.000000	0.000000	0.000000
370	0.000000	0.000000	0.000000	0.026298	0.970543	0.003159	0.000000	0.000000	0.000000
371	0.000000	0.000000	0.000000	0.026099	0.970808	0.003093	0.000000	0.000000	0.000000
372	0.000000	0.000000	0.000000	0.026129	0.970769	0.003102	0.000000	0.000000	0.000000
373	0.000000	0.000000	0.000000	0.026064	0.970827	0.003109	0.000000	0.000000	0.000000
374	0.000000	0.000000	0.000000	0.026037	0.970885	0.003078	0.000000	0.000000	0.000000
375	0.000000	0.000000	0.000000	0.026005	0.970942	0.003053	0.000000	0.000000	0.000000
376	0.000000	0.000000	0.000000	0.026039	0.970952	0.003009	0.000000	0.000000	0.000000
377	0.000000	0.000000	0.000000	0.025959	0.971007	0.003034	0.000000	0.000000	0.000000
378	0.000000	0.000000	0.000000	0.025955	0.971076	0.002969	0.000000	0.000000	0.000000
379	0.000000	0.000000	0.000000	0.026081	0.970834	0.003085	0.000000	0.000000	0.000000
380	0.000000	0.000000	0.000000	0.025943	0.970907	0.003150	0.000000	0.000000	0.000000
381	0.000000	0.000000	0.000000	0.026043	0.970843	0.003114	0.000000	0.000000	0.000000
382	0.000000	0.000000	0.000000	0.026149	0.970738	0.003113	0.000000	0.000000	0.000000
383	0.000000	0.000000	0.000000	0.026186	0.970637	0.003177	0.000000	0.000000	0.000000
384	0.000000	0.000000	0.000000	0.026241	0.970592	0.003167	0.000000	0.000000	0.000000
385	0.000000	0.000000	0.000000	0.026368	0.970441	0.003191	0.000000	0.000000	0.000000
386	0.000000	0.000000	0.000000	0.026205	0.970708	0.003087	0.000000	0.000000	0.000000
387	0.000000	0.000000	0.000000	0.026112	0.970718	0.003170	0.000000	0.000000	0.000000
388	0.000000	0.000000	0.000000	0.026089	0.970789	0.003122	0.000000	0.000000	0.000000
389	0.000000	0.000000	0.000000	0.025957	0.970907	0.003136	0.000000	0.000000	0.000000
390	0.000000	0.000000	0.000000	0.025945	0.970881	0.003174	0.000000	0.000000	0.000000
391	0.000000	0.000000	0.000000	0.025590	0.971164	0.003246	0.000000	0.000000	0.000000
392	0.000000	0.000000	0.000000	0.025605	0.971082	0.003313	0.000000	0.000000	0.000000
393	0.000000	0.000000	0.000000	0.025476	0.971277	0.003247	0.000000	0.000000	0.000000
394	0.000000	0.000000	0.000000	0.025770	0.970969	0.003261	0.000000	0.000000	0.000000
395	0.000000	0.000000	0.000000	0.025864	0.970858	0.003278	0.000000	0.000000	0.000000
396	0.000000	0.000000	0.000000	0.026050	0.970641	0.003309	0.000000	0.000000	0.000000
397	0.000000	0.000000	0.000000	0.026090	0.970601	0.003309	0.000000	0.000000	0.000000
398	0.000000	0.000000	0.000000	0.026323	0.970362	0.003315	0.000000	0.000000	0.000000
399	0.000000	0.000000	0.000000	0.026291	0.970378	0.003331	0.000000	0.000000	0.000000
400	0.000000	0.000000	0.000000	0.026300	0.970347	0.003353	0.000000	0.000000	0.000000
401	0.000000	0.000000	0.000000	0.026340	0.970290	0.003370	0.000000	0.000000	0.000000
402	0.000000	0.000000	0.000000	0.026258	0.970390	0.003352	0.000000	0.000000	0.000000
403	0.000000	0.000000	0.000000	0.026311	0.970329	0.003360	0.000000	0.000000	0.000000
404	0.000000	0.000000	0.000000	0.026614	0.970077	0.003309	0.000000	0.000000	0.000000
405	0.000000	0.000000	0.000000	0.026598	0.970128	0.003274	0.000000	0.000000	0.000000
406	0.000000	0.000000	0.000000	0.026707	0.970043	0.003250	0.000000	0.000000	0.000000
407	0.000000	0.000000	0.000000	0.026837	0.969932	0.003231	0.000000	0.000000	0.000000
408	0.000000	0.000000	0.000000	0.026930	0.969895	0.003175	0.000000	0.000000	0.000000
409	0.000000	0.000000	0.000000	0.026760	0.970107	0.003133	0.000000	0.000000	0.000000
410	0.000000	0.000000	0.000000	0.026614	0.970127	0.003259	0.000000	0.000000	0.000000
411	0.000000	0.000000	0.000000	0.026929	0.969828	0.003243	0.000000	0.000000	0.000000
412	0.000000	0.000000	0.000000	0.026752	0.970024	0.003224	0.000000	0.000000	0.000000
413	0.000000	0.000000	0.000000	0.026753	0.970036	0.003211	0.000000	0.000000	0.000000
414	0.000000	0.000000	0.000000	0.026823	0.970001	0.003176	0.000000	0.000000	0.000000
415	0.000000	0.000000	0.000000	0.026818	0.969942	0.003240	0.000000	0.000000	0.000000
416	0.000000	0.000000	0.000000	0.026694	0.970068	0.003238	0.000000	0.000000	0.000000
417	0.000000	0.000000	0.000000	0.026618	0.970198	0.003184	0.000000	0.000000	0.000000
418	0.000000	0.000000	0.000000	0.026734	0.970124	0.003142	0.000000	0.000000	0.000000
419	0.000000	0.000000	0.000000	0.026709	0.970095	0.003196	0.000000	0.000000	0.000000
420	0.000000	0.000000	0.000000	0.026837	0.969955	0.003208	0.000000	0.000000	0.000000
421	0.000000	0.000000	0.000000	0.026767	0.969993	0.003240	0.000000	0.000000	0.000000
422	0.000000	0.000000	0.000000	0.026707	0.970019	0.003274	0.000000	0.000000	0.000000
423	0.000000	0.000000	0.000000	0.026578	0.970169	0.003253	0.000000	0.000000	0.000000
424	0.000000	0.000000	0.000000	0.026727	0.970057	0.003216	0.000000	0.000000	0.000000
425	0.000000	0.000000	0.000000	0.026666	0.970058	0.003276	0.000000	0.000000	0.000000
426	0.000000	0.000000	0.000000	0.026657	0.970042	0.003301	0.000000	0.000000	0.000000
427	0.000000	0.000000	0.000000	0.026552	0.970167	0.003281	0.000000	0.000000	0.000000
428	0.000000	0.000000	0.000000	0.026461	0.970283	0.003256	0.000000	0.000000	0.000000
429	0.000000	0.000000	0.000000	0.026379	0.970358	0.003263	0.000000	0.000000	0.000000
430	0.000000	0.000000	0.000000	0.026451	0.970304	0.003245	0.000000	0.000000	0.000000
431	0.000000	0.000000	0.000000	0.026508	0.970233	0.003259	0.000000	0.000000	0.000000
432	0.000000	0.000000	0.000000	0.026525	0.970229	0.003246	0.000000	0.000000	0.000000
433	0.000000	0.000000	0.000000	0.026632	0.970061	0.003307	0.000000	0.000000	0.000000
434	0.000000	0.000000	0.000000	0.026661	0.969999	0.003340	0.000000	0.000000	0.000000
435	0.000000	0.000000	0.000000	0.026654	0.970075	0.003271	0.000000	0.000000	0.000000
436	0.000000	0.000000	0.000000	0.026858	0.969945	0.003197	0.000000	0.000000	0.000000
437	0.000000	0.000000	0.000000	0.026748	0.970063	0.003189	0.000000	0.000000	0.000000
438	0.000000	0.000000	0.000000	0.026678	0.970161	0.003161	0.000000	0.000000	0.000000
439	0.000000	0.000000	0.000000	0.026581	0.970256	0.003163	0.000000	0.000000	0.000000
440	0.000000	0.000000	0.000000	0.026481	0.970376	0.003143	0.000000	0.000000	0.000000
441	0.000000	0.000000	0.000000	0.026474	0.970369	0.003157	0.000000	0.000000	0.000000
442	0.000000	0.000000	0.000000	0.026535	0.970269	0.003196	0.000000	0.000000	0.000000
443	0.000000	0.000000	0.000000	0.026470	0.970344	0.003186	0.000000	0.000000	0.000000
444	0.000000	0.000000	0.000000	0.026507	0.970370	0.003123	0.000000	0.000000	0.000000
445	0.000000	0.000000	0.000000	0.026393	0.970437	0.003170	0.000000	0.000000	0.000000
446	0.000000	0.000000	0.000000	0.026395	0.970435	0.003170	0.000000	0.000000	0.000000
447	0.000000	0.000000	0.000000	0.026452	0.970324	0.003224	0.000000	0.000000	0.000000
448	0.000000	0.000000	0.000000	0.026608	0.970169	0.003223	0.000000	0.000000	0.000000
449	0.000000	0.000000	0.000000	0.026460	0.970369	0.003171	0.000000	0.000000	0.000000
450	0.000000	0.000000	0.000000	0.026662	0.970143	0.003195	0.000000	0.000000	0.000000
451	0.000000	0.000000	0.000000	0.026787	0.970033	0.003180	0.000000	0.000000	0.000000
452	0.000000	0.000000	0.000000	0.026761	0.969995	0.003244	0.000000	0.000000	0.000000
453	0.000000	0.000000	0.000000	0.026577	0.970088	0.003335	0.000000	0.000000	0.000000
454	0.000000	0.000000	0.000000	0.026627	0.970041	0.003332	0.000000	0.000000	0.000000
455	0.000000	0.000000	0.000000	0.026700	0.970006	0.003294	0.000000	0.000000	0.000000
456	0.000000	0.000000	0.000000	0.026633	0.970086	0.003281	0.000000	0.000000	0.000000
457	0.000000	0.000000	0.000000	0.026649	0.970021	0.003330	0.000000	0.000000	0.000000
458	0.000000	0.000000	0.000000	0.026581	0.970084	0.003335	0.000000	0.000000	0.000000
459	0.000000	0.000000	0.000000	0.026833	0.969795	0.003372	0.000000	0.000000	0.000000
460	0.000000	0.000000	0.000000	0.026831	0.969809	0.003360	0.000000	0.000000	0.000000
461	0.000000	0.000000	0.000000	0.026703	0.969858	0.003439	0.000000	0.000000	0.000000
462	0.000000	0.000000	0.000000	0.026649	0.969922	0.003429	0.000000	0.000000	0.000000
463	0.000000	0.000000	0.000000	0.026646	0.969921	0.003433	0.000000	0.000000	0.000000
464	0.000000	0.000000	0.000000	0.026709	0.969875	0.003416	0.000000	0.000000	0.000000
465	0.000000	0.000000	0.000000	0.026613	0.969980	0.003407	0.000000	0.000000	0.000000
466	0.000000	0.000000	0.000000	0.026443	0.970117	0.003440	0.000000	0.000000	0.000000
467	0.000000	0.000000	0.000000	0.026622	0.969916	0.003462	0.000000	0.000000	0.000000
468	0.000000	0.000000	0.000000	0.026532	0.969937	0.003531	0.000000	0.000000	0.000000
469	0.000000	0.000000	0.000000	0.026560	0.969900	0.003540	0.000000	0.000000	0.000000
470	0.000000	0.000000	0.000000	0.026507	0.969983	0.003510	0.000000	0.000000	0.000000
