0	0.290663	0.057897	0.229473	0.157588	0.029913	0.111872	0.085455	0.012259	0.024880
1	0.243765	0.050219	0.207771	0.136398	0.027907	0.116289	0.111121	0.021449	0.085081
2	0.253846	0.051689	0.216044	0.126955	0.027513	0.110036	0.105707	0.020673	0.087537
3	0.269641	0.053940	0.225463	0.118748	0.027151	0.103167	0.097386	0.018871	0.085633
4	0.285944	0.055877	0.235384	0.110855	0.026905	0.095876	0.089114	0.016888	0.083157
5	0.303239	0.057645	0.244456	0.103167	0.026767	0.088431	0.081013	0.015078	0.080204
6	0.319767	0.059333	0.252795	0.095716	0.026593	0.081565	0.073738	0.013531	0.076962
7	0.336450	0.060809	0.260099	0.089004	0.026273	0.075522	0.066215	0.012147	0.073481
8	0.352827	0.062274	0.266744	0.081925	0.025995	0.069383	0.060183	0.010792	0.069877
9	0.368292	0.063204	0.272828	0.075925	0.025961	0.063345	0.053898	0.009548	0.066999
10	0.383136	0.064409	0.278134	0.069809	0.025947	0.057840	0.048513	0.008399	0.063813
11	0.396561	0.065591	0.283935	0.063804	0.026131	0.052669	0.042990	0.007539	0.060780
12	0.409692	0.066604	0.288353	0.058585	0.025835	0.048055	0.038548	0.006771	0.057557
13	0.422388	0.067314	0.292921	0.053603	0.025863	0.043624	0.034079	0.005929	0.054279
14	0.434253	0.067802	0.296686	0.048945	0.026018	0.039586	0.030291	0.005250	0.051169
15	0.444644	0.068423	0.300639	0.044622	0.025879	0.035957	0.027044	0.004480	0.048312
16	0.454085	0.068831	0.304293	0.040726	0.025887	0.032894	0.024036	0.003949	0.045299
17	0.463501	0.068987	0.306740	0.037462	0.025993	0.029870	0.021110	0.003479	0.042858
18	0.471768	0.068998	0.310268	0.033797	0.026024	0.027337	0.018822	0.003057	0.039929
19	0.479554	0.069180	0.312727	0.031101	0.026024	0.024785	0.016542	0.002697	0.037390
20	0.487021	0.069723	0.315201	0.027904	0.026024	0.022314	0.014645	0.002261	0.034907
21	0.493932	0.069292	0.317335	0.025374	0.025860	0.020521	0.013040	0.002080	0.032566
22	0.500093	0.069153	0.319071	0.022960	0.025925	0.018801	0.011438	0.001859	0.030700
23	0.505602	0.069011	0.320787	0.020945	0.026005	0.016980	0.010141	0.001620	0.028909
24	0.511187	0.068953	0.322269	0.019050	0.025833	0.015363	0.009045	0.001402	0.026898
25	0.515168	0.069035	0.324102	0.017258	0.025797	0.014137	0.007992	0.001207	0.025304
26	0.519743	0.069291	0.324612	0.015983	0.025840	0.012822	0.007048	0.001044	0.023617
27	0.523508	0.069368	0.326018	0.014317	0.025790	0.011761	0.006168	0.000910	0.022160
28	0.527398	0.069143	0.326791	0.013246	0.025856	0.010725	0.005351	0.000830	0.020660
29	0.531311	0.069059	0.327050	0.012095	0.026114	0.009751	0.004717	0.000710	0.019193
30	0.534210	0.068705	0.328107	0.011167	0.026286	0.008800	0.004113	0.000629	0.017983
31	0.536807	0.068518	0.328900	0.010181	0.026452	0.008140	0.003632	0.000544	0.016826
32	0.540164	0.068152	0.329164	0.009382	0.026389	0.007332	0.003179	0.000444	0.015794
33	0.542091	0.067941	0.330051	0.008435	0.026558	0.006876	0.002937	0.000393	0.014718
34	0.544795	0.067965	0.330225	0.007715	0.026553	0.006193	0.002570	0.000321	0.013663
35	0.546185	0.067556	0.331153	0.007074	0.026924	0.005665	0.002270	0.000297	0.012876
36	0.548116	0.067404	0.331381	0.006542	0.026898	0.005234	0.002040	0.000260	0.012125
37	0.549549	0.066949	0.332156	0.006045	0.027057	0.004830	0.001756	0.000254	0.011404
38	0.551051	0.066791	0.332468	0.005408	0.027304	0.004511	0.001599	0.000218	0.010650
39	0.552134	0.066842	0.332575	0.005109	0.027549	0.004142	0.001417	0.000190	0.010042
40	0.553798	0.066517	0.332733	0.004707	0.027670	0.003766	0.001282	0.000157	0.009370
41	0.555031	0.065902	0.333290	0.004314	0.027975	0.003451	0.001154	0.000137	0.008746
42	0.556056	0.065559	0.333467	0.003987	0.028315	0.003254	0.000998	0.000116	0.008248
43	0.557543	0.065613	0.332973	0.003719	0.028583	0.002962	0.000874	0.000115	0.007618
44	0.557919	0.065597	0.333315	0.003429	0.028712	0.002776	0.000836	0.000096	0.007320
45	0.559024	0.065391	0.333513	0.003173	0.028878	0.002522	0.000707	0.000084	0.006708
46	0.559567	0.064908	0.333718	0.002993	0.029298	0.002447	0.000643	0.000068	0.006358
47	0.560444	0.064819	0.333688	0.002822	0.029274	0.002318	0.000587	0.000065	0.005983
48	0.560237	0.064865	0.334284	0.002563	0.029682	0.002150	0.000543	0.000051	0.005625
49	0.560829	0.064289	0.334565	0.002369	0.030098	0.001977	0.000471	0.000047	0.005355
50	0.561333	0.064257	0.334652	0.002259	0.030146	0.001780	0.000424	0.000042	0.005107
51	0.561419	0.064250	0.335086	0.002099	0.030298	0.001685	0.000384	0.000043	0.004736
52	0.561880	0.063727	0.335170	0.001991	0.030693	0.001584	0.000346	0.000037	0.004572
53	0.563022	0.063475	0.334886	0.001892	0.030697	0.001462	0.000350	0.000026	0.004190
54	0.563619	0.062801	0.335002	0.001765	0.031154	0.001330	0.000293	0.000021	0.004015
55	0.563758	0.062750	0.335122	0.001702	0.031363	0.001236	0.000252	0.000019	0.003798
56	0.564014	0.062501	0.335177	0.001656	0.031680	0.001135	0.000236	0.000017	0.003584
57	0.564420	0.062093	0.335457	0.001566	0.031854	0.001037	0.000208	0.000017	0.003348
58	0.564483	0.061797	0.335691	0.001480	0.032223	0.000983	0.000181	0.000008	0.003154
59	0.565045	0.061462	0.335528	0.001356	0.032499	0.000906	0.000163	0.000006	0.003035
60	0.565169	0.061147	0.335703	0.001272	0.032771	0.000900	0.000137	0.000004	0.002897
61	0.564548	0.061185	0.336021	0.001184	0.033332	0.000861	0.000112	0.000007	0.002750
62	0.565300	0.060798	0.335830	0.001083	0.033430	0.000820	0.000109	0.000004	0.002626
63	0.564997	0.060478	0.336192	0.001042	0.033987	0.000744	0.000097	0.000006	0.002457
64	0.565356	0.060164	0.335883	0.001005	0.034347	0.000721	0.000094	0.000006	0.002424
65	0.565869	0.059512	0.336024	0.000904	0.034697	0.000654	0.000087	0.000002	0.002251
66	0.565413	0.059249	0.336426	0.000909	0.035163	0.000609	0.000071	0.000008	0.002152
67	0.565675	0.058886	0.336263	0.000851	0.035556	0.000617	0.000081	0.000004	0.002067
68	0.566170	0.058987	0.335660	0.000808	0.035836	0.000567	0.000073	0.000007	0.001892
69	0.565968	0.058604	0.336143	0.000708	0.036171	0.000526	0.000069	0.000004	0.001807
70	0.567132	0.058308	0.335101	0.000661	0.036494	0.000543	0.000051	0.000004	0.001706
71	0.567272	0.058143	0.334882	0.000659	0.036852	0.000533	0.000052	0.000004	0.001603
72	0.567484	0.057894	0.334886	0.000606	0.037122	0.000519	0.000038	0.000003	0.001448
73	0.568755	0.057348	0.333987	0.000589	0.037384	0.000496	0.000038	0.000003	0.001400
74	0.568649	0.056878	0.334384	0.000553	0.037681	0.000488	0.000030	0.000001	0.001336
75	0.569056	0.056609	0.334139	0.000533	0.037967	0.000445	0.000035	0.000000	0.001216
76	0.568353	0.056125	0.334829	0.000489	0.038565	0.000441	0.000025	0.000000	0.001173
77	0.567920	0.056019	0.335125	0.000464	0.038944	0.000411	0.000027	0.000000	0.001090
78	0.567920	0.055648	0.335374	0.000462	0.039144	0.000413	0.000025	0.000001	0.001013
79	0.567657	0.055767	0.335235	0.000428	0.039537	0.000389	0.000015	0.000000	0.000972
80	0.567738	0.055443	0.335132	0.000399	0.039939	0.000399	0.000017	0.000000	0.000933
81	0.567375	0.055353	0.335184	0.000385	0.040402	0.000397	0.000013	0.000000	0.000891
82	0.566897	0.055256	0.335698	0.000340	0.040590	0.000360	0.000019	0.000000	0.000840
83	0.566868	0.055022	0.335626	0.000332	0.040960	0.000359	0.000011	0.000000	0.000822
84	0.566782	0.054775	0.335622	0.000308	0.041344	0.000356	0.000010	0.000000	0.000803
85	0.566643	0.054520	0.335613	0.000287	0.041884	0.000314	0.000018	0.000000	0.000721
86	0.567082	0.053833	0.335414	0.000281	0.042319	0.000329	0.000014	0.000000	0.000728
87	0.566638	0.053493	0.335819	0.000285	0.042748	0.000291	0.000016	0.000000	0.000710
88	0.566265	0.053318	0.335959	0.000265	0.043255	0.000289	0.000014	0.000000	0.000635
89	0.567186	0.052883	0.335020	0.000257	0.043737	0.000296	0.000016	0.000000	0.000605
90	0.567009	0.052687	0.335127	0.000260	0.044056	0.000286	0.000015	0.000000	0.000560
91	0.566967	0.052291	0.335138	0.000235	0.044558	0.000265	0.000008	0.000000	0.000538
92	0.566626	0.052522	0.334937	0.000192	0.044925	0.000248	0.000008	0.000000	0.000542
93	0.566255	0.052154	0.335348	0.000194	0.045265	0.000244	0.000004	0.000000	0.000536
94	0.566561	0.051802	0.335264	0.000197	0.045383	0.000256	0.000008	0.000000	0.000529
95	0.566474	0.051623	0.335382	0.000186	0.045609	0.000252	0.000006	0.000000	0.000468
96	0.566361	0.051707	0.334772	0.000168	0.046308	0.000234	0.000002	0.000000	0.000448
97	0.566496	0.051493	0.334620	0.000171	0.046579	0.000221	0.000004	0.000000	0.000416
98	0.566415	0.051381	0.334472	0.000143	0.047000	0.000196	0.000003	0.000000	0.000390
99	0.566134	0.051246	0.334530	0.000156	0.047329	0.000187	0.000007	0.000000	0.000411
100	0.566268	0.050869	0.334389	0.000142	0.047771	0.000171	0.000008	0.000000	0.000382
101	0.565976	0.050503	0.334581	0.000150	0.048214	0.000195	0.000007	0.000000	0.000374
102	0.566476	0.050536	0.333759	0.000144	0.048534	0.000200	0.000005	0.000000	0.000346
103	0.565919	0.050418	0.334041	0.000124	0.048951	0.000212	0.000002	0.000000	0.000333
104	0.566283	0.049981	0.333793	0.000135	0.049267	0.000213	0.000004	0.000000	0.000324
105	0.566361	0.049858	0.333523	0.000136	0.049577	0.000220	0.000006	0.000000	0.000319
106	0.566324	0.049513	0.333551	0.000106	0.049985	0.000199	0.000008	0.000000	0.000314
107	0.566554	0.048799	0.333720	0.000102	0.050335	0.000187	0.000010	0.000000	0.000293
108	0.566221	0.048809	0.333637	0.000113	0.050742	0.000163	0.000010	0.000000	0.000305
109	0.566427	0.048353	0.333378	0.000119	0.051246	0.000172	0.000012	0.000000	0.000293
110	0.566270	0.047867	0.333448	0.000134	0.051838	0.000158	0.000015	0.000000	0.000270
111	0.566081	0.047755	0.333414	0.000139	0.052206	0.000142	0.000013	0.000000	0.000250
112	0.565880	0.047355	0.333505	0.000136	0.052712	0.000128	0.000016	0.000000	0.000268
113	0.565775	0.047251	0.333395	0.000142	0.053033	0.000142	0.000016	0.000000	0.000246
114	0.566221	0.046645	0.333189	0.000128	0.053439	0.000129	0.000013	0.000000	0.000236
115	0.566075	0.046381	0.333200	0.000127	0.053831	0.000127	0.000020	0.000000	0.000239
116	0.565515	0.046205	0.333502	0.000110	0.054300	0.000121	0.000020	0.000000	0.000227
117	0.564877	0.045959	0.334037	0.000110	0.054672	0.000116	0.000018	0.000000	0.000211
118	0.565026	0.045642	0.333892	0.000111	0.055015	0.000106	0.000012	0.000000	0.000196
119	0.564333	0.045481	0.334292	0.000108	0.055478	0.000100	0.000015	0.000000	0.000193
120	0.564270	0.045378	0.334057	0.000106	0.055873	0.000091	0.000015	0.000000	0.000210
121	0.564084	0.045135	0.334164	0.000102	0.056249	0.000079	0.000016	0.000000	0.000171
122	0.563402	0.044913	0.334542	0.000098	0.056784	0.000075	0.000011	0.000000	0.000175
123	0.563405	0.044760	0.334137	0.000112	0.057351	0.000067	0.000009	0.000000	0.000159
124	0.563376	0.044520	0.333941	0.000103	0.057827	0.000069	0.000008	0.000000	0.000156
125	0.562956	0.044263	0.334053	0.000109	0.058393	0.000065	0.000007	0.000000	0.000154
126	0.562790	0.044244	0.333661	0.000103	0.058979	0.000065	0.000007	0.000000	0.000151
127	0.562787	0.044141	0.333190	0.000097	0.059560	0.000061	0.000005	0.000000	0.000159
128	0.562681	0.043962	0.333224	0.000097	0.059807	0.000057	0.000008	0.000000	0.000164
129	0.561877	0.043966	0.333514	0.000097	0.060315	0.000056	0.000004	0.000000	0.000171
130	0.561566	0.043679	0.333422	0.000092	0.061023	0.000058	0.000006	0.000000	0.000154
131	0.561219	0.043325	0.334016	0.000074	0.061148	0.000061	0.000005	0.000000	0.000152
132	0.560771	0.043158	0.334096	0.000075	0.061691	0.000056	0.000004	0.000000	0.000149
133	0.560408	0.042717	0.334518	0.000073	0.062090	0.000044	0.000002	0.000000	0.000148
134	0.559882	0.042827	0.334615	0.000061	0.062407	0.000047	0.000002	0.000000	0.000159
135	0.558815	0.042686	0.335248	0.000051	0.063001	0.000048	0.000003	0.000000	0.000148
136	0.559314	0.042528	0.334414	0.000049	0.063494	0.000052	0.000000	0.000000	0.000149
137	0.558907	0.042050	0.334977	0.000046	0.063827	0.000059	0.000000	0.000000	0.000134
138	0.559058	0.041972	0.334380	0.000048	0.064335	0.000067	0.000000	0.000000	0.000140
139	0.558662	0.041804	0.334724	0.000049	0.064561	0.000069	0.000000	0.000000	0.000131
140	0.558553	0.041364	0.334843	0.000047	0.064999	0.000061	0.000000	0.000000	0.000133
141	0.558389	0.041294	0.334464	0.000047	0.065611	0.000058	0.000000	0.000000	0.000137
142	0.558581	0.041092	0.334112	0.000051	0.065979	0.000045	0.000000	0.000000	0.000140
143	0.558194	0.040996	0.334087	0.000055	0.066501	0.000042	0.000000	0.000000	0.000125
144	0.557608	0.041113	0.334026	0.000059	0.067030	0.000041	0.000000	0.000000	0.000123
145	0.557972	0.040651	0.333721	0.000056	0.067423	0.000042	0.000000	0.000000	0.000135
146	0.558069	0.040579	0.333402	0.000054	0.067748	0.000044	0.000000	0.000000	0.000104
147	0.557729	0.040373	0.333118	0.000049	0.068568	0.000047	0.000000	0.000000	0.000116
148	0.557377	0.040133	0.333252	0.000061	0.069033	0.000043	0.000000	0.000000	0.000101
149	0.557314	0.039800	0.333347	0.000050	0.069365	0.000033	0.000000	0.000000	0.000091
150	0.556989	0.039546	0.333206	0.000053	0.070077	0.000031	0.000000	0.000000	0.000098
151	0.557057	0.039381	0.332810	0.000052	0.070578	0.000029	0.000000	0.000000	0.000093
152	0.557229	0.039448	0.332065	0.000044	0.071082	0.000032	0.000000	0.000000	0.000100
153	0.557304	0.039414	0.331572	0.000044	0.071549	0.000029	0.000000	0.000000	0.000088
154	0.556445	0.039283	0.332030	0.000037	0.072098	0.000026	0.000000	0.000000	0.000081
155	0.556229	0.039036	0.332102	0.000037	0.072478	0.000026	0.000000	0.000000	0.000092
156	0.556444	0.039010	0.331626	0.000030	0.072782	0.000023	0.000000	0.000000	0.000085
157	0.556217	0.038625	0.331779	0.000029	0.073254	0.000021	0.000000	0.000000	0.000075
158	0.555667	0.038521	0.331958	0.000028	0.073724	0.000023	0.000000	0.000000	0.000079
159	0.556101	0.038162	0.331447	0.000030	0.074159	0.000020	0.000000	0.000000	0.000081
160	0.556280	0.038246	0.330868	0.000026	0.074497	0.000016	0.000000	0.000000	0.000067
161	0.555773	0.037931	0.331279	0.000018	0.074913	0.000018	0.000000	0.000000	0.000068
162	0.554846	0.037822	0.331901	0.000017	0.075345	0.000017	0.000000	0.000000	0.000052
163	0.554693	0.037744	0.331815	0.000013	0.075669	0.000018	0.000000	0.000000	0.000048
164	0.554608	0.037810	0.331218	0.000014	0.076285	0.000020	0.000000	0.000000	0.000045
165	0.554184	0.037448	0.331443	0.000011	0.076841	0.000020	0.000000	0.000000	0.000053
166	0.553469	0.037088	0.331765	0.000010	0.077607	0.000014	0.000000	0.000000	0.000047
167	0.552963	0.036665	0.332245	0.000013	0.078055	0.000015	0.000000	0.000000	0.000044
168	0.552988	0.036774	0.331521	0.000008	0.078651	0.000012	0.000000	0.000000	0.000046
169	0.552864	0.036924	0.331156	0.000008	0.078985	0.000018	0.000000	0.000000	0.000045
170	0.552718	0.036886	0.330527	0.000013	0.079796	0.000014	0.000000	0.000000	0.000046
171	0.552452	0.036713	0.330594	0.000011	0.080169	0.000023	0.000000	0.000000	0.000038
172	0.552199	0.036398	0.330801	0.000010	0.080523	0.000021	0.000000	0.000000	0.000048
173	0.551703	0.036235	0.330840	0.000009	0.081143	0.000029	0.000000	0.000000	0.000041
174	0.551260	0.036147	0.330819	0.000012	0.081691	0.000031	0.000000	0.000000	0.000040
175	0.550563	0.036075	0.330936	0.000010	0.082352	0.000020	0.000000	0.000000	0.000044
176	0.550064	0.035861	0.331025	0.000013	0.082970	0.000024	0.000000	0.000000	0.000043
177	0.549690	0.035574	0.331442	0.000011	0.083233	0.000016	0.000000	0.000000	0.000034
178	0.549158	0.035318	0.331664	0.000009	0.083808	0.000011	0.000000	0.000000	0.000032
179	0.548630	0.035305	0.331625	0.000012	0.084382	0.000015	0.000000	0.000000	0.000031
180	0.548178	0.035231	0.331714	0.000005	0.084822	0.000017	0.000000	0.000000	0.000033
181	0.548439	0.035203	0.331242	0.000004	0.085066	0.000015	0.000000	0.000000	0.000031
182	0.548370	0.035201	0.330801	0.000004	0.085574	0.000018	0.000000	0.000000	0.000032
183	0.547531	0.035109	0.331208	0.000002	0.086098	0.000020	0.000000	0.000000	0.000032
184	0.547377	0.034886	0.331203	0.000002	0.086480	0.000014	0.000000	0.000000	0.000038
185	0.546916	0.034751	0.331249	0.000002	0.087027	0.000015	0.000000	0.000000	0.000040
186	0.547152	0.034716	0.330555	0.000003	0.087525	0.000015	0.000000	0.000000	0.000034
187	0.546989	0.034500	0.330594	0.000005	0.087864	0.000015	0.000000	0.000000	0.000033
188	0.547054	0.034246	0.330166	0.000006	0.088481	0.000019	0.000000	0.000000	0.000028
189	0.546962	0.034200	0.329695	0.000007	0.089088	0.000018	0.000000	0.000000	0.000030
190	0.546069	0.034167	0.330020	0.000008	0.089692	0.000017	0.000000	0.000000	0.000027
191	0.545739	0.034141	0.329864	0.000014	0.090198	0.000018	0.000000	0.000000	0.000026
192	0.545664	0.033948	0.329599	0.000013	0.090739	0.000017	0.000000	0.000000	0.000020
193	0.545080	0.033744	0.329616	0.000010	0.091514	0.000018	0.000000	0.000000	0.000018
194	0.544584	0.033766	0.329626	0.000007	0.091978	0.000020	0.000000	0.000000	0.000019
195	0.544505	0.033652	0.329457	0.000011	0.092340	0.000015	0.000000	0.000000	0.000020
196	0.544222	0.033720	0.329158	0.000004	0.092862	0.000013	0.000000	0.000000	0.000021
197	0.544278	0.033587	0.328736	0.000004	0.093362	0.000009	0.000000	0.000000	0.000024
198	0.544107	0.033407	0.328506	0.000002	0.093954	0.000008	0.000000	0.000000	0.000016
199	0.544077	0.033354	0.328255	0.000001	0.094287	0.000002	0.000000	0.000000	0.000024
200	0.543470	0.033107	0.328643	0.000001	0.094746	0.000004	0.000000	0.000000	0.000029
201	0.543809	0.032778	0.328101	0.000001	0.095289	0.000003	0.000000	0.000000	0.000019
202	0.543230	0.032805	0.327999	0.000000	0.095936	0.000005	0.000000	0.000000	0.000025
203	0.542838	0.032394	0.328325	0.000000	0.096415	0.000007	0.000000	0.000000	0.000021
204	0.542456	0.032191	0.328512	0.000000	0.096813	0.000005	0.000000	0.000000	0.000023
205	0.541568	0.031963	0.328984	0.000000	0.097465	0.000003	0.000000	0.000000	0.000017
206	0.541491	0.031850	0.328523	0.000000	0.098112	0.000005	0.000000	0.000000	0.000019
207	0.540655	0.031866	0.328855	0.000000	0.098600	0.000005	0.000000	0.000000	0.000019
208	0.540405	0.031735	0.328785	0.000000	0.099050	0.000008	0.000000	0.000000	0.000017
209	0.540465	0.031607	0.328267	0.000000	0.099635	0.000008	0.000000	0.000000	0.000018
210	0.540607	0.031451	0.327628	0.000000	0.100283	0.000007	0.000000	0.000000	0.000024
211	0.540611	0.031182	0.327226	0.000000	0.100954	0.000010	0.000000	0.000000	0.000017
212	0.540211	0.031011	0.327114	0.000000	0.101634	0.000011	0.000000	0.000000	0.000019
213	0.540082	0.030954	0.327009	0.000000	0.101921	0.000011	0.000000	0.000000	0.000023
214	0.540168	0.030869	0.326407	0.000000	0.102525	0.000007	0.000000	0.000000	0.000024
215	0.539995	0.030776	0.326013	0.000000	0.103182	0.000006	0.000000	0.000000	0.000028
216	0.539439	0.030851	0.326003	0.000000	0.103678	0.000003	0.000000	0.000000	0.000026
217	0.539698	0.030311	0.325985	0.000000	0.103983	0.000003	0.000000	0.000000	0.000020
218	0.539793	0.030135	0.325342	0.000000	0.104708	0.000001	0.000000	0.000000	0.000021
219	0.538868	0.030186	0.325649	0.000000	0.105276	0.000002	0.000000	0.000000	0.000019
220	0.538807	0.030172	0.325240	0.000000	0.105754	0.000002	0.000000	0.000000	0.000025
221	0.539009	0.029938	0.324935	0.000000	0.106095	0.000000	0.000000	0.000000	0.000023
222	0.538780	0.029654	0.324596	0.000000	0.106944	0.000002	0.000000	0.000000	0.000024
223	0.538313	0.029640	0.324328	0.000000	0.107687	0.000001	0.000000	0.000000	0.000031
224	0.537772	0.029652	0.324282	0.000000	0.108269	0.000000	0.000000	0.000000	0.000025
225	0.537592	0.029769	0.323597	0.000000	0.109015	0.000001	0.000000	0.000000	0.000026
226	0.536821	0.029768	0.323709	0.000000	0.109664	0.000000	0.000000	0.000000	0.000038
227	0.536941	0.029462	0.323531	0.000000	0.110034	0.000000	0.000000	0.000000	0.000032
228	0.536611	0.029232	0.323373	0.000000	0.110750	0.000000	0.000000	0.000000	0.000034
229	0.536040	0.029166	0.323626	0.000000	0.111135	0.000000	0.000000	0.000000	0.000033
230	0.535248	0.029259	0.323599	0.000000	0.111868	0.000000	0.000000	0.000000	0.000026
231	0.534900	0.029036	0.323462	0.000000	0.112573	0.000000	0.000000	0.000000	0.000029
232	0.534092	0.029158	0.323230	0.000000	0.113494	0.000000	0.000000	0.000000	0.000026
233	0.533257	0.029208	0.323241	0.000000	0.114266	0.000000	0.000000	0.000000	0.000028
234	0.533632	0.029196	0.322345	0.000000	0.114802	0.000000	0.000000	0.000000	0.000025
235	0.533467	0.029029	0.322124	0.000000	0.115346	0.000000	0.000000	0.000000	0.000034
236	0.533426	0.028884	0.321855	0.000000	0.115803	0.000000	0.000000	0.000000	0.000032
237	0.533214	0.028566	0.321595	0.000000	0.116596	0.000000	0.000000	0.000000	0.000029
238	0.533483	0.028296	0.321132	0.000000	0.117065	0.000000	0.000000	0.000000	0.000024
239	0.533051	0.028227	0.321015	0.000000	0.117680	0.000000	0.000000	0.000000	0.000027
240	0.532051	0.028268	0.321256	0.000000	0.118391	0.000000	0.000000	0.000000	0.000034
241	0.531974	0.028239	0.320668	0.000000	0.119082	0.000000	0.000000	0.000000	0.000037
242	0.531668	0.027869	0.320699	0.000000	0.119731	0.000000	0.000000	0.000000	0.000033
243	0.531162	0.027883	0.320497	0.000000	0.120424	0.000000	0.000000	0.000000	0.000034
244	0.530928	0.027806	0.320236	0.000000	0.120999	0.000000	0.000000	0.000000	0.000031
245	0.530557	0.028101	0.319713	0.000000	0.121600	0.000000	0.000000	0.000000	0.000029
246	0.530348	0.028130	0.319255	0.000000	0.122239	0.000000	0.000000	0.000000	0.000028
247	0.530150	0.028230	0.318396	0.000000	0.123200	0.000000	0.000000	0.000000	0.000024
248	0.529819	0.027937	0.318446	0.000000	0.123775	0.000000	0.000000	0.000000	0.000023
249	0.529354	0.027783	0.318357	0.000000	0.124486	0.000000	0.000000	0.000000	0.000020
250	0.528485	0.027769	0.318373	0.000000	0.125351	0.000000	0.000000	0.000000	0.000022
251	0.527971	0.027790	0.318210	0.000000	0.126007	0.000000	0.000000	0.000000	0.000022
252	0.527363	0.027698	0.318026	0.000000	0.126893	0.000000	0.000000	0.000000	0.000020
253	0.527691	0.027552	0.317011	0.000000	0.127728	0.000000	0.000000	0.000000	0.000018
254	0.526738	0.027605	0.317185	0.000000	0.128459	0.000000	0.000000	0.000000	0.000013
255	0.526124	0.027517	0.317358	0.000000	0.128990	0.000000	0.000000	0.000000	0.000011
256	0.525223	0.027656	0.317336	0.000000	0.129766	0.000000	0.000000	0.000000	0.000019
257	0.524676	0.027516	0.317210	0.000000	0.130579	0.000000	0.000000	0.000000	0.000019
258	0.524026	0.027364	0.317522	0.000000	0.131067	0.000000	0.000000	0.000000	0.000021
259	0.523474	0.027292	0.317566	0.000000	0.131653	0.000000	0.000000	0.000000	0.000015
260	0.522790	0.027117	0.317728	0.000000	0.132348	0.000000	0.000000	0.000000	0.000017
261	0.522043	0.027190	0.317431	0.000000	0.133317	0.000000	0.000000	0.000000	0.000019
262	0.521630	0.027260	0.316972	0.000000	0.134127	0.000000	0.000000	0.000000	0.000011
263	0.521110	0.027128	0.316915	0.000000	0.134834	0.000000	0.000000	0.000000	0.000013
264	0.521313	0.027108	0.316058	0.000000	0.135508	0.000000	0.000000	0.000000	0.000013
265	0.520884	0.027159	0.315512	0.000000	0.136430	0.000000	0.000000	0.000000	0.000015
266	0.520268	0.026832	0.315416	0.000000	0.137459	0.000000	0.000000	0.000000	0.000025
267	0.519502	0.026826	0.315430	0.000000	0.138218	0.000000	0.000000	0.000000	0.000024
268	0.519225	0.026463	0.315087	0.000000	0.139203	0.000000	0.000000	0.000000	0.000022
269	0.518359	0.026544	0.315061	0.000000	0.140019	0.000000	0.000000	0.000000	0.000017
270	0.518549	0.026316	0.314562	0.000000	0.140556	0.000000	0.000000	0.000000	0.000017
271	0.517230	0.026332	0.314969	0.000000	0.141454	0.000000	0.000000	0.000000	0.000015
272	0.517167	0.026228	0.314285	0.000000	0.142300	0.000000	0.000000	0.000000	0.000020
273	0.516456	0.026087	0.314217	0.000000	0.143223	0.000000	0.000000	0.000000	0.000017
274	0.516079	0.026016	0.314195	0.000000	0.143696	0.000000	0.000000	0.000000	0.000014
275	0.516084	0.025853	0.313462	0.000000	0.144588	0.000000	0.000000	0.000000	0.000013
276	0.515347	0.025685	0.313651	0.000000	0.145302	0.000000	0.000000	0.000000	0.000015
277	0.515465	0.025554	0.312926	0.000000	0.146046	0.000000	0.000000	0.000000	0.000009
278	0.514888	0.025388	0.312819	0.000000	0.146899	0.000000	0.000000	0.000000	0.000006
279	0.514059	0.025290	0.312944	0.000000	0.147703	0.000000	0.000000	0.000000	0.000004
280	0.513485	0.025321	0.312757	0.000000	0.148432	0.000000	0.000000	0.000000	0.000005
281	0.512711	0.025076	0.312824	0.000000	0.149382	0.000000	0.000000	0.000000	0.000007
282	0.512460	0.025027	0.312212	0.000000	0.150295	0.000000	0.000000	0.000000	0.000006
283	0.512047	0.024855	0.312113	0.000000	0.150980	0.000000	0.000000	0.000000	0.000005
284	0.511878	0.024538	0.311978	0.000000	0.151604	0.000000	0.000000	0.000000	0.000002
285	0.511532	0.024357	0.311820	0.000000	0.152291	0.000000	0.000000	0.000000	0.000000
286	0.511200	0.024259	0.311426	0.000000	0.153115	0.000000	0.000000	0.000000	0.000000
287	0.510239	0.024260	0.311733	0.000000	0.153766	0.000000	0.000000	0.000000	0.000002
288	0.510203	0.023992	0.311311	0.000000	0.154491	0.000000	0.000000	0.000000	0.000003
289	0.509787	0.024027	0.311130	0.000000	0.155052	0.000000	0.000000	0.000000	0.000004
290	0.509151	0.023960	0.311181	0.000000	0.155706	0.000000	0.000000	0.000000	0.000002
291	0.508372	0.023968	0.311066	0.000000	0.156591	0.000000	0.000000	0.000000	0.000003
292	0.507087	0.023953	0.311571	0.000000	0.157387	0.000000	0.000000	0.000000	0.000002
293	0.507018	0.023999	0.310882	0.000000	0.158099	0.000000	0.000000	0.000000	0.000002
294	0.506854	0.023789	0.310214	0.000000	0.159141	0.000000	0.000000	0.000000	0.000002
295	0.505816	0.023874	0.310139	0.000000	0.160169	0.000000	0.000000	0.000000	0.000002
296	0.505497	0.023910	0.309772	0.000000	0.160820	0.000000	0.000000	0.000000	0.000001
297	0.506009	0.023708	0.308729	0.000000	0.161554	0.000000	0.000000	0.000000	0.000000
298	0.505198	0.023470	0.308607	0.000000	0.162725	0.000000	0.000000	0.000000	0.000000
299	0.504321	0.023507	0.308827	0.000000	0.163345	0.000000	0.000000	0.000000	0.000000
300	0.503793	0.023369	0.308712	0.000000	0.164126	0.000000	0.000000	0.000000	0.000000
301	0.502911	0.023222	0.308594	0.000000	0.165273	0.000000	0.000000	0.000000	0.000000
302	0.502658	0.023021	0.308425	0.000000	0.165896	0.000000	0.000000	0.000000	0.000000
303	0.502391	0.022925	0.307826	0.000000	0.166858	0.000000	0.000000	0.000000	0.000000
304	0.502447	0.022902	0.307134	0.000000	0.167517	0.000000	0.000000	0.000000	0.000000
305	0.502010	0.022801	0.306897	0.000000	0.168292	0.000000	0.000000	0.000000	0.000000
306	0.501694	0.022738	0.306343	0.000000	0.169225	0.000000	0.000000	0.000000	0.000000
307	0.501110	0.022668	0.306485	0.000000	0.169737	0.000000	0.000000	0.000000	0.000000
308	0.501069	0.022391	0.306019	0.000000	0.170521	0.000000	0.000000	0.000000	0.000000
309	0.500780	0.022401	0.305562	0.000000	0.171257	0.000000	0.000000	0.000000	0.000000
310	0.500302	0.022190	0.305384	0.000000	0.172124	0.000000	0.000000	0.000000	0.000000
311	0.499516	0.022213	0.305445	0.000000	0.172826	0.000000	0.000000	0.000000	0.000000
312	0.499269	0.022231	0.304754	0.000000	0.173746	0.000000	0.000000	0.000000	0.000000
313	0.498637	0.022152	0.304686	0.000000	0.174525	0.000000	0.000000	0.000000	0.000000
314	0.498164	0.022104	0.304308	0.000000	0.175424	0.000000	0.000000	0.000000	0.000000
315	0.497177	0.022066	0.304460	0.000000	0.176297	0.000000	0.000000	0.000000	0.000000
316	0.496838	0.022062	0.303617	0.000000	0.177483	0.000000	0.000000	0.000000	0.000000
317	0.496448	0.021872	0.303310	0.000000	0.178370	0.000000	0.000000	0.000000	0.000000
318	0.495647	0.021663	0.303626	0.000000	0.179064	0.000000	0.000000	0.000000	0.000000
319	0.494741	0.021617	0.304002	0.000000	0.179640	0.000000	0.000000	0.000000	0.000000
320	0.493637	0.021447	0.304123	0.000000	0.180793	0.000000	0.000000	0.000000	0.000000
321	0.493628	0.021441	0.303676	0.000000	0.181255	0.000000	0.000000	0.000000	0.000000
322	0.492821	0.021295	0.303638	0.000000	0.182246	0.000000	0.000000	0.000000	0.000000
323	0.492608	0.021027	0.303349	0.000000	0.183016	0.000000	0.000000	0.000000	0.000000
324	0.491623	0.021022	0.303710	0.000000	0.183645	0.000000	0.000000	0.000000	0.000000
325	0.491012	0.020931	0.303356	0.000000	0.184701	0.000000	0.000000	0.000000	0.000000
326	0.490544	0.020718	0.303109	0.000000	0.185629	0.000000	0.000000	0.000000	0.000000
327	0.489688	0.020751	0.303106	0.000000	0.186455	0.000000	0.000000	0.000000	0.000000
328	0.489329	0.020772	0.302771	0.000000	0.187128	0.000000	0.000000	0.000000	0.000000
329	0.488354	0.020741	0.302785	0.000000	0.188120	0.000000	0.000000	0.000000	0.000000
330	0.487894	0.020630	0.302371	0.000000	0.189105	0.000000	0.000000	0.000000	0.000000
331	0.487267	0.020501	0.302270	0.000000	0.189962	0.000000	0.000000	0.000000	0.000000
332	0.486982	0.020541	0.301672	0.000000	0.190805	0.000000	0.000000	0.000000	0.000000
333	0.486574	0.020515	0.301336	0.000000	0.191575	0.000000	0.000000	0.000000	0.000000
334	0.485959	0.020498	0.301321	0.000000	0.192222	0.000000	0.000000	0.000000	0.000000
335	0.485499	0.020409	0.300883	0.000000	0.193209	0.000000	0.000000	0.000000	0.000000
336	0.484628	0.020383	0.300841	0.000000	0.194148	0.000000	0.000000	0.000000	0.000000
337	0.483498	0.020485	0.301033	0.000000	0.194984	0.000000	0.000000	0.000000	0.000000
338	0.482822	0.020199	0.300944	0.000000	0.196035	0.000000	0.000000	0.000000	0.000000
339	0.482285	0.020067	0.300552	0.000000	0.197096	0.000000	0.000000	0.000000	0.000000
340	0.481563	0.019900	0.300626	0.000000	0.197911	0.000000	0.000000	0.000000	0.000000
341	0.481614	0.020052	0.299916	0.000000	0.198418	0.000000	0.000000	0.000000	0.000000
342	0.480669	0.020078	0.300122	0.000000	0.199131	0.000000	0.000000	0.000000	0.000000
343	0.480409	0.019948	0.299853	0.000000	0.199790	0.000000	0.000000	0.000000	0.000000
344	0.480173	0.019943	0.299171	0.000000	0.200713	0.000000	0.000000	0.000000	0.000000
345	0.479465	0.019888	0.298827	0.000000	0.201820	0.000000	0.000000	0.000000	0.000000
346	0.480018	0.019684	0.297876	0.000000	0.202422	0.000000	0.000000	0.000000	0.000000
347	0.479495	0.019592	0.297582	0.000000	0.203331	0.000000	0.000000	0.000000	0.000000
348	0.479390	0.019606	0.296865	0.000000	0.204139	0.000000	0.000000	0.000000	0.000000
349	0.478811	0.019725	0.296546	0.000000	0.204918	0.000000	0.000000	0.000000	0.000000
350	0.478441	0.019579	0.296224	0.000000	0.205756	0.000000	0.000000	0.000000	0.000000
351	0.477981	0.019559	0.295703	0.000000	0.206757	0.000000	0.000000	0.000000	0.000000
352	0.477228	0.019738	0.295362	0.000000	0.207672	0.000000	0.000000	0.000000	0.000000
353	0.476239	0.019682	0.295693	0.000000	0.208386	0.000000	0.000000	0.000000	0.000000
354	0.475881	0.019508	0.295221	0.000000	0.209390	0.000000	0.000000	0.000000	0.000000
355	0.475256	0.019386	0.295093	0.000000	0.210265	0.000000	0.000000	0.000000	0.000000
356	0.474934	0.019190	0.294733	0.000000	0.211143	0.000000	0.000000	0.000000	0.000000
357	0.474647	0.019174	0.294484	0.000000	0.211695	0.000000	0.000000	0.000000	0.000000
358	0.474291	0.019131	0.293983	0.000000	0.212595	0.000000	0.000000	0.000000	0.000000
359	0.473624	0.019159	0.293797	0.000000	0.213420	0.000000	0.000000	0.000000	0.000000
360	0.473488	0.019063	0.293303	0.000000	0.214146	0.000000	0.000000	0.000000	0.000000
361	0.472252	0.018952	0.293470	0.000000	0.215326	0.000000	0.000000	0.000000	0.000000
362	0.472284	0.018836	0.292756	0.000000	0.216124	0.000000	0.000000	0.000000	0.000000
363	0.471178	0.018724	0.292944	0.000000	0.217154	0.000000	0.000000	0.000000	0.000000
364	0.470585	0.018627	0.292995	0.000000	0.217793	0.000000	0.000000	0.000000	0.000000
365	0.469983	0.018699	0.292712	0.000000	0.218606	0.000000	0.000000	0.000000	0.000000
366	0.469010	0.018746	0.292909	0.000000	0.219335	0.000000	0.000000	0.000000	0.000000
367	0.468555	0.018554	0.292986	0.000000	0.219905	0.000000	0.000000	0.000000	0.000000
368	0.467956	0.018571	0.292276	0.000000	0.221197	0.000000	0.000000	0.000000	0.000000
369	0.467974	0.018301	0.291890	0.000000	0.221835	0.000000	0.000000	0.000000	0.000000
370	0.466763	0.018252	0.291919	0.000000	0.223066	0.000000	0.000000	0.000000	0.000000
371	0.466068	0.018198	0.291962	0.000000	0.223772	0.000000	0.000000	0.000000	0.000000
372	0.465638	0.018129	0.291279	0.000000	0.224954	0.000000	0.000000	0.000000	0.000000
373	0.465141	0.018095	0.291221	0.000000	0.225543	0.000000	0.000000	0.000000	0.000000
374	0.464870	0.018044	0.290686	0.000000	0.226400	0.000000	0.000000	0.000000	0.000000
375	0.463954	0.018053	0.290555	0.000000	0.227438	0.000000	0.000000	0.000000	0.000000
376	0.463846	0.017827	0.290021	0.000000	0.228306	0.000000	0.000000	0.000000	0.000000
377	0.463293	0.017640	0.289782	0.000000	0.229285	0.000000	0.000000	0.000000	0.000000
378	0.462231	0.017600	0.289611	0.000000	0.230558	0.000000	0.000000	0.000000	0.000000
379	0.462050	0.017808	0.288839	0.000000	0.231303	0.000000	0.000000	0.000000	0.000000
380	0.461796	0.017616	0.288146	0.000000	0.232442	0.000000	0.000000	0.000000	0.000000
381	0.461621	0.017353	0.287702	0.000000	0.233324	0.000000	0.000000	0.000000	0.000000
382	0.460760	0.017419	0.287632	0.000000	0.234189	0.000000	0.000000	0.000000	0.000000
383	0.459991	0.017477	0.287341	0.000000	0.235191	0.000000	0.000000	0.000000	0.000000
384	0.459439	0.017461	0.287246	0.000000	0.235854	0.000000	0.000000	0.000000	0.000000
385	0.459361	0.017365	0.286650	0.000000	0.236624	0.000000	0.000000	0.000000	0.000000
386	0.458734	0.017314	0.286379	0.000000	0.237573	0.000000	0.000000	0.000000	0.000000
387	0.457755	0.017317	0.286255	0.000000	0.238673	0.000000	0.000000	0.000000	0.000000
388	0.457192	0.017316	0.285760	0.000000	0.239732	0.000000	0.000000	0.000000	0.000000
389	0.457231	0.017239	0.285118	0.000000	0.240412	0.000000	0.000000	0.000000	0.000000
390	0.457176	0.017167	0.284074	0.000000	0.241583	0.000000	0.000000	0.000000	0.000000
391	0.456566	0.016976	0.284054	0.000000	0.242404	0.000000	0.000000	0.000000	0.000000
392	0.456075	0.017077	0.283735	0.000000	0.243113	0.000000	0.000000	0.000000	0.000000
393	0.455890	0.017110	0.283002	0.000000	0.243998	0.000000	0.000000	0.000000	0.000000
394	0.455494	0.017012	0.282628	0.000000	0.244866	0.000000	0.000000	0.000000	0.000000
395	0.454257	0.016839	0.283004	0.000000	0.245900	0.000000	0.000000	0.000000	0.000000
396	0.453428	0.016765	0.282559	0.000000	0.247248	0.000000	0.000000	0.000000	0.000000
397	0.452854	0.016706	0.282242	0.000000	0.248198	0.000000	0.000000	0.000000	0.000000
398	0.452340	0.016624	0.281913	0.000000	0.249123	0.000000	0.000000	0.000000	0.000000
399	0.452217	0.016663	0.281340	0.000000	0.249780	0.000000	0.000000	0.000000	0.000000
400	0.451692	0.016484	0.281362	0.000000	0.250462	0.000000	0.000000	0.000000	0.000000
401	0.450562	0.016387	0.281617	0.000000	0.251434	0.000000	0.000000	0.000000	0.000000
402	0.449900	0.016426	0.281326	0.000000	0.252348	0.000000	0.000000	0.000000	0.000000
403	0.449006	0.016389	0.281244	0.000000	0.253361	0.000000	0.000000	0.000000	0.000000
404	0.448750	0.016386	0.280371	0.000000	0.254493	0.000000	0.000000	0.000000	0.000000
405	0.446950	0.016278	0.280880	0.000000	0.255892	0.000000	0.000000	0.000000	0.000000
406	0.446995	0.016280	0.280287	0.000000	0.256438	0.000000	0.000000	0.000000	0.000000
407	0.446784	0.016132	0.279323	0.000000	0.257761	0.000000	0.000000	0.000000	0.000000
408	0.446649	0.016174	0.278614	0.000000	0.258563	0.000000	0.000000	0.000000	0.000000
409	0.446196	0.016160	0.278102	0.000000	0.259542	0.000000	0.000000	0.000000	0.000000
410	0.445111	0.016162	0.278245	0.000000	0.260482	0.000000	0.000000	0.000000	0.000000
411	0.444797	0.015992	0.278014	0.000000	0.261197	0.000000	0.000000	0.000000	0.000000
412	0.444812	0.016067	0.277141	0.000000	0.261980	0.000000	0.000000	0.000000	0.000000
413	0.444150	0.016044	0.276663	0.000000	0.263143	0.000000	0.000000	0.000000	0.000000
414	0.443976	0.015995	0.275876	0.000000	0.264153	0.000000	0.000000	0.000000	0.000000
415	0.443184	0.015925	0.275801	0.000000	0.265090	0.000000	0.000000	0.000000	0.000000
416	0.443107	0.015915	0.275020	0.000000	0.265958	0.000000	0.000000	0.000000	0.000000
417	0.442714	0.015830	0.274840	0.000000	0.266616	0.000000	0.000000	0.000000	0.000000
418	0.442845	0.015836	0.273790	0.000000	0.267529	0.000000	0.000000	0.000000	0.000000
419	0.442282	0.015761	0.273709	0.000000	0.268248	0.000000	0.000000	0.000000	0.000000
420	0.441386	0.015868	0.273738	0.000000	0.269008	0.000000	0.000000	0.000000	0.000000
421	0.441005	0.015652	0.273273	0.000000	0.270070	0.000000	0.000000	0.000000	0.000000
422	0.440854	0.015674	0.272570	0.000000	0.270902	0.000000	0.000000	0.000000	0.000000
423	0.439849	0.015675	0.272669	0.000000	0.271807	0.000000	0.000000	0.000000	0.000000
424	0.438865	0.015763	0.272680	0.000000	0.272692	0.000000	0.000000	0.000000	0.000000
425	0.438485	0.015550	0.272416	0.000000	0.273549	0.000000	0.000000	0.000000	0.000000
426	0.437802	0.015259	0.272448	0.000000	0.274491	0.000000	0.000000	0.000000	0.000000
427	0.437119	0.015324	0.272017	0.000000	0.275540	0.000000	0.000000	0.000000	0.000000
428	0.436172	0.015377	0.271973	0.000000	0.276478	0.000000	0.000000	0.000000	0.000000
429	0.435315	0.015117	0.271971	0.000000	0.277597	0.000000	0.000000	0.000000	0.000000
430	0.435171	0.015160	0.270918	0.000000	0.278751	0.000000	0.000000	0.000000	0.000000
431	0.434745	0.014977	0.270484	0.000000	0.279794	0.000000	0.000000	0.000000	0.000000
432	0.434581	0.014969	0.269597	0.000000	0.280853	0.000000	0.000000	0.000000	0.000000
433	0.434456	0.014954	0.268536	0.000000	0.282054	0.000000	0.000000	0.000000	0.000000
434	0.433504	0.014826	0.268672	0.000000	0.282998	0.000000	0.000000	0.000000	0.000000
435	0.433053	0.014887	0.267973	0.000000	0.284087	0.000000	0.000000	0.000000	0.000000
436	0.432828	0.014681	0.267458	0.000000	0.285033	0.000000	0.000000	0.000000	0.000000
437	0.432166	0.014670	0.267297	0.000000	0.285867	0.000000	0.000000	0.000000	0.000000
438	0.431803	0.014704	0.266397	0.000000	0.287096	0.000000	0.000000	0.000000	0.000000
439	0.431856	0.014633	0.265476	0.000000	0.288035	0.000000	0.000000	0.000000	0.000000
440	0.430893	0.014649	0.265506	0.000000	0.288952	0.000000	0.000000	0.000000	0.000000
441	0.430189	0.014664	0.265056	0.000000	0.290091	0.000000	0.000000	0.000000	0.000000
442	0.429418	0.014665	0.264512	0.000000	0.291405	0.000000	0.000000	0.000000	0.000000
443	0.428837	0.014688	0.264116	0.000000	0.292359	0.000000	0.000000	0.000000	0.000000
444	0.428503	0.014751	0.263307	0.000000	0.293439	0.000000	0.000000	0.000000	0.000000
445	0.427920	0.014574	0.262819	0.000000	0.294687	0.000000	0.000000	0.000000	0.000000
446	0.427819	0.014460	0.262238	0.000000	0.295483	0.000000	0.000000	0.000000	0.000000
447	0.427360	0.014485	0.261700	0.000000	0.296455	0.000000	0.000000	0.000000	0.000000
448	0.426131	0.014495	0.261656	0.000000	0.297718	0.000000	0.000000	0.000000	0.000000
449	0.425833	0.014450	0.261132	0.000000	0.298585	0.000000	0.000000	0.000000	0.000000
450	0.425183	0.014603	0.260399	0.000000	0.299815	0.000000	0.000000	0.000000	0.000000
451	0.424203	0.014546	0.260411	0.000000	0.300840	0.000000	0.000000	0.000000	0.000000
452	0.423254	0.014364	0.260410	0.000000	0.301972	0.000000	0.000000	0.000000	0.000000
453	0.422774	0.014408	0.260012	0.000000	0.302806	0.000000	0.000000	0.000000	0.000000
454	0.422416	0.014353	0.259156	0.000000	0.304075	0.000000	0.000000	0.000000	0.000000
455	0.421850	0.014368	0.258674	0.000000	0.305108	0.000000	0.000000	0.000000	0.000000
456	0.420851	0.014302	0.258993	0.000000	0.305854	0.000000	0.000000	0.000000	0.000000
457	0.419824	0.014114	0.258939	0.000000	0.307123	0.000000	0.000000	0.000000	0.000000
458	0.418983	0.014122	0.258468	0.000000	0.308427	0.000000	0.000000	0.000000	0.000000
459	0.417688	0.014155	0.258452	0.000000	0.309705	0.000000	0.000000	0.000000	0.000000
460	0.417051	0.014250	0.257995	0.000000	0.310704	0.000000	0.000000	0.000000	0.000000
461	0.416835	0.014110	0.257428	0.000000	0.311627	0.000000	0.000000	0.000000	0.000000
462	0.416559	0.014114	0.256647	0.000000	0.312680	0.000000	0.000000	0.000000	0.000000
463	0.415692	0.014118	0.256769	0.000000	0.313421	0.000000	0.000000	0.000000	0.000000
464	0.415610	0.013984	0.256126	0.000000	0.314280	0.000000	0.000000	0.000000	0.000000
465	0.414496	0.013921	0.256298	0.000000	0.315285	0.000000	0.000000	0.000000	0.000000
466	0.413740	0.013724	0.256087	0.000000	0.316449	0.000000	0.000000	0.000000	0.000000
467	0.413632	0.013786	0.255544	0.000000	0.317038	0.000000	0.000000	0.000000	0.000000
468	0.412636	0.013629	0.255300	0.000000	0.318435	0.000000	0.000000	0.000000	0.000000
469	0.412131	0.013631	0.254985	0.000000	0.319253	0.000000	0.000000	0.000000	0.000000
470	0.411646	0.013625	0.254576	0.000000	0.320153	0.000000	0.000000	0.000000	0.000000
