0	0.290663	0.057897	0.229473	0.157588	0.029913	0.111872	0.085455	0.012259	0.024880
1	0.228109	0.046963	0.199321	0.129886	0.026813	0.114140	0.130466	0.025272	0.099030
2	0.225859	0.046277	0.195250	0.116877	0.025236	0.103241	0.141399	0.027382	0.118479
3	0.229633	0.046166	0.191432	0.105903	0.024609	0.092323	0.147470	0.028317	0.134147
4	0.234829	0.046527	0.188288	0.095961	0.024190	0.080973	0.151793	0.028612	0.148827
5	0.240777	0.046841	0.183766	0.087699	0.023608	0.071149	0.154987	0.028824	0.162349
6	0.246979	0.047067	0.178681	0.080541	0.023385	0.062068	0.156963	0.028619	0.175697
7	0.253935	0.046955	0.173052	0.074050	0.023409	0.054210	0.158136	0.028693	0.187560
8	0.260045	0.047245	0.167607	0.067535	0.023397	0.047335	0.158742	0.028525	0.199569
9	0.266907	0.047539	0.161720	0.062155	0.023257	0.041394	0.157924	0.028385	0.210719
10	0.273512	0.047933	0.155200	0.057317	0.023305	0.036163	0.156676	0.028014	0.221880
11	0.279192	0.048247	0.149513	0.052467	0.023414	0.031784	0.155626	0.027588	0.232169
12	0.285543	0.048330	0.143506	0.048372	0.023737	0.027614	0.154017	0.027003	0.241878
13	0.291627	0.048787	0.137705	0.044084	0.023909	0.024562	0.151890	0.026470	0.250966
14	0.297598	0.048788	0.131826	0.040376	0.024248	0.021503	0.149339	0.025928	0.260394
15	0.303812	0.049240	0.125681	0.037150	0.024498	0.018865	0.146355	0.025398	0.269001
16	0.309761	0.049454	0.120430	0.034163	0.024734	0.016283	0.142941	0.024747	0.277487
17	0.315249	0.049871	0.114803	0.031642	0.025009	0.014168	0.140223	0.024101	0.284934
18	0.320117	0.049965	0.109819	0.029357	0.025408	0.012534	0.136778	0.023498	0.292524
19	0.325228	0.050274	0.104907	0.026860	0.025798	0.011031	0.133115	0.022831	0.299956
20	0.330000	0.050232	0.100084	0.024918	0.026122	0.009833	0.129799	0.022029	0.306983
21	0.335472	0.050338	0.095216	0.022881	0.026385	0.008665	0.125825	0.021547	0.313671
22	0.339726	0.050441	0.090975	0.021054	0.026810	0.007679	0.122353	0.020930	0.320032
23	0.344346	0.050449	0.086445	0.019490	0.027167	0.006774	0.118509	0.020336	0.326484
24	0.348581	0.050382	0.081708	0.018224	0.027409	0.005897	0.115498	0.019544	0.332757
25	0.352690	0.050245	0.077751	0.016952	0.027753	0.005156	0.111993	0.018845	0.338615
26	0.356626	0.050727	0.073717	0.015511	0.028023	0.004701	0.108468	0.018205	0.344022
27	0.359979	0.050866	0.069741	0.014415	0.028357	0.004152	0.105149	0.017630	0.349711
28	0.362947	0.050641	0.066253	0.013379	0.028729	0.003694	0.102307	0.016912	0.355138
29	0.365750	0.050662	0.062737	0.012551	0.029299	0.003257	0.098749	0.016495	0.360500
30	0.368561	0.050832	0.059432	0.011741	0.029175	0.002891	0.095798	0.015721	0.365849
31	0.371577	0.050641	0.056266	0.010835	0.029593	0.002569	0.092415	0.015187	0.370917
32	0.374047	0.050629	0.053084	0.010129	0.030063	0.002348	0.089381	0.014621	0.375698
33	0.376236	0.050546	0.050257	0.009339	0.030486	0.002045	0.086324	0.014149	0.380618
34	0.377832	0.050373	0.047549	0.008725	0.031202	0.001803	0.083640	0.013500	0.385376
35	0.379153	0.050151	0.044965	0.008066	0.031591	0.001643	0.081102	0.013003	0.390326
36	0.380238	0.049973	0.042359	0.007530	0.031919	0.001447	0.078033	0.012430	0.396071
37	0.381754	0.049838	0.039961	0.006946	0.032149	0.001325	0.075670	0.011850	0.400507
38	0.383005	0.049693	0.037368	0.006401	0.032645	0.001157	0.073441	0.011403	0.404887
39	0.383408	0.049289	0.035331	0.006019	0.032802	0.001004	0.070843	0.011108	0.410196
40	0.384889	0.048867	0.033157	0.005591	0.033087	0.000957	0.068335	0.010796	0.414321
41	0.385481	0.048688	0.031406	0.005197	0.033451	0.000917	0.066078	0.010313	0.418469
42	0.386605	0.048391	0.029493	0.004925	0.033620	0.000834	0.064033	0.009908	0.422191
43	0.387497	0.048067	0.027682	0.004684	0.033904	0.000737	0.061847	0.009500	0.426082
44	0.387807	0.047766	0.025981	0.004396	0.034212	0.000689	0.059885	0.009208	0.430056
45	0.387840	0.047701	0.024343	0.004149	0.034518	0.000617	0.058073	0.008911	0.433848
46	0.388099	0.047342	0.022940	0.003868	0.034932	0.000593	0.056011	0.008633	0.437582
47	0.388167	0.047206	0.021546	0.003579	0.035268	0.000534	0.054435	0.008296	0.440969
48	0.388796	0.047098	0.020115	0.003434	0.035458	0.000485	0.052393	0.008065	0.444156
49	0.388488	0.046746	0.019008	0.003164	0.035677	0.000440	0.050377	0.007747	0.448353
50	0.388801	0.046125	0.017719	0.002992	0.035950	0.000405	0.048777	0.007497	0.451734
51	0.388085	0.045827	0.016870	0.002773	0.036256	0.000366	0.047309	0.007284	0.455230
52	0.388290	0.045607	0.015672	0.002678	0.036601	0.000371	0.045909	0.006971	0.457901
53	0.387495	0.045028	0.014775	0.002553	0.036937	0.000326	0.044538	0.006633	0.461715
54	0.386772	0.044869	0.013935	0.002408	0.037108	0.000278	0.042884	0.006408	0.465338
55	0.385291	0.044919	0.012929	0.002320	0.037391	0.000234	0.041574	0.006121	0.469221
56	0.384487	0.044490	0.012073	0.002229	0.037553	0.000244	0.040379	0.005931	0.472614
57	0.384049	0.044098	0.011301	0.002158	0.037815	0.000228	0.039046	0.005681	0.475624
58	0.383437	0.043578	0.010705	0.002125	0.037946	0.000230	0.037786	0.005472	0.478721
59	0.382795	0.043118	0.010049	0.002046	0.038082	0.000195	0.036620	0.005257	0.481838
60	0.382091	0.042541	0.009509	0.001909	0.038326	0.000207	0.035575	0.005123	0.484719
61	0.380543	0.042073	0.008775	0.001809	0.038675	0.000189	0.034574	0.004911	0.488451
62	0.379492	0.041833	0.008271	0.001718	0.038573	0.000149	0.033454	0.004709	0.491801
63	0.377946	0.041305	0.007803	0.001606	0.038629	0.000147	0.032537	0.004631	0.495396
64	0.376553	0.040640	0.007223	0.001504	0.039079	0.000136	0.031457	0.004500	0.498908
65	0.374697	0.040548	0.006862	0.001405	0.039244	0.000119	0.030468	0.004308	0.502349
66	0.373067	0.040291	0.006277	0.001318	0.039288	0.000116	0.029540	0.004120	0.505983
67	0.371514	0.039778	0.005887	0.001311	0.039474	0.000113	0.028977	0.004107	0.508839
68	0.369419	0.039393	0.005540	0.001223	0.039502	0.000099	0.028203	0.003947	0.512674
69	0.367974	0.039014	0.005166	0.001133	0.039453	0.000104	0.027621	0.003822	0.515713
70	0.366112	0.038282	0.004864	0.001135	0.039306	0.000072	0.026783	0.003700	0.519746
71	0.364378	0.037957	0.004663	0.001083	0.039454	0.000063	0.026022	0.003621	0.522759
72	0.363081	0.037703	0.004357	0.001053	0.039511	0.000070	0.025156	0.003445	0.525624
73	0.361719	0.036984	0.004186	0.000998	0.039536	0.000072	0.024597	0.003365	0.528543
74	0.359705	0.036464	0.003883	0.000960	0.039907	0.000070	0.023903	0.003222	0.531886
75	0.357807	0.036332	0.003625	0.000906	0.039917	0.000067	0.023284	0.003115	0.534947
76	0.356087	0.035721	0.003450	0.000867	0.039958	0.000061	0.022678	0.003046	0.538132
77	0.354043	0.035281	0.003208	0.000840	0.040052	0.000066	0.022063	0.003037	0.541410
78	0.352100	0.034998	0.003038	0.000785	0.040199	0.000051	0.021478	0.002955	0.544396
79	0.349988	0.034671	0.002838	0.000749	0.040330	0.000049	0.020867	0.002851	0.547657
80	0.348123	0.034206	0.002595	0.000716	0.040356	0.000036	0.020363	0.002816	0.550789
81	0.345901	0.033880	0.002382	0.000705	0.040555	0.000031	0.019855	0.002751	0.553940
82	0.343164	0.033492	0.002256	0.000644	0.040677	0.000018	0.019271	0.002699	0.557779
83	0.340952	0.032917	0.002086	0.000633	0.040703	0.000014	0.018708	0.002677	0.561310
84	0.339286	0.032615	0.001992	0.000621	0.040759	0.000013	0.018328	0.002620	0.563766
85	0.336816	0.032247	0.001858	0.000583	0.040841	0.000013	0.017787	0.002529	0.567326
86	0.334054	0.032072	0.001713	0.000527	0.041024	0.000015	0.017553	0.002531	0.570511
87	0.331326	0.031589	0.001581	0.000525	0.041154	0.000011	0.017174	0.002465	0.574175
88	0.328564	0.031213	0.001482	0.000491	0.041217	0.000010	0.016912	0.002431	0.577680
89	0.326377	0.030856	0.001429	0.000479	0.041249	0.000009	0.016572	0.002331	0.580698
90	0.323492	0.030405	0.001328	0.000463	0.041376	0.000009	0.016176	0.002272	0.584479
91	0.321469	0.029992	0.001252	0.000425	0.041439	0.000010	0.015876	0.002253	0.587284
92	0.318928	0.029686	0.001215	0.000387	0.041556	0.000009	0.015614	0.002233	0.590372
93	0.316538	0.029206	0.001148	0.000379	0.041333	0.000009	0.015311	0.002207	0.593869
94	0.314172	0.028876	0.001108	0.000367	0.041288	0.000007	0.014938	0.002079	0.597165
95	0.311446	0.028533	0.001044	0.000339	0.041231	0.000006	0.014788	0.002058	0.600555
96	0.308955	0.028124	0.000934	0.000326	0.041356	0.000006	0.014477	0.002010	0.603812
97	0.306601	0.027792	0.000906	0.000297	0.041429	0.000005	0.014343	0.001965	0.606662
98	0.304321	0.027387	0.000872	0.000309	0.041422	0.000003	0.013998	0.001980	0.609708
99	0.302683	0.027057	0.000814	0.000278	0.041237	0.000000	0.013800	0.001902	0.612229
100	0.300426	0.026508	0.000799	0.000280	0.041344	0.000000	0.013626	0.001884	0.615133
101	0.298151	0.025961	0.000728	0.000268	0.041328	0.000000	0.013459	0.001912	0.618193
102	0.295590	0.025556	0.000712	0.000255	0.041252	0.000000	0.013363	0.001910	0.621362
103	0.292899	0.025201	0.000660	0.000237	0.041437	0.000000	0.013161	0.001848	0.624557
104	0.290349	0.024769	0.000605	0.000236	0.041640	0.000000	0.012978	0.001828	0.627595
105	0.288482	0.024448	0.000574	0.000219	0.041331	0.000000	0.012616	0.001826	0.630504
106	0.286131	0.024306	0.000513	0.000176	0.041290	0.000000	0.012294	0.001778	0.633512
107	0.283772	0.023909	0.000523	0.000189	0.041105	0.000000	0.012123	0.001727	0.636652
108	0.281281	0.023658	0.000470	0.000176	0.041081	0.000000	0.011882	0.001704	0.639748
109	0.278665	0.023629	0.000461	0.000167	0.041203	0.000000	0.011559	0.001678	0.642638
110	0.276401	0.023329	0.000413	0.000152	0.041312	0.000000	0.011422	0.001623	0.645348
111	0.273879	0.022919	0.000384	0.000154	0.041233	0.000000	0.011097	0.001616	0.648718
112	0.271722	0.022661	0.000360	0.000137	0.041073	0.000000	0.011077	0.001565	0.651405
113	0.269468	0.022321	0.000337	0.000129	0.041114	0.000000	0.011018	0.001528	0.654085
114	0.266695	0.021907	0.000328	0.000114	0.041222	0.000000	0.010967	0.001490	0.657277
115	0.264711	0.021608	0.000305	0.000111	0.040955	0.000000	0.010847	0.001485	0.659978
116	0.261973	0.021412	0.000267	0.000114	0.041115	0.000000	0.010747	0.001435	0.662937
117	0.259673	0.021173	0.000240	0.000109	0.041279	0.000000	0.010730	0.001440	0.665356
118	0.257462	0.020706	0.000250	0.000100	0.041387	0.000000	0.010664	0.001472	0.667959
119	0.255403	0.020274	0.000224	0.000092	0.041211	0.000000	0.010423	0.001448	0.670925
120	0.252800	0.019975	0.000205	0.000087	0.041159	0.000000	0.010340	0.001450	0.673984
121	0.250713	0.019833	0.000193	0.000067	0.041219	0.000000	0.010173	0.001468	0.676334
122	0.249045	0.019661	0.000177	0.000059	0.040956	0.000000	0.010064	0.001489	0.678549
123	0.246870	0.019278	0.000150	0.000048	0.041100	0.000000	0.009868	0.001471	0.681215
124	0.244384	0.019035	0.000129	0.000057	0.041049	0.000000	0.009844	0.001453	0.684049
125	0.242409	0.018704	0.000132	0.000046	0.040999	0.000000	0.009767	0.001478	0.686465
126	0.240271	0.018285	0.000107	0.000041	0.040845	0.000000	0.009727	0.001463	0.689261
127	0.238222	0.018122	0.000086	0.000038	0.040795	0.000000	0.009567	0.001425	0.691745
128	0.235708	0.017741	0.000079	0.000027	0.040772	0.000000	0.009413	0.001386	0.694874
129	0.233551	0.017625	0.000064	0.000030	0.040834	0.000000	0.009220	0.001399	0.697277
130	0.231446	0.017269	0.000064	0.000032	0.040826	0.000000	0.009156	0.001406	0.699801
131	0.229302	0.017189	0.000053	0.000027	0.040931	0.000000	0.008990	0.001373	0.702135
132	0.227277	0.017072	0.000052	0.000030	0.040855	0.000000	0.008886	0.001364	0.704464
133	0.225366	0.016855	0.000070	0.000026	0.040813	0.000000	0.008906	0.001345	0.706619
134	0.223079	0.016608	0.000069	0.000018	0.040689	0.000000	0.008790	0.001313	0.709434
135	0.220752	0.016215	0.000060	0.000017	0.040688	0.000000	0.008787	0.001275	0.712206
136	0.218657	0.015748	0.000054	0.000013	0.040632	0.000000	0.008628	0.001292	0.714976
137	0.216281	0.015606	0.000049	0.000012	0.040651	0.000000	0.008595	0.001231	0.717575
138	0.214147	0.015555	0.000042	0.000017	0.040669	0.000000	0.008469	0.001200	0.719901
139	0.211951	0.015358	0.000037	0.000014	0.040729	0.000000	0.008428	0.001187	0.722296
140	0.209762	0.015072	0.000039	0.000011	0.040777	0.000000	0.008386	0.001124	0.724829
141	0.207560	0.014907	0.000030	0.000008	0.040586	0.000000	0.008219	0.001107	0.727583
142	0.205673	0.014647	0.000032	0.000008	0.040482	0.000000	0.008316	0.001103	0.729739
143	0.204226	0.014424	0.000035	0.000006	0.040247	0.000000	0.008293	0.001058	0.731711
144	0.202076	0.014301	0.000031	0.000003	0.040255	0.000000	0.008153	0.001032	0.734149
145	0.199857	0.014069	0.000030	0.000005	0.040350	0.000000	0.007953	0.001022	0.736714
146	0.197838	0.013785	0.000042	0.000006	0.040224	0.000000	0.007870	0.000994	0.739241
147	0.196008	0.013815	0.000026	0.000006	0.040081	0.000000	0.007785	0.000960	0.741319
148	0.194051	0.013602	0.000032	0.000005	0.040227	0.000000	0.007709	0.000937	0.743437
149	0.192002	0.013464	0.000032	0.000005	0.040189	0.000000	0.007700	0.000926	0.745682
150	0.190243	0.013235	0.000031	0.000002	0.040021	0.000000	0.007552	0.000960	0.747956
151	0.188255	0.013067	0.000028	0.000001	0.040112	0.000000	0.007509	0.000941	0.750087
152	0.186462	0.012856	0.000027	0.000000	0.039907	0.000000	0.007476	0.000962	0.752310
153	0.184359	0.012766	0.000022	0.000000	0.039933	0.000000	0.007544	0.000954	0.754422
154	0.182742	0.012565	0.000022	0.000000	0.039875	0.000000	0.007545	0.001001	0.756250
155	0.180760	0.012529	0.000024	0.000000	0.039742	0.000000	0.007467	0.000995	0.758483
156	0.178820	0.012344	0.000020	0.000000	0.039572	0.000000	0.007393	0.000955	0.760896
157	0.177259	0.012262	0.000025	0.000000	0.039459	0.000000	0.007354	0.000951	0.762690
158	0.175646	0.012072	0.000025	0.000000	0.039465	0.000000	0.007213	0.000996	0.764583
159	0.173789	0.012086	0.000025	0.000000	0.039409	0.000000	0.007160	0.000972	0.766559
160	0.171820	0.012037	0.000025	0.000000	0.039291	0.000000	0.007114	0.000997	0.768716
161	0.169732	0.011839	0.000026	0.000000	0.039111	0.000000	0.007028	0.000965	0.771299
162	0.168032	0.011797	0.000029	0.000000	0.039072	0.000000	0.007011	0.000909	0.773150
163	0.165831	0.011690	0.000031	0.000000	0.039107	0.000000	0.006952	0.000909	0.775480
164	0.164245	0.011470	0.000024	0.000000	0.039036	0.000000	0.006999	0.000916	0.777310
165	0.162506	0.011459	0.000021	0.000000	0.039055	0.000000	0.006754	0.000891	0.779314
166	0.161307	0.011173	0.000022	0.000000	0.038822	0.000000	0.006825	0.000863	0.780988
167	0.159405	0.011076	0.000017	0.000000	0.038662	0.000000	0.006840	0.000841	0.783159
168	0.158019	0.010900	0.000023	0.000000	0.038550	0.000000	0.006782	0.000858	0.784868
169	0.156054	0.010821	0.000028	0.000000	0.038292	0.000000	0.006762	0.000809	0.787234
170	0.154310	0.010696	0.000025	0.000000	0.038241	0.000000	0.006842	0.000809	0.789077
171	0.153017	0.010497	0.000028	0.000000	0.038101	0.000000	0.006826	0.000805	0.790726
172	0.151397	0.010417	0.000026	0.000000	0.037854	0.000000	0.006808	0.000831	0.792667
173	0.149493	0.010276	0.000027	0.000000	0.037859	0.000000	0.006718	0.000837	0.794790
174	0.148102	0.010114	0.000029	0.000000	0.037645	0.000000	0.006715	0.000819	0.796576
175	0.146357	0.010132	0.000038	0.000000	0.037225	0.000000	0.006649	0.000807	0.798792
176	0.144626	0.009950	0.000039	0.000000	0.037174	0.000000	0.006651	0.000786	0.800774
177	0.142883	0.009758	0.000035	0.000000	0.037257	0.000000	0.006674	0.000821	0.802572
178	0.141246	0.009683	0.000035	0.000000	0.037032	0.000000	0.006614	0.000799	0.804591
179	0.139611	0.009579	0.000042	0.000000	0.036885	0.000000	0.006493	0.000803	0.806587
180	0.138286	0.009462	0.000041	0.000000	0.036593	0.000000	0.006441	0.000793	0.808384
181	0.137034	0.009328	0.000043	0.000000	0.036338	0.000000	0.006363	0.000803	0.810091
182	0.135853	0.009204	0.000043	0.000000	0.036095	0.000000	0.006277	0.000775	0.811753
183	0.134399	0.009041	0.000038	0.000000	0.035848	0.000000	0.006253	0.000771	0.813650
184	0.132730	0.009012	0.000032	0.000000	0.035694	0.000000	0.006258	0.000763	0.815511
185	0.130879	0.008922	0.000032	0.000000	0.035733	0.000000	0.006140	0.000783	0.817511
186	0.129701	0.008699	0.000041	0.000000	0.035577	0.000000	0.006182	0.000761	0.819039
187	0.128421	0.008557	0.000033	0.000000	0.035412	0.000000	0.006265	0.000784	0.820528
188	0.126947	0.008380	0.000025	0.000000	0.035330	0.000000	0.006228	0.000781	0.822309
189	0.125831	0.008303	0.000025	0.000000	0.035138	0.000000	0.006279	0.000772	0.823652
190	0.124251	0.008033	0.000025	0.000000	0.035024	0.000000	0.006211	0.000748	0.825708
191	0.122603	0.007915	0.000028	0.000000	0.034643	0.000000	0.006212	0.000747	0.827852
192	0.121212	0.007897	0.000021	0.000000	0.034496	0.000000	0.006250	0.000756	0.829368
193	0.119455	0.007759	0.000023	0.000000	0.034364	0.000000	0.006280	0.000775	0.831344
194	0.118269	0.007653	0.000016	0.000000	0.034246	0.000000	0.006261	0.000790	0.832765
195	0.116950	0.007552	0.000011	0.000000	0.034208	0.000000	0.006305	0.000782	0.834192
196	0.116009	0.007398	0.000009	0.000000	0.033970	0.000000	0.006249	0.000802	0.835563
197	0.114553	0.007347	0.000009	0.000000	0.033866	0.000000	0.006146	0.000783	0.837296
198	0.113184	0.007269	0.000004	0.000000	0.033611	0.000000	0.006173	0.000777	0.838982
199	0.111931	0.007212	0.000012	0.000000	0.033368	0.000000	0.006185	0.000749	0.840543
200	0.110396	0.007061	0.000010	0.000000	0.033226	0.000000	0.006191	0.000748	0.842368
201	0.109279	0.006862	0.000012	0.000000	0.033150	0.000000	0.006193	0.000742	0.843762
202	0.108052	0.006763	0.000014	0.000000	0.033008	0.000000	0.006140	0.000752	0.845271
203	0.106717	0.006703	0.000011	0.000000	0.032974	0.000000	0.006204	0.000774	0.846617
204	0.105498	0.006747	0.000009	0.000000	0.032947	0.000000	0.006147	0.000754	0.847898
205	0.104319	0.006729	0.000011	0.000000	0.032750	0.000000	0.006251	0.000765	0.849175
206	0.103192	0.006700	0.000006	0.000000	0.032505	0.000000	0.006228	0.000745	0.850624
207	0.101946	0.006648	0.000011	0.000000	0.032488	0.000000	0.006161	0.000749	0.851997
208	0.100699	0.006528	0.000006	0.000000	0.032312	0.000000	0.006048	0.000728	0.853679
209	0.099443	0.006437	0.000005	0.000000	0.032152	0.000000	0.005983	0.000705	0.855275
210	0.098446	0.006370	0.000005	0.000000	0.032085	0.000000	0.005943	0.000684	0.856467
211	0.097335	0.006354	0.000006	0.000000	0.031990	0.000000	0.005855	0.000698	0.857762
212	0.096105	0.006362	0.000003	0.000000	0.031813	0.000000	0.005891	0.000700	0.859126
213	0.094918	0.006329	0.000004	0.000000	0.031637	0.000000	0.005960	0.000705	0.860447
214	0.093676	0.006182	0.000000	0.000000	0.031624	0.000000	0.005888	0.000699	0.861931
215	0.092381	0.005996	0.000000	0.000000	0.031498	0.000000	0.005764	0.000683	0.863678
216	0.091285	0.005990	0.000000	0.000000	0.031348	0.000000	0.005692	0.000661	0.865024
217	0.090088	0.005926	0.000000	0.000000	0.031358	0.000000	0.005719	0.000647	0.866262
218	0.089086	0.005842	0.000000	0.000000	0.031104	0.000000	0.005696	0.000639	0.867633
219	0.088213	0.005748	0.000000	0.000000	0.031027	0.000000	0.005736	0.000632	0.868644
220	0.087082	0.005691	0.000000	0.000000	0.030863	0.000000	0.005618	0.000653	0.870093
221	0.086042	0.005698	0.000000	0.000000	0.030652	0.000000	0.005608	0.000619	0.871381
222	0.084986	0.005578	0.000000	0.000000	0.030559	0.000000	0.005618	0.000590	0.872669
223	0.084178	0.005404	0.000000	0.000000	0.030469	0.000000	0.005630	0.000607	0.873712
224	0.083248	0.005270	0.000000	0.000000	0.030296	0.000000	0.005550	0.000623	0.875013
225	0.082227	0.005160	0.000000	0.000000	0.030162	0.000000	0.005526	0.000620	0.876305
226	0.081207	0.005156	0.000000	0.000000	0.029944	0.000000	0.005428	0.000611	0.877654
227	0.079948	0.005026	0.000000	0.000000	0.029731	0.000000	0.005369	0.000640	0.879286
228	0.079061	0.004929	0.000000	0.000000	0.029600	0.000000	0.005497	0.000623	0.880290
229	0.077845	0.004852	0.000000	0.000000	0.029508	0.000000	0.005474	0.000635	0.881686
230	0.077154	0.004800	0.000000	0.000000	0.029342	0.000000	0.005438	0.000633	0.882633
231	0.075966	0.004707	0.000000	0.000000	0.029174	0.000000	0.005446	0.000611	0.884096
232	0.074955	0.004662	0.000000	0.000000	0.029080	0.000000	0.005414	0.000578	0.885311
233	0.073860	0.004602	0.000000	0.000000	0.028935	0.000000	0.005315	0.000569	0.886719
234	0.072736	0.004537	0.000000	0.000000	0.028806	0.000000	0.005227	0.000580	0.888114
235	0.071988	0.004447	0.000000	0.000000	0.028760	0.000000	0.005243	0.000584	0.888978
236	0.070954	0.004388	0.000000	0.000000	0.028696	0.000000	0.005218	0.000595	0.890149
237	0.070143	0.004267	0.000000	0.000000	0.028603	0.000000	0.005197	0.000591	0.891199
238	0.069212	0.004139	0.000000	0.000000	0.028502	0.000000	0.005288	0.000589	0.892270
239	0.068363	0.004114	0.000000	0.000000	0.028268	0.000000	0.005289	0.000569	0.893397
240	0.067629	0.004033	0.000000	0.000000	0.028092	0.000000	0.005260	0.000543	0.894443
241	0.066694	0.004007	0.000000	0.000000	0.027995	0.000000	0.005201	0.000540	0.895563
242	0.065815	0.003867	0.000000	0.000000	0.027868	0.000000	0.005288	0.000529	0.896633
243	0.064959	0.003842	0.000000	0.000000	0.027752	0.000000	0.005160	0.000492	0.897795
244	0.064133	0.003726	0.000000	0.000000	0.027479	0.000000	0.005295	0.000507	0.898860
245	0.063317	0.003701	0.000000	0.000000	0.027420	0.000000	0.005311	0.000474	0.899777
246	0.062502	0.003586	0.000000	0.000000	0.027346	0.000000	0.005361	0.000451	0.900754
247	0.061697	0.003517	0.000000	0.000000	0.027090	0.000000	0.005295	0.000462	0.901939
248	0.060927	0.003458	0.000000	0.000000	0.026819	0.000000	0.005271	0.000450	0.903075
249	0.060316	0.003377	0.000000	0.000000	0.026703	0.000000	0.005327	0.000476	0.903801
250	0.059594	0.003301	0.000000	0.000000	0.026600	0.000000	0.005381	0.000434	0.904690
251	0.058909	0.003262	0.000000	0.000000	0.026439	0.000000	0.005408	0.000445	0.905537
252	0.058152	0.003235	0.000000	0.000000	0.026408	0.000000	0.005463	0.000438	0.906304
253	0.057356	0.003227	0.000000	0.000000	0.026374	0.000000	0.005459	0.000431	0.907153
254	0.056670	0.003165	0.000000	0.000000	0.026390	0.000000	0.005435	0.000423	0.907917
255	0.056040	0.003160	0.000000	0.000000	0.026171	0.000000	0.005396	0.000430	0.908803
256	0.055441	0.003160	0.000000	0.000000	0.026005	0.000000	0.005375	0.000446	0.909573
257	0.054576	0.003147	0.000000	0.000000	0.026001	0.000000	0.005301	0.000407	0.910568
258	0.053959	0.003109	0.000000	0.000000	0.025940	0.000000	0.005191	0.000379	0.911422
259	0.053216	0.003076	0.000000	0.000000	0.025861	0.000000	0.005157	0.000385	0.912305
260	0.052637	0.003088	0.000000	0.000000	0.025744	0.000000	0.005196	0.000385	0.912950
261	0.051695	0.003046	0.000000	0.000000	0.025775	0.000000	0.005241	0.000391	0.913852
262	0.051215	0.003058	0.000000	0.000000	0.025748	0.000000	0.005305	0.000413	0.914261
263	0.050418	0.002981	0.000000	0.000000	0.025537	0.000000	0.005302	0.000396	0.915366
264	0.049671	0.003042	0.000000	0.000000	0.025482	0.000000	0.005271	0.000424	0.916110
265	0.049300	0.002944	0.000000	0.000000	0.025350	0.000000	0.005251	0.000392	0.916763
266	0.048684	0.002919	0.000000	0.000000	0.025289	0.000000	0.005364	0.000376	0.917368
267	0.048158	0.002887	0.000000	0.000000	0.025195	0.000000	0.005270	0.000397	0.918093
268	0.047601	0.002816	0.000000	0.000000	0.025044	0.000000	0.005262	0.000361	0.918916
269	0.047064	0.002771	0.000000	0.000000	0.024862	0.000000	0.005241	0.000366	0.919696
270	0.046497	0.002767	0.000000	0.000000	0.024699	0.000000	0.005277	0.000357	0.920403
271	0.045857	0.002773	0.000000	0.000000	0.024403	0.000000	0.005309	0.000364	0.921294
272	0.045382	0.002731	0.000000	0.000000	0.024417	0.000000	0.005261	0.000352	0.921857
273	0.044847	0.002643	0.000000	0.000000	0.024262	0.000000	0.005327	0.000348	0.922573
274	0.044256	0.002695	0.000000	0.000000	0.024109	0.000000	0.005331	0.000344	0.923265
275	0.043492	0.002658	0.000000	0.000000	0.023886	0.000000	0.005318	0.000356	0.924290
276	0.042752	0.002626	0.000000	0.000000	0.023743	0.000000	0.005354	0.000362	0.925163
277	0.042106	0.002642	0.000000	0.000000	0.023818	0.000000	0.005274	0.000354	0.925806
278	0.041429	0.002557	0.000000	0.000000	0.023597	0.000000	0.005231	0.000335	0.926851
279	0.040837	0.002435	0.000000	0.000000	0.023460	0.000000	0.005214	0.000357	0.927697
280	0.040291	0.002387	0.000000	0.000000	0.023410	0.000000	0.005260	0.000360	0.928292
281	0.039743	0.002365	0.000000	0.000000	0.023371	0.000000	0.005078	0.000360	0.929083
282	0.039206	0.002291	0.000000	0.000000	0.023149	0.000000	0.005093	0.000380	0.929881
283	0.038841	0.002221	0.000000	0.000000	0.023055	0.000000	0.005073	0.000379	0.930431
284	0.038394	0.002197	0.000000	0.000000	0.022934	0.000000	0.005080	0.000386	0.931009
285	0.037920	0.002125	0.000000	0.000000	0.022869	0.000000	0.005012	0.000406	0.931668
286	0.037498	0.002062	0.000000	0.000000	0.022784	0.000000	0.005099	0.000390	0.932167
287	0.037226	0.002084	0.000000	0.000000	0.022765	0.000000	0.005088	0.000388	0.932449
288	0.036874	0.001982	0.000000	0.000000	0.022611	0.000000	0.005143	0.000391	0.932999
289	0.036288	0.001969	0.000000	0.000000	0.022511	0.000000	0.005179	0.000398	0.933655
290	0.035794	0.001924	0.000000	0.000000	0.022429	0.000000	0.005283	0.000371	0.934199
291	0.035227	0.001897	0.000000	0.000000	0.022320	0.000000	0.005246	0.000401	0.934909
292	0.034818	0.001883	0.000000	0.000000	0.022045	0.000000	0.005293	0.000406	0.935555
293	0.034475	0.001818	0.000000	0.000000	0.022057	0.000000	0.005382	0.000410	0.935858
294	0.034024	0.001757	0.000000	0.000000	0.022010	0.000000	0.005247	0.000386	0.936576
295	0.033636	0.001771	0.000000	0.000000	0.021843	0.000000	0.005294	0.000391	0.937065
296	0.033015	0.001775	0.000000	0.000000	0.021754	0.000000	0.005289	0.000401	0.937766
297	0.032505	0.001793	0.000000	0.000000	0.021528	0.000000	0.005224	0.000409	0.938541
298	0.031965	0.001850	0.000000	0.000000	0.021534	0.000000	0.005185	0.000414	0.939052
299	0.031639	0.001811	0.000000	0.000000	0.021370	0.000000	0.005061	0.000418	0.939701
300	0.030981	0.001845	0.000000	0.000000	0.021287	0.000000	0.005040	0.000432	0.940415
301	0.030686	0.001809	0.000000	0.000000	0.021181	0.000000	0.005024	0.000424	0.940876
302	0.030344	0.001789	0.000000	0.000000	0.021043	0.000000	0.005076	0.000414	0.941334
303	0.030061	0.001777	0.000000	0.000000	0.020875	0.000000	0.004958	0.000412	0.941917
304	0.029606	0.001766	0.000000	0.000000	0.020681	0.000000	0.004946	0.000411	0.942590
305	0.029288	0.001696	0.000000	0.000000	0.020565	0.000000	0.004885	0.000397	0.943169
306	0.028845	0.001681	0.000000	0.000000	0.020428	0.000000	0.004865	0.000422	0.943759
307	0.028521	0.001657	0.000000	0.000000	0.020322	0.000000	0.004948	0.000437	0.944115
308	0.028221	0.001662	0.000000	0.000000	0.020209	0.000000	0.004961	0.000434	0.944513
309	0.027870	0.001631	0.000000	0.000000	0.020133	0.000000	0.004967	0.000418	0.944981
310	0.027508	0.001596	0.000000	0.000000	0.019990	0.000000	0.005027	0.000435	0.945444
311	0.027180	0.001578	0.000000	0.000000	0.019884	0.000000	0.004983	0.000440	0.945935
312	0.026934	0.001531	0.000000	0.000000	0.019768	0.000000	0.005041	0.000461	0.946265
313	0.026650	0.001506	0.000000	0.000000	0.019653	0.000000	0.005008	0.000472	0.946711
314	0.026251	0.001464	0.000000	0.000000	0.019493	0.000000	0.005046	0.000467	0.947279
315	0.025913	0.001469	0.000000	0.000000	0.019306	0.000000	0.004987	0.000459	0.947866
316	0.025386	0.001469	0.000000	0.000000	0.019147	0.000000	0.005052	0.000456	0.948490
317	0.025054	0.001449	0.000000	0.000000	0.019065	0.000000	0.005047	0.000475	0.948910
318	0.024589	0.001392	0.000000	0.000000	0.018968	0.000000	0.005067	0.000465	0.949519
319	0.024389	0.001354	0.000000	0.000000	0.018882	0.000000	0.005127	0.000442	0.949806
320	0.023979	0.001335	0.000000	0.000000	0.018800	0.000000	0.005160	0.000462	0.950264
321	0.023662	0.001313	0.000000	0.000000	0.018677	0.000000	0.005115	0.000458	0.950775
322	0.023352	0.001277	0.000000	0.000000	0.018527	0.000000	0.005125	0.000487	0.951232
323	0.023078	0.001269	0.000000	0.000000	0.018357	0.000000	0.005046	0.000496	0.951754
324	0.022736	0.001236	0.000000	0.000000	0.018229	0.000000	0.005020	0.000499	0.952280
325	0.022302	0.001300	0.000000	0.000000	0.018162	0.000000	0.005033	0.000537	0.952666
326	0.022087	0.001271	0.000000	0.000000	0.018013	0.000000	0.004949	0.000541	0.953139
327	0.021715	0.001304	0.000000	0.000000	0.017854	0.000000	0.004986	0.000545	0.953596
328	0.021465	0.001305	0.000000	0.000000	0.017890	0.000000	0.004952	0.000527	0.953861
329	0.021216	0.001296	0.000000	0.000000	0.017699	0.000000	0.004946	0.000539	0.954304
330	0.020986	0.001268	0.000000	0.000000	0.017665	0.000000	0.004949	0.000549	0.954583
331	0.020656	0.001246	0.000000	0.000000	0.017609	0.000000	0.005024	0.000549	0.954916
332	0.020466	0.001226	0.000000	0.000000	0.017470	0.000000	0.005125	0.000570	0.955143
333	0.020205	0.001183	0.000000	0.000000	0.017359	0.000000	0.005137	0.000575	0.955541
334	0.019995	0.001125	0.000000	0.000000	0.017256	0.000000	0.005207	0.000602	0.955815
335	0.019796	0.001103	0.000000	0.000000	0.017110	0.000000	0.005167	0.000630	0.956194
336	0.019420	0.001100	0.000000	0.000000	0.017147	0.000000	0.005108	0.000639	0.956586
337	0.019359	0.001046	0.000000	0.000000	0.016935	0.000000	0.005195	0.000634	0.956831
338	0.019128	0.001018	0.000000	0.000000	0.016774	0.000000	0.005234	0.000618	0.957228
339	0.018884	0.000995	0.000000	0.000000	0.016661	0.000000	0.005212	0.000612	0.957636
340	0.018656	0.000965	0.000000	0.000000	0.016610	0.000000	0.005265	0.000627	0.957877
341	0.018397	0.000963	0.000000	0.000000	0.016413	0.000000	0.005179	0.000622	0.958426
342	0.018121	0.000951	0.000000	0.000000	0.016345	0.000000	0.005235	0.000622	0.958726
343	0.017937	0.000969	0.000000	0.000000	0.016228	0.000000	0.005247	0.000594	0.959025
344	0.017779	0.000928	0.000000	0.000000	0.016099	0.000000	0.005271	0.000609	0.959314
345	0.017472	0.000913	0.000000	0.000000	0.016022	0.000000	0.005210	0.000624	0.959759
346	0.017093	0.000891	0.000000	0.000000	0.015866	0.000000	0.005249	0.000620	0.960281
347	0.016888	0.000855	0.000000	0.000000	0.015805	0.000000	0.005254	0.000602	0.960596
348	0.016608	0.000846	0.000000	0.000000	0.015687	0.000000	0.005321	0.000599	0.960939
349	0.016293	0.000849	0.000000	0.000000	0.015588	0.000000	0.005336	0.000624	0.961310
350	0.016254	0.000838	0.000000	0.000000	0.015517	0.000000	0.005353	0.000649	0.961389
351	0.016049	0.000830	0.000000	0.000000	0.015413	0.000000	0.005400	0.000659	0.961649
352	0.015836	0.000792	0.000000	0.000000	0.015148	0.000000	0.005360	0.000667	0.962197
353	0.015582	0.000768	0.000000	0.000000	0.015106	0.000000	0.005289	0.000622	0.962633
354	0.015387	0.000760	0.000000	0.000000	0.015045	0.000000	0.005314	0.000613	0.962881
355	0.015152	0.000750	0.000000	0.000000	0.015012	0.000000	0.005303	0.000616	0.963167
356	0.015053	0.000720	0.000000	0.000000	0.014854	0.000000	0.005334	0.000613	0.963426
357	0.014836	0.000708	0.000000	0.000000	0.014805	0.000000	0.005436	0.000642	0.963573
358	0.014541	0.000688	0.000000	0.000000	0.014766	0.000000	0.005384	0.000637	0.963984
359	0.014337	0.000694	0.000000	0.000000	0.014634	0.000000	0.005372	0.000647	0.964316
360	0.014136	0.000673	0.000000	0.000000	0.014591	0.000000	0.005355	0.000658	0.964587
361	0.014080	0.000666	0.000000	0.000000	0.014528	0.000000	0.005381	0.000645	0.964700
362	0.013963	0.000679	0.000000	0.000000	0.014305	0.000000	0.005383	0.000661	0.965009
363	0.013715	0.000667	0.000000	0.000000	0.014251	0.000000	0.005312	0.000669	0.965386
364	0.013714	0.000654	0.000000	0.000000	0.014067	0.000000	0.005361	0.000649	0.965555
365	0.013358	0.000631	0.000000	0.000000	0.013979	0.000000	0.005329	0.000637	0.966066
366	0.013127	0.000636	0.000000	0.000000	0.013886	0.000000	0.005443	0.000640	0.966268
367	0.013012	0.000627	0.000000	0.000000	0.013867	0.000000	0.005418	0.000644	0.966432
368	0.012957	0.000623	0.000000	0.000000	0.013752	0.000000	0.005439	0.000646	0.966583
369	0.012841	0.000621	0.000000	0.000000	0.013641	0.000000	0.005435	0.000640	0.966822
370	0.012704	0.000627	0.000000	0.000000	0.013650	0.000000	0.005392	0.000645	0.966982
371	0.012595	0.000616	0.000000	0.000000	0.013609	0.000000	0.005396	0.000647	0.967137
372	0.012453	0.000616	0.000000	0.000000	0.013498	0.000000	0.005309	0.000639	0.967485
373	0.012351	0.000610	0.000000	0.000000	0.013358	0.000000	0.005355	0.000609	0.967717
374	0.012243	0.000604	0.000000	0.000000	0.013244	0.000000	0.005338	0.000607	0.967964
375	0.011975	0.000567	0.000000	0.000000	0.013250	0.000000	0.005334	0.000627	0.968247
376	0.011765	0.000592	0.000000	0.000000	0.013267	0.000000	0.005390	0.000624	0.968362
377	0.011426	0.000581	0.000000	0.000000	0.013092	0.000000	0.005377	0.000625	0.968899
378	0.011415	0.000577	0.000000	0.000000	0.013009	0.000000	0.005424	0.000622	0.968953
379	0.011130	0.000518	0.000000	0.000000	0.012981	0.000000	0.005358	0.000621	0.969392
380	0.010940	0.000522	0.000000	0.000000	0.012863	0.000000	0.005324	0.000626	0.969725
381	0.010819	0.000500	0.000000	0.000000	0.012761	0.000000	0.005286	0.000654	0.969980
382	0.010683	0.000474	0.000000	0.000000	0.012758	0.000000	0.005258	0.000664	0.970163
383	0.010559	0.000479	0.000000	0.000000	0.012752	0.000000	0.005279	0.000673	0.970258
384	0.010355	0.000461	0.000000	0.000000	0.012690	0.000000	0.005258	0.000697	0.970539
385	0.010142	0.000464	0.000000	0.000000	0.012569	0.000000	0.005307	0.000717	0.970801
386	0.009940	0.000452	0.000000	0.000000	0.012463	0.000000	0.005243	0.000701	0.971201
387	0.009765	0.000444	0.000000	0.000000	0.012372	0.000000	0.005133	0.000720	0.971566
388	0.009680	0.000448	0.000000	0.000000	0.012285	0.000000	0.005059	0.000721	0.971807
389	0.009578	0.000425	0.000000	0.000000	0.012148	0.000000	0.005195	0.000729	0.971925
390	0.009437	0.000442	0.000000	0.000000	0.012155	0.000000	0.005122	0.000691	0.972153
391	0.009334	0.000413	0.000000	0.000000	0.012101	0.000000	0.005160	0.000671	0.972321
392	0.009184	0.000423	0.000000	0.000000	0.012004	0.000000	0.005176	0.000698	0.972515
393	0.008965	0.000405	0.000000	0.000000	0.011950	0.000000	0.005062	0.000689	0.972929
394	0.008924	0.000398	0.000000	0.000000	0.011911	0.000000	0.005242	0.000668	0.972857
395	0.008776	0.000392	0.000000	0.000000	0.011813	0.000000	0.005229	0.000658	0.973132
396	0.008573	0.000387	0.000000	0.000000	0.011781	0.000000	0.005193	0.000659	0.973407
397	0.008436	0.000387	0.000000	0.000000	0.011617	0.000000	0.005211	0.000635	0.973714
398	0.008228	0.000368	0.000000	0.000000	0.011539	0.000000	0.005043	0.000611	0.974211
399	0.008086	0.000353	0.000000	0.000000	0.011543	0.000000	0.005030	0.000624	0.974364
400	0.007959	0.000337	0.000000	0.000000	0.011463	0.000000	0.004961	0.000619	0.974661
401	0.007895	0.000363	0.000000	0.000000	0.011253	0.000000	0.004973	0.000631	0.974885
402	0.007735	0.000358	0.000000	0.000000	0.011207	0.000000	0.005031	0.000601	0.975068
403	0.007602	0.000351	0.000000	0.000000	0.011063	0.000000	0.005037	0.000623	0.975324
404	0.007505	0.000353	0.000000	0.000000	0.010951	0.000000	0.005004	0.000629	0.975558
405	0.007390	0.000360	0.000000	0.000000	0.010818	0.000000	0.005069	0.000614	0.975749
406	0.007267	0.000354	0.000000	0.000000	0.010907	0.000000	0.005091	0.000585	0.975796
407	0.007154	0.000349	0.000000	0.000000	0.010780	0.000000	0.004991	0.000584	0.976142
408	0.007069	0.000350	0.000000	0.000000	0.010691	0.000000	0.005018	0.000586	0.976286
409	0.006937	0.000349	0.000000	0.000000	0.010683	0.000000	0.005018	0.000615	0.976398
410	0.006860	0.000312	0.000000	0.000000	0.010616	0.000000	0.004967	0.000638	0.976607
411	0.006741	0.000330	0.000000	0.000000	0.010574	0.000000	0.004975	0.000642	0.976738
412	0.006542	0.000313	0.000000	0.000000	0.010515	0.000000	0.005011	0.000667	0.976952
413	0.006483	0.000312	0.000000	0.000000	0.010431	0.000000	0.005029	0.000638	0.977107
414	0.006382	0.000321	0.000000	0.000000	0.010379	0.000000	0.004975	0.000594	0.977349
415	0.006186	0.000320	0.000000	0.000000	0.010326	0.000000	0.004925	0.000609	0.977634
416	0.006091	0.000311	0.000000	0.000000	0.010221	0.000000	0.004916	0.000629	0.977832
417	0.005995	0.000301	0.000000	0.000000	0.010009	0.000000	0.004869	0.000609	0.978217
418	0.005964	0.000296	0.000000	0.000000	0.009971	0.000000	0.004897	0.000645	0.978227
419	0.005965	0.000298	0.000000	0.000000	0.009866	0.000000	0.004817	0.000642	0.978412
420	0.005888	0.000302	0.000000	0.000000	0.009725	0.000000	0.004845	0.000636	0.978604
421	0.005852	0.000278	0.000000	0.000000	0.009665	0.000000	0.004873	0.000634	0.978698
422	0.005743	0.000277	0.000000	0.000000	0.009584	0.000000	0.004916	0.000658	0.978822
423	0.005634	0.000285	0.000000	0.000000	0.009537	0.000000	0.004955	0.000663	0.978926
424	0.005583	0.000263	0.000000	0.000000	0.009574	0.000000	0.005022	0.000636	0.978922
425	0.005448	0.000243	0.000000	0.000000	0.009452	0.000000	0.005054	0.000621	0.979182
426	0.005347	0.000252	0.000000	0.000000	0.009416	0.000000	0.005117	0.000606	0.979262
427	0.005315	0.000257	0.000000	0.000000	0.009318	0.000000	0.005123	0.000585	0.979402
428	0.005193	0.000263	0.000000	0.000000	0.009273	0.000000	0.005133	0.000595	0.979543
429	0.005131	0.000255	0.000000	0.000000	0.009230	0.000000	0.005093	0.000615	0.979676
430	0.004977	0.000242	0.000000	0.000000	0.009127	0.000000	0.005099	0.000621	0.979934
431	0.004930	0.000244	0.000000	0.000000	0.009036	0.000000	0.005172	0.000623	0.979995
432	0.004874	0.000231	0.000000	0.000000	0.009012	0.000000	0.005193	0.000601	0.980089
433	0.004726	0.000219	0.000000	0.000000	0.008999	0.000000	0.005222	0.000618	0.980216
434	0.004623	0.000235	0.000000	0.000000	0.009042	0.000000	0.005258	0.000609	0.980233
435	0.004554	0.000215	0.000000	0.000000	0.008951	0.000000	0.005228	0.000635	0.980417
436	0.004459	0.000206	0.000000	0.000000	0.008901	0.000000	0.005181	0.000639	0.980614
437	0.004489	0.000213	0.000000	0.000000	0.008865	0.000000	0.005284	0.000638	0.980511
438	0.004422	0.000208	0.000000	0.000000	0.008825	0.000000	0.005311	0.000652	0.980582
439	0.004376	0.000199	0.000000	0.000000	0.008885	0.000000	0.005454	0.000654	0.980432
440	0.004303	0.000199	0.000000	0.000000	0.008805	0.000000	0.005526	0.000654	0.980513
441	0.004256	0.000186	0.000000	0.000000	0.008704	0.000000	0.005435	0.000639	0.980780
442	0.004258	0.000192	0.000000	0.000000	0.008618	0.000000	0.005492	0.000654	0.980786
443	0.004195	0.000171	0.000000	0.000000	0.008536	0.000000	0.005505	0.000679	0.980914
444	0.004157	0.000159	0.000000	0.000000	0.008471	0.000000	0.005485	0.000714	0.981014
445	0.004074	0.000161	0.000000	0.000000	0.008365	0.000000	0.005552	0.000707	0.981141
446	0.004049	0.000151	0.000000	0.000000	0.008285	0.000000	0.005605	0.000666	0.981244
447	0.004084	0.000143	0.000000	0.000000	0.008260	0.000000	0.005626	0.000680	0.981207
448	0.003959	0.000138	0.000000	0.000000	0.008177	0.000000	0.005593	0.000660	0.981473
449	0.003891	0.000132	0.000000	0.000000	0.008047	0.000000	0.005610	0.000643	0.981677
450	0.003852	0.000131	0.000000	0.000000	0.008040	0.000000	0.005570	0.000649	0.981758
451	0.003772	0.000125	0.000000	0.000000	0.007972	0.000000	0.005567	0.000638	0.981926
452	0.003730	0.000126	0.000000	0.000000	0.007861	0.000000	0.005591	0.000635	0.982057
453	0.003611	0.000125	0.000000	0.000000	0.007846	0.000000	0.005521	0.000650	0.982247
454	0.003520	0.000140	0.000000	0.000000	0.007748	0.000000	0.005538	0.000615	0.982439
455	0.003475	0.000137	0.000000	0.000000	0.007698	0.000000	0.005527	0.000603	0.982560
456	0.003395	0.000131	0.000000	0.000000	0.007586	0.000000	0.005455	0.000604	0.982829
457	0.003389	0.000117	0.000000	0.000000	0.007513	0.000000	0.005504	0.000630	0.982847
458	0.003390	0.000117	0.000000	0.000000	0.007420	0.000000	0.005460	0.000624	0.982989
459	0.003306	0.000121	0.000000	0.000000	0.007336	0.000000	0.005500	0.000621	0.983116
460	0.003316	0.000113	0.000000	0.000000	0.007272	0.000000	0.005528	0.000648	0.983123
461	0.003309	0.000118	0.000000	0.000000	0.007258	0.000000	0.005551	0.000652	0.983112
462	0.003208	0.000121	0.000000	0.000000	0.007178	0.000000	0.005551	0.000666	0.983276
463	0.003158	0.000117	0.000000	0.000000	0.007073	0.000000	0.005477	0.000659	0.983516
464	0.003119	0.000127	0.000000	0.000000	0.007027	0.000000	0.005527	0.000641	0.983559
465	0.003063	0.000136	0.000000	0.000000	0.006931	0.000000	0.005440	0.000648	0.983782
466	0.003093	0.000123	0.000000	0.000000	0.006884	0.000000	0.005444	0.000641	0.983815
467	0.003014	0.000127	0.000000	0.000000	0.006864	0.000000	0.005474	0.000642	0.983879
468	0.002970	0.000137	0.000000	0.000000	0.006801	0.000000	0.005369	0.000643	0.984080
469	0.002955	0.000143	0.000000	0.000000	0.006683	0.000000	0.005392	0.000653	0.984174
470	0.002912	0.000151	0.000000	0.000000	0.006614	0.000000	0.005395	0.000663	0.984265
