0	0.290663	0.057897	0.229473	0.157588	0.029913	0.111872	0.085455	0.012259	0.024880
1	0.245146	0.050485	0.209909	0.139650	0.028449	0.119543	0.104704	0.020577	0.081537
2	0.256163	0.052601	0.218430	0.133652	0.028043	0.115805	0.095053	0.018699	0.081554
3	0.273235	0.055475	0.228418	0.127774	0.027628	0.110090	0.083044	0.016390	0.077946
4	0.291078	0.057750	0.238087	0.121656	0.027378	0.102998	0.072689	0.014239	0.074125
5	0.309341	0.060310	0.245998	0.115263	0.027021	0.096188	0.063027	0.012405	0.070447
6	0.325946	0.062778	0.254021	0.108432	0.026645	0.089884	0.054766	0.010772	0.066756
7	0.343001	0.065110	0.260323	0.101760	0.026143	0.083175	0.048071	0.009371	0.063046
8	0.359493	0.066762	0.266876	0.094941	0.025730	0.077093	0.041854	0.008147	0.059104
9	0.374298	0.068427	0.272644	0.088848	0.025336	0.071099	0.036070	0.007065	0.056213
10	0.388771	0.069881	0.277222	0.082639	0.024876	0.065788	0.031722	0.006144	0.052957
11	0.401503	0.071194	0.282347	0.077019	0.024414	0.060365	0.027418	0.005368	0.050372
12	0.414296	0.072350	0.286216	0.071129	0.023884	0.056080	0.023937	0.004684	0.047424
13	0.426488	0.073392	0.290117	0.065677	0.023391	0.051273	0.020759	0.004040	0.044863
14	0.437855	0.074402	0.293061	0.060683	0.022800	0.047332	0.018067	0.003482	0.042318
15	0.448463	0.074710	0.296551	0.055865	0.022255	0.043137	0.015755	0.003064	0.040200
16	0.458227	0.076002	0.298730	0.051221	0.021588	0.039602	0.013695	0.002763	0.038172
17	0.467485	0.076575	0.300766	0.047309	0.020969	0.036084	0.012031	0.002422	0.036359
18	0.475406	0.077429	0.303539	0.043460	0.020426	0.032751	0.010492	0.002153	0.034344
19	0.483400	0.078392	0.304930	0.039695	0.019888	0.029983	0.009185	0.001830	0.032697
20	0.491515	0.078494	0.305937	0.036803	0.019504	0.027241	0.007975	0.001578	0.030953
21	0.498801	0.078586	0.307784	0.033175	0.018901	0.025028	0.007083	0.001446	0.029196
22	0.505095	0.079138	0.308675	0.030565	0.018582	0.022711	0.006290	0.001228	0.027716
23	0.511817	0.078931	0.310077	0.027933	0.017972	0.020603	0.005463	0.001044	0.026160
24	0.517531	0.079239	0.311033	0.025397	0.017359	0.018782	0.004845	0.000957	0.024857
25	0.523053	0.079098	0.312121	0.023376	0.016868	0.016781	0.004300	0.000806	0.023597
26	0.528000	0.078951	0.312685	0.021651	0.016532	0.015450	0.003744	0.000720	0.022267
27	0.532458	0.079007	0.313474	0.019620	0.016149	0.014180	0.003252	0.000648	0.021212
28	0.536346	0.078985	0.314407	0.017887	0.015969	0.012760	0.002926	0.000570	0.020150
29	0.541176	0.079085	0.314106	0.016164	0.015632	0.011662	0.002512	0.000479	0.019184
30	0.544333	0.079136	0.314528	0.014805	0.015302	0.010613	0.002332	0.000469	0.018482
31	0.547273	0.079493	0.314999	0.013459	0.014958	0.009661	0.001974	0.000397	0.017786
32	0.551239	0.079511	0.314515	0.012354	0.014522	0.008843	0.001732	0.000361	0.016923
33	0.553539	0.079640	0.315437	0.011179	0.014261	0.007926	0.001576	0.000326	0.016116
34	0.556204	0.079618	0.315638	0.010229	0.013827	0.007231	0.001396	0.000286	0.015571
35	0.557899	0.079982	0.315939	0.009312	0.013682	0.006749	0.001226	0.000253	0.014958
36	0.559937	0.080251	0.316113	0.008468	0.013488	0.006050	0.001077	0.000217	0.014399
37	0.562151	0.080039	0.316218	0.007851	0.013200	0.005647	0.000955	0.000219	0.013720
38	0.563515	0.080293	0.316696	0.007149	0.012918	0.005204	0.000918	0.000175	0.013132
39	0.565126	0.080066	0.317199	0.006586	0.012700	0.004816	0.000778	0.000166	0.012563
40	0.566879	0.080288	0.317179	0.005969	0.012276	0.004378	0.000709	0.000142	0.012180
41	0.568844	0.080285	0.316869	0.005529	0.012004	0.003994	0.000666	0.000134	0.011675
42	0.570095	0.080163	0.317199	0.004936	0.011859	0.003793	0.000569	0.000148	0.011238
43	0.571598	0.079861	0.317505	0.004427	0.011593	0.003503	0.000557	0.000119	0.010837
44	0.573182	0.080030	0.317114	0.004158	0.011293	0.003228	0.000527	0.000101	0.010367
45	0.573889	0.079697	0.318200	0.003808	0.010918	0.003031	0.000476	0.000100	0.009881
46	0.574543	0.079933	0.318319	0.003514	0.010833	0.002788	0.000420	0.000094	0.009556
47	0.575926	0.079897	0.318085	0.003245	0.010610	0.002616	0.000389	0.000086	0.009146
48	0.576936	0.080346	0.317789	0.002895	0.010373	0.002381	0.000329	0.000082	0.008869
49	0.577332	0.080381	0.317966	0.002736	0.010306	0.002244	0.000313	0.000078	0.008644
50	0.578893	0.079824	0.318190	0.002513	0.009928	0.002066	0.000255	0.000057	0.008274
51	0.579558	0.079802	0.318436	0.002293	0.009728	0.001822	0.000245	0.000053	0.008063
52	0.580341	0.079902	0.318253	0.002119	0.009568	0.001718	0.000229	0.000049	0.007821
53	0.581447	0.079916	0.318256	0.001916	0.009251	0.001524	0.000197	0.000040	0.007453
54	0.582368	0.079866	0.317749	0.001874	0.009091	0.001406	0.000200	0.000034	0.007412
55	0.583442	0.079721	0.317621	0.001672	0.008939	0.001306	0.000157	0.000034	0.007108
56	0.583824	0.079739	0.317789	0.001624	0.008715	0.001246	0.000157	0.000026	0.006880
57	0.584437	0.079849	0.317757	0.001477	0.008534	0.001193	0.000157	0.000029	0.006567
58	0.585849	0.079600	0.317247	0.001375	0.008441	0.001031	0.000127	0.000025	0.006305
59	0.585942	0.079820	0.317391	0.001317	0.008267	0.000987	0.000131	0.000024	0.006121
60	0.585690	0.079789	0.318115	0.001193	0.008175	0.000966	0.000121	0.000022	0.005929
61	0.586300	0.079979	0.317692	0.001135	0.008082	0.000883	0.000098	0.000019	0.005812
62	0.587159	0.079563	0.317824	0.001056	0.007941	0.000862	0.000110	0.000023	0.005462
63	0.588058	0.080110	0.316897	0.000929	0.007731	0.000841	0.000105	0.000024	0.005305
64	0.588099	0.080029	0.317242	0.000816	0.007769	0.000726	0.000098	0.000019	0.005202
65	0.588478	0.079813	0.317625	0.000816	0.007592	0.000676	0.000083	0.000015	0.004902
66	0.588725	0.079732	0.317813	0.000745	0.007463	0.000616	0.000073	0.000012	0.004821
67	0.588274	0.079617	0.318687	0.000688	0.007441	0.000553	0.000072	0.000011	0.004657
68	0.588513	0.079288	0.319192	0.000624	0.007267	0.000525	0.000058	0.000012	0.004521
69	0.588965	0.079292	0.319249	0.000539	0.007019	0.000452	0.000059	0.000010	0.004415
70	0.588826	0.079717	0.319153	0.000491	0.007009	0.000436	0.000056	0.000009	0.004303
71	0.589602	0.079553	0.318804	0.000465	0.006936	0.000394	0.000046	0.000010	0.004190
72	0.590021	0.079745	0.318613	0.000483	0.006660	0.000364	0.000045	0.000015	0.004054
73	0.590226	0.079541	0.318939	0.000415	0.006615	0.000325	0.000031	0.000011	0.003897
74	0.590645	0.079812	0.318547	0.000363	0.006587	0.000292	0.000026	0.000014	0.003714
75	0.590954	0.079682	0.318661	0.000354	0.006429	0.000258	0.000023	0.000012	0.003627
76	0.591225	0.079682	0.318609	0.000329	0.006328	0.000250	0.000020	0.000013	0.003544
77	0.591547	0.079551	0.318736	0.000319	0.006120	0.000246	0.000016	0.000005	0.003460
78	0.591273	0.079200	0.319417	0.000297	0.006111	0.000231	0.000015	0.000005	0.003451
79	0.591939	0.079036	0.319217	0.000294	0.006042	0.000194	0.000014	0.000002	0.003262
80	0.591828	0.079081	0.319485	0.000254	0.005985	0.000170	0.000018	0.000003	0.003176
81	0.592447	0.078899	0.319339	0.000218	0.005780	0.000167	0.000018	0.000005	0.003127
82	0.592192	0.078920	0.319621	0.000234	0.005714	0.000155	0.000013	0.000005	0.003146
83	0.591973	0.079161	0.319851	0.000194	0.005594	0.000149	0.000017	0.000002	0.003059
84	0.592665	0.078950	0.319611	0.000178	0.005420	0.000144	0.000011	0.000004	0.003017
85	0.592896	0.078890	0.319628	0.000175	0.005323	0.000122	0.000018	0.000004	0.002944
86	0.593705	0.078878	0.318980	0.000162	0.005303	0.000121	0.000014	0.000003	0.002834
87	0.593653	0.078980	0.319132	0.000165	0.005216	0.000111	0.000011	0.000003	0.002729
88	0.593351	0.079146	0.319337	0.000138	0.005232	0.000098	0.000015	0.000005	0.002678
89	0.593664	0.078849	0.319513	0.000127	0.005152	0.000094	0.000013	0.000002	0.002586
90	0.593940	0.078843	0.319225	0.000135	0.005126	0.000084	0.000015	0.000006	0.002626
91	0.593896	0.079033	0.319262	0.000121	0.005000	0.000086	0.000011	0.000004	0.002587
92	0.593946	0.079108	0.319231	0.000092	0.004966	0.000089	0.000006	0.000004	0.002558
93	0.593685	0.078986	0.319826	0.000085	0.004836	0.000072	0.000010	0.000001	0.002499
94	0.593076	0.079230	0.320236	0.000088	0.004821	0.000069	0.000005	0.000006	0.002469
95	0.593629	0.078938	0.320124	0.000073	0.004683	0.000075	0.000002	0.000004	0.002472
96	0.593742	0.079092	0.319890	0.000070	0.004661	0.000078	0.000003	0.000001	0.002463
97	0.593895	0.079030	0.319849	0.000058	0.004631	0.000077	0.000002	0.000004	0.002454
98	0.593572	0.078863	0.320420	0.000064	0.004580	0.000060	0.000001	0.000003	0.002437
99	0.594711	0.078592	0.319683	0.000051	0.004512	0.000059	0.000001	0.000001	0.002390
100	0.593986	0.078789	0.320390	0.000043	0.004473	0.000067	0.000006	0.000002	0.002244
101	0.594058	0.079064	0.320088	0.000041	0.004413	0.000067	0.000005	0.000002	0.002262
102	0.593700	0.079164	0.320519	0.000034	0.004336	0.000054	0.000003	0.000001	0.002189
103	0.594041	0.079064	0.320265	0.000020	0.004310	0.000067	0.000004	0.000002	0.002227
104	0.595019	0.078939	0.319724	0.000018	0.004202	0.000054	0.000002	0.000002	0.002040
105	0.595376	0.078533	0.319887	0.000028	0.004087	0.000057	0.000003	0.000003	0.002026
106	0.595666	0.078419	0.319886	0.000024	0.004010	0.000069	0.000002	0.000001	0.001923
107	0.596102	0.078408	0.319594	0.000027	0.003979	0.000053	0.000004	0.000000	0.001833
108	0.595852	0.078196	0.320256	0.000020	0.003865	0.000059	0.000003	0.000000	0.001749
109	0.595944	0.078014	0.320460	0.000021	0.003817	0.000049	0.000003	0.000000	0.001692
110	0.596017	0.078312	0.320142	0.000018	0.003787	0.000044	0.000005	0.000000	0.001675
111	0.595914	0.078368	0.320240	0.000014	0.003793	0.000034	0.000004	0.000000	0.001633
112	0.596764	0.078017	0.319827	0.000008	0.003749	0.000030	0.000005	0.000000	0.001600
113	0.597195	0.078250	0.319251	0.000011	0.003720	0.000024	0.000003	0.000000	0.001546
114	0.596600	0.078314	0.319957	0.000008	0.003598	0.000022	0.000006	0.000000	0.001495
115	0.596835	0.078568	0.319530	0.000005	0.003506	0.000022	0.000002	0.000000	0.001532
116	0.597025	0.078375	0.319619	0.000006	0.003476	0.000023	0.000003	0.000000	0.001473
117	0.597062	0.078550	0.319460	0.000006	0.003387	0.000020	0.000003	0.000000	0.001512
118	0.597135	0.078536	0.319471	0.000005	0.003356	0.000019	0.000004	0.000000	0.001474
119	0.597637	0.078293	0.319317	0.000006	0.003305	0.000011	0.000002	0.000000	0.001429
120	0.597439	0.078270	0.319540	0.000002	0.003302	0.000015	0.000000	0.000000	0.001432
121	0.597591	0.077948	0.319869	0.000004	0.003206	0.000010	0.000000	0.000000	0.001372
122	0.597922	0.077518	0.320002	0.000003	0.003182	0.000016	0.000000	0.000000	0.001357
123	0.598144	0.077114	0.320269	0.000001	0.003115	0.000009	0.000000	0.000000	0.001348
124	0.598637	0.076891	0.320097	0.000002	0.003073	0.000007	0.000000	0.000000	0.001293
125	0.598987	0.076758	0.319941	0.000001	0.003033	0.000008	0.000000	0.000000	0.001272
126	0.598774	0.076983	0.319888	0.000001	0.003037	0.000010	0.000000	0.000000	0.001307
127	0.599753	0.076832	0.319152	0.000000	0.002961	0.000010	0.000000	0.000000	0.001292
128	0.599113	0.077055	0.319539	0.000000	0.003019	0.000012	0.000000	0.000000	0.001262
129	0.599150	0.077386	0.319209	0.000000	0.002999	0.000011	0.000000	0.000000	0.001245
130	0.599162	0.077049	0.319514	0.000000	0.003041	0.000011	0.000000	0.000000	0.001223
131	0.599119	0.076759	0.319894	0.000000	0.003032	0.000011	0.000000	0.000000	0.001185
132	0.598268	0.077443	0.320068	0.000000	0.002977	0.000009	0.000000	0.000000	0.001235
133	0.598408	0.077432	0.319983	0.000000	0.002941	0.000012	0.000000	0.000000	0.001224
134	0.598349	0.077557	0.319989	0.000000	0.002873	0.000013	0.000000	0.000000	0.001219
135	0.597576	0.077739	0.320590	0.000000	0.002848	0.000009	0.000000	0.000000	0.001238
136	0.597249	0.077653	0.320999	0.000000	0.002860	0.000011	0.000000	0.000000	0.001228
137	0.597292	0.078060	0.320718	0.000000	0.002778	0.000008	0.000000	0.000000	0.001144
138	0.596893	0.077994	0.321144	0.000000	0.002820	0.000007	0.000000	0.000000	0.001142
139	0.596791	0.078109	0.321226	0.000000	0.002729	0.000007	0.000000	0.000000	0.001138
140	0.596793	0.077848	0.321557	0.000000	0.002684	0.000007	0.000000	0.000000	0.001111
141	0.596868	0.077853	0.321468	0.000000	0.002683	0.000008	0.000000	0.000000	0.001120
142	0.596737	0.077992	0.321539	0.000000	0.002649	0.000008	0.000000	0.000000	0.001075
143	0.596939	0.077894	0.321401	0.000000	0.002620	0.000007	0.000000	0.000000	0.001139
144	0.597353	0.077991	0.320883	0.000000	0.002643	0.000007	0.000000	0.000000	0.001123
145	0.597405	0.077723	0.321133	0.000000	0.002593	0.000003	0.000000	0.000000	0.001143
146	0.597056	0.077791	0.321435	0.000000	0.002593	0.000004	0.000000	0.000000	0.001121
147	0.597702	0.077463	0.321231	0.000000	0.002518	0.000002	0.000000	0.000000	0.001084
148	0.597341	0.077213	0.321873	0.000000	0.002529	0.000003	0.000000	0.000000	0.001041
149	0.597549	0.077362	0.321569	0.000000	0.002496	0.000000	0.000000	0.000000	0.001024
150	0.597957	0.077572	0.321063	0.000000	0.002421	0.000000	0.000000	0.000000	0.000987
151	0.597774	0.077717	0.321164	0.000000	0.002369	0.000001	0.000000	0.000000	0.000975
152	0.598125	0.077546	0.321062	0.000000	0.002299	0.000001	0.000000	0.000000	0.000967
153	0.598157	0.077292	0.321211	0.000000	0.002390	0.000001	0.000000	0.000000	0.000949
154	0.597491	0.077474	0.321736	0.000000	0.002323	0.000000	0.000000	0.000000	0.000976
155	0.597223	0.077394	0.322186	0.000000	0.002248	0.000003	0.000000	0.000000	0.000946
156	0.597575	0.077465	0.321780	0.000000	0.002220	0.000003	0.000000	0.000000	0.000957
157	0.597716	0.077493	0.321720	0.000000	0.002131	0.000001	0.000000	0.000000	0.000939
158	0.596774	0.077719	0.322385	0.000000	0.002191	0.000000	0.000000	0.000000	0.000931
159	0.596136	0.077895	0.322905	0.000000	0.002136	0.000000	0.000000	0.000000	0.000928
160	0.595963	0.078085	0.322911	0.000000	0.002132	0.000001	0.000000	0.000000	0.000908
161	0.596924	0.077940	0.322145	0.000000	0.002106	0.000001	0.000000	0.000000	0.000884
162	0.595970	0.078246	0.322799	0.000000	0.002106	0.000002	0.000000	0.000000	0.000877
163	0.596712	0.078026	0.322356	0.000000	0.002062	0.000001	0.000000	0.000000	0.000843
164	0.596748	0.078044	0.322359	0.000000	0.002004	0.000000	0.000000	0.000000	0.000845
165	0.596949	0.077717	0.322479	0.000000	0.002023	0.000000	0.000000	0.000000	0.000832
166	0.596249	0.078165	0.322789	0.000000	0.001988	0.000000	0.000000	0.000000	0.000809
167	0.596267	0.078108	0.322885	0.000000	0.001971	0.000000	0.000000	0.000000	0.000769
168	0.595679	0.078348	0.323265	0.000000	0.001949	0.000000	0.000000	0.000000	0.000759
169	0.596222	0.078143	0.322953	0.000000	0.001912	0.000000	0.000000	0.000000	0.000770
170	0.595807	0.078070	0.323445	0.000000	0.001909	0.000000	0.000000	0.000000	0.000769
171	0.595470	0.077936	0.323992	0.000000	0.001853	0.000000	0.000000	0.000000	0.000749
172	0.595763	0.077696	0.324007	0.000000	0.001853	0.000000	0.000000	0.000000	0.000681
173	0.595679	0.077615	0.324124	0.000000	0.001885	0.000000	0.000000	0.000000	0.000697
174	0.595096	0.077751	0.324633	0.000000	0.001830	0.000000	0.000000	0.000000	0.000690
175	0.595273	0.077760	0.324479	0.000000	0.001824	0.000000	0.000000	0.000000	0.000664
176	0.595645	0.077558	0.324342	0.000000	0.001798	0.000000	0.000000	0.000000	0.000657
177	0.595580	0.077651	0.324304	0.000000	0.001776	0.000000	0.000000	0.000000	0.000689
178	0.595986	0.077675	0.323904	0.000000	0.001742	0.000000	0.000000	0.000000	0.000693
179	0.595604	0.077743	0.324240	0.000000	0.001759	0.000000	0.000000	0.000000	0.000654
180	0.594806	0.078115	0.324676	0.000000	0.001759	0.000000	0.000000	0.000000	0.000644
181	0.594397	0.077926	0.325265	0.000000	0.001768	0.000000	0.000000	0.000000	0.000644
182	0.594717	0.077951	0.324911	0.000000	0.001741	0.000000	0.000000	0.000000	0.000680
183	0.595116	0.077779	0.324714	0.000000	0.001745	0.000000	0.000000	0.000000	0.000646
184	0.594862	0.077959	0.324773	0.000000	0.001768	0.000000	0.000000	0.000000	0.000638
185	0.595221	0.077560	0.324841	0.000000	0.001741	0.000000	0.000000	0.000000	0.000637
186	0.595382	0.077540	0.324744	0.000000	0.001700	0.000000	0.000000	0.000000	0.000634
187	0.594741	0.077647	0.325249	0.000000	0.001718	0.000000	0.000000	0.000000	0.000645
188	0.595013	0.077505	0.325175	0.000000	0.001691	0.000000	0.000000	0.000000	0.000616
189	0.595220	0.077449	0.325030	0.000000	0.001710	0.000000	0.000000	0.000000	0.000591
190	0.594724	0.077602	0.325364	0.000000	0.001701	0.000000	0.000000	0.000000	0.000609
191	0.595223	0.077439	0.325109	0.000000	0.001655	0.000000	0.000000	0.000000	0.000574
192	0.595075	0.077221	0.325480	0.000000	0.001637	0.000000	0.000000	0.000000	0.000587
193	0.595491	0.076875	0.325441	0.000000	0.001616	0.000000	0.000000	0.000000	0.000577
194	0.595591	0.076889	0.325358	0.000000	0.001597	0.000000	0.000000	0.000000	0.000565
195	0.595879	0.076843	0.325091	0.000000	0.001654	0.000000	0.000000	0.000000	0.000533
196	0.595601	0.076791	0.325403	0.000000	0.001640	0.000000	0.000000	0.000000	0.000565
197	0.595427	0.076922	0.325525	0.000000	0.001611	0.000000	0.000000	0.000000	0.000515
198	0.596195	0.076883	0.324795	0.000000	0.001600	0.000000	0.000000	0.000000	0.000527
199	0.595352	0.077047	0.325551	0.000000	0.001576	0.000000	0.000000	0.000000	0.000474
200	0.595063	0.077335	0.325494	0.000000	0.001596	0.000000	0.000000	0.000000	0.000512
201	0.594543	0.077419	0.326049	0.000000	0.001532	0.000000	0.000000	0.000000	0.000457
202	0.595205	0.076926	0.325835	0.000000	0.001566	0.000000	0.000000	0.000000	0.000468
203	0.595248	0.077041	0.325646	0.000000	0.001629	0.000000	0.000000	0.000000	0.000436
204	0.595094	0.076986	0.325848	0.000000	0.001629	0.000000	0.000000	0.000000	0.000443
205	0.594872	0.076863	0.326233	0.000000	0.001583	0.000000	0.000000	0.000000	0.000449
206	0.595208	0.077133	0.325640	0.000000	0.001557	0.000000	0.000000	0.000000	0.000462
207	0.595159	0.077027	0.325795	0.000000	0.001555	0.000000	0.000000	0.000000	0.000464
208	0.595668	0.076820	0.325550	0.000000	0.001550	0.000000	0.000000	0.000000	0.000412
209	0.595432	0.076782	0.325822	0.000000	0.001568	0.000000	0.000000	0.000000	0.000396
210	0.595848	0.076695	0.325518	0.000000	0.001530	0.000000	0.000000	0.000000	0.000409
211	0.595476	0.076687	0.325941	0.000000	0.001498	0.000000	0.000000	0.000000	0.000398
212	0.595494	0.077004	0.325573	0.000000	0.001530	0.000000	0.000000	0.000000	0.000399
213	0.595370	0.076788	0.325924	0.000000	0.001497	0.000000	0.000000	0.000000	0.000421
214	0.595455	0.076526	0.326059	0.000000	0.001542	0.000000	0.000000	0.000000	0.000418
215	0.595513	0.076558	0.325964	0.000000	0.001547	0.000000	0.000000	0.000000	0.000418
216	0.595084	0.076689	0.326290	0.000000	0.001502	0.000000	0.000000	0.000000	0.000435
217	0.594893	0.076738	0.326464	0.000000	0.001496	0.000000	0.000000	0.000000	0.000409
218	0.594819	0.076628	0.326708	0.000000	0.001474	0.000000	0.000000	0.000000	0.000371
219	0.594757	0.076750	0.326643	0.000000	0.001467	0.000000	0.000000	0.000000	0.000383
220	0.595146	0.076332	0.326669	0.000000	0.001450	0.000000	0.000000	0.000000	0.000403
221	0.595261	0.076364	0.326524	0.000000	0.001449	0.000000	0.000000	0.000000	0.000402
222	0.595255	0.076402	0.326523	0.000000	0.001423	0.000000	0.000000	0.000000	0.000397
223	0.595090	0.076307	0.326767	0.000000	0.001409	0.000000	0.000000	0.000000	0.000427
224	0.594789	0.076035	0.327359	0.000000	0.001413	0.000000	0.000000	0.000000	0.000404
225	0.594484	0.076192	0.327519	0.000000	0.001382	0.000000	0.000000	0.000000	0.000423
226	0.594268	0.076453	0.327506	0.000000	0.001369	0.000000	0.000000	0.000000	0.000404
227	0.593216	0.076652	0.328293	0.000000	0.001413	0.000000	0.000000	0.000000	0.000426
228	0.593279	0.076630	0.328320	0.000000	0.001383	0.000000	0.000000	0.000000	0.000388
229	0.593557	0.076639	0.328063	0.000000	0.001364	0.000000	0.000000	0.000000	0.000377
230	0.593154	0.076671	0.328434	0.000000	0.001358	0.000000	0.000000	0.000000	0.000383
231	0.593424	0.077081	0.327753	0.000000	0.001355	0.000000	0.000000	0.000000	0.000387
232	0.593288	0.077142	0.327830	0.000000	0.001324	0.000000	0.000000	0.000000	0.000416
233	0.593362	0.077136	0.327812	0.000000	0.001304	0.000000	0.000000	0.000000	0.000386
234	0.593897	0.077256	0.327213	0.000000	0.001293	0.000000	0.000000	0.000000	0.000341
235	0.593875	0.077320	0.327176	0.000000	0.001294	0.000000	0.000000	0.000000	0.000335
236	0.594195	0.077305	0.326898	0.000000	0.001271	0.000000	0.000000	0.000000	0.000331
237	0.593989	0.077320	0.327075	0.000000	0.001286	0.000000	0.000000	0.000000	0.000330
238	0.594226	0.077295	0.326865	0.000000	0.001281	0.000000	0.000000	0.000000	0.000333
239	0.594196	0.076982	0.327156	0.000000	0.001325	0.000000	0.000000	0.000000	0.000341
240	0.594727	0.076857	0.326774	0.000000	0.001303	0.000000	0.000000	0.000000	0.000339
241	0.594904	0.076513	0.326970	0.000000	0.001290	0.000000	0.000000	0.000000	0.000323
242	0.595097	0.076535	0.326802	0.000000	0.001268	0.000000	0.000000	0.000000	0.000298
243	0.595005	0.076449	0.326977	0.000000	0.001259	0.000000	0.000000	0.000000	0.000310
244	0.594887	0.076433	0.327127	0.000000	0.001267	0.000000	0.000000	0.000000	0.000286
245	0.594995	0.076117	0.327318	0.000000	0.001277	0.000000	0.000000	0.000000	0.000293
246	0.595314	0.076101	0.327020	0.000000	0.001296	0.000000	0.000000	0.000000	0.000269
247	0.595053	0.076176	0.327193	0.000000	0.001308	0.000000	0.000000	0.000000	0.000270
248	0.595066	0.076393	0.326954	0.000000	0.001341	0.000000	0.000000	0.000000	0.000246
249	0.595358	0.076390	0.326664	0.000000	0.001321	0.000000	0.000000	0.000000	0.000267
250	0.595158	0.076280	0.327024	0.000000	0.001288	0.000000	0.000000	0.000000	0.000250
251	0.595321	0.076300	0.326815	0.000000	0.001310	0.000000	0.000000	0.000000	0.000254
252	0.595117	0.076562	0.326770	0.000000	0.001304	0.000000	0.000000	0.000000	0.000247
253	0.595617	0.076573	0.326286	0.000000	0.001288	0.000000	0.000000	0.000000	0.000236
254	0.595392	0.076587	0.326498	0.000000	0.001300	0.000000	0.000000	0.000000	0.000223
255	0.595745	0.076378	0.326357	0.000000	0.001302	0.000000	0.000000	0.000000	0.000218
256	0.595624	0.076282	0.326639	0.000000	0.001250	0.000000	0.000000	0.000000	0.000205
257	0.595753	0.076206	0.326606	0.000000	0.001224	0.000000	0.000000	0.000000	0.000211
258	0.595772	0.076111	0.326659	0.000000	0.001259	0.000000	0.000000	0.000000	0.000199
259	0.596216	0.075631	0.326684	0.000000	0.001282	0.000000	0.000000	0.000000	0.000187
260	0.596101	0.075510	0.326954	0.000000	0.001242	0.000000	0.000000	0.000000	0.000193
261	0.596152	0.075502	0.326905	0.000000	0.001230	0.000000	0.000000	0.000000	0.000211
262	0.595905	0.075520	0.327088	0.000000	0.001258	0.000000	0.000000	0.000000	0.000229
263	0.596472	0.075238	0.326832	0.000000	0.001216	0.000000	0.000000	0.000000	0.000242
264	0.596385	0.075013	0.327184	0.000000	0.001182	0.000000	0.000000	0.000000	0.000236
265	0.595520	0.075398	0.327660	0.000000	0.001188	0.000000	0.000000	0.000000	0.000234
266	0.596361	0.074634	0.327556	0.000000	0.001214	0.000000	0.000000	0.000000	0.000235
267	0.596290	0.074751	0.327549	0.000000	0.001170	0.000000	0.000000	0.000000	0.000240
268	0.595092	0.075057	0.328482	0.000000	0.001140	0.000000	0.000000	0.000000	0.000229
269	0.595467	0.074547	0.328648	0.000000	0.001103	0.000000	0.000000	0.000000	0.000235
270	0.595734	0.074659	0.328264	0.000000	0.001111	0.000000	0.000000	0.000000	0.000232
271	0.595300	0.074710	0.328739	0.000000	0.001043	0.000000	0.000000	0.000000	0.000208
272	0.595212	0.074354	0.329149	0.000000	0.001081	0.000000	0.000000	0.000000	0.000204
273	0.595524	0.074103	0.329086	0.000000	0.001081	0.000000	0.000000	0.000000	0.000206
274	0.595746	0.074104	0.328916	0.000000	0.001042	0.000000	0.000000	0.000000	0.000192
275	0.595677	0.074168	0.328928	0.000000	0.001029	0.000000	0.000000	0.000000	0.000198
276	0.596035	0.074433	0.328304	0.000000	0.001032	0.000000	0.000000	0.000000	0.000196
277	0.596077	0.074522	0.328155	0.000000	0.001046	0.000000	0.000000	0.000000	0.000200
278	0.595575	0.074517	0.328692	0.000000	0.001022	0.000000	0.000000	0.000000	0.000194
279	0.595453	0.074646	0.328650	0.000000	0.001064	0.000000	0.000000	0.000000	0.000187
280	0.595325	0.074948	0.328468	0.000000	0.001070	0.000000	0.000000	0.000000	0.000189
281	0.595153	0.075168	0.328450	0.000000	0.001043	0.000000	0.000000	0.000000	0.000186
282	0.595827	0.075068	0.327912	0.000000	0.001003	0.000000	0.000000	0.000000	0.000190
283	0.595582	0.074863	0.328376	0.000000	0.001009	0.000000	0.000000	0.000000	0.000170
284	0.595957	0.074345	0.328553	0.000000	0.000988	0.000000	0.000000	0.000000	0.000157
285	0.595836	0.074484	0.328474	0.000000	0.001021	0.000000	0.000000	0.000000	0.000185
286	0.596179	0.074494	0.328108	0.000000	0.001043	0.000000	0.000000	0.000000	0.000176
287	0.595517	0.074470	0.328838	0.000000	0.001007	0.000000	0.000000	0.000000	0.000168
288	0.596111	0.074554	0.328150	0.000000	0.001012	0.000000	0.000000	0.000000	0.000173
289	0.595891	0.074493	0.328437	0.000000	0.001009	0.000000	0.000000	0.000000	0.000170
290	0.596066	0.074621	0.328136	0.000000	0.000999	0.000000	0.000000	0.000000	0.000178
291	0.596564	0.074357	0.327890	0.000000	0.001005	0.000000	0.000000	0.000000	0.000184
292	0.595896	0.074552	0.328367	0.000000	0.001016	0.000000	0.000000	0.000000	0.000169
293	0.596346	0.074729	0.327715	0.000000	0.001058	0.000000	0.000000	0.000000	0.000152
294	0.596019	0.074640	0.328158	0.000000	0.001046	0.000000	0.000000	0.000000	0.000137
295	0.596079	0.074432	0.328286	0.000000	0.001041	0.000000	0.000000	0.000000	0.000162
296	0.596284	0.074399	0.328131	0.000000	0.001035	0.000000	0.000000	0.000000	0.000151
297	0.596739	0.074045	0.328031	0.000000	0.001028	0.000000	0.000000	0.000000	0.000157
298	0.596808	0.073745	0.328254	0.000000	0.001035	0.000000	0.000000	0.000000	0.000158
299	0.596313	0.074155	0.328326	0.000000	0.001051	0.000000	0.000000	0.000000	0.000155
300	0.596591	0.073789	0.328424	0.000000	0.001038	0.000000	0.000000	0.000000	0.000158
301	0.596703	0.073835	0.328269	0.000000	0.001032	0.000000	0.000000	0.000000	0.000161
302	0.596973	0.073661	0.328186	0.000000	0.001041	0.000000	0.000000	0.000000	0.000139
303	0.596619	0.073899	0.328265	0.000000	0.001064	0.000000	0.000000	0.000000	0.000153
304	0.596435	0.073884	0.328459	0.000000	0.001045	0.000000	0.000000	0.000000	0.000177
305	0.596609	0.073805	0.328337	0.000000	0.001071	0.000000	0.000000	0.000000	0.000178
306	0.596445	0.073759	0.328575	0.000000	0.001053	0.000000	0.000000	0.000000	0.000168
307	0.596325	0.073667	0.328835	0.000000	0.001014	0.000000	0.000000	0.000000	0.000159
308	0.596223	0.073301	0.329306	0.000000	0.001017	0.000000	0.000000	0.000000	0.000153
309	0.595692	0.073146	0.330009	0.000000	0.001015	0.000000	0.000000	0.000000	0.000138
310	0.596022	0.073256	0.329545	0.000000	0.001015	0.000000	0.000000	0.000000	0.000162
311	0.595926	0.073566	0.329321	0.000000	0.001020	0.000000	0.000000	0.000000	0.000167
312	0.596108	0.073575	0.329134	0.000000	0.001020	0.000000	0.000000	0.000000	0.000163
313	0.595878	0.073510	0.329441	0.000000	0.001022	0.000000	0.000000	0.000000	0.000149
314	0.595673	0.073545	0.329616	0.000000	0.001000	0.000000	0.000000	0.000000	0.000166
315	0.595827	0.073640	0.329359	0.000000	0.000992	0.000000	0.000000	0.000000	0.000182
316	0.595953	0.073658	0.329237	0.000000	0.000979	0.000000	0.000000	0.000000	0.000173
317	0.596489	0.073649	0.328752	0.000000	0.000958	0.000000	0.000000	0.000000	0.000152
318	0.595654	0.073819	0.329448	0.000000	0.000928	0.000000	0.000000	0.000000	0.000151
319	0.595666	0.073465	0.329801	0.000000	0.000930	0.000000	0.000000	0.000000	0.000138
320	0.595145	0.073447	0.330343	0.000000	0.000918	0.000000	0.000000	0.000000	0.000147
321	0.594667	0.073778	0.330526	0.000000	0.000890	0.000000	0.000000	0.000000	0.000139
322	0.595594	0.073165	0.330230	0.000000	0.000873	0.000000	0.000000	0.000000	0.000138
323	0.594957	0.073022	0.330986	0.000000	0.000903	0.000000	0.000000	0.000000	0.000132
324	0.594704	0.073195	0.331079	0.000000	0.000882	0.000000	0.000000	0.000000	0.000140
325	0.595330	0.073441	0.330204	0.000000	0.000894	0.000000	0.000000	0.000000	0.000131
326	0.595322	0.073423	0.330220	0.000000	0.000906	0.000000	0.000000	0.000000	0.000129
327	0.595447	0.073317	0.330201	0.000000	0.000918	0.000000	0.000000	0.000000	0.000117
328	0.595529	0.073187	0.330241	0.000000	0.000917	0.000000	0.000000	0.000000	0.000126
329	0.595017	0.073395	0.330563	0.000000	0.000898	0.000000	0.000000	0.000000	0.000127
330	0.594659	0.073829	0.330481	0.000000	0.000911	0.000000	0.000000	0.000000	0.000120
331	0.594535	0.073742	0.330667	0.000000	0.000935	0.000000	0.000000	0.000000	0.000121
332	0.594914	0.073575	0.330459	0.000000	0.000938	0.000000	0.000000	0.000000	0.000114
333	0.594984	0.073561	0.330413	0.000000	0.000930	0.000000	0.000000	0.000000	0.000112
334	0.594951	0.073379	0.330622	0.000000	0.000918	0.000000	0.000000	0.000000	0.000130
335	0.594898	0.073516	0.330588	0.000000	0.000869	0.000000	0.000000	0.000000	0.000129
336	0.595431	0.073498	0.330012	0.000000	0.000908	0.000000	0.000000	0.000000	0.000151
337	0.595573	0.073516	0.329877	0.000000	0.000895	0.000000	0.000000	0.000000	0.000139
338	0.595146	0.073521	0.330311	0.000000	0.000880	0.000000	0.000000	0.000000	0.000142
339	0.595325	0.073565	0.330107	0.000000	0.000871	0.000000	0.000000	0.000000	0.000132
340	0.595167	0.073697	0.330085	0.000000	0.000892	0.000000	0.000000	0.000000	0.000159
341	0.594716	0.073627	0.330582	0.000000	0.000924	0.000000	0.000000	0.000000	0.000151
342	0.595100	0.073840	0.330052	0.000000	0.000877	0.000000	0.000000	0.000000	0.000131
343	0.594836	0.073875	0.330262	0.000000	0.000887	0.000000	0.000000	0.000000	0.000140
344	0.594804	0.073787	0.330389	0.000000	0.000895	0.000000	0.000000	0.000000	0.000125
345	0.594383	0.073950	0.330643	0.000000	0.000880	0.000000	0.000000	0.000000	0.000144
346	0.595362	0.073611	0.330023	0.000000	0.000860	0.000000	0.000000	0.000000	0.000144
347	0.595047	0.073783	0.330132	0.000000	0.000890	0.000000	0.000000	0.000000	0.000148
348	0.594807	0.073837	0.330317	0.000000	0.000894	0.000000	0.000000	0.000000	0.000145
349	0.594647	0.073885	0.330376	0.000000	0.000936	0.000000	0.000000	0.000000	0.000156
350	0.594521	0.073711	0.330666	0.000000	0.000921	0.000000	0.000000	0.000000	0.000181
351	0.594454	0.073579	0.330913	0.000000	0.000883	0.000000	0.000000	0.000000	0.000171
352	0.593901	0.073980	0.331028	0.000000	0.000921	0.000000	0.000000	0.000000	0.000170
353	0.593902	0.073811	0.331224	0.000000	0.000898	0.000000	0.000000	0.000000	0.000165
354	0.594258	0.073630	0.331038	0.000000	0.000911	0.000000	0.000000	0.000000	0.000163
355	0.594148	0.073692	0.331101	0.000000	0.000890	0.000000	0.000000	0.000000	0.000169
356	0.595134	0.073458	0.330368	0.000000	0.000870	0.000000	0.000000	0.000000	0.000170
357	0.595084	0.073486	0.330380	0.000000	0.000900	0.000000	0.000000	0.000000	0.000150
358	0.595088	0.073563	0.330286	0.000000	0.000917	0.000000	0.000000	0.000000	0.000146
359	0.595275	0.073744	0.329924	0.000000	0.000905	0.000000	0.000000	0.000000	0.000152
360	0.595267	0.073935	0.329725	0.000000	0.000916	0.000000	0.000000	0.000000	0.000157
361	0.595433	0.073683	0.329848	0.000000	0.000883	0.000000	0.000000	0.000000	0.000153
362	0.594882	0.073563	0.330506	0.000000	0.000893	0.000000	0.000000	0.000000	0.000156
363	0.594881	0.073657	0.330450	0.000000	0.000871	0.000000	0.000000	0.000000	0.000141
364	0.594544	0.073472	0.330980	0.000000	0.000866	0.000000	0.000000	0.000000	0.000138
365	0.595162	0.073398	0.330416	0.000000	0.000886	0.000000	0.000000	0.000000	0.000138
366	0.594963	0.073618	0.330410	0.000000	0.000866	0.000000	0.000000	0.000000	0.000143
367	0.595242	0.073412	0.330361	0.000000	0.000851	0.000000	0.000000	0.000000	0.000134
368	0.595506	0.073575	0.329964	0.000000	0.000837	0.000000	0.000000	0.000000	0.000118
369	0.595076	0.073494	0.330478	0.000000	0.000837	0.000000	0.000000	0.000000	0.000115
370	0.595641	0.073493	0.329953	0.000000	0.000802	0.000000	0.000000	0.000000	0.000111
371	0.595619	0.073496	0.329971	0.000000	0.000814	0.000000	0.000000	0.000000	0.000100
372	0.596050	0.073676	0.329360	0.000000	0.000798	0.000000	0.000000	0.000000	0.000116
373	0.595646	0.073534	0.329939	0.000000	0.000783	0.000000	0.000000	0.000000	0.000098
374	0.595842	0.073765	0.329529	0.000000	0.000761	0.000000	0.000000	0.000000	0.000103
375	0.595127	0.074003	0.330010	0.000000	0.000755	0.000000	0.000000	0.000000	0.000105
376	0.595286	0.073589	0.330224	0.000000	0.000793	0.000000	0.000000	0.000000	0.000108
377	0.595701	0.073839	0.329575	0.000000	0.000770	0.000000	0.000000	0.000000	0.000115
378	0.595082	0.073759	0.330312	0.000000	0.000740	0.000000	0.000000	0.000000	0.000107
379	0.595319	0.073830	0.329966	0.000000	0.000764	0.000000	0.000000	0.000000	0.000121
380	0.595241	0.073778	0.330084	0.000000	0.000779	0.000000	0.000000	0.000000	0.000118
381	0.595193	0.073853	0.330074	0.000000	0.000758	0.000000	0.000000	0.000000	0.000122
382	0.595285	0.073929	0.329881	0.000000	0.000784	0.000000	0.000000	0.000000	0.000121
383	0.595776	0.073944	0.329360	0.000000	0.000793	0.000000	0.000000	0.000000	0.000127
384	0.595114	0.073928	0.330066	0.000000	0.000780	0.000000	0.000000	0.000000	0.000112
385	0.595177	0.074049	0.329884	0.000000	0.000780	0.000000	0.000000	0.000000	0.000110
386	0.595190	0.073789	0.330128	0.000000	0.000784	0.000000	0.000000	0.000000	0.000109
387	0.594875	0.073905	0.330331	0.000000	0.000792	0.000000	0.000000	0.000000	0.000097
388	0.594409	0.074253	0.330450	0.000000	0.000801	0.000000	0.000000	0.000000	0.000087
389	0.594682	0.074227	0.330185	0.000000	0.000818	0.000000	0.000000	0.000000	0.000088
390	0.594719	0.074203	0.330195	0.000000	0.000800	0.000000	0.000000	0.000000	0.000083
391	0.594320	0.074614	0.330184	0.000000	0.000805	0.000000	0.000000	0.000000	0.000077
392	0.594209	0.074565	0.330341	0.000000	0.000798	0.000000	0.000000	0.000000	0.000087
393	0.595334	0.074316	0.329494	0.000000	0.000779	0.000000	0.000000	0.000000	0.000077
394	0.594674	0.074542	0.329927	0.000000	0.000797	0.000000	0.000000	0.000000	0.000060
395	0.594729	0.074198	0.330230	0.000000	0.000780	0.000000	0.000000	0.000000	0.000063
396	0.595203	0.074098	0.329854	0.000000	0.000774	0.000000	0.000000	0.000000	0.000071
397	0.595201	0.073869	0.330125	0.000000	0.000748	0.000000	0.000000	0.000000	0.000057
398	0.595419	0.073708	0.330078	0.000000	0.000717	0.000000	0.000000	0.000000	0.000078
399	0.594662	0.073932	0.330616	0.000000	0.000695	0.000000	0.000000	0.000000	0.000095
400	0.594473	0.073838	0.330891	0.000000	0.000704	0.000000	0.000000	0.000000	0.000094
401	0.594590	0.073565	0.331060	0.000000	0.000686	0.000000	0.000000	0.000000	0.000099
402	0.594891	0.073602	0.330711	0.000000	0.000692	0.000000	0.000000	0.000000	0.000104
403	0.594637	0.073872	0.330695	0.000000	0.000695	0.000000	0.000000	0.000000	0.000101
404	0.593951	0.073762	0.331491	0.000000	0.000692	0.000000	0.000000	0.000000	0.000104
405	0.594622	0.073633	0.330933	0.000000	0.000699	0.000000	0.000000	0.000000	0.000113
406	0.594788	0.073675	0.330753	0.000000	0.000678	0.000000	0.000000	0.000000	0.000106
407	0.594349	0.073694	0.331195	0.000000	0.000669	0.000000	0.000000	0.000000	0.000093
408	0.594730	0.073730	0.330745	0.000000	0.000676	0.000000	0.000000	0.000000	0.000119
409	0.594558	0.073762	0.330887	0.000000	0.000679	0.000000	0.000000	0.000000	0.000114
410	0.594778	0.073790	0.330670	0.000000	0.000660	0.000000	0.000000	0.000000	0.000102
411	0.595868	0.073507	0.329865	0.000000	0.000646	0.000000	0.000000	0.000000	0.000114
412	0.595258	0.073542	0.330419	0.000000	0.000669	0.000000	0.000000	0.000000	0.000112
413	0.595579	0.073456	0.330144	0.000000	0.000691	0.000000	0.000000	0.000000	0.000130
414	0.595490	0.073401	0.330298	0.000000	0.000686	0.000000	0.000000	0.000000	0.000125
415	0.595828	0.073303	0.330048	0.000000	0.000711	0.000000	0.000000	0.000000	0.000110
416	0.596029	0.073023	0.330099	0.000000	0.000726	0.000000	0.000000	0.000000	0.000123
417	0.595893	0.073172	0.330086	0.000000	0.000723	0.000000	0.000000	0.000000	0.000126
418	0.595767	0.073150	0.330254	0.000000	0.000706	0.000000	0.000000	0.000000	0.000123
419	0.595636	0.072843	0.330714	0.000000	0.000689	0.000000	0.000000	0.000000	0.000118
420	0.596078	0.073152	0.329930	0.000000	0.000702	0.000000	0.000000	0.000000	0.000138
421	0.596300	0.073173	0.329658	0.000000	0.000719	0.000000	0.000000	0.000000	0.000150
422	0.596496	0.072861	0.329781	0.000000	0.000715	0.000000	0.000000	0.000000	0.000147
423	0.597267	0.072678	0.329209	0.000000	0.000688	0.000000	0.000000	0.000000	0.000158
424	0.597503	0.072489	0.329178	0.000000	0.000653	0.000000	0.000000	0.000000	0.000177
425	0.597177	0.072536	0.329457	0.000000	0.000665	0.000000	0.000000	0.000000	0.000165
426	0.597598	0.072547	0.329007	0.000000	0.000677	0.000000	0.000000	0.000000	0.000171
427	0.596978	0.072583	0.329562	0.000000	0.000696	0.000000	0.000000	0.000000	0.000181
428	0.596840	0.072679	0.329615	0.000000	0.000687	0.000000	0.000000	0.000000	0.000179
429	0.596803	0.072646	0.329693	0.000000	0.000685	0.000000	0.000000	0.000000	0.000173
430	0.597112	0.072774	0.329276	0.000000	0.000669	0.000000	0.000000	0.000000	0.000169
431	0.596536	0.072647	0.329958	0.000000	0.000667	0.000000	0.000000	0.000000	0.000192
432	0.596822	0.072973	0.329348	0.000000	0.000678	0.000000	0.000000	0.000000	0.000179
433	0.597008	0.073164	0.328984	0.000000	0.000658	0.000000	0.000000	0.000000	0.000186
434	0.597514	0.073368	0.328263	0.000000	0.000665	0.000000	0.000000	0.000000	0.000190
435	0.597099	0.073419	0.328633	0.000000	0.000667	0.000000	0.000000	0.000000	0.000182
436	0.597252	0.073426	0.328475	0.000000	0.000689	0.000000	0.000000	0.000000	0.000158
437	0.597549	0.073281	0.328280	0.000000	0.000710	0.000000	0.000000	0.000000	0.000180
438	0.597242	0.073214	0.328633	0.000000	0.000733	0.000000	0.000000	0.000000	0.000178
439	0.597324	0.073262	0.328510	0.000000	0.000720	0.000000	0.000000	0.000000	0.000184
440	0.597045	0.073461	0.328579	0.000000	0.000719	0.000000	0.000000	0.000000	0.000196
441	0.597328	0.073507	0.328229	0.000000	0.000742	0.000000	0.000000	0.000000	0.000194
442	0.597540	0.073289	0.328246	0.000000	0.000754	0.000000	0.000000	0.000000	0.000171
443	0.597847	0.073330	0.327891	0.000000	0.000762	0.000000	0.000000	0.000000	0.000170
444	0.597394	0.073485	0.328156	0.000000	0.000798	0.000000	0.000000	0.000000	0.000167
445	0.597428	0.073627	0.328012	0.000000	0.000785	0.000000	0.000000	0.000000	0.000148
446	0.597515	0.073713	0.327817	0.000000	0.000786	0.000000	0.000000	0.000000	0.000169
447	0.597890	0.073640	0.327505	0.000000	0.000786	0.000000	0.000000	0.000000	0.000179
448	0.597433	0.074052	0.327562	0.000000	0.000795	0.000000	0.000000	0.000000	0.000158
449	0.596488	0.074380	0.328184	0.000000	0.000781	0.000000	0.000000	0.000000	0.000167
450	0.595498	0.074442	0.329098	0.000000	0.000783	0.000000	0.000000	0.000000	0.000179
451	0.596048	0.074552	0.328411	0.000000	0.000798	0.000000	0.000000	0.000000	0.000191
452	0.596344	0.074488	0.328194	0.000000	0.000788	0.000000	0.000000	0.000000	0.000186
453	0.596054	0.074159	0.328793	0.000000	0.000808	0.000000	0.000000	0.000000	0.000186
454	0.596312	0.074237	0.328467	0.000000	0.000787	0.000000	0.000000	0.000000	0.000197
455	0.595838	0.074517	0.328669	0.000000	0.000787	0.000000	0.000000	0.000000	0.000189
456	0.595973	0.074522	0.328526	0.000000	0.000785	0.000000	0.000000	0.000000	0.000194
457	0.595818	0.075069	0.328176	0.000000	0.000750	0.000000	0.000000	0.000000	0.000187
458	0.595704	0.075184	0.328140	0.000000	0.000785	0.000000	0.000000	0.000000	0.000187
459	0.595948	0.075117	0.327972	0.000000	0.000777	0.000000	0.000000	0.000000	0.000186
460	0.596015	0.075140	0.327891	0.000000	0.000774	0.000000	0.000000	0.000000	0.000180
461	0.595698	0.075165	0.328155	0.000000	0.000788	0.000000	0.000000	0.000000	0.000194
462	0.596087	0.075094	0.327818	0.000000	0.000803	0.000000	0.000000	0.000000	0.000198
463	0.595860	0.075428	0.327702	0.000000	0.000819	0.000000	0.000000	0.000000	0.000191
464	0.595675	0.075166	0.328156	0.000000	0.000812	0.000000	0.000000	0.000000	0.000191
465	0.596051	0.074950	0.327988	0.000000	0.000803	0.000000	0.000000	0.000000	0.000208
466	0.595461	0.074745	0.328780	0.000000	0.000800	0.000000	0.000000	0.000000	0.000214
467	0.595188	0.074222	0.329567	0.000000	0.000827	0.000000	0.000000	0.000000	0.000196
468	0.595642	0.074080	0.329265	0.000000	0.000814	0.000000	0.000000	0.000000	0.000199
469	0.595387	0.074519	0.329103	0.000000	0.000818	0.000000	0.000000	0.000000	0.000173
470	0.595180	0.074399	0.329416	0.000000	0.000843	0.000000	0.000000	0.000000	0.000162
