0	0.290663	0.057897	0.229473	0.157588	0.029913	0.111872	0.085455	0.012259	0.024880
1	0.230536	0.047823	0.199645	0.137284	0.028417	0.119272	0.120973	0.023491	0.092559
2	0.229946	0.047250	0.197013	0.130615	0.028381	0.113431	0.124153	0.023952	0.105259
3	0.234851	0.047822	0.197098	0.124399	0.028483	0.106752	0.123769	0.023730	0.113096
4	0.241315	0.048252	0.196930	0.119327	0.028869	0.100251	0.121935	0.023030	0.120091
5	0.248979	0.048503	0.196724	0.114009	0.029374	0.093683	0.119832	0.022298	0.126598
6	0.256686	0.048977	0.195540	0.109423	0.030249	0.087125	0.117182	0.021583	0.133235
7	0.263837	0.049469	0.194332	0.104913	0.030865	0.081468	0.114411	0.020534	0.140171
8	0.272365	0.049735	0.192264	0.100960	0.031675	0.075389	0.111662	0.019820	0.146130
9	0.280828	0.049552	0.189811	0.096782	0.032800	0.069987	0.109425	0.018859	0.151956
10	0.288434	0.049626	0.187612	0.092516	0.034024	0.065091	0.106349	0.018162	0.158186
11	0.295913	0.050051	0.184876	0.088769	0.035207	0.060639	0.103268	0.017393	0.163884
12	0.303324	0.050199	0.182118	0.084290	0.036147	0.056258	0.100614	0.016893	0.170157
13	0.310939	0.050508	0.179156	0.080749	0.037387	0.052103	0.097403	0.016000	0.175755
14	0.318437	0.050498	0.176317	0.077371	0.038681	0.048236	0.094699	0.015367	0.180394
15	0.325748	0.050399	0.173164	0.074305	0.039995	0.044602	0.091573	0.014844	0.185370
16	0.332869	0.050166	0.170070	0.071235	0.041274	0.041550	0.088296	0.014039	0.190501
17	0.339480	0.050226	0.167068	0.068176	0.042496	0.038368	0.085225	0.013512	0.195449
18	0.346505	0.050179	0.163722	0.065328	0.043925	0.035136	0.082781	0.012771	0.199653
19	0.353720	0.049797	0.160047	0.062663	0.045662	0.032495	0.079589	0.012138	0.203889
20	0.360016	0.049854	0.156167	0.060157	0.047123	0.030022	0.076410	0.011643	0.208608
21	0.366335	0.049754	0.152847	0.057542	0.048754	0.027772	0.073398	0.010996	0.212602
22	0.372592	0.049697	0.148915	0.055133	0.050453	0.025860	0.070152	0.010446	0.216752
23	0.378961	0.049318	0.144997	0.053143	0.052189	0.023847	0.067324	0.009859	0.220362
24	0.384694	0.048973	0.141691	0.050800	0.053930	0.022186	0.064611	0.009317	0.223798
25	0.389644	0.049002	0.138481	0.048485	0.055981	0.020462	0.061422	0.008810	0.227713
26	0.394785	0.048893	0.134488	0.046589	0.057793	0.018795	0.058850	0.008446	0.231361
27	0.399816	0.048764	0.130706	0.044607	0.059622	0.017416	0.056602	0.008104	0.234363
28	0.404270	0.048386	0.127169	0.043120	0.061902	0.016118	0.054271	0.007730	0.237034
29	0.409581	0.047878	0.123273	0.041347	0.063987	0.014934	0.051580	0.007334	0.240086
30	0.414512	0.047446	0.119638	0.039689	0.065904	0.013745	0.049337	0.006901	0.242828
31	0.418880	0.047300	0.115898	0.038407	0.068235	0.012627	0.046857	0.006591	0.245205
32	0.422876	0.046780	0.112818	0.036440	0.070625	0.011755	0.044695	0.006290	0.247721
33	0.426821	0.046177	0.109242	0.035278	0.073174	0.010896	0.042591	0.006141	0.249680
34	0.431040	0.045523	0.105344	0.034144	0.075767	0.010023	0.040816	0.005699	0.251644
35	0.434060	0.045662	0.102510	0.032985	0.078368	0.009184	0.039046	0.005461	0.252724
36	0.437479	0.044960	0.099583	0.031841	0.080806	0.008541	0.037095	0.005242	0.254453
37	0.440977	0.044415	0.097001	0.030714	0.083672	0.007808	0.035465	0.004938	0.255010
38	0.444313	0.044173	0.093411	0.029681	0.086001	0.007347	0.033967	0.004725	0.256382
39	0.447735	0.043787	0.090856	0.028623	0.088516	0.006805	0.032288	0.004548	0.256842
40	0.450620	0.043172	0.087346	0.027927	0.091415	0.006379	0.030852	0.004301	0.257988
41	0.453317	0.042776	0.084546	0.027201	0.094369	0.005847	0.029430	0.003954	0.258560
42	0.456190	0.042216	0.081872	0.026185	0.097632	0.005579	0.027961	0.003711	0.258654
43	0.459188	0.042017	0.079165	0.025466	0.100390	0.005229	0.026597	0.003517	0.258431
44	0.461793	0.041342	0.076308	0.024794	0.103634	0.004948	0.025157	0.003377	0.258647
45	0.464224	0.041026	0.074186	0.023999	0.106857	0.004670	0.023992	0.003185	0.257861
46	0.466695	0.040624	0.071690	0.023551	0.110040	0.004382	0.022820	0.003057	0.257141
47	0.468543	0.040112	0.069818	0.022650	0.113552	0.004209	0.021728	0.002918	0.256470
48	0.470497	0.039626	0.067977	0.022159	0.116696	0.003998	0.020486	0.002812	0.255749
49	0.472906	0.039160	0.065300	0.021603	0.120353	0.003814	0.019116	0.002608	0.255140
50	0.474916	0.038740	0.063013	0.021045	0.124167	0.003552	0.018145	0.002430	0.253992
51	0.476496	0.038089	0.061111	0.020610	0.127698	0.003371	0.017186	0.002315	0.253124
52	0.478923	0.037540	0.058568	0.020001	0.131691	0.003182	0.016518	0.002107	0.251470
53	0.480622	0.036906	0.056556	0.019524	0.135508	0.002975	0.015794	0.002060	0.250055
54	0.482225	0.036544	0.054466	0.019031	0.139083	0.002802	0.014971	0.001912	0.248966
55	0.483841	0.036270	0.052836	0.018578	0.142952	0.002702	0.014306	0.001764	0.246751
56	0.485640	0.035887	0.050789	0.018221	0.146872	0.002554	0.013370	0.001641	0.245026
57	0.486588	0.035375	0.049349	0.017797	0.151005	0.002516	0.012730	0.001554	0.243086
58	0.487601	0.034661	0.048076	0.017589	0.155256	0.002409	0.012101	0.001460	0.240847
59	0.488715	0.034303	0.046464	0.017183	0.159275	0.002210	0.011472	0.001376	0.239002
60	0.489854	0.033991	0.045086	0.016684	0.163910	0.002132	0.010897	0.001299	0.236147
61	0.490919	0.033684	0.043943	0.016287	0.168302	0.002058	0.010146	0.001185	0.233476
62	0.491528	0.033523	0.042462	0.016080	0.172733	0.002022	0.009647	0.001065	0.230940
63	0.492806	0.032993	0.040996	0.015644	0.176750	0.002007	0.009209	0.000983	0.228612
64	0.493148	0.032542	0.039918	0.015428	0.181629	0.001866	0.008664	0.000972	0.225833
65	0.493524	0.031975	0.038866	0.015203	0.186081	0.001741	0.008464	0.000923	0.223223
66	0.494159	0.031638	0.037657	0.015160	0.190488	0.001663	0.007937	0.000941	0.220357
67	0.494690	0.031073	0.036367	0.014920	0.195445	0.001658	0.007400	0.000854	0.217593
68	0.494519	0.030516	0.035111	0.014670	0.200244	0.001603	0.006946	0.000747	0.215644
69	0.494742	0.029906	0.034091	0.014595	0.205441	0.001527	0.006575	0.000705	0.212418
70	0.494334	0.029510	0.032929	0.014349	0.210693	0.001498	0.006242	0.000673	0.209772
71	0.494325	0.028985	0.031674	0.014079	0.216157	0.001397	0.005928	0.000652	0.206803
72	0.493466	0.028638	0.030741	0.013871	0.221547	0.001394	0.005570	0.000619	0.204154
73	0.492963	0.028065	0.029930	0.013627	0.226560	0.001366	0.005214	0.000593	0.201682
74	0.492840	0.027461	0.029225	0.013483	0.231851	0.001299	0.004869	0.000568	0.198404
75	0.492518	0.027019	0.028105	0.013310	0.237355	0.001231	0.004533	0.000543	0.195386
76	0.492064	0.026461	0.027560	0.013091	0.242895	0.001197	0.004329	0.000527	0.191876
77	0.491830	0.025965	0.026652	0.012768	0.248344	0.001143	0.004081	0.000508	0.188709
78	0.490632	0.025497	0.025720	0.012684	0.253956	0.001114	0.003849	0.000412	0.186136
79	0.489847	0.025067	0.025129	0.012476	0.259422	0.001061	0.003630	0.000394	0.182974
80	0.489838	0.024667	0.024377	0.012202	0.264948	0.001002	0.003300	0.000344	0.179322
81	0.488958	0.024154	0.023617	0.012178	0.270465	0.000990	0.003180	0.000322	0.176136
82	0.488046	0.023935	0.023065	0.011893	0.275956	0.000945	0.002975	0.000310	0.172875
83	0.487077	0.023401	0.022372	0.011816	0.281584	0.000892	0.002784	0.000283	0.169791
84	0.485294	0.022897	0.021712	0.011739	0.288058	0.000940	0.002603	0.000254	0.166503
85	0.484736	0.022534	0.021132	0.011549	0.293681	0.000900	0.002439	0.000263	0.162766
86	0.483501	0.022302	0.020471	0.011389	0.299426	0.000849	0.002171	0.000228	0.159663
87	0.482761	0.021908	0.019850	0.011256	0.305056	0.000849	0.001972	0.000203	0.156145
88	0.480799	0.021328	0.019382	0.011162	0.311437	0.000829	0.001874	0.000198	0.152991
89	0.478780	0.020816	0.018983	0.011180	0.317470	0.000813	0.001777	0.000159	0.150022
90	0.477153	0.020394	0.018280	0.010972	0.323724	0.000758	0.001642	0.000145	0.146932
91	0.475452	0.019857	0.017556	0.011065	0.329528	0.000760	0.001453	0.000133	0.144196
92	0.473483	0.019452	0.017309	0.010970	0.336149	0.000737	0.001352	0.000137	0.140411
93	0.471430	0.018910	0.016716	0.010802	0.342310	0.000759	0.001267	0.000116	0.137690
94	0.469854	0.018415	0.016439	0.010625	0.348208	0.000738	0.001130	0.000100	0.134491
95	0.467687	0.017892	0.016061	0.010612	0.354706	0.000728	0.001040	0.000093	0.131181
96	0.465523	0.017587	0.015586	0.010447	0.361103	0.000716	0.000935	0.000074	0.128029
97	0.462952	0.017258	0.015005	0.010255	0.367520	0.000713	0.000844	0.000062	0.125391
98	0.461163	0.016849	0.014591	0.010179	0.373517	0.000712	0.000807	0.000060	0.122122
99	0.458080	0.016630	0.014289	0.010207	0.379981	0.000657	0.000740	0.000061	0.119355
100	0.456287	0.016233	0.013849	0.010226	0.385731	0.000636	0.000675	0.000059	0.116304
101	0.453639	0.015950	0.013457	0.010177	0.392070	0.000582	0.000677	0.000050	0.113398
102	0.450826	0.015720	0.013178	0.010055	0.398358	0.000588	0.000651	0.000040	0.110584
103	0.448018	0.015419	0.012999	0.009914	0.404607	0.000566	0.000588	0.000042	0.107847
104	0.445618	0.015185	0.012807	0.009924	0.410528	0.000538	0.000558	0.000039	0.104803
105	0.442571	0.014767	0.012594	0.009756	0.417021	0.000510	0.000510	0.000041	0.102230
106	0.439373	0.014405	0.012107	0.009596	0.423850	0.000490	0.000497	0.000042	0.099640
107	0.436168	0.014042	0.011711	0.009592	0.430491	0.000500	0.000476	0.000036	0.096984
108	0.433423	0.013846	0.011334	0.009474	0.436801	0.000484	0.000446	0.000037	0.094155
109	0.430141	0.013600	0.011058	0.009354	0.443489	0.000509	0.000390	0.000040	0.091419
110	0.426885	0.013170	0.010768	0.009251	0.449815	0.000512	0.000352	0.000029	0.089218
111	0.423831	0.012908	0.010541	0.009083	0.456035	0.000540	0.000313	0.000026	0.086723
112	0.420516	0.012700	0.010381	0.008992	0.462008	0.000525	0.000292	0.000031	0.084555
113	0.417316	0.012449	0.010109	0.008873	0.468216	0.000536	0.000256	0.000038	0.082207
114	0.413361	0.012036	0.009859	0.008821	0.475273	0.000463	0.000250	0.000029	0.079908
115	0.410030	0.011826	0.009593	0.008756	0.481276	0.000456	0.000232	0.000023	0.077808
116	0.406489	0.011690	0.009288	0.008807	0.487424	0.000465	0.000219	0.000017	0.075601
117	0.402743	0.011408	0.009062	0.008718	0.494361	0.000472	0.000196	0.000012	0.073028
118	0.399201	0.011167	0.008902	0.008805	0.500603	0.000464	0.000186	0.000005	0.070667
119	0.395342	0.010949	0.008727	0.008809	0.507123	0.000474	0.000184	0.000003	0.068389
120	0.391379	0.010749	0.008398	0.008828	0.513829	0.000463	0.000178	0.000003	0.066173
121	0.387838	0.010329	0.008156	0.008877	0.519794	0.000471	0.000166	0.000002	0.064367
122	0.384352	0.010019	0.007868	0.008747	0.526266	0.000458	0.000147	0.000002	0.062141
123	0.380412	0.009914	0.007525	0.008715	0.532628	0.000461	0.000113	0.000001	0.060231
124	0.376494	0.009613	0.007282	0.008717	0.538976	0.000478	0.000104	0.000001	0.058335
125	0.372321	0.009300	0.007157	0.008747	0.545396	0.000459	0.000087	0.000001	0.056532
126	0.368121	0.009076	0.006950	0.008733	0.551600	0.000462	0.000076	0.000000	0.054982
127	0.364221	0.008794	0.006892	0.008737	0.557550	0.000458	0.000075	0.000000	0.053273
128	0.360347	0.008552	0.006744	0.008697	0.563706	0.000477	0.000072	0.000000	0.051405
129	0.356156	0.008312	0.006572	0.008652	0.569905	0.000467	0.000061	0.000000	0.049875
130	0.351672	0.008214	0.006523	0.008609	0.576198	0.000436	0.000051	0.000000	0.048297
131	0.347711	0.007952	0.006405	0.008565	0.582179	0.000429	0.000050	0.000000	0.046709
132	0.343261	0.007727	0.006220	0.008493	0.588446	0.000415	0.000045	0.000000	0.045393
133	0.339316	0.007405	0.006158	0.008486	0.594386	0.000430	0.000042	0.000000	0.043777
134	0.335486	0.007152	0.005969	0.008460	0.600227	0.000409	0.000041	0.000000	0.042256
135	0.331171	0.006985	0.005705	0.008510	0.606362	0.000431	0.000041	0.000000	0.040795
136	0.326695	0.006732	0.005481	0.008461	0.612563	0.000405	0.000031	0.000000	0.039632
137	0.322664	0.006628	0.005404	0.008432	0.618281	0.000411	0.000023	0.000000	0.038157
138	0.318449	0.006468	0.005223	0.008424	0.624051	0.000426	0.000019	0.000000	0.036940
139	0.314122	0.006273	0.005174	0.008433	0.629692	0.000414	0.000020	0.000000	0.035872
140	0.309826	0.006088	0.005124	0.008308	0.635566	0.000401	0.000018	0.000000	0.034669
141	0.305429	0.005810	0.004861	0.008300	0.641716	0.000424	0.000020	0.000000	0.033440
142	0.301368	0.005652	0.004776	0.008335	0.647070	0.000419	0.000023	0.000000	0.032357
143	0.297232	0.005419	0.004650	0.008311	0.652578	0.000409	0.000017	0.000000	0.031384
144	0.293291	0.005172	0.004499	0.008414	0.658112	0.000413	0.000022	0.000000	0.030077
145	0.288896	0.004998	0.004297	0.008370	0.663850	0.000374	0.000021	0.000000	0.029194
146	0.284390	0.004865	0.004218	0.008202	0.670008	0.000378	0.000016	0.000000	0.027923
147	0.280208	0.004718	0.004148	0.008173	0.675469	0.000373	0.000010	0.000000	0.026901
148	0.276272	0.004458	0.004064	0.008147	0.680515	0.000352	0.000012	0.000000	0.026180
149	0.272166	0.004364	0.003983	0.008150	0.685726	0.000348	0.000007	0.000000	0.025256
150	0.267984	0.004202	0.003820	0.008137	0.691058	0.000357	0.000010	0.000000	0.024432
151	0.263728	0.004069	0.003782	0.008105	0.696477	0.000356	0.000011	0.000000	0.023472
152	0.259866	0.003884	0.003742	0.008291	0.701056	0.000371	0.000008	0.000000	0.022782
153	0.255779	0.003816	0.003630	0.008149	0.706293	0.000367	0.000007	0.000000	0.021959
154	0.251739	0.003784	0.003450	0.008096	0.711577	0.000371	0.000006	0.000000	0.020977
155	0.247537	0.003613	0.003409	0.008035	0.716797	0.000380	0.000005	0.000000	0.020224
156	0.243627	0.003481	0.003283	0.007987	0.721791	0.000401	0.000007	0.000000	0.019423
157	0.239801	0.003381	0.003227	0.007929	0.726534	0.000384	0.000011	0.000000	0.018733
158	0.236101	0.003326	0.003164	0.007884	0.731097	0.000409	0.000010	0.000000	0.018009
159	0.232474	0.003269	0.003084	0.007786	0.735782	0.000371	0.000008	0.000000	0.017226
160	0.228486	0.003120	0.002900	0.007821	0.740869	0.000349	0.000008	0.000000	0.016447
161	0.224518	0.002995	0.002821	0.007787	0.745760	0.000335	0.000003	0.000000	0.015781
162	0.220500	0.002942	0.002818	0.007796	0.750306	0.000331	0.000004	0.000000	0.015303
163	0.216725	0.002781	0.002706	0.007721	0.755148	0.000346	0.000004	0.000000	0.014569
164	0.213299	0.002666	0.002647	0.007692	0.759326	0.000331	0.000004	0.000000	0.014035
165	0.209558	0.002591	0.002590	0.007689	0.763801	0.000345	0.000003	0.000000	0.013423
166	0.206152	0.002478	0.002475	0.007783	0.767828	0.000330	0.000002	0.000000	0.012952
167	0.202539	0.002320	0.002485	0.007690	0.772230	0.000318	0.000000	0.000000	0.012418
168	0.198656	0.002293	0.002476	0.007666	0.776736	0.000318	0.000000	0.000000	0.011855
169	0.194899	0.002200	0.002398	0.007748	0.781117	0.000303	0.000000	0.000000	0.011335
170	0.191319	0.002186	0.002329	0.007853	0.785151	0.000303	0.000000	0.000000	0.010859
171	0.188203	0.002072	0.002256	0.007875	0.788865	0.000301	0.000000	0.000000	0.010428
172	0.184886	0.002024	0.002204	0.007909	0.792743	0.000309	0.000000	0.000000	0.009925
173	0.181464	0.001956	0.002129	0.007964	0.796640	0.000297	0.000000	0.000000	0.009550
174	0.178171	0.001904	0.002034	0.007907	0.800505	0.000300	0.000000	0.000000	0.009179
175	0.174759	0.001814	0.002041	0.007914	0.804326	0.000314	0.000000	0.000000	0.008832
176	0.171434	0.001733	0.002062	0.007898	0.808062	0.000319	0.000000	0.000000	0.008492
177	0.168241	0.001664	0.001984	0.007833	0.811804	0.000343	0.000000	0.000000	0.008131
178	0.164919	0.001633	0.001911	0.007778	0.815507	0.000342	0.000000	0.000000	0.007910
179	0.161637	0.001558	0.001905	0.007781	0.819170	0.000327	0.000000	0.000000	0.007622
180	0.158413	0.001528	0.001946	0.007554	0.822862	0.000359	0.000000	0.000000	0.007338
181	0.154908	0.001400	0.001870	0.007449	0.826983	0.000351	0.000000	0.000000	0.007039
182	0.151722	0.001349	0.001843	0.007355	0.830545	0.000338	0.000000	0.000000	0.006848
183	0.148363	0.001345	0.001804	0.007278	0.834338	0.000308	0.000000	0.000000	0.006564
184	0.145279	0.001284	0.001684	0.007309	0.837850	0.000338	0.000000	0.000000	0.006256
185	0.142029	0.001226	0.001676	0.007253	0.841369	0.000319	0.000000	0.000000	0.006128
186	0.138906	0.001227	0.001647	0.007188	0.844997	0.000316	0.000000	0.000000	0.005719
187	0.135875	0.001126	0.001593	0.007238	0.848317	0.000306	0.000000	0.000000	0.005545
188	0.133047	0.001044	0.001583	0.007107	0.851470	0.000309	0.000000	0.000000	0.005440
189	0.130205	0.001044	0.001491	0.007124	0.854730	0.000294	0.000000	0.000000	0.005112
190	0.127107	0.000962	0.001498	0.007069	0.858060	0.000300	0.000000	0.000000	0.005004
191	0.124614	0.000909	0.001449	0.007023	0.860941	0.000287	0.000000	0.000000	0.004777
192	0.121891	0.000864	0.001414	0.007072	0.863951	0.000270	0.000000	0.000000	0.004538
193	0.119270	0.000806	0.001388	0.006952	0.867001	0.000248	0.000000	0.000000	0.004335
194	0.116558	0.000805	0.001323	0.006949	0.869954	0.000267	0.000000	0.000000	0.004144
195	0.114059	0.000765	0.001271	0.007000	0.872680	0.000272	0.000000	0.000000	0.003953
196	0.111554	0.000677	0.001206	0.007016	0.875501	0.000274	0.000000	0.000000	0.003772
197	0.108672	0.000593	0.001182	0.006992	0.878624	0.000271	0.000000	0.000000	0.003666
198	0.106114	0.000601	0.001137	0.007000	0.881394	0.000283	0.000000	0.000000	0.003471
199	0.103754	0.000578	0.001108	0.006940	0.884052	0.000278	0.000000	0.000000	0.003290
200	0.101408	0.000533	0.001110	0.006898	0.886646	0.000264	0.000000	0.000000	0.003141
201	0.099012	0.000477	0.000993	0.006850	0.889375	0.000268	0.000000	0.000000	0.003025
202	0.096684	0.000457	0.000984	0.006964	0.891831	0.000268	0.000000	0.000000	0.002812
203	0.094383	0.000425	0.000947	0.007052	0.894206	0.000267	0.000000	0.000000	0.002720
204	0.092325	0.000382	0.000938	0.007060	0.896482	0.000246	0.000000	0.000000	0.002567
205	0.089980	0.000362	0.000922	0.007007	0.898961	0.000259	0.000000	0.000000	0.002509
206	0.087727	0.000331	0.000883	0.007088	0.901366	0.000253	0.000000	0.000000	0.002352
207	0.085660	0.000311	0.000852	0.007101	0.903567	0.000260	0.000000	0.000000	0.002249
208	0.083398	0.000300	0.000776	0.007071	0.906028	0.000267	0.000000	0.000000	0.002160
209	0.081094	0.000276	0.000733	0.006934	0.908591	0.000272	0.000000	0.000000	0.002100
210	0.079091	0.000269	0.000691	0.006889	0.910794	0.000256	0.000000	0.000000	0.002010
211	0.077121	0.000256	0.000700	0.006975	0.912762	0.000263	0.000000	0.000000	0.001923
212	0.075113	0.000251	0.000648	0.006921	0.914965	0.000262	0.000000	0.000000	0.001840
213	0.073033	0.000249	0.000614	0.006934	0.917152	0.000265	0.000000	0.000000	0.001753
214	0.071114	0.000224	0.000616	0.006931	0.919161	0.000254	0.000000	0.000000	0.001700
215	0.069012	0.000214	0.000589	0.006922	0.921392	0.000254	0.000000	0.000000	0.001617
216	0.067080	0.000230	0.000585	0.006886	0.923415	0.000250	0.000000	0.000000	0.001554
217	0.065314	0.000234	0.000580	0.006933	0.925213	0.000262	0.000000	0.000000	0.001464
218	0.063606	0.000228	0.000510	0.006895	0.927144	0.000276	0.000000	0.000000	0.001341
219	0.061862	0.000211	0.000515	0.006915	0.928876	0.000285	0.000000	0.000000	0.001336
220	0.060019	0.000217	0.000490	0.006839	0.930886	0.000252	0.000000	0.000000	0.001297
221	0.058384	0.000206	0.000481	0.006899	0.932501	0.000248	0.000000	0.000000	0.001281
222	0.056620	0.000215	0.000459	0.006920	0.934375	0.000227	0.000000	0.000000	0.001184
223	0.055051	0.000195	0.000426	0.006780	0.936216	0.000193	0.000000	0.000000	0.001139
224	0.053327	0.000188	0.000438	0.006768	0.937973	0.000201	0.000000	0.000000	0.001105
225	0.052084	0.000173	0.000410	0.006713	0.939408	0.000186	0.000000	0.000000	0.001026
226	0.050678	0.000170	0.000384	0.006830	0.940775	0.000213	0.000000	0.000000	0.000950
227	0.049016	0.000187	0.000378	0.006886	0.942494	0.000187	0.000000	0.000000	0.000852
228	0.047766	0.000171	0.000373	0.006847	0.943869	0.000180	0.000000	0.000000	0.000794
229	0.046453	0.000176	0.000333	0.006947	0.945156	0.000184	0.000000	0.000000	0.000751
230	0.045101	0.000153	0.000305	0.006931	0.946643	0.000184	0.000000	0.000000	0.000683
231	0.043842	0.000149	0.000294	0.006870	0.948038	0.000184	0.000000	0.000000	0.000623
232	0.042497	0.000130	0.000280	0.006878	0.949458	0.000176	0.000000	0.000000	0.000581
233	0.041268	0.000117	0.000303	0.006798	0.950789	0.000186	0.000000	0.000000	0.000539
234	0.039961	0.000107	0.000274	0.006722	0.952199	0.000202	0.000000	0.000000	0.000535
235	0.038759	0.000097	0.000257	0.006644	0.953525	0.000202	0.000000	0.000000	0.000516
236	0.037585	0.000099	0.000241	0.006710	0.954683	0.000199	0.000000	0.000000	0.000483
237	0.036524	0.000103	0.000221	0.006798	0.955701	0.000195	0.000000	0.000000	0.000458
238	0.035340	0.000103	0.000231	0.006873	0.956842	0.000188	0.000000	0.000000	0.000423
239	0.034062	0.000102	0.000221	0.006822	0.958183	0.000197	0.000000	0.000000	0.000413
240	0.033053	0.000095	0.000197	0.006847	0.959240	0.000194	0.000000	0.000000	0.000374
241	0.031969	0.000092	0.000200	0.007030	0.960144	0.000231	0.000000	0.000000	0.000334
242	0.030994	0.000076	0.000174	0.006996	0.961253	0.000205	0.000000	0.000000	0.000302
243	0.030053	0.000070	0.000173	0.007010	0.962189	0.000208	0.000000	0.000000	0.000297
244	0.029166	0.000064	0.000166	0.007032	0.963110	0.000204	0.000000	0.000000	0.000258
245	0.028118	0.000060	0.000154	0.007038	0.964165	0.000223	0.000000	0.000000	0.000242
246	0.027132	0.000062	0.000141	0.007122	0.965105	0.000224	0.000000	0.000000	0.000214
247	0.026367	0.000055	0.000156	0.007010	0.966018	0.000213	0.000000	0.000000	0.000181
248	0.025563	0.000069	0.000145	0.007030	0.966784	0.000227	0.000000	0.000000	0.000182
249	0.024742	0.000072	0.000132	0.007023	0.967652	0.000220	0.000000	0.000000	0.000159
250	0.023938	0.000069	0.000118	0.007021	0.968450	0.000248	0.000000	0.000000	0.000156
251	0.023133	0.000054	0.000108	0.006976	0.969316	0.000251	0.000000	0.000000	0.000162
252	0.022401	0.000043	0.000106	0.007001	0.970067	0.000236	0.000000	0.000000	0.000146
253	0.021635	0.000043	0.000104	0.006962	0.970878	0.000244	0.000000	0.000000	0.000134
254	0.020808	0.000037	0.000102	0.006973	0.971730	0.000231	0.000000	0.000000	0.000119
255	0.020101	0.000034	0.000078	0.006881	0.972573	0.000220	0.000000	0.000000	0.000113
256	0.019350	0.000027	0.000087	0.006942	0.973253	0.000239	0.000000	0.000000	0.000102
257	0.018674	0.000023	0.000086	0.007036	0.973862	0.000239	0.000000	0.000000	0.000080
258	0.017947	0.000019	0.000090	0.007015	0.974600	0.000242	0.000000	0.000000	0.000087
259	0.017400	0.000019	0.000081	0.006980	0.975225	0.000228	0.000000	0.000000	0.000067
260	0.016773	0.000017	0.000075	0.006936	0.975912	0.000228	0.000000	0.000000	0.000059
261	0.016077	0.000017	0.000079	0.007063	0.976495	0.000220	0.000000	0.000000	0.000049
262	0.015534	0.000015	0.000075	0.006984	0.977137	0.000206	0.000000	0.000000	0.000049
263	0.015030	0.000016	0.000084	0.007068	0.977578	0.000184	0.000000	0.000000	0.000040
264	0.014569	0.000012	0.000088	0.007127	0.977972	0.000189	0.000000	0.000000	0.000043
265	0.013992	0.000010	0.000089	0.007180	0.978489	0.000202	0.000000	0.000000	0.000038
266	0.013495	0.000010	0.000091	0.007137	0.979039	0.000193	0.000000	0.000000	0.000035
267	0.013119	0.000010	0.000089	0.007094	0.979456	0.000200	0.000000	0.000000	0.000032
268	0.012617	0.000008	0.000081	0.007072	0.979985	0.000205	0.000000	0.000000	0.000032
269	0.012081	0.000009	0.000082	0.007150	0.980431	0.000213	0.000000	0.000000	0.000034
270	0.011685	0.000005	0.000082	0.006983	0.980985	0.000230	0.000000	0.000000	0.000030
271	0.011424	0.000007	0.000070	0.007004	0.981255	0.000211	0.000000	0.000000	0.000029
272	0.011006	0.000006	0.000060	0.007002	0.981662	0.000229	0.000000	0.000000	0.000035
273	0.010533	0.000004	0.000060	0.006968	0.982157	0.000247	0.000000	0.000000	0.000031
274	0.010181	0.000002	0.000061	0.007031	0.982451	0.000237	0.000000	0.000000	0.000037
275	0.009763	0.000001	0.000055	0.007003	0.982931	0.000209	0.000000	0.000000	0.000038
276	0.009423	0.000002	0.000048	0.006937	0.983348	0.000210	0.000000	0.000000	0.000032
277	0.009034	0.000002	0.000040	0.006929	0.983784	0.000183	0.000000	0.000000	0.000028
278	0.008726	0.000001	0.000044	0.006932	0.984071	0.000200	0.000000	0.000000	0.000026
279	0.008314	0.000001	0.000050	0.006961	0.984455	0.000192	0.000000	0.000000	0.000027
280	0.007948	0.000000	0.000049	0.007012	0.984785	0.000184	0.000000	0.000000	0.000022
281	0.007721	0.000000	0.000052	0.007035	0.984975	0.000199	0.000000	0.000000	0.000018
282	0.007421	0.000000	0.000042	0.007047	0.985268	0.000207	0.000000	0.000000	0.000015
283	0.007176	0.000000	0.000040	0.007088	0.985479	0.000203	0.000000	0.000000	0.000014
284	0.006885	0.000000	0.000036	0.007137	0.985714	0.000215	0.000000	0.000000	0.000013
285	0.006689	0.000000	0.000041	0.007103	0.985932	0.000222	0.000000	0.000000	0.000013
286	0.006428	0.000000	0.000033	0.007173	0.986128	0.000225	0.000000	0.000000	0.000013
287	0.006111	0.000000	0.000038	0.007300	0.986334	0.000207	0.000000	0.000000	0.000010
288	0.005926	0.000000	0.000030	0.007278	0.986541	0.000215	0.000000	0.000000	0.000010
289	0.005731	0.000000	0.000025	0.007376	0.986648	0.000215	0.000000	0.000000	0.000005
290	0.005555	0.000000	0.000025	0.007380	0.986816	0.000222	0.000000	0.000000	0.000002
291	0.005300	0.000000	0.000022	0.007394	0.987073	0.000205	0.000000	0.000000	0.000006
292	0.005171	0.000000	0.000015	0.007460	0.987151	0.000198	0.000000	0.000000	0.000005
293	0.004822	0.000000	0.000021	0.007315	0.987654	0.000184	0.000000	0.000000	0.000004
294	0.004592	0.000000	0.000027	0.007287	0.987914	0.000178	0.000000	0.000000	0.000002
295	0.004486	0.000000	0.000020	0.007194	0.988112	0.000185	0.000000	0.000000	0.000003
296	0.004237	0.000000	0.000023	0.007197	0.988354	0.000183	0.000000	0.000000	0.000006
297	0.004130	0.000000	0.000030	0.007117	0.988532	0.000187	0.000000	0.000000	0.000004
298	0.003879	0.000000	0.000024	0.007138	0.988750	0.000206	0.000000	0.000000	0.000003
299	0.003738	0.000000	0.000025	0.007137	0.988886	0.000212	0.000000	0.000000	0.000002
300	0.003576	0.000000	0.000023	0.007079	0.989110	0.000212	0.000000	0.000000	0.000000
301	0.003403	0.000000	0.000021	0.007177	0.989171	0.000227	0.000000	0.000000	0.000001
302	0.003282	0.000000	0.000021	0.007190	0.989276	0.000229	0.000000	0.000000	0.000002
303	0.003130	0.000000	0.000021	0.007327	0.989278	0.000242	0.000000	0.000000	0.000002
304	0.003026	0.000000	0.000027	0.007342	0.989364	0.000241	0.000000	0.000000	0.000000
305	0.002930	0.000000	0.000022	0.007318	0.989501	0.000229	0.000000	0.000000	0.000000
306	0.002846	0.000000	0.000022	0.007327	0.989543	0.000262	0.000000	0.000000	0.000000
307	0.002722	0.000000	0.000023	0.007401	0.989607	0.000247	0.000000	0.000000	0.000000
308	0.002628	0.000000	0.000023	0.007334	0.989750	0.000265	0.000000	0.000000	0.000000
309	0.002526	0.000000	0.000023	0.007282	0.989915	0.000254	0.000000	0.000000	0.000000
310	0.002428	0.000000	0.000015	0.007245	0.990069	0.000243	0.000000	0.000000	0.000000
311	0.002298	0.000000	0.000016	0.007113	0.990325	0.000248	0.000000	0.000000	0.000000
312	0.002154	0.000000	0.000017	0.007153	0.990422	0.000254	0.000000	0.000000	0.000000
313	0.002061	0.000000	0.000013	0.007179	0.990513	0.000234	0.000000	0.000000	0.000000
314	0.001967	0.000000	0.000010	0.007140	0.990647	0.000236	0.000000	0.000000	0.000000
315	0.001867	0.000000	0.000007	0.007176	0.990723	0.000227	0.000000	0.000000	0.000000
316	0.001730	0.000000	0.000005	0.007195	0.990849	0.000221	0.000000	0.000000	0.000000
317	0.001650	0.000000	0.000006	0.007173	0.990951	0.000220	0.000000	0.000000	0.000000
318	0.001577	0.000000	0.000003	0.007213	0.990970	0.000237	0.000000	0.000000	0.000000
319	0.001517	0.000000	0.000003	0.007140	0.991102	0.000238	0.000000	0.000000	0.000000
320	0.001472	0.000000	0.000003	0.007189	0.991118	0.000218	0.000000	0.000000	0.000000
321	0.001397	0.000000	0.000003	0.007191	0.991195	0.000214	0.000000	0.000000	0.000000
322	0.001351	0.000000	0.000007	0.007140	0.991288	0.000214	0.000000	0.000000	0.000000
323	0.001269	0.000000	0.000008	0.007246	0.991259	0.000218	0.000000	0.000000	0.000000
324	0.001205	0.000000	0.000007	0.007290	0.991286	0.000212	0.000000	0.000000	0.000000
325	0.001119	0.000000	0.000006	0.007220	0.991437	0.000218	0.000000	0.000000	0.000000
326	0.001039	0.000000	0.000010	0.007163	0.991580	0.000208	0.000000	0.000000	0.000000
327	0.000989	0.000000	0.000005	0.007121	0.991677	0.000208	0.000000	0.000000	0.000000
328	0.000957	0.000000	0.000005	0.007050	0.991779	0.000209	0.000000	0.000000	0.000000
329	0.000924	0.000000	0.000002	0.007031	0.991842	0.000201	0.000000	0.000000	0.000000
330	0.000877	0.000000	0.000004	0.007083	0.991836	0.000200	0.000000	0.000000	0.000000
331	0.000814	0.000000	0.000002	0.007121	0.991858	0.000205	0.000000	0.000000	0.000000
332	0.000768	0.000000	0.000002	0.007082	0.991929	0.000219	0.000000	0.000000	0.000000
333	0.000745	0.000000	0.000003	0.007076	0.991957	0.000219	0.000000	0.000000	0.000000
334	0.000694	0.000000	0.000001	0.007029	0.992082	0.000194	0.000000	0.000000	0.000000
335	0.000673	0.000000	0.000000	0.006998	0.992139	0.000190	0.000000	0.000000	0.000000
336	0.000655	0.000000	0.000000	0.007049	0.992119	0.000177	0.000000	0.000000	0.000000
337	0.000606	0.000000	0.000000	0.007118	0.992103	0.000173	0.000000	0.000000	0.000000
338	0.000588	0.000000	0.000000	0.007039	0.992180	0.000193	0.000000	0.000000	0.000000
339	0.000585	0.000000	0.000000	0.007024	0.992175	0.000216	0.000000	0.000000	0.000000
340	0.000561	0.000000	0.000000	0.007019	0.992223	0.000197	0.000000	0.000000	0.000000
341	0.000532	0.000000	0.000000	0.007023	0.992244	0.000201	0.000000	0.000000	0.000000
342	0.000509	0.000000	0.000000	0.006955	0.992330	0.000206	0.000000	0.000000	0.000000
343	0.000503	0.000000	0.000000	0.006960	0.992335	0.000202	0.000000	0.000000	0.000000
344	0.000473	0.000000	0.000000	0.006979	0.992343	0.000205	0.000000	0.000000	0.000000
345	0.000461	0.000000	0.000000	0.007085	0.992248	0.000206	0.000000	0.000000	0.000000
346	0.000436	0.000000	0.000000	0.007127	0.992221	0.000216	0.000000	0.000000	0.000000
347	0.000427	0.000000	0.000000	0.007163	0.992187	0.000223	0.000000	0.000000	0.000000
348	0.000394	0.000000	0.000000	0.007151	0.992216	0.000239	0.000000	0.000000	0.000000
349	0.000375	0.000000	0.000000	0.007076	0.992297	0.000252	0.000000	0.000000	0.000000
350	0.000327	0.000000	0.000000	0.007009	0.992414	0.000250	0.000000	0.000000	0.000000
351	0.000332	0.000000	0.000000	0.007028	0.992380	0.000260	0.000000	0.000000	0.000000
352	0.000323	0.000000	0.000000	0.006951	0.992467	0.000259	0.000000	0.000000	0.000000
353	0.000307	0.000000	0.000000	0.006947	0.992502	0.000244	0.000000	0.000000	0.000000
354	0.000262	0.000000	0.000000	0.006988	0.992502	0.000248	0.000000	0.000000	0.000000
355	0.000254	0.000000	0.000000	0.006946	0.992547	0.000253	0.000000	0.000000	0.000000
356	0.000238	0.000000	0.000000	0.007040	0.992459	0.000263	0.000000	0.000000	0.000000
357	0.000219	0.000000	0.000000	0.007104	0.992407	0.000270	0.000000	0.000000	0.000000
358	0.000196	0.000000	0.000000	0.007093	0.992432	0.000279	0.000000	0.000000	0.000000
359	0.000181	0.000000	0.000000	0.007064	0.992477	0.000278	0.000000	0.000000	0.000000
360	0.000157	0.000000	0.000000	0.007162	0.992403	0.000278	0.000000	0.000000	0.000000
361	0.000149	0.000000	0.000000	0.007202	0.992380	0.000269	0.000000	0.000000	0.000000
362	0.000127	0.000000	0.000000	0.007128	0.992473	0.000272	0.000000	0.000000	0.000000
363	0.000122	0.000000	0.000000	0.007101	0.992512	0.000265	0.000000	0.000000	0.000000
364	0.000098	0.000000	0.000000	0.006943	0.992671	0.000288	0.000000	0.000000	0.000000
365	0.000098	0.000000	0.000000	0.006959	0.992651	0.000292	0.000000	0.000000	0.000000
366	0.000106	0.000000	0.000000	0.006953	0.992631	0.000310	0.000000	0.000000	0.000000
367	0.000112	0.000000	0.000000	0.006860	0.992727	0.000301	0.000000	0.000000	0.000000
368	0.000116	0.000000	0.000000	0.006854	0.992708	0.000322	0.000000	0.000000	0.000000
369	0.000115	0.000000	0.000000	0.006857	0.992709	0.000319	0.000000	0.000000	0.000000
370	0.000116	0.000000	0.000000	0.006734	0.992833	0.000317	0.000000	0.000000	0.000000
371	0.000106	0.000000	0.000000	0.006749	0.992837	0.000308	0.000000	0.000000	0.000000
372	0.000091	0.000000	0.000000	0.006774	0.992831	0.000304	0.000000	0.000000	0.000000
373	0.000097	0.000000	0.000000	0.006823	0.992781	0.000299	0.000000	0.000000	0.000000
374	0.000087	0.000000	0.000000	0.006783	0.992820	0.000310	0.000000	0.000000	0.000000
375	0.000077	0.000000	0.000000	0.006745	0.992854	0.000324	0.000000	0.000000	0.000000
376	0.000077	0.000000	0.000000	0.006741	0.992848	0.000334	0.000000	0.000000	0.000000
377	0.000059	0.000000	0.000000	0.006681	0.992930	0.000330	0.000000	0.000000	0.000000
378	0.000058	0.000000	0.000000	0.006618	0.992995	0.000329	0.000000	0.000000	0.000000
379	0.000045	0.000000	0.000000	0.006493	0.993154	0.000308	0.000000	0.000000	0.000000
380	0.000036	0.000000	0.000000	0.006502	0.993138	0.000324	0.000000	0.000000	0.000000
381	0.000034	0.000000	0.000000	0.006536	0.993110	0.000320	0.000000	0.000000	0.000000
382	0.000025	0.000000	0.000000	0.006493	0.993173	0.000309	0.000000	0.000000	0.000000
383	0.000023	0.000000	0.000000	0.006461	0.993220	0.000296	0.000000	0.000000	0.000000
384	0.000022	0.000000	0.000000	0.006485	0.993179	0.000314	0.000000	0.000000	0.000000
385	0.000017	0.000000	0.000000	0.006592	0.993081	0.000310	0.000000	0.000000	0.000000
386	0.000022	0.000000	0.000000	0.006634	0.993010	0.000334	0.000000	0.000000	0.000000
387	0.000020	0.000000	0.000000	0.006599	0.993060	0.000321	0.000000	0.000000	0.000000
388	0.000024	0.000000	0.000000	0.006551	0.993121	0.000304	0.000000	0.000000	0.000000
389	0.000015	0.000000	0.000000	0.006571	0.993092	0.000322	0.000000	0.000000	0.000000
390	0.000011	0.000000	0.000000	0.006501	0.993165	0.000323	0.000000	0.000000	0.000000
391	0.000010	0.000000	0.000000	0.006686	0.992994	0.000310	0.000000	0.000000	0.000000
392	0.000011	0.000000	0.000000	0.006698	0.992986	0.000305	0.000000	0.000000	0.000000
393	0.000007	0.000000	0.000000	0.006640	0.993046	0.000307	0.000000	0.000000	0.000000
394	0.000004	0.000000	0.000000	0.006660	0.993039	0.000297	0.000000	0.000000	0.000000
395	0.000001	0.000000	0.000000	0.006667	0.993046	0.000286	0.000000	0.000000	0.000000
396	0.000000	0.000000	0.000000	0.006799	0.992914	0.000287	0.000000	0.000000	0.000000
397	0.000000	0.000000	0.000000	0.006692	0.993031	0.000277	0.000000	0.000000	0.000000
398	0.000000	0.000000	0.000000	0.006620	0.993117	0.000263	0.000000	0.000000	0.000000
399	0.000000	0.000000	0.000000	0.006565	0.993175	0.000260	0.000000	0.000000	0.000000
400	0.000000	0.000000	0.000000	0.006527	0.993228	0.000245	0.000000	0.000000	0.000000
401	0.000000	0.000000	0.000000	0.006540	0.993221	0.000239	0.000000	0.000000	0.000000
402	0.000000	0.000000	0.000000	0.006524	0.993218	0.000258	0.000000	0.000000	0.000000
403	0.000000	0.000000	0.000000	0.006526	0.993240	0.000234	0.000000	0.000000	0.000000
404	0.000000	0.000000	0.000000	0.006657	0.993117	0.000226	0.000000	0.000000	0.000000
405	0.000000	0.000000	0.000000	0.006635	0.993129	0.000236	0.000000	0.000000	0.000000
406	0.000000	0.000000	0.000000	0.006645	0.993119	0.000236	0.000000	0.000000	0.000000
407	0.000000	0.000000	0.000000	0.006747	0.993027	0.000226	0.000000	0.000000	0.000000
408	0.000000	0.000000	0.000000	0.006727	0.993046	0.000227	0.000000	0.000000	0.000000
409	0.000000	0.000000	0.000000	0.006765	0.993024	0.000211	0.000000	0.000000	0.000000
410	0.000000	0.000000	0.000000	0.006837	0.992951	0.000212	0.000000	0.000000	0.000000
411	0.000000	0.000000	0.000000	0.006990	0.992798	0.000212	0.000000	0.000000	0.000000
412	0.000000	0.000000	0.000000	0.006894	0.992883	0.000223	0.000000	0.000000	0.000000
413	0.000000	0.000000	0.000000	0.007021	0.992760	0.000219	0.000000	0.000000	0.000000
414	0.000000	0.000000	0.000000	0.007059	0.992704	0.000237	0.000000	0.000000	0.000000
415	0.000000	0.000000	0.000000	0.007053	0.992726	0.000221	0.000000	0.000000	0.000000
416	0.000000	0.000000	0.000000	0.006947	0.992829	0.000224	0.000000	0.000000	0.000000
417	0.000000	0.000000	0.000000	0.007056	0.992730	0.000214	0.000000	0.000000	0.000000
418	0.000000	0.000000	0.000000	0.007024	0.992767	0.000209	0.000000	0.000000	0.000000
419	0.000000	0.000000	0.000000	0.007037	0.992750	0.000213	0.000000	0.000000	0.000000
420	0.000000	0.000000	0.000000	0.007134	0.992642	0.000224	0.000000	0.000000	0.000000
421	0.000000	0.000000	0.000000	0.007162	0.992624	0.000214	0.000000	0.000000	0.000000
422	0.000000	0.000000	0.000000	0.007185	0.992584	0.000231	0.000000	0.000000	0.000000
423	0.000000	0.000000	0.000000	0.007222	0.992556	0.000222	0.000000	0.000000	0.000000
424	0.000000	0.000000	0.000000	0.007128	0.992635	0.000237	0.000000	0.000000	0.000000
425	0.000000	0.000000	0.000000	0.007174	0.992592	0.000234	0.000000	0.000000	0.000000
426	0.000000	0.000000	0.000000	0.007192	0.992574	0.000234	0.000000	0.000000	0.000000
427	0.000000	0.000000	0.000000	0.007077	0.992714	0.000209	0.000000	0.000000	0.000000
428	0.000000	0.000000	0.000000	0.007082	0.992696	0.000222	0.000000	0.000000	0.000000
429	0.000000	0.000000	0.000000	0.007045	0.992747	0.000208	0.000000	0.000000	0.000000
430	0.000000	0.000000	0.000000	0.007091	0.992697	0.000212	0.000000	0.000000	0.000000
431	0.000000	0.000000	0.000000	0.007110	0.992685	0.000205	0.000000	0.000000	0.000000
432	0.000000	0.000000	0.000000	0.007026	0.992772	0.000202	0.000000	0.000000	0.000000
433	0.000000	0.000000	0.000000	0.007121	0.992667	0.000212	0.000000	0.000000	0.000000
434	0.000000	0.000000	0.000000	0.007161	0.992637	0.000202	0.000000	0.000000	0.000000
435	0.000000	0.000000	0.000000	0.007185	0.992597	0.000218	0.000000	0.000000	0.000000
436	0.000000	0.000000	0.000000	0.007191	0.992577	0.000232	0.000000	0.000000	0.000000
437	0.000000	0.000000	0.000000	0.007226	0.992565	0.000209	0.000000	0.000000	0.000000
438	0.000000	0.000000	0.000000	0.007270	0.992546	0.000184	0.000000	0.000000	0.000000
439	0.000000	0.000000	0.000000	0.007215	0.992608	0.000177	0.000000	0.000000	0.000000
440	0.000000	0.000000	0.000000	0.007233	0.992588	0.000179	0.000000	0.000000	0.000000
441	0.000000	0.000000	0.000000	0.007234	0.992589	0.000177	0.000000	0.000000	0.000000
442	0.000000	0.000000	0.000000	0.007209	0.992606	0.000185	0.000000	0.000000	0.000000
443	0.000000	0.000000	0.000000	0.007191	0.992614	0.000195	0.000000	0.000000	0.000000
444	0.000000	0.000000	0.000000	0.007217	0.992595	0.000188	0.000000	0.000000	0.000000
445	0.000000	0.000000	0.000000	0.007154	0.992666	0.000180	0.000000	0.000000	0.000000
446	0.000000	0.000000	0.000000	0.007045	0.992784	0.000171	0.000000	0.000000	0.000000
447	0.000000	0.000000	0.000000	0.007021	0.992784	0.000195	0.000000	0.000000	0.000000
448	0.000000	0.000000	0.000000	0.007097	0.992711	0.000192	0.000000	0.000000	0.000000
449	0.000000	0.000000	0.000000	0.007130	0.992688	0.000182	0.000000	0.000000	0.000000
450	0.000000	0.000000	0.000000	0.007070	0.992742	0.000188	0.000000	0.000000	0.000000
451	0.000000	0.000000	0.000000	0.007024	0.992788	0.000188	0.000000	0.000000	0.000000
452	0.000000	0.000000	0.000000	0.007132	0.992663	0.000205	0.000000	0.000000	0.000000
453	0.000000	0.000000	0.000000	0.007234	0.992560	0.000206	0.000000	0.000000	0.000000
454	0.000000	0.000000	0.000000	0.007227	0.992577	0.000196	0.000000	0.000000	0.000000
455	0.000000	0.000000	0.000000	0.007170	0.992609	0.000221	0.000000	0.000000	0.000000
456	0.000000	0.000000	0.000000	0.007173	0.992605	0.000222	0.000000	0.000000	0.000000
457	0.000000	0.000000	0.000000	0.007112	0.992669	0.000219	0.000000	0.000000	0.000000
458	0.000000	0.000000	0.000000	0.007023	0.992774	0.000203	0.000000	0.000000	0.000000
459	0.000000	0.000000	0.000000	0.007067	0.992733	0.000200	0.000000	0.000000	0.000000
460	0.000000	0.000000	0.000000	0.007122	0.992665	0.000213	0.000000	0.000000	0.000000
461	0.000000	0.000000	0.000000	0.007162	0.992618	0.000220	0.000000	0.000000	0.000000
462	0.000000	0.000000	0.000000	0.007162	0.992621	0.000217	0.000000	0.000000	0.000000
463	0.000000	0.000000	0.000000	0.007182	0.992618	0.000200	0.000000	0.000000	0.000000
464	0.000000	0.000000	0.000000	0.007296	0.992516	0.000188	0.000000	0.000000	0.000000
465	0.000000	0.000000	0.000000	0.007325	0.992487	0.000188	0.000000	0.000000	0.000000
466	0.000000	0.000000	0.000000	0.007403	0.992414	0.000183	0.000000	0.000000	0.000000
467	0.000000	0.000000	0.000000	0.007430	0.992367	0.000203	0.000000	0.000000	0.000000
468	0.000000	0.000000	0.000000	0.007361	0.992451	0.000188	0.000000	0.000000	0.000000
469	0.000000	0.000000	0.000000	0.007420	0.992377	0.000203	0.000000	0.000000	0.000000
470	0.000000	0.000000	0.000000	0.007428	0.992365	0.000207	0.000000	0.000000	0.000000
