0	0.290663	0.057897	0.229473	0.157588	0.029913	0.111872	0.085455	0.012259	0.024880
1	0.223361	0.046392	0.193980	0.142232	0.029241	0.122255	0.124111	0.024342	0.094086
2	0.215779	0.044503	0.187267	0.138390	0.030103	0.120509	0.129949	0.025230	0.108270
3	0.215682	0.043140	0.182914	0.135641	0.031370	0.116961	0.131912	0.025138	0.117242
4	0.215479	0.042321	0.179271	0.133425	0.032571	0.112961	0.133462	0.025034	0.125476
5	0.216310	0.041706	0.175551	0.131545	0.034167	0.108544	0.133842	0.024633	0.133702
6	0.217326	0.041015	0.171520	0.129743	0.035657	0.104979	0.134270	0.024346	0.141144
7	0.218797	0.040258	0.167402	0.128217	0.037456	0.100824	0.134608	0.023762	0.148676
8	0.220297	0.039202	0.163559	0.126626	0.039032	0.097070	0.134557	0.023436	0.156221
9	0.221524	0.038384	0.159507	0.125216	0.041000	0.092923	0.134410	0.022909	0.164127
10	0.223081	0.037534	0.155405	0.123600	0.043028	0.089227	0.134375	0.022150	0.171600
11	0.224608	0.036772	0.151307	0.121889	0.045108	0.085212	0.133544	0.021774	0.179786
12	0.226319	0.036080	0.146989	0.120523	0.047171	0.081235	0.132817	0.021259	0.187607
13	0.227517	0.035329	0.142099	0.119219	0.049610	0.077390	0.132779	0.020841	0.195216
14	0.228742	0.034502	0.137757	0.118264	0.052465	0.073788	0.132118	0.020139	0.202225
15	0.230165	0.033674	0.133376	0.116983	0.055057	0.070796	0.130987	0.019429	0.209533
16	0.232467	0.032901	0.128913	0.115601	0.057464	0.067404	0.129490	0.018967	0.216793
17	0.233553	0.032224	0.125175	0.114297	0.060230	0.064029	0.128104	0.018490	0.223898
18	0.234812	0.031538	0.121793	0.112927	0.063211	0.061260	0.126323	0.017902	0.230234
19	0.236600	0.030886	0.117715	0.110795	0.066142	0.058520	0.124923	0.017287	0.237132
20	0.237815	0.030147	0.113313	0.109287	0.069282	0.055854	0.123430	0.016896	0.243976
21	0.239441	0.029216	0.109409	0.107659	0.072243	0.052813	0.121974	0.016362	0.250883
22	0.240339	0.028292	0.105456	0.106339	0.075950	0.050264	0.119826	0.015779	0.257755
23	0.241407	0.027404	0.101974	0.104971	0.079470	0.047940	0.117652	0.015307	0.263875
24	0.242097	0.026664	0.097945	0.103579	0.083001	0.045368	0.116311	0.014892	0.270143
25	0.243140	0.025771	0.094341	0.102270	0.086436	0.042790	0.114654	0.014541	0.276057
26	0.243855	0.025171	0.090817	0.100658	0.090104	0.041047	0.112614	0.014035	0.281699
27	0.244964	0.024282	0.086887	0.099362	0.093548	0.038771	0.110421	0.013578	0.288187
28	0.245341	0.023836	0.083280	0.097944	0.097303	0.036946	0.108604	0.013230	0.293516
29	0.245387	0.023179	0.079468	0.096600	0.101533	0.035367	0.106475	0.012883	0.299108
30	0.245835	0.022449	0.076668	0.095259	0.105668	0.033711	0.104305	0.012407	0.303698
31	0.245832	0.021874	0.073287	0.093477	0.110275	0.031639	0.102488	0.011858	0.309270
32	0.245892	0.021026	0.069928	0.091702	0.115269	0.030067	0.100219	0.011514	0.314383
33	0.245646	0.020169	0.067088	0.090196	0.120122	0.028632	0.098148	0.011192	0.318807
34	0.245183	0.019646	0.064440	0.088819	0.124842	0.027263	0.096631	0.010489	0.322687
35	0.244624	0.018956	0.061583	0.087637	0.129774	0.025679	0.094175	0.009990	0.327582
36	0.243979	0.018518	0.058881	0.086275	0.134854	0.024531	0.092128	0.009691	0.331143
37	0.242754	0.017911	0.055983	0.085106	0.139854	0.023318	0.090426	0.009446	0.335202
38	0.241638	0.017388	0.053504	0.084008	0.145231	0.022287	0.088301	0.009157	0.338486
39	0.240390	0.016754	0.051120	0.082878	0.150886	0.021143	0.086124	0.008816	0.341889
40	0.239288	0.016233	0.048584	0.081259	0.156242	0.020190	0.084099	0.008407	0.345698
41	0.237919	0.015715	0.046266	0.080057	0.161906	0.019167	0.082475	0.008197	0.348298
42	0.236502	0.015222	0.044151	0.078933	0.167766	0.018180	0.080662	0.007873	0.350711
43	0.234744	0.014655	0.042306	0.078139	0.173602	0.017248	0.078855	0.007727	0.352724
44	0.233285	0.014216	0.040272	0.077234	0.179542	0.016433	0.076516	0.007387	0.355115
45	0.231498	0.013664	0.038151	0.076322	0.185821	0.015729	0.074377	0.007006	0.357432
46	0.229682	0.013267	0.036079	0.075665	0.192048	0.015118	0.072335	0.006837	0.358969
47	0.227838	0.012790	0.034498	0.074497	0.198755	0.014212	0.070528	0.006597	0.360285
48	0.225969	0.012348	0.032926	0.073136	0.205087	0.013731	0.068490	0.006304	0.362009
49	0.224308	0.011937	0.031122	0.072556	0.211711	0.013094	0.066996	0.006086	0.362190
50	0.221917	0.011586	0.029314	0.071827	0.218563	0.012661	0.065115	0.005836	0.363181
51	0.219470	0.011228	0.027781	0.071021	0.225370	0.012081	0.063416	0.005614	0.364019
52	0.217024	0.010766	0.026278	0.070603	0.232205	0.011494	0.061611	0.005290	0.364729
53	0.214754	0.010347	0.024866	0.069560	0.239661	0.011018	0.059513	0.005136	0.365145
54	0.212351	0.010042	0.023647	0.069091	0.246992	0.010536	0.057874	0.004844	0.364623
55	0.209819	0.009614	0.022317	0.068535	0.253295	0.010020	0.056237	0.004683	0.365480
56	0.207032	0.009086	0.020907	0.067795	0.260633	0.009567	0.054760	0.004573	0.365647
57	0.204111	0.008813	0.019819	0.067153	0.268167	0.009320	0.052950	0.004256	0.365411
58	0.201019	0.008474	0.018802	0.066635	0.275807	0.009061	0.051297	0.004063	0.364842
59	0.198015	0.008106	0.017741	0.066140	0.283193	0.008608	0.049622	0.003876	0.364699
60	0.195119	0.007785	0.016623	0.065297	0.290904	0.008339	0.048009	0.003744	0.364180
61	0.191995	0.007559	0.015480	0.065224	0.298535	0.007913	0.046521	0.003600	0.363173
62	0.189095	0.007315	0.014751	0.064574	0.306158	0.007664	0.045145	0.003439	0.361859
63	0.186060	0.007109	0.013988	0.063959	0.313607	0.007371	0.043771	0.003208	0.360927
64	0.182726	0.006792	0.013085	0.063425	0.321571	0.007115	0.042321	0.003112	0.359853
65	0.179567	0.006567	0.012506	0.063011	0.329034	0.006894	0.041313	0.003008	0.358100
66	0.176365	0.006316	0.011715	0.062853	0.337061	0.006538	0.039946	0.002890	0.356316
67	0.173327	0.005967	0.010947	0.062541	0.345059	0.006235	0.038438	0.002730	0.354756
68	0.169916	0.005791	0.010415	0.062117	0.353585	0.005969	0.036903	0.002652	0.352652
69	0.166545	0.005513	0.009822	0.061836	0.361729	0.005871	0.035503	0.002559	0.350622
70	0.163239	0.005285	0.009227	0.061443	0.369991	0.005635	0.034452	0.002343	0.348385
71	0.160063	0.004985	0.008622	0.061142	0.378016	0.005451	0.033532	0.002247	0.345942
72	0.156615	0.004800	0.008095	0.060792	0.385619	0.005301	0.032281	0.002095	0.344402
73	0.153224	0.004617	0.007561	0.060620	0.393640	0.005215	0.031145	0.002086	0.341892
74	0.149626	0.004470	0.007084	0.060290	0.402113	0.005071	0.030261	0.002046	0.339039
75	0.145912	0.004296	0.006785	0.060241	0.410102	0.004936	0.029156	0.001913	0.336659
76	0.142457	0.004137	0.006417	0.060038	0.418171	0.004877	0.028349	0.001878	0.333676
77	0.138875	0.003966	0.006085	0.060014	0.426114	0.004740	0.027299	0.001767	0.331140
78	0.135652	0.003765	0.005613	0.059798	0.433798	0.004636	0.026458	0.001663	0.328617
79	0.132377	0.003585	0.005237	0.059773	0.441643	0.004553	0.025665	0.001552	0.325615
80	0.129130	0.003495	0.004955	0.059440	0.449719	0.004473	0.024775	0.001463	0.322550
81	0.126077	0.003300	0.004636	0.059269	0.457701	0.004348	0.023884	0.001374	0.319411
82	0.122847	0.003132	0.004376	0.059079	0.466334	0.004207	0.022826	0.001296	0.315903
83	0.119783	0.002999	0.004085	0.058982	0.474331	0.004040	0.021897	0.001287	0.312596
84	0.116064	0.002895	0.003816	0.058857	0.482920	0.003948	0.021205	0.001214	0.309081
85	0.112514	0.002760	0.003639	0.058765	0.491135	0.003871	0.020512	0.001195	0.305609
86	0.109070	0.002564	0.003338	0.059068	0.499245	0.003849	0.019832	0.001133	0.301901
87	0.106170	0.002521	0.003110	0.058703	0.507207	0.003813	0.019178	0.001083	0.298215
88	0.103195	0.002460	0.002906	0.058682	0.515392	0.003739	0.018588	0.001051	0.293987
89	0.099894	0.002366	0.002722	0.058764	0.523156	0.003667	0.017932	0.000951	0.290548
90	0.096829	0.002241	0.002593	0.058627	0.531218	0.003498	0.017226	0.000932	0.286836
91	0.093453	0.002193	0.002441	0.058478	0.539388	0.003452	0.016585	0.000868	0.283142
92	0.090465	0.002107	0.002212	0.058533	0.547036	0.003575	0.016282	0.000784	0.279006
93	0.087629	0.001953	0.002173	0.058792	0.554447	0.003438	0.015754	0.000758	0.275056
94	0.084726	0.001811	0.002050	0.058511	0.562368	0.003373	0.015099	0.000744	0.271318
95	0.081837	0.001768	0.001878	0.058468	0.569997	0.003280	0.014400	0.000710	0.267662
96	0.078587	0.001697	0.001758	0.058735	0.577644	0.003276	0.013849	0.000687	0.263767
97	0.076035	0.001610	0.001662	0.058687	0.585152	0.003231	0.013441	0.000680	0.259502
98	0.073529	0.001543	0.001585	0.058560	0.592712	0.003238	0.012984	0.000643	0.255206
99	0.070741	0.001425	0.001505	0.058293	0.600443	0.003117	0.012400	0.000600	0.251476
100	0.068409	0.001349	0.001402	0.058134	0.607949	0.003076	0.012048	0.000566	0.247067
101	0.065611	0.001246	0.001356	0.058274	0.615208	0.003111	0.011576	0.000544	0.243074
102	0.063057	0.001199	0.001309	0.058151	0.622878	0.003083	0.011112	0.000508	0.238703
103	0.061053	0.001157	0.001224	0.057897	0.630053	0.002998	0.010633	0.000512	0.234473
104	0.058821	0.001140	0.001106	0.057777	0.636861	0.003046	0.010240	0.000459	0.230550
105	0.056416	0.001089	0.001056	0.057899	0.643943	0.003012	0.009914	0.000448	0.226223
106	0.054216	0.001079	0.000974	0.057753	0.651024	0.003018	0.009512	0.000424	0.222000
107	0.052075	0.001003	0.000913	0.057601	0.657857	0.003033	0.009166	0.000400	0.217952
108	0.049978	0.000937	0.000806	0.057462	0.664726	0.002952	0.008765	0.000367	0.214007
109	0.048079	0.000825	0.000731	0.057382	0.671137	0.002942	0.008343	0.000335	0.210226
110	0.046520	0.000809	0.000664	0.057601	0.677390	0.002851	0.007891	0.000309	0.205965
111	0.044571	0.000752	0.000625	0.057441	0.684140	0.002889	0.007482	0.000299	0.201801
112	0.042758	0.000703	0.000608	0.057452	0.690352	0.002860	0.007072	0.000304	0.197891
113	0.040989	0.000664	0.000570	0.057693	0.696021	0.002846	0.006802	0.000268	0.194147
114	0.039252	0.000633	0.000492	0.057776	0.702324	0.002825	0.006463	0.000263	0.189972
115	0.037483	0.000599	0.000425	0.057739	0.708101	0.002834	0.006244	0.000261	0.186314
116	0.035925	0.000609	0.000398	0.057693	0.713701	0.002862	0.005980	0.000244	0.182588
117	0.034505	0.000566	0.000379	0.058000	0.718684	0.002815	0.005734	0.000227	0.179090
118	0.033156	0.000502	0.000347	0.057880	0.724580	0.002794	0.005479	0.000236	0.175026
119	0.031395	0.000476	0.000341	0.058000	0.730168	0.002765	0.005268	0.000207	0.171380
120	0.029838	0.000469	0.000326	0.058071	0.735605	0.002773	0.005059	0.000188	0.167671
121	0.028505	0.000453	0.000295	0.057892	0.741187	0.002756	0.004822	0.000192	0.163898
122	0.027035	0.000437	0.000264	0.057964	0.746608	0.002781	0.004652	0.000194	0.160065
123	0.025611	0.000393	0.000257	0.057657	0.751997	0.002808	0.004375	0.000178	0.156724
124	0.024267	0.000408	0.000234	0.057570	0.757262	0.002801	0.004282	0.000177	0.152999
125	0.023011	0.000356	0.000214	0.057973	0.761888	0.002740	0.004057	0.000178	0.149583
126	0.021833	0.000326	0.000191	0.057834	0.767200	0.002739	0.003779	0.000152	0.145946
127	0.020623	0.000315	0.000180	0.058187	0.772066	0.002628	0.003619	0.000145	0.142237
128	0.019531	0.000301	0.000166	0.058080	0.776834	0.002662	0.003408	0.000146	0.138872
129	0.018592	0.000276	0.000140	0.058046	0.781543	0.002575	0.003271	0.000136	0.135421
130	0.017638	0.000285	0.000096	0.057972	0.786282	0.002586	0.003151	0.000121	0.131869
131	0.016789	0.000272	0.000087	0.058038	0.790488	0.002511	0.003024	0.000128	0.128663
132	0.015789	0.000258	0.000084	0.058319	0.794589	0.002520	0.002901	0.000126	0.125414
133	0.015079	0.000236	0.000073	0.058117	0.798992	0.002480	0.002723	0.000137	0.122163
134	0.014310	0.000213	0.000074	0.058310	0.802716	0.002485	0.002623	0.000132	0.119137
135	0.013642	0.000190	0.000072	0.058230	0.806961	0.002474	0.002445	0.000124	0.115862
136	0.012951	0.000167	0.000070	0.058297	0.810874	0.002523	0.002336	0.000120	0.112662
137	0.012242	0.000168	0.000064	0.058336	0.814529	0.002407	0.002215	0.000117	0.109922
138	0.011586	0.000165	0.000058	0.058665	0.818044	0.002449	0.002055	0.000112	0.106866
139	0.011003	0.000166	0.000065	0.058341	0.822130	0.002420	0.001924	0.000099	0.103852
140	0.010366	0.000161	0.000055	0.058559	0.825745	0.002409	0.001828	0.000090	0.100787
141	0.009774	0.000155	0.000048	0.058670	0.829219	0.002427	0.001802	0.000083	0.097822
142	0.009124	0.000136	0.000041	0.058632	0.832878	0.002306	0.001678	0.000067	0.095138
143	0.008543	0.000130	0.000036	0.058988	0.835532	0.002345	0.001608	0.000069	0.092749
144	0.008074	0.000135	0.000032	0.059098	0.838854	0.002373	0.001502	0.000080	0.089852
145	0.007657	0.000134	0.000030	0.058912	0.842332	0.002349	0.001391	0.000073	0.087122
146	0.007271	0.000118	0.000033	0.059050	0.845339	0.002394	0.001332	0.000067	0.084396
147	0.006773	0.000118	0.000030	0.059144	0.848203	0.002369	0.001281	0.000067	0.082015
148	0.006411	0.000104	0.000032	0.059092	0.851352	0.002235	0.001223	0.000049	0.079502
149	0.006022	0.000094	0.000021	0.059118	0.854226	0.002255	0.001174	0.000052	0.077038
150	0.005666	0.000096	0.000019	0.059221	0.857111	0.002185	0.001087	0.000045	0.074570
151	0.005342	0.000079	0.000018	0.059299	0.859706	0.002190	0.001019	0.000051	0.072296
152	0.005003	0.000066	0.000018	0.059472	0.862177	0.002256	0.000952	0.000050	0.070006
153	0.004821	0.000042	0.000011	0.059406	0.864633	0.002257	0.000924	0.000048	0.067858
154	0.004543	0.000029	0.000006	0.059544	0.866928	0.002194	0.000905	0.000046	0.065805
155	0.004303	0.000022	0.000002	0.059711	0.869182	0.002152	0.000842	0.000038	0.063748
156	0.004068	0.000020	0.000004	0.059985	0.871337	0.002154	0.000813	0.000025	0.061594
157	0.003898	0.000011	0.000005	0.059872	0.873759	0.002203	0.000767	0.000025	0.059460
158	0.003607	0.000006	0.000004	0.059930	0.875993	0.002165	0.000736	0.000025	0.057534
159	0.003314	0.000004	0.000003	0.060017	0.878054	0.002105	0.000655	0.000018	0.055830
160	0.003132	0.000002	0.000003	0.060024	0.879920	0.002106	0.000624	0.000012	0.054177
161	0.002929	0.000002	0.000004	0.060201	0.881917	0.002107	0.000583	0.000007	0.052250
162	0.002729	0.000001	0.000001	0.059888	0.884456	0.002125	0.000568	0.000011	0.050221
163	0.002541	0.000000	0.000000	0.059887	0.886334	0.002127	0.000561	0.000011	0.048539
164	0.002347	0.000000	0.000000	0.059785	0.888336	0.002155	0.000528	0.000014	0.046835
165	0.002221	0.000000	0.000000	0.059474	0.890486	0.002143	0.000497	0.000014	0.045165
166	0.002056	0.000000	0.000000	0.059350	0.892393	0.002056	0.000470	0.000018	0.043657
167	0.001962	0.000000	0.000000	0.059037	0.894483	0.002064	0.000451	0.000019	0.041984
168	0.001812	0.000000	0.000000	0.058799	0.896322	0.002084	0.000410	0.000020	0.040553
169	0.001666	0.000000	0.000000	0.058746	0.898109	0.002079	0.000365	0.000014	0.039021
170	0.001598	0.000000	0.000000	0.059031	0.899340	0.002100	0.000366	0.000009	0.037556
171	0.001450	0.000000	0.000000	0.058975	0.900867	0.002168	0.000349	0.000004	0.036187
172	0.001370	0.000000	0.000000	0.058687	0.902732	0.002095	0.000326	0.000004	0.034786
173	0.001293	0.000000	0.000000	0.058856	0.904022	0.002066	0.000312	0.000003	0.033448
174	0.001249	0.000000	0.000000	0.058928	0.905184	0.002087	0.000281	0.000002	0.032269
175	0.001150	0.000000	0.000000	0.058933	0.906692	0.002055	0.000273	0.000001	0.030896
176	0.001063	0.000000	0.000000	0.059236	0.907571	0.002038	0.000261	0.000000	0.029831
177	0.000988	0.000000	0.000000	0.058923	0.909003	0.002081	0.000243	0.000000	0.028762
178	0.000897	0.000000	0.000000	0.058760	0.910528	0.002035	0.000217	0.000000	0.027563
179	0.000843	0.000000	0.000000	0.058798	0.911538	0.002021	0.000198	0.000000	0.026602
180	0.000795	0.000000	0.000000	0.058779	0.912533	0.001986	0.000173	0.000000	0.025734
181	0.000773	0.000000	0.000000	0.058725	0.913520	0.002010	0.000159	0.000000	0.024813
182	0.000765	0.000000	0.000000	0.058803	0.914357	0.001931	0.000154	0.000000	0.023990
183	0.000700	0.000000	0.000000	0.058521	0.915564	0.002014	0.000142	0.000000	0.023059
184	0.000661	0.000000	0.000000	0.058229	0.916657	0.001959	0.000137	0.000000	0.022357
185	0.000608	0.000000	0.000000	0.058087	0.917798	0.001958	0.000131	0.000000	0.021418
186	0.000584	0.000000	0.000000	0.058085	0.918707	0.001970	0.000096	0.000000	0.020558
187	0.000553	0.000000	0.000000	0.057996	0.919470	0.001995	0.000099	0.000000	0.019887
188	0.000497	0.000000	0.000000	0.057794	0.920518	0.001945	0.000097	0.000000	0.019149
189	0.000473	0.000000	0.000000	0.057728	0.921411	0.001968	0.000083	0.000000	0.018337
190	0.000435	0.000000	0.000000	0.057438	0.922424	0.001966	0.000080	0.000000	0.017657
191	0.000416	0.000000	0.000000	0.057596	0.922923	0.001911	0.000072	0.000000	0.017082
192	0.000377	0.000000	0.000000	0.057421	0.923809	0.001918	0.000074	0.000000	0.016401
193	0.000364	0.000000	0.000000	0.057122	0.924825	0.001915	0.000057	0.000000	0.015717
194	0.000311	0.000000	0.000000	0.057418	0.925311	0.001850	0.000058	0.000000	0.015052
195	0.000309	0.000000	0.000000	0.057522	0.925803	0.001878	0.000051	0.000000	0.014437
196	0.000309	0.000000	0.000000	0.057756	0.926194	0.001838	0.000056	0.000000	0.013847
197	0.000288	0.000000	0.000000	0.057590	0.926897	0.001846	0.000050	0.000000	0.013329
198	0.000281	0.000000	0.000000	0.057705	0.927290	0.001872	0.000054	0.000000	0.012798
199	0.000278	0.000000	0.000000	0.057569	0.928005	0.001868	0.000047	0.000000	0.012233
200	0.000247	0.000000	0.000000	0.057594	0.928410	0.001892	0.000049	0.000000	0.011808
201	0.000227	0.000000	0.000000	0.057326	0.929291	0.001814	0.000054	0.000000	0.011288
202	0.000228	0.000000	0.000000	0.057232	0.929838	0.001793	0.000056	0.000000	0.010853
203	0.000206	0.000000	0.000000	0.057011	0.930523	0.001793	0.000055	0.000000	0.010412
204	0.000200	0.000000	0.000000	0.056984	0.930988	0.001786	0.000056	0.000000	0.009986
205	0.000168	0.000000	0.000000	0.056975	0.931443	0.001813	0.000051	0.000000	0.009550
206	0.000151	0.000000	0.000000	0.056811	0.932054	0.001742	0.000053	0.000000	0.009189
207	0.000147	0.000000	0.000000	0.056681	0.932609	0.001757	0.000043	0.000000	0.008763
208	0.000131	0.000000	0.000000	0.056870	0.932797	0.001740	0.000042	0.000000	0.008420
209	0.000113	0.000000	0.000000	0.056721	0.933270	0.001757	0.000051	0.000000	0.008088
210	0.000102	0.000000	0.000000	0.056767	0.933513	0.001800	0.000048	0.000000	0.007770
211	0.000094	0.000000	0.000000	0.056646	0.933936	0.001812	0.000050	0.000000	0.007462
212	0.000070	0.000000	0.000000	0.056986	0.933861	0.001888	0.000047	0.000000	0.007148
213	0.000061	0.000000	0.000000	0.056802	0.934366	0.001859	0.000047	0.000000	0.006865
214	0.000044	0.000000	0.000000	0.056812	0.934666	0.001825	0.000055	0.000000	0.006598
215	0.000048	0.000000	0.000000	0.057076	0.934588	0.001820	0.000048	0.000000	0.006420
216	0.000038	0.000000	0.000000	0.057028	0.934965	0.001826	0.000047	0.000000	0.006096
217	0.000029	0.000000	0.000000	0.057241	0.934958	0.001830	0.000040	0.000000	0.005902
218	0.000032	0.000000	0.000000	0.057347	0.935040	0.001865	0.000037	0.000000	0.005679
219	0.000031	0.000000	0.000000	0.057364	0.935302	0.001888	0.000044	0.000000	0.005371
220	0.000019	0.000000	0.000000	0.057297	0.935616	0.001914	0.000045	0.000000	0.005109
221	0.000012	0.000000	0.000000	0.057169	0.935982	0.001878	0.000045	0.000000	0.004914
222	0.000010	0.000000	0.000000	0.057060	0.936263	0.001925	0.000037	0.000000	0.004705
223	0.000010	0.000000	0.000000	0.057142	0.936386	0.001874	0.000032	0.000000	0.004556
224	0.000007	0.000000	0.000000	0.057223	0.936467	0.001882	0.000034	0.000000	0.004387
225	0.000005	0.000000	0.000000	0.057104	0.936884	0.001806	0.000028	0.000000	0.004173
226	0.000001	0.000000	0.000000	0.057188	0.936921	0.001802	0.000031	0.000000	0.004057
227	0.000000	0.000000	0.000000	0.057275	0.936959	0.001878	0.000029	0.000000	0.003859
228	0.000000	0.000000	0.000000	0.057268	0.937218	0.001798	0.000025	0.000000	0.003691
229	0.000000	0.000000	0.000000	0.057204	0.937446	0.001830	0.000024	0.000000	0.003496
230	0.000000	0.000000	0.000000	0.057119	0.937693	0.001755	0.000028	0.000000	0.003405
231	0.000000	0.000000	0.000000	0.056985	0.938006	0.001758	0.000025	0.000000	0.003226
232	0.000000	0.000000	0.000000	0.056979	0.938130	0.001797	0.000019	0.000000	0.003075
233	0.000000	0.000000	0.000000	0.056794	0.938406	0.001857	0.000018	0.000000	0.002925
234	0.000000	0.000000	0.000000	0.056800	0.938543	0.001874	0.000014	0.000000	0.002769
235	0.000000	0.000000	0.000000	0.056569	0.938872	0.001884	0.000014	0.000000	0.002661
236	0.000000	0.000000	0.000000	0.056425	0.939125	0.001885	0.000015	0.000000	0.002550
237	0.000000	0.000000	0.000000	0.056668	0.938927	0.001942	0.000014	0.000000	0.002449
238	0.000000	0.000000	0.000000	0.056647	0.939108	0.001882	0.000007	0.000000	0.002356
239	0.000000	0.000000	0.000000	0.056495	0.939412	0.001851	0.000007	0.000000	0.002235
240	0.000000	0.000000	0.000000	0.056515	0.939466	0.001883	0.000009	0.000000	0.002127
241	0.000000	0.000000	0.000000	0.056675	0.939393	0.001904	0.000010	0.000000	0.002018
242	0.000000	0.000000	0.000000	0.056584	0.939603	0.001876	0.000005	0.000000	0.001932
243	0.000000	0.000000	0.000000	0.056394	0.939934	0.001841	0.000004	0.000000	0.001827
244	0.000000	0.000000	0.000000	0.056384	0.940035	0.001827	0.000001	0.000000	0.001753
245	0.000000	0.000000	0.000000	0.056654	0.939884	0.001787	0.000002	0.000000	0.001673
246	0.000000	0.000000	0.000000	0.056648	0.939972	0.001810	0.000002	0.000000	0.001568
247	0.000000	0.000000	0.000000	0.057034	0.939657	0.001831	0.000001	0.000000	0.001477
248	0.000000	0.000000	0.000000	0.056918	0.939901	0.001802	0.000001	0.000000	0.001378
249	0.000000	0.000000	0.000000	0.057037	0.939782	0.001846	0.000000	0.000000	0.001335
250	0.000000	0.000000	0.000000	0.056845	0.940101	0.001797	0.000000	0.000000	0.001257
251	0.000000	0.000000	0.000000	0.056838	0.940161	0.001826	0.000000	0.000000	0.001175
252	0.000000	0.000000	0.000000	0.056806	0.940195	0.001859	0.000000	0.000000	0.001140
253	0.000000	0.000000	0.000000	0.056810	0.940257	0.001852	0.000000	0.000000	0.001081
254	0.000000	0.000000	0.000000	0.056998	0.940184	0.001830	0.000000	0.000000	0.000988
255	0.000000	0.000000	0.000000	0.056903	0.940300	0.001838	0.000000	0.000000	0.000959
256	0.000000	0.000000	0.000000	0.056879	0.940371	0.001830	0.000000	0.000000	0.000920
257	0.000000	0.000000	0.000000	0.056833	0.940438	0.001856	0.000000	0.000000	0.000873
258	0.000000	0.000000	0.000000	0.056491	0.940800	0.001859	0.000000	0.000000	0.000850
259	0.000000	0.000000	0.000000	0.056353	0.941033	0.001824	0.000000	0.000000	0.000790
260	0.000000	0.000000	0.000000	0.056534	0.940841	0.001867	0.000000	0.000000	0.000758
261	0.000000	0.000000	0.000000	0.056644	0.940772	0.001845	0.000000	0.000000	0.000739
262	0.000000	0.000000	0.000000	0.056622	0.940864	0.001797	0.000000	0.000000	0.000717
263	0.000000	0.000000	0.000000	0.056746	0.940796	0.001782	0.000000	0.000000	0.000676
264	0.000000	0.000000	0.000000	0.056551	0.941013	0.001779	0.000000	0.000000	0.000657
265	0.000000	0.000000	0.000000	0.056482	0.941067	0.001789	0.000000	0.000000	0.000662
266	0.000000	0.000000	0.000000	0.056576	0.941029	0.001769	0.000000	0.000000	0.000626
267	0.000000	0.000000	0.000000	0.056668	0.940958	0.001802	0.000000	0.000000	0.000572
268	0.000000	0.000000	0.000000	0.056518	0.941175	0.001751	0.000000	0.000000	0.000556
269	0.000000	0.000000	0.000000	0.056515	0.941266	0.001712	0.000000	0.000000	0.000507
270	0.000000	0.000000	0.000000	0.056479	0.941349	0.001703	0.000000	0.000000	0.000469
271	0.000000	0.000000	0.000000	0.056374	0.941473	0.001696	0.000000	0.000000	0.000457
272	0.000000	0.000000	0.000000	0.056746	0.941148	0.001682	0.000000	0.000000	0.000424
273	0.000000	0.000000	0.000000	0.056904	0.940997	0.001708	0.000000	0.000000	0.000391
274	0.000000	0.000000	0.000000	0.056802	0.941135	0.001698	0.000000	0.000000	0.000365
275	0.000000	0.000000	0.000000	0.057070	0.940824	0.001771	0.000000	0.000000	0.000335
276	0.000000	0.000000	0.000000	0.057006	0.940957	0.001712	0.000000	0.000000	0.000325
277	0.000000	0.000000	0.000000	0.057270	0.940718	0.001715	0.000000	0.000000	0.000297
278	0.000000	0.000000	0.000000	0.057412	0.940602	0.001717	0.000000	0.000000	0.000269
279	0.000000	0.000000	0.000000	0.057254	0.940788	0.001715	0.000000	0.000000	0.000243
280	0.000000	0.000000	0.000000	0.057259	0.940775	0.001754	0.000000	0.000000	0.000212
281	0.000000	0.000000	0.000000	0.056909	0.941173	0.001725	0.000000	0.000000	0.000193
282	0.000000	0.000000	0.000000	0.056977	0.941064	0.001776	0.000000	0.000000	0.000183
283	0.000000	0.000000	0.000000	0.056838	0.941226	0.001769	0.000000	0.000000	0.000167
284	0.000000	0.000000	0.000000	0.057014	0.941078	0.001747	0.000000	0.000000	0.000161
285	0.000000	0.000000	0.000000	0.057173	0.940949	0.001723	0.000000	0.000000	0.000155
286	0.000000	0.000000	0.000000	0.057263	0.940942	0.001671	0.000000	0.000000	0.000124
287	0.000000	0.000000	0.000000	0.057200	0.941038	0.001651	0.000000	0.000000	0.000111
288	0.000000	0.000000	0.000000	0.057384	0.940886	0.001629	0.000000	0.000000	0.000101
289	0.000000	0.000000	0.000000	0.057522	0.940760	0.001625	0.000000	0.000000	0.000093
290	0.000000	0.000000	0.000000	0.057187	0.941035	0.001692	0.000000	0.000000	0.000086
291	0.000000	0.000000	0.000000	0.056989	0.941261	0.001665	0.000000	0.000000	0.000085
292	0.000000	0.000000	0.000000	0.057033	0.941212	0.001678	0.000000	0.000000	0.000077
293	0.000000	0.000000	0.000000	0.056833	0.941437	0.001658	0.000000	0.000000	0.000072
294	0.000000	0.000000	0.000000	0.056915	0.941365	0.001656	0.000000	0.000000	0.000064
295	0.000000	0.000000	0.000000	0.056919	0.941394	0.001634	0.000000	0.000000	0.000053
296	0.000000	0.000000	0.000000	0.057100	0.941174	0.001674	0.000000	0.000000	0.000052
297	0.000000	0.000000	0.000000	0.056983	0.941247	0.001725	0.000000	0.000000	0.000045
298	0.000000	0.000000	0.000000	0.056973	0.941316	0.001669	0.000000	0.000000	0.000042
299	0.000000	0.000000	0.000000	0.056826	0.941422	0.001716	0.000000	0.000000	0.000036
300	0.000000	0.000000	0.000000	0.056756	0.941481	0.001730	0.000000	0.000000	0.000033
301	0.000000	0.000000	0.000000	0.056819	0.941498	0.001660	0.000000	0.000000	0.000023
302	0.000000	0.000000	0.000000	0.057063	0.941196	0.001720	0.000000	0.000000	0.000021
303	0.000000	0.000000	0.000000	0.056812	0.941440	0.001729	0.000000	0.000000	0.000019
304	0.000000	0.000000	0.000000	0.056826	0.941450	0.001707	0.000000	0.000000	0.000017
305	0.000000	0.000000	0.000000	0.057193	0.941104	0.001689	0.000000	0.000000	0.000014
306	0.000000	0.000000	0.000000	0.057157	0.941137	0.001695	0.000000	0.000000	0.000011
307	0.000000	0.000000	0.000000	0.057061	0.941289	0.001646	0.000000	0.000000	0.000004
308	0.000000	0.000000	0.000000	0.057100	0.941234	0.001664	0.000000	0.000000	0.000002
309	0.000000	0.000000	0.000000	0.057109	0.941242	0.001649	0.000000	0.000000	0.000000
310	0.000000	0.000000	0.000000	0.057106	0.941192	0.001702	0.000000	0.000000	0.000000
311	0.000000	0.000000	0.000000	0.056841	0.941455	0.001704	0.000000	0.000000	0.000000
312	0.000000	0.000000	0.000000	0.056996	0.941328	0.001676	0.000000	0.000000	0.000000
313	0.000000	0.000000	0.000000	0.056928	0.941375	0.001697	0.000000	0.000000	0.000000
314	0.000000	0.000000	0.000000	0.057061	0.941237	0.001702	0.000000	0.000000	0.000000
315	0.000000	0.000000	0.000000	0.057096	0.941197	0.001707	0.000000	0.000000	0.000000
316	0.000000	0.000000	0.000000	0.057053	0.941206	0.001741	0.000000	0.000000	0.000000
317	0.000000	0.000000	0.000000	0.056847	0.941450	0.001703	0.000000	0.000000	0.000000
318	0.000000	0.000000	0.000000	0.056712	0.941559	0.001729	0.000000	0.000000	0.000000
319	0.000000	0.000000	0.000000	0.057006	0.941276	0.001718	0.000000	0.000000	0.000000
320	0.000000	0.000000	0.000000	0.056997	0.941300	0.001703	0.000000	0.000000	0.000000
321	0.000000	0.000000	0.000000	0.057004	0.941323	0.001673	0.000000	0.000000	0.000000
322	0.000000	0.000000	0.000000	0.057170	0.941111	0.001719	0.000000	0.000000	0.000000
323	0.000000	0.000000	0.000000	0.057014	0.941320	0.001666	0.000000	0.000000	0.000000
324	0.000000	0.000000	0.000000	0.057289	0.941059	0.001652	0.000000	0.000000	0.000000
325	0.000000	0.000000	0.000000	0.057481	0.940873	0.001646	0.000000	0.000000	0.000000
326	0.000000	0.000000	0.000000	0.057498	0.940825	0.001677	0.000000	0.000000	0.000000
327	0.000000	0.000000	0.000000	0.057723	0.940617	0.001660	0.000000	0.000000	0.000000
328	0.000000	0.000000	0.000000	0.057624	0.940680	0.001696	0.000000	0.000000	0.000000
329	0.000000	0.000000	0.000000	0.057240	0.941116	0.001644	0.000000	0.000000	0.000000
330	0.000000	0.000000	0.000000	0.057226	0.941156	0.001618	0.000000	0.000000	0.000000
331	0.000000	0.000000	0.000000	0.057047	0.941331	0.001622	0.000000	0.000000	0.000000
332	0.000000	0.000000	0.000000	0.057115	0.941191	0.001694	0.000000	0.000000	0.000000
333	0.000000	0.000000	0.000000	0.057219	0.941088	0.001693	0.000000	0.000000	0.000000
334	0.000000	0.000000	0.000000	0.057142	0.941195	0.001663	0.000000	0.000000	0.000000
335	0.000000	0.000000	0.000000	0.056961	0.941325	0.001714	0.000000	0.000000	0.000000
336	0.000000	0.000000	0.000000	0.057274	0.941051	0.001675	0.000000	0.000000	0.000000
337	0.000000	0.000000	0.000000	0.056836	0.941543	0.001621	0.000000	0.000000	0.000000
338	0.000000	0.000000	0.000000	0.056678	0.941728	0.001594	0.000000	0.000000	0.000000
339	0.000000	0.000000	0.000000	0.056816	0.941583	0.001601	0.000000	0.000000	0.000000
340	0.000000	0.000000	0.000000	0.056891	0.941545	0.001564	0.000000	0.000000	0.000000
341	0.000000	0.000000	0.000000	0.056830	0.941624	0.001546	0.000000	0.000000	0.000000
342	0.000000	0.000000	0.000000	0.057052	0.941380	0.001568	0.000000	0.000000	0.000000
343	0.000000	0.000000	0.000000	0.057436	0.941003	0.001561	0.000000	0.000000	0.000000
344	0.000000	0.000000	0.000000	0.057550	0.940878	0.001572	0.000000	0.000000	0.000000
345	0.000000	0.000000	0.000000	0.057498	0.940967	0.001535	0.000000	0.000000	0.000000
346	0.000000	0.000000	0.000000	0.057487	0.940949	0.001564	0.000000	0.000000	0.000000
347	0.000000	0.000000	0.000000	0.057629	0.940814	0.001557	0.000000	0.000000	0.000000
348	0.000000	0.000000	0.000000	0.057860	0.940595	0.001545	0.000000	0.000000	0.000000
349	0.000000	0.000000	0.000000	0.057856	0.940578	0.001566	0.000000	0.000000	0.000000
350	0.000000	0.000000	0.000000	0.057652	0.940758	0.001590	0.000000	0.000000	0.000000
351	0.000000	0.000000	0.000000	0.057627	0.940808	0.001565	0.000000	0.000000	0.000000
352	0.000000	0.000000	0.000000	0.057756	0.940648	0.001596	0.000000	0.000000	0.000000
353	0.000000	0.000000	0.000000	0.057782	0.940661	0.001557	0.000000	0.000000	0.000000
354	0.000000	0.000000	0.000000	0.057554	0.940901	0.001545	0.000000	0.000000	0.000000
355	0.000000	0.000000	0.000000	0.057465	0.940946	0.001589	0.000000	0.000000	0.000000
356	0.000000	0.000000	0.000000	0.057667	0.940759	0.001574	0.000000	0.000000	0.000000
357	0.000000	0.000000	0.000000	0.057660	0.940777	0.001563	0.000000	0.000000	0.000000
358	0.000000	0.000000	0.000000	0.057496	0.940943	0.001561	0.000000	0.000000	0.000000
359	0.000000	0.000000	0.000000	0.057585	0.940876	0.001539	0.000000	0.000000	0.000000
360	0.000000	0.000000	0.000000	0.057487	0.940916	0.001597	0.000000	0.000000	0.000000
361	0.000000	0.000000	0.000000	0.057609	0.940729	0.001662	0.000000	0.000000	0.000000
362	0.000000	0.000000	0.000000	0.057720	0.940630	0.001650	0.000000	0.000000	0.000000
363	0.000000	0.000000	0.000000	0.057733	0.940678	0.001589	0.000000	0.000000	0.000000
364	0.000000	0.000000	0.000000	0.058071	0.940341	0.001588	0.000000	0.000000	0.000000
365	0.000000	0.000000	0.000000	0.058189	0.940272	0.001539	0.000000	0.000000	0.000000
366	0.000000	0.000000	0.000000	0.058298	0.940187	0.001515	0.000000	0.000000	0.000000
367	0.000000	0.000000	0.000000	0.058519	0.939936	0.001545	0.000000	0.000000	0.000000
368	0.000000	0.000000	0.000000	0.058369	0.940104	0.001527	0.000000	0.000000	0.000000
369	0.000000	0.000000	0.000000	0.058415	0.940071	0.001514	0.000000	0.000000	0.000000
370	0.000000	0.000000	0.000000	0.058342	0.940130	0.001528	0.000000	0.000000	0.000000
371	0.000000	0.000000	0.000000	0.058697	0.939788	0.001515	0.000000	0.000000	0.000000
372	0.000000	0.000000	0.000000	0.058440	0.939997	0.001563	0.000000	0.000000	0.000000
373	0.000000	0.000000	0.000000	0.058384	0.940125	0.001491	0.000000	0.000000	0.000000
374	0.000000	0.000000	0.000000	0.058259	0.940233	0.001508	0.000000	0.000000	0.000000
375	0.000000	0.000000	0.000000	0.058335	0.940209	0.001456	0.000000	0.000000	0.000000
376	0.000000	0.000000	0.000000	0.058128	0.940451	0.001421	0.000000	0.000000	0.000000
377	0.000000	0.000000	0.000000	0.058215	0.940411	0.001374	0.000000	0.000000	0.000000
378	0.000000	0.000000	0.000000	0.058627	0.939999	0.001374	0.000000	0.000000	0.000000
379	0.000000	0.000000	0.000000	0.058488	0.940136	0.001376	0.000000	0.000000	0.000000
380	0.000000	0.000000	0.000000	0.058658	0.939929	0.001413	0.000000	0.000000	0.000000
381	0.000000	0.000000	0.000000	0.058584	0.939968	0.001448	0.000000	0.000000	0.000000
382	0.000000	0.000000	0.000000	0.058667	0.939853	0.001480	0.000000	0.000000	0.000000
383	0.000000	0.000000	0.000000	0.058551	0.939947	0.001502	0.000000	0.000000	0.000000
384	0.000000	0.000000	0.000000	0.058602	0.939923	0.001475	0.000000	0.000000	0.000000
385	0.000000	0.000000	0.000000	0.058424	0.940044	0.001532	0.000000	0.000000	0.000000
386	0.000000	0.000000	0.000000	0.058465	0.940031	0.001504	0.000000	0.000000	0.000000
387	0.000000	0.000000	0.000000	0.058693	0.939782	0.001525	0.000000	0.000000	0.000000
388	0.000000	0.000000	0.000000	0.058788	0.939696	0.001516	0.000000	0.000000	0.000000
389	0.000000	0.000000	0.000000	0.058911	0.939582	0.001507	0.000000	0.000000	0.000000
390	0.000000	0.000000	0.000000	0.058932	0.939587	0.001481	0.000000	0.000000	0.000000
391	0.000000	0.000000	0.000000	0.058743	0.939747	0.001510	0.000000	0.000000	0.000000
392	0.000000	0.000000	0.000000	0.058391	0.940027	0.001582	0.000000	0.000000	0.000000
393	0.000000	0.000000	0.000000	0.058283	0.940137	0.001580	0.000000	0.000000	0.000000
394	0.000000	0.000000	0.000000	0.058183	0.940228	0.001589	0.000000	0.000000	0.000000
395	0.000000	0.000000	0.000000	0.058370	0.940041	0.001589	0.000000	0.000000	0.000000
396	0.000000	0.000000	0.000000	0.058697	0.939736	0.001567	0.000000	0.000000	0.000000
397	0.000000	0.000000	0.000000	0.058906	0.939526	0.001568	0.000000	0.000000	0.000000
398	0.000000	0.000000	0.000000	0.058840	0.939613	0.001547	0.000000	0.000000	0.000000
399	0.000000	0.000000	0.000000	0.058770	0.939651	0.001579	0.000000	0.000000	0.000000
400	0.000000	0.000000	0.000000	0.058944	0.939463	0.001593	0.000000	0.000000	0.000000
401	0.000000	0.000000	0.000000	0.058806	0.939610	0.001584	0.000000	0.000000	0.000000
402	0.000000	0.000000	0.000000	0.058800	0.939611	0.001589	0.000000	0.000000	0.000000
403	0.000000	0.000000	0.000000	0.058768	0.939621	0.001611	0.000000	0.000000	0.000000
404	0.000000	0.000000	0.000000	0.058903	0.939449	0.001648	0.000000	0.000000	0.000000
405	0.000000	0.000000	0.000000	0.059009	0.939357	0.001634	0.000000	0.000000	0.000000
406	0.000000	0.000000	0.000000	0.058972	0.939402	0.001626	0.000000	0.000000	0.000000
407	0.000000	0.000000	0.000000	0.059210	0.939213	0.001577	0.000000	0.000000	0.000000
408	0.000000	0.000000	0.000000	0.059359	0.939055	0.001586	0.000000	0.000000	0.000000
409	0.000000	0.000000	0.000000	0.059187	0.939270	0.001543	0.000000	0.000000	0.000000
410	0.000000	0.000000	0.000000	0.059275	0.939214	0.001511	0.000000	0.000000	0.000000
411	0.000000	0.000000	0.000000	0.059287	0.939168	0.001545	0.000000	0.000000	0.000000
412	0.000000	0.000000	0.000000	0.059021	0.939433	0.001546	0.000000	0.000000	0.000000
413	0.000000	0.000000	0.000000	0.059264	0.939191	0.001545	0.000000	0.000000	0.000000
414	0.000000	0.000000	0.000000	0.059257	0.939189	0.001554	0.000000	0.000000	0.000000
415	0.000000	0.000000	0.000000	0.059138	0.939355	0.001507	0.000000	0.000000	0.000000
416	0.000000	0.000000	0.000000	0.058893	0.939650	0.001457	0.000000	0.000000	0.000000
417	0.000000	0.000000	0.000000	0.059162	0.939347	0.001491	0.000000	0.000000	0.000000
418	0.000000	0.000000	0.000000	0.059373	0.939082	0.001545	0.000000	0.000000	0.000000
419	0.000000	0.000000	0.000000	0.059397	0.939047	0.001556	0.000000	0.000000	0.000000
420	0.000000	0.000000	0.000000	0.059312	0.939122	0.001566	0.000000	0.000000	0.000000
421	0.000000	0.000000	0.000000	0.059536	0.938913	0.001551	0.000000	0.000000	0.000000
422	0.000000	0.000000	0.000000	0.059429	0.939009	0.001562	0.000000	0.000000	0.000000
423	0.000000	0.000000	0.000000	0.059442	0.938932	0.001626	0.000000	0.000000	0.000000
424	0.000000	0.000000	0.000000	0.059799	0.938568	0.001633	0.000000	0.000000	0.000000
425	0.000000	0.000000	0.000000	0.059862	0.938460	0.001678	0.000000	0.000000	0.000000
426	0.000000	0.000000	0.000000	0.059968	0.938341	0.001691	0.000000	0.000000	0.000000
427	0.000000	0.000000	0.000000	0.059978	0.938361	0.001661	0.000000	0.000000	0.000000
428	0.000000	0.000000	0.000000	0.060376	0.937954	0.001670	0.000000	0.000000	0.000000
429	0.000000	0.000000	0.000000	0.060345	0.937956	0.001699	0.000000	0.000000	0.000000
430	0.000000	0.000000	0.000000	0.060239	0.938167	0.001594	0.000000	0.000000	0.000000
431	0.000000	0.000000	0.000000	0.060020	0.938355	0.001625	0.000000	0.000000	0.000000
432	0.000000	0.000000	0.000000	0.059900	0.938464	0.001636	0.000000	0.000000	0.000000
433	0.000000	0.000000	0.000000	0.060022	0.938370	0.001608	0.000000	0.000000	0.000000
434	0.000000	0.000000	0.000000	0.060170	0.938224	0.001606	0.000000	0.000000	0.000000
435	0.000000	0.000000	0.000000	0.059895	0.938519	0.001586	0.000000	0.000000	0.000000
436	0.000000	0.000000	0.000000	0.059820	0.938660	0.001520	0.000000	0.000000	0.000000
437	0.000000	0.000000	0.000000	0.059786	0.938659	0.001555	0.000000	0.000000	0.000000
438	0.000000	0.000000	0.000000	0.059966	0.938477	0.001557	0.000000	0.000000	0.000000
439	0.000000	0.000000	0.000000	0.060086	0.938371	0.001543	0.000000	0.000000	0.000000
440	0.000000	0.000000	0.000000	0.059921	0.938537	0.001542	0.000000	0.000000	0.000000
441	0.000000	0.000000	0.000000	0.059870	0.938543	0.001587	0.000000	0.000000	0.000000
442	0.000000	0.000000	0.000000	0.060048	0.938364	0.001588	0.000000	0.000000	0.000000
443	0.000000	0.000000	0.000000	0.059925	0.938524	0.001551	0.000000	0.000000	0.000000
444	0.000000	0.000000	0.000000	0.060262	0.938235	0.001503	0.000000	0.000000	0.000000
445	0.000000	0.000000	0.000000	0.059980	0.938545	0.001475	0.000000	0.000000	0.000000
446	0.000000	0.000000	0.000000	0.060028	0.938517	0.001455	0.000000	0.000000	0.000000
447	0.000000	0.000000	0.000000	0.060040	0.938455	0.001505	0.000000	0.000000	0.000000
448	0.000000	0.000000	0.000000	0.060258	0.938261	0.001481	0.000000	0.000000	0.000000
449	0.000000	0.000000	0.000000	0.060071	0.938425	0.001504	0.000000	0.000000	0.000000
450	0.000000	0.000000	0.000000	0.060186	0.938301	0.001513	0.000000	0.000000	0.000000
451	0.000000	0.000000	0.000000	0.060124	0.938375	0.001501	0.000000	0.000000	0.000000
452	0.000000	0.000000	0.000000	0.060165	0.938302	0.001533	0.000000	0.000000	0.000000
453	0.000000	0.000000	0.000000	0.060165	0.938388	0.001447	0.000000	0.000000	0.000000
454	0.000000	0.000000	0.000000	0.060307	0.938217	0.001476	0.000000	0.000000	0.000000
455	0.000000	0.000000	0.000000	0.060070	0.938433	0.001497	0.000000	0.000000	0.000000
456	0.000000	0.000000	0.000000	0.059898	0.938576	0.001526	0.000000	0.000000	0.000000
457	0.000000	0.000000	0.000000	0.060013	0.938456	0.001531	0.000000	0.000000	0.000000
458	0.000000	0.000000	0.000000	0.060106	0.938344	0.001550	0.000000	0.000000	0.000000
459	0.000000	0.000000	0.000000	0.060252	0.938264	0.001484	0.000000	0.000000	0.000000
460	0.000000	0.000000	0.000000	0.060152	0.938310	0.001538	0.000000	0.000000	0.000000
461	0.000000	0.000000	0.000000	0.060105	0.938381	0.001514	0.000000	0.000000	0.000000
462	0.000000	0.000000	0.000000	0.060162	0.938304	0.001534	0.000000	0.000000	0.000000
463	0.000000	0.000000	0.000000	0.060212	0.938262	0.001526	0.000000	0.000000	0.000000
464	0.000000	0.000000	0.000000	0.060274	0.938180	0.001546	0.000000	0.000000	0.000000
465	0.000000	0.000000	0.000000	0.060394	0.938073	0.001533	0.000000	0.000000	0.000000
466	0.000000	0.000000	0.000000	0.060366	0.938167	0.001467	0.000000	0.000000	0.000000
467	0.000000	0.000000	0.000000	0.060417	0.938101	0.001482	0.000000	0.000000	0.000000
468	0.000000	0.000000	0.000000	0.060265	0.938141	0.001594	0.000000	0.000000	0.000000
469	0.000000	0.000000	0.000000	0.060344	0.938149	0.001507	0.000000	0.000000	0.000000
470	0.000000	0.000000	0.000000	0.060535	0.937988	0.001477	0.000000	0.000000	0.000000
