0	0.290663	0.057897	0.229473	0.157588	0.029913	0.111872	0.085455	0.012259	0.024880
1	0.225051	0.046833	0.195185	0.139186	0.028683	0.120150	0.125462	0.024487	0.094963
2	0.219960	0.045350	0.189960	0.132924	0.028621	0.115420	0.132103	0.026020	0.109642
3	0.220461	0.045231	0.186559	0.127598	0.028538	0.109781	0.135153	0.026682	0.119997
4	0.222050	0.045257	0.183766	0.123154	0.028883	0.104049	0.136988	0.026979	0.128874
5	0.224889	0.045211	0.180672	0.118905	0.029065	0.097718	0.138789	0.027402	0.137349
6	0.227277	0.045010	0.176390	0.115362	0.029647	0.092366	0.140373	0.027362	0.146213
7	0.229954	0.044864	0.173489	0.111504	0.030106	0.087220	0.141069	0.026905	0.154889
8	0.232624	0.044902	0.169715	0.108218	0.030523	0.082471	0.141167	0.026940	0.163440
9	0.235812	0.044667	0.165709	0.104879	0.031092	0.077474	0.141986	0.026654	0.171727
10	0.238506	0.044231	0.162041	0.101664	0.031593	0.072747	0.142428	0.026687	0.180103
11	0.241418	0.044187	0.157848	0.098812	0.032046	0.067965	0.142486	0.026606	0.188632
12	0.244412	0.044025	0.153869	0.095405	0.032919	0.063764	0.142057	0.026277	0.197272
13	0.247713	0.043689	0.150767	0.092340	0.033630	0.059715	0.141130	0.025956	0.205060
14	0.250698	0.043652	0.146607	0.089793	0.034120	0.055836	0.140280	0.025586	0.213428
15	0.252697	0.043557	0.143168	0.087117	0.034750	0.052106	0.139797	0.025161	0.221647
16	0.255523	0.043351	0.139020	0.084697	0.035479	0.048578	0.138939	0.024804	0.229609
17	0.258520	0.043206	0.135254	0.081659	0.036589	0.045238	0.137983	0.024572	0.236979
18	0.261235	0.043072	0.131562	0.079178	0.037362	0.041980	0.137209	0.024180	0.244222
19	0.263563	0.042730	0.127447	0.076389	0.038261	0.039568	0.136324	0.023982	0.251736
20	0.266035	0.042608	0.123484	0.073839	0.039260	0.037103	0.134884	0.023462	0.259325
21	0.268647	0.042738	0.119463	0.071450	0.040031	0.034566	0.134011	0.023008	0.266086
22	0.271789	0.042652	0.115461	0.069168	0.040710	0.032171	0.132141	0.022510	0.273398
23	0.274201	0.042466	0.111302	0.066812	0.041487	0.030132	0.130602	0.022309	0.280689
24	0.277394	0.042170	0.107834	0.064463	0.042384	0.028037	0.128877	0.021962	0.286879
25	0.279577	0.042097	0.103757	0.062633	0.043344	0.026250	0.127335	0.021462	0.293545
26	0.282004	0.041531	0.100224	0.060575	0.044260	0.024383	0.125651	0.020836	0.300536
27	0.284004	0.041258	0.097057	0.058940	0.045095	0.022820	0.124065	0.020397	0.306364
28	0.285724	0.041200	0.093420	0.057063	0.045954	0.021061	0.121963	0.020066	0.313549
29	0.287158	0.040862	0.089886	0.055561	0.046758	0.019596	0.120643	0.019323	0.320213
30	0.289112	0.040690	0.086809	0.053593	0.047529	0.018249	0.118514	0.019000	0.326504
31	0.291129	0.040484	0.083309	0.051732	0.048320	0.016867	0.116908	0.018490	0.332761
32	0.292644	0.040460	0.079687	0.049739	0.049351	0.015679	0.114980	0.018276	0.339184
33	0.293978	0.040522	0.077006	0.048134	0.050249	0.014820	0.112868	0.017945	0.344478
34	0.295411	0.040195	0.073913	0.046534	0.051298	0.013775	0.110917	0.017522	0.350435
35	0.296854	0.039588	0.070842	0.045194	0.052517	0.012726	0.108975	0.017279	0.356025
36	0.298170	0.039522	0.067947	0.043612	0.053435	0.011920	0.106891	0.016774	0.361729
37	0.299488	0.039248	0.064946	0.042247	0.054482	0.011065	0.104873	0.016436	0.367215
38	0.300281	0.038704	0.062383	0.040826	0.055485	0.010261	0.103176	0.016178	0.372706
39	0.300902	0.038090	0.059808	0.039659	0.056627	0.009529	0.101154	0.015905	0.378326
40	0.302150	0.037455	0.057412	0.038422	0.057740	0.008872	0.099593	0.015599	0.382757
41	0.302723	0.037124	0.055129	0.037016	0.058614	0.008278	0.097557	0.015159	0.388400
42	0.303222	0.036677	0.052544	0.035907	0.059453	0.007745	0.096156	0.015078	0.393218
43	0.303352	0.036371	0.050178	0.034758	0.060607	0.007242	0.094332	0.014857	0.398303
44	0.304049	0.035979	0.047836	0.033342	0.061532	0.006754	0.092679	0.014509	0.403320
45	0.304688	0.035476	0.045923	0.032128	0.062455	0.006296	0.091051	0.014159	0.407824
46	0.304740	0.035372	0.043824	0.030963	0.063560	0.005802	0.089437	0.013906	0.412396
47	0.304557	0.035145	0.041774	0.030346	0.064692	0.005396	0.087880	0.013751	0.416459
48	0.304966	0.034666	0.040013	0.029130	0.065712	0.004948	0.086280	0.013569	0.420716
49	0.304872	0.034035	0.038252	0.027824	0.066800	0.004626	0.084796	0.013311	0.425484
50	0.304535	0.033791	0.036595	0.026989	0.067886	0.004233	0.083435	0.012942	0.429594
51	0.304118	0.033303	0.035191	0.026032	0.068963	0.003934	0.081892	0.012520	0.434047
52	0.303763	0.032949	0.033486	0.025322	0.070202	0.003679	0.080351	0.012347	0.437901
53	0.303069	0.032672	0.031746	0.024247	0.071637	0.003438	0.078862	0.011978	0.442351
54	0.302523	0.032082	0.030187	0.023661	0.072665	0.003135	0.077579	0.011829	0.446339
55	0.302559	0.031456	0.028842	0.022944	0.073979	0.002913	0.076274	0.011677	0.449356
56	0.301712	0.030955	0.027806	0.022326	0.075121	0.002719	0.074906	0.011475	0.452980
57	0.301107	0.030436	0.026606	0.021606	0.076117	0.002589	0.073586	0.011299	0.456654
58	0.300292	0.030155	0.025420	0.021006	0.077629	0.002384	0.072500	0.011023	0.459591
59	0.299205	0.029710	0.024253	0.020144	0.078902	0.002268	0.070811	0.010898	0.463809
60	0.298103	0.029506	0.023081	0.019650	0.080083	0.002060	0.069294	0.010665	0.467558
61	0.297086	0.029200	0.022083	0.019064	0.081171	0.001912	0.067862	0.010334	0.471288
62	0.295765	0.028809	0.021123	0.018598	0.082463	0.001754	0.067020	0.010169	0.474299
63	0.294127	0.028432	0.020410	0.017967	0.083746	0.001708	0.065755	0.009923	0.477932
64	0.292800	0.028097	0.019811	0.017556	0.084698	0.001571	0.064298	0.009645	0.481524
65	0.290655	0.027868	0.018703	0.017170	0.086076	0.001424	0.063043	0.009445	0.485616
66	0.289555	0.027352	0.017867	0.016758	0.087343	0.001379	0.062174	0.009223	0.488349
67	0.288178	0.027071	0.016996	0.016064	0.088473	0.001232	0.060922	0.009031	0.492033
68	0.287233	0.026646	0.016371	0.015485	0.089730	0.001191	0.059708	0.008777	0.494859
69	0.285272	0.026307	0.015440	0.015086	0.091040	0.001115	0.059021	0.008645	0.498074
70	0.284354	0.026087	0.014892	0.014610	0.092032	0.001018	0.057568	0.008616	0.500823
71	0.282582	0.025716	0.014118	0.014022	0.093315	0.000980	0.056383	0.008431	0.504453
72	0.280385	0.025329	0.013274	0.013607	0.095230	0.000890	0.055650	0.008282	0.507353
73	0.278410	0.024948	0.012695	0.013075	0.096492	0.000820	0.054756	0.007980	0.510824
74	0.276975	0.024394	0.011900	0.012709	0.097865	0.000785	0.053726	0.007824	0.513822
75	0.274843	0.024047	0.011335	0.012373	0.099264	0.000773	0.052980	0.007626	0.516759
76	0.272815	0.023705	0.010866	0.011910	0.100422	0.000741	0.051825	0.007544	0.520172
77	0.270593	0.023465	0.010360	0.011604	0.101978	0.000720	0.051249	0.007349	0.522682
78	0.269068	0.022903	0.009854	0.011257	0.103270	0.000665	0.050362	0.007158	0.525463
79	0.267315	0.022669	0.009319	0.010856	0.104515	0.000631	0.049380	0.006938	0.528377
80	0.265714	0.022283	0.008821	0.010532	0.105862	0.000568	0.048815	0.006694	0.530711
81	0.263833	0.022048	0.008500	0.010377	0.106946	0.000543	0.047964	0.006628	0.533161
82	0.262053	0.021706	0.008106	0.010009	0.108308	0.000508	0.046980	0.006404	0.535926
83	0.259796	0.021280	0.007715	0.009697	0.109578	0.000473	0.046280	0.006243	0.538938
84	0.258073	0.020805	0.007333	0.009327	0.110683	0.000449	0.045542	0.006134	0.541654
85	0.255992	0.020175	0.007037	0.009072	0.111521	0.000437	0.044967	0.005965	0.544834
86	0.253794	0.019961	0.006892	0.008751	0.112600	0.000378	0.043948	0.005883	0.547793
87	0.251225	0.019627	0.006507	0.008491	0.113767	0.000355	0.043367	0.005800	0.550861
88	0.248982	0.019262	0.006173	0.008326	0.114622	0.000329	0.042606	0.005723	0.553977
89	0.246539	0.019014	0.005855	0.008205	0.116264	0.000286	0.042032	0.005587	0.556218
90	0.244126	0.018770	0.005545	0.008010	0.117268	0.000298	0.041695	0.005502	0.558786
91	0.241993	0.018303	0.005223	0.007730	0.118702	0.000255	0.040665	0.005425	0.561704
92	0.239686	0.017988	0.004965	0.007582	0.119857	0.000232	0.040239	0.005350	0.564101
93	0.237499	0.017644	0.004663	0.007351	0.121048	0.000212	0.039787	0.005277	0.566519
94	0.234676	0.017291	0.004482	0.007116	0.122121	0.000202	0.039088	0.005219	0.569805
95	0.232337	0.016883	0.004201	0.006949	0.123715	0.000190	0.038807	0.005263	0.571655
96	0.229788	0.016570	0.004091	0.006874	0.124570	0.000165	0.038024	0.005227	0.574691
97	0.227843	0.016321	0.003836	0.006704	0.125668	0.000178	0.037477	0.005151	0.576822
98	0.225754	0.016101	0.003655	0.006608	0.126791	0.000171	0.036817	0.005116	0.578987
99	0.223431	0.015690	0.003515	0.006439	0.128011	0.000161	0.036357	0.005033	0.581363
100	0.221006	0.015450	0.003376	0.006193	0.129365	0.000161	0.035927	0.005009	0.583513
101	0.218484	0.014956	0.003169	0.006090	0.130923	0.000142	0.035445	0.004980	0.585811
102	0.216615	0.014605	0.003072	0.005910	0.132125	0.000142	0.034900	0.004938	0.587693
103	0.214480	0.014309	0.002943	0.005914	0.133130	0.000145	0.034430	0.004838	0.589811
104	0.212087	0.014009	0.002722	0.005783	0.133953	0.000134	0.033991	0.004743	0.592578
105	0.210149	0.013622	0.002638	0.005680	0.135125	0.000114	0.033514	0.004714	0.594444
106	0.207759	0.013254	0.002487	0.005543	0.136616	0.000127	0.032964	0.004585	0.596665
107	0.205481	0.012955	0.002336	0.005354	0.138258	0.000103	0.032644	0.004499	0.598370
108	0.202786	0.012809	0.002239	0.005277	0.139552	0.000091	0.032476	0.004442	0.600328
109	0.200330	0.012644	0.002186	0.005155	0.141192	0.000084	0.032132	0.004400	0.601877
110	0.197710	0.012432	0.002010	0.005019	0.142447	0.000107	0.031541	0.004344	0.604390
111	0.195506	0.012185	0.001905	0.004935	0.143344	0.000092	0.031013	0.004311	0.606709
112	0.193326	0.012033	0.001815	0.004893	0.144836	0.000086	0.030808	0.004255	0.607948
113	0.191335	0.011724	0.001751	0.004860	0.146014	0.000082	0.030366	0.004170	0.609698
114	0.189125	0.011378	0.001680	0.004722	0.147343	0.000064	0.030080	0.004155	0.611453
115	0.186384	0.011163	0.001588	0.004522	0.148739	0.000074	0.029747	0.004118	0.613665
116	0.184027	0.010867	0.001506	0.004463	0.150274	0.000068	0.029278	0.004069	0.615448
117	0.181828	0.010561	0.001458	0.004323	0.151855	0.000062	0.028860	0.004061	0.616992
118	0.179512	0.010408	0.001437	0.004232	0.153147	0.000058	0.028349	0.004057	0.618800
119	0.177443	0.010107	0.001360	0.004070	0.154226	0.000056	0.028077	0.004017	0.620644
120	0.174733	0.010000	0.001311	0.004000	0.155493	0.000056	0.028052	0.003996	0.622359
121	0.172644	0.009841	0.001264	0.003968	0.156457	0.000060	0.027698	0.003946	0.624122
122	0.170435	0.009539	0.001163	0.004007	0.157294	0.000055	0.027489	0.003939	0.626079
123	0.168501	0.009341	0.001092	0.003934	0.158843	0.000048	0.027246	0.003868	0.627127
124	0.166138	0.009218	0.001050	0.003852	0.159948	0.000044	0.026817	0.003896	0.629037
125	0.163988	0.009043	0.000943	0.003703	0.161376	0.000040	0.026482	0.003817	0.630608
126	0.161892	0.008749	0.000976	0.003704	0.162479	0.000040	0.026162	0.003773	0.632225
127	0.159659	0.008516	0.000927	0.003621	0.163587	0.000046	0.025792	0.003765	0.634087
128	0.157431	0.008367	0.000908	0.003614	0.165201	0.000038	0.025444	0.003716	0.635281
129	0.155059	0.008249	0.000903	0.003627	0.166429	0.000027	0.025158	0.003651	0.636897
130	0.152918	0.008155	0.000831	0.003491	0.167703	0.000025	0.024721	0.003615	0.638541
131	0.150425	0.008038	0.000821	0.003434	0.168685	0.000028	0.024435	0.003575	0.640559
132	0.148087	0.007976	0.000781	0.003343	0.169698	0.000023	0.024431	0.003564	0.642097
133	0.146275	0.007876	0.000709	0.003368	0.170623	0.000023	0.024053	0.003574	0.643499
134	0.143879	0.007786	0.000657	0.003370	0.171894	0.000021	0.023802	0.003530	0.645061
135	0.141977	0.007480	0.000628	0.003304	0.173146	0.000021	0.023813	0.003470	0.646161
136	0.140017	0.007324	0.000622	0.003304	0.174211	0.000019	0.023474	0.003371	0.647658
137	0.137749	0.007167	0.000565	0.003377	0.175628	0.000018	0.023310	0.003311	0.648875
138	0.135707	0.006941	0.000596	0.003407	0.176499	0.000016	0.023152	0.003244	0.650438
139	0.133340	0.006861	0.000554	0.003395	0.177314	0.000016	0.022944	0.003245	0.652331
140	0.131270	0.006736	0.000525	0.003404	0.178679	0.000020	0.022682	0.003205	0.653479
141	0.129498	0.006549	0.000480	0.003378	0.179849	0.000019	0.022571	0.003187	0.654469
142	0.127556	0.006320	0.000476	0.003313	0.181021	0.000016	0.022605	0.003192	0.655501
143	0.125715	0.006181	0.000455	0.003259	0.182316	0.000013	0.022458	0.003172	0.656431
144	0.123953	0.005970	0.000415	0.003283	0.183430	0.000013	0.022312	0.003059	0.657565
145	0.122477	0.005836	0.000412	0.003240	0.184116	0.000014	0.022252	0.003047	0.658606
146	0.120523	0.005728	0.000404	0.003251	0.185124	0.000018	0.021996	0.003011	0.659945
147	0.118631	0.005567	0.000392	0.003153	0.186277	0.000016	0.021777	0.003060	0.661127
148	0.117106	0.005452	0.000395	0.003146	0.187678	0.000019	0.021342	0.003038	0.661824
149	0.115333	0.005324	0.000366	0.003169	0.188672	0.000020	0.021114	0.002967	0.663035
150	0.113757	0.005194	0.000343	0.003204	0.189669	0.000014	0.020936	0.002974	0.663909
151	0.111770	0.005040	0.000310	0.003122	0.190742	0.000012	0.020846	0.002926	0.665232
152	0.109940	0.004985	0.000302	0.003114	0.191666	0.000021	0.020684	0.002935	0.666353
153	0.108233	0.004959	0.000278	0.003119	0.192749	0.000021	0.020566	0.002857	0.667218
154	0.106909	0.004822	0.000302	0.003077	0.193660	0.000014	0.020462	0.002815	0.667939
155	0.105248	0.004644	0.000291	0.003010	0.194824	0.000010	0.020187	0.002777	0.669009
156	0.103371	0.004561	0.000313	0.003074	0.195803	0.000014	0.019921	0.002727	0.670216
157	0.101833	0.004555	0.000260	0.003080	0.197105	0.000014	0.019761	0.002639	0.670753
158	0.100062	0.004398	0.000286	0.003025	0.198213	0.000013	0.019677	0.002592	0.671734
159	0.098568	0.004290	0.000287	0.003023	0.199041	0.000013	0.019504	0.002602	0.672672
160	0.096821	0.004170	0.000272	0.002957	0.200319	0.000020	0.019422	0.002552	0.673467
161	0.095417	0.004002	0.000268	0.002936	0.201376	0.000017	0.019255	0.002515	0.674214
162	0.093893	0.003818	0.000274	0.002884	0.202603	0.000019	0.019248	0.002522	0.674739
163	0.092394	0.003688	0.000242	0.002855	0.203493	0.000020	0.019042	0.002500	0.675766
164	0.090858	0.003730	0.000241	0.002916	0.204793	0.000020	0.018678	0.002486	0.676278
165	0.089428	0.003670	0.000242	0.002964	0.205674	0.000023	0.018726	0.002515	0.676758
166	0.087679	0.003537	0.000234	0.002958	0.206565	0.000023	0.018704	0.002477	0.677823
167	0.086343	0.003375	0.000225	0.002890	0.208156	0.000015	0.018367	0.002443	0.678186
168	0.084965	0.003299	0.000206	0.002803	0.209202	0.000015	0.017970	0.002397	0.679143
169	0.083602	0.003167	0.000217	0.002723	0.210274	0.000009	0.017878	0.002322	0.679808
170	0.082457	0.003006	0.000196	0.002734	0.211236	0.000007	0.017750	0.002352	0.680262
171	0.080726	0.003019	0.000193	0.002692	0.212011	0.000006	0.017873	0.002307	0.681173
172	0.079421	0.002909	0.000175	0.002673	0.212752	0.000010	0.017830	0.002319	0.681911
173	0.078197	0.002890	0.000153	0.002593	0.213807	0.000007	0.017715	0.002318	0.682320
174	0.076818	0.002817	0.000155	0.002609	0.214713	0.000002	0.017460	0.002312	0.683114
175	0.075344	0.002704	0.000156	0.002575	0.215660	0.000008	0.017342	0.002311	0.683900
176	0.073737	0.002658	0.000156	0.002575	0.216745	0.000005	0.017164	0.002334	0.684626
177	0.072145	0.002678	0.000142	0.002579	0.217933	0.000006	0.017006	0.002300	0.685211
178	0.070813	0.002511	0.000139	0.002563	0.218941	0.000005	0.016816	0.002317	0.685895
179	0.069241	0.002451	0.000120	0.002503	0.219962	0.000007	0.016709	0.002312	0.686695
180	0.067832	0.002426	0.000128	0.002517	0.220799	0.000006	0.016620	0.002310	0.687362
181	0.066453	0.002327	0.000120	0.002511	0.221840	0.000006	0.016547	0.002295	0.687901
182	0.065328	0.002283	0.000104	0.002445	0.222587	0.000006	0.016378	0.002310	0.688559
183	0.063931	0.002217	0.000097	0.002389	0.223418	0.000005	0.016380	0.002309	0.689254
184	0.062417	0.002153	0.000087	0.002391	0.224611	0.000002	0.016235	0.002214	0.689890
185	0.061382	0.002104	0.000082	0.002402	0.225788	0.000000	0.016207	0.002149	0.689886
186	0.060154	0.002034	0.000072	0.002411	0.226857	0.000000	0.016088	0.002177	0.690207
187	0.059074	0.001955	0.000057	0.002390	0.227772	0.000000	0.015981	0.002217	0.690554
188	0.057942	0.001950	0.000057	0.002361	0.228897	0.000000	0.015766	0.002211	0.690816
189	0.056611	0.001948	0.000056	0.002337	0.229558	0.000000	0.015572	0.002158	0.691760
190	0.055677	0.001914	0.000055	0.002314	0.230381	0.000000	0.015523	0.002161	0.691975
191	0.054473	0.001898	0.000044	0.002267	0.231449	0.000000	0.015401	0.002118	0.692350
192	0.053509	0.001844	0.000035	0.002322	0.232427	0.000000	0.015259	0.002166	0.692438
193	0.052610	0.001787	0.000036	0.002304	0.233417	0.000000	0.015322	0.002136	0.692388
194	0.051460	0.001745	0.000037	0.002263	0.234273	0.000000	0.015141	0.002111	0.692970
195	0.050390	0.001709	0.000043	0.002259	0.235026	0.000000	0.015155	0.002099	0.693319
196	0.049238	0.001663	0.000033	0.002298	0.235965	0.000000	0.015037	0.002057	0.693709
197	0.048297	0.001644	0.000030	0.002288	0.236685	0.000000	0.015067	0.002045	0.693944
198	0.047537	0.001584	0.000032	0.002230	0.237404	0.000000	0.015024	0.002080	0.694109
199	0.046466	0.001566	0.000021	0.002208	0.238521	0.000000	0.014979	0.002108	0.694131
200	0.045316	0.001496	0.000011	0.002160	0.239517	0.000000	0.014843	0.002113	0.694544
201	0.044438	0.001463	0.000010	0.002189	0.240398	0.000000	0.014611	0.002076	0.694815
202	0.043294	0.001416	0.000013	0.002101	0.241447	0.000000	0.014293	0.002069	0.695367
203	0.042390	0.001422	0.000008	0.002035	0.242162	0.000000	0.014314	0.002033	0.695636
204	0.041754	0.001406	0.000010	0.001986	0.243112	0.000000	0.014255	0.002056	0.695421
205	0.040871	0.001375	0.000003	0.001980	0.244154	0.000000	0.014307	0.002073	0.695237
206	0.039999	0.001340	0.000006	0.001951	0.244797	0.000000	0.014187	0.002053	0.695667
207	0.039079	0.001341	0.000000	0.001906	0.245734	0.000000	0.014180	0.002074	0.695686
208	0.038299	0.001278	0.000000	0.001910	0.246790	0.000000	0.013973	0.002040	0.695710
209	0.037613	0.001248	0.000000	0.001914	0.247833	0.000000	0.013960	0.001994	0.695438
210	0.036647	0.001255	0.000000	0.001834	0.248836	0.000000	0.014002	0.001985	0.695441
211	0.035844	0.001196	0.000000	0.001822	0.249969	0.000000	0.013789	0.001984	0.695396
212	0.035206	0.001174	0.000000	0.001810	0.250860	0.000000	0.013641	0.001986	0.695323
213	0.034646	0.001116	0.000000	0.001811	0.251699	0.000000	0.013427	0.002007	0.695294
214	0.034049	0.001101	0.000000	0.001808	0.252430	0.000000	0.013313	0.001945	0.695354
215	0.033106	0.001031	0.000000	0.001778	0.253209	0.000000	0.013297	0.001896	0.695683
216	0.032392	0.000976	0.000000	0.001743	0.254064	0.000000	0.013015	0.001892	0.695918
217	0.031858	0.000946	0.000000	0.001741	0.255318	0.000000	0.012749	0.001901	0.695487
218	0.031105	0.000891	0.000000	0.001759	0.256312	0.000000	0.012787	0.001862	0.695284
219	0.030497	0.000870	0.000000	0.001739	0.257313	0.000000	0.012594	0.001847	0.695140
220	0.029931	0.000856	0.000000	0.001744	0.258011	0.000000	0.012409	0.001833	0.695216
221	0.029171	0.000831	0.000000	0.001716	0.259072	0.000000	0.012450	0.001820	0.694940
222	0.028466	0.000843	0.000000	0.001687	0.259867	0.000000	0.012377	0.001776	0.694984
223	0.027890	0.000787	0.000000	0.001629	0.260662	0.000000	0.012482	0.001752	0.694798
224	0.027462	0.000765	0.000000	0.001574	0.261300	0.000000	0.012345	0.001756	0.694798
225	0.026625	0.000739	0.000000	0.001605	0.262242	0.000000	0.012116	0.001714	0.694959
226	0.026178	0.000722	0.000000	0.001589	0.263185	0.000000	0.012115	0.001749	0.694462
227	0.025827	0.000666	0.000000	0.001552	0.263914	0.000000	0.011997	0.001711	0.694333
228	0.025292	0.000663	0.000000	0.001525	0.264882	0.000000	0.012016	0.001743	0.693879
229	0.024736	0.000647	0.000000	0.001524	0.265824	0.000000	0.012018	0.001777	0.693474
230	0.024274	0.000633	0.000000	0.001533	0.266565	0.000000	0.011969	0.001740	0.693286
231	0.023832	0.000627	0.000000	0.001522	0.267202	0.000000	0.011824	0.001760	0.693233
232	0.023341	0.000591	0.000000	0.001576	0.268022	0.000000	0.011868	0.001735	0.692867
233	0.022640	0.000553	0.000000	0.001550	0.268971	0.000000	0.011710	0.001733	0.692843
234	0.022279	0.000540	0.000000	0.001517	0.269926	0.000000	0.011546	0.001728	0.692464
235	0.021839	0.000522	0.000000	0.001545	0.270485	0.000000	0.011435	0.001694	0.692480
236	0.021302	0.000507	0.000000	0.001572	0.271135	0.000000	0.011382	0.001640	0.692462
237	0.020992	0.000506	0.000000	0.001544	0.271635	0.000000	0.011342	0.001679	0.692302
238	0.020589	0.000509	0.000000	0.001541	0.272277	0.000000	0.011343	0.001670	0.692071
239	0.019920	0.000498	0.000000	0.001601	0.272861	0.000000	0.011314	0.001677	0.692129
240	0.019484	0.000458	0.000000	0.001623	0.273508	0.000000	0.011238	0.001653	0.692036
241	0.018916	0.000466	0.000000	0.001575	0.274489	0.000000	0.011148	0.001633	0.691773
242	0.018428	0.000454	0.000000	0.001538	0.275268	0.000000	0.011113	0.001601	0.691598
243	0.018104	0.000389	0.000000	0.001537	0.275604	0.000000	0.011043	0.001585	0.691738
244	0.017750	0.000386	0.000000	0.001514	0.276297	0.000000	0.010932	0.001599	0.691522
245	0.017404	0.000364	0.000000	0.001502	0.277085	0.000000	0.010765	0.001545	0.691335
246	0.016988	0.000359	0.000000	0.001514	0.277507	0.000000	0.010723	0.001485	0.691424
247	0.016604	0.000333	0.000000	0.001523	0.278536	0.000000	0.010719	0.001532	0.690753
248	0.016235	0.000313	0.000000	0.001574	0.279232	0.000000	0.010736	0.001511	0.690399
249	0.015887	0.000304	0.000000	0.001564	0.279808	0.000000	0.010640	0.001514	0.690283
250	0.015476	0.000271	0.000000	0.001545	0.280984	0.000000	0.010602	0.001501	0.689621
251	0.015165	0.000230	0.000000	0.001533	0.281606	0.000000	0.010495	0.001488	0.689483
252	0.014813	0.000230	0.000000	0.001556	0.282061	0.000000	0.010427	0.001455	0.689458
253	0.014518	0.000227	0.000000	0.001546	0.282759	0.000000	0.010455	0.001429	0.689066
254	0.014065	0.000216	0.000000	0.001494	0.283309	0.000000	0.010375	0.001436	0.689105
255	0.013624	0.000198	0.000000	0.001462	0.283989	0.000000	0.010361	0.001417	0.688949
256	0.013157	0.000209	0.000000	0.001517	0.284665	0.000000	0.010400	0.001437	0.688615
257	0.012903	0.000206	0.000000	0.001533	0.285605	0.000000	0.010330	0.001443	0.687980
258	0.012541	0.000191	0.000000	0.001518	0.286047	0.000000	0.010231	0.001400	0.688072
259	0.012237	0.000192	0.000000	0.001506	0.286225	0.000000	0.010164	0.001371	0.688305
260	0.011980	0.000203	0.000000	0.001519	0.286719	0.000000	0.010049	0.001359	0.688171
261	0.011646	0.000217	0.000000	0.001501	0.287715	0.000000	0.010068	0.001346	0.687507
262	0.011481	0.000194	0.000000	0.001514	0.288090	0.000000	0.009970	0.001341	0.687410
263	0.011378	0.000186	0.000000	0.001479	0.288527	0.000000	0.009958	0.001371	0.687101
264	0.011058	0.000181	0.000000	0.001479	0.288840	0.000000	0.009861	0.001364	0.687217
265	0.010797	0.000192	0.000000	0.001493	0.289653	0.000000	0.009924	0.001357	0.686584
266	0.010535	0.000191	0.000000	0.001426	0.290120	0.000000	0.009869	0.001404	0.686455
267	0.010351	0.000188	0.000000	0.001471	0.290609	0.000000	0.009844	0.001465	0.686072
268	0.010115	0.000199	0.000000	0.001470	0.291450	0.000000	0.009750	0.001449	0.685567
269	0.009787	0.000192	0.000000	0.001479	0.291883	0.000000	0.009634	0.001443	0.685582
270	0.009670	0.000173	0.000000	0.001538	0.292732	0.000000	0.009571	0.001402	0.684914
271	0.009484	0.000163	0.000000	0.001479	0.293192	0.000000	0.009500	0.001402	0.684780
272	0.009225	0.000148	0.000000	0.001480	0.294040	0.000000	0.009461	0.001436	0.684210
273	0.008990	0.000154	0.000000	0.001473	0.295000	0.000000	0.009424	0.001450	0.683509
274	0.008859	0.000148	0.000000	0.001462	0.295577	0.000000	0.009465	0.001429	0.683060
275	0.008635	0.000127	0.000000	0.001461	0.296279	0.000000	0.009342	0.001411	0.682745
276	0.008536	0.000115	0.000000	0.001503	0.296677	0.000000	0.009300	0.001418	0.682451
277	0.008381	0.000105	0.000000	0.001530	0.297029	0.000000	0.009205	0.001377	0.682373
278	0.008135	0.000100	0.000000	0.001503	0.298133	0.000000	0.009172	0.001343	0.681614
279	0.008014	0.000096	0.000000	0.001466	0.298990	0.000000	0.008976	0.001342	0.681116
280	0.007868	0.000102	0.000000	0.001437	0.299516	0.000000	0.008931	0.001302	0.680844
281	0.007723	0.000077	0.000000	0.001458	0.300373	0.000000	0.008904	0.001352	0.680113
282	0.007554	0.000080	0.000000	0.001479	0.301333	0.000000	0.008879	0.001340	0.679335
283	0.007351	0.000078	0.000000	0.001442	0.302329	0.000000	0.008798	0.001330	0.678672
284	0.007129	0.000082	0.000000	0.001386	0.303042	0.000000	0.008775	0.001299	0.678287
285	0.006928	0.000076	0.000000	0.001375	0.303862	0.000000	0.008689	0.001283	0.677787
286	0.006718	0.000079	0.000000	0.001366	0.304549	0.000000	0.008667	0.001286	0.677335
287	0.006542	0.000072	0.000000	0.001358	0.305403	0.000000	0.008668	0.001226	0.676731
288	0.006356	0.000063	0.000000	0.001420	0.306102	0.000000	0.008573	0.001213	0.676273
289	0.006220	0.000057	0.000000	0.001438	0.306723	0.000000	0.008613	0.001219	0.675730
290	0.006026	0.000055	0.000000	0.001438	0.307499	0.000000	0.008599	0.001228	0.675155
291	0.005870	0.000056	0.000000	0.001433	0.308562	0.000000	0.008598	0.001169	0.674312
292	0.005591	0.000059	0.000000	0.001415	0.309543	0.000000	0.008606	0.001185	0.673601
293	0.005462	0.000059	0.000000	0.001421	0.310026	0.000000	0.008540	0.001207	0.673285
294	0.005297	0.000052	0.000000	0.001379	0.310768	0.000000	0.008456	0.001170	0.672878
295	0.005125	0.000050	0.000000	0.001344	0.311220	0.000000	0.008436	0.001181	0.672644
296	0.004971	0.000037	0.000000	0.001375	0.311885	0.000000	0.008395	0.001194	0.672143
297	0.004894	0.000037	0.000000	0.001344	0.312497	0.000000	0.008395	0.001200	0.671633
298	0.004722	0.000032	0.000000	0.001311	0.313212	0.000000	0.008399	0.001205	0.671119
299	0.004557	0.000031	0.000000	0.001272	0.314036	0.000000	0.008374	0.001205	0.670525
300	0.004451	0.000023	0.000000	0.001283	0.314918	0.000000	0.008342	0.001260	0.669723
301	0.004305	0.000021	0.000000	0.001279	0.315886	0.000000	0.008429	0.001274	0.668806
302	0.004127	0.000017	0.000000	0.001324	0.316488	0.000000	0.008401	0.001212	0.668431
303	0.004028	0.000015	0.000000	0.001291	0.316968	0.000000	0.008456	0.001217	0.668025
304	0.003915	0.000015	0.000000	0.001291	0.317572	0.000000	0.008486	0.001198	0.667523
305	0.003818	0.000018	0.000000	0.001270	0.318824	0.000000	0.008482	0.001222	0.666366
306	0.003625	0.000018	0.000000	0.001280	0.319220	0.000000	0.008500	0.001254	0.666103
307	0.003522	0.000012	0.000000	0.001275	0.319846	0.000000	0.008352	0.001233	0.665760
308	0.003400	0.000008	0.000000	0.001287	0.320403	0.000000	0.008297	0.001244	0.665361
309	0.003241	0.000005	0.000000	0.001279	0.321045	0.000000	0.008410	0.001209	0.664811
310	0.003150	0.000006	0.000000	0.001232	0.321667	0.000000	0.008489	0.001191	0.664265
311	0.003028	0.000004	0.000000	0.001216	0.322420	0.000000	0.008413	0.001199	0.663720
312	0.002930	0.000004	0.000000	0.001217	0.322898	0.000000	0.008365	0.001189	0.663397
313	0.002801	0.000004	0.000000	0.001221	0.323475	0.000000	0.008350	0.001196	0.662953
314	0.002732	0.000003	0.000000	0.001238	0.324382	0.000000	0.008216	0.001182	0.662247
315	0.002636	0.000004	0.000000	0.001257	0.324898	0.000000	0.008327	0.001117	0.661761
316	0.002538	0.000006	0.000000	0.001268	0.325158	0.000000	0.008228	0.001112	0.661690
317	0.002451	0.000009	0.000000	0.001225	0.325889	0.000000	0.008274	0.001118	0.661034
318	0.002378	0.000006	0.000000	0.001271	0.326662	0.000000	0.008180	0.001083	0.660420
319	0.002277	0.000006	0.000000	0.001255	0.327033	0.000000	0.008098	0.001102	0.660229
320	0.002235	0.000002	0.000000	0.001234	0.327404	0.000000	0.008160	0.001105	0.659860
321	0.002214	0.000002	0.000000	0.001242	0.327897	0.000000	0.008085	0.001114	0.659446
322	0.002161	0.000002	0.000000	0.001267	0.328437	0.000000	0.008032	0.001148	0.658953
323	0.002087	0.000002	0.000000	0.001255	0.329151	0.000000	0.008021	0.001113	0.658371
324	0.002024	0.000000	0.000000	0.001212	0.329807	0.000000	0.007969	0.001140	0.657848
325	0.001996	0.000000	0.000000	0.001243	0.330266	0.000000	0.008012	0.001136	0.657347
326	0.001973	0.000001	0.000000	0.001246	0.331358	0.000000	0.007981	0.001117	0.656324
327	0.001903	0.000002	0.000000	0.001281	0.332014	0.000000	0.007977	0.001134	0.655689
328	0.001836	0.000002	0.000000	0.001326	0.332653	0.000000	0.007945	0.001072	0.655166
329	0.001773	0.000003	0.000000	0.001350	0.333423	0.000000	0.007785	0.001077	0.654589
330	0.001682	0.000004	0.000000	0.001361	0.333842	0.000000	0.007753	0.001068	0.654290
331	0.001617	0.000003	0.000000	0.001386	0.334578	0.000000	0.007769	0.001060	0.653587
332	0.001572	0.000002	0.000000	0.001388	0.335060	0.000000	0.007758	0.001031	0.653189
333	0.001495	0.000003	0.000000	0.001347	0.335882	0.000000	0.007749	0.001035	0.652489
334	0.001440	0.000005	0.000000	0.001355	0.336446	0.000000	0.007730	0.001001	0.652023
335	0.001407	0.000009	0.000000	0.001306	0.336941	0.000000	0.007624	0.000984	0.651729
336	0.001394	0.000014	0.000000	0.001314	0.337760	0.000000	0.007662	0.000949	0.650907
337	0.001292	0.000011	0.000000	0.001305	0.338470	0.000000	0.007675	0.000966	0.650281
338	0.001257	0.000009	0.000000	0.001306	0.339262	0.000000	0.007734	0.000996	0.649436
339	0.001152	0.000006	0.000000	0.001301	0.339888	0.000000	0.007710	0.001023	0.648920
340	0.001119	0.000009	0.000000	0.001308	0.340172	0.000000	0.007666	0.000995	0.648731
341	0.001110	0.000011	0.000000	0.001313	0.340788	0.000000	0.007591	0.001006	0.648181
342	0.001040	0.000012	0.000000	0.001327	0.341097	0.000000	0.007602	0.000982	0.647940
343	0.000994	0.000012	0.000000	0.001386	0.341865	0.000000	0.007610	0.000985	0.647148
344	0.000964	0.000010	0.000000	0.001367	0.342384	0.000000	0.007722	0.000956	0.646597
345	0.000962	0.000011	0.000000	0.001419	0.342765	0.000000	0.007573	0.000983	0.646287
346	0.000876	0.000007	0.000000	0.001410	0.343248	0.000000	0.007576	0.000963	0.645920
347	0.000867	0.000007	0.000000	0.001423	0.343986	0.000000	0.007470	0.000966	0.645281
348	0.000821	0.000005	0.000000	0.001403	0.344280	0.000000	0.007432	0.000933	0.645126
349	0.000783	0.000003	0.000000	0.001380	0.345029	0.000000	0.007417	0.000928	0.644460
350	0.000737	0.000002	0.000000	0.001393	0.345783	0.000000	0.007444	0.000883	0.643758
351	0.000684	0.000001	0.000000	0.001363	0.346270	0.000000	0.007436	0.000885	0.643361
352	0.000679	0.000001	0.000000	0.001342	0.347044	0.000000	0.007421	0.000869	0.642644
353	0.000649	0.000001	0.000000	0.001352	0.347606	0.000000	0.007398	0.000886	0.642108
354	0.000638	0.000000	0.000000	0.001330	0.348446	0.000000	0.007453	0.000879	0.641254
355	0.000617	0.000000	0.000000	0.001276	0.348866	0.000000	0.007467	0.000856	0.640918
356	0.000604	0.000000	0.000000	0.001307	0.349598	0.000000	0.007508	0.000858	0.640125
357	0.000577	0.000000	0.000000	0.001308	0.350325	0.000000	0.007596	0.000844	0.639350
358	0.000553	0.000000	0.000000	0.001305	0.351025	0.000000	0.007535	0.000848	0.638734
359	0.000541	0.000000	0.000000	0.001316	0.351649	0.000000	0.007613	0.000836	0.638045
360	0.000492	0.000000	0.000000	0.001249	0.352517	0.000000	0.007628	0.000847	0.637267
361	0.000475	0.000000	0.000000	0.001267	0.353500	0.000000	0.007555	0.000825	0.636378
362	0.000433	0.000000	0.000000	0.001239	0.354067	0.000000	0.007514	0.000838	0.635909
363	0.000445	0.000000	0.000000	0.001210	0.354957	0.000000	0.007505	0.000828	0.635055
364	0.000437	0.000000	0.000000	0.001237	0.355393	0.000000	0.007481	0.000839	0.634613
365	0.000409	0.000000	0.000000	0.001225	0.356114	0.000000	0.007428	0.000896	0.633928
366	0.000402	0.000000	0.000000	0.001226	0.356823	0.000000	0.007387	0.000909	0.633253
367	0.000391	0.000000	0.000000	0.001203	0.357487	0.000000	0.007281	0.000882	0.632756
368	0.000407	0.000000	0.000000	0.001174	0.358100	0.000000	0.007213	0.000865	0.632241
369	0.000363	0.000000	0.000000	0.001144	0.358744	0.000000	0.007268	0.000902	0.631579
370	0.000352	0.000000	0.000000	0.001136	0.359216	0.000000	0.007280	0.000896	0.631120
371	0.000358	0.000000	0.000000	0.001157	0.359853	0.000000	0.007210	0.000918	0.630504
372	0.000326	0.000000	0.000000	0.001150	0.360442	0.000000	0.007259	0.000905	0.629918
373	0.000310	0.000000	0.000000	0.001176	0.360589	0.000000	0.007264	0.000871	0.629790
374	0.000302	0.000000	0.000000	0.001175	0.361513	0.000000	0.007176	0.000877	0.628957
375	0.000276	0.000000	0.000000	0.001165	0.362403	0.000000	0.007005	0.000901	0.628250
376	0.000273	0.000000	0.000000	0.001147	0.363087	0.000000	0.006999	0.000920	0.627574
377	0.000265	0.000000	0.000000	0.001172	0.363994	0.000000	0.007064	0.000928	0.626577
378	0.000246	0.000000	0.000000	0.001157	0.364573	0.000000	0.006966	0.000878	0.626180
379	0.000236	0.000000	0.000000	0.001135	0.365176	0.000000	0.006864	0.000876	0.625713
380	0.000234	0.000000	0.000000	0.001117	0.365754	0.000000	0.006769	0.000882	0.625244
381	0.000219	0.000000	0.000000	0.001074	0.366542	0.000000	0.006719	0.000870	0.624576
382	0.000212	0.000000	0.000000	0.001048	0.367426	0.000000	0.006721	0.000861	0.623732
383	0.000198	0.000000	0.000000	0.001028	0.367922	0.000000	0.006720	0.000905	0.623227
384	0.000191	0.000000	0.000000	0.001042	0.368550	0.000000	0.006693	0.000928	0.622596
385	0.000190	0.000000	0.000000	0.001012	0.369009	0.000000	0.006623	0.000894	0.622272
386	0.000172	0.000000	0.000000	0.001057	0.369505	0.000000	0.006544	0.000861	0.621861
387	0.000170	0.000000	0.000000	0.001060	0.370164	0.000000	0.006490	0.000851	0.621265
388	0.000165	0.000000	0.000000	0.001067	0.370813	0.000000	0.006521	0.000856	0.620578
389	0.000156	0.000000	0.000000	0.001102	0.371444	0.000000	0.006383	0.000841	0.620074
390	0.000152	0.000000	0.000000	0.001103	0.372200	0.000000	0.006381	0.000845	0.619319
391	0.000154	0.000000	0.000000	0.001089	0.372946	0.000000	0.006388	0.000823	0.618600
392	0.000137	0.000000	0.000000	0.001099	0.373483	0.000000	0.006300	0.000876	0.618105
393	0.000131	0.000000	0.000000	0.001111	0.373788	0.000000	0.006330	0.000852	0.617788
394	0.000111	0.000000	0.000000	0.001064	0.374321	0.000000	0.006317	0.000805	0.617382
395	0.000099	0.000000	0.000000	0.001066	0.374907	0.000000	0.006289	0.000843	0.616796
396	0.000090	0.000000	0.000000	0.001056	0.375630	0.000000	0.006303	0.000799	0.616122
397	0.000096	0.000000	0.000000	0.001006	0.376509	0.000000	0.006250	0.000798	0.615341
398	0.000079	0.000000	0.000000	0.001031	0.376916	0.000000	0.006223	0.000768	0.614983
399	0.000067	0.000000	0.000000	0.001027	0.377855	0.000000	0.006217	0.000775	0.614059
400	0.000059	0.000000	0.000000	0.000990	0.378430	0.000000	0.006251	0.000739	0.613531
401	0.000063	0.000000	0.000000	0.001015	0.378548	0.000000	0.006309	0.000746	0.613319
402	0.000067	0.000000	0.000000	0.001018	0.378966	0.000000	0.006199	0.000706	0.613044
403	0.000070	0.000000	0.000000	0.000988	0.379482	0.000000	0.006316	0.000665	0.612479
404	0.000061	0.000000	0.000000	0.000985	0.380060	0.000000	0.006267	0.000663	0.611964
405	0.000061	0.000000	0.000000	0.000998	0.380629	0.000000	0.006319	0.000654	0.611339
406	0.000052	0.000000	0.000000	0.000989	0.381097	0.000000	0.006363	0.000634	0.610865
407	0.000044	0.000000	0.000000	0.000982	0.381605	0.000000	0.006432	0.000606	0.610331
408	0.000040	0.000000	0.000000	0.000985	0.382133	0.000000	0.006429	0.000590	0.609823
409	0.000046	0.000000	0.000000	0.000987	0.383102	0.000000	0.006413	0.000575	0.608877
410	0.000050	0.000000	0.000000	0.000981	0.383750	0.000000	0.006418	0.000567	0.608234
411	0.000060	0.000000	0.000000	0.000991	0.384452	0.000000	0.006445	0.000562	0.607490
412	0.000064	0.000000	0.000000	0.001003	0.385003	0.000000	0.006388	0.000559	0.606983
413	0.000072	0.000000	0.000000	0.000992	0.385691	0.000000	0.006487	0.000543	0.606215
414	0.000080	0.000000	0.000000	0.001026	0.386334	0.000000	0.006464	0.000545	0.605551
415	0.000083	0.000000	0.000000	0.001004	0.387231	0.000000	0.006447	0.000538	0.604697
416	0.000085	0.000000	0.000000	0.001013	0.387889	0.000000	0.006387	0.000523	0.604103
417	0.000078	0.000000	0.000000	0.001045	0.388640	0.000000	0.006395	0.000512	0.603330
418	0.000085	0.000000	0.000000	0.001026	0.389641	0.000000	0.006413	0.000527	0.602308
419	0.000089	0.000000	0.000000	0.001018	0.390224	0.000000	0.006350	0.000527	0.601792
420	0.000084	0.000000	0.000000	0.001037	0.391115	0.000000	0.006415	0.000509	0.600840
421	0.000079	0.000000	0.000000	0.001032	0.391620	0.000000	0.006416	0.000502	0.600351
422	0.000075	0.000000	0.000000	0.000992	0.392168	0.000000	0.006373	0.000493	0.599899
423	0.000074	0.000000	0.000000	0.000971	0.392758	0.000000	0.006381	0.000468	0.599348
424	0.000067	0.000000	0.000000	0.001000	0.393408	0.000000	0.006392	0.000479	0.598654
425	0.000059	0.000000	0.000000	0.001037	0.394178	0.000000	0.006464	0.000457	0.597805
426	0.000053	0.000000	0.000000	0.000991	0.394837	0.000000	0.006373	0.000428	0.597318
427	0.000049	0.000000	0.000000	0.000955	0.395228	0.000000	0.006464	0.000464	0.596840
428	0.000036	0.000000	0.000000	0.000961	0.395921	0.000000	0.006437	0.000494	0.596151
429	0.000031	0.000000	0.000000	0.000922	0.396662	0.000000	0.006397	0.000496	0.595492
430	0.000030	0.000000	0.000000	0.000880	0.397308	0.000000	0.006373	0.000496	0.594913
431	0.000030	0.000000	0.000000	0.000833	0.398048	0.000000	0.006439	0.000483	0.594167
432	0.000026	0.000000	0.000000	0.000825	0.398805	0.000000	0.006454	0.000462	0.593428
433	0.000022	0.000000	0.000000	0.000844	0.399478	0.000000	0.006418	0.000461	0.592777
434	0.000019	0.000000	0.000000	0.000829	0.400238	0.000000	0.006403	0.000465	0.592046
435	0.000010	0.000000	0.000000	0.000860	0.401161	0.000000	0.006359	0.000462	0.591148
436	0.000007	0.000000	0.000000	0.000838	0.401999	0.000000	0.006436	0.000456	0.590264
437	0.000004	0.000000	0.000000	0.000839	0.402615	0.000000	0.006306	0.000471	0.589765
438	0.000001	0.000000	0.000000	0.000831	0.403133	0.000000	0.006334	0.000480	0.589221
439	0.000000	0.000000	0.000000	0.000832	0.404238	0.000000	0.006290	0.000484	0.588156
440	0.000000	0.000000	0.000000	0.000847	0.405103	0.000000	0.006252	0.000460	0.587338
441	0.000000	0.000000	0.000000	0.000838	0.405530	0.000000	0.006172	0.000427	0.587033
442	0.000000	0.000000	0.000000	0.000822	0.406277	0.000000	0.006139	0.000405	0.586357
443	0.000000	0.000000	0.000000	0.000808	0.406832	0.000000	0.006140	0.000416	0.585804
444	0.000000	0.000000	0.000000	0.000810	0.407505	0.000000	0.006008	0.000401	0.585276
445	0.000000	0.000000	0.000000	0.000793	0.407942	0.000000	0.006043	0.000382	0.584840
446	0.000000	0.000000	0.000000	0.000774	0.408445	0.000000	0.005920	0.000376	0.584485
447	0.000000	0.000000	0.000000	0.000762	0.409235	0.000000	0.005916	0.000368	0.583719
448	0.000000	0.000000	0.000000	0.000759	0.409430	0.000000	0.005976	0.000377	0.583458
449	0.000000	0.000000	0.000000	0.000735	0.409858	0.000000	0.006000	0.000389	0.583018
450	0.000000	0.000000	0.000000	0.000743	0.410312	0.000000	0.006040	0.000398	0.582507
451	0.000000	0.000000	0.000000	0.000738	0.410946	0.000000	0.005942	0.000396	0.581978
452	0.000000	0.000000	0.000000	0.000733	0.411511	0.000000	0.005926	0.000380	0.581450
453	0.000000	0.000000	0.000000	0.000757	0.412326	0.000000	0.005919	0.000398	0.580600
454	0.000000	0.000000	0.000000	0.000720	0.413001	0.000000	0.005838	0.000408	0.580033
455	0.000000	0.000000	0.000000	0.000739	0.413434	0.000000	0.005791	0.000418	0.579618
456	0.000000	0.000000	0.000000	0.000698	0.414125	0.000000	0.005700	0.000412	0.579065
457	0.000000	0.000000	0.000000	0.000716	0.414915	0.000000	0.005611	0.000416	0.578342
458	0.000000	0.000000	0.000000	0.000736	0.415734	0.000000	0.005619	0.000389	0.577522
459	0.000000	0.000000	0.000000	0.000730	0.416215	0.000000	0.005665	0.000380	0.577010
460	0.000000	0.000000	0.000000	0.000737	0.417015	0.000000	0.005605	0.000383	0.576260
461	0.000000	0.000000	0.000000	0.000736	0.417796	0.000000	0.005578	0.000374	0.575516
462	0.000000	0.000000	0.000000	0.000717	0.418512	0.000000	0.005592	0.000370	0.574809
463	0.000000	0.000000	0.000000	0.000742	0.419212	0.000000	0.005607	0.000369	0.574070
464	0.000000	0.000000	0.000000	0.000734	0.419573	0.000000	0.005673	0.000373	0.573647
465	0.000000	0.000000	0.000000	0.000722	0.420177	0.000000	0.005598	0.000339	0.573164
466	0.000000	0.000000	0.000000	0.000689	0.421141	0.000000	0.005578	0.000350	0.572242
467	0.000000	0.000000	0.000000	0.000690	0.421706	0.000000	0.005567	0.000352	0.571685
468	0.000000	0.000000	0.000000	0.000688	0.422633	0.000000	0.005584	0.000354	0.570741
469	0.000000	0.000000	0.000000	0.000682	0.423215	0.000000	0.005561	0.000374	0.570168
470	0.000000	0.000000	0.000000	0.000688	0.423951	0.000000	0.005506	0.000371	0.569484
