0	0.290663	0.057897	0.229473	0.157588	0.029913	0.111872	0.085455	0.012259	0.024880
1	0.227543	0.047490	0.197531	0.149298	0.030729	0.127351	0.112393	0.021809	0.085856
2	0.224280	0.046193	0.194203	0.153225	0.032799	0.130240	0.107403	0.021019	0.090638
3	0.226358	0.044974	0.193227	0.157145	0.035492	0.131840	0.100449	0.019049	0.091466
4	0.229166	0.044133	0.192053	0.161349	0.038569	0.132815	0.093304	0.017207	0.091404
5	0.233224	0.043285	0.191716	0.164707	0.041731	0.131788	0.086855	0.015566	0.091128
6	0.236550	0.041943	0.190981	0.168332	0.044679	0.131708	0.080723	0.013988	0.091096
7	0.239953	0.041088	0.189754	0.171202	0.048190	0.131296	0.075184	0.012420	0.090913
8	0.243257	0.039854	0.188470	0.174502	0.051747	0.130541	0.069593	0.011314	0.090722
9	0.246340	0.038654	0.187107	0.177256	0.055303	0.129545	0.064875	0.010218	0.090702
10	0.249365	0.037410	0.185796	0.179295	0.058936	0.128677	0.060329	0.009349	0.090843
11	0.252542	0.036040	0.183232	0.181389	0.062914	0.127825	0.056425	0.008519	0.091114
12	0.255943	0.034619	0.181113	0.183702	0.066724	0.126804	0.052664	0.007591	0.090840
13	0.258243	0.033480	0.179968	0.185525	0.070285	0.125629	0.049055	0.006827	0.090988
14	0.260577	0.032205	0.178141	0.187450	0.074612	0.124456	0.045614	0.006184	0.090761
15	0.262229	0.030746	0.176759	0.189154	0.079023	0.123184	0.042492	0.005726	0.090687
16	0.264057	0.029352	0.174873	0.190961	0.083440	0.121604	0.039836	0.005217	0.090660
17	0.265301	0.028105	0.173092	0.192429	0.088167	0.120793	0.036933	0.004692	0.090488
18	0.266726	0.026570	0.171041	0.194463	0.093059	0.119090	0.034625	0.004217	0.090209
19	0.268112	0.025333	0.169098	0.195628	0.097627	0.117469	0.032355	0.003818	0.090560
20	0.269596	0.024187	0.166883	0.197118	0.102281	0.116001	0.029837	0.003474	0.090623
21	0.270972	0.022812	0.165010	0.198777	0.107046	0.114105	0.027834	0.003063	0.090381
22	0.271750	0.021688	0.163169	0.199415	0.111976	0.113038	0.025984	0.002796	0.090184
23	0.272143	0.020724	0.160744	0.200306	0.117427	0.111617	0.024371	0.002492	0.090176
24	0.272709	0.019420	0.158510	0.201486	0.122555	0.110496	0.022663	0.002261	0.089900
25	0.272849	0.018486	0.156139	0.202648	0.128010	0.108970	0.021220	0.002105	0.089573
26	0.273201	0.017443	0.154123	0.203205	0.133231	0.107856	0.019808	0.001977	0.089156
27	0.272920	0.016433	0.151876	0.204828	0.138695	0.106086	0.018574	0.001802	0.088786
28	0.272440	0.015712	0.149276	0.205506	0.144351	0.105078	0.017474	0.001591	0.088572
29	0.272361	0.014829	0.146871	0.206264	0.149966	0.103959	0.016302	0.001380	0.088068
30	0.272408	0.014069	0.144599	0.207088	0.155196	0.102512	0.014978	0.001249	0.087901
31	0.271400	0.013291	0.141910	0.208228	0.161158	0.101143	0.014134	0.001205	0.087531
32	0.270386	0.012823	0.139550	0.209321	0.166696	0.100173	0.013269	0.001091	0.086691
33	0.269623	0.012087	0.136827	0.210361	0.172903	0.098623	0.012349	0.000941	0.086286
34	0.268059	0.011415	0.134420	0.211698	0.178857	0.097601	0.011691	0.000805	0.085454
35	0.266780	0.010757	0.132242	0.212915	0.184540	0.096855	0.010861	0.000768	0.084282
36	0.265732	0.010322	0.130122	0.212874	0.190852	0.095729	0.010053	0.000702	0.083614
37	0.264500	0.009823	0.127684	0.213679	0.197057	0.094524	0.009437	0.000663	0.082633
38	0.263113	0.009115	0.125331	0.214675	0.203678	0.093352	0.008813	0.000597	0.081326
39	0.261509	0.008520	0.122514	0.215929	0.210012	0.092356	0.008178	0.000543	0.080439
40	0.260042	0.007906	0.120294	0.216412	0.216241	0.091798	0.007712	0.000457	0.079138
41	0.258435	0.007371	0.117358	0.217462	0.222946	0.090991	0.007084	0.000447	0.077906
42	0.256884	0.006881	0.114756	0.217805	0.229261	0.090486	0.006478	0.000422	0.077027
43	0.255200	0.006527	0.112578	0.218400	0.235868	0.089712	0.006073	0.000346	0.075296
44	0.253734	0.006097	0.110202	0.219296	0.242245	0.088634	0.005574	0.000307	0.073911
45	0.251454	0.005818	0.108088	0.219842	0.248743	0.087752	0.005184	0.000293	0.072826
46	0.249379	0.005501	0.105937	0.219785	0.255699	0.086946	0.004757	0.000275	0.071721
47	0.247237	0.005126	0.103410	0.221271	0.261873	0.086066	0.004446	0.000248	0.070323
48	0.244672	0.004849	0.101299	0.222507	0.267983	0.085414	0.004179	0.000219	0.068878
49	0.242170	0.004615	0.098375	0.223175	0.274916	0.085184	0.003917	0.000218	0.067430
50	0.239331	0.004267	0.096113	0.224417	0.281821	0.084134	0.003597	0.000170	0.066150
51	0.236868	0.003944	0.093858	0.224711	0.288227	0.084047	0.003421	0.000151	0.064773
52	0.234080	0.003698	0.091735	0.225886	0.294748	0.083352	0.003100	0.000149	0.063252
53	0.231305	0.003489	0.089981	0.226121	0.301675	0.082649	0.002843	0.000145	0.061792
54	0.228422	0.003243	0.087794	0.226916	0.308408	0.081967	0.002626	0.000110	0.060514
55	0.225763	0.003067	0.085851	0.227116	0.315482	0.081278	0.002462	0.000104	0.058877
56	0.222698	0.002939	0.083606	0.227685	0.322588	0.080417	0.002253	0.000095	0.057719
57	0.219638	0.002749	0.081176	0.229290	0.329162	0.079688	0.002108	0.000090	0.056099
58	0.216703	0.002521	0.078823	0.229711	0.335826	0.079474	0.002003	0.000078	0.054861
59	0.213063	0.002396	0.076737	0.230872	0.342957	0.079073	0.001889	0.000059	0.052954
60	0.208978	0.002225	0.075040	0.231745	0.350253	0.078511	0.001662	0.000057	0.051529
61	0.205905	0.002077	0.073144	0.232067	0.357030	0.078260	0.001487	0.000049	0.049981
62	0.202494	0.001924	0.071314	0.232795	0.363667	0.077859	0.001391	0.000043	0.048513
63	0.198710	0.001832	0.069334	0.233418	0.370781	0.077533	0.001289	0.000033	0.047070
64	0.195202	0.001686	0.067552	0.234660	0.376905	0.077142	0.001210	0.000030	0.045613
65	0.191943	0.001552	0.065673	0.235722	0.382871	0.076903	0.001108	0.000027	0.044201
66	0.188540	0.001409	0.063511	0.236499	0.389428	0.076673	0.001009	0.000015	0.042916
67	0.185391	0.001310	0.061726	0.236989	0.396289	0.075686	0.000931	0.000012	0.041666
68	0.181696	0.001205	0.059506	0.238593	0.402902	0.075009	0.000869	0.000013	0.040207
69	0.177814	0.001100	0.057859	0.239974	0.409433	0.074389	0.000790	0.000015	0.038626
70	0.173771	0.001069	0.055999	0.241213	0.415692	0.074103	0.000734	0.000019	0.037400
71	0.170086	0.000987	0.054058	0.242482	0.421442	0.074179	0.000696	0.000012	0.036058
72	0.165614	0.000915	0.052755	0.243417	0.428138	0.073888	0.000619	0.000010	0.034644
73	0.162008	0.000831	0.051147	0.244427	0.433970	0.073595	0.000573	0.000010	0.033439
74	0.158297	0.000789	0.049594	0.245289	0.440317	0.073064	0.000550	0.000006	0.032094
75	0.154397	0.000747	0.048023	0.246127	0.446409	0.072928	0.000502	0.000006	0.030861
76	0.150675	0.000739	0.046490	0.247447	0.451841	0.072708	0.000441	0.000007	0.029652
77	0.146894	0.000657	0.044902	0.248317	0.457394	0.072611	0.000394	0.000006	0.028825
78	0.142923	0.000615	0.043316	0.248909	0.463930	0.072388	0.000330	0.000008	0.027581
79	0.139569	0.000558	0.041868	0.249858	0.469123	0.072346	0.000312	0.000006	0.026360
80	0.135668	0.000508	0.040644	0.251056	0.474092	0.072471	0.000286	0.000005	0.025270
81	0.132023	0.000466	0.039625	0.251585	0.479547	0.072343	0.000258	0.000004	0.024149
82	0.128647	0.000439	0.037971	0.252619	0.484695	0.072219	0.000234	0.000005	0.023171
83	0.125013	0.000375	0.036877	0.253840	0.489373	0.072369	0.000204	0.000005	0.021944
84	0.121616	0.000345	0.035613	0.254804	0.494309	0.072105	0.000213	0.000007	0.020988
85	0.118257	0.000309	0.034389	0.255185	0.499904	0.071604	0.000177	0.000002	0.020173
86	0.114902	0.000277	0.033065	0.256325	0.504694	0.071418	0.000159	0.000003	0.019157
87	0.111709	0.000263	0.031918	0.256962	0.509599	0.071140	0.000145	0.000004	0.018260
88	0.108627	0.000231	0.030755	0.257429	0.514523	0.071033	0.000136	0.000003	0.017263
89	0.104949	0.000198	0.029717	0.258159	0.519417	0.070839	0.000141	0.000004	0.016576
90	0.101952	0.000207	0.028597	0.258894	0.523882	0.070719	0.000116	0.000003	0.015630
91	0.098805	0.000175	0.027465	0.259977	0.527656	0.070973	0.000111	0.000005	0.014833
92	0.095774	0.000154	0.026555	0.260585	0.532212	0.070630	0.000091	0.000003	0.013996
93	0.092805	0.000131	0.025705	0.261734	0.535350	0.070853	0.000081	0.000000	0.013341
94	0.089909	0.000123	0.024824	0.262065	0.539393	0.071038	0.000053	0.000000	0.012595
95	0.087000	0.000102	0.024000	0.262820	0.542929	0.071089	0.000064	0.000000	0.011996
96	0.084223	0.000102	0.022981	0.263131	0.546955	0.071156	0.000064	0.000002	0.011386
97	0.081590	0.000103	0.022187	0.263490	0.550343	0.071407	0.000060	0.000000	0.010820
98	0.078994	0.000095	0.021396	0.264643	0.553345	0.071262	0.000055	0.000001	0.010209
99	0.076099	0.000082	0.020755	0.265282	0.556905	0.071016	0.000041	0.000000	0.009820
100	0.073213	0.000077	0.020046	0.266140	0.560261	0.070859	0.000045	0.000001	0.009358
101	0.070661	0.000075	0.019298	0.266715	0.563180	0.071111	0.000041	0.000000	0.008919
102	0.068183	0.000059	0.018562	0.267343	0.565999	0.071352	0.000036	0.000000	0.008466
103	0.065936	0.000051	0.017841	0.268034	0.568804	0.071386	0.000028	0.000001	0.007919
104	0.063423	0.000052	0.016981	0.268773	0.571977	0.071241	0.000026	0.000001	0.007526
105	0.061158	0.000052	0.016381	0.269493	0.574832	0.070913	0.000024	0.000001	0.007146
106	0.058816	0.000047	0.015903	0.270109	0.577149	0.071304	0.000031	0.000002	0.006639
107	0.056474	0.000040	0.015136	0.270671	0.580200	0.071164	0.000025	0.000000	0.006290
108	0.054360	0.000030	0.014681	0.271606	0.582595	0.070803	0.000029	0.000000	0.005896
109	0.052348	0.000029	0.014026	0.271865	0.585321	0.070869	0.000022	0.000000	0.005520
110	0.050456	0.000030	0.013256	0.272352	0.587665	0.071055	0.000017	0.000000	0.005169
111	0.048297	0.000031	0.012637	0.272851	0.590066	0.071258	0.000019	0.000000	0.004841
112	0.046404	0.000029	0.012097	0.273323	0.592278	0.071239	0.000022	0.000000	0.004608
113	0.044291	0.000032	0.011577	0.274377	0.594152	0.071282	0.000018	0.000000	0.004271
114	0.042459	0.000030	0.011078	0.275370	0.595435	0.071528	0.000018	0.000000	0.004082
115	0.040668	0.000018	0.010636	0.275486	0.597449	0.071823	0.000013	0.000000	0.003907
116	0.038992	0.000020	0.010054	0.275810	0.599525	0.071866	0.000013	0.000000	0.003720
117	0.037180	0.000017	0.009428	0.276460	0.601320	0.072038	0.000015	0.000000	0.003542
118	0.035580	0.000021	0.009011	0.276950	0.603335	0.071861	0.000009	0.000000	0.003233
119	0.034193	0.000015	0.008763	0.277403	0.604916	0.071712	0.000006	0.000000	0.002992
120	0.032696	0.000019	0.008432	0.277039	0.607344	0.071569	0.000009	0.000000	0.002892
121	0.031235	0.000015	0.008070	0.277559	0.608579	0.071864	0.000004	0.000000	0.002674
122	0.029891	0.000013	0.007737	0.278298	0.609814	0.071719	0.000007	0.000000	0.002521
123	0.028524	0.000012	0.007348	0.278371	0.611510	0.071832	0.000005	0.000000	0.002398
124	0.027285	0.000013	0.007084	0.278518	0.613049	0.071725	0.000005	0.000000	0.002321
125	0.026174	0.000011	0.006810	0.278448	0.614473	0.071978	0.000004	0.000000	0.002102
126	0.025025	0.000010	0.006568	0.278715	0.615289	0.072412	0.000003	0.000000	0.001978
127	0.023803	0.000010	0.006237	0.279617	0.616055	0.072411	0.000001	0.000000	0.001866
128	0.022742	0.000007	0.005864	0.279787	0.617514	0.072380	0.000000	0.000000	0.001706
129	0.021673	0.000006	0.005578	0.279748	0.618847	0.072514	0.000000	0.000000	0.001634
130	0.020941	0.000005	0.005272	0.280091	0.619668	0.072486	0.000000	0.000000	0.001537
131	0.019783	0.000004	0.005069	0.279941	0.621070	0.072728	0.000000	0.000000	0.001405
132	0.018795	0.000006	0.004885	0.280597	0.621711	0.072696	0.000000	0.000000	0.001310
133	0.017985	0.000004	0.004601	0.280050	0.623433	0.072653	0.000000	0.000000	0.001274
134	0.017207	0.000003	0.004436	0.280988	0.623388	0.072793	0.000000	0.000000	0.001185
135	0.016428	0.000002	0.004199	0.280654	0.624663	0.072945	0.000000	0.000000	0.001109
136	0.015703	0.000000	0.003957	0.281421	0.625014	0.072827	0.000000	0.000000	0.001078
137	0.015012	0.000000	0.003761	0.281750	0.625839	0.072607	0.000000	0.000000	0.001031
138	0.014095	0.000000	0.003607	0.282172	0.626353	0.072797	0.000000	0.000000	0.000976
139	0.013515	0.000000	0.003466	0.282096	0.627170	0.072840	0.000000	0.000000	0.000913
140	0.012606	0.000000	0.003317	0.282903	0.627375	0.072945	0.000000	0.000000	0.000854
141	0.012000	0.000000	0.003129	0.283156	0.628122	0.072816	0.000000	0.000000	0.000777
142	0.011356	0.000000	0.003094	0.283396	0.628539	0.072909	0.000000	0.000000	0.000706
143	0.010738	0.000000	0.002916	0.283506	0.629394	0.072772	0.000000	0.000000	0.000674
144	0.010255	0.000000	0.002838	0.283462	0.630018	0.072803	0.000000	0.000000	0.000624
145	0.009624	0.000000	0.002691	0.283352	0.630925	0.072770	0.000000	0.000000	0.000638
146	0.009205	0.000000	0.002587	0.283374	0.631470	0.072775	0.000000	0.000000	0.000589
147	0.008869	0.000000	0.002460	0.282629	0.632609	0.072902	0.000000	0.000000	0.000531
148	0.008471	0.000000	0.002380	0.282911	0.632575	0.073165	0.000000	0.000000	0.000498
149	0.008053	0.000000	0.002222	0.282999	0.633346	0.072903	0.000000	0.000000	0.000477
150	0.007671	0.000000	0.002151	0.282841	0.633887	0.072980	0.000000	0.000000	0.000470
151	0.007236	0.000000	0.002057	0.282971	0.634274	0.072993	0.000000	0.000000	0.000469
152	0.006828	0.000000	0.001979	0.282763	0.634768	0.073185	0.000000	0.000000	0.000477
153	0.006586	0.000000	0.001877	0.282818	0.635577	0.072685	0.000000	0.000000	0.000457
154	0.006199	0.000000	0.001813	0.283284	0.635841	0.072442	0.000000	0.000000	0.000421
155	0.005879	0.000000	0.001706	0.283526	0.636100	0.072397	0.000000	0.000000	0.000392
156	0.005536	0.000000	0.001667	0.283105	0.636966	0.072386	0.000000	0.000000	0.000340
157	0.005360	0.000000	0.001615	0.282959	0.637293	0.072430	0.000000	0.000000	0.000343
158	0.005081	0.000000	0.001551	0.282577	0.637771	0.072676	0.000000	0.000000	0.000344
159	0.004891	0.000000	0.001499	0.282387	0.638620	0.072300	0.000000	0.000000	0.000303
160	0.004615	0.000000	0.001406	0.282418	0.638913	0.072367	0.000000	0.000000	0.000281
161	0.004357	0.000000	0.001327	0.282796	0.639413	0.071848	0.000000	0.000000	0.000259
162	0.004136	0.000000	0.001211	0.282578	0.640108	0.071702	0.000000	0.000000	0.000265
163	0.003898	0.000000	0.001173	0.282869	0.640094	0.071716	0.000000	0.000000	0.000250
164	0.003683	0.000000	0.001110	0.282559	0.640735	0.071661	0.000000	0.000000	0.000252
165	0.003446	0.000000	0.001045	0.282325	0.641287	0.071655	0.000000	0.000000	0.000242
166	0.003247	0.000000	0.000961	0.282729	0.640755	0.072062	0.000000	0.000000	0.000246
167	0.003054	0.000000	0.000921	0.282656	0.641371	0.071759	0.000000	0.000000	0.000239
168	0.002892	0.000000	0.000910	0.282736	0.641528	0.071712	0.000000	0.000000	0.000222
169	0.002780	0.000000	0.000844	0.282688	0.641711	0.071762	0.000000	0.000000	0.000215
170	0.002621	0.000000	0.000826	0.283053	0.641195	0.072075	0.000000	0.000000	0.000230
171	0.002517	0.000000	0.000746	0.282525	0.641643	0.072356	0.000000	0.000000	0.000213
172	0.002274	0.000000	0.000752	0.282079	0.642400	0.072306	0.000000	0.000000	0.000189
173	0.002189	0.000000	0.000697	0.282402	0.642078	0.072460	0.000000	0.000000	0.000174
174	0.002086	0.000000	0.000665	0.282074	0.642700	0.072312	0.000000	0.000000	0.000163
175	0.002003	0.000000	0.000654	0.281893	0.642959	0.072334	0.000000	0.000000	0.000157
176	0.001963	0.000000	0.000638	0.282115	0.643228	0.071911	0.000000	0.000000	0.000145
177	0.001888	0.000000	0.000580	0.282181	0.642879	0.072328	0.000000	0.000000	0.000144
178	0.001837	0.000000	0.000566	0.281734	0.643463	0.072274	0.000000	0.000000	0.000126
179	0.001741	0.000000	0.000544	0.281821	0.643586	0.072185	0.000000	0.000000	0.000123
180	0.001683	0.000000	0.000481	0.281683	0.643626	0.072413	0.000000	0.000000	0.000114
181	0.001593	0.000000	0.000447	0.281973	0.643462	0.072410	0.000000	0.000000	0.000115
182	0.001563	0.000000	0.000424	0.282020	0.643277	0.072597	0.000000	0.000000	0.000119
183	0.001510	0.000000	0.000388	0.282091	0.643362	0.072540	0.000000	0.000000	0.000109
184	0.001503	0.000000	0.000371	0.281741	0.644025	0.072245	0.000000	0.000000	0.000115
185	0.001445	0.000000	0.000353	0.281920	0.643863	0.072302	0.000000	0.000000	0.000117
186	0.001359	0.000000	0.000318	0.281808	0.644253	0.072149	0.000000	0.000000	0.000113
187	0.001286	0.000000	0.000314	0.282424	0.643407	0.072461	0.000000	0.000000	0.000108
188	0.001240	0.000000	0.000292	0.282293	0.643391	0.072680	0.000000	0.000000	0.000104
189	0.001195	0.000000	0.000272	0.282466	0.643361	0.072614	0.000000	0.000000	0.000092
190	0.001137	0.000000	0.000267	0.282316	0.643507	0.072688	0.000000	0.000000	0.000085
191	0.001043	0.000000	0.000262	0.282037	0.643794	0.072781	0.000000	0.000000	0.000083
192	0.001028	0.000000	0.000235	0.281914	0.643848	0.072884	0.000000	0.000000	0.000091
193	0.001004	0.000000	0.000245	0.281184	0.644326	0.073158	0.000000	0.000000	0.000083
194	0.000974	0.000000	0.000224	0.280792	0.644686	0.073254	0.000000	0.000000	0.000070
195	0.000924	0.000000	0.000195	0.280487	0.644886	0.073444	0.000000	0.000000	0.000064
196	0.000851	0.000000	0.000197	0.280848	0.644647	0.073405	0.000000	0.000000	0.000052
197	0.000809	0.000000	0.000163	0.281556	0.643485	0.073933	0.000000	0.000000	0.000054
198	0.000788	0.000000	0.000161	0.281929	0.643052	0.074028	0.000000	0.000000	0.000042
199	0.000762	0.000000	0.000140	0.282090	0.643193	0.073782	0.000000	0.000000	0.000033
200	0.000718	0.000000	0.000128	0.281823	0.643490	0.073807	0.000000	0.000000	0.000034
201	0.000708	0.000000	0.000110	0.282172	0.643092	0.073891	0.000000	0.000000	0.000027
202	0.000691	0.000000	0.000114	0.281936	0.643301	0.073931	0.000000	0.000000	0.000027
203	0.000695	0.000000	0.000106	0.281819	0.643187	0.074168	0.000000	0.000000	0.000025
204	0.000629	0.000000	0.000089	0.281585	0.643382	0.074295	0.000000	0.000000	0.000020
205	0.000622	0.000000	0.000078	0.281605	0.643350	0.074325	0.000000	0.000000	0.000020
206	0.000585	0.000000	0.000064	0.281445	0.643654	0.074232	0.000000	0.000000	0.000020
207	0.000556	0.000000	0.000049	0.281432	0.643484	0.074464	0.000000	0.000000	0.000015
208	0.000523	0.000000	0.000050	0.281394	0.643531	0.074487	0.000000	0.000000	0.000015
209	0.000493	0.000000	0.000060	0.281738	0.643173	0.074522	0.000000	0.000000	0.000014
210	0.000492	0.000000	0.000053	0.281271	0.643298	0.074875	0.000000	0.000000	0.000011
211	0.000463	0.000000	0.000069	0.280643	0.643863	0.074950	0.000000	0.000000	0.000012
212	0.000447	0.000000	0.000073	0.280493	0.644332	0.074648	0.000000	0.000000	0.000007
213	0.000425	0.000000	0.000066	0.280645	0.644261	0.074596	0.000000	0.000000	0.000007
214	0.000425	0.000000	0.000078	0.280818	0.644482	0.074192	0.000000	0.000000	0.000005
215	0.000438	0.000000	0.000072	0.280893	0.644429	0.074165	0.000000	0.000000	0.000003
216	0.000396	0.000000	0.000069	0.280442	0.644954	0.074133	0.000000	0.000000	0.000006
217	0.000388	0.000000	0.000065	0.280614	0.644591	0.074337	0.000000	0.000000	0.000005
218	0.000403	0.000000	0.000061	0.280224	0.644994	0.074309	0.000000	0.000000	0.000009
219	0.000391	0.000000	0.000058	0.280335	0.644991	0.074217	0.000000	0.000000	0.000008
220	0.000390	0.000000	0.000057	0.280589	0.644484	0.074468	0.000000	0.000000	0.000012
221	0.000364	0.000000	0.000052	0.280083	0.645219	0.074275	0.000000	0.000000	0.000007
222	0.000359	0.000000	0.000057	0.280572	0.644564	0.074438	0.000000	0.000000	0.000010
223	0.000344	0.000000	0.000060	0.281027	0.644243	0.074319	0.000000	0.000000	0.000007
224	0.000332	0.000000	0.000062	0.280624	0.644600	0.074377	0.000000	0.000000	0.000005
225	0.000311	0.000000	0.000061	0.280468	0.644961	0.074195	0.000000	0.000000	0.000004
226	0.000302	0.000000	0.000051	0.280665	0.644662	0.074314	0.000000	0.000000	0.000006
227	0.000275	0.000000	0.000049	0.281214	0.644072	0.074388	0.000000	0.000000	0.000002
228	0.000297	0.000000	0.000055	0.281335	0.643884	0.074428	0.000000	0.000000	0.000001
229	0.000268	0.000000	0.000041	0.281886	0.643337	0.074467	0.000000	0.000000	0.000001
230	0.000242	0.000000	0.000039	0.281634	0.643809	0.074272	0.000000	0.000000	0.000004
231	0.000243	0.000000	0.000042	0.281566	0.644043	0.074100	0.000000	0.000000	0.000006
232	0.000237	0.000000	0.000040	0.280909	0.644647	0.074161	0.000000	0.000000	0.000006
233	0.000228	0.000000	0.000034	0.281137	0.644627	0.073968	0.000000	0.000000	0.000006
234	0.000212	0.000000	0.000030	0.280785	0.644973	0.073994	0.000000	0.000000	0.000006
235	0.000207	0.000000	0.000032	0.281638	0.643805	0.074309	0.000000	0.000000	0.000009
236	0.000191	0.000000	0.000040	0.281420	0.644193	0.074145	0.000000	0.000000	0.000011
237	0.000176	0.000000	0.000039	0.281506	0.644129	0.074135	0.000000	0.000000	0.000015
238	0.000168	0.000000	0.000031	0.281165	0.644645	0.073978	0.000000	0.000000	0.000013
239	0.000162	0.000000	0.000024	0.281490	0.644503	0.073808	0.000000	0.000000	0.000013
240	0.000153	0.000000	0.000026	0.281647	0.644203	0.073963	0.000000	0.000000	0.000008
241	0.000140	0.000000	0.000026	0.281678	0.644381	0.073765	0.000000	0.000000	0.000010
242	0.000141	0.000000	0.000034	0.281629	0.644196	0.073993	0.000000	0.000000	0.000007
243	0.000148	0.000000	0.000029	0.281740	0.643917	0.074160	0.000000	0.000000	0.000006
244	0.000155	0.000000	0.000031	0.281561	0.644344	0.073905	0.000000	0.000000	0.000004
245	0.000145	0.000000	0.000035	0.282224	0.643870	0.073723	0.000000	0.000000	0.000003
246	0.000150	0.000000	0.000035	0.281879	0.644413	0.073519	0.000000	0.000000	0.000004
247	0.000140	0.000000	0.000034	0.282346	0.643960	0.073518	0.000000	0.000000	0.000002
248	0.000153	0.000000	0.000041	0.282321	0.644062	0.073423	0.000000	0.000000	0.000000
249	0.000162	0.000000	0.000051	0.282264	0.644368	0.073155	0.000000	0.000000	0.000000
250	0.000150	0.000000	0.000050	0.282185	0.644789	0.072826	0.000000	0.000000	0.000000
251	0.000151	0.000000	0.000052	0.282629	0.644150	0.073018	0.000000	0.000000	0.000000
252	0.000135	0.000000	0.000043	0.282910	0.643404	0.073508	0.000000	0.000000	0.000000
253	0.000131	0.000000	0.000039	0.283263	0.643323	0.073244	0.000000	0.000000	0.000000
254	0.000132	0.000000	0.000047	0.283361	0.643177	0.073283	0.000000	0.000000	0.000000
255	0.000137	0.000000	0.000051	0.282714	0.643639	0.073459	0.000000	0.000000	0.000000
256	0.000121	0.000000	0.000050	0.282764	0.643944	0.073121	0.000000	0.000000	0.000000
257	0.000109	0.000000	0.000044	0.282378	0.643958	0.073511	0.000000	0.000000	0.000000
258	0.000109	0.000000	0.000041	0.282159	0.643849	0.073842	0.000000	0.000000	0.000000
259	0.000114	0.000000	0.000038	0.282441	0.643937	0.073470	0.000000	0.000000	0.000000
260	0.000117	0.000000	0.000036	0.282170	0.644194	0.073483	0.000000	0.000000	0.000000
261	0.000115	0.000000	0.000048	0.282004	0.644545	0.073288	0.000000	0.000000	0.000000
262	0.000112	0.000000	0.000046	0.281448	0.644878	0.073516	0.000000	0.000000	0.000000
263	0.000134	0.000000	0.000050	0.281904	0.644286	0.073626	0.000000	0.000000	0.000000
264	0.000144	0.000000	0.000055	0.282349	0.644280	0.073172	0.000000	0.000000	0.000000
265	0.000135	0.000000	0.000058	0.281868	0.644401	0.073538	0.000000	0.000000	0.000000
266	0.000156	0.000000	0.000056	0.282353	0.643842	0.073593	0.000000	0.000000	0.000000
267	0.000158	0.000000	0.000052	0.281833	0.644428	0.073529	0.000000	0.000000	0.000000
268	0.000148	0.000000	0.000041	0.282599	0.643540	0.073672	0.000000	0.000000	0.000000
269	0.000138	0.000000	0.000033	0.282563	0.643556	0.073710	0.000000	0.000000	0.000000
270	0.000138	0.000000	0.000023	0.282390	0.643830	0.073619	0.000000	0.000000	0.000000
271	0.000131	0.000000	0.000019	0.282157	0.643927	0.073766	0.000000	0.000000	0.000000
272	0.000121	0.000000	0.000025	0.282223	0.643765	0.073866	0.000000	0.000000	0.000000
273	0.000116	0.000000	0.000021	0.282276	0.643535	0.074052	0.000000	0.000000	0.000000
274	0.000116	0.000000	0.000021	0.282103	0.643584	0.074176	0.000000	0.000000	0.000000
275	0.000114	0.000000	0.000022	0.281900	0.643780	0.074184	0.000000	0.000000	0.000000
276	0.000123	0.000000	0.000017	0.281974	0.643570	0.074316	0.000000	0.000000	0.000000
277	0.000112	0.000000	0.000016	0.282128	0.643523	0.074221	0.000000	0.000000	0.000000
278	0.000110	0.000000	0.000014	0.282361	0.643121	0.074394	0.000000	0.000000	0.000000
279	0.000114	0.000000	0.000013	0.282989	0.642482	0.074402	0.000000	0.000000	0.000000
280	0.000112	0.000000	0.000015	0.283218	0.642193	0.074462	0.000000	0.000000	0.000000
281	0.000095	0.000000	0.000018	0.282870	0.642462	0.074555	0.000000	0.000000	0.000000
282	0.000095	0.000000	0.000020	0.282132	0.642644	0.075109	0.000000	0.000000	0.000000
283	0.000096	0.000000	0.000022	0.282265	0.642564	0.075053	0.000000	0.000000	0.000000
284	0.000088	0.000000	0.000022	0.282751	0.642266	0.074873	0.000000	0.000000	0.000000
285	0.000094	0.000000	0.000018	0.282601	0.642585	0.074702	0.000000	0.000000	0.000000
286	0.000092	0.000000	0.000016	0.282137	0.643366	0.074389	0.000000	0.000000	0.000000
287	0.000093	0.000000	0.000016	0.281677	0.643550	0.074664	0.000000	0.000000	0.000000
288	0.000102	0.000000	0.000012	0.281868	0.643469	0.074549	0.000000	0.000000	0.000000
289	0.000100	0.000000	0.000016	0.281434	0.644025	0.074425	0.000000	0.000000	0.000000
290	0.000098	0.000000	0.000017	0.281178	0.644136	0.074571	0.000000	0.000000	0.000000
291	0.000091	0.000000	0.000016	0.281397	0.643506	0.074990	0.000000	0.000000	0.000000
292	0.000094	0.000000	0.000015	0.281394	0.643446	0.075051	0.000000	0.000000	0.000000
293	0.000099	0.000000	0.000011	0.281472	0.643570	0.074848	0.000000	0.000000	0.000000
294	0.000099	0.000000	0.000011	0.281891	0.642885	0.075114	0.000000	0.000000	0.000000
295	0.000092	0.000000	0.000010	0.281703	0.642911	0.075284	0.000000	0.000000	0.000000
296	0.000094	0.000000	0.000009	0.281280	0.643449	0.075168	0.000000	0.000000	0.000000
297	0.000087	0.000000	0.000009	0.281472	0.643171	0.075261	0.000000	0.000000	0.000000
298	0.000083	0.000000	0.000011	0.281600	0.642717	0.075589	0.000000	0.000000	0.000000
299	0.000079	0.000000	0.000008	0.281147	0.643136	0.075630	0.000000	0.000000	0.000000
300	0.000069	0.000000	0.000014	0.281978	0.642302	0.075637	0.000000	0.000000	0.000000
301	0.000076	0.000000	0.000011	0.281868	0.642256	0.075789	0.000000	0.000000	0.000000
302	0.000078	0.000000	0.000011	0.281488	0.642490	0.075933	0.000000	0.000000	0.000000
303	0.000076	0.000000	0.000011	0.281394	0.642225	0.076294	0.000000	0.000000	0.000000
304	0.000086	0.000000	0.000010	0.281487	0.641940	0.076477	0.000000	0.000000	0.000000
305	0.000085	0.000000	0.000013	0.281321	0.642144	0.076437	0.000000	0.000000	0.000000
306	0.000075	0.000000	0.000013	0.281689	0.641899	0.076324	0.000000	0.000000	0.000000
307	0.000085	0.000000	0.000010	0.281723	0.641832	0.076350	0.000000	0.000000	0.000000
308	0.000081	0.000000	0.000008	0.281969	0.641431	0.076511	0.000000	0.000000	0.000000
309	0.000091	0.000000	0.000009	0.281164	0.642067	0.076669	0.000000	0.000000	0.000000
310	0.000092	0.000000	0.000008	0.281343	0.642214	0.076343	0.000000	0.000000	0.000000
311	0.000088	0.000000	0.000006	0.280874	0.642889	0.076143	0.000000	0.000000	0.000000
312	0.000089	0.000000	0.000007	0.281019	0.643058	0.075827	0.000000	0.000000	0.000000
313	0.000084	0.000000	0.000012	0.281075	0.643125	0.075704	0.000000	0.000000	0.000000
314	0.000083	0.000000	0.000009	0.281180	0.643022	0.075706	0.000000	0.000000	0.000000
315	0.000082	0.000000	0.000010	0.281384	0.642346	0.076178	0.000000	0.000000	0.000000
316	0.000070	0.000000	0.000015	0.281500	0.642593	0.075822	0.000000	0.000000	0.000000
317	0.000075	0.000000	0.000016	0.281345	0.642620	0.075944	0.000000	0.000000	0.000000
318	0.000073	0.000000	0.000021	0.280950	0.643028	0.075928	0.000000	0.000000	0.000000
319	0.000078	0.000000	0.000022	0.281071	0.642724	0.076105	0.000000	0.000000	0.000000
320	0.000067	0.000000	0.000018	0.280851	0.643107	0.075957	0.000000	0.000000	0.000000
321	0.000069	0.000000	0.000015	0.281002	0.642855	0.076059	0.000000	0.000000	0.000000
322	0.000070	0.000000	0.000010	0.280780	0.642935	0.076205	0.000000	0.000000	0.000000
323	0.000074	0.000000	0.000009	0.281076	0.642708	0.076133	0.000000	0.000000	0.000000
324	0.000074	0.000000	0.000008	0.280931	0.642647	0.076340	0.000000	0.000000	0.000000
325	0.000079	0.000000	0.000007	0.281278	0.642593	0.076043	0.000000	0.000000	0.000000
326	0.000078	0.000000	0.000009	0.281139	0.642450	0.076324	0.000000	0.000000	0.000000
327	0.000084	0.000000	0.000005	0.281106	0.642600	0.076205	0.000000	0.000000	0.000000
328	0.000084	0.000000	0.000009	0.281359	0.643041	0.075507	0.000000	0.000000	0.000000
329	0.000084	0.000000	0.000013	0.280711	0.644035	0.075157	0.000000	0.000000	0.000000
330	0.000092	0.000000	0.000009	0.280510	0.643761	0.075628	0.000000	0.000000	0.000000
331	0.000092	0.000000	0.000007	0.280344	0.643851	0.075706	0.000000	0.000000	0.000000
332	0.000096	0.000000	0.000010	0.279794	0.644056	0.076044	0.000000	0.000000	0.000000
333	0.000089	0.000000	0.000012	0.279510	0.644416	0.075973	0.000000	0.000000	0.000000
334	0.000093	0.000000	0.000013	0.279231	0.644293	0.076370	0.000000	0.000000	0.000000
335	0.000088	0.000000	0.000011	0.279021	0.644646	0.076234	0.000000	0.000000	0.000000
336	0.000096	0.000000	0.000007	0.279134	0.644842	0.075921	0.000000	0.000000	0.000000
337	0.000087	0.000000	0.000008	0.279353	0.644332	0.076220	0.000000	0.000000	0.000000
338	0.000079	0.000000	0.000006	0.279253	0.644937	0.075725	0.000000	0.000000	0.000000
339	0.000067	0.000000	0.000005	0.279388	0.644707	0.075833	0.000000	0.000000	0.000000
340	0.000065	0.000000	0.000006	0.279653	0.644409	0.075867	0.000000	0.000000	0.000000
341	0.000059	0.000000	0.000005	0.278683	0.645089	0.076164	0.000000	0.000000	0.000000
342	0.000060	0.000000	0.000007	0.278779	0.645438	0.075716	0.000000	0.000000	0.000000
343	0.000064	0.000000	0.000005	0.278712	0.645313	0.075906	0.000000	0.000000	0.000000
344	0.000056	0.000000	0.000001	0.279155	0.644873	0.075915	0.000000	0.000000	0.000000
345	0.000055	0.000000	0.000003	0.278817	0.645527	0.075598	0.000000	0.000000	0.000000
346	0.000056	0.000000	0.000002	0.278195	0.646054	0.075693	0.000000	0.000000	0.000000
347	0.000056	0.000000	0.000004	0.277967	0.646515	0.075458	0.000000	0.000000	0.000000
348	0.000056	0.000000	0.000005	0.277604	0.647079	0.075256	0.000000	0.000000	0.000000
349	0.000052	0.000000	0.000006	0.277392	0.647090	0.075460	0.000000	0.000000	0.000000
350	0.000065	0.000000	0.000010	0.277687	0.646326	0.075912	0.000000	0.000000	0.000000
351	0.000059	0.000000	0.000008	0.277171	0.647053	0.075709	0.000000	0.000000	0.000000
352	0.000052	0.000000	0.000010	0.277149	0.646895	0.075894	0.000000	0.000000	0.000000
353	0.000050	0.000000	0.000010	0.277487	0.646434	0.076019	0.000000	0.000000	0.000000
354	0.000053	0.000000	0.000008	0.277663	0.645913	0.076363	0.000000	0.000000	0.000000
355	0.000049	0.000000	0.000008	0.277286	0.646584	0.076073	0.000000	0.000000	0.000000
356	0.000054	0.000000	0.000004	0.277681	0.646361	0.075900	0.000000	0.000000	0.000000
357	0.000061	0.000000	0.000006	0.277360	0.646507	0.076066	0.000000	0.000000	0.000000
358	0.000058	0.000000	0.000006	0.277212	0.646672	0.076052	0.000000	0.000000	0.000000
359	0.000068	0.000000	0.000004	0.276890	0.647232	0.075806	0.000000	0.000000	0.000000
360	0.000076	0.000000	0.000002	0.277457	0.646557	0.075908	0.000000	0.000000	0.000000
361	0.000060	0.000000	0.000000	0.277186	0.646555	0.076199	0.000000	0.000000	0.000000
362	0.000055	0.000000	0.000000	0.277624	0.645837	0.076484	0.000000	0.000000	0.000000
363	0.000057	0.000000	0.000000	0.277692	0.646075	0.076176	0.000000	0.000000	0.000000
364	0.000052	0.000000	0.000000	0.277913	0.645741	0.076294	0.000000	0.000000	0.000000
365	0.000050	0.000000	0.000000	0.277996	0.646194	0.075760	0.000000	0.000000	0.000000
366	0.000060	0.000000	0.000000	0.277922	0.645713	0.076305	0.000000	0.000000	0.000000
367	0.000053	0.000000	0.000000	0.278481	0.645377	0.076089	0.000000	0.000000	0.000000
368	0.000068	0.000000	0.000000	0.278435	0.645109	0.076388	0.000000	0.000000	0.000000
369	0.000072	0.000000	0.000000	0.278471	0.645023	0.076434	0.000000	0.000000	0.000000
370	0.000063	0.000000	0.000000	0.278199	0.645113	0.076625	0.000000	0.000000	0.000000
371	0.000070	0.000000	0.000000	0.278047	0.645163	0.076720	0.000000	0.000000	0.000000
372	0.000060	0.000000	0.000000	0.277917	0.645248	0.076775	0.000000	0.000000	0.000000
373	0.000069	0.000000	0.000000	0.277729	0.645594	0.076608	0.000000	0.000000	0.000000
374	0.000062	0.000000	0.000000	0.277983	0.645829	0.076126	0.000000	0.000000	0.000000
375	0.000069	0.000000	0.000000	0.277976	0.645866	0.076089	0.000000	0.000000	0.000000
376	0.000067	0.000000	0.000000	0.277854	0.646024	0.076055	0.000000	0.000000	0.000000
377	0.000073	0.000000	0.000000	0.277822	0.646111	0.075994	0.000000	0.000000	0.000000
378	0.000074	0.000000	0.000000	0.277746	0.646487	0.075693	0.000000	0.000000	0.000000
379	0.000080	0.000000	0.000000	0.277672	0.646295	0.075953	0.000000	0.000000	0.000000
380	0.000069	0.000000	0.000000	0.277380	0.646741	0.075810	0.000000	0.000000	0.000000
381	0.000075	0.000000	0.000000	0.277290	0.646845	0.075790	0.000000	0.000000	0.000000
382	0.000071	0.000000	0.000000	0.276977	0.647210	0.075742	0.000000	0.000000	0.000000
383	0.000059	0.000000	0.000000	0.276871	0.647283	0.075787	0.000000	0.000000	0.000000
384	0.000047	0.000000	0.000000	0.276057	0.647877	0.076019	0.000000	0.000000	0.000000
385	0.000038	0.000000	0.000000	0.276236	0.647631	0.076095	0.000000	0.000000	0.000000
386	0.000031	0.000000	0.000000	0.276172	0.647930	0.075867	0.000000	0.000000	0.000000
387	0.000029	0.000000	0.000000	0.276383	0.647159	0.076429	0.000000	0.000000	0.000000
388	0.000020	0.000000	0.000000	0.276533	0.647167	0.076280	0.000000	0.000000	0.000000
389	0.000024	0.000000	0.000000	0.276301	0.647078	0.076597	0.000000	0.000000	0.000000
390	0.000025	0.000000	0.000000	0.276947	0.646195	0.076833	0.000000	0.000000	0.000000
391	0.000018	0.000000	0.000000	0.276750	0.646360	0.076872	0.000000	0.000000	0.000000
392	0.000014	0.000000	0.000000	0.276779	0.646144	0.077063	0.000000	0.000000	0.000000
393	0.000014	0.000000	0.000000	0.276848	0.646091	0.077047	0.000000	0.000000	0.000000
394	0.000013	0.000000	0.000000	0.276570	0.646632	0.076785	0.000000	0.000000	0.000000
395	0.000012	0.000000	0.000000	0.276282	0.646872	0.076834	0.000000	0.000000	0.000000
396	0.000014	0.000000	0.000000	0.276547	0.646479	0.076960	0.000000	0.000000	0.000000
397	0.000009	0.000000	0.000000	0.276250	0.646748	0.076993	0.000000	0.000000	0.000000
398	0.000009	0.000000	0.000000	0.276653	0.646390	0.076948	0.000000	0.000000	0.000000
399	0.000011	0.000000	0.000000	0.276301	0.646729	0.076959	0.000000	0.000000	0.000000
400	0.000009	0.000000	0.000000	0.276476	0.646727	0.076788	0.000000	0.000000	0.000000
401	0.000010	0.000000	0.000000	0.276695	0.646777	0.076518	0.000000	0.000000	0.000000
402	0.000011	0.000000	0.000000	0.276679	0.646360	0.076950	0.000000	0.000000	0.000000
403	0.000010	0.000000	0.000000	0.277270	0.645667	0.077053	0.000000	0.000000	0.000000
404	0.000009	0.000000	0.000000	0.277005	0.645751	0.077235	0.000000	0.000000	0.000000
405	0.000014	0.000000	0.000000	0.277030	0.645798	0.077158	0.000000	0.000000	0.000000
406	0.000008	0.000000	0.000000	0.277089	0.645612	0.077291	0.000000	0.000000	0.000000
407	0.000008	0.000000	0.000000	0.277507	0.645538	0.076947	0.000000	0.000000	0.000000
408	0.000012	0.000000	0.000000	0.277695	0.645385	0.076908	0.000000	0.000000	0.000000
409	0.000011	0.000000	0.000000	0.277317	0.645362	0.077310	0.000000	0.000000	0.000000
410	0.000011	0.000000	0.000000	0.277397	0.645311	0.077281	0.000000	0.000000	0.000000
411	0.000011	0.000000	0.000000	0.277390	0.645312	0.077287	0.000000	0.000000	0.000000
412	0.000010	0.000000	0.000000	0.277174	0.645429	0.077387	0.000000	0.000000	0.000000
413	0.000009	0.000000	0.000000	0.277222	0.645085	0.077684	0.000000	0.000000	0.000000
414	0.000009	0.000000	0.000000	0.277389	0.644958	0.077644	0.000000	0.000000	0.000000
415	0.000004	0.000000	0.000000	0.277718	0.644541	0.077737	0.000000	0.000000	0.000000
416	0.000003	0.000000	0.000000	0.277402	0.644903	0.077692	0.000000	0.000000	0.000000
417	0.000002	0.000000	0.000000	0.277512	0.644447	0.078039	0.000000	0.000000	0.000000
418	0.000004	0.000000	0.000000	0.277660	0.644283	0.078053	0.000000	0.000000	0.000000
419	0.000005	0.000000	0.000000	0.277901	0.644099	0.077995	0.000000	0.000000	0.000000
420	0.000005	0.000000	0.000000	0.278096	0.643710	0.078189	0.000000	0.000000	0.000000
421	0.000004	0.000000	0.000000	0.278235	0.643627	0.078134	0.000000	0.000000	0.000000
422	0.000004	0.000000	0.000000	0.278198	0.643673	0.078125	0.000000	0.000000	0.000000
423	0.000002	0.000000	0.000000	0.278631	0.643538	0.077829	0.000000	0.000000	0.000000
424	0.000002	0.000000	0.000000	0.278163	0.644185	0.077650	0.000000	0.000000	0.000000
425	0.000003	0.000000	0.000000	0.277718	0.644556	0.077723	0.000000	0.000000	0.000000
426	0.000000	0.000000	0.000000	0.276895	0.645183	0.077922	0.000000	0.000000	0.000000
427	0.000000	0.000000	0.000000	0.276591	0.645457	0.077952	0.000000	0.000000	0.000000
428	0.000000	0.000000	0.000000	0.276877	0.645282	0.077841	0.000000	0.000000	0.000000
429	0.000000	0.000000	0.000000	0.276943	0.645117	0.077940	0.000000	0.000000	0.000000
430	0.000000	0.000000	0.000000	0.277039	0.644537	0.078424	0.000000	0.000000	0.000000
431	0.000000	0.000000	0.000000	0.276322	0.645111	0.078567	0.000000	0.000000	0.000000
432	0.000000	0.000000	0.000000	0.276309	0.645455	0.078236	0.000000	0.000000	0.000000
433	0.000000	0.000000	0.000000	0.275939	0.645462	0.078599	0.000000	0.000000	0.000000
434	0.000000	0.000000	0.000000	0.276100	0.645407	0.078493	0.000000	0.000000	0.000000
435	0.000000	0.000000	0.000000	0.276361	0.645069	0.078570	0.000000	0.000000	0.000000
436	0.000000	0.000000	0.000000	0.276163	0.645323	0.078514	0.000000	0.000000	0.000000
437	0.000000	0.000000	0.000000	0.276430	0.644972	0.078598	0.000000	0.000000	0.000000
438	0.000000	0.000000	0.000000	0.276369	0.645245	0.078386	0.000000	0.000000	0.000000
439	0.000000	0.000000	0.000000	0.276539	0.645233	0.078228	0.000000	0.000000	0.000000
440	0.000000	0.000000	0.000000	0.277076	0.644724	0.078200	0.000000	0.000000	0.000000
441	0.000000	0.000000	0.000000	0.277278	0.644418	0.078304	0.000000	0.000000	0.000000
442	0.000000	0.000000	0.000000	0.277524	0.644285	0.078191	0.000000	0.000000	0.000000
443	0.000000	0.000000	0.000000	0.277285	0.644177	0.078538	0.000000	0.000000	0.000000
444	0.000000	0.000000	0.000000	0.277355	0.644120	0.078525	0.000000	0.000000	0.000000
445	0.000000	0.000000	0.000000	0.277195	0.644250	0.078555	0.000000	0.000000	0.000000
446	0.000000	0.000000	0.000000	0.277044	0.644169	0.078787	0.000000	0.000000	0.000000
447	0.000000	0.000000	0.000000	0.277359	0.644176	0.078465	0.000000	0.000000	0.000000
448	0.000000	0.000000	0.000000	0.276979	0.644330	0.078691	0.000000	0.000000	0.000000
449	0.000000	0.000000	0.000000	0.277528	0.643788	0.078684	0.000000	0.000000	0.000000
450	0.000000	0.000000	0.000000	0.277764	0.643267	0.078969	0.000000	0.000000	0.000000
451	0.000000	0.000000	0.000000	0.277745	0.642974	0.079281	0.000000	0.000000	0.000000
452	0.000000	0.000000	0.000000	0.277852	0.642686	0.079462	0.000000	0.000000	0.000000
453	0.000000	0.000000	0.000000	0.277708	0.642879	0.079413	0.000000	0.000000	0.000000
454	0.000000	0.000000	0.000000	0.277624	0.643028	0.079348	0.000000	0.000000	0.000000
455	0.000000	0.000000	0.000000	0.277779	0.643174	0.079047	0.000000	0.000000	0.000000
456	0.000000	0.000000	0.000000	0.277969	0.643096	0.078935	0.000000	0.000000	0.000000
457	0.000000	0.000000	0.000000	0.277709	0.642718	0.079573	0.000000	0.000000	0.000000
458	0.000000	0.000000	0.000000	0.277229	0.643434	0.079337	0.000000	0.000000	0.000000
459	0.000000	0.000000	0.000000	0.277121	0.643751	0.079128	0.000000	0.000000	0.000000
460	0.000000	0.000000	0.000000	0.277284	0.643685	0.079031	0.000000	0.000000	0.000000
461	0.000000	0.000000	0.000000	0.277492	0.643293	0.079215	0.000000	0.000000	0.000000
462	0.000000	0.000000	0.000000	0.277883	0.643147	0.078970	0.000000	0.000000	0.000000
463	0.000000	0.000000	0.000000	0.278223	0.643257	0.078520	0.000000	0.000000	0.000000
464	0.000000	0.000000	0.000000	0.278380	0.642865	0.078755	0.000000	0.000000	0.000000
465	0.000000	0.000000	0.000000	0.277981	0.643165	0.078854	0.000000	0.000000	0.000000
466	0.000000	0.000000	0.000000	0.278021	0.643117	0.078862	0.000000	0.000000	0.000000
467	0.000000	0.000000	0.000000	0.278588	0.643143	0.078269	0.000000	0.000000	0.000000
468	0.000000	0.000000	0.000000	0.278542	0.643031	0.078427	0.000000	0.000000	0.000000
469	0.000000	0.000000	0.000000	0.278403	0.643284	0.078313	0.000000	0.000000	0.000000
470	0.000000	0.000000	0.000000	0.278001	0.643514	0.078485	0.000000	0.000000	0.000000
