0	0.290663	0.057897	0.229473	0.157588	0.029913	0.111872	0.085455	0.012259	0.024880
1	0.236974	0.048841	0.203179	0.135961	0.027941	0.116784	0.117791	0.022686	0.089843
2	0.241129	0.049446	0.206395	0.126250	0.027701	0.109974	0.117822	0.022625	0.098658
3	0.252132	0.050327	0.210249	0.119042	0.028136	0.102236	0.113900	0.021368	0.102610
4	0.263575	0.050687	0.215002	0.111426	0.028795	0.094942	0.109463	0.020133	0.105977
5	0.275648	0.050856	0.219092	0.105165	0.029444	0.087461	0.104745	0.018905	0.108684
6	0.287370	0.051550	0.222021	0.098792	0.030433	0.081021	0.099851	0.017739	0.111223
7	0.299483	0.052008	0.224360	0.092775	0.031277	0.074537	0.095364	0.016528	0.113668
8	0.311552	0.051963	0.227081	0.087036	0.032567	0.068407	0.090571	0.015293	0.115530
9	0.322749	0.052004	0.229242	0.081881	0.033805	0.062689	0.086114	0.014225	0.117291
10	0.333801	0.052060	0.230466	0.077015	0.034964	0.058159	0.081481	0.013328	0.118726
11	0.344859	0.051837	0.231312	0.071880	0.036211	0.053395	0.077581	0.012491	0.120434
12	0.355288	0.051662	0.232149	0.067572	0.037831	0.048889	0.073547	0.011798	0.121264
13	0.366299	0.051604	0.231666	0.063262	0.039387	0.044924	0.069646	0.010904	0.122308
14	0.376022	0.051498	0.231902	0.059226	0.041186	0.041374	0.065297	0.010199	0.123296
15	0.384796	0.051303	0.231776	0.055486	0.043077	0.038164	0.061647	0.009424	0.124327
16	0.393591	0.050745	0.231267	0.052382	0.044781	0.035237	0.058117	0.008753	0.125127
17	0.402544	0.050685	0.229851	0.048862	0.046571	0.032550	0.054907	0.008279	0.125751
18	0.410719	0.050483	0.228734	0.045589	0.048570	0.030297	0.051725	0.007620	0.126263
19	0.418912	0.050092	0.227958	0.042934	0.050523	0.027918	0.048169	0.007182	0.126312
20	0.426792	0.049460	0.226398	0.040351	0.052488	0.025854	0.045197	0.006522	0.126938
21	0.433318	0.048693	0.225050	0.037861	0.054896	0.024152	0.042671	0.006062	0.127297
22	0.440138	0.048393	0.223783	0.035495	0.056870	0.022174	0.040022	0.005682	0.127443
23	0.446063	0.048062	0.222240	0.033538	0.059464	0.020400	0.037344	0.005301	0.127588
24	0.452457	0.047348	0.220790	0.031812	0.061681	0.018814	0.035018	0.004939	0.127141
25	0.458772	0.046445	0.218584	0.029975	0.064305	0.017496	0.032893	0.004670	0.126860
26	0.464636	0.045991	0.216416	0.028123	0.067095	0.016304	0.031008	0.004253	0.126174
27	0.469989	0.045461	0.213986	0.026833	0.069906	0.014859	0.029094	0.004018	0.125854
28	0.475042	0.044812	0.211785	0.025649	0.072372	0.014037	0.027194	0.003816	0.125293
29	0.480206	0.044187	0.209493	0.024321	0.075139	0.013029	0.025382	0.003517	0.124726
30	0.485055	0.043180	0.206755	0.022884	0.078401	0.012420	0.023525	0.003368	0.124412
31	0.488799	0.042787	0.204336	0.021892	0.081225	0.011608	0.022340	0.003114	0.123899
32	0.493075	0.042315	0.201759	0.020871	0.084344	0.010897	0.021160	0.002897	0.122682
33	0.497201	0.041541	0.199526	0.020092	0.087589	0.010223	0.019666	0.002678	0.121484
34	0.500287	0.041079	0.197324	0.019144	0.091362	0.009517	0.018267	0.002456	0.120564
35	0.503296	0.040165	0.194807	0.018213	0.095199	0.009091	0.017256	0.002255	0.119718
36	0.506288	0.039499	0.192472	0.017406	0.098791	0.008584	0.016119	0.002091	0.118750
37	0.508728	0.038989	0.190175	0.016881	0.102768	0.008008	0.015106	0.001917	0.117428
38	0.511124	0.038285	0.187473	0.016255	0.106746	0.007588	0.014202	0.001790	0.116537
39	0.513204	0.037531	0.185270	0.015622	0.110713	0.007085	0.013057	0.001654	0.115864
40	0.514197	0.037015	0.183404	0.014857	0.114520	0.006821	0.012174	0.001556	0.115456
41	0.516172	0.036739	0.180228	0.014389	0.118774	0.006510	0.011496	0.001427	0.114265
42	0.517768	0.036020	0.177729	0.013843	0.123160	0.006166	0.010759	0.001280	0.113275
43	0.519881	0.035290	0.174604	0.013430	0.127688	0.006028	0.009928	0.001138	0.112013
44	0.520790	0.034481	0.172256	0.013026	0.132382	0.005755	0.009390	0.001058	0.110862
45	0.521662	0.033918	0.169811	0.012593	0.136968	0.005503	0.008779	0.001027	0.109739
46	0.523251	0.033181	0.167507	0.012165	0.141287	0.005251	0.008194	0.000935	0.108229
47	0.523797	0.032698	0.164994	0.011765	0.146523	0.005077	0.007663	0.000875	0.106608
48	0.523526	0.032205	0.162844	0.011482	0.151781	0.004820	0.007328	0.000769	0.105245
49	0.523352	0.031364	0.161168	0.011260	0.156862	0.004649	0.006737	0.000758	0.103850
50	0.523858	0.031170	0.158803	0.011079	0.161476	0.004499	0.006262	0.000688	0.102165
51	0.524764	0.030588	0.156119	0.010685	0.166629	0.004312	0.005830	0.000633	0.100440
52	0.524259	0.029944	0.154391	0.010486	0.171916	0.004239	0.005489	0.000579	0.098697
53	0.524285	0.029402	0.151749	0.010187	0.177466	0.004005	0.005144	0.000544	0.097218
54	0.523699	0.028943	0.149603	0.009827	0.183223	0.003783	0.004876	0.000504	0.095542
55	0.523186	0.028170	0.147138	0.009625	0.189271	0.003684	0.004443	0.000467	0.094016
56	0.522236	0.027448	0.145220	0.009279	0.195168	0.003481	0.004194	0.000457	0.092517
57	0.521467	0.027033	0.142940	0.009136	0.200969	0.003357	0.003932	0.000413	0.090753
58	0.520314	0.026489	0.140815	0.008911	0.207354	0.003224	0.003631	0.000398	0.088864
59	0.518771	0.025790	0.138731	0.008817	0.213604	0.003158	0.003411	0.000342	0.087376
60	0.517711	0.025360	0.137034	0.008563	0.219473	0.003064	0.003167	0.000333	0.085295
61	0.516488	0.024815	0.134627	0.008405	0.225995	0.002906	0.002959	0.000296	0.083509
62	0.515333	0.023948	0.132454	0.008251	0.232311	0.002871	0.002678	0.000278	0.081876
63	0.513286	0.023546	0.130510	0.008268	0.238772	0.002755	0.002588	0.000263	0.080012
64	0.511461	0.022896	0.128725	0.008086	0.245915	0.002582	0.002431	0.000261	0.077643
65	0.509796	0.022561	0.126310	0.007876	0.252270	0.002456	0.002208	0.000232	0.076291
66	0.507756	0.021979	0.124416	0.007655	0.259358	0.002291	0.002052	0.000206	0.074287
67	0.505554	0.021431	0.122507	0.007483	0.266278	0.002214	0.001883	0.000188	0.072462
68	0.503317	0.020876	0.120214	0.007370	0.273345	0.002179	0.001740	0.000178	0.070781
69	0.500352	0.020354	0.118254	0.007320	0.280565	0.002177	0.001595	0.000149	0.069234
70	0.498073	0.019739	0.116523	0.007129	0.287787	0.002086	0.001479	0.000136	0.067048
71	0.494787	0.019288	0.114552	0.006940	0.295178	0.002114	0.001371	0.000129	0.065641
72	0.491821	0.018723	0.112837	0.006877	0.302768	0.001998	0.001257	0.000110	0.063609
73	0.488693	0.018241	0.110703	0.006838	0.310487	0.001961	0.001209	0.000095	0.061773
74	0.485455	0.017773	0.108777	0.006805	0.317888	0.001939	0.001122	0.000079	0.060162
75	0.482159	0.017289	0.106499	0.006715	0.326011	0.001884	0.001045	0.000080	0.058318
76	0.479429	0.016745	0.104309	0.006605	0.333423	0.001883	0.000983	0.000081	0.056542
77	0.475554	0.016273	0.102768	0.006464	0.341618	0.001818	0.000903	0.000063	0.054539
78	0.472396	0.015689	0.101203	0.006396	0.348606	0.001713	0.000812	0.000061	0.053124
79	0.468377	0.015558	0.099257	0.006257	0.356456	0.001752	0.000717	0.000052	0.051574
80	0.464331	0.014972	0.097679	0.006193	0.364333	0.001713	0.000688	0.000045	0.050046
81	0.460606	0.014500	0.095884	0.006035	0.372252	0.001643	0.000621	0.000046	0.048413
82	0.456343	0.014075	0.094505	0.005953	0.379936	0.001590	0.000554	0.000049	0.046995
83	0.452164	0.013698	0.092529	0.005855	0.388218	0.001585	0.000492	0.000044	0.045415
84	0.448082	0.013235	0.091005	0.005764	0.395710	0.001572	0.000466	0.000054	0.044112
85	0.443427	0.012774	0.089317	0.005823	0.403984	0.001503	0.000437	0.000038	0.042697
86	0.439086	0.012538	0.087527	0.005659	0.411800	0.001498	0.000402	0.000040	0.041450
87	0.434420	0.012039	0.085950	0.005619	0.420099	0.001429	0.000391	0.000035	0.040018
88	0.429781	0.011692	0.083912	0.005679	0.428461	0.001451	0.000352	0.000032	0.038640
89	0.424567	0.011469	0.082620	0.005718	0.436759	0.001360	0.000331	0.000027	0.037149
90	0.419779	0.011198	0.080971	0.005615	0.444889	0.001372	0.000278	0.000019	0.035879
91	0.414859	0.010837	0.079897	0.005673	0.452635	0.001381	0.000243	0.000020	0.034455
92	0.409866	0.010488	0.078228	0.005585	0.461074	0.001346	0.000240	0.000015	0.033158
93	0.405148	0.010183	0.076318	0.005593	0.469263	0.001314	0.000194	0.000016	0.031971
94	0.400681	0.009897	0.075271	0.005551	0.476691	0.001236	0.000170	0.000013	0.030490
95	0.395841	0.009529	0.073332	0.005534	0.485056	0.001221	0.000161	0.000008	0.029318
96	0.390258	0.009198	0.071730	0.005547	0.493512	0.001223	0.000145	0.000007	0.028380
97	0.385403	0.008894	0.070031	0.005521	0.501343	0.001184	0.000141	0.000005	0.027478
98	0.380528	0.008687	0.068722	0.005429	0.509131	0.001140	0.000126	0.000004	0.026233
99	0.375008	0.008392	0.067608	0.005364	0.517147	0.001117	0.000114	0.000007	0.025243
100	0.370033	0.008003	0.066173	0.005366	0.524950	0.001124	0.000111	0.000005	0.024235
101	0.365065	0.007780	0.064317	0.005301	0.533023	0.001166	0.000110	0.000008	0.023230
102	0.359727	0.007520	0.063228	0.005210	0.540992	0.001121	0.000100	0.000005	0.022097
103	0.354466	0.007343	0.061772	0.005209	0.548739	0.001102	0.000095	0.000006	0.021268
104	0.349489	0.007141	0.060366	0.005148	0.556262	0.001165	0.000087	0.000005	0.020337
105	0.344072	0.007075	0.059003	0.004978	0.564216	0.001128	0.000086	0.000003	0.019439
106	0.338434	0.006815	0.057667	0.004910	0.572348	0.001120	0.000081	0.000001	0.018624
107	0.333000	0.006660	0.056367	0.004849	0.580271	0.001096	0.000066	0.000001	0.017690
108	0.327368	0.006369	0.055219	0.004913	0.588070	0.001056	0.000062	0.000000	0.016943
109	0.321831	0.006241	0.053997	0.004769	0.595784	0.001087	0.000059	0.000000	0.016232
110	0.316977	0.006105	0.052451	0.004658	0.603188	0.001143	0.000060	0.000000	0.015418
111	0.311256	0.006038	0.051229	0.004634	0.610941	0.001135	0.000045	0.000000	0.014722
112	0.305631	0.005696	0.050119	0.004663	0.618632	0.001111	0.000033	0.000000	0.014115
113	0.300377	0.005481	0.049139	0.004602	0.625911	0.001145	0.000026	0.000000	0.013319
114	0.295096	0.005327	0.047803	0.004535	0.633387	0.001166	0.000022	0.000000	0.012664
115	0.289162	0.005176	0.046879	0.004542	0.640948	0.001163	0.000018	0.000000	0.012112
116	0.283633	0.004976	0.045792	0.004551	0.648290	0.001179	0.000021	0.000000	0.011558
117	0.278512	0.004704	0.044621	0.004508	0.655349	0.001160	0.000019	0.000000	0.011127
118	0.273459	0.004562	0.043777	0.004494	0.661997	0.001139	0.000012	0.000000	0.010560
119	0.268179	0.004388	0.042705	0.004398	0.669173	0.001120	0.000012	0.000000	0.010025
120	0.263265	0.004128	0.041415	0.004364	0.676264	0.001079	0.000009	0.000000	0.009476
121	0.258038	0.003920	0.040471	0.004350	0.683107	0.001115	0.000010	0.000000	0.008989
122	0.252412	0.003725	0.039743	0.004308	0.690241	0.001079	0.000007	0.000000	0.008485
123	0.247549	0.003617	0.038532	0.004273	0.696908	0.001134	0.000009	0.000000	0.007978
124	0.242608	0.003438	0.037433	0.004181	0.703661	0.001135	0.000010	0.000000	0.007534
125	0.237537	0.003276	0.036574	0.004186	0.710265	0.001140	0.000008	0.000000	0.007014
126	0.232472	0.003182	0.035686	0.004148	0.716630	0.001142	0.000011	0.000000	0.006729
127	0.227398	0.002985	0.034514	0.004134	0.723528	0.001110	0.000009	0.000000	0.006322
128	0.222192	0.002883	0.033860	0.004190	0.729738	0.001136	0.000007	0.000000	0.005994
129	0.217321	0.002743	0.032918	0.004210	0.736093	0.001145	0.000005	0.000000	0.005565
130	0.212294	0.002601	0.031989	0.004229	0.742394	0.001187	0.000005	0.000000	0.005301
131	0.207345	0.002505	0.031147	0.004248	0.748606	0.001151	0.000004	0.000000	0.004994
132	0.202594	0.002296	0.030525	0.004356	0.754425	0.001199	0.000003	0.000000	0.004602
133	0.198033	0.002241	0.029644	0.004290	0.760234	0.001219	0.000005	0.000000	0.004334
134	0.193361	0.002077	0.028916	0.004243	0.766018	0.001212	0.000004	0.000000	0.004169
135	0.188716	0.002013	0.028380	0.004199	0.771602	0.001215	0.000003	0.000000	0.003872
136	0.184347	0.001912	0.027395	0.004190	0.777219	0.001274	0.000003	0.000000	0.003660
137	0.179304	0.001832	0.026600	0.004286	0.783227	0.001274	0.000003	0.000000	0.003474
138	0.174863	0.001741	0.025611	0.004276	0.788880	0.001285	0.000003	0.000000	0.003341
139	0.170338	0.001685	0.024873	0.004402	0.794298	0.001258	0.000001	0.000000	0.003145
140	0.166075	0.001564	0.024226	0.004493	0.799412	0.001267	0.000000	0.000000	0.002963
141	0.161958	0.001558	0.023409	0.004364	0.804729	0.001225	0.000000	0.000000	0.002757
142	0.158384	0.001519	0.022405	0.004319	0.809505	0.001257	0.000000	0.000000	0.002611
143	0.154067	0.001474	0.021998	0.004216	0.814603	0.001252	0.000000	0.000000	0.002390
144	0.149892	0.001404	0.021463	0.004168	0.819539	0.001259	0.000000	0.000000	0.002275
145	0.145784	0.001292	0.020882	0.004216	0.824436	0.001257	0.000000	0.000000	0.002133
146	0.142071	0.001235	0.020285	0.004183	0.828945	0.001233	0.000000	0.000000	0.002048
147	0.137738	0.001243	0.019752	0.004239	0.833831	0.001243	0.000000	0.000000	0.001954
148	0.133984	0.001147	0.019336	0.004162	0.838250	0.001269	0.000000	0.000000	0.001852
149	0.130491	0.001043	0.018774	0.004232	0.842474	0.001241	0.000000	0.000000	0.001745
150	0.126861	0.000950	0.018094	0.004210	0.846992	0.001242	0.000000	0.000000	0.001651
151	0.123378	0.000903	0.017650	0.004208	0.851054	0.001283	0.000000	0.000000	0.001524
152	0.119742	0.000856	0.017184	0.004155	0.855319	0.001270	0.000000	0.000000	0.001474
153	0.116269	0.000801	0.016497	0.004138	0.859590	0.001295	0.000000	0.000000	0.001410
154	0.112665	0.000783	0.016075	0.004130	0.863745	0.001281	0.000000	0.000000	0.001321
155	0.109455	0.000736	0.015486	0.004095	0.867691	0.001289	0.000000	0.000000	0.001248
156	0.106058	0.000713	0.015027	0.004095	0.871715	0.001258	0.000000	0.000000	0.001134
157	0.102860	0.000671	0.014729	0.003979	0.875426	0.001271	0.000000	0.000000	0.001064
158	0.099739	0.000643	0.014093	0.003918	0.879323	0.001255	0.000000	0.000000	0.001029
159	0.096620	0.000580	0.013690	0.003863	0.882976	0.001303	0.000000	0.000000	0.000968
160	0.093907	0.000539	0.013172	0.003844	0.886346	0.001280	0.000000	0.000000	0.000912
161	0.091238	0.000512	0.012870	0.003763	0.889508	0.001271	0.000000	0.000000	0.000838
162	0.088260	0.000488	0.012496	0.003691	0.893003	0.001258	0.000000	0.000000	0.000804
163	0.085422	0.000477	0.011975	0.003677	0.896369	0.001307	0.000000	0.000000	0.000773
164	0.082701	0.000450	0.011433	0.003767	0.899642	0.001306	0.000000	0.000000	0.000701
165	0.080027	0.000440	0.011160	0.003741	0.902744	0.001256	0.000000	0.000000	0.000632
166	0.077563	0.000388	0.010696	0.003597	0.905852	0.001323	0.000000	0.000000	0.000581
167	0.074782	0.000370	0.010401	0.003661	0.908933	0.001304	0.000000	0.000000	0.000549
168	0.072276	0.000341	0.010094	0.003754	0.911757	0.001275	0.000000	0.000000	0.000503
169	0.069690	0.000327	0.009764	0.003777	0.914704	0.001268	0.000000	0.000000	0.000470
170	0.067241	0.000287	0.009546	0.003678	0.917498	0.001295	0.000000	0.000000	0.000455
171	0.064836	0.000270	0.009217	0.003702	0.920257	0.001283	0.000000	0.000000	0.000435
172	0.062591	0.000254	0.008916	0.003780	0.922851	0.001230	0.000000	0.000000	0.000378
173	0.060386	0.000235	0.008546	0.003852	0.925384	0.001263	0.000000	0.000000	0.000334
174	0.058259	0.000215	0.008090	0.003833	0.928035	0.001263	0.000000	0.000000	0.000305
175	0.056202	0.000193	0.007893	0.003778	0.930419	0.001263	0.000000	0.000000	0.000252
176	0.054340	0.000182	0.007509	0.003817	0.932612	0.001304	0.000000	0.000000	0.000236
177	0.052436	0.000171	0.007207	0.003781	0.934928	0.001250	0.000000	0.000000	0.000227
178	0.050521	0.000164	0.006861	0.003788	0.937260	0.001226	0.000000	0.000000	0.000180
179	0.048881	0.000144	0.006616	0.003753	0.939190	0.001241	0.000000	0.000000	0.000175
180	0.046996	0.000158	0.006280	0.003788	0.941381	0.001226	0.000000	0.000000	0.000171
181	0.045354	0.000149	0.006071	0.003783	0.943249	0.001256	0.000000	0.000000	0.000138
182	0.043811	0.000144	0.005717	0.003849	0.945040	0.001304	0.000000	0.000000	0.000135
183	0.041992	0.000138	0.005545	0.003864	0.947065	0.001276	0.000000	0.000000	0.000120
184	0.040592	0.000125	0.005382	0.003910	0.948590	0.001296	0.000000	0.000000	0.000105
185	0.039076	0.000111	0.005150	0.003919	0.950372	0.001281	0.000000	0.000000	0.000091
186	0.037568	0.000097	0.004923	0.003900	0.952155	0.001279	0.000000	0.000000	0.000078
187	0.036131	0.000079	0.004786	0.003951	0.953708	0.001274	0.000000	0.000000	0.000071
188	0.034745	0.000083	0.004565	0.003928	0.955358	0.001270	0.000000	0.000000	0.000051
189	0.033383	0.000079	0.004310	0.003917	0.957086	0.001174	0.000000	0.000000	0.000051
190	0.031954	0.000069	0.004115	0.003940	0.958744	0.001135	0.000000	0.000000	0.000043
191	0.030732	0.000064	0.003913	0.003935	0.960162	0.001159	0.000000	0.000000	0.000035
192	0.029526	0.000058	0.003668	0.003897	0.961635	0.001179	0.000000	0.000000	0.000037
193	0.028430	0.000047	0.003495	0.003854	0.962975	0.001163	0.000000	0.000000	0.000036
194	0.027266	0.000043	0.003376	0.003835	0.964285	0.001159	0.000000	0.000000	0.000036
195	0.026189	0.000046	0.003239	0.003812	0.965489	0.001183	0.000000	0.000000	0.000042
196	0.025147	0.000052	0.003062	0.003805	0.966720	0.001175	0.000000	0.000000	0.000039
197	0.023872	0.000036	0.002963	0.003697	0.968181	0.001219	0.000000	0.000000	0.000032
198	0.022741	0.000031	0.002785	0.003735	0.969513	0.001166	0.000000	0.000000	0.000029
199	0.021879	0.000028	0.002662	0.003750	0.970507	0.001148	0.000000	0.000000	0.000026
200	0.020969	0.000021	0.002521	0.003727	0.971639	0.001095	0.000000	0.000000	0.000028
201	0.020106	0.000017	0.002409	0.003703	0.972661	0.001078	0.000000	0.000000	0.000026
202	0.019320	0.000012	0.002302	0.003689	0.973591	0.001059	0.000000	0.000000	0.000027
203	0.018498	0.000010	0.002186	0.003715	0.974527	0.001041	0.000000	0.000000	0.000023
204	0.017675	0.000009	0.002105	0.003731	0.975376	0.001081	0.000000	0.000000	0.000023
205	0.016941	0.000005	0.001964	0.003707	0.976317	0.001049	0.000000	0.000000	0.000017
206	0.016274	0.000005	0.001901	0.003710	0.977026	0.001070	0.000000	0.000000	0.000014
207	0.015586	0.000001	0.001765	0.003768	0.977809	0.001059	0.000000	0.000000	0.000012
208	0.014858	0.000003	0.001666	0.003822	0.978545	0.001092	0.000000	0.000000	0.000014
209	0.014288	0.000002	0.001522	0.003797	0.979309	0.001073	0.000000	0.000000	0.000009
210	0.013696	0.000005	0.001452	0.003778	0.979979	0.001080	0.000000	0.000000	0.000010
211	0.012961	0.000002	0.001414	0.003701	0.980879	0.001033	0.000000	0.000000	0.000010
212	0.012489	0.000000	0.001323	0.003696	0.981450	0.001036	0.000000	0.000000	0.000006
213	0.011855	0.000000	0.001242	0.003677	0.982120	0.001096	0.000000	0.000000	0.000010
214	0.011268	0.000000	0.001177	0.003649	0.982816	0.001083	0.000000	0.000000	0.000007
215	0.010725	0.000000	0.001122	0.003676	0.983393	0.001076	0.000000	0.000000	0.000008
216	0.010172	0.000000	0.001036	0.003631	0.984079	0.001077	0.000000	0.000000	0.000005
217	0.009680	0.000000	0.000979	0.003578	0.984681	0.001076	0.000000	0.000000	0.000006
218	0.009245	0.000000	0.000941	0.003617	0.985085	0.001110	0.000000	0.000000	0.000002
219	0.008848	0.000000	0.000847	0.003575	0.985647	0.001080	0.000000	0.000000	0.000003
220	0.008402	0.000000	0.000833	0.003489	0.986201	0.001073	0.000000	0.000000	0.000002
221	0.007990	0.000000	0.000764	0.003517	0.986649	0.001075	0.000000	0.000000	0.000005
222	0.007580	0.000000	0.000734	0.003523	0.987094	0.001067	0.000000	0.000000	0.000002
223	0.007096	0.000000	0.000701	0.003529	0.987615	0.001057	0.000000	0.000000	0.000002
224	0.006678	0.000000	0.000677	0.003539	0.988073	0.001032	0.000000	0.000000	0.000001
225	0.006403	0.000000	0.000640	0.003495	0.988379	0.001081	0.000000	0.000000	0.000002
226	0.006075	0.000000	0.000586	0.003501	0.988792	0.001046	0.000000	0.000000	0.000000
227	0.005827	0.000000	0.000523	0.003491	0.989114	0.001045	0.000000	0.000000	0.000000
228	0.005538	0.000000	0.000495	0.003547	0.989353	0.001067	0.000000	0.000000	0.000000
229	0.005296	0.000000	0.000448	0.003473	0.989709	0.001074	0.000000	0.000000	0.000000
230	0.005053	0.000000	0.000389	0.003460	0.990055	0.001043	0.000000	0.000000	0.000000
231	0.004782	0.000000	0.000373	0.003552	0.990279	0.001014	0.000000	0.000000	0.000000
232	0.004579	0.000000	0.000332	0.003658	0.990359	0.001072	0.000000	0.000000	0.000000
233	0.004353	0.000000	0.000304	0.003625	0.990659	0.001059	0.000000	0.000000	0.000000
234	0.004082	0.000000	0.000313	0.003654	0.990895	0.001056	0.000000	0.000000	0.000000
235	0.003929	0.000000	0.000296	0.003556	0.991132	0.001087	0.000000	0.000000	0.000000
236	0.003686	0.000000	0.000271	0.003589	0.991391	0.001063	0.000000	0.000000	0.000000
237	0.003552	0.000000	0.000265	0.003615	0.991509	0.001059	0.000000	0.000000	0.000000
238	0.003423	0.000000	0.000259	0.003633	0.991635	0.001050	0.000000	0.000000	0.000000
239	0.003236	0.000000	0.000242	0.003700	0.991744	0.001078	0.000000	0.000000	0.000000
240	0.003049	0.000000	0.000251	0.003647	0.991997	0.001056	0.000000	0.000000	0.000000
241	0.002924	0.000000	0.000217	0.003596	0.992217	0.001046	0.000000	0.000000	0.000000
242	0.002841	0.000000	0.000187	0.003630	0.992255	0.001087	0.000000	0.000000	0.000000
243	0.002731	0.000000	0.000173	0.003646	0.992338	0.001112	0.000000	0.000000	0.000000
244	0.002573	0.000000	0.000166	0.003578	0.992603	0.001080	0.000000	0.000000	0.000000
245	0.002416	0.000000	0.000157	0.003619	0.992735	0.001073	0.000000	0.000000	0.000000
246	0.002293	0.000000	0.000146	0.003533	0.992934	0.001094	0.000000	0.000000	0.000000
247	0.002148	0.000000	0.000127	0.003467	0.993146	0.001112	0.000000	0.000000	0.000000
248	0.002051	0.000000	0.000121	0.003447	0.993282	0.001099	0.000000	0.000000	0.000000
249	0.001945	0.000000	0.000110	0.003409	0.993437	0.001099	0.000000	0.000000	0.000000
250	0.001906	0.000000	0.000101	0.003343	0.993569	0.001081	0.000000	0.000000	0.000000
251	0.001835	0.000000	0.000091	0.003330	0.993654	0.001090	0.000000	0.000000	0.000000
252	0.001745	0.000000	0.000092	0.003335	0.993738	0.001090	0.000000	0.000000	0.000000
253	0.001668	0.000000	0.000085	0.003314	0.993862	0.001071	0.000000	0.000000	0.000000
254	0.001670	0.000000	0.000072	0.003436	0.993784	0.001038	0.000000	0.000000	0.000000
255	0.001574	0.000000	0.000067	0.003425	0.993897	0.001037	0.000000	0.000000	0.000000
256	0.001528	0.000000	0.000061	0.003450	0.993930	0.001031	0.000000	0.000000	0.000000
257	0.001400	0.000000	0.000067	0.003417	0.994120	0.000996	0.000000	0.000000	0.000000
258	0.001321	0.000000	0.000072	0.003410	0.994186	0.001011	0.000000	0.000000	0.000000
259	0.001203	0.000000	0.000082	0.003337	0.994436	0.000942	0.000000	0.000000	0.000000
260	0.001075	0.000000	0.000081	0.003447	0.994436	0.000961	0.000000	0.000000	0.000000
261	0.001004	0.000000	0.000082	0.003442	0.994520	0.000952	0.000000	0.000000	0.000000
262	0.001004	0.000000	0.000078	0.003468	0.994466	0.000984	0.000000	0.000000	0.000000
263	0.000885	0.000000	0.000075	0.003423	0.994640	0.000977	0.000000	0.000000	0.000000
264	0.000843	0.000000	0.000068	0.003385	0.994732	0.000972	0.000000	0.000000	0.000000
265	0.000833	0.000000	0.000057	0.003440	0.994705	0.000965	0.000000	0.000000	0.000000
266	0.000771	0.000000	0.000054	0.003457	0.994715	0.001003	0.000000	0.000000	0.000000
267	0.000727	0.000000	0.000050	0.003384	0.994864	0.000975	0.000000	0.000000	0.000000
268	0.000679	0.000000	0.000060	0.003397	0.994901	0.000963	0.000000	0.000000	0.000000
269	0.000610	0.000000	0.000048	0.003298	0.995077	0.000967	0.000000	0.000000	0.000000
270	0.000561	0.000000	0.000056	0.003386	0.995004	0.000993	0.000000	0.000000	0.000000
271	0.000508	0.000000	0.000048	0.003397	0.995044	0.001003	0.000000	0.000000	0.000000
272	0.000473	0.000000	0.000046	0.003340	0.995190	0.000951	0.000000	0.000000	0.000000
273	0.000443	0.000000	0.000041	0.003314	0.995188	0.001014	0.000000	0.000000	0.000000
274	0.000412	0.000000	0.000036	0.003345	0.995157	0.001050	0.000000	0.000000	0.000000
275	0.000394	0.000000	0.000037	0.003397	0.995169	0.001003	0.000000	0.000000	0.000000
276	0.000363	0.000000	0.000037	0.003380	0.995174	0.001046	0.000000	0.000000	0.000000
277	0.000330	0.000000	0.000037	0.003322	0.995300	0.001011	0.000000	0.000000	0.000000
278	0.000290	0.000000	0.000036	0.003264	0.995360	0.001050	0.000000	0.000000	0.000000
279	0.000263	0.000000	0.000033	0.003307	0.995354	0.001043	0.000000	0.000000	0.000000
280	0.000256	0.000000	0.000023	0.003319	0.995330	0.001072	0.000000	0.000000	0.000000
281	0.000239	0.000000	0.000023	0.003307	0.995425	0.001006	0.000000	0.000000	0.000000
282	0.000233	0.000000	0.000017	0.003251	0.995472	0.001027	0.000000	0.000000	0.000000
283	0.000220	0.000000	0.000012	0.003233	0.995483	0.001052	0.000000	0.000000	0.000000
284	0.000193	0.000000	0.000013	0.003220	0.995563	0.001011	0.000000	0.000000	0.000000
285	0.000169	0.000000	0.000009	0.003186	0.995608	0.001028	0.000000	0.000000	0.000000
286	0.000151	0.000000	0.000009	0.003166	0.995662	0.001012	0.000000	0.000000	0.000000
287	0.000139	0.000000	0.000008	0.003138	0.995761	0.000954	0.000000	0.000000	0.000000
288	0.000119	0.000000	0.000008	0.003098	0.995842	0.000933	0.000000	0.000000	0.000000
289	0.000100	0.000000	0.000005	0.003114	0.995880	0.000901	0.000000	0.000000	0.000000
290	0.000098	0.000000	0.000003	0.003120	0.995863	0.000916	0.000000	0.000000	0.000000
291	0.000099	0.000000	0.000005	0.003138	0.995821	0.000937	0.000000	0.000000	0.000000
292	0.000090	0.000000	0.000004	0.003121	0.995870	0.000915	0.000000	0.000000	0.000000
293	0.000087	0.000000	0.000003	0.003081	0.995964	0.000865	0.000000	0.000000	0.000000
294	0.000061	0.000000	0.000006	0.003021	0.996068	0.000844	0.000000	0.000000	0.000000
295	0.000060	0.000000	0.000004	0.002995	0.996082	0.000859	0.000000	0.000000	0.000000
296	0.000049	0.000000	0.000004	0.002951	0.996126	0.000870	0.000000	0.000000	0.000000
297	0.000038	0.000000	0.000003	0.002926	0.996145	0.000888	0.000000	0.000000	0.000000
298	0.000030	0.000000	0.000003	0.002925	0.996135	0.000907	0.000000	0.000000	0.000000
299	0.000022	0.000000	0.000001	0.002916	0.996150	0.000911	0.000000	0.000000	0.000000
300	0.000024	0.000000	0.000000	0.002899	0.996168	0.000909	0.000000	0.000000	0.000000
301	0.000016	0.000000	0.000000	0.002881	0.996165	0.000938	0.000000	0.000000	0.000000
302	0.000011	0.000000	0.000000	0.002859	0.996174	0.000956	0.000000	0.000000	0.000000
303	0.000006	0.000000	0.000000	0.002885	0.996145	0.000964	0.000000	0.000000	0.000000
304	0.000002	0.000000	0.000000	0.002857	0.996187	0.000954	0.000000	0.000000	0.000000
305	0.000002	0.000000	0.000000	0.002874	0.996190	0.000934	0.000000	0.000000	0.000000
306	0.000001	0.000000	0.000000	0.002882	0.996170	0.000947	0.000000	0.000000	0.000000
307	0.000001	0.000000	0.000000	0.002811	0.996292	0.000896	0.000000	0.000000	0.000000
308	0.000002	0.000000	0.000000	0.002771	0.996296	0.000931	0.000000	0.000000	0.000000
309	0.000002	0.000000	0.000000	0.002810	0.996294	0.000894	0.000000	0.000000	0.000000
310	0.000000	0.000000	0.000000	0.002908	0.996188	0.000904	0.000000	0.000000	0.000000
311	0.000000	0.000000	0.000000	0.002939	0.996202	0.000859	0.000000	0.000000	0.000000
312	0.000000	0.000000	0.000000	0.002937	0.996177	0.000886	0.000000	0.000000	0.000000
313	0.000000	0.000000	0.000000	0.002824	0.996259	0.000917	0.000000	0.000000	0.000000
314	0.000000	0.000000	0.000000	0.002786	0.996274	0.000940	0.000000	0.000000	0.000000
315	0.000000	0.000000	0.000000	0.002739	0.996375	0.000886	0.000000	0.000000	0.000000
316	0.000000	0.000000	0.000000	0.002751	0.996320	0.000929	0.000000	0.000000	0.000000
317	0.000000	0.000000	0.000000	0.002756	0.996335	0.000909	0.000000	0.000000	0.000000
318	0.000000	0.000000	0.000000	0.002736	0.996378	0.000886	0.000000	0.000000	0.000000
319	0.000000	0.000000	0.000000	0.002738	0.996372	0.000890	0.000000	0.000000	0.000000
320	0.000000	0.000000	0.000000	0.002766	0.996363	0.000871	0.000000	0.000000	0.000000
321	0.000000	0.000000	0.000000	0.002748	0.996389	0.000863	0.000000	0.000000	0.000000
322	0.000000	0.000000	0.000000	0.002722	0.996428	0.000850	0.000000	0.000000	0.000000
323	0.000000	0.000000	0.000000	0.002723	0.996435	0.000842	0.000000	0.000000	0.000000
324	0.000000	0.000000	0.000000	0.002729	0.996449	0.000822	0.000000	0.000000	0.000000
325	0.000000	0.000000	0.000000	0.002745	0.996429	0.000826	0.000000	0.000000	0.000000
326	0.000000	0.000000	0.000000	0.002766	0.996397	0.000837	0.000000	0.000000	0.000000
327	0.000000	0.000000	0.000000	0.002809	0.996403	0.000788	0.000000	0.000000	0.000000
328	0.000000	0.000000	0.000000	0.002784	0.996396	0.000820	0.000000	0.000000	0.000000
329	0.000000	0.000000	0.000000	0.002797	0.996368	0.000835	0.000000	0.000000	0.000000
330	0.000000	0.000000	0.000000	0.002820	0.996351	0.000829	0.000000	0.000000	0.000000
331	0.000000	0.000000	0.000000	0.002883	0.996318	0.000799	0.000000	0.000000	0.000000
332	0.000000	0.000000	0.000000	0.002896	0.996291	0.000813	0.000000	0.000000	0.000000
333	0.000000	0.000000	0.000000	0.002933	0.996209	0.000858	0.000000	0.000000	0.000000
334	0.000000	0.000000	0.000000	0.003016	0.996165	0.000819	0.000000	0.000000	0.000000
335	0.000000	0.000000	0.000000	0.002970	0.996172	0.000858	0.000000	0.000000	0.000000
336	0.000000	0.000000	0.000000	0.002983	0.996159	0.000858	0.000000	0.000000	0.000000
337	0.000000	0.000000	0.000000	0.002947	0.996200	0.000853	0.000000	0.000000	0.000000
338	0.000000	0.000000	0.000000	0.002937	0.996216	0.000847	0.000000	0.000000	0.000000
339	0.000000	0.000000	0.000000	0.002897	0.996243	0.000860	0.000000	0.000000	0.000000
340	0.000000	0.000000	0.000000	0.002967	0.996179	0.000854	0.000000	0.000000	0.000000
341	0.000000	0.000000	0.000000	0.002947	0.996207	0.000846	0.000000	0.000000	0.000000
342	0.000000	0.000000	0.000000	0.003004	0.996130	0.000866	0.000000	0.000000	0.000000
343	0.000000	0.000000	0.000000	0.003081	0.996070	0.000849	0.000000	0.000000	0.000000
344	0.000000	0.000000	0.000000	0.003150	0.996003	0.000847	0.000000	0.000000	0.000000
345	0.000000	0.000000	0.000000	0.003157	0.995981	0.000862	0.000000	0.000000	0.000000
346	0.000000	0.000000	0.000000	0.003180	0.995949	0.000871	0.000000	0.000000	0.000000
347	0.000000	0.000000	0.000000	0.003139	0.995919	0.000942	0.000000	0.000000	0.000000
348	0.000000	0.000000	0.000000	0.003189	0.995858	0.000953	0.000000	0.000000	0.000000
349	0.000000	0.000000	0.000000	0.003130	0.995942	0.000928	0.000000	0.000000	0.000000
350	0.000000	0.000000	0.000000	0.003175	0.995973	0.000852	0.000000	0.000000	0.000000
351	0.000000	0.000000	0.000000	0.003278	0.995869	0.000853	0.000000	0.000000	0.000000
352	0.000000	0.000000	0.000000	0.003320	0.995863	0.000817	0.000000	0.000000	0.000000
353	0.000000	0.000000	0.000000	0.003292	0.995915	0.000793	0.000000	0.000000	0.000000
354	0.000000	0.000000	0.000000	0.003382	0.995799	0.000819	0.000000	0.000000	0.000000
355	0.000000	0.000000	0.000000	0.003355	0.995845	0.000800	0.000000	0.000000	0.000000
356	0.000000	0.000000	0.000000	0.003346	0.995844	0.000810	0.000000	0.000000	0.000000
357	0.000000	0.000000	0.000000	0.003447	0.995766	0.000787	0.000000	0.000000	0.000000
358	0.000000	0.000000	0.000000	0.003429	0.995741	0.000830	0.000000	0.000000	0.000000
359	0.000000	0.000000	0.000000	0.003436	0.995763	0.000801	0.000000	0.000000	0.000000
360	0.000000	0.000000	0.000000	0.003410	0.995752	0.000838	0.000000	0.000000	0.000000
361	0.000000	0.000000	0.000000	0.003445	0.995742	0.000813	0.000000	0.000000	0.000000
362	0.000000	0.000000	0.000000	0.003476	0.995705	0.000819	0.000000	0.000000	0.000000
363	0.000000	0.000000	0.000000	0.003466	0.995715	0.000819	0.000000	0.000000	0.000000
364	0.000000	0.000000	0.000000	0.003512	0.995650	0.000838	0.000000	0.000000	0.000000
365	0.000000	0.000000	0.000000	0.003472	0.995677	0.000851	0.000000	0.000000	0.000000
366	0.000000	0.000000	0.000000	0.003470	0.995684	0.000846	0.000000	0.000000	0.000000
367	0.000000	0.000000	0.000000	0.003492	0.995607	0.000901	0.000000	0.000000	0.000000
368	0.000000	0.000000	0.000000	0.003526	0.995569	0.000905	0.000000	0.000000	0.000000
369	0.000000	0.000000	0.000000	0.003558	0.995562	0.000880	0.000000	0.000000	0.000000
370	0.000000	0.000000	0.000000	0.003536	0.995581	0.000883	0.000000	0.000000	0.000000
371	0.000000	0.000000	0.000000	0.003533	0.995550	0.000917	0.000000	0.000000	0.000000
372	0.000000	0.000000	0.000000	0.003563	0.995514	0.000923	0.000000	0.000000	0.000000
373	0.000000	0.000000	0.000000	0.003565	0.995535	0.000900	0.000000	0.000000	0.000000
374	0.000000	0.000000	0.000000	0.003595	0.995501	0.000904	0.000000	0.000000	0.000000
375	0.000000	0.000000	0.000000	0.003595	0.995474	0.000931	0.000000	0.000000	0.000000
376	0.000000	0.000000	0.000000	0.003652	0.995438	0.000910	0.000000	0.000000	0.000000
377	0.000000	0.000000	0.000000	0.003668	0.995439	0.000893	0.000000	0.000000	0.000000
378	0.000000	0.000000	0.000000	0.003644	0.995442	0.000914	0.000000	0.000000	0.000000
379	0.000000	0.000000	0.000000	0.003673	0.995412	0.000915	0.000000	0.000000	0.000000
380	0.000000	0.000000	0.000000	0.003650	0.995473	0.000877	0.000000	0.000000	0.000000
381	0.000000	0.000000	0.000000	0.003638	0.995495	0.000867	0.000000	0.000000	0.000000
382	0.000000	0.000000	0.000000	0.003660	0.995491	0.000849	0.000000	0.000000	0.000000
383	0.000000	0.000000	0.000000	0.003679	0.995491	0.000830	0.000000	0.000000	0.000000
384	0.000000	0.000000	0.000000	0.003712	0.995466	0.000822	0.000000	0.000000	0.000000
385	0.000000	0.000000	0.000000	0.003666	0.995430	0.000904	0.000000	0.000000	0.000000
386	0.000000	0.000000	0.000000	0.003632	0.995492	0.000876	0.000000	0.000000	0.000000
387	0.000000	0.000000	0.000000	0.003661	0.995505	0.000834	0.000000	0.000000	0.000000
388	0.000000	0.000000	0.000000	0.003638	0.995517	0.000845	0.000000	0.000000	0.000000
389	0.000000	0.000000	0.000000	0.003567	0.995574	0.000859	0.000000	0.000000	0.000000
390	0.000000	0.000000	0.000000	0.003524	0.995597	0.000879	0.000000	0.000000	0.000000
391	0.000000	0.000000	0.000000	0.003614	0.995510	0.000876	0.000000	0.000000	0.000000
392	0.000000	0.000000	0.000000	0.003601	0.995514	0.000885	0.000000	0.000000	0.000000
393	0.000000	0.000000	0.000000	0.003599	0.995523	0.000878	0.000000	0.000000	0.000000
394	0.000000	0.000000	0.000000	0.003660	0.995444	0.000896	0.000000	0.000000	0.000000
395	0.000000	0.000000	0.000000	0.003628	0.995493	0.000879	0.000000	0.000000	0.000000
396	0.000000	0.000000	0.000000	0.003625	0.995467	0.000908	0.000000	0.000000	0.000000
397	0.000000	0.000000	0.000000	0.003580	0.995490	0.000930	0.000000	0.000000	0.000000
398	0.000000	0.000000	0.000000	0.003600	0.995434	0.000966	0.000000	0.000000	0.000000
399	0.000000	0.000000	0.000000	0.003612	0.995436	0.000952	0.000000	0.000000	0.000000
400	0.000000	0.000000	0.000000	0.003572	0.995449	0.000979	0.000000	0.000000	0.000000
401	0.000000	0.000000	0.000000	0.003460	0.995600	0.000940	0.000000	0.000000	0.000000
402	0.000000	0.000000	0.000000	0.003512	0.995528	0.000960	0.000000	0.000000	0.000000
403	0.000000	0.000000	0.000000	0.003443	0.995585	0.000972	0.000000	0.000000	0.000000
404	0.000000	0.000000	0.000000	0.003393	0.995631	0.000976	0.000000	0.000000	0.000000
405	0.000000	0.000000	0.000000	0.003438	0.995592	0.000970	0.000000	0.000000	0.000000
406	0.000000	0.000000	0.000000	0.003515	0.995536	0.000949	0.000000	0.000000	0.000000
407	0.000000	0.000000	0.000000	0.003575	0.995515	0.000910	0.000000	0.000000	0.000000
408	0.000000	0.000000	0.000000	0.003548	0.995512	0.000940	0.000000	0.000000	0.000000
409	0.000000	0.000000	0.000000	0.003518	0.995545	0.000937	0.000000	0.000000	0.000000
410	0.000000	0.000000	0.000000	0.003441	0.995609	0.000950	0.000000	0.000000	0.000000
411	0.000000	0.000000	0.000000	0.003401	0.995683	0.000916	0.000000	0.000000	0.000000
412	0.000000	0.000000	0.000000	0.003396	0.995696	0.000908	0.000000	0.000000	0.000000
413	0.000000	0.000000	0.000000	0.003402	0.995680	0.000918	0.000000	0.000000	0.000000
414	0.000000	0.000000	0.000000	0.003351	0.995751	0.000898	0.000000	0.000000	0.000000
415	0.000000	0.000000	0.000000	0.003380	0.995661	0.000959	0.000000	0.000000	0.000000
416	0.000000	0.000000	0.000000	0.003319	0.995744	0.000937	0.000000	0.000000	0.000000
417	0.000000	0.000000	0.000000	0.003297	0.995770	0.000933	0.000000	0.000000	0.000000
418	0.000000	0.000000	0.000000	0.003297	0.995726	0.000977	0.000000	0.000000	0.000000
419	0.000000	0.000000	0.000000	0.003312	0.995701	0.000987	0.000000	0.000000	0.000000
420	0.000000	0.000000	0.000000	0.003298	0.995744	0.000958	0.000000	0.000000	0.000000
421	0.000000	0.000000	0.000000	0.003295	0.995757	0.000948	0.000000	0.000000	0.000000
422	0.000000	0.000000	0.000000	0.003337	0.995688	0.000975	0.000000	0.000000	0.000000
423	0.000000	0.000000	0.000000	0.003366	0.995675	0.000959	0.000000	0.000000	0.000000
424	0.000000	0.000000	0.000000	0.003376	0.995672	0.000952	0.000000	0.000000	0.000000
425	0.000000	0.000000	0.000000	0.003378	0.995673	0.000949	0.000000	0.000000	0.000000
426	0.000000	0.000000	0.000000	0.003396	0.995664	0.000940	0.000000	0.000000	0.000000
427	0.000000	0.000000	0.000000	0.003451	0.995598	0.000951	0.000000	0.000000	0.000000
428	0.000000	0.000000	0.000000	0.003478	0.995562	0.000960	0.000000	0.000000	0.000000
429	0.000000	0.000000	0.000000	0.003505	0.995512	0.000983	0.000000	0.000000	0.000000
430	0.000000	0.000000	0.000000	0.003532	0.995501	0.000967	0.000000	0.000000	0.000000
431	0.000000	0.000000	0.000000	0.003521	0.995509	0.000970	0.000000	0.000000	0.000000
432	0.000000	0.000000	0.000000	0.003537	0.995490	0.000973	0.000000	0.000000	0.000000
433	0.000000	0.000000	0.000000	0.003621	0.995385	0.000994	0.000000	0.000000	0.000000
434	0.000000	0.000000	0.000000	0.003634	0.995402	0.000964	0.000000	0.000000	0.000000
435	0.000000	0.000000	0.000000	0.003661	0.995393	0.000946	0.000000	0.000000	0.000000
436	0.000000	0.000000	0.000000	0.003637	0.995358	0.001005	0.000000	0.000000	0.000000
437	0.000000	0.000000	0.000000	0.003640	0.995376	0.000984	0.000000	0.000000	0.000000
438	0.000000	0.000000	0.000000	0.003654	0.995391	0.000955	0.000000	0.000000	0.000000
439	0.000000	0.000000	0.000000	0.003626	0.995386	0.000988	0.000000	0.000000	0.000000
440	0.000000	0.000000	0.000000	0.003642	0.995336	0.001022	0.000000	0.000000	0.000000
441	0.000000	0.000000	0.000000	0.003733	0.995258	0.001009	0.000000	0.000000	0.000000
442	0.000000	0.000000	0.000000	0.003729	0.995231	0.001040	0.000000	0.000000	0.000000
443	0.000000	0.000000	0.000000	0.003752	0.995235	0.001013	0.000000	0.000000	0.000000
444	0.000000	0.000000	0.000000	0.003745	0.995235	0.001020	0.000000	0.000000	0.000000
445	0.000000	0.000000	0.000000	0.003725	0.995278	0.000997	0.000000	0.000000	0.000000
446	0.000000	0.000000	0.000000	0.003829	0.995159	0.001012	0.000000	0.000000	0.000000
447	0.000000	0.000000	0.000000	0.003855	0.995123	0.001022	0.000000	0.000000	0.000000
448	0.000000	0.000000	0.000000	0.003794	0.995211	0.000995	0.000000	0.000000	0.000000
449	0.000000	0.000000	0.000000	0.003791	0.995202	0.001007	0.000000	0.000000	0.000000
450	0.000000	0.000000	0.000000	0.003803	0.995206	0.000991	0.000000	0.000000	0.000000
451	0.000000	0.000000	0.000000	0.003777	0.995231	0.000992	0.000000	0.000000	0.000000
452	0.000000	0.000000	0.000000	0.003816	0.995140	0.001044	0.000000	0.000000	0.000000
453	0.000000	0.000000	0.000000	0.003850	0.995105	0.001045	0.000000	0.000000	0.000000
454	0.000000	0.000000	0.000000	0.003861	0.995148	0.000991	0.000000	0.000000	0.000000
455	0.000000	0.000000	0.000000	0.003799	0.995220	0.000981	0.000000	0.000000	0.000000
456	0.000000	0.000000	0.000000	0.003816	0.995219	0.000965	0.000000	0.000000	0.000000
457	0.000000	0.000000	0.000000	0.003891	0.995195	0.000914	0.000000	0.000000	0.000000
458	0.000000	0.000000	0.000000	0.003878	0.995201	0.000921	0.000000	0.000000	0.000000
459	0.000000	0.000000	0.000000	0.003862	0.995238	0.000900	0.000000	0.000000	0.000000
460	0.000000	0.000000	0.000000	0.003834	0.995220	0.000946	0.000000	0.000000	0.000000
461	0.000000	0.000000	0.000000	0.003786	0.995307	0.000907	0.000000	0.000000	0.000000
462	0.000000	0.000000	0.000000	0.003743	0.995343	0.000914	0.000000	0.000000	0.000000
463	0.000000	0.000000	0.000000	0.003758	0.995334	0.000908	0.000000	0.000000	0.000000
464	0.000000	0.000000	0.000000	0.003762	0.995328	0.000910	0.000000	0.000000	0.000000
465	0.000000	0.000000	0.000000	0.003745	0.995344	0.000911	0.000000	0.000000	0.000000
466	0.000000	0.000000	0.000000	0.003755	0.995283	0.000962	0.000000	0.000000	0.000000
467	0.000000	0.000000	0.000000	0.003748	0.995327	0.000925	0.000000	0.000000	0.000000
468	0.000000	0.000000	0.000000	0.003736	0.995329	0.000935	0.000000	0.000000	0.000000
469	0.000000	0.000000	0.000000	0.003651	0.995344	0.001005	0.000000	0.000000	0.000000
470	0.000000	0.000000	0.000000	0.003710	0.995319	0.000971	0.000000	0.000000	0.000000
