0	0.290663	0.057897	0.229473	0.157588	0.029913	0.111872	0.085455	0.012259	0.024880
1	0.226501	0.046707	0.196026	0.137201	0.028324	0.119056	0.126306	0.024666	0.095213
2	0.221358	0.045229	0.191626	0.129137	0.027926	0.113409	0.134604	0.026148	0.110563
3	0.222528	0.044747	0.189293	0.122588	0.027957	0.106645	0.138671	0.026637	0.120934
4	0.224647	0.044272	0.186595	0.116080	0.028514	0.100427	0.141975	0.026777	0.130713
5	0.227741	0.044173	0.183818	0.110519	0.028970	0.094076	0.144050	0.026720	0.139933
6	0.230777	0.043752	0.180593	0.105512	0.029514	0.087981	0.146074	0.026687	0.149110
7	0.234262	0.043466	0.177507	0.100555	0.030206	0.082066	0.147905	0.026143	0.157890
8	0.237232	0.042898	0.174298	0.096422	0.031171	0.075997	0.149588	0.025847	0.166547
9	0.240577	0.042751	0.170605	0.092508	0.032019	0.070928	0.149623	0.025900	0.175089
10	0.243654	0.042294	0.167311	0.088528	0.032938	0.065635	0.150521	0.025522	0.183597
11	0.247092	0.041870	0.162887	0.084412	0.034080	0.061036	0.151501	0.025101	0.192021
12	0.251058	0.041335	0.159109	0.080785	0.035098	0.056739	0.150587	0.024726	0.200563
13	0.254426	0.040875	0.154750	0.077547	0.036152	0.052800	0.150326	0.024489	0.208635
14	0.257966	0.040350	0.150403	0.073960	0.037584	0.048889	0.149862	0.024239	0.216747
15	0.261555	0.039850	0.146206	0.070790	0.038897	0.045372	0.149074	0.023856	0.224400
16	0.265217	0.039409	0.141547	0.068143	0.040177	0.042330	0.147928	0.023464	0.231785
17	0.268690	0.039003	0.137004	0.065330	0.041815	0.039228	0.147062	0.023099	0.238769
18	0.271733	0.038575	0.132867	0.062785	0.043000	0.036778	0.145620	0.022485	0.246157
19	0.274224	0.037972	0.129025	0.060207	0.044579	0.033953	0.143759	0.022018	0.254263
20	0.276650	0.038014	0.124309	0.057922	0.046417	0.031288	0.142535	0.021547	0.261318
21	0.280156	0.037641	0.120000	0.055470	0.048084	0.029136	0.140739	0.021006	0.267768
22	0.282447	0.037413	0.115742	0.053022	0.049923	0.027078	0.139241	0.020603	0.274531
23	0.285067	0.036772	0.111755	0.051300	0.051483	0.025234	0.137450	0.020394	0.280545
24	0.287303	0.036532	0.107542	0.049048	0.053547	0.023418	0.135835	0.019985	0.286790
25	0.289655	0.036270	0.103703	0.046913	0.055519	0.021709	0.133794	0.019593	0.292844
26	0.290673	0.036004	0.100137	0.045146	0.057300	0.020300	0.132209	0.019267	0.298964
27	0.292638	0.035665	0.096572	0.043182	0.059379	0.018694	0.130339	0.018565	0.304966
28	0.294461	0.035108	0.092869	0.041265	0.061928	0.017301	0.128094	0.018145	0.310829
29	0.295921	0.034455	0.089148	0.039562	0.064242	0.016192	0.126228	0.017840	0.316412
30	0.297508	0.033941	0.086174	0.038135	0.066417	0.015076	0.123812	0.017435	0.321502
31	0.298511	0.033357	0.082968	0.037032	0.068509	0.014050	0.121670	0.016907	0.326996
32	0.299639	0.032910	0.079596	0.035507	0.071071	0.013046	0.119327	0.016508	0.332396
33	0.300471	0.032416	0.076499	0.034131	0.073453	0.012270	0.117201	0.016041	0.337518
34	0.301498	0.031787	0.073329	0.032740	0.075557	0.011396	0.115489	0.015677	0.342527
35	0.302491	0.031458	0.070295	0.031384	0.078053	0.010720	0.113761	0.015275	0.346563
36	0.303183	0.030678	0.067374	0.030283	0.080608	0.010074	0.111761	0.014761	0.351278
37	0.303278	0.030098	0.064656	0.029061	0.083444	0.009255	0.109536	0.014449	0.356223
38	0.303354	0.029595	0.061830	0.027972	0.086451	0.008792	0.107346	0.014026	0.360634
39	0.303476	0.029173	0.059479	0.027122	0.089043	0.008156	0.105171	0.013765	0.364615
40	0.303411	0.028514	0.056590	0.026256	0.092324	0.007596	0.103031	0.013360	0.368918
41	0.303453	0.027992	0.054200	0.025256	0.095339	0.007163	0.100957	0.013107	0.372533
42	0.303563	0.027816	0.051945	0.024332	0.098478	0.006737	0.098626	0.012587	0.375916
43	0.303256	0.027348	0.049757	0.023443	0.101390	0.006338	0.096594	0.012385	0.379489
44	0.302913	0.026962	0.047351	0.022485	0.104755	0.005902	0.094423	0.012133	0.383076
45	0.302235	0.026419	0.045563	0.021635	0.107942	0.005557	0.092241	0.011921	0.386487
46	0.301133	0.026169	0.043359	0.020961	0.111061	0.005254	0.090296	0.011644	0.390123
47	0.300280	0.025699	0.041487	0.020536	0.114653	0.004975	0.088333	0.011308	0.392729
48	0.299753	0.025273	0.039694	0.019726	0.118259	0.004704	0.086182	0.011144	0.395265
49	0.298943	0.024754	0.037959	0.019245	0.121444	0.004338	0.084147	0.010809	0.398361
50	0.297808	0.024044	0.036444	0.018585	0.124988	0.004044	0.082316	0.010599	0.401172
51	0.296490	0.023584	0.034550	0.018007	0.128987	0.003749	0.080181	0.010357	0.404095
52	0.295218	0.023172	0.033033	0.017371	0.132770	0.003468	0.078387	0.010074	0.406507
53	0.293748	0.022747	0.031748	0.016926	0.136774	0.003244	0.076553	0.009847	0.408413
54	0.292483	0.022164	0.030157	0.016324	0.140389	0.003056	0.074792	0.009476	0.411159
55	0.290573	0.021776	0.028789	0.015903	0.144633	0.002872	0.072954	0.009271	0.413229
56	0.288994	0.021493	0.027328	0.015306	0.149024	0.002662	0.071443	0.008892	0.414858
57	0.286539	0.021169	0.026104	0.014922	0.152990	0.002475	0.069662	0.008611	0.417528
58	0.284711	0.020805	0.024840	0.014335	0.157092	0.002366	0.067720	0.008370	0.419761
59	0.282804	0.020417	0.023927	0.014091	0.160983	0.002149	0.065832	0.008103	0.421694
60	0.280663	0.020080	0.022809	0.013488	0.165192	0.001997	0.064229	0.007915	0.423627
61	0.278380	0.019550	0.021660	0.013159	0.169465	0.002008	0.062727	0.007763	0.425288
62	0.276114	0.019078	0.020585	0.012976	0.173550	0.001811	0.061327	0.007531	0.427028
63	0.273554	0.018782	0.019626	0.012563	0.177894	0.001667	0.059941	0.007225	0.428748
64	0.271654	0.018378	0.018553	0.012139	0.182212	0.001535	0.058085	0.007031	0.430413
65	0.268777	0.018051	0.017555	0.011876	0.186658	0.001461	0.056970	0.006795	0.431857
66	0.266819	0.017653	0.016759	0.011407	0.191028	0.001352	0.055848	0.006746	0.432388
67	0.264133	0.017208	0.015820	0.011215	0.195778	0.001233	0.054462	0.006626	0.433525
68	0.261678	0.016942	0.015032	0.010928	0.200340	0.001235	0.053030	0.006394	0.434421
69	0.258763	0.016487	0.014337	0.010601	0.205481	0.001129	0.052012	0.006272	0.434918
70	0.256603	0.016135	0.013550	0.010504	0.209526	0.001078	0.050816	0.005992	0.435796
71	0.253581	0.015739	0.013110	0.010153	0.214631	0.000991	0.049419	0.005878	0.436498
72	0.251246	0.015417	0.012553	0.009910	0.218988	0.000966	0.048598	0.005586	0.436736
73	0.248064	0.015029	0.011955	0.009630	0.223953	0.000935	0.047393	0.005586	0.437455
74	0.244951	0.014532	0.011247	0.009434	0.228559	0.000875	0.046312	0.005476	0.438614
75	0.242182	0.014287	0.010639	0.009220	0.233130	0.000822	0.045178	0.005240	0.439302
76	0.239715	0.013861	0.010139	0.008975	0.237930	0.000816	0.044013	0.005156	0.439395
77	0.236648	0.013514	0.009732	0.008814	0.242672	0.000801	0.042858	0.004942	0.440019
78	0.233681	0.013185	0.009315	0.008748	0.247830	0.000730	0.041886	0.004789	0.439836
79	0.230785	0.012926	0.009008	0.008578	0.252605	0.000713	0.040599	0.004760	0.440026
80	0.228436	0.012585	0.008433	0.008522	0.257433	0.000692	0.039529	0.004617	0.439753
81	0.225168	0.012330	0.008040	0.008373	0.262635	0.000646	0.038687	0.004493	0.439628
82	0.222493	0.012021	0.007565	0.008276	0.267443	0.000608	0.037773	0.004428	0.439393
83	0.219639	0.011821	0.007109	0.008216	0.272441	0.000599	0.037055	0.004219	0.438901
84	0.217158	0.011258	0.006584	0.008057	0.277213	0.000584	0.036117	0.004014	0.439015
85	0.213295	0.010888	0.006161	0.008037	0.282262	0.000580	0.035296	0.003931	0.439550
86	0.210857	0.010449	0.005807	0.007792	0.286773	0.000575	0.034311	0.003849	0.439587
87	0.208102	0.010319	0.005498	0.007634	0.291440	0.000548	0.033392	0.003660	0.439407
88	0.205091	0.009941	0.005266	0.007470	0.296653	0.000551	0.032671	0.003548	0.438809
89	0.202323	0.009661	0.005016	0.007358	0.301467	0.000556	0.031702	0.003408	0.438509
90	0.199255	0.009366	0.004735	0.007316	0.306450	0.000549	0.030964	0.003343	0.438022
91	0.195658	0.009052	0.004521	0.007172	0.312247	0.000544	0.030404	0.003291	0.437111
92	0.192290	0.008853	0.004251	0.006961	0.316795	0.000542	0.029737	0.003147	0.437424
93	0.189149	0.008615	0.004196	0.006918	0.321734	0.000547	0.029070	0.003042	0.436729
94	0.186267	0.008361	0.003997	0.006914	0.326509	0.000538	0.028473	0.002987	0.435954
95	0.182985	0.008042	0.003732	0.006791	0.331788	0.000491	0.027871	0.002874	0.435426
96	0.180326	0.007903	0.003579	0.006669	0.336501	0.000495	0.026974	0.002737	0.434816
97	0.177423	0.007627	0.003381	0.006609	0.341874	0.000499	0.026366	0.002605	0.433616
98	0.174089	0.007372	0.003220	0.006599	0.347245	0.000487	0.025536	0.002506	0.432946
99	0.170847	0.007145	0.002950	0.006534	0.352762	0.000468	0.024869	0.002380	0.432045
100	0.168021	0.006948	0.002776	0.006483	0.357618	0.000465	0.024339	0.002284	0.431066
101	0.164958	0.006679	0.002642	0.006556	0.362746	0.000462	0.023729	0.002248	0.429980
102	0.162127	0.006384	0.002521	0.006518	0.367946	0.000468	0.023299	0.002181	0.428556
103	0.158932	0.006104	0.002463	0.006433	0.373644	0.000487	0.022657	0.002102	0.427178
104	0.156059	0.005902	0.002352	0.006430	0.378481	0.000451	0.022181	0.002077	0.426067
105	0.153237	0.005804	0.002167	0.006566	0.383410	0.000451	0.021560	0.002047	0.424758
106	0.150399	0.005545	0.002075	0.006362	0.388288	0.000469	0.021170	0.001950	0.423742
107	0.147448	0.005240	0.002006	0.006311	0.393737	0.000433	0.020566	0.001908	0.422351
108	0.145015	0.005051	0.001918	0.006183	0.398548	0.000447	0.020117	0.001858	0.420863
109	0.142121	0.004941	0.001800	0.006108	0.403593	0.000419	0.019705	0.001785	0.419528
110	0.139192	0.004680	0.001762	0.006028	0.408413	0.000428	0.019365	0.001753	0.418379
111	0.136372	0.004557	0.001593	0.005927	0.413831	0.000436	0.018906	0.001672	0.416706
112	0.133288	0.004432	0.001516	0.005878	0.419227	0.000430	0.018627	0.001716	0.414886
113	0.130439	0.004280	0.001458	0.005838	0.424508	0.000434	0.018150	0.001657	0.413236
114	0.127481	0.004076	0.001425	0.005843	0.429239	0.000436	0.017805	0.001589	0.412106
115	0.124593	0.003948	0.001366	0.005830	0.434585	0.000424	0.017650	0.001550	0.410054
116	0.121885	0.003752	0.001314	0.005878	0.439055	0.000430	0.017415	0.001438	0.408833
117	0.119050	0.003621	0.001244	0.005784	0.444438	0.000390	0.017304	0.001358	0.406811
118	0.116240	0.003508	0.001169	0.005750	0.449396	0.000377	0.016997	0.001345	0.405218
119	0.113225	0.003380	0.001038	0.005771	0.454119	0.000367	0.016553	0.001308	0.404239
120	0.110836	0.003300	0.000943	0.005816	0.459200	0.000349	0.016340	0.001263	0.401953
121	0.108490	0.003203	0.000936	0.005740	0.464146	0.000386	0.015999	0.001231	0.399869
122	0.106263	0.003089	0.000860	0.005750	0.468904	0.000401	0.015655	0.001196	0.397882
123	0.104064	0.002921	0.000778	0.005742	0.473711	0.000388	0.015193	0.001181	0.396022
124	0.101757	0.002785	0.000738	0.005694	0.478300	0.000382	0.014845	0.001175	0.394324
125	0.099197	0.002646	0.000716	0.005701	0.483034	0.000374	0.014432	0.001144	0.392756
126	0.096947	0.002538	0.000634	0.005638	0.488119	0.000371	0.014118	0.001124	0.390511
127	0.094836	0.002407	0.000600	0.005617	0.492631	0.000357	0.013630	0.001078	0.388844
128	0.092643	0.002285	0.000558	0.005652	0.497701	0.000328	0.013522	0.001041	0.386270
129	0.090443	0.002189	0.000562	0.005630	0.502350	0.000305	0.013198	0.001002	0.384321
130	0.088360	0.002116	0.000535	0.005590	0.506899	0.000273	0.013087	0.000925	0.382215
131	0.085993	0.002056	0.000524	0.005471	0.511457	0.000284	0.012639	0.000943	0.380633
132	0.083869	0.001986	0.000522	0.005491	0.516017	0.000263	0.012325	0.000918	0.378609
133	0.082046	0.001860	0.000495	0.005459	0.520774	0.000282	0.011891	0.000881	0.376312
134	0.079902	0.001755	0.000467	0.005401	0.525361	0.000264	0.011670	0.000835	0.374345
135	0.077965	0.001644	0.000415	0.005404	0.530140	0.000246	0.011409	0.000796	0.371981
136	0.076177	0.001551	0.000409	0.005357	0.534299	0.000256	0.010990	0.000761	0.370200
137	0.074323	0.001497	0.000387	0.005298	0.539064	0.000229	0.010995	0.000748	0.367459
138	0.072532	0.001416	0.000350	0.005398	0.543360	0.000228	0.010696	0.000688	0.365332
139	0.070612	0.001380	0.000353	0.005442	0.548019	0.000205	0.010498	0.000657	0.362834
140	0.068995	0.001316	0.000328	0.005393	0.552667	0.000208	0.010217	0.000635	0.360241
141	0.067381	0.001285	0.000318	0.005343	0.557322	0.000221	0.009961	0.000662	0.357507
142	0.065603	0.001213	0.000273	0.005359	0.561761	0.000241	0.009743	0.000630	0.355177
143	0.063563	0.001163	0.000271	0.005256	0.566478	0.000215	0.009464	0.000615	0.352975
144	0.061705	0.001152	0.000271	0.005277	0.570756	0.000228	0.009259	0.000566	0.350786
145	0.059906	0.001074	0.000255	0.005301	0.575429	0.000220	0.009052	0.000561	0.348202
146	0.058008	0.001056	0.000241	0.005293	0.579693	0.000195	0.008773	0.000565	0.346176
147	0.056310	0.001036	0.000248	0.005240	0.583689	0.000197	0.008476	0.000586	0.344218
148	0.054448	0.000995	0.000269	0.005263	0.587947	0.000183	0.008387	0.000544	0.341964
149	0.052645	0.000929	0.000253	0.005235	0.592248	0.000199	0.008174	0.000539	0.339778
150	0.051224	0.000900	0.000224	0.005203	0.596705	0.000157	0.007919	0.000535	0.337133
151	0.049867	0.000876	0.000212	0.005201	0.600643	0.000179	0.007747	0.000563	0.334712
152	0.048356	0.000808	0.000206	0.005180	0.604941	0.000186	0.007518	0.000541	0.332264
153	0.046555	0.000773	0.000189	0.005206	0.609074	0.000167	0.007409	0.000548	0.330079
154	0.045204	0.000737	0.000175	0.005121	0.612951	0.000172	0.007137	0.000519	0.327984
155	0.043933	0.000702	0.000177	0.005026	0.617346	0.000198	0.006862	0.000519	0.325237
156	0.042570	0.000717	0.000156	0.004979	0.621372	0.000174	0.006663	0.000484	0.322885
157	0.041259	0.000705	0.000152	0.004911	0.625490	0.000174	0.006503	0.000469	0.320337
158	0.039933	0.000685	0.000139	0.004870	0.629644	0.000164	0.006382	0.000437	0.317746
159	0.038886	0.000659	0.000141	0.004919	0.633694	0.000167	0.006184	0.000419	0.314931
160	0.037566	0.000657	0.000130	0.004929	0.637954	0.000150	0.006050	0.000415	0.312149
161	0.036491	0.000640	0.000101	0.004904	0.641765	0.000156	0.005937	0.000393	0.309613
162	0.035146	0.000574	0.000093	0.004850	0.645634	0.000142	0.005803	0.000430	0.307328
163	0.034187	0.000561	0.000101	0.004749	0.649022	0.000143	0.005758	0.000418	0.305061
164	0.033135	0.000546	0.000108	0.004712	0.653057	0.000140	0.005554	0.000417	0.302331
165	0.032320	0.000486	0.000106	0.004645	0.657271	0.000160	0.005452	0.000400	0.299160
166	0.031210	0.000452	0.000094	0.004620	0.661257	0.000158	0.005353	0.000382	0.296474
167	0.030045	0.000465	0.000099	0.004609	0.665035	0.000160	0.005287	0.000357	0.293943
168	0.028934	0.000419	0.000092	0.004675	0.668633	0.000148	0.005171	0.000350	0.291578
169	0.028053	0.000418	0.000075	0.004719	0.672077	0.000137	0.004997	0.000335	0.289189
170	0.027137	0.000393	0.000089	0.004685	0.675598	0.000139	0.004875	0.000338	0.286746
171	0.026159	0.000382	0.000074	0.004758	0.679630	0.000144	0.004747	0.000327	0.283779
172	0.025428	0.000353	0.000065	0.004724	0.683238	0.000125	0.004657	0.000317	0.281093
173	0.024439	0.000354	0.000059	0.004660	0.687114	0.000140	0.004489	0.000307	0.278438
174	0.023714	0.000344	0.000057	0.004664	0.690827	0.000156	0.004367	0.000285	0.275586
175	0.023070	0.000318	0.000052	0.004656	0.694364	0.000137	0.004233	0.000277	0.272893
176	0.022263	0.000288	0.000052	0.004609	0.698202	0.000137	0.004109	0.000241	0.270099
177	0.021503	0.000283	0.000050	0.004627	0.701475	0.000150	0.004056	0.000243	0.267613
178	0.020823	0.000260	0.000043	0.004671	0.704753	0.000168	0.003999	0.000238	0.265045
179	0.020257	0.000250	0.000054	0.004681	0.707946	0.000157	0.003849	0.000222	0.262584
180	0.019731	0.000227	0.000042	0.004607	0.711331	0.000152	0.003781	0.000203	0.259926
181	0.019114	0.000191	0.000034	0.004663	0.714645	0.000146	0.003676	0.000224	0.257307
182	0.018458	0.000167	0.000029	0.004692	0.717620	0.000142	0.003678	0.000198	0.255016
183	0.017830	0.000160	0.000026	0.004735	0.720836	0.000138	0.003548	0.000210	0.252517
184	0.017230	0.000142	0.000019	0.004791	0.724254	0.000149	0.003438	0.000191	0.249786
185	0.016535	0.000140	0.000023	0.004801	0.727400	0.000153	0.003362	0.000180	0.247406
186	0.015893	0.000127	0.000015	0.004862	0.730627	0.000162	0.003253	0.000192	0.244869
187	0.015476	0.000122	0.000015	0.004719	0.733792	0.000164	0.003213	0.000177	0.242322
188	0.014983	0.000115	0.000016	0.004752	0.737222	0.000157	0.003144	0.000173	0.239438
189	0.014359	0.000115	0.000016	0.004735	0.740226	0.000153	0.003079	0.000160	0.237157
190	0.013781	0.000104	0.000014	0.004775	0.743282	0.000145	0.003082	0.000153	0.234664
191	0.013323	0.000120	0.000016	0.004734	0.746720	0.000149	0.002955	0.000161	0.231822
192	0.012930	0.000105	0.000015	0.004772	0.749883	0.000148	0.002885	0.000159	0.229103
193	0.012609	0.000085	0.000017	0.004717	0.752836	0.000162	0.002829	0.000147	0.226598
194	0.012103	0.000080	0.000011	0.004677	0.755901	0.000156	0.002767	0.000128	0.224177
195	0.011752	0.000079	0.000005	0.004651	0.758798	0.000153	0.002774	0.000116	0.221672
196	0.011351	0.000073	0.000006	0.004607	0.761849	0.000142	0.002681	0.000109	0.219182
197	0.010930	0.000067	0.000005	0.004612	0.764713	0.000143	0.002644	0.000117	0.216769
198	0.010463	0.000056	0.000008	0.004625	0.767678	0.000133	0.002584	0.000100	0.214353
199	0.010063	0.000060	0.000008	0.004604	0.770410	0.000137	0.002546	0.000103	0.212069
200	0.009770	0.000065	0.000009	0.004486	0.773396	0.000141	0.002475	0.000100	0.209558
201	0.009385	0.000065	0.000010	0.004492	0.776205	0.000128	0.002388	0.000093	0.207234
202	0.009014	0.000058	0.000006	0.004454	0.778732	0.000117	0.002347	0.000091	0.205181
203	0.008711	0.000052	0.000005	0.004433	0.781525	0.000115	0.002308	0.000084	0.202767
204	0.008434	0.000047	0.000004	0.004440	0.784096	0.000116	0.002250	0.000079	0.200534
205	0.008095	0.000045	0.000005	0.004445	0.787184	0.000115	0.002157	0.000075	0.197879
206	0.007686	0.000046	0.000006	0.004553	0.789593	0.000106	0.002070	0.000071	0.195869
207	0.007460	0.000041	0.000005	0.004582	0.792215	0.000104	0.002022	0.000077	0.193494
208	0.007205	0.000029	0.000003	0.004616	0.794827	0.000118	0.001998	0.000081	0.191123
209	0.006877	0.000031	0.000008	0.004608	0.797499	0.000123	0.001931	0.000073	0.188850
210	0.006544	0.000028	0.000009	0.004624	0.800268	0.000124	0.001850	0.000060	0.186493
211	0.006288	0.000033	0.000014	0.004596	0.802870	0.000131	0.001815	0.000061	0.184192
212	0.006059	0.000036	0.000015	0.004637	0.805264	0.000128	0.001761	0.000078	0.182022
213	0.005845	0.000038	0.000019	0.004553	0.807785	0.000132	0.001744	0.000087	0.179797
214	0.005678	0.000046	0.000017	0.004507	0.810153	0.000103	0.001657	0.000086	0.177753
215	0.005414	0.000045	0.000016	0.004534	0.812700	0.000094	0.001608	0.000090	0.175499
216	0.005237	0.000037	0.000013	0.004524	0.815375	0.000113	0.001520	0.000092	0.173089
217	0.005017	0.000046	0.000011	0.004456	0.817869	0.000106	0.001484	0.000086	0.170925
218	0.004825	0.000041	0.000012	0.004510	0.820169	0.000115	0.001451	0.000080	0.168797
219	0.004656	0.000040	0.000013	0.004523	0.822499	0.000121	0.001412	0.000075	0.166661
220	0.004502	0.000030	0.000006	0.004562	0.824506	0.000123	0.001382	0.000071	0.164818
221	0.004355	0.000029	0.000002	0.004548	0.826835	0.000129	0.001384	0.000064	0.162654
222	0.004166	0.000028	0.000000	0.004475	0.829344	0.000136	0.001408	0.000068	0.160375
223	0.003995	0.000029	0.000000	0.004453	0.831612	0.000132	0.001351	0.000077	0.158351
224	0.003839	0.000027	0.000000	0.004409	0.833735	0.000134	0.001316	0.000085	0.156455
225	0.003709	0.000024	0.000000	0.004492	0.836093	0.000129	0.001256	0.000085	0.154212
226	0.003564	0.000025	0.000000	0.004423	0.838317	0.000110	0.001198	0.000088	0.152275
227	0.003394	0.000021	0.000000	0.004333	0.840606	0.000108	0.001164	0.000090	0.150284
228	0.003199	0.000022	0.000000	0.004359	0.842631	0.000116	0.001152	0.000100	0.148421
229	0.003101	0.000021	0.000000	0.004344	0.844610	0.000097	0.001117	0.000110	0.146600
230	0.002968	0.000017	0.000000	0.004321	0.846714	0.000111	0.001105	0.000105	0.144659
231	0.002823	0.000017	0.000000	0.004305	0.848780	0.000100	0.001121	0.000106	0.142748
232	0.002723	0.000012	0.000000	0.004380	0.850661	0.000089	0.001051	0.000096	0.140988
233	0.002615	0.000011	0.000000	0.004341	0.852608	0.000096	0.001044	0.000094	0.139191
234	0.002516	0.000009	0.000000	0.004334	0.854842	0.000095	0.001008	0.000091	0.137105
235	0.002366	0.000006	0.000000	0.004248	0.856983	0.000094	0.001042	0.000089	0.135172
236	0.002289	0.000001	0.000000	0.004257	0.859105	0.000094	0.000979	0.000091	0.133184
237	0.002219	0.000002	0.000000	0.004274	0.860911	0.000094	0.000987	0.000095	0.131418
238	0.002092	0.000001	0.000000	0.004324	0.862844	0.000091	0.000952	0.000090	0.129606
239	0.001997	0.000000	0.000000	0.004358	0.864617	0.000091	0.000933	0.000081	0.127923
240	0.001949	0.000000	0.000000	0.004399	0.866330	0.000116	0.000898	0.000073	0.126235
241	0.001877	0.000000	0.000000	0.004448	0.868061	0.000106	0.000903	0.000075	0.124530
242	0.001809	0.000000	0.000000	0.004461	0.870009	0.000110	0.000843	0.000064	0.122704
243	0.001746	0.000000	0.000000	0.004526	0.871715	0.000113	0.000863	0.000069	0.120968
244	0.001688	0.000000	0.000000	0.004486	0.873358	0.000125	0.000880	0.000064	0.119399
245	0.001639	0.000000	0.000000	0.004428	0.875244	0.000137	0.000842	0.000069	0.117641
246	0.001581	0.000000	0.000000	0.004396	0.876852	0.000127	0.000829	0.000065	0.116150
247	0.001497	0.000000	0.000000	0.004352	0.878611	0.000133	0.000838	0.000074	0.114495
248	0.001434	0.000000	0.000000	0.004371	0.880308	0.000129	0.000808	0.000082	0.112868
249	0.001387	0.000000	0.000000	0.004347	0.881843	0.000136	0.000761	0.000073	0.111453
250	0.001354	0.000000	0.000000	0.004321	0.883504	0.000133	0.000755	0.000082	0.109851
251	0.001299	0.000000	0.000000	0.004359	0.885064	0.000131	0.000742	0.000075	0.108330
252	0.001284	0.000000	0.000000	0.004401	0.886579	0.000146	0.000732	0.000057	0.106801
253	0.001246	0.000000	0.000000	0.004438	0.887963	0.000149	0.000682	0.000058	0.105464
254	0.001194	0.000000	0.000000	0.004557	0.889458	0.000144	0.000653	0.000059	0.103935
255	0.001115	0.000000	0.000000	0.004503	0.891165	0.000139	0.000627	0.000067	0.102384
256	0.001084	0.000000	0.000000	0.004489	0.892758	0.000142	0.000598	0.000063	0.100866
257	0.001052	0.000000	0.000000	0.004504	0.894473	0.000142	0.000583	0.000062	0.099184
258	0.000985	0.000000	0.000000	0.004426	0.895852	0.000123	0.000580	0.000053	0.097981
259	0.000989	0.000000	0.000000	0.004377	0.897592	0.000143	0.000535	0.000049	0.096315
260	0.000940	0.000000	0.000000	0.004382	0.899100	0.000143	0.000550	0.000043	0.094842
261	0.000888	0.000000	0.000000	0.004396	0.900543	0.000133	0.000507	0.000037	0.093496
262	0.000874	0.000000	0.000000	0.004410	0.902105	0.000141	0.000499	0.000029	0.091942
263	0.000808	0.000000	0.000000	0.004377	0.903440	0.000147	0.000515	0.000019	0.090694
264	0.000770	0.000000	0.000000	0.004364	0.904969	0.000150	0.000512	0.000022	0.089213
265	0.000742	0.000000	0.000000	0.004389	0.906469	0.000158	0.000484	0.000011	0.087747
266	0.000738	0.000000	0.000000	0.004404	0.907863	0.000169	0.000444	0.000009	0.086373
267	0.000705	0.000000	0.000000	0.004415	0.909124	0.000180	0.000431	0.000006	0.085139
268	0.000680	0.000000	0.000000	0.004476	0.910449	0.000191	0.000442	0.000005	0.083757
269	0.000626	0.000000	0.000000	0.004411	0.911948	0.000169	0.000419	0.000006	0.082421
270	0.000581	0.000000	0.000000	0.004393	0.913231	0.000171	0.000398	0.000005	0.081221
271	0.000550	0.000000	0.000000	0.004363	0.914527	0.000166	0.000374	0.000003	0.080017
272	0.000521	0.000000	0.000000	0.004282	0.915741	0.000167	0.000368	0.000001	0.078920
273	0.000485	0.000000	0.000000	0.004312	0.916929	0.000163	0.000338	0.000001	0.077772
274	0.000489	0.000000	0.000000	0.004292	0.918177	0.000173	0.000340	0.000000	0.076529
275	0.000469	0.000000	0.000000	0.004286	0.919372	0.000183	0.000336	0.000000	0.075354
276	0.000435	0.000000	0.000000	0.004296	0.920493	0.000186	0.000332	0.000000	0.074258
277	0.000424	0.000000	0.000000	0.004286	0.921680	0.000183	0.000315	0.000000	0.073112
278	0.000398	0.000000	0.000000	0.004387	0.922668	0.000169	0.000322	0.000000	0.072056
279	0.000412	0.000000	0.000000	0.004292	0.923940	0.000168	0.000300	0.000000	0.070888
280	0.000402	0.000000	0.000000	0.004296	0.925045	0.000153	0.000281	0.000000	0.069823
281	0.000368	0.000000	0.000000	0.004327	0.926153	0.000194	0.000280	0.000000	0.068678
282	0.000338	0.000000	0.000000	0.004283	0.927406	0.000174	0.000268	0.000000	0.067531
283	0.000317	0.000000	0.000000	0.004330	0.928382	0.000161	0.000268	0.000000	0.066542
284	0.000296	0.000000	0.000000	0.004365	0.929526	0.000150	0.000274	0.000000	0.065389
285	0.000277	0.000000	0.000000	0.004385	0.930672	0.000161	0.000286	0.000000	0.064219
286	0.000270	0.000000	0.000000	0.004364	0.931836	0.000169	0.000261	0.000000	0.063100
287	0.000273	0.000000	0.000000	0.004342	0.933004	0.000161	0.000270	0.000000	0.061950
288	0.000249	0.000000	0.000000	0.004255	0.934213	0.000172	0.000263	0.000000	0.060848
289	0.000230	0.000000	0.000000	0.004329	0.935028	0.000189	0.000262	0.000000	0.059962
290	0.000206	0.000000	0.000000	0.004280	0.936190	0.000181	0.000257	0.000000	0.058886
291	0.000192	0.000000	0.000000	0.004389	0.936851	0.000159	0.000248	0.000000	0.058161
292	0.000178	0.000000	0.000000	0.004394	0.937891	0.000176	0.000232	0.000000	0.057129
293	0.000175	0.000000	0.000000	0.004337	0.939038	0.000153	0.000244	0.000000	0.056053
294	0.000139	0.000000	0.000000	0.004298	0.940004	0.000172	0.000244	0.000000	0.055143
295	0.000136	0.000000	0.000000	0.004331	0.941029	0.000154	0.000256	0.000000	0.054094
296	0.000145	0.000000	0.000000	0.004351	0.941835	0.000169	0.000267	0.000000	0.053233
297	0.000141	0.000000	0.000000	0.004327	0.942924	0.000167	0.000247	0.000000	0.052194
298	0.000123	0.000000	0.000000	0.004348	0.943747	0.000157	0.000250	0.000000	0.051375
299	0.000098	0.000000	0.000000	0.004286	0.944807	0.000166	0.000257	0.000000	0.050386
300	0.000093	0.000000	0.000000	0.004318	0.945652	0.000151	0.000257	0.000000	0.049529
301	0.000089	0.000000	0.000000	0.004301	0.946448	0.000139	0.000262	0.000000	0.048761
302	0.000081	0.000000	0.000000	0.004277	0.947401	0.000136	0.000253	0.000000	0.047852
303	0.000077	0.000000	0.000000	0.004303	0.948171	0.000149	0.000237	0.000000	0.047063
304	0.000080	0.000000	0.000000	0.004304	0.949176	0.000159	0.000239	0.000000	0.046042
305	0.000068	0.000000	0.000000	0.004290	0.949970	0.000156	0.000248	0.000000	0.045268
306	0.000053	0.000000	0.000000	0.004291	0.950805	0.000170	0.000250	0.000000	0.044431
307	0.000045	0.000000	0.000000	0.004337	0.951647	0.000169	0.000259	0.000000	0.043543
308	0.000048	0.000000	0.000000	0.004330	0.952447	0.000170	0.000237	0.000000	0.042768
309	0.000044	0.000000	0.000000	0.004355	0.953211	0.000152	0.000222	0.000000	0.042016
310	0.000035	0.000000	0.000000	0.004370	0.953811	0.000175	0.000217	0.000000	0.041392
311	0.000028	0.000000	0.000000	0.004282	0.954754	0.000166	0.000213	0.000000	0.040557
312	0.000022	0.000000	0.000000	0.004331	0.955515	0.000188	0.000217	0.000000	0.039727
313	0.000021	0.000000	0.000000	0.004299	0.956233	0.000188	0.000228	0.000000	0.039031
314	0.000013	0.000000	0.000000	0.004317	0.956946	0.000170	0.000221	0.000000	0.038333
315	0.000012	0.000000	0.000000	0.004304	0.957793	0.000180	0.000211	0.000000	0.037500
316	0.000009	0.000000	0.000000	0.004281	0.958282	0.000183	0.000218	0.000000	0.037027
317	0.000011	0.000000	0.000000	0.004278	0.958979	0.000177	0.000218	0.000000	0.036337
318	0.000008	0.000000	0.000000	0.004252	0.959621	0.000166	0.000197	0.000000	0.035756
319	0.000004	0.000000	0.000000	0.004321	0.960195	0.000190	0.000196	0.000000	0.035094
320	0.000003	0.000000	0.000000	0.004319	0.960952	0.000193	0.000199	0.000000	0.034334
321	0.000001	0.000000	0.000000	0.004311	0.961532	0.000198	0.000190	0.000000	0.033768
322	0.000001	0.000000	0.000000	0.004391	0.962110	0.000185	0.000183	0.000000	0.033130
323	0.000002	0.000000	0.000000	0.004388	0.962751	0.000191	0.000189	0.000000	0.032479
324	0.000000	0.000000	0.000000	0.004417	0.963393	0.000179	0.000192	0.000000	0.031819
325	0.000000	0.000000	0.000000	0.004391	0.964054	0.000188	0.000187	0.000000	0.031180
326	0.000000	0.000000	0.000000	0.004392	0.964765	0.000184	0.000154	0.000000	0.030505
327	0.000000	0.000000	0.000000	0.004398	0.965234	0.000188	0.000170	0.000000	0.030010
328	0.000000	0.000000	0.000000	0.004380	0.966009	0.000185	0.000160	0.000000	0.029266
329	0.000000	0.000000	0.000000	0.004369	0.966588	0.000190	0.000153	0.000000	0.028700
330	0.000000	0.000000	0.000000	0.004268	0.967244	0.000207	0.000145	0.000000	0.028136
331	0.000000	0.000000	0.000000	0.004197	0.968015	0.000180	0.000140	0.000000	0.027468
332	0.000000	0.000000	0.000000	0.004055	0.968804	0.000192	0.000131	0.000000	0.026818
333	0.000000	0.000000	0.000000	0.004122	0.969125	0.000201	0.000131	0.000000	0.026421
334	0.000000	0.000000	0.000000	0.004054	0.969767	0.000210	0.000138	0.000000	0.025831
335	0.000000	0.000000	0.000000	0.004025	0.970277	0.000222	0.000125	0.000000	0.025351
336	0.000000	0.000000	0.000000	0.004058	0.970647	0.000227	0.000133	0.000000	0.024935
337	0.000000	0.000000	0.000000	0.003944	0.971307	0.000209	0.000129	0.000000	0.024411
338	0.000000	0.000000	0.000000	0.003909	0.971676	0.000206	0.000141	0.000000	0.024068
339	0.000000	0.000000	0.000000	0.003903	0.972177	0.000231	0.000119	0.000000	0.023570
340	0.000000	0.000000	0.000000	0.003896	0.972641	0.000221	0.000119	0.000000	0.023123
341	0.000000	0.000000	0.000000	0.003898	0.973187	0.000213	0.000113	0.000000	0.022589
342	0.000000	0.000000	0.000000	0.003928	0.973718	0.000211	0.000105	0.000000	0.022038
343	0.000000	0.000000	0.000000	0.003936	0.974151	0.000201	0.000107	0.000000	0.021605
344	0.000000	0.000000	0.000000	0.003919	0.974525	0.000198	0.000104	0.000000	0.021254
345	0.000000	0.000000	0.000000	0.004004	0.974922	0.000187	0.000100	0.000000	0.020787
346	0.000000	0.000000	0.000000	0.003975	0.975387	0.000174	0.000089	0.000000	0.020375
347	0.000000	0.000000	0.000000	0.004012	0.975688	0.000192	0.000102	0.000000	0.020006
348	0.000000	0.000000	0.000000	0.004075	0.975947	0.000192	0.000093	0.000000	0.019693
349	0.000000	0.000000	0.000000	0.004117	0.976214	0.000173	0.000094	0.000000	0.019402
350	0.000000	0.000000	0.000000	0.004085	0.976664	0.000160	0.000072	0.000000	0.019019
351	0.000000	0.000000	0.000000	0.004106	0.977132	0.000170	0.000086	0.000000	0.018506
352	0.000000	0.000000	0.000000	0.004106	0.977518	0.000140	0.000077	0.000000	0.018159
353	0.000000	0.000000	0.000000	0.004136	0.977811	0.000136	0.000078	0.000000	0.017839
354	0.000000	0.000000	0.000000	0.004116	0.978127	0.000146	0.000083	0.000000	0.017528
355	0.000000	0.000000	0.000000	0.004129	0.978508	0.000147	0.000071	0.000000	0.017145
356	0.000000	0.000000	0.000000	0.004155	0.978853	0.000144	0.000079	0.000000	0.016769
357	0.000000	0.000000	0.000000	0.004168	0.979232	0.000153	0.000081	0.000000	0.016366
358	0.000000	0.000000	0.000000	0.004183	0.979505	0.000147	0.000072	0.000000	0.016093
359	0.000000	0.000000	0.000000	0.004282	0.979845	0.000159	0.000080	0.000000	0.015634
360	0.000000	0.000000	0.000000	0.004223	0.980333	0.000164	0.000087	0.000000	0.015193
361	0.000000	0.000000	0.000000	0.004255	0.980575	0.000166	0.000083	0.000000	0.014921
362	0.000000	0.000000	0.000000	0.004259	0.980860	0.000156	0.000083	0.000000	0.014642
363	0.000000	0.000000	0.000000	0.004216	0.981171	0.000169	0.000065	0.000000	0.014379
364	0.000000	0.000000	0.000000	0.004167	0.981579	0.000163	0.000068	0.000000	0.014023
365	0.000000	0.000000	0.000000	0.004152	0.981813	0.000160	0.000074	0.000000	0.013801
366	0.000000	0.000000	0.000000	0.004130	0.982243	0.000162	0.000065	0.000000	0.013400
367	0.000000	0.000000	0.000000	0.004229	0.982418	0.000158	0.000066	0.000000	0.013129
368	0.000000	0.000000	0.000000	0.004278	0.982670	0.000159	0.000048	0.000000	0.012845
369	0.000000	0.000000	0.000000	0.004237	0.982990	0.000155	0.000049	0.000000	0.012569
370	0.000000	0.000000	0.000000	0.004297	0.983126	0.000135	0.000040	0.000000	0.012402
371	0.000000	0.000000	0.000000	0.004279	0.983394	0.000131	0.000033	0.000000	0.012163
372	0.000000	0.000000	0.000000	0.004299	0.983598	0.000134	0.000035	0.000000	0.011934
373	0.000000	0.000000	0.000000	0.004287	0.983867	0.000131	0.000038	0.000000	0.011677
374	0.000000	0.000000	0.000000	0.004270	0.984091	0.000113	0.000037	0.000000	0.011489
375	0.000000	0.000000	0.000000	0.004229	0.984439	0.000120	0.000029	0.000000	0.011183
376	0.000000	0.000000	0.000000	0.004246	0.984677	0.000132	0.000028	0.000000	0.010917
377	0.000000	0.000000	0.000000	0.004257	0.984955	0.000120	0.000025	0.000000	0.010643
378	0.000000	0.000000	0.000000	0.004199	0.985133	0.000135	0.000030	0.000000	0.010503
379	0.000000	0.000000	0.000000	0.004202	0.985334	0.000149	0.000027	0.000000	0.010288
380	0.000000	0.000000	0.000000	0.004230	0.985527	0.000150	0.000024	0.000000	0.010069
381	0.000000	0.000000	0.000000	0.004204	0.985684	0.000142	0.000019	0.000000	0.009951
382	0.000000	0.000000	0.000000	0.004249	0.985787	0.000150	0.000015	0.000000	0.009799
383	0.000000	0.000000	0.000000	0.004256	0.985980	0.000151	0.000014	0.000000	0.009599
384	0.000000	0.000000	0.000000	0.004228	0.986194	0.000149	0.000015	0.000000	0.009414
385	0.000000	0.000000	0.000000	0.004225	0.986428	0.000141	0.000008	0.000000	0.009198
386	0.000000	0.000000	0.000000	0.004203	0.986694	0.000132	0.000008	0.000000	0.008963
387	0.000000	0.000000	0.000000	0.004225	0.986876	0.000154	0.000005	0.000000	0.008740
388	0.000000	0.000000	0.000000	0.004177	0.987106	0.000145	0.000002	0.000000	0.008570
389	0.000000	0.000000	0.000000	0.004234	0.987204	0.000148	0.000006	0.000000	0.008408
390	0.000000	0.000000	0.000000	0.004176	0.987436	0.000149	0.000003	0.000000	0.008236
391	0.000000	0.000000	0.000000	0.004254	0.987548	0.000156	0.000002	0.000000	0.008040
392	0.000000	0.000000	0.000000	0.004282	0.987666	0.000157	0.000000	0.000000	0.007895
393	0.000000	0.000000	0.000000	0.004185	0.987944	0.000135	0.000000	0.000000	0.007736
394	0.000000	0.000000	0.000000	0.004179	0.988161	0.000123	0.000000	0.000000	0.007537
395	0.000000	0.000000	0.000000	0.004176	0.988381	0.000128	0.000000	0.000000	0.007315
396	0.000000	0.000000	0.000000	0.004191	0.988558	0.000111	0.000000	0.000000	0.007140
397	0.000000	0.000000	0.000000	0.004161	0.988773	0.000113	0.000000	0.000000	0.006953
398	0.000000	0.000000	0.000000	0.004161	0.988987	0.000104	0.000000	0.000000	0.006748
399	0.000000	0.000000	0.000000	0.004150	0.989120	0.000113	0.000000	0.000000	0.006617
400	0.000000	0.000000	0.000000	0.004174	0.989323	0.000093	0.000000	0.000000	0.006410
401	0.000000	0.000000	0.000000	0.004205	0.989426	0.000122	0.000000	0.000000	0.006247
402	0.000000	0.000000	0.000000	0.004205	0.989638	0.000102	0.000000	0.000000	0.006055
403	0.000000	0.000000	0.000000	0.004199	0.989834	0.000105	0.000000	0.000000	0.005862
404	0.000000	0.000000	0.000000	0.004216	0.989935	0.000104	0.000000	0.000000	0.005745
405	0.000000	0.000000	0.000000	0.004220	0.990079	0.000104	0.000000	0.000000	0.005597
406	0.000000	0.000000	0.000000	0.004230	0.990227	0.000101	0.000000	0.000000	0.005442
407	0.000000	0.000000	0.000000	0.004306	0.990322	0.000096	0.000000	0.000000	0.005276
408	0.000000	0.000000	0.000000	0.004350	0.990369	0.000105	0.000000	0.000000	0.005176
409	0.000000	0.000000	0.000000	0.004369	0.990511	0.000105	0.000000	0.000000	0.005015
410	0.000000	0.000000	0.000000	0.004415	0.990583	0.000104	0.000000	0.000000	0.004898
411	0.000000	0.000000	0.000000	0.004456	0.990649	0.000103	0.000000	0.000000	0.004792
412	0.000000	0.000000	0.000000	0.004490	0.990750	0.000093	0.000000	0.000000	0.004667
413	0.000000	0.000000	0.000000	0.004542	0.990812	0.000103	0.000000	0.000000	0.004543
414	0.000000	0.000000	0.000000	0.004633	0.990782	0.000090	0.000000	0.000000	0.004495
415	0.000000	0.000000	0.000000	0.004600	0.990886	0.000099	0.000000	0.000000	0.004415
416	0.000000	0.000000	0.000000	0.004552	0.991092	0.000096	0.000000	0.000000	0.004260
417	0.000000	0.000000	0.000000	0.004513	0.991227	0.000089	0.000000	0.000000	0.004171
418	0.000000	0.000000	0.000000	0.004454	0.991415	0.000103	0.000000	0.000000	0.004028
419	0.000000	0.000000	0.000000	0.004425	0.991555	0.000111	0.000000	0.000000	0.003909
420	0.000000	0.000000	0.000000	0.004335	0.991786	0.000097	0.000000	0.000000	0.003782
421	0.000000	0.000000	0.000000	0.004402	0.991808	0.000099	0.000000	0.000000	0.003691
422	0.000000	0.000000	0.000000	0.004370	0.991912	0.000114	0.000000	0.000000	0.003604
423	0.000000	0.000000	0.000000	0.004366	0.992025	0.000115	0.000000	0.000000	0.003494
424	0.000000	0.000000	0.000000	0.004315	0.992197	0.000096	0.000000	0.000000	0.003392
425	0.000000	0.000000	0.000000	0.004281	0.992272	0.000105	0.000000	0.000000	0.003342
426	0.000000	0.000000	0.000000	0.004341	0.992316	0.000110	0.000000	0.000000	0.003233
427	0.000000	0.000000	0.000000	0.004270	0.992448	0.000098	0.000000	0.000000	0.003184
428	0.000000	0.000000	0.000000	0.004285	0.992453	0.000097	0.000000	0.000000	0.003165
429	0.000000	0.000000	0.000000	0.004252	0.992577	0.000092	0.000000	0.000000	0.003079
430	0.000000	0.000000	0.000000	0.004228	0.992642	0.000102	0.000000	0.000000	0.003028
431	0.000000	0.000000	0.000000	0.004214	0.992718	0.000109	0.000000	0.000000	0.002959
432	0.000000	0.000000	0.000000	0.004231	0.992820	0.000109	0.000000	0.000000	0.002840
433	0.000000	0.000000	0.000000	0.004270	0.992799	0.000114	0.000000	0.000000	0.002817
434	0.000000	0.000000	0.000000	0.004290	0.992880	0.000122	0.000000	0.000000	0.002708
435	0.000000	0.000000	0.000000	0.004318	0.992921	0.000114	0.000000	0.000000	0.002647
436	0.000000	0.000000	0.000000	0.004349	0.992968	0.000120	0.000000	0.000000	0.002563
437	0.000000	0.000000	0.000000	0.004398	0.993003	0.000104	0.000000	0.000000	0.002495
438	0.000000	0.000000	0.000000	0.004453	0.992974	0.000102	0.000000	0.000000	0.002471
439	0.000000	0.000000	0.000000	0.004452	0.992986	0.000122	0.000000	0.000000	0.002440
440	0.000000	0.000000	0.000000	0.004451	0.993050	0.000119	0.000000	0.000000	0.002380
441	0.000000	0.000000	0.000000	0.004444	0.993112	0.000119	0.000000	0.000000	0.002325
442	0.000000	0.000000	0.000000	0.004375	0.993251	0.000112	0.000000	0.000000	0.002262
443	0.000000	0.000000	0.000000	0.004388	0.993264	0.000125	0.000000	0.000000	0.002223
444	0.000000	0.000000	0.000000	0.004403	0.993344	0.000114	0.000000	0.000000	0.002139
445	0.000000	0.000000	0.000000	0.004311	0.993462	0.000112	0.000000	0.000000	0.002115
446	0.000000	0.000000	0.000000	0.004380	0.993433	0.000134	0.000000	0.000000	0.002053
447	0.000000	0.000000	0.000000	0.004377	0.993508	0.000126	0.000000	0.000000	0.001989
448	0.000000	0.000000	0.000000	0.004388	0.993533	0.000118	0.000000	0.000000	0.001961
449	0.000000	0.000000	0.000000	0.004381	0.993625	0.000115	0.000000	0.000000	0.001879
450	0.000000	0.000000	0.000000	0.004416	0.993632	0.000122	0.000000	0.000000	0.001830
451	0.000000	0.000000	0.000000	0.004488	0.993634	0.000113	0.000000	0.000000	0.001765
452	0.000000	0.000000	0.000000	0.004534	0.993652	0.000117	0.000000	0.000000	0.001697
453	0.000000	0.000000	0.000000	0.004531	0.993698	0.000118	0.000000	0.000000	0.001653
454	0.000000	0.000000	0.000000	0.004541	0.993730	0.000116	0.000000	0.000000	0.001613
455	0.000000	0.000000	0.000000	0.004483	0.993885	0.000107	0.000000	0.000000	0.001525
456	0.000000	0.000000	0.000000	0.004473	0.993925	0.000105	0.000000	0.000000	0.001497
457	0.000000	0.000000	0.000000	0.004450	0.993989	0.000095	0.000000	0.000000	0.001466
458	0.000000	0.000000	0.000000	0.004458	0.994014	0.000097	0.000000	0.000000	0.001431
459	0.000000	0.000000	0.000000	0.004470	0.994074	0.000102	0.000000	0.000000	0.001354
460	0.000000	0.000000	0.000000	0.004474	0.994083	0.000105	0.000000	0.000000	0.001338
461	0.000000	0.000000	0.000000	0.004504	0.994115	0.000107	0.000000	0.000000	0.001274
462	0.000000	0.000000	0.000000	0.004545	0.994102	0.000102	0.000000	0.000000	0.001251
463	0.000000	0.000000	0.000000	0.004565	0.994107	0.000097	0.000000	0.000000	0.001231
464	0.000000	0.000000	0.000000	0.004528	0.994191	0.000091	0.000000	0.000000	0.001190
465	0.000000	0.000000	0.000000	0.004518	0.994217	0.000088	0.000000	0.000000	0.001177
466	0.000000	0.000000	0.000000	0.004495	0.994284	0.000077	0.000000	0.000000	0.001144
467	0.000000	0.000000	0.000000	0.004449	0.994360	0.000079	0.000000	0.000000	0.001112
468	0.000000	0.000000	0.000000	0.004528	0.994309	0.000089	0.000000	0.000000	0.001074
469	0.000000	0.000000	0.000000	0.004510	0.994333	0.000091	0.000000	0.000000	0.001066
470	0.000000	0.000000	0.000000	0.004533	0.994355	0.000092	0.000000	0.000000	0.001020
