0	0.290663	0.057897	0.229473	0.157588	0.029913	0.111872	0.085455	0.012259	0.024880
1	0.229848	0.047780	0.198568	0.138039	0.028624	0.119311	0.121431	0.023545	0.092854
2	0.228798	0.047011	0.196855	0.130429	0.028556	0.114357	0.124423	0.024367	0.105204
3	0.234766	0.046979	0.196441	0.124706	0.028844	0.107102	0.124235	0.023966	0.112961
4	0.241133	0.047024	0.195650	0.120125	0.029345	0.100641	0.122926	0.023309	0.119847
5	0.248713	0.047286	0.194801	0.114719	0.030034	0.094280	0.120913	0.022446	0.126808
6	0.255934	0.047861	0.194034	0.109847	0.030828	0.087959	0.119077	0.021585	0.132875
7	0.263171	0.048176	0.192773	0.105870	0.031416	0.082175	0.116049	0.020996	0.139374
8	0.270867	0.048379	0.190679	0.102092	0.032304	0.077002	0.113182	0.020264	0.145231
9	0.279142	0.048517	0.188350	0.098391	0.033040	0.071572	0.110465	0.019263	0.151260
10	0.287545	0.048492	0.185810	0.094308	0.033963	0.066319	0.108211	0.018249	0.157103
11	0.294904	0.049019	0.183134	0.090351	0.034926	0.061644	0.104764	0.017604	0.163654
12	0.302711	0.048806	0.180326	0.086640	0.036174	0.057454	0.101719	0.016818	0.169352
13	0.310901	0.048891	0.177432	0.083315	0.037609	0.053131	0.097858	0.016119	0.174744
14	0.317867	0.049185	0.174198	0.079998	0.038739	0.049291	0.094798	0.015619	0.180305
15	0.325384	0.049053	0.170808	0.076201	0.039785	0.046027	0.092182	0.014975	0.185585
16	0.332679	0.048937	0.167639	0.073003	0.041220	0.042924	0.089087	0.014203	0.190308
17	0.339657	0.049087	0.164532	0.069702	0.042774	0.039355	0.086202	0.013671	0.195020
18	0.346322	0.048953	0.160577	0.066689	0.044460	0.036250	0.083464	0.013239	0.200046
19	0.352411	0.048846	0.157064	0.064285	0.045850	0.033931	0.080855	0.012496	0.204262
20	0.359082	0.048763	0.153614	0.061362	0.047660	0.031367	0.077799	0.011923	0.208430
21	0.365271	0.048955	0.150195	0.058776	0.049436	0.028721	0.074965	0.011318	0.212363
22	0.371193	0.048395	0.146231	0.056375	0.051183	0.026940	0.072094	0.010906	0.216683
23	0.377139	0.048366	0.142812	0.054213	0.052806	0.025098	0.069407	0.010388	0.219771
24	0.383138	0.048027	0.139425	0.052095	0.054515	0.023192	0.066596	0.009850	0.223162
25	0.388697	0.047790	0.135644	0.050141	0.056303	0.021462	0.063830	0.009461	0.226672
26	0.394200	0.047706	0.132381	0.048080	0.058200	0.019972	0.061089	0.008981	0.229391
27	0.400074	0.047553	0.128404	0.046181	0.060214	0.018360	0.058839	0.008465	0.231910
28	0.405771	0.047419	0.124807	0.044324	0.062022	0.017059	0.056189	0.008056	0.234353
29	0.410963	0.047175	0.121147	0.042594	0.064381	0.016024	0.053639	0.007462	0.236615
30	0.415499	0.047064	0.118263	0.040546	0.066756	0.014914	0.051446	0.007052	0.238460
31	0.419826	0.046926	0.115089	0.039248	0.068943	0.014024	0.049058	0.006688	0.240198
32	0.424745	0.046401	0.111693	0.037354	0.071521	0.012884	0.046831	0.006280	0.242291
33	0.428943	0.046360	0.108858	0.035765	0.073983	0.011684	0.044482	0.005899	0.244026
34	0.433024	0.045989	0.105821	0.034406	0.076569	0.010856	0.042272	0.005577	0.245486
35	0.436363	0.045652	0.102693	0.033146	0.079459	0.010060	0.040343	0.005184	0.247100
36	0.439902	0.045036	0.099497	0.032095	0.082067	0.009465	0.038289	0.004867	0.248782
37	0.443249	0.044950	0.096347	0.030754	0.084921	0.008600	0.036597	0.004617	0.249965
38	0.446146	0.044878	0.093399	0.029879	0.087894	0.008121	0.034484	0.004292	0.250907
39	0.449825	0.044264	0.090180	0.028796	0.091019	0.007562	0.032814	0.004059	0.251481
40	0.453010	0.043799	0.087184	0.027823	0.093921	0.007043	0.031258	0.003801	0.252161
41	0.455866	0.043396	0.084407	0.026937	0.097361	0.006479	0.029828	0.003602	0.252124
42	0.458921	0.043015	0.081789	0.025933	0.100405	0.006146	0.028410	0.003414	0.251967
43	0.461090	0.042700	0.079387	0.024992	0.103877	0.005833	0.027055	0.003259	0.251807
44	0.463502	0.042239	0.076983	0.024180	0.107624	0.005441	0.025753	0.003098	0.251180
45	0.466439	0.041707	0.074693	0.023397	0.110982	0.005156	0.024222	0.002905	0.250499
46	0.468962	0.041265	0.072000	0.022876	0.114600	0.004762	0.022976	0.002728	0.249831
47	0.471396	0.040744	0.069845	0.021987	0.118027	0.004467	0.021808	0.002583	0.249143
48	0.473479	0.040359	0.067556	0.021295	0.121882	0.004302	0.020596	0.002457	0.248074
49	0.475403	0.039646	0.065241	0.020832	0.125558	0.004040	0.019729	0.002250	0.247301
50	0.476878	0.039436	0.063343	0.020255	0.129515	0.003829	0.018722	0.002077	0.245945
51	0.478854	0.038658	0.061407	0.019739	0.133470	0.003604	0.017640	0.001944	0.244684
52	0.481093	0.038218	0.058985	0.019100	0.137774	0.003320	0.016837	0.001850	0.242823
53	0.482364	0.037520	0.056890	0.018472	0.141947	0.003192	0.015716	0.001731	0.242168
54	0.483724	0.037211	0.055067	0.017996	0.146052	0.003094	0.014851	0.001590	0.240415
55	0.485597	0.036717	0.053167	0.017649	0.150088	0.002958	0.013867	0.001523	0.238434
56	0.487277	0.036225	0.051222	0.017098	0.154631	0.002855	0.013228	0.001417	0.236047
57	0.487440	0.035892	0.049903	0.016801	0.159248	0.002697	0.012522	0.001273	0.234224
58	0.488678	0.035479	0.048156	0.016410	0.163942	0.002575	0.011810	0.001145	0.231805
59	0.489807	0.035096	0.046408	0.016280	0.168347	0.002425	0.011201	0.001036	0.229400
60	0.490101	0.034643	0.044825	0.015828	0.173025	0.002353	0.010671	0.001002	0.227552
61	0.490642	0.034103	0.043233	0.015571	0.178166	0.002211	0.010043	0.000914	0.225117
62	0.490517	0.033759	0.042205	0.015185	0.183011	0.002103	0.009362	0.000873	0.222985
63	0.490851	0.033377	0.040644	0.014778	0.187753	0.002021	0.009063	0.000836	0.220677
64	0.491036	0.033002	0.039230	0.014563	0.192533	0.001978	0.008450	0.000813	0.218395
65	0.491581	0.032459	0.037972	0.014221	0.197491	0.001862	0.008051	0.000742	0.215621
66	0.491507	0.031818	0.036602	0.013927	0.202721	0.001813	0.007581	0.000724	0.213307
67	0.491327	0.031563	0.035486	0.013798	0.207974	0.001772	0.007162	0.000645	0.210273
68	0.491803	0.031212	0.034498	0.013671	0.212919	0.001638	0.006647	0.000613	0.206999
69	0.491573	0.030781	0.033517	0.013509	0.218195	0.001685	0.006232	0.000563	0.203945
70	0.491410	0.030413	0.032330	0.013327	0.223420	0.001586	0.005917	0.000523	0.201074
71	0.491086	0.029770	0.031323	0.013283	0.228780	0.001488	0.005551	0.000462	0.198257
72	0.490511	0.029452	0.030486	0.012937	0.234370	0.001413	0.005206	0.000394	0.195231
73	0.489831	0.029162	0.029495	0.012802	0.240186	0.001365	0.004898	0.000358	0.191903
74	0.488769	0.028708	0.028703	0.012686	0.245678	0.001359	0.004508	0.000329	0.189260
75	0.488033	0.028140	0.027955	0.012623	0.251589	0.001311	0.004312	0.000308	0.185729
76	0.487451	0.027720	0.027363	0.012368	0.257322	0.001219	0.004045	0.000311	0.182201
77	0.486483	0.027467	0.026561	0.012221	0.263388	0.001181	0.003807	0.000279	0.178613
78	0.485550	0.026784	0.025722	0.012132	0.269291	0.001154	0.003598	0.000281	0.175488
79	0.485283	0.026285	0.024919	0.011941	0.274918	0.001144	0.003285	0.000218	0.172007
80	0.483890	0.025683	0.024168	0.011787	0.281133	0.001135	0.003011	0.000219	0.168974
81	0.482984	0.025151	0.023367	0.011722	0.287179	0.001067	0.002936	0.000165	0.165429
82	0.481364	0.024696	0.022711	0.011651	0.293485	0.000965	0.002676	0.000146	0.162306
83	0.479939	0.024262	0.021969	0.011473	0.299837	0.000917	0.002519	0.000111	0.158973
84	0.478479	0.023689	0.021136	0.011403	0.305717	0.000931	0.002352	0.000113	0.156180
85	0.476839	0.023299	0.020605	0.011175	0.311593	0.000939	0.002198	0.000101	0.153251
86	0.474973	0.022976	0.020084	0.011003	0.317977	0.000874	0.002069	0.000096	0.149948
87	0.473913	0.022610	0.019347	0.010932	0.323467	0.000883	0.001974	0.000084	0.146790
88	0.472124	0.022221	0.018914	0.010886	0.329931	0.000910	0.001826	0.000071	0.143117
89	0.470437	0.021738	0.018207	0.010939	0.336040	0.000913	0.001674	0.000058	0.139994
90	0.468140	0.021244	0.017909	0.010778	0.342578	0.000916	0.001543	0.000053	0.136839
91	0.465483	0.020993	0.017462	0.010633	0.348925	0.000904	0.001515	0.000052	0.134033
92	0.463602	0.020496	0.016917	0.010502	0.355206	0.000914	0.001432	0.000044	0.130887
93	0.461411	0.019998	0.016621	0.010458	0.361544	0.000888	0.001293	0.000033	0.127754
94	0.458878	0.019781	0.016244	0.010536	0.367758	0.000893	0.001178	0.000035	0.124697
95	0.456096	0.019193	0.015606	0.010566	0.374589	0.000862	0.001146	0.000033	0.121909
96	0.453997	0.018682	0.015183	0.010580	0.380722	0.000827	0.001092	0.000021	0.118896
97	0.451145	0.018340	0.014956	0.010539	0.387581	0.000821	0.001064	0.000017	0.115537
98	0.448715	0.018050	0.014358	0.010490	0.394118	0.000792	0.000983	0.000017	0.112477
99	0.445678	0.017673	0.014025	0.010403	0.400991	0.000767	0.000908	0.000013	0.109542
100	0.443002	0.017333	0.013685	0.010221	0.407620	0.000752	0.000819	0.000009	0.106559
101	0.440401	0.016894	0.013175	0.010257	0.413765	0.000787	0.000765	0.000006	0.103950
102	0.437402	0.016564	0.012876	0.010233	0.420291	0.000728	0.000727	0.000007	0.101172
103	0.434669	0.016061	0.012535	0.010144	0.426973	0.000727	0.000682	0.000006	0.098203
104	0.431308	0.015744	0.012313	0.010142	0.433718	0.000742	0.000634	0.000003	0.095396
105	0.428352	0.015446	0.011964	0.010122	0.440096	0.000743	0.000577	0.000004	0.092696
106	0.425599	0.015172	0.011586	0.010089	0.446505	0.000712	0.000575	0.000003	0.089759
107	0.422378	0.014991	0.011096	0.010027	0.453016	0.000706	0.000539	0.000001	0.087246
108	0.418798	0.014663	0.010854	0.009981	0.459909	0.000684	0.000521	0.000001	0.084589
109	0.415895	0.014471	0.010553	0.009930	0.465953	0.000682	0.000473	0.000001	0.082042
110	0.412803	0.014013	0.010174	0.009919	0.472596	0.000685	0.000425	0.000002	0.079383
111	0.409353	0.013706	0.009889	0.010036	0.479035	0.000673	0.000396	0.000004	0.076908
112	0.406510	0.013288	0.009722	0.009933	0.485131	0.000649	0.000361	0.000002	0.074404
113	0.402403	0.013013	0.009509	0.009856	0.492103	0.000676	0.000324	0.000001	0.072115
114	0.398629	0.012722	0.009414	0.009794	0.498348	0.000659	0.000286	0.000002	0.070146
115	0.395047	0.012564	0.009079	0.009791	0.505055	0.000632	0.000271	0.000002	0.067559
116	0.391288	0.012245	0.008848	0.009580	0.511624	0.000664	0.000262	0.000001	0.065488
117	0.387334	0.012044	0.008584	0.009486	0.518134	0.000674	0.000242	0.000002	0.063500
118	0.383856	0.011657	0.008295	0.009474	0.524802	0.000614	0.000213	0.000001	0.061088
119	0.379821	0.011394	0.008096	0.009430	0.531383	0.000631	0.000214	0.000001	0.059030
120	0.375750	0.011152	0.007786	0.009349	0.537974	0.000639	0.000175	0.000000	0.057175
121	0.371531	0.010809	0.007670	0.009309	0.544610	0.000590	0.000158	0.000000	0.055323
122	0.367089	0.010594	0.007498	0.009226	0.551132	0.000597	0.000139	0.000000	0.053725
123	0.363354	0.010374	0.007302	0.009275	0.557368	0.000599	0.000126	0.000000	0.051602
124	0.358811	0.010025	0.007143	0.009261	0.564193	0.000634	0.000122	0.000000	0.049811
125	0.354744	0.009795	0.007002	0.009410	0.570474	0.000623	0.000108	0.000000	0.047844
126	0.351095	0.009521	0.006826	0.009370	0.576428	0.000581	0.000079	0.000000	0.046100
127	0.346914	0.009294	0.006621	0.009339	0.583000	0.000592	0.000078	0.000000	0.044162
128	0.343097	0.009174	0.006408	0.009430	0.588610	0.000630	0.000070	0.000000	0.042581
129	0.338491	0.008963	0.006331	0.009467	0.594908	0.000634	0.000071	0.000000	0.041135
130	0.334577	0.008761	0.006220	0.009361	0.601040	0.000622	0.000067	0.000000	0.039352
131	0.330544	0.008589	0.006070	0.009425	0.606837	0.000584	0.000060	0.000000	0.037891
132	0.326356	0.008234	0.005824	0.009455	0.613225	0.000550	0.000060	0.000000	0.036296
133	0.322466	0.008037	0.005652	0.009327	0.619060	0.000547	0.000048	0.000000	0.034863
134	0.318063	0.007934	0.005579	0.009338	0.624830	0.000572	0.000049	0.000000	0.033635
135	0.313336	0.007778	0.005449	0.009441	0.631033	0.000564	0.000041	0.000000	0.032358
136	0.309251	0.007520	0.005353	0.009292	0.636978	0.000552	0.000037	0.000000	0.031017
137	0.305003	0.007426	0.005161	0.009244	0.642957	0.000544	0.000039	0.000000	0.029626
138	0.300971	0.007239	0.005131	0.009219	0.648587	0.000545	0.000030	0.000000	0.028278
139	0.296888	0.007063	0.005022	0.009258	0.654029	0.000508	0.000021	0.000000	0.027211
140	0.292444	0.006930	0.004907	0.009201	0.659982	0.000493	0.000019	0.000000	0.026024
141	0.288068	0.006687	0.004789	0.009248	0.665776	0.000463	0.000019	0.000000	0.024950
142	0.283644	0.006510	0.004669	0.009224	0.671656	0.000454	0.000017	0.000000	0.023826
143	0.279925	0.006313	0.004569	0.009297	0.676646	0.000465	0.000019	0.000000	0.022766
144	0.275238	0.006206	0.004389	0.009102	0.682697	0.000427	0.000016	0.000000	0.021925
145	0.271161	0.006030	0.004272	0.009092	0.688172	0.000441	0.000006	0.000000	0.020826
146	0.267018	0.005850	0.004164	0.009074	0.693459	0.000474	0.000006	0.000000	0.019955
147	0.263067	0.005702	0.003992	0.008893	0.698871	0.000475	0.000005	0.000000	0.018995
148	0.259067	0.005638	0.003941	0.009034	0.703590	0.000488	0.000003	0.000000	0.018239
149	0.254874	0.005389	0.003862	0.009067	0.708913	0.000492	0.000002	0.000000	0.017401
150	0.250796	0.005307	0.003813	0.009076	0.713854	0.000513	0.000002	0.000000	0.016639
151	0.246725	0.005093	0.003658	0.008988	0.719152	0.000533	0.000001	0.000000	0.015850
152	0.242388	0.005021	0.003533	0.008994	0.724442	0.000535	0.000000	0.000000	0.015087
153	0.238721	0.004884	0.003447	0.008858	0.729214	0.000503	0.000001	0.000000	0.014372
154	0.234706	0.004683	0.003350	0.008867	0.734164	0.000493	0.000003	0.000000	0.013734
155	0.230943	0.004545	0.003258	0.008901	0.738721	0.000510	0.000002	0.000000	0.013120
156	0.227157	0.004302	0.003160	0.009021	0.743468	0.000509	0.000003	0.000000	0.012380
157	0.223128	0.004282	0.003088	0.009219	0.748024	0.000488	0.000003	0.000000	0.011768
158	0.218952	0.004127	0.002923	0.009197	0.753097	0.000493	0.000004	0.000000	0.011207
159	0.215049	0.004061	0.002917	0.009179	0.757654	0.000485	0.000005	0.000000	0.010650
160	0.211345	0.003883	0.002838	0.009155	0.762096	0.000474	0.000003	0.000000	0.010206
161	0.207263	0.003864	0.002748	0.009142	0.766819	0.000464	0.000002	0.000000	0.009698
162	0.203647	0.003792	0.002622	0.009076	0.771171	0.000489	0.000004	0.000000	0.009199
163	0.199704	0.003727	0.002576	0.009062	0.775703	0.000476	0.000002	0.000000	0.008750
164	0.196182	0.003715	0.002588	0.009014	0.779665	0.000468	0.000001	0.000000	0.008367
165	0.192296	0.003566	0.002536	0.009049	0.784154	0.000485	0.000000	0.000000	0.007914
166	0.188807	0.003451	0.002487	0.009056	0.788246	0.000458	0.000001	0.000000	0.007494
167	0.185507	0.003425	0.002419	0.009184	0.792002	0.000477	0.000001	0.000000	0.006985
168	0.181994	0.003332	0.002351	0.009142	0.796099	0.000457	0.000000	0.000000	0.006625
169	0.178490	0.003211	0.002264	0.009080	0.800258	0.000461	0.000000	0.000000	0.006236
170	0.174958	0.003025	0.002217	0.009099	0.804308	0.000464	0.000000	0.000000	0.005929
171	0.171491	0.002997	0.002239	0.009013	0.808132	0.000466	0.000000	0.000000	0.005662
172	0.168001	0.003006	0.002185	0.009110	0.811881	0.000458	0.000000	0.000000	0.005359
173	0.164657	0.002874	0.002120	0.009098	0.815676	0.000460	0.000000	0.000000	0.005115
174	0.161150	0.002764	0.002033	0.009111	0.819661	0.000476	0.000000	0.000000	0.004805
175	0.158058	0.002648	0.001962	0.009089	0.823192	0.000501	0.000000	0.000000	0.004550
176	0.154566	0.002559	0.001921	0.009177	0.826946	0.000478	0.000000	0.000000	0.004353
177	0.151007	0.002466	0.001855	0.009203	0.830810	0.000466	0.000000	0.000000	0.004193
178	0.148054	0.002324	0.001752	0.009263	0.834191	0.000448	0.000000	0.000000	0.003968
179	0.145090	0.002304	0.001733	0.009223	0.837468	0.000507	0.000000	0.000000	0.003675
180	0.142192	0.002224	0.001680	0.009247	0.840689	0.000472	0.000000	0.000000	0.003496
181	0.139202	0.002096	0.001591	0.009201	0.844155	0.000468	0.000000	0.000000	0.003287
182	0.136233	0.002050	0.001507	0.009262	0.847394	0.000451	0.000000	0.000000	0.003103
183	0.132938	0.001964	0.001434	0.009340	0.850894	0.000482	0.000000	0.000000	0.002948
184	0.129944	0.001897	0.001454	0.009369	0.854102	0.000448	0.000000	0.000000	0.002786
185	0.126941	0.001831	0.001399	0.009349	0.857490	0.000437	0.000000	0.000000	0.002553
186	0.124459	0.001780	0.001328	0.009321	0.860241	0.000449	0.000000	0.000000	0.002422
187	0.121713	0.001745	0.001268	0.009251	0.863326	0.000454	0.000000	0.000000	0.002243
188	0.118805	0.001701	0.001259	0.009133	0.866577	0.000438	0.000000	0.000000	0.002087
189	0.116094	0.001676	0.001234	0.009191	0.869428	0.000416	0.000000	0.000000	0.001961
190	0.113326	0.001658	0.001222	0.009278	0.872270	0.000393	0.000000	0.000000	0.001853
191	0.110674	0.001578	0.001220	0.009229	0.875207	0.000404	0.000000	0.000000	0.001688
192	0.107953	0.001529	0.001167	0.009279	0.878066	0.000406	0.000000	0.000000	0.001600
193	0.105542	0.001512	0.001127	0.009411	0.880422	0.000431	0.000000	0.000000	0.001555
194	0.103229	0.001385	0.001086	0.009438	0.883025	0.000432	0.000000	0.000000	0.001405
195	0.100919	0.001357	0.001109	0.009456	0.885457	0.000406	0.000000	0.000000	0.001296
196	0.098465	0.001303	0.001059	0.009411	0.888156	0.000384	0.000000	0.000000	0.001222
197	0.096046	0.001249	0.001021	0.009352	0.890753	0.000383	0.000000	0.000000	0.001196
198	0.093653	0.001208	0.001018	0.009274	0.893336	0.000410	0.000000	0.000000	0.001101
199	0.091586	0.001219	0.001002	0.009394	0.895399	0.000410	0.000000	0.000000	0.000990
200	0.089303	0.001184	0.000932	0.009460	0.897775	0.000424	0.000000	0.000000	0.000922
201	0.086766	0.001135	0.000969	0.009488	0.900356	0.000401	0.000000	0.000000	0.000885
202	0.084593	0.001088	0.000924	0.009571	0.902583	0.000413	0.000000	0.000000	0.000828
203	0.082484	0.001042	0.000908	0.009558	0.904828	0.000400	0.000000	0.000000	0.000780
204	0.080366	0.001006	0.000895	0.009369	0.907242	0.000370	0.000000	0.000000	0.000752
205	0.078268	0.000955	0.000836	0.009297	0.909574	0.000395	0.000000	0.000000	0.000675
206	0.076247	0.000948	0.000814	0.009266	0.911733	0.000391	0.000000	0.000000	0.000601
207	0.074239	0.000896	0.000764	0.009237	0.913922	0.000361	0.000000	0.000000	0.000581
208	0.072017	0.000856	0.000736	0.009246	0.916247	0.000388	0.000000	0.000000	0.000510
209	0.070321	0.000823	0.000710	0.009213	0.918069	0.000406	0.000000	0.000000	0.000458
210	0.068285	0.000792	0.000690	0.009341	0.920094	0.000386	0.000000	0.000000	0.000412
211	0.066488	0.000770	0.000651	0.009276	0.922026	0.000386	0.000000	0.000000	0.000403
212	0.064836	0.000705	0.000644	0.009319	0.923767	0.000361	0.000000	0.000000	0.000368
213	0.063060	0.000646	0.000630	0.009240	0.925718	0.000368	0.000000	0.000000	0.000338
214	0.061426	0.000645	0.000597	0.009185	0.927469	0.000373	0.000000	0.000000	0.000305
215	0.059784	0.000615	0.000598	0.009021	0.929326	0.000406	0.000000	0.000000	0.000250
216	0.057731	0.000569	0.000577	0.009006	0.931489	0.000409	0.000000	0.000000	0.000219
217	0.056114	0.000535	0.000591	0.008938	0.933193	0.000408	0.000000	0.000000	0.000221
218	0.054549	0.000499	0.000566	0.009019	0.934733	0.000448	0.000000	0.000000	0.000186
219	0.053031	0.000461	0.000536	0.008972	0.936369	0.000456	0.000000	0.000000	0.000175
220	0.051699	0.000447	0.000542	0.008866	0.937868	0.000432	0.000000	0.000000	0.000146
221	0.050286	0.000428	0.000479	0.008956	0.939244	0.000462	0.000000	0.000000	0.000145
222	0.049116	0.000389	0.000451	0.008916	0.940557	0.000438	0.000000	0.000000	0.000133
223	0.047780	0.000375	0.000445	0.008941	0.941908	0.000441	0.000000	0.000000	0.000110
224	0.046356	0.000344	0.000447	0.008995	0.943326	0.000436	0.000000	0.000000	0.000096
225	0.044878	0.000290	0.000421	0.008980	0.944871	0.000459	0.000000	0.000000	0.000101
226	0.043704	0.000308	0.000389	0.008858	0.946246	0.000420	0.000000	0.000000	0.000075
227	0.042406	0.000290	0.000379	0.008747	0.947683	0.000423	0.000000	0.000000	0.000072
228	0.041153	0.000258	0.000370	0.008768	0.948955	0.000429	0.000000	0.000000	0.000067
229	0.039937	0.000255	0.000342	0.008751	0.950214	0.000436	0.000000	0.000000	0.000065
230	0.038899	0.000226	0.000328	0.008810	0.951244	0.000437	0.000000	0.000000	0.000056
231	0.037721	0.000197	0.000327	0.008820	0.952446	0.000436	0.000000	0.000000	0.000053
232	0.036708	0.000187	0.000288	0.008769	0.953561	0.000441	0.000000	0.000000	0.000046
233	0.035703	0.000181	0.000253	0.008744	0.954629	0.000447	0.000000	0.000000	0.000043
234	0.034786	0.000173	0.000246	0.008814	0.955468	0.000473	0.000000	0.000000	0.000040
235	0.033816	0.000156	0.000240	0.008949	0.956365	0.000433	0.000000	0.000000	0.000041
236	0.032816	0.000153	0.000232	0.009008	0.957344	0.000404	0.000000	0.000000	0.000043
237	0.031581	0.000126	0.000224	0.009007	0.958615	0.000410	0.000000	0.000000	0.000037
238	0.030616	0.000120	0.000230	0.008993	0.959601	0.000413	0.000000	0.000000	0.000027
239	0.029550	0.000105	0.000233	0.008986	0.960686	0.000417	0.000000	0.000000	0.000023
240	0.028666	0.000097	0.000232	0.008914	0.961625	0.000439	0.000000	0.000000	0.000027
241	0.027733	0.000096	0.000223	0.008894	0.962598	0.000435	0.000000	0.000000	0.000021
242	0.027042	0.000077	0.000229	0.009059	0.963142	0.000430	0.000000	0.000000	0.000021
243	0.026126	0.000066	0.000239	0.009185	0.963942	0.000421	0.000000	0.000000	0.000021
244	0.025319	0.000065	0.000240	0.009172	0.964761	0.000428	0.000000	0.000000	0.000015
245	0.024554	0.000071	0.000194	0.009120	0.965624	0.000417	0.000000	0.000000	0.000020
246	0.023807	0.000049	0.000193	0.009106	0.966432	0.000395	0.000000	0.000000	0.000018
247	0.023063	0.000050	0.000200	0.008988	0.967282	0.000398	0.000000	0.000000	0.000019
248	0.022339	0.000040	0.000191	0.009124	0.967882	0.000405	0.000000	0.000000	0.000019
249	0.021631	0.000040	0.000189	0.009117	0.968571	0.000436	0.000000	0.000000	0.000016
250	0.020945	0.000030	0.000182	0.009188	0.969240	0.000404	0.000000	0.000000	0.000011
251	0.020281	0.000022	0.000169	0.009181	0.969914	0.000424	0.000000	0.000000	0.000009
252	0.019548	0.000019	0.000169	0.009197	0.970660	0.000400	0.000000	0.000000	0.000007
253	0.018802	0.000014	0.000161	0.009307	0.971323	0.000389	0.000000	0.000000	0.000004
254	0.018266	0.000017	0.000149	0.009360	0.971799	0.000406	0.000000	0.000000	0.000003
255	0.017547	0.000019	0.000153	0.009437	0.972439	0.000399	0.000000	0.000000	0.000006
256	0.016900	0.000014	0.000164	0.009434	0.973100	0.000381	0.000000	0.000000	0.000007
257	0.016334	0.000016	0.000158	0.009433	0.973655	0.000396	0.000000	0.000000	0.000008
258	0.015789	0.000022	0.000131	0.009434	0.974225	0.000390	0.000000	0.000000	0.000009
259	0.015250	0.000013	0.000131	0.009468	0.974738	0.000392	0.000000	0.000000	0.000008
260	0.014740	0.000009	0.000138	0.009389	0.975360	0.000362	0.000000	0.000000	0.000002
261	0.014190	0.000008	0.000134	0.009430	0.975888	0.000346	0.000000	0.000000	0.000004
262	0.013650	0.000009	0.000136	0.009491	0.976377	0.000332	0.000000	0.000000	0.000005
263	0.013226	0.000008	0.000131	0.009473	0.976816	0.000339	0.000000	0.000000	0.000007
264	0.012841	0.000006	0.000137	0.009486	0.977167	0.000357	0.000000	0.000000	0.000006
265	0.012395	0.000006	0.000124	0.009590	0.977534	0.000346	0.000000	0.000000	0.000005
266	0.011959	0.000005	0.000122	0.009527	0.978023	0.000360	0.000000	0.000000	0.000004
267	0.011570	0.000008	0.000125	0.009459	0.978475	0.000359	0.000000	0.000000	0.000004
268	0.011061	0.000008	0.000110	0.009371	0.979085	0.000361	0.000000	0.000000	0.000004
269	0.010717	0.000004	0.000107	0.009480	0.979330	0.000360	0.000000	0.000000	0.000002
270	0.010401	0.000004	0.000109	0.009549	0.979568	0.000366	0.000000	0.000000	0.000003
271	0.010056	0.000002	0.000107	0.009599	0.979862	0.000371	0.000000	0.000000	0.000003
272	0.009575	0.000000	0.000100	0.009551	0.980411	0.000363	0.000000	0.000000	0.000000
273	0.009177	0.000000	0.000100	0.009707	0.980650	0.000365	0.000000	0.000000	0.000001
274	0.008894	0.000000	0.000093	0.009550	0.981142	0.000320	0.000000	0.000000	0.000001
275	0.008526	0.000000	0.000092	0.009592	0.981468	0.000322	0.000000	0.000000	0.000000
276	0.008183	0.000000	0.000087	0.009528	0.981899	0.000303	0.000000	0.000000	0.000000
277	0.007976	0.000000	0.000076	0.009562	0.982113	0.000273	0.000000	0.000000	0.000000
278	0.007589	0.000000	0.000074	0.009531	0.982536	0.000270	0.000000	0.000000	0.000000
279	0.007279	0.000000	0.000073	0.009499	0.982873	0.000276	0.000000	0.000000	0.000000
280	0.006953	0.000000	0.000071	0.009540	0.983159	0.000277	0.000000	0.000000	0.000000
281	0.006751	0.000000	0.000067	0.009657	0.983259	0.000266	0.000000	0.000000	0.000000
282	0.006571	0.000000	0.000067	0.009784	0.983310	0.000268	0.000000	0.000000	0.000000
283	0.006238	0.000000	0.000059	0.009816	0.983624	0.000263	0.000000	0.000000	0.000000
284	0.006112	0.000000	0.000053	0.009858	0.983705	0.000272	0.000000	0.000000	0.000000
285	0.005914	0.000000	0.000052	0.009804	0.983955	0.000275	0.000000	0.000000	0.000000
286	0.005672	0.000000	0.000056	0.009765	0.984224	0.000283	0.000000	0.000000	0.000000
287	0.005385	0.000000	0.000052	0.009842	0.984440	0.000281	0.000000	0.000000	0.000000
288	0.005237	0.000000	0.000043	0.009838	0.984603	0.000279	0.000000	0.000000	0.000000
289	0.004964	0.000000	0.000034	0.009761	0.984979	0.000262	0.000000	0.000000	0.000000
290	0.004840	0.000000	0.000033	0.009905	0.984961	0.000261	0.000000	0.000000	0.000000
291	0.004694	0.000000	0.000029	0.009884	0.985110	0.000283	0.000000	0.000000	0.000000
292	0.004535	0.000000	0.000028	0.009884	0.985254	0.000299	0.000000	0.000000	0.000000
293	0.004390	0.000000	0.000029	0.009931	0.985347	0.000303	0.000000	0.000000	0.000000
294	0.004209	0.000000	0.000032	0.009994	0.985455	0.000310	0.000000	0.000000	0.000000
295	0.004024	0.000000	0.000037	0.009946	0.985674	0.000319	0.000000	0.000000	0.000000
296	0.003816	0.000000	0.000033	0.010022	0.985806	0.000323	0.000000	0.000000	0.000000
297	0.003683	0.000000	0.000028	0.009966	0.986007	0.000316	0.000000	0.000000	0.000000
298	0.003555	0.000000	0.000022	0.010010	0.986075	0.000338	0.000000	0.000000	0.000000
299	0.003419	0.000000	0.000020	0.010060	0.986134	0.000367	0.000000	0.000000	0.000000
300	0.003274	0.000000	0.000015	0.010014	0.986322	0.000375	0.000000	0.000000	0.000000
301	0.003198	0.000000	0.000017	0.010109	0.986288	0.000388	0.000000	0.000000	0.000000
302	0.003041	0.000000	0.000020	0.010148	0.986421	0.000370	0.000000	0.000000	0.000000
303	0.002966	0.000000	0.000025	0.010079	0.986540	0.000390	0.000000	0.000000	0.000000
304	0.002838	0.000000	0.000026	0.009987	0.986718	0.000431	0.000000	0.000000	0.000000
305	0.002691	0.000000	0.000029	0.010007	0.986808	0.000465	0.000000	0.000000	0.000000
306	0.002552	0.000000	0.000023	0.010032	0.986943	0.000450	0.000000	0.000000	0.000000
307	0.002413	0.000000	0.000022	0.010129	0.987029	0.000407	0.000000	0.000000	0.000000
308	0.002357	0.000000	0.000022	0.010133	0.987091	0.000397	0.000000	0.000000	0.000000
309	0.002222	0.000000	0.000019	0.010171	0.987192	0.000396	0.000000	0.000000	0.000000
310	0.002092	0.000000	0.000012	0.010051	0.987442	0.000403	0.000000	0.000000	0.000000
311	0.001997	0.000000	0.000012	0.010038	0.987575	0.000378	0.000000	0.000000	0.000000
312	0.001920	0.000000	0.000008	0.010034	0.987663	0.000375	0.000000	0.000000	0.000000
313	0.001843	0.000000	0.000007	0.009925	0.987834	0.000391	0.000000	0.000000	0.000000
314	0.001746	0.000000	0.000004	0.009909	0.987942	0.000399	0.000000	0.000000	0.000000
315	0.001618	0.000000	0.000001	0.010026	0.987961	0.000394	0.000000	0.000000	0.000000
316	0.001511	0.000000	0.000004	0.010039	0.988060	0.000386	0.000000	0.000000	0.000000
317	0.001419	0.000000	0.000002	0.010113	0.988078	0.000388	0.000000	0.000000	0.000000
318	0.001372	0.000000	0.000003	0.010051	0.988190	0.000384	0.000000	0.000000	0.000000
319	0.001306	0.000000	0.000003	0.010023	0.988287	0.000381	0.000000	0.000000	0.000000
320	0.001239	0.000000	0.000002	0.010023	0.988349	0.000387	0.000000	0.000000	0.000000
321	0.001206	0.000000	0.000002	0.009955	0.988435	0.000402	0.000000	0.000000	0.000000
322	0.001123	0.000000	0.000003	0.009963	0.988496	0.000415	0.000000	0.000000	0.000000
323	0.001057	0.000000	0.000006	0.009910	0.988638	0.000389	0.000000	0.000000	0.000000
324	0.000984	0.000000	0.000004	0.009964	0.988627	0.000421	0.000000	0.000000	0.000000
325	0.000927	0.000000	0.000004	0.009995	0.988665	0.000409	0.000000	0.000000	0.000000
326	0.000849	0.000000	0.000001	0.010107	0.988642	0.000401	0.000000	0.000000	0.000000
327	0.000794	0.000000	0.000001	0.010057	0.988747	0.000401	0.000000	0.000000	0.000000
328	0.000729	0.000000	0.000002	0.010081	0.988810	0.000378	0.000000	0.000000	0.000000
329	0.000714	0.000000	0.000002	0.010051	0.988869	0.000364	0.000000	0.000000	0.000000
330	0.000660	0.000000	0.000001	0.009989	0.988953	0.000397	0.000000	0.000000	0.000000
331	0.000650	0.000000	0.000000	0.009989	0.988947	0.000414	0.000000	0.000000	0.000000
332	0.000626	0.000000	0.000000	0.009989	0.988968	0.000417	0.000000	0.000000	0.000000
333	0.000587	0.000000	0.000000	0.010084	0.988932	0.000397	0.000000	0.000000	0.000000
334	0.000547	0.000000	0.000000	0.010108	0.988922	0.000423	0.000000	0.000000	0.000000
335	0.000500	0.000000	0.000000	0.010138	0.988939	0.000423	0.000000	0.000000	0.000000
336	0.000445	0.000000	0.000000	0.010165	0.988972	0.000418	0.000000	0.000000	0.000000
337	0.000408	0.000000	0.000000	0.010170	0.988983	0.000439	0.000000	0.000000	0.000000
338	0.000377	0.000000	0.000000	0.010193	0.989022	0.000408	0.000000	0.000000	0.000000
339	0.000354	0.000000	0.000000	0.010208	0.988999	0.000439	0.000000	0.000000	0.000000
340	0.000332	0.000000	0.000000	0.010314	0.988931	0.000423	0.000000	0.000000	0.000000
341	0.000299	0.000000	0.000000	0.010190	0.989076	0.000435	0.000000	0.000000	0.000000
342	0.000285	0.000000	0.000000	0.010211	0.989040	0.000464	0.000000	0.000000	0.000000
343	0.000278	0.000000	0.000000	0.010228	0.989032	0.000462	0.000000	0.000000	0.000000
344	0.000250	0.000000	0.000000	0.010252	0.989016	0.000482	0.000000	0.000000	0.000000
345	0.000226	0.000000	0.000000	0.010292	0.988994	0.000488	0.000000	0.000000	0.000000
346	0.000213	0.000000	0.000000	0.010195	0.989065	0.000527	0.000000	0.000000	0.000000
347	0.000191	0.000000	0.000000	0.010168	0.989138	0.000503	0.000000	0.000000	0.000000
348	0.000173	0.000000	0.000000	0.010202	0.989106	0.000519	0.000000	0.000000	0.000000
349	0.000164	0.000000	0.000000	0.010202	0.989139	0.000495	0.000000	0.000000	0.000000
350	0.000159	0.000000	0.000000	0.010195	0.989164	0.000482	0.000000	0.000000	0.000000
351	0.000153	0.000000	0.000000	0.010346	0.989020	0.000481	0.000000	0.000000	0.000000
352	0.000159	0.000000	0.000000	0.010262	0.989092	0.000487	0.000000	0.000000	0.000000
353	0.000164	0.000000	0.000000	0.010351	0.989015	0.000470	0.000000	0.000000	0.000000
354	0.000156	0.000000	0.000000	0.010223	0.989169	0.000452	0.000000	0.000000	0.000000
355	0.000153	0.000000	0.000000	0.010251	0.989111	0.000485	0.000000	0.000000	0.000000
356	0.000147	0.000000	0.000000	0.010282	0.989122	0.000449	0.000000	0.000000	0.000000
357	0.000145	0.000000	0.000000	0.010209	0.989156	0.000490	0.000000	0.000000	0.000000
358	0.000134	0.000000	0.000000	0.010289	0.989096	0.000481	0.000000	0.000000	0.000000
359	0.000126	0.000000	0.000000	0.010157	0.989211	0.000506	0.000000	0.000000	0.000000
360	0.000138	0.000000	0.000000	0.010096	0.989272	0.000494	0.000000	0.000000	0.000000
361	0.000139	0.000000	0.000000	0.010063	0.989303	0.000495	0.000000	0.000000	0.000000
362	0.000142	0.000000	0.000000	0.010050	0.989310	0.000498	0.000000	0.000000	0.000000
363	0.000107	0.000000	0.000000	0.010003	0.989378	0.000512	0.000000	0.000000	0.000000
364	0.000095	0.000000	0.000000	0.009988	0.989420	0.000497	0.000000	0.000000	0.000000
365	0.000084	0.000000	0.000000	0.009998	0.989437	0.000481	0.000000	0.000000	0.000000
366	0.000075	0.000000	0.000000	0.009948	0.989505	0.000472	0.000000	0.000000	0.000000
367	0.000057	0.000000	0.000000	0.009920	0.989532	0.000491	0.000000	0.000000	0.000000
368	0.000053	0.000000	0.000000	0.009858	0.989586	0.000503	0.000000	0.000000	0.000000
369	0.000046	0.000000	0.000000	0.009994	0.989465	0.000495	0.000000	0.000000	0.000000
370	0.000033	0.000000	0.000000	0.009859	0.989621	0.000487	0.000000	0.000000	0.000000
371	0.000028	0.000000	0.000000	0.009882	0.989622	0.000468	0.000000	0.000000	0.000000
372	0.000027	0.000000	0.000000	0.009945	0.989566	0.000462	0.000000	0.000000	0.000000
373	0.000030	0.000000	0.000000	0.009955	0.989532	0.000483	0.000000	0.000000	0.000000
374	0.000034	0.000000	0.000000	0.009915	0.989581	0.000470	0.000000	0.000000	0.000000
375	0.000028	0.000000	0.000000	0.009983	0.989503	0.000486	0.000000	0.000000	0.000000
376	0.000024	0.000000	0.000000	0.010054	0.989443	0.000479	0.000000	0.000000	0.000000
377	0.000019	0.000000	0.000000	0.010077	0.989458	0.000446	0.000000	0.000000	0.000000
378	0.000019	0.000000	0.000000	0.010151	0.989369	0.000461	0.000000	0.000000	0.000000
379	0.000015	0.000000	0.000000	0.010192	0.989363	0.000430	0.000000	0.000000	0.000000
380	0.000010	0.000000	0.000000	0.010084	0.989489	0.000417	0.000000	0.000000	0.000000
381	0.000009	0.000000	0.000000	0.010035	0.989555	0.000401	0.000000	0.000000	0.000000
382	0.000006	0.000000	0.000000	0.010048	0.989529	0.000417	0.000000	0.000000	0.000000
383	0.000003	0.000000	0.000000	0.010026	0.989559	0.000412	0.000000	0.000000	0.000000
384	0.000006	0.000000	0.000000	0.010081	0.989494	0.000419	0.000000	0.000000	0.000000
385	0.000004	0.000000	0.000000	0.010093	0.989502	0.000401	0.000000	0.000000	0.000000
386	0.000001	0.000000	0.000000	0.009896	0.989699	0.000404	0.000000	0.000000	0.000000
387	0.000001	0.000000	0.000000	0.009941	0.989662	0.000396	0.000000	0.000000	0.000000
388	0.000001	0.000000	0.000000	0.009892	0.989693	0.000414	0.000000	0.000000	0.000000
389	0.000000	0.000000	0.000000	0.009942	0.989642	0.000416	0.000000	0.000000	0.000000
390	0.000000	0.000000	0.000000	0.009935	0.989639	0.000426	0.000000	0.000000	0.000000
391	0.000000	0.000000	0.000000	0.009910	0.989654	0.000436	0.000000	0.000000	0.000000
392	0.000000	0.000000	0.000000	0.009988	0.989567	0.000445	0.000000	0.000000	0.000000
393	0.000000	0.000000	0.000000	0.010060	0.989482	0.000458	0.000000	0.000000	0.000000
394	0.000000	0.000000	0.000000	0.010034	0.989543	0.000423	0.000000	0.000000	0.000000
395	0.000000	0.000000	0.000000	0.010124	0.989457	0.000419	0.000000	0.000000	0.000000
396	0.000000	0.000000	0.000000	0.010118	0.989432	0.000450	0.000000	0.000000	0.000000
397	0.000000	0.000000	0.000000	0.010097	0.989491	0.000412	0.000000	0.000000	0.000000
398	0.000000	0.000000	0.000000	0.010138	0.989426	0.000436	0.000000	0.000000	0.000000
399	0.000000	0.000000	0.000000	0.010095	0.989491	0.000414	0.000000	0.000000	0.000000
400	0.000000	0.000000	0.000000	0.010143	0.989438	0.000419	0.000000	0.000000	0.000000
401	0.000000	0.000000	0.000000	0.010107	0.989486	0.000407	0.000000	0.000000	0.000000
402	0.000000	0.000000	0.000000	0.010130	0.989483	0.000387	0.000000	0.000000	0.000000
403	0.000000	0.000000	0.000000	0.010183	0.989433	0.000384	0.000000	0.000000	0.000000
404	0.000000	0.000000	0.000000	0.010099	0.989513	0.000388	0.000000	0.000000	0.000000
405	0.000000	0.000000	0.000000	0.010092	0.989520	0.000388	0.000000	0.000000	0.000000
406	0.000000	0.000000	0.000000	0.010015	0.989586	0.000399	0.000000	0.000000	0.000000
407	0.000000	0.000000	0.000000	0.010085	0.989533	0.000382	0.000000	0.000000	0.000000
408	0.000000	0.000000	0.000000	0.010172	0.989406	0.000422	0.000000	0.000000	0.000000
409	0.000000	0.000000	0.000000	0.010161	0.989424	0.000415	0.000000	0.000000	0.000000
410	0.000000	0.000000	0.000000	0.010078	0.989504	0.000418	0.000000	0.000000	0.000000
411	0.000000	0.000000	0.000000	0.009969	0.989602	0.000429	0.000000	0.000000	0.000000
412	0.000000	0.000000	0.000000	0.009901	0.989670	0.000429	0.000000	0.000000	0.000000
413	0.000000	0.000000	0.000000	0.009892	0.989670	0.000438	0.000000	0.000000	0.000000
414	0.000000	0.000000	0.000000	0.009933	0.989658	0.000409	0.000000	0.000000	0.000000
415	0.000000	0.000000	0.000000	0.009869	0.989710	0.000421	0.000000	0.000000	0.000000
416	0.000000	0.000000	0.000000	0.009752	0.989845	0.000403	0.000000	0.000000	0.000000
417	0.000000	0.000000	0.000000	0.009913	0.989688	0.000399	0.000000	0.000000	0.000000
418	0.000000	0.000000	0.000000	0.009902	0.989709	0.000389	0.000000	0.000000	0.000000
419	0.000000	0.000000	0.000000	0.009856	0.989737	0.000407	0.000000	0.000000	0.000000
420	0.000000	0.000000	0.000000	0.009945	0.989645	0.000410	0.000000	0.000000	0.000000
421	0.000000	0.000000	0.000000	0.010030	0.989578	0.000392	0.000000	0.000000	0.000000
422	0.000000	0.000000	0.000000	0.009899	0.989716	0.000385	0.000000	0.000000	0.000000
423	0.000000	0.000000	0.000000	0.010012	0.989596	0.000392	0.000000	0.000000	0.000000
424	0.000000	0.000000	0.000000	0.010097	0.989497	0.000406	0.000000	0.000000	0.000000
425	0.000000	0.000000	0.000000	0.010080	0.989540	0.000380	0.000000	0.000000	0.000000
426	0.000000	0.000000	0.000000	0.010056	0.989562	0.000382	0.000000	0.000000	0.000000
427	0.000000	0.000000	0.000000	0.010146	0.989495	0.000359	0.000000	0.000000	0.000000
428	0.000000	0.000000	0.000000	0.010126	0.989489	0.000385	0.000000	0.000000	0.000000
429	0.000000	0.000000	0.000000	0.010068	0.989553	0.000379	0.000000	0.000000	0.000000
430	0.000000	0.000000	0.000000	0.010074	0.989554	0.000372	0.000000	0.000000	0.000000
431	0.000000	0.000000	0.000000	0.010034	0.989578	0.000388	0.000000	0.000000	0.000000
432	0.000000	0.000000	0.000000	0.010099	0.989516	0.000385	0.000000	0.000000	0.000000
433	0.000000	0.000000	0.000000	0.009979	0.989643	0.000378	0.000000	0.000000	0.000000
434	0.000000	0.000000	0.000000	0.009939	0.989684	0.000377	0.000000	0.000000	0.000000
435	0.000000	0.000000	0.000000	0.009905	0.989719	0.000376	0.000000	0.000000	0.000000
436	0.000000	0.000000	0.000000	0.009922	0.989692	0.000386	0.000000	0.000000	0.000000
437	0.000000	0.000000	0.000000	0.009914	0.989699	0.000387	0.000000	0.000000	0.000000
438	0.000000	0.000000	0.000000	0.009982	0.989640	0.000378	0.000000	0.000000	0.000000
439	0.000000	0.000000	0.000000	0.009856	0.989765	0.000379	0.000000	0.000000	0.000000
440	0.000000	0.000000	0.000000	0.009775	0.989836	0.000389	0.000000	0.000000	0.000000
441	0.000000	0.000000	0.000000	0.009765	0.989831	0.000404	0.000000	0.000000	0.000000
442	0.000000	0.000000	0.000000	0.009679	0.989916	0.000405	0.000000	0.000000	0.000000
443	0.000000	0.000000	0.000000	0.009657	0.989950	0.000393	0.000000	0.000000	0.000000
444	0.000000	0.000000	0.000000	0.009672	0.989939	0.000389	0.000000	0.000000	0.000000
445	0.000000	0.000000	0.000000	0.009769	0.989807	0.000424	0.000000	0.000000	0.000000
446	0.000000	0.000000	0.000000	0.009798	0.989791	0.000411	0.000000	0.000000	0.000000
447	0.000000	0.000000	0.000000	0.009704	0.989880	0.000416	0.000000	0.000000	0.000000
448	0.000000	0.000000	0.000000	0.009592	0.990006	0.000402	0.000000	0.000000	0.000000
449	0.000000	0.000000	0.000000	0.009565	0.990025	0.000410	0.000000	0.000000	0.000000
450	0.000000	0.000000	0.000000	0.009621	0.989965	0.000414	0.000000	0.000000	0.000000
451	0.000000	0.000000	0.000000	0.009544	0.990048	0.000408	0.000000	0.000000	0.000000
452	0.000000	0.000000	0.000000	0.009562	0.990036	0.000402	0.000000	0.000000	0.000000
453	0.000000	0.000000	0.000000	0.009439	0.990133	0.000428	0.000000	0.000000	0.000000
454	0.000000	0.000000	0.000000	0.009486	0.990087	0.000427	0.000000	0.000000	0.000000
455	0.000000	0.000000	0.000000	0.009481	0.990123	0.000396	0.000000	0.000000	0.000000
456	0.000000	0.000000	0.000000	0.009598	0.989991	0.000411	0.000000	0.000000	0.000000
457	0.000000	0.000000	0.000000	0.009583	0.989990	0.000427	0.000000	0.000000	0.000000
458	0.000000	0.000000	0.000000	0.009602	0.989964	0.000434	0.000000	0.000000	0.000000
459	0.000000	0.000000	0.000000	0.009578	0.989996	0.000426	0.000000	0.000000	0.000000
460	0.000000	0.000000	0.000000	0.009545	0.990055	0.000400	0.000000	0.000000	0.000000
461	0.000000	0.000000	0.000000	0.009578	0.990019	0.000403	0.000000	0.000000	0.000000
462	0.000000	0.000000	0.000000	0.009552	0.990047	0.000401	0.000000	0.000000	0.000000
463	0.000000	0.000000	0.000000	0.009590	0.990011	0.000399	0.000000	0.000000	0.000000
464	0.000000	0.000000	0.000000	0.009610	0.989979	0.000411	0.000000	0.000000	0.000000
465	0.000000	0.000000	0.000000	0.009579	0.990019	0.000402	0.000000	0.000000	0.000000
466	0.000000	0.000000	0.000000	0.009511	0.990118	0.000371	0.000000	0.000000	0.000000
467	0.000000	0.000000	0.000000	0.009432	0.990169	0.000399	0.000000	0.000000	0.000000
468	0.000000	0.000000	0.000000	0.009366	0.990218	0.000416	0.000000	0.000000	0.000000
469	0.000000	0.000000	0.000000	0.009432	0.990146	0.000422	0.000000	0.000000	0.000000
470	0.000000	0.000000	0.000000	0.009382	0.990206	0.000412	0.000000	0.000000	0.000000
