0	0.290663	0.057897	0.229473	0.157588	0.029913	0.111872	0.085455	0.012259	0.024880
1	0.234420	0.048227	0.202444	0.139383	0.028473	0.119265	0.116421	0.022778	0.088589
2	0.238138	0.048246	0.203765	0.133246	0.028537	0.114206	0.115227	0.022388	0.096247
3	0.247085	0.049260	0.206526	0.127832	0.028933	0.108331	0.110943	0.021380	0.099710
4	0.256518	0.050160	0.209688	0.123029	0.029693	0.102776	0.105905	0.020308	0.101923
5	0.267358	0.050753	0.212477	0.117873	0.030473	0.097218	0.101088	0.018894	0.103866
6	0.277691	0.051313	0.215177	0.112858	0.031302	0.091756	0.096094	0.017895	0.105914
7	0.287795	0.051859	0.217532	0.108390	0.032130	0.086151	0.091506	0.016770	0.107867
8	0.298273	0.052285	0.219533	0.103868	0.032897	0.080844	0.087154	0.015807	0.109339
9	0.308974	0.052758	0.220623	0.099502	0.033751	0.076015	0.082692	0.014640	0.111045
10	0.319528	0.053141	0.221463	0.095466	0.034523	0.071424	0.078457	0.013622	0.112376
11	0.328809	0.053655	0.222282	0.091395	0.035813	0.067209	0.074209	0.012696	0.113932
12	0.338056	0.054143	0.222940	0.087558	0.037014	0.063047	0.069799	0.012005	0.115438
13	0.347742	0.054359	0.223050	0.083853	0.038091	0.059274	0.065897	0.011220	0.116514
14	0.357259	0.054312	0.223937	0.080020	0.039277	0.055617	0.061862	0.010325	0.117391
15	0.366318	0.054386	0.223831	0.076683	0.040432	0.052291	0.058190	0.009716	0.118153
16	0.375168	0.054369	0.223331	0.073175	0.041422	0.049049	0.055047	0.009177	0.119262
17	0.384278	0.054440	0.222906	0.069926	0.042550	0.046072	0.051687	0.008421	0.119720
18	0.392849	0.053975	0.222493	0.066675	0.043889	0.043167	0.048867	0.007982	0.120103
19	0.401199	0.053620	0.221466	0.063676	0.045299	0.040328	0.046362	0.007425	0.120625
20	0.408887	0.053311	0.221020	0.060846	0.046691	0.037832	0.043608	0.006965	0.120840
21	0.416529	0.053266	0.219538	0.057931	0.048275	0.035548	0.041140	0.006454	0.121319
22	0.423832	0.053400	0.217878	0.055278	0.049712	0.033199	0.038728	0.005978	0.121995
23	0.430854	0.053011	0.216535	0.052642	0.051395	0.031131	0.036635	0.005438	0.122359
24	0.437281	0.052637	0.215813	0.050464	0.052684	0.029138	0.034443	0.004994	0.122546
25	0.443730	0.052359	0.214386	0.048348	0.054195	0.027330	0.032229	0.004742	0.122681
26	0.450275	0.052076	0.213173	0.046096	0.055640	0.025509	0.030357	0.004393	0.122481
27	0.455935	0.051839	0.211538	0.044101	0.057436	0.023829	0.028485	0.004207	0.122630
28	0.461931	0.051622	0.209316	0.042170	0.058884	0.022422	0.027055	0.003900	0.122700
29	0.467286	0.051282	0.207726	0.040173	0.060775	0.020988	0.025454	0.003615	0.122701
30	0.472646	0.050614	0.206076	0.038172	0.063025	0.019705	0.023673	0.003390	0.122699
31	0.477389	0.050271	0.204376	0.036380	0.065331	0.018756	0.022407	0.003242	0.121848
32	0.482350	0.049829	0.202508	0.034682	0.067486	0.017511	0.021018	0.003019	0.121597
33	0.486692	0.049525	0.201136	0.033079	0.069076	0.016578	0.019857	0.002736	0.121321
34	0.490558	0.048934	0.199624	0.031843	0.071615	0.015680	0.018601	0.002617	0.120528
35	0.494685	0.048324	0.197491	0.030219	0.074302	0.014771	0.017426	0.002520	0.120262
36	0.498353	0.048175	0.195666	0.028902	0.076340	0.014007	0.016183	0.002444	0.119930
37	0.503039	0.047388	0.193387	0.027677	0.078618	0.013255	0.015184	0.002267	0.119185
38	0.506562	0.047145	0.191080	0.026910	0.080982	0.012362	0.014252	0.002094	0.118613
39	0.510345	0.046695	0.189065	0.025827	0.083233	0.011625	0.013305	0.001911	0.117994
40	0.513990	0.046404	0.186457	0.024684	0.085933	0.011125	0.012298	0.001891	0.117218
41	0.517342	0.045855	0.184423	0.023637	0.088716	0.010430	0.011740	0.001765	0.116092
42	0.519746	0.045304	0.182420	0.022884	0.091543	0.009849	0.010967	0.001637	0.115650
43	0.522700	0.044485	0.180547	0.022094	0.094202	0.009512	0.010117	0.001516	0.114827
44	0.525638	0.044123	0.178022	0.021206	0.097220	0.009111	0.009440	0.001396	0.113844
45	0.528424	0.043347	0.175436	0.020388	0.100287	0.008686	0.009011	0.001313	0.113108
46	0.531086	0.042639	0.173368	0.019715	0.103378	0.008363	0.008349	0.001233	0.111869
47	0.533644	0.042080	0.171225	0.019149	0.106411	0.007947	0.007876	0.001154	0.110514
48	0.535621	0.041832	0.169137	0.018531	0.109644	0.007507	0.007453	0.001029	0.109246
49	0.537873	0.041521	0.166948	0.017795	0.112940	0.007240	0.006861	0.000955	0.107867
50	0.540479	0.041008	0.164623	0.017063	0.116385	0.006896	0.006494	0.000899	0.106153
51	0.541883	0.040363	0.162599	0.016708	0.119607	0.006689	0.006007	0.000835	0.105309
52	0.543920	0.040145	0.160292	0.016098	0.122717	0.006424	0.005602	0.000773	0.104029
53	0.545569	0.039345	0.158738	0.015687	0.126400	0.006140	0.005269	0.000732	0.102120
54	0.547087	0.038984	0.156500	0.015246	0.130115	0.005792	0.004808	0.000674	0.100794
55	0.547886	0.038593	0.154386	0.014758	0.133781	0.005683	0.004517	0.000655	0.099741
56	0.549147	0.038002	0.152980	0.014457	0.137555	0.005414	0.004145	0.000620	0.097680
57	0.550672	0.037256	0.150800	0.014083	0.140951	0.005348	0.003989	0.000574	0.096327
58	0.551665	0.036878	0.148606	0.013834	0.145043	0.005006	0.003690	0.000574	0.094704
59	0.552379	0.036597	0.146932	0.013517	0.148803	0.004865	0.003509	0.000522	0.092876
60	0.552834	0.036269	0.144811	0.013316	0.152942	0.004707	0.003268	0.000486	0.091367
61	0.553836	0.035606	0.143079	0.012990	0.156819	0.004569	0.003032	0.000485	0.089584
62	0.554862	0.035330	0.140891	0.012681	0.160812	0.004352	0.002858	0.000449	0.087765
63	0.555172	0.034601	0.139187	0.012573	0.165061	0.004212	0.002682	0.000381	0.086131
64	0.555202	0.033993	0.137663	0.012388	0.169246	0.003997	0.002490	0.000376	0.084645
65	0.554735	0.033467	0.136085	0.012092	0.173771	0.003892	0.002268	0.000358	0.083332
66	0.554590	0.032989	0.134026	0.011744	0.178647	0.003867	0.002075	0.000333	0.081729
67	0.554608	0.032489	0.132196	0.011520	0.182942	0.003811	0.001939	0.000312	0.080183
68	0.554446	0.031718	0.130752	0.011440	0.187505	0.003645	0.001787	0.000287	0.078420
69	0.554192	0.031154	0.129377	0.011187	0.191942	0.003508	0.001689	0.000264	0.076687
70	0.553827	0.030539	0.127497	0.010877	0.196630	0.003435	0.001555	0.000241	0.075399
71	0.553179	0.030228	0.126022	0.010603	0.201078	0.003338	0.001432	0.000207	0.073913
72	0.552614	0.029862	0.124343	0.010485	0.205536	0.003209	0.001307	0.000190	0.072454
73	0.550930	0.029305	0.123076	0.010384	0.210655	0.003139	0.001218	0.000169	0.071124
74	0.550723	0.028896	0.121246	0.010233	0.215196	0.002954	0.001182	0.000169	0.069401
75	0.549617	0.028701	0.119215	0.009998	0.220114	0.002919	0.001114	0.000186	0.068136
76	0.548710	0.027865	0.118008	0.009782	0.225084	0.002864	0.001042	0.000165	0.066480
77	0.547726	0.027555	0.116534	0.009634	0.229957	0.002857	0.001015	0.000147	0.064575
78	0.546453	0.027165	0.115386	0.009436	0.234654	0.002799	0.000889	0.000144	0.063074
79	0.544940	0.026598	0.113901	0.009286	0.239937	0.002805	0.000791	0.000129	0.061613
80	0.543573	0.026171	0.112504	0.009146	0.244772	0.002818	0.000753	0.000124	0.060139
81	0.541958	0.025724	0.111247	0.009088	0.250130	0.002723	0.000690	0.000131	0.058309
82	0.540497	0.025382	0.109712	0.009065	0.254943	0.002739	0.000639	0.000123	0.056900
83	0.538348	0.025018	0.108017	0.009011	0.260889	0.002648	0.000553	0.000114	0.055402
84	0.536654	0.024537	0.106747	0.008912	0.265964	0.002652	0.000521	0.000092	0.053921
85	0.534127	0.024246	0.105677	0.008840	0.271569	0.002635	0.000505	0.000093	0.052308
86	0.531553	0.023826	0.104902	0.008718	0.276844	0.002583	0.000477	0.000085	0.051012
87	0.529566	0.023376	0.103065	0.008562	0.282852	0.002549	0.000433	0.000064	0.049533
88	0.527718	0.022944	0.101977	0.008366	0.287963	0.002495	0.000383	0.000072	0.048082
89	0.525820	0.022571	0.100306	0.008285	0.293783	0.002425	0.000361	0.000060	0.046389
90	0.522772	0.022179	0.099282	0.008154	0.299840	0.002364	0.000347	0.000045	0.045017
91	0.519850	0.021763	0.098449	0.008118	0.305617	0.002321	0.000320	0.000036	0.043526
92	0.517175	0.021258	0.097249	0.008034	0.311293	0.002268	0.000304	0.000036	0.042383
93	0.514614	0.020930	0.096069	0.007993	0.316960	0.002225	0.000285	0.000029	0.040895
94	0.511761	0.020372	0.094690	0.007879	0.323153	0.002226	0.000264	0.000021	0.039634
95	0.508721	0.019895	0.093433	0.007827	0.329309	0.002199	0.000234	0.000021	0.038361
96	0.505804	0.019495	0.092215	0.007784	0.334875	0.002095	0.000230	0.000014	0.037488
97	0.502958	0.018896	0.091078	0.007828	0.340834	0.002029	0.000211	0.000009	0.036157
98	0.499850	0.018607	0.089958	0.007768	0.346726	0.001977	0.000195	0.000013	0.034906
99	0.496901	0.018199	0.089059	0.007677	0.352435	0.001984	0.000202	0.000012	0.033531
100	0.493514	0.017708	0.088154	0.007540	0.358428	0.002005	0.000210	0.000009	0.032432
101	0.490207	0.017481	0.086848	0.007516	0.364574	0.001999	0.000179	0.000013	0.031183
102	0.486905	0.017126	0.085633	0.007463	0.370410	0.001961	0.000170	0.000013	0.030319
103	0.483273	0.016780	0.084742	0.007377	0.376228	0.001872	0.000173	0.000017	0.029538
104	0.479638	0.016552	0.083718	0.007299	0.382262	0.001857	0.000146	0.000020	0.028508
105	0.476205	0.016364	0.082702	0.007211	0.388139	0.001925	0.000113	0.000014	0.027327
106	0.472277	0.016041	0.081574	0.007149	0.394620	0.001892	0.000139	0.000008	0.026300
107	0.468290	0.015813	0.080640	0.007065	0.400635	0.001840	0.000102	0.000010	0.025605
108	0.464674	0.015418	0.079448	0.007012	0.406729	0.001794	0.000103	0.000008	0.024814
109	0.460406	0.015074	0.078440	0.007057	0.412910	0.001809	0.000098	0.000007	0.024199
110	0.456335	0.014640	0.077697	0.006968	0.419323	0.001751	0.000095	0.000006	0.023185
111	0.452073	0.014314	0.076693	0.006903	0.425853	0.001766	0.000096	0.000009	0.022293
112	0.448097	0.014081	0.075619	0.006823	0.432007	0.001703	0.000077	0.000006	0.021587
113	0.443901	0.013712	0.074449	0.006769	0.438560	0.001742	0.000069	0.000009	0.020789
114	0.439998	0.013423	0.073154	0.006820	0.444868	0.001738	0.000053	0.000005	0.019941
115	0.435758	0.013119	0.072262	0.006690	0.451176	0.001671	0.000067	0.000001	0.019256
116	0.432000	0.012734	0.070694	0.006718	0.457603	0.001683	0.000069	0.000001	0.018498
117	0.427671	0.012347	0.070105	0.006698	0.463726	0.001654	0.000063	0.000000	0.017736
118	0.423353	0.011965	0.069086	0.006735	0.470043	0.001676	0.000069	0.000000	0.017073
119	0.419548	0.011757	0.067707	0.006699	0.476113	0.001654	0.000069	0.000000	0.016453
120	0.415178	0.011465	0.066889	0.006654	0.482270	0.001652	0.000059	0.000000	0.015833
121	0.410669	0.011203	0.065760	0.006514	0.488972	0.001628	0.000051	0.000000	0.015203
122	0.406305	0.010922	0.065065	0.006530	0.494835	0.001606	0.000047	0.000000	0.014690
123	0.401707	0.010588	0.064240	0.006616	0.500998	0.001552	0.000046	0.000000	0.014253
124	0.397081	0.010262	0.063408	0.006477	0.507465	0.001563	0.000038	0.000000	0.013706
125	0.392706	0.009834	0.062678	0.006587	0.513568	0.001573	0.000036	0.000000	0.013018
126	0.388238	0.009492	0.061786	0.006501	0.519891	0.001583	0.000037	0.000000	0.012472
127	0.384318	0.009197	0.060721	0.006523	0.525705	0.001566	0.000042	0.000000	0.011928
128	0.380009	0.008950	0.059834	0.006473	0.531819	0.001518	0.000041	0.000000	0.011356
129	0.375617	0.008703	0.058817	0.006482	0.537923	0.001560	0.000037	0.000000	0.010861
130	0.371474	0.008491	0.057941	0.006467	0.543643	0.001591	0.000031	0.000000	0.010362
131	0.366226	0.008166	0.057475	0.006473	0.549918	0.001552	0.000032	0.000000	0.010158
132	0.361799	0.008037	0.056468	0.006408	0.556057	0.001532	0.000028	0.000000	0.009671
133	0.357318	0.007871	0.055710	0.006398	0.561798	0.001479	0.000023	0.000000	0.009403
134	0.352109	0.007753	0.055199	0.006377	0.567947	0.001443	0.000023	0.000000	0.009149
135	0.347938	0.007560	0.053923	0.006349	0.573985	0.001436	0.000035	0.000000	0.008774
136	0.343057	0.007345	0.052818	0.006426	0.580387	0.001485	0.000025	0.000000	0.008457
137	0.338801	0.007010	0.051952	0.006359	0.586419	0.001387	0.000022	0.000000	0.008050
138	0.334469	0.006788	0.051277	0.006328	0.591900	0.001471	0.000024	0.000000	0.007743
139	0.330324	0.006645	0.050432	0.006264	0.597374	0.001471	0.000025	0.000000	0.007465
140	0.325897	0.006384	0.049499	0.006334	0.603229	0.001466	0.000024	0.000000	0.007167
141	0.321337	0.006305	0.048780	0.006348	0.608974	0.001446	0.000019	0.000000	0.006791
142	0.316944	0.006189	0.048013	0.006347	0.614506	0.001433	0.000017	0.000000	0.006551
143	0.312599	0.005990	0.047259	0.006265	0.620226	0.001417	0.000017	0.000000	0.006227
144	0.308379	0.005838	0.046592	0.006243	0.625621	0.001423	0.000020	0.000000	0.005884
145	0.303622	0.005709	0.046018	0.006228	0.631392	0.001375	0.000022	0.000000	0.005634
146	0.299145	0.005629	0.045310	0.006142	0.636970	0.001352	0.000013	0.000000	0.005439
147	0.294721	0.005454	0.044635	0.006084	0.642515	0.001344	0.000019	0.000000	0.005228
148	0.289986	0.005299	0.043965	0.006027	0.648281	0.001372	0.000018	0.000000	0.005052
149	0.285814	0.005229	0.042966	0.006025	0.653862	0.001351	0.000014	0.000000	0.004739
150	0.281349	0.005092	0.042461	0.006016	0.659224	0.001302	0.000009	0.000000	0.004547
151	0.276675	0.004940	0.041878	0.006018	0.664785	0.001287	0.000011	0.000000	0.004406
152	0.272527	0.004761	0.041160	0.005980	0.669978	0.001297	0.000009	0.000000	0.004288
153	0.268007	0.004593	0.040418	0.005895	0.675685	0.001293	0.000011	0.000000	0.004098
154	0.263770	0.004516	0.039514	0.005862	0.681131	0.001248	0.000007	0.000000	0.003952
155	0.259257	0.004327	0.039229	0.005810	0.686290	0.001288	0.000004	0.000000	0.003795
156	0.255165	0.004234	0.038377	0.005841	0.691496	0.001296	0.000005	0.000000	0.003586
157	0.251081	0.004101	0.037686	0.005913	0.696478	0.001278	0.000005	0.000000	0.003458
158	0.246447	0.003965	0.037316	0.005749	0.701857	0.001339	0.000002	0.000000	0.003325
159	0.242055	0.003966	0.036437	0.005713	0.707324	0.001287	0.000003	0.000000	0.003215
160	0.237686	0.003818	0.035825	0.005763	0.712601	0.001237	0.000001	0.000000	0.003069
161	0.233647	0.003670	0.035155	0.005697	0.717652	0.001296	0.000001	0.000000	0.002882
162	0.229741	0.003514	0.034436	0.005640	0.722531	0.001287	0.000001	0.000000	0.002850
163	0.225710	0.003422	0.033931	0.005701	0.727207	0.001321	0.000000	0.000000	0.002708
164	0.221195	0.003339	0.033481	0.005758	0.732211	0.001391	0.000000	0.000000	0.002625
165	0.216958	0.003332	0.032855	0.005765	0.737201	0.001369	0.000000	0.000000	0.002520
166	0.212639	0.003150	0.032408	0.005678	0.742305	0.001378	0.000000	0.000000	0.002442
167	0.208479	0.003015	0.031815	0.005705	0.747299	0.001337	0.000000	0.000000	0.002350
168	0.204710	0.002893	0.031360	0.005612	0.751781	0.001344	0.000000	0.000000	0.002300
169	0.201123	0.002852	0.030658	0.005619	0.756145	0.001367	0.000000	0.000000	0.002236
170	0.197182	0.002734	0.030263	0.005669	0.760714	0.001358	0.000000	0.000000	0.002080
171	0.193443	0.002664	0.029487	0.005629	0.765392	0.001371	0.000000	0.000000	0.002014
172	0.189756	0.002526	0.028899	0.005635	0.769885	0.001328	0.000000	0.000000	0.001971
173	0.186169	0.002432	0.028131	0.005784	0.774254	0.001395	0.000000	0.000000	0.001835
174	0.182485	0.002329	0.027501	0.005733	0.778792	0.001438	0.000000	0.000000	0.001722
175	0.179645	0.002262	0.026852	0.005758	0.782421	0.001437	0.000000	0.000000	0.001625
176	0.176242	0.002198	0.026538	0.005707	0.786304	0.001485	0.000000	0.000000	0.001526
177	0.172779	0.002103	0.026257	0.005686	0.790313	0.001447	0.000000	0.000000	0.001415
178	0.169336	0.001980	0.025615	0.005766	0.794469	0.001469	0.000000	0.000000	0.001365
179	0.165933	0.001893	0.025045	0.005803	0.798539	0.001529	0.000000	0.000000	0.001258
180	0.162424	0.001848	0.024545	0.005891	0.802471	0.001596	0.000000	0.000000	0.001225
181	0.159223	0.001823	0.024287	0.005873	0.806159	0.001503	0.000000	0.000000	0.001132
182	0.155960	0.001721	0.023745	0.005909	0.810063	0.001512	0.000000	0.000000	0.001090
183	0.152841	0.001624	0.023119	0.005815	0.814075	0.001510	0.000000	0.000000	0.001016
184	0.149372	0.001603	0.022580	0.005843	0.818141	0.001497	0.000000	0.000000	0.000964
185	0.146391	0.001516	0.022332	0.005810	0.821532	0.001506	0.000000	0.000000	0.000913
186	0.143195	0.001421	0.021703	0.005855	0.825465	0.001479	0.000000	0.000000	0.000882
187	0.140241	0.001370	0.021442	0.005788	0.828860	0.001494	0.000000	0.000000	0.000805
188	0.137268	0.001342	0.020930	0.005774	0.832461	0.001460	0.000000	0.000000	0.000765
189	0.134465	0.001289	0.020571	0.005872	0.835585	0.001508	0.000000	0.000000	0.000710
190	0.131670	0.001246	0.020013	0.005849	0.839041	0.001484	0.000000	0.000000	0.000697
191	0.128845	0.001180	0.019442	0.005890	0.842535	0.001465	0.000000	0.000000	0.000643
192	0.126315	0.001134	0.018847	0.005889	0.845776	0.001442	0.000000	0.000000	0.000597
193	0.123033	0.001122	0.018621	0.005786	0.849411	0.001473	0.000000	0.000000	0.000554
194	0.120327	0.001106	0.018088	0.005845	0.852657	0.001452	0.000000	0.000000	0.000525
195	0.117586	0.001063	0.017875	0.005918	0.855605	0.001459	0.000000	0.000000	0.000494
196	0.115042	0.000980	0.017549	0.005841	0.858645	0.001484	0.000000	0.000000	0.000459
197	0.111881	0.000988	0.017301	0.005857	0.862061	0.001472	0.000000	0.000000	0.000440
198	0.109366	0.000941	0.016982	0.005832	0.865005	0.001481	0.000000	0.000000	0.000393
199	0.106741	0.000921	0.016660	0.005834	0.867953	0.001521	0.000000	0.000000	0.000370
200	0.104116	0.000888	0.016320	0.005848	0.870958	0.001535	0.000000	0.000000	0.000335
201	0.101712	0.000830	0.015826	0.005834	0.873929	0.001548	0.000000	0.000000	0.000321
202	0.099344	0.000789	0.015373	0.005766	0.876907	0.001523	0.000000	0.000000	0.000298
203	0.096921	0.000749	0.015039	0.005742	0.879726	0.001535	0.000000	0.000000	0.000288
204	0.094290	0.000727	0.014712	0.005740	0.882705	0.001570	0.000000	0.000000	0.000256
205	0.091832	0.000698	0.014433	0.005708	0.885490	0.001586	0.000000	0.000000	0.000253
206	0.089564	0.000675	0.014255	0.005745	0.887949	0.001584	0.000000	0.000000	0.000228
207	0.087243	0.000630	0.013734	0.005829	0.890788	0.001568	0.000000	0.000000	0.000208
208	0.084990	0.000619	0.013434	0.005911	0.893325	0.001539	0.000000	0.000000	0.000182
209	0.083093	0.000590	0.012987	0.005906	0.895743	0.001513	0.000000	0.000000	0.000168
210	0.080943	0.000553	0.012618	0.006001	0.898201	0.001520	0.000000	0.000000	0.000164
211	0.078978	0.000503	0.012416	0.005978	0.900401	0.001569	0.000000	0.000000	0.000155
212	0.076819	0.000474	0.012076	0.005949	0.902968	0.001577	0.000000	0.000000	0.000137
213	0.074649	0.000451	0.011767	0.005929	0.905517	0.001546	0.000000	0.000000	0.000141
214	0.072576	0.000424	0.011376	0.005937	0.907981	0.001573	0.000000	0.000000	0.000133
215	0.070629	0.000393	0.011128	0.006080	0.910127	0.001509	0.000000	0.000000	0.000134
216	0.068620	0.000387	0.010762	0.006074	0.912468	0.001570	0.000000	0.000000	0.000119
217	0.066729	0.000379	0.010622	0.006022	0.914655	0.001487	0.000000	0.000000	0.000106
218	0.064938	0.000367	0.010290	0.005903	0.916861	0.001552	0.000000	0.000000	0.000089
219	0.063043	0.000315	0.010086	0.005865	0.919063	0.001546	0.000000	0.000000	0.000082
220	0.061365	0.000293	0.009818	0.005830	0.921049	0.001560	0.000000	0.000000	0.000085
221	0.059823	0.000284	0.009551	0.005826	0.922848	0.001591	0.000000	0.000000	0.000077
222	0.058021	0.000263	0.009228	0.005776	0.925092	0.001553	0.000000	0.000000	0.000067
223	0.056668	0.000247	0.008826	0.005751	0.926891	0.001559	0.000000	0.000000	0.000058
224	0.055124	0.000203	0.008579	0.005715	0.928773	0.001559	0.000000	0.000000	0.000047
225	0.053537	0.000212	0.008381	0.005733	0.930494	0.001593	0.000000	0.000000	0.000050
226	0.052139	0.000197	0.008066	0.005741	0.932303	0.001507	0.000000	0.000000	0.000047
227	0.050590	0.000184	0.007951	0.005744	0.934008	0.001478	0.000000	0.000000	0.000045
228	0.049254	0.000174	0.007669	0.005707	0.935625	0.001525	0.000000	0.000000	0.000046
229	0.048093	0.000166	0.007413	0.005784	0.936993	0.001514	0.000000	0.000000	0.000037
230	0.046847	0.000137	0.007210	0.005772	0.938523	0.001480	0.000000	0.000000	0.000031
231	0.045624	0.000124	0.006883	0.005828	0.939980	0.001533	0.000000	0.000000	0.000028
232	0.044248	0.000114	0.006713	0.005793	0.941570	0.001535	0.000000	0.000000	0.000027
233	0.042925	0.000103	0.006522	0.005769	0.943063	0.001598	0.000000	0.000000	0.000020
234	0.041689	0.000097	0.006255	0.005816	0.944527	0.001596	0.000000	0.000000	0.000020
235	0.040560	0.000092	0.006046	0.005685	0.946048	0.001551	0.000000	0.000000	0.000018
236	0.039419	0.000076	0.005874	0.005668	0.947395	0.001552	0.000000	0.000000	0.000016
237	0.038200	0.000085	0.005707	0.005773	0.948654	0.001567	0.000000	0.000000	0.000014
238	0.037079	0.000086	0.005541	0.005793	0.949988	0.001502	0.000000	0.000000	0.000011
239	0.036039	0.000089	0.005364	0.005807	0.951166	0.001523	0.000000	0.000000	0.000012
240	0.034831	0.000083	0.005272	0.005888	0.952331	0.001589	0.000000	0.000000	0.000006
241	0.033708	0.000066	0.005118	0.005904	0.953651	0.001544	0.000000	0.000000	0.000009
242	0.032648	0.000074	0.004919	0.005969	0.954806	0.001578	0.000000	0.000000	0.000006
243	0.031576	0.000074	0.004865	0.005977	0.955901	0.001602	0.000000	0.000000	0.000005
244	0.030547	0.000090	0.004733	0.005985	0.957023	0.001620	0.000000	0.000000	0.000002
245	0.029536	0.000073	0.004688	0.006002	0.958070	0.001630	0.000000	0.000000	0.000001
246	0.028404	0.000075	0.004572	0.005986	0.959376	0.001583	0.000000	0.000000	0.000004
247	0.027400	0.000072	0.004479	0.005950	0.960583	0.001514	0.000000	0.000000	0.000002
248	0.026335	0.000074	0.004380	0.006131	0.961527	0.001550	0.000000	0.000000	0.000003
249	0.025512	0.000077	0.004266	0.006094	0.962513	0.001533	0.000000	0.000000	0.000005
250	0.024696	0.000074	0.004064	0.006111	0.963463	0.001586	0.000000	0.000000	0.000006
251	0.023968	0.000064	0.003914	0.006112	0.964378	0.001558	0.000000	0.000000	0.000006
252	0.023019	0.000063	0.003735	0.006135	0.965478	0.001563	0.000000	0.000000	0.000007
253	0.022252	0.000049	0.003569	0.006179	0.966361	0.001585	0.000000	0.000000	0.000005
254	0.021377	0.000049	0.003545	0.006172	0.967279	0.001576	0.000000	0.000000	0.000002
255	0.020807	0.000032	0.003412	0.006154	0.968011	0.001579	0.000000	0.000000	0.000005
256	0.020022	0.000036	0.003365	0.006232	0.968733	0.001607	0.000000	0.000000	0.000005
257	0.019280	0.000031	0.003302	0.006262	0.969491	0.001628	0.000000	0.000000	0.000006
258	0.018571	0.000027	0.003235	0.006260	0.970319	0.001584	0.000000	0.000000	0.000004
259	0.017992	0.000023	0.003060	0.006260	0.971093	0.001570	0.000000	0.000000	0.000002
260	0.017412	0.000018	0.002921	0.006304	0.971783	0.001561	0.000000	0.000000	0.000001
261	0.016791	0.000015	0.002869	0.006235	0.972510	0.001577	0.000000	0.000000	0.000003
262	0.016398	0.000015	0.002772	0.006227	0.973065	0.001520	0.000000	0.000000	0.000003
263	0.015658	0.000014	0.002719	0.006257	0.973814	0.001536	0.000000	0.000000	0.000002
264	0.015133	0.000008	0.002607	0.006178	0.974513	0.001560	0.000000	0.000000	0.000001
265	0.014616	0.000013	0.002532	0.006172	0.975111	0.001555	0.000000	0.000000	0.000001
266	0.014160	0.000007	0.002411	0.006155	0.975686	0.001581	0.000000	0.000000	0.000000
267	0.013610	0.000004	0.002368	0.006247	0.976183	0.001588	0.000000	0.000000	0.000000
268	0.013119	0.000003	0.002234	0.006251	0.976814	0.001578	0.000000	0.000000	0.000001
269	0.012689	0.000002	0.002150	0.006309	0.977284	0.001566	0.000000	0.000000	0.000000
270	0.012234	0.000000	0.002040	0.006199	0.977931	0.001596	0.000000	0.000000	0.000000
271	0.011783	0.000000	0.001994	0.006155	0.978545	0.001523	0.000000	0.000000	0.000000
272	0.011360	0.000000	0.001880	0.006204	0.978977	0.001579	0.000000	0.000000	0.000000
273	0.010958	0.000000	0.001819	0.006122	0.979553	0.001548	0.000000	0.000000	0.000000
274	0.010505	0.000000	0.001796	0.006094	0.980034	0.001571	0.000000	0.000000	0.000000
275	0.010178	0.000000	0.001754	0.006077	0.980387	0.001604	0.000000	0.000000	0.000000
276	0.009800	0.000000	0.001712	0.005988	0.980890	0.001610	0.000000	0.000000	0.000000
277	0.009422	0.000000	0.001646	0.006021	0.981280	0.001631	0.000000	0.000000	0.000000
278	0.009105	0.000000	0.001593	0.006003	0.981667	0.001632	0.000000	0.000000	0.000000
279	0.008730	0.000000	0.001548	0.005987	0.982126	0.001609	0.000000	0.000000	0.000000
280	0.008413	0.000000	0.001456	0.005993	0.982484	0.001654	0.000000	0.000000	0.000000
281	0.008073	0.000000	0.001396	0.005901	0.982996	0.001634	0.000000	0.000000	0.000000
282	0.007681	0.000000	0.001380	0.005998	0.983344	0.001597	0.000000	0.000000	0.000000
283	0.007341	0.000000	0.001299	0.005916	0.983846	0.001598	0.000000	0.000000	0.000000
284	0.007124	0.000000	0.001301	0.005846	0.984156	0.001573	0.000000	0.000000	0.000000
285	0.006798	0.000000	0.001272	0.005904	0.984435	0.001591	0.000000	0.000000	0.000000
286	0.006590	0.000000	0.001161	0.005865	0.984754	0.001630	0.000000	0.000000	0.000000
287	0.006272	0.000000	0.001108	0.005816	0.985188	0.001616	0.000000	0.000000	0.000000
288	0.006007	0.000000	0.001056	0.005790	0.985553	0.001594	0.000000	0.000000	0.000000
289	0.005702	0.000000	0.001030	0.005809	0.985895	0.001564	0.000000	0.000000	0.000000
290	0.005491	0.000000	0.000970	0.005769	0.986232	0.001538	0.000000	0.000000	0.000000
291	0.005291	0.000000	0.000944	0.005736	0.986458	0.001571	0.000000	0.000000	0.000000
292	0.005068	0.000000	0.000884	0.005791	0.986652	0.001605	0.000000	0.000000	0.000000
293	0.004786	0.000000	0.000860	0.005808	0.986916	0.001630	0.000000	0.000000	0.000000
294	0.004624	0.000000	0.000806	0.005914	0.987028	0.001628	0.000000	0.000000	0.000000
295	0.004416	0.000000	0.000762	0.005866	0.987356	0.001600	0.000000	0.000000	0.000000
296	0.004309	0.000000	0.000733	0.005882	0.987512	0.001564	0.000000	0.000000	0.000000
297	0.004112	0.000000	0.000721	0.006012	0.987592	0.001563	0.000000	0.000000	0.000000
298	0.004018	0.000000	0.000673	0.006053	0.987684	0.001572	0.000000	0.000000	0.000000
299	0.003877	0.000000	0.000642	0.006003	0.987949	0.001529	0.000000	0.000000	0.000000
300	0.003722	0.000000	0.000627	0.006027	0.988159	0.001465	0.000000	0.000000	0.000000
301	0.003548	0.000000	0.000644	0.006057	0.988233	0.001518	0.000000	0.000000	0.000000
302	0.003349	0.000000	0.000592	0.005974	0.988612	0.001473	0.000000	0.000000	0.000000
303	0.003174	0.000000	0.000566	0.006015	0.988803	0.001442	0.000000	0.000000	0.000000
304	0.003060	0.000000	0.000551	0.006036	0.988882	0.001471	0.000000	0.000000	0.000000
305	0.002904	0.000000	0.000540	0.005895	0.989254	0.001407	0.000000	0.000000	0.000000
306	0.002811	0.000000	0.000505	0.005901	0.989407	0.001376	0.000000	0.000000	0.000000
307	0.002697	0.000000	0.000499	0.005963	0.989465	0.001376	0.000000	0.000000	0.000000
308	0.002566	0.000000	0.000467	0.006009	0.989640	0.001318	0.000000	0.000000	0.000000
309	0.002465	0.000000	0.000469	0.006084	0.989640	0.001342	0.000000	0.000000	0.000000
310	0.002407	0.000000	0.000463	0.006137	0.989648	0.001345	0.000000	0.000000	0.000000
311	0.002299	0.000000	0.000455	0.006143	0.989742	0.001361	0.000000	0.000000	0.000000
312	0.002210	0.000000	0.000439	0.006216	0.989737	0.001398	0.000000	0.000000	0.000000
313	0.002101	0.000000	0.000408	0.006213	0.989906	0.001372	0.000000	0.000000	0.000000
314	0.002025	0.000000	0.000402	0.006195	0.990011	0.001367	0.000000	0.000000	0.000000
315	0.001922	0.000000	0.000373	0.006116	0.990207	0.001382	0.000000	0.000000	0.000000
316	0.001872	0.000000	0.000350	0.006062	0.990334	0.001382	0.000000	0.000000	0.000000
317	0.001771	0.000000	0.000340	0.006087	0.990429	0.001373	0.000000	0.000000	0.000000
318	0.001689	0.000000	0.000327	0.006177	0.990419	0.001388	0.000000	0.000000	0.000000
319	0.001603	0.000000	0.000330	0.006118	0.990579	0.001370	0.000000	0.000000	0.000000
320	0.001531	0.000000	0.000342	0.006107	0.990649	0.001371	0.000000	0.000000	0.000000
321	0.001478	0.000000	0.000322	0.006165	0.990706	0.001329	0.000000	0.000000	0.000000
322	0.001394	0.000000	0.000314	0.006110	0.990841	0.001341	0.000000	0.000000	0.000000
323	0.001334	0.000000	0.000297	0.006052	0.991018	0.001299	0.000000	0.000000	0.000000
324	0.001257	0.000000	0.000285	0.006056	0.991099	0.001303	0.000000	0.000000	0.000000
325	0.001156	0.000000	0.000253	0.005988	0.991362	0.001241	0.000000	0.000000	0.000000
326	0.001078	0.000000	0.000242	0.006024	0.991399	0.001257	0.000000	0.000000	0.000000
327	0.001037	0.000000	0.000226	0.006033	0.991447	0.001257	0.000000	0.000000	0.000000
328	0.000985	0.000000	0.000224	0.005883	0.991618	0.001290	0.000000	0.000000	0.000000
329	0.000949	0.000000	0.000209	0.005887	0.991701	0.001254	0.000000	0.000000	0.000000
330	0.000916	0.000000	0.000199	0.005963	0.991670	0.001252	0.000000	0.000000	0.000000
331	0.000856	0.000000	0.000180	0.005954	0.991794	0.001216	0.000000	0.000000	0.000000
332	0.000801	0.000000	0.000187	0.006027	0.991763	0.001222	0.000000	0.000000	0.000000
333	0.000754	0.000000	0.000180	0.006021	0.991839	0.001206	0.000000	0.000000	0.000000
334	0.000745	0.000000	0.000157	0.005950	0.991899	0.001249	0.000000	0.000000	0.000000
335	0.000741	0.000000	0.000134	0.005948	0.991928	0.001249	0.000000	0.000000	0.000000
336	0.000723	0.000000	0.000155	0.005953	0.991917	0.001252	0.000000	0.000000	0.000000
337	0.000687	0.000000	0.000163	0.005940	0.991937	0.001273	0.000000	0.000000	0.000000
338	0.000643	0.000000	0.000153	0.006014	0.991912	0.001278	0.000000	0.000000	0.000000
339	0.000615	0.000000	0.000141	0.005933	0.992048	0.001263	0.000000	0.000000	0.000000
340	0.000579	0.000000	0.000132	0.005982	0.992057	0.001250	0.000000	0.000000	0.000000
341	0.000558	0.000000	0.000133	0.005941	0.992117	0.001251	0.000000	0.000000	0.000000
342	0.000517	0.000000	0.000122	0.005819	0.992341	0.001201	0.000000	0.000000	0.000000
343	0.000491	0.000000	0.000117	0.005957	0.992209	0.001226	0.000000	0.000000	0.000000
344	0.000466	0.000000	0.000104	0.005872	0.992316	0.001242	0.000000	0.000000	0.000000
345	0.000437	0.000000	0.000102	0.005802	0.992426	0.001233	0.000000	0.000000	0.000000
346	0.000409	0.000000	0.000094	0.005827	0.992474	0.001196	0.000000	0.000000	0.000000
347	0.000389	0.000000	0.000085	0.005880	0.992450	0.001196	0.000000	0.000000	0.000000
348	0.000357	0.000000	0.000081	0.005871	0.992535	0.001156	0.000000	0.000000	0.000000
349	0.000338	0.000000	0.000084	0.005826	0.992572	0.001180	0.000000	0.000000	0.000000
350	0.000317	0.000000	0.000083	0.005792	0.992654	0.001154	0.000000	0.000000	0.000000
351	0.000284	0.000000	0.000071	0.005707	0.992740	0.001198	0.000000	0.000000	0.000000
352	0.000282	0.000000	0.000056	0.005645	0.992810	0.001207	0.000000	0.000000	0.000000
353	0.000275	0.000000	0.000046	0.005596	0.992822	0.001261	0.000000	0.000000	0.000000
354	0.000254	0.000000	0.000045	0.005587	0.992844	0.001270	0.000000	0.000000	0.000000
355	0.000226	0.000000	0.000033	0.005557	0.992953	0.001231	0.000000	0.000000	0.000000
356	0.000220	0.000000	0.000029	0.005474	0.993067	0.001210	0.000000	0.000000	0.000000
357	0.000218	0.000000	0.000022	0.005417	0.993149	0.001194	0.000000	0.000000	0.000000
358	0.000194	0.000000	0.000017	0.005452	0.993155	0.001182	0.000000	0.000000	0.000000
359	0.000175	0.000000	0.000019	0.005462	0.993129	0.001215	0.000000	0.000000	0.000000
360	0.000168	0.000000	0.000016	0.005436	0.993170	0.001210	0.000000	0.000000	0.000000
361	0.000151	0.000000	0.000014	0.005401	0.993274	0.001160	0.000000	0.000000	0.000000
362	0.000134	0.000000	0.000011	0.005473	0.993187	0.001195	0.000000	0.000000	0.000000
363	0.000121	0.000000	0.000012	0.005383	0.993277	0.001207	0.000000	0.000000	0.000000
364	0.000109	0.000000	0.000012	0.005345	0.993386	0.001148	0.000000	0.000000	0.000000
365	0.000091	0.000000	0.000007	0.005391	0.993330	0.001181	0.000000	0.000000	0.000000
366	0.000075	0.000000	0.000007	0.005383	0.993327	0.001208	0.000000	0.000000	0.000000
367	0.000065	0.000000	0.000006	0.005439	0.993289	0.001201	0.000000	0.000000	0.000000
368	0.000055	0.000000	0.000006	0.005348	0.993364	0.001227	0.000000	0.000000	0.000000
369	0.000051	0.000000	0.000006	0.005395	0.993342	0.001206	0.000000	0.000000	0.000000
370	0.000049	0.000000	0.000010	0.005413	0.993354	0.001174	0.000000	0.000000	0.000000
371	0.000042	0.000000	0.000008	0.005338	0.993455	0.001157	0.000000	0.000000	0.000000
372	0.000045	0.000000	0.000007	0.005375	0.993400	0.001173	0.000000	0.000000	0.000000
373	0.000034	0.000000	0.000004	0.005350	0.993428	0.001184	0.000000	0.000000	0.000000
374	0.000030	0.000000	0.000001	0.005368	0.993424	0.001177	0.000000	0.000000	0.000000
375	0.000027	0.000000	0.000003	0.005470	0.993353	0.001147	0.000000	0.000000	0.000000
376	0.000017	0.000000	0.000005	0.005518	0.993307	0.001153	0.000000	0.000000	0.000000
377	0.000012	0.000000	0.000006	0.005451	0.993375	0.001156	0.000000	0.000000	0.000000
378	0.000015	0.000000	0.000005	0.005436	0.993407	0.001137	0.000000	0.000000	0.000000
379	0.000010	0.000000	0.000003	0.005503	0.993352	0.001132	0.000000	0.000000	0.000000
380	0.000006	0.000000	0.000002	0.005571	0.993303	0.001118	0.000000	0.000000	0.000000
381	0.000005	0.000000	0.000001	0.005551	0.993329	0.001114	0.000000	0.000000	0.000000
382	0.000001	0.000000	0.000001	0.005490	0.993412	0.001096	0.000000	0.000000	0.000000
383	0.000001	0.000000	0.000000	0.005450	0.993385	0.001164	0.000000	0.000000	0.000000
384	0.000001	0.000000	0.000000	0.005480	0.993336	0.001183	0.000000	0.000000	0.000000
385	0.000000	0.000000	0.000000	0.005536	0.993280	0.001184	0.000000	0.000000	0.000000
386	0.000000	0.000000	0.000000	0.005580	0.993261	0.001159	0.000000	0.000000	0.000000
387	0.000000	0.000000	0.000000	0.005458	0.993443	0.001099	0.000000	0.000000	0.000000
388	0.000000	0.000000	0.000000	0.005444	0.993461	0.001095	0.000000	0.000000	0.000000
389	0.000000	0.000000	0.000000	0.005464	0.993420	0.001116	0.000000	0.000000	0.000000
390	0.000000	0.000000	0.000000	0.005409	0.993489	0.001102	0.000000	0.000000	0.000000
391	0.000000	0.000000	0.000000	0.005529	0.993379	0.001092	0.000000	0.000000	0.000000
392	0.000000	0.000000	0.000000	0.005540	0.993358	0.001102	0.000000	0.000000	0.000000
393	0.000000	0.000000	0.000000	0.005476	0.993458	0.001066	0.000000	0.000000	0.000000
394	0.000000	0.000000	0.000000	0.005561	0.993341	0.001098	0.000000	0.000000	0.000000
395	0.000000	0.000000	0.000000	0.005653	0.993245	0.001102	0.000000	0.000000	0.000000
396	0.000000	0.000000	0.000000	0.005685	0.993267	0.001048	0.000000	0.000000	0.000000
397	0.000000	0.000000	0.000000	0.005629	0.993318	0.001053	0.000000	0.000000	0.000000
398	0.000000	0.000000	0.000000	0.005603	0.993341	0.001056	0.000000	0.000000	0.000000
399	0.000000	0.000000	0.000000	0.005660	0.993250	0.001090	0.000000	0.000000	0.000000
400	0.000000	0.000000	0.000000	0.005745	0.993179	0.001076	0.000000	0.000000	0.000000
401	0.000000	0.000000	0.000000	0.005736	0.993173	0.001091	0.000000	0.000000	0.000000
402	0.000000	0.000000	0.000000	0.005805	0.993101	0.001094	0.000000	0.000000	0.000000
403	0.000000	0.000000	0.000000	0.005845	0.993076	0.001079	0.000000	0.000000	0.000000
404	0.000000	0.000000	0.000000	0.005820	0.993105	0.001075	0.000000	0.000000	0.000000
405	0.000000	0.000000	0.000000	0.005879	0.993033	0.001088	0.000000	0.000000	0.000000
406	0.000000	0.000000	0.000000	0.005893	0.993038	0.001069	0.000000	0.000000	0.000000
407	0.000000	0.000000	0.000000	0.005800	0.993147	0.001053	0.000000	0.000000	0.000000
408	0.000000	0.000000	0.000000	0.005788	0.993128	0.001084	0.000000	0.000000	0.000000
409	0.000000	0.000000	0.000000	0.005781	0.993146	0.001073	0.000000	0.000000	0.000000
410	0.000000	0.000000	0.000000	0.005735	0.993212	0.001053	0.000000	0.000000	0.000000
411	0.000000	0.000000	0.000000	0.005741	0.993201	0.001058	0.000000	0.000000	0.000000
412	0.000000	0.000000	0.000000	0.005721	0.993234	0.001045	0.000000	0.000000	0.000000
413	0.000000	0.000000	0.000000	0.005686	0.993292	0.001022	0.000000	0.000000	0.000000
414	0.000000	0.000000	0.000000	0.005707	0.993226	0.001067	0.000000	0.000000	0.000000
415	0.000000	0.000000	0.000000	0.005788	0.993148	0.001064	0.000000	0.000000	0.000000
416	0.000000	0.000000	0.000000	0.005836	0.993137	0.001027	0.000000	0.000000	0.000000
417	0.000000	0.000000	0.000000	0.005818	0.993156	0.001026	0.000000	0.000000	0.000000
418	0.000000	0.000000	0.000000	0.005895	0.993080	0.001025	0.000000	0.000000	0.000000
419	0.000000	0.000000	0.000000	0.005874	0.993078	0.001048	0.000000	0.000000	0.000000
420	0.000000	0.000000	0.000000	0.005837	0.993123	0.001040	0.000000	0.000000	0.000000
421	0.000000	0.000000	0.000000	0.005833	0.993155	0.001012	0.000000	0.000000	0.000000
422	0.000000	0.000000	0.000000	0.005869	0.993105	0.001026	0.000000	0.000000	0.000000
423	0.000000	0.000000	0.000000	0.005826	0.993168	0.001006	0.000000	0.000000	0.000000
424	0.000000	0.000000	0.000000	0.005773	0.993223	0.001004	0.000000	0.000000	0.000000
425	0.000000	0.000000	0.000000	0.005617	0.993415	0.000968	0.000000	0.000000	0.000000
426	0.000000	0.000000	0.000000	0.005708	0.993315	0.000977	0.000000	0.000000	0.000000
427	0.000000	0.000000	0.000000	0.005764	0.993286	0.000950	0.000000	0.000000	0.000000
428	0.000000	0.000000	0.000000	0.005815	0.993211	0.000974	0.000000	0.000000	0.000000
429	0.000000	0.000000	0.000000	0.005801	0.993161	0.001038	0.000000	0.000000	0.000000
430	0.000000	0.000000	0.000000	0.005792	0.993194	0.001014	0.000000	0.000000	0.000000
431	0.000000	0.000000	0.000000	0.005765	0.993204	0.001031	0.000000	0.000000	0.000000
432	0.000000	0.000000	0.000000	0.005794	0.993193	0.001013	0.000000	0.000000	0.000000
433	0.000000	0.000000	0.000000	0.005776	0.993241	0.000983	0.000000	0.000000	0.000000
434	0.000000	0.000000	0.000000	0.005731	0.993275	0.000994	0.000000	0.000000	0.000000
435	0.000000	0.000000	0.000000	0.005745	0.993279	0.000976	0.000000	0.000000	0.000000
436	0.000000	0.000000	0.000000	0.005848	0.993174	0.000978	0.000000	0.000000	0.000000
437	0.000000	0.000000	0.000000	0.005827	0.993192	0.000981	0.000000	0.000000	0.000000
438	0.000000	0.000000	0.000000	0.005917	0.993097	0.000986	0.000000	0.000000	0.000000
439	0.000000	0.000000	0.000000	0.005910	0.993137	0.000953	0.000000	0.000000	0.000000
440	0.000000	0.000000	0.000000	0.005878	0.993130	0.000992	0.000000	0.000000	0.000000
441	0.000000	0.000000	0.000000	0.005908	0.993074	0.001018	0.000000	0.000000	0.000000
442	0.000000	0.000000	0.000000	0.005944	0.993024	0.001032	0.000000	0.000000	0.000000
443	0.000000	0.000000	0.000000	0.005914	0.993094	0.000992	0.000000	0.000000	0.000000
444	0.000000	0.000000	0.000000	0.005910	0.993080	0.001010	0.000000	0.000000	0.000000
445	0.000000	0.000000	0.000000	0.005863	0.993158	0.000979	0.000000	0.000000	0.000000
446	0.000000	0.000000	0.000000	0.005853	0.993219	0.000928	0.000000	0.000000	0.000000
447	0.000000	0.000000	0.000000	0.005829	0.993266	0.000905	0.000000	0.000000	0.000000
448	0.000000	0.000000	0.000000	0.005833	0.993274	0.000893	0.000000	0.000000	0.000000
449	0.000000	0.000000	0.000000	0.005879	0.993154	0.000967	0.000000	0.000000	0.000000
450	0.000000	0.000000	0.000000	0.005923	0.993105	0.000972	0.000000	0.000000	0.000000
451	0.000000	0.000000	0.000000	0.005875	0.993205	0.000920	0.000000	0.000000	0.000000
452	0.000000	0.000000	0.000000	0.005882	0.993222	0.000896	0.000000	0.000000	0.000000
453	0.000000	0.000000	0.000000	0.005859	0.993233	0.000908	0.000000	0.000000	0.000000
454	0.000000	0.000000	0.000000	0.005814	0.993306	0.000880	0.000000	0.000000	0.000000
455	0.000000	0.000000	0.000000	0.005736	0.993352	0.000912	0.000000	0.000000	0.000000
456	0.000000	0.000000	0.000000	0.005720	0.993400	0.000880	0.000000	0.000000	0.000000
457	0.000000	0.000000	0.000000	0.005799	0.993328	0.000873	0.000000	0.000000	0.000000
458	0.000000	0.000000	0.000000	0.005816	0.993284	0.000900	0.000000	0.000000	0.000000
459	0.000000	0.000000	0.000000	0.005728	0.993346	0.000926	0.000000	0.000000	0.000000
460	0.000000	0.000000	0.000000	0.005695	0.993417	0.000888	0.000000	0.000000	0.000000
461	0.000000	0.000000	0.000000	0.005673	0.993451	0.000876	0.000000	0.000000	0.000000
462	0.000000	0.000000	0.000000	0.005690	0.993431	0.000879	0.000000	0.000000	0.000000
463	0.000000	0.000000	0.000000	0.005701	0.993423	0.000876	0.000000	0.000000	0.000000
464	0.000000	0.000000	0.000000	0.005737	0.993391	0.000872	0.000000	0.000000	0.000000
465	0.000000	0.000000	0.000000	0.005753	0.993397	0.000850	0.000000	0.000000	0.000000
466	0.000000	0.000000	0.000000	0.005772	0.993326	0.000902	0.000000	0.000000	0.000000
467	0.000000	0.000000	0.000000	0.005725	0.993403	0.000872	0.000000	0.000000	0.000000
468	0.000000	0.000000	0.000000	0.005731	0.993397	0.000872	0.000000	0.000000	0.000000
469	0.000000	0.000000	0.000000	0.005632	0.993522	0.000846	0.000000	0.000000	0.000000
470	0.000000	0.000000	0.000000	0.005653	0.993502	0.000845	0.000000	0.000000	0.000000
