0	0.290663	0.057897	0.229473	0.157588	0.029913	0.111872	0.085455	0.012259	0.024880
1	0.257009	0.052698	0.217933	0.122526	0.025175	0.107029	0.110443	0.021534	0.085653
2	0.279201	0.056704	0.233809	0.102825	0.022810	0.092023	0.103720	0.020111	0.088797
3	0.306036	0.060638	0.249439	0.086591	0.020676	0.077365	0.094042	0.018123	0.087090
4	0.333231	0.064461	0.263146	0.072633	0.018828	0.063544	0.083767	0.015999	0.084391
5	0.359509	0.067401	0.274433	0.060215	0.017317	0.052642	0.074014	0.013822	0.080647
6	0.383056	0.070365	0.283952	0.049643	0.015915	0.043141	0.065014	0.011962	0.076952
7	0.404412	0.072744	0.292351	0.040948	0.014675	0.035197	0.056823	0.010399	0.072451
8	0.424684	0.075138	0.298419	0.033473	0.013589	0.028463	0.048796	0.008904	0.068534
9	0.442662	0.076884	0.303299	0.027506	0.012406	0.022968	0.042287	0.007778	0.064210
10	0.458739	0.078527	0.306648	0.022320	0.011566	0.018741	0.036458	0.006717	0.060284
11	0.472833	0.079814	0.310384	0.018128	0.010764	0.014971	0.031314	0.005726	0.056066
12	0.485210	0.080822	0.312887	0.014835	0.009819	0.012072	0.026962	0.005013	0.052380
13	0.497046	0.081828	0.313894	0.012119	0.009133	0.010030	0.022814	0.004249	0.048887
14	0.507047	0.082077	0.315248	0.009942	0.008630	0.008144	0.019671	0.003669	0.045572
15	0.515824	0.082512	0.316229	0.008332	0.007996	0.006592	0.016896	0.003110	0.042509
16	0.522985	0.083446	0.316632	0.006821	0.007616	0.005496	0.014494	0.002694	0.039816
17	0.529506	0.083753	0.317060	0.005701	0.007088	0.004573	0.012541	0.002374	0.037404
18	0.535850	0.084271	0.317005	0.004725	0.006573	0.003815	0.010793	0.002000	0.034968
19	0.541454	0.084662	0.316853	0.003919	0.006303	0.003163	0.009332	0.001727	0.032587
20	0.545404	0.085515	0.317030	0.003369	0.005905	0.002674	0.007995	0.001579	0.030529
21	0.550379	0.085710	0.316176	0.002908	0.005569	0.002270	0.007017	0.001363	0.028608
22	0.553992	0.085994	0.316112	0.002429	0.005237	0.001907	0.006117	0.001167	0.027045
23	0.557093	0.086229	0.316196	0.002149	0.005000	0.001608	0.005422	0.001063	0.025240
24	0.560672	0.086623	0.315183	0.001899	0.004704	0.001384	0.004649	0.000944	0.023942
25	0.563256	0.086966	0.315105	0.001620	0.004517	0.001176	0.004108	0.000804	0.022448
26	0.565044	0.087109	0.315281	0.001388	0.004378	0.000988	0.003586	0.000734	0.021492
27	0.567677	0.087007	0.314997	0.001290	0.004166	0.000895	0.003142	0.000645	0.020181
28	0.569522	0.086887	0.315180	0.001083	0.003900	0.000770	0.002769	0.000597	0.019292
29	0.571305	0.087217	0.314997	0.000950	0.003648	0.000676	0.002460	0.000488	0.018259
30	0.573209	0.087224	0.314826	0.000836	0.003534	0.000582	0.002177	0.000441	0.017171
31	0.573920	0.087496	0.315485	0.000738	0.003387	0.000523	0.001985	0.000335	0.016131
32	0.575663	0.087555	0.314992	0.000639	0.003361	0.000456	0.001721	0.000299	0.015314
33	0.577201	0.087536	0.314760	0.000573	0.003213	0.000445	0.001564	0.000288	0.014420
34	0.578473	0.087678	0.314477	0.000510	0.003119	0.000387	0.001323	0.000250	0.013783
35	0.579760	0.087441	0.314712	0.000477	0.003068	0.000352	0.001162	0.000191	0.012837
36	0.579925	0.087691	0.315306	0.000411	0.002953	0.000309	0.001055	0.000195	0.012155
37	0.580870	0.087758	0.315134	0.000389	0.002872	0.000264	0.000977	0.000192	0.011544
38	0.581689	0.087993	0.314983	0.000322	0.002794	0.000240	0.000876	0.000173	0.010930
39	0.582666	0.088131	0.314500	0.000304	0.002650	0.000198	0.000789	0.000171	0.010591
40	0.583310	0.087988	0.314395	0.000282	0.002645	0.000177	0.000731	0.000135	0.010337
41	0.583861	0.088115	0.314518	0.000246	0.002524	0.000131	0.000641	0.000122	0.009842
42	0.585358	0.087775	0.313940	0.000215	0.002474	0.000124	0.000591	0.000102	0.009421
43	0.586334	0.087667	0.313632	0.000199	0.002386	0.000109	0.000534	0.000105	0.009034
44	0.586371	0.087707	0.314056	0.000162	0.002278	0.000093	0.000459	0.000090	0.008784
45	0.586837	0.087892	0.313881	0.000152	0.002195	0.000097	0.000413	0.000066	0.008467
46	0.586753	0.087887	0.314367	0.000146	0.002170	0.000070	0.000367	0.000060	0.008180
47	0.587199	0.087946	0.314199	0.000156	0.002130	0.000080	0.000320	0.000054	0.007916
48	0.587851	0.087965	0.313946	0.000133	0.002071	0.000075	0.000303	0.000062	0.007594
49	0.587954	0.088379	0.313728	0.000121	0.002025	0.000064	0.000302	0.000044	0.007383
50	0.588349	0.088101	0.313964	0.000099	0.002039	0.000056	0.000279	0.000043	0.007070
51	0.588755	0.088379	0.313623	0.000096	0.001996	0.000051	0.000251	0.000042	0.006807
52	0.589298	0.088402	0.313348	0.000099	0.001933	0.000052	0.000225	0.000037	0.006606
53	0.588691	0.088605	0.314001	0.000084	0.001964	0.000054	0.000169	0.000048	0.006384
54	0.589171	0.088187	0.314156	0.000095	0.001879	0.000052	0.000158	0.000046	0.006256
55	0.589808	0.088580	0.313330	0.000087	0.001814	0.000061	0.000136	0.000036	0.006148
56	0.589891	0.088281	0.313840	0.000069	0.001774	0.000056	0.000137	0.000043	0.005909
57	0.590297	0.088402	0.313702	0.000074	0.001725	0.000043	0.000115	0.000038	0.005604
58	0.589814	0.088653	0.314333	0.000065	0.001658	0.000039	0.000090	0.000027	0.005321
59	0.590227	0.088529	0.314189	0.000068	0.001687	0.000042	0.000074	0.000023	0.005161
60	0.590514	0.088417	0.314319	0.000053	0.001632	0.000042	0.000064	0.000025	0.004934
61	0.590655	0.088562	0.314134	0.000047	0.001546	0.000029	0.000058	0.000017	0.004952
62	0.590638	0.088470	0.314436	0.000038	0.001468	0.000027	0.000045	0.000017	0.004861
63	0.591128	0.088107	0.314558	0.000035	0.001454	0.000026	0.000045	0.000014	0.004633
64	0.591526	0.087942	0.314464	0.000028	0.001451	0.000024	0.000041	0.000020	0.004504
65	0.591015	0.088416	0.314695	0.000024	0.001420	0.000022	0.000030	0.000020	0.004358
66	0.591404	0.088081	0.314796	0.000020	0.001375	0.000020	0.000030	0.000010	0.004264
67	0.591774	0.087913	0.314823	0.000020	0.001302	0.000019	0.000026	0.000011	0.004112
68	0.591873	0.087866	0.314899	0.000019	0.001345	0.000018	0.000021	0.000012	0.003947
69	0.591679	0.087591	0.315575	0.000015	0.001345	0.000022	0.000024	0.000017	0.003732
70	0.591792	0.087375	0.315852	0.000012	0.001302	0.000026	0.000025	0.000011	0.003605
71	0.592121	0.087565	0.315295	0.000010	0.001273	0.000018	0.000022	0.000017	0.003679
72	0.592813	0.087315	0.315050	0.000011	0.001248	0.000013	0.000021	0.000011	0.003518
73	0.593452	0.087311	0.314478	0.000012	0.001235	0.000012	0.000018	0.000007	0.003475
74	0.593598	0.087376	0.314433	0.000012	0.001210	0.000011	0.000021	0.000007	0.003332
75	0.593919	0.087387	0.314281	0.000007	0.001245	0.000008	0.000017	0.000002	0.003134
76	0.594135	0.086969	0.314575	0.000003	0.001252	0.000003	0.000013	0.000002	0.003048
77	0.595066	0.086539	0.314226	0.000005	0.001199	0.000004	0.000011	0.000003	0.002947
78	0.594788	0.086777	0.314239	0.000006	0.001176	0.000007	0.000017	0.000004	0.002986
79	0.594781	0.086418	0.314715	0.000005	0.001144	0.000001	0.000011	0.000001	0.002924
80	0.594618	0.086385	0.315001	0.000006	0.001128	0.000000	0.000006	0.000002	0.002854
81	0.595043	0.086789	0.314411	0.000005	0.001064	0.000000	0.000008	0.000001	0.002679
82	0.595686	0.086640	0.313973	0.000005	0.001082	0.000000	0.000005	0.000001	0.002608
83	0.596268	0.086015	0.314115	0.000007	0.001089	0.000000	0.000007	0.000001	0.002498
84	0.595869	0.086112	0.314571	0.000008	0.001016	0.000000	0.000007	0.000000	0.002417
85	0.595402	0.086002	0.315220	0.000006	0.001038	0.000000	0.000007	0.000001	0.002324
86	0.596072	0.085601	0.315034	0.000005	0.000999	0.000000	0.000008	0.000001	0.002280
87	0.595760	0.085880	0.315108	0.000005	0.000990	0.000000	0.000010	0.000001	0.002246
88	0.595186	0.085619	0.316022	0.000002	0.000941	0.000000	0.000006	0.000000	0.002224
89	0.594709	0.085863	0.316360	0.000001	0.000959	0.000000	0.000005	0.000000	0.002103
90	0.594105	0.085930	0.317006	0.000001	0.000923	0.000000	0.000005	0.000000	0.002030
91	0.594519	0.086120	0.316383	0.000001	0.000956	0.000000	0.000007	0.000000	0.002014
92	0.594816	0.085474	0.316778	0.000001	0.000911	0.000000	0.000005	0.000000	0.002015
93	0.594797	0.085623	0.316748	0.000001	0.000898	0.000000	0.000002	0.000000	0.001931
94	0.595987	0.085582	0.315683	0.000000	0.000876	0.000000	0.000002	0.000000	0.001870
95	0.595571	0.085725	0.316067	0.000001	0.000841	0.000000	0.000001	0.000000	0.001794
96	0.595639	0.085622	0.316127	0.000002	0.000850	0.000000	0.000003	0.000000	0.001757
97	0.595637	0.085709	0.316069	0.000001	0.000819	0.000000	0.000001	0.000000	0.001764
98	0.595810	0.085567	0.316116	0.000000	0.000813	0.000000	0.000000	0.000000	0.001694
99	0.596057	0.085929	0.315558	0.000001	0.000789	0.000000	0.000000	0.000000	0.001666
100	0.595850	0.085607	0.316107	0.000003	0.000796	0.000000	0.000001	0.000000	0.001636
101	0.596522	0.085654	0.315493	0.000004	0.000778	0.000000	0.000000	0.000000	0.001549
102	0.596007	0.085869	0.315804	0.000003	0.000760	0.000000	0.000000	0.000000	0.001557
103	0.596157	0.086037	0.315595	0.000004	0.000750	0.000000	0.000000	0.000000	0.001457
104	0.596110	0.085946	0.315755	0.000003	0.000732	0.000000	0.000000	0.000000	0.001454
105	0.596598	0.085866	0.315373	0.000001	0.000741	0.000000	0.000000	0.000000	0.001421
106	0.597458	0.085237	0.315107	0.000000	0.000775	0.000000	0.000000	0.000000	0.001423
107	0.597159	0.085345	0.315385	0.000000	0.000726	0.000000	0.000000	0.000000	0.001385
108	0.597081	0.085284	0.315545	0.000001	0.000721	0.000000	0.000000	0.000000	0.001368
109	0.597163	0.085206	0.315532	0.000002	0.000733	0.000000	0.000000	0.000000	0.001364
110	0.597424	0.085339	0.315185	0.000004	0.000713	0.000000	0.000000	0.000000	0.001335
111	0.597381	0.085243	0.315378	0.000002	0.000673	0.000000	0.000000	0.000000	0.001323
112	0.597741	0.085258	0.314999	0.000003	0.000679	0.000000	0.000000	0.000000	0.001320
113	0.596565	0.085442	0.316024	0.000002	0.000680	0.000000	0.000000	0.000000	0.001287
114	0.597100	0.085680	0.315320	0.000005	0.000654	0.000000	0.000000	0.000000	0.001241
115	0.596619	0.085769	0.315710	0.000005	0.000674	0.000000	0.000000	0.000000	0.001223
116	0.596114	0.085829	0.316126	0.000003	0.000683	0.000000	0.000000	0.000000	0.001245
117	0.595986	0.085964	0.316228	0.000001	0.000661	0.000000	0.000000	0.000000	0.001160
118	0.596381	0.085952	0.315914	0.000000	0.000622	0.000000	0.000000	0.000000	0.001131
119	0.596181	0.086380	0.315676	0.000001	0.000637	0.000000	0.000000	0.000000	0.001125
120	0.595955	0.086538	0.315806	0.000002	0.000644	0.000000	0.000000	0.000000	0.001055
121	0.596485	0.086785	0.315040	0.000002	0.000638	0.000000	0.000000	0.000000	0.001050
122	0.596164	0.086828	0.315301	0.000001	0.000649	0.000000	0.000000	0.000000	0.001057
123	0.595519	0.087161	0.315644	0.000001	0.000653	0.000000	0.000000	0.000000	0.001022
124	0.595322	0.086795	0.316240	0.000001	0.000656	0.000000	0.000000	0.000000	0.000986
125	0.595014	0.086683	0.316712	0.000000	0.000641	0.000000	0.000000	0.000000	0.000950
126	0.594954	0.086731	0.316758	0.000000	0.000630	0.000000	0.000000	0.000000	0.000927
127	0.595047	0.086642	0.316804	0.000000	0.000602	0.000000	0.000000	0.000000	0.000905
128	0.595039	0.086656	0.316781	0.000000	0.000608	0.000000	0.000000	0.000000	0.000916
129	0.595441	0.086395	0.316636	0.000000	0.000611	0.000000	0.000000	0.000000	0.000917
130	0.595065	0.086212	0.317270	0.000000	0.000574	0.000000	0.000000	0.000000	0.000879
131	0.594764	0.086371	0.317390	0.000000	0.000578	0.000000	0.000000	0.000000	0.000897
132	0.594740	0.086633	0.317137	0.000000	0.000579	0.000000	0.000000	0.000000	0.000911
133	0.594551	0.086359	0.317672	0.000000	0.000569	0.000000	0.000000	0.000000	0.000849
134	0.594454	0.086203	0.317970	0.000000	0.000562	0.000000	0.000000	0.000000	0.000811
135	0.595438	0.086089	0.317100	0.000000	0.000554	0.000000	0.000000	0.000000	0.000819
136	0.594991	0.086255	0.317414	0.000000	0.000519	0.000000	0.000000	0.000000	0.000821
137	0.595338	0.085999	0.317275	0.000000	0.000539	0.000000	0.000000	0.000000	0.000849
138	0.595597	0.085802	0.317220	0.000000	0.000539	0.000000	0.000000	0.000000	0.000842
139	0.595391	0.085766	0.317459	0.000000	0.000558	0.000000	0.000000	0.000000	0.000826
140	0.594845	0.085704	0.318091	0.000000	0.000530	0.000000	0.000000	0.000000	0.000830
141	0.595191	0.085698	0.317779	0.000000	0.000545	0.000000	0.000000	0.000000	0.000787
142	0.595192	0.085716	0.317803	0.000000	0.000522	0.000000	0.000000	0.000000	0.000767
143	0.595200	0.085661	0.317848	0.000000	0.000531	0.000000	0.000000	0.000000	0.000760
144	0.595028	0.085499	0.318149	0.000000	0.000566	0.000000	0.000000	0.000000	0.000758
145	0.594841	0.085431	0.318477	0.000000	0.000534	0.000000	0.000000	0.000000	0.000717
146	0.595150	0.085827	0.317742	0.000000	0.000547	0.000000	0.000000	0.000000	0.000734
147	0.594643	0.085349	0.318792	0.000000	0.000523	0.000000	0.000000	0.000000	0.000693
148	0.594743	0.085468	0.318550	0.000000	0.000506	0.000000	0.000000	0.000000	0.000733
149	0.594953	0.085501	0.318317	0.000000	0.000497	0.000000	0.000000	0.000000	0.000732
150	0.595099	0.085353	0.318279	0.000000	0.000505	0.000000	0.000000	0.000000	0.000764
151	0.594931	0.085489	0.318338	0.000000	0.000504	0.000000	0.000000	0.000000	0.000738
152	0.594531	0.085677	0.318606	0.000000	0.000479	0.000000	0.000000	0.000000	0.000707
153	0.594610	0.085606	0.318618	0.000000	0.000454	0.000000	0.000000	0.000000	0.000712
154	0.595201	0.085569	0.318093	0.000000	0.000452	0.000000	0.000000	0.000000	0.000685
155	0.595238	0.086059	0.317561	0.000000	0.000462	0.000000	0.000000	0.000000	0.000680
156	0.595245	0.085956	0.317626	0.000000	0.000452	0.000000	0.000000	0.000000	0.000721
157	0.595205	0.086062	0.317576	0.000000	0.000468	0.000000	0.000000	0.000000	0.000689
158	0.595223	0.086483	0.317138	0.000000	0.000443	0.000000	0.000000	0.000000	0.000713
159	0.595500	0.086271	0.317095	0.000000	0.000430	0.000000	0.000000	0.000000	0.000704
160	0.595402	0.086271	0.317225	0.000000	0.000418	0.000000	0.000000	0.000000	0.000684
161	0.595325	0.086213	0.317364	0.000000	0.000429	0.000000	0.000000	0.000000	0.000669
162	0.594974	0.086336	0.317617	0.000000	0.000420	0.000000	0.000000	0.000000	0.000653
163	0.595058	0.086175	0.317716	0.000000	0.000414	0.000000	0.000000	0.000000	0.000637
164	0.595342	0.085899	0.317709	0.000000	0.000407	0.000000	0.000000	0.000000	0.000643
165	0.595055	0.086124	0.317778	0.000000	0.000396	0.000000	0.000000	0.000000	0.000647
166	0.595384	0.086107	0.317449	0.000000	0.000380	0.000000	0.000000	0.000000	0.000680
167	0.595278	0.085832	0.317864	0.000000	0.000356	0.000000	0.000000	0.000000	0.000670
168	0.594988	0.085801	0.318195	0.000000	0.000360	0.000000	0.000000	0.000000	0.000656
169	0.595219	0.085550	0.318199	0.000000	0.000367	0.000000	0.000000	0.000000	0.000665
170	0.594848	0.085830	0.318301	0.000000	0.000341	0.000000	0.000000	0.000000	0.000680
171	0.595493	0.085783	0.317694	0.000000	0.000333	0.000000	0.000000	0.000000	0.000697
172	0.595528	0.085458	0.318046	0.000000	0.000314	0.000000	0.000000	0.000000	0.000654
173	0.595084	0.085578	0.318363	0.000000	0.000329	0.000000	0.000000	0.000000	0.000646
174	0.595039	0.085616	0.318367	0.000000	0.000314	0.000000	0.000000	0.000000	0.000664
175	0.594431	0.085674	0.318929	0.000000	0.000301	0.000000	0.000000	0.000000	0.000665
176	0.595143	0.085307	0.318586	0.000000	0.000293	0.000000	0.000000	0.000000	0.000671
177	0.594903	0.085324	0.318827	0.000000	0.000291	0.000000	0.000000	0.000000	0.000655
178	0.594740	0.085569	0.318684	0.000000	0.000299	0.000000	0.000000	0.000000	0.000708
179	0.594739	0.085807	0.318498	0.000000	0.000286	0.000000	0.000000	0.000000	0.000670
180	0.594594	0.085769	0.318729	0.000000	0.000301	0.000000	0.000000	0.000000	0.000607
181	0.594996	0.086009	0.318129	0.000000	0.000290	0.000000	0.000000	0.000000	0.000576
182	0.595097	0.085966	0.318075	0.000000	0.000269	0.000000	0.000000	0.000000	0.000593
183	0.594868	0.086096	0.318122	0.000000	0.000294	0.000000	0.000000	0.000000	0.000620
184	0.594473	0.086670	0.317980	0.000000	0.000275	0.000000	0.000000	0.000000	0.000602
185	0.593655	0.086825	0.318619	0.000000	0.000273	0.000000	0.000000	0.000000	0.000628
186	0.593735	0.086400	0.318981	0.000000	0.000264	0.000000	0.000000	0.000000	0.000620
187	0.593451	0.086423	0.319223	0.000000	0.000273	0.000000	0.000000	0.000000	0.000630
188	0.593400	0.086264	0.319465	0.000000	0.000268	0.000000	0.000000	0.000000	0.000603
189	0.593345	0.085917	0.319863	0.000000	0.000266	0.000000	0.000000	0.000000	0.000609
190	0.593041	0.086193	0.319912	0.000000	0.000262	0.000000	0.000000	0.000000	0.000592
191	0.593242	0.085482	0.320425	0.000000	0.000254	0.000000	0.000000	0.000000	0.000597
192	0.592997	0.086266	0.319906	0.000000	0.000248	0.000000	0.000000	0.000000	0.000583
193	0.593028	0.085748	0.320383	0.000000	0.000263	0.000000	0.000000	0.000000	0.000578
194	0.592579	0.085920	0.320706	0.000000	0.000223	0.000000	0.000000	0.000000	0.000572
195	0.592930	0.086213	0.320100	0.000000	0.000230	0.000000	0.000000	0.000000	0.000527
196	0.592356	0.086200	0.320682	0.000000	0.000220	0.000000	0.000000	0.000000	0.000542
197	0.592751	0.086330	0.320153	0.000000	0.000223	0.000000	0.000000	0.000000	0.000543
198	0.592651	0.086004	0.320563	0.000000	0.000210	0.000000	0.000000	0.000000	0.000572
199	0.592682	0.086325	0.320248	0.000000	0.000207	0.000000	0.000000	0.000000	0.000538
200	0.592394	0.086536	0.320353	0.000000	0.000200	0.000000	0.000000	0.000000	0.000517
201	0.592527	0.086416	0.320380	0.000000	0.000189	0.000000	0.000000	0.000000	0.000488
202	0.593416	0.086263	0.319619	0.000000	0.000182	0.000000	0.000000	0.000000	0.000520
203	0.593243	0.086091	0.320021	0.000000	0.000173	0.000000	0.000000	0.000000	0.000472
204	0.593299	0.086448	0.319606	0.000000	0.000176	0.000000	0.000000	0.000000	0.000471
205	0.593282	0.086626	0.319468	0.000000	0.000167	0.000000	0.000000	0.000000	0.000457
206	0.593633	0.086648	0.319087	0.000000	0.000162	0.000000	0.000000	0.000000	0.000470
207	0.593687	0.086168	0.319518	0.000000	0.000170	0.000000	0.000000	0.000000	0.000457
208	0.593471	0.085878	0.320056	0.000000	0.000178	0.000000	0.000000	0.000000	0.000417
209	0.593339	0.085843	0.320241	0.000000	0.000163	0.000000	0.000000	0.000000	0.000414
210	0.593037	0.086126	0.320317	0.000000	0.000151	0.000000	0.000000	0.000000	0.000369
211	0.592739	0.086335	0.320428	0.000000	0.000147	0.000000	0.000000	0.000000	0.000351
212	0.592907	0.086525	0.320074	0.000000	0.000140	0.000000	0.000000	0.000000	0.000354
213	0.592903	0.086513	0.320079	0.000000	0.000140	0.000000	0.000000	0.000000	0.000365
214	0.592345	0.086636	0.320526	0.000000	0.000150	0.000000	0.000000	0.000000	0.000343
215	0.592548	0.087167	0.319819	0.000000	0.000147	0.000000	0.000000	0.000000	0.000319
216	0.591992	0.086957	0.320584	0.000000	0.000140	0.000000	0.000000	0.000000	0.000327
217	0.592596	0.087202	0.319743	0.000000	0.000133	0.000000	0.000000	0.000000	0.000326
218	0.592719	0.087094	0.319731	0.000000	0.000136	0.000000	0.000000	0.000000	0.000320
219	0.593307	0.086556	0.319663	0.000000	0.000144	0.000000	0.000000	0.000000	0.000330
220	0.593811	0.086493	0.319210	0.000000	0.000160	0.000000	0.000000	0.000000	0.000326
221	0.593729	0.086061	0.319728	0.000000	0.000152	0.000000	0.000000	0.000000	0.000330
222	0.593947	0.085901	0.319685	0.000000	0.000141	0.000000	0.000000	0.000000	0.000326
223	0.593960	0.085915	0.319689	0.000000	0.000143	0.000000	0.000000	0.000000	0.000293
224	0.593427	0.085791	0.320351	0.000000	0.000133	0.000000	0.000000	0.000000	0.000298
225	0.593322	0.086069	0.320192	0.000000	0.000134	0.000000	0.000000	0.000000	0.000283
226	0.593039	0.085908	0.320637	0.000000	0.000129	0.000000	0.000000	0.000000	0.000287
227	0.592587	0.086368	0.320630	0.000000	0.000119	0.000000	0.000000	0.000000	0.000296
228	0.592495	0.086334	0.320755	0.000000	0.000109	0.000000	0.000000	0.000000	0.000307
229	0.592805	0.086212	0.320583	0.000000	0.000102	0.000000	0.000000	0.000000	0.000298
230	0.592769	0.085989	0.320847	0.000000	0.000117	0.000000	0.000000	0.000000	0.000278
231	0.593881	0.086026	0.319710	0.000000	0.000097	0.000000	0.000000	0.000000	0.000286
232	0.594198	0.086249	0.319172	0.000000	0.000111	0.000000	0.000000	0.000000	0.000270
233	0.593972	0.086249	0.319397	0.000000	0.000105	0.000000	0.000000	0.000000	0.000277
234	0.594046	0.086226	0.319325	0.000000	0.000105	0.000000	0.000000	0.000000	0.000298
235	0.593736	0.086340	0.319536	0.000000	0.000111	0.000000	0.000000	0.000000	0.000277
236	0.593840	0.085861	0.319922	0.000000	0.000117	0.000000	0.000000	0.000000	0.000260
237	0.593621	0.086203	0.319805	0.000000	0.000114	0.000000	0.000000	0.000000	0.000257
238	0.593999	0.085896	0.319729	0.000000	0.000110	0.000000	0.000000	0.000000	0.000266
239	0.594238	0.086104	0.319290	0.000000	0.000110	0.000000	0.000000	0.000000	0.000258
240	0.594960	0.085640	0.319024	0.000000	0.000124	0.000000	0.000000	0.000000	0.000252
241	0.594944	0.085729	0.318990	0.000000	0.000108	0.000000	0.000000	0.000000	0.000229
242	0.595280	0.085750	0.318638	0.000000	0.000102	0.000000	0.000000	0.000000	0.000230
243	0.595677	0.085692	0.318321	0.000000	0.000092	0.000000	0.000000	0.000000	0.000218
244	0.595501	0.085873	0.318318	0.000000	0.000085	0.000000	0.000000	0.000000	0.000223
245	0.594762	0.086125	0.318820	0.000000	0.000078	0.000000	0.000000	0.000000	0.000215
246	0.595426	0.086041	0.318234	0.000000	0.000085	0.000000	0.000000	0.000000	0.000214
247	0.595251	0.085967	0.318513	0.000000	0.000076	0.000000	0.000000	0.000000	0.000193
248	0.594956	0.085965	0.318785	0.000000	0.000081	0.000000	0.000000	0.000000	0.000213
249	0.594427	0.086050	0.319245	0.000000	0.000082	0.000000	0.000000	0.000000	0.000196
250	0.594381	0.085933	0.319404	0.000000	0.000069	0.000000	0.000000	0.000000	0.000213
251	0.594720	0.086234	0.318762	0.000000	0.000073	0.000000	0.000000	0.000000	0.000211
252	0.594378	0.086347	0.318996	0.000000	0.000067	0.000000	0.000000	0.000000	0.000212
253	0.594823	0.086000	0.318909	0.000000	0.000070	0.000000	0.000000	0.000000	0.000198
254	0.594292	0.085949	0.319481	0.000000	0.000079	0.000000	0.000000	0.000000	0.000199
255	0.593789	0.085955	0.319969	0.000000	0.000071	0.000000	0.000000	0.000000	0.000216
256	0.594656	0.085566	0.319482	0.000000	0.000084	0.000000	0.000000	0.000000	0.000212
257	0.594373	0.085711	0.319630	0.000000	0.000071	0.000000	0.000000	0.000000	0.000215
258	0.594503	0.085637	0.319552	0.000000	0.000080	0.000000	0.000000	0.000000	0.000228
259	0.594870	0.085372	0.319475	0.000000	0.000067	0.000000	0.000000	0.000000	0.000216
260	0.594775	0.085556	0.319371	0.000000	0.000076	0.000000	0.000000	0.000000	0.000222
261	0.594830	0.085638	0.319246	0.000000	0.000077	0.000000	0.000000	0.000000	0.000209
262	0.594475	0.086149	0.319097	0.000000	0.000075	0.000000	0.000000	0.000000	0.000204
263	0.594397	0.085878	0.319429	0.000000	0.000080	0.000000	0.000000	0.000000	0.000216
264	0.594221	0.086235	0.319246	0.000000	0.000071	0.000000	0.000000	0.000000	0.000227
265	0.594507	0.086217	0.318984	0.000000	0.000059	0.000000	0.000000	0.000000	0.000233
266	0.594682	0.085974	0.319058	0.000000	0.000059	0.000000	0.000000	0.000000	0.000227
267	0.594619	0.086209	0.318880	0.000000	0.000061	0.000000	0.000000	0.000000	0.000231
268	0.594653	0.086293	0.318752	0.000000	0.000057	0.000000	0.000000	0.000000	0.000245
269	0.595422	0.086164	0.318090	0.000000	0.000056	0.000000	0.000000	0.000000	0.000268
270	0.595084	0.086290	0.318302	0.000000	0.000054	0.000000	0.000000	0.000000	0.000270
271	0.594931	0.086315	0.318461	0.000000	0.000052	0.000000	0.000000	0.000000	0.000241
272	0.594786	0.086632	0.318311	0.000000	0.000051	0.000000	0.000000	0.000000	0.000220
273	0.594715	0.086372	0.318648	0.000000	0.000055	0.000000	0.000000	0.000000	0.000210
274	0.594456	0.086399	0.318902	0.000000	0.000042	0.000000	0.000000	0.000000	0.000201
275	0.594191	0.086570	0.318957	0.000000	0.000057	0.000000	0.000000	0.000000	0.000225
276	0.594652	0.086363	0.318707	0.000000	0.000053	0.000000	0.000000	0.000000	0.000225
277	0.594517	0.086541	0.318647	0.000000	0.000058	0.000000	0.000000	0.000000	0.000237
278	0.594727	0.086446	0.318527	0.000000	0.000067	0.000000	0.000000	0.000000	0.000233
279	0.594815	0.086490	0.318420	0.000000	0.000066	0.000000	0.000000	0.000000	0.000209
280	0.594900	0.086371	0.318443	0.000000	0.000064	0.000000	0.000000	0.000000	0.000222
281	0.594346	0.086130	0.319250	0.000000	0.000056	0.000000	0.000000	0.000000	0.000218
282	0.594180	0.086331	0.319235	0.000000	0.000061	0.000000	0.000000	0.000000	0.000193
283	0.593859	0.085997	0.319863	0.000000	0.000056	0.000000	0.000000	0.000000	0.000225
284	0.593866	0.085966	0.319903	0.000000	0.000057	0.000000	0.000000	0.000000	0.000208
285	0.593227	0.086066	0.320415	0.000000	0.000064	0.000000	0.000000	0.000000	0.000228
286	0.593254	0.086179	0.320294	0.000000	0.000067	0.000000	0.000000	0.000000	0.000206
287	0.592989	0.086293	0.320454	0.000000	0.000072	0.000000	0.000000	0.000000	0.000192
288	0.592447	0.086379	0.320924	0.000000	0.000078	0.000000	0.000000	0.000000	0.000172
289	0.592844	0.086318	0.320576	0.000000	0.000068	0.000000	0.000000	0.000000	0.000194
290	0.592433	0.086491	0.320821	0.000000	0.000069	0.000000	0.000000	0.000000	0.000186
291	0.592264	0.086407	0.321079	0.000000	0.000062	0.000000	0.000000	0.000000	0.000188
292	0.592070	0.086367	0.321340	0.000000	0.000060	0.000000	0.000000	0.000000	0.000163
293	0.591882	0.086491	0.321389	0.000000	0.000058	0.000000	0.000000	0.000000	0.000180
294	0.592279	0.086190	0.321308	0.000000	0.000066	0.000000	0.000000	0.000000	0.000157
295	0.592218	0.086026	0.321537	0.000000	0.000070	0.000000	0.000000	0.000000	0.000149
296	0.591786	0.086221	0.321769	0.000000	0.000070	0.000000	0.000000	0.000000	0.000154
297	0.591651	0.085846	0.322267	0.000000	0.000068	0.000000	0.000000	0.000000	0.000168
298	0.592077	0.085906	0.321801	0.000000	0.000071	0.000000	0.000000	0.000000	0.000145
299	0.592290	0.085986	0.321510	0.000000	0.000066	0.000000	0.000000	0.000000	0.000148
300	0.592512	0.085460	0.321840	0.000000	0.000061	0.000000	0.000000	0.000000	0.000127
301	0.592366	0.085424	0.322018	0.000000	0.000056	0.000000	0.000000	0.000000	0.000136
302	0.592597	0.085549	0.321667	0.000000	0.000057	0.000000	0.000000	0.000000	0.000130
303	0.592488	0.085611	0.321707	0.000000	0.000065	0.000000	0.000000	0.000000	0.000129
304	0.592599	0.085657	0.321562	0.000000	0.000054	0.000000	0.000000	0.000000	0.000128
305	0.591563	0.086083	0.322172	0.000000	0.000050	0.000000	0.000000	0.000000	0.000132
306	0.592371	0.085819	0.321623	0.000000	0.000058	0.000000	0.000000	0.000000	0.000129
307	0.592752	0.085685	0.321386	0.000000	0.000060	0.000000	0.000000	0.000000	0.000117
308	0.591948	0.085850	0.322017	0.000000	0.000062	0.000000	0.000000	0.000000	0.000123
309	0.592033	0.085634	0.322155	0.000000	0.000064	0.000000	0.000000	0.000000	0.000114
310	0.592300	0.085696	0.321835	0.000000	0.000064	0.000000	0.000000	0.000000	0.000105
311	0.591409	0.085752	0.322659	0.000000	0.000070	0.000000	0.000000	0.000000	0.000110
312	0.591337	0.085747	0.322743	0.000000	0.000065	0.000000	0.000000	0.000000	0.000108
313	0.591838	0.085806	0.322197	0.000000	0.000064	0.000000	0.000000	0.000000	0.000095
314	0.591562	0.085594	0.322692	0.000000	0.000060	0.000000	0.000000	0.000000	0.000092
315	0.591293	0.085735	0.322828	0.000000	0.000061	0.000000	0.000000	0.000000	0.000083
316	0.591087	0.085695	0.323079	0.000000	0.000059	0.000000	0.000000	0.000000	0.000080
317	0.590756	0.086178	0.322928	0.000000	0.000064	0.000000	0.000000	0.000000	0.000074
318	0.590623	0.086244	0.322998	0.000000	0.000063	0.000000	0.000000	0.000000	0.000072
319	0.590611	0.085917	0.323342	0.000000	0.000062	0.000000	0.000000	0.000000	0.000068
320	0.590328	0.086190	0.323370	0.000000	0.000058	0.000000	0.000000	0.000000	0.000054
321	0.590235	0.086019	0.323640	0.000000	0.000048	0.000000	0.000000	0.000000	0.000058
322	0.590427	0.085698	0.323752	0.000000	0.000053	0.000000	0.000000	0.000000	0.000070
323	0.590169	0.085721	0.323988	0.000000	0.000053	0.000000	0.000000	0.000000	0.000069
324	0.590096	0.085838	0.323943	0.000000	0.000061	0.000000	0.000000	0.000000	0.000062
325	0.589663	0.086171	0.324043	0.000000	0.000056	0.000000	0.000000	0.000000	0.000067
326	0.589352	0.086101	0.324426	0.000000	0.000059	0.000000	0.000000	0.000000	0.000062
327	0.589384	0.085864	0.324621	0.000000	0.000065	0.000000	0.000000	0.000000	0.000066
328	0.589786	0.085782	0.324302	0.000000	0.000065	0.000000	0.000000	0.000000	0.000065
329	0.589845	0.085715	0.324319	0.000000	0.000064	0.000000	0.000000	0.000000	0.000057
330	0.589528	0.085626	0.324729	0.000000	0.000051	0.000000	0.000000	0.000000	0.000066
331	0.589444	0.085379	0.325057	0.000000	0.000062	0.000000	0.000000	0.000000	0.000058
332	0.588821	0.085757	0.325304	0.000000	0.000063	0.000000	0.000000	0.000000	0.000055
333	0.589841	0.085292	0.324757	0.000000	0.000065	0.000000	0.000000	0.000000	0.000045
334	0.589781	0.085189	0.324909	0.000000	0.000065	0.000000	0.000000	0.000000	0.000056
335	0.589727	0.085359	0.324800	0.000000	0.000060	0.000000	0.000000	0.000000	0.000054
336	0.590330	0.085097	0.324449	0.000000	0.000060	0.000000	0.000000	0.000000	0.000064
337	0.590251	0.085155	0.324479	0.000000	0.000064	0.000000	0.000000	0.000000	0.000051
338	0.590052	0.085391	0.324431	0.000000	0.000062	0.000000	0.000000	0.000000	0.000064
339	0.590021	0.085171	0.324679	0.000000	0.000069	0.000000	0.000000	0.000000	0.000060
340	0.589593	0.085234	0.325039	0.000000	0.000070	0.000000	0.000000	0.000000	0.000064
341	0.589627	0.085414	0.324820	0.000000	0.000071	0.000000	0.000000	0.000000	0.000068
342	0.588926	0.085169	0.325758	0.000000	0.000077	0.000000	0.000000	0.000000	0.000070
343	0.588531	0.085398	0.325935	0.000000	0.000077	0.000000	0.000000	0.000000	0.000059
344	0.588290	0.085309	0.326271	0.000000	0.000068	0.000000	0.000000	0.000000	0.000062
345	0.588360	0.084918	0.326592	0.000000	0.000062	0.000000	0.000000	0.000000	0.000068
346	0.588287	0.084750	0.326843	0.000000	0.000066	0.000000	0.000000	0.000000	0.000054
347	0.588018	0.084986	0.326875	0.000000	0.000064	0.000000	0.000000	0.000000	0.000057
348	0.588008	0.084882	0.326990	0.000000	0.000063	0.000000	0.000000	0.000000	0.000057
349	0.588521	0.084840	0.326520	0.000000	0.000071	0.000000	0.000000	0.000000	0.000048
350	0.589282	0.084374	0.326229	0.000000	0.000062	0.000000	0.000000	0.000000	0.000053
351	0.589701	0.084129	0.326049	0.000000	0.000063	0.000000	0.000000	0.000000	0.000058
352	0.589447	0.084344	0.326101	0.000000	0.000059	0.000000	0.000000	0.000000	0.000049
353	0.589346	0.084418	0.326129	0.000000	0.000059	0.000000	0.000000	0.000000	0.000048
354	0.589565	0.084745	0.325587	0.000000	0.000057	0.000000	0.000000	0.000000	0.000046
355	0.590007	0.084582	0.325306	0.000000	0.000061	0.000000	0.000000	0.000000	0.000044
356	0.589403	0.084486	0.326017	0.000000	0.000061	0.000000	0.000000	0.000000	0.000033
357	0.589480	0.084236	0.326204	0.000000	0.000054	0.000000	0.000000	0.000000	0.000026
358	0.589396	0.084651	0.325871	0.000000	0.000050	0.000000	0.000000	0.000000	0.000032
359	0.589215	0.084507	0.326198	0.000000	0.000051	0.000000	0.000000	0.000000	0.000029
360	0.589583	0.084391	0.325957	0.000000	0.000043	0.000000	0.000000	0.000000	0.000026
361	0.589342	0.084474	0.326114	0.000000	0.000042	0.000000	0.000000	0.000000	0.000028
362	0.589507	0.084671	0.325747	0.000000	0.000044	0.000000	0.000000	0.000000	0.000031
363	0.589889	0.084425	0.325614	0.000000	0.000047	0.000000	0.000000	0.000000	0.000025
364	0.589519	0.084690	0.325706	0.000000	0.000052	0.000000	0.000000	0.000000	0.000033
365	0.589402	0.084782	0.325738	0.000000	0.000057	0.000000	0.000000	0.000000	0.000021
366	0.589637	0.084715	0.325572	0.000000	0.000056	0.000000	0.000000	0.000000	0.000020
367	0.588833	0.084876	0.326212	0.000000	0.000060	0.000000	0.000000	0.000000	0.000019
368	0.588746	0.085010	0.326158	0.000000	0.000069	0.000000	0.000000	0.000000	0.000017
369	0.589389	0.084662	0.325890	0.000000	0.000047	0.000000	0.000000	0.000000	0.000012
370	0.589146	0.084638	0.326154	0.000000	0.000050	0.000000	0.000000	0.000000	0.000012
371	0.588658	0.084548	0.326728	0.000000	0.000049	0.000000	0.000000	0.000000	0.000017
372	0.588841	0.084425	0.326684	0.000000	0.000034	0.000000	0.000000	0.000000	0.000016
373	0.589207	0.084669	0.326068	0.000000	0.000035	0.000000	0.000000	0.000000	0.000021
374	0.589306	0.084972	0.325661	0.000000	0.000037	0.000000	0.000000	0.000000	0.000024
375	0.588750	0.085066	0.326136	0.000000	0.000029	0.000000	0.000000	0.000000	0.000019
376	0.588645	0.085403	0.325911	0.000000	0.000023	0.000000	0.000000	0.000000	0.000018
377	0.588285	0.085333	0.326336	0.000000	0.000022	0.000000	0.000000	0.000000	0.000024
378	0.587993	0.085530	0.326427	0.000000	0.000030	0.000000	0.000000	0.000000	0.000020
379	0.588263	0.085613	0.326075	0.000000	0.000027	0.000000	0.000000	0.000000	0.000022
380	0.588280	0.085149	0.326523	0.000000	0.000027	0.000000	0.000000	0.000000	0.000021
381	0.588284	0.085494	0.326174	0.000000	0.000028	0.000000	0.000000	0.000000	0.000020
382	0.587877	0.085256	0.326820	0.000000	0.000028	0.000000	0.000000	0.000000	0.000019
383	0.587641	0.085155	0.327150	0.000000	0.000033	0.000000	0.000000	0.000000	0.000021
384	0.587888	0.085391	0.326658	0.000000	0.000033	0.000000	0.000000	0.000000	0.000030
385	0.587450	0.085405	0.327079	0.000000	0.000035	0.000000	0.000000	0.000000	0.000031
386	0.587729	0.085212	0.326993	0.000000	0.000035	0.000000	0.000000	0.000000	0.000031
387	0.587513	0.085249	0.327174	0.000000	0.000032	0.000000	0.000000	0.000000	0.000032
388	0.587576	0.085365	0.326996	0.000000	0.000027	0.000000	0.000000	0.000000	0.000036
389	0.587789	0.085430	0.326724	0.000000	0.000027	0.000000	0.000000	0.000000	0.000030
390	0.587401	0.085652	0.326893	0.000000	0.000024	0.000000	0.000000	0.000000	0.000030
391	0.587856	0.085232	0.326850	0.000000	0.000025	0.000000	0.000000	0.000000	0.000037
392	0.588328	0.085027	0.326585	0.000000	0.000021	0.000000	0.000000	0.000000	0.000039
393	0.588437	0.085000	0.326503	0.000000	0.000020	0.000000	0.000000	0.000000	0.000040
394	0.588547	0.085395	0.325998	0.000000	0.000017	0.000000	0.000000	0.000000	0.000043
395	0.588416	0.085240	0.326288	0.000000	0.000013	0.000000	0.000000	0.000000	0.000043
396	0.588497	0.084981	0.326463	0.000000	0.000016	0.000000	0.000000	0.000000	0.000043
397	0.588372	0.085145	0.326424	0.000000	0.000019	0.000000	0.000000	0.000000	0.000040
398	0.588274	0.084770	0.326894	0.000000	0.000016	0.000000	0.000000	0.000000	0.000046
399	0.588131	0.084948	0.326869	0.000000	0.000012	0.000000	0.000000	0.000000	0.000040
400	0.588074	0.085058	0.326825	0.000000	0.000012	0.000000	0.000000	0.000000	0.000031
401	0.588529	0.084794	0.326626	0.000000	0.000013	0.000000	0.000000	0.000000	0.000038
402	0.589157	0.084713	0.326078	0.000000	0.000013	0.000000	0.000000	0.000000	0.000039
403	0.588512	0.084797	0.326638	0.000000	0.000010	0.000000	0.000000	0.000000	0.000043
404	0.589583	0.084459	0.325905	0.000000	0.000012	0.000000	0.000000	0.000000	0.000041
405	0.589516	0.084278	0.326157	0.000000	0.000012	0.000000	0.000000	0.000000	0.000037
406	0.589528	0.083914	0.326514	0.000000	0.000006	0.000000	0.000000	0.000000	0.000038
407	0.589193	0.084380	0.326385	0.000000	0.000005	0.000000	0.000000	0.000000	0.000037
408	0.589594	0.084356	0.326003	0.000000	0.000008	0.000000	0.000000	0.000000	0.000039
409	0.589211	0.084552	0.326196	0.000000	0.000014	0.000000	0.000000	0.000000	0.000027
410	0.588965	0.084267	0.326728	0.000000	0.000010	0.000000	0.000000	0.000000	0.000030
411	0.589188	0.084143	0.326623	0.000000	0.000008	0.000000	0.000000	0.000000	0.000038
412	0.589481	0.083891	0.326582	0.000000	0.000006	0.000000	0.000000	0.000000	0.000040
413	0.589778	0.084037	0.326126	0.000000	0.000006	0.000000	0.000000	0.000000	0.000053
414	0.589182	0.084046	0.326709	0.000000	0.000009	0.000000	0.000000	0.000000	0.000054
415	0.588948	0.083976	0.327019	0.000000	0.000007	0.000000	0.000000	0.000000	0.000050
416	0.589036	0.084071	0.326824	0.000000	0.000011	0.000000	0.000000	0.000000	0.000058
417	0.589040	0.084255	0.326633	0.000000	0.000012	0.000000	0.000000	0.000000	0.000060
418	0.588497	0.084702	0.326729	0.000000	0.000006	0.000000	0.000000	0.000000	0.000066
419	0.588267	0.084852	0.326807	0.000000	0.000011	0.000000	0.000000	0.000000	0.000063
420	0.588538	0.084775	0.326613	0.000000	0.000011	0.000000	0.000000	0.000000	0.000063
421	0.588679	0.085142	0.326103	0.000000	0.000010	0.000000	0.000000	0.000000	0.000066
422	0.588291	0.085287	0.326355	0.000000	0.000008	0.000000	0.000000	0.000000	0.000059
423	0.588382	0.085178	0.326369	0.000000	0.000009	0.000000	0.000000	0.000000	0.000062
424	0.587690	0.085390	0.326860	0.000000	0.000009	0.000000	0.000000	0.000000	0.000051
425	0.588630	0.085269	0.326040	0.000000	0.000009	0.000000	0.000000	0.000000	0.000052
426	0.588827	0.085297	0.325807	0.000000	0.000011	0.000000	0.000000	0.000000	0.000058
427	0.587962	0.085132	0.326836	0.000000	0.000008	0.000000	0.000000	0.000000	0.000062
428	0.588254	0.085120	0.326559	0.000000	0.000007	0.000000	0.000000	0.000000	0.000060
429	0.588387	0.084890	0.326660	0.000000	0.000007	0.000000	0.000000	0.000000	0.000056
430	0.588229	0.085218	0.326494	0.000000	0.000008	0.000000	0.000000	0.000000	0.000051
431	0.587811	0.084944	0.327183	0.000000	0.000006	0.000000	0.000000	0.000000	0.000056
432	0.587934	0.085041	0.326957	0.000000	0.000005	0.000000	0.000000	0.000000	0.000063
433	0.587695	0.085147	0.327084	0.000000	0.000007	0.000000	0.000000	0.000000	0.000067
434	0.588103	0.085208	0.326625	0.000000	0.000005	0.000000	0.000000	0.000000	0.000059
435	0.588347	0.085175	0.326400	0.000000	0.000008	0.000000	0.000000	0.000000	0.000070
436	0.588140	0.085386	0.326395	0.000000	0.000007	0.000000	0.000000	0.000000	0.000072
437	0.588465	0.084634	0.326819	0.000000	0.000006	0.000000	0.000000	0.000000	0.000076
438	0.588983	0.084217	0.326717	0.000000	0.000004	0.000000	0.000000	0.000000	0.000079
439	0.589231	0.084459	0.326246	0.000000	0.000003	0.000000	0.000000	0.000000	0.000061
440	0.589202	0.084516	0.326205	0.000000	0.000004	0.000000	0.000000	0.000000	0.000073
441	0.589530	0.084191	0.326194	0.000000	0.000006	0.000000	0.000000	0.000000	0.000079
442	0.589459	0.084379	0.326082	0.000000	0.000005	0.000000	0.000000	0.000000	0.000075
443	0.589455	0.084606	0.325851	0.000000	0.000009	0.000000	0.000000	0.000000	0.000079
444	0.590033	0.084337	0.325549	0.000000	0.000006	0.000000	0.000000	0.000000	0.000075
445	0.589904	0.084241	0.325788	0.000000	0.000001	0.000000	0.000000	0.000000	0.000066
446	0.590087	0.084430	0.325394	0.000000	0.000004	0.000000	0.000000	0.000000	0.000085
447	0.590263	0.084346	0.325301	0.000000	0.000003	0.000000	0.000000	0.000000	0.000087
448	0.590174	0.084326	0.325404	0.000000	0.000006	0.000000	0.000000	0.000000	0.000090
449	0.590055	0.084598	0.325256	0.000000	0.000002	0.000000	0.000000	0.000000	0.000089
450	0.589804	0.084652	0.325463	0.000000	0.000003	0.000000	0.000000	0.000000	0.000078
451	0.590037	0.084623	0.325247	0.000000	0.000001	0.000000	0.000000	0.000000	0.000092
452	0.589633	0.084806	0.325480	0.000000	0.000000	0.000000	0.000000	0.000000	0.000081
453	0.589847	0.084674	0.325400	0.000000	0.000000	0.000000	0.000000	0.000000	0.000079
454	0.589764	0.084652	0.325519	0.000000	0.000000	0.000000	0.000000	0.000000	0.000065
455	0.589829	0.084494	0.325611	0.000000	0.000000	0.000000	0.000000	0.000000	0.000066
456	0.589568	0.084702	0.325657	0.000000	0.000000	0.000000	0.000000	0.000000	0.000073
457	0.589605	0.084561	0.325752	0.000000	0.000000	0.000000	0.000000	0.000000	0.000082
458	0.589679	0.084720	0.325518	0.000000	0.000000	0.000000	0.000000	0.000000	0.000083
459	0.590228	0.084631	0.325058	0.000000	0.000000	0.000000	0.000000	0.000000	0.000083
460	0.590020	0.084826	0.325065	0.000000	0.000000	0.000000	0.000000	0.000000	0.000089
461	0.589418	0.084845	0.325650	0.000000	0.000000	0.000000	0.000000	0.000000	0.000087
462	0.589988	0.084539	0.325386	0.000000	0.000000	0.000000	0.000000	0.000000	0.000087
463	0.589735	0.084847	0.325324	0.000000	0.000000	0.000000	0.000000	0.000000	0.000094
464	0.589522	0.084427	0.325956	0.000000	0.000000	0.000000	0.000000	0.000000	0.000095
465	0.588835	0.084528	0.326558	0.000000	0.000000	0.000000	0.000000	0.000000	0.000079
466	0.588356	0.084518	0.327035	0.000000	0.000000	0.000000	0.000000	0.000000	0.000091
467	0.588137	0.085011	0.326771	0.000000	0.000000	0.000000	0.000000	0.000000	0.000081
468	0.587821	0.085268	0.326816	0.000000	0.000000	0.000000	0.000000	0.000000	0.000095
469	0.588638	0.084927	0.326337	0.000000	0.000000	0.000000	0.000000	0.000000	0.000098
470	0.588500	0.085108	0.326295	0.000000	0.000000	0.000000	0.000000	0.000000	0.000097
