0	0.290663	0.057897	0.229473	0.157588	0.029913	0.111872	0.085455	0.012259	0.024880
1	0.246617	0.050558	0.210839	0.139374	0.028634	0.118903	0.104064	0.020655	0.080356
2	0.258567	0.052908	0.219942	0.133835	0.028446	0.115125	0.092842	0.018489	0.079846
3	0.275961	0.055535	0.229854	0.128356	0.028021	0.109167	0.080660	0.016435	0.076011
4	0.293818	0.058036	0.239823	0.122379	0.027549	0.103253	0.069729	0.014070	0.071343
5	0.311617	0.060458	0.248567	0.116136	0.027130	0.096514	0.060355	0.012033	0.067190
6	0.328557	0.062796	0.255914	0.110028	0.026664	0.090213	0.052048	0.010266	0.063514
7	0.344790	0.064503	0.262525	0.103501	0.026455	0.084376	0.045126	0.008808	0.059916
8	0.359849	0.066364	0.268385	0.097575	0.025911	0.079101	0.039298	0.007412	0.056105
9	0.374558	0.067420	0.274735	0.091762	0.025453	0.073315	0.033732	0.006349	0.052676
10	0.388736	0.068814	0.279769	0.085904	0.024761	0.067831	0.029114	0.005454	0.049617
11	0.401328	0.070126	0.284635	0.079902	0.024360	0.062929	0.025283	0.004744	0.046693
12	0.413164	0.071214	0.288746	0.074454	0.024077	0.058097	0.021978	0.004129	0.044141
13	0.424065	0.072266	0.292468	0.069212	0.023545	0.054012	0.019434	0.003454	0.041544
14	0.435286	0.073353	0.295243	0.063939	0.023156	0.050126	0.016764	0.002920	0.039213
15	0.445374	0.074180	0.298008	0.059379	0.022721	0.046489	0.014460	0.002545	0.036844
16	0.455036	0.074673	0.300224	0.055113	0.022270	0.042984	0.012458	0.002223	0.035019
17	0.463680	0.075174	0.302209	0.051322	0.021971	0.039573	0.010830	0.001985	0.033256
18	0.471713	0.075418	0.304781	0.047583	0.021517	0.036579	0.009390	0.001709	0.031310
19	0.479482	0.075860	0.306725	0.044125	0.020933	0.033670	0.008088	0.001515	0.029602
20	0.486387	0.076078	0.308552	0.040858	0.020431	0.031134	0.007141	0.001378	0.028041
21	0.492976	0.076410	0.309978	0.037574	0.020122	0.029022	0.006270	0.001153	0.026495
22	0.499247	0.076499	0.310938	0.034737	0.019914	0.026879	0.005457	0.001017	0.025312
23	0.504747	0.076594	0.312689	0.032010	0.019581	0.024881	0.004768	0.000944	0.023786
24	0.510525	0.076988	0.313095	0.029555	0.019172	0.023003	0.004175	0.000818	0.022669
25	0.515000	0.076587	0.314957	0.027467	0.019022	0.021234	0.003641	0.000700	0.021392
26	0.519671	0.076369	0.315385	0.025595	0.018840	0.019492	0.003422	0.000625	0.020601
27	0.524045	0.076547	0.316520	0.023613	0.018480	0.017816	0.002978	0.000549	0.019452
28	0.527819	0.076773	0.316806	0.021747	0.018237	0.016724	0.002712	0.000478	0.018704
29	0.532563	0.076568	0.317282	0.019879	0.017773	0.015468	0.002329	0.000446	0.017692
30	0.536101	0.076836	0.317537	0.018321	0.017542	0.014340	0.002081	0.000410	0.016832
31	0.539484	0.076337	0.318680	0.016739	0.017224	0.013213	0.001814	0.000390	0.016119
32	0.543406	0.076207	0.318266	0.015634	0.016963	0.012235	0.001607	0.000321	0.015361
33	0.546791	0.076207	0.318374	0.014357	0.016801	0.011188	0.001409	0.000260	0.014613
34	0.549326	0.076478	0.318559	0.013359	0.016418	0.010309	0.001324	0.000247	0.013980
35	0.551239	0.076402	0.319562	0.012505	0.016042	0.009546	0.001143	0.000223	0.013338
36	0.553998	0.076007	0.319688	0.011541	0.015841	0.008841	0.001054	0.000218	0.012812
37	0.557010	0.075621	0.319249	0.010554	0.015680	0.008241	0.000956	0.000179	0.012510
38	0.558817	0.075758	0.319654	0.009823	0.015576	0.007465	0.000854	0.000170	0.011883
39	0.560730	0.075263	0.320286	0.009142	0.015171	0.006971	0.000792	0.000146	0.011499
40	0.562260	0.075460	0.320857	0.008400	0.015004	0.006421	0.000697	0.000142	0.010759
41	0.563924	0.075190	0.321287	0.007772	0.014721	0.006077	0.000624	0.000136	0.010269
42	0.565355	0.075014	0.321614	0.007217	0.014647	0.005620	0.000535	0.000120	0.009878
43	0.566872	0.075137	0.321744	0.006568	0.014419	0.005243	0.000509	0.000112	0.009396
44	0.569512	0.075000	0.320461	0.006187	0.014255	0.004945	0.000469	0.000105	0.009066
45	0.570479	0.075089	0.320559	0.005795	0.014150	0.004560	0.000427	0.000090	0.008851
46	0.571641	0.074851	0.320960	0.005304	0.013975	0.004238	0.000368	0.000093	0.008570
47	0.573074	0.074213	0.321413	0.004980	0.013831	0.003919	0.000311	0.000087	0.008172
48	0.574193	0.074657	0.320916	0.004526	0.013914	0.003618	0.000266	0.000080	0.007830
49	0.574619	0.074512	0.321644	0.004174	0.013632	0.003453	0.000263	0.000079	0.007624
50	0.575598	0.074474	0.321645	0.003948	0.013500	0.003154	0.000216	0.000069	0.007396
51	0.575747	0.074419	0.322436	0.003707	0.013302	0.002918	0.000216	0.000081	0.007174
52	0.576271	0.073904	0.323195	0.003555	0.013159	0.002663	0.000182	0.000079	0.006992
53	0.577311	0.073463	0.323426	0.003356	0.012897	0.002600	0.000176	0.000076	0.006695
54	0.577322	0.073758	0.323934	0.003109	0.012765	0.002445	0.000160	0.000062	0.006445
55	0.577863	0.073499	0.324275	0.002919	0.012789	0.002204	0.000154	0.000052	0.006245
56	0.578754	0.073029	0.324776	0.002692	0.012575	0.002022	0.000128	0.000041	0.005983
57	0.579389	0.072908	0.324857	0.002531	0.012484	0.001870	0.000114	0.000040	0.005807
58	0.579882	0.072813	0.325118	0.002330	0.012259	0.001804	0.000114	0.000034	0.005646
59	0.580147	0.072990	0.325084	0.002215	0.012209	0.001725	0.000098	0.000029	0.005503
60	0.581574	0.072639	0.324589	0.002127	0.011983	0.001563	0.000101	0.000026	0.005398
61	0.582252	0.072439	0.324638	0.002023	0.011863	0.001456	0.000105	0.000026	0.005198
62	0.582839	0.072424	0.324604	0.001893	0.011673	0.001417	0.000079	0.000022	0.005049
63	0.583496	0.072201	0.324659	0.001789	0.011567	0.001304	0.000081	0.000018	0.004885
64	0.583755	0.071917	0.325012	0.001677	0.011478	0.001256	0.000066	0.000018	0.004821
65	0.584202	0.071910	0.325007	0.001560	0.011420	0.001191	0.000056	0.000018	0.004636
66	0.584331	0.072066	0.325113	0.001411	0.011273	0.001079	0.000048	0.000019	0.004660
67	0.584225	0.071990	0.325710	0.001332	0.011226	0.001040	0.000050	0.000010	0.004417
68	0.584951	0.071968	0.325461	0.001249	0.011145	0.000916	0.000040	0.000012	0.004258
69	0.585653	0.071683	0.325419	0.001166	0.011043	0.000852	0.000038	0.000012	0.004134
70	0.585645	0.071637	0.325917	0.001062	0.010894	0.000806	0.000026	0.000016	0.003997
71	0.586180	0.071610	0.325760	0.001013	0.010777	0.000783	0.000029	0.000018	0.003830
72	0.587504	0.071442	0.325121	0.000951	0.010431	0.000748	0.000031	0.000013	0.003759
73	0.587527	0.071290	0.325431	0.000871	0.010429	0.000710	0.000030	0.000016	0.003696
74	0.588127	0.071135	0.325212	0.000822	0.010348	0.000689	0.000026	0.000018	0.003623
75	0.588906	0.071117	0.324601	0.000765	0.010349	0.000656	0.000018	0.000023	0.003565
76	0.588777	0.071421	0.324797	0.000705	0.010245	0.000611	0.000016	0.000017	0.003411
77	0.588884	0.071188	0.325192	0.000703	0.010079	0.000569	0.000018	0.000012	0.003355
78	0.589498	0.070762	0.325212	0.000645	0.010001	0.000507	0.000013	0.000010	0.003352
79	0.589293	0.070778	0.325590	0.000603	0.010118	0.000475	0.000009	0.000012	0.003122
80	0.588690	0.071054	0.326240	0.000509	0.009947	0.000454	0.000010	0.000010	0.003086
81	0.589017	0.070988	0.326305	0.000496	0.009736	0.000447	0.000009	0.000005	0.002997
82	0.590003	0.070485	0.326067	0.000472	0.009613	0.000412	0.000008	0.000008	0.002932
83	0.590189	0.070691	0.325920	0.000432	0.009440	0.000398	0.000013	0.000006	0.002911
84	0.590513	0.070644	0.325796	0.000417	0.009222	0.000375	0.000010	0.000002	0.003021
85	0.590089	0.070732	0.326376	0.000400	0.009189	0.000346	0.000006	0.000002	0.002860
86	0.590484	0.070747	0.326039	0.000358	0.009183	0.000354	0.000005	0.000001	0.002829
87	0.590820	0.070697	0.325830	0.000338	0.009159	0.000342	0.000005	0.000001	0.002808
88	0.590502	0.070824	0.326123	0.000310	0.009102	0.000338	0.000006	0.000001	0.002794
89	0.590609	0.070981	0.326043	0.000294	0.009064	0.000315	0.000007	0.000001	0.002686
90	0.590070	0.071312	0.326360	0.000295	0.008971	0.000298	0.000007	0.000001	0.002686
91	0.590537	0.070874	0.326405	0.000265	0.008947	0.000298	0.000006	0.000000	0.002668
92	0.590971	0.070713	0.326536	0.000246	0.008746	0.000271	0.000004	0.000000	0.002513
93	0.591541	0.070630	0.326181	0.000224	0.008757	0.000264	0.000004	0.000000	0.002399
94	0.591830	0.070548	0.326016	0.000219	0.008764	0.000222	0.000004	0.000000	0.002397
95	0.592217	0.070690	0.325625	0.000235	0.008693	0.000200	0.000004	0.000000	0.002336
96	0.592626	0.070496	0.325493	0.000210	0.008721	0.000190	0.000001	0.000000	0.002263
97	0.592524	0.070630	0.325633	0.000190	0.008578	0.000191	0.000002	0.000000	0.002252
98	0.592277	0.070604	0.326081	0.000183	0.008443	0.000172	0.000002	0.000000	0.002238
99	0.592763	0.070655	0.325610	0.000190	0.008416	0.000181	0.000000	0.000000	0.002185
100	0.592768	0.070975	0.325465	0.000157	0.008333	0.000160	0.000000	0.000000	0.002142
101	0.593052	0.070985	0.325340	0.000183	0.008130	0.000151	0.000000	0.000000	0.002159
102	0.593014	0.070786	0.325637	0.000181	0.008161	0.000143	0.000000	0.000000	0.002078
103	0.593342	0.070398	0.325828	0.000171	0.008056	0.000150	0.000000	0.000000	0.002055
104	0.593647	0.070040	0.325920	0.000150	0.008031	0.000146	0.000000	0.000000	0.002066
105	0.593912	0.070344	0.325500	0.000154	0.007999	0.000126	0.000000	0.000000	0.001965
106	0.594305	0.070206	0.325317	0.000140	0.007946	0.000120	0.000000	0.000000	0.001966
107	0.594201	0.070066	0.325715	0.000140	0.007851	0.000122	0.000000	0.000000	0.001905
108	0.594149	0.069920	0.326012	0.000138	0.007805	0.000106	0.000000	0.000000	0.001870
109	0.594649	0.069590	0.325979	0.000132	0.007708	0.000102	0.000000	0.000000	0.001840
110	0.594266	0.069654	0.326317	0.000120	0.007744	0.000105	0.000000	0.000000	0.001794
111	0.594462	0.069404	0.326352	0.000116	0.007784	0.000101	0.000000	0.000000	0.001781
112	0.594466	0.069726	0.325982	0.000102	0.007819	0.000099	0.000000	0.000000	0.001806
113	0.593633	0.069963	0.326702	0.000103	0.007759	0.000098	0.000000	0.000000	0.001742
114	0.593587	0.069928	0.326798	0.000094	0.007711	0.000093	0.000000	0.000000	0.001789
115	0.593536	0.069851	0.327029	0.000073	0.007656	0.000085	0.000000	0.000000	0.001770
116	0.593194	0.069944	0.327431	0.000076	0.007550	0.000082	0.000000	0.000000	0.001723
117	0.594220	0.069943	0.326491	0.000085	0.007517	0.000083	0.000000	0.000000	0.001661
118	0.593688	0.070138	0.326915	0.000073	0.007435	0.000101	0.000000	0.000000	0.001650
119	0.594250	0.069731	0.326806	0.000073	0.007477	0.000094	0.000000	0.000000	0.001569
120	0.595018	0.069825	0.326071	0.000081	0.007375	0.000078	0.000000	0.000000	0.001552
121	0.594738	0.069702	0.326473	0.000094	0.007356	0.000068	0.000000	0.000000	0.001569
122	0.595079	0.069658	0.326264	0.000085	0.007330	0.000061	0.000000	0.000000	0.001523
123	0.595316	0.069424	0.326233	0.000086	0.007363	0.000050	0.000000	0.000000	0.001528
124	0.595681	0.069671	0.325702	0.000091	0.007300	0.000049	0.000000	0.000000	0.001506
125	0.595491	0.069731	0.325961	0.000082	0.007145	0.000056	0.000000	0.000000	0.001534
126	0.595608	0.069624	0.325950	0.000079	0.007257	0.000052	0.000000	0.000000	0.001430
127	0.595837	0.069639	0.325914	0.000083	0.007019	0.000053	0.000000	0.000000	0.001455
128	0.595235	0.069636	0.326489	0.000094	0.007049	0.000055	0.000000	0.000000	0.001442
129	0.595298	0.069523	0.326572	0.000091	0.007006	0.000062	0.000000	0.000000	0.001448
130	0.595691	0.069708	0.325912	0.000101	0.007101	0.000057	0.000000	0.000000	0.001430
131	0.595853	0.069473	0.325964	0.000087	0.007159	0.000056	0.000000	0.000000	0.001408
132	0.595870	0.069452	0.325978	0.000089	0.007118	0.000050	0.000000	0.000000	0.001443
133	0.596064	0.069045	0.326307	0.000089	0.007100	0.000058	0.000000	0.000000	0.001337
134	0.595497	0.069376	0.326655	0.000068	0.007003	0.000056	0.000000	0.000000	0.001345
135	0.595846	0.068907	0.326746	0.000080	0.007033	0.000057	0.000000	0.000000	0.001331
136	0.595102	0.068622	0.327951	0.000082	0.006900	0.000064	0.000000	0.000000	0.001279
137	0.594686	0.068630	0.328338	0.000087	0.006943	0.000067	0.000000	0.000000	0.001249
138	0.595056	0.068728	0.327940	0.000076	0.006966	0.000056	0.000000	0.000000	0.001178
139	0.595037	0.068455	0.328272	0.000072	0.006951	0.000052	0.000000	0.000000	0.001161
140	0.595186	0.068644	0.327893	0.000067	0.006982	0.000050	0.000000	0.000000	0.001178
141	0.595590	0.068622	0.327705	0.000067	0.006865	0.000040	0.000000	0.000000	0.001111
142	0.595144	0.068651	0.328084	0.000064	0.006916	0.000027	0.000000	0.000000	0.001114
143	0.595444	0.068574	0.327891	0.000063	0.006904	0.000030	0.000000	0.000000	0.001094
144	0.595567	0.068377	0.327930	0.000055	0.006964	0.000026	0.000000	0.000000	0.001081
145	0.596052	0.068596	0.327302	0.000044	0.006910	0.000019	0.000000	0.000000	0.001077
146	0.596148	0.068461	0.327334	0.000050	0.006896	0.000022	0.000000	0.000000	0.001089
147	0.595547	0.068482	0.328068	0.000040	0.006818	0.000018	0.000000	0.000000	0.001027
148	0.595720	0.068576	0.327775	0.000040	0.006825	0.000023	0.000000	0.000000	0.001041
149	0.595030	0.068285	0.328818	0.000038	0.006795	0.000023	0.000000	0.000000	0.001011
150	0.595351	0.067846	0.329005	0.000028	0.006808	0.000020	0.000000	0.000000	0.000942
151	0.595557	0.068031	0.328605	0.000029	0.006790	0.000022	0.000000	0.000000	0.000966
152	0.595869	0.068052	0.328384	0.000033	0.006710	0.000026	0.000000	0.000000	0.000926
153	0.595523	0.068116	0.328583	0.000037	0.006731	0.000027	0.000000	0.000000	0.000983
154	0.595417	0.068294	0.328597	0.000037	0.006653	0.000031	0.000000	0.000000	0.000971
155	0.595354	0.067900	0.329148	0.000027	0.006535	0.000027	0.000000	0.000000	0.001009
156	0.596153	0.067893	0.328396	0.000030	0.006539	0.000026	0.000000	0.000000	0.000963
157	0.595611	0.068071	0.328707	0.000026	0.006568	0.000026	0.000000	0.000000	0.000991
158	0.595545	0.067936	0.328889	0.000028	0.006539	0.000023	0.000000	0.000000	0.001040
159	0.595344	0.067896	0.329279	0.000025	0.006445	0.000036	0.000000	0.000000	0.000975
160	0.596101	0.067581	0.328854	0.000023	0.006451	0.000032	0.000000	0.000000	0.000958
161	0.596220	0.067627	0.328659	0.000030	0.006469	0.000036	0.000000	0.000000	0.000959
162	0.595946	0.067586	0.329107	0.000027	0.006365	0.000038	0.000000	0.000000	0.000931
163	0.596711	0.067345	0.328443	0.000018	0.006467	0.000035	0.000000	0.000000	0.000981
164	0.596660	0.067451	0.328500	0.000015	0.006350	0.000028	0.000000	0.000000	0.000996
165	0.597138	0.067150	0.328384	0.000014	0.006329	0.000022	0.000000	0.000000	0.000963
166	0.597848	0.067081	0.327759	0.000012	0.006308	0.000016	0.000000	0.000000	0.000976
167	0.597744	0.066911	0.328033	0.000014	0.006301	0.000018	0.000000	0.000000	0.000979
168	0.598097	0.067035	0.327616	0.000016	0.006279	0.000019	0.000000	0.000000	0.000938
169	0.597694	0.067163	0.327959	0.000010	0.006236	0.000011	0.000000	0.000000	0.000927
170	0.597498	0.067162	0.328142	0.000006	0.006240	0.000011	0.000000	0.000000	0.000941
171	0.597106	0.067631	0.328090	0.000005	0.006188	0.000009	0.000000	0.000000	0.000971
172	0.596865	0.067672	0.328284	0.000003	0.006227	0.000006	0.000000	0.000000	0.000943
173	0.596988	0.067310	0.328503	0.000005	0.006240	0.000010	0.000000	0.000000	0.000944
174	0.596866	0.067251	0.328726	0.000007	0.006210	0.000006	0.000000	0.000000	0.000934
175	0.597587	0.067144	0.328002	0.000006	0.006288	0.000009	0.000000	0.000000	0.000964
176	0.597222	0.067257	0.328335	0.000003	0.006230	0.000014	0.000000	0.000000	0.000939
177	0.597439	0.066923	0.328520	0.000004	0.006224	0.000012	0.000000	0.000000	0.000878
178	0.597801	0.067022	0.328084	0.000005	0.006231	0.000015	0.000000	0.000000	0.000842
179	0.597817	0.067224	0.327953	0.000008	0.006146	0.000014	0.000000	0.000000	0.000838
180	0.597305	0.067000	0.328630	0.000004	0.006217	0.000017	0.000000	0.000000	0.000827
181	0.597549	0.066799	0.328626	0.000006	0.006187	0.000017	0.000000	0.000000	0.000816
182	0.597504	0.066688	0.328800	0.000007	0.006140	0.000020	0.000000	0.000000	0.000841
183	0.597481	0.066578	0.328905	0.000002	0.006148	0.000019	0.000000	0.000000	0.000867
184	0.597996	0.066323	0.328851	0.000002	0.006003	0.000015	0.000000	0.000000	0.000810
185	0.597597	0.066355	0.329223	0.000000	0.005984	0.000013	0.000000	0.000000	0.000828
186	0.597439	0.066639	0.329212	0.000001	0.005918	0.000011	0.000000	0.000000	0.000780
187	0.597750	0.066292	0.329187	0.000001	0.005978	0.000012	0.000000	0.000000	0.000780
188	0.597764	0.066226	0.329258	0.000001	0.005942	0.000017	0.000000	0.000000	0.000792
189	0.598212	0.066334	0.328695	0.000000	0.005954	0.000011	0.000000	0.000000	0.000794
190	0.598576	0.066305	0.328458	0.000000	0.005879	0.000016	0.000000	0.000000	0.000766
191	0.598385	0.066282	0.328779	0.000000	0.005819	0.000010	0.000000	0.000000	0.000725
192	0.598804	0.066351	0.328322	0.000001	0.005809	0.000013	0.000000	0.000000	0.000700
193	0.598778	0.066187	0.328537	0.000000	0.005784	0.000010	0.000000	0.000000	0.000704
194	0.599389	0.066284	0.327837	0.000000	0.005816	0.000009	0.000000	0.000000	0.000665
195	0.599289	0.066081	0.328241	0.000000	0.005724	0.000012	0.000000	0.000000	0.000653
196	0.599726	0.066132	0.327782	0.000000	0.005711	0.000015	0.000000	0.000000	0.000634
197	0.598920	0.066053	0.328827	0.000000	0.005584	0.000013	0.000000	0.000000	0.000603
198	0.598902	0.065948	0.328979	0.000000	0.005576	0.000015	0.000000	0.000000	0.000580
199	0.598636	0.065769	0.329456	0.000000	0.005491	0.000016	0.000000	0.000000	0.000632
200	0.599005	0.065607	0.329370	0.000000	0.005424	0.000013	0.000000	0.000000	0.000581
201	0.599377	0.065591	0.329058	0.000000	0.005366	0.000016	0.000000	0.000000	0.000592
202	0.599368	0.065972	0.328698	0.000000	0.005360	0.000016	0.000000	0.000000	0.000586
203	0.599635	0.065843	0.328585	0.000000	0.005336	0.000018	0.000000	0.000000	0.000583
204	0.599611	0.065801	0.328635	0.000000	0.005329	0.000019	0.000000	0.000000	0.000605
205	0.599612	0.065700	0.328822	0.000000	0.005247	0.000015	0.000000	0.000000	0.000604
206	0.599352	0.065873	0.328972	0.000000	0.005199	0.000015	0.000000	0.000000	0.000589
207	0.599225	0.065903	0.329063	0.000000	0.005218	0.000015	0.000000	0.000000	0.000576
208	0.599237	0.066006	0.329041	0.000000	0.005150	0.000017	0.000000	0.000000	0.000549
209	0.599419	0.065842	0.328937	0.000000	0.005238	0.000014	0.000000	0.000000	0.000550
210	0.598571	0.065832	0.329784	0.000000	0.005263	0.000016	0.000000	0.000000	0.000534
211	0.598924	0.065578	0.329728	0.000000	0.005257	0.000014	0.000000	0.000000	0.000499
212	0.598984	0.065331	0.329990	0.000000	0.005185	0.000011	0.000000	0.000000	0.000499
213	0.597901	0.065332	0.331097	0.000000	0.005157	0.000020	0.000000	0.000000	0.000493
214	0.598305	0.065146	0.330921	0.000000	0.005142	0.000016	0.000000	0.000000	0.000470
215	0.598323	0.064630	0.331429	0.000000	0.005112	0.000020	0.000000	0.000000	0.000486
216	0.598126	0.064699	0.331542	0.000000	0.005105	0.000015	0.000000	0.000000	0.000513
217	0.598459	0.064723	0.331164	0.000000	0.005130	0.000018	0.000000	0.000000	0.000506
218	0.598991	0.064370	0.331036	0.000000	0.005093	0.000019	0.000000	0.000000	0.000491
219	0.599168	0.064365	0.330823	0.000000	0.005142	0.000011	0.000000	0.000000	0.000491
220	0.599760	0.064319	0.330317	0.000000	0.005120	0.000011	0.000000	0.000000	0.000473
221	0.599668	0.064195	0.330510	0.000000	0.005125	0.000012	0.000000	0.000000	0.000490
222	0.599410	0.064268	0.330644	0.000000	0.005175	0.000008	0.000000	0.000000	0.000495
223	0.599556	0.063829	0.331038	0.000000	0.005122	0.000011	0.000000	0.000000	0.000444
224	0.599794	0.063911	0.330769	0.000000	0.005079	0.000009	0.000000	0.000000	0.000438
225	0.599537	0.064033	0.330879	0.000000	0.005106	0.000010	0.000000	0.000000	0.000435
226	0.599733	0.063880	0.330867	0.000000	0.005078	0.000006	0.000000	0.000000	0.000436
227	0.599502	0.063804	0.331219	0.000000	0.005054	0.000003	0.000000	0.000000	0.000418
228	0.600228	0.063619	0.330740	0.000000	0.004988	0.000005	0.000000	0.000000	0.000420
229	0.600184	0.063667	0.330804	0.000000	0.004936	0.000006	0.000000	0.000000	0.000403
230	0.600322	0.063652	0.330628	0.000000	0.004968	0.000003	0.000000	0.000000	0.000427
231	0.600007	0.063856	0.330777	0.000000	0.004939	0.000004	0.000000	0.000000	0.000417
232	0.599527	0.064310	0.330727	0.000000	0.005007	0.000002	0.000000	0.000000	0.000427
233	0.599848	0.064562	0.330205	0.000000	0.004953	0.000005	0.000000	0.000000	0.000427
234	0.600478	0.064363	0.329707	0.000000	0.004981	0.000003	0.000000	0.000000	0.000468
235	0.600097	0.064405	0.330069	0.000000	0.004971	0.000005	0.000000	0.000000	0.000453
236	0.600138	0.064061	0.330409	0.000000	0.004940	0.000008	0.000000	0.000000	0.000444
237	0.600899	0.063945	0.329758	0.000000	0.004936	0.000009	0.000000	0.000000	0.000453
238	0.600674	0.064350	0.329570	0.000000	0.004949	0.000008	0.000000	0.000000	0.000449
239	0.600481	0.064380	0.329713	0.000000	0.004991	0.000005	0.000000	0.000000	0.000430
240	0.601359	0.064260	0.328915	0.000000	0.004997	0.000006	0.000000	0.000000	0.000463
241	0.600878	0.064442	0.329213	0.000000	0.004965	0.000005	0.000000	0.000000	0.000497
242	0.600802	0.064459	0.329251	0.000000	0.004998	0.000009	0.000000	0.000000	0.000481
243	0.600836	0.064676	0.328965	0.000000	0.005032	0.000004	0.000000	0.000000	0.000487
244	0.601039	0.064332	0.329076	0.000000	0.005065	0.000005	0.000000	0.000000	0.000483
245	0.601585	0.064074	0.328798	0.000000	0.005023	0.000005	0.000000	0.000000	0.000515
246	0.601129	0.063788	0.329531	0.000000	0.005093	0.000001	0.000000	0.000000	0.000458
247	0.601607	0.063783	0.329070	0.000000	0.005086	0.000002	0.000000	0.000000	0.000452
248	0.601698	0.063694	0.329190	0.000000	0.004993	0.000002	0.000000	0.000000	0.000423
249	0.601829	0.063589	0.329165	0.000000	0.004977	0.000001	0.000000	0.000000	0.000439
250	0.601221	0.063947	0.329385	0.000000	0.005003	0.000003	0.000000	0.000000	0.000441
251	0.601180	0.064250	0.329182	0.000000	0.004969	0.000005	0.000000	0.000000	0.000414
252	0.601624	0.064257	0.328692	0.000000	0.004967	0.000001	0.000000	0.000000	0.000459
253	0.601731	0.064356	0.328529	0.000000	0.004949	0.000001	0.000000	0.000000	0.000434
254	0.601219	0.064459	0.329043	0.000000	0.004876	0.000001	0.000000	0.000000	0.000402
255	0.601480	0.064570	0.328633	0.000000	0.004893	0.000001	0.000000	0.000000	0.000423
256	0.601465	0.064768	0.328572	0.000000	0.004803	0.000001	0.000000	0.000000	0.000391
257	0.601762	0.064814	0.328109	0.000000	0.004898	0.000000	0.000000	0.000000	0.000417
258	0.602109	0.064828	0.327819	0.000000	0.004858	0.000000	0.000000	0.000000	0.000386
259	0.601678	0.064802	0.328301	0.000000	0.004844	0.000000	0.000000	0.000000	0.000375
260	0.601006	0.064984	0.328742	0.000000	0.004913	0.000000	0.000000	0.000000	0.000355
261	0.600737	0.065158	0.328885	0.000000	0.004861	0.000000	0.000000	0.000000	0.000359
262	0.601262	0.064907	0.328692	0.000000	0.004781	0.000000	0.000000	0.000000	0.000358
263	0.601010	0.064706	0.329184	0.000000	0.004777	0.000000	0.000000	0.000000	0.000323
264	0.601810	0.064398	0.328755	0.000000	0.004713	0.000000	0.000000	0.000000	0.000324
265	0.601025	0.064667	0.329229	0.000000	0.004766	0.000000	0.000000	0.000000	0.000313
266	0.601041	0.064655	0.329318	0.000000	0.004705	0.000000	0.000000	0.000000	0.000281
267	0.601041	0.064856	0.329144	0.000000	0.004693	0.000000	0.000000	0.000000	0.000266
268	0.601416	0.064519	0.329184	0.000000	0.004614	0.000000	0.000000	0.000000	0.000267
269	0.601448	0.064569	0.329121	0.000000	0.004605	0.000000	0.000000	0.000000	0.000257
270	0.601417	0.064604	0.329105	0.000000	0.004642	0.000000	0.000000	0.000000	0.000232
271	0.601913	0.064302	0.328870	0.000000	0.004671	0.000000	0.000000	0.000000	0.000244
272	0.601670	0.064390	0.329069	0.000000	0.004631	0.000000	0.000000	0.000000	0.000240
273	0.600815	0.064684	0.329644	0.000000	0.004621	0.000000	0.000000	0.000000	0.000236
274	0.600600	0.064644	0.329867	0.000000	0.004649	0.000000	0.000000	0.000000	0.000240
275	0.600968	0.064774	0.329418	0.000000	0.004608	0.000000	0.000000	0.000000	0.000232
276	0.600316	0.064704	0.330139	0.000000	0.004623	0.000000	0.000000	0.000000	0.000218
277	0.600083	0.064777	0.330386	0.000000	0.004550	0.000000	0.000000	0.000000	0.000204
278	0.600623	0.064466	0.330180	0.000000	0.004543	0.000000	0.000000	0.000000	0.000188
279	0.600161	0.064253	0.330811	0.000000	0.004599	0.000000	0.000000	0.000000	0.000176
280	0.599851	0.064532	0.330864	0.000000	0.004559	0.000000	0.000000	0.000000	0.000194
281	0.600255	0.064431	0.330614	0.000000	0.004513	0.000000	0.000000	0.000000	0.000187
282	0.599388	0.064630	0.331246	0.000000	0.004543	0.000000	0.000000	0.000000	0.000193
283	0.599345	0.064887	0.331069	0.000000	0.004508	0.000000	0.000000	0.000000	0.000191
284	0.599605	0.064810	0.330870	0.000000	0.004532	0.000000	0.000000	0.000000	0.000183
285	0.599215	0.064967	0.331047	0.000000	0.004581	0.000000	0.000000	0.000000	0.000190
286	0.598763	0.065267	0.331065	0.000000	0.004719	0.000000	0.000000	0.000000	0.000186
287	0.597949	0.065329	0.331825	0.000000	0.004709	0.000000	0.000000	0.000000	0.000188
288	0.597637	0.065532	0.332003	0.000000	0.004655	0.000000	0.000000	0.000000	0.000173
289	0.597877	0.065401	0.331842	0.000000	0.004714	0.000000	0.000000	0.000000	0.000166
290	0.598742	0.065210	0.331252	0.000000	0.004628	0.000000	0.000000	0.000000	0.000168
291	0.598811	0.065049	0.331345	0.000000	0.004614	0.000000	0.000000	0.000000	0.000181
292	0.599006	0.065057	0.331106	0.000000	0.004646	0.000000	0.000000	0.000000	0.000185
293	0.598750	0.065027	0.331442	0.000000	0.004606	0.000000	0.000000	0.000000	0.000175
294	0.598041	0.065013	0.332224	0.000000	0.004565	0.000000	0.000000	0.000000	0.000157
295	0.597862	0.065048	0.332364	0.000000	0.004603	0.000000	0.000000	0.000000	0.000123
296	0.597899	0.065155	0.332199	0.000000	0.004619	0.000000	0.000000	0.000000	0.000128
297	0.598070	0.065176	0.331915	0.000000	0.004710	0.000000	0.000000	0.000000	0.000129
298	0.597915	0.065079	0.332209	0.000000	0.004673	0.000000	0.000000	0.000000	0.000124
299	0.598046	0.064734	0.332483	0.000000	0.004619	0.000000	0.000000	0.000000	0.000118
300	0.598511	0.064780	0.331928	0.000000	0.004674	0.000000	0.000000	0.000000	0.000107
301	0.598210	0.064866	0.332128	0.000000	0.004669	0.000000	0.000000	0.000000	0.000127
302	0.598042	0.064581	0.332565	0.000000	0.004686	0.000000	0.000000	0.000000	0.000126
303	0.598178	0.064799	0.332200	0.000000	0.004693	0.000000	0.000000	0.000000	0.000130
304	0.598549	0.064717	0.331904	0.000000	0.004696	0.000000	0.000000	0.000000	0.000134
305	0.598802	0.064813	0.331540	0.000000	0.004719	0.000000	0.000000	0.000000	0.000126
306	0.598926	0.064674	0.331563	0.000000	0.004709	0.000000	0.000000	0.000000	0.000128
307	0.598534	0.064998	0.331630	0.000000	0.004706	0.000000	0.000000	0.000000	0.000132
308	0.598202	0.065313	0.331509	0.000000	0.004847	0.000000	0.000000	0.000000	0.000129
309	0.598110	0.065209	0.331754	0.000000	0.004788	0.000000	0.000000	0.000000	0.000139
310	0.598081	0.065156	0.331793	0.000000	0.004811	0.000000	0.000000	0.000000	0.000159
311	0.598028	0.065026	0.331944	0.000000	0.004835	0.000000	0.000000	0.000000	0.000167
312	0.597848	0.065093	0.332107	0.000000	0.004791	0.000000	0.000000	0.000000	0.000161
313	0.598406	0.065223	0.331423	0.000000	0.004785	0.000000	0.000000	0.000000	0.000163
314	0.598777	0.065327	0.330929	0.000000	0.004815	0.000000	0.000000	0.000000	0.000152
315	0.598499	0.065287	0.331377	0.000000	0.004685	0.000000	0.000000	0.000000	0.000152
316	0.598351	0.065035	0.331726	0.000000	0.004741	0.000000	0.000000	0.000000	0.000147
317	0.598639	0.065019	0.331540	0.000000	0.004668	0.000000	0.000000	0.000000	0.000134
318	0.598618	0.065054	0.331540	0.000000	0.004635	0.000000	0.000000	0.000000	0.000153
319	0.598440	0.065123	0.331688	0.000000	0.004608	0.000000	0.000000	0.000000	0.000141
320	0.598796	0.064596	0.331841	0.000000	0.004626	0.000000	0.000000	0.000000	0.000141
321	0.598452	0.064565	0.332195	0.000000	0.004638	0.000000	0.000000	0.000000	0.000150
322	0.597946	0.064740	0.332602	0.000000	0.004578	0.000000	0.000000	0.000000	0.000134
323	0.597398	0.064746	0.333089	0.000000	0.004638	0.000000	0.000000	0.000000	0.000129
324	0.597691	0.064587	0.332970	0.000000	0.004607	0.000000	0.000000	0.000000	0.000145
325	0.597949	0.064637	0.332664	0.000000	0.004614	0.000000	0.000000	0.000000	0.000136
326	0.597774	0.064672	0.332839	0.000000	0.004568	0.000000	0.000000	0.000000	0.000147
327	0.598179	0.064818	0.332239	0.000000	0.004626	0.000000	0.000000	0.000000	0.000138
328	0.597906	0.064754	0.332525	0.000000	0.004682	0.000000	0.000000	0.000000	0.000133
329	0.597828	0.064833	0.332462	0.000000	0.004735	0.000000	0.000000	0.000000	0.000142
330	0.597825	0.064882	0.332419	0.000000	0.004742	0.000000	0.000000	0.000000	0.000132
331	0.598020	0.064682	0.332417	0.000000	0.004760	0.000000	0.000000	0.000000	0.000121
332	0.597459	0.064943	0.332733	0.000000	0.004736	0.000000	0.000000	0.000000	0.000129
333	0.597245	0.064813	0.333092	0.000000	0.004732	0.000000	0.000000	0.000000	0.000118
334	0.597121	0.064700	0.333316	0.000000	0.004739	0.000000	0.000000	0.000000	0.000124
335	0.597831	0.064394	0.332858	0.000000	0.004792	0.000000	0.000000	0.000000	0.000125
336	0.597761	0.064099	0.333219	0.000000	0.004785	0.000000	0.000000	0.000000	0.000136
337	0.597651	0.064326	0.333101	0.000000	0.004791	0.000000	0.000000	0.000000	0.000131
338	0.597144	0.064338	0.333637	0.000000	0.004743	0.000000	0.000000	0.000000	0.000138
339	0.596797	0.064229	0.334152	0.000000	0.004687	0.000000	0.000000	0.000000	0.000135
340	0.597402	0.064162	0.333613	0.000000	0.004702	0.000000	0.000000	0.000000	0.000121
341	0.597382	0.064120	0.333696	0.000000	0.004689	0.000000	0.000000	0.000000	0.000113
342	0.597828	0.064474	0.332953	0.000000	0.004626	0.000000	0.000000	0.000000	0.000119
343	0.597602	0.064497	0.333129	0.000000	0.004641	0.000000	0.000000	0.000000	0.000131
344	0.597335	0.064399	0.333481	0.000000	0.004673	0.000000	0.000000	0.000000	0.000112
345	0.598091	0.064330	0.332798	0.000000	0.004656	0.000000	0.000000	0.000000	0.000125
346	0.597895	0.064145	0.333222	0.000000	0.004632	0.000000	0.000000	0.000000	0.000106
347	0.598222	0.064147	0.332865	0.000000	0.004662	0.000000	0.000000	0.000000	0.000104
348	0.597757	0.064070	0.333427	0.000000	0.004645	0.000000	0.000000	0.000000	0.000101
349	0.597496	0.064032	0.333734	0.000000	0.004646	0.000000	0.000000	0.000000	0.000092
350	0.597511	0.064196	0.333559	0.000000	0.004635	0.000000	0.000000	0.000000	0.000099
351	0.598031	0.063859	0.333371	0.000000	0.004643	0.000000	0.000000	0.000000	0.000096
352	0.597631	0.063983	0.333713	0.000000	0.004589	0.000000	0.000000	0.000000	0.000084
353	0.597231	0.064270	0.333885	0.000000	0.004543	0.000000	0.000000	0.000000	0.000071
354	0.596690	0.064477	0.334217	0.000000	0.004533	0.000000	0.000000	0.000000	0.000083
355	0.596644	0.064395	0.334391	0.000000	0.004500	0.000000	0.000000	0.000000	0.000070
356	0.597278	0.064615	0.333483	0.000000	0.004557	0.000000	0.000000	0.000000	0.000067
357	0.596970	0.064579	0.333756	0.000000	0.004609	0.000000	0.000000	0.000000	0.000086
358	0.596536	0.064509	0.334305	0.000000	0.004577	0.000000	0.000000	0.000000	0.000073
359	0.596131	0.064736	0.334499	0.000000	0.004570	0.000000	0.000000	0.000000	0.000064
360	0.596341	0.064676	0.334300	0.000000	0.004618	0.000000	0.000000	0.000000	0.000065
361	0.596036	0.064758	0.334576	0.000000	0.004562	0.000000	0.000000	0.000000	0.000068
362	0.596078	0.064866	0.334422	0.000000	0.004560	0.000000	0.000000	0.000000	0.000074
363	0.595613	0.065031	0.334731	0.000000	0.004542	0.000000	0.000000	0.000000	0.000083
364	0.595704	0.065031	0.334717	0.000000	0.004484	0.000000	0.000000	0.000000	0.000064
365	0.595681	0.065136	0.334543	0.000000	0.004585	0.000000	0.000000	0.000000	0.000055
366	0.595183	0.064717	0.335468	0.000000	0.004580	0.000000	0.000000	0.000000	0.000052
367	0.594566	0.064817	0.335919	0.000000	0.004645	0.000000	0.000000	0.000000	0.000053
368	0.594827	0.064756	0.335751	0.000000	0.004607	0.000000	0.000000	0.000000	0.000059
369	0.594928	0.064465	0.335963	0.000000	0.004587	0.000000	0.000000	0.000000	0.000057
370	0.595451	0.064093	0.335826	0.000000	0.004579	0.000000	0.000000	0.000000	0.000051
371	0.595279	0.064136	0.335924	0.000000	0.004608	0.000000	0.000000	0.000000	0.000053
372	0.595735	0.064088	0.335596	0.000000	0.004527	0.000000	0.000000	0.000000	0.000054
373	0.595536	0.064015	0.335881	0.000000	0.004505	0.000000	0.000000	0.000000	0.000063
374	0.595444	0.064050	0.336010	0.000000	0.004425	0.000000	0.000000	0.000000	0.000071
375	0.595626	0.063913	0.335945	0.000000	0.004449	0.000000	0.000000	0.000000	0.000067
376	0.595845	0.063903	0.335766	0.000000	0.004405	0.000000	0.000000	0.000000	0.000081
377	0.596022	0.063690	0.335845	0.000000	0.004374	0.000000	0.000000	0.000000	0.000069
378	0.596109	0.063352	0.336111	0.000000	0.004362	0.000000	0.000000	0.000000	0.000066
379	0.596202	0.063407	0.335957	0.000000	0.004362	0.000000	0.000000	0.000000	0.000072
380	0.596952	0.063433	0.335177	0.000000	0.004353	0.000000	0.000000	0.000000	0.000085
381	0.596814	0.063397	0.335376	0.000000	0.004341	0.000000	0.000000	0.000000	0.000072
382	0.597042	0.063108	0.335404	0.000000	0.004374	0.000000	0.000000	0.000000	0.000072
383	0.596368	0.063128	0.335962	0.000000	0.004467	0.000000	0.000000	0.000000	0.000075
384	0.596488	0.063117	0.335842	0.000000	0.004463	0.000000	0.000000	0.000000	0.000090
385	0.596466	0.063237	0.335846	0.000000	0.004355	0.000000	0.000000	0.000000	0.000096
386	0.595514	0.063187	0.336793	0.000000	0.004408	0.000000	0.000000	0.000000	0.000098
387	0.595965	0.062920	0.336588	0.000000	0.004437	0.000000	0.000000	0.000000	0.000090
388	0.596101	0.062936	0.336501	0.000000	0.004369	0.000000	0.000000	0.000000	0.000093
389	0.596308	0.062937	0.336359	0.000000	0.004319	0.000000	0.000000	0.000000	0.000077
390	0.597239	0.062571	0.335734	0.000000	0.004369	0.000000	0.000000	0.000000	0.000087
391	0.596780	0.062766	0.336025	0.000000	0.004336	0.000000	0.000000	0.000000	0.000093
392	0.597356	0.062660	0.335578	0.000000	0.004312	0.000000	0.000000	0.000000	0.000094
393	0.597304	0.062940	0.335273	0.000000	0.004382	0.000000	0.000000	0.000000	0.000101
394	0.597176	0.062678	0.335598	0.000000	0.004444	0.000000	0.000000	0.000000	0.000104
395	0.597508	0.062699	0.335366	0.000000	0.004341	0.000000	0.000000	0.000000	0.000086
396	0.597484	0.062556	0.335552	0.000000	0.004313	0.000000	0.000000	0.000000	0.000095
397	0.597411	0.062711	0.335453	0.000000	0.004337	0.000000	0.000000	0.000000	0.000088
398	0.597554	0.062453	0.335585	0.000000	0.004321	0.000000	0.000000	0.000000	0.000087
399	0.597358	0.062634	0.335702	0.000000	0.004215	0.000000	0.000000	0.000000	0.000091
400	0.597493	0.062532	0.335722	0.000000	0.004173	0.000000	0.000000	0.000000	0.000080
401	0.597726	0.062761	0.335280	0.000000	0.004145	0.000000	0.000000	0.000000	0.000088
402	0.597906	0.062739	0.335121	0.000000	0.004153	0.000000	0.000000	0.000000	0.000081
403	0.598091	0.062923	0.334841	0.000000	0.004054	0.000000	0.000000	0.000000	0.000091
404	0.598297	0.062734	0.334762	0.000000	0.004110	0.000000	0.000000	0.000000	0.000097
405	0.598324	0.062766	0.334695	0.000000	0.004106	0.000000	0.000000	0.000000	0.000109
406	0.597559	0.062970	0.335320	0.000000	0.004054	0.000000	0.000000	0.000000	0.000097
407	0.598202	0.062770	0.334852	0.000000	0.004077	0.000000	0.000000	0.000000	0.000099
408	0.598109	0.062663	0.335092	0.000000	0.004049	0.000000	0.000000	0.000000	0.000087
409	0.598626	0.062597	0.334606	0.000000	0.004071	0.000000	0.000000	0.000000	0.000100
410	0.598468	0.062640	0.334762	0.000000	0.004044	0.000000	0.000000	0.000000	0.000086
411	0.598314	0.062595	0.335013	0.000000	0.004004	0.000000	0.000000	0.000000	0.000074
412	0.598240	0.062523	0.335138	0.000000	0.004028	0.000000	0.000000	0.000000	0.000071
413	0.597962	0.062513	0.335448	0.000000	0.004007	0.000000	0.000000	0.000000	0.000070
414	0.598002	0.062597	0.335359	0.000000	0.003981	0.000000	0.000000	0.000000	0.000061
415	0.597312	0.062895	0.335772	0.000000	0.003951	0.000000	0.000000	0.000000	0.000070
416	0.596826	0.062867	0.336285	0.000000	0.003954	0.000000	0.000000	0.000000	0.000068
417	0.596941	0.062734	0.336370	0.000000	0.003893	0.000000	0.000000	0.000000	0.000062
418	0.597249	0.062559	0.336195	0.000000	0.003937	0.000000	0.000000	0.000000	0.000060
419	0.597101	0.062475	0.336454	0.000000	0.003905	0.000000	0.000000	0.000000	0.000065
420	0.597258	0.062713	0.336053	0.000000	0.003921	0.000000	0.000000	0.000000	0.000055
421	0.596812	0.062885	0.336386	0.000000	0.003862	0.000000	0.000000	0.000000	0.000055
422	0.596612	0.062702	0.336746	0.000000	0.003887	0.000000	0.000000	0.000000	0.000053
423	0.596240	0.062654	0.337162	0.000000	0.003896	0.000000	0.000000	0.000000	0.000048
424	0.596587	0.062205	0.337256	0.000000	0.003894	0.000000	0.000000	0.000000	0.000058
425	0.596782	0.062505	0.336758	0.000000	0.003898	0.000000	0.000000	0.000000	0.000057
426	0.596587	0.062728	0.336723	0.000000	0.003903	0.000000	0.000000	0.000000	0.000059
427	0.596223	0.062609	0.337217	0.000000	0.003897	0.000000	0.000000	0.000000	0.000054
428	0.596278	0.062667	0.337166	0.000000	0.003831	0.000000	0.000000	0.000000	0.000058
429	0.596025	0.062407	0.337638	0.000000	0.003885	0.000000	0.000000	0.000000	0.000045
430	0.595776	0.062640	0.337632	0.000000	0.003900	0.000000	0.000000	0.000000	0.000052
431	0.595830	0.062869	0.337389	0.000000	0.003865	0.000000	0.000000	0.000000	0.000047
432	0.595758	0.062909	0.337440	0.000000	0.003838	0.000000	0.000000	0.000000	0.000055
433	0.595911	0.063151	0.337047	0.000000	0.003826	0.000000	0.000000	0.000000	0.000065
434	0.595517	0.063365	0.337279	0.000000	0.003775	0.000000	0.000000	0.000000	0.000064
435	0.595238	0.063317	0.337595	0.000000	0.003796	0.000000	0.000000	0.000000	0.000054
436	0.595215	0.063414	0.337504	0.000000	0.003821	0.000000	0.000000	0.000000	0.000046
437	0.595953	0.063525	0.336719	0.000000	0.003768	0.000000	0.000000	0.000000	0.000035
438	0.595242	0.063631	0.337294	0.000000	0.003778	0.000000	0.000000	0.000000	0.000055
439	0.595711	0.063325	0.337120	0.000000	0.003798	0.000000	0.000000	0.000000	0.000046
440	0.595653	0.063018	0.337480	0.000000	0.003790	0.000000	0.000000	0.000000	0.000059
441	0.595515	0.062889	0.337690	0.000000	0.003848	0.000000	0.000000	0.000000	0.000058
442	0.595848	0.062735	0.337537	0.000000	0.003812	0.000000	0.000000	0.000000	0.000068
443	0.596321	0.062410	0.337406	0.000000	0.003796	0.000000	0.000000	0.000000	0.000067
444	0.595810	0.062522	0.337762	0.000000	0.003851	0.000000	0.000000	0.000000	0.000055
445	0.595971	0.062542	0.337563	0.000000	0.003864	0.000000	0.000000	0.000000	0.000060
446	0.595307	0.063124	0.337666	0.000000	0.003838	0.000000	0.000000	0.000000	0.000065
447	0.595746	0.062899	0.337550	0.000000	0.003742	0.000000	0.000000	0.000000	0.000063
448	0.595848	0.062895	0.337479	0.000000	0.003727	0.000000	0.000000	0.000000	0.000051
449	0.595772	0.062872	0.337554	0.000000	0.003733	0.000000	0.000000	0.000000	0.000069
450	0.595780	0.062498	0.337965	0.000000	0.003684	0.000000	0.000000	0.000000	0.000073
451	0.595668	0.062651	0.338000	0.000000	0.003615	0.000000	0.000000	0.000000	0.000066
452	0.595475	0.062573	0.338192	0.000000	0.003699	0.000000	0.000000	0.000000	0.000061
453	0.595448	0.062552	0.338196	0.000000	0.003740	0.000000	0.000000	0.000000	0.000064
454	0.595553	0.062614	0.338041	0.000000	0.003729	0.000000	0.000000	0.000000	0.000063
455	0.596014	0.062167	0.338062	0.000000	0.003695	0.000000	0.000000	0.000000	0.000062
456	0.595729	0.062156	0.338344	0.000000	0.003690	0.000000	0.000000	0.000000	0.000081
457	0.595765	0.062092	0.338353	0.000000	0.003712	0.000000	0.000000	0.000000	0.000078
458	0.596130	0.062112	0.337985	0.000000	0.003685	0.000000	0.000000	0.000000	0.000088
459	0.595947	0.061919	0.338330	0.000000	0.003707	0.000000	0.000000	0.000000	0.000097
460	0.596080	0.062128	0.337913	0.000000	0.003782	0.000000	0.000000	0.000000	0.000097
461	0.595841	0.062196	0.338151	0.000000	0.003725	0.000000	0.000000	0.000000	0.000087
462	0.595494	0.061684	0.338964	0.000000	0.003766	0.000000	0.000000	0.000000	0.000092
463	0.595786	0.061655	0.338723	0.000000	0.003735	0.000000	0.000000	0.000000	0.000101
464	0.595771	0.062012	0.338376	0.000000	0.003730	0.000000	0.000000	0.000000	0.000111
465	0.595813	0.061916	0.338443	0.000000	0.003731	0.000000	0.000000	0.000000	0.000097
466	0.595308	0.062160	0.338705	0.000000	0.003721	0.000000	0.000000	0.000000	0.000106
467	0.595064	0.062051	0.339121	0.000000	0.003669	0.000000	0.000000	0.000000	0.000095
468	0.595216	0.062249	0.338760	0.000000	0.003680	0.000000	0.000000	0.000000	0.000095
469	0.595776	0.061997	0.338520	0.000000	0.003614	0.000000	0.000000	0.000000	0.000093
470	0.596019	0.062003	0.338276	0.000000	0.003612	0.000000	0.000000	0.000000	0.000090
