0	0.290663	0.057897	0.229473	0.157588	0.029913	0.111872	0.085455	0.012259	0.024880
1	0.240391	0.049844	0.206019	0.148253	0.030351	0.125180	0.100773	0.019502	0.079687
2	0.247250	0.049803	0.209829	0.150211	0.032268	0.127170	0.088635	0.017148	0.077686
3	0.258452	0.050488	0.215844	0.150950	0.034588	0.126495	0.076050	0.014475	0.072658
4	0.270509	0.050938	0.221187	0.150871	0.036896	0.124767	0.064491	0.012094	0.068247
5	0.281674	0.050930	0.226442	0.149837	0.039401	0.122796	0.055104	0.010102	0.063714
6	0.292261	0.050553	0.230879	0.148975	0.042258	0.120363	0.047113	0.008306	0.059292
7	0.301974	0.050292	0.235003	0.147665	0.044804	0.117402	0.040196	0.007014	0.055650
8	0.311885	0.049552	0.238437	0.146188	0.047767	0.113523	0.034649	0.005810	0.052189
9	0.321047	0.048593	0.241822	0.143846	0.050786	0.110190	0.029773	0.004936	0.049007
10	0.329463	0.047507	0.244527	0.141302	0.053608	0.107648	0.025657	0.004242	0.046046
11	0.337234	0.046123	0.246923	0.139158	0.057052	0.104469	0.022241	0.003537	0.043263
12	0.344936	0.044977	0.249498	0.136386	0.059838	0.100994	0.019445	0.002991	0.040935
13	0.352089	0.043696	0.251872	0.133511	0.063210	0.097948	0.016734	0.002441	0.038499
14	0.358269	0.042559	0.254304	0.130371	0.066451	0.095197	0.014680	0.002127	0.036042
15	0.364315	0.041058	0.256171	0.127471	0.070188	0.092256	0.012554	0.001834	0.034153
16	0.369865	0.039610	0.257424	0.125062	0.073553	0.089903	0.011091	0.001634	0.031858
17	0.374982	0.038545	0.258556	0.122035	0.077117	0.087481	0.009605	0.001341	0.030338
18	0.380003	0.036952	0.259818	0.119413	0.080639	0.084846	0.008370	0.001155	0.028804
19	0.384284	0.035403	0.261226	0.116537	0.084649	0.082460	0.007244	0.000966	0.027231
20	0.388563	0.034134	0.261672	0.113853	0.088635	0.080003	0.006459	0.000853	0.025828
21	0.392284	0.032745	0.261973	0.111203	0.093052	0.077607	0.005641	0.000748	0.024747
22	0.396016	0.031583	0.262281	0.108896	0.097274	0.075158	0.004917	0.000631	0.023244
23	0.398475	0.030248	0.262868	0.106629	0.101799	0.073233	0.004342	0.000576	0.021830
24	0.400903	0.028946	0.263376	0.103958	0.106532	0.071219	0.003798	0.000536	0.020732
25	0.403798	0.027746	0.263871	0.101747	0.110394	0.069115	0.003322	0.000449	0.019558
26	0.405564	0.026857	0.263813	0.098897	0.115773	0.067054	0.002898	0.000387	0.018757
27	0.407470	0.025687	0.263698	0.096898	0.120611	0.064999	0.002584	0.000338	0.017715
28	0.408924	0.024725	0.263277	0.094506	0.125915	0.063380	0.002267	0.000298	0.016708
29	0.410273	0.023794	0.262699	0.092477	0.131348	0.061330	0.002071	0.000247	0.015761
30	0.410969	0.022715	0.261458	0.090716	0.136957	0.059875	0.001833	0.000196	0.015281
31	0.411035	0.022026	0.260768	0.088811	0.142848	0.058287	0.001637	0.000188	0.014400
32	0.411201	0.021062	0.259809	0.086729	0.149325	0.056566	0.001482	0.000174	0.013652
33	0.410745	0.020184	0.258855	0.084754	0.155594	0.055543	0.001345	0.000149	0.012831
34	0.409220	0.019310	0.257654	0.083191	0.162650	0.054225	0.001206	0.000133	0.012411
35	0.407972	0.018366	0.256470	0.082333	0.169175	0.052861	0.000982	0.000107	0.011734
36	0.405786	0.017530	0.255257	0.080671	0.176558	0.051929	0.000915	0.000117	0.011237
37	0.404816	0.016735	0.253142	0.079594	0.183745	0.050458	0.000798	0.000102	0.010610
38	0.402938	0.016035	0.251054	0.078364	0.191127	0.049584	0.000673	0.000085	0.010140
39	0.401323	0.015344	0.248772	0.077490	0.198408	0.048405	0.000611	0.000076	0.009571
40	0.398867	0.014657	0.246869	0.076235	0.205902	0.047662	0.000577	0.000076	0.009155
41	0.396095	0.013968	0.243966	0.075096	0.214914	0.046666	0.000519	0.000060	0.008716
42	0.392063	0.013388	0.242505	0.073919	0.223369	0.045952	0.000446	0.000051	0.008307
43	0.388665	0.012830	0.240380	0.073253	0.231637	0.044899	0.000441	0.000051	0.007844
44	0.384987	0.012146	0.238206	0.072472	0.240240	0.044125	0.000376	0.000042	0.007406
45	0.380910	0.011658	0.236039	0.071773	0.249048	0.043119	0.000353	0.000032	0.007068
46	0.377378	0.011046	0.232999	0.070831	0.258058	0.042647	0.000311	0.000034	0.006696
47	0.372945	0.010414	0.230563	0.070659	0.267125	0.041550	0.000294	0.000026	0.006424
48	0.368615	0.009977	0.227409	0.069946	0.276525	0.041170	0.000268	0.000019	0.006071
49	0.364285	0.009466	0.224107	0.069116	0.286619	0.040408	0.000224	0.000028	0.005747
50	0.359865	0.008866	0.221111	0.068763	0.295545	0.040293	0.000189	0.000014	0.005354
51	0.354922	0.008572	0.217733	0.068397	0.305615	0.039539	0.000167	0.000020	0.005035
52	0.349940	0.008022	0.214308	0.068142	0.315564	0.038946	0.000127	0.000020	0.004931
53	0.344282	0.007518	0.210826	0.067974	0.326182	0.038402	0.000131	0.000009	0.004676
54	0.338502	0.007203	0.207850	0.067511	0.336464	0.037957	0.000119	0.000014	0.004380
55	0.333392	0.006859	0.204101	0.067271	0.346886	0.037176	0.000114	0.000014	0.004187
56	0.326687	0.006595	0.200729	0.067138	0.358060	0.036813	0.000095	0.000007	0.003876
57	0.321385	0.006263	0.196406	0.066594	0.369081	0.036467	0.000100	0.000007	0.003697
58	0.315077	0.005952	0.192422	0.066620	0.380054	0.036324	0.000088	0.000004	0.003459
59	0.308954	0.005560	0.188879	0.066548	0.390641	0.036041	0.000079	0.000006	0.003292
60	0.302233	0.005344	0.184868	0.066625	0.402216	0.035543	0.000060	0.000004	0.003107
61	0.296091	0.005120	0.180644	0.066567	0.413273	0.035327	0.000050	0.000004	0.002924
62	0.289411	0.004752	0.176734	0.066521	0.424773	0.034991	0.000051	0.000001	0.002766
63	0.282754	0.004507	0.172886	0.066183	0.435830	0.035235	0.000047	0.000002	0.002556
64	0.275922	0.004316	0.168918	0.066284	0.447203	0.034853	0.000051	0.000000	0.002453
65	0.269760	0.004080	0.164388	0.066367	0.458324	0.034744	0.000056	0.000000	0.002281
66	0.262798	0.003879	0.160699	0.066653	0.469139	0.034647	0.000049	0.000000	0.002136
67	0.255884	0.003759	0.156725	0.066617	0.480186	0.034775	0.000046	0.000000	0.002008
68	0.248935	0.003511	0.152483	0.066701	0.491720	0.034692	0.000048	0.000000	0.001910
69	0.242009	0.003261	0.148274	0.066988	0.503283	0.034382	0.000037	0.000000	0.001766
70	0.234328	0.003053	0.144114	0.066899	0.515571	0.034346	0.000020	0.000000	0.001669
71	0.227944	0.002897	0.139909	0.066907	0.526627	0.034123	0.000019	0.000000	0.001574
72	0.220907	0.002716	0.136107	0.066849	0.537748	0.034166	0.000024	0.000000	0.001483
73	0.214354	0.002569	0.131924	0.066969	0.548845	0.033896	0.000018	0.000000	0.001425
74	0.207772	0.002433	0.127848	0.066730	0.560080	0.033823	0.000013	0.000000	0.001301
75	0.201319	0.002253	0.123385	0.066704	0.571268	0.033787	0.000011	0.000000	0.001273
76	0.194236	0.002120	0.119473	0.066642	0.582781	0.033508	0.000017	0.000000	0.001223
77	0.187318	0.001959	0.115678	0.066846	0.593416	0.033603	0.000014	0.000000	0.001166
78	0.180534	0.001838	0.111519	0.067126	0.604263	0.033615	0.000011	0.000000	0.001094
79	0.174189	0.001733	0.107231	0.067276	0.614972	0.033502	0.000010	0.000000	0.001087
80	0.167266	0.001684	0.103261	0.067614	0.625619	0.033590	0.000007	0.000000	0.000959
81	0.161093	0.001584	0.099182	0.067561	0.636255	0.033416	0.000008	0.000000	0.000901
82	0.154435	0.001476	0.095621	0.067578	0.646752	0.033260	0.000008	0.000000	0.000870
83	0.148237	0.001382	0.092021	0.067971	0.656546	0.032999	0.000005	0.000000	0.000839
84	0.142175	0.001343	0.088601	0.067968	0.665802	0.033341	0.000005	0.000000	0.000765
85	0.136302	0.001303	0.085081	0.068009	0.675345	0.033259	0.000000	0.000000	0.000701
86	0.130545	0.001192	0.081190	0.068264	0.684656	0.033488	0.000001	0.000000	0.000664
87	0.124655	0.001084	0.077939	0.068433	0.693576	0.033745	0.000003	0.000000	0.000565
88	0.118795	0.000986	0.074673	0.068568	0.702762	0.033668	0.000002	0.000000	0.000546
89	0.113484	0.000907	0.071167	0.069008	0.711247	0.033669	0.000000	0.000000	0.000518
90	0.107951	0.000800	0.068238	0.069098	0.719865	0.033603	0.000001	0.000000	0.000444
91	0.102718	0.000717	0.065108	0.069232	0.728337	0.033491	0.000000	0.000000	0.000397
92	0.097849	0.000657	0.062172	0.069186	0.735944	0.033824	0.000000	0.000000	0.000368
93	0.093008	0.000646	0.059222	0.069010	0.744150	0.033629	0.000000	0.000000	0.000335
94	0.088495	0.000589	0.056249	0.069144	0.751232	0.033947	0.000000	0.000000	0.000344
95	0.083957	0.000575	0.053384	0.069364	0.758484	0.033923	0.000000	0.000000	0.000313
96	0.079715	0.000528	0.050429	0.069212	0.765798	0.034036	0.000000	0.000000	0.000282
97	0.075384	0.000472	0.047811	0.069137	0.773097	0.033819	0.000000	0.000000	0.000280
98	0.071134	0.000433	0.045566	0.069299	0.779633	0.033678	0.000000	0.000000	0.000257
99	0.067185	0.000399	0.043433	0.069808	0.785272	0.033656	0.000000	0.000000	0.000247
100	0.063433	0.000390	0.040974	0.070119	0.790905	0.033960	0.000000	0.000000	0.000219
101	0.060222	0.000387	0.038604	0.070654	0.795824	0.034094	0.000000	0.000000	0.000215
102	0.056440	0.000356	0.036289	0.070493	0.801864	0.034382	0.000000	0.000000	0.000176
103	0.053065	0.000342	0.034354	0.070740	0.806763	0.034569	0.000000	0.000000	0.000167
104	0.049934	0.000324	0.032351	0.071092	0.811643	0.034522	0.000000	0.000000	0.000134
105	0.046956	0.000312	0.030540	0.071055	0.816478	0.034518	0.000000	0.000000	0.000141
106	0.043837	0.000294	0.028752	0.070775	0.821711	0.034506	0.000000	0.000000	0.000125
107	0.041040	0.000272	0.027221	0.070916	0.825948	0.034490	0.000000	0.000000	0.000113
108	0.038301	0.000243	0.025818	0.070890	0.830141	0.034500	0.000000	0.000000	0.000107
109	0.035798	0.000217	0.024238	0.071238	0.833740	0.034669	0.000000	0.000000	0.000100
110	0.033545	0.000195	0.022688	0.071573	0.837447	0.034468	0.000000	0.000000	0.000084
111	0.031272	0.000186	0.021291	0.071670	0.840893	0.034620	0.000000	0.000000	0.000068
112	0.029392	0.000158	0.020003	0.071549	0.844664	0.034165	0.000000	0.000000	0.000069
113	0.027296	0.000137	0.018815	0.071777	0.847709	0.034183	0.000000	0.000000	0.000083
114	0.025734	0.000116	0.017493	0.071499	0.850908	0.034178	0.000000	0.000000	0.000072
115	0.023847	0.000090	0.016342	0.071451	0.854016	0.034188	0.000000	0.000000	0.000066
116	0.022270	0.000079	0.015068	0.071529	0.856784	0.034207	0.000000	0.000000	0.000063
117	0.020482	0.000064	0.014157	0.071539	0.859587	0.034110	0.000000	0.000000	0.000061
118	0.019116	0.000065	0.013275	0.071555	0.861819	0.034115	0.000000	0.000000	0.000055
119	0.017757	0.000063	0.012494	0.071603	0.863575	0.034454	0.000000	0.000000	0.000054
120	0.016476	0.000043	0.011720	0.071994	0.865333	0.034381	0.000000	0.000000	0.000053
121	0.015189	0.000036	0.010917	0.071800	0.867263	0.034741	0.000000	0.000000	0.000054
122	0.014097	0.000030	0.010185	0.072080	0.869002	0.034553	0.000000	0.000000	0.000053
123	0.013113	0.000030	0.009506	0.072305	0.870477	0.034506	0.000000	0.000000	0.000063
124	0.012093	0.000026	0.008780	0.072256	0.872093	0.034690	0.000000	0.000000	0.000062
125	0.011190	0.000026	0.008142	0.072193	0.873501	0.034888	0.000000	0.000000	0.000060
126	0.010338	0.000023	0.007391	0.072325	0.875069	0.034806	0.000000	0.000000	0.000048
127	0.009551	0.000020	0.006915	0.072346	0.876331	0.034796	0.000000	0.000000	0.000041
128	0.008958	0.000016	0.006363	0.072384	0.877108	0.035136	0.000000	0.000000	0.000035
129	0.008289	0.000012	0.005965	0.072378	0.878470	0.034849	0.000000	0.000000	0.000037
130	0.007620	0.000016	0.005513	0.072593	0.879075	0.035148	0.000000	0.000000	0.000035
131	0.007045	0.000019	0.005116	0.072665	0.880171	0.034951	0.000000	0.000000	0.000033
132	0.006353	0.000015	0.004748	0.072479	0.881310	0.035058	0.000000	0.000000	0.000037
133	0.005806	0.000016	0.004404	0.072408	0.882260	0.035079	0.000000	0.000000	0.000027
134	0.005319	0.000015	0.004046	0.072490	0.882940	0.035161	0.000000	0.000000	0.000029
135	0.004884	0.000008	0.003685	0.072584	0.883555	0.035260	0.000000	0.000000	0.000024
136	0.004465	0.000011	0.003394	0.072511	0.884265	0.035332	0.000000	0.000000	0.000022
137	0.004152	0.000010	0.003036	0.072609	0.884991	0.035185	0.000000	0.000000	0.000017
138	0.003874	0.000007	0.002811	0.072751	0.885491	0.035047	0.000000	0.000000	0.000019
139	0.003544	0.000010	0.002603	0.073138	0.885812	0.034876	0.000000	0.000000	0.000017
140	0.003268	0.000010	0.002431	0.073018	0.886355	0.034899	0.000000	0.000000	0.000019
141	0.003083	0.000015	0.002244	0.073308	0.886424	0.034916	0.000000	0.000000	0.000010
142	0.002777	0.000017	0.002055	0.073390	0.886750	0.035004	0.000000	0.000000	0.000007
143	0.002580	0.000015	0.001843	0.073176	0.887402	0.034980	0.000000	0.000000	0.000004
144	0.002344	0.000017	0.001693	0.073120	0.887629	0.035193	0.000000	0.000000	0.000004
145	0.002163	0.000012	0.001613	0.073437	0.887474	0.035297	0.000000	0.000000	0.000004
146	0.002011	0.000013	0.001498	0.073211	0.887969	0.035296	0.000000	0.000000	0.000002
147	0.001870	0.000011	0.001402	0.073107	0.888379	0.035229	0.000000	0.000000	0.000002
148	0.001732	0.000007	0.001291	0.073039	0.888792	0.035137	0.000000	0.000000	0.000002
149	0.001555	0.000006	0.001186	0.073059	0.889149	0.035042	0.000000	0.000000	0.000003
150	0.001415	0.000007	0.001083	0.073199	0.889047	0.035248	0.000000	0.000000	0.000001
151	0.001298	0.000004	0.000969	0.073218	0.889085	0.035425	0.000000	0.000000	0.000001
152	0.001168	0.000003	0.000900	0.073079	0.889581	0.035269	0.000000	0.000000	0.000000
153	0.001068	0.000004	0.000812	0.073079	0.889564	0.035473	0.000000	0.000000	0.000000
154	0.000975	0.000004	0.000727	0.073221	0.889746	0.035327	0.000000	0.000000	0.000000
155	0.000931	0.000003	0.000652	0.073402	0.889619	0.035393	0.000000	0.000000	0.000000
156	0.000882	0.000002	0.000582	0.073129	0.890169	0.035236	0.000000	0.000000	0.000000
157	0.000809	0.000002	0.000556	0.073450	0.889678	0.035505	0.000000	0.000000	0.000000
158	0.000731	0.000000	0.000514	0.073107	0.889947	0.035701	0.000000	0.000000	0.000000
159	0.000691	0.000000	0.000447	0.073125	0.889923	0.035814	0.000000	0.000000	0.000000
160	0.000647	0.000000	0.000423	0.073079	0.890197	0.035654	0.000000	0.000000	0.000000
161	0.000622	0.000000	0.000384	0.073037	0.890221	0.035736	0.000000	0.000000	0.000000
162	0.000553	0.000000	0.000378	0.072585	0.890922	0.035562	0.000000	0.000000	0.000000
163	0.000520	0.000000	0.000337	0.072704	0.890847	0.035592	0.000000	0.000000	0.000000
164	0.000476	0.000000	0.000343	0.072739	0.890860	0.035582	0.000000	0.000000	0.000000
165	0.000445	0.000000	0.000303	0.073210	0.890527	0.035515	0.000000	0.000000	0.000000
166	0.000389	0.000000	0.000284	0.072979	0.890690	0.035658	0.000000	0.000000	0.000000
167	0.000348	0.000000	0.000266	0.073012	0.890651	0.035723	0.000000	0.000000	0.000000
168	0.000320	0.000000	0.000248	0.072894	0.890980	0.035558	0.000000	0.000000	0.000000
169	0.000300	0.000000	0.000250	0.072622	0.891168	0.035660	0.000000	0.000000	0.000000
170	0.000290	0.000000	0.000236	0.072727	0.891219	0.035528	0.000000	0.000000	0.000000
171	0.000269	0.000000	0.000206	0.072249	0.891681	0.035595	0.000000	0.000000	0.000000
172	0.000255	0.000000	0.000192	0.072603	0.891184	0.035766	0.000000	0.000000	0.000000
173	0.000249	0.000000	0.000172	0.072610	0.891290	0.035679	0.000000	0.000000	0.000000
174	0.000231	0.000000	0.000151	0.072957	0.891260	0.035401	0.000000	0.000000	0.000000
175	0.000229	0.000000	0.000130	0.072747	0.891591	0.035303	0.000000	0.000000	0.000000
176	0.000227	0.000000	0.000118	0.072653	0.891631	0.035371	0.000000	0.000000	0.000000
177	0.000218	0.000000	0.000108	0.072382	0.891851	0.035441	0.000000	0.000000	0.000000
178	0.000204	0.000000	0.000105	0.072543	0.891782	0.035366	0.000000	0.000000	0.000000
179	0.000175	0.000000	0.000098	0.072489	0.891963	0.035275	0.000000	0.000000	0.000000
180	0.000152	0.000000	0.000084	0.072384	0.891909	0.035471	0.000000	0.000000	0.000000
181	0.000134	0.000000	0.000086	0.072479	0.891602	0.035699	0.000000	0.000000	0.000000
182	0.000111	0.000000	0.000088	0.072499	0.891645	0.035657	0.000000	0.000000	0.000000
183	0.000104	0.000000	0.000081	0.072643	0.891958	0.035214	0.000000	0.000000	0.000000
184	0.000099	0.000000	0.000075	0.072442	0.892004	0.035380	0.000000	0.000000	0.000000
185	0.000100	0.000000	0.000071	0.072193	0.892230	0.035406	0.000000	0.000000	0.000000
186	0.000086	0.000000	0.000060	0.072263	0.892195	0.035396	0.000000	0.000000	0.000000
187	0.000090	0.000000	0.000060	0.072322	0.892356	0.035172	0.000000	0.000000	0.000000
188	0.000087	0.000000	0.000052	0.072007	0.892671	0.035183	0.000000	0.000000	0.000000
189	0.000097	0.000000	0.000052	0.071815	0.892819	0.035217	0.000000	0.000000	0.000000
190	0.000097	0.000000	0.000042	0.071636	0.892587	0.035638	0.000000	0.000000	0.000000
191	0.000097	0.000000	0.000040	0.071739	0.892438	0.035686	0.000000	0.000000	0.000000
192	0.000090	0.000000	0.000039	0.071891	0.892343	0.035637	0.000000	0.000000	0.000000
193	0.000079	0.000000	0.000030	0.071935	0.892501	0.035455	0.000000	0.000000	0.000000
194	0.000072	0.000000	0.000030	0.071844	0.892480	0.035574	0.000000	0.000000	0.000000
195	0.000060	0.000000	0.000032	0.071813	0.892380	0.035715	0.000000	0.000000	0.000000
196	0.000075	0.000000	0.000025	0.071664	0.892740	0.035496	0.000000	0.000000	0.000000
197	0.000070	0.000000	0.000019	0.071853	0.892687	0.035371	0.000000	0.000000	0.000000
198	0.000069	0.000000	0.000016	0.072028	0.892398	0.035489	0.000000	0.000000	0.000000
199	0.000069	0.000000	0.000011	0.072043	0.892449	0.035428	0.000000	0.000000	0.000000
200	0.000067	0.000000	0.000011	0.072036	0.892414	0.035472	0.000000	0.000000	0.000000
201	0.000069	0.000000	0.000010	0.072067	0.892579	0.035275	0.000000	0.000000	0.000000
202	0.000051	0.000000	0.000012	0.071887	0.892960	0.035090	0.000000	0.000000	0.000000
203	0.000049	0.000000	0.000010	0.071758	0.892956	0.035227	0.000000	0.000000	0.000000
204	0.000047	0.000000	0.000011	0.071859	0.892874	0.035209	0.000000	0.000000	0.000000
205	0.000035	0.000000	0.000011	0.072089	0.892655	0.035210	0.000000	0.000000	0.000000
206	0.000033	0.000000	0.000007	0.071966	0.892805	0.035189	0.000000	0.000000	0.000000
207	0.000027	0.000000	0.000007	0.071819	0.892878	0.035269	0.000000	0.000000	0.000000
208	0.000023	0.000000	0.000006	0.071934	0.892887	0.035150	0.000000	0.000000	0.000000
209	0.000023	0.000000	0.000007	0.071876	0.893115	0.034979	0.000000	0.000000	0.000000
210	0.000020	0.000000	0.000005	0.071634	0.893086	0.035255	0.000000	0.000000	0.000000
211	0.000015	0.000000	0.000004	0.071643	0.893016	0.035322	0.000000	0.000000	0.000000
212	0.000015	0.000000	0.000001	0.071698	0.892815	0.035471	0.000000	0.000000	0.000000
213	0.000017	0.000000	0.000000	0.071482	0.892958	0.035543	0.000000	0.000000	0.000000
214	0.000014	0.000000	0.000000	0.071347	0.892980	0.035659	0.000000	0.000000	0.000000
215	0.000017	0.000000	0.000000	0.071561	0.893008	0.035414	0.000000	0.000000	0.000000
216	0.000018	0.000000	0.000000	0.071664	0.892977	0.035341	0.000000	0.000000	0.000000
217	0.000016	0.000000	0.000000	0.071584	0.892986	0.035414	0.000000	0.000000	0.000000
218	0.000012	0.000000	0.000000	0.071497	0.892906	0.035585	0.000000	0.000000	0.000000
219	0.000014	0.000000	0.000000	0.071071	0.893354	0.035561	0.000000	0.000000	0.000000
220	0.000009	0.000000	0.000000	0.070875	0.893742	0.035374	0.000000	0.000000	0.000000
221	0.000007	0.000000	0.000000	0.070704	0.893555	0.035734	0.000000	0.000000	0.000000
222	0.000006	0.000000	0.000000	0.070614	0.893841	0.035539	0.000000	0.000000	0.000000
223	0.000005	0.000000	0.000000	0.070507	0.894019	0.035469	0.000000	0.000000	0.000000
224	0.000006	0.000000	0.000000	0.070552	0.894169	0.035273	0.000000	0.000000	0.000000
225	0.000007	0.000000	0.000000	0.070673	0.893903	0.035417	0.000000	0.000000	0.000000
226	0.000007	0.000000	0.000000	0.070830	0.893839	0.035324	0.000000	0.000000	0.000000
227	0.000005	0.000000	0.000000	0.071135	0.893867	0.034993	0.000000	0.000000	0.000000
228	0.000007	0.000000	0.000000	0.071135	0.893775	0.035083	0.000000	0.000000	0.000000
229	0.000006	0.000000	0.000000	0.070949	0.894084	0.034961	0.000000	0.000000	0.000000
230	0.000005	0.000000	0.000000	0.071039	0.893963	0.034993	0.000000	0.000000	0.000000
231	0.000007	0.000000	0.000000	0.071010	0.893752	0.035231	0.000000	0.000000	0.000000
232	0.000010	0.000000	0.000000	0.070967	0.893947	0.035076	0.000000	0.000000	0.000000
233	0.000007	0.000000	0.000000	0.071062	0.893852	0.035079	0.000000	0.000000	0.000000
234	0.000009	0.000000	0.000000	0.070736	0.893997	0.035258	0.000000	0.000000	0.000000
235	0.000009	0.000000	0.000000	0.070898	0.893905	0.035188	0.000000	0.000000	0.000000
236	0.000009	0.000000	0.000000	0.071180	0.893623	0.035188	0.000000	0.000000	0.000000
237	0.000008	0.000000	0.000000	0.071265	0.893496	0.035231	0.000000	0.000000	0.000000
238	0.000011	0.000000	0.000000	0.071069	0.893701	0.035219	0.000000	0.000000	0.000000
239	0.000017	0.000000	0.000000	0.071324	0.893332	0.035327	0.000000	0.000000	0.000000
240	0.000016	0.000000	0.000000	0.071611	0.893061	0.035312	0.000000	0.000000	0.000000
241	0.000013	0.000000	0.000000	0.071684	0.892970	0.035333	0.000000	0.000000	0.000000
242	0.000012	0.000000	0.000000	0.071038	0.893402	0.035548	0.000000	0.000000	0.000000
243	0.000012	0.000000	0.000000	0.070983	0.893617	0.035388	0.000000	0.000000	0.000000
244	0.000012	0.000000	0.000000	0.071041	0.893569	0.035378	0.000000	0.000000	0.000000
245	0.000011	0.000000	0.000000	0.070827	0.893557	0.035605	0.000000	0.000000	0.000000
246	0.000013	0.000000	0.000000	0.070718	0.893666	0.035603	0.000000	0.000000	0.000000
247	0.000010	0.000000	0.000000	0.070968	0.893516	0.035506	0.000000	0.000000	0.000000
248	0.000010	0.000000	0.000000	0.071243	0.893286	0.035461	0.000000	0.000000	0.000000
249	0.000011	0.000000	0.000000	0.070869	0.893639	0.035481	0.000000	0.000000	0.000000
250	0.000012	0.000000	0.000000	0.071094	0.893403	0.035491	0.000000	0.000000	0.000000
251	0.000010	0.000000	0.000000	0.070615	0.893984	0.035391	0.000000	0.000000	0.000000
252	0.000007	0.000000	0.000000	0.070810	0.893872	0.035311	0.000000	0.000000	0.000000
253	0.000005	0.000000	0.000000	0.070707	0.893717	0.035571	0.000000	0.000000	0.000000
254	0.000008	0.000000	0.000000	0.070779	0.893611	0.035602	0.000000	0.000000	0.000000
255	0.000006	0.000000	0.000000	0.070753	0.893680	0.035561	0.000000	0.000000	0.000000
256	0.000009	0.000000	0.000000	0.070797	0.893559	0.035635	0.000000	0.000000	0.000000
257	0.000007	0.000000	0.000000	0.071057	0.893141	0.035795	0.000000	0.000000	0.000000
258	0.000006	0.000000	0.000000	0.071347	0.893019	0.035628	0.000000	0.000000	0.000000
259	0.000009	0.000000	0.000000	0.071240	0.893273	0.035478	0.000000	0.000000	0.000000
260	0.000009	0.000000	0.000000	0.071637	0.892824	0.035530	0.000000	0.000000	0.000000
261	0.000008	0.000000	0.000000	0.071773	0.892589	0.035630	0.000000	0.000000	0.000000
262	0.000010	0.000000	0.000000	0.071732	0.892881	0.035377	0.000000	0.000000	0.000000
263	0.000010	0.000000	0.000000	0.071639	0.892984	0.035367	0.000000	0.000000	0.000000
264	0.000008	0.000000	0.000000	0.071521	0.892847	0.035624	0.000000	0.000000	0.000000
265	0.000007	0.000000	0.000000	0.071636	0.892619	0.035738	0.000000	0.000000	0.000000
266	0.000005	0.000000	0.000000	0.071380	0.893072	0.035543	0.000000	0.000000	0.000000
267	0.000004	0.000000	0.000000	0.071391	0.892812	0.035793	0.000000	0.000000	0.000000
268	0.000005	0.000000	0.000000	0.071826	0.892468	0.035701	0.000000	0.000000	0.000000
269	0.000003	0.000000	0.000000	0.072013	0.892280	0.035704	0.000000	0.000000	0.000000
270	0.000002	0.000000	0.000000	0.071916	0.892544	0.035538	0.000000	0.000000	0.000000
271	0.000004	0.000000	0.000000	0.072148	0.892296	0.035552	0.000000	0.000000	0.000000
272	0.000002	0.000000	0.000000	0.071766	0.892717	0.035515	0.000000	0.000000	0.000000
273	0.000001	0.000000	0.000000	0.071707	0.892787	0.035505	0.000000	0.000000	0.000000
274	0.000002	0.000000	0.000000	0.071605	0.892928	0.035465	0.000000	0.000000	0.000000
275	0.000000	0.000000	0.000000	0.071421	0.892849	0.035730	0.000000	0.000000	0.000000
276	0.000000	0.000000	0.000000	0.071712	0.892848	0.035440	0.000000	0.000000	0.000000
277	0.000000	0.000000	0.000000	0.071870	0.892245	0.035885	0.000000	0.000000	0.000000
278	0.000000	0.000000	0.000000	0.071952	0.892095	0.035953	0.000000	0.000000	0.000000
279	0.000000	0.000000	0.000000	0.071834	0.892463	0.035703	0.000000	0.000000	0.000000
280	0.000000	0.000000	0.000000	0.072186	0.892284	0.035530	0.000000	0.000000	0.000000
281	0.000000	0.000000	0.000000	0.072363	0.892184	0.035453	0.000000	0.000000	0.000000
282	0.000000	0.000000	0.000000	0.072123	0.892270	0.035607	0.000000	0.000000	0.000000
283	0.000000	0.000000	0.000000	0.071821	0.892444	0.035735	0.000000	0.000000	0.000000
284	0.000000	0.000000	0.000000	0.071703	0.892571	0.035726	0.000000	0.000000	0.000000
285	0.000000	0.000000	0.000000	0.071892	0.892298	0.035810	0.000000	0.000000	0.000000
286	0.000000	0.000000	0.000000	0.072088	0.892142	0.035770	0.000000	0.000000	0.000000
287	0.000000	0.000000	0.000000	0.072220	0.892138	0.035642	0.000000	0.000000	0.000000
288	0.000000	0.000000	0.000000	0.072025	0.892374	0.035601	0.000000	0.000000	0.000000
289	0.000000	0.000000	0.000000	0.072239	0.892006	0.035755	0.000000	0.000000	0.000000
290	0.000000	0.000000	0.000000	0.072151	0.892102	0.035747	0.000000	0.000000	0.000000
291	0.000000	0.000000	0.000000	0.072208	0.891881	0.035911	0.000000	0.000000	0.000000
292	0.000000	0.000000	0.000000	0.072584	0.891432	0.035984	0.000000	0.000000	0.000000
293	0.000000	0.000000	0.000000	0.072552	0.891478	0.035970	0.000000	0.000000	0.000000
294	0.000000	0.000000	0.000000	0.072072	0.891917	0.036011	0.000000	0.000000	0.000000
295	0.000000	0.000000	0.000000	0.072039	0.891793	0.036168	0.000000	0.000000	0.000000
296	0.000000	0.000000	0.000000	0.072174	0.891854	0.035972	0.000000	0.000000	0.000000
297	0.000000	0.000000	0.000000	0.072462	0.891549	0.035989	0.000000	0.000000	0.000000
298	0.000000	0.000000	0.000000	0.072510	0.891385	0.036105	0.000000	0.000000	0.000000
299	0.000000	0.000000	0.000000	0.072449	0.891631	0.035920	0.000000	0.000000	0.000000
300	0.000000	0.000000	0.000000	0.072721	0.891076	0.036203	0.000000	0.000000	0.000000
301	0.000000	0.000000	0.000000	0.072643	0.891258	0.036099	0.000000	0.000000	0.000000
302	0.000000	0.000000	0.000000	0.072414	0.891734	0.035852	0.000000	0.000000	0.000000
303	0.000000	0.000000	0.000000	0.072488	0.891612	0.035900	0.000000	0.000000	0.000000
304	0.000000	0.000000	0.000000	0.072498	0.891406	0.036096	0.000000	0.000000	0.000000
305	0.000000	0.000000	0.000000	0.072451	0.891547	0.036002	0.000000	0.000000	0.000000
306	0.000000	0.000000	0.000000	0.072761	0.891117	0.036122	0.000000	0.000000	0.000000
307	0.000000	0.000000	0.000000	0.072759	0.891056	0.036185	0.000000	0.000000	0.000000
308	0.000000	0.000000	0.000000	0.072808	0.891026	0.036166	0.000000	0.000000	0.000000
309	0.000000	0.000000	0.000000	0.072609	0.891134	0.036257	0.000000	0.000000	0.000000
310	0.000000	0.000000	0.000000	0.072749	0.890968	0.036283	0.000000	0.000000	0.000000
311	0.000000	0.000000	0.000000	0.072298	0.891471	0.036231	0.000000	0.000000	0.000000
312	0.000000	0.000000	0.000000	0.072255	0.891382	0.036363	0.000000	0.000000	0.000000
313	0.000000	0.000000	0.000000	0.072281	0.891294	0.036425	0.000000	0.000000	0.000000
314	0.000000	0.000000	0.000000	0.072177	0.891509	0.036314	0.000000	0.000000	0.000000
315	0.000000	0.000000	0.000000	0.072243	0.891407	0.036350	0.000000	0.000000	0.000000
316	0.000000	0.000000	0.000000	0.072312	0.891572	0.036116	0.000000	0.000000	0.000000
317	0.000000	0.000000	0.000000	0.072536	0.891647	0.035817	0.000000	0.000000	0.000000
318	0.000000	0.000000	0.000000	0.072710	0.891699	0.035591	0.000000	0.000000	0.000000
319	0.000000	0.000000	0.000000	0.072695	0.891651	0.035654	0.000000	0.000000	0.000000
320	0.000000	0.000000	0.000000	0.072623	0.891993	0.035384	0.000000	0.000000	0.000000
321	0.000000	0.000000	0.000000	0.072724	0.891965	0.035311	0.000000	0.000000	0.000000
322	0.000000	0.000000	0.000000	0.072964	0.891674	0.035362	0.000000	0.000000	0.000000
323	0.000000	0.000000	0.000000	0.072817	0.891543	0.035640	0.000000	0.000000	0.000000
324	0.000000	0.000000	0.000000	0.072797	0.891555	0.035648	0.000000	0.000000	0.000000
325	0.000000	0.000000	0.000000	0.072816	0.891715	0.035469	0.000000	0.000000	0.000000
326	0.000000	0.000000	0.000000	0.072844	0.891755	0.035401	0.000000	0.000000	0.000000
327	0.000000	0.000000	0.000000	0.072816	0.891861	0.035323	0.000000	0.000000	0.000000
328	0.000000	0.000000	0.000000	0.072855	0.891810	0.035335	0.000000	0.000000	0.000000
329	0.000000	0.000000	0.000000	0.072785	0.891717	0.035498	0.000000	0.000000	0.000000
330	0.000000	0.000000	0.000000	0.072616	0.892060	0.035324	0.000000	0.000000	0.000000
331	0.000000	0.000000	0.000000	0.072731	0.891721	0.035548	0.000000	0.000000	0.000000
332	0.000000	0.000000	0.000000	0.072752	0.891732	0.035516	0.000000	0.000000	0.000000
333	0.000000	0.000000	0.000000	0.072863	0.891763	0.035374	0.000000	0.000000	0.000000
334	0.000000	0.000000	0.000000	0.073056	0.891427	0.035517	0.000000	0.000000	0.000000
335	0.000000	0.000000	0.000000	0.073191	0.891107	0.035702	0.000000	0.000000	0.000000
336	0.000000	0.000000	0.000000	0.073107	0.890923	0.035970	0.000000	0.000000	0.000000
337	0.000000	0.000000	0.000000	0.072877	0.891433	0.035690	0.000000	0.000000	0.000000
338	0.000000	0.000000	0.000000	0.072994	0.891433	0.035573	0.000000	0.000000	0.000000
339	0.000000	0.000000	0.000000	0.073015	0.891031	0.035954	0.000000	0.000000	0.000000
340	0.000000	0.000000	0.000000	0.072810	0.891171	0.036019	0.000000	0.000000	0.000000
341	0.000000	0.000000	0.000000	0.073019	0.890926	0.036055	0.000000	0.000000	0.000000
342	0.000000	0.000000	0.000000	0.073027	0.891062	0.035911	0.000000	0.000000	0.000000
343	0.000000	0.000000	0.000000	0.073201	0.890776	0.036023	0.000000	0.000000	0.000000
344	0.000000	0.000000	0.000000	0.073246	0.890709	0.036045	0.000000	0.000000	0.000000
345	0.000000	0.000000	0.000000	0.073384	0.890424	0.036192	0.000000	0.000000	0.000000
346	0.000000	0.000000	0.000000	0.072873	0.891092	0.036035	0.000000	0.000000	0.000000
347	0.000000	0.000000	0.000000	0.072767	0.890968	0.036265	0.000000	0.000000	0.000000
348	0.000000	0.000000	0.000000	0.073072	0.890537	0.036391	0.000000	0.000000	0.000000
349	0.000000	0.000000	0.000000	0.072903	0.890694	0.036403	0.000000	0.000000	0.000000
350	0.000000	0.000000	0.000000	0.072936	0.890557	0.036507	0.000000	0.000000	0.000000
351	0.000000	0.000000	0.000000	0.072751	0.890889	0.036360	0.000000	0.000000	0.000000
352	0.000000	0.000000	0.000000	0.072776	0.890917	0.036307	0.000000	0.000000	0.000000
353	0.000000	0.000000	0.000000	0.073008	0.890756	0.036236	0.000000	0.000000	0.000000
354	0.000000	0.000000	0.000000	0.072894	0.890917	0.036189	0.000000	0.000000	0.000000
355	0.000000	0.000000	0.000000	0.072786	0.890963	0.036251	0.000000	0.000000	0.000000
356	0.000000	0.000000	0.000000	0.072626	0.891196	0.036178	0.000000	0.000000	0.000000
357	0.000000	0.000000	0.000000	0.072639	0.891025	0.036336	0.000000	0.000000	0.000000
358	0.000000	0.000000	0.000000	0.073037	0.890522	0.036441	0.000000	0.000000	0.000000
359	0.000000	0.000000	0.000000	0.072934	0.890639	0.036427	0.000000	0.000000	0.000000
360	0.000000	0.000000	0.000000	0.073074	0.890494	0.036432	0.000000	0.000000	0.000000
361	0.000000	0.000000	0.000000	0.073112	0.890465	0.036423	0.000000	0.000000	0.000000
362	0.000000	0.000000	0.000000	0.073084	0.890472	0.036444	0.000000	0.000000	0.000000
363	0.000000	0.000000	0.000000	0.073177	0.890319	0.036504	0.000000	0.000000	0.000000
364	0.000000	0.000000	0.000000	0.073008	0.890324	0.036668	0.000000	0.000000	0.000000
365	0.000000	0.000000	0.000000	0.073146	0.890182	0.036672	0.000000	0.000000	0.000000
366	0.000000	0.000000	0.000000	0.073374	0.889793	0.036833	0.000000	0.000000	0.000000
367	0.000000	0.000000	0.000000	0.073608	0.889702	0.036690	0.000000	0.000000	0.000000
368	0.000000	0.000000	0.000000	0.073485	0.889793	0.036722	0.000000	0.000000	0.000000
369	0.000000	0.000000	0.000000	0.073738	0.889764	0.036498	0.000000	0.000000	0.000000
370	0.000000	0.000000	0.000000	0.073548	0.889869	0.036583	0.000000	0.000000	0.000000
371	0.000000	0.000000	0.000000	0.073842	0.889760	0.036398	0.000000	0.000000	0.000000
372	0.000000	0.000000	0.000000	0.073493	0.890146	0.036361	0.000000	0.000000	0.000000
373	0.000000	0.000000	0.000000	0.073369	0.890177	0.036454	0.000000	0.000000	0.000000
374	0.000000	0.000000	0.000000	0.073350	0.890091	0.036559	0.000000	0.000000	0.000000
375	0.000000	0.000000	0.000000	0.073091	0.890353	0.036556	0.000000	0.000000	0.000000
376	0.000000	0.000000	0.000000	0.073184	0.890378	0.036438	0.000000	0.000000	0.000000
377	0.000000	0.000000	0.000000	0.072973	0.890541	0.036486	0.000000	0.000000	0.000000
378	0.000000	0.000000	0.000000	0.072605	0.890862	0.036533	0.000000	0.000000	0.000000
379	0.000000	0.000000	0.000000	0.072900	0.890540	0.036560	0.000000	0.000000	0.000000
380	0.000000	0.000000	0.000000	0.072773	0.890705	0.036522	0.000000	0.000000	0.000000
381	0.000000	0.000000	0.000000	0.072712	0.890773	0.036515	0.000000	0.000000	0.000000
382	0.000000	0.000000	0.000000	0.072735	0.890656	0.036609	0.000000	0.000000	0.000000
383	0.000000	0.000000	0.000000	0.072880	0.890448	0.036672	0.000000	0.000000	0.000000
384	0.000000	0.000000	0.000000	0.072818	0.890718	0.036464	0.000000	0.000000	0.000000
385	0.000000	0.000000	0.000000	0.072748	0.890781	0.036471	0.000000	0.000000	0.000000
386	0.000000	0.000000	0.000000	0.072409	0.891260	0.036331	0.000000	0.000000	0.000000
387	0.000000	0.000000	0.000000	0.072534	0.891235	0.036231	0.000000	0.000000	0.000000
388	0.000000	0.000000	0.000000	0.072459	0.891163	0.036378	0.000000	0.000000	0.000000
389	0.000000	0.000000	0.000000	0.072198	0.891336	0.036466	0.000000	0.000000	0.000000
390	0.000000	0.000000	0.000000	0.072208	0.891516	0.036276	0.000000	0.000000	0.000000
391	0.000000	0.000000	0.000000	0.072132	0.891473	0.036395	0.000000	0.000000	0.000000
392	0.000000	0.000000	0.000000	0.072074	0.891622	0.036304	0.000000	0.000000	0.000000
393	0.000000	0.000000	0.000000	0.072346	0.891476	0.036178	0.000000	0.000000	0.000000
394	0.000000	0.000000	0.000000	0.072311	0.891561	0.036128	0.000000	0.000000	0.000000
395	0.000000	0.000000	0.000000	0.072219	0.891417	0.036364	0.000000	0.000000	0.000000
396	0.000000	0.000000	0.000000	0.071883	0.891909	0.036208	0.000000	0.000000	0.000000
397	0.000000	0.000000	0.000000	0.071708	0.892119	0.036173	0.000000	0.000000	0.000000
398	0.000000	0.000000	0.000000	0.072129	0.891684	0.036187	0.000000	0.000000	0.000000
399	0.000000	0.000000	0.000000	0.072237	0.891650	0.036113	0.000000	0.000000	0.000000
400	0.000000	0.000000	0.000000	0.072329	0.891473	0.036198	0.000000	0.000000	0.000000
401	0.000000	0.000000	0.000000	0.072269	0.891543	0.036188	0.000000	0.000000	0.000000
402	0.000000	0.000000	0.000000	0.072797	0.890776	0.036427	0.000000	0.000000	0.000000
403	0.000000	0.000000	0.000000	0.072694	0.890887	0.036419	0.000000	0.000000	0.000000
404	0.000000	0.000000	0.000000	0.072566	0.891062	0.036372	0.000000	0.000000	0.000000
405	0.000000	0.000000	0.000000	0.072885	0.890935	0.036180	0.000000	0.000000	0.000000
406	0.000000	0.000000	0.000000	0.072779	0.891133	0.036088	0.000000	0.000000	0.000000
407	0.000000	0.000000	0.000000	0.072775	0.891227	0.035998	0.000000	0.000000	0.000000
408	0.000000	0.000000	0.000000	0.072556	0.891419	0.036025	0.000000	0.000000	0.000000
409	0.000000	0.000000	0.000000	0.072695	0.891260	0.036045	0.000000	0.000000	0.000000
410	0.000000	0.000000	0.000000	0.072509	0.891603	0.035888	0.000000	0.000000	0.000000
411	0.000000	0.000000	0.000000	0.072418	0.891682	0.035900	0.000000	0.000000	0.000000
412	0.000000	0.000000	0.000000	0.072605	0.891354	0.036041	0.000000	0.000000	0.000000
413	0.000000	0.000000	0.000000	0.072569	0.891237	0.036194	0.000000	0.000000	0.000000
414	0.000000	0.000000	0.000000	0.072806	0.891127	0.036067	0.000000	0.000000	0.000000
415	0.000000	0.000000	0.000000	0.072732	0.891165	0.036103	0.000000	0.000000	0.000000
416	0.000000	0.000000	0.000000	0.072956	0.890913	0.036131	0.000000	0.000000	0.000000
417	0.000000	0.000000	0.000000	0.073083	0.890663	0.036254	0.000000	0.000000	0.000000
418	0.000000	0.000000	0.000000	0.072990	0.890496	0.036514	0.000000	0.000000	0.000000
419	0.000000	0.000000	0.000000	0.072877	0.890696	0.036427	0.000000	0.000000	0.000000
420	0.000000	0.000000	0.000000	0.072672	0.890835	0.036493	0.000000	0.000000	0.000000
421	0.000000	0.000000	0.000000	0.072367	0.891008	0.036625	0.000000	0.000000	0.000000
422	0.000000	0.000000	0.000000	0.072389	0.891096	0.036515	0.000000	0.000000	0.000000
423	0.000000	0.000000	0.000000	0.072679	0.890701	0.036620	0.000000	0.000000	0.000000
424	0.000000	0.000000	0.000000	0.072620	0.890561	0.036819	0.000000	0.000000	0.000000
425	0.000000	0.000000	0.000000	0.072699	0.890454	0.036847	0.000000	0.000000	0.000000
426	0.000000	0.000000	0.000000	0.072739	0.890425	0.036836	0.000000	0.000000	0.000000
427	0.000000	0.000000	0.000000	0.073027	0.890276	0.036697	0.000000	0.000000	0.000000
428	0.000000	0.000000	0.000000	0.073336	0.889860	0.036804	0.000000	0.000000	0.000000
429	0.000000	0.000000	0.000000	0.073142	0.890077	0.036781	0.000000	0.000000	0.000000
430	0.000000	0.000000	0.000000	0.073067	0.890221	0.036712	0.000000	0.000000	0.000000
431	0.000000	0.000000	0.000000	0.073137	0.889987	0.036876	0.000000	0.000000	0.000000
432	0.000000	0.000000	0.000000	0.072957	0.890283	0.036760	0.000000	0.000000	0.000000
433	0.000000	0.000000	0.000000	0.072858	0.890525	0.036617	0.000000	0.000000	0.000000
434	0.000000	0.000000	0.000000	0.073149	0.890265	0.036586	0.000000	0.000000	0.000000
435	0.000000	0.000000	0.000000	0.073380	0.890060	0.036560	0.000000	0.000000	0.000000
436	0.000000	0.000000	0.000000	0.073268	0.890300	0.036432	0.000000	0.000000	0.000000
437	0.000000	0.000000	0.000000	0.073073	0.890630	0.036297	0.000000	0.000000	0.000000
438	0.000000	0.000000	0.000000	0.072984	0.890774	0.036242	0.000000	0.000000	0.000000
439	0.000000	0.000000	0.000000	0.073109	0.890474	0.036417	0.000000	0.000000	0.000000
440	0.000000	0.000000	0.000000	0.073100	0.890306	0.036594	0.000000	0.000000	0.000000
441	0.000000	0.000000	0.000000	0.073285	0.890346	0.036369	0.000000	0.000000	0.000000
442	0.000000	0.000000	0.000000	0.073024	0.890772	0.036204	0.000000	0.000000	0.000000
443	0.000000	0.000000	0.000000	0.073070	0.890682	0.036248	0.000000	0.000000	0.000000
444	0.000000	0.000000	0.000000	0.073031	0.890921	0.036048	0.000000	0.000000	0.000000
445	0.000000	0.000000	0.000000	0.073108	0.890674	0.036218	0.000000	0.000000	0.000000
446	0.000000	0.000000	0.000000	0.073132	0.890673	0.036195	0.000000	0.000000	0.000000
447	0.000000	0.000000	0.000000	0.073086	0.890682	0.036232	0.000000	0.000000	0.000000
448	0.000000	0.000000	0.000000	0.072972	0.891097	0.035931	0.000000	0.000000	0.000000
449	0.000000	0.000000	0.000000	0.073441	0.890460	0.036099	0.000000	0.000000	0.000000
450	0.000000	0.000000	0.000000	0.073443	0.890796	0.035761	0.000000	0.000000	0.000000
451	0.000000	0.000000	0.000000	0.073612	0.890621	0.035767	0.000000	0.000000	0.000000
452	0.000000	0.000000	0.000000	0.073667	0.890526	0.035807	0.000000	0.000000	0.000000
453	0.000000	0.000000	0.000000	0.073491	0.890622	0.035887	0.000000	0.000000	0.000000
454	0.000000	0.000000	0.000000	0.073160	0.891186	0.035654	0.000000	0.000000	0.000000
455	0.000000	0.000000	0.000000	0.073206	0.890871	0.035923	0.000000	0.000000	0.000000
456	0.000000	0.000000	0.000000	0.072968	0.891287	0.035745	0.000000	0.000000	0.000000
457	0.000000	0.000000	0.000000	0.072958	0.891144	0.035898	0.000000	0.000000	0.000000
458	0.000000	0.000000	0.000000	0.072907	0.891062	0.036031	0.000000	0.000000	0.000000
459	0.000000	0.000000	0.000000	0.073179	0.891113	0.035708	0.000000	0.000000	0.000000
460	0.000000	0.000000	0.000000	0.072951	0.891348	0.035701	0.000000	0.000000	0.000000
461	0.000000	0.000000	0.000000	0.072935	0.891284	0.035781	0.000000	0.000000	0.000000
462	0.000000	0.000000	0.000000	0.072775	0.891635	0.035590	0.000000	0.000000	0.000000
463	0.000000	0.000000	0.000000	0.072288	0.891907	0.035805	0.000000	0.000000	0.000000
464	0.000000	0.000000	0.000000	0.072168	0.892305	0.035527	0.000000	0.000000	0.000000
465	0.000000	0.000000	0.000000	0.072077	0.892394	0.035529	0.000000	0.000000	0.000000
466	0.000000	0.000000	0.000000	0.071971	0.892603	0.035426	0.000000	0.000000	0.000000
467	0.000000	0.000000	0.000000	0.071809	0.892854	0.035337	0.000000	0.000000	0.000000
468	0.000000	0.000000	0.000000	0.071942	0.892794	0.035264	0.000000	0.000000	0.000000
469	0.000000	0.000000	0.000000	0.071853	0.892915	0.035232	0.000000	0.000000	0.000000
470	0.000000	0.000000	0.000000	0.071993	0.893087	0.034920	0.000000	0.000000	0.000000
