0	0.290663	0.057897	0.229473	0.157588	0.029913	0.111872	0.085455	0.012259	0.024880
1	0.214502	0.044340	0.188506	0.136563	0.028321	0.120890	0.136943	0.026655	0.103280
2	0.200482	0.041166	0.174395	0.128300	0.028112	0.114031	0.154704	0.029790	0.129020
3	0.193662	0.038964	0.162196	0.121471	0.028091	0.105331	0.168590	0.031948	0.149747
4	0.188252	0.036810	0.150742	0.115854	0.028473	0.096351	0.179575	0.033445	0.170498
5	0.183951	0.035075	0.139195	0.110985	0.029123	0.088449	0.189087	0.034825	0.189310
6	0.179703	0.033700	0.128699	0.106314	0.030228	0.080068	0.198124	0.036055	0.207109
7	0.175591	0.032231	0.119108	0.102003	0.030877	0.072796	0.205367	0.036897	0.225130
8	0.172810	0.030610	0.109186	0.098224	0.031905	0.066049	0.211721	0.037604	0.241891
9	0.170074	0.029433	0.099898	0.094302	0.033052	0.060389	0.216469	0.038099	0.258284
10	0.167733	0.028261	0.091334	0.090809	0.034126	0.054791	0.220776	0.038194	0.273976
11	0.165233	0.027204	0.083932	0.087500	0.035319	0.049730	0.224085	0.038303	0.288694
12	0.162354	0.026080	0.076815	0.084123	0.036643	0.045082	0.227594	0.038709	0.302600
13	0.160097	0.025246	0.069923	0.081283	0.038338	0.040688	0.229744	0.038657	0.316024
14	0.157416	0.024217	0.064109	0.078429	0.039663	0.036564	0.232477	0.038498	0.328627
15	0.155134	0.023234	0.058525	0.076085	0.040958	0.033077	0.233831	0.038325	0.340831
16	0.153365	0.022389	0.053305	0.073398	0.042759	0.029905	0.234414	0.038000	0.352465
17	0.151432	0.021673	0.048536	0.070909	0.044158	0.027165	0.235469	0.037639	0.363019
18	0.149170	0.020906	0.044222	0.068439	0.045915	0.024438	0.236313	0.037103	0.373494
19	0.146622	0.020052	0.040325	0.065664	0.047678	0.022371	0.236264	0.036691	0.384333
20	0.144764	0.019358	0.036638	0.063514	0.049412	0.020317	0.236305	0.035987	0.393705
21	0.142401	0.018788	0.033360	0.061579	0.050908	0.018417	0.236334	0.035591	0.402622
22	0.140547	0.018027	0.030348	0.059481	0.052688	0.016616	0.235139	0.035196	0.411958
23	0.138025	0.017628	0.027519	0.057620	0.054407	0.014997	0.234339	0.034888	0.420577
24	0.135856	0.016778	0.025354	0.055446	0.056139	0.013644	0.233759	0.034361	0.428663
25	0.133907	0.016218	0.023009	0.053415	0.058042	0.012389	0.232831	0.033885	0.436304
26	0.131827	0.015726	0.020888	0.051619	0.060126	0.011233	0.232128	0.033285	0.443168
27	0.129453	0.015232	0.018881	0.050019	0.061699	0.010314	0.230672	0.032931	0.450799
28	0.126924	0.014687	0.017080	0.048467	0.063695	0.009328	0.228922	0.032557	0.458340
29	0.124676	0.014407	0.015411	0.046924	0.065364	0.008397	0.227427	0.032224	0.465170
30	0.122115	0.013906	0.013838	0.045312	0.067084	0.007652	0.225728	0.031709	0.472656
31	0.119867	0.013376	0.012553	0.043850	0.068917	0.006892	0.224685	0.031296	0.478564
32	0.117334	0.013028	0.011410	0.042271	0.070937	0.006294	0.222663	0.030945	0.485118
33	0.115159	0.012512	0.010323	0.040616	0.072905	0.005707	0.221122	0.030421	0.491235
34	0.112873	0.011995	0.009258	0.039202	0.074956	0.005150	0.219577	0.029903	0.497086
35	0.110457	0.011627	0.008328	0.037762	0.076969	0.004816	0.218139	0.029155	0.502747
36	0.107788	0.011108	0.007638	0.036681	0.079054	0.004418	0.215961	0.028744	0.508608
37	0.105135	0.010782	0.006939	0.035212	0.081166	0.003989	0.213956	0.028335	0.514486
38	0.102424	0.010504	0.006165	0.033909	0.083366	0.003636	0.212549	0.027816	0.519631
39	0.100181	0.010154	0.005520	0.032665	0.085366	0.003376	0.210714	0.027379	0.524645
40	0.097422	0.009878	0.005051	0.031539	0.087367	0.003095	0.208728	0.027009	0.529911
41	0.094690	0.009483	0.004616	0.030347	0.089371	0.002837	0.207228	0.026463	0.534965
42	0.092222	0.009178	0.004234	0.029181	0.091347	0.002618	0.205109	0.026118	0.539993
43	0.089780	0.008781	0.003899	0.028290	0.093294	0.002311	0.203496	0.025575	0.544574
44	0.087364	0.008464	0.003587	0.027065	0.095032	0.002127	0.202291	0.025025	0.549045
45	0.084988	0.008096	0.003248	0.026114	0.096875	0.001983	0.200658	0.024573	0.553465
46	0.082868	0.007756	0.002906	0.024955	0.098646	0.001842	0.199178	0.024005	0.557844
47	0.080634	0.007469	0.002649	0.024127	0.100393	0.001735	0.197498	0.023516	0.561979
48	0.078319	0.007225	0.002331	0.023189	0.102105	0.001623	0.196103	0.023241	0.565864
49	0.076299	0.006928	0.002094	0.022427	0.104030	0.001423	0.194490	0.022885	0.569424
50	0.074293	0.006695	0.001903	0.021443	0.105987	0.001269	0.192889	0.022662	0.572859
51	0.071913	0.006404	0.001647	0.020689	0.108043	0.001164	0.191290	0.022264	0.576586
52	0.069563	0.006150	0.001464	0.019910	0.109708	0.001128	0.189580	0.022021	0.580476
53	0.067450	0.005859	0.001369	0.019138	0.111126	0.001017	0.187741	0.021503	0.584797
54	0.065164	0.005646	0.001173	0.018325	0.112790	0.000987	0.186464	0.020984	0.588467
55	0.063388	0.005327	0.001106	0.017795	0.114625	0.000882	0.184863	0.020877	0.591137
56	0.061349	0.005059	0.001005	0.016859	0.116120	0.000821	0.183264	0.020553	0.594970
57	0.059665	0.004769	0.000914	0.016217	0.117829	0.000794	0.181673	0.020035	0.598104
58	0.057469	0.004524	0.000861	0.015628	0.119253	0.000724	0.180212	0.019801	0.601528
59	0.055784	0.004281	0.000754	0.015205	0.121143	0.000668	0.178445	0.019534	0.604186
60	0.054075	0.003952	0.000683	0.014820	0.122797	0.000608	0.176669	0.019242	0.607154
61	0.052298	0.003733	0.000597	0.014258	0.123883	0.000562	0.175561	0.018899	0.610209
62	0.050338	0.003520	0.000541	0.013812	0.125332	0.000474	0.174489	0.018574	0.612920
63	0.048741	0.003423	0.000475	0.013230	0.126815	0.000426	0.172609	0.018389	0.615892
64	0.046886	0.003248	0.000415	0.012722	0.127925	0.000413	0.171538	0.018227	0.618626
65	0.045187	0.002998	0.000382	0.012276	0.129265	0.000388	0.170146	0.018121	0.621237
66	0.043220	0.002953	0.000340	0.011775	0.130378	0.000362	0.168702	0.017713	0.624557
67	0.041610	0.002757	0.000300	0.011506	0.131345	0.000325	0.167339	0.017444	0.627374
68	0.039850	0.002573	0.000272	0.011136	0.132442	0.000294	0.165795	0.017283	0.630355
69	0.038375	0.002472	0.000260	0.010616	0.133646	0.000243	0.164705	0.017103	0.632580
70	0.037016	0.002318	0.000238	0.010224	0.134635	0.000231	0.163552	0.016874	0.634912
71	0.035598	0.002211	0.000200	0.009958	0.135376	0.000198	0.162485	0.016607	0.637367
72	0.034163	0.002091	0.000164	0.009691	0.136269	0.000181	0.161220	0.016522	0.639699
73	0.033097	0.002044	0.000148	0.009393	0.137198	0.000181	0.159940	0.016178	0.641821
74	0.031700	0.001908	0.000127	0.009062	0.138169	0.000175	0.158904	0.015939	0.644016
75	0.030488	0.001806	0.000112	0.008624	0.138955	0.000170	0.157837	0.015793	0.646215
76	0.029036	0.001703	0.000102	0.008206	0.139622	0.000162	0.156707	0.015670	0.648792
77	0.027773	0.001613	0.000088	0.007945	0.140651	0.000143	0.155370	0.015245	0.651172
78	0.026726	0.001445	0.000082	0.007649	0.141347	0.000136	0.153782	0.014973	0.653860
79	0.025571	0.001352	0.000073	0.007466	0.141996	0.000146	0.153087	0.014919	0.655390
80	0.024558	0.001192	0.000062	0.007061	0.142728	0.000131	0.151408	0.014780	0.658080
81	0.023652	0.001152	0.000067	0.006698	0.143627	0.000130	0.150014	0.014681	0.659979
82	0.022562	0.001123	0.000068	0.006422	0.143928	0.000116	0.149280	0.014395	0.662106
83	0.021823	0.001074	0.000051	0.006205	0.144911	0.000113	0.147543	0.014213	0.664067
84	0.021029	0.000969	0.000044	0.005863	0.145575	0.000116	0.146423	0.014010	0.665971
85	0.020057	0.000933	0.000033	0.005603	0.146334	0.000101	0.145880	0.013869	0.667190
86	0.019169	0.000845	0.000030	0.005435	0.146331	0.000072	0.145288	0.013699	0.669131
87	0.018268	0.000813	0.000017	0.005234	0.146915	0.000059	0.144216	0.013680	0.670798
88	0.017384	0.000741	0.000014	0.005057	0.147430	0.000043	0.143585	0.013460	0.672286
89	0.016754	0.000685	0.000013	0.004839	0.147925	0.000033	0.142821	0.013271	0.673659
90	0.016050	0.000644	0.000015	0.004618	0.148311	0.000027	0.141690	0.013137	0.675508
91	0.015388	0.000629	0.000012	0.004465	0.148698	0.000016	0.140038	0.012841	0.677913
92	0.014772	0.000597	0.000008	0.004356	0.149090	0.000012	0.139339	0.012836	0.678990
93	0.013972	0.000566	0.000010	0.004238	0.149431	0.000012	0.138381	0.012714	0.680676
94	0.013380	0.000551	0.000008	0.004113	0.149906	0.000006	0.137424	0.012637	0.681975
95	0.012833	0.000523	0.000004	0.003964	0.149913	0.000008	0.136507	0.012608	0.683640
96	0.012309	0.000466	0.000002	0.003815	0.150039	0.000008	0.135475	0.012487	0.685399
97	0.011727	0.000446	0.000003	0.003646	0.150304	0.000008	0.134926	0.012333	0.686607
98	0.011300	0.000446	0.000004	0.003476	0.150526	0.000010	0.134164	0.012292	0.687782
99	0.010689	0.000418	0.000003	0.003250	0.150657	0.000008	0.132817	0.012245	0.689913
100	0.010153	0.000384	0.000004	0.003183	0.150694	0.000008	0.131956	0.012109	0.691509
101	0.009711	0.000361	0.000004	0.003038	0.150892	0.000009	0.131112	0.011813	0.693060
102	0.009300	0.000328	0.000004	0.002921	0.150977	0.000010	0.130245	0.011627	0.694588
103	0.008841	0.000312	0.000003	0.002862	0.151167	0.000010	0.129399	0.011538	0.695868
104	0.008576	0.000296	0.000001	0.002751	0.151296	0.000008	0.128224	0.011312	0.697536
105	0.008290	0.000267	0.000000	0.002673	0.150792	0.000007	0.127748	0.011238	0.698985
106	0.007950	0.000270	0.000000	0.002538	0.150895	0.000010	0.126595	0.011208	0.700534
107	0.007598	0.000264	0.000000	0.002351	0.151202	0.000009	0.125666	0.011148	0.701762
108	0.007214	0.000240	0.000000	0.002233	0.151191	0.000006	0.124767	0.010975	0.703374
109	0.006883	0.000250	0.000000	0.002144	0.151330	0.000004	0.123818	0.010841	0.704730
110	0.006509	0.000225	0.000000	0.002072	0.151157	0.000004	0.123326	0.010724	0.705983
111	0.006250	0.000210	0.000000	0.002045	0.150978	0.000003	0.122389	0.010700	0.707425
112	0.005994	0.000179	0.000000	0.001964	0.151062	0.000002	0.121706	0.010581	0.708512
113	0.005660	0.000179	0.000000	0.001853	0.151134	0.000000	0.120676	0.010624	0.709874
114	0.005465	0.000147	0.000000	0.001759	0.150996	0.000000	0.120200	0.010515	0.710918
115	0.005185	0.000148	0.000000	0.001721	0.151201	0.000000	0.119331	0.010469	0.711945
116	0.005004	0.000140	0.000000	0.001659	0.151085	0.000000	0.118185	0.010358	0.713569
117	0.004789	0.000142	0.000000	0.001658	0.150430	0.000000	0.117445	0.010228	0.715308
118	0.004581	0.000152	0.000000	0.001572	0.150240	0.000000	0.116920	0.010139	0.716396
119	0.004408	0.000118	0.000000	0.001512	0.150157	0.000000	0.116365	0.010014	0.717426
120	0.004128	0.000106	0.000000	0.001455	0.150206	0.000000	0.115412	0.009992	0.718701
121	0.003932	0.000090	0.000000	0.001381	0.150112	0.000000	0.115064	0.009816	0.719605
122	0.003740	0.000096	0.000000	0.001374	0.149655	0.000000	0.114370	0.009777	0.720988
123	0.003596	0.000095	0.000000	0.001304	0.149829	0.000000	0.113369	0.009646	0.722161
124	0.003430	0.000086	0.000000	0.001268	0.149869	0.000000	0.112575	0.009448	0.723324
125	0.003365	0.000086	0.000000	0.001222	0.149729	0.000000	0.111943	0.009356	0.724299
126	0.003219	0.000078	0.000000	0.001142	0.149980	0.000000	0.111486	0.009281	0.724814
127	0.003128	0.000073	0.000000	0.001105	0.150064	0.000000	0.111069	0.009171	0.725390
128	0.002941	0.000075	0.000000	0.001068	0.149861	0.000000	0.110559	0.009153	0.726343
129	0.002835	0.000072	0.000000	0.001053	0.149558	0.000000	0.110026	0.008929	0.727527
130	0.002660	0.000066	0.000000	0.000995	0.149357	0.000000	0.109277	0.008809	0.728836
131	0.002468	0.000066	0.000000	0.000967	0.149289	0.000000	0.108618	0.008694	0.729898
132	0.002374	0.000068	0.000000	0.000932	0.149079	0.000000	0.108117	0.008605	0.730825
133	0.002241	0.000062	0.000000	0.000864	0.148720	0.000000	0.107194	0.008610	0.732309
134	0.002125	0.000057	0.000000	0.000833	0.148559	0.000000	0.106906	0.008587	0.732933
135	0.001928	0.000058	0.000000	0.000818	0.148323	0.000000	0.106506	0.008418	0.733949
136	0.001795	0.000054	0.000000	0.000801	0.148112	0.000000	0.105837	0.008377	0.735024
137	0.001729	0.000056	0.000000	0.000798	0.147368	0.000000	0.105156	0.008273	0.736620
138	0.001594	0.000043	0.000000	0.000736	0.147086	0.000000	0.104731	0.008252	0.737558
139	0.001506	0.000048	0.000000	0.000709	0.146702	0.000000	0.104018	0.008295	0.738722
140	0.001454	0.000045	0.000000	0.000692	0.146174	0.000000	0.104109	0.008186	0.739340
141	0.001366	0.000043	0.000000	0.000688	0.145720	0.000000	0.103651	0.008158	0.740374
142	0.001335	0.000041	0.000000	0.000697	0.145134	0.000000	0.103030	0.008120	0.741643
143	0.001317	0.000041	0.000000	0.000661	0.144635	0.000000	0.102486	0.008060	0.742800
144	0.001257	0.000039	0.000000	0.000636	0.144342	0.000000	0.102091	0.008005	0.743630
145	0.001219	0.000030	0.000000	0.000607	0.144088	0.000000	0.101592	0.007991	0.744473
146	0.001185	0.000023	0.000000	0.000598	0.143697	0.000000	0.101306	0.007914	0.745277
147	0.001112	0.000026	0.000000	0.000558	0.143473	0.000000	0.101058	0.007901	0.745872
148	0.001043	0.000024	0.000000	0.000506	0.142981	0.000000	0.100493	0.007680	0.747273
149	0.000980	0.000030	0.000000	0.000497	0.142778	0.000000	0.099765	0.007629	0.748321
150	0.000921	0.000026	0.000000	0.000462	0.142340	0.000000	0.099189	0.007563	0.749499
151	0.000888	0.000019	0.000000	0.000440	0.141738	0.000000	0.098571	0.007497	0.750847
152	0.000837	0.000017	0.000000	0.000407	0.141460	0.000000	0.098192	0.007445	0.751642
153	0.000767	0.000017	0.000000	0.000408	0.140952	0.000000	0.097640	0.007456	0.752760
154	0.000756	0.000015	0.000000	0.000387	0.140766	0.000000	0.097252	0.007447	0.753377
155	0.000731	0.000016	0.000000	0.000356	0.140542	0.000000	0.096920	0.007433	0.754002
156	0.000714	0.000020	0.000000	0.000350	0.140056	0.000000	0.096720	0.007369	0.754771
157	0.000652	0.000015	0.000000	0.000344	0.139470	0.000000	0.096362	0.007461	0.755696
158	0.000619	0.000016	0.000000	0.000345	0.139086	0.000000	0.096095	0.007204	0.756635
159	0.000570	0.000019	0.000000	0.000343	0.138978	0.000000	0.095916	0.007144	0.757030
160	0.000521	0.000013	0.000000	0.000335	0.138875	0.000000	0.095959	0.007148	0.757149
161	0.000502	0.000012	0.000000	0.000338	0.138311	0.000000	0.095573	0.007134	0.758130
162	0.000501	0.000012	0.000000	0.000329	0.137920	0.000000	0.095035	0.007065	0.759138
163	0.000469	0.000012	0.000000	0.000307	0.137550	0.000000	0.094176	0.006935	0.760551
164	0.000464	0.000007	0.000000	0.000289	0.137359	0.000000	0.093973	0.006819	0.761089
165	0.000447	0.000005	0.000000	0.000305	0.136419	0.000000	0.093497	0.006742	0.762585
166	0.000415	0.000006	0.000000	0.000307	0.136079	0.000000	0.093018	0.006656	0.763519
167	0.000398	0.000010	0.000000	0.000307	0.135704	0.000000	0.092389	0.006578	0.764614
168	0.000379	0.000007	0.000000	0.000291	0.135103	0.000000	0.091858	0.006534	0.765828
169	0.000363	0.000007	0.000000	0.000296	0.134713	0.000000	0.090947	0.006442	0.767232
170	0.000354	0.000006	0.000000	0.000287	0.134086	0.000000	0.090575	0.006449	0.768243
171	0.000316	0.000004	0.000000	0.000307	0.133797	0.000000	0.090267	0.006366	0.768943
172	0.000284	0.000001	0.000000	0.000308	0.133461	0.000000	0.089657	0.006408	0.769881
173	0.000284	0.000002	0.000000	0.000287	0.132834	0.000000	0.089412	0.006375	0.770806
174	0.000284	0.000002	0.000000	0.000297	0.132413	0.000000	0.089364	0.006400	0.771240
175	0.000281	0.000002	0.000000	0.000274	0.131851	0.000000	0.089290	0.006239	0.772063
176	0.000269	0.000002	0.000000	0.000255	0.131568	0.000000	0.088852	0.006105	0.772949
177	0.000267	0.000003	0.000000	0.000245	0.130879	0.000000	0.088689	0.006033	0.773884
178	0.000253	0.000003	0.000000	0.000247	0.130319	0.000000	0.088813	0.005971	0.774394
179	0.000229	0.000006	0.000000	0.000243	0.129565	0.000000	0.088512	0.005910	0.775535
180	0.000243	0.000002	0.000000	0.000228	0.129158	0.000000	0.088055	0.006019	0.776295
181	0.000235	0.000000	0.000000	0.000200	0.128627	0.000000	0.088181	0.005863	0.776894
182	0.000233	0.000000	0.000000	0.000179	0.128571	0.000000	0.087752	0.005823	0.777442
183	0.000229	0.000000	0.000000	0.000173	0.127978	0.000000	0.087583	0.005723	0.778314
184	0.000215	0.000000	0.000000	0.000182	0.127431	0.000000	0.087085	0.005706	0.779381
185	0.000231	0.000000	0.000000	0.000169	0.126981	0.000000	0.087000	0.005750	0.779869
186	0.000226	0.000000	0.000000	0.000158	0.126602	0.000000	0.086650	0.005717	0.780647
187	0.000219	0.000000	0.000000	0.000166	0.126119	0.000000	0.086360	0.005664	0.781472
188	0.000211	0.000000	0.000000	0.000166	0.125604	0.000000	0.086259	0.005612	0.782148
189	0.000204	0.000000	0.000000	0.000174	0.124880	0.000000	0.085839	0.005544	0.783359
190	0.000213	0.000000	0.000000	0.000173	0.123977	0.000000	0.085428	0.005543	0.784666
191	0.000201	0.000000	0.000000	0.000140	0.123378	0.000000	0.085455	0.005499	0.785327
192	0.000195	0.000000	0.000000	0.000128	0.122622	0.000000	0.084976	0.005469	0.786610
193	0.000199	0.000000	0.000000	0.000132	0.122098	0.000000	0.085108	0.005401	0.787062
194	0.000203	0.000000	0.000000	0.000117	0.121955	0.000000	0.084404	0.005355	0.787966
195	0.000209	0.000000	0.000000	0.000126	0.121386	0.000000	0.083678	0.005389	0.789212
196	0.000212	0.000000	0.000000	0.000127	0.120910	0.000000	0.083390	0.005461	0.789900
197	0.000211	0.000000	0.000000	0.000125	0.120409	0.000000	0.082909	0.005441	0.790905
198	0.000216	0.000000	0.000000	0.000117	0.119906	0.000000	0.082442	0.005390	0.791929
199	0.000231	0.000000	0.000000	0.000119	0.119638	0.000000	0.082096	0.005377	0.792539
200	0.000223	0.000000	0.000000	0.000115	0.119198	0.000000	0.082219	0.005341	0.792904
201	0.000197	0.000000	0.000000	0.000097	0.118734	0.000000	0.082081	0.005298	0.793593
202	0.000190	0.000000	0.000000	0.000102	0.118041	0.000000	0.081930	0.005320	0.794417
203	0.000186	0.000000	0.000000	0.000100	0.117496	0.000000	0.081623	0.005272	0.795323
204	0.000161	0.000000	0.000000	0.000088	0.117112	0.000000	0.081620	0.005318	0.795701
205	0.000151	0.000000	0.000000	0.000088	0.116421	0.000000	0.081840	0.005297	0.796203
206	0.000150	0.000000	0.000000	0.000083	0.116117	0.000000	0.081490	0.005251	0.796909
207	0.000143	0.000000	0.000000	0.000087	0.115551	0.000000	0.081083	0.005204	0.797932
208	0.000144	0.000000	0.000000	0.000084	0.115129	0.000000	0.081086	0.005134	0.798423
209	0.000137	0.000000	0.000000	0.000089	0.114536	0.000000	0.081190	0.005043	0.799005
210	0.000138	0.000000	0.000000	0.000085	0.113934	0.000000	0.081091	0.005003	0.799749
211	0.000130	0.000000	0.000000	0.000083	0.113446	0.000000	0.081093	0.005052	0.800196
212	0.000123	0.000000	0.000000	0.000077	0.112821	0.000000	0.080783	0.005064	0.801132
213	0.000125	0.000000	0.000000	0.000064	0.112306	0.000000	0.080458	0.005125	0.801922
214	0.000116	0.000000	0.000000	0.000067	0.112148	0.000000	0.080215	0.005154	0.802300
215	0.000118	0.000000	0.000000	0.000058	0.111597	0.000000	0.080068	0.005235	0.802924
216	0.000116	0.000000	0.000000	0.000056	0.110832	0.000000	0.079916	0.005318	0.803762
217	0.000100	0.000000	0.000000	0.000053	0.110371	0.000000	0.079863	0.005197	0.804416
218	0.000104	0.000000	0.000000	0.000051	0.109815	0.000000	0.079658	0.005222	0.805150
219	0.000085	0.000000	0.000000	0.000050	0.109231	0.000000	0.079649	0.005188	0.805797
220	0.000089	0.000000	0.000000	0.000052	0.108587	0.000000	0.079259	0.005163	0.806850
221	0.000084	0.000000	0.000000	0.000049	0.108316	0.000000	0.079004	0.005060	0.807487
222	0.000091	0.000000	0.000000	0.000042	0.107873	0.000000	0.078724	0.005046	0.808224
223	0.000079	0.000000	0.000000	0.000052	0.107298	0.000000	0.078658	0.005023	0.808890
224	0.000076	0.000000	0.000000	0.000046	0.107074	0.000000	0.078238	0.005033	0.809533
225	0.000088	0.000000	0.000000	0.000048	0.106477	0.000000	0.077748	0.004982	0.810657
226	0.000078	0.000000	0.000000	0.000045	0.105810	0.000000	0.077635	0.005017	0.811415
227	0.000071	0.000000	0.000000	0.000045	0.105256	0.000000	0.077140	0.005064	0.812424
228	0.000059	0.000000	0.000000	0.000039	0.104859	0.000000	0.076762	0.005053	0.813228
229	0.000061	0.000000	0.000000	0.000043	0.104716	0.000000	0.076807	0.005063	0.813310
230	0.000047	0.000000	0.000000	0.000039	0.104186	0.000000	0.076329	0.005072	0.814327
231	0.000044	0.000000	0.000000	0.000034	0.103876	0.000000	0.076040	0.005097	0.814909
232	0.000042	0.000000	0.000000	0.000041	0.103393	0.000000	0.076115	0.005038	0.815371
233	0.000034	0.000000	0.000000	0.000048	0.102912	0.000000	0.075902	0.004996	0.816108
234	0.000026	0.000000	0.000000	0.000041	0.102732	0.000000	0.075664	0.005018	0.816519
235	0.000018	0.000000	0.000000	0.000046	0.102354	0.000000	0.075806	0.004922	0.816854
236	0.000016	0.000000	0.000000	0.000040	0.101712	0.000000	0.075503	0.004917	0.817812
237	0.000017	0.000000	0.000000	0.000037	0.101552	0.000000	0.075123	0.004843	0.818428
238	0.000008	0.000000	0.000000	0.000038	0.101153	0.000000	0.074787	0.004745	0.819269
239	0.000010	0.000000	0.000000	0.000034	0.101001	0.000000	0.074513	0.004747	0.819695
240	0.000003	0.000000	0.000000	0.000023	0.100477	0.000000	0.074573	0.004660	0.820264
241	0.000002	0.000000	0.000000	0.000023	0.099977	0.000000	0.074287	0.004654	0.821057
242	0.000002	0.000000	0.000000	0.000023	0.099309	0.000000	0.073984	0.004697	0.821985
243	0.000000	0.000000	0.000000	0.000024	0.099204	0.000000	0.073905	0.004717	0.822150
244	0.000000	0.000000	0.000000	0.000025	0.098674	0.000000	0.073573	0.004694	0.823034
245	0.000000	0.000000	0.000000	0.000025	0.098073	0.000000	0.073440	0.004672	0.823790
246	0.000000	0.000000	0.000000	0.000025	0.097702	0.000000	0.073124	0.004625	0.824524
247	0.000000	0.000000	0.000000	0.000031	0.097284	0.000000	0.073325	0.004571	0.824789
248	0.000000	0.000000	0.000000	0.000026	0.097032	0.000000	0.072789	0.004538	0.825615
249	0.000000	0.000000	0.000000	0.000024	0.096664	0.000000	0.072760	0.004500	0.826052
250	0.000000	0.000000	0.000000	0.000019	0.096229	0.000000	0.072557	0.004558	0.826637
251	0.000000	0.000000	0.000000	0.000015	0.095819	0.000000	0.072259	0.004464	0.827443
252	0.000000	0.000000	0.000000	0.000017	0.095339	0.000000	0.071979	0.004404	0.828261
253	0.000000	0.000000	0.000000	0.000019	0.094907	0.000000	0.072033	0.004418	0.828623
254	0.000000	0.000000	0.000000	0.000025	0.094689	0.000000	0.071898	0.004459	0.828929
255	0.000000	0.000000	0.000000	0.000029	0.094161	0.000000	0.072009	0.004392	0.829409
256	0.000000	0.000000	0.000000	0.000035	0.093698	0.000000	0.071699	0.004379	0.830189
257	0.000000	0.000000	0.000000	0.000031	0.093113	0.000000	0.071225	0.004412	0.831219
258	0.000000	0.000000	0.000000	0.000033	0.092694	0.000000	0.071122	0.004355	0.831796
259	0.000000	0.000000	0.000000	0.000041	0.092325	0.000000	0.071388	0.004341	0.831905
260	0.000000	0.000000	0.000000	0.000037	0.091909	0.000000	0.070827	0.004322	0.832905
261	0.000000	0.000000	0.000000	0.000032	0.091371	0.000000	0.070625	0.004296	0.833676
262	0.000000	0.000000	0.000000	0.000036	0.090946	0.000000	0.070889	0.004244	0.833885
263	0.000000	0.000000	0.000000	0.000038	0.090774	0.000000	0.070445	0.004302	0.834441
264	0.000000	0.000000	0.000000	0.000037	0.090262	0.000000	0.070500	0.004249	0.834952
265	0.000000	0.000000	0.000000	0.000037	0.089913	0.000000	0.070465	0.004307	0.835278
266	0.000000	0.000000	0.000000	0.000036	0.089395	0.000000	0.070545	0.004210	0.835814
267	0.000000	0.000000	0.000000	0.000033	0.088945	0.000000	0.070336	0.004152	0.836534
268	0.000000	0.000000	0.000000	0.000029	0.088698	0.000000	0.070194	0.004141	0.836938
269	0.000000	0.000000	0.000000	0.000035	0.088310	0.000000	0.069812	0.004085	0.837758
270	0.000000	0.000000	0.000000	0.000029	0.087793	0.000000	0.069908	0.004028	0.838242
271	0.000000	0.000000	0.000000	0.000030	0.087509	0.000000	0.069968	0.003974	0.838519
272	0.000000	0.000000	0.000000	0.000028	0.087248	0.000000	0.069739	0.003991	0.838994
273	0.000000	0.000000	0.000000	0.000031	0.087072	0.000000	0.069723	0.003940	0.839234
274	0.000000	0.000000	0.000000	0.000034	0.086613	0.000000	0.069462	0.004006	0.839885
275	0.000000	0.000000	0.000000	0.000030	0.086554	0.000000	0.069305	0.003925	0.840186
276	0.000000	0.000000	0.000000	0.000030	0.086348	0.000000	0.069166	0.003942	0.840514
277	0.000000	0.000000	0.000000	0.000025	0.085975	0.000000	0.068899	0.003878	0.841223
278	0.000000	0.000000	0.000000	0.000026	0.085585	0.000000	0.068806	0.003713	0.841870
279	0.000000	0.000000	0.000000	0.000025	0.085088	0.000000	0.068621	0.003603	0.842663
280	0.000000	0.000000	0.000000	0.000023	0.084727	0.000000	0.068477	0.003617	0.843156
281	0.000000	0.000000	0.000000	0.000025	0.084383	0.000000	0.068415	0.003616	0.843561
282	0.000000	0.000000	0.000000	0.000034	0.084076	0.000000	0.067949	0.003571	0.844370
283	0.000000	0.000000	0.000000	0.000036	0.083688	0.000000	0.067781	0.003543	0.844952
284	0.000000	0.000000	0.000000	0.000030	0.083255	0.000000	0.067841	0.003540	0.845334
285	0.000000	0.000000	0.000000	0.000034	0.082938	0.000000	0.067762	0.003566	0.845700
286	0.000000	0.000000	0.000000	0.000030	0.082564	0.000000	0.067678	0.003555	0.846173
287	0.000000	0.000000	0.000000	0.000033	0.082081	0.000000	0.067449	0.003547	0.846890
288	0.000000	0.000000	0.000000	0.000030	0.081715	0.000000	0.067194	0.003610	0.847451
289	0.000000	0.000000	0.000000	0.000022	0.081541	0.000000	0.066920	0.003553	0.847964
290	0.000000	0.000000	0.000000	0.000019	0.081177	0.000000	0.066794	0.003557	0.848453
291	0.000000	0.000000	0.000000	0.000020	0.080596	0.000000	0.067125	0.003602	0.848657
292	0.000000	0.000000	0.000000	0.000020	0.080453	0.000000	0.066778	0.003543	0.849206
293	0.000000	0.000000	0.000000	0.000021	0.080271	0.000000	0.066465	0.003637	0.849606
294	0.000000	0.000000	0.000000	0.000025	0.079834	0.000000	0.065855	0.003614	0.850672
295	0.000000	0.000000	0.000000	0.000031	0.079623	0.000000	0.065685	0.003603	0.851058
296	0.000000	0.000000	0.000000	0.000030	0.079258	0.000000	0.065805	0.003562	0.851345
297	0.000000	0.000000	0.000000	0.000033	0.078932	0.000000	0.065873	0.003592	0.851570
298	0.000000	0.000000	0.000000	0.000031	0.078593	0.000000	0.065528	0.003618	0.852230
299	0.000000	0.000000	0.000000	0.000032	0.078113	0.000000	0.065328	0.003640	0.852887
300	0.000000	0.000000	0.000000	0.000033	0.077793	0.000000	0.065144	0.003651	0.853379
301	0.000000	0.000000	0.000000	0.000036	0.077449	0.000000	0.065195	0.003655	0.853665
302	0.000000	0.000000	0.000000	0.000037	0.076963	0.000000	0.065174	0.003643	0.854183
303	0.000000	0.000000	0.000000	0.000035	0.076664	0.000000	0.064898	0.003647	0.854756
304	0.000000	0.000000	0.000000	0.000031	0.076119	0.000000	0.064931	0.003669	0.855250
305	0.000000	0.000000	0.000000	0.000030	0.075625	0.000000	0.065065	0.003613	0.855667
306	0.000000	0.000000	0.000000	0.000033	0.075245	0.000000	0.064893	0.003568	0.856261
307	0.000000	0.000000	0.000000	0.000034	0.074990	0.000000	0.064744	0.003563	0.856669
308	0.000000	0.000000	0.000000	0.000033	0.074558	0.000000	0.064476	0.003545	0.857388
309	0.000000	0.000000	0.000000	0.000030	0.074270	0.000000	0.064277	0.003512	0.857911
310	0.000000	0.000000	0.000000	0.000033	0.074091	0.000000	0.064138	0.003541	0.858197
311	0.000000	0.000000	0.000000	0.000038	0.073834	0.000000	0.063862	0.003569	0.858697
312	0.000000	0.000000	0.000000	0.000040	0.073489	0.000000	0.063898	0.003525	0.859048
313	0.000000	0.000000	0.000000	0.000043	0.073065	0.000000	0.063351	0.003556	0.859985
314	0.000000	0.000000	0.000000	0.000043	0.072711	0.000000	0.063275	0.003537	0.860434
315	0.000000	0.000000	0.000000	0.000035	0.072302	0.000000	0.062737	0.003579	0.861347
316	0.000000	0.000000	0.000000	0.000035	0.071768	0.000000	0.062683	0.003542	0.861972
317	0.000000	0.000000	0.000000	0.000034	0.071234	0.000000	0.062826	0.003552	0.862354
318	0.000000	0.000000	0.000000	0.000033	0.070815	0.000000	0.062576	0.003515	0.863061
319	0.000000	0.000000	0.000000	0.000034	0.070536	0.000000	0.062481	0.003556	0.863393
320	0.000000	0.000000	0.000000	0.000035	0.070272	0.000000	0.062478	0.003533	0.863682
321	0.000000	0.000000	0.000000	0.000035	0.069710	0.000000	0.062098	0.003535	0.864622
322	0.000000	0.000000	0.000000	0.000043	0.069287	0.000000	0.062137	0.003601	0.864932
323	0.000000	0.000000	0.000000	0.000038	0.069030	0.000000	0.061996	0.003531	0.865405
324	0.000000	0.000000	0.000000	0.000035	0.068718	0.000000	0.061729	0.003472	0.866046
325	0.000000	0.000000	0.000000	0.000040	0.068147	0.000000	0.061646	0.003496	0.866671
326	0.000000	0.000000	0.000000	0.000033	0.067993	0.000000	0.061581	0.003501	0.866892
327	0.000000	0.000000	0.000000	0.000033	0.067678	0.000000	0.061510	0.003505	0.867274
328	0.000000	0.000000	0.000000	0.000033	0.067571	0.000000	0.061654	0.003515	0.867227
329	0.000000	0.000000	0.000000	0.000032	0.067225	0.000000	0.061409	0.003542	0.867792
330	0.000000	0.000000	0.000000	0.000039	0.067019	0.000000	0.061494	0.003512	0.867936
331	0.000000	0.000000	0.000000	0.000035	0.066820	0.000000	0.061312	0.003514	0.868319
332	0.000000	0.000000	0.000000	0.000035	0.066459	0.000000	0.061011	0.003512	0.868983
333	0.000000	0.000000	0.000000	0.000032	0.066197	0.000000	0.060979	0.003499	0.869293
334	0.000000	0.000000	0.000000	0.000030	0.065965	0.000000	0.060909	0.003491	0.869605
335	0.000000	0.000000	0.000000	0.000027	0.065756	0.000000	0.060581	0.003467	0.870169
336	0.000000	0.000000	0.000000	0.000021	0.065310	0.000000	0.060395	0.003524	0.870750
337	0.000000	0.000000	0.000000	0.000027	0.065081	0.000000	0.060626	0.003424	0.870842
338	0.000000	0.000000	0.000000	0.000025	0.064585	0.000000	0.060544	0.003447	0.871399
339	0.000000	0.000000	0.000000	0.000029	0.064226	0.000000	0.060314	0.003406	0.872025
340	0.000000	0.000000	0.000000	0.000034	0.063794	0.000000	0.060340	0.003402	0.872430
341	0.000000	0.000000	0.000000	0.000027	0.063335	0.000000	0.060111	0.003436	0.873091
342	0.000000	0.000000	0.000000	0.000023	0.063113	0.000000	0.059849	0.003438	0.873577
343	0.000000	0.000000	0.000000	0.000018	0.062647	0.000000	0.059671	0.003376	0.874288
344	0.000000	0.000000	0.000000	0.000020	0.062492	0.000000	0.059684	0.003303	0.874501
345	0.000000	0.000000	0.000000	0.000009	0.062024	0.000000	0.059478	0.003291	0.875198
346	0.000000	0.000000	0.000000	0.000010	0.061729	0.000000	0.059198	0.003366	0.875697
347	0.000000	0.000000	0.000000	0.000009	0.061417	0.000000	0.059322	0.003342	0.875910
348	0.000000	0.000000	0.000000	0.000005	0.061158	0.000000	0.059224	0.003362	0.876251
349	0.000000	0.000000	0.000000	0.000005	0.060839	0.000000	0.058852	0.003376	0.876928
350	0.000000	0.000000	0.000000	0.000002	0.060601	0.000000	0.058752	0.003319	0.877326
351	0.000000	0.000000	0.000000	0.000001	0.060343	0.000000	0.058746	0.003296	0.877614
352	0.000000	0.000000	0.000000	0.000001	0.060024	0.000000	0.058729	0.003356	0.877890
353	0.000000	0.000000	0.000000	0.000001	0.059759	0.000000	0.058602	0.003291	0.878347
354	0.000000	0.000000	0.000000	0.000001	0.059631	0.000000	0.058499	0.003275	0.878594
355	0.000000	0.000000	0.000000	0.000000	0.059252	0.000000	0.058113	0.003255	0.879380
356	0.000000	0.000000	0.000000	0.000000	0.059012	0.000000	0.058072	0.003274	0.879642
357	0.000000	0.000000	0.000000	0.000000	0.058848	0.000000	0.058361	0.003164	0.879627
358	0.000000	0.000000	0.000000	0.000000	0.058527	0.000000	0.058239	0.003145	0.880089
359	0.000000	0.000000	0.000000	0.000000	0.058145	0.000000	0.058269	0.003140	0.880446
360	0.000000	0.000000	0.000000	0.000000	0.057785	0.000000	0.058028	0.003165	0.881022
361	0.000000	0.000000	0.000000	0.000000	0.057543	0.000000	0.058362	0.003091	0.881004
362	0.000000	0.000000	0.000000	0.000000	0.057335	0.000000	0.058259	0.003045	0.881361
363	0.000000	0.000000	0.000000	0.000000	0.057027	0.000000	0.058071	0.003132	0.881770
364	0.000000	0.000000	0.000000	0.000000	0.056801	0.000000	0.057718	0.003117	0.882364
365	0.000000	0.000000	0.000000	0.000000	0.056434	0.000000	0.057433	0.003127	0.883006
366	0.000000	0.000000	0.000000	0.000000	0.056275	0.000000	0.057156	0.003102	0.883467
367	0.000000	0.000000	0.000000	0.000000	0.055879	0.000000	0.057392	0.003073	0.883656
368	0.000000	0.000000	0.000000	0.000000	0.055724	0.000000	0.057650	0.003005	0.883621
369	0.000000	0.000000	0.000000	0.000000	0.055375	0.000000	0.057398	0.003055	0.884172
370	0.000000	0.000000	0.000000	0.000000	0.055025	0.000000	0.057148	0.003104	0.884723
371	0.000000	0.000000	0.000000	0.000000	0.054627	0.000000	0.056998	0.003070	0.885305
372	0.000000	0.000000	0.000000	0.000000	0.054338	0.000000	0.056878	0.003044	0.885740
373	0.000000	0.000000	0.000000	0.000000	0.054188	0.000000	0.057022	0.002935	0.885855
374	0.000000	0.000000	0.000000	0.000000	0.053846	0.000000	0.056754	0.002967	0.886433
375	0.000000	0.000000	0.000000	0.000000	0.053643	0.000000	0.056594	0.002954	0.886809
376	0.000000	0.000000	0.000000	0.000000	0.053491	0.000000	0.056810	0.002983	0.886716
377	0.000000	0.000000	0.000000	0.000000	0.053108	0.000000	0.056758	0.002990	0.887144
378	0.000000	0.000000	0.000000	0.000000	0.052781	0.000000	0.056889	0.002973	0.887357
379	0.000000	0.000000	0.000000	0.000000	0.052571	0.000000	0.056476	0.002964	0.887989
380	0.000000	0.000000	0.000000	0.000000	0.052281	0.000000	0.056606	0.003015	0.888098
381	0.000000	0.000000	0.000000	0.000000	0.052083	0.000000	0.056409	0.003010	0.888498
382	0.000000	0.000000	0.000000	0.000000	0.051874	0.000000	0.056243	0.002994	0.888889
383	0.000000	0.000000	0.000000	0.000000	0.051629	0.000000	0.055982	0.002981	0.889408
384	0.000000	0.000000	0.000000	0.000000	0.051240	0.000000	0.055931	0.002991	0.889838
385	0.000000	0.000000	0.000000	0.000000	0.050993	0.000000	0.055573	0.002971	0.890463
386	0.000000	0.000000	0.000000	0.000000	0.050716	0.000000	0.055498	0.002969	0.890817
387	0.000000	0.000000	0.000000	0.000000	0.050369	0.000000	0.055722	0.002961	0.890948
388	0.000000	0.000000	0.000000	0.000000	0.050302	0.000000	0.055601	0.002989	0.891108
389	0.000000	0.000000	0.000000	0.000000	0.050138	0.000000	0.055402	0.002955	0.891505
390	0.000000	0.000000	0.000000	0.000000	0.049955	0.000000	0.055546	0.002903	0.891596
391	0.000000	0.000000	0.000000	0.000000	0.049677	0.000000	0.055558	0.002849	0.891916
392	0.000000	0.000000	0.000000	0.000000	0.049438	0.000000	0.055530	0.002814	0.892218
393	0.000000	0.000000	0.000000	0.000000	0.049098	0.000000	0.055535	0.002820	0.892547
394	0.000000	0.000000	0.000000	0.000000	0.048749	0.000000	0.055419	0.002871	0.892961
395	0.000000	0.000000	0.000000	0.000000	0.048444	0.000000	0.055471	0.002874	0.893211
396	0.000000	0.000000	0.000000	0.000000	0.048258	0.000000	0.055234	0.002881	0.893627
397	0.000000	0.000000	0.000000	0.000000	0.047985	0.000000	0.055149	0.002885	0.893981
398	0.000000	0.000000	0.000000	0.000000	0.047769	0.000000	0.055157	0.002917	0.894157
399	0.000000	0.000000	0.000000	0.000000	0.047621	0.000000	0.054790	0.002868	0.894721
400	0.000000	0.000000	0.000000	0.000000	0.047262	0.000000	0.054738	0.002840	0.895160
401	0.000000	0.000000	0.000000	0.000000	0.047118	0.000000	0.054828	0.002754	0.895300
402	0.000000	0.000000	0.000000	0.000000	0.046785	0.000000	0.054766	0.002789	0.895660
403	0.000000	0.000000	0.000000	0.000000	0.046615	0.000000	0.054733	0.002763	0.895889
404	0.000000	0.000000	0.000000	0.000000	0.046355	0.000000	0.054593	0.002785	0.896267
405	0.000000	0.000000	0.000000	0.000000	0.046020	0.000000	0.054487	0.002785	0.896708
406	0.000000	0.000000	0.000000	0.000000	0.045573	0.000000	0.054787	0.002757	0.896883
407	0.000000	0.000000	0.000000	0.000000	0.045286	0.000000	0.054782	0.002765	0.897167
408	0.000000	0.000000	0.000000	0.000000	0.045086	0.000000	0.054635	0.002773	0.897506
409	0.000000	0.000000	0.000000	0.000000	0.044772	0.000000	0.054601	0.002835	0.897792
410	0.000000	0.000000	0.000000	0.000000	0.044552	0.000000	0.054588	0.002771	0.898089
411	0.000000	0.000000	0.000000	0.000000	0.044384	0.000000	0.054572	0.002756	0.898288
412	0.000000	0.000000	0.000000	0.000000	0.044199	0.000000	0.054112	0.002753	0.898936
413	0.000000	0.000000	0.000000	0.000000	0.043943	0.000000	0.054206	0.002725	0.899126
414	0.000000	0.000000	0.000000	0.000000	0.043690	0.000000	0.054385	0.002708	0.899217
415	0.000000	0.000000	0.000000	0.000000	0.043541	0.000000	0.054139	0.002676	0.899644
416	0.000000	0.000000	0.000000	0.000000	0.043185	0.000000	0.054049	0.002739	0.900027
417	0.000000	0.000000	0.000000	0.000000	0.042980	0.000000	0.054139	0.002728	0.900153
418	0.000000	0.000000	0.000000	0.000000	0.042780	0.000000	0.054129	0.002671	0.900420
419	0.000000	0.000000	0.000000	0.000000	0.042604	0.000000	0.054111	0.002648	0.900637
420	0.000000	0.000000	0.000000	0.000000	0.042430	0.000000	0.053890	0.002711	0.900969
421	0.000000	0.000000	0.000000	0.000000	0.042339	0.000000	0.053719	0.002731	0.901211
422	0.000000	0.000000	0.000000	0.000000	0.042237	0.000000	0.053818	0.002690	0.901255
423	0.000000	0.000000	0.000000	0.000000	0.042136	0.000000	0.053991	0.002714	0.901159
424	0.000000	0.000000	0.000000	0.000000	0.041792	0.000000	0.054276	0.002707	0.901225
425	0.000000	0.000000	0.000000	0.000000	0.041605	0.000000	0.054072	0.002717	0.901606
426	0.000000	0.000000	0.000000	0.000000	0.041338	0.000000	0.054147	0.002752	0.901763
427	0.000000	0.000000	0.000000	0.000000	0.041101	0.000000	0.053792	0.002772	0.902335
428	0.000000	0.000000	0.000000	0.000000	0.040858	0.000000	0.053549	0.002714	0.902879
429	0.000000	0.000000	0.000000	0.000000	0.040615	0.000000	0.053609	0.002734	0.903042
430	0.000000	0.000000	0.000000	0.000000	0.040188	0.000000	0.053433	0.002705	0.903674
431	0.000000	0.000000	0.000000	0.000000	0.039884	0.000000	0.053081	0.002653	0.904382
432	0.000000	0.000000	0.000000	0.000000	0.039718	0.000000	0.053047	0.002611	0.904624
433	0.000000	0.000000	0.000000	0.000000	0.039628	0.000000	0.053069	0.002645	0.904658
434	0.000000	0.000000	0.000000	0.000000	0.039451	0.000000	0.052921	0.002631	0.904997
435	0.000000	0.000000	0.000000	0.000000	0.039234	0.000000	0.052927	0.002591	0.905248
436	0.000000	0.000000	0.000000	0.000000	0.039083	0.000000	0.052660	0.002614	0.905643
437	0.000000	0.000000	0.000000	0.000000	0.038797	0.000000	0.052704	0.002653	0.905846
438	0.000000	0.000000	0.000000	0.000000	0.038631	0.000000	0.052846	0.002642	0.905881
439	0.000000	0.000000	0.000000	0.000000	0.038335	0.000000	0.052795	0.002616	0.906254
440	0.000000	0.000000	0.000000	0.000000	0.038269	0.000000	0.052703	0.002641	0.906387
441	0.000000	0.000000	0.000000	0.000000	0.038086	0.000000	0.052673	0.002571	0.906670
442	0.000000	0.000000	0.000000	0.000000	0.037874	0.000000	0.052606	0.002629	0.906891
443	0.000000	0.000000	0.000000	0.000000	0.037627	0.000000	0.052635	0.002586	0.907152
444	0.000000	0.000000	0.000000	0.000000	0.037335	0.000000	0.052349	0.002601	0.907715
445	0.000000	0.000000	0.000000	0.000000	0.037200	0.000000	0.052072	0.002627	0.908101
446	0.000000	0.000000	0.000000	0.000000	0.036983	0.000000	0.051968	0.002672	0.908377
447	0.000000	0.000000	0.000000	0.000000	0.036877	0.000000	0.051834	0.002623	0.908666
448	0.000000	0.000000	0.000000	0.000000	0.036685	0.000000	0.051775	0.002606	0.908934
449	0.000000	0.000000	0.000000	0.000000	0.036422	0.000000	0.051719	0.002609	0.909250
450	0.000000	0.000000	0.000000	0.000000	0.036172	0.000000	0.051987	0.002576	0.909265
451	0.000000	0.000000	0.000000	0.000000	0.036073	0.000000	0.052162	0.002561	0.909204
452	0.000000	0.000000	0.000000	0.000000	0.035916	0.000000	0.052080	0.002531	0.909473
453	0.000000	0.000000	0.000000	0.000000	0.035764	0.000000	0.052238	0.002535	0.909463
454	0.000000	0.000000	0.000000	0.000000	0.035635	0.000000	0.052166	0.002537	0.909662
455	0.000000	0.000000	0.000000	0.000000	0.035389	0.000000	0.052147	0.002551	0.909913
456	0.000000	0.000000	0.000000	0.000000	0.035300	0.000000	0.052171	0.002570	0.909959
457	0.000000	0.000000	0.000000	0.000000	0.035196	0.000000	0.051946	0.002586	0.910272
458	0.000000	0.000000	0.000000	0.000000	0.034953	0.000000	0.051875	0.002541	0.910631
459	0.000000	0.000000	0.000000	0.000000	0.034725	0.000000	0.051668	0.002548	0.911059
460	0.000000	0.000000	0.000000	0.000000	0.034475	0.000000	0.051701	0.002572	0.911252
461	0.000000	0.000000	0.000000	0.000000	0.034260	0.000000	0.051757	0.002548	0.911435
462	0.000000	0.000000	0.000000	0.000000	0.034228	0.000000	0.051991	0.002503	0.911278
463	0.000000	0.000000	0.000000	0.000000	0.034106	0.000000	0.051738	0.002500	0.911656
464	0.000000	0.000000	0.000000	0.000000	0.033867	0.000000	0.051816	0.002491	0.911826
465	0.000000	0.000000	0.000000	0.000000	0.033651	0.000000	0.051693	0.002432	0.912224
466	0.000000	0.000000	0.000000	0.000000	0.033682	0.000000	0.051704	0.002475	0.912139
467	0.000000	0.000000	0.000000	0.000000	0.033522	0.000000	0.051654	0.002463	0.912361
468	0.000000	0.000000	0.000000	0.000000	0.033227	0.000000	0.051463	0.002449	0.912861
469	0.000000	0.000000	0.000000	0.000000	0.033004	0.000000	0.051674	0.002436	0.912886
470	0.000000	0.000000	0.000000	0.000000	0.032809	0.000000	0.051752	0.002394	0.913045
