0	0.112313	0.112705	0.112246	0.112163	0.099932	0.112777	0.112658	0.112742	0.112464
0	0.112313	0.112705	0.112246	0.112163	0.099932	0.112777	0.112658	0.112742	0.112464
1	0.113718	0.114268	0.114392	0.115651	0.102757	0.115652	0.107497	0.108481	0.107584
2	0.115513	0.113939	0.112742	0.119399	0.107307	0.116350	0.105641	0.104515	0.104594
3	0.117203	0.112450	0.108910	0.124338	0.111805	0.116117	0.104480	0.101768	0.102929
4	0.118583	0.110372	0.105286	0.129274	0.116582	0.115304	0.104503	0.098942	0.101154
5	0.119811	0.108063	0.101427	0.134472	0.121581	0.114364	0.104765	0.095870	0.099647
6	0.121171	0.105463	0.097239	0.139741	0.126666	0.113659	0.104525	0.092949	0.098587
7	0.122663	0.102996	0.093217	0.144802	0.132222	0.112013	0.104651	0.089677	0.097759
8	0.124058	0.100083	0.089051	0.149820	0.137789	0.110660	0.104606	0.087038	0.096895
9	0.125282	0.097569	0.085049	0.154872	0.142949	0.109154	0.104804	0.084159	0.096162
10	0.126877	0.094736	0.081558	0.159764	0.148471	0.107927	0.104728	0.080839	0.095100
11	0.127812	0.092315	0.078309	0.164348	0.154486	0.106695	0.104295	0.077673	0.094067
12	0.128955	0.089579	0.075184	0.169345	0.159584	0.105301	0.104111	0.074698	0.093243
13	0.130144	0.087106	0.072129	0.174452	0.165149	0.103516	0.103320	0.071794	0.092390
14	0.131638	0.084715	0.069273	0.179097	0.170217	0.101553	0.102757	0.068991	0.091759
15	0.132664	0.082340	0.066672	0.183982	0.175640	0.099798	0.101816	0.065913	0.091175
16	0.133741	0.079710	0.063871	0.188767	0.180647	0.098031	0.101313	0.063285	0.090635
17	0.135117	0.077597	0.060991	0.193527	0.185976	0.095966	0.100560	0.060492	0.089774
18	0.136089	0.075377	0.058629	0.198093	0.190826	0.094230	0.099790	0.058104	0.088862
19	0.137343	0.072887	0.056156	0.202514	0.196020	0.092409	0.098904	0.055623	0.088144
20	0.138571	0.070379	0.053892	0.207207	0.200873	0.090234	0.098162	0.053166	0.087516
21	0.139187	0.068347	0.051997	0.211524	0.206054	0.088263	0.097149	0.050789	0.086690
22	0.140547	0.066071	0.050240	0.215315	0.210809	0.086720	0.095769	0.048613	0.085916
23	0.141592	0.064034	0.048093	0.219813	0.215235	0.084866	0.094652	0.046476	0.085239
24	0.142396	0.062135	0.046133	0.223977	0.220416	0.082947	0.093520	0.044161	0.084315
25	0.143632	0.059966	0.044531	0.228075	0.225059	0.080852	0.092350	0.042020	0.083515
26	0.144493	0.057909	0.042674	0.232391	0.229495	0.079049	0.091252	0.039962	0.082775
27	0.145582	0.056051	0.041109	0.235914	0.234336	0.077053	0.090294	0.037776	0.081885
28	0.146615	0.053928	0.039367	0.239970	0.238715	0.075334	0.088947	0.035954	0.081170
29	0.147356	0.051611	0.037779	0.244133	0.243559	0.073429	0.087784	0.034008	0.080341
30	0.148425	0.049887	0.036146	0.247892	0.247933	0.071404	0.086437	0.032330	0.079546
31	0.149724	0.048266	0.034676	0.251374	0.251792	0.070099	0.084917	0.030714	0.078438
32	0.150486	0.046704	0.033161	0.254810	0.255962	0.068478	0.083497	0.029211	0.077691
33	0.151531	0.045222	0.031975	0.258187	0.259690	0.066633	0.082203	0.027652	0.076907
34	0.151995	0.043221	0.030825	0.262047	0.263739	0.064842	0.080995	0.026308	0.076028
35	0.152849	0.041602	0.029604	0.266263	0.267288	0.063072	0.079673	0.024936	0.074713
36	0.153279	0.040454	0.028281	0.269585	0.270775	0.061889	0.078227	0.023477	0.074033
37	0.154174	0.038625	0.027289	0.273155	0.274307	0.060380	0.076744	0.022290	0.073036
38	0.154995	0.037322	0.026158	0.276910	0.277247	0.058909	0.075162	0.021114	0.072183
39	0.155731	0.036011	0.025147	0.280490	0.280596	0.057136	0.073630	0.019815	0.071444
40	0.156230	0.034698	0.024028	0.283982	0.283701	0.055753	0.072381	0.018644	0.070583
41	0.156968	0.033385	0.023094	0.287048	0.286629	0.054289	0.070936	0.017802	0.069849
42	0.157641	0.032105	0.022016	0.289819	0.290397	0.052714	0.069678	0.016611	0.069019
43	0.158340	0.030888	0.021165	0.293198	0.293276	0.051451	0.068224	0.015583	0.067875
44	0.158765	0.029582	0.020502	0.296099	0.296597	0.050329	0.066550	0.014708	0.066868
45	0.159213	0.028529	0.019523	0.299138	0.299659	0.048852	0.065198	0.013813	0.066075
46	0.160250	0.027465	0.018712	0.302122	0.302440	0.047527	0.063609	0.012910	0.064965
47	0.160714	0.026431	0.017956	0.305359	0.304495	0.046203	0.062277	0.012315	0.064250
48	0.161311	0.025319	0.017220	0.308086	0.307199	0.044892	0.060933	0.011580	0.063460
49	0.162217	0.024481	0.016611	0.310853	0.309330	0.043568	0.059488	0.010831	0.062621
50	0.162585	0.023433	0.016000	0.314179	0.311650	0.042144	0.058121	0.010207	0.061681
51	0.163464	0.022697	0.015335	0.316977	0.313427	0.041052	0.056668	0.009619	0.060761
52	0.163759	0.021865	0.014860	0.319854	0.315690	0.039975	0.055014	0.009153	0.059830
53	0.164348	0.021034	0.014228	0.322346	0.317740	0.039131	0.053765	0.008540	0.058868
54	0.164839	0.020209	0.013709	0.325074	0.319816	0.037985	0.052382	0.007965	0.058021
55	0.165504	0.019419	0.013123	0.328156	0.321494	0.036813	0.050894	0.007375	0.057222
56	0.166508	0.018660	0.012626	0.330528	0.322996	0.035567	0.049795	0.006880	0.056440
57	0.166819	0.018086	0.012162	0.333002	0.324703	0.034561	0.048433	0.006508	0.055726
58	0.167437	0.017347	0.011781	0.335795	0.325818	0.033773	0.047291	0.006057	0.054701
59	0.167751	0.016762	0.011440	0.338186	0.327539	0.032551	0.046170	0.005674	0.053927
60	0.168289	0.016010	0.010934	0.340349	0.329515	0.031653	0.045039	0.005373	0.052838
61	0.168842	0.015460	0.010627	0.343202	0.330499	0.030779	0.043698	0.005015	0.051878
62	0.169030	0.014807	0.010207	0.345705	0.331860	0.029906	0.042297	0.004691	0.051497
63	0.169736	0.014207	0.009806	0.347859	0.333175	0.029117	0.040867	0.004459	0.050774
64	0.170163	0.013535	0.009429	0.350241	0.334434	0.028162	0.039870	0.004174	0.049992
65	0.170500	0.013028	0.009097	0.352788	0.335472	0.027370	0.038702	0.003887	0.049156
66	0.171311	0.012653	0.008698	0.354792	0.336521	0.026560	0.037599	0.003626	0.048240
67	0.171591	0.012095	0.008497	0.357714	0.337192	0.025762	0.036366	0.003308	0.047475
68	0.171982	0.011751	0.008096	0.359781	0.338296	0.025063	0.035338	0.003101	0.046592
69	0.172225	0.011186	0.007804	0.361866	0.339450	0.024362	0.034294	0.002882	0.045931
70	0.172876	0.010720	0.007564	0.363832	0.340121	0.023715	0.033304	0.002729	0.045139
71	0.173293	0.010369	0.007314	0.365514	0.341020	0.023092	0.032257	0.002635	0.044506
72	0.173651	0.009823	0.007096	0.367539	0.341762	0.022531	0.031309	0.002349	0.043940
73	0.173868	0.009447	0.006774	0.369980	0.342256	0.021774	0.030510	0.002181	0.043210
74	0.173688	0.009053	0.006460	0.372725	0.342671	0.021309	0.029482	0.002050	0.042562
75	0.174170	0.008654	0.006216	0.374389	0.343398	0.020732	0.028645	0.001864	0.041932
76	0.174577	0.008410	0.005998	0.376108	0.343834	0.020040	0.027887	0.001798	0.041348
77	0.174545	0.008161	0.005874	0.378433	0.344111	0.019554	0.026978	0.001714	0.040630
78	0.175167	0.007894	0.005635	0.380132	0.344459	0.018875	0.026124	0.001638	0.040076
79	0.175184	0.007466	0.005525	0.382429	0.344882	0.018372	0.025222	0.001538	0.039382
80	0.175342	0.007098	0.005271	0.384362	0.345539	0.017827	0.024453	0.001443	0.038665
81	0.175676	0.006833	0.005050	0.386640	0.345712	0.017127	0.023829	0.001316	0.037817
82	0.175867	0.006579	0.004921	0.388498	0.345857	0.016555	0.023118	0.001236	0.037369
83	0.176247	0.006292	0.004799	0.390297	0.346051	0.016053	0.022366	0.001162	0.036733
84	0.176173	0.006030	0.004630	0.392439	0.346108	0.015612	0.021711	0.001066	0.036231
85	0.176627	0.005769	0.004510	0.393989	0.346384	0.015208	0.020972	0.001004	0.035537
86	0.177022	0.005555	0.004280	0.396374	0.346157	0.014550	0.020119	0.000923	0.035020
87	0.177130	0.005246	0.004195	0.397874	0.346336	0.014176	0.019655	0.000858	0.034530
88	0.177585	0.005019	0.004070	0.400018	0.345875	0.013693	0.019012	0.000783	0.033945
89	0.178270	0.004883	0.003919	0.401278	0.345734	0.013373	0.018459	0.000743	0.033341
90	0.178265	0.004647	0.003809	0.403297	0.345490	0.012977	0.017841	0.000691	0.032983
91	0.178181	0.004339	0.003722	0.405103	0.345759	0.012505	0.017260	0.000635	0.032496
92	0.178353	0.004218	0.003661	0.406788	0.345560	0.012273	0.016617	0.000604	0.031926
93	0.178756	0.004093	0.003467	0.408450	0.345194	0.011898	0.016066	0.000569	0.031507
94	0.178620	0.003948	0.003355	0.409897	0.345511	0.011546	0.015584	0.000545	0.030994
95	0.179184	0.003792	0.003189	0.411348	0.345288	0.011222	0.014981	0.000519	0.030477
96	0.179337	0.003637	0.003120	0.413371	0.344771	0.010909	0.014443	0.000473	0.029939
97	0.179363	0.003463	0.003008	0.414730	0.345055	0.010592	0.014039	0.000405	0.029345
98	0.179713	0.003356	0.002922	0.416793	0.344290	0.010060	0.013517	0.000369	0.028980
99	0.180268	0.003252	0.002857	0.418026	0.343954	0.009734	0.012969	0.000348	0.028592
0	0.099185	0.100141	0.099713	0.100157	0.200368	0.100010	0.100465	0.100042	0.099919
0	0.099185	0.100141	0.099713	0.100157	0.200368	0.100010	0.100465	0.100042	0.099919
1	0.100608	0.100731	0.100648	0.103858	0.207391	0.103669	0.094557	0.094182	0.094356
2	0.101198	0.099222	0.098545	0.108363	0.215128	0.105030	0.091890	0.090001	0.090623
3	0.102012	0.096883	0.094835	0.113152	0.224372	0.105283	0.090017	0.085883	0.087563
4	0.102614	0.094322	0.090693	0.117541	0.233772	0.104451	0.089198	0.082113	0.085296
5	0.102955	0.090968	0.086402	0.121883	0.243327	0.104198	0.087966	0.078765	0.083536
6	0.103222	0.087513	0.082380	0.126789	0.252710	0.103580	0.087083	0.075244	0.081479
7	0.103433	0.084479	0.078505	0.131535	0.262148	0.102603	0.086113	0.071715	0.079469
8	0.103809	0.081253	0.074861	0.135649	0.271067	0.101845	0.085191	0.068610	0.077715
9	0.103787	0.077688	0.070897	0.140174	0.280944	0.100695	0.084089	0.065280	0.076446
10	0.104057	0.074904	0.067493	0.144706	0.289860	0.099046	0.083310	0.061882	0.074742
11	0.104029	0.071889	0.064105	0.149201	0.298681	0.097538	0.082177	0.058880	0.073500
12	0.103952	0.068749	0.060992	0.153467	0.307732	0.096191	0.080712	0.055905	0.072300
13	0.104352	0.065629	0.057960	0.157926	0.316784	0.094148	0.079308	0.052915	0.070978
14	0.104394	0.062731	0.055268	0.162210	0.325262	0.092491	0.077951	0.049841	0.069852
15	0.104135	0.059977	0.052687	0.166352	0.333708	0.091412	0.076231	0.047301	0.068197
16	0.104314	0.057128	0.049728	0.170060	0.342134	0.089802	0.074922	0.044508	0.067404
17	0.104116	0.054701	0.047473	0.174329	0.349762	0.088161	0.073499	0.041828	0.066131
18	0.104141	0.052296	0.045100	0.178240	0.357370	0.086499	0.071825	0.039363	0.065166
19	0.103681	0.049970	0.042920	0.182251	0.364988	0.084938	0.070116	0.036978	0.064158
20	0.103137	0.047361	0.040970	0.185968	0.372823	0.083275	0.068720	0.034801	0.062945
21	0.103032	0.044653	0.038944	0.189840	0.379984	0.081585	0.067311	0.032702	0.061949
22	0.103337	0.042319	0.037032	0.193788	0.386792	0.079909	0.065584	0.030612	0.060627
23	0.102905	0.040366	0.034950	0.197720	0.393517	0.078199	0.064187	0.028565	0.059591
24	0.102732	0.038406	0.033189	0.201691	0.399420	0.076718	0.062816	0.026805	0.058223
25	0.102269	0.036306	0.031334	0.205426	0.405817	0.075114	0.061167	0.025278	0.057289
26	0.101747	0.034432	0.029942	0.209217	0.411924	0.073379	0.059472	0.023458	0.056429
27	0.101468	0.032666	0.028569	0.212914	0.417452	0.071824	0.057717	0.022097	0.055293
28	0.100794	0.031136	0.027223	0.216128	0.423113	0.070236	0.056502	0.020543	0.054325
29	0.100656	0.029493	0.025904	0.219443	0.428499	0.068659	0.055165	0.019049	0.053132
30	0.100597	0.028096	0.024615	0.223096	0.433054	0.067243	0.053505	0.017822	0.051972
31	0.099888	0.026672	0.023458	0.226645	0.438050	0.065517	0.052135	0.016563	0.051072
32	0.099383	0.025462	0.022260	0.229982	0.442593	0.064172	0.050704	0.015481	0.049963
33	0.098779	0.024142	0.021309	0.233154	0.446773	0.062814	0.049454	0.014361	0.049214
34	0.098279	0.022848	0.020411	0.236704	0.450620	0.061677	0.047957	0.013297	0.048207
35	0.097823	0.021650	0.019316	0.240231	0.454619	0.060184	0.046657	0.012356	0.047164
36	0.097388	0.020456	0.018273	0.243490	0.458360	0.058712	0.045397	0.011530	0.046394
37	0.096660	0.019336	0.017239	0.246694	0.462291	0.057413	0.044051	0.010821	0.045495
38	0.096054	0.018452	0.016400	0.250181	0.465364	0.056283	0.042658	0.009963	0.044645
39	0.096037	0.017577	0.015515	0.252927	0.468577	0.055003	0.041538	0.009228	0.043598
40	0.095399	0.016568	0.014728	0.256152	0.471768	0.053615	0.040364	0.008611	0.042795
41	0.095105	0.015613	0.014014	0.259044	0.474673	0.052420	0.039119	0.008039	0.041973
42	0.094381	0.014661	0.013283	0.262380	0.477435	0.051250	0.037971	0.007490	0.041149
43	0.094074	0.013888	0.012794	0.265734	0.479596	0.049919	0.036762	0.006904	0.040329
44	0.093604	0.013179	0.012118	0.268593	0.482218	0.048557	0.035745	0.006307	0.039679
45	0.092999	0.012520	0.011527	0.271900	0.483957	0.047528	0.034640	0.005929	0.039000
46	0.092372	0.011755	0.010992	0.275087	0.485943	0.046707	0.033507	0.005573	0.038064
47	0.091994	0.011107	0.010495	0.278127	0.488108	0.045460	0.032333	0.005117	0.037259
48	0.090845	0.010510	0.010120	0.281377	0.490444	0.044247	0.031252	0.004763	0.036442
49	0.090415	0.010049	0.009559	0.284513	0.492108	0.043152	0.030253	0.004434	0.035517
50	0.089638	0.009489	0.009176	0.287293	0.493917	0.042037	0.029309	0.004179	0.034962
51	0.088934	0.008956	0.008776	0.290352	0.495785	0.041076	0.028069	0.003868	0.034184
52	0.088026	0.008373	0.008348	0.293461	0.497539	0.040048	0.026975	0.003629	0.033601
53	0.087264	0.007947	0.007856	0.296369	0.499027	0.039139	0.025951	0.003358	0.033089
54	0.086814	0.007614	0.007547	0.299313	0.499994	0.038100	0.025090	0.003065	0.032463
55	0.086194	0.007253	0.007270	0.302881	0.500125	0.037271	0.024274	0.002796	0.031936
56	0.085501	0.006740	0.006905	0.305742	0.501228	0.036499	0.023428	0.002577	0.031380
57	0.085036	0.006378	0.006629	0.308826	0.501867	0.035534	0.022727	0.002389	0.030614
58	0.084219	0.005967	0.006296	0.311373	0.503357	0.034671	0.021992	0.002161	0.029964
59	0.083748	0.005637	0.006132	0.314729	0.503619	0.033540	0.021267	0.002051	0.029277
60	0.083371	0.005398	0.005926	0.317615	0.503883	0.032707	0.020502	0.001909	0.028689
61	0.082523	0.005058	0.005621	0.320574	0.504723	0.031908	0.019706	0.001750	0.028137
62	0.081900	0.004844	0.005315	0.323418	0.505400	0.030942	0.019057	0.001633	0.027491
63	0.081409	0.004619	0.005082	0.326422	0.505485	0.030144	0.018311	0.001545	0.026983
64	0.080925	0.004381	0.004824	0.329293	0.505700	0.029510	0.017664	0.001400	0.026303
65	0.080377	0.004157	0.004652	0.332240	0.505847	0.028674	0.017031	0.001290	0.025732
66	0.079746	0.003892	0.004544	0.334975	0.506067	0.028023	0.016293	0.001200	0.025260
67	0.079406	0.003618	0.004317	0.338127	0.505963	0.027094	0.015757	0.001084	0.024634
68	0.078922	0.003387	0.004149	0.341125	0.505455	0.026584	0.015143	0.001046	0.024189
69	0.078687	0.003185	0.003934	0.344223	0.505069	0.025948	0.014351	0.000944	0.023659
70	0.078096	0.003104	0.003752	0.346847	0.504798	0.025344	0.013940	0.000891	0.023228
71	0.077554	0.002997	0.003550	0.349583	0.504448	0.024839	0.013509	0.000826	0.022694
72	0.077243	0.002859	0.003398	0.352356	0.504169	0.024092	0.013005	0.000772	0.022106
73	0.076720	0.002664	0.003278	0.354917	0.503990	0.023576	0.012633	0.000724	0.021498
74	0.076400	0.002542	0.003208	0.357125	0.503992	0.022918	0.012104	0.000638	0.021073
75	0.075885	0.002370	0.003045	0.360262	0.503161	0.022322	0.011614	0.000613	0.020728
76	0.075516	0.002275	0.002902	0.362898	0.502612	0.021689	0.011252	0.000542	0.020314
77	0.075077	0.002161	0.002755	0.365590	0.502011	0.021263	0.010807	0.000519	0.019817
78	0.074588	0.002037	0.002644	0.368248	0.501554	0.020622	0.010335	0.000491	0.019481
79	0.074048	0.001882	0.002504	0.371644	0.500346	0.020104	0.010048	0.000446	0.018978
80	0.073587	0.001768	0.002404	0.374073	0.500023	0.019511	0.009633	0.000420	0.018581
81	0.073066	0.001692	0.002328	0.376792	0.499536	0.018798	0.009266	0.000383	0.018139
82	0.072783	0.001668	0.002217	0.379755	0.498090	0.018341	0.008956	0.000366	0.017824
83	0.072284	0.001580	0.002109	0.382504	0.497189	0.017941	0.008593	0.000332	0.017468
84	0.071968	0.001523	0.001999	0.385411	0.495818	0.017612	0.008221	0.000318	0.017130
85	0.071523	0.001462	0.001908	0.388366	0.494617	0.017302	0.007903	0.000297	0.016622
86	0.071021	0.001411	0.001827	0.391013	0.493579	0.016934	0.007615	0.000270	0.016330
87	0.070661	0.001350	0.001743	0.394079	0.492146	0.016433	0.007326	0.000241	0.016021
88	0.070175	0.001317	0.001669	0.396993	0.490783	0.016067	0.007023	0.000208	0.015765
89	0.070056	0.001240	0.001578	0.399898	0.489444	0.015511	0.006755	0.000193	0.015325
90	0.069882	0.001187	0.001498	0.402623	0.488133	0.015110	0.006483	0.000178	0.014906
91	0.069610	0.001089	0.001439	0.405125	0.486957	0.014836	0.006131	0.000175	0.014638
92	0.069277	0.001039	0.001355	0.408030	0.485454	0.014442	0.005843	0.000172	0.014388
93	0.068968	0.000966	0.001377	0.410574	0.484188	0.014038	0.005640	0.000164	0.014085
94	0.068448	0.000918	0.001319	0.413411	0.482876	0.013685	0.005395	0.000139	0.013809
95	0.068309	0.000863	0.001270	0.416247	0.480936	0.013470	0.005152	0.000124	0.013629
96	0.067718	0.000845	0.001187	0.418820	0.479761	0.013232	0.004906	0.000110	0.013421
97	0.067669	0.000795	0.001180	0.421894	0.477627	0.012835	0.004754	0.000106	0.013140
98	0.067392	0.000755	0.001094	0.424455	0.476319	0.012452	0.004656	0.000105	0.012772
99	0.067250	0.000734	0.001046	0.427362	0.474473	0.012106	0.004365	0.000093	0.012571
0	0.087310	0.087769	0.087682	0.087193	0.300165	0.087571	0.087699	0.087464	0.087147
0	0.087310	0.087769	0.087682	0.087193	0.300165	0.087571	0.087699	0.087464	0.087147
1	0.087111	0.087825	0.087989	0.090647	0.311337	0.090699	0.081609	0.081315	0.081468
2	0.087076	0.085806	0.084984	0.094669	0.324299	0.091896	0.077948	0.076179	0.077143
3	0.086749	0.083015	0.081184	0.099000	0.337294	0.092231	0.075637	0.071485	0.073405
4	0.085954	0.079452	0.076754	0.103328	0.350087	0.092175	0.073696	0.067586	0.070968
5	0.085606	0.076055	0.072531	0.107209	0.362692	0.092091	0.072001	0.063426	0.068389
6	0.084697	0.072825	0.068379	0.111206	0.375721	0.091475	0.069972	0.059485	0.066240
7	0.084246	0.069406	0.064209	0.114835	0.387571	0.090780	0.068449	0.055868	0.064636
8	0.083570	0.065842	0.060501	0.118903	0.399854	0.089644	0.066641	0.052493	0.062552
9	0.082875	0.062116	0.057152	0.122929	0.411709	0.088571	0.064855	0.049094	0.060699
10	0.081959	0.058707	0.053829	0.126518	0.422734	0.088088	0.063198	0.045887	0.059080
11	0.081293	0.055458	0.050702	0.129659	0.434577	0.086556	0.061707	0.042771	0.057277
12	0.080292	0.052137	0.047661	0.133316	0.445280	0.085324	0.060207	0.040076	0.055707
13	0.079230	0.049380	0.044851	0.137544	0.455423	0.084009	0.058072	0.037258	0.054233
14	0.078502	0.046479	0.042412	0.141033	0.465278	0.082574	0.056246	0.034779	0.052697
15	0.077484	0.043674	0.039916	0.144900	0.474876	0.081034	0.054506	0.032249	0.051361
16	0.076357	0.040815	0.037727	0.148512	0.484146	0.079714	0.052939	0.029621	0.050169
17	0.075493	0.038424	0.035377	0.151696	0.492870	0.078092	0.051427	0.027689	0.048932
18	0.074810	0.036160	0.033289	0.155438	0.500622	0.076889	0.049840	0.025604	0.047348
19	0.073894	0.033891	0.031334	0.158906	0.508972	0.075381	0.048033	0.023367	0.046222
20	0.072937	0.031676	0.029429	0.162380	0.516543	0.073916	0.046490	0.021522	0.045107
21	0.072190	0.029897	0.027486	0.164832	0.524343	0.072577	0.044869	0.019924	0.043882
22	0.071095	0.027991	0.025836	0.168405	0.531215	0.071182	0.043174	0.018299	0.042803
23	0.070279	0.026032	0.024375	0.171637	0.537322	0.069927	0.041663	0.017027	0.041738
24	0.069214	0.024524	0.022999	0.174751	0.543437	0.068603	0.040141	0.015656	0.040675
25	0.068170	0.022882	0.021616	0.178124	0.549295	0.066887	0.038890	0.014534	0.039602
26	0.067118	0.021364	0.020335	0.181032	0.555130	0.065817	0.037396	0.013349	0.038459
27	0.066095	0.019999	0.019202	0.183762	0.560611	0.064707	0.035885	0.012302	0.037437
28	0.064942	0.018593	0.017911	0.186651	0.566098	0.063104	0.034763	0.011394	0.036544
29	0.063831	0.017344	0.016777	0.189471	0.571406	0.061790	0.033532	0.010454	0.035395
30	0.063122	0.016323	0.015823	0.192755	0.575115	0.060555	0.032282	0.009561	0.034464
31	0.061952	0.015183	0.014794	0.195764	0.579232	0.059451	0.031159	0.008849	0.033616
32	0.060884	0.014289	0.013884	0.199020	0.582983	0.058190	0.029737	0.008077	0.032936
33	0.060005	0.013333	0.013046	0.202164	0.586351	0.057057	0.028677	0.007407	0.031960
34	0.059258	0.012270	0.012286	0.205130	0.589724	0.055756	0.027586	0.006794	0.031196
35	0.058164	0.011337	0.011546	0.208330	0.592969	0.054661	0.026369	0.006320	0.030304
36	0.057485	0.010648	0.010842	0.211058	0.596051	0.053486	0.025246	0.005769	0.029415
37	0.056383	0.010052	0.010299	0.213764	0.599054	0.052150	0.024237	0.005322	0.028739
38	0.055437	0.009358	0.009681	0.216829	0.601567	0.051166	0.023265	0.004904	0.027793
39	0.054325	0.008723	0.009212	0.219737	0.604054	0.050151	0.022370	0.004484	0.026944
40	0.053351	0.008207	0.008635	0.222747	0.606307	0.049022	0.021385	0.004139	0.026207
41	0.052537	0.007685	0.008231	0.225961	0.608188	0.047822	0.020396	0.003854	0.025326
42	0.051928	0.007157	0.007744	0.228746	0.609556	0.046919	0.019666	0.003437	0.024847
43	0.051046	0.006592	0.007285	0.231902	0.611228	0.045716	0.018820	0.003206	0.024205
44	0.050415	0.006159	0.006832	0.234551	0.612837	0.044650	0.018064	0.002920	0.023572
45	0.049701	0.005699	0.006419	0.237224	0.614622	0.043801	0.017083	0.002661	0.022790
46	0.049084	0.005264	0.006104	0.239888	0.616081	0.042664	0.016299	0.002444	0.022172
47	0.048208	0.004843	0.005816	0.242900	0.616873	0.041754	0.015684	0.002306	0.021616
48	0.047552	0.004517	0.005437	0.245976	0.617860	0.040575	0.014961	0.002117	0.021005
49	0.046679	0.004301	0.005166	0.248882	0.618393	0.039954	0.014330	0.001905	0.020390
50	0.045791	0.004016	0.004959	0.252262	0.618683	0.038942	0.013751	0.001725	0.019871
51	0.045076	0.003735	0.004639	0.254919	0.619671	0.037924	0.013149	0.001593	0.019294
52	0.044666	0.003447	0.004463	0.257907	0.619511	0.037130	0.012713	0.001439	0.018724
53	0.044019	0.003198	0.004194	0.260390	0.620199	0.036280	0.012125	0.001314	0.018281
54	0.043335	0.003004	0.004021	0.263181	0.620360	0.035499	0.011560	0.001227	0.017813
55	0.042838	0.002821	0.003864	0.266022	0.620200	0.034691	0.011139	0.001143	0.017282
56	0.042189	0.002630	0.003640	0.268955	0.620162	0.034139	0.010565	0.001013	0.016707
57	0.041445	0.002441	0.003388	0.272204	0.619804	0.033457	0.010009	0.000921	0.016331
58	0.040920	0.002320	0.003258	0.275314	0.619509	0.032498	0.009482	0.000849	0.015850
59	0.040027	0.002191	0.003127	0.278446	0.619085	0.031823	0.009137	0.000776	0.015388
60	0.039609	0.002016	0.002944	0.281567	0.618341	0.031213	0.008671	0.000715	0.014924
61	0.039088	0.001877	0.002841	0.284467	0.617623	0.030640	0.008331	0.000652	0.014481
62	0.038495	0.001765	0.002681	0.287063	0.617176	0.030054	0.007910	0.000597	0.014259
63	0.038107	0.001666	0.002572	0.289740	0.616575	0.029417	0.007553	0.000522	0.013848
64	0.037604	0.001531	0.002450	0.292213	0.616162	0.028893	0.007184	0.000488	0.013475
65	0.037139	0.001444	0.002345	0.294772	0.615580	0.028382	0.006878	0.000452	0.013008
66	0.036740	0.001374	0.002221	0.297907	0.614577	0.027628	0.006467	0.000405	0.012681
67	0.036294	0.001326	0.002070	0.300928	0.613413	0.027048	0.006292	0.000387	0.012242
68	0.035858	0.001234	0.001982	0.303946	0.612258	0.026463	0.005892	0.000336	0.012031
69	0.035354	0.001152	0.001837	0.306850	0.611206	0.025952	0.005590	0.000345	0.011714
70	0.034921	0.001033	0.001725	0.310053	0.609790	0.025383	0.005346	0.000320	0.011429
71	0.034589	0.000931	0.001638	0.313111	0.608307	0.024797	0.005191	0.000305	0.011131
72	0.034092	0.000861	0.001560	0.315897	0.607225	0.024242	0.004943	0.000279	0.010901
73	0.033731	0.000805	0.001466	0.319108	0.605618	0.023633	0.004746	0.000246	0.010647
74	0.033394	0.000730	0.001412	0.321850	0.604341	0.023159	0.004483	0.000222	0.010409
75	0.032918	0.000708	0.001304	0.324698	0.603238	0.022604	0.004276	0.000215	0.010039
76	0.032471	0.000685	0.001219	0.327311	0.602154	0.022100	0.004056	0.000202	0.009802
77	0.032273	0.000620	0.001165	0.330160	0.600603	0.021582	0.003846	0.000179	0.009572
78	0.032028	0.000603	0.001125	0.332571	0.599176	0.021243	0.003724	0.000178	0.009352
79	0.031795	0.000551	0.001044	0.335583	0.597348	0.020932	0.003529	0.000158	0.009060
80	0.031321	0.000526	0.000991	0.338513	0.595849	0.020542	0.003305	0.000140	0.008813
81	0.031029	0.000502	0.000943	0.341624	0.593907	0.020173	0.003121	0.000129	0.008572
82	0.030596	0.000468	0.000925	0.344597	0.592166	0.019793	0.003004	0.000117	0.008334
83	0.030287	0.000449	0.000865	0.347809	0.590285	0.019287	0.002782	0.000112	0.008124
84	0.030104	0.000410	0.000850	0.350682	0.588511	0.018690	0.002697	0.000103	0.007953
85	0.029770	0.000391	0.000793	0.354079	0.586235	0.018284	0.002561	0.000095	0.007792
86	0.029598	0.000358	0.000773	0.356950	0.584317	0.017830	0.002468	0.000103	0.007603
87	0.029384	0.000350	0.000769	0.360201	0.582276	0.017329	0.002233	0.000103	0.007355
88	0.029162	0.000319	0.000747	0.362883	0.580602	0.016907	0.002150	0.000101	0.007129
89	0.028926	0.000328	0.000677	0.366309	0.578226	0.016499	0.002067	0.000093	0.006875
90	0.028549	0.000306	0.000660	0.369006	0.576578	0.016150	0.001908	0.000080	0.006763
91	0.028230	0.000299	0.000631	0.371723	0.574792	0.015878	0.001810	0.000070	0.006567
92	0.027878	0.000284	0.000593	0.374777	0.572717	0.015473	0.001728	0.000070	0.006480
93	0.027687	0.000287	0.000564	0.377950	0.570454	0.015152	0.001585	0.000069	0.006252
94	0.027463	0.000259	0.000538	0.380799	0.568383	0.014879	0.001516	0.000056	0.006107
95	0.027014	0.000250	0.000519	0.383841	0.566280	0.014525	0.001479	0.000041	0.006051
96	0.026856	0.000224	0.000509	0.386644	0.564347	0.014173	0.001382	0.000044	0.005821
97	0.026772	0.000215	0.000465	0.389609	0.562032	0.013851	0.001327	0.000044	0.005685
98	0.026699	0.000206	0.000440	0.392689	0.559503	0.013569	0.001290	0.000038	0.005566
99	0.026414	0.000201	0.000430	0.395597	0.557585	0.013090	0.001222	0.000044	0.005417
0	0.075051	0.075125	0.074772	0.074833	0.399974	0.075630	0.075178	0.074957	0.074480
0	0.075051	0.075125	0.074772	0.074833	0.399974	0.075630	0.075178	0.074957	0.074480
1	0.074302	0.074438	0.073805	0.077949	0.415412	0.078126	0.068631	0.068878	0.068459
2	0.073180	0.071928	0.070854	0.081404	0.431352	0.079552	0.064149	0.063337	0.064244
3	0.071932	0.068443	0.066918	0.084986	0.447106	0.080283	0.061240	0.058689	0.060403
4	0.070886	0.064846	0.063020	0.088626	0.461932	0.080232	0.058945	0.054167	0.057346
5	0.069638	0.060870	0.058834	0.092034	0.477314	0.079690	0.056581	0.050253	0.054786
6	0.067973	0.057454	0.054940	0.095787	0.491107	0.079048	0.054676	0.046631	0.052384
7	0.066471	0.053832	0.051084	0.098888	0.505428	0.078446	0.052862	0.042956	0.050033
8	0.065042	0.050286	0.047502	0.102590	0.518527	0.077447	0.050884	0.039785	0.047937
9	0.063570	0.046882	0.044258	0.105738	0.530892	0.076902	0.049104	0.036586	0.046068
10	0.062055	0.043649	0.041190	0.108507	0.543209	0.076284	0.047381	0.033464	0.044261
11	0.060874	0.040609	0.038296	0.111704	0.554592	0.075126	0.045427	0.030811	0.042561
12	0.059438	0.037703	0.035700	0.114617	0.565820	0.074135	0.043404	0.028216	0.040967
13	0.058216	0.035050	0.033221	0.117818	0.576214	0.072880	0.041496	0.025669	0.039436
14	0.056884	0.032471	0.030993	0.120545	0.586297	0.071908	0.039716	0.023322	0.037864
15	0.055594	0.030063	0.028838	0.123631	0.595198	0.070983	0.037945	0.021332	0.036416
16	0.054508	0.027609	0.026672	0.126172	0.604075	0.069866	0.036484	0.019530	0.035084
17	0.053198	0.025747	0.025025	0.129013	0.611680	0.068573	0.035224	0.017789	0.033751
18	0.052071	0.023691	0.023312	0.131459	0.619897	0.067329	0.033499	0.016112	0.032630
19	0.050833	0.021825	0.021709	0.134438	0.626762	0.066369	0.031983	0.014736	0.031345
20	0.049853	0.020175	0.020244	0.136940	0.633757	0.065126	0.030373	0.013397	0.030135
21	0.048508	0.018623	0.018930	0.139613	0.639944	0.063943	0.029007	0.012306	0.029126
22	0.047247	0.017048	0.017564	0.141911	0.646679	0.062728	0.027754	0.011183	0.027886
23	0.046111	0.015789	0.016442	0.144622	0.651895	0.061811	0.026444	0.009997	0.026889
24	0.045056	0.014559	0.015363	0.147530	0.656666	0.060393	0.025231	0.009035	0.026167
25	0.043856	0.013367	0.014271	0.150213	0.661609	0.059008	0.024113	0.008193	0.025370
26	0.042641	0.012337	0.013330	0.152944	0.666402	0.057859	0.022824	0.007252	0.024411
27	0.041585	0.011417	0.012356	0.155541	0.670296	0.056676	0.021855	0.006643	0.023631
28	0.040637	0.010539	0.011470	0.158331	0.673964	0.055441	0.020897	0.006004	0.022717
29	0.039478	0.009647	0.010724	0.160985	0.677190	0.054421	0.019979	0.005513	0.022063
30	0.038590	0.008820	0.009990	0.163709	0.679974	0.053739	0.018929	0.004948	0.021301
31	0.037590	0.008134	0.009307	0.165908	0.683594	0.052545	0.017849	0.004585	0.020488
32	0.036775	0.007536	0.008705	0.168190	0.686232	0.051696	0.017030	0.004129	0.019707
33	0.035911	0.006884	0.008093	0.170759	0.688861	0.050649	0.016145	0.003641	0.019057
34	0.035035	0.006359	0.007472	0.172992	0.691627	0.049485	0.015327	0.003360	0.018343
35	0.034242	0.005855	0.006993	0.175614	0.693522	0.048324	0.014611	0.003067	0.017772
36	0.033251	0.005434	0.006553	0.178169	0.695270	0.047468	0.013979	0.002721	0.017155
37	0.032595	0.004910	0.006160	0.180618	0.697203	0.046384	0.013116	0.002437	0.016577
38	0.031855	0.004579	0.005627	0.182817	0.698912	0.045632	0.012336	0.002192	0.016050
39	0.030953	0.004205	0.005257	0.185438	0.700189	0.044750	0.011742	0.001930	0.015536
40	0.030070	0.003935	0.004883	0.187863	0.701371	0.043953	0.011207	0.001734	0.014984
41	0.029460	0.003632	0.004507	0.190680	0.702082	0.043004	0.010514	0.001608	0.014513
42	0.028693	0.003323	0.004242	0.193024	0.703279	0.042051	0.010000	0.001416	0.013972
43	0.027714	0.003029	0.003976	0.196193	0.703422	0.041324	0.009438	0.001309	0.013595
44	0.026965	0.002771	0.003734	0.198824	0.704047	0.040290	0.009099	0.001221	0.013049
45	0.026325	0.002518	0.003447	0.200873	0.704947	0.039494	0.008557	0.001142	0.012697
46	0.025607	0.002332	0.003230	0.203655	0.705409	0.038461	0.007995	0.001053	0.012258
47	0.025115	0.002172	0.002920	0.206320	0.705549	0.037547	0.007600	0.000955	0.011822
48	0.024552	0.001981	0.002757	0.209091	0.705489	0.036626	0.007222	0.000851	0.011431
49	0.023939	0.001823	0.002562	0.211428	0.705598	0.036035	0.006945	0.000773	0.010897
50	0.023431	0.001688	0.002352	0.214139	0.705262	0.035244	0.006630	0.000695	0.010559
51	0.022981	0.001546	0.002266	0.216344	0.705091	0.034631	0.006236	0.000682	0.010223
52	0.022423	0.001435	0.002090	0.219199	0.704539	0.033827	0.005975	0.000635	0.009877
53	0.021957	0.001374	0.001996	0.221555	0.704128	0.033030	0.005772	0.000571	0.009617
54	0.021516	0.001266	0.001884	0.224321	0.703332	0.032363	0.005480	0.000531	0.009307
55	0.021016	0.001176	0.001798	0.226715	0.703091	0.031476	0.005216	0.000495	0.009017
56	0.020537	0.001097	0.001657	0.229108	0.702574	0.030947	0.004907	0.000428	0.008745
57	0.020103	0.001034	0.001565	0.231675	0.701656	0.030593	0.004623	0.000385	0.008366
58	0.019516	0.000930	0.001464	0.234167	0.701330	0.029921	0.004293	0.000348	0.008031
59	0.019152	0.000871	0.001363	0.237192	0.700054	0.029276	0.004079	0.000297	0.007716
60	0.018767	0.000807	0.001270	0.239157	0.699651	0.028685	0.003905	0.000274	0.007484
61	0.018546	0.000778	0.001187	0.241494	0.698548	0.028126	0.003777	0.000270	0.007274
62	0.018158	0.000707	0.001147	0.243865	0.697592	0.027610	0.003607	0.000253	0.007061
63	0.017763	0.000659	0.001072	0.246590	0.696389	0.026975	0.003450	0.000207	0.006895
64	0.017351	0.000581	0.000989	0.249116	0.695617	0.026178	0.003238	0.000189	0.006741
65	0.017011	0.000514	0.000925	0.252303	0.694141	0.025429	0.003055	0.000175	0.006447
66	0.016682	0.000483	0.000919	0.254859	0.692862	0.025003	0.002814	0.000143	0.006235
67	0.016378	0.000464	0.000855	0.257525	0.691631	0.024372	0.002642	0.000126	0.006007
68	0.016051	0.000431	0.000795	0.260209	0.690223	0.023807	0.002552	0.000116	0.005816
69	0.015750	0.000410	0.000733	0.262395	0.689205	0.023310	0.002421	0.000106	0.005670
70	0.015421	0.000384	0.000731	0.264906	0.687903	0.022767	0.002270	0.000089	0.005529
71	0.015183	0.000356	0.000729	0.267602	0.686237	0.022376	0.002130	0.000084	0.005303
72	0.014778	0.000323	0.000697	0.270357	0.684855	0.021757	0.002071	0.000078	0.005084
73	0.014574	0.000298	0.000652	0.273326	0.682914	0.021238	0.001980	0.000080	0.004938
74	0.014399	0.000282	0.000623	0.275840	0.681214	0.020929	0.001869	0.000071	0.004773
75	0.014217	0.000265	0.000601	0.278353	0.679792	0.020349	0.001754	0.000065	0.004604
76	0.013909	0.000255	0.000558	0.280927	0.678131	0.020002	0.001682	0.000061	0.004475
77	0.013628	0.000224	0.000524	0.283562	0.676419	0.019655	0.001573	0.000056	0.004359
78	0.013317	0.000205	0.000500	0.286235	0.674806	0.019239	0.001496	0.000041	0.004161
79	0.013302	0.000177	0.000479	0.288797	0.672903	0.018812	0.001413	0.000043	0.004074
80	0.013117	0.000161	0.000427	0.291648	0.670829	0.018458	0.001306	0.000041	0.004013
81	0.013032	0.000156	0.000398	0.294120	0.669105	0.018003	0.001276	0.000035	0.003875
82	0.012870	0.000145	0.000387	0.297110	0.666854	0.017662	0.001232	0.000031	0.003709
83	0.012713	0.000137	0.000381	0.299945	0.664847	0.017221	0.001139	0.000032	0.003585
84	0.012534	0.000134	0.000369	0.302928	0.662511	0.016890	0.001080	0.000024	0.003530
85	0.012401	0.000132	0.000359	0.305255	0.660973	0.016512	0.001018	0.000020	0.003330
86	0.012100	0.000117	0.000331	0.307828	0.659318	0.016023	0.000998	0.000016	0.003269
87	0.011952	0.000100	0.000330	0.310291	0.657527	0.015697	0.000925	0.000015	0.003163
88	0.011926	0.000102	0.000328	0.312987	0.655374	0.015330	0.000887	0.000017	0.003049
89	0.011805	0.000095	0.000327	0.315479	0.653522	0.014943	0.000842	0.000014	0.002973
90	0.011620	0.000084	0.000322	0.318223	0.651512	0.014558	0.000817	0.000011	0.002853
91	0.011404	0.000081	0.000291	0.320895	0.649512	0.014266	0.000761	0.000012	0.002778
92	0.011304	0.000080	0.000296	0.323737	0.647045	0.014120	0.000729	0.000011	0.002678
93	0.011195	0.000071	0.000289	0.326180	0.645061	0.013889	0.000663	0.000011	0.002641
94	0.011052	0.000057	0.000274	0.328940	0.642851	0.013664	0.000620	0.000011	0.002531
95	0.011010	0.000057	0.000260	0.331944	0.640321	0.013393	0.000584	0.000013	0.002418
96	0.010890	0.000052	0.000251	0.335032	0.637707	0.013127	0.000551	0.000014	0.002376
97	0.010715	0.000052	0.000242	0.337966	0.635435	0.012791	0.000494	0.000013	0.002292
98	0.010684	0.000039	0.000246	0.340421	0.633442	0.012402	0.000480	0.000013	0.002273
99	0.010559	0.000033	0.000228	0.343119	0.631317	0.012037	0.000461	0.000014	0.002232
0	0.062888	0.062292	0.062548	0.062336	0.499796	0.062435	0.062669	0.062604	0.062432
0	0.062888	0.062292	0.062548	0.062336	0.499796	0.062435	0.062669	0.062604	0.062432
1	0.061233	0.061051	0.061214	0.064732	0.518647	0.064636	0.056282	0.056106	0.056099
2	0.059566	0.058504	0.058105	0.067764	0.536315	0.065621	0.052128	0.050692	0.051305
3	0.057931	0.054785	0.054097	0.070558	0.554237	0.065729	0.048896	0.046140	0.047627
4	0.056202	0.051092	0.049923	0.073362	0.571050	0.065727	0.046108	0.042063	0.044473
5	0.054492	0.047440	0.046184	0.076172	0.586820	0.065434	0.043463	0.038350	0.041645
6	0.052879	0.043639	0.042665	0.078868	0.601783	0.064957	0.041147	0.034764	0.039298
7	0.051243	0.040388	0.039186	0.081244	0.615713	0.064211	0.039084	0.031819	0.037112
8	0.049508	0.037073	0.035923	0.083435	0.629488	0.063577	0.037164	0.028848	0.034984
9	0.047856	0.033943	0.033101	0.086617	0.641099	0.062664	0.035406	0.026263	0.033051
10	0.046348	0.031044	0.030524	0.089256	0.652220	0.061929	0.033678	0.023496	0.031505
11	0.045100	0.028553	0.028066	0.091257	0.662780	0.061012	0.031870	0.021293	0.030069
12	0.043752	0.026064	0.025915	0.093556	0.672803	0.060357	0.030054	0.019040	0.028459
13	0.042164	0.023860	0.024004	0.095898	0.682217	0.059320	0.028267	0.017152	0.027118
14	0.040889	0.021937	0.021978	0.098446	0.690632	0.058038	0.026966	0.015429	0.025685
15	0.039710	0.020030	0.020252	0.100874	0.698335	0.056980	0.025541	0.013911	0.024367
16	0.038307	0.018180	0.018726	0.103198	0.705521	0.056122	0.024157	0.012443	0.023346
17	0.036907	0.016634	0.017155	0.105239	0.712954	0.055222	0.022633	0.011060	0.022196
18	0.035665	0.015329	0.015722	0.107318	0.719031	0.054482	0.021362	0.009954	0.021137
19	0.034318	0.013999	0.014332	0.109289	0.725324	0.053564	0.020301	0.008854	0.020019
20	0.033034	0.012848	0.013233	0.111591	0.730477	0.052686	0.019193	0.007794	0.019144
21	0.032031	0.011622	0.012202	0.113651	0.735253	0.051943	0.018112	0.007040	0.018146
22	0.030902	0.010535	0.011236	0.116038	0.739794	0.050955	0.017014	0.006284	0.017242
23	0.029821	0.009525	0.010294	0.118056	0.744017	0.050130	0.016064	0.005601	0.016492
24	0.028881	0.008670	0.009448	0.120236	0.747813	0.049127	0.014984	0.005081	0.015760
25	0.027851	0.007942	0.008607	0.122199	0.751822	0.048044	0.013957	0.004521	0.015057
26	0.026994	0.007137	0.008049	0.124074	0.755154	0.047146	0.013111	0.004018	0.014317
27	0.025935	0.006584	0.007428	0.125998	0.757902	0.046520	0.012363	0.003542	0.013728
28	0.025289	0.005929	0.006788	0.127764	0.760747	0.045600	0.011502	0.003186	0.013195
29	0.024519	0.005396	0.006205	0.129871	0.763121	0.044487	0.010899	0.002868	0.012634
30	0.023647	0.004783	0.005776	0.131783	0.765266	0.043884	0.010276	0.002584	0.012001
31	0.022818	0.004382	0.005315	0.133607	0.767329	0.042953	0.009687	0.002367	0.011542
32	0.022020	0.004080	0.004909	0.135767	0.768691	0.042380	0.009118	0.002081	0.010954
33	0.021047	0.003765	0.004593	0.138033	0.770025	0.041606	0.008554	0.001874	0.010503
34	0.020481	0.003329	0.004279	0.139858	0.771421	0.040711	0.008186	0.001669	0.010066
35	0.019774	0.003043	0.003968	0.142165	0.772285	0.039900	0.007672	0.001514	0.009679
36	0.019190	0.002753	0.003611	0.144160	0.773160	0.039424	0.007185	0.001327	0.009190
37	0.018575	0.002528	0.003230	0.146768	0.773523	0.038606	0.006788	0.001243	0.008739
38	0.017993	0.002308	0.002992	0.148618	0.774400	0.037933	0.006327	0.001106	0.008323
39	0.017379	0.002094	0.002781	0.150689	0.774860	0.037350	0.005910	0.001023	0.007914
40	0.016827	0.001926	0.002564	0.152547	0.775586	0.036453	0.005568	0.000922	0.007607
41	0.016246	0.001800	0.002360	0.154352	0.776162	0.035788	0.005223	0.000785	0.007284
42	0.015792	0.001616	0.002097	0.156426	0.776511	0.034884	0.004961	0.000692	0.007021
43	0.015190	0.001471	0.002006	0.158946	0.776496	0.033997	0.004580	0.000629	0.006685
44	0.014663	0.001310	0.001880	0.161073	0.776608	0.033257	0.004270	0.000582	0.006357
45	0.014220	0.001178	0.001687	0.162722	0.776994	0.032647	0.004034	0.000519	0.005999
46	0.013847	0.001095	0.001582	0.164351	0.776850	0.032070	0.003852	0.000500	0.005853
47	0.013377	0.000996	0.001539	0.166365	0.776713	0.031363	0.003569	0.000435	0.005643
48	0.012834	0.000893	0.001409	0.168677	0.776031	0.030986	0.003416	0.000389	0.005365
49	0.012406	0.000836	0.001288	0.170605	0.775968	0.030223	0.003154	0.000365	0.005155
50	0.012113	0.000767	0.001203	0.172787	0.775250	0.029573	0.003006	0.000336	0.004965
51	0.011686	0.000712	0.001158	0.174597	0.774847	0.029117	0.002831	0.000312	0.004740
52	0.011288	0.000654	0.001090	0.177008	0.773875	0.028545	0.002640	0.000292	0.004608
53	0.011006	0.000579	0.000969	0.179513	0.773022	0.027833	0.002494	0.000255	0.004329
54	0.010580	0.000535	0.000917	0.181549	0.772339	0.027400	0.002282	0.000218	0.004180
55	0.010283	0.000506	0.000836	0.183495	0.771601	0.026879	0.002194	0.000187	0.004019
56	0.009999	0.000471	0.000772	0.185618	0.770661	0.026397	0.002003	0.000176	0.003903
57	0.009729	0.000431	0.000725	0.187786	0.769813	0.025683	0.001919	0.000174	0.003740
58	0.009405	0.000397	0.000674	0.190118	0.768548	0.025225	0.001819	0.000157	0.003657
59	0.009138	0.000360	0.000647	0.192565	0.767262	0.024754	0.001690	0.000119	0.003465
60	0.008898	0.000336	0.000608	0.194520	0.766320	0.024327	0.001591	0.000105	0.003295
61	0.008554	0.000297	0.000562	0.197077	0.764906	0.023821	0.001489	0.000097	0.003197
62	0.008295	0.000284	0.000517	0.199689	0.763322	0.023289	0.001423	0.000085	0.003096
63	0.008108	0.000276	0.000497	0.202166	0.761733	0.022809	0.001363	0.000083	0.002965
64	0.007858	0.000257	0.000461	0.204113	0.760639	0.022497	0.001250	0.000075	0.002850
65	0.007755	0.000241	0.000452	0.205606	0.759886	0.022088	0.001189	0.000052	0.002731
66	0.007527	0.000215	0.000413	0.208219	0.758302	0.021544	0.001116	0.000047	0.002617
67	0.007362	0.000205	0.000400	0.210447	0.756848	0.021084	0.001082	0.000030	0.002542
68	0.007237	0.000185	0.000386	0.213123	0.754929	0.020627	0.001016	0.000031	0.002466
69	0.007040	0.000169	0.000369	0.215083	0.753645	0.020307	0.000960	0.000031	0.002396
70	0.006819	0.000143	0.000351	0.217828	0.751749	0.019881	0.000891	0.000033	0.002305
