0	0.290663	0.057897	0.229473	0.157588	0.029913	0.111872	0.085455	0.012259	0.024880
1	0.224387	0.046785	0.194254	0.141470	0.029200	0.121363	0.124389	0.024103	0.094049
2	0.217579	0.045189	0.187683	0.137516	0.029630	0.119119	0.129831	0.025588	0.107865
3	0.216639	0.044560	0.183639	0.134688	0.030013	0.115859	0.131667	0.025548	0.117387
4	0.216667	0.044004	0.180649	0.132411	0.030680	0.111510	0.133425	0.025497	0.125157
5	0.218157	0.043104	0.177384	0.130722	0.031323	0.107017	0.133798	0.025773	0.132722
6	0.220077	0.042688	0.173316	0.129235	0.031930	0.102314	0.134203	0.025459	0.140778
7	0.220952	0.042433	0.169711	0.127183	0.032781	0.098718	0.134435	0.025202	0.148585
8	0.223403	0.042139	0.165591	0.125154	0.033674	0.094536	0.134871	0.024844	0.155788
9	0.225317	0.041578	0.161998	0.123579	0.034667	0.091072	0.134149	0.024568	0.163072
10	0.226905	0.041428	0.158696	0.122060	0.035951	0.087153	0.133219	0.024097	0.170491
11	0.228323	0.040951	0.154277	0.120595	0.036810	0.083444	0.132928	0.023981	0.178691
12	0.230104	0.040431	0.149921	0.119096	0.037964	0.079258	0.133079	0.023544	0.186603
13	0.232620	0.039634	0.146030	0.117299	0.039288	0.075994	0.132275	0.023090	0.193770
14	0.234747	0.039493	0.141748	0.115849	0.040601	0.072291	0.131375	0.022756	0.201140
15	0.236770	0.038975	0.137650	0.114295	0.041705	0.069146	0.130759	0.022439	0.208261
16	0.239044	0.038296	0.133457	0.113257	0.042822	0.066072	0.129110	0.021982	0.215960
17	0.241452	0.037901	0.129685	0.111513	0.044296	0.062954	0.127402	0.021839	0.222958
18	0.242515	0.037667	0.125763	0.110012	0.045322	0.060085	0.126581	0.021438	0.230617
19	0.244157	0.037510	0.121893	0.107716	0.046707	0.057499	0.125620	0.020856	0.238042
20	0.246455	0.037040	0.117908	0.106151	0.048212	0.054646	0.123905	0.020552	0.245131
21	0.248466	0.036590	0.114194	0.104239	0.049666	0.051969	0.122229	0.020290	0.252357
22	0.250255	0.035782	0.110407	0.102947	0.051217	0.049425	0.120912	0.019744	0.259311
23	0.251965	0.035333	0.107116	0.101433	0.052719	0.046788	0.118782	0.019021	0.266843
24	0.253440	0.034886	0.102995	0.100073	0.053931	0.044809	0.117550	0.018660	0.273656
25	0.255081	0.034481	0.099348	0.098737	0.055434	0.042335	0.116018	0.018466	0.280100
26	0.256488	0.034145	0.095458	0.097463	0.056834	0.039984	0.115144	0.018066	0.286418
27	0.257460	0.033644	0.092015	0.095804	0.058645	0.037864	0.113523	0.017712	0.293333
28	0.259008	0.033053	0.088507	0.094289	0.060779	0.035945	0.111641	0.017364	0.299414
29	0.259794	0.032422	0.085197	0.092987	0.062494	0.034021	0.109759	0.016927	0.306399
30	0.260794	0.031965	0.082057	0.091793	0.064238	0.032119	0.107355	0.016505	0.313174
31	0.261380	0.031366	0.079019	0.090325	0.065833	0.030375	0.106290	0.015981	0.319431
32	0.261348	0.031051	0.076237	0.088855	0.067784	0.028694	0.104760	0.015368	0.325903
33	0.262009	0.030601	0.073070	0.087502	0.069465	0.027263	0.102864	0.015053	0.332173
34	0.262932	0.030042	0.070291	0.086098	0.071561	0.025795	0.100899	0.014838	0.337544
35	0.263371	0.029537	0.067774	0.085094	0.073338	0.024662	0.098893	0.014495	0.342836
36	0.263449	0.029432	0.064829	0.083817	0.075251	0.023543	0.097389	0.014204	0.348086
37	0.263711	0.028818	0.061947	0.082328	0.077074	0.022196	0.095577	0.013859	0.354490
38	0.263542	0.028457	0.059664	0.081136	0.079078	0.021126	0.093777	0.013658	0.359562
39	0.263530	0.027941	0.057320	0.079740	0.081037	0.019786	0.092121	0.013474	0.365051
40	0.263796	0.027519	0.054774	0.078361	0.083060	0.018881	0.090392	0.013036	0.370181
41	0.263538	0.027064	0.052627	0.076811	0.085417	0.017898	0.088616	0.012556	0.375473
42	0.263543	0.026464	0.050227	0.075664	0.087675	0.017114	0.087126	0.012168	0.380019
43	0.263409	0.026006	0.048129	0.074661	0.089669	0.015980	0.085650	0.011862	0.384634
44	0.263128	0.025577	0.046148	0.073464	0.091975	0.015254	0.083898	0.011566	0.388990
45	0.262426	0.025306	0.044048	0.072573	0.094593	0.014432	0.082490	0.011074	0.393058
46	0.261922	0.024688	0.042425	0.071124	0.096637	0.013790	0.080802	0.010791	0.397821
47	0.261447	0.024409	0.040399	0.070087	0.098825	0.013121	0.078930	0.010499	0.402283
48	0.260825	0.023942	0.038687	0.069127	0.101161	0.012428	0.077607	0.010134	0.406089
49	0.260598	0.023441	0.037248	0.067500	0.103491	0.011801	0.075754	0.009821	0.410346
50	0.260609	0.023087	0.035671	0.066055	0.105478	0.011293	0.074289	0.009526	0.413992
51	0.259689	0.022646	0.033935	0.064788	0.108077	0.010715	0.072645	0.009155	0.418350
52	0.259437	0.022042	0.032361	0.063627	0.110791	0.010032	0.071426	0.008710	0.421574
53	0.257932	0.021752	0.030829	0.062568	0.113085	0.009680	0.069701	0.008610	0.425843
54	0.256517	0.021297	0.029329	0.061403	0.115526	0.009196	0.068485	0.008398	0.429849
55	0.255469	0.020878	0.028036	0.060187	0.117787	0.008801	0.067420	0.008340	0.433082
56	0.253705	0.020490	0.026910	0.059058	0.120350	0.008218	0.065877	0.008063	0.437329
57	0.252321	0.019994	0.025665	0.058293	0.123073	0.007797	0.064130	0.007864	0.440863
58	0.251064	0.019567	0.024573	0.057197	0.125483	0.007304	0.062985	0.007704	0.444123
59	0.249582	0.019279	0.023341	0.055823	0.128370	0.006982	0.061800	0.007505	0.447318
60	0.248273	0.018763	0.022053	0.055125	0.130716	0.006647	0.060673	0.007297	0.450453
61	0.246317	0.018415	0.021059	0.054038	0.133795	0.006225	0.059541	0.007148	0.453462
62	0.244967	0.017958	0.020002	0.053088	0.136915	0.005931	0.058213	0.007056	0.455870
63	0.242803	0.017528	0.019024	0.052154	0.139418	0.005580	0.056992	0.006948	0.459553
64	0.241122	0.017090	0.018023	0.051044	0.142197	0.005204	0.056034	0.006607	0.462679
65	0.239329	0.016714	0.017024	0.050100	0.144907	0.004910	0.055048	0.006556	0.465412
66	0.237409	0.016349	0.016231	0.049352	0.147387	0.004655	0.053869	0.006443	0.468305
67	0.235389	0.016004	0.015401	0.048617	0.150148	0.004360	0.053102	0.006344	0.470635
68	0.233651	0.015714	0.014648	0.047658	0.153107	0.004186	0.051854	0.006027	0.473155
69	0.231787	0.015390	0.013933	0.046930	0.155913	0.003893	0.051023	0.005948	0.475183
70	0.229986	0.014957	0.013406	0.046421	0.158963	0.003655	0.049877	0.005777	0.476958
71	0.227864	0.014628	0.012751	0.045796	0.161782	0.003467	0.048715	0.005684	0.479313
72	0.225801	0.014342	0.012236	0.044613	0.165066	0.003319	0.047466	0.005631	0.481526
73	0.223328	0.013975	0.011540	0.043996	0.167858	0.003203	0.046617	0.005469	0.484014
74	0.221203	0.013735	0.011019	0.043012	0.170664	0.003046	0.045878	0.005257	0.486186
75	0.219033	0.013430	0.010540	0.042381	0.173646	0.002869	0.044938	0.005217	0.487946
76	0.217016	0.013173	0.009844	0.041606	0.176424	0.002722	0.043730	0.005131	0.490354
77	0.214373	0.012883	0.009453	0.041032	0.179873	0.002670	0.042735	0.004915	0.492066
78	0.211409	0.012598	0.009028	0.040298	0.183437	0.002505	0.041794	0.004786	0.494145
79	0.208835	0.012265	0.008517	0.039577	0.186380	0.002402	0.041110	0.004766	0.496148
80	0.206224	0.011989	0.008119	0.038876	0.189733	0.002253	0.040430	0.004570	0.497806
81	0.203519	0.011607	0.007741	0.038286	0.192939	0.002140	0.039484	0.004532	0.499752
82	0.200881	0.011196	0.007348	0.038193	0.196159	0.001974	0.038664	0.004366	0.501219
83	0.198666	0.010898	0.006956	0.037724	0.199430	0.001876	0.038198	0.004320	0.501932
84	0.196007	0.010510	0.006610	0.037154	0.202408	0.001711	0.037437	0.004171	0.503992
85	0.193109	0.010254	0.006234	0.036666	0.205804	0.001713	0.036759	0.004063	0.505398
86	0.190642	0.010016	0.005993	0.036043	0.208920	0.001594	0.036155	0.004060	0.506577
87	0.188390	0.009811	0.005563	0.035133	0.212283	0.001506	0.035595	0.003845	0.507874
88	0.185769	0.009463	0.005288	0.034757	0.215240	0.001450	0.034977	0.003803	0.509253
89	0.182677	0.009342	0.005073	0.034243	0.218657	0.001367	0.034198	0.003810	0.510633
90	0.179932	0.009029	0.004810	0.033879	0.221909	0.001331	0.033635	0.003747	0.511728
91	0.177578	0.008830	0.004545	0.033364	0.225111	0.001253	0.032730	0.003527	0.513062
92	0.174878	0.008674	0.004349	0.033080	0.228441	0.001116	0.032351	0.003455	0.513656
93	0.172060	0.008253	0.004132	0.032906	0.231635	0.001121	0.031550	0.003390	0.514953
94	0.169311	0.008092	0.003922	0.032527	0.234564	0.001028	0.031143	0.003292	0.516121
95	0.166451	0.007739	0.003747	0.032104	0.238098	0.000972	0.030770	0.003237	0.516882
96	0.163758	0.007598	0.003488	0.031671	0.241703	0.000936	0.030188	0.003171	0.517487
97	0.161393	0.007407	0.003257	0.031330	0.244652	0.000913	0.029567	0.003166	0.518315
98	0.158601	0.007169	0.003118	0.030932	0.248214	0.000869	0.029122	0.003040	0.518935
99	0.155935	0.006945	0.002973	0.030606	0.251115	0.000830	0.028883	0.002956	0.519757
100	0.153193	0.006667	0.002800	0.030009	0.254815	0.000835	0.028229	0.002844	0.520608
101	0.150565	0.006522	0.002661	0.029605	0.257894	0.000814	0.027822	0.002808	0.521309
102	0.147887	0.006412	0.002611	0.029290	0.261098	0.000804	0.027091	0.002725	0.522082
103	0.145447	0.006255	0.002433	0.028842	0.264541	0.000772	0.026390	0.002652	0.522668
104	0.142887	0.005984	0.002292	0.028695	0.268094	0.000735	0.026098	0.002615	0.522600
105	0.140781	0.005744	0.002166	0.028601	0.271544	0.000644	0.025611	0.002555	0.522354
106	0.138324	0.005606	0.002094	0.028055	0.275251	0.000607	0.024906	0.002507	0.522650
107	0.135738	0.005361	0.002002	0.027804	0.278659	0.000598	0.024372	0.002447	0.523019
108	0.133215	0.005254	0.001936	0.027806	0.281810	0.000557	0.023952	0.002413	0.523057
109	0.130535	0.005071	0.001806	0.027720	0.285079	0.000557	0.023722	0.002288	0.523222
110	0.127974	0.004794	0.001672	0.027372	0.288548	0.000549	0.023247	0.002254	0.523590
111	0.125582	0.004634	0.001565	0.027211	0.292219	0.000496	0.022867	0.002139	0.523287
112	0.123056	0.004485	0.001519	0.026817	0.294919	0.000483	0.022544	0.002114	0.524063
113	0.121232	0.004300	0.001407	0.026571	0.298073	0.000494	0.022069	0.002070	0.523784
114	0.118590	0.004052	0.001305	0.026289	0.301620	0.000454	0.021608	0.002041	0.524041
115	0.116293	0.004026	0.001275	0.026166	0.304467	0.000428	0.021400	0.001975	0.523970
116	0.114170	0.003878	0.001175	0.026047	0.307632	0.000412	0.020944	0.001948	0.523794
117	0.111882	0.003706	0.001172	0.025788	0.310837	0.000411	0.020516	0.002033	0.523655
118	0.109585	0.003544	0.001129	0.025505	0.314238	0.000414	0.020279	0.002044	0.523262
119	0.107400	0.003463	0.001071	0.025159	0.317582	0.000395	0.019996	0.001962	0.522972
120	0.105025	0.003393	0.001021	0.024842	0.321025	0.000392	0.019571	0.001893	0.522838
121	0.103451	0.003322	0.000976	0.024659	0.323846	0.000388	0.019433	0.001847	0.522078
122	0.101264	0.003176	0.000947	0.024472	0.327361	0.000366	0.019122	0.001867	0.521425
123	0.098908	0.003117	0.000896	0.024364	0.330966	0.000363	0.018742	0.001854	0.520790
124	0.096617	0.002991	0.000860	0.024166	0.334251	0.000346	0.018537	0.001857	0.520375
125	0.094520	0.002878	0.000803	0.023867	0.337687	0.000371	0.018230	0.001821	0.519823
126	0.092645	0.002778	0.000761	0.023763	0.341500	0.000385	0.017838	0.001805	0.518525
127	0.090463	0.002745	0.000744	0.023600	0.344642	0.000344	0.017692	0.001779	0.517991
128	0.088427	0.002601	0.000660	0.023517	0.347859	0.000340	0.017321	0.001735	0.517540
129	0.086331	0.002491	0.000631	0.023397	0.351042	0.000334	0.017234	0.001706	0.516834
130	0.084641	0.002389	0.000539	0.023264	0.354273	0.000327	0.016929	0.001626	0.516012
131	0.082639	0.002374	0.000492	0.023183	0.357019	0.000314	0.016758	0.001512	0.515709
132	0.080850	0.002338	0.000446	0.023000	0.360541	0.000283	0.016404	0.001504	0.514634
133	0.078888	0.002276	0.000399	0.022947	0.363557	0.000283	0.016246	0.001442	0.513962
134	0.076991	0.002186	0.000353	0.022767	0.366550	0.000267	0.015937	0.001470	0.513479
135	0.075318	0.002108	0.000332	0.022579	0.369792	0.000264	0.015786	0.001494	0.512327
136	0.073795	0.002078	0.000324	0.022327	0.372802	0.000238	0.015336	0.001462	0.511638
137	0.071946	0.002017	0.000297	0.022261	0.375897	0.000238	0.015088	0.001411	0.510845
138	0.070136	0.001937	0.000279	0.022076	0.379148	0.000222	0.014738	0.001383	0.510081
139	0.068273	0.001866	0.000260	0.022033	0.382662	0.000211	0.014611	0.001360	0.508724
140	0.066950	0.001794	0.000262	0.021923	0.385626	0.000181	0.014446	0.001314	0.507504
141	0.065344	0.001685	0.000278	0.021617	0.388633	0.000213	0.014119	0.001234	0.506877
142	0.063694	0.001672	0.000268	0.021617	0.391914	0.000205	0.013911	0.001221	0.505498
143	0.062407	0.001682	0.000254	0.021353	0.394634	0.000188	0.013649	0.001214	0.504619
144	0.060720	0.001652	0.000240	0.021170	0.397299	0.000181	0.013394	0.001171	0.504173
145	0.059133	0.001597	0.000236	0.021040	0.400197	0.000198	0.013161	0.001149	0.503289
146	0.057662	0.001547	0.000218	0.020979	0.403123	0.000185	0.012928	0.001160	0.502198
147	0.056144	0.001414	0.000223	0.020873	0.406294	0.000171	0.012623	0.001117	0.501141
148	0.054742	0.001389	0.000208	0.020855	0.409227	0.000181	0.012482	0.001074	0.499842
149	0.053312	0.001316	0.000185	0.020855	0.412438	0.000173	0.012436	0.001077	0.498208
150	0.051852	0.001316	0.000159	0.020725	0.415549	0.000188	0.012296	0.001076	0.496839
151	0.050598	0.001244	0.000149	0.020684	0.418345	0.000179	0.012097	0.001042	0.495662
152	0.049440	0.001160	0.000131	0.020566	0.421379	0.000193	0.012037	0.000999	0.494095
153	0.048130	0.001054	0.000136	0.020575	0.424617	0.000188	0.011788	0.000961	0.492551
154	0.046959	0.001034	0.000120	0.020498	0.427565	0.000177	0.011584	0.000936	0.491127
155	0.045599	0.001003	0.000121	0.020538	0.430141	0.000163	0.011350	0.000934	0.490151
156	0.044431	0.000973	0.000106	0.020207	0.433498	0.000147	0.011175	0.000899	0.488564
157	0.043217	0.000961	0.000114	0.020208	0.436307	0.000163	0.010905	0.000922	0.487203
158	0.042084	0.000926	0.000102	0.020103	0.439340	0.000139	0.010790	0.000933	0.485583
159	0.040906	0.000867	0.000097	0.019870	0.442766	0.000144	0.010664	0.000924	0.483762
160	0.039934	0.000825	0.000082	0.019816	0.445649	0.000138	0.010519	0.000934	0.482103
161	0.038857	0.000798	0.000082	0.019582	0.448618	0.000139	0.010427	0.000930	0.480567
162	0.037875	0.000755	0.000071	0.019419	0.451567	0.000148	0.010244	0.000852	0.479069
163	0.036751	0.000729	0.000081	0.019342	0.454557	0.000143	0.010045	0.000860	0.477492
164	0.035875	0.000713	0.000064	0.019098	0.457967	0.000126	0.009911	0.000814	0.475432
165	0.034849	0.000668	0.000061	0.018991	0.460804	0.000158	0.009707	0.000808	0.473954
166	0.033809	0.000617	0.000069	0.018920	0.463813	0.000156	0.009572	0.000756	0.472288
167	0.032971	0.000578	0.000065	0.018801	0.466465	0.000158	0.009429	0.000738	0.470795
168	0.032077	0.000573	0.000067	0.018594	0.469736	0.000156	0.009262	0.000725	0.468810
169	0.031317	0.000554	0.000061	0.018632	0.472397	0.000153	0.009030	0.000691	0.467165
170	0.030304	0.000544	0.000061	0.018592	0.475461	0.000127	0.008873	0.000676	0.465362
171	0.029533	0.000542	0.000066	0.018474	0.477825	0.000133	0.008834	0.000634	0.463959
172	0.028476	0.000544	0.000067	0.018490	0.481109	0.000116	0.008780	0.000656	0.461762
173	0.027660	0.000522	0.000058	0.018456	0.483781	0.000110	0.008583	0.000672	0.460158
174	0.026818	0.000505	0.000045	0.018560	0.486402	0.000106	0.008524	0.000648	0.458392
175	0.026059	0.000461	0.000040	0.018561	0.489172	0.000097	0.008416	0.000624	0.456570
176	0.025340	0.000427	0.000041	0.018543	0.491720	0.000092	0.008217	0.000627	0.454993
177	0.024648	0.000381	0.000041	0.018245	0.494276	0.000101	0.008182	0.000626	0.453500
178	0.023903	0.000374	0.000034	0.018140	0.496947	0.000097	0.008057	0.000593	0.451855
179	0.023346	0.000358	0.000032	0.017941	0.499558	0.000100	0.007966	0.000600	0.450099
180	0.022780	0.000342	0.000026	0.017877	0.502505	0.000077	0.007831	0.000559	0.448003
181	0.022182	0.000307	0.000023	0.017861	0.504639	0.000067	0.007636	0.000533	0.446752
182	0.021388	0.000275	0.000021	0.017760	0.507683	0.000067	0.007536	0.000509	0.444761
183	0.020664	0.000271	0.000019	0.017767	0.510574	0.000061	0.007542	0.000506	0.442596
184	0.020076	0.000275	0.000013	0.017569	0.512985	0.000068	0.007328	0.000497	0.441189
185	0.019245	0.000276	0.000013	0.017560	0.515588	0.000066	0.007216	0.000471	0.439565
186	0.018479	0.000269	0.000005	0.017604	0.518167	0.000056	0.007164	0.000455	0.437801
187	0.018099	0.000245	0.000005	0.017482	0.521062	0.000060	0.007135	0.000415	0.435497
188	0.017648	0.000215	0.000002	0.017524	0.523727	0.000047	0.007072	0.000444	0.433321
189	0.017212	0.000231	0.000003	0.017530	0.526402	0.000053	0.006893	0.000435	0.431241
190	0.016673	0.000205	0.000002	0.017658	0.528575	0.000049	0.006883	0.000420	0.429535
191	0.016285	0.000195	0.000002	0.017660	0.531504	0.000040	0.006888	0.000419	0.427007
192	0.015775	0.000199	0.000003	0.017457	0.534179	0.000042	0.006866	0.000408	0.425071
193	0.015334	0.000199	0.000005	0.017555	0.536460	0.000040	0.006734	0.000398	0.423275
194	0.014934	0.000202	0.000002	0.017408	0.539484	0.000038	0.006685	0.000377	0.420870
195	0.014427	0.000204	0.000005	0.017380	0.542112	0.000028	0.006610	0.000367	0.418867
196	0.013862	0.000183	0.000005	0.017375	0.544979	0.000030	0.006674	0.000368	0.416524
197	0.013134	0.000185	0.000007	0.017463	0.547866	0.000032	0.006603	0.000345	0.414365
198	0.012856	0.000170	0.000003	0.017386	0.550274	0.000034	0.006502	0.000344	0.412431
199	0.012316	0.000161	0.000004	0.017489	0.552777	0.000034	0.006399	0.000348	0.410472
200	0.012014	0.000152	0.000005	0.017452	0.555433	0.000036	0.006334	0.000340	0.408234
201	0.011543	0.000136	0.000003	0.017438	0.558055	0.000032	0.006255	0.000344	0.406194
202	0.011202	0.000146	0.000001	0.017325	0.560671	0.000033	0.006215	0.000309	0.404098
203	0.010909	0.000140	0.000001	0.017275	0.563001	0.000033	0.006018	0.000305	0.402318
204	0.010646	0.000132	0.000001	0.017191	0.565277	0.000027	0.005971	0.000285	0.400470
205	0.010314	0.000118	0.000003	0.017253	0.568048	0.000032	0.005752	0.000271	0.398209
206	0.010012	0.000119	0.000002	0.017321	0.570497	0.000031	0.005673	0.000271	0.396074
207	0.009603	0.000118	0.000003	0.017451	0.572983	0.000031	0.005571	0.000238	0.394002
208	0.009368	0.000109	0.000004	0.017281	0.575671	0.000030	0.005547	0.000212	0.391778
209	0.008953	0.000104	0.000005	0.017266	0.578278	0.000040	0.005415	0.000192	0.389747
210	0.008671	0.000108	0.000004	0.017465	0.580339	0.000043	0.005386	0.000195	0.387789
211	0.008365	0.000109	0.000004	0.017419	0.582813	0.000040	0.005309	0.000177	0.385764
212	0.008100	0.000107	0.000004	0.017572	0.585248	0.000038	0.005253	0.000162	0.383516
213	0.007945	0.000096	0.000003	0.017407	0.587621	0.000037	0.005135	0.000157	0.381599
214	0.007744	0.000093	0.000002	0.017287	0.589793	0.000043	0.005111	0.000161	0.379766
215	0.007423	0.000094	0.000000	0.017358	0.592376	0.000046	0.004996	0.000158	0.377549
216	0.007231	0.000084	0.000000	0.017426	0.594418	0.000044	0.004984	0.000161	0.375652
217	0.007056	0.000068	0.000000	0.017328	0.597004	0.000038	0.004881	0.000162	0.373463
218	0.006749	0.000065	0.000000	0.017408	0.599345	0.000039	0.004897	0.000169	0.371328
219	0.006380	0.000059	0.000000	0.017365	0.601779	0.000036	0.004762	0.000151	0.369468
220	0.006137	0.000062	0.000000	0.017408	0.603951	0.000034	0.004664	0.000138	0.367606
221	0.005971	0.000062	0.000000	0.017306	0.606324	0.000036	0.004534	0.000135	0.365632
222	0.005729	0.000061	0.000000	0.017350	0.608918	0.000039	0.004450	0.000136	0.363317
223	0.005514	0.000061	0.000000	0.017404	0.611322	0.000033	0.004397	0.000127	0.361142
224	0.005376	0.000053	0.000000	0.017383	0.613507	0.000033	0.004313	0.000129	0.359206
225	0.005159	0.000053	0.000000	0.017343	0.615955	0.000034	0.004312	0.000119	0.357025
226	0.004941	0.000058	0.000000	0.017518	0.617971	0.000027	0.004281	0.000121	0.355083
227	0.004710	0.000052	0.000000	0.017487	0.620204	0.000021	0.004166	0.000104	0.353256
228	0.004540	0.000049	0.000000	0.017361	0.622432	0.000017	0.004032	0.000109	0.351460
229	0.004329	0.000057	0.000000	0.017298	0.624843	0.000018	0.003978	0.000102	0.349375
230	0.004197	0.000052	0.000000	0.017304	0.627180	0.000017	0.003985	0.000098	0.347167
231	0.004095	0.000049	0.000000	0.017095	0.629379	0.000013	0.003931	0.000098	0.345340
232	0.003959	0.000047	0.000000	0.017174	0.631720	0.000019	0.003896	0.000095	0.343090
233	0.003901	0.000044	0.000000	0.017212	0.634016	0.000014	0.003869	0.000107	0.340837
234	0.003749	0.000047	0.000000	0.017241	0.636088	0.000011	0.003883	0.000111	0.338870
235	0.003666	0.000044	0.000000	0.017220	0.638321	0.000012	0.003914	0.000112	0.336711
236	0.003551	0.000040	0.000000	0.017141	0.640429	0.000011	0.003895	0.000105	0.334828
237	0.003436	0.000040	0.000000	0.017066	0.642919	0.000008	0.003880	0.000100	0.332551
238	0.003351	0.000035	0.000000	0.017156	0.645094	0.000012	0.003860	0.000092	0.330400
239	0.003225	0.000031	0.000000	0.017066	0.647407	0.000011	0.003805	0.000091	0.328364
240	0.003132	0.000036	0.000000	0.017247	0.649104	0.000007	0.003729	0.000092	0.326653
241	0.002986	0.000034	0.000000	0.017185	0.651089	0.000014	0.003623	0.000091	0.324978
242	0.002874	0.000037	0.000000	0.017051	0.653882	0.000004	0.003526	0.000085	0.322541
243	0.002736	0.000043	0.000000	0.017122	0.655770	0.000008	0.003397	0.000076	0.320848
244	0.002632	0.000035	0.000000	0.017055	0.657815	0.000005	0.003264	0.000076	0.319118
245	0.002519	0.000035	0.000000	0.017144	0.659785	0.000010	0.003234	0.000076	0.317197
246	0.002384	0.000040	0.000000	0.017171	0.662071	0.000008	0.003169	0.000070	0.315087
247	0.002331	0.000045	0.000000	0.017123	0.664208	0.000010	0.003101	0.000063	0.313119
248	0.002246	0.000045	0.000000	0.017118	0.666197	0.000008	0.003080	0.000063	0.311243
249	0.002210	0.000038	0.000000	0.017104	0.668234	0.000009	0.003089	0.000057	0.309259
250	0.002153	0.000038	0.000000	0.017068	0.670351	0.000008	0.003096	0.000056	0.307230
251	0.002135	0.000043	0.000000	0.017123	0.672572	0.000008	0.002983	0.000050	0.305086
252	0.002041	0.000028	0.000000	0.017158	0.674484	0.000008	0.002918	0.000055	0.303308
253	0.001989	0.000029	0.000000	0.017075	0.676641	0.000004	0.002905	0.000038	0.301319
254	0.001946	0.000031	0.000000	0.017118	0.678853	0.000005	0.002845	0.000038	0.299164
255	0.001873	0.000030	0.000000	0.017057	0.680973	0.000008	0.002814	0.000035	0.297210
256	0.001853	0.000025	0.000000	0.017040	0.683059	0.000004	0.002779	0.000030	0.295210
257	0.001788	0.000023	0.000000	0.017007	0.685072	0.000006	0.002689	0.000034	0.293381
258	0.001772	0.000017	0.000000	0.017074	0.687214	0.000004	0.002607	0.000027	0.291285
259	0.001680	0.000019	0.000000	0.016953	0.689551	0.000003	0.002560	0.000026	0.289208
260	0.001648	0.000017	0.000000	0.016786	0.691637	0.000002	0.002610	0.000029	0.287271
261	0.001634	0.000012	0.000000	0.016809	0.693436	0.000002	0.002565	0.000029	0.285513
262	0.001558	0.000012	0.000000	0.016800	0.695517	0.000001	0.002524	0.000033	0.283555
263	0.001498	0.000009	0.000000	0.016692	0.697644	0.000001	0.002517	0.000032	0.281607
264	0.001410	0.000009	0.000000	0.016660	0.699614	0.000000	0.002463	0.000039	0.279805
265	0.001378	0.000008	0.000000	0.016735	0.701369	0.000001	0.002468	0.000043	0.277998
266	0.001289	0.000007	0.000000	0.016627	0.703432	0.000003	0.002391	0.000042	0.276209
267	0.001244	0.000005	0.000000	0.016649	0.705302	0.000002	0.002371	0.000038	0.274389
268	0.001202	0.000001	0.000000	0.016835	0.707418	0.000001	0.002293	0.000037	0.272213
269	0.001136	0.000002	0.000000	0.016783	0.709435	0.000003	0.002284	0.000038	0.270319
270	0.001102	0.000004	0.000000	0.016861	0.710834	0.000002	0.002176	0.000035	0.268986
271	0.001058	0.000004	0.000000	0.016918	0.712779	0.000003	0.002056	0.000035	0.267147
272	0.001016	0.000009	0.000000	0.016828	0.714820	0.000005	0.002020	0.000033	0.265269
273	0.000980	0.000010	0.000000	0.016638	0.717322	0.000003	0.001982	0.000028	0.263037
274	0.000958	0.000013	0.000000	0.016623	0.719171	0.000001	0.001974	0.000035	0.261225
275	0.000892	0.000012	0.000000	0.016525	0.721434	0.000005	0.001869	0.000037	0.259226
276	0.000846	0.000011	0.000000	0.016577	0.723086	0.000001	0.001847	0.000043	0.257589
277	0.000777	0.000010	0.000000	0.016498	0.725340	0.000000	0.001791	0.000036	0.255548
278	0.000751	0.000007	0.000000	0.016498	0.727196	0.000000	0.001761	0.000045	0.253742
279	0.000752	0.000009	0.000000	0.016520	0.729438	0.000001	0.001682	0.000045	0.251553
280	0.000711	0.000010	0.000000	0.016631	0.730969	0.000002	0.001658	0.000045	0.249974
281	0.000687	0.000009	0.000000	0.016774	0.732654	0.000000	0.001664	0.000048	0.248164
282	0.000669	0.000006	0.000000	0.016825	0.734695	0.000001	0.001653	0.000054	0.246097
283	0.000660	0.000010	0.000000	0.016723	0.736568	0.000000	0.001529	0.000053	0.244457
284	0.000619	0.000009	0.000000	0.016695	0.738614	0.000000	0.001496	0.000050	0.242517
285	0.000578	0.000010	0.000000	0.016804	0.740388	0.000000	0.001458	0.000048	0.240714
286	0.000565	0.000008	0.000000	0.016708	0.742379	0.000000	0.001397	0.000058	0.238885
287	0.000547	0.000007	0.000000	0.016783	0.743996	0.000000	0.001419	0.000059	0.237189
288	0.000517	0.000006	0.000000	0.016870	0.745778	0.000000	0.001387	0.000062	0.235380
289	0.000514	0.000004	0.000000	0.016843	0.747506	0.000000	0.001352	0.000048	0.233733
290	0.000491	0.000002	0.000000	0.016843	0.749421	0.000000	0.001353	0.000050	0.231840
291	0.000467	0.000004	0.000000	0.016926	0.751117	0.000000	0.001390	0.000055	0.230041
292	0.000462	0.000005	0.000000	0.016980	0.752746	0.000000	0.001367	0.000051	0.228389
293	0.000461	0.000006	0.000000	0.017026	0.754411	0.000000	0.001377	0.000061	0.226658
294	0.000438	0.000005	0.000000	0.016980	0.756232	0.000000	0.001339	0.000067	0.224939
295	0.000422	0.000003	0.000000	0.017068	0.757879	0.000000	0.001347	0.000069	0.223212
296	0.000403	0.000004	0.000000	0.016911	0.759545	0.000000	0.001314	0.000064	0.221759
297	0.000383	0.000002	0.000000	0.016842	0.761731	0.000000	0.001310	0.000057	0.219675
298	0.000337	0.000002	0.000000	0.016850	0.763274	0.000000	0.001288	0.000049	0.218200
299	0.000322	0.000003	0.000000	0.016813	0.765397	0.000000	0.001270	0.000050	0.216145
300	0.000300	0.000001	0.000000	0.016588	0.767234	0.000000	0.001215	0.000049	0.214613
301	0.000288	0.000001	0.000000	0.016555	0.769006	0.000000	0.001180	0.000054	0.212916
302	0.000264	0.000001	0.000000	0.016504	0.770782	0.000000	0.001163	0.000049	0.211237
303	0.000249	0.000001	0.000000	0.016366	0.772779	0.000000	0.001188	0.000055	0.209362
304	0.000248	0.000001	0.000000	0.016426	0.774463	0.000000	0.001164	0.000044	0.207654
305	0.000227	0.000000	0.000000	0.016423	0.776126	0.000000	0.001183	0.000033	0.206008
306	0.000210	0.000000	0.000000	0.016411	0.778080	0.000000	0.001156	0.000029	0.204114
307	0.000199	0.000000	0.000000	0.016461	0.779415	0.000000	0.001138	0.000026	0.202761
308	0.000177	0.000000	0.000000	0.016394	0.781147	0.000000	0.001085	0.000018	0.201179
309	0.000170	0.000000	0.000000	0.016475	0.782468	0.000000	0.001057	0.000020	0.199810
310	0.000155	0.000000	0.000000	0.016355	0.784132	0.000000	0.001033	0.000011	0.198314
311	0.000128	0.000000	0.000000	0.016511	0.785959	0.000000	0.001082	0.000014	0.196306
312	0.000113	0.000000	0.000000	0.016370	0.787511	0.000000	0.001007	0.000010	0.194989
313	0.000106	0.000000	0.000000	0.016156	0.789495	0.000000	0.000995	0.000004	0.193244
314	0.000106	0.000000	0.000000	0.016304	0.791045	0.000000	0.000957	0.000008	0.191580
315	0.000103	0.000000	0.000000	0.016341	0.792739	0.000000	0.000969	0.000008	0.189840
316	0.000091	0.000000	0.000000	0.016384	0.794449	0.000000	0.000930	0.000011	0.188135
317	0.000093	0.000000	0.000000	0.016413	0.796090	0.000000	0.000903	0.000008	0.186493
318	0.000090	0.000000	0.000000	0.016400	0.797611	0.000000	0.000904	0.000011	0.184984
319	0.000069	0.000000	0.000000	0.016374	0.799284	0.000000	0.000904	0.000008	0.183361
320	0.000057	0.000000	0.000000	0.016508	0.800567	0.000000	0.000873	0.000005	0.181990
321	0.000051	0.000000	0.000000	0.016452	0.802296	0.000000	0.000886	0.000002	0.180313
322	0.000052	0.000000	0.000000	0.016450	0.803802	0.000000	0.000848	0.000001	0.178847
323	0.000048	0.000000	0.000000	0.016531	0.805262	0.000000	0.000819	0.000000	0.177340
324	0.000044	0.000000	0.000000	0.016581	0.806618	0.000000	0.000829	0.000000	0.175928
325	0.000040	0.000000	0.000000	0.016631	0.807951	0.000000	0.000792	0.000000	0.174586
326	0.000036	0.000000	0.000000	0.016628	0.809686	0.000000	0.000785	0.000000	0.172865
327	0.000028	0.000000	0.000000	0.016455	0.811434	0.000000	0.000791	0.000000	0.171292
328	0.000032	0.000000	0.000000	0.016391	0.812949	0.000000	0.000772	0.000000	0.169856
329	0.000030	0.000000	0.000000	0.016339	0.814277	0.000000	0.000743	0.000000	0.168611
330	0.000023	0.000000	0.000000	0.016215	0.816174	0.000000	0.000747	0.000000	0.166841
331	0.000022	0.000000	0.000000	0.016294	0.817687	0.000000	0.000737	0.000000	0.165260
332	0.000016	0.000000	0.000000	0.016325	0.818872	0.000000	0.000726	0.000000	0.164061
333	0.000020	0.000000	0.000000	0.016340	0.820257	0.000000	0.000712	0.000000	0.162671
334	0.000015	0.000000	0.000000	0.016291	0.821429	0.000000	0.000689	0.000000	0.161576
335	0.000014	0.000000	0.000000	0.016261	0.823149	0.000000	0.000658	0.000000	0.159918
336	0.000011	0.000000	0.000000	0.016203	0.824423	0.000000	0.000621	0.000000	0.158742
337	0.000011	0.000000	0.000000	0.016280	0.826079	0.000000	0.000622	0.000000	0.157008
338	0.000010	0.000000	0.000000	0.016496	0.827042	0.000000	0.000624	0.000000	0.155828
339	0.000008	0.000000	0.000000	0.016618	0.828186	0.000000	0.000587	0.000000	0.154601
340	0.000003	0.000000	0.000000	0.016608	0.829617	0.000000	0.000566	0.000000	0.153206
341	0.000003	0.000000	0.000000	0.016531	0.831005	0.000000	0.000528	0.000000	0.151933
342	0.000002	0.000000	0.000000	0.016482	0.832354	0.000000	0.000529	0.000000	0.150633
343	0.000002	0.000000	0.000000	0.016549	0.833811	0.000000	0.000536	0.000000	0.149102
344	0.000001	0.000000	0.000000	0.016643	0.835063	0.000000	0.000526	0.000000	0.147767
345	0.000001	0.000000	0.000000	0.016700	0.836029	0.000000	0.000553	0.000000	0.146717
346	0.000000	0.000000	0.000000	0.016627	0.837500	0.000000	0.000547	0.000000	0.145326
347	0.000000	0.000000	0.000000	0.016756	0.839121	0.000000	0.000516	0.000000	0.143607
348	0.000000	0.000000	0.000000	0.016808	0.840430	0.000000	0.000499	0.000000	0.142263
349	0.000000	0.000000	0.000000	0.016862	0.841816	0.000000	0.000484	0.000000	0.140838
350	0.000000	0.000000	0.000000	0.016777	0.842856	0.000000	0.000496	0.000000	0.139871
351	0.000000	0.000000	0.000000	0.016834	0.844134	0.000000	0.000484	0.000000	0.138548
352	0.000000	0.000000	0.000000	0.016971	0.845295	0.000000	0.000465	0.000000	0.137269
353	0.000000	0.000000	0.000000	0.016880	0.846658	0.000000	0.000450	0.000000	0.136012
354	0.000000	0.000000	0.000000	0.016804	0.847946	0.000000	0.000454	0.000000	0.134796
355	0.000000	0.000000	0.000000	0.016911	0.848980	0.000000	0.000425	0.000000	0.133684
356	0.000000	0.000000	0.000000	0.016939	0.850170	0.000000	0.000462	0.000000	0.132429
357	0.000000	0.000000	0.000000	0.016905	0.851467	0.000000	0.000456	0.000000	0.131172
358	0.000000	0.000000	0.000000	0.016972	0.852625	0.000000	0.000442	0.000000	0.129961
359	0.000000	0.000000	0.000000	0.016794	0.854029	0.000000	0.000464	0.000000	0.128713
360	0.000000	0.000000	0.000000	0.016824	0.854971	0.000000	0.000445	0.000000	0.127760
361	0.000000	0.000000	0.000000	0.016915	0.855953	0.000000	0.000419	0.000000	0.126713
362	0.000000	0.000000	0.000000	0.016821	0.857177	0.000000	0.000414	0.000000	0.125588
363	0.000000	0.000000	0.000000	0.016689	0.858630	0.000000	0.000420	0.000000	0.124261
364	0.000000	0.000000	0.000000	0.016501	0.859969	0.000000	0.000425	0.000000	0.123105
365	0.000000	0.000000	0.000000	0.016429	0.861351	0.000000	0.000409	0.000000	0.121811
366	0.000000	0.000000	0.000000	0.016566	0.862345	0.000000	0.000403	0.000000	0.120686
367	0.000000	0.000000	0.000000	0.016558	0.863343	0.000000	0.000398	0.000000	0.119701
368	0.000000	0.000000	0.000000	0.016511	0.864368	0.000000	0.000387	0.000000	0.118734
369	0.000000	0.000000	0.000000	0.016473	0.865740	0.000000	0.000376	0.000000	0.117411
370	0.000000	0.000000	0.000000	0.016340	0.867012	0.000000	0.000373	0.000000	0.116275
371	0.000000	0.000000	0.000000	0.016202	0.868496	0.000000	0.000389	0.000000	0.114913
372	0.000000	0.000000	0.000000	0.016103	0.869526	0.000000	0.000376	0.000000	0.113995
373	0.000000	0.000000	0.000000	0.016114	0.870595	0.000000	0.000367	0.000000	0.112924
374	0.000000	0.000000	0.000000	0.016064	0.871910	0.000000	0.000362	0.000000	0.111664
375	0.000000	0.000000	0.000000	0.016156	0.872801	0.000000	0.000324	0.000000	0.110719
376	0.000000	0.000000	0.000000	0.016282	0.873684	0.000000	0.000330	0.000000	0.109704
377	0.000000	0.000000	0.000000	0.016374	0.874838	0.000000	0.000299	0.000000	0.108489
378	0.000000	0.000000	0.000000	0.016347	0.875823	0.000000	0.000290	0.000000	0.107540
379	0.000000	0.000000	0.000000	0.016372	0.876934	0.000000	0.000269	0.000000	0.106425
380	0.000000	0.000000	0.000000	0.016357	0.877894	0.000000	0.000271	0.000000	0.105478
381	0.000000	0.000000	0.000000	0.016281	0.879122	0.000000	0.000267	0.000000	0.104330
382	0.000000	0.000000	0.000000	0.016136	0.880218	0.000000	0.000239	0.000000	0.103407
383	0.000000	0.000000	0.000000	0.016173	0.881226	0.000000	0.000272	0.000000	0.102329
384	0.000000	0.000000	0.000000	0.016189	0.882181	0.000000	0.000260	0.000000	0.101370
385	0.000000	0.000000	0.000000	0.016277	0.883005	0.000000	0.000257	0.000000	0.100461
386	0.000000	0.000000	0.000000	0.016196	0.883983	0.000000	0.000226	0.000000	0.099595
387	0.000000	0.000000	0.000000	0.015948	0.885089	0.000000	0.000226	0.000000	0.098737
388	0.000000	0.000000	0.000000	0.015961	0.885968	0.000000	0.000210	0.000000	0.097861
389	0.000000	0.000000	0.000000	0.015946	0.887022	0.000000	0.000197	0.000000	0.096835
390	0.000000	0.000000	0.000000	0.016042	0.888025	0.000000	0.000208	0.000000	0.095725
391	0.000000	0.000000	0.000000	0.016072	0.888908	0.000000	0.000200	0.000000	0.094820
392	0.000000	0.000000	0.000000	0.016084	0.890029	0.000000	0.000198	0.000000	0.093689
393	0.000000	0.000000	0.000000	0.015997	0.891098	0.000000	0.000193	0.000000	0.092712
394	0.000000	0.000000	0.000000	0.015968	0.892296	0.000000	0.000180	0.000000	0.091556
395	0.000000	0.000000	0.000000	0.016008	0.892991	0.000000	0.000170	0.000000	0.090831
396	0.000000	0.000000	0.000000	0.016045	0.893998	0.000000	0.000183	0.000000	0.089774
397	0.000000	0.000000	0.000000	0.016095	0.894901	0.000000	0.000200	0.000000	0.088804
398	0.000000	0.000000	0.000000	0.016027	0.895843	0.000000	0.000193	0.000000	0.087937
399	0.000000	0.000000	0.000000	0.015802	0.896975	0.000000	0.000192	0.000000	0.087031
400	0.000000	0.000000	0.000000	0.015754	0.897936	0.000000	0.000193	0.000000	0.086117
401	0.000000	0.000000	0.000000	0.015686	0.898684	0.000000	0.000193	0.000000	0.085437
402	0.000000	0.000000	0.000000	0.015724	0.899388	0.000000	0.000183	0.000000	0.084705
403	0.000000	0.000000	0.000000	0.015671	0.900277	0.000000	0.000168	0.000000	0.083884
404	0.000000	0.000000	0.000000	0.015585	0.901350	0.000000	0.000151	0.000000	0.082914
405	0.000000	0.000000	0.000000	0.015586	0.902308	0.000000	0.000154	0.000000	0.081952
406	0.000000	0.000000	0.000000	0.015612	0.903171	0.000000	0.000141	0.000000	0.081076
407	0.000000	0.000000	0.000000	0.015625	0.903893	0.000000	0.000132	0.000000	0.080350
408	0.000000	0.000000	0.000000	0.015843	0.904632	0.000000	0.000117	0.000000	0.079408
409	0.000000	0.000000	0.000000	0.015853	0.905556	0.000000	0.000114	0.000000	0.078477
410	0.000000	0.000000	0.000000	0.015930	0.906343	0.000000	0.000102	0.000000	0.077625
411	0.000000	0.000000	0.000000	0.015872	0.907142	0.000000	0.000117	0.000000	0.076869
412	0.000000	0.000000	0.000000	0.015859	0.908180	0.000000	0.000126	0.000000	0.075835
413	0.000000	0.000000	0.000000	0.016046	0.908800	0.000000	0.000118	0.000000	0.075036
414	0.000000	0.000000	0.000000	0.016015	0.909432	0.000000	0.000124	0.000000	0.074429
415	0.000000	0.000000	0.000000	0.016145	0.910171	0.000000	0.000126	0.000000	0.073558
416	0.000000	0.000000	0.000000	0.015948	0.911235	0.000000	0.000126	0.000000	0.072691
417	0.000000	0.000000	0.000000	0.015860	0.911927	0.000000	0.000118	0.000000	0.072095
418	0.000000	0.000000	0.000000	0.015819	0.912858	0.000000	0.000102	0.000000	0.071221
419	0.000000	0.000000	0.000000	0.015723	0.913742	0.000000	0.000099	0.000000	0.070436
420	0.000000	0.000000	0.000000	0.015709	0.914458	0.000000	0.000093	0.000000	0.069740
421	0.000000	0.000000	0.000000	0.015766	0.914957	0.000000	0.000097	0.000000	0.069180
422	0.000000	0.000000	0.000000	0.015759	0.915593	0.000000	0.000104	0.000000	0.068544
423	0.000000	0.000000	0.000000	0.016004	0.916038	0.000000	0.000088	0.000000	0.067870
424	0.000000	0.000000	0.000000	0.015974	0.916762	0.000000	0.000082	0.000000	0.067182
425	0.000000	0.000000	0.000000	0.015934	0.917592	0.000000	0.000074	0.000000	0.066400
426	0.000000	0.000000	0.000000	0.015980	0.918260	0.000000	0.000070	0.000000	0.065690
427	0.000000	0.000000	0.000000	0.015975	0.918990	0.000000	0.000074	0.000000	0.064961
428	0.000000	0.000000	0.000000	0.015994	0.919661	0.000000	0.000076	0.000000	0.064269
429	0.000000	0.000000	0.000000	0.016035	0.920340	0.000000	0.000071	0.000000	0.063554
430	0.000000	0.000000	0.000000	0.016052	0.921058	0.000000	0.000082	0.000000	0.062808
431	0.000000	0.000000	0.000000	0.016019	0.921727	0.000000	0.000078	0.000000	0.062176
432	0.000000	0.000000	0.000000	0.015973	0.922549	0.000000	0.000072	0.000000	0.061406
433	0.000000	0.000000	0.000000	0.015907	0.923109	0.000000	0.000070	0.000000	0.060914
434	0.000000	0.000000	0.000000	0.015978	0.923655	0.000000	0.000066	0.000000	0.060301
435	0.000000	0.000000	0.000000	0.016043	0.924372	0.000000	0.000061	0.000000	0.059524
436	0.000000	0.000000	0.000000	0.016019	0.925063	0.000000	0.000064	0.000000	0.058854
437	0.000000	0.000000	0.000000	0.016043	0.925827	0.000000	0.000047	0.000000	0.058083
438	0.000000	0.000000	0.000000	0.016054	0.926475	0.000000	0.000049	0.000000	0.057422
439	0.000000	0.000000	0.000000	0.015981	0.927153	0.000000	0.000050	0.000000	0.056816
440	0.000000	0.000000	0.000000	0.015916	0.927639	0.000000	0.000043	0.000000	0.056402
441	0.000000	0.000000	0.000000	0.015944	0.928337	0.000000	0.000040	0.000000	0.055679
442	0.000000	0.000000	0.000000	0.016103	0.928705	0.000000	0.000046	0.000000	0.055146
443	0.000000	0.000000	0.000000	0.016048	0.929368	0.000000	0.000050	0.000000	0.054534
444	0.000000	0.000000	0.000000	0.016102	0.929907	0.000000	0.000053	0.000000	0.053938
445	0.000000	0.000000	0.000000	0.016070	0.930454	0.000000	0.000056	0.000000	0.053420
446	0.000000	0.000000	0.000000	0.016157	0.931079	0.000000	0.000047	0.000000	0.052717
447	0.000000	0.000000	0.000000	0.016062	0.931871	0.000000	0.000058	0.000000	0.052009
448	0.000000	0.000000	0.000000	0.016094	0.932274	0.000000	0.000060	0.000000	0.051572
449	0.000000	0.000000	0.000000	0.016048	0.932973	0.000000	0.000060	0.000000	0.050919
450	0.000000	0.000000	0.000000	0.016108	0.933569	0.000000	0.000055	0.000000	0.050268
451	0.000000	0.000000	0.000000	0.016022	0.934310	0.000000	0.000053	0.000000	0.049615
452	0.000000	0.000000	0.000000	0.016201	0.934848	0.000000	0.000049	0.000000	0.048902
453	0.000000	0.000000	0.000000	0.016208	0.935423	0.000000	0.000045	0.000000	0.048324
454	0.000000	0.000000	0.000000	0.016112	0.936125	0.000000	0.000050	0.000000	0.047713
455	0.000000	0.000000	0.000000	0.016037	0.936728	0.000000	0.000043	0.000000	0.047192
456	0.000000	0.000000	0.000000	0.015919	0.937498	0.000000	0.000048	0.000000	0.046535
457	0.000000	0.000000	0.000000	0.015901	0.938032	0.000000	0.000043	0.000000	0.046024
458	0.000000	0.000000	0.000000	0.015973	0.938381	0.000000	0.000037	0.000000	0.045609
459	0.000000	0.000000	0.000000	0.016045	0.938852	0.000000	0.000041	0.000000	0.045062
460	0.000000	0.000000	0.000000	0.016085	0.939550	0.000000	0.000037	0.000000	0.044328
461	0.000000	0.000000	0.000000	0.016077	0.939922	0.000000	0.000036	0.000000	0.043965
462	0.000000	0.000000	0.000000	0.015922	0.940561	0.000000	0.000030	0.000000	0.043487
463	0.000000	0.000000	0.000000	0.016021	0.941156	0.000000	0.000028	0.000000	0.042795
464	0.000000	0.000000	0.000000	0.015983	0.941638	0.000000	0.000030	0.000000	0.042349
465	0.000000	0.000000	0.000000	0.015883	0.942441	0.000000	0.000026	0.000000	0.041650
466	0.000000	0.000000	0.000000	0.016041	0.942741	0.000000	0.000027	0.000000	0.041191
467	0.000000	0.000000	0.000000	0.015892	0.943303	0.000000	0.000033	0.000000	0.040772
468	0.000000	0.000000	0.000000	0.015908	0.943700	0.000000	0.000029	0.000000	0.040363
469	0.000000	0.000000	0.000000	0.015806	0.944252	0.000000	0.000021	0.000000	0.039921
470	0.000000	0.000000	0.000000	0.015861	0.944590	0.000000	0.000026	0.000000	0.039523
