0	0.290663	0.057897	0.229473	0.157588	0.029913	0.111872	0.085455	0.012259	0.024880
1	0.223238	0.046053	0.194056	0.142958	0.029353	0.122081	0.124120	0.023729	0.094412
2	0.216265	0.044244	0.187462	0.138625	0.030191	0.120040	0.129882	0.024832	0.108459
3	0.215089	0.042972	0.182925	0.136149	0.031658	0.116025	0.132575	0.024796	0.117811
4	0.215104	0.041952	0.179038	0.133660	0.033155	0.111692	0.134587	0.024509	0.126303
5	0.216382	0.041104	0.174995	0.131723	0.034875	0.106983	0.135442	0.024075	0.134421
6	0.217586	0.040139	0.171533	0.129333	0.036706	0.102385	0.136104	0.023791	0.142423
7	0.219458	0.038881	0.167368	0.127499	0.038886	0.098359	0.136380	0.022935	0.150234
8	0.220780	0.037980	0.163365	0.125361	0.041397	0.094254	0.136458	0.022541	0.157864
9	0.222628	0.037117	0.158749	0.123752	0.043728	0.090046	0.136631	0.021792	0.165557
10	0.224486	0.036223	0.154573	0.121878	0.046270	0.086475	0.135526	0.021347	0.173222
11	0.226034	0.035201	0.150307	0.119700	0.048946	0.082744	0.135461	0.020778	0.180829
12	0.227371	0.034304	0.145758	0.117849	0.052064	0.078714	0.135034	0.020452	0.188454
13	0.229372	0.033456	0.141522	0.115991	0.055113	0.075163	0.134232	0.019524	0.195627
14	0.231061	0.032529	0.137439	0.114336	0.058163	0.071403	0.132906	0.019028	0.203135
15	0.232132	0.031548	0.133087	0.112908	0.061816	0.068045	0.131807	0.018515	0.210142
16	0.233487	0.030645	0.128872	0.111273	0.065385	0.065070	0.130407	0.017927	0.216934
17	0.235007	0.029602	0.124577	0.110369	0.069168	0.061174	0.129178	0.017275	0.223650
18	0.235977	0.028660	0.120629	0.108401	0.073014	0.058259	0.127476	0.016837	0.230747
19	0.237055	0.027960	0.115828	0.106743	0.076963	0.055673	0.126156	0.016168	0.237454
20	0.238469	0.026924	0.111311	0.104923	0.081254	0.052958	0.124469	0.015594	0.244098
21	0.239634	0.025987	0.107646	0.103223	0.085689	0.050340	0.122450	0.015044	0.249987
22	0.240397	0.025073	0.103471	0.101523	0.090124	0.047879	0.120954	0.014780	0.255799
23	0.241731	0.024195	0.099521	0.099487	0.095086	0.045442	0.119364	0.014105	0.261069
24	0.241885	0.023197	0.095642	0.097656	0.099857	0.043552	0.117612	0.013654	0.266945
25	0.242390	0.022474	0.091886	0.096117	0.105176	0.041319	0.115159	0.013110	0.272369
26	0.242274	0.021569	0.088053	0.094583	0.110402	0.039066	0.113856	0.012645	0.277552
27	0.242910	0.020731	0.084657	0.093223	0.115753	0.037045	0.110918	0.012125	0.282638
28	0.242425	0.020025	0.081357	0.091646	0.121565	0.035268	0.108476	0.011683	0.287555
29	0.241856	0.019173	0.077678	0.090355	0.127507	0.033760	0.106363	0.011179	0.292129
30	0.241310	0.018492	0.074625	0.089143	0.133735	0.032108	0.104434	0.010644	0.295509
31	0.240326	0.017695	0.071382	0.087994	0.139917	0.030231	0.102305	0.010259	0.299891
32	0.239839	0.017055	0.068334	0.086545	0.146436	0.028694	0.100029	0.009692	0.303376
33	0.238205	0.016291	0.065280	0.085132	0.153464	0.027148	0.097786	0.009246	0.307448
34	0.237311	0.015752	0.062253	0.084109	0.159982	0.025992	0.095292	0.008818	0.310491
35	0.235817	0.014997	0.059174	0.083249	0.167439	0.024566	0.092898	0.008516	0.313344
36	0.234230	0.014485	0.056399	0.081890	0.174382	0.023392	0.090300	0.008192	0.316730
37	0.232259	0.013680	0.053687	0.080879	0.182137	0.022002	0.087534	0.007861	0.319961
38	0.230093	0.013019	0.051224	0.079696	0.189420	0.021168	0.085066	0.007512	0.322802
39	0.228264	0.012517	0.048908	0.078507	0.196893	0.020007	0.083052	0.007135	0.324717
40	0.225591	0.012082	0.046337	0.077763	0.204684	0.019241	0.080625	0.006867	0.326810
41	0.223611	0.011615	0.043648	0.076383	0.212844	0.018246	0.078615	0.006553	0.328485
42	0.221042	0.011177	0.041437	0.075205	0.221235	0.017253	0.076160	0.006202	0.330289
43	0.218578	0.010752	0.039115	0.074384	0.229312	0.016525	0.074095	0.005895	0.331344
44	0.216880	0.010309	0.036967	0.073108	0.237156	0.016008	0.071425	0.005557	0.332590
45	0.213903	0.009970	0.035249	0.072483	0.246070	0.015279	0.069020	0.005233	0.332793
46	0.210893	0.009425	0.033589	0.071331	0.254955	0.014545	0.066893	0.005036	0.333333
47	0.207831	0.008947	0.031871	0.070493	0.264238	0.014034	0.065007	0.004838	0.332741
48	0.205405	0.008525	0.030116	0.069867	0.272999	0.013305	0.062500	0.004588	0.332695
49	0.202350	0.008204	0.028414	0.069130	0.281941	0.012841	0.060017	0.004254	0.332849
50	0.199544	0.007889	0.026710	0.068454	0.291415	0.012328	0.058252	0.003996	0.331412
51	0.196636	0.007526	0.025001	0.067846	0.300670	0.011831	0.056287	0.003896	0.330307
52	0.193134	0.007225	0.023452	0.067418	0.309434	0.011263	0.054415	0.003729	0.329930
53	0.189875	0.006759	0.022011	0.066633	0.319015	0.010809	0.052959	0.003608	0.328331
54	0.186467	0.006363	0.020778	0.066148	0.328749	0.010426	0.050993	0.003318	0.326758
55	0.182888	0.006069	0.019383	0.065484	0.338319	0.010086	0.049305	0.003139	0.325327
56	0.178977	0.005762	0.018326	0.065077	0.348268	0.009664	0.047467	0.002941	0.323518
57	0.174946	0.005356	0.017130	0.064568	0.358200	0.009437	0.045461	0.002833	0.322069
58	0.171388	0.004992	0.016202	0.063857	0.368232	0.009121	0.043558	0.002657	0.319993
59	0.168045	0.004831	0.015285	0.063627	0.377583	0.008854	0.042164	0.002607	0.317004
60	0.163925	0.004533	0.014286	0.063380	0.387656	0.008560	0.040703	0.002434	0.314523
61	0.159903	0.004292	0.013491	0.062994	0.397758	0.008324	0.038740	0.002235	0.312263
62	0.155814	0.004000	0.012616	0.062680	0.407188	0.008196	0.037283	0.002154	0.310069
63	0.151775	0.003766	0.011678	0.062521	0.417752	0.007832	0.035698	0.002084	0.306894
64	0.148292	0.003602	0.010894	0.062195	0.427238	0.007696	0.034339	0.001959	0.303785
65	0.144233	0.003420	0.010162	0.061962	0.436821	0.007556	0.032881	0.001880	0.301085
66	0.140308	0.003253	0.009344	0.061789	0.446510	0.007283	0.031687	0.001714	0.298112
67	0.136128	0.003104	0.008803	0.061645	0.456811	0.007221	0.030349	0.001599	0.294340
68	0.132421	0.002887	0.008314	0.061453	0.466969	0.007183	0.028957	0.001477	0.290339
69	0.128894	0.002715	0.007775	0.060995	0.476949	0.006986	0.027663	0.001456	0.286567
70	0.124855	0.002551	0.007214	0.061276	0.487060	0.006741	0.026441	0.001320	0.282542
71	0.120924	0.002419	0.006759	0.060945	0.497522	0.006609	0.025465	0.001252	0.278105
72	0.117067	0.002215	0.006284	0.060387	0.507886	0.006361	0.024297	0.001175	0.274328
73	0.113441	0.002111	0.005873	0.060295	0.517242	0.006318	0.023324	0.001068	0.270328
74	0.109406	0.001994	0.005531	0.060021	0.527373	0.006221	0.022220	0.000976	0.266258
75	0.105507	0.001799	0.005191	0.059855	0.537043	0.006168	0.021385	0.000936	0.262116
76	0.102253	0.001665	0.004717	0.059659	0.546831	0.005982	0.020419	0.000912	0.257562
77	0.098833	0.001651	0.004256	0.059564	0.556286	0.005899	0.019424	0.000836	0.253251
78	0.095533	0.001534	0.003961	0.059813	0.565471	0.005800	0.018528	0.000817	0.248543
79	0.092000	0.001460	0.003637	0.059661	0.575318	0.005750	0.017584	0.000782	0.243808
80	0.088838	0.001367	0.003331	0.059510	0.584506	0.005747	0.016786	0.000771	0.239144
81	0.085850	0.001246	0.003131	0.059382	0.593581	0.005575	0.015882	0.000769	0.234584
82	0.082868	0.001172	0.002870	0.059230	0.602940	0.005476	0.015234	0.000732	0.229478
83	0.079717	0.001106	0.002712	0.059202	0.611852	0.005328	0.014515	0.000708	0.224860
84	0.076773	0.001009	0.002505	0.059079	0.620578	0.005174	0.013742	0.000660	0.220480
85	0.074222	0.000949	0.002270	0.058888	0.629376	0.005167	0.013092	0.000607	0.215429
86	0.071346	0.000920	0.002068	0.059019	0.637792	0.005136	0.012411	0.000585	0.210723
87	0.068695	0.000893	0.001859	0.059051	0.645980	0.005103	0.011670	0.000552	0.206197
88	0.065796	0.000823	0.001645	0.059236	0.654324	0.005056	0.011211	0.000568	0.201341
89	0.062966	0.000758	0.001488	0.059336	0.662194	0.004921	0.010670	0.000548	0.197119
90	0.060361	0.000695	0.001357	0.059203	0.670765	0.004910	0.010060	0.000555	0.192094
91	0.057552	0.000677	0.001217	0.059281	0.678280	0.004853	0.009552	0.000501	0.188087
92	0.055380	0.000635	0.001093	0.058972	0.686360	0.004823	0.009105	0.000481	0.183151
93	0.052656	0.000597	0.001052	0.058938	0.694041	0.004751	0.008676	0.000467	0.178822
94	0.050428	0.000549	0.000932	0.059048	0.701579	0.004767	0.008275	0.000448	0.173974
95	0.048077	0.000508	0.000850	0.058898	0.708657	0.004828	0.007843	0.000417	0.169922
96	0.045944	0.000501	0.000787	0.058939	0.715924	0.004751	0.007448	0.000383	0.165323
97	0.043971	0.000469	0.000733	0.058977	0.722749	0.004701	0.007012	0.000333	0.161055
98	0.041642	0.000450	0.000663	0.058761	0.730428	0.004639	0.006693	0.000313	0.156411
99	0.039785	0.000437	0.000596	0.059075	0.736718	0.004654	0.006334	0.000290	0.152111
100	0.037979	0.000417	0.000531	0.059003	0.743537	0.004710	0.006022	0.000294	0.147507
101	0.036049	0.000359	0.000483	0.059119	0.750286	0.004627	0.005592	0.000263	0.143222
102	0.034221	0.000348	0.000458	0.059436	0.756494	0.004516	0.005317	0.000241	0.138969
103	0.032587	0.000314	0.000425	0.059578	0.762758	0.004526	0.004972	0.000247	0.134593
104	0.030809	0.000290	0.000350	0.059417	0.768934	0.004538	0.004669	0.000229	0.130764
105	0.029211	0.000280	0.000333	0.059576	0.774444	0.004522	0.004432	0.000213	0.126989
106	0.027731	0.000256	0.000304	0.059633	0.780079	0.004477	0.004273	0.000202	0.123045
107	0.026135	0.000253	0.000267	0.059998	0.785683	0.004452	0.004073	0.000191	0.118948
108	0.024505	0.000225	0.000250	0.059816	0.791307	0.004537	0.003870	0.000176	0.115314
109	0.023346	0.000231	0.000246	0.059841	0.796962	0.004401	0.003672	0.000165	0.111136
110	0.021968	0.000217	0.000239	0.059774	0.802144	0.004328	0.003540	0.000160	0.107630
111	0.020702	0.000184	0.000227	0.059711	0.807700	0.004261	0.003298	0.000154	0.103763
112	0.019610	0.000160	0.000208	0.059480	0.812814	0.004224	0.003112	0.000154	0.100238
113	0.018325	0.000139	0.000216	0.059591	0.817731	0.004099	0.002933	0.000155	0.096811
114	0.017352	0.000138	0.000189	0.060159	0.821747	0.004171	0.002740	0.000142	0.093362
115	0.016303	0.000123	0.000167	0.059878	0.826862	0.004064	0.002615	0.000132	0.089856
116	0.015341	0.000107	0.000162	0.059908	0.831154	0.004054	0.002527	0.000121	0.086626
117	0.014469	0.000108	0.000151	0.059928	0.835152	0.004085	0.002312	0.000112	0.083683
118	0.013694	0.000096	0.000153	0.059639	0.839463	0.004043	0.002151	0.000099	0.080662
119	0.012849	0.000084	0.000131	0.059619	0.843577	0.003971	0.002046	0.000091	0.077632
120	0.012212	0.000073	0.000120	0.059652	0.847489	0.004041	0.001921	0.000088	0.074404
121	0.011379	0.000066	0.000130	0.059580	0.851384	0.003959	0.001880	0.000083	0.071539
122	0.010725	0.000060	0.000114	0.059335	0.855050	0.003947	0.001737	0.000072	0.068960
123	0.010053	0.000051	0.000115	0.059335	0.858371	0.003953	0.001633	0.000082	0.066407
124	0.009473	0.000050	0.000098	0.059216	0.861929	0.003911	0.001565	0.000077	0.063681
125	0.008880	0.000036	0.000094	0.059469	0.864920	0.003862	0.001461	0.000074	0.061204
126	0.008400	0.000034	0.000090	0.059755	0.867903	0.003821	0.001334	0.000065	0.058598
127	0.007845	0.000029	0.000084	0.059833	0.870730	0.003904	0.001268	0.000063	0.056244
128	0.007354	0.000024	0.000082	0.059702	0.873667	0.003901	0.001221	0.000059	0.053990
129	0.006926	0.000017	0.000080	0.059855	0.876359	0.003877	0.001141	0.000052	0.051693
130	0.006515	0.000017	0.000085	0.059816	0.879070	0.003767	0.001115	0.000052	0.049563
131	0.006047	0.000010	0.000084	0.059944	0.881460	0.003847	0.000994	0.000050	0.047564
132	0.005596	0.000011	0.000077	0.060127	0.883994	0.003759	0.000936	0.000049	0.045451
133	0.005214	0.000011	0.000083	0.060197	0.886183	0.003793	0.000890	0.000046	0.043583
134	0.004857	0.000012	0.000085	0.060308	0.888355	0.003802	0.000842	0.000046	0.041693
135	0.004582	0.000013	0.000083	0.060707	0.890180	0.003799	0.000806	0.000041	0.039789
136	0.004279	0.000009	0.000074	0.061090	0.891905	0.003754	0.000761	0.000041	0.038087
137	0.003990	0.000009	0.000077	0.061010	0.893955	0.003788	0.000731	0.000038	0.036402
138	0.003729	0.000010	0.000060	0.061022	0.895865	0.003793	0.000696	0.000039	0.034786
139	0.003529	0.000010	0.000069	0.061195	0.897488	0.003849	0.000617	0.000038	0.033205
140	0.003246	0.000009	0.000066	0.061090	0.899608	0.003760	0.000567	0.000034	0.031620
141	0.003036	0.000008	0.000077	0.060824	0.901782	0.003752	0.000540	0.000028	0.029953
142	0.002845	0.000009	0.000071	0.060720	0.903587	0.003762	0.000493	0.000022	0.028491
143	0.002574	0.000008	0.000070	0.060378	0.905467	0.003825	0.000474	0.000021	0.027183
144	0.002402	0.000011	0.000071	0.060256	0.907035	0.003854	0.000441	0.000019	0.025911
145	0.002291	0.000010	0.000065	0.060112	0.908601	0.003888	0.000431	0.000020	0.024582
146	0.002112	0.000011	0.000066	0.060032	0.910022	0.003913	0.000418	0.000017	0.023409
147	0.001910	0.000009	0.000051	0.059910	0.911620	0.003896	0.000401	0.000011	0.022192
148	0.001805	0.000007	0.000044	0.059442	0.913486	0.003887	0.000402	0.000011	0.020916
149	0.001713	0.000007	0.000038	0.059529	0.914628	0.003788	0.000391	0.000010	0.019896
150	0.001621	0.000002	0.000037	0.059721	0.915527	0.003828	0.000383	0.000009	0.018872
151	0.001486	0.000003	0.000036	0.059598	0.916690	0.003839	0.000348	0.000011	0.017989
152	0.001398	0.000005	0.000033	0.059393	0.917947	0.003800	0.000338	0.000008	0.017078
153	0.001327	0.000005	0.000029	0.059534	0.918703	0.003800	0.000317	0.000007	0.016278
154	0.001239	0.000003	0.000022	0.059623	0.919551	0.003822	0.000283	0.000007	0.015450
155	0.001179	0.000001	0.000020	0.059303	0.920765	0.003815	0.000284	0.000005	0.014628
156	0.001095	0.000000	0.000022	0.059746	0.921228	0.003796	0.000305	0.000006	0.013802
157	0.001031	0.000000	0.000018	0.059839	0.922035	0.003719	0.000282	0.000006	0.013070
158	0.000969	0.000000	0.000019	0.059660	0.922947	0.003698	0.000286	0.000002	0.012419
159	0.000869	0.000000	0.000010	0.059800	0.923612	0.003736	0.000289	0.000001	0.011683
160	0.000793	0.000000	0.000008	0.059893	0.924219	0.003724	0.000280	0.000000	0.011083
161	0.000738	0.000000	0.000008	0.060047	0.924850	0.003643	0.000274	0.000000	0.010440
162	0.000658	0.000000	0.000008	0.059800	0.925714	0.003659	0.000286	0.000000	0.009875
163	0.000620	0.000000	0.000011	0.059781	0.926397	0.003574	0.000279	0.000000	0.009338
164	0.000580	0.000000	0.000010	0.059783	0.927080	0.003482	0.000273	0.000000	0.008792
165	0.000561	0.000000	0.000007	0.059991	0.927431	0.003473	0.000253	0.000000	0.008284
166	0.000527	0.000000	0.000002	0.059709	0.928319	0.003460	0.000245	0.000000	0.007738
167	0.000526	0.000000	0.000002	0.059819	0.928586	0.003458	0.000236	0.000000	0.007373
168	0.000440	0.000000	0.000002	0.059832	0.929096	0.003408	0.000247	0.000000	0.006975
169	0.000411	0.000000	0.000002	0.060002	0.929421	0.003372	0.000218	0.000000	0.006574
170	0.000363	0.000000	0.000001	0.060133	0.929682	0.003415	0.000195	0.000000	0.006211
171	0.000347	0.000000	0.000000	0.060022	0.930272	0.003328	0.000184	0.000000	0.005847
172	0.000329	0.000000	0.000000	0.059973	0.930632	0.003375	0.000169	0.000000	0.005522
173	0.000309	0.000000	0.000000	0.060075	0.930882	0.003388	0.000169	0.000000	0.005177
174	0.000297	0.000000	0.000000	0.060368	0.931038	0.003298	0.000167	0.000000	0.004832
175	0.000285	0.000000	0.000000	0.060008	0.931716	0.003347	0.000160	0.000000	0.004484
176	0.000267	0.000000	0.000000	0.059818	0.932263	0.003280	0.000160	0.000000	0.004212
177	0.000250	0.000000	0.000000	0.059951	0.932451	0.003240	0.000142	0.000000	0.003966
178	0.000241	0.000000	0.000000	0.059869	0.932745	0.003309	0.000136	0.000000	0.003700
179	0.000227	0.000000	0.000000	0.059637	0.933198	0.003316	0.000110	0.000000	0.003512
180	0.000206	0.000000	0.000000	0.059690	0.933373	0.003314	0.000110	0.000000	0.003307
181	0.000184	0.000000	0.000000	0.059718	0.933562	0.003362	0.000089	0.000000	0.003085
182	0.000191	0.000000	0.000000	0.059700	0.933853	0.003317	0.000078	0.000000	0.002861
183	0.000179	0.000000	0.000000	0.059639	0.934136	0.003263	0.000070	0.000000	0.002713
184	0.000171	0.000000	0.000000	0.059614	0.934331	0.003327	0.000061	0.000000	0.002496
185	0.000167	0.000000	0.000000	0.059745	0.934393	0.003337	0.000051	0.000000	0.002307
186	0.000160	0.000000	0.000000	0.059745	0.934592	0.003324	0.000041	0.000000	0.002138
187	0.000129	0.000000	0.000000	0.059719	0.934839	0.003258	0.000046	0.000000	0.002009
188	0.000112	0.000000	0.000000	0.059736	0.934970	0.003243	0.000054	0.000000	0.001885
189	0.000102	0.000000	0.000000	0.059488	0.935285	0.003321	0.000049	0.000000	0.001755
190	0.000098	0.000000	0.000000	0.059313	0.935596	0.003355	0.000050	0.000000	0.001588
191	0.000090	0.000000	0.000000	0.059427	0.935635	0.003363	0.000050	0.000000	0.001435
192	0.000080	0.000000	0.000000	0.059188	0.935916	0.003408	0.000054	0.000000	0.001354
193	0.000082	0.000000	0.000000	0.059394	0.935852	0.003393	0.000061	0.000000	0.001218
194	0.000081	0.000000	0.000000	0.059302	0.935969	0.003458	0.000066	0.000000	0.001124
195	0.000071	0.000000	0.000000	0.059211	0.936162	0.003454	0.000068	0.000000	0.001034
196	0.000069	0.000000	0.000000	0.059399	0.935976	0.003527	0.000066	0.000000	0.000963
197	0.000067	0.000000	0.000000	0.059503	0.936052	0.003420	0.000063	0.000000	0.000895
198	0.000055	0.000000	0.000000	0.059618	0.935986	0.003431	0.000073	0.000000	0.000837
199	0.000051	0.000000	0.000000	0.059595	0.936146	0.003359	0.000063	0.000000	0.000786
200	0.000042	0.000000	0.000000	0.059822	0.936008	0.003374	0.000054	0.000000	0.000700
201	0.000032	0.000000	0.000000	0.059645	0.936186	0.003432	0.000049	0.000000	0.000656
202	0.000033	0.000000	0.000000	0.059733	0.936168	0.003433	0.000041	0.000000	0.000592
203	0.000029	0.000000	0.000000	0.059740	0.936240	0.003415	0.000029	0.000000	0.000547
204	0.000035	0.000000	0.000000	0.059761	0.936231	0.003436	0.000027	0.000000	0.000510
205	0.000034	0.000000	0.000000	0.059922	0.936131	0.003426	0.000019	0.000000	0.000468
206	0.000031	0.000000	0.000000	0.059739	0.936406	0.003379	0.000015	0.000000	0.000430
207	0.000032	0.000000	0.000000	0.059731	0.936478	0.003371	0.000014	0.000000	0.000374
208	0.000026	0.000000	0.000000	0.059925	0.936256	0.003443	0.000014	0.000000	0.000336
209	0.000020	0.000000	0.000000	0.059824	0.936451	0.003407	0.000012	0.000000	0.000286
210	0.000020	0.000000	0.000000	0.059597	0.936670	0.003453	0.000008	0.000000	0.000252
211	0.000018	0.000000	0.000000	0.059184	0.937144	0.003418	0.000007	0.000000	0.000229
212	0.000016	0.000000	0.000000	0.059204	0.937103	0.003477	0.000003	0.000000	0.000197
213	0.000013	0.000000	0.000000	0.059205	0.936979	0.003615	0.000003	0.000000	0.000185
214	0.000013	0.000000	0.000000	0.059255	0.937021	0.003563	0.000002	0.000000	0.000146
215	0.000010	0.000000	0.000000	0.059326	0.936958	0.003557	0.000003	0.000000	0.000146
216	0.000013	0.000000	0.000000	0.059507	0.936841	0.003515	0.000001	0.000000	0.000123
217	0.000015	0.000000	0.000000	0.059600	0.936794	0.003469	0.000000	0.000000	0.000122
218	0.000018	0.000000	0.000000	0.059655	0.936715	0.003513	0.000000	0.000000	0.000099
219	0.000018	0.000000	0.000000	0.059745	0.936568	0.003583	0.000000	0.000000	0.000086
220	0.000012	0.000000	0.000000	0.059797	0.936571	0.003537	0.000000	0.000000	0.000083
221	0.000011	0.000000	0.000000	0.059792	0.936562	0.003568	0.000000	0.000000	0.000067
222	0.000008	0.000000	0.000000	0.059815	0.936478	0.003624	0.000000	0.000000	0.000075
223	0.000006	0.000000	0.000000	0.059825	0.936454	0.003647	0.000000	0.000000	0.000068
224	0.000005	0.000000	0.000000	0.059846	0.936367	0.003714	0.000000	0.000000	0.000068
225	0.000005	0.000000	0.000000	0.060071	0.936118	0.003736	0.000000	0.000000	0.000070
226	0.000003	0.000000	0.000000	0.059951	0.936219	0.003764	0.000000	0.000000	0.000063
227	0.000002	0.000000	0.000000	0.059921	0.936211	0.003800	0.000000	0.000000	0.000066
228	0.000000	0.000000	0.000000	0.059864	0.936325	0.003750	0.000000	0.000000	0.000061
229	0.000000	0.000000	0.000000	0.059817	0.936329	0.003797	0.000000	0.000000	0.000057
230	0.000000	0.000000	0.000000	0.059723	0.936470	0.003754	0.000000	0.000000	0.000053
231	0.000000	0.000000	0.000000	0.059867	0.936333	0.003739	0.000000	0.000000	0.000061
232	0.000000	0.000000	0.000000	0.059956	0.936255	0.003740	0.000000	0.000000	0.000049
233	0.000000	0.000000	0.000000	0.060180	0.936146	0.003638	0.000000	0.000000	0.000036
234	0.000000	0.000000	0.000000	0.060506	0.935805	0.003653	0.000000	0.000000	0.000036
235	0.000000	0.000000	0.000000	0.060619	0.935710	0.003640	0.000000	0.000000	0.000031
236	0.000000	0.000000	0.000000	0.060767	0.935600	0.003607	0.000000	0.000000	0.000026
237	0.000000	0.000000	0.000000	0.060876	0.935478	0.003625	0.000000	0.000000	0.000021
238	0.000000	0.000000	0.000000	0.060885	0.935471	0.003632	0.000000	0.000000	0.000012
239	0.000000	0.000000	0.000000	0.061137	0.935297	0.003556	0.000000	0.000000	0.000010
240	0.000000	0.000000	0.000000	0.061155	0.935395	0.003435	0.000000	0.000000	0.000015
241	0.000000	0.000000	0.000000	0.061112	0.935445	0.003430	0.000000	0.000000	0.000013
242	0.000000	0.000000	0.000000	0.061211	0.935417	0.003356	0.000000	0.000000	0.000016
243	0.000000	0.000000	0.000000	0.061458	0.935091	0.003434	0.000000	0.000000	0.000017
244	0.000000	0.000000	0.000000	0.061164	0.935353	0.003469	0.000000	0.000000	0.000014
245	0.000000	0.000000	0.000000	0.060856	0.935696	0.003438	0.000000	0.000000	0.000010
246	0.000000	0.000000	0.000000	0.060963	0.935644	0.003383	0.000000	0.000000	0.000010
247	0.000000	0.000000	0.000000	0.060925	0.935632	0.003429	0.000000	0.000000	0.000014
248	0.000000	0.000000	0.000000	0.061158	0.935414	0.003418	0.000000	0.000000	0.000010
249	0.000000	0.000000	0.000000	0.061252	0.935363	0.003379	0.000000	0.000000	0.000006
250	0.000000	0.000000	0.000000	0.061369	0.935236	0.003387	0.000000	0.000000	0.000008
251	0.000000	0.000000	0.000000	0.061389	0.935158	0.003447	0.000000	0.000000	0.000006
252	0.000000	0.000000	0.000000	0.061410	0.935048	0.003539	0.000000	0.000000	0.000003
253	0.000000	0.000000	0.000000	0.061592	0.934838	0.003564	0.000000	0.000000	0.000006
254	0.000000	0.000000	0.000000	0.061466	0.935035	0.003492	0.000000	0.000000	0.000007
255	0.000000	0.000000	0.000000	0.061224	0.935284	0.003486	0.000000	0.000000	0.000006
256	0.000000	0.000000	0.000000	0.060860	0.935606	0.003531	0.000000	0.000000	0.000003
257	0.000000	0.000000	0.000000	0.061051	0.935451	0.003496	0.000000	0.000000	0.000002
258	0.000000	0.000000	0.000000	0.060926	0.935634	0.003438	0.000000	0.000000	0.000002
259	0.000000	0.000000	0.000000	0.060904	0.935575	0.003520	0.000000	0.000000	0.000001
260	0.000000	0.000000	0.000000	0.060733	0.935845	0.003419	0.000000	0.000000	0.000003
261	0.000000	0.000000	0.000000	0.060935	0.935594	0.003469	0.000000	0.000000	0.000002
262	0.000000	0.000000	0.000000	0.060791	0.935721	0.003486	0.000000	0.000000	0.000002
263	0.000000	0.000000	0.000000	0.060959	0.935551	0.003489	0.000000	0.000000	0.000001
264	0.000000	0.000000	0.000000	0.060825	0.935691	0.003483	0.000000	0.000000	0.000001
265	0.000000	0.000000	0.000000	0.060568	0.935944	0.003487	0.000000	0.000000	0.000001
266	0.000000	0.000000	0.000000	0.060312	0.936197	0.003490	0.000000	0.000000	0.000001
267	0.000000	0.000000	0.000000	0.060535	0.935937	0.003528	0.000000	0.000000	0.000000
268	0.000000	0.000000	0.000000	0.060484	0.935982	0.003534	0.000000	0.000000	0.000000
269	0.000000	0.000000	0.000000	0.060419	0.936087	0.003492	0.000000	0.000000	0.000002
270	0.000000	0.000000	0.000000	0.060351	0.936130	0.003519	0.000000	0.000000	0.000000
271	0.000000	0.000000	0.000000	0.060379	0.936117	0.003504	0.000000	0.000000	0.000000
272	0.000000	0.000000	0.000000	0.060270	0.936208	0.003522	0.000000	0.000000	0.000000
273	0.000000	0.000000	0.000000	0.060513	0.935962	0.003525	0.000000	0.000000	0.000000
274	0.000000	0.000000	0.000000	0.060408	0.936105	0.003487	0.000000	0.000000	0.000000
275	0.000000	0.000000	0.000000	0.060278	0.936259	0.003463	0.000000	0.000000	0.000000
276	0.000000	0.000000	0.000000	0.060498	0.936128	0.003374	0.000000	0.000000	0.000000
277	0.000000	0.000000	0.000000	0.060653	0.935969	0.003378	0.000000	0.000000	0.000000
278	0.000000	0.000000	0.000000	0.060553	0.936037	0.003410	0.000000	0.000000	0.000000
279	0.000000	0.000000	0.000000	0.060314	0.936206	0.003480	0.000000	0.000000	0.000000
280	0.000000	0.000000	0.000000	0.060093	0.936432	0.003475	0.000000	0.000000	0.000000
281	0.000000	0.000000	0.000000	0.059725	0.936754	0.003521	0.000000	0.000000	0.000000
282	0.000000	0.000000	0.000000	0.059836	0.936717	0.003447	0.000000	0.000000	0.000000
283	0.000000	0.000000	0.000000	0.059961	0.936608	0.003431	0.000000	0.000000	0.000000
284	0.000000	0.000000	0.000000	0.059796	0.936773	0.003431	0.000000	0.000000	0.000000
285	0.000000	0.000000	0.000000	0.059796	0.936761	0.003443	0.000000	0.000000	0.000000
286	0.000000	0.000000	0.000000	0.059425	0.937154	0.003421	0.000000	0.000000	0.000000
287	0.000000	0.000000	0.000000	0.059455	0.937107	0.003438	0.000000	0.000000	0.000000
288	0.000000	0.000000	0.000000	0.059757	0.936802	0.003441	0.000000	0.000000	0.000000
289	0.000000	0.000000	0.000000	0.059503	0.937118	0.003379	0.000000	0.000000	0.000000
290	0.000000	0.000000	0.000000	0.059473	0.937110	0.003417	0.000000	0.000000	0.000000
291	0.000000	0.000000	0.000000	0.059595	0.936913	0.003492	0.000000	0.000000	0.000000
292	0.000000	0.000000	0.000000	0.059427	0.937076	0.003497	0.000000	0.000000	0.000000
293	0.000000	0.000000	0.000000	0.059489	0.936968	0.003543	0.000000	0.000000	0.000000
294	0.000000	0.000000	0.000000	0.059570	0.936872	0.003558	0.000000	0.000000	0.000000
295	0.000000	0.000000	0.000000	0.059471	0.936944	0.003585	0.000000	0.000000	0.000000
296	0.000000	0.000000	0.000000	0.059374	0.937048	0.003578	0.000000	0.000000	0.000000
297	0.000000	0.000000	0.000000	0.059634	0.936793	0.003573	0.000000	0.000000	0.000000
298	0.000000	0.000000	0.000000	0.059826	0.936570	0.003604	0.000000	0.000000	0.000000
299	0.000000	0.000000	0.000000	0.059508	0.936943	0.003549	0.000000	0.000000	0.000000
300	0.000000	0.000000	0.000000	0.059653	0.936747	0.003600	0.000000	0.000000	0.000000
301	0.000000	0.000000	0.000000	0.059860	0.936632	0.003508	0.000000	0.000000	0.000000
302	0.000000	0.000000	0.000000	0.059745	0.936758	0.003497	0.000000	0.000000	0.000000
303	0.000000	0.000000	0.000000	0.059554	0.936897	0.003549	0.000000	0.000000	0.000000
304	0.000000	0.000000	0.000000	0.059563	0.936899	0.003538	0.000000	0.000000	0.000000
305	0.000000	0.000000	0.000000	0.059516	0.936961	0.003523	0.000000	0.000000	0.000000
306	0.000000	0.000000	0.000000	0.059384	0.937114	0.003502	0.000000	0.000000	0.000000
307	0.000000	0.000000	0.000000	0.059321	0.937185	0.003494	0.000000	0.000000	0.000000
308	0.000000	0.000000	0.000000	0.059396	0.937141	0.003463	0.000000	0.000000	0.000000
309	0.000000	0.000000	0.000000	0.059238	0.937258	0.003504	0.000000	0.000000	0.000000
310	0.000000	0.000000	0.000000	0.059084	0.937369	0.003547	0.000000	0.000000	0.000000
311	0.000000	0.000000	0.000000	0.059225	0.937207	0.003568	0.000000	0.000000	0.000000
312	0.000000	0.000000	0.000000	0.059453	0.937060	0.003487	0.000000	0.000000	0.000000
313	0.000000	0.000000	0.000000	0.059445	0.937060	0.003495	0.000000	0.000000	0.000000
314	0.000000	0.000000	0.000000	0.059523	0.936898	0.003579	0.000000	0.000000	0.000000
315	0.000000	0.000000	0.000000	0.059668	0.936736	0.003596	0.000000	0.000000	0.000000
316	0.000000	0.000000	0.000000	0.059289	0.937180	0.003531	0.000000	0.000000	0.000000
317	0.000000	0.000000	0.000000	0.059335	0.937155	0.003510	0.000000	0.000000	0.000000
318	0.000000	0.000000	0.000000	0.059233	0.937282	0.003485	0.000000	0.000000	0.000000
319	0.000000	0.000000	0.000000	0.058921	0.937511	0.003568	0.000000	0.000000	0.000000
320	0.000000	0.000000	0.000000	0.058896	0.937559	0.003545	0.000000	0.000000	0.000000
321	0.000000	0.000000	0.000000	0.058884	0.937558	0.003558	0.000000	0.000000	0.000000
322	0.000000	0.000000	0.000000	0.059106	0.937298	0.003596	0.000000	0.000000	0.000000
323	0.000000	0.000000	0.000000	0.059049	0.937298	0.003653	0.000000	0.000000	0.000000
324	0.000000	0.000000	0.000000	0.059293	0.937005	0.003702	0.000000	0.000000	0.000000
325	0.000000	0.000000	0.000000	0.059073	0.937206	0.003721	0.000000	0.000000	0.000000
326	0.000000	0.000000	0.000000	0.059131	0.937178	0.003691	0.000000	0.000000	0.000000
327	0.000000	0.000000	0.000000	0.059193	0.937139	0.003668	0.000000	0.000000	0.000000
328	0.000000	0.000000	0.000000	0.059273	0.936949	0.003778	0.000000	0.000000	0.000000
329	0.000000	0.000000	0.000000	0.059227	0.937000	0.003773	0.000000	0.000000	0.000000
330	0.000000	0.000000	0.000000	0.059044	0.937235	0.003721	0.000000	0.000000	0.000000
331	0.000000	0.000000	0.000000	0.059200	0.937008	0.003792	0.000000	0.000000	0.000000
332	0.000000	0.000000	0.000000	0.058951	0.937233	0.003816	0.000000	0.000000	0.000000
333	0.000000	0.000000	0.000000	0.059229	0.936942	0.003829	0.000000	0.000000	0.000000
334	0.000000	0.000000	0.000000	0.059197	0.936909	0.003894	0.000000	0.000000	0.000000
335	0.000000	0.000000	0.000000	0.059265	0.936906	0.003829	0.000000	0.000000	0.000000
336	0.000000	0.000000	0.000000	0.059454	0.936656	0.003890	0.000000	0.000000	0.000000
337	0.000000	0.000000	0.000000	0.059599	0.936471	0.003930	0.000000	0.000000	0.000000
338	0.000000	0.000000	0.000000	0.059368	0.936735	0.003897	0.000000	0.000000	0.000000
339	0.000000	0.000000	0.000000	0.059521	0.936547	0.003932	0.000000	0.000000	0.000000
340	0.000000	0.000000	0.000000	0.059466	0.936544	0.003990	0.000000	0.000000	0.000000
341	0.000000	0.000000	0.000000	0.059441	0.936697	0.003862	0.000000	0.000000	0.000000
342	0.000000	0.000000	0.000000	0.059391	0.936713	0.003896	0.000000	0.000000	0.000000
343	0.000000	0.000000	0.000000	0.059209	0.936922	0.003869	0.000000	0.000000	0.000000
344	0.000000	0.000000	0.000000	0.059296	0.936834	0.003870	0.000000	0.000000	0.000000
345	0.000000	0.000000	0.000000	0.059227	0.936899	0.003874	0.000000	0.000000	0.000000
346	0.000000	0.000000	0.000000	0.059126	0.936981	0.003893	0.000000	0.000000	0.000000
347	0.000000	0.000000	0.000000	0.059246	0.936940	0.003814	0.000000	0.000000	0.000000
348	0.000000	0.000000	0.000000	0.059232	0.936970	0.003798	0.000000	0.000000	0.000000
349	0.000000	0.000000	0.000000	0.059070	0.937195	0.003735	0.000000	0.000000	0.000000
350	0.000000	0.000000	0.000000	0.059019	0.937215	0.003766	0.000000	0.000000	0.000000
351	0.000000	0.000000	0.000000	0.059015	0.937221	0.003764	0.000000	0.000000	0.000000
352	0.000000	0.000000	0.000000	0.058881	0.937394	0.003725	0.000000	0.000000	0.000000
353	0.000000	0.000000	0.000000	0.058882	0.937295	0.003823	0.000000	0.000000	0.000000
354	0.000000	0.000000	0.000000	0.059144	0.937061	0.003795	0.000000	0.000000	0.000000
355	0.000000	0.000000	0.000000	0.059007	0.937189	0.003804	0.000000	0.000000	0.000000
356	0.000000	0.000000	0.000000	0.059212	0.936944	0.003844	0.000000	0.000000	0.000000
357	0.000000	0.000000	0.000000	0.059224	0.936849	0.003927	0.000000	0.000000	0.000000
358	0.000000	0.000000	0.000000	0.059452	0.936756	0.003792	0.000000	0.000000	0.000000
359	0.000000	0.000000	0.000000	0.059652	0.936589	0.003759	0.000000	0.000000	0.000000
360	0.000000	0.000000	0.000000	0.059633	0.936629	0.003738	0.000000	0.000000	0.000000
361	0.000000	0.000000	0.000000	0.059709	0.936498	0.003793	0.000000	0.000000	0.000000
362	0.000000	0.000000	0.000000	0.059931	0.936207	0.003862	0.000000	0.000000	0.000000
363	0.000000	0.000000	0.000000	0.060024	0.936039	0.003937	0.000000	0.000000	0.000000
364	0.000000	0.000000	0.000000	0.059896	0.936257	0.003847	0.000000	0.000000	0.000000
365	0.000000	0.000000	0.000000	0.060084	0.936113	0.003803	0.000000	0.000000	0.000000
366	0.000000	0.000000	0.000000	0.059995	0.936152	0.003853	0.000000	0.000000	0.000000
367	0.000000	0.000000	0.000000	0.059624	0.936523	0.003853	0.000000	0.000000	0.000000
368	0.000000	0.000000	0.000000	0.059654	0.936524	0.003822	0.000000	0.000000	0.000000
369	0.000000	0.000000	0.000000	0.059729	0.936490	0.003781	0.000000	0.000000	0.000000
370	0.000000	0.000000	0.000000	0.059674	0.936569	0.003757	0.000000	0.000000	0.000000
371	0.000000	0.000000	0.000000	0.059623	0.936672	0.003705	0.000000	0.000000	0.000000
372	0.000000	0.000000	0.000000	0.059728	0.936472	0.003800	0.000000	0.000000	0.000000
373	0.000000	0.000000	0.000000	0.059929	0.936239	0.003832	0.000000	0.000000	0.000000
374	0.000000	0.000000	0.000000	0.059936	0.936276	0.003788	0.000000	0.000000	0.000000
375	0.000000	0.000000	0.000000	0.059922	0.936287	0.003791	0.000000	0.000000	0.000000
376	0.000000	0.000000	0.000000	0.060011	0.936186	0.003803	0.000000	0.000000	0.000000
377	0.000000	0.000000	0.000000	0.060114	0.936146	0.003740	0.000000	0.000000	0.000000
378	0.000000	0.000000	0.000000	0.060126	0.936062	0.003812	0.000000	0.000000	0.000000
379	0.000000	0.000000	0.000000	0.059913	0.936247	0.003840	0.000000	0.000000	0.000000
380	0.000000	0.000000	0.000000	0.059975	0.936162	0.003863	0.000000	0.000000	0.000000
381	0.000000	0.000000	0.000000	0.060361	0.935875	0.003764	0.000000	0.000000	0.000000
382	0.000000	0.000000	0.000000	0.060568	0.935617	0.003815	0.000000	0.000000	0.000000
383	0.000000	0.000000	0.000000	0.060748	0.935516	0.003736	0.000000	0.000000	0.000000
384	0.000000	0.000000	0.000000	0.060710	0.935533	0.003757	0.000000	0.000000	0.000000
385	0.000000	0.000000	0.000000	0.060641	0.935618	0.003741	0.000000	0.000000	0.000000
386	0.000000	0.000000	0.000000	0.060781	0.935431	0.003788	0.000000	0.000000	0.000000
387	0.000000	0.000000	0.000000	0.060635	0.935547	0.003818	0.000000	0.000000	0.000000
388	0.000000	0.000000	0.000000	0.060649	0.935652	0.003699	0.000000	0.000000	0.000000
389	0.000000	0.000000	0.000000	0.060621	0.935702	0.003677	0.000000	0.000000	0.000000
390	0.000000	0.000000	0.000000	0.060686	0.935600	0.003714	0.000000	0.000000	0.000000
391	0.000000	0.000000	0.000000	0.060678	0.935620	0.003702	0.000000	0.000000	0.000000
392	0.000000	0.000000	0.000000	0.060748	0.935605	0.003647	0.000000	0.000000	0.000000
393	0.000000	0.000000	0.000000	0.060724	0.935566	0.003710	0.000000	0.000000	0.000000
394	0.000000	0.000000	0.000000	0.060695	0.935629	0.003676	0.000000	0.000000	0.000000
395	0.000000	0.000000	0.000000	0.060622	0.935724	0.003654	0.000000	0.000000	0.000000
396	0.000000	0.000000	0.000000	0.060875	0.935449	0.003676	0.000000	0.000000	0.000000
397	0.000000	0.000000	0.000000	0.060754	0.935626	0.003620	0.000000	0.000000	0.000000
398	0.000000	0.000000	0.000000	0.060938	0.935483	0.003579	0.000000	0.000000	0.000000
399	0.000000	0.000000	0.000000	0.060875	0.935540	0.003585	0.000000	0.000000	0.000000
400	0.000000	0.000000	0.000000	0.060897	0.935459	0.003644	0.000000	0.000000	0.000000
401	0.000000	0.000000	0.000000	0.061089	0.935288	0.003623	0.000000	0.000000	0.000000
402	0.000000	0.000000	0.000000	0.061304	0.935038	0.003658	0.000000	0.000000	0.000000
403	0.000000	0.000000	0.000000	0.061559	0.934837	0.003604	0.000000	0.000000	0.000000
404	0.000000	0.000000	0.000000	0.061808	0.934491	0.003701	0.000000	0.000000	0.000000
405	0.000000	0.000000	0.000000	0.061938	0.934343	0.003719	0.000000	0.000000	0.000000
406	0.000000	0.000000	0.000000	0.062164	0.934143	0.003693	0.000000	0.000000	0.000000
407	0.000000	0.000000	0.000000	0.062346	0.933915	0.003739	0.000000	0.000000	0.000000
408	0.000000	0.000000	0.000000	0.062130	0.934223	0.003647	0.000000	0.000000	0.000000
409	0.000000	0.000000	0.000000	0.062470	0.933891	0.003639	0.000000	0.000000	0.000000
410	0.000000	0.000000	0.000000	0.062459	0.933825	0.003716	0.000000	0.000000	0.000000
411	0.000000	0.000000	0.000000	0.062493	0.933754	0.003753	0.000000	0.000000	0.000000
412	0.000000	0.000000	0.000000	0.062506	0.933690	0.003804	0.000000	0.000000	0.000000
413	0.000000	0.000000	0.000000	0.062468	0.933764	0.003768	0.000000	0.000000	0.000000
414	0.000000	0.000000	0.000000	0.062599	0.933616	0.003785	0.000000	0.000000	0.000000
415	0.000000	0.000000	0.000000	0.062745	0.933530	0.003725	0.000000	0.000000	0.000000
416	0.000000	0.000000	0.000000	0.062492	0.933823	0.003685	0.000000	0.000000	0.000000
417	0.000000	0.000000	0.000000	0.062544	0.933664	0.003792	0.000000	0.000000	0.000000
418	0.000000	0.000000	0.000000	0.062846	0.933401	0.003753	0.000000	0.000000	0.000000
419	0.000000	0.000000	0.000000	0.062871	0.933315	0.003814	0.000000	0.000000	0.000000
420	0.000000	0.000000	0.000000	0.062835	0.933348	0.003817	0.000000	0.000000	0.000000
421	0.000000	0.000000	0.000000	0.062794	0.933342	0.003864	0.000000	0.000000	0.000000
422	0.000000	0.000000	0.000000	0.063017	0.933237	0.003746	0.000000	0.000000	0.000000
423	0.000000	0.000000	0.000000	0.063080	0.933074	0.003846	0.000000	0.000000	0.000000
424	0.000000	0.000000	0.000000	0.063318	0.932846	0.003836	0.000000	0.000000	0.000000
425	0.000000	0.000000	0.000000	0.063346	0.932707	0.003947	0.000000	0.000000	0.000000
426	0.000000	0.000000	0.000000	0.063399	0.932748	0.003853	0.000000	0.000000	0.000000
427	0.000000	0.000000	0.000000	0.063288	0.932831	0.003881	0.000000	0.000000	0.000000
428	0.000000	0.000000	0.000000	0.063275	0.932924	0.003801	0.000000	0.000000	0.000000
429	0.000000	0.000000	0.000000	0.063165	0.932979	0.003856	0.000000	0.000000	0.000000
430	0.000000	0.000000	0.000000	0.063199	0.932988	0.003813	0.000000	0.000000	0.000000
431	0.000000	0.000000	0.000000	0.063260	0.932837	0.003903	0.000000	0.000000	0.000000
432	0.000000	0.000000	0.000000	0.062979	0.933141	0.003880	0.000000	0.000000	0.000000
433	0.000000	0.000000	0.000000	0.063087	0.933078	0.003835	0.000000	0.000000	0.000000
434	0.000000	0.000000	0.000000	0.063106	0.933016	0.003878	0.000000	0.000000	0.000000
435	0.000000	0.000000	0.000000	0.063071	0.933024	0.003905	0.000000	0.000000	0.000000
436	0.000000	0.000000	0.000000	0.063207	0.932856	0.003937	0.000000	0.000000	0.000000
437	0.000000	0.000000	0.000000	0.063271	0.932780	0.003949	0.000000	0.000000	0.000000
438	0.000000	0.000000	0.000000	0.063577	0.932513	0.003910	0.000000	0.000000	0.000000
439	0.000000	0.000000	0.000000	0.063843	0.932250	0.003907	0.000000	0.000000	0.000000
440	0.000000	0.000000	0.000000	0.063807	0.932216	0.003977	0.000000	0.000000	0.000000
441	0.000000	0.000000	0.000000	0.063919	0.932008	0.004073	0.000000	0.000000	0.000000
442	0.000000	0.000000	0.000000	0.063783	0.932236	0.003981	0.000000	0.000000	0.000000
443	0.000000	0.000000	0.000000	0.064107	0.931886	0.004007	0.000000	0.000000	0.000000
444	0.000000	0.000000	0.000000	0.064317	0.931763	0.003920	0.000000	0.000000	0.000000
445	0.000000	0.000000	0.000000	0.064572	0.931496	0.003932	0.000000	0.000000	0.000000
446	0.000000	0.000000	0.000000	0.064548	0.931576	0.003876	0.000000	0.000000	0.000000
447	0.000000	0.000000	0.000000	0.064299	0.931835	0.003866	0.000000	0.000000	0.000000
448	0.000000	0.000000	0.000000	0.064209	0.931899	0.003892	0.000000	0.000000	0.000000
449	0.000000	0.000000	0.000000	0.064173	0.931968	0.003859	0.000000	0.000000	0.000000
450	0.000000	0.000000	0.000000	0.064108	0.931997	0.003895	0.000000	0.000000	0.000000
451	0.000000	0.000000	0.000000	0.064275	0.931786	0.003939	0.000000	0.000000	0.000000
452	0.000000	0.000000	0.000000	0.064326	0.931779	0.003895	0.000000	0.000000	0.000000
453	0.000000	0.000000	0.000000	0.064530	0.931473	0.003997	0.000000	0.000000	0.000000
454	0.000000	0.000000	0.000000	0.064768	0.931229	0.004003	0.000000	0.000000	0.000000
455	0.000000	0.000000	0.000000	0.064772	0.931129	0.004099	0.000000	0.000000	0.000000
456	0.000000	0.000000	0.000000	0.064796	0.931094	0.004110	0.000000	0.000000	0.000000
457	0.000000	0.000000	0.000000	0.064565	0.931220	0.004215	0.000000	0.000000	0.000000
458	0.000000	0.000000	0.000000	0.065099	0.930740	0.004161	0.000000	0.000000	0.000000
459	0.000000	0.000000	0.000000	0.065266	0.930577	0.004157	0.000000	0.000000	0.000000
460	0.000000	0.000000	0.000000	0.065350	0.930406	0.004244	0.000000	0.000000	0.000000
461	0.000000	0.000000	0.000000	0.065526	0.930272	0.004202	0.000000	0.000000	0.000000
462	0.000000	0.000000	0.000000	0.065338	0.930494	0.004168	0.000000	0.000000	0.000000
463	0.000000	0.000000	0.000000	0.065364	0.930459	0.004177	0.000000	0.000000	0.000000
464	0.000000	0.000000	0.000000	0.065247	0.930544	0.004209	0.000000	0.000000	0.000000
465	0.000000	0.000000	0.000000	0.064994	0.930793	0.004213	0.000000	0.000000	0.000000
466	0.000000	0.000000	0.000000	0.064852	0.930953	0.004195	0.000000	0.000000	0.000000
467	0.000000	0.000000	0.000000	0.064814	0.931033	0.004153	0.000000	0.000000	0.000000
468	0.000000	0.000000	0.000000	0.064991	0.930899	0.004110	0.000000	0.000000	0.000000
469	0.000000	0.000000	0.000000	0.064809	0.931179	0.004012	0.000000	0.000000	0.000000
470	0.000000	0.000000	0.000000	0.064836	0.931071	0.004093	0.000000	0.000000	0.000000
