0	0.290663	0.057897	0.229473	0.157588	0.029913	0.111872	0.085455	0.012259	0.024880
1	0.232781	0.048290	0.201294	0.141331	0.028960	0.120762	0.115681	0.022260	0.088641
2	0.234543	0.047949	0.201900	0.136314	0.029931	0.117478	0.113895	0.021872	0.096118
3	0.242278	0.047912	0.204288	0.133292	0.031001	0.113151	0.109070	0.020579	0.098429
4	0.251068	0.047909	0.206845	0.129626	0.032420	0.108133	0.103922	0.019290	0.100787
5	0.260431	0.047741	0.208682	0.126309	0.034312	0.103393	0.098700	0.017874	0.102558
6	0.269561	0.047369	0.210435	0.122786	0.036203	0.099176	0.093819	0.016428	0.104223
7	0.278691	0.046910	0.212247	0.119945	0.037995	0.094475	0.088538	0.015162	0.106037
8	0.287412	0.046502	0.213735	0.116547	0.040365	0.090411	0.083640	0.013900	0.107488
9	0.296352	0.046328	0.214207	0.113298	0.042621	0.085924	0.079551	0.012914	0.108805
10	0.305048	0.045485	0.215944	0.109873	0.044676	0.081821	0.075066	0.011971	0.110116
11	0.313995	0.044563	0.216378	0.106579	0.047286	0.077861	0.071034	0.011081	0.111223
12	0.322686	0.044020	0.216369	0.103293	0.049850	0.073935	0.067096	0.010242	0.112509
13	0.332199	0.043305	0.216023	0.100127	0.052684	0.069644	0.063085	0.009348	0.113585
14	0.339847	0.042778	0.215594	0.097277	0.055472	0.066283	0.059652	0.008618	0.114479
15	0.347941	0.041697	0.215274	0.094130	0.058348	0.062954	0.056252	0.008045	0.115359
16	0.355487	0.040936	0.214325	0.091027	0.061709	0.059920	0.053387	0.007469	0.115740
17	0.363109	0.040219	0.212872	0.088001	0.064944	0.056859	0.050284	0.006870	0.116842
18	0.369745	0.039683	0.211737	0.084943	0.068579	0.054086	0.047455	0.006206	0.117566
19	0.376910	0.038702	0.210809	0.082375	0.071796	0.051154	0.044254	0.005833	0.118167
20	0.383316	0.037977	0.209096	0.079915	0.075556	0.048347	0.041672	0.005440	0.118681
21	0.388916	0.037338	0.207926	0.076893	0.079625	0.045773	0.039250	0.004890	0.119389
22	0.394788	0.036359	0.206058	0.074534	0.084035	0.043197	0.036743	0.004616	0.119670
23	0.400130	0.035624	0.204313	0.072332	0.088262	0.041113	0.034590	0.004199	0.119437
24	0.405474	0.034761	0.202532	0.070175	0.092481	0.039053	0.032277	0.003931	0.119316
25	0.410279	0.033961	0.200946	0.067754	0.097332	0.037146	0.030393	0.003608	0.118581
26	0.415050	0.033166	0.198812	0.065623	0.102517	0.034934	0.028383	0.003347	0.118168
27	0.418732	0.032277	0.196665	0.063939	0.107491	0.033401	0.026361	0.003069	0.118065
28	0.422585	0.031474	0.194801	0.062443	0.112397	0.031535	0.024656	0.002872	0.117237
29	0.426825	0.030321	0.192259	0.060432	0.117806	0.029728	0.023321	0.002686	0.116622
30	0.429364	0.029600	0.190506	0.058676	0.123329	0.028476	0.021655	0.002488	0.115906
31	0.432717	0.028894	0.187715	0.056866	0.129389	0.027091	0.020219	0.002235	0.114874
32	0.435326	0.028083	0.184668	0.055477	0.135371	0.025694	0.019125	0.002025	0.114231
33	0.436837	0.027261	0.182752	0.053762	0.141824	0.024773	0.017816	0.001844	0.113131
34	0.438080	0.026465	0.179919	0.052679	0.148490	0.023558	0.016634	0.001722	0.112453
35	0.440009	0.025645	0.176921	0.051442	0.155017	0.022635	0.015605	0.001619	0.111107
36	0.441102	0.025096	0.173807	0.050434	0.161872	0.021983	0.014478	0.001485	0.109743
37	0.441286	0.024283	0.171328	0.049218	0.169235	0.021063	0.013544	0.001417	0.108626
38	0.441626	0.023738	0.168363	0.048252	0.176727	0.020240	0.012590	0.001294	0.107170
39	0.441835	0.022939	0.165916	0.047344	0.183953	0.019501	0.011746	0.001150	0.105616
40	0.441749	0.021978	0.163010	0.046141	0.191992	0.018696	0.010972	0.001060	0.104402
41	0.441753	0.021378	0.160007	0.045475	0.199746	0.018075	0.010089	0.000958	0.102519
42	0.440737	0.020958	0.157596	0.044251	0.207916	0.017556	0.009383	0.000918	0.100685
43	0.439621	0.019939	0.154647	0.043450	0.216659	0.016907	0.008971	0.000837	0.098969
44	0.438448	0.019182	0.151736	0.042778	0.225400	0.016305	0.008326	0.000756	0.097069
45	0.437377	0.018464	0.148795	0.041993	0.234708	0.015538	0.007797	0.000735	0.094593
46	0.434984	0.017909	0.145744	0.041244	0.244237	0.015213	0.007098	0.000675	0.092896
47	0.433064	0.017200	0.142316	0.040922	0.253485	0.014746	0.006514	0.000584	0.091169
48	0.430407	0.016458	0.139277	0.040618	0.263128	0.014322	0.006009	0.000562	0.089219
49	0.428082	0.015859	0.136223	0.039807	0.272812	0.013807	0.005508	0.000523	0.087379
50	0.425582	0.015335	0.132729	0.039401	0.282933	0.013671	0.005150	0.000465	0.084734
51	0.422412	0.014666	0.129861	0.038787	0.292730	0.013141	0.004732	0.000452	0.083219
52	0.419390	0.014316	0.126272	0.038367	0.303193	0.012845	0.004416	0.000416	0.080785
53	0.415163	0.013658	0.123593	0.038181	0.313553	0.012879	0.004012	0.000373	0.078588
54	0.411318	0.013193	0.120449	0.037675	0.324339	0.012512	0.003690	0.000345	0.076479
55	0.406606	0.012649	0.117816	0.037395	0.335368	0.012191	0.003422	0.000326	0.074227
56	0.402553	0.012275	0.114836	0.037409	0.345675	0.012049	0.003130	0.000273	0.071800
57	0.397714	0.011583	0.111963	0.036862	0.357068	0.011972	0.002830	0.000274	0.069734
58	0.392906	0.011167	0.109502	0.036466	0.367792	0.011862	0.002613	0.000248	0.067444
59	0.387443	0.010810	0.106831	0.036246	0.379394	0.011415	0.002408	0.000230	0.065223
60	0.382475	0.010344	0.103976	0.035958	0.390654	0.011348	0.002163	0.000218	0.062864
61	0.376659	0.009919	0.101187	0.035881	0.402101	0.011295	0.002035	0.000203	0.060720
62	0.370672	0.009619	0.098400	0.035981	0.413670	0.011061	0.001823	0.000152	0.058622
63	0.364836	0.009058	0.095884	0.035774	0.424905	0.011177	0.001629	0.000152	0.056585
64	0.359395	0.008799	0.093095	0.035696	0.436062	0.010932	0.001511	0.000106	0.054404
65	0.353619	0.008318	0.090267	0.035417	0.447813	0.010644	0.001345	0.000104	0.052473
66	0.347834	0.007966	0.087100	0.035595	0.459354	0.010457	0.001228	0.000096	0.050370
67	0.340958	0.007719	0.084682	0.035781	0.470747	0.010516	0.001105	0.000088	0.048404
68	0.334103	0.007422	0.081991	0.035830	0.482546	0.010543	0.001064	0.000067	0.046434
69	0.327505	0.007094	0.079760	0.035560	0.494345	0.010315	0.000923	0.000065	0.044433
70	0.321034	0.006747	0.077056	0.035557	0.505841	0.010174	0.000916	0.000048	0.042627
71	0.314232	0.006325	0.074532	0.035222	0.517933	0.010200	0.000800	0.000054	0.040702
72	0.307252	0.005960	0.072119	0.035291	0.529236	0.010218	0.000744	0.000043	0.039137
73	0.300595	0.005724	0.069513	0.035391	0.540721	0.010058	0.000661	0.000038	0.037299
74	0.293022	0.005547	0.067429	0.035348	0.552384	0.010054	0.000621	0.000042	0.035553
75	0.286328	0.005219	0.064950	0.035350	0.563739	0.010018	0.000579	0.000027	0.033790
76	0.279323	0.004919	0.062770	0.035495	0.574928	0.009837	0.000528	0.000024	0.032176
77	0.272343	0.004698	0.060497	0.035655	0.585912	0.009857	0.000470	0.000020	0.030548
78	0.265695	0.004474	0.058265	0.035809	0.596816	0.009669	0.000434	0.000021	0.028817
79	0.258321	0.004331	0.056229	0.035855	0.607717	0.009734	0.000416	0.000020	0.027377
80	0.251516	0.004127	0.053946	0.035783	0.618515	0.009745	0.000366	0.000012	0.025990
81	0.244943	0.003947	0.051696	0.035665	0.629278	0.009656	0.000316	0.000006	0.024493
82	0.237971	0.003757	0.050068	0.035953	0.639218	0.009671	0.000305	0.000005	0.023052
83	0.231123	0.003481	0.047889	0.035963	0.650024	0.009457	0.000280	0.000003	0.021780
84	0.224137	0.003242	0.046155	0.036110	0.660115	0.009465	0.000229	0.000002	0.020545
85	0.217047	0.003008	0.044366	0.036191	0.670238	0.009429	0.000200	0.000001	0.019520
86	0.210089	0.002833	0.042457	0.036417	0.680094	0.009424	0.000153	0.000000	0.018533
87	0.203013	0.002673	0.040842	0.036416	0.690044	0.009479	0.000147	0.000001	0.017385
88	0.196260	0.002541	0.039019	0.036315	0.699988	0.009410	0.000128	0.000001	0.016338
89	0.189598	0.002371	0.037279	0.036473	0.709558	0.009327	0.000107	0.000000	0.015287
90	0.183101	0.002235	0.035627	0.036552	0.718955	0.009255	0.000097	0.000000	0.014178
91	0.176580	0.002098	0.034094	0.036632	0.727869	0.009260	0.000093	0.000000	0.013374
92	0.170242	0.002020	0.032483	0.036813	0.736481	0.009295	0.000101	0.000000	0.012565
93	0.163847	0.001850	0.031179	0.036825	0.745169	0.009366	0.000078	0.000000	0.011686
94	0.157787	0.001745	0.029805	0.036884	0.753561	0.009247	0.000065	0.000000	0.010906
95	0.151524	0.001617	0.028250	0.036710	0.762342	0.009310	0.000061	0.000000	0.010186
96	0.145973	0.001446	0.027071	0.036770	0.770065	0.009184	0.000050	0.000000	0.009441
97	0.140348	0.001320	0.025859	0.036832	0.777568	0.009271	0.000044	0.000000	0.008758
98	0.134854	0.001206	0.024536	0.036860	0.785088	0.009318	0.000035	0.000000	0.008103
99	0.128998	0.001153	0.023423	0.036814	0.792596	0.009376	0.000035	0.000000	0.007605
100	0.123756	0.001081	0.022200	0.036634	0.799784	0.009445	0.000023	0.000000	0.007077
101	0.118294	0.001032	0.021003	0.036894	0.806857	0.009393	0.000019	0.000000	0.006508
102	0.113332	0.000945	0.020150	0.036807	0.813403	0.009329	0.000014	0.000000	0.006020
103	0.108184	0.000923	0.019001	0.036918	0.819917	0.009437	0.000013	0.000000	0.005607
104	0.103838	0.000819	0.017947	0.036932	0.826080	0.009116	0.000006	0.000000	0.005262
105	0.099044	0.000744	0.017085	0.036908	0.832147	0.009158	0.000010	0.000000	0.004904
106	0.094659	0.000677	0.016135	0.036713	0.838213	0.009090	0.000007	0.000000	0.004506
107	0.090302	0.000635	0.015424	0.036713	0.843777	0.009001	0.000009	0.000000	0.004139
108	0.085925	0.000594	0.014543	0.036846	0.849095	0.009157	0.000003	0.000000	0.003837
109	0.082030	0.000545	0.013671	0.036773	0.854164	0.009283	0.000004	0.000000	0.003530
110	0.078214	0.000531	0.012733	0.036579	0.859549	0.009196	0.000004	0.000000	0.003194
111	0.074278	0.000516	0.012093	0.036690	0.864212	0.009238	0.000004	0.000000	0.002969
112	0.070551	0.000508	0.011532	0.036826	0.868546	0.009257	0.000003	0.000000	0.002777
113	0.067368	0.000457	0.010734	0.036824	0.872860	0.009218	0.000006	0.000000	0.002533
114	0.064007	0.000415	0.010235	0.036907	0.876948	0.009187	0.000007	0.000000	0.002294
115	0.060721	0.000386	0.009778	0.036787	0.881128	0.009208	0.000000	0.000000	0.001992
116	0.057723	0.000374	0.009329	0.036653	0.884935	0.009191	0.000001	0.000000	0.001794
117	0.054766	0.000356	0.008766	0.036999	0.888348	0.009143	0.000005	0.000000	0.001617
118	0.051969	0.000358	0.008343	0.037147	0.891405	0.009307	0.000000	0.000000	0.001471
119	0.048994	0.000349	0.007932	0.037280	0.894904	0.009184	0.000005	0.000000	0.001352
120	0.046453	0.000310	0.007455	0.037440	0.897771	0.009322	0.000001	0.000000	0.001248
121	0.043765	0.000295	0.007091	0.037609	0.900784	0.009287	0.000002	0.000000	0.001167
122	0.041443	0.000276	0.006608	0.037745	0.903642	0.009236	0.000001	0.000000	0.001049
123	0.038869	0.000263	0.006182	0.037392	0.907012	0.009314	0.000000	0.000000	0.000968
124	0.036754	0.000258	0.005780	0.037422	0.909670	0.009236	0.000001	0.000000	0.000879
125	0.034698	0.000248	0.005400	0.037252	0.912319	0.009268	0.000000	0.000000	0.000815
126	0.032637	0.000238	0.005037	0.037276	0.914682	0.009383	0.000000	0.000000	0.000747
127	0.030619	0.000211	0.004724	0.037227	0.917174	0.009390	0.000000	0.000000	0.000655
128	0.028709	0.000184	0.004458	0.037300	0.919363	0.009408	0.000000	0.000000	0.000578
129	0.026974	0.000177	0.004175	0.037249	0.921511	0.009368	0.000000	0.000000	0.000546
130	0.025296	0.000174	0.003920	0.036952	0.923765	0.009387	0.000000	0.000000	0.000506
131	0.023822	0.000165	0.003630	0.036955	0.925547	0.009423	0.000000	0.000000	0.000458
132	0.022301	0.000146	0.003434	0.036918	0.927417	0.009378	0.000000	0.000000	0.000406
133	0.020835	0.000119	0.003254	0.036997	0.929023	0.009404	0.000000	0.000000	0.000368
134	0.019413	0.000097	0.003151	0.037163	0.930362	0.009496	0.000000	0.000000	0.000318
135	0.018153	0.000088	0.002926	0.037195	0.931964	0.009379	0.000000	0.000000	0.000295
136	0.017080	0.000068	0.002754	0.037179	0.933361	0.009301	0.000000	0.000000	0.000257
137	0.016013	0.000082	0.002621	0.036879	0.934927	0.009227	0.000000	0.000000	0.000251
138	0.014917	0.000074	0.002366	0.037114	0.936040	0.009258	0.000000	0.000000	0.000231
139	0.013967	0.000069	0.002221	0.036927	0.937345	0.009287	0.000000	0.000000	0.000184
140	0.012944	0.000055	0.002032	0.037100	0.938367	0.009322	0.000000	0.000000	0.000180
141	0.012049	0.000044	0.001874	0.036860	0.939684	0.009320	0.000000	0.000000	0.000169
142	0.011334	0.000040	0.001712	0.036866	0.940663	0.009231	0.000000	0.000000	0.000154
143	0.010620	0.000030	0.001569	0.037015	0.941301	0.009338	0.000000	0.000000	0.000127
144	0.009867	0.000020	0.001452	0.036983	0.942307	0.009251	0.000000	0.000000	0.000120
145	0.009144	0.000017	0.001328	0.037183	0.943053	0.009178	0.000000	0.000000	0.000097
146	0.008473	0.000016	0.001218	0.037225	0.943751	0.009222	0.000000	0.000000	0.000095
147	0.007911	0.000017	0.001134	0.036978	0.944682	0.009198	0.000000	0.000000	0.000080
148	0.007422	0.000011	0.001045	0.036961	0.945356	0.009127	0.000000	0.000000	0.000078
149	0.006869	0.000012	0.000966	0.036853	0.946035	0.009196	0.000000	0.000000	0.000069
150	0.006340	0.000013	0.000893	0.036834	0.946844	0.009026	0.000000	0.000000	0.000050
151	0.005908	0.000007	0.000819	0.036676	0.947501	0.009034	0.000000	0.000000	0.000055
152	0.005374	0.000005	0.000741	0.036535	0.948421	0.008882	0.000000	0.000000	0.000042
153	0.004976	0.000003	0.000674	0.036585	0.948833	0.008892	0.000000	0.000000	0.000037
154	0.004558	0.000005	0.000600	0.036526	0.949356	0.008921	0.000000	0.000000	0.000034
155	0.004270	0.000001	0.000592	0.036528	0.949735	0.008856	0.000000	0.000000	0.000018
156	0.003979	0.000001	0.000529	0.036122	0.950344	0.009009	0.000000	0.000000	0.000016
157	0.003751	0.000002	0.000494	0.036250	0.950496	0.008994	0.000000	0.000000	0.000013
158	0.003468	0.000001	0.000454	0.036154	0.951043	0.008866	0.000000	0.000000	0.000014
159	0.003261	0.000003	0.000430	0.036284	0.951081	0.008930	0.000000	0.000000	0.000011
160	0.003036	0.000004	0.000380	0.036090	0.951607	0.008874	0.000000	0.000000	0.000009
161	0.002895	0.000002	0.000371	0.036019	0.951735	0.008967	0.000000	0.000000	0.000011
162	0.002676	0.000004	0.000349	0.036288	0.951714	0.008956	0.000000	0.000000	0.000013
163	0.002545	0.000005	0.000336	0.036221	0.952134	0.008747	0.000000	0.000000	0.000012
164	0.002380	0.000003	0.000298	0.036399	0.952198	0.008707	0.000000	0.000000	0.000015
165	0.002208	0.000002	0.000268	0.036490	0.952362	0.008653	0.000000	0.000000	0.000017
166	0.002034	0.000002	0.000263	0.036386	0.952627	0.008674	0.000000	0.000000	0.000014
167	0.001920	0.000002	0.000253	0.036180	0.952828	0.008807	0.000000	0.000000	0.000010
168	0.001800	0.000003	0.000235	0.036262	0.952835	0.008857	0.000000	0.000000	0.000008
169	0.001587	0.000000	0.000225	0.036155	0.953057	0.008969	0.000000	0.000000	0.000007
170	0.001475	0.000000	0.000203	0.036168	0.953167	0.008982	0.000000	0.000000	0.000005
171	0.001350	0.000000	0.000218	0.036213	0.953234	0.008978	0.000000	0.000000	0.000007
172	0.001241	0.000000	0.000213	0.036449	0.953078	0.009011	0.000000	0.000000	0.000008
173	0.001176	0.000000	0.000200	0.036369	0.953277	0.008970	0.000000	0.000000	0.000008
174	0.001092	0.000000	0.000186	0.036278	0.953423	0.009016	0.000000	0.000000	0.000005
175	0.000985	0.000000	0.000180	0.036196	0.953607	0.009028	0.000000	0.000000	0.000004
176	0.000879	0.000000	0.000176	0.036320	0.953668	0.008955	0.000000	0.000000	0.000002
177	0.000794	0.000000	0.000182	0.036373	0.953559	0.009091	0.000000	0.000000	0.000001
178	0.000701	0.000000	0.000175	0.036637	0.953557	0.008929	0.000000	0.000000	0.000001
179	0.000636	0.000000	0.000179	0.036740	0.953515	0.008927	0.000000	0.000000	0.000003
180	0.000545	0.000000	0.000160	0.036891	0.953468	0.008935	0.000000	0.000000	0.000001
181	0.000514	0.000000	0.000160	0.036958	0.953387	0.008981	0.000000	0.000000	0.000000
182	0.000462	0.000000	0.000154	0.036755	0.953616	0.009013	0.000000	0.000000	0.000000
183	0.000432	0.000000	0.000143	0.036794	0.953696	0.008935	0.000000	0.000000	0.000000
184	0.000399	0.000000	0.000128	0.036669	0.953993	0.008811	0.000000	0.000000	0.000000
185	0.000370	0.000000	0.000121	0.036702	0.953878	0.008929	0.000000	0.000000	0.000000
186	0.000332	0.000000	0.000117	0.036725	0.953917	0.008909	0.000000	0.000000	0.000000
187	0.000318	0.000000	0.000121	0.037099	0.953553	0.008909	0.000000	0.000000	0.000000
188	0.000301	0.000000	0.000103	0.037208	0.953492	0.008896	0.000000	0.000000	0.000000
189	0.000292	0.000000	0.000096	0.037293	0.953402	0.008917	0.000000	0.000000	0.000000
190	0.000271	0.000000	0.000084	0.037041	0.953767	0.008837	0.000000	0.000000	0.000000
191	0.000245	0.000000	0.000077	0.037125	0.953821	0.008732	0.000000	0.000000	0.000000
192	0.000229	0.000000	0.000063	0.037286	0.953679	0.008743	0.000000	0.000000	0.000000
193	0.000190	0.000000	0.000061	0.037192	0.953775	0.008782	0.000000	0.000000	0.000000
194	0.000144	0.000000	0.000061	0.037298	0.953724	0.008773	0.000000	0.000000	0.000000
195	0.000134	0.000000	0.000056	0.037236	0.953773	0.008801	0.000000	0.000000	0.000000
196	0.000111	0.000000	0.000055	0.037151	0.953877	0.008806	0.000000	0.000000	0.000000
197	0.000094	0.000000	0.000047	0.037344	0.953861	0.008654	0.000000	0.000000	0.000000
198	0.000086	0.000000	0.000044	0.037632	0.953444	0.008794	0.000000	0.000000	0.000000
199	0.000063	0.000000	0.000038	0.037696	0.953474	0.008729	0.000000	0.000000	0.000000
200	0.000061	0.000000	0.000029	0.037688	0.953457	0.008765	0.000000	0.000000	0.000000
201	0.000046	0.000000	0.000022	0.037607	0.953680	0.008645	0.000000	0.000000	0.000000
202	0.000035	0.000000	0.000021	0.037686	0.953627	0.008631	0.000000	0.000000	0.000000
203	0.000033	0.000000	0.000017	0.037523	0.953765	0.008662	0.000000	0.000000	0.000000
204	0.000028	0.000000	0.000018	0.037675	0.953638	0.008641	0.000000	0.000000	0.000000
205	0.000020	0.000000	0.000018	0.037639	0.953692	0.008631	0.000000	0.000000	0.000000
206	0.000023	0.000000	0.000021	0.037678	0.953543	0.008735	0.000000	0.000000	0.000000
207	0.000016	0.000000	0.000016	0.037792	0.953451	0.008725	0.000000	0.000000	0.000000
208	0.000015	0.000000	0.000014	0.037969	0.953113	0.008889	0.000000	0.000000	0.000000
209	0.000008	0.000000	0.000012	0.038142	0.952934	0.008904	0.000000	0.000000	0.000000
210	0.000010	0.000000	0.000012	0.038107	0.953053	0.008818	0.000000	0.000000	0.000000
211	0.000008	0.000000	0.000009	0.037918	0.953135	0.008930	0.000000	0.000000	0.000000
212	0.000009	0.000000	0.000007	0.038036	0.952979	0.008969	0.000000	0.000000	0.000000
213	0.000004	0.000000	0.000006	0.038074	0.953012	0.008904	0.000000	0.000000	0.000000
214	0.000002	0.000000	0.000005	0.038100	0.952968	0.008925	0.000000	0.000000	0.000000
215	0.000003	0.000000	0.000007	0.038341	0.952781	0.008868	0.000000	0.000000	0.000000
216	0.000003	0.000000	0.000007	0.038522	0.952590	0.008878	0.000000	0.000000	0.000000
217	0.000003	0.000000	0.000012	0.038396	0.952809	0.008780	0.000000	0.000000	0.000000
218	0.000002	0.000000	0.000010	0.038213	0.953044	0.008731	0.000000	0.000000	0.000000
219	0.000000	0.000000	0.000009	0.038044	0.953147	0.008800	0.000000	0.000000	0.000000
220	0.000000	0.000000	0.000005	0.038013	0.953148	0.008834	0.000000	0.000000	0.000000
221	0.000000	0.000000	0.000002	0.038136	0.953017	0.008845	0.000000	0.000000	0.000000
222	0.000000	0.000000	0.000004	0.038102	0.953049	0.008845	0.000000	0.000000	0.000000
223	0.000000	0.000000	0.000004	0.038350	0.952896	0.008750	0.000000	0.000000	0.000000
224	0.000000	0.000000	0.000001	0.038179	0.953049	0.008771	0.000000	0.000000	0.000000
225	0.000000	0.000000	0.000000	0.037897	0.953465	0.008638	0.000000	0.000000	0.000000
226	0.000000	0.000000	0.000000	0.037792	0.953570	0.008638	0.000000	0.000000	0.000000
227	0.000000	0.000000	0.000000	0.037970	0.953362	0.008668	0.000000	0.000000	0.000000
228	0.000000	0.000000	0.000000	0.038119	0.953243	0.008638	0.000000	0.000000	0.000000
229	0.000000	0.000000	0.000000	0.038271	0.952946	0.008783	0.000000	0.000000	0.000000
230	0.000000	0.000000	0.000000	0.038048	0.953148	0.008804	0.000000	0.000000	0.000000
231	0.000000	0.000000	0.000000	0.038092	0.953189	0.008719	0.000000	0.000000	0.000000
232	0.000000	0.000000	0.000000	0.037994	0.953272	0.008734	0.000000	0.000000	0.000000
233	0.000000	0.000000	0.000000	0.037983	0.953269	0.008748	0.000000	0.000000	0.000000
234	0.000000	0.000000	0.000000	0.038058	0.953121	0.008821	0.000000	0.000000	0.000000
235	0.000000	0.000000	0.000000	0.038025	0.953131	0.008844	0.000000	0.000000	0.000000
236	0.000000	0.000000	0.000000	0.038063	0.953103	0.008834	0.000000	0.000000	0.000000
237	0.000000	0.000000	0.000000	0.038151	0.953093	0.008756	0.000000	0.000000	0.000000
238	0.000000	0.000000	0.000000	0.037980	0.953280	0.008740	0.000000	0.000000	0.000000
239	0.000000	0.000000	0.000000	0.038127	0.953121	0.008752	0.000000	0.000000	0.000000
240	0.000000	0.000000	0.000000	0.038245	0.953105	0.008650	0.000000	0.000000	0.000000
241	0.000000	0.000000	0.000000	0.038289	0.953079	0.008632	0.000000	0.000000	0.000000
242	0.000000	0.000000	0.000000	0.038179	0.953303	0.008518	0.000000	0.000000	0.000000
243	0.000000	0.000000	0.000000	0.038502	0.952873	0.008625	0.000000	0.000000	0.000000
244	0.000000	0.000000	0.000000	0.038324	0.952977	0.008699	0.000000	0.000000	0.000000
245	0.000000	0.000000	0.000000	0.038153	0.953135	0.008712	0.000000	0.000000	0.000000
246	0.000000	0.000000	0.000000	0.038001	0.953216	0.008783	0.000000	0.000000	0.000000
247	0.000000	0.000000	0.000000	0.037905	0.953381	0.008714	0.000000	0.000000	0.000000
248	0.000000	0.000000	0.000000	0.037868	0.953402	0.008730	0.000000	0.000000	0.000000
249	0.000000	0.000000	0.000000	0.037535	0.953670	0.008795	0.000000	0.000000	0.000000
250	0.000000	0.000000	0.000000	0.037575	0.953682	0.008743	0.000000	0.000000	0.000000
251	0.000000	0.000000	0.000000	0.037319	0.953939	0.008742	0.000000	0.000000	0.000000
252	0.000000	0.000000	0.000000	0.037624	0.953767	0.008609	0.000000	0.000000	0.000000
253	0.000000	0.000000	0.000000	0.037811	0.953660	0.008529	0.000000	0.000000	0.000000
254	0.000000	0.000000	0.000000	0.037850	0.953519	0.008631	0.000000	0.000000	0.000000
255	0.000000	0.000000	0.000000	0.038047	0.953333	0.008620	0.000000	0.000000	0.000000
256	0.000000	0.000000	0.000000	0.038085	0.953458	0.008457	0.000000	0.000000	0.000000
257	0.000000	0.000000	0.000000	0.037976	0.953548	0.008476	0.000000	0.000000	0.000000
258	0.000000	0.000000	0.000000	0.038200	0.953388	0.008412	0.000000	0.000000	0.000000
259	0.000000	0.000000	0.000000	0.038477	0.953057	0.008466	0.000000	0.000000	0.000000
260	0.000000	0.000000	0.000000	0.038346	0.953154	0.008500	0.000000	0.000000	0.000000
261	0.000000	0.000000	0.000000	0.038174	0.953312	0.008514	0.000000	0.000000	0.000000
262	0.000000	0.000000	0.000000	0.038218	0.953301	0.008481	0.000000	0.000000	0.000000
263	0.000000	0.000000	0.000000	0.038318	0.953284	0.008398	0.000000	0.000000	0.000000
264	0.000000	0.000000	0.000000	0.038251	0.953322	0.008427	0.000000	0.000000	0.000000
265	0.000000	0.000000	0.000000	0.038220	0.953464	0.008316	0.000000	0.000000	0.000000
266	0.000000	0.000000	0.000000	0.038258	0.953378	0.008364	0.000000	0.000000	0.000000
267	0.000000	0.000000	0.000000	0.038243	0.953366	0.008391	0.000000	0.000000	0.000000
268	0.000000	0.000000	0.000000	0.038290	0.953177	0.008533	0.000000	0.000000	0.000000
269	0.000000	0.000000	0.000000	0.038390	0.953164	0.008446	0.000000	0.000000	0.000000
270	0.000000	0.000000	0.000000	0.038060	0.953487	0.008453	0.000000	0.000000	0.000000
271	0.000000	0.000000	0.000000	0.038008	0.953375	0.008617	0.000000	0.000000	0.000000
272	0.000000	0.000000	0.000000	0.037904	0.953504	0.008592	0.000000	0.000000	0.000000
273	0.000000	0.000000	0.000000	0.038118	0.953271	0.008611	0.000000	0.000000	0.000000
274	0.000000	0.000000	0.000000	0.037964	0.953362	0.008674	0.000000	0.000000	0.000000
275	0.000000	0.000000	0.000000	0.038147	0.953252	0.008601	0.000000	0.000000	0.000000
276	0.000000	0.000000	0.000000	0.038192	0.953143	0.008665	0.000000	0.000000	0.000000
277	0.000000	0.000000	0.000000	0.038051	0.953191	0.008758	0.000000	0.000000	0.000000
278	0.000000	0.000000	0.000000	0.037859	0.953371	0.008770	0.000000	0.000000	0.000000
279	0.000000	0.000000	0.000000	0.037889	0.953394	0.008717	0.000000	0.000000	0.000000
280	0.000000	0.000000	0.000000	0.037762	0.953448	0.008790	0.000000	0.000000	0.000000
281	0.000000	0.000000	0.000000	0.037696	0.953523	0.008781	0.000000	0.000000	0.000000
282	0.000000	0.000000	0.000000	0.037643	0.953516	0.008841	0.000000	0.000000	0.000000
283	0.000000	0.000000	0.000000	0.037589	0.953667	0.008744	0.000000	0.000000	0.000000
284	0.000000	0.000000	0.000000	0.037404	0.953870	0.008726	0.000000	0.000000	0.000000
285	0.000000	0.000000	0.000000	0.037465	0.953836	0.008699	0.000000	0.000000	0.000000
286	0.000000	0.000000	0.000000	0.037430	0.953889	0.008681	0.000000	0.000000	0.000000
287	0.000000	0.000000	0.000000	0.037634	0.953643	0.008723	0.000000	0.000000	0.000000
288	0.000000	0.000000	0.000000	0.037720	0.953448	0.008832	0.000000	0.000000	0.000000
289	0.000000	0.000000	0.000000	0.037693	0.953532	0.008775	0.000000	0.000000	0.000000
290	0.000000	0.000000	0.000000	0.037849	0.953268	0.008883	0.000000	0.000000	0.000000
291	0.000000	0.000000	0.000000	0.037923	0.953471	0.008606	0.000000	0.000000	0.000000
292	0.000000	0.000000	0.000000	0.037851	0.953458	0.008691	0.000000	0.000000	0.000000
293	0.000000	0.000000	0.000000	0.037883	0.953341	0.008776	0.000000	0.000000	0.000000
294	0.000000	0.000000	0.000000	0.037831	0.953313	0.008856	0.000000	0.000000	0.000000
295	0.000000	0.000000	0.000000	0.037691	0.953435	0.008874	0.000000	0.000000	0.000000
296	0.000000	0.000000	0.000000	0.037627	0.953393	0.008980	0.000000	0.000000	0.000000
297	0.000000	0.000000	0.000000	0.037855	0.953232	0.008913	0.000000	0.000000	0.000000
298	0.000000	0.000000	0.000000	0.037616	0.953433	0.008951	0.000000	0.000000	0.000000
299	0.000000	0.000000	0.000000	0.037626	0.953457	0.008917	0.000000	0.000000	0.000000
300	0.000000	0.000000	0.000000	0.037755	0.953201	0.009044	0.000000	0.000000	0.000000
301	0.000000	0.000000	0.000000	0.037677	0.953308	0.009015	0.000000	0.000000	0.000000
302	0.000000	0.000000	0.000000	0.037598	0.953441	0.008961	0.000000	0.000000	0.000000
303	0.000000	0.000000	0.000000	0.037384	0.953504	0.009112	0.000000	0.000000	0.000000
304	0.000000	0.000000	0.000000	0.037336	0.953579	0.009085	0.000000	0.000000	0.000000
305	0.000000	0.000000	0.000000	0.037214	0.953786	0.009000	0.000000	0.000000	0.000000
306	0.000000	0.000000	0.000000	0.037060	0.953801	0.009139	0.000000	0.000000	0.000000
307	0.000000	0.000000	0.000000	0.036872	0.954101	0.009027	0.000000	0.000000	0.000000
308	0.000000	0.000000	0.000000	0.036784	0.954083	0.009133	0.000000	0.000000	0.000000
309	0.000000	0.000000	0.000000	0.036481	0.954333	0.009186	0.000000	0.000000	0.000000
310	0.000000	0.000000	0.000000	0.036529	0.954490	0.008981	0.000000	0.000000	0.000000
311	0.000000	0.000000	0.000000	0.036488	0.954464	0.009048	0.000000	0.000000	0.000000
312	0.000000	0.000000	0.000000	0.036426	0.954450	0.009124	0.000000	0.000000	0.000000
313	0.000000	0.000000	0.000000	0.036649	0.954373	0.008978	0.000000	0.000000	0.000000
314	0.000000	0.000000	0.000000	0.036550	0.954433	0.009017	0.000000	0.000000	0.000000
315	0.000000	0.000000	0.000000	0.036492	0.954437	0.009071	0.000000	0.000000	0.000000
316	0.000000	0.000000	0.000000	0.036468	0.954571	0.008961	0.000000	0.000000	0.000000
317	0.000000	0.000000	0.000000	0.036519	0.954515	0.008966	0.000000	0.000000	0.000000
318	0.000000	0.000000	0.000000	0.036424	0.954611	0.008965	0.000000	0.000000	0.000000
319	0.000000	0.000000	0.000000	0.036307	0.954488	0.009205	0.000000	0.000000	0.000000
320	0.000000	0.000000	0.000000	0.036380	0.954354	0.009266	0.000000	0.000000	0.000000
321	0.000000	0.000000	0.000000	0.036278	0.954571	0.009151	0.000000	0.000000	0.000000
322	0.000000	0.000000	0.000000	0.036306	0.954469	0.009225	0.000000	0.000000	0.000000
323	0.000000	0.000000	0.000000	0.036098	0.954784	0.009118	0.000000	0.000000	0.000000
324	0.000000	0.000000	0.000000	0.036289	0.954473	0.009238	0.000000	0.000000	0.000000
325	0.000000	0.000000	0.000000	0.036337	0.954377	0.009286	0.000000	0.000000	0.000000
326	0.000000	0.000000	0.000000	0.036229	0.954454	0.009317	0.000000	0.000000	0.000000
327	0.000000	0.000000	0.000000	0.036204	0.954432	0.009364	0.000000	0.000000	0.000000
328	0.000000	0.000000	0.000000	0.036224	0.954425	0.009351	0.000000	0.000000	0.000000
329	0.000000	0.000000	0.000000	0.036057	0.954567	0.009376	0.000000	0.000000	0.000000
330	0.000000	0.000000	0.000000	0.036052	0.954599	0.009349	0.000000	0.000000	0.000000
331	0.000000	0.000000	0.000000	0.035933	0.954726	0.009341	0.000000	0.000000	0.000000
332	0.000000	0.000000	0.000000	0.036086	0.954713	0.009201	0.000000	0.000000	0.000000
333	0.000000	0.000000	0.000000	0.036102	0.954721	0.009177	0.000000	0.000000	0.000000
334	0.000000	0.000000	0.000000	0.036178	0.954643	0.009179	0.000000	0.000000	0.000000
335	0.000000	0.000000	0.000000	0.036261	0.954535	0.009204	0.000000	0.000000	0.000000
336	0.000000	0.000000	0.000000	0.036467	0.954329	0.009204	0.000000	0.000000	0.000000
337	0.000000	0.000000	0.000000	0.036393	0.954394	0.009213	0.000000	0.000000	0.000000
338	0.000000	0.000000	0.000000	0.036260	0.954680	0.009060	0.000000	0.000000	0.000000
339	0.000000	0.000000	0.000000	0.036376	0.954419	0.009205	0.000000	0.000000	0.000000
340	0.000000	0.000000	0.000000	0.036529	0.954333	0.009138	0.000000	0.000000	0.000000
341	0.000000	0.000000	0.000000	0.036751	0.953982	0.009267	0.000000	0.000000	0.000000
342	0.000000	0.000000	0.000000	0.036553	0.954347	0.009100	0.000000	0.000000	0.000000
343	0.000000	0.000000	0.000000	0.036806	0.954010	0.009184	0.000000	0.000000	0.000000
344	0.000000	0.000000	0.000000	0.037040	0.953705	0.009255	0.000000	0.000000	0.000000
345	0.000000	0.000000	0.000000	0.037048	0.953716	0.009236	0.000000	0.000000	0.000000
346	0.000000	0.000000	0.000000	0.037187	0.953572	0.009241	0.000000	0.000000	0.000000
347	0.000000	0.000000	0.000000	0.036970	0.953695	0.009335	0.000000	0.000000	0.000000
348	0.000000	0.000000	0.000000	0.036926	0.953643	0.009431	0.000000	0.000000	0.000000
349	0.000000	0.000000	0.000000	0.036895	0.953612	0.009493	0.000000	0.000000	0.000000
350	0.000000	0.000000	0.000000	0.036798	0.953794	0.009408	0.000000	0.000000	0.000000
351	0.000000	0.000000	0.000000	0.036814	0.953680	0.009506	0.000000	0.000000	0.000000
352	0.000000	0.000000	0.000000	0.036539	0.953908	0.009553	0.000000	0.000000	0.000000
353	0.000000	0.000000	0.000000	0.036568	0.953915	0.009517	0.000000	0.000000	0.000000
354	0.000000	0.000000	0.000000	0.036573	0.953915	0.009512	0.000000	0.000000	0.000000
355	0.000000	0.000000	0.000000	0.036618	0.953832	0.009550	0.000000	0.000000	0.000000
356	0.000000	0.000000	0.000000	0.037018	0.953414	0.009568	0.000000	0.000000	0.000000
357	0.000000	0.000000	0.000000	0.036851	0.953465	0.009684	0.000000	0.000000	0.000000
358	0.000000	0.000000	0.000000	0.036838	0.953374	0.009788	0.000000	0.000000	0.000000
359	0.000000	0.000000	0.000000	0.036901	0.953292	0.009807	0.000000	0.000000	0.000000
360	0.000000	0.000000	0.000000	0.036942	0.953450	0.009608	0.000000	0.000000	0.000000
361	0.000000	0.000000	0.000000	0.036884	0.953635	0.009481	0.000000	0.000000	0.000000
362	0.000000	0.000000	0.000000	0.036931	0.953634	0.009435	0.000000	0.000000	0.000000
363	0.000000	0.000000	0.000000	0.037012	0.953481	0.009507	0.000000	0.000000	0.000000
364	0.000000	0.000000	0.000000	0.036993	0.953463	0.009544	0.000000	0.000000	0.000000
365	0.000000	0.000000	0.000000	0.036951	0.953553	0.009496	0.000000	0.000000	0.000000
366	0.000000	0.000000	0.000000	0.036967	0.953484	0.009549	0.000000	0.000000	0.000000
367	0.000000	0.000000	0.000000	0.036975	0.953594	0.009431	0.000000	0.000000	0.000000
368	0.000000	0.000000	0.000000	0.037012	0.953446	0.009542	0.000000	0.000000	0.000000
369	0.000000	0.000000	0.000000	0.036993	0.953543	0.009464	0.000000	0.000000	0.000000
370	0.000000	0.000000	0.000000	0.037204	0.953408	0.009388	0.000000	0.000000	0.000000
371	0.000000	0.000000	0.000000	0.037287	0.953261	0.009452	0.000000	0.000000	0.000000
372	0.000000	0.000000	0.000000	0.036912	0.953675	0.009413	0.000000	0.000000	0.000000
373	0.000000	0.000000	0.000000	0.036865	0.953587	0.009548	0.000000	0.000000	0.000000
374	0.000000	0.000000	0.000000	0.037073	0.953397	0.009530	0.000000	0.000000	0.000000
375	0.000000	0.000000	0.000000	0.037347	0.953140	0.009513	0.000000	0.000000	0.000000
376	0.000000	0.000000	0.000000	0.037264	0.953098	0.009638	0.000000	0.000000	0.000000
377	0.000000	0.000000	0.000000	0.037319	0.953082	0.009599	0.000000	0.000000	0.000000
378	0.000000	0.000000	0.000000	0.037347	0.953060	0.009593	0.000000	0.000000	0.000000
379	0.000000	0.000000	0.000000	0.037239	0.953163	0.009598	0.000000	0.000000	0.000000
380	0.000000	0.000000	0.000000	0.037067	0.953364	0.009569	0.000000	0.000000	0.000000
381	0.000000	0.000000	0.000000	0.037177	0.953301	0.009522	0.000000	0.000000	0.000000
382	0.000000	0.000000	0.000000	0.037233	0.953390	0.009377	0.000000	0.000000	0.000000
383	0.000000	0.000000	0.000000	0.036972	0.953600	0.009428	0.000000	0.000000	0.000000
384	0.000000	0.000000	0.000000	0.037034	0.953489	0.009477	0.000000	0.000000	0.000000
385	0.000000	0.000000	0.000000	0.037141	0.953379	0.009480	0.000000	0.000000	0.000000
386	0.000000	0.000000	0.000000	0.036947	0.953757	0.009296	0.000000	0.000000	0.000000
387	0.000000	0.000000	0.000000	0.037184	0.953456	0.009360	0.000000	0.000000	0.000000
388	0.000000	0.000000	0.000000	0.037097	0.953672	0.009231	0.000000	0.000000	0.000000
389	0.000000	0.000000	0.000000	0.037017	0.953824	0.009159	0.000000	0.000000	0.000000
390	0.000000	0.000000	0.000000	0.037027	0.953880	0.009093	0.000000	0.000000	0.000000
391	0.000000	0.000000	0.000000	0.037275	0.953639	0.009086	0.000000	0.000000	0.000000
392	0.000000	0.000000	0.000000	0.037173	0.953781	0.009046	0.000000	0.000000	0.000000
393	0.000000	0.000000	0.000000	0.037232	0.953551	0.009217	0.000000	0.000000	0.000000
394	0.000000	0.000000	0.000000	0.036933	0.953859	0.009208	0.000000	0.000000	0.000000
395	0.000000	0.000000	0.000000	0.037022	0.953739	0.009239	0.000000	0.000000	0.000000
396	0.000000	0.000000	0.000000	0.037112	0.953558	0.009330	0.000000	0.000000	0.000000
397	0.000000	0.000000	0.000000	0.037214	0.953400	0.009386	0.000000	0.000000	0.000000
398	0.000000	0.000000	0.000000	0.037265	0.953385	0.009350	0.000000	0.000000	0.000000
399	0.000000	0.000000	0.000000	0.037201	0.953413	0.009386	0.000000	0.000000	0.000000
400	0.000000	0.000000	0.000000	0.037367	0.953275	0.009358	0.000000	0.000000	0.000000
401	0.000000	0.000000	0.000000	0.037224	0.953422	0.009354	0.000000	0.000000	0.000000
402	0.000000	0.000000	0.000000	0.037397	0.953256	0.009347	0.000000	0.000000	0.000000
403	0.000000	0.000000	0.000000	0.037384	0.953269	0.009347	0.000000	0.000000	0.000000
404	0.000000	0.000000	0.000000	0.037503	0.953166	0.009331	0.000000	0.000000	0.000000
405	0.000000	0.000000	0.000000	0.037445	0.953192	0.009363	0.000000	0.000000	0.000000
406	0.000000	0.000000	0.000000	0.037607	0.952935	0.009458	0.000000	0.000000	0.000000
407	0.000000	0.000000	0.000000	0.037607	0.952940	0.009453	0.000000	0.000000	0.000000
408	0.000000	0.000000	0.000000	0.037399	0.953218	0.009383	0.000000	0.000000	0.000000
409	0.000000	0.000000	0.000000	0.037431	0.953171	0.009398	0.000000	0.000000	0.000000
410	0.000000	0.000000	0.000000	0.037418	0.953068	0.009514	0.000000	0.000000	0.000000
411	0.000000	0.000000	0.000000	0.037269	0.953078	0.009653	0.000000	0.000000	0.000000
412	0.000000	0.000000	0.000000	0.037210	0.953164	0.009626	0.000000	0.000000	0.000000
413	0.000000	0.000000	0.000000	0.037461	0.952986	0.009553	0.000000	0.000000	0.000000
414	0.000000	0.000000	0.000000	0.037484	0.953028	0.009488	0.000000	0.000000	0.000000
415	0.000000	0.000000	0.000000	0.037337	0.953106	0.009557	0.000000	0.000000	0.000000
416	0.000000	0.000000	0.000000	0.037398	0.953153	0.009449	0.000000	0.000000	0.000000
417	0.000000	0.000000	0.000000	0.037634	0.952919	0.009447	0.000000	0.000000	0.000000
418	0.000000	0.000000	0.000000	0.037771	0.952771	0.009458	0.000000	0.000000	0.000000
419	0.000000	0.000000	0.000000	0.037908	0.952512	0.009580	0.000000	0.000000	0.000000
420	0.000000	0.000000	0.000000	0.037980	0.952454	0.009566	0.000000	0.000000	0.000000
421	0.000000	0.000000	0.000000	0.038099	0.952373	0.009528	0.000000	0.000000	0.000000
422	0.000000	0.000000	0.000000	0.038191	0.952300	0.009509	0.000000	0.000000	0.000000
423	0.000000	0.000000	0.000000	0.038102	0.952438	0.009460	0.000000	0.000000	0.000000
424	0.000000	0.000000	0.000000	0.038236	0.952232	0.009532	0.000000	0.000000	0.000000
425	0.000000	0.000000	0.000000	0.038431	0.951942	0.009627	0.000000	0.000000	0.000000
426	0.000000	0.000000	0.000000	0.038565	0.951808	0.009627	0.000000	0.000000	0.000000
427	0.000000	0.000000	0.000000	0.038461	0.951948	0.009591	0.000000	0.000000	0.000000
428	0.000000	0.000000	0.000000	0.038558	0.951911	0.009531	0.000000	0.000000	0.000000
429	0.000000	0.000000	0.000000	0.038558	0.951849	0.009593	0.000000	0.000000	0.000000
430	0.000000	0.000000	0.000000	0.038593	0.951952	0.009455	0.000000	0.000000	0.000000
431	0.000000	0.000000	0.000000	0.038534	0.951908	0.009558	0.000000	0.000000	0.000000
432	0.000000	0.000000	0.000000	0.038693	0.951786	0.009521	0.000000	0.000000	0.000000
433	0.000000	0.000000	0.000000	0.038712	0.951797	0.009491	0.000000	0.000000	0.000000
434	0.000000	0.000000	0.000000	0.038845	0.951594	0.009561	0.000000	0.000000	0.000000
435	0.000000	0.000000	0.000000	0.038958	0.951537	0.009505	0.000000	0.000000	0.000000
436	0.000000	0.000000	0.000000	0.038986	0.951514	0.009500	0.000000	0.000000	0.000000
437	0.000000	0.000000	0.000000	0.038827	0.951584	0.009589	0.000000	0.000000	0.000000
438	0.000000	0.000000	0.000000	0.038731	0.951702	0.009567	0.000000	0.000000	0.000000
439	0.000000	0.000000	0.000000	0.038906	0.951656	0.009438	0.000000	0.000000	0.000000
440	0.000000	0.000000	0.000000	0.038886	0.951803	0.009311	0.000000	0.000000	0.000000
441	0.000000	0.000000	0.000000	0.038952	0.951699	0.009349	0.000000	0.000000	0.000000
442	0.000000	0.000000	0.000000	0.039159	0.951529	0.009312	0.000000	0.000000	0.000000
443	0.000000	0.000000	0.000000	0.039249	0.951511	0.009240	0.000000	0.000000	0.000000
444	0.000000	0.000000	0.000000	0.039177	0.951549	0.009274	0.000000	0.000000	0.000000
445	0.000000	0.000000	0.000000	0.039110	0.951631	0.009259	0.000000	0.000000	0.000000
446	0.000000	0.000000	0.000000	0.039018	0.951902	0.009080	0.000000	0.000000	0.000000
447	0.000000	0.000000	0.000000	0.039109	0.951550	0.009341	0.000000	0.000000	0.000000
448	0.000000	0.000000	0.000000	0.038998	0.951691	0.009311	0.000000	0.000000	0.000000
449	0.000000	0.000000	0.000000	0.038970	0.951669	0.009361	0.000000	0.000000	0.000000
450	0.000000	0.000000	0.000000	0.038847	0.951743	0.009410	0.000000	0.000000	0.000000
451	0.000000	0.000000	0.000000	0.039017	0.951536	0.009447	0.000000	0.000000	0.000000
452	0.000000	0.000000	0.000000	0.038990	0.951619	0.009391	0.000000	0.000000	0.000000
453	0.000000	0.000000	0.000000	0.039200	0.951344	0.009456	0.000000	0.000000	0.000000
454	0.000000	0.000000	0.000000	0.039246	0.951397	0.009357	0.000000	0.000000	0.000000
455	0.000000	0.000000	0.000000	0.039236	0.951594	0.009170	0.000000	0.000000	0.000000
456	0.000000	0.000000	0.000000	0.039392	0.951328	0.009280	0.000000	0.000000	0.000000
457	0.000000	0.000000	0.000000	0.039049	0.951556	0.009395	0.000000	0.000000	0.000000
458	0.000000	0.000000	0.000000	0.039027	0.951578	0.009395	0.000000	0.000000	0.000000
459	0.000000	0.000000	0.000000	0.039086	0.951507	0.009407	0.000000	0.000000	0.000000
460	0.000000	0.000000	0.000000	0.039040	0.951628	0.009332	0.000000	0.000000	0.000000
461	0.000000	0.000000	0.000000	0.038998	0.951618	0.009384	0.000000	0.000000	0.000000
462	0.000000	0.000000	0.000000	0.039070	0.951545	0.009385	0.000000	0.000000	0.000000
463	0.000000	0.000000	0.000000	0.039139	0.951509	0.009352	0.000000	0.000000	0.000000
464	0.000000	0.000000	0.000000	0.039196	0.951453	0.009351	0.000000	0.000000	0.000000
465	0.000000	0.000000	0.000000	0.039008	0.951698	0.009294	0.000000	0.000000	0.000000
466	0.000000	0.000000	0.000000	0.039157	0.951472	0.009371	0.000000	0.000000	0.000000
467	0.000000	0.000000	0.000000	0.039206	0.951502	0.009292	0.000000	0.000000	0.000000
468	0.000000	0.000000	0.000000	0.039449	0.951244	0.009307	0.000000	0.000000	0.000000
469	0.000000	0.000000	0.000000	0.039602	0.951062	0.009336	0.000000	0.000000	0.000000
470	0.000000	0.000000	0.000000	0.039601	0.950968	0.009431	0.000000	0.000000	0.000000
