0	0.112313	0.112705	0.112246	0.112163	0.099932	0.112777	0.112658	0.112742	0.112464
0	0.112313	0.112705	0.112246	0.112163	0.099932	0.112777	0.112658	0.112742	0.112464
1	0.114228	0.114336	0.114046	0.115285	0.102685	0.115897	0.107947	0.107848	0.107728
2	0.115430	0.113858	0.112583	0.118972	0.106874	0.117389	0.105574	0.104031	0.105289
3	0.116182	0.112100	0.109883	0.122940	0.111121	0.117963	0.104014	0.101174	0.104623
4	0.116404	0.110141	0.106861	0.126674	0.115794	0.118096	0.103022	0.098576	0.104432
5	0.116147	0.107311	0.103704	0.130373	0.120778	0.118276	0.102450	0.095992	0.104969
6	0.116128	0.105069	0.100628	0.134350	0.125664	0.117995	0.101657	0.093211	0.105298
7	0.115903	0.102831	0.097170	0.137776	0.131009	0.117895	0.100997	0.090451	0.105968
8	0.115752	0.100440	0.093900	0.140939	0.136612	0.117352	0.100039	0.088254	0.106712
9	0.115802	0.097994	0.091092	0.144244	0.141493	0.116834	0.099831	0.085491	0.107219
10	0.116024	0.095322	0.088065	0.147504	0.147281	0.116181	0.099080	0.082851	0.107692
11	0.115754	0.092723	0.085433	0.150840	0.152538	0.115697	0.098419	0.080180	0.108416
12	0.115978	0.090022	0.082849	0.153920	0.158060	0.114736	0.097572	0.077528	0.109335
13	0.116215	0.087265	0.080043	0.157010	0.163536	0.114215	0.096735	0.074825	0.110156
14	0.116040	0.084617	0.077767	0.160116	0.168896	0.113245	0.096121	0.072636	0.110562
15	0.116477	0.081691	0.075641	0.163511	0.174164	0.111948	0.095311	0.069858	0.111399
16	0.116317	0.079389	0.072894	0.166122	0.180068	0.110772	0.094540	0.067695	0.112203
17	0.116347	0.077163	0.070537	0.169158	0.185153	0.109497	0.093995	0.065224	0.112926
18	0.116036	0.074934	0.068181	0.172203	0.190850	0.108521	0.092886	0.062566	0.113823
19	0.116602	0.072345	0.066273	0.174955	0.196247	0.107115	0.091887	0.060366	0.114210
20	0.116123	0.069843	0.064011	0.177863	0.202329	0.106070	0.090957	0.058032	0.114772
21	0.116057	0.067687	0.061868	0.180232	0.207681	0.104881	0.090193	0.055534	0.115867
22	0.116199	0.065235	0.059999	0.182877	0.212676	0.103273	0.089375	0.053758	0.116608
23	0.116092	0.063345	0.058015	0.185170	0.217697	0.101946	0.088540	0.051819	0.117376
24	0.115650	0.061438	0.056043	0.187779	0.223289	0.100357	0.087369	0.049704	0.118371
25	0.115379	0.059382	0.054252	0.190399	0.228362	0.098920	0.086312	0.047575	0.119419
26	0.115213	0.057577	0.052428	0.192523	0.233016	0.097940	0.085116	0.045977	0.120210
27	0.114810	0.055472	0.050836	0.194478	0.238241	0.096878	0.084142	0.044112	0.121031
28	0.114637	0.053351	0.049071	0.196595	0.243087	0.095561	0.083266	0.042565	0.121867
29	0.114449	0.051470	0.047354	0.198925	0.248136	0.094407	0.082148	0.040623	0.122488
30	0.114021	0.049698	0.045911	0.200897	0.253360	0.092701	0.080975	0.039360	0.123077
31	0.113556	0.047854	0.044418	0.203055	0.259087	0.090870	0.079625	0.037718	0.123817
32	0.113451	0.046251	0.043021	0.205077	0.263917	0.089122	0.078763	0.036160	0.124238
33	0.113110	0.044635	0.041510	0.207445	0.268731	0.087693	0.077638	0.034591	0.124647
34	0.112403	0.042852	0.040364	0.209475	0.272978	0.086404	0.076526	0.033254	0.125744
35	0.112220	0.041392	0.039070	0.211121	0.277584	0.085067	0.075320	0.031873	0.126353
36	0.111956	0.039747	0.037740	0.213073	0.281923	0.083717	0.074085	0.030566	0.127193
37	0.111800	0.038358	0.036521	0.215053	0.286539	0.082162	0.072887	0.029213	0.127467
38	0.111220	0.036850	0.035391	0.216774	0.290942	0.080952	0.072037	0.027993	0.127841
39	0.111013	0.035512	0.034406	0.218523	0.295128	0.079275	0.070434	0.027130	0.128579
40	0.110320	0.034227	0.033303	0.220716	0.299084	0.078020	0.069273	0.025972	0.129085
41	0.109953	0.032808	0.032094	0.222114	0.303980	0.076309	0.068298	0.024802	0.129642
42	0.109738	0.031615	0.031107	0.223509	0.308567	0.074866	0.067203	0.023731	0.129664
43	0.109734	0.030380	0.029949	0.225251	0.312620	0.073548	0.065779	0.022817	0.129922
44	0.109767	0.029046	0.028980	0.226790	0.316291	0.072377	0.064554	0.021792	0.130403
45	0.109205	0.027888	0.027778	0.228523	0.320113	0.071292	0.063572	0.020838	0.130791
46	0.109080	0.026768	0.027071	0.229899	0.324234	0.069990	0.062183	0.019845	0.130930
47	0.108700	0.025938	0.026101	0.231310	0.327709	0.068677	0.061052	0.019000	0.131513
48	0.108067	0.024857	0.025203	0.232469	0.331865	0.067341	0.060102	0.018124	0.131972
49	0.107683	0.023991	0.024527	0.233715	0.335953	0.065879	0.059168	0.017143	0.131941
50	0.107035	0.023068	0.023839	0.234760	0.339942	0.064538	0.057959	0.016493	0.132366
51	0.106773	0.022232	0.022993	0.236138	0.343264	0.063216	0.056983	0.015779	0.132622
52	0.106140	0.021287	0.022420	0.237227	0.346737	0.061853	0.056152	0.015125	0.133059
53	0.105696	0.020422	0.021569	0.238352	0.350629	0.060836	0.054813	0.014374	0.133309
54	0.105070	0.019581	0.020881	0.239888	0.353582	0.059878	0.053879	0.013775	0.133466
55	0.104894	0.018805	0.020299	0.241406	0.356427	0.058837	0.052549	0.013101	0.133682
56	0.104172	0.017966	0.019648	0.242291	0.359987	0.058063	0.051458	0.012529	0.133886
57	0.103952	0.017258	0.018981	0.243341	0.362883	0.057141	0.050377	0.011808	0.134259
58	0.103499	0.016528	0.018347	0.244652	0.366191	0.055931	0.049176	0.011387	0.134289
59	0.102784	0.015943	0.017700	0.245895	0.369075	0.055024	0.048341	0.010936	0.134302
60	0.101859	0.015137	0.017113	0.246949	0.372432	0.053947	0.047401	0.010449	0.134713
61	0.101322	0.014632	0.016579	0.247614	0.375827	0.053021	0.046357	0.009913	0.134735
62	0.100953	0.013969	0.016122	0.248632	0.378543	0.052128	0.045399	0.009474	0.134780
63	0.100179	0.013418	0.015585	0.249709	0.381877	0.050651	0.044455	0.009032	0.135094
64	0.099893	0.013048	0.015033	0.250284	0.384343	0.049978	0.043512	0.008666	0.135243
65	0.099504	0.012352	0.014557	0.251463	0.387238	0.049108	0.042593	0.008308	0.134877
66	0.098870	0.011814	0.014072	0.252541	0.389982	0.048220	0.041760	0.008015	0.134726
67	0.098298	0.011222	0.013513	0.253407	0.392806	0.047423	0.040787	0.007720	0.134824
68	0.097491	0.010774	0.013203	0.254188	0.395335	0.046584	0.040178	0.007411	0.134836
69	0.097254	0.010379	0.012713	0.254670	0.397824	0.045617	0.039193	0.007112	0.135238
70	0.096738	0.009909	0.012300	0.255055	0.400259	0.045098	0.038478	0.006753	0.135410
71	0.096363	0.009614	0.012018	0.255667	0.402696	0.044524	0.037564	0.006415	0.135139
72	0.095721	0.009200	0.011596	0.256444	0.405351	0.043603	0.036671	0.006022	0.135392
73	0.095211	0.008886	0.011417	0.257011	0.407763	0.042683	0.035953	0.005747	0.135329
74	0.094479	0.008472	0.011036	0.257824	0.410481	0.041639	0.035263	0.005515	0.135291
75	0.094081	0.008133	0.010665	0.259269	0.412216	0.040951	0.034541	0.005251	0.134893
76	0.093219	0.007887	0.010321	0.260452	0.414770	0.040302	0.033607	0.005044	0.134398
77	0.092352	0.007526	0.010069	0.260784	0.417201	0.039750	0.032962	0.004870	0.134486
78	0.091820	0.007285	0.009724	0.261658	0.419041	0.039253	0.032150	0.004655	0.134414
79	0.091284	0.007025	0.009484	0.262359	0.421142	0.038543	0.031274	0.004389	0.134500
80	0.090903	0.006664	0.009191	0.262733	0.423235	0.038082	0.030657	0.004182	0.134353
81	0.090128	0.006353	0.008939	0.263484	0.425395	0.037291	0.029990	0.004058	0.134362
82	0.089558	0.006122	0.008599	0.264131	0.427679	0.036745	0.029259	0.003807	0.134100
83	0.088798	0.005929	0.008301	0.265105	0.429920	0.035818	0.028552	0.003669	0.133908
84	0.088232	0.005750	0.008118	0.265888	0.431982	0.035209	0.027818	0.003502	0.133501
85	0.087636	0.005627	0.007844	0.265790	0.434609	0.034808	0.027030	0.003329	0.133327
86	0.087168	0.005276	0.007511	0.266983	0.436236	0.033928	0.026430	0.003288	0.133180
87	0.086410	0.005062	0.007305	0.267357	0.438284	0.033383	0.025976	0.003107	0.133116
88	0.085790	0.004805	0.007177	0.267980	0.440240	0.032737	0.025395	0.002969	0.132907
89	0.085257	0.004623	0.006935	0.268717	0.441607	0.032295	0.024838	0.002803	0.132925
90	0.084730	0.004455	0.006730	0.269467	0.443284	0.031835	0.024346	0.002649	0.132504
91	0.084142	0.004291	0.006554	0.269737	0.445543	0.031144	0.023815	0.002541	0.132233
92	0.083576	0.004077	0.006309	0.270670	0.447460	0.030525	0.023099	0.002370	0.131914
93	0.082959	0.003874	0.006061	0.271395	0.448783	0.030243	0.022594	0.002275	0.131816
94	0.082308	0.003744	0.005892	0.271697	0.450879	0.029651	0.022046	0.002157	0.131626
95	0.081376	0.003617	0.005681	0.272253	0.452981	0.029047	0.021502	0.002086	0.131457
96	0.080845	0.003460	0.005507	0.273201	0.454127	0.028508	0.020970	0.002015	0.131367
97	0.079870	0.003326	0.005280	0.273912	0.455936	0.027969	0.020460	0.001927	0.131320
98	0.078964	0.003233	0.005276	0.274625	0.457998	0.027439	0.020046	0.001814	0.130605
99	0.078398	0.003090	0.005027	0.275389	0.459110	0.027202	0.019419	0.001730	0.130635
0	0.099185	0.100141	0.099713	0.100157	0.200368	0.100010	0.100465	0.100042	0.099919
0	0.099185	0.100141	0.099713	0.100157	0.200368	0.100010	0.100465	0.100042	0.099919
1	0.100286	0.100804	0.101069	0.103261	0.206975	0.103766	0.094982	0.094612	0.094245
2	0.100342	0.099454	0.099452	0.107356	0.215212	0.105607	0.091171	0.090350	0.091056
3	0.100001	0.096768	0.096454	0.110538	0.224262	0.106781	0.089004	0.086840	0.089352
4	0.099436	0.093940	0.093285	0.113879	0.233776	0.107543	0.087187	0.083177	0.087777
5	0.098655	0.090484	0.089732	0.117144	0.243425	0.108004	0.085463	0.079844	0.087249
6	0.097381	0.087455	0.086760	0.120571	0.252649	0.108294	0.083558	0.076696	0.086636
7	0.096438	0.083914	0.083554	0.123484	0.261924	0.108019	0.082525	0.073693	0.086449
8	0.095338	0.080926	0.080087	0.126549	0.271479	0.107926	0.081529	0.070337	0.085829
9	0.094464	0.077649	0.076883	0.129515	0.281085	0.107856	0.079925	0.067202	0.085421
10	0.094022	0.074530	0.073640	0.132560	0.290010	0.107416	0.078445	0.064292	0.085085
11	0.092983	0.071467	0.070401	0.135448	0.299784	0.107162	0.076835	0.061145	0.084775
12	0.091620	0.068069	0.067765	0.138497	0.309426	0.106320	0.075459	0.058324	0.084520
13	0.090819	0.064921	0.065046	0.141492	0.318020	0.105716	0.074257	0.055375	0.084354
14	0.089827	0.062297	0.062531	0.144226	0.326430	0.104994	0.072929	0.052607	0.084159
15	0.088964	0.059611	0.059768	0.147028	0.335175	0.103981	0.071214	0.049972	0.084287
16	0.088050	0.056974	0.057277	0.149235	0.343841	0.103320	0.069458	0.047595	0.084250
17	0.086708	0.053995	0.055068	0.152332	0.352367	0.102252	0.068076	0.044876	0.084326
18	0.085755	0.051493	0.052604	0.154887	0.359703	0.101622	0.066804	0.042541	0.084591
19	0.084963	0.049061	0.050649	0.157234	0.367791	0.100719	0.064938	0.040177	0.084468
20	0.083973	0.046529	0.048670	0.159698	0.375758	0.099671	0.063579	0.037890	0.084232
21	0.082806	0.044569	0.046542	0.161833	0.383761	0.098946	0.061985	0.035789	0.083769
22	0.081704	0.042398	0.044589	0.164184	0.391173	0.097807	0.060863	0.033692	0.083590
23	0.080376	0.040029	0.042737	0.166517	0.398473	0.096811	0.059526	0.031810	0.083721
24	0.079240	0.038020	0.040946	0.168701	0.405505	0.095458	0.058398	0.029997	0.083735
25	0.078388	0.036003	0.039182	0.170813	0.412921	0.094250	0.056836	0.028110	0.083497
26	0.077230	0.034347	0.037671	0.173039	0.419068	0.093217	0.055407	0.026565	0.083456
27	0.076178	0.032233	0.036010	0.175158	0.425682	0.091952	0.054091	0.025102	0.083594
28	0.075180	0.030590	0.034612	0.177030	0.432013	0.090863	0.052710	0.023497	0.083505
29	0.074196	0.029102	0.033094	0.178709	0.438086	0.089654	0.051504	0.022259	0.083396
30	0.073223	0.027615	0.031547	0.180184	0.444470	0.088522	0.050221	0.021003	0.083215
31	0.072139	0.026052	0.030287	0.181897	0.450278	0.087428	0.049176	0.019905	0.082838
32	0.071168	0.024794	0.028954	0.183753	0.455186	0.086488	0.047928	0.018824	0.082905
33	0.070102	0.023408	0.027779	0.185362	0.460735	0.085541	0.046691	0.017676	0.082706
34	0.068887	0.022034	0.026727	0.187299	0.466005	0.084081	0.045373	0.016705	0.082889
35	0.067884	0.020812	0.025725	0.189264	0.471175	0.082916	0.044055	0.015527	0.082642
36	0.066731	0.019748	0.024678	0.190556	0.476547	0.081728	0.042829	0.014568	0.082615
37	0.065591	0.018792	0.023617	0.192275	0.481299	0.080521	0.041628	0.013781	0.082496
38	0.064631	0.017826	0.022638	0.193505	0.486269	0.079174	0.040603	0.013003	0.082351
39	0.063795	0.016945	0.021832	0.195102	0.490337	0.078261	0.039467	0.012152	0.082109
40	0.062586	0.016053	0.020756	0.196965	0.494415	0.077349	0.038318	0.011445	0.082113
41	0.061907	0.015213	0.019873	0.198438	0.498665	0.076225	0.037114	0.010751	0.081814
42	0.060911	0.014222	0.019118	0.199815	0.502728	0.075308	0.036021	0.010110	0.081767
43	0.059668	0.013526	0.018481	0.201399	0.506659	0.074104	0.035092	0.009583	0.081488
44	0.058925	0.012798	0.017533	0.202295	0.510669	0.073168	0.034152	0.009105	0.081355
45	0.057663	0.012203	0.016891	0.203935	0.514075	0.072082	0.033537	0.008563	0.081051
46	0.056921	0.011520	0.016096	0.205597	0.517451	0.071120	0.032485	0.008040	0.080770
47	0.056103	0.010862	0.015433	0.206660	0.521350	0.070174	0.031452	0.007484	0.080482
48	0.055254	0.010245	0.014752	0.207965	0.524515	0.069346	0.030464	0.007104	0.080355
49	0.054827	0.009694	0.014022	0.209305	0.527162	0.068431	0.029701	0.006676	0.080182
50	0.053698	0.009178	0.013492	0.210888	0.530252	0.067536	0.028801	0.006277	0.079878
51	0.052604	0.008765	0.013126	0.211996	0.533352	0.066732	0.027839	0.005978	0.079608
52	0.051751	0.008314	0.012597	0.213394	0.536024	0.065740	0.027314	0.005534	0.079332
53	0.050823	0.007908	0.011942	0.215036	0.538847	0.064656	0.026391	0.005291	0.079106
54	0.049932	0.007437	0.011468	0.216402	0.541934	0.063806	0.025524	0.004930	0.078567
55	0.049173	0.007059	0.011118	0.217562	0.544627	0.062778	0.024761	0.004659	0.078263
56	0.048317	0.006656	0.010791	0.219419	0.546760	0.061795	0.024048	0.004382	0.077832
57	0.047801	0.006317	0.010338	0.220884	0.548975	0.060818	0.023289	0.004137	0.077441
58	0.046945	0.006069	0.009982	0.222190	0.551424	0.059844	0.022581	0.003865	0.077100
59	0.046176	0.005626	0.009639	0.223675	0.553587	0.058927	0.022019	0.003607	0.076744
60	0.045582	0.005357	0.009295	0.224708	0.556156	0.057844	0.021232	0.003362	0.076464
61	0.044921	0.005028	0.009066	0.225932	0.557833	0.057000	0.020588	0.003231	0.076401
62	0.044167	0.004690	0.008595	0.227383	0.559906	0.055991	0.019981	0.003035	0.076252
63	0.043485	0.004434	0.008289	0.228371	0.562583	0.055167	0.019444	0.002837	0.075390
64	0.042529	0.004084	0.008009	0.229681	0.564286	0.054515	0.018746	0.002715	0.075435
65	0.041995	0.003936	0.007780	0.230631	0.566063	0.053739	0.018150	0.002611	0.075095
66	0.041193	0.003716	0.007504	0.232279	0.567649	0.052993	0.017569	0.002461	0.074636
67	0.040366	0.003437	0.007243	0.233270	0.569398	0.052510	0.017003	0.002301	0.074472
68	0.039799	0.003205	0.006846	0.234608	0.570972	0.051562	0.016475	0.002200	0.074333
69	0.039042	0.003014	0.006558	0.235715	0.572860	0.050996	0.016049	0.002010	0.073756
70	0.038596	0.002800	0.006277	0.236693	0.574605	0.050145	0.015605	0.001877	0.073402
71	0.038023	0.002644	0.006049	0.237771	0.575967	0.049515	0.015246	0.001739	0.073046
72	0.037376	0.002486	0.005893	0.238703	0.578031	0.048877	0.014596	0.001638	0.072400
73	0.036896	0.002344	0.005611	0.239799	0.579498	0.048061	0.014069	0.001557	0.072165
74	0.036280	0.002242	0.005441	0.241179	0.580399	0.047522	0.013533	0.001473	0.071931
75	0.035718	0.002108	0.005286	0.242443	0.581953	0.046635	0.013145	0.001418	0.071294
76	0.035255	0.002020	0.005105	0.243895	0.582916	0.045935	0.012654	0.001359	0.070861
77	0.034455	0.001934	0.005004	0.244635	0.584332	0.045404	0.012251	0.001257	0.070728
78	0.033883	0.001817	0.004783	0.245918	0.585165	0.044730	0.011832	0.001195	0.070677
79	0.033563	0.001719	0.004520	0.246943	0.586221	0.044078	0.011480	0.001084	0.070392
80	0.033217	0.001626	0.004392	0.248019	0.587223	0.043399	0.011135	0.001013	0.069976
81	0.032787	0.001556	0.004176	0.249040	0.588679	0.042621	0.010679	0.000981	0.069481
82	0.032382	0.001466	0.004059	0.250282	0.589350	0.041971	0.010418	0.000975	0.069097
83	0.031902	0.001408	0.003947	0.251527	0.590116	0.041468	0.010057	0.000904	0.068671
84	0.031161	0.001354	0.003756	0.252739	0.591145	0.040993	0.009786	0.000846	0.068220
85	0.030674	0.001283	0.003622	0.253604	0.591795	0.040547	0.009441	0.000840	0.068194
86	0.030131	0.001237	0.003467	0.254348	0.592914	0.040168	0.009142	0.000817	0.067776
87	0.029624	0.001155	0.003358	0.255290	0.593729	0.039833	0.008880	0.000796	0.067335
88	0.029101	0.001126	0.003235	0.256445	0.594610	0.039113	0.008616	0.000752	0.067002
89	0.028603	0.001080	0.003129	0.257893	0.595000	0.038618	0.008434	0.000692	0.066551
90	0.028328	0.001024	0.003020	0.258989	0.595970	0.037844	0.008123	0.000661	0.066041
91	0.027910	0.000957	0.002887	0.259687	0.597093	0.037381	0.007871	0.000611	0.065603
92	0.027371	0.000907	0.002770	0.260893	0.597607	0.036922	0.007637	0.000582	0.065311
93	0.027037	0.000865	0.002650	0.261926	0.598332	0.036381	0.007342	0.000573	0.064894
94	0.026747	0.000822	0.002540	0.263134	0.598463	0.036028	0.007181	0.000539	0.064546
95	0.026269	0.000791	0.002450	0.263913	0.599448	0.035422	0.006931	0.000493	0.064283
96	0.025918	0.000752	0.002363	0.264813	0.600141	0.034916	0.006687	0.000478	0.063932
97	0.025621	0.000718	0.002238	0.266225	0.600106	0.034559	0.006454	0.000446	0.063633
98	0.025189	0.000674	0.002186	0.267153	0.600763	0.034198	0.006298	0.000414	0.063125
99	0.024651	0.000666	0.002077	0.268545	0.601238	0.033491	0.006037	0.000362	0.062933
0	0.087310	0.087769	0.087682	0.087193	0.300165	0.087571	0.087699	0.087464	0.087147
0	0.087310	0.087769	0.087682	0.087193	0.300165	0.087571	0.087699	0.087464	0.087147
1	0.086765	0.087765	0.087369	0.090657	0.312003	0.090538	0.081675	0.081859	0.081369
2	0.086424	0.085681	0.084818	0.093915	0.324046	0.092613	0.077531	0.077236	0.077736
3	0.085497	0.082368	0.081396	0.097131	0.337272	0.093979	0.074573	0.072403	0.075381
4	0.084045	0.079006	0.077912	0.100196	0.349904	0.094803	0.071943	0.068488	0.073703
5	0.082343	0.075634	0.074563	0.103206	0.362675	0.095005	0.069695	0.064627	0.072252
6	0.080409	0.071727	0.070956	0.105994	0.375346	0.095423	0.068020	0.061061	0.071064
7	0.079220	0.068014	0.067839	0.109323	0.387185	0.095244	0.065947	0.057452	0.069776
8	0.077634	0.064684	0.064601	0.111777	0.399723	0.095476	0.063689	0.053771	0.068645
9	0.076149	0.061692	0.061602	0.114141	0.411160	0.095618	0.061536	0.050448	0.067654
10	0.074525	0.058331	0.058537	0.116805	0.423055	0.095209	0.059518	0.047184	0.066836
11	0.072944	0.054987	0.055386	0.119385	0.434201	0.095108	0.057903	0.044170	0.065916
12	0.071271	0.051597	0.052520	0.121627	0.445651	0.094443	0.056191	0.041451	0.065249
13	0.070023	0.048270	0.049968	0.123833	0.456364	0.093937	0.054339	0.038691	0.064575
14	0.068625	0.045627	0.047645	0.126149	0.466247	0.093339	0.052367	0.036254	0.063747
15	0.067279	0.042966	0.045250	0.128099	0.475990	0.092780	0.050819	0.033901	0.062916
16	0.065779	0.040389	0.043164	0.130289	0.485155	0.092146	0.048992	0.031552	0.062534
17	0.064403	0.037675	0.040795	0.132392	0.494589	0.091513	0.047240	0.029355	0.062038
18	0.063074	0.035457	0.038677	0.134225	0.503465	0.090778	0.045711	0.027177	0.061436
19	0.061625	0.033146	0.036916	0.136453	0.511569	0.090102	0.043930	0.025421	0.060838
20	0.060195	0.031105	0.034908	0.138267	0.520276	0.089284	0.042512	0.023555	0.059898
21	0.058616	0.029114	0.033020	0.139981	0.528733	0.088061	0.040992	0.021960	0.059523
22	0.057137	0.027229	0.031329	0.142143	0.535970	0.087514	0.039382	0.020394	0.058902
23	0.055982	0.025374	0.029864	0.143883	0.542396	0.087000	0.037831	0.019290	0.058380
24	0.054661	0.023847	0.028420	0.145690	0.549222	0.085741	0.036813	0.017836	0.057770
25	0.053375	0.022249	0.026939	0.147056	0.556043	0.084930	0.035551	0.016638	0.057219
26	0.051955	0.021015	0.025433	0.148906	0.562695	0.084043	0.033892	0.015357	0.056704
27	0.050852	0.019594	0.024218	0.150449	0.568814	0.082970	0.032611	0.014406	0.056086
28	0.049630	0.018367	0.023126	0.152326	0.574450	0.082100	0.031410	0.013050	0.055541
29	0.048535	0.017226	0.021841	0.153829	0.580124	0.081196	0.030007	0.012165	0.055077
30	0.047488	0.016077	0.020683	0.155258	0.585061	0.080476	0.028913	0.011344	0.054700
31	0.046163	0.015088	0.019606	0.156753	0.590282	0.079447	0.027824	0.010572	0.054265
32	0.045197	0.014165	0.018513	0.157606	0.595341	0.078535	0.026935	0.009939	0.053769
33	0.043775	0.013113	0.017529	0.159223	0.600209	0.077683	0.025945	0.009236	0.053287
34	0.042796	0.012198	0.016703	0.161145	0.604365	0.076492	0.024969	0.008510	0.052822
35	0.042000	0.011322	0.015786	0.162910	0.608153	0.075351	0.024119	0.007813	0.052546
36	0.040898	0.010652	0.015092	0.164444	0.611893	0.074539	0.023185	0.007309	0.051988
37	0.039840	0.009930	0.014391	0.165748	0.615946	0.073608	0.022202	0.006896	0.051439
38	0.038768	0.009274	0.013552	0.167341	0.619402	0.072887	0.021352	0.006311	0.051113
39	0.037570	0.008694	0.012940	0.168372	0.623524	0.071879	0.020511	0.005801	0.050709
40	0.036511	0.008180	0.012258	0.169904	0.626899	0.071141	0.019696	0.005319	0.050092
41	0.035463	0.007573	0.011733	0.170985	0.630767	0.069932	0.018866	0.004993	0.049688
42	0.034437	0.007123	0.011013	0.172106	0.634280	0.069260	0.018110	0.004610	0.049061
43	0.033728	0.006629	0.010508	0.173194	0.637295	0.068331	0.017382	0.004248	0.048685
44	0.032990	0.006258	0.009971	0.174735	0.639650	0.067551	0.016717	0.003902	0.048226
45	0.032160	0.005769	0.009518	0.175834	0.642563	0.066647	0.016023	0.003615	0.047871
46	0.031262	0.005362	0.009074	0.177278	0.644661	0.066046	0.015393	0.003400	0.047524
47	0.030518	0.004910	0.008653	0.178466	0.647192	0.065343	0.014736	0.003188	0.046994
48	0.029555	0.004635	0.008132	0.179905	0.649252	0.064589	0.014244	0.002999	0.046689
49	0.028683	0.004244	0.007833	0.180730	0.651800	0.063790	0.013813	0.002765	0.046342
50	0.027714	0.004029	0.007394	0.181907	0.654478	0.062808	0.013161	0.002546	0.045963
51	0.027054	0.003763	0.006996	0.182973	0.656685	0.062130	0.012698	0.002324	0.045377
52	0.026525	0.003575	0.006503	0.184558	0.658054	0.061390	0.012183	0.002206	0.045006
53	0.025816	0.003322	0.006275	0.185960	0.659730	0.060533	0.011734	0.002095	0.044535
54	0.025247	0.003193	0.005965	0.187591	0.661356	0.059517	0.011165	0.001915	0.044051
55	0.024489	0.002987	0.005605	0.188358	0.663197	0.059056	0.010805	0.001820	0.043683
56	0.023805	0.002768	0.005325	0.189499	0.664739	0.058601	0.010380	0.001682	0.043201
57	0.023244	0.002597	0.005117	0.190586	0.666299	0.057857	0.009938	0.001571	0.042791
58	0.022635	0.002386	0.004884	0.191638	0.668017	0.057121	0.009482	0.001487	0.042350
59	0.022007	0.002215	0.004649	0.192685	0.669619	0.056430	0.009151	0.001389	0.041855
60	0.021446	0.002019	0.004366	0.193668	0.670842	0.055889	0.008827	0.001315	0.041628
61	0.020958	0.001910	0.004160	0.194230	0.672614	0.055314	0.008473	0.001198	0.041143
62	0.020695	0.001764	0.003952	0.195693	0.673281	0.054706	0.008121	0.001102	0.040686
63	0.020085	0.001618	0.003774	0.196837	0.674409	0.054202	0.007770	0.001045	0.040260
64	0.019709	0.001501	0.003615	0.197774	0.675590	0.053519	0.007465	0.001003	0.039824
65	0.019353	0.001406	0.003338	0.199077	0.676384	0.053048	0.007179	0.000915	0.039300
66	0.018816	0.001284	0.003194	0.200236	0.677288	0.052449	0.006898	0.000877	0.038958
67	0.018431	0.001200	0.003098	0.201174	0.678188	0.051696	0.006680	0.000806	0.038727
68	0.017796	0.001113	0.002947	0.202420	0.678967	0.051411	0.006398	0.000776	0.038172
69	0.017501	0.001061	0.002775	0.203540	0.679876	0.050640	0.006178	0.000697	0.037732
70	0.017075	0.000990	0.002682	0.204839	0.680626	0.049861	0.005908	0.000645	0.037374
71	0.016629	0.000942	0.002553	0.205879	0.681279	0.049426	0.005782	0.000589	0.036921
72	0.016198	0.000873	0.002393	0.207235	0.681493	0.049001	0.005667	0.000555	0.036585
73	0.015826	0.000822	0.002289	0.208275	0.682140	0.048429	0.005365	0.000495	0.036359
74	0.015521	0.000763	0.002189	0.209183	0.683012	0.047857	0.005201	0.000475	0.035799
75	0.015094	0.000729	0.002121	0.210448	0.683469	0.047267	0.005001	0.000432	0.035439
76	0.014727	0.000714	0.002054	0.211494	0.684070	0.046578	0.004785	0.000436	0.035142
77	0.014404	0.000660	0.001931	0.212672	0.684478	0.046003	0.004594	0.000403	0.034855
78	0.014035	0.000633	0.001872	0.213934	0.684586	0.045620	0.004426	0.000391	0.034503
79	0.013782	0.000591	0.001780	0.215039	0.685243	0.044877	0.004138	0.000363	0.034187
80	0.013429	0.000557	0.001734	0.216007	0.685490	0.044566	0.004043	0.000338	0.033836
81	0.013165	0.000554	0.001671	0.216768	0.685885	0.044221	0.003931	0.000275	0.033530
82	0.012824	0.000529	0.001616	0.217793	0.686547	0.043615	0.003746	0.000264	0.033066
83	0.012527	0.000492	0.001526	0.218506	0.687076	0.043190	0.003678	0.000256	0.032749
84	0.012207	0.000474	0.001509	0.219673	0.687306	0.042651	0.003558	0.000256	0.032366
85	0.011851	0.000439	0.001422	0.221109	0.687289	0.042059	0.003417	0.000253	0.032161
86	0.011564	0.000411	0.001394	0.221884	0.688114	0.041433	0.003263	0.000226	0.031711
87	0.011312	0.000390	0.001307	0.223218	0.687840	0.041149	0.003160	0.000205	0.031419
88	0.011163	0.000374	0.001278	0.224063	0.687921	0.040793	0.003030	0.000175	0.031203
89	0.011018	0.000347	0.001248	0.224368	0.688715	0.040430	0.002883	0.000185	0.030806
90	0.010813	0.000320	0.001174	0.225682	0.688541	0.040061	0.002728	0.000174	0.030507
91	0.010586	0.000290	0.001151	0.226959	0.688353	0.039551	0.002650	0.000167	0.030293
92	0.010340	0.000275	0.001080	0.228148	0.688456	0.039110	0.002540	0.000149	0.029902
93	0.010130	0.000247	0.001047	0.229162	0.688445	0.038854	0.002362	0.000152	0.029601
94	0.009957	0.000244	0.001012	0.230626	0.688026	0.038413	0.002260	0.000144	0.029318
95	0.009801	0.000239	0.001035	0.231809	0.687654	0.038123	0.002153	0.000127	0.029059
96	0.009546	0.000218	0.000998	0.233101	0.687535	0.037622	0.002092	0.000113	0.028775
97	0.009403	0.000206	0.000957	0.234061	0.687597	0.037294	0.001955	0.000107	0.028420
98	0.009173	0.000190	0.000931	0.235353	0.687347	0.036899	0.001876	0.000106	0.028125
99	0.008986	0.000186	0.000868	0.236566	0.687048	0.036507	0.001825	0.000110	0.027904
0	0.075051	0.075125	0.074772	0.074833	0.399974	0.075630	0.075178	0.074957	0.074480
0	0.075051	0.075125	0.074772	0.074833	0.399974	0.075630	0.075178	0.074957	0.074480
1	0.074079	0.074062	0.073890	0.077586	0.415982	0.078301	0.069117	0.068759	0.068224
2	0.072716	0.071378	0.071382	0.080293	0.431482	0.080062	0.064818	0.063539	0.064330
3	0.070747	0.068216	0.068278	0.083034	0.446239	0.081210	0.061564	0.059091	0.061621
4	0.068666	0.064507	0.064689	0.086292	0.461473	0.082040	0.058260	0.054792	0.059281
5	0.066985	0.060337	0.061002	0.088917	0.476484	0.082590	0.055479	0.050714	0.057492
6	0.064838	0.056552	0.057673	0.091590	0.491311	0.082201	0.053091	0.047015	0.055729
7	0.063101	0.053336	0.054378	0.094135	0.504728	0.082143	0.050622	0.043538	0.054019
8	0.061193	0.050085	0.050727	0.096452	0.518185	0.082290	0.048363	0.040068	0.052637
9	0.059324	0.046563	0.048041	0.098595	0.530951	0.081754	0.046285	0.036750	0.051737
10	0.057491	0.043154	0.045301	0.100463	0.544120	0.081146	0.044457	0.033897	0.049971
11	0.055846	0.040078	0.042747	0.102449	0.555387	0.080963	0.042451	0.031419	0.048660
12	0.054125	0.037242	0.039984	0.104751	0.566109	0.080822	0.040312	0.028824	0.047831
13	0.052217	0.034644	0.037734	0.106650	0.576880	0.080495	0.038311	0.026314	0.046755
14	0.050550	0.032319	0.035493	0.108330	0.587214	0.079649	0.036586	0.024244	0.045615
15	0.048876	0.029806	0.033483	0.109989	0.597004	0.078980	0.034859	0.022412	0.044591
16	0.047101	0.027375	0.031654	0.111217	0.606792	0.078415	0.033454	0.020486	0.043506
17	0.045358	0.025493	0.029798	0.113005	0.615262	0.077861	0.031755	0.018784	0.042684
18	0.043986	0.023532	0.028197	0.114312	0.623520	0.077124	0.030384	0.017220	0.041725
19	0.042566	0.021829	0.026640	0.116025	0.630653	0.076780	0.028818	0.015786	0.040903
20	0.041278	0.019874	0.025109	0.117729	0.637546	0.076356	0.027481	0.014520	0.040107
21	0.039792	0.018174	0.023876	0.118853	0.645115	0.075714	0.025962	0.013338	0.039176
22	0.038405	0.016726	0.022408	0.120244	0.651872	0.075209	0.024650	0.012072	0.038414
23	0.037226	0.015292	0.021067	0.121458	0.658049	0.074375	0.023520	0.011143	0.037870
24	0.035832	0.014319	0.019628	0.123160	0.663675	0.073977	0.022293	0.010232	0.036884
25	0.034521	0.013319	0.018485	0.124643	0.668969	0.073252	0.021261	0.009337	0.036213
26	0.033251	0.012225	0.017334	0.125927	0.674215	0.072536	0.020194	0.008495	0.035823
27	0.031984	0.011321	0.016491	0.127160	0.679217	0.071726	0.019182	0.007642	0.035277
28	0.030747	0.010392	0.015472	0.128632	0.683799	0.071036	0.018260	0.007024	0.034638
29	0.029812	0.009485	0.014570	0.129875	0.688069	0.070438	0.017372	0.006383	0.033996
30	0.028745	0.008777	0.013603	0.130622	0.692888	0.069692	0.016539	0.005843	0.033291
31	0.027569	0.008071	0.012760	0.131856	0.697125	0.068909	0.015583	0.005396	0.032731
32	0.026669	0.007374	0.012011	0.133387	0.700386	0.068294	0.014862	0.004895	0.032122
33	0.025705	0.006715	0.011199	0.134759	0.703764	0.067660	0.014178	0.004434	0.031586
34	0.024951	0.006209	0.010600	0.135854	0.707170	0.066572	0.013480	0.004072	0.031092
35	0.023935	0.005666	0.009928	0.136902	0.710517	0.065973	0.012738	0.003705	0.030636
36	0.023221	0.005342	0.009265	0.138266	0.713062	0.065252	0.012113	0.003393	0.030086
37	0.022458	0.004912	0.008727	0.139137	0.716321	0.064379	0.011372	0.003119	0.029575
38	0.021822	0.004499	0.008262	0.140228	0.718592	0.063820	0.010743	0.002799	0.029235
39	0.020936	0.004147	0.007816	0.141340	0.721238	0.063095	0.010162	0.002483	0.028783
40	0.020156	0.003800	0.007429	0.142377	0.723337	0.062581	0.009759	0.002258	0.028303
41	0.019436	0.003549	0.006892	0.143365	0.725648	0.061841	0.009325	0.002102	0.027842
42	0.018803	0.003287	0.006513	0.144462	0.727383	0.061377	0.008776	0.001953	0.027446
43	0.018097	0.002995	0.006211	0.145388	0.729222	0.060915	0.008390	0.001861	0.026921
44	0.017471	0.002761	0.005886	0.146260	0.731164	0.060371	0.007903	0.001732	0.026452
45	0.016977	0.002525	0.005508	0.147361	0.732596	0.059828	0.007541	0.001560	0.026104
46	0.016517	0.002365	0.005178	0.148119	0.734308	0.059184	0.007147	0.001415	0.025767
47	0.015955	0.002159	0.004875	0.148876	0.735857	0.058702	0.006730	0.001341	0.025505
48	0.015365	0.001971	0.004590	0.150431	0.736679	0.058339	0.006374	0.001197	0.025054
49	0.014769	0.001785	0.004349	0.151640	0.737669	0.057823	0.006081	0.001099	0.024785
50	0.014263	0.001619	0.004156	0.152526	0.738914	0.057202	0.005798	0.001022	0.024500
51	0.013759	0.001482	0.003952	0.153694	0.740342	0.056243	0.005531	0.000913	0.024084
52	0.013250	0.001404	0.003779	0.154652	0.741569	0.055521	0.005343	0.000825	0.023657
53	0.012811	0.001317	0.003540	0.155896	0.742611	0.054656	0.005132	0.000747	0.023290
54	0.012430	0.001227	0.003373	0.157102	0.743105	0.054226	0.004886	0.000677	0.022974
55	0.011986	0.001142	0.003214	0.158066	0.743900	0.053862	0.004663	0.000614	0.022553
56	0.011589	0.001059	0.003066	0.158924	0.744846	0.053400	0.004405	0.000560	0.022151
57	0.011202	0.000989	0.002894	0.160111	0.745694	0.052801	0.004138	0.000504	0.021667
58	0.010811	0.000919	0.002709	0.161261	0.746178	0.052253	0.003954	0.000454	0.021461
59	0.010420	0.000842	0.002533	0.162052	0.747031	0.051904	0.003769	0.000420	0.021029
60	0.010149	0.000785	0.002402	0.162891	0.747959	0.051188	0.003528	0.000379	0.020719
61	0.009753	0.000716	0.002305	0.163885	0.748965	0.050206	0.003430	0.000357	0.020383
62	0.009452	0.000693	0.002181	0.165186	0.749113	0.049532	0.003335	0.000334	0.020174
63	0.009169	0.000637	0.002080	0.165889	0.749729	0.049005	0.003152	0.000301	0.020038
64	0.008869	0.000584	0.001932	0.167087	0.749973	0.048475	0.003010	0.000287	0.019783
65	0.008479	0.000547	0.001847	0.167948	0.750515	0.048117	0.002903	0.000285	0.019359
66	0.008305	0.000507	0.001764	0.169128	0.750793	0.047470	0.002761	0.000264	0.019008
67	0.008184	0.000487	0.001660	0.169961	0.751004	0.047039	0.002603	0.000258	0.018804
68	0.007896	0.000444	0.001535	0.170614	0.751773	0.046416	0.002481	0.000235	0.018606
69	0.007698	0.000419	0.001398	0.171294	0.752134	0.046179	0.002317	0.000219	0.018342
70	0.007399	0.000372	0.001331	0.172196	0.752528	0.045616	0.002257	0.000201	0.018100
71	0.007172	0.000318	0.001250	0.173166	0.752936	0.044925	0.002197	0.000174	0.017862
72	0.006890	0.000311	0.001176	0.173805	0.753237	0.044743	0.002097	0.000177	0.017564
73	0.006689	0.000294	0.001097	0.174890	0.753147	0.044276	0.002005	0.000159	0.017443
74	0.006487	0.000273	0.001021	0.175606	0.753418	0.043882	0.001908	0.000140	0.017265
75	0.006345	0.000230	0.000949	0.176433	0.753984	0.043261	0.001776	0.000133	0.016889
76	0.006021	0.000210	0.000875	0.177316	0.754236	0.042862	0.001725	0.000139	0.016616
77	0.005878	0.000191	0.000807	0.178665	0.753738	0.042544	0.001632	0.000130	0.016415
78	0.005799	0.000179	0.000759	0.179714	0.753494	0.042266	0.001543	0.000107	0.016139
79	0.005641	0.000178	0.000725	0.180603	0.753351	0.041740	0.001530	0.000102	0.016130
80	0.005375	0.000154	0.000715	0.181741	0.753338	0.041445	0.001379	0.000081	0.015772
81	0.005255	0.000130	0.000698	0.182348	0.753635	0.040898	0.001342	0.000094	0.015600
82	0.005079	0.000135	0.000679	0.183845	0.753173	0.040364	0.001263	0.000083	0.015379
83	0.004964	0.000132	0.000603	0.184380	0.753365	0.040027	0.001258	0.000077	0.015194
84	0.004792	0.000136	0.000600	0.185513	0.752967	0.039546	0.001209	0.000080	0.015157
85	0.004626	0.000122	0.000598	0.186595	0.752710	0.039075	0.001189	0.000076	0.015009
86	0.004534	0.000118	0.000563	0.187534	0.752396	0.038783	0.001120	0.000065	0.014887
87	0.004489	0.000117	0.000532	0.188515	0.752449	0.038122	0.001070	0.000064	0.014642
88	0.004374	0.000097	0.000523	0.189135	0.752732	0.037676	0.001006	0.000051	0.014406
89	0.004245	0.000094	0.000497	0.190494	0.752249	0.037255	0.000980	0.000053	0.014133
90	0.004106	0.000097	0.000479	0.191663	0.751730	0.036995	0.000888	0.000050	0.013992
91	0.004015	0.000073	0.000444	0.192865	0.751033	0.036920	0.000839	0.000036	0.013775
92	0.003890	0.000058	0.000432	0.194054	0.750529	0.036544	0.000802	0.000039	0.013652
93	0.003819	0.000049	0.000410	0.194978	0.750269	0.036167	0.000778	0.000039	0.013491
94	0.003797	0.000043	0.000382	0.196198	0.749727	0.035776	0.000764	0.000040	0.013273
95	0.003708	0.000045	0.000373	0.196843	0.749969	0.035255	0.000723	0.000036	0.013048
96	0.003587	0.000041	0.000364	0.198074	0.749348	0.034968	0.000707	0.000026	0.012885
97	0.003481	0.000040	0.000341	0.199556	0.748467	0.034664	0.000700	0.000021	0.012730
98	0.003360	0.000041	0.000312	0.200796	0.748018	0.034240	0.000691	0.000021	0.012521
99	0.003301	0.000039	0.000293	0.201603	0.747886	0.033930	0.000637	0.000021	0.012290
0	0.062888	0.062292	0.062548	0.062336	0.499796	0.062435	0.062669	0.062604	0.062432
0	0.062888	0.062292	0.062548	0.062336	0.499796	0.062435	0.062669	0.062604	0.062432
1	0.061119	0.060779	0.060738	0.064878	0.519435	0.064690	0.056424	0.055955	0.055982
2	0.059428	0.057969	0.057748	0.067645	0.537468	0.065860	0.051740	0.050377	0.051765
3	0.057308	0.054474	0.054730	0.069526	0.554926	0.066708	0.048056	0.045773	0.048499
4	0.054764	0.050955	0.051084	0.071942	0.571213	0.067363	0.044800	0.041780	0.046099
5	0.052427	0.047231	0.047675	0.074110	0.586608	0.067679	0.042284	0.038202	0.043784
6	0.050167	0.043802	0.044594	0.075973	0.601090	0.067785	0.040268	0.034477	0.041844
7	0.048137	0.040441	0.041370	0.077691	0.615161	0.067853	0.037714	0.031574	0.040059
8	0.045996	0.037300	0.038860	0.079035	0.628471	0.067727	0.035525	0.028559	0.038527
9	0.043935	0.034301	0.036239	0.080701	0.640940	0.067340	0.033363	0.026126	0.037055
10	0.041933	0.031359	0.033896	0.082610	0.652611	0.067089	0.031376	0.023634	0.035492
11	0.040129	0.028824	0.031792	0.083989	0.663324	0.067024	0.029344	0.021546	0.034028
12	0.038020	0.026354	0.029600	0.085540	0.673524	0.066673	0.027668	0.019493	0.033128
13	0.036608	0.024134	0.027499	0.087124	0.682840	0.066529	0.025752	0.017525	0.031989
14	0.034804	0.021928	0.025450	0.088552	0.692298	0.065965	0.024312	0.015812	0.030879
15	0.033308	0.020059	0.023699	0.089777	0.700920	0.065657	0.022662	0.014181	0.029737
16	0.031971	0.018331	0.021995	0.090932	0.708786	0.065116	0.021163	0.012706	0.029000
17	0.030781	0.016622	0.020408	0.092078	0.716243	0.064713	0.019845	0.011441	0.027869
18	0.029288	0.015156	0.019065	0.093401	0.722970	0.064111	0.018537	0.010237	0.027235
19	0.027815	0.013906	0.017747	0.094965	0.728878	0.063721	0.017361	0.009188	0.026419
20	0.026510	0.012575	0.016564	0.095564	0.734960	0.063503	0.016345	0.008205	0.025774
21	0.025376	0.011592	0.015331	0.096876	0.740054	0.063228	0.015178	0.007413	0.024952
22	0.024268	0.010504	0.014164	0.097815	0.745718	0.062525	0.014334	0.006632	0.024040
23	0.023349	0.009490	0.013109	0.098763	0.750710	0.061927	0.013365	0.006000	0.023287
24	0.022369	0.008640	0.012173	0.099380	0.755132	0.061532	0.012626	0.005472	0.022676
25	0.021550	0.007908	0.011328	0.100193	0.759227	0.060920	0.011893	0.004870	0.022111
26	0.020524	0.007119	0.010436	0.101773	0.762866	0.060274	0.010999	0.004451	0.021558
27	0.019477	0.006489	0.009692	0.102640	0.766836	0.059595	0.010278	0.004075	0.020918
28	0.018570	0.005877	0.009086	0.103349	0.769804	0.059508	0.009690	0.003687	0.020429
29	0.017540	0.005369	0.008389	0.104294	0.773339	0.058949	0.008947	0.003284	0.019889
30	0.016716	0.004952	0.007841	0.105114	0.776214	0.058623	0.008314	0.002915	0.019311
31	0.016076	0.004454	0.007322	0.106208	0.778452	0.058180	0.007835	0.002671	0.018802
32	0.015430	0.003991	0.006658	0.107163	0.781085	0.057575	0.007324	0.002477	0.018297
33	0.014776	0.003665	0.006303	0.108319	0.782927	0.057113	0.006829	0.002197	0.017871
34	0.013935	0.003332	0.005927	0.109146	0.785162	0.056699	0.006441	0.001944	0.017414
35	0.013379	0.003030	0.005482	0.110077	0.787126	0.056270	0.006020	0.001703	0.016913
36	0.012937	0.002763	0.005217	0.110826	0.788762	0.055868	0.005562	0.001475	0.016590
37	0.012362	0.002454	0.004824	0.111780	0.790358	0.055439	0.005227	0.001366	0.016190
38	0.011774	0.002265	0.004577	0.112743	0.792020	0.054703	0.004968	0.001212	0.015738
39	0.011265	0.002091	0.004254	0.113799	0.793084	0.054377	0.004628	0.001100	0.015402
40	0.010740	0.001880	0.003898	0.115089	0.793993	0.053869	0.004418	0.001023	0.015090
41	0.010300	0.001695	0.003722	0.115929	0.795323	0.053259	0.004194	0.000923	0.014655
42	0.009868	0.001541	0.003493	0.116836	0.796597	0.052675	0.003894	0.000849	0.014247
43	0.009389	0.001392	0.003315	0.117320	0.797906	0.052296	0.003609	0.000760	0.014013
44	0.009119	0.001304	0.003057	0.118314	0.798636	0.051760	0.003401	0.000724	0.013685
45	0.008652	0.001181	0.002888	0.119352	0.799393	0.051234	0.003196	0.000679	0.013425
46	0.008229	0.001105	0.002704	0.120291	0.800023	0.050829	0.003075	0.000593	0.013151
47	0.007836	0.001015	0.002484	0.121301	0.800558	0.050479	0.002940	0.000511	0.012876
48	0.007478	0.000950	0.002347	0.121746	0.801535	0.050124	0.002776	0.000479	0.012565
49	0.007270	0.000866	0.002197	0.122705	0.801771	0.049827	0.002595	0.000467	0.012302
50	0.006964	0.000821	0.002058	0.123751	0.802309	0.049122	0.002484	0.000422	0.012069
51	0.006690	0.000749	0.001944	0.124307	0.803034	0.048662	0.002344	0.000393	0.011877
52	0.006479	0.000699	0.001850	0.125036	0.803653	0.048141	0.002172	0.000367	0.011603
53	0.006100	0.000621	0.001761	0.126149	0.803801	0.047605	0.002078	0.000339	0.011546
54	0.005877	0.000579	0.001650	0.126693	0.804403	0.047291	0.001967	0.000298	0.011242
55	0.005616	0.000507	0.001545	0.127468	0.804996	0.046716	0.001891	0.000274	0.010987
56	0.005366	0.000469	0.001445	0.128494	0.805256	0.046221	0.001733	0.000245	0.010771
57	0.005140	0.000419	0.001397	0.129593	0.805168	0.045800	0.001701	0.000231	0.010551
58	0.004905	0.000387	0.001308	0.130237	0.805793	0.045220	0.001623	0.000201	0.010326
59	0.004744	0.000357	0.001251	0.130918	0.806072	0.044870	0.001530	0.000175	0.010083
60	0.004536	0.000309	0.001173	0.132002	0.806197	0.044271	0.001457	0.000163	0.009892
61	0.004378	0.000270	0.001129	0.133013	0.806014	0.044022	0.001336	0.000151	0.009687
62	0.004222	0.000266	0.001069	0.134146	0.805801	0.043614	0.001240	0.000132	0.009510
63	0.003985	0.000240	0.001003	0.134996	0.805740	0.043363	0.001221	0.000124	0.009328
64	0.003871	0.000214	0.000975	0.135962	0.805538	0.042957	0.001180	0.000123	0.009180
65	0.003691	0.000183	0.000866	0.136554	0.805780	0.042618	0.001117	0.000114	0.009077
66	0.003543	0.000166	0.000816	0.137150	0.806077	0.042215	0.001034	0.000112	0.008887
67	0.003475	0.000149	0.000734	0.138001	0.806124	0.041676	0.001002	0.000102	0.008737
68	0.003381	0.000141	0.000726	0.138896	0.805866	0.041374	0.000933	0.000089	0.008594
69	0.003256	0.000132	0.000680	0.140094	0.805687	0.040683	0.000909	0.000078	0.008481
70	0.003176	0.000111	0.000624	0.140917	0.805703	0.040257	0.000835	0.000075	0.008302
