0	0.290663	0.057897	0.229473	0.157588	0.029913	0.111872	0.085455	0.012259	0.024880
1	0.231200	0.047999	0.200172	0.145282	0.029357	0.122861	0.113968	0.021834	0.087327
2	0.231035	0.046943	0.199832	0.143349	0.030516	0.122221	0.110954	0.021526	0.093624
3	0.236697	0.046964	0.200604	0.143178	0.032337	0.120073	0.104667	0.019911	0.095569
4	0.243292	0.046879	0.202163	0.142405	0.034273	0.117251	0.098844	0.018443	0.096450
5	0.250630	0.046631	0.202935	0.141496	0.036574	0.113777	0.093186	0.016908	0.097863
6	0.257469	0.046272	0.203902	0.140815	0.038885	0.111158	0.087739	0.015449	0.098311
7	0.264986	0.045785	0.204920	0.139477	0.041220	0.108050	0.082627	0.013912	0.099023
8	0.271744	0.045163	0.205503	0.138369	0.043731	0.105426	0.077457	0.012860	0.099747
9	0.278690	0.044587	0.205397	0.137683	0.046123	0.102280	0.072704	0.011825	0.100711
10	0.285853	0.043851	0.205237	0.136219	0.048834	0.099458	0.068207	0.010852	0.101489
11	0.292081	0.043058	0.205136	0.135079	0.051625	0.096177	0.064049	0.010080	0.102715
12	0.298551	0.042047	0.205068	0.134192	0.054549	0.092855	0.060659	0.009129	0.102950
13	0.304658	0.041039	0.204800	0.132784	0.057788	0.090088	0.056633	0.008316	0.103894
14	0.310411	0.040004	0.204809	0.131282	0.060820	0.087528	0.053289	0.007643	0.104214
15	0.316480	0.038983	0.203989	0.129820	0.064235	0.084869	0.049959	0.007009	0.104656
16	0.322362	0.037986	0.203040	0.128191	0.067583	0.082456	0.047025	0.006408	0.104949
17	0.327792	0.037484	0.202283	0.126661	0.070784	0.079633	0.043991	0.005897	0.105475
18	0.331884	0.036807	0.201478	0.124612	0.074717	0.077182	0.041428	0.005504	0.106388
19	0.336719	0.035653	0.200883	0.122976	0.078794	0.074484	0.039051	0.005036	0.106404
20	0.341593	0.034654	0.199591	0.121129	0.082867	0.072273	0.036639	0.004647	0.106607
21	0.346165	0.033593	0.198210	0.119320	0.087031	0.070015	0.034214	0.004284	0.107168
22	0.350532	0.032227	0.196926	0.117882	0.091235	0.068072	0.031967	0.003936	0.107223
23	0.354538	0.031272	0.194972	0.116457	0.095476	0.065826	0.030259	0.003640	0.107560
24	0.358082	0.030464	0.193830	0.114979	0.099877	0.063777	0.028096	0.003355	0.107540
25	0.362088	0.029503	0.192084	0.112853	0.104681	0.062024	0.026211	0.003113	0.107443
26	0.365829	0.028619	0.190397	0.110593	0.109681	0.060095	0.024585	0.002804	0.107397
27	0.369007	0.027779	0.188401	0.109478	0.114435	0.057998	0.023050	0.002538	0.107314
28	0.371348	0.027090	0.186259	0.107645	0.119420	0.056603	0.021696	0.002447	0.107492
29	0.374222	0.026077	0.184309	0.106625	0.124248	0.054652	0.020237	0.002284	0.107346
30	0.376261	0.025398	0.182111	0.104999	0.130011	0.052894	0.019087	0.002071	0.107168
31	0.377986	0.024518	0.179901	0.104056	0.135574	0.051021	0.017796	0.001982	0.107166
32	0.379786	0.023781	0.177514	0.102571	0.141188	0.049639	0.016661	0.001721	0.107139
33	0.381181	0.022952	0.175098	0.101380	0.147493	0.048252	0.015647	0.001606	0.106391
34	0.382608	0.022031	0.173158	0.100025	0.153549	0.046949	0.014505	0.001512	0.105663
35	0.383548	0.021314	0.171322	0.098680	0.159631	0.045677	0.013528	0.001348	0.104952
36	0.384167	0.020602	0.169237	0.097249	0.166158	0.044546	0.012614	0.001220	0.104207
37	0.385128	0.019920	0.166769	0.095770	0.173018	0.043261	0.011795	0.001085	0.103254
38	0.385724	0.019282	0.164422	0.094926	0.179426	0.042229	0.011021	0.000966	0.102004
39	0.385559	0.018523	0.161707	0.094201	0.186562	0.041132	0.010246	0.000900	0.101170
40	0.385732	0.017916	0.158804	0.092684	0.194162	0.040033	0.009705	0.000833	0.100131
41	0.385332	0.017121	0.156199	0.091873	0.201449	0.038817	0.009066	0.000714	0.099429
42	0.384555	0.016562	0.153199	0.091384	0.209145	0.037968	0.008452	0.000691	0.098044
43	0.383582	0.015790	0.150642	0.090550	0.216952	0.036971	0.007854	0.000606	0.097053
44	0.382207	0.015330	0.148266	0.089902	0.224605	0.036102	0.007386	0.000528	0.095674
45	0.381179	0.014682	0.145883	0.088850	0.232506	0.035334	0.006788	0.000490	0.094288
46	0.380240	0.014151	0.143269	0.087974	0.240497	0.034749	0.006285	0.000432	0.092403
47	0.378205	0.013601	0.140547	0.087557	0.248584	0.034348	0.005777	0.000398	0.090983
48	0.376165	0.013019	0.137693	0.087175	0.257267	0.033625	0.005375	0.000403	0.089278
49	0.373981	0.012578	0.135368	0.086656	0.265694	0.032861	0.004981	0.000367	0.087514
50	0.371151	0.012166	0.132820	0.086291	0.274433	0.032189	0.004729	0.000335	0.085886
51	0.368381	0.011605	0.130005	0.085656	0.283839	0.031612	0.004384	0.000311	0.084207
52	0.366028	0.011141	0.126820	0.085098	0.292872	0.031101	0.004000	0.000278	0.082662
53	0.363089	0.010523	0.124408	0.084441	0.301990	0.030503	0.003659	0.000252	0.081135
54	0.361002	0.010048	0.121677	0.084027	0.310441	0.030183	0.003389	0.000210	0.079023
55	0.358156	0.009401	0.118622	0.083492	0.319999	0.029689	0.003203	0.000200	0.077238
56	0.354923	0.009020	0.115910	0.083267	0.329380	0.029242	0.002962	0.000186	0.075110
57	0.351268	0.008613	0.112996	0.083070	0.339245	0.028606	0.002759	0.000185	0.073258
58	0.347615	0.008182	0.110329	0.082850	0.349129	0.027969	0.002599	0.000152	0.071175
59	0.343717	0.007897	0.107438	0.082631	0.359082	0.027717	0.002381	0.000145	0.068992
60	0.339101	0.007510	0.104375	0.082951	0.369112	0.027583	0.002228	0.000119	0.067021
61	0.334247	0.007196	0.102078	0.082691	0.379264	0.027305	0.001951	0.000116	0.065152
62	0.329524	0.006802	0.099589	0.083093	0.389187	0.026548	0.001857	0.000115	0.063285
63	0.324874	0.006365	0.096622	0.082757	0.399512	0.026631	0.001715	0.000096	0.061428
64	0.320568	0.006058	0.094348	0.082637	0.409439	0.025998	0.001575	0.000097	0.059280
65	0.315332	0.005738	0.091729	0.082320	0.419902	0.026074	0.001511	0.000092	0.057302
66	0.310290	0.005440	0.088941	0.082438	0.430335	0.025925	0.001407	0.000084	0.055140
67	0.304578	0.005158	0.086556	0.082295	0.441225	0.025439	0.001280	0.000071	0.053398
68	0.299360	0.004797	0.083932	0.082356	0.451423	0.025329	0.001198	0.000075	0.051530
69	0.293584	0.004644	0.081226	0.082516	0.461890	0.025292	0.001095	0.000056	0.049697
70	0.288048	0.004431	0.078773	0.083075	0.471926	0.025036	0.000957	0.000051	0.047703
71	0.282520	0.004174	0.076134	0.083464	0.482541	0.024708	0.000853	0.000047	0.045559
72	0.276545	0.003973	0.073614	0.083562	0.493240	0.024604	0.000775	0.000046	0.043641
73	0.270722	0.003714	0.071091	0.083303	0.504142	0.024516	0.000733	0.000046	0.041733
74	0.264753	0.003523	0.068874	0.083668	0.514488	0.024314	0.000646	0.000033	0.039701
75	0.259095	0.003447	0.066699	0.083698	0.524351	0.024344	0.000565	0.000036	0.037765
76	0.253368	0.003232	0.064161	0.083726	0.534547	0.024258	0.000533	0.000036	0.036139
77	0.246733	0.003085	0.062049	0.084164	0.545225	0.024004	0.000495	0.000024	0.034221
78	0.240247	0.002910	0.059865	0.084789	0.555218	0.023908	0.000442	0.000021	0.032600
79	0.234390	0.002694	0.057622	0.084707	0.565529	0.023851	0.000388	0.000019	0.030800
80	0.228161	0.002625	0.055574	0.084472	0.575630	0.023943	0.000367	0.000016	0.029212
81	0.221959	0.002475	0.053497	0.084895	0.585321	0.023910	0.000356	0.000018	0.027569
82	0.216104	0.002331	0.051773	0.084569	0.594921	0.023797	0.000293	0.000019	0.026193
83	0.210015	0.002156	0.049541	0.084889	0.605000	0.023460	0.000272	0.000019	0.024648
84	0.203481	0.001975	0.047925	0.085314	0.613886	0.023646	0.000253	0.000014	0.023506
85	0.197594	0.001858	0.046105	0.085774	0.622794	0.023654	0.000263	0.000007	0.021951
86	0.191094	0.001746	0.044532	0.086194	0.631517	0.023791	0.000255	0.000010	0.020861
87	0.184868	0.001659	0.042941	0.086366	0.640692	0.023653	0.000212	0.000011	0.019598
88	0.179142	0.001541	0.041034	0.086352	0.649653	0.023599	0.000186	0.000004	0.018489
89	0.172930	0.001416	0.039403	0.086521	0.658862	0.023506	0.000182	0.000002	0.017178
90	0.167081	0.001336	0.037984	0.086829	0.666966	0.023515	0.000179	0.000003	0.016107
91	0.161118	0.001252	0.036521	0.086855	0.675175	0.023690	0.000167	0.000001	0.015221
92	0.155562	0.001138	0.034963	0.087484	0.683174	0.023397	0.000149	0.000002	0.014131
93	0.149892	0.001042	0.033399	0.087357	0.691732	0.023287	0.000130	0.000000	0.013161
94	0.144667	0.000972	0.032006	0.087593	0.699017	0.023362	0.000125	0.000000	0.012258
95	0.139717	0.000916	0.030610	0.087661	0.706550	0.023028	0.000107	0.000000	0.011411
96	0.134174	0.000848	0.029344	0.087497	0.714171	0.023173	0.000094	0.000000	0.010699
97	0.128843	0.000774	0.027830	0.087324	0.722189	0.023057	0.000078	0.000000	0.009905
98	0.123731	0.000748	0.026674	0.087267	0.729102	0.023184	0.000080	0.000000	0.009214
99	0.118959	0.000711	0.025298	0.087611	0.735557	0.023003	0.000069	0.000000	0.008792
100	0.113606	0.000634	0.024250	0.087860	0.742254	0.023171	0.000066	0.000000	0.008159
101	0.109075	0.000595	0.022733	0.088088	0.748840	0.023010	0.000066	0.000000	0.007593
102	0.104130	0.000572	0.021930	0.088402	0.754884	0.022941	0.000052	0.000000	0.007089
103	0.099493	0.000535	0.020838	0.088777	0.760909	0.022809	0.000049	0.000000	0.006590
104	0.094961	0.000526	0.019824	0.089223	0.766290	0.022943	0.000043	0.000000	0.006190
105	0.090661	0.000518	0.018836	0.089285	0.771747	0.023205	0.000025	0.000000	0.005723
106	0.086673	0.000480	0.017791	0.089890	0.776806	0.023049	0.000019	0.000000	0.005292
107	0.082551	0.000430	0.016762	0.090314	0.781897	0.023138	0.000016	0.000000	0.004892
108	0.078438	0.000404	0.015750	0.090933	0.786848	0.023031	0.000016	0.000000	0.004580
109	0.074894	0.000365	0.014904	0.090900	0.791366	0.023276	0.000014	0.000000	0.004281
110	0.071257	0.000340	0.014031	0.091082	0.795989	0.023289	0.000008	0.000000	0.004004
111	0.067790	0.000358	0.013297	0.091016	0.800618	0.023278	0.000011	0.000000	0.003632
112	0.064575	0.000340	0.012527	0.091224	0.804406	0.023488	0.000010	0.000000	0.003430
113	0.061253	0.000319	0.011816	0.090975	0.809152	0.023290	0.000008	0.000000	0.003187
114	0.057779	0.000306	0.011028	0.091268	0.813280	0.023414	0.000004	0.000000	0.002921
115	0.054760	0.000269	0.010359	0.091325	0.817325	0.023253	0.000003	0.000000	0.002706
116	0.051987	0.000278	0.009641	0.091722	0.820671	0.023228	0.000001	0.000000	0.002472
117	0.049046	0.000226	0.009018	0.091759	0.824161	0.023496	0.000001	0.000000	0.002293
118	0.046164	0.000240	0.008573	0.091727	0.827714	0.023462	0.000001	0.000000	0.002119
119	0.043544	0.000209	0.008041	0.092105	0.830862	0.023332	0.000001	0.000000	0.001906
120	0.040978	0.000225	0.007597	0.091707	0.834559	0.023221	0.000001	0.000000	0.001712
121	0.038336	0.000200	0.007149	0.092030	0.837437	0.023328	0.000003	0.000000	0.001517
122	0.036206	0.000151	0.006695	0.092040	0.840162	0.023366	0.000002	0.000000	0.001378
123	0.033980	0.000123	0.006274	0.092323	0.842776	0.023323	0.000000	0.000000	0.001201
124	0.031872	0.000114	0.005860	0.092473	0.845076	0.023501	0.000001	0.000000	0.001103
125	0.029947	0.000132	0.005418	0.092381	0.847856	0.023253	0.000000	0.000000	0.001013
126	0.027968	0.000120	0.005131	0.092169	0.850305	0.023353	0.000000	0.000000	0.000954
127	0.026286	0.000124	0.004717	0.092194	0.852412	0.023383	0.000001	0.000000	0.000883
128	0.024657	0.000120	0.004378	0.092109	0.854666	0.023227	0.000002	0.000000	0.000841
129	0.023150	0.000104	0.004040	0.092033	0.856494	0.023410	0.000002	0.000000	0.000767
130	0.021701	0.000101	0.003853	0.092249	0.857891	0.023469	0.000002	0.000000	0.000734
131	0.020375	0.000088	0.003480	0.092373	0.859627	0.023380	0.000001	0.000000	0.000676
132	0.019036	0.000067	0.003286	0.092336	0.861397	0.023275	0.000000	0.000000	0.000603
133	0.017887	0.000071	0.003104	0.092418	0.862618	0.023357	0.000000	0.000000	0.000545
134	0.016590	0.000061	0.002882	0.092498	0.863983	0.023467	0.000000	0.000000	0.000519
135	0.015561	0.000057	0.002660	0.092382	0.865319	0.023539	0.000000	0.000000	0.000482
136	0.014542	0.000059	0.002473	0.092414	0.866956	0.023137	0.000000	0.000000	0.000419
137	0.013490	0.000051	0.002267	0.092657	0.867780	0.023338	0.000000	0.000000	0.000417
138	0.012486	0.000040	0.002151	0.092959	0.868758	0.023248	0.000000	0.000000	0.000358
139	0.011666	0.000045	0.001962	0.092826	0.869826	0.023334	0.000000	0.000000	0.000341
140	0.010756	0.000039	0.001796	0.093146	0.870758	0.023205	0.000000	0.000000	0.000300
141	0.010004	0.000033	0.001660	0.093005	0.871693	0.023325	0.000000	0.000000	0.000280
142	0.009211	0.000029	0.001542	0.093084	0.872366	0.023518	0.000000	0.000000	0.000250
143	0.008587	0.000034	0.001395	0.092965	0.873267	0.023503	0.000000	0.000000	0.000249
144	0.008017	0.000031	0.001277	0.092983	0.873901	0.023555	0.000000	0.000000	0.000236
145	0.007461	0.000027	0.001142	0.092941	0.874794	0.023417	0.000000	0.000000	0.000218
146	0.006944	0.000025	0.001097	0.092880	0.875342	0.023518	0.000000	0.000000	0.000194
147	0.006460	0.000026	0.000993	0.092973	0.875797	0.023559	0.000000	0.000000	0.000192
148	0.006009	0.000023	0.000951	0.092824	0.876586	0.023431	0.000000	0.000000	0.000176
149	0.005654	0.000018	0.000892	0.092739	0.876986	0.023572	0.000000	0.000000	0.000139
150	0.005215	0.000014	0.000846	0.092637	0.877531	0.023637	0.000000	0.000000	0.000120
151	0.004859	0.000008	0.000793	0.092618	0.877892	0.023714	0.000000	0.000000	0.000116
152	0.004497	0.000007	0.000740	0.092656	0.878354	0.023648	0.000000	0.000000	0.000098
153	0.004107	0.000004	0.000702	0.092692	0.878926	0.023483	0.000000	0.000000	0.000086
154	0.003812	0.000002	0.000649	0.092526	0.879475	0.023461	0.000000	0.000000	0.000075
155	0.003518	0.000002	0.000657	0.092779	0.879576	0.023390	0.000000	0.000000	0.000078
156	0.003203	0.000000	0.000614	0.092851	0.879665	0.023595	0.000000	0.000000	0.000072
157	0.002985	0.000000	0.000569	0.093183	0.879727	0.023468	0.000000	0.000000	0.000068
158	0.002746	0.000000	0.000527	0.093131	0.880127	0.023402	0.000000	0.000000	0.000067
159	0.002455	0.000000	0.000497	0.092795	0.880647	0.023553	0.000000	0.000000	0.000053
160	0.002282	0.000000	0.000484	0.092997	0.880620	0.023559	0.000000	0.000000	0.000058
161	0.002056	0.000000	0.000447	0.093008	0.880865	0.023571	0.000000	0.000000	0.000053
162	0.001964	0.000000	0.000419	0.093051	0.880862	0.023650	0.000000	0.000000	0.000054
163	0.001791	0.000000	0.000377	0.093312	0.880946	0.023518	0.000000	0.000000	0.000056
164	0.001589	0.000000	0.000385	0.093249	0.881202	0.023524	0.000000	0.000000	0.000051
165	0.001482	0.000000	0.000352	0.093319	0.881182	0.023622	0.000000	0.000000	0.000043
166	0.001359	0.000000	0.000318	0.093231	0.881669	0.023380	0.000000	0.000000	0.000043
167	0.001264	0.000000	0.000278	0.093508	0.881466	0.023451	0.000000	0.000000	0.000033
168	0.001160	0.000000	0.000258	0.093645	0.881316	0.023595	0.000000	0.000000	0.000026
169	0.001054	0.000000	0.000240	0.093406	0.881807	0.023466	0.000000	0.000000	0.000027
170	0.000942	0.000000	0.000231	0.093364	0.881741	0.023699	0.000000	0.000000	0.000023
171	0.000908	0.000000	0.000224	0.093156	0.881884	0.023810	0.000000	0.000000	0.000018
172	0.000818	0.000000	0.000196	0.093024	0.882088	0.023859	0.000000	0.000000	0.000015
173	0.000782	0.000000	0.000180	0.092902	0.882313	0.023811	0.000000	0.000000	0.000012
174	0.000694	0.000000	0.000169	0.092887	0.882282	0.023957	0.000000	0.000000	0.000011
175	0.000668	0.000000	0.000164	0.092695	0.882612	0.023851	0.000000	0.000000	0.000010
176	0.000596	0.000000	0.000149	0.092641	0.882633	0.023969	0.000000	0.000000	0.000012
177	0.000546	0.000000	0.000150	0.092616	0.882905	0.023774	0.000000	0.000000	0.000009
178	0.000520	0.000000	0.000128	0.092604	0.882966	0.023775	0.000000	0.000000	0.000007
179	0.000462	0.000000	0.000129	0.092800	0.882630	0.023973	0.000000	0.000000	0.000006
180	0.000408	0.000000	0.000112	0.092809	0.882606	0.024059	0.000000	0.000000	0.000006
181	0.000384	0.000000	0.000094	0.092675	0.883032	0.023813	0.000000	0.000000	0.000002
182	0.000332	0.000000	0.000097	0.092937	0.882792	0.023839	0.000000	0.000000	0.000003
183	0.000287	0.000000	0.000073	0.092825	0.882735	0.024078	0.000000	0.000000	0.000002
184	0.000258	0.000000	0.000074	0.092500	0.883155	0.024011	0.000000	0.000000	0.000002
185	0.000218	0.000000	0.000062	0.092762	0.882913	0.024043	0.000000	0.000000	0.000002
186	0.000190	0.000000	0.000047	0.092937	0.882752	0.024073	0.000000	0.000000	0.000001
187	0.000158	0.000000	0.000057	0.093052	0.882688	0.024045	0.000000	0.000000	0.000000
188	0.000133	0.000000	0.000050	0.092948	0.882754	0.024115	0.000000	0.000000	0.000000
189	0.000109	0.000000	0.000049	0.092863	0.882755	0.024224	0.000000	0.000000	0.000000
190	0.000096	0.000000	0.000052	0.092648	0.883118	0.024086	0.000000	0.000000	0.000000
191	0.000080	0.000000	0.000050	0.092975	0.882869	0.024026	0.000000	0.000000	0.000000
192	0.000074	0.000000	0.000054	0.092641	0.883057	0.024174	0.000000	0.000000	0.000000
193	0.000080	0.000000	0.000038	0.092476	0.883144	0.024262	0.000000	0.000000	0.000000
194	0.000064	0.000000	0.000036	0.092447	0.883245	0.024208	0.000000	0.000000	0.000000
195	0.000060	0.000000	0.000035	0.092355	0.883293	0.024257	0.000000	0.000000	0.000000
196	0.000059	0.000000	0.000040	0.092386	0.883473	0.024042	0.000000	0.000000	0.000000
197	0.000060	0.000000	0.000043	0.092520	0.883231	0.024146	0.000000	0.000000	0.000000
198	0.000060	0.000000	0.000045	0.092299	0.883528	0.024068	0.000000	0.000000	0.000000
199	0.000061	0.000000	0.000046	0.092149	0.883627	0.024117	0.000000	0.000000	0.000000
200	0.000052	0.000000	0.000039	0.091949	0.884152	0.023808	0.000000	0.000000	0.000000
201	0.000042	0.000000	0.000034	0.091960	0.884222	0.023742	0.000000	0.000000	0.000000
202	0.000038	0.000000	0.000031	0.091939	0.884111	0.023881	0.000000	0.000000	0.000000
203	0.000039	0.000000	0.000033	0.091985	0.883971	0.023972	0.000000	0.000000	0.000000
204	0.000036	0.000000	0.000035	0.092047	0.883899	0.023983	0.000000	0.000000	0.000000
205	0.000031	0.000000	0.000037	0.092418	0.883398	0.024116	0.000000	0.000000	0.000000
206	0.000022	0.000000	0.000033	0.092553	0.883038	0.024354	0.000000	0.000000	0.000000
207	0.000021	0.000000	0.000034	0.092623	0.883060	0.024262	0.000000	0.000000	0.000000
208	0.000021	0.000000	0.000033	0.092304	0.883555	0.024087	0.000000	0.000000	0.000000
209	0.000018	0.000000	0.000022	0.092061	0.883799	0.024100	0.000000	0.000000	0.000000
210	0.000017	0.000000	0.000027	0.091740	0.884046	0.024170	0.000000	0.000000	0.000000
211	0.000015	0.000000	0.000023	0.091796	0.883819	0.024347	0.000000	0.000000	0.000000
212	0.000018	0.000000	0.000018	0.091722	0.884129	0.024113	0.000000	0.000000	0.000000
213	0.000020	0.000000	0.000016	0.091770	0.884114	0.024080	0.000000	0.000000	0.000000
214	0.000016	0.000000	0.000022	0.091746	0.884279	0.023937	0.000000	0.000000	0.000000
215	0.000018	0.000000	0.000016	0.091601	0.884369	0.023996	0.000000	0.000000	0.000000
216	0.000025	0.000000	0.000011	0.091408	0.884620	0.023936	0.000000	0.000000	0.000000
217	0.000023	0.000000	0.000011	0.091448	0.884678	0.023840	0.000000	0.000000	0.000000
218	0.000024	0.000000	0.000012	0.091576	0.884448	0.023940	0.000000	0.000000	0.000000
219	0.000024	0.000000	0.000009	0.091302	0.884645	0.024020	0.000000	0.000000	0.000000
220	0.000024	0.000000	0.000007	0.091105	0.884827	0.024037	0.000000	0.000000	0.000000
221	0.000021	0.000000	0.000005	0.091249	0.884595	0.024130	0.000000	0.000000	0.000000
222	0.000013	0.000000	0.000005	0.091600	0.884071	0.024311	0.000000	0.000000	0.000000
223	0.000010	0.000000	0.000003	0.091948	0.883805	0.024234	0.000000	0.000000	0.000000
224	0.000007	0.000000	0.000002	0.091891	0.883982	0.024118	0.000000	0.000000	0.000000
225	0.000008	0.000000	0.000005	0.092163	0.883641	0.024183	0.000000	0.000000	0.000000
226	0.000009	0.000000	0.000003	0.092340	0.883472	0.024176	0.000000	0.000000	0.000000
227	0.000006	0.000000	0.000001	0.092022	0.884004	0.023967	0.000000	0.000000	0.000000
228	0.000006	0.000000	0.000001	0.092129	0.883814	0.024050	0.000000	0.000000	0.000000
229	0.000004	0.000000	0.000000	0.092219	0.883693	0.024084	0.000000	0.000000	0.000000
230	0.000001	0.000000	0.000000	0.092529	0.883362	0.024108	0.000000	0.000000	0.000000
231	0.000002	0.000000	0.000000	0.092593	0.883426	0.023979	0.000000	0.000000	0.000000
232	0.000001	0.000000	0.000000	0.092545	0.883608	0.023846	0.000000	0.000000	0.000000
233	0.000003	0.000000	0.000000	0.092343	0.883631	0.024023	0.000000	0.000000	0.000000
234	0.000004	0.000000	0.000000	0.092380	0.883475	0.024141	0.000000	0.000000	0.000000
235	0.000005	0.000000	0.000000	0.092619	0.883095	0.024281	0.000000	0.000000	0.000000
236	0.000001	0.000000	0.000000	0.092722	0.882796	0.024481	0.000000	0.000000	0.000000
237	0.000000	0.000000	0.000000	0.092676	0.882807	0.024517	0.000000	0.000000	0.000000
238	0.000000	0.000000	0.000000	0.092672	0.882958	0.024370	0.000000	0.000000	0.000000
239	0.000000	0.000000	0.000000	0.092873	0.882725	0.024402	0.000000	0.000000	0.000000
240	0.000000	0.000000	0.000000	0.092959	0.882557	0.024484	0.000000	0.000000	0.000000
241	0.000000	0.000000	0.000000	0.092871	0.882747	0.024382	0.000000	0.000000	0.000000
242	0.000000	0.000000	0.000000	0.092827	0.882588	0.024585	0.000000	0.000000	0.000000
243	0.000000	0.000000	0.000000	0.092647	0.882700	0.024653	0.000000	0.000000	0.000000
244	0.000000	0.000000	0.000000	0.092841	0.882484	0.024675	0.000000	0.000000	0.000000
245	0.000000	0.000000	0.000000	0.092932	0.882377	0.024691	0.000000	0.000000	0.000000
246	0.000000	0.000000	0.000000	0.092944	0.882432	0.024624	0.000000	0.000000	0.000000
247	0.000000	0.000000	0.000000	0.093148	0.882120	0.024732	0.000000	0.000000	0.000000
248	0.000000	0.000000	0.000000	0.093155	0.882101	0.024744	0.000000	0.000000	0.000000
249	0.000000	0.000000	0.000000	0.093330	0.881980	0.024690	0.000000	0.000000	0.000000
250	0.000000	0.000000	0.000000	0.092977	0.882393	0.024630	0.000000	0.000000	0.000000
251	0.000000	0.000000	0.000000	0.093060	0.882307	0.024633	0.000000	0.000000	0.000000
252	0.000000	0.000000	0.000000	0.092753	0.882537	0.024710	0.000000	0.000000	0.000000
253	0.000000	0.000000	0.000000	0.092955	0.882364	0.024681	0.000000	0.000000	0.000000
254	0.000000	0.000000	0.000000	0.093436	0.881918	0.024646	0.000000	0.000000	0.000000
255	0.000000	0.000000	0.000000	0.093552	0.881645	0.024803	0.000000	0.000000	0.000000
256	0.000000	0.000000	0.000000	0.093243	0.881991	0.024766	0.000000	0.000000	0.000000
257	0.000000	0.000000	0.000000	0.093436	0.881947	0.024617	0.000000	0.000000	0.000000
258	0.000000	0.000000	0.000000	0.093446	0.881994	0.024560	0.000000	0.000000	0.000000
259	0.000000	0.000000	0.000000	0.093347	0.882138	0.024515	0.000000	0.000000	0.000000
260	0.000000	0.000000	0.000000	0.093283	0.882161	0.024556	0.000000	0.000000	0.000000
261	0.000000	0.000000	0.000000	0.093481	0.881989	0.024530	0.000000	0.000000	0.000000
262	0.000000	0.000000	0.000000	0.093302	0.882450	0.024248	0.000000	0.000000	0.000000
263	0.000000	0.000000	0.000000	0.092823	0.882663	0.024514	0.000000	0.000000	0.000000
264	0.000000	0.000000	0.000000	0.092963	0.882755	0.024282	0.000000	0.000000	0.000000
265	0.000000	0.000000	0.000000	0.093119	0.882631	0.024250	0.000000	0.000000	0.000000
266	0.000000	0.000000	0.000000	0.093055	0.882609	0.024336	0.000000	0.000000	0.000000
267	0.000000	0.000000	0.000000	0.093152	0.882412	0.024436	0.000000	0.000000	0.000000
268	0.000000	0.000000	0.000000	0.093752	0.881978	0.024270	0.000000	0.000000	0.000000
269	0.000000	0.000000	0.000000	0.094154	0.881491	0.024355	0.000000	0.000000	0.000000
270	0.000000	0.000000	0.000000	0.093841	0.881483	0.024676	0.000000	0.000000	0.000000
271	0.000000	0.000000	0.000000	0.094254	0.880994	0.024752	0.000000	0.000000	0.000000
272	0.000000	0.000000	0.000000	0.094359	0.880887	0.024754	0.000000	0.000000	0.000000
273	0.000000	0.000000	0.000000	0.094094	0.881196	0.024710	0.000000	0.000000	0.000000
274	0.000000	0.000000	0.000000	0.094092	0.881219	0.024689	0.000000	0.000000	0.000000
275	0.000000	0.000000	0.000000	0.093800	0.881495	0.024705	0.000000	0.000000	0.000000
276	0.000000	0.000000	0.000000	0.094200	0.881043	0.024757	0.000000	0.000000	0.000000
277	0.000000	0.000000	0.000000	0.094078	0.881365	0.024557	0.000000	0.000000	0.000000
278	0.000000	0.000000	0.000000	0.094010	0.881312	0.024678	0.000000	0.000000	0.000000
279	0.000000	0.000000	0.000000	0.093865	0.881750	0.024385	0.000000	0.000000	0.000000
280	0.000000	0.000000	0.000000	0.093911	0.881766	0.024323	0.000000	0.000000	0.000000
281	0.000000	0.000000	0.000000	0.093613	0.881805	0.024582	0.000000	0.000000	0.000000
282	0.000000	0.000000	0.000000	0.093571	0.882045	0.024384	0.000000	0.000000	0.000000
283	0.000000	0.000000	0.000000	0.093401	0.882188	0.024411	0.000000	0.000000	0.000000
284	0.000000	0.000000	0.000000	0.093502	0.882199	0.024299	0.000000	0.000000	0.000000
285	0.000000	0.000000	0.000000	0.093420	0.882177	0.024403	0.000000	0.000000	0.000000
286	0.000000	0.000000	0.000000	0.093632	0.881986	0.024382	0.000000	0.000000	0.000000
287	0.000000	0.000000	0.000000	0.093597	0.882083	0.024320	0.000000	0.000000	0.000000
288	0.000000	0.000000	0.000000	0.093421	0.882262	0.024317	0.000000	0.000000	0.000000
289	0.000000	0.000000	0.000000	0.093505	0.882323	0.024172	0.000000	0.000000	0.000000
290	0.000000	0.000000	0.000000	0.093473	0.882255	0.024272	0.000000	0.000000	0.000000
291	0.000000	0.000000	0.000000	0.093672	0.882187	0.024141	0.000000	0.000000	0.000000
292	0.000000	0.000000	0.000000	0.093640	0.882254	0.024106	0.000000	0.000000	0.000000
293	0.000000	0.000000	0.000000	0.093478	0.882213	0.024309	0.000000	0.000000	0.000000
294	0.000000	0.000000	0.000000	0.093313	0.882561	0.024126	0.000000	0.000000	0.000000
295	0.000000	0.000000	0.000000	0.093246	0.882510	0.024244	0.000000	0.000000	0.000000
296	0.000000	0.000000	0.000000	0.093328	0.882445	0.024227	0.000000	0.000000	0.000000
297	0.000000	0.000000	0.000000	0.093087	0.882609	0.024304	0.000000	0.000000	0.000000
298	0.000000	0.000000	0.000000	0.093606	0.881981	0.024413	0.000000	0.000000	0.000000
299	0.000000	0.000000	0.000000	0.093588	0.882021	0.024391	0.000000	0.000000	0.000000
300	0.000000	0.000000	0.000000	0.093574	0.882148	0.024278	0.000000	0.000000	0.000000
301	0.000000	0.000000	0.000000	0.093930	0.881594	0.024476	0.000000	0.000000	0.000000
302	0.000000	0.000000	0.000000	0.093822	0.881762	0.024416	0.000000	0.000000	0.000000
303	0.000000	0.000000	0.000000	0.093864	0.882038	0.024098	0.000000	0.000000	0.000000
304	0.000000	0.000000	0.000000	0.093895	0.881903	0.024202	0.000000	0.000000	0.000000
305	0.000000	0.000000	0.000000	0.093990	0.881938	0.024072	0.000000	0.000000	0.000000
306	0.000000	0.000000	0.000000	0.093638	0.882273	0.024089	0.000000	0.000000	0.000000
307	0.000000	0.000000	0.000000	0.093381	0.882431	0.024188	0.000000	0.000000	0.000000
308	0.000000	0.000000	0.000000	0.093250	0.882694	0.024056	0.000000	0.000000	0.000000
309	0.000000	0.000000	0.000000	0.092915	0.882862	0.024223	0.000000	0.000000	0.000000
310	0.000000	0.000000	0.000000	0.092905	0.883015	0.024080	0.000000	0.000000	0.000000
311	0.000000	0.000000	0.000000	0.093072	0.882713	0.024215	0.000000	0.000000	0.000000
312	0.000000	0.000000	0.000000	0.093338	0.882593	0.024069	0.000000	0.000000	0.000000
313	0.000000	0.000000	0.000000	0.093138	0.882794	0.024068	0.000000	0.000000	0.000000
314	0.000000	0.000000	0.000000	0.092971	0.882920	0.024109	0.000000	0.000000	0.000000
315	0.000000	0.000000	0.000000	0.093103	0.882773	0.024124	0.000000	0.000000	0.000000
316	0.000000	0.000000	0.000000	0.093064	0.882815	0.024121	0.000000	0.000000	0.000000
317	0.000000	0.000000	0.000000	0.092961	0.883034	0.024005	0.000000	0.000000	0.000000
318	0.000000	0.000000	0.000000	0.092785	0.883120	0.024095	0.000000	0.000000	0.000000
319	0.000000	0.000000	0.000000	0.092736	0.883252	0.024012	0.000000	0.000000	0.000000
320	0.000000	0.000000	0.000000	0.092951	0.883204	0.023845	0.000000	0.000000	0.000000
321	0.000000	0.000000	0.000000	0.093158	0.882976	0.023866	0.000000	0.000000	0.000000
322	0.000000	0.000000	0.000000	0.093265	0.882687	0.024048	0.000000	0.000000	0.000000
323	0.000000	0.000000	0.000000	0.093349	0.882750	0.023901	0.000000	0.000000	0.000000
324	0.000000	0.000000	0.000000	0.093284	0.882806	0.023910	0.000000	0.000000	0.000000
325	0.000000	0.000000	0.000000	0.093248	0.883100	0.023652	0.000000	0.000000	0.000000
326	0.000000	0.000000	0.000000	0.093371	0.882952	0.023677	0.000000	0.000000	0.000000
327	0.000000	0.000000	0.000000	0.093852	0.882414	0.023734	0.000000	0.000000	0.000000
328	0.000000	0.000000	0.000000	0.093346	0.882928	0.023726	0.000000	0.000000	0.000000
329	0.000000	0.000000	0.000000	0.093310	0.882946	0.023744	0.000000	0.000000	0.000000
330	0.000000	0.000000	0.000000	0.093258	0.882979	0.023763	0.000000	0.000000	0.000000
331	0.000000	0.000000	0.000000	0.093058	0.883113	0.023829	0.000000	0.000000	0.000000
332	0.000000	0.000000	0.000000	0.093037	0.883297	0.023666	0.000000	0.000000	0.000000
333	0.000000	0.000000	0.000000	0.093156	0.883173	0.023671	0.000000	0.000000	0.000000
334	0.000000	0.000000	0.000000	0.092894	0.883454	0.023652	0.000000	0.000000	0.000000
335	0.000000	0.000000	0.000000	0.092899	0.883422	0.023679	0.000000	0.000000	0.000000
336	0.000000	0.000000	0.000000	0.092780	0.883457	0.023763	0.000000	0.000000	0.000000
337	0.000000	0.000000	0.000000	0.092946	0.883239	0.023815	0.000000	0.000000	0.000000
338	0.000000	0.000000	0.000000	0.093044	0.883146	0.023810	0.000000	0.000000	0.000000
339	0.000000	0.000000	0.000000	0.092545	0.883767	0.023688	0.000000	0.000000	0.000000
340	0.000000	0.000000	0.000000	0.092364	0.883921	0.023715	0.000000	0.000000	0.000000
341	0.000000	0.000000	0.000000	0.092142	0.884123	0.023735	0.000000	0.000000	0.000000
342	0.000000	0.000000	0.000000	0.092351	0.884102	0.023547	0.000000	0.000000	0.000000
343	0.000000	0.000000	0.000000	0.092303	0.884104	0.023593	0.000000	0.000000	0.000000
344	0.000000	0.000000	0.000000	0.092300	0.884159	0.023541	0.000000	0.000000	0.000000
345	0.000000	0.000000	0.000000	0.091788	0.884757	0.023455	0.000000	0.000000	0.000000
346	0.000000	0.000000	0.000000	0.092021	0.884712	0.023267	0.000000	0.000000	0.000000
347	0.000000	0.000000	0.000000	0.091984	0.884882	0.023134	0.000000	0.000000	0.000000
348	0.000000	0.000000	0.000000	0.092149	0.884737	0.023114	0.000000	0.000000	0.000000
349	0.000000	0.000000	0.000000	0.092254	0.884497	0.023249	0.000000	0.000000	0.000000
350	0.000000	0.000000	0.000000	0.092286	0.884723	0.022991	0.000000	0.000000	0.000000
351	0.000000	0.000000	0.000000	0.092788	0.884282	0.022930	0.000000	0.000000	0.000000
352	0.000000	0.000000	0.000000	0.092735	0.884180	0.023085	0.000000	0.000000	0.000000
353	0.000000	0.000000	0.000000	0.093032	0.883827	0.023141	0.000000	0.000000	0.000000
354	0.000000	0.000000	0.000000	0.093089	0.883905	0.023006	0.000000	0.000000	0.000000
355	0.000000	0.000000	0.000000	0.093487	0.883397	0.023116	0.000000	0.000000	0.000000
356	0.000000	0.000000	0.000000	0.093527	0.883340	0.023133	0.000000	0.000000	0.000000
357	0.000000	0.000000	0.000000	0.093105	0.883734	0.023161	0.000000	0.000000	0.000000
358	0.000000	0.000000	0.000000	0.093107	0.883899	0.022994	0.000000	0.000000	0.000000
359	0.000000	0.000000	0.000000	0.092735	0.884126	0.023139	0.000000	0.000000	0.000000
360	0.000000	0.000000	0.000000	0.092438	0.884205	0.023357	0.000000	0.000000	0.000000
361	0.000000	0.000000	0.000000	0.092327	0.884528	0.023145	0.000000	0.000000	0.000000
362	0.000000	0.000000	0.000000	0.092708	0.884077	0.023215	0.000000	0.000000	0.000000
363	0.000000	0.000000	0.000000	0.092586	0.884278	0.023136	0.000000	0.000000	0.000000
364	0.000000	0.000000	0.000000	0.092204	0.884506	0.023290	0.000000	0.000000	0.000000
365	0.000000	0.000000	0.000000	0.092411	0.884343	0.023246	0.000000	0.000000	0.000000
366	0.000000	0.000000	0.000000	0.092437	0.884297	0.023266	0.000000	0.000000	0.000000
367	0.000000	0.000000	0.000000	0.092404	0.884399	0.023197	0.000000	0.000000	0.000000
368	0.000000	0.000000	0.000000	0.092371	0.884506	0.023123	0.000000	0.000000	0.000000
369	0.000000	0.000000	0.000000	0.092415	0.884462	0.023123	0.000000	0.000000	0.000000
370	0.000000	0.000000	0.000000	0.092516	0.884438	0.023046	0.000000	0.000000	0.000000
371	0.000000	0.000000	0.000000	0.092612	0.884179	0.023209	0.000000	0.000000	0.000000
372	0.000000	0.000000	0.000000	0.092471	0.884267	0.023262	0.000000	0.000000	0.000000
373	0.000000	0.000000	0.000000	0.092793	0.883702	0.023505	0.000000	0.000000	0.000000
374	0.000000	0.000000	0.000000	0.092659	0.884079	0.023262	0.000000	0.000000	0.000000
375	0.000000	0.000000	0.000000	0.092673	0.884096	0.023231	0.000000	0.000000	0.000000
376	0.000000	0.000000	0.000000	0.092700	0.884063	0.023237	0.000000	0.000000	0.000000
377	0.000000	0.000000	0.000000	0.092584	0.884280	0.023136	0.000000	0.000000	0.000000
378	0.000000	0.000000	0.000000	0.092360	0.884409	0.023231	0.000000	0.000000	0.000000
379	0.000000	0.000000	0.000000	0.092325	0.884610	0.023065	0.000000	0.000000	0.000000
380	0.000000	0.000000	0.000000	0.092511	0.884369	0.023120	0.000000	0.000000	0.000000
381	0.000000	0.000000	0.000000	0.092917	0.884120	0.022963	0.000000	0.000000	0.000000
382	0.000000	0.000000	0.000000	0.093034	0.883975	0.022991	0.000000	0.000000	0.000000
383	0.000000	0.000000	0.000000	0.093168	0.883845	0.022987	0.000000	0.000000	0.000000
384	0.000000	0.000000	0.000000	0.092826	0.884080	0.023094	0.000000	0.000000	0.000000
385	0.000000	0.000000	0.000000	0.092849	0.884253	0.022898	0.000000	0.000000	0.000000
386	0.000000	0.000000	0.000000	0.093328	0.883643	0.023029	0.000000	0.000000	0.000000
387	0.000000	0.000000	0.000000	0.093294	0.883887	0.022819	0.000000	0.000000	0.000000
388	0.000000	0.000000	0.000000	0.093314	0.883975	0.022711	0.000000	0.000000	0.000000
389	0.000000	0.000000	0.000000	0.093405	0.883759	0.022836	0.000000	0.000000	0.000000
390	0.000000	0.000000	0.000000	0.093072	0.884168	0.022760	0.000000	0.000000	0.000000
391	0.000000	0.000000	0.000000	0.093074	0.884124	0.022802	0.000000	0.000000	0.000000
392	0.000000	0.000000	0.000000	0.093296	0.883781	0.022923	0.000000	0.000000	0.000000
393	0.000000	0.000000	0.000000	0.092948	0.884036	0.023016	0.000000	0.000000	0.000000
394	0.000000	0.000000	0.000000	0.092755	0.884382	0.022863	0.000000	0.000000	0.000000
395	0.000000	0.000000	0.000000	0.092824	0.884320	0.022856	0.000000	0.000000	0.000000
396	0.000000	0.000000	0.000000	0.092731	0.884481	0.022788	0.000000	0.000000	0.000000
397	0.000000	0.000000	0.000000	0.093035	0.884131	0.022834	0.000000	0.000000	0.000000
398	0.000000	0.000000	0.000000	0.093129	0.884118	0.022753	0.000000	0.000000	0.000000
399	0.000000	0.000000	0.000000	0.093213	0.883899	0.022888	0.000000	0.000000	0.000000
400	0.000000	0.000000	0.000000	0.093196	0.883829	0.022975	0.000000	0.000000	0.000000
401	0.000000	0.000000	0.000000	0.093123	0.883995	0.022882	0.000000	0.000000	0.000000
402	0.000000	0.000000	0.000000	0.093039	0.884251	0.022710	0.000000	0.000000	0.000000
403	0.000000	0.000000	0.000000	0.092905	0.884364	0.022731	0.000000	0.000000	0.000000
404	0.000000	0.000000	0.000000	0.093049	0.884375	0.022576	0.000000	0.000000	0.000000
405	0.000000	0.000000	0.000000	0.092996	0.884190	0.022814	0.000000	0.000000	0.000000
406	0.000000	0.000000	0.000000	0.093264	0.884023	0.022713	0.000000	0.000000	0.000000
407	0.000000	0.000000	0.000000	0.093477	0.883784	0.022739	0.000000	0.000000	0.000000
408	0.000000	0.000000	0.000000	0.093140	0.884024	0.022836	0.000000	0.000000	0.000000
409	0.000000	0.000000	0.000000	0.093141	0.884103	0.022756	0.000000	0.000000	0.000000
410	0.000000	0.000000	0.000000	0.093168	0.884073	0.022759	0.000000	0.000000	0.000000
411	0.000000	0.000000	0.000000	0.093456	0.883694	0.022850	0.000000	0.000000	0.000000
412	0.000000	0.000000	0.000000	0.093380	0.883753	0.022867	0.000000	0.000000	0.000000
413	0.000000	0.000000	0.000000	0.093618	0.883745	0.022637	0.000000	0.000000	0.000000
414	0.000000	0.000000	0.000000	0.093766	0.883310	0.022924	0.000000	0.000000	0.000000
415	0.000000	0.000000	0.000000	0.093788	0.883200	0.023012	0.000000	0.000000	0.000000
416	0.000000	0.000000	0.000000	0.093838	0.883193	0.022969	0.000000	0.000000	0.000000
417	0.000000	0.000000	0.000000	0.093822	0.883149	0.023029	0.000000	0.000000	0.000000
418	0.000000	0.000000	0.000000	0.093789	0.883126	0.023085	0.000000	0.000000	0.000000
419	0.000000	0.000000	0.000000	0.093634	0.883288	0.023078	0.000000	0.000000	0.000000
420	0.000000	0.000000	0.000000	0.093561	0.883468	0.022971	0.000000	0.000000	0.000000
421	0.000000	0.000000	0.000000	0.093685	0.883557	0.022758	0.000000	0.000000	0.000000
422	0.000000	0.000000	0.000000	0.093657	0.883605	0.022738	0.000000	0.000000	0.000000
423	0.000000	0.000000	0.000000	0.093208	0.883958	0.022834	0.000000	0.000000	0.000000
424	0.000000	0.000000	0.000000	0.092878	0.884330	0.022792	0.000000	0.000000	0.000000
425	0.000000	0.000000	0.000000	0.092924	0.884278	0.022798	0.000000	0.000000	0.000000
426	0.000000	0.000000	0.000000	0.092688	0.884101	0.023211	0.000000	0.000000	0.000000
427	0.000000	0.000000	0.000000	0.092714	0.884332	0.022954	0.000000	0.000000	0.000000
428	0.000000	0.000000	0.000000	0.092708	0.884412	0.022880	0.000000	0.000000	0.000000
429	0.000000	0.000000	0.000000	0.092582	0.884334	0.023084	0.000000	0.000000	0.000000
430	0.000000	0.000000	0.000000	0.092463	0.884448	0.023089	0.000000	0.000000	0.000000
431	0.000000	0.000000	0.000000	0.092401	0.884599	0.023000	0.000000	0.000000	0.000000
432	0.000000	0.000000	0.000000	0.092371	0.884632	0.022997	0.000000	0.000000	0.000000
433	0.000000	0.000000	0.000000	0.092133	0.884924	0.022943	0.000000	0.000000	0.000000
434	0.000000	0.000000	0.000000	0.092076	0.884928	0.022996	0.000000	0.000000	0.000000
435	0.000000	0.000000	0.000000	0.092047	0.884892	0.023061	0.000000	0.000000	0.000000
436	0.000000	0.000000	0.000000	0.091795	0.885362	0.022843	0.000000	0.000000	0.000000
437	0.000000	0.000000	0.000000	0.091866	0.885183	0.022951	0.000000	0.000000	0.000000
438	0.000000	0.000000	0.000000	0.091822	0.884996	0.023182	0.000000	0.000000	0.000000
439	0.000000	0.000000	0.000000	0.091965	0.885065	0.022970	0.000000	0.000000	0.000000
440	0.000000	0.000000	0.000000	0.091796	0.885133	0.023071	0.000000	0.000000	0.000000
441	0.000000	0.000000	0.000000	0.091784	0.885295	0.022921	0.000000	0.000000	0.000000
442	0.000000	0.000000	0.000000	0.091871	0.885198	0.022931	0.000000	0.000000	0.000000
443	0.000000	0.000000	0.000000	0.091945	0.885007	0.023048	0.000000	0.000000	0.000000
444	0.000000	0.000000	0.000000	0.091925	0.885420	0.022655	0.000000	0.000000	0.000000
445	0.000000	0.000000	0.000000	0.092246	0.884978	0.022776	0.000000	0.000000	0.000000
446	0.000000	0.000000	0.000000	0.092361	0.884676	0.022963	0.000000	0.000000	0.000000
447	0.000000	0.000000	0.000000	0.092182	0.885018	0.022800	0.000000	0.000000	0.000000
448	0.000000	0.000000	0.000000	0.092082	0.884919	0.022999	0.000000	0.000000	0.000000
449	0.000000	0.000000	0.000000	0.092079	0.885178	0.022743	0.000000	0.000000	0.000000
450	0.000000	0.000000	0.000000	0.092339	0.884987	0.022674	0.000000	0.000000	0.000000
451	0.000000	0.000000	0.000000	0.092315	0.884919	0.022766	0.000000	0.000000	0.000000
452	0.000000	0.000000	0.000000	0.092332	0.884784	0.022884	0.000000	0.000000	0.000000
453	0.000000	0.000000	0.000000	0.091906	0.885113	0.022981	0.000000	0.000000	0.000000
454	0.000000	0.000000	0.000000	0.091820	0.885125	0.023055	0.000000	0.000000	0.000000
455	0.000000	0.000000	0.000000	0.091696	0.885405	0.022899	0.000000	0.000000	0.000000
456	0.000000	0.000000	0.000000	0.091521	0.885693	0.022786	0.000000	0.000000	0.000000
457	0.000000	0.000000	0.000000	0.091827	0.885506	0.022667	0.000000	0.000000	0.000000
458	0.000000	0.000000	0.000000	0.091824	0.885453	0.022723	0.000000	0.000000	0.000000
459	0.000000	0.000000	0.000000	0.091781	0.885569	0.022650	0.000000	0.000000	0.000000
460	0.000000	0.000000	0.000000	0.091764	0.885463	0.022773	0.000000	0.000000	0.000000
461	0.000000	0.000000	0.000000	0.091995	0.885173	0.022832	0.000000	0.000000	0.000000
462	0.000000	0.000000	0.000000	0.091532	0.885560	0.022908	0.000000	0.000000	0.000000
463	0.000000	0.000000	0.000000	0.091456	0.885657	0.022887	0.000000	0.000000	0.000000
464	0.000000	0.000000	0.000000	0.091806	0.885511	0.022683	0.000000	0.000000	0.000000
465	0.000000	0.000000	0.000000	0.092037	0.885221	0.022742	0.000000	0.000000	0.000000
466	0.000000	0.000000	0.000000	0.092114	0.885032	0.022854	0.000000	0.000000	0.000000
467	0.000000	0.000000	0.000000	0.092272	0.884933	0.022795	0.000000	0.000000	0.000000
468	0.000000	0.000000	0.000000	0.091975	0.885134	0.022891	0.000000	0.000000	0.000000
469	0.000000	0.000000	0.000000	0.092013	0.885253	0.022734	0.000000	0.000000	0.000000
470	0.000000	0.000000	0.000000	0.091645	0.885575	0.022780	0.000000	0.000000	0.000000
