0	0.112313	0.112705	0.112246	0.112163	0.099932	0.112777	0.112658	0.112742	0.112464
0	0.112313	0.112705	0.112246	0.112163	0.099932	0.112777	0.112658	0.112742	0.112464
1	0.114072	0.114091	0.113990	0.115058	0.102878	0.115813	0.108005	0.108045	0.108048
2	0.114576	0.113524	0.114504	0.117852	0.107075	0.117397	0.104845	0.103755	0.106472
3	0.114188	0.111603	0.112557	0.120399	0.111246	0.119311	0.102872	0.101390	0.106434
4	0.113213	0.109338	0.110768	0.123401	0.115792	0.120322	0.101277	0.098981	0.106908
5	0.112105	0.106880	0.108536	0.126098	0.120418	0.121475	0.099488	0.096687	0.108313
6	0.110750	0.104328	0.106321	0.128522	0.125746	0.121851	0.098576	0.094363	0.109543
7	0.109646	0.101140	0.103700	0.130411	0.130808	0.122791	0.097685	0.092294	0.111525
8	0.108030	0.098665	0.101015	0.132261	0.136424	0.123473	0.096366	0.089922	0.113844
9	0.106553	0.096047	0.098707	0.134496	0.141692	0.123500	0.095184	0.087800	0.116021
10	0.105297	0.093436	0.096259	0.136614	0.146971	0.123969	0.094322	0.085208	0.117924
11	0.104494	0.090781	0.094020	0.137899	0.152711	0.124038	0.092810	0.082914	0.120333
12	0.103235	0.088102	0.091811	0.139284	0.158370	0.123853	0.091687	0.080780	0.122878
13	0.102260	0.085161	0.089580	0.141190	0.163509	0.123680	0.090611	0.078735	0.125274
14	0.101672	0.082713	0.087641	0.142605	0.168857	0.123442	0.089347	0.076004	0.127719
15	0.100173	0.079825	0.085612	0.144530	0.174791	0.123310	0.088310	0.073535	0.129914
16	0.098892	0.077271	0.083513	0.146059	0.180047	0.122834	0.087178	0.071497	0.132709
17	0.097733	0.074963	0.081184	0.147321	0.185605	0.122674	0.085625	0.069630	0.135265
18	0.096617	0.072424	0.079112	0.148514	0.191377	0.121965	0.084539	0.067607	0.137845
19	0.095356	0.070244	0.077165	0.149909	0.196652	0.121248	0.083663	0.065347	0.140416
20	0.094474	0.067857	0.075149	0.150746	0.201865	0.120314	0.083024	0.063245	0.143326
21	0.093486	0.065438	0.073313	0.151748	0.207492	0.119722	0.081908	0.060953	0.145940
22	0.092140	0.063132	0.071635	0.152843	0.212645	0.118680	0.080962	0.058980	0.148983
23	0.091220	0.060982	0.069360	0.153959	0.217865	0.117980	0.079952	0.057087	0.151595
24	0.089985	0.058833	0.067593	0.154536	0.223345	0.117090	0.079005	0.055315	0.154298
25	0.089246	0.056854	0.065785	0.155225	0.227986	0.116275	0.078151	0.053209	0.157269
26	0.088080	0.054702	0.063948	0.155909	0.232871	0.115520	0.077517	0.051469	0.159984
27	0.086915	0.052414	0.062407	0.157114	0.237944	0.114291	0.076326	0.049494	0.163095
28	0.085813	0.050287	0.060681	0.157673	0.243112	0.113155	0.075350	0.047790	0.166139
29	0.084491	0.048515	0.059170	0.158161	0.247918	0.112414	0.074218	0.046439	0.168674
30	0.083444	0.046714	0.057560	0.158594	0.252806	0.111387	0.073302	0.044952	0.171241
31	0.082493	0.044804	0.056119	0.159174	0.257469	0.110073	0.072187	0.043351	0.174330
32	0.081530	0.042961	0.054374	0.159397	0.262288	0.109291	0.070996	0.042052	0.177111
33	0.080362	0.041011	0.052926	0.160180	0.266878	0.107970	0.070189	0.040759	0.179725
34	0.079467	0.039690	0.051655	0.160358	0.271317	0.106480	0.068994	0.039364	0.182675
35	0.078570	0.037825	0.050134	0.160573	0.275942	0.105580	0.068195	0.037765	0.185416
36	0.077283	0.036369	0.048254	0.160752	0.280902	0.104397	0.067163	0.036516	0.188364
37	0.076405	0.034954	0.046848	0.160785	0.284875	0.103133	0.066062	0.035472	0.191466
38	0.075138	0.033648	0.045561	0.160439	0.289019	0.102127	0.065213	0.034307	0.194548
39	0.074011	0.032254	0.044295	0.160602	0.292934	0.101101	0.064142	0.033236	0.197425
40	0.073090	0.030771	0.043090	0.160503	0.297020	0.099661	0.063328	0.032064	0.200473
41	0.072035	0.029392	0.042077	0.160332	0.300985	0.098581	0.062371	0.031286	0.202941
42	0.070873	0.028210	0.040677	0.160221	0.304963	0.097058	0.061625	0.030310	0.206063
43	0.070083	0.027055	0.039447	0.159892	0.308974	0.095793	0.060597	0.029134	0.209025
44	0.068987	0.025925	0.038212	0.159711	0.312943	0.094698	0.059662	0.028060	0.211802
45	0.067925	0.024700	0.036996	0.159750	0.316632	0.093342	0.058720	0.027090	0.214845
46	0.066844	0.023637	0.035945	0.159194	0.320388	0.092182	0.057805	0.026268	0.217737
47	0.065663	0.022614	0.034875	0.158704	0.324250	0.091061	0.056973	0.025385	0.220475
48	0.064714	0.021815	0.033863	0.158231	0.327663	0.089911	0.056139	0.024472	0.223192
49	0.063797	0.020967	0.032682	0.157598	0.331371	0.088407	0.055151	0.023756	0.226271
50	0.062806	0.020167	0.031727	0.157248	0.335088	0.086833	0.054352	0.022712	0.229067
51	0.061880	0.019374	0.030521	0.156641	0.338730	0.085394	0.053661	0.022235	0.231564
52	0.060678	0.018455	0.029565	0.156338	0.342131	0.084345	0.053338	0.021268	0.233882
53	0.059738	0.017656	0.028712	0.155772	0.345573	0.083095	0.052315	0.020521	0.236618
54	0.058933	0.016877	0.027806	0.155197	0.349164	0.081732	0.051558	0.019845	0.238888
55	0.058109	0.016070	0.026899	0.155196	0.351814	0.080551	0.050479	0.019288	0.241594
56	0.056942	0.015279	0.026136	0.154842	0.355257	0.079221	0.049923	0.018561	0.243839
57	0.055978	0.014745	0.025258	0.154162	0.358229	0.078187	0.049164	0.017946	0.246331
58	0.055115	0.014164	0.024361	0.153312	0.361249	0.076882	0.048384	0.017527	0.249006
59	0.054087	0.013480	0.023642	0.152769	0.364521	0.075373	0.047822	0.016852	0.251454
60	0.053049	0.012941	0.022945	0.152013	0.367647	0.074524	0.047256	0.016256	0.253369
61	0.052001	0.012342	0.022122	0.151484	0.370975	0.073309	0.046591	0.015772	0.255404
62	0.051114	0.011801	0.021538	0.150769	0.374289	0.071945	0.045789	0.015246	0.257509
63	0.050077	0.011281	0.020827	0.150336	0.377322	0.070797	0.044907	0.014873	0.259580
64	0.049237	0.010807	0.020168	0.149543	0.379849	0.069713	0.044424	0.014235	0.262024
65	0.048526	0.010276	0.019452	0.148989	0.382856	0.068296	0.043716	0.013710	0.264179
66	0.047637	0.009860	0.018768	0.148297	0.385517	0.067114	0.043015	0.013353	0.266439
67	0.046595	0.009376	0.018127	0.147652	0.388434	0.066219	0.042196	0.012827	0.268574
68	0.045967	0.008944	0.017480	0.146887	0.390963	0.065343	0.041622	0.012453	0.270341
69	0.045187	0.008646	0.016831	0.146076	0.393843	0.064105	0.041003	0.012258	0.272051
70	0.044193	0.008316	0.016169	0.145308	0.396725	0.062884	0.040487	0.012004	0.273914
71	0.043156	0.007884	0.015512	0.144520	0.399952	0.061920	0.039762	0.011649	0.275645
72	0.042690	0.007407	0.014859	0.143684	0.402533	0.061214	0.039001	0.011185	0.277427
73	0.041826	0.007109	0.014371	0.143191	0.405078	0.060080	0.038183	0.010792	0.279370
74	0.040856	0.006802	0.013937	0.142301	0.407722	0.059287	0.037406	0.010454	0.281235
75	0.039901	0.006454	0.013456	0.141741	0.410179	0.058238	0.036901	0.009980	0.283150
76	0.039174	0.006119	0.013027	0.141053	0.412729	0.057227	0.036074	0.009791	0.284806
77	0.038133	0.006004	0.012498	0.140460	0.415245	0.056198	0.035436	0.009375	0.286651
78	0.037187	0.005700	0.012058	0.139679	0.417862	0.055302	0.034879	0.009042	0.288291
79	0.036510	0.005416	0.011635	0.138644	0.420216	0.054496	0.034285	0.008722	0.290076
80	0.035954	0.005168	0.011073	0.138022	0.422373	0.053777	0.033715	0.008353	0.291565
81	0.035380	0.004903	0.010624	0.137398	0.424945	0.052884	0.033070	0.008135	0.292661
82	0.034479	0.004700	0.010231	0.136498	0.427609	0.051787	0.032718	0.007715	0.294263
83	0.033734	0.004591	0.009929	0.135669	0.429989	0.050672	0.032214	0.007491	0.295711
84	0.033101	0.004335	0.009467	0.134942	0.432181	0.049705	0.031612	0.007309	0.297348
85	0.032451	0.004102	0.009073	0.134115	0.434398	0.048924	0.030972	0.007118	0.298847
86	0.031769	0.003835	0.008700	0.133245	0.436701	0.048254	0.030540	0.006902	0.300054
87	0.031013	0.003635	0.008473	0.132482	0.438888	0.047288	0.029886	0.006668	0.301667
88	0.030252	0.003470	0.008109	0.131799	0.441384	0.046518	0.029364	0.006483	0.302621
89	0.029688	0.003240	0.007836	0.130984	0.443673	0.045544	0.028864	0.006287	0.303884
90	0.029193	0.003059	0.007474	0.130153	0.445878	0.044759	0.028362	0.006074	0.305048
91	0.028559	0.002963	0.007076	0.129206	0.448384	0.043977	0.027883	0.005898	0.306054
92	0.027699	0.002818	0.006724	0.128590	0.450519	0.043157	0.027318	0.005720	0.307455
93	0.027047	0.002682	0.006458	0.127882	0.452439	0.042712	0.026813	0.005491	0.308476
94	0.026394	0.002543	0.006238	0.127506	0.454289	0.041893	0.026067	0.005336	0.309734
95	0.026086	0.002444	0.006032	0.126743	0.455707	0.041316	0.025688	0.005152	0.310832
96	0.025601	0.002306	0.005796	0.126043	0.457568	0.040777	0.025176	0.004960	0.311773
97	0.025054	0.002149	0.005463	0.125463	0.459639	0.040007	0.024624	0.004788	0.312813
98	0.024445	0.002036	0.005231	0.124524	0.461737	0.039495	0.024170	0.004655	0.313707
99	0.023870	0.001969	0.005042	0.123839	0.463533	0.038981	0.023616	0.004553	0.314597
0	0.099185	0.100141	0.099713	0.100157	0.200368	0.100010	0.100465	0.100042	0.099919
0	0.099185	0.100141	0.099713	0.100157	0.200368	0.100010	0.100465	0.100042	0.099919
1	0.100351	0.101177	0.100535	0.103423	0.207346	0.103214	0.094804	0.094413	0.094737
2	0.100178	0.099978	0.099526	0.106668	0.215320	0.105852	0.090544	0.089911	0.092023
3	0.098459	0.097545	0.097598	0.109403	0.224231	0.107748	0.087992	0.085896	0.091128
4	0.097012	0.094467	0.095416	0.111840	0.233472	0.109548	0.085369	0.082238	0.090638
5	0.095366	0.091303	0.092682	0.113872	0.242479	0.110753	0.083255	0.079190	0.091100
6	0.093350	0.088045	0.090149	0.116079	0.251430	0.111654	0.081206	0.076326	0.091761
7	0.091634	0.084189	0.087535	0.118259	0.260596	0.113111	0.079216	0.073016	0.092444
8	0.089900	0.081060	0.085066	0.120064	0.269657	0.113633	0.077432	0.070099	0.093089
9	0.087845	0.077810	0.082591	0.121941	0.279229	0.114063	0.075457	0.067019	0.094045
10	0.085773	0.074699	0.080077	0.123504	0.288424	0.114392	0.073685	0.063974	0.095472
11	0.084003	0.071477	0.077448	0.125372	0.297146	0.114685	0.071994	0.061319	0.096556
12	0.082378	0.068527	0.074970	0.126727	0.306016	0.114648	0.070426	0.058554	0.097754
13	0.080577	0.065430	0.072725	0.128298	0.314828	0.114505	0.068905	0.056020	0.098712
14	0.078736	0.062675	0.070427	0.129737	0.323506	0.114657	0.066846	0.053573	0.099843
15	0.077017	0.059693	0.068419	0.130563	0.332244	0.114532	0.065136	0.051443	0.100953
16	0.075450	0.056918	0.066102	0.131765	0.340568	0.114684	0.063599	0.048731	0.102183
17	0.073733	0.054337	0.064057	0.133079	0.348899	0.114116	0.061729	0.046753	0.103297
18	0.072368	0.051833	0.061706	0.134001	0.356502	0.113994	0.060177	0.044515	0.104904
19	0.070995	0.049105	0.059802	0.134887	0.364392	0.113709	0.058624	0.042492	0.105994
20	0.069486	0.046706	0.057849	0.135728	0.372389	0.113000	0.056855	0.040421	0.107566
21	0.067812	0.044242	0.056037	0.136505	0.379923	0.112567	0.055600	0.038480	0.108834
22	0.066655	0.041720	0.054460	0.137304	0.387024	0.111998	0.054243	0.036646	0.109950
23	0.065032	0.039695	0.052512	0.138148	0.394570	0.111231	0.052743	0.034750	0.111319
24	0.063690	0.037775	0.050517	0.138565	0.401627	0.110465	0.051595	0.033034	0.112732
25	0.062254	0.035738	0.048641	0.139206	0.408388	0.109950	0.050488	0.031342	0.113993
26	0.060631	0.033920	0.046850	0.139992	0.414879	0.109236	0.049201	0.029826	0.115465
27	0.059345	0.032181	0.045120	0.140403	0.421196	0.108590	0.047978	0.028337	0.116850
28	0.057986	0.030289	0.043507	0.140637	0.428157	0.107775	0.046595	0.027257	0.117797
29	0.056583	0.028614	0.042139	0.141019	0.433598	0.107403	0.045442	0.025855	0.119347
30	0.055231	0.027149	0.040715	0.141473	0.439724	0.106287	0.044045	0.024387	0.120989
31	0.053872	0.025700	0.039268	0.141822	0.445696	0.105632	0.042646	0.023169	0.122195
32	0.052534	0.024296	0.037982	0.141982	0.451057	0.104661	0.041630	0.022235	0.123623
33	0.050979	0.022958	0.036396	0.142182	0.456655	0.104025	0.040380	0.021260	0.125165
34	0.049641	0.021665	0.035021	0.142472	0.461735	0.103106	0.039471	0.020028	0.126861
35	0.048509	0.020314	0.033706	0.142669	0.466974	0.102484	0.038166	0.019184	0.127994
36	0.047066	0.019242	0.032578	0.142668	0.472119	0.101854	0.037287	0.018117	0.129069
37	0.046013	0.018235	0.031290	0.142765	0.476931	0.100940	0.036257	0.017328	0.130241
38	0.044989	0.017318	0.030329	0.142870	0.481733	0.099519	0.035337	0.016573	0.131332
39	0.043706	0.016269	0.029150	0.143012	0.486041	0.098611	0.034702	0.015813	0.132696
40	0.042517	0.015231	0.027983	0.143179	0.490642	0.097753	0.033730	0.015096	0.133869
41	0.041290	0.014424	0.026835	0.143202	0.495073	0.097053	0.032679	0.014435	0.135009
42	0.040058	0.013610	0.025933	0.143412	0.499012	0.096154	0.031838	0.013713	0.136270
43	0.039077	0.012831	0.024909	0.143107	0.503260	0.095035	0.031017	0.012990	0.137774
44	0.038104	0.012061	0.023934	0.142786	0.507818	0.094067	0.030069	0.012342	0.138819
45	0.037237	0.011386	0.022902	0.142900	0.511615	0.092654	0.029581	0.011856	0.139869
46	0.036287	0.010800	0.022188	0.142783	0.515342	0.091804	0.028727	0.011201	0.140868
47	0.035273	0.010110	0.021290	0.143149	0.518826	0.090907	0.027961	0.010501	0.141983
48	0.034307	0.009555	0.020531	0.142895	0.522478	0.090134	0.027281	0.009952	0.142867
49	0.033403	0.009010	0.019778	0.142593	0.525888	0.089106	0.026404	0.009605	0.144213
50	0.032411	0.008438	0.018952	0.142377	0.529296	0.088423	0.025812	0.009083	0.145208
51	0.031452	0.007918	0.018223	0.142249	0.532251	0.087757	0.025088	0.008651	0.146411
52	0.030554	0.007531	0.017468	0.142043	0.535502	0.086702	0.024420	0.008327	0.147453
53	0.029647	0.007160	0.016776	0.141805	0.538850	0.085431	0.023883	0.007949	0.148499
54	0.028923	0.006595	0.016243	0.141666	0.542018	0.084670	0.023043	0.007533	0.149309
55	0.028160	0.006213	0.015670	0.141274	0.544879	0.083466	0.022589	0.007108	0.150641
56	0.027276	0.005901	0.015109	0.140728	0.547831	0.082617	0.022157	0.006857	0.151524
57	0.026668	0.005605	0.014513	0.140724	0.550348	0.081807	0.021558	0.006474	0.152303
58	0.025930	0.005319	0.013927	0.140572	0.553129	0.080802	0.021011	0.006151	0.153159
59	0.025280	0.004974	0.013395	0.140312	0.555898	0.079902	0.020465	0.005832	0.153942
60	0.024488	0.004664	0.012959	0.140090	0.558518	0.079048	0.019926	0.005593	0.154714
61	0.023845	0.004457	0.012302	0.139977	0.561024	0.078137	0.019539	0.005326	0.155393
62	0.023086	0.004225	0.011853	0.139282	0.563799	0.077312	0.019183	0.005063	0.156197
63	0.022381	0.003937	0.011322	0.139021	0.566180	0.076729	0.018683	0.004926	0.156821
64	0.021635	0.003767	0.010966	0.138627	0.568711	0.075555	0.018304	0.004673	0.157762
65	0.021023	0.003556	0.010479	0.138170	0.570952	0.075037	0.017832	0.004384	0.158567
66	0.020391	0.003323	0.010004	0.138044	0.572783	0.074273	0.017187	0.004122	0.159873
67	0.019836	0.003104	0.009711	0.137464	0.574903	0.073508	0.016723	0.003920	0.160831
68	0.019350	0.002862	0.009331	0.137424	0.576949	0.072804	0.016318	0.003745	0.161217
69	0.018843	0.002675	0.009024	0.136762	0.579101	0.071999	0.015855	0.003592	0.162149
70	0.018220	0.002620	0.008627	0.136639	0.581156	0.071230	0.015400	0.003531	0.162577
71	0.017669	0.002463	0.008438	0.136291	0.583360	0.070209	0.015048	0.003284	0.163238
72	0.017116	0.002317	0.008196	0.135704	0.585950	0.069324	0.014557	0.003186	0.163650
73	0.016505	0.002166	0.007840	0.135667	0.587679	0.068615	0.014196	0.003033	0.164299
74	0.016115	0.002017	0.007486	0.135453	0.589626	0.068008	0.013865	0.002898	0.164532
75	0.015511	0.001914	0.007215	0.135060	0.591059	0.067689	0.013588	0.002735	0.165229
76	0.015111	0.001774	0.006880	0.134455	0.592705	0.067423	0.013184	0.002601	0.165867
77	0.014676	0.001683	0.006722	0.134218	0.594669	0.066365	0.012737	0.002535	0.166395
78	0.014113	0.001591	0.006510	0.133864	0.596748	0.065715	0.012483	0.002399	0.166577
79	0.013741	0.001500	0.006203	0.133365	0.598578	0.064944	0.012096	0.002278	0.167295
80	0.013423	0.001414	0.005932	0.132796	0.600451	0.064148	0.011815	0.002188	0.167833
81	0.012883	0.001334	0.005685	0.132265	0.602439	0.063514	0.011519	0.002089	0.168272
82	0.012432	0.001285	0.005433	0.132005	0.604335	0.062857	0.011214	0.002007	0.168432
83	0.012143	0.001189	0.005270	0.131804	0.605678	0.062057	0.010935	0.001928	0.168996
84	0.011831	0.001078	0.005092	0.131353	0.607232	0.061307	0.010727	0.001871	0.169509
85	0.011400	0.001045	0.004769	0.131181	0.608502	0.060801	0.010513	0.001785	0.170004
86	0.010989	0.000985	0.004604	0.130684	0.610274	0.060167	0.010239	0.001694	0.170364
87	0.010667	0.000910	0.004404	0.130315	0.611759	0.059702	0.009956	0.001620	0.170667
88	0.010377	0.000892	0.004190	0.130099	0.613462	0.058964	0.009704	0.001541	0.170771
89	0.010139	0.000817	0.004041	0.130133	0.615003	0.057859	0.009403	0.001497	0.171108
90	0.009850	0.000769	0.003788	0.129126	0.616894	0.057289	0.009134	0.001425	0.171725
91	0.009499	0.000736	0.003674	0.128485	0.618535	0.057004	0.008855	0.001393	0.171819
92	0.009168	0.000695	0.003499	0.127829	0.620130	0.056402	0.008757	0.001317	0.172203
93	0.008912	0.000636	0.003402	0.127374	0.621923	0.055644	0.008506	0.001234	0.172369
94	0.008721	0.000615	0.003257	0.126939	0.623311	0.055055	0.008314	0.001198	0.172590
95	0.008518	0.000566	0.003121	0.126409	0.624940	0.054310	0.008101	0.001141	0.172894
96	0.008375	0.000500	0.003036	0.126272	0.626137	0.053565	0.007908	0.001047	0.173160
97	0.007965	0.000472	0.002941	0.125846	0.627637	0.052958	0.007733	0.001046	0.173402
98	0.007708	0.000443	0.002754	0.125593	0.629282	0.052403	0.007471	0.000977	0.173369
99	0.007404	0.000405	0.002674	0.125002	0.630821	0.051807	0.007330	0.000953	0.173604
0	0.087310	0.087769	0.087682	0.087193	0.300165	0.087571	0.087699	0.087464	0.087147
0	0.087310	0.087769	0.087682	0.087193	0.300165	0.087571	0.087699	0.087464	0.087147
1	0.087106	0.087510	0.087756	0.090718	0.311449	0.090623	0.082064	0.081453	0.081321
2	0.086030	0.085094	0.086267	0.093942	0.323598	0.092970	0.077762	0.076322	0.078015
3	0.083957	0.081817	0.083591	0.096500	0.336616	0.095037	0.074322	0.072040	0.076120
4	0.081448	0.078036	0.080688	0.098812	0.349573	0.096865	0.071291	0.068166	0.075121
5	0.079164	0.074400	0.077765	0.100939	0.361962	0.098005	0.068692	0.064488	0.074585
6	0.077009	0.070550	0.074778	0.102399	0.374585	0.099265	0.065975	0.061113	0.074326
7	0.074604	0.066830	0.072068	0.104069	0.387279	0.100045	0.063517	0.057787	0.073801
8	0.072151	0.063177	0.068980	0.106000	0.399001	0.100969	0.061323	0.054710	0.073689
9	0.070107	0.060026	0.066373	0.107544	0.410717	0.101515	0.058779	0.051483	0.073456
10	0.067807	0.056932	0.063798	0.108978	0.422342	0.102006	0.056617	0.048217	0.073303
11	0.065515	0.053672	0.061002	0.110746	0.432920	0.102643	0.054859	0.045141	0.073502
12	0.063672	0.050638	0.058469	0.112090	0.443431	0.102786	0.052791	0.042474	0.073649
13	0.061616	0.047660	0.056361	0.113103	0.453885	0.102945	0.050815	0.039992	0.073623
14	0.059748	0.044752	0.054223	0.114243	0.463464	0.103148	0.048849	0.037540	0.074033
15	0.057909	0.042346	0.052018	0.115127	0.473490	0.103030	0.047010	0.035083	0.073987
16	0.056174	0.039679	0.049807	0.116398	0.482711	0.103014	0.045196	0.032688	0.074333
17	0.054614	0.037198	0.047572	0.117406	0.491581	0.103056	0.043323	0.030480	0.074770
18	0.052683	0.034726	0.045701	0.117985	0.500469	0.103140	0.041473	0.028417	0.075406
19	0.051002	0.032726	0.043849	0.118602	0.508287	0.103112	0.040098	0.026727	0.075597
20	0.049376	0.030517	0.041883	0.119283	0.516447	0.103228	0.038522	0.024876	0.075868
21	0.047912	0.028553	0.040264	0.120022	0.524032	0.102541	0.037245	0.023218	0.076213
22	0.046463	0.026712	0.038682	0.120751	0.531238	0.102255	0.035789	0.021721	0.076389
23	0.044844	0.025013	0.037060	0.121138	0.537947	0.102303	0.034467	0.020296	0.076932
24	0.043225	0.023353	0.035324	0.122169	0.544267	0.102218	0.033354	0.019009	0.077081
25	0.041849	0.021719	0.033917	0.122400	0.550828	0.101444	0.032206	0.017790	0.077847
26	0.040585	0.020216	0.032492	0.122707	0.557330	0.100818	0.030890	0.016760	0.078202
27	0.039230	0.018984	0.031046	0.123370	0.563210	0.100323	0.029629	0.015670	0.078538
28	0.037802	0.017718	0.029788	0.123682	0.568857	0.099874	0.028647	0.014652	0.078980
29	0.036477	0.016422	0.028583	0.124367	0.573980	0.099577	0.027497	0.013627	0.079470
30	0.035328	0.015325	0.027265	0.124881	0.579216	0.099115	0.026419	0.012784	0.079667
31	0.034038	0.014167	0.026068	0.125239	0.584356	0.098538	0.025449	0.012044	0.080101
32	0.032936	0.013154	0.025052	0.125463	0.588962	0.098226	0.024592	0.011334	0.080281
33	0.031855	0.012312	0.023719	0.125306	0.594098	0.097670	0.023654	0.010631	0.080755
34	0.030790	0.011516	0.022650	0.125209	0.598715	0.097275	0.022665	0.009980	0.081200
35	0.029646	0.010732	0.021612	0.125754	0.602493	0.097058	0.021863	0.009371	0.081471
36	0.028598	0.009846	0.020805	0.125635	0.607175	0.096466	0.021162	0.008714	0.081599
37	0.027579	0.009194	0.019953	0.125793	0.610921	0.096058	0.020341	0.008247	0.081914
38	0.026777	0.008473	0.019099	0.125741	0.614579	0.095397	0.019589	0.007811	0.082534
39	0.025788	0.008029	0.018303	0.126157	0.617903	0.094684	0.018832	0.007322	0.082982
40	0.024971	0.007411	0.017550	0.126385	0.621426	0.093894	0.018213	0.006806	0.083344
41	0.024082	0.006904	0.016883	0.126297	0.625158	0.093178	0.017526	0.006347	0.083625
42	0.023212	0.006413	0.016139	0.126583	0.628439	0.092441	0.016821	0.005958	0.083994
43	0.022364	0.006007	0.015381	0.126529	0.632025	0.091530	0.016280	0.005641	0.084243
44	0.021570	0.005621	0.014655	0.126559	0.635064	0.091197	0.015616	0.005201	0.084517
45	0.020829	0.005256	0.014074	0.126036	0.638597	0.090476	0.015102	0.004876	0.084754
46	0.020159	0.004891	0.013422	0.125741	0.641615	0.089925	0.014595	0.004760	0.084892
47	0.019506	0.004596	0.012903	0.125990	0.643940	0.089453	0.014006	0.004443	0.085163
48	0.018672	0.004268	0.012346	0.125692	0.646681	0.088873	0.013597	0.004202	0.085669
49	0.017949	0.003947	0.011797	0.125804	0.649385	0.088230	0.013128	0.003891	0.085869
50	0.017125	0.003642	0.011181	0.125696	0.652132	0.087561	0.012659	0.003690	0.086314
51	0.016545	0.003327	0.010678	0.125933	0.654052	0.087206	0.012193	0.003543	0.086523
52	0.015978	0.003123	0.010173	0.125823	0.656542	0.086634	0.011639	0.003268	0.086820
53	0.015392	0.002918	0.009817	0.125816	0.658732	0.086153	0.011161	0.003048	0.086963
54	0.014808	0.002765	0.009426	0.125285	0.660869	0.085723	0.010754	0.002953	0.087417
55	0.014349	0.002549	0.009055	0.125464	0.662551	0.085299	0.010307	0.002741	0.087685
56	0.013777	0.002359	0.008575	0.125561	0.664861	0.084666	0.009828	0.002595	0.087778
57	0.013239	0.002173	0.008184	0.125262	0.666673	0.084092	0.009554	0.002465	0.088358
58	0.012802	0.002072	0.007804	0.125143	0.668312	0.083622	0.009240	0.002365	0.088640
59	0.012279	0.001913	0.007389	0.124788	0.670735	0.082667	0.008967	0.002258	0.089004
60	0.011798	0.001819	0.007112	0.124720	0.672369	0.082147	0.008588	0.002173	0.089274
61	0.011343	0.001663	0.006814	0.124730	0.673920	0.081768	0.008332	0.002011	0.089419
62	0.010906	0.001548	0.006471	0.124881	0.675432	0.081275	0.008035	0.001936	0.089516
63	0.010608	0.001396	0.006243	0.124376	0.677309	0.080549	0.007832	0.001868	0.089819
64	0.010204	0.001306	0.005967	0.123955	0.679390	0.079897	0.007620	0.001825	0.089836
65	0.009800	0.001198	0.005762	0.123985	0.680539	0.079306	0.007265	0.001681	0.090464
66	0.009386	0.001152	0.005490	0.123502	0.682041	0.079139	0.007022	0.001654	0.090614
67	0.009053	0.001065	0.005239	0.123249	0.683897	0.078458	0.006791	0.001539	0.090709
68	0.008743	0.000971	0.005041	0.123152	0.685530	0.077649	0.006524	0.001494	0.090896
69	0.008447	0.000919	0.004779	0.122819	0.687285	0.077160	0.006283	0.001371	0.090937
70	0.008196	0.000824	0.004591	0.122980	0.688580	0.076588	0.006064	0.001314	0.090863
71	0.007908	0.000779	0.004462	0.122934	0.690185	0.075679	0.005780	0.001235	0.091038
72	0.007611	0.000739	0.004239	0.122599	0.691744	0.075322	0.005543	0.001205	0.090998
73	0.007273	0.000723	0.004042	0.122409	0.692875	0.074772	0.005467	0.001120	0.091319
74	0.007064	0.000670	0.003857	0.122165	0.694027	0.074291	0.005270	0.001084	0.091572
75	0.006964	0.000620	0.003693	0.121973	0.694927	0.074074	0.005098	0.001017	0.091634
76	0.006701	0.000591	0.003568	0.121637	0.696202	0.073526	0.004996	0.001018	0.091761
77	0.006437	0.000532	0.003378	0.121433	0.697629	0.073183	0.004798	0.000923	0.091687
78	0.006325	0.000505	0.003275	0.121612	0.698567	0.072367	0.004701	0.000890	0.091758
79	0.006092	0.000498	0.003156	0.121651	0.699686	0.071753	0.004545	0.000835	0.091784
80	0.005845	0.000467	0.003016	0.121617	0.700650	0.071431	0.004334	0.000810	0.091830
81	0.005643	0.000427	0.002865	0.121423	0.701810	0.070909	0.004156	0.000761	0.092006
82	0.005414	0.000390	0.002768	0.120968	0.703121	0.070479	0.004006	0.000711	0.092143
83	0.005190	0.000355	0.002653	0.120535	0.704491	0.070093	0.003937	0.000682	0.092064
84	0.004983	0.000326	0.002546	0.120612	0.705353	0.069704	0.003774	0.000648	0.092054
85	0.004852	0.000307	0.002415	0.120444	0.706142	0.069444	0.003757	0.000624	0.092015
86	0.004691	0.000273	0.002369	0.120597	0.706769	0.069138	0.003635	0.000586	0.091942
87	0.004561	0.000252	0.002320	0.120369	0.707741	0.068679	0.003476	0.000547	0.092055
88	0.004309	0.000233	0.002209	0.120026	0.708889	0.068344	0.003395	0.000557	0.092038
89	0.004189	0.000218	0.002088	0.120035	0.709667	0.067877	0.003276	0.000535	0.092115
90	0.004067	0.000211	0.002017	0.119817	0.710579	0.067304	0.003164	0.000485	0.092356
91	0.003983	0.000200	0.001907	0.119379	0.711747	0.066834	0.003090	0.000469	0.092391
92	0.003799	0.000175	0.001882	0.119343	0.712456	0.066405	0.002989	0.000428	0.092523
93	0.003566	0.000159	0.001755	0.119296	0.713498	0.065877	0.002869	0.000412	0.092568
94	0.003373	0.000143	0.001658	0.118911	0.714461	0.065689	0.002745	0.000386	0.092634
95	0.003271	0.000140	0.001572	0.118440	0.715835	0.065336	0.002627	0.000373	0.092406
96	0.003151	0.000131	0.001470	0.118170	0.716465	0.065145	0.002559	0.000362	0.092547
97	0.003019	0.000133	0.001398	0.118387	0.716902	0.064951	0.002477	0.000318	0.092415
98	0.002972	0.000121	0.001342	0.117985	0.717980	0.064417	0.002388	0.000310	0.092485
99	0.002871	0.000118	0.001313	0.117886	0.718943	0.063768	0.002374	0.000321	0.092406
0	0.075051	0.075125	0.074772	0.074833	0.399974	0.075630	0.075178	0.074957	0.074480
0	0.075051	0.075125	0.074772	0.074833	0.399974	0.075630	0.075178	0.074957	0.074480
1	0.074390	0.074338	0.074024	0.077774	0.414753	0.078639	0.069051	0.068690	0.068341
2	0.072206	0.071897	0.071692	0.080263	0.430823	0.080565	0.064183	0.063490	0.064881
3	0.069815	0.068397	0.069105	0.082616	0.446259	0.082069	0.060144	0.059046	0.062549
4	0.067600	0.064681	0.066153	0.084347	0.461400	0.083280	0.056646	0.054947	0.060946
5	0.065047	0.060907	0.062903	0.086075	0.476135	0.084588	0.053694	0.051141	0.059510
6	0.062373	0.057092	0.059858	0.087381	0.490640	0.085341	0.051003	0.047646	0.058666
7	0.059685	0.053329	0.057135	0.088607	0.504959	0.086291	0.048183	0.044074	0.057737
8	0.057300	0.049699	0.054619	0.090291	0.517634	0.086941	0.045612	0.040994	0.056910
9	0.055135	0.046313	0.052072	0.091053	0.529671	0.088171	0.043454	0.037776	0.056355
10	0.053046	0.043087	0.049457	0.092170	0.541642	0.088791	0.041339	0.034688	0.055780
11	0.050791	0.040247	0.046931	0.093200	0.553085	0.089143	0.039025	0.032044	0.055534
12	0.048346	0.037351	0.044735	0.094748	0.563957	0.089187	0.036811	0.029736	0.055129
13	0.046109	0.034818	0.042420	0.095724	0.574793	0.089368	0.035008	0.027267	0.054493
14	0.044005	0.032413	0.040362	0.096385	0.584566	0.089909	0.032993	0.025111	0.054256
15	0.042003	0.030131	0.038348	0.097254	0.594091	0.089984	0.031340	0.023180	0.053669
16	0.040068	0.027824	0.036449	0.098033	0.602935	0.090348	0.029579	0.021188	0.053576
17	0.038439	0.025785	0.034526	0.098961	0.611491	0.090254	0.027868	0.019622	0.053054
18	0.036837	0.023881	0.032792	0.099150	0.619802	0.090393	0.026353	0.018056	0.052736
19	0.035307	0.022216	0.031214	0.099804	0.626954	0.090225	0.025074	0.016818	0.052388
20	0.033783	0.020609	0.029606	0.100215	0.634602	0.089846	0.023795	0.015440	0.052104
21	0.032049	0.018956	0.028249	0.100749	0.641391	0.089975	0.022606	0.014134	0.051891
22	0.030712	0.017502	0.026732	0.101104	0.647921	0.090054	0.021545	0.012950	0.051480
23	0.029196	0.016259	0.025338	0.101396	0.654463	0.089735	0.020316	0.011933	0.051364
24	0.027899	0.014993	0.024074	0.101910	0.660219	0.089533	0.019242	0.010936	0.051194
25	0.026689	0.013787	0.022762	0.102329	0.665556	0.089292	0.018234	0.010122	0.051229
26	0.025488	0.012708	0.021601	0.102855	0.670495	0.088899	0.017406	0.009418	0.051130
27	0.024342	0.011629	0.020372	0.103276	0.675463	0.088832	0.016439	0.008684	0.050963
28	0.023211	0.010578	0.019283	0.103497	0.680364	0.088484	0.015663	0.008016	0.050904
29	0.022098	0.009774	0.018308	0.103882	0.684950	0.088030	0.014898	0.007390	0.050670
30	0.021143	0.009035	0.017332	0.104068	0.689539	0.087826	0.014023	0.006707	0.050327
31	0.020241	0.008214	0.016382	0.104417	0.693568	0.087339	0.013272	0.006175	0.050392
32	0.019307	0.007542	0.015570	0.104811	0.696751	0.087462	0.012686	0.005596	0.050275
33	0.018357	0.006945	0.014798	0.104978	0.700429	0.087232	0.011985	0.005188	0.050088
34	0.017528	0.006328	0.014136	0.105399	0.703338	0.087122	0.011451	0.004778	0.049920
35	0.016712	0.005915	0.013460	0.105337	0.706570	0.086821	0.010892	0.004482	0.049811
36	0.016031	0.005366	0.012785	0.105741	0.709626	0.086405	0.010285	0.004147	0.049614
37	0.015321	0.004944	0.012182	0.105664	0.712332	0.086336	0.009757	0.003842	0.049622
38	0.014637	0.004540	0.011598	0.105961	0.715078	0.086046	0.009133	0.003521	0.049486
39	0.013993	0.004138	0.010967	0.105889	0.718041	0.085498	0.008655	0.003293	0.049526
40	0.013365	0.003904	0.010393	0.105778	0.720313	0.085550	0.008343	0.003060	0.049294
41	0.012719	0.003601	0.009912	0.105921	0.722215	0.085619	0.007839	0.002820	0.049354
42	0.012029	0.003229	0.009427	0.105759	0.725119	0.085176	0.007488	0.002619	0.049154
43	0.011473	0.002978	0.008971	0.106161	0.726844	0.084721	0.007153	0.002475	0.049224
44	0.010863	0.002785	0.008477	0.106083	0.729335	0.084219	0.006828	0.002329	0.049081
45	0.010379	0.002567	0.008143	0.106191	0.730885	0.083931	0.006532	0.002257	0.049115
46	0.009985	0.002448	0.007678	0.106148	0.732638	0.084006	0.006289	0.002106	0.048702
47	0.009677	0.002307	0.007349	0.105908	0.734809	0.083477	0.005982	0.001965	0.048526
48	0.009244	0.002089	0.006905	0.106043	0.736368	0.083253	0.005740	0.001864	0.048494
49	0.008823	0.001885	0.006408	0.106295	0.737915	0.082643	0.005440	0.001763	0.048828
50	0.008357	0.001708	0.006160	0.106422	0.739450	0.082374	0.005190	0.001625	0.048714
51	0.007932	0.001540	0.005845	0.106432	0.740976	0.082337	0.005018	0.001496	0.048424
52	0.007588	0.001405	0.005615	0.106437	0.742390	0.081828	0.004830	0.001419	0.048488
53	0.007271	0.001321	0.005387	0.106278	0.743808	0.081450	0.004656	0.001359	0.048470
54	0.006972	0.001201	0.005092	0.105832	0.745643	0.081205	0.004464	0.001326	0.048265
55	0.006671	0.001096	0.004775	0.106027	0.746886	0.080905	0.004251	0.001259	0.048130
56	0.006428	0.001045	0.004652	0.105879	0.747965	0.080666	0.004059	0.001153	0.048153
57	0.006138	0.000943	0.004368	0.105522	0.749517	0.080430	0.003909	0.001090	0.048083
58	0.005915	0.000890	0.004202	0.105186	0.751313	0.079778	0.003726	0.001038	0.047952
59	0.005595	0.000809	0.003992	0.105298	0.752507	0.079274	0.003571	0.000986	0.047968
60	0.005387	0.000732	0.003786	0.105453	0.753405	0.078830	0.003421	0.000903	0.048083
61	0.004995	0.000675	0.003619	0.105280	0.754836	0.078597	0.003274	0.000809	0.047915
62	0.004709	0.000635	0.003471	0.105409	0.755550	0.078449	0.003169	0.000797	0.047811
63	0.004595	0.000596	0.003230	0.105497	0.756209	0.078342	0.003030	0.000752	0.047749
64	0.004412	0.000540	0.003061	0.105348	0.757257	0.078027	0.002861	0.000707	0.047787
65	0.004223	0.000515	0.002939	0.105129	0.758404	0.077563	0.002775	0.000693	0.047759
66	0.004085	0.000477	0.002806	0.104997	0.759444	0.077252	0.002673	0.000662	0.047604
67	0.003848	0.000455	0.002636	0.105088	0.760344	0.076918	0.002551	0.000624	0.047536
68	0.003727	0.000423	0.002467	0.104984	0.760980	0.076908	0.002439	0.000607	0.047465
69	0.003534	0.000377	0.002393	0.104820	0.762007	0.076386	0.002292	0.000613	0.047578
70	0.003388	0.000347	0.002313	0.104475	0.763232	0.076102	0.002148	0.000558	0.047437
71	0.003243	0.000327	0.002170	0.104581	0.763631	0.075989	0.002063	0.000520	0.047476
72	0.003123	0.000295	0.002047	0.104634	0.764205	0.075600	0.002024	0.000477	0.047595
73	0.002979	0.000280	0.001939	0.104405	0.765062	0.075370	0.001939	0.000459	0.047567
74	0.002887	0.000260	0.001888	0.104182	0.765663	0.075288	0.001867	0.000448	0.047517
75	0.002759	0.000237	0.001801	0.104232	0.766275	0.075055	0.001798	0.000411	0.047432
76	0.002636	0.000215	0.001713	0.103995	0.767635	0.074317	0.001719	0.000392	0.047378
77	0.002480	0.000189	0.001697	0.104235	0.767954	0.074114	0.001677	0.000350	0.047304
78	0.002393	0.000178	0.001610	0.104056	0.768696	0.073913	0.001626	0.000350	0.047178
79	0.002289	0.000164	0.001579	0.103996	0.769437	0.073465	0.001570	0.000330	0.047170
80	0.002247	0.000151	0.001521	0.103668	0.770325	0.073259	0.001491	0.000310	0.047028
81	0.002153	0.000149	0.001426	0.103688	0.770779	0.073107	0.001437	0.000293	0.046968
82	0.002003	0.000120	0.001356	0.103517	0.771479	0.072885	0.001380	0.000283	0.046977
83	0.001910	0.000113	0.001282	0.103541	0.771755	0.072805	0.001316	0.000261	0.047017
84	0.001846	0.000107	0.001212	0.103515	0.772253	0.072617	0.001227	0.000263	0.046960
85	0.001757	0.000108	0.001181	0.103549	0.772763	0.072290	0.001168	0.000230	0.046954
86	0.001675	0.000106	0.001118	0.103463	0.773474	0.071826	0.001196	0.000218	0.046924
87	0.001594	0.000097	0.001048	0.103669	0.773763	0.071815	0.001173	0.000210	0.046631
88	0.001526	0.000084	0.001027	0.103347	0.774592	0.071584	0.001132	0.000194	0.046514
89	0.001471	0.000082	0.000997	0.103473	0.775106	0.071300	0.001124	0.000187	0.046260
90	0.001414	0.000083	0.000969	0.103514	0.775377	0.071095	0.001073	0.000174	0.046301
91	0.001325	0.000079	0.000918	0.103394	0.776132	0.070691	0.001056	0.000175	0.046230
92	0.001285	0.000064	0.000927	0.103185	0.776679	0.070300	0.001067	0.000163	0.046330
93	0.001230	0.000061	0.000901	0.103454	0.776996	0.069942	0.001037	0.000160	0.046219
94	0.001194	0.000066	0.000871	0.103232	0.777611	0.069662	0.000988	0.000153	0.046223
95	0.001145	0.000063	0.000833	0.103340	0.777702	0.069617	0.000946	0.000168	0.046186
96	0.001125	0.000056	0.000798	0.103459	0.778133	0.069080	0.000938	0.000139	0.046272
97	0.001089	0.000055	0.000778	0.103285	0.778652	0.068750	0.000907	0.000130	0.046354
98	0.001014	0.000050	0.000723	0.103498	0.779068	0.068336	0.000932	0.000113	0.046266
99	0.000978	0.000053	0.000689	0.103465	0.779835	0.067943	0.000884	0.000113	0.046040
0	0.062888	0.062292	0.062548	0.062336	0.499796	0.062435	0.062669	0.062604	0.062432
0	0.062888	0.062292	0.062548	0.062336	0.499796	0.062435	0.062669	0.062604	0.062432
1	0.061428	0.060828	0.060969	0.064457	0.518269	0.064974	0.056268	0.056593	0.056214
2	0.059204	0.057749	0.058206	0.066286	0.537004	0.066715	0.051447	0.050936	0.052453
3	0.056347	0.054771	0.055320	0.068187	0.553964	0.067744	0.047642	0.046507	0.049518
4	0.053725	0.051170	0.052255	0.069721	0.569959	0.068626	0.044519	0.042318	0.047707
5	0.050935	0.047421	0.049326	0.070961	0.585404	0.069603	0.041357	0.038671	0.046322
6	0.048241	0.044081	0.046298	0.072476	0.599730	0.070495	0.038594	0.035368	0.044717
7	0.045859	0.040619	0.043565	0.073527	0.613491	0.071216	0.036061	0.032278	0.043384
8	0.043430	0.037229	0.040917	0.074237	0.626807	0.071839	0.033883	0.029361	0.042297
9	0.041150	0.034026	0.038438	0.075023	0.639723	0.072164	0.031602	0.026567	0.041307
10	0.038902	0.031225	0.036502	0.075927	0.650472	0.072755	0.029721	0.024139	0.040357
11	0.036593	0.028783	0.034420	0.076850	0.660858	0.073130	0.027847	0.021983	0.039536
12	0.034479	0.026275	0.032125	0.077130	0.671910	0.073525	0.025946	0.019859	0.038751
13	0.032586	0.024246	0.030583	0.077793	0.680665	0.073914	0.024178	0.018052	0.037983
14	0.030867	0.022328	0.028672	0.078170	0.690075	0.074055	0.022369	0.016357	0.037107
15	0.029048	0.020416	0.026815	0.078531	0.699147	0.073975	0.020910	0.014841	0.036317
16	0.027621	0.018610	0.025085	0.079128	0.706914	0.074027	0.019526	0.013569	0.035520
17	0.026211	0.016980	0.023721	0.079824	0.714099	0.073991	0.018218	0.012233	0.034723
18	0.024624	0.015573	0.022279	0.080065	0.721099	0.074212	0.016960	0.011131	0.034057
19	0.023175	0.014262	0.020979	0.080580	0.727253	0.074454	0.015655	0.010103	0.033539
20	0.021978	0.012997	0.019819	0.080778	0.733084	0.074524	0.014616	0.009196	0.033008
21	0.020655	0.011891	0.018749	0.081169	0.739289	0.073876	0.013591	0.008130	0.032650
22	0.019629	0.010832	0.017633	0.081452	0.744389	0.073826	0.012745	0.007361	0.032133
23	0.018667	0.009787	0.016670	0.081731	0.749414	0.073441	0.011995	0.006612	0.031683
24	0.017693	0.008833	0.015559	0.081989	0.753801	0.073736	0.011138	0.005971	0.031280
25	0.016769	0.008039	0.014663	0.082105	0.758212	0.073360	0.010455	0.005432	0.030965
26	0.015873	0.007234	0.013696	0.082546	0.761827	0.073421	0.009818	0.004949	0.030636
27	0.014867	0.006628	0.013037	0.082400	0.765346	0.073757	0.009198	0.004513	0.030254
28	0.014049	0.006055	0.012255	0.082696	0.768883	0.073450	0.008638	0.004146	0.029828
29	0.013192	0.005497	0.011329	0.083004	0.772322	0.073539	0.008012	0.003782	0.029323
30	0.012418	0.005029	0.010664	0.083151	0.775164	0.073489	0.007559	0.003477	0.029049
31	0.011673	0.004599	0.010138	0.083088	0.778171	0.073426	0.006995	0.003200	0.028710
32	0.011072	0.004081	0.009423	0.083460	0.781119	0.072911	0.006510	0.002951	0.028473
33	0.010478	0.003655	0.008898	0.083482	0.783412	0.072959	0.006056	0.002638	0.028422
34	0.009795	0.003283	0.008477	0.083717	0.785932	0.072855	0.005591	0.002415	0.027935
35	0.009252	0.002992	0.007948	0.083565	0.788065	0.072991	0.005253	0.002245	0.027689
36	0.008842	0.002725	0.007471	0.083451	0.790325	0.072789	0.004996	0.002028	0.027373
37	0.008346	0.002449	0.007099	0.083311	0.792203	0.072879	0.004731	0.001864	0.027118
38	0.007913	0.002198	0.006631	0.083371	0.794072	0.072763	0.004405	0.001678	0.026969
39	0.007550	0.002023	0.006188	0.083325	0.795798	0.072738	0.004163	0.001546	0.026669
40	0.007082	0.001851	0.005804	0.083525	0.797224	0.072585	0.003976	0.001442	0.026511
41	0.006709	0.001644	0.005457	0.083327	0.798984	0.072619	0.003733	0.001322	0.026205
42	0.006367	0.001449	0.005121	0.083610	0.800450	0.072134	0.003613	0.001223	0.026033
43	0.006027	0.001324	0.004901	0.083473	0.801864	0.071995	0.003383	0.001144	0.025889
44	0.005705	0.001244	0.004599	0.083493	0.803228	0.071864	0.003206	0.001067	0.025594
45	0.005385	0.001182	0.004396	0.083620	0.804303	0.071663	0.003027	0.000983	0.025441
46	0.005178	0.001093	0.004158	0.083460	0.805465	0.071648	0.002864	0.000903	0.025231
47	0.004827	0.001008	0.003887	0.083444	0.806792	0.071342	0.002749	0.000825	0.025126
48	0.004553	0.000912	0.003660	0.083425	0.807906	0.071214	0.002572	0.000776	0.024982
49	0.004346	0.000855	0.003481	0.083596	0.808637	0.071179	0.002517	0.000691	0.024698
50	0.004050	0.000798	0.003302	0.083395	0.809662	0.071289	0.002331	0.000634	0.024539
51	0.003922	0.000714	0.003082	0.083520	0.810653	0.071028	0.002216	0.000590	0.024275
52	0.003728	0.000654	0.002929	0.083755	0.811120	0.070947	0.002128	0.000517	0.024222
53	0.003549	0.000604	0.002809	0.083944	0.811905	0.070639	0.001991	0.000481	0.024078
54	0.003382	0.000576	0.002634	0.083679	0.812902	0.070567	0.001864	0.000457	0.023939
55	0.003270	0.000525	0.002534	0.083688	0.813386	0.070496	0.001777	0.000468	0.023856
56	0.003122	0.000481	0.002429	0.084042	0.813987	0.070262	0.001732	0.000386	0.023559
57	0.003003	0.000435	0.002267	0.083772	0.815169	0.069963	0.001670	0.000371	0.023350
58	0.002826	0.000389	0.002137	0.083992	0.815765	0.069727	0.001539	0.000341	0.023284
59	0.002694	0.000352	0.002014	0.083795	0.816696	0.069628	0.001435	0.000285	0.023101
60	0.002569	0.000309	0.001855	0.083954	0.817076	0.069524	0.001359	0.000273	0.023081
61	0.002433	0.000279	0.001786	0.084090	0.817656	0.069173	0.001322	0.000263	0.022998
62	0.002359	0.000252	0.001656	0.083916	0.818424	0.068937	0.001272	0.000264	0.022920
63	0.002222	0.000218	0.001592	0.083931	0.818921	0.068824	0.001263	0.000247	0.022782
64	0.002107	0.000201	0.001496	0.083916	0.819853	0.068242	0.001196	0.000222	0.022767
65	0.002045	0.000161	0.001409	0.083557	0.820805	0.068125	0.001105	0.000223	0.022570
66	0.001947	0.000166	0.001335	0.083639	0.821112	0.068052	0.001043	0.000214	0.022492
67	0.001844	0.000164	0.001261	0.083722	0.821449	0.067971	0.000997	0.000198	0.022394
68	0.001744	0.000149	0.001193	0.083959	0.821860	0.067707	0.000948	0.000186	0.022254
69	0.001644	0.000133	0.001143	0.083549	0.822685	0.067600	0.000923	0.000166	0.022157
70	0.001545	0.000133	0.001090	0.083455	0.823180	0.067546	0.000944	0.000158	0.021949
