0	0.290663	0.057897	0.229473	0.157588	0.029913	0.111872	0.085455	0.012259	0.024880
1	0.241842	0.049830	0.207798	0.126170	0.026222	0.110761	0.121412	0.023638	0.092327
2	0.250779	0.050946	0.213757	0.110438	0.024123	0.098180	0.124190	0.024489	0.103098
3	0.265338	0.053083	0.221357	0.097534	0.022278	0.085229	0.122598	0.023959	0.108624
4	0.280486	0.055434	0.227423	0.085746	0.020359	0.074367	0.119492	0.023085	0.113608
5	0.296423	0.057303	0.232853	0.075549	0.018688	0.064390	0.115349	0.022270	0.117175
6	0.311930	0.059772	0.236640	0.066203	0.017260	0.055405	0.111298	0.021416	0.120076
7	0.326682	0.061886	0.240089	0.057875	0.015891	0.047550	0.106836	0.020657	0.122534
8	0.341094	0.063835	0.242762	0.050317	0.014794	0.040792	0.102216	0.019667	0.124523
9	0.355303	0.065667	0.244603	0.043881	0.013516	0.034858	0.097414	0.018860	0.125898
10	0.368950	0.067509	0.246193	0.037879	0.012542	0.029798	0.091895	0.017988	0.127246
11	0.381350	0.069190	0.246908	0.032885	0.011662	0.025064	0.086845	0.017109	0.128987
12	0.394132	0.070861	0.246736	0.028495	0.010739	0.021380	0.081744	0.015987	0.129926
13	0.406392	0.072580	0.246296	0.024667	0.009877	0.017973	0.076943	0.014964	0.130308
14	0.417167	0.074232	0.245930	0.021149	0.009085	0.015135	0.072751	0.014058	0.130493
15	0.427731	0.075940	0.244814	0.018404	0.008213	0.012670	0.068459	0.013069	0.130700
16	0.437613	0.076945	0.243930	0.015755	0.007597	0.010761	0.064127	0.012319	0.130953
17	0.447231	0.078430	0.242786	0.013473	0.006995	0.008875	0.060070	0.011549	0.130591
18	0.455761	0.079519	0.241057	0.011690	0.006612	0.007577	0.056118	0.010978	0.130688
19	0.464426	0.080406	0.239436	0.009935	0.006151	0.006445	0.052581	0.010388	0.130232
20	0.473031	0.081337	0.237427	0.008396	0.005610	0.005569	0.049377	0.009568	0.129685
21	0.480647	0.082420	0.234632	0.007219	0.005204	0.004582	0.046204	0.009046	0.130046
22	0.488558	0.083282	0.232108	0.006202	0.004792	0.003913	0.042966	0.008411	0.129768
23	0.495153	0.084014	0.230355	0.005316	0.004437	0.003318	0.040374	0.007862	0.129171
24	0.501282	0.085330	0.228008	0.004576	0.004248	0.002797	0.037690	0.007372	0.128697
25	0.507411	0.085492	0.225731	0.004004	0.003848	0.002379	0.035262	0.006919	0.128954
26	0.513650	0.086156	0.223457	0.003481	0.003507	0.001967	0.032868	0.006440	0.128474
27	0.519810	0.086549	0.221701	0.003004	0.003282	0.001673	0.030727	0.005935	0.127319
28	0.525698	0.086985	0.219268	0.002647	0.002998	0.001380	0.028695	0.005530	0.126799
29	0.530981	0.087603	0.216943	0.002225	0.002802	0.001166	0.026926	0.005207	0.126147
30	0.536657	0.088001	0.214748	0.001947	0.002599	0.001013	0.025090	0.004832	0.125113
31	0.542259	0.088531	0.212265	0.001660	0.002323	0.000832	0.023535	0.004487	0.124108
32	0.547517	0.089184	0.209477	0.001382	0.002161	0.000729	0.021949	0.004174	0.123427
33	0.552764	0.089934	0.206485	0.001231	0.002000	0.000612	0.020555	0.003911	0.122508
34	0.556808	0.090759	0.204078	0.001072	0.001875	0.000546	0.019360	0.003683	0.121819
35	0.561547	0.090741	0.201773	0.000891	0.001719	0.000502	0.018007	0.003528	0.121292
36	0.566129	0.091171	0.199344	0.000766	0.001619	0.000433	0.016770	0.003358	0.120410
37	0.569967	0.092312	0.196917	0.000671	0.001500	0.000355	0.015825	0.003036	0.119417
38	0.574299	0.092618	0.194544	0.000555	0.001405	0.000307	0.014795	0.002847	0.118630
39	0.578069	0.092903	0.192618	0.000496	0.001274	0.000258	0.014056	0.002707	0.117619
40	0.581958	0.093242	0.190695	0.000432	0.001218	0.000216	0.013220	0.002563	0.116456
41	0.585366	0.093885	0.188650	0.000365	0.001102	0.000196	0.012330	0.002378	0.115728
42	0.588833	0.094037	0.187009	0.000337	0.001012	0.000156	0.011408	0.002250	0.114958
43	0.592947	0.094561	0.184426	0.000236	0.000960	0.000140	0.010775	0.002076	0.113879
44	0.595991	0.095058	0.182387	0.000200	0.000878	0.000129	0.010036	0.001926	0.113395
45	0.599254	0.095289	0.181027	0.000169	0.000742	0.000115	0.009338	0.001804	0.112262
46	0.602647	0.095804	0.178919	0.000154	0.000678	0.000102	0.008767	0.001629	0.111300
47	0.605615	0.096293	0.177195	0.000137	0.000651	0.000070	0.008317	0.001603	0.110119
48	0.607897	0.096814	0.176339	0.000113	0.000650	0.000073	0.007771	0.001472	0.108871
49	0.611485	0.096741	0.174571	0.000111	0.000569	0.000055	0.007268	0.001391	0.107809
50	0.614473	0.097524	0.172474	0.000085	0.000499	0.000045	0.006856	0.001205	0.106839
51	0.617135	0.098113	0.171094	0.000089	0.000520	0.000039	0.006404	0.001180	0.105426
52	0.620211	0.098520	0.169151	0.000078	0.000521	0.000036	0.006066	0.001104	0.104313
53	0.623891	0.098920	0.167250	0.000073	0.000489	0.000035	0.005569	0.000996	0.102777
54	0.626371	0.099236	0.165870	0.000069	0.000453	0.000034	0.005223	0.000932	0.101812
55	0.629383	0.099671	0.163991	0.000048	0.000437	0.000031	0.004995	0.000881	0.100563
56	0.632691	0.099764	0.162475	0.000039	0.000408	0.000025	0.004584	0.000800	0.099214
57	0.636149	0.099788	0.160849	0.000031	0.000350	0.000027	0.004277	0.000774	0.097755
58	0.638756	0.100075	0.159140	0.000030	0.000332	0.000022	0.004037	0.000696	0.096912
59	0.641246	0.100607	0.157672	0.000028	0.000298	0.000023	0.003722	0.000677	0.095727
60	0.644388	0.100416	0.156458	0.000029	0.000293	0.000018	0.003479	0.000661	0.094258
61	0.646419	0.101049	0.155296	0.000025	0.000289	0.000016	0.003240	0.000617	0.093049
62	0.648488	0.101351	0.154209	0.000013	0.000267	0.000016	0.003011	0.000600	0.092045
63	0.651597	0.101734	0.152290	0.000015	0.000265	0.000013	0.002878	0.000544	0.090664
64	0.654425	0.102002	0.151046	0.000013	0.000257	0.000009	0.002684	0.000536	0.089028
65	0.656703	0.102289	0.150118	0.000008	0.000231	0.000008	0.002475	0.000476	0.087692
66	0.659927	0.102405	0.148376	0.000007	0.000236	0.000005	0.002254	0.000472	0.086318
67	0.662124	0.103059	0.147064	0.000006	0.000221	0.000007	0.002124	0.000466	0.084929
68	0.664396	0.103527	0.145973	0.000006	0.000239	0.000008	0.001978	0.000431	0.083442
69	0.666648	0.103573	0.144961	0.000007	0.000206	0.000009	0.001839	0.000411	0.082346
70	0.668773	0.103987	0.143945	0.000005	0.000186	0.000005	0.001705	0.000408	0.080986
71	0.671300	0.104257	0.142843	0.000004	0.000168	0.000003	0.001561	0.000360	0.079504
72	0.673749	0.105078	0.141324	0.000006	0.000164	0.000001	0.001366	0.000370	0.077942
73	0.676346	0.104803	0.140252	0.000003	0.000175	0.000002	0.001265	0.000329	0.076825
74	0.678432	0.104731	0.139376	0.000004	0.000157	0.000003	0.001246	0.000297	0.075754
75	0.679933	0.105498	0.138447	0.000003	0.000132	0.000001	0.001118	0.000273	0.074595
76	0.682157	0.105867	0.137596	0.000002	0.000123	0.000001	0.001041	0.000253	0.072960
77	0.684759	0.105866	0.136484	0.000003	0.000124	0.000000	0.001031	0.000222	0.071511
78	0.686761	0.106342	0.135305	0.000001	0.000119	0.000000	0.000952	0.000223	0.070297
79	0.688804	0.106334	0.134695	0.000002	0.000111	0.000000	0.000872	0.000221	0.068961
80	0.690354	0.106840	0.133821	0.000001	0.000121	0.000000	0.000795	0.000203	0.067865
81	0.692701	0.106986	0.132461	0.000000	0.000104	0.000000	0.000769	0.000185	0.066794
82	0.694365	0.107231	0.132223	0.000000	0.000099	0.000000	0.000734	0.000183	0.065165
83	0.696656	0.107709	0.130908	0.000000	0.000083	0.000000	0.000655	0.000166	0.063823
84	0.698311	0.108227	0.130061	0.000000	0.000081	0.000000	0.000633	0.000147	0.062540
85	0.700098	0.108373	0.129201	0.000000	0.000084	0.000000	0.000600	0.000138	0.061506
86	0.701803	0.108621	0.128461	0.000000	0.000081	0.000000	0.000546	0.000123	0.060365
87	0.703560	0.108947	0.127643	0.000000	0.000090	0.000000	0.000531	0.000110	0.059119
88	0.705215	0.109441	0.126821	0.000000	0.000088	0.000000	0.000474	0.000103	0.057858
89	0.707019	0.109269	0.125974	0.000000	0.000089	0.000000	0.000431	0.000100	0.057118
90	0.708670	0.109712	0.125141	0.000000	0.000069	0.000000	0.000425	0.000111	0.055872
91	0.710600	0.109503	0.124523	0.000000	0.000067	0.000000	0.000406	0.000099	0.054802
92	0.711976	0.109555	0.124602	0.000000	0.000067	0.000000	0.000369	0.000097	0.053334
93	0.713821	0.109809	0.123330	0.000000	0.000047	0.000000	0.000328	0.000083	0.052582
94	0.714426	0.110615	0.123027	0.000000	0.000044	0.000000	0.000293	0.000078	0.051517
95	0.716139	0.110784	0.122396	0.000000	0.000044	0.000000	0.000242	0.000083	0.050312
96	0.718319	0.110757	0.121417	0.000000	0.000049	0.000000	0.000228	0.000079	0.049151
97	0.719576	0.111235	0.120596	0.000000	0.000034	0.000000	0.000209	0.000066	0.048284
98	0.721363	0.111187	0.120004	0.000000	0.000032	0.000000	0.000195	0.000063	0.047156
99	0.723150	0.111215	0.119267	0.000000	0.000025	0.000000	0.000187	0.000054	0.046102
100	0.724503	0.111410	0.118770	0.000000	0.000025	0.000000	0.000160	0.000047	0.045085
101	0.726255	0.111654	0.117873	0.000000	0.000026	0.000000	0.000138	0.000033	0.044021
102	0.728085	0.111766	0.117020	0.000000	0.000024	0.000000	0.000131	0.000036	0.042938
103	0.729079	0.111806	0.117101	0.000000	0.000026	0.000000	0.000108	0.000030	0.041850
104	0.730018	0.112272	0.116505	0.000000	0.000022	0.000000	0.000108	0.000024	0.041051
105	0.730606	0.112873	0.116314	0.000000	0.000022	0.000000	0.000077	0.000018	0.040090
106	0.732459	0.112943	0.115394	0.000000	0.000016	0.000000	0.000063	0.000016	0.039109
107	0.733150	0.113313	0.114934	0.000000	0.000008	0.000000	0.000059	0.000025	0.038511
108	0.734429	0.113324	0.114725	0.000000	0.000015	0.000000	0.000049	0.000026	0.037432
109	0.736680	0.113370	0.113288	0.000000	0.000011	0.000000	0.000039	0.000023	0.036589
110	0.737819	0.113437	0.112799	0.000000	0.000014	0.000000	0.000038	0.000029	0.035864
111	0.739362	0.113187	0.112496	0.000000	0.000019	0.000000	0.000038	0.000030	0.034868
112	0.739720	0.113740	0.112283	0.000000	0.000018	0.000000	0.000034	0.000023	0.034182
113	0.740863	0.113677	0.112308	0.000000	0.000014	0.000000	0.000030	0.000026	0.033082
114	0.742259	0.113616	0.111664	0.000000	0.000012	0.000000	0.000016	0.000018	0.032415
115	0.743324	0.114046	0.110933	0.000000	0.000010	0.000000	0.000021	0.000019	0.031647
116	0.744407	0.113913	0.110868	0.000000	0.000015	0.000000	0.000012	0.000020	0.030765
117	0.744920	0.113905	0.110799	0.000000	0.000006	0.000000	0.000009	0.000021	0.030340
118	0.746429	0.113846	0.110298	0.000000	0.000008	0.000000	0.000008	0.000014	0.029397
119	0.746702	0.114029	0.110555	0.000000	0.000007	0.000000	0.000010	0.000014	0.028683
120	0.747998	0.114412	0.109801	0.000000	0.000010	0.000000	0.000008	0.000016	0.027755
121	0.749216	0.114185	0.109504	0.000000	0.000007	0.000000	0.000004	0.000012	0.027072
122	0.749686	0.114584	0.109333	0.000000	0.000010	0.000000	0.000006	0.000011	0.026370
123	0.750536	0.115086	0.108686	0.000000	0.000010	0.000000	0.000003	0.000006	0.025673
124	0.751607	0.114871	0.108557	0.000000	0.000010	0.000000	0.000002	0.000010	0.024943
125	0.752441	0.114664	0.108610	0.000000	0.000008	0.000000	0.000003	0.000008	0.024266
126	0.752447	0.115179	0.108720	0.000000	0.000009	0.000000	0.000000	0.000011	0.023634
127	0.753280	0.115082	0.108681	0.000000	0.000007	0.000000	0.000002	0.000007	0.022941
128	0.753380	0.115269	0.108786	0.000000	0.000011	0.000000	0.000003	0.000009	0.022542
129	0.754713	0.115215	0.108216	0.000000	0.000007	0.000000	0.000004	0.000009	0.021836
130	0.755591	0.115177	0.107922	0.000000	0.000009	0.000000	0.000002	0.000006	0.021293
131	0.755884	0.115361	0.107903	0.000000	0.000009	0.000000	0.000002	0.000003	0.020838
132	0.756964	0.115355	0.107234	0.000000	0.000005	0.000000	0.000004	0.000001	0.020437
133	0.757454	0.115474	0.107115	0.000000	0.000009	0.000000	0.000002	0.000002	0.019944
134	0.757828	0.115870	0.107013	0.000000	0.000010	0.000000	0.000002	0.000001	0.019276
135	0.758107	0.115900	0.107005	0.000000	0.000009	0.000000	0.000004	0.000001	0.018974
136	0.758634	0.116116	0.106839	0.000000	0.000014	0.000000	0.000002	0.000000	0.018395
137	0.759424	0.115996	0.106539	0.000000	0.000014	0.000000	0.000002	0.000000	0.018025
138	0.759393	0.116430	0.106605	0.000000	0.000011	0.000000	0.000001	0.000000	0.017560
139	0.760307	0.116381	0.106260	0.000000	0.000012	0.000000	0.000003	0.000000	0.017037
140	0.760640	0.116584	0.106083	0.000000	0.000011	0.000000	0.000004	0.000000	0.016678
141	0.761700	0.116298	0.105702	0.000000	0.000011	0.000000	0.000001	0.000000	0.016288
142	0.761787	0.116347	0.105989	0.000000	0.000007	0.000000	0.000001	0.000000	0.015869
143	0.762262	0.116759	0.105571	0.000000	0.000005	0.000000	0.000002	0.000000	0.015401
144	0.762244	0.116936	0.105824	0.000000	0.000002	0.000000	0.000002	0.000000	0.014992
145	0.762846	0.116701	0.105569	0.000000	0.000004	0.000000	0.000003	0.000000	0.014877
146	0.763815	0.116791	0.104954	0.000000	0.000003	0.000000	0.000002	0.000000	0.014435
147	0.764707	0.116732	0.104447	0.000000	0.000004	0.000000	0.000002	0.000000	0.014108
148	0.764981	0.116694	0.104608	0.000000	0.000004	0.000000	0.000002	0.000000	0.013711
149	0.765120	0.117084	0.104253	0.000000	0.000005	0.000000	0.000002	0.000000	0.013536
150	0.766089	0.116980	0.103609	0.000000	0.000003	0.000000	0.000001	0.000000	0.013318
151	0.766240	0.117273	0.103539	0.000000	0.000001	0.000000	0.000002	0.000000	0.012945
152	0.766738	0.117043	0.103606	0.000000	0.000004	0.000000	0.000002	0.000000	0.012607
153	0.767395	0.117082	0.103181	0.000000	0.000003	0.000000	0.000002	0.000000	0.012337
154	0.767379	0.117439	0.103282	0.000000	0.000001	0.000000	0.000000	0.000000	0.011899
155	0.768406	0.116999	0.102943	0.000000	0.000000	0.000000	0.000000	0.000000	0.011652
156	0.768219	0.117599	0.102899	0.000000	0.000001	0.000000	0.000000	0.000000	0.011282
157	0.768687	0.117342	0.102964	0.000000	0.000001	0.000000	0.000000	0.000000	0.011006
158	0.769551	0.117402	0.102335	0.000000	0.000000	0.000000	0.000000	0.000000	0.010712
159	0.770318	0.117213	0.101996	0.000000	0.000001	0.000000	0.000000	0.000000	0.010472
160	0.770255	0.117041	0.102504	0.000000	0.000000	0.000000	0.000000	0.000000	0.010200
161	0.770551	0.116859	0.102616	0.000000	0.000000	0.000000	0.000000	0.000000	0.009974
162	0.770929	0.116985	0.102353	0.000000	0.000000	0.000000	0.000000	0.000000	0.009733
163	0.771574	0.116797	0.102231	0.000000	0.000000	0.000000	0.000000	0.000000	0.009398
164	0.772217	0.116451	0.102159	0.000000	0.000000	0.000000	0.000000	0.000000	0.009173
165	0.772149	0.116951	0.101969	0.000000	0.000000	0.000000	0.000000	0.000000	0.008931
166	0.772122	0.117404	0.101837	0.000000	0.000000	0.000000	0.000000	0.000000	0.008637
167	0.772212	0.117382	0.101976	0.000000	0.000000	0.000000	0.000000	0.000000	0.008430
168	0.773330	0.117082	0.101291	0.000000	0.000000	0.000000	0.000000	0.000000	0.008297
169	0.773688	0.117101	0.101087	0.000000	0.000000	0.000000	0.000000	0.000000	0.008124
170	0.773948	0.117038	0.101146	0.000000	0.000000	0.000000	0.000000	0.000000	0.007868
171	0.773775	0.117247	0.101265	0.000000	0.000000	0.000000	0.000000	0.000000	0.007713
172	0.774282	0.117268	0.101007	0.000000	0.000000	0.000000	0.000000	0.000000	0.007443
173	0.774766	0.117650	0.100314	0.000000	0.000000	0.000000	0.000000	0.000000	0.007270
174	0.775174	0.117589	0.100191	0.000000	0.000000	0.000000	0.000000	0.000000	0.007046
175	0.775322	0.117753	0.100155	0.000000	0.000000	0.000000	0.000000	0.000000	0.006770
176	0.775553	0.117474	0.100313	0.000000	0.000000	0.000000	0.000000	0.000000	0.006660
177	0.775723	0.117702	0.100029	0.000000	0.000000	0.000000	0.000000	0.000000	0.006546
178	0.775337	0.118247	0.099972	0.000000	0.000000	0.000000	0.000000	0.000000	0.006444
179	0.776159	0.117569	0.099924	0.000000	0.000000	0.000000	0.000000	0.000000	0.006348
180	0.776671	0.117523	0.099549	0.000000	0.000000	0.000000	0.000000	0.000000	0.006257
181	0.776749	0.117739	0.099492	0.000000	0.000000	0.000000	0.000000	0.000000	0.006020
182	0.776800	0.117566	0.099796	0.000000	0.000000	0.000000	0.000000	0.000000	0.005838
183	0.777678	0.117618	0.099081	0.000000	0.000000	0.000000	0.000000	0.000000	0.005623
184	0.778252	0.117059	0.099105	0.000000	0.000000	0.000000	0.000000	0.000000	0.005584
185	0.778301	0.117296	0.098950	0.000000	0.000000	0.000000	0.000000	0.000000	0.005453
186	0.778211	0.117628	0.098863	0.000000	0.000000	0.000000	0.000000	0.000000	0.005298
187	0.778396	0.117350	0.099029	0.000000	0.000000	0.000000	0.000000	0.000000	0.005225
188	0.778534	0.117444	0.098991	0.000000	0.000000	0.000000	0.000000	0.000000	0.005031
189	0.778671	0.117594	0.098796	0.000000	0.000000	0.000000	0.000000	0.000000	0.004939
190	0.778464	0.117817	0.098908	0.000000	0.000000	0.000000	0.000000	0.000000	0.004811
191	0.778525	0.118067	0.098727	0.000000	0.000000	0.000000	0.000000	0.000000	0.004681
192	0.778570	0.118602	0.098287	0.000000	0.000000	0.000000	0.000000	0.000000	0.004541
193	0.778829	0.118612	0.098062	0.000000	0.000000	0.000000	0.000000	0.000000	0.004497
194	0.778879	0.118408	0.098343	0.000000	0.000000	0.000000	0.000000	0.000000	0.004370
195	0.779162	0.118418	0.098140	0.000000	0.000000	0.000000	0.000000	0.000000	0.004280
196	0.779228	0.118362	0.098219	0.000000	0.000000	0.000000	0.000000	0.000000	0.004191
197	0.779435	0.118443	0.098039	0.000000	0.000000	0.000000	0.000000	0.000000	0.004083
198	0.779490	0.118333	0.098176	0.000000	0.000000	0.000000	0.000000	0.000000	0.004001
199	0.779722	0.118139	0.098196	0.000000	0.000000	0.000000	0.000000	0.000000	0.003943
200	0.780210	0.117755	0.098113	0.000000	0.000000	0.000000	0.000000	0.000000	0.003922
201	0.781192	0.117120	0.097847	0.000000	0.000000	0.000000	0.000000	0.000000	0.003841
202	0.781418	0.117452	0.097491	0.000000	0.000000	0.000000	0.000000	0.000000	0.003639
203	0.781456	0.117512	0.097526	0.000000	0.000000	0.000000	0.000000	0.000000	0.003506
204	0.781465	0.117366	0.097756	0.000000	0.000000	0.000000	0.000000	0.000000	0.003413
205	0.781281	0.117293	0.098035	0.000000	0.000000	0.000000	0.000000	0.000000	0.003391
206	0.781584	0.117575	0.097536	0.000000	0.000000	0.000000	0.000000	0.000000	0.003305
207	0.781505	0.117592	0.097740	0.000000	0.000000	0.000000	0.000000	0.000000	0.003163
208	0.781818	0.117318	0.097700	0.000000	0.000000	0.000000	0.000000	0.000000	0.003164
209	0.781870	0.117189	0.097786	0.000000	0.000000	0.000000	0.000000	0.000000	0.003155
210	0.781820	0.117164	0.097936	0.000000	0.000000	0.000000	0.000000	0.000000	0.003080
211	0.781807	0.117473	0.097653	0.000000	0.000000	0.000000	0.000000	0.000000	0.003067
212	0.782009	0.117532	0.097445	0.000000	0.000000	0.000000	0.000000	0.000000	0.003014
213	0.782305	0.117399	0.097336	0.000000	0.000000	0.000000	0.000000	0.000000	0.002960
214	0.782844	0.117190	0.096989	0.000000	0.000000	0.000000	0.000000	0.000000	0.002977
215	0.782656	0.117655	0.096850	0.000000	0.000000	0.000000	0.000000	0.000000	0.002839
216	0.783161	0.117276	0.096731	0.000000	0.000000	0.000000	0.000000	0.000000	0.002832
217	0.783400	0.117296	0.096538	0.000000	0.000000	0.000000	0.000000	0.000000	0.002766
218	0.783305	0.117979	0.095963	0.000000	0.000000	0.000000	0.000000	0.000000	0.002753
219	0.783854	0.117586	0.095831	0.000000	0.000000	0.000000	0.000000	0.000000	0.002729
220	0.784201	0.117535	0.095545	0.000000	0.000000	0.000000	0.000000	0.000000	0.002719
221	0.784367	0.117400	0.095545	0.000000	0.000000	0.000000	0.000000	0.000000	0.002688
222	0.783655	0.118093	0.095557	0.000000	0.000000	0.000000	0.000000	0.000000	0.002695
223	0.783683	0.117994	0.095604	0.000000	0.000000	0.000000	0.000000	0.000000	0.002719
224	0.783808	0.118166	0.095363	0.000000	0.000000	0.000000	0.000000	0.000000	0.002663
225	0.783901	0.118316	0.095142	0.000000	0.000000	0.000000	0.000000	0.000000	0.002641
226	0.784264	0.117898	0.095234	0.000000	0.000000	0.000000	0.000000	0.000000	0.002604
227	0.784740	0.117600	0.095070	0.000000	0.000000	0.000000	0.000000	0.000000	0.002590
228	0.784643	0.117594	0.095247	0.000000	0.000000	0.000000	0.000000	0.000000	0.002516
229	0.784591	0.117365	0.095518	0.000000	0.000000	0.000000	0.000000	0.000000	0.002526
230	0.784736	0.117305	0.095395	0.000000	0.000000	0.000000	0.000000	0.000000	0.002564
231	0.784953	0.117515	0.094947	0.000000	0.000000	0.000000	0.000000	0.000000	0.002585
232	0.784896	0.117371	0.095121	0.000000	0.000000	0.000000	0.000000	0.000000	0.002612
233	0.785390	0.116847	0.095176	0.000000	0.000000	0.000000	0.000000	0.000000	0.002587
234	0.785080	0.117167	0.095137	0.000000	0.000000	0.000000	0.000000	0.000000	0.002616
235	0.785521	0.116967	0.094980	0.000000	0.000000	0.000000	0.000000	0.000000	0.002532
236	0.785489	0.116872	0.095137	0.000000	0.000000	0.000000	0.000000	0.000000	0.002502
237	0.785268	0.116764	0.095435	0.000000	0.000000	0.000000	0.000000	0.000000	0.002533
238	0.785697	0.116668	0.095183	0.000000	0.000000	0.000000	0.000000	0.000000	0.002452
239	0.785846	0.116771	0.094907	0.000000	0.000000	0.000000	0.000000	0.000000	0.002476
240	0.786345	0.116788	0.094412	0.000000	0.000000	0.000000	0.000000	0.000000	0.002455
241	0.786474	0.116951	0.094162	0.000000	0.000000	0.000000	0.000000	0.000000	0.002413
242	0.786791	0.116771	0.094002	0.000000	0.000000	0.000000	0.000000	0.000000	0.002436
243	0.786456	0.117022	0.094122	0.000000	0.000000	0.000000	0.000000	0.000000	0.002400
244	0.786203	0.117455	0.093970	0.000000	0.000000	0.000000	0.000000	0.000000	0.002372
245	0.786683	0.117447	0.093528	0.000000	0.000000	0.000000	0.000000	0.000000	0.002342
246	0.786721	0.117529	0.093477	0.000000	0.000000	0.000000	0.000000	0.000000	0.002273
247	0.786798	0.117599	0.093313	0.000000	0.000000	0.000000	0.000000	0.000000	0.002290
248	0.786799	0.117659	0.093252	0.000000	0.000000	0.000000	0.000000	0.000000	0.002290
249	0.786599	0.118095	0.093043	0.000000	0.000000	0.000000	0.000000	0.000000	0.002263
250	0.786656	0.118077	0.093004	0.000000	0.000000	0.000000	0.000000	0.000000	0.002263
251	0.786075	0.118566	0.093113	0.000000	0.000000	0.000000	0.000000	0.000000	0.002246
252	0.786479	0.118163	0.093116	0.000000	0.000000	0.000000	0.000000	0.000000	0.002242
253	0.786282	0.118030	0.093446	0.000000	0.000000	0.000000	0.000000	0.000000	0.002242
254	0.786608	0.117837	0.093368	0.000000	0.000000	0.000000	0.000000	0.000000	0.002187
255	0.786387	0.117933	0.093519	0.000000	0.000000	0.000000	0.000000	0.000000	0.002161
256	0.786021	0.117995	0.093795	0.000000	0.000000	0.000000	0.000000	0.000000	0.002189
257	0.786431	0.117982	0.093374	0.000000	0.000000	0.000000	0.000000	0.000000	0.002213
258	0.786267	0.118142	0.093403	0.000000	0.000000	0.000000	0.000000	0.000000	0.002188
259	0.786745	0.118327	0.092819	0.000000	0.000000	0.000000	0.000000	0.000000	0.002109
260	0.786211	0.118673	0.093084	0.000000	0.000000	0.000000	0.000000	0.000000	0.002032
261	0.786267	0.118685	0.093088	0.000000	0.000000	0.000000	0.000000	0.000000	0.001960
262	0.786173	0.118984	0.092870	0.000000	0.000000	0.000000	0.000000	0.000000	0.001973
263	0.785738	0.119207	0.093133	0.000000	0.000000	0.000000	0.000000	0.000000	0.001922
264	0.785262	0.119841	0.093033	0.000000	0.000000	0.000000	0.000000	0.000000	0.001864
265	0.785652	0.119472	0.092991	0.000000	0.000000	0.000000	0.000000	0.000000	0.001885
266	0.786347	0.118958	0.092849	0.000000	0.000000	0.000000	0.000000	0.000000	0.001846
267	0.785932	0.118902	0.093297	0.000000	0.000000	0.000000	0.000000	0.000000	0.001869
268	0.785877	0.119056	0.093260	0.000000	0.000000	0.000000	0.000000	0.000000	0.001807
269	0.785619	0.119396	0.093196	0.000000	0.000000	0.000000	0.000000	0.000000	0.001789
270	0.786115	0.118882	0.093205	0.000000	0.000000	0.000000	0.000000	0.000000	0.001798
271	0.785414	0.119575	0.093244	0.000000	0.000000	0.000000	0.000000	0.000000	0.001767
272	0.785334	0.119391	0.093522	0.000000	0.000000	0.000000	0.000000	0.000000	0.001753
273	0.785974	0.119125	0.093146	0.000000	0.000000	0.000000	0.000000	0.000000	0.001755
274	0.786114	0.119085	0.093102	0.000000	0.000000	0.000000	0.000000	0.000000	0.001699
275	0.785742	0.119289	0.093218	0.000000	0.000000	0.000000	0.000000	0.000000	0.001751
276	0.785314	0.119145	0.093853	0.000000	0.000000	0.000000	0.000000	0.000000	0.001688
277	0.785404	0.119351	0.093580	0.000000	0.000000	0.000000	0.000000	0.000000	0.001665
278	0.785281	0.119243	0.093840	0.000000	0.000000	0.000000	0.000000	0.000000	0.001636
279	0.785009	0.119312	0.094010	0.000000	0.000000	0.000000	0.000000	0.000000	0.001669
280	0.785109	0.119349	0.093834	0.000000	0.000000	0.000000	0.000000	0.000000	0.001708
281	0.785033	0.119413	0.093901	0.000000	0.000000	0.000000	0.000000	0.000000	0.001653
282	0.785500	0.118965	0.093886	0.000000	0.000000	0.000000	0.000000	0.000000	0.001649
283	0.785460	0.119153	0.093705	0.000000	0.000000	0.000000	0.000000	0.000000	0.001682
284	0.785492	0.119132	0.093754	0.000000	0.000000	0.000000	0.000000	0.000000	0.001622
285	0.785974	0.118547	0.093864	0.000000	0.000000	0.000000	0.000000	0.000000	0.001615
286	0.785550	0.118915	0.093925	0.000000	0.000000	0.000000	0.000000	0.000000	0.001610
287	0.785734	0.118923	0.093756	0.000000	0.000000	0.000000	0.000000	0.000000	0.001587
288	0.785068	0.119357	0.094003	0.000000	0.000000	0.000000	0.000000	0.000000	0.001572
289	0.785306	0.119166	0.093996	0.000000	0.000000	0.000000	0.000000	0.000000	0.001532
290	0.785215	0.118985	0.094316	0.000000	0.000000	0.000000	0.000000	0.000000	0.001484
291	0.784995	0.119294	0.094271	0.000000	0.000000	0.000000	0.000000	0.000000	0.001440
292	0.784442	0.119838	0.094270	0.000000	0.000000	0.000000	0.000000	0.000000	0.001450
293	0.784268	0.119804	0.094509	0.000000	0.000000	0.000000	0.000000	0.000000	0.001419
294	0.783958	0.119823	0.094807	0.000000	0.000000	0.000000	0.000000	0.000000	0.001412
295	0.784653	0.119602	0.094399	0.000000	0.000000	0.000000	0.000000	0.000000	0.001346
296	0.784291	0.119569	0.094823	0.000000	0.000000	0.000000	0.000000	0.000000	0.001317
297	0.784471	0.119503	0.094704	0.000000	0.000000	0.000000	0.000000	0.000000	0.001322
298	0.784211	0.119931	0.094545	0.000000	0.000000	0.000000	0.000000	0.000000	0.001313
299	0.784121	0.119950	0.094655	0.000000	0.000000	0.000000	0.000000	0.000000	0.001274
300	0.784678	0.119693	0.094423	0.000000	0.000000	0.000000	0.000000	0.000000	0.001206
301	0.784518	0.119802	0.094474	0.000000	0.000000	0.000000	0.000000	0.000000	0.001206
302	0.784532	0.119870	0.094380	0.000000	0.000000	0.000000	0.000000	0.000000	0.001218
303	0.784693	0.120029	0.094093	0.000000	0.000000	0.000000	0.000000	0.000000	0.001185
304	0.784647	0.120228	0.093932	0.000000	0.000000	0.000000	0.000000	0.000000	0.001193
305	0.784556	0.120149	0.094160	0.000000	0.000000	0.000000	0.000000	0.000000	0.001135
306	0.784723	0.120121	0.094043	0.000000	0.000000	0.000000	0.000000	0.000000	0.001113
307	0.784831	0.120320	0.093763	0.000000	0.000000	0.000000	0.000000	0.000000	0.001086
308	0.784795	0.120167	0.093978	0.000000	0.000000	0.000000	0.000000	0.000000	0.001060
309	0.784618	0.120178	0.094125	0.000000	0.000000	0.000000	0.000000	0.000000	0.001079
310	0.784821	0.120136	0.094016	0.000000	0.000000	0.000000	0.000000	0.000000	0.001027
311	0.784600	0.120553	0.093815	0.000000	0.000000	0.000000	0.000000	0.000000	0.001032
312	0.784409	0.120456	0.094080	0.000000	0.000000	0.000000	0.000000	0.000000	0.001055
313	0.784259	0.120885	0.093830	0.000000	0.000000	0.000000	0.000000	0.000000	0.001026
314	0.783989	0.121149	0.093842	0.000000	0.000000	0.000000	0.000000	0.000000	0.001020
315	0.784079	0.121313	0.093599	0.000000	0.000000	0.000000	0.000000	0.000000	0.001009
316	0.784292	0.121219	0.093531	0.000000	0.000000	0.000000	0.000000	0.000000	0.000958
317	0.783882	0.121585	0.093591	0.000000	0.000000	0.000000	0.000000	0.000000	0.000942
318	0.784109	0.121392	0.093591	0.000000	0.000000	0.000000	0.000000	0.000000	0.000908
319	0.783796	0.121727	0.093579	0.000000	0.000000	0.000000	0.000000	0.000000	0.000898
320	0.783942	0.121797	0.093336	0.000000	0.000000	0.000000	0.000000	0.000000	0.000925
321	0.783648	0.121836	0.093585	0.000000	0.000000	0.000000	0.000000	0.000000	0.000931
322	0.783439	0.122082	0.093571	0.000000	0.000000	0.000000	0.000000	0.000000	0.000908
323	0.783208	0.122489	0.093410	0.000000	0.000000	0.000000	0.000000	0.000000	0.000893
324	0.783052	0.122144	0.093945	0.000000	0.000000	0.000000	0.000000	0.000000	0.000859
325	0.782947	0.122440	0.093731	0.000000	0.000000	0.000000	0.000000	0.000000	0.000882
326	0.783633	0.122329	0.093206	0.000000	0.000000	0.000000	0.000000	0.000000	0.000832
327	0.783363	0.122663	0.093136	0.000000	0.000000	0.000000	0.000000	0.000000	0.000838
328	0.782983	0.122339	0.093835	0.000000	0.000000	0.000000	0.000000	0.000000	0.000843
329	0.783151	0.122123	0.093879	0.000000	0.000000	0.000000	0.000000	0.000000	0.000847
330	0.782957	0.122226	0.093989	0.000000	0.000000	0.000000	0.000000	0.000000	0.000828
331	0.782745	0.122487	0.093947	0.000000	0.000000	0.000000	0.000000	0.000000	0.000821
332	0.782840	0.122477	0.093864	0.000000	0.000000	0.000000	0.000000	0.000000	0.000819
333	0.782910	0.122652	0.093656	0.000000	0.000000	0.000000	0.000000	0.000000	0.000782
334	0.782774	0.122934	0.093540	0.000000	0.000000	0.000000	0.000000	0.000000	0.000752
335	0.783029	0.122897	0.093295	0.000000	0.000000	0.000000	0.000000	0.000000	0.000779
336	0.783083	0.122382	0.093738	0.000000	0.000000	0.000000	0.000000	0.000000	0.000797
337	0.782713	0.122814	0.093701	0.000000	0.000000	0.000000	0.000000	0.000000	0.000772
338	0.782799	0.122757	0.093702	0.000000	0.000000	0.000000	0.000000	0.000000	0.000742
339	0.782664	0.123016	0.093590	0.000000	0.000000	0.000000	0.000000	0.000000	0.000730
340	0.782889	0.123227	0.093176	0.000000	0.000000	0.000000	0.000000	0.000000	0.000708
341	0.782768	0.123360	0.093141	0.000000	0.000000	0.000000	0.000000	0.000000	0.000731
342	0.783260	0.123113	0.092892	0.000000	0.000000	0.000000	0.000000	0.000000	0.000735
343	0.783243	0.123102	0.092906	0.000000	0.000000	0.000000	0.000000	0.000000	0.000749
344	0.783118	0.123283	0.092867	0.000000	0.000000	0.000000	0.000000	0.000000	0.000732
345	0.783112	0.123375	0.092783	0.000000	0.000000	0.000000	0.000000	0.000000	0.000730
346	0.783261	0.123219	0.092833	0.000000	0.000000	0.000000	0.000000	0.000000	0.000687
347	0.783046	0.123283	0.093008	0.000000	0.000000	0.000000	0.000000	0.000000	0.000663
348	0.782388	0.123829	0.093109	0.000000	0.000000	0.000000	0.000000	0.000000	0.000674
349	0.782614	0.123699	0.093038	0.000000	0.000000	0.000000	0.000000	0.000000	0.000649
350	0.782550	0.123911	0.092911	0.000000	0.000000	0.000000	0.000000	0.000000	0.000628
351	0.782677	0.123766	0.092943	0.000000	0.000000	0.000000	0.000000	0.000000	0.000614
352	0.783251	0.123494	0.092619	0.000000	0.000000	0.000000	0.000000	0.000000	0.000636
353	0.782782	0.123790	0.092765	0.000000	0.000000	0.000000	0.000000	0.000000	0.000663
354	0.782693	0.123762	0.092897	0.000000	0.000000	0.000000	0.000000	0.000000	0.000648
355	0.782803	0.123494	0.093047	0.000000	0.000000	0.000000	0.000000	0.000000	0.000656
356	0.782796	0.123521	0.093043	0.000000	0.000000	0.000000	0.000000	0.000000	0.000640
357	0.783115	0.123407	0.092869	0.000000	0.000000	0.000000	0.000000	0.000000	0.000609
358	0.782842	0.123485	0.093007	0.000000	0.000000	0.000000	0.000000	0.000000	0.000666
359	0.782896	0.123758	0.092685	0.000000	0.000000	0.000000	0.000000	0.000000	0.000661
360	0.782431	0.123973	0.092962	0.000000	0.000000	0.000000	0.000000	0.000000	0.000634
361	0.782319	0.124184	0.092867	0.000000	0.000000	0.000000	0.000000	0.000000	0.000630
362	0.782450	0.124188	0.092736	0.000000	0.000000	0.000000	0.000000	0.000000	0.000626
363	0.782487	0.124289	0.092602	0.000000	0.000000	0.000000	0.000000	0.000000	0.000622
364	0.782750	0.124131	0.092468	0.000000	0.000000	0.000000	0.000000	0.000000	0.000651
365	0.782800	0.123926	0.092645	0.000000	0.000000	0.000000	0.000000	0.000000	0.000629
366	0.782729	0.123916	0.092748	0.000000	0.000000	0.000000	0.000000	0.000000	0.000607
367	0.782348	0.124471	0.092569	0.000000	0.000000	0.000000	0.000000	0.000000	0.000612
368	0.781924	0.124940	0.092535	0.000000	0.000000	0.000000	0.000000	0.000000	0.000601
369	0.782657	0.124530	0.092227	0.000000	0.000000	0.000000	0.000000	0.000000	0.000586
370	0.782590	0.124586	0.092231	0.000000	0.000000	0.000000	0.000000	0.000000	0.000593
371	0.783286	0.124607	0.091513	0.000000	0.000000	0.000000	0.000000	0.000000	0.000594
372	0.782986	0.124468	0.091966	0.000000	0.000000	0.000000	0.000000	0.000000	0.000580
373	0.783052	0.124401	0.091969	0.000000	0.000000	0.000000	0.000000	0.000000	0.000578
374	0.782578	0.124546	0.092319	0.000000	0.000000	0.000000	0.000000	0.000000	0.000557
375	0.783343	0.124053	0.092079	0.000000	0.000000	0.000000	0.000000	0.000000	0.000525
376	0.783274	0.124174	0.092016	0.000000	0.000000	0.000000	0.000000	0.000000	0.000536
377	0.783356	0.123900	0.092206	0.000000	0.000000	0.000000	0.000000	0.000000	0.000538
378	0.782950	0.124044	0.092480	0.000000	0.000000	0.000000	0.000000	0.000000	0.000526
379	0.782594	0.124282	0.092599	0.000000	0.000000	0.000000	0.000000	0.000000	0.000525
380	0.782425	0.124522	0.092514	0.000000	0.000000	0.000000	0.000000	0.000000	0.000539
381	0.782117	0.124674	0.092680	0.000000	0.000000	0.000000	0.000000	0.000000	0.000529
382	0.781927	0.124772	0.092761	0.000000	0.000000	0.000000	0.000000	0.000000	0.000540
383	0.781943	0.124718	0.092814	0.000000	0.000000	0.000000	0.000000	0.000000	0.000525
384	0.782039	0.124656	0.092756	0.000000	0.000000	0.000000	0.000000	0.000000	0.000549
385	0.781753	0.124893	0.092824	0.000000	0.000000	0.000000	0.000000	0.000000	0.000530
386	0.781792	0.124861	0.092824	0.000000	0.000000	0.000000	0.000000	0.000000	0.000523
387	0.781498	0.124925	0.093065	0.000000	0.000000	0.000000	0.000000	0.000000	0.000512
388	0.781614	0.124847	0.093018	0.000000	0.000000	0.000000	0.000000	0.000000	0.000521
389	0.781751	0.124798	0.092943	0.000000	0.000000	0.000000	0.000000	0.000000	0.000508
390	0.781604	0.124882	0.093016	0.000000	0.000000	0.000000	0.000000	0.000000	0.000498
391	0.781654	0.124904	0.092929	0.000000	0.000000	0.000000	0.000000	0.000000	0.000513
392	0.782297	0.124580	0.092613	0.000000	0.000000	0.000000	0.000000	0.000000	0.000510
393	0.781720	0.125012	0.092756	0.000000	0.000000	0.000000	0.000000	0.000000	0.000512
394	0.781128	0.125268	0.093094	0.000000	0.000000	0.000000	0.000000	0.000000	0.000510
395	0.781318	0.125406	0.092776	0.000000	0.000000	0.000000	0.000000	0.000000	0.000500
396	0.781268	0.125410	0.092803	0.000000	0.000000	0.000000	0.000000	0.000000	0.000519
397	0.781510	0.125346	0.092657	0.000000	0.000000	0.000000	0.000000	0.000000	0.000487
398	0.781292	0.125274	0.092939	0.000000	0.000000	0.000000	0.000000	0.000000	0.000495
399	0.781203	0.125214	0.093128	0.000000	0.000000	0.000000	0.000000	0.000000	0.000455
400	0.781329	0.125375	0.092821	0.000000	0.000000	0.000000	0.000000	0.000000	0.000475
401	0.781477	0.125571	0.092485	0.000000	0.000000	0.000000	0.000000	0.000000	0.000467
402	0.781176	0.125869	0.092452	0.000000	0.000000	0.000000	0.000000	0.000000	0.000503
403	0.781209	0.125676	0.092644	0.000000	0.000000	0.000000	0.000000	0.000000	0.000471
404	0.781297	0.125656	0.092576	0.000000	0.000000	0.000000	0.000000	0.000000	0.000471
405	0.781615	0.125398	0.092507	0.000000	0.000000	0.000000	0.000000	0.000000	0.000480
406	0.781356	0.125262	0.092902	0.000000	0.000000	0.000000	0.000000	0.000000	0.000480
407	0.781729	0.125120	0.092669	0.000000	0.000000	0.000000	0.000000	0.000000	0.000482
408	0.781436	0.125285	0.092807	0.000000	0.000000	0.000000	0.000000	0.000000	0.000472
409	0.781155	0.125593	0.092763	0.000000	0.000000	0.000000	0.000000	0.000000	0.000489
410	0.781258	0.125481	0.092769	0.000000	0.000000	0.000000	0.000000	0.000000	0.000492
411	0.781301	0.125400	0.092814	0.000000	0.000000	0.000000	0.000000	0.000000	0.000485
412	0.780789	0.125630	0.093102	0.000000	0.000000	0.000000	0.000000	0.000000	0.000479
413	0.780673	0.125704	0.093130	0.000000	0.000000	0.000000	0.000000	0.000000	0.000493
414	0.780526	0.125657	0.093345	0.000000	0.000000	0.000000	0.000000	0.000000	0.000472
415	0.780519	0.125629	0.093382	0.000000	0.000000	0.000000	0.000000	0.000000	0.000470
416	0.780585	0.125458	0.093516	0.000000	0.000000	0.000000	0.000000	0.000000	0.000441
417	0.779959	0.125651	0.093937	0.000000	0.000000	0.000000	0.000000	0.000000	0.000453
418	0.780381	0.125480	0.093698	0.000000	0.000000	0.000000	0.000000	0.000000	0.000441
419	0.780278	0.125798	0.093504	0.000000	0.000000	0.000000	0.000000	0.000000	0.000420
420	0.779877	0.125658	0.094046	0.000000	0.000000	0.000000	0.000000	0.000000	0.000419
421	0.780013	0.125569	0.094007	0.000000	0.000000	0.000000	0.000000	0.000000	0.000411
422	0.779738	0.125830	0.094005	0.000000	0.000000	0.000000	0.000000	0.000000	0.000427
423	0.779909	0.126004	0.093690	0.000000	0.000000	0.000000	0.000000	0.000000	0.000397
424	0.780314	0.125766	0.093514	0.000000	0.000000	0.000000	0.000000	0.000000	0.000406
425	0.780335	0.125383	0.093875	0.000000	0.000000	0.000000	0.000000	0.000000	0.000407
426	0.780222	0.125696	0.093655	0.000000	0.000000	0.000000	0.000000	0.000000	0.000427
427	0.780796	0.125310	0.093464	0.000000	0.000000	0.000000	0.000000	0.000000	0.000430
428	0.780282	0.125385	0.093908	0.000000	0.000000	0.000000	0.000000	0.000000	0.000425
429	0.780651	0.125152	0.093782	0.000000	0.000000	0.000000	0.000000	0.000000	0.000415
430	0.780503	0.125276	0.093813	0.000000	0.000000	0.000000	0.000000	0.000000	0.000408
431	0.781442	0.125123	0.093052	0.000000	0.000000	0.000000	0.000000	0.000000	0.000383
432	0.780815	0.125544	0.093265	0.000000	0.000000	0.000000	0.000000	0.000000	0.000376
433	0.780870	0.125778	0.092981	0.000000	0.000000	0.000000	0.000000	0.000000	0.000371
434	0.780839	0.125614	0.093190	0.000000	0.000000	0.000000	0.000000	0.000000	0.000357
435	0.780744	0.125491	0.093413	0.000000	0.000000	0.000000	0.000000	0.000000	0.000352
436	0.780801	0.125729	0.093120	0.000000	0.000000	0.000000	0.000000	0.000000	0.000350
437	0.780423	0.125968	0.093288	0.000000	0.000000	0.000000	0.000000	0.000000	0.000321
438	0.780487	0.126208	0.092989	0.000000	0.000000	0.000000	0.000000	0.000000	0.000316
439	0.780042	0.126209	0.093458	0.000000	0.000000	0.000000	0.000000	0.000000	0.000291
440	0.779805	0.126444	0.093461	0.000000	0.000000	0.000000	0.000000	0.000000	0.000290
441	0.780344	0.126317	0.093058	0.000000	0.000000	0.000000	0.000000	0.000000	0.000281
442	0.780663	0.126292	0.092755	0.000000	0.000000	0.000000	0.000000	0.000000	0.000290
443	0.780587	0.126157	0.092982	0.000000	0.000000	0.000000	0.000000	0.000000	0.000274
444	0.780715	0.126081	0.092922	0.000000	0.000000	0.000000	0.000000	0.000000	0.000282
445	0.780938	0.125819	0.092992	0.000000	0.000000	0.000000	0.000000	0.000000	0.000251
446	0.780717	0.126036	0.093026	0.000000	0.000000	0.000000	0.000000	0.000000	0.000221
447	0.780901	0.126249	0.092636	0.000000	0.000000	0.000000	0.000000	0.000000	0.000214
448	0.781066	0.126287	0.092438	0.000000	0.000000	0.000000	0.000000	0.000000	0.000209
449	0.781170	0.125913	0.092697	0.000000	0.000000	0.000000	0.000000	0.000000	0.000220
450	0.780770	0.126091	0.092903	0.000000	0.000000	0.000000	0.000000	0.000000	0.000236
451	0.780937	0.125740	0.093112	0.000000	0.000000	0.000000	0.000000	0.000000	0.000211
452	0.780997	0.125986	0.092808	0.000000	0.000000	0.000000	0.000000	0.000000	0.000209
453	0.780137	0.126148	0.093520	0.000000	0.000000	0.000000	0.000000	0.000000	0.000195
454	0.779677	0.126471	0.093660	0.000000	0.000000	0.000000	0.000000	0.000000	0.000192
455	0.779275	0.126529	0.093996	0.000000	0.000000	0.000000	0.000000	0.000000	0.000200
456	0.779528	0.126706	0.093588	0.000000	0.000000	0.000000	0.000000	0.000000	0.000178
457	0.779243	0.126673	0.093904	0.000000	0.000000	0.000000	0.000000	0.000000	0.000180
458	0.778950	0.126878	0.093998	0.000000	0.000000	0.000000	0.000000	0.000000	0.000174
459	0.779298	0.126981	0.093548	0.000000	0.000000	0.000000	0.000000	0.000000	0.000173
460	0.779570	0.126711	0.093544	0.000000	0.000000	0.000000	0.000000	0.000000	0.000175
461	0.779314	0.126958	0.093542	0.000000	0.000000	0.000000	0.000000	0.000000	0.000186
462	0.779492	0.126507	0.093802	0.000000	0.000000	0.000000	0.000000	0.000000	0.000199
463	0.779340	0.126699	0.093775	0.000000	0.000000	0.000000	0.000000	0.000000	0.000186
464	0.779321	0.126708	0.093778	0.000000	0.000000	0.000000	0.000000	0.000000	0.000193
465	0.779228	0.126675	0.093918	0.000000	0.000000	0.000000	0.000000	0.000000	0.000179
466	0.778825	0.126964	0.094030	0.000000	0.000000	0.000000	0.000000	0.000000	0.000181
467	0.778812	0.126937	0.094054	0.000000	0.000000	0.000000	0.000000	0.000000	0.000197
468	0.778659	0.127020	0.094132	0.000000	0.000000	0.000000	0.000000	0.000000	0.000189
469	0.778731	0.126843	0.094240	0.000000	0.000000	0.000000	0.000000	0.000000	0.000186
470	0.779057	0.126544	0.094224	0.000000	0.000000	0.000000	0.000000	0.000000	0.000175
