0	0.290663	0.057897	0.229473	0.157588	0.029913	0.111872	0.085455	0.012259	0.024880
1	0.254958	0.052512	0.216900	0.125943	0.025971	0.108865	0.109177	0.021436	0.084238
2	0.275439	0.055785	0.231891	0.109986	0.023900	0.095761	0.100900	0.019936	0.086402
3	0.300277	0.059297	0.247105	0.095007	0.022228	0.083067	0.090790	0.017854	0.084375
4	0.325604	0.063139	0.260704	0.082029	0.020623	0.070566	0.080988	0.015578	0.080769
5	0.349894	0.066520	0.272193	0.070479	0.019193	0.059804	0.071085	0.013566	0.077266
6	0.373609	0.069357	0.282018	0.059569	0.017882	0.050714	0.061885	0.011773	0.073193
7	0.395340	0.072098	0.289547	0.050523	0.016446	0.042368	0.053735	0.010151	0.069792
8	0.415083	0.074483	0.296228	0.042518	0.015282	0.035326	0.046583	0.008553	0.065944
9	0.433278	0.075973	0.301911	0.035468	0.014370	0.029511	0.040159	0.007427	0.061903
10	0.449829	0.078126	0.305750	0.029695	0.013311	0.024530	0.034476	0.006481	0.057802
11	0.464365	0.079333	0.309065	0.024937	0.012313	0.020374	0.029952	0.005362	0.054299
12	0.476897	0.080241	0.312055	0.020917	0.011507	0.017231	0.025648	0.004682	0.050822
13	0.488432	0.081446	0.314416	0.017384	0.010676	0.014093	0.022172	0.004005	0.047376
14	0.498582	0.082351	0.316043	0.014534	0.009914	0.011763	0.019015	0.003366	0.044432
15	0.507760	0.083193	0.316936	0.012187	0.009258	0.009875	0.016322	0.003014	0.041455
16	0.515495	0.083714	0.318142	0.009991	0.008641	0.008247	0.014215	0.002657	0.038898
17	0.522464	0.084189	0.318890	0.008579	0.008013	0.006924	0.012338	0.002323	0.036280
18	0.529011	0.084633	0.319224	0.007121	0.007523	0.005786	0.010707	0.002051	0.033944
19	0.535014	0.085266	0.318853	0.006200	0.007067	0.004847	0.009122	0.001735	0.031896
20	0.540053	0.085624	0.318906	0.005208	0.006672	0.004061	0.008034	0.001456	0.029986
21	0.545018	0.085960	0.318734	0.004436	0.006088	0.003425	0.006933	0.001220	0.028186
22	0.548760	0.085953	0.319083	0.003822	0.005725	0.002956	0.005884	0.001082	0.026735
23	0.552356	0.086214	0.319019	0.003274	0.005355	0.002463	0.005089	0.000997	0.025233
24	0.555812	0.086287	0.318844	0.002781	0.005002	0.002112	0.004457	0.000858	0.023847
25	0.559671	0.086053	0.318192	0.002439	0.004748	0.001717	0.003796	0.000768	0.022616
26	0.561986	0.086288	0.318146	0.002055	0.004498	0.001480	0.003406	0.000661	0.021480
27	0.564658	0.086355	0.318023	0.001805	0.004216	0.001234	0.002883	0.000614	0.020212
28	0.567201	0.086151	0.317985	0.001635	0.003909	0.001104	0.002467	0.000543	0.019005
29	0.569157	0.086372	0.317680	0.001465	0.003700	0.000913	0.002212	0.000499	0.018002
30	0.571979	0.086039	0.317209	0.001202	0.003389	0.000780	0.001968	0.000431	0.017003
31	0.573142	0.086691	0.316995	0.001033	0.003137	0.000675	0.001762	0.000374	0.016191
32	0.574186	0.087190	0.316859	0.000951	0.002910	0.000579	0.001550	0.000311	0.015464
33	0.576020	0.087018	0.316408	0.000823	0.002887	0.000514	0.001391	0.000286	0.014653
34	0.577397	0.086970	0.316392	0.000757	0.002670	0.000476	0.001205	0.000258	0.013875
35	0.578571	0.087018	0.316393	0.000672	0.002598	0.000394	0.001078	0.000211	0.013065
36	0.579110	0.087422	0.316373	0.000602	0.002460	0.000360	0.000976	0.000171	0.012526
37	0.580006	0.087433	0.316218	0.000555	0.002306	0.000343	0.000868	0.000142	0.012129
38	0.580472	0.087648	0.316410	0.000452	0.002259	0.000305	0.000777	0.000136	0.011541
39	0.580584	0.088075	0.316568	0.000432	0.002060	0.000266	0.000750	0.000140	0.011125
40	0.580889	0.088477	0.316884	0.000392	0.001928	0.000239	0.000625	0.000134	0.010432
41	0.581379	0.088540	0.316909	0.000349	0.001890	0.000207	0.000562	0.000108	0.010056
42	0.582357	0.088062	0.316768	0.000327	0.001873	0.000180	0.000540	0.000105	0.009788
43	0.583196	0.088007	0.316649	0.000311	0.001681	0.000164	0.000497	0.000090	0.009405
44	0.583529	0.088110	0.316757	0.000282	0.001673	0.000117	0.000456	0.000092	0.008984
45	0.583813	0.087926	0.316989	0.000272	0.001653	0.000131	0.000423	0.000073	0.008720
46	0.584512	0.087942	0.316876	0.000220	0.001567	0.000114	0.000362	0.000058	0.008349
47	0.584735	0.087934	0.317096	0.000193	0.001564	0.000096	0.000332	0.000060	0.007990
48	0.585181	0.087915	0.317070	0.000182	0.001530	0.000077	0.000299	0.000054	0.007692
49	0.585746	0.087929	0.316982	0.000168	0.001487	0.000077	0.000274	0.000037	0.007300
50	0.586544	0.087825	0.316661	0.000138	0.001449	0.000061	0.000256	0.000031	0.007035
51	0.586966	0.087229	0.317115	0.000147	0.001408	0.000047	0.000227	0.000024	0.006837
52	0.586474	0.087777	0.317621	0.000116	0.001340	0.000040	0.000174	0.000024	0.006434
53	0.586775	0.088135	0.317230	0.000097	0.001316	0.000037	0.000159	0.000018	0.006233
54	0.587112	0.088024	0.317324	0.000082	0.001366	0.000036	0.000123	0.000010	0.005923
55	0.587178	0.088049	0.317684	0.000089	0.001195	0.000034	0.000115	0.000006	0.005650
56	0.587347	0.088335	0.317380	0.000070	0.001202	0.000027	0.000116	0.000008	0.005515
57	0.587431	0.088416	0.317299	0.000062	0.001201	0.000035	0.000114	0.000005	0.005437
58	0.587633	0.088109	0.317645	0.000057	0.001185	0.000028	0.000097	0.000003	0.005243
59	0.588156	0.087632	0.317785	0.000060	0.001165	0.000023	0.000100	0.000004	0.005075
60	0.588020	0.087502	0.318343	0.000060	0.001118	0.000027	0.000089	0.000002	0.004839
61	0.588210	0.087426	0.318383	0.000054	0.001090	0.000025	0.000082	0.000003	0.004727
62	0.587977	0.087677	0.318559	0.000049	0.001070	0.000020	0.000068	0.000006	0.004574
63	0.588691	0.087818	0.317802	0.000041	0.001041	0.000015	0.000064	0.000003	0.004525
64	0.589219	0.087459	0.317750	0.000047	0.001021	0.000016	0.000065	0.000002	0.004421
65	0.589104	0.087469	0.318047	0.000043	0.000997	0.000018	0.000063	0.000004	0.004255
66	0.588978	0.087149	0.318690	0.000042	0.001022	0.000013	0.000070	0.000000	0.004036
67	0.588946	0.087205	0.318804	0.000036	0.000998	0.000014	0.000069	0.000001	0.003927
68	0.588810	0.087518	0.318691	0.000028	0.000963	0.000011	0.000057	0.000001	0.003921
69	0.588496	0.087471	0.319185	0.000029	0.000898	0.000012	0.000064	0.000000	0.003845
70	0.588561	0.087587	0.319186	0.000035	0.000867	0.000007	0.000050	0.000001	0.003706
71	0.588828	0.087568	0.319123	0.000028	0.000840	0.000006	0.000055	0.000001	0.003551
72	0.588695	0.087988	0.319022	0.000025	0.000826	0.000007	0.000047	0.000001	0.003389
73	0.588757	0.088526	0.318518	0.000030	0.000805	0.000002	0.000043	0.000000	0.003319
74	0.589339	0.088503	0.318086	0.000022	0.000761	0.000004	0.000029	0.000000	0.003256
75	0.589072	0.088359	0.318601	0.000022	0.000744	0.000003	0.000031	0.000000	0.003168
76	0.589210	0.088175	0.318760	0.000028	0.000715	0.000003	0.000028	0.000000	0.003081
77	0.589112	0.088457	0.318694	0.000021	0.000675	0.000001	0.000024	0.000000	0.003016
78	0.588719	0.088439	0.319201	0.000022	0.000691	0.000003	0.000026	0.000000	0.002899
79	0.589068	0.088438	0.318921	0.000016	0.000684	0.000007	0.000023	0.000000	0.002843
80	0.589963	0.088074	0.318485	0.000014	0.000634	0.000008	0.000020	0.000000	0.002802
81	0.590557	0.088139	0.317960	0.000016	0.000609	0.000003	0.000019	0.000000	0.002697
82	0.589804	0.088296	0.318600	0.000012	0.000606	0.000010	0.000013	0.000000	0.002659
83	0.590002	0.088629	0.318224	0.000016	0.000559	0.000011	0.000022	0.000000	0.002537
84	0.589826	0.088695	0.318430	0.000017	0.000538	0.000014	0.000020	0.000000	0.002460
85	0.589168	0.088898	0.318919	0.000024	0.000547	0.000013	0.000011	0.000000	0.002420
86	0.588896	0.088612	0.319514	0.000015	0.000526	0.000015	0.000013	0.000000	0.002409
87	0.589077	0.088721	0.319349	0.000010	0.000475	0.000017	0.000012	0.000000	0.002339
88	0.588910	0.088714	0.319557	0.000010	0.000463	0.000021	0.000009	0.000000	0.002316
89	0.589138	0.088299	0.319759	0.000008	0.000454	0.000023	0.000010	0.000000	0.002309
90	0.589585	0.088469	0.319240	0.000007	0.000465	0.000021	0.000007	0.000000	0.002206
91	0.589889	0.088659	0.318784	0.000004	0.000432	0.000025	0.000008	0.000000	0.002199
92	0.590024	0.088702	0.318695	0.000002	0.000414	0.000019	0.000016	0.000000	0.002128
93	0.590270	0.088680	0.318477	0.000006	0.000425	0.000017	0.000013	0.000000	0.002112
94	0.590692	0.088818	0.318035	0.000005	0.000426	0.000018	0.000016	0.000000	0.001990
95	0.589475	0.088938	0.319106	0.000003	0.000407	0.000016	0.000021	0.000000	0.002034
96	0.589575	0.088827	0.319202	0.000004	0.000390	0.000022	0.000018	0.000000	0.001962
97	0.589580	0.088636	0.319469	0.000006	0.000384	0.000024	0.000021	0.000000	0.001880
98	0.589608	0.088382	0.319708	0.000004	0.000396	0.000019	0.000022	0.000000	0.001861
99	0.589608	0.088445	0.319739	0.000006	0.000368	0.000019	0.000021	0.000000	0.001794
100	0.589580	0.088310	0.319903	0.000003	0.000367	0.000015	0.000025	0.000000	0.001797
101	0.590216	0.088476	0.319123	0.000006	0.000355	0.000017	0.000017	0.000000	0.001790
102	0.589772	0.088703	0.319289	0.000004	0.000367	0.000018	0.000018	0.000000	0.001829
103	0.589678	0.088970	0.319195	0.000003	0.000366	0.000019	0.000016	0.000000	0.001753
104	0.589325	0.089237	0.319382	0.000005	0.000336	0.000017	0.000026	0.000000	0.001672
105	0.589936	0.088844	0.319181	0.000008	0.000349	0.000012	0.000025	0.000000	0.001645
106	0.589615	0.088662	0.319735	0.000006	0.000336	0.000008	0.000019	0.000000	0.001619
107	0.589734	0.088668	0.319657	0.000008	0.000324	0.000006	0.000015	0.000000	0.001588
108	0.590261	0.088464	0.319363	0.000009	0.000311	0.000004	0.000018	0.000000	0.001570
109	0.590665	0.088370	0.319117	0.000009	0.000301	0.000008	0.000016	0.000000	0.001514
110	0.590097	0.088447	0.319684	0.000006	0.000294	0.000007	0.000014	0.000000	0.001451
111	0.590243	0.088116	0.319925	0.000006	0.000277	0.000007	0.000011	0.000000	0.001415
112	0.589909	0.088412	0.319993	0.000004	0.000265	0.000006	0.000011	0.000000	0.001400
113	0.590056	0.088433	0.319892	0.000007	0.000257	0.000005	0.000006	0.000000	0.001344
114	0.590225	0.088375	0.319800	0.000009	0.000229	0.000003	0.000007	0.000000	0.001352
115	0.590726	0.088198	0.319472	0.000012	0.000236	0.000002	0.000004	0.000000	0.001350
116	0.591272	0.087678	0.319455	0.000011	0.000234	0.000003	0.000003	0.000000	0.001344
117	0.591043	0.088059	0.319381	0.000009	0.000234	0.000004	0.000003	0.000000	0.001267
118	0.590901	0.088508	0.319074	0.000007	0.000215	0.000003	0.000003	0.000000	0.001289
119	0.590846	0.088567	0.319103	0.000004	0.000212	0.000002	0.000005	0.000000	0.001261
120	0.590546	0.088556	0.319510	0.000006	0.000202	0.000002	0.000001	0.000000	0.001177
121	0.590874	0.088754	0.318979	0.000005	0.000205	0.000003	0.000006	0.000000	0.001174
122	0.590747	0.088665	0.319194	0.000007	0.000185	0.000004	0.000004	0.000000	0.001194
123	0.590447	0.089040	0.319187	0.000006	0.000203	0.000003	0.000003	0.000000	0.001111
124	0.591044	0.088564	0.319068	0.000006	0.000172	0.000003	0.000003	0.000000	0.001140
125	0.590746	0.088539	0.319354	0.000007	0.000175	0.000001	0.000007	0.000000	0.001171
126	0.590805	0.088663	0.319195	0.000007	0.000142	0.000002	0.000007	0.000000	0.001179
127	0.590844	0.088481	0.319382	0.000005	0.000147	0.000003	0.000006	0.000000	0.001132
128	0.591291	0.088325	0.319077	0.000009	0.000144	0.000002	0.000003	0.000000	0.001149
129	0.591460	0.088099	0.319216	0.000008	0.000109	0.000005	0.000003	0.000000	0.001100
130	0.591068	0.088271	0.319416	0.000008	0.000120	0.000003	0.000003	0.000000	0.001111
131	0.590928	0.088102	0.319716	0.000006	0.000129	0.000003	0.000007	0.000000	0.001109
132	0.591273	0.088163	0.319293	0.000007	0.000129	0.000005	0.000005	0.000000	0.001125
133	0.590657	0.088396	0.319737	0.000008	0.000126	0.000002	0.000005	0.000000	0.001069
134	0.590809	0.088454	0.319518	0.000007	0.000116	0.000001	0.000005	0.000000	0.001090
135	0.590956	0.088372	0.319466	0.000010	0.000121	0.000002	0.000002	0.000000	0.001071
136	0.590993	0.088659	0.319120	0.000007	0.000119	0.000001	0.000002	0.000000	0.001099
137	0.591169	0.089004	0.318605	0.000005	0.000119	0.000000	0.000003	0.000000	0.001095
138	0.591151	0.088912	0.318661	0.000005	0.000113	0.000002	0.000001	0.000000	0.001155
139	0.591414	0.088736	0.318587	0.000009	0.000112	0.000001	0.000001	0.000000	0.001140
140	0.591152	0.088875	0.318711	0.000005	0.000111	0.000000	0.000001	0.000000	0.001145
141	0.591603	0.088921	0.318339	0.000003	0.000101	0.000000	0.000002	0.000000	0.001031
142	0.590879	0.088825	0.319129	0.000003	0.000098	0.000000	0.000001	0.000000	0.001065
143	0.591191	0.089002	0.318643	0.000003	0.000099	0.000000	0.000002	0.000000	0.001060
144	0.591682	0.089245	0.317942	0.000001	0.000077	0.000000	0.000002	0.000000	0.001051
145	0.591762	0.089347	0.317745	0.000005	0.000063	0.000000	0.000002	0.000000	0.001076
146	0.591613	0.089703	0.317579	0.000004	0.000059	0.000000	0.000001	0.000000	0.001041
147	0.591765	0.089383	0.317768	0.000003	0.000073	0.000000	0.000005	0.000000	0.001003
148	0.591878	0.089377	0.317635	0.000005	0.000070	0.000000	0.000003	0.000000	0.001032
149	0.591787	0.089331	0.317811	0.000003	0.000062	0.000000	0.000002	0.000000	0.001004
150	0.592094	0.089023	0.317801	0.000004	0.000055	0.000000	0.000001	0.000000	0.001022
151	0.591709	0.089045	0.318208	0.000005	0.000052	0.000000	0.000000	0.000000	0.000981
152	0.591099	0.089409	0.318460	0.000002	0.000058	0.000000	0.000000	0.000000	0.000972
153	0.591341	0.088925	0.318731	0.000002	0.000063	0.000000	0.000000	0.000000	0.000938
154	0.590944	0.089171	0.318874	0.000004	0.000063	0.000000	0.000000	0.000000	0.000944
155	0.591350	0.089297	0.318363	0.000004	0.000058	0.000000	0.000000	0.000000	0.000928
156	0.591531	0.088938	0.318554	0.000004	0.000063	0.000000	0.000000	0.000000	0.000910
157	0.591924	0.088962	0.318134	0.000003	0.000065	0.000000	0.000000	0.000000	0.000912
158	0.592100	0.088834	0.318148	0.000001	0.000062	0.000000	0.000000	0.000000	0.000855
159	0.591811	0.089252	0.317955	0.000003	0.000065	0.000000	0.000000	0.000000	0.000914
160	0.591790	0.088984	0.318288	0.000001	0.000061	0.000000	0.000000	0.000000	0.000876
161	0.591291	0.088745	0.319051	0.000000	0.000065	0.000000	0.000000	0.000000	0.000848
162	0.591622	0.088835	0.318671	0.000000	0.000052	0.000000	0.000000	0.000000	0.000820
163	0.592007	0.088892	0.318230	0.000000	0.000055	0.000000	0.000000	0.000000	0.000816
164	0.591752	0.088712	0.318681	0.000000	0.000057	0.000000	0.000000	0.000000	0.000798
165	0.590869	0.088571	0.319753	0.000000	0.000055	0.000000	0.000000	0.000000	0.000752
166	0.591185	0.089006	0.319038	0.000000	0.000054	0.000000	0.000000	0.000000	0.000717
167	0.590886	0.089196	0.319182	0.000000	0.000056	0.000000	0.000000	0.000000	0.000680
168	0.591147	0.088920	0.319200	0.000000	0.000056	0.000000	0.000000	0.000000	0.000677
169	0.590557	0.089085	0.319643	0.000000	0.000044	0.000000	0.000000	0.000000	0.000671
170	0.590933	0.089197	0.319131	0.000000	0.000049	0.000000	0.000000	0.000000	0.000690
171	0.590594	0.089272	0.319397	0.000000	0.000055	0.000000	0.000000	0.000000	0.000682
172	0.590260	0.089369	0.319628	0.000000	0.000054	0.000000	0.000000	0.000000	0.000689
173	0.590167	0.089488	0.319621	0.000000	0.000056	0.000000	0.000000	0.000000	0.000668
174	0.590706	0.089550	0.319032	0.000000	0.000053	0.000000	0.000000	0.000000	0.000659
175	0.590369	0.089742	0.319194	0.000000	0.000045	0.000000	0.000000	0.000000	0.000650
176	0.589920	0.089738	0.319658	0.000000	0.000050	0.000000	0.000000	0.000000	0.000634
177	0.589511	0.089734	0.320085	0.000000	0.000052	0.000000	0.000000	0.000000	0.000618
178	0.590014	0.089900	0.319439	0.000000	0.000054	0.000000	0.000000	0.000000	0.000593
179	0.589709	0.090095	0.319517	0.000000	0.000064	0.000000	0.000000	0.000000	0.000615
180	0.590134	0.089859	0.319336	0.000000	0.000062	0.000000	0.000000	0.000000	0.000609
181	0.590176	0.089553	0.319619	0.000000	0.000050	0.000000	0.000000	0.000000	0.000602
182	0.590046	0.089440	0.319874	0.000000	0.000049	0.000000	0.000000	0.000000	0.000591
183	0.589620	0.089266	0.320466	0.000000	0.000056	0.000000	0.000000	0.000000	0.000592
184	0.589405	0.089435	0.320493	0.000000	0.000052	0.000000	0.000000	0.000000	0.000615
185	0.588853	0.089141	0.321389	0.000000	0.000053	0.000000	0.000000	0.000000	0.000564
186	0.589845	0.088835	0.320739	0.000000	0.000051	0.000000	0.000000	0.000000	0.000530
187	0.589399	0.089114	0.320901	0.000000	0.000053	0.000000	0.000000	0.000000	0.000533
188	0.588965	0.089261	0.321194	0.000000	0.000047	0.000000	0.000000	0.000000	0.000533
189	0.589244	0.089240	0.320937	0.000000	0.000045	0.000000	0.000000	0.000000	0.000534
190	0.589996	0.089087	0.320362	0.000000	0.000049	0.000000	0.000000	0.000000	0.000506
191	0.589740	0.088788	0.320925	0.000000	0.000049	0.000000	0.000000	0.000000	0.000498
192	0.590071	0.089154	0.320243	0.000000	0.000056	0.000000	0.000000	0.000000	0.000476
193	0.590173	0.089170	0.320131	0.000000	0.000061	0.000000	0.000000	0.000000	0.000465
194	0.589852	0.089160	0.320459	0.000000	0.000067	0.000000	0.000000	0.000000	0.000462
195	0.590820	0.089169	0.319496	0.000000	0.000059	0.000000	0.000000	0.000000	0.000456
196	0.590866	0.089215	0.319394	0.000000	0.000054	0.000000	0.000000	0.000000	0.000471
197	0.590648	0.089303	0.319549	0.000000	0.000059	0.000000	0.000000	0.000000	0.000441
198	0.590958	0.088979	0.319548	0.000000	0.000063	0.000000	0.000000	0.000000	0.000452
199	0.590997	0.088812	0.319672	0.000000	0.000056	0.000000	0.000000	0.000000	0.000463
200	0.591031	0.089143	0.319313	0.000000	0.000052	0.000000	0.000000	0.000000	0.000461
201	0.590979	0.088775	0.319761	0.000000	0.000056	0.000000	0.000000	0.000000	0.000429
202	0.590863	0.088907	0.319742	0.000000	0.000039	0.000000	0.000000	0.000000	0.000449
203	0.590612	0.088904	0.320015	0.000000	0.000039	0.000000	0.000000	0.000000	0.000430
204	0.590309	0.088463	0.320787	0.000000	0.000035	0.000000	0.000000	0.000000	0.000406
205	0.590443	0.088475	0.320638	0.000000	0.000028	0.000000	0.000000	0.000000	0.000416
206	0.590256	0.088731	0.320573	0.000000	0.000028	0.000000	0.000000	0.000000	0.000412
207	0.589933	0.088774	0.320859	0.000000	0.000036	0.000000	0.000000	0.000000	0.000398
208	0.590504	0.088566	0.320513	0.000000	0.000028	0.000000	0.000000	0.000000	0.000389
209	0.590122	0.088366	0.321112	0.000000	0.000034	0.000000	0.000000	0.000000	0.000366
210	0.589756	0.088516	0.321341	0.000000	0.000029	0.000000	0.000000	0.000000	0.000358
211	0.589393	0.088359	0.321875	0.000000	0.000030	0.000000	0.000000	0.000000	0.000343
212	0.588665	0.088650	0.322305	0.000000	0.000029	0.000000	0.000000	0.000000	0.000351
213	0.588455	0.088660	0.322520	0.000000	0.000031	0.000000	0.000000	0.000000	0.000334
214	0.588520	0.088461	0.322669	0.000000	0.000028	0.000000	0.000000	0.000000	0.000322
215	0.588818	0.088597	0.322220	0.000000	0.000034	0.000000	0.000000	0.000000	0.000331
216	0.588228	0.088374	0.323023	0.000000	0.000023	0.000000	0.000000	0.000000	0.000352
217	0.587987	0.088701	0.322933	0.000000	0.000020	0.000000	0.000000	0.000000	0.000359
218	0.587601	0.088621	0.323382	0.000000	0.000026	0.000000	0.000000	0.000000	0.000370
219	0.587799	0.088499	0.323293	0.000000	0.000023	0.000000	0.000000	0.000000	0.000386
220	0.588357	0.088688	0.322551	0.000000	0.000017	0.000000	0.000000	0.000000	0.000387
221	0.588102	0.088553	0.322928	0.000000	0.000026	0.000000	0.000000	0.000000	0.000391
222	0.588135	0.088904	0.322558	0.000000	0.000029	0.000000	0.000000	0.000000	0.000374
223	0.588003	0.088986	0.322623	0.000000	0.000026	0.000000	0.000000	0.000000	0.000362
224	0.588150	0.088831	0.322618	0.000000	0.000031	0.000000	0.000000	0.000000	0.000370
225	0.588477	0.088348	0.322788	0.000000	0.000023	0.000000	0.000000	0.000000	0.000364
226	0.588136	0.088421	0.323062	0.000000	0.000026	0.000000	0.000000	0.000000	0.000355
227	0.588080	0.087755	0.323794	0.000000	0.000030	0.000000	0.000000	0.000000	0.000341
228	0.587978	0.087974	0.323671	0.000000	0.000030	0.000000	0.000000	0.000000	0.000347
229	0.587504	0.088674	0.323468	0.000000	0.000030	0.000000	0.000000	0.000000	0.000324
230	0.587889	0.088872	0.322871	0.000000	0.000037	0.000000	0.000000	0.000000	0.000331
231	0.587777	0.089147	0.322732	0.000000	0.000034	0.000000	0.000000	0.000000	0.000310
232	0.587938	0.088917	0.322794	0.000000	0.000031	0.000000	0.000000	0.000000	0.000320
233	0.588292	0.088974	0.322398	0.000000	0.000037	0.000000	0.000000	0.000000	0.000299
234	0.588454	0.088702	0.322499	0.000000	0.000034	0.000000	0.000000	0.000000	0.000311
235	0.588414	0.088821	0.322426	0.000000	0.000041	0.000000	0.000000	0.000000	0.000298
236	0.588629	0.088585	0.322430	0.000000	0.000050	0.000000	0.000000	0.000000	0.000306
237	0.589361	0.088166	0.322140	0.000000	0.000047	0.000000	0.000000	0.000000	0.000286
238	0.588999	0.088163	0.322489	0.000000	0.000050	0.000000	0.000000	0.000000	0.000299
239	0.589129	0.088175	0.322337	0.000000	0.000049	0.000000	0.000000	0.000000	0.000310
240	0.589006	0.088395	0.322217	0.000000	0.000060	0.000000	0.000000	0.000000	0.000322
241	0.588703	0.088750	0.322132	0.000000	0.000071	0.000000	0.000000	0.000000	0.000344
242	0.589015	0.088503	0.322066	0.000000	0.000068	0.000000	0.000000	0.000000	0.000348
243	0.589462	0.088426	0.321705	0.000000	0.000068	0.000000	0.000000	0.000000	0.000339
244	0.589267	0.088330	0.322027	0.000000	0.000072	0.000000	0.000000	0.000000	0.000304
245	0.589128	0.088609	0.321885	0.000000	0.000070	0.000000	0.000000	0.000000	0.000308
246	0.589233	0.088329	0.322083	0.000000	0.000057	0.000000	0.000000	0.000000	0.000298
247	0.588974	0.088284	0.322391	0.000000	0.000062	0.000000	0.000000	0.000000	0.000289
248	0.589550	0.088329	0.321805	0.000000	0.000053	0.000000	0.000000	0.000000	0.000263
249	0.589143	0.088445	0.322071	0.000000	0.000051	0.000000	0.000000	0.000000	0.000290
250	0.589075	0.088541	0.322043	0.000000	0.000048	0.000000	0.000000	0.000000	0.000293
251	0.589267	0.088413	0.321978	0.000000	0.000035	0.000000	0.000000	0.000000	0.000307
252	0.588928	0.088374	0.322387	0.000000	0.000029	0.000000	0.000000	0.000000	0.000282
253	0.588571	0.088271	0.322850	0.000000	0.000036	0.000000	0.000000	0.000000	0.000272
254	0.588874	0.088111	0.322709	0.000000	0.000036	0.000000	0.000000	0.000000	0.000270
255	0.588294	0.088208	0.323206	0.000000	0.000034	0.000000	0.000000	0.000000	0.000258
256	0.588600	0.088456	0.322642	0.000000	0.000039	0.000000	0.000000	0.000000	0.000263
257	0.589036	0.088564	0.322127	0.000000	0.000028	0.000000	0.000000	0.000000	0.000245
258	0.588272	0.088885	0.322577	0.000000	0.000036	0.000000	0.000000	0.000000	0.000230
259	0.588326	0.088192	0.323213	0.000000	0.000039	0.000000	0.000000	0.000000	0.000230
260	0.588184	0.088435	0.323103	0.000000	0.000029	0.000000	0.000000	0.000000	0.000249
261	0.588169	0.088469	0.323069	0.000000	0.000035	0.000000	0.000000	0.000000	0.000258
262	0.588019	0.088670	0.322999	0.000000	0.000036	0.000000	0.000000	0.000000	0.000276
263	0.586995	0.088936	0.323771	0.000000	0.000043	0.000000	0.000000	0.000000	0.000255
264	0.587356	0.088865	0.323484	0.000000	0.000042	0.000000	0.000000	0.000000	0.000253
265	0.587333	0.088953	0.323424	0.000000	0.000048	0.000000	0.000000	0.000000	0.000242
266	0.587202	0.088646	0.323861	0.000000	0.000055	0.000000	0.000000	0.000000	0.000236
267	0.587524	0.088620	0.323576	0.000000	0.000053	0.000000	0.000000	0.000000	0.000227
268	0.587459	0.088441	0.323789	0.000000	0.000054	0.000000	0.000000	0.000000	0.000257
269	0.587376	0.088078	0.324255	0.000000	0.000061	0.000000	0.000000	0.000000	0.000230
270	0.587753	0.087754	0.324222	0.000000	0.000058	0.000000	0.000000	0.000000	0.000213
271	0.587369	0.087875	0.324500	0.000000	0.000063	0.000000	0.000000	0.000000	0.000193
272	0.587471	0.088095	0.324192	0.000000	0.000057	0.000000	0.000000	0.000000	0.000185
273	0.587349	0.087856	0.324536	0.000000	0.000058	0.000000	0.000000	0.000000	0.000201
274	0.587386	0.087827	0.324526	0.000000	0.000060	0.000000	0.000000	0.000000	0.000201
275	0.586889	0.087872	0.324969	0.000000	0.000060	0.000000	0.000000	0.000000	0.000210
276	0.587639	0.087656	0.324436	0.000000	0.000069	0.000000	0.000000	0.000000	0.000200
277	0.586934	0.087644	0.325162	0.000000	0.000063	0.000000	0.000000	0.000000	0.000197
278	0.587011	0.087621	0.325093	0.000000	0.000065	0.000000	0.000000	0.000000	0.000210
279	0.587459	0.087397	0.324879	0.000000	0.000067	0.000000	0.000000	0.000000	0.000198
280	0.587280	0.087744	0.324702	0.000000	0.000071	0.000000	0.000000	0.000000	0.000203
281	0.587233	0.087620	0.324875	0.000000	0.000068	0.000000	0.000000	0.000000	0.000204
282	0.586613	0.087936	0.325166	0.000000	0.000069	0.000000	0.000000	0.000000	0.000216
283	0.586990	0.087703	0.325009	0.000000	0.000077	0.000000	0.000000	0.000000	0.000221
284	0.586870	0.087638	0.325198	0.000000	0.000079	0.000000	0.000000	0.000000	0.000215
285	0.586591	0.088313	0.324822	0.000000	0.000073	0.000000	0.000000	0.000000	0.000201
286	0.586365	0.088308	0.325047	0.000000	0.000078	0.000000	0.000000	0.000000	0.000202
287	0.586681	0.088225	0.324802	0.000000	0.000073	0.000000	0.000000	0.000000	0.000219
288	0.585638	0.088355	0.325729	0.000000	0.000075	0.000000	0.000000	0.000000	0.000203
289	0.585561	0.088433	0.325743	0.000000	0.000072	0.000000	0.000000	0.000000	0.000191
290	0.585146	0.088475	0.326131	0.000000	0.000065	0.000000	0.000000	0.000000	0.000183
291	0.584521	0.088489	0.326718	0.000000	0.000070	0.000000	0.000000	0.000000	0.000202
292	0.584438	0.088316	0.326984	0.000000	0.000071	0.000000	0.000000	0.000000	0.000191
293	0.584194	0.088336	0.327211	0.000000	0.000078	0.000000	0.000000	0.000000	0.000181
294	0.584440	0.088189	0.327128	0.000000	0.000080	0.000000	0.000000	0.000000	0.000163
295	0.584494	0.088202	0.327064	0.000000	0.000072	0.000000	0.000000	0.000000	0.000168
296	0.584228	0.088084	0.327441	0.000000	0.000077	0.000000	0.000000	0.000000	0.000170
297	0.583840	0.087948	0.327963	0.000000	0.000072	0.000000	0.000000	0.000000	0.000177
298	0.584176	0.087786	0.327809	0.000000	0.000063	0.000000	0.000000	0.000000	0.000166
299	0.584296	0.087641	0.327842	0.000000	0.000057	0.000000	0.000000	0.000000	0.000164
300	0.584487	0.087696	0.327580	0.000000	0.000065	0.000000	0.000000	0.000000	0.000172
301	0.584699	0.087669	0.327389	0.000000	0.000073	0.000000	0.000000	0.000000	0.000170
302	0.584562	0.087747	0.327475	0.000000	0.000067	0.000000	0.000000	0.000000	0.000149
303	0.584816	0.087622	0.327344	0.000000	0.000073	0.000000	0.000000	0.000000	0.000145
304	0.585068	0.087536	0.327209	0.000000	0.000052	0.000000	0.000000	0.000000	0.000135
305	0.585092	0.087316	0.327400	0.000000	0.000048	0.000000	0.000000	0.000000	0.000144
306	0.584780	0.087608	0.327427	0.000000	0.000049	0.000000	0.000000	0.000000	0.000136
307	0.584387	0.087696	0.327731	0.000000	0.000041	0.000000	0.000000	0.000000	0.000145
308	0.584960	0.087174	0.327711	0.000000	0.000030	0.000000	0.000000	0.000000	0.000125
309	0.584924	0.086688	0.328232	0.000000	0.000033	0.000000	0.000000	0.000000	0.000123
310	0.584348	0.086706	0.328800	0.000000	0.000042	0.000000	0.000000	0.000000	0.000104
311	0.584532	0.087119	0.328219	0.000000	0.000026	0.000000	0.000000	0.000000	0.000104
312	0.584416	0.086781	0.328679	0.000000	0.000020	0.000000	0.000000	0.000000	0.000104
313	0.583876	0.086940	0.329064	0.000000	0.000018	0.000000	0.000000	0.000000	0.000102
314	0.583600	0.086969	0.329298	0.000000	0.000016	0.000000	0.000000	0.000000	0.000117
315	0.583695	0.086946	0.329236	0.000000	0.000012	0.000000	0.000000	0.000000	0.000111
316	0.583654	0.086931	0.329297	0.000000	0.000013	0.000000	0.000000	0.000000	0.000105
317	0.584148	0.087186	0.328552	0.000000	0.000014	0.000000	0.000000	0.000000	0.000100
318	0.583949	0.087554	0.328387	0.000000	0.000009	0.000000	0.000000	0.000000	0.000101
319	0.584105	0.087485	0.328302	0.000000	0.000007	0.000000	0.000000	0.000000	0.000101
320	0.583941	0.087401	0.328545	0.000000	0.000010	0.000000	0.000000	0.000000	0.000103
321	0.584089	0.087023	0.328782	0.000000	0.000013	0.000000	0.000000	0.000000	0.000093
322	0.583795	0.087418	0.328692	0.000000	0.000007	0.000000	0.000000	0.000000	0.000088
323	0.584260	0.087287	0.328347	0.000000	0.000012	0.000000	0.000000	0.000000	0.000094
324	0.584726	0.087574	0.327601	0.000000	0.000014	0.000000	0.000000	0.000000	0.000085
325	0.584247	0.087534	0.328119	0.000000	0.000007	0.000000	0.000000	0.000000	0.000093
326	0.584173	0.087812	0.327917	0.000000	0.000009	0.000000	0.000000	0.000000	0.000089
327	0.584630	0.087617	0.327666	0.000000	0.000007	0.000000	0.000000	0.000000	0.000080
328	0.584637	0.087673	0.327586	0.000000	0.000007	0.000000	0.000000	0.000000	0.000097
329	0.585219	0.087572	0.327101	0.000000	0.000007	0.000000	0.000000	0.000000	0.000101
330	0.585553	0.087598	0.326744	0.000000	0.000012	0.000000	0.000000	0.000000	0.000093
331	0.585271	0.087552	0.327066	0.000000	0.000009	0.000000	0.000000	0.000000	0.000102
332	0.585343	0.087321	0.327237	0.000000	0.000010	0.000000	0.000000	0.000000	0.000089
333	0.584812	0.087466	0.327627	0.000000	0.000017	0.000000	0.000000	0.000000	0.000078
334	0.584481	0.087829	0.327605	0.000000	0.000013	0.000000	0.000000	0.000000	0.000072
335	0.584686	0.088069	0.327158	0.000000	0.000015	0.000000	0.000000	0.000000	0.000072
336	0.585781	0.087721	0.326421	0.000000	0.000012	0.000000	0.000000	0.000000	0.000065
337	0.586131	0.087247	0.326537	0.000000	0.000020	0.000000	0.000000	0.000000	0.000065
338	0.586426	0.087052	0.326435	0.000000	0.000020	0.000000	0.000000	0.000000	0.000067
339	0.587111	0.086912	0.325889	0.000000	0.000019	0.000000	0.000000	0.000000	0.000069
340	0.587607	0.086545	0.325749	0.000000	0.000025	0.000000	0.000000	0.000000	0.000074
341	0.586512	0.086558	0.326841	0.000000	0.000025	0.000000	0.000000	0.000000	0.000064
342	0.586514	0.086247	0.327154	0.000000	0.000028	0.000000	0.000000	0.000000	0.000057
343	0.586633	0.086093	0.327186	0.000000	0.000029	0.000000	0.000000	0.000000	0.000059
344	0.586766	0.086238	0.326907	0.000000	0.000034	0.000000	0.000000	0.000000	0.000055
345	0.586657	0.086558	0.326695	0.000000	0.000029	0.000000	0.000000	0.000000	0.000061
346	0.586838	0.086400	0.326675	0.000000	0.000032	0.000000	0.000000	0.000000	0.000055
347	0.586545	0.086626	0.326745	0.000000	0.000041	0.000000	0.000000	0.000000	0.000043
348	0.586804	0.086744	0.326373	0.000000	0.000038	0.000000	0.000000	0.000000	0.000041
349	0.587452	0.086317	0.326145	0.000000	0.000036	0.000000	0.000000	0.000000	0.000050
350	0.587651	0.086473	0.325790	0.000000	0.000034	0.000000	0.000000	0.000000	0.000052
351	0.586958	0.086593	0.326364	0.000000	0.000041	0.000000	0.000000	0.000000	0.000044
352	0.586904	0.086796	0.326223	0.000000	0.000039	0.000000	0.000000	0.000000	0.000038
353	0.586702	0.086823	0.326395	0.000000	0.000040	0.000000	0.000000	0.000000	0.000040
354	0.587294	0.086784	0.325841	0.000000	0.000044	0.000000	0.000000	0.000000	0.000037
355	0.587355	0.086909	0.325665	0.000000	0.000047	0.000000	0.000000	0.000000	0.000024
356	0.586950	0.086678	0.326305	0.000000	0.000038	0.000000	0.000000	0.000000	0.000029
357	0.586743	0.086837	0.326345	0.000000	0.000044	0.000000	0.000000	0.000000	0.000031
358	0.586767	0.086926	0.326242	0.000000	0.000039	0.000000	0.000000	0.000000	0.000026
359	0.586640	0.087060	0.326224	0.000000	0.000044	0.000000	0.000000	0.000000	0.000032
360	0.586219	0.087402	0.326299	0.000000	0.000050	0.000000	0.000000	0.000000	0.000030
361	0.586382	0.087221	0.326325	0.000000	0.000046	0.000000	0.000000	0.000000	0.000026
362	0.585681	0.087161	0.327082	0.000000	0.000045	0.000000	0.000000	0.000000	0.000031
363	0.585282	0.087534	0.327111	0.000000	0.000044	0.000000	0.000000	0.000000	0.000029
364	0.585558	0.087213	0.327149	0.000000	0.000046	0.000000	0.000000	0.000000	0.000034
365	0.585413	0.087291	0.327217	0.000000	0.000041	0.000000	0.000000	0.000000	0.000038
366	0.585105	0.087321	0.327500	0.000000	0.000042	0.000000	0.000000	0.000000	0.000032
367	0.585117	0.087450	0.327371	0.000000	0.000037	0.000000	0.000000	0.000000	0.000025
368	0.584859	0.087364	0.327718	0.000000	0.000032	0.000000	0.000000	0.000000	0.000027
369	0.585668	0.086988	0.327273	0.000000	0.000038	0.000000	0.000000	0.000000	0.000033
370	0.585220	0.087240	0.327472	0.000000	0.000035	0.000000	0.000000	0.000000	0.000033
371	0.584994	0.087349	0.327593	0.000000	0.000033	0.000000	0.000000	0.000000	0.000031
372	0.584904	0.086906	0.328127	0.000000	0.000034	0.000000	0.000000	0.000000	0.000029
373	0.584600	0.087209	0.328125	0.000000	0.000037	0.000000	0.000000	0.000000	0.000029
374	0.584640	0.087259	0.328036	0.000000	0.000039	0.000000	0.000000	0.000000	0.000026
375	0.584666	0.087329	0.327945	0.000000	0.000040	0.000000	0.000000	0.000000	0.000020
376	0.585474	0.087078	0.327394	0.000000	0.000035	0.000000	0.000000	0.000000	0.000019
377	0.585075	0.087289	0.327583	0.000000	0.000028	0.000000	0.000000	0.000000	0.000025
378	0.584388	0.087470	0.328083	0.000000	0.000032	0.000000	0.000000	0.000000	0.000027
379	0.584660	0.087187	0.328099	0.000000	0.000027	0.000000	0.000000	0.000000	0.000027
380	0.585081	0.087215	0.327650	0.000000	0.000028	0.000000	0.000000	0.000000	0.000026
381	0.584402	0.087406	0.328141	0.000000	0.000024	0.000000	0.000000	0.000000	0.000027
382	0.584666	0.087086	0.328200	0.000000	0.000025	0.000000	0.000000	0.000000	0.000023
383	0.583847	0.087619	0.328491	0.000000	0.000025	0.000000	0.000000	0.000000	0.000018
384	0.584399	0.087585	0.327973	0.000000	0.000025	0.000000	0.000000	0.000000	0.000018
385	0.584915	0.087525	0.327524	0.000000	0.000023	0.000000	0.000000	0.000000	0.000013
386	0.585360	0.087393	0.327207	0.000000	0.000027	0.000000	0.000000	0.000000	0.000013
387	0.585654	0.087763	0.326539	0.000000	0.000030	0.000000	0.000000	0.000000	0.000014
388	0.585295	0.087687	0.326977	0.000000	0.000030	0.000000	0.000000	0.000000	0.000011
389	0.585103	0.088015	0.326846	0.000000	0.000025	0.000000	0.000000	0.000000	0.000011
390	0.585059	0.087877	0.327027	0.000000	0.000026	0.000000	0.000000	0.000000	0.000011
391	0.584691	0.088152	0.327117	0.000000	0.000028	0.000000	0.000000	0.000000	0.000012
392	0.584207	0.088197	0.327564	0.000000	0.000023	0.000000	0.000000	0.000000	0.000009
393	0.584288	0.088269	0.327411	0.000000	0.000026	0.000000	0.000000	0.000000	0.000006
394	0.583657	0.088398	0.327915	0.000000	0.000023	0.000000	0.000000	0.000000	0.000007
395	0.583333	0.088679	0.327962	0.000000	0.000017	0.000000	0.000000	0.000000	0.000009
396	0.583208	0.088806	0.327964	0.000000	0.000017	0.000000	0.000000	0.000000	0.000005
397	0.583130	0.089015	0.327830	0.000000	0.000017	0.000000	0.000000	0.000000	0.000008
398	0.582996	0.088780	0.328203	0.000000	0.000015	0.000000	0.000000	0.000000	0.000006
399	0.582808	0.089156	0.328010	0.000000	0.000016	0.000000	0.000000	0.000000	0.000010
400	0.582375	0.088992	0.328617	0.000000	0.000010	0.000000	0.000000	0.000000	0.000006
401	0.582338	0.088788	0.328855	0.000000	0.000010	0.000000	0.000000	0.000000	0.000009
402	0.582290	0.089084	0.328604	0.000000	0.000012	0.000000	0.000000	0.000000	0.000010
403	0.581852	0.089126	0.328997	0.000000	0.000011	0.000000	0.000000	0.000000	0.000014
404	0.581545	0.089095	0.329335	0.000000	0.000008	0.000000	0.000000	0.000000	0.000017
405	0.581322	0.089314	0.329342	0.000000	0.000010	0.000000	0.000000	0.000000	0.000012
406	0.581002	0.089004	0.329960	0.000000	0.000010	0.000000	0.000000	0.000000	0.000024
407	0.579986	0.089361	0.330617	0.000000	0.000019	0.000000	0.000000	0.000000	0.000017
408	0.579984	0.089070	0.330908	0.000000	0.000018	0.000000	0.000000	0.000000	0.000020
409	0.579717	0.088843	0.331402	0.000000	0.000016	0.000000	0.000000	0.000000	0.000022
410	0.579320	0.089154	0.331496	0.000000	0.000016	0.000000	0.000000	0.000000	0.000014
411	0.579889	0.088882	0.331197	0.000000	0.000015	0.000000	0.000000	0.000000	0.000017
412	0.579659	0.088732	0.331575	0.000000	0.000015	0.000000	0.000000	0.000000	0.000019
413	0.580445	0.088440	0.331084	0.000000	0.000014	0.000000	0.000000	0.000000	0.000017
414	0.580301	0.088371	0.331294	0.000000	0.000014	0.000000	0.000000	0.000000	0.000020
415	0.579929	0.088485	0.331555	0.000000	0.000016	0.000000	0.000000	0.000000	0.000015
416	0.580220	0.088135	0.331618	0.000000	0.000015	0.000000	0.000000	0.000000	0.000012
417	0.579970	0.088354	0.331646	0.000000	0.000015	0.000000	0.000000	0.000000	0.000015
418	0.579785	0.088414	0.331773	0.000000	0.000012	0.000000	0.000000	0.000000	0.000016
419	0.579628	0.088481	0.331867	0.000000	0.000011	0.000000	0.000000	0.000000	0.000013
420	0.579314	0.088609	0.332063	0.000000	0.000005	0.000000	0.000000	0.000000	0.000009
421	0.579550	0.088483	0.331954	0.000000	0.000003	0.000000	0.000000	0.000000	0.000010
422	0.580221	0.088404	0.331356	0.000000	0.000004	0.000000	0.000000	0.000000	0.000015
423	0.580046	0.087945	0.331983	0.000000	0.000007	0.000000	0.000000	0.000000	0.000019
424	0.579897	0.088245	0.331822	0.000000	0.000007	0.000000	0.000000	0.000000	0.000029
425	0.580345	0.087981	0.331641	0.000000	0.000007	0.000000	0.000000	0.000000	0.000026
426	0.580317	0.088134	0.331525	0.000000	0.000005	0.000000	0.000000	0.000000	0.000019
427	0.580507	0.087891	0.331578	0.000000	0.000005	0.000000	0.000000	0.000000	0.000019
428	0.579726	0.087953	0.332299	0.000000	0.000003	0.000000	0.000000	0.000000	0.000019
429	0.580214	0.088203	0.331564	0.000000	0.000005	0.000000	0.000000	0.000000	0.000014
430	0.579879	0.088154	0.331944	0.000000	0.000004	0.000000	0.000000	0.000000	0.000019
431	0.579718	0.088277	0.331988	0.000000	0.000001	0.000000	0.000000	0.000000	0.000016
432	0.580075	0.088134	0.331776	0.000000	0.000002	0.000000	0.000000	0.000000	0.000013
433	0.579724	0.088247	0.332015	0.000000	0.000002	0.000000	0.000000	0.000000	0.000012
434	0.580081	0.088024	0.331886	0.000000	0.000000	0.000000	0.000000	0.000000	0.000009
435	0.580451	0.087815	0.331724	0.000000	0.000001	0.000000	0.000000	0.000000	0.000009
436	0.579901	0.088017	0.332074	0.000000	0.000000	0.000000	0.000000	0.000000	0.000008
437	0.580305	0.087713	0.331978	0.000000	0.000000	0.000000	0.000000	0.000000	0.000004
438	0.580591	0.087789	0.331618	0.000000	0.000000	0.000000	0.000000	0.000000	0.000002
439	0.580430	0.088125	0.331441	0.000000	0.000000	0.000000	0.000000	0.000000	0.000004
440	0.580614	0.088593	0.330788	0.000000	0.000000	0.000000	0.000000	0.000000	0.000005
441	0.580272	0.088576	0.331149	0.000000	0.000000	0.000000	0.000000	0.000000	0.000003
442	0.580468	0.088615	0.330913	0.000000	0.000000	0.000000	0.000000	0.000000	0.000004
443	0.580819	0.088509	0.330669	0.000000	0.000000	0.000000	0.000000	0.000000	0.000003
444	0.581387	0.088181	0.330432	0.000000	0.000000	0.000000	0.000000	0.000000	0.000000
445	0.581455	0.088452	0.330091	0.000000	0.000000	0.000000	0.000000	0.000000	0.000002
446	0.581311	0.088466	0.330218	0.000000	0.000000	0.000000	0.000000	0.000000	0.000005
447	0.581613	0.088095	0.330287	0.000000	0.000000	0.000000	0.000000	0.000000	0.000005
448	0.581669	0.088167	0.330157	0.000000	0.000000	0.000000	0.000000	0.000000	0.000007
449	0.581965	0.088259	0.329766	0.000000	0.000000	0.000000	0.000000	0.000000	0.000010
450	0.582104	0.088380	0.329510	0.000000	0.000000	0.000000	0.000000	0.000000	0.000006
451	0.582296	0.088522	0.329174	0.000000	0.000000	0.000000	0.000000	0.000000	0.000008
452	0.582343	0.088397	0.329255	0.000000	0.000000	0.000000	0.000000	0.000000	0.000005
453	0.582000	0.088086	0.329907	0.000000	0.000000	0.000000	0.000000	0.000000	0.000007
454	0.582138	0.088416	0.329441	0.000000	0.000000	0.000000	0.000000	0.000000	0.000005
455	0.582244	0.088390	0.329356	0.000000	0.000000	0.000000	0.000000	0.000000	0.000010
456	0.581783	0.088494	0.329712	0.000000	0.000000	0.000000	0.000000	0.000000	0.000011
457	0.581663	0.088444	0.329889	0.000000	0.000000	0.000000	0.000000	0.000000	0.000004
458	0.581954	0.088453	0.329579	0.000000	0.000000	0.000000	0.000000	0.000000	0.000014
459	0.581682	0.088058	0.330245	0.000000	0.000000	0.000000	0.000000	0.000000	0.000015
460	0.581644	0.088310	0.330033	0.000000	0.000000	0.000000	0.000000	0.000000	0.000013
461	0.581128	0.088267	0.330590	0.000000	0.000000	0.000000	0.000000	0.000000	0.000015
462	0.581275	0.088207	0.330497	0.000000	0.000000	0.000000	0.000000	0.000000	0.000021
463	0.580925	0.088408	0.330652	0.000000	0.000000	0.000000	0.000000	0.000000	0.000015
464	0.580528	0.088028	0.331427	0.000000	0.000000	0.000000	0.000000	0.000000	0.000017
465	0.580334	0.088257	0.331394	0.000000	0.000000	0.000000	0.000000	0.000000	0.000015
466	0.579714	0.088304	0.331963	0.000000	0.000000	0.000000	0.000000	0.000000	0.000019
467	0.580395	0.088227	0.331354	0.000000	0.000000	0.000000	0.000000	0.000000	0.000024
468	0.579891	0.088088	0.332003	0.000000	0.000000	0.000000	0.000000	0.000000	0.000018
469	0.579589	0.088193	0.332202	0.000000	0.000000	0.000000	0.000000	0.000000	0.000016
470	0.579559	0.087954	0.332474	0.000000	0.000000	0.000000	0.000000	0.000000	0.000013
