0	0.290663	0.057897	0.229473	0.157588	0.029913	0.111872	0.085455	0.012259	0.024880
1	0.218432	0.045497	0.192476	0.144763	0.029633	0.125806	0.124651	0.023800	0.094942
2	0.209651	0.043267	0.181868	0.143376	0.030945	0.125587	0.129456	0.025026	0.110824
3	0.206803	0.041546	0.173835	0.144225	0.032581	0.122933	0.131253	0.025091	0.121733
4	0.205715	0.040297	0.165995	0.144630	0.034220	0.119504	0.132017	0.024662	0.132960
5	0.206068	0.039014	0.158872	0.145946	0.035778	0.114854	0.131999	0.024267	0.143202
6	0.207095	0.037723	0.151392	0.146943	0.038064	0.110399	0.131752	0.023296	0.153336
7	0.207745	0.036397	0.145242	0.147581	0.040690	0.105935	0.129705	0.022942	0.163763
8	0.208230	0.035621	0.138108	0.148146	0.043248	0.101835	0.128728	0.022386	0.173698
9	0.208498	0.034535	0.131359	0.149734	0.045937	0.097485	0.127459	0.021690	0.183303
10	0.209449	0.033322	0.125316	0.151191	0.048619	0.093339	0.125313	0.020855	0.192596
11	0.210434	0.032076	0.118996	0.152346	0.051718	0.089180	0.122947	0.020141	0.202162
12	0.211230	0.031080	0.113347	0.153392	0.054928	0.085277	0.120323	0.019235	0.211188
13	0.211275	0.030275	0.107803	0.154020	0.057832	0.081488	0.118383	0.018488	0.220436
14	0.211675	0.029521	0.102150	0.154940	0.061447	0.077524	0.115999	0.017680	0.229064
15	0.212237	0.028669	0.096839	0.155938	0.064621	0.073715	0.113216	0.016911	0.237854
16	0.212618	0.027697	0.091431	0.156704	0.068333	0.070027	0.110635	0.016500	0.246055
17	0.212774	0.026934	0.086656	0.157907	0.072222	0.066621	0.107976	0.015768	0.253142
18	0.212974	0.026228	0.082382	0.158529	0.075905	0.063455	0.105009	0.015185	0.260333
19	0.213380	0.025206	0.077785	0.158664	0.080162	0.060378	0.101805	0.014426	0.268194
20	0.214285	0.024322	0.073676	0.158986	0.084368	0.057444	0.098303	0.013858	0.274758
21	0.214137	0.023511	0.069478	0.160015	0.088335	0.054192	0.095504	0.013138	0.281690
22	0.214425	0.022601	0.065651	0.160255	0.092622	0.051532	0.092514	0.012505	0.287895
23	0.214489	0.021981	0.061502	0.160769	0.097462	0.048480	0.089861	0.011943	0.293513
24	0.214244	0.021052	0.058341	0.161063	0.102018	0.046059	0.086585	0.011361	0.299277
25	0.214150	0.020276	0.054679	0.161417	0.106521	0.043855	0.084049	0.010697	0.304356
26	0.213458	0.019561	0.051680	0.161104	0.111439	0.041430	0.081196	0.010237	0.309895
27	0.213164	0.019006	0.048525	0.161071	0.116361	0.039565	0.078280	0.009735	0.314293
28	0.212265	0.018519	0.045325	0.160822	0.121664	0.037372	0.076090	0.009167	0.318776
29	0.211031	0.017534	0.042594	0.160786	0.126811	0.035418	0.073249	0.008767	0.323810
30	0.209441	0.017023	0.039900	0.160978	0.132401	0.033564	0.070899	0.008257	0.327537
31	0.208672	0.016376	0.037256	0.161111	0.137796	0.031956	0.068122	0.007757	0.330954
32	0.207344	0.015728	0.034853	0.160654	0.143406	0.030496	0.065041	0.007345	0.335133
33	0.206062	0.014861	0.032401	0.160342	0.149328	0.028798	0.062563	0.006941	0.338704
34	0.204625	0.014136	0.030330	0.160063	0.155276	0.027133	0.059811	0.006634	0.341992
35	0.202847	0.013545	0.028648	0.159728	0.161233	0.025584	0.057718	0.006333	0.344364
36	0.201236	0.012996	0.026773	0.159680	0.167328	0.024076	0.055371	0.005969	0.346571
37	0.199065	0.012306	0.025095	0.159414	0.173750	0.022629	0.053143	0.005689	0.348909
38	0.197403	0.011719	0.023379	0.159154	0.179864	0.021620	0.050884	0.005421	0.350556
39	0.195704	0.011294	0.021634	0.158924	0.186095	0.020331	0.048963	0.005103	0.351952
40	0.193538	0.010722	0.020155	0.158392	0.192851	0.019264	0.046880	0.004762	0.353436
41	0.191441	0.010342	0.018796	0.158130	0.199323	0.018446	0.044876	0.004536	0.354110
42	0.189373	0.009878	0.017617	0.158194	0.205617	0.017418	0.042830	0.004254	0.354819
43	0.187042	0.009492	0.016410	0.157505	0.212055	0.016360	0.040887	0.004019	0.356230
44	0.185137	0.009060	0.015335	0.156644	0.219144	0.015597	0.039063	0.003711	0.356309
45	0.183093	0.008591	0.014197	0.156209	0.225787	0.014701	0.037516	0.003573	0.356333
46	0.180144	0.008276	0.013216	0.156824	0.232786	0.013989	0.035651	0.003303	0.355811
47	0.177821	0.007910	0.012309	0.156551	0.239653	0.013209	0.033957	0.003139	0.355451
48	0.175267	0.007435	0.011494	0.155670	0.246608	0.012682	0.032403	0.002885	0.355556
49	0.172256	0.007120	0.010717	0.155782	0.254106	0.012036	0.030628	0.002674	0.354681
50	0.169864	0.006733	0.009851	0.155057	0.261176	0.011367	0.029174	0.002580	0.354198
51	0.167657	0.006281	0.009155	0.155201	0.268472	0.010737	0.027835	0.002425	0.352237
52	0.165144	0.005999	0.008452	0.154701	0.275641	0.010088	0.026580	0.002294	0.351101
53	0.162707	0.005782	0.007779	0.154414	0.283055	0.009751	0.025348	0.002152	0.349012
54	0.159714	0.005499	0.007128	0.153911	0.290893	0.009176	0.024223	0.002026	0.347430
55	0.156693	0.005294	0.006594	0.153671	0.298528	0.008776	0.022973	0.001915	0.345556
56	0.153721	0.005018	0.006092	0.153252	0.305526	0.008391	0.022082	0.001794	0.344124
57	0.151549	0.004813	0.005656	0.152467	0.313166	0.008003	0.020957	0.001679	0.341710
58	0.148161	0.004550	0.005175	0.151747	0.320995	0.007774	0.020035	0.001564	0.339999
59	0.145441	0.004246	0.004776	0.151593	0.328975	0.007379	0.018984	0.001433	0.337173
60	0.142544	0.003974	0.004526	0.151256	0.336668	0.007089	0.018017	0.001347	0.334579
61	0.139140	0.003796	0.004154	0.151196	0.344113	0.006769	0.016973	0.001263	0.332596
62	0.136323	0.003568	0.003858	0.150592	0.352132	0.006390	0.016129	0.001191	0.329817
63	0.132809	0.003375	0.003572	0.150260	0.360122	0.006177	0.015386	0.001086	0.327213
64	0.129632	0.003167	0.003279	0.149942	0.368131	0.005897	0.014660	0.000990	0.324302
65	0.126733	0.003016	0.003083	0.149716	0.376221	0.005560	0.013800	0.000924	0.320947
66	0.123854	0.002879	0.002796	0.149921	0.383694	0.005323	0.013069	0.000914	0.317550
67	0.120560	0.002678	0.002511	0.149927	0.391530	0.005186	0.012455	0.000851	0.314302
68	0.117705	0.002587	0.002376	0.150333	0.398936	0.004956	0.011998	0.000841	0.310268
69	0.114429	0.002434	0.002180	0.150329	0.407138	0.004612	0.011511	0.000775	0.306592
70	0.111792	0.002312	0.001906	0.150248	0.415023	0.004460	0.010894	0.000681	0.302684
71	0.109050	0.002214	0.001781	0.150201	0.422889	0.004294	0.010201	0.000662	0.298708
72	0.106220	0.002071	0.001635	0.149674	0.431053	0.004146	0.009600	0.000629	0.294972
73	0.103249	0.001922	0.001479	0.149883	0.438823	0.004024	0.009073	0.000598	0.290949
74	0.100161	0.001753	0.001368	0.149927	0.446751	0.003951	0.008616	0.000571	0.286902
75	0.097428	0.001625	0.001282	0.149872	0.454410	0.003805	0.008203	0.000519	0.282856
76	0.094839	0.001556	0.001128	0.149506	0.462370	0.003636	0.007875	0.000489	0.278601
77	0.092071	0.001499	0.000994	0.149379	0.469515	0.003602	0.007614	0.000451	0.274875
78	0.089363	0.001417	0.000929	0.149247	0.477426	0.003457	0.007101	0.000421	0.270639
79	0.086730	0.001318	0.000808	0.149128	0.484721	0.003448	0.006768	0.000422	0.266657
80	0.084133	0.001263	0.000746	0.149128	0.492535	0.003316	0.006286	0.000389	0.262204
81	0.081401	0.001177	0.000682	0.148946	0.500003	0.003249	0.005904	0.000360	0.258278
82	0.078762	0.001096	0.000654	0.149291	0.507362	0.003207	0.005426	0.000331	0.253871
83	0.076434	0.001004	0.000609	0.149518	0.514922	0.003147	0.005116	0.000325	0.248925
84	0.073915	0.000957	0.000549	0.149806	0.522223	0.003077	0.004852	0.000294	0.244327
85	0.071706	0.000885	0.000458	0.150193	0.529175	0.002910	0.004751	0.000278	0.239644
86	0.069397	0.000822	0.000413	0.150295	0.536095	0.002813	0.004506	0.000242	0.235417
87	0.067040	0.000803	0.000396	0.150547	0.542870	0.002751	0.004321	0.000200	0.231072
88	0.064595	0.000759	0.000358	0.151090	0.550262	0.002738	0.004105	0.000192	0.225901
89	0.062520	0.000685	0.000319	0.150817	0.557698	0.002595	0.003838	0.000184	0.221344
90	0.060076	0.000651	0.000295	0.150825	0.565032	0.002529	0.003590	0.000161	0.216841
91	0.058054	0.000625	0.000265	0.150705	0.572055	0.002481	0.003361	0.000139	0.212315
92	0.056030	0.000580	0.000238	0.150786	0.578801	0.002430	0.003166	0.000136	0.207833
93	0.054180	0.000529	0.000227	0.150706	0.585312	0.002406	0.003048	0.000126	0.203466
94	0.052049	0.000515	0.000218	0.150600	0.592372	0.002311	0.002878	0.000122	0.198935
95	0.049645	0.000481	0.000219	0.151438	0.598439	0.002298	0.002713	0.000136	0.194631
96	0.047802	0.000430	0.000195	0.151356	0.604859	0.002227	0.002584	0.000119	0.190428
97	0.045994	0.000376	0.000178	0.151113	0.611468	0.002120	0.002451	0.000106	0.186194
98	0.044257	0.000373	0.000160	0.151442	0.617426	0.002075	0.002268	0.000078	0.181921
99	0.042267	0.000372	0.000157	0.151490	0.623782	0.002069	0.002109	0.000076	0.177678
100	0.040750	0.000348	0.000155	0.151918	0.629714	0.002082	0.001993	0.000076	0.172964
101	0.039185	0.000323	0.000150	0.152385	0.635445	0.002089	0.001851	0.000079	0.168493
102	0.037528	0.000308	0.000144	0.152729	0.641123	0.002043	0.001724	0.000075	0.164326
103	0.036119	0.000310	0.000132	0.152940	0.646405	0.002066	0.001606	0.000065	0.160357
104	0.034728	0.000278	0.000115	0.153223	0.651525	0.002101	0.001475	0.000067	0.156488
105	0.033217	0.000246	0.000117	0.153428	0.657005	0.002098	0.001361	0.000059	0.152469
106	0.032042	0.000237	0.000105	0.153590	0.662381	0.002094	0.001258	0.000056	0.148237
107	0.030712	0.000213	0.000086	0.154056	0.667344	0.002063	0.001211	0.000061	0.144254
108	0.029498	0.000214	0.000084	0.154338	0.672035	0.002004	0.001129	0.000057	0.140641
109	0.028209	0.000193	0.000076	0.154250	0.677283	0.002010	0.001052	0.000047	0.136880
110	0.026920	0.000161	0.000062	0.154923	0.681649	0.002013	0.000966	0.000045	0.133261
111	0.025703	0.000157	0.000056	0.155128	0.686607	0.001918	0.000892	0.000049	0.129490
112	0.024619	0.000140	0.000065	0.155193	0.691000	0.001831	0.000887	0.000056	0.126209
113	0.023638	0.000126	0.000047	0.155294	0.695629	0.001819	0.000822	0.000056	0.122569
114	0.022460	0.000109	0.000039	0.155479	0.700399	0.001806	0.000757	0.000049	0.118902
115	0.021387	0.000092	0.000035	0.155840	0.704568	0.001828	0.000719	0.000044	0.115487
116	0.020552	0.000071	0.000019	0.156119	0.708742	0.001803	0.000672	0.000033	0.111989
117	0.019624	0.000064	0.000018	0.156283	0.713018	0.001783	0.000651	0.000025	0.108534
118	0.018754	0.000048	0.000012	0.156686	0.716942	0.001821	0.000652	0.000029	0.105056
119	0.017842	0.000048	0.000011	0.156796	0.720787	0.001871	0.000602	0.000030	0.102013
120	0.016976	0.000045	0.000010	0.156382	0.725066	0.001878	0.000567	0.000024	0.099052
121	0.016105	0.000035	0.000005	0.157063	0.728529	0.001863	0.000517	0.000017	0.095866
122	0.015394	0.000037	0.000004	0.156762	0.732534	0.001806	0.000469	0.000018	0.092976
123	0.014660	0.000030	0.000006	0.156898	0.735994	0.001822	0.000441	0.000014	0.090135
124	0.014141	0.000030	0.000006	0.157061	0.739462	0.001825	0.000418	0.000015	0.087042
125	0.013307	0.000031	0.000005	0.156809	0.743243	0.001829	0.000408	0.000011	0.084357
126	0.012713	0.000024	0.000005	0.157114	0.746369	0.001852	0.000407	0.000016	0.081500
127	0.012030	0.000011	0.000007	0.156761	0.750428	0.001784	0.000400	0.000010	0.078569
128	0.011466	0.000013	0.000011	0.156842	0.753581	0.001775	0.000370	0.000011	0.075931
129	0.010886	0.000019	0.000011	0.157069	0.756635	0.001749	0.000349	0.000010	0.073272
130	0.010408	0.000020	0.000011	0.157068	0.759635	0.001822	0.000331	0.000012	0.070693
131	0.009901	0.000016	0.000008	0.156920	0.762746	0.001852	0.000340	0.000012	0.068205
132	0.009430	0.000022	0.000004	0.157155	0.765604	0.001875	0.000313	0.000013	0.065584
133	0.008806	0.000023	0.000006	0.157270	0.768731	0.001850	0.000297	0.000013	0.063004
134	0.008389	0.000016	0.000005	0.157524	0.771323	0.001836	0.000273	0.000013	0.060621
135	0.007921	0.000011	0.000003	0.157688	0.773984	0.001863	0.000247	0.000011	0.058272
136	0.007512	0.000014	0.000000	0.157631	0.776826	0.001882	0.000231	0.000006	0.055898
137	0.007106	0.000012	0.000000	0.157750	0.779027	0.001872	0.000218	0.000005	0.054010
138	0.006748	0.000010	0.000000	0.157561	0.781642	0.001888	0.000196	0.000006	0.051949
139	0.006273	0.000010	0.000000	0.158131	0.783675	0.001813	0.000184	0.000004	0.049910
140	0.006020	0.000008	0.000000	0.158223	0.785839	0.001823	0.000164	0.000004	0.047919
141	0.005670	0.000004	0.000000	0.158596	0.787570	0.001817	0.000152	0.000007	0.046184
142	0.005326	0.000007	0.000000	0.158536	0.789843	0.001833	0.000153	0.000008	0.044294
143	0.005057	0.000004	0.000000	0.159030	0.791441	0.001804	0.000132	0.000003	0.042529
144	0.004781	0.000004	0.000000	0.159155	0.793377	0.001779	0.000120	0.000000	0.040784
145	0.004531	0.000005	0.000000	0.159113	0.795332	0.001773	0.000122	0.000001	0.039123
146	0.004313	0.000004	0.000000	0.158814	0.797230	0.001773	0.000105	0.000001	0.037760
147	0.004065	0.000005	0.000000	0.158928	0.798785	0.001770	0.000100	0.000000	0.036347
148	0.003851	0.000004	0.000000	0.158735	0.800907	0.001746	0.000084	0.000000	0.034673
149	0.003582	0.000003	0.000000	0.158677	0.802534	0.001743	0.000078	0.000000	0.033383
150	0.003344	0.000002	0.000000	0.158577	0.804411	0.001701	0.000066	0.000000	0.031899
151	0.003206	0.000001	0.000000	0.158504	0.805966	0.001711	0.000063	0.000000	0.030549
152	0.003033	0.000002	0.000000	0.158788	0.807355	0.001667	0.000054	0.000000	0.029101
153	0.002872	0.000001	0.000000	0.159016	0.808673	0.001664	0.000055	0.000000	0.027719
154	0.002674	0.000000	0.000000	0.159685	0.809624	0.001587	0.000048	0.000000	0.026382
155	0.002542	0.000000	0.000000	0.159808	0.810758	0.001668	0.000040	0.000000	0.025184
156	0.002349	0.000000	0.000000	0.159797	0.811998	0.001630	0.000039	0.000000	0.024187
157	0.002240	0.000000	0.000000	0.159802	0.813218	0.001643	0.000031	0.000000	0.023066
158	0.002081	0.000000	0.000000	0.160125	0.814115	0.001658	0.000026	0.000000	0.021995
159	0.001970	0.000000	0.000000	0.160012	0.815355	0.001629	0.000023	0.000000	0.021011
160	0.001861	0.000000	0.000000	0.159862	0.816623	0.001606	0.000017	0.000000	0.020031
161	0.001732	0.000000	0.000000	0.160251	0.817378	0.001525	0.000014	0.000000	0.019100
162	0.001645	0.000000	0.000000	0.160176	0.818411	0.001625	0.000013	0.000000	0.018130
163	0.001568	0.000000	0.000000	0.160266	0.819141	0.001591	0.000009	0.000000	0.017425
164	0.001488	0.000000	0.000000	0.160559	0.819821	0.001594	0.000006	0.000000	0.016532
165	0.001366	0.000000	0.000000	0.160493	0.820783	0.001564	0.000004	0.000000	0.015790
166	0.001260	0.000000	0.000000	0.160793	0.821298	0.001549	0.000000	0.000000	0.015100
167	0.001182	0.000000	0.000000	0.160386	0.822510	0.001547	0.000000	0.000000	0.014375
168	0.001120	0.000000	0.000000	0.159910	0.823777	0.001509	0.000000	0.000000	0.013684
169	0.001030	0.000000	0.000000	0.159989	0.824487	0.001504	0.000000	0.000000	0.012990
170	0.000988	0.000000	0.000000	0.159490	0.825716	0.001479	0.000000	0.000000	0.012327
171	0.000944	0.000000	0.000000	0.159834	0.826193	0.001400	0.000000	0.000000	0.011629
172	0.000876	0.000000	0.000000	0.160086	0.826646	0.001406	0.000000	0.000000	0.010986
173	0.000826	0.000000	0.000000	0.160109	0.827134	0.001445	0.000000	0.000000	0.010486
174	0.000746	0.000000	0.000000	0.160192	0.827667	0.001477	0.000000	0.000000	0.009918
175	0.000695	0.000000	0.000000	0.160185	0.828250	0.001471	0.000000	0.000000	0.009399
176	0.000644	0.000000	0.000000	0.160295	0.828631	0.001464	0.000000	0.000000	0.008966
177	0.000600	0.000000	0.000000	0.160082	0.829431	0.001427	0.000000	0.000000	0.008460
178	0.000552	0.000000	0.000000	0.159719	0.830275	0.001410	0.000000	0.000000	0.008044
179	0.000486	0.000000	0.000000	0.159490	0.831015	0.001436	0.000000	0.000000	0.007573
180	0.000421	0.000000	0.000000	0.159719	0.831296	0.001407	0.000000	0.000000	0.007157
181	0.000384	0.000000	0.000000	0.159929	0.831414	0.001455	0.000000	0.000000	0.006818
182	0.000390	0.000000	0.000000	0.159690	0.832039	0.001412	0.000000	0.000000	0.006469
183	0.000344	0.000000	0.000000	0.158856	0.833206	0.001398	0.000000	0.000000	0.006196
184	0.000323	0.000000	0.000000	0.158758	0.833679	0.001322	0.000000	0.000000	0.005918
185	0.000300	0.000000	0.000000	0.158540	0.834247	0.001315	0.000000	0.000000	0.005598
186	0.000295	0.000000	0.000000	0.158930	0.834099	0.001353	0.000000	0.000000	0.005323
187	0.000285	0.000000	0.000000	0.158899	0.834567	0.001309	0.000000	0.000000	0.004940
188	0.000273	0.000000	0.000000	0.158721	0.834999	0.001326	0.000000	0.000000	0.004681
189	0.000257	0.000000	0.000000	0.158698	0.835302	0.001334	0.000000	0.000000	0.004409
190	0.000250	0.000000	0.000000	0.158245	0.835979	0.001355	0.000000	0.000000	0.004171
191	0.000235	0.000000	0.000000	0.158260	0.836264	0.001293	0.000000	0.000000	0.003948
192	0.000220	0.000000	0.000000	0.158627	0.836095	0.001377	0.000000	0.000000	0.003681
193	0.000197	0.000000	0.000000	0.158688	0.836284	0.001379	0.000000	0.000000	0.003452
194	0.000192	0.000000	0.000000	0.158382	0.836758	0.001363	0.000000	0.000000	0.003305
195	0.000178	0.000000	0.000000	0.157944	0.837365	0.001421	0.000000	0.000000	0.003092
196	0.000156	0.000000	0.000000	0.157821	0.837747	0.001329	0.000000	0.000000	0.002947
197	0.000160	0.000000	0.000000	0.157820	0.837886	0.001357	0.000000	0.000000	0.002777
198	0.000153	0.000000	0.000000	0.157501	0.838463	0.001320	0.000000	0.000000	0.002563
199	0.000151	0.000000	0.000000	0.157640	0.838394	0.001356	0.000000	0.000000	0.002459
200	0.000147	0.000000	0.000000	0.157414	0.838719	0.001397	0.000000	0.000000	0.002323
201	0.000139	0.000000	0.000000	0.157576	0.838694	0.001390	0.000000	0.000000	0.002201
202	0.000128	0.000000	0.000000	0.157573	0.838779	0.001437	0.000000	0.000000	0.002083
203	0.000116	0.000000	0.000000	0.157868	0.838687	0.001414	0.000000	0.000000	0.001915
204	0.000106	0.000000	0.000000	0.157345	0.839321	0.001389	0.000000	0.000000	0.001839
205	0.000100	0.000000	0.000000	0.157282	0.839565	0.001352	0.000000	0.000000	0.001701
206	0.000104	0.000000	0.000000	0.157251	0.839698	0.001345	0.000000	0.000000	0.001602
207	0.000098	0.000000	0.000000	0.157174	0.839833	0.001353	0.000000	0.000000	0.001542
208	0.000092	0.000000	0.000000	0.156981	0.840067	0.001413	0.000000	0.000000	0.001447
209	0.000097	0.000000	0.000000	0.156983	0.840098	0.001433	0.000000	0.000000	0.001389
210	0.000087	0.000000	0.000000	0.156827	0.840375	0.001411	0.000000	0.000000	0.001300
211	0.000071	0.000000	0.000000	0.157173	0.840167	0.001383	0.000000	0.000000	0.001206
212	0.000066	0.000000	0.000000	0.157433	0.839938	0.001407	0.000000	0.000000	0.001156
213	0.000065	0.000000	0.000000	0.157304	0.840127	0.001398	0.000000	0.000000	0.001106
214	0.000055	0.000000	0.000000	0.157399	0.840099	0.001408	0.000000	0.000000	0.001039
215	0.000058	0.000000	0.000000	0.157258	0.840206	0.001496	0.000000	0.000000	0.000982
216	0.000050	0.000000	0.000000	0.157486	0.840017	0.001531	0.000000	0.000000	0.000916
217	0.000045	0.000000	0.000000	0.157707	0.839874	0.001491	0.000000	0.000000	0.000883
218	0.000049	0.000000	0.000000	0.157701	0.839851	0.001505	0.000000	0.000000	0.000894
219	0.000046	0.000000	0.000000	0.157651	0.839958	0.001497	0.000000	0.000000	0.000848
220	0.000049	0.000000	0.000000	0.157497	0.840178	0.001440	0.000000	0.000000	0.000836
221	0.000049	0.000000	0.000000	0.157263	0.840382	0.001467	0.000000	0.000000	0.000839
222	0.000047	0.000000	0.000000	0.157249	0.840429	0.001467	0.000000	0.000000	0.000808
223	0.000042	0.000000	0.000000	0.157360	0.840352	0.001462	0.000000	0.000000	0.000784
224	0.000037	0.000000	0.000000	0.157600	0.840191	0.001467	0.000000	0.000000	0.000705
225	0.000039	0.000000	0.000000	0.157652	0.840200	0.001451	0.000000	0.000000	0.000658
226	0.000033	0.000000	0.000000	0.157583	0.840333	0.001445	0.000000	0.000000	0.000606
227	0.000027	0.000000	0.000000	0.158123	0.839789	0.001476	0.000000	0.000000	0.000585
228	0.000023	0.000000	0.000000	0.158560	0.839387	0.001485	0.000000	0.000000	0.000545
229	0.000024	0.000000	0.000000	0.157965	0.840031	0.001463	0.000000	0.000000	0.000517
230	0.000035	0.000000	0.000000	0.158007	0.840035	0.001455	0.000000	0.000000	0.000468
231	0.000032	0.000000	0.000000	0.157861	0.840187	0.001462	0.000000	0.000000	0.000458
232	0.000030	0.000000	0.000000	0.157627	0.840465	0.001440	0.000000	0.000000	0.000438
233	0.000030	0.000000	0.000000	0.157179	0.840925	0.001460	0.000000	0.000000	0.000406
234	0.000030	0.000000	0.000000	0.157395	0.840731	0.001467	0.000000	0.000000	0.000377
235	0.000031	0.000000	0.000000	0.157803	0.840309	0.001495	0.000000	0.000000	0.000362
236	0.000031	0.000000	0.000000	0.157474	0.840666	0.001499	0.000000	0.000000	0.000330
237	0.000033	0.000000	0.000000	0.157679	0.840484	0.001488	0.000000	0.000000	0.000316
238	0.000027	0.000000	0.000000	0.157787	0.840371	0.001508	0.000000	0.000000	0.000307
239	0.000030	0.000000	0.000000	0.157479	0.840746	0.001465	0.000000	0.000000	0.000280
240	0.000025	0.000000	0.000000	0.157256	0.840951	0.001506	0.000000	0.000000	0.000262
241	0.000023	0.000000	0.000000	0.157594	0.840640	0.001499	0.000000	0.000000	0.000244
242	0.000024	0.000000	0.000000	0.157889	0.840349	0.001491	0.000000	0.000000	0.000247
243	0.000027	0.000000	0.000000	0.157365	0.840875	0.001505	0.000000	0.000000	0.000228
244	0.000029	0.000000	0.000000	0.157146	0.841113	0.001520	0.000000	0.000000	0.000192
245	0.000028	0.000000	0.000000	0.157392	0.840883	0.001526	0.000000	0.000000	0.000171
246	0.000024	0.000000	0.000000	0.157726	0.840537	0.001555	0.000000	0.000000	0.000158
247	0.000020	0.000000	0.000000	0.157963	0.840316	0.001567	0.000000	0.000000	0.000134
248	0.000018	0.000000	0.000000	0.158147	0.840178	0.001536	0.000000	0.000000	0.000121
249	0.000021	0.000000	0.000000	0.157901	0.840424	0.001527	0.000000	0.000000	0.000127
250	0.000020	0.000000	0.000000	0.158113	0.840217	0.001522	0.000000	0.000000	0.000128
251	0.000018	0.000000	0.000000	0.158100	0.840246	0.001521	0.000000	0.000000	0.000115
252	0.000023	0.000000	0.000000	0.158180	0.840133	0.001566	0.000000	0.000000	0.000098
253	0.000020	0.000000	0.000000	0.158129	0.840153	0.001589	0.000000	0.000000	0.000109
254	0.000029	0.000000	0.000000	0.157914	0.840352	0.001599	0.000000	0.000000	0.000106
255	0.000024	0.000000	0.000000	0.157825	0.840492	0.001550	0.000000	0.000000	0.000109
256	0.000019	0.000000	0.000000	0.157874	0.840445	0.001564	0.000000	0.000000	0.000098
257	0.000020	0.000000	0.000000	0.158062	0.840369	0.001460	0.000000	0.000000	0.000089
258	0.000017	0.000000	0.000000	0.157902	0.840541	0.001450	0.000000	0.000000	0.000090
259	0.000015	0.000000	0.000000	0.157666	0.840771	0.001461	0.000000	0.000000	0.000087
260	0.000015	0.000000	0.000000	0.157911	0.840501	0.001495	0.000000	0.000000	0.000078
261	0.000013	0.000000	0.000000	0.157751	0.840642	0.001517	0.000000	0.000000	0.000077
262	0.000011	0.000000	0.000000	0.157783	0.840661	0.001473	0.000000	0.000000	0.000072
263	0.000012	0.000000	0.000000	0.157693	0.840776	0.001455	0.000000	0.000000	0.000064
264	0.000006	0.000000	0.000000	0.158148	0.840309	0.001470	0.000000	0.000000	0.000067
265	0.000006	0.000000	0.000000	0.158091	0.840342	0.001492	0.000000	0.000000	0.000069
266	0.000007	0.000000	0.000000	0.158042	0.840402	0.001490	0.000000	0.000000	0.000059
267	0.000011	0.000000	0.000000	0.158180	0.840281	0.001474	0.000000	0.000000	0.000054
268	0.000012	0.000000	0.000000	0.157760	0.840712	0.001478	0.000000	0.000000	0.000038
269	0.000014	0.000000	0.000000	0.157812	0.840673	0.001465	0.000000	0.000000	0.000036
270	0.000016	0.000000	0.000000	0.157557	0.840887	0.001510	0.000000	0.000000	0.000030
271	0.000016	0.000000	0.000000	0.157552	0.840866	0.001537	0.000000	0.000000	0.000029
272	0.000012	0.000000	0.000000	0.157773	0.840660	0.001532	0.000000	0.000000	0.000023
273	0.000010	0.000000	0.000000	0.157727	0.840673	0.001565	0.000000	0.000000	0.000025
274	0.000009	0.000000	0.000000	0.157332	0.841140	0.001500	0.000000	0.000000	0.000019
275	0.000011	0.000000	0.000000	0.157490	0.840944	0.001539	0.000000	0.000000	0.000016
276	0.000011	0.000000	0.000000	0.157646	0.840835	0.001494	0.000000	0.000000	0.000014
277	0.000016	0.000000	0.000000	0.157993	0.840430	0.001544	0.000000	0.000000	0.000017
278	0.000012	0.000000	0.000000	0.157803	0.840645	0.001530	0.000000	0.000000	0.000010
279	0.000015	0.000000	0.000000	0.157795	0.840624	0.001555	0.000000	0.000000	0.000011
280	0.000015	0.000000	0.000000	0.157789	0.840620	0.001566	0.000000	0.000000	0.000010
281	0.000008	0.000000	0.000000	0.157807	0.840667	0.001509	0.000000	0.000000	0.000009
282	0.000007	0.000000	0.000000	0.158434	0.840018	0.001536	0.000000	0.000000	0.000005
283	0.000009	0.000000	0.000000	0.158650	0.839820	0.001514	0.000000	0.000000	0.000007
284	0.000010	0.000000	0.000000	0.158835	0.839611	0.001540	0.000000	0.000000	0.000004
285	0.000010	0.000000	0.000000	0.158882	0.839549	0.001556	0.000000	0.000000	0.000003
286	0.000012	0.000000	0.000000	0.158791	0.839649	0.001546	0.000000	0.000000	0.000002
287	0.000014	0.000000	0.000000	0.158943	0.839510	0.001531	0.000000	0.000000	0.000002
288	0.000013	0.000000	0.000000	0.159142	0.839285	0.001560	0.000000	0.000000	0.000000
289	0.000015	0.000000	0.000000	0.158877	0.839547	0.001561	0.000000	0.000000	0.000000
290	0.000017	0.000000	0.000000	0.158738	0.839713	0.001532	0.000000	0.000000	0.000000
291	0.000015	0.000000	0.000000	0.158524	0.839897	0.001564	0.000000	0.000000	0.000000
292	0.000013	0.000000	0.000000	0.158219	0.840214	0.001554	0.000000	0.000000	0.000000
293	0.000008	0.000000	0.000000	0.157737	0.840698	0.001557	0.000000	0.000000	0.000000
294	0.000008	0.000000	0.000000	0.157859	0.840626	0.001507	0.000000	0.000000	0.000000
295	0.000007	0.000000	0.000000	0.158030	0.840439	0.001524	0.000000	0.000000	0.000000
296	0.000007	0.000000	0.000000	0.157719	0.840742	0.001532	0.000000	0.000000	0.000000
297	0.000005	0.000000	0.000000	0.158048	0.840426	0.001521	0.000000	0.000000	0.000000
298	0.000001	0.000000	0.000000	0.157785	0.840684	0.001530	0.000000	0.000000	0.000000
299	0.000002	0.000000	0.000000	0.157389	0.841131	0.001478	0.000000	0.000000	0.000000
300	0.000000	0.000000	0.000000	0.157286	0.841195	0.001519	0.000000	0.000000	0.000000
301	0.000000	0.000000	0.000000	0.157459	0.840997	0.001544	0.000000	0.000000	0.000000
302	0.000000	0.000000	0.000000	0.157597	0.840847	0.001556	0.000000	0.000000	0.000000
303	0.000000	0.000000	0.000000	0.157788	0.840655	0.001557	0.000000	0.000000	0.000000
304	0.000000	0.000000	0.000000	0.157743	0.840752	0.001505	0.000000	0.000000	0.000000
305	0.000000	0.000000	0.000000	0.157597	0.840924	0.001479	0.000000	0.000000	0.000000
306	0.000000	0.000000	0.000000	0.158139	0.840348	0.001513	0.000000	0.000000	0.000000
307	0.000000	0.000000	0.000000	0.158221	0.840277	0.001502	0.000000	0.000000	0.000000
308	0.000000	0.000000	0.000000	0.158175	0.840311	0.001514	0.000000	0.000000	0.000000
309	0.000000	0.000000	0.000000	0.157390	0.841039	0.001571	0.000000	0.000000	0.000000
310	0.000000	0.000000	0.000000	0.157723	0.840728	0.001549	0.000000	0.000000	0.000000
311	0.000000	0.000000	0.000000	0.157639	0.840805	0.001556	0.000000	0.000000	0.000000
312	0.000000	0.000000	0.000000	0.158244	0.840242	0.001514	0.000000	0.000000	0.000000
313	0.000000	0.000000	0.000000	0.158448	0.840003	0.001549	0.000000	0.000000	0.000000
314	0.000000	0.000000	0.000000	0.158622	0.839865	0.001513	0.000000	0.000000	0.000000
315	0.000000	0.000000	0.000000	0.158616	0.839806	0.001578	0.000000	0.000000	0.000000
316	0.000000	0.000000	0.000000	0.158365	0.840078	0.001557	0.000000	0.000000	0.000000
317	0.000000	0.000000	0.000000	0.158618	0.839794	0.001588	0.000000	0.000000	0.000000
318	0.000000	0.000000	0.000000	0.158943	0.839516	0.001541	0.000000	0.000000	0.000000
319	0.000000	0.000000	0.000000	0.158853	0.839632	0.001515	0.000000	0.000000	0.000000
320	0.000000	0.000000	0.000000	0.158645	0.839801	0.001554	0.000000	0.000000	0.000000
321	0.000000	0.000000	0.000000	0.158700	0.839766	0.001534	0.000000	0.000000	0.000000
322	0.000000	0.000000	0.000000	0.158778	0.839684	0.001538	0.000000	0.000000	0.000000
323	0.000000	0.000000	0.000000	0.158357	0.840088	0.001555	0.000000	0.000000	0.000000
324	0.000000	0.000000	0.000000	0.158313	0.840171	0.001516	0.000000	0.000000	0.000000
325	0.000000	0.000000	0.000000	0.158100	0.840382	0.001518	0.000000	0.000000	0.000000
326	0.000000	0.000000	0.000000	0.157988	0.840488	0.001524	0.000000	0.000000	0.000000
327	0.000000	0.000000	0.000000	0.158059	0.840463	0.001478	0.000000	0.000000	0.000000
328	0.000000	0.000000	0.000000	0.158161	0.840399	0.001440	0.000000	0.000000	0.000000
329	0.000000	0.000000	0.000000	0.158074	0.840467	0.001459	0.000000	0.000000	0.000000
330	0.000000	0.000000	0.000000	0.158133	0.840345	0.001522	0.000000	0.000000	0.000000
331	0.000000	0.000000	0.000000	0.158131	0.840369	0.001500	0.000000	0.000000	0.000000
332	0.000000	0.000000	0.000000	0.157595	0.840813	0.001592	0.000000	0.000000	0.000000
333	0.000000	0.000000	0.000000	0.157475	0.840963	0.001562	0.000000	0.000000	0.000000
334	0.000000	0.000000	0.000000	0.157488	0.841018	0.001494	0.000000	0.000000	0.000000
335	0.000000	0.000000	0.000000	0.157306	0.841186	0.001508	0.000000	0.000000	0.000000
336	0.000000	0.000000	0.000000	0.157288	0.841167	0.001545	0.000000	0.000000	0.000000
337	0.000000	0.000000	0.000000	0.157382	0.841109	0.001509	0.000000	0.000000	0.000000
338	0.000000	0.000000	0.000000	0.157122	0.841376	0.001502	0.000000	0.000000	0.000000
339	0.000000	0.000000	0.000000	0.156882	0.841634	0.001484	0.000000	0.000000	0.000000
340	0.000000	0.000000	0.000000	0.156932	0.841554	0.001514	0.000000	0.000000	0.000000
341	0.000000	0.000000	0.000000	0.156697	0.841841	0.001462	0.000000	0.000000	0.000000
342	0.000000	0.000000	0.000000	0.156980	0.841593	0.001427	0.000000	0.000000	0.000000
343	0.000000	0.000000	0.000000	0.156890	0.841660	0.001450	0.000000	0.000000	0.000000
344	0.000000	0.000000	0.000000	0.157288	0.841232	0.001480	0.000000	0.000000	0.000000
345	0.000000	0.000000	0.000000	0.157237	0.841263	0.001500	0.000000	0.000000	0.000000
346	0.000000	0.000000	0.000000	0.157137	0.841354	0.001509	0.000000	0.000000	0.000000
347	0.000000	0.000000	0.000000	0.157158	0.841351	0.001491	0.000000	0.000000	0.000000
348	0.000000	0.000000	0.000000	0.157409	0.841088	0.001503	0.000000	0.000000	0.000000
349	0.000000	0.000000	0.000000	0.157565	0.840942	0.001493	0.000000	0.000000	0.000000
350	0.000000	0.000000	0.000000	0.157568	0.840912	0.001520	0.000000	0.000000	0.000000
351	0.000000	0.000000	0.000000	0.157695	0.840772	0.001533	0.000000	0.000000	0.000000
352	0.000000	0.000000	0.000000	0.157855	0.840592	0.001553	0.000000	0.000000	0.000000
353	0.000000	0.000000	0.000000	0.157410	0.841036	0.001554	0.000000	0.000000	0.000000
354	0.000000	0.000000	0.000000	0.157449	0.840993	0.001558	0.000000	0.000000	0.000000
355	0.000000	0.000000	0.000000	0.157220	0.841246	0.001534	0.000000	0.000000	0.000000
356	0.000000	0.000000	0.000000	0.157232	0.841198	0.001570	0.000000	0.000000	0.000000
357	0.000000	0.000000	0.000000	0.157391	0.841039	0.001570	0.000000	0.000000	0.000000
358	0.000000	0.000000	0.000000	0.157026	0.841350	0.001624	0.000000	0.000000	0.000000
359	0.000000	0.000000	0.000000	0.156698	0.841656	0.001646	0.000000	0.000000	0.000000
360	0.000000	0.000000	0.000000	0.156636	0.841767	0.001597	0.000000	0.000000	0.000000
361	0.000000	0.000000	0.000000	0.156532	0.841905	0.001563	0.000000	0.000000	0.000000
362	0.000000	0.000000	0.000000	0.156856	0.841590	0.001554	0.000000	0.000000	0.000000
363	0.000000	0.000000	0.000000	0.157094	0.841391	0.001515	0.000000	0.000000	0.000000
364	0.000000	0.000000	0.000000	0.157282	0.841207	0.001511	0.000000	0.000000	0.000000
365	0.000000	0.000000	0.000000	0.157169	0.841339	0.001492	0.000000	0.000000	0.000000
366	0.000000	0.000000	0.000000	0.156770	0.841693	0.001537	0.000000	0.000000	0.000000
367	0.000000	0.000000	0.000000	0.157182	0.841360	0.001458	0.000000	0.000000	0.000000
368	0.000000	0.000000	0.000000	0.157017	0.841548	0.001435	0.000000	0.000000	0.000000
369	0.000000	0.000000	0.000000	0.157306	0.841229	0.001465	0.000000	0.000000	0.000000
370	0.000000	0.000000	0.000000	0.157097	0.841438	0.001465	0.000000	0.000000	0.000000
371	0.000000	0.000000	0.000000	0.156908	0.841635	0.001457	0.000000	0.000000	0.000000
372	0.000000	0.000000	0.000000	0.157134	0.841446	0.001420	0.000000	0.000000	0.000000
373	0.000000	0.000000	0.000000	0.156976	0.841577	0.001447	0.000000	0.000000	0.000000
374	0.000000	0.000000	0.000000	0.156529	0.842015	0.001456	0.000000	0.000000	0.000000
375	0.000000	0.000000	0.000000	0.156756	0.841770	0.001474	0.000000	0.000000	0.000000
376	0.000000	0.000000	0.000000	0.156626	0.841955	0.001419	0.000000	0.000000	0.000000
377	0.000000	0.000000	0.000000	0.156377	0.842195	0.001428	0.000000	0.000000	0.000000
378	0.000000	0.000000	0.000000	0.156569	0.841966	0.001465	0.000000	0.000000	0.000000
379	0.000000	0.000000	0.000000	0.156580	0.841983	0.001437	0.000000	0.000000	0.000000
380	0.000000	0.000000	0.000000	0.156919	0.841602	0.001479	0.000000	0.000000	0.000000
381	0.000000	0.000000	0.000000	0.156794	0.841713	0.001493	0.000000	0.000000	0.000000
382	0.000000	0.000000	0.000000	0.156776	0.841733	0.001491	0.000000	0.000000	0.000000
383	0.000000	0.000000	0.000000	0.156880	0.841633	0.001487	0.000000	0.000000	0.000000
384	0.000000	0.000000	0.000000	0.157026	0.841479	0.001495	0.000000	0.000000	0.000000
385	0.000000	0.000000	0.000000	0.156753	0.841746	0.001501	0.000000	0.000000	0.000000
386	0.000000	0.000000	0.000000	0.156873	0.841652	0.001475	0.000000	0.000000	0.000000
387	0.000000	0.000000	0.000000	0.156485	0.842081	0.001434	0.000000	0.000000	0.000000
388	0.000000	0.000000	0.000000	0.156369	0.842158	0.001473	0.000000	0.000000	0.000000
389	0.000000	0.000000	0.000000	0.156751	0.841780	0.001469	0.000000	0.000000	0.000000
390	0.000000	0.000000	0.000000	0.156518	0.841998	0.001484	0.000000	0.000000	0.000000
391	0.000000	0.000000	0.000000	0.156077	0.842470	0.001453	0.000000	0.000000	0.000000
392	0.000000	0.000000	0.000000	0.156194	0.842363	0.001443	0.000000	0.000000	0.000000
393	0.000000	0.000000	0.000000	0.155946	0.842641	0.001413	0.000000	0.000000	0.000000
394	0.000000	0.000000	0.000000	0.155969	0.842639	0.001392	0.000000	0.000000	0.000000
395	0.000000	0.000000	0.000000	0.156175	0.842397	0.001428	0.000000	0.000000	0.000000
396	0.000000	0.000000	0.000000	0.156316	0.842214	0.001470	0.000000	0.000000	0.000000
397	0.000000	0.000000	0.000000	0.156283	0.842283	0.001434	0.000000	0.000000	0.000000
398	0.000000	0.000000	0.000000	0.156370	0.842241	0.001389	0.000000	0.000000	0.000000
399	0.000000	0.000000	0.000000	0.156013	0.842549	0.001438	0.000000	0.000000	0.000000
400	0.000000	0.000000	0.000000	0.155708	0.842868	0.001424	0.000000	0.000000	0.000000
401	0.000000	0.000000	0.000000	0.155147	0.843448	0.001405	0.000000	0.000000	0.000000
402	0.000000	0.000000	0.000000	0.154892	0.843709	0.001399	0.000000	0.000000	0.000000
403	0.000000	0.000000	0.000000	0.154507	0.844083	0.001410	0.000000	0.000000	0.000000
404	0.000000	0.000000	0.000000	0.154465	0.844120	0.001415	0.000000	0.000000	0.000000
405	0.000000	0.000000	0.000000	0.153972	0.844604	0.001424	0.000000	0.000000	0.000000
406	0.000000	0.000000	0.000000	0.153993	0.844584	0.001423	0.000000	0.000000	0.000000
407	0.000000	0.000000	0.000000	0.154220	0.844344	0.001436	0.000000	0.000000	0.000000
408	0.000000	0.000000	0.000000	0.153739	0.844821	0.001440	0.000000	0.000000	0.000000
409	0.000000	0.000000	0.000000	0.153472	0.845119	0.001409	0.000000	0.000000	0.000000
410	0.000000	0.000000	0.000000	0.153538	0.845063	0.001399	0.000000	0.000000	0.000000
411	0.000000	0.000000	0.000000	0.153357	0.845288	0.001355	0.000000	0.000000	0.000000
412	0.000000	0.000000	0.000000	0.153690	0.844956	0.001354	0.000000	0.000000	0.000000
413	0.000000	0.000000	0.000000	0.153144	0.845507	0.001349	0.000000	0.000000	0.000000
414	0.000000	0.000000	0.000000	0.153193	0.845407	0.001400	0.000000	0.000000	0.000000
415	0.000000	0.000000	0.000000	0.153030	0.845625	0.001345	0.000000	0.000000	0.000000
416	0.000000	0.000000	0.000000	0.153368	0.845238	0.001394	0.000000	0.000000	0.000000
417	0.000000	0.000000	0.000000	0.153596	0.844993	0.001411	0.000000	0.000000	0.000000
418	0.000000	0.000000	0.000000	0.153307	0.845290	0.001403	0.000000	0.000000	0.000000
419	0.000000	0.000000	0.000000	0.153146	0.845457	0.001397	0.000000	0.000000	0.000000
420	0.000000	0.000000	0.000000	0.152673	0.845941	0.001386	0.000000	0.000000	0.000000
421	0.000000	0.000000	0.000000	0.152407	0.846185	0.001408	0.000000	0.000000	0.000000
422	0.000000	0.000000	0.000000	0.152379	0.846199	0.001422	0.000000	0.000000	0.000000
423	0.000000	0.000000	0.000000	0.152648	0.845897	0.001455	0.000000	0.000000	0.000000
424	0.000000	0.000000	0.000000	0.152762	0.845802	0.001436	0.000000	0.000000	0.000000
425	0.000000	0.000000	0.000000	0.152623	0.845943	0.001434	0.000000	0.000000	0.000000
426	0.000000	0.000000	0.000000	0.152862	0.845672	0.001466	0.000000	0.000000	0.000000
427	0.000000	0.000000	0.000000	0.152696	0.845833	0.001471	0.000000	0.000000	0.000000
428	0.000000	0.000000	0.000000	0.152490	0.846059	0.001451	0.000000	0.000000	0.000000
429	0.000000	0.000000	0.000000	0.152377	0.846233	0.001390	0.000000	0.000000	0.000000
430	0.000000	0.000000	0.000000	0.152401	0.846227	0.001372	0.000000	0.000000	0.000000
431	0.000000	0.000000	0.000000	0.152957	0.845666	0.001377	0.000000	0.000000	0.000000
432	0.000000	0.000000	0.000000	0.153021	0.845601	0.001378	0.000000	0.000000	0.000000
433	0.000000	0.000000	0.000000	0.153308	0.845293	0.001399	0.000000	0.000000	0.000000
434	0.000000	0.000000	0.000000	0.152887	0.845717	0.001396	0.000000	0.000000	0.000000
435	0.000000	0.000000	0.000000	0.152607	0.845991	0.001402	0.000000	0.000000	0.000000
436	0.000000	0.000000	0.000000	0.152326	0.846270	0.001404	0.000000	0.000000	0.000000
437	0.000000	0.000000	0.000000	0.152715	0.845887	0.001398	0.000000	0.000000	0.000000
438	0.000000	0.000000	0.000000	0.152715	0.845896	0.001389	0.000000	0.000000	0.000000
439	0.000000	0.000000	0.000000	0.152685	0.845884	0.001431	0.000000	0.000000	0.000000
440	0.000000	0.000000	0.000000	0.152854	0.845720	0.001426	0.000000	0.000000	0.000000
441	0.000000	0.000000	0.000000	0.152957	0.845659	0.001384	0.000000	0.000000	0.000000
442	0.000000	0.000000	0.000000	0.153226	0.845416	0.001358	0.000000	0.000000	0.000000
443	0.000000	0.000000	0.000000	0.153931	0.844686	0.001383	0.000000	0.000000	0.000000
444	0.000000	0.000000	0.000000	0.153848	0.844748	0.001404	0.000000	0.000000	0.000000
445	0.000000	0.000000	0.000000	0.154171	0.844424	0.001405	0.000000	0.000000	0.000000
446	0.000000	0.000000	0.000000	0.153913	0.844661	0.001426	0.000000	0.000000	0.000000
447	0.000000	0.000000	0.000000	0.153888	0.844743	0.001369	0.000000	0.000000	0.000000
448	0.000000	0.000000	0.000000	0.154068	0.844541	0.001391	0.000000	0.000000	0.000000
449	0.000000	0.000000	0.000000	0.153836	0.844775	0.001389	0.000000	0.000000	0.000000
450	0.000000	0.000000	0.000000	0.154088	0.844597	0.001315	0.000000	0.000000	0.000000
451	0.000000	0.000000	0.000000	0.154428	0.844208	0.001364	0.000000	0.000000	0.000000
452	0.000000	0.000000	0.000000	0.154363	0.844247	0.001390	0.000000	0.000000	0.000000
453	0.000000	0.000000	0.000000	0.154505	0.844111	0.001384	0.000000	0.000000	0.000000
454	0.000000	0.000000	0.000000	0.154497	0.844146	0.001357	0.000000	0.000000	0.000000
455	0.000000	0.000000	0.000000	0.154467	0.844222	0.001311	0.000000	0.000000	0.000000
456	0.000000	0.000000	0.000000	0.154006	0.844668	0.001326	0.000000	0.000000	0.000000
457	0.000000	0.000000	0.000000	0.154004	0.844708	0.001288	0.000000	0.000000	0.000000
458	0.000000	0.000000	0.000000	0.154259	0.844458	0.001283	0.000000	0.000000	0.000000
459	0.000000	0.000000	0.000000	0.154391	0.844295	0.001314	0.000000	0.000000	0.000000
460	0.000000	0.000000	0.000000	0.154232	0.844479	0.001289	0.000000	0.000000	0.000000
461	0.000000	0.000000	0.000000	0.154048	0.844670	0.001282	0.000000	0.000000	0.000000
462	0.000000	0.000000	0.000000	0.154212	0.844501	0.001287	0.000000	0.000000	0.000000
463	0.000000	0.000000	0.000000	0.154220	0.844440	0.001340	0.000000	0.000000	0.000000
464	0.000000	0.000000	0.000000	0.154247	0.844392	0.001361	0.000000	0.000000	0.000000
465	0.000000	0.000000	0.000000	0.153804	0.844834	0.001362	0.000000	0.000000	0.000000
466	0.000000	0.000000	0.000000	0.153933	0.844691	0.001376	0.000000	0.000000	0.000000
467	0.000000	0.000000	0.000000	0.153737	0.844910	0.001353	0.000000	0.000000	0.000000
468	0.000000	0.000000	0.000000	0.153781	0.844901	0.001318	0.000000	0.000000	0.000000
469	0.000000	0.000000	0.000000	0.153898	0.844801	0.001301	0.000000	0.000000	0.000000
470	0.000000	0.000000	0.000000	0.153561	0.845144	0.001295	0.000000	0.000000	0.000000
