0	0.290663	0.057897	0.229473	0.157588	0.029913	0.111872	0.085455	0.012259	0.024880
1	0.239214	0.049254	0.205731	0.131080	0.026920	0.113083	0.120052	0.023044	0.091622
2	0.246088	0.049689	0.210007	0.118013	0.025908	0.103727	0.121549	0.023368	0.101651
3	0.259018	0.050877	0.215908	0.106981	0.025617	0.093420	0.119498	0.022814	0.105867
4	0.272482	0.052003	0.221236	0.096945	0.025541	0.083699	0.116572	0.021668	0.109854
5	0.286879	0.053219	0.225709	0.088296	0.025550	0.075335	0.111918	0.020173	0.112921
6	0.300613	0.054082	0.229602	0.080154	0.025757	0.066872	0.107632	0.019337	0.115951
7	0.314479	0.054702	0.232815	0.072753	0.026050	0.059586	0.103294	0.018050	0.118271
8	0.327770	0.055340	0.235544	0.066223	0.026623	0.053064	0.098298	0.016802	0.120336
9	0.340764	0.055656	0.237926	0.059964	0.027011	0.047315	0.093826	0.015781	0.121757
10	0.353863	0.055910	0.239085	0.054387	0.027287	0.042029	0.088969	0.014970	0.123500
11	0.365869	0.056298	0.239779	0.049565	0.027879	0.037210	0.084951	0.013733	0.124716
12	0.377636	0.056571	0.241255	0.044949	0.028504	0.032841	0.079545	0.013078	0.125621
13	0.388797	0.056708	0.241528	0.040858	0.028977	0.029336	0.074960	0.012202	0.126634
14	0.400067	0.056830	0.240653	0.036847	0.029899	0.026330	0.070362	0.011186	0.127826
15	0.409656	0.057132	0.240109	0.033649	0.030618	0.023304	0.066400	0.010579	0.128553
16	0.419539	0.057434	0.238997	0.030660	0.031331	0.020761	0.062663	0.009975	0.128640
17	0.429190	0.057521	0.238043	0.027804	0.031863	0.018705	0.058415	0.009395	0.129064
18	0.438251	0.057544	0.236762	0.025166	0.032612	0.016638	0.054800	0.008762	0.129465
19	0.446802	0.057451	0.235212	0.023024	0.033538	0.014764	0.051569	0.008054	0.129586
20	0.455136	0.057066	0.233452	0.021189	0.034452	0.013155	0.048493	0.007568	0.129489
21	0.462555	0.056638	0.231584	0.019364	0.035488	0.011932	0.045554	0.007071	0.129814
22	0.470111	0.056490	0.229771	0.017781	0.036251	0.010655	0.042716	0.006617	0.129608
23	0.477447	0.056550	0.227073	0.016327	0.037373	0.009517	0.040083	0.006249	0.129381
24	0.483856	0.056233	0.225599	0.014936	0.038164	0.008720	0.037360	0.005889	0.129243
25	0.489949	0.055651	0.224499	0.013789	0.039248	0.008064	0.034592	0.005597	0.128611
26	0.496320	0.055459	0.221662	0.012746	0.040169	0.007348	0.032519	0.005318	0.128459
27	0.502320	0.055111	0.219890	0.011773	0.041204	0.006579	0.029970	0.004925	0.128228
28	0.507899	0.054839	0.217728	0.010889	0.042131	0.006102	0.028045	0.004628	0.127739
29	0.513899	0.054563	0.215486	0.010132	0.043116	0.005462	0.026410	0.004227	0.126705
30	0.518979	0.054490	0.213773	0.009394	0.044153	0.004888	0.024558	0.003956	0.125809
31	0.524440	0.054123	0.210695	0.008755	0.045328	0.004465	0.022869	0.003725	0.125600
32	0.529278	0.053889	0.208252	0.008230	0.046515	0.004211	0.021471	0.003426	0.124728
33	0.534042	0.053469	0.205826	0.007691	0.047790	0.003938	0.020017	0.003232	0.123995
34	0.538014	0.053170	0.203623	0.007214	0.049142	0.003724	0.018707	0.003166	0.123240
35	0.541553	0.053058	0.201432	0.006626	0.050518	0.003456	0.017474	0.002948	0.122935
36	0.545457	0.052790	0.198901	0.006261	0.051926	0.003240	0.016491	0.002819	0.122115
37	0.548950	0.052472	0.197082	0.005935	0.053270	0.002959	0.015371	0.002627	0.121334
38	0.552500	0.052027	0.194860	0.005399	0.054699	0.002764	0.014283	0.002415	0.121053
39	0.556473	0.051717	0.192751	0.005136	0.056235	0.002566	0.013286	0.002238	0.119598
40	0.559689	0.051235	0.190987	0.004928	0.057635	0.002407	0.012527	0.002140	0.118452
41	0.562766	0.051065	0.188501	0.004647	0.059203	0.002305	0.011753	0.001951	0.117809
42	0.566131	0.050445	0.186137	0.004375	0.061014	0.002156	0.011132	0.001788	0.116822
43	0.569003	0.050421	0.183729	0.004201	0.062839	0.001916	0.010460	0.001778	0.115653
44	0.571958	0.049865	0.182193	0.003998	0.064215	0.001865	0.009906	0.001561	0.114439
45	0.574368	0.049586	0.180385	0.003830	0.065867	0.001672	0.009308	0.001505	0.113479
46	0.576491	0.049377	0.178599	0.003718	0.067657	0.001608	0.008560	0.001395	0.112595
47	0.579223	0.048767	0.176660	0.003550	0.069132	0.001538	0.007995	0.001293	0.111842
48	0.582589	0.048451	0.174048	0.003381	0.070845	0.001420	0.007425	0.001218	0.110623
49	0.584911	0.048019	0.172052	0.003230	0.072868	0.001289	0.006932	0.001138	0.109561
50	0.587232	0.047642	0.170336	0.003047	0.074435	0.001240	0.006414	0.001077	0.108577
51	0.589702	0.047134	0.169050	0.003013	0.076298	0.001214	0.006048	0.000944	0.106597
52	0.592174	0.046630	0.167067	0.002966	0.078366	0.001079	0.005621	0.000941	0.105156
53	0.593829	0.046177	0.165823	0.002810	0.080318	0.000996	0.005376	0.000864	0.103807
54	0.595986	0.045535	0.163897	0.002770	0.082429	0.000996	0.004993	0.000829	0.102565
55	0.598272	0.045043	0.161803	0.002677	0.084541	0.000970	0.004636	0.000806	0.101252
56	0.600122	0.044740	0.160305	0.002533	0.086543	0.000882	0.004281	0.000753	0.099841
57	0.601972	0.044327	0.158900	0.002424	0.088522	0.000824	0.003981	0.000720	0.098330
58	0.603988	0.043679	0.157299	0.002403	0.090466	0.000832	0.003742	0.000673	0.096918
59	0.606023	0.043125	0.155295	0.002285	0.092830	0.000799	0.003516	0.000645	0.095482
60	0.607461	0.042841	0.153980	0.002181	0.094843	0.000761	0.003285	0.000606	0.094042
61	0.608829	0.042680	0.152644	0.002159	0.096968	0.000711	0.003076	0.000596	0.092337
62	0.610986	0.042016	0.151014	0.002021	0.098806	0.000727	0.002840	0.000521	0.091069
63	0.612680	0.041620	0.149353	0.001892	0.101013	0.000692	0.002695	0.000525	0.089530
64	0.614271	0.041373	0.147475	0.001843	0.102913	0.000702	0.002491	0.000506	0.088426
65	0.615479	0.041048	0.146005	0.001771	0.105228	0.000641	0.002337	0.000490	0.087001
66	0.617510	0.040332	0.144299	0.001730	0.107369	0.000599	0.002180	0.000455	0.085526
67	0.618947	0.040121	0.142406	0.001691	0.109827	0.000562	0.002064	0.000435	0.083947
68	0.620258	0.039635	0.140357	0.001662	0.112070	0.000516	0.001989	0.000394	0.083119
69	0.621895	0.039173	0.138944	0.001567	0.114354	0.000472	0.001847	0.000368	0.081380
70	0.622461	0.038862	0.137466	0.001544	0.117019	0.000462	0.001689	0.000351	0.080146
71	0.623609	0.038655	0.135904	0.001506	0.119486	0.000429	0.001544	0.000329	0.078538
72	0.624444	0.038172	0.134503	0.001418	0.122063	0.000428	0.001484	0.000306	0.077182
73	0.625506	0.037692	0.133472	0.001381	0.124393	0.000450	0.001332	0.000276	0.075498
74	0.626640	0.037378	0.131657	0.001268	0.126849	0.000416	0.001242	0.000260	0.074290
75	0.627386	0.037070	0.130715	0.001195	0.129151	0.000399	0.001155	0.000237	0.072692
76	0.627552	0.036787	0.129786	0.001133	0.131739	0.000375	0.001070	0.000219	0.071339
77	0.628262	0.036484	0.128462	0.001107	0.134521	0.000344	0.001037	0.000207	0.069576
78	0.628551	0.036290	0.127582	0.001074	0.136832	0.000332	0.000967	0.000175	0.068197
79	0.629741	0.035672	0.126227	0.001019	0.139107	0.000317	0.000909	0.000158	0.066850
80	0.630364	0.035433	0.124852	0.000969	0.141482	0.000311	0.000853	0.000132	0.065604
81	0.630554	0.035059	0.123523	0.000923	0.144428	0.000337	0.000801	0.000099	0.064276
82	0.631232	0.034795	0.122191	0.000882	0.147048	0.000327	0.000753	0.000118	0.062654
83	0.631654	0.034562	0.120858	0.000827	0.149397	0.000299	0.000698	0.000106	0.061599
84	0.631869	0.034274	0.119425	0.000813	0.152283	0.000311	0.000672	0.000101	0.060252
85	0.631974	0.033634	0.118821	0.000787	0.154990	0.000317	0.000613	0.000103	0.058761
86	0.632388	0.033080	0.117705	0.000787	0.157525	0.000306	0.000555	0.000096	0.057558
87	0.632523	0.032500	0.116607	0.000787	0.160545	0.000290	0.000528	0.000092	0.056128
88	0.632306	0.032184	0.115538	0.000771	0.163311	0.000252	0.000519	0.000081	0.055038
89	0.632018	0.031851	0.114921	0.000724	0.166086	0.000259	0.000477	0.000060	0.053604
90	0.631612	0.031387	0.114505	0.000721	0.168852	0.000241	0.000432	0.000055	0.052195
91	0.631605	0.030963	0.113359	0.000697	0.171955	0.000216	0.000410	0.000054	0.050741
92	0.631887	0.030440	0.112007	0.000700	0.174859	0.000218	0.000386	0.000063	0.049440
93	0.631360	0.029874	0.111484	0.000720	0.177804	0.000228	0.000361	0.000056	0.048113
94	0.630975	0.029429	0.110544	0.000682	0.180607	0.000221	0.000346	0.000047	0.047149
95	0.630108	0.029207	0.109743	0.000653	0.183689	0.000201	0.000313	0.000043	0.046043
96	0.629442	0.028804	0.109004	0.000621	0.186827	0.000184	0.000274	0.000045	0.044799
97	0.628762	0.028282	0.108091	0.000608	0.190099	0.000176	0.000259	0.000050	0.043673
98	0.627756	0.028093	0.107551	0.000570	0.193172	0.000168	0.000255	0.000047	0.042388
99	0.627243	0.027749	0.106887	0.000572	0.196149	0.000158	0.000228	0.000050	0.040964
100	0.627147	0.027184	0.106041	0.000538	0.198952	0.000147	0.000225	0.000049	0.039717
101	0.626354	0.027004	0.104905	0.000540	0.202120	0.000156	0.000202	0.000043	0.038676
102	0.625591	0.026595	0.104008	0.000522	0.205206	0.000143	0.000180	0.000034	0.037721
103	0.624863	0.026225	0.103164	0.000499	0.208210	0.000161	0.000174	0.000037	0.036667
104	0.623599	0.025949	0.102437	0.000498	0.211688	0.000158	0.000183	0.000023	0.035465
105	0.622106	0.025760	0.102121	0.000507	0.214640	0.000150	0.000171	0.000026	0.034519
106	0.621554	0.025294	0.100885	0.000522	0.217927	0.000143	0.000158	0.000016	0.033501
107	0.620652	0.024862	0.100288	0.000496	0.221171	0.000126	0.000136	0.000020	0.032249
108	0.619783	0.024390	0.099671	0.000480	0.223992	0.000117	0.000144	0.000015	0.031408
109	0.618836	0.023934	0.099070	0.000479	0.226891	0.000126	0.000132	0.000016	0.030516
110	0.617067	0.023524	0.098622	0.000453	0.230079	0.000109	0.000127	0.000015	0.030004
111	0.615741	0.022946	0.098040	0.000444	0.233645	0.000105	0.000122	0.000013	0.028944
112	0.614196	0.022671	0.097442	0.000437	0.236871	0.000106	0.000106	0.000017	0.028154
113	0.613101	0.022298	0.096486	0.000437	0.240067	0.000096	0.000115	0.000019	0.027381
114	0.611523	0.021876	0.096267	0.000375	0.243409	0.000080	0.000096	0.000014	0.026360
115	0.609674	0.021715	0.095467	0.000376	0.246867	0.000084	0.000083	0.000007	0.025727
116	0.609124	0.021125	0.094108	0.000375	0.250116	0.000086	0.000085	0.000008	0.024973
117	0.607141	0.020851	0.093683	0.000396	0.253575	0.000066	0.000084	0.000006	0.024198
118	0.605569	0.020671	0.093065	0.000382	0.256699	0.000076	0.000083	0.000003	0.023452
119	0.603710	0.020299	0.092458	0.000388	0.260141	0.000067	0.000058	0.000002	0.022877
120	0.602757	0.020052	0.091609	0.000358	0.262920	0.000071	0.000064	0.000002	0.022167
121	0.601193	0.019532	0.091022	0.000386	0.266224	0.000070	0.000056	0.000001	0.021516
122	0.598958	0.019370	0.090311	0.000353	0.269938	0.000065	0.000050	0.000002	0.020953
123	0.597590	0.018856	0.089456	0.000325	0.273421	0.000061	0.000048	0.000000	0.020243
124	0.595770	0.018724	0.088846	0.000291	0.276676	0.000064	0.000052	0.000000	0.019577
125	0.594454	0.018322	0.087970	0.000310	0.279779	0.000057	0.000053	0.000000	0.019055
126	0.592843	0.018098	0.087117	0.000281	0.283062	0.000073	0.000043	0.000000	0.018483
127	0.590976	0.017811	0.086438	0.000271	0.286732	0.000066	0.000040	0.000000	0.017666
128	0.589239	0.017394	0.085447	0.000257	0.290359	0.000070	0.000038	0.000000	0.017196
129	0.586948	0.016971	0.085108	0.000242	0.293818	0.000071	0.000035	0.000000	0.016807
130	0.585468	0.016647	0.084023	0.000266	0.297315	0.000070	0.000035	0.000000	0.016176
131	0.584059	0.016442	0.083024	0.000246	0.300493	0.000074	0.000025	0.000000	0.015637
132	0.581854	0.016076	0.082695	0.000223	0.304012	0.000070	0.000028	0.000000	0.015042
133	0.579318	0.015800	0.082235	0.000227	0.307671	0.000071	0.000024	0.000000	0.014654
134	0.576536	0.015474	0.081764	0.000235	0.311755	0.000068	0.000027	0.000000	0.014141
135	0.574314	0.015310	0.081289	0.000208	0.315089	0.000072	0.000026	0.000000	0.013692
136	0.571660	0.015180	0.080971	0.000204	0.318564	0.000082	0.000018	0.000000	0.013321
137	0.569517	0.014942	0.080375	0.000211	0.322166	0.000080	0.000014	0.000000	0.012695
138	0.566655	0.014855	0.080221	0.000214	0.325691	0.000070	0.000013	0.000000	0.012281
139	0.564287	0.014694	0.079662	0.000226	0.329078	0.000065	0.000021	0.000000	0.011967
140	0.561782	0.014612	0.079078	0.000205	0.332581	0.000070	0.000017	0.000000	0.011655
141	0.559909	0.014220	0.078275	0.000189	0.336065	0.000066	0.000022	0.000000	0.011254
142	0.557233	0.013933	0.077995	0.000206	0.339797	0.000065	0.000023	0.000000	0.010748
143	0.554686	0.013766	0.077197	0.000180	0.343712	0.000062	0.000014	0.000000	0.010383
144	0.552005	0.013668	0.076813	0.000204	0.347110	0.000066	0.000012	0.000000	0.010122
145	0.549239	0.013401	0.076554	0.000195	0.350809	0.000061	0.000012	0.000000	0.009729
146	0.547267	0.013261	0.076063	0.000182	0.353661	0.000056	0.000010	0.000000	0.009500
147	0.545325	0.013012	0.075381	0.000185	0.356698	0.000058	0.000004	0.000000	0.009337
148	0.543172	0.012958	0.075054	0.000178	0.359596	0.000064	0.000005	0.000000	0.008973
149	0.540612	0.013003	0.074472	0.000178	0.363031	0.000054	0.000004	0.000000	0.008646
150	0.538082	0.012717	0.073891	0.000161	0.366697	0.000059	0.000002	0.000000	0.008391
151	0.535378	0.012513	0.073369	0.000168	0.370473	0.000056	0.000001	0.000000	0.008042
152	0.532828	0.012377	0.073155	0.000156	0.373613	0.000050	0.000001	0.000000	0.007820
153	0.530497	0.012153	0.072362	0.000156	0.377142	0.000054	0.000000	0.000000	0.007636
154	0.528203	0.011874	0.071859	0.000145	0.380587	0.000051	0.000000	0.000000	0.007281
155	0.525511	0.011572	0.071271	0.000140	0.384427	0.000057	0.000000	0.000000	0.007022
156	0.522792	0.011407	0.070810	0.000141	0.388067	0.000044	0.000000	0.000000	0.006739
157	0.520181	0.011199	0.070449	0.000138	0.391434	0.000052	0.000000	0.000000	0.006547
158	0.517590	0.011098	0.070091	0.000137	0.394719	0.000041	0.000000	0.000000	0.006324
159	0.514691	0.010861	0.069496	0.000133	0.398624	0.000038	0.000000	0.000000	0.006157
160	0.512446	0.010749	0.068954	0.000147	0.401753	0.000040	0.000000	0.000000	0.005911
161	0.510063	0.010512	0.068315	0.000138	0.405287	0.000042	0.000000	0.000000	0.005643
162	0.507943	0.010404	0.067943	0.000134	0.408080	0.000043	0.000000	0.000000	0.005453
163	0.505259	0.010230	0.067431	0.000122	0.411626	0.000043	0.000000	0.000000	0.005289
164	0.502239	0.010077	0.067013	0.000116	0.415315	0.000044	0.000000	0.000000	0.005196
165	0.499179	0.009935	0.066685	0.000092	0.419042	0.000041	0.000000	0.000000	0.005026
166	0.497239	0.009652	0.066193	0.000105	0.421932	0.000046	0.000000	0.000000	0.004833
167	0.494470	0.009434	0.065955	0.000088	0.425283	0.000036	0.000000	0.000000	0.004734
168	0.491959	0.009176	0.065285	0.000107	0.428894	0.000042	0.000000	0.000000	0.004537
169	0.489503	0.009004	0.064516	0.000102	0.432361	0.000038	0.000000	0.000000	0.004476
170	0.486507	0.008986	0.064153	0.000097	0.435881	0.000039	0.000000	0.000000	0.004337
171	0.483311	0.008881	0.063706	0.000087	0.439690	0.000036	0.000000	0.000000	0.004289
172	0.480740	0.008720	0.063165	0.000091	0.443126	0.000037	0.000000	0.000000	0.004121
173	0.478071	0.008609	0.062830	0.000078	0.446383	0.000035	0.000000	0.000000	0.003994
174	0.475114	0.008561	0.062467	0.000074	0.449875	0.000036	0.000000	0.000000	0.003873
175	0.472217	0.008328	0.061986	0.000077	0.453562	0.000040	0.000000	0.000000	0.003790
176	0.469101	0.008235	0.061555	0.000072	0.457336	0.000030	0.000000	0.000000	0.003671
177	0.466357	0.008050	0.061259	0.000060	0.460685	0.000030	0.000000	0.000000	0.003559
178	0.463216	0.008023	0.060588	0.000050	0.464651	0.000025	0.000000	0.000000	0.003447
179	0.461049	0.007891	0.059886	0.000055	0.467683	0.000030	0.000000	0.000000	0.003406
180	0.457704	0.007697	0.059707	0.000050	0.471519	0.000027	0.000000	0.000000	0.003296
181	0.455238	0.007629	0.059125	0.000056	0.474701	0.000029	0.000000	0.000000	0.003222
182	0.452011	0.007563	0.058856	0.000063	0.478280	0.000029	0.000000	0.000000	0.003198
183	0.449169	0.007520	0.058482	0.000067	0.481652	0.000023	0.000000	0.000000	0.003087
184	0.446676	0.007432	0.058203	0.000066	0.484644	0.000020	0.000000	0.000000	0.002959
185	0.444131	0.007247	0.057598	0.000069	0.488133	0.000015	0.000000	0.000000	0.002807
186	0.441718	0.007051	0.057221	0.000065	0.491200	0.000016	0.000000	0.000000	0.002729
187	0.438597	0.006896	0.056618	0.000067	0.495101	0.000018	0.000000	0.000000	0.002703
188	0.435471	0.006743	0.056401	0.000072	0.498709	0.000012	0.000000	0.000000	0.002592
189	0.433152	0.006625	0.055988	0.000073	0.501611	0.000018	0.000000	0.000000	0.002533
190	0.430429	0.006524	0.055553	0.000076	0.504927	0.000016	0.000000	0.000000	0.002475
191	0.427978	0.006407	0.055170	0.000071	0.507980	0.000013	0.000000	0.000000	0.002381
192	0.424750	0.006386	0.054778	0.000075	0.511662	0.000017	0.000000	0.000000	0.002332
193	0.422707	0.006251	0.054024	0.000076	0.514671	0.000019	0.000000	0.000000	0.002252
194	0.419938	0.006063	0.053497	0.000069	0.518237	0.000021	0.000000	0.000000	0.002175
195	0.417060	0.005959	0.053440	0.000072	0.521352	0.000018	0.000000	0.000000	0.002099
196	0.414443	0.005769	0.052871	0.000070	0.524794	0.000022	0.000000	0.000000	0.002031
197	0.411524	0.005706	0.052625	0.000068	0.528018	0.000019	0.000000	0.000000	0.002040
198	0.408919	0.005613	0.052278	0.000074	0.531166	0.000016	0.000000	0.000000	0.001934
199	0.405829	0.005516	0.051954	0.000071	0.534732	0.000014	0.000000	0.000000	0.001884
200	0.403244	0.005405	0.051309	0.000075	0.538113	0.000017	0.000000	0.000000	0.001837
201	0.400264	0.005329	0.050900	0.000075	0.541690	0.000014	0.000000	0.000000	0.001728
202	0.397642	0.005250	0.050559	0.000084	0.544731	0.000021	0.000000	0.000000	0.001713
203	0.394440	0.005174	0.050376	0.000074	0.548260	0.000018	0.000000	0.000000	0.001658
204	0.391525	0.005017	0.049903	0.000064	0.551864	0.000015	0.000000	0.000000	0.001612
205	0.388252	0.004915	0.049595	0.000070	0.555534	0.000017	0.000000	0.000000	0.001617
206	0.385371	0.004827	0.049234	0.000062	0.558894	0.000016	0.000000	0.000000	0.001596
207	0.383137	0.004643	0.048883	0.000058	0.561684	0.000015	0.000000	0.000000	0.001580
208	0.380153	0.004694	0.048721	0.000055	0.564810	0.000015	0.000000	0.000000	0.001552
209	0.377288	0.004538	0.048304	0.000062	0.568329	0.000013	0.000000	0.000000	0.001466
210	0.374847	0.004395	0.047930	0.000065	0.571345	0.000010	0.000000	0.000000	0.001408
211	0.371831	0.004317	0.047570	0.000067	0.574882	0.000010	0.000000	0.000000	0.001323
212	0.369110	0.004154	0.047148	0.000062	0.578254	0.000009	0.000000	0.000000	0.001263
213	0.366198	0.004081	0.046849	0.000066	0.581577	0.000011	0.000000	0.000000	0.001218
214	0.363163	0.004006	0.046563	0.000057	0.584954	0.000011	0.000000	0.000000	0.001246
215	0.360748	0.003879	0.046085	0.000061	0.588011	0.000011	0.000000	0.000000	0.001205
216	0.357764	0.003805	0.045824	0.000070	0.591391	0.000005	0.000000	0.000000	0.001141
217	0.355025	0.003744	0.045359	0.000067	0.594657	0.000009	0.000000	0.000000	0.001139
218	0.352005	0.003711	0.045180	0.000071	0.597946	0.000005	0.000000	0.000000	0.001082
219	0.348753	0.003615	0.045039	0.000062	0.601460	0.000006	0.000000	0.000000	0.001065
220	0.346433	0.003543	0.044764	0.000065	0.604157	0.000006	0.000000	0.000000	0.001032
221	0.343868	0.003424	0.044470	0.000063	0.607180	0.000011	0.000000	0.000000	0.000984
222	0.341520	0.003314	0.044177	0.000067	0.609962	0.000006	0.000000	0.000000	0.000954
223	0.338612	0.003212	0.043734	0.000066	0.613452	0.000007	0.000000	0.000000	0.000917
224	0.336123	0.003195	0.043333	0.000070	0.616411	0.000007	0.000000	0.000000	0.000861
225	0.333288	0.003155	0.042810	0.000080	0.619804	0.000009	0.000000	0.000000	0.000854
226	0.330889	0.003079	0.042407	0.000082	0.622669	0.000010	0.000000	0.000000	0.000864
227	0.327646	0.003061	0.042150	0.000093	0.626226	0.000011	0.000000	0.000000	0.000813
228	0.324784	0.002967	0.042065	0.000093	0.629324	0.000013	0.000000	0.000000	0.000754
229	0.322116	0.002863	0.041846	0.000097	0.632328	0.000014	0.000000	0.000000	0.000736
230	0.319400	0.002815	0.041547	0.000105	0.635419	0.000021	0.000000	0.000000	0.000693
231	0.316805	0.002806	0.041091	0.000102	0.638481	0.000024	0.000000	0.000000	0.000691
232	0.314095	0.002776	0.040690	0.000099	0.641684	0.000016	0.000000	0.000000	0.000640
233	0.311359	0.002674	0.040556	0.000097	0.644642	0.000021	0.000000	0.000000	0.000651
234	0.308651	0.002633	0.040293	0.000091	0.647704	0.000023	0.000000	0.000000	0.000605
235	0.305532	0.002573	0.040053	0.000088	0.651137	0.000024	0.000000	0.000000	0.000593
236	0.303164	0.002429	0.039429	0.000098	0.654254	0.000026	0.000000	0.000000	0.000600
237	0.300472	0.002383	0.039047	0.000101	0.657363	0.000033	0.000000	0.000000	0.000601
238	0.297860	0.002272	0.038630	0.000089	0.660515	0.000038	0.000000	0.000000	0.000596
239	0.295205	0.002238	0.038228	0.000087	0.663622	0.000035	0.000000	0.000000	0.000585
240	0.292523	0.002217	0.037885	0.000087	0.666694	0.000037	0.000000	0.000000	0.000557
241	0.289637	0.002191	0.037339	0.000088	0.670175	0.000038	0.000000	0.000000	0.000532
242	0.286984	0.002095	0.037220	0.000080	0.673065	0.000034	0.000000	0.000000	0.000522
243	0.284359	0.002030	0.036655	0.000087	0.676344	0.000028	0.000000	0.000000	0.000497
244	0.281976	0.001969	0.036354	0.000095	0.679122	0.000040	0.000000	0.000000	0.000444
245	0.279535	0.001922	0.035997	0.000098	0.681985	0.000036	0.000000	0.000000	0.000427
246	0.276938	0.001779	0.035559	0.000086	0.685229	0.000027	0.000000	0.000000	0.000382
247	0.274490	0.001724	0.035227	0.000088	0.688089	0.000028	0.000000	0.000000	0.000354
248	0.271789	0.001709	0.034985	0.000092	0.691041	0.000023	0.000000	0.000000	0.000361
249	0.269834	0.001672	0.034548	0.000099	0.693474	0.000026	0.000000	0.000000	0.000347
250	0.267458	0.001629	0.033990	0.000110	0.696417	0.000031	0.000000	0.000000	0.000365
251	0.264997	0.001592	0.033934	0.000114	0.698997	0.000030	0.000000	0.000000	0.000336
252	0.262652	0.001561	0.033662	0.000103	0.701667	0.000027	0.000000	0.000000	0.000328
253	0.260112	0.001576	0.033245	0.000101	0.704625	0.000024	0.000000	0.000000	0.000317
254	0.257879	0.001548	0.032825	0.000106	0.707321	0.000026	0.000000	0.000000	0.000295
255	0.255290	0.001510	0.032370	0.000094	0.710414	0.000027	0.000000	0.000000	0.000295
256	0.252979	0.001424	0.032129	0.000098	0.713058	0.000025	0.000000	0.000000	0.000287
257	0.250208	0.001497	0.031874	0.000092	0.716021	0.000024	0.000000	0.000000	0.000284
258	0.247829	0.001404	0.031712	0.000093	0.718658	0.000026	0.000000	0.000000	0.000278
259	0.245587	0.001396	0.031138	0.000090	0.721500	0.000015	0.000000	0.000000	0.000274
260	0.242763	0.001346	0.031081	0.000102	0.724423	0.000016	0.000000	0.000000	0.000269
261	0.240424	0.001290	0.030580	0.000103	0.727304	0.000020	0.000000	0.000000	0.000279
262	0.238213	0.001255	0.030342	0.000093	0.729797	0.000018	0.000000	0.000000	0.000282
263	0.235786	0.001205	0.029964	0.000098	0.732657	0.000017	0.000000	0.000000	0.000273
264	0.233327	0.001156	0.029608	0.000083	0.735543	0.000020	0.000000	0.000000	0.000263
265	0.231287	0.001127	0.029249	0.000080	0.737980	0.000017	0.000000	0.000000	0.000260
266	0.229127	0.001053	0.029054	0.000084	0.740410	0.000016	0.000000	0.000000	0.000256
267	0.226780	0.001051	0.028616	0.000090	0.743199	0.000020	0.000000	0.000000	0.000244
268	0.224855	0.001036	0.028346	0.000091	0.745414	0.000016	0.000000	0.000000	0.000242
269	0.222629	0.000997	0.028060	0.000076	0.748013	0.000015	0.000000	0.000000	0.000210
270	0.220553	0.000997	0.027702	0.000084	0.750437	0.000015	0.000000	0.000000	0.000212
271	0.218688	0.000954	0.027296	0.000094	0.752774	0.000008	0.000000	0.000000	0.000186
272	0.216061	0.000928	0.027146	0.000088	0.755576	0.000015	0.000000	0.000000	0.000186
273	0.213765	0.000884	0.026898	0.000081	0.758181	0.000018	0.000000	0.000000	0.000173
274	0.211842	0.000888	0.026537	0.000084	0.760465	0.000015	0.000000	0.000000	0.000169
275	0.210009	0.000848	0.025963	0.000081	0.762913	0.000012	0.000000	0.000000	0.000174
276	0.207664	0.000844	0.025807	0.000075	0.765448	0.000013	0.000000	0.000000	0.000149
277	0.205503	0.000802	0.025702	0.000075	0.767777	0.000012	0.000000	0.000000	0.000129
278	0.203344	0.000818	0.025427	0.000067	0.770188	0.000011	0.000000	0.000000	0.000145
279	0.201454	0.000786	0.024913	0.000064	0.772635	0.000014	0.000000	0.000000	0.000134
280	0.199246	0.000783	0.024756	0.000068	0.775031	0.000017	0.000000	0.000000	0.000099
281	0.197058	0.000767	0.024454	0.000064	0.777546	0.000015	0.000000	0.000000	0.000096
282	0.194785	0.000765	0.024383	0.000067	0.779890	0.000007	0.000000	0.000000	0.000103
283	0.192808	0.000751	0.024000	0.000067	0.782266	0.000008	0.000000	0.000000	0.000100
284	0.190834	0.000689	0.023692	0.000064	0.784639	0.000004	0.000000	0.000000	0.000078
285	0.188446	0.000688	0.023514	0.000067	0.787214	0.000003	0.000000	0.000000	0.000068
286	0.186456	0.000626	0.023101	0.000069	0.789677	0.000005	0.000000	0.000000	0.000066
287	0.184434	0.000644	0.022898	0.000059	0.791905	0.000002	0.000000	0.000000	0.000058
288	0.182233	0.000604	0.022814	0.000065	0.794235	0.000002	0.000000	0.000000	0.000047
289	0.180052	0.000578	0.022642	0.000052	0.796623	0.000003	0.000000	0.000000	0.000050
290	0.178307	0.000551	0.022434	0.000061	0.798591	0.000001	0.000000	0.000000	0.000055
291	0.176098	0.000532	0.022339	0.000070	0.800916	0.000000	0.000000	0.000000	0.000045
292	0.174084	0.000557	0.022052	0.000076	0.803191	0.000000	0.000000	0.000000	0.000040
293	0.172104	0.000546	0.021831	0.000061	0.805420	0.000000	0.000000	0.000000	0.000038
294	0.170106	0.000528	0.021715	0.000068	0.807538	0.000000	0.000000	0.000000	0.000045
295	0.168151	0.000483	0.021571	0.000066	0.809691	0.000000	0.000000	0.000000	0.000038
296	0.166139	0.000484	0.021312	0.000067	0.811962	0.000000	0.000000	0.000000	0.000036
297	0.164145	0.000444	0.021001	0.000059	0.814312	0.000000	0.000000	0.000000	0.000039
298	0.162359	0.000451	0.020785	0.000056	0.816313	0.000000	0.000000	0.000000	0.000036
299	0.160759	0.000410	0.020447	0.000049	0.818303	0.000000	0.000000	0.000000	0.000032
300	0.158419	0.000437	0.020299	0.000048	0.820761	0.000000	0.000000	0.000000	0.000036
301	0.156414	0.000442	0.020239	0.000057	0.822825	0.000000	0.000000	0.000000	0.000023
302	0.154508	0.000430	0.019977	0.000043	0.825011	0.000000	0.000000	0.000000	0.000031
303	0.152511	0.000372	0.019888	0.000035	0.827166	0.000000	0.000000	0.000000	0.000028
304	0.150928	0.000356	0.019482	0.000027	0.829177	0.000000	0.000000	0.000000	0.000030
305	0.149069	0.000346	0.019406	0.000019	0.831120	0.000000	0.000000	0.000000	0.000040
306	0.147303	0.000375	0.019270	0.000017	0.832987	0.000000	0.000000	0.000000	0.000048
307	0.145469	0.000337	0.019278	0.000016	0.834853	0.000000	0.000000	0.000000	0.000047
308	0.143779	0.000369	0.019049	0.000025	0.836741	0.000000	0.000000	0.000000	0.000037
309	0.142112	0.000360	0.018725	0.000024	0.838736	0.000000	0.000000	0.000000	0.000043
310	0.140431	0.000372	0.018417	0.000028	0.840712	0.000000	0.000000	0.000000	0.000040
311	0.138617	0.000341	0.018247	0.000033	0.842727	0.000000	0.000000	0.000000	0.000035
312	0.136990	0.000329	0.017984	0.000027	0.844629	0.000000	0.000000	0.000000	0.000041
313	0.135278	0.000311	0.017883	0.000029	0.846450	0.000000	0.000000	0.000000	0.000049
314	0.133526	0.000318	0.017690	0.000017	0.848402	0.000000	0.000000	0.000000	0.000047
315	0.131902	0.000299	0.017546	0.000020	0.850177	0.000000	0.000000	0.000000	0.000056
316	0.130447	0.000291	0.017230	0.000016	0.851958	0.000000	0.000000	0.000000	0.000058
317	0.128716	0.000295	0.017071	0.000015	0.853840	0.000000	0.000000	0.000000	0.000063
318	0.126930	0.000318	0.016820	0.000017	0.855859	0.000000	0.000000	0.000000	0.000056
319	0.125369	0.000320	0.016593	0.000017	0.857642	0.000000	0.000000	0.000000	0.000059
320	0.123842	0.000299	0.016369	0.000019	0.859424	0.000000	0.000000	0.000000	0.000047
321	0.121854	0.000300	0.016308	0.000018	0.861467	0.000000	0.000000	0.000000	0.000053
322	0.120200	0.000309	0.016178	0.000011	0.863251	0.000000	0.000000	0.000000	0.000051
323	0.118734	0.000340	0.016021	0.000009	0.864850	0.000000	0.000000	0.000000	0.000046
324	0.117213	0.000326	0.015727	0.000008	0.866676	0.000000	0.000000	0.000000	0.000050
325	0.115751	0.000338	0.015555	0.000006	0.868302	0.000000	0.000000	0.000000	0.000048
326	0.114018	0.000333	0.015430	0.000004	0.870168	0.000000	0.000000	0.000000	0.000047
327	0.112659	0.000312	0.015158	0.000002	0.871826	0.000000	0.000000	0.000000	0.000043
328	0.111326	0.000300	0.014943	0.000000	0.873387	0.000000	0.000000	0.000000	0.000044
329	0.109690	0.000287	0.014906	0.000000	0.875070	0.000000	0.000000	0.000000	0.000047
330	0.108363	0.000276	0.014608	0.000000	0.876710	0.000000	0.000000	0.000000	0.000043
331	0.107174	0.000265	0.014375	0.000000	0.878146	0.000000	0.000000	0.000000	0.000040
332	0.105804	0.000259	0.014200	0.000000	0.879687	0.000000	0.000000	0.000000	0.000050
333	0.104225	0.000282	0.013995	0.000000	0.881449	0.000000	0.000000	0.000000	0.000049
334	0.102793	0.000274	0.013714	0.000000	0.883166	0.000000	0.000000	0.000000	0.000053
335	0.101597	0.000280	0.013506	0.000000	0.884566	0.000000	0.000000	0.000000	0.000051
336	0.100234	0.000299	0.013367	0.000000	0.886051	0.000000	0.000000	0.000000	0.000049
337	0.098988	0.000283	0.013268	0.000000	0.887420	0.000000	0.000000	0.000000	0.000041
338	0.097632	0.000306	0.013197	0.000000	0.888818	0.000000	0.000000	0.000000	0.000047
339	0.096213	0.000287	0.013004	0.000000	0.890453	0.000000	0.000000	0.000000	0.000043
340	0.094721	0.000277	0.012980	0.000000	0.891982	0.000000	0.000000	0.000000	0.000040
341	0.093428	0.000298	0.012816	0.000000	0.893415	0.000000	0.000000	0.000000	0.000043
342	0.092120	0.000287	0.012628	0.000000	0.894917	0.000000	0.000000	0.000000	0.000048
343	0.091160	0.000279	0.012252	0.000000	0.896273	0.000000	0.000000	0.000000	0.000036
344	0.089780	0.000254	0.012098	0.000000	0.897829	0.000000	0.000000	0.000000	0.000039
345	0.088344	0.000246	0.011862	0.000000	0.899511	0.000000	0.000000	0.000000	0.000037
346	0.087010	0.000265	0.011734	0.000000	0.900963	0.000000	0.000000	0.000000	0.000028
347	0.085603	0.000243	0.011570	0.000000	0.902554	0.000000	0.000000	0.000000	0.000030
348	0.084632	0.000239	0.011262	0.000000	0.903841	0.000000	0.000000	0.000000	0.000026
349	0.083389	0.000248	0.011060	0.000000	0.905274	0.000000	0.000000	0.000000	0.000029
350	0.081984	0.000252	0.011021	0.000000	0.906720	0.000000	0.000000	0.000000	0.000023
351	0.080798	0.000230	0.010953	0.000000	0.907990	0.000000	0.000000	0.000000	0.000029
352	0.079791	0.000215	0.010713	0.000000	0.909250	0.000000	0.000000	0.000000	0.000031
353	0.078427	0.000219	0.010778	0.000000	0.910546	0.000000	0.000000	0.000000	0.000030
354	0.077204	0.000218	0.010597	0.000000	0.911944	0.000000	0.000000	0.000000	0.000037
355	0.076125	0.000226	0.010481	0.000000	0.913130	0.000000	0.000000	0.000000	0.000038
356	0.075026	0.000205	0.010374	0.000000	0.914367	0.000000	0.000000	0.000000	0.000028
357	0.073965	0.000195	0.010274	0.000000	0.915535	0.000000	0.000000	0.000000	0.000031
358	0.072757	0.000208	0.010243	0.000000	0.916754	0.000000	0.000000	0.000000	0.000038
359	0.071565	0.000217	0.010195	0.000000	0.917987	0.000000	0.000000	0.000000	0.000036
360	0.070319	0.000215	0.010156	0.000000	0.919273	0.000000	0.000000	0.000000	0.000037
361	0.069397	0.000206	0.009994	0.000000	0.920368	0.000000	0.000000	0.000000	0.000035
362	0.068268	0.000203	0.009938	0.000000	0.921554	0.000000	0.000000	0.000000	0.000037
363	0.067472	0.000214	0.009773	0.000000	0.922499	0.000000	0.000000	0.000000	0.000042
364	0.066657	0.000220	0.009577	0.000000	0.923502	0.000000	0.000000	0.000000	0.000044
365	0.065612	0.000236	0.009350	0.000000	0.924760	0.000000	0.000000	0.000000	0.000042
366	0.064860	0.000231	0.009094	0.000000	0.925774	0.000000	0.000000	0.000000	0.000041
367	0.063888	0.000222	0.009034	0.000000	0.926817	0.000000	0.000000	0.000000	0.000039
368	0.063037	0.000223	0.008901	0.000000	0.927795	0.000000	0.000000	0.000000	0.000044
369	0.062174	0.000218	0.008800	0.000000	0.928764	0.000000	0.000000	0.000000	0.000044
370	0.061315	0.000209	0.008799	0.000000	0.929637	0.000000	0.000000	0.000000	0.000040
371	0.060492	0.000217	0.008678	0.000000	0.930571	0.000000	0.000000	0.000000	0.000042
372	0.059750	0.000210	0.008449	0.000000	0.931545	0.000000	0.000000	0.000000	0.000046
373	0.058892	0.000216	0.008348	0.000000	0.932492	0.000000	0.000000	0.000000	0.000052
374	0.058008	0.000208	0.008263	0.000000	0.933477	0.000000	0.000000	0.000000	0.000044
375	0.057094	0.000207	0.008129	0.000000	0.934524	0.000000	0.000000	0.000000	0.000046
376	0.056244	0.000192	0.008158	0.000000	0.935363	0.000000	0.000000	0.000000	0.000043
377	0.055445	0.000180	0.008115	0.000000	0.936210	0.000000	0.000000	0.000000	0.000050
378	0.054697	0.000164	0.008068	0.000000	0.937020	0.000000	0.000000	0.000000	0.000051
379	0.054041	0.000164	0.007850	0.000000	0.937894	0.000000	0.000000	0.000000	0.000051
380	0.053252	0.000175	0.007702	0.000000	0.938823	0.000000	0.000000	0.000000	0.000048
381	0.052657	0.000160	0.007634	0.000000	0.939494	0.000000	0.000000	0.000000	0.000055
382	0.051745	0.000147	0.007573	0.000000	0.940495	0.000000	0.000000	0.000000	0.000040
383	0.050936	0.000152	0.007389	0.000000	0.941481	0.000000	0.000000	0.000000	0.000042
384	0.050260	0.000158	0.007302	0.000000	0.942252	0.000000	0.000000	0.000000	0.000028
385	0.049455	0.000135	0.007191	0.000000	0.943187	0.000000	0.000000	0.000000	0.000032
386	0.048827	0.000129	0.007006	0.000000	0.944011	0.000000	0.000000	0.000000	0.000027
387	0.047954	0.000132	0.006853	0.000000	0.945035	0.000000	0.000000	0.000000	0.000026
388	0.047238	0.000128	0.006714	0.000000	0.945888	0.000000	0.000000	0.000000	0.000032
389	0.046492	0.000113	0.006612	0.000000	0.946753	0.000000	0.000000	0.000000	0.000030
390	0.045805	0.000120	0.006580	0.000000	0.947458	0.000000	0.000000	0.000000	0.000037
391	0.045303	0.000119	0.006482	0.000000	0.948063	0.000000	0.000000	0.000000	0.000033
392	0.044613	0.000118	0.006370	0.000000	0.948862	0.000000	0.000000	0.000000	0.000037
393	0.043981	0.000111	0.006293	0.000000	0.949584	0.000000	0.000000	0.000000	0.000031
394	0.043320	0.000101	0.006147	0.000000	0.950401	0.000000	0.000000	0.000000	0.000031
395	0.042588	0.000101	0.006094	0.000000	0.951184	0.000000	0.000000	0.000000	0.000033
396	0.042015	0.000100	0.005938	0.000000	0.951910	0.000000	0.000000	0.000000	0.000037
397	0.041382	0.000110	0.005814	0.000000	0.952663	0.000000	0.000000	0.000000	0.000031
398	0.040725	0.000091	0.005769	0.000000	0.953389	0.000000	0.000000	0.000000	0.000026
399	0.040085	0.000080	0.005717	0.000000	0.954095	0.000000	0.000000	0.000000	0.000023
400	0.039671	0.000072	0.005627	0.000000	0.954604	0.000000	0.000000	0.000000	0.000026
401	0.039074	0.000083	0.005535	0.000000	0.955286	0.000000	0.000000	0.000000	0.000022
402	0.038469	0.000073	0.005456	0.000000	0.955978	0.000000	0.000000	0.000000	0.000024
403	0.038001	0.000068	0.005269	0.000000	0.956641	0.000000	0.000000	0.000000	0.000021
404	0.037218	0.000074	0.005237	0.000000	0.957456	0.000000	0.000000	0.000000	0.000015
405	0.036631	0.000068	0.005133	0.000000	0.958155	0.000000	0.000000	0.000000	0.000013
406	0.036102	0.000074	0.005082	0.000000	0.958728	0.000000	0.000000	0.000000	0.000014
407	0.035740	0.000068	0.004940	0.000000	0.959239	0.000000	0.000000	0.000000	0.000013
408	0.035106	0.000061	0.004946	0.000000	0.959877	0.000000	0.000000	0.000000	0.000010
409	0.034510	0.000067	0.004984	0.000000	0.960433	0.000000	0.000000	0.000000	0.000006
410	0.033887	0.000065	0.004884	0.000000	0.961154	0.000000	0.000000	0.000000	0.000010
411	0.033351	0.000066	0.004885	0.000000	0.961690	0.000000	0.000000	0.000000	0.000008
412	0.033026	0.000063	0.004796	0.000000	0.962106	0.000000	0.000000	0.000000	0.000009
413	0.032402	0.000061	0.004693	0.000000	0.962834	0.000000	0.000000	0.000000	0.000010
414	0.031808	0.000060	0.004753	0.000000	0.963371	0.000000	0.000000	0.000000	0.000008
415	0.031270	0.000062	0.004701	0.000000	0.963956	0.000000	0.000000	0.000000	0.000011
416	0.030796	0.000060	0.004663	0.000000	0.964466	0.000000	0.000000	0.000000	0.000015
417	0.030392	0.000064	0.004497	0.000000	0.965036	0.000000	0.000000	0.000000	0.000011
418	0.029882	0.000060	0.004418	0.000000	0.965628	0.000000	0.000000	0.000000	0.000012
419	0.029426	0.000062	0.004366	0.000000	0.966138	0.000000	0.000000	0.000000	0.000008
420	0.029117	0.000053	0.004206	0.000000	0.966614	0.000000	0.000000	0.000000	0.000010
421	0.028625	0.000069	0.004096	0.000000	0.967202	0.000000	0.000000	0.000000	0.000008
422	0.028177	0.000074	0.004034	0.000000	0.967710	0.000000	0.000000	0.000000	0.000005
423	0.027680	0.000078	0.003956	0.000000	0.968282	0.000000	0.000000	0.000000	0.000004
424	0.027175	0.000080	0.003932	0.000000	0.968806	0.000000	0.000000	0.000000	0.000007
425	0.026794	0.000071	0.003845	0.000000	0.969286	0.000000	0.000000	0.000000	0.000004
426	0.026512	0.000068	0.003695	0.000000	0.969722	0.000000	0.000000	0.000000	0.000003
427	0.025931	0.000072	0.003729	0.000000	0.970264	0.000000	0.000000	0.000000	0.000004
428	0.025532	0.000062	0.003757	0.000000	0.970647	0.000000	0.000000	0.000000	0.000002
429	0.025013	0.000059	0.003710	0.000000	0.971213	0.000000	0.000000	0.000000	0.000005
430	0.024465	0.000046	0.003693	0.000000	0.971791	0.000000	0.000000	0.000000	0.000005
431	0.024046	0.000038	0.003610	0.000000	0.972301	0.000000	0.000000	0.000000	0.000005
432	0.023685	0.000039	0.003581	0.000000	0.972693	0.000000	0.000000	0.000000	0.000002
433	0.023360	0.000033	0.003513	0.000000	0.973091	0.000000	0.000000	0.000000	0.000003
434	0.023033	0.000040	0.003394	0.000000	0.973532	0.000000	0.000000	0.000000	0.000001
435	0.022657	0.000034	0.003317	0.000000	0.973988	0.000000	0.000000	0.000000	0.000004
436	0.022361	0.000032	0.003248	0.000000	0.974357	0.000000	0.000000	0.000000	0.000002
437	0.021907	0.000030	0.003230	0.000000	0.974832	0.000000	0.000000	0.000000	0.000001
438	0.021564	0.000026	0.003182	0.000000	0.975227	0.000000	0.000000	0.000000	0.000001
439	0.021263	0.000019	0.003165	0.000000	0.975553	0.000000	0.000000	0.000000	0.000000
440	0.020939	0.000017	0.003188	0.000000	0.975856	0.000000	0.000000	0.000000	0.000000
441	0.020579	0.000019	0.003151	0.000000	0.976251	0.000000	0.000000	0.000000	0.000000
442	0.020213	0.000018	0.003104	0.000000	0.976665	0.000000	0.000000	0.000000	0.000000
443	0.019746	0.000018	0.003130	0.000000	0.977106	0.000000	0.000000	0.000000	0.000000
444	0.019445	0.000017	0.003037	0.000000	0.977501	0.000000	0.000000	0.000000	0.000000
445	0.019076	0.000015	0.003004	0.000000	0.977905	0.000000	0.000000	0.000000	0.000000
446	0.018813	0.000013	0.003030	0.000000	0.978144	0.000000	0.000000	0.000000	0.000000
447	0.018469	0.000014	0.003018	0.000000	0.978499	0.000000	0.000000	0.000000	0.000000
448	0.018071	0.000006	0.002990	0.000000	0.978933	0.000000	0.000000	0.000000	0.000000
449	0.017701	0.000005	0.002972	0.000000	0.979322	0.000000	0.000000	0.000000	0.000000
450	0.017412	0.000006	0.002955	0.000000	0.979627	0.000000	0.000000	0.000000	0.000000
451	0.017070	0.000005	0.002984	0.000000	0.979941	0.000000	0.000000	0.000000	0.000000
452	0.016759	0.000006	0.002947	0.000000	0.980288	0.000000	0.000000	0.000000	0.000000
453	0.016450	0.000007	0.002872	0.000000	0.980671	0.000000	0.000000	0.000000	0.000000
454	0.016085	0.000006	0.002897	0.000000	0.981012	0.000000	0.000000	0.000000	0.000000
455	0.015793	0.000006	0.002841	0.000000	0.981360	0.000000	0.000000	0.000000	0.000000
456	0.015673	0.000004	0.002697	0.000000	0.981626	0.000000	0.000000	0.000000	0.000000
457	0.015283	0.000001	0.002743	0.000000	0.981973	0.000000	0.000000	0.000000	0.000000
458	0.015123	0.000000	0.002679	0.000000	0.982198	0.000000	0.000000	0.000000	0.000000
459	0.014875	0.000000	0.002603	0.000000	0.982522	0.000000	0.000000	0.000000	0.000000
460	0.014725	0.000000	0.002583	0.000000	0.982692	0.000000	0.000000	0.000000	0.000000
461	0.014400	0.000000	0.002553	0.000000	0.983047	0.000000	0.000000	0.000000	0.000000
462	0.014115	0.000000	0.002506	0.000000	0.983379	0.000000	0.000000	0.000000	0.000000
463	0.013874	0.000000	0.002457	0.000000	0.983669	0.000000	0.000000	0.000000	0.000000
464	0.013654	0.000000	0.002429	0.000000	0.983917	0.000000	0.000000	0.000000	0.000000
465	0.013477	0.000000	0.002356	0.000000	0.984167	0.000000	0.000000	0.000000	0.000000
466	0.013157	0.000000	0.002289	0.000000	0.984554	0.000000	0.000000	0.000000	0.000000
467	0.012923	0.000000	0.002239	0.000000	0.984838	0.000000	0.000000	0.000000	0.000000
468	0.012646	0.000000	0.002183	0.000000	0.985171	0.000000	0.000000	0.000000	0.000000
469	0.012437	0.000000	0.002161	0.000000	0.985402	0.000000	0.000000	0.000000	0.000000
470	0.012222	0.000000	0.002067	0.000000	0.985711	0.000000	0.000000	0.000000	0.000000
