0	0.290663	0.057897	0.229473	0.157588	0.029913	0.111872	0.085455	0.012259	0.024880
1	0.225155	0.046397	0.194620	0.140692	0.028632	0.121193	0.124503	0.024574	0.094234
2	0.218595	0.044660	0.189242	0.135393	0.028787	0.117602	0.130683	0.026265	0.108773
3	0.218988	0.044210	0.185472	0.131279	0.029072	0.113017	0.133168	0.026651	0.118143
4	0.219971	0.043695	0.181796	0.128471	0.029546	0.107934	0.135014	0.026857	0.126716
5	0.221759	0.043513	0.177950	0.125397	0.029802	0.103447	0.136447	0.026802	0.134883
6	0.223738	0.042886	0.174799	0.122321	0.030441	0.098317	0.137629	0.026506	0.143363
7	0.226191	0.042565	0.171374	0.119270	0.030980	0.093274	0.138213	0.026402	0.151731
8	0.228516	0.042520	0.167057	0.116906	0.031595	0.088755	0.138981	0.025966	0.159704
9	0.231123	0.042275	0.163124	0.114159	0.032442	0.083963	0.138606	0.025831	0.168477
10	0.233518	0.041730	0.159132	0.111983	0.033475	0.079760	0.138601	0.025317	0.176484
11	0.236263	0.041614	0.154887	0.109621	0.034050	0.075179	0.138505	0.025170	0.184711
12	0.238755	0.041635	0.150287	0.107044	0.034774	0.071458	0.138151	0.024965	0.192931
13	0.241393	0.041326	0.146335	0.105100	0.035431	0.067250	0.137639	0.024418	0.201108
14	0.244105	0.041174	0.141780	0.102925	0.036417	0.063729	0.136738	0.024098	0.209034
15	0.246392	0.040860	0.137909	0.100527	0.037480	0.060224	0.136008	0.023635	0.216965
16	0.248785	0.040572	0.134326	0.098481	0.038425	0.057115	0.134588	0.023116	0.224592
17	0.251309	0.040296	0.129781	0.096493	0.039294	0.053511	0.133862	0.022912	0.232542
18	0.254395	0.040091	0.125478	0.094750	0.040458	0.050804	0.132500	0.022248	0.239276
19	0.256647	0.039849	0.121452	0.092543	0.041366	0.047551	0.131618	0.022008	0.246966
20	0.258822	0.039703	0.117944	0.089849	0.042659	0.044773	0.130507	0.021551	0.254192
21	0.261094	0.039262	0.113886	0.088087	0.043857	0.042065	0.128942	0.021196	0.261611
22	0.263219	0.039205	0.110398	0.086528	0.044904	0.039733	0.126894	0.020960	0.268159
23	0.265559	0.039027	0.106460	0.084655	0.046023	0.037399	0.124731	0.020580	0.275566
24	0.267886	0.038474	0.103045	0.082921	0.047214	0.035091	0.123357	0.020292	0.281720
25	0.269668	0.038331	0.099262	0.081186	0.048438	0.033148	0.121733	0.019773	0.288461
26	0.271992	0.037975	0.095825	0.079061	0.049402	0.031332	0.120036	0.019387	0.294990
27	0.274638	0.037848	0.092430	0.077040	0.050627	0.029157	0.118182	0.018851	0.301227
28	0.276043	0.037493	0.089108	0.075304	0.052045	0.027721	0.116030	0.018383	0.307873
29	0.277485	0.037101	0.086222	0.073501	0.053361	0.025905	0.114464	0.017873	0.314088
30	0.278690	0.036914	0.082803	0.071700	0.054435	0.024508	0.112814	0.017700	0.320436
31	0.279673	0.036680	0.079877	0.070304	0.055972	0.023063	0.111367	0.017249	0.325815
32	0.281339	0.036369	0.076786	0.068348	0.057413	0.021455	0.109244	0.016697	0.332349
33	0.281891	0.036164	0.074085	0.067013	0.058862	0.020244	0.107310	0.016481	0.337950
34	0.282913	0.036026	0.070856	0.065634	0.060511	0.019151	0.105546	0.015925	0.343438
35	0.284047	0.035573	0.067874	0.063988	0.062003	0.017823	0.104010	0.015485	0.349197
36	0.285280	0.034884	0.064960	0.062530	0.063413	0.016720	0.102011	0.015057	0.355145
37	0.285569	0.034788	0.062024	0.060895	0.065006	0.015725	0.100360	0.014856	0.360777
38	0.286018	0.034570	0.059608	0.059558	0.066598	0.014831	0.098184	0.014607	0.366026
39	0.286860	0.034162	0.057405	0.058348	0.068119	0.013918	0.095938	0.014384	0.370866
40	0.287375	0.033944	0.054883	0.056547	0.069488	0.013049	0.094814	0.013928	0.375972
41	0.287630	0.033553	0.052453	0.055014	0.071359	0.012283	0.093091	0.013725	0.380892
42	0.288338	0.032929	0.050568	0.053778	0.072861	0.011486	0.091326	0.013237	0.385477
43	0.288652	0.032392	0.048533	0.052466	0.074506	0.010739	0.089265	0.012929	0.390518
44	0.288701	0.031826	0.046158	0.050896	0.076015	0.010144	0.088139	0.012747	0.395374
45	0.288312	0.031461	0.044122	0.050085	0.077636	0.009534	0.086493	0.012559	0.399798
46	0.288757	0.031019	0.042084	0.048401	0.079326	0.009003	0.085316	0.012275	0.403819
47	0.288517	0.030685	0.040128	0.047265	0.081272	0.008398	0.083581	0.012148	0.408006
48	0.288519	0.030347	0.038472	0.045726	0.083072	0.007897	0.081892	0.011861	0.412214
49	0.287628	0.029883	0.036833	0.044525	0.084888	0.007534	0.080244	0.011573	0.416892
50	0.287424	0.029573	0.035112	0.043660	0.086485	0.007090	0.078692	0.011339	0.420625
51	0.286509	0.029351	0.033108	0.042765	0.088367	0.006614	0.077437	0.010975	0.424874
52	0.285070	0.028818	0.031669	0.042050	0.090505	0.006284	0.076292	0.010767	0.428545
53	0.284536	0.028511	0.030192	0.040894	0.092247	0.005948	0.074429	0.010628	0.432615
54	0.283846	0.027987	0.028914	0.040037	0.094233	0.005577	0.072937	0.010354	0.436115
55	0.283713	0.027563	0.027612	0.039060	0.096246	0.005273	0.071341	0.010064	0.439128
56	0.282975	0.027194	0.026336	0.038144	0.098078	0.005057	0.069961	0.009738	0.442517
57	0.282051	0.026718	0.024994	0.037264	0.100005	0.004768	0.068737	0.009478	0.445985
58	0.280755	0.026318	0.023668	0.036677	0.101810	0.004419	0.067243	0.009323	0.449787
59	0.280301	0.025925	0.022482	0.035551	0.103840	0.004230	0.065598	0.009099	0.452974
60	0.278719	0.025460	0.021274	0.034546	0.106122	0.004053	0.064252	0.008863	0.456711
61	0.277073	0.025173	0.020591	0.033725	0.108173	0.003875	0.062947	0.008762	0.459681
62	0.276075	0.024654	0.019636	0.032812	0.110298	0.003692	0.061619	0.008469	0.462745
63	0.274310	0.024261	0.018659	0.031916	0.112430	0.003501	0.060678	0.008272	0.465973
64	0.272433	0.024002	0.017725	0.031163	0.114743	0.003243	0.059357	0.007983	0.469351
65	0.270840	0.023462	0.016817	0.030561	0.116578	0.003118	0.058422	0.007878	0.472324
66	0.269948	0.022903	0.016044	0.029902	0.118592	0.002912	0.056924	0.007691	0.475084
67	0.268242	0.022629	0.015099	0.029345	0.120673	0.002802	0.056034	0.007494	0.477682
68	0.266514	0.022195	0.014454	0.028620	0.122945	0.002629	0.054675	0.007320	0.480648
69	0.264591	0.021844	0.013776	0.027939	0.125095	0.002422	0.053647	0.007135	0.483551
70	0.262834	0.021627	0.013094	0.027257	0.127477	0.002254	0.052791	0.006954	0.485712
71	0.260315	0.021488	0.012595	0.026781	0.129581	0.002162	0.052132	0.006767	0.488179
72	0.258295	0.021254	0.011858	0.026183	0.131521	0.002020	0.051057	0.006677	0.491135
73	0.255955	0.020700	0.011243	0.025622	0.133795	0.001966	0.050387	0.006494	0.493838
74	0.253678	0.020468	0.010587	0.024937	0.135909	0.001860	0.049096	0.006403	0.497062
75	0.251435	0.020177	0.010200	0.024341	0.138180	0.001809	0.048240	0.006302	0.499316
76	0.249316	0.019888	0.009615	0.023842	0.140301	0.001755	0.047048	0.006213	0.502022
77	0.246993	0.019587	0.009105	0.023431	0.142461	0.001645	0.046375	0.006061	0.504342
78	0.244879	0.019179	0.008656	0.022734	0.145022	0.001573	0.045509	0.005902	0.506546
79	0.242523	0.018906	0.008279	0.022478	0.147697	0.001544	0.044515	0.005698	0.508360
80	0.240174	0.018529	0.007814	0.022001	0.150169	0.001469	0.043484	0.005540	0.510820
81	0.238521	0.018239	0.007459	0.021275	0.152226	0.001419	0.042567	0.005451	0.512843
82	0.236035	0.017804	0.006998	0.020836	0.154904	0.001379	0.041838	0.005361	0.514845
83	0.233789	0.017470	0.006700	0.020407	0.157092	0.001333	0.041012	0.005332	0.516865
84	0.231234	0.017165	0.006343	0.019963	0.159500	0.001274	0.040472	0.005201	0.518848
85	0.229011	0.016698	0.005994	0.019697	0.161875	0.001191	0.039665	0.005111	0.520758
86	0.226144	0.016432	0.005715	0.019236	0.164464	0.001171	0.038915	0.005051	0.522872
87	0.223990	0.015987	0.005517	0.019049	0.166550	0.001082	0.038134	0.004858	0.524833
88	0.221280	0.015480	0.005224	0.018751	0.168728	0.001049	0.037511	0.004807	0.527170
89	0.219273	0.015079	0.004941	0.018333	0.170991	0.001022	0.037131	0.004731	0.528499
90	0.216818	0.014845	0.004724	0.018134	0.173320	0.000978	0.036317	0.004600	0.530264
91	0.214885	0.014681	0.004361	0.017726	0.175862	0.000913	0.035527	0.004616	0.531429
92	0.212524	0.014233	0.004054	0.017473	0.178089	0.000888	0.034904	0.004543	0.533292
93	0.209240	0.013824	0.003923	0.017315	0.180429	0.000833	0.034461	0.004391	0.535584
94	0.206922	0.013482	0.003713	0.017016	0.182915	0.000853	0.034050	0.004349	0.536700
95	0.204977	0.013211	0.003558	0.016684	0.185171	0.000805	0.033435	0.004281	0.537878
96	0.202248	0.013037	0.003422	0.016340	0.187607	0.000793	0.032739	0.004249	0.539565
97	0.199993	0.012829	0.003290	0.015858	0.190278	0.000761	0.032363	0.004226	0.540402
98	0.197693	0.012647	0.003072	0.015422	0.192634	0.000726	0.031900	0.004170	0.541736
99	0.194969	0.012358	0.002946	0.015049	0.195344	0.000680	0.031427	0.004104	0.543123
100	0.192557	0.012042	0.002821	0.014762	0.197744	0.000677	0.031021	0.004079	0.544297
101	0.190083	0.011645	0.002672	0.014590	0.200130	0.000608	0.030755	0.004036	0.545481
102	0.187006	0.011363	0.002507	0.014238	0.202819	0.000595	0.030308	0.003979	0.547185
103	0.184704	0.011003	0.002447	0.014078	0.205115	0.000595	0.029850	0.003942	0.548266
104	0.182023	0.010702	0.002351	0.013728	0.207853	0.000582	0.029440	0.003849	0.549472
105	0.180088	0.010429	0.002226	0.013644	0.209853	0.000566	0.029020	0.003840	0.550334
106	0.177537	0.010321	0.002147	0.013339	0.212281	0.000584	0.028444	0.003823	0.551524
107	0.175096	0.010201	0.001991	0.013254	0.215032	0.000554	0.027916	0.003783	0.552173
108	0.172642	0.009900	0.001896	0.013081	0.217737	0.000534	0.027809	0.003722	0.552679
109	0.169603	0.009732	0.001779	0.012731	0.220552	0.000524	0.027550	0.003710	0.553819
110	0.167103	0.009543	0.001735	0.012608	0.222945	0.000508	0.027029	0.003567	0.554962
111	0.164684	0.009425	0.001655	0.012360	0.225843	0.000458	0.026668	0.003583	0.555324
112	0.162170	0.009219	0.001557	0.012200	0.228548	0.000448	0.026222	0.003479	0.556157
113	0.159567	0.008970	0.001495	0.012144	0.231263	0.000425	0.026063	0.003487	0.556586
114	0.157243	0.008817	0.001390	0.011958	0.233377	0.000447	0.025874	0.003548	0.557346
115	0.154573	0.008491	0.001372	0.011913	0.236029	0.000445	0.025444	0.003466	0.558267
116	0.152298	0.008273	0.001311	0.011857	0.239029	0.000427	0.025275	0.003370	0.558160
117	0.149938	0.007947	0.001220	0.011718	0.241407	0.000367	0.024812	0.003303	0.559288
118	0.147509	0.007835	0.001162	0.011600	0.244048	0.000345	0.024435	0.003207	0.559859
119	0.144596	0.007752	0.001126	0.011331	0.246840	0.000342	0.024085	0.003084	0.560844
120	0.142261	0.007572	0.001061	0.011189	0.249397	0.000344	0.023681	0.003085	0.561410
121	0.139598	0.007364	0.001004	0.011018	0.252062	0.000354	0.023243	0.003032	0.562325
122	0.136935	0.007237	0.000971	0.010761	0.255815	0.000321	0.022995	0.003067	0.561898
123	0.134599	0.007055	0.000940	0.010711	0.258062	0.000333	0.022797	0.003115	0.562388
124	0.132211	0.006858	0.000912	0.010597	0.260687	0.000351	0.022549	0.003148	0.562687
125	0.130207	0.006634	0.000892	0.010538	0.263042	0.000346	0.022218	0.003072	0.563051
126	0.128198	0.006536	0.000846	0.010443	0.265348	0.000373	0.021714	0.003063	0.563479
127	0.126057	0.006484	0.000788	0.010407	0.267788	0.000356	0.021344	0.003014	0.563762
128	0.123830	0.006324	0.000754	0.010256	0.270398	0.000342	0.021091	0.003010	0.563995
129	0.121753	0.006162	0.000756	0.010113	0.272736	0.000359	0.020812	0.002968	0.564341
130	0.119802	0.005959	0.000719	0.009871	0.275234	0.000330	0.020487	0.002932	0.564666
131	0.117771	0.005826	0.000678	0.009619	0.277739	0.000322	0.020076	0.002865	0.565104
132	0.115292	0.005692	0.000657	0.009596	0.280344	0.000307	0.019996	0.002776	0.565340
133	0.113019	0.005491	0.000617	0.009613	0.282757	0.000307	0.019836	0.002743	0.565617
134	0.110941	0.005389	0.000583	0.009619	0.285409	0.000252	0.019571	0.002656	0.565580
135	0.109038	0.005281	0.000536	0.009362	0.287659	0.000244	0.019190	0.002611	0.566079
136	0.107234	0.005131	0.000501	0.009321	0.290380	0.000236	0.018998	0.002577	0.565622
137	0.105032	0.005042	0.000472	0.009295	0.293347	0.000247	0.018905	0.002536	0.565124
138	0.102879	0.004954	0.000465	0.009152	0.296181	0.000251	0.018598	0.002478	0.565042
139	0.100934	0.004778	0.000439	0.009156	0.298304	0.000240	0.018446	0.002520	0.565183
140	0.098948	0.004562	0.000413	0.009022	0.301225	0.000234	0.018255	0.002413	0.564928
141	0.097179	0.004439	0.000405	0.008984	0.303056	0.000251	0.018006	0.002473	0.565207
142	0.095641	0.004289	0.000377	0.008914	0.305719	0.000256	0.017897	0.002469	0.564438
143	0.093853	0.004154	0.000355	0.008729	0.308335	0.000218	0.017723	0.002518	0.564115
144	0.091941	0.004037	0.000344	0.008667	0.310982	0.000217	0.017454	0.002458	0.563900
145	0.090213	0.003911	0.000307	0.008550	0.313631	0.000191	0.017355	0.002411	0.563431
146	0.088111	0.003802	0.000296	0.008451	0.316464	0.000211	0.017272	0.002438	0.562955
147	0.086418	0.003715	0.000268	0.008468	0.318578	0.000199	0.016994	0.002451	0.562909
148	0.084257	0.003591	0.000255	0.008460	0.321579	0.000174	0.017011	0.002423	0.562250
149	0.082337	0.003521	0.000239	0.008489	0.324018	0.000178	0.016723	0.002335	0.562160
150	0.080693	0.003450	0.000248	0.008348	0.326553	0.000173	0.016683	0.002312	0.561540
151	0.078785	0.003331	0.000241	0.008313	0.329052	0.000160	0.016669	0.002275	0.561174
152	0.077092	0.003244	0.000217	0.008203	0.331007	0.000140	0.016452	0.002221	0.561424
153	0.075695	0.003122	0.000188	0.008206	0.333922	0.000132	0.016196	0.002223	0.560316
154	0.073929	0.003053	0.000198	0.008079	0.336434	0.000144	0.016041	0.002178	0.559944
155	0.072364	0.002992	0.000182	0.008131	0.338567	0.000144	0.015755	0.002174	0.559691
156	0.070758	0.002870	0.000187	0.008021	0.341013	0.000140	0.015397	0.002146	0.559468
157	0.069326	0.002822	0.000160	0.008020	0.343823	0.000136	0.015371	0.002103	0.558239
158	0.067868	0.002702	0.000173	0.007940	0.346528	0.000140	0.015195	0.002029	0.557425
159	0.066341	0.002666	0.000160	0.007944	0.349025	0.000137	0.015043	0.001988	0.556696
160	0.064981	0.002623	0.000151	0.007811	0.351672	0.000133	0.014856	0.001963	0.555810
161	0.063574	0.002543	0.000123	0.007799	0.353793	0.000128	0.014786	0.001929	0.555325
162	0.062050	0.002497	0.000115	0.007712	0.356436	0.000116	0.014552	0.001858	0.554664
163	0.060759	0.002478	0.000115	0.007585	0.358519	0.000125	0.014320	0.001825	0.554274
164	0.059276	0.002430	0.000084	0.007573	0.360705	0.000133	0.014164	0.001846	0.553789
165	0.058183	0.002319	0.000087	0.007490	0.362875	0.000141	0.014006	0.001862	0.553037
166	0.056943	0.002221	0.000077	0.007449	0.365293	0.000117	0.013905	0.001856	0.552139
167	0.055566	0.002088	0.000067	0.007433	0.367863	0.000128	0.013726	0.001899	0.551230
168	0.054517	0.002067	0.000068	0.007319	0.370446	0.000123	0.013594	0.001848	0.550018
169	0.053334	0.001989	0.000062	0.007302	0.372448	0.000111	0.013489	0.001859	0.549406
170	0.052243	0.001943	0.000054	0.007313	0.374776	0.000109	0.013309	0.001827	0.548426
171	0.050992	0.001833	0.000055	0.007293	0.377382	0.000098	0.013339	0.001827	0.547181
172	0.049936	0.001804	0.000051	0.007238	0.379771	0.000100	0.012983	0.001829	0.546288
173	0.048816	0.001783	0.000035	0.007216	0.382109	0.000115	0.012963	0.001893	0.545070
174	0.047791	0.001718	0.000033	0.007217	0.384367	0.000119	0.012773	0.001820	0.544162
175	0.046466	0.001703	0.000030	0.007111	0.387144	0.000127	0.012459	0.001843	0.543117
176	0.045239	0.001672	0.000024	0.006944	0.389454	0.000139	0.012347	0.001811	0.542370
177	0.044333	0.001619	0.000020	0.007035	0.391563	0.000126	0.012148	0.001797	0.541359
178	0.043200	0.001538	0.000027	0.007014	0.393659	0.000116	0.012047	0.001743	0.540656
179	0.042319	0.001450	0.000026	0.007021	0.395953	0.000115	0.011830	0.001733	0.539553
180	0.041290	0.001406	0.000020	0.007017	0.398468	0.000108	0.011694	0.001744	0.538253
181	0.040505	0.001371	0.000022	0.007005	0.400536	0.000097	0.011585	0.001681	0.537198
182	0.039376	0.001297	0.000021	0.006990	0.402399	0.000083	0.011557	0.001670	0.536607
183	0.038670	0.001272	0.000014	0.006981	0.404110	0.000084	0.011455	0.001630	0.535784
184	0.037565	0.001211	0.000015	0.006931	0.406619	0.000085	0.011352	0.001614	0.534608
185	0.036573	0.001162	0.000010	0.006890	0.408585	0.000078	0.011140	0.001563	0.533999
186	0.035908	0.001102	0.000006	0.006852	0.410931	0.000071	0.010924	0.001545	0.532661
187	0.034810	0.001083	0.000003	0.006671	0.413566	0.000063	0.010867	0.001540	0.531397
188	0.033838	0.001111	0.000003	0.006687	0.415614	0.000063	0.010793	0.001554	0.530337
189	0.032911	0.001046	0.000001	0.006750	0.417850	0.000072	0.010528	0.001510	0.529332
190	0.032192	0.000967	0.000000	0.006748	0.420496	0.000076	0.010449	0.001538	0.527534
191	0.031379	0.000969	0.000000	0.006747	0.422798	0.000083	0.010358	0.001498	0.526168
192	0.030473	0.000928	0.000000	0.006753	0.425216	0.000086	0.010373	0.001486	0.524685
193	0.029823	0.000892	0.000000	0.006786	0.427506	0.000085	0.010163	0.001454	0.523291
194	0.029120	0.000845	0.000000	0.006741	0.429573	0.000080	0.009998	0.001502	0.522141
195	0.028222	0.000796	0.000000	0.006810	0.431464	0.000097	0.010022	0.001498	0.521091
196	0.027463	0.000752	0.000000	0.006770	0.433799	0.000085	0.010002	0.001442	0.519687
197	0.026790	0.000711	0.000000	0.006777	0.435775	0.000085	0.009840	0.001451	0.518571
198	0.026054	0.000730	0.000000	0.006654	0.437852	0.000079	0.009688	0.001411	0.517532
199	0.025203	0.000690	0.000000	0.006672	0.440161	0.000071	0.009673	0.001403	0.516127
200	0.024628	0.000673	0.000000	0.006701	0.442425	0.000078	0.009547	0.001370	0.514578
201	0.023965	0.000649	0.000000	0.006763	0.444216	0.000086	0.009470	0.001337	0.513514
202	0.023313	0.000650	0.000000	0.006733	0.446508	0.000086	0.009348	0.001363	0.511999
203	0.022807	0.000616	0.000000	0.006731	0.448354	0.000083	0.009235	0.001331	0.510843
204	0.022198	0.000608	0.000000	0.006648	0.450565	0.000076	0.009077	0.001289	0.509539
205	0.021366	0.000625	0.000000	0.006607	0.453014	0.000076	0.008872	0.001222	0.508218
206	0.020769	0.000600	0.000000	0.006653	0.454817	0.000074	0.008769	0.001211	0.507107
207	0.020370	0.000626	0.000000	0.006607	0.456828	0.000080	0.008608	0.001220	0.505661
208	0.019898	0.000610	0.000000	0.006578	0.459166	0.000074	0.008517	0.001234	0.503923
209	0.019418	0.000591	0.000000	0.006645	0.461250	0.000072	0.008345	0.001211	0.502468
210	0.018854	0.000590	0.000000	0.006732	0.463350	0.000067	0.008255	0.001159	0.500993
211	0.018297	0.000601	0.000000	0.006769	0.465902	0.000052	0.008133	0.001141	0.499105
212	0.017827	0.000578	0.000000	0.006667	0.468326	0.000061	0.008020	0.001158	0.497363
213	0.017368	0.000546	0.000000	0.006578	0.470526	0.000059	0.007979	0.001137	0.495807
214	0.016836	0.000477	0.000000	0.006463	0.472920	0.000064	0.007902	0.001139	0.494199
215	0.016395	0.000420	0.000000	0.006369	0.475260	0.000062	0.007848	0.001122	0.492524
216	0.015951	0.000406	0.000000	0.006354	0.477038	0.000055	0.007831	0.001099	0.491266
217	0.015411	0.000408	0.000000	0.006396	0.479326	0.000061	0.007648	0.001107	0.489643
218	0.014893	0.000353	0.000000	0.006488	0.480951	0.000066	0.007585	0.001068	0.488596
219	0.014416	0.000340	0.000000	0.006435	0.483125	0.000069	0.007519	0.001023	0.487073
220	0.014051	0.000328	0.000000	0.006511	0.484924	0.000074	0.007500	0.001026	0.485586
221	0.013739	0.000320	0.000000	0.006572	0.487173	0.000071	0.007377	0.001031	0.483717
222	0.013269	0.000314	0.000000	0.006501	0.489316	0.000071	0.007184	0.000978	0.482367
223	0.012885	0.000316	0.000000	0.006408	0.491374	0.000077	0.007082	0.000939	0.480919
224	0.012599	0.000305	0.000000	0.006378	0.493522	0.000063	0.007012	0.000906	0.479215
225	0.012201	0.000289	0.000000	0.006291	0.495515	0.000061	0.006919	0.000912	0.477812
226	0.011832	0.000268	0.000000	0.006251	0.497370	0.000059	0.006960	0.000887	0.476373
227	0.011311	0.000242	0.000000	0.006203	0.499209	0.000060	0.006922	0.000869	0.475184
228	0.010965	0.000259	0.000000	0.006090	0.501313	0.000060	0.006963	0.000894	0.473456
229	0.010522	0.000243	0.000000	0.006198	0.503718	0.000058	0.006855	0.000899	0.471507
230	0.010204	0.000238	0.000000	0.006112	0.505517	0.000051	0.006846	0.000851	0.470181
231	0.009844	0.000240	0.000000	0.006045	0.507343	0.000056	0.006832	0.000781	0.468859
232	0.009491	0.000235	0.000000	0.006213	0.509134	0.000061	0.006751	0.000816	0.467299
233	0.009273	0.000205	0.000000	0.006281	0.511035	0.000064	0.006696	0.000771	0.465675
234	0.009030	0.000200	0.000000	0.006297	0.513040	0.000062	0.006611	0.000748	0.464012
235	0.008778	0.000185	0.000000	0.006233	0.515014	0.000056	0.006556	0.000737	0.462441
236	0.008475	0.000183	0.000000	0.006177	0.516718	0.000054	0.006448	0.000720	0.461225
237	0.008222	0.000161	0.000000	0.006110	0.518666	0.000055	0.006398	0.000726	0.459662
238	0.007952	0.000147	0.000000	0.006004	0.520816	0.000050	0.006304	0.000692	0.458035
239	0.007731	0.000155	0.000000	0.005952	0.522812	0.000052	0.006212	0.000681	0.456405
240	0.007438	0.000164	0.000000	0.005916	0.524793	0.000049	0.006178	0.000659	0.454803
241	0.007242	0.000148	0.000000	0.005934	0.526291	0.000044	0.006165	0.000684	0.453492
242	0.007032	0.000133	0.000000	0.005814	0.528263	0.000046	0.006081	0.000678	0.451953
243	0.006806	0.000133	0.000000	0.005727	0.530145	0.000044	0.006055	0.000672	0.450418
244	0.006679	0.000132	0.000000	0.005707	0.532166	0.000044	0.005981	0.000674	0.448617
245	0.006480	0.000121	0.000000	0.005594	0.533915	0.000046	0.005891	0.000664	0.447289
246	0.006278	0.000121	0.000000	0.005635	0.535752	0.000059	0.005804	0.000657	0.445694
247	0.006150	0.000113	0.000000	0.005604	0.538082	0.000045	0.005581	0.000663	0.443762
248	0.005961	0.000107	0.000000	0.005566	0.539798	0.000043	0.005550	0.000668	0.442307
249	0.005842	0.000106	0.000000	0.005513	0.541871	0.000052	0.005488	0.000682	0.440446
250	0.005600	0.000110	0.000000	0.005485	0.543650	0.000048	0.005431	0.000624	0.439052
251	0.005502	0.000108	0.000000	0.005444	0.545373	0.000050	0.005293	0.000644	0.437586
252	0.005443	0.000089	0.000000	0.005529	0.546696	0.000052	0.005256	0.000607	0.436328
253	0.005352	0.000089	0.000000	0.005553	0.548731	0.000049	0.005216	0.000590	0.434420
254	0.005167	0.000092	0.000000	0.005487	0.550659	0.000042	0.005091	0.000549	0.432913
255	0.005040	0.000079	0.000000	0.005471	0.552680	0.000039	0.005080	0.000553	0.431058
256	0.004910	0.000083	0.000000	0.005469	0.554300	0.000043	0.005075	0.000594	0.429526
257	0.004783	0.000079	0.000000	0.005449	0.556143	0.000045	0.005115	0.000561	0.427825
258	0.004561	0.000068	0.000000	0.005428	0.558143	0.000035	0.005017	0.000531	0.426217
259	0.004352	0.000066	0.000000	0.005528	0.560058	0.000029	0.004893	0.000529	0.424545
260	0.004194	0.000059	0.000000	0.005465	0.561948	0.000026	0.004917	0.000517	0.422874
261	0.004035	0.000060	0.000000	0.005462	0.563811	0.000029	0.004875	0.000506	0.421222
262	0.003944	0.000066	0.000000	0.005428	0.565807	0.000038	0.004845	0.000493	0.419379
263	0.003885	0.000066	0.000000	0.005299	0.567565	0.000034	0.004747	0.000460	0.417944
264	0.003702	0.000052	0.000000	0.005276	0.569376	0.000033	0.004661	0.000482	0.416418
265	0.003632	0.000053	0.000000	0.005335	0.571195	0.000033	0.004590	0.000468	0.414694
266	0.003496	0.000052	0.000000	0.005307	0.572807	0.000035	0.004564	0.000483	0.413256
267	0.003356	0.000047	0.000000	0.005243	0.575090	0.000041	0.004461	0.000482	0.411280
268	0.003211	0.000043	0.000000	0.005238	0.576753	0.000044	0.004423	0.000474	0.409814
269	0.003130	0.000039	0.000000	0.005274	0.578509	0.000037	0.004335	0.000460	0.408216
270	0.002953	0.000035	0.000000	0.005367	0.579840	0.000043	0.004257	0.000466	0.407039
271	0.002819	0.000043	0.000000	0.005392	0.581502	0.000047	0.004236	0.000479	0.405482
272	0.002717	0.000040	0.000000	0.005468	0.583107	0.000041	0.004095	0.000471	0.404061
273	0.002667	0.000039	0.000000	0.005420	0.584873	0.000033	0.003987	0.000470	0.402511
274	0.002525	0.000039	0.000000	0.005339	0.586675	0.000030	0.003905	0.000484	0.401003
275	0.002476	0.000032	0.000000	0.005368	0.588583	0.000035	0.003878	0.000482	0.399146
276	0.002406	0.000035	0.000000	0.005356	0.590467	0.000027	0.003838	0.000441	0.397430
277	0.002317	0.000029	0.000000	0.005281	0.592052	0.000033	0.003809	0.000416	0.396063
278	0.002268	0.000031	0.000000	0.005304	0.594032	0.000032	0.003811	0.000398	0.394124
279	0.002194	0.000032	0.000000	0.005260	0.595109	0.000037	0.003757	0.000426	0.393185
280	0.002148	0.000030	0.000000	0.005154	0.597514	0.000036	0.003655	0.000409	0.391054
281	0.002107	0.000020	0.000000	0.005139	0.599085	0.000028	0.003662	0.000389	0.389570
282	0.002094	0.000013	0.000000	0.005163	0.600842	0.000025	0.003628	0.000382	0.387853
283	0.002059	0.000007	0.000000	0.005144	0.602286	0.000036	0.003596	0.000372	0.386500
284	0.001987	0.000006	0.000000	0.005146	0.604270	0.000029	0.003505	0.000366	0.384691
285	0.001933	0.000005	0.000000	0.005196	0.606059	0.000027	0.003460	0.000376	0.382944
286	0.001879	0.000003	0.000000	0.005247	0.607953	0.000027	0.003374	0.000367	0.381150
287	0.001812	0.000003	0.000000	0.005194	0.609342	0.000023	0.003377	0.000381	0.379868
288	0.001752	0.000001	0.000000	0.005177	0.611042	0.000018	0.003264	0.000366	0.378380
289	0.001691	0.000001	0.000000	0.005167	0.613039	0.000021	0.003300	0.000353	0.376428
290	0.001619	0.000001	0.000000	0.005122	0.614912	0.000017	0.003245	0.000333	0.374751
291	0.001591	0.000000	0.000000	0.005149	0.616638	0.000021	0.003197	0.000340	0.373064
292	0.001512	0.000000	0.000000	0.005186	0.618127	0.000020	0.003146	0.000342	0.371667
293	0.001488	0.000000	0.000000	0.005318	0.619615	0.000017	0.003070	0.000340	0.370152
294	0.001445	0.000000	0.000000	0.005302	0.621071	0.000020	0.003097	0.000355	0.368710
295	0.001457	0.000000	0.000000	0.005275	0.622686	0.000021	0.003080	0.000333	0.367148
296	0.001407	0.000000	0.000000	0.005276	0.623884	0.000013	0.003045	0.000310	0.366065
297	0.001348	0.000000	0.000000	0.005290	0.625689	0.000020	0.002987	0.000308	0.364358
298	0.001309	0.000000	0.000000	0.005335	0.627163	0.000018	0.002993	0.000285	0.362897
299	0.001280	0.000000	0.000000	0.005326	0.629237	0.000021	0.003000	0.000264	0.360872
300	0.001237	0.000000	0.000000	0.005370	0.630887	0.000019	0.002984	0.000256	0.359247
301	0.001201	0.000000	0.000000	0.005350	0.632487	0.000023	0.002919	0.000269	0.357751
302	0.001172	0.000000	0.000000	0.005333	0.634440	0.000019	0.002867	0.000255	0.355914
303	0.001139	0.000000	0.000000	0.005248	0.636245	0.000021	0.002835	0.000255	0.354257
304	0.001114	0.000000	0.000000	0.005210	0.638011	0.000021	0.002763	0.000256	0.352625
305	0.001071	0.000000	0.000000	0.005140	0.639453	0.000017	0.002790	0.000288	0.351241
306	0.001051	0.000000	0.000000	0.005037	0.641287	0.000015	0.002768	0.000275	0.349567
307	0.001031	0.000000	0.000000	0.005032	0.642864	0.000013	0.002789	0.000275	0.347996
308	0.000955	0.000000	0.000000	0.005034	0.644599	0.000018	0.002733	0.000262	0.346399
309	0.000891	0.000000	0.000000	0.005048	0.646316	0.000021	0.002775	0.000266	0.344683
310	0.000864	0.000000	0.000000	0.005043	0.647864	0.000025	0.002761	0.000261	0.343182
311	0.000855	0.000000	0.000000	0.004943	0.649405	0.000021	0.002720	0.000267	0.341789
312	0.000852	0.000000	0.000000	0.005006	0.651105	0.000022	0.002741	0.000278	0.339996
313	0.000814	0.000000	0.000000	0.005008	0.652568	0.000024	0.002702	0.000273	0.338611
314	0.000759	0.000000	0.000000	0.004914	0.654064	0.000017	0.002752	0.000275	0.337219
315	0.000747	0.000000	0.000000	0.004907	0.655543	0.000023	0.002734	0.000250	0.335796
316	0.000740	0.000000	0.000000	0.004848	0.657636	0.000027	0.002696	0.000225	0.333828
317	0.000705	0.000000	0.000000	0.004853	0.659009	0.000026	0.002635	0.000218	0.332554
318	0.000697	0.000000	0.000000	0.004839	0.660665	0.000025	0.002594	0.000217	0.330963
319	0.000678	0.000000	0.000000	0.004881	0.662619	0.000022	0.002542	0.000213	0.329045
320	0.000679	0.000000	0.000000	0.004861	0.664296	0.000017	0.002550	0.000210	0.327387
321	0.000686	0.000000	0.000000	0.004831	0.665831	0.000013	0.002544	0.000179	0.325916
322	0.000678	0.000000	0.000000	0.004848	0.667203	0.000013	0.002528	0.000190	0.324540
323	0.000672	0.000000	0.000000	0.004932	0.668716	0.000011	0.002525	0.000185	0.322959
324	0.000671	0.000000	0.000000	0.004948	0.670265	0.000009	0.002511	0.000150	0.321446
325	0.000659	0.000000	0.000000	0.004997	0.671676	0.000010	0.002497	0.000145	0.320016
326	0.000640	0.000000	0.000000	0.004979	0.673213	0.000009	0.002415	0.000133	0.318611
327	0.000604	0.000000	0.000000	0.005022	0.674662	0.000009	0.002370	0.000120	0.317213
328	0.000593	0.000000	0.000000	0.005033	0.676282	0.000008	0.002339	0.000118	0.315627
329	0.000576	0.000000	0.000000	0.005040	0.677934	0.000007	0.002403	0.000122	0.313918
330	0.000545	0.000000	0.000000	0.005031	0.679548	0.000010	0.002421	0.000106	0.312339
331	0.000545	0.000000	0.000000	0.005009	0.681360	0.000011	0.002342	0.000116	0.310617
332	0.000537	0.000000	0.000000	0.005081	0.682639	0.000008	0.002309	0.000104	0.309322
333	0.000520	0.000000	0.000000	0.005038	0.684258	0.000008	0.002267	0.000104	0.307805
334	0.000501	0.000000	0.000000	0.005114	0.685634	0.000008	0.002272	0.000102	0.306369
335	0.000500	0.000000	0.000000	0.005130	0.687246	0.000006	0.002267	0.000091	0.304760
336	0.000509	0.000000	0.000000	0.005150	0.688630	0.000004	0.002320	0.000092	0.303295
337	0.000500	0.000000	0.000000	0.005202	0.689974	0.000003	0.002311	0.000086	0.301924
338	0.000502	0.000000	0.000000	0.005305	0.691670	0.000010	0.002326	0.000087	0.300100
339	0.000485	0.000000	0.000000	0.005291	0.693623	0.000009	0.002335	0.000082	0.298175
340	0.000469	0.000000	0.000000	0.005203	0.695233	0.000009	0.002319	0.000084	0.296683
341	0.000449	0.000000	0.000000	0.005282	0.696712	0.000006	0.002259	0.000074	0.295218
342	0.000450	0.000000	0.000000	0.005138	0.698472	0.000002	0.002174	0.000072	0.293692
343	0.000455	0.000000	0.000000	0.005076	0.699737	0.000005	0.002155	0.000073	0.292499
344	0.000448	0.000000	0.000000	0.005069	0.701289	0.000006	0.002164	0.000076	0.290948
345	0.000434	0.000000	0.000000	0.005014	0.702942	0.000003	0.002142	0.000080	0.289385
346	0.000418	0.000000	0.000000	0.004999	0.704183	0.000002	0.002152	0.000073	0.288173
347	0.000399	0.000000	0.000000	0.004974	0.705870	0.000000	0.002064	0.000059	0.286634
348	0.000376	0.000000	0.000000	0.004906	0.707509	0.000001	0.002028	0.000051	0.285129
349	0.000364	0.000000	0.000000	0.004853	0.708721	0.000002	0.001994	0.000041	0.284025
350	0.000326	0.000000	0.000000	0.004782	0.710419	0.000001	0.001984	0.000033	0.282455
351	0.000299	0.000000	0.000000	0.004775	0.711841	0.000001	0.001969	0.000024	0.281091
352	0.000283	0.000000	0.000000	0.004856	0.713278	0.000002	0.001925	0.000027	0.279629
353	0.000273	0.000000	0.000000	0.004745	0.715027	0.000001	0.001896	0.000026	0.278032
354	0.000276	0.000000	0.000000	0.004727	0.716381	0.000002	0.001884	0.000030	0.276700
355	0.000256	0.000000	0.000000	0.004773	0.717864	0.000002	0.001923	0.000028	0.275154
356	0.000239	0.000000	0.000000	0.004745	0.719482	0.000005	0.001902	0.000029	0.273598
357	0.000221	0.000000	0.000000	0.004694	0.720948	0.000005	0.001935	0.000020	0.272177
358	0.000225	0.000000	0.000000	0.004645	0.722589	0.000007	0.001896	0.000022	0.270616
359	0.000220	0.000000	0.000000	0.004669	0.723954	0.000008	0.001886	0.000024	0.269239
360	0.000209	0.000000	0.000000	0.004611	0.725316	0.000008	0.001886	0.000026	0.267944
361	0.000187	0.000000	0.000000	0.004614	0.726555	0.000008	0.001867	0.000028	0.266741
362	0.000196	0.000000	0.000000	0.004596	0.727864	0.000005	0.001841	0.000028	0.265470
363	0.000185	0.000000	0.000000	0.004624	0.729315	0.000006	0.001836	0.000027	0.264007
364	0.000181	0.000000	0.000000	0.004584	0.730902	0.000008	0.001841	0.000031	0.262453
365	0.000168	0.000000	0.000000	0.004614	0.732135	0.000008	0.001830	0.000034	0.261211
366	0.000158	0.000000	0.000000	0.004598	0.733499	0.000003	0.001787	0.000037	0.259918
367	0.000162	0.000000	0.000000	0.004541	0.735000	0.000001	0.001718	0.000040	0.258538
368	0.000162	0.000000	0.000000	0.004606	0.736174	0.000000	0.001723	0.000039	0.257296
369	0.000143	0.000000	0.000000	0.004597	0.737417	0.000000	0.001681	0.000040	0.256122
370	0.000140	0.000000	0.000000	0.004524	0.738916	0.000000	0.001678	0.000037	0.254705
371	0.000128	0.000000	0.000000	0.004526	0.740240	0.000000	0.001680	0.000035	0.253391
372	0.000121	0.000000	0.000000	0.004508	0.741675	0.000000	0.001639	0.000031	0.252026
373	0.000111	0.000000	0.000000	0.004509	0.743257	0.000000	0.001608	0.000033	0.250482
374	0.000107	0.000000	0.000000	0.004499	0.744699	0.000000	0.001575	0.000030	0.249090
375	0.000105	0.000000	0.000000	0.004520	0.746245	0.000000	0.001593	0.000027	0.247510
376	0.000095	0.000000	0.000000	0.004552	0.747464	0.000000	0.001587	0.000032	0.246270
377	0.000109	0.000000	0.000000	0.004626	0.748995	0.000000	0.001583	0.000021	0.244666
378	0.000114	0.000000	0.000000	0.004619	0.750274	0.000000	0.001564	0.000019	0.243410
379	0.000111	0.000000	0.000000	0.004613	0.751514	0.000000	0.001551	0.000018	0.242193
380	0.000112	0.000000	0.000000	0.004657	0.753019	0.000000	0.001510	0.000018	0.240684
381	0.000095	0.000000	0.000000	0.004639	0.754186	0.000000	0.001499	0.000015	0.239566
382	0.000091	0.000000	0.000000	0.004631	0.755756	0.000000	0.001477	0.000018	0.238027
383	0.000092	0.000000	0.000000	0.004590	0.757045	0.000000	0.001488	0.000013	0.236772
384	0.000092	0.000000	0.000000	0.004622	0.758235	0.000000	0.001449	0.000018	0.235584
385	0.000098	0.000000	0.000000	0.004650	0.759612	0.000000	0.001398	0.000014	0.234228
386	0.000091	0.000000	0.000000	0.004627	0.761148	0.000000	0.001416	0.000009	0.232709
387	0.000093	0.000000	0.000000	0.004604	0.761960	0.000000	0.001384	0.000007	0.231952
388	0.000078	0.000000	0.000000	0.004672	0.763289	0.000000	0.001334	0.000010	0.230617
389	0.000068	0.000000	0.000000	0.004671	0.764824	0.000000	0.001309	0.000007	0.229121
390	0.000064	0.000000	0.000000	0.004762	0.766045	0.000000	0.001295	0.000005	0.227829
391	0.000060	0.000000	0.000000	0.004717	0.767440	0.000000	0.001289	0.000006	0.226488
392	0.000055	0.000000	0.000000	0.004725	0.768501	0.000000	0.001305	0.000004	0.225410
393	0.000046	0.000000	0.000000	0.004720	0.770226	0.000000	0.001338	0.000001	0.223669
394	0.000046	0.000000	0.000000	0.004699	0.771157	0.000000	0.001326	0.000000	0.222772
395	0.000060	0.000000	0.000000	0.004691	0.772404	0.000000	0.001346	0.000000	0.221499
396	0.000056	0.000000	0.000000	0.004690	0.773647	0.000000	0.001367	0.000000	0.220240
397	0.000055	0.000000	0.000000	0.004673	0.774985	0.000000	0.001317	0.000000	0.218970
398	0.000053	0.000000	0.000000	0.004641	0.776658	0.000000	0.001292	0.000000	0.217356
399	0.000054	0.000000	0.000000	0.004667	0.777643	0.000000	0.001284	0.000000	0.216352
400	0.000051	0.000000	0.000000	0.004580	0.778929	0.000000	0.001287	0.000000	0.215153
401	0.000054	0.000000	0.000000	0.004530	0.780157	0.000000	0.001307	0.000000	0.213952
402	0.000059	0.000000	0.000000	0.004556	0.781698	0.000000	0.001236	0.000000	0.212451
403	0.000062	0.000000	0.000000	0.004568	0.782703	0.000000	0.001228	0.000000	0.211439
404	0.000062	0.000000	0.000000	0.004465	0.784249	0.000000	0.001231	0.000000	0.209993
405	0.000057	0.000000	0.000000	0.004407	0.785460	0.000000	0.001203	0.000000	0.208873
406	0.000052	0.000000	0.000000	0.004403	0.786638	0.000000	0.001236	0.000000	0.207671
407	0.000050	0.000000	0.000000	0.004430	0.787802	0.000000	0.001213	0.000000	0.206505
408	0.000046	0.000000	0.000000	0.004456	0.789097	0.000000	0.001179	0.000000	0.205222
409	0.000049	0.000000	0.000000	0.004444	0.790418	0.000000	0.001128	0.000000	0.203961
410	0.000052	0.000000	0.000000	0.004483	0.791740	0.000000	0.001109	0.000000	0.202616
411	0.000060	0.000000	0.000000	0.004491	0.792903	0.000000	0.001102	0.000000	0.201444
412	0.000060	0.000000	0.000000	0.004551	0.794122	0.000000	0.001115	0.000000	0.200152
413	0.000055	0.000000	0.000000	0.004502	0.794983	0.000000	0.001107	0.000000	0.199353
414	0.000057	0.000000	0.000000	0.004477	0.796380	0.000000	0.001041	0.000000	0.198045
415	0.000053	0.000000	0.000000	0.004494	0.797363	0.000000	0.001022	0.000000	0.197068
416	0.000050	0.000000	0.000000	0.004575	0.798595	0.000000	0.001048	0.000000	0.195732
417	0.000048	0.000000	0.000000	0.004482	0.799837	0.000000	0.001052	0.000000	0.194581
418	0.000051	0.000000	0.000000	0.004422	0.801306	0.000000	0.001044	0.000000	0.193177
419	0.000048	0.000000	0.000000	0.004380	0.802653	0.000000	0.001026	0.000000	0.191893
420	0.000044	0.000000	0.000000	0.004428	0.803635	0.000000	0.001020	0.000000	0.190873
421	0.000039	0.000000	0.000000	0.004389	0.804870	0.000000	0.001037	0.000000	0.189665
422	0.000034	0.000000	0.000000	0.004413	0.806184	0.000000	0.001027	0.000000	0.188342
423	0.000031	0.000000	0.000000	0.004449	0.807091	0.000000	0.001039	0.000000	0.187390
424	0.000027	0.000000	0.000000	0.004466	0.808059	0.000000	0.001044	0.000000	0.186404
425	0.000032	0.000000	0.000000	0.004458	0.809204	0.000000	0.001016	0.000000	0.185290
426	0.000027	0.000000	0.000000	0.004493	0.810208	0.000000	0.001019	0.000000	0.184253
427	0.000024	0.000000	0.000000	0.004507	0.811282	0.000000	0.001023	0.000000	0.183164
428	0.000023	0.000000	0.000000	0.004581	0.812353	0.000000	0.001034	0.000000	0.182009
429	0.000024	0.000000	0.000000	0.004566	0.813657	0.000000	0.001057	0.000000	0.180696
430	0.000023	0.000000	0.000000	0.004543	0.814573	0.000000	0.001031	0.000000	0.179830
431	0.000024	0.000000	0.000000	0.004532	0.815795	0.000000	0.001028	0.000000	0.178621
432	0.000024	0.000000	0.000000	0.004499	0.816977	0.000000	0.001023	0.000000	0.177477
433	0.000028	0.000000	0.000000	0.004479	0.817954	0.000000	0.001038	0.000000	0.176501
434	0.000029	0.000000	0.000000	0.004495	0.819171	0.000000	0.001057	0.000000	0.175248
435	0.000024	0.000000	0.000000	0.004517	0.820331	0.000000	0.001069	0.000000	0.174059
436	0.000019	0.000000	0.000000	0.004571	0.821364	0.000000	0.001044	0.000000	0.173002
437	0.000018	0.000000	0.000000	0.004668	0.822332	0.000000	0.001019	0.000000	0.171963
438	0.000017	0.000000	0.000000	0.004712	0.823232	0.000000	0.001001	0.000000	0.171038
439	0.000013	0.000000	0.000000	0.004646	0.824480	0.000000	0.000987	0.000000	0.169874
440	0.000010	0.000000	0.000000	0.004669	0.825723	0.000000	0.000977	0.000000	0.168621
441	0.000015	0.000000	0.000000	0.004740	0.826980	0.000000	0.000926	0.000000	0.167339
442	0.000014	0.000000	0.000000	0.004802	0.827847	0.000000	0.000912	0.000000	0.166425
443	0.000019	0.000000	0.000000	0.004844	0.829102	0.000000	0.000864	0.000000	0.165171
444	0.000019	0.000000	0.000000	0.004844	0.830157	0.000000	0.000859	0.000000	0.164121
445	0.000020	0.000000	0.000000	0.004811	0.831112	0.000000	0.000809	0.000000	0.163248
446	0.000018	0.000000	0.000000	0.004740	0.832174	0.000000	0.000799	0.000000	0.162269
447	0.000014	0.000000	0.000000	0.004790	0.833216	0.000000	0.000751	0.000000	0.161229
448	0.000015	0.000000	0.000000	0.004754	0.834443	0.000000	0.000718	0.000000	0.160070
449	0.000016	0.000000	0.000000	0.004696	0.835482	0.000000	0.000705	0.000000	0.159101
450	0.000016	0.000000	0.000000	0.004722	0.836452	0.000000	0.000690	0.000000	0.158120
451	0.000017	0.000000	0.000000	0.004721	0.837107	0.000000	0.000688	0.000000	0.157467
452	0.000011	0.000000	0.000000	0.004621	0.838347	0.000000	0.000710	0.000000	0.156311
453	0.000011	0.000000	0.000000	0.004583	0.839467	0.000000	0.000723	0.000000	0.155216
454	0.000011	0.000000	0.000000	0.004637	0.840522	0.000000	0.000699	0.000000	0.154131
455	0.000005	0.000000	0.000000	0.004670	0.841774	0.000000	0.000677	0.000000	0.152874
456	0.000005	0.000000	0.000000	0.004675	0.842901	0.000000	0.000670	0.000000	0.151749
457	0.000010	0.000000	0.000000	0.004538	0.843784	0.000000	0.000658	0.000000	0.151010
458	0.000006	0.000000	0.000000	0.004521	0.844788	0.000000	0.000645	0.000000	0.150040
459	0.000011	0.000000	0.000000	0.004406	0.846087	0.000000	0.000648	0.000000	0.148848
460	0.000007	0.000000	0.000000	0.004473	0.846867	0.000000	0.000637	0.000000	0.148016
461	0.000010	0.000000	0.000000	0.004533	0.847895	0.000000	0.000627	0.000000	0.146935
462	0.000011	0.000000	0.000000	0.004581	0.848867	0.000000	0.000598	0.000000	0.145943
463	0.000010	0.000000	0.000000	0.004571	0.849623	0.000000	0.000560	0.000000	0.145236
464	0.000009	0.000000	0.000000	0.004638	0.850955	0.000000	0.000571	0.000000	0.143827
465	0.000008	0.000000	0.000000	0.004655	0.851985	0.000000	0.000574	0.000000	0.142778
466	0.000006	0.000000	0.000000	0.004685	0.852954	0.000000	0.000570	0.000000	0.141785
467	0.000008	0.000000	0.000000	0.004745	0.853959	0.000000	0.000599	0.000000	0.140689
468	0.000007	0.000000	0.000000	0.004758	0.855011	0.000000	0.000575	0.000000	0.139649
469	0.000008	0.000000	0.000000	0.004778	0.856015	0.000000	0.000575	0.000000	0.138624
470	0.000007	0.000000	0.000000	0.004801	0.857137	0.000000	0.000571	0.000000	0.137484
