0	0.290663	0.057897	0.229473	0.157588	0.029913	0.111872	0.085455	0.012259	0.024880
1	0.242509	0.049937	0.208498	0.143806	0.029455	0.122567	0.102568	0.020149	0.080511
2	0.251625	0.050961	0.215468	0.140495	0.030671	0.121475	0.091326	0.017939	0.080040
3	0.266415	0.052106	0.223627	0.137176	0.032109	0.117236	0.079537	0.015489	0.076305
4	0.281103	0.053077	0.230470	0.133789	0.033702	0.113171	0.069619	0.013326	0.071743
5	0.296629	0.053510	0.237532	0.129622	0.035545	0.108085	0.060026	0.011222	0.067829
6	0.311039	0.053982	0.243418	0.125184	0.037378	0.103242	0.052631	0.009559	0.063567
7	0.324830	0.054199	0.249230	0.120800	0.038806	0.098208	0.045557	0.008149	0.060221
8	0.338344	0.054145	0.254677	0.115702	0.040657	0.093193	0.039656	0.006718	0.056908
9	0.350683	0.053728	0.259981	0.110714	0.042635	0.088272	0.034512	0.005694	0.053781
10	0.362918	0.053695	0.263755	0.106151	0.044470	0.083083	0.029897	0.004915	0.051116
11	0.374040	0.052951	0.267766	0.101274	0.046508	0.078598	0.026407	0.004244	0.048212
12	0.385202	0.052458	0.270939	0.096489	0.047980	0.074749	0.022748	0.003639	0.045796
13	0.395265	0.051826	0.275095	0.091573	0.049813	0.070629	0.019715	0.003017	0.043067
14	0.404185	0.051242	0.277532	0.087607	0.052088	0.066473	0.017210	0.002643	0.041020
15	0.412364	0.050429	0.281291	0.083377	0.054313	0.062497	0.015022	0.002259	0.038448
16	0.420447	0.049295	0.283615	0.079186	0.056734	0.058980	0.013343	0.002021	0.036379
17	0.428035	0.048137	0.285553	0.075408	0.059050	0.055881	0.011660	0.001692	0.034584
18	0.435548	0.047108	0.287699	0.071441	0.061219	0.052358	0.010197	0.001449	0.032981
19	0.441475	0.045781	0.289942	0.068039	0.063942	0.049406	0.009074	0.001238	0.031103
20	0.447376	0.044814	0.291579	0.064878	0.066236	0.046703	0.007687	0.001099	0.029628
21	0.452725	0.043593	0.293210	0.061481	0.068968	0.044341	0.006763	0.000911	0.028008
22	0.456871	0.042624	0.294289	0.058603	0.072236	0.041809	0.005992	0.000781	0.026795
23	0.461565	0.041369	0.295578	0.055874	0.074947	0.039325	0.005331	0.000679	0.025332
24	0.465163	0.040321	0.296423	0.053256	0.078574	0.037022	0.004659	0.000584	0.023998
25	0.469095	0.039269	0.296741	0.050570	0.081780	0.035195	0.004145	0.000517	0.022688
26	0.472687	0.038230	0.296876	0.048545	0.084990	0.032980	0.003696	0.000447	0.021549
27	0.475488	0.037171	0.296808	0.046252	0.088733	0.031330	0.003244	0.000369	0.020605
28	0.477659	0.036276	0.296733	0.043867	0.092662	0.029897	0.002832	0.000314	0.019760
29	0.478891	0.035469	0.296804	0.041675	0.097283	0.028249	0.002538	0.000249	0.018842
30	0.480349	0.034517	0.296073	0.039769	0.101963	0.026898	0.002170	0.000231	0.018030
31	0.481535	0.033460	0.296113	0.037922	0.106301	0.025469	0.001881	0.000211	0.017108
32	0.482895	0.032569	0.295013	0.036358	0.110811	0.024275	0.001718	0.000178	0.016183
33	0.483412	0.031751	0.294268	0.034809	0.115516	0.023249	0.001489	0.000149	0.015357
34	0.483716	0.030831	0.293212	0.033600	0.120284	0.022155	0.001367	0.000129	0.014706
35	0.483164	0.030128	0.292369	0.032548	0.125454	0.021106	0.001212	0.000120	0.013899
36	0.482581	0.029488	0.291222	0.031559	0.130543	0.020230	0.001076	0.000095	0.013206
37	0.481653	0.028526	0.290611	0.030517	0.135595	0.019410	0.000949	0.000075	0.012664
38	0.480926	0.027622	0.289305	0.029272	0.141251	0.018680	0.000770	0.000080	0.012094
39	0.479536	0.026725	0.288056	0.028463	0.147004	0.017989	0.000738	0.000074	0.011415
40	0.477510	0.025655	0.287178	0.027657	0.153123	0.017312	0.000661	0.000053	0.010851
41	0.475828	0.024862	0.285965	0.026631	0.159398	0.016373	0.000607	0.000053	0.010283
42	0.473779	0.024002	0.283509	0.026179	0.165969	0.016103	0.000517	0.000044	0.009898
43	0.471551	0.023314	0.281638	0.025320	0.172683	0.015587	0.000458	0.000037	0.009412
44	0.468626	0.022635	0.279903	0.024582	0.179716	0.015109	0.000438	0.000041	0.008950
45	0.466054	0.022163	0.277624	0.024028	0.186675	0.014525	0.000366	0.000032	0.008533
46	0.463256	0.021502	0.275466	0.023319	0.193962	0.014012	0.000322	0.000024	0.008137
47	0.459770	0.020776	0.273440	0.022952	0.201382	0.013565	0.000278	0.000019	0.007818
48	0.456401	0.020082	0.270646	0.022438	0.209338	0.013295	0.000257	0.000019	0.007524
49	0.452478	0.019518	0.269153	0.021894	0.217018	0.012651	0.000251	0.000021	0.007016
50	0.449196	0.018826	0.266636	0.021265	0.224871	0.012358	0.000244	0.000013	0.006591
51	0.444583	0.018290	0.264695	0.020909	0.233085	0.011958	0.000214	0.000008	0.006258
52	0.440227	0.017530	0.262167	0.020630	0.241584	0.011591	0.000196	0.000015	0.006060
53	0.436489	0.017114	0.259153	0.020219	0.249611	0.011316	0.000199	0.000016	0.005883
54	0.431976	0.016643	0.256504	0.019993	0.258225	0.010995	0.000193	0.000010	0.005461
55	0.428116	0.015941	0.253376	0.019825	0.266650	0.010872	0.000162	0.000011	0.005047
56	0.423176	0.015480	0.250595	0.019585	0.275575	0.010474	0.000142	0.000009	0.004964
57	0.418148	0.015137	0.247809	0.019209	0.284542	0.010306	0.000148	0.000010	0.004691
58	0.413114	0.014422	0.244907	0.018935	0.294081	0.009950	0.000123	0.000013	0.004455
59	0.408411	0.014047	0.241470	0.018877	0.303175	0.009710	0.000118	0.000009	0.004183
60	0.403177	0.013515	0.238162	0.018843	0.312730	0.009393	0.000113	0.000012	0.004055
61	0.397598	0.013134	0.235336	0.018689	0.322040	0.009256	0.000094	0.000013	0.003840
62	0.392237	0.012586	0.231759	0.018450	0.332212	0.009084	0.000088	0.000013	0.003571
63	0.386357	0.012164	0.228474	0.018349	0.342073	0.009065	0.000072	0.000009	0.003437
64	0.381245	0.011792	0.224841	0.018035	0.352008	0.008781	0.000060	0.000008	0.003230
65	0.375731	0.011331	0.221310	0.017986	0.361772	0.008736	0.000050	0.000004	0.003080
66	0.369611	0.010894	0.217668	0.017788	0.372338	0.008674	0.000050	0.000002	0.002975
67	0.363145	0.010510	0.214147	0.017622	0.383088	0.008700	0.000037	0.000001	0.002750
68	0.356554	0.010058	0.210735	0.017449	0.393997	0.008579	0.000041	0.000002	0.002585
69	0.349948	0.009652	0.207403	0.017374	0.404580	0.008473	0.000041	0.000001	0.002528
70	0.344137	0.009336	0.203661	0.017219	0.414973	0.008275	0.000037	0.000000	0.002362
71	0.337861	0.009056	0.199953	0.017186	0.425518	0.008206	0.000025	0.000000	0.002195
72	0.331375	0.008607	0.196499	0.017018	0.436218	0.008109	0.000023	0.000000	0.002151
73	0.324728	0.008372	0.192691	0.016875	0.447317	0.008005	0.000016	0.000000	0.001996
74	0.318316	0.008001	0.188874	0.016947	0.457820	0.008081	0.000010	0.000000	0.001951
75	0.311741	0.007687	0.185085	0.017047	0.468519	0.008002	0.000009	0.000000	0.001910
76	0.304325	0.007412	0.181837	0.017092	0.479675	0.007850	0.000014	0.000000	0.001795
77	0.297704	0.007039	0.178199	0.017130	0.490506	0.007673	0.000019	0.000000	0.001730
78	0.291614	0.006781	0.174165	0.017152	0.501044	0.007618	0.000015	0.000000	0.001611
79	0.284485	0.006579	0.170542	0.017210	0.512108	0.007467	0.000019	0.000000	0.001590
80	0.277766	0.006361	0.166600	0.017140	0.522917	0.007679	0.000015	0.000000	0.001522
81	0.271259	0.006048	0.162869	0.017013	0.533571	0.007780	0.000015	0.000000	0.001445
82	0.264988	0.005813	0.158781	0.017011	0.544266	0.007721	0.000016	0.000000	0.001404
83	0.258562	0.005412	0.154929	0.016876	0.555225	0.007673	0.000008	0.000000	0.001315
84	0.252429	0.005300	0.150840	0.016963	0.565573	0.007642	0.000014	0.000000	0.001239
85	0.246171	0.005066	0.146762	0.016957	0.576207	0.007636	0.000011	0.000000	0.001190
86	0.240302	0.004741	0.142646	0.016714	0.586971	0.007496	0.000009	0.000000	0.001121
87	0.233793	0.004560	0.139106	0.016651	0.597344	0.007436	0.000009	0.000000	0.001101
88	0.226889	0.004401	0.135743	0.016955	0.607611	0.007370	0.000006	0.000000	0.001025
89	0.220408	0.004278	0.132345	0.016930	0.617912	0.007118	0.000007	0.000000	0.001002
90	0.214336	0.004001	0.128424	0.016850	0.628378	0.007036	0.000007	0.000000	0.000968
91	0.208170	0.003775	0.125174	0.016851	0.638172	0.006958	0.000004	0.000000	0.000896
92	0.201649	0.003633	0.121592	0.016799	0.648460	0.006989	0.000003	0.000000	0.000875
93	0.195326	0.003457	0.118028	0.016857	0.658631	0.006870	0.000002	0.000000	0.000829
94	0.189677	0.003264	0.114298	0.016758	0.668274	0.006950	0.000000	0.000000	0.000779
95	0.184248	0.002963	0.110716	0.016794	0.677640	0.006919	0.000001	0.000000	0.000719
96	0.177872	0.002868	0.107468	0.016868	0.687332	0.006906	0.000000	0.000000	0.000686
97	0.171966	0.002705	0.104351	0.016914	0.696568	0.006868	0.000000	0.000000	0.000628
98	0.165970	0.002514	0.101257	0.016850	0.706097	0.006715	0.000000	0.000000	0.000597
99	0.160094	0.002333	0.097903	0.016907	0.715354	0.006863	0.000000	0.000000	0.000546
100	0.154904	0.002147	0.094374	0.016969	0.724237	0.006875	0.000000	0.000000	0.000494
101	0.149470	0.002046	0.091088	0.017054	0.733003	0.006851	0.000000	0.000000	0.000488
102	0.144140	0.001853	0.088054	0.016945	0.741743	0.006804	0.000000	0.000000	0.000461
103	0.138850	0.001756	0.084802	0.017135	0.750190	0.006835	0.000000	0.000000	0.000432
104	0.134107	0.001661	0.081854	0.017203	0.757891	0.006865	0.000000	0.000000	0.000419
105	0.129280	0.001574	0.078769	0.017284	0.765804	0.006894	0.000000	0.000000	0.000395
106	0.124413	0.001442	0.075818	0.017390	0.773730	0.006818	0.000000	0.000000	0.000389
107	0.119746	0.001349	0.073261	0.017434	0.781004	0.006854	0.000000	0.000000	0.000352
108	0.115117	0.001291	0.070342	0.017485	0.788585	0.006849	0.000000	0.000000	0.000331
109	0.110379	0.001206	0.067767	0.017331	0.796054	0.006946	0.000000	0.000000	0.000317
110	0.105889	0.001112	0.065085	0.017448	0.803287	0.006873	0.000000	0.000000	0.000306
111	0.101674	0.001059	0.062312	0.017470	0.810315	0.006886	0.000000	0.000000	0.000284
112	0.097407	0.000960	0.060003	0.017265	0.817246	0.006853	0.000000	0.000000	0.000266
113	0.093285	0.000861	0.057510	0.017277	0.824050	0.006768	0.000000	0.000000	0.000249
114	0.089625	0.000788	0.055237	0.017304	0.829906	0.006912	0.000000	0.000000	0.000228
115	0.085937	0.000685	0.053059	0.017459	0.835766	0.006889	0.000000	0.000000	0.000205
116	0.082343	0.000656	0.051035	0.017446	0.841447	0.006895	0.000000	0.000000	0.000178
117	0.079059	0.000627	0.048909	0.017347	0.846992	0.006911	0.000000	0.000000	0.000155
118	0.075732	0.000547	0.047033	0.017310	0.852324	0.006881	0.000000	0.000000	0.000173
119	0.072390	0.000517	0.044988	0.017561	0.857683	0.006700	0.000000	0.000000	0.000161
120	0.069137	0.000471	0.043001	0.017612	0.863126	0.006511	0.000000	0.000000	0.000142
121	0.065888	0.000416	0.040921	0.017598	0.868585	0.006475	0.000000	0.000000	0.000117
122	0.062785	0.000354	0.039044	0.017408	0.873768	0.006528	0.000000	0.000000	0.000113
123	0.059883	0.000349	0.037470	0.017409	0.878174	0.006607	0.000000	0.000000	0.000108
124	0.057013	0.000300	0.035880	0.017500	0.882579	0.006624	0.000000	0.000000	0.000104
125	0.054048	0.000267	0.034503	0.017510	0.886977	0.006610	0.000000	0.000000	0.000085
126	0.051636	0.000243	0.032824	0.017498	0.891077	0.006644	0.000000	0.000000	0.000078
127	0.048966	0.000240	0.031530	0.017413	0.895108	0.006656	0.000000	0.000000	0.000087
128	0.046476	0.000195	0.029984	0.017410	0.899085	0.006767	0.000000	0.000000	0.000083
129	0.044342	0.000184	0.028609	0.017532	0.902594	0.006662	0.000000	0.000000	0.000077
130	0.042275	0.000160	0.027245	0.017432	0.906161	0.006655	0.000000	0.000000	0.000072
131	0.040077	0.000146	0.025972	0.017245	0.909781	0.006707	0.000000	0.000000	0.000072
132	0.038199	0.000124	0.024583	0.017200	0.913065	0.006762	0.000000	0.000000	0.000067
133	0.036185	0.000118	0.023283	0.017130	0.916546	0.006677	0.000000	0.000000	0.000061
134	0.034251	0.000095	0.022077	0.017024	0.919979	0.006530	0.000000	0.000000	0.000044
135	0.032287	0.000099	0.021003	0.017027	0.923029	0.006513	0.000000	0.000000	0.000042
136	0.030601	0.000087	0.019964	0.017141	0.925539	0.006633	0.000000	0.000000	0.000035
137	0.028992	0.000079	0.019129	0.017040	0.928307	0.006425	0.000000	0.000000	0.000028
138	0.027474	0.000069	0.018105	0.017070	0.930794	0.006459	0.000000	0.000000	0.000029
139	0.025828	0.000070	0.017259	0.016939	0.933435	0.006447	0.000000	0.000000	0.000022
140	0.024379	0.000068	0.016315	0.016894	0.935859	0.006471	0.000000	0.000000	0.000014
141	0.022876	0.000053	0.015515	0.016979	0.938136	0.006430	0.000000	0.000000	0.000011
142	0.021455	0.000040	0.014585	0.016883	0.940538	0.006479	0.000000	0.000000	0.000020
143	0.020081	0.000038	0.013818	0.017005	0.942599	0.006445	0.000000	0.000000	0.000014
144	0.018898	0.000041	0.012922	0.016995	0.944675	0.006454	0.000000	0.000000	0.000015
145	0.017868	0.000036	0.012178	0.016977	0.946389	0.006536	0.000000	0.000000	0.000016
146	0.016849	0.000036	0.011401	0.017099	0.948018	0.006586	0.000000	0.000000	0.000011
147	0.015880	0.000031	0.010831	0.017171	0.949451	0.006630	0.000000	0.000000	0.000006
148	0.015016	0.000027	0.010255	0.017265	0.950783	0.006647	0.000000	0.000000	0.000007
149	0.013990	0.000034	0.009801	0.017211	0.952427	0.006530	0.000000	0.000000	0.000007
150	0.012996	0.000030	0.009365	0.017231	0.953987	0.006384	0.000000	0.000000	0.000007
151	0.012224	0.000028	0.008893	0.017319	0.955040	0.006490	0.000000	0.000000	0.000006
152	0.011476	0.000028	0.008351	0.017383	0.956162	0.006597	0.000000	0.000000	0.000003
153	0.010605	0.000028	0.007899	0.017476	0.957411	0.006578	0.000000	0.000000	0.000003
154	0.009963	0.000027	0.007289	0.017352	0.958739	0.006629	0.000000	0.000000	0.000001
155	0.009249	0.000026	0.006781	0.017291	0.959959	0.006694	0.000000	0.000000	0.000000
156	0.008765	0.000023	0.006361	0.017178	0.960962	0.006711	0.000000	0.000000	0.000000
157	0.008219	0.000014	0.005960	0.017264	0.961961	0.006582	0.000000	0.000000	0.000000
158	0.007600	0.000013	0.005662	0.017322	0.962817	0.006586	0.000000	0.000000	0.000000
159	0.007179	0.000016	0.005322	0.017266	0.963561	0.006656	0.000000	0.000000	0.000000
160	0.006736	0.000021	0.005009	0.017166	0.964355	0.006713	0.000000	0.000000	0.000000
161	0.006299	0.000017	0.004621	0.017166	0.965210	0.006687	0.000000	0.000000	0.000000
162	0.005904	0.000019	0.004290	0.017187	0.965856	0.006744	0.000000	0.000000	0.000000
163	0.005557	0.000023	0.003913	0.017147	0.966664	0.006696	0.000000	0.000000	0.000000
164	0.005233	0.000027	0.003607	0.017359	0.966916	0.006858	0.000000	0.000000	0.000000
165	0.004963	0.000027	0.003406	0.017323	0.967438	0.006843	0.000000	0.000000	0.000000
166	0.004629	0.000019	0.003116	0.017311	0.968130	0.006795	0.000000	0.000000	0.000000
167	0.004299	0.000018	0.002846	0.017221	0.968803	0.006813	0.000000	0.000000	0.000000
168	0.003951	0.000019	0.002638	0.017316	0.969198	0.006878	0.000000	0.000000	0.000000
169	0.003723	0.000020	0.002437	0.017304	0.969711	0.006805	0.000000	0.000000	0.000000
170	0.003434	0.000017	0.002295	0.017447	0.970008	0.006799	0.000000	0.000000	0.000000
171	0.003218	0.000017	0.002132	0.017417	0.970362	0.006854	0.000000	0.000000	0.000000
172	0.002966	0.000024	0.001896	0.017339	0.970883	0.006892	0.000000	0.000000	0.000000
173	0.002823	0.000027	0.001755	0.017453	0.971155	0.006787	0.000000	0.000000	0.000000
174	0.002648	0.000028	0.001628	0.017488	0.971468	0.006740	0.000000	0.000000	0.000000
175	0.002530	0.000021	0.001502	0.017634	0.971638	0.006675	0.000000	0.000000	0.000000
176	0.002331	0.000013	0.001393	0.017797	0.971748	0.006718	0.000000	0.000000	0.000000
177	0.002187	0.000007	0.001280	0.017672	0.972086	0.006768	0.000000	0.000000	0.000000
178	0.002026	0.000006	0.001172	0.017724	0.972357	0.006715	0.000000	0.000000	0.000000
179	0.001825	0.000004	0.001108	0.017638	0.972754	0.006671	0.000000	0.000000	0.000000
180	0.001637	0.000003	0.001013	0.017581	0.973040	0.006726	0.000000	0.000000	0.000000
181	0.001472	0.000001	0.000937	0.017422	0.973551	0.006617	0.000000	0.000000	0.000000
182	0.001362	0.000000	0.000863	0.017335	0.973808	0.006632	0.000000	0.000000	0.000000
183	0.001250	0.000000	0.000751	0.017438	0.974060	0.006501	0.000000	0.000000	0.000000
184	0.001177	0.000000	0.000712	0.017339	0.974171	0.006601	0.000000	0.000000	0.000000
185	0.001101	0.000000	0.000655	0.017328	0.974204	0.006712	0.000000	0.000000	0.000000
186	0.001000	0.000000	0.000609	0.017211	0.974474	0.006706	0.000000	0.000000	0.000000
187	0.000928	0.000000	0.000549	0.017161	0.974548	0.006814	0.000000	0.000000	0.000000
188	0.000850	0.000000	0.000502	0.017085	0.974654	0.006909	0.000000	0.000000	0.000000
189	0.000773	0.000000	0.000454	0.017077	0.974907	0.006789	0.000000	0.000000	0.000000
190	0.000718	0.000000	0.000420	0.017070	0.975060	0.006732	0.000000	0.000000	0.000000
191	0.000647	0.000000	0.000377	0.017190	0.975078	0.006708	0.000000	0.000000	0.000000
192	0.000590	0.000000	0.000331	0.017152	0.975245	0.006682	0.000000	0.000000	0.000000
193	0.000554	0.000000	0.000309	0.016935	0.975502	0.006700	0.000000	0.000000	0.000000
194	0.000505	0.000000	0.000279	0.016855	0.975553	0.006808	0.000000	0.000000	0.000000
195	0.000463	0.000000	0.000274	0.016916	0.975628	0.006719	0.000000	0.000000	0.000000
196	0.000420	0.000000	0.000252	0.016865	0.975679	0.006784	0.000000	0.000000	0.000000
197	0.000388	0.000000	0.000232	0.016746	0.975927	0.006707	0.000000	0.000000	0.000000
198	0.000360	0.000000	0.000214	0.016692	0.975999	0.006735	0.000000	0.000000	0.000000
199	0.000327	0.000000	0.000186	0.016697	0.976041	0.006749	0.000000	0.000000	0.000000
200	0.000323	0.000000	0.000154	0.016738	0.976045	0.006740	0.000000	0.000000	0.000000
201	0.000291	0.000000	0.000149	0.016873	0.976016	0.006671	0.000000	0.000000	0.000000
202	0.000276	0.000000	0.000146	0.016863	0.975958	0.006757	0.000000	0.000000	0.000000
203	0.000249	0.000000	0.000126	0.016738	0.976211	0.006676	0.000000	0.000000	0.000000
204	0.000225	0.000000	0.000112	0.016767	0.976341	0.006555	0.000000	0.000000	0.000000
205	0.000202	0.000000	0.000104	0.016925	0.976126	0.006643	0.000000	0.000000	0.000000
206	0.000186	0.000000	0.000100	0.016745	0.976265	0.006704	0.000000	0.000000	0.000000
207	0.000167	0.000000	0.000072	0.016801	0.976309	0.006651	0.000000	0.000000	0.000000
208	0.000157	0.000000	0.000068	0.016752	0.976522	0.006501	0.000000	0.000000	0.000000
209	0.000135	0.000000	0.000063	0.016820	0.976510	0.006472	0.000000	0.000000	0.000000
210	0.000122	0.000000	0.000048	0.016739	0.976666	0.006425	0.000000	0.000000	0.000000
211	0.000123	0.000000	0.000050	0.016831	0.976654	0.006342	0.000000	0.000000	0.000000
212	0.000127	0.000000	0.000042	0.016765	0.976704	0.006362	0.000000	0.000000	0.000000
213	0.000120	0.000000	0.000033	0.016856	0.976651	0.006340	0.000000	0.000000	0.000000
214	0.000090	0.000000	0.000029	0.016874	0.976561	0.006446	0.000000	0.000000	0.000000
215	0.000083	0.000000	0.000024	0.016935	0.976502	0.006456	0.000000	0.000000	0.000000
216	0.000072	0.000000	0.000022	0.017031	0.976378	0.006497	0.000000	0.000000	0.000000
217	0.000072	0.000000	0.000015	0.016985	0.976444	0.006484	0.000000	0.000000	0.000000
218	0.000071	0.000000	0.000011	0.017131	0.976312	0.006475	0.000000	0.000000	0.000000
219	0.000064	0.000000	0.000010	0.017224	0.976238	0.006464	0.000000	0.000000	0.000000
220	0.000052	0.000000	0.000005	0.017154	0.976303	0.006486	0.000000	0.000000	0.000000
221	0.000051	0.000000	0.000001	0.017137	0.976319	0.006492	0.000000	0.000000	0.000000
222	0.000050	0.000000	0.000001	0.017206	0.976254	0.006489	0.000000	0.000000	0.000000
223	0.000048	0.000000	0.000000	0.017138	0.976301	0.006513	0.000000	0.000000	0.000000
224	0.000041	0.000000	0.000000	0.017090	0.976466	0.006403	0.000000	0.000000	0.000000
225	0.000040	0.000000	0.000000	0.017288	0.976259	0.006413	0.000000	0.000000	0.000000
226	0.000036	0.000000	0.000000	0.017371	0.976259	0.006334	0.000000	0.000000	0.000000
227	0.000031	0.000000	0.000000	0.017317	0.976330	0.006322	0.000000	0.000000	0.000000
228	0.000028	0.000000	0.000000	0.017442	0.976194	0.006336	0.000000	0.000000	0.000000
229	0.000028	0.000000	0.000000	0.017513	0.976053	0.006406	0.000000	0.000000	0.000000
230	0.000028	0.000000	0.000000	0.017571	0.976173	0.006228	0.000000	0.000000	0.000000
231	0.000029	0.000000	0.000000	0.017528	0.976182	0.006261	0.000000	0.000000	0.000000
232	0.000031	0.000000	0.000000	0.017735	0.975888	0.006346	0.000000	0.000000	0.000000
233	0.000028	0.000000	0.000000	0.017758	0.975877	0.006337	0.000000	0.000000	0.000000
234	0.000029	0.000000	0.000000	0.017763	0.975886	0.006322	0.000000	0.000000	0.000000
235	0.000033	0.000000	0.000000	0.017888	0.975669	0.006410	0.000000	0.000000	0.000000
236	0.000033	0.000000	0.000000	0.018102	0.975508	0.006357	0.000000	0.000000	0.000000
237	0.000026	0.000000	0.000000	0.018091	0.975449	0.006434	0.000000	0.000000	0.000000
238	0.000026	0.000000	0.000000	0.018013	0.975391	0.006570	0.000000	0.000000	0.000000
239	0.000031	0.000000	0.000000	0.018244	0.975226	0.006499	0.000000	0.000000	0.000000
240	0.000034	0.000000	0.000000	0.018103	0.975234	0.006629	0.000000	0.000000	0.000000
241	0.000032	0.000000	0.000000	0.018139	0.975119	0.006710	0.000000	0.000000	0.000000
242	0.000026	0.000000	0.000000	0.018126	0.975203	0.006645	0.000000	0.000000	0.000000
243	0.000026	0.000000	0.000000	0.018064	0.975180	0.006730	0.000000	0.000000	0.000000
244	0.000029	0.000000	0.000000	0.018010	0.975364	0.006597	0.000000	0.000000	0.000000
245	0.000022	0.000000	0.000000	0.018057	0.975250	0.006671	0.000000	0.000000	0.000000
246	0.000034	0.000000	0.000000	0.017959	0.975336	0.006671	0.000000	0.000000	0.000000
247	0.000033	0.000000	0.000000	0.018003	0.975280	0.006684	0.000000	0.000000	0.000000
248	0.000024	0.000000	0.000000	0.018008	0.975288	0.006680	0.000000	0.000000	0.000000
249	0.000021	0.000000	0.000000	0.018048	0.975246	0.006685	0.000000	0.000000	0.000000
250	0.000017	0.000000	0.000000	0.017964	0.975359	0.006660	0.000000	0.000000	0.000000
251	0.000015	0.000000	0.000000	0.017907	0.975413	0.006665	0.000000	0.000000	0.000000
252	0.000009	0.000000	0.000000	0.018050	0.975451	0.006490	0.000000	0.000000	0.000000
253	0.000010	0.000000	0.000000	0.018230	0.975278	0.006482	0.000000	0.000000	0.000000
254	0.000013	0.000000	0.000000	0.018078	0.975398	0.006511	0.000000	0.000000	0.000000
255	0.000009	0.000000	0.000000	0.017995	0.975468	0.006528	0.000000	0.000000	0.000000
256	0.000007	0.000000	0.000000	0.018112	0.975406	0.006475	0.000000	0.000000	0.000000
257	0.000004	0.000000	0.000000	0.018017	0.975438	0.006541	0.000000	0.000000	0.000000
258	0.000003	0.000000	0.000000	0.018134	0.975329	0.006534	0.000000	0.000000	0.000000
259	0.000001	0.000000	0.000000	0.018227	0.975249	0.006523	0.000000	0.000000	0.000000
260	0.000001	0.000000	0.000000	0.018250	0.975234	0.006515	0.000000	0.000000	0.000000
261	0.000001	0.000000	0.000000	0.018182	0.975278	0.006539	0.000000	0.000000	0.000000
262	0.000000	0.000000	0.000000	0.018183	0.975291	0.006526	0.000000	0.000000	0.000000
263	0.000000	0.000000	0.000000	0.018287	0.975215	0.006498	0.000000	0.000000	0.000000
264	0.000000	0.000000	0.000000	0.018348	0.975104	0.006548	0.000000	0.000000	0.000000
265	0.000000	0.000000	0.000000	0.018334	0.975123	0.006543	0.000000	0.000000	0.000000
266	0.000000	0.000000	0.000000	0.018387	0.975217	0.006396	0.000000	0.000000	0.000000
267	0.000000	0.000000	0.000000	0.018408	0.975213	0.006379	0.000000	0.000000	0.000000
268	0.000000	0.000000	0.000000	0.018601	0.975040	0.006359	0.000000	0.000000	0.000000
269	0.000000	0.000000	0.000000	0.018543	0.975128	0.006329	0.000000	0.000000	0.000000
270	0.000000	0.000000	0.000000	0.018581	0.975011	0.006408	0.000000	0.000000	0.000000
271	0.000000	0.000000	0.000000	0.018683	0.974849	0.006468	0.000000	0.000000	0.000000
272	0.000000	0.000000	0.000000	0.018650	0.974853	0.006497	0.000000	0.000000	0.000000
273	0.000000	0.000000	0.000000	0.018684	0.974815	0.006501	0.000000	0.000000	0.000000
274	0.000000	0.000000	0.000000	0.018708	0.974780	0.006512	0.000000	0.000000	0.000000
275	0.000000	0.000000	0.000000	0.018636	0.974896	0.006468	0.000000	0.000000	0.000000
276	0.000000	0.000000	0.000000	0.018702	0.974823	0.006475	0.000000	0.000000	0.000000
277	0.000000	0.000000	0.000000	0.018713	0.974933	0.006354	0.000000	0.000000	0.000000
278	0.000000	0.000000	0.000000	0.018565	0.974989	0.006446	0.000000	0.000000	0.000000
279	0.000000	0.000000	0.000000	0.018749	0.974854	0.006397	0.000000	0.000000	0.000000
280	0.000000	0.000000	0.000000	0.018646	0.974918	0.006436	0.000000	0.000000	0.000000
281	0.000000	0.000000	0.000000	0.018580	0.974992	0.006428	0.000000	0.000000	0.000000
282	0.000000	0.000000	0.000000	0.018654	0.974922	0.006424	0.000000	0.000000	0.000000
283	0.000000	0.000000	0.000000	0.018452	0.975054	0.006494	0.000000	0.000000	0.000000
284	0.000000	0.000000	0.000000	0.018399	0.975133	0.006468	0.000000	0.000000	0.000000
285	0.000000	0.000000	0.000000	0.018293	0.975170	0.006537	0.000000	0.000000	0.000000
286	0.000000	0.000000	0.000000	0.018329	0.975154	0.006517	0.000000	0.000000	0.000000
287	0.000000	0.000000	0.000000	0.018277	0.975213	0.006510	0.000000	0.000000	0.000000
288	0.000000	0.000000	0.000000	0.017903	0.975618	0.006479	0.000000	0.000000	0.000000
289	0.000000	0.000000	0.000000	0.017843	0.975740	0.006417	0.000000	0.000000	0.000000
290	0.000000	0.000000	0.000000	0.017870	0.975691	0.006439	0.000000	0.000000	0.000000
291	0.000000	0.000000	0.000000	0.017753	0.975760	0.006487	0.000000	0.000000	0.000000
292	0.000000	0.000000	0.000000	0.017794	0.975732	0.006474	0.000000	0.000000	0.000000
293	0.000000	0.000000	0.000000	0.017701	0.975853	0.006446	0.000000	0.000000	0.000000
294	0.000000	0.000000	0.000000	0.017779	0.975773	0.006448	0.000000	0.000000	0.000000
295	0.000000	0.000000	0.000000	0.017791	0.975814	0.006395	0.000000	0.000000	0.000000
296	0.000000	0.000000	0.000000	0.017821	0.975781	0.006398	0.000000	0.000000	0.000000
297	0.000000	0.000000	0.000000	0.017770	0.975714	0.006516	0.000000	0.000000	0.000000
298	0.000000	0.000000	0.000000	0.017723	0.975825	0.006452	0.000000	0.000000	0.000000
299	0.000000	0.000000	0.000000	0.017907	0.975596	0.006497	0.000000	0.000000	0.000000
300	0.000000	0.000000	0.000000	0.017978	0.975554	0.006468	0.000000	0.000000	0.000000
301	0.000000	0.000000	0.000000	0.018023	0.975524	0.006453	0.000000	0.000000	0.000000
302	0.000000	0.000000	0.000000	0.017975	0.975554	0.006471	0.000000	0.000000	0.000000
303	0.000000	0.000000	0.000000	0.018036	0.975568	0.006396	0.000000	0.000000	0.000000
304	0.000000	0.000000	0.000000	0.018022	0.975496	0.006482	0.000000	0.000000	0.000000
305	0.000000	0.000000	0.000000	0.017946	0.975495	0.006559	0.000000	0.000000	0.000000
306	0.000000	0.000000	0.000000	0.017947	0.975475	0.006578	0.000000	0.000000	0.000000
307	0.000000	0.000000	0.000000	0.017979	0.975554	0.006467	0.000000	0.000000	0.000000
308	0.000000	0.000000	0.000000	0.018054	0.975467	0.006479	0.000000	0.000000	0.000000
309	0.000000	0.000000	0.000000	0.018082	0.975488	0.006430	0.000000	0.000000	0.000000
310	0.000000	0.000000	0.000000	0.018238	0.975294	0.006468	0.000000	0.000000	0.000000
311	0.000000	0.000000	0.000000	0.018154	0.975420	0.006426	0.000000	0.000000	0.000000
312	0.000000	0.000000	0.000000	0.018266	0.975396	0.006338	0.000000	0.000000	0.000000
313	0.000000	0.000000	0.000000	0.018281	0.975378	0.006341	0.000000	0.000000	0.000000
314	0.000000	0.000000	0.000000	0.018375	0.975243	0.006382	0.000000	0.000000	0.000000
315	0.000000	0.000000	0.000000	0.018446	0.975257	0.006297	0.000000	0.000000	0.000000
316	0.000000	0.000000	0.000000	0.018430	0.975443	0.006127	0.000000	0.000000	0.000000
317	0.000000	0.000000	0.000000	0.018453	0.975415	0.006132	0.000000	0.000000	0.000000
318	0.000000	0.000000	0.000000	0.018404	0.975576	0.006020	0.000000	0.000000	0.000000
319	0.000000	0.000000	0.000000	0.018473	0.975560	0.005967	0.000000	0.000000	0.000000
320	0.000000	0.000000	0.000000	0.018480	0.975541	0.005979	0.000000	0.000000	0.000000
321	0.000000	0.000000	0.000000	0.018378	0.975592	0.006030	0.000000	0.000000	0.000000
322	0.000000	0.000000	0.000000	0.018435	0.975581	0.005984	0.000000	0.000000	0.000000
323	0.000000	0.000000	0.000000	0.018267	0.975718	0.006015	0.000000	0.000000	0.000000
324	0.000000	0.000000	0.000000	0.018402	0.975555	0.006043	0.000000	0.000000	0.000000
325	0.000000	0.000000	0.000000	0.018301	0.975636	0.006063	0.000000	0.000000	0.000000
326	0.000000	0.000000	0.000000	0.018292	0.975625	0.006083	0.000000	0.000000	0.000000
327	0.000000	0.000000	0.000000	0.018261	0.975676	0.006063	0.000000	0.000000	0.000000
328	0.000000	0.000000	0.000000	0.018246	0.975640	0.006114	0.000000	0.000000	0.000000
329	0.000000	0.000000	0.000000	0.018267	0.975613	0.006120	0.000000	0.000000	0.000000
330	0.000000	0.000000	0.000000	0.018100	0.975796	0.006104	0.000000	0.000000	0.000000
331	0.000000	0.000000	0.000000	0.018108	0.975874	0.006018	0.000000	0.000000	0.000000
332	0.000000	0.000000	0.000000	0.018255	0.975821	0.005924	0.000000	0.000000	0.000000
333	0.000000	0.000000	0.000000	0.018258	0.975764	0.005978	0.000000	0.000000	0.000000
334	0.000000	0.000000	0.000000	0.018396	0.975668	0.005936	0.000000	0.000000	0.000000
335	0.000000	0.000000	0.000000	0.018338	0.975757	0.005905	0.000000	0.000000	0.000000
336	0.000000	0.000000	0.000000	0.018393	0.975637	0.005970	0.000000	0.000000	0.000000
337	0.000000	0.000000	0.000000	0.018587	0.975318	0.006095	0.000000	0.000000	0.000000
338	0.000000	0.000000	0.000000	0.018594	0.975417	0.005989	0.000000	0.000000	0.000000
339	0.000000	0.000000	0.000000	0.018515	0.975367	0.006118	0.000000	0.000000	0.000000
340	0.000000	0.000000	0.000000	0.018442	0.975332	0.006226	0.000000	0.000000	0.000000
341	0.000000	0.000000	0.000000	0.018455	0.975444	0.006101	0.000000	0.000000	0.000000
342	0.000000	0.000000	0.000000	0.018423	0.975476	0.006101	0.000000	0.000000	0.000000
343	0.000000	0.000000	0.000000	0.018444	0.975421	0.006135	0.000000	0.000000	0.000000
344	0.000000	0.000000	0.000000	0.018466	0.975393	0.006141	0.000000	0.000000	0.000000
345	0.000000	0.000000	0.000000	0.018541	0.975329	0.006130	0.000000	0.000000	0.000000
346	0.000000	0.000000	0.000000	0.018411	0.975479	0.006110	0.000000	0.000000	0.000000
347	0.000000	0.000000	0.000000	0.018307	0.975499	0.006194	0.000000	0.000000	0.000000
348	0.000000	0.000000	0.000000	0.018345	0.975365	0.006290	0.000000	0.000000	0.000000
349	0.000000	0.000000	0.000000	0.018232	0.975480	0.006288	0.000000	0.000000	0.000000
350	0.000000	0.000000	0.000000	0.018270	0.975440	0.006290	0.000000	0.000000	0.000000
351	0.000000	0.000000	0.000000	0.018429	0.975260	0.006311	0.000000	0.000000	0.000000
352	0.000000	0.000000	0.000000	0.018391	0.975191	0.006418	0.000000	0.000000	0.000000
353	0.000000	0.000000	0.000000	0.018334	0.975373	0.006293	0.000000	0.000000	0.000000
354	0.000000	0.000000	0.000000	0.018219	0.975579	0.006202	0.000000	0.000000	0.000000
355	0.000000	0.000000	0.000000	0.018206	0.975726	0.006068	0.000000	0.000000	0.000000
356	0.000000	0.000000	0.000000	0.018249	0.975721	0.006030	0.000000	0.000000	0.000000
357	0.000000	0.000000	0.000000	0.018239	0.975709	0.006052	0.000000	0.000000	0.000000
358	0.000000	0.000000	0.000000	0.018295	0.975675	0.006030	0.000000	0.000000	0.000000
359	0.000000	0.000000	0.000000	0.018229	0.975691	0.006080	0.000000	0.000000	0.000000
360	0.000000	0.000000	0.000000	0.018184	0.975817	0.005999	0.000000	0.000000	0.000000
361	0.000000	0.000000	0.000000	0.018115	0.975994	0.005891	0.000000	0.000000	0.000000
362	0.000000	0.000000	0.000000	0.018180	0.975748	0.006072	0.000000	0.000000	0.000000
363	0.000000	0.000000	0.000000	0.018156	0.975687	0.006157	0.000000	0.000000	0.000000
364	0.000000	0.000000	0.000000	0.018223	0.975717	0.006060	0.000000	0.000000	0.000000
365	0.000000	0.000000	0.000000	0.018189	0.975807	0.006004	0.000000	0.000000	0.000000
366	0.000000	0.000000	0.000000	0.018331	0.975508	0.006161	0.000000	0.000000	0.000000
367	0.000000	0.000000	0.000000	0.018252	0.975627	0.006121	0.000000	0.000000	0.000000
368	0.000000	0.000000	0.000000	0.018225	0.975757	0.006018	0.000000	0.000000	0.000000
369	0.000000	0.000000	0.000000	0.018113	0.975861	0.006026	0.000000	0.000000	0.000000
370	0.000000	0.000000	0.000000	0.018177	0.975812	0.006011	0.000000	0.000000	0.000000
371	0.000000	0.000000	0.000000	0.018053	0.975974	0.005973	0.000000	0.000000	0.000000
372	0.000000	0.000000	0.000000	0.018219	0.975777	0.006004	0.000000	0.000000	0.000000
373	0.000000	0.000000	0.000000	0.018259	0.975713	0.006028	0.000000	0.000000	0.000000
374	0.000000	0.000000	0.000000	0.018360	0.975650	0.005990	0.000000	0.000000	0.000000
375	0.000000	0.000000	0.000000	0.018336	0.975680	0.005984	0.000000	0.000000	0.000000
376	0.000000	0.000000	0.000000	0.018301	0.975690	0.006009	0.000000	0.000000	0.000000
377	0.000000	0.000000	0.000000	0.018309	0.975640	0.006051	0.000000	0.000000	0.000000
378	0.000000	0.000000	0.000000	0.018142	0.975857	0.006001	0.000000	0.000000	0.000000
379	0.000000	0.000000	0.000000	0.018249	0.975785	0.005966	0.000000	0.000000	0.000000
380	0.000000	0.000000	0.000000	0.018224	0.975833	0.005943	0.000000	0.000000	0.000000
381	0.000000	0.000000	0.000000	0.018140	0.975869	0.005991	0.000000	0.000000	0.000000
382	0.000000	0.000000	0.000000	0.018098	0.975914	0.005988	0.000000	0.000000	0.000000
383	0.000000	0.000000	0.000000	0.017990	0.975954	0.006056	0.000000	0.000000	0.000000
384	0.000000	0.000000	0.000000	0.018027	0.975924	0.006049	0.000000	0.000000	0.000000
385	0.000000	0.000000	0.000000	0.017980	0.976009	0.006011	0.000000	0.000000	0.000000
386	0.000000	0.000000	0.000000	0.017823	0.976165	0.006012	0.000000	0.000000	0.000000
387	0.000000	0.000000	0.000000	0.017668	0.976289	0.006043	0.000000	0.000000	0.000000
388	0.000000	0.000000	0.000000	0.017875	0.976060	0.006065	0.000000	0.000000	0.000000
389	0.000000	0.000000	0.000000	0.017737	0.976224	0.006039	0.000000	0.000000	0.000000
390	0.000000	0.000000	0.000000	0.017737	0.976143	0.006120	0.000000	0.000000	0.000000
391	0.000000	0.000000	0.000000	0.017688	0.976250	0.006062	0.000000	0.000000	0.000000
392	0.000000	0.000000	0.000000	0.017538	0.976413	0.006049	0.000000	0.000000	0.000000
393	0.000000	0.000000	0.000000	0.017522	0.976543	0.005935	0.000000	0.000000	0.000000
394	0.000000	0.000000	0.000000	0.017384	0.976632	0.005984	0.000000	0.000000	0.000000
395	0.000000	0.000000	0.000000	0.017490	0.976585	0.005925	0.000000	0.000000	0.000000
396	0.000000	0.000000	0.000000	0.017507	0.976525	0.005968	0.000000	0.000000	0.000000
397	0.000000	0.000000	0.000000	0.017468	0.976589	0.005943	0.000000	0.000000	0.000000
398	0.000000	0.000000	0.000000	0.017458	0.976640	0.005902	0.000000	0.000000	0.000000
399	0.000000	0.000000	0.000000	0.017377	0.976714	0.005909	0.000000	0.000000	0.000000
400	0.000000	0.000000	0.000000	0.017424	0.976740	0.005836	0.000000	0.000000	0.000000
401	0.000000	0.000000	0.000000	0.017403	0.976782	0.005815	0.000000	0.000000	0.000000
402	0.000000	0.000000	0.000000	0.017379	0.976797	0.005824	0.000000	0.000000	0.000000
403	0.000000	0.000000	0.000000	0.017321	0.976885	0.005794	0.000000	0.000000	0.000000
404	0.000000	0.000000	0.000000	0.017269	0.976838	0.005893	0.000000	0.000000	0.000000
405	0.000000	0.000000	0.000000	0.017229	0.976961	0.005810	0.000000	0.000000	0.000000
406	0.000000	0.000000	0.000000	0.017141	0.977123	0.005736	0.000000	0.000000	0.000000
407	0.000000	0.000000	0.000000	0.017083	0.977068	0.005849	0.000000	0.000000	0.000000
408	0.000000	0.000000	0.000000	0.017183	0.976903	0.005914	0.000000	0.000000	0.000000
409	0.000000	0.000000	0.000000	0.017220	0.976984	0.005796	0.000000	0.000000	0.000000
410	0.000000	0.000000	0.000000	0.017184	0.976875	0.005941	0.000000	0.000000	0.000000
411	0.000000	0.000000	0.000000	0.017137	0.976900	0.005963	0.000000	0.000000	0.000000
412	0.000000	0.000000	0.000000	0.017144	0.976829	0.006027	0.000000	0.000000	0.000000
413	0.000000	0.000000	0.000000	0.017049	0.977056	0.005895	0.000000	0.000000	0.000000
414	0.000000	0.000000	0.000000	0.016990	0.977092	0.005918	0.000000	0.000000	0.000000
415	0.000000	0.000000	0.000000	0.016971	0.977103	0.005926	0.000000	0.000000	0.000000
416	0.000000	0.000000	0.000000	0.016919	0.977295	0.005786	0.000000	0.000000	0.000000
417	0.000000	0.000000	0.000000	0.016877	0.977300	0.005823	0.000000	0.000000	0.000000
418	0.000000	0.000000	0.000000	0.016884	0.977283	0.005833	0.000000	0.000000	0.000000
419	0.000000	0.000000	0.000000	0.016789	0.977343	0.005868	0.000000	0.000000	0.000000
420	0.000000	0.000000	0.000000	0.016765	0.977380	0.005855	0.000000	0.000000	0.000000
421	0.000000	0.000000	0.000000	0.016790	0.977352	0.005858	0.000000	0.000000	0.000000
422	0.000000	0.000000	0.000000	0.016742	0.977414	0.005844	0.000000	0.000000	0.000000
423	0.000000	0.000000	0.000000	0.016473	0.977811	0.005716	0.000000	0.000000	0.000000
424	0.000000	0.000000	0.000000	0.016554	0.977721	0.005725	0.000000	0.000000	0.000000
425	0.000000	0.000000	0.000000	0.016600	0.977734	0.005666	0.000000	0.000000	0.000000
426	0.000000	0.000000	0.000000	0.016608	0.977544	0.005848	0.000000	0.000000	0.000000
427	0.000000	0.000000	0.000000	0.016625	0.977614	0.005761	0.000000	0.000000	0.000000
428	0.000000	0.000000	0.000000	0.016662	0.977444	0.005894	0.000000	0.000000	0.000000
429	0.000000	0.000000	0.000000	0.016836	0.977310	0.005854	0.000000	0.000000	0.000000
430	0.000000	0.000000	0.000000	0.016808	0.977371	0.005821	0.000000	0.000000	0.000000
431	0.000000	0.000000	0.000000	0.016858	0.977259	0.005883	0.000000	0.000000	0.000000
432	0.000000	0.000000	0.000000	0.016776	0.977270	0.005954	0.000000	0.000000	0.000000
433	0.000000	0.000000	0.000000	0.016929	0.977147	0.005924	0.000000	0.000000	0.000000
434	0.000000	0.000000	0.000000	0.016923	0.977202	0.005875	0.000000	0.000000	0.000000
435	0.000000	0.000000	0.000000	0.016974	0.977080	0.005946	0.000000	0.000000	0.000000
436	0.000000	0.000000	0.000000	0.016884	0.977201	0.005915	0.000000	0.000000	0.000000
437	0.000000	0.000000	0.000000	0.016928	0.977111	0.005961	0.000000	0.000000	0.000000
438	0.000000	0.000000	0.000000	0.016898	0.977232	0.005870	0.000000	0.000000	0.000000
439	0.000000	0.000000	0.000000	0.016967	0.977110	0.005923	0.000000	0.000000	0.000000
440	0.000000	0.000000	0.000000	0.016981	0.977216	0.005803	0.000000	0.000000	0.000000
441	0.000000	0.000000	0.000000	0.016771	0.977424	0.005805	0.000000	0.000000	0.000000
442	0.000000	0.000000	0.000000	0.016876	0.977346	0.005778	0.000000	0.000000	0.000000
443	0.000000	0.000000	0.000000	0.016950	0.977243	0.005807	0.000000	0.000000	0.000000
444	0.000000	0.000000	0.000000	0.016877	0.977327	0.005796	0.000000	0.000000	0.000000
445	0.000000	0.000000	0.000000	0.016810	0.977395	0.005795	0.000000	0.000000	0.000000
446	0.000000	0.000000	0.000000	0.016847	0.977542	0.005611	0.000000	0.000000	0.000000
447	0.000000	0.000000	0.000000	0.016795	0.977516	0.005689	0.000000	0.000000	0.000000
448	0.000000	0.000000	0.000000	0.016812	0.977487	0.005701	0.000000	0.000000	0.000000
449	0.000000	0.000000	0.000000	0.016820	0.977477	0.005703	0.000000	0.000000	0.000000
450	0.000000	0.000000	0.000000	0.016693	0.977647	0.005660	0.000000	0.000000	0.000000
451	0.000000	0.000000	0.000000	0.016546	0.977855	0.005599	0.000000	0.000000	0.000000
452	0.000000	0.000000	0.000000	0.016446	0.978030	0.005524	0.000000	0.000000	0.000000
453	0.000000	0.000000	0.000000	0.016435	0.977899	0.005666	0.000000	0.000000	0.000000
454	0.000000	0.000000	0.000000	0.016523	0.977850	0.005627	0.000000	0.000000	0.000000
455	0.000000	0.000000	0.000000	0.016501	0.977817	0.005682	0.000000	0.000000	0.000000
456	0.000000	0.000000	0.000000	0.016376	0.977952	0.005672	0.000000	0.000000	0.000000
457	0.000000	0.000000	0.000000	0.016510	0.977891	0.005599	0.000000	0.000000	0.000000
458	0.000000	0.000000	0.000000	0.016482	0.977969	0.005549	0.000000	0.000000	0.000000
459	0.000000	0.000000	0.000000	0.016631	0.977829	0.005540	0.000000	0.000000	0.000000
460	0.000000	0.000000	0.000000	0.016765	0.977706	0.005529	0.000000	0.000000	0.000000
461	0.000000	0.000000	0.000000	0.016781	0.977592	0.005627	0.000000	0.000000	0.000000
462	0.000000	0.000000	0.000000	0.016963	0.977359	0.005678	0.000000	0.000000	0.000000
463	0.000000	0.000000	0.000000	0.017219	0.977160	0.005621	0.000000	0.000000	0.000000
464	0.000000	0.000000	0.000000	0.017171	0.977274	0.005555	0.000000	0.000000	0.000000
465	0.000000	0.000000	0.000000	0.017196	0.977081	0.005723	0.000000	0.000000	0.000000
466	0.000000	0.000000	0.000000	0.017194	0.977055	0.005751	0.000000	0.000000	0.000000
467	0.000000	0.000000	0.000000	0.017302	0.976865	0.005833	0.000000	0.000000	0.000000
468	0.000000	0.000000	0.000000	0.017163	0.976938	0.005899	0.000000	0.000000	0.000000
469	0.000000	0.000000	0.000000	0.017257	0.976881	0.005862	0.000000	0.000000	0.000000
470	0.000000	0.000000	0.000000	0.017359	0.976862	0.005779	0.000000	0.000000	0.000000
