0	0.290663	0.057897	0.229473	0.157588	0.029913	0.111872	0.085455	0.012259	0.024880
1	0.237126	0.049128	0.204026	0.134684	0.028014	0.115959	0.118023	0.022930	0.090110
2	0.241843	0.049655	0.206845	0.125404	0.027425	0.108989	0.117921	0.022952	0.098966
3	0.251968	0.050708	0.211853	0.116759	0.027704	0.101051	0.114173	0.022078	0.103706
4	0.263542	0.051604	0.216383	0.109204	0.027898	0.093007	0.110348	0.020898	0.107116
5	0.275607	0.052510	0.220646	0.102024	0.028356	0.085836	0.105595	0.019657	0.109769
6	0.288026	0.053185	0.224044	0.095498	0.028976	0.078160	0.101230	0.018623	0.112258
7	0.300284	0.053347	0.227111	0.089450	0.029664	0.071537	0.096667	0.017358	0.114582
8	0.312181	0.054108	0.229692	0.083399	0.030364	0.065051	0.092214	0.016308	0.116683
9	0.323736	0.054514	0.232125	0.077774	0.030869	0.059616	0.087674	0.015511	0.118181
10	0.335527	0.054742	0.233042	0.072695	0.031501	0.054882	0.083447	0.014182	0.119982
11	0.345806	0.055399	0.234647	0.067899	0.032284	0.050164	0.079090	0.013246	0.121465
12	0.357458	0.055843	0.234453	0.063185	0.033468	0.045650	0.074914	0.012427	0.122602
13	0.368472	0.055804	0.234846	0.058530	0.034557	0.041469	0.070921	0.011500	0.123901
14	0.378596	0.056032	0.234923	0.054562	0.035391	0.037722	0.067155	0.010793	0.124826
15	0.387833	0.055921	0.234986	0.050905	0.036457	0.034399	0.063504	0.010128	0.125867
16	0.397779	0.056169	0.234046	0.047190	0.037549	0.031258	0.059968	0.009427	0.126614
17	0.407271	0.056046	0.233060	0.043796	0.038691	0.028408	0.056418	0.008919	0.127391
18	0.416473	0.056000	0.232047	0.041019	0.039884	0.026061	0.052836	0.008208	0.127472
19	0.424874	0.055935	0.231533	0.038288	0.040880	0.024084	0.049637	0.007701	0.127068
20	0.432827	0.055805	0.229973	0.035685	0.041843	0.022124	0.046411	0.007142	0.128190
21	0.439528	0.055500	0.228577	0.033283	0.043371	0.020458	0.043715	0.006716	0.128852
22	0.446989	0.055225	0.226899	0.031222	0.044609	0.018640	0.041372	0.006056	0.128988
23	0.453853	0.054969	0.225874	0.029128	0.045933	0.016819	0.038753	0.005658	0.129013
24	0.460301	0.055016	0.224469	0.027154	0.047330	0.015480	0.036195	0.005180	0.128875
25	0.467337	0.055098	0.221833	0.025474	0.048391	0.014333	0.033814	0.004865	0.128855
26	0.474010	0.054760	0.219643	0.023761	0.049759	0.013179	0.031801	0.004627	0.128460
27	0.480116	0.054151	0.217610	0.022417	0.051513	0.012132	0.029967	0.004210	0.127884
28	0.485249	0.053889	0.216166	0.021052	0.053046	0.011141	0.028040	0.003954	0.127463
29	0.491162	0.053415	0.213587	0.019687	0.054833	0.010311	0.026170	0.003612	0.127223
30	0.496737	0.052689	0.211141	0.018554	0.056506	0.009570	0.024726	0.003360	0.126717
31	0.501353	0.052310	0.208978	0.017482	0.058337	0.008926	0.023131	0.003147	0.126336
32	0.506588	0.051700	0.206681	0.016525	0.060065	0.008334	0.021559	0.003034	0.125514
33	0.511141	0.051345	0.204199	0.015567	0.061975	0.007732	0.020299	0.002737	0.125005
34	0.515008	0.050960	0.202291	0.014677	0.064237	0.007239	0.018915	0.002589	0.124084
35	0.518803	0.050457	0.200215	0.013683	0.066133	0.006966	0.017776	0.002313	0.123654
36	0.523201	0.049795	0.197917	0.013029	0.068271	0.006519	0.016626	0.002218	0.122424
37	0.526822	0.049493	0.195727	0.012242	0.070413	0.006005	0.015484	0.002054	0.121760
38	0.530073	0.048877	0.193301	0.011729	0.072475	0.005689	0.014486	0.001930	0.121440
39	0.533165	0.048506	0.191508	0.011229	0.074539	0.005364	0.013657	0.001791	0.120241
40	0.536851	0.047864	0.189149	0.010669	0.076636	0.005009	0.012796	0.001631	0.119395
41	0.539833	0.047217	0.187202	0.010129	0.079231	0.004641	0.011998	0.001522	0.118227
42	0.543172	0.046845	0.184840	0.009586	0.081343	0.004270	0.011132	0.001485	0.117327
43	0.545857	0.046601	0.182585	0.009047	0.083767	0.004078	0.010438	0.001485	0.116142
44	0.548247	0.045883	0.180645	0.008686	0.086274	0.003907	0.009759	0.001385	0.115214
45	0.550371	0.045684	0.178487	0.008356	0.088657	0.003643	0.009089	0.001285	0.114428
46	0.553027	0.044987	0.176276	0.008109	0.090973	0.003560	0.008638	0.001211	0.113219
47	0.555087	0.044706	0.174330	0.007635	0.093633	0.003420	0.008124	0.001085	0.111980
48	0.557065	0.044217	0.172541	0.007267	0.096446	0.003188	0.007628	0.001019	0.110629
49	0.558747	0.043553	0.171012	0.006933	0.099016	0.003013	0.007079	0.000964	0.109683
50	0.560850	0.043160	0.168953	0.006652	0.101792	0.002889	0.006668	0.000926	0.108110
51	0.562635	0.042673	0.166935	0.006432	0.104588	0.002814	0.006150	0.000849	0.106924
52	0.564714	0.042185	0.164876	0.006200	0.107398	0.002651	0.005803	0.000766	0.105407
53	0.565861	0.041598	0.163377	0.005966	0.110489	0.002496	0.005517	0.000704	0.103992
54	0.568073	0.041101	0.160989	0.005720	0.113382	0.002432	0.005146	0.000720	0.102437
55	0.569489	0.040559	0.158820	0.005557	0.116259	0.002320	0.004878	0.000697	0.101421
56	0.570758	0.040039	0.157065	0.005292	0.119428	0.002189	0.004516	0.000623	0.100090
57	0.571723	0.039488	0.155318	0.005109	0.122473	0.002140	0.004193	0.000558	0.098998
58	0.573001	0.039064	0.153213	0.004997	0.125630	0.002050	0.003902	0.000538	0.097605
59	0.574439	0.038739	0.151223	0.004909	0.128641	0.001975	0.003669	0.000490	0.095915
60	0.574984	0.038353	0.149428	0.004608	0.132181	0.001878	0.003506	0.000484	0.094578
61	0.576010	0.037834	0.147841	0.004430	0.135516	0.001798	0.003267	0.000452	0.092852
62	0.577546	0.037113	0.146250	0.004289	0.138488	0.001766	0.003067	0.000419	0.091062
63	0.578347	0.036888	0.144292	0.004158	0.142053	0.001661	0.002865	0.000384	0.089352
64	0.579042	0.036277	0.142587	0.003994	0.145920	0.001556	0.002627	0.000349	0.087648
65	0.578742	0.035963	0.141114	0.003900	0.149544	0.001518	0.002425	0.000305	0.086489
66	0.579297	0.035552	0.139210	0.003726	0.153161	0.001485	0.002290	0.000303	0.084976
67	0.579533	0.035300	0.137322	0.003523	0.157322	0.001378	0.002201	0.000231	0.083190
68	0.580465	0.034548	0.135566	0.003463	0.160939	0.001340	0.001992	0.000206	0.081481
69	0.580195	0.034105	0.133773	0.003377	0.165062	0.001303	0.001827	0.000198	0.080160
70	0.580216	0.033837	0.132080	0.003225	0.168831	0.001266	0.001691	0.000183	0.078671
71	0.579891	0.033349	0.130706	0.003171	0.172761	0.001219	0.001624	0.000179	0.077100
72	0.579805	0.032684	0.128965	0.003123	0.176823	0.001193	0.001478	0.000182	0.075747
73	0.579356	0.032445	0.127365	0.002932	0.181001	0.001177	0.001384	0.000178	0.074162
74	0.579199	0.032209	0.126046	0.002934	0.184933	0.001167	0.001257	0.000171	0.072084
75	0.578226	0.031849	0.124675	0.002824	0.189006	0.001068	0.001141	0.000144	0.071067
76	0.578520	0.031369	0.123010	0.002737	0.192952	0.001018	0.001046	0.000151	0.069197
77	0.577364	0.031090	0.121953	0.002698	0.197237	0.001008	0.000955	0.000144	0.067551
78	0.576739	0.030571	0.120458	0.002685	0.201391	0.000982	0.000885	0.000117	0.066172
79	0.576569	0.030225	0.118720	0.002623	0.205180	0.000954	0.000843	0.000124	0.064762
80	0.575866	0.029781	0.117442	0.002560	0.209423	0.000935	0.000771	0.000119	0.063103
81	0.574858	0.029510	0.116326	0.002480	0.213435	0.000854	0.000753	0.000092	0.061692
82	0.574495	0.028798	0.114855	0.002498	0.217592	0.000811	0.000711	0.000095	0.060145
83	0.573227	0.028328	0.113625	0.002425	0.221931	0.000838	0.000683	0.000096	0.058847
84	0.573058	0.028038	0.111744	0.002371	0.226265	0.000798	0.000629	0.000084	0.057013
85	0.571697	0.027666	0.110892	0.002292	0.230696	0.000781	0.000588	0.000078	0.055310
86	0.570174	0.027187	0.109828	0.002259	0.235116	0.000752	0.000560	0.000065	0.054059
87	0.569012	0.026880	0.108291	0.002177	0.239706	0.000776	0.000533	0.000061	0.052564
88	0.567744	0.026206	0.107028	0.002155	0.244426	0.000720	0.000494	0.000050	0.051177
89	0.565750	0.025753	0.106230	0.002151	0.249308	0.000683	0.000492	0.000043	0.049590
90	0.564466	0.025107	0.104842	0.002095	0.253787	0.000657	0.000447	0.000038	0.048561
91	0.562925	0.024759	0.103741	0.002086	0.258181	0.000675	0.000403	0.000029	0.047201
92	0.560954	0.024439	0.102668	0.002054	0.262863	0.000663	0.000361	0.000045	0.045953
93	0.558769	0.024106	0.101298	0.001997	0.268220	0.000611	0.000325	0.000035	0.044639
94	0.556945	0.023598	0.100115	0.001959	0.273278	0.000627	0.000299	0.000024	0.043155
95	0.554815	0.023435	0.098767	0.001942	0.277916	0.000590	0.000285	0.000025	0.042225
96	0.552769	0.022838	0.098187	0.001925	0.282529	0.000596	0.000281	0.000023	0.040852
97	0.550867	0.022334	0.096812	0.001856	0.287457	0.000575	0.000243	0.000025	0.039831
98	0.548076	0.021681	0.096074	0.001864	0.292940	0.000554	0.000212	0.000024	0.038575
99	0.545707	0.021479	0.095183	0.001761	0.297495	0.000519	0.000191	0.000019	0.037646
100	0.543380	0.021145	0.094067	0.001787	0.302607	0.000517	0.000164	0.000021	0.036312
101	0.541039	0.020801	0.092898	0.001734	0.307563	0.000511	0.000153	0.000022	0.035279
102	0.538316	0.020268	0.092120	0.001718	0.312590	0.000520	0.000128	0.000022	0.034318
103	0.536267	0.019856	0.090874	0.001716	0.317527	0.000503	0.000119	0.000013	0.033125
104	0.533574	0.019570	0.089742	0.001695	0.322763	0.000492	0.000107	0.000023	0.032034
105	0.531455	0.019406	0.088437	0.001665	0.327644	0.000461	0.000094	0.000013	0.030825
106	0.529195	0.019083	0.087176	0.001667	0.332470	0.000455	0.000086	0.000012	0.029856
107	0.526354	0.018609	0.086301	0.001656	0.337748	0.000424	0.000070	0.000012	0.028826
108	0.523957	0.018170	0.084910	0.001601	0.343051	0.000387	0.000056	0.000013	0.027855
109	0.520732	0.017974	0.084200	0.001533	0.348139	0.000385	0.000051	0.000011	0.026975
110	0.517277	0.017696	0.083260	0.001461	0.353757	0.000378	0.000060	0.000017	0.026094
111	0.514467	0.017330	0.082542	0.001491	0.358713	0.000355	0.000046	0.000014	0.025042
112	0.511441	0.017119	0.081442	0.001474	0.363780	0.000367	0.000049	0.000012	0.024316
113	0.508222	0.016727	0.080879	0.001481	0.368840	0.000357	0.000041	0.000010	0.023443
114	0.504809	0.016519	0.079625	0.001501	0.374405	0.000352	0.000036	0.000009	0.022744
115	0.501773	0.016002	0.078563	0.001411	0.379789	0.000363	0.000037	0.000011	0.022051
116	0.498627	0.015575	0.077380	0.001382	0.385412	0.000368	0.000036	0.000009	0.021211
117	0.495309	0.015147	0.076651	0.001399	0.390607	0.000336	0.000042	0.000008	0.020501
118	0.492041	0.014715	0.075941	0.001381	0.395765	0.000327	0.000041	0.000014	0.019775
119	0.488859	0.014505	0.074944	0.001369	0.400934	0.000314	0.000033	0.000011	0.019031
120	0.485602	0.014194	0.073905	0.001342	0.406316	0.000313	0.000022	0.000011	0.018295
121	0.482169	0.013924	0.072936	0.001347	0.411670	0.000323	0.000023	0.000013	0.017595
122	0.477988	0.013702	0.072404	0.001335	0.417218	0.000318	0.000018	0.000014	0.017003
123	0.475626	0.013348	0.071166	0.001347	0.421784	0.000337	0.000016	0.000011	0.016365
124	0.472118	0.013050	0.070443	0.001353	0.426976	0.000317	0.000014	0.000007	0.015722
125	0.469070	0.012695	0.069288	0.001258	0.432132	0.000300	0.000015	0.000007	0.015235
126	0.464794	0.012338	0.068688	0.001272	0.437939	0.000305	0.000008	0.000007	0.014649
127	0.461179	0.012011	0.067879	0.001262	0.443377	0.000276	0.000011	0.000008	0.013997
128	0.458315	0.011636	0.066727	0.001251	0.448439	0.000277	0.000006	0.000005	0.013344
129	0.454312	0.011338	0.066220	0.001211	0.453828	0.000286	0.000008	0.000005	0.012792
130	0.451186	0.011222	0.065277	0.001178	0.458540	0.000287	0.000010	0.000006	0.012294
131	0.447436	0.010971	0.064566	0.001150	0.463753	0.000294	0.000009	0.000009	0.011812
132	0.444160	0.010824	0.063850	0.001107	0.468462	0.000283	0.000007	0.000008	0.011299
133	0.440274	0.010433	0.062905	0.001132	0.474149	0.000291	0.000004	0.000007	0.010805
134	0.436830	0.010224	0.061935	0.001100	0.479199	0.000297	0.000007	0.000007	0.010401
135	0.432982	0.009887	0.061206	0.001100	0.484377	0.000297	0.000009	0.000005	0.010137
136	0.429203	0.009762	0.060329	0.001126	0.489579	0.000295	0.000008	0.000002	0.009696
137	0.425600	0.009432	0.059536	0.001139	0.494625	0.000264	0.000008	0.000005	0.009391
138	0.421332	0.009203	0.058613	0.001175	0.500403	0.000255	0.000012	0.000005	0.009002
139	0.417425	0.009042	0.057799	0.001145	0.505564	0.000278	0.000012	0.000003	0.008732
140	0.413766	0.008752	0.057074	0.001116	0.510603	0.000266	0.000006	0.000001	0.008416
141	0.409354	0.008618	0.056825	0.001097	0.515870	0.000266	0.000007	0.000002	0.007961
142	0.405539	0.008383	0.056221	0.001055	0.520967	0.000249	0.000006	0.000004	0.007576
143	0.401821	0.008215	0.055559	0.001021	0.525922	0.000249	0.000003	0.000004	0.007206
144	0.397610	0.008014	0.055105	0.001034	0.531081	0.000246	0.000005	0.000005	0.006900
145	0.393860	0.007890	0.054296	0.001035	0.536055	0.000252	0.000003	0.000008	0.006601
146	0.389732	0.007647	0.053667	0.001029	0.541362	0.000270	0.000003	0.000009	0.006281
147	0.385687	0.007520	0.052840	0.001029	0.546575	0.000267	0.000002	0.000004	0.006076
148	0.381376	0.007436	0.052297	0.001002	0.551839	0.000235	0.000001	0.000001	0.005813
149	0.377587	0.007254	0.051506	0.001015	0.556869	0.000240	0.000000	0.000001	0.005528
150	0.374154	0.006907	0.050852	0.000980	0.561630	0.000246	0.000000	0.000001	0.005230
151	0.370007	0.006726	0.050062	0.000978	0.566962	0.000243	0.000000	0.000001	0.005021
152	0.365827	0.006534	0.049162	0.000947	0.572477	0.000255	0.000000	0.000002	0.004796
153	0.362022	0.006435	0.048414	0.000950	0.577321	0.000244	0.000000	0.000003	0.004611
154	0.357945	0.006229	0.047742	0.000983	0.582413	0.000236	0.000001	0.000002	0.004449
155	0.353690	0.006165	0.047148	0.000966	0.587540	0.000227	0.000000	0.000002	0.004262
156	0.349722	0.006028	0.046329	0.000967	0.592626	0.000227	0.000000	0.000000	0.004101
157	0.345564	0.005826	0.045554	0.000941	0.597989	0.000220	0.000000	0.000001	0.003905
158	0.341433	0.005696	0.045093	0.000927	0.602899	0.000239	0.000000	0.000001	0.003712
159	0.337590	0.005546	0.044284	0.000960	0.607800	0.000229	0.000000	0.000000	0.003591
160	0.333818	0.005531	0.043536	0.000982	0.612532	0.000216	0.000000	0.000000	0.003385
161	0.329828	0.005379	0.043260	0.000916	0.617207	0.000228	0.000000	0.000000	0.003182
162	0.326064	0.005164	0.042415	0.000944	0.622116	0.000213	0.000000	0.000000	0.003084
163	0.321959	0.004967	0.042095	0.000972	0.626834	0.000220	0.000000	0.000000	0.002953
164	0.317894	0.004737	0.041532	0.000964	0.631815	0.000219	0.000000	0.000000	0.002839
165	0.313914	0.004674	0.040959	0.000970	0.636599	0.000224	0.000000	0.000000	0.002660
166	0.310602	0.004576	0.040092	0.001012	0.640999	0.000225	0.000000	0.000000	0.002494
167	0.306459	0.004417	0.039623	0.001000	0.645887	0.000221	0.000000	0.000000	0.002393
168	0.301976	0.004281	0.039343	0.000941	0.650950	0.000219	0.000000	0.000000	0.002290
169	0.298528	0.004225	0.038603	0.000973	0.655161	0.000242	0.000000	0.000000	0.002268
170	0.295083	0.004005	0.037768	0.000952	0.659815	0.000221	0.000000	0.000000	0.002156
171	0.291318	0.003933	0.037294	0.001007	0.664147	0.000228	0.000000	0.000000	0.002073
172	0.287203	0.003880	0.036799	0.001019	0.668899	0.000189	0.000000	0.000000	0.002011
173	0.283020	0.003754	0.036330	0.001029	0.673732	0.000196	0.000000	0.000000	0.001939
174	0.279335	0.003631	0.035537	0.001028	0.678340	0.000207	0.000000	0.000000	0.001922
175	0.275464	0.003485	0.035233	0.001020	0.682710	0.000213	0.000000	0.000000	0.001875
176	0.271982	0.003373	0.034428	0.000989	0.687213	0.000219	0.000000	0.000000	0.001796
177	0.268287	0.003196	0.033959	0.001022	0.691595	0.000212	0.000000	0.000000	0.001729
178	0.264665	0.003079	0.033226	0.001053	0.696146	0.000193	0.000000	0.000000	0.001638
179	0.260849	0.003025	0.032821	0.001049	0.700435	0.000212	0.000000	0.000000	0.001609
180	0.257253	0.002920	0.032258	0.001047	0.704833	0.000198	0.000000	0.000000	0.001491
181	0.253551	0.002805	0.031932	0.001050	0.709068	0.000186	0.000000	0.000000	0.001408
182	0.249971	0.002697	0.031393	0.001033	0.713395	0.000176	0.000000	0.000000	0.001335
183	0.246313	0.002632	0.031077	0.001045	0.717447	0.000173	0.000000	0.000000	0.001313
184	0.242525	0.002526	0.030733	0.001045	0.721767	0.000151	0.000000	0.000000	0.001253
185	0.239119	0.002464	0.030276	0.001060	0.725696	0.000164	0.000000	0.000000	0.001221
186	0.235458	0.002365	0.029905	0.001052	0.729924	0.000151	0.000000	0.000000	0.001145
187	0.232129	0.002330	0.029324	0.001065	0.733867	0.000167	0.000000	0.000000	0.001118
188	0.228396	0.002217	0.028785	0.001065	0.738243	0.000179	0.000000	0.000000	0.001115
189	0.225075	0.002156	0.028234	0.001046	0.742266	0.000176	0.000000	0.000000	0.001047
190	0.221561	0.002086	0.027648	0.001053	0.746427	0.000191	0.000000	0.000000	0.001034
191	0.218378	0.001957	0.027017	0.001062	0.750435	0.000180	0.000000	0.000000	0.000971
192	0.215136	0.001914	0.026561	0.001044	0.754180	0.000191	0.000000	0.000000	0.000974
193	0.211572	0.001859	0.026038	0.001061	0.758385	0.000161	0.000000	0.000000	0.000924
194	0.207765	0.001829	0.025825	0.001074	0.762425	0.000159	0.000000	0.000000	0.000923
195	0.204596	0.001764	0.025446	0.001052	0.766130	0.000155	0.000000	0.000000	0.000857
196	0.201684	0.001672	0.024925	0.001032	0.769724	0.000162	0.000000	0.000000	0.000801
197	0.197853	0.001634	0.024614	0.001035	0.773884	0.000174	0.000000	0.000000	0.000806
198	0.194896	0.001571	0.024240	0.001047	0.777308	0.000181	0.000000	0.000000	0.000757
199	0.192115	0.001516	0.023781	0.001098	0.780587	0.000172	0.000000	0.000000	0.000731
200	0.188978	0.001479	0.023638	0.001068	0.783955	0.000164	0.000000	0.000000	0.000718
201	0.185939	0.001423	0.023149	0.001146	0.787479	0.000165	0.000000	0.000000	0.000699
202	0.183057	0.001390	0.022731	0.001204	0.790805	0.000169	0.000000	0.000000	0.000644
203	0.179766	0.001359	0.022497	0.001184	0.794442	0.000151	0.000000	0.000000	0.000601
204	0.176633	0.001387	0.022059	0.001148	0.797992	0.000168	0.000000	0.000000	0.000613
205	0.173533	0.001339	0.021784	0.001126	0.801456	0.000169	0.000000	0.000000	0.000593
206	0.170858	0.001348	0.021446	0.001100	0.804516	0.000176	0.000000	0.000000	0.000556
207	0.167954	0.001227	0.020896	0.001083	0.808170	0.000152	0.000000	0.000000	0.000518
208	0.165237	0.001206	0.020416	0.001061	0.811432	0.000149	0.000000	0.000000	0.000499
209	0.162673	0.001214	0.019934	0.001084	0.814472	0.000156	0.000000	0.000000	0.000467
210	0.159966	0.001159	0.019768	0.001063	0.817442	0.000167	0.000000	0.000000	0.000435
211	0.156708	0.001142	0.019382	0.001086	0.821097	0.000167	0.000000	0.000000	0.000418
212	0.153807	0.001137	0.018960	0.001068	0.824435	0.000181	0.000000	0.000000	0.000412
213	0.150941	0.001094	0.018799	0.001071	0.827524	0.000178	0.000000	0.000000	0.000393
214	0.148186	0.001048	0.018622	0.001078	0.830513	0.000177	0.000000	0.000000	0.000376
215	0.145513	0.001040	0.018153	0.001047	0.833716	0.000182	0.000000	0.000000	0.000349
216	0.142622	0.001018	0.017714	0.001036	0.837097	0.000187	0.000000	0.000000	0.000326
217	0.140405	0.000970	0.017272	0.000993	0.839844	0.000190	0.000000	0.000000	0.000326
218	0.137852	0.000934	0.016864	0.001023	0.842798	0.000185	0.000000	0.000000	0.000344
219	0.135270	0.000888	0.016796	0.001052	0.845457	0.000198	0.000000	0.000000	0.000339
220	0.132996	0.000894	0.016333	0.001039	0.848245	0.000203	0.000000	0.000000	0.000290
221	0.130553	0.000872	0.016193	0.001098	0.850804	0.000192	0.000000	0.000000	0.000288
222	0.128266	0.000839	0.015858	0.001095	0.853496	0.000167	0.000000	0.000000	0.000279
223	0.125801	0.000829	0.015574	0.001091	0.856260	0.000163	0.000000	0.000000	0.000282
224	0.123205	0.000831	0.015221	0.001077	0.859195	0.000167	0.000000	0.000000	0.000304
225	0.120763	0.000741	0.014993	0.001084	0.861975	0.000150	0.000000	0.000000	0.000294
226	0.118675	0.000680	0.014801	0.001049	0.864371	0.000151	0.000000	0.000000	0.000273
227	0.116184	0.000666	0.014520	0.001082	0.867136	0.000144	0.000000	0.000000	0.000268
228	0.113589	0.000637	0.014500	0.001058	0.869824	0.000144	0.000000	0.000000	0.000248
229	0.111428	0.000597	0.014193	0.001035	0.872348	0.000163	0.000000	0.000000	0.000236
230	0.109149	0.000567	0.013915	0.001062	0.874944	0.000138	0.000000	0.000000	0.000225
231	0.106861	0.000573	0.013577	0.001045	0.877571	0.000150	0.000000	0.000000	0.000223
232	0.104704	0.000556	0.013374	0.001057	0.879961	0.000140	0.000000	0.000000	0.000208
233	0.102491	0.000549	0.013182	0.001034	0.882380	0.000147	0.000000	0.000000	0.000217
234	0.100380	0.000535	0.012954	0.001042	0.884749	0.000139	0.000000	0.000000	0.000201
235	0.098416	0.000534	0.012469	0.001035	0.887198	0.000139	0.000000	0.000000	0.000209
236	0.096337	0.000505	0.012171	0.001058	0.889584	0.000142	0.000000	0.000000	0.000203
237	0.094351	0.000478	0.011886	0.001018	0.891908	0.000162	0.000000	0.000000	0.000197
238	0.092182	0.000422	0.011647	0.000987	0.894388	0.000177	0.000000	0.000000	0.000197
239	0.090308	0.000404	0.011523	0.001005	0.896405	0.000168	0.000000	0.000000	0.000187
240	0.088512	0.000378	0.011225	0.001037	0.898486	0.000184	0.000000	0.000000	0.000178
241	0.086741	0.000385	0.010857	0.001021	0.900654	0.000181	0.000000	0.000000	0.000161
242	0.084998	0.000363	0.010669	0.001022	0.902628	0.000170	0.000000	0.000000	0.000150
243	0.083158	0.000339	0.010534	0.001005	0.904643	0.000178	0.000000	0.000000	0.000143
244	0.081513	0.000327	0.010340	0.000971	0.906537	0.000171	0.000000	0.000000	0.000141
245	0.079645	0.000338	0.010242	0.000957	0.908497	0.000179	0.000000	0.000000	0.000142
246	0.077996	0.000335	0.010055	0.000944	0.910338	0.000207	0.000000	0.000000	0.000125
247	0.076277	0.000312	0.009812	0.000917	0.912330	0.000221	0.000000	0.000000	0.000131
248	0.074601	0.000309	0.009624	0.000892	0.914215	0.000243	0.000000	0.000000	0.000116
249	0.072993	0.000261	0.009442	0.000906	0.916053	0.000233	0.000000	0.000000	0.000112
250	0.071227	0.000291	0.009206	0.000871	0.918050	0.000230	0.000000	0.000000	0.000125
251	0.069804	0.000276	0.009092	0.000869	0.919596	0.000243	0.000000	0.000000	0.000120
252	0.068472	0.000256	0.008880	0.000846	0.921185	0.000243	0.000000	0.000000	0.000118
253	0.066829	0.000232	0.008687	0.000833	0.923063	0.000252	0.000000	0.000000	0.000104
254	0.065309	0.000214	0.008417	0.000825	0.924877	0.000267	0.000000	0.000000	0.000091
255	0.063571	0.000207	0.008282	0.000824	0.926767	0.000266	0.000000	0.000000	0.000083
256	0.062108	0.000186	0.007967	0.000822	0.928579	0.000264	0.000000	0.000000	0.000074
257	0.060702	0.000195	0.007914	0.000839	0.930019	0.000255	0.000000	0.000000	0.000076
258	0.059135	0.000179	0.007666	0.000849	0.931842	0.000258	0.000000	0.000000	0.000071
259	0.057946	0.000196	0.007453	0.000863	0.933228	0.000242	0.000000	0.000000	0.000072
260	0.056483	0.000172	0.007253	0.000858	0.934929	0.000232	0.000000	0.000000	0.000073
261	0.055122	0.000155	0.007059	0.000871	0.936507	0.000219	0.000000	0.000000	0.000067
262	0.053813	0.000158	0.006957	0.000860	0.937913	0.000226	0.000000	0.000000	0.000073
263	0.052587	0.000152	0.006715	0.000850	0.939375	0.000255	0.000000	0.000000	0.000066
264	0.051323	0.000131	0.006578	0.000881	0.940737	0.000275	0.000000	0.000000	0.000075
265	0.050082	0.000104	0.006397	0.000892	0.942194	0.000253	0.000000	0.000000	0.000078
266	0.048792	0.000111	0.006294	0.000898	0.943577	0.000255	0.000000	0.000000	0.000073
267	0.047493	0.000124	0.006172	0.000877	0.945011	0.000243	0.000000	0.000000	0.000080
268	0.046129	0.000108	0.005924	0.000875	0.946638	0.000249	0.000000	0.000000	0.000077
269	0.044949	0.000099	0.005768	0.000877	0.947971	0.000262	0.000000	0.000000	0.000074
270	0.044060	0.000105	0.005725	0.000933	0.948871	0.000240	0.000000	0.000000	0.000066
271	0.043052	0.000102	0.005519	0.000976	0.950046	0.000253	0.000000	0.000000	0.000052
272	0.042080	0.000096	0.005406	0.000972	0.951109	0.000281	0.000000	0.000000	0.000056
273	0.040928	0.000085	0.005194	0.001010	0.952477	0.000242	0.000000	0.000000	0.000064
274	0.039949	0.000084	0.005173	0.000963	0.953553	0.000222	0.000000	0.000000	0.000056
275	0.039164	0.000083	0.005038	0.000978	0.954453	0.000222	0.000000	0.000000	0.000062
276	0.038187	0.000072	0.004949	0.000981	0.955518	0.000225	0.000000	0.000000	0.000068
277	0.037317	0.000067	0.004775	0.000994	0.956559	0.000224	0.000000	0.000000	0.000064
278	0.036379	0.000054	0.004767	0.001027	0.957477	0.000235	0.000000	0.000000	0.000061
279	0.035392	0.000052	0.004597	0.001011	0.958660	0.000228	0.000000	0.000000	0.000060
280	0.034576	0.000055	0.004463	0.001006	0.959627	0.000225	0.000000	0.000000	0.000048
281	0.033574	0.000067	0.004326	0.000994	0.960771	0.000224	0.000000	0.000000	0.000044
282	0.032794	0.000053	0.004160	0.000999	0.961724	0.000218	0.000000	0.000000	0.000052
283	0.031792	0.000048	0.004111	0.001002	0.962752	0.000236	0.000000	0.000000	0.000059
284	0.030938	0.000043	0.004103	0.001011	0.963603	0.000247	0.000000	0.000000	0.000055
285	0.030186	0.000048	0.003984	0.000990	0.964467	0.000265	0.000000	0.000000	0.000060
286	0.029379	0.000042	0.003916	0.001012	0.965322	0.000260	0.000000	0.000000	0.000069
287	0.028770	0.000046	0.003688	0.001008	0.966175	0.000243	0.000000	0.000000	0.000070
288	0.028082	0.000054	0.003687	0.000970	0.966883	0.000246	0.000000	0.000000	0.000078
289	0.027311	0.000055	0.003606	0.001002	0.967699	0.000249	0.000000	0.000000	0.000078
290	0.026565	0.000043	0.003546	0.001011	0.968512	0.000245	0.000000	0.000000	0.000078
291	0.025861	0.000048	0.003385	0.000981	0.969398	0.000243	0.000000	0.000000	0.000084
292	0.025228	0.000043	0.003278	0.000985	0.970164	0.000233	0.000000	0.000000	0.000069
293	0.024518	0.000050	0.003158	0.001005	0.970967	0.000225	0.000000	0.000000	0.000077
294	0.023850	0.000052	0.003118	0.000970	0.971723	0.000211	0.000000	0.000000	0.000076
295	0.023220	0.000051	0.003072	0.000978	0.972393	0.000216	0.000000	0.000000	0.000070
296	0.022632	0.000049	0.002922	0.001029	0.973080	0.000222	0.000000	0.000000	0.000066
297	0.021983	0.000047	0.002781	0.000985	0.973947	0.000198	0.000000	0.000000	0.000059
298	0.021333	0.000041	0.002724	0.000958	0.974687	0.000196	0.000000	0.000000	0.000061
299	0.020771	0.000037	0.002673	0.000961	0.975305	0.000188	0.000000	0.000000	0.000065
300	0.020336	0.000036	0.002577	0.000939	0.975822	0.000228	0.000000	0.000000	0.000062
301	0.019799	0.000032	0.002516	0.000892	0.976473	0.000230	0.000000	0.000000	0.000058
302	0.019191	0.000031	0.002445	0.000901	0.977151	0.000232	0.000000	0.000000	0.000049
303	0.018675	0.000033	0.002370	0.000912	0.977737	0.000226	0.000000	0.000000	0.000047
304	0.018182	0.000030	0.002276	0.000913	0.978309	0.000243	0.000000	0.000000	0.000047
305	0.017668	0.000025	0.002239	0.000982	0.978829	0.000217	0.000000	0.000000	0.000040
306	0.017056	0.000024	0.002236	0.000999	0.979442	0.000210	0.000000	0.000000	0.000033
307	0.016690	0.000017	0.002190	0.000948	0.979909	0.000216	0.000000	0.000000	0.000030
308	0.016217	0.000023	0.002097	0.000920	0.980499	0.000210	0.000000	0.000000	0.000034
309	0.015820	0.000021	0.002094	0.000923	0.980923	0.000186	0.000000	0.000000	0.000033
310	0.015411	0.000024	0.002027	0.000913	0.981405	0.000192	0.000000	0.000000	0.000028
311	0.014974	0.000027	0.001974	0.000924	0.981879	0.000197	0.000000	0.000000	0.000025
312	0.014491	0.000037	0.001942	0.000943	0.982355	0.000208	0.000000	0.000000	0.000024
313	0.014095	0.000030	0.001918	0.000994	0.982733	0.000210	0.000000	0.000000	0.000020
314	0.013755	0.000034	0.001855	0.000996	0.983134	0.000205	0.000000	0.000000	0.000021
315	0.013362	0.000031	0.001814	0.000983	0.983576	0.000217	0.000000	0.000000	0.000017
316	0.013108	0.000032	0.001752	0.001013	0.983876	0.000200	0.000000	0.000000	0.000019
317	0.012770	0.000030	0.001699	0.001026	0.984266	0.000185	0.000000	0.000000	0.000024
318	0.012331	0.000027	0.001625	0.001020	0.984772	0.000198	0.000000	0.000000	0.000027
319	0.011902	0.000022	0.001552	0.001028	0.985275	0.000198	0.000000	0.000000	0.000023
320	0.011543	0.000028	0.001517	0.001045	0.985658	0.000192	0.000000	0.000000	0.000017
321	0.011148	0.000029	0.001518	0.001054	0.986051	0.000184	0.000000	0.000000	0.000016
322	0.010808	0.000021	0.001507	0.001101	0.986341	0.000200	0.000000	0.000000	0.000022
323	0.010454	0.000019	0.001468	0.001074	0.986762	0.000201	0.000000	0.000000	0.000022
324	0.010227	0.000024	0.001406	0.001060	0.987082	0.000177	0.000000	0.000000	0.000024
325	0.009930	0.000024	0.001377	0.001062	0.987414	0.000182	0.000000	0.000000	0.000011
326	0.009581	0.000020	0.001333	0.001059	0.987845	0.000153	0.000000	0.000000	0.000009
327	0.009327	0.000019	0.001276	0.001043	0.988157	0.000171	0.000000	0.000000	0.000007
328	0.009056	0.000017	0.001286	0.001041	0.988410	0.000187	0.000000	0.000000	0.000003
329	0.008797	0.000013	0.001292	0.000996	0.988719	0.000181	0.000000	0.000000	0.000002
330	0.008488	0.000014	0.001290	0.000996	0.989040	0.000170	0.000000	0.000000	0.000002
331	0.008304	0.000011	0.001247	0.000994	0.989266	0.000177	0.000000	0.000000	0.000001
332	0.008003	0.000008	0.001228	0.000960	0.989594	0.000205	0.000000	0.000000	0.000002
333	0.007767	0.000008	0.001168	0.000961	0.989909	0.000187	0.000000	0.000000	0.000000
334	0.007573	0.000007	0.001112	0.000937	0.990191	0.000180	0.000000	0.000000	0.000000
335	0.007364	0.000007	0.001042	0.000907	0.990489	0.000191	0.000000	0.000000	0.000000
336	0.007121	0.000007	0.001032	0.000877	0.990777	0.000186	0.000000	0.000000	0.000000
337	0.006948	0.000006	0.000988	0.000887	0.990976	0.000195	0.000000	0.000000	0.000000
338	0.006656	0.000007	0.000968	0.000907	0.991266	0.000196	0.000000	0.000000	0.000000
339	0.006417	0.000009	0.000933	0.000927	0.991528	0.000186	0.000000	0.000000	0.000000
340	0.006194	0.000008	0.000914	0.000901	0.991804	0.000179	0.000000	0.000000	0.000000
341	0.006018	0.000006	0.000904	0.000897	0.991986	0.000189	0.000000	0.000000	0.000000
342	0.005776	0.000005	0.000860	0.000885	0.992296	0.000178	0.000000	0.000000	0.000000
343	0.005628	0.000001	0.000835	0.000885	0.992461	0.000190	0.000000	0.000000	0.000000
344	0.005458	0.000001	0.000797	0.000896	0.992641	0.000207	0.000000	0.000000	0.000000
345	0.005264	0.000001	0.000806	0.000869	0.992861	0.000199	0.000000	0.000000	0.000000
346	0.005101	0.000000	0.000747	0.000857	0.993089	0.000206	0.000000	0.000000	0.000000
347	0.004961	0.000000	0.000707	0.000864	0.993264	0.000204	0.000000	0.000000	0.000000
348	0.004789	0.000000	0.000686	0.000856	0.993468	0.000201	0.000000	0.000000	0.000000
349	0.004657	0.000000	0.000594	0.000860	0.993671	0.000218	0.000000	0.000000	0.000000
350	0.004450	0.000000	0.000568	0.000865	0.993895	0.000222	0.000000	0.000000	0.000000
351	0.004296	0.000000	0.000565	0.000867	0.994074	0.000198	0.000000	0.000000	0.000000
352	0.004205	0.000000	0.000543	0.000855	0.994185	0.000212	0.000000	0.000000	0.000000
353	0.004096	0.000000	0.000506	0.000844	0.994333	0.000221	0.000000	0.000000	0.000000
354	0.003885	0.000000	0.000496	0.000889	0.994493	0.000237	0.000000	0.000000	0.000000
355	0.003801	0.000000	0.000494	0.000871	0.994597	0.000237	0.000000	0.000000	0.000000
356	0.003724	0.000000	0.000472	0.000877	0.994694	0.000233	0.000000	0.000000	0.000000
357	0.003572	0.000000	0.000438	0.000832	0.994923	0.000235	0.000000	0.000000	0.000000
358	0.003467	0.000000	0.000399	0.000847	0.995051	0.000236	0.000000	0.000000	0.000000
359	0.003322	0.000000	0.000381	0.000845	0.995195	0.000257	0.000000	0.000000	0.000000
360	0.003227	0.000000	0.000388	0.000836	0.995292	0.000257	0.000000	0.000000	0.000000
361	0.003115	0.000000	0.000383	0.000858	0.995373	0.000271	0.000000	0.000000	0.000000
362	0.003023	0.000000	0.000382	0.000842	0.995462	0.000291	0.000000	0.000000	0.000000
363	0.002887	0.000000	0.000347	0.000826	0.995680	0.000260	0.000000	0.000000	0.000000
364	0.002801	0.000000	0.000346	0.000833	0.995751	0.000269	0.000000	0.000000	0.000000
365	0.002735	0.000000	0.000322	0.000841	0.995844	0.000258	0.000000	0.000000	0.000000
366	0.002618	0.000000	0.000340	0.000836	0.995973	0.000233	0.000000	0.000000	0.000000
367	0.002559	0.000000	0.000308	0.000838	0.996048	0.000247	0.000000	0.000000	0.000000
368	0.002474	0.000000	0.000284	0.000819	0.996180	0.000243	0.000000	0.000000	0.000000
369	0.002373	0.000000	0.000287	0.000791	0.996302	0.000247	0.000000	0.000000	0.000000
370	0.002277	0.000000	0.000282	0.000804	0.996384	0.000253	0.000000	0.000000	0.000000
371	0.002227	0.000000	0.000254	0.000824	0.996468	0.000227	0.000000	0.000000	0.000000
372	0.002167	0.000000	0.000235	0.000868	0.996507	0.000223	0.000000	0.000000	0.000000
373	0.002105	0.000000	0.000236	0.000857	0.996600	0.000202	0.000000	0.000000	0.000000
374	0.002006	0.000000	0.000234	0.000851	0.996708	0.000201	0.000000	0.000000	0.000000
375	0.001959	0.000000	0.000219	0.000852	0.996768	0.000202	0.000000	0.000000	0.000000
376	0.001877	0.000000	0.000210	0.000842	0.996865	0.000206	0.000000	0.000000	0.000000
377	0.001814	0.000000	0.000201	0.000820	0.996973	0.000192	0.000000	0.000000	0.000000
378	0.001742	0.000000	0.000182	0.000799	0.997082	0.000195	0.000000	0.000000	0.000000
379	0.001689	0.000000	0.000172	0.000821	0.997146	0.000172	0.000000	0.000000	0.000000
380	0.001583	0.000000	0.000162	0.000797	0.997276	0.000182	0.000000	0.000000	0.000000
381	0.001506	0.000000	0.000151	0.000745	0.997415	0.000183	0.000000	0.000000	0.000000
382	0.001477	0.000000	0.000148	0.000735	0.997449	0.000191	0.000000	0.000000	0.000000
383	0.001419	0.000000	0.000133	0.000768	0.997481	0.000199	0.000000	0.000000	0.000000
384	0.001373	0.000000	0.000134	0.000767	0.997535	0.000191	0.000000	0.000000	0.000000
385	0.001334	0.000000	0.000111	0.000733	0.997610	0.000212	0.000000	0.000000	0.000000
386	0.001265	0.000000	0.000115	0.000716	0.997693	0.000211	0.000000	0.000000	0.000000
387	0.001177	0.000000	0.000129	0.000694	0.997786	0.000214	0.000000	0.000000	0.000000
388	0.001107	0.000000	0.000125	0.000689	0.997877	0.000202	0.000000	0.000000	0.000000
389	0.001070	0.000000	0.000109	0.000650	0.997975	0.000196	0.000000	0.000000	0.000000
390	0.001006	0.000000	0.000100	0.000691	0.998025	0.000178	0.000000	0.000000	0.000000
391	0.000959	0.000000	0.000092	0.000690	0.998081	0.000178	0.000000	0.000000	0.000000
392	0.000940	0.000000	0.000094	0.000678	0.998102	0.000186	0.000000	0.000000	0.000000
393	0.000879	0.000000	0.000087	0.000657	0.998183	0.000194	0.000000	0.000000	0.000000
394	0.000855	0.000000	0.000082	0.000704	0.998165	0.000194	0.000000	0.000000	0.000000
395	0.000826	0.000000	0.000077	0.000693	0.998189	0.000215	0.000000	0.000000	0.000000
396	0.000744	0.000000	0.000071	0.000723	0.998248	0.000214	0.000000	0.000000	0.000000
397	0.000706	0.000000	0.000066	0.000756	0.998260	0.000212	0.000000	0.000000	0.000000
398	0.000670	0.000000	0.000075	0.000812	0.998229	0.000214	0.000000	0.000000	0.000000
399	0.000606	0.000000	0.000067	0.000789	0.998317	0.000221	0.000000	0.000000	0.000000
400	0.000582	0.000000	0.000053	0.000763	0.998382	0.000220	0.000000	0.000000	0.000000
401	0.000564	0.000000	0.000053	0.000743	0.998410	0.000230	0.000000	0.000000	0.000000
402	0.000520	0.000000	0.000050	0.000740	0.998457	0.000233	0.000000	0.000000	0.000000
403	0.000508	0.000000	0.000047	0.000747	0.998465	0.000233	0.000000	0.000000	0.000000
404	0.000499	0.000000	0.000044	0.000736	0.998477	0.000244	0.000000	0.000000	0.000000
405	0.000494	0.000000	0.000045	0.000751	0.998457	0.000253	0.000000	0.000000	0.000000
406	0.000458	0.000000	0.000042	0.000770	0.998484	0.000246	0.000000	0.000000	0.000000
407	0.000424	0.000000	0.000041	0.000792	0.998514	0.000229	0.000000	0.000000	0.000000
408	0.000411	0.000000	0.000036	0.000780	0.998532	0.000241	0.000000	0.000000	0.000000
409	0.000391	0.000000	0.000036	0.000821	0.998500	0.000252	0.000000	0.000000	0.000000
410	0.000373	0.000000	0.000039	0.000822	0.998504	0.000262	0.000000	0.000000	0.000000
411	0.000352	0.000000	0.000035	0.000816	0.998542	0.000255	0.000000	0.000000	0.000000
412	0.000325	0.000000	0.000036	0.000812	0.998566	0.000261	0.000000	0.000000	0.000000
413	0.000338	0.000000	0.000028	0.000794	0.998610	0.000230	0.000000	0.000000	0.000000
414	0.000319	0.000000	0.000023	0.000785	0.998623	0.000250	0.000000	0.000000	0.000000
415	0.000284	0.000000	0.000023	0.000793	0.998654	0.000246	0.000000	0.000000	0.000000
416	0.000280	0.000000	0.000015	0.000768	0.998698	0.000239	0.000000	0.000000	0.000000
417	0.000262	0.000000	0.000021	0.000730	0.998747	0.000240	0.000000	0.000000	0.000000
418	0.000255	0.000000	0.000020	0.000746	0.998737	0.000242	0.000000	0.000000	0.000000
419	0.000260	0.000000	0.000020	0.000718	0.998752	0.000250	0.000000	0.000000	0.000000
420	0.000249	0.000000	0.000023	0.000670	0.998794	0.000264	0.000000	0.000000	0.000000
421	0.000251	0.000000	0.000018	0.000719	0.998768	0.000244	0.000000	0.000000	0.000000
422	0.000227	0.000000	0.000014	0.000741	0.998786	0.000232	0.000000	0.000000	0.000000
423	0.000205	0.000000	0.000021	0.000714	0.998827	0.000233	0.000000	0.000000	0.000000
424	0.000204	0.000000	0.000017	0.000691	0.998842	0.000246	0.000000	0.000000	0.000000
425	0.000185	0.000000	0.000021	0.000708	0.998842	0.000244	0.000000	0.000000	0.000000
426	0.000168	0.000000	0.000027	0.000720	0.998873	0.000212	0.000000	0.000000	0.000000
427	0.000165	0.000000	0.000024	0.000706	0.998889	0.000216	0.000000	0.000000	0.000000
428	0.000159	0.000000	0.000025	0.000719	0.998882	0.000215	0.000000	0.000000	0.000000
429	0.000125	0.000000	0.000025	0.000711	0.998915	0.000224	0.000000	0.000000	0.000000
430	0.000118	0.000000	0.000025	0.000718	0.998922	0.000217	0.000000	0.000000	0.000000
431	0.000112	0.000000	0.000023	0.000734	0.998898	0.000233	0.000000	0.000000	0.000000
432	0.000100	0.000000	0.000020	0.000704	0.998934	0.000242	0.000000	0.000000	0.000000
433	0.000089	0.000000	0.000018	0.000685	0.998965	0.000243	0.000000	0.000000	0.000000
434	0.000096	0.000000	0.000016	0.000649	0.999002	0.000237	0.000000	0.000000	0.000000
435	0.000100	0.000000	0.000014	0.000657	0.998989	0.000240	0.000000	0.000000	0.000000
436	0.000097	0.000000	0.000015	0.000682	0.998976	0.000230	0.000000	0.000000	0.000000
437	0.000075	0.000000	0.000017	0.000670	0.999028	0.000210	0.000000	0.000000	0.000000
438	0.000080	0.000000	0.000016	0.000664	0.999038	0.000202	0.000000	0.000000	0.000000
439	0.000069	0.000000	0.000015	0.000681	0.999016	0.000219	0.000000	0.000000	0.000000
440	0.000058	0.000000	0.000014	0.000690	0.999014	0.000224	0.000000	0.000000	0.000000
441	0.000054	0.000000	0.000010	0.000689	0.999005	0.000242	0.000000	0.000000	0.000000
442	0.000060	0.000000	0.000008	0.000671	0.999013	0.000248	0.000000	0.000000	0.000000
443	0.000059	0.000000	0.000006	0.000678	0.999001	0.000256	0.000000	0.000000	0.000000
444	0.000054	0.000000	0.000009	0.000647	0.999032	0.000258	0.000000	0.000000	0.000000
445	0.000054	0.000000	0.000005	0.000661	0.999035	0.000245	0.000000	0.000000	0.000000
446	0.000045	0.000000	0.000005	0.000661	0.999036	0.000253	0.000000	0.000000	0.000000
447	0.000047	0.000000	0.000005	0.000647	0.999078	0.000223	0.000000	0.000000	0.000000
448	0.000045	0.000000	0.000006	0.000659	0.999047	0.000243	0.000000	0.000000	0.000000
449	0.000041	0.000000	0.000007	0.000680	0.999023	0.000249	0.000000	0.000000	0.000000
450	0.000034	0.000000	0.000006	0.000693	0.999028	0.000239	0.000000	0.000000	0.000000
451	0.000032	0.000000	0.000006	0.000699	0.999034	0.000229	0.000000	0.000000	0.000000
452	0.000031	0.000000	0.000008	0.000684	0.999043	0.000234	0.000000	0.000000	0.000000
453	0.000025	0.000000	0.000003	0.000703	0.999037	0.000232	0.000000	0.000000	0.000000
454	0.000021	0.000000	0.000005	0.000703	0.999051	0.000220	0.000000	0.000000	0.000000
455	0.000019	0.000000	0.000007	0.000693	0.999056	0.000225	0.000000	0.000000	0.000000
456	0.000015	0.000000	0.000008	0.000675	0.999045	0.000257	0.000000	0.000000	0.000000
457	0.000012	0.000000	0.000007	0.000671	0.999054	0.000256	0.000000	0.000000	0.000000
458	0.000006	0.000000	0.000008	0.000638	0.999091	0.000257	0.000000	0.000000	0.000000
459	0.000005	0.000000	0.000010	0.000648	0.999075	0.000262	0.000000	0.000000	0.000000
460	0.000003	0.000000	0.000010	0.000637	0.999102	0.000248	0.000000	0.000000	0.000000
461	0.000002	0.000000	0.000009	0.000634	0.999090	0.000265	0.000000	0.000000	0.000000
462	0.000001	0.000000	0.000006	0.000640	0.999091	0.000262	0.000000	0.000000	0.000000
463	0.000000	0.000000	0.000007	0.000622	0.999102	0.000269	0.000000	0.000000	0.000000
464	0.000000	0.000000	0.000006	0.000628	0.999098	0.000268	0.000000	0.000000	0.000000
465	0.000000	0.000000	0.000001	0.000630	0.999085	0.000284	0.000000	0.000000	0.000000
466	0.000000	0.000000	0.000002	0.000619	0.999082	0.000297	0.000000	0.000000	0.000000
467	0.000000	0.000000	0.000003	0.000607	0.999094	0.000296	0.000000	0.000000	0.000000
468	0.000000	0.000000	0.000001	0.000594	0.999113	0.000292	0.000000	0.000000	0.000000
469	0.000000	0.000000	0.000000	0.000590	0.999112	0.000298	0.000000	0.000000	0.000000
470	0.000000	0.000000	0.000000	0.000582	0.999108	0.000310	0.000000	0.000000	0.000000
