0	0.112313	0.112705	0.112246	0.112163	0.099932	0.112777	0.112658	0.112742	0.112464	0.100000
10	0.106553	0.096047	0.098707	0.134496	0.141692	0.123500	0.095184	0.087800	0.116021	0.100000
20	0.095356	0.070244	0.077165	0.149909	0.196652	0.121248	0.083663	0.065347	0.140416	0.100000
30	0.084491	0.048515	0.059170	0.158161	0.247918	0.112414	0.074218	0.046439	0.168674	0.100000
40	0.074011	0.032254	0.044295	0.160602	0.292934	0.101101	0.064142	0.033236	0.197425	0.100000
50	0.063797	0.020967	0.032682	0.157598	0.331371	0.088407	0.055151	0.023756	0.226271	0.100000
60	0.054087	0.013480	0.023642	0.152769	0.364521	0.075373	0.047822	0.016852	0.251454	0.100000
70	0.045187	0.008646	0.016831	0.146076	0.393843	0.064105	0.041003	0.012258	0.272051	0.100000
80	0.036510	0.005416	0.011635	0.138644	0.420216	0.054496	0.034285	0.008722	0.290076	0.100000
90	0.029688	0.003240	0.007836	0.130984	0.443673	0.045544	0.028864	0.006287	0.303884	0.100000
0	0.099185	0.100141	0.099713	0.100157	0.200368	0.100010	0.100465	0.100042	0.099919	0.200000
10	0.087845	0.077810	0.082591	0.121941	0.279229	0.114063	0.075457	0.067019	0.094045	0.200000
20	0.070995	0.049105	0.059802	0.134887	0.364392	0.113709	0.058624	0.042492	0.105994	0.200000
30	0.056583	0.028614	0.042139	0.141019	0.433598	0.107403	0.045442	0.025855	0.119347	0.200000
40	0.043706	0.016269	0.029150	0.143012	0.486041	0.098611	0.034702	0.015813	0.132696	0.200000
50	0.033403	0.009010	0.019778	0.142593	0.525888	0.089106	0.026404	0.009605	0.144213	0.200000
60	0.025280	0.004974	0.013395	0.140312	0.555898	0.079902	0.020465	0.005832	0.153942	0.200000
70	0.018843	0.002675	0.009024	0.136762	0.579101	0.071999	0.015855	0.003592	0.162149	0.200000
80	0.013741	0.001500	0.006203	0.133365	0.598578	0.064944	0.012096	0.002278	0.167295	0.200000
90	0.010139	0.000817	0.004041	0.130133	0.615003	0.057859	0.009403	0.001497	0.171108	0.200000
0	0.087310	0.087769	0.087682	0.087193	0.300165	0.087571	0.087699	0.087464	0.087147	0.300000
10	0.070107	0.060026	0.066373	0.107544	0.410717	0.101515	0.058779	0.051483	0.073456	0.300000
20	0.051002	0.032726	0.043849	0.118602	0.508287	0.103112	0.040098	0.026727	0.075597	0.300000
30	0.036477	0.016422	0.028583	0.124367	0.573980	0.099577	0.027497	0.013627	0.079470	0.300000
40	0.025788	0.008029	0.018303	0.126157	0.617903	0.094684	0.018832	0.007322	0.082982	0.300000
50	0.017949	0.003947	0.011797	0.125804	0.649385	0.088230	0.013128	0.003891	0.085869	0.300000
60	0.012279	0.001913	0.007389	0.124788	0.670735	0.082667	0.008967	0.002258	0.089004	0.300000
70	0.008447	0.000919	0.004779	0.122819	0.687285	0.077160	0.006283	0.001371	0.090937	0.300000
80	0.006092	0.000498	0.003156	0.121651	0.699686	0.071753	0.004545	0.000835	0.091784	0.300000
90	0.004189	0.000218	0.002088	0.120035	0.709667	0.067877	0.003276	0.000535	0.092115	0.300000
0	0.075051	0.075125	0.074772	0.074833	0.399974	0.075630	0.075178	0.074957	0.074480	0.400000
10	0.055135	0.046313	0.052072	0.091053	0.529671	0.088171	0.043454	0.037776	0.056355	0.400000
20	0.035307	0.022216	0.031214	0.099804	0.626954	0.090225	0.025074	0.016818	0.052388	0.400000
30	0.022098	0.009774	0.018308	0.103882	0.684950	0.088030	0.014898	0.007390	0.050670	0.400000
40	0.013993	0.004138	0.010967	0.105889	0.718041	0.085498	0.008655	0.003293	0.049526	0.400000
50	0.008823	0.001885	0.006408	0.106295	0.737915	0.082643	0.005440	0.001763	0.048828	0.400000
60	0.005595	0.000809	0.003992	0.105298	0.752507	0.079274	0.003571	0.000986	0.047968	0.400000
70	0.003534	0.000377	0.002393	0.104820	0.762007	0.076386	0.002292	0.000613	0.047578	0.400000
80	0.002289	0.000164	0.001579	0.103996	0.769437	0.073465	0.001570	0.000330	0.047170	0.400000
90	0.001471	0.000082	0.000997	0.103473	0.775106	0.071300	0.001124	0.000187	0.046260	0.400000
0	0.062888	0.062292	0.062548	0.062336	0.499796	0.062435	0.062669	0.062604	0.062432	0.500000
10	0.041150	0.034026	0.038438	0.075023	0.639723	0.072164	0.031602	0.026567	0.041307	0.500000
20	0.023175	0.014262	0.020979	0.080580	0.727253	0.074454	0.015655	0.010103	0.033539	0.500000
30	0.013192	0.005497	0.011329	0.083004	0.772322	0.073539	0.008012	0.003782	0.029323	0.500000
40	0.007550	0.002023	0.006188	0.083325	0.795798	0.072738	0.004163	0.001546	0.026669	0.500000
50	0.004346	0.000855	0.003481	0.083596	0.808637	0.071179	0.002517	0.000691	0.024698	0.500000
60	0.002694	0.000352	0.002014	0.083795	0.816696	0.069628	0.001435	0.000285	0.023101	0.500000
70	0.001644	0.000133	0.001143	0.083549	0.822685	0.067600	0.000923	0.000166	0.022157	0.500000
80	0.000966	0.000049	0.000657	0.083364	0.827103	0.066024	0.000599	0.000080	0.021158	0.500000
90	0.000656	0.000025	0.000410	0.083118	0.830121	0.064812	0.000460	0.000031	0.020367	0.500000
0	0.050160	0.049753	0.050078	0.050137	0.600279	0.049996	0.049968	0.050178	0.049451	0.600000
10	0.029590	0.024383	0.028175	0.058589	0.734675	0.057081	0.021115	0.018141	0.028251	0.600000
20	0.014658	0.008726	0.013980	0.062514	0.807518	0.058098	0.008672	0.005627	0.020207	0.600000
30	0.007464	0.003004	0.006742	0.063433	0.839823	0.058142	0.003804	0.001722	0.015866	0.600000
40	0.003677	0.000985	0.003230	0.063718	0.855443	0.057514	0.001688	0.000584	0.013161	0.600000
50	0.001865	0.000336	0.001747	0.063635	0.862692	0.057230	0.000815	0.000268	0.011412	0.600000
60	0.000906	0.000131	0.000899	0.064467	0.866479	0.056411	0.000477	0.000104	0.010126	0.600000
70	0.000525	0.000053	0.000486	0.064113	0.869385	0.055946	0.000264	0.000060	0.009168	0.600000
80	0.000266	0.000022	0.000277	0.063534	0.871609	0.055697	0.000167	0.000034	0.008394	0.600000
90	0.000184	0.000016	0.000172	0.063913	0.872494	0.055241	0.000133	0.000036	0.007811	0.600000
0	0.037503	0.037539	0.037559	0.037419	0.700385	0.037437	0.037468	0.037491	0.037199	0.700000
10	0.019901	0.016118	0.019058	0.042124	0.817718	0.042186	0.013585	0.011267	0.018043	0.700000
20	0.008947	0.005112	0.008646	0.043884	0.871191	0.043211	0.004691	0.002989	0.011329	0.700000
30	0.003889	0.001597	0.003930	0.044762	0.892168	0.043192	0.001813	0.000818	0.007831	0.700000
40	0.001734	0.000488	0.001838	0.044757	0.901592	0.042901	0.000729	0.000258	0.005703	0.700000
50	0.000766	0.000161	0.000912	0.044790	0.905946	0.042634	0.000310	0.000083	0.004398	0.700000
60	0.000364	0.000043	0.000424	0.044829	0.908370	0.042163	0.000143	0.000025	0.003639	0.700000
70	0.000196	0.000015	0.000203	0.044602	0.909861	0.042032	0.000075	0.000008	0.003008	0.700000
80	0.000119	0.000002	0.000083	0.045132	0.910722	0.041307	0.000026	0.000001	0.002608	0.700000
90	0.000066	0.000001	0.000032	0.044847	0.911343	0.041328	0.000008	0.000000	0.002375	0.700000
0	0.024970	0.024912	0.025224	0.025140	0.799349	0.025247	0.025416	0.025009	0.024733	0.800000
10	0.011516	0.009177	0.011268	0.027406	0.888754	0.027875	0.007660	0.006424	0.009920	0.800000
20	0.004632	0.002687	0.004501	0.028447	0.922890	0.027836	0.002247	0.001388	0.005372	0.800000
30	0.002010	0.000749	0.001918	0.028609	0.934027	0.028481	0.000683	0.000318	0.003205	0.800000
40	0.000840	0.000214	0.000808	0.028728	0.938806	0.028139	0.000208	0.000096	0.002161	0.800000
50	0.000345	0.000055	0.000351	0.028386	0.940856	0.028352	0.000083	0.000018	0.001554	0.800000
60	0.000132	0.000027	0.000140	0.028673	0.941366	0.028432	0.000054	0.000006	0.001170	0.800000
70	0.000083	0.000003	0.000061	0.028539	0.941559	0.028733	0.000034	0.000003	0.000985	0.800000
80	0.000048	0.000000	0.000035	0.028645	0.941740	0.028665	0.000021	0.000000	0.000846	0.800000
90	0.000025	0.000000	0.000007	0.028946	0.942164	0.028153	0.000007	0.000000	0.000698	0.800000
0	0.012339	0.012379	0.012489	0.012465	0.900362	0.012689	0.012385	0.012447	0.012445	0.900000
10	0.005114	0.004049	0.005148	0.012998	0.949333	0.013265	0.003120	0.002614	0.004359	0.900000
20	0.001894	0.001051	0.001790	0.013206	0.965673	0.013037	0.000801	0.000492	0.002056	0.900000
30	0.000674	0.000260	0.000611	0.013143	0.970517	0.013349	0.000239	0.000069	0.001138	0.900000
40	0.000275	0.000053	0.000272	0.013104	0.972083	0.013496	0.000064	0.000008	0.000645	0.900000
50	0.000077	0.000012	0.000124	0.013159	0.972565	0.013646	0.000025	0.000001	0.000391	0.900000
60	0.000030	0.000009	0.000038	0.012971	0.973020	0.013691	0.000004	0.000000	0.000237	0.900000
70	0.000012	0.000004	0.000019	0.012920	0.972979	0.013914	0.000001	0.000000	0.000151	0.900000
80	0.000003	0.000001	0.000007	0.012936	0.972958	0.013978	0.000003	0.000000	0.000114	0.900000
90	0.000000	0.000000	0.000003	0.012770	0.972968	0.014169	0.000000	0.000000	0.000090	0.900000
