0	0.290663	0.057897	0.229473	0.157588	0.029913	0.111872	0.085455	0.012259	0.024880
1	0.222321	0.046355	0.193681	0.143349	0.029498	0.123902	0.124080	0.023775	0.093039
2	0.214591	0.044059	0.186907	0.141323	0.030716	0.121987	0.128950	0.025198	0.106269
3	0.212314	0.042977	0.182078	0.140560	0.031812	0.119722	0.130258	0.025259	0.115020
4	0.211680	0.041972	0.177675	0.139702	0.033517	0.116645	0.130938	0.024856	0.123015
5	0.211740	0.041098	0.173149	0.138603	0.035102	0.113422	0.131642	0.024358	0.130886
6	0.212900	0.040196	0.168708	0.138108	0.036802	0.109275	0.132051	0.023798	0.138162
7	0.213570	0.038992	0.164641	0.137325	0.038692	0.106327	0.131467	0.023336	0.145650
8	0.213967	0.038107	0.159927	0.136692	0.041119	0.103099	0.131234	0.022822	0.153033
9	0.214467	0.037175	0.155914	0.136470	0.043390	0.099327	0.130911	0.022187	0.160159
10	0.215218	0.036235	0.151559	0.135829	0.045692	0.095890	0.130212	0.021630	0.167735
11	0.216342	0.035238	0.147192	0.135253	0.048203	0.092409	0.129499	0.021035	0.174829
12	0.216494	0.034354	0.143026	0.135141	0.050723	0.089496	0.127793	0.020350	0.182623
13	0.217305	0.033360	0.139221	0.134859	0.053399	0.086219	0.126831	0.019594	0.189212
14	0.217813	0.032349	0.134744	0.134456	0.056218	0.082836	0.125655	0.018953	0.196976
15	0.217942	0.031364	0.131009	0.133801	0.059032	0.079560	0.124569	0.018627	0.204096
16	0.219023	0.030420	0.126411	0.133402	0.062124	0.076247	0.123270	0.017736	0.211367
17	0.220212	0.029609	0.122076	0.132563	0.065269	0.072942	0.121752	0.017209	0.218368
18	0.221118	0.028606	0.118211	0.131724	0.068720	0.070122	0.120048	0.016680	0.224771
19	0.221579	0.027646	0.114076	0.130678	0.072213	0.067567	0.118615	0.016049	0.231577
20	0.221822	0.026940	0.110243	0.129569	0.075303	0.064817	0.117249	0.015639	0.238418
21	0.223228	0.026235	0.106455	0.128393	0.079160	0.061991	0.115296	0.015136	0.244106
22	0.223488	0.025291	0.102405	0.127465	0.082956	0.059418	0.113723	0.014642	0.250612
23	0.224270	0.024570	0.098381	0.126496	0.086675	0.056910	0.112322	0.014160	0.256216
24	0.224277	0.023615	0.094995	0.125736	0.090425	0.054824	0.110344	0.013523	0.262261
25	0.224528	0.023011	0.090907	0.124417	0.094733	0.052347	0.108876	0.013042	0.268139
26	0.224395	0.022304	0.087692	0.123212	0.098736	0.050386	0.106644	0.012593	0.274038
27	0.224045	0.021459	0.084175	0.122155	0.103290	0.048205	0.104426	0.012191	0.280054
28	0.223956	0.020648	0.080430	0.121624	0.107727	0.046253	0.102188	0.011710	0.285464
29	0.223740	0.019906	0.077263	0.120390	0.112297	0.044356	0.100064	0.011172	0.290812
30	0.223339	0.019183	0.073942	0.119604	0.116687	0.042361	0.098355	0.010764	0.295765
31	0.222417	0.018588	0.070841	0.118680	0.121476	0.040449	0.096597	0.010405	0.300547
32	0.221794	0.017953	0.067725	0.117773	0.126383	0.038413	0.094804	0.010051	0.305104
33	0.221072	0.017251	0.064426	0.116943	0.131356	0.036705	0.092724	0.009481	0.310042
34	0.219547	0.016676	0.061509	0.115888	0.136532	0.035356	0.091151	0.009173	0.314168
35	0.218898	0.016249	0.058735	0.114955	0.141805	0.033616	0.088746	0.008907	0.318089
36	0.217523	0.015638	0.056168	0.114025	0.147739	0.032053	0.086894	0.008481	0.321479
37	0.216042	0.014933	0.053581	0.112983	0.152849	0.030630	0.084908	0.008132	0.325942
38	0.214365	0.014252	0.050726	0.111996	0.158699	0.029544	0.083108	0.007882	0.329428
39	0.212928	0.013555	0.048591	0.110990	0.163849	0.028197	0.081574	0.007625	0.332691
40	0.211086	0.012962	0.046342	0.109777	0.169841	0.027101	0.079667	0.007354	0.335870
41	0.209438	0.012567	0.044081	0.108871	0.176180	0.025502	0.077915	0.007160	0.338286
42	0.207837	0.011997	0.041816	0.108138	0.181964	0.024456	0.075741	0.006921	0.341130
43	0.206123	0.011509	0.039611	0.107139	0.187945	0.023498	0.073451	0.006675	0.344049
44	0.204291	0.011176	0.037668	0.106397	0.194016	0.022532	0.071658	0.006366	0.345896
45	0.202266	0.010839	0.035539	0.105706	0.200287	0.021663	0.069590	0.006216	0.347894
46	0.200511	0.010281	0.033538	0.104649	0.206683	0.020849	0.067629	0.005934	0.349926
47	0.198733	0.009845	0.031904	0.103737	0.212780	0.019968	0.065926	0.005639	0.351468
48	0.196532	0.009534	0.030278	0.102622	0.219312	0.019190	0.064431	0.005359	0.352742
49	0.194260	0.009090	0.028834	0.101646	0.226115	0.018698	0.062930	0.005204	0.353223
50	0.191919	0.008623	0.027284	0.100970	0.233010	0.017770	0.061164	0.005069	0.354191
51	0.189667	0.008330	0.025560	0.099725	0.240105	0.017268	0.059800	0.004825	0.354720
52	0.187151	0.007940	0.024065	0.099602	0.247225	0.016392	0.058218	0.004577	0.354830
53	0.184691	0.007600	0.022858	0.098717	0.254074	0.015706	0.056661	0.004360	0.355333
54	0.181676	0.007299	0.021561	0.098240	0.261431	0.015216	0.055150	0.004179	0.355248
55	0.178807	0.006989	0.020385	0.097862	0.268485	0.014491	0.053365	0.004023	0.355593
56	0.175915	0.006540	0.019279	0.097171	0.275853	0.014014	0.051902	0.003842	0.355484
57	0.173732	0.006227	0.017818	0.096544	0.283060	0.013521	0.050348	0.003732	0.355018
58	0.171072	0.005938	0.016867	0.095892	0.290089	0.012961	0.048904	0.003577	0.354700
59	0.167986	0.005635	0.015986	0.095418	0.297439	0.012612	0.047509	0.003404	0.354011
60	0.165226	0.005369	0.015049	0.094475	0.305501	0.012150	0.045952	0.003301	0.352977
61	0.162054	0.005125	0.014100	0.093851	0.313541	0.011658	0.044184	0.003185	0.352302
62	0.159086	0.004902	0.013120	0.093341	0.321200	0.011128	0.042837	0.003032	0.351354
63	0.156265	0.004718	0.012424	0.092980	0.329117	0.010938	0.041418	0.002962	0.349178
64	0.153027	0.004461	0.011603	0.093006	0.336523	0.010570	0.040219	0.002802	0.347789
65	0.149893	0.004233	0.010899	0.092947	0.344171	0.010262	0.038930	0.002694	0.345971
66	0.146714	0.004016	0.010364	0.092504	0.352028	0.010040	0.037611	0.002687	0.344036
67	0.143693	0.003839	0.009871	0.092106	0.359261	0.009952	0.036166	0.002513	0.342599
68	0.140478	0.003616	0.009248	0.091704	0.367181	0.009731	0.034985	0.002397	0.340660
69	0.137476	0.003391	0.008677	0.091384	0.375253	0.009324	0.033801	0.002336	0.338358
70	0.134327	0.003095	0.008153	0.090994	0.383354	0.008916	0.032789	0.002194	0.336178
71	0.131422	0.002986	0.007680	0.090586	0.391339	0.008571	0.031791	0.002181	0.333444
72	0.128179	0.002783	0.007197	0.090507	0.399429	0.008330	0.030681	0.002083	0.330811
73	0.125015	0.002677	0.006836	0.090086	0.407036	0.008138	0.029775	0.001986	0.328451
74	0.122354	0.002521	0.006329	0.089511	0.415010	0.008008	0.028550	0.001904	0.325813
75	0.119130	0.002414	0.005876	0.089320	0.422730	0.007843	0.027617	0.001828	0.323242
76	0.116209	0.002311	0.005528	0.088755	0.430753	0.007815	0.026582	0.001723	0.320324
77	0.112743	0.002187	0.005118	0.088467	0.438950	0.007558	0.025673	0.001625	0.317679
78	0.109897	0.002009	0.004717	0.088465	0.446301	0.007289	0.024537	0.001520	0.315265
79	0.106816	0.001864	0.004365	0.088078	0.454277	0.007165	0.023699	0.001454	0.312282
80	0.103993	0.001763	0.004052	0.087927	0.462224	0.006921	0.022803	0.001410	0.308907
81	0.101198	0.001698	0.003762	0.087938	0.469640	0.006843	0.021932	0.001394	0.305595
82	0.098502	0.001642	0.003526	0.087895	0.477159	0.006714	0.021105	0.001305	0.302152
83	0.095733	0.001633	0.003385	0.087950	0.484760	0.006566	0.020346	0.001253	0.298374
84	0.093022	0.001508	0.003200	0.087940	0.492356	0.006498	0.019714	0.001230	0.294532
85	0.090046	0.001478	0.003024	0.087779	0.499696	0.006369	0.018723	0.001165	0.291720
86	0.087712	0.001384	0.002801	0.087832	0.506897	0.006280	0.018031	0.001129	0.287934
87	0.084761	0.001325	0.002641	0.087559	0.514718	0.006149	0.017256	0.001030	0.284561
88	0.082072	0.001208	0.002432	0.087436	0.522525	0.006028	0.016517	0.001032	0.280750
89	0.079653	0.001124	0.002302	0.086910	0.530206	0.005871	0.015992	0.000995	0.276947
90	0.076900	0.001090	0.002087	0.086571	0.537915	0.005866	0.015293	0.000995	0.273283
91	0.074411	0.001026	0.001900	0.086294	0.545225	0.005757	0.014746	0.000974	0.269667
92	0.071891	0.000983	0.001814	0.086434	0.552335	0.005701	0.014035	0.000889	0.265918
93	0.069628	0.000922	0.001694	0.086366	0.558929	0.005682	0.013666	0.000852	0.262261
94	0.067209	0.000849	0.001580	0.086286	0.565946	0.005716	0.013066	0.000791	0.258557
95	0.064980	0.000824	0.001456	0.086365	0.572692	0.005578	0.012643	0.000719	0.254743
96	0.062804	0.000785	0.001328	0.086356	0.579677	0.005394	0.012265	0.000718	0.250673
97	0.060784	0.000699	0.001229	0.086379	0.586648	0.005330	0.011750	0.000660	0.246521
98	0.058574	0.000659	0.001181	0.086400	0.593700	0.005179	0.011322	0.000659	0.242326
99	0.056297	0.000595	0.001080	0.086587	0.599849	0.005197	0.010963	0.000630	0.238802
100	0.054233	0.000580	0.001014	0.086333	0.607393	0.005128	0.010382	0.000620	0.234317
101	0.052344	0.000576	0.000925	0.086155	0.614045	0.005088	0.010102	0.000578	0.230187
102	0.050584	0.000552	0.000862	0.086370	0.620492	0.005014	0.009681	0.000566	0.225879
103	0.048601	0.000492	0.000796	0.086256	0.626800	0.004947	0.009420	0.000501	0.222187
104	0.046775	0.000451	0.000731	0.085916	0.633237	0.004896	0.008989	0.000508	0.218497
105	0.044864	0.000404	0.000640	0.086091	0.639918	0.004876	0.008553	0.000473	0.214181
106	0.043537	0.000335	0.000623	0.085909	0.645931	0.004767	0.008092	0.000476	0.210330
107	0.042012	0.000318	0.000557	0.086396	0.651632	0.004620	0.007794	0.000450	0.206221
108	0.040269	0.000301	0.000518	0.086292	0.657666	0.004689	0.007664	0.000418	0.202183
109	0.038463	0.000261	0.000499	0.086666	0.663492	0.004508	0.007265	0.000433	0.198413
110	0.036886	0.000216	0.000462	0.087176	0.669271	0.004479	0.006902	0.000384	0.194224
111	0.035500	0.000188	0.000444	0.087112	0.674903	0.004440	0.006678	0.000341	0.190394
112	0.033941	0.000153	0.000431	0.087152	0.680407	0.004418	0.006397	0.000326	0.186775
113	0.032310	0.000118	0.000399	0.087028	0.685968	0.004366	0.006239	0.000310	0.183262
114	0.031044	0.000121	0.000376	0.086973	0.691369	0.004416	0.006029	0.000305	0.179367
115	0.029561	0.000118	0.000364	0.087231	0.696722	0.004311	0.005699	0.000291	0.175703
116	0.028275	0.000090	0.000322	0.087512	0.701918	0.004235	0.005469	0.000281	0.171898
117	0.026914	0.000075	0.000305	0.087349	0.707382	0.004172	0.005352	0.000259	0.168192
118	0.025959	0.000075	0.000275	0.087403	0.712668	0.004152	0.005093	0.000233	0.164142
119	0.024689	0.000058	0.000254	0.087478	0.717678	0.004074	0.004811	0.000210	0.160748
120	0.023531	0.000061	0.000238	0.087587	0.722594	0.004082	0.004542	0.000215	0.157150
121	0.022434	0.000049	0.000224	0.087317	0.727759	0.004069	0.004292	0.000211	0.153645
122	0.021387	0.000048	0.000213	0.087327	0.732555	0.004048	0.004102	0.000203	0.150117
123	0.020455	0.000033	0.000208	0.087309	0.737362	0.004012	0.003945	0.000191	0.146485
124	0.019383	0.000034	0.000189	0.087758	0.741617	0.003983	0.003780	0.000163	0.143093
125	0.018570	0.000026	0.000169	0.087803	0.746161	0.003919	0.003647	0.000151	0.139554
126	0.017634	0.000028	0.000139	0.087791	0.750709	0.003926	0.003540	0.000146	0.136087
127	0.016763	0.000031	0.000132	0.087639	0.755298	0.003973	0.003396	0.000128	0.132640
128	0.015864	0.000029	0.000118	0.087767	0.759779	0.003868	0.003225	0.000117	0.129233
129	0.015211	0.000029	0.000092	0.088043	0.763806	0.003930	0.003079	0.000121	0.125689
130	0.014515	0.000022	0.000082	0.088022	0.767902	0.003903	0.002959	0.000119	0.122476
131	0.013751	0.000019	0.000081	0.087938	0.772188	0.003932	0.002853	0.000114	0.119124
132	0.012981	0.000011	0.000082	0.088138	0.776141	0.003868	0.002727	0.000102	0.115950
133	0.012248	0.000012	0.000089	0.088243	0.780124	0.003824	0.002607	0.000102	0.112751
134	0.011641	0.000012	0.000084	0.088410	0.783659	0.003712	0.002524	0.000098	0.109860
135	0.010933	0.000012	0.000075	0.088588	0.787362	0.003778	0.002415	0.000095	0.106742
136	0.010314	0.000010	0.000073	0.088521	0.791415	0.003654	0.002308	0.000084	0.103621
137	0.009728	0.000009	0.000063	0.088785	0.794492	0.003730	0.002117	0.000075	0.101001
138	0.009108	0.000014	0.000065	0.088649	0.798080	0.003759	0.002036	0.000066	0.098223
139	0.008653	0.000016	0.000057	0.088445	0.801549	0.003785	0.001932	0.000065	0.095498
140	0.008245	0.000014	0.000046	0.088625	0.804758	0.003878	0.001865	0.000056	0.092513
141	0.007683	0.000014	0.000050	0.088760	0.808041	0.003833	0.001773	0.000060	0.089786
142	0.007379	0.000013	0.000040	0.088773	0.811023	0.003852	0.001658	0.000062	0.087200
143	0.006927	0.000009	0.000043	0.088573	0.814413	0.003860	0.001594	0.000058	0.084523
144	0.006600	0.000011	0.000044	0.088716	0.817144	0.003938	0.001485	0.000042	0.082020
145	0.006269	0.000014	0.000037	0.088789	0.819795	0.004014	0.001397	0.000040	0.079645
146	0.005865	0.000015	0.000035	0.088831	0.822837	0.003961	0.001302	0.000029	0.077125
147	0.005505	0.000013	0.000037	0.088737	0.825897	0.003974	0.001200	0.000028	0.074609
148	0.005256	0.000012	0.000047	0.088576	0.828675	0.004040	0.001114	0.000020	0.072260
149	0.004896	0.000010	0.000047	0.088709	0.831086	0.004043	0.001101	0.000017	0.070091
150	0.004571	0.000009	0.000038	0.089232	0.833353	0.004068	0.001038	0.000022	0.067669
151	0.004354	0.000007	0.000033	0.089268	0.835699	0.004051	0.001024	0.000020	0.065544
152	0.004104	0.000004	0.000027	0.089486	0.837918	0.004072	0.000994	0.000016	0.063379
153	0.003861	0.000000	0.000025	0.089363	0.840349	0.004085	0.000950	0.000009	0.061358
154	0.003656	0.000000	0.000021	0.089526	0.842466	0.004114	0.000871	0.000003	0.059343
155	0.003433	0.000000	0.000017	0.089337	0.844835	0.004169	0.000813	0.000000	0.057396
156	0.003272	0.000000	0.000016	0.089344	0.846929	0.004162	0.000823	0.000002	0.055452
157	0.003031	0.000000	0.000015	0.089195	0.849079	0.004151	0.000779	0.000000	0.053750
158	0.002865	0.000000	0.000017	0.089091	0.851094	0.004109	0.000696	0.000001	0.052127
159	0.002692	0.000000	0.000015	0.089191	0.853004	0.004103	0.000661	0.000002	0.050332
160	0.002521	0.000000	0.000017	0.089405	0.854865	0.004075	0.000621	0.000000	0.048496
161	0.002327	0.000000	0.000014	0.089437	0.856702	0.004044	0.000550	0.000000	0.046926
162	0.002216	0.000000	0.000011	0.089248	0.858544	0.004104	0.000532	0.000000	0.045345
163	0.002023	0.000000	0.000013	0.089125	0.860745	0.004025	0.000487	0.000000	0.043582
164	0.001883	0.000000	0.000018	0.089501	0.862262	0.003994	0.000425	0.000000	0.041917
165	0.001803	0.000000	0.000014	0.089412	0.863916	0.004095	0.000398	0.000000	0.040362
166	0.001713	0.000000	0.000015	0.089488	0.865317	0.004146	0.000381	0.000000	0.038940
167	0.001601	0.000000	0.000010	0.089471	0.867077	0.004143	0.000365	0.000000	0.037333
168	0.001520	0.000000	0.000010	0.089969	0.867844	0.004155	0.000363	0.000000	0.036139
169	0.001384	0.000000	0.000011	0.089710	0.869742	0.004098	0.000311	0.000000	0.034744
170	0.001311	0.000000	0.000010	0.089466	0.871503	0.004146	0.000266	0.000000	0.033298
171	0.001190	0.000000	0.000008	0.089298	0.873022	0.004118	0.000262	0.000000	0.032102
172	0.001166	0.000000	0.000005	0.089324	0.874355	0.004066	0.000233	0.000000	0.030851
173	0.001077	0.000000	0.000005	0.089128	0.875876	0.004126	0.000226	0.000000	0.029562
174	0.000978	0.000000	0.000004	0.089154	0.877260	0.003965	0.000220	0.000000	0.028419
175	0.000905	0.000000	0.000005	0.089176	0.878666	0.003918	0.000207	0.000000	0.027123
176	0.000858	0.000000	0.000004	0.088934	0.880053	0.003949	0.000169	0.000000	0.026033
177	0.000793	0.000000	0.000003	0.088662	0.881372	0.003953	0.000158	0.000000	0.025059
178	0.000719	0.000000	0.000002	0.088732	0.882500	0.003883	0.000138	0.000000	0.024026
179	0.000678	0.000000	0.000003	0.088452	0.883855	0.003864	0.000124	0.000000	0.023024
180	0.000596	0.000000	0.000003	0.088843	0.884409	0.003837	0.000136	0.000000	0.022176
181	0.000554	0.000000	0.000005	0.088662	0.885625	0.003817	0.000126	0.000000	0.021211
182	0.000509	0.000000	0.000003	0.088207	0.887087	0.003766	0.000122	0.000000	0.020306
183	0.000493	0.000000	0.000002	0.088463	0.887798	0.003778	0.000109	0.000000	0.019357
184	0.000445	0.000000	0.000003	0.088742	0.888459	0.003794	0.000093	0.000000	0.018464
185	0.000407	0.000000	0.000002	0.088897	0.889147	0.003804	0.000090	0.000000	0.017653
186	0.000382	0.000000	0.000002	0.088798	0.890079	0.003749	0.000081	0.000000	0.016909
187	0.000342	0.000000	0.000004	0.088757	0.890976	0.003671	0.000063	0.000000	0.016187
188	0.000307	0.000000	0.000004	0.089055	0.891378	0.003718	0.000062	0.000000	0.015476
189	0.000263	0.000000	0.000004	0.088918	0.892107	0.003805	0.000049	0.000000	0.014854
190	0.000254	0.000000	0.000004	0.088852	0.892815	0.003838	0.000050	0.000000	0.014187
191	0.000230	0.000000	0.000006	0.088680	0.893502	0.003883	0.000048	0.000000	0.013651
192	0.000191	0.000000	0.000005	0.088683	0.894029	0.003899	0.000046	0.000000	0.013147
193	0.000170	0.000000	0.000005	0.088807	0.894502	0.003868	0.000051	0.000000	0.012597
194	0.000179	0.000000	0.000007	0.088854	0.894993	0.003888	0.000044	0.000000	0.012035
195	0.000170	0.000000	0.000004	0.088615	0.895849	0.003847	0.000037	0.000000	0.011478
196	0.000157	0.000000	0.000004	0.088326	0.896675	0.003829	0.000029	0.000000	0.010980
197	0.000159	0.000000	0.000002	0.088441	0.897031	0.003856	0.000032	0.000000	0.010479
198	0.000150	0.000000	0.000003	0.088310	0.897639	0.003900	0.000032	0.000000	0.009966
199	0.000125	0.000000	0.000000	0.088365	0.898162	0.003844	0.000029	0.000000	0.009475
200	0.000124	0.000000	0.000000	0.088260	0.898657	0.003852	0.000029	0.000000	0.009078
201	0.000111	0.000000	0.000000	0.088168	0.899215	0.003858	0.000035	0.000000	0.008613
202	0.000089	0.000000	0.000000	0.088379	0.899495	0.003820	0.000036	0.000000	0.008181
203	0.000075	0.000000	0.000000	0.088183	0.900015	0.003935	0.000040	0.000000	0.007752
204	0.000073	0.000000	0.000000	0.088129	0.900395	0.003957	0.000039	0.000000	0.007407
205	0.000077	0.000000	0.000000	0.088002	0.900841	0.003962	0.000035	0.000000	0.007083
206	0.000068	0.000000	0.000000	0.087648	0.901529	0.003994	0.000030	0.000000	0.006731
207	0.000047	0.000000	0.000000	0.087520	0.901945	0.004003	0.000035	0.000000	0.006450
208	0.000047	0.000000	0.000000	0.087468	0.902309	0.003922	0.000033	0.000000	0.006221
209	0.000037	0.000000	0.000000	0.087643	0.902565	0.003901	0.000032	0.000000	0.005822
210	0.000031	0.000000	0.000000	0.087427	0.903136	0.003895	0.000028	0.000000	0.005483
211	0.000032	0.000000	0.000000	0.087442	0.903336	0.003912	0.000028	0.000000	0.005250
212	0.000033	0.000000	0.000000	0.087582	0.903390	0.003933	0.000030	0.000000	0.005032
213	0.000027	0.000000	0.000000	0.087552	0.903709	0.003931	0.000027	0.000000	0.004754
214	0.000032	0.000000	0.000000	0.087513	0.904048	0.003930	0.000023	0.000000	0.004454
215	0.000029	0.000000	0.000000	0.087446	0.904423	0.003873	0.000025	0.000000	0.004204
216	0.000026	0.000000	0.000000	0.087563	0.904670	0.003761	0.000023	0.000000	0.003957
217	0.000019	0.000000	0.000000	0.087453	0.905087	0.003667	0.000022	0.000000	0.003752
218	0.000013	0.000000	0.000000	0.087621	0.905133	0.003668	0.000023	0.000000	0.003542
219	0.000014	0.000000	0.000000	0.087306	0.905632	0.003628	0.000020	0.000000	0.003400
220	0.000013	0.000000	0.000000	0.087478	0.905655	0.003642	0.000028	0.000000	0.003184
221	0.000015	0.000000	0.000000	0.087229	0.906131	0.003619	0.000026	0.000000	0.002980
222	0.000017	0.000000	0.000000	0.087160	0.906389	0.003596	0.000026	0.000000	0.002812
223	0.000016	0.000000	0.000000	0.087338	0.906288	0.003630	0.000017	0.000000	0.002711
224	0.000012	0.000000	0.000000	0.087350	0.906449	0.003577	0.000010	0.000000	0.002602
225	0.000017	0.000000	0.000000	0.087548	0.906479	0.003488	0.000008	0.000000	0.002460
226	0.000023	0.000000	0.000000	0.087519	0.906636	0.003459	0.000007	0.000000	0.002356
227	0.000024	0.000000	0.000000	0.087425	0.906948	0.003412	0.000002	0.000000	0.002189
228	0.000022	0.000000	0.000000	0.087531	0.906792	0.003570	0.000000	0.000000	0.002085
229	0.000016	0.000000	0.000000	0.087360	0.907053	0.003600	0.000000	0.000000	0.001971
230	0.000010	0.000000	0.000000	0.087395	0.907081	0.003650	0.000000	0.000000	0.001864
231	0.000009	0.000000	0.000000	0.087211	0.907402	0.003590	0.000000	0.000000	0.001788
232	0.000012	0.000000	0.000000	0.086974	0.907761	0.003620	0.000000	0.000000	0.001633
233	0.000008	0.000000	0.000000	0.086841	0.907987	0.003633	0.000000	0.000000	0.001531
234	0.000005	0.000000	0.000000	0.086996	0.907951	0.003616	0.000000	0.000000	0.001432
235	0.000008	0.000000	0.000000	0.086920	0.907997	0.003727	0.000000	0.000000	0.001348
236	0.000007	0.000000	0.000000	0.086748	0.908322	0.003656	0.000000	0.000000	0.001267
237	0.000005	0.000000	0.000000	0.086685	0.908468	0.003658	0.000000	0.000000	0.001184
238	0.000003	0.000000	0.000000	0.086461	0.908717	0.003724	0.000000	0.000000	0.001095
239	0.000000	0.000000	0.000000	0.086635	0.908593	0.003739	0.000000	0.000000	0.001033
240	0.000000	0.000000	0.000000	0.086477	0.908867	0.003658	0.000000	0.000000	0.000998
241	0.000000	0.000000	0.000000	0.086766	0.908584	0.003668	0.000000	0.000000	0.000982
242	0.000000	0.000000	0.000000	0.086509	0.908847	0.003714	0.000000	0.000000	0.000930
243	0.000000	0.000000	0.000000	0.086501	0.908922	0.003679	0.000000	0.000000	0.000898
244	0.000000	0.000000	0.000000	0.086551	0.908906	0.003690	0.000000	0.000000	0.000853
245	0.000000	0.000000	0.000000	0.086516	0.908912	0.003782	0.000000	0.000000	0.000790
246	0.000000	0.000000	0.000000	0.086307	0.909197	0.003742	0.000000	0.000000	0.000754
247	0.000000	0.000000	0.000000	0.086532	0.908993	0.003789	0.000000	0.000000	0.000686
248	0.000000	0.000000	0.000000	0.086543	0.909122	0.003675	0.000000	0.000000	0.000660
249	0.000000	0.000000	0.000000	0.086721	0.908930	0.003745	0.000000	0.000000	0.000604
250	0.000000	0.000000	0.000000	0.086671	0.909024	0.003734	0.000000	0.000000	0.000571
251	0.000000	0.000000	0.000000	0.086904	0.908788	0.003761	0.000000	0.000000	0.000547
252	0.000000	0.000000	0.000000	0.086677	0.909087	0.003742	0.000000	0.000000	0.000494
253	0.000000	0.000000	0.000000	0.086697	0.909141	0.003680	0.000000	0.000000	0.000482
254	0.000000	0.000000	0.000000	0.086566	0.909201	0.003794	0.000000	0.000000	0.000439
255	0.000000	0.000000	0.000000	0.086606	0.909158	0.003824	0.000000	0.000000	0.000412
256	0.000000	0.000000	0.000000	0.086794	0.909001	0.003823	0.000000	0.000000	0.000382
257	0.000000	0.000000	0.000000	0.086823	0.908969	0.003837	0.000000	0.000000	0.000371
258	0.000000	0.000000	0.000000	0.086518	0.909345	0.003816	0.000000	0.000000	0.000321
259	0.000000	0.000000	0.000000	0.086401	0.909522	0.003780	0.000000	0.000000	0.000297
260	0.000000	0.000000	0.000000	0.086573	0.909286	0.003856	0.000000	0.000000	0.000285
261	0.000000	0.000000	0.000000	0.086265	0.909617	0.003861	0.000000	0.000000	0.000257
262	0.000000	0.000000	0.000000	0.086354	0.909623	0.003790	0.000000	0.000000	0.000233
263	0.000000	0.000000	0.000000	0.086254	0.909660	0.003868	0.000000	0.000000	0.000218
264	0.000000	0.000000	0.000000	0.086440	0.909596	0.003776	0.000000	0.000000	0.000188
265	0.000000	0.000000	0.000000	0.086335	0.909684	0.003807	0.000000	0.000000	0.000174
266	0.000000	0.000000	0.000000	0.086010	0.909996	0.003840	0.000000	0.000000	0.000154
267	0.000000	0.000000	0.000000	0.086024	0.909882	0.003937	0.000000	0.000000	0.000157
268	0.000000	0.000000	0.000000	0.086037	0.909881	0.003928	0.000000	0.000000	0.000154
269	0.000000	0.000000	0.000000	0.086095	0.909850	0.003920	0.000000	0.000000	0.000135
270	0.000000	0.000000	0.000000	0.086357	0.909560	0.003953	0.000000	0.000000	0.000130
271	0.000000	0.000000	0.000000	0.086625	0.909283	0.003987	0.000000	0.000000	0.000105
272	0.000000	0.000000	0.000000	0.086703	0.909219	0.003979	0.000000	0.000000	0.000099
273	0.000000	0.000000	0.000000	0.086733	0.909274	0.003906	0.000000	0.000000	0.000087
274	0.000000	0.000000	0.000000	0.086168	0.909876	0.003868	0.000000	0.000000	0.000088
275	0.000000	0.000000	0.000000	0.086437	0.909596	0.003884	0.000000	0.000000	0.000083
276	0.000000	0.000000	0.000000	0.086574	0.909455	0.003892	0.000000	0.000000	0.000079
277	0.000000	0.000000	0.000000	0.086434	0.909507	0.003998	0.000000	0.000000	0.000061
278	0.000000	0.000000	0.000000	0.086332	0.909550	0.004055	0.000000	0.000000	0.000063
279	0.000000	0.000000	0.000000	0.086064	0.909813	0.004068	0.000000	0.000000	0.000055
280	0.000000	0.000000	0.000000	0.085972	0.909903	0.004075	0.000000	0.000000	0.000050
281	0.000000	0.000000	0.000000	0.085680	0.910116	0.004153	0.000000	0.000000	0.000051
282	0.000000	0.000000	0.000000	0.085692	0.910207	0.004056	0.000000	0.000000	0.000045
283	0.000000	0.000000	0.000000	0.085865	0.910031	0.004065	0.000000	0.000000	0.000039
284	0.000000	0.000000	0.000000	0.085481	0.910514	0.003969	0.000000	0.000000	0.000036
285	0.000000	0.000000	0.000000	0.085463	0.910462	0.004041	0.000000	0.000000	0.000034
286	0.000000	0.000000	0.000000	0.085599	0.910339	0.004035	0.000000	0.000000	0.000027
287	0.000000	0.000000	0.000000	0.085751	0.910206	0.004020	0.000000	0.000000	0.000023
288	0.000000	0.000000	0.000000	0.085657	0.910376	0.003951	0.000000	0.000000	0.000016
289	0.000000	0.000000	0.000000	0.085475	0.910566	0.003940	0.000000	0.000000	0.000019
290	0.000000	0.000000	0.000000	0.085466	0.910524	0.003988	0.000000	0.000000	0.000022
291	0.000000	0.000000	0.000000	0.085386	0.910585	0.004010	0.000000	0.000000	0.000019
292	0.000000	0.000000	0.000000	0.085798	0.910198	0.003986	0.000000	0.000000	0.000018
293	0.000000	0.000000	0.000000	0.085849	0.910117	0.004016	0.000000	0.000000	0.000018
294	0.000000	0.000000	0.000000	0.085647	0.910236	0.004101	0.000000	0.000000	0.000016
295	0.000000	0.000000	0.000000	0.085267	0.910648	0.004074	0.000000	0.000000	0.000011
296	0.000000	0.000000	0.000000	0.085012	0.910967	0.004013	0.000000	0.000000	0.000008
297	0.000000	0.000000	0.000000	0.084990	0.911062	0.003941	0.000000	0.000000	0.000007
298	0.000000	0.000000	0.000000	0.085122	0.910901	0.003970	0.000000	0.000000	0.000007
299	0.000000	0.000000	0.000000	0.085506	0.910431	0.004058	0.000000	0.000000	0.000005
300	0.000000	0.000000	0.000000	0.085389	0.910585	0.004025	0.000000	0.000000	0.000001
301	0.000000	0.000000	0.000000	0.085139	0.910857	0.004003	0.000000	0.000000	0.000001
302	0.000000	0.000000	0.000000	0.085295	0.910718	0.003986	0.000000	0.000000	0.000001
303	0.000000	0.000000	0.000000	0.085114	0.910932	0.003953	0.000000	0.000000	0.000001
304	0.000000	0.000000	0.000000	0.085087	0.910964	0.003948	0.000000	0.000000	0.000001
305	0.000000	0.000000	0.000000	0.085006	0.911055	0.003938	0.000000	0.000000	0.000001
306	0.000000	0.000000	0.000000	0.084910	0.911192	0.003897	0.000000	0.000000	0.000001
307	0.000000	0.000000	0.000000	0.084713	0.911376	0.003910	0.000000	0.000000	0.000001
308	0.000000	0.000000	0.000000	0.084662	0.911537	0.003801	0.000000	0.000000	0.000000
309	0.000000	0.000000	0.000000	0.084884	0.911241	0.003875	0.000000	0.000000	0.000000
310	0.000000	0.000000	0.000000	0.084889	0.911220	0.003891	0.000000	0.000000	0.000000
311	0.000000	0.000000	0.000000	0.084957	0.911085	0.003958	0.000000	0.000000	0.000000
312	0.000000	0.000000	0.000000	0.084978	0.911098	0.003924	0.000000	0.000000	0.000000
313	0.000000	0.000000	0.000000	0.085076	0.910992	0.003932	0.000000	0.000000	0.000000
314	0.000000	0.000000	0.000000	0.085402	0.910654	0.003944	0.000000	0.000000	0.000000
315	0.000000	0.000000	0.000000	0.085708	0.910363	0.003929	0.000000	0.000000	0.000000
316	0.000000	0.000000	0.000000	0.085773	0.910289	0.003938	0.000000	0.000000	0.000000
317	0.000000	0.000000	0.000000	0.085785	0.910254	0.003961	0.000000	0.000000	0.000000
318	0.000000	0.000000	0.000000	0.085932	0.910139	0.003929	0.000000	0.000000	0.000000
319	0.000000	0.000000	0.000000	0.085529	0.910485	0.003986	0.000000	0.000000	0.000000
320	0.000000	0.000000	0.000000	0.085674	0.910299	0.004027	0.000000	0.000000	0.000000
321	0.000000	0.000000	0.000000	0.085891	0.910062	0.004047	0.000000	0.000000	0.000000
322	0.000000	0.000000	0.000000	0.085899	0.910100	0.004001	0.000000	0.000000	0.000000
323	0.000000	0.000000	0.000000	0.085838	0.910069	0.004093	0.000000	0.000000	0.000000
324	0.000000	0.000000	0.000000	0.085762	0.910176	0.004062	0.000000	0.000000	0.000000
325	0.000000	0.000000	0.000000	0.086077	0.909876	0.004047	0.000000	0.000000	0.000000
326	0.000000	0.000000	0.000000	0.085915	0.910042	0.004043	0.000000	0.000000	0.000000
327	0.000000	0.000000	0.000000	0.086023	0.909980	0.003997	0.000000	0.000000	0.000000
328	0.000000	0.000000	0.000000	0.085834	0.910154	0.004012	0.000000	0.000000	0.000000
329	0.000000	0.000000	0.000000	0.086123	0.909888	0.003989	0.000000	0.000000	0.000000
330	0.000000	0.000000	0.000000	0.086020	0.909874	0.004106	0.000000	0.000000	0.000000
331	0.000000	0.000000	0.000000	0.086020	0.909942	0.004038	0.000000	0.000000	0.000000
332	0.000000	0.000000	0.000000	0.085962	0.910052	0.003986	0.000000	0.000000	0.000000
333	0.000000	0.000000	0.000000	0.085947	0.910016	0.004037	0.000000	0.000000	0.000000
334	0.000000	0.000000	0.000000	0.085940	0.910033	0.004027	0.000000	0.000000	0.000000
335	0.000000	0.000000	0.000000	0.085714	0.910242	0.004044	0.000000	0.000000	0.000000
336	0.000000	0.000000	0.000000	0.085752	0.910268	0.003980	0.000000	0.000000	0.000000
337	0.000000	0.000000	0.000000	0.085829	0.910211	0.003960	0.000000	0.000000	0.000000
338	0.000000	0.000000	0.000000	0.086019	0.910134	0.003847	0.000000	0.000000	0.000000
339	0.000000	0.000000	0.000000	0.086015	0.910171	0.003814	0.000000	0.000000	0.000000
340	0.000000	0.000000	0.000000	0.086197	0.910075	0.003728	0.000000	0.000000	0.000000
341	0.000000	0.000000	0.000000	0.086515	0.909757	0.003728	0.000000	0.000000	0.000000
342	0.000000	0.000000	0.000000	0.086043	0.910201	0.003756	0.000000	0.000000	0.000000
343	0.000000	0.000000	0.000000	0.086249	0.910094	0.003657	0.000000	0.000000	0.000000
344	0.000000	0.000000	0.000000	0.086415	0.909898	0.003687	0.000000	0.000000	0.000000
345	0.000000	0.000000	0.000000	0.086344	0.909909	0.003747	0.000000	0.000000	0.000000
346	0.000000	0.000000	0.000000	0.086106	0.910189	0.003705	0.000000	0.000000	0.000000
347	0.000000	0.000000	0.000000	0.086243	0.910029	0.003728	0.000000	0.000000	0.000000
348	0.000000	0.000000	0.000000	0.086569	0.909721	0.003710	0.000000	0.000000	0.000000
349	0.000000	0.000000	0.000000	0.086717	0.909575	0.003708	0.000000	0.000000	0.000000
350	0.000000	0.000000	0.000000	0.086885	0.909391	0.003724	0.000000	0.000000	0.000000
351	0.000000	0.000000	0.000000	0.087026	0.909245	0.003729	0.000000	0.000000	0.000000
352	0.000000	0.000000	0.000000	0.087456	0.908774	0.003770	0.000000	0.000000	0.000000
353	0.000000	0.000000	0.000000	0.087620	0.908657	0.003723	0.000000	0.000000	0.000000
354	0.000000	0.000000	0.000000	0.087288	0.909006	0.003706	0.000000	0.000000	0.000000
355	0.000000	0.000000	0.000000	0.087404	0.908913	0.003683	0.000000	0.000000	0.000000
356	0.000000	0.000000	0.000000	0.087784	0.908545	0.003671	0.000000	0.000000	0.000000
357	0.000000	0.000000	0.000000	0.087647	0.908680	0.003673	0.000000	0.000000	0.000000
358	0.000000	0.000000	0.000000	0.087285	0.909083	0.003632	0.000000	0.000000	0.000000
359	0.000000	0.000000	0.000000	0.087146	0.909221	0.003633	0.000000	0.000000	0.000000
360	0.000000	0.000000	0.000000	0.087357	0.909111	0.003532	0.000000	0.000000	0.000000
361	0.000000	0.000000	0.000000	0.087347	0.909084	0.003569	0.000000	0.000000	0.000000
362	0.000000	0.000000	0.000000	0.087368	0.909014	0.003618	0.000000	0.000000	0.000000
363	0.000000	0.000000	0.000000	0.087083	0.909269	0.003648	0.000000	0.000000	0.000000
364	0.000000	0.000000	0.000000	0.087002	0.909411	0.003587	0.000000	0.000000	0.000000
365	0.000000	0.000000	0.000000	0.087068	0.909406	0.003526	0.000000	0.000000	0.000000
366	0.000000	0.000000	0.000000	0.086840	0.909551	0.003609	0.000000	0.000000	0.000000
367	0.000000	0.000000	0.000000	0.086824	0.909511	0.003665	0.000000	0.000000	0.000000
368	0.000000	0.000000	0.000000	0.086556	0.909886	0.003558	0.000000	0.000000	0.000000
369	0.000000	0.000000	0.000000	0.086668	0.909708	0.003624	0.000000	0.000000	0.000000
370	0.000000	0.000000	0.000000	0.086746	0.909637	0.003617	0.000000	0.000000	0.000000
371	0.000000	0.000000	0.000000	0.086499	0.909914	0.003587	0.000000	0.000000	0.000000
372	0.000000	0.000000	0.000000	0.086551	0.909863	0.003586	0.000000	0.000000	0.000000
373	0.000000	0.000000	0.000000	0.086810	0.909561	0.003629	0.000000	0.000000	0.000000
374	0.000000	0.000000	0.000000	0.086655	0.909775	0.003570	0.000000	0.000000	0.000000
375	0.000000	0.000000	0.000000	0.086607	0.909873	0.003520	0.000000	0.000000	0.000000
376	0.000000	0.000000	0.000000	0.086685	0.909868	0.003447	0.000000	0.000000	0.000000
377	0.000000	0.000000	0.000000	0.086780	0.909692	0.003528	0.000000	0.000000	0.000000
378	0.000000	0.000000	0.000000	0.086494	0.909974	0.003532	0.000000	0.000000	0.000000
379	0.000000	0.000000	0.000000	0.086657	0.909791	0.003552	0.000000	0.000000	0.000000
380	0.000000	0.000000	0.000000	0.086618	0.909950	0.003432	0.000000	0.000000	0.000000
381	0.000000	0.000000	0.000000	0.086512	0.910135	0.003353	0.000000	0.000000	0.000000
382	0.000000	0.000000	0.000000	0.086183	0.910449	0.003368	0.000000	0.000000	0.000000
383	0.000000	0.000000	0.000000	0.086125	0.910469	0.003406	0.000000	0.000000	0.000000
384	0.000000	0.000000	0.000000	0.086360	0.910230	0.003410	0.000000	0.000000	0.000000
385	0.000000	0.000000	0.000000	0.086366	0.910260	0.003374	0.000000	0.000000	0.000000
386	0.000000	0.000000	0.000000	0.086523	0.910174	0.003303	0.000000	0.000000	0.000000
387	0.000000	0.000000	0.000000	0.086445	0.910238	0.003317	0.000000	0.000000	0.000000
388	0.000000	0.000000	0.000000	0.086467	0.910231	0.003302	0.000000	0.000000	0.000000
389	0.000000	0.000000	0.000000	0.086434	0.910271	0.003295	0.000000	0.000000	0.000000
390	0.000000	0.000000	0.000000	0.086608	0.910074	0.003318	0.000000	0.000000	0.000000
391	0.000000	0.000000	0.000000	0.086422	0.910252	0.003326	0.000000	0.000000	0.000000
392	0.000000	0.000000	0.000000	0.086387	0.910315	0.003298	0.000000	0.000000	0.000000
393	0.000000	0.000000	0.000000	0.086289	0.910410	0.003301	0.000000	0.000000	0.000000
394	0.000000	0.000000	0.000000	0.086447	0.910186	0.003367	0.000000	0.000000	0.000000
395	0.000000	0.000000	0.000000	0.086428	0.910127	0.003445	0.000000	0.000000	0.000000
396	0.000000	0.000000	0.000000	0.086182	0.910396	0.003422	0.000000	0.000000	0.000000
397	0.000000	0.000000	0.000000	0.085936	0.910589	0.003475	0.000000	0.000000	0.000000
398	0.000000	0.000000	0.000000	0.086283	0.910283	0.003434	0.000000	0.000000	0.000000
399	0.000000	0.000000	0.000000	0.086166	0.910350	0.003484	0.000000	0.000000	0.000000
400	0.000000	0.000000	0.000000	0.086528	0.909958	0.003514	0.000000	0.000000	0.000000
401	0.000000	0.000000	0.000000	0.086637	0.909832	0.003531	0.000000	0.000000	0.000000
402	0.000000	0.000000	0.000000	0.086909	0.909571	0.003520	0.000000	0.000000	0.000000
403	0.000000	0.000000	0.000000	0.086988	0.909501	0.003511	0.000000	0.000000	0.000000
404	0.000000	0.000000	0.000000	0.086570	0.909903	0.003527	0.000000	0.000000	0.000000
405	0.000000	0.000000	0.000000	0.086609	0.909882	0.003509	0.000000	0.000000	0.000000
406	0.000000	0.000000	0.000000	0.086828	0.909617	0.003555	0.000000	0.000000	0.000000
407	0.000000	0.000000	0.000000	0.086351	0.910106	0.003543	0.000000	0.000000	0.000000
408	0.000000	0.000000	0.000000	0.086420	0.910056	0.003524	0.000000	0.000000	0.000000
409	0.000000	0.000000	0.000000	0.086596	0.909878	0.003526	0.000000	0.000000	0.000000
410	0.000000	0.000000	0.000000	0.086591	0.909859	0.003550	0.000000	0.000000	0.000000
411	0.000000	0.000000	0.000000	0.086486	0.909960	0.003554	0.000000	0.000000	0.000000
412	0.000000	0.000000	0.000000	0.086478	0.910069	0.003453	0.000000	0.000000	0.000000
413	0.000000	0.000000	0.000000	0.086304	0.910227	0.003469	0.000000	0.000000	0.000000
414	0.000000	0.000000	0.000000	0.086464	0.910049	0.003487	0.000000	0.000000	0.000000
415	0.000000	0.000000	0.000000	0.086059	0.910454	0.003487	0.000000	0.000000	0.000000
416	0.000000	0.000000	0.000000	0.086215	0.910358	0.003427	0.000000	0.000000	0.000000
417	0.000000	0.000000	0.000000	0.086361	0.910178	0.003461	0.000000	0.000000	0.000000
418	0.000000	0.000000	0.000000	0.086256	0.910273	0.003471	0.000000	0.000000	0.000000
419	0.000000	0.000000	0.000000	0.086066	0.910495	0.003439	0.000000	0.000000	0.000000
420	0.000000	0.000000	0.000000	0.086101	0.910425	0.003474	0.000000	0.000000	0.000000
421	0.000000	0.000000	0.000000	0.086019	0.910490	0.003491	0.000000	0.000000	0.000000
422	0.000000	0.000000	0.000000	0.085978	0.910590	0.003432	0.000000	0.000000	0.000000
423	0.000000	0.000000	0.000000	0.086408	0.910115	0.003477	0.000000	0.000000	0.000000
424	0.000000	0.000000	0.000000	0.086331	0.910092	0.003577	0.000000	0.000000	0.000000
425	0.000000	0.000000	0.000000	0.086684	0.909800	0.003516	0.000000	0.000000	0.000000
426	0.000000	0.000000	0.000000	0.086406	0.910033	0.003561	0.000000	0.000000	0.000000
427	0.000000	0.000000	0.000000	0.086617	0.909867	0.003516	0.000000	0.000000	0.000000
428	0.000000	0.000000	0.000000	0.086767	0.909657	0.003576	0.000000	0.000000	0.000000
429	0.000000	0.000000	0.000000	0.086630	0.909796	0.003574	0.000000	0.000000	0.000000
430	0.000000	0.000000	0.000000	0.086528	0.909907	0.003565	0.000000	0.000000	0.000000
431	0.000000	0.000000	0.000000	0.086563	0.909830	0.003607	0.000000	0.000000	0.000000
432	0.000000	0.000000	0.000000	0.086410	0.910134	0.003456	0.000000	0.000000	0.000000
433	0.000000	0.000000	0.000000	0.086905	0.909640	0.003455	0.000000	0.000000	0.000000
434	0.000000	0.000000	0.000000	0.086718	0.909742	0.003540	0.000000	0.000000	0.000000
435	0.000000	0.000000	0.000000	0.086793	0.909629	0.003578	0.000000	0.000000	0.000000
436	0.000000	0.000000	0.000000	0.086755	0.909703	0.003542	0.000000	0.000000	0.000000
437	0.000000	0.000000	0.000000	0.086933	0.909514	0.003553	0.000000	0.000000	0.000000
438	0.000000	0.000000	0.000000	0.087079	0.909420	0.003501	0.000000	0.000000	0.000000
439	0.000000	0.000000	0.000000	0.086986	0.909531	0.003483	0.000000	0.000000	0.000000
440	0.000000	0.000000	0.000000	0.087124	0.909344	0.003532	0.000000	0.000000	0.000000
441	0.000000	0.000000	0.000000	0.087133	0.909360	0.003507	0.000000	0.000000	0.000000
442	0.000000	0.000000	0.000000	0.087335	0.909188	0.003477	0.000000	0.000000	0.000000
443	0.000000	0.000000	0.000000	0.087399	0.909128	0.003473	0.000000	0.000000	0.000000
444	0.000000	0.000000	0.000000	0.087182	0.909361	0.003457	0.000000	0.000000	0.000000
445	0.000000	0.000000	0.000000	0.087552	0.908949	0.003499	0.000000	0.000000	0.000000
446	0.000000	0.000000	0.000000	0.087253	0.909271	0.003476	0.000000	0.000000	0.000000
447	0.000000	0.000000	0.000000	0.087346	0.909184	0.003470	0.000000	0.000000	0.000000
448	0.000000	0.000000	0.000000	0.087309	0.909199	0.003492	0.000000	0.000000	0.000000
449	0.000000	0.000000	0.000000	0.087544	0.908996	0.003460	0.000000	0.000000	0.000000
450	0.000000	0.000000	0.000000	0.087768	0.908784	0.003448	0.000000	0.000000	0.000000
451	0.000000	0.000000	0.000000	0.087995	0.908564	0.003441	0.000000	0.000000	0.000000
452	0.000000	0.000000	0.000000	0.087909	0.908638	0.003453	0.000000	0.000000	0.000000
453	0.000000	0.000000	0.000000	0.087903	0.908564	0.003533	0.000000	0.000000	0.000000
454	0.000000	0.000000	0.000000	0.088189	0.908194	0.003617	0.000000	0.000000	0.000000
455	0.000000	0.000000	0.000000	0.088096	0.908352	0.003552	0.000000	0.000000	0.000000
456	0.000000	0.000000	0.000000	0.087855	0.908552	0.003593	0.000000	0.000000	0.000000
457	0.000000	0.000000	0.000000	0.087752	0.908639	0.003609	0.000000	0.000000	0.000000
458	0.000000	0.000000	0.000000	0.087883	0.908510	0.003607	0.000000	0.000000	0.000000
459	0.000000	0.000000	0.000000	0.087804	0.908551	0.003645	0.000000	0.000000	0.000000
460	0.000000	0.000000	0.000000	0.087906	0.908502	0.003592	0.000000	0.000000	0.000000
461	0.000000	0.000000	0.000000	0.088094	0.908361	0.003545	0.000000	0.000000	0.000000
462	0.000000	0.000000	0.000000	0.087865	0.908680	0.003455	0.000000	0.000000	0.000000
463	0.000000	0.000000	0.000000	0.087899	0.908555	0.003546	0.000000	0.000000	0.000000
464	0.000000	0.000000	0.000000	0.087734	0.908757	0.003509	0.000000	0.000000	0.000000
465	0.000000	0.000000	0.000000	0.087423	0.909038	0.003539	0.000000	0.000000	0.000000
466	0.000000	0.000000	0.000000	0.087420	0.908966	0.003614	0.000000	0.000000	0.000000
467	0.000000	0.000000	0.000000	0.087370	0.909024	0.003606	0.000000	0.000000	0.000000
468	0.000000	0.000000	0.000000	0.087766	0.908658	0.003576	0.000000	0.000000	0.000000
469	0.000000	0.000000	0.000000	0.087680	0.908801	0.003519	0.000000	0.000000	0.000000
470	0.000000	0.000000	0.000000	0.087346	0.909165	0.003489	0.000000	0.000000	0.000000
