0	0.290663	0.057897	0.229473	0.157588	0.029913	0.111872	0.085455	0.012259	0.024880
1	0.233175	0.048426	0.200310	0.138338	0.028426	0.118524	0.119608	0.022980	0.090213
2	0.234478	0.047855	0.200508	0.130947	0.028247	0.114266	0.120841	0.023676	0.099182
3	0.240957	0.048310	0.203878	0.124486	0.028443	0.108369	0.119717	0.022927	0.102913
4	0.248605	0.048984	0.207286	0.118474	0.028946	0.102763	0.117038	0.022435	0.105469
5	0.257082	0.049747	0.209973	0.112293	0.029262	0.097414	0.114369	0.021307	0.108553
6	0.265717	0.050070	0.213274	0.106581	0.029682	0.091565	0.111911	0.020462	0.110738
7	0.274775	0.050296	0.216053	0.101453	0.030385	0.086211	0.108578	0.019739	0.112510
8	0.284237	0.050610	0.218201	0.096706	0.030983	0.080786	0.105648	0.018768	0.114061
9	0.292857	0.050896	0.220725	0.092085	0.031788	0.076266	0.102309	0.017897	0.115177
10	0.301306	0.050939	0.223062	0.087411	0.032698	0.071388	0.099318	0.016969	0.116909
11	0.309669	0.051303	0.224829	0.083511	0.033392	0.067432	0.095763	0.016301	0.117800
12	0.318256	0.051171	0.227051	0.079156	0.034277	0.063209	0.092404	0.015484	0.118992
13	0.327077	0.051013	0.228282	0.075205	0.035247	0.059429	0.089307	0.014577	0.119863
14	0.334638	0.051289	0.230178	0.071504	0.035706	0.056363	0.086070	0.013626	0.120626
15	0.342803	0.051544	0.231051	0.067878	0.036622	0.052778	0.083184	0.013044	0.121096
16	0.350628	0.051656	0.231704	0.064620	0.037726	0.049276	0.080173	0.012371	0.121846
17	0.358240	0.051815	0.233401	0.061037	0.038745	0.046333	0.076687	0.011630	0.122112
18	0.365608	0.051922	0.233264	0.058495	0.039991	0.043423	0.073721	0.010987	0.122589
19	0.372921	0.051991	0.233688	0.055634	0.040890	0.040846	0.070709	0.010507	0.122814
20	0.380007	0.051794	0.233747	0.052856	0.041777	0.038306	0.068201	0.009916	0.123396
21	0.386989	0.051458	0.233873	0.049983	0.043021	0.036028	0.065818	0.009344	0.123486
22	0.393058	0.051718	0.234064	0.047457	0.044494	0.033744	0.062901	0.008706	0.123858
23	0.399465	0.051582	0.233616	0.045170	0.045787	0.031613	0.060186	0.008364	0.124217
24	0.405856	0.051423	0.233459	0.043281	0.047120	0.029496	0.057537	0.007872	0.123956
25	0.411610	0.051080	0.233376	0.041128	0.048472	0.027438	0.055009	0.007509	0.124378
26	0.417420	0.050795	0.233212	0.038973	0.049996	0.025955	0.052732	0.007023	0.123894
27	0.422678	0.050666	0.232845	0.037025	0.051350	0.024386	0.050322	0.006727	0.124001
28	0.427595	0.050565	0.232506	0.035024	0.052792	0.022693	0.048147	0.006347	0.124331
29	0.433129	0.050227	0.231426	0.033389	0.054455	0.021421	0.045648	0.006013	0.124292
30	0.438210	0.049999	0.230933	0.031798	0.055964	0.020223	0.043557	0.005690	0.123626
31	0.442557	0.049769	0.229792	0.030412	0.057828	0.019093	0.041521	0.005337	0.123691
32	0.447625	0.049131	0.228868	0.028864	0.059770	0.017982	0.039725	0.005115	0.122920
33	0.452459	0.048679	0.227871	0.027475	0.061252	0.016994	0.037575	0.004849	0.122846
34	0.456261	0.048196	0.227358	0.026269	0.063344	0.015916	0.035981	0.004585	0.122090
35	0.459958	0.047863	0.226197	0.025035	0.065667	0.015058	0.034095	0.004367	0.121760
36	0.463743	0.047689	0.225078	0.023990	0.067273	0.014230	0.032620	0.004145	0.121232
37	0.467683	0.047150	0.223920	0.022767	0.069249	0.013418	0.030884	0.003824	0.121105
38	0.471399	0.046810	0.222363	0.022064	0.070989	0.012769	0.029438	0.003640	0.120528
39	0.474751	0.046467	0.221372	0.020818	0.073236	0.012083	0.028045	0.003422	0.119806
40	0.477402	0.046325	0.220475	0.020235	0.075328	0.011442	0.026628	0.003249	0.118916
41	0.480176	0.046231	0.219726	0.019317	0.077212	0.010654	0.025409	0.003063	0.118212
42	0.482907	0.045974	0.217893	0.018594	0.079633	0.010235	0.024200	0.002920	0.117644
43	0.485745	0.045505	0.216625	0.017805	0.082072	0.009600	0.022897	0.002724	0.117027
44	0.488197	0.045204	0.215126	0.017099	0.084190	0.009149	0.021821	0.002622	0.116592
45	0.490844	0.044889	0.213374	0.016351	0.086714	0.008544	0.020777	0.002520	0.115987
46	0.493365	0.044561	0.211389	0.015830	0.089364	0.008195	0.019831	0.002355	0.115110
47	0.495691	0.044343	0.209726	0.015300	0.092114	0.007646	0.018761	0.002262	0.114157
48	0.497447	0.044187	0.208698	0.014867	0.094545	0.007162	0.017843	0.002095	0.113156
49	0.499180	0.043788	0.207192	0.014412	0.097117	0.006863	0.016946	0.002009	0.112493
50	0.500515	0.043468	0.206264	0.013813	0.099847	0.006678	0.016164	0.001915	0.111336
51	0.502508	0.043054	0.204325	0.013307	0.102920	0.006362	0.015282	0.001866	0.110376
52	0.503538	0.042598	0.203214	0.012877	0.105951	0.006194	0.014421	0.001788	0.109419
53	0.505371	0.042207	0.201877	0.012584	0.108526	0.005864	0.013654	0.001637	0.108280
54	0.507432	0.041876	0.199190	0.012177	0.111602	0.005647	0.012844	0.001537	0.107695
55	0.508464	0.041487	0.198168	0.011653	0.114842	0.005374	0.012278	0.001443	0.106291
56	0.509308	0.041334	0.196539	0.011359	0.118080	0.005186	0.011649	0.001376	0.105169
57	0.510749	0.040937	0.194560	0.011038	0.121128	0.004983	0.011036	0.001345	0.104224
58	0.511297	0.040585	0.193444	0.010744	0.124381	0.004721	0.010504	0.001268	0.103056
59	0.511934	0.040386	0.191879	0.010356	0.127710	0.004581	0.010028	0.001159	0.101967
60	0.512895	0.039884	0.190496	0.010047	0.131129	0.004427	0.009583	0.001121	0.100418
61	0.512733	0.039345	0.189289	0.009747	0.135214	0.004238	0.009091	0.001101	0.099242
62	0.514158	0.038779	0.187313	0.009499	0.138544	0.004127	0.008561	0.001036	0.097983
63	0.514846	0.038513	0.185786	0.009209	0.142165	0.003887	0.008165	0.000994	0.096435
64	0.515492	0.037995	0.184270	0.009062	0.145675	0.003803	0.007739	0.000889	0.095075
65	0.515829	0.037588	0.182935	0.008819	0.149338	0.003775	0.007266	0.000817	0.093633
66	0.516408	0.036955	0.181014	0.008653	0.152967	0.003649	0.006874	0.000789	0.092691
67	0.515841	0.036624	0.179988	0.008439	0.156734	0.003490	0.006613	0.000750	0.091521
68	0.516167	0.036090	0.178432	0.008340	0.160316	0.003377	0.006263	0.000700	0.090315
69	0.515948	0.035734	0.176896	0.008022	0.164626	0.003328	0.005909	0.000650	0.088887
70	0.515526	0.035110	0.175619	0.007777	0.168525	0.003187	0.005580	0.000627	0.088049
71	0.514441	0.034760	0.174410	0.007674	0.172793	0.003066	0.005347	0.000597	0.086912
72	0.513646	0.034343	0.172856	0.007635	0.176933	0.002957	0.005131	0.000602	0.085897
73	0.513467	0.033736	0.171224	0.007458	0.180883	0.002965	0.004876	0.000527	0.084864
74	0.513270	0.033234	0.169247	0.007189	0.185022	0.002804	0.004671	0.000470	0.084093
75	0.512717	0.032852	0.167416	0.007228	0.189526	0.002684	0.004336	0.000472	0.082769
76	0.511822	0.032136	0.166148	0.007056	0.194120	0.002671	0.004048	0.000431	0.081568
77	0.511976	0.031854	0.163766	0.006839	0.198726	0.002468	0.003880	0.000401	0.080090
78	0.510608	0.031379	0.162579	0.006695	0.203211	0.002435	0.003645	0.000395	0.079053
79	0.509507	0.030902	0.161157	0.006704	0.208063	0.002424	0.003487	0.000366	0.077390
80	0.508727	0.030381	0.159760	0.006462	0.212501	0.002365	0.003322	0.000330	0.076152
81	0.506574	0.030113	0.158714	0.006348	0.217455	0.002336	0.003204	0.000332	0.074924
82	0.505821	0.029751	0.157175	0.006271	0.221759	0.002286	0.002989	0.000299	0.073649
83	0.504743	0.029138	0.155747	0.006297	0.226227	0.002242	0.002794	0.000302	0.072510
84	0.503262	0.028631	0.154352	0.006242	0.230848	0.002237	0.002663	0.000290	0.071475
85	0.501760	0.028195	0.152892	0.006121	0.235825	0.002104	0.002520	0.000275	0.070308
86	0.499509	0.027725	0.152062	0.006114	0.240908	0.002072	0.002376	0.000246	0.068988
87	0.498000	0.027328	0.150838	0.006016	0.245682	0.002083	0.002297	0.000233	0.067523
88	0.495719	0.026729	0.149470	0.005892	0.251258	0.002002	0.002096	0.000211	0.066623
89	0.494520	0.026243	0.147780	0.005738	0.256137	0.001877	0.001959	0.000200	0.065546
90	0.492162	0.025770	0.146509	0.005705	0.261562	0.001808	0.001876	0.000185	0.064423
91	0.490314	0.025306	0.145024	0.005645	0.266459	0.001810	0.001764	0.000181	0.063497
92	0.488539	0.024943	0.143593	0.005596	0.271509	0.001812	0.001677	0.000140	0.062191
93	0.486217	0.024867	0.142156	0.005530	0.276752	0.001747	0.001562	0.000163	0.061006
94	0.483202	0.024272	0.141659	0.005410	0.282391	0.001679	0.001454	0.000172	0.059761
95	0.481437	0.023881	0.140107	0.005370	0.287535	0.001588	0.001355	0.000153	0.058574
96	0.479418	0.023537	0.138325	0.005298	0.292971	0.001535	0.001290	0.000162	0.057464
97	0.477758	0.022989	0.136375	0.005242	0.298322	0.001459	0.001187	0.000155	0.056513
98	0.476105	0.022504	0.134662	0.005193	0.303725	0.001438	0.001114	0.000134	0.055125
99	0.473596	0.022224	0.133087	0.005087	0.309277	0.001448	0.001051	0.000118	0.054112
100	0.471326	0.021698	0.131670	0.005067	0.314930	0.001434	0.001006	0.000112	0.052757
101	0.468693	0.021397	0.130009	0.005039	0.320680	0.001429	0.000995	0.000115	0.051643
102	0.466488	0.021018	0.128528	0.005034	0.325800	0.001359	0.000968	0.000099	0.050706
103	0.463234	0.020749	0.127596	0.004989	0.331531	0.001273	0.000899	0.000087	0.049642
104	0.461727	0.020253	0.125522	0.005051	0.336678	0.001299	0.000818	0.000069	0.048583
105	0.458640	0.020029	0.124154	0.005019	0.342558	0.001285	0.000788	0.000063	0.047464
106	0.455775	0.019659	0.123063	0.005028	0.347959	0.001287	0.000760	0.000070	0.046399
107	0.452573	0.019332	0.121884	0.005053	0.353746	0.001293	0.000696	0.000070	0.045353
108	0.449373	0.019148	0.120468	0.005049	0.359618	0.001303	0.000647	0.000053	0.044341
109	0.445938	0.018740	0.119174	0.005047	0.365558	0.001296	0.000601	0.000059	0.043587
110	0.442270	0.018453	0.118102	0.004965	0.371796	0.001302	0.000543	0.000050	0.042519
111	0.439766	0.017951	0.116621	0.004958	0.377622	0.001278	0.000524	0.000046	0.041234
112	0.436764	0.017750	0.115060	0.004866	0.383386	0.001254	0.000503	0.000035	0.040382
113	0.433200	0.017479	0.113794	0.004924	0.389293	0.001259	0.000469	0.000033	0.039549
114	0.429955	0.017309	0.112567	0.004835	0.395195	0.001215	0.000371	0.000040	0.038513
115	0.426808	0.016786	0.111246	0.004794	0.401251	0.001269	0.000342	0.000029	0.037475
116	0.423462	0.016420	0.110051	0.004740	0.407146	0.001273	0.000348	0.000033	0.036527
117	0.420304	0.016056	0.108274	0.004729	0.413292	0.001272	0.000334	0.000031	0.035708
118	0.416812	0.015842	0.107108	0.004700	0.419241	0.001181	0.000325	0.000022	0.034769
119	0.413403	0.015467	0.105435	0.004549	0.425835	0.001165	0.000309	0.000027	0.033810
120	0.410145	0.015270	0.103895	0.004609	0.431644	0.001165	0.000301	0.000025	0.032946
121	0.406648	0.014877	0.102702	0.004592	0.437589	0.001163	0.000272	0.000017	0.032140
122	0.402776	0.014491	0.101683	0.004561	0.443384	0.001228	0.000274	0.000014	0.031589
123	0.398951	0.014229	0.100687	0.004513	0.449409	0.001234	0.000246	0.000015	0.030716
124	0.395291	0.013857	0.099209	0.004533	0.455669	0.001199	0.000200	0.000010	0.030032
125	0.391838	0.013730	0.097879	0.004455	0.461581	0.001191	0.000199	0.000011	0.029116
126	0.388482	0.013462	0.096621	0.004361	0.467437	0.001213	0.000198	0.000016	0.028210
127	0.384954	0.013161	0.095761	0.004342	0.472669	0.001221	0.000191	0.000014	0.027687
128	0.381823	0.012946	0.094130	0.004308	0.478661	0.001199	0.000164	0.000015	0.026754
129	0.377784	0.012556	0.093145	0.004335	0.484782	0.001113	0.000158	0.000011	0.026116
130	0.373911	0.012286	0.091959	0.004306	0.490756	0.001143	0.000133	0.000009	0.025497
131	0.369735	0.012026	0.090562	0.004263	0.497266	0.001134	0.000133	0.000005	0.024876
132	0.366235	0.011760	0.089467	0.004221	0.502909	0.001184	0.000124	0.000007	0.024093
133	0.362596	0.011436	0.088263	0.004189	0.508945	0.001125	0.000109	0.000002	0.023335
134	0.358812	0.011251	0.087000	0.004207	0.514825	0.001160	0.000093	0.000004	0.022648
135	0.354665	0.010865	0.085957	0.004230	0.521003	0.001109	0.000073	0.000005	0.022093
136	0.350844	0.010693	0.084760	0.004227	0.526766	0.001072	0.000074	0.000006	0.021558
137	0.346827	0.010485	0.083760	0.004370	0.532588	0.001087	0.000068	0.000005	0.020810
138	0.342615	0.010434	0.082466	0.004346	0.538759	0.001041	0.000069	0.000009	0.020261
139	0.338450	0.010085	0.081358	0.004357	0.544706	0.001103	0.000061	0.000010	0.019870
140	0.334409	0.009926	0.080099	0.004363	0.550738	0.001103	0.000041	0.000010	0.019311
141	0.330510	0.009785	0.078775	0.004301	0.556650	0.001077	0.000049	0.000009	0.018844
142	0.326680	0.009542	0.077939	0.004318	0.561957	0.001054	0.000049	0.000006	0.018455
143	0.323088	0.009259	0.076501	0.004299	0.567956	0.001016	0.000040	0.000005	0.017836
144	0.319155	0.009148	0.075542	0.004264	0.573564	0.000996	0.000040	0.000006	0.017285
145	0.315485	0.008850	0.074368	0.004303	0.579105	0.001000	0.000035	0.000008	0.016846
146	0.311505	0.008720	0.073179	0.004201	0.584831	0.000984	0.000026	0.000009	0.016545
147	0.307753	0.008714	0.071878	0.004222	0.590463	0.001003	0.000030	0.000007	0.015930
148	0.303609	0.008555	0.070713	0.004249	0.596413	0.000978	0.000027	0.000004	0.015452
149	0.300313	0.008240	0.069691	0.004262	0.601537	0.001034	0.000026	0.000001	0.014896
150	0.296396	0.008080	0.068772	0.004288	0.606985	0.001042	0.000016	0.000000	0.014421
151	0.292645	0.007868	0.067488	0.004398	0.612510	0.001031	0.000017	0.000001	0.014042
152	0.289063	0.007626	0.066494	0.004311	0.617853	0.001081	0.000016	0.000001	0.013555
153	0.285130	0.007500	0.065503	0.004283	0.623382	0.001071	0.000015	0.000000	0.013116
154	0.281301	0.007310	0.064809	0.004266	0.628519	0.001090	0.000017	0.000000	0.012688
155	0.277397	0.007106	0.063740	0.004288	0.633992	0.001100	0.000016	0.000000	0.012361
156	0.273585	0.007006	0.062788	0.004242	0.639313	0.001074	0.000012	0.000000	0.011980
157	0.269991	0.006834	0.061597	0.004362	0.644479	0.001033	0.000012	0.000000	0.011692
158	0.266062	0.006798	0.060159	0.004396	0.650139	0.001008	0.000012	0.000000	0.011426
159	0.262282	0.006701	0.059141	0.004281	0.655572	0.000950	0.000010	0.000000	0.011063
160	0.258851	0.006554	0.058062	0.004363	0.660414	0.000973	0.000016	0.000000	0.010767
161	0.255282	0.006275	0.057016	0.004346	0.665615	0.001000	0.000016	0.000000	0.010450
162	0.251033	0.006147	0.056220	0.004333	0.671088	0.001058	0.000012	0.000000	0.010109
163	0.247745	0.005955	0.055327	0.004346	0.675812	0.001098	0.000008	0.000000	0.009709
164	0.243864	0.005771	0.054156	0.004248	0.681488	0.001042	0.000010	0.000000	0.009421
165	0.240548	0.005734	0.053102	0.004293	0.686246	0.001023	0.000014	0.000000	0.009040
166	0.236519	0.005562	0.051952	0.004253	0.691860	0.001066	0.000012	0.000000	0.008776
167	0.232959	0.005342	0.051172	0.004237	0.696928	0.001047	0.000004	0.000000	0.008311
168	0.229197	0.005236	0.050532	0.004195	0.701666	0.001078	0.000006	0.000000	0.008090
169	0.225971	0.005092	0.049518	0.004199	0.706182	0.001116	0.000004	0.000000	0.007918
170	0.222518	0.004837	0.048652	0.004166	0.711036	0.001073	0.000003	0.000000	0.007715
171	0.219241	0.004750	0.047805	0.004239	0.715515	0.001087	0.000001	0.000000	0.007362
172	0.215716	0.004612	0.047219	0.004238	0.719944	0.001080	0.000004	0.000000	0.007187
173	0.211746	0.004474	0.046608	0.004272	0.724802	0.001102	0.000005	0.000000	0.006991
174	0.208401	0.004360	0.045567	0.004281	0.729560	0.001129	0.000006	0.000000	0.006696
175	0.204710	0.004331	0.044725	0.004300	0.734395	0.001124	0.000005	0.000000	0.006410
176	0.201339	0.004194	0.043840	0.004311	0.738932	0.001132	0.000003	0.000000	0.006249
177	0.198080	0.004098	0.043040	0.004315	0.743251	0.001155	0.000002	0.000000	0.006059
178	0.195044	0.004020	0.042345	0.004359	0.747233	0.001136	0.000002	0.000000	0.005861
179	0.191504	0.003835	0.041551	0.004372	0.751828	0.001173	0.000001	0.000000	0.005736
180	0.188068	0.003792	0.040936	0.004287	0.756190	0.001181	0.000000	0.000000	0.005546
181	0.184884	0.003639	0.040010	0.004267	0.760636	0.001191	0.000001	0.000000	0.005372
182	0.181802	0.003625	0.039530	0.004319	0.764389	0.001167	0.000001	0.000000	0.005167
183	0.178943	0.003557	0.038789	0.004372	0.768272	0.001187	0.000000	0.000000	0.004880
184	0.175708	0.003468	0.038113	0.004353	0.772561	0.001105	0.000000	0.000000	0.004692
185	0.172738	0.003333	0.037276	0.004275	0.776744	0.001128	0.000000	0.000000	0.004506
186	0.169537	0.003274	0.036597	0.004217	0.780964	0.001089	0.000000	0.000000	0.004322
187	0.166743	0.003155	0.035819	0.004148	0.784816	0.001161	0.000000	0.000000	0.004158
188	0.163301	0.003041	0.035193	0.004052	0.789249	0.001098	0.000000	0.000000	0.004066
189	0.160374	0.002902	0.034734	0.003991	0.792994	0.001137	0.000000	0.000000	0.003868
190	0.157407	0.002764	0.033763	0.003979	0.797242	0.001136	0.000000	0.000000	0.003709
191	0.154312	0.002685	0.033146	0.004039	0.801135	0.001140	0.000000	0.000000	0.003543
192	0.151731	0.002569	0.032303	0.004032	0.804855	0.001096	0.000000	0.000000	0.003414
193	0.148879	0.002441	0.031559	0.004002	0.808706	0.001138	0.000000	0.000000	0.003275
194	0.146378	0.002410	0.030916	0.004003	0.812028	0.001079	0.000000	0.000000	0.003186
195	0.143558	0.002393	0.030312	0.003994	0.815685	0.001059	0.000000	0.000000	0.002999
196	0.140590	0.002253	0.029832	0.003962	0.819531	0.001063	0.000000	0.000000	0.002769
197	0.137836	0.002223	0.029221	0.004019	0.822993	0.001035	0.000000	0.000000	0.002673
198	0.135072	0.002130	0.028576	0.004044	0.826537	0.001072	0.000000	0.000000	0.002569
199	0.132105	0.002089	0.028027	0.004003	0.830274	0.001070	0.000000	0.000000	0.002432
200	0.129262	0.002026	0.027367	0.004049	0.833914	0.001040	0.000000	0.000000	0.002342
201	0.126286	0.001888	0.026816	0.004015	0.837627	0.001074	0.000000	0.000000	0.002294
202	0.123527	0.001819	0.026404	0.004038	0.840941	0.001086	0.000000	0.000000	0.002185
203	0.120911	0.001803	0.025879	0.003955	0.844220	0.001125	0.000000	0.000000	0.002107
204	0.118262	0.001718	0.025361	0.003882	0.847688	0.001092	0.000000	0.000000	0.001997
205	0.115854	0.001662	0.024808	0.003882	0.850741	0.001109	0.000000	0.000000	0.001944
206	0.113418	0.001605	0.024286	0.003933	0.853813	0.001109	0.000000	0.000000	0.001836
207	0.110832	0.001582	0.023850	0.003915	0.856870	0.001146	0.000000	0.000000	0.001805
208	0.108318	0.001502	0.023374	0.003837	0.860088	0.001122	0.000000	0.000000	0.001759
209	0.105642	0.001501	0.022930	0.003841	0.863339	0.001126	0.000000	0.000000	0.001621
210	0.103450	0.001467	0.022302	0.003787	0.866363	0.001093	0.000000	0.000000	0.001538
211	0.100954	0.001413	0.021860	0.003798	0.869282	0.001129	0.000000	0.000000	0.001564
212	0.098926	0.001375	0.021304	0.003819	0.871971	0.001161	0.000000	0.000000	0.001444
213	0.096767	0.001319	0.020841	0.003763	0.874750	0.001151	0.000000	0.000000	0.001409
214	0.094297	0.001313	0.020362	0.003850	0.877661	0.001144	0.000000	0.000000	0.001373
215	0.092214	0.001250	0.020003	0.003838	0.880263	0.001128	0.000000	0.000000	0.001304
216	0.090174	0.001223	0.019518	0.003865	0.882821	0.001158	0.000000	0.000000	0.001241
217	0.088412	0.001210	0.019030	0.003827	0.885212	0.001137	0.000000	0.000000	0.001172
218	0.086453	0.001146	0.018537	0.003751	0.887835	0.001158	0.000000	0.000000	0.001120
219	0.084707	0.001081	0.018093	0.003778	0.890101	0.001169	0.000000	0.000000	0.001071
220	0.082707	0.000993	0.017639	0.003809	0.892673	0.001164	0.000000	0.000000	0.001015
221	0.080936	0.000959	0.017186	0.003793	0.894943	0.001195	0.000000	0.000000	0.000988
222	0.079059	0.000985	0.016753	0.003741	0.897333	0.001187	0.000000	0.000000	0.000942
223	0.077121	0.000967	0.016393	0.003727	0.899650	0.001191	0.000000	0.000000	0.000951
224	0.075229	0.000958	0.016082	0.003724	0.901914	0.001208	0.000000	0.000000	0.000885
225	0.073379	0.000903	0.015562	0.003802	0.904299	0.001204	0.000000	0.000000	0.000851
226	0.071509	0.000855	0.015097	0.003746	0.906785	0.001218	0.000000	0.000000	0.000790
227	0.069733	0.000798	0.014818	0.003820	0.908832	0.001242	0.000000	0.000000	0.000757
228	0.068145	0.000750	0.014339	0.003774	0.911005	0.001263	0.000000	0.000000	0.000724
229	0.066516	0.000740	0.013954	0.003763	0.913068	0.001262	0.000000	0.000000	0.000697
230	0.064596	0.000709	0.013494	0.003836	0.915432	0.001261	0.000000	0.000000	0.000672
231	0.063124	0.000691	0.013240	0.003718	0.917303	0.001263	0.000000	0.000000	0.000661
232	0.061439	0.000623	0.012963	0.003765	0.919353	0.001237	0.000000	0.000000	0.000620
233	0.059890	0.000604	0.012679	0.003782	0.921157	0.001279	0.000000	0.000000	0.000609
234	0.058222	0.000564	0.012411	0.003797	0.923141	0.001299	0.000000	0.000000	0.000566
235	0.056573	0.000534	0.012231	0.003802	0.925085	0.001241	0.000000	0.000000	0.000534
236	0.055227	0.000529	0.011979	0.003822	0.926687	0.001239	0.000000	0.000000	0.000517
237	0.053942	0.000515	0.011589	0.003811	0.928373	0.001274	0.000000	0.000000	0.000496
238	0.052675	0.000491	0.011333	0.003803	0.929946	0.001232	0.000000	0.000000	0.000520
239	0.051302	0.000488	0.010952	0.003826	0.931745	0.001193	0.000000	0.000000	0.000494
240	0.050033	0.000449	0.010754	0.003859	0.933269	0.001187	0.000000	0.000000	0.000449
241	0.048553	0.000429	0.010558	0.003833	0.934986	0.001198	0.000000	0.000000	0.000443
242	0.047489	0.000414	0.010237	0.003869	0.936388	0.001192	0.000000	0.000000	0.000411
243	0.046141	0.000379	0.009907	0.003923	0.937974	0.001248	0.000000	0.000000	0.000428
244	0.045074	0.000337	0.009702	0.003922	0.939411	0.001206	0.000000	0.000000	0.000348
245	0.044011	0.000305	0.009481	0.003936	0.940728	0.001203	0.000000	0.000000	0.000336
246	0.042817	0.000297	0.009198	0.003936	0.942249	0.001191	0.000000	0.000000	0.000312
247	0.041594	0.000281	0.008834	0.003935	0.943900	0.001158	0.000000	0.000000	0.000298
248	0.040513	0.000271	0.008635	0.003936	0.945199	0.001162	0.000000	0.000000	0.000284
249	0.039446	0.000277	0.008421	0.003982	0.946474	0.001121	0.000000	0.000000	0.000279
250	0.038414	0.000253	0.008130	0.004027	0.947786	0.001117	0.000000	0.000000	0.000273
251	0.037304	0.000240	0.007978	0.003936	0.949183	0.001099	0.000000	0.000000	0.000260
252	0.036132	0.000239	0.007847	0.003933	0.950493	0.001100	0.000000	0.000000	0.000256
253	0.034995	0.000212	0.007600	0.004031	0.951768	0.001132	0.000000	0.000000	0.000262
254	0.034181	0.000203	0.007341	0.003961	0.952930	0.001142	0.000000	0.000000	0.000242
255	0.033175	0.000213	0.007188	0.003993	0.954059	0.001137	0.000000	0.000000	0.000235
256	0.031962	0.000214	0.007096	0.003994	0.955386	0.001149	0.000000	0.000000	0.000199
257	0.031051	0.000190	0.006848	0.003991	0.956590	0.001152	0.000000	0.000000	0.000178
258	0.029968	0.000157	0.006677	0.004004	0.957824	0.001180	0.000000	0.000000	0.000190
259	0.028989	0.000138	0.006558	0.004031	0.958962	0.001144	0.000000	0.000000	0.000178
260	0.028157	0.000130	0.006381	0.004042	0.959961	0.001170	0.000000	0.000000	0.000159
261	0.027335	0.000105	0.006157	0.004018	0.961035	0.001199	0.000000	0.000000	0.000151
262	0.026414	0.000091	0.006045	0.004029	0.962056	0.001210	0.000000	0.000000	0.000155
263	0.025546	0.000077	0.005923	0.004080	0.963032	0.001194	0.000000	0.000000	0.000148
264	0.024710	0.000069	0.005794	0.004120	0.963981	0.001197	0.000000	0.000000	0.000129
265	0.023929	0.000051	0.005643	0.004175	0.964912	0.001164	0.000000	0.000000	0.000126
266	0.023233	0.000051	0.005448	0.004274	0.965697	0.001187	0.000000	0.000000	0.000110
267	0.022328	0.000036	0.005333	0.004256	0.966721	0.001229	0.000000	0.000000	0.000097
268	0.021596	0.000042	0.005257	0.004190	0.967587	0.001229	0.000000	0.000000	0.000099
269	0.020931	0.000036	0.005123	0.004182	0.968463	0.001179	0.000000	0.000000	0.000086
270	0.020185	0.000024	0.004944	0.004206	0.969349	0.001191	0.000000	0.000000	0.000101
271	0.019561	0.000020	0.004830	0.004239	0.970040	0.001212	0.000000	0.000000	0.000098
272	0.018889	0.000017	0.004664	0.004209	0.970938	0.001175	0.000000	0.000000	0.000108
273	0.018259	0.000014	0.004451	0.004146	0.971880	0.001141	0.000000	0.000000	0.000109
274	0.017838	0.000010	0.004263	0.004092	0.972518	0.001168	0.000000	0.000000	0.000111
275	0.017217	0.000009	0.004115	0.004162	0.973225	0.001156	0.000000	0.000000	0.000116
276	0.016697	0.000009	0.003899	0.004201	0.973923	0.001163	0.000000	0.000000	0.000108
277	0.016148	0.000010	0.003762	0.004224	0.974617	0.001134	0.000000	0.000000	0.000105
278	0.015630	0.000007	0.003612	0.004195	0.975379	0.001081	0.000000	0.000000	0.000096
279	0.015123	0.000005	0.003520	0.004189	0.975932	0.001139	0.000000	0.000000	0.000092
280	0.014699	0.000005	0.003410	0.004250	0.976415	0.001129	0.000000	0.000000	0.000092
281	0.014260	0.000006	0.003326	0.004338	0.976866	0.001116	0.000000	0.000000	0.000088
282	0.013622	0.000007	0.003179	0.004355	0.977628	0.001129	0.000000	0.000000	0.000080
283	0.013181	0.000003	0.003064	0.004307	0.978226	0.001150	0.000000	0.000000	0.000069
284	0.012896	0.000002	0.002905	0.004304	0.978707	0.001118	0.000000	0.000000	0.000068
285	0.012519	0.000001	0.002780	0.004300	0.979235	0.001105	0.000000	0.000000	0.000060
286	0.012015	0.000001	0.002684	0.004288	0.979828	0.001123	0.000000	0.000000	0.000061
287	0.011583	0.000000	0.002531	0.004304	0.980400	0.001131	0.000000	0.000000	0.000051
288	0.011233	0.000000	0.002426	0.004283	0.980898	0.001112	0.000000	0.000000	0.000048
289	0.010924	0.000000	0.002354	0.004256	0.981269	0.001146	0.000000	0.000000	0.000051
290	0.010564	0.000000	0.002252	0.004280	0.981680	0.001178	0.000000	0.000000	0.000046
291	0.010264	0.000000	0.002217	0.004281	0.982025	0.001173	0.000000	0.000000	0.000040
292	0.009877	0.000000	0.002117	0.004342	0.982465	0.001160	0.000000	0.000000	0.000039
293	0.009527	0.000000	0.002050	0.004304	0.982891	0.001180	0.000000	0.000000	0.000048
294	0.009145	0.000000	0.001959	0.004360	0.983309	0.001167	0.000000	0.000000	0.000060
295	0.008825	0.000000	0.001911	0.004288	0.983747	0.001182	0.000000	0.000000	0.000047
296	0.008559	0.000000	0.001813	0.004293	0.984126	0.001157	0.000000	0.000000	0.000052
297	0.008190	0.000000	0.001703	0.004349	0.984541	0.001159	0.000000	0.000000	0.000058
298	0.007927	0.000000	0.001588	0.004349	0.984935	0.001147	0.000000	0.000000	0.000054
299	0.007666	0.000000	0.001577	0.004372	0.985185	0.001155	0.000000	0.000000	0.000045
300	0.007379	0.000000	0.001536	0.004259	0.985607	0.001177	0.000000	0.000000	0.000042
301	0.007036	0.000000	0.001496	0.004296	0.985963	0.001171	0.000000	0.000000	0.000038
302	0.006699	0.000000	0.001424	0.004367	0.986326	0.001138	0.000000	0.000000	0.000046
303	0.006490	0.000000	0.001365	0.004369	0.986551	0.001180	0.000000	0.000000	0.000045
304	0.006223	0.000000	0.001345	0.004436	0.986756	0.001195	0.000000	0.000000	0.000045
305	0.006004	0.000000	0.001286	0.004394	0.987068	0.001219	0.000000	0.000000	0.000029
306	0.005889	0.000000	0.001222	0.004350	0.987297	0.001211	0.000000	0.000000	0.000031
307	0.005690	0.000000	0.001194	0.004414	0.987467	0.001204	0.000000	0.000000	0.000031
308	0.005484	0.000000	0.001169	0.004470	0.987629	0.001213	0.000000	0.000000	0.000035
309	0.005232	0.000000	0.001127	0.004457	0.987946	0.001203	0.000000	0.000000	0.000035
310	0.005044	0.000000	0.001036	0.004474	0.988182	0.001224	0.000000	0.000000	0.000040
311	0.004787	0.000000	0.001006	0.004439	0.988500	0.001226	0.000000	0.000000	0.000042
312	0.004603	0.000000	0.000908	0.004463	0.988788	0.001200	0.000000	0.000000	0.000038
313	0.004425	0.000000	0.000890	0.004453	0.989008	0.001189	0.000000	0.000000	0.000035
314	0.004278	0.000000	0.000859	0.004366	0.989300	0.001152	0.000000	0.000000	0.000045
315	0.004091	0.000000	0.000826	0.004417	0.989538	0.001098	0.000000	0.000000	0.000030
316	0.003932	0.000000	0.000789	0.004332	0.989813	0.001103	0.000000	0.000000	0.000031
317	0.003766	0.000000	0.000744	0.004330	0.990022	0.001105	0.000000	0.000000	0.000033
318	0.003664	0.000000	0.000728	0.004285	0.990172	0.001123	0.000000	0.000000	0.000028
319	0.003544	0.000000	0.000714	0.004375	0.990253	0.001095	0.000000	0.000000	0.000019
320	0.003482	0.000000	0.000645	0.004291	0.990445	0.001126	0.000000	0.000000	0.000011
321	0.003334	0.000000	0.000622	0.004270	0.990647	0.001113	0.000000	0.000000	0.000014
322	0.003171	0.000000	0.000613	0.004312	0.990785	0.001110	0.000000	0.000000	0.000009
323	0.003066	0.000000	0.000589	0.004319	0.990908	0.001111	0.000000	0.000000	0.000007
324	0.002952	0.000000	0.000581	0.004305	0.991017	0.001139	0.000000	0.000000	0.000006
325	0.002793	0.000000	0.000546	0.004363	0.991184	0.001107	0.000000	0.000000	0.000007
326	0.002684	0.000000	0.000522	0.004349	0.991341	0.001098	0.000000	0.000000	0.000006
327	0.002548	0.000000	0.000500	0.004249	0.991577	0.001122	0.000000	0.000000	0.000004
328	0.002452	0.000000	0.000480	0.004308	0.991602	0.001154	0.000000	0.000000	0.000004
329	0.002362	0.000000	0.000449	0.004308	0.991670	0.001207	0.000000	0.000000	0.000004
330	0.002291	0.000000	0.000428	0.004296	0.991773	0.001209	0.000000	0.000000	0.000003
331	0.002141	0.000000	0.000411	0.004314	0.991910	0.001218	0.000000	0.000000	0.000006
332	0.002041	0.000000	0.000406	0.004276	0.992070	0.001197	0.000000	0.000000	0.000010
333	0.001926	0.000000	0.000405	0.004324	0.992149	0.001189	0.000000	0.000000	0.000007
334	0.001875	0.000000	0.000371	0.004257	0.992278	0.001215	0.000000	0.000000	0.000004
335	0.001798	0.000000	0.000344	0.004248	0.992386	0.001219	0.000000	0.000000	0.000005
336	0.001699	0.000000	0.000330	0.004404	0.992316	0.001248	0.000000	0.000000	0.000003
337	0.001664	0.000000	0.000322	0.004419	0.992319	0.001275	0.000000	0.000000	0.000001
338	0.001580	0.000000	0.000315	0.004456	0.992394	0.001253	0.000000	0.000000	0.000002
339	0.001531	0.000000	0.000293	0.004440	0.992425	0.001308	0.000000	0.000000	0.000003
340	0.001445	0.000000	0.000254	0.004447	0.992540	0.001308	0.000000	0.000000	0.000006
341	0.001390	0.000000	0.000238	0.004445	0.992646	0.001276	0.000000	0.000000	0.000005
342	0.001333	0.000000	0.000212	0.004452	0.992761	0.001235	0.000000	0.000000	0.000007
343	0.001295	0.000000	0.000191	0.004451	0.992807	0.001249	0.000000	0.000000	0.000007
344	0.001229	0.000000	0.000173	0.004480	0.992886	0.001224	0.000000	0.000000	0.000008
345	0.001183	0.000000	0.000159	0.004521	0.992929	0.001200	0.000000	0.000000	0.000008
346	0.001161	0.000000	0.000155	0.004410	0.993068	0.001196	0.000000	0.000000	0.000010
347	0.001123	0.000000	0.000154	0.004402	0.993082	0.001230	0.000000	0.000000	0.000009
348	0.001076	0.000000	0.000150	0.004350	0.993196	0.001219	0.000000	0.000000	0.000009
349	0.001030	0.000000	0.000133	0.004364	0.993255	0.001208	0.000000	0.000000	0.000010
350	0.000986	0.000000	0.000134	0.004375	0.993293	0.001206	0.000000	0.000000	0.000006
351	0.000948	0.000000	0.000127	0.004288	0.993367	0.001261	0.000000	0.000000	0.000009
352	0.000891	0.000000	0.000103	0.004262	0.993562	0.001171	0.000000	0.000000	0.000011
353	0.000854	0.000000	0.000103	0.004296	0.993493	0.001245	0.000000	0.000000	0.000009
354	0.000814	0.000000	0.000102	0.004274	0.993590	0.001209	0.000000	0.000000	0.000011
355	0.000772	0.000000	0.000088	0.004291	0.993624	0.001213	0.000000	0.000000	0.000012
356	0.000726	0.000000	0.000090	0.004264	0.993663	0.001247	0.000000	0.000000	0.000010
357	0.000700	0.000000	0.000078	0.004283	0.993709	0.001218	0.000000	0.000000	0.000012
358	0.000683	0.000000	0.000072	0.004199	0.993806	0.001233	0.000000	0.000000	0.000007
359	0.000648	0.000000	0.000063	0.004216	0.993775	0.001290	0.000000	0.000000	0.000008
360	0.000617	0.000000	0.000064	0.004247	0.993791	0.001277	0.000000	0.000000	0.000004
361	0.000592	0.000000	0.000055	0.004131	0.993939	0.001280	0.000000	0.000000	0.000003
362	0.000576	0.000000	0.000057	0.004200	0.993865	0.001301	0.000000	0.000000	0.000001
363	0.000548	0.000000	0.000048	0.004271	0.993849	0.001282	0.000000	0.000000	0.000002
364	0.000533	0.000000	0.000058	0.004229	0.993918	0.001261	0.000000	0.000000	0.000001
365	0.000515	0.000000	0.000052	0.004219	0.993986	0.001228	0.000000	0.000000	0.000000
366	0.000471	0.000000	0.000046	0.004252	0.993958	0.001272	0.000000	0.000000	0.000001
367	0.000473	0.000000	0.000039	0.004212	0.994006	0.001269	0.000000	0.000000	0.000001
368	0.000435	0.000000	0.000039	0.004182	0.994053	0.001291	0.000000	0.000000	0.000000
369	0.000432	0.000000	0.000036	0.004173	0.994038	0.001320	0.000000	0.000000	0.000001
370	0.000399	0.000000	0.000037	0.004190	0.994006	0.001367	0.000000	0.000000	0.000001
371	0.000384	0.000000	0.000042	0.004168	0.993975	0.001428	0.000000	0.000000	0.000003
372	0.000365	0.000000	0.000034	0.004154	0.993976	0.001470	0.000000	0.000000	0.000001
373	0.000353	0.000000	0.000041	0.004132	0.994021	0.001452	0.000000	0.000000	0.000001
374	0.000353	0.000000	0.000044	0.004187	0.993974	0.001442	0.000000	0.000000	0.000000
375	0.000331	0.000000	0.000039	0.004218	0.993965	0.001445	0.000000	0.000000	0.000002
376	0.000302	0.000000	0.000034	0.004195	0.994088	0.001381	0.000000	0.000000	0.000000
377	0.000300	0.000000	0.000033	0.004165	0.994094	0.001407	0.000000	0.000000	0.000001
378	0.000273	0.000000	0.000030	0.004207	0.994023	0.001466	0.000000	0.000000	0.000001
379	0.000264	0.000000	0.000025	0.004138	0.994141	0.001431	0.000000	0.000000	0.000001
380	0.000272	0.000000	0.000025	0.004148	0.994125	0.001430	0.000000	0.000000	0.000000
381	0.000268	0.000000	0.000022	0.004091	0.994167	0.001452	0.000000	0.000000	0.000000
382	0.000244	0.000000	0.000015	0.004066	0.994271	0.001404	0.000000	0.000000	0.000000
383	0.000255	0.000000	0.000015	0.004122	0.994214	0.001394	0.000000	0.000000	0.000000
384	0.000254	0.000000	0.000009	0.004157	0.994240	0.001340	0.000000	0.000000	0.000000
385	0.000250	0.000000	0.000006	0.004152	0.994229	0.001363	0.000000	0.000000	0.000000
386	0.000253	0.000000	0.000007	0.004199	0.994231	0.001310	0.000000	0.000000	0.000000
387	0.000233	0.000000	0.000009	0.004239	0.994180	0.001339	0.000000	0.000000	0.000000
388	0.000241	0.000000	0.000009	0.004255	0.994206	0.001289	0.000000	0.000000	0.000000
389	0.000243	0.000000	0.000009	0.004332	0.994135	0.001281	0.000000	0.000000	0.000000
390	0.000244	0.000000	0.000003	0.004277	0.994214	0.001262	0.000000	0.000000	0.000000
391	0.000234	0.000000	0.000002	0.004281	0.994169	0.001314	0.000000	0.000000	0.000000
392	0.000205	0.000000	0.000005	0.004333	0.994167	0.001290	0.000000	0.000000	0.000000
393	0.000190	0.000000	0.000003	0.004333	0.994251	0.001223	0.000000	0.000000	0.000000
394	0.000178	0.000000	0.000003	0.004304	0.994272	0.001243	0.000000	0.000000	0.000000
395	0.000170	0.000000	0.000002	0.004295	0.994302	0.001231	0.000000	0.000000	0.000000
396	0.000175	0.000000	0.000002	0.004308	0.994302	0.001213	0.000000	0.000000	0.000000
397	0.000156	0.000000	0.000000	0.004261	0.994389	0.001194	0.000000	0.000000	0.000000
398	0.000149	0.000000	0.000000	0.004310	0.994381	0.001160	0.000000	0.000000	0.000000
399	0.000152	0.000000	0.000000	0.004309	0.994347	0.001192	0.000000	0.000000	0.000000
400	0.000136	0.000000	0.000000	0.004331	0.994293	0.001240	0.000000	0.000000	0.000000
401	0.000127	0.000000	0.000000	0.004284	0.994406	0.001183	0.000000	0.000000	0.000000
402	0.000130	0.000000	0.000000	0.004248	0.994426	0.001196	0.000000	0.000000	0.000000
403	0.000131	0.000000	0.000000	0.004211	0.994481	0.001177	0.000000	0.000000	0.000000
404	0.000123	0.000000	0.000000	0.004217	0.994470	0.001190	0.000000	0.000000	0.000000
405	0.000122	0.000000	0.000000	0.004154	0.994566	0.001158	0.000000	0.000000	0.000000
406	0.000117	0.000000	0.000000	0.004166	0.994559	0.001158	0.000000	0.000000	0.000000
407	0.000099	0.000000	0.000000	0.004133	0.994613	0.001155	0.000000	0.000000	0.000000
408	0.000103	0.000000	0.000000	0.004095	0.994613	0.001189	0.000000	0.000000	0.000000
409	0.000102	0.000000	0.000000	0.004062	0.994695	0.001141	0.000000	0.000000	0.000000
410	0.000097	0.000000	0.000000	0.004138	0.994564	0.001201	0.000000	0.000000	0.000000
411	0.000103	0.000000	0.000000	0.004142	0.994612	0.001143	0.000000	0.000000	0.000000
412	0.000099	0.000000	0.000000	0.004064	0.994728	0.001109	0.000000	0.000000	0.000000
413	0.000096	0.000000	0.000000	0.004054	0.994741	0.001109	0.000000	0.000000	0.000000
414	0.000093	0.000000	0.000000	0.004057	0.994717	0.001133	0.000000	0.000000	0.000000
415	0.000088	0.000000	0.000000	0.004063	0.994709	0.001140	0.000000	0.000000	0.000000
416	0.000073	0.000000	0.000000	0.004138	0.994650	0.001139	0.000000	0.000000	0.000000
417	0.000071	0.000000	0.000000	0.004132	0.994616	0.001181	0.000000	0.000000	0.000000
418	0.000067	0.000000	0.000000	0.004111	0.994643	0.001179	0.000000	0.000000	0.000000
419	0.000071	0.000000	0.000000	0.004168	0.994606	0.001155	0.000000	0.000000	0.000000
420	0.000066	0.000000	0.000000	0.004230	0.994534	0.001170	0.000000	0.000000	0.000000
421	0.000063	0.000000	0.000000	0.004224	0.994584	0.001129	0.000000	0.000000	0.000000
422	0.000045	0.000000	0.000000	0.004207	0.994589	0.001159	0.000000	0.000000	0.000000
423	0.000045	0.000000	0.000000	0.004179	0.994606	0.001170	0.000000	0.000000	0.000000
424	0.000041	0.000000	0.000000	0.004140	0.994645	0.001174	0.000000	0.000000	0.000000
425	0.000031	0.000000	0.000000	0.004084	0.994689	0.001196	0.000000	0.000000	0.000000
426	0.000031	0.000000	0.000000	0.004142	0.994609	0.001218	0.000000	0.000000	0.000000
427	0.000028	0.000000	0.000000	0.004160	0.994636	0.001176	0.000000	0.000000	0.000000
428	0.000019	0.000000	0.000000	0.004098	0.994723	0.001160	0.000000	0.000000	0.000000
429	0.000020	0.000000	0.000000	0.004045	0.994780	0.001155	0.000000	0.000000	0.000000
430	0.000015	0.000000	0.000000	0.004039	0.994765	0.001181	0.000000	0.000000	0.000000
431	0.000017	0.000000	0.000000	0.004089	0.994749	0.001145	0.000000	0.000000	0.000000
432	0.000020	0.000000	0.000000	0.004097	0.994721	0.001162	0.000000	0.000000	0.000000
433	0.000020	0.000000	0.000000	0.004122	0.994642	0.001216	0.000000	0.000000	0.000000
434	0.000017	0.000000	0.000000	0.004141	0.994668	0.001174	0.000000	0.000000	0.000000
435	0.000014	0.000000	0.000000	0.004191	0.994607	0.001188	0.000000	0.000000	0.000000
436	0.000012	0.000000	0.000000	0.004177	0.994582	0.001229	0.000000	0.000000	0.000000
437	0.000009	0.000000	0.000000	0.004128	0.994597	0.001266	0.000000	0.000000	0.000000
438	0.000010	0.000000	0.000000	0.004080	0.994661	0.001249	0.000000	0.000000	0.000000
439	0.000011	0.000000	0.000000	0.004077	0.994674	0.001238	0.000000	0.000000	0.000000
440	0.000014	0.000000	0.000000	0.004106	0.994684	0.001196	0.000000	0.000000	0.000000
441	0.000018	0.000000	0.000000	0.004022	0.994734	0.001226	0.000000	0.000000	0.000000
442	0.000014	0.000000	0.000000	0.004091	0.994672	0.001223	0.000000	0.000000	0.000000
443	0.000013	0.000000	0.000000	0.004119	0.994673	0.001195	0.000000	0.000000	0.000000
444	0.000015	0.000000	0.000000	0.004093	0.994705	0.001187	0.000000	0.000000	0.000000
445	0.000014	0.000000	0.000000	0.004061	0.994712	0.001213	0.000000	0.000000	0.000000
446	0.000011	0.000000	0.000000	0.004121	0.994683	0.001185	0.000000	0.000000	0.000000
447	0.000015	0.000000	0.000000	0.004071	0.994747	0.001167	0.000000	0.000000	0.000000
448	0.000015	0.000000	0.000000	0.004092	0.994693	0.001200	0.000000	0.000000	0.000000
449	0.000013	0.000000	0.000000	0.004117	0.994663	0.001207	0.000000	0.000000	0.000000
450	0.000009	0.000000	0.000000	0.004167	0.994620	0.001204	0.000000	0.000000	0.000000
451	0.000009	0.000000	0.000000	0.004200	0.994587	0.001204	0.000000	0.000000	0.000000
452	0.000011	0.000000	0.000000	0.004150	0.994671	0.001168	0.000000	0.000000	0.000000
453	0.000010	0.000000	0.000000	0.004135	0.994678	0.001177	0.000000	0.000000	0.000000
454	0.000003	0.000000	0.000000	0.004148	0.994669	0.001180	0.000000	0.000000	0.000000
455	0.000002	0.000000	0.000000	0.004054	0.994787	0.001157	0.000000	0.000000	0.000000
456	0.000003	0.000000	0.000000	0.004048	0.994795	0.001154	0.000000	0.000000	0.000000
457	0.000005	0.000000	0.000000	0.004083	0.994776	0.001136	0.000000	0.000000	0.000000
458	0.000003	0.000000	0.000000	0.004118	0.994722	0.001157	0.000000	0.000000	0.000000
459	0.000003	0.000000	0.000000	0.004176	0.994684	0.001137	0.000000	0.000000	0.000000
460	0.000004	0.000000	0.000000	0.004199	0.994630	0.001167	0.000000	0.000000	0.000000
461	0.000005	0.000000	0.000000	0.004160	0.994617	0.001218	0.000000	0.000000	0.000000
462	0.000003	0.000000	0.000000	0.004173	0.994622	0.001202	0.000000	0.000000	0.000000
463	0.000001	0.000000	0.000000	0.004228	0.994560	0.001211	0.000000	0.000000	0.000000
464	0.000001	0.000000	0.000000	0.004154	0.994686	0.001159	0.000000	0.000000	0.000000
465	0.000001	0.000000	0.000000	0.004140	0.994683	0.001176	0.000000	0.000000	0.000000
466	0.000000	0.000000	0.000000	0.004071	0.994774	0.001155	0.000000	0.000000	0.000000
467	0.000000	0.000000	0.000000	0.004044	0.994773	0.001183	0.000000	0.000000	0.000000
468	0.000000	0.000000	0.000000	0.003975	0.994831	0.001194	0.000000	0.000000	0.000000
469	0.000000	0.000000	0.000000	0.003975	0.994823	0.001202	0.000000	0.000000	0.000000
470	0.000000	0.000000	0.000000	0.004027	0.994740	0.001233	0.000000	0.000000	0.000000
