0	0.290663	0.057897	0.229473	0.157588	0.029913	0.111872	0.085455	0.012259	0.024880
1	0.225950	0.046805	0.195248	0.138665	0.028640	0.118812	0.125959	0.024350	0.095571
2	0.220677	0.044573	0.189654	0.131459	0.028938	0.113584	0.134562	0.025586	0.110967
3	0.221078	0.043629	0.186646	0.126068	0.029840	0.107321	0.138629	0.025708	0.121081
4	0.223241	0.042671	0.184113	0.120217	0.031120	0.100926	0.141490	0.025369	0.130853
5	0.225889	0.041737	0.180696	0.115141	0.032862	0.094941	0.143688	0.025194	0.139852
6	0.228544	0.041103	0.177730	0.109988	0.034763	0.089293	0.144871	0.024715	0.148993
7	0.232081	0.040165	0.173856	0.105515	0.036736	0.083205	0.145874	0.024243	0.158325
8	0.235570	0.039242	0.169905	0.101438	0.038710	0.077628	0.146996	0.023659	0.166852
9	0.238502	0.038096	0.166023	0.097462	0.040728	0.072490	0.147873	0.022992	0.175834
10	0.242033	0.037135	0.161985	0.093714	0.042936	0.067900	0.147873	0.022419	0.184005
11	0.244441	0.036082	0.157869	0.090706	0.045385	0.063159	0.148071	0.021935	0.192352
12	0.247446	0.035483	0.153817	0.086949	0.048010	0.059070	0.147467	0.021253	0.200505
13	0.250524	0.034612	0.149388	0.083585	0.050863	0.055109	0.146949	0.020606	0.208364
14	0.252667	0.033800	0.144868	0.080734	0.054043	0.051325	0.146025	0.020113	0.216425
15	0.255182	0.032982	0.140461	0.077609	0.057590	0.047752	0.145247	0.019591	0.223586
16	0.257824	0.032057	0.135753	0.074641	0.060714	0.044626	0.143964	0.019053	0.231368
17	0.260160	0.031197	0.131091	0.072229	0.064005	0.041749	0.142686	0.018712	0.238171
18	0.262501	0.030135	0.127012	0.069663	0.067773	0.038922	0.141478	0.017948	0.244568
19	0.264559	0.029188	0.122268	0.067280	0.071736	0.036393	0.140269	0.017460	0.250847
20	0.265576	0.028405	0.117987	0.065110	0.075730	0.034106	0.138329	0.016972	0.257785
21	0.266859	0.027688	0.113661	0.062631	0.079980	0.031644	0.136961	0.016433	0.264143
22	0.268118	0.027117	0.109326	0.060896	0.083975	0.029409	0.134804	0.015789	0.270566
23	0.269807	0.026484	0.104784	0.058632	0.088432	0.027341	0.132727	0.015222	0.276571
24	0.270924	0.025819	0.100745	0.056924	0.092774	0.025517	0.130777	0.014775	0.281745
25	0.272394	0.025098	0.096561	0.055477	0.097397	0.023916	0.128492	0.014268	0.286397
26	0.272552	0.024435	0.093195	0.053645	0.102465	0.022555	0.126280	0.013876	0.290997
27	0.273430	0.023582	0.089550	0.051880	0.107642	0.021095	0.123358	0.013528	0.295935
28	0.273474	0.022887	0.086145	0.050065	0.112857	0.019612	0.121356	0.013090	0.300514
29	0.273546	0.022129	0.082206	0.048322	0.118526	0.018236	0.119068	0.012591	0.305376
30	0.273282	0.021387	0.078482	0.047031	0.124448	0.016893	0.116374	0.012115	0.309988
31	0.273684	0.020770	0.074930	0.045634	0.130137	0.015908	0.113957	0.011774	0.313206
32	0.273075	0.020217	0.071674	0.044264	0.136424	0.015031	0.111724	0.011252	0.316339
33	0.272401	0.019401	0.068402	0.043320	0.142728	0.014183	0.108961	0.010931	0.319673
34	0.271694	0.018900	0.065083	0.041982	0.149454	0.013283	0.106270	0.010592	0.322742
35	0.270417	0.018401	0.062579	0.040824	0.155901	0.012442	0.103581	0.010030	0.325825
36	0.269051	0.017568	0.060088	0.039723	0.163172	0.011655	0.101347	0.009547	0.327849
37	0.267597	0.016924	0.056924	0.038521	0.170111	0.010884	0.098883	0.009082	0.331074
38	0.265501	0.016382	0.054202	0.037499	0.177536	0.010163	0.096511	0.008767	0.333439
39	0.264351	0.015657	0.051462	0.036546	0.184566	0.009436	0.094770	0.008437	0.334775
40	0.261875	0.014926	0.049161	0.035569	0.192623	0.008897	0.092535	0.008123	0.336291
41	0.259713	0.014574	0.046550	0.034582	0.200595	0.008359	0.089872	0.007828	0.337927
42	0.257544	0.014128	0.044291	0.033857	0.208513	0.007896	0.087138	0.007511	0.339122
43	0.255302	0.013658	0.041733	0.032921	0.216674	0.007431	0.084848	0.007169	0.340264
44	0.252984	0.013262	0.039785	0.032320	0.225033	0.007005	0.082480	0.006766	0.340365
45	0.250296	0.012697	0.037495	0.031956	0.233354	0.006669	0.079828	0.006471	0.341234
46	0.247729	0.012033	0.035385	0.031220	0.242418	0.006283	0.077366	0.006159	0.341407
47	0.244548	0.011634	0.033263	0.030572	0.251987	0.005915	0.075078	0.005870	0.341133
48	0.241545	0.011050	0.031502	0.030115	0.260773	0.005758	0.072773	0.005587	0.340897
49	0.238949	0.010596	0.029707	0.029801	0.269797	0.005464	0.070277	0.005273	0.340136
50	0.235188	0.010308	0.028031	0.029474	0.278854	0.005174	0.068042	0.005087	0.339842
51	0.231475	0.009889	0.026319	0.028894	0.288647	0.004937	0.065980	0.004786	0.339073
52	0.227919	0.009602	0.025000	0.028214	0.298300	0.004741	0.063872	0.004655	0.337697
53	0.224260	0.009262	0.023732	0.027701	0.308205	0.004613	0.061558	0.004293	0.336376
54	0.221086	0.008938	0.022261	0.027368	0.317792	0.004361	0.059297	0.004153	0.334744
55	0.217667	0.008498	0.021081	0.026861	0.327392	0.004212	0.057302	0.003975	0.333012
56	0.213800	0.008104	0.019773	0.026524	0.337214	0.003908	0.055255	0.003741	0.331681
57	0.209373	0.007736	0.018688	0.026190	0.346951	0.003793	0.053251	0.003700	0.330318
58	0.205641	0.007399	0.017536	0.025807	0.356965	0.003735	0.051259	0.003461	0.328197
59	0.201409	0.007127	0.016518	0.025638	0.366965	0.003571	0.049682	0.003333	0.325757
60	0.197231	0.006783	0.015406	0.025355	0.376851	0.003533	0.048015	0.003149	0.323677
61	0.192568	0.006541	0.014742	0.025065	0.387295	0.003324	0.046501	0.002993	0.320971
62	0.188059	0.006229	0.013694	0.024629	0.397297	0.003224	0.044552	0.002844	0.319472
63	0.183910	0.005940	0.012904	0.024346	0.407546	0.003127	0.042772	0.002737	0.316718
64	0.179132	0.005656	0.012063	0.024213	0.417618	0.003054	0.041004	0.002615	0.314645
65	0.175050	0.005557	0.011240	0.023906	0.427960	0.002891	0.039738	0.002468	0.311190
66	0.170252	0.005270	0.010560	0.023599	0.438625	0.002752	0.038411	0.002419	0.308112
67	0.166148	0.004913	0.009790	0.023497	0.448901	0.002648	0.036755	0.002322	0.305026
68	0.161501	0.004696	0.009132	0.023197	0.459093	0.002562	0.035264	0.002278	0.302277
69	0.157558	0.004454	0.008424	0.023087	0.469142	0.002529	0.033785	0.002124	0.298897
70	0.153412	0.004205	0.007785	0.022924	0.479347	0.002498	0.032240	0.001950	0.295639
71	0.149246	0.003998	0.007349	0.022992	0.489020	0.002434	0.030849	0.001840	0.292272
72	0.144443	0.003810	0.006760	0.022792	0.499638	0.002344	0.029897	0.001787	0.288529
73	0.140323	0.003655	0.006386	0.022627	0.509463	0.002289	0.028664	0.001632	0.284961
74	0.136463	0.003446	0.005895	0.022406	0.519354	0.002269	0.027379	0.001526	0.281262
75	0.132055	0.003259	0.005416	0.022160	0.529780	0.002198	0.026114	0.001397	0.277621
76	0.128212	0.003101	0.005121	0.022338	0.539220	0.002080	0.024845	0.001343	0.273740
77	0.124114	0.002913	0.004787	0.022041	0.549312	0.002089	0.023949	0.001295	0.269500
78	0.120109	0.002786	0.004498	0.021996	0.559002	0.002019	0.022853	0.001287	0.265450
79	0.116305	0.002574	0.004115	0.021997	0.568567	0.001986	0.022097	0.001247	0.261112
80	0.112613	0.002445	0.003937	0.022106	0.578106	0.001960	0.021195	0.001142	0.256496
81	0.109020	0.002366	0.003502	0.021916	0.587781	0.001909	0.020120	0.001125	0.252261
82	0.105096	0.002179	0.003269	0.021749	0.597320	0.001891	0.019264	0.001048	0.248184
83	0.101672	0.002114	0.003028	0.021865	0.606165	0.001806	0.018251	0.001005	0.244094
84	0.098055	0.002028	0.002796	0.021810	0.615505	0.001743	0.017676	0.000909	0.239478
85	0.094689	0.001937	0.002571	0.021653	0.624774	0.001748	0.016739	0.000858	0.235031
86	0.091354	0.001823	0.002373	0.021391	0.633789	0.001727	0.015890	0.000853	0.230800
87	0.088166	0.001782	0.002256	0.021312	0.642450	0.001766	0.015227	0.000791	0.226250
88	0.084736	0.001725	0.002001	0.021338	0.651240	0.001732	0.014460	0.000743	0.222025
89	0.081332	0.001649	0.001791	0.021247	0.660000	0.001655	0.013928	0.000680	0.217718
90	0.078261	0.001466	0.001684	0.021080	0.668324	0.001637	0.013549	0.000645	0.213354
91	0.075052	0.001394	0.001554	0.021081	0.676899	0.001608	0.012812	0.000582	0.209018
92	0.072152	0.001303	0.001453	0.020940	0.684732	0.001596	0.012302	0.000560	0.204962
93	0.069447	0.001157	0.001277	0.020832	0.692762	0.001540	0.011671	0.000536	0.200778
94	0.066455	0.001056	0.001128	0.020747	0.700907	0.001528	0.011120	0.000522	0.196537
95	0.063713	0.001001	0.001055	0.020615	0.708905	0.001491	0.010555	0.000493	0.192172
96	0.061018	0.000938	0.000950	0.020837	0.716474	0.001483	0.010075	0.000471	0.187754
97	0.058642	0.000865	0.000931	0.020758	0.723959	0.001465	0.009536	0.000439	0.183405
98	0.056097	0.000829	0.000832	0.020655	0.731428	0.001402	0.009240	0.000401	0.179116
99	0.053775	0.000775	0.000754	0.020678	0.738541	0.001429	0.008844	0.000428	0.174776
100	0.051498	0.000767	0.000679	0.020346	0.745841	0.001433	0.008416	0.000405	0.170615
101	0.049293	0.000734	0.000636	0.020294	0.753014	0.001431	0.008080	0.000352	0.166166
102	0.047024	0.000735	0.000552	0.020221	0.760064	0.001416	0.007647	0.000353	0.161988
103	0.044884	0.000665	0.000503	0.020283	0.766979	0.001437	0.007310	0.000351	0.157588
104	0.042902	0.000640	0.000455	0.020441	0.773423	0.001382	0.007020	0.000334	0.153403
105	0.041214	0.000584	0.000429	0.020517	0.779842	0.001411	0.006652	0.000308	0.149043
106	0.039274	0.000518	0.000403	0.020555	0.785624	0.001400	0.006390	0.000325	0.145511
107	0.037558	0.000488	0.000380	0.020428	0.791818	0.001394	0.006023	0.000334	0.141577
108	0.035681	0.000426	0.000331	0.020333	0.798043	0.001397	0.005794	0.000295	0.137700
109	0.034078	0.000395	0.000308	0.020311	0.803690	0.001436	0.005540	0.000311	0.133931
110	0.032599	0.000351	0.000291	0.020348	0.809627	0.001407	0.005065	0.000282	0.130030
111	0.030989	0.000292	0.000304	0.020292	0.815148	0.001419	0.004858	0.000245	0.126453
112	0.029673	0.000273	0.000286	0.020259	0.820641	0.001396	0.004639	0.000220	0.122613
113	0.028254	0.000245	0.000262	0.020203	0.825730	0.001403	0.004457	0.000215	0.119231
114	0.026864	0.000208	0.000248	0.020175	0.830857	0.001332	0.004144	0.000182	0.115990
115	0.025524	0.000198	0.000211	0.020249	0.835971	0.001342	0.003920	0.000188	0.112397
116	0.024477	0.000167	0.000193	0.020175	0.840663	0.001350	0.003684	0.000182	0.109109
117	0.023218	0.000173	0.000163	0.020144	0.845310	0.001322	0.003430	0.000166	0.106074
118	0.021943	0.000180	0.000166	0.020047	0.849894	0.001320	0.003251	0.000161	0.103038
119	0.020800	0.000168	0.000131	0.020077	0.854207	0.001341	0.003024	0.000158	0.100094
120	0.019648	0.000149	0.000121	0.019923	0.858983	0.001337	0.002906	0.000148	0.096785
121	0.018623	0.000141	0.000107	0.019924	0.863504	0.001305	0.002768	0.000109	0.093519
122	0.017579	0.000129	0.000096	0.019872	0.867623	0.001250	0.002698	0.000118	0.090635
123	0.016709	0.000125	0.000091	0.019807	0.871807	0.001216	0.002508	0.000121	0.087616
124	0.015960	0.000139	0.000080	0.019864	0.875786	0.001218	0.002384	0.000095	0.084474
125	0.015018	0.000130	0.000085	0.019902	0.879399	0.001225	0.002267	0.000105	0.081869
126	0.014328	0.000128	0.000073	0.019894	0.883088	0.001216	0.002108	0.000096	0.079069
127	0.013608	0.000109	0.000062	0.019800	0.886894	0.001225	0.002059	0.000089	0.076154
128	0.012935	0.000114	0.000059	0.019809	0.890380	0.001161	0.001924	0.000078	0.073540
129	0.012286	0.000105	0.000060	0.019838	0.893677	0.001105	0.001850	0.000087	0.070992
130	0.011640	0.000089	0.000054	0.019728	0.896791	0.001142	0.001793	0.000070	0.068693
131	0.011020	0.000068	0.000047	0.019486	0.899915	0.001167	0.001691	0.000075	0.066531
132	0.010271	0.000072	0.000044	0.019389	0.903324	0.001150	0.001603	0.000055	0.064092
133	0.009697	0.000065	0.000042	0.019348	0.906459	0.001131	0.001567	0.000043	0.061648
134	0.009138	0.000063	0.000040	0.019322	0.909435	0.001174	0.001518	0.000052	0.059258
135	0.008570	0.000049	0.000029	0.019304	0.912043	0.001160	0.001479	0.000039	0.057327
136	0.008133	0.000050	0.000029	0.019273	0.914832	0.001177	0.001354	0.000037	0.055115
137	0.007655	0.000044	0.000022	0.019110	0.917660	0.001178	0.001324	0.000042	0.052965
138	0.007309	0.000046	0.000024	0.019016	0.920111	0.001239	0.001235	0.000038	0.050982
139	0.006923	0.000044	0.000025	0.019055	0.922371	0.001198	0.001174	0.000033	0.049177
140	0.006630	0.000045	0.000026	0.019145	0.924447	0.001215	0.001117	0.000031	0.047344
141	0.006159	0.000054	0.000024	0.019149	0.926867	0.001193	0.001025	0.000029	0.045500
142	0.005751	0.000047	0.000026	0.019153	0.929150	0.001122	0.001007	0.000033	0.043711
143	0.005491	0.000047	0.000023	0.019013	0.931268	0.001215	0.000956	0.000037	0.041950
144	0.005189	0.000039	0.000028	0.018912	0.933234	0.001179	0.000878	0.000044	0.040497
145	0.004882	0.000047	0.000027	0.018938	0.935154	0.001201	0.000845	0.000043	0.038863
146	0.004559	0.000050	0.000020	0.018868	0.937046	0.001209	0.000795	0.000049	0.037404
147	0.004237	0.000055	0.000020	0.018839	0.939058	0.001207	0.000712	0.000051	0.035821
148	0.003945	0.000053	0.000019	0.018881	0.940726	0.001247	0.000682	0.000048	0.034399
149	0.003730	0.000042	0.000016	0.018972	0.942468	0.001225	0.000718	0.000056	0.032773
150	0.003483	0.000045	0.000008	0.019022	0.944117	0.001239	0.000700	0.000039	0.031347
151	0.003240	0.000038	0.000006	0.018996	0.945738	0.001216	0.000668	0.000032	0.030066
152	0.003074	0.000032	0.000006	0.018844	0.947284	0.001196	0.000657	0.000031	0.028876
153	0.002879	0.000028	0.000004	0.018663	0.948880	0.001209	0.000618	0.000028	0.027691
154	0.002643	0.000028	0.000006	0.018562	0.950172	0.001209	0.000598	0.000028	0.026754
155	0.002498	0.000032	0.000002	0.018550	0.951459	0.001210	0.000523	0.000029	0.025697
156	0.002311	0.000024	0.000004	0.018592	0.952600	0.001240	0.000509	0.000027	0.024693
157	0.002194	0.000017	0.000004	0.018562	0.953964	0.001175	0.000513	0.000023	0.023548
158	0.002005	0.000014	0.000002	0.018462	0.955269	0.001166	0.000501	0.000022	0.022559
159	0.001912	0.000006	0.000002	0.018377	0.956393	0.001112	0.000488	0.000021	0.021689
160	0.001785	0.000004	0.000002	0.018266	0.957611	0.001114	0.000463	0.000011	0.020744
161	0.001619	0.000003	0.000002	0.018305	0.958640	0.001096	0.000430	0.000011	0.019894
162	0.001531	0.000001	0.000000	0.018469	0.959518	0.001120	0.000397	0.000011	0.018953
163	0.001421	0.000001	0.000000	0.018578	0.960470	0.001090	0.000372	0.000010	0.018058
164	0.001348	0.000000	0.000000	0.018611	0.961360	0.001076	0.000358	0.000010	0.017237
165	0.001236	0.000000	0.000000	0.018779	0.962043	0.001080	0.000346	0.000012	0.016504
166	0.001184	0.000000	0.000000	0.018873	0.962822	0.001088	0.000332	0.000007	0.015694
167	0.001093	0.000000	0.000000	0.019084	0.963482	0.001110	0.000291	0.000004	0.014936
168	0.001023	0.000000	0.000000	0.019052	0.964348	0.001099	0.000264	0.000003	0.014211
169	0.000953	0.000000	0.000000	0.019063	0.965224	0.001051	0.000233	0.000004	0.013472
170	0.000905	0.000000	0.000000	0.019225	0.965893	0.001030	0.000210	0.000004	0.012733
171	0.000862	0.000000	0.000000	0.019339	0.966464	0.000998	0.000187	0.000001	0.012149
172	0.000790	0.000000	0.000000	0.019323	0.967116	0.001041	0.000174	0.000002	0.011554
173	0.000722	0.000000	0.000000	0.019572	0.967371	0.001057	0.000166	0.000000	0.011112
174	0.000681	0.000000	0.000000	0.019628	0.967899	0.001082	0.000137	0.000002	0.010571
175	0.000615	0.000000	0.000000	0.019780	0.968371	0.001080	0.000128	0.000003	0.010023
176	0.000571	0.000000	0.000000	0.019788	0.968867	0.001106	0.000125	0.000004	0.009539
177	0.000522	0.000000	0.000000	0.019949	0.969257	0.001102	0.000113	0.000005	0.009052
178	0.000478	0.000000	0.000000	0.019780	0.970032	0.001062	0.000112	0.000006	0.008530
179	0.000422	0.000000	0.000000	0.019750	0.970538	0.001049	0.000094	0.000007	0.008140
180	0.000375	0.000000	0.000000	0.019825	0.970962	0.001072	0.000075	0.000006	0.007685
181	0.000313	0.000000	0.000000	0.019727	0.971517	0.001103	0.000071	0.000004	0.007265
182	0.000295	0.000000	0.000000	0.019810	0.971855	0.001056	0.000061	0.000004	0.006919
183	0.000263	0.000000	0.000000	0.019875	0.972302	0.001075	0.000063	0.000003	0.006419
184	0.000233	0.000000	0.000000	0.019857	0.972685	0.001107	0.000053	0.000005	0.006060
185	0.000212	0.000000	0.000000	0.019752	0.973114	0.001113	0.000040	0.000004	0.005765
186	0.000185	0.000000	0.000000	0.019658	0.973471	0.001141	0.000038	0.000004	0.005503
187	0.000157	0.000000	0.000000	0.019638	0.973879	0.001120	0.000037	0.000003	0.005166
188	0.000145	0.000000	0.000000	0.019499	0.974261	0.001156	0.000035	0.000001	0.004903
189	0.000122	0.000000	0.000000	0.019767	0.974388	0.001168	0.000034	0.000002	0.004519
190	0.000123	0.000000	0.000000	0.019491	0.974922	0.001154	0.000031	0.000002	0.004277
191	0.000107	0.000000	0.000000	0.019391	0.975279	0.001136	0.000032	0.000004	0.004051
192	0.000099	0.000000	0.000000	0.019483	0.975394	0.001189	0.000029	0.000004	0.003802
193	0.000090	0.000000	0.000000	0.019520	0.975518	0.001236	0.000027	0.000003	0.003606
194	0.000076	0.000000	0.000000	0.019569	0.975669	0.001211	0.000023	0.000002	0.003450
195	0.000071	0.000000	0.000000	0.019596	0.975838	0.001225	0.000020	0.000000	0.003250
196	0.000071	0.000000	0.000000	0.019611	0.976008	0.001219	0.000017	0.000000	0.003074
197	0.000070	0.000000	0.000000	0.019709	0.976070	0.001275	0.000017	0.000000	0.002859
198	0.000062	0.000000	0.000000	0.019619	0.976282	0.001305	0.000012	0.000000	0.002720
199	0.000063	0.000000	0.000000	0.019595	0.976523	0.001274	0.000012	0.000000	0.002533
200	0.000061	0.000000	0.000000	0.019590	0.976697	0.001277	0.000009	0.000000	0.002366
201	0.000059	0.000000	0.000000	0.019542	0.976913	0.001264	0.000011	0.000000	0.002211
202	0.000056	0.000000	0.000000	0.019493	0.977051	0.001295	0.000015	0.000000	0.002090
203	0.000056	0.000000	0.000000	0.019541	0.977186	0.001270	0.000013	0.000000	0.001934
204	0.000050	0.000000	0.000000	0.019382	0.977413	0.001310	0.000012	0.000000	0.001833
205	0.000044	0.000000	0.000000	0.019490	0.977443	0.001324	0.000014	0.000000	0.001685
206	0.000045	0.000000	0.000000	0.019498	0.977534	0.001321	0.000013	0.000000	0.001589
207	0.000045	0.000000	0.000000	0.019221	0.977956	0.001353	0.000007	0.000000	0.001418
208	0.000052	0.000000	0.000000	0.019160	0.978106	0.001315	0.000009	0.000000	0.001358
209	0.000043	0.000000	0.000000	0.019385	0.978003	0.001305	0.000012	0.000000	0.001252
210	0.000040	0.000000	0.000000	0.019365	0.978123	0.001327	0.000008	0.000000	0.001137
211	0.000036	0.000000	0.000000	0.019332	0.978310	0.001283	0.000005	0.000000	0.001034
212	0.000040	0.000000	0.000000	0.019410	0.978263	0.001315	0.000004	0.000000	0.000968
213	0.000037	0.000000	0.000000	0.019287	0.978461	0.001345	0.000004	0.000000	0.000866
214	0.000039	0.000000	0.000000	0.019368	0.978499	0.001289	0.000006	0.000000	0.000799
215	0.000038	0.000000	0.000000	0.019628	0.978375	0.001236	0.000002	0.000000	0.000721
216	0.000041	0.000000	0.000000	0.019647	0.978403	0.001263	0.000001	0.000000	0.000645
217	0.000041	0.000000	0.000000	0.019594	0.978476	0.001296	0.000000	0.000000	0.000593
218	0.000043	0.000000	0.000000	0.019656	0.978435	0.001316	0.000000	0.000000	0.000550
219	0.000044	0.000000	0.000000	0.019541	0.978682	0.001253	0.000000	0.000000	0.000480
220	0.000044	0.000000	0.000000	0.019497	0.978714	0.001311	0.000000	0.000000	0.000434
221	0.000050	0.000000	0.000000	0.019569	0.978676	0.001302	0.000000	0.000000	0.000403
222	0.000049	0.000000	0.000000	0.019707	0.978602	0.001276	0.000000	0.000000	0.000366
223	0.000053	0.000000	0.000000	0.019664	0.978667	0.001286	0.000000	0.000000	0.000330
224	0.000051	0.000000	0.000000	0.019450	0.978892	0.001299	0.000000	0.000000	0.000308
225	0.000051	0.000000	0.000000	0.019624	0.978739	0.001322	0.000000	0.000000	0.000264
226	0.000057	0.000000	0.000000	0.019542	0.978900	0.001261	0.000000	0.000000	0.000240
227	0.000055	0.000000	0.000000	0.019503	0.978993	0.001242	0.000000	0.000000	0.000207
228	0.000048	0.000000	0.000000	0.019586	0.978914	0.001261	0.000000	0.000000	0.000191
229	0.000050	0.000000	0.000000	0.019619	0.978890	0.001265	0.000000	0.000000	0.000176
230	0.000044	0.000000	0.000000	0.019749	0.978812	0.001242	0.000000	0.000000	0.000153
231	0.000039	0.000000	0.000000	0.019720	0.978854	0.001250	0.000000	0.000000	0.000137
232	0.000039	0.000000	0.000000	0.019759	0.978817	0.001252	0.000000	0.000000	0.000133
233	0.000036	0.000000	0.000000	0.019769	0.978837	0.001232	0.000000	0.000000	0.000126
234	0.000036	0.000000	0.000000	0.019639	0.978991	0.001213	0.000000	0.000000	0.000121
235	0.000032	0.000000	0.000000	0.019523	0.979123	0.001218	0.000000	0.000000	0.000104
236	0.000029	0.000000	0.000000	0.019548	0.979060	0.001268	0.000000	0.000000	0.000095
237	0.000025	0.000000	0.000000	0.019578	0.978978	0.001329	0.000000	0.000000	0.000090
238	0.000023	0.000000	0.000000	0.019608	0.978975	0.001322	0.000000	0.000000	0.000072
239	0.000025	0.000000	0.000000	0.019644	0.978909	0.001351	0.000000	0.000000	0.000071
240	0.000027	0.000000	0.000000	0.019673	0.978925	0.001307	0.000000	0.000000	0.000068
241	0.000023	0.000000	0.000000	0.019691	0.978934	0.001294	0.000000	0.000000	0.000058
242	0.000022	0.000000	0.000000	0.019626	0.978984	0.001319	0.000000	0.000000	0.000049
243	0.000018	0.000000	0.000000	0.019526	0.979068	0.001344	0.000000	0.000000	0.000044
244	0.000022	0.000000	0.000000	0.019585	0.978980	0.001365	0.000000	0.000000	0.000048
245	0.000023	0.000000	0.000000	0.019568	0.979083	0.001287	0.000000	0.000000	0.000039
246	0.000022	0.000000	0.000000	0.019721	0.978912	0.001310	0.000000	0.000000	0.000035
247	0.000020	0.000000	0.000000	0.019781	0.978909	0.001267	0.000000	0.000000	0.000023
248	0.000018	0.000000	0.000000	0.019730	0.978981	0.001250	0.000000	0.000000	0.000021
249	0.000020	0.000000	0.000000	0.019672	0.979042	0.001250	0.000000	0.000000	0.000016
250	0.000017	0.000000	0.000000	0.019595	0.979080	0.001289	0.000000	0.000000	0.000019
251	0.000016	0.000000	0.000000	0.019531	0.979156	0.001277	0.000000	0.000000	0.000020
252	0.000018	0.000000	0.000000	0.019342	0.979371	0.001252	0.000000	0.000000	0.000017
253	0.000021	0.000000	0.000000	0.019349	0.979307	0.001307	0.000000	0.000000	0.000016
254	0.000022	0.000000	0.000000	0.019472	0.979185	0.001306	0.000000	0.000000	0.000015
255	0.000020	0.000000	0.000000	0.019397	0.979239	0.001327	0.000000	0.000000	0.000017
256	0.000013	0.000000	0.000000	0.019401	0.979263	0.001308	0.000000	0.000000	0.000015
257	0.000014	0.000000	0.000000	0.019586	0.979034	0.001352	0.000000	0.000000	0.000014
258	0.000015	0.000000	0.000000	0.019565	0.979044	0.001363	0.000000	0.000000	0.000013
259	0.000011	0.000000	0.000000	0.019802	0.978814	0.001365	0.000000	0.000000	0.000008
260	0.000010	0.000000	0.000000	0.019620	0.979016	0.001346	0.000000	0.000000	0.000008
261	0.000007	0.000000	0.000000	0.019541	0.979106	0.001337	0.000000	0.000000	0.000009
262	0.000007	0.000000	0.000000	0.019649	0.978953	0.001384	0.000000	0.000000	0.000007
263	0.000010	0.000000	0.000000	0.019728	0.978872	0.001384	0.000000	0.000000	0.000006
264	0.000006	0.000000	0.000000	0.019610	0.979001	0.001376	0.000000	0.000000	0.000007
265	0.000004	0.000000	0.000000	0.019566	0.979039	0.001386	0.000000	0.000000	0.000005
266	0.000002	0.000000	0.000000	0.019464	0.979178	0.001350	0.000000	0.000000	0.000006
267	0.000000	0.000000	0.000000	0.019378	0.979281	0.001334	0.000000	0.000000	0.000007
268	0.000000	0.000000	0.000000	0.019335	0.979356	0.001305	0.000000	0.000000	0.000004
269	0.000000	0.000000	0.000000	0.019313	0.979342	0.001340	0.000000	0.000000	0.000005
270	0.000000	0.000000	0.000000	0.019430	0.979287	0.001278	0.000000	0.000000	0.000005
271	0.000000	0.000000	0.000000	0.019351	0.979432	0.001213	0.000000	0.000000	0.000004
272	0.000000	0.000000	0.000000	0.019367	0.979395	0.001235	0.000000	0.000000	0.000003
273	0.000000	0.000000	0.000000	0.019373	0.979412	0.001213	0.000000	0.000000	0.000002
274	0.000000	0.000000	0.000000	0.019362	0.979394	0.001242	0.000000	0.000000	0.000002
275	0.000000	0.000000	0.000000	0.019343	0.979441	0.001214	0.000000	0.000000	0.000002
276	0.000000	0.000000	0.000000	0.019231	0.979560	0.001204	0.000000	0.000000	0.000005
277	0.000000	0.000000	0.000000	0.019226	0.979548	0.001222	0.000000	0.000000	0.000004
278	0.000000	0.000000	0.000000	0.019221	0.979576	0.001202	0.000000	0.000000	0.000001
279	0.000000	0.000000	0.000000	0.019172	0.979592	0.001233	0.000000	0.000000	0.000003
280	0.000000	0.000000	0.000000	0.019021	0.979743	0.001234	0.000000	0.000000	0.000002
281	0.000000	0.000000	0.000000	0.019049	0.979672	0.001276	0.000000	0.000000	0.000003
282	0.000000	0.000000	0.000000	0.019040	0.979681	0.001276	0.000000	0.000000	0.000003
283	0.000000	0.000000	0.000000	0.019007	0.979716	0.001274	0.000000	0.000000	0.000003
284	0.000000	0.000000	0.000000	0.019051	0.979712	0.001235	0.000000	0.000000	0.000002
285	0.000000	0.000000	0.000000	0.019014	0.979732	0.001252	0.000000	0.000000	0.000002
286	0.000000	0.000000	0.000000	0.019137	0.979605	0.001255	0.000000	0.000000	0.000003
287	0.000000	0.000000	0.000000	0.019236	0.979537	0.001225	0.000000	0.000000	0.000002
288	0.000000	0.000000	0.000000	0.019287	0.979519	0.001194	0.000000	0.000000	0.000000
289	0.000000	0.000000	0.000000	0.019233	0.979553	0.001214	0.000000	0.000000	0.000000
290	0.000000	0.000000	0.000000	0.019204	0.979584	0.001212	0.000000	0.000000	0.000000
291	0.000000	0.000000	0.000000	0.019335	0.979464	0.001201	0.000000	0.000000	0.000000
292	0.000000	0.000000	0.000000	0.019412	0.979352	0.001236	0.000000	0.000000	0.000000
293	0.000000	0.000000	0.000000	0.019382	0.979398	0.001220	0.000000	0.000000	0.000000
294	0.000000	0.000000	0.000000	0.019470	0.979286	0.001244	0.000000	0.000000	0.000000
295	0.000000	0.000000	0.000000	0.019362	0.979483	0.001155	0.000000	0.000000	0.000000
296	0.000000	0.000000	0.000000	0.019206	0.979590	0.001204	0.000000	0.000000	0.000000
297	0.000000	0.000000	0.000000	0.019226	0.979594	0.001180	0.000000	0.000000	0.000000
298	0.000000	0.000000	0.000000	0.019232	0.979559	0.001209	0.000000	0.000000	0.000000
299	0.000000	0.000000	0.000000	0.019145	0.979696	0.001159	0.000000	0.000000	0.000000
300	0.000000	0.000000	0.000000	0.019010	0.979825	0.001165	0.000000	0.000000	0.000000
301	0.000000	0.000000	0.000000	0.019079	0.979735	0.001186	0.000000	0.000000	0.000000
302	0.000000	0.000000	0.000000	0.019112	0.979710	0.001178	0.000000	0.000000	0.000000
303	0.000000	0.000000	0.000000	0.019044	0.979764	0.001192	0.000000	0.000000	0.000000
304	0.000000	0.000000	0.000000	0.018891	0.979913	0.001196	0.000000	0.000000	0.000000
305	0.000000	0.000000	0.000000	0.018821	0.979968	0.001211	0.000000	0.000000	0.000000
306	0.000000	0.000000	0.000000	0.018726	0.980100	0.001174	0.000000	0.000000	0.000000
307	0.000000	0.000000	0.000000	0.018611	0.980217	0.001172	0.000000	0.000000	0.000000
308	0.000000	0.000000	0.000000	0.018552	0.980281	0.001167	0.000000	0.000000	0.000000
309	0.000000	0.000000	0.000000	0.018606	0.980232	0.001162	0.000000	0.000000	0.000000
310	0.000000	0.000000	0.000000	0.018622	0.980230	0.001148	0.000000	0.000000	0.000000
311	0.000000	0.000000	0.000000	0.018585	0.980307	0.001108	0.000000	0.000000	0.000000
312	0.000000	0.000000	0.000000	0.018632	0.980191	0.001177	0.000000	0.000000	0.000000
313	0.000000	0.000000	0.000000	0.018699	0.980157	0.001144	0.000000	0.000000	0.000000
314	0.000000	0.000000	0.000000	0.018609	0.980214	0.001177	0.000000	0.000000	0.000000
315	0.000000	0.000000	0.000000	0.018718	0.980101	0.001181	0.000000	0.000000	0.000000
316	0.000000	0.000000	0.000000	0.018652	0.980157	0.001191	0.000000	0.000000	0.000000
317	0.000000	0.000000	0.000000	0.018703	0.980135	0.001162	0.000000	0.000000	0.000000
318	0.000000	0.000000	0.000000	0.018361	0.980468	0.001171	0.000000	0.000000	0.000000
319	0.000000	0.000000	0.000000	0.018330	0.980490	0.001180	0.000000	0.000000	0.000000
320	0.000000	0.000000	0.000000	0.018325	0.980479	0.001196	0.000000	0.000000	0.000000
321	0.000000	0.000000	0.000000	0.018387	0.980447	0.001166	0.000000	0.000000	0.000000
322	0.000000	0.000000	0.000000	0.018392	0.980433	0.001175	0.000000	0.000000	0.000000
323	0.000000	0.000000	0.000000	0.018435	0.980390	0.001175	0.000000	0.000000	0.000000
324	0.000000	0.000000	0.000000	0.018253	0.980635	0.001112	0.000000	0.000000	0.000000
325	0.000000	0.000000	0.000000	0.018276	0.980594	0.001130	0.000000	0.000000	0.000000
326	0.000000	0.000000	0.000000	0.018101	0.980739	0.001160	0.000000	0.000000	0.000000
327	0.000000	0.000000	0.000000	0.018211	0.980600	0.001189	0.000000	0.000000	0.000000
328	0.000000	0.000000	0.000000	0.018273	0.980581	0.001146	0.000000	0.000000	0.000000
329	0.000000	0.000000	0.000000	0.018431	0.980404	0.001165	0.000000	0.000000	0.000000
330	0.000000	0.000000	0.000000	0.018354	0.980501	0.001145	0.000000	0.000000	0.000000
331	0.000000	0.000000	0.000000	0.018197	0.980673	0.001130	0.000000	0.000000	0.000000
332	0.000000	0.000000	0.000000	0.018321	0.980544	0.001135	0.000000	0.000000	0.000000
333	0.000000	0.000000	0.000000	0.018267	0.980617	0.001116	0.000000	0.000000	0.000000
334	0.000000	0.000000	0.000000	0.018197	0.980654	0.001149	0.000000	0.000000	0.000000
335	0.000000	0.000000	0.000000	0.018309	0.980583	0.001108	0.000000	0.000000	0.000000
336	0.000000	0.000000	0.000000	0.018367	0.980516	0.001117	0.000000	0.000000	0.000000
337	0.000000	0.000000	0.000000	0.018347	0.980604	0.001049	0.000000	0.000000	0.000000
338	0.000000	0.000000	0.000000	0.018331	0.980628	0.001041	0.000000	0.000000	0.000000
339	0.000000	0.000000	0.000000	0.018216	0.980741	0.001043	0.000000	0.000000	0.000000
340	0.000000	0.000000	0.000000	0.018262	0.980663	0.001075	0.000000	0.000000	0.000000
341	0.000000	0.000000	0.000000	0.018354	0.980527	0.001119	0.000000	0.000000	0.000000
342	0.000000	0.000000	0.000000	0.018485	0.980397	0.001118	0.000000	0.000000	0.000000
343	0.000000	0.000000	0.000000	0.018343	0.980527	0.001130	0.000000	0.000000	0.000000
344	0.000000	0.000000	0.000000	0.018514	0.980393	0.001093	0.000000	0.000000	0.000000
345	0.000000	0.000000	0.000000	0.018640	0.980243	0.001117	0.000000	0.000000	0.000000
346	0.000000	0.000000	0.000000	0.018753	0.980107	0.001140	0.000000	0.000000	0.000000
347	0.000000	0.000000	0.000000	0.018700	0.980182	0.001118	0.000000	0.000000	0.000000
348	0.000000	0.000000	0.000000	0.018884	0.979973	0.001143	0.000000	0.000000	0.000000
349	0.000000	0.000000	0.000000	0.018832	0.980031	0.001137	0.000000	0.000000	0.000000
350	0.000000	0.000000	0.000000	0.018741	0.980106	0.001153	0.000000	0.000000	0.000000
351	0.000000	0.000000	0.000000	0.018679	0.980138	0.001183	0.000000	0.000000	0.000000
352	0.000000	0.000000	0.000000	0.018758	0.980062	0.001180	0.000000	0.000000	0.000000
353	0.000000	0.000000	0.000000	0.018824	0.979993	0.001183	0.000000	0.000000	0.000000
354	0.000000	0.000000	0.000000	0.018845	0.980020	0.001135	0.000000	0.000000	0.000000
355	0.000000	0.000000	0.000000	0.018964	0.979877	0.001159	0.000000	0.000000	0.000000
356	0.000000	0.000000	0.000000	0.018753	0.980046	0.001201	0.000000	0.000000	0.000000
357	0.000000	0.000000	0.000000	0.018696	0.980135	0.001169	0.000000	0.000000	0.000000
358	0.000000	0.000000	0.000000	0.018794	0.980031	0.001175	0.000000	0.000000	0.000000
359	0.000000	0.000000	0.000000	0.018792	0.980007	0.001201	0.000000	0.000000	0.000000
360	0.000000	0.000000	0.000000	0.018794	0.980004	0.001202	0.000000	0.000000	0.000000
361	0.000000	0.000000	0.000000	0.018793	0.980082	0.001125	0.000000	0.000000	0.000000
362	0.000000	0.000000	0.000000	0.018810	0.980054	0.001136	0.000000	0.000000	0.000000
363	0.000000	0.000000	0.000000	0.018869	0.980008	0.001123	0.000000	0.000000	0.000000
364	0.000000	0.000000	0.000000	0.018825	0.980064	0.001111	0.000000	0.000000	0.000000
365	0.000000	0.000000	0.000000	0.018924	0.979944	0.001132	0.000000	0.000000	0.000000
366	0.000000	0.000000	0.000000	0.018860	0.979996	0.001144	0.000000	0.000000	0.000000
367	0.000000	0.000000	0.000000	0.018855	0.980020	0.001125	0.000000	0.000000	0.000000
368	0.000000	0.000000	0.000000	0.018707	0.980150	0.001143	0.000000	0.000000	0.000000
369	0.000000	0.000000	0.000000	0.018722	0.980133	0.001145	0.000000	0.000000	0.000000
370	0.000000	0.000000	0.000000	0.018751	0.980123	0.001126	0.000000	0.000000	0.000000
371	0.000000	0.000000	0.000000	0.018806	0.980011	0.001183	0.000000	0.000000	0.000000
372	0.000000	0.000000	0.000000	0.018940	0.979885	0.001175	0.000000	0.000000	0.000000
373	0.000000	0.000000	0.000000	0.018834	0.980000	0.001166	0.000000	0.000000	0.000000
374	0.000000	0.000000	0.000000	0.018913	0.979946	0.001141	0.000000	0.000000	0.000000
375	0.000000	0.000000	0.000000	0.018897	0.979965	0.001138	0.000000	0.000000	0.000000
376	0.000000	0.000000	0.000000	0.018980	0.979860	0.001160	0.000000	0.000000	0.000000
377	0.000000	0.000000	0.000000	0.019082	0.979768	0.001150	0.000000	0.000000	0.000000
378	0.000000	0.000000	0.000000	0.019040	0.979806	0.001154	0.000000	0.000000	0.000000
379	0.000000	0.000000	0.000000	0.019086	0.979785	0.001129	0.000000	0.000000	0.000000
380	0.000000	0.000000	0.000000	0.019083	0.979749	0.001168	0.000000	0.000000	0.000000
381	0.000000	0.000000	0.000000	0.018969	0.979887	0.001144	0.000000	0.000000	0.000000
382	0.000000	0.000000	0.000000	0.018868	0.979991	0.001141	0.000000	0.000000	0.000000
383	0.000000	0.000000	0.000000	0.018891	0.979969	0.001140	0.000000	0.000000	0.000000
384	0.000000	0.000000	0.000000	0.018872	0.979971	0.001157	0.000000	0.000000	0.000000
385	0.000000	0.000000	0.000000	0.018696	0.980128	0.001176	0.000000	0.000000	0.000000
386	0.000000	0.000000	0.000000	0.018650	0.980170	0.001180	0.000000	0.000000	0.000000
387	0.000000	0.000000	0.000000	0.018529	0.980345	0.001126	0.000000	0.000000	0.000000
388	0.000000	0.000000	0.000000	0.018535	0.980395	0.001070	0.000000	0.000000	0.000000
389	0.000000	0.000000	0.000000	0.018323	0.980617	0.001060	0.000000	0.000000	0.000000
390	0.000000	0.000000	0.000000	0.018204	0.980713	0.001083	0.000000	0.000000	0.000000
391	0.000000	0.000000	0.000000	0.018182	0.980738	0.001080	0.000000	0.000000	0.000000
392	0.000000	0.000000	0.000000	0.018182	0.980723	0.001095	0.000000	0.000000	0.000000
393	0.000000	0.000000	0.000000	0.018281	0.980592	0.001127	0.000000	0.000000	0.000000
394	0.000000	0.000000	0.000000	0.018271	0.980622	0.001107	0.000000	0.000000	0.000000
395	0.000000	0.000000	0.000000	0.018316	0.980569	0.001115	0.000000	0.000000	0.000000
396	0.000000	0.000000	0.000000	0.018526	0.980341	0.001133	0.000000	0.000000	0.000000
397	0.000000	0.000000	0.000000	0.018418	0.980456	0.001126	0.000000	0.000000	0.000000
398	0.000000	0.000000	0.000000	0.018384	0.980497	0.001119	0.000000	0.000000	0.000000
399	0.000000	0.000000	0.000000	0.018252	0.980612	0.001136	0.000000	0.000000	0.000000
400	0.000000	0.000000	0.000000	0.018358	0.980508	0.001134	0.000000	0.000000	0.000000
401	0.000000	0.000000	0.000000	0.018320	0.980602	0.001078	0.000000	0.000000	0.000000
402	0.000000	0.000000	0.000000	0.018497	0.980414	0.001089	0.000000	0.000000	0.000000
403	0.000000	0.000000	0.000000	0.018305	0.980614	0.001081	0.000000	0.000000	0.000000
404	0.000000	0.000000	0.000000	0.018286	0.980680	0.001034	0.000000	0.000000	0.000000
405	0.000000	0.000000	0.000000	0.018316	0.980687	0.000997	0.000000	0.000000	0.000000
406	0.000000	0.000000	0.000000	0.018317	0.980693	0.000990	0.000000	0.000000	0.000000
407	0.000000	0.000000	0.000000	0.018151	0.980838	0.001011	0.000000	0.000000	0.000000
408	0.000000	0.000000	0.000000	0.018304	0.980645	0.001051	0.000000	0.000000	0.000000
409	0.000000	0.000000	0.000000	0.018247	0.980721	0.001032	0.000000	0.000000	0.000000
410	0.000000	0.000000	0.000000	0.018168	0.980789	0.001043	0.000000	0.000000	0.000000
411	0.000000	0.000000	0.000000	0.018374	0.980544	0.001082	0.000000	0.000000	0.000000
412	0.000000	0.000000	0.000000	0.018371	0.980556	0.001073	0.000000	0.000000	0.000000
413	0.000000	0.000000	0.000000	0.018367	0.980553	0.001080	0.000000	0.000000	0.000000
414	0.000000	0.000000	0.000000	0.018528	0.980404	0.001068	0.000000	0.000000	0.000000
415	0.000000	0.000000	0.000000	0.018657	0.980271	0.001072	0.000000	0.000000	0.000000
416	0.000000	0.000000	0.000000	0.018705	0.980264	0.001031	0.000000	0.000000	0.000000
417	0.000000	0.000000	0.000000	0.018733	0.980257	0.001010	0.000000	0.000000	0.000000
418	0.000000	0.000000	0.000000	0.018750	0.980228	0.001022	0.000000	0.000000	0.000000
419	0.000000	0.000000	0.000000	0.018790	0.980187	0.001023	0.000000	0.000000	0.000000
420	0.000000	0.000000	0.000000	0.018819	0.980152	0.001029	0.000000	0.000000	0.000000
421	0.000000	0.000000	0.000000	0.018903	0.980068	0.001029	0.000000	0.000000	0.000000
422	0.000000	0.000000	0.000000	0.018810	0.980173	0.001017	0.000000	0.000000	0.000000
423	0.000000	0.000000	0.000000	0.018846	0.980127	0.001027	0.000000	0.000000	0.000000
424	0.000000	0.000000	0.000000	0.018824	0.980114	0.001062	0.000000	0.000000	0.000000
425	0.000000	0.000000	0.000000	0.018815	0.980134	0.001051	0.000000	0.000000	0.000000
426	0.000000	0.000000	0.000000	0.018862	0.980067	0.001071	0.000000	0.000000	0.000000
427	0.000000	0.000000	0.000000	0.018633	0.980351	0.001016	0.000000	0.000000	0.000000
428	0.000000	0.000000	0.000000	0.018931	0.980026	0.001043	0.000000	0.000000	0.000000
429	0.000000	0.000000	0.000000	0.018946	0.980015	0.001039	0.000000	0.000000	0.000000
430	0.000000	0.000000	0.000000	0.018904	0.980079	0.001017	0.000000	0.000000	0.000000
431	0.000000	0.000000	0.000000	0.018887	0.980119	0.000994	0.000000	0.000000	0.000000
432	0.000000	0.000000	0.000000	0.018881	0.980124	0.000995	0.000000	0.000000	0.000000
433	0.000000	0.000000	0.000000	0.019094	0.979897	0.001009	0.000000	0.000000	0.000000
434	0.000000	0.000000	0.000000	0.019121	0.979818	0.001061	0.000000	0.000000	0.000000
435	0.000000	0.000000	0.000000	0.018911	0.980025	0.001064	0.000000	0.000000	0.000000
436	0.000000	0.000000	0.000000	0.019023	0.979935	0.001042	0.000000	0.000000	0.000000
437	0.000000	0.000000	0.000000	0.019079	0.979897	0.001024	0.000000	0.000000	0.000000
438	0.000000	0.000000	0.000000	0.019116	0.979836	0.001048	0.000000	0.000000	0.000000
439	0.000000	0.000000	0.000000	0.019105	0.979801	0.001094	0.000000	0.000000	0.000000
440	0.000000	0.000000	0.000000	0.019170	0.979756	0.001074	0.000000	0.000000	0.000000
441	0.000000	0.000000	0.000000	0.019241	0.979658	0.001101	0.000000	0.000000	0.000000
442	0.000000	0.000000	0.000000	0.019181	0.979742	0.001077	0.000000	0.000000	0.000000
443	0.000000	0.000000	0.000000	0.019229	0.979688	0.001083	0.000000	0.000000	0.000000
444	0.000000	0.000000	0.000000	0.019228	0.979658	0.001114	0.000000	0.000000	0.000000
445	0.000000	0.000000	0.000000	0.019159	0.979770	0.001071	0.000000	0.000000	0.000000
446	0.000000	0.000000	0.000000	0.019039	0.979871	0.001090	0.000000	0.000000	0.000000
447	0.000000	0.000000	0.000000	0.018998	0.979996	0.001006	0.000000	0.000000	0.000000
448	0.000000	0.000000	0.000000	0.018953	0.979998	0.001049	0.000000	0.000000	0.000000
449	0.000000	0.000000	0.000000	0.018989	0.979943	0.001068	0.000000	0.000000	0.000000
450	0.000000	0.000000	0.000000	0.018980	0.979956	0.001064	0.000000	0.000000	0.000000
451	0.000000	0.000000	0.000000	0.019030	0.979902	0.001068	0.000000	0.000000	0.000000
452	0.000000	0.000000	0.000000	0.018840	0.980090	0.001070	0.000000	0.000000	0.000000
453	0.000000	0.000000	0.000000	0.019057	0.979897	0.001046	0.000000	0.000000	0.000000
454	0.000000	0.000000	0.000000	0.019020	0.979884	0.001096	0.000000	0.000000	0.000000
455	0.000000	0.000000	0.000000	0.019056	0.979838	0.001106	0.000000	0.000000	0.000000
456	0.000000	0.000000	0.000000	0.018962	0.979929	0.001109	0.000000	0.000000	0.000000
457	0.000000	0.000000	0.000000	0.019154	0.979710	0.001136	0.000000	0.000000	0.000000
458	0.000000	0.000000	0.000000	0.019130	0.979755	0.001115	0.000000	0.000000	0.000000
459	0.000000	0.000000	0.000000	0.019110	0.979806	0.001084	0.000000	0.000000	0.000000
460	0.000000	0.000000	0.000000	0.019036	0.979938	0.001026	0.000000	0.000000	0.000000
461	0.000000	0.000000	0.000000	0.019065	0.979879	0.001056	0.000000	0.000000	0.000000
462	0.000000	0.000000	0.000000	0.018935	0.980026	0.001039	0.000000	0.000000	0.000000
463	0.000000	0.000000	0.000000	0.018914	0.980028	0.001058	0.000000	0.000000	0.000000
464	0.000000	0.000000	0.000000	0.018889	0.980055	0.001056	0.000000	0.000000	0.000000
465	0.000000	0.000000	0.000000	0.018934	0.980004	0.001062	0.000000	0.000000	0.000000
466	0.000000	0.000000	0.000000	0.018977	0.979938	0.001085	0.000000	0.000000	0.000000
467	0.000000	0.000000	0.000000	0.018939	0.979999	0.001062	0.000000	0.000000	0.000000
468	0.000000	0.000000	0.000000	0.018841	0.980070	0.001089	0.000000	0.000000	0.000000
469	0.000000	0.000000	0.000000	0.018805	0.980095	0.001100	0.000000	0.000000	0.000000
470	0.000000	0.000000	0.000000	0.018795	0.980098	0.001107	0.000000	0.000000	0.000000
