0	0.290663	0.057897	0.229473	0.157588	0.029913	0.111872	0.085455	0.012259	0.024880
1	0.231808	0.047609	0.200508	0.125310	0.025719	0.111766	0.132125	0.025344	0.099811
2	0.231637	0.047217	0.197713	0.109191	0.023283	0.097203	0.144780	0.027973	0.121003
3	0.238225	0.047524	0.194998	0.095798	0.021666	0.083568	0.152185	0.028972	0.137064
4	0.245265	0.047991	0.191169	0.084293	0.020512	0.071401	0.157402	0.029733	0.152234
5	0.252629	0.048541	0.186690	0.074317	0.019732	0.060937	0.161010	0.030269	0.165875
6	0.260056	0.049213	0.182060	0.065539	0.019014	0.051876	0.163297	0.030383	0.178562
7	0.267030	0.049714	0.177088	0.058011	0.018321	0.043868	0.164255	0.030612	0.191101
8	0.274965	0.050179	0.171042	0.051442	0.017769	0.037040	0.164998	0.030348	0.202217
9	0.282480	0.050735	0.165236	0.045476	0.017284	0.031238	0.163944	0.030181	0.213426
10	0.289839	0.051398	0.158525	0.040183	0.017031	0.026450	0.163133	0.030102	0.223339
11	0.296564	0.051835	0.152349	0.035610	0.016532	0.022404	0.161174	0.029615	0.233917
12	0.303842	0.052545	0.146406	0.031101	0.016020	0.018914	0.158637	0.028855	0.243680
13	0.310828	0.052950	0.140259	0.027761	0.015736	0.016008	0.155832	0.028129	0.252497
14	0.316575	0.053303	0.134358	0.024522	0.015433	0.013611	0.153616	0.027449	0.261133
15	0.322776	0.053784	0.128355	0.021715	0.015136	0.011482	0.150534	0.026852	0.269366
16	0.329257	0.054325	0.122538	0.019317	0.014686	0.009609	0.146930	0.026127	0.277211
17	0.334855	0.054850	0.116697	0.017258	0.014646	0.008183	0.143737	0.025574	0.284200
18	0.341056	0.055395	0.111347	0.015203	0.014420	0.006903	0.139666	0.024745	0.291265
19	0.346265	0.055885	0.106301	0.013321	0.014469	0.005933	0.135037	0.023929	0.298860
20	0.351602	0.056416	0.101330	0.011748	0.014137	0.005163	0.131680	0.023438	0.304486
21	0.355983	0.056765	0.096419	0.010515	0.014084	0.004412	0.127685	0.022719	0.311418
22	0.360261	0.057669	0.091659	0.009470	0.013805	0.003729	0.124016	0.022180	0.317211
23	0.365425	0.057769	0.086848	0.008469	0.013538	0.003212	0.119855	0.021558	0.323326
24	0.369975	0.057612	0.082445	0.007660	0.013457	0.002735	0.116317	0.020938	0.328861
25	0.374398	0.058179	0.078260	0.006803	0.013320	0.002313	0.112427	0.020119	0.334181
26	0.378511	0.058271	0.074239	0.006070	0.013128	0.002009	0.108697	0.019490	0.339585
27	0.382146	0.058505	0.070512	0.005512	0.013041	0.001747	0.105260	0.018671	0.344606
28	0.385326	0.058785	0.066931	0.004944	0.012956	0.001467	0.101937	0.018012	0.349642
29	0.388900	0.059015	0.063655	0.004507	0.012728	0.001282	0.098580	0.017311	0.354022
30	0.391339	0.059506	0.060505	0.004052	0.012616	0.001097	0.094787	0.016834	0.359264
31	0.394067	0.059419	0.057333	0.003758	0.012439	0.000958	0.091629	0.016129	0.364268
32	0.397005	0.059437	0.053897	0.003321	0.012284	0.000805	0.088780	0.015589	0.368882
33	0.399897	0.059626	0.050781	0.003009	0.012048	0.000671	0.085362	0.015007	0.373599
34	0.402438	0.059589	0.047720	0.002696	0.011914	0.000562	0.082552	0.014433	0.378096
35	0.404220	0.059448	0.045054	0.002536	0.011720	0.000501	0.080116	0.013979	0.382426
36	0.405791	0.059498	0.042610	0.002323	0.011535	0.000421	0.077361	0.013613	0.386848
37	0.407354	0.059633	0.040327	0.002103	0.011429	0.000382	0.074556	0.013035	0.391181
38	0.408316	0.059484	0.037920	0.001939	0.011518	0.000326	0.072133	0.012629	0.395735
39	0.409475	0.059494	0.036100	0.001777	0.011500	0.000279	0.069262	0.012301	0.399812
40	0.410307	0.059512	0.033982	0.001670	0.011401	0.000284	0.067047	0.012008	0.403789
41	0.411746	0.059367	0.032141	0.001519	0.011202	0.000250	0.064710	0.011532	0.407533
42	0.412507	0.059306	0.030646	0.001389	0.011021	0.000237	0.062482	0.011364	0.411048
43	0.412977	0.059332	0.029125	0.001266	0.010989	0.000220	0.060368	0.011028	0.414695
44	0.413787	0.059354	0.027446	0.001168	0.010667	0.000167	0.058244	0.010481	0.418686
45	0.414826	0.059149	0.026194	0.001122	0.010432	0.000154	0.056029	0.010191	0.421903
46	0.415100	0.058965	0.024357	0.001016	0.010457	0.000131	0.054115	0.009879	0.425980
47	0.415665	0.058621	0.022910	0.000998	0.010409	0.000117	0.052229	0.009550	0.429501
48	0.415889	0.058643	0.021371	0.000921	0.010292	0.000090	0.050147	0.009257	0.433390
49	0.416123	0.058610	0.019962	0.000836	0.010122	0.000089	0.048752	0.008962	0.436544
50	0.416127	0.058191	0.018664	0.000730	0.010016	0.000078	0.047220	0.008558	0.440416
51	0.415972	0.058321	0.017413	0.000705	0.009808	0.000069	0.045620	0.008377	0.443715
52	0.415608	0.058273	0.016471	0.000666	0.009755	0.000054	0.044142	0.007988	0.447043
53	0.415178	0.058304	0.015372	0.000629	0.009473	0.000061	0.042961	0.007697	0.450325
54	0.414757	0.058025	0.014425	0.000549	0.009298	0.000050	0.041235	0.007363	0.454298
55	0.414242	0.057856	0.013563	0.000496	0.009235	0.000043	0.039823	0.007177	0.457565
56	0.413183	0.057623	0.012781	0.000459	0.009078	0.000041	0.038214	0.007034	0.461587
57	0.412297	0.057873	0.011861	0.000447	0.008995	0.000028	0.037029	0.006840	0.464630
58	0.411065	0.057785	0.011282	0.000427	0.008901	0.000028	0.036014	0.006646	0.467852
59	0.410217	0.057659	0.010448	0.000404	0.008821	0.000021	0.034685	0.006460	0.471285
60	0.409364	0.057616	0.009816	0.000377	0.008702	0.000013	0.033324	0.006273	0.474515
61	0.408469	0.057299	0.009271	0.000341	0.008693	0.000009	0.032161	0.006169	0.477588
62	0.407016	0.057024	0.008849	0.000311	0.008614	0.000013	0.031107	0.006054	0.481012
63	0.405393	0.056711	0.008317	0.000297	0.008459	0.000008	0.030114	0.005809	0.484892
64	0.404554	0.056147	0.007712	0.000299	0.008382	0.000013	0.028923	0.005762	0.488208
65	0.403298	0.056330	0.007240	0.000265	0.008283	0.000009	0.028177	0.005431	0.490967
66	0.401783	0.055988	0.006785	0.000230	0.008232	0.000010	0.027270	0.005331	0.494371
67	0.399655	0.055581	0.006414	0.000228	0.008165	0.000006	0.026595	0.005213	0.498143
68	0.398513	0.055065	0.006001	0.000213	0.008084	0.000007	0.025686	0.005062	0.501369
69	0.396676	0.054516	0.005623	0.000210	0.008089	0.000007	0.024880	0.004849	0.505150
70	0.395012	0.054001	0.005268	0.000203	0.007958	0.000010	0.024222	0.004684	0.508642
71	0.393215	0.053520	0.004874	0.000191	0.007965	0.000012	0.023571	0.004605	0.512047
72	0.391826	0.053424	0.004621	0.000170	0.007779	0.000010	0.022855	0.004463	0.514852
73	0.389571	0.052996	0.004320	0.000163	0.007677	0.000008	0.022289	0.004239	0.518737
74	0.387914	0.052751	0.004087	0.000157	0.007642	0.000007	0.021575	0.004065	0.521802
75	0.386467	0.052222	0.003865	0.000164	0.007449	0.000012	0.020936	0.003979	0.524906
76	0.384337	0.052175	0.003595	0.000181	0.007335	0.000005	0.020222	0.003896	0.528254
77	0.382040	0.052140	0.003328	0.000191	0.007323	0.000002	0.019715	0.003734	0.531527
78	0.379779	0.051932	0.003065	0.000174	0.007264	0.000004	0.019274	0.003742	0.534766
79	0.377981	0.051592	0.002906	0.000181	0.007228	0.000002	0.018703	0.003657	0.537750
80	0.375936	0.051248	0.002691	0.000178	0.007204	0.000000	0.018149	0.003496	0.541098
81	0.373997	0.050856	0.002525	0.000163	0.007126	0.000000	0.017752	0.003380	0.544201
82	0.371721	0.050831	0.002336	0.000155	0.006959	0.000000	0.017147	0.003308	0.547543
83	0.369807	0.050163	0.002253	0.000139	0.006967	0.000000	0.016685	0.003240	0.550746
84	0.367546	0.050050	0.002126	0.000129	0.006911	0.000000	0.016305	0.003204	0.553729
85	0.366040	0.049613	0.002007	0.000127	0.006850	0.000000	0.016036	0.003060	0.556267
86	0.363967	0.049250	0.001920	0.000123	0.006820	0.000000	0.015657	0.002974	0.559289
87	0.361825	0.048754	0.001818	0.000119	0.006810	0.000000	0.015294	0.002913	0.562467
88	0.359256	0.048545	0.001739	0.000117	0.006894	0.000000	0.014977	0.002843	0.565629
89	0.356863	0.048045	0.001627	0.000098	0.006820	0.000000	0.014617	0.002790	0.569140
90	0.354765	0.047703	0.001579	0.000081	0.006884	0.000000	0.014305	0.002712	0.571971
91	0.352004	0.047499	0.001480	0.000078	0.006815	0.000000	0.013985	0.002623	0.575516
92	0.349400	0.047052	0.001441	0.000075	0.006799	0.000000	0.013648	0.002578	0.579007
93	0.346893	0.046569	0.001347	0.000078	0.006695	0.000000	0.013477	0.002528	0.582413
94	0.344848	0.046134	0.001278	0.000066	0.006665	0.000000	0.013244	0.002366	0.585399
95	0.342449	0.045636	0.001210	0.000071	0.006555	0.000000	0.012926	0.002274	0.588879
96	0.340459	0.045280	0.001160	0.000059	0.006429	0.000000	0.012614	0.002258	0.591741
97	0.337770	0.044980	0.001097	0.000054	0.006454	0.000000	0.012378	0.002214	0.595053
98	0.335297	0.044550	0.001033	0.000049	0.006326	0.000000	0.012061	0.002152	0.598532
99	0.332893	0.044080	0.000959	0.000047	0.006282	0.000000	0.012055	0.002065	0.601619
100	0.330458	0.043658	0.000941	0.000050	0.006218	0.000000	0.011849	0.002076	0.604750
101	0.328074	0.043254	0.000867	0.000042	0.006247	0.000000	0.011677	0.002072	0.607767
102	0.326044	0.042590	0.000841	0.000043	0.006180	0.000000	0.011418	0.002059	0.610825
103	0.323547	0.042372	0.000806	0.000054	0.006057	0.000000	0.011265	0.002022	0.613877
104	0.321745	0.042029	0.000767	0.000053	0.005953	0.000000	0.011091	0.001971	0.616391
105	0.319405	0.041730	0.000694	0.000062	0.005920	0.000000	0.010737	0.001964	0.619488
106	0.316686	0.041532	0.000718	0.000069	0.005901	0.000000	0.010528	0.001929	0.622637
107	0.314509	0.041460	0.000671	0.000060	0.005889	0.000000	0.010317	0.001916	0.625178
108	0.311981	0.041047	0.000610	0.000054	0.005799	0.000000	0.010255	0.001901	0.628353
109	0.309515	0.040556	0.000569	0.000052	0.005698	0.000000	0.010137	0.001897	0.631576
110	0.307284	0.040230	0.000500	0.000057	0.005618	0.000000	0.010125	0.001831	0.634355
111	0.304522	0.040077	0.000449	0.000060	0.005571	0.000000	0.009918	0.001765	0.637638
112	0.301945	0.039879	0.000431	0.000057	0.005416	0.000000	0.009642	0.001708	0.640922
113	0.299608	0.039367	0.000402	0.000056	0.005367	0.000000	0.009355	0.001684	0.644161
114	0.297072	0.038911	0.000397	0.000060	0.005321	0.000000	0.009264	0.001618	0.647357
115	0.295235	0.038763	0.000396	0.000056	0.005234	0.000000	0.009019	0.001618	0.649679
116	0.293037	0.038388	0.000362	0.000054	0.005242	0.000000	0.008906	0.001611	0.652400
117	0.290102	0.038098	0.000349	0.000058	0.005104	0.000000	0.008796	0.001560	0.655933
118	0.288148	0.037906	0.000340	0.000080	0.005046	0.000000	0.008656	0.001473	0.658351
119	0.285825	0.037540	0.000316	0.000071	0.005013	0.000000	0.008658	0.001425	0.661152
120	0.283571	0.037277	0.000311	0.000063	0.004975	0.000000	0.008632	0.001413	0.663758
121	0.281367	0.037006	0.000300	0.000046	0.004967	0.000000	0.008491	0.001336	0.666487
122	0.279605	0.036527	0.000319	0.000049	0.004854	0.000000	0.008518	0.001305	0.668823
123	0.277405	0.036409	0.000313	0.000037	0.004808	0.000000	0.008454	0.001243	0.671331
124	0.274975	0.036198	0.000317	0.000042	0.004787	0.000000	0.008351	0.001245	0.674085
125	0.272595	0.035933	0.000297	0.000040	0.004689	0.000000	0.008269	0.001216	0.676961
126	0.269890	0.035880	0.000298	0.000030	0.004620	0.000000	0.008001	0.001231	0.680050
127	0.267794	0.035507	0.000265	0.000031	0.004601	0.000000	0.007866	0.001207	0.682729
128	0.265797	0.034774	0.000270	0.000039	0.004606	0.000000	0.007730	0.001224	0.685560
129	0.263172	0.034717	0.000243	0.000037	0.004490	0.000000	0.007586	0.001145	0.688610
130	0.260893	0.034158	0.000246	0.000040	0.004440	0.000000	0.007543	0.001168	0.691512
131	0.258927	0.033896	0.000234	0.000040	0.004389	0.000000	0.007466	0.001186	0.693862
132	0.256399	0.033841	0.000225	0.000037	0.004303	0.000000	0.007376	0.001190	0.696629
133	0.253657	0.033555	0.000222	0.000038	0.004251	0.000000	0.007288	0.001147	0.699842
134	0.251357	0.033294	0.000203	0.000038	0.004227	0.000000	0.007081	0.001160	0.702640
135	0.248841	0.033040	0.000190	0.000038	0.004225	0.000000	0.007039	0.001157	0.705470
136	0.247268	0.032673	0.000198	0.000039	0.004150	0.000000	0.006997	0.001170	0.707505
137	0.245557	0.032434	0.000172	0.000038	0.004024	0.000000	0.006855	0.001167	0.709753
138	0.243289	0.032209	0.000169	0.000037	0.004019	0.000000	0.006796	0.001194	0.712287
139	0.241326	0.031858	0.000170	0.000032	0.004013	0.000000	0.006727	0.001159	0.714715
140	0.239134	0.031694	0.000144	0.000031	0.004000	0.000000	0.006606	0.001145	0.717246
141	0.237018	0.031149	0.000130	0.000027	0.003936	0.000000	0.006658	0.001117	0.719965
142	0.234854	0.030854	0.000132	0.000027	0.003880	0.000000	0.006647	0.001104	0.722502
143	0.232228	0.030627	0.000119	0.000026	0.003804	0.000000	0.006552	0.001075	0.725569
144	0.230052	0.030266	0.000081	0.000027	0.003737	0.000000	0.006396	0.001068	0.728373
145	0.227555	0.030007	0.000084	0.000030	0.003689	0.000000	0.006329	0.001015	0.731291
146	0.225574	0.029754	0.000092	0.000027	0.003675	0.000000	0.006332	0.000995	0.733551
147	0.223748	0.029292	0.000077	0.000027	0.003640	0.000000	0.006196	0.000952	0.736068
148	0.221725	0.028820	0.000077	0.000027	0.003659	0.000000	0.006200	0.000980	0.738512
149	0.219894	0.028550	0.000062	0.000024	0.003667	0.000000	0.006120	0.000970	0.740713
150	0.217875	0.028389	0.000057	0.000031	0.003652	0.000000	0.006030	0.000997	0.742969
151	0.215801	0.028276	0.000050	0.000020	0.003639	0.000000	0.005971	0.001004	0.745239
152	0.213550	0.027960	0.000049	0.000020	0.003587	0.000000	0.005988	0.001031	0.747815
153	0.211202	0.027794	0.000042	0.000011	0.003524	0.000000	0.005842	0.001039	0.750546
154	0.209401	0.027396	0.000046	0.000014	0.003491	0.000000	0.005802	0.001001	0.752849
155	0.207369	0.027166	0.000043	0.000014	0.003538	0.000000	0.005729	0.000951	0.755190
156	0.205429	0.026745	0.000052	0.000018	0.003525	0.000000	0.005715	0.000902	0.757614
157	0.203677	0.026440	0.000037	0.000020	0.003442	0.000000	0.005746	0.000916	0.759722
158	0.201611	0.026392	0.000031	0.000020	0.003391	0.000000	0.005571	0.000914	0.762070
159	0.199692	0.025999	0.000038	0.000016	0.003329	0.000000	0.005618	0.000893	0.764415
160	0.197528	0.025754	0.000040	0.000023	0.003236	0.000000	0.005580	0.000898	0.766941
161	0.195898	0.025567	0.000041	0.000024	0.003218	0.000000	0.005423	0.000917	0.768912
162	0.194142	0.025495	0.000037	0.000019	0.003214	0.000000	0.005361	0.000895	0.770837
163	0.191868	0.025303	0.000033	0.000020	0.003212	0.000000	0.005217	0.000859	0.773488
164	0.189701	0.025163	0.000023	0.000017	0.003196	0.000000	0.005209	0.000843	0.775848
165	0.187845	0.024814	0.000030	0.000022	0.003115	0.000000	0.005219	0.000836	0.778119
166	0.185905	0.024567	0.000029	0.000023	0.003031	0.000000	0.005286	0.000835	0.780324
167	0.184048	0.024161	0.000024	0.000022	0.003001	0.000000	0.005241	0.000804	0.782699
168	0.181859	0.024020	0.000024	0.000016	0.002929	0.000000	0.005195	0.000814	0.785143
169	0.179805	0.023686	0.000020	0.000017	0.002900	0.000000	0.005198	0.000803	0.787571
170	0.178243	0.023293	0.000018	0.000020	0.002808	0.000000	0.005109	0.000790	0.789719
171	0.176473	0.022949	0.000012	0.000017	0.002762	0.000000	0.005143	0.000772	0.791872
172	0.174557	0.023107	0.000009	0.000010	0.002702	0.000000	0.005155	0.000780	0.793680
173	0.172545	0.023066	0.000011	0.000014	0.002692	0.000000	0.005082	0.000790	0.795800
174	0.171051	0.022725	0.000007	0.000012	0.002610	0.000000	0.005026	0.000767	0.797802
175	0.169156	0.022518	0.000009	0.000012	0.002562	0.000000	0.004951	0.000747	0.800045
176	0.167305	0.022355	0.000006	0.000008	0.002473	0.000000	0.004866	0.000701	0.802286
177	0.165670	0.022189	0.000009	0.000008	0.002438	0.000000	0.004817	0.000675	0.804194
178	0.163902	0.021993	0.000008	0.000010	0.002379	0.000000	0.004798	0.000706	0.806204
179	0.162097	0.021678	0.000008	0.000007	0.002337	0.000000	0.004646	0.000695	0.808532
180	0.160369	0.021328	0.000004	0.000007	0.002310	0.000000	0.004575	0.000697	0.810710
181	0.158767	0.021307	0.000007	0.000006	0.002262	0.000000	0.004589	0.000673	0.812389
182	0.157046	0.021061	0.000007	0.000006	0.002212	0.000000	0.004461	0.000681	0.814526
183	0.155237	0.020583	0.000005	0.000007	0.002150	0.000000	0.004433	0.000691	0.816894
184	0.153620	0.020332	0.000005	0.000005	0.002060	0.000000	0.004434	0.000687	0.818857
185	0.151965	0.019849	0.000006	0.000009	0.002072	0.000000	0.004324	0.000687	0.821088
186	0.151012	0.019429	0.000007	0.000012	0.001987	0.000000	0.004286	0.000697	0.822570
187	0.149537	0.018978	0.000002	0.000009	0.001951	0.000000	0.004197	0.000676	0.824650
188	0.148077	0.018807	0.000002	0.000008	0.001844	0.000000	0.004187	0.000678	0.826397
189	0.146396	0.018694	0.000005	0.000006	0.001835	0.000000	0.004139	0.000674	0.828251
190	0.144521	0.018670	0.000006	0.000006	0.001750	0.000000	0.004093	0.000657	0.830297
191	0.143065	0.018520	0.000003	0.000007	0.001720	0.000000	0.004075	0.000646	0.831964
192	0.141664	0.018051	0.000002	0.000004	0.001666	0.000000	0.003998	0.000646	0.833969
193	0.140263	0.017804	0.000002	0.000005	0.001645	0.000000	0.003901	0.000638	0.835742
194	0.138810	0.017505	0.000003	0.000008	0.001624	0.000000	0.003898	0.000637	0.837515
195	0.137275	0.017344	0.000002	0.000011	0.001552	0.000000	0.003956	0.000654	0.839206
196	0.136122	0.017096	0.000005	0.000011	0.001536	0.000000	0.003952	0.000650	0.840628
197	0.134582	0.016772	0.000003	0.000012	0.001461	0.000000	0.003960	0.000678	0.842532
198	0.133163	0.016539	0.000004	0.000008	0.001421	0.000000	0.003943	0.000648	0.844274
199	0.132077	0.016384	0.000001	0.000009	0.001403	0.000000	0.003952	0.000631	0.845543
200	0.130850	0.016106	0.000005	0.000014	0.001345	0.000000	0.003909	0.000664	0.847107
201	0.129447	0.015907	0.000004	0.000020	0.001319	0.000000	0.003869	0.000651	0.848783
202	0.127836	0.015692	0.000005	0.000017	0.001278	0.000000	0.003851	0.000625	0.850696
203	0.126699	0.015556	0.000003	0.000017	0.001237	0.000000	0.003753	0.000628	0.852107
204	0.125573	0.015423	0.000003	0.000013	0.001191	0.000000	0.003680	0.000594	0.853523
205	0.124261	0.015458	0.000000	0.000013	0.001179	0.000000	0.003671	0.000603	0.854815
206	0.123039	0.015070	0.000002	0.000014	0.001113	0.000000	0.003616	0.000594	0.856552
207	0.121773	0.014998	0.000002	0.000015	0.001118	0.000000	0.003571	0.000598	0.857925
208	0.120632	0.014875	0.000003	0.000016	0.001096	0.000000	0.003593	0.000618	0.859167
209	0.119054	0.014874	0.000004	0.000017	0.001074	0.000000	0.003517	0.000620	0.860840
210	0.117788	0.014718	0.000004	0.000021	0.001076	0.000000	0.003549	0.000611	0.862233
211	0.117080	0.014536	0.000003	0.000020	0.001039	0.000000	0.003579	0.000606	0.863137
212	0.115651	0.014347	0.000003	0.000014	0.000999	0.000000	0.003521	0.000616	0.864849
213	0.114521	0.014202	0.000000	0.000013	0.000986	0.000000	0.003559	0.000598	0.866121
214	0.113172	0.014086	0.000002	0.000014	0.000997	0.000000	0.003495	0.000549	0.867685
215	0.111844	0.013846	0.000001	0.000015	0.000975	0.000000	0.003451	0.000545	0.869323
216	0.110841	0.013725	0.000005	0.000019	0.000950	0.000000	0.003476	0.000544	0.870440
217	0.109291	0.013599	0.000005	0.000019	0.000967	0.000000	0.003495	0.000509	0.872115
218	0.107945	0.013399	0.000002	0.000016	0.000928	0.000000	0.003477	0.000481	0.873752
219	0.106686	0.013260	0.000003	0.000009	0.000898	0.000000	0.003475	0.000496	0.875173
220	0.105130	0.013102	0.000005	0.000013	0.000884	0.000000	0.003506	0.000490	0.876870
221	0.103863	0.013013	0.000006	0.000007	0.000866	0.000000	0.003500	0.000494	0.878251
222	0.102594	0.012899	0.000006	0.000006	0.000823	0.000000	0.003444	0.000505	0.879723
223	0.101041	0.012777	0.000007	0.000004	0.000823	0.000000	0.003300	0.000481	0.881567
224	0.099697	0.012631	0.000010	0.000008	0.000789	0.000000	0.003293	0.000463	0.883109
225	0.098686	0.012510	0.000013	0.000009	0.000801	0.000000	0.003251	0.000467	0.884263
226	0.097396	0.012415	0.000009	0.000006	0.000779	0.000000	0.003201	0.000443	0.885751
227	0.096311	0.012426	0.000010	0.000007	0.000748	0.000000	0.003207	0.000460	0.886831
228	0.095150	0.012054	0.000011	0.000007	0.000739	0.000000	0.003196	0.000462	0.888381
229	0.093930	0.011973	0.000011	0.000004	0.000707	0.000000	0.003185	0.000474	0.889716
230	0.092924	0.011901	0.000008	0.000005	0.000696	0.000000	0.003238	0.000499	0.890729
231	0.091876	0.011644	0.000009	0.000007	0.000677	0.000000	0.003189	0.000513	0.892085
232	0.090705	0.011562	0.000005	0.000015	0.000663	0.000000	0.003238	0.000488	0.893324
233	0.089628	0.011447	0.000004	0.000015	0.000611	0.000000	0.003230	0.000521	0.894544
234	0.088631	0.011216	0.000004	0.000008	0.000560	0.000000	0.003225	0.000493	0.895863
235	0.087787	0.011183	0.000003	0.000013	0.000545	0.000000	0.003249	0.000493	0.896727
236	0.086745	0.010950	0.000005	0.000013	0.000496	0.000000	0.003322	0.000497	0.897972
237	0.085689	0.010869	0.000003	0.000007	0.000514	0.000000	0.003289	0.000490	0.899139
238	0.084753	0.010785	0.000004	0.000007	0.000511	0.000000	0.003358	0.000512	0.900070
239	0.083549	0.010785	0.000003	0.000008	0.000495	0.000000	0.003368	0.000481	0.901311
240	0.082714	0.010669	0.000003	0.000009	0.000453	0.000000	0.003320	0.000453	0.902379
241	0.081646	0.010510	0.000004	0.000015	0.000440	0.000000	0.003392	0.000428	0.903565
242	0.080814	0.010457	0.000001	0.000012	0.000413	0.000000	0.003363	0.000402	0.904538
243	0.080003	0.010274	0.000001	0.000011	0.000413	0.000000	0.003399	0.000414	0.905485
244	0.079059	0.010096	0.000000	0.000008	0.000405	0.000000	0.003366	0.000394	0.906672
245	0.077960	0.010071	0.000000	0.000006	0.000397	0.000000	0.003418	0.000384	0.907764
246	0.077102	0.009858	0.000000	0.000002	0.000363	0.000000	0.003390	0.000374	0.908911
247	0.076342	0.009715	0.000000	0.000001	0.000342	0.000000	0.003439	0.000380	0.909781
248	0.075668	0.009501	0.000000	0.000001	0.000329	0.000000	0.003370	0.000378	0.910753
249	0.074776	0.009310	0.000000	0.000001	0.000324	0.000000	0.003395	0.000411	0.911783
250	0.073996	0.009134	0.000000	0.000002	0.000335	0.000000	0.003383	0.000396	0.912754
251	0.073146	0.009003	0.000000	0.000001	0.000321	0.000000	0.003376	0.000401	0.913752
252	0.072277	0.008819	0.000000	0.000001	0.000322	0.000000	0.003357	0.000401	0.914823
253	0.071253	0.008688	0.000000	0.000002	0.000337	0.000000	0.003413	0.000399	0.915908
254	0.070472	0.008520	0.000000	0.000000	0.000319	0.000000	0.003404	0.000394	0.916891
255	0.069905	0.008491	0.000000	0.000001	0.000278	0.000000	0.003409	0.000397	0.917519
256	0.069038	0.008365	0.000000	0.000005	0.000253	0.000000	0.003417	0.000411	0.918511
257	0.068252	0.008289	0.000000	0.000006	0.000267	0.000000	0.003448	0.000408	0.919330
258	0.067412	0.008051	0.000000	0.000006	0.000268	0.000000	0.003485	0.000456	0.920322
259	0.066712	0.007972	0.000000	0.000008	0.000246	0.000000	0.003492	0.000446	0.921124
260	0.065799	0.007925	0.000000	0.000006	0.000245	0.000000	0.003490	0.000432	0.922103
261	0.064985	0.007855	0.000000	0.000004	0.000239	0.000000	0.003476	0.000448	0.922993
262	0.064266	0.007779	0.000000	0.000005	0.000224	0.000000	0.003418	0.000455	0.923853
263	0.063418	0.007581	0.000000	0.000007	0.000219	0.000000	0.003450	0.000435	0.924890
264	0.062535	0.007642	0.000000	0.000007	0.000214	0.000000	0.003481	0.000436	0.925685
265	0.061871	0.007515	0.000000	0.000004	0.000225	0.000000	0.003391	0.000421	0.926573
266	0.061191	0.007528	0.000000	0.000002	0.000219	0.000000	0.003252	0.000414	0.927394
267	0.060417	0.007361	0.000000	0.000001	0.000209	0.000000	0.003188	0.000425	0.928399
268	0.059679	0.007239	0.000000	0.000000	0.000196	0.000000	0.003175	0.000421	0.929290
269	0.058994	0.007146	0.000000	0.000003	0.000216	0.000000	0.003169	0.000415	0.930057
270	0.058269	0.007150	0.000000	0.000003	0.000206	0.000000	0.003203	0.000431	0.930738
271	0.057537	0.007172	0.000000	0.000002	0.000207	0.000000	0.003203	0.000447	0.931432
272	0.056734	0.007067	0.000000	0.000004	0.000195	0.000000	0.003193	0.000443	0.932364
273	0.056053	0.007026	0.000000	0.000004	0.000198	0.000000	0.003158	0.000447	0.933114
274	0.055370	0.006904	0.000000	0.000002	0.000205	0.000000	0.003112	0.000433	0.933974
275	0.054838	0.006855	0.000000	0.000001	0.000198	0.000000	0.003085	0.000443	0.934580
276	0.054145	0.006761	0.000000	0.000000	0.000197	0.000000	0.003099	0.000434	0.935364
277	0.053746	0.006757	0.000000	0.000000	0.000202	0.000000	0.003135	0.000426	0.935734
278	0.053118	0.006616	0.000000	0.000000	0.000204	0.000000	0.003067	0.000399	0.936596
279	0.052599	0.006512	0.000000	0.000000	0.000215	0.000000	0.003129	0.000420	0.937125
280	0.051807	0.006508	0.000000	0.000000	0.000198	0.000000	0.003162	0.000400	0.937925
281	0.050986	0.006363	0.000000	0.000000	0.000211	0.000000	0.003156	0.000432	0.938852
282	0.050331	0.006317	0.000000	0.000000	0.000204	0.000000	0.003183	0.000400	0.939565
283	0.049995	0.006307	0.000000	0.000000	0.000198	0.000000	0.003230	0.000398	0.939872
284	0.049110	0.006262	0.000000	0.000000	0.000185	0.000000	0.003276	0.000398	0.940769
285	0.048307	0.006255	0.000000	0.000000	0.000177	0.000000	0.003245	0.000401	0.941615
286	0.047788	0.006281	0.000000	0.000000	0.000177	0.000000	0.003214	0.000411	0.942129
287	0.047390	0.006122	0.000000	0.000000	0.000175	0.000000	0.003212	0.000417	0.942684
288	0.046853	0.006090	0.000000	0.000000	0.000163	0.000000	0.003230	0.000423	0.943241
289	0.046105	0.006056	0.000000	0.000000	0.000157	0.000000	0.003192	0.000421	0.944069
290	0.045578	0.005913	0.000000	0.000000	0.000157	0.000000	0.003161	0.000422	0.944769
291	0.044880	0.005911	0.000000	0.000000	0.000152	0.000000	0.003207	0.000424	0.945426
292	0.044178	0.005798	0.000000	0.000000	0.000164	0.000000	0.003209	0.000438	0.946213
293	0.043659	0.005758	0.000000	0.000000	0.000156	0.000000	0.003212	0.000435	0.946780
294	0.043102	0.005786	0.000000	0.000000	0.000159	0.000000	0.003219	0.000432	0.947302
295	0.042349	0.005716	0.000000	0.000000	0.000164	0.000000	0.003265	0.000448	0.948058
296	0.041897	0.005550	0.000000	0.000000	0.000153	0.000000	0.003222	0.000456	0.948722
297	0.041284	0.005516	0.000000	0.000000	0.000145	0.000000	0.003217	0.000451	0.949387
298	0.040745	0.005504	0.000000	0.000000	0.000146	0.000000	0.003169	0.000458	0.949978
299	0.039986	0.005420	0.000000	0.000000	0.000146	0.000000	0.003141	0.000429	0.950878
300	0.039782	0.005303	0.000000	0.000000	0.000140	0.000000	0.003200	0.000416	0.951159
301	0.039164	0.005244	0.000000	0.000000	0.000145	0.000000	0.003211	0.000443	0.951793
302	0.038729	0.005130	0.000000	0.000000	0.000162	0.000000	0.003201	0.000441	0.952337
303	0.038134	0.005094	0.000000	0.000000	0.000163	0.000000	0.003266	0.000446	0.952897
304	0.037727	0.005073	0.000000	0.000000	0.000162	0.000000	0.003291	0.000456	0.953291
305	0.037237	0.005106	0.000000	0.000000	0.000161	0.000000	0.003275	0.000453	0.953768
306	0.036734	0.005002	0.000000	0.000000	0.000149	0.000000	0.003218	0.000443	0.954454
307	0.036276	0.005009	0.000000	0.000000	0.000132	0.000000	0.003167	0.000440	0.954976
308	0.035721	0.005011	0.000000	0.000000	0.000122	0.000000	0.003165	0.000432	0.955549
309	0.035276	0.004937	0.000000	0.000000	0.000122	0.000000	0.003096	0.000419	0.956150
310	0.034680	0.004848	0.000000	0.000000	0.000115	0.000000	0.003090	0.000413	0.956854
311	0.034375	0.004811	0.000000	0.000000	0.000123	0.000000	0.003150	0.000429	0.957112
312	0.033806	0.004694	0.000000	0.000000	0.000124	0.000000	0.003192	0.000417	0.957767
313	0.033167	0.004693	0.000000	0.000000	0.000116	0.000000	0.003218	0.000384	0.958422
314	0.032665	0.004645	0.000000	0.000000	0.000108	0.000000	0.003206	0.000370	0.959006
315	0.032227	0.004555	0.000000	0.000000	0.000104	0.000000	0.003157	0.000373	0.959584
316	0.031790	0.004545	0.000000	0.000000	0.000106	0.000000	0.003177	0.000379	0.960003
317	0.031522	0.004447	0.000000	0.000000	0.000088	0.000000	0.003119	0.000376	0.960448
318	0.031101	0.004324	0.000000	0.000000	0.000086	0.000000	0.003133	0.000399	0.960957
319	0.030684	0.004290	0.000000	0.000000	0.000088	0.000000	0.003089	0.000408	0.961441
320	0.030321	0.004253	0.000000	0.000000	0.000085	0.000000	0.003110	0.000419	0.961812
321	0.030063	0.004269	0.000000	0.000000	0.000079	0.000000	0.003127	0.000425	0.962037
322	0.029574	0.004220	0.000000	0.000000	0.000085	0.000000	0.003166	0.000415	0.962540
323	0.029225	0.004130	0.000000	0.000000	0.000087	0.000000	0.003172	0.000408	0.962978
324	0.028766	0.004077	0.000000	0.000000	0.000088	0.000000	0.003162	0.000414	0.963493
325	0.028351	0.004058	0.000000	0.000000	0.000086	0.000000	0.003191	0.000412	0.963902
326	0.027987	0.003988	0.000000	0.000000	0.000090	0.000000	0.003175	0.000420	0.964340
327	0.027694	0.003915	0.000000	0.000000	0.000089	0.000000	0.003215	0.000428	0.964659
328	0.027385	0.003924	0.000000	0.000000	0.000094	0.000000	0.003170	0.000435	0.964992
329	0.027007	0.003869	0.000000	0.000000	0.000097	0.000000	0.003156	0.000421	0.965450
330	0.026563	0.003874	0.000000	0.000000	0.000093	0.000000	0.003152	0.000408	0.965910
331	0.026330	0.003805	0.000000	0.000000	0.000096	0.000000	0.003153	0.000406	0.966210
332	0.025892	0.003802	0.000000	0.000000	0.000092	0.000000	0.003095	0.000399	0.966720
333	0.025850	0.003738	0.000000	0.000000	0.000077	0.000000	0.003072	0.000392	0.966871
334	0.025489	0.003741	0.000000	0.000000	0.000080	0.000000	0.003138	0.000411	0.967141
335	0.025336	0.003748	0.000000	0.000000	0.000082	0.000000	0.003030	0.000416	0.967388
336	0.024956	0.003702	0.000000	0.000000	0.000076	0.000000	0.003015	0.000397	0.967854
337	0.024662	0.003678	0.000000	0.000000	0.000081	0.000000	0.003031	0.000397	0.968151
338	0.024396	0.003629	0.000000	0.000000	0.000075	0.000000	0.003041	0.000402	0.968457
339	0.024047	0.003566	0.000000	0.000000	0.000080	0.000000	0.003065	0.000428	0.968814
340	0.023564	0.003517	0.000000	0.000000	0.000081	0.000000	0.002980	0.000416	0.969442
341	0.023384	0.003534	0.000000	0.000000	0.000078	0.000000	0.002999	0.000419	0.969586
342	0.023033	0.003497	0.000000	0.000000	0.000073	0.000000	0.002964	0.000448	0.969985
343	0.022830	0.003490	0.000000	0.000000	0.000071	0.000000	0.002942	0.000439	0.970228
344	0.022409	0.003418	0.000000	0.000000	0.000067	0.000000	0.002929	0.000478	0.970699
345	0.022112	0.003345	0.000000	0.000000	0.000063	0.000000	0.002939	0.000476	0.971065
346	0.021836	0.003370	0.000000	0.000000	0.000059	0.000000	0.002889	0.000470	0.971376
347	0.021522	0.003367	0.000000	0.000000	0.000060	0.000000	0.002887	0.000462	0.971702
348	0.021078	0.003285	0.000000	0.000000	0.000050	0.000000	0.002908	0.000481	0.972198
349	0.020859	0.003221	0.000000	0.000000	0.000050	0.000000	0.002912	0.000474	0.972484
350	0.020516	0.003165	0.000000	0.000000	0.000045	0.000000	0.002953	0.000481	0.972840
351	0.020120	0.003065	0.000000	0.000000	0.000045	0.000000	0.002855	0.000487	0.973428
352	0.019841	0.003012	0.000000	0.000000	0.000049	0.000000	0.002866	0.000523	0.973709
353	0.019524	0.002983	0.000000	0.000000	0.000044	0.000000	0.002718	0.000503	0.974228
354	0.019085	0.003032	0.000000	0.000000	0.000046	0.000000	0.002766	0.000471	0.974600
355	0.018931	0.002935	0.000000	0.000000	0.000049	0.000000	0.002711	0.000507	0.974867
356	0.018779	0.002935	0.000000	0.000000	0.000052	0.000000	0.002703	0.000502	0.975029
357	0.018523	0.002830	0.000000	0.000000	0.000041	0.000000	0.002657	0.000511	0.975438
358	0.018176	0.002790	0.000000	0.000000	0.000041	0.000000	0.002604	0.000489	0.975900
359	0.017961	0.002763	0.000000	0.000000	0.000040	0.000000	0.002589	0.000479	0.976168
360	0.017807	0.002693	0.000000	0.000000	0.000037	0.000000	0.002568	0.000491	0.976404
361	0.017556	0.002724	0.000000	0.000000	0.000036	0.000000	0.002564	0.000463	0.976657
362	0.017425	0.002669	0.000000	0.000000	0.000029	0.000000	0.002516	0.000452	0.976909
363	0.017162	0.002644	0.000000	0.000000	0.000034	0.000000	0.002495	0.000468	0.977197
364	0.017017	0.002606	0.000000	0.000000	0.000033	0.000000	0.002448	0.000464	0.977432
365	0.016780	0.002603	0.000000	0.000000	0.000032	0.000000	0.002477	0.000460	0.977648
366	0.016567	0.002471	0.000000	0.000000	0.000036	0.000000	0.002450	0.000451	0.978025
367	0.016321	0.002397	0.000000	0.000000	0.000040	0.000000	0.002432	0.000439	0.978371
368	0.015920	0.002426	0.000000	0.000000	0.000034	0.000000	0.002441	0.000436	0.978743
369	0.015831	0.002343	0.000000	0.000000	0.000030	0.000000	0.002408	0.000434	0.978954
370	0.015512	0.002375	0.000000	0.000000	0.000026	0.000000	0.002355	0.000423	0.979309
371	0.015324	0.002312	0.000000	0.000000	0.000026	0.000000	0.002361	0.000439	0.979538
372	0.015097	0.002270	0.000000	0.000000	0.000026	0.000000	0.002408	0.000431	0.979768
373	0.014863	0.002250	0.000000	0.000000	0.000020	0.000000	0.002366	0.000449	0.980052
374	0.014632	0.002194	0.000000	0.000000	0.000015	0.000000	0.002357	0.000456	0.980346
375	0.014412	0.002156	0.000000	0.000000	0.000016	0.000000	0.002346	0.000456	0.980614
376	0.014185	0.002120	0.000000	0.000000	0.000017	0.000000	0.002407	0.000455	0.980816
377	0.013990	0.002083	0.000000	0.000000	0.000014	0.000000	0.002425	0.000435	0.981053
378	0.013821	0.002055	0.000000	0.000000	0.000016	0.000000	0.002356	0.000426	0.981326
379	0.013517	0.001991	0.000000	0.000000	0.000019	0.000000	0.002337	0.000412	0.981724
380	0.013236	0.002010	0.000000	0.000000	0.000019	0.000000	0.002350	0.000406	0.981979
381	0.013037	0.001995	0.000000	0.000000	0.000020	0.000000	0.002334	0.000432	0.982182
382	0.012832	0.001966	0.000000	0.000000	0.000017	0.000000	0.002266	0.000431	0.982488
383	0.012700	0.001955	0.000000	0.000000	0.000019	0.000000	0.002260	0.000436	0.982630
384	0.012573	0.001913	0.000000	0.000000	0.000015	0.000000	0.002228	0.000442	0.982829
385	0.012334	0.001908	0.000000	0.000000	0.000019	0.000000	0.002233	0.000458	0.983048
386	0.012172	0.001879	0.000000	0.000000	0.000020	0.000000	0.002197	0.000454	0.983278
387	0.011985	0.001856	0.000000	0.000000	0.000015	0.000000	0.002231	0.000454	0.983459
388	0.011781	0.001764	0.000000	0.000000	0.000012	0.000000	0.002257	0.000452	0.983734
389	0.011515	0.001744	0.000000	0.000000	0.000015	0.000000	0.002286	0.000457	0.983983
390	0.011410	0.001764	0.000000	0.000000	0.000013	0.000000	0.002330	0.000457	0.984026
391	0.011223	0.001685	0.000000	0.000000	0.000010	0.000000	0.002263	0.000458	0.984361
392	0.011124	0.001647	0.000000	0.000000	0.000010	0.000000	0.002336	0.000457	0.984426
393	0.010769	0.001666	0.000000	0.000000	0.000009	0.000000	0.002345	0.000455	0.984756
394	0.010626	0.001584	0.000000	0.000000	0.000008	0.000000	0.002346	0.000451	0.984985
395	0.010490	0.001520	0.000000	0.000000	0.000008	0.000000	0.002359	0.000466	0.985157
396	0.010230	0.001460	0.000000	0.000000	0.000007	0.000000	0.002382	0.000480	0.985441
397	0.010126	0.001441	0.000000	0.000000	0.000006	0.000000	0.002401	0.000431	0.985595
398	0.010040	0.001392	0.000000	0.000000	0.000002	0.000000	0.002395	0.000424	0.985747
399	0.009778	0.001371	0.000000	0.000000	0.000004	0.000000	0.002397	0.000425	0.986025
400	0.009699	0.001380	0.000000	0.000000	0.000004	0.000000	0.002399	0.000389	0.986129
401	0.009554	0.001373	0.000000	0.000000	0.000006	0.000000	0.002407	0.000379	0.986281
402	0.009429	0.001324	0.000000	0.000000	0.000006	0.000000	0.002410	0.000399	0.986432
403	0.009259	0.001376	0.000000	0.000000	0.000006	0.000000	0.002422	0.000394	0.986543
404	0.009091	0.001311	0.000000	0.000000	0.000005	0.000000	0.002401	0.000398	0.986794
405	0.008851	0.001292	0.000000	0.000000	0.000004	0.000000	0.002414	0.000391	0.987048
406	0.008777	0.001230	0.000000	0.000000	0.000002	0.000000	0.002373	0.000402	0.987216
407	0.008580	0.001216	0.000000	0.000000	0.000002	0.000000	0.002378	0.000382	0.987442
408	0.008396	0.001182	0.000000	0.000000	0.000001	0.000000	0.002389	0.000395	0.987637
409	0.008251	0.001141	0.000000	0.000000	0.000000	0.000000	0.002382	0.000396	0.987830
410	0.008281	0.001102	0.000000	0.000000	0.000000	0.000000	0.002409	0.000394	0.987814
411	0.008206	0.001083	0.000000	0.000000	0.000000	0.000000	0.002464	0.000407	0.987840
412	0.008144	0.001047	0.000000	0.000000	0.000000	0.000000	0.002479	0.000404	0.987926
413	0.007966	0.001025	0.000000	0.000000	0.000000	0.000000	0.002493	0.000392	0.988124
414	0.007773	0.001038	0.000000	0.000000	0.000000	0.000000	0.002468	0.000377	0.988344
415	0.007711	0.001050	0.000000	0.000000	0.000000	0.000000	0.002462	0.000374	0.988403
416	0.007633	0.001024	0.000000	0.000000	0.000000	0.000000	0.002474	0.000374	0.988495
417	0.007540	0.001024	0.000000	0.000000	0.000000	0.000000	0.002494	0.000370	0.988572
418	0.007430	0.001018	0.000000	0.000000	0.000000	0.000000	0.002444	0.000340	0.988768
419	0.007352	0.000999	0.000000	0.000000	0.000000	0.000000	0.002453	0.000338	0.988858
420	0.007244	0.000998	0.000000	0.000000	0.000000	0.000000	0.002446	0.000352	0.988960
421	0.007094	0.000945	0.000000	0.000000	0.000000	0.000000	0.002490	0.000337	0.989134
422	0.007037	0.000963	0.000000	0.000000	0.000000	0.000000	0.002427	0.000340	0.989233
423	0.006939	0.000956	0.000000	0.000000	0.000000	0.000000	0.002528	0.000325	0.989252
424	0.006790	0.000929	0.000000	0.000000	0.000000	0.000000	0.002498	0.000330	0.989453
425	0.006647	0.000905	0.000000	0.000000	0.000000	0.000000	0.002542	0.000357	0.989549
426	0.006622	0.000885	0.000000	0.000000	0.000000	0.000000	0.002516	0.000353	0.989624
427	0.006464	0.000906	0.000000	0.000000	0.000000	0.000000	0.002481	0.000375	0.989774
428	0.006363	0.000873	0.000000	0.000000	0.000000	0.000000	0.002486	0.000363	0.989915
429	0.006235	0.000880	0.000000	0.000000	0.000000	0.000000	0.002538	0.000337	0.990010
430	0.006061	0.000882	0.000000	0.000000	0.000000	0.000000	0.002525	0.000325	0.990207
431	0.005893	0.000863	0.000000	0.000000	0.000000	0.000000	0.002459	0.000306	0.990479
432	0.005811	0.000846	0.000000	0.000000	0.000000	0.000000	0.002444	0.000288	0.990611
433	0.005733	0.000800	0.000000	0.000000	0.000000	0.000000	0.002437	0.000278	0.990752
434	0.005604	0.000818	0.000000	0.000000	0.000000	0.000000	0.002451	0.000275	0.990852
435	0.005520	0.000806	0.000000	0.000000	0.000000	0.000000	0.002491	0.000291	0.990892
436	0.005461	0.000773	0.000000	0.000000	0.000000	0.000000	0.002446	0.000317	0.991003
437	0.005403	0.000794	0.000000	0.000000	0.000000	0.000000	0.002482	0.000324	0.990997
438	0.005370	0.000771	0.000000	0.000000	0.000000	0.000000	0.002478	0.000337	0.991044
439	0.005210	0.000767	0.000000	0.000000	0.000000	0.000000	0.002491	0.000333	0.991199
440	0.005187	0.000722	0.000000	0.000000	0.000000	0.000000	0.002475	0.000309	0.991307
441	0.004976	0.000730	0.000000	0.000000	0.000000	0.000000	0.002431	0.000307	0.991556
442	0.004931	0.000730	0.000000	0.000000	0.000000	0.000000	0.002446	0.000297	0.991596
443	0.004862	0.000721	0.000000	0.000000	0.000000	0.000000	0.002490	0.000317	0.991610
444	0.004720	0.000715	0.000000	0.000000	0.000000	0.000000	0.002546	0.000323	0.991696
445	0.004638	0.000712	0.000000	0.000000	0.000000	0.000000	0.002640	0.000318	0.991692
446	0.004588	0.000708	0.000000	0.000000	0.000000	0.000000	0.002627	0.000328	0.991749
447	0.004540	0.000660	0.000000	0.000000	0.000000	0.000000	0.002574	0.000307	0.991919
448	0.004516	0.000636	0.000000	0.000000	0.000000	0.000000	0.002541	0.000294	0.992013
449	0.004470	0.000656	0.000000	0.000000	0.000000	0.000000	0.002527	0.000280	0.992067
450	0.004401	0.000651	0.000000	0.000000	0.000000	0.000000	0.002510	0.000282	0.992156
451	0.004213	0.000633	0.000000	0.000000	0.000000	0.000000	0.002530	0.000292	0.992332
452	0.004147	0.000642	0.000000	0.000000	0.000000	0.000000	0.002514	0.000307	0.992390
453	0.004108	0.000621	0.000000	0.000000	0.000000	0.000000	0.002523	0.000299	0.992449
454	0.004017	0.000626	0.000000	0.000000	0.000000	0.000000	0.002507	0.000289	0.992561
455	0.003980	0.000631	0.000000	0.000000	0.000000	0.000000	0.002461	0.000291	0.992637
456	0.003884	0.000652	0.000000	0.000000	0.000000	0.000000	0.002413	0.000287	0.992764
457	0.003821	0.000663	0.000000	0.000000	0.000000	0.000000	0.002387	0.000284	0.992845
458	0.003756	0.000634	0.000000	0.000000	0.000000	0.000000	0.002348	0.000276	0.992986
459	0.003680	0.000599	0.000000	0.000000	0.000000	0.000000	0.002316	0.000272	0.993133
460	0.003608	0.000591	0.000000	0.000000	0.000000	0.000000	0.002326	0.000249	0.993226
461	0.003563	0.000565	0.000000	0.000000	0.000000	0.000000	0.002334	0.000258	0.993280
462	0.003502	0.000549	0.000000	0.000000	0.000000	0.000000	0.002321	0.000272	0.993356
463	0.003409	0.000529	0.000000	0.000000	0.000000	0.000000	0.002390	0.000278	0.993394
464	0.003392	0.000525	0.000000	0.000000	0.000000	0.000000	0.002332	0.000267	0.993484
465	0.003380	0.000488	0.000000	0.000000	0.000000	0.000000	0.002354	0.000249	0.993529
466	0.003397	0.000498	0.000000	0.000000	0.000000	0.000000	0.002285	0.000250	0.993570
467	0.003338	0.000491	0.000000	0.000000	0.000000	0.000000	0.002282	0.000252	0.993637
468	0.003296	0.000504	0.000000	0.000000	0.000000	0.000000	0.002314	0.000255	0.993631
469	0.003266	0.000487	0.000000	0.000000	0.000000	0.000000	0.002277	0.000257	0.993713
470	0.003175	0.000497	0.000000	0.000000	0.000000	0.000000	0.002284	0.000235	0.993809
