0	0.290663	0.057897	0.229473	0.157588	0.029913	0.111872	0.085455	0.012259	0.024880
1	0.236833	0.048895	0.203694	0.135066	0.027676	0.116368	0.118926	0.022797	0.089745
2	0.240745	0.049301	0.206327	0.125580	0.027368	0.109873	0.118711	0.022966	0.099129
3	0.251691	0.050223	0.210945	0.117166	0.027301	0.101801	0.115531	0.022200	0.103142
4	0.263349	0.050953	0.215286	0.109800	0.027652	0.094333	0.111399	0.020878	0.106350
5	0.275292	0.051784	0.219453	0.103519	0.028197	0.086646	0.106384	0.019815	0.108910
6	0.287318	0.052135	0.223396	0.096609	0.028843	0.079838	0.101862	0.018569	0.111430
7	0.299397	0.052617	0.225577	0.090524	0.029398	0.074238	0.097641	0.017381	0.113227
8	0.311436	0.053176	0.227416	0.085035	0.030137	0.068046	0.093049	0.016288	0.115417
9	0.323215	0.053653	0.229260	0.079855	0.030921	0.062363	0.088291	0.015142	0.117300
10	0.334699	0.053717	0.230291	0.074542	0.031902	0.057191	0.084096	0.014196	0.119366
11	0.345793	0.053957	0.231612	0.069383	0.032978	0.052545	0.079612	0.013345	0.120775
12	0.357034	0.054450	0.231792	0.064598	0.033971	0.048447	0.075307	0.012293	0.122108
13	0.368030	0.054362	0.232047	0.060568	0.034892	0.044113	0.071072	0.011506	0.123410
14	0.377390	0.054796	0.232601	0.056248	0.036181	0.040528	0.067340	0.010684	0.124232
15	0.387459	0.054878	0.232348	0.052252	0.037329	0.036974	0.063478	0.010065	0.125217
16	0.396293	0.054950	0.231986	0.048819	0.038361	0.033747	0.060415	0.009384	0.126045
17	0.406201	0.054770	0.230955	0.045355	0.039492	0.030832	0.056719	0.008801	0.126875
18	0.414563	0.054771	0.229782	0.042614	0.040846	0.028236	0.053600	0.008254	0.127334
19	0.423132	0.054685	0.228671	0.039277	0.042194	0.025886	0.050489	0.007617	0.128049
20	0.430851	0.054709	0.227440	0.036656	0.043434	0.023557	0.047533	0.007193	0.128627
21	0.438400	0.054349	0.225895	0.034323	0.044843	0.021597	0.044749	0.006728	0.129116
22	0.445927	0.054277	0.224629	0.032253	0.045955	0.019934	0.042008	0.006292	0.128725
23	0.452915	0.054097	0.222827	0.030043	0.047900	0.018188	0.039418	0.005795	0.128817
24	0.459647	0.053901	0.220722	0.028173	0.049492	0.016734	0.036746	0.005556	0.129029
25	0.465588	0.053686	0.219410	0.026527	0.051295	0.015413	0.034306	0.005154	0.128621
26	0.471580	0.053670	0.217335	0.024839	0.053232	0.014291	0.032161	0.004727	0.128165
27	0.477676	0.053101	0.215267	0.023245	0.054742	0.013231	0.030223	0.004366	0.128149
28	0.483251	0.052714	0.212685	0.021985	0.056845	0.012300	0.028123	0.004205	0.127892
29	0.488756	0.052308	0.210322	0.020783	0.058841	0.011326	0.026290	0.003875	0.127499
30	0.494377	0.051706	0.207873	0.019564	0.060412	0.010534	0.024766	0.003611	0.127157
31	0.498808	0.051421	0.205669	0.018493	0.062548	0.009751	0.023129	0.003339	0.126842
32	0.504025	0.051115	0.203118	0.017559	0.064252	0.009032	0.021812	0.003150	0.125937
33	0.508079	0.050612	0.200823	0.016635	0.066441	0.008519	0.020324	0.002958	0.125609
34	0.512370	0.050674	0.198318	0.015579	0.068422	0.007966	0.019028	0.002772	0.124871
35	0.515835	0.050217	0.196214	0.014632	0.071064	0.007483	0.017664	0.002539	0.124352
36	0.519585	0.049741	0.193876	0.013904	0.073364	0.007057	0.016759	0.002373	0.123341
37	0.523072	0.049209	0.191998	0.013223	0.075612	0.006631	0.015598	0.002147	0.122510
38	0.526302	0.048746	0.189700	0.012525	0.078396	0.006207	0.014720	0.001968	0.121436
39	0.529404	0.048347	0.186991	0.012125	0.080989	0.005956	0.013868	0.001821	0.120499
40	0.532124	0.048100	0.184855	0.011570	0.083771	0.005458	0.013175	0.001702	0.119245
41	0.534835	0.047868	0.182532	0.010991	0.086590	0.005015	0.012370	0.001602	0.118197
42	0.537434	0.047388	0.180170	0.010418	0.089400	0.004703	0.011531	0.001466	0.117490
43	0.539838	0.046820	0.178070	0.009996	0.092372	0.004490	0.010754	0.001369	0.116291
44	0.543038	0.046129	0.175703	0.009590	0.095152	0.004321	0.009967	0.001259	0.114841
45	0.544680	0.045589	0.173471	0.009284	0.098471	0.004088	0.009313	0.001231	0.113873
46	0.546984	0.044931	0.171225	0.008833	0.101742	0.004036	0.008709	0.001091	0.112449
47	0.549127	0.044582	0.168772	0.008539	0.104783	0.003698	0.008151	0.001064	0.111284
48	0.550685	0.043628	0.167483	0.008121	0.107828	0.003559	0.007624	0.000993	0.110079
49	0.552372	0.043515	0.164877	0.007746	0.111567	0.003341	0.007080	0.000959	0.108543
50	0.554016	0.043096	0.162671	0.007619	0.114782	0.003172	0.006617	0.000897	0.107130
51	0.555891	0.042744	0.160408	0.007361	0.118062	0.002983	0.006305	0.000817	0.105429
52	0.557025	0.042128	0.158434	0.007207	0.121918	0.002856	0.005824	0.000758	0.103850
53	0.559408	0.041303	0.155551	0.006981	0.125637	0.002721	0.005391	0.000703	0.102305
54	0.561503	0.040784	0.153322	0.006787	0.129127	0.002573	0.005070	0.000677	0.100157
55	0.562624	0.040169	0.151269	0.006578	0.132866	0.002447	0.004743	0.000637	0.098667
56	0.563563	0.039540	0.149446	0.006454	0.136810	0.002415	0.004464	0.000519	0.096789
57	0.565095	0.038857	0.147731	0.006212	0.140509	0.002346	0.004158	0.000498	0.094594
58	0.565704	0.038543	0.145758	0.006035	0.144149	0.002254	0.003843	0.000431	0.093283
59	0.567026	0.037688	0.143582	0.005837	0.148003	0.002176	0.003708	0.000383	0.091597
60	0.567003	0.037570	0.141639	0.005773	0.151966	0.002080	0.003380	0.000340	0.090249
61	0.567776	0.036629	0.139885	0.005575	0.155942	0.001970	0.003199	0.000314	0.088710
62	0.568691	0.036203	0.137741	0.005232	0.159868	0.001943	0.002958	0.000279	0.087085
63	0.569247	0.035505	0.136252	0.005158	0.163870	0.001840	0.002724	0.000247	0.085157
64	0.569106	0.035194	0.134890	0.005048	0.167817	0.001776	0.002549	0.000220	0.083400
65	0.569461	0.034601	0.133049	0.004862	0.172116	0.001700	0.002324	0.000217	0.081670
66	0.569186	0.034153	0.131296	0.004751	0.176554	0.001674	0.002184	0.000195	0.080007
67	0.568617	0.033841	0.129503	0.004678	0.181419	0.001544	0.002006	0.000177	0.078215
68	0.568375	0.033214	0.127516	0.004491	0.186218	0.001451	0.001842	0.000159	0.076734
69	0.567927	0.032551	0.125823	0.004424	0.191069	0.001375	0.001699	0.000141	0.074991
70	0.567047	0.032209	0.124411	0.004373	0.195719	0.001416	0.001561	0.000131	0.073133
71	0.565502	0.031526	0.122976	0.004287	0.201063	0.001402	0.001447	0.000115	0.071682
72	0.565085	0.030951	0.121529	0.004215	0.205596	0.001307	0.001336	0.000125	0.069856
73	0.563707	0.030429	0.120461	0.004129	0.210473	0.001302	0.001251	0.000101	0.068147
74	0.562960	0.029951	0.118562	0.004105	0.215295	0.001304	0.001116	0.000096	0.066611
75	0.561668	0.029597	0.116896	0.004031	0.220254	0.001224	0.001045	0.000075	0.065210
76	0.560166	0.029063	0.115892	0.004017	0.225161	0.001217	0.000973	0.000060	0.063451
77	0.559075	0.028561	0.114296	0.003903	0.230262	0.001241	0.000905	0.000054	0.061703
78	0.557793	0.028107	0.112687	0.003798	0.235286	0.001180	0.000834	0.000053	0.060262
79	0.556031	0.027810	0.111070	0.003704	0.240714	0.001102	0.000814	0.000051	0.058704
80	0.554647	0.027088	0.109534	0.003688	0.246160	0.001127	0.000734	0.000048	0.056974
81	0.553203	0.026732	0.108025	0.003635	0.251336	0.001099	0.000630	0.000045	0.055295
82	0.551145	0.026380	0.106819	0.003590	0.256660	0.001052	0.000584	0.000042	0.053728
83	0.549291	0.025877	0.105584	0.003544	0.261864	0.001017	0.000576	0.000038	0.052209
84	0.547709	0.025434	0.103964	0.003556	0.267162	0.001009	0.000542	0.000039	0.050585
85	0.545630	0.024875	0.102450	0.003423	0.273022	0.000986	0.000490	0.000039	0.049085
86	0.543480	0.024413	0.100955	0.003327	0.278632	0.000965	0.000468	0.000035	0.047725
87	0.541224	0.023909	0.099366	0.003309	0.284488	0.000936	0.000430	0.000034	0.046304
88	0.538775	0.023360	0.098298	0.003200	0.290129	0.000912	0.000377	0.000036	0.044913
89	0.536706	0.022944	0.096986	0.003203	0.295395	0.000845	0.000351	0.000027	0.043543
90	0.533834	0.022347	0.095590	0.003149	0.301661	0.000844	0.000322	0.000027	0.042226
91	0.531163	0.021997	0.094512	0.003109	0.307142	0.000849	0.000311	0.000022	0.040895
92	0.528638	0.021594	0.093228	0.003132	0.312724	0.000815	0.000275	0.000014	0.039580
93	0.525934	0.021121	0.092098	0.003123	0.318262	0.000783	0.000269	0.000012	0.038398
94	0.523493	0.020733	0.090547	0.003153	0.323964	0.000830	0.000237	0.000010	0.037033
95	0.520584	0.020249	0.089383	0.003059	0.329759	0.000764	0.000211	0.000003	0.035988
96	0.517412	0.019905	0.088469	0.003028	0.335449	0.000760	0.000190	0.000004	0.034783
97	0.514431	0.019436	0.087315	0.002944	0.341264	0.000749	0.000178	0.000004	0.033679
98	0.511412	0.018989	0.086143	0.002864	0.347385	0.000706	0.000144	0.000003	0.032354
99	0.508211	0.018386	0.085047	0.002800	0.353479	0.000700	0.000131	0.000002	0.031244
100	0.504128	0.018164	0.083979	0.002825	0.359919	0.000697	0.000117	0.000000	0.030171
101	0.500932	0.017820	0.082679	0.002742	0.365864	0.000687	0.000100	0.000000	0.029176
102	0.497945	0.017243	0.081621	0.002730	0.371458	0.000676	0.000099	0.000000	0.028228
103	0.494779	0.016941	0.080152	0.002646	0.377394	0.000691	0.000085	0.000000	0.027312
104	0.491413	0.016457	0.079123	0.002700	0.383317	0.000659	0.000081	0.000000	0.026250
105	0.487714	0.016093	0.078059	0.002674	0.389420	0.000645	0.000064	0.000000	0.025331
106	0.484123	0.015692	0.077201	0.002684	0.395195	0.000637	0.000061	0.000000	0.024407
107	0.480281	0.015391	0.076413	0.002600	0.401058	0.000606	0.000049	0.000000	0.023602
108	0.476501	0.015091	0.075409	0.002550	0.407148	0.000607	0.000048	0.000000	0.022646
109	0.472337	0.014733	0.074502	0.002564	0.413344	0.000583	0.000053	0.000000	0.021884
110	0.468934	0.014401	0.073607	0.002558	0.419036	0.000578	0.000045	0.000000	0.020841
111	0.464781	0.014110	0.072621	0.002510	0.425309	0.000588	0.000041	0.000000	0.020040
112	0.461182	0.013802	0.071498	0.002473	0.431196	0.000550	0.000042	0.000000	0.019257
113	0.457242	0.013324	0.070561	0.002418	0.437391	0.000531	0.000046	0.000000	0.018487
114	0.453526	0.013139	0.069292	0.002364	0.443299	0.000509	0.000039	0.000000	0.017832
115	0.449541	0.012667	0.067904	0.002393	0.449767	0.000496	0.000036	0.000000	0.017196
116	0.445330	0.012361	0.066826	0.002390	0.455889	0.000519	0.000026	0.000000	0.016659
117	0.441349	0.011990	0.065879	0.002368	0.461768	0.000527	0.000021	0.000000	0.016098
118	0.437383	0.011721	0.064868	0.002359	0.467961	0.000494	0.000021	0.000000	0.015193
119	0.433147	0.011697	0.064306	0.002419	0.473248	0.000511	0.000019	0.000000	0.014653
120	0.428599	0.011254	0.063171	0.002429	0.480006	0.000496	0.000017	0.000000	0.014028
121	0.424116	0.011042	0.062620	0.002345	0.485881	0.000478	0.000007	0.000000	0.013511
122	0.420395	0.010893	0.061798	0.002413	0.491038	0.000470	0.000009	0.000000	0.012984
123	0.415739	0.010605	0.060868	0.002426	0.497364	0.000479	0.000011	0.000000	0.012508
124	0.411866	0.010468	0.059889	0.002376	0.502959	0.000458	0.000009	0.000000	0.011975
125	0.407778	0.010235	0.058770	0.002351	0.509011	0.000452	0.000007	0.000000	0.011396
126	0.403501	0.009921	0.057951	0.002333	0.515132	0.000400	0.000008	0.000000	0.010754
127	0.399128	0.009528	0.057179	0.002336	0.521053	0.000410	0.000009	0.000000	0.010357
128	0.394659	0.009322	0.056347	0.002310	0.526966	0.000430	0.000005	0.000000	0.009961
129	0.390524	0.009105	0.055351	0.002315	0.532948	0.000418	0.000006	0.000000	0.009333
130	0.386617	0.008761	0.054527	0.002292	0.538453	0.000367	0.000006	0.000000	0.008977
131	0.381882	0.008568	0.053504	0.002334	0.544718	0.000376	0.000003	0.000000	0.008615
132	0.377405	0.008386	0.052650	0.002325	0.550458	0.000386	0.000003	0.000000	0.008387
133	0.372671	0.008326	0.051833	0.002318	0.556548	0.000375	0.000006	0.000000	0.007923
134	0.368158	0.008130	0.050964	0.002306	0.562400	0.000390	0.000010	0.000000	0.007642
135	0.363273	0.007888	0.050425	0.002249	0.568621	0.000387	0.000006	0.000000	0.007151
136	0.358915	0.007815	0.049414	0.002203	0.574458	0.000415	0.000003	0.000000	0.006777
137	0.354540	0.007504	0.048619	0.002198	0.580146	0.000444	0.000006	0.000000	0.006543
138	0.350070	0.007255	0.047881	0.002184	0.586021	0.000429	0.000005	0.000000	0.006155
139	0.345217	0.006959	0.046988	0.002191	0.592309	0.000415	0.000005	0.000000	0.005916
140	0.341108	0.006741	0.046248	0.002200	0.597689	0.000399	0.000005	0.000000	0.005610
141	0.336465	0.006581	0.045701	0.002153	0.603359	0.000391	0.000003	0.000000	0.005347
142	0.331927	0.006379	0.044920	0.002166	0.609162	0.000374	0.000004	0.000000	0.005068
143	0.327056	0.006211	0.044353	0.002068	0.615122	0.000387	0.000004	0.000000	0.004799
144	0.322150	0.006045	0.043681	0.002090	0.621138	0.000374	0.000003	0.000000	0.004519
145	0.318079	0.005775	0.043168	0.002047	0.626234	0.000358	0.000002	0.000000	0.004337
146	0.313469	0.005620	0.042688	0.002023	0.631693	0.000363	0.000002	0.000000	0.004142
147	0.309558	0.005326	0.042048	0.002050	0.636764	0.000349	0.000002	0.000000	0.003903
148	0.305168	0.005157	0.041539	0.002012	0.642086	0.000353	0.000002	0.000000	0.003683
149	0.300819	0.005007	0.040737	0.001982	0.647552	0.000337	0.000001	0.000000	0.003565
150	0.296197	0.004873	0.040085	0.001999	0.653141	0.000357	0.000002	0.000000	0.003346
151	0.291914	0.004710	0.039502	0.001945	0.658428	0.000354	0.000001	0.000000	0.003146
152	0.287357	0.004583	0.038796	0.001977	0.663884	0.000349	0.000000	0.000000	0.003054
153	0.283321	0.004411	0.038140	0.001945	0.668906	0.000336	0.000000	0.000000	0.002941
154	0.278821	0.004386	0.037533	0.001980	0.674176	0.000333	0.000000	0.000000	0.002771
155	0.274457	0.004174	0.036991	0.002019	0.679285	0.000324	0.000000	0.000000	0.002750
156	0.270393	0.004154	0.036413	0.001949	0.684074	0.000327	0.000000	0.000000	0.002690
157	0.266224	0.003950	0.035803	0.001982	0.689192	0.000332	0.000000	0.000000	0.002517
158	0.261951	0.003848	0.035430	0.001954	0.694093	0.000315	0.000000	0.000000	0.002409
159	0.257787	0.003678	0.034786	0.001943	0.699099	0.000325	0.000000	0.000000	0.002382
160	0.253509	0.003524	0.034294	0.001921	0.704174	0.000324	0.000000	0.000000	0.002254
161	0.249428	0.003468	0.033809	0.001833	0.708972	0.000327	0.000000	0.000000	0.002163
162	0.245357	0.003343	0.033149	0.001816	0.713990	0.000332	0.000000	0.000000	0.002013
163	0.241647	0.003211	0.032564	0.001772	0.718598	0.000317	0.000000	0.000000	0.001891
164	0.237600	0.003131	0.031926	0.001799	0.723431	0.000320	0.000000	0.000000	0.001793
165	0.233838	0.003024	0.031304	0.001791	0.728022	0.000312	0.000000	0.000000	0.001709
166	0.230113	0.003004	0.030707	0.001775	0.732430	0.000320	0.000000	0.000000	0.001651
167	0.226074	0.002848	0.030065	0.001716	0.737417	0.000314	0.000000	0.000000	0.001566
168	0.222168	0.002796	0.029841	0.001735	0.741628	0.000324	0.000000	0.000000	0.001508
169	0.218218	0.002696	0.029296	0.001781	0.746237	0.000312	0.000000	0.000000	0.001460
170	0.214239	0.002640	0.028906	0.001788	0.750683	0.000337	0.000000	0.000000	0.001407
171	0.210418	0.002504	0.028442	0.001817	0.755123	0.000336	0.000000	0.000000	0.001360
172	0.206811	0.002342	0.027984	0.001810	0.759414	0.000325	0.000000	0.000000	0.001314
173	0.203073	0.002295	0.027752	0.001823	0.763463	0.000331	0.000000	0.000000	0.001263
174	0.199522	0.002247	0.027224	0.001815	0.767643	0.000316	0.000000	0.000000	0.001233
175	0.196631	0.002230	0.026475	0.001760	0.771421	0.000305	0.000000	0.000000	0.001178
176	0.192955	0.002112	0.026074	0.001777	0.775652	0.000299	0.000000	0.000000	0.001131
177	0.189596	0.002028	0.025711	0.001757	0.779499	0.000298	0.000000	0.000000	0.001111
178	0.186014	0.001933	0.025459	0.001716	0.783530	0.000290	0.000000	0.000000	0.001058
179	0.182706	0.001942	0.024786	0.001724	0.787552	0.000296	0.000000	0.000000	0.000994
180	0.179465	0.001868	0.024383	0.001791	0.791256	0.000269	0.000000	0.000000	0.000968
181	0.176224	0.001769	0.023831	0.001795	0.795153	0.000280	0.000000	0.000000	0.000948
182	0.173045	0.001672	0.023249	0.001779	0.799085	0.000297	0.000000	0.000000	0.000873
183	0.169721	0.001645	0.022927	0.001740	0.802820	0.000309	0.000000	0.000000	0.000838
184	0.166625	0.001594	0.022564	0.001726	0.806383	0.000292	0.000000	0.000000	0.000816
185	0.163718	0.001503	0.022139	0.001721	0.809859	0.000309	0.000000	0.000000	0.000751
186	0.160381	0.001480	0.021809	0.001723	0.813550	0.000327	0.000000	0.000000	0.000730
187	0.157223	0.001438	0.021281	0.001742	0.817290	0.000324	0.000000	0.000000	0.000702
188	0.154057	0.001393	0.020921	0.001781	0.820882	0.000297	0.000000	0.000000	0.000669
189	0.151026	0.001361	0.020527	0.001758	0.824345	0.000301	0.000000	0.000000	0.000682
190	0.148311	0.001335	0.020199	0.001726	0.827457	0.000308	0.000000	0.000000	0.000664
191	0.145243	0.001268	0.019834	0.001676	0.831052	0.000312	0.000000	0.000000	0.000615
192	0.142044	0.001214	0.019417	0.001713	0.834693	0.000319	0.000000	0.000000	0.000600
193	0.139383	0.001207	0.018899	0.001717	0.837916	0.000305	0.000000	0.000000	0.000573
194	0.136120	0.001188	0.018525	0.001681	0.841639	0.000286	0.000000	0.000000	0.000561
195	0.133314	0.001125	0.018143	0.001692	0.844931	0.000279	0.000000	0.000000	0.000516
196	0.130765	0.001096	0.017648	0.001678	0.848049	0.000258	0.000000	0.000000	0.000506
197	0.128160	0.001054	0.017315	0.001700	0.851044	0.000263	0.000000	0.000000	0.000464
198	0.125177	0.001005	0.017079	0.001683	0.854325	0.000275	0.000000	0.000000	0.000456
199	0.122440	0.001008	0.016740	0.001686	0.857401	0.000271	0.000000	0.000000	0.000454
200	0.119778	0.000956	0.016266	0.001660	0.860617	0.000279	0.000000	0.000000	0.000444
201	0.117052	0.000957	0.016138	0.001651	0.863500	0.000268	0.000000	0.000000	0.000434
202	0.114736	0.000881	0.015678	0.001654	0.866401	0.000234	0.000000	0.000000	0.000416
203	0.112578	0.000822	0.015469	0.001608	0.868871	0.000238	0.000000	0.000000	0.000414
204	0.110216	0.000783	0.015096	0.001602	0.871671	0.000246	0.000000	0.000000	0.000386
205	0.107647	0.000782	0.014739	0.001589	0.874609	0.000265	0.000000	0.000000	0.000369
206	0.105298	0.000753	0.014330	0.001631	0.877332	0.000284	0.000000	0.000000	0.000372
207	0.102894	0.000755	0.014092	0.001641	0.880020	0.000269	0.000000	0.000000	0.000329
208	0.100545	0.000687	0.013859	0.001676	0.882672	0.000270	0.000000	0.000000	0.000291
209	0.098426	0.000638	0.013613	0.001668	0.885105	0.000279	0.000000	0.000000	0.000271
210	0.095976	0.000607	0.013347	0.001658	0.887877	0.000282	0.000000	0.000000	0.000253
211	0.093954	0.000573	0.012920	0.001702	0.890345	0.000253	0.000000	0.000000	0.000253
212	0.091872	0.000512	0.012712	0.001715	0.892689	0.000272	0.000000	0.000000	0.000228
213	0.089480	0.000545	0.012419	0.001676	0.895382	0.000277	0.000000	0.000000	0.000221
214	0.087201	0.000521	0.012040	0.001711	0.898057	0.000247	0.000000	0.000000	0.000223
215	0.085315	0.000483	0.011768	0.001697	0.900314	0.000228	0.000000	0.000000	0.000195
216	0.083260	0.000454	0.011540	0.001642	0.902669	0.000244	0.000000	0.000000	0.000191
217	0.081315	0.000430	0.011354	0.001685	0.904804	0.000214	0.000000	0.000000	0.000198
218	0.079500	0.000401	0.010992	0.001637	0.907071	0.000210	0.000000	0.000000	0.000189
219	0.077487	0.000397	0.010812	0.001620	0.909296	0.000208	0.000000	0.000000	0.000180
220	0.075651	0.000384	0.010451	0.001645	0.911512	0.000205	0.000000	0.000000	0.000152
221	0.073692	0.000358	0.010316	0.001648	0.913646	0.000214	0.000000	0.000000	0.000126
222	0.071779	0.000352	0.010026	0.001586	0.915919	0.000206	0.000000	0.000000	0.000132
223	0.070004	0.000350	0.009784	0.001593	0.917918	0.000217	0.000000	0.000000	0.000134
224	0.068286	0.000335	0.009435	0.001598	0.920024	0.000193	0.000000	0.000000	0.000129
225	0.066332	0.000335	0.009323	0.001586	0.922080	0.000219	0.000000	0.000000	0.000125
226	0.064670	0.000314	0.008974	0.001542	0.924162	0.000200	0.000000	0.000000	0.000138
227	0.063102	0.000297	0.008663	0.001527	0.926072	0.000210	0.000000	0.000000	0.000129
228	0.061330	0.000281	0.008557	0.001524	0.927956	0.000227	0.000000	0.000000	0.000125
229	0.059726	0.000271	0.008246	0.001531	0.929885	0.000221	0.000000	0.000000	0.000120
230	0.058311	0.000281	0.008019	0.001563	0.931473	0.000235	0.000000	0.000000	0.000118
231	0.056816	0.000269	0.007825	0.001598	0.933153	0.000239	0.000000	0.000000	0.000100
232	0.055208	0.000282	0.007643	0.001551	0.934990	0.000216	0.000000	0.000000	0.000110
233	0.053677	0.000247	0.007421	0.001574	0.936749	0.000211	0.000000	0.000000	0.000121
234	0.052182	0.000251	0.007322	0.001573	0.938336	0.000220	0.000000	0.000000	0.000116
235	0.050844	0.000240	0.007165	0.001577	0.939866	0.000209	0.000000	0.000000	0.000099
236	0.049460	0.000221	0.006840	0.001609	0.941559	0.000207	0.000000	0.000000	0.000104
237	0.048121	0.000208	0.006733	0.001590	0.943057	0.000196	0.000000	0.000000	0.000095
238	0.046882	0.000205	0.006462	0.001591	0.944559	0.000202	0.000000	0.000000	0.000099
239	0.045601	0.000187	0.006300	0.001606	0.946022	0.000193	0.000000	0.000000	0.000091
240	0.044206	0.000192	0.006124	0.001641	0.947543	0.000214	0.000000	0.000000	0.000080
241	0.042997	0.000187	0.005921	0.001649	0.948983	0.000195	0.000000	0.000000	0.000068
242	0.041899	0.000170	0.005835	0.001642	0.950178	0.000212	0.000000	0.000000	0.000064
243	0.040885	0.000175	0.005658	0.001625	0.951380	0.000224	0.000000	0.000000	0.000053
244	0.039634	0.000173	0.005423	0.001646	0.952855	0.000212	0.000000	0.000000	0.000057
245	0.038608	0.000159	0.005197	0.001707	0.954052	0.000217	0.000000	0.000000	0.000060
246	0.037581	0.000152	0.005042	0.001678	0.955297	0.000201	0.000000	0.000000	0.000049
247	0.036379	0.000146	0.004912	0.001701	0.956630	0.000186	0.000000	0.000000	0.000046
248	0.035334	0.000132	0.004717	0.001672	0.957921	0.000181	0.000000	0.000000	0.000043
249	0.034665	0.000119	0.004520	0.001665	0.958785	0.000203	0.000000	0.000000	0.000043
250	0.033374	0.000112	0.004445	0.001654	0.960191	0.000181	0.000000	0.000000	0.000043
251	0.032318	0.000113	0.004437	0.001643	0.961274	0.000178	0.000000	0.000000	0.000037
252	0.031464	0.000113	0.004349	0.001661	0.962208	0.000182	0.000000	0.000000	0.000023
253	0.030731	0.000119	0.004220	0.001686	0.963020	0.000195	0.000000	0.000000	0.000029
254	0.029660	0.000103	0.004102	0.001710	0.964200	0.000201	0.000000	0.000000	0.000024
255	0.028822	0.000099	0.003981	0.001695	0.965180	0.000204	0.000000	0.000000	0.000019
256	0.028002	0.000097	0.003908	0.001641	0.966127	0.000206	0.000000	0.000000	0.000019
257	0.027065	0.000076	0.003744	0.001597	0.967273	0.000230	0.000000	0.000000	0.000015
258	0.026100	0.000068	0.003729	0.001642	0.968197	0.000248	0.000000	0.000000	0.000016
259	0.025264	0.000057	0.003676	0.001620	0.969170	0.000201	0.000000	0.000000	0.000012
260	0.024267	0.000059	0.003650	0.001627	0.970167	0.000213	0.000000	0.000000	0.000017
261	0.023483	0.000049	0.003508	0.001626	0.971109	0.000206	0.000000	0.000000	0.000019
262	0.022821	0.000042	0.003343	0.001624	0.971949	0.000203	0.000000	0.000000	0.000018
263	0.022006	0.000035	0.003219	0.001606	0.972908	0.000208	0.000000	0.000000	0.000018
264	0.021172	0.000030	0.003151	0.001630	0.973787	0.000211	0.000000	0.000000	0.000019
265	0.020292	0.000032	0.003130	0.001626	0.974684	0.000216	0.000000	0.000000	0.000020
266	0.019569	0.000038	0.003056	0.001602	0.975494	0.000221	0.000000	0.000000	0.000020
267	0.018938	0.000031	0.002869	0.001643	0.976279	0.000221	0.000000	0.000000	0.000019
268	0.018223	0.000032	0.002701	0.001636	0.977158	0.000236	0.000000	0.000000	0.000014
269	0.017635	0.000036	0.002608	0.001592	0.977872	0.000244	0.000000	0.000000	0.000013
270	0.017007	0.000030	0.002537	0.001604	0.978574	0.000240	0.000000	0.000000	0.000008
271	0.016359	0.000039	0.002464	0.001555	0.979322	0.000255	0.000000	0.000000	0.000006
272	0.015875	0.000037	0.002380	0.001546	0.979889	0.000267	0.000000	0.000000	0.000006
273	0.015376	0.000037	0.002298	0.001544	0.980487	0.000250	0.000000	0.000000	0.000008
274	0.014813	0.000037	0.002180	0.001558	0.981161	0.000246	0.000000	0.000000	0.000005
275	0.014411	0.000032	0.002102	0.001522	0.981689	0.000239	0.000000	0.000000	0.000005
276	0.013975	0.000040	0.001975	0.001512	0.982233	0.000257	0.000000	0.000000	0.000008
277	0.013464	0.000030	0.001932	0.001529	0.982792	0.000248	0.000000	0.000000	0.000005
278	0.012894	0.000026	0.001836	0.001571	0.983418	0.000249	0.000000	0.000000	0.000006
279	0.012422	0.000022	0.001716	0.001570	0.984055	0.000211	0.000000	0.000000	0.000004
280	0.011829	0.000016	0.001703	0.001571	0.984660	0.000217	0.000000	0.000000	0.000004
281	0.011492	0.000011	0.001630	0.001573	0.985062	0.000229	0.000000	0.000000	0.000003
282	0.011131	0.000012	0.001586	0.001571	0.985461	0.000234	0.000000	0.000000	0.000005
283	0.010726	0.000008	0.001508	0.001514	0.986008	0.000229	0.000000	0.000000	0.000007
284	0.010385	0.000005	0.001501	0.001570	0.986318	0.000217	0.000000	0.000000	0.000004
285	0.009969	0.000003	0.001427	0.001566	0.986800	0.000230	0.000000	0.000000	0.000005
286	0.009614	0.000003	0.001357	0.001592	0.987197	0.000231	0.000000	0.000000	0.000006
287	0.009206	0.000003	0.001345	0.001592	0.987616	0.000233	0.000000	0.000000	0.000005
288	0.008693	0.000005	0.001344	0.001637	0.988081	0.000234	0.000000	0.000000	0.000006
289	0.008319	0.000004	0.001265	0.001606	0.988585	0.000217	0.000000	0.000000	0.000004
290	0.007973	0.000003	0.001209	0.001602	0.989007	0.000205	0.000000	0.000000	0.000001
291	0.007681	0.000003	0.001154	0.001577	0.989381	0.000203	0.000000	0.000000	0.000001
292	0.007285	0.000003	0.001114	0.001568	0.989830	0.000199	0.000000	0.000000	0.000001
293	0.007076	0.000000	0.001091	0.001566	0.990069	0.000198	0.000000	0.000000	0.000000
294	0.006747	0.000000	0.001037	0.001518	0.990486	0.000212	0.000000	0.000000	0.000000
295	0.006530	0.000001	0.000998	0.001529	0.990718	0.000224	0.000000	0.000000	0.000000
296	0.006221	0.000001	0.000955	0.001538	0.991059	0.000226	0.000000	0.000000	0.000000
297	0.005993	0.000000	0.000903	0.001555	0.991348	0.000201	0.000000	0.000000	0.000000
298	0.005775	0.000000	0.000876	0.001579	0.991552	0.000218	0.000000	0.000000	0.000000
299	0.005503	0.000000	0.000826	0.001585	0.991868	0.000218	0.000000	0.000000	0.000000
300	0.005145	0.000000	0.000825	0.001586	0.992223	0.000221	0.000000	0.000000	0.000000
301	0.004918	0.000000	0.000774	0.001543	0.992542	0.000223	0.000000	0.000000	0.000000
302	0.004694	0.000000	0.000769	0.001589	0.992713	0.000235	0.000000	0.000000	0.000000
303	0.004473	0.000000	0.000749	0.001562	0.992995	0.000221	0.000000	0.000000	0.000000
304	0.004258	0.000000	0.000683	0.001570	0.993275	0.000214	0.000000	0.000000	0.000000
305	0.004100	0.000000	0.000627	0.001561	0.993489	0.000223	0.000000	0.000000	0.000000
306	0.003853	0.000000	0.000580	0.001534	0.993803	0.000230	0.000000	0.000000	0.000000
307	0.003673	0.000000	0.000580	0.001550	0.993961	0.000236	0.000000	0.000000	0.000000
308	0.003514	0.000000	0.000555	0.001567	0.994158	0.000206	0.000000	0.000000	0.000000
309	0.003360	0.000000	0.000548	0.001545	0.994334	0.000213	0.000000	0.000000	0.000000
310	0.003252	0.000000	0.000523	0.001528	0.994495	0.000202	0.000000	0.000000	0.000000
311	0.003153	0.000000	0.000492	0.001506	0.994648	0.000201	0.000000	0.000000	0.000000
312	0.002935	0.000000	0.000457	0.001510	0.994886	0.000212	0.000000	0.000000	0.000000
313	0.002686	0.000000	0.000423	0.001532	0.995124	0.000235	0.000000	0.000000	0.000000
314	0.002586	0.000000	0.000373	0.001515	0.995300	0.000226	0.000000	0.000000	0.000000
315	0.002457	0.000000	0.000350	0.001468	0.995508	0.000217	0.000000	0.000000	0.000000
316	0.002331	0.000000	0.000315	0.001504	0.995611	0.000239	0.000000	0.000000	0.000000
317	0.002220	0.000000	0.000276	0.001505	0.995729	0.000270	0.000000	0.000000	0.000000
318	0.002135	0.000000	0.000243	0.001520	0.995815	0.000287	0.000000	0.000000	0.000000
319	0.001982	0.000000	0.000202	0.001513	0.996015	0.000288	0.000000	0.000000	0.000000
320	0.001847	0.000000	0.000206	0.001504	0.996157	0.000286	0.000000	0.000000	0.000000
321	0.001712	0.000000	0.000184	0.001522	0.996294	0.000288	0.000000	0.000000	0.000000
322	0.001628	0.000000	0.000167	0.001509	0.996389	0.000307	0.000000	0.000000	0.000000
323	0.001552	0.000000	0.000153	0.001510	0.996497	0.000288	0.000000	0.000000	0.000000
324	0.001464	0.000000	0.000128	0.001538	0.996595	0.000275	0.000000	0.000000	0.000000
325	0.001412	0.000000	0.000119	0.001511	0.996678	0.000280	0.000000	0.000000	0.000000
326	0.001335	0.000000	0.000112	0.001492	0.996781	0.000280	0.000000	0.000000	0.000000
327	0.001249	0.000000	0.000107	0.001472	0.996889	0.000283	0.000000	0.000000	0.000000
328	0.001197	0.000000	0.000102	0.001457	0.996940	0.000304	0.000000	0.000000	0.000000
329	0.001121	0.000000	0.000110	0.001446	0.997013	0.000310	0.000000	0.000000	0.000000
330	0.001078	0.000000	0.000093	0.001454	0.997065	0.000310	0.000000	0.000000	0.000000
331	0.001010	0.000000	0.000082	0.001502	0.997089	0.000317	0.000000	0.000000	0.000000
332	0.000960	0.000000	0.000079	0.001521	0.997137	0.000303	0.000000	0.000000	0.000000
333	0.000918	0.000000	0.000050	0.001517	0.997183	0.000332	0.000000	0.000000	0.000000
334	0.000844	0.000000	0.000042	0.001516	0.997278	0.000320	0.000000	0.000000	0.000000
335	0.000850	0.000000	0.000036	0.001487	0.997298	0.000329	0.000000	0.000000	0.000000
336	0.000782	0.000000	0.000024	0.001478	0.997398	0.000318	0.000000	0.000000	0.000000
337	0.000719	0.000000	0.000024	0.001455	0.997499	0.000303	0.000000	0.000000	0.000000
338	0.000683	0.000000	0.000020	0.001457	0.997543	0.000297	0.000000	0.000000	0.000000
339	0.000662	0.000000	0.000015	0.001467	0.997558	0.000298	0.000000	0.000000	0.000000
340	0.000628	0.000000	0.000012	0.001414	0.997649	0.000297	0.000000	0.000000	0.000000
341	0.000584	0.000000	0.000006	0.001417	0.997702	0.000291	0.000000	0.000000	0.000000
342	0.000540	0.000000	0.000008	0.001419	0.997757	0.000276	0.000000	0.000000	0.000000
343	0.000521	0.000000	0.000010	0.001478	0.997716	0.000275	0.000000	0.000000	0.000000
344	0.000486	0.000000	0.000008	0.001440	0.997786	0.000280	0.000000	0.000000	0.000000
345	0.000454	0.000000	0.000002	0.001434	0.997842	0.000268	0.000000	0.000000	0.000000
346	0.000437	0.000000	0.000002	0.001466	0.997819	0.000276	0.000000	0.000000	0.000000
347	0.000415	0.000000	0.000000	0.001432	0.997862	0.000291	0.000000	0.000000	0.000000
348	0.000390	0.000000	0.000000	0.001391	0.997896	0.000323	0.000000	0.000000	0.000000
349	0.000381	0.000000	0.000000	0.001378	0.997925	0.000316	0.000000	0.000000	0.000000
350	0.000359	0.000000	0.000000	0.001383	0.997938	0.000320	0.000000	0.000000	0.000000
351	0.000353	0.000000	0.000000	0.001370	0.997978	0.000299	0.000000	0.000000	0.000000
352	0.000344	0.000000	0.000000	0.001363	0.998005	0.000288	0.000000	0.000000	0.000000
353	0.000353	0.000000	0.000000	0.001386	0.997949	0.000312	0.000000	0.000000	0.000000
354	0.000336	0.000000	0.000000	0.001410	0.997948	0.000306	0.000000	0.000000	0.000000
355	0.000299	0.000000	0.000000	0.001405	0.997972	0.000324	0.000000	0.000000	0.000000
356	0.000276	0.000000	0.000000	0.001394	0.998030	0.000300	0.000000	0.000000	0.000000
357	0.000273	0.000000	0.000000	0.001413	0.998020	0.000294	0.000000	0.000000	0.000000
358	0.000258	0.000000	0.000000	0.001437	0.997998	0.000307	0.000000	0.000000	0.000000
359	0.000231	0.000000	0.000000	0.001400	0.998059	0.000310	0.000000	0.000000	0.000000
360	0.000216	0.000000	0.000000	0.001380	0.998094	0.000310	0.000000	0.000000	0.000000
361	0.000208	0.000000	0.000000	0.001392	0.998084	0.000316	0.000000	0.000000	0.000000
362	0.000202	0.000000	0.000000	0.001370	0.998101	0.000327	0.000000	0.000000	0.000000
363	0.000190	0.000000	0.000000	0.001328	0.998165	0.000317	0.000000	0.000000	0.000000
364	0.000186	0.000000	0.000000	0.001316	0.998165	0.000333	0.000000	0.000000	0.000000
365	0.000176	0.000000	0.000000	0.001337	0.998162	0.000325	0.000000	0.000000	0.000000
366	0.000159	0.000000	0.000000	0.001349	0.998152	0.000340	0.000000	0.000000	0.000000
367	0.000151	0.000000	0.000000	0.001374	0.998153	0.000322	0.000000	0.000000	0.000000
368	0.000146	0.000000	0.000000	0.001397	0.998135	0.000322	0.000000	0.000000	0.000000
369	0.000136	0.000000	0.000000	0.001370	0.998178	0.000316	0.000000	0.000000	0.000000
370	0.000139	0.000000	0.000000	0.001371	0.998189	0.000301	0.000000	0.000000	0.000000
371	0.000132	0.000000	0.000000	0.001318	0.998248	0.000302	0.000000	0.000000	0.000000
372	0.000128	0.000000	0.000000	0.001310	0.998258	0.000304	0.000000	0.000000	0.000000
373	0.000113	0.000000	0.000000	0.001330	0.998251	0.000306	0.000000	0.000000	0.000000
374	0.000101	0.000000	0.000000	0.001358	0.998236	0.000305	0.000000	0.000000	0.000000
375	0.000092	0.000000	0.000000	0.001358	0.998235	0.000315	0.000000	0.000000	0.000000
376	0.000081	0.000000	0.000000	0.001357	0.998266	0.000296	0.000000	0.000000	0.000000
377	0.000073	0.000000	0.000000	0.001326	0.998317	0.000284	0.000000	0.000000	0.000000
378	0.000069	0.000000	0.000000	0.001362	0.998271	0.000298	0.000000	0.000000	0.000000
379	0.000060	0.000000	0.000000	0.001362	0.998278	0.000300	0.000000	0.000000	0.000000
380	0.000058	0.000000	0.000000	0.001349	0.998292	0.000301	0.000000	0.000000	0.000000
381	0.000053	0.000000	0.000000	0.001330	0.998296	0.000321	0.000000	0.000000	0.000000
382	0.000047	0.000000	0.000000	0.001356	0.998295	0.000302	0.000000	0.000000	0.000000
383	0.000041	0.000000	0.000000	0.001319	0.998338	0.000302	0.000000	0.000000	0.000000
384	0.000031	0.000000	0.000000	0.001338	0.998340	0.000291	0.000000	0.000000	0.000000
385	0.000023	0.000000	0.000000	0.001371	0.998312	0.000294	0.000000	0.000000	0.000000
386	0.000017	0.000000	0.000000	0.001369	0.998342	0.000272	0.000000	0.000000	0.000000
387	0.000010	0.000000	0.000000	0.001362	0.998351	0.000277	0.000000	0.000000	0.000000
388	0.000008	0.000000	0.000000	0.001377	0.998337	0.000278	0.000000	0.000000	0.000000
389	0.000005	0.000000	0.000000	0.001398	0.998316	0.000281	0.000000	0.000000	0.000000
390	0.000002	0.000000	0.000000	0.001393	0.998308	0.000297	0.000000	0.000000	0.000000
391	0.000004	0.000000	0.000000	0.001427	0.998271	0.000298	0.000000	0.000000	0.000000
392	0.000001	0.000000	0.000000	0.001461	0.998240	0.000298	0.000000	0.000000	0.000000
393	0.000002	0.000000	0.000000	0.001463	0.998227	0.000308	0.000000	0.000000	0.000000
394	0.000001	0.000000	0.000000	0.001471	0.998216	0.000312	0.000000	0.000000	0.000000
395	0.000000	0.000000	0.000000	0.001542	0.998137	0.000321	0.000000	0.000000	0.000000
396	0.000000	0.000000	0.000000	0.001566	0.998102	0.000332	0.000000	0.000000	0.000000
397	0.000000	0.000000	0.000000	0.001587	0.998076	0.000337	0.000000	0.000000	0.000000
398	0.000000	0.000000	0.000000	0.001562	0.998084	0.000354	0.000000	0.000000	0.000000
399	0.000000	0.000000	0.000000	0.001543	0.998096	0.000361	0.000000	0.000000	0.000000
400	0.000000	0.000000	0.000000	0.001524	0.998112	0.000364	0.000000	0.000000	0.000000
401	0.000000	0.000000	0.000000	0.001508	0.998133	0.000359	0.000000	0.000000	0.000000
402	0.000000	0.000000	0.000000	0.001509	0.998157	0.000334	0.000000	0.000000	0.000000
403	0.000000	0.000000	0.000000	0.001540	0.998134	0.000326	0.000000	0.000000	0.000000
404	0.000000	0.000000	0.000000	0.001540	0.998114	0.000346	0.000000	0.000000	0.000000
405	0.000000	0.000000	0.000000	0.001581	0.998072	0.000347	0.000000	0.000000	0.000000
406	0.000000	0.000000	0.000000	0.001576	0.998062	0.000362	0.000000	0.000000	0.000000
407	0.000000	0.000000	0.000000	0.001610	0.998020	0.000370	0.000000	0.000000	0.000000
408	0.000000	0.000000	0.000000	0.001619	0.998021	0.000360	0.000000	0.000000	0.000000
409	0.000000	0.000000	0.000000	0.001629	0.997999	0.000372	0.000000	0.000000	0.000000
410	0.000000	0.000000	0.000000	0.001655	0.997981	0.000364	0.000000	0.000000	0.000000
411	0.000000	0.000000	0.000000	0.001626	0.998010	0.000364	0.000000	0.000000	0.000000
412	0.000000	0.000000	0.000000	0.001608	0.998043	0.000349	0.000000	0.000000	0.000000
413	0.000000	0.000000	0.000000	0.001634	0.998013	0.000353	0.000000	0.000000	0.000000
414	0.000000	0.000000	0.000000	0.001638	0.998010	0.000352	0.000000	0.000000	0.000000
415	0.000000	0.000000	0.000000	0.001662	0.997994	0.000344	0.000000	0.000000	0.000000
416	0.000000	0.000000	0.000000	0.001686	0.997939	0.000375	0.000000	0.000000	0.000000
417	0.000000	0.000000	0.000000	0.001713	0.997899	0.000388	0.000000	0.000000	0.000000
418	0.000000	0.000000	0.000000	0.001717	0.997891	0.000392	0.000000	0.000000	0.000000
419	0.000000	0.000000	0.000000	0.001689	0.997903	0.000408	0.000000	0.000000	0.000000
420	0.000000	0.000000	0.000000	0.001646	0.997932	0.000422	0.000000	0.000000	0.000000
421	0.000000	0.000000	0.000000	0.001694	0.997901	0.000405	0.000000	0.000000	0.000000
422	0.000000	0.000000	0.000000	0.001667	0.997940	0.000393	0.000000	0.000000	0.000000
423	0.000000	0.000000	0.000000	0.001663	0.997953	0.000384	0.000000	0.000000	0.000000
424	0.000000	0.000000	0.000000	0.001717	0.997925	0.000358	0.000000	0.000000	0.000000
425	0.000000	0.000000	0.000000	0.001763	0.997877	0.000360	0.000000	0.000000	0.000000
426	0.000000	0.000000	0.000000	0.001762	0.997891	0.000347	0.000000	0.000000	0.000000
427	0.000000	0.000000	0.000000	0.001785	0.997858	0.000357	0.000000	0.000000	0.000000
428	0.000000	0.000000	0.000000	0.001834	0.997812	0.000354	0.000000	0.000000	0.000000
429	0.000000	0.000000	0.000000	0.001861	0.997785	0.000354	0.000000	0.000000	0.000000
430	0.000000	0.000000	0.000000	0.001903	0.997741	0.000356	0.000000	0.000000	0.000000
431	0.000000	0.000000	0.000000	0.001920	0.997730	0.000350	0.000000	0.000000	0.000000
432	0.000000	0.000000	0.000000	0.001895	0.997749	0.000356	0.000000	0.000000	0.000000
433	0.000000	0.000000	0.000000	0.001911	0.997731	0.000358	0.000000	0.000000	0.000000
434	0.000000	0.000000	0.000000	0.001912	0.997739	0.000349	0.000000	0.000000	0.000000
435	0.000000	0.000000	0.000000	0.001932	0.997723	0.000345	0.000000	0.000000	0.000000
436	0.000000	0.000000	0.000000	0.001917	0.997730	0.000353	0.000000	0.000000	0.000000
437	0.000000	0.000000	0.000000	0.001935	0.997702	0.000363	0.000000	0.000000	0.000000
438	0.000000	0.000000	0.000000	0.001960	0.997656	0.000384	0.000000	0.000000	0.000000
439	0.000000	0.000000	0.000000	0.001945	0.997694	0.000361	0.000000	0.000000	0.000000
440	0.000000	0.000000	0.000000	0.001952	0.997675	0.000373	0.000000	0.000000	0.000000
441	0.000000	0.000000	0.000000	0.001953	0.997668	0.000379	0.000000	0.000000	0.000000
442	0.000000	0.000000	0.000000	0.002028	0.997571	0.000401	0.000000	0.000000	0.000000
443	0.000000	0.000000	0.000000	0.002038	0.997583	0.000379	0.000000	0.000000	0.000000
444	0.000000	0.000000	0.000000	0.002035	0.997572	0.000393	0.000000	0.000000	0.000000
445	0.000000	0.000000	0.000000	0.002067	0.997546	0.000387	0.000000	0.000000	0.000000
446	0.000000	0.000000	0.000000	0.002045	0.997570	0.000385	0.000000	0.000000	0.000000
447	0.000000	0.000000	0.000000	0.002063	0.997569	0.000368	0.000000	0.000000	0.000000
448	0.000000	0.000000	0.000000	0.002003	0.997622	0.000375	0.000000	0.000000	0.000000
449	0.000000	0.000000	0.000000	0.002031	0.997618	0.000351	0.000000	0.000000	0.000000
450	0.000000	0.000000	0.000000	0.002008	0.997624	0.000368	0.000000	0.000000	0.000000
451	0.000000	0.000000	0.000000	0.001983	0.997643	0.000374	0.000000	0.000000	0.000000
452	0.000000	0.000000	0.000000	0.001950	0.997696	0.000354	0.000000	0.000000	0.000000
453	0.000000	0.000000	0.000000	0.001974	0.997692	0.000334	0.000000	0.000000	0.000000
454	0.000000	0.000000	0.000000	0.001944	0.997733	0.000323	0.000000	0.000000	0.000000
455	0.000000	0.000000	0.000000	0.001965	0.997690	0.000345	0.000000	0.000000	0.000000
456	0.000000	0.000000	0.000000	0.001956	0.997669	0.000375	0.000000	0.000000	0.000000
457	0.000000	0.000000	0.000000	0.001966	0.997647	0.000387	0.000000	0.000000	0.000000
458	0.000000	0.000000	0.000000	0.002013	0.997599	0.000388	0.000000	0.000000	0.000000
459	0.000000	0.000000	0.000000	0.002009	0.997607	0.000384	0.000000	0.000000	0.000000
460	0.000000	0.000000	0.000000	0.001990	0.997633	0.000377	0.000000	0.000000	0.000000
461	0.000000	0.000000	0.000000	0.002009	0.997621	0.000370	0.000000	0.000000	0.000000
462	0.000000	0.000000	0.000000	0.001964	0.997648	0.000388	0.000000	0.000000	0.000000
463	0.000000	0.000000	0.000000	0.002004	0.997630	0.000366	0.000000	0.000000	0.000000
464	0.000000	0.000000	0.000000	0.001952	0.997679	0.000369	0.000000	0.000000	0.000000
465	0.000000	0.000000	0.000000	0.001918	0.997693	0.000389	0.000000	0.000000	0.000000
466	0.000000	0.000000	0.000000	0.001911	0.997707	0.000382	0.000000	0.000000	0.000000
467	0.000000	0.000000	0.000000	0.001874	0.997755	0.000371	0.000000	0.000000	0.000000
468	0.000000	0.000000	0.000000	0.001925	0.997679	0.000396	0.000000	0.000000	0.000000
469	0.000000	0.000000	0.000000	0.001866	0.997755	0.000379	0.000000	0.000000	0.000000
470	0.000000	0.000000	0.000000	0.001859	0.997801	0.000340	0.000000	0.000000	0.000000
