0	0.290663	0.057897	0.229473	0.157588	0.029913	0.111872	0.085455	0.012259	0.024880
1	0.244489	0.050367	0.209497	0.142349	0.029050	0.120690	0.102984	0.019984	0.080590
2	0.254490	0.051647	0.217638	0.138497	0.029783	0.119373	0.091225	0.017970	0.079377
3	0.269697	0.053496	0.226823	0.134691	0.030765	0.115019	0.078856	0.015198	0.075455
4	0.285010	0.055003	0.235698	0.130844	0.032038	0.109846	0.068058	0.012761	0.070742
5	0.300968	0.055572	0.243498	0.126190	0.033236	0.104929	0.058326	0.010805	0.066476
6	0.314799	0.056656	0.250530	0.122056	0.034491	0.099351	0.050415	0.009116	0.062586
7	0.328715	0.057061	0.256914	0.117655	0.035612	0.094481	0.043315	0.007760	0.058487
8	0.342118	0.057501	0.261475	0.112990	0.037049	0.089518	0.037538	0.006691	0.055120
9	0.355082	0.057331	0.266228	0.108004	0.038323	0.084797	0.032574	0.005607	0.052054
10	0.366587	0.057290	0.271145	0.103386	0.039597	0.079949	0.028074	0.004836	0.049136
11	0.377641	0.057074	0.274959	0.099190	0.041018	0.075746	0.024234	0.004050	0.046088
12	0.388174	0.056712	0.278551	0.094419	0.042177	0.071781	0.021025	0.003492	0.043669
13	0.398071	0.056077	0.281965	0.089703	0.043627	0.068512	0.018267	0.002951	0.040827
14	0.407247	0.055422	0.284837	0.085602	0.045235	0.064508	0.015856	0.002580	0.038713
15	0.416269	0.054732	0.288065	0.081406	0.046458	0.060740	0.013812	0.002165	0.036353
16	0.424602	0.053941	0.290521	0.077566	0.047898	0.057163	0.012061	0.001924	0.034324
17	0.432719	0.053359	0.292465	0.073667	0.049441	0.053997	0.010374	0.001602	0.032376
18	0.439582	0.052538	0.294963	0.070137	0.051140	0.050907	0.009092	0.001311	0.030330
19	0.446733	0.051763	0.295995	0.067000	0.052799	0.048117	0.007938	0.001163	0.028492
20	0.452706	0.051056	0.297936	0.063555	0.054504	0.045097	0.007034	0.001055	0.027057
21	0.457874	0.049879	0.299772	0.060585	0.056242	0.042744	0.006151	0.000908	0.025845
22	0.463015	0.049021	0.301070	0.057791	0.058163	0.040197	0.005463	0.000816	0.024464
23	0.468486	0.048122	0.301760	0.054766	0.060020	0.038078	0.004784	0.000720	0.023264
24	0.472177	0.047310	0.303449	0.051951	0.062339	0.036016	0.004227	0.000608	0.021923
25	0.476386	0.045992	0.304165	0.049511	0.064722	0.034003	0.003817	0.000529	0.020875
26	0.480392	0.044829	0.304985	0.047129	0.067118	0.031942	0.003307	0.000408	0.019890
27	0.483391	0.043883	0.305353	0.044899	0.069527	0.030624	0.002935	0.000361	0.019027
28	0.486389	0.043079	0.306079	0.042554	0.071834	0.029067	0.002637	0.000330	0.018031
29	0.489180	0.041944	0.306425	0.040615	0.074333	0.027767	0.002330	0.000305	0.017101
30	0.491751	0.040950	0.306860	0.038889	0.076760	0.026062	0.002090	0.000291	0.016347
31	0.494246	0.039714	0.306845	0.037189	0.079487	0.024865	0.001864	0.000261	0.015529
32	0.495383	0.038844	0.308024	0.035461	0.081867	0.023718	0.001676	0.000236	0.014791
33	0.496833	0.038037	0.308145	0.033641	0.085061	0.022613	0.001520	0.000211	0.013939
34	0.498213	0.037308	0.307991	0.032182	0.088129	0.021394	0.001349	0.000174	0.013260
35	0.498492	0.036391	0.308460	0.030942	0.091129	0.020529	0.001170	0.000153	0.012734
36	0.500033	0.035476	0.307544	0.029693	0.094548	0.019446	0.001040	0.000163	0.012057
37	0.499744	0.034736	0.307877	0.028524	0.097735	0.018618	0.000960	0.000128	0.011678
38	0.499875	0.033958	0.307284	0.027414	0.101660	0.017750	0.000824	0.000132	0.011103
39	0.500078	0.033334	0.306502	0.026383	0.105242	0.016949	0.000704	0.000124	0.010684
40	0.499593	0.032566	0.306439	0.025393	0.109040	0.016047	0.000626	0.000113	0.010183
41	0.499820	0.031601	0.305528	0.024385	0.113032	0.015290	0.000541	0.000095	0.009708
42	0.499333	0.030852	0.305075	0.023548	0.116750	0.014694	0.000488	0.000085	0.009175
43	0.498535	0.030167	0.304447	0.022710	0.120869	0.014060	0.000443	0.000073	0.008696
44	0.497134	0.029320	0.303869	0.021910	0.125428	0.013581	0.000371	0.000068	0.008319
45	0.496906	0.028435	0.302668	0.021237	0.129592	0.012840	0.000325	0.000072	0.007925
46	0.495739	0.027504	0.300971	0.020808	0.134444	0.012491	0.000324	0.000050	0.007669
47	0.494447	0.026830	0.300070	0.020291	0.138623	0.011979	0.000290	0.000042	0.007428
48	0.492415	0.026075	0.299172	0.019511	0.143708	0.011695	0.000262	0.000034	0.007128
49	0.490840	0.025516	0.298370	0.019002	0.148085	0.011140	0.000241	0.000037	0.006769
50	0.488689	0.025113	0.297163	0.018581	0.153096	0.010543	0.000229	0.000035	0.006551
51	0.486483	0.024453	0.296072	0.017824	0.158444	0.010278	0.000203	0.000027	0.006216
52	0.484514	0.023828	0.294921	0.017354	0.163313	0.009867	0.000180	0.000023	0.006000
53	0.482401	0.023023	0.293322	0.016977	0.168780	0.009529	0.000192	0.000021	0.005755
54	0.480572	0.022516	0.291679	0.016393	0.173917	0.009268	0.000171	0.000018	0.005466
55	0.477422	0.022062	0.290148	0.015894	0.180325	0.008730	0.000140	0.000011	0.005268
56	0.475337	0.021429	0.287971	0.015507	0.186136	0.008495	0.000121	0.000007	0.004997
57	0.472445	0.020965	0.286555	0.015212	0.191871	0.008053	0.000103	0.000010	0.004786
58	0.469779	0.020495	0.284422	0.014854	0.197981	0.007871	0.000075	0.000007	0.004516
59	0.466740	0.019963	0.282989	0.014471	0.203719	0.007678	0.000075	0.000006	0.004359
60	0.463512	0.019323	0.281361	0.014309	0.209823	0.007436	0.000067	0.000005	0.004164
61	0.460260	0.018916	0.279491	0.014002	0.216070	0.007264	0.000072	0.000002	0.003923
62	0.456533	0.018483	0.277427	0.013846	0.222746	0.007157	0.000049	0.000005	0.003754
63	0.453329	0.018027	0.275243	0.013539	0.229205	0.007070	0.000044	0.000007	0.003536
64	0.449987	0.017420	0.272739	0.013329	0.236277	0.006829	0.000031	0.000004	0.003384
65	0.445996	0.017016	0.270987	0.013002	0.243006	0.006579	0.000031	0.000002	0.003381
66	0.442242	0.016569	0.268510	0.012773	0.250149	0.006486	0.000031	0.000001	0.003239
67	0.437926	0.016157	0.266460	0.012689	0.257405	0.006305	0.000034	0.000000	0.003024
68	0.433780	0.015732	0.263872	0.012404	0.265069	0.006197	0.000040	0.000000	0.002906
69	0.429299	0.015473	0.262075	0.012474	0.271832	0.006024	0.000044	0.000000	0.002779
70	0.425628	0.014911	0.259358	0.012049	0.279296	0.006056	0.000033	0.000000	0.002669
71	0.421112	0.014569	0.257269	0.011804	0.286843	0.005822	0.000025	0.000000	0.002556
72	0.417141	0.014030	0.254259	0.011552	0.294844	0.005720	0.000026	0.000000	0.002428
73	0.412718	0.013670	0.251695	0.011251	0.302621	0.005720	0.000016	0.000000	0.002309
74	0.408922	0.013308	0.248647	0.011188	0.310018	0.005707	0.000012	0.000000	0.002198
75	0.404489	0.012990	0.245465	0.011125	0.318071	0.005659	0.000018	0.000000	0.002183
76	0.399454	0.012508	0.242950	0.010952	0.326548	0.005474	0.000013	0.000000	0.002101
77	0.394302	0.012221	0.240835	0.010842	0.334340	0.005374	0.000020	0.000000	0.002066
78	0.389485	0.012076	0.237974	0.010794	0.342352	0.005344	0.000019	0.000000	0.001956
79	0.384212	0.011748	0.235050	0.010588	0.351250	0.005243	0.000015	0.000000	0.001894
80	0.379242	0.011337	0.232454	0.010473	0.359534	0.005118	0.000013	0.000000	0.001829
81	0.374507	0.010964	0.229475	0.010451	0.367678	0.005120	0.000009	0.000000	0.001796
82	0.369359	0.010714	0.226689	0.010310	0.376122	0.005150	0.000007	0.000000	0.001649
83	0.364352	0.010470	0.223793	0.010146	0.384654	0.004984	0.000009	0.000000	0.001592
84	0.359188	0.009949	0.221191	0.010081	0.393101	0.005047	0.000009	0.000000	0.001434
85	0.354386	0.009605	0.217925	0.010080	0.401720	0.004845	0.000006	0.000000	0.001433
86	0.349309	0.009521	0.214624	0.010010	0.410441	0.004747	0.000005	0.000000	0.001343
87	0.343800	0.009318	0.212033	0.010025	0.418873	0.004669	0.000006	0.000000	0.001276
88	0.338648	0.008983	0.209277	0.009839	0.427300	0.004660	0.000010	0.000000	0.001283
89	0.333340	0.008689	0.205962	0.009834	0.436350	0.004633	0.000006	0.000000	0.001186
90	0.327807	0.008394	0.203013	0.009721	0.445454	0.004507	0.000009	0.000000	0.001095
91	0.322578	0.007984	0.200003	0.009824	0.454096	0.004432	0.000009	0.000000	0.001074
92	0.316702	0.007963	0.196809	0.009764	0.463261	0.004487	0.000010	0.000000	0.001004
93	0.311506	0.007616	0.193605	0.009624	0.472291	0.004413	0.000003	0.000000	0.000942
94	0.305737	0.007407	0.190533	0.009496	0.481576	0.004363	0.000004	0.000000	0.000884
95	0.300374	0.007191	0.187225	0.009548	0.490397	0.004417	0.000004	0.000000	0.000844
96	0.295208	0.007008	0.183282	0.009476	0.499824	0.004399	0.000002	0.000000	0.000801
97	0.289515	0.006759	0.180318	0.009507	0.508795	0.004317	0.000004	0.000000	0.000785
98	0.284000	0.006471	0.177015	0.009455	0.518000	0.004320	0.000002	0.000000	0.000737
99	0.278443	0.006186	0.173954	0.009495	0.526846	0.004378	0.000002	0.000000	0.000696
100	0.272745	0.006104	0.170831	0.009373	0.535909	0.004361	0.000003	0.000000	0.000674
101	0.267362	0.005942	0.167708	0.009328	0.544665	0.004339	0.000003	0.000000	0.000653
102	0.261941	0.005734	0.164428	0.009365	0.553601	0.004314	0.000001	0.000000	0.000616
103	0.256777	0.005393	0.161353	0.009269	0.562389	0.004255	0.000001	0.000000	0.000563
104	0.250871	0.005225	0.158297	0.009338	0.571544	0.004183	0.000001	0.000000	0.000541
105	0.245883	0.004979	0.154870	0.009199	0.580303	0.004277	0.000000	0.000000	0.000489
106	0.240534	0.004810	0.151956	0.009252	0.588640	0.004309	0.000002	0.000000	0.000497
107	0.234943	0.004606	0.148731	0.009241	0.597723	0.004310	0.000001	0.000000	0.000445
108	0.229705	0.004383	0.145762	0.009329	0.606130	0.004279	0.000003	0.000000	0.000409
109	0.224450	0.004210	0.142508	0.009169	0.615079	0.004214	0.000003	0.000000	0.000367
110	0.219471	0.003958	0.139417	0.009172	0.623316	0.004305	0.000001	0.000000	0.000360
111	0.213557	0.003827	0.136543	0.009212	0.632289	0.004213	0.000002	0.000000	0.000357
112	0.208820	0.003659	0.133555	0.009174	0.640243	0.004214	0.000000	0.000000	0.000335
113	0.203781	0.003506	0.130452	0.009240	0.648424	0.004276	0.000000	0.000000	0.000321
114	0.198153	0.003380	0.127909	0.009290	0.656759	0.004170	0.000000	0.000000	0.000339
115	0.193602	0.003265	0.124724	0.009194	0.664701	0.004173	0.000000	0.000000	0.000341
116	0.188872	0.003204	0.121819	0.009285	0.672269	0.004235	0.000000	0.000000	0.000316
117	0.183836	0.003003	0.119050	0.009306	0.680301	0.004207	0.000000	0.000000	0.000297
118	0.179076	0.002906	0.116336	0.009359	0.687941	0.004116	0.000000	0.000000	0.000266
119	0.174822	0.002766	0.112962	0.009407	0.695675	0.004097	0.000000	0.000000	0.000271
120	0.170562	0.002687	0.110062	0.009343	0.703089	0.004000	0.000000	0.000000	0.000257
121	0.166019	0.002550	0.107589	0.009358	0.710213	0.004029	0.000000	0.000000	0.000242
122	0.162057	0.002443	0.104580	0.009364	0.717311	0.004004	0.000000	0.000000	0.000241
123	0.156831	0.002287	0.102362	0.009372	0.724962	0.003970	0.000000	0.000000	0.000216
124	0.152096	0.002132	0.099909	0.009375	0.732297	0.004002	0.000000	0.000000	0.000189
125	0.147690	0.001979	0.097408	0.009289	0.739437	0.003996	0.000000	0.000000	0.000201
126	0.143777	0.001933	0.094495	0.009423	0.746190	0.003982	0.000000	0.000000	0.000200
127	0.139316	0.001783	0.092273	0.009343	0.753146	0.003934	0.000000	0.000000	0.000205
128	0.135715	0.001634	0.089129	0.009502	0.759883	0.003945	0.000000	0.000000	0.000192
129	0.131321	0.001559	0.086892	0.009545	0.766508	0.003980	0.000000	0.000000	0.000195
130	0.127870	0.001471	0.084077	0.009419	0.772909	0.004087	0.000000	0.000000	0.000167
131	0.123990	0.001369	0.081870	0.009405	0.779182	0.004023	0.000000	0.000000	0.000161
132	0.120203	0.001364	0.079132	0.009361	0.785783	0.003998	0.000000	0.000000	0.000159
133	0.116362	0.001288	0.076993	0.009444	0.791783	0.003976	0.000000	0.000000	0.000154
134	0.112288	0.001200	0.075284	0.009356	0.797767	0.003968	0.000000	0.000000	0.000137
135	0.108687	0.001184	0.072768	0.009519	0.803731	0.003991	0.000000	0.000000	0.000120
136	0.105715	0.001107	0.070587	0.009457	0.809060	0.003949	0.000000	0.000000	0.000125
137	0.101997	0.001052	0.068854	0.009342	0.814676	0.003961	0.000000	0.000000	0.000118
138	0.098640	0.000970	0.066910	0.009279	0.820228	0.003876	0.000000	0.000000	0.000097
139	0.095332	0.000909	0.064761	0.009379	0.825605	0.003915	0.000000	0.000000	0.000099
140	0.092548	0.000825	0.062702	0.009440	0.830516	0.003897	0.000000	0.000000	0.000072
141	0.089502	0.000775	0.060343	0.009512	0.835955	0.003835	0.000000	0.000000	0.000078
142	0.086635	0.000767	0.058505	0.009714	0.840400	0.003901	0.000000	0.000000	0.000078
143	0.083386	0.000765	0.056595	0.009794	0.845491	0.003910	0.000000	0.000000	0.000059
144	0.080336	0.000787	0.054883	0.009748	0.850255	0.003946	0.000000	0.000000	0.000045
145	0.077388	0.000703	0.053192	0.009848	0.854942	0.003876	0.000000	0.000000	0.000051
146	0.074829	0.000671	0.051285	0.010039	0.859097	0.004033	0.000000	0.000000	0.000046
147	0.072394	0.000605	0.049493	0.009841	0.863572	0.004046	0.000000	0.000000	0.000049
148	0.069784	0.000592	0.047634	0.009840	0.868088	0.004012	0.000000	0.000000	0.000050
149	0.067428	0.000536	0.045965	0.009908	0.872172	0.003950	0.000000	0.000000	0.000041
150	0.065211	0.000482	0.044306	0.009923	0.876134	0.003909	0.000000	0.000000	0.000035
151	0.062617	0.000442	0.042850	0.009909	0.880292	0.003860	0.000000	0.000000	0.000030
152	0.060383	0.000419	0.041318	0.010009	0.883951	0.003890	0.000000	0.000000	0.000030
153	0.057627	0.000415	0.039925	0.010126	0.887949	0.003933	0.000000	0.000000	0.000025
154	0.055637	0.000393	0.038419	0.010168	0.891482	0.003888	0.000000	0.000000	0.000013
155	0.053341	0.000363	0.036951	0.010215	0.895232	0.003880	0.000000	0.000000	0.000018
156	0.051202	0.000340	0.035600	0.010149	0.898780	0.003916	0.000000	0.000000	0.000013
157	0.049273	0.000342	0.034370	0.009974	0.902140	0.003891	0.000000	0.000000	0.000010
158	0.047333	0.000325	0.033127	0.010066	0.905295	0.003835	0.000000	0.000000	0.000019
159	0.045574	0.000322	0.031708	0.010136	0.908334	0.003908	0.000000	0.000000	0.000018
160	0.043660	0.000300	0.030471	0.010129	0.911570	0.003857	0.000000	0.000000	0.000013
161	0.041777	0.000262	0.029268	0.010060	0.914752	0.003870	0.000000	0.000000	0.000011
162	0.040186	0.000272	0.028263	0.010055	0.917345	0.003871	0.000000	0.000000	0.000008
163	0.038545	0.000260	0.027040	0.010096	0.920120	0.003926	0.000000	0.000000	0.000013
164	0.036931	0.000231	0.025933	0.010097	0.922979	0.003816	0.000000	0.000000	0.000013
165	0.035340	0.000207	0.024800	0.010114	0.925660	0.003869	0.000000	0.000000	0.000010
166	0.033681	0.000176	0.023804	0.010305	0.928164	0.003854	0.000000	0.000000	0.000016
167	0.032299	0.000167	0.022859	0.010303	0.930606	0.003752	0.000000	0.000000	0.000014
168	0.030969	0.000159	0.021910	0.010436	0.932743	0.003770	0.000000	0.000000	0.000013
169	0.029608	0.000153	0.020958	0.010327	0.935131	0.003810	0.000000	0.000000	0.000013
170	0.028495	0.000155	0.019862	0.010534	0.937115	0.003830	0.000000	0.000000	0.000009
171	0.027372	0.000141	0.019019	0.010513	0.939129	0.003813	0.000000	0.000000	0.000013
172	0.026112	0.000141	0.018178	0.010396	0.941328	0.003835	0.000000	0.000000	0.000010
173	0.024910	0.000149	0.017381	0.010385	0.943320	0.003845	0.000000	0.000000	0.000010
174	0.023763	0.000124	0.016548	0.010304	0.945410	0.003843	0.000000	0.000000	0.000008
175	0.022637	0.000118	0.015898	0.010241	0.947240	0.003858	0.000000	0.000000	0.000008
176	0.021498	0.000102	0.015093	0.010226	0.949292	0.003778	0.000000	0.000000	0.000011
177	0.020659	0.000091	0.014478	0.010257	0.950779	0.003728	0.000000	0.000000	0.000008
178	0.019605	0.000090	0.013965	0.010207	0.952320	0.003805	0.000000	0.000000	0.000008
179	0.018839	0.000093	0.013382	0.010136	0.953841	0.003700	0.000000	0.000000	0.000009
180	0.017925	0.000082	0.012757	0.010151	0.955421	0.003656	0.000000	0.000000	0.000008
181	0.017040	0.000075	0.012069	0.010224	0.956977	0.003606	0.000000	0.000000	0.000009
182	0.016164	0.000068	0.011512	0.010161	0.958423	0.003668	0.000000	0.000000	0.000004
183	0.015348	0.000066	0.011069	0.010189	0.959658	0.003666	0.000000	0.000000	0.000004
184	0.014591	0.000059	0.010657	0.010216	0.960744	0.003728	0.000000	0.000000	0.000005
185	0.013886	0.000055	0.010079	0.010147	0.962138	0.003689	0.000000	0.000000	0.000006
186	0.013360	0.000044	0.009654	0.010179	0.963086	0.003673	0.000000	0.000000	0.000004
187	0.012698	0.000042	0.009220	0.010187	0.964229	0.003620	0.000000	0.000000	0.000004
188	0.012090	0.000034	0.008736	0.010052	0.965442	0.003645	0.000000	0.000000	0.000001
189	0.011463	0.000028	0.008374	0.010159	0.966354	0.003620	0.000000	0.000000	0.000002
190	0.010966	0.000016	0.007930	0.010134	0.967314	0.003638	0.000000	0.000000	0.000002
191	0.010386	0.000011	0.007620	0.010104	0.968270	0.003608	0.000000	0.000000	0.000001
192	0.009830	0.000011	0.007289	0.010123	0.969244	0.003501	0.000000	0.000000	0.000002
193	0.009360	0.000007	0.006952	0.010032	0.970071	0.003575	0.000000	0.000000	0.000003
194	0.008806	0.000008	0.006640	0.010063	0.970927	0.003554	0.000000	0.000000	0.000002
195	0.008341	0.000011	0.006304	0.010066	0.971749	0.003528	0.000000	0.000000	0.000001
196	0.007941	0.000006	0.005978	0.010114	0.972386	0.003575	0.000000	0.000000	0.000000
197	0.007505	0.000006	0.005718	0.010104	0.973142	0.003524	0.000000	0.000000	0.000001
198	0.007102	0.000009	0.005552	0.009976	0.973841	0.003518	0.000000	0.000000	0.000002
199	0.006678	0.000011	0.005252	0.009809	0.974610	0.003639	0.000000	0.000000	0.000001
200	0.006351	0.000007	0.005095	0.009810	0.975150	0.003585	0.000000	0.000000	0.000002
201	0.006164	0.000005	0.004854	0.009804	0.975525	0.003648	0.000000	0.000000	0.000000
202	0.005852	0.000001	0.004624	0.009804	0.976068	0.003651	0.000000	0.000000	0.000000
203	0.005619	0.000001	0.004389	0.009801	0.976517	0.003673	0.000000	0.000000	0.000000
204	0.005309	0.000000	0.004172	0.009826	0.977112	0.003581	0.000000	0.000000	0.000000
205	0.005039	0.000000	0.004031	0.009876	0.977419	0.003635	0.000000	0.000000	0.000000
206	0.004844	0.000000	0.003887	0.009921	0.977756	0.003592	0.000000	0.000000	0.000000
207	0.004645	0.000000	0.003704	0.009886	0.978192	0.003573	0.000000	0.000000	0.000000
208	0.004469	0.000000	0.003540	0.009883	0.978476	0.003632	0.000000	0.000000	0.000000
209	0.004225	0.000000	0.003307	0.009766	0.979004	0.003698	0.000000	0.000000	0.000000
210	0.003989	0.000000	0.003085	0.009679	0.979502	0.003745	0.000000	0.000000	0.000000
211	0.003800	0.000000	0.002996	0.009585	0.979937	0.003682	0.000000	0.000000	0.000000
212	0.003642	0.000000	0.002839	0.009511	0.980377	0.003631	0.000000	0.000000	0.000000
213	0.003482	0.000000	0.002666	0.009527	0.980709	0.003616	0.000000	0.000000	0.000000
214	0.003273	0.000000	0.002505	0.009507	0.981078	0.003637	0.000000	0.000000	0.000000
215	0.003125	0.000000	0.002431	0.009466	0.981293	0.003685	0.000000	0.000000	0.000000
216	0.002975	0.000000	0.002300	0.009373	0.981670	0.003682	0.000000	0.000000	0.000000
217	0.002795	0.000000	0.002205	0.009467	0.981906	0.003627	0.000000	0.000000	0.000000
218	0.002614	0.000000	0.002153	0.009387	0.982217	0.003629	0.000000	0.000000	0.000000
219	0.002441	0.000000	0.002064	0.009380	0.982448	0.003667	0.000000	0.000000	0.000000
220	0.002270	0.000000	0.001959	0.009300	0.982793	0.003678	0.000000	0.000000	0.000000
221	0.002164	0.000000	0.001869	0.009221	0.983165	0.003581	0.000000	0.000000	0.000000
222	0.002004	0.000000	0.001770	0.009205	0.983356	0.003665	0.000000	0.000000	0.000000
223	0.001900	0.000000	0.001710	0.009141	0.983646	0.003603	0.000000	0.000000	0.000000
224	0.001784	0.000000	0.001606	0.009208	0.983744	0.003658	0.000000	0.000000	0.000000
225	0.001694	0.000000	0.001543	0.009132	0.984075	0.003556	0.000000	0.000000	0.000000
226	0.001575	0.000000	0.001455	0.009110	0.984299	0.003561	0.000000	0.000000	0.000000
227	0.001462	0.000000	0.001370	0.009106	0.984528	0.003534	0.000000	0.000000	0.000000
228	0.001369	0.000000	0.001310	0.009104	0.984612	0.003605	0.000000	0.000000	0.000000
229	0.001308	0.000000	0.001229	0.009001	0.984822	0.003640	0.000000	0.000000	0.000000
230	0.001203	0.000000	0.001139	0.009070	0.984988	0.003600	0.000000	0.000000	0.000000
231	0.001159	0.000000	0.001052	0.009085	0.985065	0.003639	0.000000	0.000000	0.000000
232	0.001116	0.000000	0.000956	0.009187	0.985079	0.003662	0.000000	0.000000	0.000000
233	0.001058	0.000000	0.000905	0.009013	0.985382	0.003642	0.000000	0.000000	0.000000
234	0.001007	0.000000	0.000834	0.008965	0.985465	0.003729	0.000000	0.000000	0.000000
235	0.000939	0.000000	0.000810	0.008969	0.985598	0.003684	0.000000	0.000000	0.000000
236	0.000901	0.000000	0.000748	0.009032	0.985680	0.003639	0.000000	0.000000	0.000000
237	0.000800	0.000000	0.000740	0.008957	0.985823	0.003680	0.000000	0.000000	0.000000
238	0.000767	0.000000	0.000692	0.008894	0.985856	0.003791	0.000000	0.000000	0.000000
239	0.000685	0.000000	0.000635	0.008850	0.985994	0.003836	0.000000	0.000000	0.000000
240	0.000662	0.000000	0.000592	0.008950	0.985952	0.003844	0.000000	0.000000	0.000000
241	0.000605	0.000000	0.000548	0.008970	0.985950	0.003927	0.000000	0.000000	0.000000
242	0.000591	0.000000	0.000497	0.008883	0.986132	0.003897	0.000000	0.000000	0.000000
243	0.000547	0.000000	0.000472	0.008820	0.986255	0.003906	0.000000	0.000000	0.000000
244	0.000483	0.000000	0.000470	0.008823	0.986331	0.003893	0.000000	0.000000	0.000000
245	0.000459	0.000000	0.000472	0.008892	0.986241	0.003936	0.000000	0.000000	0.000000
246	0.000451	0.000000	0.000435	0.008814	0.986378	0.003922	0.000000	0.000000	0.000000
247	0.000423	0.000000	0.000404	0.008897	0.986386	0.003890	0.000000	0.000000	0.000000
248	0.000390	0.000000	0.000389	0.008810	0.986500	0.003911	0.000000	0.000000	0.000000
249	0.000390	0.000000	0.000364	0.008706	0.986638	0.003902	0.000000	0.000000	0.000000
250	0.000365	0.000000	0.000348	0.008738	0.986620	0.003929	0.000000	0.000000	0.000000
251	0.000340	0.000000	0.000338	0.008769	0.986637	0.003916	0.000000	0.000000	0.000000
252	0.000338	0.000000	0.000309	0.008811	0.986611	0.003931	0.000000	0.000000	0.000000
253	0.000301	0.000000	0.000289	0.008818	0.986612	0.003980	0.000000	0.000000	0.000000
254	0.000295	0.000000	0.000273	0.008807	0.986657	0.003968	0.000000	0.000000	0.000000
255	0.000270	0.000000	0.000283	0.008792	0.986676	0.003979	0.000000	0.000000	0.000000
256	0.000248	0.000000	0.000263	0.008849	0.986717	0.003923	0.000000	0.000000	0.000000
257	0.000231	0.000000	0.000220	0.008961	0.986620	0.003968	0.000000	0.000000	0.000000
258	0.000211	0.000000	0.000225	0.008885	0.986735	0.003944	0.000000	0.000000	0.000000
259	0.000191	0.000000	0.000210	0.008805	0.986909	0.003885	0.000000	0.000000	0.000000
260	0.000177	0.000000	0.000193	0.008832	0.986866	0.003932	0.000000	0.000000	0.000000
261	0.000157	0.000000	0.000179	0.008906	0.986799	0.003959	0.000000	0.000000	0.000000
262	0.000145	0.000000	0.000154	0.008762	0.986950	0.003989	0.000000	0.000000	0.000000
263	0.000137	0.000000	0.000140	0.008820	0.987010	0.003893	0.000000	0.000000	0.000000
264	0.000149	0.000000	0.000131	0.008802	0.987049	0.003869	0.000000	0.000000	0.000000
265	0.000143	0.000000	0.000120	0.008802	0.987106	0.003829	0.000000	0.000000	0.000000
266	0.000135	0.000000	0.000103	0.008715	0.987135	0.003912	0.000000	0.000000	0.000000
267	0.000130	0.000000	0.000101	0.008740	0.987122	0.003907	0.000000	0.000000	0.000000
268	0.000123	0.000000	0.000092	0.008841	0.987036	0.003908	0.000000	0.000000	0.000000
269	0.000108	0.000000	0.000091	0.008864	0.987047	0.003890	0.000000	0.000000	0.000000
270	0.000097	0.000000	0.000083	0.008823	0.987099	0.003898	0.000000	0.000000	0.000000
271	0.000089	0.000000	0.000074	0.008709	0.987306	0.003822	0.000000	0.000000	0.000000
272	0.000076	0.000000	0.000068	0.008701	0.987312	0.003843	0.000000	0.000000	0.000000
273	0.000060	0.000000	0.000059	0.008729	0.987358	0.003794	0.000000	0.000000	0.000000
274	0.000062	0.000000	0.000066	0.008758	0.987317	0.003797	0.000000	0.000000	0.000000
275	0.000048	0.000000	0.000052	0.008611	0.987604	0.003685	0.000000	0.000000	0.000000
276	0.000041	0.000000	0.000049	0.008756	0.987402	0.003752	0.000000	0.000000	0.000000
277	0.000034	0.000000	0.000050	0.008761	0.987427	0.003728	0.000000	0.000000	0.000000
278	0.000021	0.000000	0.000040	0.008656	0.987448	0.003835	0.000000	0.000000	0.000000
279	0.000017	0.000000	0.000036	0.008829	0.987224	0.003894	0.000000	0.000000	0.000000
280	0.000021	0.000000	0.000033	0.008701	0.987404	0.003841	0.000000	0.000000	0.000000
281	0.000015	0.000000	0.000030	0.008682	0.987373	0.003900	0.000000	0.000000	0.000000
282	0.000017	0.000000	0.000020	0.008656	0.987510	0.003797	0.000000	0.000000	0.000000
283	0.000017	0.000000	0.000019	0.008616	0.987577	0.003771	0.000000	0.000000	0.000000
284	0.000012	0.000000	0.000020	0.008671	0.987500	0.003797	0.000000	0.000000	0.000000
285	0.000006	0.000000	0.000014	0.008725	0.987482	0.003773	0.000000	0.000000	0.000000
286	0.000010	0.000000	0.000011	0.008782	0.987550	0.003647	0.000000	0.000000	0.000000
287	0.000009	0.000000	0.000013	0.008902	0.987321	0.003755	0.000000	0.000000	0.000000
288	0.000006	0.000000	0.000014	0.008925	0.987317	0.003738	0.000000	0.000000	0.000000
289	0.000006	0.000000	0.000017	0.008873	0.987385	0.003719	0.000000	0.000000	0.000000
290	0.000010	0.000000	0.000017	0.008898	0.987335	0.003740	0.000000	0.000000	0.000000
291	0.000007	0.000000	0.000014	0.008921	0.987371	0.003687	0.000000	0.000000	0.000000
292	0.000006	0.000000	0.000010	0.008991	0.987278	0.003715	0.000000	0.000000	0.000000
293	0.000003	0.000000	0.000008	0.008955	0.987296	0.003738	0.000000	0.000000	0.000000
294	0.000000	0.000000	0.000009	0.009046	0.987271	0.003674	0.000000	0.000000	0.000000
295	0.000000	0.000000	0.000008	0.009036	0.987217	0.003739	0.000000	0.000000	0.000000
296	0.000000	0.000000	0.000005	0.009057	0.987097	0.003841	0.000000	0.000000	0.000000
297	0.000000	0.000000	0.000006	0.009138	0.987047	0.003809	0.000000	0.000000	0.000000
298	0.000000	0.000000	0.000004	0.009257	0.986880	0.003859	0.000000	0.000000	0.000000
299	0.000000	0.000000	0.000004	0.009286	0.986916	0.003794	0.000000	0.000000	0.000000
300	0.000000	0.000000	0.000006	0.009361	0.986812	0.003821	0.000000	0.000000	0.000000
301	0.000000	0.000000	0.000007	0.009315	0.986867	0.003811	0.000000	0.000000	0.000000
302	0.000000	0.000000	0.000010	0.009382	0.986788	0.003820	0.000000	0.000000	0.000000
303	0.000000	0.000000	0.000013	0.009333	0.986872	0.003782	0.000000	0.000000	0.000000
304	0.000000	0.000000	0.000010	0.009313	0.986899	0.003778	0.000000	0.000000	0.000000
305	0.000000	0.000000	0.000009	0.009363	0.986864	0.003764	0.000000	0.000000	0.000000
306	0.000000	0.000000	0.000008	0.009399	0.986880	0.003713	0.000000	0.000000	0.000000
307	0.000000	0.000000	0.000009	0.009347	0.986952	0.003692	0.000000	0.000000	0.000000
308	0.000000	0.000000	0.000008	0.009346	0.987039	0.003607	0.000000	0.000000	0.000000
309	0.000000	0.000000	0.000012	0.009380	0.986962	0.003646	0.000000	0.000000	0.000000
310	0.000000	0.000000	0.000011	0.009350	0.987029	0.003610	0.000000	0.000000	0.000000
311	0.000000	0.000000	0.000013	0.009386	0.987028	0.003573	0.000000	0.000000	0.000000
312	0.000000	0.000000	0.000006	0.009414	0.986983	0.003597	0.000000	0.000000	0.000000
313	0.000000	0.000000	0.000003	0.009362	0.986995	0.003640	0.000000	0.000000	0.000000
314	0.000000	0.000000	0.000003	0.009316	0.986942	0.003739	0.000000	0.000000	0.000000
315	0.000000	0.000000	0.000001	0.009273	0.987005	0.003721	0.000000	0.000000	0.000000
316	0.000000	0.000000	0.000000	0.009302	0.987013	0.003685	0.000000	0.000000	0.000000
317	0.000000	0.000000	0.000000	0.009338	0.986984	0.003678	0.000000	0.000000	0.000000
318	0.000000	0.000000	0.000000	0.009286	0.987001	0.003713	0.000000	0.000000	0.000000
319	0.000000	0.000000	0.000000	0.009326	0.986971	0.003703	0.000000	0.000000	0.000000
320	0.000000	0.000000	0.000000	0.009367	0.986825	0.003808	0.000000	0.000000	0.000000
321	0.000000	0.000000	0.000000	0.009249	0.986905	0.003846	0.000000	0.000000	0.000000
322	0.000000	0.000000	0.000000	0.009327	0.986844	0.003829	0.000000	0.000000	0.000000
323	0.000000	0.000000	0.000000	0.009294	0.986888	0.003818	0.000000	0.000000	0.000000
324	0.000000	0.000000	0.000000	0.009210	0.986937	0.003853	0.000000	0.000000	0.000000
325	0.000000	0.000000	0.000000	0.009260	0.986805	0.003935	0.000000	0.000000	0.000000
326	0.000000	0.000000	0.000000	0.009189	0.986844	0.003967	0.000000	0.000000	0.000000
327	0.000000	0.000000	0.000000	0.009269	0.986698	0.004033	0.000000	0.000000	0.000000
328	0.000000	0.000000	0.000000	0.009258	0.986697	0.004045	0.000000	0.000000	0.000000
329	0.000000	0.000000	0.000000	0.009237	0.986721	0.004042	0.000000	0.000000	0.000000
330	0.000000	0.000000	0.000000	0.009252	0.986844	0.003904	0.000000	0.000000	0.000000
331	0.000000	0.000000	0.000000	0.009385	0.986756	0.003859	0.000000	0.000000	0.000000
332	0.000000	0.000000	0.000000	0.009374	0.986696	0.003930	0.000000	0.000000	0.000000
333	0.000000	0.000000	0.000000	0.009381	0.986721	0.003898	0.000000	0.000000	0.000000
334	0.000000	0.000000	0.000000	0.009352	0.986731	0.003917	0.000000	0.000000	0.000000
335	0.000000	0.000000	0.000000	0.009425	0.986646	0.003929	0.000000	0.000000	0.000000
336	0.000000	0.000000	0.000000	0.009407	0.986678	0.003915	0.000000	0.000000	0.000000
337	0.000000	0.000000	0.000000	0.009494	0.986657	0.003849	0.000000	0.000000	0.000000
338	0.000000	0.000000	0.000000	0.009411	0.986730	0.003859	0.000000	0.000000	0.000000
339	0.000000	0.000000	0.000000	0.009364	0.986730	0.003906	0.000000	0.000000	0.000000
340	0.000000	0.000000	0.000000	0.009467	0.986729	0.003804	0.000000	0.000000	0.000000
341	0.000000	0.000000	0.000000	0.009395	0.986761	0.003844	0.000000	0.000000	0.000000
342	0.000000	0.000000	0.000000	0.009355	0.986742	0.003903	0.000000	0.000000	0.000000
343	0.000000	0.000000	0.000000	0.009427	0.986651	0.003922	0.000000	0.000000	0.000000
344	0.000000	0.000000	0.000000	0.009501	0.986668	0.003831	0.000000	0.000000	0.000000
345	0.000000	0.000000	0.000000	0.009439	0.986767	0.003794	0.000000	0.000000	0.000000
346	0.000000	0.000000	0.000000	0.009336	0.986787	0.003877	0.000000	0.000000	0.000000
347	0.000000	0.000000	0.000000	0.009335	0.986793	0.003872	0.000000	0.000000	0.000000
348	0.000000	0.000000	0.000000	0.009329	0.986675	0.003996	0.000000	0.000000	0.000000
349	0.000000	0.000000	0.000000	0.009384	0.986653	0.003963	0.000000	0.000000	0.000000
350	0.000000	0.000000	0.000000	0.009322	0.986826	0.003852	0.000000	0.000000	0.000000
351	0.000000	0.000000	0.000000	0.009207	0.986892	0.003901	0.000000	0.000000	0.000000
352	0.000000	0.000000	0.000000	0.009200	0.986887	0.003913	0.000000	0.000000	0.000000
353	0.000000	0.000000	0.000000	0.009161	0.986996	0.003843	0.000000	0.000000	0.000000
354	0.000000	0.000000	0.000000	0.009236	0.986799	0.003965	0.000000	0.000000	0.000000
355	0.000000	0.000000	0.000000	0.009152	0.987041	0.003807	0.000000	0.000000	0.000000
356	0.000000	0.000000	0.000000	0.009098	0.987156	0.003746	0.000000	0.000000	0.000000
357	0.000000	0.000000	0.000000	0.009063	0.987151	0.003786	0.000000	0.000000	0.000000
358	0.000000	0.000000	0.000000	0.008903	0.987289	0.003808	0.000000	0.000000	0.000000
359	0.000000	0.000000	0.000000	0.008962	0.987222	0.003816	0.000000	0.000000	0.000000
360	0.000000	0.000000	0.000000	0.008946	0.987122	0.003932	0.000000	0.000000	0.000000
361	0.000000	0.000000	0.000000	0.008927	0.987104	0.003969	0.000000	0.000000	0.000000
362	0.000000	0.000000	0.000000	0.008885	0.987122	0.003993	0.000000	0.000000	0.000000
363	0.000000	0.000000	0.000000	0.008940	0.987102	0.003958	0.000000	0.000000	0.000000
364	0.000000	0.000000	0.000000	0.008967	0.987060	0.003973	0.000000	0.000000	0.000000
365	0.000000	0.000000	0.000000	0.008892	0.987159	0.003949	0.000000	0.000000	0.000000
366	0.000000	0.000000	0.000000	0.008908	0.987144	0.003948	0.000000	0.000000	0.000000
367	0.000000	0.000000	0.000000	0.008961	0.987167	0.003872	0.000000	0.000000	0.000000
368	0.000000	0.000000	0.000000	0.008998	0.987068	0.003934	0.000000	0.000000	0.000000
369	0.000000	0.000000	0.000000	0.009029	0.986932	0.004039	0.000000	0.000000	0.000000
370	0.000000	0.000000	0.000000	0.009148	0.986749	0.004103	0.000000	0.000000	0.000000
371	0.000000	0.000000	0.000000	0.009275	0.986605	0.004120	0.000000	0.000000	0.000000
372	0.000000	0.000000	0.000000	0.009260	0.986540	0.004200	0.000000	0.000000	0.000000
373	0.000000	0.000000	0.000000	0.009053	0.986850	0.004097	0.000000	0.000000	0.000000
374	0.000000	0.000000	0.000000	0.008922	0.987028	0.004050	0.000000	0.000000	0.000000
375	0.000000	0.000000	0.000000	0.008798	0.987208	0.003994	0.000000	0.000000	0.000000
376	0.000000	0.000000	0.000000	0.008842	0.987220	0.003938	0.000000	0.000000	0.000000
377	0.000000	0.000000	0.000000	0.008829	0.987207	0.003964	0.000000	0.000000	0.000000
378	0.000000	0.000000	0.000000	0.008713	0.987361	0.003926	0.000000	0.000000	0.000000
379	0.000000	0.000000	0.000000	0.008658	0.987437	0.003905	0.000000	0.000000	0.000000
380	0.000000	0.000000	0.000000	0.008607	0.987601	0.003792	0.000000	0.000000	0.000000
381	0.000000	0.000000	0.000000	0.008616	0.987620	0.003764	0.000000	0.000000	0.000000
382	0.000000	0.000000	0.000000	0.008622	0.987698	0.003680	0.000000	0.000000	0.000000
383	0.000000	0.000000	0.000000	0.008530	0.987781	0.003689	0.000000	0.000000	0.000000
384	0.000000	0.000000	0.000000	0.008628	0.987592	0.003780	0.000000	0.000000	0.000000
385	0.000000	0.000000	0.000000	0.008626	0.987601	0.003773	0.000000	0.000000	0.000000
386	0.000000	0.000000	0.000000	0.008659	0.987542	0.003799	0.000000	0.000000	0.000000
387	0.000000	0.000000	0.000000	0.008733	0.987558	0.003709	0.000000	0.000000	0.000000
388	0.000000	0.000000	0.000000	0.008795	0.987537	0.003668	0.000000	0.000000	0.000000
389	0.000000	0.000000	0.000000	0.008802	0.987526	0.003672	0.000000	0.000000	0.000000
390	0.000000	0.000000	0.000000	0.008789	0.987462	0.003749	0.000000	0.000000	0.000000
391	0.000000	0.000000	0.000000	0.008728	0.987571	0.003701	0.000000	0.000000	0.000000
392	0.000000	0.000000	0.000000	0.008746	0.987537	0.003717	0.000000	0.000000	0.000000
393	0.000000	0.000000	0.000000	0.008709	0.987588	0.003703	0.000000	0.000000	0.000000
394	0.000000	0.000000	0.000000	0.008727	0.987612	0.003661	0.000000	0.000000	0.000000
395	0.000000	0.000000	0.000000	0.008688	0.987626	0.003686	0.000000	0.000000	0.000000
396	0.000000	0.000000	0.000000	0.008776	0.987624	0.003600	0.000000	0.000000	0.000000
397	0.000000	0.000000	0.000000	0.008868	0.987507	0.003625	0.000000	0.000000	0.000000
398	0.000000	0.000000	0.000000	0.008842	0.987520	0.003638	0.000000	0.000000	0.000000
399	0.000000	0.000000	0.000000	0.008826	0.987503	0.003671	0.000000	0.000000	0.000000
400	0.000000	0.000000	0.000000	0.008733	0.987683	0.003584	0.000000	0.000000	0.000000
401	0.000000	0.000000	0.000000	0.008823	0.987597	0.003580	0.000000	0.000000	0.000000
402	0.000000	0.000000	0.000000	0.008770	0.987640	0.003590	0.000000	0.000000	0.000000
403	0.000000	0.000000	0.000000	0.008775	0.987680	0.003545	0.000000	0.000000	0.000000
404	0.000000	0.000000	0.000000	0.008833	0.987701	0.003466	0.000000	0.000000	0.000000
405	0.000000	0.000000	0.000000	0.008827	0.987552	0.003621	0.000000	0.000000	0.000000
406	0.000000	0.000000	0.000000	0.008744	0.987659	0.003597	0.000000	0.000000	0.000000
407	0.000000	0.000000	0.000000	0.008804	0.987595	0.003601	0.000000	0.000000	0.000000
408	0.000000	0.000000	0.000000	0.008770	0.987645	0.003585	0.000000	0.000000	0.000000
409	0.000000	0.000000	0.000000	0.008772	0.987641	0.003587	0.000000	0.000000	0.000000
410	0.000000	0.000000	0.000000	0.008783	0.987661	0.003556	0.000000	0.000000	0.000000
411	0.000000	0.000000	0.000000	0.008829	0.987628	0.003543	0.000000	0.000000	0.000000
412	0.000000	0.000000	0.000000	0.008903	0.987605	0.003492	0.000000	0.000000	0.000000
413	0.000000	0.000000	0.000000	0.008950	0.987550	0.003500	0.000000	0.000000	0.000000
414	0.000000	0.000000	0.000000	0.008882	0.987554	0.003564	0.000000	0.000000	0.000000
415	0.000000	0.000000	0.000000	0.008960	0.987441	0.003599	0.000000	0.000000	0.000000
416	0.000000	0.000000	0.000000	0.008949	0.987468	0.003583	0.000000	0.000000	0.000000
417	0.000000	0.000000	0.000000	0.009107	0.987327	0.003566	0.000000	0.000000	0.000000
418	0.000000	0.000000	0.000000	0.009096	0.987354	0.003550	0.000000	0.000000	0.000000
419	0.000000	0.000000	0.000000	0.009158	0.987319	0.003523	0.000000	0.000000	0.000000
420	0.000000	0.000000	0.000000	0.009129	0.987337	0.003534	0.000000	0.000000	0.000000
421	0.000000	0.000000	0.000000	0.009060	0.987415	0.003525	0.000000	0.000000	0.000000
422	0.000000	0.000000	0.000000	0.009101	0.987384	0.003515	0.000000	0.000000	0.000000
423	0.000000	0.000000	0.000000	0.009118	0.987368	0.003514	0.000000	0.000000	0.000000
424	0.000000	0.000000	0.000000	0.009088	0.987468	0.003444	0.000000	0.000000	0.000000
425	0.000000	0.000000	0.000000	0.009282	0.987213	0.003505	0.000000	0.000000	0.000000
426	0.000000	0.000000	0.000000	0.009225	0.987303	0.003472	0.000000	0.000000	0.000000
427	0.000000	0.000000	0.000000	0.009238	0.987265	0.003497	0.000000	0.000000	0.000000
428	0.000000	0.000000	0.000000	0.009330	0.987167	0.003503	0.000000	0.000000	0.000000
429	0.000000	0.000000	0.000000	0.009263	0.987216	0.003521	0.000000	0.000000	0.000000
430	0.000000	0.000000	0.000000	0.009363	0.987078	0.003559	0.000000	0.000000	0.000000
431	0.000000	0.000000	0.000000	0.009282	0.987136	0.003582	0.000000	0.000000	0.000000
432	0.000000	0.000000	0.000000	0.009194	0.987183	0.003623	0.000000	0.000000	0.000000
433	0.000000	0.000000	0.000000	0.009088	0.987312	0.003600	0.000000	0.000000	0.000000
434	0.000000	0.000000	0.000000	0.009118	0.987268	0.003614	0.000000	0.000000	0.000000
435	0.000000	0.000000	0.000000	0.009013	0.987402	0.003585	0.000000	0.000000	0.000000
436	0.000000	0.000000	0.000000	0.008986	0.987419	0.003595	0.000000	0.000000	0.000000
437	0.000000	0.000000	0.000000	0.008934	0.987500	0.003566	0.000000	0.000000	0.000000
438	0.000000	0.000000	0.000000	0.008874	0.987535	0.003591	0.000000	0.000000	0.000000
439	0.000000	0.000000	0.000000	0.008939	0.987411	0.003650	0.000000	0.000000	0.000000
440	0.000000	0.000000	0.000000	0.009039	0.987444	0.003517	0.000000	0.000000	0.000000
441	0.000000	0.000000	0.000000	0.009103	0.987375	0.003522	0.000000	0.000000	0.000000
442	0.000000	0.000000	0.000000	0.009109	0.987307	0.003584	0.000000	0.000000	0.000000
443	0.000000	0.000000	0.000000	0.009183	0.987132	0.003685	0.000000	0.000000	0.000000
444	0.000000	0.000000	0.000000	0.009117	0.987187	0.003696	0.000000	0.000000	0.000000
445	0.000000	0.000000	0.000000	0.009105	0.987246	0.003649	0.000000	0.000000	0.000000
446	0.000000	0.000000	0.000000	0.009121	0.987208	0.003671	0.000000	0.000000	0.000000
447	0.000000	0.000000	0.000000	0.009077	0.987241	0.003682	0.000000	0.000000	0.000000
448	0.000000	0.000000	0.000000	0.009004	0.987290	0.003706	0.000000	0.000000	0.000000
449	0.000000	0.000000	0.000000	0.009121	0.987226	0.003653	0.000000	0.000000	0.000000
450	0.000000	0.000000	0.000000	0.009137	0.987208	0.003655	0.000000	0.000000	0.000000
451	0.000000	0.000000	0.000000	0.009085	0.987221	0.003694	0.000000	0.000000	0.000000
452	0.000000	0.000000	0.000000	0.009084	0.987175	0.003741	0.000000	0.000000	0.000000
453	0.000000	0.000000	0.000000	0.009219	0.987022	0.003759	0.000000	0.000000	0.000000
454	0.000000	0.000000	0.000000	0.009224	0.987034	0.003742	0.000000	0.000000	0.000000
455	0.000000	0.000000	0.000000	0.009227	0.987031	0.003742	0.000000	0.000000	0.000000
456	0.000000	0.000000	0.000000	0.009260	0.986974	0.003766	0.000000	0.000000	0.000000
457	0.000000	0.000000	0.000000	0.009213	0.986965	0.003822	0.000000	0.000000	0.000000
458	0.000000	0.000000	0.000000	0.009197	0.987026	0.003777	0.000000	0.000000	0.000000
459	0.000000	0.000000	0.000000	0.009305	0.986997	0.003698	0.000000	0.000000	0.000000
460	0.000000	0.000000	0.000000	0.009263	0.987026	0.003711	0.000000	0.000000	0.000000
461	0.000000	0.000000	0.000000	0.009402	0.986839	0.003759	0.000000	0.000000	0.000000
462	0.000000	0.000000	0.000000	0.009402	0.986911	0.003687	0.000000	0.000000	0.000000
463	0.000000	0.000000	0.000000	0.009459	0.986815	0.003726	0.000000	0.000000	0.000000
464	0.000000	0.000000	0.000000	0.009287	0.986944	0.003769	0.000000	0.000000	0.000000
465	0.000000	0.000000	0.000000	0.009416	0.986891	0.003693	0.000000	0.000000	0.000000
466	0.000000	0.000000	0.000000	0.009480	0.986806	0.003714	0.000000	0.000000	0.000000
467	0.000000	0.000000	0.000000	0.009595	0.986566	0.003839	0.000000	0.000000	0.000000
468	0.000000	0.000000	0.000000	0.009686	0.986543	0.003771	0.000000	0.000000	0.000000
469	0.000000	0.000000	0.000000	0.009726	0.986555	0.003719	0.000000	0.000000	0.000000
470	0.000000	0.000000	0.000000	0.009829	0.986399	0.003772	0.000000	0.000000	0.000000
