0	0.290663	0.057897	0.229473	0.157588	0.029913	0.111872	0.085455	0.012259	0.024880
1	0.254323	0.052496	0.215646	0.127680	0.026276	0.110517	0.108127	0.021278	0.083657
2	0.273319	0.055420	0.230116	0.112245	0.025095	0.098643	0.099689	0.019560	0.085913
3	0.297169	0.058632	0.244414	0.099307	0.024055	0.086728	0.089147	0.017304	0.083244
4	0.321901	0.061668	0.256633	0.087203	0.023306	0.075681	0.078956	0.015084	0.079568
5	0.345187	0.063978	0.268373	0.075791	0.022788	0.065704	0.069088	0.012985	0.076106
6	0.367648	0.066447	0.277286	0.065883	0.022309	0.056795	0.060175	0.011132	0.072325
7	0.388558	0.068215	0.285544	0.057185	0.021641	0.048880	0.052183	0.009633	0.068161
8	0.408075	0.069781	0.291716	0.049590	0.021071	0.041902	0.045410	0.008065	0.064390
9	0.425603	0.070736	0.297509	0.042832	0.020597	0.036018	0.039327	0.006902	0.060476
10	0.442127	0.071495	0.301924	0.036796	0.020168	0.030663	0.034359	0.005999	0.056469
11	0.456041	0.072005	0.306406	0.031704	0.019460	0.026695	0.029496	0.005249	0.052944
12	0.468550	0.072438	0.309317	0.027557	0.019457	0.022883	0.025544	0.004471	0.049783
13	0.480503	0.073087	0.311695	0.023725	0.018969	0.019622	0.021958	0.003856	0.046585
14	0.490582	0.072913	0.313603	0.020784	0.018871	0.017053	0.018999	0.003310	0.043885
15	0.499661	0.073397	0.315359	0.018071	0.018725	0.014748	0.016355	0.002888	0.040796
16	0.507278	0.073517	0.317351	0.015794	0.018427	0.012778	0.014090	0.002406	0.038359
17	0.515180	0.073540	0.318459	0.013876	0.018009	0.011076	0.012154	0.002022	0.035684
18	0.522131	0.073492	0.318777	0.012134	0.017860	0.009610	0.010493	0.001813	0.033690
19	0.528538	0.073177	0.319316	0.010600	0.017818	0.008373	0.009094	0.001581	0.031503
20	0.534397	0.072668	0.319511	0.009450	0.017804	0.007436	0.008025	0.001376	0.029333
21	0.539102	0.072731	0.319917	0.008303	0.017805	0.006424	0.006888	0.001185	0.027645
22	0.543445	0.072438	0.320036	0.007541	0.017538	0.005705	0.006056	0.001046	0.026195
23	0.547091	0.072304	0.320396	0.006625	0.017360	0.005254	0.005255	0.000923	0.024792
24	0.551418	0.071840	0.320101	0.005856	0.017337	0.004548	0.004549	0.000820	0.023531
25	0.554429	0.071293	0.320762	0.005334	0.017222	0.004094	0.004013	0.000673	0.022180
26	0.556986	0.070796	0.321300	0.004791	0.017384	0.003800	0.003389	0.000609	0.020945
27	0.560180	0.070049	0.321305	0.004466	0.017414	0.003368	0.003021	0.000522	0.019675
28	0.561761	0.069869	0.321968	0.004089	0.017368	0.003081	0.002608	0.000475	0.018781
29	0.563962	0.069515	0.322127	0.003788	0.017353	0.002802	0.002311	0.000448	0.017694
30	0.565710	0.069513	0.321967	0.003408	0.017431	0.002655	0.002015	0.000433	0.016868
31	0.567886	0.068961	0.321773	0.003122	0.017634	0.002423	0.001723	0.000370	0.016108
32	0.569470	0.069036	0.321942	0.002750	0.017374	0.002244	0.001516	0.000356	0.015312
33	0.571159	0.068980	0.321499	0.002486	0.017451	0.002085	0.001361	0.000288	0.014691
34	0.573163	0.068437	0.321023	0.002288	0.017653	0.001932	0.001192	0.000258	0.014054
35	0.574498	0.068351	0.321099	0.002043	0.017554	0.001744	0.001013	0.000242	0.013456
36	0.575887	0.068086	0.320853	0.001944	0.017643	0.001644	0.000935	0.000203	0.012805
37	0.577937	0.067584	0.320366	0.001802	0.017671	0.001483	0.000869	0.000187	0.012101
38	0.578692	0.067370	0.320582	0.001608	0.017755	0.001333	0.000773	0.000181	0.011706
39	0.579670	0.067018	0.320643	0.001508	0.017897	0.001278	0.000753	0.000142	0.011091
40	0.580171	0.066760	0.320852	0.001430	0.018079	0.001235	0.000724	0.000141	0.010608
41	0.580868	0.066488	0.321252	0.001350	0.017967	0.001120	0.000622	0.000111	0.010222
42	0.582260	0.065842	0.321336	0.001235	0.018031	0.001097	0.000540	0.000102	0.009557
43	0.582518	0.065341	0.321996	0.001235	0.018129	0.000985	0.000493	0.000094	0.009209
44	0.583765	0.065084	0.321624	0.001163	0.018104	0.000929	0.000414	0.000081	0.008836
45	0.584115	0.065002	0.321928	0.001084	0.018071	0.000860	0.000371	0.000078	0.008491
46	0.584483	0.064695	0.322337	0.001007	0.018165	0.000798	0.000343	0.000067	0.008105
47	0.584589	0.064603	0.322587	0.000967	0.018242	0.000792	0.000317	0.000060	0.007843
48	0.584704	0.064326	0.323204	0.000867	0.018376	0.000734	0.000287	0.000051	0.007451
49	0.585260	0.064040	0.323147	0.000876	0.018454	0.000722	0.000240	0.000045	0.007216
50	0.585122	0.063776	0.323709	0.000800	0.018703	0.000648	0.000225	0.000043	0.006974
51	0.586108	0.063412	0.323423	0.000757	0.018679	0.000607	0.000184	0.000041	0.006789
52	0.586463	0.062997	0.323795	0.000691	0.018665	0.000583	0.000166	0.000032	0.006608
53	0.587095	0.062613	0.323772	0.000653	0.018774	0.000525	0.000166	0.000027	0.006375
54	0.587055	0.062523	0.324122	0.000631	0.018877	0.000534	0.000146	0.000025	0.006087
55	0.587405	0.061763	0.324585	0.000601	0.018966	0.000514	0.000130	0.000023	0.006013
56	0.587799	0.061691	0.324383	0.000532	0.019095	0.000492	0.000126	0.000021	0.005861
57	0.587945	0.061538	0.324628	0.000500	0.019019	0.000474	0.000112	0.000021	0.005763
58	0.588803	0.061198	0.324394	0.000480	0.018990	0.000470	0.000105	0.000009	0.005551
59	0.588646	0.061392	0.324413	0.000455	0.019171	0.000464	0.000099	0.000010	0.005350
60	0.589152	0.060944	0.324548	0.000420	0.019063	0.000433	0.000084	0.000009	0.005347
61	0.589125	0.061026	0.324725	0.000378	0.019101	0.000422	0.000077	0.000013	0.005133
62	0.589684	0.060782	0.324524	0.000380	0.019170	0.000407	0.000073	0.000011	0.004969
63	0.590367	0.060771	0.324090	0.000370	0.019188	0.000386	0.000065	0.000016	0.004747
64	0.590583	0.060762	0.324096	0.000355	0.019126	0.000354	0.000047	0.000017	0.004660
65	0.590960	0.060313	0.324224	0.000321	0.019209	0.000344	0.000051	0.000012	0.004566
66	0.591798	0.060128	0.323744	0.000307	0.019094	0.000313	0.000041	0.000016	0.004559
67	0.591711	0.059982	0.324099	0.000281	0.019218	0.000319	0.000035	0.000008	0.004347
68	0.592795	0.059798	0.323314	0.000302	0.019217	0.000317	0.000038	0.000009	0.004210
69	0.593675	0.059536	0.322727	0.000317	0.019246	0.000295	0.000039	0.000008	0.004157
70	0.593584	0.059239	0.323337	0.000269	0.019189	0.000274	0.000044	0.000006	0.004058
71	0.593155	0.059228	0.323682	0.000283	0.019383	0.000252	0.000043	0.000006	0.003968
72	0.594279	0.058967	0.323185	0.000264	0.019207	0.000224	0.000042	0.000009	0.003823
73	0.594713	0.058708	0.323040	0.000234	0.019283	0.000247	0.000036	0.000007	0.003732
74	0.595476	0.058129	0.323005	0.000205	0.019247	0.000217	0.000030	0.000004	0.003687
75	0.595840	0.057859	0.323100	0.000191	0.019220	0.000204	0.000029	0.000004	0.003553
76	0.596173	0.057609	0.322988	0.000182	0.019329	0.000201	0.000024	0.000004	0.003490
77	0.595354	0.057858	0.323695	0.000177	0.019350	0.000193	0.000027	0.000007	0.003339
78	0.595688	0.057687	0.323432	0.000155	0.019509	0.000188	0.000023	0.000007	0.003311
79	0.596787	0.057412	0.322743	0.000135	0.019489	0.000170	0.000026	0.000009	0.003229
80	0.596668	0.057376	0.323031	0.000137	0.019442	0.000166	0.000019	0.000005	0.003156
81	0.597235	0.057041	0.322828	0.000123	0.019449	0.000165	0.000018	0.000006	0.003135
82	0.597650	0.056253	0.323232	0.000120	0.019371	0.000153	0.000015	0.000004	0.003202
83	0.598101	0.056460	0.322713	0.000111	0.019413	0.000147	0.000009	0.000005	0.003041
84	0.597836	0.056699	0.322757	0.000116	0.019459	0.000142	0.000005	0.000003	0.002983
85	0.597694	0.056586	0.323064	0.000103	0.019518	0.000125	0.000009	0.000003	0.002898
86	0.597667	0.056573	0.323097	0.000093	0.019577	0.000129	0.000010	0.000003	0.002851
87	0.598025	0.055897	0.323330	0.000093	0.019712	0.000132	0.000006	0.000003	0.002802
88	0.598020	0.055670	0.323464	0.000080	0.019774	0.000134	0.000009	0.000003	0.002846
89	0.598923	0.055253	0.322970	0.000074	0.019858	0.000125	0.000006	0.000006	0.002785
90	0.598193	0.055410	0.323599	0.000067	0.019794	0.000119	0.000003	0.000004	0.002811
91	0.598736	0.055457	0.323214	0.000061	0.019712	0.000102	0.000003	0.000002	0.002713
92	0.599460	0.055243	0.322742	0.000056	0.019710	0.000095	0.000005	0.000007	0.002682
93	0.599642	0.054734	0.323002	0.000052	0.019897	0.000097	0.000004	0.000008	0.002564
94	0.599578	0.054420	0.323595	0.000056	0.019698	0.000074	0.000003	0.000007	0.002569
95	0.600000	0.054005	0.323416	0.000051	0.019941	0.000078	0.000003	0.000005	0.002501
96	0.600482	0.053434	0.323692	0.000055	0.019870	0.000071	0.000000	0.000007	0.002389
97	0.599794	0.053272	0.324385	0.000049	0.019966	0.000075	0.000002	0.000006	0.002451
98	0.600149	0.053228	0.324314	0.000042	0.019840	0.000059	0.000000	0.000006	0.002362
99	0.600610	0.053015	0.324209	0.000045	0.019742	0.000058	0.000002	0.000009	0.002310
100	0.601082	0.052647	0.324123	0.000046	0.019762	0.000061	0.000000	0.000011	0.002268
101	0.601746	0.052139	0.324129	0.000037	0.019629	0.000063	0.000001	0.000010	0.002246
102	0.601432	0.051939	0.324735	0.000035	0.019503	0.000052	0.000002	0.000010	0.002292
103	0.601813	0.051573	0.324689	0.000038	0.019617	0.000054	0.000001	0.000011	0.002204
104	0.602251	0.051463	0.324561	0.000041	0.019474	0.000044	0.000001	0.000008	0.002157
105	0.601856	0.051152	0.325199	0.000044	0.019549	0.000048	0.000001	0.000010	0.002141
106	0.603082	0.050836	0.324448	0.000044	0.019425	0.000039	0.000000	0.000008	0.002118
107	0.603382	0.050536	0.324425	0.000049	0.019539	0.000035	0.000000	0.000011	0.002023
108	0.603699	0.050319	0.324460	0.000036	0.019438	0.000038	0.000000	0.000007	0.002003
109	0.603504	0.049904	0.325206	0.000032	0.019393	0.000037	0.000000	0.000010	0.001914
110	0.603616	0.049874	0.325470	0.000033	0.019124	0.000038	0.000000	0.000008	0.001837
111	0.604505	0.049765	0.324641	0.000041	0.019214	0.000037	0.000000	0.000006	0.001791
112	0.604904	0.049667	0.324527	0.000032	0.019061	0.000031	0.000000	0.000005	0.001773
113	0.604561	0.049440	0.325089	0.000033	0.019079	0.000029	0.000000	0.000006	0.001763
114	0.604901	0.049206	0.325013	0.000026	0.019116	0.000032	0.000000	0.000002	0.001704
115	0.605301	0.049231	0.324731	0.000019	0.019032	0.000028	0.000000	0.000002	0.001656
116	0.605617	0.048911	0.324865	0.000021	0.018922	0.000021	0.000000	0.000002	0.001641
117	0.605703	0.048640	0.325225	0.000015	0.018797	0.000016	0.000000	0.000001	0.001603
118	0.605418	0.048611	0.325506	0.000016	0.018866	0.000021	0.000000	0.000001	0.001561
119	0.605539	0.048516	0.325550	0.000019	0.018796	0.000023	0.000000	0.000003	0.001554
120	0.605166	0.048565	0.325980	0.000014	0.018683	0.000023	0.000000	0.000004	0.001565
121	0.605973	0.048139	0.325627	0.000014	0.018672	0.000017	0.000000	0.000000	0.001558
122	0.606040	0.048139	0.325518	0.000016	0.018743	0.000019	0.000000	0.000000	0.001525
123	0.606271	0.047897	0.325659	0.000013	0.018663	0.000017	0.000000	0.000000	0.001480
124	0.606829	0.047564	0.325590	0.000013	0.018606	0.000023	0.000000	0.000000	0.001375
125	0.606753	0.047321	0.326077	0.000014	0.018428	0.000019	0.000000	0.000000	0.001388
126	0.606529	0.047155	0.326580	0.000016	0.018442	0.000018	0.000000	0.000000	0.001260
127	0.606910	0.046675	0.326827	0.000011	0.018280	0.000012	0.000000	0.000000	0.001285
128	0.606915	0.046646	0.326961	0.000012	0.018267	0.000017	0.000000	0.000000	0.001182
129	0.607356	0.046750	0.326603	0.000013	0.018070	0.000016	0.000000	0.000000	0.001192
130	0.607609	0.046468	0.326620	0.000016	0.018104	0.000016	0.000000	0.000000	0.001167
131	0.606687	0.046148	0.327879	0.000020	0.018120	0.000011	0.000000	0.000000	0.001135
132	0.606890	0.046145	0.327835	0.000021	0.018004	0.000010	0.000000	0.000000	0.001095
133	0.606722	0.045954	0.328251	0.000019	0.017980	0.000009	0.000000	0.000000	0.001065
134	0.607116	0.045760	0.328180	0.000020	0.017902	0.000006	0.000000	0.000000	0.001016
135	0.607063	0.045537	0.328427	0.000017	0.017977	0.000004	0.000000	0.000000	0.000975
136	0.607257	0.045573	0.328415	0.000016	0.017757	0.000006	0.000000	0.000000	0.000976
137	0.606817	0.045335	0.329145	0.000012	0.017735	0.000007	0.000000	0.000000	0.000949
138	0.606651	0.045304	0.329538	0.000014	0.017604	0.000007	0.000000	0.000000	0.000882
139	0.606947	0.045130	0.329547	0.000013	0.017527	0.000007	0.000000	0.000000	0.000829
140	0.607631	0.044690	0.329480	0.000013	0.017331	0.000004	0.000000	0.000000	0.000851
141	0.608336	0.044859	0.328654	0.000011	0.017295	0.000003	0.000000	0.000000	0.000842
142	0.608010	0.044567	0.329193	0.000015	0.017352	0.000006	0.000000	0.000000	0.000857
143	0.607921	0.044464	0.329448	0.000013	0.017338	0.000003	0.000000	0.000000	0.000813
144	0.608323	0.044039	0.329540	0.000012	0.017273	0.000004	0.000000	0.000000	0.000809
145	0.608628	0.044411	0.328995	0.000008	0.017183	0.000001	0.000000	0.000000	0.000774
146	0.608589	0.044582	0.329086	0.000008	0.016974	0.000003	0.000000	0.000000	0.000758
147	0.608791	0.044222	0.329229	0.000011	0.016969	0.000003	0.000000	0.000000	0.000775
148	0.608645	0.043884	0.330015	0.000008	0.016700	0.000002	0.000000	0.000000	0.000746
149	0.608248	0.043819	0.330470	0.000004	0.016727	0.000000	0.000000	0.000000	0.000732
150	0.608948	0.043890	0.329819	0.000003	0.016598	0.000001	0.000000	0.000000	0.000741
151	0.609221	0.043827	0.329746	0.000001	0.016496	0.000001	0.000000	0.000000	0.000708
152	0.609864	0.043800	0.329274	0.000003	0.016395	0.000000	0.000000	0.000000	0.000664
153	0.609474	0.043560	0.330027	0.000001	0.016305	0.000000	0.000000	0.000000	0.000633
154	0.608889	0.043583	0.330680	0.000004	0.016206	0.000000	0.000000	0.000000	0.000638
155	0.609682	0.043393	0.330187	0.000004	0.016101	0.000000	0.000000	0.000000	0.000633
156	0.609001	0.043295	0.330978	0.000003	0.016105	0.000000	0.000000	0.000000	0.000618
157	0.608774	0.043308	0.331314	0.000004	0.016024	0.000000	0.000000	0.000000	0.000576
158	0.608831	0.043200	0.331418	0.000004	0.015951	0.000000	0.000000	0.000000	0.000596
159	0.609028	0.042839	0.331710	0.000002	0.015805	0.000000	0.000000	0.000000	0.000616
160	0.609305	0.042946	0.331442	0.000003	0.015728	0.000000	0.000000	0.000000	0.000576
161	0.610286	0.042570	0.330850	0.000000	0.015722	0.000000	0.000000	0.000000	0.000572
162	0.610488	0.042411	0.331017	0.000000	0.015509	0.000000	0.000000	0.000000	0.000575
163	0.610348	0.042545	0.331150	0.000000	0.015364	0.000000	0.000000	0.000000	0.000593
164	0.609979	0.042560	0.331572	0.000000	0.015315	0.000000	0.000000	0.000000	0.000574
165	0.610092	0.042428	0.331619	0.000000	0.015256	0.000000	0.000000	0.000000	0.000605
166	0.610477	0.042539	0.331230	0.000000	0.015185	0.000000	0.000000	0.000000	0.000569
167	0.610533	0.042458	0.331287	0.000000	0.015172	0.000000	0.000000	0.000000	0.000550
168	0.610912	0.042102	0.331319	0.000000	0.015153	0.000000	0.000000	0.000000	0.000514
169	0.610495	0.042266	0.331609	0.000000	0.015099	0.000000	0.000000	0.000000	0.000531
170	0.610452	0.042091	0.331987	0.000000	0.014998	0.000000	0.000000	0.000000	0.000472
171	0.610533	0.042014	0.332067	0.000000	0.014896	0.000000	0.000000	0.000000	0.000490
172	0.610712	0.042077	0.331900	0.000000	0.014831	0.000000	0.000000	0.000000	0.000480
173	0.610531	0.041957	0.332189	0.000000	0.014840	0.000000	0.000000	0.000000	0.000483
174	0.610625	0.041627	0.332527	0.000000	0.014725	0.000000	0.000000	0.000000	0.000496
175	0.610445	0.041599	0.332750	0.000000	0.014724	0.000000	0.000000	0.000000	0.000482
176	0.610686	0.041575	0.332621	0.000000	0.014676	0.000000	0.000000	0.000000	0.000442
177	0.610651	0.041516	0.332858	0.000000	0.014537	0.000000	0.000000	0.000000	0.000438
178	0.611005	0.041409	0.332746	0.000000	0.014410	0.000000	0.000000	0.000000	0.000430
179	0.611152	0.041217	0.332880	0.000000	0.014314	0.000000	0.000000	0.000000	0.000437
180	0.611124	0.041523	0.332595	0.000000	0.014355	0.000000	0.000000	0.000000	0.000403
181	0.611622	0.041272	0.332379	0.000000	0.014299	0.000000	0.000000	0.000000	0.000428
182	0.611540	0.041224	0.332497	0.000000	0.014293	0.000000	0.000000	0.000000	0.000446
183	0.611466	0.041033	0.333008	0.000000	0.014081	0.000000	0.000000	0.000000	0.000412
184	0.611909	0.040783	0.332981	0.000000	0.013948	0.000000	0.000000	0.000000	0.000379
185	0.611952	0.041057	0.332610	0.000000	0.014006	0.000000	0.000000	0.000000	0.000375
186	0.612300	0.040851	0.332489	0.000000	0.013962	0.000000	0.000000	0.000000	0.000398
187	0.611935	0.040697	0.333049	0.000000	0.013931	0.000000	0.000000	0.000000	0.000388
188	0.611915	0.040873	0.332962	0.000000	0.013838	0.000000	0.000000	0.000000	0.000412
189	0.611545	0.040970	0.333378	0.000000	0.013704	0.000000	0.000000	0.000000	0.000403
190	0.611175	0.041039	0.333719	0.000000	0.013675	0.000000	0.000000	0.000000	0.000392
191	0.611577	0.040901	0.333613	0.000000	0.013512	0.000000	0.000000	0.000000	0.000397
192	0.611349	0.040987	0.334041	0.000000	0.013250	0.000000	0.000000	0.000000	0.000373
193	0.612177	0.040732	0.333450	0.000000	0.013274	0.000000	0.000000	0.000000	0.000367
194	0.611786	0.040723	0.334064	0.000000	0.013040	0.000000	0.000000	0.000000	0.000387
195	0.611210	0.040759	0.334572	0.000000	0.013059	0.000000	0.000000	0.000000	0.000400
196	0.611335	0.040760	0.334558	0.000000	0.012948	0.000000	0.000000	0.000000	0.000399
197	0.611466	0.040686	0.334548	0.000000	0.012917	0.000000	0.000000	0.000000	0.000383
198	0.611534	0.040479	0.334600	0.000000	0.012980	0.000000	0.000000	0.000000	0.000407
199	0.611902	0.040602	0.334327	0.000000	0.012779	0.000000	0.000000	0.000000	0.000390
200	0.612370	0.040540	0.334165	0.000000	0.012555	0.000000	0.000000	0.000000	0.000370
201	0.612039	0.040973	0.334186	0.000000	0.012431	0.000000	0.000000	0.000000	0.000371
202	0.611829	0.040832	0.334525	0.000000	0.012433	0.000000	0.000000	0.000000	0.000381
203	0.612195	0.040668	0.334423	0.000000	0.012352	0.000000	0.000000	0.000000	0.000362
204	0.611536	0.040677	0.335159	0.000000	0.012271	0.000000	0.000000	0.000000	0.000357
205	0.611566	0.040454	0.335338	0.000000	0.012290	0.000000	0.000000	0.000000	0.000352
206	0.611831	0.040420	0.335040	0.000000	0.012355	0.000000	0.000000	0.000000	0.000354
207	0.611813	0.040602	0.334899	0.000000	0.012338	0.000000	0.000000	0.000000	0.000348
208	0.612181	0.040438	0.334787	0.000000	0.012234	0.000000	0.000000	0.000000	0.000360
209	0.612146	0.040404	0.334926	0.000000	0.012155	0.000000	0.000000	0.000000	0.000369
210	0.612162	0.040309	0.334933	0.000000	0.012208	0.000000	0.000000	0.000000	0.000388
211	0.611565	0.040702	0.335274	0.000000	0.012083	0.000000	0.000000	0.000000	0.000376
212	0.611356	0.040530	0.335686	0.000000	0.012077	0.000000	0.000000	0.000000	0.000351
213	0.611248	0.040485	0.335940	0.000000	0.011963	0.000000	0.000000	0.000000	0.000364
214	0.611384	0.040337	0.335807	0.000000	0.012094	0.000000	0.000000	0.000000	0.000378
215	0.611832	0.040156	0.335765	0.000000	0.011897	0.000000	0.000000	0.000000	0.000350
216	0.612232	0.040263	0.335250	0.000000	0.011927	0.000000	0.000000	0.000000	0.000328
217	0.613045	0.040040	0.334902	0.000000	0.011676	0.000000	0.000000	0.000000	0.000337
218	0.613859	0.039915	0.334344	0.000000	0.011515	0.000000	0.000000	0.000000	0.000367
219	0.613435	0.039871	0.334895	0.000000	0.011453	0.000000	0.000000	0.000000	0.000346
220	0.613115	0.039829	0.335174	0.000000	0.011511	0.000000	0.000000	0.000000	0.000371
221	0.613316	0.039802	0.335010	0.000000	0.011505	0.000000	0.000000	0.000000	0.000367
222	0.613166	0.039933	0.335155	0.000000	0.011353	0.000000	0.000000	0.000000	0.000393
223	0.613219	0.039681	0.335445	0.000000	0.011282	0.000000	0.000000	0.000000	0.000373
224	0.613339	0.039619	0.335442	0.000000	0.011242	0.000000	0.000000	0.000000	0.000358
225	0.613478	0.039532	0.335506	0.000000	0.011140	0.000000	0.000000	0.000000	0.000344
226	0.613639	0.039319	0.335579	0.000000	0.011146	0.000000	0.000000	0.000000	0.000317
227	0.613735	0.039252	0.335590	0.000000	0.011102	0.000000	0.000000	0.000000	0.000321
228	0.613676	0.039139	0.335728	0.000000	0.011179	0.000000	0.000000	0.000000	0.000278
229	0.613589	0.038966	0.336088	0.000000	0.011086	0.000000	0.000000	0.000000	0.000271
230	0.612922	0.038912	0.336915	0.000000	0.010973	0.000000	0.000000	0.000000	0.000278
231	0.611951	0.039094	0.337813	0.000000	0.010893	0.000000	0.000000	0.000000	0.000249
232	0.611990	0.038733	0.338251	0.000000	0.010774	0.000000	0.000000	0.000000	0.000252
233	0.611627	0.038749	0.338577	0.000000	0.010825	0.000000	0.000000	0.000000	0.000222
234	0.612008	0.038539	0.338470	0.000000	0.010753	0.000000	0.000000	0.000000	0.000230
235	0.612923	0.038339	0.337800	0.000000	0.010716	0.000000	0.000000	0.000000	0.000222
236	0.612719	0.038333	0.338162	0.000000	0.010558	0.000000	0.000000	0.000000	0.000228
237	0.612696	0.038195	0.338466	0.000000	0.010421	0.000000	0.000000	0.000000	0.000222
238	0.613269	0.038095	0.337994	0.000000	0.010418	0.000000	0.000000	0.000000	0.000224
239	0.613432	0.038006	0.338024	0.000000	0.010323	0.000000	0.000000	0.000000	0.000215
240	0.613203	0.037945	0.338416	0.000000	0.010205	0.000000	0.000000	0.000000	0.000231
241	0.612803	0.038006	0.338710	0.000000	0.010251	0.000000	0.000000	0.000000	0.000230
242	0.613367	0.038007	0.338246	0.000000	0.010150	0.000000	0.000000	0.000000	0.000230
243	0.613223	0.037667	0.338806	0.000000	0.010062	0.000000	0.000000	0.000000	0.000242
244	0.613480	0.037611	0.338566	0.000000	0.010103	0.000000	0.000000	0.000000	0.000240
245	0.613604	0.037349	0.338776	0.000000	0.010020	0.000000	0.000000	0.000000	0.000251
246	0.613918	0.037227	0.338683	0.000000	0.009919	0.000000	0.000000	0.000000	0.000253
247	0.614011	0.037427	0.338516	0.000000	0.009809	0.000000	0.000000	0.000000	0.000237
248	0.613667	0.037426	0.338885	0.000000	0.009780	0.000000	0.000000	0.000000	0.000242
249	0.613852	0.037612	0.338607	0.000000	0.009719	0.000000	0.000000	0.000000	0.000210
250	0.613667	0.037444	0.338965	0.000000	0.009716	0.000000	0.000000	0.000000	0.000208
251	0.614375	0.037407	0.338401	0.000000	0.009616	0.000000	0.000000	0.000000	0.000201
252	0.614045	0.037355	0.338691	0.000000	0.009717	0.000000	0.000000	0.000000	0.000192
253	0.614288	0.037274	0.338531	0.000000	0.009724	0.000000	0.000000	0.000000	0.000183
254	0.614684	0.037194	0.338241	0.000000	0.009687	0.000000	0.000000	0.000000	0.000194
255	0.614754	0.037078	0.338369	0.000000	0.009626	0.000000	0.000000	0.000000	0.000173
256	0.614427	0.037133	0.338677	0.000000	0.009580	0.000000	0.000000	0.000000	0.000183
257	0.614313	0.037047	0.338881	0.000000	0.009571	0.000000	0.000000	0.000000	0.000188
258	0.614407	0.037187	0.338727	0.000000	0.009508	0.000000	0.000000	0.000000	0.000171
259	0.614749	0.037220	0.338498	0.000000	0.009357	0.000000	0.000000	0.000000	0.000176
260	0.615316	0.037064	0.338142	0.000000	0.009289	0.000000	0.000000	0.000000	0.000189
261	0.614752	0.037207	0.338606	0.000000	0.009241	0.000000	0.000000	0.000000	0.000194
262	0.615108	0.037236	0.338218	0.000000	0.009268	0.000000	0.000000	0.000000	0.000170
263	0.615338	0.037124	0.338161	0.000000	0.009222	0.000000	0.000000	0.000000	0.000155
264	0.615698	0.037086	0.337932	0.000000	0.009124	0.000000	0.000000	0.000000	0.000160
265	0.615888	0.036903	0.337941	0.000000	0.009121	0.000000	0.000000	0.000000	0.000147
266	0.615744	0.036732	0.338487	0.000000	0.008890	0.000000	0.000000	0.000000	0.000147
267	0.615473	0.036717	0.338805	0.000000	0.008867	0.000000	0.000000	0.000000	0.000138
268	0.615168	0.036954	0.338859	0.000000	0.008893	0.000000	0.000000	0.000000	0.000126
269	0.615608	0.036735	0.338688	0.000000	0.008835	0.000000	0.000000	0.000000	0.000134
270	0.615641	0.036951	0.338467	0.000000	0.008811	0.000000	0.000000	0.000000	0.000130
271	0.615186	0.036656	0.339235	0.000000	0.008778	0.000000	0.000000	0.000000	0.000145
272	0.615377	0.036408	0.339409	0.000000	0.008674	0.000000	0.000000	0.000000	0.000132
273	0.615641	0.036693	0.339010	0.000000	0.008527	0.000000	0.000000	0.000000	0.000129
274	0.615683	0.036490	0.339265	0.000000	0.008424	0.000000	0.000000	0.000000	0.000138
275	0.615719	0.036411	0.339333	0.000000	0.008393	0.000000	0.000000	0.000000	0.000144
276	0.615410	0.036275	0.339829	0.000000	0.008345	0.000000	0.000000	0.000000	0.000141
277	0.615552	0.036007	0.340080	0.000000	0.008226	0.000000	0.000000	0.000000	0.000135
278	0.615510	0.036136	0.340113	0.000000	0.008123	0.000000	0.000000	0.000000	0.000118
279	0.616080	0.036099	0.339601	0.000000	0.008104	0.000000	0.000000	0.000000	0.000116
280	0.616016	0.036038	0.339871	0.000000	0.007955	0.000000	0.000000	0.000000	0.000120
281	0.615927	0.036004	0.339991	0.000000	0.007967	0.000000	0.000000	0.000000	0.000111
282	0.615802	0.035956	0.340149	0.000000	0.007978	0.000000	0.000000	0.000000	0.000115
283	0.615653	0.036051	0.340359	0.000000	0.007828	0.000000	0.000000	0.000000	0.000109
284	0.615398	0.036033	0.340620	0.000000	0.007841	0.000000	0.000000	0.000000	0.000108
285	0.615356	0.036110	0.340631	0.000000	0.007803	0.000000	0.000000	0.000000	0.000100
286	0.615274	0.035974	0.340900	0.000000	0.007748	0.000000	0.000000	0.000000	0.000104
287	0.615245	0.035856	0.341096	0.000000	0.007697	0.000000	0.000000	0.000000	0.000106
288	0.615558	0.035472	0.341253	0.000000	0.007603	0.000000	0.000000	0.000000	0.000114
289	0.615391	0.035551	0.341439	0.000000	0.007500	0.000000	0.000000	0.000000	0.000119
290	0.615748	0.035436	0.341222	0.000000	0.007487	0.000000	0.000000	0.000000	0.000107
291	0.615875	0.035427	0.341126	0.000000	0.007468	0.000000	0.000000	0.000000	0.000104
292	0.616443	0.035249	0.340866	0.000000	0.007334	0.000000	0.000000	0.000000	0.000108
293	0.616607	0.035104	0.340853	0.000000	0.007343	0.000000	0.000000	0.000000	0.000093
294	0.616949	0.035033	0.340595	0.000000	0.007324	0.000000	0.000000	0.000000	0.000099
295	0.617203	0.034927	0.340508	0.000000	0.007276	0.000000	0.000000	0.000000	0.000086
296	0.617217	0.034734	0.340716	0.000000	0.007235	0.000000	0.000000	0.000000	0.000098
297	0.617093	0.034981	0.340675	0.000000	0.007162	0.000000	0.000000	0.000000	0.000089
298	0.617710	0.034971	0.340135	0.000000	0.007076	0.000000	0.000000	0.000000	0.000108
299	0.617843	0.034875	0.340214	0.000000	0.006967	0.000000	0.000000	0.000000	0.000101
300	0.617599	0.034933	0.340392	0.000000	0.006980	0.000000	0.000000	0.000000	0.000096
301	0.617860	0.035146	0.339946	0.000000	0.006941	0.000000	0.000000	0.000000	0.000107
302	0.618424	0.035012	0.339569	0.000000	0.006893	0.000000	0.000000	0.000000	0.000102
303	0.617975	0.035102	0.339876	0.000000	0.006954	0.000000	0.000000	0.000000	0.000093
304	0.618178	0.035212	0.339558	0.000000	0.006962	0.000000	0.000000	0.000000	0.000090
305	0.618454	0.035276	0.339264	0.000000	0.006921	0.000000	0.000000	0.000000	0.000085
306	0.618028	0.035400	0.339549	0.000000	0.006944	0.000000	0.000000	0.000000	0.000079
307	0.618773	0.035421	0.338903	0.000000	0.006824	0.000000	0.000000	0.000000	0.000079
308	0.618695	0.035319	0.339182	0.000000	0.006736	0.000000	0.000000	0.000000	0.000068
309	0.619078	0.035268	0.338897	0.000000	0.006692	0.000000	0.000000	0.000000	0.000065
310	0.618851	0.035210	0.339217	0.000000	0.006643	0.000000	0.000000	0.000000	0.000079
311	0.618609	0.035087	0.339616	0.000000	0.006622	0.000000	0.000000	0.000000	0.000066
312	0.618852	0.035054	0.339451	0.000000	0.006572	0.000000	0.000000	0.000000	0.000071
313	0.619447	0.035252	0.338756	0.000000	0.006478	0.000000	0.000000	0.000000	0.000067
314	0.618784	0.035266	0.339412	0.000000	0.006475	0.000000	0.000000	0.000000	0.000063
315	0.619147	0.035135	0.339195	0.000000	0.006463	0.000000	0.000000	0.000000	0.000060
316	0.618681	0.035237	0.339553	0.000000	0.006480	0.000000	0.000000	0.000000	0.000049
317	0.619553	0.035388	0.338571	0.000000	0.006442	0.000000	0.000000	0.000000	0.000046
318	0.619192	0.035251	0.339062	0.000000	0.006444	0.000000	0.000000	0.000000	0.000051
319	0.619836	0.035302	0.338351	0.000000	0.006448	0.000000	0.000000	0.000000	0.000063
320	0.619565	0.035495	0.338459	0.000000	0.006424	0.000000	0.000000	0.000000	0.000057
321	0.619996	0.035411	0.338168	0.000000	0.006377	0.000000	0.000000	0.000000	0.000048
322	0.620112	0.035371	0.338087	0.000000	0.006374	0.000000	0.000000	0.000000	0.000056
323	0.620466	0.035348	0.337796	0.000000	0.006339	0.000000	0.000000	0.000000	0.000051
324	0.620244	0.035181	0.338216	0.000000	0.006316	0.000000	0.000000	0.000000	0.000043
325	0.620406	0.035149	0.338105	0.000000	0.006295	0.000000	0.000000	0.000000	0.000045
326	0.620520	0.035244	0.337939	0.000000	0.006250	0.000000	0.000000	0.000000	0.000047
327	0.620079	0.035047	0.338633	0.000000	0.006191	0.000000	0.000000	0.000000	0.000050
328	0.620548	0.035301	0.337964	0.000000	0.006144	0.000000	0.000000	0.000000	0.000043
329	0.620214	0.035422	0.338252	0.000000	0.006070	0.000000	0.000000	0.000000	0.000042
330	0.619940	0.035581	0.338396	0.000000	0.006039	0.000000	0.000000	0.000000	0.000044
331	0.619733	0.035249	0.339010	0.000000	0.005956	0.000000	0.000000	0.000000	0.000052
332	0.620336	0.035535	0.338096	0.000000	0.005989	0.000000	0.000000	0.000000	0.000044
333	0.620343	0.035610	0.338025	0.000000	0.005983	0.000000	0.000000	0.000000	0.000039
334	0.620328	0.035534	0.338160	0.000000	0.005932	0.000000	0.000000	0.000000	0.000046
335	0.620153	0.035625	0.338277	0.000000	0.005892	0.000000	0.000000	0.000000	0.000053
336	0.619998	0.035526	0.338568	0.000000	0.005866	0.000000	0.000000	0.000000	0.000042
337	0.620294	0.035438	0.338432	0.000000	0.005791	0.000000	0.000000	0.000000	0.000045
338	0.620100	0.035262	0.338874	0.000000	0.005714	0.000000	0.000000	0.000000	0.000050
339	0.620209	0.035062	0.339021	0.000000	0.005656	0.000000	0.000000	0.000000	0.000052
340	0.620403	0.035028	0.338957	0.000000	0.005550	0.000000	0.000000	0.000000	0.000062
341	0.620378	0.035060	0.338943	0.000000	0.005563	0.000000	0.000000	0.000000	0.000056
342	0.619814	0.035091	0.339565	0.000000	0.005485	0.000000	0.000000	0.000000	0.000045
343	0.620141	0.034915	0.339432	0.000000	0.005468	0.000000	0.000000	0.000000	0.000044
344	0.619814	0.035016	0.339749	0.000000	0.005377	0.000000	0.000000	0.000000	0.000044
345	0.620372	0.035202	0.339112	0.000000	0.005266	0.000000	0.000000	0.000000	0.000048
346	0.619885	0.035330	0.339435	0.000000	0.005291	0.000000	0.000000	0.000000	0.000059
347	0.620294	0.035255	0.339104	0.000000	0.005283	0.000000	0.000000	0.000000	0.000064
348	0.620592	0.035031	0.339004	0.000000	0.005311	0.000000	0.000000	0.000000	0.000062
349	0.620527	0.035024	0.339123	0.000000	0.005274	0.000000	0.000000	0.000000	0.000052
350	0.620390	0.035247	0.339053	0.000000	0.005259	0.000000	0.000000	0.000000	0.000051
351	0.620813	0.034987	0.338927	0.000000	0.005227	0.000000	0.000000	0.000000	0.000046
352	0.620892	0.034897	0.338974	0.000000	0.005187	0.000000	0.000000	0.000000	0.000050
353	0.621535	0.034926	0.338309	0.000000	0.005180	0.000000	0.000000	0.000000	0.000050
354	0.620808	0.034898	0.339134	0.000000	0.005104	0.000000	0.000000	0.000000	0.000056
355	0.620586	0.034951	0.339333	0.000000	0.005077	0.000000	0.000000	0.000000	0.000053
356	0.620986	0.035259	0.338653	0.000000	0.005049	0.000000	0.000000	0.000000	0.000053
357	0.620318	0.035154	0.339447	0.000000	0.005030	0.000000	0.000000	0.000000	0.000051
358	0.619997	0.035267	0.339648	0.000000	0.005050	0.000000	0.000000	0.000000	0.000038
359	0.619603	0.035183	0.340167	0.000000	0.005006	0.000000	0.000000	0.000000	0.000041
360	0.619724	0.035269	0.339993	0.000000	0.004975	0.000000	0.000000	0.000000	0.000039
361	0.619124	0.035200	0.340666	0.000000	0.004969	0.000000	0.000000	0.000000	0.000041
362	0.618767	0.035398	0.340958	0.000000	0.004843	0.000000	0.000000	0.000000	0.000034
363	0.619520	0.035484	0.340165	0.000000	0.004807	0.000000	0.000000	0.000000	0.000024
364	0.619342	0.035329	0.340540	0.000000	0.004764	0.000000	0.000000	0.000000	0.000025
365	0.618998	0.035603	0.340637	0.000000	0.004738	0.000000	0.000000	0.000000	0.000024
366	0.618847	0.035256	0.341141	0.000000	0.004740	0.000000	0.000000	0.000000	0.000016
367	0.618646	0.035276	0.341419	0.000000	0.004640	0.000000	0.000000	0.000000	0.000019
368	0.619041	0.035056	0.341288	0.000000	0.004593	0.000000	0.000000	0.000000	0.000022
369	0.618983	0.035026	0.341393	0.000000	0.004575	0.000000	0.000000	0.000000	0.000023
370	0.619226	0.035047	0.341120	0.000000	0.004593	0.000000	0.000000	0.000000	0.000014
371	0.618857	0.034979	0.341595	0.000000	0.004556	0.000000	0.000000	0.000000	0.000013
372	0.619079	0.034622	0.341724	0.000000	0.004565	0.000000	0.000000	0.000000	0.000010
373	0.619197	0.034791	0.341469	0.000000	0.004536	0.000000	0.000000	0.000000	0.000007
374	0.619752	0.034917	0.340752	0.000000	0.004564	0.000000	0.000000	0.000000	0.000015
375	0.619788	0.034914	0.340762	0.000000	0.004527	0.000000	0.000000	0.000000	0.000009
376	0.619659	0.035094	0.340773	0.000000	0.004462	0.000000	0.000000	0.000000	0.000012
377	0.619849	0.035034	0.340749	0.000000	0.004354	0.000000	0.000000	0.000000	0.000014
378	0.620156	0.034964	0.340555	0.000000	0.004313	0.000000	0.000000	0.000000	0.000012
379	0.619863	0.035369	0.340544	0.000000	0.004212	0.000000	0.000000	0.000000	0.000012
380	0.620065	0.035336	0.340421	0.000000	0.004167	0.000000	0.000000	0.000000	0.000011
381	0.619535	0.035381	0.340874	0.000000	0.004198	0.000000	0.000000	0.000000	0.000012
382	0.619295	0.035504	0.340917	0.000000	0.004267	0.000000	0.000000	0.000000	0.000017
383	0.619515	0.035598	0.340660	0.000000	0.004218	0.000000	0.000000	0.000000	0.000009
384	0.619032	0.035579	0.341195	0.000000	0.004179	0.000000	0.000000	0.000000	0.000015
385	0.618724	0.035312	0.341773	0.000000	0.004179	0.000000	0.000000	0.000000	0.000012
386	0.619195	0.035435	0.341200	0.000000	0.004157	0.000000	0.000000	0.000000	0.000013
387	0.618657	0.035252	0.341940	0.000000	0.004135	0.000000	0.000000	0.000000	0.000016
388	0.618701	0.035268	0.341928	0.000000	0.004091	0.000000	0.000000	0.000000	0.000012
389	0.618278	0.035155	0.342460	0.000000	0.004094	0.000000	0.000000	0.000000	0.000013
390	0.618448	0.034956	0.342470	0.000000	0.004108	0.000000	0.000000	0.000000	0.000018
391	0.618293	0.034984	0.342619	0.000000	0.004088	0.000000	0.000000	0.000000	0.000016
392	0.618179	0.034702	0.343101	0.000000	0.004003	0.000000	0.000000	0.000000	0.000015
393	0.618165	0.034654	0.343232	0.000000	0.003937	0.000000	0.000000	0.000000	0.000012
394	0.618364	0.034623	0.343067	0.000000	0.003934	0.000000	0.000000	0.000000	0.000012
395	0.617966	0.034790	0.343326	0.000000	0.003903	0.000000	0.000000	0.000000	0.000015
396	0.618128	0.034652	0.343413	0.000000	0.003791	0.000000	0.000000	0.000000	0.000016
397	0.618363	0.034534	0.343348	0.000000	0.003740	0.000000	0.000000	0.000000	0.000015
398	0.618597	0.034432	0.343266	0.000000	0.003684	0.000000	0.000000	0.000000	0.000021
399	0.618646	0.034563	0.343128	0.000000	0.003640	0.000000	0.000000	0.000000	0.000023
400	0.619074	0.034656	0.342637	0.000000	0.003612	0.000000	0.000000	0.000000	0.000021
401	0.618855	0.034746	0.342776	0.000000	0.003598	0.000000	0.000000	0.000000	0.000025
402	0.618845	0.034501	0.343116	0.000000	0.003511	0.000000	0.000000	0.000000	0.000027
403	0.618620	0.034835	0.343045	0.000000	0.003477	0.000000	0.000000	0.000000	0.000023
404	0.618278	0.034752	0.343504	0.000000	0.003438	0.000000	0.000000	0.000000	0.000028
405	0.618061	0.034624	0.343871	0.000000	0.003414	0.000000	0.000000	0.000000	0.000030
406	0.617953	0.034612	0.343975	0.000000	0.003428	0.000000	0.000000	0.000000	0.000032
407	0.617036	0.034418	0.345109	0.000000	0.003412	0.000000	0.000000	0.000000	0.000025
408	0.616805	0.034501	0.345286	0.000000	0.003384	0.000000	0.000000	0.000000	0.000024
409	0.616687	0.034472	0.345495	0.000000	0.003315	0.000000	0.000000	0.000000	0.000031
410	0.616305	0.034468	0.345872	0.000000	0.003326	0.000000	0.000000	0.000000	0.000029
411	0.616562	0.034448	0.345620	0.000000	0.003339	0.000000	0.000000	0.000000	0.000031
412	0.616581	0.034527	0.345509	0.000000	0.003348	0.000000	0.000000	0.000000	0.000035
413	0.616415	0.034478	0.345791	0.000000	0.003290	0.000000	0.000000	0.000000	0.000026
414	0.616120	0.034834	0.345724	0.000000	0.003304	0.000000	0.000000	0.000000	0.000018
415	0.616033	0.034595	0.346091	0.000000	0.003258	0.000000	0.000000	0.000000	0.000023
416	0.616149	0.034776	0.345751	0.000000	0.003298	0.000000	0.000000	0.000000	0.000026
417	0.616207	0.034722	0.345823	0.000000	0.003217	0.000000	0.000000	0.000000	0.000031
418	0.615802	0.034623	0.346286	0.000000	0.003260	0.000000	0.000000	0.000000	0.000029
419	0.615449	0.034767	0.346430	0.000000	0.003325	0.000000	0.000000	0.000000	0.000029
420	0.615808	0.034728	0.346179	0.000000	0.003253	0.000000	0.000000	0.000000	0.000032
421	0.615830	0.034811	0.346104	0.000000	0.003218	0.000000	0.000000	0.000000	0.000037
422	0.615766	0.034809	0.346153	0.000000	0.003231	0.000000	0.000000	0.000000	0.000041
423	0.616343	0.034778	0.345636	0.000000	0.003204	0.000000	0.000000	0.000000	0.000039
424	0.615751	0.035078	0.346006	0.000000	0.003135	0.000000	0.000000	0.000000	0.000030
425	0.615284	0.035001	0.346569	0.000000	0.003108	0.000000	0.000000	0.000000	0.000038
426	0.615005	0.035062	0.346787	0.000000	0.003111	0.000000	0.000000	0.000000	0.000035
427	0.615055	0.035094	0.346737	0.000000	0.003088	0.000000	0.000000	0.000000	0.000026
428	0.615284	0.035121	0.346562	0.000000	0.003007	0.000000	0.000000	0.000000	0.000026
429	0.615106	0.035416	0.346456	0.000000	0.003000	0.000000	0.000000	0.000000	0.000022
430	0.614878	0.035604	0.346510	0.000000	0.002991	0.000000	0.000000	0.000000	0.000017
431	0.615302	0.035373	0.346427	0.000000	0.002878	0.000000	0.000000	0.000000	0.000020
432	0.615367	0.035163	0.346594	0.000000	0.002862	0.000000	0.000000	0.000000	0.000014
433	0.615407	0.035255	0.346516	0.000000	0.002807	0.000000	0.000000	0.000000	0.000015
434	0.615481	0.035209	0.346508	0.000000	0.002785	0.000000	0.000000	0.000000	0.000017
435	0.614970	0.035213	0.347083	0.000000	0.002724	0.000000	0.000000	0.000000	0.000010
436	0.615452	0.035162	0.346637	0.000000	0.002738	0.000000	0.000000	0.000000	0.000011
437	0.615340	0.035242	0.346656	0.000000	0.002754	0.000000	0.000000	0.000000	0.000008
438	0.614925	0.035332	0.346990	0.000000	0.002747	0.000000	0.000000	0.000000	0.000006
439	0.614608	0.035611	0.347077	0.000000	0.002699	0.000000	0.000000	0.000000	0.000005
440	0.614148	0.035688	0.347478	0.000000	0.002682	0.000000	0.000000	0.000000	0.000004
441	0.614313	0.035634	0.347402	0.000000	0.002649	0.000000	0.000000	0.000000	0.000002
442	0.614221	0.035622	0.347517	0.000000	0.002636	0.000000	0.000000	0.000000	0.000004
443	0.614150	0.035960	0.347212	0.000000	0.002677	0.000000	0.000000	0.000000	0.000001
444	0.614363	0.036112	0.346896	0.000000	0.002628	0.000000	0.000000	0.000000	0.000001
445	0.614129	0.036156	0.347107	0.000000	0.002606	0.000000	0.000000	0.000000	0.000002
446	0.614263	0.036441	0.346687	0.000000	0.002608	0.000000	0.000000	0.000000	0.000001
447	0.613717	0.036482	0.347180	0.000000	0.002621	0.000000	0.000000	0.000000	0.000000
448	0.613458	0.036639	0.347266	0.000000	0.002637	0.000000	0.000000	0.000000	0.000000
449	0.613409	0.036742	0.347232	0.000000	0.002617	0.000000	0.000000	0.000000	0.000000
450	0.613539	0.036563	0.347289	0.000000	0.002609	0.000000	0.000000	0.000000	0.000000
451	0.614362	0.036294	0.346820	0.000000	0.002524	0.000000	0.000000	0.000000	0.000000
452	0.614002	0.036467	0.347021	0.000000	0.002510	0.000000	0.000000	0.000000	0.000000
453	0.614217	0.036440	0.346909	0.000000	0.002434	0.000000	0.000000	0.000000	0.000000
454	0.614530	0.036183	0.346827	0.000000	0.002460	0.000000	0.000000	0.000000	0.000000
455	0.614533	0.036001	0.347026	0.000000	0.002440	0.000000	0.000000	0.000000	0.000000
456	0.615031	0.035939	0.346654	0.000000	0.002376	0.000000	0.000000	0.000000	0.000000
457	0.615315	0.035908	0.346361	0.000000	0.002416	0.000000	0.000000	0.000000	0.000000
458	0.615775	0.035675	0.346113	0.000000	0.002437	0.000000	0.000000	0.000000	0.000000
459	0.615831	0.035914	0.345859	0.000000	0.002396	0.000000	0.000000	0.000000	0.000000
460	0.615961	0.035829	0.345840	0.000000	0.002370	0.000000	0.000000	0.000000	0.000000
461	0.616157	0.035765	0.345658	0.000000	0.002420	0.000000	0.000000	0.000000	0.000000
462	0.615840	0.035883	0.345855	0.000000	0.002422	0.000000	0.000000	0.000000	0.000000
463	0.615747	0.035985	0.345897	0.000000	0.002371	0.000000	0.000000	0.000000	0.000000
464	0.615967	0.035978	0.345712	0.000000	0.002343	0.000000	0.000000	0.000000	0.000000
465	0.614993	0.036083	0.346643	0.000000	0.002281	0.000000	0.000000	0.000000	0.000000
466	0.615501	0.035996	0.346226	0.000000	0.002277	0.000000	0.000000	0.000000	0.000000
467	0.615756	0.036118	0.345899	0.000000	0.002227	0.000000	0.000000	0.000000	0.000000
468	0.615406	0.036185	0.346173	0.000000	0.002236	0.000000	0.000000	0.000000	0.000000
469	0.615510	0.036275	0.345943	0.000000	0.002272	0.000000	0.000000	0.000000	0.000000
470	0.615440	0.036447	0.345918	0.000000	0.002195	0.000000	0.000000	0.000000	0.000000
