0	0.290663	0.057897	0.229473	0.157588	0.029913	0.111872	0.085455	0.012259	0.024880
1	0.253233	0.052315	0.216017	0.128858	0.026139	0.110478	0.108315	0.021236	0.083409
2	0.271876	0.055912	0.230187	0.115262	0.024321	0.099129	0.098686	0.019718	0.084909
3	0.296527	0.059558	0.244079	0.102264	0.022410	0.087173	0.087991	0.017621	0.082377
4	0.321385	0.063183	0.256450	0.090527	0.020723	0.076333	0.077365	0.015552	0.078482
5	0.345329	0.067050	0.267137	0.079416	0.019168	0.066106	0.067640	0.013777	0.074377
6	0.367618	0.070389	0.276592	0.069348	0.017596	0.057087	0.059062	0.011891	0.070417
7	0.388274	0.073414	0.284513	0.060140	0.016268	0.049078	0.051370	0.010293	0.066650
8	0.408426	0.075837	0.291172	0.052015	0.014692	0.041761	0.044314	0.008782	0.063001
9	0.425527	0.077713	0.296947	0.044934	0.013682	0.035853	0.038375	0.007511	0.059458
10	0.442422	0.080148	0.300996	0.038723	0.012415	0.030272	0.032892	0.006569	0.055563
11	0.456776	0.081954	0.304754	0.033434	0.011303	0.025691	0.028229	0.005651	0.052208
12	0.470405	0.083272	0.308129	0.028305	0.010282	0.021856	0.024020	0.004740	0.048991
13	0.482928	0.084708	0.309438	0.024119	0.009472	0.018369	0.020816	0.004114	0.046036
14	0.493696	0.086151	0.310975	0.020459	0.008594	0.015566	0.017848	0.003519	0.043192
15	0.503479	0.087155	0.312366	0.017337	0.007797	0.013188	0.015384	0.003127	0.040167
16	0.511533	0.088054	0.313606	0.014950	0.006971	0.011274	0.013185	0.002654	0.037773
17	0.519344	0.088847	0.314130	0.012747	0.006273	0.009479	0.011200	0.002367	0.035613
18	0.526168	0.089661	0.314415	0.010742	0.005890	0.008198	0.009754	0.001986	0.033186
19	0.531937	0.090149	0.315185	0.009178	0.005375	0.006888	0.008363	0.001755	0.031170
20	0.537831	0.090524	0.314887	0.007854	0.004894	0.005862	0.007302	0.001471	0.029375
21	0.543283	0.090414	0.314768	0.006662	0.004545	0.005032	0.006364	0.001281	0.027651
22	0.547089	0.091030	0.314987	0.005711	0.004205	0.004205	0.005621	0.001080	0.026072
23	0.550392	0.091472	0.315606	0.004876	0.003807	0.003546	0.004864	0.001011	0.024426
24	0.554834	0.091689	0.314704	0.004092	0.003484	0.003057	0.004262	0.000896	0.022982
25	0.557391	0.091988	0.314950	0.003608	0.003190	0.002612	0.003791	0.000747	0.021723
26	0.559896	0.092302	0.315267	0.003059	0.002977	0.002149	0.003265	0.000656	0.020429
27	0.562238	0.092590	0.315334	0.002571	0.002725	0.001841	0.002839	0.000565	0.019297
28	0.563854	0.092760	0.315947	0.002251	0.002403	0.001643	0.002449	0.000453	0.018240
29	0.565785	0.093102	0.315811	0.001884	0.002251	0.001411	0.002164	0.000434	0.017158
30	0.567796	0.093527	0.315059	0.001591	0.002046	0.001222	0.002007	0.000364	0.016388
31	0.569344	0.093675	0.315143	0.001369	0.001859	0.001048	0.001778	0.000318	0.015466
32	0.570178	0.094191	0.314964	0.001193	0.001733	0.000876	0.001631	0.000269	0.014965
33	0.572567	0.094296	0.313721	0.001042	0.001597	0.000758	0.001451	0.000245	0.014323
34	0.574040	0.094411	0.313476	0.000968	0.001429	0.000615	0.001292	0.000222	0.013547
35	0.575147	0.094335	0.313638	0.000779	0.001342	0.000563	0.001122	0.000199	0.012875
36	0.575530	0.094961	0.313700	0.000695	0.001203	0.000434	0.001010	0.000171	0.012296
37	0.577223	0.094963	0.313035	0.000587	0.001061	0.000362	0.000891	0.000150	0.011728
38	0.578314	0.094770	0.312952	0.000542	0.001010	0.000297	0.000832	0.000142	0.011141
39	0.579657	0.094826	0.312327	0.000451	0.000866	0.000287	0.000731	0.000127	0.010728
40	0.579901	0.094751	0.312892	0.000375	0.000787	0.000222	0.000662	0.000113	0.010297
41	0.580166	0.095138	0.312995	0.000337	0.000761	0.000208	0.000564	0.000101	0.009730
42	0.580409	0.094791	0.313639	0.000299	0.000739	0.000178	0.000549	0.000090	0.009306
43	0.581827	0.095024	0.312493	0.000244	0.000673	0.000148	0.000480	0.000077	0.009034
44	0.581957	0.095088	0.312890	0.000251	0.000575	0.000119	0.000445	0.000079	0.008596
45	0.582990	0.095026	0.312503	0.000207	0.000560	0.000116	0.000386	0.000065	0.008147
46	0.583521	0.095118	0.312369	0.000184	0.000530	0.000103	0.000347	0.000068	0.007760
47	0.584090	0.095008	0.312427	0.000172	0.000501	0.000087	0.000324	0.000064	0.007327
48	0.584954	0.094811	0.312043	0.000126	0.000458	0.000071	0.000308	0.000054	0.007175
49	0.584901	0.095037	0.312204	0.000112	0.000431	0.000060	0.000293	0.000070	0.006892
50	0.585209	0.094895	0.312438	0.000068	0.000424	0.000046	0.000249	0.000046	0.006625
51	0.585457	0.094556	0.312901	0.000052	0.000382	0.000043	0.000248	0.000036	0.006325
52	0.586068	0.094746	0.312324	0.000046	0.000348	0.000048	0.000228	0.000041	0.006151
53	0.585990	0.094863	0.312625	0.000058	0.000320	0.000049	0.000210	0.000048	0.005837
54	0.587239	0.094698	0.311704	0.000050	0.000317	0.000046	0.000206	0.000037	0.005703
55	0.587932	0.094202	0.311759	0.000043	0.000312	0.000032	0.000183	0.000030	0.005507
56	0.587670	0.094337	0.312081	0.000038	0.000295	0.000029	0.000161	0.000037	0.005352
57	0.587744	0.094447	0.312200	0.000028	0.000280	0.000020	0.000152	0.000037	0.005092
58	0.587675	0.094602	0.312285	0.000016	0.000247	0.000025	0.000133	0.000029	0.004988
59	0.588173	0.094892	0.311733	0.000014	0.000235	0.000016	0.000099	0.000026	0.004812
60	0.588924	0.094648	0.311440	0.000017	0.000222	0.000018	0.000087	0.000025	0.004619
61	0.589255	0.094678	0.311262	0.000014	0.000206	0.000021	0.000083	0.000018	0.004463
62	0.589323	0.094665	0.311399	0.000012	0.000193	0.000020	0.000069	0.000019	0.004300
63	0.589108	0.094786	0.311551	0.000010	0.000197	0.000012	0.000060	0.000016	0.004260
64	0.589887	0.094891	0.310669	0.000010	0.000170	0.000009	0.000061	0.000013	0.004290
65	0.589632	0.094670	0.311320	0.000007	0.000147	0.000015	0.000053	0.000013	0.004143
66	0.589332	0.095134	0.311272	0.000005	0.000130	0.000013	0.000037	0.000011	0.004066
67	0.590048	0.095220	0.310537	0.000007	0.000136	0.000009	0.000031	0.000012	0.004000
68	0.590282	0.095043	0.310695	0.000008	0.000117	0.000008	0.000031	0.000005	0.003811
69	0.589887	0.095362	0.310993	0.000012	0.000114	0.000008	0.000029	0.000003	0.003592
70	0.590106	0.095300	0.310905	0.000006	0.000110	0.000009	0.000026	0.000005	0.003533
71	0.589855	0.095415	0.311147	0.000012	0.000108	0.000011	0.000026	0.000001	0.003425
72	0.590018	0.095796	0.310601	0.000010	0.000104	0.000002	0.000026	0.000003	0.003440
73	0.590698	0.095701	0.310086	0.000008	0.000102	0.000003	0.000023	0.000003	0.003376
74	0.590940	0.095823	0.309784	0.000011	0.000099	0.000001	0.000012	0.000003	0.003327
75	0.591558	0.095779	0.309276	0.000006	0.000085	0.000001	0.000018	0.000004	0.003273
76	0.591455	0.095530	0.309695	0.000006	0.000064	0.000000	0.000014	0.000002	0.003234
77	0.591769	0.095874	0.309123	0.000003	0.000073	0.000000	0.000011	0.000001	0.003146
78	0.591627	0.096040	0.309231	0.000006	0.000071	0.000000	0.000013	0.000002	0.003010
79	0.591521	0.096052	0.309377	0.000004	0.000055	0.000000	0.000017	0.000003	0.002971
80	0.591454	0.096184	0.309440	0.000001	0.000067	0.000000	0.000017	0.000001	0.002836
81	0.592094	0.096094	0.308991	0.000001	0.000065	0.000000	0.000018	0.000003	0.002734
82	0.592080	0.096024	0.309141	0.000002	0.000061	0.000000	0.000010	0.000003	0.002679
83	0.592279	0.095779	0.309355	0.000001	0.000046	0.000000	0.000005	0.000004	0.002531
84	0.592082	0.095788	0.309571	0.000002	0.000040	0.000000	0.000011	0.000003	0.002503
85	0.592060	0.096200	0.309295	0.000001	0.000039	0.000000	0.000011	0.000004	0.002390
86	0.591963	0.096203	0.309363	0.000000	0.000030	0.000000	0.000010	0.000003	0.002428
87	0.591969	0.096142	0.309471	0.000000	0.000034	0.000000	0.000007	0.000002	0.002375
88	0.591294	0.096325	0.309965	0.000000	0.000034	0.000000	0.000007	0.000001	0.002374
89	0.591583	0.096333	0.309773	0.000000	0.000025	0.000000	0.000005	0.000001	0.002280
90	0.591321	0.096417	0.309970	0.000000	0.000025	0.000000	0.000005	0.000002	0.002260
91	0.591889	0.096373	0.309560	0.000000	0.000020	0.000000	0.000002	0.000000	0.002156
92	0.591567	0.096606	0.309721	0.000000	0.000021	0.000000	0.000002	0.000000	0.002083
93	0.592515	0.096225	0.309227	0.000000	0.000023	0.000000	0.000000	0.000000	0.002010
94	0.592841	0.095968	0.309207	0.000000	0.000013	0.000000	0.000000	0.000000	0.001971
95	0.593173	0.096199	0.308652	0.000000	0.000012	0.000000	0.000000	0.000000	0.001964
96	0.592764	0.096306	0.308978	0.000000	0.000018	0.000000	0.000000	0.000000	0.001934
97	0.593001	0.095957	0.309164	0.000000	0.000014	0.000000	0.000000	0.000000	0.001864
98	0.593501	0.096079	0.308529	0.000000	0.000012	0.000000	0.000000	0.000000	0.001879
99	0.593717	0.096238	0.308258	0.000000	0.000007	0.000000	0.000000	0.000000	0.001780
100	0.594077	0.096335	0.307838	0.000000	0.000008	0.000000	0.000000	0.000000	0.001742
101	0.594607	0.095851	0.307778	0.000000	0.000014	0.000000	0.000000	0.000000	0.001750
102	0.593975	0.096016	0.308297	0.000000	0.000009	0.000000	0.000000	0.000000	0.001703
103	0.593983	0.095852	0.308541	0.000000	0.000011	0.000000	0.000000	0.000000	0.001613
104	0.594074	0.095806	0.308501	0.000000	0.000009	0.000000	0.000000	0.000000	0.001610
105	0.593517	0.095573	0.309356	0.000000	0.000010	0.000000	0.000000	0.000000	0.001544
106	0.593973	0.095122	0.309370	0.000000	0.000006	0.000000	0.000000	0.000000	0.001529
107	0.593812	0.094999	0.309702	0.000000	0.000008	0.000000	0.000000	0.000000	0.001479
108	0.593011	0.095092	0.310388	0.000000	0.000004	0.000000	0.000000	0.000000	0.001505
109	0.592922	0.094983	0.310643	0.000000	0.000005	0.000000	0.000000	0.000000	0.001447
110	0.592546	0.095154	0.310885	0.000000	0.000008	0.000000	0.000000	0.000000	0.001407
111	0.592874	0.095097	0.310662	0.000000	0.000008	0.000000	0.000000	0.000000	0.001359
112	0.592610	0.095276	0.310687	0.000000	0.000004	0.000000	0.000000	0.000000	0.001423
113	0.592943	0.095281	0.310437	0.000000	0.000001	0.000000	0.000000	0.000000	0.001338
114	0.593191	0.095223	0.310211	0.000000	0.000003	0.000000	0.000000	0.000000	0.001372
115	0.593648	0.095324	0.309665	0.000000	0.000002	0.000000	0.000000	0.000000	0.001361
116	0.593458	0.094983	0.310217	0.000000	0.000002	0.000000	0.000000	0.000000	0.001340
117	0.593827	0.095058	0.309757	0.000000	0.000002	0.000000	0.000000	0.000000	0.001356
118	0.593995	0.095221	0.309427	0.000000	0.000001	0.000000	0.000000	0.000000	0.001356
119	0.594207	0.095302	0.309212	0.000000	0.000001	0.000000	0.000000	0.000000	0.001278
120	0.594512	0.095127	0.309070	0.000000	0.000000	0.000000	0.000000	0.000000	0.001291
121	0.594166	0.095114	0.309460	0.000000	0.000000	0.000000	0.000000	0.000000	0.001260
122	0.594470	0.094790	0.309474	0.000000	0.000000	0.000000	0.000000	0.000000	0.001266
123	0.594146	0.095204	0.309412	0.000000	0.000000	0.000000	0.000000	0.000000	0.001238
124	0.594494	0.095458	0.308802	0.000000	0.000000	0.000000	0.000000	0.000000	0.001246
125	0.594785	0.095255	0.308760	0.000000	0.000000	0.000000	0.000000	0.000000	0.001200
126	0.594704	0.095290	0.308841	0.000000	0.000000	0.000000	0.000000	0.000000	0.001165
127	0.594795	0.095343	0.308700	0.000000	0.000000	0.000000	0.000000	0.000000	0.001162
128	0.594881	0.095842	0.308125	0.000000	0.000000	0.000000	0.000000	0.000000	0.001152
129	0.595346	0.095841	0.307650	0.000000	0.000000	0.000000	0.000000	0.000000	0.001163
130	0.595332	0.095755	0.307837	0.000000	0.000000	0.000000	0.000000	0.000000	0.001076
131	0.595808	0.095405	0.307686	0.000000	0.000000	0.000000	0.000000	0.000000	0.001101
132	0.596392	0.095045	0.307458	0.000000	0.000000	0.000000	0.000000	0.000000	0.001105
133	0.596416	0.095049	0.307449	0.000000	0.000000	0.000000	0.000000	0.000000	0.001086
134	0.595971	0.095150	0.307826	0.000000	0.000000	0.000000	0.000000	0.000000	0.001053
135	0.595796	0.095535	0.307613	0.000000	0.000000	0.000000	0.000000	0.000000	0.001056
136	0.595614	0.095659	0.307672	0.000000	0.000000	0.000000	0.000000	0.000000	0.001055
137	0.594823	0.095979	0.308149	0.000000	0.000000	0.000000	0.000000	0.000000	0.001049
138	0.594877	0.096049	0.308045	0.000000	0.000000	0.000000	0.000000	0.000000	0.001029
139	0.594484	0.096006	0.308509	0.000000	0.000000	0.000000	0.000000	0.000000	0.001001
140	0.594480	0.095650	0.308859	0.000000	0.000000	0.000000	0.000000	0.000000	0.001011
141	0.594556	0.095950	0.308497	0.000000	0.000000	0.000000	0.000000	0.000000	0.000997
142	0.594645	0.095489	0.308895	0.000000	0.000000	0.000000	0.000000	0.000000	0.000971
143	0.594632	0.095385	0.309031	0.000000	0.000000	0.000000	0.000000	0.000000	0.000952
144	0.594744	0.095270	0.309101	0.000000	0.000000	0.000000	0.000000	0.000000	0.000885
145	0.594229	0.095483	0.309419	0.000000	0.000000	0.000000	0.000000	0.000000	0.000869
146	0.595017	0.095507	0.308645	0.000000	0.000000	0.000000	0.000000	0.000000	0.000831
147	0.595230	0.095523	0.308455	0.000000	0.000000	0.000000	0.000000	0.000000	0.000792
148	0.594770	0.095889	0.308567	0.000000	0.000000	0.000000	0.000000	0.000000	0.000774
149	0.594425	0.096095	0.308718	0.000000	0.000000	0.000000	0.000000	0.000000	0.000762
150	0.594450	0.096121	0.308714	0.000000	0.000000	0.000000	0.000000	0.000000	0.000715
151	0.594197	0.095695	0.309386	0.000000	0.000000	0.000000	0.000000	0.000000	0.000722
152	0.594068	0.095463	0.309766	0.000000	0.000000	0.000000	0.000000	0.000000	0.000703
153	0.594201	0.095768	0.309329	0.000000	0.000000	0.000000	0.000000	0.000000	0.000702
154	0.593171	0.096052	0.310135	0.000000	0.000000	0.000000	0.000000	0.000000	0.000642
155	0.593730	0.096292	0.309326	0.000000	0.000000	0.000000	0.000000	0.000000	0.000652
156	0.593529	0.096120	0.309653	0.000000	0.000000	0.000000	0.000000	0.000000	0.000698
157	0.593485	0.096407	0.309435	0.000000	0.000000	0.000000	0.000000	0.000000	0.000673
158	0.593460	0.096448	0.309453	0.000000	0.000000	0.000000	0.000000	0.000000	0.000639
159	0.593395	0.096332	0.309654	0.000000	0.000000	0.000000	0.000000	0.000000	0.000619
160	0.592945	0.096408	0.309987	0.000000	0.000000	0.000000	0.000000	0.000000	0.000660
161	0.592852	0.096812	0.309702	0.000000	0.000000	0.000000	0.000000	0.000000	0.000634
162	0.593134	0.096758	0.309461	0.000000	0.000000	0.000000	0.000000	0.000000	0.000647
163	0.593426	0.096972	0.309006	0.000000	0.000000	0.000000	0.000000	0.000000	0.000596
164	0.593669	0.096587	0.309128	0.000000	0.000000	0.000000	0.000000	0.000000	0.000616
165	0.594110	0.096458	0.308820	0.000000	0.000000	0.000000	0.000000	0.000000	0.000612
166	0.594950	0.096081	0.308390	0.000000	0.000000	0.000000	0.000000	0.000000	0.000579
167	0.594533	0.096279	0.308618	0.000000	0.000000	0.000000	0.000000	0.000000	0.000570
168	0.594419	0.096302	0.308696	0.000000	0.000000	0.000000	0.000000	0.000000	0.000583
169	0.594280	0.096196	0.308980	0.000000	0.000000	0.000000	0.000000	0.000000	0.000544
170	0.594150	0.096270	0.309040	0.000000	0.000000	0.000000	0.000000	0.000000	0.000540
171	0.594821	0.095988	0.308651	0.000000	0.000000	0.000000	0.000000	0.000000	0.000540
172	0.594946	0.095887	0.308660	0.000000	0.000000	0.000000	0.000000	0.000000	0.000507
173	0.594998	0.095655	0.308826	0.000000	0.000000	0.000000	0.000000	0.000000	0.000521
174	0.595117	0.095708	0.308675	0.000000	0.000000	0.000000	0.000000	0.000000	0.000500
175	0.594864	0.095572	0.309074	0.000000	0.000000	0.000000	0.000000	0.000000	0.000490
176	0.595293	0.095922	0.308318	0.000000	0.000000	0.000000	0.000000	0.000000	0.000467
177	0.594465	0.095988	0.309102	0.000000	0.000000	0.000000	0.000000	0.000000	0.000445
178	0.594426	0.096255	0.308898	0.000000	0.000000	0.000000	0.000000	0.000000	0.000421
179	0.593973	0.096650	0.308947	0.000000	0.000000	0.000000	0.000000	0.000000	0.000430
180	0.593966	0.096506	0.309126	0.000000	0.000000	0.000000	0.000000	0.000000	0.000402
181	0.594719	0.096441	0.308431	0.000000	0.000000	0.000000	0.000000	0.000000	0.000409
182	0.595025	0.096043	0.308536	0.000000	0.000000	0.000000	0.000000	0.000000	0.000396
183	0.594196	0.095978	0.309465	0.000000	0.000000	0.000000	0.000000	0.000000	0.000361
184	0.593997	0.095875	0.309772	0.000000	0.000000	0.000000	0.000000	0.000000	0.000356
185	0.593816	0.096287	0.309564	0.000000	0.000000	0.000000	0.000000	0.000000	0.000333
186	0.593391	0.096029	0.310257	0.000000	0.000000	0.000000	0.000000	0.000000	0.000323
187	0.593544	0.095676	0.310437	0.000000	0.000000	0.000000	0.000000	0.000000	0.000343
188	0.593792	0.095606	0.310276	0.000000	0.000000	0.000000	0.000000	0.000000	0.000326
189	0.593552	0.095835	0.310290	0.000000	0.000000	0.000000	0.000000	0.000000	0.000323
190	0.593328	0.096591	0.309770	0.000000	0.000000	0.000000	0.000000	0.000000	0.000311
191	0.593231	0.096333	0.310119	0.000000	0.000000	0.000000	0.000000	0.000000	0.000317
192	0.593410	0.096248	0.310015	0.000000	0.000000	0.000000	0.000000	0.000000	0.000327
193	0.594011	0.095876	0.309798	0.000000	0.000000	0.000000	0.000000	0.000000	0.000315
194	0.593828	0.095690	0.310146	0.000000	0.000000	0.000000	0.000000	0.000000	0.000336
195	0.593674	0.096050	0.309951	0.000000	0.000000	0.000000	0.000000	0.000000	0.000325
196	0.593679	0.096153	0.309826	0.000000	0.000000	0.000000	0.000000	0.000000	0.000342
197	0.593952	0.096147	0.309584	0.000000	0.000000	0.000000	0.000000	0.000000	0.000317
198	0.593629	0.096223	0.309823	0.000000	0.000000	0.000000	0.000000	0.000000	0.000325
199	0.593916	0.096080	0.309685	0.000000	0.000000	0.000000	0.000000	0.000000	0.000319
200	0.593995	0.096438	0.309244	0.000000	0.000000	0.000000	0.000000	0.000000	0.000323
201	0.593930	0.096100	0.309672	0.000000	0.000000	0.000000	0.000000	0.000000	0.000298
202	0.594262	0.096164	0.309287	0.000000	0.000000	0.000000	0.000000	0.000000	0.000287
203	0.595018	0.095910	0.308778	0.000000	0.000000	0.000000	0.000000	0.000000	0.000294
204	0.594537	0.095982	0.309191	0.000000	0.000000	0.000000	0.000000	0.000000	0.000290
205	0.594603	0.095946	0.309178	0.000000	0.000000	0.000000	0.000000	0.000000	0.000273
206	0.594997	0.095848	0.308897	0.000000	0.000000	0.000000	0.000000	0.000000	0.000258
207	0.595073	0.095988	0.308679	0.000000	0.000000	0.000000	0.000000	0.000000	0.000260
208	0.594395	0.096079	0.309264	0.000000	0.000000	0.000000	0.000000	0.000000	0.000262
209	0.594602	0.095892	0.309215	0.000000	0.000000	0.000000	0.000000	0.000000	0.000291
210	0.595193	0.096075	0.308452	0.000000	0.000000	0.000000	0.000000	0.000000	0.000280
211	0.594718	0.096172	0.308841	0.000000	0.000000	0.000000	0.000000	0.000000	0.000269
212	0.594649	0.096169	0.308917	0.000000	0.000000	0.000000	0.000000	0.000000	0.000265
213	0.594588	0.096116	0.309041	0.000000	0.000000	0.000000	0.000000	0.000000	0.000255
214	0.595265	0.095612	0.308862	0.000000	0.000000	0.000000	0.000000	0.000000	0.000261
215	0.595523	0.095368	0.308855	0.000000	0.000000	0.000000	0.000000	0.000000	0.000254
216	0.594849	0.095497	0.309396	0.000000	0.000000	0.000000	0.000000	0.000000	0.000258
217	0.594881	0.095083	0.309775	0.000000	0.000000	0.000000	0.000000	0.000000	0.000261
218	0.594976	0.095210	0.309567	0.000000	0.000000	0.000000	0.000000	0.000000	0.000247
219	0.594487	0.095260	0.310008	0.000000	0.000000	0.000000	0.000000	0.000000	0.000245
220	0.595017	0.094848	0.309878	0.000000	0.000000	0.000000	0.000000	0.000000	0.000257
221	0.594740	0.094957	0.310026	0.000000	0.000000	0.000000	0.000000	0.000000	0.000277
222	0.595166	0.094803	0.309787	0.000000	0.000000	0.000000	0.000000	0.000000	0.000244
223	0.594753	0.094946	0.310046	0.000000	0.000000	0.000000	0.000000	0.000000	0.000255
224	0.594280	0.094604	0.310850	0.000000	0.000000	0.000000	0.000000	0.000000	0.000266
225	0.594431	0.094542	0.310761	0.000000	0.000000	0.000000	0.000000	0.000000	0.000266
226	0.595041	0.094230	0.310464	0.000000	0.000000	0.000000	0.000000	0.000000	0.000265
227	0.594632	0.094095	0.311023	0.000000	0.000000	0.000000	0.000000	0.000000	0.000250
228	0.594870	0.094347	0.310540	0.000000	0.000000	0.000000	0.000000	0.000000	0.000243
229	0.595320	0.094058	0.310377	0.000000	0.000000	0.000000	0.000000	0.000000	0.000245
230	0.595485	0.093838	0.310424	0.000000	0.000000	0.000000	0.000000	0.000000	0.000253
231	0.595350	0.094441	0.309977	0.000000	0.000000	0.000000	0.000000	0.000000	0.000232
232	0.595292	0.093880	0.310584	0.000000	0.000000	0.000000	0.000000	0.000000	0.000244
233	0.595318	0.094133	0.310297	0.000000	0.000000	0.000000	0.000000	0.000000	0.000252
234	0.595275	0.094239	0.310253	0.000000	0.000000	0.000000	0.000000	0.000000	0.000233
235	0.594430	0.094192	0.311144	0.000000	0.000000	0.000000	0.000000	0.000000	0.000234
236	0.594600	0.094195	0.310956	0.000000	0.000000	0.000000	0.000000	0.000000	0.000249
237	0.594916	0.094054	0.310794	0.000000	0.000000	0.000000	0.000000	0.000000	0.000236
238	0.594889	0.094226	0.310662	0.000000	0.000000	0.000000	0.000000	0.000000	0.000223
239	0.594839	0.094121	0.310776	0.000000	0.000000	0.000000	0.000000	0.000000	0.000264
240	0.595023	0.093780	0.310955	0.000000	0.000000	0.000000	0.000000	0.000000	0.000242
241	0.595141	0.093923	0.310722	0.000000	0.000000	0.000000	0.000000	0.000000	0.000214
242	0.595165	0.094229	0.310387	0.000000	0.000000	0.000000	0.000000	0.000000	0.000219
243	0.595888	0.094080	0.309809	0.000000	0.000000	0.000000	0.000000	0.000000	0.000223
244	0.595452	0.093994	0.310335	0.000000	0.000000	0.000000	0.000000	0.000000	0.000219
245	0.594931	0.094176	0.310693	0.000000	0.000000	0.000000	0.000000	0.000000	0.000200
246	0.595347	0.094099	0.310364	0.000000	0.000000	0.000000	0.000000	0.000000	0.000190
247	0.595525	0.093879	0.310387	0.000000	0.000000	0.000000	0.000000	0.000000	0.000209
248	0.595483	0.094113	0.310206	0.000000	0.000000	0.000000	0.000000	0.000000	0.000198
249	0.595042	0.094208	0.310538	0.000000	0.000000	0.000000	0.000000	0.000000	0.000212
250	0.594658	0.094104	0.311046	0.000000	0.000000	0.000000	0.000000	0.000000	0.000192
251	0.594737	0.094388	0.310701	0.000000	0.000000	0.000000	0.000000	0.000000	0.000174
252	0.594338	0.094397	0.311087	0.000000	0.000000	0.000000	0.000000	0.000000	0.000178
253	0.593707	0.094570	0.311550	0.000000	0.000000	0.000000	0.000000	0.000000	0.000173
254	0.593912	0.094797	0.311133	0.000000	0.000000	0.000000	0.000000	0.000000	0.000158
255	0.593669	0.094842	0.311321	0.000000	0.000000	0.000000	0.000000	0.000000	0.000168
256	0.594381	0.094633	0.310801	0.000000	0.000000	0.000000	0.000000	0.000000	0.000185
257	0.593875	0.094613	0.311337	0.000000	0.000000	0.000000	0.000000	0.000000	0.000175
258	0.594402	0.094389	0.311035	0.000000	0.000000	0.000000	0.000000	0.000000	0.000174
259	0.595247	0.094118	0.310468	0.000000	0.000000	0.000000	0.000000	0.000000	0.000167
260	0.594933	0.093997	0.310896	0.000000	0.000000	0.000000	0.000000	0.000000	0.000174
261	0.594982	0.094477	0.310380	0.000000	0.000000	0.000000	0.000000	0.000000	0.000161
262	0.595442	0.094385	0.310007	0.000000	0.000000	0.000000	0.000000	0.000000	0.000166
263	0.595587	0.094533	0.309728	0.000000	0.000000	0.000000	0.000000	0.000000	0.000152
264	0.595936	0.094294	0.309629	0.000000	0.000000	0.000000	0.000000	0.000000	0.000141
265	0.596074	0.094447	0.309346	0.000000	0.000000	0.000000	0.000000	0.000000	0.000133
266	0.596586	0.093828	0.309453	0.000000	0.000000	0.000000	0.000000	0.000000	0.000133
267	0.596724	0.093963	0.309179	0.000000	0.000000	0.000000	0.000000	0.000000	0.000134
268	0.596516	0.093870	0.309483	0.000000	0.000000	0.000000	0.000000	0.000000	0.000131
269	0.596498	0.093986	0.309381	0.000000	0.000000	0.000000	0.000000	0.000000	0.000135
270	0.595840	0.094195	0.309841	0.000000	0.000000	0.000000	0.000000	0.000000	0.000124
271	0.596327	0.094174	0.309384	0.000000	0.000000	0.000000	0.000000	0.000000	0.000115
272	0.596519	0.094218	0.309154	0.000000	0.000000	0.000000	0.000000	0.000000	0.000109
273	0.596249	0.093903	0.309743	0.000000	0.000000	0.000000	0.000000	0.000000	0.000105
274	0.596495	0.094096	0.309319	0.000000	0.000000	0.000000	0.000000	0.000000	0.000090
275	0.595584	0.094429	0.309911	0.000000	0.000000	0.000000	0.000000	0.000000	0.000076
276	0.596249	0.094312	0.309370	0.000000	0.000000	0.000000	0.000000	0.000000	0.000069
277	0.596025	0.094343	0.309549	0.000000	0.000000	0.000000	0.000000	0.000000	0.000083
278	0.596176	0.094421	0.309327	0.000000	0.000000	0.000000	0.000000	0.000000	0.000076
279	0.596195	0.094359	0.309383	0.000000	0.000000	0.000000	0.000000	0.000000	0.000063
280	0.595868	0.094215	0.309871	0.000000	0.000000	0.000000	0.000000	0.000000	0.000046
281	0.595514	0.094244	0.310182	0.000000	0.000000	0.000000	0.000000	0.000000	0.000060
282	0.595600	0.094101	0.310252	0.000000	0.000000	0.000000	0.000000	0.000000	0.000047
283	0.595312	0.094265	0.310374	0.000000	0.000000	0.000000	0.000000	0.000000	0.000049
284	0.595561	0.093631	0.310759	0.000000	0.000000	0.000000	0.000000	0.000000	0.000049
285	0.595872	0.093549	0.310537	0.000000	0.000000	0.000000	0.000000	0.000000	0.000042
286	0.595856	0.093343	0.310761	0.000000	0.000000	0.000000	0.000000	0.000000	0.000040
287	0.596304	0.093221	0.310445	0.000000	0.000000	0.000000	0.000000	0.000000	0.000030
288	0.595688	0.093261	0.311022	0.000000	0.000000	0.000000	0.000000	0.000000	0.000029
289	0.595965	0.093316	0.310691	0.000000	0.000000	0.000000	0.000000	0.000000	0.000028
290	0.596199	0.093139	0.310632	0.000000	0.000000	0.000000	0.000000	0.000000	0.000030
291	0.595708	0.093369	0.310894	0.000000	0.000000	0.000000	0.000000	0.000000	0.000029
292	0.594945	0.093582	0.311445	0.000000	0.000000	0.000000	0.000000	0.000000	0.000028
293	0.595414	0.093578	0.310982	0.000000	0.000000	0.000000	0.000000	0.000000	0.000026
294	0.595533	0.093183	0.311255	0.000000	0.000000	0.000000	0.000000	0.000000	0.000029
295	0.595076	0.093283	0.311618	0.000000	0.000000	0.000000	0.000000	0.000000	0.000023
296	0.595380	0.093177	0.311424	0.000000	0.000000	0.000000	0.000000	0.000000	0.000019
297	0.594845	0.093174	0.311960	0.000000	0.000000	0.000000	0.000000	0.000000	0.000021
298	0.595462	0.093165	0.311351	0.000000	0.000000	0.000000	0.000000	0.000000	0.000022
299	0.595757	0.093144	0.311073	0.000000	0.000000	0.000000	0.000000	0.000000	0.000026
300	0.595705	0.093105	0.311166	0.000000	0.000000	0.000000	0.000000	0.000000	0.000024
301	0.595587	0.092884	0.311514	0.000000	0.000000	0.000000	0.000000	0.000000	0.000015
302	0.595208	0.093258	0.311510	0.000000	0.000000	0.000000	0.000000	0.000000	0.000024
303	0.594375	0.093514	0.312085	0.000000	0.000000	0.000000	0.000000	0.000000	0.000026
304	0.594569	0.093493	0.311908	0.000000	0.000000	0.000000	0.000000	0.000000	0.000030
305	0.594380	0.093718	0.311873	0.000000	0.000000	0.000000	0.000000	0.000000	0.000029
306	0.594289	0.093334	0.312353	0.000000	0.000000	0.000000	0.000000	0.000000	0.000024
307	0.595065	0.092762	0.312146	0.000000	0.000000	0.000000	0.000000	0.000000	0.000027
308	0.594796	0.092915	0.312269	0.000000	0.000000	0.000000	0.000000	0.000000	0.000020
309	0.594409	0.092726	0.312841	0.000000	0.000000	0.000000	0.000000	0.000000	0.000024
310	0.594540	0.092186	0.313251	0.000000	0.000000	0.000000	0.000000	0.000000	0.000023
311	0.594472	0.092300	0.313209	0.000000	0.000000	0.000000	0.000000	0.000000	0.000019
312	0.594760	0.091969	0.313249	0.000000	0.000000	0.000000	0.000000	0.000000	0.000022
313	0.595337	0.092108	0.312532	0.000000	0.000000	0.000000	0.000000	0.000000	0.000023
314	0.595274	0.092254	0.312446	0.000000	0.000000	0.000000	0.000000	0.000000	0.000026
315	0.595276	0.092320	0.312373	0.000000	0.000000	0.000000	0.000000	0.000000	0.000031
316	0.595878	0.092166	0.311923	0.000000	0.000000	0.000000	0.000000	0.000000	0.000033
317	0.596021	0.092008	0.311942	0.000000	0.000000	0.000000	0.000000	0.000000	0.000029
318	0.595953	0.092297	0.311723	0.000000	0.000000	0.000000	0.000000	0.000000	0.000027
319	0.595679	0.092079	0.312209	0.000000	0.000000	0.000000	0.000000	0.000000	0.000033
320	0.595518	0.092326	0.312119	0.000000	0.000000	0.000000	0.000000	0.000000	0.000037
321	0.595737	0.091943	0.312287	0.000000	0.000000	0.000000	0.000000	0.000000	0.000033
322	0.595778	0.092347	0.311839	0.000000	0.000000	0.000000	0.000000	0.000000	0.000036
323	0.595144	0.092343	0.312481	0.000000	0.000000	0.000000	0.000000	0.000000	0.000032
324	0.595729	0.092158	0.312082	0.000000	0.000000	0.000000	0.000000	0.000000	0.000031
325	0.595201	0.092698	0.312069	0.000000	0.000000	0.000000	0.000000	0.000000	0.000032
326	0.595230	0.092974	0.311764	0.000000	0.000000	0.000000	0.000000	0.000000	0.000032
327	0.595351	0.092883	0.311734	0.000000	0.000000	0.000000	0.000000	0.000000	0.000032
328	0.595478	0.092973	0.311517	0.000000	0.000000	0.000000	0.000000	0.000000	0.000032
329	0.595467	0.092974	0.311528	0.000000	0.000000	0.000000	0.000000	0.000000	0.000031
330	0.595228	0.093042	0.311696	0.000000	0.000000	0.000000	0.000000	0.000000	0.000034
331	0.595142	0.092986	0.311836	0.000000	0.000000	0.000000	0.000000	0.000000	0.000036
332	0.595137	0.092579	0.312245	0.000000	0.000000	0.000000	0.000000	0.000000	0.000039
333	0.595172	0.092831	0.311959	0.000000	0.000000	0.000000	0.000000	0.000000	0.000038
334	0.595890	0.092332	0.311731	0.000000	0.000000	0.000000	0.000000	0.000000	0.000047
335	0.595634	0.092103	0.312227	0.000000	0.000000	0.000000	0.000000	0.000000	0.000036
336	0.595911	0.091997	0.312056	0.000000	0.000000	0.000000	0.000000	0.000000	0.000036
337	0.595502	0.091988	0.312466	0.000000	0.000000	0.000000	0.000000	0.000000	0.000044
338	0.595678	0.091941	0.312342	0.000000	0.000000	0.000000	0.000000	0.000000	0.000039
339	0.595758	0.092062	0.312143	0.000000	0.000000	0.000000	0.000000	0.000000	0.000037
340	0.596304	0.091383	0.312279	0.000000	0.000000	0.000000	0.000000	0.000000	0.000034
341	0.595866	0.091465	0.312627	0.000000	0.000000	0.000000	0.000000	0.000000	0.000042
342	0.596156	0.091379	0.312425	0.000000	0.000000	0.000000	0.000000	0.000000	0.000040
343	0.596288	0.091291	0.312384	0.000000	0.000000	0.000000	0.000000	0.000000	0.000037
344	0.595854	0.091719	0.312388	0.000000	0.000000	0.000000	0.000000	0.000000	0.000039
345	0.596040	0.091462	0.312460	0.000000	0.000000	0.000000	0.000000	0.000000	0.000038
346	0.596102	0.091413	0.312446	0.000000	0.000000	0.000000	0.000000	0.000000	0.000039
347	0.595046	0.091388	0.313529	0.000000	0.000000	0.000000	0.000000	0.000000	0.000037
348	0.595461	0.091501	0.313003	0.000000	0.000000	0.000000	0.000000	0.000000	0.000035
349	0.595210	0.091345	0.313416	0.000000	0.000000	0.000000	0.000000	0.000000	0.000029
350	0.595818	0.091408	0.312747	0.000000	0.000000	0.000000	0.000000	0.000000	0.000027
351	0.595845	0.091249	0.312878	0.000000	0.000000	0.000000	0.000000	0.000000	0.000028
352	0.596096	0.090923	0.312951	0.000000	0.000000	0.000000	0.000000	0.000000	0.000030
353	0.596054	0.091438	0.312474	0.000000	0.000000	0.000000	0.000000	0.000000	0.000034
354	0.596266	0.091206	0.312498	0.000000	0.000000	0.000000	0.000000	0.000000	0.000030
355	0.596088	0.091052	0.312826	0.000000	0.000000	0.000000	0.000000	0.000000	0.000034
356	0.595734	0.091042	0.313184	0.000000	0.000000	0.000000	0.000000	0.000000	0.000040
357	0.595996	0.090984	0.312983	0.000000	0.000000	0.000000	0.000000	0.000000	0.000037
358	0.595955	0.091030	0.312988	0.000000	0.000000	0.000000	0.000000	0.000000	0.000027
359	0.596370	0.091373	0.312223	0.000000	0.000000	0.000000	0.000000	0.000000	0.000034
360	0.596423	0.091391	0.312145	0.000000	0.000000	0.000000	0.000000	0.000000	0.000041
361	0.596009	0.091203	0.312744	0.000000	0.000000	0.000000	0.000000	0.000000	0.000044
362	0.595404	0.091840	0.312712	0.000000	0.000000	0.000000	0.000000	0.000000	0.000044
363	0.595914	0.091621	0.312422	0.000000	0.000000	0.000000	0.000000	0.000000	0.000043
364	0.595474	0.091468	0.313016	0.000000	0.000000	0.000000	0.000000	0.000000	0.000042
365	0.595364	0.091217	0.313373	0.000000	0.000000	0.000000	0.000000	0.000000	0.000046
366	0.595545	0.091159	0.313244	0.000000	0.000000	0.000000	0.000000	0.000000	0.000052
367	0.595675	0.090931	0.313339	0.000000	0.000000	0.000000	0.000000	0.000000	0.000055
368	0.595919	0.090770	0.313263	0.000000	0.000000	0.000000	0.000000	0.000000	0.000048
369	0.596242	0.090809	0.312898	0.000000	0.000000	0.000000	0.000000	0.000000	0.000051
370	0.596191	0.090971	0.312796	0.000000	0.000000	0.000000	0.000000	0.000000	0.000042
371	0.595513	0.090935	0.313505	0.000000	0.000000	0.000000	0.000000	0.000000	0.000047
372	0.595862	0.090694	0.313403	0.000000	0.000000	0.000000	0.000000	0.000000	0.000041
373	0.595912	0.090841	0.313201	0.000000	0.000000	0.000000	0.000000	0.000000	0.000046
374	0.596426	0.090900	0.312627	0.000000	0.000000	0.000000	0.000000	0.000000	0.000047
375	0.596263	0.091078	0.312610	0.000000	0.000000	0.000000	0.000000	0.000000	0.000049
376	0.596411	0.090903	0.312641	0.000000	0.000000	0.000000	0.000000	0.000000	0.000045
377	0.595879	0.091006	0.313069	0.000000	0.000000	0.000000	0.000000	0.000000	0.000046
378	0.595645	0.090957	0.313357	0.000000	0.000000	0.000000	0.000000	0.000000	0.000041
379	0.596210	0.091086	0.312652	0.000000	0.000000	0.000000	0.000000	0.000000	0.000052
380	0.596236	0.090819	0.312885	0.000000	0.000000	0.000000	0.000000	0.000000	0.000060
381	0.595430	0.091244	0.313263	0.000000	0.000000	0.000000	0.000000	0.000000	0.000063
382	0.595409	0.091352	0.313187	0.000000	0.000000	0.000000	0.000000	0.000000	0.000052
383	0.594957	0.091430	0.313560	0.000000	0.000000	0.000000	0.000000	0.000000	0.000053
384	0.594789	0.091474	0.313678	0.000000	0.000000	0.000000	0.000000	0.000000	0.000059
385	0.594597	0.091540	0.313803	0.000000	0.000000	0.000000	0.000000	0.000000	0.000060
386	0.595063	0.091217	0.313658	0.000000	0.000000	0.000000	0.000000	0.000000	0.000062
387	0.594677	0.091448	0.313821	0.000000	0.000000	0.000000	0.000000	0.000000	0.000054
388	0.595109	0.091314	0.313517	0.000000	0.000000	0.000000	0.000000	0.000000	0.000060
389	0.594812	0.091512	0.313626	0.000000	0.000000	0.000000	0.000000	0.000000	0.000050
390	0.594649	0.091515	0.313776	0.000000	0.000000	0.000000	0.000000	0.000000	0.000060
391	0.595172	0.091274	0.313487	0.000000	0.000000	0.000000	0.000000	0.000000	0.000067
392	0.594275	0.091562	0.314100	0.000000	0.000000	0.000000	0.000000	0.000000	0.000063
393	0.594911	0.091390	0.313638	0.000000	0.000000	0.000000	0.000000	0.000000	0.000061
394	0.594546	0.091917	0.313479	0.000000	0.000000	0.000000	0.000000	0.000000	0.000058
395	0.594266	0.091976	0.313709	0.000000	0.000000	0.000000	0.000000	0.000000	0.000049
396	0.594084	0.091832	0.314031	0.000000	0.000000	0.000000	0.000000	0.000000	0.000053
397	0.594004	0.091987	0.313960	0.000000	0.000000	0.000000	0.000000	0.000000	0.000049
398	0.593551	0.091754	0.314651	0.000000	0.000000	0.000000	0.000000	0.000000	0.000044
399	0.593982	0.091585	0.314380	0.000000	0.000000	0.000000	0.000000	0.000000	0.000053
400	0.593630	0.091619	0.314705	0.000000	0.000000	0.000000	0.000000	0.000000	0.000046
401	0.593345	0.091810	0.314783	0.000000	0.000000	0.000000	0.000000	0.000000	0.000062
402	0.594015	0.091777	0.314147	0.000000	0.000000	0.000000	0.000000	0.000000	0.000061
403	0.594147	0.091588	0.314207	0.000000	0.000000	0.000000	0.000000	0.000000	0.000058
404	0.593926	0.091814	0.314197	0.000000	0.000000	0.000000	0.000000	0.000000	0.000063
405	0.594841	0.091904	0.313193	0.000000	0.000000	0.000000	0.000000	0.000000	0.000062
406	0.594261	0.091821	0.313862	0.000000	0.000000	0.000000	0.000000	0.000000	0.000056
407	0.593821	0.092110	0.314006	0.000000	0.000000	0.000000	0.000000	0.000000	0.000063
408	0.593873	0.092418	0.313653	0.000000	0.000000	0.000000	0.000000	0.000000	0.000056
409	0.594319	0.092063	0.313566	0.000000	0.000000	0.000000	0.000000	0.000000	0.000052
410	0.594330	0.092171	0.313446	0.000000	0.000000	0.000000	0.000000	0.000000	0.000053
411	0.594300	0.091993	0.313652	0.000000	0.000000	0.000000	0.000000	0.000000	0.000055
412	0.594479	0.092032	0.313425	0.000000	0.000000	0.000000	0.000000	0.000000	0.000064
413	0.595043	0.092043	0.312852	0.000000	0.000000	0.000000	0.000000	0.000000	0.000062
414	0.595253	0.091792	0.312896	0.000000	0.000000	0.000000	0.000000	0.000000	0.000059
415	0.595030	0.091724	0.313189	0.000000	0.000000	0.000000	0.000000	0.000000	0.000057
416	0.595221	0.091660	0.313051	0.000000	0.000000	0.000000	0.000000	0.000000	0.000068
417	0.594363	0.091830	0.313753	0.000000	0.000000	0.000000	0.000000	0.000000	0.000054
418	0.594427	0.091684	0.313832	0.000000	0.000000	0.000000	0.000000	0.000000	0.000057
419	0.594986	0.091569	0.313392	0.000000	0.000000	0.000000	0.000000	0.000000	0.000053
420	0.595040	0.091438	0.313459	0.000000	0.000000	0.000000	0.000000	0.000000	0.000063
421	0.595661	0.091080	0.313199	0.000000	0.000000	0.000000	0.000000	0.000000	0.000060
422	0.594984	0.091279	0.313681	0.000000	0.000000	0.000000	0.000000	0.000000	0.000056
423	0.594808	0.091281	0.313844	0.000000	0.000000	0.000000	0.000000	0.000000	0.000067
424	0.595072	0.091074	0.313781	0.000000	0.000000	0.000000	0.000000	0.000000	0.000073
425	0.594814	0.091404	0.313692	0.000000	0.000000	0.000000	0.000000	0.000000	0.000090
426	0.595634	0.091217	0.313064	0.000000	0.000000	0.000000	0.000000	0.000000	0.000085
427	0.595283	0.091028	0.313619	0.000000	0.000000	0.000000	0.000000	0.000000	0.000070
428	0.595452	0.090816	0.313657	0.000000	0.000000	0.000000	0.000000	0.000000	0.000075
429	0.595116	0.091351	0.313458	0.000000	0.000000	0.000000	0.000000	0.000000	0.000075
430	0.594741	0.091315	0.313861	0.000000	0.000000	0.000000	0.000000	0.000000	0.000083
431	0.594272	0.091443	0.314201	0.000000	0.000000	0.000000	0.000000	0.000000	0.000084
432	0.594480	0.091424	0.314024	0.000000	0.000000	0.000000	0.000000	0.000000	0.000072
433	0.594312	0.091327	0.314283	0.000000	0.000000	0.000000	0.000000	0.000000	0.000078
434	0.593702	0.091715	0.314505	0.000000	0.000000	0.000000	0.000000	0.000000	0.000078
435	0.593953	0.091566	0.314410	0.000000	0.000000	0.000000	0.000000	0.000000	0.000071
436	0.594040	0.091624	0.314260	0.000000	0.000000	0.000000	0.000000	0.000000	0.000076
437	0.594411	0.091459	0.314037	0.000000	0.000000	0.000000	0.000000	0.000000	0.000093
438	0.593830	0.091631	0.314451	0.000000	0.000000	0.000000	0.000000	0.000000	0.000088
439	0.593385	0.091591	0.314944	0.000000	0.000000	0.000000	0.000000	0.000000	0.000080
440	0.593868	0.091616	0.314449	0.000000	0.000000	0.000000	0.000000	0.000000	0.000067
441	0.593203	0.091802	0.314936	0.000000	0.000000	0.000000	0.000000	0.000000	0.000059
442	0.592652	0.091715	0.315568	0.000000	0.000000	0.000000	0.000000	0.000000	0.000065
443	0.592584	0.091974	0.315391	0.000000	0.000000	0.000000	0.000000	0.000000	0.000051
444	0.592745	0.091732	0.315469	0.000000	0.000000	0.000000	0.000000	0.000000	0.000054
445	0.592764	0.091632	0.315554	0.000000	0.000000	0.000000	0.000000	0.000000	0.000050
446	0.592626	0.091690	0.315637	0.000000	0.000000	0.000000	0.000000	0.000000	0.000047
447	0.592603	0.091339	0.315999	0.000000	0.000000	0.000000	0.000000	0.000000	0.000059
448	0.592353	0.091242	0.316349	0.000000	0.000000	0.000000	0.000000	0.000000	0.000056
449	0.591765	0.091614	0.316565	0.000000	0.000000	0.000000	0.000000	0.000000	0.000056
450	0.592190	0.091477	0.316277	0.000000	0.000000	0.000000	0.000000	0.000000	0.000056
451	0.591675	0.091376	0.316894	0.000000	0.000000	0.000000	0.000000	0.000000	0.000055
452	0.591628	0.091219	0.317083	0.000000	0.000000	0.000000	0.000000	0.000000	0.000070
453	0.591435	0.091375	0.317123	0.000000	0.000000	0.000000	0.000000	0.000000	0.000067
454	0.591563	0.091495	0.316870	0.000000	0.000000	0.000000	0.000000	0.000000	0.000072
455	0.590916	0.091927	0.317083	0.000000	0.000000	0.000000	0.000000	0.000000	0.000074
456	0.591786	0.091597	0.316539	0.000000	0.000000	0.000000	0.000000	0.000000	0.000078
457	0.592084	0.091550	0.316284	0.000000	0.000000	0.000000	0.000000	0.000000	0.000082
458	0.592633	0.091519	0.315765	0.000000	0.000000	0.000000	0.000000	0.000000	0.000083
459	0.592706	0.091196	0.316011	0.000000	0.000000	0.000000	0.000000	0.000000	0.000087
460	0.591964	0.091338	0.316607	0.000000	0.000000	0.000000	0.000000	0.000000	0.000091
461	0.591898	0.091450	0.316571	0.000000	0.000000	0.000000	0.000000	0.000000	0.000081
462	0.592012	0.091195	0.316717	0.000000	0.000000	0.000000	0.000000	0.000000	0.000076
463	0.591629	0.091424	0.316882	0.000000	0.000000	0.000000	0.000000	0.000000	0.000065
464	0.591276	0.091196	0.317451	0.000000	0.000000	0.000000	0.000000	0.000000	0.000077
465	0.591050	0.091203	0.317670	0.000000	0.000000	0.000000	0.000000	0.000000	0.000077
466	0.590815	0.091447	0.317656	0.000000	0.000000	0.000000	0.000000	0.000000	0.000082
467	0.591053	0.091438	0.317420	0.000000	0.000000	0.000000	0.000000	0.000000	0.000089
468	0.591708	0.091595	0.316612	0.000000	0.000000	0.000000	0.000000	0.000000	0.000085
469	0.591257	0.091577	0.317084	0.000000	0.000000	0.000000	0.000000	0.000000	0.000082
470	0.591126	0.091486	0.317300	0.000000	0.000000	0.000000	0.000000	0.000000	0.000088
