0	0.290663	0.057897	0.229473	0.157588	0.029913	0.111872	0.085455	0.012259	0.024880
1	0.238397	0.049408	0.204978	0.151769	0.030672	0.127415	0.099922	0.019405	0.078034
2	0.242850	0.049438	0.208316	0.156646	0.033111	0.131293	0.086427	0.016907	0.075012
3	0.251384	0.049805	0.212714	0.160903	0.035977	0.132782	0.072975	0.013936	0.069524
4	0.259924	0.049618	0.216756	0.164304	0.038876	0.133624	0.061357	0.011428	0.064113
5	0.267646	0.049221	0.220402	0.167190	0.041962	0.133350	0.051736	0.009470	0.059023
6	0.274932	0.048345	0.223325	0.169743	0.044608	0.133041	0.043553	0.007932	0.054521
7	0.281933	0.047393	0.225858	0.171490	0.047140	0.132420	0.036741	0.006498	0.050527
8	0.288111	0.046201	0.227355	0.173231	0.050114	0.131281	0.031371	0.005381	0.046955
9	0.293784	0.044865	0.229523	0.173552	0.053475	0.130141	0.026464	0.004484	0.043712
10	0.298318	0.043615	0.230837	0.174017	0.056688	0.129457	0.022862	0.003818	0.040388
11	0.303256	0.042508	0.232140	0.173844	0.059477	0.128321	0.019550	0.003044	0.037860
12	0.306974	0.040845	0.233300	0.174419	0.062730	0.126606	0.016938	0.002566	0.035622
13	0.310852	0.039326	0.233971	0.174272	0.066297	0.125614	0.014414	0.002117	0.033137
14	0.314376	0.037856	0.234900	0.174203	0.069526	0.124137	0.012233	0.001711	0.031058
15	0.316954	0.036376	0.236579	0.173868	0.072752	0.122407	0.010599	0.001450	0.029015
16	0.319440	0.035088	0.236853	0.173029	0.076052	0.121560	0.009302	0.001230	0.027446
17	0.321558	0.033436	0.237737	0.172323	0.079799	0.120290	0.008126	0.001015	0.025716
18	0.323983	0.031947	0.237711	0.172341	0.083347	0.118674	0.007038	0.000847	0.024112
19	0.325816	0.030550	0.238011	0.171729	0.086801	0.117403	0.006096	0.000747	0.022847
20	0.327400	0.029442	0.238836	0.170410	0.090562	0.115917	0.005220	0.000630	0.021583
21	0.328585	0.028339	0.238323	0.170008	0.094618	0.114854	0.004613	0.000494	0.020166
22	0.329069	0.027076	0.238717	0.169053	0.098932	0.113508	0.004007	0.000425	0.019213
23	0.330312	0.025882	0.238448	0.167943	0.102927	0.112308	0.003559	0.000396	0.018225
24	0.331377	0.024799	0.238067	0.167435	0.106702	0.111165	0.003089	0.000333	0.017033
25	0.332080	0.023286	0.237840	0.166305	0.111212	0.109988	0.002729	0.000300	0.016260
26	0.332805	0.022194	0.237529	0.165517	0.115352	0.108485	0.002374	0.000274	0.015470
27	0.333087	0.021289	0.237248	0.164563	0.119527	0.107272	0.002113	0.000229	0.014672
28	0.332995	0.020264	0.236604	0.163646	0.124162	0.106208	0.001870	0.000201	0.014050
29	0.332686	0.019223	0.236422	0.162329	0.128789	0.105316	0.001590	0.000176	0.013469
30	0.332396	0.018080	0.235747	0.161528	0.133918	0.104076	0.001387	0.000155	0.012713
31	0.331922	0.017105	0.235114	0.160503	0.138723	0.103125	0.001204	0.000118	0.012186
32	0.331081	0.016182	0.234837	0.159163	0.143547	0.102488	0.001091	0.000108	0.011503
33	0.331013	0.015334	0.232738	0.158657	0.148753	0.101397	0.001012	0.000085	0.011011
34	0.330219	0.014397	0.231981	0.158184	0.153664	0.100149	0.000866	0.000059	0.010481
35	0.328862	0.013711	0.230966	0.157255	0.159239	0.099115	0.000827	0.000045	0.009980
36	0.328005	0.013147	0.229239	0.156263	0.164765	0.098266	0.000714	0.000050	0.009551
37	0.326425	0.012433	0.228295	0.155321	0.170779	0.096960	0.000676	0.000032	0.009079
38	0.324953	0.011763	0.226694	0.154723	0.176289	0.096287	0.000638	0.000024	0.008629
39	0.323249	0.011160	0.225284	0.153985	0.182243	0.095291	0.000536	0.000029	0.008223
40	0.321700	0.010554	0.223841	0.153576	0.187752	0.094221	0.000514	0.000029	0.007813
41	0.320205	0.010080	0.222567	0.152828	0.192927	0.093339	0.000455	0.000030	0.007569
42	0.317816	0.009717	0.220839	0.152378	0.198672	0.092894	0.000400	0.000025	0.007259
43	0.316166	0.009118	0.218902	0.151457	0.204890	0.092063	0.000414	0.000019	0.006971
44	0.314088	0.008715	0.217022	0.151099	0.211039	0.091100	0.000372	0.000021	0.006544
45	0.311420	0.008211	0.215422	0.150706	0.217395	0.090235	0.000351	0.000014	0.006246
46	0.309030	0.007802	0.213386	0.150029	0.223469	0.089853	0.000278	0.000016	0.006137
47	0.306754	0.007542	0.211715	0.149457	0.229958	0.088518	0.000254	0.000015	0.005787
48	0.303232	0.007114	0.209396	0.149286	0.236786	0.088383	0.000252	0.000009	0.005542
49	0.300194	0.006597	0.207734	0.149038	0.243209	0.087757	0.000209	0.000009	0.005253
50	0.297740	0.006283	0.204955	0.148991	0.249763	0.086995	0.000188	0.000006	0.005079
51	0.294542	0.005918	0.202682	0.148505	0.256928	0.086378	0.000176	0.000003	0.004868
52	0.291212	0.005562	0.200594	0.148316	0.263765	0.085804	0.000152	0.000001	0.004594
53	0.288069	0.005259	0.198474	0.147800	0.270793	0.085110	0.000136	0.000001	0.004358
54	0.284942	0.005018	0.195933	0.148164	0.277349	0.084362	0.000151	0.000000	0.004081
55	0.281695	0.004710	0.193107	0.147789	0.284611	0.083973	0.000137	0.000000	0.003978
56	0.278382	0.004478	0.190892	0.147341	0.291281	0.083792	0.000112	0.000000	0.003722
57	0.274293	0.004238	0.188906	0.147286	0.298178	0.083451	0.000086	0.000001	0.003561
58	0.270573	0.004056	0.185785	0.147677	0.305129	0.083318	0.000083	0.000001	0.003378
59	0.266610	0.003771	0.183175	0.148030	0.312629	0.082521	0.000070	0.000001	0.003193
60	0.262370	0.003724	0.180794	0.147614	0.320180	0.082284	0.000056	0.000000	0.002978
61	0.259002	0.003582	0.177789	0.147795	0.327426	0.081604	0.000039	0.000000	0.002763
62	0.255046	0.003404	0.174700	0.147566	0.334966	0.081607	0.000054	0.000000	0.002657
63	0.251705	0.003245	0.171895	0.147497	0.341912	0.081212	0.000045	0.000000	0.002489
64	0.247753	0.002937	0.168595	0.147451	0.349908	0.080918	0.000037	0.000000	0.002401
65	0.243794	0.002764	0.165481	0.147509	0.357162	0.080995	0.000030	0.000000	0.002265
66	0.239761	0.002616	0.162543	0.147468	0.364582	0.080885	0.000029	0.000000	0.002116
67	0.235637	0.002375	0.159399	0.147668	0.371413	0.081461	0.000027	0.000000	0.002020
68	0.231291	0.002279	0.156557	0.147859	0.379335	0.080677	0.000020	0.000000	0.001982
69	0.226431	0.002071	0.153805	0.147611	0.387158	0.081032	0.000016	0.000000	0.001876
70	0.221958	0.001984	0.150606	0.148015	0.394780	0.080902	0.000019	0.000000	0.001736
71	0.217522	0.001854	0.147416	0.148224	0.402489	0.080802	0.000017	0.000000	0.001676
72	0.213454	0.001647	0.144110	0.148608	0.409970	0.080576	0.000019	0.000000	0.001616
73	0.208822	0.001567	0.141296	0.148800	0.417419	0.080550	0.000014	0.000000	0.001532
74	0.204439	0.001455	0.138347	0.149223	0.424478	0.080646	0.000010	0.000000	0.001402
75	0.200067	0.001402	0.135804	0.149154	0.431640	0.080621	0.000007	0.000000	0.001305
76	0.195120	0.001350	0.132840	0.149368	0.439733	0.080369	0.000005	0.000000	0.001215
77	0.190326	0.001293	0.129454	0.149501	0.447241	0.081021	0.000003	0.000000	0.001161
78	0.186033	0.001217	0.126323	0.150219	0.454257	0.080858	0.000003	0.000000	0.001090
79	0.180952	0.001170	0.123684	0.150963	0.461855	0.080326	0.000003	0.000000	0.001047
80	0.176303	0.001165	0.120523	0.151943	0.468696	0.080399	0.000000	0.000000	0.000971
81	0.171732	0.001129	0.118140	0.151953	0.476062	0.080090	0.000000	0.000000	0.000894
82	0.166891	0.001063	0.115038	0.152732	0.482848	0.080521	0.000000	0.000000	0.000907
83	0.162459	0.000982	0.111812	0.153002	0.490303	0.080579	0.000000	0.000000	0.000863
84	0.158245	0.000926	0.108875	0.153811	0.496692	0.080663	0.000000	0.000000	0.000788
85	0.153457	0.000823	0.105821	0.154132	0.504126	0.080874	0.000000	0.000000	0.000767
86	0.149179	0.000816	0.102750	0.154582	0.511160	0.080779	0.000000	0.000000	0.000734
87	0.144577	0.000789	0.099674	0.155584	0.517999	0.080692	0.000000	0.000000	0.000685
88	0.140241	0.000777	0.097573	0.155806	0.524495	0.080434	0.000000	0.000000	0.000674
89	0.136592	0.000740	0.094411	0.156127	0.531201	0.080341	0.000000	0.000000	0.000588
90	0.132133	0.000725	0.091731	0.156477	0.538143	0.080228	0.000000	0.000000	0.000563
91	0.128343	0.000688	0.088729	0.156952	0.544880	0.079865	0.000000	0.000000	0.000543
92	0.124174	0.000678	0.086050	0.157769	0.550650	0.080178	0.000000	0.000000	0.000501
93	0.120085	0.000627	0.083154	0.158445	0.556636	0.080550	0.000000	0.000000	0.000503
94	0.116317	0.000585	0.080302	0.159127	0.563065	0.080144	0.000000	0.000000	0.000460
95	0.112176	0.000557	0.077705	0.159649	0.569335	0.080142	0.000000	0.000000	0.000436
96	0.108187	0.000510	0.075107	0.159824	0.575454	0.080512	0.000000	0.000000	0.000406
97	0.104720	0.000468	0.072227	0.160141	0.581652	0.080396	0.000000	0.000000	0.000396
98	0.100866	0.000403	0.069980	0.160736	0.587010	0.080617	0.000000	0.000000	0.000388
99	0.097215	0.000379	0.067567	0.161607	0.592257	0.080621	0.000000	0.000000	0.000354
100	0.093821	0.000345	0.065128	0.162074	0.597714	0.080567	0.000000	0.000000	0.000351
101	0.090276	0.000332	0.062900	0.162607	0.602654	0.080895	0.000000	0.000000	0.000336
102	0.086957	0.000303	0.060610	0.162687	0.608118	0.081007	0.000000	0.000000	0.000318
103	0.083470	0.000275	0.058151	0.162738	0.613925	0.081121	0.000000	0.000000	0.000320
104	0.080236	0.000238	0.056234	0.163229	0.618841	0.080932	0.000000	0.000000	0.000290
105	0.076703	0.000229	0.054021	0.164127	0.623589	0.081052	0.000000	0.000000	0.000279
106	0.073586	0.000189	0.051936	0.164807	0.628008	0.081209	0.000000	0.000000	0.000265
107	0.070304	0.000140	0.049950	0.165454	0.632491	0.081440	0.000000	0.000000	0.000221
108	0.067361	0.000145	0.047684	0.165817	0.637076	0.081720	0.000000	0.000000	0.000197
109	0.064300	0.000151	0.045977	0.166323	0.641154	0.081900	0.000000	0.000000	0.000195
110	0.061237	0.000140	0.044287	0.167098	0.644867	0.082206	0.000000	0.000000	0.000165
111	0.058681	0.000138	0.042512	0.167589	0.649078	0.081858	0.000000	0.000000	0.000144
112	0.056074	0.000122	0.040577	0.167469	0.653338	0.082282	0.000000	0.000000	0.000138
113	0.053493	0.000108	0.038705	0.168019	0.657128	0.082395	0.000000	0.000000	0.000152
114	0.050831	0.000100	0.037202	0.168186	0.660906	0.082632	0.000000	0.000000	0.000143
115	0.048462	0.000105	0.035459	0.168498	0.664633	0.082704	0.000000	0.000000	0.000139
116	0.045909	0.000097	0.033718	0.169228	0.667952	0.082952	0.000000	0.000000	0.000144
117	0.043951	0.000078	0.032134	0.169697	0.671006	0.082988	0.000000	0.000000	0.000146
118	0.041886	0.000081	0.030601	0.169620	0.674413	0.083272	0.000000	0.000000	0.000127
119	0.039932	0.000072	0.029226	0.170195	0.676900	0.083549	0.000000	0.000000	0.000126
120	0.037823	0.000071	0.027926	0.170404	0.679838	0.083825	0.000000	0.000000	0.000113
121	0.035998	0.000071	0.026647	0.171151	0.682445	0.083582	0.000000	0.000000	0.000106
122	0.034265	0.000068	0.025337	0.171283	0.684893	0.084062	0.000000	0.000000	0.000092
123	0.032402	0.000063	0.023989	0.171872	0.687529	0.084048	0.000000	0.000000	0.000097
124	0.030869	0.000057	0.022714	0.172225	0.690327	0.083720	0.000000	0.000000	0.000088
125	0.029292	0.000055	0.021610	0.172446	0.692671	0.083847	0.000000	0.000000	0.000079
126	0.027591	0.000052	0.020310	0.172860	0.695210	0.083905	0.000000	0.000000	0.000072
127	0.026236	0.000053	0.019252	0.172956	0.697716	0.083721	0.000000	0.000000	0.000066
128	0.025079	0.000050	0.018172	0.172777	0.700005	0.083852	0.000000	0.000000	0.000065
129	0.023652	0.000038	0.017288	0.172763	0.702311	0.083886	0.000000	0.000000	0.000062
130	0.022248	0.000037	0.016481	0.172941	0.704179	0.084060	0.000000	0.000000	0.000054
131	0.021127	0.000037	0.015649	0.173329	0.705723	0.084080	0.000000	0.000000	0.000055
132	0.020048	0.000041	0.014859	0.173280	0.707637	0.084095	0.000000	0.000000	0.000040
133	0.018927	0.000041	0.013814	0.173734	0.709249	0.084191	0.000000	0.000000	0.000044
134	0.017941	0.000036	0.013008	0.174523	0.710009	0.084443	0.000000	0.000000	0.000040
135	0.016899	0.000036	0.012396	0.173956	0.711844	0.084839	0.000000	0.000000	0.000030
136	0.015896	0.000036	0.011676	0.173831	0.713772	0.084762	0.000000	0.000000	0.000027
137	0.015048	0.000034	0.010981	0.174034	0.714871	0.085007	0.000000	0.000000	0.000025
138	0.014080	0.000030	0.010279	0.174221	0.716350	0.085014	0.000000	0.000000	0.000026
139	0.013053	0.000027	0.009703	0.174575	0.717815	0.084803	0.000000	0.000000	0.000024
140	0.012296	0.000030	0.009107	0.174545	0.718664	0.085333	0.000000	0.000000	0.000025
141	0.011640	0.000026	0.008625	0.174357	0.720120	0.085207	0.000000	0.000000	0.000025
142	0.010949	0.000020	0.008146	0.174273	0.720906	0.085681	0.000000	0.000000	0.000025
143	0.010250	0.000014	0.007664	0.174090	0.722388	0.085577	0.000000	0.000000	0.000017
144	0.009580	0.000013	0.007303	0.174443	0.723066	0.085581	0.000000	0.000000	0.000014
145	0.008979	0.000008	0.006933	0.174417	0.723866	0.085782	0.000000	0.000000	0.000015
146	0.008487	0.000005	0.006689	0.174159	0.725097	0.085552	0.000000	0.000000	0.000011
147	0.008076	0.000007	0.006312	0.173986	0.725480	0.086132	0.000000	0.000000	0.000007
148	0.007589	0.000006	0.006046	0.174266	0.726483	0.085608	0.000000	0.000000	0.000002
149	0.007103	0.000005	0.005532	0.174381	0.727572	0.085407	0.000000	0.000000	0.000000
150	0.006626	0.000005	0.005231	0.174683	0.727549	0.085904	0.000000	0.000000	0.000002
151	0.006260	0.000004	0.004886	0.174989	0.727981	0.085880	0.000000	0.000000	0.000000
152	0.006016	0.000002	0.004682	0.175369	0.728014	0.085915	0.000000	0.000000	0.000002
153	0.005691	0.000002	0.004433	0.175169	0.728904	0.085799	0.000000	0.000000	0.000002
154	0.005426	0.000001	0.004213	0.175225	0.728960	0.086170	0.000000	0.000000	0.000005
155	0.005193	0.000001	0.003989	0.175307	0.729409	0.086096	0.000000	0.000000	0.000005
156	0.004867	0.000000	0.003702	0.174809	0.730246	0.086369	0.000000	0.000000	0.000007
157	0.004529	0.000000	0.003519	0.175294	0.730525	0.086131	0.000000	0.000000	0.000002
158	0.004322	0.000000	0.003314	0.175051	0.731160	0.086149	0.000000	0.000000	0.000004
159	0.004009	0.000000	0.003070	0.174923	0.731837	0.086157	0.000000	0.000000	0.000004
160	0.003741	0.000000	0.002945	0.175219	0.731812	0.086281	0.000000	0.000000	0.000002
161	0.003530	0.000000	0.002787	0.175228	0.732399	0.086054	0.000000	0.000000	0.000002
162	0.003368	0.000000	0.002666	0.175176	0.732560	0.086224	0.000000	0.000000	0.000006
163	0.003203	0.000000	0.002483	0.175215	0.733143	0.085951	0.000000	0.000000	0.000005
164	0.003070	0.000000	0.002289	0.175619	0.733249	0.085769	0.000000	0.000000	0.000004
165	0.002926	0.000000	0.002154	0.175257	0.733919	0.085742	0.000000	0.000000	0.000002
166	0.002789	0.000000	0.002030	0.175491	0.733806	0.085883	0.000000	0.000000	0.000001
167	0.002730	0.000000	0.001875	0.175092	0.734314	0.085987	0.000000	0.000000	0.000002
168	0.002604	0.000000	0.001768	0.175657	0.733822	0.086148	0.000000	0.000000	0.000001
169	0.002486	0.000000	0.001688	0.175579	0.734163	0.086081	0.000000	0.000000	0.000003
170	0.002323	0.000000	0.001648	0.175837	0.734144	0.086048	0.000000	0.000000	0.000000
171	0.002237	0.000000	0.001527	0.175712	0.734522	0.086001	0.000000	0.000000	0.000001
172	0.002112	0.000000	0.001456	0.175601	0.735243	0.085586	0.000000	0.000000	0.000002
173	0.001989	0.000000	0.001400	0.175985	0.734500	0.086124	0.000000	0.000000	0.000002
174	0.001868	0.000000	0.001323	0.175656	0.734996	0.086154	0.000000	0.000000	0.000003
175	0.001770	0.000000	0.001264	0.175170	0.735339	0.086455	0.000000	0.000000	0.000002
176	0.001748	0.000000	0.001188	0.175411	0.735216	0.086436	0.000000	0.000000	0.000001
177	0.001660	0.000000	0.001163	0.175187	0.735365	0.086625	0.000000	0.000000	0.000000
178	0.001548	0.000000	0.001092	0.175092	0.735770	0.086496	0.000000	0.000000	0.000002
179	0.001442	0.000000	0.001075	0.174782	0.735866	0.086834	0.000000	0.000000	0.000001
180	0.001355	0.000000	0.001052	0.174521	0.736201	0.086871	0.000000	0.000000	0.000000
181	0.001290	0.000000	0.000972	0.174935	0.735720	0.087083	0.000000	0.000000	0.000000
182	0.001240	0.000000	0.000931	0.174968	0.735534	0.087327	0.000000	0.000000	0.000000
183	0.001191	0.000000	0.000901	0.174994	0.735893	0.087021	0.000000	0.000000	0.000000
184	0.001103	0.000000	0.000867	0.174466	0.736755	0.086809	0.000000	0.000000	0.000000
185	0.001056	0.000000	0.000836	0.174685	0.736485	0.086938	0.000000	0.000000	0.000000
186	0.001011	0.000000	0.000751	0.175433	0.736115	0.086690	0.000000	0.000000	0.000000
187	0.001000	0.000000	0.000704	0.175839	0.736109	0.086348	0.000000	0.000000	0.000000
188	0.000950	0.000000	0.000690	0.175559	0.736279	0.086522	0.000000	0.000000	0.000000
189	0.000909	0.000000	0.000636	0.175448	0.736412	0.086595	0.000000	0.000000	0.000000
190	0.000878	0.000000	0.000588	0.175816	0.736129	0.086589	0.000000	0.000000	0.000000
191	0.000825	0.000000	0.000561	0.175879	0.736136	0.086599	0.000000	0.000000	0.000000
192	0.000780	0.000000	0.000503	0.176199	0.735953	0.086565	0.000000	0.000000	0.000000
193	0.000765	0.000000	0.000476	0.176234	0.735935	0.086590	0.000000	0.000000	0.000000
194	0.000740	0.000000	0.000466	0.175931	0.736410	0.086453	0.000000	0.000000	0.000000
195	0.000725	0.000000	0.000442	0.175981	0.736099	0.086753	0.000000	0.000000	0.000000
196	0.000710	0.000000	0.000424	0.176130	0.735954	0.086782	0.000000	0.000000	0.000000
197	0.000681	0.000000	0.000399	0.176325	0.735606	0.086989	0.000000	0.000000	0.000000
198	0.000656	0.000000	0.000358	0.176429	0.735713	0.086844	0.000000	0.000000	0.000000
199	0.000598	0.000000	0.000343	0.176060	0.735972	0.087027	0.000000	0.000000	0.000000
200	0.000583	0.000000	0.000325	0.175986	0.736273	0.086833	0.000000	0.000000	0.000000
201	0.000561	0.000000	0.000310	0.176063	0.735574	0.087492	0.000000	0.000000	0.000000
202	0.000524	0.000000	0.000276	0.176776	0.734845	0.087579	0.000000	0.000000	0.000000
203	0.000483	0.000000	0.000270	0.176789	0.734991	0.087467	0.000000	0.000000	0.000000
204	0.000453	0.000000	0.000273	0.176122	0.735638	0.087514	0.000000	0.000000	0.000000
205	0.000428	0.000000	0.000250	0.175974	0.735720	0.087628	0.000000	0.000000	0.000000
206	0.000424	0.000000	0.000243	0.176649	0.735182	0.087502	0.000000	0.000000	0.000000
207	0.000408	0.000000	0.000228	0.176934	0.734838	0.087592	0.000000	0.000000	0.000000
208	0.000382	0.000000	0.000223	0.176796	0.735236	0.087363	0.000000	0.000000	0.000000
209	0.000383	0.000000	0.000211	0.176214	0.735633	0.087559	0.000000	0.000000	0.000000
210	0.000351	0.000000	0.000203	0.175890	0.735590	0.087966	0.000000	0.000000	0.000000
211	0.000352	0.000000	0.000211	0.176548	0.735092	0.087797	0.000000	0.000000	0.000000
212	0.000343	0.000000	0.000197	0.176700	0.735163	0.087597	0.000000	0.000000	0.000000
213	0.000350	0.000000	0.000184	0.176514	0.734892	0.088060	0.000000	0.000000	0.000000
214	0.000342	0.000000	0.000183	0.176237	0.735306	0.087932	0.000000	0.000000	0.000000
215	0.000335	0.000000	0.000161	0.176415	0.735301	0.087788	0.000000	0.000000	0.000000
216	0.000334	0.000000	0.000153	0.176254	0.735499	0.087760	0.000000	0.000000	0.000000
217	0.000340	0.000000	0.000149	0.176418	0.735045	0.088048	0.000000	0.000000	0.000000
218	0.000340	0.000000	0.000146	0.176410	0.735175	0.087929	0.000000	0.000000	0.000000
219	0.000329	0.000000	0.000158	0.176677	0.735457	0.087379	0.000000	0.000000	0.000000
220	0.000334	0.000000	0.000140	0.177156	0.734719	0.087651	0.000000	0.000000	0.000000
221	0.000316	0.000000	0.000144	0.177624	0.734278	0.087638	0.000000	0.000000	0.000000
222	0.000316	0.000000	0.000118	0.177326	0.734466	0.087774	0.000000	0.000000	0.000000
223	0.000316	0.000000	0.000103	0.177610	0.733966	0.088005	0.000000	0.000000	0.000000
224	0.000310	0.000000	0.000086	0.177806	0.733764	0.088034	0.000000	0.000000	0.000000
225	0.000298	0.000000	0.000070	0.177657	0.733673	0.088302	0.000000	0.000000	0.000000
226	0.000297	0.000000	0.000074	0.177831	0.733501	0.088297	0.000000	0.000000	0.000000
227	0.000293	0.000000	0.000068	0.178367	0.732820	0.088452	0.000000	0.000000	0.000000
228	0.000259	0.000000	0.000062	0.178331	0.732721	0.088627	0.000000	0.000000	0.000000
229	0.000278	0.000000	0.000057	0.178028	0.733090	0.088547	0.000000	0.000000	0.000000
230	0.000280	0.000000	0.000050	0.177761	0.733299	0.088610	0.000000	0.000000	0.000000
231	0.000267	0.000000	0.000059	0.177378	0.734399	0.087897	0.000000	0.000000	0.000000
232	0.000269	0.000000	0.000060	0.177489	0.734457	0.087725	0.000000	0.000000	0.000000
233	0.000276	0.000000	0.000049	0.177775	0.734332	0.087568	0.000000	0.000000	0.000000
234	0.000262	0.000000	0.000055	0.177496	0.734293	0.087894	0.000000	0.000000	0.000000
235	0.000268	0.000000	0.000054	0.177596	0.733858	0.088224	0.000000	0.000000	0.000000
236	0.000246	0.000000	0.000048	0.177008	0.734598	0.088100	0.000000	0.000000	0.000000
237	0.000244	0.000000	0.000043	0.176644	0.735034	0.088035	0.000000	0.000000	0.000000
238	0.000247	0.000000	0.000034	0.176365	0.735592	0.087762	0.000000	0.000000	0.000000
239	0.000233	0.000000	0.000032	0.176394	0.735424	0.087917	0.000000	0.000000	0.000000
240	0.000243	0.000000	0.000030	0.176302	0.735343	0.088082	0.000000	0.000000	0.000000
241	0.000270	0.000000	0.000032	0.176286	0.735776	0.087636	0.000000	0.000000	0.000000
242	0.000267	0.000000	0.000033	0.176136	0.735692	0.087872	0.000000	0.000000	0.000000
243	0.000253	0.000000	0.000034	0.176018	0.735584	0.088111	0.000000	0.000000	0.000000
244	0.000257	0.000000	0.000031	0.175979	0.735604	0.088129	0.000000	0.000000	0.000000
245	0.000248	0.000000	0.000030	0.175921	0.735582	0.088219	0.000000	0.000000	0.000000
246	0.000226	0.000000	0.000030	0.175722	0.735856	0.088166	0.000000	0.000000	0.000000
247	0.000222	0.000000	0.000027	0.175499	0.735799	0.088453	0.000000	0.000000	0.000000
248	0.000224	0.000000	0.000032	0.175473	0.735915	0.088356	0.000000	0.000000	0.000000
249	0.000207	0.000000	0.000024	0.175609	0.735797	0.088363	0.000000	0.000000	0.000000
250	0.000205	0.000000	0.000027	0.175313	0.736151	0.088304	0.000000	0.000000	0.000000
251	0.000183	0.000000	0.000029	0.174700	0.736668	0.088420	0.000000	0.000000	0.000000
252	0.000191	0.000000	0.000028	0.174590	0.736666	0.088525	0.000000	0.000000	0.000000
253	0.000179	0.000000	0.000028	0.174865	0.736673	0.088255	0.000000	0.000000	0.000000
254	0.000177	0.000000	0.000034	0.174508	0.737276	0.088005	0.000000	0.000000	0.000000
255	0.000171	0.000000	0.000035	0.174639	0.737082	0.088073	0.000000	0.000000	0.000000
256	0.000164	0.000000	0.000036	0.174750	0.736883	0.088167	0.000000	0.000000	0.000000
257	0.000164	0.000000	0.000034	0.175185	0.736738	0.087879	0.000000	0.000000	0.000000
258	0.000175	0.000000	0.000032	0.175087	0.736034	0.088672	0.000000	0.000000	0.000000
259	0.000171	0.000000	0.000037	0.175019	0.735952	0.088821	0.000000	0.000000	0.000000
260	0.000161	0.000000	0.000040	0.174840	0.736136	0.088823	0.000000	0.000000	0.000000
261	0.000144	0.000000	0.000049	0.174681	0.736246	0.088880	0.000000	0.000000	0.000000
262	0.000146	0.000000	0.000048	0.174745	0.736052	0.089009	0.000000	0.000000	0.000000
263	0.000144	0.000000	0.000053	0.175122	0.735530	0.089151	0.000000	0.000000	0.000000
264	0.000142	0.000000	0.000053	0.175485	0.735184	0.089136	0.000000	0.000000	0.000000
265	0.000145	0.000000	0.000050	0.175446	0.734852	0.089507	0.000000	0.000000	0.000000
266	0.000127	0.000000	0.000054	0.175526	0.734872	0.089421	0.000000	0.000000	0.000000
267	0.000121	0.000000	0.000054	0.175474	0.734446	0.089905	0.000000	0.000000	0.000000
268	0.000120	0.000000	0.000053	0.175558	0.734706	0.089563	0.000000	0.000000	0.000000
269	0.000116	0.000000	0.000046	0.175786	0.734345	0.089707	0.000000	0.000000	0.000000
270	0.000130	0.000000	0.000042	0.175742	0.734596	0.089490	0.000000	0.000000	0.000000
271	0.000127	0.000000	0.000049	0.175583	0.734436	0.089805	0.000000	0.000000	0.000000
272	0.000132	0.000000	0.000042	0.175994	0.734059	0.089773	0.000000	0.000000	0.000000
273	0.000117	0.000000	0.000045	0.176372	0.733771	0.089695	0.000000	0.000000	0.000000
274	0.000112	0.000000	0.000047	0.176043	0.734298	0.089500	0.000000	0.000000	0.000000
275	0.000117	0.000000	0.000044	0.176476	0.733920	0.089443	0.000000	0.000000	0.000000
276	0.000125	0.000000	0.000047	0.176272	0.734308	0.089248	0.000000	0.000000	0.000000
277	0.000129	0.000000	0.000041	0.175945	0.734672	0.089213	0.000000	0.000000	0.000000
278	0.000126	0.000000	0.000049	0.176056	0.734817	0.088952	0.000000	0.000000	0.000000
279	0.000115	0.000000	0.000041	0.175716	0.735383	0.088745	0.000000	0.000000	0.000000
280	0.000124	0.000000	0.000029	0.176251	0.735493	0.088103	0.000000	0.000000	0.000000
281	0.000122	0.000000	0.000029	0.176126	0.735422	0.088301	0.000000	0.000000	0.000000
282	0.000127	0.000000	0.000025	0.176522	0.735535	0.087791	0.000000	0.000000	0.000000
283	0.000117	0.000000	0.000020	0.176363	0.735606	0.087894	0.000000	0.000000	0.000000
284	0.000101	0.000000	0.000024	0.176689	0.735242	0.087944	0.000000	0.000000	0.000000
285	0.000087	0.000000	0.000021	0.176590	0.735445	0.087857	0.000000	0.000000	0.000000
286	0.000087	0.000000	0.000022	0.176779	0.735373	0.087739	0.000000	0.000000	0.000000
287	0.000079	0.000000	0.000024	0.176513	0.735702	0.087682	0.000000	0.000000	0.000000
288	0.000058	0.000000	0.000025	0.176512	0.735829	0.087576	0.000000	0.000000	0.000000
289	0.000060	0.000000	0.000028	0.176762	0.735280	0.087870	0.000000	0.000000	0.000000
290	0.000062	0.000000	0.000026	0.176906	0.735187	0.087819	0.000000	0.000000	0.000000
291	0.000058	0.000000	0.000025	0.177170	0.734740	0.088007	0.000000	0.000000	0.000000
292	0.000052	0.000000	0.000023	0.177054	0.734810	0.088061	0.000000	0.000000	0.000000
293	0.000052	0.000000	0.000024	0.176761	0.734779	0.088384	0.000000	0.000000	0.000000
294	0.000053	0.000000	0.000019	0.176248	0.734857	0.088823	0.000000	0.000000	0.000000
295	0.000045	0.000000	0.000018	0.176430	0.734874	0.088633	0.000000	0.000000	0.000000
296	0.000043	0.000000	0.000020	0.175938	0.735349	0.088650	0.000000	0.000000	0.000000
297	0.000049	0.000000	0.000019	0.176165	0.735242	0.088525	0.000000	0.000000	0.000000
298	0.000050	0.000000	0.000014	0.176461	0.734981	0.088494	0.000000	0.000000	0.000000
299	0.000051	0.000000	0.000014	0.176327	0.735337	0.088271	0.000000	0.000000	0.000000
300	0.000049	0.000000	0.000013	0.176318	0.734622	0.088998	0.000000	0.000000	0.000000
301	0.000048	0.000000	0.000011	0.176323	0.734455	0.089163	0.000000	0.000000	0.000000
302	0.000047	0.000000	0.000008	0.176346	0.734250	0.089349	0.000000	0.000000	0.000000
303	0.000050	0.000000	0.000013	0.176044	0.734239	0.089654	0.000000	0.000000	0.000000
304	0.000042	0.000000	0.000014	0.176290	0.733807	0.089847	0.000000	0.000000	0.000000
305	0.000042	0.000000	0.000009	0.176108	0.734230	0.089611	0.000000	0.000000	0.000000
306	0.000043	0.000000	0.000006	0.176144	0.734291	0.089516	0.000000	0.000000	0.000000
307	0.000040	0.000000	0.000008	0.175926	0.734683	0.089343	0.000000	0.000000	0.000000
308	0.000041	0.000000	0.000009	0.175862	0.734709	0.089379	0.000000	0.000000	0.000000
309	0.000047	0.000000	0.000005	0.175782	0.734644	0.089522	0.000000	0.000000	0.000000
310	0.000049	0.000000	0.000004	0.175514	0.734987	0.089446	0.000000	0.000000	0.000000
311	0.000051	0.000000	0.000003	0.175608	0.735065	0.089273	0.000000	0.000000	0.000000
312	0.000050	0.000000	0.000002	0.175288	0.735640	0.089020	0.000000	0.000000	0.000000
313	0.000055	0.000000	0.000003	0.175780	0.735154	0.089008	0.000000	0.000000	0.000000
314	0.000051	0.000000	0.000002	0.175844	0.735171	0.088932	0.000000	0.000000	0.000000
315	0.000050	0.000000	0.000003	0.175952	0.735030	0.088965	0.000000	0.000000	0.000000
316	0.000053	0.000000	0.000003	0.175342	0.735644	0.088958	0.000000	0.000000	0.000000
317	0.000049	0.000000	0.000004	0.175430	0.735410	0.089107	0.000000	0.000000	0.000000
318	0.000049	0.000000	0.000004	0.175625	0.735118	0.089204	0.000000	0.000000	0.000000
319	0.000050	0.000000	0.000004	0.175785	0.734927	0.089234	0.000000	0.000000	0.000000
320	0.000052	0.000000	0.000002	0.176002	0.734687	0.089257	0.000000	0.000000	0.000000
321	0.000053	0.000000	0.000002	0.176363	0.734109	0.089473	0.000000	0.000000	0.000000
322	0.000046	0.000000	0.000001	0.176084	0.734111	0.089758	0.000000	0.000000	0.000000
323	0.000040	0.000000	0.000001	0.175914	0.734448	0.089597	0.000000	0.000000	0.000000
324	0.000037	0.000000	0.000000	0.175610	0.734549	0.089804	0.000000	0.000000	0.000000
325	0.000036	0.000000	0.000000	0.175299	0.735049	0.089616	0.000000	0.000000	0.000000
326	0.000043	0.000000	0.000000	0.175374	0.735362	0.089221	0.000000	0.000000	0.000000
327	0.000044	0.000000	0.000000	0.175438	0.734832	0.089686	0.000000	0.000000	0.000000
328	0.000045	0.000000	0.000000	0.175864	0.734199	0.089892	0.000000	0.000000	0.000000
329	0.000034	0.000000	0.000000	0.175752	0.734262	0.089952	0.000000	0.000000	0.000000
330	0.000037	0.000000	0.000000	0.175357	0.734437	0.090169	0.000000	0.000000	0.000000
331	0.000034	0.000000	0.000000	0.175765	0.733875	0.090326	0.000000	0.000000	0.000000
332	0.000032	0.000000	0.000000	0.175596	0.734274	0.090098	0.000000	0.000000	0.000000
333	0.000027	0.000000	0.000000	0.175834	0.734155	0.089984	0.000000	0.000000	0.000000
334	0.000028	0.000000	0.000000	0.175436	0.734547	0.089989	0.000000	0.000000	0.000000
335	0.000024	0.000000	0.000000	0.175773	0.734327	0.089876	0.000000	0.000000	0.000000
336	0.000017	0.000000	0.000000	0.175730	0.734507	0.089746	0.000000	0.000000	0.000000
337	0.000019	0.000000	0.000000	0.175329	0.734364	0.090288	0.000000	0.000000	0.000000
338	0.000015	0.000000	0.000000	0.175823	0.733616	0.090546	0.000000	0.000000	0.000000
339	0.000016	0.000000	0.000000	0.175619	0.733763	0.090602	0.000000	0.000000	0.000000
340	0.000015	0.000000	0.000000	0.175531	0.734038	0.090416	0.000000	0.000000	0.000000
341	0.000011	0.000000	0.000000	0.175589	0.734040	0.090360	0.000000	0.000000	0.000000
342	0.000017	0.000000	0.000000	0.175419	0.734113	0.090451	0.000000	0.000000	0.000000
343	0.000017	0.000000	0.000000	0.175217	0.734304	0.090462	0.000000	0.000000	0.000000
344	0.000013	0.000000	0.000000	0.175218	0.733993	0.090776	0.000000	0.000000	0.000000
345	0.000015	0.000000	0.000000	0.175326	0.733864	0.090795	0.000000	0.000000	0.000000
346	0.000016	0.000000	0.000000	0.175200	0.733760	0.091024	0.000000	0.000000	0.000000
347	0.000017	0.000000	0.000000	0.175608	0.733253	0.091122	0.000000	0.000000	0.000000
348	0.000022	0.000000	0.000000	0.175400	0.733963	0.090615	0.000000	0.000000	0.000000
349	0.000018	0.000000	0.000000	0.175301	0.733891	0.090790	0.000000	0.000000	0.000000
350	0.000019	0.000000	0.000000	0.175309	0.734090	0.090582	0.000000	0.000000	0.000000
351	0.000020	0.000000	0.000000	0.175494	0.734094	0.090392	0.000000	0.000000	0.000000
352	0.000024	0.000000	0.000000	0.175213	0.734415	0.090348	0.000000	0.000000	0.000000
353	0.000019	0.000000	0.000000	0.175627	0.733835	0.090519	0.000000	0.000000	0.000000
354	0.000019	0.000000	0.000000	0.175423	0.734125	0.090433	0.000000	0.000000	0.000000
355	0.000016	0.000000	0.000000	0.175124	0.734316	0.090544	0.000000	0.000000	0.000000
356	0.000016	0.000000	0.000000	0.174877	0.734836	0.090271	0.000000	0.000000	0.000000
357	0.000022	0.000000	0.000000	0.175101	0.734567	0.090310	0.000000	0.000000	0.000000
358	0.000020	0.000000	0.000000	0.174970	0.735106	0.089904	0.000000	0.000000	0.000000
359	0.000018	0.000000	0.000000	0.175105	0.735039	0.089838	0.000000	0.000000	0.000000
360	0.000017	0.000000	0.000000	0.174679	0.735435	0.089869	0.000000	0.000000	0.000000
361	0.000017	0.000000	0.000000	0.174847	0.735516	0.089620	0.000000	0.000000	0.000000
362	0.000018	0.000000	0.000000	0.174551	0.735580	0.089851	0.000000	0.000000	0.000000
363	0.000013	0.000000	0.000000	0.174363	0.735886	0.089738	0.000000	0.000000	0.000000
364	0.000017	0.000000	0.000000	0.174488	0.735384	0.090111	0.000000	0.000000	0.000000
365	0.000016	0.000000	0.000000	0.174182	0.735643	0.090159	0.000000	0.000000	0.000000
366	0.000014	0.000000	0.000000	0.174422	0.735292	0.090272	0.000000	0.000000	0.000000
367	0.000015	0.000000	0.000000	0.174343	0.735288	0.090354	0.000000	0.000000	0.000000
368	0.000017	0.000000	0.000000	0.174457	0.735267	0.090259	0.000000	0.000000	0.000000
369	0.000013	0.000000	0.000000	0.174156	0.735820	0.090011	0.000000	0.000000	0.000000
370	0.000015	0.000000	0.000000	0.174238	0.735637	0.090110	0.000000	0.000000	0.000000
371	0.000012	0.000000	0.000000	0.173848	0.736096	0.090044	0.000000	0.000000	0.000000
372	0.000021	0.000000	0.000000	0.173380	0.736347	0.090252	0.000000	0.000000	0.000000
373	0.000023	0.000000	0.000000	0.173444	0.736511	0.090022	0.000000	0.000000	0.000000
374	0.000027	0.000000	0.000000	0.173574	0.736286	0.090113	0.000000	0.000000	0.000000
375	0.000017	0.000000	0.000000	0.173843	0.735990	0.090150	0.000000	0.000000	0.000000
376	0.000010	0.000000	0.000000	0.173967	0.735499	0.090524	0.000000	0.000000	0.000000
377	0.000011	0.000000	0.000000	0.173697	0.735829	0.090463	0.000000	0.000000	0.000000
378	0.000008	0.000000	0.000000	0.174150	0.735752	0.090090	0.000000	0.000000	0.000000
379	0.000006	0.000000	0.000000	0.174505	0.735335	0.090154	0.000000	0.000000	0.000000
380	0.000006	0.000000	0.000000	0.174705	0.735024	0.090265	0.000000	0.000000	0.000000
381	0.000006	0.000000	0.000000	0.174858	0.734799	0.090337	0.000000	0.000000	0.000000
382	0.000003	0.000000	0.000000	0.174926	0.734593	0.090478	0.000000	0.000000	0.000000
383	0.000003	0.000000	0.000000	0.175354	0.734329	0.090314	0.000000	0.000000	0.000000
384	0.000001	0.000000	0.000000	0.175332	0.734194	0.090473	0.000000	0.000000	0.000000
385	0.000002	0.000000	0.000000	0.175386	0.733884	0.090728	0.000000	0.000000	0.000000
386	0.000001	0.000000	0.000000	0.175417	0.733719	0.090863	0.000000	0.000000	0.000000
387	0.000001	0.000000	0.000000	0.175656	0.733654	0.090689	0.000000	0.000000	0.000000
388	0.000000	0.000000	0.000000	0.175603	0.733535	0.090862	0.000000	0.000000	0.000000
389	0.000000	0.000000	0.000000	0.175291	0.733748	0.090961	0.000000	0.000000	0.000000
390	0.000000	0.000000	0.000000	0.175073	0.733898	0.091029	0.000000	0.000000	0.000000
391	0.000000	0.000000	0.000000	0.175419	0.733456	0.091125	0.000000	0.000000	0.000000
392	0.000000	0.000000	0.000000	0.175908	0.733041	0.091051	0.000000	0.000000	0.000000
393	0.000000	0.000000	0.000000	0.175858	0.732975	0.091167	0.000000	0.000000	0.000000
394	0.000000	0.000000	0.000000	0.175727	0.733213	0.091060	0.000000	0.000000	0.000000
395	0.000000	0.000000	0.000000	0.175473	0.733492	0.091035	0.000000	0.000000	0.000000
396	0.000000	0.000000	0.000000	0.175231	0.733332	0.091437	0.000000	0.000000	0.000000
397	0.000000	0.000000	0.000000	0.175308	0.733296	0.091396	0.000000	0.000000	0.000000
398	0.000000	0.000000	0.000000	0.175459	0.733291	0.091250	0.000000	0.000000	0.000000
399	0.000000	0.000000	0.000000	0.175558	0.733125	0.091317	0.000000	0.000000	0.000000
400	0.000000	0.000000	0.000000	0.175373	0.733263	0.091364	0.000000	0.000000	0.000000
401	0.000000	0.000000	0.000000	0.175698	0.732820	0.091482	0.000000	0.000000	0.000000
402	0.000000	0.000000	0.000000	0.175743	0.733086	0.091171	0.000000	0.000000	0.000000
403	0.000000	0.000000	0.000000	0.175555	0.733049	0.091396	0.000000	0.000000	0.000000
404	0.000000	0.000000	0.000000	0.175446	0.733249	0.091305	0.000000	0.000000	0.000000
405	0.000000	0.000000	0.000000	0.175101	0.733633	0.091266	0.000000	0.000000	0.000000
406	0.000000	0.000000	0.000000	0.175068	0.734053	0.090879	0.000000	0.000000	0.000000
407	0.000000	0.000000	0.000000	0.174846	0.733869	0.091285	0.000000	0.000000	0.000000
408	0.000000	0.000000	0.000000	0.175300	0.733698	0.091002	0.000000	0.000000	0.000000
409	0.000000	0.000000	0.000000	0.175295	0.733243	0.091462	0.000000	0.000000	0.000000
410	0.000000	0.000000	0.000000	0.174950	0.733259	0.091791	0.000000	0.000000	0.000000
411	0.000000	0.000000	0.000000	0.174625	0.733797	0.091578	0.000000	0.000000	0.000000
412	0.000000	0.000000	0.000000	0.175038	0.733802	0.091160	0.000000	0.000000	0.000000
413	0.000000	0.000000	0.000000	0.175274	0.733568	0.091158	0.000000	0.000000	0.000000
414	0.000000	0.000000	0.000000	0.175636	0.733467	0.090897	0.000000	0.000000	0.000000
415	0.000000	0.000000	0.000000	0.175440	0.733192	0.091368	0.000000	0.000000	0.000000
416	0.000000	0.000000	0.000000	0.175538	0.733515	0.090947	0.000000	0.000000	0.000000
417	0.000000	0.000000	0.000000	0.175447	0.733572	0.090981	0.000000	0.000000	0.000000
418	0.000000	0.000000	0.000000	0.175334	0.733787	0.090879	0.000000	0.000000	0.000000
419	0.000000	0.000000	0.000000	0.175204	0.733618	0.091178	0.000000	0.000000	0.000000
420	0.000000	0.000000	0.000000	0.175100	0.733731	0.091169	0.000000	0.000000	0.000000
421	0.000000	0.000000	0.000000	0.175518	0.733526	0.090956	0.000000	0.000000	0.000000
422	0.000000	0.000000	0.000000	0.175711	0.733268	0.091021	0.000000	0.000000	0.000000
423	0.000000	0.000000	0.000000	0.175777	0.733249	0.090974	0.000000	0.000000	0.000000
424	0.000000	0.000000	0.000000	0.175687	0.733417	0.090896	0.000000	0.000000	0.000000
425	0.000000	0.000000	0.000000	0.175992	0.733088	0.090920	0.000000	0.000000	0.000000
426	0.000000	0.000000	0.000000	0.175575	0.733471	0.090954	0.000000	0.000000	0.000000
427	0.000000	0.000000	0.000000	0.175542	0.733781	0.090677	0.000000	0.000000	0.000000
428	0.000000	0.000000	0.000000	0.174696	0.734276	0.091028	0.000000	0.000000	0.000000
429	0.000000	0.000000	0.000000	0.174888	0.733827	0.091285	0.000000	0.000000	0.000000
430	0.000000	0.000000	0.000000	0.174746	0.734264	0.090990	0.000000	0.000000	0.000000
431	0.000000	0.000000	0.000000	0.174832	0.733997	0.091171	0.000000	0.000000	0.000000
432	0.000000	0.000000	0.000000	0.175640	0.733294	0.091066	0.000000	0.000000	0.000000
433	0.000000	0.000000	0.000000	0.175295	0.733300	0.091405	0.000000	0.000000	0.000000
434	0.000000	0.000000	0.000000	0.175095	0.733362	0.091543	0.000000	0.000000	0.000000
435	0.000000	0.000000	0.000000	0.175512	0.732818	0.091670	0.000000	0.000000	0.000000
436	0.000000	0.000000	0.000000	0.175443	0.732745	0.091812	0.000000	0.000000	0.000000
437	0.000000	0.000000	0.000000	0.175451	0.733033	0.091516	0.000000	0.000000	0.000000
438	0.000000	0.000000	0.000000	0.175078	0.733526	0.091396	0.000000	0.000000	0.000000
439	0.000000	0.000000	0.000000	0.175063	0.733705	0.091232	0.000000	0.000000	0.000000
440	0.000000	0.000000	0.000000	0.174905	0.733965	0.091130	0.000000	0.000000	0.000000
441	0.000000	0.000000	0.000000	0.174607	0.734240	0.091153	0.000000	0.000000	0.000000
442	0.000000	0.000000	0.000000	0.174882	0.733954	0.091164	0.000000	0.000000	0.000000
443	0.000000	0.000000	0.000000	0.175091	0.733780	0.091129	0.000000	0.000000	0.000000
444	0.000000	0.000000	0.000000	0.174864	0.734198	0.090938	0.000000	0.000000	0.000000
445	0.000000	0.000000	0.000000	0.175079	0.733526	0.091395	0.000000	0.000000	0.000000
446	0.000000	0.000000	0.000000	0.175105	0.733761	0.091134	0.000000	0.000000	0.000000
447	0.000000	0.000000	0.000000	0.174951	0.734048	0.091001	0.000000	0.000000	0.000000
448	0.000000	0.000000	0.000000	0.175622	0.733139	0.091239	0.000000	0.000000	0.000000
449	0.000000	0.000000	0.000000	0.175331	0.733364	0.091305	0.000000	0.000000	0.000000
450	0.000000	0.000000	0.000000	0.175312	0.733726	0.090962	0.000000	0.000000	0.000000
451	0.000000	0.000000	0.000000	0.175459	0.733481	0.091060	0.000000	0.000000	0.000000
452	0.000000	0.000000	0.000000	0.175100	0.733636	0.091264	0.000000	0.000000	0.000000
453	0.000000	0.000000	0.000000	0.175016	0.733584	0.091400	0.000000	0.000000	0.000000
454	0.000000	0.000000	0.000000	0.175276	0.733613	0.091111	0.000000	0.000000	0.000000
455	0.000000	0.000000	0.000000	0.174976	0.733482	0.091542	0.000000	0.000000	0.000000
456	0.000000	0.000000	0.000000	0.174938	0.733662	0.091400	0.000000	0.000000	0.000000
457	0.000000	0.000000	0.000000	0.175210	0.733467	0.091323	0.000000	0.000000	0.000000
458	0.000000	0.000000	0.000000	0.175377	0.733235	0.091388	0.000000	0.000000	0.000000
459	0.000000	0.000000	0.000000	0.175508	0.733124	0.091368	0.000000	0.000000	0.000000
460	0.000000	0.000000	0.000000	0.174831	0.734001	0.091168	0.000000	0.000000	0.000000
461	0.000000	0.000000	0.000000	0.174738	0.734088	0.091174	0.000000	0.000000	0.000000
462	0.000000	0.000000	0.000000	0.174761	0.734057	0.091182	0.000000	0.000000	0.000000
463	0.000000	0.000000	0.000000	0.175018	0.733678	0.091304	0.000000	0.000000	0.000000
464	0.000000	0.000000	0.000000	0.174869	0.733884	0.091247	0.000000	0.000000	0.000000
465	0.000000	0.000000	0.000000	0.174938	0.733783	0.091279	0.000000	0.000000	0.000000
466	0.000000	0.000000	0.000000	0.175023	0.733165	0.091812	0.000000	0.000000	0.000000
467	0.000000	0.000000	0.000000	0.174688	0.733517	0.091795	0.000000	0.000000	0.000000
468	0.000000	0.000000	0.000000	0.175005	0.732952	0.092043	0.000000	0.000000	0.000000
469	0.000000	0.000000	0.000000	0.175128	0.732875	0.091997	0.000000	0.000000	0.000000
470	0.000000	0.000000	0.000000	0.174855	0.733288	0.091857	0.000000	0.000000	0.000000
