0	0.290663	0.057897	0.229473	0.157588	0.029913	0.111872	0.085455	0.012259	0.024880
1	0.227279	0.047213	0.198397	0.131057	0.026652	0.115902	0.129781	0.025073	0.098646
2	0.224532	0.046173	0.193657	0.118129	0.025492	0.105655	0.140136	0.027504	0.118722
3	0.228005	0.045757	0.190372	0.107471	0.024973	0.094324	0.146357	0.028275	0.134466
4	0.232493	0.045657	0.186545	0.098615	0.024459	0.084157	0.151171	0.028709	0.148194
5	0.238104	0.045764	0.181482	0.090642	0.024280	0.074331	0.154116	0.028985	0.162296
6	0.244111	0.045721	0.176342	0.083783	0.024159	0.065626	0.155770	0.028941	0.175547
7	0.250372	0.046048	0.170319	0.076690	0.024031	0.058136	0.156958	0.029066	0.188380
8	0.256515	0.046144	0.164652	0.070869	0.024212	0.051440	0.156981	0.028660	0.200527
9	0.262596	0.046504	0.158896	0.065853	0.024270	0.044882	0.156628	0.028506	0.211865
10	0.268354	0.046834	0.153020	0.060984	0.024191	0.039919	0.155388	0.028366	0.222944
11	0.274057	0.046998	0.147163	0.056284	0.024540	0.035107	0.154178	0.028069	0.233604
12	0.280380	0.047139	0.141011	0.052550	0.024734	0.031262	0.152292	0.027526	0.243106
13	0.286754	0.047330	0.135553	0.048539	0.025027	0.027783	0.149737	0.026979	0.252298
14	0.291901	0.047630	0.130090	0.044909	0.025610	0.024612	0.147565	0.026277	0.261406
15	0.297809	0.048012	0.124050	0.041480	0.025931	0.021895	0.144706	0.025739	0.270378
16	0.303346	0.048017	0.118546	0.038302	0.026319	0.019464	0.142066	0.024995	0.278945
17	0.308541	0.048339	0.112961	0.035562	0.026427	0.017051	0.139633	0.024535	0.286951
18	0.313177	0.048636	0.107470	0.033172	0.027016	0.015085	0.136394	0.023973	0.295077
19	0.317919	0.049090	0.102285	0.030735	0.027320	0.013431	0.132728	0.023483	0.303009
20	0.322386	0.049319	0.097568	0.028638	0.027658	0.012090	0.129709	0.022677	0.309955
21	0.327146	0.049396	0.092858	0.026571	0.028097	0.010784	0.126077	0.021991	0.317080
22	0.332182	0.049621	0.088435	0.024750	0.028667	0.009537	0.122485	0.021097	0.323226
23	0.336857	0.049438	0.083975	0.023007	0.028885	0.008402	0.119566	0.020388	0.329482
24	0.340764	0.049591	0.080048	0.021527	0.029504	0.007522	0.116033	0.019729	0.335282
25	0.344836	0.049589	0.076202	0.019898	0.030077	0.006691	0.112215	0.018973	0.341519
26	0.348713	0.049754	0.072259	0.018406	0.030543	0.005963	0.108932	0.018344	0.347086
27	0.352014	0.049725	0.068348	0.017139	0.031097	0.005381	0.105387	0.017755	0.353154
28	0.354605	0.049629	0.064908	0.015927	0.031641	0.004831	0.101951	0.017293	0.359215
29	0.357680	0.049284	0.061409	0.014949	0.031984	0.004254	0.098794	0.016656	0.364990
30	0.360711	0.048933	0.057863	0.014001	0.032568	0.003837	0.096409	0.016118	0.369560
31	0.363142	0.048962	0.054643	0.012945	0.033157	0.003477	0.093335	0.015541	0.374798
32	0.365674	0.048886	0.051476	0.012162	0.033654	0.003067	0.090495	0.015074	0.379512
33	0.367984	0.048537	0.048663	0.011270	0.034067	0.002684	0.087582	0.014606	0.384607
34	0.370197	0.048417	0.045641	0.010587	0.034660	0.002372	0.084726	0.014127	0.389273
35	0.371437	0.048307	0.043338	0.009877	0.035298	0.002189	0.081931	0.013590	0.394033
36	0.373838	0.048350	0.040819	0.009287	0.035582	0.002032	0.078931	0.013027	0.398134
37	0.375460	0.048167	0.038260	0.008661	0.036393	0.001776	0.076533	0.012555	0.402195
38	0.376826	0.048266	0.036070	0.008025	0.037168	0.001535	0.073858	0.012214	0.406038
39	0.377928	0.047861	0.034147	0.007578	0.037985	0.001426	0.070828	0.011837	0.410410
40	0.379256	0.047662	0.032335	0.007161	0.038413	0.001252	0.068752	0.011297	0.413872
41	0.380426	0.047612	0.030376	0.006737	0.038896	0.001127	0.066301	0.010816	0.417709
42	0.380709	0.047652	0.028746	0.006214	0.039785	0.000982	0.064317	0.010476	0.421119
43	0.381816	0.047270	0.027177	0.005899	0.040349	0.000878	0.062119	0.009999	0.424493
44	0.382383	0.047017	0.025650	0.005422	0.040821	0.000807	0.060087	0.009481	0.428332
45	0.382947	0.046633	0.023854	0.005033	0.041603	0.000740	0.057983	0.009176	0.432031
46	0.383888	0.046037	0.022435	0.004687	0.041999	0.000663	0.055757	0.008910	0.435624
47	0.383919	0.045537	0.021283	0.004310	0.042485	0.000599	0.053941	0.008593	0.439333
48	0.383889	0.044981	0.020228	0.004105	0.042985	0.000529	0.052235	0.008340	0.442708
49	0.383653	0.044636	0.018903	0.003865	0.043836	0.000510	0.050407	0.007987	0.446203
50	0.383232	0.044506	0.017675	0.003646	0.044513	0.000442	0.048590	0.007716	0.449680
51	0.383225	0.044119	0.016530	0.003380	0.044866	0.000436	0.046996	0.007501	0.452947
52	0.383003	0.043670	0.015653	0.003204	0.045586	0.000402	0.045505	0.007234	0.455743
53	0.382919	0.043265	0.014462	0.002972	0.045854	0.000381	0.043926	0.006936	0.459285
54	0.382258	0.042632	0.013519	0.002872	0.046435	0.000323	0.042466	0.006748	0.462747
55	0.381768	0.041991	0.012574	0.002709	0.047121	0.000320	0.040991	0.006398	0.466128
56	0.379940	0.041632	0.011755	0.002578	0.047891	0.000290	0.039673	0.006155	0.470086
57	0.379443	0.041239	0.010989	0.002517	0.048351	0.000251	0.038368	0.005988	0.472854
58	0.378580	0.040665	0.010222	0.002406	0.049072	0.000227	0.037197	0.005682	0.475949
59	0.377387	0.040188	0.009462	0.002297	0.049654	0.000220	0.035969	0.005500	0.479323
60	0.376375	0.039894	0.008962	0.002180	0.050222	0.000174	0.034911	0.005321	0.481961
61	0.375275	0.039564	0.008340	0.002028	0.050537	0.000156	0.033701	0.005065	0.485334
62	0.373720	0.039143	0.007826	0.001938	0.051080	0.000156	0.032779	0.004978	0.488380
63	0.372208	0.038783	0.007342	0.001747	0.051588	0.000132	0.031730	0.004771	0.491699
64	0.371149	0.037982	0.006853	0.001724	0.052153	0.000115	0.030804	0.004561	0.494659
65	0.369437	0.037658	0.006415	0.001598	0.052613	0.000115	0.030059	0.004469	0.497636
66	0.368051	0.037224	0.006102	0.001566	0.052992	0.000113	0.029333	0.004233	0.500386
67	0.366388	0.036972	0.005742	0.001450	0.053596	0.000121	0.028396	0.004107	0.503228
68	0.364445	0.036485	0.005378	0.001364	0.054092	0.000114	0.027676	0.004048	0.506398
69	0.362965	0.036328	0.004999	0.001326	0.054636	0.000108	0.026781	0.003922	0.508935
70	0.360802	0.035937	0.004705	0.001289	0.055084	0.000097	0.025908	0.003826	0.512352
71	0.359369	0.035582	0.004400	0.001198	0.055447	0.000090	0.025287	0.003695	0.514932
72	0.357690	0.035248	0.004149	0.001166	0.055747	0.000082	0.024682	0.003547	0.517689
73	0.356167	0.034914	0.003888	0.001069	0.056261	0.000085	0.023972	0.003342	0.520302
74	0.354010	0.034454	0.003637	0.001060	0.056952	0.000063	0.023430	0.003240	0.523154
75	0.351623	0.034151	0.003450	0.000978	0.057409	0.000065	0.022834	0.003216	0.526274
76	0.349720	0.033793	0.003159	0.000927	0.057925	0.000058	0.022200	0.003160	0.529058
77	0.348109	0.033426	0.002972	0.000876	0.058245	0.000044	0.021575	0.002959	0.531794
78	0.345650	0.033035	0.002768	0.000805	0.058616	0.000036	0.020986	0.002898	0.535206
79	0.343434	0.032739	0.002643	0.000820	0.059198	0.000027	0.020519	0.002789	0.537831
80	0.341192	0.032382	0.002496	0.000818	0.059509	0.000025	0.019875	0.002716	0.540987
81	0.339532	0.031983	0.002393	0.000809	0.060065	0.000024	0.019338	0.002628	0.543228
82	0.337107	0.031707	0.002193	0.000809	0.060652	0.000019	0.018771	0.002619	0.546123
83	0.334569	0.031321	0.002041	0.000741	0.061079	0.000026	0.018153	0.002472	0.549598
84	0.332563	0.031019	0.001894	0.000715	0.061525	0.000009	0.017799	0.002405	0.552071
85	0.330042	0.030601	0.001757	0.000675	0.062081	0.000017	0.017197	0.002297	0.555333
86	0.327670	0.030229	0.001608	0.000636	0.062671	0.000013	0.016842	0.002278	0.558053
87	0.325424	0.029604	0.001471	0.000592	0.063098	0.000009	0.016516	0.002164	0.561122
88	0.323050	0.029228	0.001354	0.000571	0.063682	0.000011	0.015971	0.002133	0.564000
89	0.320848	0.029006	0.001309	0.000532	0.064373	0.000010	0.015808	0.002047	0.566067
90	0.317949	0.028466	0.001196	0.000537	0.065002	0.000014	0.015364	0.001971	0.569501
91	0.315534	0.028155	0.001165	0.000493	0.065456	0.000006	0.015115	0.001984	0.572092
92	0.313209	0.027720	0.001143	0.000489	0.065894	0.000005	0.014752	0.001935	0.574853
93	0.311242	0.027178	0.001038	0.000472	0.066303	0.000005	0.014463	0.001876	0.577423
94	0.308866	0.026815	0.000968	0.000459	0.066758	0.000007	0.014085	0.001876	0.580166
95	0.306521	0.026320	0.000903	0.000447	0.067153	0.000008	0.013837	0.001830	0.582981
96	0.304208	0.026073	0.000832	0.000424	0.067647	0.000003	0.013481	0.001796	0.585536
97	0.301865	0.025606	0.000772	0.000390	0.067927	0.000003	0.013114	0.001775	0.588548
98	0.299410	0.025187	0.000705	0.000380	0.068370	0.000006	0.012930	0.001782	0.591230
99	0.297142	0.024914	0.000664	0.000387	0.068547	0.000010	0.012674	0.001682	0.593980
100	0.294685	0.024311	0.000634	0.000348	0.069104	0.000006	0.012398	0.001668	0.596846
101	0.291992	0.024152	0.000622	0.000334	0.069634	0.000009	0.012107	0.001608	0.599542
102	0.289734	0.023691	0.000626	0.000319	0.070226	0.000007	0.011946	0.001590	0.601861
103	0.287093	0.023304	0.000568	0.000301	0.070578	0.000008	0.011820	0.001565	0.604763
104	0.284560	0.022941	0.000505	0.000308	0.071014	0.000007	0.011603	0.001474	0.607588
105	0.282613	0.022732	0.000472	0.000298	0.071369	0.000004	0.011361	0.001457	0.609694
106	0.280382	0.022197	0.000473	0.000304	0.071917	0.000002	0.011238	0.001407	0.612080
107	0.277951	0.021965	0.000429	0.000306	0.072432	0.000005	0.011019	0.001399	0.614494
108	0.275599	0.021584	0.000409	0.000281	0.073008	0.000005	0.010836	0.001392	0.616886
109	0.272740	0.021293	0.000404	0.000269	0.073324	0.000004	0.010591	0.001366	0.620009
110	0.270098	0.020884	0.000384	0.000258	0.073853	0.000005	0.010440	0.001264	0.622814
111	0.267673	0.020615	0.000359	0.000253	0.074263	0.000001	0.010179	0.001250	0.625407
112	0.264760	0.020298	0.000354	0.000246	0.074623	0.000004	0.010022	0.001192	0.628501
113	0.262883	0.019937	0.000353	0.000254	0.074964	0.000005	0.009889	0.001130	0.630585
114	0.260308	0.019772	0.000318	0.000229	0.075580	0.000008	0.009646	0.001148	0.632991
115	0.258186	0.019421	0.000287	0.000231	0.075909	0.000008	0.009426	0.001137	0.635395
116	0.255921	0.019138	0.000294	0.000225	0.076206	0.000005	0.009256	0.001082	0.637873
117	0.253311	0.018867	0.000290	0.000218	0.076711	0.000006	0.009216	0.001082	0.640299
118	0.251655	0.018750	0.000254	0.000192	0.077042	0.000003	0.009049	0.001021	0.642034
119	0.249317	0.018572	0.000235	0.000184	0.077247	0.000003	0.008979	0.001003	0.644460
120	0.246820	0.018493	0.000225	0.000190	0.077816	0.000003	0.008890	0.000976	0.646587
121	0.244569	0.018345	0.000232	0.000180	0.078064	0.000001	0.008822	0.000936	0.648851
122	0.242573	0.017930	0.000202	0.000178	0.078313	0.000003	0.008633	0.000907	0.651261
123	0.240157	0.017586	0.000207	0.000172	0.078610	0.000003	0.008484	0.000972	0.653809
124	0.238038	0.017306	0.000195	0.000167	0.078813	0.000006	0.008387	0.000958	0.656130
125	0.235900	0.017102	0.000170	0.000148	0.079377	0.000006	0.008312	0.000949	0.658036
126	0.233836	0.016688	0.000168	0.000151	0.079834	0.000004	0.008331	0.000964	0.660024
127	0.231644	0.016357	0.000152	0.000128	0.080215	0.000005	0.008145	0.000941	0.662413
128	0.229842	0.016396	0.000149	0.000116	0.080673	0.000008	0.007988	0.000929	0.663899
129	0.227545	0.015937	0.000143	0.000123	0.080915	0.000007	0.007858	0.000939	0.666533
130	0.225342	0.015783	0.000128	0.000116	0.081205	0.000008	0.007945	0.000932	0.668541
131	0.222828	0.015584	0.000130	0.000121	0.081649	0.000008	0.007884	0.000949	0.670847
132	0.220700	0.015397	0.000128	0.000114	0.082076	0.000008	0.007630	0.000895	0.673052
133	0.218981	0.015232	0.000107	0.000110	0.082067	0.000011	0.007502	0.000897	0.675093
134	0.216686	0.015004	0.000113	0.000098	0.082557	0.000015	0.007389	0.000892	0.677246
135	0.214909	0.014653	0.000112	0.000087	0.082754	0.000015	0.007360	0.000889	0.679221
136	0.212848	0.014399	0.000099	0.000081	0.083239	0.000015	0.007207	0.000871	0.681241
137	0.210812	0.014336	0.000111	0.000091	0.083468	0.000015	0.007146	0.000827	0.683194
138	0.208663	0.014147	0.000110	0.000086	0.083932	0.000016	0.007028	0.000811	0.685207
139	0.206664	0.013847	0.000107	0.000083	0.084172	0.000016	0.006907	0.000789	0.687415
140	0.204794	0.013611	0.000103	0.000074	0.084422	0.000015	0.006859	0.000810	0.689312
141	0.202606	0.013361	0.000102	0.000063	0.084951	0.000008	0.006880	0.000783	0.691246
142	0.200461	0.013071	0.000106	0.000061	0.085216	0.000010	0.006720	0.000811	0.693544
143	0.198558	0.012703	0.000093	0.000055	0.085608	0.000006	0.006567	0.000843	0.695567
144	0.196495	0.012472	0.000101	0.000050	0.086000	0.000006	0.006491	0.000852	0.697533
145	0.194919	0.012258	0.000070	0.000041	0.086176	0.000009	0.006463	0.000852	0.699212
146	0.192762	0.011903	0.000074	0.000048	0.086456	0.000009	0.006409	0.000861	0.701478
147	0.190909	0.011598	0.000069	0.000053	0.086422	0.000010	0.006516	0.000836	0.703587
148	0.188677	0.011490	0.000075	0.000049	0.086787	0.000011	0.006496	0.000860	0.705555
149	0.186753	0.011272	0.000087	0.000041	0.087193	0.000011	0.006483	0.000854	0.707306
150	0.184393	0.011237	0.000069	0.000037	0.088085	0.000008	0.006325	0.000826	0.709020
151	0.183162	0.011068	0.000078	0.000035	0.088121	0.000006	0.006236	0.000801	0.710493
152	0.181277	0.010803	0.000085	0.000042	0.088466	0.000007	0.006200	0.000754	0.712366
153	0.179599	0.010637	0.000077	0.000046	0.088836	0.000006	0.006112	0.000755	0.713932
154	0.177603	0.010531	0.000077	0.000045	0.089117	0.000006	0.005968	0.000738	0.715915
155	0.175933	0.010354	0.000080	0.000043	0.089369	0.000007	0.005963	0.000742	0.717509
156	0.173962	0.010023	0.000073	0.000040	0.090018	0.000010	0.005905	0.000727	0.719242
157	0.171990	0.009752	0.000071	0.000036	0.090277	0.000007	0.005892	0.000726	0.721249
158	0.170202	0.009693	0.000061	0.000029	0.090651	0.000010	0.005778	0.000709	0.722867
159	0.168625	0.009408	0.000062	0.000033	0.091098	0.000012	0.005722	0.000688	0.724352
160	0.166533	0.009362	0.000051	0.000031	0.091382	0.000015	0.005697	0.000677	0.726252
161	0.164542	0.009158	0.000054	0.000030	0.091531	0.000018	0.005665	0.000714	0.728288
162	0.162706	0.008885	0.000052	0.000028	0.091837	0.000016	0.005651	0.000647	0.730178
163	0.161165	0.008726	0.000045	0.000026	0.092368	0.000013	0.005599	0.000702	0.731356
164	0.159405	0.008674	0.000033	0.000017	0.092499	0.000015	0.005536	0.000696	0.733125
165	0.157432	0.008582	0.000025	0.000013	0.092734	0.000010	0.005522	0.000727	0.734955
166	0.155825	0.008317	0.000022	0.000012	0.093025	0.000012	0.005510	0.000684	0.736593
167	0.154250	0.008204	0.000030	0.000010	0.092848	0.000020	0.005484	0.000684	0.738470
168	0.152500	0.007973	0.000027	0.000010	0.093108	0.000025	0.005528	0.000667	0.740162
169	0.150179	0.007879	0.000024	0.000011	0.093487	0.000026	0.005480	0.000670	0.742244
170	0.148617	0.007811	0.000023	0.000010	0.093489	0.000025	0.005413	0.000660	0.743952
171	0.146962	0.007612	0.000024	0.000008	0.093895	0.000025	0.005373	0.000636	0.745465
172	0.145233	0.007432	0.000021	0.000005	0.094436	0.000025	0.005332	0.000656	0.746860
173	0.143709	0.007221	0.000018	0.000008	0.094743	0.000021	0.005335	0.000664	0.748281
174	0.142016	0.007171	0.000018	0.000010	0.095259	0.000019	0.005338	0.000653	0.749516
175	0.140529	0.007015	0.000025	0.000011	0.095593	0.000016	0.005289	0.000649	0.750873
176	0.138789	0.006878	0.000023	0.000006	0.095921	0.000006	0.005281	0.000627	0.752469
177	0.137219	0.006774	0.000019	0.000006	0.096180	0.000005	0.005191	0.000598	0.754008
178	0.135665	0.006654	0.000012	0.000009	0.096444	0.000003	0.005158	0.000559	0.755496
179	0.134331	0.006548	0.000008	0.000009	0.096701	0.000003	0.005108	0.000567	0.756725
180	0.132765	0.006431	0.000005	0.000004	0.096953	0.000002	0.005118	0.000562	0.758160
181	0.130950	0.006447	0.000006	0.000004	0.097412	0.000002	0.005177	0.000550	0.759452
182	0.129713	0.006304	0.000005	0.000005	0.097450	0.000002	0.005181	0.000516	0.760824
183	0.128233	0.006163	0.000004	0.000004	0.097675	0.000000	0.005238	0.000501	0.762182
184	0.126948	0.006129	0.000003	0.000006	0.098090	0.000000	0.005182	0.000499	0.763143
185	0.125431	0.005999	0.000002	0.000002	0.098165	0.000000	0.005101	0.000485	0.764815
186	0.124151	0.005856	0.000001	0.000000	0.098520	0.000000	0.005038	0.000487	0.765947
187	0.122587	0.005837	0.000001	0.000000	0.098922	0.000000	0.005000	0.000484	0.767169
188	0.121449	0.005785	0.000000	0.000000	0.098929	0.000000	0.004964	0.000498	0.768375
189	0.120113	0.005746	0.000000	0.000000	0.099329	0.000000	0.004934	0.000478	0.769400
190	0.118816	0.005629	0.000000	0.000000	0.099590	0.000000	0.004888	0.000454	0.770623
191	0.117545	0.005496	0.000000	0.000000	0.099729	0.000000	0.004921	0.000480	0.771829
192	0.115967	0.005515	0.000000	0.000000	0.099914	0.000000	0.004818	0.000459	0.773327
193	0.114640	0.005504	0.000000	0.000000	0.100004	0.000000	0.004825	0.000445	0.774582
194	0.113394	0.005443	0.000000	0.000000	0.100264	0.000000	0.004738	0.000436	0.775725
195	0.112065	0.005399	0.000000	0.000000	0.100422	0.000000	0.004781	0.000424	0.776909
196	0.110772	0.005324	0.000000	0.000000	0.100446	0.000000	0.004721	0.000449	0.778288
197	0.109688	0.005222	0.000000	0.000000	0.100826	0.000000	0.004675	0.000469	0.779120
198	0.108046	0.005133	0.000000	0.000000	0.101089	0.000000	0.004655	0.000478	0.780599
199	0.106604	0.005048	0.000000	0.000000	0.101256	0.000000	0.004609	0.000473	0.782010
200	0.104964	0.004998	0.000000	0.000000	0.101544	0.000000	0.004597	0.000448	0.783449
201	0.103636	0.004924	0.000000	0.000000	0.101767	0.000000	0.004503	0.000441	0.784729
202	0.102302	0.004877	0.000000	0.000000	0.102165	0.000000	0.004423	0.000459	0.785774
203	0.100937	0.004854	0.000000	0.000000	0.102387	0.000000	0.004476	0.000416	0.786930
204	0.099746	0.004803	0.000000	0.000000	0.102522	0.000000	0.004530	0.000413	0.787986
205	0.098629	0.004702	0.000000	0.000000	0.102790	0.000000	0.004488	0.000419	0.788972
206	0.097242	0.004707	0.000000	0.000000	0.103053	0.000000	0.004452	0.000427	0.790119
207	0.095915	0.004591	0.000000	0.000000	0.103417	0.000000	0.004477	0.000413	0.791187
208	0.094819	0.004486	0.000000	0.000000	0.103811	0.000000	0.004564	0.000419	0.791901
209	0.093664	0.004442	0.000000	0.000000	0.104132	0.000000	0.004458	0.000414	0.792890
210	0.092590	0.004276	0.000000	0.000000	0.104380	0.000000	0.004368	0.000414	0.793972
211	0.091304	0.004185	0.000000	0.000000	0.104501	0.000000	0.004365	0.000405	0.795240
212	0.090214	0.004198	0.000000	0.000000	0.104753	0.000000	0.004340	0.000399	0.796096
213	0.089022	0.004170	0.000000	0.000000	0.105009	0.000000	0.004327	0.000389	0.797083
214	0.087908	0.004080	0.000000	0.000000	0.105307	0.000000	0.004308	0.000382	0.798015
215	0.086631	0.004046	0.000000	0.000000	0.105682	0.000000	0.004272	0.000372	0.798997
216	0.085538	0.003981	0.000000	0.000000	0.105665	0.000000	0.004298	0.000381	0.800137
217	0.084320	0.003905	0.000000	0.000000	0.105852	0.000000	0.004284	0.000394	0.801245
218	0.083279	0.003805	0.000000	0.000000	0.106477	0.000000	0.004333	0.000385	0.801721
219	0.082117	0.003697	0.000000	0.000000	0.106815	0.000000	0.004328	0.000371	0.802672
220	0.081023	0.003720	0.000000	0.000000	0.107011	0.000000	0.004243	0.000365	0.803638
221	0.079827	0.003704	0.000000	0.000000	0.107102	0.000000	0.004258	0.000365	0.804744
222	0.078760	0.003607	0.000000	0.000000	0.107397	0.000000	0.004210	0.000368	0.805658
223	0.077906	0.003563	0.000000	0.000000	0.107598	0.000000	0.004237	0.000369	0.806327
224	0.077144	0.003416	0.000000	0.000000	0.107905	0.000000	0.004213	0.000339	0.806983
225	0.076200	0.003380	0.000000	0.000000	0.108174	0.000000	0.004214	0.000336	0.807696
226	0.075570	0.003296	0.000000	0.000000	0.108239	0.000000	0.004247	0.000345	0.808303
227	0.074620	0.003174	0.000000	0.000000	0.108481	0.000000	0.004195	0.000336	0.809194
228	0.073677	0.003148	0.000000	0.000000	0.108694	0.000000	0.004167	0.000328	0.809986
229	0.072784	0.003030	0.000000	0.000000	0.108929	0.000000	0.004118	0.000313	0.810826
230	0.071833	0.003014	0.000000	0.000000	0.109068	0.000000	0.004176	0.000329	0.811580
231	0.070697	0.003017	0.000000	0.000000	0.109279	0.000000	0.004113	0.000310	0.812584
232	0.069876	0.002976	0.000000	0.000000	0.109580	0.000000	0.004103	0.000337	0.813128
233	0.068982	0.002892	0.000000	0.000000	0.110100	0.000000	0.004050	0.000343	0.813633
234	0.068256	0.002842	0.000000	0.000000	0.110123	0.000000	0.004043	0.000356	0.814380
235	0.067289	0.002857	0.000000	0.000000	0.110423	0.000000	0.004073	0.000350	0.815008
236	0.066325	0.002764	0.000000	0.000000	0.110797	0.000000	0.003991	0.000366	0.815757
237	0.065295	0.002723	0.000000	0.000000	0.111169	0.000000	0.003880	0.000355	0.816578
238	0.064773	0.002648	0.000000	0.000000	0.111424	0.000000	0.003898	0.000374	0.816883
239	0.063918	0.002600	0.000000	0.000000	0.111731	0.000000	0.003975	0.000367	0.817409
240	0.062924	0.002559	0.000000	0.000000	0.112107	0.000000	0.003915	0.000354	0.818141
241	0.062032	0.002536	0.000000	0.000000	0.112245	0.000000	0.003788	0.000356	0.819043
242	0.061191	0.002505	0.000000	0.000000	0.112513	0.000000	0.003767	0.000358	0.819666
243	0.060387	0.002446	0.000000	0.000000	0.112853	0.000000	0.003811	0.000364	0.820139
244	0.059523	0.002439	0.000000	0.000000	0.113255	0.000000	0.003785	0.000364	0.820634
245	0.058736	0.002365	0.000000	0.000000	0.113445	0.000000	0.003757	0.000355	0.821342
246	0.057969	0.002297	0.000000	0.000000	0.113660	0.000000	0.003651	0.000339	0.822084
247	0.057100	0.002162	0.000000	0.000000	0.113896	0.000000	0.003666	0.000331	0.822845
248	0.056359	0.002163	0.000000	0.000000	0.113996	0.000000	0.003576	0.000344	0.823562
249	0.055501	0.002111	0.000000	0.000000	0.114292	0.000000	0.003550	0.000335	0.824211
250	0.055023	0.002059	0.000000	0.000000	0.114511	0.000000	0.003570	0.000348	0.824489
251	0.054325	0.001992	0.000000	0.000000	0.114620	0.000000	0.003568	0.000343	0.825152
252	0.053570	0.001983	0.000000	0.000000	0.115050	0.000000	0.003558	0.000354	0.825485
253	0.052935	0.001987	0.000000	0.000000	0.115285	0.000000	0.003504	0.000348	0.825941
254	0.052260	0.001980	0.000000	0.000000	0.115317	0.000000	0.003469	0.000322	0.826652
255	0.051368	0.001958	0.000000	0.000000	0.115590	0.000000	0.003428	0.000317	0.827339
256	0.050784	0.001982	0.000000	0.000000	0.115810	0.000000	0.003428	0.000340	0.827656
257	0.050020	0.001938	0.000000	0.000000	0.115906	0.000000	0.003437	0.000345	0.828354
258	0.049301	0.001932	0.000000	0.000000	0.116093	0.000000	0.003452	0.000340	0.828882
259	0.048691	0.001880	0.000000	0.000000	0.116238	0.000000	0.003485	0.000363	0.829343
260	0.047976	0.001815	0.000000	0.000000	0.116453	0.000000	0.003411	0.000380	0.829965
261	0.047053	0.001786	0.000000	0.000000	0.116895	0.000000	0.003412	0.000396	0.830458
262	0.046370	0.001735	0.000000	0.000000	0.117295	0.000000	0.003401	0.000390	0.830809
263	0.045750	0.001692	0.000000	0.000000	0.117492	0.000000	0.003354	0.000367	0.831345
264	0.045245	0.001653	0.000000	0.000000	0.117582	0.000000	0.003448	0.000386	0.831686
265	0.044575	0.001608	0.000000	0.000000	0.117934	0.000000	0.003423	0.000388	0.832072
266	0.043999	0.001566	0.000000	0.000000	0.118235	0.000000	0.003377	0.000387	0.832436
267	0.043374	0.001524	0.000000	0.000000	0.118233	0.000000	0.003394	0.000408	0.833067
268	0.042786	0.001497	0.000000	0.000000	0.118486	0.000000	0.003450	0.000411	0.833370
269	0.042122	0.001467	0.000000	0.000000	0.118702	0.000000	0.003399	0.000412	0.833898
270	0.041502	0.001449	0.000000	0.000000	0.119008	0.000000	0.003344	0.000413	0.834284
271	0.041006	0.001401	0.000000	0.000000	0.119222	0.000000	0.003409	0.000381	0.834581
272	0.040715	0.001393	0.000000	0.000000	0.119503	0.000000	0.003413	0.000402	0.834574
273	0.040248	0.001360	0.000000	0.000000	0.119627	0.000000	0.003334	0.000386	0.835045
274	0.039719	0.001278	0.000000	0.000000	0.120013	0.000000	0.003308	0.000387	0.835295
275	0.039153	0.001218	0.000000	0.000000	0.120405	0.000000	0.003265	0.000389	0.835570
276	0.038660	0.001199	0.000000	0.000000	0.120504	0.000000	0.003219	0.000375	0.836043
277	0.037990	0.001201	0.000000	0.000000	0.120730	0.000000	0.003185	0.000367	0.836527
278	0.037413	0.001179	0.000000	0.000000	0.120934	0.000000	0.003150	0.000375	0.836949
279	0.036717	0.001178	0.000000	0.000000	0.121358	0.000000	0.003093	0.000344	0.837310
280	0.036157	0.001163	0.000000	0.000000	0.121567	0.000000	0.003034	0.000340	0.837739
281	0.035710	0.001171	0.000000	0.000000	0.121625	0.000000	0.003051	0.000337	0.838106
282	0.035126	0.001111	0.000000	0.000000	0.121911	0.000000	0.003002	0.000326	0.838524
283	0.034722	0.001074	0.000000	0.000000	0.121854	0.000000	0.002910	0.000313	0.839127
284	0.034175	0.001053	0.000000	0.000000	0.121807	0.000000	0.002922	0.000304	0.839739
285	0.033599	0.001042	0.000000	0.000000	0.122005	0.000000	0.002925	0.000303	0.840126
286	0.033088	0.001004	0.000000	0.000000	0.122254	0.000000	0.002917	0.000294	0.840443
287	0.032628	0.000967	0.000000	0.000000	0.122345	0.000000	0.002878	0.000292	0.840890
288	0.032256	0.000923	0.000000	0.000000	0.122537	0.000000	0.002879	0.000284	0.841121
289	0.031907	0.000895	0.000000	0.000000	0.122592	0.000000	0.002941	0.000295	0.841370
290	0.031632	0.000875	0.000000	0.000000	0.122804	0.000000	0.002941	0.000269	0.841479
291	0.031262	0.000860	0.000000	0.000000	0.122844	0.000000	0.003018	0.000254	0.841762
292	0.030688	0.000836	0.000000	0.000000	0.123388	0.000000	0.003029	0.000261	0.841798
293	0.030137	0.000847	0.000000	0.000000	0.123688	0.000000	0.002978	0.000248	0.842102
294	0.029699	0.000822	0.000000	0.000000	0.123770	0.000000	0.003020	0.000255	0.842434
295	0.029366	0.000825	0.000000	0.000000	0.124084	0.000000	0.002971	0.000249	0.842505
296	0.028925	0.000780	0.000000	0.000000	0.124325	0.000000	0.002919	0.000251	0.842800
297	0.028563	0.000758	0.000000	0.000000	0.124614	0.000000	0.002970	0.000222	0.842873
298	0.028246	0.000783	0.000000	0.000000	0.124678	0.000000	0.002893	0.000212	0.843188
299	0.027788	0.000765	0.000000	0.000000	0.124976	0.000000	0.002829	0.000208	0.843434
300	0.027451	0.000718	0.000000	0.000000	0.125422	0.000000	0.002882	0.000205	0.843322
301	0.027019	0.000716	0.000000	0.000000	0.125636	0.000000	0.002815	0.000213	0.843601
302	0.026383	0.000692	0.000000	0.000000	0.125581	0.000000	0.002796	0.000204	0.844344
303	0.026129	0.000647	0.000000	0.000000	0.125671	0.000000	0.002798	0.000198	0.844557
304	0.025746	0.000601	0.000000	0.000000	0.125782	0.000000	0.002826	0.000196	0.844849
305	0.025315	0.000612	0.000000	0.000000	0.126089	0.000000	0.002771	0.000212	0.845001
306	0.024976	0.000607	0.000000	0.000000	0.126338	0.000000	0.002709	0.000211	0.845159
307	0.024647	0.000583	0.000000	0.000000	0.126512	0.000000	0.002749	0.000204	0.845305
308	0.024343	0.000533	0.000000	0.000000	0.126505	0.000000	0.002735	0.000210	0.845674
309	0.023998	0.000518	0.000000	0.000000	0.126695	0.000000	0.002740	0.000207	0.845842
310	0.023505	0.000540	0.000000	0.000000	0.126817	0.000000	0.002628	0.000201	0.846309
311	0.023102	0.000535	0.000000	0.000000	0.127061	0.000000	0.002607	0.000202	0.846493
312	0.022689	0.000504	0.000000	0.000000	0.127302	0.000000	0.002612	0.000199	0.846694
313	0.022571	0.000495	0.000000	0.000000	0.127425	0.000000	0.002605	0.000194	0.846710
314	0.022070	0.000495	0.000000	0.000000	0.127636	0.000000	0.002724	0.000181	0.846894
315	0.021719	0.000498	0.000000	0.000000	0.127880	0.000000	0.002677	0.000180	0.847046
316	0.021202	0.000470	0.000000	0.000000	0.128126	0.000000	0.002688	0.000193	0.847321
317	0.021014	0.000474	0.000000	0.000000	0.128262	0.000000	0.002690	0.000216	0.847344
318	0.020563	0.000458	0.000000	0.000000	0.128697	0.000000	0.002703	0.000206	0.847373
319	0.020328	0.000458	0.000000	0.000000	0.128732	0.000000	0.002714	0.000214	0.847554
320	0.019973	0.000411	0.000000	0.000000	0.128844	0.000000	0.002720	0.000210	0.847842
321	0.019733	0.000403	0.000000	0.000000	0.129004	0.000000	0.002689	0.000213	0.847958
322	0.019406	0.000398	0.000000	0.000000	0.129352	0.000000	0.002666	0.000203	0.847975
323	0.019200	0.000403	0.000000	0.000000	0.129664	0.000000	0.002675	0.000194	0.847864
324	0.018887	0.000418	0.000000	0.000000	0.129822	0.000000	0.002666	0.000207	0.848000
325	0.018685	0.000391	0.000000	0.000000	0.129769	0.000000	0.002683	0.000205	0.848267
326	0.018268	0.000397	0.000000	0.000000	0.130031	0.000000	0.002722	0.000197	0.848385
327	0.017878	0.000400	0.000000	0.000000	0.130333	0.000000	0.002704	0.000201	0.848484
328	0.017646	0.000397	0.000000	0.000000	0.130665	0.000000	0.002671	0.000214	0.848407
329	0.017377	0.000389	0.000000	0.000000	0.130933	0.000000	0.002710	0.000227	0.848364
330	0.017184	0.000373	0.000000	0.000000	0.131194	0.000000	0.002721	0.000221	0.848307
331	0.016901	0.000350	0.000000	0.000000	0.131396	0.000000	0.002643	0.000215	0.848495
332	0.016713	0.000328	0.000000	0.000000	0.131347	0.000000	0.002677	0.000216	0.848719
333	0.016463	0.000343	0.000000	0.000000	0.131334	0.000000	0.002676	0.000224	0.848960
334	0.016078	0.000319	0.000000	0.000000	0.131541	0.000000	0.002656	0.000210	0.849196
335	0.015808	0.000317	0.000000	0.000000	0.131688	0.000000	0.002682	0.000201	0.849304
336	0.015587	0.000316	0.000000	0.000000	0.131962	0.000000	0.002719	0.000200	0.849216
337	0.015395	0.000328	0.000000	0.000000	0.132181	0.000000	0.002651	0.000190	0.849255
338	0.015128	0.000329	0.000000	0.000000	0.132538	0.000000	0.002610	0.000169	0.849226
339	0.014835	0.000301	0.000000	0.000000	0.132417	0.000000	0.002605	0.000168	0.849674
340	0.014661	0.000272	0.000000	0.000000	0.132517	0.000000	0.002572	0.000173	0.849805
341	0.014370	0.000246	0.000000	0.000000	0.132716	0.000000	0.002590	0.000188	0.849890
342	0.013959	0.000251	0.000000	0.000000	0.132964	0.000000	0.002595	0.000188	0.850043
343	0.013756	0.000249	0.000000	0.000000	0.133388	0.000000	0.002571	0.000178	0.849858
344	0.013568	0.000259	0.000000	0.000000	0.133576	0.000000	0.002626	0.000172	0.849799
345	0.013366	0.000255	0.000000	0.000000	0.133638	0.000000	0.002541	0.000160	0.850040
346	0.013161	0.000258	0.000000	0.000000	0.133783	0.000000	0.002541	0.000167	0.850090
347	0.012893	0.000261	0.000000	0.000000	0.133875	0.000000	0.002553	0.000182	0.850236
348	0.012649	0.000258	0.000000	0.000000	0.133993	0.000000	0.002589	0.000168	0.850343
349	0.012401	0.000270	0.000000	0.000000	0.134241	0.000000	0.002557	0.000167	0.850364
350	0.012180	0.000252	0.000000	0.000000	0.134534	0.000000	0.002480	0.000171	0.850383
351	0.011876	0.000228	0.000000	0.000000	0.134626	0.000000	0.002481	0.000195	0.850594
352	0.011604	0.000215	0.000000	0.000000	0.134891	0.000000	0.002519	0.000185	0.850586
353	0.011459	0.000205	0.000000	0.000000	0.134992	0.000000	0.002486	0.000205	0.850653
354	0.011235	0.000217	0.000000	0.000000	0.135360	0.000000	0.002500	0.000209	0.850479
355	0.011155	0.000235	0.000000	0.000000	0.135429	0.000000	0.002431	0.000215	0.850535
356	0.010938	0.000219	0.000000	0.000000	0.135636	0.000000	0.002380	0.000226	0.850601
357	0.010792	0.000222	0.000000	0.000000	0.135894	0.000000	0.002375	0.000226	0.850491
358	0.010650	0.000232	0.000000	0.000000	0.135964	0.000000	0.002405	0.000248	0.850501
359	0.010578	0.000230	0.000000	0.000000	0.136128	0.000000	0.002393	0.000247	0.850424
360	0.010344	0.000237	0.000000	0.000000	0.136435	0.000000	0.002344	0.000264	0.850376
361	0.010292	0.000240	0.000000	0.000000	0.136675	0.000000	0.002377	0.000290	0.850126
362	0.010122	0.000222	0.000000	0.000000	0.136857	0.000000	0.002328	0.000306	0.850165
363	0.009852	0.000208	0.000000	0.000000	0.137017	0.000000	0.002263	0.000298	0.850362
364	0.009705	0.000214	0.000000	0.000000	0.137158	0.000000	0.002196	0.000302	0.850425
365	0.009506	0.000200	0.000000	0.000000	0.137321	0.000000	0.002200	0.000296	0.850477
366	0.009328	0.000206	0.000000	0.000000	0.137431	0.000000	0.002237	0.000297	0.850501
367	0.009212	0.000201	0.000000	0.000000	0.137581	0.000000	0.002216	0.000326	0.850464
368	0.009096	0.000194	0.000000	0.000000	0.137940	0.000000	0.002201	0.000317	0.850252
369	0.008909	0.000183	0.000000	0.000000	0.138157	0.000000	0.002211	0.000311	0.850229
370	0.008708	0.000174	0.000000	0.000000	0.138247	0.000000	0.002226	0.000298	0.850347
371	0.008646	0.000167	0.000000	0.000000	0.138307	0.000000	0.002161	0.000295	0.850424
372	0.008475	0.000153	0.000000	0.000000	0.138488	0.000000	0.002118	0.000297	0.850469
373	0.008395	0.000144	0.000000	0.000000	0.138584	0.000000	0.002129	0.000299	0.850449
374	0.008236	0.000141	0.000000	0.000000	0.138774	0.000000	0.002037	0.000294	0.850518
375	0.008191	0.000128	0.000000	0.000000	0.138963	0.000000	0.002033	0.000285	0.850400
376	0.008104	0.000128	0.000000	0.000000	0.138922	0.000000	0.002021	0.000282	0.850543
377	0.008007	0.000121	0.000000	0.000000	0.139336	0.000000	0.002060	0.000276	0.850200
378	0.007931	0.000102	0.000000	0.000000	0.139297	0.000000	0.002043	0.000285	0.850342
379	0.007895	0.000094	0.000000	0.000000	0.139266	0.000000	0.002040	0.000272	0.850433
380	0.007837	0.000081	0.000000	0.000000	0.139674	0.000000	0.002062	0.000269	0.850077
381	0.007720	0.000065	0.000000	0.000000	0.139870	0.000000	0.002018	0.000266	0.850061
382	0.007591	0.000072	0.000000	0.000000	0.140266	0.000000	0.002043	0.000270	0.849758
383	0.007465	0.000065	0.000000	0.000000	0.140453	0.000000	0.002005	0.000268	0.849744
384	0.007394	0.000059	0.000000	0.000000	0.140410	0.000000	0.002005	0.000260	0.849872
385	0.007366	0.000049	0.000000	0.000000	0.140691	0.000000	0.001980	0.000255	0.849659
386	0.007274	0.000055	0.000000	0.000000	0.140880	0.000000	0.001970	0.000246	0.849575
387	0.007096	0.000059	0.000000	0.000000	0.140926	0.000000	0.001955	0.000263	0.849701
388	0.006990	0.000058	0.000000	0.000000	0.140805	0.000000	0.001976	0.000261	0.849910
389	0.006931	0.000051	0.000000	0.000000	0.140872	0.000000	0.001984	0.000278	0.849884
390	0.006722	0.000045	0.000000	0.000000	0.141113	0.000000	0.002002	0.000257	0.849861
391	0.006614	0.000044	0.000000	0.000000	0.141168	0.000000	0.002003	0.000261	0.849910
392	0.006546	0.000044	0.000000	0.000000	0.141316	0.000000	0.002039	0.000257	0.849798
393	0.006462	0.000054	0.000000	0.000000	0.141473	0.000000	0.002046	0.000252	0.849713
394	0.006327	0.000062	0.000000	0.000000	0.141927	0.000000	0.002044	0.000262	0.849378
395	0.006287	0.000058	0.000000	0.000000	0.142072	0.000000	0.002082	0.000259	0.849242
396	0.006205	0.000050	0.000000	0.000000	0.142342	0.000000	0.002083	0.000265	0.849055
397	0.006159	0.000034	0.000000	0.000000	0.142553	0.000000	0.002046	0.000267	0.848941
398	0.006199	0.000028	0.000000	0.000000	0.142447	0.000000	0.002008	0.000270	0.849048
399	0.006066	0.000032	0.000000	0.000000	0.142658	0.000000	0.002024	0.000268	0.848952
400	0.005978	0.000031	0.000000	0.000000	0.142740	0.000000	0.002030	0.000250	0.848971
401	0.005817	0.000033	0.000000	0.000000	0.142975	0.000000	0.002083	0.000240	0.848852
402	0.005738	0.000023	0.000000	0.000000	0.143292	0.000000	0.002034	0.000243	0.848670
403	0.005611	0.000013	0.000000	0.000000	0.143486	0.000000	0.002049	0.000234	0.848607
404	0.005543	0.000007	0.000000	0.000000	0.143763	0.000000	0.002045	0.000213	0.848429
405	0.005434	0.000006	0.000000	0.000000	0.143652	0.000000	0.002005	0.000219	0.848684
406	0.005317	0.000007	0.000000	0.000000	0.143684	0.000000	0.001977	0.000226	0.848789
407	0.005297	0.000004	0.000000	0.000000	0.144017	0.000000	0.001996	0.000234	0.848452
408	0.005245	0.000008	0.000000	0.000000	0.143990	0.000000	0.002010	0.000233	0.848514
409	0.005120	0.000007	0.000000	0.000000	0.144164	0.000000	0.001985	0.000237	0.848487
410	0.004948	0.000008	0.000000	0.000000	0.144464	0.000000	0.001967	0.000210	0.848403
411	0.004779	0.000007	0.000000	0.000000	0.144704	0.000000	0.002027	0.000235	0.848248
412	0.004756	0.000004	0.000000	0.000000	0.144832	0.000000	0.002007	0.000229	0.848172
413	0.004642	0.000009	0.000000	0.000000	0.145032	0.000000	0.001986	0.000225	0.848106
414	0.004588	0.000005	0.000000	0.000000	0.145244	0.000000	0.002008	0.000235	0.847920
415	0.004480	0.000007	0.000000	0.000000	0.145220	0.000000	0.002038	0.000244	0.848011
416	0.004467	0.000007	0.000000	0.000000	0.145257	0.000000	0.002056	0.000272	0.847941
417	0.004375	0.000007	0.000000	0.000000	0.145403	0.000000	0.002023	0.000253	0.847939
418	0.004302	0.000010	0.000000	0.000000	0.145532	0.000000	0.001966	0.000250	0.847940
419	0.004247	0.000011	0.000000	0.000000	0.145600	0.000000	0.001957	0.000271	0.847914
420	0.004141	0.000009	0.000000	0.000000	0.145817	0.000000	0.001971	0.000285	0.847777
421	0.004098	0.000007	0.000000	0.000000	0.145948	0.000000	0.001944	0.000281	0.847722
422	0.004044	0.000005	0.000000	0.000000	0.146131	0.000000	0.001934	0.000283	0.847603
423	0.004024	0.000002	0.000000	0.000000	0.146095	0.000000	0.001903	0.000283	0.847693
424	0.003929	0.000001	0.000000	0.000000	0.146236	0.000000	0.001979	0.000281	0.847574
425	0.003852	0.000001	0.000000	0.000000	0.146484	0.000000	0.001973	0.000282	0.847408
426	0.003855	0.000000	0.000000	0.000000	0.146535	0.000000	0.001918	0.000269	0.847423
427	0.003735	0.000000	0.000000	0.000000	0.146706	0.000000	0.001871	0.000283	0.847405
428	0.003656	0.000000	0.000000	0.000000	0.146566	0.000000	0.001876	0.000273	0.847629
429	0.003649	0.000000	0.000000	0.000000	0.146780	0.000000	0.001869	0.000271	0.847431
430	0.003580	0.000000	0.000000	0.000000	0.147092	0.000000	0.001931	0.000283	0.847114
431	0.003544	0.000000	0.000000	0.000000	0.147388	0.000000	0.001935	0.000287	0.846846
432	0.003502	0.000000	0.000000	0.000000	0.147628	0.000000	0.001927	0.000288	0.846655
433	0.003492	0.000000	0.000000	0.000000	0.147879	0.000000	0.001935	0.000289	0.846405
434	0.003399	0.000000	0.000000	0.000000	0.147617	0.000000	0.001867	0.000290	0.846827
435	0.003319	0.000000	0.000000	0.000000	0.147634	0.000000	0.001890	0.000283	0.846874
436	0.003279	0.000000	0.000000	0.000000	0.147613	0.000000	0.001874	0.000287	0.846947
437	0.003211	0.000000	0.000000	0.000000	0.147895	0.000000	0.001863	0.000293	0.846738
438	0.003165	0.000000	0.000000	0.000000	0.148220	0.000000	0.001832	0.000267	0.846516
439	0.003114	0.000000	0.000000	0.000000	0.148393	0.000000	0.001801	0.000256	0.846436
440	0.003021	0.000000	0.000000	0.000000	0.148746	0.000000	0.001786	0.000257	0.846190
441	0.002990	0.000000	0.000000	0.000000	0.148645	0.000000	0.001799	0.000238	0.846328
442	0.002931	0.000000	0.000000	0.000000	0.148970	0.000000	0.001772	0.000222	0.846105
443	0.002893	0.000000	0.000000	0.000000	0.149070	0.000000	0.001775	0.000208	0.846054
444	0.002860	0.000000	0.000000	0.000000	0.149149	0.000000	0.001782	0.000193	0.846016
445	0.002807	0.000000	0.000000	0.000000	0.149305	0.000000	0.001767	0.000191	0.845930
446	0.002761	0.000000	0.000000	0.000000	0.149462	0.000000	0.001773	0.000201	0.845803
447	0.002732	0.000000	0.000000	0.000000	0.149620	0.000000	0.001786	0.000202	0.845660
448	0.002703	0.000000	0.000000	0.000000	0.149613	0.000000	0.001777	0.000204	0.845703
449	0.002696	0.000000	0.000000	0.000000	0.149764	0.000000	0.001820	0.000200	0.845520
450	0.002649	0.000000	0.000000	0.000000	0.150068	0.000000	0.001836	0.000201	0.845246
451	0.002616	0.000000	0.000000	0.000000	0.150456	0.000000	0.001824	0.000183	0.844921
452	0.002602	0.000000	0.000000	0.000000	0.150611	0.000000	0.001822	0.000186	0.844779
453	0.002528	0.000000	0.000000	0.000000	0.150863	0.000000	0.001845	0.000192	0.844572
454	0.002491	0.000000	0.000000	0.000000	0.150892	0.000000	0.001869	0.000190	0.844558
455	0.002466	0.000000	0.000000	0.000000	0.150999	0.000000	0.001892	0.000183	0.844460
456	0.002449	0.000000	0.000000	0.000000	0.151162	0.000000	0.001907	0.000207	0.844275
457	0.002419	0.000000	0.000000	0.000000	0.151455	0.000000	0.001879	0.000207	0.844040
458	0.002427	0.000000	0.000000	0.000000	0.151693	0.000000	0.001863	0.000209	0.843808
459	0.002379	0.000000	0.000000	0.000000	0.151593	0.000000	0.001859	0.000206	0.843963
460	0.002351	0.000000	0.000000	0.000000	0.151756	0.000000	0.001885	0.000212	0.843796
461	0.002330	0.000000	0.000000	0.000000	0.151857	0.000000	0.001845	0.000185	0.843783
462	0.002283	0.000000	0.000000	0.000000	0.151911	0.000000	0.001874	0.000163	0.843769
463	0.002270	0.000000	0.000000	0.000000	0.152351	0.000000	0.001882	0.000170	0.843327
464	0.002236	0.000000	0.000000	0.000000	0.152584	0.000000	0.001846	0.000148	0.843186
465	0.002216	0.000000	0.000000	0.000000	0.152488	0.000000	0.001817	0.000167	0.843312
466	0.002125	0.000000	0.000000	0.000000	0.152511	0.000000	0.001848	0.000168	0.843348
467	0.002084	0.000000	0.000000	0.000000	0.152551	0.000000	0.001894	0.000167	0.843304
468	0.002037	0.000000	0.000000	0.000000	0.152467	0.000000	0.001918	0.000152	0.843426
469	0.002040	0.000000	0.000000	0.000000	0.152901	0.000000	0.001938	0.000164	0.842957
470	0.002051	0.000000	0.000000	0.000000	0.153216	0.000000	0.001959	0.000176	0.842598
