0	0.290663	0.057897	0.229473	0.157588	0.029913	0.111872	0.085455	0.012259	0.024880
1	0.237756	0.049218	0.204571	0.152197	0.030801	0.128552	0.099469	0.019367	0.078069
2	0.241075	0.049268	0.207488	0.158280	0.033792	0.132982	0.085409	0.016743	0.074963
3	0.249436	0.049047	0.210702	0.163575	0.036952	0.135731	0.071858	0.013750	0.068949
4	0.257169	0.048463	0.213974	0.167837	0.040188	0.137165	0.060582	0.011240	0.063382
5	0.264802	0.047740	0.216956	0.171338	0.043433	0.137213	0.050959	0.009180	0.058379
6	0.271237	0.046901	0.219210	0.174415	0.046931	0.137192	0.042858	0.007518	0.053738
7	0.277712	0.045694	0.221208	0.177168	0.050018	0.136578	0.035962	0.006171	0.049489
8	0.283249	0.044078	0.222953	0.178311	0.053556	0.136205	0.030527	0.005053	0.046068
9	0.288159	0.042722	0.224157	0.179736	0.057183	0.135615	0.025776	0.004096	0.042556
10	0.292599	0.041377	0.225114	0.180284	0.060475	0.134753	0.022101	0.003408	0.039889
11	0.296469	0.039564	0.225936	0.181100	0.064365	0.133637	0.018911	0.002861	0.037157
12	0.300239	0.037970	0.225922	0.182060	0.068295	0.132487	0.015901	0.002385	0.034741
13	0.304157	0.035807	0.226665	0.182474	0.071609	0.131276	0.013517	0.002003	0.032492
14	0.306633	0.034301	0.226817	0.182146	0.075327	0.130663	0.012003	0.001683	0.030427
15	0.309069	0.032549	0.226796	0.182034	0.079532	0.129704	0.010315	0.001415	0.028586
16	0.310333	0.031252	0.227410	0.181697	0.083385	0.129120	0.008837	0.001100	0.026866
17	0.313241	0.029370	0.226948	0.181344	0.087433	0.127807	0.007621	0.000974	0.025262
18	0.315031	0.027771	0.227382	0.180444	0.091561	0.126780	0.006605	0.000780	0.023646
19	0.316973	0.026101	0.227373	0.180195	0.095558	0.125135	0.005749	0.000666	0.022250
20	0.318306	0.024632	0.226756	0.179606	0.099597	0.124441	0.004971	0.000606	0.021085
21	0.319937	0.023340	0.226642	0.178595	0.104059	0.122756	0.004276	0.000479	0.019916
22	0.320500	0.021944	0.226730	0.177584	0.108598	0.121803	0.003840	0.000424	0.018577
23	0.320561	0.020912	0.226507	0.176819	0.113033	0.120572	0.003423	0.000394	0.017779
24	0.320893	0.019859	0.226399	0.175757	0.117572	0.119370	0.002881	0.000328	0.016941
25	0.320974	0.018716	0.225726	0.174836	0.122406	0.118470	0.002525	0.000274	0.016073
26	0.320724	0.017824	0.225404	0.174472	0.127050	0.116768	0.002286	0.000251	0.015221
27	0.320648	0.016749	0.224067	0.173895	0.132167	0.115789	0.001970	0.000210	0.014505
28	0.319957	0.015594	0.223312	0.173632	0.137512	0.114598	0.001717	0.000180	0.013498
29	0.319983	0.014732	0.221937	0.172261	0.143438	0.113201	0.001507	0.000154	0.012787
30	0.318882	0.013741	0.221026	0.172139	0.149048	0.111677	0.001290	0.000127	0.012070
31	0.318299	0.012924	0.219579	0.171600	0.154665	0.110197	0.001190	0.000113	0.011433
32	0.316308	0.012276	0.218129	0.171263	0.160450	0.109560	0.001067	0.000098	0.010849
33	0.315320	0.011665	0.216570	0.170553	0.166196	0.108315	0.000937	0.000077	0.010367
34	0.313828	0.010961	0.215162	0.170444	0.171641	0.107362	0.000825	0.000074	0.009703
35	0.311928	0.010279	0.213261	0.170113	0.178048	0.106393	0.000729	0.000067	0.009182
36	0.309853	0.009555	0.211504	0.169405	0.184642	0.105476	0.000614	0.000055	0.008896
37	0.307960	0.009050	0.209744	0.169188	0.190247	0.104757	0.000547	0.000048	0.008459
38	0.305882	0.008547	0.208282	0.168930	0.196054	0.103782	0.000436	0.000040	0.008047
39	0.303224	0.007990	0.206653	0.168569	0.202297	0.103114	0.000391	0.000029	0.007733
40	0.300803	0.007550	0.204894	0.167816	0.209063	0.102259	0.000366	0.000022	0.007227
41	0.298428	0.007025	0.202372	0.167643	0.215752	0.101420	0.000319	0.000017	0.007024
42	0.296000	0.006545	0.200060	0.167304	0.222303	0.100717	0.000316	0.000021	0.006734
43	0.293534	0.006052	0.197780	0.167032	0.228718	0.100220	0.000277	0.000017	0.006370
44	0.290422	0.005653	0.195636	0.166427	0.235849	0.099546	0.000229	0.000023	0.006215
45	0.287203	0.005350	0.193698	0.166291	0.242663	0.098758	0.000205	0.000023	0.005809
46	0.283709	0.005006	0.190924	0.166399	0.249902	0.098445	0.000188	0.000015	0.005412
47	0.280745	0.004734	0.188753	0.165902	0.256708	0.097874	0.000157	0.000015	0.005112
48	0.277148	0.004445	0.186495	0.165859	0.264099	0.097061	0.000149	0.000011	0.004733
49	0.273990	0.004144	0.183631	0.165850	0.271465	0.096331	0.000137	0.000012	0.004440
50	0.270082	0.003924	0.181108	0.165662	0.278612	0.096180	0.000117	0.000006	0.004309
51	0.266288	0.003592	0.178371	0.165382	0.286102	0.096056	0.000115	0.000005	0.004089
52	0.262609	0.003394	0.175764	0.165531	0.293470	0.095235	0.000079	0.000005	0.003913
53	0.258768	0.003245	0.173150	0.165042	0.301276	0.094706	0.000095	0.000003	0.003715
54	0.254665	0.002953	0.170654	0.165109	0.308697	0.094298	0.000087	0.000003	0.003534
55	0.250124	0.002798	0.167798	0.165324	0.316214	0.094366	0.000079	0.000003	0.003294
56	0.246197	0.002614	0.165101	0.165603	0.323535	0.093820	0.000062	0.000003	0.003065
57	0.241992	0.002445	0.161931	0.165898	0.331210	0.093460	0.000053	0.000002	0.003009
58	0.237440	0.002244	0.159486	0.166051	0.339060	0.092830	0.000050	0.000002	0.002837
59	0.233122	0.002114	0.156479	0.166060	0.346662	0.092761	0.000034	0.000001	0.002767
60	0.229054	0.001956	0.153024	0.166700	0.354750	0.091812	0.000028	0.000001	0.002675
61	0.224759	0.001777	0.150040	0.166933	0.361620	0.092330	0.000027	0.000001	0.002513
62	0.220393	0.001665	0.146903	0.166933	0.369720	0.091970	0.000030	0.000000	0.002386
63	0.215943	0.001555	0.144077	0.167106	0.377036	0.092006	0.000026	0.000000	0.002251
64	0.211386	0.001405	0.140909	0.166822	0.385088	0.092292	0.000014	0.000000	0.002084
65	0.206830	0.001287	0.137315	0.167811	0.392343	0.092409	0.000015	0.000000	0.001990
66	0.201919	0.001204	0.134701	0.168382	0.399491	0.092418	0.000009	0.000000	0.001876
67	0.197236	0.001135	0.131873	0.168693	0.406709	0.092590	0.000013	0.000000	0.001751
68	0.192372	0.001057	0.128395	0.169553	0.414471	0.092482	0.000007	0.000000	0.001663
69	0.187784	0.000982	0.125180	0.169816	0.422259	0.092338	0.000009	0.000000	0.001632
70	0.183044	0.000992	0.121892	0.170437	0.429743	0.092362	0.000008	0.000000	0.001522
71	0.178277	0.000902	0.118653	0.171301	0.436949	0.092404	0.000003	0.000000	0.001511
72	0.173940	0.000823	0.115180	0.171539	0.444938	0.092121	0.000002	0.000000	0.001457
73	0.169432	0.000757	0.112237	0.171297	0.452624	0.092268	0.000004	0.000000	0.001381
74	0.164921	0.000702	0.109232	0.171833	0.459908	0.092121	0.000001	0.000000	0.001282
75	0.160325	0.000670	0.106167	0.172592	0.467076	0.092018	0.000005	0.000000	0.001147
76	0.155702	0.000627	0.103254	0.172480	0.474163	0.092753	0.000004	0.000000	0.001017
77	0.151502	0.000608	0.100194	0.172749	0.481401	0.092494	0.000005	0.000000	0.001047
78	0.146865	0.000562	0.097112	0.173634	0.488343	0.092506	0.000004	0.000000	0.000974
79	0.142507	0.000493	0.094745	0.173794	0.494924	0.092620	0.000001	0.000000	0.000916
80	0.137706	0.000478	0.091958	0.174217	0.501853	0.092918	0.000000	0.000000	0.000870
81	0.133424	0.000418	0.089097	0.174678	0.508601	0.092945	0.000001	0.000000	0.000836
82	0.129110	0.000398	0.086582	0.175334	0.515061	0.092739	0.000000	0.000000	0.000776
83	0.124872	0.000397	0.083832	0.176046	0.521480	0.092578	0.000000	0.000000	0.000795
84	0.120713	0.000361	0.080855	0.176328	0.528331	0.092664	0.000000	0.000000	0.000748
85	0.116818	0.000339	0.078125	0.176966	0.534043	0.093042	0.000000	0.000000	0.000667
86	0.112523	0.000346	0.075632	0.177557	0.539771	0.093535	0.000000	0.000000	0.000636
87	0.108621	0.000310	0.072818	0.178588	0.545774	0.093303	0.000000	0.000000	0.000586
88	0.104787	0.000327	0.070024	0.179745	0.550939	0.093632	0.000000	0.000000	0.000546
89	0.100949	0.000275	0.067440	0.180646	0.556904	0.093242	0.000000	0.000000	0.000544
90	0.097111	0.000259	0.065355	0.181044	0.562547	0.093182	0.000000	0.000000	0.000502
91	0.093256	0.000237	0.062635	0.181365	0.568532	0.093494	0.000000	0.000000	0.000481
92	0.089322	0.000227	0.060282	0.182397	0.573993	0.093327	0.000000	0.000000	0.000452
93	0.085849	0.000221	0.058167	0.182787	0.579144	0.093418	0.000000	0.000000	0.000414
94	0.082285	0.000199	0.055953	0.183445	0.584181	0.093542	0.000000	0.000000	0.000395
95	0.078822	0.000185	0.053795	0.183380	0.589432	0.094048	0.000000	0.000000	0.000338
96	0.075495	0.000168	0.051915	0.183762	0.594365	0.093965	0.000000	0.000000	0.000330
97	0.072312	0.000151	0.050015	0.184451	0.598540	0.094227	0.000000	0.000000	0.000304
98	0.069448	0.000129	0.048046	0.184807	0.603211	0.094097	0.000000	0.000000	0.000262
99	0.066415	0.000115	0.046196	0.184844	0.607386	0.094793	0.000000	0.000000	0.000251
100	0.063764	0.000091	0.044140	0.185266	0.611958	0.094547	0.000000	0.000000	0.000234
101	0.060665	0.000079	0.042357	0.185706	0.616006	0.094964	0.000000	0.000000	0.000223
102	0.057531	0.000071	0.040769	0.185498	0.620615	0.095291	0.000000	0.000000	0.000225
103	0.054598	0.000073	0.038878	0.185749	0.625252	0.095253	0.000000	0.000000	0.000197
104	0.052093	0.000076	0.037063	0.186066	0.629256	0.095259	0.000000	0.000000	0.000187
105	0.049590	0.000073	0.035187	0.186761	0.633143	0.095079	0.000000	0.000000	0.000167
106	0.047081	0.000077	0.033545	0.186861	0.637255	0.095037	0.000000	0.000000	0.000144
107	0.044831	0.000067	0.032015	0.187510	0.640021	0.095416	0.000000	0.000000	0.000140
108	0.042578	0.000059	0.030523	0.188072	0.643135	0.095500	0.000000	0.000000	0.000133
109	0.040498	0.000054	0.029050	0.187949	0.646326	0.095991	0.000000	0.000000	0.000132
110	0.038372	0.000057	0.027822	0.188131	0.649475	0.096022	0.000000	0.000000	0.000121
111	0.036432	0.000051	0.026565	0.188700	0.652021	0.096138	0.000000	0.000000	0.000093
112	0.034593	0.000036	0.025369	0.189353	0.654346	0.096223	0.000000	0.000000	0.000080
113	0.032805	0.000033	0.024112	0.189275	0.657189	0.096510	0.000000	0.000000	0.000076
114	0.031084	0.000032	0.022931	0.189488	0.660102	0.096280	0.000000	0.000000	0.000083
115	0.029442	0.000023	0.021857	0.189570	0.662400	0.096639	0.000000	0.000000	0.000069
116	0.027834	0.000024	0.020811	0.190091	0.664602	0.096571	0.000000	0.000000	0.000067
117	0.026414	0.000027	0.019944	0.190335	0.666715	0.096507	0.000000	0.000000	0.000058
118	0.024908	0.000021	0.019042	0.190314	0.668797	0.096870	0.000000	0.000000	0.000048
119	0.023696	0.000020	0.018009	0.190669	0.670624	0.096932	0.000000	0.000000	0.000050
120	0.022404	0.000016	0.017273	0.190818	0.672693	0.096750	0.000000	0.000000	0.000046
121	0.020997	0.000012	0.016484	0.191358	0.674318	0.096789	0.000000	0.000000	0.000042
122	0.019844	0.000012	0.015822	0.191194	0.676492	0.096592	0.000000	0.000000	0.000044
123	0.018515	0.000009	0.015071	0.191245	0.678184	0.096948	0.000000	0.000000	0.000028
124	0.017438	0.000006	0.014230	0.191541	0.679638	0.097114	0.000000	0.000000	0.000033
125	0.016369	0.000007	0.013717	0.192094	0.680651	0.097133	0.000000	0.000000	0.000029
126	0.015418	0.000008	0.012796	0.192239	0.682439	0.097070	0.000000	0.000000	0.000030
127	0.014396	0.000008	0.012141	0.192760	0.683777	0.096892	0.000000	0.000000	0.000026
128	0.013530	0.000008	0.011468	0.192792	0.684801	0.097382	0.000000	0.000000	0.000019
129	0.012773	0.000008	0.010905	0.192548	0.686534	0.097217	0.000000	0.000000	0.000015
130	0.011904	0.000010	0.010181	0.192791	0.687616	0.097491	0.000000	0.000000	0.000007
131	0.011348	0.000008	0.009447	0.192080	0.689240	0.097869	0.000000	0.000000	0.000008
132	0.010747	0.000004	0.008864	0.192533	0.690008	0.097836	0.000000	0.000000	0.000008
133	0.010070	0.000004	0.008408	0.192301	0.691499	0.097711	0.000000	0.000000	0.000007
134	0.009471	0.000007	0.007955	0.192251	0.692035	0.098276	0.000000	0.000000	0.000005
135	0.008906	0.000005	0.007487	0.192703	0.692875	0.098020	0.000000	0.000000	0.000004
136	0.008449	0.000002	0.007063	0.193208	0.692995	0.098281	0.000000	0.000000	0.000002
137	0.007950	0.000003	0.006653	0.192171	0.694519	0.098702	0.000000	0.000000	0.000002
138	0.007528	0.000004	0.006175	0.192117	0.695148	0.099028	0.000000	0.000000	0.000000
139	0.007178	0.000003	0.005785	0.192378	0.695631	0.099023	0.000000	0.000000	0.000002
140	0.006699	0.000001	0.005471	0.192346	0.696662	0.098817	0.000000	0.000000	0.000004
141	0.006407	0.000000	0.005248	0.192869	0.696618	0.098854	0.000000	0.000000	0.000004
142	0.006071	0.000000	0.004949	0.192969	0.696938	0.099070	0.000000	0.000000	0.000003
143	0.005772	0.000000	0.004558	0.192747	0.697175	0.099744	0.000000	0.000000	0.000004
144	0.005371	0.000000	0.004406	0.192785	0.698079	0.099353	0.000000	0.000000	0.000006
145	0.005109	0.000000	0.004220	0.192262	0.698799	0.099603	0.000000	0.000000	0.000007
146	0.004929	0.000000	0.003870	0.192306	0.699408	0.099483	0.000000	0.000000	0.000004
147	0.004694	0.000000	0.003727	0.192335	0.699735	0.099505	0.000000	0.000000	0.000004
148	0.004476	0.000000	0.003479	0.192713	0.699343	0.099983	0.000000	0.000000	0.000006
149	0.004166	0.000000	0.003322	0.192152	0.700269	0.100085	0.000000	0.000000	0.000006
150	0.003889	0.000000	0.003164	0.192882	0.700145	0.099915	0.000000	0.000000	0.000005
151	0.003650	0.000000	0.003015	0.192895	0.700355	0.100081	0.000000	0.000000	0.000004
152	0.003441	0.000000	0.002831	0.193403	0.700547	0.099776	0.000000	0.000000	0.000002
153	0.003329	0.000000	0.002659	0.192838	0.701538	0.099634	0.000000	0.000000	0.000002
154	0.003118	0.000000	0.002514	0.192623	0.702109	0.099633	0.000000	0.000000	0.000003
155	0.003019	0.000000	0.002376	0.192350	0.702357	0.099898	0.000000	0.000000	0.000000
156	0.002919	0.000000	0.002193	0.192136	0.702668	0.100084	0.000000	0.000000	0.000000
157	0.002752	0.000000	0.002087	0.191857	0.702962	0.100341	0.000000	0.000000	0.000001
158	0.002619	0.000000	0.001985	0.191743	0.703522	0.100128	0.000000	0.000000	0.000003
159	0.002497	0.000000	0.001865	0.191676	0.703860	0.100101	0.000000	0.000000	0.000001
160	0.002376	0.000000	0.001740	0.191462	0.704095	0.100325	0.000000	0.000000	0.000002
161	0.002241	0.000000	0.001637	0.191739	0.704128	0.100254	0.000000	0.000000	0.000001
162	0.002131	0.000000	0.001532	0.191951	0.704361	0.100025	0.000000	0.000000	0.000000
163	0.002047	0.000000	0.001475	0.191877	0.704491	0.100110	0.000000	0.000000	0.000000
164	0.001997	0.000000	0.001423	0.191532	0.704429	0.100619	0.000000	0.000000	0.000000
165	0.001930	0.000000	0.001431	0.191906	0.704295	0.100438	0.000000	0.000000	0.000000
166	0.001824	0.000000	0.001387	0.191821	0.704099	0.100869	0.000000	0.000000	0.000000
167	0.001762	0.000000	0.001335	0.192473	0.703603	0.100827	0.000000	0.000000	0.000000
168	0.001660	0.000000	0.001272	0.192347	0.703591	0.101130	0.000000	0.000000	0.000000
169	0.001521	0.000000	0.001240	0.192482	0.703263	0.101494	0.000000	0.000000	0.000000
170	0.001453	0.000000	0.001220	0.192704	0.703266	0.101357	0.000000	0.000000	0.000000
171	0.001409	0.000000	0.001143	0.192464	0.703752	0.101232	0.000000	0.000000	0.000000
172	0.001377	0.000000	0.001087	0.192117	0.703998	0.101421	0.000000	0.000000	0.000000
173	0.001270	0.000000	0.001061	0.191902	0.704017	0.101750	0.000000	0.000000	0.000000
174	0.001259	0.000000	0.001017	0.191713	0.704287	0.101724	0.000000	0.000000	0.000000
175	0.001195	0.000000	0.000953	0.191748	0.704139	0.101965	0.000000	0.000000	0.000000
176	0.001180	0.000000	0.000909	0.191696	0.704597	0.101618	0.000000	0.000000	0.000000
177	0.001140	0.000000	0.000914	0.191257	0.704709	0.101980	0.000000	0.000000	0.000000
178	0.001070	0.000000	0.000883	0.191214	0.704731	0.102102	0.000000	0.000000	0.000000
179	0.001044	0.000000	0.000848	0.191360	0.704488	0.102260	0.000000	0.000000	0.000000
180	0.001008	0.000000	0.000799	0.191333	0.704776	0.102084	0.000000	0.000000	0.000000
181	0.000940	0.000000	0.000828	0.191551	0.704548	0.102133	0.000000	0.000000	0.000000
182	0.000892	0.000000	0.000786	0.191379	0.704944	0.101999	0.000000	0.000000	0.000000
183	0.000873	0.000000	0.000749	0.190615	0.705595	0.102168	0.000000	0.000000	0.000000
184	0.000827	0.000000	0.000724	0.191144	0.704899	0.102406	0.000000	0.000000	0.000000
185	0.000743	0.000000	0.000702	0.191096	0.704950	0.102509	0.000000	0.000000	0.000000
186	0.000672	0.000000	0.000671	0.191529	0.704627	0.102501	0.000000	0.000000	0.000000
187	0.000634	0.000000	0.000655	0.191422	0.704581	0.102708	0.000000	0.000000	0.000000
188	0.000613	0.000000	0.000629	0.190907	0.705109	0.102742	0.000000	0.000000	0.000000
189	0.000577	0.000000	0.000579	0.190729	0.705818	0.102297	0.000000	0.000000	0.000000
190	0.000530	0.000000	0.000582	0.190569	0.705693	0.102626	0.000000	0.000000	0.000000
191	0.000500	0.000000	0.000582	0.190597	0.705847	0.102474	0.000000	0.000000	0.000000
192	0.000484	0.000000	0.000537	0.190807	0.705347	0.102825	0.000000	0.000000	0.000000
193	0.000463	0.000000	0.000500	0.189972	0.706274	0.102791	0.000000	0.000000	0.000000
194	0.000424	0.000000	0.000459	0.190318	0.705931	0.102868	0.000000	0.000000	0.000000
195	0.000405	0.000000	0.000471	0.190549	0.705920	0.102655	0.000000	0.000000	0.000000
196	0.000366	0.000000	0.000432	0.190179	0.706493	0.102530	0.000000	0.000000	0.000000
197	0.000354	0.000000	0.000432	0.190342	0.706563	0.102309	0.000000	0.000000	0.000000
198	0.000311	0.000000	0.000409	0.190724	0.706063	0.102493	0.000000	0.000000	0.000000
199	0.000293	0.000000	0.000395	0.190848	0.706105	0.102359	0.000000	0.000000	0.000000
200	0.000289	0.000000	0.000384	0.191511	0.705409	0.102407	0.000000	0.000000	0.000000
201	0.000290	0.000000	0.000377	0.191092	0.705724	0.102517	0.000000	0.000000	0.000000
202	0.000262	0.000000	0.000321	0.191478	0.705253	0.102686	0.000000	0.000000	0.000000
203	0.000261	0.000000	0.000346	0.191205	0.705975	0.102213	0.000000	0.000000	0.000000
204	0.000251	0.000000	0.000331	0.191155	0.705842	0.102421	0.000000	0.000000	0.000000
205	0.000236	0.000000	0.000336	0.191384	0.705708	0.102336	0.000000	0.000000	0.000000
206	0.000212	0.000000	0.000317	0.191324	0.706684	0.101463	0.000000	0.000000	0.000000
207	0.000183	0.000000	0.000306	0.191103	0.706758	0.101650	0.000000	0.000000	0.000000
208	0.000181	0.000000	0.000303	0.191412	0.706641	0.101463	0.000000	0.000000	0.000000
209	0.000140	0.000000	0.000292	0.191210	0.706901	0.101457	0.000000	0.000000	0.000000
210	0.000131	0.000000	0.000287	0.190947	0.707115	0.101520	0.000000	0.000000	0.000000
211	0.000116	0.000000	0.000273	0.191075	0.706730	0.101806	0.000000	0.000000	0.000000
212	0.000110	0.000000	0.000258	0.190905	0.707127	0.101600	0.000000	0.000000	0.000000
213	0.000109	0.000000	0.000294	0.190859	0.707245	0.101493	0.000000	0.000000	0.000000
214	0.000097	0.000000	0.000280	0.190779	0.707418	0.101426	0.000000	0.000000	0.000000
215	0.000105	0.000000	0.000280	0.190705	0.707296	0.101614	0.000000	0.000000	0.000000
216	0.000095	0.000000	0.000283	0.190368	0.707431	0.101823	0.000000	0.000000	0.000000
217	0.000098	0.000000	0.000285	0.190206	0.707585	0.101826	0.000000	0.000000	0.000000
218	0.000101	0.000000	0.000293	0.190569	0.707216	0.101821	0.000000	0.000000	0.000000
219	0.000098	0.000000	0.000287	0.190107	0.707470	0.102038	0.000000	0.000000	0.000000
220	0.000104	0.000000	0.000272	0.189889	0.708268	0.101467	0.000000	0.000000	0.000000
221	0.000102	0.000000	0.000260	0.189719	0.708057	0.101862	0.000000	0.000000	0.000000
222	0.000096	0.000000	0.000251	0.190073	0.707759	0.101821	0.000000	0.000000	0.000000
223	0.000093	0.000000	0.000245	0.189872	0.707916	0.101874	0.000000	0.000000	0.000000
224	0.000085	0.000000	0.000232	0.189737	0.708049	0.101897	0.000000	0.000000	0.000000
225	0.000102	0.000000	0.000242	0.189482	0.707940	0.102234	0.000000	0.000000	0.000000
226	0.000089	0.000000	0.000251	0.189570	0.707836	0.102254	0.000000	0.000000	0.000000
227	0.000093	0.000000	0.000251	0.189393	0.708095	0.102168	0.000000	0.000000	0.000000
228	0.000095	0.000000	0.000224	0.189549	0.708137	0.101995	0.000000	0.000000	0.000000
229	0.000093	0.000000	0.000192	0.189373	0.708316	0.102026	0.000000	0.000000	0.000000
230	0.000092	0.000000	0.000182	0.189974	0.707662	0.102090	0.000000	0.000000	0.000000
231	0.000091	0.000000	0.000175	0.189891	0.707641	0.102202	0.000000	0.000000	0.000000
232	0.000097	0.000000	0.000178	0.189948	0.707669	0.102108	0.000000	0.000000	0.000000
233	0.000108	0.000000	0.000171	0.189908	0.707749	0.102064	0.000000	0.000000	0.000000
234	0.000099	0.000000	0.000159	0.189446	0.708064	0.102232	0.000000	0.000000	0.000000
235	0.000100	0.000000	0.000149	0.189939	0.707570	0.102242	0.000000	0.000000	0.000000
236	0.000104	0.000000	0.000139	0.190150	0.707294	0.102313	0.000000	0.000000	0.000000
237	0.000089	0.000000	0.000122	0.190575	0.706971	0.102243	0.000000	0.000000	0.000000
238	0.000111	0.000000	0.000122	0.190731	0.706947	0.102089	0.000000	0.000000	0.000000
239	0.000110	0.000000	0.000121	0.190295	0.706937	0.102537	0.000000	0.000000	0.000000
240	0.000101	0.000000	0.000107	0.190535	0.706555	0.102702	0.000000	0.000000	0.000000
241	0.000105	0.000000	0.000114	0.190742	0.706400	0.102639	0.000000	0.000000	0.000000
242	0.000093	0.000000	0.000120	0.190580	0.706268	0.102939	0.000000	0.000000	0.000000
243	0.000091	0.000000	0.000117	0.190355	0.706280	0.103157	0.000000	0.000000	0.000000
244	0.000105	0.000000	0.000128	0.189974	0.706662	0.103131	0.000000	0.000000	0.000000
245	0.000107	0.000000	0.000135	0.190003	0.706665	0.103090	0.000000	0.000000	0.000000
246	0.000102	0.000000	0.000128	0.189754	0.707050	0.102966	0.000000	0.000000	0.000000
247	0.000101	0.000000	0.000129	0.189711	0.706972	0.103087	0.000000	0.000000	0.000000
248	0.000102	0.000000	0.000132	0.189473	0.706890	0.103403	0.000000	0.000000	0.000000
249	0.000102	0.000000	0.000132	0.189160	0.706859	0.103747	0.000000	0.000000	0.000000
250	0.000094	0.000000	0.000125	0.189087	0.707131	0.103563	0.000000	0.000000	0.000000
251	0.000093	0.000000	0.000141	0.188918	0.707407	0.103441	0.000000	0.000000	0.000000
252	0.000102	0.000000	0.000145	0.189255	0.706975	0.103523	0.000000	0.000000	0.000000
253	0.000097	0.000000	0.000148	0.189415	0.707085	0.103255	0.000000	0.000000	0.000000
254	0.000096	0.000000	0.000156	0.189515	0.707093	0.103140	0.000000	0.000000	0.000000
255	0.000103	0.000000	0.000147	0.189444	0.706921	0.103385	0.000000	0.000000	0.000000
256	0.000089	0.000000	0.000125	0.189187	0.706869	0.103730	0.000000	0.000000	0.000000
257	0.000079	0.000000	0.000129	0.189699	0.706267	0.103826	0.000000	0.000000	0.000000
258	0.000082	0.000000	0.000126	0.189374	0.706616	0.103802	0.000000	0.000000	0.000000
259	0.000069	0.000000	0.000125	0.189376	0.706217	0.104213	0.000000	0.000000	0.000000
260	0.000062	0.000000	0.000126	0.189324	0.706510	0.103978	0.000000	0.000000	0.000000
261	0.000059	0.000000	0.000128	0.189496	0.706162	0.104155	0.000000	0.000000	0.000000
262	0.000062	0.000000	0.000131	0.189098	0.706660	0.104049	0.000000	0.000000	0.000000
263	0.000058	0.000000	0.000125	0.188720	0.707031	0.104066	0.000000	0.000000	0.000000
264	0.000059	0.000000	0.000131	0.189216	0.706629	0.103965	0.000000	0.000000	0.000000
265	0.000050	0.000000	0.000137	0.188522	0.707165	0.104126	0.000000	0.000000	0.000000
266	0.000041	0.000000	0.000144	0.188689	0.706784	0.104342	0.000000	0.000000	0.000000
267	0.000036	0.000000	0.000140	0.188566	0.707050	0.104208	0.000000	0.000000	0.000000
268	0.000040	0.000000	0.000145	0.189148	0.706409	0.104258	0.000000	0.000000	0.000000
269	0.000044	0.000000	0.000140	0.188747	0.706384	0.104685	0.000000	0.000000	0.000000
270	0.000037	0.000000	0.000139	0.188872	0.706062	0.104890	0.000000	0.000000	0.000000
271	0.000040	0.000000	0.000143	0.188912	0.706416	0.104489	0.000000	0.000000	0.000000
272	0.000035	0.000000	0.000153	0.188946	0.705847	0.105019	0.000000	0.000000	0.000000
273	0.000039	0.000000	0.000154	0.188612	0.705866	0.105329	0.000000	0.000000	0.000000
274	0.000038	0.000000	0.000136	0.188286	0.705961	0.105579	0.000000	0.000000	0.000000
275	0.000038	0.000000	0.000130	0.188560	0.705940	0.105332	0.000000	0.000000	0.000000
276	0.000041	0.000000	0.000133	0.188528	0.705869	0.105429	0.000000	0.000000	0.000000
277	0.000043	0.000000	0.000128	0.188325	0.706381	0.105123	0.000000	0.000000	0.000000
278	0.000040	0.000000	0.000120	0.188712	0.706342	0.104786	0.000000	0.000000	0.000000
279	0.000032	0.000000	0.000109	0.188575	0.706631	0.104653	0.000000	0.000000	0.000000
280	0.000033	0.000000	0.000103	0.188425	0.706968	0.104471	0.000000	0.000000	0.000000
281	0.000038	0.000000	0.000108	0.188110	0.706877	0.104867	0.000000	0.000000	0.000000
282	0.000035	0.000000	0.000093	0.188595	0.706915	0.104362	0.000000	0.000000	0.000000
283	0.000025	0.000000	0.000092	0.188887	0.706620	0.104376	0.000000	0.000000	0.000000
284	0.000028	0.000000	0.000078	0.189197	0.706249	0.104448	0.000000	0.000000	0.000000
285	0.000024	0.000000	0.000072	0.189286	0.706297	0.104321	0.000000	0.000000	0.000000
286	0.000027	0.000000	0.000063	0.189179	0.706382	0.104349	0.000000	0.000000	0.000000
287	0.000029	0.000000	0.000069	0.188565	0.706529	0.104808	0.000000	0.000000	0.000000
288	0.000034	0.000000	0.000070	0.188348	0.706358	0.105190	0.000000	0.000000	0.000000
289	0.000037	0.000000	0.000069	0.188422	0.706606	0.104866	0.000000	0.000000	0.000000
290	0.000042	0.000000	0.000067	0.188611	0.706362	0.104918	0.000000	0.000000	0.000000
291	0.000044	0.000000	0.000067	0.189049	0.705609	0.105231	0.000000	0.000000	0.000000
292	0.000035	0.000000	0.000068	0.188734	0.705603	0.105560	0.000000	0.000000	0.000000
293	0.000026	0.000000	0.000057	0.188769	0.705655	0.105493	0.000000	0.000000	0.000000
294	0.000022	0.000000	0.000053	0.188780	0.705541	0.105604	0.000000	0.000000	0.000000
295	0.000018	0.000000	0.000050	0.188792	0.705813	0.105327	0.000000	0.000000	0.000000
296	0.000017	0.000000	0.000049	0.188996	0.705610	0.105328	0.000000	0.000000	0.000000
297	0.000019	0.000000	0.000047	0.188973	0.705752	0.105209	0.000000	0.000000	0.000000
298	0.000016	0.000000	0.000054	0.188730	0.705964	0.105236	0.000000	0.000000	0.000000
299	0.000020	0.000000	0.000057	0.188531	0.706065	0.105327	0.000000	0.000000	0.000000
300	0.000017	0.000000	0.000053	0.189059	0.706037	0.104834	0.000000	0.000000	0.000000
301	0.000016	0.000000	0.000057	0.189167	0.705679	0.105081	0.000000	0.000000	0.000000
302	0.000018	0.000000	0.000055	0.189310	0.705925	0.104692	0.000000	0.000000	0.000000
303	0.000016	0.000000	0.000052	0.189111	0.706180	0.104641	0.000000	0.000000	0.000000
304	0.000010	0.000000	0.000048	0.189056	0.706400	0.104486	0.000000	0.000000	0.000000
305	0.000008	0.000000	0.000049	0.188797	0.706703	0.104443	0.000000	0.000000	0.000000
306	0.000010	0.000000	0.000045	0.188983	0.706694	0.104268	0.000000	0.000000	0.000000
307	0.000006	0.000000	0.000046	0.188305	0.706923	0.104720	0.000000	0.000000	0.000000
308	0.000004	0.000000	0.000045	0.188274	0.706945	0.104732	0.000000	0.000000	0.000000
309	0.000004	0.000000	0.000046	0.188235	0.706995	0.104720	0.000000	0.000000	0.000000
310	0.000001	0.000000	0.000044	0.188398	0.707128	0.104429	0.000000	0.000000	0.000000
311	0.000000	0.000000	0.000041	0.188719	0.706795	0.104445	0.000000	0.000000	0.000000
312	0.000000	0.000000	0.000045	0.188666	0.706924	0.104365	0.000000	0.000000	0.000000
313	0.000000	0.000000	0.000050	0.188662	0.706735	0.104553	0.000000	0.000000	0.000000
314	0.000000	0.000000	0.000043	0.188807	0.706486	0.104664	0.000000	0.000000	0.000000
315	0.000000	0.000000	0.000042	0.189115	0.706026	0.104817	0.000000	0.000000	0.000000
316	0.000000	0.000000	0.000040	0.188353	0.706913	0.104694	0.000000	0.000000	0.000000
317	0.000000	0.000000	0.000038	0.188410	0.707172	0.104380	0.000000	0.000000	0.000000
318	0.000000	0.000000	0.000035	0.188433	0.706948	0.104584	0.000000	0.000000	0.000000
319	0.000000	0.000000	0.000037	0.188386	0.707213	0.104364	0.000000	0.000000	0.000000
320	0.000000	0.000000	0.000029	0.188579	0.706630	0.104762	0.000000	0.000000	0.000000
321	0.000000	0.000000	0.000024	0.188377	0.707170	0.104429	0.000000	0.000000	0.000000
322	0.000000	0.000000	0.000028	0.188333	0.707459	0.104180	0.000000	0.000000	0.000000
323	0.000000	0.000000	0.000030	0.188517	0.707573	0.103880	0.000000	0.000000	0.000000
324	0.000000	0.000000	0.000034	0.188291	0.707954	0.103721	0.000000	0.000000	0.000000
325	0.000000	0.000000	0.000034	0.188438	0.707514	0.104014	0.000000	0.000000	0.000000
326	0.000000	0.000000	0.000030	0.188362	0.707460	0.104148	0.000000	0.000000	0.000000
327	0.000000	0.000000	0.000033	0.188019	0.707559	0.104389	0.000000	0.000000	0.000000
328	0.000000	0.000000	0.000032	0.188290	0.707294	0.104384	0.000000	0.000000	0.000000
329	0.000000	0.000000	0.000033	0.188811	0.706553	0.104603	0.000000	0.000000	0.000000
330	0.000000	0.000000	0.000034	0.188862	0.706651	0.104453	0.000000	0.000000	0.000000
331	0.000000	0.000000	0.000031	0.188652	0.706937	0.104380	0.000000	0.000000	0.000000
332	0.000000	0.000000	0.000031	0.188836	0.706953	0.104180	0.000000	0.000000	0.000000
333	0.000000	0.000000	0.000038	0.189017	0.706721	0.104224	0.000000	0.000000	0.000000
334	0.000000	0.000000	0.000040	0.188716	0.706933	0.104311	0.000000	0.000000	0.000000
335	0.000000	0.000000	0.000037	0.188691	0.706853	0.104419	0.000000	0.000000	0.000000
336	0.000000	0.000000	0.000033	0.188749	0.706830	0.104388	0.000000	0.000000	0.000000
337	0.000000	0.000000	0.000026	0.188736	0.706617	0.104621	0.000000	0.000000	0.000000
338	0.000000	0.000000	0.000035	0.188734	0.706685	0.104546	0.000000	0.000000	0.000000
339	0.000000	0.000000	0.000028	0.189227	0.706128	0.104617	0.000000	0.000000	0.000000
340	0.000000	0.000000	0.000022	0.188841	0.707157	0.103980	0.000000	0.000000	0.000000
341	0.000000	0.000000	0.000023	0.188431	0.707376	0.104170	0.000000	0.000000	0.000000
342	0.000000	0.000000	0.000023	0.188685	0.707366	0.103926	0.000000	0.000000	0.000000
343	0.000000	0.000000	0.000022	0.188302	0.707587	0.104089	0.000000	0.000000	0.000000
344	0.000000	0.000000	0.000020	0.187880	0.707714	0.104386	0.000000	0.000000	0.000000
345	0.000000	0.000000	0.000013	0.187898	0.707984	0.104105	0.000000	0.000000	0.000000
346	0.000000	0.000000	0.000012	0.187864	0.707801	0.104323	0.000000	0.000000	0.000000
347	0.000000	0.000000	0.000017	0.187667	0.708336	0.103980	0.000000	0.000000	0.000000
348	0.000000	0.000000	0.000011	0.187426	0.707806	0.104757	0.000000	0.000000	0.000000
349	0.000000	0.000000	0.000013	0.187494	0.708421	0.104072	0.000000	0.000000	0.000000
350	0.000000	0.000000	0.000015	0.186889	0.708956	0.104140	0.000000	0.000000	0.000000
351	0.000000	0.000000	0.000019	0.187154	0.708891	0.103936	0.000000	0.000000	0.000000
352	0.000000	0.000000	0.000024	0.186841	0.709220	0.103915	0.000000	0.000000	0.000000
353	0.000000	0.000000	0.000020	0.186288	0.709471	0.104221	0.000000	0.000000	0.000000
354	0.000000	0.000000	0.000018	0.186416	0.709411	0.104155	0.000000	0.000000	0.000000
355	0.000000	0.000000	0.000018	0.186280	0.709651	0.104051	0.000000	0.000000	0.000000
356	0.000000	0.000000	0.000018	0.186779	0.709021	0.104182	0.000000	0.000000	0.000000
357	0.000000	0.000000	0.000015	0.187086	0.708731	0.104168	0.000000	0.000000	0.000000
358	0.000000	0.000000	0.000016	0.186710	0.708866	0.104408	0.000000	0.000000	0.000000
359	0.000000	0.000000	0.000020	0.186627	0.708836	0.104517	0.000000	0.000000	0.000000
360	0.000000	0.000000	0.000018	0.186564	0.708788	0.104630	0.000000	0.000000	0.000000
361	0.000000	0.000000	0.000017	0.186495	0.709027	0.104461	0.000000	0.000000	0.000000
362	0.000000	0.000000	0.000017	0.186359	0.708974	0.104650	0.000000	0.000000	0.000000
363	0.000000	0.000000	0.000023	0.185792	0.710013	0.104172	0.000000	0.000000	0.000000
364	0.000000	0.000000	0.000021	0.186312	0.709371	0.104296	0.000000	0.000000	0.000000
365	0.000000	0.000000	0.000024	0.186238	0.709527	0.104211	0.000000	0.000000	0.000000
366	0.000000	0.000000	0.000026	0.186175	0.709410	0.104389	0.000000	0.000000	0.000000
367	0.000000	0.000000	0.000033	0.186418	0.708729	0.104820	0.000000	0.000000	0.000000
368	0.000000	0.000000	0.000030	0.186573	0.708558	0.104839	0.000000	0.000000	0.000000
369	0.000000	0.000000	0.000030	0.186347	0.708732	0.104891	0.000000	0.000000	0.000000
370	0.000000	0.000000	0.000032	0.186556	0.708776	0.104636	0.000000	0.000000	0.000000
371	0.000000	0.000000	0.000036	0.186595	0.708658	0.104711	0.000000	0.000000	0.000000
372	0.000000	0.000000	0.000034	0.186257	0.709102	0.104607	0.000000	0.000000	0.000000
373	0.000000	0.000000	0.000030	0.186441	0.708994	0.104535	0.000000	0.000000	0.000000
374	0.000000	0.000000	0.000030	0.186681	0.708877	0.104412	0.000000	0.000000	0.000000
375	0.000000	0.000000	0.000028	0.187264	0.708392	0.104316	0.000000	0.000000	0.000000
376	0.000000	0.000000	0.000026	0.187089	0.708712	0.104173	0.000000	0.000000	0.000000
377	0.000000	0.000000	0.000025	0.186985	0.708845	0.104145	0.000000	0.000000	0.000000
378	0.000000	0.000000	0.000026	0.186864	0.708915	0.104195	0.000000	0.000000	0.000000
379	0.000000	0.000000	0.000027	0.186710	0.709321	0.103942	0.000000	0.000000	0.000000
380	0.000000	0.000000	0.000021	0.186310	0.709602	0.104067	0.000000	0.000000	0.000000
381	0.000000	0.000000	0.000017	0.186361	0.709446	0.104176	0.000000	0.000000	0.000000
382	0.000000	0.000000	0.000018	0.186196	0.709527	0.104259	0.000000	0.000000	0.000000
383	0.000000	0.000000	0.000022	0.186199	0.709944	0.103835	0.000000	0.000000	0.000000
384	0.000000	0.000000	0.000024	0.186256	0.710551	0.103169	0.000000	0.000000	0.000000
385	0.000000	0.000000	0.000028	0.186079	0.710304	0.103589	0.000000	0.000000	0.000000
386	0.000000	0.000000	0.000030	0.186017	0.710726	0.103227	0.000000	0.000000	0.000000
387	0.000000	0.000000	0.000036	0.185918	0.710784	0.103262	0.000000	0.000000	0.000000
388	0.000000	0.000000	0.000035	0.186154	0.710480	0.103331	0.000000	0.000000	0.000000
389	0.000000	0.000000	0.000036	0.186622	0.709687	0.103655	0.000000	0.000000	0.000000
390	0.000000	0.000000	0.000044	0.185994	0.710203	0.103759	0.000000	0.000000	0.000000
391	0.000000	0.000000	0.000049	0.186241	0.709789	0.103921	0.000000	0.000000	0.000000
392	0.000000	0.000000	0.000039	0.186005	0.709875	0.104081	0.000000	0.000000	0.000000
393	0.000000	0.000000	0.000043	0.186296	0.709734	0.103927	0.000000	0.000000	0.000000
394	0.000000	0.000000	0.000042	0.186176	0.709873	0.103909	0.000000	0.000000	0.000000
395	0.000000	0.000000	0.000049	0.186506	0.709423	0.104022	0.000000	0.000000	0.000000
396	0.000000	0.000000	0.000051	0.186352	0.709658	0.103939	0.000000	0.000000	0.000000
397	0.000000	0.000000	0.000048	0.186628	0.709306	0.104018	0.000000	0.000000	0.000000
398	0.000000	0.000000	0.000042	0.186725	0.708982	0.104251	0.000000	0.000000	0.000000
399	0.000000	0.000000	0.000044	0.186830	0.708905	0.104221	0.000000	0.000000	0.000000
400	0.000000	0.000000	0.000042	0.186444	0.709578	0.103936	0.000000	0.000000	0.000000
401	0.000000	0.000000	0.000042	0.186187	0.709748	0.104023	0.000000	0.000000	0.000000
402	0.000000	0.000000	0.000040	0.186396	0.709441	0.104123	0.000000	0.000000	0.000000
403	0.000000	0.000000	0.000041	0.186549	0.709033	0.104377	0.000000	0.000000	0.000000
404	0.000000	0.000000	0.000033	0.186581	0.709175	0.104211	0.000000	0.000000	0.000000
405	0.000000	0.000000	0.000033	0.186565	0.709229	0.104173	0.000000	0.000000	0.000000
406	0.000000	0.000000	0.000036	0.186258	0.709596	0.104110	0.000000	0.000000	0.000000
407	0.000000	0.000000	0.000039	0.186211	0.709376	0.104374	0.000000	0.000000	0.000000
408	0.000000	0.000000	0.000039	0.186239	0.709468	0.104254	0.000000	0.000000	0.000000
409	0.000000	0.000000	0.000036	0.186041	0.709330	0.104593	0.000000	0.000000	0.000000
410	0.000000	0.000000	0.000039	0.186316	0.709366	0.104279	0.000000	0.000000	0.000000
411	0.000000	0.000000	0.000040	0.186368	0.709025	0.104567	0.000000	0.000000	0.000000
412	0.000000	0.000000	0.000040	0.185935	0.709579	0.104446	0.000000	0.000000	0.000000
413	0.000000	0.000000	0.000040	0.185799	0.709392	0.104769	0.000000	0.000000	0.000000
414	0.000000	0.000000	0.000045	0.185903	0.709644	0.104408	0.000000	0.000000	0.000000
415	0.000000	0.000000	0.000048	0.185988	0.709623	0.104341	0.000000	0.000000	0.000000
416	0.000000	0.000000	0.000061	0.185564	0.710315	0.104060	0.000000	0.000000	0.000000
417	0.000000	0.000000	0.000060	0.185780	0.709955	0.104205	0.000000	0.000000	0.000000
418	0.000000	0.000000	0.000064	0.185861	0.709900	0.104175	0.000000	0.000000	0.000000
419	0.000000	0.000000	0.000058	0.185670	0.710220	0.104052	0.000000	0.000000	0.000000
420	0.000000	0.000000	0.000059	0.185629	0.710141	0.104171	0.000000	0.000000	0.000000
421	0.000000	0.000000	0.000054	0.186167	0.709649	0.104130	0.000000	0.000000	0.000000
422	0.000000	0.000000	0.000048	0.185995	0.709866	0.104091	0.000000	0.000000	0.000000
423	0.000000	0.000000	0.000044	0.186154	0.710087	0.103715	0.000000	0.000000	0.000000
424	0.000000	0.000000	0.000049	0.186414	0.709691	0.103846	0.000000	0.000000	0.000000
425	0.000000	0.000000	0.000049	0.186629	0.709420	0.103902	0.000000	0.000000	0.000000
426	0.000000	0.000000	0.000040	0.186422	0.709880	0.103658	0.000000	0.000000	0.000000
427	0.000000	0.000000	0.000041	0.186229	0.709880	0.103850	0.000000	0.000000	0.000000
428	0.000000	0.000000	0.000034	0.186282	0.710030	0.103654	0.000000	0.000000	0.000000
429	0.000000	0.000000	0.000026	0.186629	0.709289	0.104056	0.000000	0.000000	0.000000
430	0.000000	0.000000	0.000026	0.186208	0.709793	0.103973	0.000000	0.000000	0.000000
431	0.000000	0.000000	0.000030	0.186537	0.709499	0.103934	0.000000	0.000000	0.000000
432	0.000000	0.000000	0.000028	0.186586	0.708863	0.104523	0.000000	0.000000	0.000000
433	0.000000	0.000000	0.000026	0.186038	0.709321	0.104615	0.000000	0.000000	0.000000
434	0.000000	0.000000	0.000021	0.185820	0.709656	0.104503	0.000000	0.000000	0.000000
435	0.000000	0.000000	0.000022	0.185867	0.709576	0.104535	0.000000	0.000000	0.000000
436	0.000000	0.000000	0.000015	0.186059	0.709460	0.104466	0.000000	0.000000	0.000000
437	0.000000	0.000000	0.000010	0.185893	0.709876	0.104221	0.000000	0.000000	0.000000
438	0.000000	0.000000	0.000009	0.185776	0.710084	0.104131	0.000000	0.000000	0.000000
439	0.000000	0.000000	0.000009	0.185742	0.710430	0.103819	0.000000	0.000000	0.000000
440	0.000000	0.000000	0.000011	0.185427	0.710981	0.103581	0.000000	0.000000	0.000000
441	0.000000	0.000000	0.000010	0.185392	0.711279	0.103319	0.000000	0.000000	0.000000
442	0.000000	0.000000	0.000013	0.185617	0.711217	0.103153	0.000000	0.000000	0.000000
443	0.000000	0.000000	0.000012	0.185789	0.710704	0.103495	0.000000	0.000000	0.000000
444	0.000000	0.000000	0.000008	0.185857	0.710576	0.103559	0.000000	0.000000	0.000000
445	0.000000	0.000000	0.000008	0.186610	0.709908	0.103474	0.000000	0.000000	0.000000
446	0.000000	0.000000	0.000010	0.186878	0.709424	0.103688	0.000000	0.000000	0.000000
447	0.000000	0.000000	0.000009	0.186746	0.709333	0.103912	0.000000	0.000000	0.000000
448	0.000000	0.000000	0.000008	0.187053	0.709210	0.103729	0.000000	0.000000	0.000000
449	0.000000	0.000000	0.000006	0.187112	0.708934	0.103948	0.000000	0.000000	0.000000
450	0.000000	0.000000	0.000010	0.187496	0.708230	0.104264	0.000000	0.000000	0.000000
451	0.000000	0.000000	0.000005	0.187796	0.707693	0.104506	0.000000	0.000000	0.000000
452	0.000000	0.000000	0.000007	0.187618	0.707924	0.104451	0.000000	0.000000	0.000000
453	0.000000	0.000000	0.000005	0.188240	0.707020	0.104735	0.000000	0.000000	0.000000
454	0.000000	0.000000	0.000006	0.188366	0.707303	0.104325	0.000000	0.000000	0.000000
455	0.000000	0.000000	0.000010	0.188796	0.706962	0.104232	0.000000	0.000000	0.000000
456	0.000000	0.000000	0.000012	0.188330	0.707620	0.104038	0.000000	0.000000	0.000000
457	0.000000	0.000000	0.000015	0.188125	0.707391	0.104469	0.000000	0.000000	0.000000
458	0.000000	0.000000	0.000011	0.188152	0.707007	0.104830	0.000000	0.000000	0.000000
459	0.000000	0.000000	0.000008	0.188184	0.707108	0.104700	0.000000	0.000000	0.000000
460	0.000000	0.000000	0.000008	0.188600	0.706467	0.104925	0.000000	0.000000	0.000000
461	0.000000	0.000000	0.000005	0.188580	0.706488	0.104927	0.000000	0.000000	0.000000
462	0.000000	0.000000	0.000006	0.188797	0.705911	0.105286	0.000000	0.000000	0.000000
463	0.000000	0.000000	0.000006	0.188518	0.706439	0.105037	0.000000	0.000000	0.000000
464	0.000000	0.000000	0.000004	0.188769	0.706054	0.105173	0.000000	0.000000	0.000000
465	0.000000	0.000000	0.000002	0.189044	0.706169	0.104785	0.000000	0.000000	0.000000
466	0.000000	0.000000	0.000003	0.189040	0.706075	0.104882	0.000000	0.000000	0.000000
467	0.000000	0.000000	0.000004	0.188721	0.706014	0.105261	0.000000	0.000000	0.000000
468	0.000000	0.000000	0.000004	0.188944	0.705735	0.105317	0.000000	0.000000	0.000000
469	0.000000	0.000000	0.000004	0.188980	0.705992	0.105024	0.000000	0.000000	0.000000
470	0.000000	0.000000	0.000007	0.188766	0.706246	0.104981	0.000000	0.000000	0.000000
