0	0.290663	0.057897	0.229473	0.157588	0.029913	0.111872	0.085455	0.012259	0.024880
1	0.215792	0.044814	0.188929	0.140173	0.028814	0.122536	0.133065	0.025596	0.100281
2	0.202588	0.041621	0.176646	0.135448	0.029269	0.118282	0.146014	0.028135	0.121997
3	0.196232	0.039516	0.165466	0.131852	0.030148	0.112507	0.155536	0.029852	0.138891
4	0.191384	0.037883	0.154688	0.128646	0.031242	0.106532	0.163263	0.030887	0.155475
5	0.187450	0.036259	0.144925	0.126002	0.032423	0.099985	0.169812	0.031532	0.171612
6	0.183798	0.034628	0.135529	0.123929	0.033549	0.093669	0.175685	0.031985	0.187228
7	0.180313	0.033075	0.125918	0.121631	0.034986	0.087869	0.181032	0.032213	0.202963
8	0.176969	0.031836	0.117364	0.119678	0.036279	0.081788	0.185717	0.032039	0.218330
9	0.174353	0.030702	0.108805	0.117556	0.037894	0.076315	0.189333	0.032013	0.233029
10	0.171352	0.029486	0.101432	0.115450	0.039584	0.070751	0.192797	0.032064	0.247084
11	0.169220	0.028120	0.093578	0.113173	0.041568	0.065483	0.195861	0.031857	0.261140
12	0.166972	0.026793	0.086529	0.111207	0.043601	0.060705	0.198409	0.031783	0.274001
13	0.164848	0.025639	0.079888	0.109095	0.045366	0.056343	0.200549	0.031511	0.286761
14	0.162864	0.024504	0.073374	0.107503	0.047624	0.051958	0.201408	0.031367	0.299398
15	0.160315	0.023581	0.067968	0.106114	0.049789	0.047905	0.202567	0.030639	0.311122
16	0.157978	0.022640	0.062280	0.104221	0.051993	0.044805	0.203322	0.030135	0.322626
17	0.155695	0.021806	0.057347	0.102401	0.054518	0.041414	0.203390	0.029892	0.333537
18	0.154046	0.020876	0.052683	0.100557	0.056870	0.038455	0.203247	0.029333	0.343933
19	0.151469	0.020220	0.048506	0.099146	0.059197	0.035575	0.203104	0.028999	0.353784
20	0.149513	0.019646	0.044486	0.097126	0.061713	0.032884	0.201720	0.028037	0.364875
21	0.147100	0.018713	0.040833	0.095223	0.064527	0.030352	0.201347	0.027587	0.374318
22	0.144617	0.018037	0.037800	0.093363	0.067027	0.028401	0.200693	0.026818	0.383244
23	0.142675	0.017388	0.034425	0.091574	0.069781	0.026210	0.199265	0.026171	0.392511
24	0.140658	0.016603	0.031645	0.089569	0.072610	0.024171	0.197876	0.025502	0.401366
25	0.138526	0.015720	0.028851	0.087964	0.075379	0.022503	0.196593	0.025241	0.409223
26	0.136710	0.015247	0.026354	0.086185	0.078047	0.021114	0.194770	0.024630	0.416943
27	0.134413	0.014436	0.024080	0.084025	0.081046	0.019560	0.193491	0.024255	0.424694
28	0.132150	0.013879	0.021998	0.082388	0.084042	0.017960	0.191923	0.023445	0.432215
29	0.130131	0.013194	0.020031	0.080931	0.086822	0.016607	0.190295	0.022892	0.439097
30	0.127664	0.012538	0.018323	0.079175	0.090004	0.015324	0.187720	0.022422	0.446830
31	0.125369	0.011980	0.016571	0.077152	0.092856	0.014153	0.186094	0.021773	0.454052
32	0.122492	0.011643	0.015170	0.075520	0.095948	0.012948	0.183887	0.021311	0.461081
33	0.120198	0.011096	0.013811	0.073559	0.099299	0.011976	0.181469	0.020902	0.467690
34	0.117573	0.010695	0.012665	0.071711	0.102510	0.010809	0.180231	0.020599	0.473207
35	0.114778	0.010133	0.011449	0.070303	0.105778	0.010108	0.178157	0.020061	0.479233
36	0.112078	0.009514	0.010457	0.068825	0.108821	0.009403	0.176045	0.019530	0.485327
37	0.109513	0.009050	0.009508	0.067273	0.112051	0.008615	0.173562	0.019139	0.491289
38	0.107113	0.008613	0.008670	0.065792	0.114961	0.007972	0.171019	0.018823	0.497037
39	0.104699	0.008160	0.007907	0.063931	0.118015	0.007381	0.168820	0.018364	0.502723
40	0.102213	0.007751	0.007259	0.062444	0.121214	0.006847	0.166709	0.017801	0.507762
41	0.099534	0.007303	0.006571	0.061318	0.124449	0.006377	0.164392	0.017597	0.512459
42	0.097097	0.007015	0.005896	0.059809	0.127516	0.005990	0.162642	0.017275	0.516760
43	0.094501	0.006781	0.005415	0.058392	0.130787	0.005538	0.160677	0.016752	0.521157
44	0.091988	0.006427	0.004873	0.056721	0.134116	0.005038	0.158957	0.016507	0.525373
45	0.089539	0.006158	0.004475	0.055534	0.137105	0.004753	0.156455	0.016300	0.529681
46	0.087188	0.005754	0.004067	0.053777	0.140644	0.004316	0.154309	0.015995	0.533950
47	0.084994	0.005468	0.003771	0.052514	0.143514	0.003970	0.152772	0.015626	0.537371
48	0.082460	0.005192	0.003446	0.051264	0.146752	0.003741	0.150856	0.015211	0.541078
49	0.079995	0.004848	0.003171	0.049782	0.149883	0.003510	0.148683	0.014951	0.545177
50	0.078051	0.004513	0.002917	0.048347	0.152993	0.003153	0.146359	0.014719	0.548948
51	0.075497	0.004359	0.002601	0.047147	0.156433	0.002859	0.144950	0.014404	0.551750
52	0.073252	0.004079	0.002400	0.045768	0.159127	0.002633	0.143387	0.013827	0.555527
53	0.070908	0.003839	0.002184	0.044605	0.162511	0.002395	0.141193	0.013400	0.558965
54	0.068686	0.003668	0.001983	0.043188	0.165711	0.002248	0.139470	0.013088	0.561958
55	0.066346	0.003522	0.001776	0.041841	0.169199	0.002058	0.137686	0.012772	0.564800
56	0.064185	0.003256	0.001559	0.040613	0.172254	0.001920	0.135369	0.012403	0.568441
57	0.062010	0.003043	0.001416	0.039690	0.175190	0.001749	0.133725	0.012103	0.571074
58	0.059780	0.002915	0.001280	0.038397	0.177920	0.001682	0.132219	0.011812	0.573995
59	0.057823	0.002742	0.001118	0.037356	0.180877	0.001576	0.130813	0.011561	0.576134
60	0.055724	0.002558	0.001026	0.036415	0.184075	0.001413	0.129240	0.011221	0.578328
61	0.053692	0.002452	0.000894	0.035138	0.187470	0.001293	0.127895	0.011086	0.580080
62	0.051746	0.002241	0.000812	0.034067	0.190559	0.001206	0.126592	0.010817	0.581960
63	0.049783	0.002173	0.000699	0.033115	0.193584	0.001090	0.124950	0.010561	0.584045
64	0.047957	0.002069	0.000609	0.032169	0.196462	0.001032	0.123030	0.010253	0.586419
65	0.046246	0.002009	0.000550	0.031308	0.199401	0.000966	0.121020	0.010070	0.588430
66	0.044516	0.001897	0.000504	0.030542	0.202061	0.000909	0.119903	0.009789	0.589879
67	0.042945	0.001824	0.000443	0.029573	0.204868	0.000828	0.118052	0.009545	0.591922
68	0.041235	0.001730	0.000397	0.028886	0.207483	0.000764	0.116459	0.009454	0.593592
69	0.039721	0.001613	0.000323	0.028049	0.210455	0.000717	0.114921	0.009384	0.594817
70	0.038055	0.001514	0.000300	0.027279	0.213279	0.000667	0.113398	0.009083	0.596425
71	0.036699	0.001452	0.000287	0.026354	0.216171	0.000610	0.111689	0.009011	0.597727
72	0.035159	0.001367	0.000256	0.025511	0.218757	0.000564	0.110097	0.008827	0.599462
73	0.033571	0.001308	0.000225	0.024949	0.221452	0.000493	0.108546	0.008635	0.600821
74	0.032211	0.001215	0.000214	0.024280	0.224379	0.000478	0.107346	0.008406	0.601471
75	0.030725	0.001129	0.000173	0.023733	0.226882	0.000391	0.106122	0.008386	0.602459
76	0.029585	0.001069	0.000154	0.023092	0.229770	0.000387	0.104755	0.008225	0.602963
77	0.028225	0.000990	0.000127	0.022423	0.232341	0.000355	0.103834	0.007954	0.603751
78	0.027003	0.000922	0.000130	0.021943	0.234960	0.000317	0.102467	0.007847	0.604411
79	0.025710	0.000817	0.000106	0.021408	0.237458	0.000322	0.100715	0.007642	0.605822
80	0.024579	0.000721	0.000099	0.020664	0.240213	0.000305	0.099248	0.007504	0.606667
81	0.023450	0.000618	0.000087	0.020080	0.242888	0.000280	0.097936	0.007382	0.607279
82	0.022447	0.000572	0.000081	0.019617	0.245203	0.000246	0.096566	0.007297	0.607971
83	0.021356	0.000544	0.000078	0.019386	0.247766	0.000241	0.095201	0.007135	0.608293
84	0.020256	0.000515	0.000062	0.019018	0.250279	0.000184	0.094174	0.006850	0.608662
85	0.019177	0.000491	0.000053	0.018524	0.252507	0.000183	0.093307	0.006713	0.609045
86	0.018232	0.000472	0.000045	0.017939	0.254835	0.000173	0.091958	0.006543	0.609803
87	0.017407	0.000438	0.000042	0.017552	0.257268	0.000160	0.091195	0.006362	0.609576
88	0.016501	0.000393	0.000033	0.017083	0.259602	0.000140	0.089833	0.006197	0.610218
89	0.015707	0.000379	0.000031	0.016604	0.262149	0.000143	0.088707	0.006022	0.610258
90	0.014824	0.000342	0.000031	0.016197	0.264221	0.000141	0.087369	0.005984	0.610891
91	0.014158	0.000330	0.000032	0.015800	0.266314	0.000133	0.086460	0.005912	0.610861
92	0.013423	0.000337	0.000033	0.015402	0.268564	0.000125	0.085283	0.005793	0.611040
93	0.012842	0.000346	0.000028	0.015090	0.271003	0.000105	0.084184	0.005668	0.610734
94	0.012072	0.000336	0.000022	0.014749	0.273361	0.000094	0.083308	0.005530	0.610528
95	0.011479	0.000299	0.000012	0.014557	0.275349	0.000086	0.082579	0.005465	0.610174
96	0.010920	0.000258	0.000004	0.014252	0.277129	0.000081	0.081752	0.005243	0.610361
97	0.010336	0.000237	0.000003	0.013860	0.279111	0.000089	0.081130	0.005291	0.609943
98	0.009873	0.000235	0.000004	0.013496	0.281196	0.000093	0.080051	0.005158	0.609894
99	0.009423	0.000230	0.000007	0.013133	0.283271	0.000089	0.079256	0.005073	0.609518
100	0.008849	0.000189	0.000007	0.012900	0.285474	0.000098	0.078414	0.005025	0.609044
101	0.008330	0.000184	0.000005	0.012617	0.287499	0.000090	0.077389	0.004877	0.609009
102	0.007866	0.000169	0.000007	0.012617	0.289028	0.000100	0.076614	0.004805	0.608794
103	0.007407	0.000141	0.000006	0.012362	0.291169	0.000079	0.075356	0.004705	0.608775
104	0.006970	0.000154	0.000007	0.012116	0.293160	0.000078	0.074407	0.004606	0.608502
105	0.006680	0.000147	0.000009	0.011826	0.295109	0.000082	0.073364	0.004527	0.608256
106	0.006330	0.000136	0.000010	0.011565	0.296586	0.000069	0.072371	0.004531	0.608402
107	0.005967	0.000131	0.000005	0.011380	0.298872	0.000059	0.071170	0.004454	0.607962
108	0.005651	0.000127	0.000003	0.011205	0.300249	0.000062	0.070239	0.004393	0.608071
109	0.005386	0.000113	0.000000	0.010980	0.302510	0.000065	0.069436	0.004386	0.607124
110	0.005057	0.000098	0.000000	0.010628	0.304286	0.000063	0.068871	0.004231	0.606766
111	0.004837	0.000090	0.000000	0.010483	0.306183	0.000057	0.067767	0.004253	0.606330
112	0.004578	0.000086	0.000000	0.010298	0.308193	0.000049	0.066632	0.004185	0.605979
113	0.004369	0.000088	0.000000	0.010078	0.310064	0.000037	0.065950	0.004140	0.605274
114	0.004122	0.000081	0.000000	0.009791	0.311895	0.000043	0.065399	0.004089	0.604580
115	0.003925	0.000079	0.000000	0.009630	0.313627	0.000041	0.064336	0.004119	0.604243
116	0.003636	0.000080	0.000000	0.009415	0.315604	0.000039	0.063516	0.004071	0.603639
117	0.003445	0.000074	0.000000	0.009260	0.317350	0.000039	0.062700	0.003934	0.603198
118	0.003192	0.000072	0.000000	0.009147	0.319119	0.000039	0.061767	0.003834	0.602830
119	0.003071	0.000065	0.000000	0.009036	0.320605	0.000027	0.061016	0.003722	0.602458
120	0.002985	0.000060	0.000000	0.008935	0.322626	0.000026	0.060133	0.003677	0.601558
121	0.002858	0.000062	0.000000	0.008818	0.324474	0.000032	0.059335	0.003677	0.600744
122	0.002660	0.000058	0.000000	0.008731	0.326515	0.000028	0.058813	0.003593	0.599602
123	0.002476	0.000057	0.000000	0.008738	0.327917	0.000021	0.057814	0.003555	0.599422
124	0.002351	0.000066	0.000000	0.008564	0.329652	0.000019	0.057396	0.003471	0.598481
125	0.002190	0.000074	0.000000	0.008225	0.331484	0.000021	0.056562	0.003435	0.598009
126	0.002020	0.000072	0.000000	0.008013	0.333299	0.000021	0.055891	0.003294	0.597390
127	0.001947	0.000073	0.000000	0.007831	0.335302	0.000020	0.055144	0.003159	0.596524
128	0.001857	0.000085	0.000000	0.007772	0.336957	0.000019	0.054240	0.003144	0.595926
129	0.001778	0.000071	0.000000	0.007564	0.338604	0.000014	0.053492	0.003112	0.595365
130	0.001757	0.000067	0.000000	0.007480	0.339843	0.000014	0.052704	0.003089	0.595046
131	0.001685	0.000060	0.000000	0.007240	0.341707	0.000017	0.052000	0.003021	0.594270
132	0.001614	0.000052	0.000000	0.007132	0.343133	0.000017	0.051251	0.002953	0.593848
133	0.001489	0.000045	0.000000	0.007042	0.345011	0.000010	0.051118	0.002920	0.592365
134	0.001449	0.000056	0.000000	0.007073	0.346431	0.000013	0.050587	0.002862	0.591529
135	0.001378	0.000049	0.000000	0.006996	0.347992	0.000012	0.049709	0.002803	0.591061
136	0.001304	0.000047	0.000000	0.006723	0.349610	0.000006	0.049043	0.002711	0.590556
137	0.001223	0.000046	0.000000	0.006615	0.351114	0.000009	0.048691	0.002636	0.589666
138	0.001154	0.000042	0.000000	0.006599	0.352936	0.000004	0.048095	0.002553	0.588617
139	0.001117	0.000048	0.000000	0.006519	0.354149	0.000001	0.047792	0.002505	0.587869
140	0.001078	0.000054	0.000000	0.006394	0.355706	0.000001	0.047237	0.002512	0.587018
141	0.001003	0.000055	0.000000	0.006410	0.356828	0.000000	0.046364	0.002418	0.586922
142	0.000980	0.000053	0.000000	0.006357	0.358847	0.000000	0.045997	0.002350	0.585416
143	0.000990	0.000055	0.000000	0.006298	0.360079	0.000000	0.045688	0.002306	0.584584
144	0.000944	0.000055	0.000000	0.006224	0.361793	0.000000	0.045098	0.002302	0.583584
145	0.000946	0.000055	0.000000	0.006234	0.363480	0.000000	0.044517	0.002238	0.582530
146	0.000908	0.000053	0.000000	0.006107	0.364958	0.000000	0.044165	0.002189	0.581620
147	0.000894	0.000041	0.000000	0.006158	0.366535	0.000000	0.043434	0.002145	0.580793
148	0.000830	0.000039	0.000000	0.006099	0.368393	0.000000	0.042941	0.002124	0.579574
149	0.000790	0.000036	0.000000	0.006005	0.370026	0.000000	0.042356	0.002076	0.578711
150	0.000748	0.000040	0.000000	0.005929	0.371483	0.000000	0.041987	0.002043	0.577770
151	0.000707	0.000039	0.000000	0.005879	0.373042	0.000000	0.041456	0.002074	0.576803
152	0.000690	0.000033	0.000000	0.005728	0.374853	0.000000	0.040977	0.002061	0.575658
153	0.000656	0.000030	0.000000	0.005652	0.376098	0.000000	0.040459	0.002067	0.575038
154	0.000634	0.000021	0.000000	0.005665	0.377536	0.000000	0.039913	0.002069	0.574162
155	0.000601	0.000027	0.000000	0.005495	0.379292	0.000000	0.039135	0.002080	0.573370
156	0.000587	0.000027	0.000000	0.005376	0.380687	0.000000	0.038677	0.002049	0.572597
157	0.000570	0.000032	0.000000	0.005385	0.382700	0.000000	0.038150	0.001974	0.571189
158	0.000537	0.000029	0.000000	0.005292	0.384385	0.000000	0.037722	0.001917	0.570118
159	0.000544	0.000023	0.000000	0.005315	0.385754	0.000000	0.037136	0.001871	0.569357
160	0.000508	0.000022	0.000000	0.005208	0.387387	0.000000	0.036822	0.001895	0.568158
161	0.000493	0.000016	0.000000	0.005087	0.388566	0.000000	0.036171	0.001864	0.567803
162	0.000485	0.000010	0.000000	0.005015	0.390080	0.000000	0.035837	0.001769	0.566804
163	0.000485	0.000006	0.000000	0.004857	0.392064	0.000000	0.035510	0.001814	0.565264
164	0.000489	0.000006	0.000000	0.004748	0.393462	0.000000	0.035065	0.001766	0.564464
165	0.000468	0.000001	0.000000	0.004710	0.395032	0.000000	0.034671	0.001717	0.563401
166	0.000456	0.000000	0.000000	0.004629	0.396789	0.000000	0.034204	0.001675	0.562247
167	0.000451	0.000000	0.000000	0.004632	0.398168	0.000000	0.033927	0.001612	0.561210
168	0.000419	0.000000	0.000000	0.004651	0.399738	0.000000	0.033635	0.001551	0.560006
169	0.000411	0.000000	0.000000	0.004590	0.401188	0.000000	0.033282	0.001498	0.559031
170	0.000380	0.000000	0.000000	0.004570	0.402699	0.000000	0.032726	0.001454	0.558171
171	0.000357	0.000000	0.000000	0.004542	0.404041	0.000000	0.032306	0.001423	0.557331
172	0.000339	0.000000	0.000000	0.004469	0.405342	0.000000	0.031840	0.001398	0.556612
173	0.000319	0.000000	0.000000	0.004478	0.406632	0.000000	0.031638	0.001386	0.555547
174	0.000302	0.000000	0.000000	0.004496	0.407657	0.000000	0.031153	0.001393	0.554999
175	0.000291	0.000000	0.000000	0.004369	0.409304	0.000000	0.030789	0.001347	0.553900
176	0.000269	0.000000	0.000000	0.004335	0.410577	0.000000	0.030594	0.001339	0.552886
177	0.000265	0.000000	0.000000	0.004357	0.412000	0.000000	0.030190	0.001304	0.551884
178	0.000260	0.000000	0.000000	0.004335	0.413432	0.000000	0.029862	0.001258	0.550853
179	0.000270	0.000000	0.000000	0.004310	0.414714	0.000000	0.029470	0.001287	0.549949
180	0.000260	0.000000	0.000000	0.004277	0.415963	0.000000	0.029289	0.001267	0.548944
181	0.000258	0.000000	0.000000	0.004231	0.417804	0.000000	0.028851	0.001255	0.547601
182	0.000252	0.000000	0.000000	0.004215	0.419037	0.000000	0.028339	0.001168	0.546989
183	0.000233	0.000000	0.000000	0.004202	0.420626	0.000000	0.028152	0.001133	0.545654
184	0.000232	0.000000	0.000000	0.004168	0.421713	0.000000	0.027968	0.001072	0.544847
185	0.000224	0.000000	0.000000	0.004199	0.422727	0.000000	0.027835	0.001052	0.543963
186	0.000204	0.000000	0.000000	0.004151	0.424191	0.000000	0.027538	0.001026	0.542890
187	0.000194	0.000000	0.000000	0.004097	0.425450	0.000000	0.027160	0.000971	0.542128
188	0.000180	0.000000	0.000000	0.004122	0.426991	0.000000	0.026859	0.000946	0.540902
189	0.000167	0.000000	0.000000	0.004040	0.428743	0.000000	0.026629	0.000911	0.539510
190	0.000161	0.000000	0.000000	0.004022	0.430011	0.000000	0.026299	0.000878	0.538629
191	0.000144	0.000000	0.000000	0.003936	0.431460	0.000000	0.026040	0.000860	0.537560
192	0.000142	0.000000	0.000000	0.003876	0.432876	0.000000	0.025877	0.000835	0.536394
193	0.000134	0.000000	0.000000	0.003786	0.434388	0.000000	0.025563	0.000811	0.535318
194	0.000135	0.000000	0.000000	0.003814	0.435778	0.000000	0.025446	0.000781	0.534046
195	0.000126	0.000000	0.000000	0.003785	0.437063	0.000000	0.025140	0.000737	0.533149
196	0.000133	0.000000	0.000000	0.003694	0.438329	0.000000	0.024840	0.000734	0.532270
197	0.000137	0.000000	0.000000	0.003767	0.439646	0.000000	0.024623	0.000713	0.531114
198	0.000132	0.000000	0.000000	0.003686	0.440835	0.000000	0.024243	0.000703	0.530401
199	0.000125	0.000000	0.000000	0.003680	0.441679	0.000000	0.024116	0.000711	0.529689
200	0.000135	0.000000	0.000000	0.003650	0.443186	0.000000	0.023771	0.000706	0.528552
201	0.000127	0.000000	0.000000	0.003647	0.444236	0.000000	0.023477	0.000717	0.527796
202	0.000130	0.000000	0.000000	0.003609	0.445569	0.000000	0.023250	0.000670	0.526772
203	0.000125	0.000000	0.000000	0.003564	0.446902	0.000000	0.022988	0.000684	0.525737
204	0.000123	0.000000	0.000000	0.003492	0.448622	0.000000	0.022606	0.000656	0.524501
205	0.000130	0.000000	0.000000	0.003537	0.449640	0.000000	0.022480	0.000703	0.523510
206	0.000121	0.000000	0.000000	0.003541	0.450692	0.000000	0.022197	0.000688	0.522761
207	0.000117	0.000000	0.000000	0.003520	0.451942	0.000000	0.021981	0.000651	0.521789
208	0.000117	0.000000	0.000000	0.003482	0.452981	0.000000	0.021808	0.000624	0.520988
209	0.000112	0.000000	0.000000	0.003454	0.454344	0.000000	0.021446	0.000655	0.519989
210	0.000096	0.000000	0.000000	0.003462	0.455488	0.000000	0.021155	0.000643	0.519156
211	0.000085	0.000000	0.000000	0.003527	0.457083	0.000000	0.020800	0.000652	0.517853
212	0.000086	0.000000	0.000000	0.003524	0.458154	0.000000	0.020467	0.000602	0.517167
213	0.000079	0.000000	0.000000	0.003459	0.459789	0.000000	0.020142	0.000631	0.515900
214	0.000083	0.000000	0.000000	0.003475	0.461110	0.000000	0.019989	0.000607	0.514736
215	0.000072	0.000000	0.000000	0.003541	0.462233	0.000000	0.019742	0.000590	0.513822
216	0.000072	0.000000	0.000000	0.003465	0.464048	0.000000	0.019665	0.000577	0.512173
217	0.000065	0.000000	0.000000	0.003512	0.465121	0.000000	0.019366	0.000544	0.511392
218	0.000072	0.000000	0.000000	0.003491	0.466645	0.000000	0.019136	0.000530	0.510126
219	0.000070	0.000000	0.000000	0.003416	0.468099	0.000000	0.018691	0.000518	0.509206
220	0.000069	0.000000	0.000000	0.003418	0.469582	0.000000	0.018473	0.000525	0.507933
221	0.000068	0.000000	0.000000	0.003404	0.470761	0.000000	0.018037	0.000507	0.507223
222	0.000063	0.000000	0.000000	0.003350	0.472203	0.000000	0.017964	0.000501	0.505919
223	0.000065	0.000000	0.000000	0.003324	0.473595	0.000000	0.017864	0.000516	0.504636
224	0.000064	0.000000	0.000000	0.003323	0.475018	0.000000	0.017459	0.000476	0.503660
225	0.000063	0.000000	0.000000	0.003313	0.476405	0.000000	0.017236	0.000469	0.502514
226	0.000065	0.000000	0.000000	0.003280	0.477711	0.000000	0.017066	0.000487	0.501391
227	0.000061	0.000000	0.000000	0.003259	0.479089	0.000000	0.016939	0.000484	0.500168
228	0.000060	0.000000	0.000000	0.003269	0.479738	0.000000	0.016724	0.000473	0.499736
229	0.000054	0.000000	0.000000	0.003220	0.480914	0.000000	0.016573	0.000446	0.498793
230	0.000052	0.000000	0.000000	0.003180	0.482423	0.000000	0.016650	0.000412	0.497283
231	0.000045	0.000000	0.000000	0.003165	0.483895	0.000000	0.016418	0.000430	0.496047
232	0.000046	0.000000	0.000000	0.003144	0.484934	0.000000	0.016164	0.000410	0.495302
233	0.000043	0.000000	0.000000	0.003181	0.486036	0.000000	0.016071	0.000423	0.494246
234	0.000040	0.000000	0.000000	0.003111	0.487284	0.000000	0.015880	0.000408	0.493277
235	0.000043	0.000000	0.000000	0.003117	0.488722	0.000000	0.015683	0.000400	0.492035
236	0.000041	0.000000	0.000000	0.003022	0.489992	0.000000	0.015454	0.000366	0.491125
237	0.000043	0.000000	0.000000	0.002992	0.490840	0.000000	0.015356	0.000367	0.490402
238	0.000035	0.000000	0.000000	0.002988	0.491942	0.000000	0.015120	0.000343	0.489572
239	0.000037	0.000000	0.000000	0.002917	0.493264	0.000000	0.015017	0.000353	0.488412
240	0.000029	0.000000	0.000000	0.002879	0.494402	0.000000	0.014982	0.000332	0.487376
241	0.000030	0.000000	0.000000	0.002860	0.495435	0.000000	0.014773	0.000298	0.486604
242	0.000021	0.000000	0.000000	0.002874	0.496582	0.000000	0.014676	0.000297	0.485550
243	0.000012	0.000000	0.000000	0.002811	0.497405	0.000000	0.014547	0.000262	0.484963
244	0.000009	0.000000	0.000000	0.002844	0.498541	0.000000	0.014386	0.000266	0.483954
245	0.000008	0.000000	0.000000	0.002831	0.499898	0.000000	0.014285	0.000257	0.482721
246	0.000005	0.000000	0.000000	0.002792	0.501281	0.000000	0.014151	0.000240	0.481531
247	0.000006	0.000000	0.000000	0.002754	0.502642	0.000000	0.013958	0.000216	0.480424
248	0.000007	0.000000	0.000000	0.002765	0.503915	0.000000	0.013789	0.000221	0.479303
249	0.000005	0.000000	0.000000	0.002752	0.505056	0.000000	0.013583	0.000193	0.478411
250	0.000005	0.000000	0.000000	0.002776	0.506348	0.000000	0.013518	0.000174	0.477179
251	0.000006	0.000000	0.000000	0.002706	0.507578	0.000000	0.013349	0.000177	0.476184
252	0.000005	0.000000	0.000000	0.002678	0.508840	0.000000	0.013200	0.000169	0.475108
253	0.000005	0.000000	0.000000	0.002629	0.509661	0.000000	0.013085	0.000150	0.474470
254	0.000004	0.000000	0.000000	0.002620	0.511093	0.000000	0.013081	0.000140	0.473062
255	0.000005	0.000000	0.000000	0.002627	0.512248	0.000000	0.012993	0.000143	0.471984
256	0.000005	0.000000	0.000000	0.002591	0.513652	0.000000	0.012997	0.000140	0.470615
257	0.000005	0.000000	0.000000	0.002625	0.514954	0.000000	0.012959	0.000131	0.469326
258	0.000009	0.000000	0.000000	0.002629	0.516010	0.000000	0.012799	0.000130	0.468423
259	0.000006	0.000000	0.000000	0.002599	0.517055	0.000000	0.012739	0.000127	0.467474
260	0.000009	0.000000	0.000000	0.002603	0.518406	0.000000	0.012572	0.000131	0.466279
261	0.000011	0.000000	0.000000	0.002535	0.519667	0.000000	0.012450	0.000143	0.465194
262	0.000009	0.000000	0.000000	0.002466	0.521296	0.000000	0.012276	0.000139	0.463814
263	0.000005	0.000000	0.000000	0.002436	0.522220	0.000000	0.012172	0.000139	0.463028
264	0.000003	0.000000	0.000000	0.002422	0.523510	0.000000	0.011931	0.000141	0.461993
265	0.000003	0.000000	0.000000	0.002395	0.524563	0.000000	0.011726	0.000148	0.461165
266	0.000002	0.000000	0.000000	0.002378	0.525849	0.000000	0.011699	0.000147	0.459925
267	0.000002	0.000000	0.000000	0.002349	0.527116	0.000000	0.011483	0.000151	0.458899
268	0.000003	0.000000	0.000000	0.002328	0.528203	0.000000	0.011479	0.000169	0.457818
269	0.000000	0.000000	0.000000	0.002379	0.529354	0.000000	0.011290	0.000170	0.456807
270	0.000000	0.000000	0.000000	0.002326	0.530427	0.000000	0.011245	0.000170	0.455832
271	0.000000	0.000000	0.000000	0.002367	0.531782	0.000000	0.011046	0.000194	0.454611
272	0.000000	0.000000	0.000000	0.002346	0.532856	0.000000	0.010967	0.000179	0.453652
273	0.000000	0.000000	0.000000	0.002367	0.534008	0.000000	0.010717	0.000169	0.452739
274	0.000000	0.000000	0.000000	0.002312	0.535412	0.000000	0.010518	0.000165	0.451593
275	0.000000	0.000000	0.000000	0.002233	0.536980	0.000000	0.010501	0.000164	0.450122
276	0.000000	0.000000	0.000000	0.002244	0.538137	0.000000	0.010314	0.000151	0.449154
277	0.000000	0.000000	0.000000	0.002295	0.539285	0.000000	0.010231	0.000152	0.448037
278	0.000000	0.000000	0.000000	0.002313	0.540605	0.000000	0.010103	0.000159	0.446820
279	0.000000	0.000000	0.000000	0.002315	0.541602	0.000000	0.010070	0.000152	0.445861
280	0.000000	0.000000	0.000000	0.002309	0.542971	0.000000	0.009920	0.000148	0.444652
281	0.000000	0.000000	0.000000	0.002268	0.544149	0.000000	0.009767	0.000159	0.443657
282	0.000000	0.000000	0.000000	0.002281	0.545421	0.000000	0.009781	0.000145	0.442372
283	0.000000	0.000000	0.000000	0.002343	0.546451	0.000000	0.009526	0.000133	0.441547
284	0.000000	0.000000	0.000000	0.002220	0.547865	0.000000	0.009391	0.000124	0.440400
285	0.000000	0.000000	0.000000	0.002240	0.548731	0.000000	0.009267	0.000132	0.439630
286	0.000000	0.000000	0.000000	0.002211	0.549873	0.000000	0.009219	0.000128	0.438569
287	0.000000	0.000000	0.000000	0.002197	0.551070	0.000000	0.009112	0.000122	0.437499
288	0.000000	0.000000	0.000000	0.002160	0.552415	0.000000	0.009108	0.000120	0.436197
289	0.000000	0.000000	0.000000	0.002152	0.553355	0.000000	0.009032	0.000122	0.435339
290	0.000000	0.000000	0.000000	0.002148	0.554552	0.000000	0.008985	0.000128	0.434187
291	0.000000	0.000000	0.000000	0.002119	0.555734	0.000000	0.008963	0.000137	0.433047
292	0.000000	0.000000	0.000000	0.002196	0.556649	0.000000	0.008845	0.000127	0.432183
293	0.000000	0.000000	0.000000	0.002126	0.558042	0.000000	0.008658	0.000137	0.431037
294	0.000000	0.000000	0.000000	0.002117	0.559107	0.000000	0.008537	0.000131	0.430108
295	0.000000	0.000000	0.000000	0.002104	0.560196	0.000000	0.008428	0.000128	0.429144
296	0.000000	0.000000	0.000000	0.002138	0.561148	0.000000	0.008381	0.000132	0.428201
297	0.000000	0.000000	0.000000	0.002088	0.562553	0.000000	0.008365	0.000139	0.426855
298	0.000000	0.000000	0.000000	0.002094	0.563833	0.000000	0.008261	0.000136	0.425676
299	0.000000	0.000000	0.000000	0.002072	0.565088	0.000000	0.008058	0.000148	0.424634
300	0.000000	0.000000	0.000000	0.002075	0.566220	0.000000	0.008007	0.000145	0.423553
301	0.000000	0.000000	0.000000	0.002095	0.567168	0.000000	0.007857	0.000139	0.422741
302	0.000000	0.000000	0.000000	0.002054	0.568484	0.000000	0.007834	0.000137	0.421491
303	0.000000	0.000000	0.000000	0.002128	0.569336	0.000000	0.007720	0.000137	0.420679
304	0.000000	0.000000	0.000000	0.002115	0.570347	0.000000	0.007679	0.000148	0.419711
305	0.000000	0.000000	0.000000	0.002093	0.571523	0.000000	0.007641	0.000146	0.418597
306	0.000000	0.000000	0.000000	0.002120	0.572373	0.000000	0.007622	0.000156	0.417729
307	0.000000	0.000000	0.000000	0.002085	0.573748	0.000000	0.007473	0.000155	0.416539
308	0.000000	0.000000	0.000000	0.001991	0.574619	0.000000	0.007428	0.000162	0.415800
309	0.000000	0.000000	0.000000	0.002024	0.575719	0.000000	0.007247	0.000162	0.414848
310	0.000000	0.000000	0.000000	0.002030	0.576795	0.000000	0.007163	0.000162	0.413850
311	0.000000	0.000000	0.000000	0.002091	0.577874	0.000000	0.007008	0.000164	0.412863
312	0.000000	0.000000	0.000000	0.002044	0.578809	0.000000	0.006924	0.000163	0.412060
313	0.000000	0.000000	0.000000	0.002012	0.580063	0.000000	0.006793	0.000175	0.410957
314	0.000000	0.000000	0.000000	0.002022	0.580551	0.000000	0.006782	0.000155	0.410490
315	0.000000	0.000000	0.000000	0.002054	0.581763	0.000000	0.006773	0.000154	0.409256
316	0.000000	0.000000	0.000000	0.002065	0.582414	0.000000	0.006713	0.000159	0.408649
317	0.000000	0.000000	0.000000	0.002085	0.583121	0.000000	0.006709	0.000172	0.407913
318	0.000000	0.000000	0.000000	0.002096	0.584623	0.000000	0.006629	0.000160	0.406492
319	0.000000	0.000000	0.000000	0.002120	0.585563	0.000000	0.006516	0.000166	0.405635
320	0.000000	0.000000	0.000000	0.002115	0.586780	0.000000	0.006478	0.000170	0.404457
321	0.000000	0.000000	0.000000	0.002113	0.588060	0.000000	0.006526	0.000174	0.403127
322	0.000000	0.000000	0.000000	0.002074	0.589029	0.000000	0.006422	0.000171	0.402304
323	0.000000	0.000000	0.000000	0.002039	0.589943	0.000000	0.006268	0.000163	0.401587
324	0.000000	0.000000	0.000000	0.002002	0.591029	0.000000	0.006238	0.000164	0.400567
325	0.000000	0.000000	0.000000	0.001975	0.592307	0.000000	0.006172	0.000160	0.399386
326	0.000000	0.000000	0.000000	0.001980	0.593302	0.000000	0.006104	0.000160	0.398454
327	0.000000	0.000000	0.000000	0.001933	0.594045	0.000000	0.006106	0.000144	0.397772
328	0.000000	0.000000	0.000000	0.001997	0.595021	0.000000	0.006009	0.000141	0.396832
329	0.000000	0.000000	0.000000	0.002031	0.596568	0.000000	0.005943	0.000136	0.395322
330	0.000000	0.000000	0.000000	0.002011	0.598095	0.000000	0.005891	0.000140	0.393863
331	0.000000	0.000000	0.000000	0.002015	0.599084	0.000000	0.005831	0.000145	0.392925
332	0.000000	0.000000	0.000000	0.002011	0.600042	0.000000	0.005755	0.000137	0.392055
333	0.000000	0.000000	0.000000	0.001985	0.601111	0.000000	0.005731	0.000138	0.391035
334	0.000000	0.000000	0.000000	0.001950	0.602324	0.000000	0.005628	0.000135	0.389963
335	0.000000	0.000000	0.000000	0.001873	0.603376	0.000000	0.005552	0.000130	0.389069
336	0.000000	0.000000	0.000000	0.001890	0.604767	0.000000	0.005414	0.000135	0.387794
337	0.000000	0.000000	0.000000	0.001865	0.606027	0.000000	0.005329	0.000139	0.386640
338	0.000000	0.000000	0.000000	0.001850	0.606937	0.000000	0.005297	0.000128	0.385788
339	0.000000	0.000000	0.000000	0.001830	0.607986	0.000000	0.005160	0.000133	0.384891
340	0.000000	0.000000	0.000000	0.001875	0.608968	0.000000	0.005077	0.000122	0.383958
341	0.000000	0.000000	0.000000	0.001874	0.610167	0.000000	0.004980	0.000120	0.382859
342	0.000000	0.000000	0.000000	0.001796	0.611281	0.000000	0.005000	0.000131	0.381792
343	0.000000	0.000000	0.000000	0.001753	0.612501	0.000000	0.004975	0.000138	0.380633
344	0.000000	0.000000	0.000000	0.001772	0.613806	0.000000	0.004854	0.000144	0.379424
345	0.000000	0.000000	0.000000	0.001800	0.614474	0.000000	0.004861	0.000144	0.378721
346	0.000000	0.000000	0.000000	0.001809	0.615330	0.000000	0.004696	0.000132	0.378033
347	0.000000	0.000000	0.000000	0.001838	0.616622	0.000000	0.004634	0.000141	0.376765
348	0.000000	0.000000	0.000000	0.001857	0.617876	0.000000	0.004609	0.000151	0.375507
349	0.000000	0.000000	0.000000	0.001849	0.618969	0.000000	0.004514	0.000160	0.374508
350	0.000000	0.000000	0.000000	0.001886	0.620124	0.000000	0.004319	0.000157	0.373514
351	0.000000	0.000000	0.000000	0.001864	0.620999	0.000000	0.004230	0.000168	0.372739
352	0.000000	0.000000	0.000000	0.001835	0.622526	0.000000	0.004229	0.000158	0.371252
353	0.000000	0.000000	0.000000	0.001898	0.623462	0.000000	0.004173	0.000157	0.370310
354	0.000000	0.000000	0.000000	0.001884	0.624549	0.000000	0.004077	0.000159	0.369331
355	0.000000	0.000000	0.000000	0.001877	0.625695	0.000000	0.004045	0.000167	0.368216
356	0.000000	0.000000	0.000000	0.001817	0.626788	0.000000	0.004043	0.000153	0.367199
357	0.000000	0.000000	0.000000	0.001740	0.627778	0.000000	0.004002	0.000148	0.366332
358	0.000000	0.000000	0.000000	0.001753	0.628856	0.000000	0.003985	0.000148	0.365258
359	0.000000	0.000000	0.000000	0.001721	0.630182	0.000000	0.003873	0.000147	0.364077
360	0.000000	0.000000	0.000000	0.001715	0.631115	0.000000	0.003859	0.000143	0.363168
361	0.000000	0.000000	0.000000	0.001753	0.631968	0.000000	0.003813	0.000137	0.362329
362	0.000000	0.000000	0.000000	0.001713	0.633189	0.000000	0.003803	0.000139	0.361156
363	0.000000	0.000000	0.000000	0.001699	0.633992	0.000000	0.003818	0.000134	0.360357
364	0.000000	0.000000	0.000000	0.001683	0.635199	0.000000	0.003743	0.000137	0.359238
365	0.000000	0.000000	0.000000	0.001664	0.635878	0.000000	0.003783	0.000130	0.358545
366	0.000000	0.000000	0.000000	0.001676	0.636808	0.000000	0.003735	0.000112	0.357669
367	0.000000	0.000000	0.000000	0.001705	0.637718	0.000000	0.003695	0.000098	0.356784
368	0.000000	0.000000	0.000000	0.001710	0.638902	0.000000	0.003663	0.000091	0.355634
369	0.000000	0.000000	0.000000	0.001717	0.639649	0.000000	0.003609	0.000087	0.354938
370	0.000000	0.000000	0.000000	0.001715	0.640947	0.000000	0.003499	0.000089	0.353750
371	0.000000	0.000000	0.000000	0.001663	0.641955	0.000000	0.003474	0.000092	0.352816
372	0.000000	0.000000	0.000000	0.001683	0.642754	0.000000	0.003420	0.000103	0.352040
373	0.000000	0.000000	0.000000	0.001654	0.643711	0.000000	0.003409	0.000108	0.351118
374	0.000000	0.000000	0.000000	0.001681	0.644529	0.000000	0.003260	0.000115	0.350415
375	0.000000	0.000000	0.000000	0.001708	0.645854	0.000000	0.003303	0.000111	0.349024
376	0.000000	0.000000	0.000000	0.001745	0.646588	0.000000	0.003310	0.000112	0.348245
377	0.000000	0.000000	0.000000	0.001743	0.647659	0.000000	0.003258	0.000108	0.347232
378	0.000000	0.000000	0.000000	0.001708	0.648679	0.000000	0.003150	0.000116	0.346347
379	0.000000	0.000000	0.000000	0.001704	0.649776	0.000000	0.003118	0.000108	0.345294
380	0.000000	0.000000	0.000000	0.001699	0.650800	0.000000	0.003055	0.000111	0.344335
381	0.000000	0.000000	0.000000	0.001699	0.651574	0.000000	0.003022	0.000118	0.343587
382	0.000000	0.000000	0.000000	0.001687	0.652553	0.000000	0.002998	0.000123	0.342639
383	0.000000	0.000000	0.000000	0.001698	0.653346	0.000000	0.002958	0.000129	0.341869
384	0.000000	0.000000	0.000000	0.001657	0.654535	0.000000	0.002908	0.000109	0.340791
385	0.000000	0.000000	0.000000	0.001647	0.655632	0.000000	0.002838	0.000108	0.339775
386	0.000000	0.000000	0.000000	0.001657	0.656368	0.000000	0.002843	0.000106	0.339026
387	0.000000	0.000000	0.000000	0.001658	0.657282	0.000000	0.002819	0.000090	0.338151
388	0.000000	0.000000	0.000000	0.001662	0.658406	0.000000	0.002746	0.000082	0.337104
389	0.000000	0.000000	0.000000	0.001675	0.659326	0.000000	0.002774	0.000081	0.336144
390	0.000000	0.000000	0.000000	0.001630	0.660273	0.000000	0.002741	0.000077	0.335279
391	0.000000	0.000000	0.000000	0.001651	0.661317	0.000000	0.002654	0.000079	0.334299
392	0.000000	0.000000	0.000000	0.001629	0.662313	0.000000	0.002636	0.000079	0.333343
393	0.000000	0.000000	0.000000	0.001624	0.663354	0.000000	0.002645	0.000071	0.332306
394	0.000000	0.000000	0.000000	0.001626	0.664294	0.000000	0.002653	0.000075	0.331352
395	0.000000	0.000000	0.000000	0.001651	0.665744	0.000000	0.002689	0.000076	0.329840
396	0.000000	0.000000	0.000000	0.001690	0.666416	0.000000	0.002670	0.000089	0.329135
397	0.000000	0.000000	0.000000	0.001684	0.667622	0.000000	0.002639	0.000084	0.327971
398	0.000000	0.000000	0.000000	0.001696	0.668757	0.000000	0.002614	0.000095	0.326838
399	0.000000	0.000000	0.000000	0.001641	0.669398	0.000000	0.002572	0.000092	0.326297
400	0.000000	0.000000	0.000000	0.001658	0.670549	0.000000	0.002591	0.000087	0.325115
401	0.000000	0.000000	0.000000	0.001665	0.671278	0.000000	0.002544	0.000077	0.324436
402	0.000000	0.000000	0.000000	0.001659	0.672332	0.000000	0.002518	0.000077	0.323414
403	0.000000	0.000000	0.000000	0.001682	0.672790	0.000000	0.002566	0.000075	0.322887
404	0.000000	0.000000	0.000000	0.001655	0.673919	0.000000	0.002568	0.000067	0.321791
405	0.000000	0.000000	0.000000	0.001614	0.675205	0.000000	0.002506	0.000070	0.320605
406	0.000000	0.000000	0.000000	0.001573	0.676202	0.000000	0.002525	0.000067	0.319633
407	0.000000	0.000000	0.000000	0.001562	0.676946	0.000000	0.002503	0.000062	0.318927
408	0.000000	0.000000	0.000000	0.001529	0.677856	0.000000	0.002445	0.000057	0.318113
409	0.000000	0.000000	0.000000	0.001542	0.678960	0.000000	0.002433	0.000055	0.317010
410	0.000000	0.000000	0.000000	0.001519	0.680170	0.000000	0.002394	0.000056	0.315861
411	0.000000	0.000000	0.000000	0.001545	0.681317	0.000000	0.002333	0.000045	0.314760
412	0.000000	0.000000	0.000000	0.001559	0.682171	0.000000	0.002361	0.000045	0.313864
413	0.000000	0.000000	0.000000	0.001544	0.682987	0.000000	0.002375	0.000036	0.313058
414	0.000000	0.000000	0.000000	0.001544	0.683892	0.000000	0.002306	0.000028	0.312230
415	0.000000	0.000000	0.000000	0.001568	0.684694	0.000000	0.002301	0.000027	0.311410
416	0.000000	0.000000	0.000000	0.001591	0.685266	0.000000	0.002268	0.000025	0.310850
417	0.000000	0.000000	0.000000	0.001609	0.686246	0.000000	0.002298	0.000025	0.309822
418	0.000000	0.000000	0.000000	0.001560	0.687361	0.000000	0.002287	0.000023	0.308769
419	0.000000	0.000000	0.000000	0.001555	0.688333	0.000000	0.002260	0.000019	0.307833
420	0.000000	0.000000	0.000000	0.001578	0.689217	0.000000	0.002196	0.000016	0.306993
421	0.000000	0.000000	0.000000	0.001600	0.690176	0.000000	0.002168	0.000015	0.306041
422	0.000000	0.000000	0.000000	0.001528	0.691168	0.000000	0.002148	0.000019	0.305137
423	0.000000	0.000000	0.000000	0.001513	0.691916	0.000000	0.002008	0.000019	0.304544
424	0.000000	0.000000	0.000000	0.001494	0.692946	0.000000	0.001954	0.000015	0.303591
425	0.000000	0.000000	0.000000	0.001562	0.694049	0.000000	0.001999	0.000017	0.302373
426	0.000000	0.000000	0.000000	0.001505	0.695179	0.000000	0.002019	0.000020	0.301277
427	0.000000	0.000000	0.000000	0.001461	0.696098	0.000000	0.002021	0.000023	0.300397
428	0.000000	0.000000	0.000000	0.001449	0.697155	0.000000	0.001963	0.000013	0.299420
429	0.000000	0.000000	0.000000	0.001448	0.698169	0.000000	0.001955	0.000010	0.298418
430	0.000000	0.000000	0.000000	0.001465	0.698968	0.000000	0.001875	0.000009	0.297683
431	0.000000	0.000000	0.000000	0.001502	0.699700	0.000000	0.001796	0.000011	0.296991
432	0.000000	0.000000	0.000000	0.001550	0.700409	0.000000	0.001809	0.000011	0.296221
433	0.000000	0.000000	0.000000	0.001517	0.701326	0.000000	0.001819	0.000008	0.295330
434	0.000000	0.000000	0.000000	0.001537	0.702486	0.000000	0.001856	0.000005	0.294116
435	0.000000	0.000000	0.000000	0.001538	0.703450	0.000000	0.001816	0.000007	0.293189
436	0.000000	0.000000	0.000000	0.001540	0.704423	0.000000	0.001793	0.000006	0.292238
437	0.000000	0.000000	0.000000	0.001568	0.705309	0.000000	0.001707	0.000006	0.291410
438	0.000000	0.000000	0.000000	0.001596	0.706072	0.000000	0.001675	0.000004	0.290653
439	0.000000	0.000000	0.000000	0.001583	0.706999	0.000000	0.001661	0.000001	0.289756
440	0.000000	0.000000	0.000000	0.001580	0.707903	0.000000	0.001619	0.000002	0.288896
441	0.000000	0.000000	0.000000	0.001588	0.708563	0.000000	0.001626	0.000003	0.288220
442	0.000000	0.000000	0.000000	0.001596	0.709235	0.000000	0.001651	0.000004	0.287514
443	0.000000	0.000000	0.000000	0.001661	0.709825	0.000000	0.001652	0.000001	0.286861
444	0.000000	0.000000	0.000000	0.001661	0.710746	0.000000	0.001691	0.000004	0.285898
445	0.000000	0.000000	0.000000	0.001658	0.711393	0.000000	0.001669	0.000003	0.285277
446	0.000000	0.000000	0.000000	0.001672	0.712250	0.000000	0.001646	0.000003	0.284429
447	0.000000	0.000000	0.000000	0.001665	0.712789	0.000000	0.001621	0.000001	0.283924
448	0.000000	0.000000	0.000000	0.001681	0.713662	0.000000	0.001633	0.000001	0.283023
449	0.000000	0.000000	0.000000	0.001714	0.714369	0.000000	0.001627	0.000001	0.282289
450	0.000000	0.000000	0.000000	0.001728	0.715312	0.000000	0.001673	0.000001	0.281286
451	0.000000	0.000000	0.000000	0.001746	0.716097	0.000000	0.001627	0.000001	0.280529
452	0.000000	0.000000	0.000000	0.001701	0.716923	0.000000	0.001642	0.000000	0.279734
453	0.000000	0.000000	0.000000	0.001667	0.717801	0.000000	0.001635	0.000000	0.278897
454	0.000000	0.000000	0.000000	0.001679	0.718463	0.000000	0.001667	0.000000	0.278191
455	0.000000	0.000000	0.000000	0.001720	0.719280	0.000000	0.001662	0.000000	0.277338
456	0.000000	0.000000	0.000000	0.001723	0.720482	0.000000	0.001650	0.000000	0.276145
457	0.000000	0.000000	0.000000	0.001742	0.721115	0.000000	0.001614	0.000000	0.275529
458	0.000000	0.000000	0.000000	0.001785	0.721867	0.000000	0.001619	0.000000	0.274729
459	0.000000	0.000000	0.000000	0.001805	0.722500	0.000000	0.001585	0.000000	0.274110
460	0.000000	0.000000	0.000000	0.001817	0.723364	0.000000	0.001595	0.000000	0.273224
461	0.000000	0.000000	0.000000	0.001835	0.724272	0.000000	0.001641	0.000000	0.272252
462	0.000000	0.000000	0.000000	0.001814	0.725239	0.000000	0.001665	0.000000	0.271282
463	0.000000	0.000000	0.000000	0.001766	0.725912	0.000000	0.001642	0.000000	0.270680
464	0.000000	0.000000	0.000000	0.001735	0.726770	0.000000	0.001615	0.000000	0.269880
465	0.000000	0.000000	0.000000	0.001736	0.727590	0.000000	0.001587	0.000000	0.269087
466	0.000000	0.000000	0.000000	0.001697	0.728812	0.000000	0.001632	0.000000	0.267859
467	0.000000	0.000000	0.000000	0.001677	0.729654	0.000000	0.001616	0.000000	0.267053
468	0.000000	0.000000	0.000000	0.001698	0.730374	0.000000	0.001607	0.000000	0.266321
469	0.000000	0.000000	0.000000	0.001708	0.730980	0.000000	0.001605	0.000000	0.265707
470	0.000000	0.000000	0.000000	0.001710	0.731847	0.000000	0.001614	0.000000	0.264829
