0	0.290663	0.057897	0.229473	0.157588	0.029913	0.111872	0.085455	0.012259	0.024880
1	0.231880	0.047828	0.200433	0.135930	0.027725	0.117971	0.121816	0.023913	0.092504
2	0.232114	0.047597	0.198995	0.127837	0.027461	0.111879	0.124572	0.024611	0.104934
3	0.238183	0.047964	0.199804	0.121185	0.027444	0.104225	0.124279	0.024461	0.112455
4	0.245667	0.048250	0.199434	0.115306	0.027601	0.097081	0.122616	0.023898	0.120147
5	0.253943	0.048605	0.199053	0.109629	0.028084	0.089813	0.121064	0.022875	0.126934
6	0.262480	0.048835	0.198535	0.104299	0.028484	0.083107	0.118764	0.021942	0.133554
7	0.271121	0.048865	0.197421	0.099229	0.029005	0.076867	0.116224	0.021172	0.140096
8	0.280515	0.049075	0.195466	0.094526	0.029529	0.070642	0.113210	0.020505	0.146532
9	0.289321	0.049196	0.193672	0.090285	0.030127	0.065128	0.109766	0.019722	0.152783
10	0.297154	0.049675	0.191981	0.085950	0.030896	0.059766	0.106983	0.018950	0.158645
11	0.305239	0.050002	0.189410	0.081932	0.031655	0.055054	0.103998	0.018344	0.164366
12	0.313889	0.050026	0.186443	0.077825	0.032691	0.050616	0.101034	0.017521	0.169955
13	0.322788	0.050163	0.183102	0.073598	0.033586	0.046942	0.097742	0.016823	0.175256
14	0.330401	0.050040	0.180487	0.069707	0.034554	0.043077	0.095031	0.016224	0.180479
15	0.337421	0.050024	0.177105	0.066519	0.035662	0.039583	0.092065	0.015530	0.186091
16	0.345129	0.050206	0.174048	0.063198	0.036707	0.036501	0.088749	0.014949	0.190513
17	0.352610	0.050007	0.171340	0.060075	0.037688	0.033399	0.085723	0.014405	0.194753
18	0.360312	0.050223	0.167440	0.057321	0.038631	0.030816	0.082700	0.013773	0.198784
19	0.366381	0.050153	0.163973	0.054892	0.039973	0.028218	0.079509	0.013120	0.203781
20	0.373304	0.049818	0.159780	0.052667	0.041100	0.026239	0.076950	0.012406	0.207736
21	0.380281	0.049769	0.156280	0.050303	0.042325	0.024097	0.073658	0.012016	0.211271
22	0.387096	0.049532	0.152159	0.047726	0.043490	0.022242	0.071354	0.011504	0.214897
23	0.393551	0.048999	0.149165	0.045442	0.044687	0.020661	0.068375	0.010890	0.218230
24	0.399138	0.048904	0.145514	0.043088	0.046062	0.019106	0.066029	0.010481	0.221678
25	0.405381	0.048624	0.141763	0.040981	0.047555	0.017521	0.063076	0.009912	0.225187
26	0.411067	0.048451	0.137931	0.039124	0.048602	0.016197	0.060649	0.009317	0.228662
27	0.416337	0.048028	0.133761	0.037402	0.050208	0.014748	0.058192	0.008988	0.232336
28	0.421968	0.047799	0.130290	0.035295	0.051681	0.013421	0.055754	0.008666	0.235126
29	0.427427	0.047333	0.127113	0.033464	0.052998	0.012373	0.053046	0.008388	0.237858
30	0.432124	0.047049	0.123119	0.032256	0.054855	0.011551	0.050836	0.007821	0.240389
31	0.437105	0.046656	0.119815	0.030393	0.056474	0.010734	0.048616	0.007407	0.242800
32	0.441840	0.046513	0.116589	0.028932	0.057954	0.009782	0.046599	0.007047	0.244744
33	0.446375	0.045847	0.113175	0.027709	0.059739	0.009122	0.044390	0.006719	0.246924
34	0.451107	0.045407	0.109854	0.026346	0.061706	0.008474	0.042849	0.006172	0.248085
35	0.454696	0.045334	0.106565	0.024985	0.063375	0.007929	0.040743	0.005943	0.250430
36	0.459296	0.044878	0.103616	0.023935	0.064995	0.007288	0.038773	0.005600	0.251619
37	0.463331	0.044574	0.100274	0.022764	0.066879	0.006750	0.037010	0.005415	0.253003
38	0.467252	0.044414	0.097379	0.021900	0.068647	0.006249	0.035289	0.005116	0.253754
39	0.470872	0.043933	0.094072	0.020867	0.070901	0.005778	0.033628	0.004827	0.255122
40	0.473799	0.043513	0.091422	0.020052	0.073222	0.005388	0.032137	0.004497	0.255970
41	0.477173	0.043242	0.088374	0.019308	0.075261	0.005057	0.030243	0.004315	0.257027
42	0.480568	0.042867	0.085343	0.018526	0.077626	0.004659	0.028759	0.004062	0.257590
43	0.483861	0.042890	0.082618	0.017697	0.079336	0.004414	0.027288	0.003913	0.257983
44	0.486933	0.042785	0.079560	0.016970	0.081489	0.004072	0.025879	0.003663	0.258649
45	0.490337	0.042221	0.077217	0.016442	0.083619	0.003767	0.024531	0.003393	0.258473
46	0.493619	0.041792	0.074839	0.015716	0.085922	0.003455	0.023373	0.003247	0.258037
47	0.496618	0.041640	0.072006	0.015066	0.088341	0.003329	0.022215	0.003111	0.257674
48	0.498790	0.041502	0.069846	0.014664	0.090755	0.003033	0.021099	0.002933	0.257378
49	0.501901	0.040922	0.067250	0.014185	0.093302	0.002810	0.020003	0.002787	0.256840
50	0.503814	0.040637	0.065315	0.013690	0.096020	0.002725	0.019190	0.002632	0.255977
51	0.506042	0.040157	0.063374	0.013303	0.098528	0.002574	0.018040	0.002460	0.255522
52	0.508944	0.039568	0.061285	0.012902	0.100852	0.002361	0.017181	0.002346	0.254561
53	0.511316	0.039143	0.059331	0.012496	0.103655	0.002178	0.016338	0.002253	0.253290
54	0.513708	0.038873	0.057733	0.012117	0.106281	0.002104	0.015473	0.002109	0.251602
55	0.515766	0.038241	0.055907	0.011740	0.109496	0.002020	0.014544	0.001964	0.250322
56	0.518172	0.037929	0.053971	0.011389	0.112422	0.001918	0.013651	0.001921	0.248627
57	0.520458	0.037344	0.052255	0.011028	0.115530	0.001821	0.012998	0.001761	0.246805
58	0.521835	0.036945	0.050916	0.010837	0.118624	0.001728	0.012305	0.001644	0.245166
59	0.524467	0.036316	0.049229	0.010514	0.121147	0.001590	0.011526	0.001516	0.243695
60	0.526074	0.036004	0.048103	0.010131	0.124092	0.001579	0.010718	0.001444	0.241855
61	0.527418	0.035434	0.046758	0.009898	0.127295	0.001469	0.010205	0.001352	0.240171
62	0.529347	0.035221	0.045487	0.009639	0.130260	0.001425	0.009584	0.001236	0.237801
63	0.530941	0.034740	0.044163	0.009514	0.133719	0.001276	0.009104	0.001122	0.235421
64	0.532243	0.034576	0.042917	0.009345	0.136959	0.001214	0.008585	0.001048	0.233113
65	0.533855	0.034100	0.041762	0.009014	0.140450	0.001122	0.008146	0.000975	0.230576
66	0.535019	0.033890	0.040186	0.008871	0.143939	0.001075	0.007690	0.000900	0.228430
67	0.536161	0.033381	0.039287	0.008722	0.147094	0.001063	0.007314	0.000815	0.226163
68	0.537277	0.032954	0.038168	0.008586	0.150337	0.001007	0.006911	0.000775	0.223985
69	0.538447	0.032573	0.037137	0.008508	0.153722	0.000948	0.006545	0.000709	0.221411
70	0.539453	0.031954	0.036194	0.008317	0.156856	0.000900	0.006185	0.000667	0.219474
71	0.540350	0.031520	0.035080	0.008167	0.160498	0.000873	0.005808	0.000629	0.217075
72	0.541220	0.031174	0.034489	0.008045	0.163949	0.000817	0.005417	0.000555	0.214334
73	0.542245	0.030862	0.033393	0.007883	0.167347	0.000795	0.005109	0.000545	0.211821
74	0.543607	0.030389	0.032466	0.007754	0.170401	0.000758	0.004873	0.000500	0.209252
75	0.544917	0.030180	0.031216	0.007560	0.173993	0.000766	0.004527	0.000495	0.206346
76	0.545557	0.029493	0.030221	0.007543	0.178055	0.000723	0.004251	0.000475	0.203682
77	0.546992	0.029023	0.029359	0.007329	0.181480	0.000709	0.004112	0.000446	0.200550
78	0.547274	0.028586	0.028889	0.007207	0.185002	0.000692	0.003810	0.000409	0.198131
79	0.547426	0.028206	0.028179	0.007069	0.189441	0.000635	0.003622	0.000346	0.195076
80	0.547663	0.027943	0.027369	0.006785	0.193204	0.000594	0.003387	0.000330	0.192725
81	0.547883	0.027586	0.026613	0.006786	0.197240	0.000598	0.003197	0.000319	0.189778
82	0.548377	0.027041	0.025909	0.006721	0.201076	0.000578	0.002960	0.000284	0.187054
83	0.548317	0.026576	0.025345	0.006631	0.205215	0.000578	0.002706	0.000244	0.184388
84	0.548152	0.026348	0.024863	0.006456	0.209345	0.000521	0.002553	0.000242	0.181520
85	0.548086	0.025939	0.024248	0.006387	0.213462	0.000495	0.002426	0.000228	0.178729
86	0.548001	0.025610	0.023549	0.006334	0.217622	0.000504	0.002243	0.000231	0.175906
87	0.547528	0.025129	0.023058	0.006360	0.222678	0.000503	0.002051	0.000224	0.172469
88	0.547367	0.024736	0.022384	0.006152	0.226812	0.000499	0.001950	0.000210	0.169890
89	0.546993	0.024487	0.021711	0.006004	0.231269	0.000482	0.001832	0.000195	0.167027
90	0.546881	0.023959	0.021219	0.006001	0.235449	0.000462	0.001758	0.000175	0.164096
91	0.546685	0.023684	0.020728	0.005783	0.239634	0.000436	0.001647	0.000171	0.161232
92	0.546151	0.023497	0.020167	0.005747	0.244228	0.000393	0.001505	0.000169	0.158143
93	0.546147	0.023255	0.019720	0.005661	0.248381	0.000377	0.001446	0.000154	0.154859
94	0.545408	0.022843	0.019323	0.005615	0.253002	0.000354	0.001262	0.000139	0.152054
95	0.544354	0.022442	0.019001	0.005510	0.257708	0.000362	0.001201	0.000134	0.149288
96	0.543560	0.022250	0.018681	0.005422	0.262267	0.000355	0.001130	0.000134	0.146201
97	0.542730	0.021793	0.018274	0.005280	0.266992	0.000340	0.001091	0.000127	0.143373
98	0.541368	0.021694	0.017759	0.005144	0.271819	0.000334	0.001003	0.000123	0.140756
99	0.540430	0.021262	0.017433	0.005041	0.276593	0.000329	0.000966	0.000120	0.137826
100	0.538541	0.021037	0.017090	0.005016	0.281570	0.000332	0.000851	0.000098	0.135465
101	0.537882	0.020565	0.016592	0.004877	0.286866	0.000304	0.000777	0.000096	0.132041
102	0.536270	0.020264	0.016285	0.004846	0.291591	0.000291	0.000762	0.000083	0.129608
103	0.534693	0.019801	0.015997	0.004858	0.296549	0.000286	0.000707	0.000080	0.127029
104	0.533216	0.019411	0.015710	0.004871	0.301341	0.000311	0.000681	0.000076	0.124383
105	0.531240	0.019172	0.015258	0.004922	0.306681	0.000311	0.000601	0.000067	0.121748
106	0.530332	0.018685	0.014993	0.004784	0.311587	0.000319	0.000556	0.000054	0.118690
107	0.528711	0.018502	0.014348	0.004738	0.316646	0.000299	0.000509	0.000053	0.116194
108	0.527193	0.018165	0.014084	0.004710	0.321513	0.000264	0.000443	0.000050	0.113578
109	0.525086	0.017783	0.013918	0.004596	0.326679	0.000270	0.000415	0.000035	0.111218
110	0.523606	0.017602	0.013553	0.004494	0.331671	0.000264	0.000359	0.000031	0.108420
111	0.521454	0.017414	0.013215	0.004484	0.337056	0.000248	0.000349	0.000025	0.105755
112	0.519757	0.017228	0.013072	0.004408	0.341841	0.000231	0.000323	0.000022	0.103118
113	0.517657	0.016969	0.012888	0.004355	0.346843	0.000249	0.000302	0.000024	0.100713
114	0.515747	0.016647	0.012604	0.004304	0.352115	0.000225	0.000273	0.000030	0.098055
115	0.513792	0.016345	0.012466	0.004402	0.356772	0.000251	0.000257	0.000022	0.095693
116	0.511157	0.016058	0.012186	0.004407	0.361857	0.000254	0.000234	0.000020	0.093827
117	0.509212	0.015947	0.011844	0.004414	0.366665	0.000246	0.000217	0.000016	0.091439
118	0.507028	0.015771	0.011453	0.004434	0.371870	0.000237	0.000205	0.000017	0.088985
119	0.505155	0.015359	0.011126	0.004390	0.376981	0.000234	0.000206	0.000015	0.086534
120	0.502895	0.014963	0.010819	0.004325	0.381906	0.000213	0.000191	0.000023	0.084665
121	0.500057	0.014669	0.010641	0.004307	0.387426	0.000212	0.000183	0.000018	0.082487
122	0.497261	0.014398	0.010386	0.004274	0.392901	0.000206	0.000172	0.000013	0.080389
123	0.494343	0.014254	0.010253	0.004192	0.398467	0.000206	0.000187	0.000018	0.078080
124	0.491659	0.013977	0.009816	0.004181	0.404100	0.000189	0.000175	0.000016	0.075887
125	0.488949	0.013688	0.009649	0.004261	0.409099	0.000175	0.000161	0.000013	0.074005
126	0.486330	0.013495	0.009447	0.004259	0.414443	0.000168	0.000152	0.000015	0.071691
127	0.482999	0.013240	0.009335	0.004197	0.419966	0.000164	0.000145	0.000015	0.069939
128	0.479937	0.013029	0.009192	0.004211	0.425274	0.000159	0.000121	0.000011	0.068066
129	0.476931	0.012867	0.009016	0.004128	0.430784	0.000148	0.000110	0.000008	0.066008
130	0.473870	0.012577	0.008890	0.004105	0.436287	0.000161	0.000091	0.000007	0.064012
131	0.470703	0.012499	0.008729	0.004000	0.441949	0.000167	0.000079	0.000005	0.061869
132	0.467050	0.012372	0.008635	0.004000	0.447693	0.000161	0.000072	0.000006	0.060011
133	0.463794	0.012106	0.008478	0.003959	0.453095	0.000147	0.000080	0.000007	0.058334
134	0.460369	0.011866	0.008304	0.003931	0.458753	0.000145	0.000082	0.000006	0.056544
135	0.457477	0.011607	0.008081	0.003958	0.463864	0.000148	0.000076	0.000006	0.054783
136	0.454048	0.011521	0.007935	0.003887	0.469133	0.000131	0.000066	0.000005	0.053274
137	0.450021	0.011227	0.007724	0.003776	0.475492	0.000143	0.000064	0.000004	0.051549
138	0.447494	0.011017	0.007592	0.003702	0.479963	0.000147	0.000061	0.000003	0.050021
139	0.443896	0.010781	0.007442	0.003716	0.485333	0.000154	0.000054	0.000002	0.048622
140	0.440190	0.010514	0.007376	0.003656	0.490930	0.000163	0.000064	0.000003	0.047104
141	0.436326	0.010379	0.007238	0.003672	0.496451	0.000156	0.000061	0.000001	0.045716
142	0.432751	0.010293	0.007087	0.003735	0.501608	0.000145	0.000055	0.000002	0.044324
143	0.429737	0.009986	0.006901	0.003771	0.506599	0.000144	0.000057	0.000000	0.042805
144	0.426129	0.009710	0.006955	0.003704	0.511862	0.000161	0.000054	0.000000	0.041425
145	0.421912	0.009564	0.006885	0.003696	0.517483	0.000156	0.000050	0.000000	0.040254
146	0.418235	0.009442	0.006680	0.003625	0.522786	0.000178	0.000042	0.000000	0.039012
147	0.414649	0.009187	0.006528	0.003662	0.527862	0.000153	0.000031	0.000000	0.037928
148	0.410772	0.009070	0.006407	0.003681	0.533315	0.000144	0.000032	0.000000	0.036579
149	0.407644	0.008769	0.006220	0.003645	0.538226	0.000147	0.000039	0.000000	0.035310
150	0.403720	0.008692	0.006076	0.003666	0.543340	0.000153	0.000037	0.000000	0.034316
151	0.400569	0.008484	0.005901	0.003667	0.548034	0.000157	0.000031	0.000000	0.033157
152	0.396625	0.008294	0.005889	0.003716	0.553177	0.000131	0.000033	0.000000	0.032135
153	0.392818	0.008101	0.005699	0.003643	0.558410	0.000144	0.000032	0.000000	0.031153
154	0.389026	0.008059	0.005664	0.003583	0.563350	0.000135	0.000028	0.000000	0.030155
155	0.385271	0.007869	0.005474	0.003511	0.568584	0.000145	0.000023	0.000000	0.029123
156	0.381429	0.007701	0.005312	0.003493	0.573710	0.000146	0.000025	0.000000	0.028184
157	0.377049	0.007542	0.005229	0.003565	0.579110	0.000131	0.000025	0.000000	0.027349
158	0.373194	0.007486	0.005117	0.003505	0.584147	0.000135	0.000031	0.000000	0.026385
159	0.369632	0.007301	0.004923	0.003489	0.589046	0.000139	0.000033	0.000000	0.025437
160	0.365468	0.007173	0.004852	0.003467	0.594152	0.000132	0.000033	0.000000	0.024723
161	0.361255	0.006976	0.004857	0.003489	0.599429	0.000129	0.000030	0.000000	0.023835
162	0.357315	0.006807	0.004654	0.003387	0.604732	0.000138	0.000024	0.000000	0.022943
163	0.353455	0.006500	0.004627	0.003423	0.609691	0.000137	0.000018	0.000000	0.022149
164	0.348964	0.006495	0.004571	0.003394	0.614801	0.000152	0.000012	0.000000	0.021611
165	0.345808	0.006252	0.004414	0.003396	0.619273	0.000151	0.000010	0.000000	0.020696
166	0.341957	0.005991	0.004371	0.003399	0.624181	0.000151	0.000013	0.000000	0.019937
167	0.337907	0.005830	0.004376	0.003418	0.629003	0.000151	0.000015	0.000000	0.019300
168	0.333859	0.005678	0.004351	0.003453	0.633983	0.000147	0.000011	0.000000	0.018518
169	0.329849	0.005626	0.004327	0.003508	0.638687	0.000133	0.000015	0.000000	0.017855
170	0.325911	0.005506	0.004252	0.003503	0.643588	0.000138	0.000012	0.000000	0.017090
171	0.321954	0.005464	0.004162	0.003482	0.648308	0.000146	0.000012	0.000000	0.016472
172	0.318474	0.005226	0.004057	0.003464	0.652603	0.000152	0.000011	0.000000	0.016013
173	0.314114	0.005114	0.003947	0.003476	0.657761	0.000153	0.000010	0.000000	0.015425
174	0.310135	0.004933	0.003761	0.003384	0.662871	0.000136	0.000009	0.000000	0.014771
175	0.305923	0.004923	0.003744	0.003437	0.667571	0.000133	0.000009	0.000000	0.014260
176	0.302356	0.004733	0.003739	0.003489	0.671914	0.000140	0.000009	0.000000	0.013620
177	0.298559	0.004527	0.003586	0.003492	0.676656	0.000133	0.000010	0.000000	0.013037
178	0.294491	0.004439	0.003556	0.003543	0.681331	0.000124	0.000010	0.000000	0.012506
179	0.290623	0.004315	0.003522	0.003576	0.685724	0.000126	0.000005	0.000000	0.012109
180	0.286378	0.004240	0.003390	0.003457	0.690804	0.000135	0.000007	0.000000	0.011589
181	0.282771	0.004077	0.003373	0.003447	0.695025	0.000134	0.000012	0.000000	0.011161
182	0.279075	0.003950	0.003207	0.003387	0.699655	0.000124	0.000017	0.000000	0.010585
183	0.275086	0.003854	0.003198	0.003326	0.704237	0.000135	0.000020	0.000000	0.010144
184	0.271521	0.003731	0.003092	0.003314	0.708380	0.000125	0.000017	0.000000	0.009820
185	0.268242	0.003552	0.003015	0.003290	0.712373	0.000115	0.000012	0.000000	0.009401
186	0.264286	0.003442	0.002932	0.003287	0.716850	0.000125	0.000009	0.000000	0.009069
187	0.260296	0.003333	0.002913	0.003303	0.721399	0.000126	0.000008	0.000000	0.008622
188	0.256676	0.003243	0.002848	0.003282	0.725569	0.000122	0.000009	0.000000	0.008251
189	0.253270	0.003114	0.002729	0.003282	0.729555	0.000129	0.000006	0.000000	0.007915
190	0.249359	0.003139	0.002705	0.003290	0.733825	0.000130	0.000006	0.000000	0.007546
191	0.245868	0.003032	0.002668	0.003362	0.737706	0.000133	0.000003	0.000000	0.007228
192	0.242235	0.002947	0.002634	0.003443	0.741718	0.000124	0.000003	0.000000	0.006896
193	0.238760	0.002878	0.002554	0.003424	0.745673	0.000128	0.000004	0.000000	0.006579
194	0.234976	0.002920	0.002527	0.003405	0.749739	0.000130	0.000005	0.000000	0.006298
195	0.231299	0.002796	0.002485	0.003387	0.753850	0.000148	0.000002	0.000000	0.006033
196	0.227810	0.002707	0.002552	0.003350	0.757623	0.000138	0.000005	0.000000	0.005815
197	0.224092	0.002655	0.002496	0.003324	0.761837	0.000129	0.000004	0.000000	0.005463
198	0.220453	0.002551	0.002520	0.003361	0.765664	0.000130	0.000006	0.000000	0.005315
199	0.217076	0.002498	0.002429	0.003341	0.769459	0.000123	0.000004	0.000000	0.005070
200	0.213581	0.002432	0.002400	0.003391	0.773239	0.000133	0.000006	0.000000	0.004818
201	0.210157	0.002398	0.002367	0.003400	0.776972	0.000115	0.000003	0.000000	0.004588
202	0.206493	0.002293	0.002337	0.003461	0.780954	0.000105	0.000002	0.000000	0.004355
203	0.202815	0.002208	0.002188	0.003392	0.785113	0.000104	0.000004	0.000000	0.004176
204	0.199746	0.002160	0.002138	0.003449	0.788459	0.000100	0.000003	0.000000	0.003945
205	0.196423	0.002134	0.002105	0.003343	0.792072	0.000103	0.000003	0.000000	0.003817
206	0.193231	0.002077	0.002101	0.003327	0.795521	0.000095	0.000008	0.000000	0.003640
207	0.189914	0.002035	0.002042	0.003348	0.799102	0.000100	0.000005	0.000000	0.003454
208	0.186367	0.001991	0.001994	0.003292	0.802966	0.000095	0.000004	0.000000	0.003291
209	0.182908	0.001893	0.001922	0.003334	0.806714	0.000101	0.000003	0.000000	0.003125
210	0.179923	0.001828	0.001927	0.003326	0.809896	0.000109	0.000003	0.000000	0.002988
211	0.176995	0.001712	0.001845	0.003358	0.813075	0.000109	0.000004	0.000000	0.002902
212	0.174136	0.001671	0.001769	0.003341	0.816210	0.000111	0.000003	0.000000	0.002759
213	0.171400	0.001644	0.001778	0.003396	0.819020	0.000094	0.000003	0.000000	0.002665
214	0.168681	0.001653	0.001691	0.003385	0.821946	0.000095	0.000005	0.000000	0.002544
215	0.166030	0.001574	0.001669	0.003415	0.824741	0.000094	0.000004	0.000000	0.002473
216	0.163352	0.001569	0.001632	0.003374	0.827616	0.000100	0.000005	0.000000	0.002352
217	0.160602	0.001509	0.001619	0.003409	0.830473	0.000110	0.000004	0.000000	0.002274
218	0.157551	0.001522	0.001546	0.003393	0.833770	0.000124	0.000002	0.000000	0.002092
219	0.154551	0.001475	0.001512	0.003413	0.836879	0.000117	0.000002	0.000000	0.002051
220	0.151901	0.001457	0.001487	0.003412	0.839655	0.000121	0.000001	0.000000	0.001966
221	0.149105	0.001395	0.001413	0.003469	0.842558	0.000111	0.000001	0.000000	0.001948
222	0.146728	0.001340	0.001388	0.003440	0.845146	0.000106	0.000001	0.000000	0.001851
223	0.143894	0.001335	0.001352	0.003497	0.848038	0.000110	0.000001	0.000000	0.001773
224	0.141194	0.001308	0.001353	0.003450	0.850899	0.000110	0.000000	0.000000	0.001686
225	0.138642	0.001235	0.001308	0.003462	0.853636	0.000107	0.000000	0.000000	0.001610
226	0.136143	0.001217	0.001262	0.003578	0.856176	0.000103	0.000000	0.000000	0.001521
227	0.133788	0.001185	0.001246	0.003568	0.858651	0.000118	0.000000	0.000000	0.001444
228	0.131247	0.001142	0.001236	0.003531	0.861300	0.000102	0.000000	0.000000	0.001442
229	0.129116	0.001101	0.001229	0.003599	0.863491	0.000111	0.000000	0.000000	0.001353
230	0.126647	0.001107	0.001193	0.003574	0.866050	0.000102	0.000000	0.000000	0.001327
231	0.124077	0.001086	0.001163	0.003503	0.868805	0.000103	0.000000	0.000000	0.001263
232	0.121763	0.001041	0.001139	0.003467	0.871272	0.000107	0.000000	0.000000	0.001211
233	0.119236	0.001019	0.001122	0.003405	0.873960	0.000107	0.000000	0.000000	0.001151
234	0.117144	0.001012	0.001088	0.003374	0.876180	0.000102	0.000000	0.000000	0.001100
235	0.114750	0.000992	0.001064	0.003352	0.878673	0.000104	0.000000	0.000000	0.001065
236	0.112470	0.000937	0.001018	0.003339	0.881144	0.000095	0.000000	0.000000	0.000997
237	0.110143	0.000897	0.000987	0.003341	0.883603	0.000089	0.000000	0.000000	0.000940
238	0.108133	0.000892	0.000955	0.003359	0.885682	0.000087	0.000000	0.000000	0.000892
239	0.105956	0.000887	0.000969	0.003428	0.887841	0.000078	0.000000	0.000000	0.000841
240	0.103912	0.000846	0.000929	0.003465	0.889934	0.000075	0.000000	0.000000	0.000839
241	0.101677	0.000791	0.000909	0.003475	0.892267	0.000073	0.000000	0.000000	0.000808
242	0.099722	0.000791	0.000866	0.003403	0.894397	0.000060	0.000000	0.000000	0.000761
243	0.097726	0.000781	0.000875	0.003402	0.896440	0.000062	0.000000	0.000000	0.000714
244	0.095751	0.000789	0.000871	0.003457	0.898367	0.000060	0.000000	0.000000	0.000705
245	0.093791	0.000739	0.000879	0.003418	0.900412	0.000073	0.000000	0.000000	0.000688
246	0.092038	0.000721	0.000860	0.003533	0.902136	0.000068	0.000000	0.000000	0.000644
247	0.090006	0.000734	0.000877	0.003467	0.904248	0.000068	0.000000	0.000000	0.000600
248	0.088053	0.000724	0.000864	0.003482	0.906238	0.000069	0.000000	0.000000	0.000570
249	0.085949	0.000685	0.000829	0.003548	0.908371	0.000069	0.000000	0.000000	0.000549
250	0.084067	0.000633	0.000853	0.003572	0.910292	0.000069	0.000000	0.000000	0.000514
251	0.082229	0.000633	0.000855	0.003462	0.912293	0.000056	0.000000	0.000000	0.000472
252	0.080301	0.000622	0.000845	0.003510	0.914207	0.000059	0.000000	0.000000	0.000456
253	0.078729	0.000591	0.000838	0.003479	0.915876	0.000050	0.000000	0.000000	0.000437
254	0.076952	0.000559	0.000840	0.003492	0.917662	0.000060	0.000000	0.000000	0.000435
255	0.075256	0.000582	0.000819	0.003487	0.919388	0.000059	0.000000	0.000000	0.000409
256	0.073696	0.000565	0.000813	0.003504	0.920994	0.000050	0.000000	0.000000	0.000378
257	0.071918	0.000608	0.000794	0.003497	0.922741	0.000053	0.000000	0.000000	0.000389
258	0.070374	0.000579	0.000786	0.003425	0.924427	0.000049	0.000000	0.000000	0.000360
259	0.068617	0.000570	0.000808	0.003434	0.926160	0.000064	0.000000	0.000000	0.000347
260	0.066830	0.000571	0.000815	0.003415	0.927991	0.000060	0.000000	0.000000	0.000318
261	0.065180	0.000569	0.000809	0.003415	0.929646	0.000064	0.000000	0.000000	0.000317
262	0.063667	0.000516	0.000795	0.003378	0.931303	0.000053	0.000000	0.000000	0.000288
263	0.062341	0.000501	0.000758	0.003379	0.932684	0.000050	0.000000	0.000000	0.000287
264	0.060576	0.000479	0.000737	0.003420	0.934486	0.000049	0.000000	0.000000	0.000253
265	0.059035	0.000464	0.000737	0.003403	0.936043	0.000044	0.000000	0.000000	0.000274
266	0.057896	0.000442	0.000765	0.003365	0.937213	0.000046	0.000000	0.000000	0.000273
267	0.056476	0.000426	0.000735	0.003440	0.938616	0.000049	0.000000	0.000000	0.000258
268	0.055104	0.000399	0.000730	0.003461	0.940004	0.000054	0.000000	0.000000	0.000248
269	0.054084	0.000385	0.000727	0.003504	0.941013	0.000050	0.000000	0.000000	0.000237
270	0.052587	0.000413	0.000675	0.003525	0.942522	0.000052	0.000000	0.000000	0.000226
271	0.051437	0.000383	0.000692	0.003486	0.943722	0.000053	0.000000	0.000000	0.000227
272	0.050044	0.000383	0.000688	0.003433	0.945192	0.000046	0.000000	0.000000	0.000214
273	0.048822	0.000376	0.000669	0.003438	0.946448	0.000045	0.000000	0.000000	0.000202
274	0.047784	0.000370	0.000661	0.003489	0.947460	0.000045	0.000000	0.000000	0.000191
275	0.046442	0.000366	0.000634	0.003514	0.948822	0.000040	0.000000	0.000000	0.000182
276	0.045141	0.000344	0.000633	0.003502	0.950158	0.000036	0.000000	0.000000	0.000186
277	0.044071	0.000367	0.000610	0.003494	0.951255	0.000039	0.000000	0.000000	0.000164
278	0.043131	0.000346	0.000587	0.003535	0.952195	0.000035	0.000000	0.000000	0.000171
279	0.041929	0.000330	0.000562	0.003556	0.953426	0.000037	0.000000	0.000000	0.000160
280	0.041001	0.000316	0.000574	0.003524	0.954400	0.000039	0.000000	0.000000	0.000146
281	0.040006	0.000302	0.000568	0.003545	0.955419	0.000026	0.000000	0.000000	0.000134
282	0.038931	0.000321	0.000569	0.003478	0.956543	0.000031	0.000000	0.000000	0.000127
283	0.037694	0.000299	0.000553	0.003530	0.957779	0.000025	0.000000	0.000000	0.000120
284	0.036927	0.000270	0.000566	0.003546	0.958573	0.000020	0.000000	0.000000	0.000098
285	0.035897	0.000279	0.000559	0.003542	0.959613	0.000023	0.000000	0.000000	0.000087
286	0.035009	0.000262	0.000533	0.003558	0.960547	0.000025	0.000000	0.000000	0.000066
287	0.034166	0.000251	0.000493	0.003533	0.961468	0.000026	0.000000	0.000000	0.000063
288	0.033316	0.000261	0.000494	0.003502	0.962344	0.000032	0.000000	0.000000	0.000051
289	0.032465	0.000248	0.000503	0.003608	0.963094	0.000031	0.000000	0.000000	0.000051
290	0.031630	0.000253	0.000465	0.003720	0.963857	0.000034	0.000000	0.000000	0.000041
291	0.030659	0.000217	0.000459	0.003733	0.964864	0.000028	0.000000	0.000000	0.000040
292	0.029874	0.000218	0.000431	0.003797	0.965621	0.000025	0.000000	0.000000	0.000034
293	0.029095	0.000206	0.000410	0.003828	0.966394	0.000035	0.000000	0.000000	0.000032
294	0.028311	0.000175	0.000408	0.003903	0.967141	0.000035	0.000000	0.000000	0.000027
295	0.027405	0.000172	0.000417	0.003919	0.968028	0.000037	0.000000	0.000000	0.000022
296	0.026736	0.000172	0.000414	0.003909	0.968713	0.000036	0.000000	0.000000	0.000020
297	0.025974	0.000163	0.000427	0.003899	0.969483	0.000037	0.000000	0.000000	0.000017
298	0.025115	0.000164	0.000418	0.003935	0.970312	0.000031	0.000000	0.000000	0.000025
299	0.024419	0.000161	0.000436	0.003917	0.971018	0.000033	0.000000	0.000000	0.000016
300	0.023847	0.000135	0.000425	0.003833	0.971723	0.000025	0.000000	0.000000	0.000012
301	0.023357	0.000143	0.000418	0.003807	0.972234	0.000032	0.000000	0.000000	0.000009
302	0.022728	0.000143	0.000417	0.003853	0.972816	0.000036	0.000000	0.000000	0.000007
303	0.022077	0.000136	0.000420	0.003866	0.973460	0.000037	0.000000	0.000000	0.000004
304	0.021461	0.000144	0.000431	0.003834	0.974095	0.000032	0.000000	0.000000	0.000003
305	0.020981	0.000140	0.000417	0.003800	0.974631	0.000027	0.000000	0.000000	0.000004
306	0.020377	0.000134	0.000411	0.003759	0.975293	0.000024	0.000000	0.000000	0.000002
307	0.019738	0.000145	0.000430	0.003776	0.975893	0.000018	0.000000	0.000000	0.000000
308	0.019161	0.000139	0.000412	0.003809	0.976456	0.000023	0.000000	0.000000	0.000000
309	0.018571	0.000121	0.000387	0.003886	0.977013	0.000022	0.000000	0.000000	0.000000
310	0.018093	0.000126	0.000389	0.003908	0.977462	0.000022	0.000000	0.000000	0.000000
311	0.017528	0.000118	0.000358	0.003891	0.978086	0.000019	0.000000	0.000000	0.000000
312	0.016975	0.000115	0.000346	0.003928	0.978616	0.000020	0.000000	0.000000	0.000000
313	0.016457	0.000109	0.000348	0.003847	0.979217	0.000022	0.000000	0.000000	0.000000
314	0.016034	0.000100	0.000326	0.003862	0.979665	0.000013	0.000000	0.000000	0.000000
315	0.015502	0.000106	0.000332	0.003776	0.980271	0.000013	0.000000	0.000000	0.000000
316	0.015178	0.000093	0.000329	0.003898	0.980486	0.000016	0.000000	0.000000	0.000000
317	0.014769	0.000080	0.000316	0.003861	0.980961	0.000013	0.000000	0.000000	0.000000
318	0.014232	0.000094	0.000292	0.003889	0.981485	0.000008	0.000000	0.000000	0.000000
319	0.013745	0.000084	0.000285	0.003973	0.981901	0.000012	0.000000	0.000000	0.000000
320	0.013384	0.000077	0.000271	0.003938	0.982316	0.000014	0.000000	0.000000	0.000000
321	0.012866	0.000073	0.000262	0.003946	0.982843	0.000010	0.000000	0.000000	0.000000
322	0.012448	0.000067	0.000260	0.003845	0.983369	0.000011	0.000000	0.000000	0.000000
323	0.012176	0.000065	0.000247	0.003848	0.983652	0.000012	0.000000	0.000000	0.000000
324	0.011779	0.000067	0.000249	0.003879	0.984009	0.000017	0.000000	0.000000	0.000000
325	0.011306	0.000064	0.000251	0.003820	0.984543	0.000016	0.000000	0.000000	0.000000
326	0.010963	0.000066	0.000231	0.003871	0.984856	0.000013	0.000000	0.000000	0.000000
327	0.010730	0.000064	0.000229	0.003888	0.985080	0.000009	0.000000	0.000000	0.000000
328	0.010300	0.000051	0.000201	0.003892	0.985542	0.000014	0.000000	0.000000	0.000000
329	0.009907	0.000059	0.000186	0.003915	0.985916	0.000017	0.000000	0.000000	0.000000
330	0.009541	0.000051	0.000183	0.003967	0.986244	0.000014	0.000000	0.000000	0.000000
331	0.009195	0.000048	0.000181	0.003908	0.986652	0.000016	0.000000	0.000000	0.000000
332	0.008870	0.000044	0.000188	0.003934	0.986945	0.000019	0.000000	0.000000	0.000000
333	0.008606	0.000037	0.000174	0.004030	0.987136	0.000017	0.000000	0.000000	0.000000
334	0.008217	0.000033	0.000185	0.003926	0.987626	0.000013	0.000000	0.000000	0.000000
335	0.007963	0.000043	0.000174	0.003865	0.987943	0.000012	0.000000	0.000000	0.000000
336	0.007763	0.000024	0.000172	0.003895	0.988129	0.000017	0.000000	0.000000	0.000000
337	0.007491	0.000017	0.000177	0.004011	0.988293	0.000011	0.000000	0.000000	0.000000
338	0.007253	0.000012	0.000177	0.004024	0.988516	0.000018	0.000000	0.000000	0.000000
339	0.006962	0.000007	0.000164	0.004022	0.988832	0.000013	0.000000	0.000000	0.000000
340	0.006755	0.000009	0.000148	0.004000	0.989069	0.000019	0.000000	0.000000	0.000000
341	0.006525	0.000010	0.000163	0.004093	0.989191	0.000018	0.000000	0.000000	0.000000
342	0.006323	0.000009	0.000140	0.004070	0.989442	0.000016	0.000000	0.000000	0.000000
343	0.006177	0.000007	0.000143	0.004094	0.989561	0.000018	0.000000	0.000000	0.000000
344	0.005935	0.000005	0.000136	0.004085	0.989818	0.000021	0.000000	0.000000	0.000000
345	0.005700	0.000004	0.000142	0.004041	0.990094	0.000019	0.000000	0.000000	0.000000
346	0.005435	0.000006	0.000135	0.004059	0.990340	0.000025	0.000000	0.000000	0.000000
347	0.005249	0.000007	0.000131	0.004095	0.990491	0.000027	0.000000	0.000000	0.000000
348	0.005109	0.000002	0.000126	0.004013	0.990726	0.000024	0.000000	0.000000	0.000000
349	0.004924	0.000000	0.000128	0.003996	0.990924	0.000028	0.000000	0.000000	0.000000
350	0.004786	0.000000	0.000114	0.003990	0.991085	0.000025	0.000000	0.000000	0.000000
351	0.004602	0.000000	0.000128	0.003960	0.991283	0.000027	0.000000	0.000000	0.000000
352	0.004487	0.000000	0.000135	0.004075	0.991278	0.000025	0.000000	0.000000	0.000000
353	0.004285	0.000000	0.000129	0.004073	0.991490	0.000023	0.000000	0.000000	0.000000
354	0.004076	0.000000	0.000114	0.004098	0.991681	0.000031	0.000000	0.000000	0.000000
355	0.003931	0.000000	0.000105	0.004110	0.991822	0.000032	0.000000	0.000000	0.000000
356	0.003796	0.000000	0.000098	0.004123	0.991955	0.000028	0.000000	0.000000	0.000000
357	0.003680	0.000000	0.000095	0.004142	0.992060	0.000023	0.000000	0.000000	0.000000
358	0.003502	0.000000	0.000097	0.004159	0.992209	0.000033	0.000000	0.000000	0.000000
359	0.003373	0.000000	0.000091	0.004118	0.992390	0.000028	0.000000	0.000000	0.000000
360	0.003179	0.000000	0.000103	0.004110	0.992569	0.000039	0.000000	0.000000	0.000000
361	0.003053	0.000000	0.000106	0.004115	0.992682	0.000044	0.000000	0.000000	0.000000
362	0.002952	0.000000	0.000087	0.004121	0.992790	0.000050	0.000000	0.000000	0.000000
363	0.002801	0.000000	0.000076	0.004122	0.992953	0.000048	0.000000	0.000000	0.000000
364	0.002706	0.000000	0.000075	0.004034	0.993146	0.000039	0.000000	0.000000	0.000000
365	0.002602	0.000000	0.000071	0.004127	0.993162	0.000038	0.000000	0.000000	0.000000
366	0.002494	0.000000	0.000064	0.004078	0.993315	0.000049	0.000000	0.000000	0.000000
367	0.002428	0.000000	0.000057	0.004076	0.993397	0.000042	0.000000	0.000000	0.000000
368	0.002283	0.000000	0.000052	0.004086	0.993533	0.000046	0.000000	0.000000	0.000000
369	0.002247	0.000000	0.000044	0.004088	0.993569	0.000052	0.000000	0.000000	0.000000
370	0.002145	0.000000	0.000045	0.004107	0.993655	0.000048	0.000000	0.000000	0.000000
371	0.002048	0.000000	0.000037	0.004089	0.993778	0.000048	0.000000	0.000000	0.000000
372	0.001969	0.000000	0.000037	0.004031	0.993913	0.000050	0.000000	0.000000	0.000000
373	0.001909	0.000000	0.000038	0.004051	0.993948	0.000054	0.000000	0.000000	0.000000
374	0.001828	0.000000	0.000036	0.004006	0.994089	0.000041	0.000000	0.000000	0.000000
375	0.001690	0.000000	0.000038	0.003987	0.994233	0.000052	0.000000	0.000000	0.000000
376	0.001597	0.000000	0.000039	0.004015	0.994302	0.000047	0.000000	0.000000	0.000000
377	0.001572	0.000000	0.000042	0.004032	0.994307	0.000047	0.000000	0.000000	0.000000
378	0.001494	0.000000	0.000035	0.003979	0.994433	0.000059	0.000000	0.000000	0.000000
379	0.001334	0.000000	0.000032	0.004033	0.994549	0.000052	0.000000	0.000000	0.000000
380	0.001260	0.000000	0.000020	0.004050	0.994624	0.000046	0.000000	0.000000	0.000000
381	0.001228	0.000000	0.000026	0.003976	0.994730	0.000040	0.000000	0.000000	0.000000
382	0.001162	0.000000	0.000026	0.004057	0.994708	0.000047	0.000000	0.000000	0.000000
383	0.001101	0.000000	0.000022	0.004032	0.994796	0.000049	0.000000	0.000000	0.000000
384	0.000997	0.000000	0.000028	0.004104	0.994819	0.000052	0.000000	0.000000	0.000000
385	0.000942	0.000000	0.000019	0.004151	0.994839	0.000049	0.000000	0.000000	0.000000
386	0.000848	0.000000	0.000015	0.004151	0.994932	0.000054	0.000000	0.000000	0.000000
387	0.000794	0.000000	0.000013	0.004133	0.995002	0.000058	0.000000	0.000000	0.000000
388	0.000768	0.000000	0.000013	0.004119	0.995043	0.000057	0.000000	0.000000	0.000000
389	0.000746	0.000000	0.000008	0.004154	0.995032	0.000060	0.000000	0.000000	0.000000
390	0.000702	0.000000	0.000007	0.004128	0.995119	0.000044	0.000000	0.000000	0.000000
391	0.000645	0.000000	0.000006	0.004102	0.995204	0.000043	0.000000	0.000000	0.000000
392	0.000572	0.000000	0.000002	0.004114	0.995262	0.000050	0.000000	0.000000	0.000000
393	0.000546	0.000000	0.000001	0.004104	0.995298	0.000051	0.000000	0.000000	0.000000
394	0.000508	0.000000	0.000001	0.004067	0.995384	0.000040	0.000000	0.000000	0.000000
395	0.000485	0.000000	0.000002	0.004050	0.995414	0.000049	0.000000	0.000000	0.000000
396	0.000428	0.000000	0.000002	0.004071	0.995446	0.000053	0.000000	0.000000	0.000000
397	0.000389	0.000000	0.000005	0.004061	0.995496	0.000049	0.000000	0.000000	0.000000
398	0.000344	0.000000	0.000004	0.004062	0.995520	0.000070	0.000000	0.000000	0.000000
399	0.000318	0.000000	0.000003	0.003988	0.995630	0.000061	0.000000	0.000000	0.000000
400	0.000288	0.000000	0.000001	0.004097	0.995565	0.000049	0.000000	0.000000	0.000000
401	0.000257	0.000000	0.000001	0.004014	0.995677	0.000051	0.000000	0.000000	0.000000
402	0.000253	0.000000	0.000001	0.004096	0.995600	0.000050	0.000000	0.000000	0.000000
403	0.000259	0.000000	0.000001	0.004144	0.995539	0.000057	0.000000	0.000000	0.000000
404	0.000253	0.000000	0.000000	0.004119	0.995578	0.000050	0.000000	0.000000	0.000000
405	0.000229	0.000000	0.000000	0.004185	0.995536	0.000050	0.000000	0.000000	0.000000
406	0.000204	0.000000	0.000000	0.004118	0.995634	0.000044	0.000000	0.000000	0.000000
407	0.000176	0.000000	0.000000	0.004129	0.995654	0.000041	0.000000	0.000000	0.000000
408	0.000155	0.000000	0.000000	0.004046	0.995752	0.000047	0.000000	0.000000	0.000000
409	0.000139	0.000000	0.000000	0.004185	0.995624	0.000052	0.000000	0.000000	0.000000
410	0.000128	0.000000	0.000000	0.004145	0.995677	0.000050	0.000000	0.000000	0.000000
411	0.000107	0.000000	0.000000	0.004104	0.995734	0.000055	0.000000	0.000000	0.000000
412	0.000106	0.000000	0.000000	0.004116	0.995721	0.000057	0.000000	0.000000	0.000000
413	0.000104	0.000000	0.000000	0.004124	0.995714	0.000058	0.000000	0.000000	0.000000
414	0.000094	0.000000	0.000000	0.004148	0.995705	0.000053	0.000000	0.000000	0.000000
415	0.000094	0.000000	0.000000	0.004171	0.995682	0.000053	0.000000	0.000000	0.000000
416	0.000079	0.000000	0.000000	0.004129	0.995743	0.000049	0.000000	0.000000	0.000000
417	0.000055	0.000000	0.000000	0.004114	0.995784	0.000047	0.000000	0.000000	0.000000
418	0.000041	0.000000	0.000000	0.004011	0.995906	0.000042	0.000000	0.000000	0.000000
419	0.000038	0.000000	0.000000	0.004102	0.995821	0.000039	0.000000	0.000000	0.000000
420	0.000038	0.000000	0.000000	0.004038	0.995893	0.000031	0.000000	0.000000	0.000000
421	0.000033	0.000000	0.000000	0.004019	0.995911	0.000037	0.000000	0.000000	0.000000
422	0.000025	0.000000	0.000000	0.003996	0.995940	0.000039	0.000000	0.000000	0.000000
423	0.000021	0.000000	0.000000	0.004038	0.995906	0.000035	0.000000	0.000000	0.000000
424	0.000018	0.000000	0.000000	0.004048	0.995899	0.000035	0.000000	0.000000	0.000000
425	0.000020	0.000000	0.000000	0.004080	0.995852	0.000048	0.000000	0.000000	0.000000
426	0.000018	0.000000	0.000000	0.004047	0.995902	0.000033	0.000000	0.000000	0.000000
427	0.000018	0.000000	0.000000	0.004047	0.995899	0.000036	0.000000	0.000000	0.000000
428	0.000016	0.000000	0.000000	0.004140	0.995802	0.000042	0.000000	0.000000	0.000000
429	0.000014	0.000000	0.000000	0.004075	0.995863	0.000048	0.000000	0.000000	0.000000
430	0.000018	0.000000	0.000000	0.004061	0.995868	0.000053	0.000000	0.000000	0.000000
431	0.000014	0.000000	0.000000	0.004085	0.995843	0.000058	0.000000	0.000000	0.000000
432	0.000012	0.000000	0.000000	0.004131	0.995801	0.000056	0.000000	0.000000	0.000000
433	0.000012	0.000000	0.000000	0.004078	0.995852	0.000058	0.000000	0.000000	0.000000
434	0.000010	0.000000	0.000000	0.004053	0.995886	0.000051	0.000000	0.000000	0.000000
435	0.000007	0.000000	0.000000	0.004097	0.995856	0.000040	0.000000	0.000000	0.000000
436	0.000003	0.000000	0.000000	0.004096	0.995859	0.000042	0.000000	0.000000	0.000000
437	0.000003	0.000000	0.000000	0.004127	0.995840	0.000030	0.000000	0.000000	0.000000
438	0.000002	0.000000	0.000000	0.004098	0.995861	0.000039	0.000000	0.000000	0.000000
439	0.000003	0.000000	0.000000	0.004124	0.995827	0.000046	0.000000	0.000000	0.000000
440	0.000004	0.000000	0.000000	0.004123	0.995830	0.000043	0.000000	0.000000	0.000000
441	0.000004	0.000000	0.000000	0.004198	0.995754	0.000044	0.000000	0.000000	0.000000
442	0.000005	0.000000	0.000000	0.004225	0.995720	0.000050	0.000000	0.000000	0.000000
443	0.000004	0.000000	0.000000	0.004245	0.995704	0.000047	0.000000	0.000000	0.000000
444	0.000002	0.000000	0.000000	0.004190	0.995758	0.000050	0.000000	0.000000	0.000000
445	0.000003	0.000000	0.000000	0.004148	0.995799	0.000050	0.000000	0.000000	0.000000
446	0.000001	0.000000	0.000000	0.004143	0.995802	0.000054	0.000000	0.000000	0.000000
447	0.000002	0.000000	0.000000	0.004159	0.995778	0.000061	0.000000	0.000000	0.000000
448	0.000002	0.000000	0.000000	0.004095	0.995849	0.000054	0.000000	0.000000	0.000000
449	0.000001	0.000000	0.000000	0.004059	0.995891	0.000049	0.000000	0.000000	0.000000
450	0.000001	0.000000	0.000000	0.004116	0.995831	0.000052	0.000000	0.000000	0.000000
451	0.000000	0.000000	0.000000	0.004125	0.995823	0.000052	0.000000	0.000000	0.000000
452	0.000000	0.000000	0.000000	0.004110	0.995832	0.000058	0.000000	0.000000	0.000000
453	0.000000	0.000000	0.000000	0.004105	0.995834	0.000061	0.000000	0.000000	0.000000
454	0.000000	0.000000	0.000000	0.004192	0.995759	0.000049	0.000000	0.000000	0.000000
455	0.000000	0.000000	0.000000	0.004245	0.995698	0.000057	0.000000	0.000000	0.000000
456	0.000000	0.000000	0.000000	0.004285	0.995657	0.000058	0.000000	0.000000	0.000000
457	0.000000	0.000000	0.000000	0.004314	0.995633	0.000053	0.000000	0.000000	0.000000
458	0.000000	0.000000	0.000000	0.004346	0.995607	0.000047	0.000000	0.000000	0.000000
459	0.000000	0.000000	0.000000	0.004274	0.995681	0.000045	0.000000	0.000000	0.000000
460	0.000000	0.000000	0.000000	0.004239	0.995719	0.000042	0.000000	0.000000	0.000000
461	0.000000	0.000000	0.000000	0.004281	0.995672	0.000047	0.000000	0.000000	0.000000
462	0.000000	0.000000	0.000000	0.004286	0.995673	0.000041	0.000000	0.000000	0.000000
463	0.000000	0.000000	0.000000	0.004280	0.995677	0.000043	0.000000	0.000000	0.000000
464	0.000000	0.000000	0.000000	0.004365	0.995598	0.000037	0.000000	0.000000	0.000000
465	0.000000	0.000000	0.000000	0.004437	0.995517	0.000046	0.000000	0.000000	0.000000
466	0.000000	0.000000	0.000000	0.004456	0.995513	0.000031	0.000000	0.000000	0.000000
467	0.000000	0.000000	0.000000	0.004396	0.995577	0.000027	0.000000	0.000000	0.000000
468	0.000000	0.000000	0.000000	0.004366	0.995606	0.000028	0.000000	0.000000	0.000000
469	0.000000	0.000000	0.000000	0.004316	0.995664	0.000020	0.000000	0.000000	0.000000
470	0.000000	0.000000	0.000000	0.004326	0.995654	0.000020	0.000000	0.000000	0.000000
