0	0.290663	0.057897	0.229473	0.157588	0.029913	0.111872	0.085455	0.012259	0.024880
1	0.241282	0.049737	0.206569	0.140574	0.028555	0.118562	0.109014	0.021584	0.084123
2	0.248804	0.050568	0.213529	0.135045	0.029143	0.114922	0.101877	0.020388	0.085724
3	0.261798	0.052098	0.222349	0.130485	0.029571	0.110359	0.092075	0.018123	0.083142
4	0.275831	0.053528	0.230646	0.125834	0.030061	0.105568	0.083081	0.016054	0.079397
5	0.289079	0.055030	0.239413	0.120331	0.030700	0.100671	0.074588	0.014235	0.075953
6	0.302981	0.056108	0.247138	0.115452	0.031256	0.095694	0.066654	0.012494	0.072223
7	0.316527	0.056674	0.254380	0.110316	0.031661	0.090459	0.060063	0.011136	0.068784
8	0.329827	0.057590	0.260243	0.105619	0.032445	0.085601	0.053638	0.009815	0.065222
9	0.343491	0.057844	0.266270	0.100521	0.032947	0.080723	0.048083	0.008601	0.061520
10	0.355304	0.058406	0.271679	0.095507	0.033739	0.076462	0.042867	0.007504	0.058532
11	0.367139	0.058452	0.277784	0.090697	0.034459	0.071412	0.038465	0.006568	0.055024
12	0.378381	0.058644	0.282581	0.086223	0.034635	0.067354	0.034099	0.005673	0.052410
13	0.388976	0.059115	0.287787	0.081559	0.035360	0.062787	0.030273	0.004976	0.049167
14	0.399273	0.059403	0.292010	0.077133	0.036037	0.058674	0.026918	0.004293	0.046259
15	0.408381	0.059132	0.296676	0.072956	0.036795	0.055130	0.023559	0.003747	0.043624
16	0.417112	0.059511	0.299959	0.069103	0.037321	0.052104	0.020891	0.003272	0.040727
17	0.425947	0.059064	0.303269	0.064909	0.038129	0.048823	0.018527	0.002911	0.038421
18	0.433773	0.058447	0.306531	0.061287	0.039073	0.046185	0.016286	0.002506	0.035912
19	0.442082	0.058144	0.309109	0.057650	0.039562	0.043278	0.014217	0.002252	0.033706
20	0.449698	0.057746	0.311765	0.054136	0.040137	0.040554	0.012432	0.001942	0.031590
21	0.456308	0.057126	0.313866	0.050908	0.040873	0.038263	0.011062	0.001718	0.029876
22	0.462466	0.056792	0.316217	0.047892	0.041758	0.035619	0.009736	0.001403	0.028117
23	0.467975	0.056399	0.317618	0.045253	0.042751	0.033652	0.008601	0.001275	0.026476
24	0.473464	0.055762	0.319950	0.042295	0.043298	0.031469	0.007765	0.001085	0.024912
25	0.477738	0.055788	0.321544	0.039926	0.044185	0.029568	0.006748	0.000995	0.023508
26	0.482326	0.055422	0.323170	0.037549	0.044920	0.027823	0.005849	0.000886	0.022055
27	0.485969	0.054946	0.324929	0.035430	0.045895	0.026278	0.005126	0.000760	0.020667
28	0.490133	0.054282	0.326157	0.033257	0.046669	0.024791	0.004570	0.000681	0.019460
29	0.493761	0.053940	0.327222	0.031267	0.047756	0.023056	0.004088	0.000638	0.018272
30	0.497170	0.053512	0.327644	0.029647	0.048841	0.021715	0.003699	0.000555	0.017217
31	0.500284	0.052975	0.328424	0.028071	0.049840	0.020569	0.003272	0.000485	0.016080
32	0.503283	0.052641	0.329149	0.026774	0.050664	0.019393	0.002821	0.000435	0.014840
33	0.505744	0.051939	0.329750	0.025450	0.051767	0.018286	0.002566	0.000341	0.014157
34	0.508440	0.051197	0.330301	0.024096	0.053060	0.017239	0.002242	0.000279	0.013146
35	0.509938	0.050856	0.331141	0.022910	0.054425	0.016074	0.001970	0.000238	0.012448
36	0.512484	0.049835	0.331542	0.021963	0.055319	0.015251	0.001700	0.000219	0.011687
37	0.514191	0.049239	0.332006	0.020867	0.056403	0.014606	0.001536	0.000201	0.010951
38	0.515382	0.048300	0.333029	0.019742	0.057745	0.013860	0.001371	0.000160	0.010411
39	0.516501	0.047521	0.334104	0.018769	0.058857	0.013190	0.001230	0.000155	0.009673
40	0.518073	0.046813	0.334556	0.017712	0.060203	0.012371	0.001035	0.000129	0.009108
41	0.518500	0.046575	0.335064	0.016924	0.061671	0.011726	0.000953	0.000104	0.008483
42	0.519594	0.046160	0.335561	0.015896	0.063026	0.010921	0.000779	0.000078	0.007985
43	0.520275	0.045760	0.335823	0.015225	0.064328	0.010377	0.000675	0.000072	0.007465
44	0.520809	0.045050	0.335960	0.014538	0.065836	0.010030	0.000662	0.000067	0.007048
45	0.521807	0.044597	0.335602	0.013802	0.067396	0.009545	0.000608	0.000059	0.006584
46	0.522047	0.044236	0.335713	0.013145	0.068971	0.009025	0.000536	0.000044	0.006283
47	0.522606	0.043413	0.335870	0.012545	0.070531	0.008653	0.000433	0.000031	0.005918
48	0.522403	0.042792	0.336040	0.011819	0.072567	0.008322	0.000386	0.000032	0.005639
49	0.523227	0.042200	0.336149	0.011371	0.073627	0.007867	0.000333	0.000032	0.005194
50	0.523613	0.041552	0.335796	0.010722	0.075629	0.007387	0.000321	0.000024	0.004956
51	0.523605	0.041163	0.335495	0.010213	0.077253	0.007194	0.000275	0.000018	0.004784
52	0.522906	0.040680	0.336439	0.009622	0.078761	0.006777	0.000258	0.000024	0.004533
53	0.522500	0.040376	0.336348	0.009294	0.080609	0.006407	0.000243	0.000020	0.004203
54	0.523132	0.039945	0.335199	0.008947	0.082349	0.006234	0.000216	0.000015	0.003963
55	0.523240	0.039412	0.335212	0.008534	0.083672	0.005950	0.000195	0.000015	0.003770
56	0.522740	0.038980	0.335049	0.008323	0.085484	0.005746	0.000185	0.000013	0.003480
57	0.522421	0.038365	0.334862	0.007919	0.087389	0.005537	0.000190	0.000011	0.003306
58	0.521371	0.038073	0.334882	0.007630	0.089458	0.005278	0.000156	0.000007	0.003145
59	0.521004	0.037409	0.334622	0.007377	0.091455	0.005076	0.000110	0.000008	0.002939
60	0.520835	0.036818	0.333707	0.007072	0.093731	0.004922	0.000106	0.000004	0.002805
61	0.520359	0.036393	0.332971	0.006915	0.095762	0.004777	0.000101	0.000002	0.002720
62	0.519599	0.035900	0.332708	0.006650	0.098002	0.004515	0.000090	0.000004	0.002532
63	0.518923	0.035449	0.332293	0.006301	0.100181	0.004406	0.000076	0.000001	0.002370
64	0.518320	0.035042	0.331325	0.006123	0.102422	0.004370	0.000069	0.000004	0.002325
65	0.517182	0.034782	0.330871	0.005862	0.104825	0.004114	0.000064	0.000002	0.002298
66	0.516124	0.034193	0.330742	0.005649	0.107018	0.004042	0.000065	0.000000	0.002167
67	0.514417	0.033679	0.330941	0.005642	0.109276	0.003890	0.000062	0.000001	0.002092
68	0.513546	0.033556	0.329949	0.005538	0.111641	0.003703	0.000069	0.000001	0.001997
69	0.513260	0.033338	0.328539	0.005369	0.114042	0.003536	0.000049	0.000000	0.001867
70	0.512331	0.032609	0.328121	0.005170	0.116563	0.003422	0.000055	0.000000	0.001729
71	0.511194	0.032242	0.327639	0.005113	0.118860	0.003192	0.000051	0.000000	0.001709
72	0.509919	0.031783	0.327292	0.004859	0.121432	0.003156	0.000042	0.000000	0.001517
73	0.508837	0.031564	0.326104	0.004690	0.124210	0.003062	0.000034	0.000000	0.001499
74	0.507447	0.031371	0.325151	0.004526	0.127231	0.002892	0.000024	0.000000	0.001358
75	0.506034	0.031181	0.324412	0.004368	0.129929	0.002769	0.000029	0.000000	0.001278
76	0.504513	0.030787	0.323820	0.004177	0.133000	0.002540	0.000026	0.000000	0.001137
77	0.502499	0.030381	0.323222	0.003977	0.136236	0.002548	0.000026	0.000000	0.001111
78	0.501263	0.029913	0.322642	0.003892	0.138746	0.002420	0.000022	0.000000	0.001102
79	0.498866	0.029731	0.322318	0.003840	0.141821	0.002380	0.000023	0.000000	0.001021
80	0.497370	0.029352	0.321321	0.003772	0.144903	0.002289	0.000012	0.000000	0.000981
81	0.495747	0.028856	0.320715	0.003599	0.147919	0.002214	0.000011	0.000000	0.000939
82	0.494291	0.028443	0.319732	0.003533	0.151045	0.002088	0.000004	0.000000	0.000864
83	0.493011	0.028204	0.318397	0.003548	0.153928	0.002066	0.000005	0.000000	0.000841
84	0.490873	0.027812	0.317789	0.003508	0.157191	0.002003	0.000003	0.000000	0.000821
85	0.489306	0.027372	0.316926	0.003440	0.160231	0.001981	0.000004	0.000000	0.000740
86	0.487515	0.026800	0.316333	0.003333	0.163403	0.001914	0.000002	0.000000	0.000700
87	0.485289	0.026818	0.315213	0.003324	0.166838	0.001816	0.000004	0.000000	0.000698
88	0.482736	0.026326	0.315435	0.003256	0.169798	0.001753	0.000002	0.000000	0.000694
89	0.480903	0.025777	0.314496	0.003196	0.173190	0.001765	0.000003	0.000000	0.000670
90	0.478956	0.025307	0.313404	0.003232	0.176760	0.001657	0.000002	0.000000	0.000682
91	0.477471	0.024918	0.312266	0.003145	0.179941	0.001608	0.000002	0.000000	0.000649
92	0.475568	0.024524	0.311385	0.003102	0.183188	0.001566	0.000003	0.000000	0.000664
93	0.473698	0.024285	0.310320	0.003024	0.186525	0.001523	0.000001	0.000000	0.000624
94	0.472725	0.023878	0.308695	0.002999	0.189534	0.001563	0.000003	0.000000	0.000603
95	0.470386	0.023628	0.307606	0.002890	0.193432	0.001478	0.000005	0.000000	0.000575
96	0.468086	0.023259	0.306544	0.002835	0.197286	0.001410	0.000004	0.000000	0.000576
97	0.466184	0.022854	0.305191	0.002773	0.201082	0.001375	0.000002	0.000000	0.000539
98	0.464350	0.022668	0.303873	0.002658	0.204554	0.001382	0.000002	0.000000	0.000513
99	0.462224	0.022048	0.302949	0.002563	0.208387	0.001325	0.000002	0.000000	0.000502
100	0.460317	0.021597	0.301930	0.002586	0.211853	0.001244	0.000001	0.000000	0.000472
101	0.457347	0.021338	0.301144	0.002561	0.215880	0.001270	0.000002	0.000000	0.000458
102	0.455622	0.020909	0.299592	0.002478	0.219711	0.001232	0.000002	0.000000	0.000454
103	0.453869	0.020606	0.297932	0.002449	0.223498	0.001207	0.000004	0.000000	0.000435
104	0.451535	0.020548	0.296226	0.002417	0.227648	0.001172	0.000006	0.000000	0.000448
105	0.449035	0.020337	0.295016	0.002399	0.231671	0.001114	0.000003	0.000000	0.000425
106	0.446499	0.020196	0.293613	0.002318	0.235830	0.001145	0.000003	0.000000	0.000396
107	0.444695	0.019814	0.292375	0.002233	0.239388	0.001128	0.000000	0.000000	0.000367
108	0.442383	0.019461	0.290998	0.002245	0.243457	0.001101	0.000001	0.000000	0.000354
109	0.439726	0.019117	0.289883	0.002217	0.247609	0.001087	0.000000	0.000000	0.000361
110	0.436951	0.019010	0.288807	0.002196	0.251641	0.001067	0.000000	0.000000	0.000328
111	0.434624	0.018560	0.287460	0.002112	0.255897	0.001022	0.000000	0.000000	0.000325
112	0.431986	0.018269	0.286342	0.002071	0.260017	0.001021	0.000000	0.000000	0.000294
113	0.429670	0.018023	0.284654	0.002044	0.264354	0.000970	0.000000	0.000000	0.000285
114	0.427055	0.017713	0.283127	0.002077	0.268789	0.001003	0.000000	0.000000	0.000236
115	0.424645	0.017374	0.282084	0.002051	0.272643	0.000961	0.000000	0.000000	0.000242
116	0.421962	0.017257	0.280230	0.001991	0.277365	0.000965	0.000000	0.000000	0.000230
117	0.419457	0.017144	0.278210	0.001950	0.282141	0.000901	0.000000	0.000000	0.000197
118	0.416694	0.016851	0.276722	0.001895	0.286732	0.000933	0.000000	0.000000	0.000173
119	0.414114	0.016699	0.275478	0.001877	0.290712	0.000935	0.000000	0.000000	0.000185
120	0.411511	0.016274	0.273996	0.001820	0.295277	0.000942	0.000000	0.000000	0.000180
121	0.408897	0.015987	0.272185	0.001732	0.300100	0.000928	0.000000	0.000000	0.000171
122	0.405830	0.015637	0.270731	0.001761	0.304981	0.000906	0.000000	0.000000	0.000154
123	0.402714	0.015404	0.269312	0.001740	0.309801	0.000884	0.000000	0.000000	0.000145
124	0.400135	0.014935	0.267880	0.001782	0.314280	0.000844	0.000000	0.000000	0.000144
125	0.397951	0.014499	0.265908	0.001773	0.318859	0.000858	0.000000	0.000000	0.000152
126	0.394650	0.014343	0.264633	0.001739	0.323660	0.000812	0.000000	0.000000	0.000163
127	0.392550	0.013901	0.262827	0.001766	0.327984	0.000822	0.000000	0.000000	0.000150
128	0.389671	0.013607	0.261378	0.001759	0.332627	0.000814	0.000000	0.000000	0.000144
129	0.386710	0.013344	0.260178	0.001703	0.337095	0.000825	0.000000	0.000000	0.000145
130	0.384203	0.013081	0.258297	0.001627	0.341828	0.000823	0.000000	0.000000	0.000141
131	0.381173	0.012806	0.257340	0.001636	0.346061	0.000828	0.000000	0.000000	0.000156
132	0.379052	0.012629	0.255115	0.001620	0.350622	0.000830	0.000000	0.000000	0.000132
133	0.375688	0.012561	0.253661	0.001634	0.355555	0.000785	0.000000	0.000000	0.000116
134	0.372547	0.012308	0.252301	0.001608	0.360375	0.000742	0.000000	0.000000	0.000119
135	0.370010	0.012089	0.250622	0.001579	0.364855	0.000725	0.000000	0.000000	0.000120
136	0.367189	0.011885	0.249059	0.001597	0.369450	0.000710	0.000000	0.000000	0.000110
137	0.364357	0.011697	0.247339	0.001519	0.374263	0.000720	0.000000	0.000000	0.000105
138	0.361082	0.011402	0.245609	0.001542	0.379589	0.000673	0.000000	0.000000	0.000103
139	0.357779	0.011235	0.244277	0.001501	0.384421	0.000675	0.000000	0.000000	0.000112
140	0.354663	0.010871	0.242996	0.001537	0.389148	0.000684	0.000000	0.000000	0.000101
141	0.352533	0.010752	0.241167	0.001588	0.393178	0.000683	0.000000	0.000000	0.000099
142	0.348982	0.010455	0.239944	0.001557	0.398268	0.000686	0.000000	0.000000	0.000108
143	0.346185	0.010321	0.238136	0.001575	0.403016	0.000668	0.000000	0.000000	0.000099
144	0.343124	0.010311	0.236699	0.001626	0.407508	0.000634	0.000000	0.000000	0.000098
145	0.340012	0.010038	0.235297	0.001552	0.412323	0.000671	0.000000	0.000000	0.000107
146	0.337419	0.009927	0.233465	0.001507	0.416945	0.000640	0.000000	0.000000	0.000097
147	0.334436	0.009737	0.231891	0.001467	0.421721	0.000664	0.000000	0.000000	0.000084
148	0.331303	0.009519	0.230156	0.001430	0.426852	0.000646	0.000000	0.000000	0.000094
149	0.328515	0.009373	0.228275	0.001448	0.431664	0.000650	0.000000	0.000000	0.000075
150	0.325941	0.009343	0.226324	0.001471	0.436219	0.000627	0.000000	0.000000	0.000075
151	0.322549	0.009235	0.224798	0.001421	0.441299	0.000628	0.000000	0.000000	0.000070
152	0.319935	0.009029	0.222836	0.001426	0.446078	0.000631	0.000000	0.000000	0.000065
153	0.316899	0.008938	0.221051	0.001388	0.451076	0.000590	0.000000	0.000000	0.000058
154	0.313872	0.008779	0.219298	0.001361	0.456040	0.000591	0.000000	0.000000	0.000059
155	0.310966	0.008652	0.217733	0.001357	0.460645	0.000605	0.000000	0.000000	0.000042
156	0.307813	0.008557	0.215768	0.001307	0.465931	0.000579	0.000000	0.000000	0.000045
157	0.305219	0.008366	0.213604	0.001320	0.470880	0.000568	0.000000	0.000000	0.000043
158	0.302234	0.008218	0.211624	0.001329	0.475988	0.000555	0.000000	0.000000	0.000052
159	0.299153	0.007956	0.209655	0.001320	0.481315	0.000546	0.000000	0.000000	0.000055
160	0.295964	0.007923	0.208072	0.001289	0.486214	0.000503	0.000000	0.000000	0.000035
161	0.292895	0.007698	0.206554	0.001283	0.491066	0.000476	0.000000	0.000000	0.000028
162	0.290369	0.007715	0.204501	0.001297	0.495627	0.000469	0.000000	0.000000	0.000022
163	0.287475	0.007537	0.202446	0.001289	0.500745	0.000487	0.000000	0.000000	0.000021
164	0.284375	0.007361	0.200722	0.001262	0.505791	0.000472	0.000000	0.000000	0.000017
165	0.281493	0.007333	0.199235	0.001214	0.510251	0.000459	0.000000	0.000000	0.000015
166	0.278742	0.007125	0.197375	0.001245	0.515026	0.000463	0.000000	0.000000	0.000024
167	0.275212	0.006906	0.195655	0.001285	0.520467	0.000453	0.000000	0.000000	0.000022
168	0.272840	0.006848	0.193101	0.001263	0.525490	0.000444	0.000000	0.000000	0.000014
169	0.269755	0.006639	0.191389	0.001270	0.530493	0.000431	0.000000	0.000000	0.000023
170	0.267132	0.006596	0.189378	0.001251	0.535207	0.000416	0.000000	0.000000	0.000020
171	0.263938	0.006479	0.187267	0.001274	0.540611	0.000415	0.000000	0.000000	0.000016
172	0.260904	0.006370	0.185162	0.001290	0.545844	0.000417	0.000000	0.000000	0.000013
173	0.258465	0.006228	0.182980	0.001323	0.550587	0.000408	0.000000	0.000000	0.000009
174	0.255396	0.006052	0.181041	0.001264	0.555844	0.000390	0.000000	0.000000	0.000013
175	0.252444	0.005886	0.179325	0.001266	0.560707	0.000365	0.000000	0.000000	0.000007
176	0.250358	0.005671	0.177741	0.001215	0.564624	0.000379	0.000000	0.000000	0.000012
177	0.247279	0.005568	0.175999	0.001209	0.569582	0.000352	0.000000	0.000000	0.000011
178	0.244111	0.005413	0.174411	0.001223	0.574486	0.000348	0.000000	0.000000	0.000008
179	0.240832	0.005214	0.172665	0.001207	0.579691	0.000383	0.000000	0.000000	0.000008
180	0.237983	0.005096	0.170819	0.001230	0.584497	0.000368	0.000000	0.000000	0.000007
181	0.235310	0.005051	0.168610	0.001245	0.589402	0.000370	0.000000	0.000000	0.000012
182	0.232071	0.004836	0.167126	0.001263	0.594323	0.000369	0.000000	0.000000	0.000012
183	0.229358	0.004626	0.165245	0.001281	0.599133	0.000347	0.000000	0.000000	0.000010
184	0.226596	0.004548	0.163615	0.001292	0.603556	0.000383	0.000000	0.000000	0.000010
185	0.223446	0.004487	0.161642	0.001289	0.608757	0.000370	0.000000	0.000000	0.000009
186	0.221327	0.004263	0.159376	0.001292	0.613368	0.000357	0.000000	0.000000	0.000017
187	0.218513	0.004079	0.157456	0.001306	0.618288	0.000348	0.000000	0.000000	0.000010
188	0.215570	0.003968	0.155461	0.001290	0.623308	0.000388	0.000000	0.000000	0.000015
189	0.213051	0.003730	0.153659	0.001266	0.627909	0.000370	0.000000	0.000000	0.000015
190	0.209968	0.003716	0.151861	0.001250	0.632816	0.000376	0.000000	0.000000	0.000013
191	0.208108	0.003633	0.149461	0.001196	0.637225	0.000366	0.000000	0.000000	0.000011
192	0.205507	0.003445	0.147814	0.001194	0.641647	0.000387	0.000000	0.000000	0.000006
193	0.202922	0.003391	0.145828	0.001167	0.646282	0.000399	0.000000	0.000000	0.000011
194	0.200588	0.003274	0.143995	0.001140	0.650586	0.000410	0.000000	0.000000	0.000007
195	0.198177	0.003131	0.142129	0.001109	0.655061	0.000387	0.000000	0.000000	0.000006
196	0.194916	0.003066	0.140735	0.001095	0.659781	0.000403	0.000000	0.000000	0.000004
197	0.192541	0.003029	0.138532	0.001118	0.664385	0.000390	0.000000	0.000000	0.000005
198	0.190215	0.002930	0.136476	0.001092	0.668908	0.000372	0.000000	0.000000	0.000007
199	0.187439	0.002889	0.134411	0.001101	0.673794	0.000362	0.000000	0.000000	0.000004
200	0.184638	0.002756	0.132869	0.001144	0.678215	0.000376	0.000000	0.000000	0.000002
201	0.182441	0.002764	0.130753	0.001182	0.682478	0.000379	0.000000	0.000000	0.000003
202	0.179833	0.002703	0.128834	0.001135	0.687086	0.000407	0.000000	0.000000	0.000002
203	0.177572	0.002598	0.127099	0.001132	0.691209	0.000389	0.000000	0.000000	0.000001
204	0.174596	0.002577	0.125692	0.001146	0.695592	0.000396	0.000000	0.000000	0.000001
205	0.172622	0.002513	0.123640	0.001174	0.699650	0.000395	0.000000	0.000000	0.000006
206	0.170582	0.002437	0.122062	0.001162	0.703357	0.000394	0.000000	0.000000	0.000006
207	0.168007	0.002300	0.120682	0.001173	0.707447	0.000388	0.000000	0.000000	0.000003
208	0.165122	0.002273	0.119166	0.001159	0.711909	0.000368	0.000000	0.000000	0.000003
209	0.162653	0.002149	0.117179	0.001206	0.716477	0.000333	0.000000	0.000000	0.000003
210	0.160350	0.002020	0.115827	0.001229	0.720243	0.000330	0.000000	0.000000	0.000001
211	0.157879	0.001925	0.114238	0.001226	0.724390	0.000341	0.000000	0.000000	0.000001
212	0.156290	0.001862	0.112415	0.001209	0.727890	0.000332	0.000000	0.000000	0.000002
213	0.153746	0.001834	0.110658	0.001197	0.732209	0.000355	0.000000	0.000000	0.000001
214	0.151335	0.001786	0.109418	0.001207	0.735898	0.000356	0.000000	0.000000	0.000000
215	0.149124	0.001769	0.107774	0.001204	0.739766	0.000363	0.000000	0.000000	0.000000
216	0.147060	0.001657	0.106437	0.001263	0.743222	0.000361	0.000000	0.000000	0.000000
217	0.145035	0.001629	0.104241	0.001223	0.747535	0.000337	0.000000	0.000000	0.000000
218	0.142705	0.001539	0.102878	0.001262	0.751276	0.000340	0.000000	0.000000	0.000000
219	0.140677	0.001522	0.101409	0.001192	0.754871	0.000329	0.000000	0.000000	0.000000
220	0.138346	0.001405	0.099873	0.001170	0.758882	0.000324	0.000000	0.000000	0.000000
221	0.136281	0.001391	0.098034	0.001167	0.762800	0.000327	0.000000	0.000000	0.000000
222	0.133978	0.001344	0.096544	0.001120	0.766683	0.000331	0.000000	0.000000	0.000000
223	0.132091	0.001286	0.094864	0.001126	0.770305	0.000328	0.000000	0.000000	0.000000
224	0.130195	0.001304	0.093436	0.001091	0.773624	0.000350	0.000000	0.000000	0.000000
225	0.127891	0.001178	0.092009	0.001131	0.777434	0.000357	0.000000	0.000000	0.000000
226	0.126098	0.001129	0.090716	0.001120	0.780577	0.000360	0.000000	0.000000	0.000000
227	0.123844	0.001055	0.089566	0.001121	0.784058	0.000356	0.000000	0.000000	0.000000
228	0.121839	0.001000	0.088191	0.001082	0.787509	0.000379	0.000000	0.000000	0.000000
229	0.119916	0.001044	0.086497	0.001017	0.791133	0.000393	0.000000	0.000000	0.000000
230	0.118123	0.001043	0.084735	0.001024	0.794688	0.000387	0.000000	0.000000	0.000000
231	0.115937	0.001043	0.083417	0.001040	0.798188	0.000375	0.000000	0.000000	0.000000
232	0.113926	0.001024	0.082119	0.001108	0.801453	0.000370	0.000000	0.000000	0.000000
233	0.111931	0.001015	0.080619	0.001092	0.804976	0.000367	0.000000	0.000000	0.000000
234	0.110004	0.000957	0.079418	0.001086	0.808147	0.000388	0.000000	0.000000	0.000000
235	0.108419	0.000982	0.077872	0.001033	0.811320	0.000374	0.000000	0.000000	0.000000
236	0.107003	0.000949	0.076371	0.001001	0.814310	0.000366	0.000000	0.000000	0.000000
237	0.105371	0.000900	0.075021	0.000965	0.817406	0.000337	0.000000	0.000000	0.000000
238	0.103377	0.000865	0.073878	0.000953	0.820608	0.000319	0.000000	0.000000	0.000000
239	0.101767	0.000817	0.072336	0.000927	0.823821	0.000332	0.000000	0.000000	0.000000
240	0.099735	0.000778	0.071203	0.000974	0.826971	0.000339	0.000000	0.000000	0.000000
241	0.097909	0.000744	0.069829	0.000990	0.830140	0.000388	0.000000	0.000000	0.000000
242	0.096061	0.000743	0.068610	0.000985	0.833235	0.000366	0.000000	0.000000	0.000000
243	0.094242	0.000729	0.067383	0.000980	0.836318	0.000348	0.000000	0.000000	0.000000
244	0.092386	0.000654	0.066110	0.000991	0.839517	0.000342	0.000000	0.000000	0.000000
245	0.090913	0.000617	0.064932	0.000954	0.842258	0.000326	0.000000	0.000000	0.000000
246	0.089321	0.000598	0.063512	0.000947	0.845303	0.000319	0.000000	0.000000	0.000000
247	0.087864	0.000603	0.062407	0.000960	0.847832	0.000334	0.000000	0.000000	0.000000
248	0.086088	0.000563	0.061415	0.000954	0.850652	0.000328	0.000000	0.000000	0.000000
249	0.084710	0.000563	0.060455	0.000934	0.852979	0.000359	0.000000	0.000000	0.000000
250	0.083284	0.000541	0.059282	0.000939	0.855599	0.000355	0.000000	0.000000	0.000000
251	0.081817	0.000510	0.058102	0.000931	0.858274	0.000366	0.000000	0.000000	0.000000
252	0.079949	0.000484	0.056914	0.000930	0.861374	0.000349	0.000000	0.000000	0.000000
253	0.078337	0.000512	0.056037	0.000892	0.863861	0.000361	0.000000	0.000000	0.000000
254	0.076486	0.000464	0.054886	0.000905	0.866881	0.000378	0.000000	0.000000	0.000000
255	0.075323	0.000442	0.053563	0.000862	0.869428	0.000382	0.000000	0.000000	0.000000
256	0.074130	0.000447	0.052472	0.000855	0.871762	0.000334	0.000000	0.000000	0.000000
257	0.072401	0.000454	0.051470	0.000873	0.874464	0.000338	0.000000	0.000000	0.000000
258	0.071107	0.000417	0.050732	0.000880	0.876550	0.000314	0.000000	0.000000	0.000000
259	0.069595	0.000400	0.049556	0.000904	0.879232	0.000313	0.000000	0.000000	0.000000
260	0.068683	0.000380	0.048306	0.000937	0.881364	0.000330	0.000000	0.000000	0.000000
261	0.067077	0.000364	0.047344	0.000943	0.883950	0.000322	0.000000	0.000000	0.000000
262	0.065878	0.000346	0.046381	0.000926	0.886145	0.000324	0.000000	0.000000	0.000000
263	0.064822	0.000306	0.045400	0.000976	0.888147	0.000349	0.000000	0.000000	0.000000
264	0.062995	0.000300	0.044707	0.000923	0.890721	0.000354	0.000000	0.000000	0.000000
265	0.061776	0.000295	0.043814	0.000935	0.892816	0.000364	0.000000	0.000000	0.000000
266	0.060465	0.000301	0.043163	0.000897	0.894809	0.000365	0.000000	0.000000	0.000000
267	0.059229	0.000293	0.042356	0.000893	0.896860	0.000369	0.000000	0.000000	0.000000
268	0.058078	0.000293	0.041474	0.000886	0.898915	0.000354	0.000000	0.000000	0.000000
269	0.057267	0.000246	0.040426	0.000887	0.900811	0.000363	0.000000	0.000000	0.000000
270	0.056079	0.000275	0.039629	0.000860	0.902799	0.000358	0.000000	0.000000	0.000000
271	0.054799	0.000266	0.038955	0.000849	0.904765	0.000366	0.000000	0.000000	0.000000
272	0.053483	0.000256	0.038221	0.000810	0.906859	0.000371	0.000000	0.000000	0.000000
273	0.052553	0.000256	0.037373	0.000849	0.908590	0.000379	0.000000	0.000000	0.000000
274	0.051642	0.000246	0.036512	0.000829	0.910373	0.000398	0.000000	0.000000	0.000000
275	0.050145	0.000238	0.035985	0.000829	0.912373	0.000430	0.000000	0.000000	0.000000
276	0.049114	0.000227	0.034976	0.000835	0.914433	0.000415	0.000000	0.000000	0.000000
277	0.048028	0.000207	0.034389	0.000838	0.916098	0.000440	0.000000	0.000000	0.000000
278	0.047039	0.000189	0.033669	0.000849	0.917834	0.000420	0.000000	0.000000	0.000000
279	0.045831	0.000165	0.033031	0.000848	0.919709	0.000416	0.000000	0.000000	0.000000
280	0.044973	0.000163	0.032288	0.000809	0.921368	0.000399	0.000000	0.000000	0.000000
281	0.044170	0.000174	0.031492	0.000803	0.922959	0.000402	0.000000	0.000000	0.000000
282	0.043224	0.000151	0.030830	0.000773	0.924631	0.000391	0.000000	0.000000	0.000000
283	0.042357	0.000147	0.030141	0.000783	0.926144	0.000428	0.000000	0.000000	0.000000
284	0.041236	0.000132	0.029792	0.000766	0.927638	0.000436	0.000000	0.000000	0.000000
285	0.040403	0.000141	0.028938	0.000774	0.929334	0.000410	0.000000	0.000000	0.000000
286	0.039459	0.000137	0.028532	0.000805	0.930636	0.000431	0.000000	0.000000	0.000000
287	0.038336	0.000128	0.027923	0.000799	0.932392	0.000422	0.000000	0.000000	0.000000
288	0.037588	0.000136	0.027373	0.000787	0.933684	0.000432	0.000000	0.000000	0.000000
289	0.036773	0.000128	0.026671	0.000803	0.935188	0.000437	0.000000	0.000000	0.000000
290	0.035792	0.000111	0.026146	0.000796	0.936683	0.000472	0.000000	0.000000	0.000000
291	0.035004	0.000118	0.025580	0.000850	0.937995	0.000453	0.000000	0.000000	0.000000
292	0.034094	0.000121	0.024950	0.000830	0.939556	0.000449	0.000000	0.000000	0.000000
293	0.033478	0.000122	0.024496	0.000819	0.940612	0.000473	0.000000	0.000000	0.000000
294	0.032638	0.000116	0.023783	0.000827	0.942157	0.000479	0.000000	0.000000	0.000000
295	0.031935	0.000118	0.023256	0.000793	0.943394	0.000504	0.000000	0.000000	0.000000
296	0.031458	0.000117	0.022627	0.000836	0.944464	0.000498	0.000000	0.000000	0.000000
297	0.030699	0.000107	0.021976	0.000846	0.945847	0.000525	0.000000	0.000000	0.000000
298	0.029726	0.000101	0.021701	0.000866	0.947073	0.000533	0.000000	0.000000	0.000000
299	0.028956	0.000102	0.021289	0.000872	0.948230	0.000551	0.000000	0.000000	0.000000
300	0.028426	0.000108	0.020783	0.000859	0.949275	0.000549	0.000000	0.000000	0.000000
301	0.027775	0.000109	0.020322	0.000867	0.950383	0.000544	0.000000	0.000000	0.000000
302	0.027202	0.000098	0.019742	0.000859	0.951549	0.000550	0.000000	0.000000	0.000000
303	0.026473	0.000100	0.019314	0.000820	0.952748	0.000545	0.000000	0.000000	0.000000
304	0.025743	0.000106	0.018828	0.000792	0.954009	0.000522	0.000000	0.000000	0.000000
305	0.025032	0.000104	0.018389	0.000818	0.955100	0.000557	0.000000	0.000000	0.000000
306	0.024454	0.000114	0.017934	0.000807	0.956125	0.000566	0.000000	0.000000	0.000000
307	0.023857	0.000116	0.017506	0.000809	0.957143	0.000569	0.000000	0.000000	0.000000
308	0.023412	0.000120	0.017050	0.000828	0.958035	0.000555	0.000000	0.000000	0.000000
309	0.022771	0.000108	0.016540	0.000830	0.959208	0.000543	0.000000	0.000000	0.000000
310	0.022134	0.000097	0.016184	0.000809	0.960217	0.000559	0.000000	0.000000	0.000000
311	0.021678	0.000103	0.015819	0.000783	0.961046	0.000571	0.000000	0.000000	0.000000
312	0.021039	0.000096	0.015518	0.000775	0.961997	0.000575	0.000000	0.000000	0.000000
313	0.020442	0.000101	0.015283	0.000794	0.962791	0.000589	0.000000	0.000000	0.000000
314	0.019970	0.000072	0.014953	0.000808	0.963623	0.000574	0.000000	0.000000	0.000000
315	0.019593	0.000072	0.014513	0.000807	0.964448	0.000567	0.000000	0.000000	0.000000
316	0.019066	0.000083	0.014236	0.000787	0.965245	0.000583	0.000000	0.000000	0.000000
317	0.018647	0.000076	0.013925	0.000789	0.965983	0.000580	0.000000	0.000000	0.000000
318	0.018234	0.000065	0.013573	0.000815	0.966756	0.000557	0.000000	0.000000	0.000000
319	0.017584	0.000057	0.013339	0.000826	0.967607	0.000587	0.000000	0.000000	0.000000
320	0.017139	0.000051	0.013019	0.000847	0.968361	0.000583	0.000000	0.000000	0.000000
321	0.016788	0.000050	0.012703	0.000868	0.969011	0.000580	0.000000	0.000000	0.000000
322	0.016350	0.000057	0.012413	0.000847	0.969766	0.000567	0.000000	0.000000	0.000000
323	0.015955	0.000056	0.012131	0.000857	0.970377	0.000624	0.000000	0.000000	0.000000
324	0.015564	0.000046	0.011976	0.000859	0.970947	0.000608	0.000000	0.000000	0.000000
325	0.015055	0.000045	0.011832	0.000861	0.971601	0.000606	0.000000	0.000000	0.000000
326	0.014750	0.000047	0.011583	0.000866	0.972128	0.000626	0.000000	0.000000	0.000000
327	0.014410	0.000043	0.011385	0.000895	0.972614	0.000653	0.000000	0.000000	0.000000
328	0.013946	0.000049	0.011099	0.000883	0.973371	0.000652	0.000000	0.000000	0.000000
329	0.013570	0.000052	0.010811	0.000917	0.973997	0.000653	0.000000	0.000000	0.000000
330	0.013080	0.000040	0.010642	0.000944	0.974640	0.000654	0.000000	0.000000	0.000000
331	0.012638	0.000034	0.010392	0.000923	0.975379	0.000634	0.000000	0.000000	0.000000
332	0.012258	0.000034	0.010039	0.000920	0.976106	0.000643	0.000000	0.000000	0.000000
333	0.011890	0.000041	0.009827	0.000904	0.976699	0.000639	0.000000	0.000000	0.000000
334	0.011624	0.000037	0.009438	0.000921	0.977352	0.000628	0.000000	0.000000	0.000000
335	0.011283	0.000045	0.009214	0.000903	0.977904	0.000651	0.000000	0.000000	0.000000
336	0.010945	0.000048	0.009101	0.000890	0.978360	0.000656	0.000000	0.000000	0.000000
337	0.010622	0.000043	0.008866	0.000903	0.978920	0.000646	0.000000	0.000000	0.000000
338	0.010232	0.000043	0.008679	0.000898	0.979505	0.000643	0.000000	0.000000	0.000000
339	0.009849	0.000043	0.008510	0.000914	0.980050	0.000634	0.000000	0.000000	0.000000
340	0.009496	0.000052	0.008181	0.000947	0.980680	0.000644	0.000000	0.000000	0.000000
341	0.009160	0.000057	0.008019	0.000950	0.981156	0.000658	0.000000	0.000000	0.000000
342	0.008860	0.000060	0.007763	0.000959	0.981680	0.000678	0.000000	0.000000	0.000000
343	0.008572	0.000057	0.007598	0.000955	0.982146	0.000672	0.000000	0.000000	0.000000
344	0.008321	0.000067	0.007464	0.000963	0.982546	0.000639	0.000000	0.000000	0.000000
345	0.008003	0.000058	0.007274	0.000950	0.983067	0.000648	0.000000	0.000000	0.000000
346	0.007717	0.000057	0.007071	0.000979	0.983504	0.000672	0.000000	0.000000	0.000000
347	0.007669	0.000057	0.006877	0.000970	0.983721	0.000706	0.000000	0.000000	0.000000
348	0.007447	0.000047	0.006701	0.000996	0.984098	0.000711	0.000000	0.000000	0.000000
349	0.007172	0.000044	0.006544	0.000951	0.984595	0.000694	0.000000	0.000000	0.000000
350	0.006925	0.000042	0.006459	0.000934	0.984946	0.000694	0.000000	0.000000	0.000000
351	0.006651	0.000039	0.006334	0.000962	0.985315	0.000699	0.000000	0.000000	0.000000
352	0.006454	0.000041	0.006184	0.000951	0.985717	0.000653	0.000000	0.000000	0.000000
353	0.006198	0.000042	0.006066	0.000945	0.986105	0.000644	0.000000	0.000000	0.000000
354	0.005954	0.000032	0.005977	0.000943	0.986432	0.000662	0.000000	0.000000	0.000000
355	0.005847	0.000032	0.005824	0.000972	0.986657	0.000668	0.000000	0.000000	0.000000
356	0.005748	0.000025	0.005687	0.001001	0.986885	0.000654	0.000000	0.000000	0.000000
357	0.005520	0.000026	0.005557	0.001008	0.987238	0.000651	0.000000	0.000000	0.000000
358	0.005444	0.000021	0.005389	0.000976	0.987531	0.000639	0.000000	0.000000	0.000000
359	0.005266	0.000019	0.005284	0.000979	0.987837	0.000615	0.000000	0.000000	0.000000
360	0.005028	0.000021	0.005147	0.000976	0.988233	0.000595	0.000000	0.000000	0.000000
361	0.004914	0.000022	0.004960	0.001001	0.988509	0.000594	0.000000	0.000000	0.000000
362	0.004726	0.000016	0.004867	0.000978	0.988807	0.000606	0.000000	0.000000	0.000000
363	0.004505	0.000015	0.004714	0.000979	0.989179	0.000608	0.000000	0.000000	0.000000
364	0.004368	0.000016	0.004513	0.000964	0.989509	0.000630	0.000000	0.000000	0.000000
365	0.004247	0.000014	0.004454	0.000949	0.989747	0.000589	0.000000	0.000000	0.000000
366	0.004153	0.000012	0.004280	0.000947	0.989999	0.000609	0.000000	0.000000	0.000000
367	0.004020	0.000011	0.004195	0.000925	0.990254	0.000595	0.000000	0.000000	0.000000
368	0.003963	0.000010	0.004064	0.000948	0.990423	0.000592	0.000000	0.000000	0.000000
369	0.003839	0.000012	0.003921	0.000924	0.990714	0.000590	0.000000	0.000000	0.000000
370	0.003705	0.000011	0.003879	0.000938	0.990853	0.000614	0.000000	0.000000	0.000000
371	0.003643	0.000007	0.003713	0.000917	0.991103	0.000617	0.000000	0.000000	0.000000
372	0.003477	0.000006	0.003655	0.000947	0.991317	0.000598	0.000000	0.000000	0.000000
373	0.003389	0.000006	0.003524	0.000892	0.991570	0.000619	0.000000	0.000000	0.000000
374	0.003282	0.000009	0.003406	0.000900	0.991771	0.000632	0.000000	0.000000	0.000000
375	0.003159	0.000012	0.003301	0.000901	0.991983	0.000644	0.000000	0.000000	0.000000
376	0.003090	0.000009	0.003204	0.000903	0.992157	0.000637	0.000000	0.000000	0.000000
377	0.002992	0.000008	0.003111	0.000937	0.992311	0.000641	0.000000	0.000000	0.000000
378	0.002898	0.000009	0.003053	0.000922	0.992486	0.000632	0.000000	0.000000	0.000000
379	0.002799	0.000005	0.002980	0.000926	0.992673	0.000617	0.000000	0.000000	0.000000
380	0.002685	0.000003	0.002915	0.000994	0.992782	0.000621	0.000000	0.000000	0.000000
381	0.002599	0.000005	0.002862	0.001008	0.992921	0.000605	0.000000	0.000000	0.000000
382	0.002516	0.000005	0.002754	0.001012	0.993129	0.000584	0.000000	0.000000	0.000000
383	0.002371	0.000006	0.002687	0.001031	0.993282	0.000623	0.000000	0.000000	0.000000
384	0.002296	0.000005	0.002661	0.001003	0.993417	0.000618	0.000000	0.000000	0.000000
385	0.002282	0.000005	0.002608	0.001012	0.993480	0.000613	0.000000	0.000000	0.000000
386	0.002173	0.000004	0.002536	0.000993	0.993683	0.000611	0.000000	0.000000	0.000000
387	0.002149	0.000005	0.002487	0.000987	0.993743	0.000629	0.000000	0.000000	0.000000
388	0.002049	0.000004	0.002456	0.001013	0.993852	0.000626	0.000000	0.000000	0.000000
389	0.001987	0.000006	0.002409	0.001046	0.993940	0.000612	0.000000	0.000000	0.000000
390	0.001923	0.000004	0.002309	0.001050	0.994114	0.000600	0.000000	0.000000	0.000000
391	0.001889	0.000009	0.002261	0.001049	0.994215	0.000577	0.000000	0.000000	0.000000
392	0.001792	0.000009	0.002211	0.001049	0.994374	0.000565	0.000000	0.000000	0.000000
393	0.001788	0.000006	0.002128	0.001056	0.994444	0.000578	0.000000	0.000000	0.000000
394	0.001698	0.000007	0.002108	0.001013	0.994631	0.000543	0.000000	0.000000	0.000000
395	0.001745	0.000007	0.002033	0.001039	0.994623	0.000553	0.000000	0.000000	0.000000
396	0.001672	0.000007	0.001930	0.001048	0.994801	0.000542	0.000000	0.000000	0.000000
397	0.001598	0.000007	0.001903	0.001008	0.994951	0.000533	0.000000	0.000000	0.000000
398	0.001608	0.000006	0.001865	0.001036	0.994944	0.000541	0.000000	0.000000	0.000000
399	0.001567	0.000006	0.001789	0.001017	0.995107	0.000514	0.000000	0.000000	0.000000
400	0.001519	0.000006	0.001781	0.001013	0.995170	0.000511	0.000000	0.000000	0.000000
401	0.001459	0.000009	0.001752	0.001016	0.995264	0.000500	0.000000	0.000000	0.000000
402	0.001445	0.000008	0.001740	0.000997	0.995291	0.000519	0.000000	0.000000	0.000000
403	0.001366	0.000012	0.001703	0.001064	0.995349	0.000506	0.000000	0.000000	0.000000
404	0.001329	0.000007	0.001688	0.001057	0.995452	0.000467	0.000000	0.000000	0.000000
405	0.001259	0.000007	0.001670	0.001032	0.995562	0.000470	0.000000	0.000000	0.000000
406	0.001234	0.000006	0.001615	0.001040	0.995619	0.000486	0.000000	0.000000	0.000000
407	0.001166	0.000005	0.001583	0.001061	0.995711	0.000474	0.000000	0.000000	0.000000
408	0.001104	0.000004	0.001503	0.001066	0.995825	0.000498	0.000000	0.000000	0.000000
409	0.001054	0.000005	0.001490	0.001028	0.995931	0.000492	0.000000	0.000000	0.000000
410	0.001084	0.000003	0.001413	0.001025	0.995988	0.000487	0.000000	0.000000	0.000000
411	0.001045	0.000005	0.001405	0.001042	0.995991	0.000512	0.000000	0.000000	0.000000
412	0.001025	0.000003	0.001367	0.001039	0.996076	0.000490	0.000000	0.000000	0.000000
413	0.000993	0.000001	0.001337	0.001027	0.996149	0.000493	0.000000	0.000000	0.000000
414	0.000949	0.000003	0.001323	0.001086	0.996162	0.000477	0.000000	0.000000	0.000000
415	0.000894	0.000003	0.001321	0.001095	0.996217	0.000470	0.000000	0.000000	0.000000
416	0.000869	0.000001	0.001303	0.001111	0.996262	0.000454	0.000000	0.000000	0.000000
417	0.000835	0.000000	0.001254	0.001112	0.996343	0.000456	0.000000	0.000000	0.000000
418	0.000798	0.000000	0.001224	0.001148	0.996358	0.000472	0.000000	0.000000	0.000000
419	0.000775	0.000000	0.001202	0.001140	0.996379	0.000504	0.000000	0.000000	0.000000
420	0.000762	0.000000	0.001159	0.001135	0.996420	0.000524	0.000000	0.000000	0.000000
421	0.000719	0.000000	0.001130	0.001124	0.996522	0.000505	0.000000	0.000000	0.000000
422	0.000688	0.000000	0.001075	0.001129	0.996582	0.000526	0.000000	0.000000	0.000000
423	0.000628	0.000000	0.001056	0.001127	0.996664	0.000525	0.000000	0.000000	0.000000
424	0.000608	0.000000	0.001030	0.001165	0.996682	0.000515	0.000000	0.000000	0.000000
425	0.000591	0.000000	0.001034	0.001173	0.996720	0.000482	0.000000	0.000000	0.000000
426	0.000550	0.000000	0.001012	0.001204	0.996758	0.000476	0.000000	0.000000	0.000000
427	0.000533	0.000000	0.000974	0.001257	0.996778	0.000458	0.000000	0.000000	0.000000
428	0.000507	0.000000	0.000943	0.001234	0.996834	0.000482	0.000000	0.000000	0.000000
429	0.000512	0.000000	0.000910	0.001202	0.996881	0.000495	0.000000	0.000000	0.000000
430	0.000485	0.000000	0.000878	0.001192	0.996971	0.000474	0.000000	0.000000	0.000000
431	0.000470	0.000000	0.000836	0.001142	0.997068	0.000484	0.000000	0.000000	0.000000
432	0.000459	0.000000	0.000827	0.001147	0.997048	0.000519	0.000000	0.000000	0.000000
433	0.000446	0.000000	0.000791	0.001165	0.997090	0.000508	0.000000	0.000000	0.000000
434	0.000425	0.000000	0.000796	0.001180	0.997094	0.000505	0.000000	0.000000	0.000000
435	0.000414	0.000000	0.000749	0.001174	0.997172	0.000491	0.000000	0.000000	0.000000
436	0.000374	0.000000	0.000730	0.001208	0.997191	0.000497	0.000000	0.000000	0.000000
437	0.000388	0.000000	0.000705	0.001145	0.997263	0.000499	0.000000	0.000000	0.000000
438	0.000388	0.000000	0.000700	0.001170	0.997229	0.000513	0.000000	0.000000	0.000000
439	0.000393	0.000000	0.000671	0.001140	0.997280	0.000516	0.000000	0.000000	0.000000
440	0.000377	0.000000	0.000662	0.001156	0.997312	0.000493	0.000000	0.000000	0.000000
441	0.000380	0.000000	0.000631	0.001170	0.997310	0.000509	0.000000	0.000000	0.000000
442	0.000371	0.000000	0.000595	0.001179	0.997351	0.000504	0.000000	0.000000	0.000000
443	0.000353	0.000000	0.000583	0.001160	0.997409	0.000495	0.000000	0.000000	0.000000
444	0.000367	0.000000	0.000591	0.001151	0.997406	0.000485	0.000000	0.000000	0.000000
445	0.000330	0.000000	0.000572	0.001183	0.997439	0.000476	0.000000	0.000000	0.000000
446	0.000343	0.000000	0.000563	0.001221	0.997408	0.000465	0.000000	0.000000	0.000000
447	0.000329	0.000000	0.000526	0.001230	0.997444	0.000471	0.000000	0.000000	0.000000
448	0.000320	0.000000	0.000523	0.001223	0.997472	0.000462	0.000000	0.000000	0.000000
449	0.000325	0.000000	0.000513	0.001159	0.997500	0.000503	0.000000	0.000000	0.000000
450	0.000304	0.000000	0.000505	0.001136	0.997551	0.000504	0.000000	0.000000	0.000000
451	0.000283	0.000000	0.000492	0.001163	0.997562	0.000500	0.000000	0.000000	0.000000
452	0.000300	0.000000	0.000486	0.001184	0.997514	0.000516	0.000000	0.000000	0.000000
453	0.000271	0.000000	0.000453	0.001198	0.997591	0.000487	0.000000	0.000000	0.000000
454	0.000271	0.000000	0.000445	0.001132	0.997666	0.000486	0.000000	0.000000	0.000000
455	0.000276	0.000000	0.000420	0.001087	0.997730	0.000487	0.000000	0.000000	0.000000
456	0.000265	0.000000	0.000410	0.001064	0.997761	0.000500	0.000000	0.000000	0.000000
457	0.000243	0.000000	0.000391	0.001096	0.997759	0.000511	0.000000	0.000000	0.000000
458	0.000225	0.000000	0.000367	0.001054	0.997893	0.000461	0.000000	0.000000	0.000000
459	0.000217	0.000000	0.000350	0.001085	0.997892	0.000456	0.000000	0.000000	0.000000
460	0.000207	0.000000	0.000347	0.001093	0.997884	0.000469	0.000000	0.000000	0.000000
461	0.000201	0.000000	0.000320	0.001045	0.998004	0.000430	0.000000	0.000000	0.000000
462	0.000200	0.000000	0.000325	0.001054	0.997966	0.000455	0.000000	0.000000	0.000000
463	0.000187	0.000000	0.000315	0.001059	0.998007	0.000432	0.000000	0.000000	0.000000
464	0.000185	0.000000	0.000295	0.001056	0.998011	0.000453	0.000000	0.000000	0.000000
465	0.000183	0.000000	0.000296	0.001055	0.998010	0.000456	0.000000	0.000000	0.000000
466	0.000152	0.000000	0.000303	0.001021	0.998060	0.000464	0.000000	0.000000	0.000000
467	0.000147	0.000000	0.000282	0.001033	0.998072	0.000466	0.000000	0.000000	0.000000
468	0.000149	0.000000	0.000273	0.001033	0.998075	0.000470	0.000000	0.000000	0.000000
469	0.000134	0.000000	0.000233	0.001080	0.998055	0.000498	0.000000	0.000000	0.000000
470	0.000119	0.000000	0.000245	0.001097	0.998045	0.000494	0.000000	0.000000	0.000000
