0	0.290663	0.057897	0.229473	0.157588	0.029913	0.111872	0.085455	0.012259	0.024880
1	0.242901	0.050327	0.208013	0.143655	0.029378	0.123032	0.102186	0.020126	0.080382
2	0.251560	0.051826	0.214629	0.142290	0.029994	0.122587	0.090161	0.017939	0.079014
3	0.265600	0.054023	0.222185	0.139734	0.030691	0.119429	0.078107	0.015818	0.074413
4	0.279919	0.055958	0.229396	0.137105	0.031270	0.115360	0.067377	0.013512	0.070103
5	0.293897	0.057882	0.236187	0.133382	0.031737	0.110700	0.058359	0.011504	0.066352
6	0.307242	0.059119	0.242411	0.129901	0.032409	0.106886	0.049980	0.009670	0.062382
7	0.320261	0.060050	0.248069	0.125953	0.032740	0.102585	0.043356	0.008264	0.058722
8	0.333243	0.061335	0.252222	0.121692	0.033258	0.098617	0.037064	0.007226	0.055343
9	0.345263	0.062075	0.256427	0.117743	0.033718	0.094660	0.031814	0.006038	0.052262
10	0.356725	0.063066	0.260201	0.113756	0.034075	0.090302	0.027599	0.005118	0.049158
11	0.367296	0.063527	0.264239	0.109828	0.034001	0.085953	0.024114	0.004474	0.046568
12	0.376624	0.064253	0.268279	0.105710	0.034393	0.082182	0.020983	0.003931	0.043645
13	0.387155	0.064373	0.271737	0.101596	0.034300	0.078226	0.017897	0.003331	0.041385
14	0.395806	0.065419	0.274506	0.097270	0.034479	0.074775	0.015818	0.002842	0.039085
15	0.404675	0.065409	0.277771	0.092955	0.034515	0.071316	0.013854	0.002466	0.037039
16	0.412785	0.065551	0.280783	0.089081	0.034722	0.067800	0.011959	0.002153	0.035166
17	0.420735	0.065519	0.283623	0.085127	0.034870	0.064487	0.010422	0.001849	0.033368
18	0.427531	0.065485	0.287074	0.081206	0.035107	0.061279	0.009088	0.001590	0.031640
19	0.434978	0.065479	0.288290	0.077514	0.035332	0.058666	0.008041	0.001422	0.030278
20	0.441943	0.065468	0.290854	0.073736	0.035423	0.055652	0.007018	0.001254	0.028652
21	0.448139	0.065429	0.293006	0.070187	0.035641	0.053179	0.006041	0.001124	0.027254
22	0.453496	0.065442	0.294880	0.067148	0.036086	0.050556	0.005553	0.000980	0.025859
23	0.459270	0.065381	0.296684	0.063860	0.036125	0.048284	0.004720	0.000889	0.024787
24	0.464669	0.065467	0.298252	0.061186	0.036191	0.045714	0.004282	0.000716	0.023523
25	0.469965	0.065330	0.299701	0.058254	0.036397	0.043434	0.003811	0.000619	0.022489
26	0.475395	0.064934	0.300692	0.055591	0.036659	0.041466	0.003338	0.000545	0.021380
27	0.479444	0.064858	0.302393	0.052767	0.036908	0.039337	0.003048	0.000495	0.020750
28	0.484183	0.064767	0.303543	0.050269	0.037215	0.037133	0.002620	0.000433	0.019837
29	0.488386	0.064689	0.304404	0.047860	0.037403	0.035648	0.002375	0.000397	0.018838
30	0.492549	0.064567	0.305156	0.045922	0.037742	0.033684	0.002069	0.000356	0.017955
31	0.496890	0.064470	0.305751	0.043428	0.037773	0.032239	0.001916	0.000327	0.017206
32	0.500922	0.064181	0.306792	0.041411	0.037899	0.030373	0.001710	0.000270	0.016442
33	0.504558	0.063772	0.308143	0.039369	0.038012	0.028679	0.001510	0.000259	0.015698
34	0.508055	0.063445	0.308886	0.037366	0.038081	0.027446	0.001363	0.000202	0.015156
35	0.511244	0.063047	0.310169	0.035545	0.038272	0.026002	0.001194	0.000181	0.014346
36	0.513632	0.063108	0.310900	0.034142	0.038486	0.024625	0.001017	0.000164	0.013926
37	0.516213	0.062703	0.311773	0.032421	0.038911	0.023476	0.000872	0.000164	0.013467
38	0.518880	0.062411	0.312722	0.030711	0.039272	0.022271	0.000812	0.000135	0.012786
39	0.522130	0.062014	0.312798	0.029085	0.039569	0.021343	0.000751	0.000121	0.012189
40	0.524026	0.061900	0.313413	0.028157	0.039688	0.020252	0.000706	0.000097	0.011761
41	0.526201	0.061368	0.314267	0.026606	0.040143	0.019525	0.000574	0.000085	0.011231
42	0.528427	0.061140	0.314987	0.025337	0.040545	0.018317	0.000473	0.000073	0.010701
43	0.530291	0.060944	0.315010	0.024387	0.041060	0.017511	0.000476	0.000065	0.010256
44	0.532439	0.060705	0.315451	0.023075	0.041351	0.016614	0.000440	0.000052	0.009873
45	0.534377	0.060482	0.315746	0.022083	0.041525	0.015862	0.000397	0.000049	0.009479
46	0.536263	0.060142	0.315783	0.020914	0.041998	0.015132	0.000366	0.000044	0.009358
47	0.538167	0.059888	0.315852	0.019997	0.042179	0.014574	0.000337	0.000044	0.008962
48	0.539115	0.059831	0.316756	0.019033	0.042399	0.013864	0.000320	0.000035	0.008647
49	0.540601	0.059376	0.317081	0.018416	0.042846	0.012997	0.000276	0.000031	0.008376
50	0.542120	0.059057	0.316799	0.017669	0.043471	0.012456	0.000248	0.000023	0.008157
51	0.543657	0.058554	0.316584	0.017060	0.043772	0.012108	0.000230	0.000019	0.008016
52	0.545053	0.058311	0.316918	0.016127	0.044424	0.011257	0.000193	0.000023	0.007694
53	0.545824	0.057967	0.317460	0.015440	0.044980	0.010776	0.000177	0.000019	0.007357
54	0.547100	0.057675	0.317339	0.014680	0.045490	0.010294	0.000165	0.000025	0.007232
55	0.547815	0.057482	0.317554	0.013953	0.046208	0.009819	0.000140	0.000020	0.007009
56	0.548824	0.057094	0.317840	0.013371	0.046461	0.009460	0.000125	0.000020	0.006805
57	0.549509	0.057023	0.318267	0.012731	0.046842	0.008892	0.000106	0.000018	0.006612
58	0.549768	0.056828	0.318887	0.012135	0.047328	0.008526	0.000088	0.000017	0.006423
59	0.550385	0.056882	0.319003	0.011799	0.047726	0.007958	0.000094	0.000014	0.006139
60	0.551501	0.056311	0.318643	0.011317	0.048478	0.007679	0.000078	0.000017	0.005976
61	0.552168	0.056043	0.318791	0.010728	0.048975	0.007456	0.000078	0.000015	0.005746
62	0.552446	0.055960	0.318595	0.010395	0.049766	0.007118	0.000076	0.000011	0.005633
63	0.553248	0.055501	0.318979	0.009785	0.050203	0.006733	0.000085	0.000010	0.005456
64	0.553380	0.055133	0.319163	0.009354	0.051038	0.006477	0.000063	0.000006	0.005386
65	0.554101	0.054857	0.318794	0.009161	0.051534	0.006340	0.000066	0.000004	0.005143
66	0.554906	0.054307	0.318798	0.008781	0.052023	0.006107	0.000064	0.000006	0.005008
67	0.555547	0.053930	0.318772	0.008361	0.052599	0.005798	0.000048	0.000002	0.004943
68	0.556436	0.053551	0.318198	0.008064	0.053158	0.005696	0.000029	0.000000	0.004868
69	0.557795	0.053373	0.317222	0.007874	0.053477	0.005497	0.000033	0.000000	0.004729
70	0.558552	0.052926	0.317218	0.007451	0.053971	0.005208	0.000032	0.000000	0.004642
71	0.558391	0.052398	0.317516	0.007130	0.055049	0.004946	0.000038	0.000000	0.004532
72	0.558663	0.052038	0.317631	0.006805	0.055654	0.004759	0.000023	0.000000	0.004427
73	0.558795	0.051627	0.318269	0.006573	0.055774	0.004689	0.000020	0.000000	0.004253
74	0.559194	0.051107	0.318456	0.006291	0.056481	0.004415	0.000017	0.000000	0.004039
75	0.559175	0.050867	0.318589	0.006070	0.057066	0.004282	0.000019	0.000000	0.003932
76	0.559433	0.050808	0.318544	0.005666	0.057497	0.004061	0.000022	0.000000	0.003969
77	0.559333	0.050433	0.319005	0.005497	0.057905	0.003938	0.000024	0.000000	0.003865
78	0.559212	0.050099	0.319287	0.005152	0.058548	0.003864	0.000012	0.000000	0.003826
79	0.558938	0.049999	0.319315	0.004926	0.059345	0.003707	0.000013	0.000000	0.003757
80	0.558727	0.049302	0.319833	0.004867	0.059923	0.003621	0.000012	0.000000	0.003715
81	0.559254	0.048859	0.319350	0.004730	0.060616	0.003488	0.000011	0.000000	0.003692
82	0.559228	0.048788	0.319200	0.004603	0.061170	0.003368	0.000007	0.000000	0.003636
83	0.559139	0.048629	0.319361	0.004411	0.061538	0.003269	0.000007	0.000000	0.003646
84	0.559081	0.048374	0.319183	0.004307	0.062397	0.003117	0.000005	0.000000	0.003536
85	0.558943	0.048004	0.319134	0.004177	0.063335	0.002990	0.000007	0.000000	0.003410
86	0.559381	0.047809	0.318601	0.003954	0.063961	0.002879	0.000004	0.000000	0.003411
87	0.559590	0.047472	0.318612	0.003882	0.064326	0.002827	0.000003	0.000000	0.003288
88	0.559403	0.047354	0.318446	0.003662	0.065044	0.002744	0.000002	0.000000	0.003345
89	0.558551	0.047290	0.318745	0.003583	0.065869	0.002688	0.000002	0.000000	0.003272
90	0.557573	0.046881	0.319602	0.003401	0.066808	0.002544	0.000005	0.000000	0.003186
91	0.557277	0.046697	0.319442	0.003334	0.067629	0.002424	0.000002	0.000000	0.003195
92	0.556850	0.046215	0.319759	0.003174	0.068594	0.002308	0.000004	0.000000	0.003096
93	0.556026	0.046149	0.319820	0.003084	0.069617	0.002262	0.000003	0.000000	0.003039
94	0.555941	0.045956	0.319699	0.002958	0.070299	0.002163	0.000005	0.000000	0.002979
95	0.556236	0.045564	0.319316	0.002943	0.070961	0.002070	0.000004	0.000000	0.002906
96	0.555923	0.045443	0.318893	0.002862	0.072004	0.002002	0.000004	0.000000	0.002869
97	0.555844	0.045271	0.318738	0.002694	0.072741	0.001967	0.000004	0.000000	0.002741
98	0.555538	0.044889	0.318671	0.002651	0.073648	0.001906	0.000004	0.000000	0.002693
99	0.555424	0.044712	0.318710	0.002533	0.074079	0.001838	0.000003	0.000000	0.002701
100	0.555614	0.044586	0.317967	0.002486	0.074881	0.001760	0.000002	0.000000	0.002704
101	0.554799	0.044373	0.318551	0.002400	0.075599	0.001691	0.000001	0.000000	0.002586
102	0.554902	0.043976	0.318022	0.002409	0.076515	0.001659	0.000001	0.000000	0.002516
103	0.554897	0.043613	0.317745	0.002321	0.077443	0.001536	0.000001	0.000000	0.002444
104	0.554331	0.043508	0.317734	0.002236	0.078342	0.001447	0.000002	0.000000	0.002400
105	0.553392	0.042975	0.318510	0.002218	0.079193	0.001360	0.000002	0.000000	0.002350
106	0.553374	0.042536	0.318295	0.002109	0.080023	0.001377	0.000001	0.000000	0.002285
107	0.553106	0.042341	0.318151	0.002044	0.080864	0.001262	0.000001	0.000000	0.002231
108	0.552628	0.042247	0.318062	0.002054	0.081615	0.001240	0.000000	0.000000	0.002154
109	0.551957	0.041802	0.318187	0.002017	0.082758	0.001209	0.000000	0.000000	0.002070
110	0.551558	0.041823	0.317848	0.001999	0.083554	0.001149	0.000000	0.000000	0.002069
111	0.551288	0.041539	0.317489	0.001955	0.084549	0.001137	0.000000	0.000000	0.002043
112	0.550759	0.041284	0.317158	0.001953	0.085652	0.001111	0.000000	0.000000	0.002083
113	0.550155	0.041080	0.316967	0.001884	0.086817	0.001071	0.000000	0.000000	0.002026
114	0.550266	0.040609	0.316732	0.001868	0.087509	0.001027	0.000000	0.000000	0.001989
115	0.549639	0.040287	0.316941	0.001846	0.088240	0.001051	0.000000	0.000000	0.001996
116	0.549476	0.040174	0.316171	0.001802	0.089466	0.000983	0.000000	0.000000	0.001928
117	0.548743	0.039866	0.316482	0.001808	0.090209	0.001045	0.000000	0.000000	0.001847
118	0.547682	0.039726	0.316767	0.001773	0.091275	0.000990	0.000000	0.000000	0.001787
119	0.547223	0.039255	0.316545	0.001768	0.092488	0.000923	0.000000	0.000000	0.001798
120	0.546084	0.039186	0.316534	0.001742	0.093833	0.000890	0.000000	0.000000	0.001731
121	0.545799	0.039078	0.316397	0.001696	0.094460	0.000832	0.000000	0.000000	0.001738
122	0.544823	0.038925	0.316496	0.001604	0.095548	0.000814	0.000000	0.000000	0.001790
123	0.544854	0.038960	0.315603	0.001527	0.096538	0.000785	0.000000	0.000000	0.001733
124	0.544746	0.038578	0.315140	0.001478	0.097588	0.000747	0.000000	0.000000	0.001723
125	0.543753	0.038581	0.315219	0.001430	0.098620	0.000715	0.000000	0.000000	0.001682
126	0.542560	0.038530	0.314998	0.001417	0.100039	0.000688	0.000000	0.000000	0.001768
127	0.541835	0.038169	0.315198	0.001412	0.100968	0.000701	0.000000	0.000000	0.001717
128	0.541114	0.038215	0.314926	0.001340	0.101991	0.000678	0.000000	0.000000	0.001736
129	0.540917	0.037869	0.314277	0.001366	0.103211	0.000666	0.000000	0.000000	0.001694
130	0.540692	0.037570	0.313773	0.001288	0.104349	0.000664	0.000000	0.000000	0.001664
131	0.539428	0.037526	0.313603	0.001269	0.105911	0.000626	0.000000	0.000000	0.001637
132	0.539373	0.037250	0.313171	0.001186	0.106806	0.000620	0.000000	0.000000	0.001594
133	0.538461	0.036946	0.313304	0.001186	0.107922	0.000614	0.000000	0.000000	0.001567
134	0.537890	0.036929	0.313099	0.001183	0.108811	0.000588	0.000000	0.000000	0.001500
135	0.537269	0.036817	0.312988	0.001126	0.109754	0.000581	0.000000	0.000000	0.001465
136	0.536722	0.036531	0.312424	0.001133	0.111185	0.000595	0.000000	0.000000	0.001410
137	0.536527	0.036166	0.311971	0.001109	0.112267	0.000529	0.000000	0.000000	0.001431
138	0.535846	0.035873	0.312007	0.001093	0.113314	0.000515	0.000000	0.000000	0.001352
139	0.535055	0.035868	0.311763	0.001074	0.114380	0.000497	0.000000	0.000000	0.001363
140	0.534229	0.035753	0.311673	0.001056	0.115506	0.000486	0.000000	0.000000	0.001297
141	0.534073	0.035427	0.310971	0.001058	0.116656	0.000496	0.000000	0.000000	0.001319
142	0.533698	0.035396	0.310455	0.001002	0.117649	0.000461	0.000000	0.000000	0.001339
143	0.533289	0.034880	0.310160	0.001000	0.118962	0.000439	0.000000	0.000000	0.001270
144	0.533150	0.034697	0.309279	0.000981	0.120221	0.000439	0.000000	0.000000	0.001233
145	0.532490	0.034302	0.309366	0.001002	0.121208	0.000415	0.000000	0.000000	0.001217
146	0.531888	0.034257	0.308913	0.000976	0.122381	0.000389	0.000000	0.000000	0.001196
147	0.530803	0.034099	0.308731	0.000958	0.123824	0.000395	0.000000	0.000000	0.001190
148	0.531199	0.033702	0.307800	0.000931	0.124905	0.000373	0.000000	0.000000	0.001090
149	0.529989	0.033648	0.307663	0.000893	0.126360	0.000394	0.000000	0.000000	0.001053
150	0.529577	0.033398	0.306811	0.000885	0.127908	0.000389	0.000000	0.000000	0.001032
151	0.528294	0.033264	0.307038	0.000823	0.129157	0.000379	0.000000	0.000000	0.001045
152	0.527154	0.033007	0.306768	0.000808	0.130876	0.000366	0.000000	0.000000	0.001021
153	0.527263	0.032440	0.306302	0.000766	0.131881	0.000351	0.000000	0.000000	0.000997
154	0.527271	0.032273	0.305454	0.000723	0.133005	0.000325	0.000000	0.000000	0.000949
155	0.526531	0.032275	0.304892	0.000695	0.134325	0.000339	0.000000	0.000000	0.000943
156	0.525445	0.032428	0.304632	0.000669	0.135572	0.000320	0.000000	0.000000	0.000934
157	0.523984	0.032228	0.304510	0.000670	0.137312	0.000341	0.000000	0.000000	0.000955
158	0.523204	0.032199	0.304228	0.000682	0.138394	0.000346	0.000000	0.000000	0.000947
159	0.522782	0.032113	0.303259	0.000680	0.139953	0.000317	0.000000	0.000000	0.000896
160	0.521916	0.031859	0.302839	0.000657	0.141501	0.000304	0.000000	0.000000	0.000924
161	0.520779	0.031455	0.303322	0.000629	0.142642	0.000294	0.000000	0.000000	0.000879
162	0.519519	0.031408	0.303135	0.000616	0.144196	0.000303	0.000000	0.000000	0.000823
163	0.518477	0.031470	0.302673	0.000611	0.145671	0.000303	0.000000	0.000000	0.000795
164	0.517575	0.031115	0.302539	0.000613	0.147068	0.000281	0.000000	0.000000	0.000809
165	0.516773	0.030995	0.301912	0.000617	0.148602	0.000293	0.000000	0.000000	0.000808
166	0.515834	0.030688	0.301624	0.000622	0.150148	0.000298	0.000000	0.000000	0.000786
167	0.515056	0.030633	0.301370	0.000598	0.151269	0.000289	0.000000	0.000000	0.000785
168	0.515265	0.030196	0.300403	0.000597	0.152516	0.000280	0.000000	0.000000	0.000743
169	0.513888	0.030092	0.300262	0.000593	0.154180	0.000244	0.000000	0.000000	0.000741
170	0.512576	0.029981	0.300016	0.000624	0.155840	0.000243	0.000000	0.000000	0.000720
171	0.511818	0.029688	0.299530	0.000620	0.157361	0.000228	0.000000	0.000000	0.000755
172	0.511187	0.029491	0.299242	0.000615	0.158457	0.000247	0.000000	0.000000	0.000761
173	0.509842	0.029251	0.299152	0.000626	0.160165	0.000228	0.000000	0.000000	0.000736
174	0.508915	0.029417	0.298592	0.000594	0.161558	0.000229	0.000000	0.000000	0.000695
175	0.508080	0.028973	0.298402	0.000579	0.163092	0.000221	0.000000	0.000000	0.000653
176	0.507101	0.028840	0.297840	0.000549	0.164783	0.000229	0.000000	0.000000	0.000658
177	0.506003	0.028656	0.297503	0.000567	0.166399	0.000225	0.000000	0.000000	0.000647
178	0.505055	0.028064	0.297383	0.000542	0.168082	0.000243	0.000000	0.000000	0.000631
179	0.505005	0.027796	0.296271	0.000556	0.169481	0.000247	0.000000	0.000000	0.000644
180	0.504082	0.027728	0.295900	0.000541	0.170887	0.000226	0.000000	0.000000	0.000636
181	0.503109	0.027554	0.295117	0.000523	0.172814	0.000235	0.000000	0.000000	0.000648
182	0.502404	0.027578	0.294265	0.000521	0.174373	0.000215	0.000000	0.000000	0.000644
183	0.501266	0.027195	0.294120	0.000550	0.176023	0.000223	0.000000	0.000000	0.000623
184	0.500039	0.027036	0.293893	0.000542	0.177678	0.000216	0.000000	0.000000	0.000596
185	0.498909	0.027033	0.293619	0.000514	0.179113	0.000205	0.000000	0.000000	0.000607
186	0.498234	0.026927	0.292984	0.000487	0.180530	0.000232	0.000000	0.000000	0.000606
187	0.497090	0.026880	0.292723	0.000486	0.182012	0.000251	0.000000	0.000000	0.000558
188	0.495386	0.026873	0.292242	0.000484	0.184176	0.000263	0.000000	0.000000	0.000576
189	0.494826	0.026740	0.291452	0.000460	0.185690	0.000264	0.000000	0.000000	0.000568
190	0.493318	0.026467	0.290975	0.000439	0.187965	0.000250	0.000000	0.000000	0.000586
191	0.492469	0.026471	0.289876	0.000443	0.189890	0.000254	0.000000	0.000000	0.000597
192	0.491293	0.026300	0.289728	0.000431	0.191441	0.000226	0.000000	0.000000	0.000581
193	0.490466	0.026041	0.289363	0.000418	0.192955	0.000219	0.000000	0.000000	0.000538
194	0.488979	0.026004	0.289219	0.000414	0.194639	0.000220	0.000000	0.000000	0.000525
195	0.488671	0.025817	0.288291	0.000382	0.196117	0.000204	0.000000	0.000000	0.000518
196	0.487188	0.025657	0.288083	0.000396	0.197936	0.000225	0.000000	0.000000	0.000515
197	0.486039	0.025474	0.287468	0.000382	0.199904	0.000228	0.000000	0.000000	0.000505
198	0.485018	0.025593	0.287024	0.000369	0.201258	0.000229	0.000000	0.000000	0.000509
199	0.484239	0.025291	0.286589	0.000350	0.202778	0.000226	0.000000	0.000000	0.000527
200	0.483015	0.025364	0.285624	0.000341	0.204944	0.000214	0.000000	0.000000	0.000498
201	0.482036	0.025254	0.285308	0.000314	0.206395	0.000211	0.000000	0.000000	0.000482
202	0.481047	0.024949	0.284847	0.000325	0.208105	0.000227	0.000000	0.000000	0.000500
203	0.479331	0.024849	0.284984	0.000303	0.209823	0.000226	0.000000	0.000000	0.000484
204	0.478489	0.024659	0.284161	0.000301	0.211665	0.000237	0.000000	0.000000	0.000488
205	0.477624	0.024432	0.283382	0.000257	0.213531	0.000266	0.000000	0.000000	0.000508
206	0.476066	0.024472	0.282899	0.000256	0.215584	0.000246	0.000000	0.000000	0.000477
207	0.475384	0.024136	0.282296	0.000259	0.217163	0.000234	0.000000	0.000000	0.000528
208	0.474461	0.023932	0.282345	0.000284	0.218209	0.000237	0.000000	0.000000	0.000532
209	0.472879	0.023839	0.282297	0.000263	0.219996	0.000220	0.000000	0.000000	0.000506
210	0.471917	0.023558	0.281792	0.000260	0.221733	0.000220	0.000000	0.000000	0.000520
211	0.471150	0.023468	0.280824	0.000257	0.223569	0.000229	0.000000	0.000000	0.000503
212	0.470742	0.023152	0.279713	0.000260	0.225429	0.000228	0.000000	0.000000	0.000476
213	0.469421	0.022878	0.279314	0.000268	0.227421	0.000221	0.000000	0.000000	0.000477
214	0.468275	0.022760	0.278863	0.000268	0.229176	0.000194	0.000000	0.000000	0.000464
215	0.466595	0.022675	0.278428	0.000278	0.231388	0.000186	0.000000	0.000000	0.000450
216	0.465858	0.022221	0.277919	0.000252	0.233144	0.000171	0.000000	0.000000	0.000435
217	0.464838	0.022177	0.277444	0.000260	0.234713	0.000144	0.000000	0.000000	0.000424
218	0.463683	0.022107	0.276763	0.000245	0.236618	0.000163	0.000000	0.000000	0.000421
219	0.462574	0.021999	0.276368	0.000251	0.238211	0.000175	0.000000	0.000000	0.000422
220	0.462363	0.021790	0.275208	0.000273	0.239831	0.000157	0.000000	0.000000	0.000378
221	0.460971	0.021545	0.275047	0.000269	0.241677	0.000155	0.000000	0.000000	0.000336
222	0.459963	0.021316	0.274311	0.000276	0.243654	0.000161	0.000000	0.000000	0.000319
223	0.458764	0.021284	0.273923	0.000271	0.245253	0.000162	0.000000	0.000000	0.000343
224	0.457333	0.021019	0.273942	0.000283	0.246910	0.000177	0.000000	0.000000	0.000336
225	0.456351	0.020923	0.273056	0.000270	0.248906	0.000167	0.000000	0.000000	0.000327
226	0.455010	0.020647	0.272871	0.000294	0.250695	0.000170	0.000000	0.000000	0.000313
227	0.453909	0.020544	0.272349	0.000283	0.252459	0.000161	0.000000	0.000000	0.000295
228	0.452589	0.020398	0.271838	0.000271	0.254467	0.000150	0.000000	0.000000	0.000287
229	0.451186	0.020430	0.271088	0.000284	0.256580	0.000141	0.000000	0.000000	0.000291
230	0.450185	0.020100	0.270536	0.000280	0.258446	0.000149	0.000000	0.000000	0.000304
231	0.448920	0.020040	0.269652	0.000277	0.260665	0.000153	0.000000	0.000000	0.000293
232	0.448901	0.019772	0.268322	0.000265	0.262320	0.000148	0.000000	0.000000	0.000272
233	0.448116	0.019617	0.267145	0.000267	0.264439	0.000145	0.000000	0.000000	0.000271
234	0.447028	0.019361	0.266793	0.000285	0.266134	0.000143	0.000000	0.000000	0.000256
235	0.445437	0.019300	0.266415	0.000259	0.268215	0.000138	0.000000	0.000000	0.000236
236	0.444358	0.019185	0.265706	0.000261	0.270139	0.000131	0.000000	0.000000	0.000220
237	0.443117	0.018989	0.264934	0.000262	0.272352	0.000112	0.000000	0.000000	0.000234
238	0.442141	0.018760	0.263775	0.000244	0.274742	0.000108	0.000000	0.000000	0.000230
239	0.440872	0.018615	0.263240	0.000224	0.276661	0.000137	0.000000	0.000000	0.000251
240	0.439472	0.018261	0.263061	0.000213	0.278639	0.000135	0.000000	0.000000	0.000219
241	0.438317	0.018143	0.262224	0.000221	0.280759	0.000127	0.000000	0.000000	0.000209
242	0.437383	0.018208	0.261082	0.000214	0.282759	0.000132	0.000000	0.000000	0.000222
243	0.436621	0.017889	0.260427	0.000196	0.284498	0.000147	0.000000	0.000000	0.000222
244	0.435377	0.017809	0.259307	0.000193	0.286929	0.000158	0.000000	0.000000	0.000227
245	0.433817	0.017693	0.259246	0.000182	0.288712	0.000137	0.000000	0.000000	0.000213
246	0.432013	0.017545	0.259062	0.000195	0.290863	0.000132	0.000000	0.000000	0.000190
247	0.431285	0.017275	0.257903	0.000193	0.293037	0.000131	0.000000	0.000000	0.000176
248	0.430101	0.017112	0.257498	0.000176	0.294817	0.000125	0.000000	0.000000	0.000171
249	0.428883	0.016766	0.257098	0.000163	0.296806	0.000121	0.000000	0.000000	0.000163
250	0.427439	0.016515	0.256362	0.000171	0.299233	0.000121	0.000000	0.000000	0.000159
251	0.426655	0.016455	0.255491	0.000183	0.300935	0.000122	0.000000	0.000000	0.000159
252	0.425558	0.016356	0.254718	0.000194	0.302878	0.000129	0.000000	0.000000	0.000167
253	0.424373	0.016448	0.253271	0.000201	0.305399	0.000136	0.000000	0.000000	0.000172
254	0.422947	0.016418	0.252251	0.000179	0.307890	0.000146	0.000000	0.000000	0.000169
255	0.421964	0.016204	0.251781	0.000187	0.309544	0.000132	0.000000	0.000000	0.000188
256	0.420547	0.016048	0.251091	0.000201	0.311803	0.000139	0.000000	0.000000	0.000171
257	0.419188	0.015957	0.250386	0.000186	0.313957	0.000140	0.000000	0.000000	0.000186
258	0.417795	0.015832	0.249671	0.000194	0.316184	0.000143	0.000000	0.000000	0.000181
259	0.416867	0.015632	0.249096	0.000178	0.317916	0.000135	0.000000	0.000000	0.000176
260	0.414969	0.015431	0.248652	0.000175	0.320467	0.000138	0.000000	0.000000	0.000168
261	0.413624	0.015353	0.247747	0.000183	0.322777	0.000145	0.000000	0.000000	0.000171
262	0.412078	0.015361	0.246987	0.000178	0.325087	0.000129	0.000000	0.000000	0.000180
263	0.410719	0.015342	0.246098	0.000184	0.327352	0.000132	0.000000	0.000000	0.000173
264	0.409417	0.015215	0.245486	0.000194	0.329417	0.000122	0.000000	0.000000	0.000149
265	0.407862	0.015197	0.244342	0.000197	0.332108	0.000137	0.000000	0.000000	0.000157
266	0.406988	0.015130	0.243051	0.000204	0.334350	0.000125	0.000000	0.000000	0.000152
267	0.405359	0.014962	0.242508	0.000204	0.336691	0.000122	0.000000	0.000000	0.000154
268	0.404037	0.014831	0.241722	0.000208	0.338910	0.000126	0.000000	0.000000	0.000166
269	0.402116	0.014866	0.241190	0.000190	0.341337	0.000131	0.000000	0.000000	0.000170
270	0.400471	0.014667	0.240748	0.000217	0.343610	0.000130	0.000000	0.000000	0.000157
271	0.398914	0.014434	0.240245	0.000211	0.345919	0.000129	0.000000	0.000000	0.000148
272	0.397675	0.014456	0.239474	0.000211	0.347923	0.000116	0.000000	0.000000	0.000145
273	0.396312	0.014427	0.238942	0.000209	0.349854	0.000109	0.000000	0.000000	0.000147
274	0.394931	0.014126	0.237599	0.000220	0.352877	0.000114	0.000000	0.000000	0.000133
275	0.393647	0.014099	0.236839	0.000201	0.354969	0.000105	0.000000	0.000000	0.000140
276	0.392497	0.013867	0.235907	0.000231	0.357250	0.000114	0.000000	0.000000	0.000134
277	0.391060	0.013861	0.234961	0.000238	0.359661	0.000097	0.000000	0.000000	0.000122
278	0.389520	0.013623	0.234419	0.000241	0.361968	0.000097	0.000000	0.000000	0.000132
279	0.388090	0.013332	0.234031	0.000239	0.364051	0.000118	0.000000	0.000000	0.000139
280	0.386780	0.013300	0.232912	0.000248	0.366507	0.000126	0.000000	0.000000	0.000127
281	0.385533	0.013329	0.231872	0.000250	0.368766	0.000127	0.000000	0.000000	0.000123
282	0.384455	0.013240	0.230775	0.000260	0.371022	0.000134	0.000000	0.000000	0.000114
283	0.383095	0.012993	0.230394	0.000261	0.373008	0.000135	0.000000	0.000000	0.000114
284	0.381904	0.012897	0.229459	0.000251	0.375252	0.000127	0.000000	0.000000	0.000110
285	0.380296	0.012744	0.228969	0.000252	0.377505	0.000118	0.000000	0.000000	0.000116
286	0.379374	0.012512	0.227840	0.000238	0.379802	0.000130	0.000000	0.000000	0.000104
287	0.378380	0.012370	0.226806	0.000229	0.381997	0.000110	0.000000	0.000000	0.000108
288	0.376629	0.012275	0.225914	0.000230	0.384732	0.000109	0.000000	0.000000	0.000111
289	0.374596	0.012186	0.226017	0.000222	0.386803	0.000099	0.000000	0.000000	0.000077
290	0.373214	0.012261	0.225265	0.000210	0.388870	0.000103	0.000000	0.000000	0.000077
291	0.371871	0.012222	0.224121	0.000212	0.391405	0.000095	0.000000	0.000000	0.000074
292	0.370160	0.012149	0.223774	0.000201	0.393513	0.000115	0.000000	0.000000	0.000088
293	0.369021	0.012034	0.222923	0.000213	0.395602	0.000120	0.000000	0.000000	0.000087
294	0.367736	0.011828	0.221912	0.000211	0.398098	0.000125	0.000000	0.000000	0.000090
295	0.365838	0.011809	0.221755	0.000235	0.400152	0.000113	0.000000	0.000000	0.000098
296	0.363853	0.011854	0.221429	0.000248	0.402398	0.000119	0.000000	0.000000	0.000099
297	0.362373	0.011620	0.220915	0.000236	0.404618	0.000122	0.000000	0.000000	0.000116
298	0.361346	0.011532	0.219817	0.000248	0.406848	0.000110	0.000000	0.000000	0.000099
299	0.360243	0.011513	0.218656	0.000232	0.409127	0.000114	0.000000	0.000000	0.000115
300	0.358627	0.011594	0.217697	0.000226	0.411631	0.000116	0.000000	0.000000	0.000109
301	0.357681	0.011555	0.216248	0.000246	0.414055	0.000116	0.000000	0.000000	0.000099
302	0.356670	0.011340	0.215633	0.000242	0.415900	0.000118	0.000000	0.000000	0.000097
303	0.354608	0.011248	0.215248	0.000257	0.418428	0.000117	0.000000	0.000000	0.000094
304	0.353239	0.011236	0.214361	0.000253	0.420716	0.000113	0.000000	0.000000	0.000082
305	0.351759	0.011020	0.213740	0.000252	0.423049	0.000101	0.000000	0.000000	0.000079
306	0.350333	0.010863	0.213033	0.000262	0.425318	0.000117	0.000000	0.000000	0.000074
307	0.349040	0.010660	0.212458	0.000249	0.427393	0.000120	0.000000	0.000000	0.000080
308	0.348051	0.010563	0.211792	0.000255	0.429153	0.000124	0.000000	0.000000	0.000062
309	0.346847	0.010501	0.210843	0.000250	0.431362	0.000129	0.000000	0.000000	0.000068
310	0.345484	0.010495	0.210154	0.000253	0.433426	0.000125	0.000000	0.000000	0.000063
311	0.344006	0.010377	0.209840	0.000248	0.435333	0.000126	0.000000	0.000000	0.000070
312	0.342884	0.010315	0.208895	0.000248	0.437493	0.000099	0.000000	0.000000	0.000066
313	0.341209	0.010126	0.208351	0.000245	0.439901	0.000109	0.000000	0.000000	0.000059
314	0.340080	0.010056	0.207367	0.000248	0.442075	0.000122	0.000000	0.000000	0.000052
315	0.338730	0.010053	0.206448	0.000243	0.444352	0.000124	0.000000	0.000000	0.000050
316	0.337953	0.009954	0.205109	0.000224	0.446575	0.000131	0.000000	0.000000	0.000054
317	0.336933	0.009945	0.203798	0.000225	0.448915	0.000135	0.000000	0.000000	0.000049
318	0.335107	0.009916	0.203219	0.000210	0.451353	0.000144	0.000000	0.000000	0.000051
319	0.333777	0.009815	0.201993	0.000213	0.454006	0.000146	0.000000	0.000000	0.000050
320	0.332402	0.009910	0.201405	0.000223	0.455864	0.000152	0.000000	0.000000	0.000044
321	0.330570	0.009807	0.201049	0.000227	0.458152	0.000154	0.000000	0.000000	0.000041
322	0.329417	0.009622	0.200065	0.000228	0.460462	0.000154	0.000000	0.000000	0.000052
323	0.328129	0.009584	0.199060	0.000218	0.462828	0.000138	0.000000	0.000000	0.000043
324	0.326551	0.009546	0.198393	0.000226	0.465109	0.000124	0.000000	0.000000	0.000051
325	0.325321	0.009683	0.197658	0.000231	0.466919	0.000133	0.000000	0.000000	0.000055
326	0.324229	0.009462	0.196887	0.000221	0.469015	0.000138	0.000000	0.000000	0.000048
327	0.322842	0.009324	0.196387	0.000220	0.471047	0.000131	0.000000	0.000000	0.000049
328	0.321495	0.009178	0.195792	0.000238	0.473124	0.000116	0.000000	0.000000	0.000057
329	0.320112	0.009103	0.194987	0.000247	0.475362	0.000114	0.000000	0.000000	0.000075
330	0.318984	0.009099	0.194170	0.000243	0.477334	0.000110	0.000000	0.000000	0.000060
331	0.317650	0.008997	0.193024	0.000249	0.479917	0.000097	0.000000	0.000000	0.000066
332	0.315962	0.008897	0.192568	0.000238	0.482175	0.000099	0.000000	0.000000	0.000061
333	0.314407	0.008763	0.192256	0.000228	0.484189	0.000106	0.000000	0.000000	0.000051
334	0.312272	0.008696	0.192175	0.000216	0.486483	0.000107	0.000000	0.000000	0.000051
335	0.311129	0.008531	0.191374	0.000205	0.488611	0.000099	0.000000	0.000000	0.000051
336	0.309872	0.008389	0.190655	0.000191	0.490746	0.000095	0.000000	0.000000	0.000052
337	0.308550	0.008333	0.189890	0.000181	0.492890	0.000107	0.000000	0.000000	0.000049
338	0.306709	0.008405	0.189264	0.000171	0.495305	0.000093	0.000000	0.000000	0.000053
339	0.305298	0.008485	0.188423	0.000170	0.497477	0.000095	0.000000	0.000000	0.000052
340	0.303196	0.008565	0.187764	0.000158	0.500185	0.000084	0.000000	0.000000	0.000048
341	0.301683	0.008519	0.187134	0.000159	0.502372	0.000097	0.000000	0.000000	0.000036
342	0.300556	0.008344	0.186095	0.000163	0.504709	0.000099	0.000000	0.000000	0.000034
343	0.299082	0.008238	0.185422	0.000163	0.506968	0.000096	0.000000	0.000000	0.000031
344	0.297208	0.008140	0.185276	0.000165	0.509087	0.000097	0.000000	0.000000	0.000027
345	0.295775	0.008158	0.184497	0.000160	0.511303	0.000083	0.000000	0.000000	0.000024
346	0.294353	0.007975	0.183988	0.000153	0.513422	0.000084	0.000000	0.000000	0.000025
347	0.292886	0.007974	0.183176	0.000159	0.515692	0.000088	0.000000	0.000000	0.000025
348	0.290979	0.007818	0.182730	0.000170	0.518204	0.000085	0.000000	0.000000	0.000014
349	0.288831	0.007758	0.182426	0.000153	0.520725	0.000092	0.000000	0.000000	0.000015
350	0.287930	0.007686	0.181290	0.000152	0.522845	0.000084	0.000000	0.000000	0.000013
351	0.286235	0.007716	0.180652	0.000157	0.525141	0.000089	0.000000	0.000000	0.000010
352	0.284502	0.007528	0.180005	0.000157	0.527699	0.000100	0.000000	0.000000	0.000009
353	0.283035	0.007424	0.178808	0.000149	0.530490	0.000088	0.000000	0.000000	0.000006
354	0.281721	0.007459	0.178120	0.000141	0.532464	0.000088	0.000000	0.000000	0.000007
355	0.279964	0.007351	0.177480	0.000149	0.534943	0.000101	0.000000	0.000000	0.000012
356	0.278695	0.007321	0.176903	0.000149	0.536825	0.000100	0.000000	0.000000	0.000007
357	0.277138	0.007404	0.176206	0.000153	0.538985	0.000103	0.000000	0.000000	0.000011
358	0.275988	0.007297	0.174958	0.000149	0.541489	0.000110	0.000000	0.000000	0.000009
359	0.274479	0.007130	0.174485	0.000145	0.543632	0.000117	0.000000	0.000000	0.000012
360	0.273280	0.007094	0.173779	0.000148	0.545586	0.000104	0.000000	0.000000	0.000009
361	0.272131	0.006966	0.172619	0.000154	0.548028	0.000089	0.000000	0.000000	0.000013
362	0.271183	0.006886	0.171714	0.000151	0.549986	0.000071	0.000000	0.000000	0.000009
363	0.269298	0.006831	0.171225	0.000152	0.552412	0.000077	0.000000	0.000000	0.000005
364	0.267928	0.006716	0.170614	0.000160	0.554479	0.000095	0.000000	0.000000	0.000008
365	0.266979	0.006767	0.169195	0.000151	0.556804	0.000098	0.000000	0.000000	0.000006
366	0.265842	0.006834	0.168048	0.000155	0.559008	0.000104	0.000000	0.000000	0.000009
367	0.265097	0.006773	0.167082	0.000138	0.560788	0.000115	0.000000	0.000000	0.000007
368	0.263643	0.006680	0.166024	0.000149	0.563395	0.000101	0.000000	0.000000	0.000008
369	0.262555	0.006654	0.164876	0.000155	0.565659	0.000096	0.000000	0.000000	0.000005
370	0.260851	0.006615	0.164646	0.000144	0.567649	0.000088	0.000000	0.000000	0.000007
371	0.260390	0.006478	0.163136	0.000157	0.569743	0.000090	0.000000	0.000000	0.000006
372	0.259033	0.006470	0.162473	0.000151	0.571774	0.000094	0.000000	0.000000	0.000005
373	0.257619	0.006371	0.161874	0.000138	0.573886	0.000107	0.000000	0.000000	0.000005
374	0.256367	0.006363	0.161092	0.000131	0.575950	0.000094	0.000000	0.000000	0.000003
375	0.255296	0.006310	0.160396	0.000136	0.577764	0.000095	0.000000	0.000000	0.000003
376	0.253422	0.006301	0.159328	0.000146	0.580699	0.000099	0.000000	0.000000	0.000005
377	0.252432	0.006199	0.158358	0.000138	0.582771	0.000100	0.000000	0.000000	0.000002
378	0.251182	0.006110	0.157457	0.000156	0.584984	0.000110	0.000000	0.000000	0.000001
379	0.249864	0.006017	0.157134	0.000134	0.586735	0.000113	0.000000	0.000000	0.000003
380	0.248410	0.005983	0.156572	0.000120	0.588803	0.000108	0.000000	0.000000	0.000004
381	0.247105	0.005995	0.155759	0.000132	0.590911	0.000096	0.000000	0.000000	0.000002
382	0.245692	0.005959	0.155204	0.000133	0.592912	0.000099	0.000000	0.000000	0.000001
383	0.244579	0.005896	0.154254	0.000119	0.595059	0.000091	0.000000	0.000000	0.000002
384	0.242937	0.005870	0.153800	0.000116	0.597190	0.000087	0.000000	0.000000	0.000000
385	0.241941	0.005865	0.152864	0.000116	0.599138	0.000076	0.000000	0.000000	0.000000
386	0.240649	0.005893	0.151878	0.000111	0.601395	0.000074	0.000000	0.000000	0.000000
387	0.239266	0.005965	0.150956	0.000117	0.603628	0.000067	0.000000	0.000000	0.000001
388	0.238557	0.005975	0.149685	0.000102	0.605606	0.000075	0.000000	0.000000	0.000000
389	0.237271	0.005957	0.148959	0.000105	0.607651	0.000057	0.000000	0.000000	0.000000
390	0.236352	0.005849	0.147874	0.000117	0.609746	0.000062	0.000000	0.000000	0.000000
391	0.235334	0.005691	0.147107	0.000122	0.611688	0.000058	0.000000	0.000000	0.000000
392	0.234234	0.005575	0.146335	0.000114	0.613670	0.000072	0.000000	0.000000	0.000000
393	0.233136	0.005568	0.145333	0.000120	0.615779	0.000064	0.000000	0.000000	0.000000
394	0.232080	0.005474	0.144549	0.000123	0.617698	0.000076	0.000000	0.000000	0.000000
395	0.231027	0.005409	0.143903	0.000110	0.619465	0.000086	0.000000	0.000000	0.000000
396	0.229917	0.005339	0.142998	0.000104	0.621556	0.000086	0.000000	0.000000	0.000000
397	0.228886	0.005240	0.142137	0.000105	0.623549	0.000083	0.000000	0.000000	0.000000
398	0.227674	0.005253	0.141443	0.000105	0.625434	0.000091	0.000000	0.000000	0.000000
399	0.226406	0.005207	0.140766	0.000108	0.627428	0.000085	0.000000	0.000000	0.000000
400	0.225403	0.005102	0.140016	0.000103	0.629282	0.000094	0.000000	0.000000	0.000000
401	0.223741	0.005148	0.139413	0.000103	0.631495	0.000100	0.000000	0.000000	0.000000
402	0.222447	0.005158	0.138914	0.000090	0.633297	0.000094	0.000000	0.000000	0.000000
403	0.221300	0.005107	0.137596	0.000095	0.635815	0.000087	0.000000	0.000000	0.000000
404	0.219269	0.005151	0.137335	0.000102	0.638047	0.000096	0.000000	0.000000	0.000000
405	0.217854	0.005183	0.136369	0.000097	0.640402	0.000095	0.000000	0.000000	0.000000
406	0.216703	0.005047	0.135538	0.000100	0.642518	0.000094	0.000000	0.000000	0.000000
407	0.215106	0.004994	0.134972	0.000099	0.644734	0.000095	0.000000	0.000000	0.000000
408	0.213965	0.004843	0.134189	0.000095	0.646825	0.000083	0.000000	0.000000	0.000000
409	0.212761	0.004826	0.133232	0.000095	0.648995	0.000091	0.000000	0.000000	0.000000
410	0.211187	0.004748	0.132626	0.000089	0.651254	0.000096	0.000000	0.000000	0.000000
411	0.209981	0.004650	0.131912	0.000082	0.653268	0.000107	0.000000	0.000000	0.000000
412	0.208725	0.004636	0.131230	0.000082	0.655223	0.000104	0.000000	0.000000	0.000000
413	0.207630	0.004587	0.130371	0.000085	0.657227	0.000100	0.000000	0.000000	0.000000
414	0.206717	0.004531	0.129727	0.000083	0.658850	0.000092	0.000000	0.000000	0.000000
415	0.205561	0.004492	0.128864	0.000076	0.660923	0.000084	0.000000	0.000000	0.000000
416	0.204471	0.004491	0.128312	0.000068	0.662566	0.000092	0.000000	0.000000	0.000000
417	0.203530	0.004322	0.127567	0.000070	0.664417	0.000094	0.000000	0.000000	0.000000
418	0.201903	0.004253	0.126864	0.000071	0.666809	0.000100	0.000000	0.000000	0.000000
419	0.200749	0.004220	0.126027	0.000066	0.668848	0.000090	0.000000	0.000000	0.000000
420	0.199368	0.004031	0.125505	0.000073	0.670932	0.000091	0.000000	0.000000	0.000000
421	0.198377	0.003924	0.124762	0.000076	0.672768	0.000093	0.000000	0.000000	0.000000
422	0.196933	0.003952	0.124150	0.000065	0.674827	0.000073	0.000000	0.000000	0.000000
423	0.195602	0.003909	0.123975	0.000071	0.676359	0.000084	0.000000	0.000000	0.000000
424	0.194058	0.003925	0.123408	0.000067	0.678457	0.000085	0.000000	0.000000	0.000000
425	0.193038	0.003869	0.122705	0.000072	0.680229	0.000087	0.000000	0.000000	0.000000
426	0.191800	0.003854	0.121753	0.000062	0.682439	0.000092	0.000000	0.000000	0.000000
427	0.190510	0.003883	0.121075	0.000061	0.684398	0.000073	0.000000	0.000000	0.000000
428	0.189244	0.003823	0.120437	0.000064	0.686344	0.000088	0.000000	0.000000	0.000000
429	0.188171	0.003758	0.119423	0.000072	0.688501	0.000075	0.000000	0.000000	0.000000
430	0.186446	0.003777	0.119310	0.000078	0.690311	0.000078	0.000000	0.000000	0.000000
431	0.185429	0.003822	0.118415	0.000085	0.692174	0.000075	0.000000	0.000000	0.000000
432	0.184380	0.003778	0.117455	0.000086	0.694235	0.000066	0.000000	0.000000	0.000000
433	0.183301	0.003745	0.116918	0.000079	0.695884	0.000073	0.000000	0.000000	0.000000
434	0.182243	0.003708	0.116251	0.000082	0.697633	0.000083	0.000000	0.000000	0.000000
435	0.181323	0.003737	0.115278	0.000077	0.699516	0.000069	0.000000	0.000000	0.000000
436	0.180112	0.003727	0.114487	0.000067	0.701538	0.000069	0.000000	0.000000	0.000000
437	0.178999	0.003718	0.113852	0.000066	0.703303	0.000062	0.000000	0.000000	0.000000
438	0.178258	0.003592	0.113163	0.000065	0.704864	0.000058	0.000000	0.000000	0.000000
439	0.177031	0.003517	0.112638	0.000069	0.706683	0.000062	0.000000	0.000000	0.000000
440	0.175937	0.003512	0.111994	0.000080	0.708415	0.000062	0.000000	0.000000	0.000000
441	0.174771	0.003447	0.111572	0.000082	0.710068	0.000060	0.000000	0.000000	0.000000
442	0.173827	0.003376	0.110881	0.000086	0.711771	0.000059	0.000000	0.000000	0.000000
443	0.172269	0.003304	0.110308	0.000090	0.713967	0.000062	0.000000	0.000000	0.000000
444	0.171300	0.003279	0.109777	0.000099	0.715487	0.000058	0.000000	0.000000	0.000000
445	0.170502	0.003185	0.108721	0.000104	0.717434	0.000054	0.000000	0.000000	0.000000
446	0.169078	0.003098	0.107874	0.000091	0.719805	0.000054	0.000000	0.000000	0.000000
447	0.168129	0.003045	0.106860	0.000096	0.721822	0.000048	0.000000	0.000000	0.000000
448	0.166992	0.002945	0.106373	0.000089	0.723533	0.000068	0.000000	0.000000	0.000000
449	0.165795	0.002949	0.105521	0.000097	0.725575	0.000063	0.000000	0.000000	0.000000
450	0.164402	0.002947	0.105093	0.000096	0.727402	0.000060	0.000000	0.000000	0.000000
451	0.163279	0.003025	0.104387	0.000090	0.729145	0.000074	0.000000	0.000000	0.000000
452	0.162112	0.002984	0.103612	0.000095	0.731126	0.000071	0.000000	0.000000	0.000000
453	0.161597	0.002982	0.102707	0.000105	0.732532	0.000077	0.000000	0.000000	0.000000
454	0.160224	0.002931	0.102404	0.000100	0.734278	0.000063	0.000000	0.000000	0.000000
455	0.159143	0.002854	0.102088	0.000097	0.735751	0.000067	0.000000	0.000000	0.000000
456	0.158289	0.002817	0.101625	0.000095	0.737107	0.000067	0.000000	0.000000	0.000000
457	0.157319	0.002719	0.100896	0.000102	0.738890	0.000074	0.000000	0.000000	0.000000
458	0.156236	0.002651	0.099901	0.000095	0.741040	0.000077	0.000000	0.000000	0.000000
459	0.155255	0.002586	0.099451	0.000095	0.742528	0.000085	0.000000	0.000000	0.000000
460	0.154232	0.002611	0.099139	0.000081	0.743847	0.000090	0.000000	0.000000	0.000000
461	0.153682	0.002596	0.098260	0.000093	0.745292	0.000077	0.000000	0.000000	0.000000
462	0.152826	0.002619	0.097710	0.000081	0.746690	0.000074	0.000000	0.000000	0.000000
463	0.151865	0.002577	0.096831	0.000079	0.748571	0.000077	0.000000	0.000000	0.000000
464	0.151054	0.002603	0.096009	0.000077	0.750174	0.000083	0.000000	0.000000	0.000000
465	0.149882	0.002573	0.095487	0.000076	0.751897	0.000085	0.000000	0.000000	0.000000
466	0.148644	0.002572	0.094959	0.000072	0.753675	0.000078	0.000000	0.000000	0.000000
467	0.147376	0.002519	0.094789	0.000079	0.755158	0.000079	0.000000	0.000000	0.000000
468	0.146099	0.002561	0.094145	0.000080	0.757034	0.000081	0.000000	0.000000	0.000000
469	0.145002	0.002585	0.093476	0.000092	0.758767	0.000078	0.000000	0.000000	0.000000
470	0.143986	0.002610	0.092538	0.000088	0.760682	0.000096	0.000000	0.000000	0.000000
