0	0.290663	0.057897	0.229473	0.157588	0.029913	0.111872	0.085455	0.012259	0.024880
1	0.227791	0.046912	0.197614	0.141490	0.029179	0.122070	0.119758	0.023328	0.091858
2	0.223924	0.046008	0.194234	0.138511	0.029751	0.120180	0.120724	0.023842	0.102826
3	0.227138	0.045840	0.192524	0.136509	0.030984	0.115882	0.118718	0.023052	0.109353
4	0.231723	0.045827	0.190830	0.134031	0.032266	0.111990	0.116272	0.021849	0.115212
5	0.237178	0.045516	0.188685	0.131932	0.033676	0.107649	0.113180	0.020944	0.121240
6	0.242783	0.045536	0.187249	0.129678	0.035211	0.102983	0.110245	0.019871	0.126444
7	0.248069	0.045134	0.184427	0.128418	0.036875	0.098184	0.107197	0.018968	0.132728
8	0.253321	0.044532	0.182468	0.126814	0.038683	0.093750	0.104375	0.018014	0.138043
9	0.259963	0.044455	0.179846	0.124675	0.040377	0.089246	0.101096	0.017151	0.143191
10	0.265893	0.043954	0.177127	0.122872	0.042200	0.085052	0.098262	0.016589	0.148051
11	0.270878	0.043903	0.173822	0.120809	0.044286	0.081103	0.095184	0.015971	0.154044
12	0.276716	0.043593	0.170526	0.119197	0.046441	0.077357	0.091744	0.015161	0.159265
13	0.281998	0.043044	0.167929	0.117148	0.048673	0.073489	0.088787	0.014472	0.164460
14	0.287761	0.042144	0.164940	0.115463	0.051077	0.070035	0.085663	0.013776	0.169141
15	0.292052	0.041786	0.162398	0.113887	0.053570	0.066621	0.082137	0.013221	0.174328
16	0.296894	0.041253	0.159102	0.112090	0.055807	0.063333	0.079356	0.012823	0.179342
17	0.301976	0.040601	0.155493	0.110379	0.058368	0.060241	0.076826	0.012172	0.183944
18	0.306380	0.039866	0.152631	0.108661	0.061057	0.057530	0.073853	0.011569	0.188453
19	0.310494	0.039186	0.149542	0.106839	0.063974	0.054760	0.071315	0.011079	0.192811
20	0.314845	0.038491	0.146357	0.105042	0.066753	0.052010	0.068688	0.010506	0.197308
21	0.319918	0.037665	0.142786	0.103551	0.069576	0.049195	0.066033	0.009904	0.201372
22	0.324244	0.036880	0.139540	0.101876	0.072418	0.046550	0.063245	0.009494	0.205753
23	0.328570	0.036224	0.135946	0.100377	0.075321	0.044173	0.060595	0.008994	0.209800
24	0.333397	0.035804	0.131620	0.098415	0.078504	0.041939	0.058009	0.008420	0.213892
25	0.336982	0.035235	0.128408	0.097002	0.081522	0.039759	0.055712	0.008019	0.217361
26	0.341104	0.034642	0.124905	0.094927	0.085005	0.037773	0.053312	0.007597	0.220735
27	0.344418	0.033765	0.121393	0.093649	0.088633	0.035979	0.050861	0.007074	0.224228
28	0.347674	0.033201	0.117570	0.092533	0.092421	0.033876	0.048919	0.006660	0.227146
29	0.351331	0.032488	0.114229	0.091032	0.096232	0.031864	0.046690	0.006300	0.229834
30	0.354340	0.031842	0.111472	0.089619	0.099780	0.030385	0.044605	0.006032	0.231925
31	0.357534	0.031057	0.107790	0.087738	0.104240	0.028956	0.042965	0.005692	0.234028
32	0.360613	0.030558	0.104254	0.086185	0.108618	0.027442	0.041505	0.005464	0.235361
33	0.363471	0.029821	0.101035	0.084660	0.113301	0.026229	0.039310	0.005183	0.236990
34	0.366155	0.029325	0.098153	0.083499	0.117906	0.024854	0.037267	0.004830	0.238011
35	0.368247	0.028535	0.095340	0.081861	0.122654	0.023569	0.035353	0.004451	0.239990
36	0.371141	0.027748	0.091848	0.080949	0.127304	0.022308	0.033698	0.004094	0.240910
37	0.373457	0.027097	0.088516	0.079359	0.132372	0.021402	0.032230	0.003889	0.241678
38	0.375145	0.026654	0.085524	0.078110	0.137394	0.020282	0.030870	0.003641	0.242380
39	0.376109	0.026144	0.082508	0.076937	0.142827	0.019298	0.029317	0.003372	0.243488
40	0.377645	0.025561	0.079620	0.076074	0.148171	0.018403	0.028064	0.003139	0.243323
41	0.378924	0.025174	0.077304	0.074614	0.153364	0.017443	0.026347	0.002953	0.243877
42	0.380547	0.024514	0.074316	0.073591	0.158617	0.016762	0.025016	0.002865	0.243772
43	0.381648	0.023877	0.071356	0.072433	0.164842	0.015831	0.023617	0.002713	0.243683
44	0.382225	0.023361	0.069107	0.071743	0.170088	0.015271	0.022380	0.002538	0.243287
45	0.383516	0.022855	0.066282	0.070990	0.176014	0.014636	0.021126	0.002315	0.242266
46	0.384562	0.022208	0.064127	0.070119	0.181356	0.014153	0.020282	0.002247	0.240946
47	0.384336	0.021588	0.062086	0.069336	0.187777	0.013510	0.019109	0.002095	0.240163
48	0.384514	0.021277	0.059813	0.068502	0.194025	0.013028	0.018367	0.001972	0.238502
49	0.385071	0.020606	0.057811	0.067593	0.200600	0.012363	0.017285	0.001817	0.236854
50	0.385265	0.020072	0.055808	0.066666	0.207239	0.012052	0.016515	0.001674	0.234709
51	0.385260	0.019613	0.053572	0.065898	0.214196	0.011465	0.015507	0.001530	0.232959
52	0.385191	0.019088	0.051648	0.065169	0.220601	0.011083	0.014528	0.001426	0.231266
53	0.384393	0.018583	0.049975	0.064286	0.227572	0.010749	0.013751	0.001331	0.229360
54	0.383998	0.017858	0.047962	0.063833	0.234515	0.010578	0.012953	0.001241	0.227062
55	0.383350	0.017568	0.046302	0.063265	0.241296	0.010161	0.012208	0.001149	0.224701
56	0.382714	0.017080	0.044696	0.062404	0.248372	0.009835	0.011428	0.001053	0.222418
57	0.381621	0.016641	0.042780	0.061629	0.255743	0.009515	0.010800	0.000950	0.220321
58	0.380650	0.016478	0.041089	0.061202	0.262919	0.009207	0.010150	0.000901	0.217404
59	0.378371	0.016192	0.039528	0.060698	0.270899	0.008957	0.009539	0.000814	0.215002
60	0.377025	0.015767	0.037866	0.060384	0.278363	0.008759	0.008898	0.000752	0.212186
61	0.375313	0.015231	0.036190	0.059961	0.286125	0.008586	0.008371	0.000743	0.209480
62	0.373491	0.014753	0.034757	0.059733	0.294265	0.008489	0.007916	0.000670	0.205926
63	0.371594	0.014125	0.033267	0.059656	0.302455	0.008150	0.007451	0.000627	0.202675
64	0.369708	0.013702	0.031799	0.059168	0.310468	0.007955	0.007051	0.000565	0.199584
65	0.367540	0.013256	0.030582	0.058926	0.318606	0.007786	0.006614	0.000516	0.196174
66	0.365260	0.012743	0.029228	0.058741	0.327035	0.007641	0.006027	0.000464	0.192861
67	0.362744	0.012265	0.028083	0.058362	0.335471	0.007495	0.005692	0.000435	0.189453
68	0.360369	0.011885	0.027069	0.057979	0.344162	0.007242	0.005452	0.000385	0.185457
69	0.357519	0.011531	0.026074	0.057787	0.352076	0.007112	0.005078	0.000355	0.182468
70	0.354335	0.011079	0.024904	0.057199	0.361252	0.006998	0.004742	0.000286	0.179205
71	0.351873	0.010637	0.023887	0.057098	0.369936	0.006740	0.004444	0.000273	0.175112
72	0.349056	0.010380	0.022948	0.056911	0.378666	0.006504	0.004140	0.000235	0.171160
73	0.345662	0.010096	0.021957	0.056798	0.386902	0.006439	0.003857	0.000242	0.168047
74	0.342670	0.009959	0.020963	0.056555	0.395852	0.006354	0.003514	0.000196	0.163937
75	0.338896	0.009626	0.020057	0.056267	0.404898	0.006219	0.003282	0.000216	0.160539
76	0.335545	0.009300	0.019304	0.056038	0.413594	0.006076	0.003022	0.000190	0.156931
77	0.332158	0.009127	0.018653	0.056232	0.422054	0.005903	0.002843	0.000180	0.152850
78	0.328394	0.008992	0.017849	0.056282	0.430813	0.005907	0.002616	0.000167	0.148980
79	0.324984	0.008765	0.017006	0.055968	0.439885	0.005692	0.002486	0.000162	0.145052
80	0.321046	0.008508	0.016370	0.055767	0.449410	0.005579	0.002345	0.000138	0.140837
81	0.317042	0.008220	0.015708	0.055776	0.458412	0.005468	0.002095	0.000121	0.137158
82	0.313169	0.007839	0.014836	0.055925	0.467275	0.005287	0.001849	0.000099	0.133721
83	0.309586	0.007694	0.014262	0.056155	0.475439	0.005243	0.001763	0.000097	0.129761
84	0.305169	0.007489	0.013594	0.056044	0.484632	0.005208	0.001640	0.000085	0.126139
85	0.301548	0.007324	0.013008	0.055989	0.493467	0.005208	0.001498	0.000079	0.121879
86	0.296995	0.007092	0.012478	0.056013	0.502125	0.005086	0.001416	0.000076	0.118719
87	0.292712	0.006880	0.011995	0.056148	0.510785	0.005019	0.001296	0.000074	0.115091
88	0.288396	0.006619	0.011514	0.056016	0.519731	0.005005	0.001179	0.000060	0.111480
89	0.284130	0.006482	0.011179	0.055939	0.528180	0.004912	0.001114	0.000065	0.107999
90	0.279815	0.006126	0.010586	0.056097	0.536842	0.004875	0.001048	0.000067	0.104544
91	0.275915	0.006011	0.010046	0.056083	0.545090	0.004901	0.000985	0.000071	0.100898
92	0.271610	0.005829	0.009642	0.055951	0.553552	0.004873	0.000968	0.000057	0.097518
93	0.266645	0.005748	0.009281	0.056106	0.562142	0.004875	0.000940	0.000052	0.094211
94	0.261941	0.005453	0.008878	0.056124	0.570975	0.004828	0.000838	0.000050	0.090913
95	0.257608	0.005291	0.008509	0.056258	0.579146	0.004801	0.000783	0.000052	0.087552
96	0.252198	0.005191	0.008248	0.056225	0.588158	0.004720	0.000729	0.000059	0.084472
97	0.247145	0.004995	0.007967	0.056298	0.596554	0.004661	0.000669	0.000053	0.081658
98	0.242316	0.004798	0.007616	0.056233	0.605045	0.004702	0.000619	0.000049	0.078622
99	0.238203	0.004536	0.007208	0.056325	0.612983	0.004612	0.000552	0.000049	0.075532
100	0.233521	0.004439	0.006981	0.056375	0.620423	0.004592	0.000536	0.000044	0.073089
101	0.228292	0.004260	0.006760	0.056591	0.628753	0.004493	0.000463	0.000047	0.070341
102	0.223492	0.004072	0.006503	0.056830	0.636252	0.004442	0.000456	0.000046	0.067907
103	0.218232	0.003933	0.006259	0.056951	0.644413	0.004392	0.000444	0.000038	0.065338
104	0.213631	0.003693	0.006078	0.056758	0.652447	0.004402	0.000405	0.000034	0.062552
105	0.209015	0.003481	0.005922	0.056876	0.660045	0.004432	0.000345	0.000025	0.059859
106	0.204351	0.003385	0.005590	0.056678	0.668073	0.004325	0.000340	0.000023	0.057235
107	0.199572	0.003222	0.005275	0.056961	0.675375	0.004277	0.000302	0.000026	0.054990
108	0.194568	0.003110	0.005129	0.057051	0.682981	0.004303	0.000276	0.000020	0.052562
109	0.189798	0.002980	0.004915	0.057313	0.690117	0.004334	0.000248	0.000020	0.050275
110	0.185299	0.002878	0.004648	0.057419	0.697126	0.004268	0.000222	0.000017	0.048123
111	0.180327	0.002712	0.004503	0.057484	0.704391	0.004195	0.000185	0.000016	0.046187
112	0.176035	0.002600	0.004245	0.057586	0.711148	0.004235	0.000175	0.000012	0.043964
113	0.171429	0.002427	0.004029	0.057913	0.717693	0.004318	0.000129	0.000014	0.042048
114	0.166868	0.002322	0.003865	0.057905	0.724547	0.004373	0.000119	0.000015	0.039986
115	0.162709	0.002197	0.003684	0.058123	0.730528	0.004337	0.000113	0.000015	0.038294
116	0.158123	0.002089	0.003535	0.058185	0.737219	0.004265	0.000102	0.000018	0.036464
117	0.153632	0.002005	0.003420	0.058464	0.743348	0.004242	0.000090	0.000012	0.034787
118	0.149257	0.001899	0.003297	0.058608	0.749464	0.004272	0.000071	0.000011	0.033121
119	0.144939	0.001826	0.003162	0.058604	0.755542	0.004272	0.000066	0.000008	0.031581
120	0.140972	0.001671	0.003011	0.058511	0.761482	0.004271	0.000061	0.000005	0.030016
121	0.136752	0.001576	0.002926	0.058936	0.767199	0.004156	0.000053	0.000004	0.028398
122	0.133106	0.001471	0.002775	0.059015	0.772493	0.004183	0.000053	0.000005	0.026899
123	0.129426	0.001359	0.002694	0.058961	0.777849	0.004175	0.000042	0.000005	0.025489
124	0.125306	0.001254	0.002581	0.059162	0.783217	0.004133	0.000038	0.000002	0.024307
125	0.121433	0.001206	0.002471	0.059044	0.788663	0.004073	0.000033	0.000001	0.023076
126	0.117797	0.001167	0.002335	0.059085	0.793618	0.004070	0.000032	0.000001	0.021895
127	0.114294	0.001140	0.002146	0.058987	0.798698	0.003978	0.000025	0.000002	0.020730
128	0.110373	0.001113	0.002077	0.059168	0.803590	0.004008	0.000032	0.000003	0.019636
129	0.106622	0.001025	0.001973	0.059281	0.808430	0.004008	0.000032	0.000005	0.018624
130	0.102963	0.000940	0.001881	0.059290	0.813306	0.004027	0.000026	0.000009	0.017558
131	0.099376	0.000921	0.001752	0.059420	0.817821	0.004021	0.000022	0.000012	0.016655
132	0.095830	0.000870	0.001752	0.059219	0.822483	0.003979	0.000018	0.000006	0.015843
133	0.092668	0.000767	0.001646	0.059338	0.826671	0.003948	0.000021	0.000006	0.014935
134	0.089596	0.000724	0.001535	0.059127	0.830794	0.004038	0.000019	0.000007	0.014160
135	0.086321	0.000665	0.001494	0.059186	0.834818	0.004059	0.000019	0.000004	0.013434
136	0.083194	0.000633	0.001470	0.058976	0.839039	0.004091	0.000016	0.000003	0.012578
137	0.079930	0.000588	0.001323	0.059008	0.843148	0.004046	0.000017	0.000003	0.011937
138	0.077050	0.000525	0.001234	0.059019	0.846832	0.004106	0.000014	0.000003	0.011217
139	0.074145	0.000447	0.001173	0.059369	0.850108	0.004118	0.000011	0.000002	0.010627
140	0.071143	0.000431	0.001069	0.059570	0.853650	0.004156	0.000016	0.000002	0.009963
141	0.068514	0.000372	0.001006	0.059619	0.857029	0.004096	0.000019	0.000000	0.009345
142	0.065668	0.000376	0.000935	0.059896	0.860201	0.004068	0.000021	0.000000	0.008835
143	0.062996	0.000350	0.000865	0.059974	0.863396	0.003998	0.000016	0.000000	0.008405
144	0.060575	0.000321	0.000830	0.060105	0.866076	0.004173	0.000013	0.000000	0.007907
145	0.058264	0.000312	0.000736	0.060136	0.868914	0.004152	0.000012	0.000000	0.007474
146	0.055978	0.000287	0.000662	0.059853	0.872061	0.004181	0.000012	0.000000	0.006966
147	0.053625	0.000259	0.000636	0.059846	0.874865	0.004122	0.000013	0.000000	0.006634
148	0.051369	0.000235	0.000575	0.059855	0.877562	0.004169	0.000013	0.000000	0.006222
149	0.049200	0.000238	0.000567	0.059693	0.880322	0.004178	0.000012	0.000000	0.005790
150	0.047114	0.000224	0.000566	0.059783	0.882723	0.004135	0.000015	0.000000	0.005440
151	0.044915	0.000205	0.000537	0.059457	0.885695	0.004030	0.000009	0.000000	0.005152
152	0.043007	0.000195	0.000549	0.059566	0.887744	0.004121	0.000009	0.000000	0.004809
153	0.041347	0.000174	0.000499	0.059523	0.889915	0.004077	0.000007	0.000000	0.004458
154	0.039415	0.000162	0.000457	0.059383	0.892317	0.004119	0.000008	0.000000	0.004139
155	0.037551	0.000159	0.000464	0.059363	0.894521	0.004065	0.000007	0.000000	0.003870
156	0.035788	0.000155	0.000414	0.059326	0.896666	0.004019	0.000008	0.000000	0.003624
157	0.034027	0.000149	0.000395	0.059368	0.898646	0.003976	0.000008	0.000000	0.003431
158	0.032574	0.000126	0.000350	0.059465	0.900171	0.004080	0.000011	0.000000	0.003223
159	0.031083	0.000121	0.000351	0.059461	0.901900	0.004068	0.000012	0.000000	0.003004
160	0.029600	0.000106	0.000347	0.059346	0.903778	0.004019	0.000008	0.000000	0.002796
161	0.027946	0.000109	0.000332	0.059357	0.905720	0.003956	0.000008	0.000000	0.002572
162	0.026728	0.000094	0.000310	0.059213	0.907134	0.004109	0.000009	0.000000	0.002403
163	0.025506	0.000085	0.000294	0.059093	0.908776	0.004008	0.000007	0.000000	0.002231
164	0.024255	0.000077	0.000282	0.059138	0.910154	0.003983	0.000007	0.000000	0.002104
165	0.023108	0.000080	0.000258	0.059218	0.911422	0.003951	0.000005	0.000000	0.001958
166	0.022068	0.000064	0.000259	0.059562	0.912206	0.003985	0.000005	0.000000	0.001851
167	0.020901	0.000069	0.000248	0.059514	0.913543	0.003957	0.000001	0.000000	0.001767
168	0.019778	0.000054	0.000217	0.059580	0.914758	0.003965	0.000001	0.000000	0.001647
169	0.018681	0.000039	0.000182	0.059701	0.915879	0.004010	0.000001	0.000000	0.001507
170	0.017743	0.000033	0.000178	0.059687	0.916933	0.004025	0.000000	0.000000	0.001401
171	0.016833	0.000030	0.000168	0.059784	0.917813	0.004100	0.000000	0.000000	0.001272
172	0.015996	0.000025	0.000147	0.059631	0.919016	0.004022	0.000000	0.000000	0.001163
173	0.015244	0.000027	0.000137	0.059477	0.920033	0.004019	0.000000	0.000000	0.001063
174	0.014497	0.000022	0.000126	0.059416	0.921033	0.003951	0.000000	0.000000	0.000955
175	0.013765	0.000014	0.000114	0.059396	0.921859	0.003939	0.000000	0.000000	0.000913
176	0.012908	0.000012	0.000101	0.059032	0.923171	0.003949	0.000000	0.000000	0.000827
177	0.012204	0.000010	0.000100	0.059108	0.923841	0.003966	0.000000	0.000000	0.000771
178	0.011463	0.000011	0.000097	0.059048	0.924762	0.003916	0.000000	0.000000	0.000703
179	0.010766	0.000009	0.000085	0.058928	0.925550	0.003994	0.000000	0.000000	0.000668
180	0.010078	0.000003	0.000081	0.059305	0.925910	0.004018	0.000000	0.000000	0.000605
181	0.009569	0.000005	0.000073	0.059438	0.926436	0.003961	0.000000	0.000000	0.000518
182	0.008975	0.000002	0.000065	0.059128	0.927237	0.004054	0.000000	0.000000	0.000539
183	0.008474	0.000003	0.000066	0.059168	0.927743	0.004059	0.000000	0.000000	0.000487
184	0.007989	0.000001	0.000058	0.059468	0.927880	0.004130	0.000000	0.000000	0.000474
185	0.007523	0.000002	0.000057	0.059488	0.928363	0.004145	0.000000	0.000000	0.000422
186	0.007046	0.000001	0.000054	0.059585	0.928739	0.004177	0.000000	0.000000	0.000398
187	0.006590	0.000000	0.000054	0.059598	0.929251	0.004152	0.000000	0.000000	0.000355
188	0.006173	0.000000	0.000045	0.059690	0.929594	0.004154	0.000000	0.000000	0.000344
189	0.005693	0.000000	0.000046	0.059605	0.930177	0.004158	0.000000	0.000000	0.000321
190	0.005371	0.000000	0.000040	0.059429	0.930721	0.004158	0.000000	0.000000	0.000281
191	0.005038	0.000000	0.000036	0.059425	0.931068	0.004171	0.000000	0.000000	0.000262
192	0.004727	0.000000	0.000041	0.059804	0.930940	0.004243	0.000000	0.000000	0.000245
193	0.004385	0.000000	0.000044	0.059716	0.931325	0.004316	0.000000	0.000000	0.000214
194	0.004117	0.000000	0.000043	0.059816	0.931581	0.004230	0.000000	0.000000	0.000213
195	0.003842	0.000000	0.000035	0.059859	0.931741	0.004304	0.000000	0.000000	0.000219
196	0.003587	0.000000	0.000024	0.059733	0.932291	0.004187	0.000000	0.000000	0.000178
197	0.003321	0.000000	0.000023	0.059658	0.932607	0.004224	0.000000	0.000000	0.000167
198	0.003069	0.000000	0.000020	0.059461	0.933073	0.004213	0.000000	0.000000	0.000164
199	0.002837	0.000000	0.000016	0.059231	0.933596	0.004192	0.000000	0.000000	0.000128
200	0.002660	0.000000	0.000012	0.059033	0.933961	0.004214	0.000000	0.000000	0.000120
201	0.002449	0.000000	0.000009	0.059315	0.933894	0.004225	0.000000	0.000000	0.000108
202	0.002237	0.000000	0.000007	0.059280	0.934239	0.004140	0.000000	0.000000	0.000097
203	0.002110	0.000000	0.000006	0.059377	0.934242	0.004173	0.000000	0.000000	0.000092
204	0.001926	0.000000	0.000004	0.059473	0.934338	0.004188	0.000000	0.000000	0.000071
205	0.001781	0.000000	0.000007	0.059473	0.934464	0.004217	0.000000	0.000000	0.000058
206	0.001652	0.000000	0.000006	0.059475	0.934668	0.004141	0.000000	0.000000	0.000058
207	0.001573	0.000000	0.000002	0.059368	0.934811	0.004197	0.000000	0.000000	0.000049
208	0.001408	0.000000	0.000004	0.059225	0.935217	0.004108	0.000000	0.000000	0.000038
209	0.001273	0.000000	0.000003	0.059068	0.935490	0.004129	0.000000	0.000000	0.000037
210	0.001197	0.000000	0.000003	0.059081	0.935596	0.004086	0.000000	0.000000	0.000037
211	0.001123	0.000000	0.000002	0.059019	0.935709	0.004102	0.000000	0.000000	0.000045
212	0.001022	0.000000	0.000002	0.058806	0.935935	0.004199	0.000000	0.000000	0.000036
213	0.000931	0.000000	0.000004	0.058636	0.936227	0.004167	0.000000	0.000000	0.000035
214	0.000853	0.000000	0.000004	0.059026	0.935994	0.004093	0.000000	0.000000	0.000030
215	0.000784	0.000000	0.000004	0.058818	0.936239	0.004124	0.000000	0.000000	0.000031
216	0.000732	0.000000	0.000004	0.058746	0.936332	0.004156	0.000000	0.000000	0.000030
217	0.000680	0.000000	0.000002	0.058652	0.936429	0.004210	0.000000	0.000000	0.000027
218	0.000630	0.000000	0.000002	0.058746	0.936360	0.004228	0.000000	0.000000	0.000034
219	0.000565	0.000000	0.000002	0.058585	0.936537	0.004280	0.000000	0.000000	0.000031
220	0.000543	0.000000	0.000002	0.058274	0.936843	0.004308	0.000000	0.000000	0.000030
221	0.000494	0.000000	0.000002	0.058447	0.936651	0.004378	0.000000	0.000000	0.000028
222	0.000431	0.000000	0.000001	0.058430	0.936763	0.004349	0.000000	0.000000	0.000026
223	0.000384	0.000000	0.000003	0.058408	0.936826	0.004355	0.000000	0.000000	0.000024
224	0.000344	0.000000	0.000002	0.058563	0.936702	0.004366	0.000000	0.000000	0.000023
225	0.000312	0.000000	0.000005	0.058416	0.936877	0.004367	0.000000	0.000000	0.000023
226	0.000274	0.000000	0.000005	0.058661	0.936756	0.004279	0.000000	0.000000	0.000025
227	0.000265	0.000000	0.000003	0.058752	0.936632	0.004327	0.000000	0.000000	0.000021
228	0.000246	0.000000	0.000001	0.058911	0.936512	0.004309	0.000000	0.000000	0.000021
229	0.000219	0.000000	0.000002	0.058723	0.936686	0.004353	0.000000	0.000000	0.000017
230	0.000205	0.000000	0.000000	0.058988	0.936421	0.004370	0.000000	0.000000	0.000016
231	0.000187	0.000000	0.000000	0.059017	0.936403	0.004380	0.000000	0.000000	0.000013
232	0.000165	0.000000	0.000000	0.058752	0.936691	0.004381	0.000000	0.000000	0.000011
233	0.000150	0.000000	0.000000	0.058369	0.937089	0.004381	0.000000	0.000000	0.000011
234	0.000131	0.000000	0.000000	0.058430	0.937108	0.004320	0.000000	0.000000	0.000011
235	0.000132	0.000000	0.000000	0.058459	0.937179	0.004218	0.000000	0.000000	0.000012
236	0.000160	0.000000	0.000000	0.058602	0.937002	0.004223	0.000000	0.000000	0.000013
237	0.000136	0.000000	0.000000	0.058715	0.936872	0.004265	0.000000	0.000000	0.000012
238	0.000138	0.000000	0.000000	0.058831	0.936739	0.004282	0.000000	0.000000	0.000010
239	0.000121	0.000000	0.000000	0.058684	0.936994	0.004193	0.000000	0.000000	0.000008
240	0.000105	0.000000	0.000000	0.058483	0.937197	0.004207	0.000000	0.000000	0.000008
241	0.000092	0.000000	0.000000	0.058505	0.937168	0.004232	0.000000	0.000000	0.000003
242	0.000092	0.000000	0.000000	0.058620	0.937009	0.004278	0.000000	0.000000	0.000001
243	0.000091	0.000000	0.000000	0.058479	0.937156	0.004272	0.000000	0.000000	0.000002
244	0.000093	0.000000	0.000000	0.058550	0.936973	0.004384	0.000000	0.000000	0.000000
245	0.000103	0.000000	0.000000	0.058484	0.937014	0.004399	0.000000	0.000000	0.000000
246	0.000103	0.000000	0.000000	0.058578	0.936964	0.004355	0.000000	0.000000	0.000000
247	0.000096	0.000000	0.000000	0.059010	0.936531	0.004363	0.000000	0.000000	0.000000
248	0.000093	0.000000	0.000000	0.058750	0.936716	0.004441	0.000000	0.000000	0.000000
249	0.000082	0.000000	0.000000	0.058562	0.936876	0.004480	0.000000	0.000000	0.000000
250	0.000071	0.000000	0.000000	0.058386	0.937033	0.004510	0.000000	0.000000	0.000000
251	0.000068	0.000000	0.000000	0.058338	0.937237	0.004357	0.000000	0.000000	0.000000
252	0.000071	0.000000	0.000000	0.058445	0.937170	0.004314	0.000000	0.000000	0.000000
253	0.000071	0.000000	0.000000	0.058332	0.937266	0.004331	0.000000	0.000000	0.000000
254	0.000057	0.000000	0.000000	0.058043	0.937571	0.004329	0.000000	0.000000	0.000000
255	0.000059	0.000000	0.000000	0.057964	0.937725	0.004252	0.000000	0.000000	0.000000
256	0.000055	0.000000	0.000000	0.057861	0.937769	0.004315	0.000000	0.000000	0.000000
257	0.000050	0.000000	0.000000	0.057846	0.937739	0.004365	0.000000	0.000000	0.000000
258	0.000053	0.000000	0.000000	0.057848	0.937756	0.004343	0.000000	0.000000	0.000000
259	0.000053	0.000000	0.000000	0.057691	0.937922	0.004334	0.000000	0.000000	0.000000
260	0.000047	0.000000	0.000000	0.057564	0.938039	0.004350	0.000000	0.000000	0.000000
261	0.000044	0.000000	0.000000	0.057342	0.938262	0.004352	0.000000	0.000000	0.000000
262	0.000044	0.000000	0.000000	0.057427	0.938214	0.004315	0.000000	0.000000	0.000000
263	0.000043	0.000000	0.000000	0.057295	0.938312	0.004350	0.000000	0.000000	0.000000
264	0.000038	0.000000	0.000000	0.057640	0.937995	0.004327	0.000000	0.000000	0.000000
265	0.000033	0.000000	0.000000	0.057436	0.938178	0.004353	0.000000	0.000000	0.000000
266	0.000031	0.000000	0.000000	0.057249	0.938287	0.004433	0.000000	0.000000	0.000000
267	0.000032	0.000000	0.000000	0.057359	0.938132	0.004477	0.000000	0.000000	0.000000
268	0.000036	0.000000	0.000000	0.057172	0.938370	0.004422	0.000000	0.000000	0.000000
269	0.000038	0.000000	0.000000	0.057105	0.938442	0.004415	0.000000	0.000000	0.000000
270	0.000044	0.000000	0.000000	0.056897	0.938632	0.004427	0.000000	0.000000	0.000000
271	0.000044	0.000000	0.000000	0.057086	0.938460	0.004410	0.000000	0.000000	0.000000
272	0.000042	0.000000	0.000000	0.057298	0.938203	0.004457	0.000000	0.000000	0.000000
273	0.000044	0.000000	0.000000	0.057167	0.938425	0.004364	0.000000	0.000000	0.000000
274	0.000038	0.000000	0.000000	0.057572	0.937961	0.004429	0.000000	0.000000	0.000000
275	0.000041	0.000000	0.000000	0.057746	0.937732	0.004481	0.000000	0.000000	0.000000
276	0.000039	0.000000	0.000000	0.057709	0.937735	0.004517	0.000000	0.000000	0.000000
277	0.000037	0.000000	0.000000	0.057739	0.937752	0.004472	0.000000	0.000000	0.000000
278	0.000037	0.000000	0.000000	0.058057	0.937372	0.004534	0.000000	0.000000	0.000000
279	0.000029	0.000000	0.000000	0.058097	0.937356	0.004518	0.000000	0.000000	0.000000
280	0.000039	0.000000	0.000000	0.057889	0.937600	0.004472	0.000000	0.000000	0.000000
281	0.000035	0.000000	0.000000	0.057709	0.937811	0.004445	0.000000	0.000000	0.000000
282	0.000032	0.000000	0.000000	0.057870	0.937669	0.004429	0.000000	0.000000	0.000000
283	0.000031	0.000000	0.000000	0.057848	0.937752	0.004369	0.000000	0.000000	0.000000
284	0.000035	0.000000	0.000000	0.057790	0.937802	0.004373	0.000000	0.000000	0.000000
285	0.000029	0.000000	0.000000	0.057777	0.937776	0.004418	0.000000	0.000000	0.000000
286	0.000027	0.000000	0.000000	0.057588	0.937906	0.004479	0.000000	0.000000	0.000000
287	0.000022	0.000000	0.000000	0.057697	0.937878	0.004403	0.000000	0.000000	0.000000
288	0.000021	0.000000	0.000000	0.057929	0.937615	0.004435	0.000000	0.000000	0.000000
289	0.000021	0.000000	0.000000	0.057658	0.937827	0.004494	0.000000	0.000000	0.000000
290	0.000019	0.000000	0.000000	0.057822	0.937598	0.004561	0.000000	0.000000	0.000000
291	0.000013	0.000000	0.000000	0.057761	0.937743	0.004483	0.000000	0.000000	0.000000
292	0.000014	0.000000	0.000000	0.057833	0.937604	0.004549	0.000000	0.000000	0.000000
293	0.000013	0.000000	0.000000	0.058004	0.937416	0.004567	0.000000	0.000000	0.000000
294	0.000019	0.000000	0.000000	0.058017	0.937417	0.004547	0.000000	0.000000	0.000000
295	0.000018	0.000000	0.000000	0.057889	0.937531	0.004562	0.000000	0.000000	0.000000
296	0.000017	0.000000	0.000000	0.057788	0.937682	0.004513	0.000000	0.000000	0.000000
297	0.000022	0.000000	0.000000	0.057972	0.937384	0.004622	0.000000	0.000000	0.000000
298	0.000018	0.000000	0.000000	0.058142	0.937295	0.004545	0.000000	0.000000	0.000000
299	0.000017	0.000000	0.000000	0.058213	0.937204	0.004566	0.000000	0.000000	0.000000
300	0.000014	0.000000	0.000000	0.058154	0.937289	0.004543	0.000000	0.000000	0.000000
301	0.000013	0.000000	0.000000	0.058185	0.937203	0.004599	0.000000	0.000000	0.000000
302	0.000011	0.000000	0.000000	0.058328	0.937224	0.004437	0.000000	0.000000	0.000000
303	0.000012	0.000000	0.000000	0.058185	0.937361	0.004442	0.000000	0.000000	0.000000
304	0.000008	0.000000	0.000000	0.058377	0.937137	0.004478	0.000000	0.000000	0.000000
305	0.000008	0.000000	0.000000	0.058409	0.937092	0.004491	0.000000	0.000000	0.000000
306	0.000004	0.000000	0.000000	0.058530	0.936951	0.004515	0.000000	0.000000	0.000000
307	0.000004	0.000000	0.000000	0.058606	0.936904	0.004486	0.000000	0.000000	0.000000
308	0.000006	0.000000	0.000000	0.058537	0.937017	0.004440	0.000000	0.000000	0.000000
309	0.000011	0.000000	0.000000	0.058414	0.937199	0.004376	0.000000	0.000000	0.000000
310	0.000011	0.000000	0.000000	0.058297	0.937207	0.004485	0.000000	0.000000	0.000000
311	0.000008	0.000000	0.000000	0.058521	0.937013	0.004458	0.000000	0.000000	0.000000
312	0.000007	0.000000	0.000000	0.058508	0.937051	0.004434	0.000000	0.000000	0.000000
313	0.000007	0.000000	0.000000	0.058708	0.936866	0.004419	0.000000	0.000000	0.000000
314	0.000010	0.000000	0.000000	0.058492	0.937105	0.004393	0.000000	0.000000	0.000000
315	0.000005	0.000000	0.000000	0.058355	0.937266	0.004374	0.000000	0.000000	0.000000
316	0.000005	0.000000	0.000000	0.058343	0.937263	0.004389	0.000000	0.000000	0.000000
317	0.000010	0.000000	0.000000	0.058237	0.937332	0.004421	0.000000	0.000000	0.000000
318	0.000009	0.000000	0.000000	0.058117	0.937511	0.004363	0.000000	0.000000	0.000000
319	0.000008	0.000000	0.000000	0.058013	0.937604	0.004375	0.000000	0.000000	0.000000
320	0.000004	0.000000	0.000000	0.058099	0.937470	0.004427	0.000000	0.000000	0.000000
321	0.000005	0.000000	0.000000	0.057918	0.937677	0.004400	0.000000	0.000000	0.000000
322	0.000006	0.000000	0.000000	0.057663	0.937877	0.004454	0.000000	0.000000	0.000000
323	0.000008	0.000000	0.000000	0.057926	0.937674	0.004392	0.000000	0.000000	0.000000
324	0.000007	0.000000	0.000000	0.057701	0.937914	0.004378	0.000000	0.000000	0.000000
325	0.000009	0.000000	0.000000	0.057721	0.937843	0.004427	0.000000	0.000000	0.000000
326	0.000007	0.000000	0.000000	0.057719	0.937809	0.004465	0.000000	0.000000	0.000000
327	0.000006	0.000000	0.000000	0.057395	0.938129	0.004470	0.000000	0.000000	0.000000
328	0.000006	0.000000	0.000000	0.057268	0.938311	0.004415	0.000000	0.000000	0.000000
329	0.000002	0.000000	0.000000	0.057322	0.938277	0.004399	0.000000	0.000000	0.000000
330	0.000002	0.000000	0.000000	0.057114	0.938505	0.004379	0.000000	0.000000	0.000000
331	0.000003	0.000000	0.000000	0.057371	0.938339	0.004287	0.000000	0.000000	0.000000
332	0.000003	0.000000	0.000000	0.057126	0.938544	0.004327	0.000000	0.000000	0.000000
333	0.000006	0.000000	0.000000	0.057235	0.938387	0.004372	0.000000	0.000000	0.000000
334	0.000005	0.000000	0.000000	0.057336	0.938225	0.004434	0.000000	0.000000	0.000000
335	0.000004	0.000000	0.000000	0.057296	0.938240	0.004460	0.000000	0.000000	0.000000
336	0.000002	0.000000	0.000000	0.057494	0.938105	0.004399	0.000000	0.000000	0.000000
337	0.000002	0.000000	0.000000	0.057387	0.938167	0.004444	0.000000	0.000000	0.000000
338	0.000006	0.000000	0.000000	0.057492	0.938055	0.004447	0.000000	0.000000	0.000000
339	0.000003	0.000000	0.000000	0.057704	0.937865	0.004428	0.000000	0.000000	0.000000
340	0.000003	0.000000	0.000000	0.057418	0.938093	0.004486	0.000000	0.000000	0.000000
341	0.000001	0.000000	0.000000	0.057451	0.938143	0.004405	0.000000	0.000000	0.000000
342	0.000000	0.000000	0.000000	0.057403	0.938219	0.004378	0.000000	0.000000	0.000000
343	0.000000	0.000000	0.000000	0.057526	0.938132	0.004342	0.000000	0.000000	0.000000
344	0.000000	0.000000	0.000000	0.057533	0.938067	0.004400	0.000000	0.000000	0.000000
345	0.000000	0.000000	0.000000	0.057741	0.937963	0.004296	0.000000	0.000000	0.000000
346	0.000000	0.000000	0.000000	0.057720	0.937920	0.004360	0.000000	0.000000	0.000000
347	0.000000	0.000000	0.000000	0.057296	0.938401	0.004303	0.000000	0.000000	0.000000
348	0.000000	0.000000	0.000000	0.057427	0.938272	0.004301	0.000000	0.000000	0.000000
349	0.000000	0.000000	0.000000	0.057137	0.938530	0.004333	0.000000	0.000000	0.000000
350	0.000000	0.000000	0.000000	0.056936	0.938736	0.004328	0.000000	0.000000	0.000000
351	0.000000	0.000000	0.000000	0.056971	0.938663	0.004366	0.000000	0.000000	0.000000
352	0.000000	0.000000	0.000000	0.057009	0.938599	0.004392	0.000000	0.000000	0.000000
353	0.000000	0.000000	0.000000	0.057147	0.938588	0.004265	0.000000	0.000000	0.000000
354	0.000000	0.000000	0.000000	0.057139	0.938549	0.004312	0.000000	0.000000	0.000000
355	0.000000	0.000000	0.000000	0.057127	0.938486	0.004387	0.000000	0.000000	0.000000
356	0.000000	0.000000	0.000000	0.056906	0.938707	0.004387	0.000000	0.000000	0.000000
357	0.000000	0.000000	0.000000	0.056846	0.938757	0.004397	0.000000	0.000000	0.000000
358	0.000000	0.000000	0.000000	0.056802	0.938814	0.004384	0.000000	0.000000	0.000000
359	0.000000	0.000000	0.000000	0.056552	0.939005	0.004443	0.000000	0.000000	0.000000
360	0.000000	0.000000	0.000000	0.056708	0.938956	0.004336	0.000000	0.000000	0.000000
361	0.000000	0.000000	0.000000	0.056722	0.938921	0.004357	0.000000	0.000000	0.000000
362	0.000000	0.000000	0.000000	0.056573	0.939075	0.004352	0.000000	0.000000	0.000000
363	0.000000	0.000000	0.000000	0.056550	0.939093	0.004357	0.000000	0.000000	0.000000
364	0.000000	0.000000	0.000000	0.056790	0.938796	0.004414	0.000000	0.000000	0.000000
365	0.000000	0.000000	0.000000	0.056618	0.938988	0.004394	0.000000	0.000000	0.000000
366	0.000000	0.000000	0.000000	0.057011	0.938667	0.004322	0.000000	0.000000	0.000000
367	0.000000	0.000000	0.000000	0.057177	0.938463	0.004360	0.000000	0.000000	0.000000
368	0.000000	0.000000	0.000000	0.057311	0.938381	0.004308	0.000000	0.000000	0.000000
369	0.000000	0.000000	0.000000	0.057287	0.938407	0.004306	0.000000	0.000000	0.000000
370	0.000000	0.000000	0.000000	0.057225	0.938579	0.004196	0.000000	0.000000	0.000000
371	0.000000	0.000000	0.000000	0.057309	0.938459	0.004232	0.000000	0.000000	0.000000
372	0.000000	0.000000	0.000000	0.057415	0.938293	0.004292	0.000000	0.000000	0.000000
373	0.000000	0.000000	0.000000	0.057408	0.938317	0.004275	0.000000	0.000000	0.000000
374	0.000000	0.000000	0.000000	0.057416	0.938366	0.004218	0.000000	0.000000	0.000000
375	0.000000	0.000000	0.000000	0.057602	0.938131	0.004267	0.000000	0.000000	0.000000
376	0.000000	0.000000	0.000000	0.057631	0.938218	0.004151	0.000000	0.000000	0.000000
377	0.000000	0.000000	0.000000	0.057839	0.937860	0.004301	0.000000	0.000000	0.000000
378	0.000000	0.000000	0.000000	0.057768	0.937961	0.004271	0.000000	0.000000	0.000000
379	0.000000	0.000000	0.000000	0.057506	0.938230	0.004264	0.000000	0.000000	0.000000
380	0.000000	0.000000	0.000000	0.057288	0.938402	0.004310	0.000000	0.000000	0.000000
381	0.000000	0.000000	0.000000	0.057176	0.938613	0.004211	0.000000	0.000000	0.000000
382	0.000000	0.000000	0.000000	0.057335	0.938515	0.004150	0.000000	0.000000	0.000000
383	0.000000	0.000000	0.000000	0.057242	0.938560	0.004198	0.000000	0.000000	0.000000
384	0.000000	0.000000	0.000000	0.057208	0.938626	0.004166	0.000000	0.000000	0.000000
385	0.000000	0.000000	0.000000	0.057546	0.938313	0.004141	0.000000	0.000000	0.000000
386	0.000000	0.000000	0.000000	0.057374	0.938531	0.004095	0.000000	0.000000	0.000000
387	0.000000	0.000000	0.000000	0.057207	0.938665	0.004128	0.000000	0.000000	0.000000
388	0.000000	0.000000	0.000000	0.057380	0.938418	0.004202	0.000000	0.000000	0.000000
389	0.000000	0.000000	0.000000	0.057320	0.938544	0.004136	0.000000	0.000000	0.000000
390	0.000000	0.000000	0.000000	0.057395	0.938462	0.004143	0.000000	0.000000	0.000000
391	0.000000	0.000000	0.000000	0.057478	0.938434	0.004088	0.000000	0.000000	0.000000
392	0.000000	0.000000	0.000000	0.057410	0.938548	0.004042	0.000000	0.000000	0.000000
393	0.000000	0.000000	0.000000	0.057351	0.938624	0.004025	0.000000	0.000000	0.000000
394	0.000000	0.000000	0.000000	0.057421	0.938539	0.004040	0.000000	0.000000	0.000000
395	0.000000	0.000000	0.000000	0.057418	0.938441	0.004141	0.000000	0.000000	0.000000
396	0.000000	0.000000	0.000000	0.057609	0.938358	0.004033	0.000000	0.000000	0.000000
397	0.000000	0.000000	0.000000	0.057491	0.938377	0.004132	0.000000	0.000000	0.000000
398	0.000000	0.000000	0.000000	0.057356	0.938503	0.004141	0.000000	0.000000	0.000000
399	0.000000	0.000000	0.000000	0.057372	0.938490	0.004138	0.000000	0.000000	0.000000
400	0.000000	0.000000	0.000000	0.057396	0.938495	0.004109	0.000000	0.000000	0.000000
401	0.000000	0.000000	0.000000	0.057474	0.938359	0.004167	0.000000	0.000000	0.000000
402	0.000000	0.000000	0.000000	0.057771	0.938108	0.004121	0.000000	0.000000	0.000000
403	0.000000	0.000000	0.000000	0.058059	0.937801	0.004140	0.000000	0.000000	0.000000
404	0.000000	0.000000	0.000000	0.058193	0.937569	0.004238	0.000000	0.000000	0.000000
405	0.000000	0.000000	0.000000	0.058138	0.937652	0.004210	0.000000	0.000000	0.000000
406	0.000000	0.000000	0.000000	0.058191	0.937531	0.004278	0.000000	0.000000	0.000000
407	0.000000	0.000000	0.000000	0.058264	0.937453	0.004283	0.000000	0.000000	0.000000
408	0.000000	0.000000	0.000000	0.058518	0.937241	0.004241	0.000000	0.000000	0.000000
409	0.000000	0.000000	0.000000	0.058502	0.937188	0.004310	0.000000	0.000000	0.000000
410	0.000000	0.000000	0.000000	0.058165	0.937616	0.004219	0.000000	0.000000	0.000000
411	0.000000	0.000000	0.000000	0.058190	0.937528	0.004282	0.000000	0.000000	0.000000
412	0.000000	0.000000	0.000000	0.058202	0.937529	0.004269	0.000000	0.000000	0.000000
413	0.000000	0.000000	0.000000	0.058270	0.937413	0.004317	0.000000	0.000000	0.000000
414	0.000000	0.000000	0.000000	0.058390	0.937268	0.004342	0.000000	0.000000	0.000000
415	0.000000	0.000000	0.000000	0.058483	0.937204	0.004313	0.000000	0.000000	0.000000
416	0.000000	0.000000	0.000000	0.058220	0.937488	0.004292	0.000000	0.000000	0.000000
417	0.000000	0.000000	0.000000	0.058271	0.937425	0.004304	0.000000	0.000000	0.000000
418	0.000000	0.000000	0.000000	0.058080	0.937605	0.004315	0.000000	0.000000	0.000000
419	0.000000	0.000000	0.000000	0.057870	0.937827	0.004303	0.000000	0.000000	0.000000
420	0.000000	0.000000	0.000000	0.058215	0.937526	0.004259	0.000000	0.000000	0.000000
421	0.000000	0.000000	0.000000	0.057960	0.937729	0.004311	0.000000	0.000000	0.000000
422	0.000000	0.000000	0.000000	0.057835	0.937938	0.004227	0.000000	0.000000	0.000000
423	0.000000	0.000000	0.000000	0.057808	0.937958	0.004234	0.000000	0.000000	0.000000
424	0.000000	0.000000	0.000000	0.057782	0.938019	0.004199	0.000000	0.000000	0.000000
425	0.000000	0.000000	0.000000	0.058287	0.937458	0.004255	0.000000	0.000000	0.000000
426	0.000000	0.000000	0.000000	0.058206	0.937588	0.004206	0.000000	0.000000	0.000000
427	0.000000	0.000000	0.000000	0.058426	0.937253	0.004321	0.000000	0.000000	0.000000
428	0.000000	0.000000	0.000000	0.058226	0.937417	0.004357	0.000000	0.000000	0.000000
429	0.000000	0.000000	0.000000	0.058609	0.937058	0.004333	0.000000	0.000000	0.000000
430	0.000000	0.000000	0.000000	0.058558	0.937048	0.004394	0.000000	0.000000	0.000000
431	0.000000	0.000000	0.000000	0.058560	0.937047	0.004393	0.000000	0.000000	0.000000
432	0.000000	0.000000	0.000000	0.058526	0.937072	0.004402	0.000000	0.000000	0.000000
433	0.000000	0.000000	0.000000	0.058344	0.937314	0.004342	0.000000	0.000000	0.000000
434	0.000000	0.000000	0.000000	0.058245	0.937569	0.004186	0.000000	0.000000	0.000000
435	0.000000	0.000000	0.000000	0.058314	0.937442	0.004244	0.000000	0.000000	0.000000
436	0.000000	0.000000	0.000000	0.058214	0.937496	0.004290	0.000000	0.000000	0.000000
437	0.000000	0.000000	0.000000	0.058253	0.937521	0.004226	0.000000	0.000000	0.000000
438	0.000000	0.000000	0.000000	0.058538	0.937262	0.004200	0.000000	0.000000	0.000000
439	0.000000	0.000000	0.000000	0.058512	0.937262	0.004226	0.000000	0.000000	0.000000
440	0.000000	0.000000	0.000000	0.058460	0.937285	0.004255	0.000000	0.000000	0.000000
441	0.000000	0.000000	0.000000	0.058652	0.937074	0.004274	0.000000	0.000000	0.000000
442	0.000000	0.000000	0.000000	0.058382	0.937332	0.004286	0.000000	0.000000	0.000000
443	0.000000	0.000000	0.000000	0.058392	0.937388	0.004220	0.000000	0.000000	0.000000
444	0.000000	0.000000	0.000000	0.058338	0.937502	0.004160	0.000000	0.000000	0.000000
445	0.000000	0.000000	0.000000	0.058386	0.937457	0.004157	0.000000	0.000000	0.000000
446	0.000000	0.000000	0.000000	0.058304	0.937490	0.004206	0.000000	0.000000	0.000000
447	0.000000	0.000000	0.000000	0.058648	0.937171	0.004181	0.000000	0.000000	0.000000
448	0.000000	0.000000	0.000000	0.058627	0.937148	0.004225	0.000000	0.000000	0.000000
449	0.000000	0.000000	0.000000	0.058857	0.936903	0.004240	0.000000	0.000000	0.000000
450	0.000000	0.000000	0.000000	0.058836	0.936856	0.004308	0.000000	0.000000	0.000000
451	0.000000	0.000000	0.000000	0.058779	0.936929	0.004292	0.000000	0.000000	0.000000
452	0.000000	0.000000	0.000000	0.058833	0.936876	0.004291	0.000000	0.000000	0.000000
453	0.000000	0.000000	0.000000	0.058771	0.936914	0.004315	0.000000	0.000000	0.000000
454	0.000000	0.000000	0.000000	0.059042	0.936690	0.004268	0.000000	0.000000	0.000000
455	0.000000	0.000000	0.000000	0.059052	0.936670	0.004278	0.000000	0.000000	0.000000
456	0.000000	0.000000	0.000000	0.058972	0.936794	0.004234	0.000000	0.000000	0.000000
457	0.000000	0.000000	0.000000	0.059164	0.936623	0.004213	0.000000	0.000000	0.000000
458	0.000000	0.000000	0.000000	0.058785	0.937090	0.004125	0.000000	0.000000	0.000000
459	0.000000	0.000000	0.000000	0.058767	0.937061	0.004172	0.000000	0.000000	0.000000
460	0.000000	0.000000	0.000000	0.058299	0.937508	0.004193	0.000000	0.000000	0.000000
461	0.000000	0.000000	0.000000	0.058486	0.937430	0.004084	0.000000	0.000000	0.000000
462	0.000000	0.000000	0.000000	0.058356	0.937574	0.004070	0.000000	0.000000	0.000000
463	0.000000	0.000000	0.000000	0.058524	0.937289	0.004187	0.000000	0.000000	0.000000
464	0.000000	0.000000	0.000000	0.058402	0.937366	0.004232	0.000000	0.000000	0.000000
465	0.000000	0.000000	0.000000	0.058512	0.937350	0.004138	0.000000	0.000000	0.000000
466	0.000000	0.000000	0.000000	0.058627	0.937203	0.004170	0.000000	0.000000	0.000000
467	0.000000	0.000000	0.000000	0.058466	0.937252	0.004282	0.000000	0.000000	0.000000
468	0.000000	0.000000	0.000000	0.058356	0.937404	0.004240	0.000000	0.000000	0.000000
469	0.000000	0.000000	0.000000	0.058346	0.937421	0.004233	0.000000	0.000000	0.000000
470	0.000000	0.000000	0.000000	0.058362	0.937387	0.004251	0.000000	0.000000	0.000000
