0	0.290663	0.057897	0.229473	0.157588	0.029913	0.111872	0.085455	0.012259	0.024880
1	0.246008	0.050532	0.211785	0.122438	0.025232	0.108172	0.119781	0.023441	0.092611
2	0.258378	0.052612	0.219610	0.104107	0.022992	0.093099	0.120546	0.023740	0.104916
3	0.277186	0.054944	0.226304	0.089011	0.021029	0.078356	0.118026	0.022973	0.112171
4	0.295398	0.057311	0.231720	0.076516	0.019414	0.065493	0.113874	0.022061	0.118213
5	0.314040	0.059720	0.235524	0.065151	0.017915	0.054336	0.109404	0.020870	0.123040
6	0.332401	0.062031	0.238142	0.055883	0.016643	0.044432	0.103330	0.019715	0.127423
7	0.349351	0.064089	0.239173	0.048005	0.015610	0.036822	0.097407	0.018430	0.131113
8	0.366678	0.065597	0.239043	0.040568	0.014535	0.030228	0.091360	0.017373	0.134618
9	0.382463	0.067101	0.237664	0.034374	0.013727	0.024939	0.085761	0.016065	0.137906
10	0.397224	0.068835	0.235965	0.029220	0.012768	0.020421	0.080013	0.015012	0.140542
11	0.411517	0.069916	0.233058	0.024811	0.011843	0.016784	0.074987	0.014012	0.143072
12	0.425213	0.071420	0.229955	0.021009	0.011175	0.013598	0.069572	0.013124	0.144934
13	0.437045	0.072871	0.226402	0.017724	0.010608	0.011146	0.064984	0.012151	0.147069
14	0.448300	0.074439	0.222937	0.015117	0.009916	0.009081	0.060973	0.011286	0.147951
15	0.459028	0.075614	0.218402	0.012702	0.009447	0.007483	0.057050	0.010529	0.149745
16	0.469836	0.076839	0.214532	0.010879	0.008911	0.006117	0.052745	0.009794	0.150347
17	0.479455	0.077473	0.210608	0.009157	0.008548	0.005135	0.049222	0.009134	0.151268
18	0.489074	0.078381	0.206052	0.007828	0.007968	0.004277	0.045680	0.008410	0.152330
19	0.497485	0.079440	0.201840	0.006647	0.007567	0.003639	0.042857	0.007988	0.152537
20	0.505869	0.080138	0.197299	0.005693	0.007226	0.002984	0.039986	0.007315	0.153490
21	0.514772	0.080555	0.192863	0.004892	0.006900	0.002467	0.037319	0.006727	0.153505
22	0.522640	0.081342	0.187896	0.004207	0.006672	0.002123	0.034397	0.006257	0.154466
23	0.530087	0.082574	0.183082	0.003647	0.006317	0.001800	0.031775	0.005684	0.155034
24	0.537710	0.083285	0.179051	0.003081	0.005976	0.001479	0.029712	0.005381	0.154325
25	0.545639	0.083879	0.174399	0.002735	0.005622	0.001273	0.027521	0.005017	0.153915
26	0.552726	0.084513	0.170220	0.002318	0.005478	0.001039	0.025568	0.004722	0.153416
27	0.560076	0.084953	0.166030	0.002006	0.005311	0.000881	0.023862	0.004373	0.152508
28	0.566829	0.085830	0.161814	0.001764	0.005048	0.000772	0.022194	0.004101	0.151648
29	0.573235	0.086579	0.157142	0.001587	0.004809	0.000671	0.020592	0.003692	0.151693
30	0.579648	0.087559	0.153432	0.001319	0.004585	0.000581	0.018906	0.003412	0.150558
31	0.586338	0.088074	0.148987	0.001208	0.004553	0.000530	0.017512	0.003273	0.149525
32	0.591996	0.089054	0.144658	0.001052	0.004418	0.000470	0.016535	0.003068	0.148749
33	0.598300	0.090067	0.141225	0.000962	0.004173	0.000389	0.015162	0.002789	0.146933
34	0.604208	0.090900	0.137134	0.000879	0.003984	0.000350	0.013977	0.002497	0.146071
35	0.610080	0.091396	0.133887	0.000773	0.003885	0.000292	0.012945	0.002342	0.144400
36	0.615992	0.091967	0.130652	0.000663	0.003790	0.000230	0.011914	0.002181	0.142611
37	0.621889	0.092587	0.126924	0.000631	0.003587	0.000220	0.010912	0.002002	0.141248
38	0.627375	0.093034	0.123897	0.000560	0.003445	0.000206	0.010193	0.001863	0.139427
39	0.632973	0.094025	0.120841	0.000524	0.003371	0.000184	0.009352	0.001694	0.137036
40	0.637885	0.094720	0.118044	0.000493	0.003340	0.000159	0.008563	0.001559	0.135237
41	0.643261	0.095476	0.115104	0.000433	0.003193	0.000155	0.007682	0.001530	0.133166
42	0.648056	0.096096	0.112513	0.000378	0.003123	0.000131	0.007085	0.001419	0.131199
43	0.653076	0.096863	0.109437	0.000329	0.003089	0.000128	0.006485	0.001305	0.129288
44	0.657836	0.097312	0.107184	0.000308	0.003035	0.000129	0.006187	0.001169	0.126840
45	0.663319	0.097662	0.104209	0.000306	0.002949	0.000105	0.005660	0.001066	0.124724
46	0.667959	0.098401	0.102502	0.000304	0.002879	0.000100	0.005149	0.000973	0.121733
47	0.672973	0.098480	0.100484	0.000273	0.002834	0.000086	0.004752	0.000907	0.119211
48	0.677926	0.098741	0.098361	0.000241	0.002773	0.000075	0.004387	0.000828	0.116668
49	0.682544	0.099505	0.095998	0.000226	0.002654	0.000066	0.004072	0.000765	0.114170
50	0.687422	0.099692	0.094052	0.000220	0.002571	0.000062	0.003766	0.000752	0.111463
51	0.691773	0.100593	0.091673	0.000196	0.002590	0.000056	0.003369	0.000696	0.109054
52	0.696058	0.100723	0.090207	0.000183	0.002545	0.000051	0.002991	0.000623	0.106619
53	0.701176	0.100714	0.088112	0.000195	0.002477	0.000039	0.002754	0.000566	0.103967
54	0.705922	0.101142	0.086235	0.000173	0.002440	0.000038	0.002532	0.000493	0.101025
55	0.710506	0.101523	0.084178	0.000193	0.002426	0.000037	0.002347	0.000467	0.098323
56	0.714433	0.101932	0.082690	0.000163	0.002374	0.000033	0.002098	0.000442	0.095835
57	0.718453	0.102223	0.081264	0.000126	0.002319	0.000030	0.001951	0.000380	0.093254
58	0.722245	0.102712	0.079801	0.000111	0.002303	0.000037	0.001852	0.000332	0.090607
59	0.725671	0.103369	0.078491	0.000116	0.002265	0.000026	0.001640	0.000312	0.088110
60	0.730489	0.103487	0.076528	0.000095	0.002252	0.000021	0.001504	0.000298	0.085326
61	0.733926	0.103914	0.075636	0.000091	0.002135	0.000017	0.001405	0.000253	0.082623
62	0.738365	0.104100	0.073821	0.000085	0.002009	0.000012	0.001286	0.000229	0.080093
63	0.741899	0.104523	0.072638	0.000085	0.002079	0.000015	0.001151	0.000218	0.077392
64	0.746133	0.104730	0.071022	0.000071	0.001996	0.000021	0.001062	0.000210	0.074755
65	0.750040	0.104664	0.069740	0.000073	0.001954	0.000016	0.000964	0.000184	0.072365
66	0.753795	0.104991	0.068516	0.000063	0.001965	0.000015	0.000863	0.000173	0.069619
67	0.757269	0.104835	0.067610	0.000057	0.001888	0.000010	0.000825	0.000146	0.067360
68	0.760522	0.105058	0.066891	0.000060	0.001860	0.000007	0.000706	0.000133	0.064763
69	0.764275	0.104876	0.065651	0.000050	0.001862	0.000011	0.000638	0.000129	0.062508
70	0.767321	0.104925	0.064823	0.000044	0.001842	0.000009	0.000555	0.000112	0.060369
71	0.770298	0.105133	0.063854	0.000043	0.001837	0.000007	0.000538	0.000093	0.058197
72	0.773675	0.105392	0.062645	0.000045	0.001835	0.000007	0.000503	0.000096	0.055802
73	0.776192	0.105676	0.062070	0.000041	0.001878	0.000010	0.000424	0.000094	0.053615
74	0.779247	0.105739	0.061283	0.000036	0.001865	0.000007	0.000392	0.000091	0.051340
75	0.781603	0.106118	0.060534	0.000040	0.001886	0.000004	0.000357	0.000081	0.049377
76	0.784683	0.106203	0.059498	0.000032	0.001847	0.000005	0.000277	0.000070	0.047385
77	0.787195	0.106545	0.058790	0.000034	0.001836	0.000002	0.000259	0.000065	0.045274
78	0.789923	0.106593	0.057793	0.000033	0.001759	0.000006	0.000298	0.000074	0.043521
79	0.792402	0.106413	0.057246	0.000031	0.001740	0.000005	0.000238	0.000069	0.041856
80	0.794475	0.106827	0.056596	0.000023	0.001789	0.000001	0.000188	0.000059	0.040042
81	0.796482	0.107279	0.055743	0.000024	0.001771	0.000004	0.000188	0.000050	0.038459
82	0.799090	0.107154	0.055171	0.000017	0.001800	0.000003	0.000167	0.000039	0.036559
83	0.801044	0.107340	0.054527	0.000027	0.001819	0.000003	0.000148	0.000044	0.035048
84	0.803085	0.107033	0.054207	0.000025	0.001802	0.000003	0.000135	0.000054	0.033656
85	0.804718	0.107150	0.053831	0.000027	0.001887	0.000002	0.000131	0.000059	0.032195
86	0.806503	0.107538	0.052930	0.000030	0.001847	0.000003	0.000115	0.000048	0.030986
87	0.807796	0.107906	0.052719	0.000032	0.001872	0.000001	0.000095	0.000039	0.029540
88	0.809761	0.107912	0.051934	0.000039	0.001827	0.000001	0.000089	0.000035	0.028402
89	0.811546	0.107997	0.051651	0.000036	0.001745	0.000002	0.000093	0.000023	0.026907
90	0.813130	0.107878	0.051359	0.000029	0.001695	0.000005	0.000090	0.000023	0.025791
91	0.813940	0.108389	0.051400	0.000023	0.001681	0.000004	0.000085	0.000018	0.024460
92	0.816096	0.108169	0.050567	0.000019	0.001661	0.000005	0.000076	0.000016	0.023391
93	0.817125	0.108388	0.050281	0.000021	0.001709	0.000007	0.000076	0.000016	0.022377
94	0.818453	0.108381	0.049874	0.000021	0.001692	0.000006	0.000063	0.000015	0.021495
95	0.819348	0.108568	0.049591	0.000029	0.001679	0.000007	0.000059	0.000008	0.020711
96	0.820934	0.108477	0.049204	0.000025	0.001685	0.000008	0.000063	0.000009	0.019595
97	0.821435	0.108958	0.049083	0.000024	0.001647	0.000010	0.000067	0.000011	0.018765
98	0.822861	0.108675	0.048690	0.000023	0.001673	0.000008	0.000065	0.000008	0.017997
99	0.823352	0.109194	0.048532	0.000017	0.001727	0.000010	0.000072	0.000009	0.017087
100	0.824405	0.109099	0.048362	0.000016	0.001669	0.000008	0.000056	0.000008	0.016377
101	0.825295	0.109127	0.048259	0.000017	0.001668	0.000011	0.000067	0.000007	0.015549
102	0.826179	0.109126	0.048132	0.000020	0.001580	0.000006	0.000054	0.000004	0.014899
103	0.827630	0.108980	0.047444	0.000015	0.001568	0.000009	0.000052	0.000001	0.014301
104	0.828210	0.109522	0.046884	0.000022	0.001535	0.000008	0.000056	0.000001	0.013762
105	0.829722	0.109046	0.046355	0.000018	0.001537	0.000005	0.000044	0.000002	0.013271
106	0.830092	0.109358	0.046376	0.000019	0.001503	0.000007	0.000041	0.000000	0.012604
107	0.830368	0.109549	0.046377	0.000014	0.001481	0.000006	0.000048	0.000000	0.012157
108	0.831457	0.109106	0.046155	0.000015	0.001461	0.000009	0.000037	0.000000	0.011760
109	0.831947	0.109400	0.045884	0.000014	0.001442	0.000003	0.000040	0.000000	0.011270
110	0.832220	0.109856	0.045855	0.000014	0.001416	0.000001	0.000036	0.000000	0.010602
111	0.833126	0.109501	0.045571	0.000015	0.001440	0.000000	0.000039	0.000000	0.010308
112	0.833552	0.109635	0.045475	0.000017	0.001421	0.000002	0.000035	0.000000	0.009863
113	0.833888	0.109167	0.045884	0.000018	0.001489	0.000003	0.000030	0.000000	0.009521
114	0.834560	0.109339	0.045456	0.000014	0.001449	0.000002	0.000030	0.000000	0.009150
115	0.835530	0.109168	0.044983	0.000016	0.001446	0.000001	0.000025	0.000000	0.008831
116	0.835937	0.109267	0.044842	0.000012	0.001435	0.000001	0.000029	0.000000	0.008477
117	0.836029	0.109472	0.044877	0.000010	0.001452	0.000000	0.000019	0.000000	0.008141
118	0.836510	0.109528	0.044776	0.000014	0.001462	0.000000	0.000022	0.000000	0.007688
119	0.836723	0.109515	0.044806	0.000020	0.001449	0.000000	0.000018	0.000000	0.007469
120	0.837041	0.109593	0.044607	0.000011	0.001514	0.000000	0.000012	0.000000	0.007222
121	0.837514	0.109326	0.044754	0.000014	0.001455	0.000000	0.000020	0.000000	0.006917
122	0.837466	0.109694	0.044649	0.000016	0.001417	0.000000	0.000013	0.000000	0.006745
123	0.837711	0.109617	0.044626	0.000017	0.001427	0.000000	0.000017	0.000000	0.006585
124	0.838350	0.109619	0.044395	0.000014	0.001380	0.000000	0.000020	0.000000	0.006222
125	0.838573	0.109930	0.043934	0.000013	0.001398	0.000000	0.000026	0.000000	0.006126
126	0.838784	0.109864	0.043845	0.000011	0.001422	0.000000	0.000021	0.000000	0.006053
127	0.838879	0.110139	0.043766	0.000011	0.001427	0.000000	0.000019	0.000000	0.005759
128	0.839291	0.109797	0.043826	0.000012	0.001447	0.000000	0.000016	0.000000	0.005611
129	0.839716	0.109867	0.043516	0.000009	0.001446	0.000000	0.000009	0.000000	0.005437
130	0.840074	0.109763	0.043579	0.000006	0.001421	0.000000	0.000011	0.000000	0.005146
131	0.840357	0.109600	0.043570	0.000008	0.001457	0.000000	0.000020	0.000000	0.004988
132	0.841510	0.108823	0.043375	0.000005	0.001455	0.000000	0.000011	0.000000	0.004821
133	0.842213	0.108359	0.043250	0.000003	0.001473	0.000000	0.000012	0.000000	0.004690
134	0.842446	0.108892	0.042639	0.000003	0.001420	0.000000	0.000019	0.000000	0.004581
135	0.842411	0.108837	0.042821	0.000002	0.001396	0.000000	0.000022	0.000000	0.004511
136	0.842927	0.108436	0.042783	0.000002	0.001452	0.000000	0.000030	0.000000	0.004370
137	0.842560	0.108865	0.042834	0.000002	0.001447	0.000000	0.000028	0.000000	0.004264
138	0.843139	0.108544	0.042629	0.000002	0.001450	0.000000	0.000035	0.000000	0.004201
139	0.843689	0.108241	0.042528	0.000000	0.001451	0.000000	0.000036	0.000000	0.004055
140	0.843706	0.108424	0.042438	0.000000	0.001449	0.000000	0.000036	0.000000	0.003947
141	0.844312	0.108175	0.042279	0.000000	0.001463	0.000000	0.000041	0.000000	0.003730
142	0.844174	0.108399	0.042343	0.000000	0.001444	0.000000	0.000042	0.000000	0.003598
143	0.844580	0.108156	0.042304	0.000000	0.001451	0.000000	0.000028	0.000000	0.003481
144	0.844762	0.108312	0.042065	0.000000	0.001450	0.000000	0.000031	0.000000	0.003380
145	0.845685	0.107698	0.041842	0.000000	0.001448	0.000000	0.000022	0.000000	0.003305
146	0.846132	0.107669	0.041561	0.000000	0.001440	0.000000	0.000022	0.000000	0.003176
147	0.846135	0.107584	0.041778	0.000000	0.001440	0.000000	0.000023	0.000000	0.003040
148	0.846512	0.107674	0.041347	0.000000	0.001408	0.000000	0.000029	0.000000	0.003030
149	0.847148	0.106888	0.041619	0.000000	0.001396	0.000000	0.000030	0.000000	0.002919
150	0.846992	0.107083	0.041671	0.000000	0.001359	0.000000	0.000026	0.000000	0.002869
151	0.847088	0.107100	0.041664	0.000000	0.001293	0.000000	0.000035	0.000000	0.002820
152	0.847418	0.106903	0.041544	0.000000	0.001314	0.000000	0.000025	0.000000	0.002796
153	0.847518	0.106851	0.041584	0.000000	0.001282	0.000000	0.000039	0.000000	0.002726
154	0.847656	0.107042	0.041358	0.000000	0.001264	0.000000	0.000032	0.000000	0.002648
155	0.847572	0.107151	0.041480	0.000000	0.001205	0.000000	0.000024	0.000000	0.002568
156	0.847616	0.107347	0.041317	0.000000	0.001209	0.000000	0.000032	0.000000	0.002479
157	0.848181	0.107071	0.041161	0.000000	0.001156	0.000000	0.000035	0.000000	0.002396
158	0.848475	0.107000	0.040968	0.000000	0.001114	0.000000	0.000029	0.000000	0.002414
159	0.848994	0.106700	0.040892	0.000000	0.001099	0.000000	0.000031	0.000000	0.002284
160	0.848598	0.107060	0.041038	0.000000	0.001031	0.000000	0.000033	0.000000	0.002240
161	0.848631	0.107051	0.041180	0.000000	0.001015	0.000000	0.000032	0.000000	0.002091
162	0.848902	0.106960	0.041224	0.000000	0.000966	0.000000	0.000028	0.000000	0.001920
163	0.848776	0.107225	0.041213	0.000000	0.000878	0.000000	0.000021	0.000000	0.001887
164	0.848999	0.106933	0.041325	0.000000	0.000882	0.000000	0.000020	0.000000	0.001841
165	0.849141	0.107280	0.040979	0.000000	0.000814	0.000000	0.000019	0.000000	0.001767
166	0.849632	0.106907	0.040891	0.000000	0.000846	0.000000	0.000017	0.000000	0.001707
167	0.849621	0.107088	0.040819	0.000000	0.000866	0.000000	0.000009	0.000000	0.001597
168	0.849508	0.107105	0.040941	0.000000	0.000860	0.000000	0.000010	0.000000	0.001576
169	0.849149	0.107548	0.040947	0.000000	0.000857	0.000000	0.000007	0.000000	0.001492
170	0.848655	0.108000	0.041137	0.000000	0.000832	0.000000	0.000006	0.000000	0.001370
171	0.848864	0.107837	0.041130	0.000000	0.000846	0.000000	0.000007	0.000000	0.001316
172	0.848789	0.107885	0.041238	0.000000	0.000829	0.000000	0.000008	0.000000	0.001251
173	0.848994	0.107733	0.041193	0.000000	0.000836	0.000000	0.000014	0.000000	0.001230
174	0.849081	0.107483	0.041335	0.000000	0.000877	0.000000	0.000013	0.000000	0.001211
175	0.849318	0.107425	0.041225	0.000000	0.000861	0.000000	0.000013	0.000000	0.001158
176	0.849483	0.107248	0.041233	0.000000	0.000820	0.000000	0.000011	0.000000	0.001205
177	0.849580	0.107106	0.041288	0.000000	0.000810	0.000000	0.000008	0.000000	0.001208
178	0.849262	0.107442	0.041320	0.000000	0.000786	0.000000	0.000012	0.000000	0.001178
179	0.849353	0.107386	0.041384	0.000000	0.000724	0.000000	0.000019	0.000000	0.001134
180	0.849080	0.107758	0.041257	0.000000	0.000756	0.000000	0.000020	0.000000	0.001129
181	0.849160	0.107498	0.041510	0.000000	0.000728	0.000000	0.000015	0.000000	0.001089
182	0.849152	0.107629	0.041424	0.000000	0.000696	0.000000	0.000018	0.000000	0.001081
183	0.849594	0.107520	0.041166	0.000000	0.000683	0.000000	0.000009	0.000000	0.001028
184	0.849694	0.107312	0.041300	0.000000	0.000656	0.000000	0.000009	0.000000	0.001029
185	0.849928	0.107135	0.041254	0.000000	0.000638	0.000000	0.000010	0.000000	0.001035
186	0.850226	0.107216	0.040960	0.000000	0.000624	0.000000	0.000012	0.000000	0.000962
187	0.850366	0.106809	0.041234	0.000000	0.000618	0.000000	0.000015	0.000000	0.000958
188	0.850084	0.107094	0.041315	0.000000	0.000597	0.000000	0.000015	0.000000	0.000895
189	0.850501	0.106915	0.041082	0.000000	0.000612	0.000000	0.000020	0.000000	0.000870
190	0.850531	0.106795	0.041176	0.000000	0.000608	0.000000	0.000016	0.000000	0.000874
191	0.851038	0.106105	0.041371	0.000000	0.000618	0.000000	0.000017	0.000000	0.000851
192	0.850755	0.106329	0.041505	0.000000	0.000589	0.000000	0.000011	0.000000	0.000811
193	0.851002	0.106209	0.041405	0.000000	0.000570	0.000000	0.000013	0.000000	0.000801
194	0.850981	0.106376	0.041316	0.000000	0.000564	0.000000	0.000018	0.000000	0.000745
195	0.850888	0.106255	0.041542	0.000000	0.000556	0.000000	0.000018	0.000000	0.000741
196	0.850240	0.106884	0.041601	0.000000	0.000535	0.000000	0.000011	0.000000	0.000729
197	0.850636	0.106573	0.041546	0.000000	0.000563	0.000000	0.000012	0.000000	0.000670
198	0.849912	0.107250	0.041624	0.000000	0.000541	0.000000	0.000014	0.000000	0.000659
199	0.850024	0.107182	0.041629	0.000000	0.000529	0.000000	0.000015	0.000000	0.000621
200	0.849918	0.107426	0.041521	0.000000	0.000522	0.000000	0.000010	0.000000	0.000603
201	0.849955	0.107310	0.041623	0.000000	0.000535	0.000000	0.000015	0.000000	0.000562
202	0.850021	0.107284	0.041645	0.000000	0.000486	0.000000	0.000017	0.000000	0.000547
203	0.850372	0.107291	0.041306	0.000000	0.000509	0.000000	0.000015	0.000000	0.000507
204	0.849855	0.107597	0.041519	0.000000	0.000487	0.000000	0.000019	0.000000	0.000523
205	0.850079	0.107227	0.041698	0.000000	0.000476	0.000000	0.000010	0.000000	0.000510
206	0.849980	0.107452	0.041565	0.000000	0.000477	0.000000	0.000011	0.000000	0.000515
207	0.849815	0.107640	0.041499	0.000000	0.000501	0.000000	0.000006	0.000000	0.000539
208	0.849834	0.107889	0.041253	0.000000	0.000465	0.000000	0.000010	0.000000	0.000549
209	0.849765	0.107861	0.041337	0.000000	0.000468	0.000000	0.000014	0.000000	0.000555
210	0.849520	0.108263	0.041226	0.000000	0.000478	0.000000	0.000008	0.000000	0.000505
211	0.849540	0.108175	0.041309	0.000000	0.000451	0.000000	0.000010	0.000000	0.000515
212	0.849447	0.108250	0.041380	0.000000	0.000455	0.000000	0.000008	0.000000	0.000460
213	0.849618	0.108089	0.041375	0.000000	0.000438	0.000000	0.000011	0.000000	0.000469
214	0.849910	0.107763	0.041386	0.000000	0.000484	0.000000	0.000008	0.000000	0.000449
215	0.849528	0.108041	0.041486	0.000000	0.000493	0.000000	0.000010	0.000000	0.000442
216	0.849924	0.107820	0.041357	0.000000	0.000470	0.000000	0.000008	0.000000	0.000421
217	0.850139	0.107517	0.041482	0.000000	0.000441	0.000000	0.000008	0.000000	0.000413
218	0.850252	0.107198	0.041717	0.000000	0.000410	0.000000	0.000012	0.000000	0.000411
219	0.850128	0.107193	0.041865	0.000000	0.000421	0.000000	0.000010	0.000000	0.000383
220	0.850287	0.107273	0.041620	0.000000	0.000421	0.000000	0.000011	0.000000	0.000388
221	0.850058	0.107362	0.041755	0.000000	0.000446	0.000000	0.000011	0.000000	0.000368
222	0.849933	0.107521	0.041739	0.000000	0.000445	0.000000	0.000008	0.000000	0.000354
223	0.849715	0.107708	0.041759	0.000000	0.000448	0.000000	0.000008	0.000000	0.000362
224	0.849777	0.107762	0.041671	0.000000	0.000445	0.000000	0.000006	0.000000	0.000339
225	0.850160	0.107326	0.041739	0.000000	0.000434	0.000000	0.000006	0.000000	0.000335
226	0.850025	0.107652	0.041546	0.000000	0.000448	0.000000	0.000008	0.000000	0.000321
227	0.849617	0.108066	0.041556	0.000000	0.000431	0.000000	0.000006	0.000000	0.000324
228	0.849688	0.107829	0.041739	0.000000	0.000439	0.000000	0.000004	0.000000	0.000301
229	0.849065	0.108466	0.041784	0.000000	0.000394	0.000000	0.000001	0.000000	0.000290
230	0.849750	0.107994	0.041564	0.000000	0.000404	0.000000	0.000002	0.000000	0.000286
231	0.849396	0.108286	0.041614	0.000000	0.000398	0.000000	0.000001	0.000000	0.000305
232	0.849216	0.108503	0.041657	0.000000	0.000366	0.000000	0.000003	0.000000	0.000255
233	0.849279	0.108205	0.041918	0.000000	0.000337	0.000000	0.000003	0.000000	0.000258
234	0.849494	0.108088	0.041822	0.000000	0.000348	0.000000	0.000002	0.000000	0.000246
235	0.849645	0.107926	0.041832	0.000000	0.000347	0.000000	0.000002	0.000000	0.000248
236	0.850134	0.107517	0.041751	0.000000	0.000360	0.000000	0.000003	0.000000	0.000235
237	0.849827	0.107419	0.042154	0.000000	0.000389	0.000000	0.000002	0.000000	0.000209
238	0.849235	0.107847	0.042343	0.000000	0.000363	0.000000	0.000001	0.000000	0.000211
239	0.849703	0.107552	0.042167	0.000000	0.000379	0.000000	0.000000	0.000000	0.000199
240	0.849380	0.107902	0.042151	0.000000	0.000362	0.000000	0.000000	0.000000	0.000205
241	0.849866	0.107541	0.042022	0.000000	0.000374	0.000000	0.000000	0.000000	0.000197
242	0.850097	0.107463	0.041852	0.000000	0.000399	0.000000	0.000000	0.000000	0.000189
243	0.849737	0.107633	0.042052	0.000000	0.000401	0.000000	0.000000	0.000000	0.000177
244	0.849658	0.107735	0.042068	0.000000	0.000385	0.000000	0.000000	0.000000	0.000154
245	0.850058	0.107316	0.042093	0.000000	0.000385	0.000000	0.000000	0.000000	0.000148
246	0.850073	0.107119	0.042273	0.000000	0.000369	0.000000	0.000000	0.000000	0.000166
247	0.850090	0.107143	0.042245	0.000000	0.000380	0.000000	0.000000	0.000000	0.000142
248	0.850147	0.107304	0.042020	0.000000	0.000382	0.000000	0.000000	0.000000	0.000147
249	0.850145	0.107181	0.042163	0.000000	0.000362	0.000000	0.000000	0.000000	0.000149
250	0.850256	0.107068	0.042144	0.000000	0.000384	0.000000	0.000000	0.000000	0.000148
251	0.850270	0.107335	0.041863	0.000000	0.000372	0.000000	0.000000	0.000000	0.000160
252	0.850375	0.106932	0.042134	0.000000	0.000393	0.000000	0.000000	0.000000	0.000166
253	0.850083	0.107046	0.042351	0.000000	0.000360	0.000000	0.000000	0.000000	0.000160
254	0.850200	0.107097	0.042193	0.000000	0.000351	0.000000	0.000000	0.000000	0.000159
255	0.850345	0.107012	0.042151	0.000000	0.000345	0.000000	0.000000	0.000000	0.000147
256	0.849949	0.107291	0.042272	0.000000	0.000343	0.000000	0.000000	0.000000	0.000145
257	0.850335	0.106824	0.042360	0.000000	0.000345	0.000000	0.000000	0.000000	0.000136
258	0.850336	0.106872	0.042312	0.000000	0.000341	0.000000	0.000000	0.000000	0.000139
259	0.850578	0.106811	0.042108	0.000000	0.000365	0.000000	0.000000	0.000000	0.000138
260	0.850543	0.106686	0.042286	0.000000	0.000352	0.000000	0.000000	0.000000	0.000133
261	0.850531	0.106854	0.042112	0.000000	0.000356	0.000000	0.000000	0.000000	0.000147
262	0.850580	0.106699	0.042211	0.000000	0.000364	0.000000	0.000000	0.000000	0.000146
263	0.850653	0.106433	0.042371	0.000000	0.000394	0.000000	0.000000	0.000000	0.000149
264	0.850576	0.106535	0.042383	0.000000	0.000369	0.000000	0.000000	0.000000	0.000137
265	0.849790	0.107138	0.042552	0.000000	0.000376	0.000000	0.000000	0.000000	0.000144
266	0.849543	0.107296	0.042660	0.000000	0.000367	0.000000	0.000000	0.000000	0.000134
267	0.849672	0.107277	0.042596	0.000000	0.000330	0.000000	0.000000	0.000000	0.000125
268	0.849023	0.107639	0.042873	0.000000	0.000331	0.000000	0.000000	0.000000	0.000134
269	0.849380	0.107445	0.042677	0.000000	0.000370	0.000000	0.000000	0.000000	0.000128
270	0.848949	0.107716	0.042844	0.000000	0.000362	0.000000	0.000000	0.000000	0.000129
271	0.848931	0.107687	0.042892	0.000000	0.000367	0.000000	0.000000	0.000000	0.000123
272	0.849411	0.107345	0.042760	0.000000	0.000370	0.000000	0.000000	0.000000	0.000114
273	0.849442	0.107215	0.042868	0.000000	0.000362	0.000000	0.000000	0.000000	0.000113
274	0.848988	0.107395	0.043115	0.000000	0.000395	0.000000	0.000000	0.000000	0.000107
275	0.848706	0.107678	0.043148	0.000000	0.000364	0.000000	0.000000	0.000000	0.000104
276	0.848813	0.107564	0.043115	0.000000	0.000398	0.000000	0.000000	0.000000	0.000110
277	0.848442	0.107789	0.043266	0.000000	0.000395	0.000000	0.000000	0.000000	0.000108
278	0.848738	0.107546	0.043230	0.000000	0.000378	0.000000	0.000000	0.000000	0.000108
279	0.848689	0.107613	0.043235	0.000000	0.000376	0.000000	0.000000	0.000000	0.000087
280	0.849014	0.107565	0.042942	0.000000	0.000374	0.000000	0.000000	0.000000	0.000105
281	0.848791	0.107529	0.043201	0.000000	0.000382	0.000000	0.000000	0.000000	0.000097
282	0.848599	0.107613	0.043269	0.000000	0.000429	0.000000	0.000000	0.000000	0.000090
283	0.848758	0.107404	0.043302	0.000000	0.000454	0.000000	0.000000	0.000000	0.000082
284	0.849436	0.106941	0.043115	0.000000	0.000432	0.000000	0.000000	0.000000	0.000076
285	0.849374	0.106974	0.043171	0.000000	0.000419	0.000000	0.000000	0.000000	0.000062
286	0.849633	0.106844	0.043050	0.000000	0.000420	0.000000	0.000000	0.000000	0.000053
287	0.849810	0.106741	0.042969	0.000000	0.000430	0.000000	0.000000	0.000000	0.000050
288	0.849566	0.106857	0.043107	0.000000	0.000422	0.000000	0.000000	0.000000	0.000048
289	0.849412	0.106581	0.043547	0.000000	0.000416	0.000000	0.000000	0.000000	0.000044
290	0.849218	0.106825	0.043494	0.000000	0.000413	0.000000	0.000000	0.000000	0.000050
291	0.849198	0.106916	0.043427	0.000000	0.000409	0.000000	0.000000	0.000000	0.000050
292	0.848998	0.107209	0.043345	0.000000	0.000393	0.000000	0.000000	0.000000	0.000055
293	0.849496	0.106588	0.043468	0.000000	0.000398	0.000000	0.000000	0.000000	0.000050
294	0.849138	0.106932	0.043488	0.000000	0.000391	0.000000	0.000000	0.000000	0.000051
295	0.848856	0.107258	0.043438	0.000000	0.000393	0.000000	0.000000	0.000000	0.000055
296	0.849337	0.106851	0.043367	0.000000	0.000382	0.000000	0.000000	0.000000	0.000063
297	0.849124	0.107121	0.043318	0.000000	0.000385	0.000000	0.000000	0.000000	0.000052
298	0.848987	0.107047	0.043515	0.000000	0.000386	0.000000	0.000000	0.000000	0.000065
299	0.849017	0.106914	0.043620	0.000000	0.000386	0.000000	0.000000	0.000000	0.000063
300	0.849115	0.106703	0.043760	0.000000	0.000356	0.000000	0.000000	0.000000	0.000066
301	0.848707	0.106996	0.043857	0.000000	0.000383	0.000000	0.000000	0.000000	0.000057
302	0.849016	0.106792	0.043768	0.000000	0.000359	0.000000	0.000000	0.000000	0.000065
303	0.849112	0.106762	0.043705	0.000000	0.000358	0.000000	0.000000	0.000000	0.000063
304	0.849288	0.106727	0.043604	0.000000	0.000320	0.000000	0.000000	0.000000	0.000061
305	0.848729	0.107030	0.043842	0.000000	0.000330	0.000000	0.000000	0.000000	0.000069
306	0.848963	0.106945	0.043699	0.000000	0.000334	0.000000	0.000000	0.000000	0.000059
307	0.848966	0.107074	0.043584	0.000000	0.000308	0.000000	0.000000	0.000000	0.000068
308	0.848520	0.107443	0.043695	0.000000	0.000285	0.000000	0.000000	0.000000	0.000057
309	0.848121	0.107614	0.043921	0.000000	0.000284	0.000000	0.000000	0.000000	0.000060
310	0.848444	0.107629	0.043583	0.000000	0.000284	0.000000	0.000000	0.000000	0.000060
311	0.848170	0.107866	0.043615	0.000000	0.000282	0.000000	0.000000	0.000000	0.000067
312	0.847883	0.108141	0.043631	0.000000	0.000285	0.000000	0.000000	0.000000	0.000060
313	0.848006	0.107959	0.043719	0.000000	0.000254	0.000000	0.000000	0.000000	0.000062
314	0.847791	0.108360	0.043513	0.000000	0.000283	0.000000	0.000000	0.000000	0.000053
315	0.847718	0.108222	0.043725	0.000000	0.000286	0.000000	0.000000	0.000000	0.000049
316	0.847599	0.108394	0.043680	0.000000	0.000271	0.000000	0.000000	0.000000	0.000056
317	0.847568	0.108337	0.043764	0.000000	0.000274	0.000000	0.000000	0.000000	0.000057
318	0.847490	0.108296	0.043884	0.000000	0.000275	0.000000	0.000000	0.000000	0.000055
319	0.847897	0.107977	0.043788	0.000000	0.000274	0.000000	0.000000	0.000000	0.000064
320	0.847885	0.107888	0.043878	0.000000	0.000290	0.000000	0.000000	0.000000	0.000059
321	0.847893	0.107965	0.043779	0.000000	0.000294	0.000000	0.000000	0.000000	0.000069
322	0.847835	0.108002	0.043800	0.000000	0.000287	0.000000	0.000000	0.000000	0.000076
323	0.848117	0.107802	0.043686	0.000000	0.000311	0.000000	0.000000	0.000000	0.000084
324	0.848148	0.107875	0.043592	0.000000	0.000303	0.000000	0.000000	0.000000	0.000082
325	0.847949	0.108061	0.043601	0.000000	0.000316	0.000000	0.000000	0.000000	0.000073
326	0.847836	0.108179	0.043602	0.000000	0.000309	0.000000	0.000000	0.000000	0.000074
327	0.847814	0.108422	0.043379	0.000000	0.000314	0.000000	0.000000	0.000000	0.000071
328	0.847326	0.108402	0.043911	0.000000	0.000292	0.000000	0.000000	0.000000	0.000069
329	0.847365	0.108342	0.043930	0.000000	0.000293	0.000000	0.000000	0.000000	0.000070
330	0.847445	0.108458	0.043710	0.000000	0.000320	0.000000	0.000000	0.000000	0.000067
331	0.847609	0.108116	0.043907	0.000000	0.000300	0.000000	0.000000	0.000000	0.000068
332	0.847721	0.108173	0.043707	0.000000	0.000319	0.000000	0.000000	0.000000	0.000080
333	0.847602	0.108380	0.043621	0.000000	0.000320	0.000000	0.000000	0.000000	0.000077
334	0.847510	0.108288	0.043815	0.000000	0.000309	0.000000	0.000000	0.000000	0.000078
335	0.847272	0.108327	0.044020	0.000000	0.000311	0.000000	0.000000	0.000000	0.000070
336	0.846843	0.108712	0.044074	0.000000	0.000287	0.000000	0.000000	0.000000	0.000084
337	0.846846	0.108575	0.044196	0.000000	0.000290	0.000000	0.000000	0.000000	0.000093
338	0.847009	0.108470	0.044133	0.000000	0.000291	0.000000	0.000000	0.000000	0.000097
339	0.847394	0.108697	0.043515	0.000000	0.000284	0.000000	0.000000	0.000000	0.000110
340	0.847031	0.108727	0.043809	0.000000	0.000310	0.000000	0.000000	0.000000	0.000123
341	0.847340	0.108404	0.043801	0.000000	0.000333	0.000000	0.000000	0.000000	0.000122
342	0.847369	0.108447	0.043721	0.000000	0.000327	0.000000	0.000000	0.000000	0.000136
343	0.847337	0.108612	0.043579	0.000000	0.000333	0.000000	0.000000	0.000000	0.000139
344	0.848026	0.108338	0.043150	0.000000	0.000335	0.000000	0.000000	0.000000	0.000151
345	0.847521	0.108881	0.043131	0.000000	0.000328	0.000000	0.000000	0.000000	0.000139
346	0.847363	0.108880	0.043263	0.000000	0.000347	0.000000	0.000000	0.000000	0.000147
347	0.846940	0.109051	0.043516	0.000000	0.000343	0.000000	0.000000	0.000000	0.000150
348	0.847410	0.108690	0.043432	0.000000	0.000320	0.000000	0.000000	0.000000	0.000148
349	0.847078	0.109079	0.043357	0.000000	0.000341	0.000000	0.000000	0.000000	0.000145
350	0.846599	0.109329	0.043593	0.000000	0.000347	0.000000	0.000000	0.000000	0.000132
351	0.846728	0.109210	0.043573	0.000000	0.000357	0.000000	0.000000	0.000000	0.000132
352	0.846976	0.108955	0.043557	0.000000	0.000362	0.000000	0.000000	0.000000	0.000150
353	0.846991	0.108837	0.043671	0.000000	0.000365	0.000000	0.000000	0.000000	0.000136
354	0.847134	0.108844	0.043481	0.000000	0.000397	0.000000	0.000000	0.000000	0.000144
355	0.847140	0.108589	0.043723	0.000000	0.000399	0.000000	0.000000	0.000000	0.000149
356	0.847306	0.108369	0.043769	0.000000	0.000404	0.000000	0.000000	0.000000	0.000152
357	0.846918	0.108780	0.043754	0.000000	0.000399	0.000000	0.000000	0.000000	0.000149
358	0.847021	0.108571	0.043889	0.000000	0.000364	0.000000	0.000000	0.000000	0.000155
359	0.846976	0.108732	0.043743	0.000000	0.000386	0.000000	0.000000	0.000000	0.000163
360	0.847136	0.108667	0.043645	0.000000	0.000384	0.000000	0.000000	0.000000	0.000168
361	0.847249	0.108538	0.043680	0.000000	0.000385	0.000000	0.000000	0.000000	0.000148
362	0.847164	0.108612	0.043700	0.000000	0.000370	0.000000	0.000000	0.000000	0.000154
363	0.846775	0.109055	0.043646	0.000000	0.000385	0.000000	0.000000	0.000000	0.000139
364	0.846750	0.108857	0.043870	0.000000	0.000388	0.000000	0.000000	0.000000	0.000135
365	0.847010	0.108581	0.043880	0.000000	0.000395	0.000000	0.000000	0.000000	0.000134
366	0.846684	0.108727	0.044060	0.000000	0.000391	0.000000	0.000000	0.000000	0.000138
367	0.846949	0.108556	0.043936	0.000000	0.000420	0.000000	0.000000	0.000000	0.000139
368	0.846987	0.108717	0.043776	0.000000	0.000396	0.000000	0.000000	0.000000	0.000124
369	0.846895	0.108879	0.043721	0.000000	0.000391	0.000000	0.000000	0.000000	0.000114
370	0.847395	0.108691	0.043383	0.000000	0.000403	0.000000	0.000000	0.000000	0.000128
371	0.847279	0.108732	0.043446	0.000000	0.000413	0.000000	0.000000	0.000000	0.000130
372	0.847368	0.108632	0.043488	0.000000	0.000377	0.000000	0.000000	0.000000	0.000135
373	0.847217	0.108685	0.043592	0.000000	0.000371	0.000000	0.000000	0.000000	0.000135
374	0.847423	0.108554	0.043545	0.000000	0.000347	0.000000	0.000000	0.000000	0.000131
375	0.847125	0.108908	0.043460	0.000000	0.000370	0.000000	0.000000	0.000000	0.000137
376	0.846776	0.109408	0.043324	0.000000	0.000362	0.000000	0.000000	0.000000	0.000130
377	0.847048	0.109144	0.043325	0.000000	0.000348	0.000000	0.000000	0.000000	0.000135
378	0.846482	0.109799	0.043221	0.000000	0.000367	0.000000	0.000000	0.000000	0.000131
379	0.846281	0.109847	0.043382	0.000000	0.000359	0.000000	0.000000	0.000000	0.000131
380	0.846228	0.109793	0.043476	0.000000	0.000381	0.000000	0.000000	0.000000	0.000122
381	0.846358	0.109842	0.043313	0.000000	0.000378	0.000000	0.000000	0.000000	0.000109
382	0.846612	0.109803	0.043071	0.000000	0.000400	0.000000	0.000000	0.000000	0.000114
383	0.847191	0.109289	0.043021	0.000000	0.000397	0.000000	0.000000	0.000000	0.000102
384	0.847056	0.109725	0.042728	0.000000	0.000383	0.000000	0.000000	0.000000	0.000108
385	0.846979	0.109815	0.042704	0.000000	0.000404	0.000000	0.000000	0.000000	0.000098
386	0.847431	0.109642	0.042444	0.000000	0.000397	0.000000	0.000000	0.000000	0.000086
387	0.847182	0.109934	0.042394	0.000000	0.000415	0.000000	0.000000	0.000000	0.000075
388	0.846961	0.109877	0.042690	0.000000	0.000407	0.000000	0.000000	0.000000	0.000065
389	0.846855	0.109849	0.042801	0.000000	0.000423	0.000000	0.000000	0.000000	0.000072
390	0.847325	0.109735	0.042433	0.000000	0.000442	0.000000	0.000000	0.000000	0.000065
391	0.847283	0.109894	0.042331	0.000000	0.000429	0.000000	0.000000	0.000000	0.000063
392	0.847265	0.109625	0.042615	0.000000	0.000423	0.000000	0.000000	0.000000	0.000072
393	0.846918	0.109918	0.042676	0.000000	0.000429	0.000000	0.000000	0.000000	0.000059
394	0.847002	0.109702	0.042847	0.000000	0.000399	0.000000	0.000000	0.000000	0.000050
395	0.847322	0.109364	0.042868	0.000000	0.000393	0.000000	0.000000	0.000000	0.000053
396	0.847579	0.109322	0.042660	0.000000	0.000394	0.000000	0.000000	0.000000	0.000045
397	0.847360	0.109441	0.042763	0.000000	0.000395	0.000000	0.000000	0.000000	0.000041
398	0.847201	0.109511	0.042852	0.000000	0.000394	0.000000	0.000000	0.000000	0.000042
399	0.847500	0.109521	0.042536	0.000000	0.000405	0.000000	0.000000	0.000000	0.000038
400	0.847553	0.109402	0.042654	0.000000	0.000361	0.000000	0.000000	0.000000	0.000030
401	0.847915	0.108954	0.042770	0.000000	0.000339	0.000000	0.000000	0.000000	0.000022
402	0.848193	0.108554	0.042865	0.000000	0.000364	0.000000	0.000000	0.000000	0.000024
403	0.848069	0.108704	0.042856	0.000000	0.000345	0.000000	0.000000	0.000000	0.000026
404	0.848044	0.108736	0.042860	0.000000	0.000330	0.000000	0.000000	0.000000	0.000030
405	0.847792	0.108849	0.043032	0.000000	0.000310	0.000000	0.000000	0.000000	0.000017
406	0.847342	0.109074	0.043233	0.000000	0.000329	0.000000	0.000000	0.000000	0.000022
407	0.846977	0.109487	0.043189	0.000000	0.000323	0.000000	0.000000	0.000000	0.000024
408	0.846592	0.109818	0.043275	0.000000	0.000291	0.000000	0.000000	0.000000	0.000024
409	0.846366	0.109771	0.043545	0.000000	0.000295	0.000000	0.000000	0.000000	0.000023
410	0.846571	0.109694	0.043418	0.000000	0.000298	0.000000	0.000000	0.000000	0.000019
411	0.846744	0.109652	0.043292	0.000000	0.000288	0.000000	0.000000	0.000000	0.000024
412	0.846837	0.109488	0.043372	0.000000	0.000277	0.000000	0.000000	0.000000	0.000026
413	0.846651	0.109344	0.043707	0.000000	0.000270	0.000000	0.000000	0.000000	0.000028
414	0.846785	0.109642	0.043294	0.000000	0.000252	0.000000	0.000000	0.000000	0.000027
415	0.845854	0.110510	0.043352	0.000000	0.000254	0.000000	0.000000	0.000000	0.000030
416	0.845961	0.110396	0.043351	0.000000	0.000266	0.000000	0.000000	0.000000	0.000026
417	0.845639	0.110397	0.043690	0.000000	0.000249	0.000000	0.000000	0.000000	0.000025
418	0.845769	0.110255	0.043706	0.000000	0.000246	0.000000	0.000000	0.000000	0.000024
419	0.846292	0.110064	0.043388	0.000000	0.000231	0.000000	0.000000	0.000000	0.000025
420	0.845959	0.109906	0.043861	0.000000	0.000247	0.000000	0.000000	0.000000	0.000027
421	0.845505	0.110429	0.043807	0.000000	0.000227	0.000000	0.000000	0.000000	0.000032
422	0.845348	0.110695	0.043695	0.000000	0.000238	0.000000	0.000000	0.000000	0.000024
423	0.845261	0.110661	0.043823	0.000000	0.000230	0.000000	0.000000	0.000000	0.000025
424	0.845529	0.110451	0.043776	0.000000	0.000220	0.000000	0.000000	0.000000	0.000024
425	0.845312	0.110407	0.044039	0.000000	0.000212	0.000000	0.000000	0.000000	0.000030
426	0.845407	0.110523	0.043841	0.000000	0.000198	0.000000	0.000000	0.000000	0.000031
427	0.845572	0.110532	0.043665	0.000000	0.000201	0.000000	0.000000	0.000000	0.000030
428	0.845515	0.110490	0.043769	0.000000	0.000196	0.000000	0.000000	0.000000	0.000030
429	0.845740	0.110358	0.043658	0.000000	0.000210	0.000000	0.000000	0.000000	0.000034
430	0.845664	0.110620	0.043472	0.000000	0.000216	0.000000	0.000000	0.000000	0.000028
431	0.845463	0.110730	0.043582	0.000000	0.000203	0.000000	0.000000	0.000000	0.000022
432	0.845456	0.110533	0.043777	0.000000	0.000209	0.000000	0.000000	0.000000	0.000025
433	0.845786	0.110400	0.043578	0.000000	0.000199	0.000000	0.000000	0.000000	0.000037
434	0.845460	0.110457	0.043864	0.000000	0.000187	0.000000	0.000000	0.000000	0.000032
435	0.845723	0.110042	0.044017	0.000000	0.000191	0.000000	0.000000	0.000000	0.000027
436	0.845579	0.109989	0.044229	0.000000	0.000173	0.000000	0.000000	0.000000	0.000030
437	0.845996	0.109801	0.043993	0.000000	0.000187	0.000000	0.000000	0.000000	0.000023
438	0.845843	0.109634	0.044334	0.000000	0.000157	0.000000	0.000000	0.000000	0.000032
439	0.845423	0.110074	0.044312	0.000000	0.000158	0.000000	0.000000	0.000000	0.000033
440	0.845284	0.110084	0.044445	0.000000	0.000153	0.000000	0.000000	0.000000	0.000034
441	0.845537	0.109824	0.044442	0.000000	0.000160	0.000000	0.000000	0.000000	0.000037
442	0.845543	0.109900	0.044368	0.000000	0.000144	0.000000	0.000000	0.000000	0.000045
443	0.845631	0.109935	0.044255	0.000000	0.000136	0.000000	0.000000	0.000000	0.000043
444	0.845831	0.109974	0.044036	0.000000	0.000125	0.000000	0.000000	0.000000	0.000034
445	0.845556	0.110180	0.044098	0.000000	0.000134	0.000000	0.000000	0.000000	0.000032
446	0.845116	0.110536	0.044202	0.000000	0.000116	0.000000	0.000000	0.000000	0.000030
447	0.844722	0.110507	0.044634	0.000000	0.000108	0.000000	0.000000	0.000000	0.000029
448	0.844386	0.110695	0.044773	0.000000	0.000123	0.000000	0.000000	0.000000	0.000023
449	0.845006	0.109834	0.045022	0.000000	0.000119	0.000000	0.000000	0.000000	0.000019
450	0.845302	0.109640	0.044926	0.000000	0.000112	0.000000	0.000000	0.000000	0.000020
451	0.845226	0.110169	0.044474	0.000000	0.000106	0.000000	0.000000	0.000000	0.000025
452	0.844875	0.110359	0.044638	0.000000	0.000112	0.000000	0.000000	0.000000	0.000016
453	0.845674	0.109864	0.044340	0.000000	0.000103	0.000000	0.000000	0.000000	0.000019
454	0.845592	0.110053	0.044212	0.000000	0.000114	0.000000	0.000000	0.000000	0.000029
455	0.845501	0.109833	0.044537	0.000000	0.000105	0.000000	0.000000	0.000000	0.000024
456	0.844852	0.110390	0.044640	0.000000	0.000094	0.000000	0.000000	0.000000	0.000024
457	0.844595	0.110501	0.044779	0.000000	0.000099	0.000000	0.000000	0.000000	0.000026
458	0.844804	0.110272	0.044818	0.000000	0.000081	0.000000	0.000000	0.000000	0.000025
459	0.844896	0.110048	0.044950	0.000000	0.000079	0.000000	0.000000	0.000000	0.000027
460	0.844566	0.110333	0.045009	0.000000	0.000064	0.000000	0.000000	0.000000	0.000028
461	0.844372	0.110437	0.045095	0.000000	0.000066	0.000000	0.000000	0.000000	0.000030
462	0.844260	0.110494	0.045160	0.000000	0.000052	0.000000	0.000000	0.000000	0.000034
463	0.844323	0.110446	0.045138	0.000000	0.000059	0.000000	0.000000	0.000000	0.000034
464	0.844879	0.110016	0.045029	0.000000	0.000051	0.000000	0.000000	0.000000	0.000025
465	0.845118	0.109759	0.045040	0.000000	0.000050	0.000000	0.000000	0.000000	0.000033
466	0.845187	0.109785	0.044934	0.000000	0.000059	0.000000	0.000000	0.000000	0.000035
467	0.845207	0.110086	0.044621	0.000000	0.000053	0.000000	0.000000	0.000000	0.000033
468	0.845325	0.109895	0.044707	0.000000	0.000041	0.000000	0.000000	0.000000	0.000032
469	0.845496	0.110096	0.044329	0.000000	0.000046	0.000000	0.000000	0.000000	0.000033
470	0.845364	0.110067	0.044496	0.000000	0.000042	0.000000	0.000000	0.000000	0.000031
