0	0.290663	0.057897	0.229473	0.157588	0.029913	0.111872	0.085455	0.012259	0.024880
1	0.254700	0.052353	0.215758	0.127393	0.026259	0.110168	0.108196	0.021328	0.083845
2	0.274724	0.055824	0.230054	0.111083	0.024667	0.097933	0.099993	0.019620	0.086102
3	0.299614	0.059019	0.244605	0.097428	0.023443	0.085532	0.089591	0.017125	0.083643
4	0.323831	0.062155	0.257706	0.085552	0.022233	0.073884	0.079144	0.014939	0.080556
5	0.348357	0.064416	0.269102	0.073581	0.021190	0.063683	0.069704	0.012919	0.077048
6	0.371576	0.067090	0.278480	0.063295	0.020272	0.054608	0.060636	0.011093	0.072950
7	0.392100	0.069118	0.286544	0.054767	0.019511	0.046592	0.052973	0.009399	0.068996
8	0.412245	0.071028	0.293391	0.046712	0.018781	0.039268	0.045842	0.008073	0.064660
9	0.429612	0.072830	0.299230	0.039673	0.017898	0.032855	0.039658	0.007029	0.061215
10	0.446060	0.074094	0.303691	0.033821	0.017304	0.027562	0.034180	0.006007	0.057281
11	0.460593	0.075058	0.307081	0.028901	0.016644	0.023391	0.029326	0.005158	0.053848
12	0.473391	0.075968	0.309736	0.024561	0.016018	0.020071	0.025433	0.004513	0.050309
13	0.485169	0.076489	0.311851	0.021228	0.015393	0.016869	0.021994	0.003765	0.047242
14	0.496437	0.077428	0.312880	0.017836	0.014777	0.014347	0.018790	0.003175	0.044330
15	0.505496	0.077445	0.314705	0.015451	0.014261	0.012320	0.016189	0.002725	0.041408
16	0.514187	0.077350	0.315738	0.013191	0.013735	0.010638	0.014018	0.002347	0.038796
17	0.521039	0.077986	0.316466	0.011303	0.013426	0.009183	0.012148	0.002074	0.036375
18	0.527664	0.078235	0.317149	0.009689	0.012826	0.007996	0.010643	0.001784	0.034014
19	0.532834	0.078398	0.318207	0.008488	0.012679	0.006749	0.009084	0.001607	0.031954
20	0.538109	0.078285	0.318264	0.007402	0.012259	0.005985	0.007981	0.001385	0.030330
21	0.543375	0.078408	0.318019	0.006376	0.011886	0.005266	0.006906	0.001196	0.028568
22	0.547500	0.078526	0.318334	0.005586	0.011521	0.004547	0.005978	0.001111	0.026897
23	0.551083	0.078462	0.318147	0.004839	0.011421	0.004023	0.005198	0.001012	0.025815
24	0.554650	0.077930	0.318600	0.004295	0.011101	0.003619	0.004508	0.000878	0.024419
25	0.557587	0.077919	0.318906	0.003795	0.010820	0.003152	0.003940	0.000768	0.023113
26	0.560181	0.077630	0.319159	0.003359	0.010755	0.002702	0.003529	0.000679	0.022006
27	0.562676	0.077708	0.319170	0.002995	0.010369	0.002424	0.003197	0.000595	0.020866
28	0.565565	0.077334	0.318678	0.002624	0.010400	0.002089	0.002776	0.000491	0.020043
29	0.567120	0.077510	0.319419	0.002378	0.010138	0.001846	0.002360	0.000430	0.018799
30	0.569326	0.077424	0.319366	0.002081	0.009981	0.001754	0.002104	0.000383	0.017581
31	0.570728	0.077184	0.319794	0.001913	0.009852	0.001527	0.001872	0.000352	0.016778
32	0.572622	0.077140	0.319534	0.001844	0.009583	0.001314	0.001661	0.000310	0.015992
33	0.574360	0.077317	0.319042	0.001673	0.009364	0.001200	0.001427	0.000272	0.015345
34	0.575563	0.077184	0.319359	0.001497	0.009392	0.001058	0.001295	0.000238	0.014414
35	0.576861	0.077180	0.318906	0.001393	0.009264	0.000950	0.001204	0.000224	0.014018
36	0.578201	0.076692	0.319173	0.001200	0.009173	0.000912	0.001043	0.000204	0.013402
37	0.579552	0.076544	0.318995	0.001126	0.008984	0.000847	0.000912	0.000177	0.012863
38	0.580984	0.076079	0.318967	0.000998	0.009054	0.000794	0.000853	0.000162	0.012109
39	0.581605	0.076014	0.319366	0.000981	0.008902	0.000708	0.000729	0.000144	0.011551
40	0.581859	0.076447	0.319389	0.000848	0.008878	0.000634	0.000634	0.000120	0.011191
41	0.582289	0.076001	0.320005	0.000793	0.008699	0.000582	0.000598	0.000104	0.010929
42	0.583391	0.075487	0.320361	0.000710	0.008488	0.000516	0.000550	0.000092	0.010405
43	0.584997	0.075350	0.319956	0.000661	0.008349	0.000452	0.000475	0.000074	0.009686
44	0.584933	0.075050	0.320566	0.000600	0.008437	0.000466	0.000426	0.000065	0.009457
45	0.586025	0.074482	0.320664	0.000535	0.008418	0.000403	0.000387	0.000050	0.009036
46	0.585936	0.074761	0.320767	0.000480	0.008425	0.000422	0.000331	0.000044	0.008834
47	0.586493	0.074547	0.320986	0.000461	0.008279	0.000376	0.000299	0.000042	0.008517
48	0.587009	0.074166	0.321358	0.000446	0.008165	0.000388	0.000284	0.000033	0.008151
49	0.587654	0.074163	0.321322	0.000409	0.008040	0.000336	0.000258	0.000030	0.007788
50	0.587381	0.074004	0.322147	0.000392	0.008050	0.000324	0.000207	0.000023	0.007472
51	0.588244	0.073835	0.321649	0.000379	0.008059	0.000316	0.000199	0.000031	0.007288
52	0.588736	0.073466	0.321875	0.000391	0.008075	0.000296	0.000157	0.000026	0.006978
53	0.588799	0.073083	0.322607	0.000357	0.008005	0.000274	0.000149	0.000025	0.006701
54	0.589605	0.073378	0.321650	0.000325	0.008016	0.000266	0.000132	0.000027	0.006601
55	0.590366	0.072930	0.321841	0.000321	0.007948	0.000238	0.000117	0.000020	0.006219
56	0.590559	0.072710	0.322114	0.000301	0.007870	0.000216	0.000107	0.000016	0.006107
57	0.591328	0.072589	0.321640	0.000277	0.007834	0.000217	0.000088	0.000016	0.006011
58	0.591501	0.072426	0.322175	0.000254	0.007665	0.000201	0.000079	0.000013	0.005686
59	0.591899	0.072628	0.321670	0.000242	0.007683	0.000186	0.000076	0.000018	0.005598
60	0.592366	0.072231	0.321979	0.000230	0.007573	0.000187	0.000063	0.000019	0.005352
61	0.592199	0.072023	0.322722	0.000225	0.007428	0.000168	0.000054	0.000008	0.005173
62	0.593194	0.071602	0.322472	0.000210	0.007283	0.000142	0.000051	0.000008	0.005038
63	0.593802	0.071549	0.322029	0.000205	0.007238	0.000143	0.000049	0.000006	0.004979
64	0.593950	0.071706	0.321991	0.000177	0.007172	0.000126	0.000045	0.000007	0.004826
65	0.593785	0.071786	0.322450	0.000170	0.007043	0.000124	0.000037	0.000007	0.004598
66	0.594378	0.071874	0.322060	0.000150	0.006960	0.000142	0.000037	0.000006	0.004393
67	0.594813	0.071552	0.322085	0.000144	0.006915	0.000129	0.000035	0.000005	0.004322
68	0.594533	0.071857	0.322302	0.000140	0.006790	0.000113	0.000027	0.000005	0.004233
69	0.595073	0.071548	0.322388	0.000135	0.006707	0.000108	0.000032	0.000006	0.004003
70	0.595583	0.071324	0.322256	0.000118	0.006646	0.000098	0.000032	0.000006	0.003937
71	0.595056	0.071614	0.322752	0.000113	0.006521	0.000088	0.000026	0.000005	0.003825
72	0.595840	0.071704	0.322136	0.000112	0.006412	0.000098	0.000020	0.000008	0.003670
73	0.596277	0.071670	0.321926	0.000104	0.006291	0.000091	0.000016	0.000003	0.003622
74	0.596534	0.071316	0.322222	0.000083	0.006163	0.000091	0.000016	0.000001	0.003574
75	0.597128	0.071244	0.321724	0.000093	0.006114	0.000082	0.000015	0.000003	0.003597
76	0.597649	0.071097	0.321457	0.000082	0.006174	0.000077	0.000019	0.000002	0.003443
77	0.597487	0.071232	0.321817	0.000079	0.005982	0.000053	0.000009	0.000001	0.003340
78	0.596724	0.071175	0.322675	0.000078	0.005921	0.000064	0.000012	0.000004	0.003347
79	0.596975	0.070876	0.322805	0.000076	0.005902	0.000060	0.000008	0.000001	0.003297
80	0.597358	0.070922	0.322564	0.000071	0.005821	0.000060	0.000004	0.000001	0.003199
81	0.597022	0.071122	0.322669	0.000075	0.005868	0.000060	0.000010	0.000002	0.003172
82	0.597492	0.071105	0.322380	0.000072	0.005755	0.000060	0.000014	0.000002	0.003120
83	0.597982	0.070983	0.322140	0.000064	0.005748	0.000057	0.000013	0.000002	0.003011
84	0.597595	0.071312	0.322278	0.000054	0.005714	0.000049	0.000018	0.000000	0.002980
85	0.597480	0.071473	0.322230	0.000050	0.005697	0.000048	0.000010	0.000000	0.003012
86	0.596999	0.071395	0.323044	0.000051	0.005611	0.000056	0.000013	0.000001	0.002830
87	0.597288	0.071528	0.322688	0.000046	0.005549	0.000057	0.000010	0.000000	0.002834
88	0.597044	0.071777	0.322752	0.000039	0.005604	0.000053	0.000010	0.000000	0.002721
89	0.596810	0.071848	0.323000	0.000042	0.005581	0.000049	0.000007	0.000000	0.002663
90	0.597296	0.071678	0.322821	0.000032	0.005470	0.000036	0.000004	0.000000	0.002663
91	0.597264	0.071627	0.323155	0.000046	0.005302	0.000044	0.000008	0.000000	0.002554
92	0.597353	0.071583	0.323186	0.000033	0.005267	0.000043	0.000006	0.000000	0.002529
93	0.597443	0.071109	0.323723	0.000039	0.005185	0.000026	0.000006	0.000000	0.002469
94	0.597308	0.071130	0.323864	0.000034	0.005222	0.000025	0.000003	0.000000	0.002414
95	0.597014	0.071217	0.324177	0.000030	0.005154	0.000029	0.000003	0.000000	0.002376
96	0.596892	0.071154	0.324343	0.000042	0.005197	0.000032	0.000002	0.000000	0.002338
97	0.597126	0.071412	0.323982	0.000042	0.005118	0.000024	0.000004	0.000000	0.002292
98	0.597299	0.071203	0.324178	0.000041	0.005011	0.000018	0.000002	0.000000	0.002248
99	0.598569	0.070921	0.323260	0.000042	0.005010	0.000017	0.000004	0.000000	0.002177
100	0.599086	0.070798	0.323044	0.000039	0.004868	0.000022	0.000004	0.000000	0.002139
101	0.599712	0.070368	0.323007	0.000035	0.004795	0.000022	0.000009	0.000000	0.002052
102	0.599576	0.070616	0.322987	0.000037	0.004742	0.000019	0.000007	0.000000	0.002016
103	0.599846	0.070478	0.322933	0.000041	0.004728	0.000025	0.000005	0.000000	0.001944
104	0.600470	0.070436	0.322396	0.000035	0.004729	0.000034	0.000003	0.000000	0.001897
105	0.600101	0.070410	0.322864	0.000035	0.004716	0.000043	0.000004	0.000000	0.001827
106	0.599809	0.070353	0.323343	0.000031	0.004700	0.000033	0.000007	0.000000	0.001724
107	0.599397	0.070179	0.323921	0.000040	0.004682	0.000024	0.000007	0.000000	0.001750
108	0.599038	0.070193	0.324392	0.000046	0.004572	0.000031	0.000002	0.000000	0.001726
109	0.598251	0.070197	0.325171	0.000039	0.004529	0.000032	0.000003	0.000000	0.001778
110	0.597920	0.070269	0.325553	0.000038	0.004481	0.000040	0.000000	0.000000	0.001699
111	0.598304	0.070153	0.325355	0.000038	0.004402	0.000037	0.000001	0.000000	0.001710
112	0.598539	0.070033	0.325387	0.000036	0.004327	0.000036	0.000000	0.000000	0.001642
113	0.598164	0.070254	0.325633	0.000037	0.004287	0.000034	0.000000	0.000000	0.001591
114	0.598284	0.070656	0.325225	0.000040	0.004264	0.000034	0.000000	0.000000	0.001497
115	0.597806	0.070529	0.325819	0.000036	0.004268	0.000027	0.000000	0.000000	0.001515
116	0.598250	0.070300	0.325732	0.000039	0.004167	0.000021	0.000000	0.000000	0.001491
117	0.598113	0.070356	0.325931	0.000040	0.004130	0.000023	0.000000	0.000000	0.001407
118	0.598594	0.070031	0.325818	0.000035	0.004118	0.000026	0.000000	0.000000	0.001378
119	0.597875	0.070602	0.326113	0.000020	0.004049	0.000029	0.000000	0.000000	0.001312
120	0.598260	0.070672	0.325666	0.000025	0.004015	0.000029	0.000000	0.000000	0.001333
121	0.598485	0.070529	0.325627	0.000020	0.004006	0.000029	0.000000	0.000000	0.001304
122	0.598671	0.070357	0.325759	0.000028	0.003947	0.000027	0.000000	0.000000	0.001211
123	0.598794	0.070166	0.325866	0.000026	0.003870	0.000026	0.000000	0.000000	0.001252
124	0.598740	0.070374	0.325714	0.000033	0.003821	0.000028	0.000000	0.000000	0.001290
125	0.599026	0.069946	0.325864	0.000034	0.003786	0.000030	0.000000	0.000000	0.001314
126	0.599813	0.069878	0.325254	0.000028	0.003697	0.000023	0.000000	0.000000	0.001307
127	0.599500	0.070054	0.325382	0.000022	0.003737	0.000019	0.000000	0.000000	0.001286
128	0.599373	0.069945	0.325713	0.000029	0.003697	0.000015	0.000000	0.000000	0.001228
129	0.599296	0.069725	0.325992	0.000022	0.003707	0.000008	0.000000	0.000000	0.001250
130	0.599344	0.069581	0.326141	0.000020	0.003698	0.000010	0.000000	0.000000	0.001206
131	0.599417	0.069751	0.326002	0.000021	0.003650	0.000009	0.000000	0.000000	0.001150
132	0.599298	0.069885	0.326150	0.000020	0.003510	0.000014	0.000000	0.000000	0.001123
133	0.598745	0.070135	0.326522	0.000019	0.003455	0.000012	0.000000	0.000000	0.001112
134	0.599457	0.070065	0.325934	0.000020	0.003458	0.000013	0.000000	0.000000	0.001053
135	0.599591	0.070067	0.325792	0.000028	0.003441	0.000013	0.000000	0.000000	0.001068
136	0.599675	0.069988	0.325838	0.000026	0.003380	0.000010	0.000000	0.000000	0.001083
137	0.599859	0.069600	0.326020	0.000024	0.003402	0.000008	0.000000	0.000000	0.001087
138	0.599541	0.069959	0.326054	0.000029	0.003346	0.000008	0.000000	0.000000	0.001063
139	0.599138	0.069603	0.326847	0.000021	0.003313	0.000008	0.000000	0.000000	0.001070
140	0.598854	0.069702	0.326995	0.000023	0.003357	0.000008	0.000000	0.000000	0.001061
141	0.598990	0.069850	0.326749	0.000022	0.003322	0.000008	0.000000	0.000000	0.001059
142	0.599502	0.069558	0.326663	0.000018	0.003229	0.000007	0.000000	0.000000	0.001023
143	0.599631	0.069657	0.326480	0.000025	0.003210	0.000004	0.000000	0.000000	0.000993
144	0.599796	0.069524	0.326436	0.000023	0.003200	0.000006	0.000000	0.000000	0.001015
145	0.600053	0.069752	0.325973	0.000022	0.003206	0.000009	0.000000	0.000000	0.000985
146	0.600230	0.069877	0.325733	0.000029	0.003152	0.000006	0.000000	0.000000	0.000973
147	0.599627	0.069757	0.326406	0.000028	0.003213	0.000005	0.000000	0.000000	0.000964
148	0.600031	0.069582	0.326182	0.000027	0.003204	0.000005	0.000000	0.000000	0.000969
149	0.600046	0.068988	0.326919	0.000034	0.003098	0.000004	0.000000	0.000000	0.000911
150	0.600395	0.069019	0.326608	0.000032	0.003036	0.000007	0.000000	0.000000	0.000903
151	0.600224	0.069006	0.326784	0.000034	0.003075	0.000003	0.000000	0.000000	0.000874
152	0.600844	0.068784	0.326401	0.000041	0.003071	0.000002	0.000000	0.000000	0.000857
153	0.600616	0.069129	0.326369	0.000035	0.002985	0.000006	0.000000	0.000000	0.000860
154	0.600492	0.069466	0.326232	0.000034	0.002942	0.000003	0.000000	0.000000	0.000831
155	0.600360	0.069369	0.326558	0.000027	0.002878	0.000003	0.000000	0.000000	0.000805
156	0.600572	0.069310	0.326518	0.000029	0.002818	0.000003	0.000000	0.000000	0.000750
157	0.600881	0.069132	0.326465	0.000031	0.002747	0.000002	0.000000	0.000000	0.000742
158	0.600940	0.069122	0.326402	0.000040	0.002736	0.000001	0.000000	0.000000	0.000759
159	0.600498	0.069475	0.326462	0.000034	0.002779	0.000004	0.000000	0.000000	0.000748
160	0.600292	0.069273	0.326873	0.000032	0.002790	0.000005	0.000000	0.000000	0.000735
161	0.600564	0.069233	0.326649	0.000031	0.002783	0.000003	0.000000	0.000000	0.000737
162	0.601247	0.069236	0.326042	0.000027	0.002743	0.000005	0.000000	0.000000	0.000700
163	0.601107	0.068837	0.326551	0.000028	0.002762	0.000000	0.000000	0.000000	0.000715
164	0.600540	0.069195	0.326819	0.000028	0.002735	0.000001	0.000000	0.000000	0.000682
165	0.600380	0.069069	0.327186	0.000025	0.002688	0.000001	0.000000	0.000000	0.000651
166	0.600325	0.069071	0.327289	0.000024	0.002639	0.000000	0.000000	0.000000	0.000652
167	0.600357	0.069034	0.327324	0.000021	0.002577	0.000000	0.000000	0.000000	0.000687
168	0.600935	0.068809	0.327085	0.000021	0.002483	0.000000	0.000000	0.000000	0.000667
169	0.601042	0.068701	0.327146	0.000022	0.002441	0.000000	0.000000	0.000000	0.000648
170	0.600734	0.068858	0.327394	0.000019	0.002349	0.000000	0.000000	0.000000	0.000646
171	0.600784	0.068917	0.327283	0.000018	0.002349	0.000000	0.000000	0.000000	0.000649
172	0.600809	0.068769	0.327411	0.000017	0.002357	0.000000	0.000000	0.000000	0.000637
173	0.601286	0.068923	0.326817	0.000022	0.002330	0.000000	0.000000	0.000000	0.000622
174	0.600492	0.069206	0.327373	0.000018	0.002264	0.000000	0.000000	0.000000	0.000647
175	0.600269	0.068935	0.327909	0.000016	0.002277	0.000000	0.000000	0.000000	0.000594
176	0.599686	0.069337	0.328152	0.000020	0.002205	0.000000	0.000000	0.000000	0.000600
177	0.600169	0.069206	0.327823	0.000028	0.002192	0.000000	0.000000	0.000000	0.000582
178	0.600203	0.069043	0.327994	0.000030	0.002150	0.000000	0.000000	0.000000	0.000580
179	0.600052	0.069088	0.328125	0.000029	0.002128	0.000000	0.000000	0.000000	0.000578
180	0.600764	0.069081	0.327455	0.000028	0.002101	0.000000	0.000000	0.000000	0.000571
181	0.599875	0.069358	0.328148	0.000027	0.002055	0.000000	0.000000	0.000000	0.000537
182	0.599484	0.069531	0.328376	0.000023	0.002025	0.000000	0.000000	0.000000	0.000561
183	0.599021	0.069714	0.328760	0.000028	0.001974	0.000000	0.000000	0.000000	0.000503
184	0.599158	0.069609	0.328724	0.000022	0.001990	0.000000	0.000000	0.000000	0.000497
185	0.599047	0.069450	0.329031	0.000028	0.001976	0.000000	0.000000	0.000000	0.000468
186	0.599963	0.069518	0.328042	0.000025	0.001963	0.000000	0.000000	0.000000	0.000489
187	0.599340	0.069601	0.328604	0.000020	0.001977	0.000000	0.000000	0.000000	0.000458
188	0.599041	0.069935	0.328520	0.000014	0.002020	0.000000	0.000000	0.000000	0.000470
189	0.599458	0.069660	0.328437	0.000016	0.001957	0.000000	0.000000	0.000000	0.000472
190	0.599181	0.069789	0.328628	0.000015	0.001924	0.000000	0.000000	0.000000	0.000463
191	0.599710	0.069592	0.328286	0.000016	0.001917	0.000000	0.000000	0.000000	0.000479
192	0.600090	0.069566	0.327987	0.000015	0.001901	0.000000	0.000000	0.000000	0.000441
193	0.599997	0.069410	0.328231	0.000013	0.001931	0.000000	0.000000	0.000000	0.000418
194	0.600276	0.069438	0.328014	0.000013	0.001848	0.000000	0.000000	0.000000	0.000411
195	0.600284	0.069336	0.328136	0.000013	0.001855	0.000000	0.000000	0.000000	0.000376
196	0.599633	0.069477	0.328594	0.000014	0.001899	0.000000	0.000000	0.000000	0.000383
197	0.599805	0.069316	0.328662	0.000018	0.001830	0.000000	0.000000	0.000000	0.000369
198	0.599733	0.069410	0.328684	0.000018	0.001765	0.000000	0.000000	0.000000	0.000390
199	0.599374	0.069516	0.328882	0.000022	0.001827	0.000000	0.000000	0.000000	0.000379
200	0.599194	0.069230	0.329365	0.000019	0.001817	0.000000	0.000000	0.000000	0.000375
201	0.598683	0.069175	0.329999	0.000016	0.001746	0.000000	0.000000	0.000000	0.000381
202	0.599294	0.069268	0.329288	0.000031	0.001745	0.000000	0.000000	0.000000	0.000374
203	0.598727	0.069448	0.329681	0.000028	0.001769	0.000000	0.000000	0.000000	0.000347
204	0.598944	0.069267	0.329672	0.000025	0.001751	0.000000	0.000000	0.000000	0.000341
205	0.599467	0.069091	0.329321	0.000022	0.001758	0.000000	0.000000	0.000000	0.000341
206	0.599240	0.069258	0.329439	0.000018	0.001698	0.000000	0.000000	0.000000	0.000347
207	0.599120	0.069163	0.329681	0.000023	0.001674	0.000000	0.000000	0.000000	0.000339
208	0.598885	0.069264	0.329834	0.000020	0.001658	0.000000	0.000000	0.000000	0.000339
209	0.599655	0.069324	0.329089	0.000025	0.001585	0.000000	0.000000	0.000000	0.000322
210	0.599195	0.069236	0.329721	0.000014	0.001543	0.000000	0.000000	0.000000	0.000291
211	0.599150	0.069109	0.329871	0.000015	0.001579	0.000000	0.000000	0.000000	0.000276
212	0.598820	0.069049	0.330250	0.000012	0.001561	0.000000	0.000000	0.000000	0.000308
213	0.599044	0.068842	0.330268	0.000012	0.001554	0.000000	0.000000	0.000000	0.000280
214	0.598501	0.069127	0.330555	0.000012	0.001530	0.000000	0.000000	0.000000	0.000275
215	0.599090	0.069103	0.330029	0.000009	0.001502	0.000000	0.000000	0.000000	0.000267
216	0.599484	0.069056	0.329670	0.000009	0.001504	0.000000	0.000000	0.000000	0.000277
217	0.599462	0.069350	0.329349	0.000011	0.001547	0.000000	0.000000	0.000000	0.000281
218	0.599283	0.069218	0.329656	0.000010	0.001538	0.000000	0.000000	0.000000	0.000295
219	0.599074	0.068970	0.330107	0.000007	0.001527	0.000000	0.000000	0.000000	0.000315
220	0.598732	0.068951	0.330504	0.000005	0.001496	0.000000	0.000000	0.000000	0.000312
221	0.599284	0.068921	0.330027	0.000008	0.001458	0.000000	0.000000	0.000000	0.000302
222	0.599137	0.068619	0.330495	0.000006	0.001436	0.000000	0.000000	0.000000	0.000307
223	0.599202	0.068657	0.330385	0.000004	0.001455	0.000000	0.000000	0.000000	0.000297
224	0.599084	0.068664	0.330550	0.000007	0.001403	0.000000	0.000000	0.000000	0.000292
225	0.598771	0.068648	0.330903	0.000005	0.001373	0.000000	0.000000	0.000000	0.000300
226	0.598168	0.068646	0.331518	0.000004	0.001390	0.000000	0.000000	0.000000	0.000274
227	0.598633	0.068585	0.331175	0.000002	0.001351	0.000000	0.000000	0.000000	0.000254
228	0.598794	0.068800	0.330784	0.000003	0.001347	0.000000	0.000000	0.000000	0.000272
229	0.598857	0.068697	0.330828	0.000003	0.001331	0.000000	0.000000	0.000000	0.000284
230	0.598969	0.068659	0.330748	0.000003	0.001342	0.000000	0.000000	0.000000	0.000279
231	0.598904	0.068593	0.330840	0.000003	0.001364	0.000000	0.000000	0.000000	0.000296
232	0.599090	0.068447	0.330832	0.000002	0.001338	0.000000	0.000000	0.000000	0.000291
233	0.599334	0.068691	0.330362	0.000002	0.001338	0.000000	0.000000	0.000000	0.000273
234	0.599056	0.068515	0.330852	0.000003	0.001325	0.000000	0.000000	0.000000	0.000249
235	0.599004	0.068580	0.330862	0.000001	0.001265	0.000000	0.000000	0.000000	0.000288
236	0.599518	0.068113	0.330820	0.000002	0.001257	0.000000	0.000000	0.000000	0.000290
237	0.600120	0.068141	0.330201	0.000002	0.001264	0.000000	0.000000	0.000000	0.000272
238	0.599970	0.067790	0.330735	0.000001	0.001242	0.000000	0.000000	0.000000	0.000262
239	0.600867	0.067442	0.330162	0.000002	0.001253	0.000000	0.000000	0.000000	0.000274
240	0.600736	0.067161	0.330606	0.000003	0.001194	0.000000	0.000000	0.000000	0.000300
241	0.600695	0.067332	0.330495	0.000006	0.001173	0.000000	0.000000	0.000000	0.000299
242	0.600148	0.067410	0.330947	0.000003	0.001199	0.000000	0.000000	0.000000	0.000293
243	0.599900	0.067524	0.331121	0.000000	0.001151	0.000000	0.000000	0.000000	0.000304
244	0.599278	0.067669	0.331589	0.000000	0.001139	0.000000	0.000000	0.000000	0.000325
245	0.598738	0.068179	0.331683	0.000000	0.001109	0.000000	0.000000	0.000000	0.000291
246	0.598820	0.067883	0.331894	0.000000	0.001100	0.000000	0.000000	0.000000	0.000303
247	0.599043	0.067825	0.331818	0.000000	0.001031	0.000000	0.000000	0.000000	0.000283
248	0.598632	0.067773	0.332336	0.000000	0.000971	0.000000	0.000000	0.000000	0.000288
249	0.599093	0.067662	0.331945	0.000000	0.000993	0.000000	0.000000	0.000000	0.000307
250	0.598441	0.067646	0.332597	0.000000	0.001005	0.000000	0.000000	0.000000	0.000311
251	0.598423	0.067600	0.332690	0.000000	0.000984	0.000000	0.000000	0.000000	0.000303
252	0.598785	0.067414	0.332502	0.000000	0.000994	0.000000	0.000000	0.000000	0.000305
253	0.598974	0.067303	0.332435	0.000000	0.001002	0.000000	0.000000	0.000000	0.000286
254	0.599476	0.066930	0.332310	0.000000	0.000982	0.000000	0.000000	0.000000	0.000302
255	0.599355	0.066821	0.332604	0.000000	0.000947	0.000000	0.000000	0.000000	0.000273
256	0.599039	0.066956	0.332791	0.000000	0.000933	0.000000	0.000000	0.000000	0.000281
257	0.599293	0.067091	0.332397	0.000000	0.000960	0.000000	0.000000	0.000000	0.000259
258	0.599406	0.067054	0.332353	0.000000	0.000924	0.000000	0.000000	0.000000	0.000263
259	0.599362	0.067212	0.332264	0.000000	0.000903	0.000000	0.000000	0.000000	0.000259
260	0.598997	0.067172	0.332618	0.000000	0.000927	0.000000	0.000000	0.000000	0.000286
261	0.599061	0.067223	0.332506	0.000000	0.000946	0.000000	0.000000	0.000000	0.000264
262	0.598536	0.067261	0.333020	0.000000	0.000900	0.000000	0.000000	0.000000	0.000283
263	0.598903	0.067263	0.332637	0.000000	0.000928	0.000000	0.000000	0.000000	0.000269
264	0.599074	0.067074	0.332685	0.000000	0.000912	0.000000	0.000000	0.000000	0.000255
265	0.599044	0.067256	0.332535	0.000000	0.000913	0.000000	0.000000	0.000000	0.000252
266	0.598698	0.066984	0.333150	0.000000	0.000915	0.000000	0.000000	0.000000	0.000253
267	0.598535	0.066987	0.333313	0.000000	0.000925	0.000000	0.000000	0.000000	0.000240
268	0.598526	0.067013	0.333302	0.000000	0.000911	0.000000	0.000000	0.000000	0.000248
269	0.598615	0.067278	0.332894	0.000000	0.000966	0.000000	0.000000	0.000000	0.000247
270	0.598985	0.067519	0.332274	0.000000	0.000967	0.000000	0.000000	0.000000	0.000255
271	0.598779	0.067661	0.332398	0.000000	0.000934	0.000000	0.000000	0.000000	0.000228
272	0.598450	0.067856	0.332535	0.000000	0.000930	0.000000	0.000000	0.000000	0.000229
273	0.598448	0.067691	0.332705	0.000000	0.000926	0.000000	0.000000	0.000000	0.000230
274	0.598214	0.067937	0.332670	0.000000	0.000953	0.000000	0.000000	0.000000	0.000226
275	0.597907	0.068086	0.332840	0.000000	0.000950	0.000000	0.000000	0.000000	0.000217
276	0.597989	0.067955	0.332920	0.000000	0.000920	0.000000	0.000000	0.000000	0.000216
277	0.597550	0.068206	0.333098	0.000000	0.000913	0.000000	0.000000	0.000000	0.000233
278	0.597787	0.068025	0.333035	0.000000	0.000905	0.000000	0.000000	0.000000	0.000248
279	0.597474	0.068319	0.333045	0.000000	0.000910	0.000000	0.000000	0.000000	0.000252
280	0.597469	0.068419	0.332933	0.000000	0.000917	0.000000	0.000000	0.000000	0.000262
281	0.596722	0.068374	0.333700	0.000000	0.000963	0.000000	0.000000	0.000000	0.000241
282	0.596329	0.068463	0.334023	0.000000	0.000943	0.000000	0.000000	0.000000	0.000242
283	0.596222	0.068194	0.334355	0.000000	0.000954	0.000000	0.000000	0.000000	0.000275
284	0.595901	0.068447	0.334437	0.000000	0.000960	0.000000	0.000000	0.000000	0.000255
285	0.595788	0.068287	0.334727	0.000000	0.000937	0.000000	0.000000	0.000000	0.000261
286	0.596570	0.068135	0.334116	0.000000	0.000920	0.000000	0.000000	0.000000	0.000259
287	0.596152	0.067875	0.334787	0.000000	0.000912	0.000000	0.000000	0.000000	0.000274
288	0.596117	0.067919	0.334820	0.000000	0.000909	0.000000	0.000000	0.000000	0.000235
289	0.595566	0.068103	0.335204	0.000000	0.000897	0.000000	0.000000	0.000000	0.000230
290	0.595779	0.068044	0.335054	0.000000	0.000896	0.000000	0.000000	0.000000	0.000227
291	0.595245	0.068128	0.335533	0.000000	0.000858	0.000000	0.000000	0.000000	0.000236
292	0.595755	0.068182	0.334973	0.000000	0.000868	0.000000	0.000000	0.000000	0.000222
293	0.595762	0.068032	0.335098	0.000000	0.000862	0.000000	0.000000	0.000000	0.000246
294	0.595538	0.067969	0.335382	0.000000	0.000877	0.000000	0.000000	0.000000	0.000234
295	0.595437	0.067870	0.335548	0.000000	0.000904	0.000000	0.000000	0.000000	0.000241
296	0.595399	0.067661	0.335837	0.000000	0.000848	0.000000	0.000000	0.000000	0.000255
297	0.595684	0.067953	0.335281	0.000000	0.000844	0.000000	0.000000	0.000000	0.000238
298	0.594949	0.068251	0.335716	0.000000	0.000853	0.000000	0.000000	0.000000	0.000231
299	0.594714	0.068104	0.336090	0.000000	0.000832	0.000000	0.000000	0.000000	0.000260
300	0.594319	0.068242	0.336386	0.000000	0.000816	0.000000	0.000000	0.000000	0.000237
301	0.594170	0.068176	0.336624	0.000000	0.000793	0.000000	0.000000	0.000000	0.000237
302	0.594309	0.068304	0.336361	0.000000	0.000815	0.000000	0.000000	0.000000	0.000211
303	0.594881	0.067834	0.336249	0.000000	0.000818	0.000000	0.000000	0.000000	0.000218
304	0.594527	0.067960	0.336520	0.000000	0.000763	0.000000	0.000000	0.000000	0.000230
305	0.594299	0.068391	0.336320	0.000000	0.000768	0.000000	0.000000	0.000000	0.000222
306	0.594211	0.068505	0.336311	0.000000	0.000737	0.000000	0.000000	0.000000	0.000236
307	0.594045	0.068422	0.336563	0.000000	0.000733	0.000000	0.000000	0.000000	0.000237
308	0.594433	0.068610	0.336018	0.000000	0.000711	0.000000	0.000000	0.000000	0.000228
309	0.594441	0.068684	0.335937	0.000000	0.000703	0.000000	0.000000	0.000000	0.000235
310	0.593932	0.068782	0.336347	0.000000	0.000702	0.000000	0.000000	0.000000	0.000237
311	0.594133	0.068719	0.336238	0.000000	0.000685	0.000000	0.000000	0.000000	0.000225
312	0.594097	0.068751	0.336262	0.000000	0.000668	0.000000	0.000000	0.000000	0.000222
313	0.593946	0.068628	0.336529	0.000000	0.000668	0.000000	0.000000	0.000000	0.000229
314	0.593913	0.068680	0.336558	0.000000	0.000619	0.000000	0.000000	0.000000	0.000230
315	0.594193	0.068516	0.336475	0.000000	0.000610	0.000000	0.000000	0.000000	0.000206
316	0.594708	0.068454	0.336034	0.000000	0.000622	0.000000	0.000000	0.000000	0.000182
317	0.594338	0.068719	0.336097	0.000000	0.000640	0.000000	0.000000	0.000000	0.000206
318	0.594388	0.068630	0.336157	0.000000	0.000617	0.000000	0.000000	0.000000	0.000208
319	0.594597	0.068337	0.336255	0.000000	0.000602	0.000000	0.000000	0.000000	0.000209
320	0.594382	0.068251	0.336558	0.000000	0.000623	0.000000	0.000000	0.000000	0.000186
321	0.594643	0.067865	0.336682	0.000000	0.000625	0.000000	0.000000	0.000000	0.000185
322	0.594792	0.067962	0.336441	0.000000	0.000604	0.000000	0.000000	0.000000	0.000201
323	0.594885	0.068200	0.336169	0.000000	0.000558	0.000000	0.000000	0.000000	0.000188
324	0.594226	0.068269	0.336749	0.000000	0.000558	0.000000	0.000000	0.000000	0.000198
325	0.594379	0.068098	0.336760	0.000000	0.000556	0.000000	0.000000	0.000000	0.000207
326	0.594785	0.067831	0.336650	0.000000	0.000531	0.000000	0.000000	0.000000	0.000203
327	0.595485	0.067685	0.336102	0.000000	0.000501	0.000000	0.000000	0.000000	0.000227
328	0.596247	0.067593	0.335432	0.000000	0.000495	0.000000	0.000000	0.000000	0.000233
329	0.596683	0.067125	0.335505	0.000000	0.000462	0.000000	0.000000	0.000000	0.000225
330	0.596481	0.067072	0.335775	0.000000	0.000459	0.000000	0.000000	0.000000	0.000213
331	0.596358	0.067107	0.335848	0.000000	0.000459	0.000000	0.000000	0.000000	0.000228
332	0.596441	0.067157	0.335691	0.000000	0.000473	0.000000	0.000000	0.000000	0.000238
333	0.597017	0.067465	0.334834	0.000000	0.000455	0.000000	0.000000	0.000000	0.000229
334	0.596008	0.067469	0.335808	0.000000	0.000449	0.000000	0.000000	0.000000	0.000266
335	0.596281	0.067375	0.335678	0.000000	0.000404	0.000000	0.000000	0.000000	0.000262
336	0.596294	0.067419	0.335626	0.000000	0.000390	0.000000	0.000000	0.000000	0.000271
337	0.596274	0.067346	0.335722	0.000000	0.000392	0.000000	0.000000	0.000000	0.000266
338	0.596408	0.067243	0.335684	0.000000	0.000392	0.000000	0.000000	0.000000	0.000273
339	0.595822	0.067502	0.336034	0.000000	0.000388	0.000000	0.000000	0.000000	0.000254
340	0.595225	0.067631	0.336505	0.000000	0.000382	0.000000	0.000000	0.000000	0.000257
341	0.595298	0.067419	0.336676	0.000000	0.000347	0.000000	0.000000	0.000000	0.000260
342	0.595377	0.067766	0.336252	0.000000	0.000353	0.000000	0.000000	0.000000	0.000252
343	0.595753	0.067776	0.335826	0.000000	0.000367	0.000000	0.000000	0.000000	0.000278
344	0.595440	0.067735	0.336182	0.000000	0.000374	0.000000	0.000000	0.000000	0.000269
345	0.595643	0.067635	0.336087	0.000000	0.000355	0.000000	0.000000	0.000000	0.000280
346	0.595510	0.067881	0.335980	0.000000	0.000348	0.000000	0.000000	0.000000	0.000281
347	0.595608	0.067683	0.336083	0.000000	0.000361	0.000000	0.000000	0.000000	0.000265
348	0.595374	0.067718	0.336261	0.000000	0.000371	0.000000	0.000000	0.000000	0.000276
349	0.594792	0.068146	0.336440	0.000000	0.000353	0.000000	0.000000	0.000000	0.000269
350	0.595114	0.068188	0.336076	0.000000	0.000358	0.000000	0.000000	0.000000	0.000264
351	0.595088	0.067924	0.336344	0.000000	0.000353	0.000000	0.000000	0.000000	0.000291
352	0.595398	0.067990	0.335963	0.000000	0.000354	0.000000	0.000000	0.000000	0.000295
353	0.595182	0.068352	0.335809	0.000000	0.000357	0.000000	0.000000	0.000000	0.000300
354	0.594945	0.068083	0.336309	0.000000	0.000345	0.000000	0.000000	0.000000	0.000318
355	0.594169	0.068326	0.336821	0.000000	0.000350	0.000000	0.000000	0.000000	0.000334
356	0.594029	0.068476	0.336835	0.000000	0.000356	0.000000	0.000000	0.000000	0.000304
357	0.594814	0.068575	0.335972	0.000000	0.000337	0.000000	0.000000	0.000000	0.000302
358	0.594728	0.068558	0.336085	0.000000	0.000332	0.000000	0.000000	0.000000	0.000297
359	0.594612	0.068626	0.336140	0.000000	0.000314	0.000000	0.000000	0.000000	0.000308
360	0.594836	0.068602	0.335920	0.000000	0.000329	0.000000	0.000000	0.000000	0.000313
361	0.594838	0.068476	0.336011	0.000000	0.000340	0.000000	0.000000	0.000000	0.000335
362	0.594647	0.068478	0.336209	0.000000	0.000318	0.000000	0.000000	0.000000	0.000348
363	0.594620	0.068424	0.336280	0.000000	0.000308	0.000000	0.000000	0.000000	0.000368
364	0.593910	0.068464	0.336951	0.000000	0.000301	0.000000	0.000000	0.000000	0.000374
365	0.594328	0.068450	0.336553	0.000000	0.000305	0.000000	0.000000	0.000000	0.000364
366	0.594388	0.068161	0.336764	0.000000	0.000309	0.000000	0.000000	0.000000	0.000378
367	0.594079	0.068129	0.337111	0.000000	0.000308	0.000000	0.000000	0.000000	0.000373
368	0.593822	0.068252	0.337270	0.000000	0.000283	0.000000	0.000000	0.000000	0.000373
369	0.593566	0.068184	0.337593	0.000000	0.000284	0.000000	0.000000	0.000000	0.000373
370	0.593587	0.068193	0.337541	0.000000	0.000302	0.000000	0.000000	0.000000	0.000377
371	0.593481	0.067649	0.338230	0.000000	0.000264	0.000000	0.000000	0.000000	0.000376
372	0.593438	0.067586	0.338337	0.000000	0.000270	0.000000	0.000000	0.000000	0.000369
373	0.593546	0.067667	0.338151	0.000000	0.000250	0.000000	0.000000	0.000000	0.000386
374	0.593494	0.067866	0.338011	0.000000	0.000252	0.000000	0.000000	0.000000	0.000377
375	0.594009	0.067448	0.337889	0.000000	0.000266	0.000000	0.000000	0.000000	0.000388
376	0.593967	0.067482	0.337914	0.000000	0.000264	0.000000	0.000000	0.000000	0.000373
377	0.594103	0.067769	0.337488	0.000000	0.000265	0.000000	0.000000	0.000000	0.000375
378	0.593965	0.067706	0.337696	0.000000	0.000276	0.000000	0.000000	0.000000	0.000357
379	0.594563	0.067761	0.337066	0.000000	0.000258	0.000000	0.000000	0.000000	0.000352
380	0.594513	0.067654	0.337234	0.000000	0.000243	0.000000	0.000000	0.000000	0.000356
381	0.594432	0.067842	0.337134	0.000000	0.000226	0.000000	0.000000	0.000000	0.000366
382	0.594993	0.067926	0.336484	0.000000	0.000226	0.000000	0.000000	0.000000	0.000371
383	0.595106	0.067894	0.336431	0.000000	0.000218	0.000000	0.000000	0.000000	0.000351
384	0.595050	0.068149	0.336231	0.000000	0.000209	0.000000	0.000000	0.000000	0.000361
385	0.595716	0.068071	0.335644	0.000000	0.000192	0.000000	0.000000	0.000000	0.000377
386	0.595367	0.068253	0.335832	0.000000	0.000163	0.000000	0.000000	0.000000	0.000385
387	0.595257	0.068435	0.335775	0.000000	0.000150	0.000000	0.000000	0.000000	0.000383
388	0.596119	0.068441	0.334932	0.000000	0.000142	0.000000	0.000000	0.000000	0.000366
389	0.595551	0.068567	0.335368	0.000000	0.000130	0.000000	0.000000	0.000000	0.000384
390	0.595759	0.068748	0.334997	0.000000	0.000127	0.000000	0.000000	0.000000	0.000369
391	0.595607	0.068780	0.335124	0.000000	0.000119	0.000000	0.000000	0.000000	0.000370
392	0.595148	0.068860	0.335519	0.000000	0.000113	0.000000	0.000000	0.000000	0.000360
393	0.595938	0.068835	0.334764	0.000000	0.000111	0.000000	0.000000	0.000000	0.000352
394	0.595373	0.068614	0.335549	0.000000	0.000111	0.000000	0.000000	0.000000	0.000353
395	0.595394	0.068222	0.335939	0.000000	0.000105	0.000000	0.000000	0.000000	0.000340
396	0.595375	0.068357	0.335859	0.000000	0.000098	0.000000	0.000000	0.000000	0.000311
397	0.595739	0.068116	0.335702	0.000000	0.000102	0.000000	0.000000	0.000000	0.000341
398	0.595978	0.068178	0.335398	0.000000	0.000107	0.000000	0.000000	0.000000	0.000339
399	0.595973	0.068380	0.335221	0.000000	0.000108	0.000000	0.000000	0.000000	0.000318
400	0.595411	0.068207	0.335973	0.000000	0.000103	0.000000	0.000000	0.000000	0.000306
401	0.594963	0.068056	0.336604	0.000000	0.000098	0.000000	0.000000	0.000000	0.000279
402	0.593745	0.068359	0.337542	0.000000	0.000084	0.000000	0.000000	0.000000	0.000270
403	0.593831	0.068470	0.337367	0.000000	0.000087	0.000000	0.000000	0.000000	0.000245
404	0.594515	0.068337	0.336814	0.000000	0.000082	0.000000	0.000000	0.000000	0.000252
405	0.594297	0.068689	0.336700	0.000000	0.000066	0.000000	0.000000	0.000000	0.000248
406	0.594256	0.068857	0.336602	0.000000	0.000050	0.000000	0.000000	0.000000	0.000235
407	0.593677	0.068894	0.337152	0.000000	0.000042	0.000000	0.000000	0.000000	0.000235
408	0.592958	0.068849	0.337914	0.000000	0.000044	0.000000	0.000000	0.000000	0.000235
409	0.593885	0.068860	0.336975	0.000000	0.000036	0.000000	0.000000	0.000000	0.000244
410	0.594055	0.068753	0.336939	0.000000	0.000034	0.000000	0.000000	0.000000	0.000219
411	0.594496	0.068559	0.336715	0.000000	0.000034	0.000000	0.000000	0.000000	0.000196
412	0.594237	0.068575	0.336933	0.000000	0.000041	0.000000	0.000000	0.000000	0.000214
413	0.593856	0.068798	0.337076	0.000000	0.000038	0.000000	0.000000	0.000000	0.000232
414	0.593980	0.068983	0.336771	0.000000	0.000040	0.000000	0.000000	0.000000	0.000226
415	0.594236	0.068733	0.336770	0.000000	0.000039	0.000000	0.000000	0.000000	0.000222
416	0.594313	0.068858	0.336552	0.000000	0.000037	0.000000	0.000000	0.000000	0.000240
417	0.594253	0.068689	0.336784	0.000000	0.000032	0.000000	0.000000	0.000000	0.000242
418	0.594321	0.068852	0.336566	0.000000	0.000033	0.000000	0.000000	0.000000	0.000228
419	0.594657	0.068527	0.336555	0.000000	0.000038	0.000000	0.000000	0.000000	0.000223
420	0.594011	0.068523	0.337214	0.000000	0.000031	0.000000	0.000000	0.000000	0.000221
421	0.594321	0.068528	0.336879	0.000000	0.000033	0.000000	0.000000	0.000000	0.000239
422	0.594166	0.068430	0.337139	0.000000	0.000031	0.000000	0.000000	0.000000	0.000234
423	0.594693	0.068488	0.336529	0.000000	0.000042	0.000000	0.000000	0.000000	0.000248
424	0.595280	0.068441	0.336009	0.000000	0.000038	0.000000	0.000000	0.000000	0.000232
425	0.595536	0.068270	0.335908	0.000000	0.000035	0.000000	0.000000	0.000000	0.000251
426	0.595751	0.068340	0.335650	0.000000	0.000032	0.000000	0.000000	0.000000	0.000227
427	0.595811	0.068206	0.335711	0.000000	0.000027	0.000000	0.000000	0.000000	0.000245
428	0.596034	0.068445	0.335253	0.000000	0.000032	0.000000	0.000000	0.000000	0.000236
429	0.595828	0.068519	0.335387	0.000000	0.000036	0.000000	0.000000	0.000000	0.000230
430	0.595810	0.068764	0.335159	0.000000	0.000029	0.000000	0.000000	0.000000	0.000238
431	0.596073	0.068419	0.335256	0.000000	0.000031	0.000000	0.000000	0.000000	0.000221
432	0.595274	0.068572	0.335907	0.000000	0.000024	0.000000	0.000000	0.000000	0.000223
433	0.595676	0.068309	0.335743	0.000000	0.000028	0.000000	0.000000	0.000000	0.000244
434	0.595722	0.068221	0.335814	0.000000	0.000024	0.000000	0.000000	0.000000	0.000219
435	0.595667	0.068217	0.335880	0.000000	0.000017	0.000000	0.000000	0.000000	0.000219
436	0.595437	0.068248	0.336097	0.000000	0.000021	0.000000	0.000000	0.000000	0.000197
437	0.594766	0.068569	0.336442	0.000000	0.000015	0.000000	0.000000	0.000000	0.000208
438	0.594935	0.068484	0.336352	0.000000	0.000018	0.000000	0.000000	0.000000	0.000211
439	0.595162	0.068331	0.336280	0.000000	0.000014	0.000000	0.000000	0.000000	0.000213
440	0.595497	0.068418	0.335856	0.000000	0.000012	0.000000	0.000000	0.000000	0.000217
441	0.595182	0.068139	0.336447	0.000000	0.000013	0.000000	0.000000	0.000000	0.000219
442	0.595073	0.068493	0.336222	0.000000	0.000006	0.000000	0.000000	0.000000	0.000206
443	0.595404	0.068460	0.335927	0.000000	0.000002	0.000000	0.000000	0.000000	0.000207
444	0.595319	0.068307	0.336160	0.000000	0.000002	0.000000	0.000000	0.000000	0.000212
445	0.595535	0.068203	0.336033	0.000000	0.000003	0.000000	0.000000	0.000000	0.000226
446	0.595659	0.068387	0.335725	0.000000	0.000002	0.000000	0.000000	0.000000	0.000227
447	0.595951	0.068245	0.335590	0.000000	0.000006	0.000000	0.000000	0.000000	0.000208
448	0.596067	0.068323	0.335398	0.000000	0.000009	0.000000	0.000000	0.000000	0.000203
449	0.596052	0.068268	0.335462	0.000000	0.000013	0.000000	0.000000	0.000000	0.000205
450	0.595633	0.068436	0.335715	0.000000	0.000011	0.000000	0.000000	0.000000	0.000205
451	0.595647	0.068710	0.335441	0.000000	0.000011	0.000000	0.000000	0.000000	0.000191
452	0.595270	0.068690	0.335823	0.000000	0.000007	0.000000	0.000000	0.000000	0.000210
453	0.595767	0.068505	0.335516	0.000000	0.000005	0.000000	0.000000	0.000000	0.000207
454	0.595674	0.068311	0.335800	0.000000	0.000005	0.000000	0.000000	0.000000	0.000210
455	0.595892	0.068373	0.335523	0.000000	0.000006	0.000000	0.000000	0.000000	0.000206
456	0.596415	0.068372	0.334989	0.000000	0.000005	0.000000	0.000000	0.000000	0.000219
457	0.597321	0.068352	0.334093	0.000000	0.000003	0.000000	0.000000	0.000000	0.000231
458	0.598057	0.067878	0.333838	0.000000	0.000003	0.000000	0.000000	0.000000	0.000224
459	0.597597	0.067970	0.334216	0.000000	0.000005	0.000000	0.000000	0.000000	0.000212
460	0.598368	0.068075	0.333317	0.000000	0.000006	0.000000	0.000000	0.000000	0.000234
461	0.598117	0.068209	0.333442	0.000000	0.000004	0.000000	0.000000	0.000000	0.000228
462	0.598503	0.068082	0.333192	0.000000	0.000008	0.000000	0.000000	0.000000	0.000215
463	0.598304	0.068424	0.333047	0.000000	0.000007	0.000000	0.000000	0.000000	0.000218
464	0.598492	0.068405	0.332880	0.000000	0.000007	0.000000	0.000000	0.000000	0.000216
465	0.598436	0.068065	0.333273	0.000000	0.000011	0.000000	0.000000	0.000000	0.000215
466	0.598739	0.068340	0.332684	0.000000	0.000006	0.000000	0.000000	0.000000	0.000231
467	0.598516	0.068559	0.332699	0.000000	0.000007	0.000000	0.000000	0.000000	0.000219
468	0.597744	0.068455	0.333576	0.000000	0.000008	0.000000	0.000000	0.000000	0.000217
469	0.597986	0.068267	0.333524	0.000000	0.000005	0.000000	0.000000	0.000000	0.000218
470	0.598841	0.068196	0.332736	0.000000	0.000005	0.000000	0.000000	0.000000	0.000222
