0	0.290663	0.057897	0.229473	0.157588	0.029913	0.111872	0.085455	0.012259	0.024880
1	0.216609	0.044742	0.189048	0.145399	0.029972	0.125527	0.128207	0.024460	0.096036
2	0.204158	0.042114	0.177530	0.144417	0.031084	0.125478	0.135897	0.026185	0.113137
3	0.197847	0.040052	0.168712	0.144724	0.032785	0.122847	0.140458	0.026560	0.126015
4	0.193032	0.038139	0.160949	0.145347	0.034594	0.119403	0.144037	0.026828	0.137671
5	0.189353	0.036221	0.152200	0.145597	0.036833	0.116976	0.146703	0.026925	0.149192
6	0.186348	0.034709	0.144198	0.146224	0.039032	0.112916	0.149036	0.026795	0.160742
7	0.183270	0.033478	0.136344	0.146244	0.041449	0.109069	0.150795	0.026617	0.172734
8	0.180933	0.031900	0.128526	0.146908	0.043762	0.105150	0.152515	0.025970	0.184336
9	0.178496	0.030406	0.120978	0.147612	0.046714	0.101223	0.153348	0.025471	0.195752
10	0.175799	0.029008	0.113391	0.148568	0.049424	0.097952	0.154472	0.025118	0.206268
11	0.173534	0.027614	0.106737	0.149176	0.052036	0.093938	0.154870	0.024448	0.217647
12	0.170970	0.026141	0.100030	0.150029	0.055018	0.089932	0.155489	0.023865	0.228526
13	0.169171	0.024990	0.093534	0.150145	0.058139	0.085689	0.155784	0.023534	0.239014
14	0.167226	0.023864	0.087323	0.149845	0.061496	0.082194	0.156183	0.022826	0.249043
15	0.165391	0.022776	0.081523	0.149981	0.064934	0.077856	0.155907	0.022293	0.259339
16	0.163240	0.021748	0.076801	0.150157	0.068305	0.073783	0.154786	0.021687	0.269493
17	0.161371	0.020576	0.071616	0.150409	0.071552	0.070010	0.154113	0.021317	0.279036
18	0.159255	0.019327	0.067060	0.150740	0.075212	0.066541	0.153116	0.020686	0.288063
19	0.156734	0.018454	0.062395	0.150737	0.079151	0.063117	0.152145	0.020191	0.297076
20	0.154614	0.017480	0.058128	0.150818	0.082661	0.060004	0.150803	0.019453	0.306039
21	0.152859	0.016637	0.054478	0.150160	0.086570	0.056820	0.149019	0.018648	0.314809
22	0.150923	0.015828	0.050193	0.150138	0.090422	0.053872	0.147448	0.018005	0.323171
23	0.149029	0.015009	0.046736	0.149329	0.094391	0.051242	0.145210	0.017524	0.331530
24	0.146963	0.014315	0.043402	0.148927	0.099090	0.048309	0.143492	0.016972	0.338530
25	0.144827	0.013561	0.040304	0.148463	0.103096	0.045807	0.141810	0.016490	0.345642
26	0.142609	0.012908	0.037492	0.148141	0.107403	0.043214	0.139727	0.015872	0.352634
27	0.140037	0.012045	0.034673	0.147874	0.111700	0.040725	0.137682	0.015218	0.360046
28	0.137323	0.011446	0.032367	0.147318	0.116126	0.038191	0.135456	0.014797	0.366976
29	0.134615	0.010865	0.030037	0.146431	0.121125	0.036077	0.133432	0.014157	0.373261
30	0.132444	0.010294	0.027426	0.145524	0.125973	0.033996	0.131371	0.013747	0.379225
31	0.129628	0.009629	0.025440	0.144030	0.131256	0.031927	0.129177	0.013290	0.385623
32	0.127114	0.009156	0.023609	0.143068	0.136302	0.030409	0.126782	0.012780	0.390780
33	0.124515	0.008524	0.021924	0.142065	0.141618	0.028725	0.124697	0.012357	0.395575
34	0.122071	0.008104	0.020341	0.140798	0.146745	0.027398	0.122128	0.011795	0.400620
35	0.119228	0.007677	0.018556	0.139823	0.152111	0.025912	0.120094	0.011395	0.405204
36	0.116734	0.007257	0.016859	0.138715	0.157706	0.024358	0.117872	0.010904	0.409595
37	0.113884	0.006881	0.015693	0.138068	0.163218	0.023021	0.115158	0.010466	0.413611
38	0.111208	0.006377	0.014459	0.137198	0.168715	0.021551	0.113109	0.010109	0.417274
39	0.108328	0.006019	0.013198	0.136075	0.174008	0.020491	0.110418	0.009535	0.421928
40	0.105642	0.005560	0.012198	0.134886	0.179775	0.019311	0.107922	0.009113	0.425593
41	0.102824	0.005169	0.011289	0.133579	0.185126	0.018294	0.105807	0.008719	0.429193
42	0.099998	0.004849	0.010426	0.132557	0.190627	0.017384	0.103387	0.008434	0.432338
43	0.097062	0.004561	0.009449	0.131460	0.196211	0.016555	0.101493	0.008096	0.435113
44	0.094735	0.004297	0.008564	0.130184	0.202111	0.015611	0.099057	0.007687	0.437754
45	0.091720	0.004012	0.007800	0.129082	0.207699	0.014848	0.097117	0.007369	0.440353
46	0.089129	0.003839	0.007166	0.128188	0.213423	0.013918	0.094454	0.007084	0.442799
47	0.086474	0.003604	0.006518	0.127466	0.219188	0.013060	0.092050	0.006730	0.444910
48	0.083781	0.003338	0.005874	0.125955	0.225047	0.012451	0.090048	0.006523	0.446983
49	0.081317	0.003164	0.005330	0.124715	0.230965	0.011764	0.088092	0.006235	0.448418
50	0.078697	0.002970	0.004901	0.123792	0.236711	0.010989	0.085776	0.006105	0.450059
51	0.076379	0.002726	0.004549	0.122650	0.243015	0.010499	0.083729	0.005868	0.450585
52	0.073739	0.002571	0.004142	0.121667	0.249076	0.009917	0.081641	0.005596	0.451651
53	0.071272	0.002392	0.003822	0.120512	0.255096	0.009267	0.079658	0.005366	0.452615
54	0.068682	0.002308	0.003433	0.119212	0.261359	0.008715	0.077753	0.005151	0.453387
55	0.066302	0.002139	0.003123	0.118445	0.268018	0.008246	0.075710	0.004954	0.453063
56	0.064029	0.002004	0.002855	0.117359	0.273773	0.007778	0.073787	0.004730	0.453685
57	0.061883	0.001893	0.002604	0.116363	0.280070	0.007412	0.071609	0.004534	0.453632
58	0.059511	0.001775	0.002417	0.114940	0.286581	0.007034	0.070213	0.004383	0.453146
59	0.057390	0.001642	0.002165	0.113766	0.292729	0.006839	0.068436	0.004186	0.452847
60	0.055025	0.001512	0.001904	0.112654	0.299056	0.006383	0.066764	0.003994	0.452708
61	0.052736	0.001421	0.001745	0.111673	0.305462	0.006031	0.064974	0.003748	0.452210
62	0.050865	0.001308	0.001532	0.110387	0.311750	0.005759	0.063080	0.003639	0.451680
63	0.048596	0.001211	0.001423	0.109583	0.317911	0.005480	0.061686	0.003455	0.450655
64	0.046652	0.001155	0.001289	0.108638	0.324317	0.005211	0.060016	0.003262	0.449460
65	0.044875	0.001090	0.001142	0.107316	0.330663	0.004867	0.058468	0.003101	0.448478
66	0.042991	0.001085	0.001042	0.106270	0.337115	0.004580	0.056714	0.002908	0.447295
67	0.041033	0.001000	0.000935	0.105269	0.343691	0.004386	0.055167	0.002741	0.445778
68	0.039538	0.000957	0.000870	0.104289	0.350035	0.004254	0.053368	0.002662	0.444027
69	0.037760	0.000872	0.000781	0.103445	0.356046	0.003964	0.052414	0.002680	0.442038
70	0.035973	0.000796	0.000691	0.102524	0.362324	0.003839	0.051105	0.002453	0.440295
71	0.034204	0.000732	0.000652	0.101625	0.368871	0.003747	0.049860	0.002365	0.437944
72	0.032418	0.000667	0.000555	0.100489	0.375555	0.003580	0.048421	0.002289	0.436026
73	0.030918	0.000606	0.000488	0.099396	0.382330	0.003307	0.047191	0.002206	0.433558
74	0.029299	0.000561	0.000453	0.098619	0.388694	0.003187	0.046060	0.002118	0.431009
75	0.027987	0.000498	0.000392	0.097614	0.394961	0.003124	0.044831	0.002006	0.428587
76	0.026603	0.000479	0.000324	0.096478	0.401347	0.002992	0.043570	0.001982	0.426225
77	0.025379	0.000436	0.000267	0.096070	0.407423	0.002912	0.042394	0.001893	0.423226
78	0.024109	0.000409	0.000250	0.095324	0.413799	0.002780	0.041362	0.001777	0.420190
79	0.022953	0.000360	0.000222	0.094680	0.420032	0.002672	0.039805	0.001747	0.417529
80	0.021936	0.000308	0.000213	0.093916	0.426325	0.002664	0.038542	0.001717	0.414379
81	0.020812	0.000293	0.000209	0.093498	0.432205	0.002550	0.037412	0.001611	0.411410
82	0.019707	0.000285	0.000146	0.092571	0.438632	0.002399	0.036324	0.001578	0.408358
83	0.018804	0.000270	0.000123	0.092174	0.444327	0.002353	0.035400	0.001506	0.405043
84	0.017849	0.000263	0.000117	0.091652	0.450315	0.002334	0.034332	0.001501	0.401637
85	0.017070	0.000254	0.000104	0.091265	0.456350	0.002296	0.033185	0.001440	0.398036
86	0.016283	0.000253	0.000107	0.090397	0.462166	0.002233	0.032191	0.001421	0.394949
87	0.015438	0.000222	0.000081	0.090251	0.468039	0.002167	0.031057	0.001335	0.391410
88	0.014627	0.000202	0.000065	0.089481	0.474124	0.002073	0.030063	0.001318	0.388047
89	0.013810	0.000223	0.000063	0.089000	0.480197	0.002005	0.029430	0.001242	0.384030
90	0.012965	0.000222	0.000046	0.088069	0.486315	0.001954	0.028960	0.001249	0.380220
91	0.012298	0.000194	0.000032	0.087858	0.492322	0.001880	0.028404	0.001232	0.375780
92	0.011625	0.000185	0.000045	0.087400	0.498374	0.001864	0.027631	0.001209	0.371667
93	0.010886	0.000170	0.000037	0.087284	0.503921	0.001840	0.026814	0.001227	0.367821
94	0.010252	0.000157	0.000040	0.087059	0.509566	0.001763	0.025980	0.001160	0.364023
95	0.009580	0.000141	0.000034	0.087049	0.515011	0.001691	0.025212	0.001156	0.360126
96	0.009253	0.000115	0.000031	0.086741	0.520673	0.001608	0.024281	0.001125	0.356173
97	0.008693	0.000111	0.000040	0.086550	0.526563	0.001595	0.023575	0.001077	0.351796
98	0.008187	0.000109	0.000038	0.085624	0.532389	0.001560	0.022735	0.001030	0.348328
99	0.007818	0.000101	0.000033	0.085356	0.538038	0.001543	0.022069	0.000978	0.344064
100	0.007271	0.000094	0.000030	0.084991	0.543858	0.001542	0.021334	0.000967	0.339913
101	0.006954	0.000082	0.000027	0.084801	0.550139	0.001524	0.020502	0.000888	0.335083
102	0.006471	0.000076	0.000022	0.084847	0.555827	0.001435	0.020050	0.000848	0.330424
103	0.006116	0.000077	0.000024	0.085000	0.560911	0.001453	0.019434	0.000791	0.326194
104	0.005687	0.000058	0.000018	0.084478	0.567241	0.001408	0.018833	0.000753	0.321524
105	0.005400	0.000042	0.000014	0.083775	0.573032	0.001392	0.018427	0.000740	0.317178
106	0.005061	0.000035	0.000010	0.083275	0.578835	0.001406	0.017547	0.000669	0.313162
107	0.004781	0.000041	0.000006	0.083309	0.583925	0.001340	0.017064	0.000660	0.308874
108	0.004381	0.000043	0.000005	0.083289	0.589173	0.001341	0.016630	0.000596	0.304542
109	0.004081	0.000034	0.000002	0.082923	0.594483	0.001342	0.016094	0.000554	0.300487
110	0.003814	0.000026	0.000002	0.082590	0.600095	0.001305	0.015493	0.000559	0.296116
111	0.003546	0.000022	0.000002	0.082278	0.605459	0.001330	0.014950	0.000548	0.291865
112	0.003318	0.000019	0.000001	0.082130	0.610527	0.001330	0.014544	0.000512	0.287619
113	0.003118	0.000021	0.000000	0.081613	0.616282	0.001285	0.013899	0.000489	0.283293
114	0.002956	0.000018	0.000000	0.081695	0.620842	0.001296	0.013231	0.000481	0.279481
115	0.002810	0.000010	0.000000	0.081596	0.625782	0.001263	0.012713	0.000504	0.275322
116	0.002587	0.000007	0.000000	0.081603	0.630690	0.001218	0.012238	0.000481	0.271176
117	0.002436	0.000005	0.000000	0.081207	0.635971	0.001201	0.011879	0.000487	0.266814
118	0.002238	0.000004	0.000000	0.080951	0.640916	0.001189	0.011527	0.000459	0.262716
119	0.002025	0.000004	0.000000	0.080826	0.645380	0.001189	0.011059	0.000444	0.259073
120	0.001879	0.000003	0.000000	0.080781	0.650400	0.001175	0.010742	0.000453	0.254567
121	0.001730	0.000003	0.000000	0.080887	0.655121	0.001156	0.010201	0.000444	0.250458
122	0.001622	0.000004	0.000000	0.080652	0.660092	0.001137	0.009888	0.000470	0.246135
123	0.001495	0.000003	0.000000	0.081160	0.664283	0.001131	0.009584	0.000437	0.241907
124	0.001387	0.000002	0.000000	0.081041	0.668884	0.001115	0.009201	0.000436	0.237934
125	0.001310	0.000001	0.000000	0.081021	0.673332	0.001114	0.008947	0.000415	0.233860
126	0.001216	0.000000	0.000000	0.081242	0.677676	0.001109	0.008561	0.000375	0.229821
127	0.001187	0.000000	0.000000	0.081136	0.681521	0.001130	0.008141	0.000357	0.226528
128	0.001064	0.000000	0.000000	0.081187	0.686044	0.001118	0.007893	0.000316	0.222378
129	0.001031	0.000000	0.000000	0.081127	0.690481	0.001086	0.007582	0.000283	0.218410
130	0.000949	0.000000	0.000000	0.080735	0.694963	0.001139	0.007302	0.000267	0.214645
131	0.000858	0.000000	0.000000	0.080641	0.699084	0.001151	0.007010	0.000297	0.210959
132	0.000799	0.000000	0.000000	0.080473	0.703536	0.001103	0.006890	0.000275	0.206924
133	0.000713	0.000000	0.000000	0.080319	0.707863	0.001064	0.006638	0.000260	0.203143
134	0.000690	0.000000	0.000000	0.080503	0.711533	0.001064	0.006450	0.000231	0.199529
135	0.000622	0.000000	0.000000	0.080208	0.716004	0.001091	0.006220	0.000206	0.195649
136	0.000556	0.000000	0.000000	0.080112	0.719821	0.001080	0.006005	0.000200	0.192226
137	0.000546	0.000000	0.000000	0.080187	0.723921	0.001038	0.005769	0.000197	0.188342
138	0.000508	0.000000	0.000000	0.080150	0.727753	0.001056	0.005538	0.000187	0.184808
139	0.000495	0.000000	0.000000	0.079857	0.731788	0.001051	0.005383	0.000180	0.181246
140	0.000437	0.000000	0.000000	0.079730	0.735921	0.001038	0.005113	0.000158	0.177603
141	0.000384	0.000000	0.000000	0.079709	0.739772	0.000951	0.004893	0.000146	0.174145
142	0.000356	0.000000	0.000000	0.079027	0.743967	0.000955	0.004695	0.000134	0.170866
143	0.000347	0.000000	0.000000	0.079308	0.747778	0.000906	0.004469	0.000122	0.167070
144	0.000311	0.000000	0.000000	0.078989	0.751635	0.000853	0.004241	0.000114	0.163857
145	0.000299	0.000000	0.000000	0.078949	0.755480	0.000904	0.004159	0.000115	0.160094
146	0.000277	0.000000	0.000000	0.078791	0.758832	0.000920	0.003900	0.000105	0.157175
147	0.000239	0.000000	0.000000	0.078677	0.762812	0.000875	0.003735	0.000098	0.153564
148	0.000226	0.000000	0.000000	0.078636	0.766070	0.000885	0.003510	0.000096	0.150577
149	0.000213	0.000000	0.000000	0.078807	0.769172	0.000845	0.003463	0.000088	0.147412
150	0.000190	0.000000	0.000000	0.078718	0.772911	0.000835	0.003363	0.000086	0.143897
151	0.000183	0.000000	0.000000	0.078883	0.776159	0.000815	0.003175	0.000079	0.140706
152	0.000170	0.000000	0.000000	0.078822	0.779578	0.000787	0.002988	0.000078	0.137577
153	0.000144	0.000000	0.000000	0.078631	0.782595	0.000790	0.002903	0.000065	0.134872
154	0.000128	0.000000	0.000000	0.078964	0.785583	0.000788	0.002835	0.000063	0.131639
155	0.000124	0.000000	0.000000	0.078725	0.788980	0.000751	0.002770	0.000053	0.128597
156	0.000118	0.000000	0.000000	0.078577	0.791871	0.000801	0.002649	0.000042	0.125942
157	0.000109	0.000000	0.000000	0.078616	0.794644	0.000841	0.002573	0.000039	0.123178
158	0.000106	0.000000	0.000000	0.078491	0.797675	0.000831	0.002429	0.000048	0.120420
159	0.000099	0.000000	0.000000	0.078478	0.800361	0.000817	0.002299	0.000056	0.117890
160	0.000083	0.000000	0.000000	0.078315	0.803397	0.000789	0.002254	0.000055	0.115107
161	0.000086	0.000000	0.000000	0.078408	0.805982	0.000808	0.002155	0.000049	0.112512
162	0.000069	0.000000	0.000000	0.078329	0.808798	0.000787	0.002071	0.000044	0.109902
163	0.000075	0.000000	0.000000	0.078411	0.811854	0.000776	0.001980	0.000044	0.106860
164	0.000063	0.000000	0.000000	0.078372	0.814530	0.000734	0.001915	0.000042	0.104344
165	0.000059	0.000000	0.000000	0.078471	0.816810	0.000765	0.001792	0.000044	0.102059
166	0.000057	0.000000	0.000000	0.078657	0.819321	0.000748	0.001761	0.000051	0.099405
167	0.000053	0.000000	0.000000	0.078542	0.822172	0.000765	0.001732	0.000058	0.096678
168	0.000055	0.000000	0.000000	0.078192	0.825113	0.000713	0.001644	0.000064	0.094219
169	0.000050	0.000000	0.000000	0.078131	0.827641	0.000754	0.001595	0.000059	0.091770
170	0.000054	0.000000	0.000000	0.078085	0.830042	0.000760	0.001569	0.000053	0.089437
171	0.000056	0.000000	0.000000	0.078041	0.832227	0.000789	0.001482	0.000051	0.087354
172	0.000050	0.000000	0.000000	0.078513	0.834164	0.000770	0.001391	0.000048	0.085064
173	0.000043	0.000000	0.000000	0.078538	0.836237	0.000781	0.001338	0.000041	0.083022
174	0.000040	0.000000	0.000000	0.078771	0.837961	0.000785	0.001260	0.000037	0.081146
175	0.000029	0.000000	0.000000	0.078834	0.840240	0.000798	0.001267	0.000033	0.078799
176	0.000024	0.000000	0.000000	0.078925	0.842328	0.000799	0.001240	0.000037	0.076647
177	0.000016	0.000000	0.000000	0.078887	0.844440	0.000799	0.001169	0.000032	0.074657
178	0.000012	0.000000	0.000000	0.078858	0.846514	0.000780	0.001106	0.000039	0.072691
179	0.000006	0.000000	0.000000	0.078780	0.848855	0.000781	0.001066	0.000040	0.070472
180	0.000005	0.000000	0.000000	0.078986	0.850604	0.000756	0.000999	0.000035	0.068615
181	0.000004	0.000000	0.000000	0.079118	0.852720	0.000755	0.000988	0.000037	0.066378
182	0.000002	0.000000	0.000000	0.079074	0.854545	0.000694	0.000929	0.000034	0.064722
183	0.000000	0.000000	0.000000	0.078675	0.856856	0.000734	0.000891	0.000031	0.062813
184	0.000000	0.000000	0.000000	0.078467	0.858909	0.000712	0.000847	0.000030	0.061035
185	0.000000	0.000000	0.000000	0.078257	0.860794	0.000722	0.000797	0.000033	0.059397
186	0.000000	0.000000	0.000000	0.078561	0.862177	0.000753	0.000801	0.000039	0.057669
187	0.000000	0.000000	0.000000	0.078395	0.863911	0.000731	0.000780	0.000038	0.056145
188	0.000000	0.000000	0.000000	0.078341	0.865622	0.000684	0.000714	0.000031	0.054608
189	0.000000	0.000000	0.000000	0.078172	0.867263	0.000708	0.000703	0.000028	0.053126
190	0.000000	0.000000	0.000000	0.078044	0.868915	0.000729	0.000645	0.000024	0.051643
191	0.000000	0.000000	0.000000	0.078169	0.870427	0.000697	0.000632	0.000018	0.050057
192	0.000000	0.000000	0.000000	0.078301	0.871730	0.000731	0.000587	0.000017	0.048634
193	0.000000	0.000000	0.000000	0.078199	0.873369	0.000706	0.000551	0.000018	0.047157
194	0.000000	0.000000	0.000000	0.077897	0.875123	0.000731	0.000534	0.000011	0.045704
195	0.000000	0.000000	0.000000	0.077929	0.876567	0.000705	0.000503	0.000012	0.044284
196	0.000000	0.000000	0.000000	0.077867	0.877851	0.000663	0.000457	0.000016	0.043146
197	0.000000	0.000000	0.000000	0.077690	0.879269	0.000679	0.000401	0.000015	0.041946
198	0.000000	0.000000	0.000000	0.077691	0.880585	0.000683	0.000413	0.000014	0.040614
199	0.000000	0.000000	0.000000	0.077375	0.882221	0.000695	0.000382	0.000013	0.039314
200	0.000000	0.000000	0.000000	0.077407	0.883449	0.000693	0.000367	0.000011	0.038073
201	0.000000	0.000000	0.000000	0.077610	0.884671	0.000662	0.000355	0.000008	0.036694
202	0.000000	0.000000	0.000000	0.077441	0.885815	0.000684	0.000346	0.000007	0.035707
203	0.000000	0.000000	0.000000	0.077593	0.886758	0.000656	0.000345	0.000004	0.034644
204	0.000000	0.000000	0.000000	0.077369	0.887991	0.000679	0.000289	0.000001	0.033671
205	0.000000	0.000000	0.000000	0.076979	0.889568	0.000670	0.000284	0.000002	0.032497
206	0.000000	0.000000	0.000000	0.076927	0.890549	0.000663	0.000284	0.000001	0.031576
207	0.000000	0.000000	0.000000	0.077261	0.891272	0.000697	0.000263	0.000001	0.030506
208	0.000000	0.000000	0.000000	0.077381	0.891933	0.000718	0.000265	0.000000	0.029703
209	0.000000	0.000000	0.000000	0.077647	0.892551	0.000662	0.000252	0.000000	0.028888
210	0.000000	0.000000	0.000000	0.077686	0.893471	0.000650	0.000226	0.000000	0.027967
211	0.000000	0.000000	0.000000	0.077546	0.894629	0.000681	0.000219	0.000000	0.026925
212	0.000000	0.000000	0.000000	0.077698	0.895530	0.000684	0.000200	0.000000	0.025888
213	0.000000	0.000000	0.000000	0.077596	0.896542	0.000698	0.000186	0.000000	0.024978
214	0.000000	0.000000	0.000000	0.077459	0.897618	0.000685	0.000183	0.000000	0.024055
215	0.000000	0.000000	0.000000	0.077506	0.898470	0.000691	0.000175	0.000000	0.023158
216	0.000000	0.000000	0.000000	0.077550	0.899244	0.000659	0.000172	0.000000	0.022375
217	0.000000	0.000000	0.000000	0.077721	0.899794	0.000638	0.000179	0.000000	0.021668
218	0.000000	0.000000	0.000000	0.077740	0.900568	0.000641	0.000150	0.000000	0.020901
219	0.000000	0.000000	0.000000	0.077867	0.901104	0.000634	0.000134	0.000000	0.020261
220	0.000000	0.000000	0.000000	0.078049	0.901611	0.000671	0.000105	0.000000	0.019564
221	0.000000	0.000000	0.000000	0.077697	0.902564	0.000656	0.000100	0.000000	0.018983
222	0.000000	0.000000	0.000000	0.077664	0.903183	0.000652	0.000088	0.000000	0.018413
223	0.000000	0.000000	0.000000	0.077760	0.903840	0.000607	0.000080	0.000000	0.017713
224	0.000000	0.000000	0.000000	0.077922	0.904298	0.000579	0.000082	0.000000	0.017119
225	0.000000	0.000000	0.000000	0.077768	0.905050	0.000563	0.000076	0.000000	0.016543
226	0.000000	0.000000	0.000000	0.077740	0.905655	0.000575	0.000075	0.000000	0.015955
227	0.000000	0.000000	0.000000	0.077492	0.906591	0.000577	0.000073	0.000000	0.015267
228	0.000000	0.000000	0.000000	0.077759	0.906934	0.000576	0.000079	0.000000	0.014652
229	0.000000	0.000000	0.000000	0.077565	0.907667	0.000584	0.000075	0.000000	0.014109
230	0.000000	0.000000	0.000000	0.077453	0.908244	0.000609	0.000068	0.000000	0.013626
231	0.000000	0.000000	0.000000	0.077718	0.908423	0.000596	0.000066	0.000000	0.013197
232	0.000000	0.000000	0.000000	0.077566	0.909094	0.000589	0.000055	0.000000	0.012696
233	0.000000	0.000000	0.000000	0.077346	0.909879	0.000580	0.000056	0.000000	0.012139
234	0.000000	0.000000	0.000000	0.077006	0.910606	0.000593	0.000056	0.000000	0.011739
235	0.000000	0.000000	0.000000	0.077241	0.910734	0.000599	0.000048	0.000000	0.011378
236	0.000000	0.000000	0.000000	0.077359	0.911109	0.000590	0.000040	0.000000	0.010902
237	0.000000	0.000000	0.000000	0.077112	0.911814	0.000592	0.000047	0.000000	0.010435
238	0.000000	0.000000	0.000000	0.076844	0.912488	0.000617	0.000040	0.000000	0.010011
239	0.000000	0.000000	0.000000	0.076913	0.912828	0.000611	0.000035	0.000000	0.009613
240	0.000000	0.000000	0.000000	0.077108	0.913078	0.000628	0.000030	0.000000	0.009156
241	0.000000	0.000000	0.000000	0.077027	0.913534	0.000616	0.000035	0.000000	0.008788
242	0.000000	0.000000	0.000000	0.077066	0.913863	0.000589	0.000037	0.000000	0.008445
243	0.000000	0.000000	0.000000	0.076990	0.914278	0.000597	0.000035	0.000000	0.008100
244	0.000000	0.000000	0.000000	0.077303	0.914238	0.000582	0.000028	0.000000	0.007849
245	0.000000	0.000000	0.000000	0.077241	0.914626	0.000600	0.000016	0.000000	0.007517
246	0.000000	0.000000	0.000000	0.077517	0.914660	0.000598	0.000016	0.000000	0.007209
247	0.000000	0.000000	0.000000	0.077436	0.915022	0.000606	0.000016	0.000000	0.006920
248	0.000000	0.000000	0.000000	0.077320	0.915450	0.000594	0.000014	0.000000	0.006622
249	0.000000	0.000000	0.000000	0.077465	0.915671	0.000596	0.000014	0.000000	0.006254
250	0.000000	0.000000	0.000000	0.077892	0.915433	0.000620	0.000008	0.000000	0.006047
251	0.000000	0.000000	0.000000	0.077927	0.915648	0.000646	0.000008	0.000000	0.005771
252	0.000000	0.000000	0.000000	0.077876	0.915959	0.000633	0.000012	0.000000	0.005520
253	0.000000	0.000000	0.000000	0.077992	0.916056	0.000641	0.000010	0.000000	0.005301
254	0.000000	0.000000	0.000000	0.077973	0.916290	0.000588	0.000009	0.000000	0.005140
255	0.000000	0.000000	0.000000	0.078014	0.916461	0.000588	0.000003	0.000000	0.004934
256	0.000000	0.000000	0.000000	0.077852	0.916703	0.000605	0.000003	0.000000	0.004837
257	0.000000	0.000000	0.000000	0.078126	0.916658	0.000600	0.000001	0.000000	0.004615
258	0.000000	0.000000	0.000000	0.077968	0.917036	0.000579	0.000002	0.000000	0.004415
259	0.000000	0.000000	0.000000	0.078012	0.917214	0.000608	0.000003	0.000000	0.004163
260	0.000000	0.000000	0.000000	0.077780	0.917688	0.000602	0.000003	0.000000	0.003927
261	0.000000	0.000000	0.000000	0.077973	0.917597	0.000609	0.000002	0.000000	0.003819
262	0.000000	0.000000	0.000000	0.078009	0.917792	0.000605	0.000002	0.000000	0.003592
263	0.000000	0.000000	0.000000	0.078307	0.917633	0.000601	0.000001	0.000000	0.003458
264	0.000000	0.000000	0.000000	0.078148	0.917940	0.000619	0.000001	0.000000	0.003292
265	0.000000	0.000000	0.000000	0.077977	0.918241	0.000633	0.000000	0.000000	0.003149
266	0.000000	0.000000	0.000000	0.077685	0.918593	0.000643	0.000000	0.000000	0.003079
267	0.000000	0.000000	0.000000	0.077975	0.918442	0.000636	0.000000	0.000000	0.002947
268	0.000000	0.000000	0.000000	0.077674	0.918811	0.000682	0.000000	0.000000	0.002833
269	0.000000	0.000000	0.000000	0.077489	0.919093	0.000693	0.000000	0.000000	0.002725
270	0.000000	0.000000	0.000000	0.077786	0.918946	0.000651	0.000000	0.000000	0.002617
271	0.000000	0.000000	0.000000	0.078235	0.918592	0.000671	0.000000	0.000000	0.002502
272	0.000000	0.000000	0.000000	0.078307	0.918561	0.000687	0.000000	0.000000	0.002445
273	0.000000	0.000000	0.000000	0.078534	0.918414	0.000679	0.000000	0.000000	0.002373
274	0.000000	0.000000	0.000000	0.078884	0.918176	0.000672	0.000000	0.000000	0.002268
275	0.000000	0.000000	0.000000	0.078975	0.918209	0.000670	0.000000	0.000000	0.002146
276	0.000000	0.000000	0.000000	0.078667	0.918640	0.000652	0.000000	0.000000	0.002041
277	0.000000	0.000000	0.000000	0.078533	0.918782	0.000680	0.000000	0.000000	0.002005
278	0.000000	0.000000	0.000000	0.078292	0.919152	0.000667	0.000000	0.000000	0.001889
279	0.000000	0.000000	0.000000	0.078031	0.919495	0.000642	0.000000	0.000000	0.001832
280	0.000000	0.000000	0.000000	0.078249	0.919364	0.000645	0.000000	0.000000	0.001742
281	0.000000	0.000000	0.000000	0.078533	0.919153	0.000653	0.000000	0.000000	0.001661
282	0.000000	0.000000	0.000000	0.078453	0.919370	0.000622	0.000000	0.000000	0.001555
283	0.000000	0.000000	0.000000	0.078924	0.918993	0.000611	0.000000	0.000000	0.001472
284	0.000000	0.000000	0.000000	0.078795	0.919168	0.000612	0.000000	0.000000	0.001425
285	0.000000	0.000000	0.000000	0.078799	0.919247	0.000606	0.000000	0.000000	0.001348
286	0.000000	0.000000	0.000000	0.078723	0.919399	0.000621	0.000000	0.000000	0.001257
287	0.000000	0.000000	0.000000	0.078580	0.919576	0.000612	0.000000	0.000000	0.001232
288	0.000000	0.000000	0.000000	0.078594	0.919597	0.000623	0.000000	0.000000	0.001186
289	0.000000	0.000000	0.000000	0.078759	0.919474	0.000604	0.000000	0.000000	0.001163
290	0.000000	0.000000	0.000000	0.078570	0.919692	0.000591	0.000000	0.000000	0.001147
291	0.000000	0.000000	0.000000	0.078341	0.919974	0.000618	0.000000	0.000000	0.001067
292	0.000000	0.000000	0.000000	0.078361	0.919994	0.000615	0.000000	0.000000	0.001030
293	0.000000	0.000000	0.000000	0.078440	0.919953	0.000632	0.000000	0.000000	0.000975
294	0.000000	0.000000	0.000000	0.078593	0.919880	0.000605	0.000000	0.000000	0.000922
295	0.000000	0.000000	0.000000	0.078521	0.919985	0.000613	0.000000	0.000000	0.000881
296	0.000000	0.000000	0.000000	0.078756	0.919823	0.000584	0.000000	0.000000	0.000837
297	0.000000	0.000000	0.000000	0.078825	0.919799	0.000588	0.000000	0.000000	0.000788
298	0.000000	0.000000	0.000000	0.078720	0.919982	0.000564	0.000000	0.000000	0.000734
299	0.000000	0.000000	0.000000	0.078743	0.920003	0.000565	0.000000	0.000000	0.000689
300	0.000000	0.000000	0.000000	0.078671	0.920136	0.000551	0.000000	0.000000	0.000642
301	0.000000	0.000000	0.000000	0.078731	0.920071	0.000577	0.000000	0.000000	0.000621
302	0.000000	0.000000	0.000000	0.078745	0.920102	0.000558	0.000000	0.000000	0.000595
303	0.000000	0.000000	0.000000	0.078738	0.920115	0.000563	0.000000	0.000000	0.000584
304	0.000000	0.000000	0.000000	0.078578	0.920253	0.000588	0.000000	0.000000	0.000581
305	0.000000	0.000000	0.000000	0.078676	0.920201	0.000585	0.000000	0.000000	0.000538
306	0.000000	0.000000	0.000000	0.078339	0.920581	0.000588	0.000000	0.000000	0.000492
307	0.000000	0.000000	0.000000	0.078206	0.920750	0.000590	0.000000	0.000000	0.000454
308	0.000000	0.000000	0.000000	0.078245	0.920658	0.000641	0.000000	0.000000	0.000456
309	0.000000	0.000000	0.000000	0.078116	0.920814	0.000625	0.000000	0.000000	0.000445
310	0.000000	0.000000	0.000000	0.078211	0.920755	0.000626	0.000000	0.000000	0.000408
311	0.000000	0.000000	0.000000	0.078122	0.920849	0.000658	0.000000	0.000000	0.000371
312	0.000000	0.000000	0.000000	0.078037	0.920943	0.000667	0.000000	0.000000	0.000353
313	0.000000	0.000000	0.000000	0.077703	0.921325	0.000642	0.000000	0.000000	0.000330
314	0.000000	0.000000	0.000000	0.077873	0.921147	0.000668	0.000000	0.000000	0.000312
315	0.000000	0.000000	0.000000	0.077842	0.921192	0.000666	0.000000	0.000000	0.000300
316	0.000000	0.000000	0.000000	0.078052	0.920997	0.000666	0.000000	0.000000	0.000285
317	0.000000	0.000000	0.000000	0.078066	0.921000	0.000649	0.000000	0.000000	0.000285
318	0.000000	0.000000	0.000000	0.078129	0.920954	0.000650	0.000000	0.000000	0.000267
319	0.000000	0.000000	0.000000	0.078276	0.920787	0.000670	0.000000	0.000000	0.000267
320	0.000000	0.000000	0.000000	0.078481	0.920579	0.000675	0.000000	0.000000	0.000265
321	0.000000	0.000000	0.000000	0.078492	0.920602	0.000655	0.000000	0.000000	0.000251
322	0.000000	0.000000	0.000000	0.078457	0.920630	0.000676	0.000000	0.000000	0.000237
323	0.000000	0.000000	0.000000	0.078562	0.920495	0.000713	0.000000	0.000000	0.000230
324	0.000000	0.000000	0.000000	0.078362	0.920704	0.000706	0.000000	0.000000	0.000228
325	0.000000	0.000000	0.000000	0.078448	0.920613	0.000726	0.000000	0.000000	0.000213
326	0.000000	0.000000	0.000000	0.078745	0.920349	0.000711	0.000000	0.000000	0.000195
327	0.000000	0.000000	0.000000	0.078604	0.920493	0.000707	0.000000	0.000000	0.000196
328	0.000000	0.000000	0.000000	0.078453	0.920651	0.000703	0.000000	0.000000	0.000193
329	0.000000	0.000000	0.000000	0.078587	0.920503	0.000727	0.000000	0.000000	0.000183
330	0.000000	0.000000	0.000000	0.078659	0.920418	0.000745	0.000000	0.000000	0.000178
331	0.000000	0.000000	0.000000	0.078622	0.920476	0.000732	0.000000	0.000000	0.000170
332	0.000000	0.000000	0.000000	0.078817	0.920272	0.000738	0.000000	0.000000	0.000173
333	0.000000	0.000000	0.000000	0.078539	0.920505	0.000792	0.000000	0.000000	0.000164
334	0.000000	0.000000	0.000000	0.078418	0.920587	0.000833	0.000000	0.000000	0.000162
335	0.000000	0.000000	0.000000	0.078756	0.920284	0.000802	0.000000	0.000000	0.000158
336	0.000000	0.000000	0.000000	0.078667	0.920370	0.000819	0.000000	0.000000	0.000144
337	0.000000	0.000000	0.000000	0.078682	0.920355	0.000819	0.000000	0.000000	0.000144
338	0.000000	0.000000	0.000000	0.078715	0.920334	0.000815	0.000000	0.000000	0.000136
339	0.000000	0.000000	0.000000	0.078482	0.920563	0.000814	0.000000	0.000000	0.000141
340	0.000000	0.000000	0.000000	0.078432	0.920618	0.000833	0.000000	0.000000	0.000117
341	0.000000	0.000000	0.000000	0.078683	0.920369	0.000838	0.000000	0.000000	0.000110
342	0.000000	0.000000	0.000000	0.078326	0.920710	0.000853	0.000000	0.000000	0.000111
343	0.000000	0.000000	0.000000	0.078319	0.920727	0.000850	0.000000	0.000000	0.000104
344	0.000000	0.000000	0.000000	0.078372	0.920706	0.000813	0.000000	0.000000	0.000109
345	0.000000	0.000000	0.000000	0.078396	0.920680	0.000817	0.000000	0.000000	0.000107
346	0.000000	0.000000	0.000000	0.078086	0.920980	0.000828	0.000000	0.000000	0.000106
347	0.000000	0.000000	0.000000	0.077841	0.921244	0.000815	0.000000	0.000000	0.000100
348	0.000000	0.000000	0.000000	0.078068	0.921031	0.000801	0.000000	0.000000	0.000100
349	0.000000	0.000000	0.000000	0.077814	0.921302	0.000789	0.000000	0.000000	0.000095
350	0.000000	0.000000	0.000000	0.077874	0.921240	0.000793	0.000000	0.000000	0.000093
351	0.000000	0.000000	0.000000	0.078262	0.920856	0.000785	0.000000	0.000000	0.000097
352	0.000000	0.000000	0.000000	0.078088	0.921062	0.000780	0.000000	0.000000	0.000070
353	0.000000	0.000000	0.000000	0.078023	0.921142	0.000767	0.000000	0.000000	0.000068
354	0.000000	0.000000	0.000000	0.077959	0.921217	0.000758	0.000000	0.000000	0.000066
355	0.000000	0.000000	0.000000	0.078265	0.920938	0.000737	0.000000	0.000000	0.000060
356	0.000000	0.000000	0.000000	0.078131	0.921070	0.000747	0.000000	0.000000	0.000052
357	0.000000	0.000000	0.000000	0.078014	0.921232	0.000691	0.000000	0.000000	0.000063
358	0.000000	0.000000	0.000000	0.077573	0.921667	0.000701	0.000000	0.000000	0.000059
359	0.000000	0.000000	0.000000	0.077648	0.921608	0.000685	0.000000	0.000000	0.000059
360	0.000000	0.000000	0.000000	0.077724	0.921545	0.000673	0.000000	0.000000	0.000058
361	0.000000	0.000000	0.000000	0.077558	0.921673	0.000707	0.000000	0.000000	0.000062
362	0.000000	0.000000	0.000000	0.077689	0.921524	0.000733	0.000000	0.000000	0.000054
363	0.000000	0.000000	0.000000	0.077763	0.921461	0.000726	0.000000	0.000000	0.000050
364	0.000000	0.000000	0.000000	0.077847	0.921406	0.000702	0.000000	0.000000	0.000045
365	0.000000	0.000000	0.000000	0.078015	0.921227	0.000716	0.000000	0.000000	0.000042
366	0.000000	0.000000	0.000000	0.077916	0.921327	0.000711	0.000000	0.000000	0.000046
367	0.000000	0.000000	0.000000	0.077906	0.921344	0.000705	0.000000	0.000000	0.000045
368	0.000000	0.000000	0.000000	0.077967	0.921270	0.000712	0.000000	0.000000	0.000051
369	0.000000	0.000000	0.000000	0.078263	0.920960	0.000732	0.000000	0.000000	0.000045
370	0.000000	0.000000	0.000000	0.078289	0.920991	0.000677	0.000000	0.000000	0.000043
371	0.000000	0.000000	0.000000	0.078492	0.920755	0.000716	0.000000	0.000000	0.000037
372	0.000000	0.000000	0.000000	0.078346	0.920889	0.000730	0.000000	0.000000	0.000035
373	0.000000	0.000000	0.000000	0.077931	0.921314	0.000720	0.000000	0.000000	0.000035
374	0.000000	0.000000	0.000000	0.078203	0.921051	0.000714	0.000000	0.000000	0.000032
375	0.000000	0.000000	0.000000	0.078453	0.920788	0.000722	0.000000	0.000000	0.000037
376	0.000000	0.000000	0.000000	0.078284	0.920980	0.000701	0.000000	0.000000	0.000035
377	0.000000	0.000000	0.000000	0.078332	0.920955	0.000671	0.000000	0.000000	0.000042
378	0.000000	0.000000	0.000000	0.078280	0.920975	0.000700	0.000000	0.000000	0.000045
379	0.000000	0.000000	0.000000	0.078051	0.921223	0.000687	0.000000	0.000000	0.000039
380	0.000000	0.000000	0.000000	0.077898	0.921377	0.000687	0.000000	0.000000	0.000038
381	0.000000	0.000000	0.000000	0.078252	0.921018	0.000689	0.000000	0.000000	0.000041
382	0.000000	0.000000	0.000000	0.078181	0.921108	0.000673	0.000000	0.000000	0.000038
383	0.000000	0.000000	0.000000	0.077758	0.921517	0.000683	0.000000	0.000000	0.000042
384	0.000000	0.000000	0.000000	0.077681	0.921613	0.000667	0.000000	0.000000	0.000039
385	0.000000	0.000000	0.000000	0.077556	0.921739	0.000670	0.000000	0.000000	0.000035
386	0.000000	0.000000	0.000000	0.077448	0.921873	0.000646	0.000000	0.000000	0.000033
387	0.000000	0.000000	0.000000	0.077224	0.922088	0.000658	0.000000	0.000000	0.000030
388	0.000000	0.000000	0.000000	0.077121	0.922204	0.000649	0.000000	0.000000	0.000026
389	0.000000	0.000000	0.000000	0.077249	0.922044	0.000687	0.000000	0.000000	0.000020
390	0.000000	0.000000	0.000000	0.077107	0.922187	0.000681	0.000000	0.000000	0.000025
391	0.000000	0.000000	0.000000	0.077206	0.922099	0.000671	0.000000	0.000000	0.000024
392	0.000000	0.000000	0.000000	0.077075	0.922219	0.000679	0.000000	0.000000	0.000027
393	0.000000	0.000000	0.000000	0.077000	0.922298	0.000675	0.000000	0.000000	0.000027
394	0.000000	0.000000	0.000000	0.077473	0.921826	0.000672	0.000000	0.000000	0.000029
395	0.000000	0.000000	0.000000	0.077329	0.921988	0.000653	0.000000	0.000000	0.000030
396	0.000000	0.000000	0.000000	0.077349	0.921969	0.000654	0.000000	0.000000	0.000028
397	0.000000	0.000000	0.000000	0.077056	0.922261	0.000657	0.000000	0.000000	0.000026
398	0.000000	0.000000	0.000000	0.076937	0.922409	0.000632	0.000000	0.000000	0.000022
399	0.000000	0.000000	0.000000	0.076669	0.922656	0.000651	0.000000	0.000000	0.000024
400	0.000000	0.000000	0.000000	0.076526	0.922826	0.000626	0.000000	0.000000	0.000022
401	0.000000	0.000000	0.000000	0.076526	0.922828	0.000627	0.000000	0.000000	0.000019
402	0.000000	0.000000	0.000000	0.076276	0.923087	0.000625	0.000000	0.000000	0.000012
403	0.000000	0.000000	0.000000	0.076511	0.922863	0.000613	0.000000	0.000000	0.000013
404	0.000000	0.000000	0.000000	0.076827	0.922585	0.000577	0.000000	0.000000	0.000011
405	0.000000	0.000000	0.000000	0.077002	0.922417	0.000571	0.000000	0.000000	0.000010
406	0.000000	0.000000	0.000000	0.076957	0.922427	0.000607	0.000000	0.000000	0.000009
407	0.000000	0.000000	0.000000	0.076947	0.922472	0.000572	0.000000	0.000000	0.000009
408	0.000000	0.000000	0.000000	0.077063	0.922375	0.000557	0.000000	0.000000	0.000005
409	0.000000	0.000000	0.000000	0.077018	0.922409	0.000568	0.000000	0.000000	0.000005
410	0.000000	0.000000	0.000000	0.077144	0.922290	0.000563	0.000000	0.000000	0.000003
411	0.000000	0.000000	0.000000	0.076946	0.922462	0.000589	0.000000	0.000000	0.000003
412	0.000000	0.000000	0.000000	0.076730	0.922698	0.000567	0.000000	0.000000	0.000005
413	0.000000	0.000000	0.000000	0.076900	0.922523	0.000575	0.000000	0.000000	0.000002
414	0.000000	0.000000	0.000000	0.076844	0.922570	0.000583	0.000000	0.000000	0.000003
415	0.000000	0.000000	0.000000	0.076934	0.922505	0.000560	0.000000	0.000000	0.000001
416	0.000000	0.000000	0.000000	0.077167	0.922257	0.000573	0.000000	0.000000	0.000003
417	0.000000	0.000000	0.000000	0.077230	0.922215	0.000552	0.000000	0.000000	0.000003
418	0.000000	0.000000	0.000000	0.077367	0.922071	0.000558	0.000000	0.000000	0.000004
419	0.000000	0.000000	0.000000	0.077251	0.922207	0.000537	0.000000	0.000000	0.000005
420	0.000000	0.000000	0.000000	0.077307	0.922173	0.000516	0.000000	0.000000	0.000004
421	0.000000	0.000000	0.000000	0.077335	0.922159	0.000501	0.000000	0.000000	0.000005
422	0.000000	0.000000	0.000000	0.077271	0.922185	0.000539	0.000000	0.000000	0.000005
423	0.000000	0.000000	0.000000	0.077234	0.922254	0.000507	0.000000	0.000000	0.000005
424	0.000000	0.000000	0.000000	0.076762	0.922720	0.000515	0.000000	0.000000	0.000003
425	0.000000	0.000000	0.000000	0.076640	0.922825	0.000533	0.000000	0.000000	0.000002
426	0.000000	0.000000	0.000000	0.076424	0.923036	0.000536	0.000000	0.000000	0.000004
427	0.000000	0.000000	0.000000	0.076204	0.923250	0.000542	0.000000	0.000000	0.000004
428	0.000000	0.000000	0.000000	0.076073	0.923403	0.000519	0.000000	0.000000	0.000005
429	0.000000	0.000000	0.000000	0.076164	0.923285	0.000545	0.000000	0.000000	0.000006
430	0.000000	0.000000	0.000000	0.075937	0.923521	0.000538	0.000000	0.000000	0.000004
431	0.000000	0.000000	0.000000	0.075990	0.923457	0.000552	0.000000	0.000000	0.000001
432	0.000000	0.000000	0.000000	0.075934	0.923514	0.000551	0.000000	0.000000	0.000001
433	0.000000	0.000000	0.000000	0.075877	0.923531	0.000592	0.000000	0.000000	0.000000
434	0.000000	0.000000	0.000000	0.075760	0.923651	0.000589	0.000000	0.000000	0.000000
435	0.000000	0.000000	0.000000	0.075714	0.923677	0.000609	0.000000	0.000000	0.000000
436	0.000000	0.000000	0.000000	0.076051	0.923378	0.000571	0.000000	0.000000	0.000000
437	0.000000	0.000000	0.000000	0.075711	0.923734	0.000555	0.000000	0.000000	0.000000
438	0.000000	0.000000	0.000000	0.075805	0.923607	0.000588	0.000000	0.000000	0.000000
439	0.000000	0.000000	0.000000	0.075893	0.923485	0.000622	0.000000	0.000000	0.000000
440	0.000000	0.000000	0.000000	0.075542	0.923859	0.000599	0.000000	0.000000	0.000000
441	0.000000	0.000000	0.000000	0.075497	0.923882	0.000621	0.000000	0.000000	0.000000
442	0.000000	0.000000	0.000000	0.075483	0.923916	0.000601	0.000000	0.000000	0.000000
443	0.000000	0.000000	0.000000	0.075565	0.923855	0.000580	0.000000	0.000000	0.000000
444	0.000000	0.000000	0.000000	0.075523	0.923909	0.000568	0.000000	0.000000	0.000000
445	0.000000	0.000000	0.000000	0.075437	0.923974	0.000589	0.000000	0.000000	0.000000
446	0.000000	0.000000	0.000000	0.075648	0.923758	0.000594	0.000000	0.000000	0.000000
447	0.000000	0.000000	0.000000	0.075495	0.923925	0.000580	0.000000	0.000000	0.000000
448	0.000000	0.000000	0.000000	0.075437	0.924008	0.000555	0.000000	0.000000	0.000000
449	0.000000	0.000000	0.000000	0.075486	0.923928	0.000586	0.000000	0.000000	0.000000
450	0.000000	0.000000	0.000000	0.075695	0.923713	0.000592	0.000000	0.000000	0.000000
451	0.000000	0.000000	0.000000	0.075641	0.923779	0.000580	0.000000	0.000000	0.000000
452	0.000000	0.000000	0.000000	0.075509	0.923880	0.000611	0.000000	0.000000	0.000000
453	0.000000	0.000000	0.000000	0.075733	0.923685	0.000582	0.000000	0.000000	0.000000
454	0.000000	0.000000	0.000000	0.075772	0.923644	0.000584	0.000000	0.000000	0.000000
455	0.000000	0.000000	0.000000	0.075497	0.923892	0.000611	0.000000	0.000000	0.000000
456	0.000000	0.000000	0.000000	0.075388	0.923996	0.000616	0.000000	0.000000	0.000000
457	0.000000	0.000000	0.000000	0.075665	0.923691	0.000644	0.000000	0.000000	0.000000
458	0.000000	0.000000	0.000000	0.075159	0.924197	0.000644	0.000000	0.000000	0.000000
459	0.000000	0.000000	0.000000	0.075478	0.923885	0.000637	0.000000	0.000000	0.000000
460	0.000000	0.000000	0.000000	0.075035	0.924339	0.000626	0.000000	0.000000	0.000000
461	0.000000	0.000000	0.000000	0.075195	0.924155	0.000650	0.000000	0.000000	0.000000
462	0.000000	0.000000	0.000000	0.075282	0.924059	0.000659	0.000000	0.000000	0.000000
463	0.000000	0.000000	0.000000	0.075324	0.924031	0.000645	0.000000	0.000000	0.000000
464	0.000000	0.000000	0.000000	0.075260	0.924121	0.000619	0.000000	0.000000	0.000000
465	0.000000	0.000000	0.000000	0.075142	0.924206	0.000652	0.000000	0.000000	0.000000
466	0.000000	0.000000	0.000000	0.075567	0.923802	0.000631	0.000000	0.000000	0.000000
467	0.000000	0.000000	0.000000	0.075761	0.923605	0.000634	0.000000	0.000000	0.000000
468	0.000000	0.000000	0.000000	0.075811	0.923537	0.000652	0.000000	0.000000	0.000000
469	0.000000	0.000000	0.000000	0.075464	0.923883	0.000653	0.000000	0.000000	0.000000
470	0.000000	0.000000	0.000000	0.075437	0.923929	0.000634	0.000000	0.000000	0.000000
