0	0.290663	0.057897	0.229473	0.157588	0.029913	0.111872	0.085455	0.012259	0.024880
1	0.223000	0.045984	0.194769	0.139362	0.028829	0.121131	0.126182	0.024652	0.096091
2	0.216095	0.044465	0.186958	0.133870	0.029245	0.116618	0.133272	0.025901	0.113576
3	0.216111	0.043309	0.181028	0.129324	0.029826	0.110189	0.137490	0.026022	0.126701
4	0.217212	0.042874	0.175137	0.126235	0.030600	0.103797	0.139126	0.026226	0.138793
5	0.219502	0.042449	0.168959	0.123793	0.031553	0.097041	0.140324	0.026142	0.150237
6	0.222180	0.042153	0.162739	0.120813	0.032941	0.090854	0.140958	0.025445	0.161917
7	0.224332	0.041424	0.156700	0.119131	0.034296	0.084802	0.140615	0.025051	0.173649
8	0.227087	0.040537	0.151205	0.116685	0.036166	0.078939	0.140213	0.024670	0.184498
9	0.230212	0.039655	0.145362	0.114424	0.037960	0.073919	0.139187	0.024068	0.195213
10	0.233400	0.039376	0.139653	0.111755	0.040171	0.068728	0.137930	0.023568	0.205419
11	0.236158	0.038689	0.133769	0.110157	0.041864	0.063991	0.136360	0.023108	0.215904
12	0.238769	0.038430	0.128112	0.108242	0.043897	0.059609	0.134247	0.022613	0.226081
13	0.242277	0.037941	0.122483	0.106472	0.046265	0.055387	0.132290	0.021630	0.235255
14	0.245463	0.037275	0.117116	0.104213	0.048555	0.051593	0.130092	0.020849	0.244844
15	0.248336	0.036886	0.111559	0.102132	0.051048	0.047795	0.127851	0.020163	0.254230
16	0.251375	0.036256	0.106514	0.100151	0.053366	0.044799	0.125166	0.019473	0.262900
17	0.254309	0.035596	0.101531	0.098305	0.055799	0.041661	0.122389	0.018865	0.271545
18	0.257481	0.035006	0.096623	0.096386	0.058645	0.038634	0.119389	0.018173	0.279663
19	0.260351	0.034326	0.091785	0.094686	0.061165	0.035851	0.116437	0.017434	0.287965
20	0.262624	0.033837	0.087264	0.093166	0.064075	0.033076	0.113229	0.016932	0.295797
21	0.265163	0.033158	0.082980	0.091609	0.066836	0.030695	0.109757	0.016459	0.303343
22	0.267247	0.032517	0.078796	0.089611	0.070179	0.028365	0.107231	0.015735	0.310319
23	0.269230	0.031808	0.074331	0.088001	0.073215	0.026375	0.104554	0.015272	0.317214
24	0.270987	0.031370	0.070540	0.086234	0.076351	0.024463	0.101457	0.014701	0.323897
25	0.272455	0.030777	0.067090	0.084296	0.079701	0.022922	0.098074	0.014165	0.330520
26	0.274742	0.030168	0.063279	0.082370	0.083197	0.021216	0.095428	0.013403	0.336197
27	0.275642	0.029263	0.059633	0.080754	0.086851	0.019855	0.092537	0.013118	0.342347
28	0.276629	0.028842	0.056518	0.078887	0.090422	0.018547	0.089577	0.012725	0.347853
29	0.277836	0.028265	0.052932	0.077118	0.094123	0.017022	0.087514	0.012043	0.353147
30	0.278559	0.027719	0.049964	0.075297	0.097680	0.015742	0.084610	0.011611	0.358818
31	0.278763	0.027156	0.047050	0.073890	0.101518	0.014662	0.081846	0.011173	0.363942
32	0.278948	0.026629	0.044084	0.072493	0.105904	0.013859	0.079514	0.010825	0.367744
33	0.279614	0.025983	0.041505	0.070945	0.110221	0.012737	0.077021	0.010111	0.371863
34	0.280298	0.025536	0.039019	0.069385	0.114484	0.011722	0.074166	0.009851	0.375539
35	0.280693	0.024834	0.036345	0.068168	0.118235	0.010896	0.071456	0.009489	0.379884
36	0.281456	0.024242	0.034163	0.066644	0.122354	0.010081	0.068899	0.008996	0.383165
37	0.280761	0.023509	0.032505	0.065407	0.126731	0.009353	0.066116	0.008494	0.387124
38	0.279692	0.022857	0.030246	0.063969	0.131291	0.008665	0.064156	0.008106	0.391018
39	0.279180	0.022205	0.028203	0.062425	0.135878	0.008123	0.061779	0.007785	0.394422
40	0.277661	0.021742	0.026352	0.061330	0.140863	0.007582	0.059216	0.007306	0.397948
41	0.276891	0.021164	0.025039	0.060185	0.145387	0.006981	0.056901	0.006927	0.400525
42	0.275523	0.020697	0.023371	0.059201	0.150466	0.006527	0.054458	0.006579	0.403178
43	0.274350	0.020141	0.021851	0.058054	0.155086	0.005990	0.052482	0.006264	0.405782
44	0.272962	0.019867	0.020522	0.056847	0.159984	0.005589	0.050306	0.005953	0.407970
45	0.271476	0.019114	0.019230	0.055908	0.165146	0.005154	0.048353	0.005836	0.409783
46	0.270293	0.018269	0.017979	0.054624	0.170398	0.004832	0.046663	0.005546	0.411396
47	0.268491	0.017600	0.016685	0.053579	0.175583	0.004628	0.044991	0.005288	0.413155
48	0.266711	0.017102	0.015634	0.052468	0.180340	0.004271	0.043245	0.005039	0.415190
49	0.265183	0.016574	0.014421	0.051437	0.185995	0.004014	0.041866	0.004828	0.415682
50	0.262477	0.016071	0.013631	0.050235	0.191228	0.003783	0.040464	0.004645	0.417466
51	0.259886	0.015761	0.012591	0.049458	0.196760	0.003593	0.038729	0.004253	0.418969
52	0.257370	0.015232	0.012049	0.048773	0.201799	0.003433	0.037253	0.004141	0.419950
53	0.255137	0.014805	0.011237	0.047713	0.207673	0.003225	0.035499	0.003892	0.420819
54	0.252758	0.014353	0.010351	0.046900	0.213279	0.002962	0.034275	0.003776	0.421346
55	0.249790	0.013719	0.009793	0.045931	0.218899	0.002790	0.033193	0.003559	0.422326
56	0.247381	0.013167	0.009009	0.045302	0.224220	0.002662	0.032094	0.003386	0.422779
57	0.244061	0.012748	0.008268	0.044498	0.230530	0.002526	0.030492	0.003219	0.423658
58	0.240777	0.012228	0.007583	0.043981	0.236196	0.002415	0.029418	0.003060	0.424342
59	0.237414	0.011783	0.006878	0.043460	0.242396	0.002281	0.028290	0.002829	0.424669
60	0.234529	0.011384	0.006332	0.042614	0.248338	0.002087	0.027518	0.002705	0.424493
61	0.231511	0.010963	0.005848	0.042130	0.254452	0.001919	0.026411	0.002622	0.424144
62	0.228479	0.010619	0.005307	0.041312	0.260494	0.001888	0.025243	0.002500	0.424158
63	0.225119	0.010298	0.004868	0.040657	0.266759	0.001742	0.024427	0.002404	0.423726
64	0.221621	0.009825	0.004568	0.040078	0.272618	0.001655	0.023529	0.002302	0.423804
65	0.218088	0.009332	0.004165	0.039396	0.279119	0.001532	0.022697	0.002172	0.423499
66	0.214806	0.009027	0.003965	0.038885	0.285144	0.001420	0.021826	0.002082	0.422845
67	0.210716	0.008761	0.003626	0.038239	0.291674	0.001310	0.021235	0.002033	0.422406
68	0.207426	0.008395	0.003418	0.037906	0.297728	0.001250	0.020384	0.001908	0.421585
69	0.203746	0.008070	0.003231	0.036993	0.304571	0.001207	0.019670	0.001785	0.420727
70	0.200249	0.007711	0.003024	0.036501	0.311079	0.001152	0.018986	0.001699	0.419599
71	0.196750	0.007384	0.002832	0.036192	0.317618	0.001030	0.018204	0.001676	0.418314
72	0.192736	0.007247	0.002650	0.035724	0.323922	0.000981	0.017750	0.001657	0.417333
73	0.189168	0.006858	0.002464	0.035443	0.330584	0.000912	0.017093	0.001597	0.415881
74	0.186067	0.006585	0.002265	0.034959	0.337225	0.000892	0.016532	0.001513	0.413962
75	0.182295	0.006360	0.002114	0.034666	0.343721	0.000917	0.016057	0.001542	0.412328
76	0.179394	0.006093	0.001953	0.034440	0.350139	0.000867	0.015360	0.001371	0.410383
77	0.175900	0.005687	0.001806	0.033897	0.356566	0.000846	0.014915	0.001299	0.409084
78	0.172420	0.005414	0.001697	0.033623	0.363097	0.000817	0.014285	0.001258	0.407389
79	0.168668	0.005160	0.001604	0.033475	0.369353	0.000745	0.013743	0.001205	0.406047
80	0.165215	0.004931	0.001518	0.033193	0.375845	0.000709	0.013318	0.001170	0.404101
81	0.161410	0.004676	0.001385	0.032994	0.382447	0.000727	0.012871	0.001137	0.402353
82	0.158164	0.004539	0.001232	0.032614	0.388725	0.000720	0.012495	0.001096	0.400415
83	0.155096	0.004377	0.001100	0.032218	0.395145	0.000692	0.012067	0.001019	0.398286
84	0.151787	0.004227	0.001015	0.031824	0.401779	0.000687	0.011682	0.000967	0.396032
85	0.148410	0.004141	0.000958	0.031440	0.408396	0.000648	0.011424	0.000904	0.393679
86	0.145414	0.003934	0.000878	0.031116	0.414447	0.000606	0.011086	0.000901	0.391618
87	0.142198	0.003728	0.000780	0.030717	0.421131	0.000580	0.010682	0.000848	0.389336
88	0.139042	0.003547	0.000680	0.030371	0.427648	0.000593	0.010410	0.000807	0.386902
89	0.135987	0.003353	0.000609	0.030261	0.434096	0.000530	0.010051	0.000763	0.384350
90	0.132542	0.003210	0.000541	0.029953	0.440771	0.000512	0.009639	0.000739	0.382093
91	0.129292	0.003073	0.000503	0.029671	0.447111	0.000526	0.009221	0.000681	0.379922
92	0.126607	0.002949	0.000450	0.029520	0.453396	0.000502	0.008836	0.000671	0.377069
93	0.123420	0.002806	0.000424	0.029634	0.459428	0.000501	0.008486	0.000652	0.374649
94	0.120371	0.002663	0.000401	0.029391	0.466148	0.000475	0.008282	0.000576	0.371693
95	0.117280	0.002570	0.000326	0.029086	0.472591	0.000487	0.008035	0.000539	0.369086
96	0.114414	0.002378	0.000279	0.028714	0.479369	0.000445	0.007727	0.000529	0.366145
97	0.111155	0.002264	0.000250	0.028590	0.486136	0.000444	0.007404	0.000491	0.363266
98	0.108589	0.002192	0.000204	0.028248	0.492492	0.000434	0.007019	0.000480	0.360342
99	0.105377	0.002113	0.000197	0.028251	0.499324	0.000419	0.006792	0.000478	0.357049
100	0.102744	0.002031	0.000173	0.028096	0.505409	0.000393	0.006537	0.000459	0.354158
101	0.099837	0.001964	0.000172	0.027972	0.511911	0.000395	0.006294	0.000460	0.350995
102	0.096991	0.001879	0.000149	0.027997	0.518239	0.000389	0.006150	0.000450	0.347756
103	0.094022	0.001789	0.000131	0.027979	0.524374	0.000355	0.005946	0.000410	0.344994
104	0.091337	0.001741	0.000136	0.027832	0.530402	0.000376	0.005697	0.000403	0.342076
105	0.089093	0.001708	0.000141	0.027504	0.536807	0.000357	0.005516	0.000388	0.338486
106	0.086549	0.001625	0.000136	0.027703	0.542888	0.000360	0.005392	0.000377	0.334970
107	0.083901	0.001572	0.000133	0.027503	0.549305	0.000343	0.005210	0.000367	0.331666
108	0.081514	0.001476	0.000125	0.027342	0.555430	0.000343	0.005062	0.000350	0.328358
109	0.078681	0.001420	0.000124	0.027467	0.561620	0.000357	0.004870	0.000357	0.325104
110	0.076638	0.001350	0.000127	0.027197	0.567556	0.000341	0.004678	0.000330	0.321783
111	0.074112	0.001311	0.000114	0.027098	0.573639	0.000329	0.004570	0.000329	0.318498
112	0.072084	0.001240	0.000099	0.026817	0.579426	0.000327	0.004453	0.000304	0.315250
113	0.069522	0.001208	0.000090	0.026681	0.585667	0.000338	0.004278	0.000315	0.311901
114	0.067313	0.001133	0.000079	0.026438	0.591260	0.000331	0.004056	0.000305	0.309085
115	0.065120	0.001105	0.000062	0.026475	0.596801	0.000340	0.003885	0.000292	0.305920
116	0.063153	0.001005	0.000056	0.026253	0.602434	0.000327	0.003777	0.000263	0.302732
117	0.061136	0.000944	0.000043	0.025946	0.608322	0.000319	0.003642	0.000263	0.299385
118	0.059063	0.000913	0.000040	0.025828	0.614071	0.000297	0.003488	0.000252	0.296048
119	0.057353	0.000854	0.000034	0.026022	0.619202	0.000324	0.003320	0.000245	0.292646
120	0.055431	0.000811	0.000033	0.026015	0.624637	0.000315	0.003180	0.000228	0.289350
121	0.053526	0.000776	0.000023	0.026011	0.630142	0.000311	0.003090	0.000206	0.285915
122	0.052035	0.000744	0.000025	0.026135	0.634432	0.000304	0.002960	0.000205	0.283160
123	0.050273	0.000692	0.000022	0.026174	0.640028	0.000288	0.002844	0.000176	0.279503
124	0.048488	0.000642	0.000010	0.026135	0.645225	0.000296	0.002780	0.000169	0.276255
125	0.046548	0.000622	0.000009	0.026084	0.650664	0.000276	0.002652	0.000169	0.272976
126	0.044822	0.000589	0.000007	0.026155	0.656022	0.000292	0.002579	0.000159	0.269375
127	0.043186	0.000569	0.000004	0.026179	0.660888	0.000275	0.002424	0.000159	0.266316
128	0.041821	0.000534	0.000004	0.026022	0.665790	0.000299	0.002352	0.000156	0.263022
129	0.040192	0.000533	0.000003	0.026075	0.671082	0.000281	0.002260	0.000157	0.259417
130	0.038851	0.000530	0.000003	0.026023	0.676151	0.000296	0.002159	0.000147	0.255840
131	0.037642	0.000521	0.000001	0.025970	0.681339	0.000274	0.002081	0.000148	0.252024
132	0.036151	0.000473	0.000002	0.025893	0.686222	0.000261	0.001987	0.000147	0.248864
133	0.034857	0.000486	0.000004	0.025860	0.691036	0.000244	0.001916	0.000130	0.245467
134	0.033448	0.000477	0.000004	0.025977	0.695605	0.000283	0.001829	0.000121	0.242256
135	0.032110	0.000440	0.000003	0.025909	0.700001	0.000269	0.001776	0.000105	0.239387
136	0.031014	0.000404	0.000002	0.026068	0.704591	0.000238	0.001716	0.000100	0.235867
137	0.029941	0.000395	0.000001	0.026182	0.708663	0.000243	0.001645	0.000097	0.232833
138	0.028616	0.000365	0.000001	0.026190	0.713498	0.000235	0.001546	0.000100	0.229449
139	0.027573	0.000356	0.000000	0.025956	0.718079	0.000254	0.001524	0.000089	0.226169
140	0.026243	0.000351	0.000000	0.025835	0.722674	0.000261	0.001481	0.000100	0.223055
141	0.025377	0.000348	0.000000	0.025961	0.726924	0.000257	0.001449	0.000094	0.219590
142	0.024345	0.000325	0.000000	0.025961	0.731025	0.000260	0.001372	0.000099	0.216613
143	0.023397	0.000295	0.000000	0.025839	0.735123	0.000255	0.001342	0.000090	0.213659
144	0.022317	0.000296	0.000000	0.025695	0.739571	0.000270	0.001324	0.000085	0.210442
145	0.021415	0.000265	0.000000	0.025682	0.743391	0.000274	0.001291	0.000086	0.207596
146	0.020726	0.000244	0.000000	0.025601	0.747611	0.000269	0.001225	0.000105	0.204219
147	0.019860	0.000231	0.000000	0.025587	0.751510	0.000286	0.001232	0.000096	0.201198
148	0.019089	0.000238	0.000000	0.025547	0.755639	0.000272	0.001169	0.000081	0.197965
149	0.018340	0.000211	0.000000	0.025367	0.759994	0.000261	0.001130	0.000088	0.194609
150	0.017803	0.000200	0.000000	0.025248	0.764065	0.000231	0.001103	0.000096	0.191254
151	0.017162	0.000180	0.000000	0.025304	0.767806	0.000210	0.001062	0.000083	0.188193
152	0.016437	0.000177	0.000000	0.025253	0.771558	0.000218	0.001038	0.000090	0.185229
153	0.015719	0.000170	0.000000	0.025040	0.775601	0.000221	0.001036	0.000089	0.182124
154	0.015174	0.000169	0.000000	0.024871	0.779302	0.000230	0.001007	0.000088	0.179159
155	0.014614	0.000172	0.000000	0.024774	0.782933	0.000250	0.000987	0.000085	0.176185
156	0.014001	0.000183	0.000000	0.024736	0.786562	0.000265	0.000947	0.000081	0.173225
157	0.013456	0.000166	0.000000	0.024681	0.790106	0.000260	0.000898	0.000078	0.170355
158	0.012864	0.000154	0.000000	0.024548	0.793465	0.000285	0.000901	0.000072	0.167711
159	0.012280	0.000132	0.000000	0.024283	0.797309	0.000257	0.000838	0.000070	0.164831
160	0.011771	0.000128	0.000000	0.024309	0.800612	0.000269	0.000751	0.000079	0.162081
161	0.011054	0.000114	0.000000	0.024420	0.804019	0.000239	0.000739	0.000076	0.159339
162	0.010662	0.000107	0.000000	0.024153	0.807427	0.000243	0.000750	0.000066	0.156592
163	0.010066	0.000103	0.000000	0.024225	0.810428	0.000241	0.000719	0.000060	0.154158
164	0.009619	0.000105	0.000000	0.024131	0.813823	0.000243	0.000693	0.000067	0.151319
165	0.009330	0.000096	0.000000	0.024387	0.816694	0.000241	0.000656	0.000066	0.148530
166	0.008780	0.000085	0.000000	0.024332	0.819848	0.000237	0.000632	0.000058	0.146028
167	0.008510	0.000076	0.000000	0.024530	0.822626	0.000253	0.000607	0.000050	0.143348
168	0.008064	0.000065	0.000000	0.024568	0.825947	0.000231	0.000610	0.000049	0.140466
169	0.007715	0.000055	0.000000	0.024530	0.828770	0.000226	0.000555	0.000055	0.138094
170	0.007409	0.000049	0.000000	0.024577	0.831663	0.000212	0.000544	0.000050	0.135496
171	0.007054	0.000045	0.000000	0.024611	0.834570	0.000236	0.000515	0.000039	0.132930
172	0.006674	0.000043	0.000000	0.024374	0.837702	0.000208	0.000515	0.000042	0.130442
173	0.006330	0.000044	0.000000	0.024205	0.840665	0.000220	0.000515	0.000041	0.127980
174	0.006003	0.000039	0.000000	0.024170	0.843396	0.000228	0.000491	0.000043	0.125630
175	0.005741	0.000030	0.000000	0.023997	0.846134	0.000228	0.000486	0.000048	0.123336
176	0.005445	0.000028	0.000000	0.023890	0.848895	0.000220	0.000419	0.000046	0.121057
177	0.005228	0.000018	0.000000	0.023947	0.851236	0.000214	0.000405	0.000044	0.118908
178	0.004993	0.000017	0.000000	0.023824	0.853937	0.000210	0.000387	0.000046	0.116586
179	0.004699	0.000014	0.000000	0.023744	0.856744	0.000185	0.000380	0.000050	0.114184
180	0.004519	0.000008	0.000000	0.023832	0.859184	0.000213	0.000370	0.000048	0.111826
181	0.004239	0.000009	0.000000	0.023643	0.861746	0.000198	0.000345	0.000059	0.109761
182	0.004065	0.000006	0.000000	0.023762	0.863904	0.000188	0.000330	0.000062	0.107683
183	0.003946	0.000010	0.000000	0.023694	0.866383	0.000190	0.000309	0.000064	0.105404
184	0.003705	0.000010	0.000000	0.023707	0.868684	0.000187	0.000276	0.000059	0.103372
185	0.003516	0.000006	0.000000	0.023737	0.870732	0.000175	0.000261	0.000057	0.101516
186	0.003323	0.000005	0.000000	0.023799	0.872880	0.000164	0.000263	0.000065	0.099501
187	0.003165	0.000008	0.000000	0.023791	0.875052	0.000147	0.000267	0.000067	0.097503
188	0.002967	0.000004	0.000000	0.023790	0.877421	0.000140	0.000222	0.000071	0.095385
189	0.002785	0.000005	0.000000	0.023761	0.879468	0.000140	0.000191	0.000069	0.093581
190	0.002590	0.000002	0.000000	0.023820	0.881472	0.000154	0.000186	0.000067	0.091709
191	0.002519	0.000001	0.000000	0.023828	0.883462	0.000153	0.000166	0.000069	0.089802
192	0.002354	0.000001	0.000000	0.023903	0.885403	0.000159	0.000143	0.000069	0.087968
193	0.002258	0.000001	0.000000	0.023896	0.887471	0.000143	0.000127	0.000054	0.086050
194	0.002075	0.000001	0.000000	0.023759	0.889626	0.000158	0.000127	0.000048	0.084206
195	0.001984	0.000000	0.000000	0.023503	0.891827	0.000147	0.000118	0.000041	0.082380
196	0.001871	0.000000	0.000000	0.023780	0.893443	0.000149	0.000098	0.000042	0.080617
197	0.001816	0.000000	0.000000	0.023992	0.894925	0.000147	0.000098	0.000037	0.078985
198	0.001647	0.000000	0.000000	0.023988	0.896959	0.000136	0.000107	0.000038	0.077125
199	0.001550	0.000000	0.000000	0.023892	0.898805	0.000143	0.000106	0.000045	0.075459
200	0.001427	0.000000	0.000000	0.023776	0.900801	0.000141	0.000102	0.000051	0.073702
201	0.001282	0.000000	0.000000	0.023745	0.902668	0.000131	0.000090	0.000048	0.072036
202	0.001213	0.000000	0.000000	0.023764	0.904208	0.000135	0.000094	0.000041	0.070545
203	0.001114	0.000000	0.000000	0.023834	0.905638	0.000124	0.000085	0.000037	0.069168
204	0.001018	0.000000	0.000000	0.023885	0.907395	0.000144	0.000083	0.000032	0.067443
205	0.000940	0.000000	0.000000	0.023918	0.908918	0.000137	0.000080	0.000027	0.065980
206	0.000882	0.000000	0.000000	0.023825	0.910652	0.000141	0.000079	0.000031	0.064390
207	0.000849	0.000000	0.000000	0.023884	0.912021	0.000151	0.000066	0.000033	0.062996
208	0.000797	0.000000	0.000000	0.023881	0.913564	0.000141	0.000072	0.000032	0.061513
209	0.000710	0.000000	0.000000	0.024114	0.914602	0.000127	0.000070	0.000034	0.060343
210	0.000662	0.000000	0.000000	0.024228	0.916031	0.000127	0.000064	0.000031	0.058857
211	0.000584	0.000000	0.000000	0.024175	0.917535	0.000131	0.000068	0.000030	0.057477
212	0.000552	0.000000	0.000000	0.024227	0.918777	0.000123	0.000060	0.000035	0.056226
213	0.000544	0.000000	0.000000	0.024303	0.920013	0.000113	0.000053	0.000034	0.054940
214	0.000495	0.000000	0.000000	0.024433	0.921254	0.000125	0.000044	0.000028	0.053621
215	0.000475	0.000000	0.000000	0.024456	0.922621	0.000125	0.000046	0.000030	0.052247
216	0.000446	0.000000	0.000000	0.024402	0.924023	0.000116	0.000038	0.000023	0.050952
217	0.000430	0.000000	0.000000	0.024347	0.925147	0.000130	0.000045	0.000018	0.049883
218	0.000407	0.000000	0.000000	0.024567	0.926286	0.000119	0.000043	0.000017	0.048561
219	0.000387	0.000000	0.000000	0.024533	0.927309	0.000118	0.000046	0.000016	0.047591
220	0.000325	0.000000	0.000000	0.024566	0.928532	0.000122	0.000043	0.000020	0.046392
221	0.000311	0.000000	0.000000	0.024865	0.929101	0.000110	0.000040	0.000012	0.045561
222	0.000275	0.000000	0.000000	0.024727	0.930451	0.000111	0.000041	0.000012	0.044383
223	0.000273	0.000000	0.000000	0.024555	0.931732	0.000113	0.000043	0.000009	0.043275
224	0.000262	0.000000	0.000000	0.024520	0.932803	0.000127	0.000039	0.000013	0.042236
225	0.000261	0.000000	0.000000	0.024537	0.934113	0.000127	0.000043	0.000017	0.040902
226	0.000249	0.000000	0.000000	0.024442	0.935224	0.000127	0.000041	0.000017	0.039900
227	0.000218	0.000000	0.000000	0.024343	0.936239	0.000118	0.000036	0.000021	0.039025
228	0.000213	0.000000	0.000000	0.024275	0.937444	0.000130	0.000034	0.000017	0.037887
229	0.000216	0.000000	0.000000	0.024316	0.938404	0.000124	0.000031	0.000014	0.036895
230	0.000195	0.000000	0.000000	0.024351	0.939103	0.000130	0.000025	0.000012	0.036184
231	0.000169	0.000000	0.000000	0.024378	0.940040	0.000130	0.000033	0.000014	0.035236
232	0.000167	0.000000	0.000000	0.024410	0.940830	0.000121	0.000029	0.000015	0.034428
233	0.000160	0.000000	0.000000	0.024409	0.941691	0.000129	0.000029	0.000018	0.033564
234	0.000146	0.000000	0.000000	0.024400	0.942613	0.000117	0.000029	0.000016	0.032679
235	0.000139	0.000000	0.000000	0.024414	0.943476	0.000129	0.000033	0.000020	0.031789
236	0.000130	0.000000	0.000000	0.024551	0.944097	0.000139	0.000037	0.000020	0.031026
237	0.000132	0.000000	0.000000	0.024403	0.944969	0.000146	0.000028	0.000024	0.030298
238	0.000115	0.000000	0.000000	0.024534	0.945452	0.000136	0.000032	0.000024	0.029707
239	0.000099	0.000000	0.000000	0.024428	0.946468	0.000143	0.000026	0.000026	0.028810
240	0.000096	0.000000	0.000000	0.024514	0.946878	0.000138	0.000027	0.000030	0.028317
241	0.000084	0.000000	0.000000	0.024470	0.947803	0.000143	0.000027	0.000033	0.027440
242	0.000070	0.000000	0.000000	0.024568	0.948356	0.000132	0.000031	0.000029	0.026814
243	0.000062	0.000000	0.000000	0.024651	0.949102	0.000146	0.000028	0.000024	0.025987
244	0.000067	0.000000	0.000000	0.024700	0.949597	0.000144	0.000026	0.000030	0.025436
245	0.000047	0.000000	0.000000	0.024997	0.949947	0.000152	0.000022	0.000032	0.024803
246	0.000052	0.000000	0.000000	0.025052	0.950504	0.000174	0.000021	0.000038	0.024159
247	0.000052	0.000000	0.000000	0.025110	0.951035	0.000156	0.000019	0.000036	0.023592
248	0.000052	0.000000	0.000000	0.025111	0.951646	0.000159	0.000025	0.000031	0.022976
249	0.000043	0.000000	0.000000	0.025145	0.952248	0.000147	0.000020	0.000029	0.022368
250	0.000042	0.000000	0.000000	0.025181	0.952805	0.000150	0.000022	0.000036	0.021764
251	0.000044	0.000000	0.000000	0.025184	0.953337	0.000147	0.000014	0.000029	0.021245
252	0.000040	0.000000	0.000000	0.025230	0.953806	0.000157	0.000011	0.000027	0.020729
253	0.000028	0.000000	0.000000	0.025218	0.954409	0.000144	0.000008	0.000024	0.020169
254	0.000023	0.000000	0.000000	0.025131	0.955050	0.000140	0.000006	0.000026	0.019624
255	0.000018	0.000000	0.000000	0.025194	0.955543	0.000145	0.000005	0.000025	0.019070
256	0.000018	0.000000	0.000000	0.025099	0.956268	0.000166	0.000003	0.000022	0.018424
257	0.000017	0.000000	0.000000	0.025112	0.956741	0.000159	0.000004	0.000021	0.017946
258	0.000014	0.000000	0.000000	0.025227	0.957129	0.000149	0.000004	0.000023	0.017454
259	0.000012	0.000000	0.000000	0.025440	0.957438	0.000149	0.000005	0.000018	0.016938
260	0.000010	0.000000	0.000000	0.025410	0.957967	0.000154	0.000003	0.000021	0.016435
261	0.000007	0.000000	0.000000	0.025427	0.958435	0.000158	0.000002	0.000019	0.015952
262	0.000006	0.000000	0.000000	0.025481	0.958781	0.000161	0.000003	0.000020	0.015548
263	0.000006	0.000000	0.000000	0.025360	0.959305	0.000145	0.000003	0.000022	0.015159
264	0.000003	0.000000	0.000000	0.025257	0.959771	0.000152	0.000004	0.000026	0.014787
265	0.000002	0.000000	0.000000	0.025039	0.960408	0.000154	0.000002	0.000031	0.014364
266	0.000002	0.000000	0.000000	0.024800	0.960971	0.000152	0.000001	0.000028	0.014046
267	0.000003	0.000000	0.000000	0.024897	0.961255	0.000154	0.000000	0.000025	0.013666
268	0.000000	0.000000	0.000000	0.024798	0.961730	0.000137	0.000001	0.000028	0.013306
269	0.000000	0.000000	0.000000	0.024857	0.962019	0.000135	0.000000	0.000020	0.012969
270	0.000000	0.000000	0.000000	0.025052	0.962144	0.000151	0.000000	0.000014	0.012639
271	0.000000	0.000000	0.000000	0.025235	0.962317	0.000161	0.000000	0.000013	0.012274
272	0.000000	0.000000	0.000000	0.025224	0.962575	0.000172	0.000000	0.000014	0.012015
273	0.000000	0.000000	0.000000	0.025197	0.962888	0.000157	0.000000	0.000007	0.011751
274	0.000000	0.000000	0.000000	0.025228	0.963202	0.000156	0.000000	0.000005	0.011409
275	0.000000	0.000000	0.000000	0.025286	0.963516	0.000152	0.000000	0.000004	0.011042
276	0.000000	0.000000	0.000000	0.025464	0.963642	0.000153	0.000000	0.000004	0.010737
277	0.000000	0.000000	0.000000	0.025509	0.963837	0.000153	0.000000	0.000002	0.010499
278	0.000000	0.000000	0.000000	0.025468	0.964202	0.000150	0.000000	0.000001	0.010179
279	0.000000	0.000000	0.000000	0.025465	0.964579	0.000147	0.000000	0.000000	0.009809
280	0.000000	0.000000	0.000000	0.025358	0.964932	0.000139	0.000000	0.000000	0.009571
281	0.000000	0.000000	0.000000	0.025182	0.965341	0.000144	0.000000	0.000000	0.009333
282	0.000000	0.000000	0.000000	0.025167	0.965613	0.000149	0.000000	0.000000	0.009071
283	0.000000	0.000000	0.000000	0.025044	0.965996	0.000146	0.000000	0.000000	0.008814
284	0.000000	0.000000	0.000000	0.024987	0.966259	0.000151	0.000000	0.000000	0.008603
285	0.000000	0.000000	0.000000	0.024991	0.966523	0.000142	0.000000	0.000000	0.008344
286	0.000000	0.000000	0.000000	0.025110	0.966724	0.000134	0.000000	0.000000	0.008032
287	0.000000	0.000000	0.000000	0.025007	0.967030	0.000144	0.000000	0.000000	0.007819
288	0.000000	0.000000	0.000000	0.024895	0.967412	0.000134	0.000000	0.000000	0.007559
289	0.000000	0.000000	0.000000	0.025020	0.967484	0.000150	0.000000	0.000000	0.007346
290	0.000000	0.000000	0.000000	0.024905	0.967848	0.000147	0.000000	0.000000	0.007100
291	0.000000	0.000000	0.000000	0.024860	0.968099	0.000143	0.000000	0.000000	0.006898
292	0.000000	0.000000	0.000000	0.024745	0.968461	0.000141	0.000000	0.000000	0.006653
293	0.000000	0.000000	0.000000	0.024701	0.968682	0.000167	0.000000	0.000000	0.006450
294	0.000000	0.000000	0.000000	0.024528	0.969068	0.000156	0.000000	0.000000	0.006248
295	0.000000	0.000000	0.000000	0.024602	0.969195	0.000166	0.000000	0.000000	0.006037
296	0.000000	0.000000	0.000000	0.024677	0.969305	0.000164	0.000000	0.000000	0.005854
297	0.000000	0.000000	0.000000	0.024603	0.969505	0.000166	0.000000	0.000000	0.005726
298	0.000000	0.000000	0.000000	0.024644	0.969746	0.000167	0.000000	0.000000	0.005443
299	0.000000	0.000000	0.000000	0.024479	0.970064	0.000162	0.000000	0.000000	0.005295
300	0.000000	0.000000	0.000000	0.024403	0.970300	0.000173	0.000000	0.000000	0.005124
301	0.000000	0.000000	0.000000	0.024625	0.970291	0.000164	0.000000	0.000000	0.004920
302	0.000000	0.000000	0.000000	0.024493	0.970562	0.000173	0.000000	0.000000	0.004772
303	0.000000	0.000000	0.000000	0.024536	0.970644	0.000176	0.000000	0.000000	0.004644
304	0.000000	0.000000	0.000000	0.024553	0.970750	0.000161	0.000000	0.000000	0.004536
305	0.000000	0.000000	0.000000	0.024402	0.971087	0.000163	0.000000	0.000000	0.004348
306	0.000000	0.000000	0.000000	0.024498	0.971177	0.000165	0.000000	0.000000	0.004160
307	0.000000	0.000000	0.000000	0.024568	0.971257	0.000179	0.000000	0.000000	0.003996
308	0.000000	0.000000	0.000000	0.024593	0.971403	0.000181	0.000000	0.000000	0.003823
309	0.000000	0.000000	0.000000	0.024504	0.971590	0.000193	0.000000	0.000000	0.003713
310	0.000000	0.000000	0.000000	0.024580	0.971621	0.000179	0.000000	0.000000	0.003620
311	0.000000	0.000000	0.000000	0.024704	0.971597	0.000175	0.000000	0.000000	0.003524
312	0.000000	0.000000	0.000000	0.024755	0.971663	0.000166	0.000000	0.000000	0.003416
313	0.000000	0.000000	0.000000	0.024954	0.971571	0.000160	0.000000	0.000000	0.003315
314	0.000000	0.000000	0.000000	0.025116	0.971510	0.000171	0.000000	0.000000	0.003203
315	0.000000	0.000000	0.000000	0.025049	0.971725	0.000159	0.000000	0.000000	0.003067
316	0.000000	0.000000	0.000000	0.025037	0.971852	0.000158	0.000000	0.000000	0.002953
317	0.000000	0.000000	0.000000	0.024984	0.971990	0.000149	0.000000	0.000000	0.002877
318	0.000000	0.000000	0.000000	0.025209	0.971893	0.000161	0.000000	0.000000	0.002737
319	0.000000	0.000000	0.000000	0.025110	0.972067	0.000155	0.000000	0.000000	0.002668
320	0.000000	0.000000	0.000000	0.025225	0.972049	0.000157	0.000000	0.000000	0.002569
321	0.000000	0.000000	0.000000	0.025266	0.972116	0.000155	0.000000	0.000000	0.002463
322	0.000000	0.000000	0.000000	0.025214	0.972196	0.000151	0.000000	0.000000	0.002439
323	0.000000	0.000000	0.000000	0.025285	0.972181	0.000146	0.000000	0.000000	0.002388
324	0.000000	0.000000	0.000000	0.025171	0.972366	0.000150	0.000000	0.000000	0.002313
325	0.000000	0.000000	0.000000	0.025376	0.972250	0.000147	0.000000	0.000000	0.002227
326	0.000000	0.000000	0.000000	0.025430	0.972319	0.000152	0.000000	0.000000	0.002099
327	0.000000	0.000000	0.000000	0.025406	0.972398	0.000163	0.000000	0.000000	0.002033
328	0.000000	0.000000	0.000000	0.025475	0.972414	0.000148	0.000000	0.000000	0.001963
329	0.000000	0.000000	0.000000	0.025509	0.972479	0.000168	0.000000	0.000000	0.001844
330	0.000000	0.000000	0.000000	0.025505	0.972521	0.000163	0.000000	0.000000	0.001811
331	0.000000	0.000000	0.000000	0.025568	0.972503	0.000175	0.000000	0.000000	0.001754
332	0.000000	0.000000	0.000000	0.025441	0.972680	0.000167	0.000000	0.000000	0.001712
333	0.000000	0.000000	0.000000	0.025524	0.972671	0.000161	0.000000	0.000000	0.001644
334	0.000000	0.000000	0.000000	0.025517	0.972774	0.000157	0.000000	0.000000	0.001552
335	0.000000	0.000000	0.000000	0.025259	0.973059	0.000150	0.000000	0.000000	0.001532
336	0.000000	0.000000	0.000000	0.025241	0.973129	0.000139	0.000000	0.000000	0.001491
337	0.000000	0.000000	0.000000	0.025192	0.973211	0.000153	0.000000	0.000000	0.001444
338	0.000000	0.000000	0.000000	0.025256	0.973212	0.000144	0.000000	0.000000	0.001388
339	0.000000	0.000000	0.000000	0.025100	0.973431	0.000151	0.000000	0.000000	0.001318
340	0.000000	0.000000	0.000000	0.025057	0.973495	0.000151	0.000000	0.000000	0.001297
341	0.000000	0.000000	0.000000	0.025069	0.973528	0.000148	0.000000	0.000000	0.001255
342	0.000000	0.000000	0.000000	0.025064	0.973597	0.000130	0.000000	0.000000	0.001209
343	0.000000	0.000000	0.000000	0.025124	0.973589	0.000124	0.000000	0.000000	0.001163
344	0.000000	0.000000	0.000000	0.025424	0.973295	0.000135	0.000000	0.000000	0.001146
345	0.000000	0.000000	0.000000	0.025372	0.973402	0.000133	0.000000	0.000000	0.001093
346	0.000000	0.000000	0.000000	0.025369	0.973429	0.000136	0.000000	0.000000	0.001066
347	0.000000	0.000000	0.000000	0.025314	0.973513	0.000113	0.000000	0.000000	0.001060
348	0.000000	0.000000	0.000000	0.025403	0.973448	0.000116	0.000000	0.000000	0.001033
349	0.000000	0.000000	0.000000	0.025481	0.973380	0.000132	0.000000	0.000000	0.001007
350	0.000000	0.000000	0.000000	0.025305	0.973599	0.000136	0.000000	0.000000	0.000960
351	0.000000	0.000000	0.000000	0.025247	0.973674	0.000129	0.000000	0.000000	0.000950
352	0.000000	0.000000	0.000000	0.025260	0.973681	0.000117	0.000000	0.000000	0.000942
353	0.000000	0.000000	0.000000	0.025093	0.973895	0.000111	0.000000	0.000000	0.000901
354	0.000000	0.000000	0.000000	0.024995	0.974015	0.000116	0.000000	0.000000	0.000874
355	0.000000	0.000000	0.000000	0.025001	0.974017	0.000120	0.000000	0.000000	0.000862
356	0.000000	0.000000	0.000000	0.025157	0.973892	0.000137	0.000000	0.000000	0.000814
357	0.000000	0.000000	0.000000	0.025198	0.973898	0.000134	0.000000	0.000000	0.000770
358	0.000000	0.000000	0.000000	0.025161	0.973962	0.000142	0.000000	0.000000	0.000735
359	0.000000	0.000000	0.000000	0.025203	0.973946	0.000143	0.000000	0.000000	0.000708
360	0.000000	0.000000	0.000000	0.025136	0.974032	0.000148	0.000000	0.000000	0.000684
361	0.000000	0.000000	0.000000	0.024915	0.974250	0.000146	0.000000	0.000000	0.000689
362	0.000000	0.000000	0.000000	0.024949	0.974213	0.000168	0.000000	0.000000	0.000670
363	0.000000	0.000000	0.000000	0.024853	0.974352	0.000156	0.000000	0.000000	0.000639
364	0.000000	0.000000	0.000000	0.024852	0.974351	0.000178	0.000000	0.000000	0.000619
365	0.000000	0.000000	0.000000	0.024918	0.974323	0.000179	0.000000	0.000000	0.000580
366	0.000000	0.000000	0.000000	0.024923	0.974329	0.000163	0.000000	0.000000	0.000585
367	0.000000	0.000000	0.000000	0.025090	0.974163	0.000168	0.000000	0.000000	0.000579
368	0.000000	0.000000	0.000000	0.025170	0.974135	0.000152	0.000000	0.000000	0.000543
369	0.000000	0.000000	0.000000	0.024989	0.974331	0.000150	0.000000	0.000000	0.000530
370	0.000000	0.000000	0.000000	0.025001	0.974352	0.000132	0.000000	0.000000	0.000515
371	0.000000	0.000000	0.000000	0.025128	0.974272	0.000127	0.000000	0.000000	0.000473
372	0.000000	0.000000	0.000000	0.025135	0.974275	0.000124	0.000000	0.000000	0.000466
373	0.000000	0.000000	0.000000	0.025142	0.974281	0.000124	0.000000	0.000000	0.000453
374	0.000000	0.000000	0.000000	0.024966	0.974452	0.000134	0.000000	0.000000	0.000448
375	0.000000	0.000000	0.000000	0.025081	0.974353	0.000128	0.000000	0.000000	0.000438
376	0.000000	0.000000	0.000000	0.025203	0.974223	0.000145	0.000000	0.000000	0.000429
377	0.000000	0.000000	0.000000	0.025111	0.974313	0.000155	0.000000	0.000000	0.000421
378	0.000000	0.000000	0.000000	0.025175	0.974247	0.000164	0.000000	0.000000	0.000414
379	0.000000	0.000000	0.000000	0.025248	0.974215	0.000136	0.000000	0.000000	0.000401
380	0.000000	0.000000	0.000000	0.025226	0.974232	0.000146	0.000000	0.000000	0.000396
381	0.000000	0.000000	0.000000	0.025400	0.974059	0.000156	0.000000	0.000000	0.000385
382	0.000000	0.000000	0.000000	0.025298	0.974183	0.000145	0.000000	0.000000	0.000374
383	0.000000	0.000000	0.000000	0.025292	0.974184	0.000144	0.000000	0.000000	0.000380
384	0.000000	0.000000	0.000000	0.025127	0.974360	0.000151	0.000000	0.000000	0.000362
385	0.000000	0.000000	0.000000	0.025080	0.974418	0.000141	0.000000	0.000000	0.000361
386	0.000000	0.000000	0.000000	0.024962	0.974538	0.000137	0.000000	0.000000	0.000363
387	0.000000	0.000000	0.000000	0.024902	0.974601	0.000139	0.000000	0.000000	0.000358
388	0.000000	0.000000	0.000000	0.024927	0.974595	0.000131	0.000000	0.000000	0.000347
389	0.000000	0.000000	0.000000	0.024957	0.974573	0.000143	0.000000	0.000000	0.000327
390	0.000000	0.000000	0.000000	0.024979	0.974568	0.000146	0.000000	0.000000	0.000307
391	0.000000	0.000000	0.000000	0.024948	0.974589	0.000154	0.000000	0.000000	0.000309
392	0.000000	0.000000	0.000000	0.024756	0.974791	0.000136	0.000000	0.000000	0.000317
393	0.000000	0.000000	0.000000	0.024692	0.974865	0.000139	0.000000	0.000000	0.000304
394	0.000000	0.000000	0.000000	0.024748	0.974823	0.000136	0.000000	0.000000	0.000293
395	0.000000	0.000000	0.000000	0.024753	0.974824	0.000136	0.000000	0.000000	0.000287
396	0.000000	0.000000	0.000000	0.024781	0.974796	0.000132	0.000000	0.000000	0.000291
397	0.000000	0.000000	0.000000	0.024814	0.974755	0.000143	0.000000	0.000000	0.000288
398	0.000000	0.000000	0.000000	0.024875	0.974697	0.000152	0.000000	0.000000	0.000276
399	0.000000	0.000000	0.000000	0.024795	0.974767	0.000159	0.000000	0.000000	0.000279
400	0.000000	0.000000	0.000000	0.024929	0.974654	0.000154	0.000000	0.000000	0.000263
401	0.000000	0.000000	0.000000	0.024867	0.974707	0.000164	0.000000	0.000000	0.000262
402	0.000000	0.000000	0.000000	0.024985	0.974586	0.000176	0.000000	0.000000	0.000253
403	0.000000	0.000000	0.000000	0.024892	0.974688	0.000163	0.000000	0.000000	0.000257
404	0.000000	0.000000	0.000000	0.024929	0.974623	0.000180	0.000000	0.000000	0.000268
405	0.000000	0.000000	0.000000	0.024916	0.974653	0.000173	0.000000	0.000000	0.000258
406	0.000000	0.000000	0.000000	0.024775	0.974794	0.000191	0.000000	0.000000	0.000240
407	0.000000	0.000000	0.000000	0.024870	0.974710	0.000189	0.000000	0.000000	0.000231
408	0.000000	0.000000	0.000000	0.024765	0.974830	0.000167	0.000000	0.000000	0.000238
409	0.000000	0.000000	0.000000	0.024793	0.974792	0.000185	0.000000	0.000000	0.000230
410	0.000000	0.000000	0.000000	0.024717	0.974857	0.000201	0.000000	0.000000	0.000225
411	0.000000	0.000000	0.000000	0.024882	0.974705	0.000197	0.000000	0.000000	0.000216
412	0.000000	0.000000	0.000000	0.024617	0.974973	0.000195	0.000000	0.000000	0.000215
413	0.000000	0.000000	0.000000	0.024622	0.974958	0.000204	0.000000	0.000000	0.000216
414	0.000000	0.000000	0.000000	0.024734	0.974849	0.000213	0.000000	0.000000	0.000204
415	0.000000	0.000000	0.000000	0.024778	0.974793	0.000233	0.000000	0.000000	0.000196
416	0.000000	0.000000	0.000000	0.024800	0.974790	0.000219	0.000000	0.000000	0.000191
417	0.000000	0.000000	0.000000	0.024704	0.974886	0.000218	0.000000	0.000000	0.000192
418	0.000000	0.000000	0.000000	0.024770	0.974833	0.000222	0.000000	0.000000	0.000175
419	0.000000	0.000000	0.000000	0.024944	0.974676	0.000207	0.000000	0.000000	0.000173
420	0.000000	0.000000	0.000000	0.024861	0.974750	0.000213	0.000000	0.000000	0.000176
421	0.000000	0.000000	0.000000	0.024870	0.974751	0.000209	0.000000	0.000000	0.000170
422	0.000000	0.000000	0.000000	0.024954	0.974681	0.000209	0.000000	0.000000	0.000156
423	0.000000	0.000000	0.000000	0.024822	0.974799	0.000226	0.000000	0.000000	0.000153
424	0.000000	0.000000	0.000000	0.024757	0.974878	0.000216	0.000000	0.000000	0.000149
425	0.000000	0.000000	0.000000	0.024940	0.974703	0.000208	0.000000	0.000000	0.000149
426	0.000000	0.000000	0.000000	0.024963	0.974678	0.000217	0.000000	0.000000	0.000142
427	0.000000	0.000000	0.000000	0.024995	0.974650	0.000231	0.000000	0.000000	0.000124
428	0.000000	0.000000	0.000000	0.024859	0.974812	0.000211	0.000000	0.000000	0.000118
429	0.000000	0.000000	0.000000	0.024799	0.974845	0.000231	0.000000	0.000000	0.000125
430	0.000000	0.000000	0.000000	0.024791	0.974868	0.000230	0.000000	0.000000	0.000111
431	0.000000	0.000000	0.000000	0.024694	0.974970	0.000226	0.000000	0.000000	0.000110
432	0.000000	0.000000	0.000000	0.024595	0.975082	0.000214	0.000000	0.000000	0.000109
433	0.000000	0.000000	0.000000	0.024616	0.975064	0.000224	0.000000	0.000000	0.000096
434	0.000000	0.000000	0.000000	0.024606	0.975076	0.000219	0.000000	0.000000	0.000099
435	0.000000	0.000000	0.000000	0.024506	0.975200	0.000208	0.000000	0.000000	0.000086
436	0.000000	0.000000	0.000000	0.024636	0.975070	0.000217	0.000000	0.000000	0.000077
437	0.000000	0.000000	0.000000	0.024727	0.974998	0.000195	0.000000	0.000000	0.000080
438	0.000000	0.000000	0.000000	0.024703	0.975019	0.000200	0.000000	0.000000	0.000078
439	0.000000	0.000000	0.000000	0.024705	0.975034	0.000197	0.000000	0.000000	0.000064
440	0.000000	0.000000	0.000000	0.024755	0.975000	0.000187	0.000000	0.000000	0.000058
441	0.000000	0.000000	0.000000	0.024933	0.974818	0.000190	0.000000	0.000000	0.000059
442	0.000000	0.000000	0.000000	0.024864	0.974893	0.000186	0.000000	0.000000	0.000057
443	0.000000	0.000000	0.000000	0.024797	0.974950	0.000199	0.000000	0.000000	0.000054
444	0.000000	0.000000	0.000000	0.024675	0.975095	0.000188	0.000000	0.000000	0.000042
445	0.000000	0.000000	0.000000	0.024493	0.975282	0.000187	0.000000	0.000000	0.000038
446	0.000000	0.000000	0.000000	0.024418	0.975362	0.000185	0.000000	0.000000	0.000035
447	0.000000	0.000000	0.000000	0.024449	0.975326	0.000202	0.000000	0.000000	0.000023
448	0.000000	0.000000	0.000000	0.024268	0.975504	0.000204	0.000000	0.000000	0.000024
449	0.000000	0.000000	0.000000	0.024199	0.975565	0.000214	0.000000	0.000000	0.000022
450	0.000000	0.000000	0.000000	0.024389	0.975364	0.000227	0.000000	0.000000	0.000020
451	0.000000	0.000000	0.000000	0.024195	0.975563	0.000226	0.000000	0.000000	0.000016
452	0.000000	0.000000	0.000000	0.024334	0.975436	0.000219	0.000000	0.000000	0.000011
453	0.000000	0.000000	0.000000	0.024121	0.975637	0.000231	0.000000	0.000000	0.000011
454	0.000000	0.000000	0.000000	0.024270	0.975504	0.000219	0.000000	0.000000	0.000007
455	0.000000	0.000000	0.000000	0.024319	0.975436	0.000241	0.000000	0.000000	0.000004
456	0.000000	0.000000	0.000000	0.024131	0.975626	0.000239	0.000000	0.000000	0.000004
457	0.000000	0.000000	0.000000	0.024063	0.975713	0.000222	0.000000	0.000000	0.000002
458	0.000000	0.000000	0.000000	0.024109	0.975645	0.000245	0.000000	0.000000	0.000001
459	0.000000	0.000000	0.000000	0.024123	0.975659	0.000217	0.000000	0.000000	0.000001
460	0.000000	0.000000	0.000000	0.024058	0.975735	0.000207	0.000000	0.000000	0.000000
461	0.000000	0.000000	0.000000	0.024207	0.975560	0.000233	0.000000	0.000000	0.000000
462	0.000000	0.000000	0.000000	0.024129	0.975621	0.000250	0.000000	0.000000	0.000000
463	0.000000	0.000000	0.000000	0.024184	0.975545	0.000271	0.000000	0.000000	0.000000
464	0.000000	0.000000	0.000000	0.024150	0.975596	0.000254	0.000000	0.000000	0.000000
465	0.000000	0.000000	0.000000	0.023957	0.975791	0.000252	0.000000	0.000000	0.000000
466	0.000000	0.000000	0.000000	0.023945	0.975777	0.000278	0.000000	0.000000	0.000000
467	0.000000	0.000000	0.000000	0.023852	0.975895	0.000253	0.000000	0.000000	0.000000
468	0.000000	0.000000	0.000000	0.023985	0.975760	0.000255	0.000000	0.000000	0.000000
469	0.000000	0.000000	0.000000	0.024024	0.975712	0.000264	0.000000	0.000000	0.000000
470	0.000000	0.000000	0.000000	0.024250	0.975492	0.000258	0.000000	0.000000	0.000000
