0	0.290663	0.057897	0.229473	0.157588	0.029913	0.111872	0.085455	0.012259	0.024880
1	0.228088	0.047272	0.197098	0.134162	0.027690	0.116812	0.127811	0.024751	0.096316
2	0.224751	0.046268	0.193660	0.123652	0.026909	0.109363	0.136897	0.026197	0.112303
3	0.227383	0.045777	0.191997	0.115095	0.026795	0.100835	0.141414	0.026956	0.123748
4	0.230189	0.045790	0.190054	0.107310	0.026721	0.093135	0.145327	0.027271	0.134203
5	0.235174	0.045317	0.187592	0.100046	0.026711	0.085234	0.148274	0.027481	0.144171
6	0.239651	0.045449	0.184544	0.093751	0.026992	0.077949	0.150455	0.027340	0.153869
7	0.244413	0.045145	0.181256	0.087900	0.027174	0.070990	0.152426	0.027331	0.163365
8	0.248473	0.045100	0.177756	0.082287	0.027592	0.064716	0.154789	0.027258	0.172029
9	0.252966	0.044806	0.174046	0.077443	0.027682	0.058963	0.155314	0.027395	0.181385
10	0.256925	0.044614	0.169987	0.072756	0.028526	0.053785	0.155782	0.027239	0.190386
11	0.261167	0.044786	0.165990	0.068265	0.029098	0.048814	0.155916	0.027101	0.198863
12	0.265173	0.044570	0.161481	0.064036	0.029720	0.044665	0.155925	0.026996	0.207434
13	0.270013	0.044319	0.157202	0.060049	0.030363	0.040389	0.155719	0.026700	0.215246
14	0.273448	0.044190	0.153207	0.056692	0.031220	0.036723	0.155225	0.026527	0.222768
15	0.276960	0.043925	0.148814	0.053543	0.031924	0.033352	0.154751	0.026067	0.230664
16	0.280534	0.043767	0.144750	0.050316	0.032649	0.030038	0.153953	0.025772	0.238221
17	0.284352	0.043867	0.140074	0.047263	0.033390	0.026913	0.152334	0.025482	0.246325
18	0.287912	0.043629	0.136179	0.044395	0.034179	0.024675	0.151247	0.025074	0.252710
19	0.290851	0.043286	0.132092	0.041701	0.035184	0.022071	0.150292	0.024665	0.259858
20	0.293564	0.043486	0.127347	0.039360	0.035997	0.020302	0.148375	0.024366	0.267203
21	0.296700	0.043466	0.123075	0.037005	0.036957	0.018669	0.146644	0.023850	0.273634
22	0.299523	0.043205	0.119066	0.034676	0.037826	0.016907	0.144584	0.023613	0.280600
23	0.302412	0.042958	0.114859	0.032734	0.039119	0.015235	0.142997	0.022983	0.286703
24	0.305189	0.042704	0.110603	0.031106	0.040185	0.013973	0.141274	0.022446	0.292520
25	0.308508	0.042326	0.106262	0.029043	0.041330	0.012744	0.139416	0.021905	0.298466
26	0.310824	0.042330	0.102088	0.027351	0.042596	0.011469	0.137539	0.021411	0.304392
27	0.313479	0.041888	0.098213	0.025952	0.043646	0.010528	0.135465	0.020840	0.309989
28	0.316176	0.041477	0.094647	0.024577	0.044464	0.009700	0.132530	0.020563	0.315866
29	0.317821	0.041274	0.091572	0.023084	0.045729	0.008940	0.129963	0.020134	0.321483
30	0.319648	0.040939	0.087997	0.021918	0.046840	0.008146	0.128001	0.019804	0.326707
31	0.321806	0.040992	0.085019	0.020754	0.048029	0.007516	0.124930	0.019315	0.331639
32	0.323222	0.040947	0.081238	0.019552	0.049191	0.006820	0.122773	0.018836	0.337421
33	0.324743	0.040769	0.077948	0.018443	0.050524	0.006270	0.120338	0.018451	0.342514
34	0.326082	0.040364	0.074936	0.017455	0.051911	0.005715	0.117707	0.018112	0.347718
35	0.327602	0.040183	0.071513	0.016478	0.053591	0.005277	0.115676	0.017542	0.352138
36	0.328687	0.039721	0.068926	0.015398	0.055168	0.004850	0.113257	0.017311	0.356682
37	0.329728	0.039551	0.066054	0.014268	0.056723	0.004541	0.111084	0.016983	0.361068
38	0.330057	0.039251	0.063776	0.013577	0.058331	0.004102	0.109111	0.016658	0.365137
39	0.330271	0.038962	0.061140	0.013085	0.059673	0.003805	0.106358	0.016417	0.370289
40	0.331083	0.038877	0.058515	0.012378	0.060734	0.003459	0.104398	0.016126	0.374430
41	0.331564	0.038495	0.055756	0.011797	0.062233	0.003253	0.102467	0.015664	0.378771
42	0.331520	0.038094	0.053424	0.011223	0.063885	0.003020	0.100666	0.015398	0.382770
43	0.331856	0.037498	0.051187	0.010683	0.065338	0.002810	0.098578	0.015034	0.387016
44	0.331795	0.037150	0.048810	0.010055	0.067024	0.002599	0.097169	0.014611	0.390787
45	0.332097	0.036714	0.047007	0.009592	0.068483	0.002403	0.095373	0.014423	0.393908
46	0.332060	0.036295	0.044833	0.009105	0.069751	0.002228	0.093478	0.014179	0.398071
47	0.331597	0.036103	0.042857	0.008641	0.070967	0.002114	0.091718	0.013781	0.402222
48	0.331915	0.035899	0.041166	0.008340	0.072432	0.001945	0.089869	0.013532	0.404902
49	0.331568	0.035409	0.039425	0.008105	0.074122	0.001739	0.088160	0.013226	0.408246
50	0.331083	0.035174	0.037378	0.007857	0.075401	0.001661	0.086306	0.012741	0.412399
51	0.330409	0.034582	0.036072	0.007437	0.077038	0.001536	0.084772	0.012408	0.415746
52	0.329922	0.034079	0.034158	0.007206	0.078702	0.001401	0.082903	0.012191	0.419438
53	0.329597	0.033591	0.032623	0.006885	0.080161	0.001317	0.081026	0.011924	0.422876
54	0.328994	0.033289	0.031117	0.006531	0.082158	0.001282	0.079331	0.011732	0.425566
55	0.329146	0.032904	0.029642	0.006347	0.083468	0.001228	0.077589	0.011350	0.428326
56	0.328077	0.032485	0.028224	0.006121	0.085306	0.001117	0.075718	0.011216	0.431736
57	0.326475	0.032045	0.027207	0.005882	0.087015	0.001010	0.074013	0.010919	0.435434
58	0.325290	0.031760	0.025969	0.005569	0.088831	0.000925	0.072306	0.010614	0.438736
59	0.324109	0.031500	0.024941	0.005344	0.090540	0.000904	0.070892	0.010377	0.441393
60	0.323083	0.031061	0.023617	0.005160	0.092212	0.000784	0.069560	0.010216	0.444307
61	0.322489	0.030471	0.022165	0.005043	0.093720	0.000743	0.068318	0.009949	0.447102
62	0.320131	0.029958	0.021273	0.004833	0.095660	0.000682	0.067160	0.009780	0.450523
63	0.318770	0.029517	0.020226	0.004597	0.097514	0.000638	0.065263	0.009612	0.453863
64	0.317055	0.028822	0.019403	0.004366	0.099190	0.000563	0.064253	0.009520	0.456828
65	0.314692	0.028596	0.018457	0.004158	0.101241	0.000521	0.063180	0.009239	0.459916
66	0.312933	0.027867	0.017536	0.003997	0.103202	0.000465	0.061954	0.009081	0.462965
67	0.311253	0.027474	0.016745	0.003852	0.104859	0.000455	0.060772	0.008929	0.465661
68	0.309769	0.027098	0.016072	0.003726	0.106799	0.000388	0.059546	0.008742	0.467860
69	0.307363	0.026602	0.015131	0.003566	0.108596	0.000351	0.058621	0.008686	0.471084
70	0.305875	0.026051	0.014524	0.003437	0.110607	0.000360	0.057165	0.008442	0.473539
71	0.303861	0.025714	0.013903	0.003319	0.112653	0.000325	0.056190	0.008123	0.475912
72	0.302088	0.025349	0.013269	0.003192	0.114746	0.000311	0.054992	0.007974	0.478079
73	0.300473	0.024938	0.012629	0.003099	0.116619	0.000307	0.053868	0.007684	0.480383
74	0.298638	0.024435	0.012147	0.003035	0.118540	0.000301	0.052730	0.007573	0.482601
75	0.296438	0.024021	0.011569	0.002895	0.120650	0.000260	0.051838	0.007477	0.484852
76	0.294001	0.023681	0.011118	0.002819	0.122476	0.000247	0.050596	0.007411	0.487651
77	0.292302	0.023324	0.010596	0.002723	0.124240	0.000222	0.049852	0.007277	0.489464
78	0.290472	0.023088	0.010073	0.002692	0.125722	0.000206	0.049093	0.007000	0.491654
79	0.288039	0.022779	0.009559	0.002594	0.127992	0.000199	0.048030	0.006942	0.493866
80	0.286170	0.022525	0.009149	0.002526	0.129939	0.000194	0.047368	0.006690	0.495439
81	0.284472	0.021862	0.008726	0.002401	0.131734	0.000190	0.046026	0.006500	0.498089
82	0.282147	0.021562	0.008100	0.002378	0.133751	0.000185	0.045298	0.006352	0.500227
83	0.280320	0.020966	0.007742	0.002350	0.135583	0.000177	0.044552	0.006155	0.502155
84	0.278416	0.020376	0.007452	0.002280	0.137421	0.000152	0.043624	0.005975	0.504304
85	0.275954	0.020002	0.006997	0.002260	0.139103	0.000136	0.042757	0.005904	0.506887
86	0.273842	0.019526	0.006540	0.002191	0.141238	0.000124	0.042076	0.005746	0.508717
87	0.271197	0.019195	0.006193	0.002142	0.143467	0.000131	0.041404	0.005691	0.510580
88	0.268950	0.019088	0.005916	0.002070	0.145012	0.000133	0.040847	0.005483	0.512501
89	0.265956	0.018702	0.005664	0.002084	0.146875	0.000133	0.039884	0.005358	0.515344
90	0.262994	0.018432	0.005348	0.001954	0.148936	0.000119	0.039463	0.005155	0.517599
91	0.260588	0.018168	0.005108	0.001878	0.150668	0.000112	0.038637	0.005091	0.519750
92	0.258171	0.017704	0.004914	0.001782	0.152669	0.000112	0.037868	0.005027	0.521753
93	0.255660	0.017349	0.004596	0.001748	0.154799	0.000110	0.037360	0.004962	0.523416
94	0.253218	0.016858	0.004351	0.001622	0.156401	0.000104	0.036886	0.004781	0.525779
95	0.250706	0.016481	0.003969	0.001503	0.158218	0.000103	0.036091	0.004587	0.528342
96	0.248070	0.015949	0.003786	0.001478	0.159990	0.000107	0.035333	0.004543	0.530744
97	0.245561	0.015527	0.003626	0.001432	0.161868	0.000102	0.034537	0.004340	0.533007
98	0.243295	0.015268	0.003382	0.001357	0.163851	0.000106	0.033934	0.004154	0.534653
99	0.241112	0.015114	0.003314	0.001262	0.165307	0.000113	0.033435	0.004091	0.536252
100	0.238412	0.014939	0.003100	0.001253	0.167402	0.000103	0.032983	0.004022	0.537786
101	0.235659	0.014602	0.002998	0.001206	0.169485	0.000114	0.032410	0.003857	0.539669
102	0.232995	0.014388	0.002857	0.001186	0.171744	0.000100	0.031982	0.003781	0.540967
103	0.230799	0.014075	0.002678	0.001144	0.173480	0.000084	0.031545	0.003664	0.542531
104	0.227977	0.013874	0.002540	0.001117	0.175636	0.000087	0.030938	0.003547	0.544284
105	0.225587	0.013522	0.002418	0.001137	0.177723	0.000084	0.030204	0.003471	0.545854
106	0.222549	0.013277	0.002354	0.001101	0.179817	0.000099	0.029831	0.003493	0.547479
107	0.220088	0.012958	0.002156	0.001036	0.181652	0.000096	0.029521	0.003437	0.549056
108	0.217772	0.012767	0.002073	0.001000	0.183754	0.000097	0.029089	0.003383	0.550065
109	0.215277	0.012523	0.001929	0.000960	0.185960	0.000081	0.028804	0.003313	0.551153
110	0.212299	0.012410	0.001872	0.000921	0.188075	0.000063	0.028158	0.003248	0.552954
111	0.209525	0.012210	0.001782	0.000914	0.189672	0.000067	0.027659	0.003130	0.555041
112	0.206565	0.011953	0.001665	0.000853	0.191803	0.000071	0.027222	0.003157	0.556711
113	0.204103	0.011703	0.001568	0.000864	0.193531	0.000060	0.026772	0.003113	0.558286
114	0.201066	0.011455	0.001464	0.000809	0.195561	0.000068	0.026507	0.003046	0.560024
115	0.198252	0.011180	0.001330	0.000749	0.197522	0.000060	0.026299	0.003012	0.561596
116	0.195744	0.010986	0.001289	0.000752	0.199551	0.000064	0.025901	0.002995	0.562718
117	0.193148	0.010731	0.001261	0.000727	0.201669	0.000056	0.025650	0.002892	0.563866
118	0.190925	0.010406	0.001137	0.000743	0.203311	0.000054	0.025339	0.002865	0.565220
119	0.188561	0.010090	0.001113	0.000700	0.205108	0.000052	0.025133	0.002688	0.566555
120	0.185852	0.009860	0.001038	0.000688	0.207004	0.000053	0.024692	0.002686	0.568127
121	0.183311	0.009537	0.000998	0.000693	0.208822	0.000050	0.024357	0.002667	0.569565
122	0.180599	0.009273	0.000963	0.000673	0.210817	0.000055	0.024143	0.002682	0.570795
123	0.178231	0.008943	0.000950	0.000661	0.212514	0.000058	0.023621	0.002649	0.572373
124	0.175349	0.008740	0.000917	0.000676	0.214151	0.000054	0.023568	0.002633	0.573912
125	0.172923	0.008409	0.000836	0.000720	0.216089	0.000041	0.023007	0.002620	0.575355
126	0.170164	0.008262	0.000781	0.000725	0.217971	0.000047	0.022762	0.002542	0.576746
127	0.167771	0.008189	0.000772	0.000722	0.220076	0.000038	0.022287	0.002539	0.577606
128	0.165279	0.007868	0.000732	0.000671	0.222017	0.000039	0.022257	0.002464	0.578673
129	0.162840	0.007676	0.000708	0.000669	0.223848	0.000037	0.022028	0.002480	0.579714
130	0.160878	0.007490	0.000671	0.000661	0.225613	0.000027	0.021802	0.002429	0.580429
131	0.158291	0.007237	0.000628	0.000659	0.227313	0.000027	0.021463	0.002387	0.581995
132	0.156038	0.007066	0.000578	0.000672	0.229447	0.000025	0.021259	0.002361	0.582554
133	0.153803	0.006810	0.000554	0.000652	0.230700	0.000030	0.020833	0.002247	0.584371
134	0.151671	0.006670	0.000575	0.000634	0.232354	0.000029	0.020584	0.002225	0.585258
135	0.149427	0.006429	0.000565	0.000656	0.234286	0.000025	0.020421	0.002183	0.586008
136	0.146743	0.006311	0.000526	0.000655	0.236045	0.000031	0.019941	0.002137	0.587611
137	0.144871	0.006106	0.000526	0.000621	0.237844	0.000035	0.019907	0.002083	0.588007
138	0.142526	0.005998	0.000485	0.000634	0.239528	0.000037	0.019687	0.002074	0.589031
139	0.140199	0.005811	0.000475	0.000629	0.241518	0.000039	0.019439	0.002075	0.589815
140	0.138010	0.005684	0.000428	0.000641	0.243215	0.000041	0.019171	0.002097	0.590713
141	0.135914	0.005515	0.000408	0.000600	0.245241	0.000046	0.019211	0.002013	0.591052
142	0.133164	0.005234	0.000377	0.000603	0.247288	0.000035	0.019197	0.001994	0.592108
143	0.131209	0.005045	0.000375	0.000606	0.248776	0.000035	0.019094	0.001906	0.592954
144	0.129094	0.004838	0.000366	0.000562	0.251045	0.000028	0.018701	0.001858	0.593508
145	0.126733	0.004719	0.000342	0.000558	0.253100	0.000026	0.018604	0.001865	0.594053
146	0.124573	0.004617	0.000324	0.000573	0.254726	0.000026	0.018465	0.001794	0.594902
147	0.122347	0.004586	0.000318	0.000558	0.256647	0.000017	0.018215	0.001781	0.595531
148	0.120094	0.004479	0.000320	0.000533	0.258211	0.000025	0.018079	0.001785	0.596474
149	0.118094	0.004336	0.000338	0.000541	0.259951	0.000026	0.017760	0.001784	0.597170
150	0.116080	0.004132	0.000320	0.000519	0.261687	0.000017	0.017590	0.001789	0.597866
151	0.114067	0.003971	0.000300	0.000537	0.263652	0.000023	0.017445	0.001780	0.598225
152	0.112092	0.003728	0.000253	0.000503	0.265178	0.000024	0.017398	0.001775	0.599049
153	0.110259	0.003526	0.000248	0.000517	0.267073	0.000026	0.017188	0.001764	0.599399
154	0.108268	0.003544	0.000241	0.000563	0.268592	0.000028	0.017046	0.001794	0.599924
155	0.106439	0.003462	0.000221	0.000529	0.269783	0.000034	0.016959	0.001792	0.600781
156	0.104583	0.003362	0.000221	0.000506	0.271280	0.000044	0.016805	0.001747	0.601452
157	0.102789	0.003215	0.000197	0.000516	0.272777	0.000048	0.016605	0.001721	0.602132
158	0.100771	0.003224	0.000218	0.000501	0.274841	0.000048	0.016376	0.001713	0.602308
159	0.099338	0.003120	0.000233	0.000511	0.276663	0.000058	0.016128	0.001685	0.602264
160	0.097523	0.003115	0.000238	0.000507	0.278467	0.000052	0.015843	0.001659	0.602596
161	0.095403	0.003035	0.000208	0.000522	0.280084	0.000052	0.015660	0.001638	0.603398
162	0.093888	0.002969	0.000206	0.000534	0.281561	0.000041	0.015496	0.001584	0.603721
163	0.091974	0.002861	0.000182	0.000530	0.283597	0.000045	0.015449	0.001556	0.603806
164	0.090277	0.002760	0.000173	0.000535	0.285223	0.000042	0.015363	0.001524	0.604103
165	0.088633	0.002737	0.000175	0.000515	0.286812	0.000044	0.015000	0.001494	0.604590
166	0.087016	0.002608	0.000184	0.000518	0.288595	0.000047	0.014795	0.001534	0.604703
167	0.085423	0.002480	0.000163	0.000524	0.290054	0.000045	0.014681	0.001502	0.605128
168	0.083818	0.002476	0.000155	0.000541	0.291563	0.000044	0.014562	0.001457	0.605384
169	0.082127	0.002430	0.000159	0.000528	0.293265	0.000055	0.014384	0.001418	0.605634
170	0.080528	0.002356	0.000150	0.000520	0.294894	0.000051	0.014072	0.001422	0.606007
171	0.079022	0.002301	0.000141	0.000496	0.296521	0.000046	0.013767	0.001394	0.606312
172	0.077527	0.002264	0.000143	0.000486	0.298407	0.000045	0.013701	0.001398	0.606029
173	0.076162	0.002194	0.000130	0.000468	0.300194	0.000048	0.013590	0.001340	0.605874
174	0.074852	0.002133	0.000129	0.000455	0.301890	0.000033	0.013414	0.001302	0.605792
175	0.073188	0.002074	0.000118	0.000447	0.303515	0.000035	0.013365	0.001265	0.605993
176	0.071977	0.001969	0.000106	0.000456	0.305112	0.000037	0.013045	0.001238	0.606060
177	0.070403	0.001931	0.000104	0.000458	0.306831	0.000029	0.012934	0.001211	0.606099
178	0.069118	0.001915	0.000112	0.000429	0.308547	0.000040	0.012755	0.001174	0.605910
179	0.067703	0.001885	0.000122	0.000433	0.309899	0.000036	0.012665	0.001165	0.606092
180	0.066594	0.001879	0.000100	0.000437	0.311271	0.000037	0.012384	0.001130	0.606168
181	0.065191	0.001858	0.000083	0.000400	0.312852	0.000039	0.012345	0.001125	0.606107
182	0.063767	0.001778	0.000094	0.000379	0.314589	0.000041	0.012061	0.001101	0.606190
183	0.062552	0.001721	0.000090	0.000366	0.316055	0.000033	0.012031	0.001029	0.606123
184	0.061145	0.001744	0.000096	0.000354	0.317702	0.000039	0.011800	0.001010	0.606110
185	0.059936	0.001727	0.000107	0.000351	0.319130	0.000033	0.011749	0.000984	0.605983
186	0.058893	0.001661	0.000103	0.000361	0.320852	0.000034	0.011589	0.000945	0.605562
187	0.057807	0.001585	0.000088	0.000348	0.322163	0.000033	0.011613	0.000918	0.605445
188	0.056227	0.001504	0.000092	0.000322	0.323732	0.000036	0.011561	0.000931	0.605595
189	0.055136	0.001434	0.000093	0.000319	0.325295	0.000031	0.011482	0.000885	0.605325
190	0.054151	0.001384	0.000105	0.000312	0.326779	0.000026	0.011438	0.000873	0.604932
191	0.053080	0.001362	0.000105	0.000313	0.328360	0.000025	0.011307	0.000849	0.604599
192	0.051971	0.001327	0.000093	0.000271	0.329912	0.000029	0.011313	0.000822	0.604262
193	0.051120	0.001289	0.000087	0.000296	0.330973	0.000022	0.011282	0.000817	0.604114
194	0.050174	0.001204	0.000088	0.000264	0.332399	0.000023	0.011172	0.000757	0.603919
195	0.048963	0.001156	0.000091	0.000262	0.333872	0.000023	0.011091	0.000756	0.603786
196	0.048083	0.001167	0.000100	0.000251	0.335307	0.000019	0.011025	0.000755	0.603293
197	0.046915	0.001116	0.000089	0.000258	0.336939	0.000018	0.010992	0.000728	0.602945
198	0.045862	0.001114	0.000082	0.000246	0.338449	0.000021	0.010892	0.000673	0.602661
199	0.044590	0.001081	0.000089	0.000234	0.340040	0.000020	0.010763	0.000658	0.602525
200	0.043759	0.001030	0.000089	0.000221	0.341372	0.000029	0.010756	0.000668	0.602076
201	0.042704	0.000997	0.000082	0.000211	0.342594	0.000026	0.010595	0.000665	0.602126
202	0.041743	0.000980	0.000075	0.000201	0.343900	0.000024	0.010585	0.000650	0.601842
203	0.040919	0.000978	0.000085	0.000211	0.345593	0.000021	0.010623	0.000644	0.600926
204	0.040038	0.000942	0.000084	0.000211	0.346901	0.000025	0.010543	0.000655	0.600601
205	0.039057	0.000909	0.000077	0.000218	0.348244	0.000021	0.010605	0.000620	0.600249
206	0.038324	0.000901	0.000065	0.000227	0.349758	0.000017	0.010525	0.000645	0.599538
207	0.037441	0.000896	0.000059	0.000216	0.351226	0.000021	0.010552	0.000613	0.598976
208	0.036861	0.000877	0.000056	0.000201	0.352843	0.000019	0.010469	0.000607	0.598067
209	0.036003	0.000873	0.000052	0.000203	0.354198	0.000019	0.010455	0.000595	0.597602
210	0.035349	0.000852	0.000053	0.000213	0.355498	0.000019	0.010286	0.000622	0.597108
211	0.034798	0.000862	0.000050	0.000210	0.356647	0.000020	0.010309	0.000624	0.596480
212	0.033893	0.000825	0.000044	0.000221	0.358213	0.000018	0.010226	0.000645	0.595915
213	0.033174	0.000811	0.000051	0.000196	0.359448	0.000016	0.010088	0.000673	0.595543
214	0.032454	0.000801	0.000042	0.000204	0.360572	0.000017	0.010136	0.000663	0.595111
215	0.031704	0.000746	0.000036	0.000188	0.361953	0.000013	0.010151	0.000700	0.594509
216	0.030943	0.000757	0.000042	0.000184	0.363278	0.000012	0.010104	0.000691	0.593989
217	0.030246	0.000765	0.000030	0.000178	0.364712	0.000010	0.010131	0.000667	0.593261
218	0.029509	0.000734	0.000032	0.000170	0.366116	0.000013	0.010112	0.000667	0.592647
219	0.028826	0.000755	0.000029	0.000147	0.367564	0.000017	0.010010	0.000650	0.592002
220	0.028210	0.000706	0.000024	0.000134	0.368708	0.000009	0.009946	0.000676	0.591587
221	0.027670	0.000724	0.000029	0.000136	0.369800	0.000015	0.009825	0.000685	0.591116
222	0.027133	0.000698	0.000019	0.000141	0.370941	0.000016	0.009839	0.000651	0.590562
223	0.026545	0.000704	0.000018	0.000136	0.372620	0.000015	0.009826	0.000680	0.589456
224	0.025992	0.000680	0.000019	0.000133	0.373600	0.000015	0.009686	0.000689	0.589186
225	0.025479	0.000643	0.000021	0.000141	0.375256	0.000012	0.009571	0.000704	0.588173
226	0.024835	0.000630	0.000020	0.000129	0.376686	0.000010	0.009385	0.000664	0.587641
227	0.024214	0.000655	0.000016	0.000143	0.378250	0.000006	0.009216	0.000664	0.586836
228	0.023627	0.000616	0.000017	0.000151	0.379763	0.000007	0.009304	0.000647	0.585868
229	0.023040	0.000609	0.000018	0.000154	0.381020	0.000006	0.009276	0.000663	0.585214
230	0.022421	0.000570	0.000018	0.000167	0.382740	0.000007	0.009140	0.000654	0.584283
231	0.021766	0.000568	0.000023	0.000159	0.383719	0.000002	0.009235	0.000701	0.583827
232	0.021382	0.000506	0.000020	0.000165	0.385196	0.000001	0.009197	0.000676	0.582857
233	0.020851	0.000517	0.000016	0.000149	0.386361	0.000000	0.009108	0.000677	0.582321
234	0.020285	0.000480	0.000011	0.000150	0.388115	0.000000	0.009055	0.000676	0.581228
235	0.019815	0.000462	0.000009	0.000163	0.389523	0.000000	0.009106	0.000652	0.580270
236	0.019236	0.000448	0.000009	0.000176	0.390706	0.000000	0.009001	0.000655	0.579769
237	0.018700	0.000449	0.000006	0.000184	0.392236	0.000000	0.009023	0.000625	0.578777
238	0.018256	0.000454	0.000008	0.000186	0.393630	0.000000	0.008924	0.000592	0.577950
239	0.017772	0.000409	0.000007	0.000183	0.394810	0.000000	0.008894	0.000586	0.577339
240	0.017393	0.000413	0.000009	0.000176	0.396275	0.000000	0.008886	0.000614	0.576234
241	0.016995	0.000406	0.000009	0.000159	0.397492	0.000000	0.008803	0.000584	0.575552
242	0.016508	0.000421	0.000010	0.000158	0.398815	0.000000	0.008808	0.000550	0.574730
243	0.016125	0.000419	0.000015	0.000154	0.399923	0.000000	0.008684	0.000573	0.574107
244	0.015758	0.000413	0.000015	0.000163	0.401147	0.000000	0.008588	0.000548	0.573368
245	0.015314	0.000383	0.000017	0.000157	0.402474	0.000000	0.008661	0.000531	0.572463
246	0.014897	0.000407	0.000021	0.000170	0.403589	0.000000	0.008551	0.000492	0.571873
247	0.014512	0.000406	0.000024	0.000162	0.404749	0.000000	0.008490	0.000499	0.571158
248	0.014134	0.000390	0.000023	0.000172	0.405803	0.000000	0.008376	0.000500	0.570602
249	0.013866	0.000382	0.000020	0.000154	0.407203	0.000000	0.008474	0.000487	0.569414
250	0.013436	0.000388	0.000017	0.000160	0.408576	0.000000	0.008376	0.000445	0.568602
251	0.013056	0.000391	0.000020	0.000157	0.409705	0.000000	0.008304	0.000433	0.567934
252	0.012841	0.000397	0.000017	0.000152	0.411038	0.000000	0.008163	0.000443	0.566949
253	0.012469	0.000367	0.000011	0.000156	0.412347	0.000000	0.008186	0.000430	0.566034
254	0.012346	0.000362	0.000016	0.000162	0.413983	0.000000	0.008136	0.000411	0.564584
255	0.012079	0.000335	0.000014	0.000161	0.415252	0.000000	0.008121	0.000382	0.563656
256	0.011788	0.000306	0.000011	0.000145	0.416643	0.000000	0.007938	0.000369	0.562800
257	0.011532	0.000287	0.000016	0.000146	0.417790	0.000000	0.007937	0.000383	0.561909
258	0.011229	0.000260	0.000018	0.000146	0.419046	0.000000	0.007920	0.000327	0.561054
259	0.010921	0.000235	0.000015	0.000149	0.420202	0.000000	0.007834	0.000323	0.560321
260	0.010534	0.000224	0.000009	0.000154	0.421530	0.000000	0.007827	0.000315	0.559407
261	0.010329	0.000222	0.000016	0.000156	0.422944	0.000000	0.007747	0.000300	0.558286
262	0.010034	0.000219	0.000011	0.000142	0.424156	0.000000	0.007660	0.000299	0.557479
263	0.009849	0.000225	0.000006	0.000150	0.425161	0.000000	0.007652	0.000285	0.556672
264	0.009653	0.000216	0.000004	0.000153	0.426567	0.000000	0.007753	0.000275	0.555379
265	0.009486	0.000198	0.000004	0.000155	0.428021	0.000000	0.007727	0.000273	0.554136
266	0.009220	0.000176	0.000002	0.000142	0.428944	0.000000	0.007700	0.000266	0.553550
267	0.009086	0.000157	0.000000	0.000131	0.430446	0.000000	0.007805	0.000276	0.552099
268	0.008845	0.000160	0.000000	0.000111	0.431748	0.000000	0.007736	0.000271	0.551129
269	0.008596	0.000167	0.000000	0.000116	0.432811	0.000000	0.007758	0.000253	0.550299
270	0.008427	0.000168	0.000000	0.000117	0.434239	0.000000	0.007748	0.000241	0.549060
271	0.008220	0.000182	0.000000	0.000109	0.435291	0.000000	0.007740	0.000230	0.548228
272	0.008040	0.000157	0.000000	0.000116	0.436704	0.000000	0.007626	0.000229	0.547128
273	0.007734	0.000155	0.000000	0.000114	0.437964	0.000000	0.007549	0.000201	0.546283
274	0.007486	0.000152	0.000000	0.000110	0.439462	0.000000	0.007406	0.000191	0.545193
275	0.007232	0.000149	0.000000	0.000100	0.440438	0.000000	0.007400	0.000180	0.544501
276	0.007118	0.000135	0.000000	0.000102	0.441634	0.000000	0.007355	0.000158	0.543498
277	0.006972	0.000126	0.000000	0.000102	0.442538	0.000000	0.007455	0.000164	0.542643
278	0.006807	0.000112	0.000000	0.000102	0.443779	0.000000	0.007387	0.000164	0.541649
279	0.006615	0.000110	0.000000	0.000114	0.445367	0.000000	0.007275	0.000148	0.540371
280	0.006363	0.000095	0.000000	0.000114	0.446557	0.000000	0.007309	0.000156	0.539406
281	0.006174	0.000081	0.000000	0.000112	0.448001	0.000000	0.007212	0.000159	0.538261
282	0.005960	0.000075	0.000000	0.000113	0.448983	0.000000	0.007215	0.000162	0.537492
283	0.005904	0.000063	0.000000	0.000116	0.450404	0.000000	0.007222	0.000145	0.536146
284	0.005753	0.000059	0.000000	0.000114	0.451558	0.000000	0.007225	0.000132	0.535159
285	0.005579	0.000058	0.000000	0.000129	0.452664	0.000000	0.007234	0.000125	0.534211
286	0.005472	0.000052	0.000000	0.000125	0.453860	0.000000	0.007175	0.000124	0.533192
287	0.005377	0.000043	0.000000	0.000125	0.455253	0.000000	0.007131	0.000118	0.531953
288	0.005227	0.000046	0.000000	0.000123	0.456160	0.000000	0.007139	0.000107	0.531198
289	0.005090	0.000039	0.000000	0.000117	0.457509	0.000000	0.007130	0.000109	0.530006
290	0.005019	0.000029	0.000000	0.000123	0.458611	0.000000	0.007097	0.000101	0.529020
291	0.004858	0.000030	0.000000	0.000125	0.459674	0.000000	0.007014	0.000098	0.528201
292	0.004788	0.000029	0.000000	0.000138	0.460752	0.000000	0.006992	0.000104	0.527197
293	0.004649	0.000033	0.000000	0.000126	0.462058	0.000000	0.006966	0.000096	0.526072
294	0.004453	0.000035	0.000000	0.000147	0.463363	0.000000	0.006884	0.000098	0.525020
295	0.004272	0.000025	0.000000	0.000144	0.464722	0.000000	0.006858	0.000094	0.523885
296	0.004210	0.000026	0.000000	0.000142	0.465857	0.000000	0.006826	0.000096	0.522843
297	0.004090	0.000024	0.000000	0.000153	0.467015	0.000000	0.006880	0.000104	0.521734
298	0.004023	0.000021	0.000000	0.000159	0.468077	0.000000	0.006835	0.000091	0.520794
299	0.003865	0.000019	0.000000	0.000166	0.469437	0.000000	0.006713	0.000090	0.519710
300	0.003796	0.000012	0.000000	0.000170	0.470565	0.000000	0.006743	0.000090	0.518624
301	0.003687	0.000013	0.000000	0.000168	0.471699	0.000000	0.006826	0.000083	0.517524
302	0.003564	0.000011	0.000000	0.000173	0.472902	0.000000	0.006695	0.000082	0.516573
303	0.003548	0.000008	0.000000	0.000171	0.473808	0.000000	0.006600	0.000070	0.515795
304	0.003482	0.000010	0.000000	0.000163	0.475247	0.000000	0.006611	0.000071	0.514416
305	0.003403	0.000011	0.000000	0.000163	0.476508	0.000000	0.006605	0.000068	0.513242
306	0.003265	0.000011	0.000000	0.000166	0.477580	0.000000	0.006589	0.000067	0.512322
307	0.003175	0.000010	0.000000	0.000172	0.478997	0.000000	0.006552	0.000065	0.511029
308	0.003034	0.000010	0.000000	0.000155	0.480215	0.000000	0.006506	0.000066	0.510014
309	0.002949	0.000010	0.000000	0.000143	0.481296	0.000000	0.006565	0.000070	0.508967
310	0.002866	0.000011	0.000000	0.000151	0.482399	0.000000	0.006574	0.000084	0.507915
311	0.002754	0.000009	0.000000	0.000157	0.483327	0.000000	0.006484	0.000087	0.507182
312	0.002779	0.000008	0.000000	0.000156	0.484443	0.000000	0.006349	0.000097	0.506168
313	0.002747	0.000008	0.000000	0.000145	0.485766	0.000000	0.006311	0.000086	0.504937
314	0.002710	0.000011	0.000000	0.000145	0.486666	0.000000	0.006368	0.000082	0.504018
315	0.002591	0.000003	0.000000	0.000169	0.487902	0.000000	0.006310	0.000087	0.502938
316	0.002550	0.000002	0.000000	0.000167	0.488619	0.000000	0.006257	0.000085	0.502320
317	0.002512	0.000002	0.000000	0.000173	0.489873	0.000000	0.006242	0.000094	0.501104
318	0.002440	0.000001	0.000000	0.000171	0.491220	0.000000	0.006181	0.000086	0.499901
319	0.002407	0.000000	0.000000	0.000173	0.492409	0.000000	0.006133	0.000090	0.498788
320	0.002331	0.000000	0.000000	0.000175	0.493541	0.000000	0.006198	0.000087	0.497668
321	0.002270	0.000000	0.000000	0.000182	0.494890	0.000000	0.006102	0.000080	0.496476
322	0.002219	0.000000	0.000000	0.000172	0.495930	0.000000	0.006142	0.000082	0.495455
323	0.002154	0.000000	0.000000	0.000162	0.497294	0.000000	0.006207	0.000085	0.494098
324	0.002090	0.000000	0.000000	0.000171	0.498486	0.000000	0.006132	0.000085	0.493036
325	0.002066	0.000000	0.000000	0.000179	0.499846	0.000000	0.006072	0.000069	0.491768
326	0.002014	0.000000	0.000000	0.000192	0.501136	0.000000	0.005974	0.000072	0.490612
327	0.001990	0.000000	0.000000	0.000210	0.502375	0.000000	0.005946	0.000070	0.489409
328	0.001932	0.000000	0.000000	0.000209	0.503478	0.000000	0.005910	0.000074	0.488397
329	0.001870	0.000000	0.000000	0.000216	0.504532	0.000000	0.005969	0.000071	0.487342
330	0.001834	0.000000	0.000000	0.000220	0.505448	0.000000	0.005908	0.000080	0.486510
331	0.001754	0.000000	0.000000	0.000225	0.506838	0.000000	0.005876	0.000073	0.485234
332	0.001737	0.000000	0.000000	0.000229	0.508067	0.000000	0.005920	0.000065	0.483982
333	0.001735	0.000000	0.000000	0.000229	0.509509	0.000000	0.005901	0.000065	0.482561
334	0.001706	0.000000	0.000000	0.000248	0.510720	0.000000	0.005845	0.000054	0.481427
335	0.001664	0.000000	0.000000	0.000228	0.512200	0.000000	0.005796	0.000057	0.480055
336	0.001608	0.000000	0.000000	0.000241	0.513178	0.000000	0.005729	0.000053	0.479191
337	0.001589	0.000000	0.000000	0.000231	0.514299	0.000000	0.005679	0.000055	0.478147
338	0.001556	0.000000	0.000000	0.000222	0.515487	0.000000	0.005618	0.000045	0.477072
339	0.001523	0.000000	0.000000	0.000223	0.516995	0.000000	0.005689	0.000044	0.475526
340	0.001489	0.000000	0.000000	0.000216	0.517985	0.000000	0.005744	0.000041	0.474525
341	0.001446	0.000000	0.000000	0.000220	0.519172	0.000000	0.005761	0.000040	0.473361
342	0.001440	0.000000	0.000000	0.000209	0.520207	0.000000	0.005688	0.000034	0.472422
343	0.001405	0.000000	0.000000	0.000224	0.521456	0.000000	0.005586	0.000034	0.471295
344	0.001375	0.000000	0.000000	0.000214	0.522692	0.000000	0.005640	0.000036	0.470043
345	0.001395	0.000000	0.000000	0.000214	0.523562	0.000000	0.005594	0.000034	0.469201
346	0.001328	0.000000	0.000000	0.000237	0.524895	0.000000	0.005633	0.000030	0.467877
347	0.001291	0.000000	0.000000	0.000234	0.526118	0.000000	0.005614	0.000030	0.466713
348	0.001252	0.000000	0.000000	0.000223	0.527433	0.000000	0.005581	0.000029	0.465482
349	0.001235	0.000000	0.000000	0.000216	0.528259	0.000000	0.005579	0.000026	0.464685
350	0.001229	0.000000	0.000000	0.000205	0.529508	0.000000	0.005587	0.000027	0.463444
351	0.001211	0.000000	0.000000	0.000189	0.530681	0.000000	0.005522	0.000028	0.462369
352	0.001184	0.000000	0.000000	0.000191	0.531561	0.000000	0.005477	0.000025	0.461562
353	0.001165	0.000000	0.000000	0.000176	0.532844	0.000000	0.005417	0.000020	0.460378
354	0.001140	0.000000	0.000000	0.000180	0.533832	0.000000	0.005351	0.000020	0.459477
355	0.001134	0.000000	0.000000	0.000171	0.534873	0.000000	0.005296	0.000022	0.458504
356	0.001114	0.000000	0.000000	0.000145	0.536045	0.000000	0.005318	0.000024	0.457354
357	0.001126	0.000000	0.000000	0.000135	0.537098	0.000000	0.005328	0.000030	0.456283
358	0.001114	0.000000	0.000000	0.000137	0.538513	0.000000	0.005282	0.000027	0.454927
359	0.001065	0.000000	0.000000	0.000140	0.539751	0.000000	0.005215	0.000032	0.453797
360	0.001061	0.000000	0.000000	0.000128	0.540593	0.000000	0.005123	0.000025	0.453070
361	0.001054	0.000000	0.000000	0.000114	0.541954	0.000000	0.005080	0.000030	0.451768
362	0.001033	0.000000	0.000000	0.000111	0.543241	0.000000	0.005049	0.000026	0.450540
363	0.001012	0.000000	0.000000	0.000111	0.544451	0.000000	0.004948	0.000027	0.449451
364	0.000981	0.000000	0.000000	0.000120	0.545551	0.000000	0.004949	0.000019	0.448380
365	0.000931	0.000000	0.000000	0.000108	0.546333	0.000000	0.004819	0.000020	0.447789
366	0.000920	0.000000	0.000000	0.000108	0.547738	0.000000	0.004779	0.000028	0.446427
367	0.000903	0.000000	0.000000	0.000098	0.548930	0.000000	0.004713	0.000029	0.445327
368	0.000881	0.000000	0.000000	0.000100	0.549996	0.000000	0.004677	0.000027	0.444319
369	0.000858	0.000000	0.000000	0.000106	0.551064	0.000000	0.004645	0.000024	0.443303
370	0.000852	0.000000	0.000000	0.000105	0.552160	0.000000	0.004682	0.000030	0.442171
371	0.000827	0.000000	0.000000	0.000101	0.553399	0.000000	0.004706	0.000027	0.440940
372	0.000822	0.000000	0.000000	0.000086	0.554787	0.000000	0.004689	0.000022	0.439594
373	0.000814	0.000000	0.000000	0.000081	0.556001	0.000000	0.004695	0.000020	0.438389
374	0.000779	0.000000	0.000000	0.000064	0.556862	0.000000	0.004602	0.000022	0.437671
375	0.000804	0.000000	0.000000	0.000054	0.558047	0.000000	0.004483	0.000018	0.436594
376	0.000794	0.000000	0.000000	0.000065	0.559064	0.000000	0.004493	0.000021	0.435563
377	0.000784	0.000000	0.000000	0.000071	0.560271	0.000000	0.004462	0.000020	0.434392
378	0.000750	0.000000	0.000000	0.000079	0.561464	0.000000	0.004379	0.000020	0.433308
379	0.000754	0.000000	0.000000	0.000082	0.562409	0.000000	0.004351	0.000019	0.432385
380	0.000727	0.000000	0.000000	0.000082	0.563854	0.000000	0.004257	0.000017	0.431063
381	0.000725	0.000000	0.000000	0.000076	0.565061	0.000000	0.004171	0.000028	0.429939
382	0.000701	0.000000	0.000000	0.000072	0.566274	0.000000	0.004164	0.000024	0.428765
383	0.000684	0.000000	0.000000	0.000068	0.567519	0.000000	0.004093	0.000030	0.427606
384	0.000645	0.000000	0.000000	0.000073	0.568578	0.000000	0.004120	0.000031	0.426553
385	0.000610	0.000000	0.000000	0.000061	0.569987	0.000000	0.004019	0.000031	0.425292
386	0.000592	0.000000	0.000000	0.000072	0.570958	0.000000	0.003992	0.000035	0.424351
387	0.000600	0.000000	0.000000	0.000067	0.571846	0.000000	0.003941	0.000035	0.423511
388	0.000569	0.000000	0.000000	0.000062	0.573038	0.000000	0.003916	0.000037	0.422378
389	0.000558	0.000000	0.000000	0.000067	0.574070	0.000000	0.003910	0.000028	0.421367
390	0.000526	0.000000	0.000000	0.000068	0.574976	0.000000	0.003911	0.000029	0.420490
391	0.000481	0.000000	0.000000	0.000071	0.575707	0.000000	0.003904	0.000027	0.419810
392	0.000457	0.000000	0.000000	0.000075	0.576611	0.000000	0.003884	0.000019	0.418954
393	0.000471	0.000000	0.000000	0.000077	0.577576	0.000000	0.003877	0.000015	0.417984
394	0.000465	0.000000	0.000000	0.000073	0.578659	0.000000	0.003864	0.000017	0.416922
395	0.000436	0.000000	0.000000	0.000061	0.579602	0.000000	0.003791	0.000021	0.416089
396	0.000423	0.000000	0.000000	0.000076	0.580608	0.000000	0.003703	0.000028	0.415162
397	0.000428	0.000000	0.000000	0.000084	0.581956	0.000000	0.003726	0.000031	0.413775
398	0.000434	0.000000	0.000000	0.000092	0.583121	0.000000	0.003696	0.000027	0.412630
399	0.000431	0.000000	0.000000	0.000087	0.583997	0.000000	0.003613	0.000027	0.411845
400	0.000403	0.000000	0.000000	0.000094	0.585308	0.000000	0.003616	0.000029	0.410550
401	0.000403	0.000000	0.000000	0.000084	0.586504	0.000000	0.003484	0.000025	0.409500
402	0.000402	0.000000	0.000000	0.000078	0.587558	0.000000	0.003440	0.000020	0.408502
403	0.000403	0.000000	0.000000	0.000093	0.588744	0.000000	0.003455	0.000018	0.407287
404	0.000388	0.000000	0.000000	0.000101	0.589921	0.000000	0.003436	0.000017	0.406137
405	0.000378	0.000000	0.000000	0.000114	0.590890	0.000000	0.003331	0.000020	0.405267
406	0.000365	0.000000	0.000000	0.000110	0.592188	0.000000	0.003254	0.000020	0.404063
407	0.000365	0.000000	0.000000	0.000128	0.593286	0.000000	0.003316	0.000019	0.402886
408	0.000350	0.000000	0.000000	0.000136	0.594295	0.000000	0.003223	0.000021	0.401975
409	0.000353	0.000000	0.000000	0.000134	0.595326	0.000000	0.003171	0.000022	0.400994
410	0.000327	0.000000	0.000000	0.000133	0.596715	0.000000	0.003211	0.000023	0.399591
411	0.000324	0.000000	0.000000	0.000127	0.597417	0.000000	0.003179	0.000020	0.398933
412	0.000307	0.000000	0.000000	0.000118	0.598715	0.000000	0.003195	0.000022	0.397643
413	0.000307	0.000000	0.000000	0.000114	0.599774	0.000000	0.003191	0.000030	0.396584
414	0.000317	0.000000	0.000000	0.000118	0.600828	0.000000	0.003161	0.000028	0.395548
415	0.000316	0.000000	0.000000	0.000115	0.602103	0.000000	0.003084	0.000028	0.394354
416	0.000329	0.000000	0.000000	0.000120	0.602862	0.000000	0.003027	0.000024	0.393638
417	0.000297	0.000000	0.000000	0.000119	0.603890	0.000000	0.002963	0.000030	0.392701
418	0.000276	0.000000	0.000000	0.000131	0.604997	0.000000	0.002927	0.000026	0.391643
419	0.000251	0.000000	0.000000	0.000130	0.606320	0.000000	0.002921	0.000028	0.390350
420	0.000258	0.000000	0.000000	0.000134	0.607209	0.000000	0.002934	0.000035	0.389430
421	0.000244	0.000000	0.000000	0.000127	0.608419	0.000000	0.002954	0.000043	0.388213
422	0.000234	0.000000	0.000000	0.000116	0.609420	0.000000	0.002910	0.000044	0.387276
423	0.000222	0.000000	0.000000	0.000099	0.610878	0.000000	0.002910	0.000050	0.385841
424	0.000197	0.000000	0.000000	0.000094	0.612161	0.000000	0.002888	0.000049	0.384611
425	0.000197	0.000000	0.000000	0.000098	0.613297	0.000000	0.002882	0.000053	0.383473
426	0.000205	0.000000	0.000000	0.000098	0.614241	0.000000	0.002908	0.000057	0.382491
427	0.000199	0.000000	0.000000	0.000084	0.614990	0.000000	0.002904	0.000045	0.381778
428	0.000190	0.000000	0.000000	0.000093	0.616125	0.000000	0.002950	0.000052	0.380590
429	0.000190	0.000000	0.000000	0.000106	0.617445	0.000000	0.002836	0.000051	0.379372
430	0.000179	0.000000	0.000000	0.000093	0.618364	0.000000	0.002803	0.000047	0.378514
431	0.000184	0.000000	0.000000	0.000085	0.619341	0.000000	0.002822	0.000049	0.377519
432	0.000185	0.000000	0.000000	0.000076	0.620546	0.000000	0.002768	0.000048	0.376377
433	0.000174	0.000000	0.000000	0.000070	0.621596	0.000000	0.002729	0.000041	0.375390
434	0.000172	0.000000	0.000000	0.000060	0.622517	0.000000	0.002760	0.000041	0.374450
435	0.000173	0.000000	0.000000	0.000061	0.623804	0.000000	0.002686	0.000038	0.373238
436	0.000174	0.000000	0.000000	0.000075	0.624799	0.000000	0.002677	0.000043	0.372232
437	0.000167	0.000000	0.000000	0.000077	0.625902	0.000000	0.002721	0.000045	0.371088
438	0.000160	0.000000	0.000000	0.000088	0.626725	0.000000	0.002695	0.000042	0.370290
439	0.000156	0.000000	0.000000	0.000087	0.627842	0.000000	0.002621	0.000045	0.369249
440	0.000150	0.000000	0.000000	0.000089	0.629077	0.000000	0.002585	0.000036	0.368063
441	0.000151	0.000000	0.000000	0.000089	0.630213	0.000000	0.002525	0.000030	0.366992
442	0.000150	0.000000	0.000000	0.000094	0.631317	0.000000	0.002529	0.000024	0.365886
443	0.000166	0.000000	0.000000	0.000099	0.632446	0.000000	0.002471	0.000028	0.364790
444	0.000162	0.000000	0.000000	0.000100	0.633506	0.000000	0.002396	0.000026	0.363810
445	0.000166	0.000000	0.000000	0.000090	0.634486	0.000000	0.002435	0.000036	0.362787
446	0.000153	0.000000	0.000000	0.000093	0.635453	0.000000	0.002395	0.000035	0.361871
447	0.000157	0.000000	0.000000	0.000084	0.636221	0.000000	0.002320	0.000030	0.361188
448	0.000162	0.000000	0.000000	0.000076	0.637344	0.000000	0.002281	0.000030	0.360107
449	0.000158	0.000000	0.000000	0.000078	0.638452	0.000000	0.002272	0.000025	0.359015
450	0.000146	0.000000	0.000000	0.000081	0.639275	0.000000	0.002246	0.000034	0.358218
451	0.000133	0.000000	0.000000	0.000078	0.639966	0.000000	0.002159	0.000024	0.357640
452	0.000122	0.000000	0.000000	0.000069	0.641231	0.000000	0.002168	0.000028	0.356382
453	0.000126	0.000000	0.000000	0.000066	0.642249	0.000000	0.002138	0.000025	0.355396
454	0.000120	0.000000	0.000000	0.000068	0.642959	0.000000	0.002111	0.000026	0.354716
455	0.000118	0.000000	0.000000	0.000065	0.643943	0.000000	0.002131	0.000027	0.353716
456	0.000104	0.000000	0.000000	0.000075	0.644901	0.000000	0.002111	0.000024	0.352785
457	0.000099	0.000000	0.000000	0.000078	0.646200	0.000000	0.002142	0.000016	0.351465
458	0.000091	0.000000	0.000000	0.000066	0.647395	0.000000	0.002181	0.000010	0.350257
459	0.000087	0.000000	0.000000	0.000066	0.648269	0.000000	0.002130	0.000008	0.349440
460	0.000090	0.000000	0.000000	0.000056	0.649273	0.000000	0.002135	0.000011	0.348435
461	0.000087	0.000000	0.000000	0.000045	0.650561	0.000000	0.002128	0.000007	0.347172
462	0.000082	0.000000	0.000000	0.000050	0.651493	0.000000	0.002120	0.000007	0.346248
463	0.000073	0.000000	0.000000	0.000045	0.652445	0.000000	0.002115	0.000007	0.345315
464	0.000058	0.000000	0.000000	0.000057	0.653508	0.000000	0.002109	0.000004	0.344264
465	0.000057	0.000000	0.000000	0.000051	0.654592	0.000000	0.002037	0.000004	0.343259
466	0.000051	0.000000	0.000000	0.000047	0.655527	0.000000	0.001988	0.000004	0.342383
467	0.000044	0.000000	0.000000	0.000046	0.656597	0.000000	0.001937	0.000009	0.341367
468	0.000039	0.000000	0.000000	0.000048	0.657100	0.000000	0.001934	0.000007	0.340872
469	0.000034	0.000000	0.000000	0.000046	0.658178	0.000000	0.001869	0.000007	0.339866
470	0.000027	0.000000	0.000000	0.000041	0.659346	0.000000	0.001859	0.000009	0.338718
