0	0.290663	0.057897	0.229473	0.157588	0.029913	0.111872	0.085455	0.012259	0.024880
1	0.227391	0.047324	0.196738	0.135184	0.027912	0.117705	0.127243	0.024516	0.095987
2	0.223599	0.046034	0.192434	0.125813	0.027808	0.110630	0.136122	0.026057	0.111503
3	0.225413	0.045321	0.190654	0.118043	0.028023	0.102740	0.140872	0.026544	0.122390
4	0.228381	0.044778	0.187872	0.111360	0.028662	0.095388	0.144138	0.026924	0.132497
5	0.232357	0.044318	0.185759	0.104492	0.029256	0.088289	0.146408	0.026827	0.142294
6	0.236147	0.043587	0.182873	0.099078	0.029913	0.081444	0.148736	0.026471	0.151751
7	0.239977	0.042979	0.179726	0.094052	0.030946	0.075334	0.150100	0.026308	0.160578
8	0.243900	0.042355	0.176457	0.088651	0.031804	0.069542	0.151102	0.026016	0.170173
9	0.247842	0.042075	0.172213	0.084514	0.033037	0.063676	0.151755	0.025887	0.179001
10	0.251890	0.041399	0.168233	0.080243	0.034105	0.058371	0.152532	0.025500	0.187727
11	0.254928	0.040901	0.164198	0.075917	0.035456	0.054149	0.152712	0.025160	0.196579
12	0.258698	0.040143	0.160261	0.072035	0.036887	0.049707	0.152528	0.024685	0.205056
13	0.261962	0.039539	0.156130	0.068144	0.038467	0.045737	0.152331	0.024317	0.213373
14	0.265238	0.038819	0.151702	0.064434	0.040187	0.042203	0.151980	0.023613	0.221824
15	0.268944	0.038136	0.146787	0.060935	0.041908	0.038834	0.151384	0.023523	0.229549
16	0.272301	0.037475	0.142867	0.058048	0.043453	0.035923	0.150139	0.023063	0.236731
17	0.274651	0.036980	0.138566	0.054993	0.045488	0.032956	0.149340	0.022547	0.244479
18	0.277879	0.036557	0.134381	0.051790	0.047338	0.030148	0.147900	0.022058	0.251949
19	0.280553	0.036221	0.129552	0.049252	0.049433	0.027779	0.146575	0.021203	0.259432
20	0.282992	0.035900	0.125385	0.046870	0.051594	0.025544	0.144436	0.020770	0.266509
21	0.285710	0.035543	0.120868	0.044550	0.053963	0.023512	0.142386	0.020432	0.273036
22	0.288077	0.035132	0.116468	0.042342	0.055970	0.021850	0.140302	0.019964	0.279895
23	0.290421	0.034567	0.112206	0.040529	0.058488	0.020181	0.137690	0.019512	0.286406
24	0.292225	0.034232	0.108164	0.038826	0.061036	0.018475	0.136045	0.018999	0.291998
25	0.293846	0.033535	0.103836	0.036915	0.063845	0.017070	0.134486	0.018481	0.297986
26	0.295172	0.032943	0.099866	0.035126	0.066656	0.015966	0.132631	0.017899	0.303741
27	0.296954	0.032646	0.095908	0.033655	0.069453	0.014908	0.130594	0.017220	0.308662
28	0.298424	0.031647	0.091986	0.032584	0.072509	0.013514	0.128353	0.016631	0.314352
29	0.299632	0.031154	0.088358	0.031048	0.075537	0.012726	0.125769	0.016124	0.319652
30	0.300700	0.030800	0.084516	0.029731	0.078833	0.011772	0.123318	0.015761	0.324569
31	0.301367	0.030595	0.081109	0.028289	0.081647	0.010949	0.120973	0.015443	0.329628
32	0.301591	0.029687	0.078034	0.026948	0.085132	0.010241	0.118588	0.014972	0.334807
33	0.301828	0.029139	0.074784	0.025933	0.088396	0.009594	0.116523	0.014703	0.339100
34	0.301971	0.028367	0.071658	0.025065	0.091835	0.008959	0.114266	0.014222	0.343657
35	0.302125	0.027662	0.068373	0.024093	0.095497	0.008355	0.112099	0.013824	0.347972
36	0.302167	0.027005	0.065502	0.022811	0.099366	0.007801	0.109375	0.013512	0.352461
37	0.301729	0.026355	0.062266	0.021934	0.103326	0.007258	0.107137	0.013122	0.356873
38	0.301233	0.025875	0.059608	0.021012	0.107066	0.006745	0.104874	0.012684	0.360903
39	0.300413	0.025210	0.056860	0.020184	0.111049	0.006256	0.102390	0.012237	0.365401
40	0.299850	0.024734	0.054381	0.019525	0.115270	0.005796	0.100134	0.011937	0.368373
41	0.299493	0.024346	0.051883	0.018533	0.119442	0.005413	0.097655	0.011778	0.371457
42	0.299287	0.023799	0.049186	0.017659	0.123368	0.005095	0.095549	0.011350	0.374707
43	0.298141	0.023305	0.046491	0.017136	0.127766	0.004653	0.093472	0.011076	0.377960
44	0.296831	0.022801	0.044167	0.016544	0.131910	0.004379	0.091601	0.010746	0.381021
45	0.295756	0.022357	0.041992	0.016082	0.136592	0.004150	0.089257	0.010550	0.383264
46	0.294235	0.021676	0.039639	0.015553	0.140962	0.003964	0.087297	0.010215	0.386459
47	0.293273	0.021164	0.037741	0.015197	0.145657	0.003683	0.085226	0.010056	0.388003
48	0.291692	0.020805	0.035773	0.014571	0.150592	0.003394	0.083441	0.009792	0.389940
49	0.290085	0.020272	0.034014	0.014143	0.155373	0.003208	0.081082	0.009428	0.392395
50	0.288397	0.020023	0.032298	0.013593	0.160273	0.003034	0.079482	0.009161	0.393739
51	0.286746	0.019244	0.030682	0.013115	0.164885	0.002844	0.077795	0.008902	0.395787
52	0.284424	0.018754	0.028904	0.012792	0.170264	0.002676	0.075720	0.008684	0.397782
53	0.282678	0.018111	0.027475	0.012235	0.175033	0.002502	0.073618	0.008373	0.399975
54	0.281028	0.017600	0.025971	0.012048	0.179845	0.002369	0.071914	0.008175	0.401050
55	0.278173	0.017046	0.024687	0.011541	0.185382	0.002230	0.070226	0.007954	0.402761
56	0.276566	0.016529	0.023452	0.011297	0.190282	0.002185	0.068097	0.007766	0.403826
57	0.274506	0.016085	0.022290	0.010877	0.195543	0.002081	0.066135	0.007438	0.405045
58	0.272013	0.015697	0.021041	0.010464	0.200777	0.001925	0.064485	0.007270	0.406328
59	0.269530	0.015288	0.019920	0.010027	0.205952	0.001841	0.063074	0.007040	0.407328
60	0.266824	0.014843	0.019122	0.009790	0.211433	0.001783	0.061293	0.006830	0.408082
61	0.264119	0.014412	0.018187	0.009476	0.217018	0.001708	0.059804	0.006708	0.408568
62	0.261529	0.014016	0.017237	0.009182	0.222812	0.001592	0.058096	0.006485	0.409051
63	0.258530	0.013561	0.016488	0.008962	0.227907	0.001580	0.056964	0.006251	0.409757
64	0.255611	0.013206	0.015546	0.008804	0.233602	0.001492	0.055234	0.006138	0.410367
65	0.252287	0.012789	0.014933	0.008628	0.239504	0.001416	0.053923	0.005905	0.410615
66	0.249741	0.012449	0.013929	0.008428	0.245043	0.001337	0.052439	0.005709	0.410925
67	0.246578	0.012116	0.013308	0.008394	0.251137	0.001287	0.051020	0.005628	0.410532
68	0.243228	0.011826	0.012491	0.008355	0.257063	0.001235	0.049806	0.005352	0.410644
69	0.240264	0.011377	0.011867	0.008194	0.262852	0.001195	0.048566	0.005156	0.410529
70	0.237306	0.011105	0.011214	0.007957	0.268883	0.001203	0.047256	0.004901	0.410175
71	0.233824	0.010607	0.010618	0.007799	0.274824	0.001140	0.046091	0.004871	0.410226
72	0.230628	0.010255	0.009949	0.007666	0.281099	0.001107	0.044782	0.004729	0.409785
73	0.227154	0.009864	0.009452	0.007517	0.287616	0.001067	0.043607	0.004686	0.409037
74	0.224043	0.009616	0.008905	0.007288	0.293601	0.001034	0.042601	0.004505	0.408407
75	0.220194	0.009194	0.008309	0.007075	0.300008	0.000935	0.041425	0.004515	0.408345
76	0.216684	0.008903	0.007908	0.007061	0.305999	0.000930	0.040353	0.004274	0.407888
77	0.213388	0.008645	0.007360	0.006941	0.311976	0.000896	0.039701	0.004223	0.406870
78	0.210478	0.008238	0.007008	0.006764	0.318319	0.000838	0.038592	0.004008	0.405755
79	0.206817	0.007953	0.006662	0.006727	0.324744	0.000794	0.037731	0.003881	0.404691
80	0.203417	0.007688	0.006210	0.006721	0.330769	0.000790	0.036968	0.003706	0.403731
81	0.200082	0.007458	0.005777	0.006616	0.336692	0.000763	0.036238	0.003580	0.402794
82	0.196246	0.007205	0.005359	0.006549	0.342865	0.000722	0.035584	0.003493	0.401977
83	0.192363	0.006958	0.004933	0.006518	0.349127	0.000713	0.034619	0.003363	0.401406
84	0.188509	0.006731	0.004656	0.006396	0.355698	0.000665	0.033552	0.003338	0.400455
85	0.185005	0.006456	0.004439	0.006274	0.361912	0.000648	0.032531	0.003259	0.399476
86	0.181819	0.006127	0.004142	0.006150	0.368556	0.000644	0.031787	0.003087	0.397688
87	0.178332	0.005932	0.003979	0.005957	0.375181	0.000619	0.030811	0.002907	0.396282
88	0.175036	0.005752	0.003787	0.005934	0.381488	0.000635	0.029913	0.002819	0.394636
89	0.171856	0.005585	0.003489	0.005958	0.387539	0.000616	0.029166	0.002695	0.393096
90	0.169264	0.005282	0.003292	0.005929	0.393595	0.000606	0.028496	0.002638	0.390898
91	0.165905	0.005178	0.003084	0.005771	0.399909	0.000593	0.027827	0.002485	0.389248
92	0.162266	0.005031	0.002825	0.005655	0.406130	0.000579	0.027168	0.002355	0.387991
93	0.159184	0.004827	0.002638	0.005579	0.412285	0.000565	0.026658	0.002292	0.385972
94	0.155400	0.004608	0.002561	0.005478	0.418746	0.000519	0.026082	0.002209	0.384397
95	0.152220	0.004468	0.002449	0.005395	0.424756	0.000502	0.025289	0.002127	0.382794
96	0.149117	0.004255	0.002300	0.005402	0.430929	0.000480	0.024414	0.002032	0.381071
97	0.145850	0.004076	0.002217	0.005402	0.437260	0.000474	0.023597	0.001997	0.379127
98	0.142995	0.003886	0.002015	0.005345	0.443548	0.000465	0.023054	0.001925	0.376767
99	0.140285	0.003775	0.001864	0.005223	0.449064	0.000427	0.022494	0.001824	0.375044
100	0.137285	0.003692	0.001736	0.005217	0.455236	0.000445	0.022013	0.001783	0.372593
101	0.134023	0.003581	0.001650	0.005097	0.461430	0.000406	0.021378	0.001759	0.370676
102	0.131452	0.003337	0.001513	0.005043	0.467268	0.000434	0.020810	0.001699	0.368444
103	0.128210	0.003249	0.001402	0.005005	0.473815	0.000393	0.020202	0.001636	0.366088
104	0.124939	0.003228	0.001276	0.005003	0.479625	0.000361	0.019770	0.001582	0.364216
105	0.121984	0.003037	0.001235	0.005014	0.485618	0.000360	0.019230	0.001466	0.362056
106	0.118748	0.002947	0.001203	0.004923	0.491989	0.000333	0.018769	0.001403	0.359685
107	0.115594	0.002794	0.001077	0.004867	0.498351	0.000322	0.018344	0.001392	0.357259
108	0.112735	0.002758	0.001007	0.004887	0.504003	0.000289	0.017801	0.001338	0.355182
109	0.110126	0.002647	0.000928	0.004854	0.509884	0.000251	0.017348	0.001300	0.352662
110	0.107722	0.002568	0.000866	0.004841	0.515676	0.000266	0.017006	0.001203	0.349852
111	0.105212	0.002460	0.000812	0.004837	0.521527	0.000280	0.016495	0.001132	0.347245
112	0.102280	0.002408	0.000762	0.004736	0.527190	0.000214	0.015960	0.001104	0.345346
113	0.099365	0.002284	0.000734	0.004727	0.532955	0.000237	0.015572	0.001090	0.343036
114	0.096727	0.002205	0.000691	0.004637	0.539162	0.000220	0.015209	0.001049	0.340100
115	0.094194	0.002112	0.000648	0.004670	0.544352	0.000220	0.014676	0.001016	0.338112
116	0.091660	0.002019	0.000606	0.004692	0.550132	0.000223	0.014384	0.000986	0.335298
117	0.089148	0.002006	0.000579	0.004721	0.556033	0.000222	0.014096	0.000975	0.332220
118	0.086902	0.001904	0.000543	0.004673	0.561395	0.000220	0.013803	0.000955	0.329605
119	0.084510	0.001863	0.000522	0.004614	0.566756	0.000207	0.013607	0.000927	0.326994
120	0.082061	0.001830	0.000470	0.004645	0.572145	0.000219	0.013240	0.000910	0.324480
121	0.079633	0.001740	0.000429	0.004672	0.577981	0.000203	0.013016	0.000851	0.321475
122	0.077680	0.001719	0.000398	0.004713	0.583209	0.000214	0.012533	0.000850	0.318684
123	0.075621	0.001613	0.000395	0.004683	0.588794	0.000199	0.012089	0.000837	0.315769
124	0.073331	0.001588	0.000362	0.004650	0.594088	0.000186	0.011925	0.000848	0.313022
125	0.071441	0.001507	0.000320	0.004617	0.599458	0.000192	0.011696	0.000808	0.309961
126	0.069462	0.001462	0.000296	0.004591	0.604536	0.000182	0.011478	0.000763	0.307230
127	0.067520	0.001403	0.000286	0.004469	0.609811	0.000190	0.011115	0.000760	0.304446
128	0.065477	0.001347	0.000251	0.004493	0.614833	0.000192	0.010831	0.000763	0.301813
129	0.063622	0.001276	0.000246	0.004480	0.620267	0.000172	0.010448	0.000711	0.298778
130	0.061689	0.001222	0.000208	0.004477	0.625497	0.000159	0.010169	0.000718	0.295861
131	0.059655	0.001201	0.000184	0.004485	0.630614	0.000156	0.009839	0.000687	0.293179
132	0.057934	0.001152	0.000165	0.004444	0.635419	0.000145	0.009499	0.000669	0.290573
133	0.056083	0.001065	0.000145	0.004461	0.640430	0.000164	0.009178	0.000672	0.287802
134	0.054196	0.001030	0.000144	0.004486	0.645635	0.000173	0.009014	0.000648	0.284674
135	0.052330	0.000982	0.000125	0.004510	0.650563	0.000160	0.008784	0.000654	0.281892
136	0.050768	0.000942	0.000110	0.004522	0.655225	0.000150	0.008592	0.000637	0.279054
137	0.049103	0.000911	0.000098	0.004467	0.660178	0.000147	0.008372	0.000605	0.276119
138	0.047627	0.000861	0.000084	0.004462	0.664722	0.000151	0.008293	0.000556	0.273244
139	0.045673	0.000808	0.000074	0.004468	0.669654	0.000144	0.008041	0.000563	0.270575
140	0.044209	0.000794	0.000077	0.004543	0.673716	0.000141	0.007794	0.000598	0.268128
141	0.042583	0.000711	0.000081	0.004558	0.678604	0.000135	0.007610	0.000566	0.265152
142	0.041126	0.000670	0.000064	0.004568	0.683333	0.000150	0.007401	0.000536	0.262152
143	0.039684	0.000684	0.000057	0.004517	0.687747	0.000155	0.007284	0.000518	0.259354
144	0.038198	0.000627	0.000058	0.004517	0.692225	0.000154	0.007047	0.000526	0.256648
145	0.036894	0.000586	0.000049	0.004436	0.696711	0.000146	0.006956	0.000519	0.253703
146	0.035576	0.000533	0.000055	0.004469	0.701162	0.000139	0.006657	0.000533	0.250876
147	0.034334	0.000532	0.000049	0.004476	0.705356	0.000146	0.006500	0.000524	0.248083
148	0.033006	0.000502	0.000040	0.004428	0.709508	0.000154	0.006467	0.000503	0.245392
149	0.031945	0.000470	0.000044	0.004332	0.713728	0.000152	0.006214	0.000489	0.242626
150	0.030905	0.000444	0.000040	0.004329	0.718073	0.000156	0.005960	0.000469	0.239624
151	0.029747	0.000404	0.000037	0.004404	0.722361	0.000145	0.005793	0.000431	0.236678
152	0.028668	0.000377	0.000031	0.004438	0.726588	0.000154	0.005552	0.000405	0.233787
153	0.027711	0.000360	0.000032	0.004466	0.730677	0.000145	0.005441	0.000383	0.230785
154	0.026693	0.000352	0.000031	0.004475	0.734653	0.000137	0.005294	0.000355	0.228010
155	0.025911	0.000310	0.000030	0.004483	0.738528	0.000139	0.005164	0.000317	0.225118
156	0.024948	0.000305	0.000034	0.004460	0.742571	0.000145	0.005087	0.000313	0.222137
157	0.024044	0.000278	0.000032	0.004423	0.746295	0.000145	0.004932	0.000303	0.219548
158	0.023221	0.000259	0.000025	0.004460	0.749957	0.000151	0.004765	0.000289	0.216873
159	0.022315	0.000227	0.000029	0.004494	0.754082	0.000145	0.004620	0.000278	0.213810
160	0.021476	0.000223	0.000026	0.004507	0.757683	0.000169	0.004421	0.000292	0.211203
161	0.020688	0.000205	0.000017	0.004528	0.761373	0.000171	0.004406	0.000271	0.208341
162	0.019859	0.000200	0.000015	0.004601	0.764959	0.000191	0.004226	0.000255	0.205694
163	0.019062	0.000179	0.000011	0.004636	0.768541	0.000185	0.004143	0.000252	0.202991
164	0.018232	0.000186	0.000013	0.004539	0.772010	0.000192	0.003927	0.000252	0.200649
165	0.017609	0.000187	0.000012	0.004524	0.775404	0.000176	0.003894	0.000234	0.197960
166	0.016781	0.000189	0.000010	0.004507	0.779031	0.000177	0.003785	0.000223	0.195297
167	0.016077	0.000177	0.000018	0.004477	0.782583	0.000149	0.003825	0.000211	0.192483
168	0.015473	0.000165	0.000017	0.004518	0.786154	0.000138	0.003726	0.000201	0.189608
169	0.014942	0.000149	0.000012	0.004510	0.789802	0.000151	0.003647	0.000204	0.186583
170	0.014351	0.000146	0.000017	0.004434	0.792997	0.000136	0.003602	0.000174	0.184143
171	0.013897	0.000140	0.000016	0.004516	0.796343	0.000132	0.003558	0.000157	0.181241
172	0.013409	0.000145	0.000011	0.004532	0.799603	0.000136	0.003442	0.000145	0.178577
173	0.013026	0.000134	0.000012	0.004436	0.802818	0.000135	0.003322	0.000127	0.175990
174	0.012614	0.000135	0.000006	0.004403	0.805914	0.000120	0.003222	0.000128	0.173458
175	0.012252	0.000121	0.000005	0.004344	0.808933	0.000110	0.003165	0.000133	0.170937
176	0.011699	0.000104	0.000003	0.004311	0.812275	0.000118	0.003129	0.000134	0.168227
177	0.011041	0.000110	0.000001	0.004394	0.815423	0.000115	0.003023	0.000133	0.165760
178	0.010793	0.000095	0.000000	0.004419	0.817996	0.000114	0.002920	0.000133	0.163530
179	0.010289	0.000096	0.000000	0.004376	0.821237	0.000121	0.002916	0.000130	0.160835
180	0.009896	0.000098	0.000000	0.004315	0.824240	0.000120	0.002855	0.000120	0.158356
181	0.009487	0.000104	0.000000	0.004257	0.827253	0.000123	0.002783	0.000127	0.155866
182	0.009075	0.000096	0.000000	0.004291	0.829969	0.000118	0.002699	0.000103	0.153649
183	0.008648	0.000085	0.000000	0.004287	0.832995	0.000101	0.002631	0.000101	0.151152
184	0.008421	0.000071	0.000000	0.004250	0.835596	0.000109	0.002506	0.000085	0.148962
185	0.008039	0.000070	0.000000	0.004297	0.838003	0.000113	0.002471	0.000093	0.146914
186	0.007670	0.000074	0.000000	0.004399	0.840608	0.000106	0.002314	0.000101	0.144728
187	0.007295	0.000067	0.000000	0.004463	0.843078	0.000107	0.002223	0.000125	0.142642
188	0.006947	0.000058	0.000000	0.004443	0.845903	0.000098	0.002144	0.000114	0.140293
189	0.006694	0.000056	0.000000	0.004458	0.848272	0.000110	0.002125	0.000101	0.138184
190	0.006316	0.000068	0.000000	0.004326	0.851056	0.000107	0.002085	0.000087	0.135955
191	0.005965	0.000059	0.000000	0.004327	0.853621	0.000103	0.002084	0.000075	0.133766
192	0.005732	0.000053	0.000000	0.004379	0.856150	0.000094	0.002072	0.000079	0.131441
193	0.005439	0.000038	0.000000	0.004348	0.858739	0.000102	0.002050	0.000071	0.129213
194	0.005214	0.000042	0.000000	0.004292	0.861245	0.000088	0.001972	0.000068	0.127079
195	0.004976	0.000039	0.000000	0.004293	0.863761	0.000086	0.001949	0.000065	0.124831
196	0.004748	0.000043	0.000000	0.004338	0.866073	0.000084	0.001943	0.000056	0.122715
197	0.004486	0.000039	0.000000	0.004374	0.868443	0.000077	0.001854	0.000052	0.120675
198	0.004357	0.000046	0.000000	0.004235	0.870942	0.000069	0.001799	0.000049	0.118503
199	0.004164	0.000042	0.000000	0.004291	0.872899	0.000072	0.001763	0.000059	0.116710
200	0.003961	0.000033	0.000000	0.004286	0.875164	0.000067	0.001738	0.000056	0.114695
201	0.003800	0.000035	0.000000	0.004285	0.877448	0.000059	0.001671	0.000056	0.112646
202	0.003615	0.000030	0.000000	0.004398	0.879420	0.000064	0.001626	0.000057	0.110790
203	0.003416	0.000026	0.000000	0.004389	0.881403	0.000054	0.001578	0.000058	0.109076
204	0.003177	0.000026	0.000000	0.004335	0.883821	0.000061	0.001497	0.000053	0.107030
205	0.003038	0.000027	0.000000	0.004288	0.885971	0.000059	0.001445	0.000052	0.105120
206	0.002887	0.000023	0.000000	0.004241	0.888055	0.000068	0.001371	0.000055	0.103300
207	0.002729	0.000017	0.000000	0.004225	0.890257	0.000066	0.001328	0.000050	0.101328
208	0.002681	0.000018	0.000000	0.004262	0.892279	0.000063	0.001285	0.000048	0.099364
209	0.002517	0.000017	0.000000	0.004212	0.894525	0.000048	0.001240	0.000053	0.097388
210	0.002381	0.000009	0.000000	0.004260	0.896273	0.000045	0.001230	0.000052	0.095750
211	0.002339	0.000006	0.000000	0.004227	0.898263	0.000055	0.001199	0.000049	0.093862
212	0.002245	0.000003	0.000000	0.004211	0.900316	0.000052	0.001142	0.000049	0.091982
213	0.002127	0.000001	0.000000	0.004150	0.902463	0.000048	0.001140	0.000051	0.090020
214	0.002086	0.000001	0.000000	0.004229	0.904074	0.000058	0.001092	0.000046	0.088414
215	0.001959	0.000001	0.000000	0.004176	0.905873	0.000061	0.001039	0.000043	0.086848
216	0.001891	0.000000	0.000000	0.004157	0.908047	0.000043	0.001031	0.000038	0.084793
217	0.001799	0.000000	0.000000	0.004151	0.909585	0.000046	0.001000	0.000040	0.083379
218	0.001772	0.000000	0.000000	0.004108	0.911496	0.000056	0.000963	0.000045	0.081560
219	0.001690	0.000000	0.000000	0.004243	0.913096	0.000054	0.000899	0.000041	0.079977
220	0.001627	0.000000	0.000000	0.004209	0.914663	0.000068	0.000857	0.000035	0.078541
221	0.001613	0.000000	0.000000	0.004210	0.916447	0.000066	0.000871	0.000040	0.076753
222	0.001509	0.000000	0.000000	0.004247	0.917966	0.000065	0.000840	0.000033	0.075340
223	0.001380	0.000000	0.000000	0.004214	0.919570	0.000064	0.000803	0.000028	0.073941
224	0.001312	0.000000	0.000000	0.004263	0.921027	0.000064	0.000773	0.000025	0.072536
225	0.001241	0.000000	0.000000	0.004319	0.922351	0.000065	0.000724	0.000026	0.071274
226	0.001201	0.000000	0.000000	0.004329	0.923742	0.000074	0.000730	0.000024	0.069900
227	0.001137	0.000000	0.000000	0.004313	0.925342	0.000081	0.000710	0.000023	0.068394
228	0.001062	0.000000	0.000000	0.004304	0.926859	0.000071	0.000704	0.000021	0.066979
229	0.001026	0.000000	0.000000	0.004178	0.928377	0.000072	0.000696	0.000026	0.065625
230	0.000985	0.000000	0.000000	0.004213	0.929717	0.000076	0.000645	0.000030	0.064334
231	0.000952	0.000000	0.000000	0.004194	0.931191	0.000066	0.000609	0.000028	0.062960
232	0.000918	0.000000	0.000000	0.004180	0.932740	0.000062	0.000585	0.000031	0.061484
233	0.000901	0.000000	0.000000	0.004151	0.934006	0.000063	0.000589	0.000023	0.060267
234	0.000889	0.000000	0.000000	0.004155	0.935572	0.000063	0.000558	0.000026	0.058737
235	0.000831	0.000000	0.000000	0.004215	0.936929	0.000065	0.000525	0.000022	0.057413
236	0.000784	0.000000	0.000000	0.004134	0.938154	0.000067	0.000520	0.000019	0.056322
237	0.000744	0.000000	0.000000	0.004135	0.939356	0.000070	0.000496	0.000014	0.055185
238	0.000747	0.000000	0.000000	0.004077	0.940609	0.000079	0.000498	0.000013	0.053977
239	0.000706	0.000000	0.000000	0.004083	0.941987	0.000082	0.000463	0.000014	0.052665
240	0.000695	0.000000	0.000000	0.004098	0.943279	0.000072	0.000450	0.000016	0.051390
241	0.000661	0.000000	0.000000	0.004123	0.944499	0.000075	0.000454	0.000017	0.050171
242	0.000625	0.000000	0.000000	0.004148	0.945597	0.000071	0.000455	0.000020	0.049084
243	0.000566	0.000000	0.000000	0.004217	0.946615	0.000064	0.000458	0.000013	0.048067
244	0.000561	0.000000	0.000000	0.004154	0.947892	0.000065	0.000444	0.000012	0.046872
245	0.000537	0.000000	0.000000	0.004182	0.948691	0.000074	0.000429	0.000014	0.046073
246	0.000487	0.000000	0.000000	0.004160	0.949827	0.000070	0.000420	0.000014	0.045022
247	0.000500	0.000000	0.000000	0.004124	0.951059	0.000073	0.000401	0.000015	0.043828
248	0.000488	0.000000	0.000000	0.004110	0.951821	0.000068	0.000393	0.000012	0.043108
249	0.000448	0.000000	0.000000	0.004066	0.952675	0.000075	0.000378	0.000013	0.042345
250	0.000429	0.000000	0.000000	0.004062	0.953567	0.000075	0.000359	0.000020	0.041488
251	0.000419	0.000000	0.000000	0.004043	0.954502	0.000073	0.000333	0.000018	0.040612
252	0.000412	0.000000	0.000000	0.004082	0.955126	0.000075	0.000316	0.000021	0.039968
253	0.000421	0.000000	0.000000	0.004049	0.956138	0.000076	0.000301	0.000017	0.038998
254	0.000378	0.000000	0.000000	0.004029	0.957087	0.000065	0.000326	0.000018	0.038097
255	0.000350	0.000000	0.000000	0.003922	0.958251	0.000067	0.000312	0.000019	0.037079
256	0.000345	0.000000	0.000000	0.003979	0.959088	0.000066	0.000317	0.000019	0.036186
257	0.000340	0.000000	0.000000	0.003935	0.959839	0.000071	0.000303	0.000016	0.035496
258	0.000316	0.000000	0.000000	0.003916	0.960605	0.000076	0.000307	0.000020	0.034760
259	0.000310	0.000000	0.000000	0.003829	0.961635	0.000079	0.000276	0.000024	0.033847
260	0.000302	0.000000	0.000000	0.003786	0.962404	0.000073	0.000281	0.000025	0.033129
261	0.000290	0.000000	0.000000	0.003867	0.963125	0.000079	0.000271	0.000022	0.032346
262	0.000291	0.000000	0.000000	0.003792	0.964084	0.000072	0.000267	0.000026	0.031468
263	0.000285	0.000000	0.000000	0.003862	0.964715	0.000068	0.000265	0.000020	0.030785
264	0.000275	0.000000	0.000000	0.003877	0.965383	0.000064	0.000275	0.000019	0.030107
265	0.000265	0.000000	0.000000	0.003930	0.966047	0.000061	0.000263	0.000022	0.029412
266	0.000259	0.000000	0.000000	0.003878	0.966776	0.000063	0.000266	0.000018	0.028740
267	0.000234	0.000000	0.000000	0.003845	0.967515	0.000062	0.000261	0.000017	0.028066
268	0.000216	0.000000	0.000000	0.003834	0.968218	0.000061	0.000250	0.000011	0.027410
269	0.000204	0.000000	0.000000	0.003913	0.968774	0.000062	0.000234	0.000008	0.026805
270	0.000189	0.000000	0.000000	0.003981	0.969478	0.000061	0.000219	0.000013	0.026059
271	0.000171	0.000000	0.000000	0.004000	0.970035	0.000071	0.000214	0.000012	0.025497
272	0.000158	0.000000	0.000000	0.003986	0.970782	0.000071	0.000221	0.000011	0.024771
273	0.000131	0.000000	0.000000	0.004032	0.971434	0.000064	0.000220	0.000009	0.024110
274	0.000116	0.000000	0.000000	0.004056	0.972084	0.000064	0.000218	0.000010	0.023452
275	0.000107	0.000000	0.000000	0.004002	0.972781	0.000075	0.000210	0.000009	0.022816
276	0.000117	0.000000	0.000000	0.004014	0.973272	0.000078	0.000204	0.000010	0.022305
277	0.000118	0.000000	0.000000	0.004000	0.973831	0.000078	0.000216	0.000008	0.021749
278	0.000104	0.000000	0.000000	0.004063	0.974330	0.000082	0.000220	0.000004	0.021197
279	0.000112	0.000000	0.000000	0.004026	0.974917	0.000071	0.000230	0.000003	0.020641
280	0.000112	0.000000	0.000000	0.004044	0.975495	0.000071	0.000233	0.000001	0.020044
281	0.000112	0.000000	0.000000	0.004051	0.975945	0.000081	0.000227	0.000002	0.019582
282	0.000123	0.000000	0.000000	0.004073	0.976358	0.000078	0.000235	0.000003	0.019130
283	0.000120	0.000000	0.000000	0.004047	0.976892	0.000063	0.000229	0.000002	0.018647
284	0.000119	0.000000	0.000000	0.004020	0.977380	0.000067	0.000206	0.000003	0.018205
285	0.000106	0.000000	0.000000	0.004003	0.977819	0.000065	0.000215	0.000004	0.017788
286	0.000104	0.000000	0.000000	0.004051	0.978114	0.000066	0.000210	0.000002	0.017453
287	0.000107	0.000000	0.000000	0.004028	0.978638	0.000067	0.000206	0.000002	0.016952
288	0.000103	0.000000	0.000000	0.004037	0.979037	0.000066	0.000213	0.000003	0.016541
289	0.000100	0.000000	0.000000	0.004011	0.979474	0.000064	0.000205	0.000006	0.016140
290	0.000101	0.000000	0.000000	0.004017	0.979890	0.000063	0.000196	0.000007	0.015726
291	0.000106	0.000000	0.000000	0.003973	0.980243	0.000059	0.000192	0.000007	0.015420
292	0.000104	0.000000	0.000000	0.003937	0.980856	0.000058	0.000175	0.000010	0.014860
293	0.000102	0.000000	0.000000	0.003906	0.981333	0.000049	0.000172	0.000012	0.014426
294	0.000089	0.000000	0.000000	0.003956	0.981681	0.000051	0.000147	0.000013	0.014063
295	0.000085	0.000000	0.000000	0.003962	0.982110	0.000051	0.000134	0.000012	0.013646
296	0.000079	0.000000	0.000000	0.003961	0.982542	0.000040	0.000122	0.000013	0.013243
297	0.000078	0.000000	0.000000	0.003946	0.982879	0.000041	0.000127	0.000011	0.012918
298	0.000070	0.000000	0.000000	0.003943	0.983185	0.000037	0.000126	0.000014	0.012625
299	0.000070	0.000000	0.000000	0.003950	0.983597	0.000033	0.000121	0.000020	0.012209
300	0.000072	0.000000	0.000000	0.003979	0.983894	0.000038	0.000112	0.000021	0.011884
301	0.000070	0.000000	0.000000	0.003945	0.984273	0.000041	0.000112	0.000027	0.011532
302	0.000071	0.000000	0.000000	0.004001	0.984482	0.000045	0.000111	0.000028	0.011262
303	0.000065	0.000000	0.000000	0.004078	0.984829	0.000051	0.000109	0.000033	0.010835
304	0.000060	0.000000	0.000000	0.004169	0.985115	0.000054	0.000100	0.000035	0.010467
305	0.000061	0.000000	0.000000	0.004074	0.985489	0.000062	0.000107	0.000028	0.010179
306	0.000061	0.000000	0.000000	0.004092	0.985830	0.000056	0.000108	0.000020	0.009833
307	0.000061	0.000000	0.000000	0.004078	0.986109	0.000063	0.000092	0.000020	0.009577
308	0.000061	0.000000	0.000000	0.004097	0.986395	0.000057	0.000105	0.000025	0.009260
309	0.000057	0.000000	0.000000	0.004087	0.986662	0.000054	0.000090	0.000022	0.009028
310	0.000061	0.000000	0.000000	0.004033	0.987028	0.000049	0.000076	0.000018	0.008735
311	0.000055	0.000000	0.000000	0.004041	0.987334	0.000051	0.000071	0.000021	0.008427
312	0.000058	0.000000	0.000000	0.004073	0.987598	0.000043	0.000064	0.000017	0.008147
313	0.000058	0.000000	0.000000	0.004081	0.987861	0.000058	0.000070	0.000015	0.007857
314	0.000051	0.000000	0.000000	0.004008	0.988158	0.000058	0.000071	0.000011	0.007643
315	0.000046	0.000000	0.000000	0.004090	0.988290	0.000063	0.000063	0.000010	0.007438
316	0.000040	0.000000	0.000000	0.004206	0.988375	0.000056	0.000060	0.000007	0.007256
317	0.000042	0.000000	0.000000	0.004213	0.988540	0.000078	0.000054	0.000008	0.007065
318	0.000039	0.000000	0.000000	0.004224	0.988793	0.000069	0.000050	0.000008	0.006817
319	0.000041	0.000000	0.000000	0.004207	0.989004	0.000063	0.000043	0.000008	0.006634
320	0.000042	0.000000	0.000000	0.004191	0.989233	0.000077	0.000041	0.000006	0.006410
321	0.000039	0.000000	0.000000	0.004156	0.989501	0.000080	0.000029	0.000006	0.006189
322	0.000036	0.000000	0.000000	0.004168	0.989653	0.000073	0.000035	0.000004	0.006031
323	0.000038	0.000000	0.000000	0.004267	0.989685	0.000087	0.000025	0.000004	0.005894
324	0.000029	0.000000	0.000000	0.004196	0.989963	0.000076	0.000024	0.000001	0.005711
325	0.000022	0.000000	0.000000	0.004188	0.990136	0.000083	0.000021	0.000002	0.005548
326	0.000015	0.000000	0.000000	0.004138	0.990388	0.000077	0.000023	0.000001	0.005358
327	0.000011	0.000000	0.000000	0.004117	0.990597	0.000080	0.000013	0.000001	0.005181
328	0.000016	0.000000	0.000000	0.004135	0.990819	0.000077	0.000013	0.000001	0.004939
329	0.000009	0.000000	0.000000	0.004228	0.990908	0.000086	0.000008	0.000001	0.004760
330	0.000006	0.000000	0.000000	0.004222	0.991160	0.000085	0.000004	0.000000	0.004523
331	0.000006	0.000000	0.000000	0.004258	0.991261	0.000096	0.000005	0.000000	0.004374
332	0.000005	0.000000	0.000000	0.004212	0.991440	0.000100	0.000002	0.000000	0.004241
333	0.000004	0.000000	0.000000	0.004220	0.991529	0.000105	0.000001	0.000000	0.004141
334	0.000005	0.000000	0.000000	0.004218	0.991670	0.000107	0.000000	0.000000	0.004000
335	0.000004	0.000000	0.000000	0.004276	0.991767	0.000099	0.000000	0.000000	0.003854
336	0.000009	0.000000	0.000000	0.004237	0.991878	0.000105	0.000000	0.000000	0.003771
337	0.000006	0.000000	0.000000	0.004236	0.992011	0.000111	0.000000	0.000000	0.003636
338	0.000003	0.000000	0.000000	0.004307	0.992124	0.000104	0.000000	0.000000	0.003462
339	0.000002	0.000000	0.000000	0.004222	0.992326	0.000101	0.000000	0.000000	0.003349
340	0.000001	0.000000	0.000000	0.004242	0.992437	0.000095	0.000000	0.000000	0.003225
341	0.000001	0.000000	0.000000	0.004245	0.992500	0.000098	0.000000	0.000000	0.003156
342	0.000001	0.000000	0.000000	0.004247	0.992615	0.000104	0.000000	0.000000	0.003033
343	0.000000	0.000000	0.000000	0.004252	0.992643	0.000099	0.000000	0.000000	0.003006
344	0.000000	0.000000	0.000000	0.004202	0.992812	0.000083	0.000000	0.000000	0.002903
345	0.000000	0.000000	0.000000	0.004146	0.993013	0.000072	0.000000	0.000000	0.002769
346	0.000000	0.000000	0.000000	0.004174	0.993068	0.000081	0.000000	0.000000	0.002677
347	0.000000	0.000000	0.000000	0.004117	0.993209	0.000069	0.000000	0.000000	0.002605
348	0.000000	0.000000	0.000000	0.004131	0.993298	0.000077	0.000000	0.000000	0.002494
349	0.000000	0.000000	0.000000	0.004157	0.993308	0.000088	0.000000	0.000000	0.002447
350	0.000000	0.000000	0.000000	0.004137	0.993404	0.000081	0.000000	0.000000	0.002378
351	0.000000	0.000000	0.000000	0.004166	0.993466	0.000083	0.000000	0.000000	0.002285
352	0.000000	0.000000	0.000000	0.004150	0.993579	0.000073	0.000000	0.000000	0.002198
353	0.000000	0.000000	0.000000	0.004102	0.993662	0.000084	0.000000	0.000000	0.002152
354	0.000000	0.000000	0.000000	0.004177	0.993656	0.000087	0.000000	0.000000	0.002080
355	0.000000	0.000000	0.000000	0.004208	0.993690	0.000083	0.000000	0.000000	0.002019
356	0.000000	0.000000	0.000000	0.004202	0.993773	0.000082	0.000000	0.000000	0.001943
357	0.000000	0.000000	0.000000	0.004275	0.993724	0.000088	0.000000	0.000000	0.001913
358	0.000000	0.000000	0.000000	0.004241	0.993845	0.000094	0.000000	0.000000	0.001820
359	0.000000	0.000000	0.000000	0.004231	0.993923	0.000090	0.000000	0.000000	0.001756
360	0.000000	0.000000	0.000000	0.004235	0.993990	0.000085	0.000000	0.000000	0.001690
361	0.000000	0.000000	0.000000	0.004272	0.994077	0.000085	0.000000	0.000000	0.001566
362	0.000000	0.000000	0.000000	0.004336	0.994023	0.000084	0.000000	0.000000	0.001557
363	0.000000	0.000000	0.000000	0.004406	0.994004	0.000082	0.000000	0.000000	0.001508
364	0.000000	0.000000	0.000000	0.004404	0.994044	0.000078	0.000000	0.000000	0.001474
365	0.000000	0.000000	0.000000	0.004439	0.994116	0.000075	0.000000	0.000000	0.001370
366	0.000000	0.000000	0.000000	0.004526	0.994064	0.000087	0.000000	0.000000	0.001323
367	0.000000	0.000000	0.000000	0.004455	0.994155	0.000085	0.000000	0.000000	0.001305
368	0.000000	0.000000	0.000000	0.004466	0.994186	0.000091	0.000000	0.000000	0.001257
369	0.000000	0.000000	0.000000	0.004491	0.994178	0.000097	0.000000	0.000000	0.001234
370	0.000000	0.000000	0.000000	0.004601	0.994134	0.000091	0.000000	0.000000	0.001174
371	0.000000	0.000000	0.000000	0.004669	0.994097	0.000095	0.000000	0.000000	0.001139
372	0.000000	0.000000	0.000000	0.004706	0.994109	0.000096	0.000000	0.000000	0.001089
373	0.000000	0.000000	0.000000	0.004745	0.994112	0.000091	0.000000	0.000000	0.001052
374	0.000000	0.000000	0.000000	0.004825	0.994123	0.000098	0.000000	0.000000	0.000954
375	0.000000	0.000000	0.000000	0.004828	0.994163	0.000102	0.000000	0.000000	0.000907
376	0.000000	0.000000	0.000000	0.004856	0.994190	0.000103	0.000000	0.000000	0.000851
377	0.000000	0.000000	0.000000	0.004872	0.994268	0.000097	0.000000	0.000000	0.000763
378	0.000000	0.000000	0.000000	0.004933	0.994234	0.000089	0.000000	0.000000	0.000744
379	0.000000	0.000000	0.000000	0.004872	0.994330	0.000097	0.000000	0.000000	0.000701
380	0.000000	0.000000	0.000000	0.004874	0.994370	0.000090	0.000000	0.000000	0.000666
381	0.000000	0.000000	0.000000	0.004834	0.994420	0.000097	0.000000	0.000000	0.000649
382	0.000000	0.000000	0.000000	0.004812	0.994469	0.000090	0.000000	0.000000	0.000629
383	0.000000	0.000000	0.000000	0.004799	0.994482	0.000095	0.000000	0.000000	0.000624
384	0.000000	0.000000	0.000000	0.004751	0.994553	0.000096	0.000000	0.000000	0.000600
385	0.000000	0.000000	0.000000	0.004661	0.994673	0.000101	0.000000	0.000000	0.000565
386	0.000000	0.000000	0.000000	0.004536	0.994833	0.000097	0.000000	0.000000	0.000534
387	0.000000	0.000000	0.000000	0.004567	0.994827	0.000095	0.000000	0.000000	0.000511
388	0.000000	0.000000	0.000000	0.004594	0.994810	0.000091	0.000000	0.000000	0.000505
389	0.000000	0.000000	0.000000	0.004610	0.994809	0.000106	0.000000	0.000000	0.000475
390	0.000000	0.000000	0.000000	0.004569	0.994883	0.000103	0.000000	0.000000	0.000445
391	0.000000	0.000000	0.000000	0.004572	0.994879	0.000096	0.000000	0.000000	0.000453
392	0.000000	0.000000	0.000000	0.004609	0.994867	0.000101	0.000000	0.000000	0.000423
393	0.000000	0.000000	0.000000	0.004597	0.994922	0.000091	0.000000	0.000000	0.000390
394	0.000000	0.000000	0.000000	0.004557	0.994990	0.000091	0.000000	0.000000	0.000362
395	0.000000	0.000000	0.000000	0.004464	0.995088	0.000094	0.000000	0.000000	0.000354
396	0.000000	0.000000	0.000000	0.004490	0.995062	0.000103	0.000000	0.000000	0.000345
397	0.000000	0.000000	0.000000	0.004488	0.995100	0.000104	0.000000	0.000000	0.000308
398	0.000000	0.000000	0.000000	0.004531	0.995053	0.000112	0.000000	0.000000	0.000304
399	0.000000	0.000000	0.000000	0.004544	0.995075	0.000105	0.000000	0.000000	0.000276
400	0.000000	0.000000	0.000000	0.004505	0.995123	0.000100	0.000000	0.000000	0.000272
401	0.000000	0.000000	0.000000	0.004487	0.995161	0.000102	0.000000	0.000000	0.000250
402	0.000000	0.000000	0.000000	0.004512	0.995150	0.000101	0.000000	0.000000	0.000237
403	0.000000	0.000000	0.000000	0.004460	0.995209	0.000102	0.000000	0.000000	0.000229
404	0.000000	0.000000	0.000000	0.004401	0.995291	0.000091	0.000000	0.000000	0.000217
405	0.000000	0.000000	0.000000	0.004406	0.995298	0.000101	0.000000	0.000000	0.000195
406	0.000000	0.000000	0.000000	0.004333	0.995401	0.000100	0.000000	0.000000	0.000166
407	0.000000	0.000000	0.000000	0.004339	0.995401	0.000096	0.000000	0.000000	0.000164
408	0.000000	0.000000	0.000000	0.004320	0.995435	0.000088	0.000000	0.000000	0.000157
409	0.000000	0.000000	0.000000	0.004275	0.995508	0.000095	0.000000	0.000000	0.000122
410	0.000000	0.000000	0.000000	0.004238	0.995557	0.000096	0.000000	0.000000	0.000109
411	0.000000	0.000000	0.000000	0.004192	0.995610	0.000095	0.000000	0.000000	0.000103
412	0.000000	0.000000	0.000000	0.004261	0.995537	0.000098	0.000000	0.000000	0.000104
413	0.000000	0.000000	0.000000	0.004240	0.995568	0.000096	0.000000	0.000000	0.000096
414	0.000000	0.000000	0.000000	0.004164	0.995639	0.000106	0.000000	0.000000	0.000091
415	0.000000	0.000000	0.000000	0.004113	0.995712	0.000100	0.000000	0.000000	0.000075
416	0.000000	0.000000	0.000000	0.004173	0.995647	0.000109	0.000000	0.000000	0.000071
417	0.000000	0.000000	0.000000	0.004173	0.995653	0.000116	0.000000	0.000000	0.000058
418	0.000000	0.000000	0.000000	0.004198	0.995642	0.000104	0.000000	0.000000	0.000056
419	0.000000	0.000000	0.000000	0.004135	0.995692	0.000110	0.000000	0.000000	0.000063
420	0.000000	0.000000	0.000000	0.004157	0.995685	0.000108	0.000000	0.000000	0.000050
421	0.000000	0.000000	0.000000	0.004150	0.995693	0.000114	0.000000	0.000000	0.000043
422	0.000000	0.000000	0.000000	0.004104	0.995734	0.000123	0.000000	0.000000	0.000039
423	0.000000	0.000000	0.000000	0.004124	0.995735	0.000103	0.000000	0.000000	0.000038
424	0.000000	0.000000	0.000000	0.004186	0.995664	0.000119	0.000000	0.000000	0.000031
425	0.000000	0.000000	0.000000	0.004129	0.995716	0.000118	0.000000	0.000000	0.000037
426	0.000000	0.000000	0.000000	0.004099	0.995770	0.000108	0.000000	0.000000	0.000023
427	0.000000	0.000000	0.000000	0.004134	0.995725	0.000123	0.000000	0.000000	0.000018
428	0.000000	0.000000	0.000000	0.004096	0.995783	0.000102	0.000000	0.000000	0.000019
429	0.000000	0.000000	0.000000	0.004012	0.995856	0.000109	0.000000	0.000000	0.000023
430	0.000000	0.000000	0.000000	0.004005	0.995878	0.000099	0.000000	0.000000	0.000018
431	0.000000	0.000000	0.000000	0.003972	0.995919	0.000094	0.000000	0.000000	0.000015
432	0.000000	0.000000	0.000000	0.003936	0.995956	0.000094	0.000000	0.000000	0.000014
433	0.000000	0.000000	0.000000	0.003897	0.995987	0.000100	0.000000	0.000000	0.000016
434	0.000000	0.000000	0.000000	0.003910	0.995984	0.000093	0.000000	0.000000	0.000013
435	0.000000	0.000000	0.000000	0.003933	0.995970	0.000086	0.000000	0.000000	0.000011
436	0.000000	0.000000	0.000000	0.003913	0.995996	0.000077	0.000000	0.000000	0.000014
437	0.000000	0.000000	0.000000	0.003927	0.995983	0.000077	0.000000	0.000000	0.000013
438	0.000000	0.000000	0.000000	0.003959	0.995966	0.000063	0.000000	0.000000	0.000012
439	0.000000	0.000000	0.000000	0.003996	0.995913	0.000080	0.000000	0.000000	0.000011
440	0.000000	0.000000	0.000000	0.004039	0.995877	0.000069	0.000000	0.000000	0.000015
441	0.000000	0.000000	0.000000	0.004037	0.995872	0.000077	0.000000	0.000000	0.000014
442	0.000000	0.000000	0.000000	0.004054	0.995856	0.000080	0.000000	0.000000	0.000010
443	0.000000	0.000000	0.000000	0.004017	0.995874	0.000097	0.000000	0.000000	0.000012
444	0.000000	0.000000	0.000000	0.004076	0.995818	0.000096	0.000000	0.000000	0.000010
445	0.000000	0.000000	0.000000	0.004075	0.995818	0.000097	0.000000	0.000000	0.000010
446	0.000000	0.000000	0.000000	0.004009	0.995885	0.000096	0.000000	0.000000	0.000010
447	0.000000	0.000000	0.000000	0.004023	0.995881	0.000088	0.000000	0.000000	0.000008
448	0.000000	0.000000	0.000000	0.004043	0.995868	0.000081	0.000000	0.000000	0.000008
449	0.000000	0.000000	0.000000	0.004049	0.995855	0.000089	0.000000	0.000000	0.000007
450	0.000000	0.000000	0.000000	0.004008	0.995897	0.000086	0.000000	0.000000	0.000009
451	0.000000	0.000000	0.000000	0.004051	0.995861	0.000078	0.000000	0.000000	0.000010
452	0.000000	0.000000	0.000000	0.004004	0.995915	0.000075	0.000000	0.000000	0.000006
453	0.000000	0.000000	0.000000	0.004001	0.995910	0.000081	0.000000	0.000000	0.000008
454	0.000000	0.000000	0.000000	0.003979	0.995931	0.000084	0.000000	0.000000	0.000006
455	0.000000	0.000000	0.000000	0.004074	0.995828	0.000093	0.000000	0.000000	0.000005
456	0.000000	0.000000	0.000000	0.004067	0.995823	0.000106	0.000000	0.000000	0.000004
457	0.000000	0.000000	0.000000	0.004060	0.995830	0.000107	0.000000	0.000000	0.000003
458	0.000000	0.000000	0.000000	0.004045	0.995834	0.000120	0.000000	0.000000	0.000001
459	0.000000	0.000000	0.000000	0.003996	0.995886	0.000118	0.000000	0.000000	0.000000
460	0.000000	0.000000	0.000000	0.004054	0.995810	0.000136	0.000000	0.000000	0.000000
461	0.000000	0.000000	0.000000	0.004028	0.995839	0.000133	0.000000	0.000000	0.000000
462	0.000000	0.000000	0.000000	0.004036	0.995836	0.000128	0.000000	0.000000	0.000000
463	0.000000	0.000000	0.000000	0.004063	0.995795	0.000142	0.000000	0.000000	0.000000
464	0.000000	0.000000	0.000000	0.004005	0.995844	0.000151	0.000000	0.000000	0.000000
465	0.000000	0.000000	0.000000	0.003997	0.995862	0.000141	0.000000	0.000000	0.000000
466	0.000000	0.000000	0.000000	0.004112	0.995747	0.000141	0.000000	0.000000	0.000000
467	0.000000	0.000000	0.000000	0.004046	0.995808	0.000146	0.000000	0.000000	0.000000
468	0.000000	0.000000	0.000000	0.004009	0.995857	0.000134	0.000000	0.000000	0.000000
469	0.000000	0.000000	0.000000	0.004086	0.995768	0.000146	0.000000	0.000000	0.000000
470	0.000000	0.000000	0.000000	0.004062	0.995813	0.000125	0.000000	0.000000	0.000000
