0	0.290663	0.057897	0.229473	0.157588	0.029913	0.111872	0.085455	0.012259	0.024880
1	0.216837	0.045225	0.189667	0.138409	0.028382	0.121004	0.134294	0.025939	0.100243
2	0.205299	0.042347	0.176990	0.130720	0.028548	0.115492	0.149019	0.028568	0.123017
3	0.199216	0.040233	0.167190	0.125042	0.029162	0.108143	0.160097	0.030085	0.140832
4	0.195437	0.038426	0.157728	0.120074	0.029685	0.100546	0.168996	0.031084	0.158024
5	0.192592	0.036963	0.147824	0.115379	0.030310	0.092781	0.176507	0.032374	0.175270
6	0.189952	0.035705	0.138540	0.111563	0.031377	0.085195	0.183388	0.032848	0.191432
7	0.187333	0.034771	0.129507	0.107334	0.032035	0.078695	0.189256	0.033594	0.207475
8	0.184529	0.033469	0.120953	0.103857	0.033352	0.072424	0.194565	0.033859	0.222992
9	0.182902	0.032218	0.112384	0.100815	0.034299	0.066604	0.199049	0.033886	0.237843
10	0.180929	0.031162	0.104251	0.097667	0.035672	0.060963	0.202986	0.033867	0.252503
11	0.178982	0.030160	0.096436	0.094673	0.036905	0.055358	0.206501	0.033950	0.267035
12	0.177322	0.029226	0.089704	0.091585	0.038375	0.050733	0.208968	0.033532	0.280555
13	0.175767	0.028340	0.082993	0.088453	0.039898	0.046176	0.211695	0.033314	0.293364
14	0.173751	0.027621	0.077226	0.085537	0.041683	0.042089	0.213330	0.033225	0.305538
15	0.172228	0.026812	0.071509	0.082591	0.043580	0.038235	0.214964	0.033318	0.316763
16	0.170933	0.026250	0.066073	0.080143	0.045199	0.034845	0.215249	0.032904	0.328404
17	0.168869	0.025314	0.061351	0.077591	0.046737	0.031545	0.216243	0.032729	0.339621
18	0.167365	0.024601	0.056635	0.075062	0.048528	0.028937	0.216115	0.032357	0.350400
19	0.165928	0.023949	0.052399	0.072476	0.050569	0.026300	0.215727	0.031969	0.360683
20	0.165101	0.023357	0.048183	0.070476	0.052809	0.023919	0.214583	0.031445	0.370127
21	0.163565	0.022534	0.044523	0.068393	0.054707	0.021458	0.214400	0.030923	0.379497
22	0.161856	0.021781	0.041142	0.065818	0.056964	0.019878	0.214008	0.030439	0.388114
23	0.160527	0.021030	0.037829	0.064067	0.058891	0.018238	0.212479	0.029967	0.396972
24	0.158934	0.020202	0.035013	0.061665	0.061304	0.016650	0.211096	0.029336	0.405800
25	0.157403	0.019550	0.032162	0.059481	0.063780	0.015038	0.209636	0.029028	0.413922
26	0.154940	0.018903	0.029555	0.057955	0.066137	0.013917	0.208344	0.028524	0.421725
27	0.152866	0.017930	0.027268	0.056073	0.068343	0.012666	0.206681	0.028197	0.429976
28	0.150744	0.017321	0.025165	0.054281	0.070666	0.011596	0.205729	0.027698	0.436800
29	0.148451	0.016711	0.023134	0.052912	0.072862	0.010727	0.204031	0.027085	0.444087
30	0.145613	0.016016	0.021154	0.051066	0.075531	0.009970	0.202810	0.026662	0.451178
31	0.143446	0.015569	0.019460	0.049576	0.077811	0.009131	0.201069	0.026119	0.457819
32	0.141174	0.014880	0.018004	0.048230	0.080145	0.008314	0.199011	0.025637	0.464605
33	0.138477	0.014131	0.016675	0.046809	0.082567	0.007645	0.197594	0.025015	0.471087
34	0.136166	0.013537	0.015000	0.045151	0.085035	0.007074	0.195458	0.024563	0.478016
35	0.133558	0.013087	0.013776	0.043922	0.087736	0.006555	0.192836	0.024258	0.484272
36	0.131488	0.012610	0.012744	0.042332	0.090231	0.006095	0.190723	0.023725	0.490052
37	0.129473	0.012174	0.011665	0.040594	0.092823	0.005664	0.188933	0.023186	0.495488
38	0.127247	0.011692	0.010635	0.038869	0.095422	0.005157	0.186837	0.022902	0.501239
39	0.125124	0.011175	0.009705	0.037635	0.098008	0.004797	0.185227	0.022162	0.506167
40	0.122552	0.010682	0.008826	0.036147	0.100660	0.004399	0.183090	0.021829	0.511815
41	0.120181	0.010155	0.008194	0.035095	0.103211	0.004081	0.180315	0.021602	0.517166
42	0.117609	0.009691	0.007605	0.033858	0.105757	0.003742	0.178293	0.021194	0.522251
43	0.115200	0.009336	0.007007	0.032397	0.108357	0.003488	0.176838	0.020758	0.526619
44	0.112687	0.008991	0.006248	0.031379	0.111182	0.003172	0.175054	0.020241	0.531046
45	0.110297	0.008640	0.005728	0.030166	0.113554	0.002932	0.173220	0.019995	0.535468
46	0.107574	0.008286	0.005252	0.029304	0.116244	0.002719	0.171203	0.019501	0.539917
47	0.105431	0.007957	0.004723	0.028323	0.118785	0.002432	0.168741	0.019300	0.544308
48	0.103180	0.007585	0.004373	0.027024	0.121156	0.002170	0.166569	0.018762	0.549181
49	0.100868	0.007216	0.003990	0.025994	0.123806	0.002003	0.164763	0.018453	0.552907
50	0.098143	0.007002	0.003624	0.025279	0.126312	0.001836	0.163045	0.018182	0.556577
51	0.095498	0.006642	0.003276	0.024409	0.128688	0.001711	0.161084	0.018025	0.560667
52	0.093203	0.006352	0.002958	0.023490	0.131007	0.001568	0.159506	0.017504	0.564412
53	0.090380	0.006248	0.002816	0.022855	0.133429	0.001381	0.157314	0.017104	0.568473
54	0.087800	0.005986	0.002548	0.022105	0.135784	0.001303	0.155584	0.016971	0.571919
55	0.085263	0.005674	0.002333	0.021235	0.138182	0.001176	0.153673	0.016544	0.575920
56	0.082629	0.005485	0.002147	0.020608	0.140424	0.001138	0.152038	0.016405	0.579126
57	0.079845	0.005155	0.001987	0.019746	0.143096	0.001070	0.150753	0.016127	0.582221
58	0.077311	0.004934	0.001785	0.018947	0.145603	0.001001	0.148852	0.015769	0.585798
59	0.075010	0.004664	0.001658	0.018260	0.147812	0.000912	0.147399	0.015384	0.588901
60	0.072804	0.004484	0.001543	0.017739	0.150070	0.000810	0.145395	0.015201	0.591954
61	0.070485	0.004307	0.001321	0.017231	0.152323	0.000738	0.143995	0.014828	0.594772
62	0.068142	0.004169	0.001244	0.016479	0.154244	0.000662	0.142260	0.014585	0.598215
63	0.065854	0.003888	0.001158	0.015920	0.156787	0.000615	0.141042	0.014275	0.600461
64	0.063352	0.003742	0.001082	0.015281	0.158978	0.000575	0.138922	0.014033	0.604035
65	0.061288	0.003569	0.000964	0.014617	0.161173	0.000518	0.137462	0.013819	0.606590
66	0.059122	0.003399	0.000895	0.014068	0.163643	0.000474	0.135728	0.013494	0.609177
67	0.056890	0.003228	0.000807	0.013854	0.165685	0.000432	0.134297	0.013265	0.611542
68	0.054878	0.003043	0.000747	0.013416	0.168009	0.000388	0.133166	0.012963	0.613390
69	0.052847	0.002952	0.000667	0.013028	0.170097	0.000340	0.132214	0.012841	0.615014
70	0.050835	0.002755	0.000598	0.012617	0.172190	0.000330	0.130834	0.012657	0.617184
71	0.048770	0.002694	0.000545	0.012287	0.173781	0.000304	0.129353	0.012361	0.619905
72	0.046759	0.002608	0.000483	0.011874	0.175925	0.000260	0.128225	0.012124	0.621742
73	0.044967	0.002502	0.000420	0.011455	0.177818	0.000245	0.127036	0.011828	0.623729
74	0.043259	0.002443	0.000383	0.011064	0.179553	0.000238	0.125789	0.011614	0.625657
75	0.041617	0.002319	0.000329	0.010717	0.181014	0.000232	0.124350	0.011511	0.627911
76	0.040059	0.002187	0.000299	0.010386	0.182588	0.000183	0.123199	0.011232	0.629867
77	0.038412	0.002148	0.000278	0.009994	0.183871	0.000164	0.121956	0.010949	0.632228
78	0.036768	0.002023	0.000251	0.009672	0.185589	0.000137	0.120884	0.010808	0.633868
79	0.035359	0.001881	0.000238	0.009237	0.187293	0.000124	0.119627	0.010675	0.635566
80	0.033822	0.001810	0.000202	0.009130	0.188870	0.000115	0.118245	0.010531	0.637275
81	0.032367	0.001770	0.000183	0.008912	0.190760	0.000120	0.117340	0.010385	0.638163
82	0.031127	0.001734	0.000145	0.008485	0.191990	0.000097	0.116099	0.010290	0.640033
83	0.029815	0.001657	0.000134	0.008204	0.193643	0.000083	0.114909	0.010152	0.641403
84	0.028415	0.001576	0.000127	0.007904	0.195190	0.000080	0.113816	0.010080	0.642812
85	0.027247	0.001523	0.000112	0.007640	0.196410	0.000079	0.112874	0.010024	0.644091
86	0.026100	0.001405	0.000110	0.007381	0.198153	0.000060	0.111239	0.009743	0.645809
87	0.024978	0.001286	0.000089	0.007223	0.199417	0.000049	0.110080	0.009557	0.647321
88	0.023825	0.001204	0.000077	0.007063	0.200376	0.000041	0.109344	0.009343	0.648727
89	0.022820	0.001196	0.000068	0.006862	0.201540	0.000036	0.107572	0.009266	0.650640
90	0.021842	0.001121	0.000057	0.006675	0.202902	0.000035	0.106740	0.009249	0.651379
91	0.020705	0.001103	0.000058	0.006521	0.204178	0.000036	0.105371	0.009203	0.652825
92	0.019817	0.001062	0.000061	0.006362	0.205122	0.000036	0.104121	0.009175	0.654244
93	0.018805	0.001002	0.000054	0.006133	0.206556	0.000039	0.103231	0.008966	0.655214
94	0.017959	0.000949	0.000063	0.005998	0.207716	0.000028	0.102277	0.008829	0.656181
95	0.017018	0.000938	0.000046	0.005785	0.208740	0.000027	0.101052	0.008711	0.657683
96	0.016158	0.000901	0.000026	0.005647	0.210021	0.000022	0.099970	0.008520	0.658735
97	0.015394	0.000872	0.000026	0.005438	0.211189	0.000021	0.098850	0.008366	0.659844
98	0.014612	0.000806	0.000027	0.005229	0.212430	0.000014	0.097849	0.008257	0.660776
99	0.013828	0.000779	0.000019	0.005087	0.213780	0.000011	0.097255	0.008147	0.661094
100	0.013267	0.000737	0.000017	0.005010	0.214658	0.000007	0.096647	0.008076	0.661581
101	0.012538	0.000718	0.000014	0.004880	0.215849	0.000009	0.095693	0.007958	0.662341
102	0.012001	0.000702	0.000018	0.004769	0.216596	0.000006	0.095024	0.007699	0.663185
103	0.011493	0.000636	0.000014	0.004600	0.217515	0.000001	0.094348	0.007814	0.663579
104	0.010943	0.000597	0.000012	0.004375	0.218187	0.000002	0.093465	0.007613	0.664806
105	0.010421	0.000550	0.000012	0.004264	0.219338	0.000001	0.092767	0.007515	0.665132
106	0.009939	0.000515	0.000009	0.004213	0.220060	0.000003	0.091932	0.007445	0.665884
107	0.009512	0.000497	0.000006	0.004105	0.221249	0.000001	0.091409	0.007363	0.665858
108	0.009012	0.000467	0.000005	0.003956	0.222318	0.000000	0.090732	0.007317	0.666193
109	0.008557	0.000430	0.000005	0.003826	0.223407	0.000001	0.089993	0.007146	0.666635
110	0.008095	0.000401	0.000004	0.003843	0.223920	0.000000	0.089322	0.007142	0.667273
111	0.007594	0.000376	0.000005	0.003782	0.224802	0.000000	0.088601	0.007138	0.667702
112	0.007212	0.000386	0.000003	0.003638	0.225839	0.000000	0.087928	0.007041	0.667953
113	0.006959	0.000358	0.000001	0.003531	0.226731	0.000000	0.087023	0.006869	0.668528
114	0.006604	0.000343	0.000001	0.003455	0.227198	0.000000	0.086339	0.006872	0.669188
115	0.006332	0.000317	0.000002	0.003353	0.227990	0.000000	0.085768	0.006827	0.669411
116	0.006010	0.000306	0.000002	0.003261	0.228931	0.000000	0.085061	0.006687	0.669742
117	0.005795	0.000303	0.000000	0.003256	0.229685	0.000000	0.084309	0.006555	0.670097
118	0.005468	0.000297	0.000000	0.003186	0.230625	0.000000	0.083732	0.006418	0.670274
119	0.005227	0.000295	0.000000	0.003032	0.231861	0.000000	0.083115	0.006348	0.670122
120	0.004962	0.000293	0.000000	0.002922	0.233015	0.000000	0.082276	0.006303	0.670229
121	0.004638	0.000286	0.000000	0.002832	0.233708	0.000000	0.081614	0.006209	0.670713
122	0.004321	0.000278	0.000000	0.002746	0.234569	0.000000	0.081109	0.006077	0.670900
123	0.004194	0.000268	0.000000	0.002729	0.235314	0.000000	0.080742	0.006007	0.670746
124	0.003978	0.000246	0.000000	0.002657	0.236399	0.000000	0.079797	0.005940	0.670983
125	0.003805	0.000229	0.000000	0.002604	0.237139	0.000000	0.079430	0.005886	0.670907
126	0.003631	0.000214	0.000000	0.002537	0.237905	0.000000	0.078581	0.005787	0.671345
127	0.003468	0.000204	0.000000	0.002486	0.238592	0.000000	0.078151	0.005717	0.671382
128	0.003317	0.000207	0.000000	0.002375	0.239338	0.000000	0.077427	0.005641	0.671695
129	0.003215	0.000202	0.000000	0.002245	0.239882	0.000000	0.076564	0.005560	0.672332
130	0.003033	0.000157	0.000000	0.002216	0.240954	0.000000	0.076006	0.005481	0.672153
131	0.002859	0.000153	0.000000	0.002157	0.241479	0.000000	0.075203	0.005385	0.672764
132	0.002704	0.000153	0.000000	0.002125	0.242211	0.000000	0.074952	0.005276	0.672579
133	0.002593	0.000133	0.000000	0.002078	0.242479	0.000000	0.074262	0.005213	0.673242
134	0.002436	0.000136	0.000000	0.002050	0.243124	0.000000	0.073733	0.005101	0.673420
135	0.002331	0.000124	0.000000	0.001995	0.243824	0.000000	0.073326	0.005047	0.673353
136	0.002225	0.000119	0.000000	0.002015	0.244638	0.000000	0.072667	0.005055	0.673281
137	0.002110	0.000120	0.000000	0.002015	0.245253	0.000000	0.072264	0.005031	0.673207
138	0.001997	0.000129	0.000000	0.002009	0.245894	0.000000	0.071453	0.005014	0.673504
139	0.001954	0.000140	0.000000	0.001939	0.246589	0.000000	0.071240	0.005072	0.673066
140	0.001861	0.000112	0.000000	0.001882	0.247111	0.000000	0.071292	0.004923	0.672819
141	0.001824	0.000099	0.000000	0.001849	0.247745	0.000000	0.070581	0.004899	0.673003
142	0.001788	0.000092	0.000000	0.001845	0.248282	0.000000	0.070015	0.004894	0.673084
143	0.001737	0.000080	0.000000	0.001799	0.248924	0.000000	0.069414	0.004751	0.673295
144	0.001711	0.000072	0.000000	0.001774	0.249462	0.000000	0.068628	0.004705	0.673648
145	0.001621	0.000062	0.000000	0.001673	0.250461	0.000000	0.068215	0.004550	0.673418
146	0.001586	0.000056	0.000000	0.001667	0.251194	0.000000	0.067509	0.004542	0.673446
147	0.001483	0.000062	0.000000	0.001627	0.251661	0.000000	0.067050	0.004477	0.673640
148	0.001418	0.000063	0.000000	0.001542	0.252715	0.000000	0.066595	0.004394	0.673273
149	0.001359	0.000055	0.000000	0.001488	0.253222	0.000000	0.065975	0.004339	0.673562
150	0.001315	0.000048	0.000000	0.001476	0.253858	0.000000	0.065466	0.004297	0.673540
151	0.001288	0.000042	0.000000	0.001408	0.254830	0.000000	0.064553	0.004371	0.673508
152	0.001273	0.000040	0.000000	0.001360	0.255249	0.000000	0.064037	0.004265	0.673776
153	0.001209	0.000041	0.000000	0.001326	0.255954	0.000000	0.063404	0.004202	0.673864
154	0.001165	0.000042	0.000000	0.001258	0.256595	0.000000	0.062739	0.004247	0.673954
155	0.001115	0.000037	0.000000	0.001222	0.257088	0.000000	0.062738	0.004133	0.673667
156	0.001047	0.000029	0.000000	0.001159	0.257826	0.000000	0.062051	0.004118	0.673770
157	0.000995	0.000025	0.000000	0.001171	0.258102	0.000000	0.061491	0.004070	0.674146
158	0.001001	0.000027	0.000000	0.001117	0.258794	0.000000	0.061075	0.003965	0.674021
159	0.000944	0.000030	0.000000	0.001129	0.259127	0.000000	0.060372	0.003920	0.674478
160	0.000933	0.000030	0.000000	0.001111	0.259527	0.000000	0.060081	0.003929	0.674389
161	0.000876	0.000018	0.000000	0.001046	0.259998	0.000000	0.059372	0.003979	0.674711
162	0.000836	0.000017	0.000000	0.001023	0.260664	0.000000	0.058680	0.003999	0.674781
163	0.000764	0.000010	0.000000	0.000984	0.261310	0.000000	0.058329	0.003916	0.674687
164	0.000730	0.000013	0.000000	0.000947	0.261789	0.000000	0.057772	0.003861	0.674888
165	0.000706	0.000014	0.000000	0.000922	0.262219	0.000000	0.057297	0.003924	0.674918
166	0.000635	0.000013	0.000000	0.000927	0.262742	0.000000	0.056664	0.003888	0.675131
167	0.000592	0.000011	0.000000	0.000886	0.262975	0.000000	0.056524	0.003803	0.675209
168	0.000575	0.000013	0.000000	0.000869	0.263300	0.000000	0.056003	0.003745	0.675495
169	0.000560	0.000016	0.000000	0.000838	0.263677	0.000000	0.055484	0.003789	0.675636
170	0.000536	0.000012	0.000000	0.000823	0.264521	0.000000	0.055286	0.003657	0.675165
171	0.000508	0.000011	0.000000	0.000822	0.265018	0.000000	0.055207	0.003673	0.674761
172	0.000468	0.000003	0.000000	0.000818	0.265563	0.000000	0.054530	0.003666	0.674952
173	0.000427	0.000005	0.000000	0.000801	0.266157	0.000000	0.054201	0.003568	0.674841
174	0.000399	0.000005	0.000000	0.000788	0.266803	0.000000	0.053632	0.003541	0.674832
175	0.000370	0.000004	0.000000	0.000769	0.267163	0.000000	0.053317	0.003454	0.674923
176	0.000362	0.000002	0.000000	0.000752	0.267708	0.000000	0.052960	0.003394	0.674822
177	0.000340	0.000001	0.000000	0.000714	0.267921	0.000000	0.052675	0.003320	0.675029
178	0.000331	0.000001	0.000000	0.000679	0.268386	0.000000	0.052083	0.003360	0.675160
179	0.000287	0.000001	0.000000	0.000695	0.268606	0.000000	0.051654	0.003357	0.675400
180	0.000273	0.000001	0.000000	0.000677	0.269444	0.000000	0.051667	0.003280	0.674658
181	0.000250	0.000002	0.000000	0.000673	0.269718	0.000000	0.051294	0.003296	0.674767
182	0.000247	0.000004	0.000000	0.000638	0.270397	0.000000	0.050944	0.003238	0.674532
183	0.000228	0.000005	0.000000	0.000645	0.270848	0.000000	0.050476	0.003158	0.674640
184	0.000221	0.000009	0.000000	0.000627	0.271422	0.000000	0.050211	0.003149	0.674361
185	0.000222	0.000012	0.000000	0.000613	0.271862	0.000000	0.049826	0.003010	0.674455
186	0.000207	0.000012	0.000000	0.000613	0.272290	0.000000	0.049702	0.003038	0.674138
187	0.000189	0.000012	0.000000	0.000599	0.272520	0.000000	0.049246	0.002933	0.674501
188	0.000154	0.000015	0.000000	0.000621	0.273206	0.000000	0.048837	0.002968	0.674199
189	0.000147	0.000012	0.000000	0.000589	0.273846	0.000000	0.048282	0.002934	0.674190
190	0.000141	0.000012	0.000000	0.000556	0.274429	0.000000	0.047884	0.002903	0.674075
191	0.000127	0.000010	0.000000	0.000572	0.274375	0.000000	0.047648	0.002868	0.674400
192	0.000124	0.000006	0.000000	0.000574	0.274864	0.000000	0.047323	0.002865	0.674244
193	0.000124	0.000009	0.000000	0.000569	0.275042	0.000000	0.047188	0.002859	0.674209
194	0.000114	0.000011	0.000000	0.000565	0.275919	0.000000	0.046690	0.002837	0.673864
195	0.000117	0.000010	0.000000	0.000568	0.276257	0.000000	0.046622	0.002819	0.673607
196	0.000111	0.000010	0.000000	0.000546	0.276657	0.000000	0.046432	0.002799	0.673445
197	0.000095	0.000009	0.000000	0.000535	0.277138	0.000000	0.046026	0.002704	0.673493
198	0.000098	0.000010	0.000000	0.000510	0.277360	0.000000	0.045649	0.002731	0.673642
199	0.000085	0.000007	0.000000	0.000512	0.277857	0.000000	0.045525	0.002769	0.673245
200	0.000082	0.000003	0.000000	0.000528	0.278118	0.000000	0.045347	0.002772	0.673150
201	0.000087	0.000002	0.000000	0.000524	0.278475	0.000000	0.045144	0.002716	0.673052
202	0.000071	0.000003	0.000000	0.000531	0.278802	0.000000	0.044705	0.002707	0.673181
203	0.000065	0.000003	0.000000	0.000492	0.278862	0.000000	0.044174	0.002699	0.673705
204	0.000058	0.000003	0.000000	0.000477	0.279378	0.000000	0.043666	0.002633	0.673785
205	0.000063	0.000005	0.000000	0.000482	0.279650	0.000000	0.043357	0.002670	0.673773
206	0.000058	0.000004	0.000000	0.000489	0.279900	0.000000	0.042936	0.002697	0.673916
207	0.000048	0.000007	0.000000	0.000496	0.279934	0.000000	0.042898	0.002706	0.673911
208	0.000050	0.000003	0.000000	0.000517	0.280126	0.000000	0.042799	0.002735	0.673770
209	0.000040	0.000002	0.000000	0.000495	0.280430	0.000000	0.042432	0.002711	0.673890
210	0.000038	0.000002	0.000000	0.000518	0.280888	0.000000	0.042411	0.002648	0.673495
211	0.000030	0.000001	0.000000	0.000457	0.281043	0.000000	0.042312	0.002631	0.673526
212	0.000037	0.000000	0.000000	0.000474	0.281742	0.000000	0.041920	0.002675	0.673152
213	0.000031	0.000000	0.000000	0.000468	0.281974	0.000000	0.041329	0.002620	0.673578
214	0.000030	0.000000	0.000000	0.000454	0.282176	0.000000	0.041088	0.002587	0.673665
215	0.000024	0.000000	0.000000	0.000431	0.282710	0.000000	0.040709	0.002535	0.673591
216	0.000023	0.000000	0.000000	0.000422	0.283075	0.000000	0.040554	0.002454	0.673472
217	0.000022	0.000000	0.000000	0.000377	0.283280	0.000000	0.040213	0.002466	0.673642
218	0.000026	0.000000	0.000000	0.000393	0.283795	0.000000	0.039822	0.002441	0.673523
219	0.000029	0.000000	0.000000	0.000379	0.283874	0.000000	0.039291	0.002478	0.673949
220	0.000029	0.000000	0.000000	0.000353	0.284200	0.000000	0.038929	0.002480	0.674009
221	0.000037	0.000000	0.000000	0.000355	0.284347	0.000000	0.038623	0.002411	0.674227
222	0.000041	0.000000	0.000000	0.000333	0.284781	0.000000	0.038379	0.002341	0.674125
223	0.000040	0.000000	0.000000	0.000320	0.284823	0.000000	0.038384	0.002300	0.674133
224	0.000037	0.000000	0.000000	0.000320	0.285303	0.000000	0.038033	0.002288	0.674019
225	0.000032	0.000000	0.000000	0.000321	0.285243	0.000000	0.037873	0.002315	0.674216
226	0.000031	0.000000	0.000000	0.000314	0.285464	0.000000	0.037712	0.002334	0.674145
227	0.000034	0.000000	0.000000	0.000310	0.285654	0.000000	0.037517	0.002276	0.674209
228	0.000033	0.000000	0.000000	0.000307	0.285755	0.000000	0.037132	0.002312	0.674461
229	0.000032	0.000000	0.000000	0.000294	0.286319	0.000000	0.036863	0.002264	0.674228
230	0.000029	0.000000	0.000000	0.000294	0.286702	0.000000	0.036553	0.002244	0.674178
231	0.000037	0.000000	0.000000	0.000293	0.287063	0.000000	0.036187	0.002251	0.674169
232	0.000036	0.000000	0.000000	0.000310	0.287495	0.000000	0.035820	0.002270	0.674069
233	0.000034	0.000000	0.000000	0.000333	0.287793	0.000000	0.035459	0.002277	0.674104
234	0.000029	0.000000	0.000000	0.000299	0.288079	0.000000	0.035463	0.002257	0.673873
235	0.000027	0.000000	0.000000	0.000285	0.288419	0.000000	0.035227	0.002262	0.673780
236	0.000033	0.000000	0.000000	0.000295	0.288710	0.000000	0.035236	0.002263	0.673463
237	0.000028	0.000000	0.000000	0.000280	0.289102	0.000000	0.035223	0.002243	0.673124
238	0.000031	0.000000	0.000000	0.000290	0.289632	0.000000	0.035031	0.002211	0.672805
239	0.000032	0.000000	0.000000	0.000315	0.289874	0.000000	0.034771	0.002172	0.672836
240	0.000031	0.000000	0.000000	0.000318	0.290073	0.000000	0.034603	0.002176	0.672799
241	0.000032	0.000000	0.000000	0.000322	0.290401	0.000000	0.034113	0.002097	0.673035
242	0.000033	0.000000	0.000000	0.000336	0.290787	0.000000	0.034059	0.002087	0.672698
243	0.000038	0.000000	0.000000	0.000330	0.291131	0.000000	0.033876	0.002110	0.672515
244	0.000040	0.000000	0.000000	0.000319	0.291389	0.000000	0.033857	0.002108	0.672287
245	0.000042	0.000000	0.000000	0.000309	0.291670	0.000000	0.033360	0.002074	0.672545
246	0.000049	0.000000	0.000000	0.000301	0.291970	0.000000	0.033231	0.002046	0.672403
247	0.000038	0.000000	0.000000	0.000325	0.292060	0.000000	0.033451	0.001993	0.672133
248	0.000039	0.000000	0.000000	0.000318	0.292109	0.000000	0.033301	0.001962	0.672271
249	0.000032	0.000000	0.000000	0.000314	0.292286	0.000000	0.033305	0.001889	0.672174
250	0.000034	0.000000	0.000000	0.000329	0.292647	0.000000	0.033108	0.001832	0.672050
251	0.000027	0.000000	0.000000	0.000349	0.292925	0.000000	0.032790	0.001797	0.672112
252	0.000028	0.000000	0.000000	0.000345	0.293347	0.000000	0.032528	0.001774	0.671978
253	0.000022	0.000000	0.000000	0.000352	0.293918	0.000000	0.032422	0.001709	0.671577
254	0.000022	0.000000	0.000000	0.000344	0.294096	0.000000	0.031978	0.001722	0.671838
255	0.000026	0.000000	0.000000	0.000343	0.294247	0.000000	0.031899	0.001769	0.671716
256	0.000022	0.000000	0.000000	0.000341	0.294569	0.000000	0.031489	0.001731	0.671848
257	0.000022	0.000000	0.000000	0.000340	0.295141	0.000000	0.031340	0.001750	0.671407
258	0.000019	0.000000	0.000000	0.000349	0.295479	0.000000	0.031228	0.001749	0.671176
259	0.000014	0.000000	0.000000	0.000348	0.295575	0.000000	0.031216	0.001758	0.671089
260	0.000013	0.000000	0.000000	0.000340	0.295678	0.000000	0.031182	0.001731	0.671056
261	0.000014	0.000000	0.000000	0.000346	0.295871	0.000000	0.031033	0.001741	0.670995
262	0.000011	0.000000	0.000000	0.000344	0.296086	0.000000	0.030954	0.001712	0.670893
263	0.000010	0.000000	0.000000	0.000350	0.296228	0.000000	0.030817	0.001726	0.670869
264	0.000008	0.000000	0.000000	0.000334	0.296397	0.000000	0.030709	0.001724	0.670828
265	0.000007	0.000000	0.000000	0.000314	0.296864	0.000000	0.030404	0.001682	0.670729
266	0.000003	0.000000	0.000000	0.000297	0.297392	0.000000	0.030368	0.001634	0.670306
267	0.000002	0.000000	0.000000	0.000298	0.297627	0.000000	0.030109	0.001646	0.670318
268	0.000002	0.000000	0.000000	0.000296	0.298156	0.000000	0.029805	0.001599	0.670142
269	0.000000	0.000000	0.000000	0.000302	0.298332	0.000000	0.029755	0.001578	0.670033
270	0.000000	0.000000	0.000000	0.000285	0.298518	0.000000	0.029628	0.001507	0.670062
271	0.000000	0.000000	0.000000	0.000280	0.298638	0.000000	0.029451	0.001517	0.670114
272	0.000000	0.000000	0.000000	0.000278	0.298674	0.000000	0.029424	0.001539	0.670085
273	0.000000	0.000000	0.000000	0.000265	0.298968	0.000000	0.029455	0.001487	0.669825
274	0.000000	0.000000	0.000000	0.000252	0.298965	0.000000	0.029137	0.001546	0.670100
275	0.000000	0.000000	0.000000	0.000237	0.299432	0.000000	0.029146	0.001532	0.669653
276	0.000000	0.000000	0.000000	0.000233	0.299818	0.000000	0.028926	0.001532	0.669491
277	0.000000	0.000000	0.000000	0.000240	0.299590	0.000000	0.028505	0.001543	0.670122
278	0.000000	0.000000	0.000000	0.000244	0.299706	0.000000	0.028511	0.001543	0.669996
279	0.000000	0.000000	0.000000	0.000215	0.299907	0.000000	0.028357	0.001495	0.670026
280	0.000000	0.000000	0.000000	0.000231	0.300200	0.000000	0.028131	0.001476	0.669962
281	0.000000	0.000000	0.000000	0.000242	0.300314	0.000000	0.027958	0.001530	0.669956
282	0.000000	0.000000	0.000000	0.000235	0.300293	0.000000	0.027878	0.001556	0.670038
283	0.000000	0.000000	0.000000	0.000248	0.300364	0.000000	0.027838	0.001545	0.670005
284	0.000000	0.000000	0.000000	0.000245	0.300501	0.000000	0.027636	0.001507	0.670111
285	0.000000	0.000000	0.000000	0.000226	0.300521	0.000000	0.027637	0.001518	0.670098
286	0.000000	0.000000	0.000000	0.000228	0.300400	0.000000	0.027531	0.001504	0.670337
287	0.000000	0.000000	0.000000	0.000235	0.300554	0.000000	0.027386	0.001488	0.670337
288	0.000000	0.000000	0.000000	0.000226	0.300803	0.000000	0.027168	0.001534	0.670269
289	0.000000	0.000000	0.000000	0.000228	0.300783	0.000000	0.026953	0.001496	0.670540
290	0.000000	0.000000	0.000000	0.000211	0.300921	0.000000	0.027016	0.001509	0.670343
291	0.000000	0.000000	0.000000	0.000228	0.301074	0.000000	0.026776	0.001533	0.670389
292	0.000000	0.000000	0.000000	0.000242	0.301237	0.000000	0.026662	0.001480	0.670379
293	0.000000	0.000000	0.000000	0.000227	0.301641	0.000000	0.026507	0.001472	0.670153
294	0.000000	0.000000	0.000000	0.000236	0.301614	0.000000	0.026320	0.001470	0.670360
295	0.000000	0.000000	0.000000	0.000216	0.301426	0.000000	0.026122	0.001446	0.670790
296	0.000000	0.000000	0.000000	0.000221	0.301719	0.000000	0.026194	0.001433	0.670433
297	0.000000	0.000000	0.000000	0.000225	0.301880	0.000000	0.025992	0.001443	0.670460
298	0.000000	0.000000	0.000000	0.000220	0.301809	0.000000	0.025911	0.001457	0.670603
299	0.000000	0.000000	0.000000	0.000204	0.301450	0.000000	0.025847	0.001462	0.671037
300	0.000000	0.000000	0.000000	0.000192	0.301760	0.000000	0.025654	0.001453	0.670941
301	0.000000	0.000000	0.000000	0.000182	0.301985	0.000000	0.025420	0.001520	0.670893
302	0.000000	0.000000	0.000000	0.000195	0.302160	0.000000	0.025174	0.001444	0.671027
303	0.000000	0.000000	0.000000	0.000204	0.302480	0.000000	0.025101	0.001516	0.670699
304	0.000000	0.000000	0.000000	0.000211	0.303149	0.000000	0.025005	0.001445	0.670190
305	0.000000	0.000000	0.000000	0.000219	0.303294	0.000000	0.024558	0.001431	0.670498
306	0.000000	0.000000	0.000000	0.000203	0.303125	0.000000	0.024403	0.001437	0.670832
307	0.000000	0.000000	0.000000	0.000205	0.303151	0.000000	0.024231	0.001413	0.671000
308	0.000000	0.000000	0.000000	0.000213	0.303111	0.000000	0.024174	0.001409	0.671093
309	0.000000	0.000000	0.000000	0.000186	0.303450	0.000000	0.023962	0.001402	0.671000
310	0.000000	0.000000	0.000000	0.000190	0.303511	0.000000	0.023739	0.001435	0.671125
311	0.000000	0.000000	0.000000	0.000184	0.303866	0.000000	0.023612	0.001466	0.670872
312	0.000000	0.000000	0.000000	0.000193	0.304326	0.000000	0.023653	0.001472	0.670356
313	0.000000	0.000000	0.000000	0.000191	0.304469	0.000000	0.023545	0.001491	0.670304
314	0.000000	0.000000	0.000000	0.000170	0.304811	0.000000	0.023429	0.001567	0.670023
315	0.000000	0.000000	0.000000	0.000173	0.304804	0.000000	0.023330	0.001504	0.670189
316	0.000000	0.000000	0.000000	0.000179	0.305206	0.000000	0.023106	0.001439	0.670070
317	0.000000	0.000000	0.000000	0.000164	0.305471	0.000000	0.022985	0.001380	0.670000
318	0.000000	0.000000	0.000000	0.000171	0.305917	0.000000	0.022936	0.001367	0.669609
319	0.000000	0.000000	0.000000	0.000185	0.306163	0.000000	0.022632	0.001376	0.669644
320	0.000000	0.000000	0.000000	0.000177	0.305829	0.000000	0.022669	0.001372	0.669953
321	0.000000	0.000000	0.000000	0.000170	0.305706	0.000000	0.022680	0.001343	0.670101
322	0.000000	0.000000	0.000000	0.000168	0.306122	0.000000	0.022630	0.001277	0.669803
323	0.000000	0.000000	0.000000	0.000160	0.306020	0.000000	0.022738	0.001306	0.669776
324	0.000000	0.000000	0.000000	0.000150	0.306297	0.000000	0.022587	0.001301	0.669665
325	0.000000	0.000000	0.000000	0.000160	0.306308	0.000000	0.022607	0.001356	0.669569
326	0.000000	0.000000	0.000000	0.000149	0.306546	0.000000	0.022578	0.001339	0.669388
327	0.000000	0.000000	0.000000	0.000162	0.306639	0.000000	0.022428	0.001351	0.669420
328	0.000000	0.000000	0.000000	0.000148	0.306807	0.000000	0.022062	0.001346	0.669637
329	0.000000	0.000000	0.000000	0.000164	0.306707	0.000000	0.022005	0.001350	0.669774
330	0.000000	0.000000	0.000000	0.000162	0.307376	0.000000	0.021929	0.001331	0.669202
331	0.000000	0.000000	0.000000	0.000163	0.307275	0.000000	0.021926	0.001396	0.669240
332	0.000000	0.000000	0.000000	0.000178	0.307761	0.000000	0.021875	0.001360	0.668826
333	0.000000	0.000000	0.000000	0.000167	0.308079	0.000000	0.021778	0.001335	0.668641
334	0.000000	0.000000	0.000000	0.000161	0.308263	0.000000	0.021660	0.001349	0.668567
335	0.000000	0.000000	0.000000	0.000165	0.308630	0.000000	0.021644	0.001394	0.668167
336	0.000000	0.000000	0.000000	0.000167	0.308889	0.000000	0.021342	0.001383	0.668219
337	0.000000	0.000000	0.000000	0.000162	0.309379	0.000000	0.021397	0.001362	0.667700
338	0.000000	0.000000	0.000000	0.000167	0.309855	0.000000	0.021441	0.001393	0.667144
339	0.000000	0.000000	0.000000	0.000155	0.310010	0.000000	0.021236	0.001365	0.667234
340	0.000000	0.000000	0.000000	0.000164	0.310289	0.000000	0.021148	0.001349	0.667050
341	0.000000	0.000000	0.000000	0.000151	0.310478	0.000000	0.021075	0.001366	0.666930
342	0.000000	0.000000	0.000000	0.000136	0.310673	0.000000	0.021047	0.001374	0.666770
343	0.000000	0.000000	0.000000	0.000139	0.310758	0.000000	0.020950	0.001367	0.666786
344	0.000000	0.000000	0.000000	0.000124	0.310740	0.000000	0.020824	0.001351	0.666961
345	0.000000	0.000000	0.000000	0.000110	0.311153	0.000000	0.020749	0.001355	0.666633
346	0.000000	0.000000	0.000000	0.000112	0.311120	0.000000	0.020645	0.001332	0.666791
347	0.000000	0.000000	0.000000	0.000129	0.311262	0.000000	0.020548	0.001337	0.666724
348	0.000000	0.000000	0.000000	0.000133	0.311541	0.000000	0.020299	0.001338	0.666689
349	0.000000	0.000000	0.000000	0.000145	0.311884	0.000000	0.020306	0.001348	0.666317
350	0.000000	0.000000	0.000000	0.000144	0.312045	0.000000	0.020319	0.001330	0.666162
351	0.000000	0.000000	0.000000	0.000158	0.312181	0.000000	0.020219	0.001350	0.666092
352	0.000000	0.000000	0.000000	0.000162	0.312113	0.000000	0.020071	0.001303	0.666351
353	0.000000	0.000000	0.000000	0.000162	0.312298	0.000000	0.020045	0.001294	0.666201
354	0.000000	0.000000	0.000000	0.000156	0.312428	0.000000	0.019752	0.001285	0.666379
355	0.000000	0.000000	0.000000	0.000157	0.312507	0.000000	0.019606	0.001295	0.666435
356	0.000000	0.000000	0.000000	0.000157	0.312560	0.000000	0.019479	0.001322	0.666482
357	0.000000	0.000000	0.000000	0.000144	0.312913	0.000000	0.019323	0.001285	0.666335
358	0.000000	0.000000	0.000000	0.000142	0.313255	0.000000	0.019145	0.001235	0.666223
359	0.000000	0.000000	0.000000	0.000126	0.313329	0.000000	0.018832	0.001258	0.666455
360	0.000000	0.000000	0.000000	0.000116	0.313461	0.000000	0.018583	0.001246	0.666594
361	0.000000	0.000000	0.000000	0.000100	0.313333	0.000000	0.018627	0.001250	0.666690
362	0.000000	0.000000	0.000000	0.000099	0.313543	0.000000	0.018482	0.001229	0.666647
363	0.000000	0.000000	0.000000	0.000098	0.313818	0.000000	0.018502	0.001236	0.666346
364	0.000000	0.000000	0.000000	0.000086	0.313963	0.000000	0.018389	0.001252	0.666310
365	0.000000	0.000000	0.000000	0.000090	0.314005	0.000000	0.018219	0.001256	0.666430
366	0.000000	0.000000	0.000000	0.000091	0.314245	0.000000	0.018184	0.001229	0.666251
367	0.000000	0.000000	0.000000	0.000075	0.314730	0.000000	0.017865	0.001232	0.666098
368	0.000000	0.000000	0.000000	0.000077	0.314699	0.000000	0.017946	0.001233	0.666045
369	0.000000	0.000000	0.000000	0.000085	0.315058	0.000000	0.017870	0.001246	0.665741
370	0.000000	0.000000	0.000000	0.000074	0.314775	0.000000	0.017707	0.001231	0.666213
371	0.000000	0.000000	0.000000	0.000080	0.315056	0.000000	0.017556	0.001280	0.666028
372	0.000000	0.000000	0.000000	0.000070	0.315266	0.000000	0.017522	0.001273	0.665869
373	0.000000	0.000000	0.000000	0.000068	0.315532	0.000000	0.017553	0.001276	0.665571
374	0.000000	0.000000	0.000000	0.000063	0.315833	0.000000	0.017361	0.001290	0.665453
375	0.000000	0.000000	0.000000	0.000060	0.316120	0.000000	0.017169	0.001310	0.665341
376	0.000000	0.000000	0.000000	0.000048	0.316342	0.000000	0.017073	0.001299	0.665238
377	0.000000	0.000000	0.000000	0.000052	0.316553	0.000000	0.017066	0.001282	0.665047
378	0.000000	0.000000	0.000000	0.000050	0.316721	0.000000	0.016904	0.001265	0.665060
379	0.000000	0.000000	0.000000	0.000041	0.317003	0.000000	0.016848	0.001300	0.664808
380	0.000000	0.000000	0.000000	0.000043	0.316929	0.000000	0.016846	0.001319	0.664863
381	0.000000	0.000000	0.000000	0.000041	0.317261	0.000000	0.016629	0.001306	0.664763
382	0.000000	0.000000	0.000000	0.000043	0.317366	0.000000	0.016522	0.001267	0.664802
383	0.000000	0.000000	0.000000	0.000047	0.317569	0.000000	0.016593	0.001287	0.664504
384	0.000000	0.000000	0.000000	0.000050	0.317562	0.000000	0.016486	0.001305	0.664597
385	0.000000	0.000000	0.000000	0.000050	0.317647	0.000000	0.016390	0.001275	0.664638
386	0.000000	0.000000	0.000000	0.000051	0.317603	0.000000	0.016302	0.001242	0.664802
387	0.000000	0.000000	0.000000	0.000055	0.317740	0.000000	0.016303	0.001228	0.664674
388	0.000000	0.000000	0.000000	0.000056	0.317926	0.000000	0.016080	0.001257	0.664681
389	0.000000	0.000000	0.000000	0.000063	0.317914	0.000000	0.016129	0.001198	0.664696
390	0.000000	0.000000	0.000000	0.000054	0.317910	0.000000	0.016059	0.001212	0.664765
391	0.000000	0.000000	0.000000	0.000055	0.318146	0.000000	0.015963	0.001224	0.664612
392	0.000000	0.000000	0.000000	0.000057	0.318282	0.000000	0.015897	0.001248	0.664516
393	0.000000	0.000000	0.000000	0.000046	0.318472	0.000000	0.015745	0.001192	0.664545
394	0.000000	0.000000	0.000000	0.000048	0.318770	0.000000	0.015709	0.001168	0.664305
395	0.000000	0.000000	0.000000	0.000046	0.318737	0.000000	0.015564	0.001158	0.664495
396	0.000000	0.000000	0.000000	0.000047	0.318863	0.000000	0.015473	0.001138	0.664479
397	0.000000	0.000000	0.000000	0.000054	0.318828	0.000000	0.015502	0.001120	0.664496
398	0.000000	0.000000	0.000000	0.000056	0.319151	0.000000	0.015442	0.001130	0.664221
399	0.000000	0.000000	0.000000	0.000054	0.318987	0.000000	0.015284	0.001187	0.664488
400	0.000000	0.000000	0.000000	0.000054	0.319401	0.000000	0.015305	0.001192	0.664048
401	0.000000	0.000000	0.000000	0.000044	0.319876	0.000000	0.015256	0.001181	0.663643
402	0.000000	0.000000	0.000000	0.000039	0.319959	0.000000	0.015136	0.001165	0.663701
403	0.000000	0.000000	0.000000	0.000042	0.319781	0.000000	0.015125	0.001162	0.663890
404	0.000000	0.000000	0.000000	0.000048	0.319696	0.000000	0.014947	0.001131	0.664178
405	0.000000	0.000000	0.000000	0.000056	0.319757	0.000000	0.014986	0.001118	0.664083
406	0.000000	0.000000	0.000000	0.000055	0.320116	0.000000	0.015055	0.001078	0.663696
407	0.000000	0.000000	0.000000	0.000046	0.320129	0.000000	0.014883	0.001119	0.663823
408	0.000000	0.000000	0.000000	0.000039	0.320239	0.000000	0.014981	0.001151	0.663590
409	0.000000	0.000000	0.000000	0.000038	0.320482	0.000000	0.015019	0.001112	0.663349
410	0.000000	0.000000	0.000000	0.000033	0.320902	0.000000	0.014822	0.001132	0.663111
411	0.000000	0.000000	0.000000	0.000032	0.321052	0.000000	0.014786	0.001154	0.662976
412	0.000000	0.000000	0.000000	0.000031	0.321387	0.000000	0.014745	0.001164	0.662673
413	0.000000	0.000000	0.000000	0.000035	0.321015	0.000000	0.014648	0.001149	0.663153
414	0.000000	0.000000	0.000000	0.000031	0.321052	0.000000	0.014546	0.001128	0.663243
415	0.000000	0.000000	0.000000	0.000031	0.321390	0.000000	0.014444	0.001134	0.663001
416	0.000000	0.000000	0.000000	0.000042	0.321382	0.000000	0.014323	0.001114	0.663139
417	0.000000	0.000000	0.000000	0.000039	0.321653	0.000000	0.014331	0.001079	0.662898
418	0.000000	0.000000	0.000000	0.000040	0.321912	0.000000	0.014228	0.001094	0.662726
419	0.000000	0.000000	0.000000	0.000036	0.321675	0.000000	0.014204	0.001105	0.662980
420	0.000000	0.000000	0.000000	0.000034	0.321679	0.000000	0.014142	0.001107	0.663038
421	0.000000	0.000000	0.000000	0.000032	0.321775	0.000000	0.014107	0.001097	0.662989
422	0.000000	0.000000	0.000000	0.000023	0.321606	0.000000	0.014144	0.001073	0.663154
423	0.000000	0.000000	0.000000	0.000021	0.321466	0.000000	0.014081	0.001072	0.663360
424	0.000000	0.000000	0.000000	0.000017	0.321613	0.000000	0.014079	0.001100	0.663191
425	0.000000	0.000000	0.000000	0.000015	0.321622	0.000000	0.013921	0.001085	0.663357
426	0.000000	0.000000	0.000000	0.000014	0.321935	0.000000	0.013731	0.001123	0.663197
427	0.000000	0.000000	0.000000	0.000020	0.322100	0.000000	0.013796	0.001145	0.662939
428	0.000000	0.000000	0.000000	0.000021	0.322147	0.000000	0.013762	0.001123	0.662947
429	0.000000	0.000000	0.000000	0.000024	0.322335	0.000000	0.013623	0.001116	0.662902
430	0.000000	0.000000	0.000000	0.000018	0.322822	0.000000	0.013559	0.001098	0.662503
431	0.000000	0.000000	0.000000	0.000021	0.322796	0.000000	0.013546	0.001064	0.662573
432	0.000000	0.000000	0.000000	0.000020	0.323435	0.000000	0.013437	0.001079	0.662029
433	0.000000	0.000000	0.000000	0.000024	0.323456	0.000000	0.013347	0.001091	0.662082
434	0.000000	0.000000	0.000000	0.000026	0.323442	0.000000	0.013240	0.001123	0.662169
435	0.000000	0.000000	0.000000	0.000028	0.323788	0.000000	0.013229	0.001110	0.661845
436	0.000000	0.000000	0.000000	0.000038	0.324120	0.000000	0.013200	0.001154	0.661488
437	0.000000	0.000000	0.000000	0.000035	0.324394	0.000000	0.013360	0.001095	0.661116
438	0.000000	0.000000	0.000000	0.000034	0.324274	0.000000	0.013217	0.001106	0.661369
439	0.000000	0.000000	0.000000	0.000036	0.324210	0.000000	0.013148	0.001106	0.661500
440	0.000000	0.000000	0.000000	0.000033	0.324532	0.000000	0.013103	0.001090	0.661242
441	0.000000	0.000000	0.000000	0.000032	0.324923	0.000000	0.013107	0.001106	0.660832
442	0.000000	0.000000	0.000000	0.000035	0.324732	0.000000	0.013057	0.001131	0.661045
443	0.000000	0.000000	0.000000	0.000030	0.324926	0.000000	0.013057	0.001164	0.660823
444	0.000000	0.000000	0.000000	0.000028	0.324993	0.000000	0.013002	0.001148	0.660829
445	0.000000	0.000000	0.000000	0.000027	0.325449	0.000000	0.012877	0.001161	0.660486
446	0.000000	0.000000	0.000000	0.000026	0.325613	0.000000	0.012718	0.001191	0.660452
447	0.000000	0.000000	0.000000	0.000031	0.326017	0.000000	0.012682	0.001160	0.660110
448	0.000000	0.000000	0.000000	0.000035	0.326260	0.000000	0.012626	0.001165	0.659914
449	0.000000	0.000000	0.000000	0.000033	0.326429	0.000000	0.012606	0.001180	0.659752
450	0.000000	0.000000	0.000000	0.000033	0.326682	0.000000	0.012377	0.001197	0.659711
451	0.000000	0.000000	0.000000	0.000035	0.327163	0.000000	0.012330	0.001211	0.659261
452	0.000000	0.000000	0.000000	0.000034	0.327542	0.000000	0.012251	0.001200	0.658973
453	0.000000	0.000000	0.000000	0.000026	0.327768	0.000000	0.012044	0.001192	0.658970
454	0.000000	0.000000	0.000000	0.000034	0.328132	0.000000	0.012027	0.001170	0.658637
455	0.000000	0.000000	0.000000	0.000030	0.328360	0.000000	0.011835	0.001151	0.658624
456	0.000000	0.000000	0.000000	0.000029	0.328480	0.000000	0.011736	0.001169	0.658586
457	0.000000	0.000000	0.000000	0.000033	0.328400	0.000000	0.011885	0.001146	0.658536
458	0.000000	0.000000	0.000000	0.000028	0.328475	0.000000	0.011742	0.001152	0.658603
459	0.000000	0.000000	0.000000	0.000033	0.328710	0.000000	0.011570	0.001110	0.658577
460	0.000000	0.000000	0.000000	0.000035	0.328857	0.000000	0.011610	0.001075	0.658423
461	0.000000	0.000000	0.000000	0.000034	0.328965	0.000000	0.011584	0.001110	0.658307
462	0.000000	0.000000	0.000000	0.000036	0.328911	0.000000	0.011602	0.001098	0.658353
463	0.000000	0.000000	0.000000	0.000041	0.329080	0.000000	0.011483	0.001128	0.658268
464	0.000000	0.000000	0.000000	0.000038	0.329282	0.000000	0.011422	0.001136	0.658122
465	0.000000	0.000000	0.000000	0.000038	0.329594	0.000000	0.011259	0.001136	0.657973
466	0.000000	0.000000	0.000000	0.000043	0.329574	0.000000	0.011165	0.001147	0.658071
467	0.000000	0.000000	0.000000	0.000051	0.329680	0.000000	0.011244	0.001133	0.657892
468	0.000000	0.000000	0.000000	0.000051	0.329845	0.000000	0.011298	0.001139	0.657667
469	0.000000	0.000000	0.000000	0.000057	0.330022	0.000000	0.011240	0.001149	0.657532
470	0.000000	0.000000	0.000000	0.000049	0.330217	0.000000	0.011154	0.001166	0.657414
