0	0.290663	0.057897	0.229473	0.157588	0.029913	0.111872	0.085455	0.012259	0.024880
1	0.233927	0.048589	0.200686	0.140748	0.028916	0.120432	0.115668	0.022398	0.088636
2	0.234898	0.048020	0.202186	0.134771	0.029655	0.117487	0.114491	0.022182	0.096310
3	0.242766	0.048562	0.204926	0.130495	0.030596	0.112380	0.110019	0.020921	0.099335
4	0.251731	0.049053	0.207574	0.126526	0.031779	0.107321	0.104945	0.019494	0.101577
5	0.260958	0.049356	0.210124	0.122857	0.033071	0.102117	0.099769	0.018129	0.103619
6	0.270365	0.049739	0.212200	0.119204	0.034480	0.096947	0.094821	0.016671	0.105573
7	0.280504	0.049717	0.213856	0.115278	0.035886	0.091733	0.090123	0.015603	0.107300
8	0.289789	0.049871	0.215647	0.111337	0.037521	0.086994	0.085404	0.014335	0.109102
9	0.299816	0.049800	0.216476	0.107556	0.039133	0.082575	0.080921	0.013171	0.110552
10	0.308455	0.049831	0.217680	0.103319	0.041106	0.078246	0.076894	0.012291	0.112178
11	0.317711	0.049327	0.217919	0.099906	0.043001	0.074278	0.072488	0.011286	0.114084
12	0.326821	0.048741	0.217970	0.096517	0.045041	0.070370	0.068808	0.010392	0.115340
13	0.336280	0.048449	0.217748	0.092547	0.047283	0.066344	0.065256	0.009848	0.116245
14	0.345015	0.048088	0.217348	0.089631	0.049256	0.062782	0.061583	0.009064	0.117233
15	0.353256	0.047900	0.216640	0.086099	0.051746	0.059503	0.058119	0.008344	0.118393
16	0.361800	0.047447	0.216407	0.082861	0.054145	0.055909	0.054947	0.007755	0.118729
17	0.369314	0.046916	0.215797	0.079800	0.056612	0.053029	0.052028	0.007015	0.119489
18	0.376662	0.046502	0.214952	0.076782	0.059297	0.050204	0.048824	0.006540	0.120237
19	0.384463	0.045666	0.214117	0.073817	0.062092	0.047028	0.046124	0.006103	0.120590
20	0.391226	0.044813	0.213296	0.070859	0.065088	0.044756	0.043165	0.005576	0.121221
21	0.397916	0.044245	0.211929	0.067776	0.068315	0.042393	0.040599	0.005185	0.121642
22	0.404414	0.043216	0.210697	0.065258	0.071649	0.040223	0.038046	0.004898	0.121599
23	0.410524	0.042873	0.208605	0.063053	0.075002	0.038022	0.035719	0.004487	0.121715
24	0.416360	0.042420	0.207052	0.060452	0.078294	0.035918	0.033357	0.004119	0.122028
25	0.422124	0.041739	0.205275	0.057945	0.081588	0.034128	0.031573	0.003768	0.121860
26	0.427742	0.040896	0.203571	0.055861	0.084734	0.032210	0.029818	0.003502	0.121666
27	0.432778	0.040221	0.201395	0.054090	0.088352	0.030407	0.027783	0.003341	0.121633
28	0.438096	0.039656	0.199531	0.051894	0.091831	0.028872	0.025895	0.003098	0.121127
29	0.442466	0.038963	0.197213	0.050152	0.095815	0.027393	0.024270	0.002916	0.120812
30	0.446850	0.038310	0.194748	0.048460	0.099934	0.025901	0.022984	0.002644	0.120169
31	0.450318	0.037718	0.192916	0.046549	0.104315	0.024503	0.021478	0.002453	0.119750
32	0.453463	0.037273	0.190220	0.045159	0.108908	0.023336	0.020131	0.002299	0.119211
33	0.455819	0.036455	0.188098	0.043973	0.114056	0.022297	0.018821	0.002078	0.118403
34	0.458741	0.036013	0.185810	0.042394	0.119068	0.021100	0.017791	0.001886	0.117197
35	0.461107	0.035334	0.183464	0.040959	0.124377	0.020118	0.016695	0.001739	0.116207
36	0.463574	0.034819	0.180567	0.039922	0.129422	0.019222	0.015709	0.001632	0.115133
37	0.465320	0.034051	0.178240	0.038585	0.135034	0.018348	0.014728	0.001462	0.114232
38	0.467035	0.033323	0.176097	0.037416	0.140696	0.017513	0.013730	0.001367	0.112823
39	0.468209	0.032490	0.173903	0.036594	0.146369	0.016580	0.012775	0.001268	0.111812
40	0.469793	0.031995	0.170983	0.035409	0.151995	0.015845	0.011999	0.001130	0.110851
41	0.470814	0.031254	0.167872	0.034710	0.157973	0.015299	0.011128	0.001080	0.109870
42	0.470961	0.030773	0.165347	0.033968	0.164296	0.014653	0.010423	0.001036	0.108543
43	0.472183	0.029977	0.162366	0.033245	0.170221	0.014167	0.009871	0.000884	0.107086
44	0.472266	0.029148	0.160053	0.032502	0.176822	0.013416	0.009122	0.000842	0.105829
45	0.472475	0.028358	0.157644	0.031864	0.183479	0.012810	0.008528	0.000821	0.104021
46	0.472568	0.027450	0.154791	0.031175	0.190519	0.012327	0.007948	0.000757	0.102465
47	0.472694	0.027072	0.151778	0.030592	0.197324	0.011879	0.007427	0.000684	0.100550
48	0.471467	0.026284	0.149952	0.030200	0.204427	0.011511	0.006861	0.000658	0.098640
49	0.471273	0.025400	0.147457	0.029616	0.211443	0.011167	0.006416	0.000637	0.096591
50	0.470346	0.025027	0.144399	0.028880	0.219525	0.010616	0.005972	0.000610	0.094625
51	0.469514	0.024362	0.141651	0.028306	0.226949	0.010346	0.005659	0.000544	0.092669
52	0.467879	0.023675	0.139399	0.027874	0.234947	0.009973	0.005183	0.000499	0.090571
53	0.466225	0.022978	0.137129	0.027450	0.242514	0.009798	0.004729	0.000442	0.088735
54	0.464441	0.022391	0.134546	0.027133	0.250811	0.009450	0.004386	0.000385	0.086457
55	0.462296	0.021814	0.131971	0.026686	0.259108	0.009244	0.004118	0.000365	0.084398
56	0.459527	0.021352	0.129160	0.026308	0.267849	0.008953	0.003849	0.000338	0.082664
57	0.457191	0.020780	0.126885	0.026012	0.276134	0.008834	0.003560	0.000318	0.080286
58	0.453735	0.020374	0.124619	0.025722	0.285416	0.008463	0.003350	0.000266	0.078055
59	0.451155	0.019684	0.122254	0.025474	0.294045	0.008255	0.003018	0.000243	0.075872
60	0.448360	0.018937	0.119466	0.025184	0.303221	0.007931	0.002868	0.000239	0.073794
61	0.445111	0.018632	0.116784	0.024999	0.312273	0.007764	0.002587	0.000217	0.071633
62	0.442083	0.018160	0.114293	0.024766	0.321010	0.007563	0.002422	0.000211	0.069492
63	0.438163	0.017618	0.112309	0.024595	0.329837	0.007499	0.002296	0.000191	0.067492
64	0.434445	0.016879	0.109654	0.024224	0.339678	0.007256	0.002132	0.000192	0.065540
65	0.430577	0.016465	0.107306	0.024033	0.348775	0.007279	0.001910	0.000167	0.063488
66	0.426626	0.016180	0.104331	0.023805	0.358427	0.007155	0.001805	0.000145	0.061526
67	0.421903	0.015760	0.102029	0.023715	0.367880	0.006996	0.001691	0.000128	0.059898
68	0.417184	0.015229	0.099763	0.023534	0.377857	0.006993	0.001547	0.000114	0.057779
69	0.412460	0.014781	0.097443	0.023403	0.387628	0.006883	0.001439	0.000105	0.055858
70	0.407346	0.014338	0.095028	0.023316	0.397961	0.006788	0.001304	0.000093	0.053826
71	0.402096	0.014003	0.092600	0.023104	0.408233	0.006605	0.001196	0.000078	0.052085
72	0.397111	0.013454	0.090779	0.023267	0.417682	0.006538	0.001153	0.000069	0.049947
73	0.392599	0.012937	0.088458	0.023083	0.427212	0.006448	0.001067	0.000056	0.048140
74	0.387347	0.012668	0.086192	0.022808	0.437163	0.006484	0.000955	0.000052	0.046331
75	0.381537	0.012309	0.084452	0.022842	0.446744	0.006422	0.000872	0.000043	0.044779
76	0.375762	0.011999	0.082335	0.022897	0.457010	0.006308	0.000814	0.000046	0.042829
77	0.370143	0.011502	0.080168	0.022857	0.467198	0.006177	0.000764	0.000036	0.041155
78	0.364238	0.011223	0.078540	0.022822	0.477019	0.006138	0.000691	0.000029	0.039300
79	0.358869	0.010725	0.076064	0.022690	0.487154	0.006068	0.000679	0.000019	0.037732
80	0.352842	0.010236	0.074589	0.022661	0.497140	0.005960	0.000612	0.000020	0.035940
81	0.346809	0.009888	0.072067	0.022463	0.507624	0.005922	0.000547	0.000013	0.034667
82	0.340605	0.009517	0.070370	0.022622	0.517251	0.005796	0.000526	0.000011	0.033302
83	0.334229	0.009140	0.068593	0.022617	0.527484	0.005643	0.000467	0.000010	0.031817
84	0.328127	0.008734	0.066995	0.022613	0.536932	0.005655	0.000431	0.000009	0.030504
85	0.321851	0.008384	0.065184	0.022666	0.546541	0.005691	0.000385	0.000010	0.029288
86	0.315816	0.008130	0.063485	0.022336	0.556406	0.005545	0.000358	0.000009	0.027915
87	0.309367	0.007632	0.061448	0.022433	0.566471	0.005599	0.000315	0.000008	0.026727
88	0.303464	0.007342	0.059899	0.022271	0.575916	0.005508	0.000297	0.000006	0.025297
89	0.296850	0.006940	0.058194	0.022411	0.585773	0.005377	0.000273	0.000004	0.024178
90	0.290402	0.006644	0.056482	0.022530	0.595527	0.005325	0.000237	0.000002	0.022851
91	0.283803	0.006405	0.054699	0.022678	0.605183	0.005325	0.000209	0.000000	0.021698
92	0.277364	0.006235	0.053144	0.022792	0.614402	0.005321	0.000189	0.000000	0.020553
93	0.271255	0.006036	0.051375	0.022600	0.623732	0.005450	0.000155	0.000000	0.019397
94	0.264947	0.005720	0.049736	0.022560	0.633394	0.005303	0.000131	0.000000	0.018209
95	0.258315	0.005438	0.048647	0.022689	0.642250	0.005279	0.000107	0.000000	0.017275
96	0.251944	0.005214	0.046902	0.022715	0.651728	0.005187	0.000117	0.000000	0.016193
97	0.245744	0.004907	0.045548	0.022675	0.660590	0.005125	0.000116	0.000000	0.015295
98	0.239240	0.004556	0.044143	0.022827	0.669389	0.005213	0.000108	0.000000	0.014524
99	0.233128	0.004340	0.042709	0.022871	0.677861	0.005269	0.000108	0.000000	0.013714
100	0.226901	0.004152	0.041479	0.022940	0.686418	0.005160	0.000097	0.000000	0.012853
101	0.220933	0.003908	0.040006	0.023145	0.694707	0.005196	0.000090	0.000000	0.012015
102	0.214222	0.003669	0.038560	0.023346	0.703516	0.005143	0.000066	0.000000	0.011478
103	0.208310	0.003498	0.037298	0.023310	0.711627	0.005124	0.000074	0.000000	0.010759
104	0.202289	0.003306	0.035975	0.023361	0.719719	0.005125	0.000065	0.000000	0.010160
105	0.196260	0.003171	0.034663	0.023328	0.727731	0.005168	0.000050	0.000000	0.009629
106	0.190441	0.003055	0.033470	0.023283	0.735417	0.005187	0.000039	0.000000	0.009108
107	0.185176	0.002888	0.032057	0.023297	0.742851	0.005195	0.000041	0.000000	0.008495
108	0.179649	0.002750	0.030851	0.023253	0.750384	0.005198	0.000030	0.000000	0.007885
109	0.173637	0.002595	0.029782	0.023203	0.758338	0.005127	0.000028	0.000000	0.007290
110	0.168437	0.002484	0.028861	0.023135	0.765187	0.005075	0.000020	0.000000	0.006801
111	0.163467	0.002347	0.027774	0.023129	0.771954	0.005033	0.000015	0.000000	0.006281
112	0.158139	0.002239	0.026660	0.023418	0.778508	0.005103	0.000010	0.000000	0.005923
113	0.152987	0.002063	0.025877	0.023484	0.784970	0.005099	0.000010	0.000000	0.005510
114	0.148060	0.001996	0.024990	0.023656	0.791015	0.005112	0.000006	0.000000	0.005165
115	0.143227	0.001866	0.023911	0.023434	0.797513	0.005224	0.000007	0.000000	0.004818
116	0.138149	0.001791	0.023135	0.023347	0.803948	0.005172	0.000003	0.000000	0.004455
117	0.133635	0.001711	0.022248	0.023395	0.809639	0.005203	0.000002	0.000000	0.004167
118	0.129127	0.001628	0.021311	0.023517	0.815493	0.005150	0.000001	0.000000	0.003773
119	0.124604	0.001470	0.020540	0.023589	0.821064	0.005052	0.000000	0.000000	0.003681
120	0.119748	0.001397	0.019658	0.023584	0.827124	0.005160	0.000000	0.000000	0.003329
121	0.115529	0.001301	0.018829	0.023604	0.832402	0.005119	0.000000	0.000000	0.003216
122	0.111195	0.001244	0.018019	0.023842	0.837577	0.005109	0.000000	0.000000	0.003014
123	0.106812	0.001188	0.017256	0.023870	0.842944	0.005162	0.000000	0.000000	0.002768
124	0.102674	0.001166	0.016551	0.023858	0.847967	0.005175	0.000000	0.000000	0.002609
125	0.098557	0.001115	0.015951	0.023908	0.852779	0.005276	0.000000	0.000000	0.002414
126	0.094538	0.001073	0.015267	0.023718	0.857811	0.005327	0.000000	0.000000	0.002266
127	0.090875	0.001003	0.014679	0.023730	0.862150	0.005461	0.000000	0.000000	0.002102
128	0.087195	0.000936	0.013989	0.023776	0.866870	0.005251	0.000000	0.000000	0.001983
129	0.083578	0.000914	0.013410	0.023722	0.871307	0.005219	0.000000	0.000000	0.001850
130	0.080203	0.000867	0.012695	0.023610	0.875692	0.005201	0.000000	0.000000	0.001732
131	0.076918	0.000812	0.012143	0.023471	0.879767	0.005286	0.000000	0.000000	0.001603
132	0.073589	0.000778	0.011564	0.023498	0.883911	0.005179	0.000000	0.000000	0.001481
133	0.070687	0.000705	0.010961	0.023259	0.887753	0.005272	0.000000	0.000000	0.001363
134	0.067650	0.000645	0.010342	0.023391	0.891432	0.005298	0.000000	0.000000	0.001242
135	0.064897	0.000623	0.009832	0.023378	0.894906	0.005232	0.000000	0.000000	0.001132
136	0.061989	0.000553	0.009327	0.023273	0.898450	0.005312	0.000000	0.000000	0.001096
137	0.059241	0.000521	0.008895	0.023349	0.901667	0.005344	0.000000	0.000000	0.000983
138	0.056591	0.000477	0.008472	0.023336	0.904930	0.005298	0.000000	0.000000	0.000896
139	0.054147	0.000457	0.008017	0.023526	0.907690	0.005285	0.000000	0.000000	0.000878
140	0.051733	0.000407	0.007702	0.023571	0.910521	0.005249	0.000000	0.000000	0.000817
141	0.049462	0.000353	0.007407	0.023600	0.913144	0.005290	0.000000	0.000000	0.000744
142	0.047314	0.000354	0.006974	0.023862	0.915450	0.005349	0.000000	0.000000	0.000697
143	0.045191	0.000343	0.006658	0.023966	0.917928	0.005302	0.000000	0.000000	0.000612
144	0.043079	0.000302	0.006330	0.023581	0.920829	0.005309	0.000000	0.000000	0.000570
145	0.041148	0.000307	0.006039	0.023568	0.923213	0.005204	0.000000	0.000000	0.000521
146	0.039215	0.000272	0.005650	0.023352	0.925745	0.005296	0.000000	0.000000	0.000470
147	0.037384	0.000240	0.005423	0.023402	0.927798	0.005331	0.000000	0.000000	0.000422
148	0.035616	0.000242	0.005113	0.023301	0.930142	0.005202	0.000000	0.000000	0.000384
149	0.033884	0.000231	0.004783	0.023071	0.932447	0.005231	0.000000	0.000000	0.000353
150	0.032324	0.000198	0.004592	0.022992	0.934231	0.005354	0.000000	0.000000	0.000309
151	0.030751	0.000194	0.004302	0.023074	0.936145	0.005223	0.000000	0.000000	0.000311
152	0.029241	0.000180	0.004057	0.023062	0.938061	0.005112	0.000000	0.000000	0.000287
153	0.027823	0.000178	0.003985	0.023173	0.939514	0.005082	0.000000	0.000000	0.000245
154	0.026244	0.000176	0.003710	0.023297	0.941184	0.005164	0.000000	0.000000	0.000225
155	0.024935	0.000135	0.003492	0.023193	0.942906	0.005121	0.000000	0.000000	0.000218
156	0.023582	0.000140	0.003310	0.023238	0.944527	0.005031	0.000000	0.000000	0.000172
157	0.022378	0.000130	0.003215	0.022975	0.945965	0.005161	0.000000	0.000000	0.000176
158	0.021210	0.000114	0.002996	0.023023	0.947288	0.005221	0.000000	0.000000	0.000148
159	0.020015	0.000110	0.002904	0.022972	0.948684	0.005182	0.000000	0.000000	0.000133
160	0.019181	0.000116	0.002717	0.022902	0.949829	0.005120	0.000000	0.000000	0.000135
161	0.018252	0.000091	0.002576	0.022913	0.950778	0.005266	0.000000	0.000000	0.000124
162	0.017443	0.000095	0.002388	0.022922	0.951859	0.005206	0.000000	0.000000	0.000087
163	0.016637	0.000090	0.002314	0.022964	0.952646	0.005276	0.000000	0.000000	0.000073
164	0.015632	0.000092	0.002280	0.022787	0.953801	0.005345	0.000000	0.000000	0.000063
165	0.014936	0.000110	0.002149	0.022839	0.954661	0.005250	0.000000	0.000000	0.000055
166	0.014151	0.000116	0.002023	0.022957	0.955467	0.005237	0.000000	0.000000	0.000049
167	0.013378	0.000111	0.001924	0.023015	0.956235	0.005293	0.000000	0.000000	0.000044
168	0.012613	0.000109	0.001886	0.023016	0.957133	0.005203	0.000000	0.000000	0.000040
169	0.011910	0.000113	0.001715	0.023214	0.957756	0.005265	0.000000	0.000000	0.000027
170	0.011273	0.000117	0.001630	0.023305	0.958418	0.005241	0.000000	0.000000	0.000016
171	0.010730	0.000104	0.001514	0.023165	0.959321	0.005148	0.000000	0.000000	0.000018
172	0.010170	0.000103	0.001455	0.023141	0.959870	0.005241	0.000000	0.000000	0.000020
173	0.009633	0.000107	0.001378	0.023116	0.960592	0.005156	0.000000	0.000000	0.000018
174	0.008994	0.000092	0.001326	0.023170	0.961295	0.005101	0.000000	0.000000	0.000022
175	0.008464	0.000080	0.001262	0.023079	0.961955	0.005147	0.000000	0.000000	0.000013
176	0.008131	0.000085	0.001217	0.023130	0.962242	0.005178	0.000000	0.000000	0.000017
177	0.007686	0.000087	0.001156	0.023019	0.962954	0.005087	0.000000	0.000000	0.000011
178	0.007298	0.000087	0.001091	0.022969	0.963397	0.005146	0.000000	0.000000	0.000012
179	0.006929	0.000074	0.001076	0.022947	0.963830	0.005134	0.000000	0.000000	0.000010
180	0.006605	0.000075	0.001049	0.022921	0.964191	0.005149	0.000000	0.000000	0.000010
181	0.006166	0.000066	0.000997	0.022952	0.964593	0.005221	0.000000	0.000000	0.000005
182	0.005857	0.000060	0.000907	0.023124	0.964759	0.005290	0.000000	0.000000	0.000003
183	0.005475	0.000057	0.000850	0.023176	0.965095	0.005345	0.000000	0.000000	0.000002
184	0.005147	0.000055	0.000828	0.023329	0.965353	0.005285	0.000000	0.000000	0.000003
185	0.004913	0.000056	0.000798	0.023202	0.965724	0.005305	0.000000	0.000000	0.000002
186	0.004623	0.000048	0.000729	0.023209	0.966028	0.005357	0.000000	0.000000	0.000006
187	0.004349	0.000049	0.000718	0.023267	0.966303	0.005307	0.000000	0.000000	0.000007
188	0.004083	0.000049	0.000670	0.023235	0.966658	0.005299	0.000000	0.000000	0.000006
189	0.003814	0.000047	0.000634	0.023220	0.967000	0.005281	0.000000	0.000000	0.000004
190	0.003568	0.000039	0.000623	0.023227	0.967166	0.005373	0.000000	0.000000	0.000004
191	0.003389	0.000041	0.000591	0.023236	0.967394	0.005346	0.000000	0.000000	0.000003
192	0.003162	0.000038	0.000576	0.023353	0.967461	0.005406	0.000000	0.000000	0.000004
193	0.003050	0.000034	0.000547	0.023281	0.967699	0.005388	0.000000	0.000000	0.000001
194	0.002878	0.000035	0.000528	0.023478	0.967571	0.005509	0.000000	0.000000	0.000001
195	0.002671	0.000031	0.000505	0.023732	0.967508	0.005552	0.000000	0.000000	0.000001
196	0.002544	0.000029	0.000478	0.023651	0.967813	0.005484	0.000000	0.000000	0.000001
197	0.002409	0.000025	0.000467	0.023745	0.967889	0.005465	0.000000	0.000000	0.000000
198	0.002286	0.000029	0.000422	0.023657	0.968244	0.005362	0.000000	0.000000	0.000000
199	0.002167	0.000024	0.000413	0.023786	0.968312	0.005298	0.000000	0.000000	0.000000
200	0.002027	0.000025	0.000386	0.023649	0.968635	0.005278	0.000000	0.000000	0.000000
201	0.001929	0.000025	0.000372	0.023505	0.968837	0.005332	0.000000	0.000000	0.000000
202	0.001781	0.000021	0.000346	0.023547	0.969028	0.005277	0.000000	0.000000	0.000000
203	0.001645	0.000015	0.000342	0.023455	0.969236	0.005307	0.000000	0.000000	0.000000
204	0.001513	0.000015	0.000322	0.023613	0.969178	0.005359	0.000000	0.000000	0.000000
205	0.001386	0.000015	0.000297	0.023744	0.969130	0.005428	0.000000	0.000000	0.000000
206	0.001317	0.000016	0.000294	0.023564	0.969362	0.005447	0.000000	0.000000	0.000000
207	0.001206	0.000013	0.000283	0.023700	0.969357	0.005441	0.000000	0.000000	0.000000
208	0.001162	0.000011	0.000254	0.023649	0.969455	0.005469	0.000000	0.000000	0.000000
209	0.001043	0.000010	0.000229	0.023451	0.969751	0.005516	0.000000	0.000000	0.000000
210	0.000996	0.000009	0.000205	0.023438	0.969735	0.005617	0.000000	0.000000	0.000000
211	0.000894	0.000010	0.000204	0.023413	0.969943	0.005536	0.000000	0.000000	0.000000
212	0.000823	0.000007	0.000194	0.023361	0.970025	0.005590	0.000000	0.000000	0.000000
213	0.000749	0.000009	0.000177	0.023257	0.970272	0.005536	0.000000	0.000000	0.000000
214	0.000667	0.000008	0.000188	0.023126	0.970345	0.005666	0.000000	0.000000	0.000000
215	0.000600	0.000009	0.000181	0.023155	0.970422	0.005633	0.000000	0.000000	0.000000
216	0.000552	0.000004	0.000170	0.023179	0.970343	0.005752	0.000000	0.000000	0.000000
217	0.000516	0.000003	0.000143	0.023209	0.970314	0.005815	0.000000	0.000000	0.000000
218	0.000455	0.000003	0.000138	0.023360	0.970327	0.005717	0.000000	0.000000	0.000000
219	0.000407	0.000003	0.000139	0.023307	0.970341	0.005803	0.000000	0.000000	0.000000
220	0.000348	0.000002	0.000126	0.023339	0.970359	0.005826	0.000000	0.000000	0.000000
221	0.000325	0.000002	0.000117	0.023375	0.970432	0.005749	0.000000	0.000000	0.000000
222	0.000305	0.000001	0.000110	0.023544	0.970277	0.005763	0.000000	0.000000	0.000000
223	0.000275	0.000000	0.000102	0.023538	0.970295	0.005790	0.000000	0.000000	0.000000
224	0.000231	0.000000	0.000084	0.023447	0.970419	0.005819	0.000000	0.000000	0.000000
225	0.000212	0.000000	0.000081	0.023492	0.970429	0.005786	0.000000	0.000000	0.000000
226	0.000175	0.000000	0.000076	0.023508	0.970481	0.005760	0.000000	0.000000	0.000000
227	0.000156	0.000000	0.000074	0.023470	0.970613	0.005687	0.000000	0.000000	0.000000
228	0.000129	0.000000	0.000072	0.023491	0.970638	0.005670	0.000000	0.000000	0.000000
229	0.000101	0.000000	0.000066	0.023415	0.970822	0.005596	0.000000	0.000000	0.000000
230	0.000086	0.000000	0.000073	0.023355	0.970909	0.005577	0.000000	0.000000	0.000000
231	0.000064	0.000000	0.000065	0.023450	0.970739	0.005682	0.000000	0.000000	0.000000
232	0.000050	0.000000	0.000053	0.023468	0.970835	0.005594	0.000000	0.000000	0.000000
233	0.000040	0.000000	0.000051	0.023545	0.970712	0.005652	0.000000	0.000000	0.000000
234	0.000039	0.000000	0.000049	0.023641	0.970654	0.005617	0.000000	0.000000	0.000000
235	0.000032	0.000000	0.000047	0.023674	0.970638	0.005609	0.000000	0.000000	0.000000
236	0.000029	0.000000	0.000048	0.023763	0.970541	0.005619	0.000000	0.000000	0.000000
237	0.000028	0.000000	0.000044	0.023862	0.970443	0.005623	0.000000	0.000000	0.000000
238	0.000036	0.000000	0.000038	0.023738	0.970725	0.005463	0.000000	0.000000	0.000000
239	0.000024	0.000000	0.000036	0.023588	0.970743	0.005609	0.000000	0.000000	0.000000
240	0.000016	0.000000	0.000033	0.023564	0.970807	0.005580	0.000000	0.000000	0.000000
241	0.000013	0.000000	0.000028	0.023514	0.971013	0.005432	0.000000	0.000000	0.000000
242	0.000009	0.000000	0.000033	0.023488	0.971034	0.005436	0.000000	0.000000	0.000000
243	0.000007	0.000000	0.000033	0.023607	0.970909	0.005444	0.000000	0.000000	0.000000
244	0.000004	0.000000	0.000028	0.023785	0.970760	0.005423	0.000000	0.000000	0.000000
245	0.000006	0.000000	0.000024	0.023662	0.970950	0.005358	0.000000	0.000000	0.000000
246	0.000001	0.000000	0.000025	0.023790	0.970816	0.005368	0.000000	0.000000	0.000000
247	0.000001	0.000000	0.000024	0.023968	0.970549	0.005458	0.000000	0.000000	0.000000
248	0.000000	0.000000	0.000023	0.023936	0.970518	0.005523	0.000000	0.000000	0.000000
249	0.000000	0.000000	0.000027	0.023869	0.970525	0.005579	0.000000	0.000000	0.000000
250	0.000000	0.000000	0.000023	0.023897	0.970426	0.005654	0.000000	0.000000	0.000000
251	0.000000	0.000000	0.000016	0.024032	0.970098	0.005854	0.000000	0.000000	0.000000
252	0.000000	0.000000	0.000016	0.023903	0.970198	0.005883	0.000000	0.000000	0.000000
253	0.000000	0.000000	0.000014	0.023955	0.970089	0.005942	0.000000	0.000000	0.000000
254	0.000000	0.000000	0.000012	0.024065	0.969901	0.006022	0.000000	0.000000	0.000000
255	0.000000	0.000000	0.000013	0.024126	0.969849	0.006012	0.000000	0.000000	0.000000
256	0.000000	0.000000	0.000009	0.024193	0.969789	0.006009	0.000000	0.000000	0.000000
257	0.000000	0.000000	0.000009	0.024101	0.969821	0.006069	0.000000	0.000000	0.000000
258	0.000000	0.000000	0.000011	0.024019	0.969880	0.006090	0.000000	0.000000	0.000000
259	0.000000	0.000000	0.000013	0.023846	0.970065	0.006076	0.000000	0.000000	0.000000
260	0.000000	0.000000	0.000013	0.023876	0.969904	0.006207	0.000000	0.000000	0.000000
261	0.000000	0.000000	0.000012	0.023831	0.970027	0.006130	0.000000	0.000000	0.000000
262	0.000000	0.000000	0.000012	0.023759	0.970047	0.006182	0.000000	0.000000	0.000000
263	0.000000	0.000000	0.000012	0.023679	0.970036	0.006273	0.000000	0.000000	0.000000
264	0.000000	0.000000	0.000010	0.023787	0.970035	0.006168	0.000000	0.000000	0.000000
265	0.000000	0.000000	0.000005	0.023564	0.970219	0.006212	0.000000	0.000000	0.000000
266	0.000000	0.000000	0.000005	0.023539	0.970207	0.006249	0.000000	0.000000	0.000000
267	0.000000	0.000000	0.000005	0.023451	0.970152	0.006392	0.000000	0.000000	0.000000
268	0.000000	0.000000	0.000007	0.023458	0.970203	0.006332	0.000000	0.000000	0.000000
269	0.000000	0.000000	0.000010	0.023345	0.970398	0.006247	0.000000	0.000000	0.000000
270	0.000000	0.000000	0.000008	0.023442	0.970233	0.006317	0.000000	0.000000	0.000000
271	0.000000	0.000000	0.000006	0.023590	0.970145	0.006259	0.000000	0.000000	0.000000
272	0.000000	0.000000	0.000007	0.023623	0.970211	0.006159	0.000000	0.000000	0.000000
273	0.000000	0.000000	0.000006	0.023593	0.970287	0.006114	0.000000	0.000000	0.000000
274	0.000000	0.000000	0.000005	0.023647	0.970301	0.006047	0.000000	0.000000	0.000000
275	0.000000	0.000000	0.000005	0.023754	0.970171	0.006070	0.000000	0.000000	0.000000
276	0.000000	0.000000	0.000005	0.024034	0.969957	0.006004	0.000000	0.000000	0.000000
277	0.000000	0.000000	0.000002	0.023954	0.970018	0.006026	0.000000	0.000000	0.000000
278	0.000000	0.000000	0.000001	0.024021	0.969899	0.006079	0.000000	0.000000	0.000000
279	0.000000	0.000000	0.000001	0.023980	0.969961	0.006058	0.000000	0.000000	0.000000
280	0.000000	0.000000	0.000002	0.023901	0.969993	0.006104	0.000000	0.000000	0.000000
281	0.000000	0.000000	0.000002	0.024035	0.969887	0.006076	0.000000	0.000000	0.000000
282	0.000000	0.000000	0.000000	0.024103	0.969771	0.006126	0.000000	0.000000	0.000000
283	0.000000	0.000000	0.000000	0.023982	0.969888	0.006130	0.000000	0.000000	0.000000
284	0.000000	0.000000	0.000000	0.024071	0.969876	0.006053	0.000000	0.000000	0.000000
285	0.000000	0.000000	0.000000	0.024183	0.969703	0.006114	0.000000	0.000000	0.000000
286	0.000000	0.000000	0.000000	0.023956	0.969903	0.006141	0.000000	0.000000	0.000000
287	0.000000	0.000000	0.000000	0.024075	0.969774	0.006151	0.000000	0.000000	0.000000
288	0.000000	0.000000	0.000000	0.024169	0.969683	0.006148	0.000000	0.000000	0.000000
289	0.000000	0.000000	0.000000	0.023806	0.970122	0.006072	0.000000	0.000000	0.000000
290	0.000000	0.000000	0.000000	0.023778	0.970247	0.005975	0.000000	0.000000	0.000000
291	0.000000	0.000000	0.000000	0.023653	0.970247	0.006100	0.000000	0.000000	0.000000
292	0.000000	0.000000	0.000000	0.023633	0.970353	0.006014	0.000000	0.000000	0.000000
293	0.000000	0.000000	0.000000	0.023702	0.970260	0.006038	0.000000	0.000000	0.000000
294	0.000000	0.000000	0.000000	0.023728	0.970162	0.006110	0.000000	0.000000	0.000000
295	0.000000	0.000000	0.000000	0.023793	0.970077	0.006130	0.000000	0.000000	0.000000
296	0.000000	0.000000	0.000000	0.023764	0.970061	0.006175	0.000000	0.000000	0.000000
297	0.000000	0.000000	0.000000	0.023846	0.969989	0.006165	0.000000	0.000000	0.000000
298	0.000000	0.000000	0.000000	0.023725	0.970233	0.006042	0.000000	0.000000	0.000000
299	0.000000	0.000000	0.000000	0.023850	0.970010	0.006140	0.000000	0.000000	0.000000
300	0.000000	0.000000	0.000000	0.023837	0.970049	0.006114	0.000000	0.000000	0.000000
301	0.000000	0.000000	0.000000	0.023754	0.970301	0.005945	0.000000	0.000000	0.000000
302	0.000000	0.000000	0.000000	0.023762	0.970273	0.005965	0.000000	0.000000	0.000000
303	0.000000	0.000000	0.000000	0.023710	0.970395	0.005895	0.000000	0.000000	0.000000
304	0.000000	0.000000	0.000000	0.023821	0.970277	0.005902	0.000000	0.000000	0.000000
305	0.000000	0.000000	0.000000	0.023997	0.970058	0.005945	0.000000	0.000000	0.000000
306	0.000000	0.000000	0.000000	0.024000	0.970103	0.005897	0.000000	0.000000	0.000000
307	0.000000	0.000000	0.000000	0.024061	0.970157	0.005782	0.000000	0.000000	0.000000
308	0.000000	0.000000	0.000000	0.023944	0.970150	0.005906	0.000000	0.000000	0.000000
309	0.000000	0.000000	0.000000	0.023799	0.970297	0.005904	0.000000	0.000000	0.000000
310	0.000000	0.000000	0.000000	0.023886	0.970278	0.005836	0.000000	0.000000	0.000000
311	0.000000	0.000000	0.000000	0.023983	0.970038	0.005979	0.000000	0.000000	0.000000
312	0.000000	0.000000	0.000000	0.024052	0.970052	0.005896	0.000000	0.000000	0.000000
313	0.000000	0.000000	0.000000	0.023897	0.970283	0.005820	0.000000	0.000000	0.000000
314	0.000000	0.000000	0.000000	0.023934	0.970169	0.005897	0.000000	0.000000	0.000000
315	0.000000	0.000000	0.000000	0.024068	0.970072	0.005860	0.000000	0.000000	0.000000
316	0.000000	0.000000	0.000000	0.024174	0.970003	0.005823	0.000000	0.000000	0.000000
317	0.000000	0.000000	0.000000	0.024193	0.970048	0.005759	0.000000	0.000000	0.000000
318	0.000000	0.000000	0.000000	0.024232	0.969948	0.005820	0.000000	0.000000	0.000000
319	0.000000	0.000000	0.000000	0.024390	0.969825	0.005785	0.000000	0.000000	0.000000
320	0.000000	0.000000	0.000000	0.024247	0.970017	0.005736	0.000000	0.000000	0.000000
321	0.000000	0.000000	0.000000	0.024278	0.970058	0.005664	0.000000	0.000000	0.000000
322	0.000000	0.000000	0.000000	0.024244	0.970079	0.005677	0.000000	0.000000	0.000000
323	0.000000	0.000000	0.000000	0.024236	0.970014	0.005750	0.000000	0.000000	0.000000
324	0.000000	0.000000	0.000000	0.024152	0.970047	0.005801	0.000000	0.000000	0.000000
325	0.000000	0.000000	0.000000	0.024155	0.970079	0.005766	0.000000	0.000000	0.000000
326	0.000000	0.000000	0.000000	0.024170	0.970106	0.005724	0.000000	0.000000	0.000000
327	0.000000	0.000000	0.000000	0.024209	0.970067	0.005724	0.000000	0.000000	0.000000
328	0.000000	0.000000	0.000000	0.024368	0.969900	0.005732	0.000000	0.000000	0.000000
329	0.000000	0.000000	0.000000	0.024450	0.969778	0.005772	0.000000	0.000000	0.000000
330	0.000000	0.000000	0.000000	0.024550	0.969665	0.005785	0.000000	0.000000	0.000000
331	0.000000	0.000000	0.000000	0.024499	0.969810	0.005691	0.000000	0.000000	0.000000
332	0.000000	0.000000	0.000000	0.024467	0.969745	0.005788	0.000000	0.000000	0.000000
333	0.000000	0.000000	0.000000	0.024508	0.969666	0.005826	0.000000	0.000000	0.000000
334	0.000000	0.000000	0.000000	0.024322	0.969814	0.005864	0.000000	0.000000	0.000000
335	0.000000	0.000000	0.000000	0.024300	0.969778	0.005922	0.000000	0.000000	0.000000
336	0.000000	0.000000	0.000000	0.024122	0.969978	0.005900	0.000000	0.000000	0.000000
337	0.000000	0.000000	0.000000	0.024125	0.970105	0.005770	0.000000	0.000000	0.000000
338	0.000000	0.000000	0.000000	0.024032	0.970221	0.005747	0.000000	0.000000	0.000000
339	0.000000	0.000000	0.000000	0.024193	0.970129	0.005678	0.000000	0.000000	0.000000
340	0.000000	0.000000	0.000000	0.024340	0.969980	0.005680	0.000000	0.000000	0.000000
341	0.000000	0.000000	0.000000	0.024346	0.969918	0.005736	0.000000	0.000000	0.000000
342	0.000000	0.000000	0.000000	0.024413	0.969863	0.005724	0.000000	0.000000	0.000000
343	0.000000	0.000000	0.000000	0.024322	0.969892	0.005786	0.000000	0.000000	0.000000
344	0.000000	0.000000	0.000000	0.024243	0.970025	0.005732	0.000000	0.000000	0.000000
345	0.000000	0.000000	0.000000	0.024351	0.969922	0.005727	0.000000	0.000000	0.000000
346	0.000000	0.000000	0.000000	0.024475	0.969894	0.005631	0.000000	0.000000	0.000000
347	0.000000	0.000000	0.000000	0.024450	0.969924	0.005626	0.000000	0.000000	0.000000
348	0.000000	0.000000	0.000000	0.024552	0.969949	0.005499	0.000000	0.000000	0.000000
349	0.000000	0.000000	0.000000	0.024580	0.969766	0.005654	0.000000	0.000000	0.000000
350	0.000000	0.000000	0.000000	0.024452	0.969924	0.005624	0.000000	0.000000	0.000000
351	0.000000	0.000000	0.000000	0.024372	0.970093	0.005535	0.000000	0.000000	0.000000
352	0.000000	0.000000	0.000000	0.024317	0.970130	0.005553	0.000000	0.000000	0.000000
353	0.000000	0.000000	0.000000	0.024321	0.970221	0.005458	0.000000	0.000000	0.000000
354	0.000000	0.000000	0.000000	0.024262	0.970181	0.005557	0.000000	0.000000	0.000000
355	0.000000	0.000000	0.000000	0.024336	0.970161	0.005503	0.000000	0.000000	0.000000
356	0.000000	0.000000	0.000000	0.024119	0.970518	0.005363	0.000000	0.000000	0.000000
357	0.000000	0.000000	0.000000	0.024236	0.970365	0.005399	0.000000	0.000000	0.000000
358	0.000000	0.000000	0.000000	0.024331	0.970167	0.005502	0.000000	0.000000	0.000000
359	0.000000	0.000000	0.000000	0.024400	0.970103	0.005497	0.000000	0.000000	0.000000
360	0.000000	0.000000	0.000000	0.024376	0.970174	0.005450	0.000000	0.000000	0.000000
361	0.000000	0.000000	0.000000	0.024567	0.969917	0.005516	0.000000	0.000000	0.000000
362	0.000000	0.000000	0.000000	0.024719	0.969724	0.005557	0.000000	0.000000	0.000000
363	0.000000	0.000000	0.000000	0.024616	0.969839	0.005545	0.000000	0.000000	0.000000
364	0.000000	0.000000	0.000000	0.024653	0.969794	0.005553	0.000000	0.000000	0.000000
365	0.000000	0.000000	0.000000	0.024543	0.969926	0.005531	0.000000	0.000000	0.000000
366	0.000000	0.000000	0.000000	0.024538	0.969960	0.005502	0.000000	0.000000	0.000000
367	0.000000	0.000000	0.000000	0.024593	0.969911	0.005496	0.000000	0.000000	0.000000
368	0.000000	0.000000	0.000000	0.024399	0.970194	0.005407	0.000000	0.000000	0.000000
369	0.000000	0.000000	0.000000	0.024350	0.970196	0.005454	0.000000	0.000000	0.000000
370	0.000000	0.000000	0.000000	0.024457	0.970126	0.005417	0.000000	0.000000	0.000000
371	0.000000	0.000000	0.000000	0.024226	0.970396	0.005378	0.000000	0.000000	0.000000
372	0.000000	0.000000	0.000000	0.024120	0.970477	0.005403	0.000000	0.000000	0.000000
373	0.000000	0.000000	0.000000	0.024037	0.970519	0.005444	0.000000	0.000000	0.000000
374	0.000000	0.000000	0.000000	0.023962	0.970646	0.005392	0.000000	0.000000	0.000000
375	0.000000	0.000000	0.000000	0.023944	0.970623	0.005433	0.000000	0.000000	0.000000
376	0.000000	0.000000	0.000000	0.023791	0.970836	0.005373	0.000000	0.000000	0.000000
377	0.000000	0.000000	0.000000	0.023904	0.970665	0.005431	0.000000	0.000000	0.000000
378	0.000000	0.000000	0.000000	0.024151	0.970426	0.005423	0.000000	0.000000	0.000000
379	0.000000	0.000000	0.000000	0.024060	0.970589	0.005351	0.000000	0.000000	0.000000
380	0.000000	0.000000	0.000000	0.023963	0.970667	0.005370	0.000000	0.000000	0.000000
381	0.000000	0.000000	0.000000	0.024137	0.970445	0.005418	0.000000	0.000000	0.000000
382	0.000000	0.000000	0.000000	0.023945	0.970605	0.005450	0.000000	0.000000	0.000000
383	0.000000	0.000000	0.000000	0.023930	0.970697	0.005373	0.000000	0.000000	0.000000
384	0.000000	0.000000	0.000000	0.024076	0.970535	0.005389	0.000000	0.000000	0.000000
385	0.000000	0.000000	0.000000	0.024033	0.970570	0.005397	0.000000	0.000000	0.000000
386	0.000000	0.000000	0.000000	0.024011	0.970619	0.005370	0.000000	0.000000	0.000000
387	0.000000	0.000000	0.000000	0.023712	0.970909	0.005379	0.000000	0.000000	0.000000
388	0.000000	0.000000	0.000000	0.023801	0.970743	0.005456	0.000000	0.000000	0.000000
389	0.000000	0.000000	0.000000	0.023767	0.970861	0.005372	0.000000	0.000000	0.000000
390	0.000000	0.000000	0.000000	0.023867	0.970713	0.005420	0.000000	0.000000	0.000000
391	0.000000	0.000000	0.000000	0.023851	0.970793	0.005356	0.000000	0.000000	0.000000
392	0.000000	0.000000	0.000000	0.023921	0.970727	0.005352	0.000000	0.000000	0.000000
393	0.000000	0.000000	0.000000	0.024000	0.970541	0.005459	0.000000	0.000000	0.000000
394	0.000000	0.000000	0.000000	0.024061	0.970558	0.005381	0.000000	0.000000	0.000000
395	0.000000	0.000000	0.000000	0.024109	0.970479	0.005412	0.000000	0.000000	0.000000
396	0.000000	0.000000	0.000000	0.024170	0.970404	0.005426	0.000000	0.000000	0.000000
397	0.000000	0.000000	0.000000	0.024136	0.970331	0.005533	0.000000	0.000000	0.000000
398	0.000000	0.000000	0.000000	0.024138	0.970375	0.005487	0.000000	0.000000	0.000000
399	0.000000	0.000000	0.000000	0.024218	0.970370	0.005412	0.000000	0.000000	0.000000
400	0.000000	0.000000	0.000000	0.024284	0.970352	0.005364	0.000000	0.000000	0.000000
401	0.000000	0.000000	0.000000	0.024113	0.970553	0.005334	0.000000	0.000000	0.000000
402	0.000000	0.000000	0.000000	0.024190	0.970380	0.005430	0.000000	0.000000	0.000000
403	0.000000	0.000000	0.000000	0.024277	0.970271	0.005452	0.000000	0.000000	0.000000
404	0.000000	0.000000	0.000000	0.024392	0.970080	0.005528	0.000000	0.000000	0.000000
405	0.000000	0.000000	0.000000	0.024379	0.970088	0.005533	0.000000	0.000000	0.000000
406	0.000000	0.000000	0.000000	0.024246	0.970365	0.005389	0.000000	0.000000	0.000000
407	0.000000	0.000000	0.000000	0.024369	0.970155	0.005476	0.000000	0.000000	0.000000
408	0.000000	0.000000	0.000000	0.024345	0.970150	0.005505	0.000000	0.000000	0.000000
409	0.000000	0.000000	0.000000	0.024432	0.969965	0.005603	0.000000	0.000000	0.000000
410	0.000000	0.000000	0.000000	0.024425	0.969969	0.005606	0.000000	0.000000	0.000000
411	0.000000	0.000000	0.000000	0.024513	0.970111	0.005376	0.000000	0.000000	0.000000
412	0.000000	0.000000	0.000000	0.024480	0.970157	0.005363	0.000000	0.000000	0.000000
413	0.000000	0.000000	0.000000	0.024490	0.970169	0.005341	0.000000	0.000000	0.000000
414	0.000000	0.000000	0.000000	0.024658	0.969863	0.005479	0.000000	0.000000	0.000000
415	0.000000	0.000000	0.000000	0.024563	0.969963	0.005474	0.000000	0.000000	0.000000
416	0.000000	0.000000	0.000000	0.024653	0.969958	0.005389	0.000000	0.000000	0.000000
417	0.000000	0.000000	0.000000	0.024848	0.969654	0.005498	0.000000	0.000000	0.000000
418	0.000000	0.000000	0.000000	0.025074	0.969427	0.005499	0.000000	0.000000	0.000000
419	0.000000	0.000000	0.000000	0.025131	0.969380	0.005489	0.000000	0.000000	0.000000
420	0.000000	0.000000	0.000000	0.025091	0.969269	0.005640	0.000000	0.000000	0.000000
421	0.000000	0.000000	0.000000	0.025084	0.969319	0.005597	0.000000	0.000000	0.000000
422	0.000000	0.000000	0.000000	0.025107	0.969253	0.005640	0.000000	0.000000	0.000000
423	0.000000	0.000000	0.000000	0.025035	0.969371	0.005594	0.000000	0.000000	0.000000
424	0.000000	0.000000	0.000000	0.024935	0.969477	0.005588	0.000000	0.000000	0.000000
425	0.000000	0.000000	0.000000	0.024799	0.969639	0.005562	0.000000	0.000000	0.000000
426	0.000000	0.000000	0.000000	0.024897	0.969539	0.005564	0.000000	0.000000	0.000000
427	0.000000	0.000000	0.000000	0.024627	0.969806	0.005567	0.000000	0.000000	0.000000
428	0.000000	0.000000	0.000000	0.024738	0.969543	0.005719	0.000000	0.000000	0.000000
429	0.000000	0.000000	0.000000	0.025002	0.969216	0.005782	0.000000	0.000000	0.000000
430	0.000000	0.000000	0.000000	0.024918	0.969339	0.005743	0.000000	0.000000	0.000000
431	0.000000	0.000000	0.000000	0.024765	0.969526	0.005709	0.000000	0.000000	0.000000
432	0.000000	0.000000	0.000000	0.024716	0.969673	0.005611	0.000000	0.000000	0.000000
433	0.000000	0.000000	0.000000	0.024791	0.969527	0.005682	0.000000	0.000000	0.000000
434	0.000000	0.000000	0.000000	0.024765	0.969565	0.005670	0.000000	0.000000	0.000000
435	0.000000	0.000000	0.000000	0.024822	0.969534	0.005644	0.000000	0.000000	0.000000
436	0.000000	0.000000	0.000000	0.024828	0.969480	0.005692	0.000000	0.000000	0.000000
437	0.000000	0.000000	0.000000	0.024967	0.969309	0.005724	0.000000	0.000000	0.000000
438	0.000000	0.000000	0.000000	0.024906	0.969427	0.005667	0.000000	0.000000	0.000000
439	0.000000	0.000000	0.000000	0.024974	0.969432	0.005594	0.000000	0.000000	0.000000
440	0.000000	0.000000	0.000000	0.024901	0.969382	0.005717	0.000000	0.000000	0.000000
441	0.000000	0.000000	0.000000	0.024806	0.969549	0.005645	0.000000	0.000000	0.000000
442	0.000000	0.000000	0.000000	0.024700	0.969642	0.005658	0.000000	0.000000	0.000000
443	0.000000	0.000000	0.000000	0.024574	0.969789	0.005637	0.000000	0.000000	0.000000
444	0.000000	0.000000	0.000000	0.024637	0.969728	0.005635	0.000000	0.000000	0.000000
445	0.000000	0.000000	0.000000	0.024550	0.969816	0.005634	0.000000	0.000000	0.000000
446	0.000000	0.000000	0.000000	0.024610	0.969819	0.005571	0.000000	0.000000	0.000000
447	0.000000	0.000000	0.000000	0.024685	0.969685	0.005630	0.000000	0.000000	0.000000
448	0.000000	0.000000	0.000000	0.024593	0.969828	0.005579	0.000000	0.000000	0.000000
449	0.000000	0.000000	0.000000	0.024547	0.969857	0.005596	0.000000	0.000000	0.000000
450	0.000000	0.000000	0.000000	0.024550	0.969829	0.005621	0.000000	0.000000	0.000000
451	0.000000	0.000000	0.000000	0.024614	0.969814	0.005572	0.000000	0.000000	0.000000
452	0.000000	0.000000	0.000000	0.024789	0.969729	0.005482	0.000000	0.000000	0.000000
453	0.000000	0.000000	0.000000	0.024721	0.969669	0.005610	0.000000	0.000000	0.000000
454	0.000000	0.000000	0.000000	0.024805	0.969647	0.005548	0.000000	0.000000	0.000000
455	0.000000	0.000000	0.000000	0.024916	0.969554	0.005530	0.000000	0.000000	0.000000
456	0.000000	0.000000	0.000000	0.024840	0.969586	0.005574	0.000000	0.000000	0.000000
457	0.000000	0.000000	0.000000	0.024776	0.969692	0.005532	0.000000	0.000000	0.000000
458	0.000000	0.000000	0.000000	0.024837	0.969506	0.005657	0.000000	0.000000	0.000000
459	0.000000	0.000000	0.000000	0.024819	0.969501	0.005680	0.000000	0.000000	0.000000
460	0.000000	0.000000	0.000000	0.024706	0.969598	0.005696	0.000000	0.000000	0.000000
461	0.000000	0.000000	0.000000	0.024824	0.969433	0.005743	0.000000	0.000000	0.000000
462	0.000000	0.000000	0.000000	0.024644	0.969702	0.005654	0.000000	0.000000	0.000000
463	0.000000	0.000000	0.000000	0.024337	0.969972	0.005691	0.000000	0.000000	0.000000
464	0.000000	0.000000	0.000000	0.024114	0.970313	0.005573	0.000000	0.000000	0.000000
465	0.000000	0.000000	0.000000	0.024236	0.970105	0.005659	0.000000	0.000000	0.000000
466	0.000000	0.000000	0.000000	0.024509	0.969826	0.005665	0.000000	0.000000	0.000000
467	0.000000	0.000000	0.000000	0.024488	0.969866	0.005646	0.000000	0.000000	0.000000
468	0.000000	0.000000	0.000000	0.024427	0.969911	0.005662	0.000000	0.000000	0.000000
469	0.000000	0.000000	0.000000	0.024494	0.969848	0.005658	0.000000	0.000000	0.000000
470	0.000000	0.000000	0.000000	0.024609	0.969749	0.005642	0.000000	0.000000	0.000000
