0	0.290663	0.057897	0.229473	0.157588	0.029913	0.111872	0.085455	0.012259	0.024880
1	0.250608	0.051515	0.213953	0.132162	0.027409	0.113598	0.106909	0.020914	0.082932
2	0.266831	0.054105	0.225718	0.120297	0.026138	0.105045	0.098431	0.019431	0.084004
3	0.289419	0.057407	0.238312	0.109049	0.025178	0.094389	0.087769	0.017126	0.081351
4	0.311523	0.060364	0.250280	0.098284	0.024347	0.084068	0.077976	0.015166	0.077992
5	0.333330	0.063514	0.260977	0.087622	0.023368	0.074946	0.068563	0.013108	0.074572
6	0.355141	0.065578	0.269902	0.078120	0.022649	0.066427	0.059680	0.011462	0.071041
7	0.374505	0.067939	0.278032	0.069702	0.021942	0.058403	0.052263	0.009772	0.067442
8	0.393375	0.069874	0.284977	0.061506	0.021097	0.051338	0.045563	0.008405	0.063865
9	0.411087	0.071402	0.290877	0.054036	0.020268	0.044813	0.039610	0.007219	0.060688
10	0.427479	0.073060	0.295816	0.047624	0.019348	0.039289	0.033865	0.006352	0.057167
11	0.442460	0.073753	0.300158	0.041852	0.018743	0.034223	0.029513	0.005399	0.053899
12	0.456412	0.074819	0.303457	0.036780	0.017799	0.029612	0.025636	0.004720	0.050765
13	0.468895	0.075465	0.306387	0.032039	0.017325	0.025984	0.022162	0.004078	0.047665
14	0.479875	0.076313	0.309245	0.027596	0.016598	0.022625	0.019364	0.003506	0.044878
15	0.490658	0.076610	0.310848	0.023928	0.015967	0.019861	0.016917	0.003056	0.042155
16	0.500367	0.076949	0.312363	0.020815	0.015488	0.017186	0.014678	0.002655	0.039499
17	0.508818	0.077484	0.313405	0.018234	0.014998	0.014937	0.012770	0.002238	0.037116
18	0.515732	0.077571	0.314887	0.016098	0.014485	0.012987	0.011127	0.001962	0.035151
19	0.522387	0.077527	0.316099	0.014080	0.013949	0.011479	0.009701	0.001746	0.033032
20	0.528589	0.077972	0.316346	0.012395	0.013488	0.010048	0.008641	0.001449	0.031072
21	0.534690	0.078438	0.316142	0.010913	0.013056	0.008667	0.007445	0.001270	0.029379
22	0.539728	0.078645	0.316569	0.009500	0.012632	0.007671	0.006623	0.001188	0.027444
23	0.543828	0.078712	0.317544	0.008188	0.012291	0.006686	0.005720	0.001030	0.026001
24	0.548123	0.078785	0.317527	0.007284	0.011947	0.005726	0.004994	0.000915	0.024699
25	0.552112	0.078994	0.317589	0.006304	0.011539	0.005041	0.004427	0.000811	0.023183
26	0.555184	0.079153	0.317908	0.005494	0.011165	0.004512	0.003873	0.000678	0.022033
27	0.558713	0.079033	0.317481	0.004887	0.010991	0.003870	0.003364	0.000608	0.021053
28	0.561237	0.078933	0.317864	0.004387	0.010740	0.003408	0.002885	0.000558	0.019988
29	0.564033	0.078731	0.317916	0.003868	0.010569	0.003007	0.002552	0.000500	0.018824
30	0.566392	0.078811	0.317909	0.003358	0.010198	0.002667	0.002241	0.000449	0.017975
31	0.568821	0.078961	0.317454	0.002984	0.009956	0.002338	0.001943	0.000374	0.017169
32	0.570391	0.078937	0.318060	0.002646	0.009644	0.002086	0.001697	0.000321	0.016218
33	0.571858	0.078894	0.318219	0.002329	0.009442	0.001894	0.001541	0.000295	0.015528
34	0.573331	0.079003	0.318608	0.002028	0.009254	0.001663	0.001316	0.000267	0.014530
35	0.575580	0.078880	0.317910	0.001820	0.009053	0.001395	0.001178	0.000243	0.013941
36	0.577026	0.079042	0.317618	0.001671	0.008928	0.001273	0.001107	0.000220	0.013115
37	0.578336	0.079099	0.317500	0.001444	0.008710	0.001124	0.000996	0.000195	0.012596
38	0.579495	0.078767	0.317688	0.001288	0.008668	0.001008	0.000872	0.000178	0.012036
39	0.580402	0.078714	0.317857	0.001114	0.008462	0.000918	0.000786	0.000174	0.011573
40	0.580573	0.078478	0.318552	0.001090	0.008270	0.000853	0.000689	0.000161	0.011334
41	0.581364	0.078497	0.318777	0.001012	0.008000	0.000790	0.000618	0.000133	0.010809
42	0.582345	0.078218	0.319027	0.000909	0.007893	0.000714	0.000531	0.000113	0.010250
43	0.583404	0.078349	0.318462	0.000819	0.007754	0.000640	0.000500	0.000089	0.009983
44	0.583731	0.078416	0.318698	0.000749	0.007714	0.000595	0.000418	0.000088	0.009591
45	0.583782	0.078135	0.319641	0.000678	0.007498	0.000574	0.000362	0.000084	0.009246
46	0.584312	0.077860	0.319835	0.000645	0.007445	0.000519	0.000332	0.000086	0.008966
47	0.584980	0.077928	0.319707	0.000534	0.007422	0.000460	0.000310	0.000072	0.008587
48	0.585806	0.077966	0.319290	0.000490	0.007354	0.000400	0.000285	0.000074	0.008335
49	0.585905	0.077842	0.319681	0.000462	0.007198	0.000394	0.000316	0.000072	0.008130
50	0.586145	0.077823	0.320143	0.000421	0.007036	0.000346	0.000278	0.000081	0.007727
51	0.586647	0.077624	0.320202	0.000400	0.007044	0.000319	0.000222	0.000072	0.007470
52	0.587055	0.077969	0.319835	0.000368	0.006981	0.000293	0.000233	0.000071	0.007195
53	0.587598	0.078075	0.319666	0.000357	0.006884	0.000278	0.000205	0.000059	0.006878
54	0.588019	0.077797	0.319805	0.000306	0.006872	0.000256	0.000182	0.000067	0.006696
55	0.588089	0.077908	0.319940	0.000293	0.006776	0.000254	0.000162	0.000053	0.006525
56	0.588599	0.078034	0.319719	0.000265	0.006571	0.000236	0.000136	0.000059	0.006381
57	0.589019	0.078176	0.319460	0.000231	0.006523	0.000189	0.000146	0.000050	0.006206
58	0.589253	0.077891	0.319712	0.000196	0.006450	0.000206	0.000147	0.000055	0.006090
59	0.589734	0.077733	0.319717	0.000184	0.006393	0.000193	0.000128	0.000060	0.005858
60	0.589806	0.077840	0.319954	0.000174	0.006166	0.000169	0.000083	0.000037	0.005771
61	0.590072	0.077390	0.320276	0.000169	0.006134	0.000184	0.000093	0.000034	0.005648
62	0.589818	0.077639	0.320552	0.000156	0.006079	0.000176	0.000088	0.000034	0.005458
63	0.590548	0.077391	0.320248	0.000145	0.006029	0.000165	0.000094	0.000026	0.005354
64	0.590989	0.077664	0.319815	0.000156	0.005904	0.000156	0.000085	0.000030	0.005201
65	0.590813	0.077539	0.320301	0.000154	0.005837	0.000175	0.000078	0.000018	0.005085
66	0.591741	0.077602	0.319548	0.000149	0.005801	0.000189	0.000061	0.000017	0.004892
67	0.591405	0.077604	0.320036	0.000155	0.005747	0.000162	0.000062	0.000019	0.004810
68	0.591203	0.078038	0.320093	0.000141	0.005644	0.000145	0.000057	0.000013	0.004666
69	0.591774	0.078172	0.319710	0.000118	0.005564	0.000153	0.000055	0.000010	0.004444
70	0.591719	0.077980	0.320055	0.000107	0.005562	0.000132	0.000050	0.000010	0.004385
71	0.592101	0.078126	0.319735	0.000101	0.005468	0.000141	0.000043	0.000009	0.004276
72	0.592443	0.078209	0.319560	0.000084	0.005390	0.000107	0.000047	0.000008	0.004152
73	0.593039	0.078027	0.319315	0.000089	0.005301	0.000091	0.000042	0.000004	0.004092
74	0.593596	0.077856	0.319199	0.000096	0.005155	0.000086	0.000045	0.000003	0.003964
75	0.594146	0.077769	0.319088	0.000085	0.004920	0.000092	0.000042	0.000004	0.003854
76	0.594488	0.077644	0.318985	0.000085	0.004904	0.000094	0.000047	0.000007	0.003746
77	0.595093	0.076943	0.319152	0.000084	0.004876	0.000100	0.000029	0.000007	0.003716
78	0.595340	0.076839	0.319319	0.000071	0.004807	0.000091	0.000034	0.000003	0.003496
79	0.595008	0.077422	0.319288	0.000070	0.004759	0.000096	0.000031	0.000004	0.003322
80	0.594718	0.077323	0.319781	0.000055	0.004734	0.000095	0.000021	0.000002	0.003271
81	0.595323	0.077080	0.319509	0.000046	0.004719	0.000092	0.000027	0.000007	0.003197
82	0.595621	0.076886	0.319602	0.000058	0.004618	0.000080	0.000021	0.000005	0.003109
83	0.596523	0.076538	0.319187	0.000048	0.004587	0.000079	0.000026	0.000001	0.003011
84	0.596455	0.076927	0.319008	0.000040	0.004498	0.000080	0.000023	0.000003	0.002966
85	0.596432	0.077027	0.318959	0.000053	0.004503	0.000070	0.000024	0.000006	0.002926
86	0.596492	0.076726	0.319372	0.000050	0.004447	0.000071	0.000026	0.000006	0.002810
87	0.596153	0.076512	0.320149	0.000052	0.004316	0.000058	0.000020	0.000005	0.002735
88	0.596717	0.076288	0.319949	0.000053	0.004266	0.000049	0.000014	0.000007	0.002657
89	0.596751	0.076287	0.320090	0.000044	0.004201	0.000048	0.000016	0.000003	0.002560
90	0.597031	0.076502	0.319648	0.000041	0.004138	0.000040	0.000013	0.000004	0.002583
91	0.597072	0.076280	0.319999	0.000038	0.004111	0.000034	0.000004	0.000001	0.002461
92	0.597348	0.075931	0.320108	0.000034	0.004081	0.000028	0.000005	0.000005	0.002460
93	0.597867	0.075812	0.319792	0.000029	0.004011	0.000028	0.000005	0.000004	0.002452
94	0.597789	0.076091	0.319599	0.000027	0.004023	0.000025	0.000002	0.000004	0.002440
95	0.597787	0.075657	0.320079	0.000024	0.003978	0.000022	0.000003	0.000006	0.002444
96	0.597897	0.076000	0.319699	0.000021	0.003923	0.000020	0.000003	0.000006	0.002431
97	0.597968	0.075847	0.319780	0.000020	0.003913	0.000025	0.000000	0.000006	0.002441
98	0.597570	0.075958	0.320165	0.000014	0.003845	0.000023	0.000000	0.000003	0.002422
99	0.597746	0.075712	0.320311	0.000012	0.003801	0.000025	0.000000	0.000004	0.002389
100	0.597875	0.075823	0.320157	0.000012	0.003817	0.000027	0.000000	0.000003	0.002286
101	0.598282	0.075949	0.319690	0.000015	0.003772	0.000022	0.000000	0.000005	0.002265
102	0.598240	0.075951	0.319792	0.000023	0.003734	0.000020	0.000000	0.000004	0.002236
103	0.598178	0.076036	0.319934	0.000021	0.003596	0.000025	0.000000	0.000003	0.002207
104	0.597928	0.075998	0.320347	0.000014	0.003541	0.000027	0.000000	0.000000	0.002145
105	0.598567	0.075774	0.320002	0.000013	0.003528	0.000027	0.000000	0.000002	0.002087
106	0.598427	0.075833	0.320188	0.000014	0.003450	0.000028	0.000000	0.000002	0.002058
107	0.598643	0.075925	0.319996	0.000011	0.003361	0.000026	0.000000	0.000002	0.002036
108	0.598952	0.075716	0.320026	0.000009	0.003313	0.000023	0.000000	0.000002	0.001959
109	0.598791	0.075999	0.319992	0.000006	0.003278	0.000018	0.000000	0.000000	0.001916
110	0.598026	0.076049	0.320715	0.000008	0.003278	0.000019	0.000000	0.000000	0.001905
111	0.597904	0.076408	0.320503	0.000013	0.003307	0.000028	0.000000	0.000000	0.001837
112	0.598174	0.076033	0.320675	0.000009	0.003254	0.000030	0.000000	0.000000	0.001825
113	0.597918	0.075979	0.321098	0.000007	0.003150	0.000029	0.000000	0.000000	0.001819
114	0.597624	0.076388	0.321088	0.000010	0.003079	0.000020	0.000000	0.000000	0.001791
115	0.598187	0.076250	0.320675	0.000010	0.003148	0.000014	0.000000	0.000000	0.001716
116	0.598659	0.076196	0.320315	0.000015	0.003065	0.000015	0.000000	0.000000	0.001735
117	0.598151	0.076294	0.320845	0.000015	0.002970	0.000013	0.000000	0.000000	0.001712
118	0.598812	0.076357	0.320132	0.000017	0.002939	0.000012	0.000000	0.000000	0.001731
119	0.598488	0.076546	0.320240	0.000018	0.002958	0.000019	0.000000	0.000000	0.001731
120	0.598243	0.076620	0.320543	0.000018	0.002900	0.000015	0.000000	0.000000	0.001661
121	0.598254	0.076816	0.320340	0.000018	0.002873	0.000015	0.000000	0.000000	0.001684
122	0.597873	0.076410	0.321057	0.000018	0.002961	0.000014	0.000000	0.000000	0.001667
123	0.597992	0.076387	0.321071	0.000011	0.002965	0.000017	0.000000	0.000000	0.001557
124	0.598324	0.076662	0.320518	0.000016	0.002979	0.000016	0.000000	0.000000	0.001485
125	0.598381	0.076399	0.320802	0.000013	0.002953	0.000018	0.000000	0.000000	0.001434
126	0.597929	0.076494	0.321240	0.000013	0.002917	0.000025	0.000000	0.000000	0.001382
127	0.597952	0.076080	0.321689	0.000014	0.002911	0.000023	0.000000	0.000000	0.001331
128	0.598677	0.075997	0.321153	0.000010	0.002838	0.000025	0.000000	0.000000	0.001300
129	0.598011	0.075901	0.321891	0.000006	0.002834	0.000028	0.000000	0.000000	0.001329
130	0.597946	0.075839	0.321972	0.000006	0.002849	0.000033	0.000000	0.000000	0.001355
131	0.598626	0.075695	0.321505	0.000008	0.002791	0.000034	0.000000	0.000000	0.001341
132	0.598348	0.075852	0.321765	0.000006	0.002719	0.000025	0.000000	0.000000	0.001285
133	0.598611	0.075853	0.321604	0.000006	0.002654	0.000016	0.000000	0.000000	0.001256
134	0.598761	0.075650	0.321637	0.000002	0.002697	0.000025	0.000000	0.000000	0.001228
135	0.598961	0.075671	0.321381	0.000001	0.002697	0.000013	0.000000	0.000000	0.001276
136	0.598733	0.075610	0.321653	0.000002	0.002777	0.000013	0.000000	0.000000	0.001212
137	0.598954	0.075815	0.321229	0.000001	0.002753	0.000020	0.000000	0.000000	0.001228
138	0.598730	0.076055	0.321243	0.000001	0.002763	0.000021	0.000000	0.000000	0.001187
139	0.598991	0.076181	0.320817	0.000000	0.002817	0.000022	0.000000	0.000000	0.001172
140	0.598856	0.076211	0.320994	0.000000	0.002779	0.000023	0.000000	0.000000	0.001137
141	0.599379	0.076071	0.320549	0.000000	0.002818	0.000021	0.000000	0.000000	0.001162
142	0.599586	0.076362	0.320152	0.000000	0.002739	0.000020	0.000000	0.000000	0.001141
143	0.599901	0.075998	0.320162	0.000000	0.002754	0.000024	0.000000	0.000000	0.001161
144	0.599625	0.076362	0.320094	0.000000	0.002746	0.000021	0.000000	0.000000	0.001152
145	0.599985	0.076107	0.320069	0.000000	0.002688	0.000012	0.000000	0.000000	0.001139
146	0.600627	0.076086	0.319452	0.000000	0.002727	0.000011	0.000000	0.000000	0.001097
147	0.601092	0.075814	0.319231	0.000000	0.002738	0.000016	0.000000	0.000000	0.001109
148	0.600783	0.075790	0.319565	0.000000	0.002721	0.000019	0.000000	0.000000	0.001122
149	0.600742	0.075457	0.319964	0.000000	0.002717	0.000016	0.000000	0.000000	0.001104
150	0.600403	0.075752	0.320057	0.000000	0.002682	0.000019	0.000000	0.000000	0.001087
151	0.600713	0.075757	0.319678	0.000000	0.002709	0.000014	0.000000	0.000000	0.001129
152	0.600799	0.075982	0.319367	0.000000	0.002682	0.000012	0.000000	0.000000	0.001158
153	0.600647	0.075711	0.319824	0.000000	0.002706	0.000007	0.000000	0.000000	0.001105
154	0.601102	0.075486	0.319666	0.000000	0.002706	0.000006	0.000000	0.000000	0.001034
155	0.601187	0.075599	0.319526	0.000000	0.002657	0.000010	0.000000	0.000000	0.001021
156	0.600622	0.075493	0.320229	0.000000	0.002653	0.000006	0.000000	0.000000	0.000997
157	0.600821	0.075657	0.319989	0.000000	0.002536	0.000002	0.000000	0.000000	0.000995
158	0.600996	0.075561	0.319919	0.000000	0.002551	0.000006	0.000000	0.000000	0.000967
159	0.600929	0.075819	0.319782	0.000000	0.002541	0.000002	0.000000	0.000000	0.000927
160	0.601071	0.076189	0.319226	0.000000	0.002588	0.000004	0.000000	0.000000	0.000922
161	0.601117	0.075990	0.319370	0.000000	0.002602	0.000002	0.000000	0.000000	0.000919
162	0.601537	0.075929	0.319104	0.000000	0.002542	0.000005	0.000000	0.000000	0.000883
163	0.601441	0.075937	0.319300	0.000000	0.002475	0.000005	0.000000	0.000000	0.000842
164	0.601677	0.075901	0.319090	0.000000	0.002447	0.000008	0.000000	0.000000	0.000877
165	0.600907	0.075774	0.320052	0.000000	0.002414	0.000009	0.000000	0.000000	0.000844
166	0.601258	0.075696	0.319813	0.000000	0.002391	0.000002	0.000000	0.000000	0.000840
167	0.600624	0.075742	0.320388	0.000000	0.002363	0.000001	0.000000	0.000000	0.000882
168	0.600743	0.075955	0.320093	0.000000	0.002339	0.000002	0.000000	0.000000	0.000868
169	0.600961	0.075852	0.319990	0.000000	0.002364	0.000000	0.000000	0.000000	0.000833
170	0.600947	0.075733	0.320198	0.000000	0.002324	0.000000	0.000000	0.000000	0.000798
171	0.600657	0.075880	0.320355	0.000000	0.002331	0.000001	0.000000	0.000000	0.000776
172	0.600708	0.076194	0.319962	0.000000	0.002341	0.000004	0.000000	0.000000	0.000791
173	0.600819	0.076086	0.319924	0.000000	0.002342	0.000003	0.000000	0.000000	0.000826
174	0.600429	0.076023	0.320346	0.000000	0.002332	0.000002	0.000000	0.000000	0.000868
175	0.600432	0.076001	0.320484	0.000000	0.002285	0.000004	0.000000	0.000000	0.000794
176	0.600516	0.075896	0.320531	0.000000	0.002271	0.000003	0.000000	0.000000	0.000783
177	0.600236	0.075790	0.320969	0.000000	0.002253	0.000003	0.000000	0.000000	0.000749
178	0.600089	0.075760	0.321212	0.000000	0.002169	0.000001	0.000000	0.000000	0.000769
179	0.600251	0.075690	0.321156	0.000000	0.002135	0.000007	0.000000	0.000000	0.000761
180	0.600589	0.075435	0.321048	0.000000	0.002150	0.000002	0.000000	0.000000	0.000776
181	0.601317	0.075447	0.320340	0.000000	0.002159	0.000003	0.000000	0.000000	0.000734
182	0.600557	0.075494	0.321038	0.000000	0.002145	0.000006	0.000000	0.000000	0.000760
183	0.600607	0.075455	0.321062	0.000000	0.002152	0.000006	0.000000	0.000000	0.000718
184	0.600705	0.075213	0.321213	0.000000	0.002134	0.000005	0.000000	0.000000	0.000730
185	0.600901	0.075609	0.320677	0.000000	0.002115	0.000003	0.000000	0.000000	0.000695
186	0.600574	0.075944	0.320704	0.000000	0.002073	0.000006	0.000000	0.000000	0.000699
187	0.600148	0.075964	0.321124	0.000000	0.002051	0.000003	0.000000	0.000000	0.000710
188	0.600535	0.075707	0.321043	0.000000	0.002003	0.000003	0.000000	0.000000	0.000709
189	0.600544	0.075724	0.321037	0.000000	0.002002	0.000003	0.000000	0.000000	0.000690
190	0.600326	0.075381	0.321624	0.000000	0.001981	0.000003	0.000000	0.000000	0.000685
191	0.600395	0.075621	0.321339	0.000000	0.001978	0.000004	0.000000	0.000000	0.000663
192	0.600637	0.075391	0.321380	0.000000	0.001950	0.000003	0.000000	0.000000	0.000639
193	0.601484	0.075580	0.320408	0.000000	0.001897	0.000004	0.000000	0.000000	0.000627
194	0.602488	0.075261	0.319787	0.000000	0.001844	0.000002	0.000000	0.000000	0.000618
195	0.601948	0.075320	0.320233	0.000000	0.001861	0.000007	0.000000	0.000000	0.000631
196	0.601950	0.075391	0.320203	0.000000	0.001864	0.000006	0.000000	0.000000	0.000586
197	0.602173	0.075106	0.320277	0.000000	0.001851	0.000003	0.000000	0.000000	0.000590
198	0.601806	0.075145	0.320691	0.000000	0.001807	0.000005	0.000000	0.000000	0.000546
199	0.601778	0.075005	0.320899	0.000000	0.001785	0.000005	0.000000	0.000000	0.000528
200	0.601909	0.075006	0.320751	0.000000	0.001779	0.000001	0.000000	0.000000	0.000554
201	0.601338	0.075050	0.321273	0.000000	0.001783	0.000003	0.000000	0.000000	0.000553
202	0.601959	0.075030	0.320724	0.000000	0.001750	0.000005	0.000000	0.000000	0.000532
203	0.601721	0.074912	0.321056	0.000000	0.001790	0.000001	0.000000	0.000000	0.000520
204	0.602151	0.074926	0.320624	0.000000	0.001785	0.000001	0.000000	0.000000	0.000513
205	0.602102	0.074977	0.320617	0.000000	0.001787	0.000001	0.000000	0.000000	0.000516
206	0.601971	0.074843	0.320856	0.000000	0.001816	0.000001	0.000000	0.000000	0.000513
207	0.602178	0.075084	0.320475	0.000000	0.001771	0.000002	0.000000	0.000000	0.000490
208	0.602290	0.074797	0.320608	0.000000	0.001816	0.000001	0.000000	0.000000	0.000488
209	0.602699	0.074790	0.320276	0.000000	0.001754	0.000002	0.000000	0.000000	0.000479
210	0.601845	0.075421	0.320516	0.000000	0.001779	0.000000	0.000000	0.000000	0.000439
211	0.601824	0.075299	0.320701	0.000000	0.001739	0.000000	0.000000	0.000000	0.000437
212	0.601297	0.075209	0.321343	0.000000	0.001743	0.000000	0.000000	0.000000	0.000408
213	0.601634	0.075159	0.321062	0.000000	0.001755	0.000000	0.000000	0.000000	0.000390
214	0.601957	0.075072	0.320804	0.000000	0.001765	0.000000	0.000000	0.000000	0.000402
215	0.601312	0.074995	0.321514	0.000000	0.001789	0.000000	0.000000	0.000000	0.000390
216	0.601738	0.075221	0.320900	0.000000	0.001748	0.000000	0.000000	0.000000	0.000393
217	0.601430	0.075650	0.320794	0.000000	0.001735	0.000000	0.000000	0.000000	0.000391
218	0.600771	0.075514	0.321581	0.000000	0.001746	0.000000	0.000000	0.000000	0.000388
219	0.600794	0.075460	0.321587	0.000000	0.001758	0.000000	0.000000	0.000000	0.000401
220	0.601017	0.075415	0.321407	0.000000	0.001729	0.000000	0.000000	0.000000	0.000432
221	0.601073	0.075537	0.321315	0.000000	0.001692	0.000000	0.000000	0.000000	0.000383
222	0.600542	0.075564	0.321842	0.000000	0.001662	0.000000	0.000000	0.000000	0.000390
223	0.600516	0.075129	0.322336	0.000000	0.001644	0.000000	0.000000	0.000000	0.000375
224	0.600966	0.075085	0.321914	0.000000	0.001665	0.000000	0.000000	0.000000	0.000370
225	0.600525	0.075479	0.322057	0.000000	0.001600	0.000000	0.000000	0.000000	0.000339
226	0.600386	0.075458	0.322190	0.000000	0.001610	0.000000	0.000000	0.000000	0.000356
227	0.600059	0.075751	0.322210	0.000000	0.001613	0.000000	0.000000	0.000000	0.000367
228	0.600336	0.075358	0.322314	0.000000	0.001644	0.000000	0.000000	0.000000	0.000348
229	0.600540	0.075382	0.322033	0.000000	0.001658	0.000000	0.000000	0.000000	0.000387
230	0.601007	0.075398	0.321570	0.000000	0.001644	0.000000	0.000000	0.000000	0.000381
231	0.601197	0.075330	0.321437	0.000000	0.001636	0.000000	0.000000	0.000000	0.000400
232	0.601051	0.075494	0.321449	0.000000	0.001618	0.000000	0.000000	0.000000	0.000388
233	0.601072	0.075247	0.321635	0.000000	0.001646	0.000000	0.000000	0.000000	0.000400
234	0.601007	0.075118	0.321795	0.000000	0.001692	0.000000	0.000000	0.000000	0.000388
235	0.601478	0.075262	0.321238	0.000000	0.001653	0.000000	0.000000	0.000000	0.000369
236	0.601257	0.074670	0.322092	0.000000	0.001618	0.000000	0.000000	0.000000	0.000363
237	0.601260	0.074716	0.322057	0.000000	0.001617	0.000000	0.000000	0.000000	0.000350
238	0.601133	0.074831	0.322160	0.000000	0.001552	0.000000	0.000000	0.000000	0.000324
239	0.600826	0.074976	0.322333	0.000000	0.001538	0.000000	0.000000	0.000000	0.000327
240	0.601187	0.074834	0.322117	0.000000	0.001543	0.000000	0.000000	0.000000	0.000319
241	0.600863	0.074810	0.322502	0.000000	0.001526	0.000000	0.000000	0.000000	0.000299
242	0.601075	0.074980	0.322141	0.000000	0.001496	0.000000	0.000000	0.000000	0.000308
243	0.600273	0.075078	0.322804	0.000000	0.001522	0.000000	0.000000	0.000000	0.000323
244	0.600243	0.075107	0.322818	0.000000	0.001511	0.000000	0.000000	0.000000	0.000321
245	0.600441	0.074750	0.322990	0.000000	0.001502	0.000000	0.000000	0.000000	0.000317
246	0.601037	0.074709	0.322441	0.000000	0.001459	0.000000	0.000000	0.000000	0.000354
247	0.600615	0.074880	0.322703	0.000000	0.001467	0.000000	0.000000	0.000000	0.000335
248	0.600372	0.074842	0.323061	0.000000	0.001405	0.000000	0.000000	0.000000	0.000320
249	0.600501	0.074590	0.323157	0.000000	0.001409	0.000000	0.000000	0.000000	0.000343
250	0.600794	0.074316	0.323169	0.000000	0.001365	0.000000	0.000000	0.000000	0.000356
251	0.600673	0.074703	0.322947	0.000000	0.001317	0.000000	0.000000	0.000000	0.000360
252	0.601613	0.074529	0.322169	0.000000	0.001319	0.000000	0.000000	0.000000	0.000370
253	0.601407	0.074477	0.322460	0.000000	0.001299	0.000000	0.000000	0.000000	0.000357
254	0.601622	0.074373	0.322327	0.000000	0.001315	0.000000	0.000000	0.000000	0.000363
255	0.601330	0.074326	0.322665	0.000000	0.001321	0.000000	0.000000	0.000000	0.000358
256	0.601202	0.074072	0.323081	0.000000	0.001312	0.000000	0.000000	0.000000	0.000333
257	0.601590	0.073989	0.322814	0.000000	0.001289	0.000000	0.000000	0.000000	0.000318
258	0.601263	0.074193	0.322927	0.000000	0.001284	0.000000	0.000000	0.000000	0.000333
259	0.601283	0.073980	0.323136	0.000000	0.001259	0.000000	0.000000	0.000000	0.000342
260	0.600981	0.073876	0.323575	0.000000	0.001268	0.000000	0.000000	0.000000	0.000300
261	0.601551	0.073726	0.323156	0.000000	0.001245	0.000000	0.000000	0.000000	0.000322
262	0.601675	0.073764	0.323075	0.000000	0.001195	0.000000	0.000000	0.000000	0.000291
263	0.601728	0.073563	0.323224	0.000000	0.001175	0.000000	0.000000	0.000000	0.000310
264	0.602284	0.073241	0.323001	0.000000	0.001161	0.000000	0.000000	0.000000	0.000313
265	0.602783	0.072960	0.322801	0.000000	0.001167	0.000000	0.000000	0.000000	0.000289
266	0.602869	0.072817	0.322876	0.000000	0.001144	0.000000	0.000000	0.000000	0.000294
267	0.603064	0.072981	0.322535	0.000000	0.001131	0.000000	0.000000	0.000000	0.000289
268	0.602387	0.072856	0.323365	0.000000	0.001143	0.000000	0.000000	0.000000	0.000249
269	0.602287	0.072956	0.323366	0.000000	0.001148	0.000000	0.000000	0.000000	0.000243
270	0.601938	0.073198	0.323497	0.000000	0.001143	0.000000	0.000000	0.000000	0.000224
271	0.602092	0.073459	0.323113	0.000000	0.001118	0.000000	0.000000	0.000000	0.000218
272	0.601594	0.073612	0.323442	0.000000	0.001104	0.000000	0.000000	0.000000	0.000248
273	0.601373	0.073857	0.323424	0.000000	0.001104	0.000000	0.000000	0.000000	0.000242
274	0.601568	0.073780	0.323353	0.000000	0.001073	0.000000	0.000000	0.000000	0.000226
275	0.601700	0.073862	0.323195	0.000000	0.001026	0.000000	0.000000	0.000000	0.000217
276	0.601041	0.074189	0.323557	0.000000	0.001003	0.000000	0.000000	0.000000	0.000210
277	0.600999	0.074250	0.323515	0.000000	0.001007	0.000000	0.000000	0.000000	0.000229
278	0.600562	0.074461	0.323768	0.000000	0.000971	0.000000	0.000000	0.000000	0.000238
279	0.600261	0.074321	0.324220	0.000000	0.000971	0.000000	0.000000	0.000000	0.000227
280	0.600475	0.074539	0.323813	0.000000	0.000938	0.000000	0.000000	0.000000	0.000235
281	0.600163	0.074398	0.324301	0.000000	0.000916	0.000000	0.000000	0.000000	0.000222
282	0.600543	0.074385	0.323956	0.000000	0.000899	0.000000	0.000000	0.000000	0.000217
283	0.600584	0.074555	0.323755	0.000000	0.000872	0.000000	0.000000	0.000000	0.000234
284	0.600599	0.074490	0.323835	0.000000	0.000846	0.000000	0.000000	0.000000	0.000230
285	0.600299	0.074722	0.323888	0.000000	0.000849	0.000000	0.000000	0.000000	0.000242
286	0.600081	0.074686	0.324161	0.000000	0.000828	0.000000	0.000000	0.000000	0.000244
287	0.600287	0.074737	0.323858	0.000000	0.000870	0.000000	0.000000	0.000000	0.000248
288	0.599808	0.074887	0.324212	0.000000	0.000844	0.000000	0.000000	0.000000	0.000249
289	0.599260	0.074877	0.324784	0.000000	0.000844	0.000000	0.000000	0.000000	0.000235
290	0.599373	0.074966	0.324603	0.000000	0.000834	0.000000	0.000000	0.000000	0.000224
291	0.599563	0.074720	0.324658	0.000000	0.000824	0.000000	0.000000	0.000000	0.000235
292	0.599583	0.075140	0.324272	0.000000	0.000782	0.000000	0.000000	0.000000	0.000223
293	0.599541	0.075013	0.324446	0.000000	0.000800	0.000000	0.000000	0.000000	0.000200
294	0.599490	0.075241	0.324300	0.000000	0.000761	0.000000	0.000000	0.000000	0.000208
295	0.599134	0.075088	0.324833	0.000000	0.000752	0.000000	0.000000	0.000000	0.000193
296	0.599221	0.075198	0.324639	0.000000	0.000738	0.000000	0.000000	0.000000	0.000204
297	0.599010	0.075134	0.324922	0.000000	0.000746	0.000000	0.000000	0.000000	0.000188
298	0.598803	0.075218	0.325037	0.000000	0.000753	0.000000	0.000000	0.000000	0.000189
299	0.599166	0.075325	0.324554	0.000000	0.000757	0.000000	0.000000	0.000000	0.000198
300	0.598705	0.075522	0.324846	0.000000	0.000729	0.000000	0.000000	0.000000	0.000198
301	0.598703	0.075407	0.324946	0.000000	0.000743	0.000000	0.000000	0.000000	0.000201
302	0.599150	0.075310	0.324584	0.000000	0.000743	0.000000	0.000000	0.000000	0.000213
303	0.598702	0.075725	0.324651	0.000000	0.000729	0.000000	0.000000	0.000000	0.000193
304	0.598555	0.075656	0.324902	0.000000	0.000690	0.000000	0.000000	0.000000	0.000197
305	0.598400	0.075583	0.325108	0.000000	0.000701	0.000000	0.000000	0.000000	0.000208
306	0.598905	0.075752	0.324473	0.000000	0.000666	0.000000	0.000000	0.000000	0.000204
307	0.599149	0.076033	0.323933	0.000000	0.000699	0.000000	0.000000	0.000000	0.000186
308	0.599391	0.076030	0.323722	0.000000	0.000671	0.000000	0.000000	0.000000	0.000186
309	0.598627	0.075740	0.324785	0.000000	0.000649	0.000000	0.000000	0.000000	0.000199
310	0.598758	0.076026	0.324398	0.000000	0.000622	0.000000	0.000000	0.000000	0.000196
311	0.598825	0.075919	0.324406	0.000000	0.000640	0.000000	0.000000	0.000000	0.000210
312	0.598612	0.076077	0.324507	0.000000	0.000594	0.000000	0.000000	0.000000	0.000210
313	0.597802	0.076344	0.325023	0.000000	0.000633	0.000000	0.000000	0.000000	0.000198
314	0.597988	0.076375	0.324837	0.000000	0.000608	0.000000	0.000000	0.000000	0.000192
315	0.597690	0.076818	0.324685	0.000000	0.000596	0.000000	0.000000	0.000000	0.000211
316	0.597838	0.076465	0.324896	0.000000	0.000592	0.000000	0.000000	0.000000	0.000209
317	0.597927	0.076338	0.324913	0.000000	0.000607	0.000000	0.000000	0.000000	0.000215
318	0.597923	0.076150	0.325089	0.000000	0.000611	0.000000	0.000000	0.000000	0.000227
319	0.597743	0.076300	0.325106	0.000000	0.000627	0.000000	0.000000	0.000000	0.000224
320	0.597632	0.076367	0.325198	0.000000	0.000570	0.000000	0.000000	0.000000	0.000233
321	0.598096	0.076096	0.325023	0.000000	0.000553	0.000000	0.000000	0.000000	0.000232
322	0.597733	0.076571	0.324933	0.000000	0.000547	0.000000	0.000000	0.000000	0.000216
323	0.597808	0.076691	0.324717	0.000000	0.000541	0.000000	0.000000	0.000000	0.000243
324	0.596981	0.076901	0.325351	0.000000	0.000537	0.000000	0.000000	0.000000	0.000230
325	0.597051	0.077059	0.325138	0.000000	0.000521	0.000000	0.000000	0.000000	0.000231
326	0.597428	0.077082	0.324708	0.000000	0.000529	0.000000	0.000000	0.000000	0.000253
327	0.597206	0.077408	0.324603	0.000000	0.000527	0.000000	0.000000	0.000000	0.000256
328	0.597873	0.077291	0.324063	0.000000	0.000506	0.000000	0.000000	0.000000	0.000267
329	0.598260	0.077135	0.323825	0.000000	0.000507	0.000000	0.000000	0.000000	0.000273
330	0.598635	0.077096	0.323509	0.000000	0.000490	0.000000	0.000000	0.000000	0.000270
331	0.598399	0.076960	0.323932	0.000000	0.000454	0.000000	0.000000	0.000000	0.000255
332	0.598295	0.076998	0.323969	0.000000	0.000482	0.000000	0.000000	0.000000	0.000256
333	0.598484	0.077279	0.323509	0.000000	0.000488	0.000000	0.000000	0.000000	0.000240
334	0.598691	0.077235	0.323348	0.000000	0.000497	0.000000	0.000000	0.000000	0.000229
335	0.598424	0.077123	0.323737	0.000000	0.000495	0.000000	0.000000	0.000000	0.000221
336	0.598311	0.077238	0.323721	0.000000	0.000496	0.000000	0.000000	0.000000	0.000234
337	0.598591	0.077219	0.323513	0.000000	0.000479	0.000000	0.000000	0.000000	0.000198
338	0.598855	0.077192	0.323296	0.000000	0.000451	0.000000	0.000000	0.000000	0.000206
339	0.598973	0.077123	0.323220	0.000000	0.000468	0.000000	0.000000	0.000000	0.000216
340	0.598389	0.076886	0.324081	0.000000	0.000441	0.000000	0.000000	0.000000	0.000203
341	0.597672	0.077128	0.324528	0.000000	0.000454	0.000000	0.000000	0.000000	0.000218
342	0.597848	0.076856	0.324653	0.000000	0.000429	0.000000	0.000000	0.000000	0.000214
343	0.598022	0.076827	0.324521	0.000000	0.000425	0.000000	0.000000	0.000000	0.000205
344	0.597938	0.077064	0.324386	0.000000	0.000414	0.000000	0.000000	0.000000	0.000198
345	0.598083	0.077216	0.324092	0.000000	0.000412	0.000000	0.000000	0.000000	0.000197
346	0.599003	0.076592	0.323783	0.000000	0.000410	0.000000	0.000000	0.000000	0.000212
347	0.599098	0.077001	0.323313	0.000000	0.000392	0.000000	0.000000	0.000000	0.000196
348	0.599455	0.077238	0.322750	0.000000	0.000365	0.000000	0.000000	0.000000	0.000192
349	0.599105	0.077243	0.323090	0.000000	0.000359	0.000000	0.000000	0.000000	0.000203
350	0.599539	0.077095	0.322796	0.000000	0.000374	0.000000	0.000000	0.000000	0.000196
351	0.598491	0.077497	0.323444	0.000000	0.000367	0.000000	0.000000	0.000000	0.000201
352	0.598845	0.077844	0.322744	0.000000	0.000355	0.000000	0.000000	0.000000	0.000212
353	0.599283	0.077867	0.322276	0.000000	0.000354	0.000000	0.000000	0.000000	0.000220
354	0.599271	0.078065	0.322131	0.000000	0.000338	0.000000	0.000000	0.000000	0.000195
355	0.599770	0.077967	0.321730	0.000000	0.000334	0.000000	0.000000	0.000000	0.000199
356	0.599668	0.077887	0.321934	0.000000	0.000334	0.000000	0.000000	0.000000	0.000177
357	0.599177	0.078001	0.322301	0.000000	0.000332	0.000000	0.000000	0.000000	0.000189
358	0.599100	0.077682	0.322730	0.000000	0.000331	0.000000	0.000000	0.000000	0.000157
359	0.598811	0.077723	0.322978	0.000000	0.000332	0.000000	0.000000	0.000000	0.000156
360	0.598780	0.077711	0.323057	0.000000	0.000309	0.000000	0.000000	0.000000	0.000143
361	0.598554	0.077410	0.323595	0.000000	0.000308	0.000000	0.000000	0.000000	0.000133
362	0.598752	0.077368	0.323461	0.000000	0.000276	0.000000	0.000000	0.000000	0.000143
363	0.599133	0.077294	0.323156	0.000000	0.000282	0.000000	0.000000	0.000000	0.000135
364	0.599052	0.076864	0.323664	0.000000	0.000283	0.000000	0.000000	0.000000	0.000137
365	0.598981	0.077358	0.323252	0.000000	0.000272	0.000000	0.000000	0.000000	0.000137
366	0.599019	0.077425	0.323189	0.000000	0.000251	0.000000	0.000000	0.000000	0.000116
367	0.599412	0.077095	0.323128	0.000000	0.000253	0.000000	0.000000	0.000000	0.000112
368	0.599445	0.077069	0.323130	0.000000	0.000242	0.000000	0.000000	0.000000	0.000114
369	0.599191	0.077411	0.323031	0.000000	0.000256	0.000000	0.000000	0.000000	0.000111
370	0.599128	0.077474	0.323053	0.000000	0.000231	0.000000	0.000000	0.000000	0.000114
371	0.599301	0.077592	0.322748	0.000000	0.000235	0.000000	0.000000	0.000000	0.000124
372	0.599893	0.077058	0.322686	0.000000	0.000238	0.000000	0.000000	0.000000	0.000125
373	0.599574	0.077088	0.322972	0.000000	0.000244	0.000000	0.000000	0.000000	0.000122
374	0.600098	0.076947	0.322591	0.000000	0.000230	0.000000	0.000000	0.000000	0.000134
375	0.599943	0.076915	0.322772	0.000000	0.000235	0.000000	0.000000	0.000000	0.000135
376	0.600415	0.077002	0.322212	0.000000	0.000248	0.000000	0.000000	0.000000	0.000123
377	0.600296	0.076884	0.322448	0.000000	0.000260	0.000000	0.000000	0.000000	0.000112
378	0.599662	0.076967	0.323020	0.000000	0.000234	0.000000	0.000000	0.000000	0.000117
379	0.599963	0.076752	0.322927	0.000000	0.000238	0.000000	0.000000	0.000000	0.000120
380	0.600102	0.076966	0.322562	0.000000	0.000247	0.000000	0.000000	0.000000	0.000123
381	0.599622	0.077569	0.322424	0.000000	0.000247	0.000000	0.000000	0.000000	0.000138
382	0.599799	0.077309	0.322525	0.000000	0.000241	0.000000	0.000000	0.000000	0.000126
383	0.599623	0.077226	0.322769	0.000000	0.000252	0.000000	0.000000	0.000000	0.000130
384	0.600015	0.077067	0.322542	0.000000	0.000253	0.000000	0.000000	0.000000	0.000123
385	0.600476	0.076776	0.322403	0.000000	0.000238	0.000000	0.000000	0.000000	0.000107
386	0.599819	0.076929	0.322889	0.000000	0.000245	0.000000	0.000000	0.000000	0.000118
387	0.600364	0.077073	0.322226	0.000000	0.000224	0.000000	0.000000	0.000000	0.000113
388	0.600504	0.077310	0.321857	0.000000	0.000214	0.000000	0.000000	0.000000	0.000115
389	0.600312	0.076889	0.322476	0.000000	0.000216	0.000000	0.000000	0.000000	0.000107
390	0.600908	0.076837	0.321917	0.000000	0.000221	0.000000	0.000000	0.000000	0.000117
391	0.600427	0.077171	0.322070	0.000000	0.000199	0.000000	0.000000	0.000000	0.000133
392	0.600581	0.077242	0.321829	0.000000	0.000209	0.000000	0.000000	0.000000	0.000139
393	0.599648	0.077695	0.322296	0.000000	0.000232	0.000000	0.000000	0.000000	0.000129
394	0.600223	0.077254	0.322153	0.000000	0.000229	0.000000	0.000000	0.000000	0.000141
395	0.599614	0.077465	0.322547	0.000000	0.000247	0.000000	0.000000	0.000000	0.000127
396	0.599323	0.077641	0.322670	0.000000	0.000233	0.000000	0.000000	0.000000	0.000133
397	0.599642	0.077477	0.322520	0.000000	0.000242	0.000000	0.000000	0.000000	0.000119
398	0.599249	0.077497	0.322903	0.000000	0.000223	0.000000	0.000000	0.000000	0.000128
399	0.599457	0.077388	0.322801	0.000000	0.000220	0.000000	0.000000	0.000000	0.000134
400	0.599849	0.077431	0.322372	0.000000	0.000225	0.000000	0.000000	0.000000	0.000123
401	0.599797	0.077226	0.322627	0.000000	0.000230	0.000000	0.000000	0.000000	0.000120
402	0.599587	0.077089	0.322971	0.000000	0.000234	0.000000	0.000000	0.000000	0.000119
403	0.599419	0.077541	0.322718	0.000000	0.000209	0.000000	0.000000	0.000000	0.000113
404	0.599315	0.077374	0.322956	0.000000	0.000221	0.000000	0.000000	0.000000	0.000134
405	0.598747	0.077574	0.323357	0.000000	0.000201	0.000000	0.000000	0.000000	0.000121
406	0.599472	0.077710	0.322502	0.000000	0.000205	0.000000	0.000000	0.000000	0.000111
407	0.599729	0.077380	0.322593	0.000000	0.000198	0.000000	0.000000	0.000000	0.000100
408	0.599428	0.077354	0.322922	0.000000	0.000201	0.000000	0.000000	0.000000	0.000095
409	0.599674	0.077137	0.322907	0.000000	0.000180	0.000000	0.000000	0.000000	0.000102
410	0.599617	0.077405	0.322686	0.000000	0.000186	0.000000	0.000000	0.000000	0.000106
411	0.600095	0.077243	0.322382	0.000000	0.000189	0.000000	0.000000	0.000000	0.000091
412	0.600222	0.076875	0.322634	0.000000	0.000175	0.000000	0.000000	0.000000	0.000094
413	0.599579	0.076878	0.323281	0.000000	0.000170	0.000000	0.000000	0.000000	0.000092
414	0.600241	0.076661	0.322850	0.000000	0.000162	0.000000	0.000000	0.000000	0.000086
415	0.600314	0.076594	0.322842	0.000000	0.000161	0.000000	0.000000	0.000000	0.000089
416	0.600189	0.076702	0.322850	0.000000	0.000166	0.000000	0.000000	0.000000	0.000093
417	0.600491	0.076721	0.322540	0.000000	0.000162	0.000000	0.000000	0.000000	0.000086
418	0.600470	0.076920	0.322354	0.000000	0.000171	0.000000	0.000000	0.000000	0.000085
419	0.600487	0.076752	0.322517	0.000000	0.000160	0.000000	0.000000	0.000000	0.000084
420	0.600183	0.076725	0.322848	0.000000	0.000161	0.000000	0.000000	0.000000	0.000083
421	0.600742	0.076810	0.322227	0.000000	0.000140	0.000000	0.000000	0.000000	0.000081
422	0.600109	0.077313	0.322355	0.000000	0.000141	0.000000	0.000000	0.000000	0.000082
423	0.599821	0.077709	0.322260	0.000000	0.000131	0.000000	0.000000	0.000000	0.000079
424	0.600461	0.077480	0.321859	0.000000	0.000127	0.000000	0.000000	0.000000	0.000073
425	0.599964	0.077430	0.322411	0.000000	0.000123	0.000000	0.000000	0.000000	0.000072
426	0.599935	0.077376	0.322478	0.000000	0.000137	0.000000	0.000000	0.000000	0.000074
427	0.599986	0.077794	0.322018	0.000000	0.000136	0.000000	0.000000	0.000000	0.000066
428	0.599698	0.077656	0.322459	0.000000	0.000128	0.000000	0.000000	0.000000	0.000059
429	0.599430	0.077417	0.322955	0.000000	0.000136	0.000000	0.000000	0.000000	0.000062
430	0.599061	0.077661	0.323085	0.000000	0.000143	0.000000	0.000000	0.000000	0.000050
431	0.598834	0.077721	0.323244	0.000000	0.000148	0.000000	0.000000	0.000000	0.000053
432	0.598315	0.077398	0.324088	0.000000	0.000144	0.000000	0.000000	0.000000	0.000055
433	0.598286	0.077184	0.324335	0.000000	0.000147	0.000000	0.000000	0.000000	0.000048
434	0.598189	0.077219	0.324407	0.000000	0.000145	0.000000	0.000000	0.000000	0.000040
435	0.597743	0.077389	0.324692	0.000000	0.000139	0.000000	0.000000	0.000000	0.000037
436	0.597306	0.077319	0.325204	0.000000	0.000133	0.000000	0.000000	0.000000	0.000038
437	0.597076	0.077756	0.324988	0.000000	0.000141	0.000000	0.000000	0.000000	0.000039
438	0.597764	0.077279	0.324780	0.000000	0.000142	0.000000	0.000000	0.000000	0.000035
439	0.597610	0.077472	0.324738	0.000000	0.000138	0.000000	0.000000	0.000000	0.000042
440	0.598054	0.077584	0.324190	0.000000	0.000128	0.000000	0.000000	0.000000	0.000044
441	0.597325	0.077724	0.324770	0.000000	0.000138	0.000000	0.000000	0.000000	0.000043
442	0.597509	0.077695	0.324606	0.000000	0.000150	0.000000	0.000000	0.000000	0.000040
443	0.598109	0.077609	0.324104	0.000000	0.000139	0.000000	0.000000	0.000000	0.000039
444	0.596964	0.078120	0.324746	0.000000	0.000143	0.000000	0.000000	0.000000	0.000027
445	0.596429	0.078311	0.325114	0.000000	0.000126	0.000000	0.000000	0.000000	0.000020
446	0.596771	0.078374	0.324690	0.000000	0.000133	0.000000	0.000000	0.000000	0.000032
447	0.596534	0.078098	0.325207	0.000000	0.000135	0.000000	0.000000	0.000000	0.000026
448	0.596437	0.078369	0.325019	0.000000	0.000145	0.000000	0.000000	0.000000	0.000030
449	0.597016	0.078326	0.324486	0.000000	0.000141	0.000000	0.000000	0.000000	0.000031
450	0.597428	0.078455	0.323945	0.000000	0.000139	0.000000	0.000000	0.000000	0.000033
451	0.597326	0.078392	0.324089	0.000000	0.000152	0.000000	0.000000	0.000000	0.000041
452	0.597316	0.078700	0.323798	0.000000	0.000150	0.000000	0.000000	0.000000	0.000036
453	0.597086	0.078620	0.324112	0.000000	0.000147	0.000000	0.000000	0.000000	0.000035
454	0.597393	0.078710	0.323704	0.000000	0.000158	0.000000	0.000000	0.000000	0.000035
455	0.597414	0.078741	0.323648	0.000000	0.000164	0.000000	0.000000	0.000000	0.000033
456	0.597355	0.078757	0.323694	0.000000	0.000162	0.000000	0.000000	0.000000	0.000032
457	0.598029	0.078412	0.323378	0.000000	0.000156	0.000000	0.000000	0.000000	0.000025
458	0.598330	0.078299	0.323163	0.000000	0.000173	0.000000	0.000000	0.000000	0.000035
459	0.598652	0.077911	0.323238	0.000000	0.000165	0.000000	0.000000	0.000000	0.000034
460	0.599109	0.077759	0.322961	0.000000	0.000144	0.000000	0.000000	0.000000	0.000027
461	0.599271	0.077554	0.323002	0.000000	0.000148	0.000000	0.000000	0.000000	0.000025
462	0.599004	0.077445	0.323384	0.000000	0.000149	0.000000	0.000000	0.000000	0.000018
463	0.598294	0.077461	0.324055	0.000000	0.000168	0.000000	0.000000	0.000000	0.000022
464	0.598434	0.077564	0.323829	0.000000	0.000153	0.000000	0.000000	0.000000	0.000020
465	0.598221	0.077553	0.324052	0.000000	0.000151	0.000000	0.000000	0.000000	0.000023
466	0.597715	0.077888	0.324230	0.000000	0.000147	0.000000	0.000000	0.000000	0.000020
467	0.597687	0.077630	0.324510	0.000000	0.000155	0.000000	0.000000	0.000000	0.000018
468	0.597230	0.077352	0.325254	0.000000	0.000146	0.000000	0.000000	0.000000	0.000018
469	0.597081	0.077377	0.325392	0.000000	0.000134	0.000000	0.000000	0.000000	0.000016
470	0.596957	0.077559	0.325337	0.000000	0.000135	0.000000	0.000000	0.000000	0.000012
