0	0.290663	0.057897	0.229473	0.157588	0.029913	0.111872	0.085455	0.012259	0.024880
1	0.240512	0.049740	0.205243	0.148722	0.030292	0.125421	0.100952	0.019766	0.079352
2	0.246222	0.050704	0.209166	0.151730	0.031715	0.127941	0.087767	0.017475	0.077280
3	0.257388	0.052173	0.214317	0.153442	0.033240	0.128505	0.074741	0.014781	0.071413
4	0.267709	0.053324	0.219519	0.154276	0.034387	0.128200	0.063418	0.012502	0.066665
5	0.278616	0.054518	0.223960	0.155002	0.035602	0.126457	0.053638	0.010334	0.061873
6	0.288575	0.055473	0.227272	0.155460	0.037092	0.124564	0.045601	0.008702	0.057261
7	0.297189	0.056338	0.230847	0.155302	0.038265	0.122426	0.038605	0.007282	0.053746
8	0.305730	0.056520	0.234527	0.153999	0.038892	0.120781	0.032959	0.006279	0.050313
9	0.312953	0.056683	0.237811	0.153288	0.039968	0.119008	0.028246	0.005301	0.046742
10	0.320726	0.056570	0.240495	0.152617	0.041039	0.116625	0.023962	0.004400	0.043566
11	0.327542	0.056789	0.242786	0.151203	0.042321	0.114167	0.020881	0.003741	0.040570
12	0.333656	0.056591	0.245076	0.149964	0.043331	0.112040	0.018065	0.003089	0.038188
13	0.339675	0.056838	0.247239	0.148221	0.044485	0.109648	0.015385	0.002648	0.035861
14	0.345076	0.056352	0.249292	0.146594	0.045449	0.108026	0.013263	0.002249	0.033699
15	0.350004	0.055749	0.251868	0.144663	0.046766	0.105707	0.011574	0.001903	0.031766
16	0.354657	0.055139	0.253448	0.143240	0.048170	0.103709	0.010059	0.001583	0.029995
17	0.358998	0.054909	0.255976	0.140933	0.049268	0.101784	0.008554	0.001372	0.028206
18	0.363364	0.054201	0.258154	0.139091	0.050192	0.099806	0.007430	0.001189	0.026573
19	0.367980	0.053835	0.259488	0.137502	0.051230	0.097600	0.006515	0.000962	0.024888
20	0.371698	0.053085	0.261253	0.135551	0.052643	0.095730	0.005715	0.000821	0.023504
21	0.375919	0.052282	0.262732	0.133252	0.053618	0.094126	0.004944	0.000701	0.022426
22	0.379593	0.051532	0.263856	0.131122	0.054826	0.092742	0.004414	0.000611	0.021304
23	0.383908	0.050934	0.264928	0.128642	0.056094	0.091074	0.003766	0.000515	0.020139
24	0.386612	0.050463	0.266030	0.127122	0.057217	0.089479	0.003456	0.000440	0.019181
25	0.389929	0.049698	0.267334	0.125446	0.058232	0.087761	0.002982	0.000409	0.018209
26	0.393128	0.048865	0.268689	0.122991	0.059497	0.086339	0.002707	0.000341	0.017443
27	0.396740	0.048245	0.269207	0.121192	0.060560	0.084884	0.002294	0.000300	0.016578
28	0.399305	0.047463	0.270982	0.119256	0.061915	0.083064	0.002028	0.000258	0.015729
29	0.401307	0.047232	0.272461	0.117377	0.063213	0.081214	0.001820	0.000234	0.015142
30	0.404320	0.046313	0.273195	0.115695	0.064787	0.079465	0.001572	0.000193	0.014460
31	0.406209	0.046252	0.274512	0.113542	0.066585	0.077570	0.001385	0.000172	0.013773
32	0.408004	0.045959	0.275622	0.111640	0.067970	0.076199	0.001216	0.000162	0.013228
33	0.409745	0.045199	0.276462	0.109903	0.069508	0.075182	0.001082	0.000132	0.012787
34	0.412070	0.044571	0.277663	0.107946	0.070749	0.073665	0.000986	0.000115	0.012235
35	0.413989	0.043932	0.278446	0.106042	0.072351	0.072497	0.000889	0.000110	0.011744
36	0.416036	0.043249	0.278823	0.104388	0.074114	0.071172	0.000801	0.000105	0.011312
37	0.417507	0.042709	0.279646	0.102388	0.076151	0.069782	0.000738	0.000079	0.011000
38	0.419398	0.042110	0.280992	0.100464	0.077598	0.068146	0.000660	0.000060	0.010572
39	0.421677	0.041166	0.281643	0.098772	0.079077	0.066799	0.000579	0.000059	0.010228
40	0.422456	0.040548	0.283011	0.097079	0.080810	0.065666	0.000557	0.000052	0.009821
41	0.424881	0.039610	0.282841	0.095562	0.082217	0.064666	0.000527	0.000061	0.009635
42	0.425994	0.039407	0.282981	0.094180	0.084131	0.063576	0.000438	0.000049	0.009244
43	0.427417	0.038806	0.283448	0.092321	0.086177	0.062490	0.000426	0.000040	0.008875
44	0.428612	0.037950	0.284084	0.090862	0.087968	0.061485	0.000362	0.000031	0.008646
45	0.430065	0.037491	0.284018	0.089461	0.089664	0.060615	0.000371	0.000026	0.008289
46	0.431408	0.036771	0.284397	0.088022	0.091483	0.059572	0.000305	0.000022	0.008020
47	0.432076	0.036136	0.285016	0.086793	0.093487	0.058529	0.000277	0.000022	0.007664
48	0.433070	0.035463	0.285453	0.085332	0.095677	0.057274	0.000280	0.000029	0.007422
49	0.434544	0.034846	0.285318	0.084026	0.097884	0.056026	0.000248	0.000026	0.007082
50	0.435398	0.034339	0.285378	0.082701	0.100130	0.054922	0.000223	0.000025	0.006884
51	0.436447	0.033992	0.285767	0.081063	0.101662	0.054230	0.000203	0.000013	0.006623
52	0.436814	0.033598	0.285804	0.079743	0.104249	0.053195	0.000175	0.000014	0.006408
53	0.438218	0.032976	0.285408	0.078441	0.106098	0.052425	0.000186	0.000010	0.006238
54	0.438829	0.032550	0.285419	0.076859	0.108696	0.051530	0.000143	0.000008	0.005966
55	0.439503	0.031809	0.285039	0.076195	0.110722	0.050699	0.000138	0.000007	0.005888
56	0.439451	0.031433	0.284832	0.075096	0.113470	0.049933	0.000119	0.000007	0.005659
57	0.439740	0.031082	0.284184	0.074214	0.116237	0.049057	0.000122	0.000006	0.005358
58	0.440298	0.030768	0.283933	0.072874	0.118278	0.048502	0.000125	0.000005	0.005217
59	0.440142	0.030058	0.284379	0.072170	0.120537	0.047474	0.000108	0.000003	0.005129
60	0.440611	0.029580	0.283844	0.070855	0.123096	0.047068	0.000089	0.000006	0.004851
61	0.440496	0.029117	0.283515	0.070076	0.125769	0.046277	0.000101	0.000007	0.004642
62	0.441269	0.028594	0.282722	0.069236	0.128161	0.045503	0.000091	0.000003	0.004421
63	0.440914	0.028168	0.282680	0.068258	0.131044	0.044556	0.000094	0.000004	0.004282
64	0.440990	0.027759	0.282810	0.067074	0.133254	0.043906	0.000077	0.000006	0.004124
65	0.441121	0.027080	0.282760	0.066055	0.135709	0.043290	0.000071	0.000004	0.003910
66	0.441365	0.026407	0.281990	0.065295	0.138560	0.042445	0.000071	0.000003	0.003864
67	0.441056	0.026050	0.281625	0.064396	0.141189	0.041724	0.000064	0.000000	0.003896
68	0.441071	0.025488	0.281446	0.063265	0.143876	0.041068	0.000050	0.000000	0.003736
69	0.439202	0.025231	0.281467	0.062684	0.147407	0.040427	0.000060	0.000000	0.003522
70	0.438511	0.024746	0.280913	0.061629	0.150998	0.039766	0.000054	0.000000	0.003383
71	0.437678	0.024165	0.280238	0.061108	0.154580	0.038835	0.000045	0.000000	0.003351
72	0.437165	0.023687	0.279833	0.060216	0.157624	0.038212	0.000050	0.000000	0.003213
73	0.435892	0.023566	0.279354	0.059730	0.160543	0.037702	0.000043	0.000000	0.003170
74	0.434839	0.022936	0.279356	0.058912	0.163689	0.037141	0.000032	0.000000	0.003095
75	0.433695	0.022450	0.278988	0.057878	0.167164	0.036818	0.000022	0.000000	0.002985
76	0.432510	0.022083	0.279038	0.056996	0.170092	0.036358	0.000023	0.000000	0.002900
77	0.431648	0.021769	0.278282	0.056468	0.173154	0.035806	0.000027	0.000000	0.002846
78	0.430551	0.021148	0.277295	0.055578	0.177082	0.035548	0.000029	0.000000	0.002769
79	0.429457	0.020742	0.276673	0.054817	0.180701	0.034877	0.000024	0.000000	0.002709
80	0.428601	0.020438	0.275543	0.054471	0.183771	0.034522	0.000023	0.000000	0.002631
81	0.427382	0.020406	0.274538	0.053820	0.187446	0.033821	0.000027	0.000000	0.002560
82	0.425766	0.020254	0.274205	0.053086	0.190981	0.033153	0.000023	0.000000	0.002532
83	0.424932	0.019963	0.273000	0.052335	0.194579	0.032751	0.000019	0.000000	0.002421
84	0.423263	0.019618	0.272345	0.051916	0.198360	0.032126	0.000016	0.000000	0.002356
85	0.422439	0.019306	0.270466	0.051494	0.202308	0.031773	0.000016	0.000000	0.002198
86	0.420671	0.019114	0.269777	0.050699	0.206199	0.031405	0.000021	0.000000	0.002114
87	0.419037	0.018864	0.268757	0.049950	0.210174	0.031137	0.000021	0.000000	0.002060
88	0.417091	0.018785	0.267721	0.049471	0.214129	0.030782	0.000015	0.000000	0.002006
89	0.414585	0.018452	0.266836	0.049129	0.218467	0.030541	0.000009	0.000000	0.001981
90	0.412737	0.017946	0.265750	0.048825	0.222544	0.030198	0.000013	0.000000	0.001987
91	0.410502	0.017597	0.264504	0.048086	0.227368	0.030056	0.000005	0.000000	0.001882
92	0.408767	0.017218	0.263556	0.047852	0.231402	0.029435	0.000006	0.000000	0.001764
93	0.407075	0.016915	0.261672	0.047603	0.235732	0.029274	0.000011	0.000000	0.001718
94	0.405022	0.016753	0.260046	0.047378	0.240174	0.029001	0.000012	0.000000	0.001614
95	0.402418	0.016384	0.259261	0.046972	0.244725	0.028687	0.000008	0.000000	0.001545
96	0.400282	0.016013	0.258057	0.046563	0.249306	0.028231	0.000005	0.000000	0.001543
97	0.398523	0.015884	0.256035	0.046194	0.254063	0.027832	0.000005	0.000000	0.001464
98	0.396461	0.015781	0.254479	0.045577	0.258694	0.027544	0.000005	0.000000	0.001459
99	0.394839	0.015448	0.252292	0.045582	0.262995	0.027423	0.000006	0.000000	0.001415
100	0.392306	0.015187	0.251015	0.045205	0.267664	0.027259	0.000006	0.000000	0.001358
101	0.389881	0.014814	0.249386	0.045054	0.272550	0.026926	0.000009	0.000000	0.001380
102	0.386946	0.014662	0.247974	0.044843	0.277560	0.026643	0.000006	0.000000	0.001366
103	0.384262	0.014444	0.246115	0.044696	0.282648	0.026589	0.000005	0.000000	0.001241
104	0.381787	0.014365	0.244971	0.044469	0.286871	0.026319	0.000004	0.000000	0.001214
105	0.379127	0.014106	0.242735	0.044227	0.292581	0.026046	0.000003	0.000000	0.001175
106	0.376205	0.014037	0.240955	0.044228	0.297547	0.025861	0.000006	0.000000	0.001161
107	0.374173	0.013593	0.239150	0.044102	0.302471	0.025356	0.000004	0.000000	0.001151
108	0.371057	0.013357	0.237493	0.043916	0.307604	0.025489	0.000003	0.000000	0.001081
109	0.368345	0.013121	0.235723	0.043957	0.312672	0.025131	0.000002	0.000000	0.001049
110	0.365393	0.012787	0.233881	0.043716	0.318018	0.025176	0.000001	0.000000	0.001028
111	0.361876	0.012427	0.232633	0.043615	0.323322	0.025139	0.000002	0.000000	0.000986
112	0.358430	0.012265	0.230990	0.043469	0.328968	0.024870	0.000002	0.000000	0.001006
113	0.355720	0.012142	0.228611	0.043376	0.334273	0.024888	0.000001	0.000000	0.000989
114	0.353018	0.011621	0.226528	0.043250	0.339767	0.024817	0.000000	0.000000	0.000999
115	0.349684	0.011427	0.224978	0.043356	0.344669	0.024916	0.000001	0.000000	0.000969
116	0.347097	0.011247	0.222909	0.043152	0.349760	0.024879	0.000004	0.000000	0.000952
117	0.343314	0.011054	0.221373	0.043291	0.355470	0.024618	0.000004	0.000000	0.000876
118	0.340067	0.010857	0.219274	0.043153	0.361299	0.024448	0.000001	0.000000	0.000901
119	0.337104	0.010737	0.217316	0.043025	0.366589	0.024402	0.000001	0.000000	0.000826
120	0.333849	0.010559	0.215223	0.042698	0.372479	0.024388	0.000001	0.000000	0.000803
121	0.331109	0.010265	0.213275	0.042884	0.377666	0.024044	0.000002	0.000000	0.000755
122	0.328634	0.010102	0.210690	0.042914	0.383001	0.023893	0.000002	0.000000	0.000764
123	0.324963	0.009926	0.208519	0.042941	0.389058	0.023863	0.000002	0.000000	0.000728
124	0.321281	0.009777	0.206422	0.042869	0.395332	0.023593	0.000003	0.000000	0.000723
125	0.318205	0.009347	0.204494	0.042766	0.400909	0.023605	0.000003	0.000000	0.000671
126	0.314835	0.009070	0.202498	0.042852	0.406541	0.023562	0.000005	0.000000	0.000637
127	0.312200	0.008957	0.200097	0.042635	0.412174	0.023318	0.000003	0.000000	0.000616
128	0.308937	0.008878	0.197828	0.042445	0.418095	0.023197	0.000002	0.000000	0.000618
129	0.305282	0.008678	0.195780	0.042364	0.424203	0.023089	0.000002	0.000000	0.000602
130	0.302090	0.008576	0.193109	0.042625	0.429873	0.023120	0.000003	0.000000	0.000604
131	0.297805	0.008340	0.191678	0.042655	0.435902	0.023065	0.000001	0.000000	0.000554
132	0.294728	0.008100	0.189665	0.042444	0.441506	0.022969	0.000001	0.000000	0.000587
133	0.290915	0.008148	0.187313	0.042580	0.447455	0.023032	0.000000	0.000000	0.000557
134	0.287871	0.007780	0.185202	0.042636	0.453280	0.022713	0.000000	0.000000	0.000518
135	0.284214	0.007582	0.182894	0.042722	0.459340	0.022730	0.000000	0.000000	0.000518
136	0.281199	0.007420	0.180563	0.042597	0.465172	0.022554	0.000000	0.000000	0.000495
137	0.277077	0.007321	0.178665	0.042623	0.471319	0.022488	0.000000	0.000000	0.000507
138	0.273841	0.007192	0.176575	0.042568	0.476969	0.022373	0.000000	0.000000	0.000482
139	0.270136	0.006914	0.174680	0.042802	0.482516	0.022460	0.000000	0.000000	0.000492
140	0.266638	0.006782	0.172360	0.042647	0.488623	0.022455	0.000000	0.000000	0.000495
141	0.261996	0.006607	0.170624	0.042844	0.495107	0.022367	0.000000	0.000000	0.000455
142	0.258408	0.006471	0.168232	0.042991	0.501208	0.022278	0.000000	0.000000	0.000412
143	0.254591	0.006338	0.166157	0.042808	0.507529	0.022155	0.000000	0.000000	0.000422
144	0.251172	0.006208	0.164149	0.042953	0.512982	0.022120	0.000000	0.000000	0.000416
145	0.247450	0.006101	0.161702	0.042853	0.519330	0.022171	0.000000	0.000000	0.000393
146	0.244067	0.005956	0.159335	0.042785	0.525350	0.022102	0.000000	0.000000	0.000405
147	0.240236	0.005915	0.157292	0.042606	0.531254	0.022298	0.000000	0.000000	0.000399
148	0.236914	0.005825	0.154872	0.042664	0.537288	0.022049	0.000000	0.000000	0.000388
149	0.233265	0.005661	0.152510	0.042654	0.543669	0.021903	0.000000	0.000000	0.000338
150	0.229999	0.005597	0.149860	0.042575	0.549651	0.022000	0.000000	0.000000	0.000318
151	0.226528	0.005338	0.147841	0.042396	0.555543	0.022046	0.000000	0.000000	0.000308
152	0.222282	0.005278	0.145497	0.042615	0.562087	0.021938	0.000000	0.000000	0.000303
153	0.218785	0.005151	0.143219	0.042716	0.567816	0.022016	0.000000	0.000000	0.000297
154	0.215359	0.004984	0.140606	0.042629	0.574258	0.021863	0.000000	0.000000	0.000301
155	0.212141	0.004870	0.138210	0.042468	0.580030	0.021977	0.000000	0.000000	0.000304
156	0.209371	0.004727	0.135749	0.042374	0.585597	0.021871	0.000000	0.000000	0.000311
157	0.205256	0.004463	0.134055	0.042449	0.591509	0.021964	0.000000	0.000000	0.000304
158	0.202162	0.004481	0.132214	0.042446	0.596430	0.021937	0.000000	0.000000	0.000330
159	0.198409	0.004324	0.130133	0.042337	0.602422	0.022040	0.000000	0.000000	0.000335
160	0.194745	0.004189	0.127899	0.042379	0.608611	0.021877	0.000000	0.000000	0.000300
161	0.191233	0.004105	0.125829	0.042467	0.614248	0.021822	0.000000	0.000000	0.000296
162	0.187766	0.003933	0.123681	0.042233	0.620328	0.021773	0.000000	0.000000	0.000286
163	0.184593	0.003731	0.121167	0.042270	0.626138	0.021819	0.000000	0.000000	0.000282
164	0.181662	0.003559	0.119066	0.042238	0.631534	0.021684	0.000000	0.000000	0.000257
165	0.178280	0.003457	0.117090	0.042500	0.636874	0.021535	0.000000	0.000000	0.000264
166	0.175280	0.003299	0.114729	0.042858	0.641834	0.021723	0.000000	0.000000	0.000277
167	0.172124	0.003160	0.112810	0.042746	0.647181	0.021713	0.000000	0.000000	0.000266
168	0.168641	0.003064	0.110889	0.043119	0.652480	0.021579	0.000000	0.000000	0.000228
169	0.165436	0.002976	0.108928	0.043198	0.657492	0.021714	0.000000	0.000000	0.000256
170	0.162055	0.002907	0.107072	0.043309	0.662741	0.021667	0.000000	0.000000	0.000249
171	0.159000	0.002804	0.105304	0.043460	0.667688	0.021509	0.000000	0.000000	0.000235
172	0.155766	0.002764	0.103176	0.043536	0.672976	0.021563	0.000000	0.000000	0.000219
173	0.152473	0.002645	0.101004	0.043536	0.678444	0.021692	0.000000	0.000000	0.000206
174	0.149329	0.002573	0.099304	0.043597	0.683379	0.021626	0.000000	0.000000	0.000192
175	0.146220	0.002515	0.096889	0.043555	0.689133	0.021522	0.000000	0.000000	0.000166
176	0.142853	0.002429	0.094837	0.043630	0.694594	0.021498	0.000000	0.000000	0.000159
177	0.139907	0.002357	0.093029	0.043726	0.699352	0.021455	0.000000	0.000000	0.000174
178	0.136838	0.002241	0.090673	0.044102	0.704622	0.021353	0.000000	0.000000	0.000171
179	0.133896	0.002225	0.088660	0.044104	0.709802	0.021162	0.000000	0.000000	0.000151
180	0.131331	0.002119	0.086768	0.044342	0.714011	0.021297	0.000000	0.000000	0.000132
181	0.128489	0.002027	0.084677	0.044171	0.719259	0.021226	0.000000	0.000000	0.000151
182	0.125702	0.001947	0.083020	0.044474	0.723459	0.021271	0.000000	0.000000	0.000127
183	0.123027	0.001807	0.080958	0.044521	0.728337	0.021230	0.000000	0.000000	0.000120
184	0.120124	0.001755	0.079210	0.044712	0.733041	0.021038	0.000000	0.000000	0.000120
185	0.117349	0.001652	0.077670	0.044784	0.737272	0.021162	0.000000	0.000000	0.000111
186	0.114888	0.001632	0.075789	0.044688	0.741807	0.021095	0.000000	0.000000	0.000101
187	0.112324	0.001521	0.074062	0.044624	0.746103	0.021256	0.000000	0.000000	0.000110
188	0.109370	0.001461	0.072531	0.044847	0.750491	0.021186	0.000000	0.000000	0.000114
189	0.106734	0.001423	0.070829	0.045002	0.754531	0.021369	0.000000	0.000000	0.000112
190	0.104015	0.001419	0.069217	0.045223	0.758861	0.021144	0.000000	0.000000	0.000121
191	0.101794	0.001403	0.067406	0.045221	0.763126	0.020926	0.000000	0.000000	0.000124
192	0.099365	0.001348	0.065825	0.045398	0.766833	0.021126	0.000000	0.000000	0.000105
193	0.096737	0.001319	0.064321	0.045446	0.771061	0.021019	0.000000	0.000000	0.000097
194	0.093734	0.001264	0.062856	0.045666	0.775278	0.021108	0.000000	0.000000	0.000094
195	0.091419	0.001224	0.061075	0.045745	0.779316	0.021135	0.000000	0.000000	0.000086
196	0.089103	0.001177	0.059398	0.045947	0.783067	0.021230	0.000000	0.000000	0.000078
197	0.087053	0.001133	0.058072	0.045927	0.786571	0.021170	0.000000	0.000000	0.000074
198	0.084839	0.001072	0.056363	0.045859	0.790541	0.021244	0.000000	0.000000	0.000082
199	0.082809	0.001036	0.055138	0.045681	0.794215	0.021043	0.000000	0.000000	0.000078
200	0.080397	0.000988	0.053528	0.045754	0.798191	0.021062	0.000000	0.000000	0.000080
201	0.078309	0.000911	0.052211	0.045634	0.801796	0.021069	0.000000	0.000000	0.000070
202	0.076456	0.000850	0.050490	0.045596	0.805477	0.021070	0.000000	0.000000	0.000061
203	0.074395	0.000785	0.048955	0.045850	0.808811	0.021152	0.000000	0.000000	0.000052
204	0.072345	0.000753	0.047440	0.045785	0.812523	0.021104	0.000000	0.000000	0.000050
205	0.070171	0.000734	0.046318	0.045617	0.816070	0.021044	0.000000	0.000000	0.000046
206	0.068307	0.000670	0.045035	0.045433	0.819487	0.021023	0.000000	0.000000	0.000045
207	0.066511	0.000636	0.043772	0.045401	0.822640	0.020984	0.000000	0.000000	0.000056
208	0.064711	0.000612	0.042382	0.045609	0.825526	0.021109	0.000000	0.000000	0.000051
209	0.063084	0.000599	0.041339	0.045884	0.828041	0.021007	0.000000	0.000000	0.000046
210	0.061390	0.000550	0.040046	0.046026	0.830938	0.021003	0.000000	0.000000	0.000047
211	0.059753	0.000503	0.038843	0.045911	0.834183	0.020774	0.000000	0.000000	0.000033
212	0.057882	0.000488	0.037720	0.045735	0.837221	0.020921	0.000000	0.000000	0.000033
213	0.056223	0.000477	0.036547	0.045746	0.840076	0.020895	0.000000	0.000000	0.000036
214	0.054182	0.000481	0.035352	0.045401	0.843659	0.020887	0.000000	0.000000	0.000038
215	0.052399	0.000467	0.034182	0.045437	0.846573	0.020914	0.000000	0.000000	0.000028
216	0.050666	0.000478	0.033417	0.045555	0.848703	0.021155	0.000000	0.000000	0.000026
217	0.048984	0.000485	0.032253	0.045650	0.851562	0.021034	0.000000	0.000000	0.000032
218	0.047444	0.000440	0.031556	0.045547	0.853707	0.021277	0.000000	0.000000	0.000029
219	0.046010	0.000411	0.030533	0.045531	0.856125	0.021367	0.000000	0.000000	0.000023
220	0.044462	0.000406	0.029645	0.045502	0.858687	0.021273	0.000000	0.000000	0.000025
221	0.043044	0.000408	0.028515	0.045586	0.860891	0.021532	0.000000	0.000000	0.000024
222	0.041813	0.000400	0.027477	0.045747	0.862973	0.021563	0.000000	0.000000	0.000027
223	0.040421	0.000382	0.026661	0.045449	0.865532	0.021532	0.000000	0.000000	0.000023
224	0.039247	0.000356	0.026024	0.045663	0.867163	0.021526	0.000000	0.000000	0.000021
225	0.038023	0.000347	0.025065	0.045562	0.869253	0.021732	0.000000	0.000000	0.000018
226	0.036750	0.000343	0.024228	0.045557	0.871361	0.021739	0.000000	0.000000	0.000022
227	0.035762	0.000308	0.023350	0.045799	0.872821	0.021938	0.000000	0.000000	0.000022
228	0.034756	0.000284	0.022584	0.045838	0.874676	0.021852	0.000000	0.000000	0.000010
229	0.033421	0.000254	0.021876	0.045908	0.876666	0.021865	0.000000	0.000000	0.000010
230	0.032515	0.000253	0.021086	0.045785	0.878690	0.021664	0.000000	0.000000	0.000007
231	0.031279	0.000244	0.020532	0.045660	0.880604	0.021670	0.000000	0.000000	0.000011
232	0.030101	0.000240	0.019774	0.045839	0.882190	0.021849	0.000000	0.000000	0.000007
233	0.029222	0.000232	0.019144	0.045896	0.883748	0.021749	0.000000	0.000000	0.000009
234	0.028314	0.000236	0.018474	0.045792	0.885404	0.021772	0.000000	0.000000	0.000008
235	0.027251	0.000229	0.017932	0.045815	0.887183	0.021579	0.000000	0.000000	0.000011
236	0.026484	0.000214	0.017223	0.045812	0.888597	0.021655	0.000000	0.000000	0.000015
237	0.025487	0.000201	0.016573	0.045682	0.890306	0.021737	0.000000	0.000000	0.000014
238	0.024641	0.000174	0.015912	0.045740	0.891743	0.021769	0.000000	0.000000	0.000021
239	0.023794	0.000165	0.015235	0.045527	0.893195	0.022064	0.000000	0.000000	0.000020
240	0.022850	0.000163	0.014823	0.045603	0.894526	0.022015	0.000000	0.000000	0.000020
241	0.021943	0.000158	0.014271	0.045681	0.895586	0.022334	0.000000	0.000000	0.000027
242	0.021208	0.000138	0.013691	0.045913	0.896904	0.022126	0.000000	0.000000	0.000020
243	0.020498	0.000151	0.013166	0.045921	0.898054	0.022194	0.000000	0.000000	0.000016
244	0.019726	0.000143	0.012736	0.045948	0.899179	0.022254	0.000000	0.000000	0.000014
245	0.019046	0.000156	0.012306	0.045731	0.900631	0.022120	0.000000	0.000000	0.000010
246	0.018285	0.000146	0.011841	0.045945	0.902024	0.021747	0.000000	0.000000	0.000012
247	0.017667	0.000151	0.011355	0.045924	0.903117	0.021777	0.000000	0.000000	0.000009
248	0.017014	0.000164	0.010783	0.046121	0.904109	0.021796	0.000000	0.000000	0.000013
249	0.016305	0.000138	0.010470	0.045995	0.905069	0.022018	0.000000	0.000000	0.000005
250	0.015610	0.000145	0.010016	0.045858	0.906015	0.022349	0.000000	0.000000	0.000007
251	0.015087	0.000151	0.009637	0.046143	0.906685	0.022291	0.000000	0.000000	0.000006
252	0.014584	0.000119	0.009325	0.046411	0.907311	0.022248	0.000000	0.000000	0.000002
253	0.013928	0.000133	0.009023	0.046425	0.908155	0.022332	0.000000	0.000000	0.000004
254	0.013424	0.000141	0.008660	0.046264	0.909313	0.022194	0.000000	0.000000	0.000004
255	0.012820	0.000142	0.008353	0.046087	0.910133	0.022463	0.000000	0.000000	0.000002
256	0.012336	0.000138	0.008017	0.046262	0.910725	0.022520	0.000000	0.000000	0.000002
257	0.011874	0.000149	0.007755	0.046188	0.911584	0.022450	0.000000	0.000000	0.000000
258	0.011337	0.000137	0.007472	0.046345	0.912181	0.022528	0.000000	0.000000	0.000000
259	0.010861	0.000129	0.007240	0.046389	0.912822	0.022559	0.000000	0.000000	0.000000
260	0.010551	0.000131	0.006895	0.046529	0.913307	0.022587	0.000000	0.000000	0.000000
261	0.010189	0.000122	0.006582	0.046445	0.913933	0.022729	0.000000	0.000000	0.000000
262	0.009590	0.000100	0.006269	0.046518	0.914601	0.022922	0.000000	0.000000	0.000000
263	0.009184	0.000104	0.005994	0.046491	0.915229	0.022998	0.000000	0.000000	0.000000
264	0.008773	0.000101	0.005678	0.046566	0.915895	0.022987	0.000000	0.000000	0.000000
265	0.008476	0.000094	0.005527	0.046613	0.916322	0.022968	0.000000	0.000000	0.000000
266	0.008165	0.000105	0.005253	0.046712	0.916917	0.022848	0.000000	0.000000	0.000000
267	0.007859	0.000099	0.005051	0.046637	0.917353	0.023001	0.000000	0.000000	0.000000
268	0.007455	0.000091	0.004895	0.046530	0.918205	0.022824	0.000000	0.000000	0.000000
269	0.007183	0.000082	0.004648	0.046252	0.919034	0.022801	0.000000	0.000000	0.000000
270	0.006887	0.000075	0.004444	0.046571	0.919041	0.022982	0.000000	0.000000	0.000000
271	0.006546	0.000060	0.004274	0.046455	0.919532	0.023133	0.000000	0.000000	0.000000
272	0.006278	0.000067	0.004053	0.046634	0.919789	0.023179	0.000000	0.000000	0.000000
273	0.006004	0.000068	0.003940	0.046667	0.920169	0.023152	0.000000	0.000000	0.000000
274	0.005736	0.000074	0.003715	0.046865	0.920508	0.023102	0.000000	0.000000	0.000000
275	0.005487	0.000068	0.003589	0.046641	0.920934	0.023281	0.000000	0.000000	0.000000
276	0.005326	0.000071	0.003322	0.046783	0.921476	0.023022	0.000000	0.000000	0.000000
277	0.005021	0.000076	0.003182	0.046571	0.921887	0.023263	0.000000	0.000000	0.000000
278	0.004866	0.000080	0.003045	0.046333	0.922414	0.023262	0.000000	0.000000	0.000000
279	0.004632	0.000067	0.002884	0.046503	0.922588	0.023326	0.000000	0.000000	0.000000
280	0.004422	0.000069	0.002794	0.046517	0.922670	0.023528	0.000000	0.000000	0.000000
281	0.004176	0.000065	0.002682	0.046491	0.923049	0.023537	0.000000	0.000000	0.000000
282	0.004128	0.000065	0.002522	0.046601	0.923091	0.023593	0.000000	0.000000	0.000000
283	0.003900	0.000054	0.002408	0.046717	0.923355	0.023566	0.000000	0.000000	0.000000
284	0.003721	0.000048	0.002298	0.046611	0.923682	0.023640	0.000000	0.000000	0.000000
285	0.003609	0.000048	0.002202	0.046222	0.924281	0.023638	0.000000	0.000000	0.000000
286	0.003416	0.000042	0.002110	0.046280	0.924564	0.023588	0.000000	0.000000	0.000000
287	0.003263	0.000046	0.002042	0.045958	0.924910	0.023781	0.000000	0.000000	0.000000
288	0.003197	0.000045	0.001892	0.045892	0.925277	0.023697	0.000000	0.000000	0.000000
289	0.003022	0.000045	0.001815	0.045702	0.925584	0.023832	0.000000	0.000000	0.000000
290	0.002892	0.000045	0.001800	0.045708	0.925526	0.024029	0.000000	0.000000	0.000000
291	0.002689	0.000038	0.001672	0.045824	0.925690	0.024087	0.000000	0.000000	0.000000
292	0.002536	0.000037	0.001510	0.045618	0.926209	0.024090	0.000000	0.000000	0.000000
293	0.002424	0.000034	0.001400	0.045573	0.926596	0.023973	0.000000	0.000000	0.000000
294	0.002316	0.000033	0.001372	0.045530	0.926683	0.024066	0.000000	0.000000	0.000000
295	0.002239	0.000030	0.001289	0.045410	0.926774	0.024258	0.000000	0.000000	0.000000
296	0.002143	0.000032	0.001195	0.045225	0.927178	0.024227	0.000000	0.000000	0.000000
297	0.001970	0.000025	0.001165	0.045232	0.927294	0.024314	0.000000	0.000000	0.000000
298	0.001864	0.000015	0.001162	0.045456	0.927271	0.024232	0.000000	0.000000	0.000000
299	0.001732	0.000016	0.001139	0.045355	0.927611	0.024147	0.000000	0.000000	0.000000
300	0.001642	0.000011	0.001040	0.045350	0.927673	0.024284	0.000000	0.000000	0.000000
301	0.001610	0.000010	0.000979	0.045414	0.927530	0.024457	0.000000	0.000000	0.000000
302	0.001518	0.000012	0.000958	0.045463	0.927816	0.024233	0.000000	0.000000	0.000000
303	0.001476	0.000012	0.000874	0.045535	0.927702	0.024401	0.000000	0.000000	0.000000
304	0.001368	0.000010	0.000828	0.045444	0.927948	0.024402	0.000000	0.000000	0.000000
305	0.001307	0.000011	0.000788	0.045681	0.927802	0.024411	0.000000	0.000000	0.000000
306	0.001212	0.000007	0.000766	0.045581	0.928030	0.024404	0.000000	0.000000	0.000000
307	0.001129	0.000006	0.000734	0.045406	0.928326	0.024399	0.000000	0.000000	0.000000
308	0.001125	0.000005	0.000676	0.045608	0.928278	0.024308	0.000000	0.000000	0.000000
309	0.001076	0.000002	0.000650	0.045519	0.928404	0.024349	0.000000	0.000000	0.000000
310	0.001066	0.000000	0.000586	0.045506	0.928413	0.024429	0.000000	0.000000	0.000000
311	0.000998	0.000000	0.000571	0.045697	0.928410	0.024324	0.000000	0.000000	0.000000
312	0.000927	0.000000	0.000551	0.045488	0.928548	0.024486	0.000000	0.000000	0.000000
313	0.000879	0.000000	0.000507	0.045271	0.928931	0.024412	0.000000	0.000000	0.000000
314	0.000821	0.000000	0.000484	0.045426	0.928972	0.024297	0.000000	0.000000	0.000000
315	0.000768	0.000000	0.000479	0.045394	0.928983	0.024376	0.000000	0.000000	0.000000
316	0.000727	0.000000	0.000462	0.045383	0.929095	0.024333	0.000000	0.000000	0.000000
317	0.000703	0.000000	0.000445	0.045444	0.929001	0.024407	0.000000	0.000000	0.000000
318	0.000692	0.000000	0.000451	0.045561	0.928990	0.024306	0.000000	0.000000	0.000000
319	0.000636	0.000000	0.000447	0.045617	0.929034	0.024266	0.000000	0.000000	0.000000
320	0.000607	0.000000	0.000426	0.045545	0.929158	0.024264	0.000000	0.000000	0.000000
321	0.000569	0.000000	0.000413	0.045526	0.929274	0.024218	0.000000	0.000000	0.000000
322	0.000550	0.000000	0.000357	0.045363	0.929547	0.024183	0.000000	0.000000	0.000000
323	0.000513	0.000000	0.000347	0.045365	0.929635	0.024140	0.000000	0.000000	0.000000
324	0.000481	0.000000	0.000337	0.045057	0.929932	0.024193	0.000000	0.000000	0.000000
325	0.000438	0.000000	0.000342	0.045139	0.929744	0.024337	0.000000	0.000000	0.000000
326	0.000421	0.000000	0.000339	0.045067	0.929889	0.024284	0.000000	0.000000	0.000000
327	0.000403	0.000000	0.000341	0.045244	0.929738	0.024274	0.000000	0.000000	0.000000
328	0.000386	0.000000	0.000334	0.045232	0.929855	0.024193	0.000000	0.000000	0.000000
329	0.000361	0.000000	0.000351	0.044975	0.929779	0.024534	0.000000	0.000000	0.000000
330	0.000328	0.000000	0.000328	0.044628	0.930322	0.024394	0.000000	0.000000	0.000000
331	0.000308	0.000000	0.000327	0.044675	0.929938	0.024752	0.000000	0.000000	0.000000
332	0.000255	0.000000	0.000299	0.044557	0.930058	0.024831	0.000000	0.000000	0.000000
333	0.000260	0.000000	0.000264	0.044511	0.930221	0.024744	0.000000	0.000000	0.000000
334	0.000234	0.000000	0.000266	0.044498	0.930168	0.024834	0.000000	0.000000	0.000000
335	0.000228	0.000000	0.000247	0.044721	0.930144	0.024660	0.000000	0.000000	0.000000
336	0.000232	0.000000	0.000256	0.045041	0.929666	0.024805	0.000000	0.000000	0.000000
337	0.000215	0.000000	0.000237	0.044947	0.929879	0.024722	0.000000	0.000000	0.000000
338	0.000204	0.000000	0.000218	0.044857	0.929833	0.024888	0.000000	0.000000	0.000000
339	0.000182	0.000000	0.000202	0.044918	0.929878	0.024820	0.000000	0.000000	0.000000
340	0.000175	0.000000	0.000176	0.044730	0.930248	0.024671	0.000000	0.000000	0.000000
341	0.000173	0.000000	0.000188	0.044964	0.930202	0.024473	0.000000	0.000000	0.000000
342	0.000164	0.000000	0.000182	0.044909	0.930047	0.024698	0.000000	0.000000	0.000000
343	0.000152	0.000000	0.000158	0.044900	0.930190	0.024600	0.000000	0.000000	0.000000
344	0.000162	0.000000	0.000142	0.044948	0.930105	0.024643	0.000000	0.000000	0.000000
345	0.000151	0.000000	0.000129	0.044912	0.930105	0.024703	0.000000	0.000000	0.000000
346	0.000127	0.000000	0.000115	0.045167	0.929606	0.024985	0.000000	0.000000	0.000000
347	0.000103	0.000000	0.000110	0.044824	0.930243	0.024720	0.000000	0.000000	0.000000
348	0.000096	0.000000	0.000104	0.044699	0.930369	0.024732	0.000000	0.000000	0.000000
349	0.000099	0.000000	0.000092	0.044620	0.930634	0.024555	0.000000	0.000000	0.000000
350	0.000097	0.000000	0.000092	0.044738	0.930262	0.024811	0.000000	0.000000	0.000000
351	0.000093	0.000000	0.000082	0.044551	0.930493	0.024781	0.000000	0.000000	0.000000
352	0.000088	0.000000	0.000076	0.044578	0.930608	0.024650	0.000000	0.000000	0.000000
353	0.000082	0.000000	0.000081	0.044574	0.930598	0.024665	0.000000	0.000000	0.000000
354	0.000084	0.000000	0.000080	0.044672	0.930530	0.024634	0.000000	0.000000	0.000000
355	0.000080	0.000000	0.000082	0.044807	0.930422	0.024609	0.000000	0.000000	0.000000
356	0.000076	0.000000	0.000073	0.044731	0.930485	0.024635	0.000000	0.000000	0.000000
357	0.000063	0.000000	0.000069	0.044697	0.930701	0.024470	0.000000	0.000000	0.000000
358	0.000065	0.000000	0.000067	0.044885	0.930436	0.024547	0.000000	0.000000	0.000000
359	0.000066	0.000000	0.000058	0.044881	0.930037	0.024958	0.000000	0.000000	0.000000
360	0.000068	0.000000	0.000052	0.045075	0.930073	0.024732	0.000000	0.000000	0.000000
361	0.000057	0.000000	0.000043	0.045015	0.930066	0.024819	0.000000	0.000000	0.000000
362	0.000055	0.000000	0.000037	0.045130	0.929977	0.024801	0.000000	0.000000	0.000000
363	0.000041	0.000000	0.000033	0.045262	0.929805	0.024859	0.000000	0.000000	0.000000
364	0.000050	0.000000	0.000028	0.045319	0.929663	0.024940	0.000000	0.000000	0.000000
365	0.000043	0.000000	0.000016	0.045424	0.929632	0.024885	0.000000	0.000000	0.000000
366	0.000046	0.000000	0.000011	0.045435	0.929580	0.024928	0.000000	0.000000	0.000000
367	0.000040	0.000000	0.000011	0.045335	0.929939	0.024675	0.000000	0.000000	0.000000
368	0.000041	0.000000	0.000009	0.045449	0.929861	0.024640	0.000000	0.000000	0.000000
369	0.000027	0.000000	0.000007	0.045510	0.929820	0.024636	0.000000	0.000000	0.000000
370	0.000025	0.000000	0.000004	0.045466	0.929768	0.024737	0.000000	0.000000	0.000000
371	0.000024	0.000000	0.000003	0.045492	0.929929	0.024552	0.000000	0.000000	0.000000
372	0.000023	0.000000	0.000001	0.045561	0.929720	0.024695	0.000000	0.000000	0.000000
373	0.000020	0.000000	0.000001	0.045334	0.929861	0.024784	0.000000	0.000000	0.000000
374	0.000019	0.000000	0.000001	0.045392	0.930063	0.024525	0.000000	0.000000	0.000000
375	0.000018	0.000000	0.000000	0.045426	0.929723	0.024833	0.000000	0.000000	0.000000
376	0.000011	0.000000	0.000000	0.045198	0.929726	0.025065	0.000000	0.000000	0.000000
377	0.000014	0.000000	0.000000	0.045158	0.929904	0.024924	0.000000	0.000000	0.000000
378	0.000010	0.000000	0.000000	0.045050	0.930033	0.024907	0.000000	0.000000	0.000000
379	0.000009	0.000000	0.000000	0.045069	0.930124	0.024798	0.000000	0.000000	0.000000
380	0.000005	0.000000	0.000000	0.045045	0.930436	0.024514	0.000000	0.000000	0.000000
381	0.000006	0.000000	0.000000	0.045112	0.930233	0.024649	0.000000	0.000000	0.000000
382	0.000005	0.000000	0.000000	0.045177	0.930123	0.024695	0.000000	0.000000	0.000000
383	0.000004	0.000000	0.000000	0.045306	0.929925	0.024765	0.000000	0.000000	0.000000
384	0.000003	0.000000	0.000000	0.045387	0.929553	0.025057	0.000000	0.000000	0.000000
385	0.000001	0.000000	0.000000	0.045720	0.929230	0.025049	0.000000	0.000000	0.000000
386	0.000000	0.000000	0.000000	0.045883	0.929169	0.024948	0.000000	0.000000	0.000000
387	0.000000	0.000000	0.000000	0.045506	0.929669	0.024825	0.000000	0.000000	0.000000
388	0.000000	0.000000	0.000000	0.045475	0.929579	0.024946	0.000000	0.000000	0.000000
389	0.000000	0.000000	0.000000	0.045495	0.929565	0.024940	0.000000	0.000000	0.000000
390	0.000000	0.000000	0.000000	0.045423	0.929753	0.024824	0.000000	0.000000	0.000000
391	0.000000	0.000000	0.000000	0.045426	0.929667	0.024907	0.000000	0.000000	0.000000
392	0.000000	0.000000	0.000000	0.044959	0.930039	0.025002	0.000000	0.000000	0.000000
393	0.000000	0.000000	0.000000	0.044837	0.930170	0.024993	0.000000	0.000000	0.000000
394	0.000000	0.000000	0.000000	0.044669	0.930318	0.025013	0.000000	0.000000	0.000000
395	0.000000	0.000000	0.000000	0.044710	0.930390	0.024900	0.000000	0.000000	0.000000
396	0.000000	0.000000	0.000000	0.044683	0.930277	0.025040	0.000000	0.000000	0.000000
397	0.000000	0.000000	0.000000	0.044675	0.930410	0.024915	0.000000	0.000000	0.000000
398	0.000000	0.000000	0.000000	0.044761	0.930398	0.024841	0.000000	0.000000	0.000000
399	0.000000	0.000000	0.000000	0.044937	0.930117	0.024946	0.000000	0.000000	0.000000
400	0.000000	0.000000	0.000000	0.044815	0.930189	0.024996	0.000000	0.000000	0.000000
401	0.000000	0.000000	0.000000	0.044428	0.930747	0.024825	0.000000	0.000000	0.000000
402	0.000000	0.000000	0.000000	0.044307	0.930640	0.025053	0.000000	0.000000	0.000000
403	0.000000	0.000000	0.000000	0.044373	0.930530	0.025097	0.000000	0.000000	0.000000
404	0.000000	0.000000	0.000000	0.044373	0.930408	0.025219	0.000000	0.000000	0.000000
405	0.000000	0.000000	0.000000	0.044449	0.930263	0.025288	0.000000	0.000000	0.000000
406	0.000000	0.000000	0.000000	0.044267	0.930508	0.025225	0.000000	0.000000	0.000000
407	0.000000	0.000000	0.000000	0.044315	0.930474	0.025211	0.000000	0.000000	0.000000
408	0.000000	0.000000	0.000000	0.044405	0.930029	0.025566	0.000000	0.000000	0.000000
409	0.000000	0.000000	0.000000	0.044360	0.930080	0.025560	0.000000	0.000000	0.000000
410	0.000000	0.000000	0.000000	0.044492	0.929957	0.025551	0.000000	0.000000	0.000000
411	0.000000	0.000000	0.000000	0.044506	0.930078	0.025416	0.000000	0.000000	0.000000
412	0.000000	0.000000	0.000000	0.044781	0.929784	0.025435	0.000000	0.000000	0.000000
413	0.000000	0.000000	0.000000	0.044963	0.929602	0.025435	0.000000	0.000000	0.000000
414	0.000000	0.000000	0.000000	0.045198	0.929582	0.025220	0.000000	0.000000	0.000000
415	0.000000	0.000000	0.000000	0.045026	0.929835	0.025139	0.000000	0.000000	0.000000
416	0.000000	0.000000	0.000000	0.045185	0.929540	0.025275	0.000000	0.000000	0.000000
417	0.000000	0.000000	0.000000	0.044998	0.929803	0.025199	0.000000	0.000000	0.000000
418	0.000000	0.000000	0.000000	0.044991	0.929765	0.025244	0.000000	0.000000	0.000000
419	0.000000	0.000000	0.000000	0.044902	0.929852	0.025246	0.000000	0.000000	0.000000
420	0.000000	0.000000	0.000000	0.044924	0.929987	0.025089	0.000000	0.000000	0.000000
421	0.000000	0.000000	0.000000	0.044814	0.930299	0.024887	0.000000	0.000000	0.000000
422	0.000000	0.000000	0.000000	0.044971	0.929988	0.025041	0.000000	0.000000	0.000000
423	0.000000	0.000000	0.000000	0.045158	0.929849	0.024993	0.000000	0.000000	0.000000
424	0.000000	0.000000	0.000000	0.045073	0.929883	0.025044	0.000000	0.000000	0.000000
425	0.000000	0.000000	0.000000	0.045058	0.929757	0.025185	0.000000	0.000000	0.000000
426	0.000000	0.000000	0.000000	0.045250	0.929810	0.024940	0.000000	0.000000	0.000000
427	0.000000	0.000000	0.000000	0.045396	0.929552	0.025052	0.000000	0.000000	0.000000
428	0.000000	0.000000	0.000000	0.045336	0.929649	0.025015	0.000000	0.000000	0.000000
429	0.000000	0.000000	0.000000	0.045325	0.929382	0.025293	0.000000	0.000000	0.000000
430	0.000000	0.000000	0.000000	0.045296	0.929784	0.024920	0.000000	0.000000	0.000000
431	0.000000	0.000000	0.000000	0.045511	0.929441	0.025048	0.000000	0.000000	0.000000
432	0.000000	0.000000	0.000000	0.045423	0.929546	0.025031	0.000000	0.000000	0.000000
433	0.000000	0.000000	0.000000	0.045301	0.929722	0.024977	0.000000	0.000000	0.000000
434	0.000000	0.000000	0.000000	0.045188	0.929827	0.024985	0.000000	0.000000	0.000000
435	0.000000	0.000000	0.000000	0.045367	0.929467	0.025166	0.000000	0.000000	0.000000
436	0.000000	0.000000	0.000000	0.045345	0.929558	0.025097	0.000000	0.000000	0.000000
437	0.000000	0.000000	0.000000	0.045074	0.929749	0.025177	0.000000	0.000000	0.000000
438	0.000000	0.000000	0.000000	0.045236	0.929734	0.025030	0.000000	0.000000	0.000000
439	0.000000	0.000000	0.000000	0.045103	0.929710	0.025187	0.000000	0.000000	0.000000
440	0.000000	0.000000	0.000000	0.045347	0.929404	0.025249	0.000000	0.000000	0.000000
441	0.000000	0.000000	0.000000	0.045398	0.929140	0.025462	0.000000	0.000000	0.000000
442	0.000000	0.000000	0.000000	0.045567	0.928819	0.025614	0.000000	0.000000	0.000000
443	0.000000	0.000000	0.000000	0.045447	0.929183	0.025370	0.000000	0.000000	0.000000
444	0.000000	0.000000	0.000000	0.045600	0.928924	0.025476	0.000000	0.000000	0.000000
445	0.000000	0.000000	0.000000	0.045641	0.928802	0.025557	0.000000	0.000000	0.000000
446	0.000000	0.000000	0.000000	0.045603	0.928990	0.025407	0.000000	0.000000	0.000000
447	0.000000	0.000000	0.000000	0.045855	0.928675	0.025470	0.000000	0.000000	0.000000
448	0.000000	0.000000	0.000000	0.045955	0.928548	0.025497	0.000000	0.000000	0.000000
449	0.000000	0.000000	0.000000	0.046042	0.928632	0.025326	0.000000	0.000000	0.000000
450	0.000000	0.000000	0.000000	0.045874	0.928792	0.025334	0.000000	0.000000	0.000000
451	0.000000	0.000000	0.000000	0.045662	0.929007	0.025331	0.000000	0.000000	0.000000
452	0.000000	0.000000	0.000000	0.045639	0.929155	0.025206	0.000000	0.000000	0.000000
453	0.000000	0.000000	0.000000	0.045645	0.929189	0.025166	0.000000	0.000000	0.000000
454	0.000000	0.000000	0.000000	0.045732	0.929078	0.025190	0.000000	0.000000	0.000000
455	0.000000	0.000000	0.000000	0.045486	0.929173	0.025341	0.000000	0.000000	0.000000
456	0.000000	0.000000	0.000000	0.045460	0.928941	0.025599	0.000000	0.000000	0.000000
457	0.000000	0.000000	0.000000	0.045649	0.928663	0.025688	0.000000	0.000000	0.000000
458	0.000000	0.000000	0.000000	0.045870	0.928625	0.025505	0.000000	0.000000	0.000000
459	0.000000	0.000000	0.000000	0.045792	0.928754	0.025454	0.000000	0.000000	0.000000
460	0.000000	0.000000	0.000000	0.045592	0.928855	0.025553	0.000000	0.000000	0.000000
461	0.000000	0.000000	0.000000	0.045634	0.928590	0.025776	0.000000	0.000000	0.000000
462	0.000000	0.000000	0.000000	0.045558	0.928808	0.025634	0.000000	0.000000	0.000000
463	0.000000	0.000000	0.000000	0.045536	0.928999	0.025465	0.000000	0.000000	0.000000
464	0.000000	0.000000	0.000000	0.045496	0.928892	0.025612	0.000000	0.000000	0.000000
465	0.000000	0.000000	0.000000	0.045628	0.928853	0.025519	0.000000	0.000000	0.000000
466	0.000000	0.000000	0.000000	0.045645	0.928887	0.025468	0.000000	0.000000	0.000000
467	0.000000	0.000000	0.000000	0.045504	0.928963	0.025533	0.000000	0.000000	0.000000
468	0.000000	0.000000	0.000000	0.045338	0.929212	0.025450	0.000000	0.000000	0.000000
469	0.000000	0.000000	0.000000	0.045012	0.929548	0.025440	0.000000	0.000000	0.000000
470	0.000000	0.000000	0.000000	0.045066	0.929404	0.025530	0.000000	0.000000	0.000000
