0	0.290663	0.057897	0.229473	0.157588	0.029913	0.111872	0.085455	0.012259	0.024880
1	0.231086	0.047699	0.199873	0.143964	0.029384	0.123539	0.114222	0.022195	0.088038
2	0.231690	0.047295	0.198234	0.141976	0.030407	0.123344	0.111051	0.021623	0.094380
3	0.237024	0.047176	0.199717	0.141334	0.031601	0.120335	0.105718	0.020259	0.096836
4	0.243896	0.047517	0.201504	0.139493	0.033039	0.117625	0.099573	0.019087	0.098266
5	0.251127	0.047543	0.203414	0.138304	0.034729	0.113935	0.093930	0.017667	0.099351
6	0.258176	0.047753	0.204400	0.137279	0.036019	0.110949	0.088879	0.016160	0.100385
7	0.265332	0.047736	0.205292	0.135646	0.037690	0.107626	0.083967	0.014916	0.101795
8	0.272450	0.047722	0.206402	0.133969	0.039392	0.104194	0.079039	0.013711	0.103121
9	0.279545	0.047439	0.207195	0.132266	0.040897	0.101102	0.074491	0.012745	0.104320
10	0.287441	0.046887	0.207085	0.130385	0.042901	0.097937	0.070116	0.011950	0.105298
11	0.294200	0.046298	0.207526	0.128717	0.044992	0.094523	0.066237	0.010977	0.106530
12	0.301165	0.045849	0.208003	0.126504	0.047202	0.091512	0.062281	0.010219	0.107265
13	0.308330	0.045384	0.208264	0.124580	0.049336	0.088067	0.058639	0.009408	0.107992
14	0.314629	0.045154	0.207997	0.122597	0.051599	0.085219	0.055224	0.008704	0.108877
15	0.321230	0.044435	0.207364	0.120178	0.053957	0.082665	0.051869	0.008317	0.109985
16	0.328000	0.043589	0.206848	0.118447	0.056219	0.079533	0.048969	0.007718	0.110677
17	0.333909	0.042984	0.206313	0.117005	0.058765	0.076582	0.045983	0.007228	0.111231
18	0.340116	0.042217	0.205152	0.115055	0.061558	0.073853	0.043554	0.006738	0.111757
19	0.346656	0.041826	0.203985	0.113126	0.064253	0.071065	0.040897	0.006148	0.112044
20	0.352546	0.040972	0.203027	0.110948	0.066812	0.068844	0.038393	0.005648	0.112810
21	0.357735	0.040147	0.201844	0.108885	0.069660	0.066142	0.036528	0.005160	0.113899
22	0.363030	0.039395	0.201021	0.106947	0.072324	0.063747	0.034294	0.004900	0.114342
23	0.367606	0.038721	0.200434	0.105140	0.075211	0.061630	0.032356	0.004539	0.114363
24	0.372757	0.038183	0.198605	0.103185	0.078225	0.059554	0.030668	0.004223	0.114600
25	0.377190	0.037403	0.197882	0.101234	0.081422	0.057252	0.028763	0.003852	0.115002
26	0.382669	0.036595	0.195760	0.099352	0.084827	0.055112	0.027033	0.003661	0.114991
27	0.387059	0.035769	0.194388	0.097228	0.088385	0.053114	0.025477	0.003449	0.115131
28	0.391793	0.034875	0.192605	0.095471	0.091873	0.051382	0.024034	0.003136	0.114831
29	0.395201	0.034125	0.191524	0.093525	0.095203	0.049894	0.022297	0.002921	0.115310
30	0.398985	0.033766	0.189717	0.091858	0.098659	0.047885	0.021093	0.002733	0.115304
31	0.402492	0.032852	0.188219	0.090228	0.102123	0.046601	0.019889	0.002605	0.114991
32	0.406195	0.031964	0.186104	0.088879	0.106442	0.044835	0.018783	0.002438	0.114360
33	0.409258	0.031126	0.184178	0.087543	0.110392	0.043341	0.017814	0.002198	0.114150
34	0.411950	0.030431	0.182940	0.085891	0.114394	0.041900	0.016701	0.002077	0.113716
35	0.414309	0.030035	0.180948	0.084549	0.119007	0.040533	0.015594	0.001921	0.113104
36	0.417646	0.029406	0.178244	0.083213	0.123215	0.039498	0.014533	0.001760	0.112485
37	0.419828	0.028889	0.175641	0.081810	0.127963	0.038208	0.013538	0.001640	0.112483
38	0.422158	0.028191	0.173661	0.080131	0.132902	0.037328	0.012546	0.001556	0.111527
39	0.423983	0.027392	0.172107	0.078647	0.137904	0.036160	0.011847	0.001425	0.110535
40	0.426016	0.026865	0.169629	0.077126	0.142938	0.035007	0.011030	0.001308	0.110081
41	0.427668	0.026244	0.167012	0.075891	0.147920	0.034234	0.010512	0.001179	0.109340
42	0.429631	0.025493	0.164201	0.074919	0.153348	0.033208	0.009907	0.001084	0.108209
43	0.430795	0.024922	0.161790	0.074301	0.158788	0.032104	0.009236	0.000968	0.107096
44	0.432367	0.024267	0.159503	0.072627	0.164371	0.031230	0.008567	0.000933	0.106135
45	0.433029	0.023733	0.157593	0.071754	0.169833	0.030323	0.008034	0.000894	0.104807
46	0.434056	0.023003	0.154954	0.070851	0.175864	0.029282	0.007519	0.000819	0.103652
47	0.434003	0.022108	0.153146	0.070015	0.181984	0.028705	0.007104	0.000747	0.102188
48	0.434828	0.021633	0.150784	0.069345	0.187856	0.027717	0.006612	0.000675	0.100550
49	0.435233	0.021115	0.148594	0.068629	0.193448	0.027068	0.006126	0.000588	0.099199
50	0.435638	0.020647	0.146214	0.067690	0.199499	0.026399	0.005877	0.000548	0.097488
51	0.434974	0.019995	0.143670	0.067106	0.206479	0.025726	0.005630	0.000547	0.095873
52	0.434683	0.019655	0.141343	0.065860	0.213288	0.024997	0.005252	0.000513	0.094409
53	0.434256	0.019040	0.139054	0.065315	0.220272	0.024383	0.004908	0.000482	0.092290
54	0.433235	0.018597	0.136924	0.065073	0.226857	0.023610	0.004562	0.000434	0.090708
55	0.432327	0.018016	0.134603	0.064351	0.233865	0.023280	0.004291	0.000389	0.088878
56	0.430753	0.017565	0.132173	0.064201	0.240971	0.022726	0.003909	0.000368	0.087334
57	0.429526	0.017234	0.130051	0.063761	0.248054	0.022170	0.003682	0.000347	0.085175
58	0.428448	0.016664	0.127630	0.063064	0.255314	0.021677	0.003413	0.000332	0.083458
59	0.426896	0.016044	0.125606	0.062388	0.263040	0.021396	0.003146	0.000317	0.081167
60	0.425277	0.015708	0.123315	0.061985	0.270559	0.021050	0.002809	0.000281	0.079016
61	0.423508	0.015284	0.121025	0.061574	0.278259	0.020391	0.002626	0.000234	0.077099
62	0.421661	0.014761	0.118509	0.061480	0.285742	0.019986	0.002457	0.000193	0.075211
63	0.419139	0.014446	0.116127	0.061450	0.293317	0.019697	0.002279	0.000177	0.073368
64	0.416873	0.013995	0.113712	0.061276	0.300971	0.019484	0.002097	0.000170	0.071422
65	0.414372	0.013404	0.111502	0.060573	0.309589	0.018982	0.001941	0.000148	0.069489
66	0.411572	0.013067	0.108887	0.060244	0.317951	0.018769	0.001774	0.000143	0.067593
67	0.408319	0.012665	0.107001	0.060024	0.326214	0.018384	0.001643	0.000122	0.065628
68	0.404391	0.012291	0.104864	0.059951	0.334992	0.018132	0.001514	0.000098	0.063767
69	0.400429	0.011829	0.102955	0.059861	0.343989	0.017697	0.001402	0.000095	0.061743
70	0.396469	0.011575	0.100841	0.059967	0.352171	0.017664	0.001241	0.000082	0.059990
71	0.392122	0.011164	0.098608	0.059734	0.361529	0.017308	0.001125	0.000080	0.058330
72	0.388132	0.010932	0.096397	0.059699	0.370218	0.017052	0.001063	0.000072	0.056435
73	0.384221	0.010549	0.094150	0.059412	0.379116	0.016882	0.000943	0.000059	0.054668
74	0.380161	0.010401	0.091805	0.059312	0.387986	0.016650	0.000885	0.000061	0.052739
75	0.375309	0.009965	0.090197	0.059239	0.396575	0.016717	0.000817	0.000051	0.051130
76	0.370529	0.009601	0.088029	0.058938	0.405634	0.016675	0.000764	0.000048	0.049782
77	0.365909	0.009347	0.085598	0.058776	0.414883	0.016541	0.000695	0.000043	0.048208
78	0.362037	0.008922	0.083407	0.058752	0.423609	0.016293	0.000639	0.000041	0.046300
79	0.357568	0.008454	0.080929	0.058635	0.432787	0.016002	0.000622	0.000037	0.044966
80	0.352484	0.008221	0.079149	0.058609	0.441358	0.016224	0.000581	0.000031	0.043343
81	0.346853	0.007940	0.077184	0.058353	0.450889	0.016120	0.000517	0.000034	0.042110
82	0.341212	0.007766	0.075669	0.058721	0.459638	0.015936	0.000471	0.000032	0.040555
83	0.335564	0.007431	0.074045	0.058574	0.468820	0.015928	0.000423	0.000037	0.039178
84	0.330267	0.007207	0.072077	0.058663	0.477615	0.015911	0.000418	0.000032	0.037810
85	0.324897	0.006947	0.070248	0.058492	0.486904	0.015847	0.000370	0.000020	0.036275
86	0.319320	0.006667	0.068320	0.058605	0.496044	0.015719	0.000310	0.000017	0.034998
87	0.313897	0.006584	0.066471	0.058755	0.504679	0.015791	0.000275	0.000015	0.033533
88	0.307999	0.006344	0.065042	0.058868	0.513895	0.015555	0.000256	0.000013	0.032028
89	0.302238	0.006024	0.063521	0.059014	0.522771	0.015369	0.000243	0.000011	0.030809
90	0.296523	0.005764	0.062132	0.058972	0.531535	0.015392	0.000208	0.000009	0.029465
91	0.291078	0.005499	0.060248	0.059123	0.540160	0.015378	0.000210	0.000010	0.028294
92	0.285493	0.005298	0.058441	0.058859	0.549295	0.015357	0.000178	0.000012	0.027067
93	0.279791	0.004985	0.056760	0.058890	0.558253	0.015285	0.000157	0.000015	0.025864
94	0.274169	0.004858	0.055417	0.059071	0.566539	0.015164	0.000157	0.000014	0.024611
95	0.268211	0.004684	0.053789	0.059137	0.575275	0.015142	0.000135	0.000012	0.023615
96	0.262199	0.004535	0.052428	0.059372	0.583756	0.015253	0.000149	0.000011	0.022297
97	0.256487	0.004212	0.050786	0.059628	0.592443	0.015012	0.000131	0.000017	0.021284
98	0.250413	0.004020	0.049259	0.059840	0.600846	0.015243	0.000121	0.000013	0.020245
99	0.244969	0.003755	0.047727	0.059908	0.609106	0.015236	0.000113	0.000019	0.019167
100	0.239316	0.003549	0.046519	0.059765	0.617343	0.015181	0.000090	0.000008	0.018229
101	0.233604	0.003281	0.045337	0.059893	0.625477	0.015206	0.000088	0.000008	0.017106
102	0.227931	0.003182	0.044032	0.060039	0.633155	0.015245	0.000085	0.000011	0.016320
103	0.221845	0.003052	0.042652	0.060358	0.641253	0.015373	0.000084	0.000011	0.015372
104	0.216451	0.002812	0.041584	0.060384	0.648774	0.015387	0.000078	0.000009	0.014521
105	0.210394	0.002660	0.040463	0.060411	0.657139	0.015152	0.000060	0.000010	0.013711
106	0.205030	0.002525	0.039038	0.060680	0.664509	0.015049	0.000068	0.000010	0.013091
107	0.199132	0.002304	0.038157	0.060758	0.672176	0.015050	0.000073	0.000009	0.012341
108	0.193206	0.002327	0.036801	0.060760	0.679826	0.015189	0.000076	0.000011	0.011804
109	0.187902	0.002193	0.035607	0.060900	0.687179	0.015131	0.000065	0.000010	0.011013
110	0.182895	0.002119	0.034175	0.061158	0.694192	0.015036	0.000061	0.000008	0.010356
111	0.177126	0.002041	0.032971	0.061380	0.701611	0.015001	0.000049	0.000008	0.009813
112	0.171379	0.001935	0.031929	0.061460	0.709022	0.015080	0.000052	0.000005	0.009138
113	0.166272	0.001819	0.030814	0.061397	0.715982	0.015078	0.000048	0.000005	0.008585
114	0.161011	0.001681	0.029623	0.061371	0.723366	0.015004	0.000051	0.000004	0.007889
115	0.155985	0.001526	0.028565	0.061368	0.730358	0.014778	0.000050	0.000002	0.007368
116	0.150897	0.001492	0.027632	0.061653	0.736535	0.014840	0.000048	0.000002	0.006901
117	0.145850	0.001400	0.026498	0.061403	0.743373	0.015024	0.000034	0.000001	0.006417
118	0.140606	0.001296	0.025588	0.061586	0.750044	0.014817	0.000030	0.000000	0.006033
119	0.135858	0.001200	0.024680	0.061794	0.756106	0.014744	0.000027	0.000000	0.005591
120	0.130985	0.001094	0.023891	0.061973	0.761991	0.014807	0.000027	0.000000	0.005232
121	0.126506	0.001135	0.022974	0.061944	0.767762	0.014738	0.000025	0.000000	0.004916
122	0.122359	0.001083	0.022071	0.061985	0.773297	0.014625	0.000029	0.000000	0.004551
123	0.118099	0.001015	0.021252	0.061837	0.778948	0.014583	0.000016	0.000000	0.004250
124	0.113752	0.001011	0.020543	0.062196	0.783997	0.014590	0.000016	0.000000	0.003895
125	0.109140	0.000893	0.019668	0.062080	0.790029	0.014583	0.000017	0.000000	0.003590
126	0.104982	0.000873	0.018740	0.062231	0.795242	0.014605	0.000015	0.000000	0.003312
127	0.101249	0.000812	0.017954	0.062607	0.799825	0.014415	0.000010	0.000000	0.003128
128	0.097437	0.000785	0.017284	0.062426	0.804558	0.014700	0.000006	0.000000	0.002804
129	0.093682	0.000733	0.016504	0.062542	0.809375	0.014555	0.000005	0.000000	0.002604
130	0.090085	0.000706	0.015744	0.062513	0.813996	0.014524	0.000005	0.000000	0.002427
131	0.086410	0.000676	0.015015	0.062680	0.818520	0.014515	0.000003	0.000000	0.002181
132	0.082335	0.000598	0.014311	0.062579	0.823630	0.014541	0.000003	0.000000	0.002003
133	0.078785	0.000564	0.013655	0.062494	0.828049	0.014546	0.000001	0.000000	0.001906
134	0.075332	0.000554	0.013014	0.062346	0.832443	0.014616	0.000000	0.000000	0.001695
135	0.071781	0.000515	0.012201	0.062626	0.836690	0.014578	0.000000	0.000000	0.001609
136	0.068447	0.000505	0.011527	0.062802	0.840790	0.014475	0.000000	0.000000	0.001454
137	0.065841	0.000477	0.010831	0.062666	0.844242	0.014575	0.000001	0.000000	0.001367
138	0.062885	0.000422	0.010151	0.062576	0.848119	0.014559	0.000000	0.000000	0.001288
139	0.059870	0.000374	0.009653	0.062558	0.851956	0.014437	0.000000	0.000000	0.001152
140	0.057312	0.000344	0.008981	0.062346	0.855436	0.014514	0.000000	0.000000	0.001067
141	0.054605	0.000347	0.008386	0.062438	0.858686	0.014556	0.000000	0.000000	0.000982
142	0.051916	0.000336	0.007895	0.062217	0.862071	0.014719	0.000000	0.000000	0.000846
143	0.049746	0.000303	0.007461	0.062163	0.864682	0.014895	0.000000	0.000000	0.000750
144	0.047116	0.000270	0.006998	0.062190	0.867744	0.014968	0.000000	0.000000	0.000714
145	0.044826	0.000267	0.006524	0.062193	0.870566	0.014991	0.000000	0.000000	0.000633
146	0.042680	0.000264	0.006158	0.062145	0.873310	0.014867	0.000000	0.000000	0.000576
147	0.040562	0.000230	0.005961	0.062418	0.875455	0.014883	0.000000	0.000000	0.000491
148	0.038557	0.000230	0.005671	0.062419	0.877499	0.015162	0.000000	0.000000	0.000462
149	0.036600	0.000228	0.005311	0.062472	0.879947	0.015011	0.000000	0.000000	0.000431
150	0.034736	0.000203	0.004997	0.062318	0.882310	0.015045	0.000000	0.000000	0.000391
151	0.032792	0.000185	0.004681	0.062582	0.884460	0.014947	0.000000	0.000000	0.000353
152	0.031042	0.000180	0.004431	0.062434	0.886707	0.014903	0.000000	0.000000	0.000303
153	0.029331	0.000144	0.004203	0.062409	0.888703	0.014945	0.000000	0.000000	0.000265
154	0.027732	0.000124	0.003981	0.062474	0.890567	0.014860	0.000000	0.000000	0.000262
155	0.026153	0.000105	0.003781	0.062335	0.892648	0.014732	0.000000	0.000000	0.000246
156	0.024617	0.000103	0.003522	0.062393	0.894205	0.014923	0.000000	0.000000	0.000237
157	0.023178	0.000113	0.003276	0.062627	0.895454	0.015124	0.000000	0.000000	0.000228
158	0.022049	0.000098	0.003077	0.062826	0.896584	0.015130	0.000000	0.000000	0.000236
159	0.020673	0.000087	0.002926	0.062790	0.898144	0.015166	0.000000	0.000000	0.000214
160	0.019453	0.000086	0.002723	0.062911	0.899460	0.015172	0.000000	0.000000	0.000195
161	0.018421	0.000073	0.002543	0.062904	0.900463	0.015413	0.000000	0.000000	0.000183
162	0.017447	0.000056	0.002392	0.062817	0.901886	0.015227	0.000000	0.000000	0.000175
163	0.016368	0.000046	0.002282	0.062946	0.902894	0.015297	0.000000	0.000000	0.000167
164	0.015266	0.000051	0.002153	0.062846	0.904290	0.015232	0.000000	0.000000	0.000162
165	0.014278	0.000037	0.002076	0.063142	0.905089	0.015245	0.000000	0.000000	0.000133
166	0.013496	0.000038	0.001857	0.063293	0.906016	0.015179	0.000000	0.000000	0.000121
167	0.012543	0.000030	0.001738	0.063253	0.907215	0.015109	0.000000	0.000000	0.000112
168	0.011816	0.000020	0.001571	0.062907	0.908508	0.015081	0.000000	0.000000	0.000097
169	0.010936	0.000015	0.001469	0.062634	0.909730	0.015121	0.000000	0.000000	0.000095
170	0.010298	0.000019	0.001337	0.062605	0.910571	0.015072	0.000000	0.000000	0.000098
171	0.009647	0.000011	0.001254	0.062705	0.911264	0.015030	0.000000	0.000000	0.000089
172	0.009021	0.000009	0.001147	0.062397	0.912264	0.015080	0.000000	0.000000	0.000082
173	0.008434	0.000005	0.001033	0.062158	0.913225	0.015057	0.000000	0.000000	0.000088
174	0.007875	0.000005	0.000935	0.062104	0.913934	0.015066	0.000000	0.000000	0.000081
175	0.007314	0.000006	0.000887	0.062197	0.914426	0.015108	0.000000	0.000000	0.000062
176	0.006817	0.000005	0.000749	0.062110	0.915144	0.015115	0.000000	0.000000	0.000060
177	0.006338	0.000000	0.000691	0.062210	0.915393	0.015304	0.000000	0.000000	0.000064
178	0.005815	0.000000	0.000669	0.062210	0.915832	0.015407	0.000000	0.000000	0.000067
179	0.005379	0.000000	0.000655	0.062228	0.916158	0.015504	0.000000	0.000000	0.000076
180	0.004909	0.000000	0.000554	0.062358	0.916555	0.015539	0.000000	0.000000	0.000085
181	0.004609	0.000000	0.000538	0.062395	0.916857	0.015523	0.000000	0.000000	0.000078
182	0.004252	0.000000	0.000527	0.062201	0.917524	0.015406	0.000000	0.000000	0.000090
183	0.003978	0.000000	0.000477	0.061879	0.918296	0.015273	0.000000	0.000000	0.000097
184	0.003662	0.000000	0.000401	0.061966	0.918507	0.015380	0.000000	0.000000	0.000084
185	0.003400	0.000000	0.000335	0.062088	0.918637	0.015460	0.000000	0.000000	0.000080
186	0.003067	0.000000	0.000320	0.062422	0.918615	0.015494	0.000000	0.000000	0.000082
187	0.002814	0.000000	0.000294	0.062192	0.919177	0.015451	0.000000	0.000000	0.000072
188	0.002626	0.000000	0.000258	0.062488	0.919126	0.015439	0.000000	0.000000	0.000063
189	0.002404	0.000000	0.000242	0.062482	0.919327	0.015486	0.000000	0.000000	0.000059
190	0.002195	0.000000	0.000216	0.062595	0.919379	0.015568	0.000000	0.000000	0.000047
191	0.002003	0.000000	0.000216	0.062359	0.919919	0.015461	0.000000	0.000000	0.000042
192	0.001819	0.000000	0.000195	0.062281	0.920304	0.015357	0.000000	0.000000	0.000044
193	0.001710	0.000000	0.000164	0.062362	0.920354	0.015367	0.000000	0.000000	0.000043
194	0.001585	0.000000	0.000140	0.062258	0.920634	0.015342	0.000000	0.000000	0.000041
195	0.001431	0.000000	0.000131	0.062171	0.920833	0.015409	0.000000	0.000000	0.000025
196	0.001294	0.000000	0.000127	0.061790	0.921456	0.015311	0.000000	0.000000	0.000022
197	0.001216	0.000000	0.000097	0.062019	0.921310	0.015332	0.000000	0.000000	0.000026
198	0.001121	0.000000	0.000093	0.061903	0.921491	0.015371	0.000000	0.000000	0.000021
199	0.001015	0.000000	0.000072	0.062348	0.921337	0.015210	0.000000	0.000000	0.000018
200	0.000944	0.000000	0.000068	0.062418	0.921345	0.015207	0.000000	0.000000	0.000018
201	0.000822	0.000000	0.000055	0.062450	0.921537	0.015119	0.000000	0.000000	0.000017
202	0.000747	0.000000	0.000053	0.062235	0.921785	0.015155	0.000000	0.000000	0.000025
203	0.000664	0.000000	0.000049	0.062177	0.921950	0.015137	0.000000	0.000000	0.000023
204	0.000634	0.000000	0.000041	0.062068	0.922162	0.015075	0.000000	0.000000	0.000020
205	0.000564	0.000000	0.000040	0.062118	0.922057	0.015200	0.000000	0.000000	0.000021
206	0.000482	0.000000	0.000045	0.062150	0.922243	0.015060	0.000000	0.000000	0.000020
207	0.000458	0.000000	0.000040	0.062001	0.922487	0.014995	0.000000	0.000000	0.000019
208	0.000402	0.000000	0.000036	0.062188	0.922298	0.015063	0.000000	0.000000	0.000013
209	0.000375	0.000000	0.000030	0.062254	0.922270	0.015057	0.000000	0.000000	0.000014
210	0.000329	0.000000	0.000031	0.062352	0.922396	0.014880	0.000000	0.000000	0.000012
211	0.000326	0.000000	0.000028	0.062155	0.922598	0.014880	0.000000	0.000000	0.000013
212	0.000321	0.000000	0.000027	0.062002	0.922648	0.014990	0.000000	0.000000	0.000012
213	0.000294	0.000000	0.000023	0.061985	0.922809	0.014876	0.000000	0.000000	0.000013
214	0.000269	0.000000	0.000019	0.062041	0.922695	0.014965	0.000000	0.000000	0.000011
215	0.000226	0.000000	0.000025	0.062169	0.922365	0.015204	0.000000	0.000000	0.000011
216	0.000206	0.000000	0.000020	0.062030	0.922715	0.015019	0.000000	0.000000	0.000010
217	0.000173	0.000000	0.000021	0.061957	0.922864	0.014974	0.000000	0.000000	0.000011
218	0.000146	0.000000	0.000017	0.061903	0.923064	0.014864	0.000000	0.000000	0.000006
219	0.000126	0.000000	0.000021	0.061961	0.923005	0.014881	0.000000	0.000000	0.000006
220	0.000112	0.000000	0.000017	0.062229	0.922856	0.014781	0.000000	0.000000	0.000005
221	0.000096	0.000000	0.000018	0.062197	0.922676	0.015007	0.000000	0.000000	0.000006
222	0.000074	0.000000	0.000021	0.062342	0.922700	0.014859	0.000000	0.000000	0.000004
223	0.000072	0.000000	0.000021	0.062408	0.922760	0.014734	0.000000	0.000000	0.000005
224	0.000062	0.000000	0.000025	0.062350	0.922785	0.014774	0.000000	0.000000	0.000004
225	0.000065	0.000000	0.000030	0.062297	0.922932	0.014673	0.000000	0.000000	0.000003
226	0.000065	0.000000	0.000025	0.062439	0.922898	0.014573	0.000000	0.000000	0.000000
227	0.000051	0.000000	0.000024	0.062441	0.922889	0.014595	0.000000	0.000000	0.000000
228	0.000040	0.000000	0.000020	0.062210	0.923182	0.014548	0.000000	0.000000	0.000000
229	0.000039	0.000000	0.000015	0.062175	0.923195	0.014576	0.000000	0.000000	0.000000
230	0.000034	0.000000	0.000012	0.062253	0.923255	0.014446	0.000000	0.000000	0.000000
231	0.000030	0.000000	0.000010	0.062194	0.923271	0.014495	0.000000	0.000000	0.000000
232	0.000027	0.000000	0.000008	0.062185	0.923230	0.014550	0.000000	0.000000	0.000000
233	0.000026	0.000000	0.000005	0.062265	0.923041	0.014663	0.000000	0.000000	0.000000
234	0.000022	0.000000	0.000008	0.061973	0.923340	0.014657	0.000000	0.000000	0.000000
235	0.000014	0.000000	0.000002	0.061853	0.923584	0.014547	0.000000	0.000000	0.000000
236	0.000012	0.000000	0.000003	0.061926	0.923451	0.014608	0.000000	0.000000	0.000000
237	0.000013	0.000000	0.000004	0.062073	0.923296	0.014614	0.000000	0.000000	0.000000
238	0.000015	0.000000	0.000003	0.061880	0.923368	0.014734	0.000000	0.000000	0.000000
239	0.000017	0.000000	0.000002	0.062164	0.923071	0.014746	0.000000	0.000000	0.000000
240	0.000024	0.000000	0.000001	0.061940	0.923267	0.014768	0.000000	0.000000	0.000000
241	0.000024	0.000000	0.000001	0.061883	0.923248	0.014844	0.000000	0.000000	0.000000
242	0.000021	0.000000	0.000001	0.061923	0.923187	0.014868	0.000000	0.000000	0.000000
243	0.000021	0.000000	0.000001	0.061993	0.923109	0.014876	0.000000	0.000000	0.000000
244	0.000023	0.000000	0.000000	0.062036	0.922995	0.014946	0.000000	0.000000	0.000000
245	0.000021	0.000000	0.000000	0.061936	0.923170	0.014873	0.000000	0.000000	0.000000
246	0.000021	0.000000	0.000000	0.061684	0.923465	0.014830	0.000000	0.000000	0.000000
247	0.000021	0.000000	0.000000	0.061573	0.923600	0.014806	0.000000	0.000000	0.000000
248	0.000023	0.000000	0.000000	0.061852	0.923457	0.014668	0.000000	0.000000	0.000000
249	0.000023	0.000000	0.000000	0.061555	0.923622	0.014800	0.000000	0.000000	0.000000
250	0.000019	0.000000	0.000000	0.061883	0.923387	0.014711	0.000000	0.000000	0.000000
251	0.000019	0.000000	0.000000	0.062034	0.923105	0.014842	0.000000	0.000000	0.000000
252	0.000018	0.000000	0.000000	0.062135	0.923037	0.014810	0.000000	0.000000	0.000000
253	0.000017	0.000000	0.000000	0.062393	0.922707	0.014883	0.000000	0.000000	0.000000
254	0.000015	0.000000	0.000000	0.062290	0.922687	0.015008	0.000000	0.000000	0.000000
255	0.000017	0.000000	0.000000	0.062290	0.922944	0.014749	0.000000	0.000000	0.000000
256	0.000013	0.000000	0.000000	0.062298	0.922737	0.014952	0.000000	0.000000	0.000000
257	0.000012	0.000000	0.000000	0.062284	0.922842	0.014862	0.000000	0.000000	0.000000
258	0.000012	0.000000	0.000000	0.062570	0.922412	0.015006	0.000000	0.000000	0.000000
259	0.000012	0.000000	0.000000	0.062731	0.922360	0.014897	0.000000	0.000000	0.000000
260	0.000011	0.000000	0.000000	0.062703	0.922430	0.014856	0.000000	0.000000	0.000000
261	0.000012	0.000000	0.000000	0.062555	0.922661	0.014772	0.000000	0.000000	0.000000
262	0.000015	0.000000	0.000000	0.062649	0.922585	0.014751	0.000000	0.000000	0.000000
263	0.000009	0.000000	0.000000	0.062757	0.922434	0.014800	0.000000	0.000000	0.000000
264	0.000005	0.000000	0.000000	0.062444	0.922810	0.014741	0.000000	0.000000	0.000000
265	0.000006	0.000000	0.000000	0.062546	0.922703	0.014745	0.000000	0.000000	0.000000
266	0.000008	0.000000	0.000000	0.062488	0.922757	0.014747	0.000000	0.000000	0.000000
267	0.000006	0.000000	0.000000	0.062664	0.922656	0.014674	0.000000	0.000000	0.000000
268	0.000004	0.000000	0.000000	0.062701	0.922471	0.014824	0.000000	0.000000	0.000000
269	0.000004	0.000000	0.000000	0.062557	0.922702	0.014737	0.000000	0.000000	0.000000
270	0.000005	0.000000	0.000000	0.062446	0.922861	0.014688	0.000000	0.000000	0.000000
271	0.000005	0.000000	0.000000	0.062511	0.922911	0.014573	0.000000	0.000000	0.000000
272	0.000006	0.000000	0.000000	0.062379	0.922994	0.014621	0.000000	0.000000	0.000000
273	0.000004	0.000000	0.000000	0.061894	0.923362	0.014740	0.000000	0.000000	0.000000
274	0.000004	0.000000	0.000000	0.062131	0.923019	0.014846	0.000000	0.000000	0.000000
275	0.000001	0.000000	0.000000	0.062300	0.922820	0.014879	0.000000	0.000000	0.000000
276	0.000000	0.000000	0.000000	0.062198	0.922940	0.014862	0.000000	0.000000	0.000000
277	0.000000	0.000000	0.000000	0.062134	0.923037	0.014829	0.000000	0.000000	0.000000
278	0.000000	0.000000	0.000000	0.062294	0.923029	0.014677	0.000000	0.000000	0.000000
279	0.000000	0.000000	0.000000	0.062351	0.922926	0.014723	0.000000	0.000000	0.000000
280	0.000000	0.000000	0.000000	0.062244	0.922859	0.014897	0.000000	0.000000	0.000000
281	0.000000	0.000000	0.000000	0.062296	0.922936	0.014768	0.000000	0.000000	0.000000
282	0.000000	0.000000	0.000000	0.062478	0.922791	0.014731	0.000000	0.000000	0.000000
283	0.000000	0.000000	0.000000	0.062682	0.922438	0.014880	0.000000	0.000000	0.000000
284	0.000000	0.000000	0.000000	0.062596	0.922647	0.014757	0.000000	0.000000	0.000000
285	0.000000	0.000000	0.000000	0.062678	0.922704	0.014618	0.000000	0.000000	0.000000
286	0.000000	0.000000	0.000000	0.062671	0.922586	0.014743	0.000000	0.000000	0.000000
287	0.000000	0.000000	0.000000	0.062616	0.922787	0.014597	0.000000	0.000000	0.000000
288	0.000000	0.000000	0.000000	0.062374	0.923069	0.014557	0.000000	0.000000	0.000000
289	0.000000	0.000000	0.000000	0.062554	0.922815	0.014631	0.000000	0.000000	0.000000
290	0.000000	0.000000	0.000000	0.062791	0.922669	0.014540	0.000000	0.000000	0.000000
291	0.000000	0.000000	0.000000	0.062896	0.922613	0.014491	0.000000	0.000000	0.000000
292	0.000000	0.000000	0.000000	0.062887	0.922806	0.014307	0.000000	0.000000	0.000000
293	0.000000	0.000000	0.000000	0.062855	0.922865	0.014280	0.000000	0.000000	0.000000
294	0.000000	0.000000	0.000000	0.062722	0.922898	0.014380	0.000000	0.000000	0.000000
295	0.000000	0.000000	0.000000	0.062660	0.923074	0.014266	0.000000	0.000000	0.000000
296	0.000000	0.000000	0.000000	0.062948	0.922687	0.014365	0.000000	0.000000	0.000000
297	0.000000	0.000000	0.000000	0.062955	0.922719	0.014326	0.000000	0.000000	0.000000
298	0.000000	0.000000	0.000000	0.062797	0.922784	0.014419	0.000000	0.000000	0.000000
299	0.000000	0.000000	0.000000	0.062967	0.922570	0.014463	0.000000	0.000000	0.000000
300	0.000000	0.000000	0.000000	0.062801	0.922731	0.014468	0.000000	0.000000	0.000000
301	0.000000	0.000000	0.000000	0.062852	0.922628	0.014520	0.000000	0.000000	0.000000
302	0.000000	0.000000	0.000000	0.063082	0.922316	0.014602	0.000000	0.000000	0.000000
303	0.000000	0.000000	0.000000	0.062875	0.922487	0.014638	0.000000	0.000000	0.000000
304	0.000000	0.000000	0.000000	0.062965	0.922472	0.014563	0.000000	0.000000	0.000000
305	0.000000	0.000000	0.000000	0.062906	0.922371	0.014723	0.000000	0.000000	0.000000
306	0.000000	0.000000	0.000000	0.063039	0.922109	0.014852	0.000000	0.000000	0.000000
307	0.000000	0.000000	0.000000	0.063292	0.922020	0.014688	0.000000	0.000000	0.000000
308	0.000000	0.000000	0.000000	0.063132	0.922046	0.014822	0.000000	0.000000	0.000000
309	0.000000	0.000000	0.000000	0.063027	0.922279	0.014694	0.000000	0.000000	0.000000
310	0.000000	0.000000	0.000000	0.062707	0.922702	0.014591	0.000000	0.000000	0.000000
311	0.000000	0.000000	0.000000	0.062831	0.922632	0.014537	0.000000	0.000000	0.000000
312	0.000000	0.000000	0.000000	0.062923	0.922554	0.014523	0.000000	0.000000	0.000000
313	0.000000	0.000000	0.000000	0.063070	0.922609	0.014321	0.000000	0.000000	0.000000
314	0.000000	0.000000	0.000000	0.063159	0.922448	0.014393	0.000000	0.000000	0.000000
315	0.000000	0.000000	0.000000	0.063091	0.922496	0.014413	0.000000	0.000000	0.000000
316	0.000000	0.000000	0.000000	0.063025	0.922508	0.014467	0.000000	0.000000	0.000000
317	0.000000	0.000000	0.000000	0.062864	0.922778	0.014358	0.000000	0.000000	0.000000
318	0.000000	0.000000	0.000000	0.062914	0.922751	0.014335	0.000000	0.000000	0.000000
319	0.000000	0.000000	0.000000	0.062866	0.922895	0.014239	0.000000	0.000000	0.000000
320	0.000000	0.000000	0.000000	0.063021	0.922473	0.014506	0.000000	0.000000	0.000000
321	0.000000	0.000000	0.000000	0.062952	0.922695	0.014353	0.000000	0.000000	0.000000
322	0.000000	0.000000	0.000000	0.062849	0.922857	0.014294	0.000000	0.000000	0.000000
323	0.000000	0.000000	0.000000	0.063139	0.922545	0.014316	0.000000	0.000000	0.000000
324	0.000000	0.000000	0.000000	0.063291	0.922341	0.014368	0.000000	0.000000	0.000000
325	0.000000	0.000000	0.000000	0.063450	0.922209	0.014341	0.000000	0.000000	0.000000
326	0.000000	0.000000	0.000000	0.063510	0.922163	0.014327	0.000000	0.000000	0.000000
327	0.000000	0.000000	0.000000	0.063607	0.922069	0.014324	0.000000	0.000000	0.000000
328	0.000000	0.000000	0.000000	0.063645	0.921802	0.014553	0.000000	0.000000	0.000000
329	0.000000	0.000000	0.000000	0.063348	0.922123	0.014529	0.000000	0.000000	0.000000
330	0.000000	0.000000	0.000000	0.063199	0.922265	0.014536	0.000000	0.000000	0.000000
331	0.000000	0.000000	0.000000	0.063224	0.922428	0.014348	0.000000	0.000000	0.000000
332	0.000000	0.000000	0.000000	0.063254	0.922571	0.014175	0.000000	0.000000	0.000000
333	0.000000	0.000000	0.000000	0.063218	0.922510	0.014272	0.000000	0.000000	0.000000
334	0.000000	0.000000	0.000000	0.063116	0.922783	0.014101	0.000000	0.000000	0.000000
335	0.000000	0.000000	0.000000	0.063368	0.922461	0.014171	0.000000	0.000000	0.000000
336	0.000000	0.000000	0.000000	0.063248	0.922603	0.014149	0.000000	0.000000	0.000000
337	0.000000	0.000000	0.000000	0.063314	0.922398	0.014288	0.000000	0.000000	0.000000
338	0.000000	0.000000	0.000000	0.063068	0.922635	0.014297	0.000000	0.000000	0.000000
339	0.000000	0.000000	0.000000	0.063182	0.922525	0.014293	0.000000	0.000000	0.000000
340	0.000000	0.000000	0.000000	0.063092	0.922721	0.014187	0.000000	0.000000	0.000000
341	0.000000	0.000000	0.000000	0.062974	0.922860	0.014166	0.000000	0.000000	0.000000
342	0.000000	0.000000	0.000000	0.063006	0.922951	0.014043	0.000000	0.000000	0.000000
343	0.000000	0.000000	0.000000	0.063249	0.922805	0.013946	0.000000	0.000000	0.000000
344	0.000000	0.000000	0.000000	0.063495	0.922460	0.014045	0.000000	0.000000	0.000000
345	0.000000	0.000000	0.000000	0.063514	0.922241	0.014245	0.000000	0.000000	0.000000
346	0.000000	0.000000	0.000000	0.063512	0.922197	0.014291	0.000000	0.000000	0.000000
347	0.000000	0.000000	0.000000	0.063382	0.922454	0.014164	0.000000	0.000000	0.000000
348	0.000000	0.000000	0.000000	0.063458	0.922415	0.014127	0.000000	0.000000	0.000000
349	0.000000	0.000000	0.000000	0.063489	0.922406	0.014105	0.000000	0.000000	0.000000
350	0.000000	0.000000	0.000000	0.063346	0.922525	0.014129	0.000000	0.000000	0.000000
351	0.000000	0.000000	0.000000	0.063160	0.922524	0.014316	0.000000	0.000000	0.000000
352	0.000000	0.000000	0.000000	0.063170	0.922442	0.014388	0.000000	0.000000	0.000000
353	0.000000	0.000000	0.000000	0.062944	0.922814	0.014242	0.000000	0.000000	0.000000
354	0.000000	0.000000	0.000000	0.063070	0.922584	0.014346	0.000000	0.000000	0.000000
355	0.000000	0.000000	0.000000	0.062888	0.922670	0.014442	0.000000	0.000000	0.000000
356	0.000000	0.000000	0.000000	0.063157	0.922446	0.014397	0.000000	0.000000	0.000000
357	0.000000	0.000000	0.000000	0.063054	0.922631	0.014315	0.000000	0.000000	0.000000
358	0.000000	0.000000	0.000000	0.063147	0.922553	0.014300	0.000000	0.000000	0.000000
359	0.000000	0.000000	0.000000	0.063260	0.922330	0.014410	0.000000	0.000000	0.000000
360	0.000000	0.000000	0.000000	0.063288	0.922463	0.014249	0.000000	0.000000	0.000000
361	0.000000	0.000000	0.000000	0.063114	0.922711	0.014175	0.000000	0.000000	0.000000
362	0.000000	0.000000	0.000000	0.063162	0.922679	0.014159	0.000000	0.000000	0.000000
363	0.000000	0.000000	0.000000	0.063078	0.922807	0.014115	0.000000	0.000000	0.000000
364	0.000000	0.000000	0.000000	0.062680	0.923139	0.014181	0.000000	0.000000	0.000000
365	0.000000	0.000000	0.000000	0.062871	0.922837	0.014292	0.000000	0.000000	0.000000
366	0.000000	0.000000	0.000000	0.062717	0.922961	0.014322	0.000000	0.000000	0.000000
367	0.000000	0.000000	0.000000	0.062740	0.922791	0.014469	0.000000	0.000000	0.000000
368	0.000000	0.000000	0.000000	0.062766	0.922892	0.014342	0.000000	0.000000	0.000000
369	0.000000	0.000000	0.000000	0.062815	0.922812	0.014373	0.000000	0.000000	0.000000
370	0.000000	0.000000	0.000000	0.062853	0.922845	0.014302	0.000000	0.000000	0.000000
371	0.000000	0.000000	0.000000	0.062853	0.922800	0.014347	0.000000	0.000000	0.000000
372	0.000000	0.000000	0.000000	0.063117	0.922758	0.014125	0.000000	0.000000	0.000000
373	0.000000	0.000000	0.000000	0.063192	0.922615	0.014193	0.000000	0.000000	0.000000
374	0.000000	0.000000	0.000000	0.063266	0.922558	0.014176	0.000000	0.000000	0.000000
375	0.000000	0.000000	0.000000	0.063434	0.922364	0.014202	0.000000	0.000000	0.000000
376	0.000000	0.000000	0.000000	0.063485	0.922182	0.014333	0.000000	0.000000	0.000000
377	0.000000	0.000000	0.000000	0.063705	0.921861	0.014434	0.000000	0.000000	0.000000
378	0.000000	0.000000	0.000000	0.063475	0.921804	0.014721	0.000000	0.000000	0.000000
379	0.000000	0.000000	0.000000	0.063731	0.921414	0.014855	0.000000	0.000000	0.000000
380	0.000000	0.000000	0.000000	0.063510	0.921723	0.014767	0.000000	0.000000	0.000000
381	0.000000	0.000000	0.000000	0.063363	0.921789	0.014848	0.000000	0.000000	0.000000
382	0.000000	0.000000	0.000000	0.063456	0.921793	0.014751	0.000000	0.000000	0.000000
383	0.000000	0.000000	0.000000	0.063503	0.921661	0.014836	0.000000	0.000000	0.000000
384	0.000000	0.000000	0.000000	0.063548	0.921779	0.014673	0.000000	0.000000	0.000000
385	0.000000	0.000000	0.000000	0.063613	0.921781	0.014606	0.000000	0.000000	0.000000
386	0.000000	0.000000	0.000000	0.063619	0.921833	0.014548	0.000000	0.000000	0.000000
387	0.000000	0.000000	0.000000	0.063558	0.921662	0.014780	0.000000	0.000000	0.000000
388	0.000000	0.000000	0.000000	0.063355	0.921926	0.014719	0.000000	0.000000	0.000000
389	0.000000	0.000000	0.000000	0.063522	0.921585	0.014893	0.000000	0.000000	0.000000
390	0.000000	0.000000	0.000000	0.063578	0.921565	0.014857	0.000000	0.000000	0.000000
391	0.000000	0.000000	0.000000	0.063628	0.921654	0.014718	0.000000	0.000000	0.000000
392	0.000000	0.000000	0.000000	0.063682	0.921494	0.014824	0.000000	0.000000	0.000000
393	0.000000	0.000000	0.000000	0.063666	0.921539	0.014795	0.000000	0.000000	0.000000
394	0.000000	0.000000	0.000000	0.063449	0.921700	0.014851	0.000000	0.000000	0.000000
395	0.000000	0.000000	0.000000	0.063377	0.921959	0.014664	0.000000	0.000000	0.000000
396	0.000000	0.000000	0.000000	0.063579	0.921759	0.014662	0.000000	0.000000	0.000000
397	0.000000	0.000000	0.000000	0.063707	0.921581	0.014712	0.000000	0.000000	0.000000
398	0.000000	0.000000	0.000000	0.063587	0.921736	0.014677	0.000000	0.000000	0.000000
399	0.000000	0.000000	0.000000	0.063501	0.921821	0.014678	0.000000	0.000000	0.000000
400	0.000000	0.000000	0.000000	0.063289	0.922057	0.014654	0.000000	0.000000	0.000000
401	0.000000	0.000000	0.000000	0.063388	0.921903	0.014709	0.000000	0.000000	0.000000
402	0.000000	0.000000	0.000000	0.063716	0.921717	0.014567	0.000000	0.000000	0.000000
403	0.000000	0.000000	0.000000	0.063903	0.921367	0.014730	0.000000	0.000000	0.000000
404	0.000000	0.000000	0.000000	0.063788	0.921421	0.014791	0.000000	0.000000	0.000000
405	0.000000	0.000000	0.000000	0.063639	0.921547	0.014814	0.000000	0.000000	0.000000
406	0.000000	0.000000	0.000000	0.063746	0.921450	0.014804	0.000000	0.000000	0.000000
407	0.000000	0.000000	0.000000	0.063907	0.921187	0.014906	0.000000	0.000000	0.000000
408	0.000000	0.000000	0.000000	0.063778	0.921125	0.015097	0.000000	0.000000	0.000000
409	0.000000	0.000000	0.000000	0.063755	0.921142	0.015103	0.000000	0.000000	0.000000
410	0.000000	0.000000	0.000000	0.063814	0.921044	0.015142	0.000000	0.000000	0.000000
411	0.000000	0.000000	0.000000	0.063746	0.921105	0.015149	0.000000	0.000000	0.000000
412	0.000000	0.000000	0.000000	0.063718	0.921223	0.015059	0.000000	0.000000	0.000000
413	0.000000	0.000000	0.000000	0.063683	0.921263	0.015054	0.000000	0.000000	0.000000
414	0.000000	0.000000	0.000000	0.063759	0.921183	0.015058	0.000000	0.000000	0.000000
415	0.000000	0.000000	0.000000	0.063723	0.921280	0.014997	0.000000	0.000000	0.000000
416	0.000000	0.000000	0.000000	0.063452	0.921450	0.015098	0.000000	0.000000	0.000000
417	0.000000	0.000000	0.000000	0.063716	0.921223	0.015061	0.000000	0.000000	0.000000
418	0.000000	0.000000	0.000000	0.063607	0.921303	0.015090	0.000000	0.000000	0.000000
419	0.000000	0.000000	0.000000	0.063413	0.921391	0.015196	0.000000	0.000000	0.000000
420	0.000000	0.000000	0.000000	0.063846	0.920977	0.015177	0.000000	0.000000	0.000000
421	0.000000	0.000000	0.000000	0.063667	0.921249	0.015084	0.000000	0.000000	0.000000
422	0.000000	0.000000	0.000000	0.063698	0.921198	0.015104	0.000000	0.000000	0.000000
423	0.000000	0.000000	0.000000	0.063696	0.921236	0.015068	0.000000	0.000000	0.000000
424	0.000000	0.000000	0.000000	0.063577	0.921473	0.014950	0.000000	0.000000	0.000000
425	0.000000	0.000000	0.000000	0.063763	0.921310	0.014927	0.000000	0.000000	0.000000
426	0.000000	0.000000	0.000000	0.063364	0.921581	0.015055	0.000000	0.000000	0.000000
427	0.000000	0.000000	0.000000	0.063415	0.921648	0.014937	0.000000	0.000000	0.000000
428	0.000000	0.000000	0.000000	0.063413	0.921511	0.015076	0.000000	0.000000	0.000000
429	0.000000	0.000000	0.000000	0.063393	0.921623	0.014984	0.000000	0.000000	0.000000
430	0.000000	0.000000	0.000000	0.063197	0.921655	0.015148	0.000000	0.000000	0.000000
431	0.000000	0.000000	0.000000	0.063169	0.921704	0.015127	0.000000	0.000000	0.000000
432	0.000000	0.000000	0.000000	0.063280	0.921569	0.015151	0.000000	0.000000	0.000000
433	0.000000	0.000000	0.000000	0.063341	0.921464	0.015195	0.000000	0.000000	0.000000
434	0.000000	0.000000	0.000000	0.063348	0.921459	0.015193	0.000000	0.000000	0.000000
435	0.000000	0.000000	0.000000	0.063571	0.921418	0.015011	0.000000	0.000000	0.000000
436	0.000000	0.000000	0.000000	0.063284	0.921555	0.015161	0.000000	0.000000	0.000000
437	0.000000	0.000000	0.000000	0.063198	0.921534	0.015268	0.000000	0.000000	0.000000
438	0.000000	0.000000	0.000000	0.063150	0.921566	0.015284	0.000000	0.000000	0.000000
439	0.000000	0.000000	0.000000	0.063329	0.921329	0.015342	0.000000	0.000000	0.000000
440	0.000000	0.000000	0.000000	0.063404	0.921215	0.015381	0.000000	0.000000	0.000000
441	0.000000	0.000000	0.000000	0.063272	0.921335	0.015393	0.000000	0.000000	0.000000
442	0.000000	0.000000	0.000000	0.063150	0.921426	0.015424	0.000000	0.000000	0.000000
443	0.000000	0.000000	0.000000	0.063145	0.921418	0.015437	0.000000	0.000000	0.000000
444	0.000000	0.000000	0.000000	0.063136	0.921343	0.015521	0.000000	0.000000	0.000000
445	0.000000	0.000000	0.000000	0.063242	0.921354	0.015404	0.000000	0.000000	0.000000
446	0.000000	0.000000	0.000000	0.063081	0.921748	0.015171	0.000000	0.000000	0.000000
447	0.000000	0.000000	0.000000	0.063102	0.921639	0.015259	0.000000	0.000000	0.000000
448	0.000000	0.000000	0.000000	0.063156	0.921635	0.015209	0.000000	0.000000	0.000000
449	0.000000	0.000000	0.000000	0.062934	0.921788	0.015278	0.000000	0.000000	0.000000
450	0.000000	0.000000	0.000000	0.063007	0.921661	0.015332	0.000000	0.000000	0.000000
451	0.000000	0.000000	0.000000	0.063073	0.921580	0.015347	0.000000	0.000000	0.000000
452	0.000000	0.000000	0.000000	0.062921	0.921707	0.015372	0.000000	0.000000	0.000000
453	0.000000	0.000000	0.000000	0.063211	0.921500	0.015289	0.000000	0.000000	0.000000
454	0.000000	0.000000	0.000000	0.063067	0.921587	0.015346	0.000000	0.000000	0.000000
455	0.000000	0.000000	0.000000	0.062926	0.921866	0.015208	0.000000	0.000000	0.000000
456	0.000000	0.000000	0.000000	0.062739	0.922038	0.015223	0.000000	0.000000	0.000000
457	0.000000	0.000000	0.000000	0.062945	0.921657	0.015398	0.000000	0.000000	0.000000
458	0.000000	0.000000	0.000000	0.062728	0.921805	0.015467	0.000000	0.000000	0.000000
459	0.000000	0.000000	0.000000	0.062852	0.921725	0.015423	0.000000	0.000000	0.000000
460	0.000000	0.000000	0.000000	0.062782	0.921906	0.015312	0.000000	0.000000	0.000000
461	0.000000	0.000000	0.000000	0.062665	0.921949	0.015386	0.000000	0.000000	0.000000
462	0.000000	0.000000	0.000000	0.063034	0.921804	0.015162	0.000000	0.000000	0.000000
463	0.000000	0.000000	0.000000	0.062712	0.922003	0.015285	0.000000	0.000000	0.000000
464	0.000000	0.000000	0.000000	0.062528	0.922318	0.015154	0.000000	0.000000	0.000000
465	0.000000	0.000000	0.000000	0.062589	0.922292	0.015119	0.000000	0.000000	0.000000
466	0.000000	0.000000	0.000000	0.062438	0.922453	0.015109	0.000000	0.000000	0.000000
467	0.000000	0.000000	0.000000	0.062429	0.922463	0.015108	0.000000	0.000000	0.000000
468	0.000000	0.000000	0.000000	0.062340	0.922534	0.015126	0.000000	0.000000	0.000000
469	0.000000	0.000000	0.000000	0.062408	0.922449	0.015143	0.000000	0.000000	0.000000
470	0.000000	0.000000	0.000000	0.062405	0.922410	0.015185	0.000000	0.000000	0.000000
