0	0.290663	0.057897	0.229473	0.157588	0.029913	0.111872	0.085455	0.012259	0.024880
1	0.242736	0.050463	0.209397	0.143978	0.029322	0.121838	0.102498	0.019832	0.079936
2	0.252211	0.051057	0.217370	0.141940	0.030879	0.120717	0.089974	0.017215	0.078637
3	0.267157	0.052104	0.225960	0.139255	0.032606	0.116788	0.077816	0.014569	0.073745
4	0.281777	0.052846	0.233816	0.136379	0.034669	0.112727	0.066295	0.012235	0.069256
5	0.296580	0.053148	0.240799	0.132754	0.036580	0.107892	0.057297	0.010241	0.064709
6	0.309494	0.053277	0.247521	0.128586	0.038861	0.103873	0.049370	0.008482	0.060536
7	0.323272	0.052875	0.253178	0.124725	0.040742	0.098694	0.042461	0.007094	0.056959
8	0.335695	0.052371	0.258490	0.120933	0.043017	0.093833	0.036351	0.005852	0.053458
9	0.347314	0.051628	0.263026	0.116512	0.044856	0.090105	0.031264	0.004987	0.050308
10	0.358616	0.050609	0.266972	0.112299	0.047433	0.085413	0.027063	0.004160	0.047435
11	0.368385	0.049356	0.270844	0.108477	0.050033	0.081672	0.023344	0.003494	0.044395
12	0.378132	0.048471	0.274112	0.104082	0.052489	0.077323	0.020453	0.002912	0.042026
13	0.387744	0.047350	0.275942	0.100141	0.055065	0.074147	0.017490	0.002492	0.039629
14	0.395370	0.046120	0.279248	0.096298	0.057691	0.070588	0.015166	0.002091	0.037428
15	0.403389	0.045025	0.281772	0.092492	0.060105	0.067159	0.013187	0.001833	0.035038
16	0.410005	0.043633	0.284209	0.088647	0.062959	0.064019	0.011417	0.001589	0.033522
17	0.416612	0.042627	0.285745	0.085092	0.065976	0.060933	0.009992	0.001335	0.031688
18	0.422205	0.041443	0.288347	0.081621	0.069051	0.057931	0.008793	0.001137	0.029472
19	0.427789	0.040336	0.289634	0.078115	0.072041	0.055277	0.007787	0.000973	0.028048
20	0.432671	0.038880	0.290539	0.074849	0.075644	0.052959	0.006815	0.000847	0.026796
21	0.437197	0.037786	0.291784	0.071800	0.079065	0.050290	0.005941	0.000710	0.025427
22	0.440133	0.036525	0.292829	0.069192	0.083117	0.048309	0.005274	0.000649	0.023972
23	0.444524	0.035126	0.293404	0.066253	0.086980	0.046096	0.004579	0.000518	0.022520
24	0.446930	0.034056	0.294094	0.063705	0.091290	0.043836	0.004010	0.000468	0.021611
25	0.449264	0.033002	0.294339	0.061150	0.095786	0.042069	0.003516	0.000407	0.020467
26	0.451597	0.031835	0.294817	0.058687	0.100226	0.040094	0.003034	0.000334	0.019376
27	0.453243	0.030583	0.295296	0.056271	0.104910	0.038300	0.002728	0.000287	0.018382
28	0.454841	0.029495	0.294926	0.054324	0.109864	0.036570	0.002318	0.000249	0.017413
29	0.455854	0.028198	0.294590	0.052646	0.114743	0.034992	0.002063	0.000237	0.016677
30	0.456436	0.027315	0.294484	0.050659	0.119903	0.033630	0.001855	0.000179	0.015539
31	0.457242	0.026290	0.293563	0.048824	0.125381	0.032120	0.001661	0.000143	0.014776
32	0.456848	0.025334	0.292790	0.047317	0.131224	0.030811	0.001450	0.000152	0.014074
33	0.456684	0.024401	0.292087	0.045462	0.136869	0.029704	0.001239	0.000130	0.013424
34	0.456073	0.023283	0.290644	0.044150	0.143214	0.028499	0.001125	0.000114	0.012898
35	0.455279	0.022331	0.289565	0.042612	0.149673	0.027384	0.001029	0.000105	0.012022
36	0.453323	0.021608	0.288395	0.041749	0.156175	0.026242	0.000911	0.000089	0.011508
37	0.451635	0.020726	0.286656	0.040863	0.162870	0.025425	0.000824	0.000076	0.010925
38	0.449667	0.019840	0.284906	0.039482	0.170393	0.024394	0.000779	0.000073	0.010466
39	0.446867	0.019157	0.283736	0.038350	0.177664	0.023497	0.000694	0.000059	0.009976
40	0.444214	0.018447	0.281232	0.037743	0.185308	0.022879	0.000622	0.000046	0.009509
41	0.441606	0.017879	0.279024	0.036740	0.192823	0.022422	0.000528	0.000040	0.008938
42	0.438012	0.017144	0.276988	0.035827	0.201059	0.021920	0.000436	0.000038	0.008576
43	0.434105	0.016526	0.274897	0.035153	0.209218	0.021466	0.000380	0.000037	0.008218
44	0.430252	0.015920	0.272353	0.034303	0.218074	0.020816	0.000349	0.000027	0.007906
45	0.425495	0.015264	0.270185	0.033615	0.226987	0.020605	0.000290	0.000022	0.007537
46	0.421543	0.014555	0.267526	0.033230	0.235481	0.020172	0.000257	0.000020	0.007216
47	0.417369	0.014106	0.264119	0.032676	0.244968	0.019503	0.000254	0.000017	0.006988
48	0.412477	0.013516	0.261383	0.031957	0.254913	0.019047	0.000241	0.000014	0.006452
49	0.408264	0.012965	0.258094	0.031317	0.264311	0.018749	0.000186	0.000012	0.006102
50	0.403737	0.012282	0.255008	0.030702	0.274257	0.018122	0.000166	0.000010	0.005716
51	0.398494	0.011868	0.251910	0.030136	0.284153	0.017711	0.000148	0.000008	0.005572
52	0.393141	0.011244	0.248703	0.029931	0.294084	0.017476	0.000129	0.000005	0.005287
53	0.387788	0.010870	0.244486	0.029569	0.304939	0.017160	0.000124	0.000007	0.005057
54	0.382223	0.010290	0.240864	0.029232	0.315728	0.016801	0.000121	0.000005	0.004736
55	0.376916	0.009874	0.236881	0.028729	0.326562	0.016354	0.000104	0.000005	0.004575
56	0.370343	0.009542	0.233208	0.028502	0.337970	0.016048	0.000096	0.000001	0.004290
57	0.363935	0.009150	0.229812	0.028304	0.348926	0.015739	0.000068	0.000001	0.004065
58	0.358130	0.008643	0.225748	0.027972	0.360241	0.015372	0.000063	0.000000	0.003831
59	0.351570	0.008227	0.221907	0.027786	0.371348	0.015441	0.000066	0.000000	0.003655
60	0.344903	0.007862	0.217525	0.027762	0.383022	0.015309	0.000057	0.000000	0.003560
61	0.338144	0.007510	0.213099	0.027621	0.395151	0.015031	0.000050	0.000000	0.003394
62	0.331536	0.007064	0.209021	0.027554	0.406937	0.014721	0.000036	0.000000	0.003131
63	0.324477	0.006683	0.205327	0.027401	0.418394	0.014646	0.000036	0.000000	0.003036
64	0.317818	0.006281	0.200970	0.027472	0.429935	0.014598	0.000028	0.000000	0.002898
65	0.311294	0.005857	0.196751	0.027370	0.441322	0.014506	0.000029	0.000000	0.002871
66	0.304306	0.005508	0.192143	0.027081	0.454118	0.014097	0.000017	0.000000	0.002730
67	0.297195	0.005325	0.187319	0.027109	0.466448	0.014008	0.000014	0.000000	0.002582
68	0.289968	0.005059	0.182984	0.026930	0.478555	0.014021	0.000017	0.000000	0.002466
69	0.282870	0.004733	0.178469	0.027171	0.490628	0.013784	0.000020	0.000000	0.002325
70	0.275481	0.004532	0.173600	0.027109	0.503266	0.013747	0.000019	0.000000	0.002246
71	0.268287	0.004220	0.169209	0.027108	0.515518	0.013544	0.000012	0.000000	0.002102
72	0.261208	0.003993	0.164656	0.027085	0.527604	0.013455	0.000012	0.000000	0.001987
73	0.253924	0.003787	0.159773	0.027088	0.539988	0.013491	0.000009	0.000000	0.001940
74	0.246863	0.003582	0.155576	0.027112	0.551567	0.013492	0.000008	0.000000	0.001800
75	0.240155	0.003390	0.150562	0.026836	0.563908	0.013438	0.000006	0.000000	0.001705
76	0.232548	0.003193	0.146393	0.026884	0.575891	0.013422	0.000009	0.000000	0.001660
77	0.225381	0.003064	0.141871	0.026854	0.588055	0.013232	0.000004	0.000000	0.001539
78	0.218203	0.002921	0.137794	0.026822	0.599535	0.013264	0.000005	0.000000	0.001456
79	0.211736	0.002736	0.132852	0.027038	0.610986	0.013232	0.000004	0.000000	0.001416
80	0.205077	0.002646	0.128468	0.027220	0.622019	0.013233	0.000003	0.000000	0.001334
81	0.198011	0.002460	0.123868	0.027232	0.634033	0.013131	0.000003	0.000000	0.001262
82	0.191196	0.002323	0.119858	0.027121	0.645122	0.013214	0.000001	0.000000	0.001165
83	0.184569	0.002204	0.115656	0.027118	0.655986	0.013343	0.000002	0.000000	0.001122
84	0.177777	0.002085	0.111305	0.027411	0.666907	0.013482	0.000001	0.000000	0.001032
85	0.171883	0.001950	0.107261	0.027324	0.677064	0.013565	0.000002	0.000000	0.000951
86	0.165441	0.001843	0.103247	0.027363	0.687773	0.013361	0.000003	0.000000	0.000969
87	0.159157	0.001722	0.099602	0.027305	0.697972	0.013417	0.000003	0.000000	0.000822
88	0.152938	0.001623	0.095597	0.027384	0.708372	0.013303	0.000000	0.000000	0.000783
89	0.146521	0.001497	0.092288	0.027342	0.718292	0.013325	0.000000	0.000000	0.000735
90	0.141129	0.001374	0.088338	0.027468	0.727592	0.013447	0.000000	0.000000	0.000652
91	0.135617	0.001267	0.085119	0.027551	0.736386	0.013440	0.000000	0.000000	0.000620
92	0.129422	0.001195	0.081802	0.027620	0.746020	0.013355	0.000000	0.000000	0.000586
93	0.124070	0.001134	0.078441	0.027704	0.754754	0.013361	0.000000	0.000000	0.000536
94	0.118626	0.001055	0.075039	0.027684	0.763690	0.013414	0.000000	0.000000	0.000492
95	0.113687	0.000961	0.071564	0.027537	0.772281	0.013519	0.000000	0.000000	0.000451
96	0.108498	0.000860	0.068276	0.027552	0.780749	0.013636	0.000000	0.000000	0.000429
97	0.103408	0.000822	0.064919	0.027428	0.789435	0.013619	0.000000	0.000000	0.000369
98	0.098372	0.000733	0.062192	0.027547	0.797181	0.013615	0.000000	0.000000	0.000360
99	0.093459	0.000714	0.059309	0.027698	0.804941	0.013541	0.000000	0.000000	0.000338
100	0.088879	0.000658	0.056386	0.027693	0.812800	0.013256	0.000000	0.000000	0.000328
101	0.084920	0.000612	0.053377	0.027876	0.819563	0.013360	0.000000	0.000000	0.000292
102	0.080676	0.000532	0.051084	0.027957	0.826045	0.013446	0.000000	0.000000	0.000260
103	0.076818	0.000519	0.048025	0.027923	0.833167	0.013320	0.000000	0.000000	0.000228
104	0.072896	0.000476	0.045490	0.027936	0.839679	0.013333	0.000000	0.000000	0.000190
105	0.069209	0.000424	0.043131	0.027910	0.845694	0.013452	0.000000	0.000000	0.000180
106	0.065463	0.000403	0.040814	0.027776	0.851885	0.013491	0.000000	0.000000	0.000168
107	0.061759	0.000312	0.038602	0.027951	0.857730	0.013497	0.000000	0.000000	0.000149
108	0.058583	0.000287	0.036190	0.027929	0.863179	0.013695	0.000000	0.000000	0.000137
109	0.055309	0.000229	0.034340	0.027967	0.868258	0.013783	0.000000	0.000000	0.000114
110	0.052247	0.000221	0.032423	0.027824	0.873412	0.013786	0.000000	0.000000	0.000087
111	0.049142	0.000189	0.030521	0.027643	0.878713	0.013727	0.000000	0.000000	0.000065
112	0.046489	0.000144	0.028826	0.027775	0.883108	0.013597	0.000000	0.000000	0.000061
113	0.043781	0.000121	0.027151	0.027782	0.887516	0.013589	0.000000	0.000000	0.000060
114	0.041014	0.000108	0.025615	0.027685	0.891811	0.013705	0.000000	0.000000	0.000062
115	0.038621	0.000099	0.024100	0.027779	0.895659	0.013686	0.000000	0.000000	0.000056
116	0.036393	0.000079	0.022552	0.028026	0.899270	0.013631	0.000000	0.000000	0.000049
117	0.033909	0.000052	0.021237	0.027814	0.903344	0.013607	0.000000	0.000000	0.000037
118	0.031750	0.000051	0.019930	0.027955	0.906549	0.013732	0.000000	0.000000	0.000033
119	0.029731	0.000057	0.018680	0.028191	0.909609	0.013709	0.000000	0.000000	0.000023
120	0.027876	0.000047	0.017442	0.027941	0.912869	0.013810	0.000000	0.000000	0.000015
121	0.026017	0.000037	0.016094	0.028102	0.915892	0.013842	0.000000	0.000000	0.000016
122	0.024285	0.000033	0.015035	0.028307	0.918559	0.013770	0.000000	0.000000	0.000011
123	0.022904	0.000035	0.014086	0.028282	0.920898	0.013789	0.000000	0.000000	0.000006
124	0.021461	0.000032	0.012940	0.028167	0.923448	0.013945	0.000000	0.000000	0.000007
125	0.019923	0.000021	0.012098	0.028524	0.925484	0.013944	0.000000	0.000000	0.000006
126	0.018440	0.000025	0.011206	0.028413	0.927991	0.013920	0.000000	0.000000	0.000005
127	0.017092	0.000024	0.010435	0.028412	0.930064	0.013969	0.000000	0.000000	0.000004
128	0.015874	0.000022	0.009733	0.028372	0.932058	0.013941	0.000000	0.000000	0.000000
129	0.014587	0.000022	0.009076	0.028263	0.933956	0.014096	0.000000	0.000000	0.000000
130	0.013539	0.000018	0.008492	0.028483	0.935328	0.014140	0.000000	0.000000	0.000000
131	0.012518	0.000017	0.007839	0.028659	0.936826	0.014141	0.000000	0.000000	0.000000
132	0.011633	0.000013	0.007307	0.028530	0.938369	0.014148	0.000000	0.000000	0.000000
133	0.010745	0.000011	0.006797	0.028562	0.939749	0.014136	0.000000	0.000000	0.000000
134	0.009880	0.000007	0.006216	0.028570	0.941155	0.014172	0.000000	0.000000	0.000000
135	0.009147	0.000004	0.005832	0.028674	0.942304	0.014039	0.000000	0.000000	0.000000
136	0.008347	0.000005	0.005370	0.028401	0.943658	0.014219	0.000000	0.000000	0.000000
137	0.007642	0.000006	0.005043	0.028466	0.944604	0.014239	0.000000	0.000000	0.000000
138	0.007039	0.000005	0.004624	0.028380	0.945784	0.014168	0.000000	0.000000	0.000000
139	0.006514	0.000004	0.004292	0.028311	0.946653	0.014226	0.000000	0.000000	0.000000
140	0.005958	0.000004	0.003962	0.028441	0.947398	0.014237	0.000000	0.000000	0.000000
141	0.005591	0.000006	0.003668	0.028518	0.948035	0.014182	0.000000	0.000000	0.000000
142	0.005218	0.000007	0.003341	0.028479	0.948525	0.014430	0.000000	0.000000	0.000000
143	0.004808	0.000005	0.003040	0.028490	0.949354	0.014303	0.000000	0.000000	0.000000
144	0.004481	0.000004	0.002830	0.028433	0.949986	0.014266	0.000000	0.000000	0.000000
145	0.004132	0.000008	0.002610	0.028528	0.950464	0.014258	0.000000	0.000000	0.000000
146	0.003712	0.000009	0.002440	0.028596	0.950985	0.014258	0.000000	0.000000	0.000000
147	0.003432	0.000007	0.002300	0.028671	0.951139	0.014451	0.000000	0.000000	0.000000
148	0.003093	0.000001	0.002120	0.028507	0.951924	0.014355	0.000000	0.000000	0.000000
149	0.002857	0.000000	0.001928	0.028663	0.952048	0.014504	0.000000	0.000000	0.000000
150	0.002665	0.000000	0.001709	0.028758	0.952425	0.014443	0.000000	0.000000	0.000000
151	0.002532	0.000000	0.001582	0.028574	0.952935	0.014377	0.000000	0.000000	0.000000
152	0.002338	0.000000	0.001462	0.028851	0.953000	0.014349	0.000000	0.000000	0.000000
153	0.002127	0.000000	0.001354	0.028851	0.953306	0.014362	0.000000	0.000000	0.000000
154	0.002003	0.000000	0.001227	0.028795	0.953542	0.014433	0.000000	0.000000	0.000000
155	0.001869	0.000000	0.001086	0.028823	0.953864	0.014358	0.000000	0.000000	0.000000
156	0.001740	0.000000	0.001080	0.028556	0.954018	0.014606	0.000000	0.000000	0.000000
157	0.001655	0.000000	0.000996	0.028540	0.954198	0.014611	0.000000	0.000000	0.000000
158	0.001531	0.000000	0.000937	0.028563	0.954430	0.014539	0.000000	0.000000	0.000000
159	0.001423	0.000000	0.000832	0.028500	0.954615	0.014630	0.000000	0.000000	0.000000
160	0.001308	0.000000	0.000748	0.028433	0.955010	0.014501	0.000000	0.000000	0.000000
161	0.001183	0.000000	0.000716	0.028538	0.955034	0.014529	0.000000	0.000000	0.000000
162	0.001027	0.000000	0.000649	0.028590	0.955107	0.014627	0.000000	0.000000	0.000000
163	0.000893	0.000000	0.000614	0.028444	0.955468	0.014581	0.000000	0.000000	0.000000
164	0.000787	0.000000	0.000585	0.028251	0.955666	0.014711	0.000000	0.000000	0.000000
165	0.000692	0.000000	0.000550	0.028192	0.955903	0.014663	0.000000	0.000000	0.000000
166	0.000635	0.000000	0.000518	0.028068	0.956015	0.014764	0.000000	0.000000	0.000000
167	0.000577	0.000000	0.000465	0.027964	0.956295	0.014699	0.000000	0.000000	0.000000
168	0.000523	0.000000	0.000452	0.028056	0.956225	0.014744	0.000000	0.000000	0.000000
169	0.000483	0.000000	0.000394	0.027932	0.956364	0.014827	0.000000	0.000000	0.000000
170	0.000431	0.000000	0.000347	0.027863	0.956498	0.014861	0.000000	0.000000	0.000000
171	0.000389	0.000000	0.000348	0.027889	0.956531	0.014843	0.000000	0.000000	0.000000
172	0.000350	0.000000	0.000316	0.027863	0.956553	0.014918	0.000000	0.000000	0.000000
173	0.000314	0.000000	0.000286	0.027834	0.956661	0.014905	0.000000	0.000000	0.000000
174	0.000291	0.000000	0.000272	0.027856	0.956613	0.014968	0.000000	0.000000	0.000000
175	0.000263	0.000000	0.000252	0.027814	0.956713	0.014958	0.000000	0.000000	0.000000
176	0.000224	0.000000	0.000233	0.027819	0.956575	0.015149	0.000000	0.000000	0.000000
177	0.000202	0.000000	0.000222	0.027934	0.956543	0.015099	0.000000	0.000000	0.000000
178	0.000171	0.000000	0.000212	0.028008	0.956477	0.015132	0.000000	0.000000	0.000000
179	0.000163	0.000000	0.000180	0.028030	0.956674	0.014953	0.000000	0.000000	0.000000
180	0.000133	0.000000	0.000153	0.027951	0.956890	0.014873	0.000000	0.000000	0.000000
181	0.000120	0.000000	0.000136	0.027940	0.956946	0.014858	0.000000	0.000000	0.000000
182	0.000109	0.000000	0.000119	0.027916	0.957050	0.014806	0.000000	0.000000	0.000000
183	0.000122	0.000000	0.000110	0.028009	0.956903	0.014856	0.000000	0.000000	0.000000
184	0.000111	0.000000	0.000102	0.027958	0.957039	0.014790	0.000000	0.000000	0.000000
185	0.000099	0.000000	0.000077	0.028261	0.956884	0.014679	0.000000	0.000000	0.000000
186	0.000090	0.000000	0.000078	0.028113	0.956982	0.014737	0.000000	0.000000	0.000000
187	0.000073	0.000000	0.000086	0.028245	0.956937	0.014659	0.000000	0.000000	0.000000
188	0.000069	0.000000	0.000072	0.028226	0.956993	0.014640	0.000000	0.000000	0.000000
189	0.000056	0.000000	0.000071	0.028239	0.956969	0.014665	0.000000	0.000000	0.000000
190	0.000055	0.000000	0.000062	0.028238	0.957103	0.014542	0.000000	0.000000	0.000000
191	0.000048	0.000000	0.000050	0.028322	0.957130	0.014450	0.000000	0.000000	0.000000
192	0.000042	0.000000	0.000047	0.028203	0.957154	0.014554	0.000000	0.000000	0.000000
193	0.000038	0.000000	0.000048	0.028040	0.957460	0.014414	0.000000	0.000000	0.000000
194	0.000040	0.000000	0.000050	0.027926	0.957447	0.014537	0.000000	0.000000	0.000000
195	0.000040	0.000000	0.000047	0.027908	0.957507	0.014498	0.000000	0.000000	0.000000
196	0.000041	0.000000	0.000047	0.028096	0.957330	0.014486	0.000000	0.000000	0.000000
197	0.000038	0.000000	0.000047	0.028021	0.957547	0.014347	0.000000	0.000000	0.000000
198	0.000048	0.000000	0.000046	0.028121	0.957517	0.014268	0.000000	0.000000	0.000000
199	0.000041	0.000000	0.000045	0.028033	0.957486	0.014395	0.000000	0.000000	0.000000
200	0.000038	0.000000	0.000050	0.027878	0.957648	0.014386	0.000000	0.000000	0.000000
201	0.000040	0.000000	0.000062	0.027784	0.957781	0.014333	0.000000	0.000000	0.000000
202	0.000042	0.000000	0.000063	0.027741	0.957749	0.014405	0.000000	0.000000	0.000000
203	0.000037	0.000000	0.000069	0.027826	0.957719	0.014349	0.000000	0.000000	0.000000
204	0.000034	0.000000	0.000065	0.027852	0.957716	0.014333	0.000000	0.000000	0.000000
205	0.000029	0.000000	0.000062	0.027735	0.957868	0.014306	0.000000	0.000000	0.000000
206	0.000028	0.000000	0.000048	0.027637	0.957943	0.014344	0.000000	0.000000	0.000000
207	0.000031	0.000000	0.000043	0.027569	0.958023	0.014334	0.000000	0.000000	0.000000
208	0.000025	0.000000	0.000037	0.027433	0.958120	0.014385	0.000000	0.000000	0.000000
209	0.000027	0.000000	0.000039	0.027568	0.958039	0.014327	0.000000	0.000000	0.000000
210	0.000028	0.000000	0.000038	0.027750	0.957904	0.014280	0.000000	0.000000	0.000000
211	0.000024	0.000000	0.000040	0.027852	0.957868	0.014216	0.000000	0.000000	0.000000
212	0.000024	0.000000	0.000031	0.027836	0.957755	0.014354	0.000000	0.000000	0.000000
213	0.000022	0.000000	0.000036	0.027795	0.957717	0.014430	0.000000	0.000000	0.000000
214	0.000026	0.000000	0.000027	0.028026	0.957488	0.014433	0.000000	0.000000	0.000000
215	0.000020	0.000000	0.000029	0.027887	0.957658	0.014406	0.000000	0.000000	0.000000
216	0.000018	0.000000	0.000029	0.027741	0.957783	0.014429	0.000000	0.000000	0.000000
217	0.000020	0.000000	0.000025	0.027850	0.957844	0.014261	0.000000	0.000000	0.000000
218	0.000028	0.000000	0.000024	0.027891	0.957710	0.014347	0.000000	0.000000	0.000000
219	0.000026	0.000000	0.000020	0.027757	0.957841	0.014356	0.000000	0.000000	0.000000
220	0.000029	0.000000	0.000019	0.027788	0.957772	0.014392	0.000000	0.000000	0.000000
221	0.000024	0.000000	0.000017	0.027695	0.957786	0.014478	0.000000	0.000000	0.000000
222	0.000023	0.000000	0.000016	0.027617	0.957737	0.014607	0.000000	0.000000	0.000000
223	0.000032	0.000000	0.000015	0.027578	0.957756	0.014619	0.000000	0.000000	0.000000
224	0.000029	0.000000	0.000014	0.027831	0.957540	0.014586	0.000000	0.000000	0.000000
225	0.000032	0.000000	0.000008	0.027710	0.957545	0.014705	0.000000	0.000000	0.000000
226	0.000030	0.000000	0.000012	0.027614	0.957471	0.014873	0.000000	0.000000	0.000000
227	0.000023	0.000000	0.000011	0.027427	0.957784	0.014755	0.000000	0.000000	0.000000
228	0.000024	0.000000	0.000005	0.027406	0.957840	0.014725	0.000000	0.000000	0.000000
229	0.000018	0.000000	0.000004	0.027395	0.957740	0.014843	0.000000	0.000000	0.000000
230	0.000017	0.000000	0.000003	0.027598	0.957469	0.014913	0.000000	0.000000	0.000000
231	0.000017	0.000000	0.000000	0.027520	0.957701	0.014762	0.000000	0.000000	0.000000
232	0.000017	0.000000	0.000000	0.027623	0.957696	0.014664	0.000000	0.000000	0.000000
233	0.000014	0.000000	0.000000	0.027845	0.957377	0.014764	0.000000	0.000000	0.000000
234	0.000014	0.000000	0.000000	0.027915	0.957426	0.014645	0.000000	0.000000	0.000000
235	0.000014	0.000000	0.000000	0.027959	0.957258	0.014769	0.000000	0.000000	0.000000
236	0.000016	0.000000	0.000000	0.027777	0.957453	0.014754	0.000000	0.000000	0.000000
237	0.000013	0.000000	0.000000	0.027927	0.957381	0.014679	0.000000	0.000000	0.000000
238	0.000013	0.000000	0.000000	0.027765	0.957482	0.014740	0.000000	0.000000	0.000000
239	0.000013	0.000000	0.000000	0.027726	0.957653	0.014608	0.000000	0.000000	0.000000
240	0.000014	0.000000	0.000000	0.027865	0.957545	0.014576	0.000000	0.000000	0.000000
241	0.000011	0.000000	0.000000	0.027795	0.957524	0.014670	0.000000	0.000000	0.000000
242	0.000005	0.000000	0.000000	0.027750	0.957599	0.014646	0.000000	0.000000	0.000000
243	0.000007	0.000000	0.000000	0.027814	0.957665	0.014514	0.000000	0.000000	0.000000
244	0.000007	0.000000	0.000000	0.027701	0.957868	0.014424	0.000000	0.000000	0.000000
245	0.000007	0.000000	0.000000	0.027711	0.957749	0.014533	0.000000	0.000000	0.000000
246	0.000005	0.000000	0.000000	0.027799	0.957701	0.014495	0.000000	0.000000	0.000000
247	0.000004	0.000000	0.000000	0.027686	0.957886	0.014424	0.000000	0.000000	0.000000
248	0.000004	0.000000	0.000000	0.027878	0.957518	0.014600	0.000000	0.000000	0.000000
249	0.000004	0.000000	0.000000	0.027746	0.957680	0.014570	0.000000	0.000000	0.000000
250	0.000002	0.000000	0.000000	0.027649	0.957750	0.014599	0.000000	0.000000	0.000000
251	0.000000	0.000000	0.000000	0.027475	0.957850	0.014675	0.000000	0.000000	0.000000
252	0.000000	0.000000	0.000000	0.027436	0.957981	0.014583	0.000000	0.000000	0.000000
253	0.000000	0.000000	0.000000	0.027306	0.958104	0.014590	0.000000	0.000000	0.000000
254	0.000000	0.000000	0.000000	0.027372	0.958167	0.014461	0.000000	0.000000	0.000000
255	0.000000	0.000000	0.000000	0.027456	0.958047	0.014497	0.000000	0.000000	0.000000
256	0.000000	0.000000	0.000000	0.027552	0.958114	0.014334	0.000000	0.000000	0.000000
257	0.000000	0.000000	0.000000	0.027428	0.958030	0.014542	0.000000	0.000000	0.000000
258	0.000000	0.000000	0.000000	0.027186	0.958287	0.014527	0.000000	0.000000	0.000000
259	0.000000	0.000000	0.000000	0.027133	0.958319	0.014548	0.000000	0.000000	0.000000
260	0.000000	0.000000	0.000000	0.027164	0.958259	0.014577	0.000000	0.000000	0.000000
261	0.000000	0.000000	0.000000	0.027059	0.958390	0.014551	0.000000	0.000000	0.000000
262	0.000000	0.000000	0.000000	0.027065	0.958281	0.014654	0.000000	0.000000	0.000000
263	0.000000	0.000000	0.000000	0.027045	0.958286	0.014669	0.000000	0.000000	0.000000
264	0.000000	0.000000	0.000000	0.026874	0.958319	0.014807	0.000000	0.000000	0.000000
265	0.000000	0.000000	0.000000	0.026988	0.958127	0.014885	0.000000	0.000000	0.000000
266	0.000000	0.000000	0.000000	0.026972	0.957957	0.015071	0.000000	0.000000	0.000000
267	0.000000	0.000000	0.000000	0.026770	0.958170	0.015060	0.000000	0.000000	0.000000
268	0.000000	0.000000	0.000000	0.026573	0.958356	0.015071	0.000000	0.000000	0.000000
269	0.000000	0.000000	0.000000	0.026537	0.958431	0.015032	0.000000	0.000000	0.000000
270	0.000000	0.000000	0.000000	0.026409	0.958619	0.014972	0.000000	0.000000	0.000000
271	0.000000	0.000000	0.000000	0.026323	0.958843	0.014834	0.000000	0.000000	0.000000
272	0.000000	0.000000	0.000000	0.026438	0.958696	0.014866	0.000000	0.000000	0.000000
273	0.000000	0.000000	0.000000	0.026421	0.958597	0.014982	0.000000	0.000000	0.000000
274	0.000000	0.000000	0.000000	0.026458	0.958731	0.014811	0.000000	0.000000	0.000000
275	0.000000	0.000000	0.000000	0.026412	0.958766	0.014822	0.000000	0.000000	0.000000
276	0.000000	0.000000	0.000000	0.026227	0.959086	0.014687	0.000000	0.000000	0.000000
277	0.000000	0.000000	0.000000	0.026116	0.958997	0.014887	0.000000	0.000000	0.000000
278	0.000000	0.000000	0.000000	0.026049	0.958977	0.014974	0.000000	0.000000	0.000000
279	0.000000	0.000000	0.000000	0.025863	0.959235	0.014902	0.000000	0.000000	0.000000
280	0.000000	0.000000	0.000000	0.025682	0.959366	0.014952	0.000000	0.000000	0.000000
281	0.000000	0.000000	0.000000	0.025508	0.959486	0.015006	0.000000	0.000000	0.000000
282	0.000000	0.000000	0.000000	0.025561	0.959466	0.014973	0.000000	0.000000	0.000000
283	0.000000	0.000000	0.000000	0.025525	0.959462	0.015013	0.000000	0.000000	0.000000
284	0.000000	0.000000	0.000000	0.025691	0.959259	0.015050	0.000000	0.000000	0.000000
285	0.000000	0.000000	0.000000	0.025819	0.959136	0.015045	0.000000	0.000000	0.000000
286	0.000000	0.000000	0.000000	0.025876	0.958995	0.015129	0.000000	0.000000	0.000000
287	0.000000	0.000000	0.000000	0.025874	0.959067	0.015059	0.000000	0.000000	0.000000
288	0.000000	0.000000	0.000000	0.025842	0.958998	0.015160	0.000000	0.000000	0.000000
289	0.000000	0.000000	0.000000	0.025634	0.959186	0.015180	0.000000	0.000000	0.000000
290	0.000000	0.000000	0.000000	0.025483	0.959331	0.015186	0.000000	0.000000	0.000000
291	0.000000	0.000000	0.000000	0.025411	0.959279	0.015310	0.000000	0.000000	0.000000
292	0.000000	0.000000	0.000000	0.025286	0.959496	0.015218	0.000000	0.000000	0.000000
293	0.000000	0.000000	0.000000	0.025343	0.959428	0.015229	0.000000	0.000000	0.000000
294	0.000000	0.000000	0.000000	0.025278	0.959445	0.015277	0.000000	0.000000	0.000000
295	0.000000	0.000000	0.000000	0.025206	0.959505	0.015289	0.000000	0.000000	0.000000
296	0.000000	0.000000	0.000000	0.025258	0.959370	0.015372	0.000000	0.000000	0.000000
297	0.000000	0.000000	0.000000	0.025412	0.959261	0.015327	0.000000	0.000000	0.000000
298	0.000000	0.000000	0.000000	0.025447	0.959016	0.015537	0.000000	0.000000	0.000000
299	0.000000	0.000000	0.000000	0.025391	0.959159	0.015450	0.000000	0.000000	0.000000
300	0.000000	0.000000	0.000000	0.025365	0.959098	0.015537	0.000000	0.000000	0.000000
301	0.000000	0.000000	0.000000	0.025335	0.959076	0.015589	0.000000	0.000000	0.000000
302	0.000000	0.000000	0.000000	0.025295	0.959230	0.015475	0.000000	0.000000	0.000000
303	0.000000	0.000000	0.000000	0.025190	0.959293	0.015517	0.000000	0.000000	0.000000
304	0.000000	0.000000	0.000000	0.025286	0.959359	0.015355	0.000000	0.000000	0.000000
305	0.000000	0.000000	0.000000	0.025182	0.959533	0.015285	0.000000	0.000000	0.000000
306	0.000000	0.000000	0.000000	0.025285	0.959398	0.015317	0.000000	0.000000	0.000000
307	0.000000	0.000000	0.000000	0.025215	0.959490	0.015295	0.000000	0.000000	0.000000
308	0.000000	0.000000	0.000000	0.025108	0.959610	0.015282	0.000000	0.000000	0.000000
309	0.000000	0.000000	0.000000	0.025130	0.959536	0.015334	0.000000	0.000000	0.000000
310	0.000000	0.000000	0.000000	0.025160	0.959567	0.015273	0.000000	0.000000	0.000000
311	0.000000	0.000000	0.000000	0.025034	0.959772	0.015194	0.000000	0.000000	0.000000
312	0.000000	0.000000	0.000000	0.025194	0.959709	0.015097	0.000000	0.000000	0.000000
313	0.000000	0.000000	0.000000	0.025412	0.959352	0.015236	0.000000	0.000000	0.000000
314	0.000000	0.000000	0.000000	0.025202	0.959584	0.015214	0.000000	0.000000	0.000000
315	0.000000	0.000000	0.000000	0.025274	0.959604	0.015122	0.000000	0.000000	0.000000
316	0.000000	0.000000	0.000000	0.025133	0.959670	0.015197	0.000000	0.000000	0.000000
317	0.000000	0.000000	0.000000	0.025103	0.959721	0.015176	0.000000	0.000000	0.000000
318	0.000000	0.000000	0.000000	0.024977	0.960090	0.014933	0.000000	0.000000	0.000000
319	0.000000	0.000000	0.000000	0.024935	0.960208	0.014857	0.000000	0.000000	0.000000
320	0.000000	0.000000	0.000000	0.024881	0.960342	0.014777	0.000000	0.000000	0.000000
321	0.000000	0.000000	0.000000	0.024913	0.960379	0.014708	0.000000	0.000000	0.000000
322	0.000000	0.000000	0.000000	0.024889	0.960260	0.014851	0.000000	0.000000	0.000000
323	0.000000	0.000000	0.000000	0.024793	0.960506	0.014701	0.000000	0.000000	0.000000
324	0.000000	0.000000	0.000000	0.024743	0.960414	0.014843	0.000000	0.000000	0.000000
325	0.000000	0.000000	0.000000	0.024728	0.960538	0.014734	0.000000	0.000000	0.000000
326	0.000000	0.000000	0.000000	0.024637	0.960628	0.014735	0.000000	0.000000	0.000000
327	0.000000	0.000000	0.000000	0.024785	0.960503	0.014712	0.000000	0.000000	0.000000
328	0.000000	0.000000	0.000000	0.024759	0.960596	0.014645	0.000000	0.000000	0.000000
329	0.000000	0.000000	0.000000	0.024571	0.960789	0.014640	0.000000	0.000000	0.000000
330	0.000000	0.000000	0.000000	0.024616	0.960573	0.014811	0.000000	0.000000	0.000000
331	0.000000	0.000000	0.000000	0.024684	0.960540	0.014776	0.000000	0.000000	0.000000
332	0.000000	0.000000	0.000000	0.024633	0.960558	0.014809	0.000000	0.000000	0.000000
333	0.000000	0.000000	0.000000	0.024516	0.960649	0.014835	0.000000	0.000000	0.000000
334	0.000000	0.000000	0.000000	0.024500	0.960647	0.014853	0.000000	0.000000	0.000000
335	0.000000	0.000000	0.000000	0.024244	0.961139	0.014617	0.000000	0.000000	0.000000
336	0.000000	0.000000	0.000000	0.024222	0.961199	0.014579	0.000000	0.000000	0.000000
337	0.000000	0.000000	0.000000	0.024260	0.961215	0.014525	0.000000	0.000000	0.000000
338	0.000000	0.000000	0.000000	0.024360	0.961068	0.014572	0.000000	0.000000	0.000000
339	0.000000	0.000000	0.000000	0.024397	0.961083	0.014520	0.000000	0.000000	0.000000
340	0.000000	0.000000	0.000000	0.024496	0.960790	0.014714	0.000000	0.000000	0.000000
341	0.000000	0.000000	0.000000	0.024540	0.960668	0.014792	0.000000	0.000000	0.000000
342	0.000000	0.000000	0.000000	0.024446	0.960693	0.014861	0.000000	0.000000	0.000000
343	0.000000	0.000000	0.000000	0.024464	0.960740	0.014796	0.000000	0.000000	0.000000
344	0.000000	0.000000	0.000000	0.024627	0.960469	0.014904	0.000000	0.000000	0.000000
345	0.000000	0.000000	0.000000	0.024665	0.960450	0.014885	0.000000	0.000000	0.000000
346	0.000000	0.000000	0.000000	0.024569	0.960565	0.014866	0.000000	0.000000	0.000000
347	0.000000	0.000000	0.000000	0.024683	0.960356	0.014961	0.000000	0.000000	0.000000
348	0.000000	0.000000	0.000000	0.024879	0.960305	0.014816	0.000000	0.000000	0.000000
349	0.000000	0.000000	0.000000	0.024849	0.960220	0.014931	0.000000	0.000000	0.000000
350	0.000000	0.000000	0.000000	0.024960	0.960181	0.014859	0.000000	0.000000	0.000000
351	0.000000	0.000000	0.000000	0.025137	0.960102	0.014761	0.000000	0.000000	0.000000
352	0.000000	0.000000	0.000000	0.025192	0.959927	0.014881	0.000000	0.000000	0.000000
353	0.000000	0.000000	0.000000	0.025177	0.959829	0.014994	0.000000	0.000000	0.000000
354	0.000000	0.000000	0.000000	0.025166	0.959872	0.014962	0.000000	0.000000	0.000000
355	0.000000	0.000000	0.000000	0.025166	0.959819	0.015015	0.000000	0.000000	0.000000
356	0.000000	0.000000	0.000000	0.025356	0.959656	0.014988	0.000000	0.000000	0.000000
357	0.000000	0.000000	0.000000	0.025274	0.959665	0.015061	0.000000	0.000000	0.000000
358	0.000000	0.000000	0.000000	0.025375	0.959503	0.015122	0.000000	0.000000	0.000000
359	0.000000	0.000000	0.000000	0.025467	0.959523	0.015010	0.000000	0.000000	0.000000
360	0.000000	0.000000	0.000000	0.025602	0.959356	0.015042	0.000000	0.000000	0.000000
361	0.000000	0.000000	0.000000	0.025739	0.959239	0.015022	0.000000	0.000000	0.000000
362	0.000000	0.000000	0.000000	0.025621	0.959264	0.015115	0.000000	0.000000	0.000000
363	0.000000	0.000000	0.000000	0.025870	0.959062	0.015068	0.000000	0.000000	0.000000
364	0.000000	0.000000	0.000000	0.025727	0.959148	0.015125	0.000000	0.000000	0.000000
365	0.000000	0.000000	0.000000	0.025939	0.958934	0.015127	0.000000	0.000000	0.000000
366	0.000000	0.000000	0.000000	0.026158	0.958629	0.015213	0.000000	0.000000	0.000000
367	0.000000	0.000000	0.000000	0.026047	0.958864	0.015089	0.000000	0.000000	0.000000
368	0.000000	0.000000	0.000000	0.025847	0.959033	0.015120	0.000000	0.000000	0.000000
369	0.000000	0.000000	0.000000	0.025753	0.959139	0.015108	0.000000	0.000000	0.000000
370	0.000000	0.000000	0.000000	0.025766	0.959263	0.014971	0.000000	0.000000	0.000000
371	0.000000	0.000000	0.000000	0.025653	0.959346	0.015001	0.000000	0.000000	0.000000
372	0.000000	0.000000	0.000000	0.025663	0.959366	0.014971	0.000000	0.000000	0.000000
373	0.000000	0.000000	0.000000	0.025662	0.959154	0.015184	0.000000	0.000000	0.000000
374	0.000000	0.000000	0.000000	0.025617	0.959143	0.015240	0.000000	0.000000	0.000000
375	0.000000	0.000000	0.000000	0.025456	0.959334	0.015210	0.000000	0.000000	0.000000
376	0.000000	0.000000	0.000000	0.025444	0.959360	0.015196	0.000000	0.000000	0.000000
377	0.000000	0.000000	0.000000	0.025373	0.959399	0.015228	0.000000	0.000000	0.000000
378	0.000000	0.000000	0.000000	0.025412	0.959446	0.015142	0.000000	0.000000	0.000000
379	0.000000	0.000000	0.000000	0.025508	0.959422	0.015070	0.000000	0.000000	0.000000
380	0.000000	0.000000	0.000000	0.025696	0.959169	0.015135	0.000000	0.000000	0.000000
381	0.000000	0.000000	0.000000	0.025626	0.959190	0.015184	0.000000	0.000000	0.000000
382	0.000000	0.000000	0.000000	0.025673	0.959104	0.015223	0.000000	0.000000	0.000000
383	0.000000	0.000000	0.000000	0.025592	0.959181	0.015227	0.000000	0.000000	0.000000
384	0.000000	0.000000	0.000000	0.025546	0.959170	0.015284	0.000000	0.000000	0.000000
385	0.000000	0.000000	0.000000	0.025606	0.958965	0.015429	0.000000	0.000000	0.000000
386	0.000000	0.000000	0.000000	0.025616	0.958948	0.015436	0.000000	0.000000	0.000000
387	0.000000	0.000000	0.000000	0.025718	0.958908	0.015374	0.000000	0.000000	0.000000
388	0.000000	0.000000	0.000000	0.025794	0.958717	0.015489	0.000000	0.000000	0.000000
389	0.000000	0.000000	0.000000	0.025635	0.958924	0.015441	0.000000	0.000000	0.000000
390	0.000000	0.000000	0.000000	0.025568	0.958933	0.015499	0.000000	0.000000	0.000000
391	0.000000	0.000000	0.000000	0.025497	0.959059	0.015444	0.000000	0.000000	0.000000
392	0.000000	0.000000	0.000000	0.025497	0.959084	0.015419	0.000000	0.000000	0.000000
393	0.000000	0.000000	0.000000	0.025510	0.958984	0.015506	0.000000	0.000000	0.000000
394	0.000000	0.000000	0.000000	0.025372	0.959169	0.015459	0.000000	0.000000	0.000000
395	0.000000	0.000000	0.000000	0.025337	0.959324	0.015339	0.000000	0.000000	0.000000
396	0.000000	0.000000	0.000000	0.025136	0.959612	0.015252	0.000000	0.000000	0.000000
397	0.000000	0.000000	0.000000	0.025049	0.959669	0.015282	0.000000	0.000000	0.000000
398	0.000000	0.000000	0.000000	0.025342	0.959417	0.015241	0.000000	0.000000	0.000000
399	0.000000	0.000000	0.000000	0.025131	0.959637	0.015232	0.000000	0.000000	0.000000
400	0.000000	0.000000	0.000000	0.025248	0.959405	0.015347	0.000000	0.000000	0.000000
401	0.000000	0.000000	0.000000	0.025379	0.959374	0.015247	0.000000	0.000000	0.000000
402	0.000000	0.000000	0.000000	0.025513	0.959311	0.015176	0.000000	0.000000	0.000000
403	0.000000	0.000000	0.000000	0.025622	0.959004	0.015374	0.000000	0.000000	0.000000
404	0.000000	0.000000	0.000000	0.025565	0.959031	0.015404	0.000000	0.000000	0.000000
405	0.000000	0.000000	0.000000	0.025524	0.959011	0.015465	0.000000	0.000000	0.000000
406	0.000000	0.000000	0.000000	0.025759	0.958828	0.015413	0.000000	0.000000	0.000000
407	0.000000	0.000000	0.000000	0.025777	0.958849	0.015374	0.000000	0.000000	0.000000
408	0.000000	0.000000	0.000000	0.025899	0.958618	0.015483	0.000000	0.000000	0.000000
409	0.000000	0.000000	0.000000	0.025645	0.958919	0.015436	0.000000	0.000000	0.000000
410	0.000000	0.000000	0.000000	0.025921	0.958685	0.015394	0.000000	0.000000	0.000000
411	0.000000	0.000000	0.000000	0.025947	0.958680	0.015373	0.000000	0.000000	0.000000
412	0.000000	0.000000	0.000000	0.025883	0.958552	0.015565	0.000000	0.000000	0.000000
413	0.000000	0.000000	0.000000	0.025911	0.958568	0.015521	0.000000	0.000000	0.000000
414	0.000000	0.000000	0.000000	0.025878	0.958696	0.015426	0.000000	0.000000	0.000000
415	0.000000	0.000000	0.000000	0.025966	0.958703	0.015331	0.000000	0.000000	0.000000
416	0.000000	0.000000	0.000000	0.025823	0.958665	0.015512	0.000000	0.000000	0.000000
417	0.000000	0.000000	0.000000	0.025773	0.958809	0.015418	0.000000	0.000000	0.000000
418	0.000000	0.000000	0.000000	0.025913	0.958690	0.015397	0.000000	0.000000	0.000000
419	0.000000	0.000000	0.000000	0.025973	0.958764	0.015263	0.000000	0.000000	0.000000
420	0.000000	0.000000	0.000000	0.025772	0.958880	0.015348	0.000000	0.000000	0.000000
421	0.000000	0.000000	0.000000	0.025879	0.958711	0.015410	0.000000	0.000000	0.000000
422	0.000000	0.000000	0.000000	0.025860	0.959012	0.015128	0.000000	0.000000	0.000000
423	0.000000	0.000000	0.000000	0.025903	0.958916	0.015181	0.000000	0.000000	0.000000
424	0.000000	0.000000	0.000000	0.026083	0.958619	0.015298	0.000000	0.000000	0.000000
425	0.000000	0.000000	0.000000	0.026025	0.958699	0.015276	0.000000	0.000000	0.000000
426	0.000000	0.000000	0.000000	0.026102	0.958404	0.015494	0.000000	0.000000	0.000000
427	0.000000	0.000000	0.000000	0.025986	0.958588	0.015426	0.000000	0.000000	0.000000
428	0.000000	0.000000	0.000000	0.025810	0.958716	0.015474	0.000000	0.000000	0.000000
429	0.000000	0.000000	0.000000	0.025591	0.958942	0.015467	0.000000	0.000000	0.000000
430	0.000000	0.000000	0.000000	0.025811	0.958922	0.015267	0.000000	0.000000	0.000000
431	0.000000	0.000000	0.000000	0.025752	0.959065	0.015183	0.000000	0.000000	0.000000
432	0.000000	0.000000	0.000000	0.025716	0.959269	0.015015	0.000000	0.000000	0.000000
433	0.000000	0.000000	0.000000	0.025592	0.959378	0.015030	0.000000	0.000000	0.000000
434	0.000000	0.000000	0.000000	0.025698	0.959216	0.015086	0.000000	0.000000	0.000000
435	0.000000	0.000000	0.000000	0.025699	0.959375	0.014926	0.000000	0.000000	0.000000
436	0.000000	0.000000	0.000000	0.025427	0.959529	0.015044	0.000000	0.000000	0.000000
437	0.000000	0.000000	0.000000	0.025474	0.959350	0.015176	0.000000	0.000000	0.000000
438	0.000000	0.000000	0.000000	0.025433	0.959466	0.015101	0.000000	0.000000	0.000000
439	0.000000	0.000000	0.000000	0.025373	0.959607	0.015020	0.000000	0.000000	0.000000
440	0.000000	0.000000	0.000000	0.025302	0.959726	0.014972	0.000000	0.000000	0.000000
441	0.000000	0.000000	0.000000	0.025373	0.959685	0.014942	0.000000	0.000000	0.000000
442	0.000000	0.000000	0.000000	0.025444	0.959562	0.014994	0.000000	0.000000	0.000000
443	0.000000	0.000000	0.000000	0.025527	0.959491	0.014982	0.000000	0.000000	0.000000
444	0.000000	0.000000	0.000000	0.025462	0.959557	0.014981	0.000000	0.000000	0.000000
445	0.000000	0.000000	0.000000	0.025606	0.959362	0.015032	0.000000	0.000000	0.000000
446	0.000000	0.000000	0.000000	0.025755	0.959214	0.015031	0.000000	0.000000	0.000000
447	0.000000	0.000000	0.000000	0.025847	0.959217	0.014936	0.000000	0.000000	0.000000
448	0.000000	0.000000	0.000000	0.025971	0.958974	0.015055	0.000000	0.000000	0.000000
449	0.000000	0.000000	0.000000	0.025927	0.958952	0.015121	0.000000	0.000000	0.000000
450	0.000000	0.000000	0.000000	0.025805	0.959179	0.015016	0.000000	0.000000	0.000000
451	0.000000	0.000000	0.000000	0.025950	0.958828	0.015222	0.000000	0.000000	0.000000
452	0.000000	0.000000	0.000000	0.025934	0.958923	0.015143	0.000000	0.000000	0.000000
453	0.000000	0.000000	0.000000	0.026036	0.958764	0.015200	0.000000	0.000000	0.000000
454	0.000000	0.000000	0.000000	0.026102	0.958702	0.015196	0.000000	0.000000	0.000000
455	0.000000	0.000000	0.000000	0.025858	0.958845	0.015297	0.000000	0.000000	0.000000
456	0.000000	0.000000	0.000000	0.026064	0.958575	0.015361	0.000000	0.000000	0.000000
457	0.000000	0.000000	0.000000	0.025984	0.958543	0.015473	0.000000	0.000000	0.000000
458	0.000000	0.000000	0.000000	0.025889	0.958683	0.015428	0.000000	0.000000	0.000000
459	0.000000	0.000000	0.000000	0.025820	0.958689	0.015491	0.000000	0.000000	0.000000
460	0.000000	0.000000	0.000000	0.025842	0.958636	0.015522	0.000000	0.000000	0.000000
461	0.000000	0.000000	0.000000	0.025595	0.958963	0.015442	0.000000	0.000000	0.000000
462	0.000000	0.000000	0.000000	0.025705	0.958764	0.015531	0.000000	0.000000	0.000000
463	0.000000	0.000000	0.000000	0.025661	0.958792	0.015547	0.000000	0.000000	0.000000
464	0.000000	0.000000	0.000000	0.025705	0.958877	0.015418	0.000000	0.000000	0.000000
465	0.000000	0.000000	0.000000	0.025843	0.958690	0.015467	0.000000	0.000000	0.000000
466	0.000000	0.000000	0.000000	0.025712	0.958907	0.015381	0.000000	0.000000	0.000000
467	0.000000	0.000000	0.000000	0.025758	0.958841	0.015401	0.000000	0.000000	0.000000
468	0.000000	0.000000	0.000000	0.025651	0.959037	0.015312	0.000000	0.000000	0.000000
469	0.000000	0.000000	0.000000	0.025580	0.958879	0.015541	0.000000	0.000000	0.000000
470	0.000000	0.000000	0.000000	0.025638	0.959011	0.015351	0.000000	0.000000	0.000000
