0	0.290663	0.057897	0.229473	0.157588	0.029913	0.111872	0.085455	0.012259	0.024880
1	0.238976	0.049281	0.206188	0.131661	0.026954	0.113835	0.119454	0.023333	0.090318
2	0.244997	0.050655	0.210365	0.119764	0.025631	0.104971	0.120002	0.023554	0.100061
3	0.257518	0.052319	0.216302	0.109072	0.024269	0.094867	0.117675	0.023144	0.104834
4	0.271511	0.054262	0.221183	0.099843	0.023093	0.085879	0.113644	0.022146	0.108439
5	0.285530	0.056376	0.225964	0.091284	0.022071	0.076949	0.109208	0.021300	0.111318
6	0.298632	0.058161	0.230703	0.083118	0.020905	0.069189	0.105107	0.020423	0.113762
7	0.312558	0.059453	0.233694	0.076014	0.020217	0.061965	0.100622	0.019472	0.116005
8	0.326032	0.060902	0.236397	0.069241	0.019326	0.055570	0.096099	0.018305	0.118128
9	0.338964	0.062351	0.239115	0.062844	0.018506	0.049627	0.091552	0.017229	0.119812
10	0.352159	0.064034	0.241275	0.056692	0.017594	0.044322	0.086496	0.016015	0.121413
11	0.364157	0.065197	0.242056	0.051637	0.016947	0.039566	0.082100	0.015303	0.123037
12	0.376395	0.066645	0.242572	0.046756	0.016424	0.035032	0.077691	0.014334	0.124151
13	0.387793	0.068116	0.243265	0.042239	0.015798	0.030914	0.073087	0.013703	0.125085
14	0.399403	0.069080	0.243076	0.037828	0.015162	0.027239	0.069095	0.013006	0.126111
15	0.409646	0.070318	0.242875	0.034041	0.014677	0.024238	0.065481	0.012173	0.126551
16	0.419301	0.071386	0.242376	0.030653	0.014305	0.021355	0.061774	0.011514	0.127336
17	0.429750	0.072423	0.241510	0.027624	0.013635	0.018767	0.057810	0.010814	0.127667
18	0.438690	0.073501	0.240564	0.024756	0.013238	0.016635	0.054098	0.010217	0.128301
19	0.447619	0.074395	0.239629	0.022303	0.012649	0.014622	0.050633	0.009563	0.128587
20	0.455982	0.075572	0.238114	0.019965	0.012168	0.013013	0.047534	0.008886	0.128766
21	0.464268	0.076303	0.236083	0.017744	0.011571	0.011537	0.044893	0.008415	0.129186
22	0.471990	0.076815	0.234872	0.016087	0.011146	0.010198	0.042284	0.007813	0.128795
23	0.479674	0.077885	0.232476	0.014317	0.010669	0.008785	0.039800	0.007249	0.129145
24	0.486805	0.078476	0.231018	0.012796	0.010023	0.007645	0.037427	0.006936	0.128874
25	0.493676	0.079205	0.229051	0.011540	0.009767	0.006676	0.035051	0.006466	0.128568
26	0.500294	0.079689	0.227722	0.010329	0.009367	0.005854	0.032986	0.005950	0.127809
27	0.507080	0.080410	0.225512	0.009225	0.008884	0.005134	0.030857	0.005605	0.127293
28	0.513130	0.080966	0.223333	0.008245	0.008609	0.004456	0.029175	0.005290	0.126796
29	0.518849	0.081837	0.220705	0.007449	0.008297	0.003853	0.027420	0.004927	0.126663
30	0.524796	0.082279	0.218141	0.006699	0.007968	0.003465	0.025804	0.004700	0.126148
31	0.529960	0.083280	0.216175	0.005951	0.007558	0.003029	0.024334	0.004404	0.125309
32	0.535505	0.083439	0.214122	0.005433	0.007348	0.002755	0.022760	0.004171	0.124467
33	0.540692	0.084223	0.211730	0.004818	0.007064	0.002409	0.021065	0.003900	0.124099
34	0.545256	0.084750	0.209886	0.004383	0.006764	0.002118	0.019776	0.003561	0.123506
35	0.549850	0.085051	0.207643	0.003923	0.006660	0.001908	0.018859	0.003421	0.122685
36	0.554634	0.085127	0.205262	0.003490	0.006442	0.001636	0.017580	0.003278	0.122551
37	0.558354	0.085811	0.203395	0.003235	0.006193	0.001446	0.016606	0.003088	0.121872
38	0.562935	0.086207	0.200791	0.002916	0.005998	0.001318	0.015855	0.002888	0.121092
39	0.566983	0.086675	0.198440	0.002633	0.005740	0.001194	0.014710	0.002639	0.120986
40	0.571679	0.086955	0.195973	0.002425	0.005659	0.001057	0.013824	0.002533	0.119895
41	0.575737	0.087418	0.193437	0.002175	0.005367	0.000985	0.013015	0.002304	0.119562
42	0.579719	0.087801	0.191233	0.001985	0.005273	0.000882	0.012176	0.002182	0.118749
43	0.583038	0.088476	0.189341	0.001794	0.005112	0.000816	0.011473	0.002054	0.117896
44	0.587263	0.088793	0.186772	0.001700	0.004966	0.000739	0.010774	0.001900	0.117093
45	0.590096	0.089117	0.185364	0.001546	0.004838	0.000686	0.010082	0.001749	0.116522
46	0.594488	0.089411	0.182929	0.001358	0.004684	0.000588	0.009514	0.001651	0.115377
47	0.598175	0.089792	0.180626	0.001165	0.004527	0.000547	0.008967	0.001515	0.114686
48	0.602004	0.090123	0.178722	0.001106	0.004337	0.000498	0.008182	0.001439	0.113589
49	0.605628	0.090437	0.177002	0.001018	0.004196	0.000481	0.007654	0.001364	0.112220
50	0.608155	0.090686	0.175510	0.000944	0.004056	0.000442	0.007184	0.001241	0.111782
51	0.611071	0.090995	0.174271	0.000843	0.004036	0.000396	0.006632	0.001160	0.110596
52	0.614661	0.091422	0.172251	0.000740	0.003875	0.000326	0.006348	0.001096	0.109281
53	0.617991	0.091378	0.170707	0.000687	0.003751	0.000319	0.005939	0.001013	0.108215
54	0.621146	0.091731	0.168906	0.000667	0.003723	0.000293	0.005600	0.000952	0.106982
55	0.624328	0.091842	0.167582	0.000582	0.003578	0.000260	0.005242	0.000901	0.105685
56	0.626992	0.092239	0.165840	0.000560	0.003557	0.000217	0.004983	0.000842	0.104770
57	0.629998	0.092689	0.164002	0.000499	0.003518	0.000181	0.004664	0.000789	0.103660
58	0.632996	0.092791	0.162524	0.000465	0.003384	0.000158	0.004299	0.000750	0.102633
59	0.635776	0.093086	0.161251	0.000471	0.003274	0.000140	0.004082	0.000741	0.101179
60	0.638586	0.093290	0.159939	0.000430	0.003187	0.000141	0.003808	0.000676	0.099943
61	0.640327	0.094024	0.158947	0.000369	0.003062	0.000134	0.003659	0.000625	0.098853
62	0.644216	0.093583	0.157262	0.000332	0.003007	0.000126	0.003427	0.000611	0.097436
63	0.646711	0.093936	0.155826	0.000337	0.002890	0.000101	0.003187	0.000583	0.096429
64	0.649514	0.094244	0.154184	0.000305	0.002798	0.000099	0.002986	0.000536	0.095334
65	0.652958	0.094686	0.152188	0.000232	0.002687	0.000057	0.002841	0.000482	0.093869
66	0.655766	0.095032	0.150670	0.000249	0.002603	0.000054	0.002650	0.000436	0.092540
67	0.658810	0.095087	0.149059	0.000255	0.002543	0.000053	0.002488	0.000418	0.091287
68	0.661498	0.095105	0.147857	0.000235	0.002445	0.000050	0.002319	0.000373	0.090118
69	0.664356	0.095184	0.146306	0.000222	0.002362	0.000042	0.002138	0.000339	0.089051
70	0.666480	0.095530	0.145312	0.000188	0.002300	0.000038	0.001988	0.000337	0.087827
71	0.668867	0.095846	0.144128	0.000200	0.002263	0.000037	0.001845	0.000324	0.086490
72	0.671757	0.095650	0.142913	0.000173	0.002177	0.000033	0.001694	0.000298	0.085305
73	0.673710	0.095928	0.142042	0.000156	0.002154	0.000031	0.001605	0.000285	0.084089
74	0.676193	0.095987	0.140902	0.000175	0.002088	0.000028	0.001432	0.000247	0.082948
75	0.678387	0.095905	0.140482	0.000159	0.002030	0.000030	0.001382	0.000233	0.081392
76	0.680917	0.095945	0.139332	0.000136	0.002032	0.000025	0.001223	0.000230	0.080160
77	0.682211	0.096716	0.138694	0.000131	0.001920	0.000019	0.001199	0.000206	0.078904
78	0.684320	0.097332	0.137372	0.000117	0.001934	0.000016	0.001088	0.000198	0.077623
79	0.686824	0.097408	0.136313	0.000110	0.001880	0.000017	0.001059	0.000212	0.076177
80	0.688665	0.097743	0.135686	0.000089	0.001843	0.000021	0.000990	0.000195	0.074768
81	0.690959	0.097789	0.134754	0.000086	0.001895	0.000016	0.000944	0.000194	0.073363
82	0.693804	0.097897	0.133393	0.000079	0.001923	0.000020	0.000846	0.000171	0.071867
83	0.695612	0.098306	0.132270	0.000086	0.001881	0.000014	0.000768	0.000158	0.070905
84	0.697760	0.098577	0.131239	0.000083	0.001851	0.000010	0.000716	0.000138	0.069626
85	0.699917	0.098785	0.130367	0.000071	0.001767	0.000011	0.000693	0.000123	0.068266
86	0.702212	0.098836	0.129367	0.000075	0.001804	0.000013	0.000630	0.000124	0.066939
87	0.704549	0.098786	0.128637	0.000082	0.001746	0.000008	0.000582	0.000111	0.065499
88	0.706692	0.099116	0.127490	0.000082	0.001723	0.000004	0.000559	0.000101	0.064233
89	0.709148	0.099093	0.126672	0.000062	0.001699	0.000005	0.000496	0.000101	0.062724
90	0.710377	0.099690	0.125810	0.000061	0.001737	0.000003	0.000477	0.000099	0.061746
91	0.712540	0.099932	0.124867	0.000070	0.001669	0.000003	0.000438	0.000096	0.060385
92	0.714445	0.099716	0.124480	0.000067	0.001671	0.000006	0.000388	0.000081	0.059146
93	0.716984	0.099742	0.123468	0.000049	0.001601	0.000004	0.000372	0.000089	0.057691
94	0.719137	0.099483	0.122823	0.000051	0.001589	0.000008	0.000331	0.000073	0.056505
95	0.720970	0.099772	0.121755	0.000040	0.001572	0.000005	0.000326	0.000069	0.055491
96	0.723264	0.099330	0.120982	0.000044	0.001530	0.000008	0.000322	0.000055	0.054465
97	0.724954	0.099898	0.120399	0.000043	0.001501	0.000007	0.000281	0.000041	0.052876
98	0.726334	0.100272	0.119741	0.000038	0.001479	0.000006	0.000275	0.000044	0.051811
99	0.728254	0.100440	0.118887	0.000036	0.001453	0.000005	0.000272	0.000050	0.050603
100	0.729469	0.100555	0.118735	0.000028	0.001449	0.000007	0.000257	0.000039	0.049461
101	0.731243	0.100212	0.118333	0.000027	0.001473	0.000005	0.000254	0.000037	0.048416
102	0.733120	0.100210	0.117827	0.000024	0.001415	0.000006	0.000224	0.000030	0.047144
103	0.734079	0.100664	0.117265	0.000024	0.001425	0.000009	0.000207	0.000027	0.046300
104	0.736069	0.100810	0.116095	0.000019	0.001400	0.000007	0.000192	0.000024	0.045384
105	0.737861	0.100480	0.115498	0.000022	0.001387	0.000006	0.000187	0.000022	0.044537
106	0.739469	0.100396	0.115172	0.000023	0.001389	0.000005	0.000181	0.000016	0.043349
107	0.741123	0.100434	0.114433	0.000021	0.001381	0.000007	0.000164	0.000010	0.042427
108	0.741767	0.100510	0.114465	0.000025	0.001382	0.000004	0.000161	0.000015	0.041671
109	0.743280	0.100385	0.113892	0.000025	0.001408	0.000006	0.000155	0.000018	0.040831
110	0.744784	0.100411	0.113153	0.000020	0.001388	0.000001	0.000155	0.000011	0.040077
111	0.745910	0.100412	0.112933	0.000022	0.001345	0.000002	0.000128	0.000007	0.039241
112	0.746889	0.100761	0.112648	0.000019	0.001311	0.000003	0.000131	0.000010	0.038228
113	0.748582	0.100858	0.112044	0.000018	0.001281	0.000002	0.000112	0.000004	0.037099
114	0.749680	0.100743	0.111824	0.000020	0.001240	0.000004	0.000123	0.000000	0.036366
115	0.750792	0.100760	0.111437	0.000015	0.001223	0.000004	0.000129	0.000000	0.035640
116	0.752089	0.100839	0.110779	0.000020	0.001175	0.000003	0.000127	0.000000	0.034968
117	0.753282	0.100639	0.110759	0.000008	0.001202	0.000001	0.000105	0.000000	0.034004
118	0.754119	0.100798	0.110665	0.000018	0.001199	0.000000	0.000102	0.000000	0.033099
119	0.755427	0.100796	0.109943	0.000014	0.001229	0.000002	0.000098	0.000000	0.032491
120	0.757007	0.100521	0.109833	0.000008	0.001155	0.000001	0.000081	0.000000	0.031394
121	0.758006	0.100554	0.109649	0.000009	0.001176	0.000001	0.000070	0.000000	0.030535
122	0.758972	0.100512	0.109389	0.000008	0.001162	0.000001	0.000067	0.000000	0.029889
123	0.760456	0.100464	0.108840	0.000007	0.001180	0.000000	0.000066	0.000000	0.028987
124	0.761606	0.100488	0.108439	0.000009	0.001164	0.000000	0.000053	0.000000	0.028241
125	0.761881	0.100904	0.108468	0.000010	0.001140	0.000000	0.000045	0.000000	0.027552
126	0.763244	0.100702	0.107672	0.000010	0.001167	0.000000	0.000033	0.000000	0.027172
127	0.763546	0.101022	0.107659	0.000008	0.001133	0.000000	0.000040	0.000000	0.026592
128	0.764761	0.101083	0.107090	0.000005	0.001113	0.000000	0.000035	0.000000	0.025913
129	0.765404	0.101521	0.106776	0.000003	0.001066	0.000000	0.000032	0.000000	0.025198
130	0.765943	0.101501	0.106836	0.000006	0.001067	0.000000	0.000032	0.000000	0.024615
131	0.767058	0.101589	0.106344	0.000008	0.001018	0.000000	0.000028	0.000000	0.023955
132	0.767759	0.102038	0.105796	0.000006	0.000979	0.000000	0.000024	0.000000	0.023398
133	0.768389	0.102242	0.105420	0.000005	0.000975	0.000000	0.000024	0.000000	0.022945
134	0.770092	0.102057	0.104627	0.000004	0.000968	0.000000	0.000021	0.000000	0.022231
135	0.770735	0.101819	0.104792	0.000002	0.000916	0.000000	0.000015	0.000000	0.021721
136	0.772124	0.101528	0.104314	0.000007	0.000893	0.000000	0.000022	0.000000	0.021112
137	0.773039	0.101718	0.103670	0.000004	0.000857	0.000000	0.000019	0.000000	0.020693
138	0.774037	0.101464	0.103607	0.000007	0.000798	0.000000	0.000019	0.000000	0.020068
139	0.774753	0.101493	0.103414	0.000003	0.000819	0.000000	0.000019	0.000000	0.019499
140	0.775657	0.101784	0.102823	0.000003	0.000762	0.000000	0.000020	0.000000	0.018951
141	0.776169	0.101730	0.102791	0.000004	0.000729	0.000000	0.000013	0.000000	0.018564
142	0.777395	0.101477	0.102253	0.000005	0.000743	0.000000	0.000009	0.000000	0.018118
143	0.777815	0.101544	0.102355	0.000001	0.000699	0.000000	0.000010	0.000000	0.017576
144	0.778461	0.101607	0.101954	0.000000	0.000725	0.000000	0.000007	0.000000	0.017246
145	0.778834	0.101688	0.101890	0.000000	0.000710	0.000000	0.000008	0.000000	0.016870
146	0.779219	0.101923	0.101681	0.000000	0.000670	0.000000	0.000009	0.000000	0.016498
147	0.779181	0.102111	0.101756	0.000000	0.000693	0.000000	0.000010	0.000000	0.016249
148	0.779224	0.102600	0.101759	0.000000	0.000685	0.000000	0.000007	0.000000	0.015725
149	0.779966	0.102134	0.101866	0.000000	0.000665	0.000000	0.000007	0.000000	0.015362
150	0.780488	0.102330	0.101661	0.000000	0.000652	0.000000	0.000010	0.000000	0.014859
151	0.781049	0.102515	0.101312	0.000000	0.000637	0.000000	0.000009	0.000000	0.014478
152	0.780827	0.102748	0.101588	0.000000	0.000659	0.000000	0.000007	0.000000	0.014171
153	0.781305	0.103187	0.101039	0.000000	0.000635	0.000000	0.000009	0.000000	0.013825
154	0.781488	0.103270	0.101138	0.000000	0.000613	0.000000	0.000005	0.000000	0.013486
155	0.782262	0.103220	0.100596	0.000000	0.000621	0.000000	0.000009	0.000000	0.013292
156	0.782441	0.103571	0.100350	0.000000	0.000595	0.000000	0.000008	0.000000	0.013035
157	0.783229	0.103235	0.100169	0.000000	0.000598	0.000000	0.000009	0.000000	0.012760
158	0.783601	0.102994	0.100366	0.000000	0.000593	0.000000	0.000009	0.000000	0.012437
159	0.784069	0.102958	0.100248	0.000000	0.000581	0.000000	0.000004	0.000000	0.012140
160	0.784715	0.103028	0.099964	0.000000	0.000548	0.000000	0.000003	0.000000	0.011742
161	0.785013	0.103145	0.099797	0.000000	0.000553	0.000000	0.000003	0.000000	0.011489
162	0.785157	0.103249	0.099688	0.000000	0.000566	0.000000	0.000002	0.000000	0.011338
163	0.785212	0.103440	0.099729	0.000000	0.000500	0.000000	0.000000	0.000000	0.011119
164	0.785470	0.103610	0.099598	0.000000	0.000480	0.000000	0.000001	0.000000	0.010841
165	0.785906	0.103359	0.099590	0.000000	0.000466	0.000000	0.000001	0.000000	0.010678
166	0.786439	0.103160	0.099537	0.000000	0.000459	0.000000	0.000000	0.000000	0.010405
167	0.786805	0.103122	0.099427	0.000000	0.000436	0.000000	0.000000	0.000000	0.010210
168	0.787222	0.103138	0.099066	0.000000	0.000462	0.000000	0.000000	0.000000	0.010112
169	0.787092	0.103404	0.099109	0.000000	0.000443	0.000000	0.000000	0.000000	0.009952
170	0.787288	0.103136	0.099263	0.000000	0.000448	0.000000	0.000000	0.000000	0.009865
171	0.788098	0.102904	0.098773	0.000000	0.000423	0.000000	0.000000	0.000000	0.009802
172	0.788009	0.103095	0.098963	0.000000	0.000420	0.000000	0.000000	0.000000	0.009513
173	0.788402	0.102857	0.099132	0.000000	0.000420	0.000000	0.000000	0.000000	0.009189
174	0.788175	0.103290	0.098863	0.000000	0.000389	0.000000	0.000000	0.000000	0.009283
175	0.788073	0.103413	0.098977	0.000000	0.000391	0.000000	0.000000	0.000000	0.009146
176	0.788511	0.103793	0.098327	0.000000	0.000397	0.000000	0.000000	0.000000	0.008972
177	0.788219	0.104146	0.098434	0.000000	0.000418	0.000000	0.000000	0.000000	0.008783
178	0.788535	0.104282	0.098211	0.000000	0.000394	0.000000	0.000000	0.000000	0.008578
179	0.789690	0.103754	0.097764	0.000000	0.000346	0.000000	0.000000	0.000000	0.008446
180	0.790306	0.103404	0.097718	0.000000	0.000344	0.000000	0.000000	0.000000	0.008228
181	0.790643	0.103454	0.097478	0.000000	0.000346	0.000000	0.000000	0.000000	0.008079
182	0.791246	0.103396	0.097071	0.000000	0.000336	0.000000	0.000000	0.000000	0.007951
183	0.791435	0.103500	0.097003	0.000000	0.000354	0.000000	0.000000	0.000000	0.007708
184	0.791376	0.103864	0.096765	0.000000	0.000362	0.000000	0.000000	0.000000	0.007633
185	0.792146	0.103449	0.096595	0.000000	0.000343	0.000000	0.000000	0.000000	0.007467
186	0.791745	0.103796	0.096904	0.000000	0.000335	0.000000	0.000000	0.000000	0.007220
187	0.791739	0.104048	0.096918	0.000000	0.000334	0.000000	0.000000	0.000000	0.006961
188	0.792040	0.103512	0.097251	0.000000	0.000339	0.000000	0.000000	0.000000	0.006858
189	0.792182	0.103717	0.097135	0.000000	0.000334	0.000000	0.000000	0.000000	0.006632
190	0.792449	0.103709	0.096962	0.000000	0.000346	0.000000	0.000000	0.000000	0.006534
191	0.792622	0.103717	0.096927	0.000000	0.000329	0.000000	0.000000	0.000000	0.006405
192	0.792624	0.103886	0.096880	0.000000	0.000344	0.000000	0.000000	0.000000	0.006266
193	0.792935	0.103731	0.096881	0.000000	0.000337	0.000000	0.000000	0.000000	0.006116
194	0.793516	0.103403	0.096740	0.000000	0.000333	0.000000	0.000000	0.000000	0.006008
195	0.794312	0.102871	0.096635	0.000000	0.000309	0.000000	0.000000	0.000000	0.005873
196	0.794835	0.102990	0.096092	0.000000	0.000322	0.000000	0.000000	0.000000	0.005761
197	0.795234	0.102845	0.095992	0.000000	0.000311	0.000000	0.000000	0.000000	0.005618
198	0.795681	0.102700	0.095880	0.000000	0.000311	0.000000	0.000000	0.000000	0.005428
199	0.796151	0.102481	0.095821	0.000000	0.000299	0.000000	0.000000	0.000000	0.005248
200	0.796663	0.102429	0.095428	0.000000	0.000278	0.000000	0.000000	0.000000	0.005202
201	0.796616	0.102768	0.095250	0.000000	0.000269	0.000000	0.000000	0.000000	0.005097
202	0.796403	0.102709	0.095626	0.000000	0.000268	0.000000	0.000000	0.000000	0.004994
203	0.797021	0.102703	0.095180	0.000000	0.000262	0.000000	0.000000	0.000000	0.004834
204	0.797550	0.102502	0.095022	0.000000	0.000255	0.000000	0.000000	0.000000	0.004671
205	0.797596	0.102644	0.094788	0.000000	0.000252	0.000000	0.000000	0.000000	0.004720
206	0.798051	0.102522	0.094641	0.000000	0.000253	0.000000	0.000000	0.000000	0.004533
207	0.797577	0.102785	0.094958	0.000000	0.000259	0.000000	0.000000	0.000000	0.004421
208	0.797538	0.102651	0.095245	0.000000	0.000240	0.000000	0.000000	0.000000	0.004326
209	0.797613	0.102373	0.095622	0.000000	0.000244	0.000000	0.000000	0.000000	0.004148
210	0.797751	0.102582	0.095452	0.000000	0.000237	0.000000	0.000000	0.000000	0.003978
211	0.797974	0.102279	0.095540	0.000000	0.000224	0.000000	0.000000	0.000000	0.003983
212	0.798521	0.101810	0.095643	0.000000	0.000224	0.000000	0.000000	0.000000	0.003802
213	0.798549	0.101850	0.095653	0.000000	0.000250	0.000000	0.000000	0.000000	0.003698
214	0.798874	0.101644	0.095547	0.000000	0.000236	0.000000	0.000000	0.000000	0.003699
215	0.799209	0.101751	0.095207	0.000000	0.000231	0.000000	0.000000	0.000000	0.003602
216	0.798835	0.101963	0.095425	0.000000	0.000227	0.000000	0.000000	0.000000	0.003550
217	0.799117	0.101910	0.095277	0.000000	0.000222	0.000000	0.000000	0.000000	0.003474
218	0.799507	0.101933	0.094956	0.000000	0.000224	0.000000	0.000000	0.000000	0.003380
219	0.799739	0.101918	0.094754	0.000000	0.000216	0.000000	0.000000	0.000000	0.003373
220	0.799383	0.102022	0.095012	0.000000	0.000230	0.000000	0.000000	0.000000	0.003353
221	0.799415	0.102226	0.094846	0.000000	0.000231	0.000000	0.000000	0.000000	0.003282
222	0.799840	0.102151	0.094556	0.000000	0.000217	0.000000	0.000000	0.000000	0.003236
223	0.799724	0.101969	0.094875	0.000000	0.000229	0.000000	0.000000	0.000000	0.003203
224	0.800080	0.101842	0.094697	0.000000	0.000237	0.000000	0.000000	0.000000	0.003144
225	0.799922	0.101944	0.094880	0.000000	0.000231	0.000000	0.000000	0.000000	0.003023
226	0.799861	0.101873	0.095090	0.000000	0.000222	0.000000	0.000000	0.000000	0.002954
227	0.799863	0.101828	0.095132	0.000000	0.000249	0.000000	0.000000	0.000000	0.002928
228	0.800128	0.101874	0.094921	0.000000	0.000249	0.000000	0.000000	0.000000	0.002828
229	0.800383	0.101797	0.094791	0.000000	0.000254	0.000000	0.000000	0.000000	0.002775
230	0.800577	0.101832	0.094671	0.000000	0.000246	0.000000	0.000000	0.000000	0.002674
231	0.800775	0.101647	0.094670	0.000000	0.000259	0.000000	0.000000	0.000000	0.002649
232	0.800841	0.101512	0.094868	0.000000	0.000241	0.000000	0.000000	0.000000	0.002538
233	0.800849	0.101627	0.094727	0.000000	0.000257	0.000000	0.000000	0.000000	0.002540
234	0.800861	0.101527	0.094817	0.000000	0.000242	0.000000	0.000000	0.000000	0.002553
235	0.800512	0.101603	0.095190	0.000000	0.000254	0.000000	0.000000	0.000000	0.002441
236	0.800523	0.101775	0.094944	0.000000	0.000247	0.000000	0.000000	0.000000	0.002511
237	0.800821	0.101944	0.094593	0.000000	0.000237	0.000000	0.000000	0.000000	0.002405
238	0.801329	0.101577	0.094498	0.000000	0.000216	0.000000	0.000000	0.000000	0.002380
239	0.800902	0.101758	0.094780	0.000000	0.000221	0.000000	0.000000	0.000000	0.002339
240	0.801027	0.101642	0.094727	0.000000	0.000216	0.000000	0.000000	0.000000	0.002388
241	0.801102	0.101685	0.094703	0.000000	0.000188	0.000000	0.000000	0.000000	0.002322
242	0.801346	0.101654	0.094510	0.000000	0.000199	0.000000	0.000000	0.000000	0.002291
243	0.801068	0.102095	0.094481	0.000000	0.000178	0.000000	0.000000	0.000000	0.002178
244	0.800984	0.101888	0.094809	0.000000	0.000175	0.000000	0.000000	0.000000	0.002144
245	0.800697	0.101805	0.095194	0.000000	0.000169	0.000000	0.000000	0.000000	0.002135
246	0.800126	0.102046	0.095506	0.000000	0.000169	0.000000	0.000000	0.000000	0.002153
247	0.799938	0.102373	0.095357	0.000000	0.000155	0.000000	0.000000	0.000000	0.002177
248	0.800347	0.102211	0.095181	0.000000	0.000146	0.000000	0.000000	0.000000	0.002115
249	0.800127	0.102461	0.095198	0.000000	0.000144	0.000000	0.000000	0.000000	0.002070
250	0.800102	0.102381	0.095365	0.000000	0.000148	0.000000	0.000000	0.000000	0.002004
251	0.799945	0.102492	0.095428	0.000000	0.000144	0.000000	0.000000	0.000000	0.001991
252	0.800051	0.102627	0.095230	0.000000	0.000136	0.000000	0.000000	0.000000	0.001956
253	0.799523	0.103083	0.095345	0.000000	0.000149	0.000000	0.000000	0.000000	0.001900
254	0.799634	0.103173	0.095136	0.000000	0.000162	0.000000	0.000000	0.000000	0.001895
255	0.799280	0.103470	0.095204	0.000000	0.000149	0.000000	0.000000	0.000000	0.001897
256	0.799193	0.103601	0.095201	0.000000	0.000148	0.000000	0.000000	0.000000	0.001857
257	0.799127	0.103620	0.095327	0.000000	0.000148	0.000000	0.000000	0.000000	0.001778
258	0.798632	0.103640	0.095728	0.000000	0.000167	0.000000	0.000000	0.000000	0.001833
259	0.798902	0.103563	0.095588	0.000000	0.000156	0.000000	0.000000	0.000000	0.001791
260	0.798614	0.103866	0.095602	0.000000	0.000157	0.000000	0.000000	0.000000	0.001761
261	0.798562	0.104237	0.095301	0.000000	0.000148	0.000000	0.000000	0.000000	0.001752
262	0.798965	0.104057	0.095059	0.000000	0.000142	0.000000	0.000000	0.000000	0.001777
263	0.799252	0.104069	0.094807	0.000000	0.000129	0.000000	0.000000	0.000000	0.001743
264	0.799085	0.104296	0.094828	0.000000	0.000113	0.000000	0.000000	0.000000	0.001678
265	0.799162	0.104038	0.095004	0.000000	0.000110	0.000000	0.000000	0.000000	0.001686
266	0.799213	0.104248	0.094789	0.000000	0.000122	0.000000	0.000000	0.000000	0.001628
267	0.799066	0.104193	0.095030	0.000000	0.000121	0.000000	0.000000	0.000000	0.001590
268	0.798700	0.104001	0.095626	0.000000	0.000108	0.000000	0.000000	0.000000	0.001565
269	0.798429	0.104077	0.095853	0.000000	0.000105	0.000000	0.000000	0.000000	0.001536
270	0.798571	0.103919	0.095925	0.000000	0.000101	0.000000	0.000000	0.000000	0.001484
271	0.798365	0.103986	0.096041	0.000000	0.000100	0.000000	0.000000	0.000000	0.001508
272	0.798807	0.103847	0.095740	0.000000	0.000097	0.000000	0.000000	0.000000	0.001509
273	0.799189	0.103588	0.095697	0.000000	0.000089	0.000000	0.000000	0.000000	0.001437
274	0.798941	0.103886	0.095642	0.000000	0.000089	0.000000	0.000000	0.000000	0.001442
275	0.798807	0.103853	0.095825	0.000000	0.000084	0.000000	0.000000	0.000000	0.001431
276	0.799000	0.103271	0.096181	0.000000	0.000086	0.000000	0.000000	0.000000	0.001462
277	0.799096	0.103372	0.096037	0.000000	0.000095	0.000000	0.000000	0.000000	0.001400
278	0.799036	0.103282	0.096220	0.000000	0.000089	0.000000	0.000000	0.000000	0.001373
279	0.799129	0.103242	0.096190	0.000000	0.000081	0.000000	0.000000	0.000000	0.001358
280	0.799060	0.103447	0.096134	0.000000	0.000066	0.000000	0.000000	0.000000	0.001293
281	0.798786	0.103427	0.096429	0.000000	0.000072	0.000000	0.000000	0.000000	0.001286
282	0.799424	0.103029	0.096220	0.000000	0.000084	0.000000	0.000000	0.000000	0.001243
283	0.799146	0.103058	0.096447	0.000000	0.000095	0.000000	0.000000	0.000000	0.001254
284	0.799394	0.103058	0.096201	0.000000	0.000108	0.000000	0.000000	0.000000	0.001239
285	0.799615	0.102688	0.096372	0.000000	0.000110	0.000000	0.000000	0.000000	0.001215
286	0.799598	0.102743	0.096408	0.000000	0.000101	0.000000	0.000000	0.000000	0.001150
287	0.799589	0.103129	0.096021	0.000000	0.000102	0.000000	0.000000	0.000000	0.001159
288	0.798991	0.103013	0.096747	0.000000	0.000111	0.000000	0.000000	0.000000	0.001138
289	0.799720	0.102783	0.096276	0.000000	0.000106	0.000000	0.000000	0.000000	0.001115
290	0.799921	0.102494	0.096391	0.000000	0.000103	0.000000	0.000000	0.000000	0.001091
291	0.799931	0.102532	0.096378	0.000000	0.000106	0.000000	0.000000	0.000000	0.001053
292	0.799619	0.102924	0.096319	0.000000	0.000099	0.000000	0.000000	0.000000	0.001039
293	0.800032	0.102491	0.096335	0.000000	0.000103	0.000000	0.000000	0.000000	0.001039
294	0.800156	0.102330	0.096407	0.000000	0.000101	0.000000	0.000000	0.000000	0.001006
295	0.800374	0.102304	0.096270	0.000000	0.000101	0.000000	0.000000	0.000000	0.000951
296	0.799706	0.103029	0.096222	0.000000	0.000109	0.000000	0.000000	0.000000	0.000934
297	0.799246	0.103289	0.096447	0.000000	0.000108	0.000000	0.000000	0.000000	0.000910
298	0.799678	0.103175	0.096168	0.000000	0.000107	0.000000	0.000000	0.000000	0.000872
299	0.799835	0.103053	0.096133	0.000000	0.000108	0.000000	0.000000	0.000000	0.000871
300	0.799382	0.103116	0.096519	0.000000	0.000104	0.000000	0.000000	0.000000	0.000879
301	0.799235	0.103301	0.096513	0.000000	0.000109	0.000000	0.000000	0.000000	0.000842
302	0.799033	0.103295	0.096676	0.000000	0.000110	0.000000	0.000000	0.000000	0.000886
303	0.798937	0.102903	0.097163	0.000000	0.000102	0.000000	0.000000	0.000000	0.000895
304	0.798670	0.103396	0.096945	0.000000	0.000110	0.000000	0.000000	0.000000	0.000879
305	0.798937	0.103422	0.096688	0.000000	0.000105	0.000000	0.000000	0.000000	0.000848
306	0.799380	0.102940	0.096733	0.000000	0.000113	0.000000	0.000000	0.000000	0.000834
307	0.799550	0.102999	0.096552	0.000000	0.000103	0.000000	0.000000	0.000000	0.000796
308	0.799515	0.103129	0.096452	0.000000	0.000102	0.000000	0.000000	0.000000	0.000802
309	0.799574	0.102957	0.096605	0.000000	0.000101	0.000000	0.000000	0.000000	0.000763
310	0.799734	0.102905	0.096467	0.000000	0.000108	0.000000	0.000000	0.000000	0.000786
311	0.799692	0.102752	0.096701	0.000000	0.000106	0.000000	0.000000	0.000000	0.000749
312	0.799525	0.102850	0.096786	0.000000	0.000099	0.000000	0.000000	0.000000	0.000740
313	0.799190	0.102943	0.097060	0.000000	0.000092	0.000000	0.000000	0.000000	0.000715
314	0.799467	0.102788	0.097004	0.000000	0.000090	0.000000	0.000000	0.000000	0.000651
315	0.800108	0.102206	0.096924	0.000000	0.000085	0.000000	0.000000	0.000000	0.000677
316	0.800099	0.101907	0.097219	0.000000	0.000100	0.000000	0.000000	0.000000	0.000675
317	0.800187	0.102290	0.096769	0.000000	0.000089	0.000000	0.000000	0.000000	0.000665
318	0.799717	0.102548	0.096980	0.000000	0.000080	0.000000	0.000000	0.000000	0.000675
319	0.800031	0.102294	0.096910	0.000000	0.000082	0.000000	0.000000	0.000000	0.000683
320	0.800135	0.102605	0.096539	0.000000	0.000077	0.000000	0.000000	0.000000	0.000644
321	0.800420	0.102408	0.096439	0.000000	0.000090	0.000000	0.000000	0.000000	0.000643
322	0.800584	0.102232	0.096488	0.000000	0.000083	0.000000	0.000000	0.000000	0.000613
323	0.800465	0.102451	0.096386	0.000000	0.000081	0.000000	0.000000	0.000000	0.000617
324	0.800744	0.102369	0.096224	0.000000	0.000083	0.000000	0.000000	0.000000	0.000580
325	0.801366	0.102012	0.095922	0.000000	0.000069	0.000000	0.000000	0.000000	0.000631
326	0.801169	0.102352	0.095817	0.000000	0.000077	0.000000	0.000000	0.000000	0.000585
327	0.801148	0.102767	0.095427	0.000000	0.000077	0.000000	0.000000	0.000000	0.000581
328	0.800958	0.102805	0.095586	0.000000	0.000086	0.000000	0.000000	0.000000	0.000565
329	0.800848	0.102781	0.095741	0.000000	0.000082	0.000000	0.000000	0.000000	0.000548
330	0.800865	0.102875	0.095625	0.000000	0.000071	0.000000	0.000000	0.000000	0.000564
331	0.801177	0.102422	0.095793	0.000000	0.000070	0.000000	0.000000	0.000000	0.000538
332	0.800732	0.102331	0.096361	0.000000	0.000067	0.000000	0.000000	0.000000	0.000509
333	0.800991	0.102607	0.095809	0.000000	0.000069	0.000000	0.000000	0.000000	0.000524
334	0.801697	0.101908	0.095818	0.000000	0.000058	0.000000	0.000000	0.000000	0.000519
335	0.801746	0.102133	0.095561	0.000000	0.000056	0.000000	0.000000	0.000000	0.000504
336	0.802027	0.102146	0.095255	0.000000	0.000053	0.000000	0.000000	0.000000	0.000519
337	0.801699	0.102183	0.095551	0.000000	0.000054	0.000000	0.000000	0.000000	0.000513
338	0.801734	0.102112	0.095595	0.000000	0.000048	0.000000	0.000000	0.000000	0.000511
339	0.801638	0.102456	0.095360	0.000000	0.000047	0.000000	0.000000	0.000000	0.000499
340	0.801255	0.102838	0.095355	0.000000	0.000046	0.000000	0.000000	0.000000	0.000506
341	0.801386	0.102757	0.095291	0.000000	0.000044	0.000000	0.000000	0.000000	0.000522
342	0.800666	0.103179	0.095596	0.000000	0.000040	0.000000	0.000000	0.000000	0.000519
343	0.800937	0.102912	0.095600	0.000000	0.000045	0.000000	0.000000	0.000000	0.000506
344	0.801109	0.102810	0.095529	0.000000	0.000039	0.000000	0.000000	0.000000	0.000513
345	0.801357	0.102868	0.095242	0.000000	0.000036	0.000000	0.000000	0.000000	0.000497
346	0.801136	0.102995	0.095326	0.000000	0.000034	0.000000	0.000000	0.000000	0.000509
347	0.801012	0.103126	0.095320	0.000000	0.000033	0.000000	0.000000	0.000000	0.000509
348	0.801254	0.102868	0.095359	0.000000	0.000030	0.000000	0.000000	0.000000	0.000489
349	0.801240	0.102990	0.095251	0.000000	0.000033	0.000000	0.000000	0.000000	0.000486
350	0.800774	0.102940	0.095793	0.000000	0.000033	0.000000	0.000000	0.000000	0.000460
351	0.800049	0.103329	0.096139	0.000000	0.000032	0.000000	0.000000	0.000000	0.000451
352	0.800419	0.103048	0.096058	0.000000	0.000030	0.000000	0.000000	0.000000	0.000445
353	0.800788	0.102969	0.095809	0.000000	0.000020	0.000000	0.000000	0.000000	0.000414
354	0.801009	0.102964	0.095592	0.000000	0.000023	0.000000	0.000000	0.000000	0.000412
355	0.801032	0.103221	0.095314	0.000000	0.000021	0.000000	0.000000	0.000000	0.000412
356	0.801275	0.102923	0.095372	0.000000	0.000027	0.000000	0.000000	0.000000	0.000403
357	0.801590	0.102707	0.095258	0.000000	0.000020	0.000000	0.000000	0.000000	0.000425
358	0.801978	0.102690	0.094912	0.000000	0.000024	0.000000	0.000000	0.000000	0.000396
359	0.802013	0.102804	0.094763	0.000000	0.000018	0.000000	0.000000	0.000000	0.000402
360	0.802003	0.102958	0.094606	0.000000	0.000015	0.000000	0.000000	0.000000	0.000418
361	0.801950	0.103250	0.094374	0.000000	0.000019	0.000000	0.000000	0.000000	0.000407
362	0.802682	0.102482	0.094412	0.000000	0.000025	0.000000	0.000000	0.000000	0.000399
363	0.802252	0.102944	0.094395	0.000000	0.000019	0.000000	0.000000	0.000000	0.000390
364	0.802182	0.102703	0.094707	0.000000	0.000023	0.000000	0.000000	0.000000	0.000385
365	0.802152	0.102824	0.094654	0.000000	0.000020	0.000000	0.000000	0.000000	0.000350
366	0.802367	0.102941	0.094299	0.000000	0.000025	0.000000	0.000000	0.000000	0.000368
367	0.802276	0.102504	0.094837	0.000000	0.000021	0.000000	0.000000	0.000000	0.000362
368	0.802209	0.102516	0.094882	0.000000	0.000019	0.000000	0.000000	0.000000	0.000374
369	0.802031	0.102681	0.094913	0.000000	0.000019	0.000000	0.000000	0.000000	0.000356
370	0.801612	0.102860	0.095158	0.000000	0.000025	0.000000	0.000000	0.000000	0.000345
371	0.801044	0.103063	0.095553	0.000000	0.000023	0.000000	0.000000	0.000000	0.000317
372	0.800850	0.103409	0.095403	0.000000	0.000020	0.000000	0.000000	0.000000	0.000318
373	0.801303	0.103041	0.095314	0.000000	0.000028	0.000000	0.000000	0.000000	0.000314
374	0.801154	0.103242	0.095278	0.000000	0.000024	0.000000	0.000000	0.000000	0.000302
375	0.800837	0.103417	0.095475	0.000000	0.000014	0.000000	0.000000	0.000000	0.000257
376	0.800921	0.103386	0.095427	0.000000	0.000016	0.000000	0.000000	0.000000	0.000250
377	0.801077	0.103301	0.095380	0.000000	0.000013	0.000000	0.000000	0.000000	0.000229
378	0.801133	0.103247	0.095369	0.000000	0.000013	0.000000	0.000000	0.000000	0.000238
379	0.800510	0.103250	0.096004	0.000000	0.000011	0.000000	0.000000	0.000000	0.000225
380	0.800606	0.103166	0.096004	0.000000	0.000012	0.000000	0.000000	0.000000	0.000212
381	0.800274	0.103539	0.095959	0.000000	0.000008	0.000000	0.000000	0.000000	0.000220
382	0.800114	0.103633	0.096044	0.000000	0.000010	0.000000	0.000000	0.000000	0.000199
383	0.799898	0.103754	0.096125	0.000000	0.000010	0.000000	0.000000	0.000000	0.000213
384	0.799699	0.103947	0.096137	0.000000	0.000009	0.000000	0.000000	0.000000	0.000208
385	0.800328	0.103514	0.095946	0.000000	0.000007	0.000000	0.000000	0.000000	0.000205
386	0.799894	0.103910	0.095999	0.000000	0.000009	0.000000	0.000000	0.000000	0.000188
387	0.799655	0.104046	0.096106	0.000000	0.000009	0.000000	0.000000	0.000000	0.000184
388	0.799795	0.103628	0.096389	0.000000	0.000011	0.000000	0.000000	0.000000	0.000177
389	0.799678	0.103744	0.096387	0.000000	0.000010	0.000000	0.000000	0.000000	0.000181
390	0.799570	0.103763	0.096497	0.000000	0.000004	0.000000	0.000000	0.000000	0.000166
391	0.799711	0.103828	0.096281	0.000000	0.000004	0.000000	0.000000	0.000000	0.000176
392	0.799689	0.104104	0.096027	0.000000	0.000005	0.000000	0.000000	0.000000	0.000175
393	0.799997	0.103774	0.096046	0.000000	0.000008	0.000000	0.000000	0.000000	0.000175
394	0.800226	0.103687	0.095885	0.000000	0.000004	0.000000	0.000000	0.000000	0.000198
395	0.799550	0.103975	0.096284	0.000000	0.000005	0.000000	0.000000	0.000000	0.000186
396	0.799298	0.104170	0.096341	0.000000	0.000005	0.000000	0.000000	0.000000	0.000186
397	0.799676	0.103753	0.096390	0.000000	0.000005	0.000000	0.000000	0.000000	0.000176
398	0.799739	0.103961	0.096117	0.000000	0.000007	0.000000	0.000000	0.000000	0.000176
399	0.799941	0.103779	0.096109	0.000000	0.000007	0.000000	0.000000	0.000000	0.000164
400	0.800140	0.104051	0.095639	0.000000	0.000004	0.000000	0.000000	0.000000	0.000166
401	0.800216	0.104165	0.095455	0.000000	0.000005	0.000000	0.000000	0.000000	0.000159
402	0.800154	0.103964	0.095730	0.000000	0.000008	0.000000	0.000000	0.000000	0.000144
403	0.799886	0.103974	0.096005	0.000000	0.000006	0.000000	0.000000	0.000000	0.000129
404	0.799994	0.103666	0.096200	0.000000	0.000006	0.000000	0.000000	0.000000	0.000134
405	0.799487	0.103998	0.096383	0.000000	0.000003	0.000000	0.000000	0.000000	0.000129
406	0.799756	0.104009	0.096103	0.000000	0.000004	0.000000	0.000000	0.000000	0.000128
407	0.799389	0.104238	0.096242	0.000000	0.000004	0.000000	0.000000	0.000000	0.000127
408	0.799441	0.104165	0.096266	0.000000	0.000002	0.000000	0.000000	0.000000	0.000126
409	0.799959	0.103805	0.096102	0.000000	0.000003	0.000000	0.000000	0.000000	0.000131
410	0.800131	0.103731	0.096006	0.000000	0.000002	0.000000	0.000000	0.000000	0.000130
411	0.799954	0.103742	0.096173	0.000000	0.000002	0.000000	0.000000	0.000000	0.000129
412	0.800399	0.103401	0.096077	0.000000	0.000000	0.000000	0.000000	0.000000	0.000123
413	0.800133	0.103621	0.096124	0.000000	0.000000	0.000000	0.000000	0.000000	0.000122
414	0.800392	0.103521	0.095980	0.000000	0.000000	0.000000	0.000000	0.000000	0.000107
415	0.800549	0.103587	0.095768	0.000000	0.000000	0.000000	0.000000	0.000000	0.000096
416	0.799837	0.103892	0.096178	0.000000	0.000000	0.000000	0.000000	0.000000	0.000093
417	0.799980	0.103702	0.096224	0.000000	0.000000	0.000000	0.000000	0.000000	0.000094
418	0.799987	0.103601	0.096313	0.000000	0.000000	0.000000	0.000000	0.000000	0.000099
419	0.799884	0.103856	0.096164	0.000000	0.000000	0.000000	0.000000	0.000000	0.000096
420	0.799383	0.104083	0.096432	0.000000	0.000000	0.000000	0.000000	0.000000	0.000102
421	0.799354	0.104155	0.096392	0.000000	0.000000	0.000000	0.000000	0.000000	0.000099
422	0.799439	0.104362	0.096096	0.000000	0.000000	0.000000	0.000000	0.000000	0.000103
423	0.799271	0.104128	0.096506	0.000000	0.000000	0.000000	0.000000	0.000000	0.000095
424	0.798978	0.104161	0.096773	0.000000	0.000000	0.000000	0.000000	0.000000	0.000088
425	0.798493	0.104743	0.096687	0.000000	0.000000	0.000000	0.000000	0.000000	0.000077
426	0.798885	0.104344	0.096685	0.000000	0.000000	0.000000	0.000000	0.000000	0.000086
427	0.798636	0.104481	0.096797	0.000000	0.000000	0.000000	0.000000	0.000000	0.000086
428	0.798473	0.104478	0.096971	0.000000	0.000000	0.000000	0.000000	0.000000	0.000078
429	0.798545	0.104278	0.097099	0.000000	0.000000	0.000000	0.000000	0.000000	0.000078
430	0.798780	0.103876	0.097253	0.000000	0.000000	0.000000	0.000000	0.000000	0.000091
431	0.798881	0.104003	0.097028	0.000000	0.000000	0.000000	0.000000	0.000000	0.000088
432	0.798431	0.104217	0.097272	0.000000	0.000000	0.000000	0.000000	0.000000	0.000080
433	0.798445	0.103901	0.097575	0.000000	0.000000	0.000000	0.000000	0.000000	0.000079
434	0.798881	0.103797	0.097240	0.000000	0.000000	0.000000	0.000000	0.000000	0.000082
435	0.798642	0.104158	0.097106	0.000000	0.000000	0.000000	0.000000	0.000000	0.000094
436	0.799109	0.103982	0.096830	0.000000	0.000000	0.000000	0.000000	0.000000	0.000079
437	0.798684	0.104384	0.096847	0.000000	0.000000	0.000000	0.000000	0.000000	0.000085
438	0.798609	0.104743	0.096566	0.000000	0.000000	0.000000	0.000000	0.000000	0.000082
439	0.798579	0.104569	0.096773	0.000000	0.000000	0.000000	0.000000	0.000000	0.000079
440	0.799032	0.104527	0.096352	0.000000	0.000000	0.000000	0.000000	0.000000	0.000089
441	0.799267	0.104304	0.096340	0.000000	0.000000	0.000000	0.000000	0.000000	0.000089
442	0.798606	0.104649	0.096669	0.000000	0.000000	0.000000	0.000000	0.000000	0.000076
443	0.799062	0.104186	0.096681	0.000000	0.000000	0.000000	0.000000	0.000000	0.000071
444	0.799005	0.104207	0.096703	0.000000	0.000000	0.000000	0.000000	0.000000	0.000085
445	0.798810	0.104483	0.096630	0.000000	0.000000	0.000000	0.000000	0.000000	0.000077
446	0.798983	0.104423	0.096514	0.000000	0.000000	0.000000	0.000000	0.000000	0.000080
447	0.798594	0.104735	0.096596	0.000000	0.000000	0.000000	0.000000	0.000000	0.000075
448	0.798780	0.104408	0.096740	0.000000	0.000000	0.000000	0.000000	0.000000	0.000072
449	0.798068	0.104764	0.097096	0.000000	0.000000	0.000000	0.000000	0.000000	0.000072
450	0.798275	0.104860	0.096787	0.000000	0.000000	0.000000	0.000000	0.000000	0.000078
451	0.798522	0.104514	0.096893	0.000000	0.000000	0.000000	0.000000	0.000000	0.000071
452	0.797773	0.104935	0.097208	0.000000	0.000000	0.000000	0.000000	0.000000	0.000084
453	0.797656	0.104959	0.097295	0.000000	0.000000	0.000000	0.000000	0.000000	0.000090
454	0.797657	0.104659	0.097617	0.000000	0.000000	0.000000	0.000000	0.000000	0.000067
455	0.797921	0.104515	0.097507	0.000000	0.000000	0.000000	0.000000	0.000000	0.000057
456	0.797890	0.104635	0.097414	0.000000	0.000000	0.000000	0.000000	0.000000	0.000061
457	0.797782	0.104611	0.097538	0.000000	0.000000	0.000000	0.000000	0.000000	0.000069
458	0.797910	0.104205	0.097820	0.000000	0.000000	0.000000	0.000000	0.000000	0.000065
459	0.797786	0.104325	0.097818	0.000000	0.000000	0.000000	0.000000	0.000000	0.000071
460	0.797444	0.104488	0.098012	0.000000	0.000000	0.000000	0.000000	0.000000	0.000056
461	0.797321	0.104832	0.097793	0.000000	0.000000	0.000000	0.000000	0.000000	0.000054
462	0.797351	0.104795	0.097790	0.000000	0.000000	0.000000	0.000000	0.000000	0.000064
463	0.797107	0.104985	0.097849	0.000000	0.000000	0.000000	0.000000	0.000000	0.000059
464	0.797139	0.104987	0.097818	0.000000	0.000000	0.000000	0.000000	0.000000	0.000056
465	0.797065	0.105004	0.097891	0.000000	0.000000	0.000000	0.000000	0.000000	0.000040
466	0.797109	0.104975	0.097875	0.000000	0.000000	0.000000	0.000000	0.000000	0.000041
467	0.797388	0.104858	0.097714	0.000000	0.000000	0.000000	0.000000	0.000000	0.000040
468	0.797525	0.104958	0.097478	0.000000	0.000000	0.000000	0.000000	0.000000	0.000039
469	0.797785	0.104485	0.097695	0.000000	0.000000	0.000000	0.000000	0.000000	0.000035
470	0.797235	0.104867	0.097866	0.000000	0.000000	0.000000	0.000000	0.000000	0.000032
