0	0.290663	0.057897	0.229473	0.157588	0.029913	0.111872	0.085455	0.012259	0.024880
1	0.245579	0.050921	0.210641	0.139795	0.028501	0.118622	0.104586	0.020301	0.081054
2	0.257442	0.052513	0.219153	0.134218	0.029407	0.114700	0.093720	0.018138	0.080709
3	0.274974	0.054327	0.229270	0.128079	0.030599	0.108371	0.082223	0.015406	0.076751
4	0.292635	0.055665	0.238669	0.122475	0.031714	0.102003	0.071437	0.013217	0.072185
5	0.310071	0.056735	0.246944	0.115942	0.032838	0.095178	0.062268	0.011218	0.068806
6	0.326894	0.057123	0.254923	0.109483	0.034139	0.088891	0.054003	0.009436	0.065108
7	0.342782	0.057636	0.261849	0.103214	0.035685	0.082672	0.046531	0.008071	0.061560
8	0.358866	0.057162	0.267767	0.097120	0.037001	0.077095	0.040077	0.006711	0.058201
9	0.373768	0.056640	0.272970	0.091100	0.038652	0.071350	0.034839	0.005667	0.055014
10	0.387083	0.056542	0.277634	0.085710	0.040124	0.066050	0.030283	0.004881	0.051693
11	0.400099	0.055880	0.281602	0.080464	0.041623	0.061483	0.026047	0.004149	0.048653
12	0.411611	0.055225	0.285611	0.075185	0.043083	0.057092	0.022870	0.003442	0.045881
13	0.422818	0.054509	0.289383	0.070294	0.044618	0.052545	0.019933	0.002996	0.042904
14	0.432618	0.053958	0.292033	0.065893	0.046841	0.048422	0.017242	0.002506	0.040487
15	0.442141	0.053076	0.294499	0.061552	0.048516	0.044920	0.014913	0.002191	0.038192
16	0.450396	0.052030	0.297013	0.057276	0.050471	0.041740	0.012967	0.001857	0.036250
17	0.458905	0.051259	0.298088	0.053643	0.052283	0.038409	0.011352	0.001580	0.034481
18	0.466237	0.050166	0.299695	0.050201	0.054344	0.035656	0.009966	0.001307	0.032428
19	0.472942	0.049010	0.300696	0.046903	0.056361	0.033275	0.008928	0.001190	0.030695
20	0.479448	0.047902	0.301339	0.043941	0.059070	0.030612	0.007869	0.001008	0.028811
21	0.484441	0.046718	0.302828	0.040865	0.061463	0.028739	0.006886	0.000885	0.027175
22	0.488827	0.045485	0.303554	0.038503	0.063932	0.026954	0.006088	0.000747	0.025910
23	0.493754	0.044712	0.303369	0.035717	0.066808	0.024950	0.005303	0.000687	0.024700
24	0.497115	0.043631	0.304200	0.033476	0.069631	0.023500	0.004589	0.000586	0.023272
25	0.500509	0.042650	0.304374	0.031658	0.072520	0.021812	0.003939	0.000530	0.022008
26	0.503408	0.041832	0.304017	0.030209	0.075369	0.020473	0.003489	0.000460	0.020743
27	0.506275	0.040988	0.303467	0.028516	0.078341	0.019244	0.003078	0.000423	0.019668
28	0.508601	0.040034	0.302725	0.026946	0.081813	0.018133	0.002731	0.000347	0.018670
29	0.509854	0.039365	0.302300	0.025285	0.085422	0.017223	0.002336	0.000290	0.017925
30	0.511048	0.038331	0.301808	0.023991	0.089243	0.016057	0.002030	0.000261	0.017231
31	0.512524	0.037098	0.300886	0.022935	0.092957	0.015200	0.001784	0.000228	0.016388
32	0.513519	0.035965	0.300898	0.021703	0.096384	0.014243	0.001587	0.000189	0.015512
33	0.513270	0.035043	0.300466	0.020968	0.100336	0.013782	0.001369	0.000180	0.014586
34	0.513582	0.034112	0.299641	0.019854	0.104601	0.012993	0.001245	0.000179	0.013793
35	0.513416	0.033564	0.298238	0.019096	0.109005	0.012361	0.001119	0.000166	0.013035
36	0.512838	0.032518	0.297912	0.018380	0.113101	0.011726	0.000942	0.000151	0.012432
37	0.511533	0.031873	0.296807	0.017656	0.118117	0.011101	0.000863	0.000130	0.011920
38	0.510384	0.030616	0.296328	0.016833	0.122926	0.010613	0.000762	0.000120	0.011418
39	0.509598	0.029489	0.295199	0.016321	0.127981	0.009959	0.000669	0.000102	0.010682
40	0.508428	0.028734	0.294396	0.015643	0.132617	0.009479	0.000568	0.000099	0.010036
41	0.507204	0.028027	0.292842	0.015032	0.137465	0.009173	0.000530	0.000098	0.009629
42	0.504836	0.027256	0.291789	0.014516	0.143086	0.008741	0.000435	0.000077	0.009264
43	0.503711	0.026476	0.290024	0.014087	0.148128	0.008315	0.000396	0.000067	0.008796
44	0.501652	0.025455	0.288803	0.013576	0.153755	0.007938	0.000368	0.000053	0.008400
45	0.498973	0.024722	0.287271	0.013088	0.159945	0.007706	0.000335	0.000039	0.007921
46	0.496381	0.023914	0.285673	0.012658	0.166017	0.007426	0.000277	0.000032	0.007622
47	0.493213	0.023292	0.284202	0.012343	0.172307	0.007136	0.000241	0.000031	0.007235
48	0.490439	0.022560	0.281939	0.012160	0.178959	0.006754	0.000216	0.000036	0.006937
49	0.487856	0.021878	0.280126	0.011546	0.185154	0.006526	0.000188	0.000033	0.006693
50	0.485079	0.021316	0.278223	0.011243	0.191523	0.006185	0.000176	0.000031	0.006224
51	0.481778	0.020614	0.275836	0.010843	0.198707	0.006089	0.000148	0.000028	0.005957
52	0.478259	0.020122	0.273727	0.010609	0.205557	0.005840	0.000135	0.000032	0.005719
53	0.474760	0.019606	0.271590	0.010287	0.212539	0.005617	0.000127	0.000020	0.005454
54	0.471706	0.019018	0.268910	0.010118	0.219654	0.005394	0.000111	0.000023	0.005066
55	0.467753	0.018521	0.266670	0.009860	0.226919	0.005322	0.000106	0.000022	0.004827
56	0.462487	0.017904	0.265802	0.009567	0.234246	0.005212	0.000092	0.000025	0.004665
57	0.458328	0.017027	0.263470	0.009380	0.242315	0.004978	0.000075	0.000015	0.004412
58	0.454369	0.016553	0.261015	0.009176	0.249645	0.004883	0.000076	0.000008	0.004275
59	0.450088	0.016158	0.257982	0.008990	0.257961	0.004681	0.000089	0.000006	0.004045
60	0.446065	0.015647	0.255113	0.008834	0.265949	0.004493	0.000060	0.000006	0.003833
61	0.441067	0.015164	0.252468	0.008633	0.274530	0.004328	0.000052	0.000004	0.003754
62	0.436382	0.014820	0.249940	0.008399	0.282616	0.004251	0.000037	0.000004	0.003551
63	0.431654	0.014360	0.247290	0.008278	0.290747	0.004213	0.000031	0.000003	0.003424
64	0.426518	0.014039	0.244450	0.008262	0.299409	0.004042	0.000023	0.000001	0.003256
65	0.421329	0.013361	0.242016	0.008077	0.308230	0.003930	0.000014	0.000002	0.003041
66	0.416519	0.012930	0.238673	0.007963	0.317153	0.003837	0.000018	0.000001	0.002906
67	0.410851	0.012554	0.236192	0.007951	0.325810	0.003794	0.000026	0.000000	0.002822
68	0.405436	0.012123	0.233004	0.007779	0.335280	0.003708	0.000024	0.000000	0.002646
69	0.400033	0.011673	0.230195	0.007671	0.344357	0.003595	0.000019	0.000000	0.002457
70	0.394596	0.011313	0.226961	0.007434	0.353723	0.003581	0.000015	0.000000	0.002377
71	0.389348	0.010939	0.223380	0.007293	0.363333	0.003421	0.000008	0.000000	0.002278
72	0.382784	0.010723	0.220976	0.007277	0.372623	0.003384	0.000014	0.000000	0.002219
73	0.377584	0.010410	0.217524	0.007316	0.381776	0.003293	0.000010	0.000000	0.002087
74	0.371810	0.010081	0.213862	0.007267	0.391672	0.003275	0.000008	0.000000	0.002025
75	0.365564	0.009592	0.211320	0.007316	0.401253	0.003045	0.000003	0.000000	0.001907
76	0.360044	0.009381	0.207824	0.007162	0.410728	0.003004	0.000007	0.000000	0.001850
77	0.354605	0.009002	0.204381	0.007000	0.420246	0.003043	0.000003	0.000000	0.001720
78	0.348239	0.008664	0.201462	0.007070	0.430004	0.002955	0.000004	0.000000	0.001602
79	0.341794	0.008414	0.198598	0.007060	0.439732	0.002897	0.000003	0.000000	0.001502
80	0.335723	0.008004	0.195679	0.007013	0.449231	0.002914	0.000002	0.000000	0.001434
81	0.330263	0.007756	0.191713	0.006996	0.458985	0.002874	0.000000	0.000000	0.001413
82	0.324266	0.007487	0.188624	0.006976	0.468451	0.002848	0.000002	0.000000	0.001346
83	0.318390	0.007177	0.185327	0.006931	0.478160	0.002783	0.000003	0.000000	0.001229
84	0.313107	0.006837	0.181763	0.006843	0.487419	0.002844	0.000001	0.000000	0.001186
85	0.307303	0.006539	0.178161	0.006724	0.497446	0.002703	0.000002	0.000000	0.001122
86	0.301392	0.006204	0.174349	0.006617	0.507714	0.002674	0.000000	0.000000	0.001050
87	0.294945	0.005966	0.171241	0.006714	0.517477	0.002650	0.000000	0.000000	0.001007
88	0.288805	0.005692	0.167904	0.006604	0.527291	0.002660	0.000001	0.000000	0.001043
89	0.282822	0.005448	0.164595	0.006504	0.537015	0.002640	0.000001	0.000000	0.000975
90	0.276655	0.005265	0.161500	0.006459	0.546556	0.002640	0.000000	0.000000	0.000925
91	0.270880	0.005153	0.157825	0.006448	0.556223	0.002582	0.000000	0.000000	0.000889
92	0.264683	0.004906	0.154831	0.006428	0.565725	0.002607	0.000000	0.000000	0.000820
93	0.258672	0.004655	0.151056	0.006369	0.575858	0.002595	0.000000	0.000000	0.000795
94	0.252716	0.004570	0.147821	0.006350	0.585137	0.002611	0.000000	0.000000	0.000795
95	0.246489	0.004359	0.144775	0.006338	0.594692	0.002539	0.000000	0.000000	0.000808
96	0.241023	0.004300	0.141611	0.006311	0.603486	0.002516	0.000000	0.000000	0.000753
97	0.235584	0.004032	0.138158	0.006254	0.612809	0.002447	0.000000	0.000000	0.000716
98	0.229516	0.003743	0.135091	0.006253	0.622325	0.002392	0.000000	0.000000	0.000680
99	0.223816	0.003460	0.131790	0.006263	0.631668	0.002380	0.000000	0.000000	0.000623
100	0.218126	0.003269	0.128917	0.006141	0.640526	0.002440	0.000000	0.000000	0.000581
101	0.212702	0.003057	0.125751	0.006096	0.649424	0.002409	0.000000	0.000000	0.000561
102	0.207171	0.002930	0.122563	0.006123	0.658208	0.002479	0.000000	0.000000	0.000526
103	0.201678	0.002806	0.119921	0.005973	0.666661	0.002451	0.000000	0.000000	0.000510
104	0.196526	0.002619	0.116991	0.006014	0.674977	0.002388	0.000000	0.000000	0.000485
105	0.191179	0.002506	0.113903	0.005926	0.683628	0.002389	0.000000	0.000000	0.000469
106	0.185840	0.002382	0.110845	0.005996	0.692114	0.002387	0.000000	0.000000	0.000436
107	0.180522	0.002311	0.107889	0.005945	0.700492	0.002421	0.000000	0.000000	0.000420
108	0.174983	0.002161	0.105377	0.005891	0.708775	0.002408	0.000000	0.000000	0.000405
109	0.169028	0.002137	0.102609	0.005947	0.717492	0.002397	0.000000	0.000000	0.000390
110	0.163939	0.002098	0.099657	0.005989	0.725595	0.002341	0.000000	0.000000	0.000381
111	0.159369	0.002063	0.096505	0.005976	0.733405	0.002329	0.000000	0.000000	0.000353
112	0.154860	0.001925	0.093560	0.005990	0.741030	0.002306	0.000000	0.000000	0.000329
113	0.149963	0.001878	0.090691	0.005926	0.748938	0.002295	0.000000	0.000000	0.000309
114	0.145585	0.001760	0.088175	0.005897	0.756055	0.002230	0.000000	0.000000	0.000298
115	0.140668	0.001644	0.085716	0.005839	0.763633	0.002236	0.000000	0.000000	0.000264
116	0.136537	0.001612	0.083312	0.005840	0.770222	0.002211	0.000000	0.000000	0.000266
117	0.132480	0.001574	0.080410	0.005881	0.777180	0.002217	0.000000	0.000000	0.000258
118	0.128407	0.001464	0.077837	0.005888	0.783908	0.002257	0.000000	0.000000	0.000239
119	0.124360	0.001376	0.075452	0.005787	0.790508	0.002295	0.000000	0.000000	0.000222
120	0.120469	0.001316	0.072800	0.005828	0.797049	0.002317	0.000000	0.000000	0.000221
121	0.116513	0.001239	0.070437	0.005794	0.803520	0.002271	0.000000	0.000000	0.000226
122	0.112599	0.001167	0.068324	0.005725	0.809696	0.002293	0.000000	0.000000	0.000196
123	0.108857	0.001108	0.066464	0.005736	0.815389	0.002241	0.000000	0.000000	0.000205
124	0.105239	0.001093	0.064210	0.005721	0.821320	0.002219	0.000000	0.000000	0.000198
125	0.101241	0.001006	0.062100	0.005716	0.827520	0.002221	0.000000	0.000000	0.000196
126	0.097681	0.000959	0.059724	0.005674	0.833563	0.002228	0.000000	0.000000	0.000171
127	0.093972	0.000908	0.057876	0.005589	0.839319	0.002177	0.000000	0.000000	0.000159
128	0.090257	0.000868	0.055923	0.005616	0.844944	0.002240	0.000000	0.000000	0.000152
129	0.086661	0.000816	0.054044	0.005618	0.850543	0.002177	0.000000	0.000000	0.000141
130	0.083461	0.000755	0.052239	0.005662	0.855581	0.002173	0.000000	0.000000	0.000129
131	0.080307	0.000733	0.050163	0.005692	0.860840	0.002142	0.000000	0.000000	0.000123
132	0.077221	0.000692	0.048571	0.005707	0.865532	0.002161	0.000000	0.000000	0.000116
133	0.074358	0.000692	0.046687	0.005630	0.870350	0.002162	0.000000	0.000000	0.000121
134	0.071445	0.000689	0.045067	0.005551	0.874952	0.002179	0.000000	0.000000	0.000117
135	0.068972	0.000656	0.043303	0.005539	0.879211	0.002208	0.000000	0.000000	0.000111
136	0.065897	0.000622	0.041864	0.005594	0.883658	0.002253	0.000000	0.000000	0.000112
137	0.063492	0.000581	0.040348	0.005515	0.887698	0.002257	0.000000	0.000000	0.000109
138	0.061139	0.000540	0.038414	0.005595	0.891947	0.002265	0.000000	0.000000	0.000100
139	0.058489	0.000520	0.036917	0.005593	0.896091	0.002300	0.000000	0.000000	0.000090
140	0.056268	0.000490	0.035421	0.005704	0.899773	0.002260	0.000000	0.000000	0.000084
141	0.054092	0.000446	0.034231	0.005699	0.903178	0.002259	0.000000	0.000000	0.000095
142	0.051877	0.000419	0.032721	0.005687	0.906946	0.002262	0.000000	0.000000	0.000088
143	0.049732	0.000378	0.031456	0.005734	0.910342	0.002282	0.000000	0.000000	0.000076
144	0.047537	0.000360	0.030096	0.005743	0.913962	0.002224	0.000000	0.000000	0.000078
145	0.045485	0.000312	0.028903	0.005728	0.917320	0.002170	0.000000	0.000000	0.000082
146	0.043704	0.000324	0.027616	0.005672	0.920450	0.002153	0.000000	0.000000	0.000081
147	0.041636	0.000326	0.026340	0.005779	0.923710	0.002134	0.000000	0.000000	0.000075
148	0.039872	0.000273	0.025092	0.005676	0.926886	0.002130	0.000000	0.000000	0.000071
149	0.038093	0.000258	0.024046	0.005694	0.929740	0.002097	0.000000	0.000000	0.000072
150	0.036358	0.000230	0.022906	0.005730	0.932638	0.002075	0.000000	0.000000	0.000063
151	0.034733	0.000198	0.021922	0.005774	0.935262	0.002048	0.000000	0.000000	0.000063
152	0.033010	0.000176	0.020908	0.005788	0.938062	0.001986	0.000000	0.000000	0.000070
153	0.031434	0.000139	0.019898	0.005675	0.940860	0.001923	0.000000	0.000000	0.000071
154	0.029847	0.000151	0.019146	0.005703	0.943133	0.001963	0.000000	0.000000	0.000057
155	0.028331	0.000138	0.018338	0.005670	0.945527	0.001928	0.000000	0.000000	0.000068
156	0.027186	0.000131	0.017489	0.005668	0.947497	0.001966	0.000000	0.000000	0.000063
157	0.025896	0.000138	0.016616	0.005644	0.949725	0.001919	0.000000	0.000000	0.000062
158	0.024775	0.000117	0.015953	0.005668	0.951501	0.001929	0.000000	0.000000	0.000057
159	0.023810	0.000109	0.015030	0.005684	0.953363	0.001960	0.000000	0.000000	0.000044
160	0.022633	0.000116	0.014149	0.005666	0.955396	0.001991	0.000000	0.000000	0.000049
161	0.021569	0.000107	0.013573	0.005578	0.957188	0.001948	0.000000	0.000000	0.000037
162	0.020480	0.000115	0.012851	0.005529	0.959036	0.001952	0.000000	0.000000	0.000037
163	0.019449	0.000096	0.012236	0.005649	0.960559	0.001976	0.000000	0.000000	0.000035
164	0.018392	0.000085	0.011605	0.005685	0.962257	0.001943	0.000000	0.000000	0.000033
165	0.017390	0.000084	0.011155	0.005610	0.963781	0.001949	0.000000	0.000000	0.000031
166	0.016613	0.000072	0.010659	0.005632	0.965031	0.001970	0.000000	0.000000	0.000023
167	0.015714	0.000069	0.010219	0.005634	0.966425	0.001919	0.000000	0.000000	0.000020
168	0.014785	0.000068	0.009684	0.005581	0.968003	0.001846	0.000000	0.000000	0.000033
169	0.014132	0.000063	0.009096	0.005613	0.969179	0.001887	0.000000	0.000000	0.000030
170	0.013311	0.000050	0.008790	0.005655	0.970221	0.001949	0.000000	0.000000	0.000024
171	0.012598	0.000034	0.008285	0.005643	0.971520	0.001896	0.000000	0.000000	0.000024
172	0.011921	0.000031	0.007855	0.005695	0.972617	0.001867	0.000000	0.000000	0.000014
173	0.011204	0.000040	0.007439	0.005666	0.973775	0.001861	0.000000	0.000000	0.000015
174	0.010662	0.000027	0.007166	0.005739	0.974543	0.001850	0.000000	0.000000	0.000013
175	0.009982	0.000031	0.006794	0.005765	0.975610	0.001803	0.000000	0.000000	0.000015
176	0.009428	0.000033	0.006425	0.005729	0.976569	0.001803	0.000000	0.000000	0.000013
177	0.008871	0.000033	0.006142	0.005712	0.977405	0.001816	0.000000	0.000000	0.000021
178	0.008366	0.000028	0.005773	0.005746	0.978283	0.001786	0.000000	0.000000	0.000018
179	0.007907	0.000031	0.005474	0.005710	0.979065	0.001798	0.000000	0.000000	0.000015
180	0.007450	0.000040	0.005198	0.005731	0.979767	0.001802	0.000000	0.000000	0.000012
181	0.006982	0.000039	0.004964	0.005766	0.980503	0.001735	0.000000	0.000000	0.000011
182	0.006570	0.000047	0.004756	0.005703	0.981138	0.001774	0.000000	0.000000	0.000012
183	0.006365	0.000045	0.004479	0.005742	0.981559	0.001794	0.000000	0.000000	0.000016
184	0.005940	0.000052	0.004184	0.005816	0.982194	0.001799	0.000000	0.000000	0.000015
185	0.005510	0.000054	0.003970	0.005801	0.982871	0.001783	0.000000	0.000000	0.000011
186	0.005294	0.000048	0.003764	0.005701	0.983375	0.001804	0.000000	0.000000	0.000014
187	0.005001	0.000045	0.003528	0.005684	0.983849	0.001876	0.000000	0.000000	0.000017
188	0.004703	0.000056	0.003387	0.005718	0.984326	0.001802	0.000000	0.000000	0.000008
189	0.004399	0.000046	0.003263	0.005811	0.984672	0.001803	0.000000	0.000000	0.000006
190	0.004144	0.000050	0.003124	0.005749	0.985140	0.001785	0.000000	0.000000	0.000008
191	0.003892	0.000048	0.002980	0.005742	0.985521	0.001813	0.000000	0.000000	0.000004
192	0.003661	0.000052	0.002845	0.005753	0.985927	0.001759	0.000000	0.000000	0.000003
193	0.003447	0.000056	0.002655	0.005709	0.986346	0.001785	0.000000	0.000000	0.000002
194	0.003231	0.000049	0.002545	0.005705	0.986689	0.001779	0.000000	0.000000	0.000002
195	0.002984	0.000054	0.002404	0.005628	0.987112	0.001814	0.000000	0.000000	0.000004
196	0.002860	0.000049	0.002242	0.005622	0.987429	0.001796	0.000000	0.000000	0.000002
197	0.002699	0.000056	0.002117	0.005630	0.987785	0.001712	0.000000	0.000000	0.000001
198	0.002511	0.000059	0.001976	0.005681	0.987990	0.001782	0.000000	0.000000	0.000001
199	0.002316	0.000056	0.001916	0.005700	0.988275	0.001736	0.000000	0.000000	0.000001
200	0.002202	0.000050	0.001793	0.005557	0.988631	0.001766	0.000000	0.000000	0.000001
201	0.002135	0.000048	0.001708	0.005590	0.988773	0.001746	0.000000	0.000000	0.000000
202	0.001984	0.000043	0.001662	0.005609	0.988952	0.001750	0.000000	0.000000	0.000000
203	0.001871	0.000045	0.001566	0.005608	0.989139	0.001771	0.000000	0.000000	0.000000
204	0.001792	0.000030	0.001484	0.005626	0.989295	0.001773	0.000000	0.000000	0.000000
205	0.001625	0.000041	0.001395	0.005615	0.989577	0.001747	0.000000	0.000000	0.000000
206	0.001538	0.000038	0.001234	0.005557	0.989875	0.001758	0.000000	0.000000	0.000000
207	0.001449	0.000038	0.001171	0.005629	0.989928	0.001785	0.000000	0.000000	0.000000
208	0.001342	0.000025	0.001117	0.005663	0.990048	0.001805	0.000000	0.000000	0.000000
209	0.001274	0.000023	0.001013	0.005639	0.990326	0.001725	0.000000	0.000000	0.000000
210	0.001160	0.000020	0.000981	0.005619	0.990515	0.001705	0.000000	0.000000	0.000000
211	0.001089	0.000021	0.000943	0.005703	0.990526	0.001718	0.000000	0.000000	0.000000
212	0.001045	0.000016	0.000847	0.005645	0.990713	0.001734	0.000000	0.000000	0.000000
213	0.001001	0.000015	0.000834	0.005577	0.990806	0.001767	0.000000	0.000000	0.000000
214	0.000896	0.000013	0.000796	0.005661	0.990874	0.001760	0.000000	0.000000	0.000000
215	0.000840	0.000013	0.000779	0.005632	0.991028	0.001708	0.000000	0.000000	0.000000
216	0.000798	0.000022	0.000752	0.005653	0.991071	0.001704	0.000000	0.000000	0.000000
217	0.000702	0.000019	0.000763	0.005665	0.991138	0.001713	0.000000	0.000000	0.000000
218	0.000650	0.000020	0.000711	0.005697	0.991192	0.001730	0.000000	0.000000	0.000000
219	0.000615	0.000016	0.000706	0.005574	0.991343	0.001746	0.000000	0.000000	0.000000
220	0.000606	0.000012	0.000634	0.005560	0.991383	0.001805	0.000000	0.000000	0.000000
221	0.000560	0.000012	0.000600	0.005627	0.991396	0.001805	0.000000	0.000000	0.000000
222	0.000517	0.000013	0.000584	0.005602	0.991460	0.001824	0.000000	0.000000	0.000000
223	0.000507	0.000011	0.000564	0.005588	0.991549	0.001781	0.000000	0.000000	0.000000
224	0.000453	0.000006	0.000531	0.005683	0.991481	0.001846	0.000000	0.000000	0.000000
225	0.000430	0.000005	0.000510	0.005647	0.991596	0.001812	0.000000	0.000000	0.000000
226	0.000421	0.000006	0.000484	0.005641	0.991607	0.001841	0.000000	0.000000	0.000000
227	0.000388	0.000010	0.000446	0.005707	0.991569	0.001880	0.000000	0.000000	0.000000
228	0.000368	0.000009	0.000425	0.005631	0.991712	0.001855	0.000000	0.000000	0.000000
229	0.000375	0.000009	0.000385	0.005673	0.991717	0.001841	0.000000	0.000000	0.000000
230	0.000365	0.000002	0.000358	0.005670	0.991797	0.001808	0.000000	0.000000	0.000000
231	0.000342	0.000003	0.000351	0.005746	0.991695	0.001863	0.000000	0.000000	0.000000
232	0.000296	0.000001	0.000337	0.005702	0.991802	0.001862	0.000000	0.000000	0.000000
233	0.000289	0.000002	0.000326	0.005728	0.991842	0.001813	0.000000	0.000000	0.000000
234	0.000251	0.000000	0.000315	0.005781	0.991835	0.001818	0.000000	0.000000	0.000000
235	0.000237	0.000002	0.000281	0.005733	0.991945	0.001802	0.000000	0.000000	0.000000
236	0.000212	0.000001	0.000263	0.005804	0.991898	0.001822	0.000000	0.000000	0.000000
237	0.000199	0.000001	0.000262	0.005858	0.991867	0.001813	0.000000	0.000000	0.000000
238	0.000181	0.000000	0.000253	0.005775	0.992021	0.001770	0.000000	0.000000	0.000000
239	0.000177	0.000000	0.000267	0.005770	0.992026	0.001760	0.000000	0.000000	0.000000
240	0.000164	0.000000	0.000278	0.005813	0.992026	0.001719	0.000000	0.000000	0.000000
241	0.000155	0.000000	0.000255	0.005795	0.992094	0.001701	0.000000	0.000000	0.000000
242	0.000152	0.000000	0.000255	0.005756	0.992121	0.001716	0.000000	0.000000	0.000000
243	0.000152	0.000000	0.000238	0.005742	0.992179	0.001689	0.000000	0.000000	0.000000
244	0.000142	0.000000	0.000233	0.005774	0.992149	0.001702	0.000000	0.000000	0.000000
245	0.000135	0.000000	0.000204	0.005846	0.992077	0.001738	0.000000	0.000000	0.000000
246	0.000133	0.000000	0.000198	0.005817	0.992095	0.001757	0.000000	0.000000	0.000000
247	0.000124	0.000000	0.000220	0.005810	0.992069	0.001777	0.000000	0.000000	0.000000
248	0.000130	0.000000	0.000208	0.005815	0.992098	0.001749	0.000000	0.000000	0.000000
249	0.000123	0.000000	0.000193	0.005824	0.992113	0.001747	0.000000	0.000000	0.000000
250	0.000117	0.000000	0.000193	0.005769	0.992159	0.001762	0.000000	0.000000	0.000000
251	0.000104	0.000000	0.000183	0.005827	0.992143	0.001743	0.000000	0.000000	0.000000
252	0.000099	0.000000	0.000177	0.005807	0.992162	0.001755	0.000000	0.000000	0.000000
253	0.000103	0.000000	0.000168	0.005751	0.992238	0.001740	0.000000	0.000000	0.000000
254	0.000109	0.000000	0.000169	0.005684	0.992287	0.001751	0.000000	0.000000	0.000000
255	0.000105	0.000000	0.000150	0.005615	0.992374	0.001756	0.000000	0.000000	0.000000
256	0.000115	0.000000	0.000140	0.005582	0.992391	0.001772	0.000000	0.000000	0.000000
257	0.000106	0.000000	0.000135	0.005485	0.992538	0.001736	0.000000	0.000000	0.000000
258	0.000096	0.000000	0.000149	0.005453	0.992606	0.001696	0.000000	0.000000	0.000000
259	0.000078	0.000000	0.000143	0.005445	0.992581	0.001753	0.000000	0.000000	0.000000
260	0.000075	0.000000	0.000132	0.005444	0.992651	0.001698	0.000000	0.000000	0.000000
261	0.000081	0.000000	0.000133	0.005464	0.992632	0.001690	0.000000	0.000000	0.000000
262	0.000069	0.000000	0.000136	0.005506	0.992562	0.001727	0.000000	0.000000	0.000000
263	0.000059	0.000000	0.000140	0.005441	0.992582	0.001778	0.000000	0.000000	0.000000
264	0.000061	0.000000	0.000132	0.005440	0.992587	0.001780	0.000000	0.000000	0.000000
265	0.000062	0.000000	0.000119	0.005456	0.992560	0.001803	0.000000	0.000000	0.000000
266	0.000061	0.000000	0.000118	0.005455	0.992586	0.001780	0.000000	0.000000	0.000000
267	0.000054	0.000000	0.000099	0.005612	0.992424	0.001811	0.000000	0.000000	0.000000
268	0.000054	0.000000	0.000087	0.005600	0.992431	0.001828	0.000000	0.000000	0.000000
269	0.000049	0.000000	0.000089	0.005670	0.992409	0.001783	0.000000	0.000000	0.000000
270	0.000049	0.000000	0.000092	0.005620	0.992423	0.001816	0.000000	0.000000	0.000000
271	0.000043	0.000000	0.000091	0.005638	0.992386	0.001842	0.000000	0.000000	0.000000
272	0.000041	0.000000	0.000080	0.005705	0.992341	0.001833	0.000000	0.000000	0.000000
273	0.000036	0.000000	0.000082	0.005740	0.992326	0.001816	0.000000	0.000000	0.000000
274	0.000033	0.000000	0.000075	0.005762	0.992321	0.001809	0.000000	0.000000	0.000000
275	0.000026	0.000000	0.000078	0.005775	0.992338	0.001783	0.000000	0.000000	0.000000
276	0.000029	0.000000	0.000062	0.005654	0.992469	0.001786	0.000000	0.000000	0.000000
277	0.000029	0.000000	0.000054	0.005743	0.992383	0.001791	0.000000	0.000000	0.000000
278	0.000030	0.000000	0.000049	0.005735	0.992452	0.001734	0.000000	0.000000	0.000000
279	0.000025	0.000000	0.000051	0.005821	0.992318	0.001785	0.000000	0.000000	0.000000
280	0.000020	0.000000	0.000048	0.005840	0.992280	0.001812	0.000000	0.000000	0.000000
281	0.000022	0.000000	0.000051	0.005826	0.992288	0.001813	0.000000	0.000000	0.000000
282	0.000016	0.000000	0.000052	0.005854	0.992339	0.001739	0.000000	0.000000	0.000000
283	0.000015	0.000000	0.000047	0.005770	0.992430	0.001738	0.000000	0.000000	0.000000
284	0.000019	0.000000	0.000048	0.005748	0.992404	0.001781	0.000000	0.000000	0.000000
285	0.000022	0.000000	0.000043	0.005725	0.992466	0.001744	0.000000	0.000000	0.000000
286	0.000016	0.000000	0.000039	0.005730	0.992440	0.001775	0.000000	0.000000	0.000000
287	0.000011	0.000000	0.000048	0.005644	0.992579	0.001718	0.000000	0.000000	0.000000
288	0.000015	0.000000	0.000046	0.005698	0.992536	0.001705	0.000000	0.000000	0.000000
289	0.000016	0.000000	0.000043	0.005653	0.992565	0.001723	0.000000	0.000000	0.000000
290	0.000019	0.000000	0.000047	0.005667	0.992471	0.001796	0.000000	0.000000	0.000000
291	0.000019	0.000000	0.000048	0.005621	0.992561	0.001751	0.000000	0.000000	0.000000
292	0.000020	0.000000	0.000041	0.005593	0.992609	0.001737	0.000000	0.000000	0.000000
293	0.000017	0.000000	0.000036	0.005563	0.992668	0.001716	0.000000	0.000000	0.000000
294	0.000019	0.000000	0.000031	0.005582	0.992642	0.001726	0.000000	0.000000	0.000000
295	0.000016	0.000000	0.000028	0.005475	0.992805	0.001676	0.000000	0.000000	0.000000
296	0.000009	0.000000	0.000026	0.005431	0.992833	0.001701	0.000000	0.000000	0.000000
297	0.000005	0.000000	0.000032	0.005295	0.993000	0.001668	0.000000	0.000000	0.000000
298	0.000003	0.000000	0.000031	0.005396	0.992864	0.001706	0.000000	0.000000	0.000000
299	0.000002	0.000000	0.000030	0.005371	0.992864	0.001733	0.000000	0.000000	0.000000
300	0.000002	0.000000	0.000027	0.005411	0.992838	0.001722	0.000000	0.000000	0.000000
301	0.000001	0.000000	0.000026	0.005425	0.992841	0.001707	0.000000	0.000000	0.000000
302	0.000001	0.000000	0.000022	0.005350	0.993009	0.001618	0.000000	0.000000	0.000000
303	0.000001	0.000000	0.000019	0.005345	0.992972	0.001663	0.000000	0.000000	0.000000
304	0.000000	0.000000	0.000016	0.005331	0.993034	0.001619	0.000000	0.000000	0.000000
305	0.000000	0.000000	0.000014	0.005386	0.992984	0.001616	0.000000	0.000000	0.000000
306	0.000000	0.000000	0.000013	0.005360	0.992985	0.001642	0.000000	0.000000	0.000000
307	0.000000	0.000000	0.000011	0.005396	0.992914	0.001679	0.000000	0.000000	0.000000
308	0.000000	0.000000	0.000009	0.005425	0.992887	0.001679	0.000000	0.000000	0.000000
309	0.000000	0.000000	0.000006	0.005454	0.992890	0.001650	0.000000	0.000000	0.000000
310	0.000000	0.000000	0.000006	0.005509	0.992837	0.001648	0.000000	0.000000	0.000000
311	0.000000	0.000000	0.000004	0.005514	0.992813	0.001669	0.000000	0.000000	0.000000
312	0.000000	0.000000	0.000004	0.005593	0.992698	0.001705	0.000000	0.000000	0.000000
313	0.000000	0.000000	0.000002	0.005554	0.992723	0.001721	0.000000	0.000000	0.000000
314	0.000000	0.000000	0.000000	0.005599	0.992690	0.001711	0.000000	0.000000	0.000000
315	0.000000	0.000000	0.000000	0.005565	0.992694	0.001741	0.000000	0.000000	0.000000
316	0.000000	0.000000	0.000000	0.005612	0.992614	0.001774	0.000000	0.000000	0.000000
317	0.000000	0.000000	0.000000	0.005646	0.992610	0.001744	0.000000	0.000000	0.000000
318	0.000000	0.000000	0.000000	0.005640	0.992617	0.001743	0.000000	0.000000	0.000000
319	0.000000	0.000000	0.000000	0.005591	0.992674	0.001735	0.000000	0.000000	0.000000
320	0.000000	0.000000	0.000000	0.005568	0.992673	0.001759	0.000000	0.000000	0.000000
321	0.000000	0.000000	0.000000	0.005639	0.992639	0.001722	0.000000	0.000000	0.000000
322	0.000000	0.000000	0.000000	0.005566	0.992750	0.001684	0.000000	0.000000	0.000000
323	0.000000	0.000000	0.000000	0.005557	0.992744	0.001699	0.000000	0.000000	0.000000
324	0.000000	0.000000	0.000000	0.005509	0.992818	0.001673	0.000000	0.000000	0.000000
325	0.000000	0.000000	0.000000	0.005542	0.992754	0.001704	0.000000	0.000000	0.000000
326	0.000000	0.000000	0.000000	0.005597	0.992636	0.001767	0.000000	0.000000	0.000000
327	0.000000	0.000000	0.000000	0.005534	0.992745	0.001721	0.000000	0.000000	0.000000
328	0.000000	0.000000	0.000000	0.005538	0.992765	0.001697	0.000000	0.000000	0.000000
329	0.000000	0.000000	0.000000	0.005576	0.992766	0.001658	0.000000	0.000000	0.000000
330	0.000000	0.000000	0.000000	0.005636	0.992703	0.001661	0.000000	0.000000	0.000000
331	0.000000	0.000000	0.000000	0.005573	0.992754	0.001673	0.000000	0.000000	0.000000
332	0.000000	0.000000	0.000000	0.005550	0.992779	0.001671	0.000000	0.000000	0.000000
333	0.000000	0.000000	0.000000	0.005586	0.992754	0.001660	0.000000	0.000000	0.000000
334	0.000000	0.000000	0.000000	0.005666	0.992663	0.001671	0.000000	0.000000	0.000000
335	0.000000	0.000000	0.000000	0.005614	0.992676	0.001710	0.000000	0.000000	0.000000
336	0.000000	0.000000	0.000000	0.005641	0.992626	0.001733	0.000000	0.000000	0.000000
337	0.000000	0.000000	0.000000	0.005643	0.992647	0.001710	0.000000	0.000000	0.000000
338	0.000000	0.000000	0.000000	0.005752	0.992514	0.001734	0.000000	0.000000	0.000000
339	0.000000	0.000000	0.000000	0.005672	0.992599	0.001729	0.000000	0.000000	0.000000
340	0.000000	0.000000	0.000000	0.005632	0.992637	0.001731	0.000000	0.000000	0.000000
341	0.000000	0.000000	0.000000	0.005646	0.992617	0.001737	0.000000	0.000000	0.000000
342	0.000000	0.000000	0.000000	0.005699	0.992559	0.001742	0.000000	0.000000	0.000000
343	0.000000	0.000000	0.000000	0.005709	0.992548	0.001743	0.000000	0.000000	0.000000
344	0.000000	0.000000	0.000000	0.005721	0.992542	0.001737	0.000000	0.000000	0.000000
345	0.000000	0.000000	0.000000	0.005743	0.992508	0.001749	0.000000	0.000000	0.000000
346	0.000000	0.000000	0.000000	0.005764	0.992488	0.001748	0.000000	0.000000	0.000000
347	0.000000	0.000000	0.000000	0.005737	0.992505	0.001758	0.000000	0.000000	0.000000
348	0.000000	0.000000	0.000000	0.005679	0.992575	0.001746	0.000000	0.000000	0.000000
349	0.000000	0.000000	0.000000	0.005766	0.992529	0.001705	0.000000	0.000000	0.000000
350	0.000000	0.000000	0.000000	0.005776	0.992490	0.001734	0.000000	0.000000	0.000000
351	0.000000	0.000000	0.000000	0.005704	0.992579	0.001717	0.000000	0.000000	0.000000
352	0.000000	0.000000	0.000000	0.005771	0.992537	0.001692	0.000000	0.000000	0.000000
353	0.000000	0.000000	0.000000	0.005735	0.992613	0.001652	0.000000	0.000000	0.000000
354	0.000000	0.000000	0.000000	0.005761	0.992554	0.001685	0.000000	0.000000	0.000000
355	0.000000	0.000000	0.000000	0.005833	0.992491	0.001676	0.000000	0.000000	0.000000
356	0.000000	0.000000	0.000000	0.005814	0.992523	0.001663	0.000000	0.000000	0.000000
357	0.000000	0.000000	0.000000	0.005828	0.992517	0.001655	0.000000	0.000000	0.000000
358	0.000000	0.000000	0.000000	0.005912	0.992448	0.001640	0.000000	0.000000	0.000000
359	0.000000	0.000000	0.000000	0.005958	0.992377	0.001665	0.000000	0.000000	0.000000
360	0.000000	0.000000	0.000000	0.005941	0.992419	0.001640	0.000000	0.000000	0.000000
361	0.000000	0.000000	0.000000	0.006029	0.992282	0.001689	0.000000	0.000000	0.000000
362	0.000000	0.000000	0.000000	0.006037	0.992294	0.001669	0.000000	0.000000	0.000000
363	0.000000	0.000000	0.000000	0.006031	0.992297	0.001672	0.000000	0.000000	0.000000
364	0.000000	0.000000	0.000000	0.005971	0.992364	0.001665	0.000000	0.000000	0.000000
365	0.000000	0.000000	0.000000	0.005914	0.992357	0.001729	0.000000	0.000000	0.000000
366	0.000000	0.000000	0.000000	0.006022	0.992221	0.001757	0.000000	0.000000	0.000000
367	0.000000	0.000000	0.000000	0.006005	0.992294	0.001701	0.000000	0.000000	0.000000
368	0.000000	0.000000	0.000000	0.005937	0.992312	0.001751	0.000000	0.000000	0.000000
369	0.000000	0.000000	0.000000	0.006011	0.992267	0.001722	0.000000	0.000000	0.000000
370	0.000000	0.000000	0.000000	0.006033	0.992266	0.001701	0.000000	0.000000	0.000000
371	0.000000	0.000000	0.000000	0.006100	0.992154	0.001746	0.000000	0.000000	0.000000
372	0.000000	0.000000	0.000000	0.006117	0.992139	0.001744	0.000000	0.000000	0.000000
373	0.000000	0.000000	0.000000	0.006127	0.992116	0.001757	0.000000	0.000000	0.000000
374	0.000000	0.000000	0.000000	0.006147	0.992091	0.001762	0.000000	0.000000	0.000000
375	0.000000	0.000000	0.000000	0.006144	0.992072	0.001784	0.000000	0.000000	0.000000
376	0.000000	0.000000	0.000000	0.006172	0.992042	0.001786	0.000000	0.000000	0.000000
377	0.000000	0.000000	0.000000	0.006138	0.992126	0.001736	0.000000	0.000000	0.000000
378	0.000000	0.000000	0.000000	0.006129	0.992093	0.001778	0.000000	0.000000	0.000000
379	0.000000	0.000000	0.000000	0.006161	0.992095	0.001744	0.000000	0.000000	0.000000
380	0.000000	0.000000	0.000000	0.006095	0.992102	0.001803	0.000000	0.000000	0.000000
381	0.000000	0.000000	0.000000	0.006112	0.992072	0.001816	0.000000	0.000000	0.000000
382	0.000000	0.000000	0.000000	0.006178	0.991939	0.001883	0.000000	0.000000	0.000000
383	0.000000	0.000000	0.000000	0.006116	0.992028	0.001856	0.000000	0.000000	0.000000
384	0.000000	0.000000	0.000000	0.006056	0.992105	0.001839	0.000000	0.000000	0.000000
385	0.000000	0.000000	0.000000	0.005989	0.992162	0.001849	0.000000	0.000000	0.000000
386	0.000000	0.000000	0.000000	0.006041	0.992089	0.001870	0.000000	0.000000	0.000000
387	0.000000	0.000000	0.000000	0.005989	0.992150	0.001861	0.000000	0.000000	0.000000
388	0.000000	0.000000	0.000000	0.006015	0.992161	0.001824	0.000000	0.000000	0.000000
389	0.000000	0.000000	0.000000	0.006094	0.992064	0.001842	0.000000	0.000000	0.000000
390	0.000000	0.000000	0.000000	0.006065	0.992095	0.001840	0.000000	0.000000	0.000000
391	0.000000	0.000000	0.000000	0.006021	0.992088	0.001891	0.000000	0.000000	0.000000
392	0.000000	0.000000	0.000000	0.006069	0.992053	0.001878	0.000000	0.000000	0.000000
393	0.000000	0.000000	0.000000	0.006006	0.992060	0.001934	0.000000	0.000000	0.000000
394	0.000000	0.000000	0.000000	0.005920	0.992121	0.001959	0.000000	0.000000	0.000000
395	0.000000	0.000000	0.000000	0.005935	0.992126	0.001939	0.000000	0.000000	0.000000
396	0.000000	0.000000	0.000000	0.005876	0.992132	0.001992	0.000000	0.000000	0.000000
397	0.000000	0.000000	0.000000	0.005839	0.992224	0.001937	0.000000	0.000000	0.000000
398	0.000000	0.000000	0.000000	0.005876	0.992211	0.001913	0.000000	0.000000	0.000000
399	0.000000	0.000000	0.000000	0.005893	0.992255	0.001852	0.000000	0.000000	0.000000
400	0.000000	0.000000	0.000000	0.005907	0.992228	0.001865	0.000000	0.000000	0.000000
401	0.000000	0.000000	0.000000	0.005844	0.992269	0.001887	0.000000	0.000000	0.000000
402	0.000000	0.000000	0.000000	0.005857	0.992287	0.001856	0.000000	0.000000	0.000000
403	0.000000	0.000000	0.000000	0.005830	0.992288	0.001882	0.000000	0.000000	0.000000
404	0.000000	0.000000	0.000000	0.005813	0.992317	0.001870	0.000000	0.000000	0.000000
405	0.000000	0.000000	0.000000	0.005847	0.992275	0.001878	0.000000	0.000000	0.000000
406	0.000000	0.000000	0.000000	0.005906	0.992159	0.001935	0.000000	0.000000	0.000000
407	0.000000	0.000000	0.000000	0.005913	0.992187	0.001900	0.000000	0.000000	0.000000
408	0.000000	0.000000	0.000000	0.005960	0.992075	0.001965	0.000000	0.000000	0.000000
409	0.000000	0.000000	0.000000	0.005934	0.992122	0.001944	0.000000	0.000000	0.000000
410	0.000000	0.000000	0.000000	0.005913	0.992199	0.001888	0.000000	0.000000	0.000000
411	0.000000	0.000000	0.000000	0.005940	0.992171	0.001889	0.000000	0.000000	0.000000
412	0.000000	0.000000	0.000000	0.005993	0.992144	0.001863	0.000000	0.000000	0.000000
413	0.000000	0.000000	0.000000	0.006012	0.992147	0.001841	0.000000	0.000000	0.000000
414	0.000000	0.000000	0.000000	0.006085	0.992052	0.001863	0.000000	0.000000	0.000000
415	0.000000	0.000000	0.000000	0.006082	0.992091	0.001827	0.000000	0.000000	0.000000
416	0.000000	0.000000	0.000000	0.006077	0.992103	0.001820	0.000000	0.000000	0.000000
417	0.000000	0.000000	0.000000	0.006034	0.992148	0.001818	0.000000	0.000000	0.000000
418	0.000000	0.000000	0.000000	0.006104	0.992060	0.001836	0.000000	0.000000	0.000000
419	0.000000	0.000000	0.000000	0.006047	0.992140	0.001813	0.000000	0.000000	0.000000
420	0.000000	0.000000	0.000000	0.006101	0.992038	0.001861	0.000000	0.000000	0.000000
421	0.000000	0.000000	0.000000	0.006087	0.992004	0.001909	0.000000	0.000000	0.000000
422	0.000000	0.000000	0.000000	0.006100	0.992020	0.001880	0.000000	0.000000	0.000000
423	0.000000	0.000000	0.000000	0.006004	0.992110	0.001886	0.000000	0.000000	0.000000
424	0.000000	0.000000	0.000000	0.005985	0.992105	0.001910	0.000000	0.000000	0.000000
425	0.000000	0.000000	0.000000	0.005914	0.992259	0.001827	0.000000	0.000000	0.000000
426	0.000000	0.000000	0.000000	0.005827	0.992380	0.001793	0.000000	0.000000	0.000000
427	0.000000	0.000000	0.000000	0.005770	0.992431	0.001799	0.000000	0.000000	0.000000
428	0.000000	0.000000	0.000000	0.005734	0.992415	0.001851	0.000000	0.000000	0.000000
429	0.000000	0.000000	0.000000	0.005738	0.992454	0.001808	0.000000	0.000000	0.000000
430	0.000000	0.000000	0.000000	0.005684	0.992513	0.001803	0.000000	0.000000	0.000000
431	0.000000	0.000000	0.000000	0.005737	0.992476	0.001787	0.000000	0.000000	0.000000
432	0.000000	0.000000	0.000000	0.005792	0.992406	0.001802	0.000000	0.000000	0.000000
433	0.000000	0.000000	0.000000	0.005812	0.992451	0.001737	0.000000	0.000000	0.000000
434	0.000000	0.000000	0.000000	0.005874	0.992360	0.001766	0.000000	0.000000	0.000000
435	0.000000	0.000000	0.000000	0.005846	0.992422	0.001732	0.000000	0.000000	0.000000
436	0.000000	0.000000	0.000000	0.005819	0.992434	0.001747	0.000000	0.000000	0.000000
437	0.000000	0.000000	0.000000	0.005841	0.992418	0.001741	0.000000	0.000000	0.000000
438	0.000000	0.000000	0.000000	0.005865	0.992356	0.001779	0.000000	0.000000	0.000000
439	0.000000	0.000000	0.000000	0.005860	0.992368	0.001772	0.000000	0.000000	0.000000
440	0.000000	0.000000	0.000000	0.005856	0.992382	0.001762	0.000000	0.000000	0.000000
441	0.000000	0.000000	0.000000	0.005871	0.992387	0.001742	0.000000	0.000000	0.000000
442	0.000000	0.000000	0.000000	0.005912	0.992416	0.001672	0.000000	0.000000	0.000000
443	0.000000	0.000000	0.000000	0.005951	0.992379	0.001670	0.000000	0.000000	0.000000
444	0.000000	0.000000	0.000000	0.006007	0.992350	0.001643	0.000000	0.000000	0.000000
445	0.000000	0.000000	0.000000	0.006014	0.992351	0.001635	0.000000	0.000000	0.000000
446	0.000000	0.000000	0.000000	0.005991	0.992324	0.001685	0.000000	0.000000	0.000000
447	0.000000	0.000000	0.000000	0.005887	0.992458	0.001655	0.000000	0.000000	0.000000
448	0.000000	0.000000	0.000000	0.005911	0.992448	0.001641	0.000000	0.000000	0.000000
449	0.000000	0.000000	0.000000	0.005906	0.992412	0.001682	0.000000	0.000000	0.000000
450	0.000000	0.000000	0.000000	0.005896	0.992391	0.001713	0.000000	0.000000	0.000000
451	0.000000	0.000000	0.000000	0.005893	0.992394	0.001713	0.000000	0.000000	0.000000
452	0.000000	0.000000	0.000000	0.005924	0.992361	0.001715	0.000000	0.000000	0.000000
453	0.000000	0.000000	0.000000	0.005996	0.992273	0.001731	0.000000	0.000000	0.000000
454	0.000000	0.000000	0.000000	0.005967	0.992279	0.001754	0.000000	0.000000	0.000000
455	0.000000	0.000000	0.000000	0.006059	0.992130	0.001811	0.000000	0.000000	0.000000
456	0.000000	0.000000	0.000000	0.006028	0.992239	0.001733	0.000000	0.000000	0.000000
457	0.000000	0.000000	0.000000	0.006010	0.992218	0.001772	0.000000	0.000000	0.000000
458	0.000000	0.000000	0.000000	0.006135	0.992108	0.001757	0.000000	0.000000	0.000000
459	0.000000	0.000000	0.000000	0.006156	0.992043	0.001801	0.000000	0.000000	0.000000
460	0.000000	0.000000	0.000000	0.006181	0.992054	0.001765	0.000000	0.000000	0.000000
461	0.000000	0.000000	0.000000	0.006195	0.992018	0.001787	0.000000	0.000000	0.000000
462	0.000000	0.000000	0.000000	0.006099	0.992038	0.001863	0.000000	0.000000	0.000000
463	0.000000	0.000000	0.000000	0.006110	0.991996	0.001894	0.000000	0.000000	0.000000
464	0.000000	0.000000	0.000000	0.006189	0.991947	0.001864	0.000000	0.000000	0.000000
465	0.000000	0.000000	0.000000	0.006273	0.991847	0.001880	0.000000	0.000000	0.000000
466	0.000000	0.000000	0.000000	0.006275	0.991892	0.001833	0.000000	0.000000	0.000000
467	0.000000	0.000000	0.000000	0.006366	0.991785	0.001849	0.000000	0.000000	0.000000
468	0.000000	0.000000	0.000000	0.006259	0.991894	0.001847	0.000000	0.000000	0.000000
469	0.000000	0.000000	0.000000	0.006330	0.991852	0.001818	0.000000	0.000000	0.000000
470	0.000000	0.000000	0.000000	0.006292	0.991876	0.001832	0.000000	0.000000	0.000000
