0	0.290663	0.057897	0.229473	0.157588	0.029913	0.111872	0.085455	0.012259	0.024880
1	0.238995	0.049466	0.204833	0.131314	0.027271	0.114088	0.119589	0.023182	0.091262
2	0.244964	0.049814	0.209397	0.118985	0.026933	0.104226	0.120886	0.023149	0.101646
3	0.257482	0.050596	0.214977	0.108304	0.027099	0.094384	0.118438	0.022491	0.106229
4	0.270972	0.051170	0.220954	0.098630	0.027144	0.085385	0.114608	0.020960	0.110177
5	0.284778	0.052053	0.225205	0.089727	0.027425	0.076609	0.110467	0.019869	0.113867
6	0.298605	0.052348	0.229620	0.081603	0.028330	0.068874	0.105647	0.018761	0.116212
7	0.311669	0.052659	0.233070	0.074396	0.029106	0.061381	0.101451	0.017624	0.118644
8	0.325257	0.052924	0.235236	0.067503	0.029779	0.055202	0.096755	0.016328	0.121016
9	0.337844	0.053557	0.236891	0.061223	0.030678	0.049333	0.091991	0.015313	0.123170
10	0.349752	0.053575	0.237947	0.055806	0.031441	0.044250	0.087911	0.014230	0.125088
11	0.361410	0.053911	0.238262	0.050638	0.032597	0.039858	0.083393	0.013273	0.126658
12	0.372512	0.053767	0.238675	0.046299	0.033669	0.035506	0.079355	0.012235	0.127982
13	0.383595	0.053783	0.238966	0.042027	0.034793	0.031753	0.074557	0.011422	0.129104
14	0.393874	0.053713	0.238552	0.038607	0.036018	0.028535	0.070421	0.010512	0.129768
15	0.404253	0.053481	0.237822	0.035002	0.037512	0.025664	0.066278	0.009917	0.130071
16	0.413334	0.053097	0.237474	0.032019	0.038993	0.022851	0.062314	0.009157	0.130761
17	0.422183	0.053017	0.236312	0.029567	0.040297	0.020714	0.058475	0.008710	0.130725
18	0.430128	0.052646	0.235154	0.027057	0.041974	0.018700	0.055092	0.008059	0.131190
19	0.438805	0.052640	0.232974	0.024944	0.043202	0.016973	0.051758	0.007575	0.131129
20	0.446455	0.052268	0.231276	0.022883	0.045026	0.015503	0.048526	0.007015	0.131048
21	0.453176	0.051801	0.229685	0.021169	0.046485	0.014000	0.045681	0.006528	0.131475
22	0.460814	0.051054	0.228098	0.019641	0.047954	0.012582	0.042711	0.006045	0.131101
23	0.466650	0.050886	0.225899	0.018156	0.050061	0.011562	0.039905	0.005764	0.131117
24	0.473451	0.050334	0.223557	0.016691	0.051851	0.010467	0.037486	0.005460	0.130703
25	0.479141	0.050077	0.220922	0.015555	0.053972	0.009606	0.035207	0.005029	0.130491
26	0.484518	0.049599	0.218615	0.014624	0.055774	0.008921	0.033069	0.004713	0.130167
27	0.490558	0.048729	0.215721	0.013617	0.058019	0.008150	0.031068	0.004416	0.129722
28	0.495258	0.048467	0.213628	0.012617	0.060051	0.007449	0.028935	0.004199	0.129396
29	0.500244	0.047964	0.211328	0.011740	0.062410	0.006924	0.027014	0.003970	0.128406
30	0.504675	0.047416	0.209014	0.011080	0.064694	0.006309	0.025182	0.003734	0.127896
31	0.509037	0.047023	0.205886	0.010405	0.067414	0.005876	0.023716	0.003421	0.127222
32	0.513192	0.046487	0.203369	0.009812	0.070035	0.005438	0.022129	0.003213	0.126325
33	0.516864	0.046238	0.200330	0.009294	0.072677	0.005144	0.020819	0.003012	0.125622
34	0.521133	0.045865	0.197668	0.008873	0.075261	0.004714	0.019362	0.002730	0.124394
35	0.524061	0.045146	0.195247	0.008445	0.078175	0.004435	0.018098	0.002556	0.123837
36	0.527540	0.044516	0.192799	0.008030	0.081014	0.004210	0.017028	0.002410	0.122453
37	0.530688	0.044004	0.190451	0.007638	0.083722	0.003872	0.015881	0.002316	0.121428
38	0.533246	0.043535	0.188039	0.007365	0.086668	0.003615	0.014926	0.002203	0.120403
39	0.536072	0.042992	0.186012	0.006957	0.089609	0.003462	0.014009	0.001973	0.118914
40	0.538695	0.042695	0.183404	0.006535	0.092400	0.003218	0.013034	0.001841	0.118178
41	0.541031	0.041945	0.181000	0.006240	0.095501	0.003040	0.012277	0.001727	0.117239
42	0.543866	0.041191	0.178140	0.006008	0.098581	0.002796	0.011521	0.001594	0.116303
43	0.545921	0.040568	0.175657	0.005705	0.102004	0.002624	0.010953	0.001436	0.115132
44	0.547902	0.040080	0.173618	0.005391	0.105165	0.002575	0.010145	0.001389	0.113735
45	0.549511	0.039749	0.171161	0.005147	0.108655	0.002419	0.009506	0.001299	0.112553
46	0.551141	0.039049	0.169136	0.004918	0.112193	0.002252	0.008841	0.001179	0.111291
47	0.552915	0.038712	0.166596	0.004747	0.115760	0.002168	0.008182	0.001103	0.109817
48	0.554763	0.038036	0.164094	0.004585	0.119499	0.002076	0.007625	0.001013	0.108309
49	0.555635	0.037503	0.162160	0.004420	0.123348	0.001928	0.007133	0.000950	0.106923
50	0.556804	0.036895	0.160387	0.004257	0.126773	0.001847	0.006596	0.000898	0.105543
51	0.558082	0.036415	0.158020	0.004043	0.130388	0.001728	0.006170	0.000831	0.104323
52	0.558737	0.035714	0.156184	0.003868	0.134585	0.001690	0.005740	0.000779	0.102703
53	0.560174	0.035180	0.153781	0.003680	0.138494	0.001641	0.005527	0.000712	0.100811
54	0.560835	0.034636	0.151640	0.003657	0.142738	0.001595	0.005143	0.000682	0.099074
55	0.561412	0.033987	0.149407	0.003552	0.147007	0.001534	0.004851	0.000652	0.097598
56	0.561895	0.033482	0.147668	0.003385	0.151416	0.001506	0.004456	0.000596	0.095596
57	0.561975	0.032538	0.146008	0.003350	0.156174	0.001415	0.004161	0.000522	0.093857
58	0.562471	0.031852	0.144281	0.003191	0.160492	0.001380	0.003867	0.000497	0.091969
59	0.562562	0.031217	0.141965	0.003105	0.165277	0.001324	0.003621	0.000466	0.090463
60	0.562815	0.030778	0.140050	0.003127	0.169385	0.001273	0.003351	0.000407	0.088814
61	0.562736	0.030183	0.138619	0.003114	0.173759	0.001198	0.003110	0.000387	0.086894
62	0.562955	0.029463	0.136700	0.003058	0.178160	0.001149	0.002808	0.000343	0.085364
63	0.563155	0.029005	0.134667	0.002960	0.182447	0.001097	0.002601	0.000326	0.083742
64	0.563047	0.028370	0.132602	0.003008	0.186785	0.001099	0.002461	0.000301	0.082327
65	0.562671	0.028069	0.130893	0.002811	0.191331	0.001060	0.002251	0.000265	0.080649
66	0.561859	0.027362	0.129476	0.002757	0.196183	0.001023	0.002102	0.000228	0.079010
67	0.561002	0.027027	0.127941	0.002656	0.200970	0.000978	0.001975	0.000224	0.077227
68	0.560082	0.026609	0.125801	0.002648	0.206298	0.000920	0.001874	0.000241	0.075527
69	0.559225	0.026038	0.124231	0.002609	0.211205	0.000893	0.001726	0.000247	0.073826
70	0.558279	0.025391	0.122314	0.002568	0.216489	0.000932	0.001583	0.000248	0.072196
71	0.557561	0.025102	0.120153	0.002435	0.221310	0.000885	0.001449	0.000225	0.070880
72	0.556570	0.024621	0.118678	0.002431	0.226229	0.000849	0.001406	0.000204	0.069012
73	0.554956	0.024196	0.117503	0.002333	0.231559	0.000815	0.001209	0.000185	0.067244
74	0.553535	0.023752	0.115877	0.002260	0.236780	0.000821	0.001158	0.000176	0.065641
75	0.552725	0.023223	0.114294	0.002233	0.241887	0.000762	0.001013	0.000166	0.063697
76	0.550677	0.022871	0.112940	0.002199	0.247098	0.000753	0.000974	0.000153	0.062335
77	0.549995	0.022255	0.111035	0.002091	0.252209	0.000753	0.000973	0.000146	0.060543
78	0.548025	0.021878	0.109309	0.002109	0.257785	0.000715	0.000896	0.000121	0.059162
79	0.545724	0.021445	0.108210	0.002077	0.263445	0.000696	0.000833	0.000117	0.057453
80	0.544195	0.021112	0.106585	0.002023	0.268676	0.000688	0.000748	0.000110	0.055863
81	0.542328	0.020471	0.105104	0.001930	0.274285	0.000662	0.000692	0.000114	0.054414
82	0.540193	0.019881	0.103812	0.001989	0.279878	0.000624	0.000636	0.000095	0.052892
83	0.538237	0.019568	0.102499	0.001894	0.285336	0.000623	0.000569	0.000094	0.051180
84	0.535548	0.019102	0.101092	0.001905	0.291184	0.000598	0.000527	0.000092	0.049952
85	0.533211	0.018669	0.099786	0.001847	0.296735	0.000589	0.000487	0.000089	0.048587
86	0.531086	0.018326	0.098375	0.001848	0.302058	0.000583	0.000498	0.000083	0.047143
87	0.528562	0.017866	0.097103	0.001759	0.307735	0.000563	0.000454	0.000074	0.045884
88	0.525590	0.017466	0.095971	0.001708	0.313650	0.000525	0.000412	0.000084	0.044594
89	0.522620	0.017093	0.094939	0.001689	0.319255	0.000538	0.000390	0.000075	0.043401
90	0.520346	0.016818	0.093331	0.001700	0.325086	0.000517	0.000347	0.000076	0.041779
91	0.517734	0.016437	0.091787	0.001659	0.331040	0.000504	0.000328	0.000050	0.040461
92	0.514566	0.016068	0.090991	0.001635	0.336934	0.000456	0.000288	0.000053	0.039009
93	0.511762	0.015725	0.089324	0.001623	0.342960	0.000455	0.000270	0.000065	0.037816
94	0.508506	0.015442	0.088352	0.001580	0.348735	0.000440	0.000241	0.000063	0.036641
95	0.505517	0.014951	0.087089	0.001534	0.354735	0.000453	0.000221	0.000057	0.035443
96	0.501551	0.014553	0.086441	0.001466	0.361114	0.000410	0.000203	0.000055	0.034207
97	0.498524	0.014082	0.085359	0.001446	0.366827	0.000407	0.000193	0.000045	0.033117
98	0.495578	0.013714	0.084256	0.001426	0.372384	0.000410	0.000182	0.000051	0.031999
99	0.492123	0.013347	0.083204	0.001390	0.378383	0.000389	0.000157	0.000044	0.030963
100	0.488868	0.013078	0.081725	0.001310	0.384713	0.000365	0.000139	0.000034	0.029768
101	0.485676	0.012649	0.080590	0.001298	0.390492	0.000372	0.000120	0.000037	0.028766
102	0.482293	0.012325	0.079898	0.001258	0.396089	0.000363	0.000099	0.000031	0.027644
103	0.478346	0.012129	0.079131	0.001242	0.401864	0.000341	0.000090	0.000025	0.026832
104	0.474756	0.011768	0.078124	0.001234	0.407755	0.000366	0.000072	0.000025	0.025900
105	0.471739	0.011612	0.076661	0.001194	0.413520	0.000354	0.000074	0.000021	0.024825
106	0.467940	0.011319	0.075796	0.001194	0.419423	0.000355	0.000063	0.000023	0.023887
107	0.463862	0.010814	0.074846	0.001166	0.425807	0.000326	0.000048	0.000019	0.023112
108	0.460106	0.010671	0.073735	0.001151	0.431764	0.000318	0.000050	0.000017	0.022188
109	0.455976	0.010313	0.072887	0.001172	0.437822	0.000295	0.000037	0.000010	0.021488
110	0.452112	0.010062	0.071457	0.001173	0.444052	0.000299	0.000037	0.000014	0.020794
111	0.447859	0.009845	0.070555	0.001168	0.450163	0.000321	0.000029	0.000007	0.020053
112	0.444197	0.009569	0.069452	0.001123	0.456051	0.000324	0.000024	0.000008	0.019252
113	0.440135	0.009173	0.068478	0.001108	0.462237	0.000301	0.000020	0.000012	0.018536
114	0.436323	0.009021	0.067499	0.001090	0.467861	0.000305	0.000022	0.000006	0.017873
115	0.432737	0.008746	0.066696	0.001059	0.473246	0.000303	0.000019	0.000007	0.017187
116	0.428388	0.008455	0.065777	0.001056	0.479403	0.000291	0.000018	0.000012	0.016600
117	0.424229	0.008258	0.064576	0.001084	0.485696	0.000284	0.000016	0.000013	0.015844
118	0.420229	0.008040	0.063794	0.001089	0.491198	0.000303	0.000016	0.000010	0.015321
119	0.415797	0.007819	0.062798	0.001086	0.497660	0.000294	0.000010	0.000007	0.014529
120	0.411599	0.007658	0.061802	0.001111	0.503533	0.000297	0.000011	0.000007	0.013982
121	0.407396	0.007430	0.060887	0.001070	0.509518	0.000294	0.000015	0.000005	0.013385
122	0.403113	0.007170	0.060034	0.001110	0.515461	0.000296	0.000015	0.000007	0.012794
123	0.398960	0.007049	0.059181	0.001065	0.521121	0.000313	0.000012	0.000005	0.012294
124	0.394236	0.006896	0.058782	0.001078	0.526960	0.000316	0.000014	0.000005	0.011713
125	0.389692	0.006791	0.058041	0.001079	0.532831	0.000314	0.000014	0.000005	0.011233
126	0.385879	0.006597	0.057017	0.001057	0.538414	0.000276	0.000015	0.000004	0.010741
127	0.381315	0.006427	0.056572	0.001065	0.543958	0.000291	0.000016	0.000004	0.010352
128	0.376832	0.006191	0.055661	0.001106	0.550093	0.000276	0.000017	0.000005	0.009819
129	0.372706	0.006048	0.054778	0.001045	0.555659	0.000275	0.000016	0.000003	0.009470
130	0.368282	0.005933	0.053997	0.001048	0.561348	0.000290	0.000015	0.000002	0.009085
131	0.364244	0.005769	0.053081	0.001078	0.566988	0.000283	0.000016	0.000001	0.008540
132	0.359698	0.005605	0.052393	0.001077	0.572813	0.000286	0.000016	0.000001	0.008111
133	0.355441	0.005480	0.051490	0.001082	0.578417	0.000302	0.000011	0.000001	0.007776
134	0.351376	0.005261	0.050754	0.001080	0.583788	0.000302	0.000015	0.000001	0.007423
135	0.347196	0.005039	0.049868	0.001080	0.589410	0.000312	0.000018	0.000000	0.007077
136	0.342727	0.004958	0.049127	0.001056	0.594936	0.000281	0.000019	0.000000	0.006896
137	0.338431	0.004745	0.048260	0.001045	0.600686	0.000285	0.000014	0.000000	0.006534
138	0.334270	0.004540	0.047780	0.001069	0.605884	0.000262	0.000007	0.000000	0.006188
139	0.329833	0.004383	0.047131	0.001053	0.611365	0.000264	0.000009	0.000000	0.005962
140	0.325654	0.004217	0.046203	0.001055	0.616883	0.000263	0.000003	0.000000	0.005722
141	0.321483	0.004009	0.045559	0.001035	0.622193	0.000262	0.000005	0.000000	0.005454
142	0.316982	0.003951	0.044553	0.000990	0.627967	0.000275	0.000005	0.000000	0.005277
143	0.313274	0.003879	0.043812	0.000967	0.632709	0.000277	0.000007	0.000000	0.005075
144	0.309220	0.003851	0.043036	0.000955	0.637864	0.000261	0.000008	0.000000	0.004805
145	0.304843	0.003786	0.042280	0.000964	0.643282	0.000260	0.000007	0.000000	0.004578
146	0.300541	0.003677	0.041728	0.000961	0.648401	0.000252	0.000006	0.000000	0.004434
147	0.296187	0.003521	0.040996	0.000954	0.653831	0.000261	0.000007	0.000000	0.004243
148	0.292873	0.003376	0.040193	0.001001	0.658250	0.000248	0.000003	0.000000	0.004056
149	0.288315	0.003379	0.039723	0.000970	0.663476	0.000267	0.000005	0.000000	0.003865
150	0.284015	0.003246	0.039098	0.000973	0.668721	0.000247	0.000008	0.000000	0.003692
151	0.279938	0.003167	0.038532	0.000986	0.673542	0.000256	0.000007	0.000000	0.003572
152	0.275954	0.003127	0.038099	0.001018	0.678169	0.000262	0.000006	0.000000	0.003365
153	0.272437	0.003003	0.037080	0.000991	0.683040	0.000264	0.000004	0.000000	0.003181
154	0.268130	0.002917	0.036654	0.000957	0.688040	0.000257	0.000001	0.000000	0.003044
155	0.263897	0.002798	0.036157	0.000978	0.692997	0.000238	0.000000	0.000000	0.002935
156	0.259093	0.002737	0.035513	0.000996	0.698638	0.000240	0.000001	0.000000	0.002782
157	0.255030	0.002663	0.035090	0.000969	0.703285	0.000255	0.000001	0.000000	0.002707
158	0.250830	0.002584	0.034498	0.001003	0.708249	0.000260	0.000000	0.000000	0.002576
159	0.247295	0.002474	0.033878	0.000976	0.712595	0.000261	0.000000	0.000000	0.002521
160	0.243023	0.002515	0.033675	0.000979	0.717106	0.000267	0.000000	0.000000	0.002435
161	0.239298	0.002439	0.032923	0.000950	0.721825	0.000274	0.000000	0.000000	0.002291
162	0.234884	0.002333	0.032526	0.000951	0.726799	0.000270	0.000000	0.000000	0.002237
163	0.230673	0.002236	0.032136	0.000996	0.731570	0.000251	0.000000	0.000000	0.002138
164	0.227239	0.002190	0.031476	0.000979	0.735828	0.000259	0.000000	0.000000	0.002029
165	0.223383	0.002053	0.031006	0.001000	0.740442	0.000239	0.000000	0.000000	0.001877
166	0.220020	0.001997	0.030329	0.000987	0.744564	0.000260	0.000000	0.000000	0.001843
167	0.216671	0.001860	0.029671	0.000988	0.748822	0.000254	0.000000	0.000000	0.001734
168	0.212905	0.001833	0.029257	0.000973	0.753100	0.000243	0.000000	0.000000	0.001689
169	0.209194	0.001767	0.028769	0.000993	0.757432	0.000263	0.000000	0.000000	0.001582
170	0.205444	0.001680	0.028090	0.001039	0.761927	0.000258	0.000000	0.000000	0.001562
171	0.201361	0.001621	0.027788	0.001041	0.766495	0.000250	0.000000	0.000000	0.001444
172	0.197795	0.001564	0.027389	0.001041	0.770612	0.000264	0.000000	0.000000	0.001335
173	0.194227	0.001514	0.026706	0.001042	0.774871	0.000275	0.000000	0.000000	0.001365
174	0.190545	0.001437	0.026290	0.001046	0.779134	0.000292	0.000000	0.000000	0.001256
175	0.187014	0.001401	0.025920	0.001052	0.783113	0.000272	0.000000	0.000000	0.001228
176	0.183996	0.001377	0.025220	0.001048	0.786919	0.000269	0.000000	0.000000	0.001171
177	0.180831	0.001313	0.024620	0.001054	0.790791	0.000295	0.000000	0.000000	0.001096
178	0.177275	0.001270	0.024260	0.001027	0.794823	0.000282	0.000000	0.000000	0.001063
179	0.173693	0.001219	0.023998	0.001074	0.798714	0.000276	0.000000	0.000000	0.001026
180	0.170771	0.001164	0.023231	0.001103	0.802451	0.000301	0.000000	0.000000	0.000979
181	0.167641	0.001156	0.022837	0.001111	0.806004	0.000300	0.000000	0.000000	0.000951
182	0.164526	0.001129	0.022237	0.001103	0.809828	0.000286	0.000000	0.000000	0.000891
183	0.161329	0.001073	0.021725	0.001132	0.813628	0.000274	0.000000	0.000000	0.000839
184	0.158152	0.001074	0.021511	0.001122	0.817089	0.000279	0.000000	0.000000	0.000773
185	0.155094	0.001063	0.021388	0.001113	0.820334	0.000283	0.000000	0.000000	0.000725
186	0.152056	0.001016	0.020903	0.001115	0.823900	0.000288	0.000000	0.000000	0.000722
187	0.149243	0.000988	0.020483	0.001092	0.827189	0.000293	0.000000	0.000000	0.000712
188	0.146090	0.000936	0.020102	0.001072	0.830791	0.000310	0.000000	0.000000	0.000699
189	0.143114	0.000905	0.019809	0.001036	0.834154	0.000317	0.000000	0.000000	0.000665
190	0.140264	0.000903	0.019203	0.001039	0.837663	0.000305	0.000000	0.000000	0.000623
191	0.137242	0.000878	0.018740	0.001067	0.841164	0.000268	0.000000	0.000000	0.000641
192	0.134527	0.000879	0.018330	0.001091	0.844297	0.000261	0.000000	0.000000	0.000615
193	0.131743	0.000833	0.017892	0.001089	0.847598	0.000255	0.000000	0.000000	0.000590
194	0.129095	0.000775	0.017495	0.001126	0.850700	0.000248	0.000000	0.000000	0.000561
195	0.126648	0.000730	0.016997	0.001119	0.853720	0.000247	0.000000	0.000000	0.000539
196	0.123779	0.000689	0.016647	0.001081	0.857044	0.000249	0.000000	0.000000	0.000511
197	0.121381	0.000661	0.016300	0.001128	0.859763	0.000263	0.000000	0.000000	0.000504
198	0.118719	0.000633	0.015897	0.001112	0.862925	0.000241	0.000000	0.000000	0.000473
199	0.116034	0.000615	0.015519	0.001099	0.866042	0.000252	0.000000	0.000000	0.000439
200	0.113573	0.000629	0.015120	0.001033	0.868964	0.000253	0.000000	0.000000	0.000428
201	0.111226	0.000579	0.014845	0.001025	0.871672	0.000246	0.000000	0.000000	0.000407
202	0.108640	0.000588	0.014472	0.001028	0.874661	0.000230	0.000000	0.000000	0.000381
203	0.106255	0.000614	0.014177	0.001014	0.877372	0.000216	0.000000	0.000000	0.000352
204	0.103652	0.000600	0.013849	0.000982	0.880329	0.000247	0.000000	0.000000	0.000341
205	0.101380	0.000586	0.013489	0.000985	0.883025	0.000230	0.000000	0.000000	0.000305
206	0.099128	0.000581	0.013147	0.001003	0.885610	0.000220	0.000000	0.000000	0.000311
207	0.096803	0.000526	0.012980	0.000987	0.888201	0.000229	0.000000	0.000000	0.000274
208	0.094500	0.000499	0.012733	0.000971	0.890823	0.000227	0.000000	0.000000	0.000247
209	0.092329	0.000510	0.012560	0.000958	0.893211	0.000216	0.000000	0.000000	0.000216
210	0.090125	0.000515	0.012264	0.000941	0.895723	0.000221	0.000000	0.000000	0.000211
211	0.087980	0.000513	0.011884	0.000959	0.898252	0.000231	0.000000	0.000000	0.000181
212	0.085947	0.000480	0.011662	0.000968	0.900533	0.000227	0.000000	0.000000	0.000183
213	0.083974	0.000438	0.011522	0.000959	0.902685	0.000242	0.000000	0.000000	0.000180
214	0.082138	0.000416	0.011068	0.000936	0.905044	0.000240	0.000000	0.000000	0.000158
215	0.080112	0.000402	0.010972	0.000933	0.907194	0.000249	0.000000	0.000000	0.000138
216	0.078000	0.000413	0.010626	0.000935	0.909650	0.000244	0.000000	0.000000	0.000132
217	0.076174	0.000388	0.010447	0.000959	0.911654	0.000270	0.000000	0.000000	0.000108
218	0.074258	0.000372	0.010176	0.001021	0.913817	0.000250	0.000000	0.000000	0.000106
219	0.072461	0.000358	0.009831	0.001006	0.915992	0.000235	0.000000	0.000000	0.000117
220	0.070875	0.000323	0.009776	0.000993	0.917710	0.000232	0.000000	0.000000	0.000091
221	0.069002	0.000289	0.009520	0.001005	0.919859	0.000238	0.000000	0.000000	0.000087
222	0.067218	0.000275	0.009248	0.000981	0.921975	0.000228	0.000000	0.000000	0.000075
223	0.065584	0.000236	0.009222	0.000940	0.923713	0.000221	0.000000	0.000000	0.000084
224	0.063863	0.000243	0.009008	0.000936	0.925657	0.000224	0.000000	0.000000	0.000069
225	0.062259	0.000204	0.008707	0.000962	0.927589	0.000216	0.000000	0.000000	0.000063
226	0.060445	0.000205	0.008450	0.000943	0.929670	0.000225	0.000000	0.000000	0.000062
227	0.059121	0.000170	0.008248	0.000950	0.931215	0.000238	0.000000	0.000000	0.000058
228	0.057332	0.000145	0.007974	0.000932	0.933343	0.000225	0.000000	0.000000	0.000049
229	0.056116	0.000159	0.007825	0.000976	0.934649	0.000231	0.000000	0.000000	0.000044
230	0.054542	0.000152	0.007538	0.000975	0.936512	0.000236	0.000000	0.000000	0.000045
231	0.053146	0.000149	0.007433	0.000969	0.938032	0.000215	0.000000	0.000000	0.000056
232	0.051682	0.000143	0.007169	0.000955	0.939790	0.000215	0.000000	0.000000	0.000046
233	0.050348	0.000147	0.006946	0.000968	0.941345	0.000200	0.000000	0.000000	0.000046
234	0.049020	0.000159	0.006758	0.000980	0.942851	0.000196	0.000000	0.000000	0.000036
235	0.047730	0.000141	0.006501	0.001006	0.944381	0.000213	0.000000	0.000000	0.000028
236	0.046483	0.000134	0.006420	0.000984	0.945710	0.000239	0.000000	0.000000	0.000030
237	0.045165	0.000123	0.006193	0.000997	0.947273	0.000222	0.000000	0.000000	0.000027
238	0.044017	0.000110	0.005958	0.001023	0.948620	0.000247	0.000000	0.000000	0.000025
239	0.042754	0.000108	0.005756	0.001034	0.950072	0.000251	0.000000	0.000000	0.000025
240	0.041638	0.000103	0.005588	0.000988	0.951420	0.000243	0.000000	0.000000	0.000020
241	0.040654	0.000086	0.005391	0.000939	0.952662	0.000247	0.000000	0.000000	0.000021
242	0.039637	0.000073	0.005180	0.000945	0.953877	0.000270	0.000000	0.000000	0.000018
243	0.038298	0.000071	0.005011	0.000969	0.955391	0.000245	0.000000	0.000000	0.000015
244	0.037276	0.000073	0.004865	0.000974	0.956559	0.000237	0.000000	0.000000	0.000016
245	0.036405	0.000050	0.004746	0.000973	0.957588	0.000222	0.000000	0.000000	0.000016
246	0.035449	0.000040	0.004595	0.001023	0.958645	0.000232	0.000000	0.000000	0.000016
247	0.034463	0.000039	0.004493	0.001027	0.959737	0.000224	0.000000	0.000000	0.000017
248	0.033617	0.000046	0.004369	0.001055	0.960676	0.000222	0.000000	0.000000	0.000015
249	0.032614	0.000040	0.004285	0.001059	0.961753	0.000232	0.000000	0.000000	0.000017
250	0.031669	0.000034	0.004208	0.001074	0.962767	0.000232	0.000000	0.000000	0.000016
251	0.030854	0.000028	0.004130	0.001052	0.963667	0.000254	0.000000	0.000000	0.000015
252	0.029962	0.000028	0.004009	0.001068	0.964683	0.000235	0.000000	0.000000	0.000015
253	0.029035	0.000028	0.003891	0.001031	0.965723	0.000278	0.000000	0.000000	0.000014
254	0.028283	0.000027	0.003816	0.001049	0.966515	0.000293	0.000000	0.000000	0.000017
255	0.027406	0.000034	0.003658	0.001002	0.967617	0.000270	0.000000	0.000000	0.000013
256	0.026759	0.000025	0.003477	0.000986	0.968480	0.000265	0.000000	0.000000	0.000008
257	0.026062	0.000023	0.003381	0.001014	0.969254	0.000257	0.000000	0.000000	0.000009
258	0.025186	0.000017	0.003291	0.000978	0.970264	0.000255	0.000000	0.000000	0.000009
259	0.024222	0.000016	0.003199	0.000974	0.971305	0.000277	0.000000	0.000000	0.000007
260	0.023518	0.000018	0.003143	0.000988	0.972081	0.000249	0.000000	0.000000	0.000003
261	0.022594	0.000021	0.003051	0.000987	0.973094	0.000249	0.000000	0.000000	0.000004
262	0.021918	0.000022	0.002905	0.001001	0.973884	0.000268	0.000000	0.000000	0.000002
263	0.021095	0.000023	0.002822	0.001021	0.974773	0.000265	0.000000	0.000000	0.000001
264	0.020395	0.000021	0.002755	0.001053	0.975518	0.000256	0.000000	0.000000	0.000002
265	0.019792	0.000023	0.002659	0.001043	0.976226	0.000256	0.000000	0.000000	0.000001
266	0.019178	0.000020	0.002591	0.001043	0.976894	0.000271	0.000000	0.000000	0.000003
267	0.018606	0.000017	0.002437	0.001060	0.977604	0.000275	0.000000	0.000000	0.000001
268	0.017975	0.000017	0.002343	0.001043	0.978353	0.000269	0.000000	0.000000	0.000000
269	0.017338	0.000022	0.002272	0.000984	0.979125	0.000259	0.000000	0.000000	0.000000
270	0.016789	0.000021	0.002217	0.001006	0.979702	0.000265	0.000000	0.000000	0.000000
271	0.016158	0.000022	0.002181	0.000997	0.980390	0.000252	0.000000	0.000000	0.000000
272	0.015610	0.000023	0.002079	0.000979	0.981037	0.000272	0.000000	0.000000	0.000000
273	0.015118	0.000024	0.001984	0.000965	0.981622	0.000287	0.000000	0.000000	0.000000
274	0.014624	0.000027	0.001950	0.000961	0.982164	0.000274	0.000000	0.000000	0.000000
275	0.014134	0.000027	0.001934	0.000958	0.982636	0.000311	0.000000	0.000000	0.000000
276	0.013694	0.000019	0.001803	0.000930	0.983252	0.000302	0.000000	0.000000	0.000000
277	0.013237	0.000021	0.001726	0.000898	0.983813	0.000305	0.000000	0.000000	0.000000
278	0.012750	0.000013	0.001651	0.000881	0.984414	0.000291	0.000000	0.000000	0.000000
279	0.012379	0.000011	0.001653	0.000844	0.984796	0.000317	0.000000	0.000000	0.000000
280	0.011981	0.000012	0.001572	0.000852	0.985281	0.000302	0.000000	0.000000	0.000000
281	0.011571	0.000014	0.001518	0.000864	0.985724	0.000309	0.000000	0.000000	0.000000
282	0.011192	0.000011	0.001416	0.000862	0.986186	0.000333	0.000000	0.000000	0.000000
283	0.010776	0.000009	0.001388	0.000895	0.986625	0.000307	0.000000	0.000000	0.000000
284	0.010396	0.000014	0.001291	0.000861	0.987112	0.000326	0.000000	0.000000	0.000000
285	0.010046	0.000016	0.001239	0.000862	0.987540	0.000297	0.000000	0.000000	0.000000
286	0.009691	0.000012	0.001168	0.000858	0.987979	0.000292	0.000000	0.000000	0.000000
287	0.009364	0.000011	0.001150	0.000852	0.988305	0.000318	0.000000	0.000000	0.000000
288	0.009004	0.000010	0.001128	0.000858	0.988653	0.000347	0.000000	0.000000	0.000000
289	0.008619	0.000006	0.001110	0.000849	0.989089	0.000327	0.000000	0.000000	0.000000
290	0.008316	0.000009	0.001032	0.000851	0.989478	0.000314	0.000000	0.000000	0.000000
291	0.007946	0.000005	0.001012	0.000867	0.989870	0.000300	0.000000	0.000000	0.000000
292	0.007689	0.000003	0.000929	0.000867	0.990225	0.000287	0.000000	0.000000	0.000000
293	0.007476	0.000004	0.000897	0.000845	0.990468	0.000310	0.000000	0.000000	0.000000
294	0.007225	0.000003	0.000876	0.000849	0.990744	0.000303	0.000000	0.000000	0.000000
295	0.007078	0.000003	0.000838	0.000833	0.990949	0.000299	0.000000	0.000000	0.000000
296	0.006841	0.000005	0.000781	0.000796	0.991273	0.000304	0.000000	0.000000	0.000000
297	0.006590	0.000008	0.000734	0.000785	0.991571	0.000312	0.000000	0.000000	0.000000
298	0.006342	0.000007	0.000726	0.000807	0.991801	0.000317	0.000000	0.000000	0.000000
299	0.006150	0.000004	0.000700	0.000842	0.991961	0.000343	0.000000	0.000000	0.000000
300	0.005835	0.000003	0.000683	0.000854	0.992293	0.000332	0.000000	0.000000	0.000000
301	0.005623	0.000003	0.000658	0.000849	0.992530	0.000337	0.000000	0.000000	0.000000
302	0.005459	0.000003	0.000600	0.000805	0.992797	0.000336	0.000000	0.000000	0.000000
303	0.005282	0.000001	0.000574	0.000795	0.992993	0.000355	0.000000	0.000000	0.000000
304	0.005118	0.000002	0.000563	0.000806	0.993145	0.000366	0.000000	0.000000	0.000000
305	0.004931	0.000002	0.000556	0.000816	0.993340	0.000355	0.000000	0.000000	0.000000
306	0.004825	0.000001	0.000501	0.000834	0.993509	0.000330	0.000000	0.000000	0.000000
307	0.004672	0.000001	0.000504	0.000828	0.993658	0.000337	0.000000	0.000000	0.000000
308	0.004587	0.000000	0.000508	0.000783	0.993822	0.000300	0.000000	0.000000	0.000000
309	0.004433	0.000000	0.000467	0.000825	0.993964	0.000311	0.000000	0.000000	0.000000
310	0.004281	0.000000	0.000461	0.000871	0.994072	0.000315	0.000000	0.000000	0.000000
311	0.004068	0.000000	0.000463	0.000876	0.994297	0.000296	0.000000	0.000000	0.000000
312	0.003937	0.000000	0.000457	0.000831	0.994462	0.000313	0.000000	0.000000	0.000000
313	0.003837	0.000000	0.000409	0.000882	0.994575	0.000297	0.000000	0.000000	0.000000
314	0.003698	0.000000	0.000365	0.000851	0.994765	0.000321	0.000000	0.000000	0.000000
315	0.003520	0.000000	0.000350	0.000847	0.994951	0.000332	0.000000	0.000000	0.000000
316	0.003413	0.000000	0.000351	0.000824	0.995094	0.000318	0.000000	0.000000	0.000000
317	0.003282	0.000000	0.000332	0.000804	0.995246	0.000336	0.000000	0.000000	0.000000
318	0.003205	0.000000	0.000318	0.000803	0.995331	0.000343	0.000000	0.000000	0.000000
319	0.003100	0.000000	0.000310	0.000774	0.995477	0.000339	0.000000	0.000000	0.000000
320	0.002938	0.000000	0.000273	0.000775	0.995680	0.000334	0.000000	0.000000	0.000000
321	0.002855	0.000000	0.000247	0.000771	0.995798	0.000329	0.000000	0.000000	0.000000
322	0.002716	0.000000	0.000238	0.000805	0.995919	0.000322	0.000000	0.000000	0.000000
323	0.002603	0.000000	0.000238	0.000793	0.996058	0.000308	0.000000	0.000000	0.000000
324	0.002513	0.000000	0.000220	0.000813	0.996169	0.000285	0.000000	0.000000	0.000000
325	0.002408	0.000000	0.000219	0.000795	0.996279	0.000299	0.000000	0.000000	0.000000
326	0.002337	0.000000	0.000195	0.000806	0.996344	0.000318	0.000000	0.000000	0.000000
327	0.002218	0.000000	0.000201	0.000811	0.996449	0.000321	0.000000	0.000000	0.000000
328	0.002167	0.000000	0.000200	0.000799	0.996519	0.000315	0.000000	0.000000	0.000000
329	0.002099	0.000000	0.000197	0.000809	0.996574	0.000321	0.000000	0.000000	0.000000
330	0.002025	0.000000	0.000203	0.000795	0.996668	0.000309	0.000000	0.000000	0.000000
331	0.001939	0.000000	0.000169	0.000787	0.996804	0.000301	0.000000	0.000000	0.000000
332	0.001843	0.000000	0.000163	0.000808	0.996875	0.000311	0.000000	0.000000	0.000000
333	0.001792	0.000000	0.000137	0.000774	0.997006	0.000291	0.000000	0.000000	0.000000
334	0.001721	0.000000	0.000140	0.000764	0.997056	0.000319	0.000000	0.000000	0.000000
335	0.001669	0.000000	0.000124	0.000783	0.997090	0.000334	0.000000	0.000000	0.000000
336	0.001604	0.000000	0.000118	0.000803	0.997167	0.000308	0.000000	0.000000	0.000000
337	0.001535	0.000000	0.000108	0.000808	0.997224	0.000325	0.000000	0.000000	0.000000
338	0.001509	0.000000	0.000112	0.000812	0.997232	0.000335	0.000000	0.000000	0.000000
339	0.001440	0.000000	0.000103	0.000811	0.997301	0.000345	0.000000	0.000000	0.000000
340	0.001389	0.000000	0.000097	0.000774	0.997389	0.000351	0.000000	0.000000	0.000000
341	0.001316	0.000000	0.000100	0.000800	0.997426	0.000358	0.000000	0.000000	0.000000
342	0.001266	0.000000	0.000092	0.000773	0.997508	0.000361	0.000000	0.000000	0.000000
343	0.001210	0.000000	0.000069	0.000823	0.997520	0.000378	0.000000	0.000000	0.000000
344	0.001174	0.000000	0.000061	0.000798	0.997598	0.000369	0.000000	0.000000	0.000000
345	0.001108	0.000000	0.000062	0.000779	0.997672	0.000379	0.000000	0.000000	0.000000
346	0.001061	0.000000	0.000061	0.000788	0.997714	0.000376	0.000000	0.000000	0.000000
347	0.001020	0.000000	0.000053	0.000812	0.997747	0.000368	0.000000	0.000000	0.000000
348	0.000980	0.000000	0.000052	0.000816	0.997802	0.000350	0.000000	0.000000	0.000000
349	0.000951	0.000000	0.000032	0.000830	0.997828	0.000359	0.000000	0.000000	0.000000
350	0.000914	0.000000	0.000029	0.000832	0.997875	0.000350	0.000000	0.000000	0.000000
351	0.000888	0.000000	0.000022	0.000844	0.997904	0.000342	0.000000	0.000000	0.000000
352	0.000848	0.000000	0.000015	0.000820	0.997964	0.000353	0.000000	0.000000	0.000000
353	0.000803	0.000000	0.000018	0.000798	0.998054	0.000327	0.000000	0.000000	0.000000
354	0.000782	0.000000	0.000015	0.000804	0.998093	0.000306	0.000000	0.000000	0.000000
355	0.000743	0.000000	0.000016	0.000809	0.998129	0.000303	0.000000	0.000000	0.000000
356	0.000681	0.000000	0.000013	0.000815	0.998199	0.000292	0.000000	0.000000	0.000000
357	0.000683	0.000000	0.000008	0.000841	0.998176	0.000292	0.000000	0.000000	0.000000
358	0.000629	0.000000	0.000009	0.000828	0.998234	0.000300	0.000000	0.000000	0.000000
359	0.000596	0.000000	0.000009	0.000815	0.998259	0.000321	0.000000	0.000000	0.000000
360	0.000577	0.000000	0.000008	0.000837	0.998267	0.000311	0.000000	0.000000	0.000000
361	0.000567	0.000000	0.000008	0.000831	0.998301	0.000293	0.000000	0.000000	0.000000
362	0.000527	0.000000	0.000006	0.000804	0.998389	0.000274	0.000000	0.000000	0.000000
363	0.000498	0.000000	0.000005	0.000788	0.998438	0.000271	0.000000	0.000000	0.000000
364	0.000470	0.000000	0.000005	0.000780	0.998476	0.000269	0.000000	0.000000	0.000000
365	0.000421	0.000000	0.000006	0.000799	0.998494	0.000280	0.000000	0.000000	0.000000
366	0.000408	0.000000	0.000005	0.000815	0.998473	0.000299	0.000000	0.000000	0.000000
367	0.000393	0.000000	0.000004	0.000840	0.998476	0.000287	0.000000	0.000000	0.000000
368	0.000366	0.000000	0.000006	0.000830	0.998501	0.000297	0.000000	0.000000	0.000000
369	0.000343	0.000000	0.000002	0.000803	0.998545	0.000307	0.000000	0.000000	0.000000
370	0.000331	0.000000	0.000001	0.000829	0.998535	0.000304	0.000000	0.000000	0.000000
371	0.000319	0.000000	0.000001	0.000821	0.998574	0.000285	0.000000	0.000000	0.000000
372	0.000305	0.000000	0.000000	0.000834	0.998582	0.000279	0.000000	0.000000	0.000000
373	0.000291	0.000000	0.000000	0.000819	0.998597	0.000293	0.000000	0.000000	0.000000
374	0.000256	0.000000	0.000000	0.000847	0.998625	0.000272	0.000000	0.000000	0.000000
375	0.000238	0.000000	0.000000	0.000826	0.998679	0.000257	0.000000	0.000000	0.000000
376	0.000223	0.000000	0.000000	0.000848	0.998689	0.000240	0.000000	0.000000	0.000000
377	0.000211	0.000000	0.000000	0.000851	0.998697	0.000241	0.000000	0.000000	0.000000
378	0.000189	0.000000	0.000000	0.000866	0.998689	0.000256	0.000000	0.000000	0.000000
379	0.000178	0.000000	0.000000	0.000864	0.998719	0.000239	0.000000	0.000000	0.000000
380	0.000170	0.000000	0.000000	0.000871	0.998710	0.000249	0.000000	0.000000	0.000000
381	0.000141	0.000000	0.000000	0.000874	0.998741	0.000244	0.000000	0.000000	0.000000
382	0.000144	0.000000	0.000000	0.000913	0.998697	0.000246	0.000000	0.000000	0.000000
383	0.000133	0.000000	0.000000	0.000921	0.998698	0.000248	0.000000	0.000000	0.000000
384	0.000107	0.000000	0.000000	0.000848	0.998803	0.000242	0.000000	0.000000	0.000000
385	0.000109	0.000000	0.000000	0.000846	0.998801	0.000244	0.000000	0.000000	0.000000
386	0.000115	0.000000	0.000000	0.000868	0.998767	0.000250	0.000000	0.000000	0.000000
387	0.000102	0.000000	0.000000	0.000856	0.998785	0.000257	0.000000	0.000000	0.000000
388	0.000083	0.000000	0.000000	0.000885	0.998785	0.000247	0.000000	0.000000	0.000000
389	0.000084	0.000000	0.000000	0.000836	0.998820	0.000260	0.000000	0.000000	0.000000
390	0.000076	0.000000	0.000000	0.000841	0.998816	0.000267	0.000000	0.000000	0.000000
391	0.000065	0.000000	0.000000	0.000830	0.998836	0.000269	0.000000	0.000000	0.000000
392	0.000061	0.000000	0.000000	0.000821	0.998829	0.000289	0.000000	0.000000	0.000000
393	0.000056	0.000000	0.000000	0.000796	0.998849	0.000299	0.000000	0.000000	0.000000
394	0.000048	0.000000	0.000000	0.000786	0.998876	0.000290	0.000000	0.000000	0.000000
395	0.000038	0.000000	0.000000	0.000794	0.998879	0.000289	0.000000	0.000000	0.000000
396	0.000042	0.000000	0.000000	0.000792	0.998859	0.000307	0.000000	0.000000	0.000000
397	0.000034	0.000000	0.000000	0.000794	0.998869	0.000303	0.000000	0.000000	0.000000
398	0.000037	0.000000	0.000000	0.000823	0.998817	0.000323	0.000000	0.000000	0.000000
399	0.000037	0.000000	0.000000	0.000818	0.998827	0.000318	0.000000	0.000000	0.000000
400	0.000035	0.000000	0.000000	0.000842	0.998799	0.000324	0.000000	0.000000	0.000000
401	0.000036	0.000000	0.000000	0.000875	0.998758	0.000331	0.000000	0.000000	0.000000
402	0.000032	0.000000	0.000000	0.000880	0.998770	0.000318	0.000000	0.000000	0.000000
403	0.000026	0.000000	0.000000	0.000899	0.998760	0.000315	0.000000	0.000000	0.000000
404	0.000024	0.000000	0.000000	0.000846	0.998811	0.000319	0.000000	0.000000	0.000000
405	0.000021	0.000000	0.000000	0.000880	0.998790	0.000309	0.000000	0.000000	0.000000
406	0.000020	0.000000	0.000000	0.000853	0.998809	0.000318	0.000000	0.000000	0.000000
407	0.000026	0.000000	0.000000	0.000860	0.998828	0.000286	0.000000	0.000000	0.000000
408	0.000024	0.000000	0.000000	0.000851	0.998850	0.000275	0.000000	0.000000	0.000000
409	0.000025	0.000000	0.000000	0.000808	0.998873	0.000294	0.000000	0.000000	0.000000
410	0.000027	0.000000	0.000000	0.000763	0.998907	0.000303	0.000000	0.000000	0.000000
411	0.000022	0.000000	0.000000	0.000770	0.998924	0.000284	0.000000	0.000000	0.000000
412	0.000018	0.000000	0.000000	0.000781	0.998904	0.000297	0.000000	0.000000	0.000000
413	0.000012	0.000000	0.000000	0.000774	0.998904	0.000310	0.000000	0.000000	0.000000
414	0.000013	0.000000	0.000000	0.000779	0.998895	0.000313	0.000000	0.000000	0.000000
415	0.000017	0.000000	0.000000	0.000770	0.998900	0.000313	0.000000	0.000000	0.000000
416	0.000015	0.000000	0.000000	0.000772	0.998896	0.000317	0.000000	0.000000	0.000000
417	0.000014	0.000000	0.000000	0.000793	0.998877	0.000316	0.000000	0.000000	0.000000
418	0.000012	0.000000	0.000000	0.000780	0.998884	0.000324	0.000000	0.000000	0.000000
419	0.000011	0.000000	0.000000	0.000760	0.998884	0.000345	0.000000	0.000000	0.000000
420	0.000010	0.000000	0.000000	0.000743	0.998917	0.000330	0.000000	0.000000	0.000000
421	0.000009	0.000000	0.000000	0.000773	0.998875	0.000343	0.000000	0.000000	0.000000
422	0.000009	0.000000	0.000000	0.000826	0.998813	0.000352	0.000000	0.000000	0.000000
423	0.000007	0.000000	0.000000	0.000828	0.998817	0.000348	0.000000	0.000000	0.000000
424	0.000008	0.000000	0.000000	0.000804	0.998866	0.000322	0.000000	0.000000	0.000000
425	0.000011	0.000000	0.000000	0.000783	0.998885	0.000321	0.000000	0.000000	0.000000
426	0.000010	0.000000	0.000000	0.000842	0.998809	0.000339	0.000000	0.000000	0.000000
427	0.000010	0.000000	0.000000	0.000845	0.998809	0.000336	0.000000	0.000000	0.000000
428	0.000007	0.000000	0.000000	0.000839	0.998833	0.000321	0.000000	0.000000	0.000000
429	0.000002	0.000000	0.000000	0.000810	0.998875	0.000313	0.000000	0.000000	0.000000
430	0.000001	0.000000	0.000000	0.000804	0.998873	0.000322	0.000000	0.000000	0.000000
431	0.000003	0.000000	0.000000	0.000808	0.998853	0.000336	0.000000	0.000000	0.000000
432	0.000006	0.000000	0.000000	0.000800	0.998872	0.000322	0.000000	0.000000	0.000000
433	0.000008	0.000000	0.000000	0.000792	0.998856	0.000344	0.000000	0.000000	0.000000
434	0.000007	0.000000	0.000000	0.000775	0.998883	0.000335	0.000000	0.000000	0.000000
435	0.000007	0.000000	0.000000	0.000810	0.998820	0.000363	0.000000	0.000000	0.000000
436	0.000008	0.000000	0.000000	0.000809	0.998809	0.000374	0.000000	0.000000	0.000000
437	0.000007	0.000000	0.000000	0.000813	0.998811	0.000369	0.000000	0.000000	0.000000
438	0.000004	0.000000	0.000000	0.000842	0.998791	0.000363	0.000000	0.000000	0.000000
439	0.000003	0.000000	0.000000	0.000853	0.998763	0.000381	0.000000	0.000000	0.000000
440	0.000003	0.000000	0.000000	0.000898	0.998717	0.000382	0.000000	0.000000	0.000000
441	0.000004	0.000000	0.000000	0.000877	0.998742	0.000377	0.000000	0.000000	0.000000
442	0.000001	0.000000	0.000000	0.000878	0.998718	0.000403	0.000000	0.000000	0.000000
443	0.000001	0.000000	0.000000	0.000892	0.998702	0.000405	0.000000	0.000000	0.000000
444	0.000000	0.000000	0.000000	0.000881	0.998708	0.000411	0.000000	0.000000	0.000000
445	0.000000	0.000000	0.000000	0.000887	0.998708	0.000405	0.000000	0.000000	0.000000
446	0.000000	0.000000	0.000000	0.000892	0.998730	0.000378	0.000000	0.000000	0.000000
447	0.000000	0.000000	0.000000	0.000904	0.998743	0.000353	0.000000	0.000000	0.000000
448	0.000000	0.000000	0.000000	0.000862	0.998800	0.000338	0.000000	0.000000	0.000000
449	0.000000	0.000000	0.000000	0.000835	0.998798	0.000367	0.000000	0.000000	0.000000
450	0.000000	0.000000	0.000000	0.000863	0.998779	0.000358	0.000000	0.000000	0.000000
451	0.000000	0.000000	0.000000	0.000823	0.998832	0.000345	0.000000	0.000000	0.000000
452	0.000000	0.000000	0.000000	0.000815	0.998860	0.000325	0.000000	0.000000	0.000000
453	0.000000	0.000000	0.000000	0.000805	0.998854	0.000341	0.000000	0.000000	0.000000
454	0.000000	0.000000	0.000000	0.000794	0.998862	0.000344	0.000000	0.000000	0.000000
455	0.000000	0.000000	0.000000	0.000768	0.998861	0.000371	0.000000	0.000000	0.000000
456	0.000000	0.000000	0.000000	0.000786	0.998831	0.000383	0.000000	0.000000	0.000000
457	0.000000	0.000000	0.000000	0.000820	0.998795	0.000385	0.000000	0.000000	0.000000
458	0.000000	0.000000	0.000000	0.000811	0.998777	0.000412	0.000000	0.000000	0.000000
459	0.000000	0.000000	0.000000	0.000820	0.998784	0.000396	0.000000	0.000000	0.000000
460	0.000000	0.000000	0.000000	0.000832	0.998806	0.000362	0.000000	0.000000	0.000000
461	0.000000	0.000000	0.000000	0.000828	0.998808	0.000364	0.000000	0.000000	0.000000
462	0.000000	0.000000	0.000000	0.000832	0.998794	0.000374	0.000000	0.000000	0.000000
463	0.000000	0.000000	0.000000	0.000816	0.998817	0.000367	0.000000	0.000000	0.000000
464	0.000000	0.000000	0.000000	0.000815	0.998812	0.000373	0.000000	0.000000	0.000000
465	0.000000	0.000000	0.000000	0.000816	0.998781	0.000403	0.000000	0.000000	0.000000
466	0.000000	0.000000	0.000000	0.000820	0.998761	0.000419	0.000000	0.000000	0.000000
467	0.000000	0.000000	0.000000	0.000806	0.998772	0.000422	0.000000	0.000000	0.000000
468	0.000000	0.000000	0.000000	0.000824	0.998785	0.000391	0.000000	0.000000	0.000000
469	0.000000	0.000000	0.000000	0.000807	0.998802	0.000391	0.000000	0.000000	0.000000
470	0.000000	0.000000	0.000000	0.000821	0.998807	0.000372	0.000000	0.000000	0.000000
