0	0.290663	0.057897	0.229473	0.157588	0.029913	0.111872	0.085455	0.012259	0.024880
1	0.230030	0.047560	0.198211	0.146324	0.030158	0.125084	0.113467	0.022044	0.087122
2	0.228753	0.046291	0.196045	0.146639	0.032378	0.125716	0.110056	0.021360	0.092762
3	0.232902	0.045639	0.197219	0.147388	0.034349	0.124640	0.103505	0.019571	0.094787
4	0.238561	0.045135	0.197799	0.146979	0.037287	0.122533	0.097751	0.017714	0.096241
5	0.244869	0.044474	0.198214	0.147755	0.039974	0.119624	0.091615	0.016267	0.097208
6	0.250766	0.043580	0.199120	0.147764	0.043082	0.117080	0.085986	0.014971	0.097651
7	0.257675	0.042509	0.198620	0.147693	0.046445	0.114290	0.080680	0.013446	0.098642
8	0.264655	0.041394	0.197453	0.147399	0.049885	0.111286	0.076389	0.012166	0.099373
9	0.270075	0.040533	0.197135	0.147303	0.053263	0.108872	0.071236	0.010929	0.100654
10	0.275462	0.039487	0.197284	0.146293	0.057072	0.106381	0.066855	0.010004	0.101162
11	0.280928	0.038311	0.196677	0.145511	0.060716	0.103968	0.062635	0.009196	0.102058
12	0.286288	0.037392	0.195964	0.144398	0.064916	0.100998	0.058925	0.008242	0.102877
13	0.292088	0.035965	0.194746	0.143769	0.068592	0.098675	0.055342	0.007588	0.103235
14	0.296513	0.034740	0.193891	0.143323	0.072695	0.096278	0.051641	0.006891	0.104028
15	0.300757	0.033474	0.193373	0.141978	0.077084	0.093414	0.048539	0.006322	0.105059
16	0.304997	0.032105	0.192286	0.140549	0.081776	0.090878	0.046153	0.005742	0.105514
17	0.309692	0.031021	0.191300	0.139559	0.086275	0.088475	0.043101	0.005228	0.105349
18	0.313587	0.029874	0.189794	0.138248	0.091383	0.085866	0.040313	0.004790	0.106145
19	0.317889	0.028450	0.187880	0.137292	0.096741	0.083243	0.037868	0.004427	0.106210
20	0.321108	0.027220	0.186679	0.136128	0.101718	0.081206	0.035390	0.004077	0.106474
21	0.324679	0.025937	0.184732	0.134556	0.107428	0.078815	0.033335	0.003674	0.106844
22	0.327669	0.024986	0.182478	0.133271	0.113268	0.076369	0.030976	0.003317	0.107666
23	0.330498	0.023971	0.180359	0.131898	0.119001	0.074601	0.029048	0.003069	0.107555
24	0.333090	0.023123	0.178415	0.130604	0.125202	0.072512	0.027230	0.002822	0.107002
25	0.335431	0.022021	0.176816	0.129959	0.130742	0.070433	0.025300	0.002476	0.106822
26	0.337896	0.021015	0.174454	0.128611	0.137044	0.068098	0.023875	0.002380	0.106627
27	0.339994	0.020083	0.171755	0.127507	0.143816	0.066336	0.022239	0.002157	0.106113
28	0.341318	0.019244	0.169702	0.126010	0.150893	0.064281	0.020778	0.002000	0.105774
29	0.343049	0.018381	0.166986	0.124880	0.157807	0.062546	0.019569	0.001850	0.104932
30	0.343910	0.017357	0.164568	0.123753	0.165337	0.060956	0.018383	0.001664	0.104072
31	0.344519	0.016454	0.161756	0.123109	0.172485	0.059312	0.017286	0.001596	0.103483
32	0.344955	0.015688	0.159549	0.122248	0.179807	0.057553	0.016119	0.001445	0.102636
33	0.345082	0.014977	0.156577	0.121648	0.188022	0.056288	0.014845	0.001244	0.101317
34	0.345407	0.014277	0.153610	0.120437	0.195745	0.055029	0.013961	0.001151	0.100383
35	0.345733	0.013437	0.150732	0.119984	0.204067	0.053176	0.012837	0.001067	0.098967
36	0.344594	0.012863	0.147845	0.118929	0.212876	0.051965	0.012069	0.000994	0.097865
37	0.344060	0.012148	0.145367	0.118273	0.220634	0.050648	0.011269	0.000894	0.096707
38	0.343055	0.011559	0.142345	0.117560	0.229590	0.049495	0.010347	0.000757	0.095292
39	0.341358	0.011112	0.139181	0.117202	0.238907	0.048215	0.009675	0.000656	0.093694
40	0.339613	0.010699	0.135916	0.116758	0.248060	0.047121	0.009172	0.000664	0.091997
41	0.337379	0.010024	0.132461	0.116582	0.257538	0.046439	0.008471	0.000562	0.090544
42	0.334565	0.009571	0.129900	0.115922	0.267316	0.045657	0.007838	0.000519	0.088712
43	0.332133	0.009061	0.126507	0.115363	0.276628	0.045247	0.007432	0.000467	0.087162
44	0.329843	0.008578	0.123521	0.115132	0.286405	0.044018	0.006836	0.000407	0.085260
45	0.326201	0.008005	0.120748	0.114711	0.296751	0.043375	0.006315	0.000379	0.083515
46	0.322501	0.007529	0.117850	0.114912	0.307021	0.042689	0.005897	0.000380	0.081221
47	0.319332	0.007196	0.114484	0.115160	0.317174	0.041942	0.005305	0.000301	0.079106
48	0.316094	0.006854	0.111137	0.115127	0.327489	0.041414	0.004855	0.000293	0.076737
49	0.312326	0.006328	0.108429	0.114883	0.338114	0.040821	0.004353	0.000255	0.074491
50	0.308150	0.006001	0.105662	0.114626	0.348608	0.040366	0.004043	0.000266	0.072278
51	0.304105	0.005640	0.102793	0.114431	0.359349	0.039599	0.003820	0.000218	0.070045
52	0.299754	0.005232	0.099390	0.114549	0.370312	0.039141	0.003492	0.000199	0.067931
53	0.294926	0.004897	0.096112	0.114765	0.381194	0.038679	0.003282	0.000180	0.065965
54	0.290727	0.004659	0.092989	0.114568	0.392295	0.038050	0.003027	0.000142	0.063543
55	0.285722	0.004453	0.089887	0.114780	0.403284	0.037572	0.002788	0.000139	0.061375
56	0.280167	0.004237	0.087042	0.114941	0.414179	0.037419	0.002603	0.000120	0.059292
57	0.275442	0.003964	0.084159	0.115345	0.425083	0.036774	0.002308	0.000092	0.056833
58	0.269725	0.003707	0.081551	0.115801	0.435980	0.036521	0.002078	0.000088	0.054549
59	0.264606	0.003434	0.078782	0.115764	0.446613	0.036252	0.001905	0.000093	0.052551
60	0.258809	0.003209	0.075953	0.116036	0.457788	0.035988	0.001729	0.000076	0.050412
61	0.252782	0.003073	0.073126	0.116749	0.468862	0.035665	0.001612	0.000056	0.048075
62	0.246791	0.002857	0.070244	0.117361	0.479717	0.035247	0.001450	0.000064	0.046269
63	0.240321	0.002664	0.067715	0.117861	0.490610	0.035284	0.001299	0.000055	0.044191
64	0.234020	0.002508	0.065245	0.118089	0.501872	0.035101	0.001169	0.000050	0.041946
65	0.227492	0.002357	0.062890	0.118301	0.512699	0.034937	0.001033	0.000044	0.040247
66	0.221550	0.002115	0.060233	0.119202	0.522879	0.034904	0.000926	0.000043	0.038148
67	0.215153	0.001954	0.057998	0.119292	0.533697	0.034817	0.000832	0.000034	0.036223
68	0.208508	0.001823	0.055530	0.119633	0.544823	0.034574	0.000797	0.000045	0.034267
69	0.201740	0.001690	0.053187	0.120319	0.555694	0.034377	0.000700	0.000033	0.032260
70	0.195645	0.001612	0.050819	0.120548	0.565723	0.034529	0.000630	0.000028	0.030466
71	0.189534	0.001583	0.048293	0.120931	0.575875	0.034234	0.000601	0.000022	0.028927
72	0.182845	0.001430	0.046018	0.121449	0.586368	0.033902	0.000501	0.000022	0.027465
73	0.176612	0.001316	0.044026	0.121895	0.596025	0.033708	0.000480	0.000021	0.025917
74	0.170207	0.001278	0.041958	0.122316	0.605668	0.033642	0.000428	0.000013	0.024490
75	0.163598	0.001189	0.039880	0.123031	0.615189	0.033582	0.000404	0.000017	0.023110
76	0.157226	0.001140	0.038128	0.123506	0.624536	0.033506	0.000365	0.000013	0.021580
77	0.151708	0.001015	0.036227	0.123584	0.633442	0.033476	0.000323	0.000017	0.020208
78	0.145658	0.000973	0.034532	0.123954	0.642200	0.033561	0.000270	0.000013	0.018839
79	0.139578	0.000870	0.032837	0.123884	0.651333	0.033656	0.000234	0.000009	0.017599
80	0.133752	0.000820	0.031355	0.124203	0.659353	0.033721	0.000224	0.000017	0.016555
81	0.128048	0.000812	0.029840	0.124641	0.667027	0.033789	0.000225	0.000010	0.015608
82	0.122322	0.000766	0.028384	0.124942	0.675132	0.033583	0.000192	0.000009	0.014670
83	0.116989	0.000692	0.026896	0.125472	0.682929	0.033253	0.000168	0.000012	0.013589
84	0.111606	0.000617	0.025422	0.125843	0.690313	0.033474	0.000128	0.000007	0.012590
85	0.106238	0.000567	0.024042	0.126023	0.697763	0.033558	0.000116	0.000007	0.011686
86	0.100889	0.000526	0.022899	0.126626	0.704403	0.033565	0.000103	0.000006	0.010983
87	0.096059	0.000450	0.021558	0.126670	0.711700	0.033344	0.000106	0.000007	0.010106
88	0.090951	0.000440	0.020296	0.127007	0.718329	0.033414	0.000092	0.000006	0.009465
89	0.085895	0.000436	0.019202	0.127665	0.724561	0.033504	0.000075	0.000005	0.008657
90	0.081355	0.000389	0.018213	0.127865	0.730673	0.033418	0.000061	0.000003	0.008023
91	0.076900	0.000350	0.017260	0.128545	0.736211	0.033260	0.000048	0.000001	0.007425
92	0.072745	0.000318	0.016142	0.128750	0.741754	0.033491	0.000043	0.000000	0.006757
93	0.068820	0.000300	0.015144	0.128900	0.747021	0.033449	0.000036	0.000000	0.006330
94	0.065190	0.000270	0.014114	0.129084	0.752172	0.033276	0.000032	0.000000	0.005862
95	0.061533	0.000235	0.013120	0.129766	0.756456	0.033552	0.000033	0.000000	0.005305
96	0.057999	0.000211	0.012349	0.130284	0.760830	0.033434	0.000028	0.000000	0.004865
97	0.054528	0.000198	0.011653	0.130579	0.765231	0.033258	0.000021	0.000000	0.004532
98	0.051225	0.000185	0.010933	0.130575	0.769443	0.033488	0.000012	0.000000	0.004139
99	0.048138	0.000170	0.010203	0.131250	0.772948	0.033538	0.000015	0.000000	0.003738
100	0.044978	0.000171	0.009590	0.131685	0.776325	0.033780	0.000012	0.000000	0.003459
101	0.042089	0.000156	0.009027	0.132078	0.779644	0.033793	0.000013	0.000000	0.003200
102	0.039240	0.000157	0.008564	0.131862	0.783525	0.033679	0.000011	0.000000	0.002962
103	0.036780	0.000159	0.007906	0.132377	0.786258	0.033777	0.000011	0.000000	0.002732
104	0.034303	0.000149	0.007332	0.132221	0.789415	0.034043	0.000011	0.000000	0.002526
105	0.031775	0.000131	0.006904	0.132905	0.791847	0.034129	0.000008	0.000000	0.002301
106	0.029697	0.000114	0.006405	0.132910	0.794736	0.034063	0.000005	0.000000	0.002070
107	0.027541	0.000086	0.005981	0.132761	0.797523	0.034187	0.000009	0.000000	0.001912
108	0.025557	0.000084	0.005599	0.132749	0.800039	0.034225	0.000008	0.000000	0.001739
109	0.023728	0.000082	0.005224	0.132975	0.802123	0.034314	0.000007	0.000000	0.001547
110	0.021895	0.000064	0.004693	0.133036	0.804499	0.034351	0.000011	0.000000	0.001451
111	0.020161	0.000053	0.004351	0.133272	0.806573	0.034272	0.000007	0.000000	0.001311
112	0.018818	0.000047	0.004074	0.133678	0.808090	0.034094	0.000006	0.000000	0.001193
113	0.017499	0.000032	0.003692	0.133722	0.809650	0.034276	0.000004	0.000000	0.001125
114	0.016109	0.000023	0.003364	0.133899	0.811492	0.034097	0.000006	0.000000	0.001010
115	0.015029	0.000022	0.003154	0.133446	0.813170	0.034239	0.000007	0.000000	0.000933
116	0.013979	0.000017	0.002911	0.133412	0.814702	0.034144	0.000002	0.000000	0.000833
117	0.012799	0.000013	0.002685	0.133295	0.816053	0.034360	0.000004	0.000000	0.000791
118	0.011837	0.000012	0.002508	0.133024	0.817416	0.034445	0.000005	0.000000	0.000753
119	0.010770	0.000006	0.002346	0.132752	0.819164	0.034292	0.000008	0.000000	0.000662
120	0.009952	0.000004	0.002150	0.132844	0.820225	0.034177	0.000003	0.000000	0.000645
121	0.009103	0.000004	0.001972	0.133000	0.820852	0.034461	0.000004	0.000000	0.000604
122	0.008259	0.000005	0.001819	0.133066	0.821999	0.034291	0.000005	0.000000	0.000556
123	0.007637	0.000003	0.001667	0.133043	0.822801	0.034325	0.000004	0.000000	0.000520
124	0.007050	0.000003	0.001570	0.133227	0.823298	0.034345	0.000005	0.000000	0.000502
125	0.006420	0.000005	0.001477	0.133477	0.823974	0.034163	0.000003	0.000000	0.000481
126	0.005863	0.000004	0.001346	0.133659	0.824477	0.034210	0.000001	0.000000	0.000440
127	0.005360	0.000005	0.001228	0.133658	0.824921	0.034403	0.000002	0.000000	0.000423
128	0.004880	0.000005	0.001185	0.133725	0.825323	0.034507	0.000001	0.000000	0.000374
129	0.004508	0.000002	0.001064	0.133733	0.825911	0.034426	0.000000	0.000000	0.000356
130	0.004109	0.000001	0.001035	0.133732	0.826406	0.034383	0.000003	0.000000	0.000331
131	0.003762	0.000002	0.000950	0.133865	0.826537	0.034587	0.000001	0.000000	0.000296
132	0.003489	0.000002	0.000874	0.133772	0.827296	0.034288	0.000000	0.000000	0.000279
133	0.003130	0.000004	0.000848	0.134033	0.827330	0.034372	0.000001	0.000000	0.000282
134	0.002868	0.000007	0.000765	0.133795	0.827979	0.034321	0.000000	0.000000	0.000265
135	0.002622	0.000004	0.000695	0.133890	0.828248	0.034303	0.000000	0.000000	0.000238
136	0.002388	0.000005	0.000634	0.134076	0.828422	0.034238	0.000000	0.000000	0.000237
137	0.002129	0.000001	0.000580	0.133665	0.829109	0.034302	0.000000	0.000000	0.000214
138	0.001982	0.000001	0.000541	0.134000	0.828984	0.034287	0.000000	0.000000	0.000205
139	0.001857	0.000000	0.000498	0.134044	0.829039	0.034365	0.000000	0.000000	0.000197
140	0.001703	0.000000	0.000445	0.133883	0.829640	0.034152	0.000000	0.000000	0.000177
141	0.001564	0.000000	0.000419	0.133575	0.829991	0.034286	0.000000	0.000000	0.000165
142	0.001483	0.000000	0.000360	0.133504	0.830451	0.034047	0.000000	0.000000	0.000155
143	0.001318	0.000000	0.000341	0.133368	0.830722	0.034110	0.000000	0.000000	0.000141
144	0.001227	0.000000	0.000295	0.133817	0.830671	0.033850	0.000000	0.000000	0.000140
145	0.001120	0.000000	0.000285	0.133499	0.831203	0.033780	0.000000	0.000000	0.000113
146	0.000994	0.000000	0.000283	0.133806	0.830784	0.034039	0.000000	0.000000	0.000094
147	0.000921	0.000000	0.000253	0.133986	0.830666	0.034079	0.000000	0.000000	0.000095
148	0.000836	0.000000	0.000239	0.133584	0.831265	0.033989	0.000000	0.000000	0.000087
149	0.000740	0.000000	0.000224	0.133624	0.831375	0.033944	0.000000	0.000000	0.000093
150	0.000681	0.000000	0.000205	0.133503	0.831500	0.034041	0.000000	0.000000	0.000070
151	0.000628	0.000000	0.000199	0.133258	0.831681	0.034164	0.000000	0.000000	0.000070
152	0.000611	0.000000	0.000176	0.132740	0.832198	0.034191	0.000000	0.000000	0.000084
153	0.000570	0.000000	0.000157	0.132715	0.832108	0.034374	0.000000	0.000000	0.000076
154	0.000512	0.000000	0.000144	0.132706	0.832135	0.034435	0.000000	0.000000	0.000068
155	0.000492	0.000000	0.000143	0.132070	0.832836	0.034392	0.000000	0.000000	0.000067
156	0.000452	0.000000	0.000141	0.132265	0.832882	0.034197	0.000000	0.000000	0.000063
157	0.000426	0.000000	0.000128	0.132358	0.832666	0.034360	0.000000	0.000000	0.000062
158	0.000412	0.000000	0.000101	0.131977	0.833118	0.034325	0.000000	0.000000	0.000067
159	0.000389	0.000000	0.000090	0.132202	0.832824	0.034428	0.000000	0.000000	0.000067
160	0.000374	0.000000	0.000084	0.131989	0.833165	0.034330	0.000000	0.000000	0.000058
161	0.000340	0.000000	0.000065	0.131622	0.833358	0.034546	0.000000	0.000000	0.000069
162	0.000323	0.000000	0.000052	0.131710	0.833267	0.034581	0.000000	0.000000	0.000067
163	0.000322	0.000000	0.000050	0.131938	0.833250	0.034379	0.000000	0.000000	0.000061
164	0.000300	0.000000	0.000045	0.131953	0.833277	0.034370	0.000000	0.000000	0.000055
165	0.000288	0.000000	0.000044	0.131979	0.833373	0.034269	0.000000	0.000000	0.000047
166	0.000277	0.000000	0.000041	0.132122	0.833144	0.034363	0.000000	0.000000	0.000053
167	0.000255	0.000000	0.000046	0.132021	0.833063	0.034573	0.000000	0.000000	0.000042
168	0.000243	0.000000	0.000044	0.131950	0.833105	0.034603	0.000000	0.000000	0.000055
169	0.000226	0.000000	0.000040	0.131979	0.832953	0.034748	0.000000	0.000000	0.000054
170	0.000219	0.000000	0.000040	0.132525	0.832394	0.034762	0.000000	0.000000	0.000060
171	0.000200	0.000000	0.000039	0.132174	0.832851	0.034683	0.000000	0.000000	0.000053
172	0.000191	0.000000	0.000041	0.132179	0.832918	0.034615	0.000000	0.000000	0.000056
173	0.000162	0.000000	0.000034	0.131928	0.833004	0.034820	0.000000	0.000000	0.000052
174	0.000155	0.000000	0.000027	0.132199	0.832846	0.034731	0.000000	0.000000	0.000042
175	0.000141	0.000000	0.000022	0.132458	0.832655	0.034684	0.000000	0.000000	0.000040
176	0.000132	0.000000	0.000021	0.132316	0.832884	0.034607	0.000000	0.000000	0.000040
177	0.000131	0.000000	0.000016	0.132076	0.832738	0.035009	0.000000	0.000000	0.000030
178	0.000123	0.000000	0.000020	0.132341	0.832661	0.034823	0.000000	0.000000	0.000032
179	0.000110	0.000000	0.000021	0.132004	0.832882	0.034948	0.000000	0.000000	0.000035
180	0.000110	0.000000	0.000012	0.132238	0.832830	0.034772	0.000000	0.000000	0.000038
181	0.000111	0.000000	0.000009	0.132050	0.833000	0.034796	0.000000	0.000000	0.000034
182	0.000118	0.000000	0.000009	0.131923	0.833202	0.034716	0.000000	0.000000	0.000032
183	0.000105	0.000000	0.000008	0.132007	0.833232	0.034620	0.000000	0.000000	0.000028
184	0.000098	0.000000	0.000002	0.131378	0.833948	0.034554	0.000000	0.000000	0.000020
185	0.000094	0.000000	0.000001	0.131462	0.833823	0.034600	0.000000	0.000000	0.000020
186	0.000079	0.000000	0.000003	0.131722	0.833768	0.034415	0.000000	0.000000	0.000013
187	0.000080	0.000000	0.000003	0.131404	0.834169	0.034326	0.000000	0.000000	0.000018
188	0.000072	0.000000	0.000002	0.131714	0.833738	0.034456	0.000000	0.000000	0.000018
189	0.000076	0.000000	0.000003	0.131984	0.833475	0.034450	0.000000	0.000000	0.000012
190	0.000074	0.000000	0.000003	0.131925	0.833254	0.034733	0.000000	0.000000	0.000011
191	0.000079	0.000000	0.000001	0.131746	0.833223	0.034941	0.000000	0.000000	0.000010
192	0.000081	0.000000	0.000000	0.131623	0.833393	0.034892	0.000000	0.000000	0.000011
193	0.000082	0.000000	0.000000	0.131417	0.833601	0.034892	0.000000	0.000000	0.000008
194	0.000071	0.000000	0.000000	0.131333	0.833703	0.034889	0.000000	0.000000	0.000004
195	0.000066	0.000000	0.000000	0.131280	0.833802	0.034850	0.000000	0.000000	0.000002
196	0.000055	0.000000	0.000000	0.131004	0.834169	0.034770	0.000000	0.000000	0.000002
197	0.000048	0.000000	0.000000	0.130978	0.834197	0.034773	0.000000	0.000000	0.000004
198	0.000032	0.000000	0.000000	0.130293	0.834969	0.034701	0.000000	0.000000	0.000005
199	0.000032	0.000000	0.000000	0.130212	0.834837	0.034915	0.000000	0.000000	0.000004
200	0.000023	0.000000	0.000000	0.130184	0.834954	0.034834	0.000000	0.000000	0.000005
201	0.000025	0.000000	0.000000	0.130202	0.834750	0.035020	0.000000	0.000000	0.000003
202	0.000028	0.000000	0.000000	0.130457	0.834537	0.034976	0.000000	0.000000	0.000002
203	0.000024	0.000000	0.000000	0.130281	0.834724	0.034967	0.000000	0.000000	0.000004
204	0.000022	0.000000	0.000000	0.129890	0.835148	0.034939	0.000000	0.000000	0.000001
205	0.000028	0.000000	0.000000	0.129638	0.835478	0.034854	0.000000	0.000000	0.000002
206	0.000023	0.000000	0.000000	0.129538	0.835335	0.035104	0.000000	0.000000	0.000000
207	0.000027	0.000000	0.000000	0.129351	0.835311	0.035311	0.000000	0.000000	0.000000
208	0.000028	0.000000	0.000000	0.129250	0.835725	0.034997	0.000000	0.000000	0.000000
209	0.000026	0.000000	0.000000	0.129112	0.835801	0.035061	0.000000	0.000000	0.000000
210	0.000018	0.000000	0.000000	0.129185	0.835504	0.035293	0.000000	0.000000	0.000000
211	0.000022	0.000000	0.000000	0.128955	0.835859	0.035164	0.000000	0.000000	0.000000
212	0.000017	0.000000	0.000000	0.128965	0.835913	0.035105	0.000000	0.000000	0.000000
213	0.000020	0.000000	0.000000	0.129234	0.835548	0.035198	0.000000	0.000000	0.000000
214	0.000008	0.000000	0.000000	0.129207	0.835471	0.035314	0.000000	0.000000	0.000000
215	0.000007	0.000000	0.000000	0.129288	0.835411	0.035294	0.000000	0.000000	0.000000
216	0.000008	0.000000	0.000000	0.129095	0.835302	0.035595	0.000000	0.000000	0.000000
217	0.000006	0.000000	0.000000	0.129050	0.835492	0.035452	0.000000	0.000000	0.000000
218	0.000005	0.000000	0.000000	0.129005	0.835681	0.035309	0.000000	0.000000	0.000000
219	0.000002	0.000000	0.000000	0.128804	0.835758	0.035436	0.000000	0.000000	0.000000
220	0.000003	0.000000	0.000000	0.128561	0.836058	0.035378	0.000000	0.000000	0.000000
221	0.000002	0.000000	0.000000	0.129165	0.835182	0.035651	0.000000	0.000000	0.000000
222	0.000002	0.000000	0.000000	0.128988	0.835430	0.035580	0.000000	0.000000	0.000000
223	0.000002	0.000000	0.000000	0.129191	0.835299	0.035508	0.000000	0.000000	0.000000
224	0.000000	0.000000	0.000000	0.129028	0.835543	0.035429	0.000000	0.000000	0.000000
225	0.000000	0.000000	0.000000	0.129085	0.835753	0.035162	0.000000	0.000000	0.000000
226	0.000000	0.000000	0.000000	0.129046	0.835694	0.035260	0.000000	0.000000	0.000000
227	0.000000	0.000000	0.000000	0.128667	0.836285	0.035048	0.000000	0.000000	0.000000
228	0.000000	0.000000	0.000000	0.128778	0.836091	0.035131	0.000000	0.000000	0.000000
229	0.000000	0.000000	0.000000	0.129035	0.835957	0.035008	0.000000	0.000000	0.000000
230	0.000000	0.000000	0.000000	0.128608	0.836313	0.035079	0.000000	0.000000	0.000000
231	0.000000	0.000000	0.000000	0.128890	0.835758	0.035352	0.000000	0.000000	0.000000
232	0.000000	0.000000	0.000000	0.128919	0.835732	0.035349	0.000000	0.000000	0.000000
233	0.000000	0.000000	0.000000	0.128697	0.836061	0.035242	0.000000	0.000000	0.000000
234	0.000000	0.000000	0.000000	0.128746	0.836001	0.035253	0.000000	0.000000	0.000000
235	0.000000	0.000000	0.000000	0.128855	0.835926	0.035219	0.000000	0.000000	0.000000
236	0.000000	0.000000	0.000000	0.128962	0.835914	0.035124	0.000000	0.000000	0.000000
237	0.000000	0.000000	0.000000	0.128691	0.836254	0.035055	0.000000	0.000000	0.000000
238	0.000000	0.000000	0.000000	0.128441	0.836346	0.035213	0.000000	0.000000	0.000000
239	0.000000	0.000000	0.000000	0.128677	0.835872	0.035451	0.000000	0.000000	0.000000
240	0.000000	0.000000	0.000000	0.129012	0.835608	0.035380	0.000000	0.000000	0.000000
241	0.000000	0.000000	0.000000	0.128930	0.835356	0.035714	0.000000	0.000000	0.000000
242	0.000000	0.000000	0.000000	0.128837	0.835574	0.035589	0.000000	0.000000	0.000000
243	0.000000	0.000000	0.000000	0.129161	0.835188	0.035651	0.000000	0.000000	0.000000
244	0.000000	0.000000	0.000000	0.129235	0.835047	0.035718	0.000000	0.000000	0.000000
245	0.000000	0.000000	0.000000	0.129201	0.834873	0.035926	0.000000	0.000000	0.000000
246	0.000000	0.000000	0.000000	0.129462	0.834628	0.035910	0.000000	0.000000	0.000000
247	0.000000	0.000000	0.000000	0.129149	0.835039	0.035812	0.000000	0.000000	0.000000
248	0.000000	0.000000	0.000000	0.129148	0.835157	0.035695	0.000000	0.000000	0.000000
249	0.000000	0.000000	0.000000	0.129109	0.835334	0.035557	0.000000	0.000000	0.000000
250	0.000000	0.000000	0.000000	0.129288	0.834728	0.035984	0.000000	0.000000	0.000000
251	0.000000	0.000000	0.000000	0.129013	0.835009	0.035978	0.000000	0.000000	0.000000
252	0.000000	0.000000	0.000000	0.129197	0.834754	0.036049	0.000000	0.000000	0.000000
253	0.000000	0.000000	0.000000	0.129493	0.834800	0.035707	0.000000	0.000000	0.000000
254	0.000000	0.000000	0.000000	0.129426	0.834804	0.035770	0.000000	0.000000	0.000000
255	0.000000	0.000000	0.000000	0.129174	0.835158	0.035668	0.000000	0.000000	0.000000
256	0.000000	0.000000	0.000000	0.129174	0.835080	0.035746	0.000000	0.000000	0.000000
257	0.000000	0.000000	0.000000	0.129750	0.834516	0.035734	0.000000	0.000000	0.000000
258	0.000000	0.000000	0.000000	0.129749	0.834761	0.035490	0.000000	0.000000	0.000000
259	0.000000	0.000000	0.000000	0.129672	0.834861	0.035467	0.000000	0.000000	0.000000
260	0.000000	0.000000	0.000000	0.129626	0.834929	0.035445	0.000000	0.000000	0.000000
261	0.000000	0.000000	0.000000	0.130006	0.834397	0.035597	0.000000	0.000000	0.000000
262	0.000000	0.000000	0.000000	0.130247	0.834365	0.035388	0.000000	0.000000	0.000000
263	0.000000	0.000000	0.000000	0.130407	0.834084	0.035509	0.000000	0.000000	0.000000
264	0.000000	0.000000	0.000000	0.130108	0.834488	0.035404	0.000000	0.000000	0.000000
265	0.000000	0.000000	0.000000	0.129811	0.834802	0.035387	0.000000	0.000000	0.000000
266	0.000000	0.000000	0.000000	0.129778	0.834924	0.035298	0.000000	0.000000	0.000000
267	0.000000	0.000000	0.000000	0.129844	0.834670	0.035486	0.000000	0.000000	0.000000
268	0.000000	0.000000	0.000000	0.129443	0.834951	0.035606	0.000000	0.000000	0.000000
269	0.000000	0.000000	0.000000	0.129273	0.835191	0.035536	0.000000	0.000000	0.000000
270	0.000000	0.000000	0.000000	0.128827	0.835449	0.035724	0.000000	0.000000	0.000000
271	0.000000	0.000000	0.000000	0.129031	0.835144	0.035825	0.000000	0.000000	0.000000
272	0.000000	0.000000	0.000000	0.129281	0.834828	0.035891	0.000000	0.000000	0.000000
273	0.000000	0.000000	0.000000	0.129592	0.834416	0.035992	0.000000	0.000000	0.000000
274	0.000000	0.000000	0.000000	0.129461	0.834447	0.036092	0.000000	0.000000	0.000000
275	0.000000	0.000000	0.000000	0.129478	0.834341	0.036181	0.000000	0.000000	0.000000
276	0.000000	0.000000	0.000000	0.129856	0.833842	0.036302	0.000000	0.000000	0.000000
277	0.000000	0.000000	0.000000	0.129660	0.833945	0.036395	0.000000	0.000000	0.000000
278	0.000000	0.000000	0.000000	0.129595	0.834139	0.036266	0.000000	0.000000	0.000000
279	0.000000	0.000000	0.000000	0.129148	0.834639	0.036213	0.000000	0.000000	0.000000
280	0.000000	0.000000	0.000000	0.129534	0.834041	0.036425	0.000000	0.000000	0.000000
281	0.000000	0.000000	0.000000	0.129620	0.833650	0.036730	0.000000	0.000000	0.000000
282	0.000000	0.000000	0.000000	0.129668	0.833480	0.036852	0.000000	0.000000	0.000000
283	0.000000	0.000000	0.000000	0.129635	0.833458	0.036907	0.000000	0.000000	0.000000
284	0.000000	0.000000	0.000000	0.129379	0.833523	0.037098	0.000000	0.000000	0.000000
285	0.000000	0.000000	0.000000	0.129213	0.833825	0.036962	0.000000	0.000000	0.000000
286	0.000000	0.000000	0.000000	0.129108	0.833872	0.037020	0.000000	0.000000	0.000000
287	0.000000	0.000000	0.000000	0.129392	0.833711	0.036897	0.000000	0.000000	0.000000
288	0.000000	0.000000	0.000000	0.129100	0.834297	0.036603	0.000000	0.000000	0.000000
289	0.000000	0.000000	0.000000	0.128875	0.834309	0.036816	0.000000	0.000000	0.000000
290	0.000000	0.000000	0.000000	0.128943	0.834627	0.036430	0.000000	0.000000	0.000000
291	0.000000	0.000000	0.000000	0.129182	0.834470	0.036348	0.000000	0.000000	0.000000
292	0.000000	0.000000	0.000000	0.128947	0.834451	0.036602	0.000000	0.000000	0.000000
293	0.000000	0.000000	0.000000	0.128937	0.834195	0.036868	0.000000	0.000000	0.000000
294	0.000000	0.000000	0.000000	0.129252	0.833691	0.037057	0.000000	0.000000	0.000000
295	0.000000	0.000000	0.000000	0.129281	0.833655	0.037064	0.000000	0.000000	0.000000
296	0.000000	0.000000	0.000000	0.129414	0.833117	0.037469	0.000000	0.000000	0.000000
297	0.000000	0.000000	0.000000	0.129120	0.833741	0.037139	0.000000	0.000000	0.000000
298	0.000000	0.000000	0.000000	0.129670	0.833145	0.037185	0.000000	0.000000	0.000000
299	0.000000	0.000000	0.000000	0.129462	0.833311	0.037227	0.000000	0.000000	0.000000
300	0.000000	0.000000	0.000000	0.129703	0.833092	0.037205	0.000000	0.000000	0.000000
301	0.000000	0.000000	0.000000	0.129654	0.833156	0.037190	0.000000	0.000000	0.000000
302	0.000000	0.000000	0.000000	0.129821	0.832830	0.037349	0.000000	0.000000	0.000000
303	0.000000	0.000000	0.000000	0.129289	0.833275	0.037436	0.000000	0.000000	0.000000
304	0.000000	0.000000	0.000000	0.129136	0.833436	0.037428	0.000000	0.000000	0.000000
305	0.000000	0.000000	0.000000	0.129073	0.833486	0.037441	0.000000	0.000000	0.000000
306	0.000000	0.000000	0.000000	0.129663	0.832850	0.037487	0.000000	0.000000	0.000000
307	0.000000	0.000000	0.000000	0.129452	0.832964	0.037584	0.000000	0.000000	0.000000
308	0.000000	0.000000	0.000000	0.129423	0.832898	0.037679	0.000000	0.000000	0.000000
309	0.000000	0.000000	0.000000	0.129599	0.833014	0.037387	0.000000	0.000000	0.000000
310	0.000000	0.000000	0.000000	0.129376	0.833367	0.037257	0.000000	0.000000	0.000000
311	0.000000	0.000000	0.000000	0.129340	0.833510	0.037150	0.000000	0.000000	0.000000
312	0.000000	0.000000	0.000000	0.129432	0.833480	0.037088	0.000000	0.000000	0.000000
313	0.000000	0.000000	0.000000	0.129297	0.833658	0.037045	0.000000	0.000000	0.000000
314	0.000000	0.000000	0.000000	0.129082	0.834143	0.036775	0.000000	0.000000	0.000000
315	0.000000	0.000000	0.000000	0.129189	0.834232	0.036579	0.000000	0.000000	0.000000
316	0.000000	0.000000	0.000000	0.128734	0.834460	0.036806	0.000000	0.000000	0.000000
317	0.000000	0.000000	0.000000	0.128739	0.834546	0.036715	0.000000	0.000000	0.000000
318	0.000000	0.000000	0.000000	0.128505	0.835065	0.036430	0.000000	0.000000	0.000000
319	0.000000	0.000000	0.000000	0.128059	0.835503	0.036438	0.000000	0.000000	0.000000
320	0.000000	0.000000	0.000000	0.127526	0.836126	0.036348	0.000000	0.000000	0.000000
321	0.000000	0.000000	0.000000	0.127690	0.836235	0.036075	0.000000	0.000000	0.000000
322	0.000000	0.000000	0.000000	0.127168	0.836817	0.036015	0.000000	0.000000	0.000000
323	0.000000	0.000000	0.000000	0.126779	0.837337	0.035884	0.000000	0.000000	0.000000
324	0.000000	0.000000	0.000000	0.126256	0.837721	0.036023	0.000000	0.000000	0.000000
325	0.000000	0.000000	0.000000	0.126380	0.837413	0.036207	0.000000	0.000000	0.000000
326	0.000000	0.000000	0.000000	0.126292	0.837230	0.036478	0.000000	0.000000	0.000000
327	0.000000	0.000000	0.000000	0.126358	0.837170	0.036472	0.000000	0.000000	0.000000
328	0.000000	0.000000	0.000000	0.126354	0.837015	0.036631	0.000000	0.000000	0.000000
329	0.000000	0.000000	0.000000	0.126290	0.837222	0.036488	0.000000	0.000000	0.000000
330	0.000000	0.000000	0.000000	0.126479	0.837120	0.036401	0.000000	0.000000	0.000000
331	0.000000	0.000000	0.000000	0.126992	0.836657	0.036351	0.000000	0.000000	0.000000
332	0.000000	0.000000	0.000000	0.126923	0.836916	0.036161	0.000000	0.000000	0.000000
333	0.000000	0.000000	0.000000	0.126629	0.836906	0.036465	0.000000	0.000000	0.000000
334	0.000000	0.000000	0.000000	0.126563	0.836862	0.036575	0.000000	0.000000	0.000000
335	0.000000	0.000000	0.000000	0.126821	0.836811	0.036368	0.000000	0.000000	0.000000
336	0.000000	0.000000	0.000000	0.126834	0.836470	0.036696	0.000000	0.000000	0.000000
337	0.000000	0.000000	0.000000	0.126637	0.836712	0.036651	0.000000	0.000000	0.000000
338	0.000000	0.000000	0.000000	0.126539	0.836938	0.036523	0.000000	0.000000	0.000000
339	0.000000	0.000000	0.000000	0.126752	0.836995	0.036253	0.000000	0.000000	0.000000
340	0.000000	0.000000	0.000000	0.126714	0.836823	0.036463	0.000000	0.000000	0.000000
341	0.000000	0.000000	0.000000	0.126890	0.836715	0.036395	0.000000	0.000000	0.000000
342	0.000000	0.000000	0.000000	0.126810	0.836876	0.036314	0.000000	0.000000	0.000000
343	0.000000	0.000000	0.000000	0.127193	0.836390	0.036417	0.000000	0.000000	0.000000
344	0.000000	0.000000	0.000000	0.127563	0.835920	0.036517	0.000000	0.000000	0.000000
345	0.000000	0.000000	0.000000	0.128180	0.835467	0.036353	0.000000	0.000000	0.000000
346	0.000000	0.000000	0.000000	0.128113	0.835402	0.036485	0.000000	0.000000	0.000000
347	0.000000	0.000000	0.000000	0.127796	0.835494	0.036710	0.000000	0.000000	0.000000
348	0.000000	0.000000	0.000000	0.127669	0.835763	0.036568	0.000000	0.000000	0.000000
349	0.000000	0.000000	0.000000	0.127894	0.835576	0.036530	0.000000	0.000000	0.000000
350	0.000000	0.000000	0.000000	0.128121	0.835297	0.036582	0.000000	0.000000	0.000000
351	0.000000	0.000000	0.000000	0.128726	0.834791	0.036483	0.000000	0.000000	0.000000
352	0.000000	0.000000	0.000000	0.128726	0.834709	0.036565	0.000000	0.000000	0.000000
353	0.000000	0.000000	0.000000	0.128242	0.835313	0.036445	0.000000	0.000000	0.000000
354	0.000000	0.000000	0.000000	0.128263	0.835261	0.036476	0.000000	0.000000	0.000000
355	0.000000	0.000000	0.000000	0.127829	0.835853	0.036318	0.000000	0.000000	0.000000
356	0.000000	0.000000	0.000000	0.127754	0.836024	0.036222	0.000000	0.000000	0.000000
357	0.000000	0.000000	0.000000	0.127453	0.836143	0.036404	0.000000	0.000000	0.000000
358	0.000000	0.000000	0.000000	0.127764	0.835884	0.036352	0.000000	0.000000	0.000000
359	0.000000	0.000000	0.000000	0.127638	0.836178	0.036184	0.000000	0.000000	0.000000
360	0.000000	0.000000	0.000000	0.127412	0.836203	0.036385	0.000000	0.000000	0.000000
361	0.000000	0.000000	0.000000	0.127418	0.836326	0.036256	0.000000	0.000000	0.000000
362	0.000000	0.000000	0.000000	0.127335	0.836384	0.036281	0.000000	0.000000	0.000000
363	0.000000	0.000000	0.000000	0.127518	0.836060	0.036422	0.000000	0.000000	0.000000
364	0.000000	0.000000	0.000000	0.127756	0.835914	0.036330	0.000000	0.000000	0.000000
365	0.000000	0.000000	0.000000	0.127843	0.835579	0.036578	0.000000	0.000000	0.000000
366	0.000000	0.000000	0.000000	0.128362	0.835315	0.036323	0.000000	0.000000	0.000000
367	0.000000	0.000000	0.000000	0.128657	0.835208	0.036135	0.000000	0.000000	0.000000
368	0.000000	0.000000	0.000000	0.128139	0.835599	0.036262	0.000000	0.000000	0.000000
369	0.000000	0.000000	0.000000	0.128201	0.835584	0.036215	0.000000	0.000000	0.000000
370	0.000000	0.000000	0.000000	0.128295	0.835388	0.036317	0.000000	0.000000	0.000000
371	0.000000	0.000000	0.000000	0.127707	0.836161	0.036132	0.000000	0.000000	0.000000
372	0.000000	0.000000	0.000000	0.127846	0.835892	0.036262	0.000000	0.000000	0.000000
373	0.000000	0.000000	0.000000	0.127570	0.836309	0.036121	0.000000	0.000000	0.000000
374	0.000000	0.000000	0.000000	0.127904	0.836022	0.036074	0.000000	0.000000	0.000000
375	0.000000	0.000000	0.000000	0.127499	0.836142	0.036359	0.000000	0.000000	0.000000
376	0.000000	0.000000	0.000000	0.127526	0.836104	0.036370	0.000000	0.000000	0.000000
377	0.000000	0.000000	0.000000	0.127354	0.836127	0.036519	0.000000	0.000000	0.000000
378	0.000000	0.000000	0.000000	0.127435	0.836229	0.036336	0.000000	0.000000	0.000000
379	0.000000	0.000000	0.000000	0.127354	0.836319	0.036327	0.000000	0.000000	0.000000
380	0.000000	0.000000	0.000000	0.127396	0.836600	0.036004	0.000000	0.000000	0.000000
381	0.000000	0.000000	0.000000	0.127411	0.836508	0.036081	0.000000	0.000000	0.000000
382	0.000000	0.000000	0.000000	0.127311	0.836800	0.035889	0.000000	0.000000	0.000000
383	0.000000	0.000000	0.000000	0.127157	0.837051	0.035792	0.000000	0.000000	0.000000
384	0.000000	0.000000	0.000000	0.127248	0.836640	0.036112	0.000000	0.000000	0.000000
385	0.000000	0.000000	0.000000	0.127093	0.836898	0.036009	0.000000	0.000000	0.000000
386	0.000000	0.000000	0.000000	0.127254	0.836601	0.036145	0.000000	0.000000	0.000000
387	0.000000	0.000000	0.000000	0.127227	0.836556	0.036217	0.000000	0.000000	0.000000
388	0.000000	0.000000	0.000000	0.127406	0.836288	0.036306	0.000000	0.000000	0.000000
389	0.000000	0.000000	0.000000	0.127193	0.836259	0.036548	0.000000	0.000000	0.000000
390	0.000000	0.000000	0.000000	0.127107	0.836309	0.036584	0.000000	0.000000	0.000000
391	0.000000	0.000000	0.000000	0.127450	0.836134	0.036416	0.000000	0.000000	0.000000
392	0.000000	0.000000	0.000000	0.127491	0.836001	0.036508	0.000000	0.000000	0.000000
393	0.000000	0.000000	0.000000	0.127836	0.835603	0.036561	0.000000	0.000000	0.000000
394	0.000000	0.000000	0.000000	0.127452	0.835819	0.036729	0.000000	0.000000	0.000000
395	0.000000	0.000000	0.000000	0.127201	0.836339	0.036460	0.000000	0.000000	0.000000
396	0.000000	0.000000	0.000000	0.127308	0.836109	0.036583	0.000000	0.000000	0.000000
397	0.000000	0.000000	0.000000	0.127163	0.836523	0.036314	0.000000	0.000000	0.000000
398	0.000000	0.000000	0.000000	0.127305	0.836547	0.036148	0.000000	0.000000	0.000000
399	0.000000	0.000000	0.000000	0.127383	0.836467	0.036150	0.000000	0.000000	0.000000
400	0.000000	0.000000	0.000000	0.127383	0.836481	0.036136	0.000000	0.000000	0.000000
401	0.000000	0.000000	0.000000	0.127476	0.836267	0.036257	0.000000	0.000000	0.000000
402	0.000000	0.000000	0.000000	0.127279	0.836492	0.036229	0.000000	0.000000	0.000000
403	0.000000	0.000000	0.000000	0.127313	0.836556	0.036131	0.000000	0.000000	0.000000
404	0.000000	0.000000	0.000000	0.127252	0.836507	0.036241	0.000000	0.000000	0.000000
405	0.000000	0.000000	0.000000	0.127231	0.836714	0.036055	0.000000	0.000000	0.000000
406	0.000000	0.000000	0.000000	0.127144	0.836926	0.035930	0.000000	0.000000	0.000000
407	0.000000	0.000000	0.000000	0.126866	0.837260	0.035874	0.000000	0.000000	0.000000
408	0.000000	0.000000	0.000000	0.127131	0.837007	0.035862	0.000000	0.000000	0.000000
409	0.000000	0.000000	0.000000	0.127173	0.837181	0.035646	0.000000	0.000000	0.000000
410	0.000000	0.000000	0.000000	0.126622	0.837477	0.035901	0.000000	0.000000	0.000000
411	0.000000	0.000000	0.000000	0.126724	0.837331	0.035945	0.000000	0.000000	0.000000
412	0.000000	0.000000	0.000000	0.126676	0.837207	0.036117	0.000000	0.000000	0.000000
413	0.000000	0.000000	0.000000	0.126616	0.837350	0.036034	0.000000	0.000000	0.000000
414	0.000000	0.000000	0.000000	0.126916	0.837099	0.035985	0.000000	0.000000	0.000000
415	0.000000	0.000000	0.000000	0.126378	0.837789	0.035833	0.000000	0.000000	0.000000
416	0.000000	0.000000	0.000000	0.126516	0.837537	0.035947	0.000000	0.000000	0.000000
417	0.000000	0.000000	0.000000	0.126598	0.837282	0.036120	0.000000	0.000000	0.000000
418	0.000000	0.000000	0.000000	0.126887	0.837040	0.036073	0.000000	0.000000	0.000000
419	0.000000	0.000000	0.000000	0.126844	0.837245	0.035911	0.000000	0.000000	0.000000
420	0.000000	0.000000	0.000000	0.126732	0.837330	0.035938	0.000000	0.000000	0.000000
421	0.000000	0.000000	0.000000	0.126579	0.837471	0.035950	0.000000	0.000000	0.000000
422	0.000000	0.000000	0.000000	0.126614	0.837463	0.035923	0.000000	0.000000	0.000000
423	0.000000	0.000000	0.000000	0.126606	0.837360	0.036034	0.000000	0.000000	0.000000
424	0.000000	0.000000	0.000000	0.126838	0.837313	0.035849	0.000000	0.000000	0.000000
425	0.000000	0.000000	0.000000	0.127167	0.837048	0.035785	0.000000	0.000000	0.000000
426	0.000000	0.000000	0.000000	0.127779	0.836503	0.035718	0.000000	0.000000	0.000000
427	0.000000	0.000000	0.000000	0.127674	0.836674	0.035652	0.000000	0.000000	0.000000
428	0.000000	0.000000	0.000000	0.127923	0.836284	0.035793	0.000000	0.000000	0.000000
429	0.000000	0.000000	0.000000	0.128109	0.836234	0.035657	0.000000	0.000000	0.000000
430	0.000000	0.000000	0.000000	0.128024	0.836259	0.035717	0.000000	0.000000	0.000000
431	0.000000	0.000000	0.000000	0.127853	0.836360	0.035787	0.000000	0.000000	0.000000
432	0.000000	0.000000	0.000000	0.128025	0.836249	0.035726	0.000000	0.000000	0.000000
433	0.000000	0.000000	0.000000	0.127980	0.836258	0.035762	0.000000	0.000000	0.000000
434	0.000000	0.000000	0.000000	0.127932	0.836260	0.035808	0.000000	0.000000	0.000000
435	0.000000	0.000000	0.000000	0.127656	0.836475	0.035869	0.000000	0.000000	0.000000
436	0.000000	0.000000	0.000000	0.127386	0.836719	0.035895	0.000000	0.000000	0.000000
437	0.000000	0.000000	0.000000	0.127458	0.836440	0.036102	0.000000	0.000000	0.000000
438	0.000000	0.000000	0.000000	0.127093	0.836902	0.036005	0.000000	0.000000	0.000000
439	0.000000	0.000000	0.000000	0.127069	0.836959	0.035972	0.000000	0.000000	0.000000
440	0.000000	0.000000	0.000000	0.126944	0.836947	0.036109	0.000000	0.000000	0.000000
441	0.000000	0.000000	0.000000	0.127162	0.836900	0.035938	0.000000	0.000000	0.000000
442	0.000000	0.000000	0.000000	0.127167	0.836703	0.036130	0.000000	0.000000	0.000000
443	0.000000	0.000000	0.000000	0.126995	0.837103	0.035902	0.000000	0.000000	0.000000
444	0.000000	0.000000	0.000000	0.126613	0.837355	0.036032	0.000000	0.000000	0.000000
445	0.000000	0.000000	0.000000	0.126498	0.837365	0.036137	0.000000	0.000000	0.000000
446	0.000000	0.000000	0.000000	0.126866	0.836938	0.036196	0.000000	0.000000	0.000000
447	0.000000	0.000000	0.000000	0.126839	0.836852	0.036309	0.000000	0.000000	0.000000
448	0.000000	0.000000	0.000000	0.126818	0.836855	0.036327	0.000000	0.000000	0.000000
449	0.000000	0.000000	0.000000	0.126598	0.836872	0.036530	0.000000	0.000000	0.000000
450	0.000000	0.000000	0.000000	0.126632	0.836942	0.036426	0.000000	0.000000	0.000000
451	0.000000	0.000000	0.000000	0.126761	0.836648	0.036591	0.000000	0.000000	0.000000
452	0.000000	0.000000	0.000000	0.126721	0.836607	0.036672	0.000000	0.000000	0.000000
453	0.000000	0.000000	0.000000	0.126992	0.836369	0.036639	0.000000	0.000000	0.000000
454	0.000000	0.000000	0.000000	0.126579	0.836723	0.036698	0.000000	0.000000	0.000000
455	0.000000	0.000000	0.000000	0.126705	0.836609	0.036686	0.000000	0.000000	0.000000
456	0.000000	0.000000	0.000000	0.126566	0.836616	0.036818	0.000000	0.000000	0.000000
457	0.000000	0.000000	0.000000	0.126234	0.836796	0.036970	0.000000	0.000000	0.000000
458	0.000000	0.000000	0.000000	0.126268	0.836946	0.036786	0.000000	0.000000	0.000000
459	0.000000	0.000000	0.000000	0.126244	0.836955	0.036801	0.000000	0.000000	0.000000
460	0.000000	0.000000	0.000000	0.126427	0.836919	0.036654	0.000000	0.000000	0.000000
461	0.000000	0.000000	0.000000	0.126596	0.836725	0.036679	0.000000	0.000000	0.000000
462	0.000000	0.000000	0.000000	0.126680	0.836732	0.036588	0.000000	0.000000	0.000000
463	0.000000	0.000000	0.000000	0.126333	0.837185	0.036482	0.000000	0.000000	0.000000
464	0.000000	0.000000	0.000000	0.126799	0.836560	0.036641	0.000000	0.000000	0.000000
465	0.000000	0.000000	0.000000	0.126785	0.836508	0.036707	0.000000	0.000000	0.000000
466	0.000000	0.000000	0.000000	0.127257	0.835864	0.036879	0.000000	0.000000	0.000000
467	0.000000	0.000000	0.000000	0.126807	0.836423	0.036770	0.000000	0.000000	0.000000
468	0.000000	0.000000	0.000000	0.127015	0.836353	0.036632	0.000000	0.000000	0.000000
469	0.000000	0.000000	0.000000	0.127402	0.835888	0.036710	0.000000	0.000000	0.000000
470	0.000000	0.000000	0.000000	0.127413	0.835787	0.036800	0.000000	0.000000	0.000000
