0	0.290663	0.057897	0.229473	0.157588	0.029913	0.111872	0.085455	0.012259	0.024880
1	0.219253	0.045718	0.190477	0.149884	0.030502	0.127531	0.121376	0.023409	0.091850
2	0.208505	0.042656	0.180932	0.153023	0.033059	0.130563	0.123758	0.024012	0.103492
3	0.203630	0.040229	0.173868	0.156667	0.036193	0.131721	0.123617	0.023249	0.110826
4	0.200389	0.037647	0.167942	0.160706	0.039898	0.131679	0.122734	0.022144	0.116861
5	0.198717	0.035237	0.161844	0.164096	0.043869	0.131015	0.121507	0.021115	0.122600
6	0.196851	0.032931	0.155824	0.167881	0.048206	0.130523	0.119686	0.020077	0.128021
7	0.194473	0.030858	0.149899	0.171367	0.052709	0.130386	0.117740	0.018914	0.133654
8	0.192215	0.028923	0.144861	0.174681	0.057311	0.129378	0.115439	0.017956	0.139236
9	0.190796	0.026989	0.138919	0.178082	0.062171	0.127904	0.113859	0.016799	0.144481
10	0.189243	0.025206	0.134039	0.180655	0.066963	0.125964	0.111477	0.015986	0.150467
11	0.187050	0.023378	0.128818	0.182795	0.072500	0.124511	0.109749	0.015143	0.156056
12	0.185685	0.021962	0.122920	0.185790	0.077581	0.122322	0.107605	0.014292	0.161843
13	0.183896	0.020553	0.117585	0.188096	0.083116	0.120569	0.105649	0.013428	0.167108
14	0.181931	0.019034	0.112560	0.190201	0.088871	0.118825	0.103544	0.012387	0.172647
15	0.180231	0.017631	0.107344	0.192380	0.094920	0.116467	0.101605	0.011776	0.177646
16	0.178333	0.016390	0.102829	0.194491	0.100865	0.114128	0.099321	0.010924	0.182719
17	0.176007	0.015086	0.098368	0.196354	0.107498	0.111560	0.096800	0.010411	0.187916
18	0.173581	0.013971	0.093811	0.199080	0.113828	0.108830	0.094714	0.009543	0.192642
19	0.170968	0.012944	0.089936	0.200777	0.120331	0.106170	0.092508	0.008954	0.197412
20	0.168836	0.011924	0.085426	0.202573	0.127260	0.103961	0.089936	0.008378	0.201706
21	0.167171	0.011101	0.081695	0.204114	0.134161	0.100758	0.087097	0.007818	0.206085
22	0.164500	0.010096	0.077473	0.206110	0.141223	0.098508	0.085033	0.007301	0.209756
23	0.162222	0.009306	0.073868	0.207526	0.148074	0.095996	0.082390	0.006889	0.213729
24	0.159759	0.008570	0.070048	0.209021	0.155431	0.093304	0.080115	0.006533	0.217219
25	0.156897	0.007838	0.066696	0.210585	0.162755	0.090561	0.077694	0.006149	0.220825
26	0.154524	0.007252	0.063355	0.211832	0.170330	0.087602	0.075486	0.005853	0.223766
27	0.151683	0.006733	0.059807	0.212322	0.178088	0.085676	0.073567	0.005448	0.226676
28	0.149562	0.006142	0.056698	0.213347	0.186122	0.083266	0.071116	0.004955	0.228792
29	0.146550	0.005689	0.053848	0.214175	0.194197	0.080802	0.068650	0.004618	0.231471
30	0.143923	0.005239	0.050587	0.214890	0.202350	0.078886	0.066585	0.004305	0.233235
31	0.141525	0.004839	0.047693	0.215579	0.210851	0.076458	0.064041	0.004043	0.234971
32	0.138411	0.004432	0.044788	0.216975	0.219134	0.074009	0.061870	0.003775	0.236606
33	0.135330	0.003995	0.041958	0.218203	0.227548	0.072021	0.059662	0.003547	0.237736
34	0.132794	0.003618	0.039964	0.218877	0.235771	0.069913	0.057425	0.003228	0.238410
35	0.129389	0.003299	0.037616	0.219714	0.244739	0.068201	0.054990	0.002945	0.239107
36	0.126248	0.002983	0.035413	0.220895	0.253177	0.066107	0.053039	0.002643	0.239495
37	0.123083	0.002706	0.033260	0.221989	0.261343	0.064162	0.051256	0.002467	0.239734
38	0.119746	0.002507	0.031203	0.223128	0.269837	0.062321	0.049089	0.002315	0.239854
39	0.115993	0.002327	0.029406	0.224362	0.278558	0.060984	0.046975	0.002090	0.239305
40	0.113097	0.002091	0.027499	0.225419	0.287365	0.059390	0.044913	0.001977	0.238249
41	0.110062	0.001892	0.026032	0.226479	0.296187	0.057411	0.042724	0.001781	0.237432
42	0.107397	0.001766	0.024301	0.227011	0.305127	0.056127	0.041048	0.001608	0.235615
43	0.104398	0.001609	0.022634	0.228164	0.313350	0.054614	0.039087	0.001438	0.234706
44	0.101904	0.001453	0.021075	0.228522	0.322606	0.053273	0.037211	0.001398	0.232558
45	0.099147	0.001347	0.019787	0.229154	0.331312	0.051994	0.035488	0.001272	0.230499
46	0.096083	0.001193	0.018575	0.229876	0.340420	0.050867	0.033778	0.001187	0.228021
47	0.093133	0.001101	0.017570	0.230431	0.349786	0.049548	0.032221	0.001077	0.225133
48	0.090669	0.001020	0.016274	0.230836	0.358712	0.048453	0.030445	0.001013	0.222578
49	0.087645	0.000933	0.015228	0.231625	0.368100	0.047062	0.028922	0.000962	0.219523
50	0.084605	0.000883	0.014098	0.232565	0.376346	0.046172	0.027492	0.000848	0.216991
51	0.081842	0.000791	0.013022	0.233405	0.385180	0.045203	0.026233	0.000758	0.213566
52	0.079011	0.000735	0.012326	0.234081	0.393675	0.044315	0.024913	0.000749	0.210195
53	0.076253	0.000686	0.011381	0.235472	0.402165	0.043486	0.023575	0.000663	0.206319
54	0.073284	0.000638	0.010742	0.236995	0.410333	0.042555	0.022370	0.000613	0.202470
55	0.070532	0.000608	0.009972	0.237975	0.418733	0.041762	0.021158	0.000525	0.198735
56	0.067856	0.000560	0.009216	0.238660	0.426922	0.041122	0.019874	0.000523	0.195267
57	0.065274	0.000520	0.008440	0.239247	0.435641	0.040373	0.018818	0.000466	0.191221
58	0.063051	0.000505	0.007861	0.240341	0.444056	0.039566	0.017437	0.000418	0.186765
59	0.060220	0.000444	0.007300	0.241126	0.452793	0.038771	0.016460	0.000366	0.182520
60	0.057740	0.000402	0.006749	0.242128	0.460381	0.038339	0.015537	0.000328	0.178396
61	0.055261	0.000354	0.006181	0.243254	0.468191	0.037638	0.014716	0.000313	0.174092
62	0.053084	0.000303	0.005870	0.243640	0.476500	0.037117	0.013772	0.000292	0.169422
63	0.050614	0.000302	0.005428	0.244516	0.484225	0.036314	0.012892	0.000256	0.165453
64	0.048408	0.000267	0.004879	0.244556	0.492432	0.035681	0.012165	0.000253	0.161359
65	0.046049	0.000242	0.004569	0.245435	0.500097	0.035118	0.011387	0.000219	0.156884
66	0.044101	0.000202	0.004381	0.246124	0.507502	0.034343	0.010640	0.000190	0.152517
67	0.042092	0.000170	0.004025	0.246965	0.514423	0.034116	0.009922	0.000170	0.148117
68	0.040237	0.000142	0.003715	0.248448	0.521161	0.033480	0.009311	0.000164	0.143342
69	0.038316	0.000153	0.003443	0.249323	0.527951	0.033071	0.008572	0.000156	0.139015
70	0.036355	0.000159	0.003165	0.250552	0.534605	0.032799	0.007983	0.000123	0.134259
71	0.034567	0.000160	0.002892	0.251583	0.541010	0.032253	0.007476	0.000134	0.129925
72	0.032778	0.000163	0.002763	0.252326	0.547636	0.031798	0.006928	0.000122	0.125486
73	0.031168	0.000156	0.002546	0.253437	0.553251	0.031626	0.006526	0.000125	0.121165
74	0.029575	0.000137	0.002339	0.254351	0.559349	0.031363	0.006062	0.000121	0.116703
75	0.027988	0.000119	0.002151	0.255521	0.565188	0.030998	0.005734	0.000112	0.112189
76	0.026473	0.000116	0.002037	0.256354	0.570362	0.030848	0.005440	0.000114	0.108256
77	0.025285	0.000107	0.001909	0.256684	0.576174	0.030359	0.004969	0.000112	0.104401
78	0.023955	0.000103	0.001717	0.256970	0.581707	0.030319	0.004606	0.000086	0.100537
79	0.022569	0.000098	0.001629	0.258602	0.586851	0.029643	0.004337	0.000089	0.096182
80	0.021390	0.000090	0.001525	0.259153	0.592078	0.029503	0.003956	0.000076	0.092229
81	0.020320	0.000091	0.001415	0.259967	0.596834	0.029236	0.003766	0.000067	0.088304
82	0.019305	0.000071	0.001248	0.260327	0.601986	0.028878	0.003504	0.000062	0.084619
83	0.018145	0.000069	0.001178	0.260659	0.606568	0.028996	0.003252	0.000061	0.081072
84	0.017142	0.000062	0.001087	0.261665	0.610705	0.028608	0.002914	0.000054	0.077763
85	0.016074	0.000058	0.000991	0.261862	0.615148	0.028582	0.002688	0.000057	0.074540
86	0.015133	0.000038	0.000946	0.262579	0.619605	0.028256	0.002453	0.000060	0.070930
87	0.014105	0.000025	0.000898	0.263221	0.623505	0.028186	0.002243	0.000063	0.067754
88	0.013473	0.000019	0.000843	0.263728	0.627001	0.028294	0.001974	0.000061	0.064607
89	0.012696	0.000015	0.000796	0.264501	0.630549	0.027994	0.001772	0.000060	0.061617
90	0.011808	0.000012	0.000781	0.265261	0.633767	0.027844	0.001659	0.000052	0.058816
91	0.011120	0.000014	0.000770	0.265680	0.637301	0.027679	0.001528	0.000047	0.055861
92	0.010440	0.000013	0.000738	0.265716	0.640566	0.027687	0.001414	0.000046	0.053380
93	0.009820	0.000010	0.000667	0.266338	0.643566	0.027612	0.001273	0.000048	0.050666
94	0.009169	0.000010	0.000623	0.266678	0.646675	0.027413	0.001156	0.000052	0.048224
95	0.008572	0.000009	0.000570	0.266737	0.650023	0.027140	0.001092	0.000043	0.045814
96	0.008060	0.000009	0.000496	0.266984	0.652927	0.026991	0.001039	0.000043	0.043451
97	0.007589	0.000004	0.000435	0.267369	0.655512	0.026839	0.000963	0.000039	0.041250
98	0.007134	0.000005	0.000389	0.268411	0.657575	0.026635	0.000868	0.000036	0.038947
99	0.006561	0.000005	0.000366	0.268910	0.659987	0.026387	0.000786	0.000033	0.036965
100	0.006231	0.000006	0.000321	0.268886	0.662644	0.026359	0.000722	0.000035	0.034796
101	0.005776	0.000004	0.000301	0.269282	0.664420	0.026326	0.000675	0.000026	0.033190
102	0.005371	0.000003	0.000265	0.270008	0.666056	0.026431	0.000606	0.000022	0.031238
103	0.005041	0.000002	0.000264	0.269910	0.668655	0.026142	0.000571	0.000017	0.029398
104	0.004707	0.000000	0.000245	0.269444	0.671090	0.026143	0.000495	0.000015	0.027861
105	0.004367	0.000000	0.000206	0.269974	0.672664	0.026099	0.000454	0.000015	0.026221
106	0.004057	0.000000	0.000201	0.270172	0.674517	0.025987	0.000398	0.000008	0.024660
107	0.003820	0.000000	0.000186	0.270160	0.675988	0.026106	0.000368	0.000004	0.023368
108	0.003572	0.000000	0.000166	0.271065	0.676852	0.025884	0.000317	0.000005	0.022139
109	0.003371	0.000000	0.000162	0.271776	0.677684	0.025884	0.000285	0.000002	0.020836
110	0.003067	0.000000	0.000141	0.272119	0.679050	0.025774	0.000275	0.000003	0.019571
111	0.002804	0.000000	0.000111	0.272504	0.680401	0.025502	0.000244	0.000003	0.018431
112	0.002581	0.000000	0.000099	0.272867	0.681532	0.025414	0.000214	0.000002	0.017291
113	0.002432	0.000000	0.000086	0.273517	0.682011	0.025520	0.000222	0.000001	0.016211
114	0.002288	0.000000	0.000079	0.273494	0.683214	0.025453	0.000184	0.000000	0.015288
115	0.002120	0.000000	0.000080	0.273731	0.684134	0.025496	0.000177	0.000001	0.014261
116	0.002015	0.000000	0.000066	0.273481	0.685549	0.025439	0.000145	0.000002	0.013303
117	0.001905	0.000000	0.000067	0.273401	0.686454	0.025546	0.000134	0.000001	0.012492
118	0.001778	0.000000	0.000069	0.273448	0.687491	0.025499	0.000129	0.000000	0.011586
119	0.001703	0.000000	0.000062	0.274351	0.687692	0.025346	0.000106	0.000000	0.010740
120	0.001613	0.000000	0.000046	0.274484	0.688187	0.025442	0.000101	0.000000	0.010127
121	0.001523	0.000000	0.000044	0.274867	0.688452	0.025562	0.000099	0.000000	0.009453
122	0.001428	0.000000	0.000049	0.274856	0.689089	0.025708	0.000077	0.000000	0.008793
123	0.001301	0.000000	0.000049	0.275125	0.689689	0.025528	0.000082	0.000000	0.008226
124	0.001204	0.000000	0.000047	0.275143	0.690386	0.025485	0.000081	0.000000	0.007654
125	0.001113	0.000000	0.000033	0.274752	0.691350	0.025589	0.000079	0.000000	0.007084
126	0.001060	0.000000	0.000037	0.275017	0.691600	0.025622	0.000077	0.000000	0.006587
127	0.000989	0.000000	0.000032	0.275463	0.691776	0.025606	0.000058	0.000000	0.006076
128	0.000912	0.000000	0.000031	0.275321	0.692493	0.025547	0.000061	0.000000	0.005635
129	0.000849	0.000000	0.000033	0.276018	0.692199	0.025531	0.000053	0.000000	0.005317
130	0.000785	0.000000	0.000038	0.276038	0.692425	0.025749	0.000044	0.000000	0.004921
131	0.000703	0.000000	0.000029	0.276089	0.692916	0.025584	0.000043	0.000000	0.004636
132	0.000665	0.000000	0.000025	0.276126	0.693316	0.025506	0.000038	0.000000	0.004324
133	0.000600	0.000000	0.000025	0.276248	0.693588	0.025488	0.000043	0.000000	0.004008
134	0.000525	0.000000	0.000025	0.276124	0.693895	0.025554	0.000046	0.000000	0.003831
135	0.000440	0.000000	0.000024	0.276545	0.694037	0.025325	0.000035	0.000000	0.003594
136	0.000389	0.000000	0.000030	0.276113	0.694860	0.025306	0.000032	0.000000	0.003270
137	0.000336	0.000000	0.000032	0.276476	0.694572	0.025526	0.000034	0.000000	0.003024
138	0.000300	0.000000	0.000035	0.276872	0.694435	0.025518	0.000029	0.000000	0.002811
139	0.000262	0.000000	0.000030	0.276744	0.694888	0.025410	0.000024	0.000000	0.002642
140	0.000232	0.000000	0.000030	0.276529	0.695407	0.025297	0.000022	0.000000	0.002483
141	0.000238	0.000000	0.000030	0.277469	0.694823	0.025143	0.000019	0.000000	0.002278
142	0.000204	0.000000	0.000028	0.277440	0.695070	0.025074	0.000015	0.000000	0.002169
143	0.000208	0.000000	0.000023	0.276802	0.695786	0.025166	0.000014	0.000000	0.002001
144	0.000201	0.000000	0.000023	0.276910	0.695718	0.025227	0.000013	0.000000	0.001908
145	0.000191	0.000000	0.000022	0.277165	0.695580	0.025248	0.000008	0.000000	0.001786
146	0.000158	0.000000	0.000018	0.277082	0.695495	0.025508	0.000004	0.000000	0.001735
147	0.000152	0.000000	0.000015	0.277659	0.695236	0.025311	0.000005	0.000000	0.001622
148	0.000146	0.000000	0.000013	0.277979	0.694823	0.025481	0.000002	0.000000	0.001556
149	0.000138	0.000000	0.000015	0.277625	0.695503	0.025292	0.000002	0.000000	0.001425
150	0.000121	0.000000	0.000014	0.277155	0.695852	0.025485	0.000001	0.000000	0.001372
151	0.000107	0.000000	0.000009	0.277145	0.696013	0.025411	0.000003	0.000000	0.001312
152	0.000099	0.000000	0.000011	0.277212	0.696155	0.025233	0.000001	0.000000	0.001289
153	0.000094	0.000000	0.000007	0.277021	0.696620	0.025037	0.000001	0.000000	0.001220
154	0.000087	0.000000	0.000008	0.276945	0.696831	0.024992	0.000002	0.000000	0.001135
155	0.000092	0.000000	0.000010	0.277218	0.696746	0.024837	0.000000	0.000000	0.001097
156	0.000075	0.000000	0.000011	0.277326	0.696912	0.024685	0.000000	0.000000	0.000991
157	0.000065	0.000000	0.000015	0.277038	0.697215	0.024696	0.000000	0.000000	0.000971
158	0.000057	0.000000	0.000014	0.276992	0.697268	0.024734	0.000000	0.000000	0.000935
159	0.000050	0.000000	0.000015	0.276753	0.697508	0.024801	0.000000	0.000000	0.000873
160	0.000051	0.000000	0.000017	0.276663	0.697679	0.024759	0.000000	0.000000	0.000831
161	0.000040	0.000000	0.000018	0.276680	0.697483	0.024993	0.000000	0.000000	0.000786
162	0.000038	0.000000	0.000018	0.276878	0.697485	0.024826	0.000000	0.000000	0.000755
163	0.000027	0.000000	0.000017	0.276269	0.698112	0.024866	0.000000	0.000000	0.000709
164	0.000029	0.000000	0.000011	0.276749	0.697568	0.024967	0.000000	0.000000	0.000676
165	0.000025	0.000000	0.000015	0.276675	0.697577	0.025084	0.000000	0.000000	0.000624
166	0.000024	0.000000	0.000019	0.276219	0.698143	0.024972	0.000000	0.000000	0.000623
167	0.000022	0.000000	0.000019	0.275710	0.698514	0.025124	0.000000	0.000000	0.000611
168	0.000021	0.000000	0.000018	0.275948	0.698189	0.025253	0.000000	0.000000	0.000571
169	0.000022	0.000000	0.000014	0.275727	0.698258	0.025429	0.000000	0.000000	0.000550
170	0.000015	0.000000	0.000014	0.275302	0.698704	0.025449	0.000000	0.000000	0.000516
171	0.000016	0.000000	0.000012	0.275360	0.698867	0.025263	0.000000	0.000000	0.000482
172	0.000020	0.000000	0.000011	0.275429	0.698759	0.025298	0.000000	0.000000	0.000483
173	0.000017	0.000000	0.000016	0.275714	0.698501	0.025298	0.000000	0.000000	0.000454
174	0.000015	0.000000	0.000020	0.275430	0.698987	0.025099	0.000000	0.000000	0.000449
175	0.000015	0.000000	0.000018	0.275385	0.698913	0.025250	0.000000	0.000000	0.000419
176	0.000017	0.000000	0.000019	0.275451	0.698770	0.025339	0.000000	0.000000	0.000404
177	0.000015	0.000000	0.000023	0.275279	0.699045	0.025224	0.000000	0.000000	0.000414
178	0.000015	0.000000	0.000026	0.275711	0.698616	0.025210	0.000000	0.000000	0.000422
179	0.000012	0.000000	0.000021	0.275185	0.699117	0.025244	0.000000	0.000000	0.000421
180	0.000011	0.000000	0.000022	0.274942	0.699369	0.025267	0.000000	0.000000	0.000389
181	0.000010	0.000000	0.000020	0.274725	0.699701	0.025150	0.000000	0.000000	0.000394
182	0.000009	0.000000	0.000014	0.274772	0.699597	0.025251	0.000000	0.000000	0.000357
183	0.000013	0.000000	0.000011	0.274318	0.700082	0.025244	0.000000	0.000000	0.000332
184	0.000012	0.000000	0.000011	0.274310	0.700160	0.025162	0.000000	0.000000	0.000345
185	0.000012	0.000000	0.000011	0.274010	0.700351	0.025279	0.000000	0.000000	0.000337
186	0.000013	0.000000	0.000012	0.273771	0.700940	0.024925	0.000000	0.000000	0.000339
187	0.000014	0.000000	0.000016	0.273508	0.701142	0.024981	0.000000	0.000000	0.000339
188	0.000014	0.000000	0.000014	0.273456	0.701039	0.025139	0.000000	0.000000	0.000338
189	0.000017	0.000000	0.000011	0.273487	0.700982	0.025218	0.000000	0.000000	0.000285
190	0.000012	0.000000	0.000009	0.273567	0.700892	0.025241	0.000000	0.000000	0.000279
191	0.000012	0.000000	0.000010	0.273612	0.700760	0.025349	0.000000	0.000000	0.000257
192	0.000013	0.000000	0.000012	0.273193	0.701255	0.025289	0.000000	0.000000	0.000238
193	0.000016	0.000000	0.000016	0.273642	0.700755	0.025353	0.000000	0.000000	0.000218
194	0.000013	0.000000	0.000012	0.273192	0.701094	0.025484	0.000000	0.000000	0.000205
195	0.000010	0.000000	0.000012	0.273336	0.701080	0.025361	0.000000	0.000000	0.000201
196	0.000011	0.000000	0.000014	0.273430	0.700913	0.025446	0.000000	0.000000	0.000186
197	0.000009	0.000000	0.000011	0.273505	0.700918	0.025374	0.000000	0.000000	0.000183
198	0.000008	0.000000	0.000008	0.273666	0.700637	0.025513	0.000000	0.000000	0.000168
199	0.000010	0.000000	0.000008	0.273572	0.700847	0.025397	0.000000	0.000000	0.000166
200	0.000010	0.000000	0.000006	0.273811	0.700614	0.025396	0.000000	0.000000	0.000163
201	0.000008	0.000000	0.000004	0.274104	0.700341	0.025379	0.000000	0.000000	0.000164
202	0.000006	0.000000	0.000002	0.273782	0.700610	0.025432	0.000000	0.000000	0.000168
203	0.000008	0.000000	0.000002	0.273999	0.700271	0.025555	0.000000	0.000000	0.000165
204	0.000013	0.000000	0.000001	0.273641	0.700646	0.025533	0.000000	0.000000	0.000166
205	0.000010	0.000000	0.000000	0.273860	0.700425	0.025548	0.000000	0.000000	0.000157
206	0.000009	0.000000	0.000000	0.274029	0.700292	0.025508	0.000000	0.000000	0.000162
207	0.000014	0.000000	0.000000	0.273736	0.700632	0.025453	0.000000	0.000000	0.000165
208	0.000016	0.000000	0.000000	0.273577	0.701023	0.025239	0.000000	0.000000	0.000145
209	0.000015	0.000000	0.000000	0.273813	0.700660	0.025372	0.000000	0.000000	0.000140
210	0.000013	0.000000	0.000000	0.272734	0.701472	0.025637	0.000000	0.000000	0.000144
211	0.000012	0.000000	0.000000	0.272551	0.701775	0.025526	0.000000	0.000000	0.000136
212	0.000011	0.000000	0.000000	0.272770	0.701871	0.025208	0.000000	0.000000	0.000140
213	0.000012	0.000000	0.000000	0.272829	0.701956	0.025079	0.000000	0.000000	0.000124
214	0.000013	0.000000	0.000000	0.272653	0.702066	0.025148	0.000000	0.000000	0.000120
215	0.000013	0.000000	0.000000	0.271837	0.702892	0.025144	0.000000	0.000000	0.000114
216	0.000015	0.000000	0.000000	0.271976	0.702699	0.025196	0.000000	0.000000	0.000114
217	0.000012	0.000000	0.000000	0.271871	0.702898	0.025102	0.000000	0.000000	0.000117
218	0.000014	0.000000	0.000000	0.272042	0.702735	0.025088	0.000000	0.000000	0.000121
219	0.000013	0.000000	0.000000	0.271686	0.702923	0.025258	0.000000	0.000000	0.000120
220	0.000015	0.000000	0.000000	0.271838	0.702939	0.025096	0.000000	0.000000	0.000112
221	0.000015	0.000000	0.000000	0.271040	0.703775	0.025068	0.000000	0.000000	0.000102
222	0.000016	0.000000	0.000000	0.271548	0.703336	0.024996	0.000000	0.000000	0.000104
223	0.000014	0.000000	0.000000	0.271797	0.703212	0.024875	0.000000	0.000000	0.000102
224	0.000016	0.000000	0.000000	0.271443	0.703781	0.024650	0.000000	0.000000	0.000110
225	0.000011	0.000000	0.000000	0.271694	0.703696	0.024490	0.000000	0.000000	0.000109
226	0.000017	0.000000	0.000000	0.271800	0.703387	0.024685	0.000000	0.000000	0.000111
227	0.000019	0.000000	0.000000	0.271281	0.703980	0.024625	0.000000	0.000000	0.000095
228	0.000015	0.000000	0.000000	0.271056	0.704397	0.024431	0.000000	0.000000	0.000101
229	0.000017	0.000000	0.000000	0.270759	0.704476	0.024648	0.000000	0.000000	0.000100
230	0.000014	0.000000	0.000000	0.270724	0.704418	0.024739	0.000000	0.000000	0.000105
231	0.000013	0.000000	0.000000	0.270543	0.704640	0.024698	0.000000	0.000000	0.000106
232	0.000012	0.000000	0.000000	0.270448	0.704644	0.024786	0.000000	0.000000	0.000110
233	0.000007	0.000000	0.000000	0.270614	0.704364	0.024904	0.000000	0.000000	0.000111
234	0.000008	0.000000	0.000000	0.270662	0.704205	0.025008	0.000000	0.000000	0.000117
235	0.000011	0.000000	0.000000	0.270739	0.704414	0.024713	0.000000	0.000000	0.000123
236	0.000009	0.000000	0.000000	0.270119	0.705023	0.024742	0.000000	0.000000	0.000107
237	0.000010	0.000000	0.000000	0.270156	0.704965	0.024758	0.000000	0.000000	0.000111
238	0.000009	0.000000	0.000000	0.270345	0.704769	0.024777	0.000000	0.000000	0.000100
239	0.000009	0.000000	0.000000	0.270445	0.704617	0.024823	0.000000	0.000000	0.000106
240	0.000008	0.000000	0.000000	0.270084	0.704841	0.024967	0.000000	0.000000	0.000100
241	0.000008	0.000000	0.000000	0.270679	0.704164	0.025043	0.000000	0.000000	0.000106
242	0.000010	0.000000	0.000000	0.270602	0.704305	0.024967	0.000000	0.000000	0.000116
243	0.000009	0.000000	0.000000	0.270499	0.704341	0.025037	0.000000	0.000000	0.000114
244	0.000008	0.000000	0.000000	0.270394	0.704523	0.024961	0.000000	0.000000	0.000114
245	0.000006	0.000000	0.000000	0.270165	0.704800	0.024919	0.000000	0.000000	0.000110
246	0.000004	0.000000	0.000000	0.270327	0.704672	0.024899	0.000000	0.000000	0.000098
247	0.000005	0.000000	0.000000	0.269600	0.705361	0.024953	0.000000	0.000000	0.000081
248	0.000003	0.000000	0.000000	0.269851	0.705122	0.024939	0.000000	0.000000	0.000085
249	0.000005	0.000000	0.000000	0.269949	0.705151	0.024811	0.000000	0.000000	0.000084
250	0.000006	0.000000	0.000000	0.269577	0.705369	0.024962	0.000000	0.000000	0.000086
251	0.000007	0.000000	0.000000	0.269594	0.705200	0.025121	0.000000	0.000000	0.000078
252	0.000007	0.000000	0.000000	0.270072	0.704682	0.025166	0.000000	0.000000	0.000073
253	0.000007	0.000000	0.000000	0.269889	0.704735	0.025297	0.000000	0.000000	0.000072
254	0.000007	0.000000	0.000000	0.270234	0.704468	0.025220	0.000000	0.000000	0.000071
255	0.000007	0.000000	0.000000	0.270681	0.703942	0.025296	0.000000	0.000000	0.000074
256	0.000006	0.000000	0.000000	0.270683	0.703928	0.025316	0.000000	0.000000	0.000067
257	0.000002	0.000000	0.000000	0.271054	0.703540	0.025332	0.000000	0.000000	0.000072
258	0.000003	0.000000	0.000000	0.270780	0.703725	0.025429	0.000000	0.000000	0.000063
259	0.000002	0.000000	0.000000	0.270451	0.703914	0.025567	0.000000	0.000000	0.000066
260	0.000001	0.000000	0.000000	0.270517	0.704128	0.025290	0.000000	0.000000	0.000064
261	0.000001	0.000000	0.000000	0.270402	0.704063	0.025476	0.000000	0.000000	0.000058
262	0.000001	0.000000	0.000000	0.270738	0.703693	0.025512	0.000000	0.000000	0.000056
263	0.000001	0.000000	0.000000	0.270299	0.703909	0.025734	0.000000	0.000000	0.000057
264	0.000000	0.000000	0.000000	0.270832	0.703536	0.025567	0.000000	0.000000	0.000065
265	0.000000	0.000000	0.000000	0.270384	0.703989	0.025564	0.000000	0.000000	0.000063
266	0.000000	0.000000	0.000000	0.270603	0.703698	0.025637	0.000000	0.000000	0.000062
267	0.000000	0.000000	0.000000	0.270911	0.703392	0.025637	0.000000	0.000000	0.000060
268	0.000000	0.000000	0.000000	0.270690	0.703618	0.025627	0.000000	0.000000	0.000065
269	0.000000	0.000000	0.000000	0.270795	0.703752	0.025391	0.000000	0.000000	0.000062
270	0.000000	0.000000	0.000000	0.270636	0.703700	0.025604	0.000000	0.000000	0.000060
271	0.000000	0.000000	0.000000	0.270751	0.703601	0.025589	0.000000	0.000000	0.000059
272	0.000000	0.000000	0.000000	0.270511	0.703768	0.025670	0.000000	0.000000	0.000051
273	0.000000	0.000000	0.000000	0.269819	0.704337	0.025789	0.000000	0.000000	0.000055
274	0.000000	0.000000	0.000000	0.269436	0.704766	0.025731	0.000000	0.000000	0.000067
275	0.000000	0.000000	0.000000	0.269474	0.704740	0.025729	0.000000	0.000000	0.000057
276	0.000000	0.000000	0.000000	0.269522	0.704632	0.025788	0.000000	0.000000	0.000058
277	0.000000	0.000000	0.000000	0.269462	0.704729	0.025753	0.000000	0.000000	0.000056
278	0.000000	0.000000	0.000000	0.269699	0.704355	0.025893	0.000000	0.000000	0.000053
279	0.000000	0.000000	0.000000	0.269632	0.704229	0.026090	0.000000	0.000000	0.000049
280	0.000000	0.000000	0.000000	0.269644	0.704403	0.025906	0.000000	0.000000	0.000047
281	0.000000	0.000000	0.000000	0.269643	0.704343	0.025974	0.000000	0.000000	0.000040
282	0.000000	0.000000	0.000000	0.269371	0.704559	0.026030	0.000000	0.000000	0.000040
283	0.000000	0.000000	0.000000	0.269299	0.704795	0.025860	0.000000	0.000000	0.000046
284	0.000000	0.000000	0.000000	0.269688	0.704399	0.025872	0.000000	0.000000	0.000041
285	0.000000	0.000000	0.000000	0.269595	0.704460	0.025903	0.000000	0.000000	0.000042
286	0.000000	0.000000	0.000000	0.270275	0.703913	0.025773	0.000000	0.000000	0.000039
287	0.000000	0.000000	0.000000	0.269739	0.704161	0.026059	0.000000	0.000000	0.000041
288	0.000000	0.000000	0.000000	0.269876	0.703981	0.026099	0.000000	0.000000	0.000044
289	0.000000	0.000000	0.000000	0.269885	0.704223	0.025855	0.000000	0.000000	0.000037
290	0.000000	0.000000	0.000000	0.269775	0.704127	0.026062	0.000000	0.000000	0.000036
291	0.000000	0.000000	0.000000	0.270149	0.703752	0.026063	0.000000	0.000000	0.000036
292	0.000000	0.000000	0.000000	0.270138	0.703673	0.026151	0.000000	0.000000	0.000038
293	0.000000	0.000000	0.000000	0.270147	0.703503	0.026317	0.000000	0.000000	0.000033
294	0.000000	0.000000	0.000000	0.269894	0.703663	0.026412	0.000000	0.000000	0.000031
295	0.000000	0.000000	0.000000	0.269701	0.703816	0.026452	0.000000	0.000000	0.000031
296	0.000000	0.000000	0.000000	0.269927	0.703877	0.026166	0.000000	0.000000	0.000030
297	0.000000	0.000000	0.000000	0.269765	0.704002	0.026207	0.000000	0.000000	0.000026
298	0.000000	0.000000	0.000000	0.270130	0.703779	0.026063	0.000000	0.000000	0.000028
299	0.000000	0.000000	0.000000	0.270011	0.703902	0.026060	0.000000	0.000000	0.000027
300	0.000000	0.000000	0.000000	0.269571	0.704215	0.026195	0.000000	0.000000	0.000019
301	0.000000	0.000000	0.000000	0.269757	0.704152	0.026079	0.000000	0.000000	0.000012
302	0.000000	0.000000	0.000000	0.269846	0.704150	0.025999	0.000000	0.000000	0.000005
303	0.000000	0.000000	0.000000	0.270158	0.703942	0.025897	0.000000	0.000000	0.000003
304	0.000000	0.000000	0.000000	0.270468	0.703562	0.025966	0.000000	0.000000	0.000004
305	0.000000	0.000000	0.000000	0.270373	0.703776	0.025847	0.000000	0.000000	0.000004
306	0.000000	0.000000	0.000000	0.270271	0.703928	0.025795	0.000000	0.000000	0.000006
307	0.000000	0.000000	0.000000	0.270306	0.703941	0.025747	0.000000	0.000000	0.000006
308	0.000000	0.000000	0.000000	0.270393	0.703871	0.025731	0.000000	0.000000	0.000005
309	0.000000	0.000000	0.000000	0.269257	0.704725	0.026012	0.000000	0.000000	0.000006
310	0.000000	0.000000	0.000000	0.269831	0.704295	0.025868	0.000000	0.000000	0.000006
311	0.000000	0.000000	0.000000	0.269976	0.704158	0.025863	0.000000	0.000000	0.000003
312	0.000000	0.000000	0.000000	0.269624	0.704564	0.025809	0.000000	0.000000	0.000003
313	0.000000	0.000000	0.000000	0.269619	0.704441	0.025938	0.000000	0.000000	0.000002
314	0.000000	0.000000	0.000000	0.269845	0.704177	0.025975	0.000000	0.000000	0.000003
315	0.000000	0.000000	0.000000	0.270233	0.703714	0.026050	0.000000	0.000000	0.000003
316	0.000000	0.000000	0.000000	0.269908	0.704020	0.026071	0.000000	0.000000	0.000001
317	0.000000	0.000000	0.000000	0.269909	0.704068	0.026021	0.000000	0.000000	0.000002
318	0.000000	0.000000	0.000000	0.270516	0.703398	0.026082	0.000000	0.000000	0.000004
319	0.000000	0.000000	0.000000	0.270284	0.703774	0.025941	0.000000	0.000000	0.000001
320	0.000000	0.000000	0.000000	0.270644	0.703576	0.025778	0.000000	0.000000	0.000002
321	0.000000	0.000000	0.000000	0.270204	0.703738	0.026057	0.000000	0.000000	0.000001
322	0.000000	0.000000	0.000000	0.269562	0.704231	0.026205	0.000000	0.000000	0.000002
323	0.000000	0.000000	0.000000	0.269823	0.704038	0.026138	0.000000	0.000000	0.000001
324	0.000000	0.000000	0.000000	0.270167	0.703554	0.026277	0.000000	0.000000	0.000002
325	0.000000	0.000000	0.000000	0.270007	0.703911	0.026078	0.000000	0.000000	0.000004
326	0.000000	0.000000	0.000000	0.269603	0.704265	0.026130	0.000000	0.000000	0.000002
327	0.000000	0.000000	0.000000	0.269085	0.705003	0.025910	0.000000	0.000000	0.000002
328	0.000000	0.000000	0.000000	0.269210	0.704754	0.026036	0.000000	0.000000	0.000000
329	0.000000	0.000000	0.000000	0.269103	0.705023	0.025874	0.000000	0.000000	0.000000
330	0.000000	0.000000	0.000000	0.269031	0.705075	0.025894	0.000000	0.000000	0.000000
331	0.000000	0.000000	0.000000	0.269427	0.704677	0.025896	0.000000	0.000000	0.000000
332	0.000000	0.000000	0.000000	0.269598	0.704540	0.025862	0.000000	0.000000	0.000000
333	0.000000	0.000000	0.000000	0.269872	0.704358	0.025770	0.000000	0.000000	0.000000
334	0.000000	0.000000	0.000000	0.269627	0.704933	0.025440	0.000000	0.000000	0.000000
335	0.000000	0.000000	0.000000	0.269902	0.704553	0.025545	0.000000	0.000000	0.000000
336	0.000000	0.000000	0.000000	0.270090	0.704407	0.025503	0.000000	0.000000	0.000000
337	0.000000	0.000000	0.000000	0.270062	0.704554	0.025384	0.000000	0.000000	0.000000
338	0.000000	0.000000	0.000000	0.269623	0.705097	0.025280	0.000000	0.000000	0.000000
339	0.000000	0.000000	0.000000	0.269118	0.705494	0.025388	0.000000	0.000000	0.000000
340	0.000000	0.000000	0.000000	0.268918	0.705566	0.025516	0.000000	0.000000	0.000000
341	0.000000	0.000000	0.000000	0.268461	0.706108	0.025431	0.000000	0.000000	0.000000
342	0.000000	0.000000	0.000000	0.268541	0.706155	0.025304	0.000000	0.000000	0.000000
343	0.000000	0.000000	0.000000	0.268608	0.705979	0.025413	0.000000	0.000000	0.000000
344	0.000000	0.000000	0.000000	0.268535	0.706051	0.025414	0.000000	0.000000	0.000000
345	0.000000	0.000000	0.000000	0.268518	0.706096	0.025386	0.000000	0.000000	0.000000
346	0.000000	0.000000	0.000000	0.268405	0.706236	0.025359	0.000000	0.000000	0.000000
347	0.000000	0.000000	0.000000	0.268906	0.705874	0.025220	0.000000	0.000000	0.000000
348	0.000000	0.000000	0.000000	0.269064	0.705773	0.025163	0.000000	0.000000	0.000000
349	0.000000	0.000000	0.000000	0.269023	0.705675	0.025302	0.000000	0.000000	0.000000
350	0.000000	0.000000	0.000000	0.269326	0.705356	0.025318	0.000000	0.000000	0.000000
351	0.000000	0.000000	0.000000	0.269294	0.705214	0.025492	0.000000	0.000000	0.000000
352	0.000000	0.000000	0.000000	0.269716	0.704941	0.025343	0.000000	0.000000	0.000000
353	0.000000	0.000000	0.000000	0.269391	0.705241	0.025368	0.000000	0.000000	0.000000
354	0.000000	0.000000	0.000000	0.269123	0.705485	0.025392	0.000000	0.000000	0.000000
355	0.000000	0.000000	0.000000	0.268841	0.705824	0.025335	0.000000	0.000000	0.000000
356	0.000000	0.000000	0.000000	0.268817	0.705919	0.025264	0.000000	0.000000	0.000000
357	0.000000	0.000000	0.000000	0.269106	0.705522	0.025372	0.000000	0.000000	0.000000
358	0.000000	0.000000	0.000000	0.269025	0.705495	0.025480	0.000000	0.000000	0.000000
359	0.000000	0.000000	0.000000	0.269374	0.705258	0.025368	0.000000	0.000000	0.000000
360	0.000000	0.000000	0.000000	0.269635	0.705065	0.025300	0.000000	0.000000	0.000000
361	0.000000	0.000000	0.000000	0.269971	0.704811	0.025218	0.000000	0.000000	0.000000
362	0.000000	0.000000	0.000000	0.269980	0.704705	0.025315	0.000000	0.000000	0.000000
363	0.000000	0.000000	0.000000	0.269856	0.704928	0.025216	0.000000	0.000000	0.000000
364	0.000000	0.000000	0.000000	0.270556	0.704237	0.025207	0.000000	0.000000	0.000000
365	0.000000	0.000000	0.000000	0.270328	0.704316	0.025356	0.000000	0.000000	0.000000
366	0.000000	0.000000	0.000000	0.270484	0.704195	0.025321	0.000000	0.000000	0.000000
367	0.000000	0.000000	0.000000	0.270543	0.703901	0.025556	0.000000	0.000000	0.000000
368	0.000000	0.000000	0.000000	0.270253	0.704241	0.025506	0.000000	0.000000	0.000000
369	0.000000	0.000000	0.000000	0.270317	0.704004	0.025679	0.000000	0.000000	0.000000
370	0.000000	0.000000	0.000000	0.271016	0.703353	0.025631	0.000000	0.000000	0.000000
371	0.000000	0.000000	0.000000	0.271051	0.703432	0.025517	0.000000	0.000000	0.000000
372	0.000000	0.000000	0.000000	0.271759	0.702929	0.025312	0.000000	0.000000	0.000000
373	0.000000	0.000000	0.000000	0.272055	0.702454	0.025491	0.000000	0.000000	0.000000
374	0.000000	0.000000	0.000000	0.272081	0.702571	0.025348	0.000000	0.000000	0.000000
375	0.000000	0.000000	0.000000	0.273068	0.701538	0.025394	0.000000	0.000000	0.000000
376	0.000000	0.000000	0.000000	0.273280	0.701363	0.025357	0.000000	0.000000	0.000000
377	0.000000	0.000000	0.000000	0.273317	0.701472	0.025211	0.000000	0.000000	0.000000
378	0.000000	0.000000	0.000000	0.273284	0.701500	0.025216	0.000000	0.000000	0.000000
379	0.000000	0.000000	0.000000	0.273501	0.701471	0.025028	0.000000	0.000000	0.000000
380	0.000000	0.000000	0.000000	0.273699	0.701261	0.025040	0.000000	0.000000	0.000000
381	0.000000	0.000000	0.000000	0.273592	0.701294	0.025114	0.000000	0.000000	0.000000
382	0.000000	0.000000	0.000000	0.273910	0.700947	0.025143	0.000000	0.000000	0.000000
383	0.000000	0.000000	0.000000	0.274470	0.700536	0.024994	0.000000	0.000000	0.000000
384	0.000000	0.000000	0.000000	0.274261	0.700477	0.025262	0.000000	0.000000	0.000000
385	0.000000	0.000000	0.000000	0.274321	0.700472	0.025207	0.000000	0.000000	0.000000
386	0.000000	0.000000	0.000000	0.273925	0.700773	0.025302	0.000000	0.000000	0.000000
387	0.000000	0.000000	0.000000	0.274082	0.700626	0.025292	0.000000	0.000000	0.000000
388	0.000000	0.000000	0.000000	0.274043	0.700820	0.025137	0.000000	0.000000	0.000000
389	0.000000	0.000000	0.000000	0.273893	0.700791	0.025316	0.000000	0.000000	0.000000
390	0.000000	0.000000	0.000000	0.273210	0.701529	0.025261	0.000000	0.000000	0.000000
391	0.000000	0.000000	0.000000	0.273066	0.701551	0.025383	0.000000	0.000000	0.000000
392	0.000000	0.000000	0.000000	0.273583	0.700831	0.025586	0.000000	0.000000	0.000000
393	0.000000	0.000000	0.000000	0.273465	0.700987	0.025548	0.000000	0.000000	0.000000
394	0.000000	0.000000	0.000000	0.273613	0.701057	0.025330	0.000000	0.000000	0.000000
395	0.000000	0.000000	0.000000	0.273476	0.701120	0.025404	0.000000	0.000000	0.000000
396	0.000000	0.000000	0.000000	0.273860	0.700955	0.025185	0.000000	0.000000	0.000000
397	0.000000	0.000000	0.000000	0.274104	0.700655	0.025241	0.000000	0.000000	0.000000
398	0.000000	0.000000	0.000000	0.274148	0.700641	0.025211	0.000000	0.000000	0.000000
399	0.000000	0.000000	0.000000	0.273901	0.700750	0.025349	0.000000	0.000000	0.000000
400	0.000000	0.000000	0.000000	0.273918	0.700803	0.025279	0.000000	0.000000	0.000000
401	0.000000	0.000000	0.000000	0.273801	0.700874	0.025325	0.000000	0.000000	0.000000
402	0.000000	0.000000	0.000000	0.273978	0.700615	0.025407	0.000000	0.000000	0.000000
403	0.000000	0.000000	0.000000	0.274398	0.700202	0.025400	0.000000	0.000000	0.000000
404	0.000000	0.000000	0.000000	0.274008	0.700532	0.025460	0.000000	0.000000	0.000000
405	0.000000	0.000000	0.000000	0.274043	0.700500	0.025457	0.000000	0.000000	0.000000
406	0.000000	0.000000	0.000000	0.274097	0.700448	0.025455	0.000000	0.000000	0.000000
407	0.000000	0.000000	0.000000	0.274201	0.700487	0.025312	0.000000	0.000000	0.000000
408	0.000000	0.000000	0.000000	0.274076	0.700600	0.025324	0.000000	0.000000	0.000000
409	0.000000	0.000000	0.000000	0.274250	0.700301	0.025449	0.000000	0.000000	0.000000
410	0.000000	0.000000	0.000000	0.273912	0.701079	0.025009	0.000000	0.000000	0.000000
411	0.000000	0.000000	0.000000	0.274133	0.700767	0.025100	0.000000	0.000000	0.000000
412	0.000000	0.000000	0.000000	0.274681	0.700343	0.024976	0.000000	0.000000	0.000000
413	0.000000	0.000000	0.000000	0.274367	0.700699	0.024934	0.000000	0.000000	0.000000
414	0.000000	0.000000	0.000000	0.274058	0.700969	0.024973	0.000000	0.000000	0.000000
415	0.000000	0.000000	0.000000	0.274496	0.700396	0.025108	0.000000	0.000000	0.000000
416	0.000000	0.000000	0.000000	0.274568	0.700226	0.025206	0.000000	0.000000	0.000000
417	0.000000	0.000000	0.000000	0.274946	0.699654	0.025400	0.000000	0.000000	0.000000
418	0.000000	0.000000	0.000000	0.274803	0.699936	0.025261	0.000000	0.000000	0.000000
419	0.000000	0.000000	0.000000	0.275412	0.699604	0.024984	0.000000	0.000000	0.000000
420	0.000000	0.000000	0.000000	0.275319	0.699638	0.025043	0.000000	0.000000	0.000000
421	0.000000	0.000000	0.000000	0.275567	0.699590	0.024843	0.000000	0.000000	0.000000
422	0.000000	0.000000	0.000000	0.275678	0.699327	0.024995	0.000000	0.000000	0.000000
423	0.000000	0.000000	0.000000	0.275532	0.699666	0.024802	0.000000	0.000000	0.000000
424	0.000000	0.000000	0.000000	0.275470	0.700019	0.024511	0.000000	0.000000	0.000000
425	0.000000	0.000000	0.000000	0.275967	0.699545	0.024488	0.000000	0.000000	0.000000
426	0.000000	0.000000	0.000000	0.276146	0.699082	0.024772	0.000000	0.000000	0.000000
427	0.000000	0.000000	0.000000	0.275750	0.699489	0.024761	0.000000	0.000000	0.000000
428	0.000000	0.000000	0.000000	0.275388	0.699847	0.024765	0.000000	0.000000	0.000000
429	0.000000	0.000000	0.000000	0.275437	0.699886	0.024677	0.000000	0.000000	0.000000
430	0.000000	0.000000	0.000000	0.275117	0.700308	0.024575	0.000000	0.000000	0.000000
431	0.000000	0.000000	0.000000	0.275581	0.699874	0.024545	0.000000	0.000000	0.000000
432	0.000000	0.000000	0.000000	0.275498	0.700106	0.024396	0.000000	0.000000	0.000000
433	0.000000	0.000000	0.000000	0.275444	0.700250	0.024306	0.000000	0.000000	0.000000
434	0.000000	0.000000	0.000000	0.275194	0.700541	0.024265	0.000000	0.000000	0.000000
435	0.000000	0.000000	0.000000	0.275183	0.700420	0.024397	0.000000	0.000000	0.000000
436	0.000000	0.000000	0.000000	0.275556	0.700180	0.024264	0.000000	0.000000	0.000000
437	0.000000	0.000000	0.000000	0.275920	0.699757	0.024323	0.000000	0.000000	0.000000
438	0.000000	0.000000	0.000000	0.276532	0.699116	0.024352	0.000000	0.000000	0.000000
439	0.000000	0.000000	0.000000	0.276891	0.698541	0.024568	0.000000	0.000000	0.000000
440	0.000000	0.000000	0.000000	0.276150	0.699377	0.024473	0.000000	0.000000	0.000000
441	0.000000	0.000000	0.000000	0.276562	0.698880	0.024558	0.000000	0.000000	0.000000
442	0.000000	0.000000	0.000000	0.276027	0.699290	0.024683	0.000000	0.000000	0.000000
443	0.000000	0.000000	0.000000	0.275939	0.699382	0.024679	0.000000	0.000000	0.000000
444	0.000000	0.000000	0.000000	0.275766	0.699577	0.024657	0.000000	0.000000	0.000000
445	0.000000	0.000000	0.000000	0.275550	0.699751	0.024699	0.000000	0.000000	0.000000
446	0.000000	0.000000	0.000000	0.275307	0.700007	0.024686	0.000000	0.000000	0.000000
447	0.000000	0.000000	0.000000	0.275414	0.699776	0.024810	0.000000	0.000000	0.000000
448	0.000000	0.000000	0.000000	0.275204	0.700031	0.024765	0.000000	0.000000	0.000000
449	0.000000	0.000000	0.000000	0.274876	0.700493	0.024631	0.000000	0.000000	0.000000
450	0.000000	0.000000	0.000000	0.274851	0.700288	0.024861	0.000000	0.000000	0.000000
451	0.000000	0.000000	0.000000	0.274359	0.700740	0.024901	0.000000	0.000000	0.000000
452	0.000000	0.000000	0.000000	0.274544	0.700676	0.024780	0.000000	0.000000	0.000000
453	0.000000	0.000000	0.000000	0.274619	0.700495	0.024886	0.000000	0.000000	0.000000
454	0.000000	0.000000	0.000000	0.274521	0.700475	0.025004	0.000000	0.000000	0.000000
455	0.000000	0.000000	0.000000	0.274074	0.700721	0.025205	0.000000	0.000000	0.000000
456	0.000000	0.000000	0.000000	0.273905	0.700783	0.025312	0.000000	0.000000	0.000000
457	0.000000	0.000000	0.000000	0.273633	0.701315	0.025052	0.000000	0.000000	0.000000
458	0.000000	0.000000	0.000000	0.273040	0.701831	0.025129	0.000000	0.000000	0.000000
459	0.000000	0.000000	0.000000	0.273018	0.702156	0.024826	0.000000	0.000000	0.000000
460	0.000000	0.000000	0.000000	0.273621	0.701455	0.024924	0.000000	0.000000	0.000000
461	0.000000	0.000000	0.000000	0.273791	0.701427	0.024782	0.000000	0.000000	0.000000
462	0.000000	0.000000	0.000000	0.274151	0.701316	0.024533	0.000000	0.000000	0.000000
463	0.000000	0.000000	0.000000	0.273756	0.701641	0.024603	0.000000	0.000000	0.000000
464	0.000000	0.000000	0.000000	0.274049	0.701508	0.024443	0.000000	0.000000	0.000000
465	0.000000	0.000000	0.000000	0.274068	0.701416	0.024516	0.000000	0.000000	0.000000
466	0.000000	0.000000	0.000000	0.274462	0.700974	0.024564	0.000000	0.000000	0.000000
467	0.000000	0.000000	0.000000	0.274754	0.700630	0.024616	0.000000	0.000000	0.000000
468	0.000000	0.000000	0.000000	0.274777	0.700604	0.024619	0.000000	0.000000	0.000000
469	0.000000	0.000000	0.000000	0.274919	0.700660	0.024421	0.000000	0.000000	0.000000
470	0.000000	0.000000	0.000000	0.274817	0.700634	0.024549	0.000000	0.000000	0.000000
