0	0.290663	0.057897	0.229473	0.157588	0.029913	0.111872	0.085455	0.012259	0.024880
1	0.253118	0.052030	0.216507	0.120565	0.024952	0.105349	0.115547	0.022584	0.089348
2	0.272517	0.055095	0.229855	0.099828	0.022071	0.088807	0.112582	0.022312	0.096933
3	0.296797	0.058817	0.241710	0.083019	0.019551	0.073295	0.106470	0.020993	0.099348
4	0.321328	0.062627	0.252460	0.068219	0.017324	0.059949	0.098430	0.019524	0.100139
5	0.345116	0.066057	0.260727	0.056140	0.015672	0.048396	0.090099	0.017694	0.100099
6	0.368041	0.068799	0.267424	0.045894	0.014131	0.038461	0.082016	0.016048	0.099186
7	0.388954	0.071416	0.272243	0.037394	0.012635	0.030849	0.074065	0.014386	0.098058
8	0.407627	0.073612	0.276049	0.030266	0.011327	0.024645	0.066971	0.012989	0.096514
9	0.425178	0.075923	0.278635	0.024371	0.010180	0.019324	0.059824	0.011747	0.094818
10	0.441707	0.077550	0.279500	0.019818	0.009091	0.015386	0.053451	0.010591	0.092906
11	0.456126	0.079142	0.279917	0.016035	0.008254	0.012308	0.047875	0.009546	0.090797
12	0.469008	0.080744	0.279777	0.012851	0.007371	0.009918	0.042882	0.008515	0.088934
13	0.481184	0.082332	0.278793	0.010224	0.006589	0.007874	0.038501	0.007685	0.086818
14	0.491624	0.083476	0.277504	0.008263	0.005981	0.006243	0.034899	0.007100	0.084910
15	0.501372	0.084754	0.276142	0.006772	0.005308	0.004868	0.031277	0.006242	0.083265
16	0.510288	0.085349	0.275018	0.005228	0.004742	0.003968	0.028212	0.005757	0.081438
17	0.518708	0.086188	0.273087	0.004337	0.004246	0.003144	0.025187	0.005202	0.079901
18	0.526129	0.086912	0.271493	0.003471	0.003852	0.002550	0.022551	0.004786	0.078256
19	0.533052	0.087834	0.269771	0.002777	0.003525	0.001989	0.020300	0.004381	0.076371
20	0.540424	0.088741	0.266252	0.002212	0.003189	0.001625	0.018332	0.004016	0.075209
21	0.546134	0.089769	0.264140	0.001847	0.002815	0.001358	0.016569	0.003601	0.073767
22	0.551350	0.090377	0.262708	0.001489	0.002538	0.001040	0.014910	0.003150	0.072438
23	0.556915	0.090822	0.260594	0.001216	0.002341	0.000841	0.013707	0.002811	0.070753
24	0.561978	0.091317	0.258426	0.001047	0.002178	0.000670	0.012404	0.002579	0.069401
25	0.566554	0.091633	0.256436	0.000911	0.002009	0.000578	0.011284	0.002315	0.068280
26	0.571365	0.092671	0.253698	0.000735	0.001835	0.000468	0.010238	0.002150	0.066840
27	0.575738	0.092945	0.251591	0.000676	0.001737	0.000424	0.009431	0.001926	0.065532
28	0.580523	0.093438	0.248587	0.000532	0.001571	0.000313	0.008793	0.001752	0.064491
29	0.583554	0.093874	0.247697	0.000431	0.001513	0.000261	0.007770	0.001608	0.063292
30	0.586981	0.093777	0.246222	0.000382	0.001397	0.000242	0.007273	0.001523	0.062203
31	0.590877	0.094322	0.244055	0.000309	0.001314	0.000207	0.006587	0.001383	0.060946
32	0.594205	0.095046	0.241883	0.000280	0.001205	0.000179	0.006169	0.001329	0.059704
33	0.597226	0.095781	0.239946	0.000255	0.001077	0.000158	0.005636	0.001176	0.058745
34	0.600004	0.096254	0.238681	0.000210	0.001020	0.000142	0.005132	0.001058	0.057499
35	0.602848	0.096738	0.236836	0.000168	0.001016	0.000135	0.004752	0.001030	0.056477
36	0.605225	0.097408	0.235413	0.000138	0.000912	0.000110	0.004368	0.000933	0.055493
37	0.608481	0.097649	0.233608	0.000127	0.000855	0.000098	0.003996	0.000858	0.054328
38	0.610735	0.098475	0.231739	0.000104	0.000811	0.000082	0.003763	0.000775	0.053516
39	0.613242	0.098666	0.230503	0.000102	0.000751	0.000068	0.003449	0.000672	0.052547
40	0.616364	0.099100	0.228331	0.000079	0.000676	0.000063	0.003163	0.000604	0.051620
41	0.618677	0.099317	0.226840	0.000077	0.000646	0.000054	0.003029	0.000562	0.050798
42	0.621456	0.099327	0.225129	0.000057	0.000640	0.000047	0.002750	0.000493	0.050101
43	0.623302	0.099787	0.223693	0.000041	0.000603	0.000037	0.002584	0.000472	0.049481
44	0.625701	0.099978	0.222108	0.000035	0.000575	0.000041	0.002406	0.000448	0.048708
45	0.628093	0.100266	0.220416	0.000037	0.000538	0.000032	0.002205	0.000395	0.048018
46	0.630483	0.100160	0.219400	0.000044	0.000507	0.000029	0.001974	0.000373	0.047030
47	0.632484	0.100573	0.218377	0.000031	0.000467	0.000027	0.001810	0.000310	0.045921
48	0.634613	0.100836	0.216869	0.000022	0.000450	0.000022	0.001686	0.000313	0.045189
49	0.636492	0.101337	0.215568	0.000020	0.000410	0.000021	0.001585	0.000277	0.044290
50	0.638212	0.101585	0.214521	0.000014	0.000410	0.000019	0.001439	0.000270	0.043530
51	0.639798	0.101872	0.213671	0.000012	0.000378	0.000012	0.001315	0.000242	0.042700
52	0.642667	0.102119	0.211751	0.000022	0.000398	0.000009	0.001153	0.000234	0.041647
53	0.644820	0.102340	0.210297	0.000008	0.000333	0.000005	0.001068	0.000204	0.040925
54	0.646591	0.102556	0.209127	0.000012	0.000329	0.000006	0.001026	0.000187	0.040166
55	0.648325	0.102616	0.208136	0.000011	0.000323	0.000006	0.000955	0.000161	0.039467
56	0.650018	0.103154	0.207156	0.000008	0.000301	0.000006	0.000841	0.000157	0.038359
57	0.652179	0.103572	0.205400	0.000009	0.000265	0.000003	0.000843	0.000146	0.037583
58	0.653170	0.104271	0.204529	0.000003	0.000258	0.000002	0.000782	0.000137	0.036848
59	0.655517	0.104218	0.203072	0.000003	0.000233	0.000001	0.000757	0.000111	0.036088
60	0.657112	0.104122	0.202251	0.000003	0.000217	0.000002	0.000701	0.000114	0.035478
61	0.657870	0.104882	0.201641	0.000002	0.000206	0.000002	0.000674	0.000098	0.034625
62	0.659583	0.104887	0.200681	0.000002	0.000196	0.000004	0.000593	0.000076	0.033978
63	0.661609	0.105105	0.199306	0.000002	0.000195	0.000002	0.000525	0.000086	0.033170
64	0.662433	0.105213	0.198762	0.000001	0.000194	0.000004	0.000487	0.000073	0.032833
65	0.663570	0.105407	0.197929	0.000000	0.000163	0.000003	0.000463	0.000073	0.032392
66	0.665650	0.105496	0.196586	0.000000	0.000163	0.000004	0.000422	0.000067	0.031612
67	0.666106	0.105925	0.196388	0.000001	0.000165	0.000003	0.000380	0.000069	0.030963
68	0.668002	0.106211	0.195066	0.000000	0.000161	0.000000	0.000318	0.000057	0.030185
69	0.669978	0.106096	0.193781	0.000000	0.000161	0.000001	0.000321	0.000067	0.029595
70	0.671401	0.106112	0.192962	0.000000	0.000157	0.000000	0.000287	0.000055	0.029026
71	0.672858	0.106220	0.191945	0.000000	0.000178	0.000000	0.000281	0.000049	0.028469
72	0.674458	0.106778	0.190469	0.000000	0.000172	0.000000	0.000261	0.000037	0.027825
73	0.675488	0.106954	0.189935	0.000000	0.000176	0.000000	0.000246	0.000033	0.027168
74	0.676457	0.106881	0.189845	0.000000	0.000172	0.000000	0.000231	0.000028	0.026386
75	0.676947	0.107177	0.189633	0.000000	0.000147	0.000002	0.000238	0.000028	0.025828
76	0.678667	0.107410	0.188252	0.000000	0.000125	0.000000	0.000202	0.000019	0.025325
77	0.679960	0.106799	0.188178	0.000000	0.000120	0.000000	0.000168	0.000024	0.024751
78	0.681420	0.106768	0.187559	0.000000	0.000112	0.000000	0.000165	0.000017	0.023959
79	0.682127	0.107024	0.187151	0.000000	0.000134	0.000000	0.000148	0.000013	0.023403
80	0.683098	0.107562	0.186161	0.000000	0.000130	0.000000	0.000141	0.000016	0.022892
81	0.684227	0.107522	0.185550	0.000000	0.000128	0.000000	0.000130	0.000021	0.022422
82	0.684630	0.107652	0.185600	0.000000	0.000125	0.000000	0.000124	0.000015	0.021854
83	0.685513	0.107435	0.185137	0.000000	0.000117	0.000000	0.000100	0.000016	0.021682
84	0.686858	0.107623	0.184378	0.000000	0.000131	0.000000	0.000096	0.000019	0.020895
85	0.687530	0.108135	0.183587	0.000000	0.000132	0.000000	0.000096	0.000017	0.020503
86	0.688317	0.108436	0.183051	0.000000	0.000108	0.000000	0.000067	0.000014	0.020007
87	0.689823	0.108193	0.182265	0.000000	0.000102	0.000000	0.000061	0.000015	0.019541
88	0.691480	0.107919	0.181358	0.000000	0.000093	0.000000	0.000063	0.000017	0.019070
89	0.692047	0.108022	0.181273	0.000000	0.000086	0.000000	0.000066	0.000016	0.018490
90	0.692864	0.108141	0.180756	0.000000	0.000090	0.000000	0.000053	0.000014	0.018082
91	0.693569	0.108167	0.180637	0.000000	0.000076	0.000000	0.000053	0.000018	0.017480
92	0.694849	0.107895	0.180129	0.000000	0.000064	0.000000	0.000039	0.000012	0.017012
93	0.695729	0.107963	0.179488	0.000000	0.000062	0.000000	0.000041	0.000014	0.016703
94	0.695944	0.108126	0.179459	0.000000	0.000070	0.000000	0.000043	0.000016	0.016342
95	0.696628	0.108689	0.178748	0.000000	0.000055	0.000000	0.000047	0.000012	0.015821
96	0.696609	0.109075	0.178586	0.000000	0.000057	0.000000	0.000053	0.000014	0.015606
97	0.697339	0.109401	0.177809	0.000000	0.000061	0.000000	0.000051	0.000015	0.015324
98	0.697932	0.109227	0.177723	0.000000	0.000054	0.000000	0.000044	0.000012	0.015008
99	0.698153	0.108956	0.178340	0.000000	0.000050	0.000000	0.000030	0.000008	0.014463
100	0.698821	0.109267	0.177660	0.000000	0.000050	0.000000	0.000029	0.000007	0.014166
101	0.699698	0.109225	0.177259	0.000000	0.000038	0.000000	0.000025	0.000009	0.013746
102	0.699982	0.109332	0.177036	0.000000	0.000040	0.000000	0.000022	0.000008	0.013580
103	0.700956	0.109374	0.176462	0.000000	0.000045	0.000000	0.000021	0.000011	0.013131
104	0.701884	0.109224	0.175898	0.000000	0.000046	0.000000	0.000026	0.000008	0.012914
105	0.702395	0.109394	0.175617	0.000000	0.000036	0.000000	0.000028	0.000003	0.012527
106	0.703162	0.109726	0.174722	0.000000	0.000039	0.000000	0.000021	0.000004	0.012326
107	0.703348	0.109860	0.174647	0.000000	0.000035	0.000000	0.000016	0.000003	0.012091
108	0.704388	0.109838	0.174002	0.000000	0.000033	0.000000	0.000015	0.000003	0.011721
109	0.705000	0.109540	0.173905	0.000000	0.000032	0.000000	0.000018	0.000000	0.011505
110	0.705829	0.109711	0.173212	0.000000	0.000022	0.000000	0.000019	0.000000	0.011207
111	0.706073	0.109795	0.173065	0.000000	0.000021	0.000000	0.000024	0.000000	0.011022
112	0.706694	0.109619	0.172822	0.000000	0.000019	0.000000	0.000014	0.000000	0.010832
113	0.707107	0.109392	0.172773	0.000000	0.000022	0.000000	0.000012	0.000000	0.010694
114	0.707969	0.109297	0.172317	0.000000	0.000022	0.000000	0.000013	0.000000	0.010382
115	0.708110	0.109751	0.171989	0.000000	0.000017	0.000000	0.000011	0.000000	0.010122
116	0.708239	0.110543	0.171214	0.000000	0.000013	0.000000	0.000014	0.000000	0.009977
117	0.709025	0.110313	0.170923	0.000000	0.000009	0.000000	0.000011	0.000000	0.009719
118	0.709560	0.110193	0.170748	0.000000	0.000008	0.000000	0.000010	0.000000	0.009481
119	0.709645	0.110638	0.170433	0.000000	0.000009	0.000000	0.000007	0.000000	0.009268
120	0.710500	0.110531	0.169843	0.000000	0.000010	0.000000	0.000010	0.000000	0.009106
121	0.711215	0.110779	0.169082	0.000000	0.000010	0.000000	0.000007	0.000000	0.008907
122	0.711209	0.111058	0.169002	0.000000	0.000012	0.000000	0.000008	0.000000	0.008711
123	0.711675	0.111111	0.168757	0.000000	0.000009	0.000000	0.000007	0.000000	0.008441
124	0.711354	0.111628	0.168859	0.000000	0.000012	0.000000	0.000007	0.000000	0.008140
125	0.711891	0.111359	0.168743	0.000000	0.000011	0.000000	0.000004	0.000000	0.007992
126	0.711814	0.111644	0.168734	0.000000	0.000011	0.000000	0.000004	0.000000	0.007793
127	0.711909	0.111865	0.168582	0.000000	0.000007	0.000000	0.000004	0.000000	0.007633
128	0.711856	0.112353	0.168231	0.000000	0.000009	0.000000	0.000001	0.000000	0.007550
129	0.712332	0.112431	0.167817	0.000000	0.000006	0.000000	0.000001	0.000000	0.007413
130	0.712224	0.112657	0.167769	0.000000	0.000006	0.000000	0.000001	0.000000	0.007343
131	0.712289	0.112788	0.167681	0.000000	0.000008	0.000000	0.000000	0.000000	0.007234
132	0.712004	0.112982	0.167836	0.000000	0.000005	0.000000	0.000001	0.000000	0.007172
133	0.712362	0.113002	0.167696	0.000000	0.000005	0.000000	0.000000	0.000000	0.006935
134	0.712232	0.113443	0.167354	0.000000	0.000003	0.000000	0.000000	0.000000	0.006968
135	0.712885	0.113034	0.167261	0.000000	0.000004	0.000000	0.000000	0.000000	0.006816
136	0.713049	0.113360	0.166828	0.000000	0.000010	0.000000	0.000000	0.000000	0.006753
137	0.713505	0.113311	0.166586	0.000000	0.000006	0.000000	0.000000	0.000000	0.006592
138	0.713929	0.113319	0.166272	0.000000	0.000001	0.000000	0.000000	0.000000	0.006479
139	0.714323	0.113270	0.166004	0.000000	0.000003	0.000000	0.000000	0.000000	0.006400
140	0.714740	0.113482	0.165584	0.000000	0.000003	0.000000	0.000000	0.000000	0.006191
141	0.715439	0.113215	0.165323	0.000000	0.000002	0.000000	0.000000	0.000000	0.006021
142	0.715405	0.113522	0.165109	0.000000	0.000001	0.000000	0.000000	0.000000	0.005963
143	0.715408	0.113663	0.165140	0.000000	0.000000	0.000000	0.000000	0.000000	0.005789
144	0.714836	0.113777	0.165691	0.000000	0.000001	0.000000	0.000000	0.000000	0.005695
145	0.715547	0.113583	0.165232	0.000000	0.000001	0.000000	0.000000	0.000000	0.005637
146	0.715437	0.114111	0.164948	0.000000	0.000001	0.000000	0.000000	0.000000	0.005503
147	0.716014	0.113818	0.164678	0.000000	0.000001	0.000000	0.000000	0.000000	0.005489
148	0.716214	0.113927	0.164423	0.000000	0.000000	0.000000	0.000000	0.000000	0.005436
149	0.716820	0.113979	0.163932	0.000000	0.000000	0.000000	0.000000	0.000000	0.005269
150	0.717106	0.113886	0.163810	0.000000	0.000000	0.000000	0.000000	0.000000	0.005198
151	0.716376	0.114450	0.164141	0.000000	0.000000	0.000000	0.000000	0.000000	0.005033
152	0.716268	0.114486	0.164343	0.000000	0.000000	0.000000	0.000000	0.000000	0.004903
153	0.716856	0.114271	0.163983	0.000000	0.000000	0.000000	0.000000	0.000000	0.004890
154	0.716819	0.114163	0.164160	0.000000	0.000000	0.000000	0.000000	0.000000	0.004858
155	0.717126	0.114126	0.164037	0.000000	0.000000	0.000000	0.000000	0.000000	0.004711
156	0.717889	0.113955	0.163495	0.000000	0.000000	0.000000	0.000000	0.000000	0.004661
157	0.717829	0.114392	0.163189	0.000000	0.000000	0.000000	0.000000	0.000000	0.004590
158	0.717801	0.114652	0.163063	0.000000	0.000000	0.000000	0.000000	0.000000	0.004484
159	0.717894	0.114557	0.163053	0.000000	0.000000	0.000000	0.000000	0.000000	0.004496
160	0.717537	0.114985	0.162948	0.000000	0.000000	0.000000	0.000000	0.000000	0.004530
161	0.717769	0.114758	0.163074	0.000000	0.000000	0.000000	0.000000	0.000000	0.004399
162	0.717394	0.115002	0.163301	0.000000	0.000000	0.000000	0.000000	0.000000	0.004303
163	0.717603	0.115046	0.163137	0.000000	0.000000	0.000000	0.000000	0.000000	0.004214
164	0.717546	0.114860	0.163440	0.000000	0.000000	0.000000	0.000000	0.000000	0.004154
165	0.718061	0.114778	0.163064	0.000000	0.000000	0.000000	0.000000	0.000000	0.004097
166	0.718446	0.114538	0.162863	0.000000	0.000000	0.000000	0.000000	0.000000	0.004153
167	0.717964	0.114691	0.163309	0.000000	0.000000	0.000000	0.000000	0.000000	0.004036
168	0.718242	0.114824	0.162967	0.000000	0.000000	0.000000	0.000000	0.000000	0.003967
169	0.718538	0.114752	0.162779	0.000000	0.000000	0.000000	0.000000	0.000000	0.003931
170	0.718470	0.115014	0.162652	0.000000	0.000000	0.000000	0.000000	0.000000	0.003864
171	0.717895	0.115425	0.162871	0.000000	0.000000	0.000000	0.000000	0.000000	0.003809
172	0.718228	0.115386	0.162639	0.000000	0.000000	0.000000	0.000000	0.000000	0.003747
173	0.718382	0.115649	0.162331	0.000000	0.000000	0.000000	0.000000	0.000000	0.003638
174	0.718447	0.115463	0.162549	0.000000	0.000000	0.000000	0.000000	0.000000	0.003541
175	0.718555	0.115682	0.162279	0.000000	0.000000	0.000000	0.000000	0.000000	0.003484
176	0.718239	0.115890	0.162428	0.000000	0.000000	0.000000	0.000000	0.000000	0.003443
177	0.718106	0.116051	0.162434	0.000000	0.000000	0.000000	0.000000	0.000000	0.003409
178	0.718534	0.115668	0.162413	0.000000	0.000000	0.000000	0.000000	0.000000	0.003385
179	0.717957	0.115871	0.162840	0.000000	0.000000	0.000000	0.000000	0.000000	0.003332
180	0.717601	0.116445	0.162669	0.000000	0.000000	0.000000	0.000000	0.000000	0.003285
181	0.717793	0.116458	0.162533	0.000000	0.000000	0.000000	0.000000	0.000000	0.003216
182	0.718341	0.116108	0.162309	0.000000	0.000000	0.000000	0.000000	0.000000	0.003242
183	0.718589	0.116585	0.161704	0.000000	0.000000	0.000000	0.000000	0.000000	0.003122
184	0.718655	0.116552	0.161695	0.000000	0.000000	0.000000	0.000000	0.000000	0.003098
185	0.718725	0.116727	0.161510	0.000000	0.000000	0.000000	0.000000	0.000000	0.003038
186	0.718878	0.116705	0.161413	0.000000	0.000000	0.000000	0.000000	0.000000	0.003004
187	0.719069	0.116618	0.161424	0.000000	0.000000	0.000000	0.000000	0.000000	0.002889
188	0.718708	0.116704	0.161712	0.000000	0.000000	0.000000	0.000000	0.000000	0.002876
189	0.719099	0.116418	0.161609	0.000000	0.000000	0.000000	0.000000	0.000000	0.002874
190	0.719466	0.116075	0.161572	0.000000	0.000000	0.000000	0.000000	0.000000	0.002887
191	0.719603	0.116140	0.161430	0.000000	0.000000	0.000000	0.000000	0.000000	0.002827
192	0.719704	0.116577	0.160966	0.000000	0.000000	0.000000	0.000000	0.000000	0.002753
193	0.719822	0.116418	0.161148	0.000000	0.000000	0.000000	0.000000	0.000000	0.002612
194	0.719722	0.116399	0.161252	0.000000	0.000000	0.000000	0.000000	0.000000	0.002627
195	0.719712	0.116691	0.160988	0.000000	0.000000	0.000000	0.000000	0.000000	0.002609
196	0.719862	0.116899	0.160709	0.000000	0.000000	0.000000	0.000000	0.000000	0.002530
197	0.720596	0.116380	0.160595	0.000000	0.000000	0.000000	0.000000	0.000000	0.002429
198	0.720479	0.116543	0.160621	0.000000	0.000000	0.000000	0.000000	0.000000	0.002357
199	0.720094	0.116408	0.161154	0.000000	0.000000	0.000000	0.000000	0.000000	0.002344
200	0.720653	0.116384	0.160637	0.000000	0.000000	0.000000	0.000000	0.000000	0.002326
201	0.720635	0.116424	0.160600	0.000000	0.000000	0.000000	0.000000	0.000000	0.002341
202	0.721134	0.115732	0.160836	0.000000	0.000000	0.000000	0.000000	0.000000	0.002298
203	0.721333	0.115837	0.160654	0.000000	0.000000	0.000000	0.000000	0.000000	0.002176
204	0.721234	0.116053	0.160481	0.000000	0.000000	0.000000	0.000000	0.000000	0.002232
205	0.721462	0.115543	0.160748	0.000000	0.000000	0.000000	0.000000	0.000000	0.002247
206	0.721807	0.115317	0.160638	0.000000	0.000000	0.000000	0.000000	0.000000	0.002238
207	0.721416	0.115513	0.160846	0.000000	0.000000	0.000000	0.000000	0.000000	0.002225
208	0.721658	0.115551	0.160571	0.000000	0.000000	0.000000	0.000000	0.000000	0.002220
209	0.721791	0.115462	0.160598	0.000000	0.000000	0.000000	0.000000	0.000000	0.002149
210	0.721711	0.115675	0.160556	0.000000	0.000000	0.000000	0.000000	0.000000	0.002058
211	0.721981	0.115505	0.160484	0.000000	0.000000	0.000000	0.000000	0.000000	0.002030
212	0.722058	0.115472	0.160449	0.000000	0.000000	0.000000	0.000000	0.000000	0.002021
213	0.722179	0.115686	0.160229	0.000000	0.000000	0.000000	0.000000	0.000000	0.001906
214	0.722852	0.115314	0.159982	0.000000	0.000000	0.000000	0.000000	0.000000	0.001852
215	0.722894	0.115498	0.159772	0.000000	0.000000	0.000000	0.000000	0.000000	0.001836
216	0.722891	0.115507	0.159788	0.000000	0.000000	0.000000	0.000000	0.000000	0.001814
217	0.722582	0.115672	0.159954	0.000000	0.000000	0.000000	0.000000	0.000000	0.001792
218	0.722780	0.115665	0.159826	0.000000	0.000000	0.000000	0.000000	0.000000	0.001729
219	0.722925	0.115862	0.159526	0.000000	0.000000	0.000000	0.000000	0.000000	0.001687
220	0.723052	0.115872	0.159436	0.000000	0.000000	0.000000	0.000000	0.000000	0.001640
221	0.723169	0.115389	0.159789	0.000000	0.000000	0.000000	0.000000	0.000000	0.001653
222	0.723655	0.115627	0.159101	0.000000	0.000000	0.000000	0.000000	0.000000	0.001617
223	0.723926	0.115432	0.159075	0.000000	0.000000	0.000000	0.000000	0.000000	0.001567
224	0.724118	0.115664	0.158706	0.000000	0.000000	0.000000	0.000000	0.000000	0.001512
225	0.724058	0.116036	0.158442	0.000000	0.000000	0.000000	0.000000	0.000000	0.001464
226	0.724586	0.115970	0.157976	0.000000	0.000000	0.000000	0.000000	0.000000	0.001468
227	0.725228	0.115723	0.157625	0.000000	0.000000	0.000000	0.000000	0.000000	0.001424
228	0.725240	0.115776	0.157595	0.000000	0.000000	0.000000	0.000000	0.000000	0.001389
229	0.725175	0.115768	0.157628	0.000000	0.000000	0.000000	0.000000	0.000000	0.001429
230	0.724785	0.116374	0.157453	0.000000	0.000000	0.000000	0.000000	0.000000	0.001388
231	0.724647	0.116687	0.157257	0.000000	0.000000	0.000000	0.000000	0.000000	0.001409
232	0.724661	0.116423	0.157505	0.000000	0.000000	0.000000	0.000000	0.000000	0.001411
233	0.725036	0.116340	0.157260	0.000000	0.000000	0.000000	0.000000	0.000000	0.001364
234	0.725262	0.116315	0.157064	0.000000	0.000000	0.000000	0.000000	0.000000	0.001359
235	0.724928	0.116386	0.157366	0.000000	0.000000	0.000000	0.000000	0.000000	0.001320
236	0.724574	0.116257	0.157881	0.000000	0.000000	0.000000	0.000000	0.000000	0.001288
237	0.725499	0.116180	0.157086	0.000000	0.000000	0.000000	0.000000	0.000000	0.001235
238	0.725662	0.116203	0.156937	0.000000	0.000000	0.000000	0.000000	0.000000	0.001198
239	0.725686	0.116223	0.156925	0.000000	0.000000	0.000000	0.000000	0.000000	0.001166
240	0.726456	0.115979	0.156473	0.000000	0.000000	0.000000	0.000000	0.000000	0.001092
241	0.726588	0.115490	0.156787	0.000000	0.000000	0.000000	0.000000	0.000000	0.001135
242	0.726840	0.115680	0.156376	0.000000	0.000000	0.000000	0.000000	0.000000	0.001104
243	0.726509	0.115744	0.156677	0.000000	0.000000	0.000000	0.000000	0.000000	0.001070
244	0.727145	0.115244	0.156554	0.000000	0.000000	0.000000	0.000000	0.000000	0.001057
245	0.727474	0.115034	0.156499	0.000000	0.000000	0.000000	0.000000	0.000000	0.000993
246	0.727505	0.115040	0.156483	0.000000	0.000000	0.000000	0.000000	0.000000	0.000972
247	0.726923	0.115432	0.156690	0.000000	0.000000	0.000000	0.000000	0.000000	0.000955
248	0.726792	0.115628	0.156628	0.000000	0.000000	0.000000	0.000000	0.000000	0.000952
249	0.727818	0.115181	0.156059	0.000000	0.000000	0.000000	0.000000	0.000000	0.000942
250	0.727721	0.115172	0.156175	0.000000	0.000000	0.000000	0.000000	0.000000	0.000932
251	0.727878	0.115206	0.156028	0.000000	0.000000	0.000000	0.000000	0.000000	0.000888
252	0.727976	0.115237	0.155941	0.000000	0.000000	0.000000	0.000000	0.000000	0.000846
253	0.727611	0.115329	0.156254	0.000000	0.000000	0.000000	0.000000	0.000000	0.000806
254	0.727187	0.115387	0.156649	0.000000	0.000000	0.000000	0.000000	0.000000	0.000777
255	0.728071	0.115029	0.156120	0.000000	0.000000	0.000000	0.000000	0.000000	0.000780
256	0.727813	0.115215	0.156173	0.000000	0.000000	0.000000	0.000000	0.000000	0.000799
257	0.727840	0.115167	0.156231	0.000000	0.000000	0.000000	0.000000	0.000000	0.000762
258	0.728002	0.115187	0.156025	0.000000	0.000000	0.000000	0.000000	0.000000	0.000786
259	0.728593	0.114674	0.155975	0.000000	0.000000	0.000000	0.000000	0.000000	0.000758
260	0.728823	0.114863	0.155575	0.000000	0.000000	0.000000	0.000000	0.000000	0.000739
261	0.728876	0.114694	0.155694	0.000000	0.000000	0.000000	0.000000	0.000000	0.000736
262	0.728762	0.114668	0.155875	0.000000	0.000000	0.000000	0.000000	0.000000	0.000695
263	0.729201	0.114467	0.155637	0.000000	0.000000	0.000000	0.000000	0.000000	0.000695
264	0.728744	0.114972	0.155630	0.000000	0.000000	0.000000	0.000000	0.000000	0.000654
265	0.728978	0.114633	0.155739	0.000000	0.000000	0.000000	0.000000	0.000000	0.000650
266	0.729451	0.114255	0.155610	0.000000	0.000000	0.000000	0.000000	0.000000	0.000684
267	0.729355	0.114498	0.155501	0.000000	0.000000	0.000000	0.000000	0.000000	0.000646
268	0.728751	0.114702	0.155950	0.000000	0.000000	0.000000	0.000000	0.000000	0.000597
269	0.728138	0.115197	0.156074	0.000000	0.000000	0.000000	0.000000	0.000000	0.000591
270	0.728048	0.115008	0.156369	0.000000	0.000000	0.000000	0.000000	0.000000	0.000575
271	0.727890	0.114994	0.156538	0.000000	0.000000	0.000000	0.000000	0.000000	0.000578
272	0.728416	0.114724	0.156289	0.000000	0.000000	0.000000	0.000000	0.000000	0.000571
273	0.727940	0.114682	0.156818	0.000000	0.000000	0.000000	0.000000	0.000000	0.000560
274	0.728541	0.114496	0.156405	0.000000	0.000000	0.000000	0.000000	0.000000	0.000558
275	0.727758	0.114784	0.156871	0.000000	0.000000	0.000000	0.000000	0.000000	0.000587
276	0.727458	0.114786	0.157218	0.000000	0.000000	0.000000	0.000000	0.000000	0.000538
277	0.727202	0.115100	0.157200	0.000000	0.000000	0.000000	0.000000	0.000000	0.000498
278	0.727522	0.115086	0.156934	0.000000	0.000000	0.000000	0.000000	0.000000	0.000458
279	0.727157	0.115169	0.157220	0.000000	0.000000	0.000000	0.000000	0.000000	0.000454
280	0.726843	0.115352	0.157336	0.000000	0.000000	0.000000	0.000000	0.000000	0.000469
281	0.726782	0.115509	0.157272	0.000000	0.000000	0.000000	0.000000	0.000000	0.000437
282	0.726452	0.115453	0.157686	0.000000	0.000000	0.000000	0.000000	0.000000	0.000409
283	0.726947	0.115437	0.157201	0.000000	0.000000	0.000000	0.000000	0.000000	0.000415
284	0.726499	0.115780	0.157307	0.000000	0.000000	0.000000	0.000000	0.000000	0.000414
285	0.726402	0.116001	0.157190	0.000000	0.000000	0.000000	0.000000	0.000000	0.000407
286	0.726448	0.115815	0.157340	0.000000	0.000000	0.000000	0.000000	0.000000	0.000397
287	0.726728	0.115927	0.157004	0.000000	0.000000	0.000000	0.000000	0.000000	0.000341
288	0.726445	0.115947	0.157287	0.000000	0.000000	0.000000	0.000000	0.000000	0.000321
289	0.726992	0.115833	0.156841	0.000000	0.000000	0.000000	0.000000	0.000000	0.000334
290	0.726842	0.115725	0.157106	0.000000	0.000000	0.000000	0.000000	0.000000	0.000327
291	0.727059	0.115947	0.156670	0.000000	0.000000	0.000000	0.000000	0.000000	0.000324
292	0.727389	0.115828	0.156483	0.000000	0.000000	0.000000	0.000000	0.000000	0.000300
293	0.727519	0.115930	0.156251	0.000000	0.000000	0.000000	0.000000	0.000000	0.000300
294	0.727089	0.115964	0.156657	0.000000	0.000000	0.000000	0.000000	0.000000	0.000290
295	0.726628	0.116296	0.156795	0.000000	0.000000	0.000000	0.000000	0.000000	0.000281
296	0.726144	0.116513	0.157084	0.000000	0.000000	0.000000	0.000000	0.000000	0.000259
297	0.726349	0.116234	0.157165	0.000000	0.000000	0.000000	0.000000	0.000000	0.000252
298	0.725799	0.116842	0.157122	0.000000	0.000000	0.000000	0.000000	0.000000	0.000237
299	0.725819	0.116923	0.157044	0.000000	0.000000	0.000000	0.000000	0.000000	0.000214
300	0.725960	0.116893	0.156928	0.000000	0.000000	0.000000	0.000000	0.000000	0.000219
301	0.726290	0.116833	0.156646	0.000000	0.000000	0.000000	0.000000	0.000000	0.000231
302	0.726399	0.116386	0.156993	0.000000	0.000000	0.000000	0.000000	0.000000	0.000222
303	0.726862	0.116128	0.156801	0.000000	0.000000	0.000000	0.000000	0.000000	0.000209
304	0.726897	0.116060	0.156861	0.000000	0.000000	0.000000	0.000000	0.000000	0.000182
305	0.726670	0.116215	0.156925	0.000000	0.000000	0.000000	0.000000	0.000000	0.000190
306	0.726452	0.116228	0.157147	0.000000	0.000000	0.000000	0.000000	0.000000	0.000173
307	0.726241	0.116110	0.157487	0.000000	0.000000	0.000000	0.000000	0.000000	0.000162
308	0.726365	0.116147	0.157332	0.000000	0.000000	0.000000	0.000000	0.000000	0.000156
309	0.726313	0.116278	0.157255	0.000000	0.000000	0.000000	0.000000	0.000000	0.000154
310	0.725406	0.116850	0.157616	0.000000	0.000000	0.000000	0.000000	0.000000	0.000128
311	0.725621	0.116664	0.157582	0.000000	0.000000	0.000000	0.000000	0.000000	0.000133
312	0.725077	0.116714	0.158089	0.000000	0.000000	0.000000	0.000000	0.000000	0.000120
313	0.725012	0.116883	0.157997	0.000000	0.000000	0.000000	0.000000	0.000000	0.000108
314	0.724605	0.117112	0.158176	0.000000	0.000000	0.000000	0.000000	0.000000	0.000107
315	0.724813	0.116883	0.158194	0.000000	0.000000	0.000000	0.000000	0.000000	0.000110
316	0.724727	0.117195	0.157968	0.000000	0.000000	0.000000	0.000000	0.000000	0.000110
317	0.724682	0.117318	0.157888	0.000000	0.000000	0.000000	0.000000	0.000000	0.000112
318	0.725061	0.117118	0.157715	0.000000	0.000000	0.000000	0.000000	0.000000	0.000106
319	0.724887	0.117343	0.157669	0.000000	0.000000	0.000000	0.000000	0.000000	0.000101
320	0.724843	0.116865	0.158199	0.000000	0.000000	0.000000	0.000000	0.000000	0.000093
321	0.725215	0.116631	0.158048	0.000000	0.000000	0.000000	0.000000	0.000000	0.000106
322	0.725007	0.116584	0.158314	0.000000	0.000000	0.000000	0.000000	0.000000	0.000095
323	0.724672	0.116772	0.158464	0.000000	0.000000	0.000000	0.000000	0.000000	0.000092
324	0.725054	0.116417	0.158440	0.000000	0.000000	0.000000	0.000000	0.000000	0.000089
325	0.724854	0.116497	0.158564	0.000000	0.000000	0.000000	0.000000	0.000000	0.000085
326	0.724819	0.116450	0.158651	0.000000	0.000000	0.000000	0.000000	0.000000	0.000080
327	0.725867	0.115795	0.158249	0.000000	0.000000	0.000000	0.000000	0.000000	0.000089
328	0.725298	0.116002	0.158624	0.000000	0.000000	0.000000	0.000000	0.000000	0.000076
329	0.725216	0.116193	0.158512	0.000000	0.000000	0.000000	0.000000	0.000000	0.000079
330	0.725706	0.116235	0.157983	0.000000	0.000000	0.000000	0.000000	0.000000	0.000076
331	0.725678	0.116245	0.158003	0.000000	0.000000	0.000000	0.000000	0.000000	0.000074
332	0.725347	0.116101	0.158483	0.000000	0.000000	0.000000	0.000000	0.000000	0.000069
333	0.725690	0.116000	0.158244	0.000000	0.000000	0.000000	0.000000	0.000000	0.000066
334	0.725563	0.115957	0.158419	0.000000	0.000000	0.000000	0.000000	0.000000	0.000061
335	0.725585	0.115677	0.158686	0.000000	0.000000	0.000000	0.000000	0.000000	0.000052
336	0.725708	0.115553	0.158684	0.000000	0.000000	0.000000	0.000000	0.000000	0.000055
337	0.725614	0.115671	0.158654	0.000000	0.000000	0.000000	0.000000	0.000000	0.000061
338	0.725809	0.115789	0.158339	0.000000	0.000000	0.000000	0.000000	0.000000	0.000063
339	0.725665	0.115678	0.158597	0.000000	0.000000	0.000000	0.000000	0.000000	0.000060
340	0.725787	0.115680	0.158464	0.000000	0.000000	0.000000	0.000000	0.000000	0.000069
341	0.725835	0.115576	0.158527	0.000000	0.000000	0.000000	0.000000	0.000000	0.000062
342	0.726471	0.114805	0.158657	0.000000	0.000000	0.000000	0.000000	0.000000	0.000067
343	0.725770	0.115077	0.159093	0.000000	0.000000	0.000000	0.000000	0.000000	0.000060
344	0.725177	0.115261	0.159504	0.000000	0.000000	0.000000	0.000000	0.000000	0.000058
345	0.725583	0.115185	0.159172	0.000000	0.000000	0.000000	0.000000	0.000000	0.000060
346	0.724970	0.115464	0.159500	0.000000	0.000000	0.000000	0.000000	0.000000	0.000066
347	0.724543	0.115455	0.159932	0.000000	0.000000	0.000000	0.000000	0.000000	0.000070
348	0.724795	0.115662	0.159479	0.000000	0.000000	0.000000	0.000000	0.000000	0.000064
349	0.724685	0.115596	0.159652	0.000000	0.000000	0.000000	0.000000	0.000000	0.000067
350	0.724877	0.115336	0.159720	0.000000	0.000000	0.000000	0.000000	0.000000	0.000067
351	0.724681	0.115337	0.159913	0.000000	0.000000	0.000000	0.000000	0.000000	0.000069
352	0.725222	0.115280	0.159431	0.000000	0.000000	0.000000	0.000000	0.000000	0.000067
353	0.725798	0.115007	0.159123	0.000000	0.000000	0.000000	0.000000	0.000000	0.000072
354	0.725417	0.114757	0.159766	0.000000	0.000000	0.000000	0.000000	0.000000	0.000060
355	0.725370	0.115119	0.159445	0.000000	0.000000	0.000000	0.000000	0.000000	0.000066
356	0.725336	0.114942	0.159655	0.000000	0.000000	0.000000	0.000000	0.000000	0.000067
357	0.725006	0.115135	0.159789	0.000000	0.000000	0.000000	0.000000	0.000000	0.000070
358	0.724559	0.115260	0.160114	0.000000	0.000000	0.000000	0.000000	0.000000	0.000067
359	0.724609	0.115053	0.160275	0.000000	0.000000	0.000000	0.000000	0.000000	0.000063
360	0.724037	0.115434	0.160471	0.000000	0.000000	0.000000	0.000000	0.000000	0.000058
361	0.724179	0.115290	0.160465	0.000000	0.000000	0.000000	0.000000	0.000000	0.000066
362	0.724115	0.115397	0.160433	0.000000	0.000000	0.000000	0.000000	0.000000	0.000055
363	0.724009	0.115250	0.160677	0.000000	0.000000	0.000000	0.000000	0.000000	0.000064
364	0.723604	0.115521	0.160818	0.000000	0.000000	0.000000	0.000000	0.000000	0.000057
365	0.723916	0.115340	0.160686	0.000000	0.000000	0.000000	0.000000	0.000000	0.000058
366	0.724269	0.115286	0.160392	0.000000	0.000000	0.000000	0.000000	0.000000	0.000053
367	0.724695	0.115229	0.160025	0.000000	0.000000	0.000000	0.000000	0.000000	0.000051
368	0.725273	0.114809	0.159868	0.000000	0.000000	0.000000	0.000000	0.000000	0.000050
369	0.724935	0.114944	0.160073	0.000000	0.000000	0.000000	0.000000	0.000000	0.000048
370	0.724440	0.115364	0.160149	0.000000	0.000000	0.000000	0.000000	0.000000	0.000047
371	0.723669	0.115129	0.161164	0.000000	0.000000	0.000000	0.000000	0.000000	0.000038
372	0.723831	0.115398	0.160739	0.000000	0.000000	0.000000	0.000000	0.000000	0.000032
373	0.723543	0.115509	0.160917	0.000000	0.000000	0.000000	0.000000	0.000000	0.000031
374	0.723259	0.115542	0.161176	0.000000	0.000000	0.000000	0.000000	0.000000	0.000023
375	0.723444	0.115628	0.160903	0.000000	0.000000	0.000000	0.000000	0.000000	0.000025
376	0.723223	0.115716	0.161032	0.000000	0.000000	0.000000	0.000000	0.000000	0.000029
377	0.723182	0.115675	0.161122	0.000000	0.000000	0.000000	0.000000	0.000000	0.000021
378	0.723169	0.115340	0.161473	0.000000	0.000000	0.000000	0.000000	0.000000	0.000018
379	0.723086	0.115271	0.161627	0.000000	0.000000	0.000000	0.000000	0.000000	0.000016
380	0.723183	0.115574	0.161233	0.000000	0.000000	0.000000	0.000000	0.000000	0.000010
381	0.722841	0.115620	0.161534	0.000000	0.000000	0.000000	0.000000	0.000000	0.000005
382	0.722893	0.116001	0.161100	0.000000	0.000000	0.000000	0.000000	0.000000	0.000006
383	0.723319	0.115939	0.160736	0.000000	0.000000	0.000000	0.000000	0.000000	0.000006
384	0.722958	0.116155	0.160879	0.000000	0.000000	0.000000	0.000000	0.000000	0.000008
385	0.723295	0.115800	0.160901	0.000000	0.000000	0.000000	0.000000	0.000000	0.000004
386	0.723247	0.115894	0.160855	0.000000	0.000000	0.000000	0.000000	0.000000	0.000004
387	0.722914	0.115913	0.161169	0.000000	0.000000	0.000000	0.000000	0.000000	0.000004
388	0.723449	0.115898	0.160651	0.000000	0.000000	0.000000	0.000000	0.000000	0.000002
389	0.722938	0.116160	0.160900	0.000000	0.000000	0.000000	0.000000	0.000000	0.000002
390	0.722978	0.116055	0.160965	0.000000	0.000000	0.000000	0.000000	0.000000	0.000002
391	0.722610	0.115963	0.161423	0.000000	0.000000	0.000000	0.000000	0.000000	0.000004
392	0.722652	0.115836	0.161508	0.000000	0.000000	0.000000	0.000000	0.000000	0.000004
393	0.722156	0.116045	0.161796	0.000000	0.000000	0.000000	0.000000	0.000000	0.000003
394	0.722169	0.116181	0.161644	0.000000	0.000000	0.000000	0.000000	0.000000	0.000006
395	0.721851	0.116671	0.161474	0.000000	0.000000	0.000000	0.000000	0.000000	0.000004
396	0.722018	0.116696	0.161283	0.000000	0.000000	0.000000	0.000000	0.000000	0.000003
397	0.721534	0.117082	0.161383	0.000000	0.000000	0.000000	0.000000	0.000000	0.000001
398	0.722104	0.117122	0.160772	0.000000	0.000000	0.000000	0.000000	0.000000	0.000002
399	0.721701	0.117385	0.160913	0.000000	0.000000	0.000000	0.000000	0.000000	0.000001
400	0.721738	0.117092	0.161168	0.000000	0.000000	0.000000	0.000000	0.000000	0.000002
401	0.721495	0.117374	0.161129	0.000000	0.000000	0.000000	0.000000	0.000000	0.000002
402	0.721440	0.117335	0.161224	0.000000	0.000000	0.000000	0.000000	0.000000	0.000001
403	0.721623	0.117010	0.161367	0.000000	0.000000	0.000000	0.000000	0.000000	0.000000
404	0.721839	0.116689	0.161472	0.000000	0.000000	0.000000	0.000000	0.000000	0.000000
405	0.722241	0.116527	0.161232	0.000000	0.000000	0.000000	0.000000	0.000000	0.000000
406	0.721924	0.116565	0.161511	0.000000	0.000000	0.000000	0.000000	0.000000	0.000000
407	0.722228	0.116541	0.161231	0.000000	0.000000	0.000000	0.000000	0.000000	0.000000
408	0.722367	0.116265	0.161368	0.000000	0.000000	0.000000	0.000000	0.000000	0.000000
409	0.722133	0.116193	0.161674	0.000000	0.000000	0.000000	0.000000	0.000000	0.000000
410	0.722052	0.116122	0.161826	0.000000	0.000000	0.000000	0.000000	0.000000	0.000000
411	0.721830	0.116261	0.161909	0.000000	0.000000	0.000000	0.000000	0.000000	0.000000
412	0.721799	0.115923	0.162278	0.000000	0.000000	0.000000	0.000000	0.000000	0.000000
413	0.721374	0.116032	0.162594	0.000000	0.000000	0.000000	0.000000	0.000000	0.000000
414	0.721307	0.115648	0.163045	0.000000	0.000000	0.000000	0.000000	0.000000	0.000000
415	0.721633	0.115448	0.162919	0.000000	0.000000	0.000000	0.000000	0.000000	0.000000
416	0.722005	0.115663	0.162332	0.000000	0.000000	0.000000	0.000000	0.000000	0.000000
417	0.721950	0.115072	0.162978	0.000000	0.000000	0.000000	0.000000	0.000000	0.000000
418	0.721853	0.115067	0.163080	0.000000	0.000000	0.000000	0.000000	0.000000	0.000000
419	0.722410	0.115072	0.162518	0.000000	0.000000	0.000000	0.000000	0.000000	0.000000
420	0.722648	0.114815	0.162537	0.000000	0.000000	0.000000	0.000000	0.000000	0.000000
421	0.722810	0.114831	0.162359	0.000000	0.000000	0.000000	0.000000	0.000000	0.000000
422	0.722894	0.114578	0.162528	0.000000	0.000000	0.000000	0.000000	0.000000	0.000000
423	0.722472	0.114458	0.163070	0.000000	0.000000	0.000000	0.000000	0.000000	0.000000
424	0.722480	0.114519	0.163001	0.000000	0.000000	0.000000	0.000000	0.000000	0.000000
425	0.721946	0.114903	0.163151	0.000000	0.000000	0.000000	0.000000	0.000000	0.000000
426	0.722013	0.114947	0.163040	0.000000	0.000000	0.000000	0.000000	0.000000	0.000000
427	0.721965	0.115056	0.162979	0.000000	0.000000	0.000000	0.000000	0.000000	0.000000
428	0.720913	0.115573	0.163514	0.000000	0.000000	0.000000	0.000000	0.000000	0.000000
429	0.720727	0.115794	0.163479	0.000000	0.000000	0.000000	0.000000	0.000000	0.000000
430	0.720686	0.115692	0.163622	0.000000	0.000000	0.000000	0.000000	0.000000	0.000000
431	0.720630	0.115753	0.163617	0.000000	0.000000	0.000000	0.000000	0.000000	0.000000
432	0.720490	0.116136	0.163374	0.000000	0.000000	0.000000	0.000000	0.000000	0.000000
433	0.720129	0.116093	0.163778	0.000000	0.000000	0.000000	0.000000	0.000000	0.000000
434	0.720890	0.115933	0.163177	0.000000	0.000000	0.000000	0.000000	0.000000	0.000000
435	0.720775	0.115800	0.163425	0.000000	0.000000	0.000000	0.000000	0.000000	0.000000
436	0.720452	0.115786	0.163762	0.000000	0.000000	0.000000	0.000000	0.000000	0.000000
437	0.720946	0.115784	0.163270	0.000000	0.000000	0.000000	0.000000	0.000000	0.000000
438	0.721803	0.115237	0.162960	0.000000	0.000000	0.000000	0.000000	0.000000	0.000000
439	0.721319	0.115541	0.163140	0.000000	0.000000	0.000000	0.000000	0.000000	0.000000
440	0.721566	0.115635	0.162799	0.000000	0.000000	0.000000	0.000000	0.000000	0.000000
441	0.721507	0.115271	0.163222	0.000000	0.000000	0.000000	0.000000	0.000000	0.000000
442	0.721649	0.115239	0.163112	0.000000	0.000000	0.000000	0.000000	0.000000	0.000000
443	0.721478	0.115246	0.163276	0.000000	0.000000	0.000000	0.000000	0.000000	0.000000
444	0.721921	0.114985	0.163094	0.000000	0.000000	0.000000	0.000000	0.000000	0.000000
445	0.721587	0.115246	0.163167	0.000000	0.000000	0.000000	0.000000	0.000000	0.000000
446	0.721418	0.115535	0.163047	0.000000	0.000000	0.000000	0.000000	0.000000	0.000000
447	0.721678	0.115639	0.162683	0.000000	0.000000	0.000000	0.000000	0.000000	0.000000
448	0.721897	0.115643	0.162460	0.000000	0.000000	0.000000	0.000000	0.000000	0.000000
449	0.721722	0.115999	0.162279	0.000000	0.000000	0.000000	0.000000	0.000000	0.000000
450	0.721627	0.115896	0.162477	0.000000	0.000000	0.000000	0.000000	0.000000	0.000000
451	0.721909	0.116101	0.161990	0.000000	0.000000	0.000000	0.000000	0.000000	0.000000
452	0.721240	0.116297	0.162463	0.000000	0.000000	0.000000	0.000000	0.000000	0.000000
453	0.721491	0.116033	0.162476	0.000000	0.000000	0.000000	0.000000	0.000000	0.000000
454	0.721239	0.116198	0.162563	0.000000	0.000000	0.000000	0.000000	0.000000	0.000000
455	0.720869	0.116363	0.162768	0.000000	0.000000	0.000000	0.000000	0.000000	0.000000
456	0.721242	0.116190	0.162568	0.000000	0.000000	0.000000	0.000000	0.000000	0.000000
457	0.721049	0.116249	0.162702	0.000000	0.000000	0.000000	0.000000	0.000000	0.000000
458	0.720761	0.116751	0.162488	0.000000	0.000000	0.000000	0.000000	0.000000	0.000000
459	0.721144	0.116541	0.162315	0.000000	0.000000	0.000000	0.000000	0.000000	0.000000
460	0.720213	0.116919	0.162868	0.000000	0.000000	0.000000	0.000000	0.000000	0.000000
461	0.720503	0.116741	0.162756	0.000000	0.000000	0.000000	0.000000	0.000000	0.000000
462	0.720277	0.116780	0.162943	0.000000	0.000000	0.000000	0.000000	0.000000	0.000000
463	0.720437	0.116895	0.162668	0.000000	0.000000	0.000000	0.000000	0.000000	0.000000
464	0.720516	0.116647	0.162837	0.000000	0.000000	0.000000	0.000000	0.000000	0.000000
465	0.719703	0.117085	0.163212	0.000000	0.000000	0.000000	0.000000	0.000000	0.000000
466	0.719468	0.117226	0.163306	0.000000	0.000000	0.000000	0.000000	0.000000	0.000000
467	0.719304	0.117359	0.163337	0.000000	0.000000	0.000000	0.000000	0.000000	0.000000
468	0.719726	0.117090	0.163184	0.000000	0.000000	0.000000	0.000000	0.000000	0.000000
469	0.719787	0.117194	0.163019	0.000000	0.000000	0.000000	0.000000	0.000000	0.000000
470	0.719729	0.117334	0.162937	0.000000	0.000000	0.000000	0.000000	0.000000	0.000000
