0	0.290663	0.057897	0.229473	0.157588	0.029913	0.111872	0.085455	0.012259	0.024880
1	0.252327	0.051814	0.215770	0.129778	0.026518	0.112238	0.107201	0.020945	0.083409
2	0.270473	0.055286	0.229124	0.116724	0.025242	0.101470	0.098138	0.019353	0.084190
3	0.293529	0.058734	0.242435	0.104795	0.024169	0.090861	0.087126	0.017110	0.081241
4	0.317213	0.061618	0.254583	0.093482	0.023160	0.080767	0.076420	0.015172	0.077585
5	0.340337	0.064303	0.264956	0.083472	0.022195	0.070696	0.067037	0.013221	0.073783
6	0.361541	0.066655	0.274814	0.074415	0.021315	0.061703	0.058206	0.011397	0.069954
7	0.381645	0.068707	0.282441	0.065505	0.020321	0.054344	0.050803	0.010040	0.066194
8	0.400477	0.070901	0.289648	0.057819	0.019395	0.047262	0.043712	0.008658	0.062128
9	0.418601	0.072344	0.294996	0.050789	0.018437	0.041276	0.037571	0.007555	0.058431
10	0.435258	0.073468	0.299825	0.044462	0.017484	0.035654	0.032571	0.006463	0.054815
11	0.450489	0.074353	0.303495	0.039076	0.016674	0.030836	0.028029	0.005515	0.051533
12	0.463216	0.075449	0.306937	0.034167	0.016336	0.026901	0.024059	0.004769	0.048166
13	0.475471	0.076198	0.309534	0.029933	0.015618	0.023154	0.020821	0.004098	0.045173
14	0.486098	0.077224	0.311643	0.025870	0.015051	0.020279	0.017908	0.003589	0.042338
15	0.495461	0.077956	0.313480	0.022764	0.014722	0.017441	0.015396	0.003084	0.039696
16	0.504238	0.077932	0.315360	0.019907	0.014108	0.015166	0.013323	0.002786	0.037180
17	0.512241	0.078305	0.316341	0.017635	0.013657	0.013112	0.011352	0.002335	0.035022
18	0.519337	0.078470	0.317173	0.015305	0.013213	0.011521	0.009998	0.002052	0.032931
19	0.526132	0.078985	0.317470	0.013410	0.012651	0.010051	0.008659	0.001834	0.030808
20	0.531877	0.079048	0.318058	0.011841	0.012128	0.008867	0.007555	0.001591	0.029035
21	0.536959	0.079651	0.318278	0.010414	0.011823	0.007756	0.006435	0.001326	0.027358
22	0.541216	0.079616	0.319208	0.009245	0.011354	0.006904	0.005622	0.001121	0.025714
23	0.545287	0.080261	0.319234	0.008050	0.011101	0.006011	0.004840	0.000977	0.024239
24	0.548562	0.080281	0.319684	0.007117	0.010702	0.005316	0.004286	0.000885	0.023167
25	0.551521	0.080809	0.319632	0.006478	0.010362	0.004814	0.003776	0.000767	0.021841
26	0.554779	0.080337	0.320053	0.005651	0.010094	0.004338	0.003301	0.000673	0.020774
27	0.557977	0.080364	0.319367	0.005046	0.009945	0.003816	0.002976	0.000594	0.019915
28	0.559816	0.080444	0.320233	0.004520	0.009556	0.003521	0.002571	0.000548	0.018791
29	0.562717	0.080500	0.319826	0.003998	0.009262	0.003143	0.002280	0.000492	0.017782
30	0.565782	0.080182	0.319213	0.003543	0.009004	0.002864	0.001991	0.000419	0.017002
31	0.567829	0.079979	0.319319	0.003200	0.008792	0.002561	0.001773	0.000397	0.016150
32	0.569567	0.080089	0.319583	0.002851	0.008421	0.002279	0.001591	0.000348	0.015271
33	0.571330	0.079748	0.319615	0.002519	0.008356	0.001994	0.001360	0.000303	0.014775
34	0.572951	0.079504	0.319732	0.002345	0.008102	0.001762	0.001189	0.000258	0.014157
35	0.574015	0.079712	0.319853	0.002059	0.007891	0.001556	0.001115	0.000223	0.013576
36	0.575661	0.079475	0.319564	0.001938	0.007808	0.001347	0.000975	0.000196	0.013036
37	0.577294	0.079043	0.319500	0.001822	0.007601	0.001219	0.000857	0.000192	0.012472
38	0.578386	0.078847	0.319729	0.001607	0.007510	0.001120	0.000746	0.000165	0.011890
39	0.579599	0.079068	0.319295	0.001477	0.007305	0.001026	0.000681	0.000164	0.011385
40	0.579892	0.079111	0.319639	0.001320	0.007302	0.000950	0.000608	0.000162	0.011016
41	0.580849	0.079228	0.319467	0.001226	0.007193	0.000858	0.000526	0.000149	0.010504
42	0.581521	0.079369	0.319387	0.001150	0.007056	0.000815	0.000469	0.000139	0.010094
43	0.582024	0.079583	0.319557	0.001062	0.006965	0.000732	0.000419	0.000120	0.009538
44	0.582716	0.079341	0.319752	0.001037	0.006758	0.000695	0.000391	0.000093	0.009217
45	0.583418	0.079466	0.319579	0.000966	0.006656	0.000617	0.000350	0.000085	0.008863
46	0.584510	0.079398	0.319192	0.000912	0.006601	0.000578	0.000291	0.000094	0.008424
47	0.585050	0.079434	0.319216	0.000833	0.006489	0.000529	0.000268	0.000070	0.008111
48	0.585565	0.079203	0.319573	0.000745	0.006317	0.000521	0.000227	0.000071	0.007778
49	0.586262	0.078986	0.319431	0.000658	0.006340	0.000469	0.000211	0.000053	0.007590
50	0.586302	0.079098	0.319667	0.000626	0.006272	0.000429	0.000205	0.000040	0.007361
51	0.586929	0.078878	0.319924	0.000575	0.006124	0.000363	0.000180	0.000051	0.006976
52	0.586890	0.079034	0.320101	0.000539	0.005965	0.000352	0.000152	0.000045	0.006922
53	0.587379	0.079128	0.320008	0.000494	0.005819	0.000353	0.000147	0.000041	0.006631
54	0.588099	0.078956	0.319828	0.000456	0.005759	0.000309	0.000125	0.000036	0.006432
55	0.589185	0.078524	0.319630	0.000424	0.005619	0.000289	0.000115	0.000037	0.006177
56	0.589364	0.078515	0.319785	0.000356	0.005594	0.000301	0.000102	0.000033	0.005950
57	0.589666	0.078224	0.320305	0.000345	0.005412	0.000259	0.000092	0.000029	0.005668
58	0.589898	0.078104	0.320413	0.000313	0.005457	0.000253	0.000070	0.000021	0.005471
59	0.590293	0.077715	0.320678	0.000306	0.005421	0.000236	0.000079	0.000017	0.005255
60	0.589775	0.077581	0.321685	0.000301	0.005333	0.000213	0.000071	0.000018	0.005023
61	0.590101	0.077667	0.321478	0.000258	0.005290	0.000176	0.000059	0.000013	0.004958
62	0.591103	0.077597	0.320832	0.000252	0.005271	0.000170	0.000059	0.000010	0.004706
63	0.591742	0.077281	0.320646	0.000231	0.005251	0.000159	0.000047	0.000007	0.004636
64	0.592169	0.076913	0.320850	0.000221	0.005198	0.000137	0.000045	0.000004	0.004463
65	0.591617	0.077198	0.321312	0.000214	0.005186	0.000147	0.000036	0.000005	0.004285
66	0.591608	0.076872	0.322050	0.000192	0.005061	0.000142	0.000026	0.000002	0.004047
67	0.592032	0.076925	0.321616	0.000188	0.005128	0.000140	0.000016	0.000001	0.003954
68	0.591968	0.076803	0.321981	0.000170	0.005145	0.000131	0.000010	0.000001	0.003791
69	0.592643	0.076590	0.321871	0.000184	0.004935	0.000121	0.000012	0.000000	0.003644
70	0.592565	0.076456	0.322260	0.000179	0.004869	0.000134	0.000008	0.000000	0.003529
71	0.591618	0.076247	0.323587	0.000163	0.004882	0.000113	0.000007	0.000000	0.003383
72	0.591423	0.076299	0.323967	0.000141	0.004775	0.000101	0.000008	0.000000	0.003286
73	0.592429	0.076179	0.323130	0.000133	0.004844	0.000094	0.000003	0.000000	0.003188
74	0.592891	0.076206	0.322761	0.000116	0.004795	0.000105	0.000002	0.000000	0.003124
75	0.593404	0.075837	0.322624	0.000121	0.004803	0.000096	0.000002	0.000000	0.003113
76	0.593604	0.076080	0.322220	0.000106	0.004822	0.000075	0.000001	0.000000	0.003092
77	0.593583	0.075656	0.322860	0.000089	0.004713	0.000078	0.000001	0.000000	0.003020
78	0.593965	0.075887	0.322395	0.000076	0.004667	0.000087	0.000001	0.000000	0.002922
79	0.594200	0.075450	0.322772	0.000086	0.004647	0.000061	0.000001	0.000000	0.002783
80	0.594204	0.075423	0.322919	0.000067	0.004602	0.000066	0.000000	0.000000	0.002719
81	0.594220	0.075253	0.323111	0.000067	0.004568	0.000068	0.000003	0.000000	0.002710
82	0.594403	0.075191	0.323176	0.000056	0.004536	0.000059	0.000001	0.000000	0.002578
83	0.595004	0.074835	0.323031	0.000050	0.004533	0.000059	0.000001	0.000000	0.002487
84	0.594147	0.074462	0.324378	0.000041	0.004492	0.000049	0.000002	0.000000	0.002429
85	0.594528	0.074628	0.323941	0.000043	0.004425	0.000047	0.000001	0.000000	0.002387
86	0.595063	0.074280	0.323887	0.000035	0.004343	0.000040	0.000000	0.000000	0.002352
87	0.595620	0.074098	0.323619	0.000033	0.004282	0.000042	0.000000	0.000000	0.002306
88	0.595247	0.073937	0.324115	0.000026	0.004375	0.000046	0.000000	0.000000	0.002254
89	0.594858	0.074107	0.324532	0.000027	0.004232	0.000041	0.000002	0.000000	0.002201
90	0.594572	0.074122	0.324800	0.000020	0.004257	0.000041	0.000001	0.000000	0.002187
91	0.594539	0.073931	0.325047	0.000030	0.004229	0.000048	0.000000	0.000000	0.002176
92	0.595172	0.073745	0.324764	0.000031	0.004179	0.000039	0.000001	0.000000	0.002069
93	0.595430	0.073411	0.325036	0.000036	0.004019	0.000046	0.000000	0.000000	0.002022
94	0.595300	0.073612	0.325036	0.000026	0.004024	0.000042	0.000002	0.000000	0.001958
95	0.594617	0.073482	0.325865	0.000020	0.004022	0.000040	0.000005	0.000000	0.001949
96	0.594899	0.073204	0.325966	0.000019	0.003963	0.000041	0.000001	0.000000	0.001907
97	0.594593	0.072856	0.326744	0.000016	0.003894	0.000040	0.000003	0.000000	0.001854
98	0.594631	0.072883	0.326692	0.000029	0.003852	0.000039	0.000001	0.000000	0.001873
99	0.595038	0.072685	0.326550	0.000014	0.003904	0.000036	0.000002	0.000000	0.001771
100	0.595164	0.072630	0.326555	0.000015	0.003813	0.000036	0.000000	0.000000	0.001787
101	0.595799	0.072068	0.326528	0.000016	0.003832	0.000039	0.000000	0.000000	0.001718
102	0.595868	0.072114	0.326482	0.000014	0.003872	0.000034	0.000000	0.000000	0.001616
103	0.596251	0.071855	0.326447	0.000008	0.003828	0.000026	0.000000	0.000000	0.001585
104	0.596466	0.072095	0.326120	0.000006	0.003729	0.000020	0.000000	0.000000	0.001564
105	0.596482	0.071901	0.326364	0.000009	0.003751	0.000025	0.000000	0.000000	0.001468
106	0.596530	0.071798	0.326443	0.000009	0.003716	0.000023	0.000000	0.000000	0.001481
107	0.596726	0.071907	0.326256	0.000006	0.003626	0.000026	0.000000	0.000000	0.001453
108	0.596652	0.071748	0.326541	0.000003	0.003595	0.000032	0.000000	0.000000	0.001429
109	0.596507	0.071870	0.326566	0.000000	0.003638	0.000036	0.000000	0.000000	0.001383
110	0.596622	0.071743	0.326689	0.000002	0.003571	0.000026	0.000000	0.000000	0.001347
111	0.595954	0.071707	0.327406	0.000004	0.003586	0.000035	0.000000	0.000000	0.001308
112	0.596101	0.071516	0.327540	0.000001	0.003540	0.000035	0.000000	0.000000	0.001267
113	0.596265	0.071458	0.327455	0.000001	0.003551	0.000037	0.000000	0.000000	0.001233
114	0.596961	0.071347	0.326918	0.000000	0.003534	0.000033	0.000000	0.000000	0.001207
115	0.596778	0.070921	0.327567	0.000000	0.003490	0.000031	0.000000	0.000000	0.001213
116	0.596697	0.070695	0.327887	0.000000	0.003487	0.000031	0.000000	0.000000	0.001203
117	0.596529	0.070368	0.328427	0.000000	0.003449	0.000031	0.000000	0.000000	0.001196
118	0.596028	0.070511	0.328776	0.000000	0.003497	0.000026	0.000000	0.000000	0.001162
119	0.596195	0.070577	0.328697	0.000000	0.003400	0.000025	0.000000	0.000000	0.001106
120	0.595454	0.071066	0.328998	0.000000	0.003379	0.000024	0.000000	0.000000	0.001079
121	0.595201	0.071019	0.329297	0.000000	0.003376	0.000023	0.000000	0.000000	0.001084
122	0.594969	0.070904	0.329671	0.000000	0.003355	0.000024	0.000000	0.000000	0.001077
123	0.595633	0.070783	0.329109	0.000000	0.003370	0.000021	0.000000	0.000000	0.001084
124	0.596517	0.070654	0.328436	0.000000	0.003326	0.000020	0.000000	0.000000	0.001047
125	0.595528	0.070851	0.329355	0.000000	0.003209	0.000024	0.000000	0.000000	0.001033
126	0.595578	0.070624	0.329558	0.000000	0.003211	0.000021	0.000000	0.000000	0.001008
127	0.595762	0.070510	0.329399	0.000000	0.003288	0.000023	0.000000	0.000000	0.001018
128	0.595501	0.070109	0.330001	0.000000	0.003302	0.000022	0.000000	0.000000	0.001065
129	0.595765	0.069956	0.330044	0.000000	0.003183	0.000030	0.000000	0.000000	0.001022
130	0.595893	0.069844	0.330054	0.000000	0.003160	0.000028	0.000000	0.000000	0.001021
131	0.595439	0.070040	0.330338	0.000000	0.003156	0.000034	0.000000	0.000000	0.000993
132	0.594978	0.070338	0.330535	0.000000	0.003137	0.000035	0.000000	0.000000	0.000977
133	0.594711	0.069856	0.331364	0.000000	0.003077	0.000032	0.000000	0.000000	0.000960
134	0.593907	0.070116	0.331882	0.000000	0.003119	0.000028	0.000000	0.000000	0.000948
135	0.593780	0.069917	0.332216	0.000000	0.003091	0.000025	0.000000	0.000000	0.000971
136	0.593626	0.070189	0.332130	0.000000	0.003091	0.000027	0.000000	0.000000	0.000937
137	0.593087	0.070089	0.332835	0.000000	0.003075	0.000022	0.000000	0.000000	0.000892
138	0.592756	0.070154	0.333165	0.000000	0.002985	0.000019	0.000000	0.000000	0.000921
139	0.592968	0.069991	0.333219	0.000000	0.002901	0.000024	0.000000	0.000000	0.000897
140	0.593517	0.069959	0.332669	0.000000	0.002911	0.000026	0.000000	0.000000	0.000918
141	0.593795	0.070087	0.332295	0.000000	0.002886	0.000032	0.000000	0.000000	0.000905
142	0.594073	0.069839	0.332344	0.000000	0.002826	0.000030	0.000000	0.000000	0.000888
143	0.594897	0.069603	0.331795	0.000000	0.002792	0.000030	0.000000	0.000000	0.000883
144	0.594596	0.069651	0.332105	0.000000	0.002806	0.000024	0.000000	0.000000	0.000818
145	0.594696	0.069939	0.331672	0.000000	0.002826	0.000028	0.000000	0.000000	0.000839
146	0.595078	0.069852	0.331405	0.000000	0.002798	0.000031	0.000000	0.000000	0.000836
147	0.594669	0.070190	0.331573	0.000000	0.002716	0.000021	0.000000	0.000000	0.000831
148	0.594591	0.070207	0.331712	0.000000	0.002635	0.000024	0.000000	0.000000	0.000831
149	0.594628	0.070268	0.331593	0.000000	0.002675	0.000021	0.000000	0.000000	0.000815
150	0.594278	0.070188	0.332119	0.000000	0.002592	0.000019	0.000000	0.000000	0.000804
151	0.594151	0.070152	0.332343	0.000000	0.002567	0.000012	0.000000	0.000000	0.000775
152	0.594074	0.069766	0.332843	0.000000	0.002512	0.000010	0.000000	0.000000	0.000795
153	0.594660	0.069524	0.332537	0.000000	0.002538	0.000009	0.000000	0.000000	0.000732
154	0.594878	0.069254	0.332616	0.000000	0.002494	0.000009	0.000000	0.000000	0.000749
155	0.595138	0.068993	0.332716	0.000000	0.002443	0.000005	0.000000	0.000000	0.000705
156	0.595584	0.068822	0.332418	0.000000	0.002454	0.000007	0.000000	0.000000	0.000715
157	0.595700	0.068864	0.332329	0.000000	0.002355	0.000006	0.000000	0.000000	0.000746
158	0.596485	0.068655	0.331801	0.000000	0.002356	0.000010	0.000000	0.000000	0.000693
159	0.596241	0.068814	0.331934	0.000000	0.002306	0.000009	0.000000	0.000000	0.000696
160	0.596145	0.068601	0.332255	0.000000	0.002297	0.000012	0.000000	0.000000	0.000690
161	0.596898	0.068744	0.331417	0.000000	0.002245	0.000012	0.000000	0.000000	0.000684
162	0.597470	0.068307	0.331364	0.000000	0.002179	0.000009	0.000000	0.000000	0.000671
163	0.598041	0.068095	0.330995	0.000000	0.002197	0.000010	0.000000	0.000000	0.000662
164	0.597780	0.068227	0.331102	0.000000	0.002217	0.000006	0.000000	0.000000	0.000668
165	0.597887	0.068307	0.330935	0.000000	0.002192	0.000008	0.000000	0.000000	0.000671
166	0.597476	0.068139	0.331579	0.000000	0.002166	0.000004	0.000000	0.000000	0.000636
167	0.597169	0.068349	0.331687	0.000000	0.002142	0.000005	0.000000	0.000000	0.000648
168	0.597648	0.068314	0.331263	0.000000	0.002138	0.000003	0.000000	0.000000	0.000634
169	0.597729	0.068635	0.330907	0.000000	0.002114	0.000001	0.000000	0.000000	0.000614
170	0.598106	0.068237	0.330937	0.000000	0.002131	0.000003	0.000000	0.000000	0.000586
171	0.598124	0.067992	0.331176	0.000000	0.002111	0.000002	0.000000	0.000000	0.000595
172	0.597839	0.068274	0.331206	0.000000	0.002094	0.000002	0.000000	0.000000	0.000585
173	0.597717	0.068066	0.331569	0.000000	0.002029	0.000000	0.000000	0.000000	0.000619
174	0.598029	0.067970	0.331440	0.000000	0.001942	0.000000	0.000000	0.000000	0.000619
175	0.598325	0.068099	0.331058	0.000000	0.001913	0.000000	0.000000	0.000000	0.000605
176	0.598069	0.067609	0.331774	0.000000	0.001925	0.000000	0.000000	0.000000	0.000623
177	0.597405	0.067962	0.332135	0.000000	0.001870	0.000000	0.000000	0.000000	0.000628
178	0.597646	0.068441	0.331467	0.000000	0.001844	0.000000	0.000000	0.000000	0.000602
179	0.597765	0.068289	0.331506	0.000000	0.001843	0.000000	0.000000	0.000000	0.000597
180	0.597727	0.068538	0.331300	0.000000	0.001858	0.000000	0.000000	0.000000	0.000577
181	0.596998	0.068490	0.332100	0.000000	0.001841	0.000000	0.000000	0.000000	0.000571
182	0.596444	0.068633	0.332535	0.000000	0.001807	0.000000	0.000000	0.000000	0.000581
183	0.596229	0.068813	0.332603	0.000000	0.001799	0.000000	0.000000	0.000000	0.000556
184	0.596253	0.068863	0.332581	0.000000	0.001752	0.000000	0.000000	0.000000	0.000551
185	0.596148	0.068869	0.332700	0.000000	0.001718	0.000000	0.000000	0.000000	0.000565
186	0.596194	0.069231	0.332313	0.000000	0.001703	0.000000	0.000000	0.000000	0.000559
187	0.595924	0.069243	0.332590	0.000000	0.001694	0.000000	0.000000	0.000000	0.000549
188	0.595955	0.069125	0.332698	0.000000	0.001680	0.000000	0.000000	0.000000	0.000542
189	0.596043	0.068891	0.332875	0.000000	0.001672	0.000000	0.000000	0.000000	0.000519
190	0.595645	0.068926	0.333326	0.000000	0.001611	0.000000	0.000000	0.000000	0.000492
191	0.595988	0.068785	0.333126	0.000000	0.001597	0.000000	0.000000	0.000000	0.000504
192	0.596713	0.068760	0.332446	0.000000	0.001597	0.000000	0.000000	0.000000	0.000484
193	0.596772	0.068821	0.332385	0.000000	0.001553	0.000000	0.000000	0.000000	0.000469
194	0.597355	0.068742	0.331930	0.000000	0.001494	0.000000	0.000000	0.000000	0.000479
195	0.596831	0.068896	0.332299	0.000000	0.001501	0.000000	0.000000	0.000000	0.000473
196	0.597401	0.069027	0.331583	0.000000	0.001552	0.000000	0.000000	0.000000	0.000437
197	0.597489	0.068928	0.331602	0.000000	0.001517	0.000000	0.000000	0.000000	0.000464
198	0.597610	0.068981	0.331460	0.000000	0.001498	0.000000	0.000000	0.000000	0.000451
199	0.598249	0.068711	0.331079	0.000000	0.001463	0.000000	0.000000	0.000000	0.000498
200	0.598010	0.068855	0.331194	0.000000	0.001454	0.000000	0.000000	0.000000	0.000487
201	0.597924	0.068816	0.331342	0.000000	0.001433	0.000000	0.000000	0.000000	0.000485
202	0.598654	0.068737	0.330760	0.000000	0.001403	0.000000	0.000000	0.000000	0.000446
203	0.597926	0.068723	0.331550	0.000000	0.001347	0.000000	0.000000	0.000000	0.000454
204	0.597851	0.068686	0.331711	0.000000	0.001327	0.000000	0.000000	0.000000	0.000425
205	0.598152	0.068397	0.331707	0.000000	0.001308	0.000000	0.000000	0.000000	0.000436
206	0.597892	0.068798	0.331556	0.000000	0.001330	0.000000	0.000000	0.000000	0.000424
207	0.598115	0.068635	0.331504	0.000000	0.001331	0.000000	0.000000	0.000000	0.000415
208	0.597959	0.068590	0.331697	0.000000	0.001341	0.000000	0.000000	0.000000	0.000413
209	0.598047	0.068426	0.331773	0.000000	0.001334	0.000000	0.000000	0.000000	0.000420
210	0.597701	0.068389	0.332168	0.000000	0.001319	0.000000	0.000000	0.000000	0.000423
211	0.597934	0.068450	0.331839	0.000000	0.001333	0.000000	0.000000	0.000000	0.000444
212	0.598284	0.068600	0.331344	0.000000	0.001329	0.000000	0.000000	0.000000	0.000443
213	0.598390	0.068647	0.331236	0.000000	0.001289	0.000000	0.000000	0.000000	0.000438
214	0.598267	0.068649	0.331328	0.000000	0.001321	0.000000	0.000000	0.000000	0.000435
215	0.598241	0.068830	0.331232	0.000000	0.001288	0.000000	0.000000	0.000000	0.000409
216	0.597968	0.068714	0.331684	0.000000	0.001259	0.000000	0.000000	0.000000	0.000375
217	0.598216	0.068739	0.331434	0.000000	0.001245	0.000000	0.000000	0.000000	0.000366
218	0.598040	0.068650	0.331709	0.000000	0.001245	0.000000	0.000000	0.000000	0.000356
219	0.598554	0.068442	0.331415	0.000000	0.001245	0.000000	0.000000	0.000000	0.000344
220	0.597904	0.068553	0.331941	0.000000	0.001249	0.000000	0.000000	0.000000	0.000353
221	0.598336	0.068294	0.331883	0.000000	0.001178	0.000000	0.000000	0.000000	0.000309
222	0.598829	0.067859	0.331834	0.000000	0.001177	0.000000	0.000000	0.000000	0.000301
223	0.598358	0.067918	0.332252	0.000000	0.001134	0.000000	0.000000	0.000000	0.000338
224	0.597404	0.068045	0.333111	0.000000	0.001111	0.000000	0.000000	0.000000	0.000329
225	0.597467	0.068243	0.332889	0.000000	0.001080	0.000000	0.000000	0.000000	0.000321
226	0.597433	0.068317	0.332856	0.000000	0.001063	0.000000	0.000000	0.000000	0.000331
227	0.597938	0.068148	0.332568	0.000000	0.001028	0.000000	0.000000	0.000000	0.000318
228	0.597690	0.067818	0.333143	0.000000	0.001030	0.000000	0.000000	0.000000	0.000319
229	0.597643	0.067926	0.333046	0.000000	0.001039	0.000000	0.000000	0.000000	0.000346
230	0.597337	0.068016	0.333217	0.000000	0.001080	0.000000	0.000000	0.000000	0.000350
231	0.597513	0.067901	0.333192	0.000000	0.001070	0.000000	0.000000	0.000000	0.000324
232	0.597630	0.067768	0.333234	0.000000	0.001052	0.000000	0.000000	0.000000	0.000316
233	0.597623	0.067683	0.333386	0.000000	0.001003	0.000000	0.000000	0.000000	0.000305
234	0.597157	0.067824	0.333706	0.000000	0.000983	0.000000	0.000000	0.000000	0.000330
235	0.597936	0.067623	0.333179	0.000000	0.000938	0.000000	0.000000	0.000000	0.000324
236	0.597816	0.068046	0.332835	0.000000	0.000946	0.000000	0.000000	0.000000	0.000357
237	0.597430	0.067976	0.333362	0.000000	0.000877	0.000000	0.000000	0.000000	0.000355
238	0.597680	0.067756	0.333297	0.000000	0.000909	0.000000	0.000000	0.000000	0.000358
239	0.598148	0.067462	0.333182	0.000000	0.000848	0.000000	0.000000	0.000000	0.000360
240	0.598675	0.067386	0.332725	0.000000	0.000854	0.000000	0.000000	0.000000	0.000360
241	0.598273	0.067105	0.333431	0.000000	0.000847	0.000000	0.000000	0.000000	0.000344
242	0.598751	0.067089	0.332992	0.000000	0.000834	0.000000	0.000000	0.000000	0.000334
243	0.598726	0.067137	0.333008	0.000000	0.000824	0.000000	0.000000	0.000000	0.000305
244	0.598707	0.067270	0.332889	0.000000	0.000835	0.000000	0.000000	0.000000	0.000299
245	0.598853	0.067454	0.332619	0.000000	0.000798	0.000000	0.000000	0.000000	0.000276
246	0.598493	0.067437	0.333000	0.000000	0.000798	0.000000	0.000000	0.000000	0.000272
247	0.599114	0.066966	0.332830	0.000000	0.000803	0.000000	0.000000	0.000000	0.000287
248	0.598483	0.067022	0.333408	0.000000	0.000789	0.000000	0.000000	0.000000	0.000298
249	0.598887	0.067632	0.332400	0.000000	0.000751	0.000000	0.000000	0.000000	0.000330
250	0.599046	0.067644	0.332253	0.000000	0.000727	0.000000	0.000000	0.000000	0.000330
251	0.598643	0.067736	0.332571	0.000000	0.000723	0.000000	0.000000	0.000000	0.000327
252	0.598389	0.067242	0.333357	0.000000	0.000699	0.000000	0.000000	0.000000	0.000313
253	0.598447	0.067540	0.333027	0.000000	0.000686	0.000000	0.000000	0.000000	0.000300
254	0.598317	0.067495	0.333175	0.000000	0.000702	0.000000	0.000000	0.000000	0.000311
255	0.598029	0.067357	0.333591	0.000000	0.000705	0.000000	0.000000	0.000000	0.000318
256	0.598175	0.067461	0.333365	0.000000	0.000665	0.000000	0.000000	0.000000	0.000334
257	0.598246	0.067580	0.333185	0.000000	0.000664	0.000000	0.000000	0.000000	0.000325
258	0.598926	0.067273	0.332767	0.000000	0.000662	0.000000	0.000000	0.000000	0.000372
259	0.598899	0.067504	0.332578	0.000000	0.000652	0.000000	0.000000	0.000000	0.000367
260	0.599598	0.067230	0.332125	0.000000	0.000664	0.000000	0.000000	0.000000	0.000383
261	0.599123	0.067170	0.332677	0.000000	0.000667	0.000000	0.000000	0.000000	0.000363
262	0.599287	0.067230	0.332499	0.000000	0.000639	0.000000	0.000000	0.000000	0.000345
263	0.599740	0.067178	0.332089	0.000000	0.000644	0.000000	0.000000	0.000000	0.000349
264	0.599622	0.067211	0.332184	0.000000	0.000649	0.000000	0.000000	0.000000	0.000334
265	0.599881	0.067072	0.332046	0.000000	0.000648	0.000000	0.000000	0.000000	0.000353
266	0.599871	0.067039	0.332125	0.000000	0.000626	0.000000	0.000000	0.000000	0.000339
267	0.599673	0.067241	0.332143	0.000000	0.000612	0.000000	0.000000	0.000000	0.000331
268	0.600051	0.067414	0.331591	0.000000	0.000602	0.000000	0.000000	0.000000	0.000342
269	0.600046	0.067379	0.331652	0.000000	0.000584	0.000000	0.000000	0.000000	0.000339
270	0.599366	0.067945	0.331781	0.000000	0.000567	0.000000	0.000000	0.000000	0.000341
271	0.599716	0.068195	0.331165	0.000000	0.000595	0.000000	0.000000	0.000000	0.000329
272	0.599701	0.067972	0.331401	0.000000	0.000588	0.000000	0.000000	0.000000	0.000338
273	0.599607	0.067850	0.331672	0.000000	0.000566	0.000000	0.000000	0.000000	0.000305
274	0.599203	0.067938	0.331960	0.000000	0.000583	0.000000	0.000000	0.000000	0.000316
275	0.599014	0.068322	0.331759	0.000000	0.000584	0.000000	0.000000	0.000000	0.000321
276	0.598805	0.068426	0.331850	0.000000	0.000585	0.000000	0.000000	0.000000	0.000334
277	0.599499	0.068031	0.331558	0.000000	0.000575	0.000000	0.000000	0.000000	0.000337
278	0.598991	0.068140	0.331983	0.000000	0.000561	0.000000	0.000000	0.000000	0.000325
279	0.598550	0.067855	0.332742	0.000000	0.000551	0.000000	0.000000	0.000000	0.000302
280	0.598111	0.068001	0.333073	0.000000	0.000535	0.000000	0.000000	0.000000	0.000280
281	0.598312	0.067567	0.333300	0.000000	0.000544	0.000000	0.000000	0.000000	0.000277
282	0.597919	0.067490	0.333754	0.000000	0.000555	0.000000	0.000000	0.000000	0.000282
283	0.597578	0.067360	0.334204	0.000000	0.000547	0.000000	0.000000	0.000000	0.000311
284	0.597157	0.067369	0.334678	0.000000	0.000507	0.000000	0.000000	0.000000	0.000289
285	0.597786	0.067432	0.333994	0.000000	0.000513	0.000000	0.000000	0.000000	0.000275
286	0.597335	0.067365	0.334521	0.000000	0.000514	0.000000	0.000000	0.000000	0.000265
287	0.596785	0.067344	0.335059	0.000000	0.000545	0.000000	0.000000	0.000000	0.000267
288	0.597075	0.067489	0.334641	0.000000	0.000553	0.000000	0.000000	0.000000	0.000242
289	0.596480	0.067655	0.335077	0.000000	0.000561	0.000000	0.000000	0.000000	0.000227
290	0.596662	0.067496	0.335063	0.000000	0.000540	0.000000	0.000000	0.000000	0.000239
291	0.597059	0.067647	0.334520	0.000000	0.000528	0.000000	0.000000	0.000000	0.000246
292	0.597432	0.067746	0.334069	0.000000	0.000503	0.000000	0.000000	0.000000	0.000250
293	0.597684	0.067969	0.333605	0.000000	0.000510	0.000000	0.000000	0.000000	0.000232
294	0.598360	0.068101	0.332799	0.000000	0.000522	0.000000	0.000000	0.000000	0.000218
295	0.598066	0.067850	0.333346	0.000000	0.000518	0.000000	0.000000	0.000000	0.000220
296	0.597769	0.067597	0.333921	0.000000	0.000496	0.000000	0.000000	0.000000	0.000217
297	0.597351	0.068042	0.333909	0.000000	0.000490	0.000000	0.000000	0.000000	0.000208
298	0.597697	0.068019	0.333563	0.000000	0.000514	0.000000	0.000000	0.000000	0.000207
299	0.598601	0.067828	0.332836	0.000000	0.000517	0.000000	0.000000	0.000000	0.000218
300	0.597827	0.067809	0.333647	0.000000	0.000504	0.000000	0.000000	0.000000	0.000213
301	0.597541	0.067850	0.333862	0.000000	0.000525	0.000000	0.000000	0.000000	0.000222
302	0.597341	0.067838	0.334101	0.000000	0.000510	0.000000	0.000000	0.000000	0.000210
303	0.597435	0.068207	0.333629	0.000000	0.000497	0.000000	0.000000	0.000000	0.000232
304	0.597827	0.068146	0.333289	0.000000	0.000482	0.000000	0.000000	0.000000	0.000256
305	0.597138	0.068286	0.333848	0.000000	0.000480	0.000000	0.000000	0.000000	0.000248
306	0.597590	0.068265	0.333407	0.000000	0.000492	0.000000	0.000000	0.000000	0.000246
307	0.597298	0.068003	0.333945	0.000000	0.000486	0.000000	0.000000	0.000000	0.000268
308	0.597020	0.067743	0.334509	0.000000	0.000480	0.000000	0.000000	0.000000	0.000248
309	0.597149	0.067606	0.334515	0.000000	0.000477	0.000000	0.000000	0.000000	0.000253
310	0.596692	0.067634	0.334996	0.000000	0.000412	0.000000	0.000000	0.000000	0.000266
311	0.596861	0.067884	0.334531	0.000000	0.000437	0.000000	0.000000	0.000000	0.000287
312	0.596105	0.067873	0.335336	0.000000	0.000410	0.000000	0.000000	0.000000	0.000276
313	0.596204	0.067807	0.335314	0.000000	0.000402	0.000000	0.000000	0.000000	0.000273
314	0.595635	0.067637	0.336057	0.000000	0.000383	0.000000	0.000000	0.000000	0.000288
315	0.595525	0.067791	0.336049	0.000000	0.000377	0.000000	0.000000	0.000000	0.000258
316	0.595798	0.067731	0.335868	0.000000	0.000356	0.000000	0.000000	0.000000	0.000247
317	0.595781	0.067989	0.335607	0.000000	0.000362	0.000000	0.000000	0.000000	0.000261
318	0.596171	0.067881	0.335343	0.000000	0.000354	0.000000	0.000000	0.000000	0.000251
319	0.597181	0.067788	0.334426	0.000000	0.000358	0.000000	0.000000	0.000000	0.000247
320	0.596903	0.067794	0.334700	0.000000	0.000345	0.000000	0.000000	0.000000	0.000258
321	0.596442	0.068109	0.334870	0.000000	0.000325	0.000000	0.000000	0.000000	0.000254
322	0.596555	0.067974	0.334900	0.000000	0.000316	0.000000	0.000000	0.000000	0.000255
323	0.596985	0.068222	0.334201	0.000000	0.000331	0.000000	0.000000	0.000000	0.000261
324	0.597071	0.068140	0.334195	0.000000	0.000333	0.000000	0.000000	0.000000	0.000261
325	0.597194	0.067776	0.334451	0.000000	0.000329	0.000000	0.000000	0.000000	0.000250
326	0.597766	0.067950	0.333723	0.000000	0.000333	0.000000	0.000000	0.000000	0.000228
327	0.597450	0.067964	0.334020	0.000000	0.000346	0.000000	0.000000	0.000000	0.000220
328	0.597432	0.068295	0.333715	0.000000	0.000326	0.000000	0.000000	0.000000	0.000232
329	0.597340	0.068347	0.333740	0.000000	0.000335	0.000000	0.000000	0.000000	0.000238
330	0.596831	0.068275	0.334322	0.000000	0.000335	0.000000	0.000000	0.000000	0.000237
331	0.596646	0.068321	0.334469	0.000000	0.000325	0.000000	0.000000	0.000000	0.000239
332	0.597502	0.068414	0.333539	0.000000	0.000313	0.000000	0.000000	0.000000	0.000232
333	0.597079	0.068245	0.334115	0.000000	0.000323	0.000000	0.000000	0.000000	0.000238
334	0.597194	0.067983	0.334286	0.000000	0.000306	0.000000	0.000000	0.000000	0.000231
335	0.597818	0.067977	0.333679	0.000000	0.000298	0.000000	0.000000	0.000000	0.000228
336	0.597313	0.068316	0.333887	0.000000	0.000288	0.000000	0.000000	0.000000	0.000196
337	0.597376	0.068660	0.333479	0.000000	0.000294	0.000000	0.000000	0.000000	0.000191
338	0.597500	0.068661	0.333343	0.000000	0.000291	0.000000	0.000000	0.000000	0.000205
339	0.597209	0.068776	0.333519	0.000000	0.000282	0.000000	0.000000	0.000000	0.000214
340	0.597583	0.068731	0.333212	0.000000	0.000285	0.000000	0.000000	0.000000	0.000189
341	0.596956	0.068903	0.333660	0.000000	0.000259	0.000000	0.000000	0.000000	0.000222
342	0.597270	0.069213	0.333040	0.000000	0.000270	0.000000	0.000000	0.000000	0.000207
343	0.597139	0.069283	0.333121	0.000000	0.000265	0.000000	0.000000	0.000000	0.000192
344	0.597187	0.069225	0.333140	0.000000	0.000248	0.000000	0.000000	0.000000	0.000200
345	0.597194	0.069221	0.333154	0.000000	0.000251	0.000000	0.000000	0.000000	0.000180
346	0.597207	0.069170	0.333186	0.000000	0.000234	0.000000	0.000000	0.000000	0.000203
347	0.597584	0.069280	0.332713	0.000000	0.000235	0.000000	0.000000	0.000000	0.000188
348	0.597124	0.069553	0.332889	0.000000	0.000224	0.000000	0.000000	0.000000	0.000210
349	0.597374	0.069737	0.332468	0.000000	0.000230	0.000000	0.000000	0.000000	0.000191
350	0.597062	0.069911	0.332621	0.000000	0.000218	0.000000	0.000000	0.000000	0.000188
351	0.596851	0.070003	0.332789	0.000000	0.000190	0.000000	0.000000	0.000000	0.000167
352	0.596559	0.070261	0.332828	0.000000	0.000195	0.000000	0.000000	0.000000	0.000157
353	0.596940	0.070171	0.332552	0.000000	0.000187	0.000000	0.000000	0.000000	0.000150
354	0.597491	0.070056	0.332142	0.000000	0.000168	0.000000	0.000000	0.000000	0.000143
355	0.597437	0.069449	0.332775	0.000000	0.000190	0.000000	0.000000	0.000000	0.000149
356	0.597441	0.069475	0.332749	0.000000	0.000183	0.000000	0.000000	0.000000	0.000152
357	0.597724	0.069578	0.332356	0.000000	0.000187	0.000000	0.000000	0.000000	0.000155
358	0.597619	0.069608	0.332462	0.000000	0.000161	0.000000	0.000000	0.000000	0.000150
359	0.597481	0.069530	0.332646	0.000000	0.000168	0.000000	0.000000	0.000000	0.000175
360	0.597794	0.069312	0.332554	0.000000	0.000184	0.000000	0.000000	0.000000	0.000156
361	0.597880	0.069234	0.332549	0.000000	0.000181	0.000000	0.000000	0.000000	0.000156
362	0.598077	0.068877	0.332742	0.000000	0.000171	0.000000	0.000000	0.000000	0.000133
363	0.598227	0.068736	0.332704	0.000000	0.000186	0.000000	0.000000	0.000000	0.000147
364	0.597760	0.068857	0.333063	0.000000	0.000169	0.000000	0.000000	0.000000	0.000151
365	0.597391	0.068997	0.333290	0.000000	0.000164	0.000000	0.000000	0.000000	0.000158
366	0.597850	0.068681	0.333145	0.000000	0.000165	0.000000	0.000000	0.000000	0.000159
367	0.598175	0.068557	0.332944	0.000000	0.000158	0.000000	0.000000	0.000000	0.000166
368	0.597764	0.068358	0.333593	0.000000	0.000134	0.000000	0.000000	0.000000	0.000151
369	0.597747	0.068550	0.333430	0.000000	0.000141	0.000000	0.000000	0.000000	0.000132
370	0.597373	0.068599	0.333758	0.000000	0.000133	0.000000	0.000000	0.000000	0.000137
371	0.597231	0.068718	0.333786	0.000000	0.000125	0.000000	0.000000	0.000000	0.000140
372	0.597549	0.068551	0.333641	0.000000	0.000122	0.000000	0.000000	0.000000	0.000137
373	0.597669	0.068678	0.333394	0.000000	0.000120	0.000000	0.000000	0.000000	0.000139
374	0.597606	0.068645	0.333491	0.000000	0.000117	0.000000	0.000000	0.000000	0.000141
375	0.598116	0.068750	0.332874	0.000000	0.000114	0.000000	0.000000	0.000000	0.000146
376	0.598135	0.068665	0.332964	0.000000	0.000098	0.000000	0.000000	0.000000	0.000138
377	0.598338	0.068757	0.332656	0.000000	0.000111	0.000000	0.000000	0.000000	0.000138
378	0.597981	0.068550	0.333252	0.000000	0.000098	0.000000	0.000000	0.000000	0.000119
379	0.597911	0.068679	0.333177	0.000000	0.000108	0.000000	0.000000	0.000000	0.000125
380	0.597604	0.068940	0.333235	0.000000	0.000107	0.000000	0.000000	0.000000	0.000114
381	0.597893	0.069030	0.332850	0.000000	0.000104	0.000000	0.000000	0.000000	0.000123
382	0.598373	0.068982	0.332420	0.000000	0.000109	0.000000	0.000000	0.000000	0.000116
383	0.598410	0.069209	0.332129	0.000000	0.000123	0.000000	0.000000	0.000000	0.000129
384	0.598566	0.069400	0.331801	0.000000	0.000111	0.000000	0.000000	0.000000	0.000122
385	0.599033	0.069346	0.331398	0.000000	0.000108	0.000000	0.000000	0.000000	0.000115
386	0.599460	0.069094	0.331226	0.000000	0.000106	0.000000	0.000000	0.000000	0.000114
387	0.599483	0.069186	0.331112	0.000000	0.000117	0.000000	0.000000	0.000000	0.000102
388	0.598945	0.069160	0.331659	0.000000	0.000125	0.000000	0.000000	0.000000	0.000111
389	0.598203	0.069353	0.332198	0.000000	0.000132	0.000000	0.000000	0.000000	0.000114
390	0.597691	0.069271	0.332818	0.000000	0.000126	0.000000	0.000000	0.000000	0.000094
391	0.598167	0.069002	0.332628	0.000000	0.000117	0.000000	0.000000	0.000000	0.000086
392	0.598254	0.068679	0.332872	0.000000	0.000114	0.000000	0.000000	0.000000	0.000081
393	0.597861	0.069066	0.332875	0.000000	0.000113	0.000000	0.000000	0.000000	0.000085
394	0.598037	0.068916	0.332845	0.000000	0.000120	0.000000	0.000000	0.000000	0.000082
395	0.598023	0.068877	0.332904	0.000000	0.000130	0.000000	0.000000	0.000000	0.000066
396	0.597853	0.068972	0.332965	0.000000	0.000135	0.000000	0.000000	0.000000	0.000075
397	0.597891	0.068599	0.333299	0.000000	0.000142	0.000000	0.000000	0.000000	0.000069
398	0.598028	0.068399	0.333386	0.000000	0.000126	0.000000	0.000000	0.000000	0.000061
399	0.597766	0.068202	0.333859	0.000000	0.000122	0.000000	0.000000	0.000000	0.000051
400	0.598130	0.068066	0.333635	0.000000	0.000119	0.000000	0.000000	0.000000	0.000050
401	0.597193	0.068262	0.334399	0.000000	0.000109	0.000000	0.000000	0.000000	0.000037
402	0.597601	0.068166	0.334067	0.000000	0.000121	0.000000	0.000000	0.000000	0.000045
403	0.597909	0.068270	0.333672	0.000000	0.000109	0.000000	0.000000	0.000000	0.000040
404	0.597819	0.068558	0.333472	0.000000	0.000110	0.000000	0.000000	0.000000	0.000041
405	0.597004	0.068687	0.334159	0.000000	0.000108	0.000000	0.000000	0.000000	0.000042
406	0.597169	0.068499	0.334182	0.000000	0.000108	0.000000	0.000000	0.000000	0.000042
407	0.596794	0.068609	0.334454	0.000000	0.000106	0.000000	0.000000	0.000000	0.000037
408	0.596969	0.068641	0.334266	0.000000	0.000092	0.000000	0.000000	0.000000	0.000032
409	0.596542	0.068735	0.334586	0.000000	0.000098	0.000000	0.000000	0.000000	0.000039
410	0.596397	0.068890	0.334576	0.000000	0.000098	0.000000	0.000000	0.000000	0.000039
411	0.596187	0.068728	0.334955	0.000000	0.000086	0.000000	0.000000	0.000000	0.000044
412	0.596967	0.068713	0.334198	0.000000	0.000077	0.000000	0.000000	0.000000	0.000045
413	0.596409	0.068657	0.334817	0.000000	0.000076	0.000000	0.000000	0.000000	0.000041
414	0.596238	0.068580	0.335071	0.000000	0.000076	0.000000	0.000000	0.000000	0.000035
415	0.596122	0.068579	0.335174	0.000000	0.000088	0.000000	0.000000	0.000000	0.000037
416	0.595752	0.068835	0.335289	0.000000	0.000088	0.000000	0.000000	0.000000	0.000036
417	0.596742	0.068812	0.334313	0.000000	0.000084	0.000000	0.000000	0.000000	0.000049
418	0.596268	0.068741	0.334863	0.000000	0.000080	0.000000	0.000000	0.000000	0.000048
419	0.596429	0.068804	0.334641	0.000000	0.000078	0.000000	0.000000	0.000000	0.000048
420	0.596305	0.068620	0.334934	0.000000	0.000093	0.000000	0.000000	0.000000	0.000048
421	0.596273	0.068533	0.335069	0.000000	0.000093	0.000000	0.000000	0.000000	0.000032
422	0.596573	0.068465	0.334839	0.000000	0.000090	0.000000	0.000000	0.000000	0.000033
423	0.596070	0.068731	0.335084	0.000000	0.000084	0.000000	0.000000	0.000000	0.000031
424	0.595876	0.068330	0.335662	0.000000	0.000091	0.000000	0.000000	0.000000	0.000041
425	0.596310	0.068296	0.335269	0.000000	0.000083	0.000000	0.000000	0.000000	0.000042
426	0.596382	0.068166	0.335326	0.000000	0.000092	0.000000	0.000000	0.000000	0.000034
427	0.596649	0.068204	0.335006	0.000000	0.000102	0.000000	0.000000	0.000000	0.000039
428	0.596302	0.067918	0.335632	0.000000	0.000100	0.000000	0.000000	0.000000	0.000048
429	0.596285	0.067704	0.335883	0.000000	0.000086	0.000000	0.000000	0.000000	0.000042
430	0.596276	0.067291	0.336296	0.000000	0.000097	0.000000	0.000000	0.000000	0.000040
431	0.596174	0.067668	0.336014	0.000000	0.000104	0.000000	0.000000	0.000000	0.000040
432	0.596598	0.067506	0.335745	0.000000	0.000105	0.000000	0.000000	0.000000	0.000046
433	0.596753	0.067584	0.335526	0.000000	0.000092	0.000000	0.000000	0.000000	0.000045
434	0.597261	0.067247	0.335362	0.000000	0.000094	0.000000	0.000000	0.000000	0.000036
435	0.596852	0.067161	0.335849	0.000000	0.000097	0.000000	0.000000	0.000000	0.000041
436	0.597216	0.067037	0.335617	0.000000	0.000088	0.000000	0.000000	0.000000	0.000042
437	0.596885	0.067203	0.335785	0.000000	0.000090	0.000000	0.000000	0.000000	0.000037
438	0.597601	0.067350	0.334928	0.000000	0.000096	0.000000	0.000000	0.000000	0.000025
439	0.597431	0.067252	0.335214	0.000000	0.000082	0.000000	0.000000	0.000000	0.000021
440	0.596724	0.067224	0.335943	0.000000	0.000090	0.000000	0.000000	0.000000	0.000019
441	0.596495	0.067464	0.335933	0.000000	0.000087	0.000000	0.000000	0.000000	0.000021
442	0.596400	0.067575	0.335918	0.000000	0.000092	0.000000	0.000000	0.000000	0.000015
443	0.596750	0.067519	0.335618	0.000000	0.000099	0.000000	0.000000	0.000000	0.000014
444	0.596195	0.067292	0.336407	0.000000	0.000091	0.000000	0.000000	0.000000	0.000015
445	0.596571	0.067231	0.336079	0.000000	0.000105	0.000000	0.000000	0.000000	0.000014
446	0.596565	0.067117	0.336206	0.000000	0.000102	0.000000	0.000000	0.000000	0.000010
447	0.596876	0.066867	0.336132	0.000000	0.000114	0.000000	0.000000	0.000000	0.000011
448	0.597591	0.066641	0.335649	0.000000	0.000111	0.000000	0.000000	0.000000	0.000008
449	0.597417	0.066459	0.336005	0.000000	0.000111	0.000000	0.000000	0.000000	0.000008
450	0.597928	0.066320	0.335636	0.000000	0.000111	0.000000	0.000000	0.000000	0.000005
451	0.597084	0.066103	0.336699	0.000000	0.000110	0.000000	0.000000	0.000000	0.000004
452	0.596828	0.066177	0.336869	0.000000	0.000121	0.000000	0.000000	0.000000	0.000005
453	0.596713	0.066477	0.336699	0.000000	0.000106	0.000000	0.000000	0.000000	0.000005
454	0.596598	0.066361	0.336929	0.000000	0.000108	0.000000	0.000000	0.000000	0.000004
455	0.596695	0.066387	0.336805	0.000000	0.000107	0.000000	0.000000	0.000000	0.000006
456	0.597476	0.066543	0.335878	0.000000	0.000100	0.000000	0.000000	0.000000	0.000003
457	0.597927	0.066336	0.335633	0.000000	0.000102	0.000000	0.000000	0.000000	0.000002
458	0.597365	0.066453	0.336086	0.000000	0.000094	0.000000	0.000000	0.000000	0.000002
459	0.597416	0.066518	0.335981	0.000000	0.000083	0.000000	0.000000	0.000000	0.000002
460	0.597135	0.066705	0.336060	0.000000	0.000097	0.000000	0.000000	0.000000	0.000003
461	0.597225	0.066797	0.335891	0.000000	0.000084	0.000000	0.000000	0.000000	0.000003
462	0.597152	0.066800	0.335959	0.000000	0.000087	0.000000	0.000000	0.000000	0.000002
463	0.597014	0.066895	0.335992	0.000000	0.000098	0.000000	0.000000	0.000000	0.000001
464	0.596835	0.067209	0.335848	0.000000	0.000106	0.000000	0.000000	0.000000	0.000002
465	0.596615	0.067231	0.336038	0.000000	0.000113	0.000000	0.000000	0.000000	0.000003
466	0.597025	0.067200	0.335656	0.000000	0.000118	0.000000	0.000000	0.000000	0.000001
467	0.597063	0.067182	0.335651	0.000000	0.000103	0.000000	0.000000	0.000000	0.000001
468	0.596842	0.066992	0.336052	0.000000	0.000113	0.000000	0.000000	0.000000	0.000001
469	0.596818	0.066970	0.336100	0.000000	0.000110	0.000000	0.000000	0.000000	0.000002
470	0.596759	0.066975	0.336167	0.000000	0.000098	0.000000	0.000000	0.000000	0.000001
