0	0.290663	0.057897	0.229473	0.157588	0.029913	0.111872	0.085455	0.012259	0.024880
1	0.218300	0.045324	0.190687	0.130735	0.026755	0.116278	0.139945	0.027026	0.104950
2	0.206866	0.042747	0.178528	0.117827	0.025579	0.104887	0.160380	0.030990	0.132196
3	0.201582	0.040908	0.167545	0.107790	0.024798	0.093387	0.176291	0.033500	0.154199
4	0.197916	0.039092	0.157192	0.098419	0.024209	0.082313	0.189378	0.035399	0.176082
5	0.194695	0.037726	0.146081	0.090558	0.024031	0.072330	0.201217	0.037136	0.196226
6	0.191912	0.036749	0.135735	0.082744	0.024000	0.063249	0.211962	0.038204	0.215445
7	0.189374	0.035831	0.125690	0.076333	0.023861	0.055011	0.220938	0.039477	0.233485
8	0.187238	0.034813	0.115598	0.070498	0.023673	0.047764	0.228591	0.040688	0.251137
9	0.185269	0.033918	0.106302	0.064684	0.023799	0.041729	0.234845	0.041364	0.268090
10	0.183392	0.032975	0.097606	0.059968	0.023870	0.036213	0.240940	0.041690	0.283346
11	0.181812	0.032230	0.089271	0.055302	0.024175	0.031405	0.245792	0.042150	0.297863
12	0.180420	0.031493	0.081998	0.051314	0.024375	0.027546	0.249436	0.042426	0.310992
13	0.178769	0.030731	0.075242	0.047767	0.024818	0.024166	0.252421	0.042596	0.323490
14	0.177246	0.029902	0.068913	0.044157	0.025100	0.021238	0.254886	0.042503	0.336055
15	0.175611	0.029236	0.063116	0.041291	0.025371	0.018376	0.256468	0.042590	0.347941
16	0.174047	0.028360	0.057763	0.038349	0.025564	0.015989	0.258229	0.042385	0.359314
17	0.172607	0.027915	0.052905	0.035478	0.025808	0.013826	0.258947	0.042501	0.370013
18	0.171257	0.027470	0.048061	0.033161	0.026152	0.012175	0.260260	0.042227	0.379237
19	0.169828	0.026756	0.044297	0.030755	0.026874	0.010708	0.260242	0.042021	0.388519
20	0.167951	0.026193	0.040546	0.028853	0.027308	0.009277	0.259909	0.041811	0.398152
21	0.166758	0.025803	0.036866	0.026914	0.027434	0.008242	0.259611	0.041632	0.406740
22	0.165077	0.025435	0.033760	0.025241	0.027823	0.007366	0.259147	0.041186	0.414965
23	0.163692	0.025026	0.030844	0.023514	0.028633	0.006528	0.257903	0.040856	0.423004
24	0.162158	0.024547	0.027961	0.022014	0.029197	0.005685	0.256774	0.040695	0.430969
25	0.160544	0.024048	0.025627	0.020551	0.029698	0.005075	0.255993	0.040486	0.437978
26	0.158894	0.023519	0.023289	0.019145	0.030253	0.004526	0.255166	0.039958	0.445250
27	0.157076	0.023203	0.021525	0.018021	0.030967	0.003916	0.253357	0.039534	0.452401
28	0.155090	0.022721	0.019689	0.016879	0.031207	0.003576	0.252141	0.039376	0.459321
29	0.152689	0.022226	0.018158	0.015900	0.031883	0.003262	0.251252	0.039047	0.465583
30	0.150860	0.021779	0.016393	0.014909	0.032221	0.002945	0.249518	0.038785	0.472590
31	0.149464	0.021440	0.014934	0.014030	0.032720	0.002614	0.248094	0.038378	0.478326
32	0.147373	0.020831	0.013767	0.013381	0.033060	0.002350	0.247020	0.037995	0.484223
33	0.145293	0.020574	0.012659	0.012701	0.033492	0.002140	0.245326	0.037673	0.490142
34	0.142665	0.020014	0.011562	0.012007	0.034072	0.001885	0.243700	0.037316	0.496779
35	0.140537	0.019708	0.010596	0.011279	0.034360	0.001710	0.242344	0.036822	0.502644
36	0.138546	0.019064	0.009911	0.010646	0.034723	0.001508	0.241146	0.036455	0.508001
37	0.135931	0.018654	0.009118	0.010086	0.034975	0.001357	0.239689	0.035905	0.514285
38	0.133962	0.018065	0.008330	0.009406	0.035354	0.001192	0.238276	0.035541	0.519874
39	0.132526	0.017555	0.007524	0.008794	0.035656	0.001056	0.236701	0.035270	0.524918
40	0.130280	0.017160	0.006911	0.008364	0.035939	0.000987	0.234790	0.035115	0.530454
41	0.128293	0.016723	0.006459	0.007883	0.036334	0.000904	0.233592	0.034839	0.534973
42	0.125673	0.016337	0.005962	0.007316	0.036640	0.000800	0.233082	0.034273	0.539917
43	0.123138	0.015903	0.005493	0.006841	0.036901	0.000713	0.231440	0.034036	0.545535
44	0.121028	0.015480	0.004941	0.006492	0.037291	0.000639	0.230187	0.033856	0.550086
45	0.118844	0.015165	0.004560	0.006046	0.037481	0.000629	0.228607	0.033333	0.555335
46	0.116517	0.014636	0.004071	0.005823	0.037600	0.000535	0.227571	0.033180	0.560067
47	0.114338	0.014421	0.003784	0.005496	0.037773	0.000474	0.225796	0.032743	0.565175
48	0.111880	0.013902	0.003513	0.005192	0.037901	0.000439	0.224818	0.032330	0.570025
49	0.109551	0.013341	0.003224	0.004879	0.038127	0.000417	0.223496	0.031817	0.575148
50	0.107189	0.013014	0.002933	0.004567	0.038135	0.000365	0.222614	0.031596	0.579587
51	0.104980	0.012624	0.002675	0.004368	0.038397	0.000339	0.221367	0.031375	0.583875
52	0.102646	0.012298	0.002513	0.004039	0.038523	0.000311	0.219791	0.031174	0.588705
53	0.100495	0.011757	0.002274	0.003808	0.038375	0.000289	0.218429	0.030929	0.593644
54	0.098104	0.011393	0.002070	0.003498	0.038277	0.000290	0.217406	0.030689	0.598273
55	0.096153	0.011049	0.001840	0.003287	0.038087	0.000254	0.216207	0.030411	0.602712
56	0.093918	0.010547	0.001675	0.003051	0.038119	0.000231	0.214693	0.029909	0.607857
57	0.091247	0.010297	0.001502	0.002867	0.038021	0.000194	0.213827	0.030135	0.611910
58	0.088544	0.009962	0.001403	0.002712	0.037866	0.000176	0.212412	0.030239	0.616686
59	0.086492	0.009603	0.001331	0.002514	0.037539	0.000154	0.211488	0.030169	0.620710
60	0.084292	0.009387	0.001172	0.002256	0.037360	0.000121	0.210784	0.030058	0.624570
61	0.082260	0.009016	0.001049	0.002122	0.037349	0.000114	0.210056	0.029966	0.628068
62	0.080040	0.008800	0.000970	0.001936	0.037277	0.000113	0.209014	0.029744	0.632106
63	0.077963	0.008502	0.000921	0.001833	0.036985	0.000103	0.207814	0.029260	0.636619
64	0.076073	0.008168	0.000850	0.001746	0.036891	0.000097	0.206450	0.029392	0.640333
65	0.073780	0.007870	0.000768	0.001613	0.036699	0.000071	0.205464	0.029123	0.644612
66	0.071375	0.007595	0.000736	0.001522	0.036626	0.000061	0.204705	0.028899	0.648481
67	0.069140	0.007339	0.000622	0.001418	0.036228	0.000065	0.203757	0.028736	0.652695
68	0.067204	0.007081	0.000560	0.001277	0.036208	0.000070	0.202718	0.028756	0.656126
69	0.065141	0.006812	0.000525	0.001168	0.035908	0.000064	0.202158	0.028674	0.659550
70	0.063254	0.006608	0.000476	0.001130	0.035478	0.000066	0.201262	0.028599	0.663127
71	0.061353	0.006449	0.000402	0.001080	0.035210	0.000053	0.200129	0.028491	0.666833
72	0.059667	0.006244	0.000377	0.001040	0.034937	0.000040	0.200000	0.028228	0.669467
73	0.057601	0.005957	0.000330	0.000967	0.034691	0.000040	0.199253	0.027988	0.673173
74	0.056031	0.005761	0.000324	0.000941	0.034475	0.000037	0.198582	0.027941	0.675908
75	0.054418	0.005517	0.000279	0.000844	0.034289	0.000025	0.197740	0.027655	0.679233
76	0.052734	0.005316	0.000224	0.000796	0.034096	0.000030	0.197332	0.027280	0.682192
77	0.050982	0.005162	0.000208	0.000747	0.033673	0.000034	0.196994	0.027144	0.685056
78	0.049132	0.004878	0.000185	0.000720	0.033634	0.000031	0.196659	0.027159	0.687602
79	0.047921	0.004714	0.000160	0.000689	0.033210	0.000026	0.196114	0.026877	0.690289
80	0.046400	0.004526	0.000149	0.000652	0.032970	0.000018	0.195195	0.026916	0.693174
81	0.044743	0.004383	0.000137	0.000623	0.032534	0.000017	0.195015	0.026864	0.695684
82	0.043117	0.004322	0.000119	0.000586	0.032313	0.000017	0.194561	0.026756	0.698209
83	0.041576	0.004129	0.000114	0.000533	0.032023	0.000012	0.194257	0.026542	0.700814
84	0.040484	0.004022	0.000106	0.000480	0.031790	0.000014	0.193134	0.026511	0.703459
85	0.039153	0.003917	0.000093	0.000428	0.031360	0.000013	0.192147	0.026399	0.706490
86	0.037968	0.003752	0.000081	0.000395	0.031206	0.000010	0.192020	0.026067	0.708501
87	0.036610	0.003572	0.000089	0.000335	0.030632	0.000007	0.191095	0.025825	0.711835
88	0.035541	0.003486	0.000067	0.000330	0.029950	0.000008	0.190601	0.025568	0.714449
89	0.034348	0.003362	0.000053	0.000297	0.029583	0.000009	0.190417	0.025567	0.716364
90	0.033007	0.003211	0.000055	0.000258	0.029029	0.000007	0.190248	0.025576	0.718609
91	0.031882	0.003137	0.000038	0.000238	0.028654	0.000008	0.189337	0.025403	0.721303
92	0.030948	0.003129	0.000038	0.000233	0.028163	0.000006	0.189140	0.025488	0.722855
93	0.029835	0.003053	0.000028	0.000239	0.027637	0.000002	0.189248	0.025589	0.724369
94	0.028693	0.002927	0.000030	0.000211	0.027385	0.000003	0.188835	0.025639	0.726277
95	0.027655	0.002876	0.000023	0.000199	0.027157	0.000002	0.187959	0.025489	0.728640
96	0.026742	0.002822	0.000020	0.000204	0.026876	0.000000	0.187504	0.025283	0.730549
97	0.025627	0.002718	0.000020	0.000196	0.026544	0.000000	0.187057	0.025189	0.732649
98	0.024772	0.002656	0.000022	0.000168	0.026174	0.000000	0.186856	0.025117	0.734235
99	0.023961	0.002542	0.000018	0.000161	0.025760	0.000000	0.186746	0.025116	0.735696
100	0.023027	0.002437	0.000014	0.000143	0.025312	0.000000	0.186447	0.025043	0.737577
101	0.022057	0.002361	0.000014	0.000135	0.024879	0.000000	0.186503	0.024956	0.739095
102	0.021330	0.002274	0.000011	0.000120	0.024531	0.000000	0.186455	0.025123	0.740156
103	0.020483	0.002174	0.000015	0.000112	0.024184	0.000000	0.186084	0.024925	0.742023
104	0.019661	0.002148	0.000011	0.000096	0.023876	0.000000	0.185786	0.024808	0.743614
105	0.018997	0.002039	0.000011	0.000081	0.023357	0.000000	0.185422	0.024760	0.745333
106	0.018309	0.001941	0.000012	0.000076	0.023046	0.000000	0.185118	0.024829	0.746669
107	0.017542	0.001858	0.000009	0.000077	0.022559	0.000000	0.184946	0.024813	0.748196
108	0.016844	0.001782	0.000010	0.000082	0.022439	0.000000	0.184650	0.024816	0.749377
109	0.016351	0.001720	0.000009	0.000067	0.022034	0.000000	0.184199	0.024543	0.751077
110	0.015861	0.001658	0.000007	0.000066	0.021763	0.000000	0.183934	0.024519	0.752192
111	0.015377	0.001553	0.000005	0.000069	0.021360	0.000000	0.183457	0.024503	0.753676
112	0.014863	0.001481	0.000002	0.000066	0.020969	0.000000	0.183325	0.024655	0.754639
113	0.014386	0.001470	0.000001	0.000072	0.020669	0.000000	0.183012	0.024374	0.756016
114	0.013897	0.001439	0.000001	0.000067	0.020357	0.000000	0.182756	0.024358	0.757125
115	0.013515	0.001451	0.000001	0.000057	0.020176	0.000000	0.182521	0.024437	0.757842
116	0.012956	0.001381	0.000000	0.000069	0.019850	0.000000	0.182470	0.024237	0.759037
117	0.012447	0.001331	0.000000	0.000064	0.019414	0.000000	0.182158	0.024210	0.760376
118	0.011953	0.001302	0.000000	0.000060	0.019399	0.000000	0.181734	0.024205	0.761347
119	0.011404	0.001277	0.000000	0.000056	0.019194	0.000000	0.181363	0.024248	0.762458
120	0.010983	0.001262	0.000000	0.000049	0.019097	0.000000	0.181405	0.024113	0.763091
121	0.010466	0.001203	0.000000	0.000044	0.018769	0.000000	0.181090	0.024162	0.764266
122	0.010077	0.001180	0.000000	0.000036	0.018436	0.000000	0.180945	0.023821	0.765505
123	0.009732	0.001187	0.000000	0.000040	0.018199	0.000000	0.180690	0.023945	0.766207
124	0.009463	0.001171	0.000000	0.000035	0.017993	0.000000	0.180433	0.023659	0.767246
125	0.009077	0.001103	0.000000	0.000034	0.017708	0.000000	0.180297	0.023647	0.768134
126	0.008888	0.001080	0.000000	0.000028	0.017531	0.000000	0.179909	0.023518	0.769046
127	0.008617	0.001063	0.000000	0.000025	0.017287	0.000000	0.179418	0.023603	0.769987
128	0.008244	0.001046	0.000000	0.000025	0.017021	0.000000	0.179604	0.023573	0.770487
129	0.007971	0.001004	0.000000	0.000020	0.016757	0.000000	0.179417	0.023519	0.771312
130	0.007670	0.001006	0.000000	0.000024	0.016428	0.000000	0.179408	0.023486	0.771978
131	0.007435	0.001037	0.000000	0.000023	0.016071	0.000000	0.179399	0.023450	0.772585
132	0.007165	0.001041	0.000000	0.000021	0.015856	0.000000	0.179375	0.023421	0.773121
133	0.006934	0.001008	0.000000	0.000014	0.015613	0.000000	0.179490	0.023359	0.773582
134	0.006629	0.000985	0.000000	0.000007	0.015515	0.000000	0.179786	0.023386	0.773692
135	0.006526	0.000941	0.000000	0.000006	0.015228	0.000000	0.179428	0.023474	0.774397
136	0.006373	0.000959	0.000000	0.000006	0.014948	0.000000	0.179346	0.023333	0.775035
137	0.006147	0.000910	0.000000	0.000007	0.014715	0.000000	0.179613	0.023214	0.775394
138	0.005960	0.000887	0.000000	0.000008	0.014431	0.000000	0.179193	0.023174	0.776347
139	0.005787	0.000848	0.000000	0.000008	0.014251	0.000000	0.178759	0.023321	0.777026
140	0.005695	0.000814	0.000000	0.000008	0.014077	0.000000	0.178468	0.023057	0.777881
141	0.005585	0.000793	0.000000	0.000008	0.013827	0.000000	0.178132	0.023123	0.778532
142	0.005495	0.000809	0.000000	0.000006	0.013599	0.000000	0.177801	0.022979	0.779311
143	0.005425	0.000812	0.000000	0.000004	0.013326	0.000000	0.177502	0.022803	0.780128
144	0.005272	0.000780	0.000000	0.000005	0.013258	0.000000	0.177109	0.022940	0.780636
145	0.005117	0.000775	0.000000	0.000007	0.012991	0.000000	0.176981	0.022932	0.781197
146	0.004978	0.000791	0.000000	0.000006	0.012744	0.000000	0.177052	0.023020	0.781409
147	0.004713	0.000794	0.000000	0.000010	0.012607	0.000000	0.176525	0.022919	0.782432
148	0.004577	0.000779	0.000000	0.000011	0.012325	0.000000	0.176380	0.022815	0.783113
149	0.004431	0.000753	0.000000	0.000011	0.012063	0.000000	0.176020	0.022555	0.784167
150	0.004346	0.000769	0.000000	0.000011	0.011908	0.000000	0.175795	0.022513	0.784658
151	0.004250	0.000741	0.000000	0.000012	0.011783	0.000000	0.175448	0.022562	0.785204
152	0.004211	0.000757	0.000000	0.000017	0.011606	0.000000	0.175021	0.022481	0.785907
153	0.004111	0.000719	0.000000	0.000016	0.011418	0.000000	0.175251	0.022594	0.785891
154	0.004017	0.000711	0.000000	0.000024	0.011232	0.000000	0.174283	0.022655	0.787078
155	0.003873	0.000686	0.000000	0.000025	0.010997	0.000000	0.174443	0.022602	0.787374
156	0.003837	0.000692	0.000000	0.000032	0.010828	0.000000	0.174438	0.022501	0.787672
157	0.003803	0.000654	0.000000	0.000027	0.010692	0.000000	0.174278	0.022692	0.787854
158	0.003706	0.000658	0.000000	0.000023	0.010484	0.000000	0.174270	0.022904	0.787955
159	0.003637	0.000639	0.000000	0.000023	0.010323	0.000000	0.174157	0.022814	0.788407
160	0.003500	0.000620	0.000000	0.000021	0.010112	0.000000	0.173767	0.022905	0.789075
161	0.003417	0.000584	0.000000	0.000017	0.010007	0.000000	0.173659	0.022686	0.789630
162	0.003346	0.000562	0.000000	0.000013	0.009845	0.000000	0.173606	0.022807	0.789821
163	0.003303	0.000524	0.000000	0.000015	0.009765	0.000000	0.173268	0.022616	0.790509
164	0.003233	0.000493	0.000000	0.000011	0.009582	0.000000	0.173388	0.022646	0.790647
165	0.003223	0.000490	0.000000	0.000008	0.009406	0.000000	0.172930	0.022736	0.791207
166	0.003174	0.000452	0.000000	0.000005	0.009196	0.000000	0.172621	0.022843	0.791709
167	0.003122	0.000421	0.000000	0.000004	0.009048	0.000000	0.172861	0.022581	0.791963
168	0.003110	0.000415	0.000000	0.000002	0.008926	0.000000	0.172662	0.022387	0.792498
169	0.003061	0.000411	0.000000	0.000000	0.008842	0.000000	0.172561	0.022319	0.792806
170	0.002934	0.000401	0.000000	0.000000	0.008756	0.000000	0.172638	0.022425	0.792846
171	0.002881	0.000388	0.000000	0.000000	0.008614	0.000000	0.172562	0.022251	0.793304
172	0.002827	0.000360	0.000000	0.000000	0.008548	0.000000	0.172354	0.022308	0.793603
173	0.002727	0.000360	0.000000	0.000000	0.008404	0.000000	0.172324	0.022416	0.793769
174	0.002703	0.000342	0.000000	0.000000	0.008284	0.000000	0.171972	0.022325	0.794374
175	0.002649	0.000347	0.000000	0.000000	0.008154	0.000000	0.171546	0.022132	0.795172
176	0.002595	0.000338	0.000000	0.000000	0.008008	0.000000	0.171422	0.022269	0.795368
177	0.002583	0.000324	0.000000	0.000000	0.007936	0.000000	0.171181	0.022257	0.795719
178	0.002499	0.000322	0.000000	0.000000	0.007833	0.000000	0.170987	0.022087	0.796272
179	0.002450	0.000313	0.000000	0.000000	0.007669	0.000000	0.170530	0.021927	0.797111
180	0.002410	0.000326	0.000000	0.000000	0.007562	0.000000	0.170252	0.021679	0.797771
181	0.002374	0.000307	0.000000	0.000000	0.007449	0.000000	0.170167	0.021817	0.797886
182	0.002352	0.000321	0.000000	0.000000	0.007334	0.000000	0.170078	0.021786	0.798129
183	0.002321	0.000323	0.000000	0.000000	0.007158	0.000000	0.169998	0.021694	0.798506
184	0.002226	0.000343	0.000000	0.000000	0.007002	0.000000	0.169654	0.021824	0.798951
185	0.002187	0.000337	0.000000	0.000000	0.006926	0.000000	0.169717	0.021798	0.799035
186	0.002167	0.000335	0.000000	0.000000	0.006794	0.000000	0.170086	0.021513	0.799105
187	0.002098	0.000347	0.000000	0.000000	0.006767	0.000000	0.170087	0.021748	0.798953
188	0.001995	0.000346	0.000000	0.000000	0.006656	0.000000	0.170402	0.021719	0.798882
189	0.001981	0.000337	0.000000	0.000000	0.006563	0.000000	0.170274	0.021847	0.798998
190	0.001927	0.000312	0.000000	0.000000	0.006507	0.000000	0.169878	0.021988	0.799388
191	0.001896	0.000310	0.000000	0.000000	0.006356	0.000000	0.169762	0.021974	0.799702
192	0.001851	0.000316	0.000000	0.000000	0.006199	0.000000	0.169148	0.021912	0.800574
193	0.001754	0.000309	0.000000	0.000000	0.006139	0.000000	0.169108	0.021734	0.800956
194	0.001669	0.000304	0.000000	0.000000	0.006085	0.000000	0.168896	0.021711	0.801335
195	0.001653	0.000297	0.000000	0.000000	0.006061	0.000000	0.168401	0.021656	0.801932
196	0.001608	0.000288	0.000000	0.000000	0.005997	0.000000	0.168472	0.021619	0.802016
197	0.001536	0.000285	0.000000	0.000000	0.006035	0.000000	0.167650	0.021725	0.802769
198	0.001525	0.000290	0.000000	0.000000	0.005977	0.000000	0.167883	0.021634	0.802691
199	0.001457	0.000307	0.000000	0.000000	0.005817	0.000000	0.168156	0.021551	0.802712
200	0.001452	0.000293	0.000000	0.000000	0.005730	0.000000	0.168626	0.021534	0.802365
201	0.001424	0.000266	0.000000	0.000000	0.005607	0.000000	0.168580	0.021558	0.802565
202	0.001362	0.000268	0.000000	0.000000	0.005505	0.000000	0.168420	0.021559	0.802886
203	0.001320	0.000279	0.000000	0.000000	0.005400	0.000000	0.168134	0.021516	0.803351
204	0.001313	0.000271	0.000000	0.000000	0.005341	0.000000	0.168520	0.021577	0.802978
205	0.001335	0.000246	0.000000	0.000000	0.005237	0.000000	0.167893	0.021518	0.803771
206	0.001307	0.000232	0.000000	0.000000	0.005050	0.000000	0.168044	0.021480	0.803887
207	0.001307	0.000217	0.000000	0.000000	0.004991	0.000000	0.167910	0.021490	0.804085
208	0.001269	0.000205	0.000000	0.000000	0.004968	0.000000	0.168413	0.021490	0.803655
209	0.001216	0.000184	0.000000	0.000000	0.004897	0.000000	0.168083	0.021709	0.803911
210	0.001161	0.000165	0.000000	0.000000	0.004834	0.000000	0.168682	0.021687	0.803471
211	0.001166	0.000159	0.000000	0.000000	0.004741	0.000000	0.168412	0.021552	0.803970
212	0.001147	0.000147	0.000000	0.000000	0.004620	0.000000	0.168483	0.021512	0.804091
213	0.001104	0.000150	0.000000	0.000000	0.004603	0.000000	0.168245	0.021644	0.804254
214	0.001104	0.000134	0.000000	0.000000	0.004530	0.000000	0.168364	0.021663	0.804205
215	0.001045	0.000142	0.000000	0.000000	0.004436	0.000000	0.168748	0.021669	0.803960
216	0.001008	0.000147	0.000000	0.000000	0.004354	0.000000	0.168678	0.021631	0.804182
217	0.000999	0.000146	0.000000	0.000000	0.004255	0.000000	0.169078	0.021578	0.803944
218	0.000985	0.000125	0.000000	0.000000	0.004140	0.000000	0.169227	0.021618	0.803905
219	0.000982	0.000119	0.000000	0.000000	0.004069	0.000000	0.168842	0.021689	0.804299
220	0.000969	0.000111	0.000000	0.000000	0.004051	0.000000	0.168713	0.021392	0.804764
221	0.000956	0.000091	0.000000	0.000000	0.004020	0.000000	0.168820	0.021544	0.804569
222	0.000912	0.000081	0.000000	0.000000	0.004037	0.000000	0.168831	0.021565	0.804574
223	0.000915	0.000075	0.000000	0.000000	0.003923	0.000000	0.169504	0.021628	0.803955
224	0.000897	0.000078	0.000000	0.000000	0.003903	0.000000	0.169431	0.021509	0.804182
225	0.000870	0.000068	0.000000	0.000000	0.003788	0.000000	0.169328	0.021629	0.804317
226	0.000845	0.000066	0.000000	0.000000	0.003673	0.000000	0.169442	0.021598	0.804376
227	0.000787	0.000069	0.000000	0.000000	0.003557	0.000000	0.169154	0.021477	0.804956
228	0.000761	0.000069	0.000000	0.000000	0.003446	0.000000	0.169356	0.021357	0.805011
229	0.000733	0.000077	0.000000	0.000000	0.003400	0.000000	0.168875	0.021254	0.805661
230	0.000715	0.000074	0.000000	0.000000	0.003338	0.000000	0.169216	0.021248	0.805409
231	0.000697	0.000075	0.000000	0.000000	0.003305	0.000000	0.169341	0.021115	0.805467
232	0.000672	0.000082	0.000000	0.000000	0.003207	0.000000	0.169821	0.021092	0.805126
233	0.000657	0.000074	0.000000	0.000000	0.003138	0.000000	0.169956	0.020966	0.805209
234	0.000646	0.000070	0.000000	0.000000	0.003079	0.000000	0.170120	0.020948	0.805137
235	0.000628	0.000067	0.000000	0.000000	0.003009	0.000000	0.169831	0.021000	0.805465
236	0.000587	0.000065	0.000000	0.000000	0.002894	0.000000	0.169950	0.021031	0.805473
237	0.000553	0.000063	0.000000	0.000000	0.002834	0.000000	0.169543	0.021073	0.805934
238	0.000545	0.000060	0.000000	0.000000	0.002754	0.000000	0.169568	0.021093	0.805980
239	0.000524	0.000062	0.000000	0.000000	0.002666	0.000000	0.169785	0.021069	0.805894
240	0.000510	0.000071	0.000000	0.000000	0.002544	0.000000	0.169529	0.021022	0.806324
241	0.000521	0.000073	0.000000	0.000000	0.002461	0.000000	0.169706	0.020938	0.806301
242	0.000483	0.000079	0.000000	0.000000	0.002371	0.000000	0.169474	0.021066	0.806527
243	0.000499	0.000069	0.000000	0.000000	0.002357	0.000000	0.169248	0.021214	0.806613
244	0.000456	0.000060	0.000000	0.000000	0.002326	0.000000	0.169060	0.021167	0.806931
245	0.000456	0.000059	0.000000	0.000000	0.002245	0.000000	0.169464	0.021135	0.806641
246	0.000432	0.000064	0.000000	0.000000	0.002176	0.000000	0.169426	0.021358	0.806544
247	0.000440	0.000059	0.000000	0.000000	0.002122	0.000000	0.168989	0.021308	0.807082
248	0.000397	0.000055	0.000000	0.000000	0.002077	0.000000	0.169315	0.021108	0.807048
249	0.000394	0.000049	0.000000	0.000000	0.002053	0.000000	0.168793	0.021070	0.807641
250	0.000413	0.000051	0.000000	0.000000	0.002025	0.000000	0.168613	0.021002	0.807896
251	0.000401	0.000055	0.000000	0.000000	0.001936	0.000000	0.168461	0.020743	0.808404
252	0.000405	0.000064	0.000000	0.000000	0.001911	0.000000	0.168196	0.020794	0.808630
253	0.000412	0.000053	0.000000	0.000000	0.001850	0.000000	0.168185	0.020679	0.808821
254	0.000379	0.000057	0.000000	0.000000	0.001775	0.000000	0.168523	0.020701	0.808565
255	0.000372	0.000064	0.000000	0.000000	0.001730	0.000000	0.168575	0.020731	0.808528
256	0.000369	0.000067	0.000000	0.000000	0.001696	0.000000	0.168469	0.020874	0.808525
257	0.000344	0.000070	0.000000	0.000000	0.001669	0.000000	0.168460	0.020827	0.808630
258	0.000369	0.000069	0.000000	0.000000	0.001640	0.000000	0.168199	0.020814	0.808909
259	0.000375	0.000064	0.000000	0.000000	0.001631	0.000000	0.167440	0.020866	0.809624
260	0.000351	0.000057	0.000000	0.000000	0.001642	0.000000	0.167558	0.020701	0.809691
261	0.000336	0.000037	0.000000	0.000000	0.001626	0.000000	0.167609	0.020605	0.809787
262	0.000320	0.000034	0.000000	0.000000	0.001557	0.000000	0.168103	0.020678	0.809308
263	0.000322	0.000029	0.000000	0.000000	0.001534	0.000000	0.168356	0.020745	0.809014
264	0.000338	0.000025	0.000000	0.000000	0.001503	0.000000	0.168247	0.020733	0.809154
265	0.000322	0.000016	0.000000	0.000000	0.001470	0.000000	0.168467	0.020727	0.808998
266	0.000311	0.000014	0.000000	0.000000	0.001440	0.000000	0.168581	0.020753	0.808901
267	0.000304	0.000009	0.000000	0.000000	0.001426	0.000000	0.169038	0.020777	0.808446
268	0.000315	0.000006	0.000000	0.000000	0.001398	0.000000	0.169000	0.020680	0.808601
269	0.000292	0.000006	0.000000	0.000000	0.001394	0.000000	0.169267	0.020595	0.808446
270	0.000288	0.000002	0.000000	0.000000	0.001340	0.000000	0.168906	0.020685	0.808779
271	0.000277	0.000002	0.000000	0.000000	0.001318	0.000000	0.169033	0.020555	0.808815
272	0.000282	0.000003	0.000000	0.000000	0.001273	0.000000	0.168822	0.020416	0.809204
273	0.000265	0.000002	0.000000	0.000000	0.001227	0.000000	0.169229	0.020600	0.808677
274	0.000270	0.000002	0.000000	0.000000	0.001200	0.000000	0.169001	0.020571	0.808956
275	0.000267	0.000000	0.000000	0.000000	0.001183	0.000000	0.168905	0.020734	0.808911
276	0.000253	0.000000	0.000000	0.000000	0.001175	0.000000	0.168512	0.020713	0.809347
277	0.000256	0.000000	0.000000	0.000000	0.001149	0.000000	0.168767	0.020639	0.809189
278	0.000244	0.000000	0.000000	0.000000	0.001135	0.000000	0.168535	0.020898	0.809188
279	0.000250	0.000000	0.000000	0.000000	0.001136	0.000000	0.168294	0.020878	0.809442
280	0.000246	0.000000	0.000000	0.000000	0.001135	0.000000	0.168403	0.020868	0.809348
281	0.000238	0.000000	0.000000	0.000000	0.001104	0.000000	0.168187	0.020760	0.809711
282	0.000218	0.000000	0.000000	0.000000	0.001082	0.000000	0.168654	0.020921	0.809125
283	0.000236	0.000000	0.000000	0.000000	0.001047	0.000000	0.168463	0.021191	0.809063
284	0.000246	0.000000	0.000000	0.000000	0.001038	0.000000	0.168232	0.021242	0.809242
285	0.000240	0.000000	0.000000	0.000000	0.000998	0.000000	0.167911	0.021256	0.809595
286	0.000234	0.000000	0.000000	0.000000	0.000988	0.000000	0.167915	0.021266	0.809597
287	0.000231	0.000000	0.000000	0.000000	0.000971	0.000000	0.167638	0.021217	0.809943
288	0.000228	0.000000	0.000000	0.000000	0.000990	0.000000	0.167275	0.021402	0.810105
289	0.000216	0.000000	0.000000	0.000000	0.000946	0.000000	0.167637	0.021175	0.810026
290	0.000192	0.000000	0.000000	0.000000	0.000922	0.000000	0.168080	0.020955	0.809851
291	0.000194	0.000000	0.000000	0.000000	0.000902	0.000000	0.167815	0.020964	0.810125
292	0.000177	0.000000	0.000000	0.000000	0.000912	0.000000	0.167701	0.020819	0.810391
293	0.000170	0.000000	0.000000	0.000000	0.000889	0.000000	0.167563	0.020972	0.810406
294	0.000177	0.000000	0.000000	0.000000	0.000861	0.000000	0.167651	0.021009	0.810302
295	0.000176	0.000000	0.000000	0.000000	0.000849	0.000000	0.167666	0.020833	0.810476
296	0.000163	0.000000	0.000000	0.000000	0.000852	0.000000	0.167731	0.020881	0.810373
297	0.000143	0.000000	0.000000	0.000000	0.000852	0.000000	0.167823	0.020796	0.810386
298	0.000148	0.000000	0.000000	0.000000	0.000821	0.000000	0.168299	0.020711	0.810021
299	0.000128	0.000000	0.000000	0.000000	0.000807	0.000000	0.167993	0.020630	0.810442
300	0.000123	0.000000	0.000000	0.000000	0.000777	0.000000	0.168072	0.020551	0.810477
301	0.000107	0.000000	0.000000	0.000000	0.000762	0.000000	0.167895	0.020576	0.810660
302	0.000105	0.000000	0.000000	0.000000	0.000767	0.000000	0.168065	0.020497	0.810566
303	0.000114	0.000000	0.000000	0.000000	0.000748	0.000000	0.167581	0.020410	0.811147
304	0.000110	0.000000	0.000000	0.000000	0.000710	0.000000	0.167777	0.020308	0.811095
305	0.000102	0.000000	0.000000	0.000000	0.000701	0.000000	0.167983	0.020403	0.810811
306	0.000099	0.000000	0.000000	0.000000	0.000671	0.000000	0.168130	0.020376	0.810724
307	0.000102	0.000000	0.000000	0.000000	0.000680	0.000000	0.168255	0.020174	0.810789
308	0.000095	0.000000	0.000000	0.000000	0.000665	0.000000	0.168447	0.020179	0.810614
309	0.000094	0.000000	0.000000	0.000000	0.000612	0.000000	0.168539	0.020014	0.810741
310	0.000086	0.000000	0.000000	0.000000	0.000573	0.000000	0.168038	0.020013	0.811290
311	0.000084	0.000000	0.000000	0.000000	0.000539	0.000000	0.168027	0.020004	0.811346
312	0.000085	0.000000	0.000000	0.000000	0.000556	0.000000	0.167634	0.020092	0.811633
313	0.000085	0.000000	0.000000	0.000000	0.000532	0.000000	0.167778	0.019994	0.811611
314	0.000084	0.000000	0.000000	0.000000	0.000527	0.000000	0.167408	0.020079	0.811902
315	0.000079	0.000000	0.000000	0.000000	0.000517	0.000000	0.167668	0.019828	0.811908
316	0.000073	0.000000	0.000000	0.000000	0.000512	0.000000	0.167582	0.019820	0.812013
317	0.000073	0.000000	0.000000	0.000000	0.000500	0.000000	0.167249	0.019860	0.812318
318	0.000072	0.000000	0.000000	0.000000	0.000477	0.000000	0.167577	0.019991	0.811883
319	0.000074	0.000000	0.000000	0.000000	0.000489	0.000000	0.167645	0.020127	0.811665
320	0.000070	0.000000	0.000000	0.000000	0.000502	0.000000	0.167243	0.019956	0.812229
321	0.000071	0.000000	0.000000	0.000000	0.000490	0.000000	0.167220	0.020103	0.812116
322	0.000077	0.000000	0.000000	0.000000	0.000484	0.000000	0.167706	0.020013	0.811720
323	0.000082	0.000000	0.000000	0.000000	0.000493	0.000000	0.167406	0.020000	0.812019
324	0.000089	0.000000	0.000000	0.000000	0.000482	0.000000	0.167016	0.019807	0.812606
325	0.000087	0.000000	0.000000	0.000000	0.000473	0.000000	0.166936	0.019626	0.812878
326	0.000098	0.000000	0.000000	0.000000	0.000474	0.000000	0.166958	0.019693	0.812777
327	0.000087	0.000000	0.000000	0.000000	0.000469	0.000000	0.167077	0.019643	0.812724
328	0.000099	0.000000	0.000000	0.000000	0.000460	0.000000	0.167552	0.019633	0.812256
329	0.000093	0.000000	0.000000	0.000000	0.000456	0.000000	0.167009	0.019770	0.812672
330	0.000096	0.000000	0.000000	0.000000	0.000463	0.000000	0.167020	0.019850	0.812571
331	0.000096	0.000000	0.000000	0.000000	0.000452	0.000000	0.167252	0.019875	0.812325
332	0.000091	0.000000	0.000000	0.000000	0.000434	0.000000	0.167248	0.019718	0.812509
333	0.000087	0.000000	0.000000	0.000000	0.000429	0.000000	0.167349	0.019886	0.812249
334	0.000073	0.000000	0.000000	0.000000	0.000424	0.000000	0.167394	0.019875	0.812234
335	0.000079	0.000000	0.000000	0.000000	0.000432	0.000000	0.167240	0.019935	0.812314
336	0.000084	0.000000	0.000000	0.000000	0.000422	0.000000	0.167034	0.019866	0.812594
337	0.000087	0.000000	0.000000	0.000000	0.000421	0.000000	0.166607	0.020036	0.812849
338	0.000090	0.000000	0.000000	0.000000	0.000407	0.000000	0.166559	0.019914	0.813030
339	0.000084	0.000000	0.000000	0.000000	0.000412	0.000000	0.166083	0.019774	0.813647
340	0.000086	0.000000	0.000000	0.000000	0.000401	0.000000	0.165976	0.019660	0.813877
341	0.000074	0.000000	0.000000	0.000000	0.000408	0.000000	0.165830	0.019732	0.813956
342	0.000087	0.000000	0.000000	0.000000	0.000389	0.000000	0.165397	0.019788	0.814339
343	0.000081	0.000000	0.000000	0.000000	0.000376	0.000000	0.165198	0.019723	0.814622
344	0.000081	0.000000	0.000000	0.000000	0.000369	0.000000	0.165175	0.019639	0.814736
345	0.000074	0.000000	0.000000	0.000000	0.000345	0.000000	0.165238	0.019556	0.814787
346	0.000080	0.000000	0.000000	0.000000	0.000320	0.000000	0.164889	0.019583	0.815128
347	0.000075	0.000000	0.000000	0.000000	0.000321	0.000000	0.165078	0.019635	0.814891
348	0.000083	0.000000	0.000000	0.000000	0.000333	0.000000	0.164998	0.019530	0.815056
349	0.000087	0.000000	0.000000	0.000000	0.000321	0.000000	0.164883	0.019481	0.815228
350	0.000082	0.000000	0.000000	0.000000	0.000313	0.000000	0.164747	0.019446	0.815412
351	0.000091	0.000000	0.000000	0.000000	0.000292	0.000000	0.164953	0.019360	0.815304
352	0.000092	0.000000	0.000000	0.000000	0.000280	0.000000	0.164762	0.019255	0.815611
353	0.000089	0.000000	0.000000	0.000000	0.000274	0.000000	0.165001	0.019348	0.815288
354	0.000094	0.000000	0.000000	0.000000	0.000278	0.000000	0.164699	0.019374	0.815555
355	0.000099	0.000000	0.000000	0.000000	0.000262	0.000000	0.164921	0.019672	0.815046
356	0.000096	0.000000	0.000000	0.000000	0.000236	0.000000	0.164727	0.019692	0.815249
357	0.000089	0.000000	0.000000	0.000000	0.000236	0.000000	0.165063	0.019694	0.814918
358	0.000094	0.000000	0.000000	0.000000	0.000231	0.000000	0.165242	0.019631	0.814802
359	0.000093	0.000000	0.000000	0.000000	0.000245	0.000000	0.165591	0.019673	0.814398
360	0.000095	0.000000	0.000000	0.000000	0.000255	0.000000	0.165205	0.019831	0.814614
361	0.000096	0.000000	0.000000	0.000000	0.000244	0.000000	0.165458	0.019744	0.814458
362	0.000086	0.000000	0.000000	0.000000	0.000245	0.000000	0.165561	0.019674	0.814434
363	0.000076	0.000000	0.000000	0.000000	0.000225	0.000000	0.165717	0.019621	0.814361
364	0.000080	0.000000	0.000000	0.000000	0.000200	0.000000	0.165995	0.019452	0.814273
365	0.000088	0.000000	0.000000	0.000000	0.000210	0.000000	0.165748	0.019491	0.814463
366	0.000089	0.000000	0.000000	0.000000	0.000197	0.000000	0.165460	0.019499	0.814755
367	0.000081	0.000000	0.000000	0.000000	0.000181	0.000000	0.165428	0.019623	0.814687
368	0.000080	0.000000	0.000000	0.000000	0.000173	0.000000	0.165530	0.019772	0.814445
369	0.000081	0.000000	0.000000	0.000000	0.000167	0.000000	0.165581	0.019759	0.814412
370	0.000074	0.000000	0.000000	0.000000	0.000150	0.000000	0.165190	0.019648	0.814938
371	0.000074	0.000000	0.000000	0.000000	0.000153	0.000000	0.165416	0.019514	0.814843
372	0.000077	0.000000	0.000000	0.000000	0.000146	0.000000	0.165482	0.019542	0.814753
373	0.000068	0.000000	0.000000	0.000000	0.000131	0.000000	0.165208	0.019429	0.815164
374	0.000067	0.000000	0.000000	0.000000	0.000114	0.000000	0.165342	0.019379	0.815098
375	0.000070	0.000000	0.000000	0.000000	0.000104	0.000000	0.165368	0.019421	0.815037
376	0.000069	0.000000	0.000000	0.000000	0.000116	0.000000	0.165294	0.019321	0.815200
377	0.000068	0.000000	0.000000	0.000000	0.000113	0.000000	0.165167	0.019380	0.815272
378	0.000065	0.000000	0.000000	0.000000	0.000105	0.000000	0.165713	0.019458	0.814659
379	0.000061	0.000000	0.000000	0.000000	0.000097	0.000000	0.165935	0.019531	0.814376
380	0.000058	0.000000	0.000000	0.000000	0.000102	0.000000	0.165373	0.019685	0.814782
381	0.000060	0.000000	0.000000	0.000000	0.000112	0.000000	0.165632	0.019767	0.814429
382	0.000056	0.000000	0.000000	0.000000	0.000099	0.000000	0.165619	0.019967	0.814259
383	0.000061	0.000000	0.000000	0.000000	0.000096	0.000000	0.165079	0.019841	0.814923
384	0.000068	0.000000	0.000000	0.000000	0.000086	0.000000	0.165323	0.019768	0.814755
385	0.000057	0.000000	0.000000	0.000000	0.000086	0.000000	0.165348	0.019950	0.814559
386	0.000066	0.000000	0.000000	0.000000	0.000086	0.000000	0.165315	0.019980	0.814553
387	0.000065	0.000000	0.000000	0.000000	0.000089	0.000000	0.165234	0.019961	0.814651
388	0.000060	0.000000	0.000000	0.000000	0.000082	0.000000	0.165513	0.020020	0.814325
389	0.000062	0.000000	0.000000	0.000000	0.000084	0.000000	0.165606	0.019995	0.814253
390	0.000061	0.000000	0.000000	0.000000	0.000097	0.000000	0.165207	0.020036	0.814599
391	0.000050	0.000000	0.000000	0.000000	0.000101	0.000000	0.164958	0.019925	0.814966
392	0.000049	0.000000	0.000000	0.000000	0.000100	0.000000	0.164364	0.019961	0.815526
393	0.000047	0.000000	0.000000	0.000000	0.000096	0.000000	0.165076	0.019911	0.814870
394	0.000042	0.000000	0.000000	0.000000	0.000103	0.000000	0.164856	0.019972	0.815027
395	0.000041	0.000000	0.000000	0.000000	0.000093	0.000000	0.164857	0.019892	0.815117
396	0.000040	0.000000	0.000000	0.000000	0.000093	0.000000	0.165091	0.020020	0.814756
397	0.000031	0.000000	0.000000	0.000000	0.000088	0.000000	0.164931	0.020074	0.814876
398	0.000028	0.000000	0.000000	0.000000	0.000089	0.000000	0.165138	0.020128	0.814617
399	0.000023	0.000000	0.000000	0.000000	0.000087	0.000000	0.165215	0.020190	0.814485
400	0.000022	0.000000	0.000000	0.000000	0.000086	0.000000	0.165020	0.020146	0.814726
401	0.000019	0.000000	0.000000	0.000000	0.000093	0.000000	0.164832	0.020038	0.815018
402	0.000022	0.000000	0.000000	0.000000	0.000086	0.000000	0.164726	0.019957	0.815209
403	0.000017	0.000000	0.000000	0.000000	0.000094	0.000000	0.164597	0.019954	0.815338
404	0.000015	0.000000	0.000000	0.000000	0.000086	0.000000	0.164912	0.019837	0.815150
405	0.000018	0.000000	0.000000	0.000000	0.000080	0.000000	0.164600	0.019914	0.815388
406	0.000012	0.000000	0.000000	0.000000	0.000079	0.000000	0.164998	0.019885	0.815026
407	0.000014	0.000000	0.000000	0.000000	0.000078	0.000000	0.165228	0.019916	0.814764
408	0.000010	0.000000	0.000000	0.000000	0.000077	0.000000	0.165001	0.019891	0.815021
409	0.000010	0.000000	0.000000	0.000000	0.000062	0.000000	0.164917	0.019971	0.815040
410	0.000011	0.000000	0.000000	0.000000	0.000056	0.000000	0.164744	0.020092	0.815097
411	0.000014	0.000000	0.000000	0.000000	0.000055	0.000000	0.164768	0.019854	0.815309
412	0.000008	0.000000	0.000000	0.000000	0.000056	0.000000	0.165071	0.020006	0.814859
413	0.000009	0.000000	0.000000	0.000000	0.000047	0.000000	0.164803	0.019963	0.815178
414	0.000007	0.000000	0.000000	0.000000	0.000047	0.000000	0.164930	0.020031	0.814985
415	0.000006	0.000000	0.000000	0.000000	0.000047	0.000000	0.164784	0.020083	0.815080
416	0.000004	0.000000	0.000000	0.000000	0.000052	0.000000	0.164774	0.019948	0.815222
417	0.000002	0.000000	0.000000	0.000000	0.000049	0.000000	0.164660	0.019983	0.815306
418	0.000002	0.000000	0.000000	0.000000	0.000049	0.000000	0.164491	0.019892	0.815566
419	0.000001	0.000000	0.000000	0.000000	0.000047	0.000000	0.165053	0.020041	0.814858
420	0.000000	0.000000	0.000000	0.000000	0.000040	0.000000	0.165174	0.019948	0.814838
421	0.000000	0.000000	0.000000	0.000000	0.000032	0.000000	0.164969	0.019939	0.815060
422	0.000000	0.000000	0.000000	0.000000	0.000028	0.000000	0.165215	0.019826	0.814931
423	0.000000	0.000000	0.000000	0.000000	0.000024	0.000000	0.165086	0.019945	0.814945
424	0.000000	0.000000	0.000000	0.000000	0.000017	0.000000	0.165202	0.019995	0.814786
425	0.000000	0.000000	0.000000	0.000000	0.000014	0.000000	0.165036	0.019754	0.815196
426	0.000000	0.000000	0.000000	0.000000	0.000011	0.000000	0.164807	0.019682	0.815500
427	0.000000	0.000000	0.000000	0.000000	0.000007	0.000000	0.164917	0.019686	0.815390
428	0.000000	0.000000	0.000000	0.000000	0.000007	0.000000	0.165120	0.019630	0.815243
429	0.000000	0.000000	0.000000	0.000000	0.000006	0.000000	0.165551	0.019486	0.814957
430	0.000000	0.000000	0.000000	0.000000	0.000005	0.000000	0.165728	0.019409	0.814858
431	0.000000	0.000000	0.000000	0.000000	0.000008	0.000000	0.165180	0.019530	0.815282
432	0.000000	0.000000	0.000000	0.000000	0.000004	0.000000	0.165492	0.019635	0.814869
433	0.000000	0.000000	0.000000	0.000000	0.000003	0.000000	0.165429	0.019638	0.814930
434	0.000000	0.000000	0.000000	0.000000	0.000005	0.000000	0.165201	0.019676	0.815118
435	0.000000	0.000000	0.000000	0.000000	0.000002	0.000000	0.164441	0.019678	0.815879
436	0.000000	0.000000	0.000000	0.000000	0.000003	0.000000	0.164242	0.019733	0.816022
437	0.000000	0.000000	0.000000	0.000000	0.000002	0.000000	0.164290	0.019893	0.815815
438	0.000000	0.000000	0.000000	0.000000	0.000000	0.000000	0.164231	0.019768	0.816001
439	0.000000	0.000000	0.000000	0.000000	0.000000	0.000000	0.164570	0.019754	0.815676
440	0.000000	0.000000	0.000000	0.000000	0.000000	0.000000	0.164756	0.019533	0.815711
441	0.000000	0.000000	0.000000	0.000000	0.000000	0.000000	0.164991	0.019771	0.815238
442	0.000000	0.000000	0.000000	0.000000	0.000000	0.000000	0.164889	0.019834	0.815277
443	0.000000	0.000000	0.000000	0.000000	0.000000	0.000000	0.164485	0.019779	0.815736
444	0.000000	0.000000	0.000000	0.000000	0.000000	0.000000	0.164260	0.019878	0.815862
445	0.000000	0.000000	0.000000	0.000000	0.000000	0.000000	0.164288	0.019892	0.815820
446	0.000000	0.000000	0.000000	0.000000	0.000000	0.000000	0.164228	0.019881	0.815891
447	0.000000	0.000000	0.000000	0.000000	0.000000	0.000000	0.163713	0.019919	0.816368
448	0.000000	0.000000	0.000000	0.000000	0.000000	0.000000	0.163636	0.019997	0.816367
449	0.000000	0.000000	0.000000	0.000000	0.000000	0.000000	0.164042	0.019947	0.816011
450	0.000000	0.000000	0.000000	0.000000	0.000000	0.000000	0.163811	0.019982	0.816207
451	0.000000	0.000000	0.000000	0.000000	0.000000	0.000000	0.163468	0.019862	0.816670
452	0.000000	0.000000	0.000000	0.000000	0.000000	0.000000	0.163451	0.019886	0.816663
453	0.000000	0.000000	0.000000	0.000000	0.000000	0.000000	0.163678	0.019780	0.816542
454	0.000000	0.000000	0.000000	0.000000	0.000000	0.000000	0.163457	0.019718	0.816825
455	0.000000	0.000000	0.000000	0.000000	0.000000	0.000000	0.163639	0.019807	0.816554
456	0.000000	0.000000	0.000000	0.000000	0.000000	0.000000	0.163393	0.019675	0.816932
457	0.000000	0.000000	0.000000	0.000000	0.000000	0.000000	0.163281	0.019605	0.817114
458	0.000000	0.000000	0.000000	0.000000	0.000000	0.000000	0.163105	0.019700	0.817195
459	0.000000	0.000000	0.000000	0.000000	0.000000	0.000000	0.163819	0.019705	0.816476
460	0.000000	0.000000	0.000000	0.000000	0.000000	0.000000	0.164409	0.019485	0.816106
461	0.000000	0.000000	0.000000	0.000000	0.000000	0.000000	0.164119	0.019551	0.816330
462	0.000000	0.000000	0.000000	0.000000	0.000000	0.000000	0.163704	0.019682	0.816614
463	0.000000	0.000000	0.000000	0.000000	0.000000	0.000000	0.163353	0.019523	0.817124
464	0.000000	0.000000	0.000000	0.000000	0.000000	0.000000	0.163391	0.019546	0.817063
465	0.000000	0.000000	0.000000	0.000000	0.000000	0.000000	0.164386	0.019610	0.816004
466	0.000000	0.000000	0.000000	0.000000	0.000000	0.000000	0.164221	0.019749	0.816030
467	0.000000	0.000000	0.000000	0.000000	0.000000	0.000000	0.164074	0.019781	0.816145
468	0.000000	0.000000	0.000000	0.000000	0.000000	0.000000	0.163916	0.019618	0.816466
469	0.000000	0.000000	0.000000	0.000000	0.000000	0.000000	0.163920	0.019708	0.816372
470	0.000000	0.000000	0.000000	0.000000	0.000000	0.000000	0.163754	0.019584	0.816662
