0	0.290663	0.057897	0.229473	0.157588	0.029913	0.111872	0.085455	0.012259	0.024880
1	0.236601	0.049322	0.203232	0.136419	0.027937	0.116824	0.117327	0.022678	0.089660
2	0.240804	0.048815	0.205949	0.127267	0.028238	0.111312	0.117086	0.022772	0.097757
3	0.250599	0.049164	0.210186	0.120551	0.029073	0.103514	0.113285	0.021383	0.102245
4	0.261797	0.049394	0.214444	0.113688	0.029901	0.096625	0.108644	0.019977	0.105530
5	0.273633	0.049587	0.218052	0.107042	0.031137	0.089557	0.104329	0.018745	0.107918
6	0.285687	0.049514	0.220945	0.101299	0.032124	0.083233	0.099992	0.017317	0.109889
7	0.297113	0.049499	0.223668	0.095462	0.033716	0.077228	0.095171	0.016014	0.112129
8	0.309541	0.049130	0.225152	0.090321	0.035054	0.071256	0.090457	0.014958	0.114131
9	0.321412	0.048953	0.226958	0.085214	0.036607	0.065583	0.085928	0.013996	0.115349
10	0.332310	0.048594	0.228831	0.080330	0.038281	0.060419	0.081625	0.012830	0.116780
11	0.342802	0.048421	0.229957	0.075545	0.040142	0.055862	0.077092	0.012011	0.118168
12	0.353383	0.048350	0.230234	0.071141	0.041945	0.051652	0.073177	0.011238	0.118880
13	0.363807	0.047823	0.230292	0.067250	0.043859	0.047808	0.069133	0.010477	0.119551
14	0.372986	0.046969	0.230828	0.063424	0.046043	0.044388	0.064872	0.009762	0.120728
15	0.382014	0.046022	0.230977	0.059997	0.048545	0.040853	0.061435	0.008960	0.121197
16	0.391665	0.045237	0.229632	0.056311	0.050785	0.038111	0.057998	0.008216	0.122045
17	0.399800	0.044667	0.229183	0.052888	0.053371	0.035262	0.054782	0.007618	0.122429
18	0.407977	0.044277	0.228001	0.050013	0.055770	0.032626	0.051888	0.007026	0.122422
19	0.415955	0.043825	0.226515	0.047002	0.058676	0.030190	0.048479	0.006526	0.122832
20	0.423091	0.043093	0.225634	0.044521	0.061501	0.028007	0.045449	0.006119	0.122585
21	0.429253	0.042451	0.224259	0.041800	0.064904	0.026121	0.042456	0.005667	0.123089
22	0.435794	0.041518	0.223366	0.039752	0.067979	0.024054	0.039945	0.005245	0.122347
23	0.441811	0.041009	0.221240	0.037348	0.071245	0.022479	0.037432	0.004978	0.122458
24	0.446970	0.040275	0.219637	0.035455	0.074741	0.021158	0.034934	0.004579	0.122251
25	0.451734	0.039683	0.217638	0.033625	0.078468	0.019582	0.032789	0.004240	0.122241
26	0.457449	0.038842	0.215663	0.031717	0.081917	0.018351	0.030525	0.004045	0.121491
27	0.461711	0.038057	0.213017	0.030005	0.086033	0.017196	0.028443	0.003689	0.121849
28	0.465992	0.037450	0.210469	0.028440	0.090144	0.016163	0.026504	0.003444	0.121394
29	0.470238	0.036759	0.208320	0.026976	0.093822	0.015230	0.024719	0.003144	0.120792
30	0.473566	0.036126	0.205986	0.025904	0.098059	0.014395	0.022956	0.002951	0.120057
31	0.476783	0.035812	0.203408	0.024625	0.102532	0.013382	0.021520	0.002799	0.119139
32	0.479897	0.035075	0.200689	0.023366	0.107136	0.012667	0.020415	0.002609	0.118146
33	0.482268	0.034497	0.197808	0.022259	0.112346	0.011924	0.019063	0.002451	0.117384
34	0.484424	0.033997	0.194870	0.021570	0.116894	0.011383	0.017902	0.002197	0.116763
35	0.487017	0.033393	0.191802	0.020531	0.122009	0.010747	0.016823	0.002066	0.115612
36	0.489580	0.032457	0.188785	0.019591	0.127569	0.010137	0.015719	0.001868	0.114294
37	0.491130	0.031719	0.185649	0.019014	0.132967	0.009726	0.014369	0.001754	0.113672
38	0.492694	0.030845	0.183146	0.018249	0.138253	0.009166	0.013413	0.001603	0.112631
39	0.493669	0.030195	0.180244	0.017570	0.144661	0.008716	0.012472	0.001464	0.111009
40	0.494164	0.029345	0.177986	0.016919	0.150713	0.008252	0.011696	0.001309	0.109616
41	0.494342	0.028775	0.175440	0.016329	0.157012	0.007806	0.010926	0.001191	0.108179
42	0.494459	0.028021	0.173014	0.015935	0.163210	0.007413	0.009949	0.001128	0.106871
43	0.494952	0.027144	0.169876	0.015481	0.170336	0.006963	0.009277	0.001053	0.104918
44	0.493820	0.026525	0.167094	0.015007	0.177593	0.006719	0.008719	0.000941	0.103582
45	0.493529	0.025680	0.164021	0.014809	0.184420	0.006385	0.008217	0.000866	0.102073
46	0.493278	0.025093	0.160654	0.014339	0.191395	0.006096	0.007752	0.000781	0.100612
47	0.492280	0.024823	0.157318	0.013958	0.198985	0.005822	0.007239	0.000687	0.098888
48	0.490322	0.023908	0.155216	0.013540	0.207081	0.005536	0.006644	0.000628	0.097125
49	0.489407	0.023217	0.152560	0.013422	0.214300	0.005173	0.006265	0.000548	0.095108
50	0.487356	0.022620	0.150314	0.013081	0.221841	0.005011	0.005835	0.000495	0.093447
51	0.486274	0.021975	0.147405	0.012708	0.229516	0.004857	0.005490	0.000459	0.091316
52	0.483892	0.021376	0.144893	0.012580	0.237587	0.004738	0.005119	0.000400	0.089415
53	0.482269	0.020701	0.142294	0.012298	0.245536	0.004610	0.004634	0.000377	0.087281
54	0.479063	0.020358	0.139931	0.011898	0.253884	0.004410	0.004403	0.000378	0.085675
55	0.476746	0.019670	0.136971	0.011732	0.262292	0.004243	0.004156	0.000324	0.083866
56	0.473604	0.019067	0.134699	0.011414	0.271237	0.004101	0.003769	0.000312	0.081797
57	0.470694	0.018571	0.131789	0.011382	0.280007	0.004048	0.003491	0.000271	0.079747
58	0.466970	0.018078	0.129513	0.011139	0.288854	0.003913	0.003280	0.000244	0.078009
59	0.463518	0.017588	0.127378	0.010852	0.297800	0.003760	0.002989	0.000215	0.075900
60	0.460425	0.016992	0.124563	0.010572	0.306881	0.003692	0.002836	0.000191	0.073848
61	0.456698	0.016392	0.122204	0.010506	0.316089	0.003551	0.002642	0.000167	0.071751
62	0.452831	0.015804	0.119683	0.010257	0.325410	0.003471	0.002401	0.000192	0.069951
63	0.448518	0.015351	0.117602	0.010097	0.334515	0.003378	0.002224	0.000198	0.068117
64	0.444271	0.014493	0.115313	0.009950	0.344268	0.003353	0.002055	0.000179	0.066118
65	0.440004	0.014166	0.112923	0.009812	0.353898	0.003221	0.001923	0.000150	0.063903
66	0.435365	0.013903	0.110037	0.009677	0.363821	0.003151	0.001820	0.000162	0.062064
67	0.430885	0.013444	0.107711	0.009632	0.373184	0.003122	0.001618	0.000147	0.060257
68	0.425874	0.012999	0.105560	0.009465	0.383002	0.003125	0.001548	0.000132	0.058295
69	0.421211	0.012579	0.103047	0.009296	0.393013	0.003004	0.001406	0.000127	0.056317
70	0.415911	0.012178	0.100609	0.009157	0.403197	0.002894	0.001319	0.000112	0.054623
71	0.411117	0.011622	0.098107	0.009225	0.412781	0.002917	0.001225	0.000092	0.052914
72	0.404728	0.011315	0.096223	0.009146	0.423413	0.002850	0.001142	0.000095	0.051088
73	0.399745	0.010977	0.093753	0.009079	0.433390	0.002811	0.001036	0.000084	0.049125
74	0.394207	0.010582	0.091456	0.009000	0.443471	0.002701	0.000959	0.000081	0.047543
75	0.388609	0.010196	0.089195	0.008850	0.453719	0.002685	0.000896	0.000068	0.045782
76	0.382818	0.009860	0.087046	0.008798	0.463946	0.002649	0.000795	0.000048	0.044040
77	0.377254	0.009567	0.084695	0.008744	0.473982	0.002601	0.000742	0.000061	0.042354
78	0.371542	0.009293	0.082745	0.008825	0.483738	0.002544	0.000666	0.000042	0.040605
79	0.365783	0.008782	0.080592	0.008719	0.493982	0.002519	0.000629	0.000038	0.038956
80	0.360048	0.008451	0.078636	0.008697	0.503776	0.002483	0.000555	0.000033	0.037321
81	0.354144	0.008096	0.076530	0.008661	0.513872	0.002457	0.000518	0.000028	0.035694
82	0.348273	0.007711	0.074375	0.008638	0.523710	0.002466	0.000469	0.000021	0.034337
83	0.341984	0.007381	0.072557	0.008560	0.533642	0.002530	0.000413	0.000020	0.032913
84	0.335916	0.007019	0.070438	0.008694	0.543359	0.002526	0.000370	0.000014	0.031664
85	0.329151	0.006774	0.068571	0.008681	0.553770	0.002466	0.000330	0.000009	0.030248
86	0.322926	0.006520	0.066920	0.008594	0.563370	0.002443	0.000313	0.000011	0.028903
87	0.316577	0.006204	0.065183	0.008573	0.573267	0.002397	0.000303	0.000017	0.027479
88	0.310393	0.005906	0.062856	0.008490	0.583320	0.002328	0.000268	0.000013	0.026426
89	0.304221	0.005715	0.061333	0.008394	0.592659	0.002290	0.000263	0.000011	0.025114
90	0.297930	0.005480	0.059542	0.008364	0.602191	0.002285	0.000243	0.000013	0.023952
91	0.291164	0.005265	0.057802	0.008349	0.611998	0.002312	0.000252	0.000008	0.022850
92	0.284698	0.004963	0.056152	0.008463	0.621317	0.002270	0.000210	0.000010	0.021917
93	0.278153	0.004732	0.054474	0.008400	0.630869	0.002277	0.000197	0.000015	0.020883
94	0.272393	0.004525	0.052719	0.008313	0.639826	0.002220	0.000175	0.000011	0.019818
95	0.266369	0.004360	0.051251	0.008222	0.648696	0.002176	0.000175	0.000007	0.018744
96	0.259551	0.004092	0.050119	0.008179	0.657832	0.002237	0.000164	0.000013	0.017813
97	0.253467	0.003889	0.048728	0.008177	0.666297	0.002187	0.000154	0.000007	0.017094
98	0.247967	0.003660	0.046946	0.008147	0.674855	0.002145	0.000129	0.000006	0.016145
99	0.242129	0.003503	0.045324	0.008040	0.683385	0.002139	0.000132	0.000006	0.015342
100	0.236082	0.003434	0.044012	0.008117	0.691685	0.002174	0.000101	0.000004	0.014391
101	0.230024	0.003266	0.042597	0.008178	0.700080	0.002137	0.000107	0.000002	0.013609
102	0.223885	0.003099	0.041254	0.008183	0.708387	0.002144	0.000095	0.000004	0.012949
103	0.218104	0.003009	0.039855	0.008101	0.716482	0.002142	0.000092	0.000002	0.012213
104	0.212613	0.002876	0.038771	0.008006	0.724013	0.002110	0.000086	0.000004	0.011521
105	0.206842	0.002748	0.037225	0.007933	0.732345	0.001987	0.000067	0.000001	0.010852
106	0.201232	0.002607	0.035965	0.007929	0.739827	0.002052	0.000063	0.000000	0.010325
107	0.195494	0.002437	0.034653	0.007900	0.747619	0.001995	0.000050	0.000000	0.009852
108	0.190057	0.002299	0.033464	0.007796	0.755044	0.002004	0.000053	0.000000	0.009283
109	0.184753	0.002225	0.032470	0.007643	0.762273	0.001995	0.000045	0.000000	0.008596
110	0.179313	0.002075	0.031067	0.007671	0.769825	0.001937	0.000038	0.000000	0.008074
111	0.173746	0.001996	0.030011	0.007784	0.776919	0.001953	0.000039	0.000000	0.007552
112	0.168415	0.001890	0.028864	0.007794	0.783897	0.001933	0.000032	0.000000	0.007175
113	0.163254	0.001822	0.027859	0.007790	0.790505	0.001926	0.000037	0.000000	0.006807
114	0.157998	0.001659	0.026807	0.007767	0.797375	0.001921	0.000027	0.000000	0.006446
115	0.153205	0.001580	0.025699	0.007834	0.803666	0.001905	0.000023	0.000000	0.006088
116	0.148048	0.001498	0.024697	0.007962	0.810092	0.001952	0.000018	0.000000	0.005733
117	0.143486	0.001422	0.023793	0.008001	0.816019	0.001923	0.000018	0.000000	0.005338
118	0.139130	0.001319	0.022840	0.008113	0.821559	0.001987	0.000017	0.000000	0.005035
119	0.133933	0.001266	0.022060	0.007956	0.828081	0.001961	0.000014	0.000000	0.004729
120	0.129831	0.001179	0.021089	0.007872	0.833692	0.001947	0.000009	0.000000	0.004381
121	0.125242	0.001117	0.020395	0.007827	0.839454	0.001892	0.000008	0.000000	0.004065
122	0.120744	0.001019	0.019619	0.007920	0.844986	0.001860	0.000010	0.000000	0.003842
123	0.116770	0.000942	0.018850	0.007802	0.850213	0.001874	0.000006	0.000000	0.003543
124	0.112297	0.000850	0.018171	0.007879	0.855658	0.001818	0.000008	0.000000	0.003319
125	0.108287	0.000841	0.017589	0.007930	0.860483	0.001788	0.000009	0.000000	0.003073
126	0.104265	0.000762	0.016884	0.007864	0.865515	0.001787	0.000006	0.000000	0.002917
127	0.100445	0.000700	0.016136	0.007814	0.870335	0.001849	0.000005	0.000000	0.002716
128	0.096589	0.000692	0.015496	0.007661	0.875086	0.001874	0.000005	0.000000	0.002597
129	0.092917	0.000655	0.014869	0.007593	0.879727	0.001879	0.000003	0.000000	0.002357
130	0.089464	0.000599	0.014298	0.007693	0.883882	0.001876	0.000003	0.000000	0.002185
131	0.085710	0.000541	0.013603	0.007644	0.888624	0.001907	0.000002	0.000000	0.001969
132	0.082291	0.000483	0.012942	0.007603	0.892981	0.001906	0.000001	0.000000	0.001793
133	0.078921	0.000478	0.012506	0.007610	0.896945	0.001843	0.000002	0.000000	0.001695
134	0.075815	0.000425	0.011998	0.007643	0.900620	0.001907	0.000001	0.000000	0.001591
135	0.072472	0.000399	0.011691	0.007709	0.904386	0.001880	0.000001	0.000000	0.001462
136	0.069530	0.000377	0.011146	0.007739	0.907951	0.001876	0.000001	0.000000	0.001380
137	0.066480	0.000367	0.010686	0.007683	0.911620	0.001938	0.000001	0.000000	0.001225
138	0.063922	0.000352	0.010119	0.007649	0.914905	0.001921	0.000003	0.000000	0.001129
139	0.061143	0.000317	0.009538	0.007465	0.918610	0.001873	0.000001	0.000000	0.001053
140	0.058608	0.000285	0.009202	0.007380	0.921662	0.001865	0.000000	0.000000	0.000998
141	0.056158	0.000266	0.008799	0.007271	0.924808	0.001771	0.000000	0.000000	0.000927
142	0.053661	0.000253	0.008367	0.007205	0.927859	0.001823	0.000000	0.000000	0.000832
143	0.051246	0.000221	0.007960	0.007307	0.930587	0.001869	0.000000	0.000000	0.000810
144	0.049034	0.000209	0.007602	0.007340	0.933250	0.001812	0.000000	0.000000	0.000753
145	0.046722	0.000160	0.007155	0.007444	0.936056	0.001818	0.000000	0.000000	0.000645
146	0.044703	0.000159	0.006759	0.007447	0.938473	0.001859	0.000000	0.000000	0.000600
147	0.042269	0.000155	0.006546	0.007391	0.941321	0.001799	0.000000	0.000000	0.000519
148	0.040223	0.000149	0.006244	0.007448	0.943705	0.001778	0.000000	0.000000	0.000453
149	0.038392	0.000148	0.005911	0.007435	0.945902	0.001779	0.000000	0.000000	0.000433
150	0.036856	0.000143	0.005569	0.007426	0.947899	0.001729	0.000000	0.000000	0.000378
151	0.035064	0.000135	0.005273	0.007462	0.949959	0.001781	0.000000	0.000000	0.000326
152	0.033358	0.000130	0.005031	0.007402	0.952083	0.001705	0.000000	0.000000	0.000291
153	0.031796	0.000136	0.004732	0.007477	0.953866	0.001716	0.000000	0.000000	0.000277
154	0.030232	0.000151	0.004580	0.007506	0.955561	0.001717	0.000000	0.000000	0.000253
155	0.028867	0.000143	0.004336	0.007461	0.957270	0.001694	0.000000	0.000000	0.000229
156	0.027441	0.000139	0.004115	0.007483	0.958865	0.001750	0.000000	0.000000	0.000207
157	0.026040	0.000151	0.003862	0.007409	0.960503	0.001850	0.000000	0.000000	0.000185
158	0.024951	0.000145	0.003612	0.007365	0.961911	0.001839	0.000000	0.000000	0.000177
159	0.023664	0.000134	0.003466	0.007322	0.963360	0.001882	0.000000	0.000000	0.000172
160	0.022596	0.000127	0.003264	0.007176	0.964789	0.001907	0.000000	0.000000	0.000141
161	0.021462	0.000117	0.003121	0.007164	0.966104	0.001896	0.000000	0.000000	0.000136
162	0.020297	0.000111	0.002960	0.007206	0.967435	0.001877	0.000000	0.000000	0.000114
163	0.019371	0.000118	0.002826	0.007246	0.968540	0.001807	0.000000	0.000000	0.000092
164	0.018625	0.000099	0.002598	0.007203	0.969498	0.001891	0.000000	0.000000	0.000086
165	0.017641	0.000099	0.002486	0.007139	0.970748	0.001816	0.000000	0.000000	0.000071
166	0.016619	0.000074	0.002408	0.007116	0.971809	0.001927	0.000000	0.000000	0.000047
167	0.015758	0.000067	0.002284	0.007097	0.972872	0.001880	0.000000	0.000000	0.000042
168	0.014943	0.000068	0.002200	0.007117	0.973782	0.001851	0.000000	0.000000	0.000039
169	0.014047	0.000062	0.002109	0.007113	0.974791	0.001846	0.000000	0.000000	0.000032
170	0.013322	0.000052	0.001997	0.007096	0.975629	0.001877	0.000000	0.000000	0.000027
171	0.012795	0.000042	0.001860	0.007185	0.976281	0.001815	0.000000	0.000000	0.000022
172	0.012068	0.000043	0.001723	0.007099	0.977169	0.001871	0.000000	0.000000	0.000027
173	0.011335	0.000041	0.001637	0.007049	0.978021	0.001898	0.000000	0.000000	0.000019
174	0.010829	0.000037	0.001573	0.007064	0.978585	0.001890	0.000000	0.000000	0.000022
175	0.010227	0.000034	0.001519	0.007024	0.979335	0.001848	0.000000	0.000000	0.000013
176	0.009615	0.000031	0.001443	0.007006	0.980037	0.001855	0.000000	0.000000	0.000013
177	0.009222	0.000026	0.001367	0.006994	0.980500	0.001882	0.000000	0.000000	0.000009
178	0.008740	0.000021	0.001267	0.006937	0.981193	0.001836	0.000000	0.000000	0.000006
179	0.008317	0.000020	0.001213	0.006904	0.981675	0.001867	0.000000	0.000000	0.000004
180	0.007820	0.000015	0.001176	0.006915	0.982231	0.001838	0.000000	0.000000	0.000005
181	0.007351	0.000014	0.001109	0.006903	0.982696	0.001924	0.000000	0.000000	0.000003
182	0.006920	0.000008	0.001058	0.006971	0.983142	0.001898	0.000000	0.000000	0.000003
183	0.006495	0.000004	0.000998	0.007018	0.983616	0.001863	0.000000	0.000000	0.000006
184	0.006116	0.000006	0.000944	0.007039	0.984095	0.001792	0.000000	0.000000	0.000008
185	0.005811	0.000005	0.000933	0.006998	0.984467	0.001781	0.000000	0.000000	0.000005
186	0.005469	0.000003	0.000844	0.006828	0.985053	0.001800	0.000000	0.000000	0.000003
187	0.005183	0.000000	0.000819	0.006701	0.985536	0.001758	0.000000	0.000000	0.000003
188	0.004960	0.000000	0.000757	0.006661	0.985852	0.001768	0.000000	0.000000	0.000002
189	0.004732	0.000000	0.000690	0.006683	0.986115	0.001776	0.000000	0.000000	0.000004
190	0.004524	0.000000	0.000642	0.006693	0.986340	0.001800	0.000000	0.000000	0.000001
191	0.004243	0.000000	0.000610	0.006742	0.986633	0.001772	0.000000	0.000000	0.000000
192	0.004082	0.000000	0.000546	0.006650	0.986925	0.001796	0.000000	0.000000	0.000001
193	0.003880	0.000000	0.000496	0.006671	0.987144	0.001809	0.000000	0.000000	0.000000
194	0.003698	0.000000	0.000469	0.006653	0.987328	0.001852	0.000000	0.000000	0.000000
195	0.003456	0.000000	0.000426	0.006618	0.987663	0.001837	0.000000	0.000000	0.000000
196	0.003344	0.000000	0.000393	0.006557	0.987835	0.001871	0.000000	0.000000	0.000000
197	0.003130	0.000000	0.000389	0.006567	0.988015	0.001899	0.000000	0.000000	0.000000
198	0.002953	0.000000	0.000327	0.006545	0.988242	0.001933	0.000000	0.000000	0.000000
199	0.002768	0.000000	0.000319	0.006597	0.988361	0.001955	0.000000	0.000000	0.000000
200	0.002589	0.000000	0.000299	0.006705	0.988507	0.001900	0.000000	0.000000	0.000000
201	0.002465	0.000000	0.000295	0.006737	0.988580	0.001923	0.000000	0.000000	0.000000
202	0.002299	0.000000	0.000267	0.006748	0.988790	0.001896	0.000000	0.000000	0.000000
203	0.002164	0.000000	0.000250	0.006756	0.988964	0.001866	0.000000	0.000000	0.000000
204	0.002037	0.000000	0.000240	0.006745	0.989075	0.001903	0.000000	0.000000	0.000000
205	0.001913	0.000000	0.000228	0.006734	0.989214	0.001911	0.000000	0.000000	0.000000
206	0.001833	0.000000	0.000217	0.006644	0.989378	0.001928	0.000000	0.000000	0.000000
207	0.001709	0.000000	0.000217	0.006730	0.989404	0.001940	0.000000	0.000000	0.000000
208	0.001586	0.000000	0.000213	0.006576	0.989662	0.001963	0.000000	0.000000	0.000000
209	0.001511	0.000000	0.000201	0.006652	0.989678	0.001958	0.000000	0.000000	0.000000
210	0.001381	0.000000	0.000196	0.006664	0.989790	0.001969	0.000000	0.000000	0.000000
211	0.001312	0.000000	0.000186	0.006656	0.989863	0.001983	0.000000	0.000000	0.000000
212	0.001271	0.000000	0.000153	0.006639	0.989980	0.001957	0.000000	0.000000	0.000000
213	0.001195	0.000000	0.000133	0.006567	0.990133	0.001972	0.000000	0.000000	0.000000
214	0.001163	0.000000	0.000111	0.006565	0.990177	0.001984	0.000000	0.000000	0.000000
215	0.001120	0.000000	0.000095	0.006702	0.990085	0.001998	0.000000	0.000000	0.000000
216	0.001078	0.000000	0.000076	0.006721	0.990157	0.001968	0.000000	0.000000	0.000000
217	0.000995	0.000000	0.000074	0.006781	0.990142	0.002008	0.000000	0.000000	0.000000
218	0.000936	0.000000	0.000071	0.006821	0.990131	0.002041	0.000000	0.000000	0.000000
219	0.000918	0.000000	0.000064	0.006807	0.990219	0.001992	0.000000	0.000000	0.000000
220	0.000840	0.000000	0.000053	0.006928	0.990110	0.002069	0.000000	0.000000	0.000000
221	0.000781	0.000000	0.000043	0.007016	0.990162	0.001998	0.000000	0.000000	0.000000
222	0.000757	0.000000	0.000036	0.006930	0.990280	0.001997	0.000000	0.000000	0.000000
223	0.000681	0.000000	0.000037	0.006953	0.990392	0.001937	0.000000	0.000000	0.000000
224	0.000628	0.000000	0.000029	0.006883	0.990517	0.001943	0.000000	0.000000	0.000000
225	0.000586	0.000000	0.000021	0.006965	0.990461	0.001967	0.000000	0.000000	0.000000
226	0.000564	0.000000	0.000022	0.006942	0.990462	0.002010	0.000000	0.000000	0.000000
227	0.000515	0.000000	0.000025	0.007042	0.990388	0.002030	0.000000	0.000000	0.000000
228	0.000479	0.000000	0.000029	0.007015	0.990498	0.001979	0.000000	0.000000	0.000000
229	0.000426	0.000000	0.000023	0.006882	0.990637	0.002032	0.000000	0.000000	0.000000
230	0.000407	0.000000	0.000015	0.006901	0.990657	0.002020	0.000000	0.000000	0.000000
231	0.000361	0.000000	0.000016	0.006659	0.990946	0.002018	0.000000	0.000000	0.000000
232	0.000319	0.000000	0.000013	0.006660	0.991013	0.001995	0.000000	0.000000	0.000000
233	0.000307	0.000000	0.000014	0.006671	0.991006	0.002002	0.000000	0.000000	0.000000
234	0.000289	0.000000	0.000016	0.006548	0.991166	0.001981	0.000000	0.000000	0.000000
235	0.000266	0.000000	0.000014	0.006642	0.991026	0.002052	0.000000	0.000000	0.000000
236	0.000241	0.000000	0.000007	0.006727	0.991017	0.002008	0.000000	0.000000	0.000000
237	0.000231	0.000000	0.000003	0.006726	0.991049	0.001991	0.000000	0.000000	0.000000
238	0.000211	0.000000	0.000005	0.006806	0.991001	0.001977	0.000000	0.000000	0.000000
239	0.000199	0.000000	0.000006	0.006660	0.991175	0.001960	0.000000	0.000000	0.000000
240	0.000179	0.000000	0.000004	0.006635	0.991262	0.001920	0.000000	0.000000	0.000000
241	0.000169	0.000000	0.000003	0.006529	0.991331	0.001968	0.000000	0.000000	0.000000
242	0.000161	0.000000	0.000002	0.006491	0.991390	0.001956	0.000000	0.000000	0.000000
243	0.000148	0.000000	0.000003	0.006357	0.991538	0.001954	0.000000	0.000000	0.000000
244	0.000135	0.000000	0.000004	0.006376	0.991557	0.001928	0.000000	0.000000	0.000000
245	0.000125	0.000000	0.000005	0.006399	0.991525	0.001946	0.000000	0.000000	0.000000
246	0.000105	0.000000	0.000004	0.006455	0.991496	0.001940	0.000000	0.000000	0.000000
247	0.000084	0.000000	0.000001	0.006452	0.991543	0.001920	0.000000	0.000000	0.000000
248	0.000066	0.000000	0.000003	0.006449	0.991569	0.001913	0.000000	0.000000	0.000000
249	0.000055	0.000000	0.000002	0.006505	0.991547	0.001891	0.000000	0.000000	0.000000
250	0.000054	0.000000	0.000000	0.006469	0.991527	0.001950	0.000000	0.000000	0.000000
251	0.000050	0.000000	0.000000	0.006535	0.991454	0.001961	0.000000	0.000000	0.000000
252	0.000040	0.000000	0.000000	0.006498	0.991559	0.001903	0.000000	0.000000	0.000000
253	0.000036	0.000000	0.000000	0.006492	0.991534	0.001938	0.000000	0.000000	0.000000
254	0.000035	0.000000	0.000000	0.006497	0.991531	0.001937	0.000000	0.000000	0.000000
255	0.000033	0.000000	0.000000	0.006474	0.991618	0.001875	0.000000	0.000000	0.000000
256	0.000027	0.000000	0.000000	0.006505	0.991536	0.001932	0.000000	0.000000	0.000000
257	0.000025	0.000000	0.000000	0.006487	0.991574	0.001914	0.000000	0.000000	0.000000
258	0.000024	0.000000	0.000000	0.006528	0.991478	0.001970	0.000000	0.000000	0.000000
259	0.000023	0.000000	0.000000	0.006426	0.991632	0.001919	0.000000	0.000000	0.000000
260	0.000020	0.000000	0.000000	0.006463	0.991662	0.001855	0.000000	0.000000	0.000000
261	0.000019	0.000000	0.000000	0.006386	0.991749	0.001846	0.000000	0.000000	0.000000
262	0.000021	0.000000	0.000000	0.006464	0.991688	0.001827	0.000000	0.000000	0.000000
263	0.000025	0.000000	0.000000	0.006531	0.991583	0.001861	0.000000	0.000000	0.000000
264	0.000024	0.000000	0.000000	0.006602	0.991533	0.001841	0.000000	0.000000	0.000000
265	0.000028	0.000000	0.000000	0.006596	0.991561	0.001815	0.000000	0.000000	0.000000
266	0.000030	0.000000	0.000000	0.006588	0.991630	0.001752	0.000000	0.000000	0.000000
267	0.000025	0.000000	0.000000	0.006583	0.991628	0.001764	0.000000	0.000000	0.000000
268	0.000019	0.000000	0.000000	0.006561	0.991635	0.001785	0.000000	0.000000	0.000000
269	0.000021	0.000000	0.000000	0.006557	0.991604	0.001818	0.000000	0.000000	0.000000
270	0.000014	0.000000	0.000000	0.006592	0.991604	0.001790	0.000000	0.000000	0.000000
271	0.000018	0.000000	0.000000	0.006510	0.991649	0.001823	0.000000	0.000000	0.000000
272	0.000012	0.000000	0.000000	0.006563	0.991571	0.001854	0.000000	0.000000	0.000000
273	0.000009	0.000000	0.000000	0.006523	0.991590	0.001878	0.000000	0.000000	0.000000
274	0.000006	0.000000	0.000000	0.006589	0.991546	0.001859	0.000000	0.000000	0.000000
275	0.000010	0.000000	0.000000	0.006599	0.991606	0.001785	0.000000	0.000000	0.000000
276	0.000006	0.000000	0.000000	0.006694	0.991480	0.001820	0.000000	0.000000	0.000000
277	0.000004	0.000000	0.000000	0.006653	0.991542	0.001801	0.000000	0.000000	0.000000
278	0.000003	0.000000	0.000000	0.006587	0.991588	0.001822	0.000000	0.000000	0.000000
279	0.000000	0.000000	0.000000	0.006577	0.991558	0.001865	0.000000	0.000000	0.000000
280	0.000000	0.000000	0.000000	0.006594	0.991512	0.001894	0.000000	0.000000	0.000000
281	0.000000	0.000000	0.000000	0.006546	0.991558	0.001896	0.000000	0.000000	0.000000
282	0.000000	0.000000	0.000000	0.006601	0.991531	0.001868	0.000000	0.000000	0.000000
283	0.000000	0.000000	0.000000	0.006503	0.991622	0.001875	0.000000	0.000000	0.000000
284	0.000000	0.000000	0.000000	0.006508	0.991580	0.001912	0.000000	0.000000	0.000000
285	0.000000	0.000000	0.000000	0.006365	0.991716	0.001919	0.000000	0.000000	0.000000
286	0.000000	0.000000	0.000000	0.006343	0.991777	0.001880	0.000000	0.000000	0.000000
287	0.000000	0.000000	0.000000	0.006327	0.991725	0.001948	0.000000	0.000000	0.000000
288	0.000000	0.000000	0.000000	0.006321	0.991784	0.001895	0.000000	0.000000	0.000000
289	0.000000	0.000000	0.000000	0.006335	0.991769	0.001896	0.000000	0.000000	0.000000
290	0.000000	0.000000	0.000000	0.006295	0.991777	0.001928	0.000000	0.000000	0.000000
291	0.000000	0.000000	0.000000	0.006360	0.991673	0.001967	0.000000	0.000000	0.000000
292	0.000000	0.000000	0.000000	0.006419	0.991567	0.002014	0.000000	0.000000	0.000000
293	0.000000	0.000000	0.000000	0.006381	0.991602	0.002017	0.000000	0.000000	0.000000
294	0.000000	0.000000	0.000000	0.006384	0.991607	0.002009	0.000000	0.000000	0.000000
295	0.000000	0.000000	0.000000	0.006381	0.991604	0.002015	0.000000	0.000000	0.000000
296	0.000000	0.000000	0.000000	0.006398	0.991591	0.002011	0.000000	0.000000	0.000000
297	0.000000	0.000000	0.000000	0.006402	0.991605	0.001993	0.000000	0.000000	0.000000
298	0.000000	0.000000	0.000000	0.006282	0.991719	0.001999	0.000000	0.000000	0.000000
299	0.000000	0.000000	0.000000	0.006277	0.991750	0.001973	0.000000	0.000000	0.000000
300	0.000000	0.000000	0.000000	0.006234	0.991769	0.001997	0.000000	0.000000	0.000000
301	0.000000	0.000000	0.000000	0.006305	0.991708	0.001987	0.000000	0.000000	0.000000
302	0.000000	0.000000	0.000000	0.006369	0.991663	0.001968	0.000000	0.000000	0.000000
303	0.000000	0.000000	0.000000	0.006360	0.991633	0.002007	0.000000	0.000000	0.000000
304	0.000000	0.000000	0.000000	0.006394	0.991667	0.001939	0.000000	0.000000	0.000000
305	0.000000	0.000000	0.000000	0.006394	0.991660	0.001946	0.000000	0.000000	0.000000
306	0.000000	0.000000	0.000000	0.006336	0.991697	0.001967	0.000000	0.000000	0.000000
307	0.000000	0.000000	0.000000	0.006400	0.991612	0.001988	0.000000	0.000000	0.000000
308	0.000000	0.000000	0.000000	0.006424	0.991652	0.001924	0.000000	0.000000	0.000000
309	0.000000	0.000000	0.000000	0.006356	0.991711	0.001933	0.000000	0.000000	0.000000
310	0.000000	0.000000	0.000000	0.006287	0.991797	0.001916	0.000000	0.000000	0.000000
311	0.000000	0.000000	0.000000	0.006292	0.991815	0.001893	0.000000	0.000000	0.000000
312	0.000000	0.000000	0.000000	0.006228	0.991805	0.001967	0.000000	0.000000	0.000000
313	0.000000	0.000000	0.000000	0.006157	0.991960	0.001883	0.000000	0.000000	0.000000
314	0.000000	0.000000	0.000000	0.006191	0.991979	0.001830	0.000000	0.000000	0.000000
315	0.000000	0.000000	0.000000	0.006206	0.991930	0.001864	0.000000	0.000000	0.000000
316	0.000000	0.000000	0.000000	0.006289	0.991796	0.001915	0.000000	0.000000	0.000000
317	0.000000	0.000000	0.000000	0.006329	0.991728	0.001943	0.000000	0.000000	0.000000
318	0.000000	0.000000	0.000000	0.006332	0.991725	0.001943	0.000000	0.000000	0.000000
319	0.000000	0.000000	0.000000	0.006265	0.991812	0.001923	0.000000	0.000000	0.000000
320	0.000000	0.000000	0.000000	0.006229	0.991840	0.001931	0.000000	0.000000	0.000000
321	0.000000	0.000000	0.000000	0.006228	0.991861	0.001911	0.000000	0.000000	0.000000
322	0.000000	0.000000	0.000000	0.006200	0.991896	0.001904	0.000000	0.000000	0.000000
323	0.000000	0.000000	0.000000	0.006206	0.991878	0.001916	0.000000	0.000000	0.000000
324	0.000000	0.000000	0.000000	0.006202	0.991902	0.001896	0.000000	0.000000	0.000000
325	0.000000	0.000000	0.000000	0.006230	0.991938	0.001832	0.000000	0.000000	0.000000
326	0.000000	0.000000	0.000000	0.006217	0.991939	0.001844	0.000000	0.000000	0.000000
327	0.000000	0.000000	0.000000	0.006249	0.991929	0.001822	0.000000	0.000000	0.000000
328	0.000000	0.000000	0.000000	0.006168	0.992030	0.001802	0.000000	0.000000	0.000000
329	0.000000	0.000000	0.000000	0.006120	0.992052	0.001828	0.000000	0.000000	0.000000
330	0.000000	0.000000	0.000000	0.006162	0.992003	0.001835	0.000000	0.000000	0.000000
331	0.000000	0.000000	0.000000	0.006274	0.991846	0.001880	0.000000	0.000000	0.000000
332	0.000000	0.000000	0.000000	0.006310	0.991812	0.001878	0.000000	0.000000	0.000000
333	0.000000	0.000000	0.000000	0.006292	0.991860	0.001848	0.000000	0.000000	0.000000
334	0.000000	0.000000	0.000000	0.006253	0.991958	0.001789	0.000000	0.000000	0.000000
335	0.000000	0.000000	0.000000	0.006297	0.991896	0.001807	0.000000	0.000000	0.000000
336	0.000000	0.000000	0.000000	0.006218	0.991937	0.001845	0.000000	0.000000	0.000000
337	0.000000	0.000000	0.000000	0.006335	0.991765	0.001900	0.000000	0.000000	0.000000
338	0.000000	0.000000	0.000000	0.006241	0.991877	0.001882	0.000000	0.000000	0.000000
339	0.000000	0.000000	0.000000	0.006226	0.991910	0.001864	0.000000	0.000000	0.000000
340	0.000000	0.000000	0.000000	0.006133	0.992018	0.001849	0.000000	0.000000	0.000000
341	0.000000	0.000000	0.000000	0.006226	0.991957	0.001817	0.000000	0.000000	0.000000
342	0.000000	0.000000	0.000000	0.006270	0.991841	0.001889	0.000000	0.000000	0.000000
343	0.000000	0.000000	0.000000	0.006234	0.991876	0.001890	0.000000	0.000000	0.000000
344	0.000000	0.000000	0.000000	0.006268	0.991803	0.001929	0.000000	0.000000	0.000000
345	0.000000	0.000000	0.000000	0.006308	0.991782	0.001910	0.000000	0.000000	0.000000
346	0.000000	0.000000	0.000000	0.006265	0.991849	0.001886	0.000000	0.000000	0.000000
347	0.000000	0.000000	0.000000	0.006230	0.991888	0.001882	0.000000	0.000000	0.000000
348	0.000000	0.000000	0.000000	0.006322	0.991815	0.001863	0.000000	0.000000	0.000000
349	0.000000	0.000000	0.000000	0.006279	0.991807	0.001914	0.000000	0.000000	0.000000
350	0.000000	0.000000	0.000000	0.006250	0.991850	0.001900	0.000000	0.000000	0.000000
351	0.000000	0.000000	0.000000	0.006275	0.991830	0.001895	0.000000	0.000000	0.000000
352	0.000000	0.000000	0.000000	0.006336	0.991759	0.001905	0.000000	0.000000	0.000000
353	0.000000	0.000000	0.000000	0.006388	0.991794	0.001818	0.000000	0.000000	0.000000
354	0.000000	0.000000	0.000000	0.006413	0.991761	0.001826	0.000000	0.000000	0.000000
355	0.000000	0.000000	0.000000	0.006342	0.991772	0.001886	0.000000	0.000000	0.000000
356	0.000000	0.000000	0.000000	0.006386	0.991751	0.001863	0.000000	0.000000	0.000000
357	0.000000	0.000000	0.000000	0.006431	0.991666	0.001903	0.000000	0.000000	0.000000
358	0.000000	0.000000	0.000000	0.006427	0.991685	0.001888	0.000000	0.000000	0.000000
359	0.000000	0.000000	0.000000	0.006360	0.991757	0.001883	0.000000	0.000000	0.000000
360	0.000000	0.000000	0.000000	0.006389	0.991697	0.001914	0.000000	0.000000	0.000000
361	0.000000	0.000000	0.000000	0.006288	0.991787	0.001925	0.000000	0.000000	0.000000
362	0.000000	0.000000	0.000000	0.006322	0.991719	0.001959	0.000000	0.000000	0.000000
363	0.000000	0.000000	0.000000	0.006278	0.991769	0.001953	0.000000	0.000000	0.000000
364	0.000000	0.000000	0.000000	0.006376	0.991710	0.001914	0.000000	0.000000	0.000000
365	0.000000	0.000000	0.000000	0.006276	0.991772	0.001952	0.000000	0.000000	0.000000
366	0.000000	0.000000	0.000000	0.006297	0.991824	0.001879	0.000000	0.000000	0.000000
367	0.000000	0.000000	0.000000	0.006346	0.991747	0.001907	0.000000	0.000000	0.000000
368	0.000000	0.000000	0.000000	0.006453	0.991636	0.001911	0.000000	0.000000	0.000000
369	0.000000	0.000000	0.000000	0.006299	0.991733	0.001968	0.000000	0.000000	0.000000
370	0.000000	0.000000	0.000000	0.006348	0.991674	0.001978	0.000000	0.000000	0.000000
371	0.000000	0.000000	0.000000	0.006411	0.991621	0.001968	0.000000	0.000000	0.000000
372	0.000000	0.000000	0.000000	0.006399	0.991616	0.001985	0.000000	0.000000	0.000000
373	0.000000	0.000000	0.000000	0.006422	0.991670	0.001908	0.000000	0.000000	0.000000
374	0.000000	0.000000	0.000000	0.006380	0.991673	0.001947	0.000000	0.000000	0.000000
375	0.000000	0.000000	0.000000	0.006361	0.991749	0.001890	0.000000	0.000000	0.000000
376	0.000000	0.000000	0.000000	0.006399	0.991704	0.001897	0.000000	0.000000	0.000000
377	0.000000	0.000000	0.000000	0.006335	0.991745	0.001920	0.000000	0.000000	0.000000
378	0.000000	0.000000	0.000000	0.006316	0.991795	0.001889	0.000000	0.000000	0.000000
379	0.000000	0.000000	0.000000	0.006337	0.991769	0.001894	0.000000	0.000000	0.000000
380	0.000000	0.000000	0.000000	0.006338	0.991766	0.001896	0.000000	0.000000	0.000000
381	0.000000	0.000000	0.000000	0.006302	0.991786	0.001912	0.000000	0.000000	0.000000
382	0.000000	0.000000	0.000000	0.006311	0.991790	0.001899	0.000000	0.000000	0.000000
383	0.000000	0.000000	0.000000	0.006389	0.991671	0.001940	0.000000	0.000000	0.000000
384	0.000000	0.000000	0.000000	0.006319	0.991691	0.001990	0.000000	0.000000	0.000000
385	0.000000	0.000000	0.000000	0.006222	0.991820	0.001958	0.000000	0.000000	0.000000
386	0.000000	0.000000	0.000000	0.006218	0.991799	0.001983	0.000000	0.000000	0.000000
387	0.000000	0.000000	0.000000	0.006230	0.991747	0.002023	0.000000	0.000000	0.000000
388	0.000000	0.000000	0.000000	0.006141	0.991806	0.002053	0.000000	0.000000	0.000000
389	0.000000	0.000000	0.000000	0.006085	0.991949	0.001966	0.000000	0.000000	0.000000
390	0.000000	0.000000	0.000000	0.006098	0.991923	0.001979	0.000000	0.000000	0.000000
391	0.000000	0.000000	0.000000	0.006104	0.991977	0.001919	0.000000	0.000000	0.000000
392	0.000000	0.000000	0.000000	0.006233	0.991890	0.001877	0.000000	0.000000	0.000000
393	0.000000	0.000000	0.000000	0.006198	0.991922	0.001880	0.000000	0.000000	0.000000
394	0.000000	0.000000	0.000000	0.006198	0.991870	0.001932	0.000000	0.000000	0.000000
395	0.000000	0.000000	0.000000	0.006122	0.991992	0.001886	0.000000	0.000000	0.000000
396	0.000000	0.000000	0.000000	0.006141	0.991958	0.001901	0.000000	0.000000	0.000000
397	0.000000	0.000000	0.000000	0.006149	0.991966	0.001885	0.000000	0.000000	0.000000
398	0.000000	0.000000	0.000000	0.006269	0.991864	0.001867	0.000000	0.000000	0.000000
399	0.000000	0.000000	0.000000	0.006287	0.991821	0.001892	0.000000	0.000000	0.000000
400	0.000000	0.000000	0.000000	0.006209	0.991968	0.001823	0.000000	0.000000	0.000000
401	0.000000	0.000000	0.000000	0.006252	0.991952	0.001796	0.000000	0.000000	0.000000
402	0.000000	0.000000	0.000000	0.006293	0.991933	0.001774	0.000000	0.000000	0.000000
403	0.000000	0.000000	0.000000	0.006351	0.991868	0.001781	0.000000	0.000000	0.000000
404	0.000000	0.000000	0.000000	0.006291	0.991966	0.001743	0.000000	0.000000	0.000000
405	0.000000	0.000000	0.000000	0.006265	0.992012	0.001723	0.000000	0.000000	0.000000
406	0.000000	0.000000	0.000000	0.006319	0.991941	0.001740	0.000000	0.000000	0.000000
407	0.000000	0.000000	0.000000	0.006285	0.991969	0.001746	0.000000	0.000000	0.000000
408	0.000000	0.000000	0.000000	0.006361	0.991873	0.001766	0.000000	0.000000	0.000000
409	0.000000	0.000000	0.000000	0.006330	0.991960	0.001710	0.000000	0.000000	0.000000
410	0.000000	0.000000	0.000000	0.006327	0.991954	0.001719	0.000000	0.000000	0.000000
411	0.000000	0.000000	0.000000	0.006295	0.991981	0.001724	0.000000	0.000000	0.000000
412	0.000000	0.000000	0.000000	0.006271	0.991926	0.001803	0.000000	0.000000	0.000000
413	0.000000	0.000000	0.000000	0.006330	0.991841	0.001829	0.000000	0.000000	0.000000
414	0.000000	0.000000	0.000000	0.006347	0.991853	0.001800	0.000000	0.000000	0.000000
415	0.000000	0.000000	0.000000	0.006321	0.991879	0.001800	0.000000	0.000000	0.000000
416	0.000000	0.000000	0.000000	0.006388	0.991785	0.001827	0.000000	0.000000	0.000000
417	0.000000	0.000000	0.000000	0.006478	0.991692	0.001830	0.000000	0.000000	0.000000
418	0.000000	0.000000	0.000000	0.006434	0.991720	0.001846	0.000000	0.000000	0.000000
419	0.000000	0.000000	0.000000	0.006536	0.991606	0.001858	0.000000	0.000000	0.000000
420	0.000000	0.000000	0.000000	0.006581	0.991467	0.001952	0.000000	0.000000	0.000000
421	0.000000	0.000000	0.000000	0.006634	0.991411	0.001955	0.000000	0.000000	0.000000
422	0.000000	0.000000	0.000000	0.006488	0.991577	0.001935	0.000000	0.000000	0.000000
423	0.000000	0.000000	0.000000	0.006547	0.991517	0.001936	0.000000	0.000000	0.000000
424	0.000000	0.000000	0.000000	0.006677	0.991349	0.001974	0.000000	0.000000	0.000000
425	0.000000	0.000000	0.000000	0.006646	0.991384	0.001970	0.000000	0.000000	0.000000
426	0.000000	0.000000	0.000000	0.006595	0.991424	0.001981	0.000000	0.000000	0.000000
427	0.000000	0.000000	0.000000	0.006643	0.991388	0.001969	0.000000	0.000000	0.000000
428	0.000000	0.000000	0.000000	0.006656	0.991357	0.001987	0.000000	0.000000	0.000000
429	0.000000	0.000000	0.000000	0.006586	0.991440	0.001974	0.000000	0.000000	0.000000
430	0.000000	0.000000	0.000000	0.006651	0.991352	0.001997	0.000000	0.000000	0.000000
431	0.000000	0.000000	0.000000	0.006665	0.991353	0.001982	0.000000	0.000000	0.000000
432	0.000000	0.000000	0.000000	0.006654	0.991315	0.002031	0.000000	0.000000	0.000000
433	0.000000	0.000000	0.000000	0.006597	0.991399	0.002004	0.000000	0.000000	0.000000
434	0.000000	0.000000	0.000000	0.006633	0.991336	0.002031	0.000000	0.000000	0.000000
435	0.000000	0.000000	0.000000	0.006677	0.991282	0.002041	0.000000	0.000000	0.000000
436	0.000000	0.000000	0.000000	0.006694	0.991242	0.002064	0.000000	0.000000	0.000000
437	0.000000	0.000000	0.000000	0.006682	0.991247	0.002071	0.000000	0.000000	0.000000
438	0.000000	0.000000	0.000000	0.006725	0.991219	0.002056	0.000000	0.000000	0.000000
439	0.000000	0.000000	0.000000	0.006847	0.991108	0.002045	0.000000	0.000000	0.000000
440	0.000000	0.000000	0.000000	0.006866	0.991117	0.002017	0.000000	0.000000	0.000000
441	0.000000	0.000000	0.000000	0.006901	0.991140	0.001959	0.000000	0.000000	0.000000
442	0.000000	0.000000	0.000000	0.006931	0.991188	0.001881	0.000000	0.000000	0.000000
443	0.000000	0.000000	0.000000	0.006957	0.991177	0.001866	0.000000	0.000000	0.000000
444	0.000000	0.000000	0.000000	0.006872	0.991263	0.001865	0.000000	0.000000	0.000000
445	0.000000	0.000000	0.000000	0.006922	0.991189	0.001889	0.000000	0.000000	0.000000
446	0.000000	0.000000	0.000000	0.006987	0.991166	0.001847	0.000000	0.000000	0.000000
447	0.000000	0.000000	0.000000	0.006921	0.991219	0.001860	0.000000	0.000000	0.000000
448	0.000000	0.000000	0.000000	0.006921	0.991204	0.001875	0.000000	0.000000	0.000000
449	0.000000	0.000000	0.000000	0.006953	0.991142	0.001905	0.000000	0.000000	0.000000
450	0.000000	0.000000	0.000000	0.006914	0.991214	0.001872	0.000000	0.000000	0.000000
451	0.000000	0.000000	0.000000	0.006855	0.991303	0.001842	0.000000	0.000000	0.000000
452	0.000000	0.000000	0.000000	0.006799	0.991349	0.001852	0.000000	0.000000	0.000000
453	0.000000	0.000000	0.000000	0.006752	0.991430	0.001818	0.000000	0.000000	0.000000
454	0.000000	0.000000	0.000000	0.006747	0.991428	0.001825	0.000000	0.000000	0.000000
455	0.000000	0.000000	0.000000	0.006687	0.991531	0.001782	0.000000	0.000000	0.000000
456	0.000000	0.000000	0.000000	0.006672	0.991570	0.001758	0.000000	0.000000	0.000000
457	0.000000	0.000000	0.000000	0.006675	0.991552	0.001773	0.000000	0.000000	0.000000
458	0.000000	0.000000	0.000000	0.006817	0.991401	0.001782	0.000000	0.000000	0.000000
459	0.000000	0.000000	0.000000	0.006716	0.991503	0.001781	0.000000	0.000000	0.000000
460	0.000000	0.000000	0.000000	0.006696	0.991541	0.001763	0.000000	0.000000	0.000000
461	0.000000	0.000000	0.000000	0.006752	0.991531	0.001717	0.000000	0.000000	0.000000
462	0.000000	0.000000	0.000000	0.006737	0.991607	0.001656	0.000000	0.000000	0.000000
463	0.000000	0.000000	0.000000	0.006696	0.991677	0.001627	0.000000	0.000000	0.000000
464	0.000000	0.000000	0.000000	0.006570	0.991782	0.001648	0.000000	0.000000	0.000000
465	0.000000	0.000000	0.000000	0.006582	0.991854	0.001564	0.000000	0.000000	0.000000
466	0.000000	0.000000	0.000000	0.006617	0.991824	0.001559	0.000000	0.000000	0.000000
467	0.000000	0.000000	0.000000	0.006519	0.991918	0.001563	0.000000	0.000000	0.000000
468	0.000000	0.000000	0.000000	0.006541	0.991898	0.001561	0.000000	0.000000	0.000000
469	0.000000	0.000000	0.000000	0.006531	0.991900	0.001569	0.000000	0.000000	0.000000
470	0.000000	0.000000	0.000000	0.006530	0.991914	0.001556	0.000000	0.000000	0.000000
