0	0.290663	0.057897	0.229473	0.157588	0.029913	0.111872	0.085455	0.012259	0.024880
1	0.221822	0.046188	0.194045	0.140205	0.028795	0.122782	0.125513	0.024316	0.096334
2	0.214811	0.044362	0.185633	0.135850	0.029107	0.118896	0.132550	0.025718	0.113073
3	0.214491	0.043051	0.179098	0.132224	0.029960	0.113241	0.136122	0.025805	0.126008
4	0.215137	0.042204	0.171859	0.129645	0.031251	0.108143	0.137755	0.025959	0.138047
5	0.216752	0.041412	0.166210	0.126905	0.032592	0.101762	0.138784	0.025621	0.149962
6	0.218838	0.041000	0.160053	0.124925	0.034400	0.095892	0.139447	0.025131	0.160314
7	0.221267	0.040440	0.153781	0.122413	0.035908	0.090112	0.138783	0.025048	0.172248
8	0.223732	0.039991	0.146684	0.120415	0.037438	0.084784	0.138771	0.024689	0.183496
9	0.226852	0.039353	0.139891	0.118836	0.039030	0.079921	0.137796	0.024256	0.194065
10	0.229639	0.038971	0.133535	0.117118	0.041117	0.074902	0.136413	0.023698	0.204607
11	0.232859	0.038617	0.127977	0.114897	0.043123	0.069856	0.134545	0.023169	0.214957
12	0.235449	0.037892	0.122211	0.113708	0.045532	0.065372	0.133537	0.022418	0.223881
13	0.238488	0.036969	0.116923	0.112332	0.047874	0.061175	0.130762	0.022011	0.233466
14	0.241074	0.036354	0.111551	0.110810	0.050615	0.057380	0.128867	0.021099	0.242250
15	0.243574	0.035635	0.107205	0.108992	0.053362	0.053582	0.126369	0.020248	0.251033
16	0.246611	0.035008	0.102009	0.107277	0.056139	0.050118	0.123837	0.019415	0.259586
17	0.249636	0.034342	0.096846	0.105788	0.058496	0.047168	0.121138	0.018658	0.267928
18	0.252015	0.033981	0.091842	0.104224	0.061853	0.043838	0.118104	0.018230	0.275913
19	0.254027	0.033672	0.087229	0.102713	0.064645	0.041290	0.115988	0.017505	0.282931
20	0.256638	0.033049	0.082814	0.100769	0.067579	0.038567	0.112975	0.016992	0.290617
21	0.258487	0.032606	0.078256	0.099593	0.070742	0.036105	0.110053	0.016225	0.297933
22	0.261085	0.032040	0.074304	0.097837	0.074056	0.033919	0.107247	0.015667	0.303845
23	0.263191	0.031720	0.070665	0.096318	0.077434	0.031884	0.104169	0.014893	0.309726
24	0.265537	0.031234	0.066897	0.094789	0.080987	0.029595	0.100383	0.014376	0.316202
25	0.267369	0.030743	0.062802	0.093400	0.084714	0.027775	0.097527	0.013838	0.321832
26	0.268654	0.030276	0.059481	0.091996	0.088944	0.025964	0.094018	0.013353	0.327314
27	0.269008	0.030027	0.056126	0.090623	0.092931	0.024096	0.090885	0.012656	0.333648
28	0.270709	0.029518	0.052603	0.089107	0.097096	0.022472	0.087652	0.012185	0.338658
29	0.272407	0.028680	0.049473	0.087372	0.100848	0.020879	0.085205	0.011552	0.343584
30	0.273116	0.027926	0.046687	0.085530	0.105252	0.019604	0.082124	0.010955	0.348806
31	0.274259	0.027377	0.043924	0.084180	0.109501	0.018217	0.079285	0.010497	0.352760
32	0.274612	0.026654	0.041274	0.082451	0.114265	0.017054	0.076341	0.009959	0.357390
33	0.275328	0.025863	0.038782	0.081007	0.118618	0.015869	0.073957	0.009475	0.361101
34	0.275198	0.025696	0.036306	0.079595	0.123201	0.014823	0.071131	0.009126	0.364924
35	0.275251	0.024989	0.034210	0.078030	0.128300	0.013848	0.068007	0.008611	0.368754
36	0.274666	0.024237	0.031936	0.076610	0.133252	0.012889	0.065753	0.008282	0.372375
37	0.274687	0.023673	0.029935	0.075127	0.138373	0.012116	0.063373	0.007874	0.374842
38	0.273592	0.022713	0.028034	0.074082	0.143838	0.011117	0.060911	0.007696	0.378017
39	0.272662	0.022012	0.026325	0.072931	0.149072	0.010386	0.058774	0.007316	0.380522
40	0.271283	0.021655	0.024607	0.072004	0.154757	0.009650	0.056538	0.006907	0.382599
41	0.270832	0.020992	0.023162	0.070909	0.160051	0.008932	0.054272	0.006643	0.384207
42	0.269779	0.020306	0.021632	0.069850	0.166206	0.008402	0.052028	0.006304	0.385493
43	0.268259	0.019726	0.020369	0.068861	0.171810	0.007870	0.050237	0.005963	0.386905
44	0.266347	0.019198	0.019042	0.067732	0.177900	0.007307	0.047871	0.005703	0.388900
45	0.265060	0.018420	0.017641	0.066601	0.184161	0.006902	0.045804	0.005381	0.390030
46	0.262987	0.017763	0.016407	0.065601	0.190446	0.006353	0.043825	0.005124	0.391494
47	0.260865	0.017247	0.015304	0.064749	0.196679	0.006042	0.041940	0.004914	0.392260
48	0.258673	0.016511	0.014205	0.063600	0.203099	0.005635	0.039894	0.004708	0.393675
49	0.256548	0.015999	0.013378	0.062413	0.209453	0.005260	0.038099	0.004488	0.394362
50	0.254270	0.015375	0.012628	0.061617	0.215729	0.004937	0.036640	0.004344	0.394460
51	0.251627	0.014874	0.011657	0.060953	0.222214	0.004645	0.035019	0.004152	0.394859
52	0.249322	0.014422	0.010793	0.060233	0.228354	0.004370	0.033535	0.003936	0.395035
53	0.246433	0.013935	0.010115	0.058849	0.235442	0.004067	0.032117	0.003675	0.395367
54	0.243515	0.013412	0.009383	0.058156	0.242286	0.003837	0.030654	0.003486	0.395271
55	0.240159	0.012830	0.008818	0.057324	0.249408	0.003684	0.029418	0.003424	0.394935
56	0.237361	0.012319	0.008161	0.056941	0.256137	0.003591	0.028336	0.003226	0.393928
57	0.234453	0.011828	0.007574	0.056251	0.262425	0.003376	0.027153	0.003118	0.393822
58	0.231123	0.011365	0.006916	0.055468	0.269811	0.003272	0.026016	0.002927	0.393102
59	0.227684	0.010886	0.006416	0.054848	0.276642	0.003142	0.024759	0.002823	0.392800
60	0.224426	0.010545	0.005928	0.054620	0.283752	0.002854	0.023835	0.002605	0.391435
61	0.220744	0.010234	0.005505	0.053786	0.291037	0.002772	0.023149	0.002485	0.390288
62	0.217388	0.009820	0.005080	0.053360	0.298464	0.002642	0.022088	0.002420	0.388738
63	0.213691	0.009660	0.004758	0.052980	0.305686	0.002511	0.021120	0.002284	0.387310
64	0.210751	0.009172	0.004372	0.052157	0.313256	0.002382	0.020402	0.002164	0.385344
65	0.207688	0.008835	0.004075	0.051745	0.320366	0.002232	0.019549	0.002062	0.383448
66	0.204106	0.008500	0.003810	0.051344	0.327462	0.002095	0.018637	0.001953	0.382093
67	0.200388	0.008065	0.003488	0.050957	0.335343	0.001992	0.017930	0.001830	0.380007
68	0.196937	0.007654	0.003221	0.050399	0.342841	0.001910	0.017229	0.001766	0.378043
69	0.192994	0.007278	0.002990	0.049997	0.351089	0.001816	0.016522	0.001740	0.375574
70	0.188976	0.006843	0.002733	0.049864	0.358936	0.001829	0.015805	0.001613	0.373401
71	0.185610	0.006557	0.002539	0.049407	0.366464	0.001754	0.015042	0.001472	0.371155
72	0.181239	0.006306	0.002320	0.049251	0.374374	0.001649	0.014420	0.001435	0.369006
73	0.177182	0.006073	0.002204	0.048791	0.382590	0.001607	0.013840	0.001329	0.366384
74	0.173646	0.005840	0.002013	0.048355	0.389935	0.001547	0.013120	0.001248	0.364296
75	0.169790	0.005573	0.001848	0.048189	0.397829	0.001444	0.012424	0.001158	0.361745
76	0.166344	0.005358	0.001723	0.047959	0.405806	0.001402	0.011882	0.001102	0.358424
77	0.162770	0.005075	0.001556	0.047844	0.413099	0.001306	0.011277	0.001053	0.356020
78	0.159263	0.004788	0.001434	0.047406	0.420916	0.001245	0.010762	0.001015	0.353171
79	0.155904	0.004574	0.001307	0.046726	0.428841	0.001175	0.010349	0.000995	0.350129
80	0.151985	0.004429	0.001206	0.046299	0.436796	0.001146	0.009872	0.000919	0.347348
81	0.148114	0.004221	0.001065	0.045964	0.445496	0.001081	0.009443	0.000875	0.343741
82	0.144976	0.003943	0.000991	0.045644	0.453359	0.001063	0.009038	0.000865	0.340121
83	0.141026	0.003820	0.000917	0.045630	0.461174	0.001045	0.008524	0.000825	0.337039
84	0.137273	0.003691	0.000841	0.045358	0.469216	0.001029	0.008083	0.000765	0.333744
85	0.133486	0.003470	0.000772	0.045309	0.476900	0.000934	0.007797	0.000719	0.330613
86	0.130050	0.003413	0.000693	0.045204	0.484756	0.000907	0.007281	0.000688	0.327008
87	0.126444	0.003201	0.000626	0.045038	0.492348	0.000893	0.006863	0.000627	0.323960
88	0.122805	0.002972	0.000553	0.045066	0.500313	0.000915	0.006573	0.000561	0.320242
89	0.119328	0.002868	0.000529	0.045046	0.508044	0.000876	0.006210	0.000525	0.316574
90	0.116150	0.002690	0.000470	0.044909	0.515929	0.000841	0.005828	0.000449	0.312734
91	0.112582	0.002503	0.000437	0.044777	0.523380	0.000815	0.005491	0.000433	0.309582
92	0.109342	0.002327	0.000398	0.044644	0.531320	0.000840	0.005287	0.000426	0.305416
93	0.106262	0.002184	0.000345	0.044850	0.538836	0.000760	0.004988	0.000424	0.301351
94	0.102939	0.001985	0.000312	0.044794	0.546672	0.000780	0.004705	0.000415	0.297398
95	0.099893	0.001831	0.000285	0.044558	0.554299	0.000774	0.004497	0.000392	0.293471
96	0.096817	0.001712	0.000251	0.044914	0.561494	0.000768	0.004267	0.000388	0.289389
97	0.093858	0.001547	0.000241	0.044732	0.568568	0.000743	0.004051	0.000353	0.285907
98	0.091133	0.001478	0.000229	0.044663	0.575806	0.000730	0.003839	0.000327	0.281795
99	0.088547	0.001414	0.000212	0.044435	0.582877	0.000731	0.003729	0.000307	0.277748
100	0.085598	0.001426	0.000203	0.044398	0.590025	0.000688	0.003598	0.000330	0.273734
101	0.082648	0.001339	0.000184	0.044310	0.597314	0.000725	0.003447	0.000308	0.269725
102	0.079865	0.001220	0.000162	0.044134	0.604283	0.000704	0.003288	0.000313	0.266031
103	0.077028	0.001146	0.000154	0.044271	0.611282	0.000682	0.003181	0.000311	0.261945
104	0.074567	0.001055	0.000127	0.044366	0.617991	0.000675	0.003045	0.000296	0.257878
105	0.072307	0.001018	0.000111	0.044201	0.624860	0.000654	0.002917	0.000280	0.253652
106	0.069698	0.000938	0.000098	0.044192	0.631789	0.000678	0.002762	0.000257	0.249588
107	0.067431	0.000879	0.000094	0.044064	0.638485	0.000628	0.002664	0.000259	0.245496
108	0.065030	0.000828	0.000080	0.044032	0.644241	0.000673	0.002691	0.000248	0.242177
109	0.062517	0.000796	0.000095	0.044418	0.650667	0.000631	0.002582	0.000246	0.238048
110	0.060602	0.000761	0.000079	0.044481	0.656942	0.000586	0.002549	0.000251	0.233749
111	0.058577	0.000758	0.000078	0.044315	0.663491	0.000593	0.002474	0.000231	0.229483
112	0.056545	0.000721	0.000089	0.044196	0.669593	0.000557	0.002336	0.000232	0.225731
113	0.054525	0.000696	0.000086	0.044245	0.675694	0.000553	0.002242	0.000236	0.221723
114	0.052664	0.000654	0.000073	0.044116	0.681943	0.000567	0.002147	0.000220	0.217616
115	0.050810	0.000634	0.000069	0.044227	0.687957	0.000576	0.002046	0.000202	0.213479
116	0.048794	0.000571	0.000055	0.044276	0.694098	0.000562	0.001893	0.000193	0.209558
117	0.047085	0.000547	0.000053	0.044185	0.700090	0.000543	0.001766	0.000201	0.205530
118	0.044987	0.000478	0.000049	0.044296	0.705723	0.000535	0.001700	0.000171	0.202061
119	0.043059	0.000479	0.000045	0.044178	0.711553	0.000531	0.001587	0.000162	0.198406
120	0.041291	0.000451	0.000041	0.044092	0.717228	0.000546	0.001487	0.000154	0.194710
121	0.039735	0.000440	0.000039	0.044204	0.722523	0.000525	0.001432	0.000147	0.190955
122	0.038190	0.000423	0.000040	0.043959	0.728028	0.000545	0.001409	0.000139	0.187267
123	0.036648	0.000370	0.000036	0.044062	0.733246	0.000526	0.001349	0.000136	0.183627
124	0.035085	0.000344	0.000030	0.044052	0.738676	0.000551	0.001266	0.000114	0.179882
125	0.033681	0.000335	0.000034	0.044114	0.743763	0.000561	0.001235	0.000093	0.176184
126	0.032513	0.000314	0.000039	0.044109	0.748689	0.000547	0.001176	0.000091	0.172522
127	0.031095	0.000312	0.000032	0.044164	0.753696	0.000573	0.001160	0.000082	0.168886
128	0.030022	0.000287	0.000027	0.044054	0.758726	0.000571	0.001108	0.000077	0.165128
129	0.028631	0.000271	0.000017	0.043974	0.763703	0.000554	0.001098	0.000078	0.161674
130	0.027343	0.000252	0.000018	0.043906	0.768303	0.000574	0.001043	0.000089	0.158472
131	0.026054	0.000207	0.000015	0.044144	0.773048	0.000544	0.001016	0.000096	0.154876
132	0.024960	0.000176	0.000015	0.044057	0.777762	0.000544	0.001007	0.000097	0.151382
133	0.024021	0.000166	0.000013	0.044401	0.781864	0.000536	0.000981	0.000101	0.147917
134	0.022874	0.000180	0.000015	0.044320	0.786647	0.000492	0.000962	0.000101	0.144409
135	0.021720	0.000155	0.000010	0.044570	0.791141	0.000503	0.000902	0.000095	0.140904
136	0.020752	0.000131	0.000005	0.044402	0.795585	0.000491	0.000862	0.000090	0.137682
137	0.019809	0.000119	0.000003	0.044404	0.799865	0.000500	0.000838	0.000098	0.134364
138	0.018950	0.000120	0.000003	0.044677	0.803662	0.000500	0.000817	0.000087	0.131184
139	0.018002	0.000135	0.000002	0.044732	0.808121	0.000486	0.000770	0.000084	0.127668
140	0.016982	0.000133	0.000001	0.044761	0.812020	0.000454	0.000763	0.000075	0.124811
141	0.016342	0.000134	0.000001	0.044592	0.815760	0.000514	0.000696	0.000082	0.121879
142	0.015568	0.000130	0.000001	0.044527	0.819559	0.000507	0.000662	0.000066	0.118980
143	0.014853	0.000108	0.000001	0.044291	0.823796	0.000490	0.000651	0.000059	0.115751
144	0.014168	0.000097	0.000000	0.044401	0.827118	0.000490	0.000621	0.000052	0.113053
145	0.013554	0.000074	0.000000	0.044465	0.830742	0.000495	0.000564	0.000051	0.110055
146	0.013012	0.000081	0.000000	0.044475	0.834357	0.000464	0.000536	0.000042	0.107033
147	0.012383	0.000075	0.000000	0.044439	0.838024	0.000465	0.000505	0.000038	0.104071
148	0.011690	0.000070	0.000000	0.044616	0.841197	0.000471	0.000453	0.000042	0.101461
149	0.011146	0.000064	0.000000	0.044593	0.844832	0.000462	0.000464	0.000046	0.098393
150	0.010594	0.000072	0.000000	0.044575	0.848002	0.000466	0.000393	0.000041	0.095857
151	0.009960	0.000064	0.000000	0.044705	0.851174	0.000430	0.000372	0.000047	0.093248
152	0.009423	0.000071	0.000000	0.044849	0.854248	0.000444	0.000331	0.000049	0.090585
153	0.008916	0.000069	0.000000	0.044930	0.857524	0.000445	0.000291	0.000049	0.087776
154	0.008422	0.000070	0.000000	0.044952	0.860482	0.000413	0.000262	0.000048	0.085351
155	0.007979	0.000060	0.000000	0.044864	0.863415	0.000428	0.000277	0.000045	0.082932
156	0.007620	0.000055	0.000000	0.044979	0.866029	0.000438	0.000258	0.000042	0.080579
157	0.007293	0.000049	0.000000	0.044681	0.869107	0.000430	0.000227	0.000037	0.078176
158	0.006868	0.000050	0.000000	0.044864	0.871590	0.000390	0.000203	0.000031	0.076004
159	0.006560	0.000042	0.000000	0.044695	0.874376	0.000424	0.000187	0.000035	0.073681
160	0.006225	0.000043	0.000000	0.044717	0.876946	0.000414	0.000186	0.000027	0.071442
161	0.005945	0.000035	0.000000	0.044902	0.879305	0.000418	0.000157	0.000030	0.069208
162	0.005579	0.000030	0.000000	0.044776	0.881993	0.000450	0.000134	0.000023	0.067015
163	0.005289	0.000030	0.000000	0.044790	0.884401	0.000448	0.000134	0.000023	0.064885
164	0.004988	0.000037	0.000000	0.044987	0.886573	0.000454	0.000124	0.000024	0.062813
165	0.004657	0.000027	0.000000	0.044768	0.889044	0.000425	0.000106	0.000020	0.060953
166	0.004412	0.000026	0.000000	0.044802	0.891211	0.000419	0.000113	0.000021	0.058996
167	0.004195	0.000034	0.000000	0.044857	0.893155	0.000409	0.000109	0.000021	0.057220
168	0.003993	0.000032	0.000000	0.044728	0.895474	0.000375	0.000101	0.000023	0.055274
169	0.003809	0.000032	0.000000	0.044616	0.897630	0.000384	0.000093	0.000014	0.053422
170	0.003598	0.000031	0.000000	0.044585	0.899703	0.000383	0.000101	0.000009	0.051590
171	0.003438	0.000027	0.000000	0.044814	0.901274	0.000367	0.000100	0.000003	0.049977
172	0.003243	0.000028	0.000000	0.044994	0.902885	0.000350	0.000093	0.000002	0.048405
173	0.003065	0.000025	0.000000	0.045118	0.904522	0.000358	0.000087	0.000004	0.046821
174	0.002899	0.000027	0.000000	0.044833	0.906440	0.000359	0.000090	0.000000	0.045352
175	0.002738	0.000030	0.000000	0.044564	0.908406	0.000378	0.000080	0.000000	0.043804
176	0.002593	0.000028	0.000000	0.044440	0.909913	0.000384	0.000078	0.000000	0.042564
177	0.002556	0.000023	0.000000	0.044573	0.911273	0.000369	0.000058	0.000000	0.041148
178	0.002386	0.000019	0.000000	0.044655	0.912732	0.000364	0.000060	0.000000	0.039784
179	0.002270	0.000018	0.000000	0.044555	0.914185	0.000378	0.000063	0.000000	0.038531
180	0.002146	0.000012	0.000000	0.044690	0.915531	0.000398	0.000066	0.000000	0.037157
181	0.002066	0.000009	0.000000	0.044627	0.916774	0.000388	0.000069	0.000000	0.036067
182	0.001958	0.000009	0.000000	0.044699	0.917812	0.000367	0.000069	0.000000	0.035086
183	0.001798	0.000008	0.000000	0.044614	0.919224	0.000396	0.000067	0.000000	0.033893
184	0.001716	0.000013	0.000000	0.044719	0.920551	0.000389	0.000054	0.000000	0.032558
185	0.001677	0.000008	0.000000	0.044866	0.921545	0.000417	0.000059	0.000000	0.031428
186	0.001594	0.000008	0.000000	0.044771	0.922787	0.000397	0.000052	0.000000	0.030391
187	0.001500	0.000006	0.000000	0.045080	0.923475	0.000377	0.000047	0.000000	0.029515
188	0.001355	0.000007	0.000000	0.044995	0.924720	0.000382	0.000034	0.000000	0.028507
189	0.001292	0.000010	0.000000	0.045076	0.925789	0.000347	0.000037	0.000000	0.027449
190	0.001256	0.000008	0.000000	0.045207	0.926702	0.000338	0.000038	0.000000	0.026451
191	0.001217	0.000006	0.000000	0.045119	0.927847	0.000342	0.000038	0.000000	0.025431
192	0.001192	0.000006	0.000000	0.045315	0.928632	0.000335	0.000035	0.000000	0.024485
193	0.001127	0.000008	0.000000	0.045249	0.929617	0.000369	0.000038	0.000000	0.023592
194	0.001067	0.000009	0.000000	0.045350	0.930477	0.000349	0.000030	0.000000	0.022718
195	0.000974	0.000005	0.000000	0.045645	0.931082	0.000345	0.000028	0.000000	0.021921
196	0.000967	0.000006	0.000000	0.045470	0.932037	0.000331	0.000028	0.000000	0.021161
197	0.000930	0.000005	0.000000	0.045464	0.932745	0.000339	0.000028	0.000000	0.020489
198	0.000879	0.000005	0.000000	0.045528	0.933589	0.000306	0.000030	0.000000	0.019663
199	0.000836	0.000004	0.000000	0.045495	0.934361	0.000308	0.000020	0.000000	0.018976
200	0.000791	0.000005	0.000000	0.045424	0.935265	0.000315	0.000016	0.000000	0.018184
201	0.000752	0.000006	0.000000	0.045465	0.935984	0.000303	0.000015	0.000000	0.017475
202	0.000705	0.000006	0.000000	0.045462	0.936584	0.000312	0.000011	0.000000	0.016920
203	0.000673	0.000004	0.000000	0.045369	0.937415	0.000324	0.000006	0.000000	0.016209
204	0.000641	0.000004	0.000000	0.045360	0.938061	0.000312	0.000004	0.000000	0.015618
205	0.000613	0.000005	0.000000	0.045355	0.938709	0.000303	0.000003	0.000000	0.015012
206	0.000562	0.000003	0.000000	0.045240	0.939531	0.000301	0.000004	0.000000	0.014359
207	0.000545	0.000001	0.000000	0.045424	0.939899	0.000305	0.000004	0.000000	0.013822
208	0.000517	0.000000	0.000000	0.045539	0.940370	0.000276	0.000005	0.000000	0.013293
209	0.000488	0.000000	0.000000	0.045517	0.940996	0.000288	0.000002	0.000000	0.012709
210	0.000479	0.000000	0.000000	0.045506	0.941538	0.000299	0.000003	0.000000	0.012175
211	0.000453	0.000000	0.000000	0.045627	0.942020	0.000284	0.000005	0.000000	0.011611
212	0.000404	0.000000	0.000000	0.045615	0.942519	0.000286	0.000004	0.000000	0.011172
213	0.000384	0.000000	0.000000	0.045535	0.943185	0.000277	0.000003	0.000000	0.010616
214	0.000373	0.000000	0.000000	0.045350	0.943912	0.000289	0.000005	0.000000	0.010071
215	0.000378	0.000000	0.000000	0.045203	0.944487	0.000259	0.000005	0.000000	0.009668
216	0.000350	0.000000	0.000000	0.045079	0.944948	0.000283	0.000006	0.000000	0.009334
217	0.000342	0.000000	0.000000	0.045043	0.945478	0.000245	0.000004	0.000000	0.008888
218	0.000318	0.000000	0.000000	0.045022	0.945941	0.000255	0.000008	0.000000	0.008456
219	0.000317	0.000000	0.000000	0.045204	0.946154	0.000247	0.000004	0.000000	0.008074
220	0.000316	0.000000	0.000000	0.045142	0.946501	0.000261	0.000007	0.000000	0.007773
221	0.000286	0.000000	0.000000	0.045148	0.946923	0.000249	0.000009	0.000000	0.007385
222	0.000269	0.000000	0.000000	0.045259	0.947182	0.000231	0.000003	0.000000	0.007056
223	0.000259	0.000000	0.000000	0.044975	0.947751	0.000233	0.000000	0.000000	0.006782
224	0.000253	0.000000	0.000000	0.045198	0.947836	0.000223	0.000000	0.000000	0.006490
225	0.000230	0.000000	0.000000	0.045258	0.948075	0.000235	0.000000	0.000000	0.006202
226	0.000225	0.000000	0.000000	0.045197	0.948367	0.000227	0.000000	0.000000	0.005984
227	0.000216	0.000000	0.000000	0.045151	0.948700	0.000207	0.000000	0.000000	0.005726
228	0.000208	0.000000	0.000000	0.045192	0.948900	0.000213	0.000000	0.000000	0.005487
229	0.000196	0.000000	0.000000	0.045315	0.948976	0.000204	0.000000	0.000000	0.005309
230	0.000165	0.000000	0.000000	0.045407	0.949127	0.000215	0.000000	0.000000	0.005086
231	0.000169	0.000000	0.000000	0.045508	0.949299	0.000216	0.000000	0.000000	0.004808
232	0.000157	0.000000	0.000000	0.045546	0.949442	0.000212	0.000000	0.000000	0.004643
233	0.000139	0.000000	0.000000	0.045463	0.949739	0.000202	0.000000	0.000000	0.004457
234	0.000140	0.000000	0.000000	0.045722	0.949653	0.000208	0.000000	0.000000	0.004277
235	0.000132	0.000000	0.000000	0.045604	0.949904	0.000231	0.000000	0.000000	0.004129
236	0.000106	0.000000	0.000000	0.045358	0.950373	0.000229	0.000000	0.000000	0.003934
237	0.000096	0.000000	0.000000	0.045296	0.950588	0.000245	0.000000	0.000000	0.003775
238	0.000091	0.000000	0.000000	0.045254	0.950702	0.000262	0.000000	0.000000	0.003691
239	0.000091	0.000000	0.000000	0.045106	0.950977	0.000246	0.000000	0.000000	0.003580
240	0.000077	0.000000	0.000000	0.045223	0.951038	0.000246	0.000000	0.000000	0.003416
241	0.000072	0.000000	0.000000	0.045466	0.950927	0.000251	0.000000	0.000000	0.003284
242	0.000056	0.000000	0.000000	0.045392	0.951143	0.000249	0.000000	0.000000	0.003160
243	0.000053	0.000000	0.000000	0.045477	0.951239	0.000251	0.000000	0.000000	0.002980
244	0.000038	0.000000	0.000000	0.045622	0.951237	0.000249	0.000000	0.000000	0.002854
245	0.000044	0.000000	0.000000	0.045566	0.951424	0.000239	0.000000	0.000000	0.002727
246	0.000041	0.000000	0.000000	0.045491	0.951595	0.000258	0.000000	0.000000	0.002615
247	0.000038	0.000000	0.000000	0.045306	0.951883	0.000264	0.000000	0.000000	0.002509
248	0.000035	0.000000	0.000000	0.045430	0.951926	0.000272	0.000000	0.000000	0.002337
249	0.000028	0.000000	0.000000	0.045463	0.952036	0.000260	0.000000	0.000000	0.002213
250	0.000023	0.000000	0.000000	0.045432	0.952192	0.000254	0.000000	0.000000	0.002099
251	0.000025	0.000000	0.000000	0.045469	0.952214	0.000277	0.000000	0.000000	0.002015
252	0.000026	0.000000	0.000000	0.045503	0.952298	0.000298	0.000000	0.000000	0.001875
253	0.000026	0.000000	0.000000	0.045656	0.952226	0.000286	0.000000	0.000000	0.001806
254	0.000028	0.000000	0.000000	0.045650	0.952320	0.000284	0.000000	0.000000	0.001718
255	0.000024	0.000000	0.000000	0.045724	0.952351	0.000281	0.000000	0.000000	0.001620
256	0.000023	0.000000	0.000000	0.045453	0.952661	0.000283	0.000000	0.000000	0.001580
257	0.000024	0.000000	0.000000	0.045556	0.952698	0.000272	0.000000	0.000000	0.001450
258	0.000022	0.000000	0.000000	0.045403	0.952975	0.000259	0.000000	0.000000	0.001341
259	0.000022	0.000000	0.000000	0.045390	0.953053	0.000248	0.000000	0.000000	0.001287
260	0.000016	0.000000	0.000000	0.045108	0.953421	0.000244	0.000000	0.000000	0.001211
261	0.000011	0.000000	0.000000	0.045045	0.953559	0.000239	0.000000	0.000000	0.001146
262	0.000011	0.000000	0.000000	0.044994	0.953601	0.000265	0.000000	0.000000	0.001129
263	0.000009	0.000000	0.000000	0.044936	0.953704	0.000283	0.000000	0.000000	0.001068
264	0.000010	0.000000	0.000000	0.044779	0.953932	0.000278	0.000000	0.000000	0.001001
265	0.000010	0.000000	0.000000	0.044680	0.954107	0.000263	0.000000	0.000000	0.000940
266	0.000009	0.000000	0.000000	0.044763	0.954064	0.000290	0.000000	0.000000	0.000874
267	0.000010	0.000000	0.000000	0.044973	0.953885	0.000279	0.000000	0.000000	0.000853
268	0.000013	0.000000	0.000000	0.044997	0.953949	0.000245	0.000000	0.000000	0.000796
269	0.000010	0.000000	0.000000	0.045294	0.953675	0.000264	0.000000	0.000000	0.000757
270	0.000010	0.000000	0.000000	0.045415	0.953578	0.000281	0.000000	0.000000	0.000716
271	0.000009	0.000000	0.000000	0.045585	0.953449	0.000285	0.000000	0.000000	0.000672
272	0.000008	0.000000	0.000000	0.045659	0.953403	0.000285	0.000000	0.000000	0.000645
273	0.000007	0.000000	0.000000	0.045574	0.953536	0.000277	0.000000	0.000000	0.000606
274	0.000008	0.000000	0.000000	0.045598	0.953575	0.000264	0.000000	0.000000	0.000555
275	0.000008	0.000000	0.000000	0.045319	0.953869	0.000266	0.000000	0.000000	0.000538
276	0.000004	0.000000	0.000000	0.045472	0.953746	0.000280	0.000000	0.000000	0.000498
277	0.000003	0.000000	0.000000	0.045465	0.953803	0.000265	0.000000	0.000000	0.000464
278	0.000003	0.000000	0.000000	0.045251	0.954075	0.000251	0.000000	0.000000	0.000420
279	0.000006	0.000000	0.000000	0.045473	0.953851	0.000258	0.000000	0.000000	0.000412
280	0.000009	0.000000	0.000000	0.045472	0.953878	0.000271	0.000000	0.000000	0.000370
281	0.000008	0.000000	0.000000	0.045425	0.953969	0.000248	0.000000	0.000000	0.000350
282	0.000009	0.000000	0.000000	0.045403	0.953980	0.000279	0.000000	0.000000	0.000329
283	0.000012	0.000000	0.000000	0.045477	0.953922	0.000270	0.000000	0.000000	0.000319
284	0.000014	0.000000	0.000000	0.045546	0.953894	0.000268	0.000000	0.000000	0.000278
285	0.000017	0.000000	0.000000	0.045422	0.954025	0.000271	0.000000	0.000000	0.000265
286	0.000014	0.000000	0.000000	0.045337	0.954111	0.000289	0.000000	0.000000	0.000249
287	0.000008	0.000000	0.000000	0.045585	0.953884	0.000279	0.000000	0.000000	0.000244
288	0.000006	0.000000	0.000000	0.045593	0.953896	0.000276	0.000000	0.000000	0.000229
289	0.000006	0.000000	0.000000	0.045888	0.953610	0.000278	0.000000	0.000000	0.000218
290	0.000005	0.000000	0.000000	0.045789	0.953705	0.000277	0.000000	0.000000	0.000224
291	0.000008	0.000000	0.000000	0.045625	0.953871	0.000294	0.000000	0.000000	0.000202
292	0.000009	0.000000	0.000000	0.045610	0.953926	0.000288	0.000000	0.000000	0.000167
293	0.000005	0.000000	0.000000	0.045698	0.953866	0.000280	0.000000	0.000000	0.000151
294	0.000004	0.000000	0.000000	0.045572	0.953970	0.000311	0.000000	0.000000	0.000143
295	0.000005	0.000000	0.000000	0.045502	0.954056	0.000311	0.000000	0.000000	0.000126
296	0.000005	0.000000	0.000000	0.045642	0.953957	0.000289	0.000000	0.000000	0.000107
297	0.000005	0.000000	0.000000	0.045654	0.953921	0.000316	0.000000	0.000000	0.000104
298	0.000010	0.000000	0.000000	0.045510	0.954101	0.000295	0.000000	0.000000	0.000084
299	0.000008	0.000000	0.000000	0.045524	0.954117	0.000284	0.000000	0.000000	0.000067
300	0.000007	0.000000	0.000000	0.045722	0.953914	0.000300	0.000000	0.000000	0.000057
301	0.000008	0.000000	0.000000	0.045938	0.953715	0.000291	0.000000	0.000000	0.000048
302	0.000005	0.000000	0.000000	0.046061	0.953603	0.000283	0.000000	0.000000	0.000048
303	0.000005	0.000000	0.000000	0.046232	0.953445	0.000277	0.000000	0.000000	0.000041
304	0.000004	0.000000	0.000000	0.046279	0.953388	0.000292	0.000000	0.000000	0.000037
305	0.000004	0.000000	0.000000	0.046386	0.953327	0.000255	0.000000	0.000000	0.000028
306	0.000001	0.000000	0.000000	0.046307	0.953405	0.000261	0.000000	0.000000	0.000026
307	0.000001	0.000000	0.000000	0.045875	0.953814	0.000287	0.000000	0.000000	0.000023
308	0.000002	0.000000	0.000000	0.046136	0.953583	0.000262	0.000000	0.000000	0.000017
309	0.000000	0.000000	0.000000	0.046149	0.953551	0.000282	0.000000	0.000000	0.000018
310	0.000000	0.000000	0.000000	0.046192	0.953489	0.000306	0.000000	0.000000	0.000013
311	0.000000	0.000000	0.000000	0.046190	0.953499	0.000301	0.000000	0.000000	0.000010
312	0.000000	0.000000	0.000000	0.046116	0.953552	0.000324	0.000000	0.000000	0.000008
313	0.000000	0.000000	0.000000	0.046114	0.953541	0.000337	0.000000	0.000000	0.000008
314	0.000000	0.000000	0.000000	0.046367	0.953298	0.000327	0.000000	0.000000	0.000008
315	0.000000	0.000000	0.000000	0.046393	0.953280	0.000322	0.000000	0.000000	0.000005
316	0.000000	0.000000	0.000000	0.046403	0.953271	0.000322	0.000000	0.000000	0.000004
317	0.000000	0.000000	0.000000	0.046268	0.953386	0.000341	0.000000	0.000000	0.000005
318	0.000000	0.000000	0.000000	0.046022	0.953624	0.000352	0.000000	0.000000	0.000002
319	0.000000	0.000000	0.000000	0.045977	0.953651	0.000370	0.000000	0.000000	0.000002
320	0.000000	0.000000	0.000000	0.046034	0.953575	0.000386	0.000000	0.000000	0.000005
321	0.000000	0.000000	0.000000	0.046260	0.953362	0.000376	0.000000	0.000000	0.000002
322	0.000000	0.000000	0.000000	0.046255	0.953369	0.000374	0.000000	0.000000	0.000002
323	0.000000	0.000000	0.000000	0.046329	0.953321	0.000348	0.000000	0.000000	0.000002
324	0.000000	0.000000	0.000000	0.046132	0.953511	0.000353	0.000000	0.000000	0.000004
325	0.000000	0.000000	0.000000	0.046003	0.953636	0.000360	0.000000	0.000000	0.000001
326	0.000000	0.000000	0.000000	0.045981	0.953643	0.000373	0.000000	0.000000	0.000003
327	0.000000	0.000000	0.000000	0.046091	0.953526	0.000380	0.000000	0.000000	0.000003
328	0.000000	0.000000	0.000000	0.045998	0.953626	0.000374	0.000000	0.000000	0.000002
329	0.000000	0.000000	0.000000	0.045947	0.953665	0.000387	0.000000	0.000000	0.000001
330	0.000000	0.000000	0.000000	0.045795	0.953802	0.000402	0.000000	0.000000	0.000001
331	0.000000	0.000000	0.000000	0.046008	0.953565	0.000424	0.000000	0.000000	0.000003
332	0.000000	0.000000	0.000000	0.046131	0.953422	0.000445	0.000000	0.000000	0.000002
333	0.000000	0.000000	0.000000	0.046342	0.953233	0.000422	0.000000	0.000000	0.000003
334	0.000000	0.000000	0.000000	0.046039	0.953553	0.000407	0.000000	0.000000	0.000001
335	0.000000	0.000000	0.000000	0.046336	0.953253	0.000411	0.000000	0.000000	0.000000
336	0.000000	0.000000	0.000000	0.046086	0.953502	0.000412	0.000000	0.000000	0.000000
337	0.000000	0.000000	0.000000	0.046118	0.953489	0.000393	0.000000	0.000000	0.000000
338	0.000000	0.000000	0.000000	0.046133	0.953455	0.000412	0.000000	0.000000	0.000000
339	0.000000	0.000000	0.000000	0.046000	0.953610	0.000390	0.000000	0.000000	0.000000
340	0.000000	0.000000	0.000000	0.045906	0.953682	0.000412	0.000000	0.000000	0.000000
341	0.000000	0.000000	0.000000	0.045732	0.953870	0.000398	0.000000	0.000000	0.000000
342	0.000000	0.000000	0.000000	0.045343	0.954235	0.000422	0.000000	0.000000	0.000000
343	0.000000	0.000000	0.000000	0.045512	0.954074	0.000414	0.000000	0.000000	0.000000
344	0.000000	0.000000	0.000000	0.045438	0.954161	0.000401	0.000000	0.000000	0.000000
345	0.000000	0.000000	0.000000	0.045304	0.954294	0.000402	0.000000	0.000000	0.000000
346	0.000000	0.000000	0.000000	0.045243	0.954356	0.000401	0.000000	0.000000	0.000000
347	0.000000	0.000000	0.000000	0.045390	0.954196	0.000414	0.000000	0.000000	0.000000
348	0.000000	0.000000	0.000000	0.045393	0.954190	0.000417	0.000000	0.000000	0.000000
349	0.000000	0.000000	0.000000	0.045378	0.954222	0.000400	0.000000	0.000000	0.000000
350	0.000000	0.000000	0.000000	0.045264	0.954328	0.000408	0.000000	0.000000	0.000000
351	0.000000	0.000000	0.000000	0.045146	0.954433	0.000421	0.000000	0.000000	0.000000
352	0.000000	0.000000	0.000000	0.044946	0.954635	0.000419	0.000000	0.000000	0.000000
353	0.000000	0.000000	0.000000	0.045030	0.954578	0.000392	0.000000	0.000000	0.000000
354	0.000000	0.000000	0.000000	0.045005	0.954590	0.000405	0.000000	0.000000	0.000000
355	0.000000	0.000000	0.000000	0.044993	0.954567	0.000440	0.000000	0.000000	0.000000
356	0.000000	0.000000	0.000000	0.045249	0.954304	0.000447	0.000000	0.000000	0.000000
357	0.000000	0.000000	0.000000	0.045418	0.954150	0.000432	0.000000	0.000000	0.000000
358	0.000000	0.000000	0.000000	0.045490	0.954082	0.000428	0.000000	0.000000	0.000000
359	0.000000	0.000000	0.000000	0.045435	0.954133	0.000432	0.000000	0.000000	0.000000
360	0.000000	0.000000	0.000000	0.045525	0.954028	0.000447	0.000000	0.000000	0.000000
361	0.000000	0.000000	0.000000	0.045404	0.954151	0.000445	0.000000	0.000000	0.000000
362	0.000000	0.000000	0.000000	0.045168	0.954402	0.000430	0.000000	0.000000	0.000000
363	0.000000	0.000000	0.000000	0.045066	0.954519	0.000415	0.000000	0.000000	0.000000
364	0.000000	0.000000	0.000000	0.045053	0.954530	0.000417	0.000000	0.000000	0.000000
365	0.000000	0.000000	0.000000	0.045141	0.954453	0.000406	0.000000	0.000000	0.000000
366	0.000000	0.000000	0.000000	0.045239	0.954357	0.000404	0.000000	0.000000	0.000000
367	0.000000	0.000000	0.000000	0.045242	0.954341	0.000417	0.000000	0.000000	0.000000
368	0.000000	0.000000	0.000000	0.045215	0.954368	0.000417	0.000000	0.000000	0.000000
369	0.000000	0.000000	0.000000	0.045336	0.954234	0.000430	0.000000	0.000000	0.000000
370	0.000000	0.000000	0.000000	0.045464	0.954122	0.000414	0.000000	0.000000	0.000000
371	0.000000	0.000000	0.000000	0.045473	0.954112	0.000415	0.000000	0.000000	0.000000
372	0.000000	0.000000	0.000000	0.045641	0.953948	0.000411	0.000000	0.000000	0.000000
373	0.000000	0.000000	0.000000	0.045550	0.954035	0.000415	0.000000	0.000000	0.000000
374	0.000000	0.000000	0.000000	0.045328	0.954208	0.000464	0.000000	0.000000	0.000000
375	0.000000	0.000000	0.000000	0.045372	0.954188	0.000440	0.000000	0.000000	0.000000
376	0.000000	0.000000	0.000000	0.045222	0.954346	0.000432	0.000000	0.000000	0.000000
377	0.000000	0.000000	0.000000	0.045424	0.954154	0.000422	0.000000	0.000000	0.000000
378	0.000000	0.000000	0.000000	0.045502	0.954082	0.000416	0.000000	0.000000	0.000000
379	0.000000	0.000000	0.000000	0.045258	0.954298	0.000444	0.000000	0.000000	0.000000
380	0.000000	0.000000	0.000000	0.045261	0.954266	0.000473	0.000000	0.000000	0.000000
381	0.000000	0.000000	0.000000	0.045159	0.954402	0.000439	0.000000	0.000000	0.000000
382	0.000000	0.000000	0.000000	0.044975	0.954599	0.000426	0.000000	0.000000	0.000000
383	0.000000	0.000000	0.000000	0.044980	0.954598	0.000422	0.000000	0.000000	0.000000
384	0.000000	0.000000	0.000000	0.045045	0.954550	0.000405	0.000000	0.000000	0.000000
385	0.000000	0.000000	0.000000	0.044858	0.954712	0.000430	0.000000	0.000000	0.000000
386	0.000000	0.000000	0.000000	0.044807	0.954766	0.000427	0.000000	0.000000	0.000000
387	0.000000	0.000000	0.000000	0.044919	0.954678	0.000403	0.000000	0.000000	0.000000
388	0.000000	0.000000	0.000000	0.044743	0.954845	0.000412	0.000000	0.000000	0.000000
389	0.000000	0.000000	0.000000	0.044759	0.954839	0.000402	0.000000	0.000000	0.000000
390	0.000000	0.000000	0.000000	0.044721	0.954857	0.000422	0.000000	0.000000	0.000000
391	0.000000	0.000000	0.000000	0.044676	0.954917	0.000407	0.000000	0.000000	0.000000
392	0.000000	0.000000	0.000000	0.044631	0.954982	0.000387	0.000000	0.000000	0.000000
393	0.000000	0.000000	0.000000	0.044647	0.954960	0.000393	0.000000	0.000000	0.000000
394	0.000000	0.000000	0.000000	0.044479	0.955129	0.000392	0.000000	0.000000	0.000000
395	0.000000	0.000000	0.000000	0.044339	0.955262	0.000399	0.000000	0.000000	0.000000
396	0.000000	0.000000	0.000000	0.044280	0.955324	0.000396	0.000000	0.000000	0.000000
397	0.000000	0.000000	0.000000	0.044247	0.955372	0.000381	0.000000	0.000000	0.000000
398	0.000000	0.000000	0.000000	0.044190	0.955424	0.000386	0.000000	0.000000	0.000000
399	0.000000	0.000000	0.000000	0.044263	0.955348	0.000389	0.000000	0.000000	0.000000
400	0.000000	0.000000	0.000000	0.044271	0.955378	0.000351	0.000000	0.000000	0.000000
401	0.000000	0.000000	0.000000	0.044133	0.955527	0.000340	0.000000	0.000000	0.000000
402	0.000000	0.000000	0.000000	0.044260	0.955401	0.000339	0.000000	0.000000	0.000000
403	0.000000	0.000000	0.000000	0.044028	0.955629	0.000343	0.000000	0.000000	0.000000
404	0.000000	0.000000	0.000000	0.043993	0.955669	0.000338	0.000000	0.000000	0.000000
405	0.000000	0.000000	0.000000	0.043908	0.955749	0.000343	0.000000	0.000000	0.000000
406	0.000000	0.000000	0.000000	0.043709	0.955940	0.000351	0.000000	0.000000	0.000000
407	0.000000	0.000000	0.000000	0.043731	0.955907	0.000362	0.000000	0.000000	0.000000
408	0.000000	0.000000	0.000000	0.043653	0.955950	0.000397	0.000000	0.000000	0.000000
409	0.000000	0.000000	0.000000	0.043544	0.956061	0.000395	0.000000	0.000000	0.000000
410	0.000000	0.000000	0.000000	0.043556	0.956078	0.000366	0.000000	0.000000	0.000000
411	0.000000	0.000000	0.000000	0.043481	0.956144	0.000375	0.000000	0.000000	0.000000
412	0.000000	0.000000	0.000000	0.043444	0.956192	0.000364	0.000000	0.000000	0.000000
413	0.000000	0.000000	0.000000	0.043492	0.956146	0.000362	0.000000	0.000000	0.000000
414	0.000000	0.000000	0.000000	0.043517	0.956102	0.000381	0.000000	0.000000	0.000000
415	0.000000	0.000000	0.000000	0.043583	0.956063	0.000354	0.000000	0.000000	0.000000
416	0.000000	0.000000	0.000000	0.043274	0.956343	0.000383	0.000000	0.000000	0.000000
417	0.000000	0.000000	0.000000	0.043343	0.956269	0.000388	0.000000	0.000000	0.000000
418	0.000000	0.000000	0.000000	0.043429	0.956190	0.000381	0.000000	0.000000	0.000000
419	0.000000	0.000000	0.000000	0.043505	0.956071	0.000424	0.000000	0.000000	0.000000
420	0.000000	0.000000	0.000000	0.043589	0.955990	0.000421	0.000000	0.000000	0.000000
421	0.000000	0.000000	0.000000	0.043643	0.955941	0.000416	0.000000	0.000000	0.000000
422	0.000000	0.000000	0.000000	0.043698	0.955922	0.000380	0.000000	0.000000	0.000000
423	0.000000	0.000000	0.000000	0.043740	0.955875	0.000385	0.000000	0.000000	0.000000
424	0.000000	0.000000	0.000000	0.043833	0.955769	0.000398	0.000000	0.000000	0.000000
425	0.000000	0.000000	0.000000	0.044186	0.955407	0.000407	0.000000	0.000000	0.000000
426	0.000000	0.000000	0.000000	0.044167	0.955450	0.000383	0.000000	0.000000	0.000000
427	0.000000	0.000000	0.000000	0.044314	0.955273	0.000413	0.000000	0.000000	0.000000
428	0.000000	0.000000	0.000000	0.044228	0.955388	0.000384	0.000000	0.000000	0.000000
429	0.000000	0.000000	0.000000	0.044376	0.955264	0.000360	0.000000	0.000000	0.000000
430	0.000000	0.000000	0.000000	0.044392	0.955251	0.000357	0.000000	0.000000	0.000000
431	0.000000	0.000000	0.000000	0.044383	0.955262	0.000355	0.000000	0.000000	0.000000
432	0.000000	0.000000	0.000000	0.044337	0.955309	0.000354	0.000000	0.000000	0.000000
433	0.000000	0.000000	0.000000	0.044452	0.955178	0.000370	0.000000	0.000000	0.000000
434	0.000000	0.000000	0.000000	0.044376	0.955250	0.000374	0.000000	0.000000	0.000000
435	0.000000	0.000000	0.000000	0.044651	0.954991	0.000358	0.000000	0.000000	0.000000
436	0.000000	0.000000	0.000000	0.044770	0.954881	0.000349	0.000000	0.000000	0.000000
437	0.000000	0.000000	0.000000	0.044738	0.954911	0.000351	0.000000	0.000000	0.000000
438	0.000000	0.000000	0.000000	0.044661	0.954991	0.000348	0.000000	0.000000	0.000000
439	0.000000	0.000000	0.000000	0.044734	0.954900	0.000366	0.000000	0.000000	0.000000
440	0.000000	0.000000	0.000000	0.044564	0.955088	0.000348	0.000000	0.000000	0.000000
441	0.000000	0.000000	0.000000	0.044639	0.955009	0.000352	0.000000	0.000000	0.000000
442	0.000000	0.000000	0.000000	0.044573	0.955073	0.000354	0.000000	0.000000	0.000000
443	0.000000	0.000000	0.000000	0.044475	0.955169	0.000356	0.000000	0.000000	0.000000
444	0.000000	0.000000	0.000000	0.044506	0.955136	0.000358	0.000000	0.000000	0.000000
445	0.000000	0.000000	0.000000	0.044341	0.955305	0.000354	0.000000	0.000000	0.000000
446	0.000000	0.000000	0.000000	0.044288	0.955358	0.000354	0.000000	0.000000	0.000000
447	0.000000	0.000000	0.000000	0.044384	0.955279	0.000337	0.000000	0.000000	0.000000
448	0.000000	0.000000	0.000000	0.044587	0.955082	0.000331	0.000000	0.000000	0.000000
449	0.000000	0.000000	0.000000	0.044672	0.954981	0.000347	0.000000	0.000000	0.000000
450	0.000000	0.000000	0.000000	0.044678	0.954979	0.000343	0.000000	0.000000	0.000000
451	0.000000	0.000000	0.000000	0.044736	0.954920	0.000344	0.000000	0.000000	0.000000
452	0.000000	0.000000	0.000000	0.044591	0.955086	0.000323	0.000000	0.000000	0.000000
453	0.000000	0.000000	0.000000	0.044778	0.954878	0.000344	0.000000	0.000000	0.000000
454	0.000000	0.000000	0.000000	0.044716	0.954941	0.000343	0.000000	0.000000	0.000000
455	0.000000	0.000000	0.000000	0.044813	0.954818	0.000369	0.000000	0.000000	0.000000
456	0.000000	0.000000	0.000000	0.044972	0.954657	0.000371	0.000000	0.000000	0.000000
457	0.000000	0.000000	0.000000	0.045019	0.954598	0.000383	0.000000	0.000000	0.000000
458	0.000000	0.000000	0.000000	0.044933	0.954704	0.000363	0.000000	0.000000	0.000000
459	0.000000	0.000000	0.000000	0.044898	0.954724	0.000378	0.000000	0.000000	0.000000
460	0.000000	0.000000	0.000000	0.044772	0.954849	0.000379	0.000000	0.000000	0.000000
461	0.000000	0.000000	0.000000	0.044694	0.954927	0.000379	0.000000	0.000000	0.000000
462	0.000000	0.000000	0.000000	0.044538	0.955082	0.000380	0.000000	0.000000	0.000000
463	0.000000	0.000000	0.000000	0.044651	0.954955	0.000394	0.000000	0.000000	0.000000
464	0.000000	0.000000	0.000000	0.044631	0.954991	0.000378	0.000000	0.000000	0.000000
465	0.000000	0.000000	0.000000	0.044817	0.954810	0.000373	0.000000	0.000000	0.000000
466	0.000000	0.000000	0.000000	0.044868	0.954739	0.000393	0.000000	0.000000	0.000000
467	0.000000	0.000000	0.000000	0.044588	0.955003	0.000409	0.000000	0.000000	0.000000
468	0.000000	0.000000	0.000000	0.044600	0.954990	0.000410	0.000000	0.000000	0.000000
469	0.000000	0.000000	0.000000	0.044700	0.954898	0.000402	0.000000	0.000000	0.000000
470	0.000000	0.000000	0.000000	0.044585	0.955020	0.000395	0.000000	0.000000	0.000000
