0	0.112313	0.112705	0.112246	0.112163	0.099932	0.112777	0.112658	0.112742	0.112464
0	0.112313	0.112705	0.112246	0.112163	0.099932	0.112777	0.112658	0.112742	0.112464
1	0.113721	0.114278	0.114341	0.115359	0.103164	0.115621	0.107599	0.108026	0.107891
2	0.115618	0.114221	0.112413	0.119585	0.107247	0.116285	0.105921	0.104733	0.103977
3	0.117722	0.112692	0.108305	0.125018	0.112179	0.115433	0.105593	0.101145	0.101913
4	0.119926	0.110399	0.103785	0.130911	0.117009	0.113979	0.105697	0.098196	0.100098
5	0.122271	0.108272	0.098897	0.136390	0.121910	0.112786	0.106679	0.094790	0.098005
6	0.124451	0.105708	0.094053	0.142124	0.126730	0.111448	0.106958	0.092197	0.096331
7	0.126835	0.103134	0.089809	0.148273	0.132069	0.109462	0.107220	0.089288	0.093910
8	0.128596	0.100824	0.085733	0.154164	0.137163	0.107497	0.107861	0.086072	0.092090
9	0.130460	0.098276	0.081419	0.160205	0.142255	0.105700	0.108141	0.083240	0.090304
10	0.132824	0.095753	0.077231	0.166326	0.147778	0.103603	0.107969	0.079593	0.088923
11	0.134560	0.092956	0.073911	0.171774	0.153440	0.101368	0.107948	0.076658	0.087385
12	0.136697	0.090523	0.070259	0.177087	0.158891	0.099020	0.107747	0.074190	0.085586
13	0.138657	0.088260	0.066889	0.182720	0.164459	0.096804	0.107378	0.070851	0.083982
14	0.140352	0.085571	0.063878	0.188328	0.169495	0.094716	0.107099	0.067943	0.082618
15	0.142367	0.082826	0.060960	0.194211	0.174570	0.092529	0.106419	0.064968	0.081150
16	0.144714	0.080316	0.058078	0.199574	0.179801	0.090474	0.105683	0.061859	0.079501
17	0.146719	0.077889	0.055295	0.204738	0.185067	0.088493	0.104823	0.058951	0.078025
18	0.148154	0.075633	0.052623	0.210183	0.190074	0.086060	0.104467	0.056006	0.076800
19	0.150076	0.073410	0.050339	0.215522	0.194459	0.083850	0.103687	0.053284	0.075373
20	0.152056	0.070921	0.048053	0.220554	0.199320	0.081978	0.102774	0.050595	0.073749
21	0.154233	0.068172	0.045945	0.225672	0.204297	0.079804	0.101665	0.048189	0.072023
22	0.156263	0.065767	0.043657	0.230609	0.209546	0.077455	0.100160	0.045766	0.070777
23	0.157750	0.063845	0.041716	0.235564	0.214069	0.075469	0.098964	0.043330	0.069293
24	0.159326	0.061480	0.039767	0.240773	0.218639	0.073586	0.097457	0.041067	0.067905
25	0.160975	0.059515	0.037942	0.246019	0.222397	0.071372	0.096335	0.038521	0.066924
26	0.162813	0.057480	0.036318	0.250730	0.226489	0.068915	0.094861	0.036659	0.065735
27	0.164145	0.055478	0.034805	0.255489	0.230570	0.066737	0.093671	0.034578	0.064527
28	0.165995	0.053493	0.033291	0.260271	0.234347	0.064844	0.092342	0.032750	0.062667
29	0.167666	0.051730	0.031857	0.265166	0.237789	0.062759	0.090834	0.030960	0.061239
30	0.169079	0.049879	0.030209	0.269269	0.241282	0.061408	0.089532	0.029421	0.059921
31	0.170458	0.048120	0.028816	0.274095	0.244877	0.059353	0.087974	0.027775	0.058532
32	0.171495	0.046243	0.027455	0.279078	0.248263	0.057561	0.086261	0.026187	0.057457
33	0.173527	0.044784	0.026230	0.283070	0.251871	0.055534	0.084416	0.024370	0.056198
34	0.174837	0.043192	0.025106	0.287689	0.255027	0.053841	0.082622	0.022782	0.054904
35	0.176267	0.041575	0.024074	0.291865	0.257633	0.052152	0.081294	0.021573	0.053567
36	0.178038	0.039904	0.022957	0.296180	0.260203	0.050639	0.079445	0.020240	0.052394
37	0.179678	0.038374	0.021888	0.299787	0.263391	0.049133	0.077654	0.018868	0.051227
38	0.180973	0.037075	0.020821	0.303785	0.266067	0.047319	0.076230	0.017648	0.050082
39	0.182162	0.035520	0.020037	0.307709	0.268817	0.045697	0.074388	0.016414	0.049256
40	0.183859	0.034074	0.019175	0.311657	0.270883	0.044425	0.072572	0.015325	0.048030
41	0.184728	0.032750	0.018290	0.315753	0.273595	0.042870	0.070741	0.014362	0.046911
42	0.186030	0.031528	0.017488	0.319330	0.275624	0.041634	0.069222	0.013323	0.045821
43	0.187250	0.030383	0.016837	0.322865	0.277942	0.040251	0.067282	0.012511	0.044679
44	0.188358	0.029318	0.016175	0.326715	0.279735	0.038845	0.065575	0.011741	0.043538
45	0.189406	0.028075	0.015508	0.330389	0.281824	0.037419	0.063874	0.011011	0.042494
46	0.190410	0.027017	0.014815	0.334119	0.283618	0.036039	0.062443	0.010232	0.041307
47	0.191829	0.026125	0.014149	0.337456	0.284883	0.034904	0.060910	0.009537	0.040207
48	0.193146	0.024891	0.013489	0.340697	0.286527	0.033644	0.059623	0.008812	0.039171
49	0.194295	0.024051	0.012846	0.343934	0.288341	0.032477	0.057810	0.008113	0.038133
50	0.195365	0.023183	0.012434	0.347443	0.289519	0.031316	0.055798	0.007585	0.037357
51	0.196316	0.022247	0.011955	0.350510	0.290846	0.030376	0.054310	0.007003	0.036437
52	0.197429	0.021398	0.011401	0.354039	0.291761	0.029364	0.052683	0.006477	0.035448
53	0.198569	0.020550	0.010878	0.356515	0.293403	0.028254	0.051122	0.006039	0.034670
54	0.199623	0.019711	0.010479	0.360061	0.293787	0.027383	0.049617	0.005550	0.033789
55	0.200864	0.018925	0.010141	0.362439	0.294993	0.026349	0.048261	0.005210	0.032818
56	0.201851	0.018164	0.009712	0.365564	0.295758	0.025324	0.046946	0.004788	0.031893
57	0.202767	0.017489	0.009321	0.368166	0.296561	0.024421	0.045833	0.004444	0.030998
58	0.203457	0.016720	0.008896	0.371240	0.297462	0.023519	0.044427	0.004162	0.030117
59	0.204638	0.016070	0.008488	0.374433	0.297659	0.022725	0.042831	0.003841	0.029315
60	0.206235	0.015530	0.008095	0.376852	0.297600	0.022091	0.041502	0.003608	0.028487
61	0.207191	0.014781	0.007785	0.379831	0.298129	0.021312	0.040115	0.003293	0.027563
62	0.208033	0.014202	0.007461	0.382629	0.298378	0.020477	0.038903	0.003030	0.026887
63	0.209091	0.013654	0.007121	0.385062	0.298717	0.019674	0.037607	0.002821	0.026253
64	0.210078	0.013125	0.006777	0.387418	0.299202	0.018845	0.036410	0.002586	0.025559
65	0.210877	0.012467	0.006505	0.390237	0.299268	0.018076	0.035233	0.002432	0.024905
66	0.211490	0.011965	0.006220	0.393052	0.299190	0.017251	0.034153	0.002226	0.024453
67	0.212586	0.011375	0.005990	0.395351	0.299224	0.016651	0.033100	0.002045	0.023678
68	0.213453	0.010918	0.005775	0.397820	0.299253	0.016013	0.031787	0.001910	0.023071
69	0.214200	0.010551	0.005535	0.399849	0.299501	0.015478	0.030685	0.001756	0.022445
70	0.214983	0.010106	0.005350	0.402463	0.299099	0.014922	0.029582	0.001639	0.021856
71	0.215576	0.009773	0.005120	0.404505	0.299109	0.014468	0.028709	0.001547	0.021193
72	0.216548	0.009328	0.004904	0.406728	0.298757	0.014009	0.027650	0.001439	0.020637
73	0.217707	0.008926	0.004754	0.408263	0.298612	0.013453	0.026817	0.001305	0.020163
74	0.218691	0.008573	0.004575	0.410269	0.298235	0.012960	0.025904	0.001208	0.019585
75	0.219505	0.008205	0.004348	0.412485	0.297689	0.012528	0.025123	0.001106	0.019011
76	0.220058	0.007833	0.004177	0.415024	0.297118	0.012030	0.024277	0.000995	0.018488
77	0.220835	0.007452	0.004015	0.417465	0.296652	0.011607	0.023167	0.000889	0.017918
78	0.221680	0.007229	0.003871	0.419146	0.296071	0.011307	0.022333	0.000857	0.017506
79	0.222502	0.006893	0.003653	0.421136	0.295618	0.010886	0.021409	0.000783	0.017120
80	0.223553	0.006595	0.003511	0.423103	0.294495	0.010503	0.020760	0.000749	0.016731
81	0.224336	0.006372	0.003388	0.424825	0.294138	0.010125	0.019885	0.000691	0.016240
82	0.225414	0.006046	0.003205	0.426797	0.293159	0.009765	0.019204	0.000619	0.015791
83	0.226265	0.005753	0.003070	0.428271	0.292891	0.009363	0.018493	0.000546	0.015348
84	0.227259	0.005526	0.002908	0.430135	0.292061	0.008836	0.017938	0.000500	0.014837
85	0.227746	0.005327	0.002850	0.432184	0.291040	0.008619	0.017239	0.000455	0.014540
86	0.228840	0.005111	0.002768	0.433915	0.290014	0.008300	0.016556	0.000425	0.014071
87	0.229692	0.004871	0.002625	0.435583	0.289227	0.007955	0.015968	0.000378	0.013701
88	0.230544	0.004758	0.002481	0.437322	0.288164	0.007647	0.015397	0.000337	0.013350
89	0.231646	0.004635	0.002387	0.438834	0.286939	0.007367	0.014825	0.000332	0.013035
90	0.233137	0.004477	0.002290	0.440248	0.285586	0.007064	0.014288	0.000312	0.012598
91	0.233741	0.004347	0.002226	0.441759	0.284689	0.006814	0.013833	0.000275	0.012316
92	0.234424	0.004163	0.002118	0.443360	0.283762	0.006572	0.013388	0.000248	0.011965
93	0.235872	0.003986	0.002036	0.444660	0.282516	0.006315	0.012758	0.000237	0.011620
94	0.236988	0.003846	0.001972	0.446044	0.281194	0.006135	0.012282	0.000227	0.011312
95	0.237611	0.003736	0.001901	0.447395	0.280487	0.005898	0.011812	0.000193	0.010967
96	0.238056	0.003497	0.001863	0.448877	0.279799	0.005632	0.011460	0.000180	0.010636
97	0.239032	0.003394	0.001776	0.450237	0.278506	0.005413	0.011104	0.000185	0.010353
98	0.240011	0.003256	0.001701	0.451607	0.277373	0.005235	0.010546	0.000191	0.010080
99	0.240825	0.003144	0.001623	0.453045	0.276170	0.005076	0.010166	0.000154	0.009797
0	0.099185	0.100141	0.099713	0.100157	0.200368	0.100010	0.100465	0.100042	0.099919
0	0.099185	0.100141	0.099713	0.100157	0.200368	0.100010	0.100465	0.100042	0.099919
1	0.100255	0.101118	0.100586	0.103766	0.207492	0.103258	0.094742	0.094531	0.094252
2	0.101345	0.099955	0.097984	0.108214	0.215748	0.104790	0.091791	0.089973	0.090200
3	0.102210	0.097804	0.093721	0.113251	0.224472	0.104331	0.090701	0.086357	0.087153
4	0.102980	0.094721	0.089294	0.118492	0.233673	0.104025	0.090043	0.082404	0.084368
5	0.103855	0.091025	0.084500	0.124552	0.242968	0.102836	0.089657	0.078727	0.081880
6	0.104890	0.087843	0.079868	0.129594	0.252621	0.101578	0.089093	0.075106	0.079407
7	0.105491	0.084802	0.075775	0.134597	0.261997	0.099801	0.088791	0.071455	0.077291
8	0.106313	0.081366	0.071827	0.140379	0.271310	0.098073	0.087815	0.067924	0.074993
9	0.106685	0.077955	0.067730	0.146049	0.280848	0.096538	0.087035	0.064324	0.072836
10	0.107627	0.074669	0.063866	0.151406	0.289957	0.094906	0.085901	0.060895	0.070773
11	0.108503	0.071659	0.060260	0.156298	0.299008	0.093067	0.084841	0.057679	0.068685
12	0.108828	0.068508	0.057024	0.161122	0.308402	0.090773	0.084178	0.054410	0.066755
13	0.108835	0.065444	0.054016	0.166033	0.316991	0.089140	0.083070	0.051503	0.064968
14	0.109571	0.062578	0.050778	0.170810	0.325546	0.087377	0.081645	0.048509	0.063186
15	0.110100	0.059890	0.048089	0.176050	0.334148	0.085223	0.079922	0.045262	0.061316
16	0.110269	0.057054	0.045605	0.181319	0.342049	0.083026	0.078619	0.042300	0.059759
17	0.110272	0.054101	0.043123	0.186754	0.349653	0.081148	0.077234	0.039524	0.058191
18	0.110757	0.051606	0.040725	0.191147	0.356992	0.079713	0.075656	0.036875	0.056529
19	0.111007	0.049174	0.038467	0.195836	0.364030	0.077618	0.074441	0.034516	0.054911
20	0.110761	0.046789	0.036626	0.200681	0.370596	0.075826	0.072884	0.032368	0.053469
21	0.110810	0.044471	0.034555	0.205788	0.377109	0.073713	0.071232	0.030161	0.052161
22	0.110901	0.042325	0.032363	0.210849	0.383206	0.071587	0.070009	0.028149	0.050611
23	0.111104	0.040093	0.030747	0.215575	0.389245	0.069824	0.068270	0.025987	0.049155
24	0.111090	0.038041	0.029015	0.219914	0.395273	0.067868	0.066642	0.024302	0.047855
25	0.111001	0.036413	0.027153	0.224050	0.401223	0.066245	0.064870	0.022556	0.046489
26	0.111173	0.034448	0.025558	0.228703	0.406428	0.064557	0.063221	0.020871	0.045041
27	0.110983	0.032842	0.024142	0.233618	0.411031	0.062658	0.061575	0.019414	0.043737
28	0.111031	0.031121	0.022928	0.238070	0.415660	0.060851	0.059886	0.017957	0.042496
29	0.111147	0.029513	0.021698	0.242234	0.420588	0.059008	0.058095	0.016683	0.041034
30	0.111035	0.028179	0.020550	0.246411	0.424900	0.057071	0.056501	0.015462	0.039891
31	0.111064	0.026850	0.019161	0.250533	0.428697	0.055591	0.054937	0.014303	0.038864
32	0.111069	0.025301	0.018053	0.254952	0.432537	0.053939	0.053258	0.013406	0.037485
33	0.110569	0.023769	0.016977	0.259394	0.436381	0.052477	0.051771	0.012450	0.036212
34	0.110502	0.022512	0.016051	0.264129	0.438929	0.051030	0.050240	0.011475	0.035132
35	0.110510	0.021401	0.015079	0.268462	0.442252	0.049368	0.048491	0.010542	0.033895
36	0.110562	0.020133	0.014275	0.272625	0.445076	0.047829	0.046921	0.009708	0.032871
37	0.110409	0.019060	0.013385	0.276564	0.447874	0.046149	0.045647	0.009059	0.031853
38	0.109980	0.018062	0.012623	0.280826	0.450368	0.044791	0.044029	0.008407	0.030914
39	0.109839	0.016955	0.011878	0.284618	0.452878	0.043545	0.042463	0.007781	0.030043
40	0.109616	0.016066	0.011351	0.288293	0.455361	0.041963	0.041026	0.007184	0.029140
41	0.109665	0.015162	0.010688	0.292086	0.456814	0.040977	0.039772	0.006597	0.028239
42	0.109374	0.014360	0.010159	0.295928	0.458669	0.039598	0.038304	0.006093	0.027515
43	0.109048	0.013590	0.009595	0.299595	0.460487	0.038344	0.037012	0.005607	0.026722
44	0.108952	0.012936	0.008925	0.303532	0.461601	0.037384	0.035803	0.005100	0.025767
45	0.108511	0.012310	0.008467	0.307899	0.462571	0.036301	0.034426	0.004622	0.024893
46	0.108470	0.011734	0.007975	0.311187	0.464256	0.035081	0.032856	0.004303	0.024138
47	0.108210	0.011085	0.007591	0.314998	0.464876	0.034176	0.031673	0.004042	0.023349
48	0.107676	0.010436	0.007243	0.319198	0.465387	0.033267	0.030310	0.003658	0.022825
49	0.107369	0.009769	0.006725	0.322953	0.465865	0.032505	0.029484	0.003384	0.021946
50	0.107120	0.009143	0.006392	0.326895	0.466356	0.031452	0.028353	0.003168	0.021121
51	0.106959	0.008654	0.006064	0.330621	0.466657	0.030250	0.027424	0.002906	0.020465
52	0.106427	0.008212	0.005756	0.334698	0.466807	0.029374	0.026386	0.002561	0.019779
53	0.106172	0.007811	0.005482	0.338198	0.467113	0.028333	0.025538	0.002319	0.019034
54	0.106207	0.007373	0.005165	0.342207	0.466668	0.027402	0.024372	0.002199	0.018407
55	0.105908	0.006987	0.004872	0.346138	0.466480	0.026457	0.023375	0.002015	0.017768
56	0.105668	0.006592	0.004646	0.349528	0.466273	0.025779	0.022508	0.001828	0.017178
57	0.105459	0.006283	0.004393	0.352864	0.466032	0.024832	0.021718	0.001735	0.016684
58	0.105037	0.005949	0.004228	0.356188	0.465932	0.024216	0.020748	0.001579	0.016123
59	0.104721	0.005639	0.003939	0.359768	0.465320	0.023555	0.019968	0.001493	0.015597
60	0.104509	0.005298	0.003775	0.363017	0.464985	0.022774	0.019256	0.001339	0.015047
61	0.104211	0.004995	0.003559	0.366706	0.464411	0.021900	0.018539	0.001248	0.014431
62	0.104020	0.004829	0.003322	0.370265	0.463576	0.021180	0.017717	0.001136	0.013955
63	0.103566	0.004669	0.003118	0.373909	0.462621	0.020462	0.017099	0.001056	0.013500
64	0.103254	0.004418	0.002978	0.377499	0.461750	0.019816	0.016359	0.000939	0.012987
65	0.103012	0.004125	0.002838	0.380884	0.460934	0.019185	0.015628	0.000870	0.012524
66	0.102885	0.003927	0.002656	0.384099	0.459965	0.018527	0.014961	0.000769	0.012211
67	0.102509	0.003656	0.002518	0.387419	0.458987	0.017929	0.014413	0.000695	0.011874
68	0.102394	0.003432	0.002372	0.391145	0.457422	0.017170	0.013948	0.000640	0.011477
69	0.102173	0.003253	0.002237	0.394609	0.456085	0.016577	0.013389	0.000600	0.011077
70	0.102016	0.003075	0.002163	0.398163	0.454599	0.015937	0.012727	0.000550	0.010770
71	0.101764	0.002912	0.002054	0.401488	0.453207	0.015523	0.012099	0.000530	0.010423
72	0.102159	0.002751	0.001954	0.404913	0.451032	0.015050	0.011638	0.000461	0.010042
73	0.101938	0.002621	0.001864	0.408504	0.449264	0.014509	0.011122	0.000440	0.009738
74	0.101750	0.002489	0.001772	0.412402	0.446900	0.014056	0.010796	0.000410	0.009425
75	0.101529	0.002345	0.001700	0.415640	0.445457	0.013508	0.010283	0.000385	0.009153
76	0.101055	0.002184	0.001634	0.418997	0.444043	0.013029	0.009892	0.000323	0.008843
77	0.100979	0.002053	0.001572	0.422051	0.442291	0.012714	0.009387	0.000291	0.008662
78	0.101128	0.001977	0.001444	0.425051	0.440383	0.012307	0.008968	0.000265	0.008477
79	0.101114	0.001829	0.001450	0.428569	0.438126	0.011808	0.008603	0.000257	0.008244
80	0.101324	0.001750	0.001367	0.431542	0.436203	0.011341	0.008257	0.000234	0.007982
81	0.101306	0.001646	0.001339	0.434611	0.434347	0.010962	0.007832	0.000200	0.007757
82	0.101186	0.001561	0.001292	0.438389	0.431868	0.010512	0.007522	0.000180	0.007490
83	0.101122	0.001453	0.001263	0.441235	0.430115	0.010281	0.007138	0.000169	0.007224
84	0.100815	0.001443	0.001254	0.443902	0.428678	0.009950	0.006811	0.000148	0.006999
85	0.100892	0.001370	0.001193	0.447032	0.426480	0.009638	0.006502	0.000131	0.006762
86	0.100894	0.001334	0.001169	0.450707	0.423770	0.009314	0.006124	0.000110	0.006578
87	0.100773	0.001291	0.001109	0.452920	0.422569	0.008978	0.005890	0.000097	0.006373
88	0.100529	0.001205	0.001050	0.456887	0.419700	0.008755	0.005617	0.000083	0.006174
89	0.100675	0.001113	0.001003	0.459739	0.417532	0.008430	0.005438	0.000080	0.005990
90	0.100768	0.001079	0.000989	0.462709	0.415443	0.008061	0.005159	0.000077	0.005715
91	0.100836	0.001019	0.000947	0.465896	0.412918	0.007781	0.004948	0.000071	0.005584
92	0.100998	0.000941	0.000922	0.468575	0.410637	0.007602	0.004818	0.000060	0.005447
93	0.101130	0.000908	0.000865	0.471878	0.407957	0.007336	0.004608	0.000065	0.005253
94	0.100809	0.000888	0.000835	0.475306	0.405527	0.007056	0.004361	0.000064	0.005154
95	0.100783	0.000836	0.000781	0.478275	0.403153	0.006837	0.004231	0.000049	0.005055
96	0.100699	0.000794	0.000743	0.481050	0.401120	0.006624	0.004031	0.000060	0.004879
97	0.100947	0.000753	0.000735	0.483863	0.398679	0.006376	0.003895	0.000059	0.004693
98	0.100967	0.000706	0.000736	0.486711	0.396347	0.006231	0.003659	0.000050	0.004593
99	0.101006	0.000667	0.000718	0.490143	0.393482	0.006056	0.003454	0.000055	0.004419
0	0.087310	0.087769	0.087682	0.087193	0.300165	0.087571	0.087699	0.087464	0.087147
0	0.087310	0.087769	0.087682	0.087193	0.300165	0.087571	0.087699	0.087464	0.087147
1	0.086884	0.087433	0.087641	0.090717	0.311922	0.090764	0.081821	0.081773	0.081045
2	0.086941	0.085590	0.084701	0.094988	0.324269	0.091782	0.078312	0.076406	0.077011
3	0.086883	0.082869	0.080396	0.099396	0.337460	0.091618	0.076327	0.071753	0.073298
4	0.086727	0.079437	0.076101	0.103979	0.350532	0.091062	0.074802	0.067436	0.069924
5	0.086708	0.075925	0.071359	0.108846	0.362862	0.090316	0.073603	0.063380	0.067001
6	0.086854	0.072318	0.066781	0.113676	0.375298	0.088981	0.071961	0.059680	0.064451
7	0.086596	0.068948	0.062039	0.118175	0.387922	0.087700	0.070522	0.055930	0.062168
8	0.086495	0.065604	0.058225	0.123002	0.399642	0.086323	0.069350	0.052046	0.059313
9	0.086143	0.061931	0.054274	0.127476	0.411412	0.085005	0.068011	0.048601	0.057147
10	0.085731	0.058552	0.050439	0.132301	0.423091	0.083570	0.066105	0.045338	0.054873
11	0.084807	0.055038	0.046838	0.136976	0.434696	0.081822	0.064607	0.042066	0.053150
12	0.084546	0.051981	0.043848	0.141226	0.444886	0.080389	0.063190	0.039079	0.050855
13	0.084048	0.049078	0.041030	0.145868	0.454232	0.079053	0.061387	0.036385	0.048919
14	0.083433	0.046088	0.038443	0.150214	0.463789	0.077589	0.059288	0.033838	0.047318
15	0.083047	0.043483	0.036024	0.154427	0.472866	0.075923	0.057589	0.031186	0.045455
16	0.082494	0.040816	0.033560	0.158969	0.481063	0.074469	0.055984	0.028806	0.043839
17	0.081870	0.038207	0.031258	0.163230	0.489326	0.072917	0.054449	0.026452	0.042291
18	0.081257	0.036108	0.029116	0.167311	0.497209	0.071284	0.052617	0.024438	0.040660
19	0.080862	0.033898	0.027266	0.171277	0.504612	0.069622	0.050848	0.022518	0.039097
20	0.080218	0.031801	0.025464	0.175441	0.511533	0.067784	0.049219	0.020812	0.037728
21	0.079502	0.029788	0.023787	0.180037	0.517919	0.066124	0.047319	0.019135	0.036389
22	0.078926	0.027720	0.022338	0.184108	0.524250	0.064740	0.045760	0.017359	0.034799
23	0.078064	0.025839	0.020727	0.188181	0.530089	0.062858	0.044403	0.015912	0.033927
24	0.077326	0.024177	0.019252	0.192074	0.535633	0.061408	0.042735	0.014772	0.032623
25	0.076912	0.022445	0.017934	0.196337	0.540386	0.059631	0.041508	0.013432	0.031415
26	0.075976	0.021122	0.016571	0.200330	0.545241	0.057936	0.040061	0.012349	0.030414
27	0.074632	0.019828	0.015543	0.204782	0.549843	0.056506	0.038286	0.011315	0.029265
28	0.073946	0.018384	0.014666	0.208861	0.554275	0.054841	0.036783	0.010277	0.027967
29	0.073156	0.017179	0.013640	0.212363	0.558492	0.053511	0.035294	0.009427	0.026938
30	0.072568	0.015964	0.012752	0.216660	0.561313	0.052204	0.033952	0.008666	0.025921
31	0.071779	0.014861	0.011916	0.220609	0.564337	0.050852	0.032596	0.007915	0.025135
32	0.070877	0.013930	0.011311	0.224629	0.567147	0.049311	0.031255	0.007243	0.024297
33	0.070148	0.013094	0.010452	0.228458	0.569648	0.047849	0.030071	0.006681	0.023599
34	0.069255	0.012201	0.009882	0.232281	0.572187	0.046743	0.028806	0.006092	0.022553
35	0.068436	0.011291	0.009207	0.235935	0.574831	0.045374	0.027585	0.005503	0.021838
36	0.067419	0.010613	0.008566	0.239488	0.577491	0.043862	0.026534	0.005104	0.020923
37	0.066869	0.009811	0.008058	0.243875	0.578293	0.042994	0.025306	0.004650	0.020144
38	0.066265	0.008981	0.007601	0.247508	0.580159	0.041682	0.024194	0.004260	0.019350
39	0.065541	0.008440	0.007185	0.251189	0.581258	0.040523	0.023299	0.003882	0.018683
40	0.064770	0.007888	0.006743	0.255021	0.582631	0.039266	0.022278	0.003486	0.017917
41	0.063997	0.007355	0.006378	0.259047	0.583231	0.038207	0.021358	0.003195	0.017232
42	0.063245	0.006892	0.005894	0.262940	0.583891	0.037147	0.020534	0.002906	0.016551
43	0.062742	0.006330	0.005476	0.266419	0.584822	0.036052	0.019578	0.002620	0.015961
44	0.061965	0.005899	0.005104	0.269944	0.585521	0.035198	0.018706	0.002327	0.015336
45	0.061305	0.005526	0.004803	0.274045	0.585380	0.034204	0.017869	0.002158	0.014710
46	0.060404	0.005175	0.004499	0.278438	0.584980	0.033003	0.017256	0.001935	0.014310
47	0.059943	0.004933	0.004225	0.282004	0.584836	0.032141	0.016328	0.001743	0.013847
48	0.059407	0.004641	0.003978	0.285671	0.584717	0.031100	0.015635	0.001572	0.013279
49	0.058923	0.004339	0.003756	0.289433	0.584501	0.030039	0.014834	0.001437	0.012738
50	0.058256	0.004044	0.003535	0.293274	0.584036	0.029063	0.014199	0.001305	0.012288
51	0.057663	0.003858	0.003370	0.297371	0.582976	0.028255	0.013505	0.001182	0.011820
52	0.057048	0.003613	0.003223	0.300366	0.582810	0.027546	0.012951	0.001089	0.011354
53	0.056396	0.003397	0.003034	0.304014	0.582282	0.026505	0.012447	0.000989	0.010936
54	0.055699	0.003116	0.002781	0.307608	0.581790	0.025809	0.011816	0.000886	0.010495
55	0.055224	0.002901	0.002640	0.311290	0.580616	0.025151	0.011297	0.000808	0.010073
56	0.054586	0.002709	0.002456	0.315017	0.579657	0.024348	0.010864	0.000732	0.009631
57	0.054202	0.002538	0.002300	0.319225	0.577668	0.023648	0.010313	0.000695	0.009411
58	0.053879	0.002319	0.002149	0.322581	0.576712	0.022933	0.009706	0.000654	0.009067
59	0.053319	0.002200	0.002036	0.326104	0.575384	0.022258	0.009356	0.000585	0.008758
60	0.052730	0.002071	0.001964	0.329673	0.574116	0.021540	0.008974	0.000528	0.008404
61	0.052351	0.001970	0.001895	0.333493	0.572372	0.020898	0.008514	0.000468	0.008039
62	0.052178	0.001858	0.001796	0.336995	0.570504	0.020412	0.008110	0.000437	0.007710
63	0.051303	0.001697	0.001737	0.340587	0.569491	0.019760	0.007620	0.000393	0.007412
64	0.051157	0.001544	0.001621	0.344426	0.567344	0.019085	0.007272	0.000386	0.007165
65	0.050811	0.001472	0.001525	0.348382	0.565105	0.018482	0.006963	0.000333	0.006927
66	0.050362	0.001340	0.001390	0.352524	0.562831	0.017875	0.006717	0.000302	0.006659
67	0.049947	0.001274	0.001365	0.355932	0.561019	0.017294	0.006453	0.000301	0.006415
68	0.049284	0.001215	0.001327	0.359585	0.559168	0.016865	0.006146	0.000252	0.006158
69	0.048656	0.001172	0.001238	0.363331	0.557185	0.016370	0.005924	0.000243	0.005881
70	0.048346	0.001108	0.001200	0.366909	0.555177	0.015847	0.005602	0.000218	0.005593
71	0.047972	0.001043	0.001114	0.370667	0.552891	0.015433	0.005309	0.000198	0.005373
72	0.047441	0.001000	0.001044	0.374615	0.550613	0.014921	0.005021	0.000189	0.005156
73	0.046828	0.000950	0.000996	0.378634	0.548152	0.014423	0.004830	0.000152	0.005035
74	0.046844	0.000876	0.000953	0.382258	0.545475	0.013992	0.004607	0.000126	0.004869
75	0.046568	0.000801	0.000911	0.385319	0.543629	0.013612	0.004365	0.000107	0.004688
76	0.046464	0.000756	0.000854	0.389493	0.540559	0.013177	0.004114	0.000098	0.004485
77	0.046298	0.000703	0.000801	0.392924	0.538214	0.012675	0.003966	0.000094	0.004325
78	0.046131	0.000685	0.000799	0.396360	0.535571	0.012418	0.003719	0.000080	0.004237
79	0.045677	0.000626	0.000747	0.400809	0.532394	0.012041	0.003595	0.000085	0.004026
80	0.045428	0.000579	0.000714	0.404061	0.530116	0.011742	0.003380	0.000075	0.003905
81	0.045166	0.000542	0.000685	0.408017	0.527193	0.011337	0.003226	0.000063	0.003771
82	0.044862	0.000511	0.000660	0.411739	0.524329	0.011035	0.003131	0.000064	0.003669
83	0.044630	0.000477	0.000629	0.414553	0.522579	0.010591	0.003007	0.000055	0.003479
84	0.044492	0.000463	0.000607	0.418545	0.519326	0.010354	0.002800	0.000048	0.003365
85	0.044307	0.000454	0.000562	0.422272	0.516400	0.010108	0.002627	0.000040	0.003230
86	0.044093	0.000407	0.000539	0.426175	0.513443	0.009675	0.002498	0.000042	0.003128
87	0.043802	0.000384	0.000524	0.429809	0.510769	0.009302	0.002381	0.000033	0.002996
88	0.043643	0.000377	0.000503	0.433738	0.507527	0.008963	0.002335	0.000029	0.002885
89	0.043442	0.000340	0.000468	0.437458	0.504674	0.008613	0.002199	0.000024	0.002782
90	0.043161	0.000330	0.000458	0.441467	0.501473	0.008278	0.002150	0.000022	0.002661
91	0.043144	0.000318	0.000456	0.445154	0.498352	0.008036	0.001983	0.000023	0.002534
92	0.042998	0.000298	0.000445	0.448512	0.495566	0.007768	0.001915	0.000023	0.002475
93	0.042847	0.000285	0.000422	0.451935	0.492710	0.007514	0.001833	0.000018	0.002436
94	0.042763	0.000279	0.000388	0.455727	0.489473	0.007227	0.001734	0.000020	0.002389
95	0.042546	0.000265	0.000360	0.459432	0.486372	0.007083	0.001625	0.000016	0.002301
96	0.042348	0.000258	0.000348	0.463109	0.483244	0.006903	0.001560	0.000016	0.002214
97	0.042432	0.000247	0.000347	0.466635	0.480028	0.006684	0.001464	0.000011	0.002152
98	0.042318	0.000252	0.000344	0.469975	0.477037	0.006537	0.001393	0.000009	0.002135
99	0.042363	0.000215	0.000314	0.473355	0.474138	0.006281	0.001293	0.000010	0.002031
0	0.075051	0.075125	0.074772	0.074833	0.399974	0.075630	0.075178	0.074957	0.074480
0	0.075051	0.075125	0.074772	0.074833	0.399974	0.075630	0.075178	0.074957	0.074480
1	0.074265	0.074275	0.074016	0.077840	0.415660	0.078297	0.068735	0.068580	0.068332
2	0.073634	0.071782	0.070587	0.081247	0.431912	0.079220	0.064533	0.063296	0.063789
3	0.073006	0.068218	0.066570	0.085017	0.447828	0.079361	0.061713	0.058374	0.059913
4	0.072148	0.064843	0.062202	0.088721	0.463173	0.078602	0.059519	0.053991	0.056801
5	0.071245	0.060795	0.057957	0.092580	0.478646	0.077950	0.057367	0.049737	0.053723
6	0.070325	0.057152	0.053726	0.096673	0.492243	0.077387	0.055672	0.046056	0.050766
7	0.069457	0.053517	0.049631	0.100886	0.505831	0.076194	0.053828	0.042407	0.048249
8	0.068485	0.050089	0.045344	0.104552	0.519465	0.075091	0.052002	0.038979	0.045993
9	0.067472	0.046472	0.041939	0.108425	0.532191	0.073681	0.050447	0.035841	0.043532
10	0.066553	0.043086	0.038574	0.112064	0.544642	0.072324	0.048402	0.032914	0.041441
11	0.065538	0.040302	0.035711	0.115859	0.555617	0.070953	0.046523	0.030023	0.039474
12	0.064354	0.037503	0.033178	0.119615	0.565867	0.069462	0.045037	0.027424	0.037560
13	0.063263	0.034864	0.030667	0.123262	0.575545	0.068356	0.043397	0.024869	0.035777
14	0.062404	0.032325	0.028204	0.126986	0.584677	0.067025	0.041774	0.022566	0.034039
15	0.061120	0.030028	0.026192	0.130419	0.593653	0.065275	0.040314	0.020674	0.032325
16	0.060360	0.027927	0.024300	0.133849	0.601375	0.063780	0.038637	0.018954	0.030818
17	0.059404	0.026053	0.022395	0.136961	0.609399	0.062196	0.037065	0.017180	0.029347
18	0.058298	0.024159	0.020617	0.140792	0.616885	0.060821	0.035289	0.015354	0.027785
19	0.056981	0.022309	0.019050	0.143833	0.624107	0.059476	0.033862	0.013826	0.026556
20	0.055618	0.020460	0.017720	0.147641	0.630017	0.058154	0.032377	0.012583	0.025430
21	0.054371	0.018807	0.016423	0.150643	0.636610	0.056660	0.031012	0.011363	0.024111
22	0.053609	0.017530	0.015222	0.154070	0.641305	0.055335	0.029586	0.010210	0.023133
23	0.052551	0.016195	0.014064	0.157235	0.646377	0.054010	0.028312	0.009143	0.022113
24	0.051267	0.014770	0.012875	0.160352	0.651494	0.052732	0.026958	0.008364	0.021188
25	0.050481	0.013663	0.011883	0.162923	0.656245	0.051306	0.025838	0.007560	0.020101
26	0.049602	0.012514	0.010936	0.166545	0.659555	0.050211	0.024560	0.006820	0.019257
27	0.048601	0.011402	0.010049	0.169984	0.663050	0.049026	0.023443	0.006147	0.018298
28	0.047565	0.010413	0.009331	0.173173	0.666407	0.047548	0.022434	0.005581	0.017548
29	0.046621	0.009679	0.008698	0.176810	0.668667	0.046463	0.021324	0.005026	0.016712
30	0.045727	0.008790	0.008171	0.179843	0.671642	0.045219	0.020179	0.004555	0.015874
31	0.044841	0.008220	0.007529	0.183235	0.673835	0.044155	0.019151	0.004018	0.015016
32	0.044189	0.007592	0.006947	0.186430	0.675664	0.042819	0.018301	0.003663	0.014395
33	0.043417	0.006992	0.006433	0.189584	0.677461	0.041702	0.017293	0.003335	0.013783
34	0.042300	0.006410	0.005905	0.192853	0.679376	0.040634	0.016473	0.002977	0.013072
35	0.041272	0.005853	0.005365	0.196355	0.680982	0.039439	0.015613	0.002681	0.012440
36	0.040423	0.005384	0.004956	0.199424	0.682314	0.038440	0.014821	0.002415	0.011823
37	0.039697	0.004941	0.004662	0.202293	0.683566	0.037328	0.014057	0.002170	0.011286
38	0.038935	0.004521	0.004353	0.205646	0.684126	0.036457	0.013304	0.001922	0.010736
39	0.038254	0.004204	0.004039	0.208889	0.684532	0.035387	0.012706	0.001722	0.010267
40	0.037603	0.003831	0.003760	0.211893	0.684994	0.034551	0.012014	0.001529	0.009825
41	0.036776	0.003497	0.003445	0.215067	0.685637	0.033540	0.011248	0.001372	0.009418
42	0.036133	0.003257	0.003167	0.218333	0.685393	0.032656	0.010727	0.001247	0.009087
43	0.035408	0.003021	0.002882	0.221635	0.685447	0.031598	0.010145	0.001137	0.008727
44	0.034585	0.002799	0.002700	0.225256	0.684934	0.030814	0.009569	0.001048	0.008295
45	0.034034	0.002590	0.002509	0.228577	0.684487	0.029890	0.008983	0.000953	0.007977
46	0.033483	0.002441	0.002368	0.231561	0.684047	0.029116	0.008578	0.000828	0.007578
47	0.032921	0.002245	0.002253	0.235105	0.683107	0.028249	0.008076	0.000773	0.007271
48	0.032297	0.002046	0.002092	0.238778	0.681916	0.027608	0.007641	0.000692	0.006930
49	0.031633	0.001858	0.001958	0.242074	0.681118	0.026856	0.007293	0.000596	0.006614
50	0.031148	0.001691	0.001820	0.245505	0.680061	0.026037	0.006829	0.000542	0.006367
51	0.030601	0.001556	0.001714	0.248644	0.679277	0.025171	0.006505	0.000495	0.006037
52	0.030129	0.001423	0.001603	0.252110	0.677796	0.024536	0.006170	0.000443	0.005790
53	0.029599	0.001324	0.001472	0.255893	0.676080	0.023797	0.005837	0.000399	0.005599
54	0.028991	0.001254	0.001381	0.258957	0.674939	0.023250	0.005491	0.000360	0.005377
55	0.028667	0.001116	0.001287	0.262759	0.673086	0.022543	0.005201	0.000324	0.005017
56	0.028149	0.001028	0.001189	0.266150	0.671467	0.022028	0.004867	0.000295	0.004827
57	0.027540	0.000951	0.001080	0.269609	0.669866	0.021414	0.004684	0.000281	0.004575
58	0.026894	0.000917	0.000993	0.273481	0.667915	0.020750	0.004422	0.000246	0.004382
59	0.026576	0.000820	0.000959	0.276480	0.666364	0.020143	0.004242	0.000220	0.004196
60	0.026192	0.000749	0.000882	0.279812	0.664632	0.019535	0.004031	0.000199	0.003968
61	0.025572	0.000701	0.000833	0.283300	0.662748	0.019066	0.003854	0.000182	0.003744
62	0.025216	0.000668	0.000754	0.287196	0.660252	0.018529	0.003607	0.000152	0.003626
63	0.024985	0.000592	0.000717	0.290409	0.658194	0.018075	0.003416	0.000146	0.003466
64	0.024509	0.000553	0.000661	0.293941	0.656117	0.017548	0.003260	0.000114	0.003297
65	0.024075	0.000552	0.000618	0.297464	0.654032	0.016910	0.003068	0.000106	0.003175
66	0.023763	0.000499	0.000595	0.300894	0.651785	0.016360	0.002898	0.000096	0.003110
67	0.023258	0.000455	0.000575	0.304870	0.649242	0.015835	0.002729	0.000078	0.002958
68	0.023116	0.000416	0.000561	0.308353	0.646588	0.015443	0.002624	0.000079	0.002820
69	0.022740	0.000394	0.000517	0.312137	0.643981	0.014985	0.002509	0.000062	0.002675
70	0.022469	0.000365	0.000502	0.315863	0.641295	0.014609	0.002323	0.000046	0.002528
71	0.022073	0.000353	0.000482	0.319544	0.638820	0.014114	0.002170	0.000049	0.002395
72	0.021761	0.000323	0.000456	0.323102	0.636318	0.013593	0.002076	0.000044	0.002327
73	0.021431	0.000283	0.000430	0.326783	0.633619	0.013264	0.001955	0.000032	0.002203
74	0.021144	0.000257	0.000406	0.330325	0.630983	0.012871	0.001867	0.000036	0.002111
75	0.020934	0.000222	0.000366	0.334181	0.628000	0.012448	0.001769	0.000034	0.002046
76	0.020650	0.000204	0.000349	0.337812	0.625183	0.012128	0.001653	0.000035	0.001986
77	0.020386	0.000188	0.000335	0.341095	0.622867	0.011668	0.001578	0.000030	0.001853
78	0.020019	0.000189	0.000312	0.345030	0.619860	0.011293	0.001483	0.000032	0.001782
79	0.019845	0.000168	0.000302	0.348637	0.616931	0.010918	0.001439	0.000030	0.001730
80	0.019561	0.000150	0.000281	0.352012	0.614257	0.010693	0.001364	0.000027	0.001655
81	0.019391	0.000148	0.000267	0.355784	0.611114	0.010406	0.001292	0.000017	0.001581
82	0.019132	0.000160	0.000250	0.359923	0.607808	0.009986	0.001208	0.000014	0.001519
83	0.018938	0.000144	0.000243	0.363441	0.604954	0.009652	0.001158	0.000011	0.001459
84	0.018711	0.000132	0.000228	0.367011	0.602022	0.009405	0.001093	0.000010	0.001388
85	0.018816	0.000122	0.000210	0.370212	0.599051	0.009196	0.001040	0.000013	0.001340
86	0.018522	0.000112	0.000193	0.374209	0.595728	0.008943	0.000987	0.000010	0.001296
87	0.018390	0.000106	0.000178	0.377536	0.592929	0.008672	0.000928	0.000012	0.001249
88	0.018303	0.000099	0.000157	0.381407	0.589553	0.008390	0.000862	0.000016	0.001213
89	0.018235	0.000093	0.000158	0.385170	0.586127	0.008202	0.000825	0.000014	0.001176
90	0.018068	0.000088	0.000144	0.388804	0.583004	0.007954	0.000788	0.000015	0.001135
91	0.017942	0.000090	0.000140	0.392782	0.579517	0.007652	0.000756	0.000010	0.001111
92	0.017752	0.000089	0.000136	0.396307	0.576456	0.007431	0.000718	0.000007	0.001104
93	0.017605	0.000091	0.000119	0.399778	0.573484	0.007194	0.000673	0.000010	0.001046
94	0.017430	0.000087	0.000122	0.403601	0.570073	0.006981	0.000674	0.000008	0.001024
95	0.017311	0.000083	0.000113	0.406940	0.567266	0.006697	0.000594	0.000005	0.000991
96	0.017147	0.000089	0.000101	0.410738	0.563934	0.006419	0.000596	0.000005	0.000971
97	0.017043	0.000081	0.000092	0.414818	0.560329	0.006142	0.000566	0.000003	0.000926
98	0.017080	0.000077	0.000096	0.418623	0.556740	0.005954	0.000535	0.000002	0.000893
99	0.016995	0.000076	0.000085	0.422726	0.552989	0.005743	0.000518	0.000002	0.000866
0	0.062888	0.062292	0.062548	0.062336	0.499796	0.062435	0.062669	0.062604	0.062432
0	0.062888	0.062292	0.062548	0.062336	0.499796	0.062435	0.062669	0.062604	0.062432
1	0.061137	0.061244	0.061063	0.065019	0.518441	0.064802	0.056200	0.055957	0.056137
2	0.059720	0.058639	0.057942	0.067754	0.536611	0.065317	0.052113	0.050552	0.051352
3	0.058602	0.055101	0.053545	0.070770	0.553913	0.065174	0.049218	0.046126	0.047551
4	0.057053	0.051527	0.049263	0.074114	0.570309	0.064692	0.046658	0.042130	0.044254
5	0.055576	0.047938	0.045404	0.077436	0.586232	0.063874	0.044416	0.038253	0.040871
6	0.054378	0.044325	0.041491	0.080329	0.600982	0.063089	0.042325	0.034736	0.038345
7	0.052704	0.040897	0.037702	0.083166	0.616032	0.062087	0.040199	0.031414	0.035799
8	0.051130	0.037604	0.034421	0.086219	0.629536	0.060555	0.038436	0.028397	0.033702
9	0.049790	0.034648	0.031271	0.089041	0.641588	0.059482	0.036777	0.025775	0.031628
10	0.048461	0.031866	0.028627	0.091950	0.653022	0.058292	0.034889	0.023291	0.029602
11	0.047221	0.029279	0.026246	0.094766	0.663001	0.057431	0.033196	0.020988	0.027872
12	0.046143	0.026879	0.023957	0.097793	0.672576	0.056346	0.031518	0.018627	0.026161
13	0.045127	0.024637	0.021851	0.100740	0.681458	0.055126	0.029916	0.016552	0.024593
14	0.043798	0.022457	0.020123	0.103672	0.689650	0.054188	0.028390	0.014716	0.023006
15	0.042690	0.020804	0.018348	0.106196	0.697252	0.053134	0.026722	0.013322	0.021532
16	0.041452	0.019018	0.016797	0.108850	0.704448	0.051858	0.025143	0.012000	0.020434
17	0.040359	0.017524	0.015260	0.111623	0.710822	0.050727	0.023828	0.010693	0.019164
18	0.039250	0.015954	0.013956	0.114166	0.717237	0.049501	0.022330	0.009517	0.018089
19	0.038018	0.014533	0.012665	0.116904	0.722812	0.048299	0.021096	0.008535	0.017138
20	0.037037	0.013223	0.011553	0.119722	0.727581	0.047343	0.019851	0.007566	0.016124
21	0.035980	0.012026	0.010624	0.122400	0.732390	0.045995	0.018734	0.006654	0.015197
22	0.034815	0.010947	0.009796	0.124945	0.736674	0.044908	0.017769	0.005816	0.014330
23	0.033748	0.010014	0.008879	0.127388	0.740763	0.043662	0.016830	0.005209	0.013507
24	0.032774	0.009104	0.008054	0.129975	0.744094	0.042788	0.015888	0.004595	0.012728
25	0.031739	0.008248	0.007347	0.132635	0.747479	0.041590	0.014903	0.004056	0.012003
26	0.031040	0.007510	0.006710	0.135014	0.750287	0.040605	0.013951	0.003667	0.011216
27	0.030006	0.006832	0.006177	0.137990	0.752376	0.039599	0.013289	0.003260	0.010471
28	0.029389	0.006256	0.005629	0.140451	0.754564	0.038512	0.012367	0.002867	0.009965
29	0.028323	0.005733	0.005183	0.142818	0.756665	0.037589	0.011660	0.002545	0.009484
30	0.027388	0.005199	0.004789	0.145404	0.758402	0.036672	0.010975	0.002245	0.008926
31	0.026550	0.004723	0.004336	0.148282	0.759664	0.035647	0.010321	0.002025	0.008452
32	0.025822	0.004300	0.004003	0.150803	0.761014	0.034635	0.009679	0.001767	0.007977
33	0.024992	0.003903	0.003677	0.153201	0.762116	0.033967	0.009095	0.001538	0.007511
34	0.024345	0.003625	0.003363	0.155918	0.762534	0.033122	0.008569	0.001393	0.007131
35	0.023834	0.003216	0.003065	0.158872	0.762798	0.032177	0.008048	0.001246	0.006744
36	0.023083	0.002925	0.002803	0.161183	0.763775	0.031209	0.007592	0.001105	0.006325
37	0.022589	0.002661	0.002550	0.163945	0.763271	0.030749	0.007194	0.001025	0.006016
38	0.022116	0.002410	0.002291	0.166881	0.763174	0.029818	0.006728	0.000915	0.005667
39	0.021523	0.002206	0.002047	0.169491	0.762957	0.029164	0.006431	0.000812	0.005369
40	0.021009	0.001974	0.001892	0.172393	0.762428	0.028470	0.006075	0.000717	0.005042
41	0.020387	0.001806	0.001713	0.175080	0.762276	0.027641	0.005735	0.000620	0.004742
42	0.019971	0.001653	0.001599	0.177751	0.761740	0.026885	0.005398	0.000571	0.004432
43	0.019267	0.001517	0.001447	0.180651	0.761393	0.026010	0.005021	0.000514	0.004180
44	0.018737	0.001433	0.001318	0.183202	0.760993	0.025319	0.004654	0.000464	0.003880
45	0.018229	0.001301	0.001193	0.186246	0.759956	0.024615	0.004395	0.000399	0.003666
46	0.017744	0.001160	0.001074	0.189213	0.758804	0.024005	0.004176	0.000338	0.003486
47	0.017303	0.001068	0.001014	0.191879	0.757840	0.023464	0.003887	0.000290	0.003255
48	0.016758	0.000977	0.000932	0.194939	0.756466	0.022920	0.003646	0.000268	0.003094
49	0.016258	0.000870	0.000827	0.197769	0.755471	0.022240	0.003460	0.000252	0.002853
50	0.015818	0.000765	0.000775	0.200347	0.754507	0.021658	0.003219	0.000221	0.002690
51	0.015388	0.000727	0.000701	0.203235	0.753044	0.021199	0.002985	0.000198	0.002523
52	0.014913	0.000662	0.000657	0.206072	0.751425	0.020738	0.002913	0.000183	0.002437
53	0.014566	0.000599	0.000600	0.209144	0.749783	0.020147	0.002687	0.000159	0.002315
54	0.014200	0.000551	0.000549	0.212563	0.747733	0.019579	0.002513	0.000135	0.002177
55	0.013901	0.000456	0.000488	0.215543	0.746080	0.018907	0.002436	0.000124	0.002065
56	0.013677	0.000424	0.000474	0.218271	0.744582	0.018243	0.002250	0.000108	0.001971
57	0.013368	0.000395	0.000440	0.221353	0.742481	0.017907	0.002101	0.000091	0.001864
58	0.013123	0.000387	0.000405	0.224272	0.740499	0.017530	0.001938	0.000077	0.001769
59	0.012918	0.000378	0.000377	0.227334	0.738482	0.016967	0.001799	0.000067	0.001678
60	0.012741	0.000351	0.000348	0.230568	0.736242	0.016404	0.001655	0.000059	0.001632
61	0.012515	0.000341	0.000331	0.233676	0.734072	0.015891	0.001582	0.000052	0.001540
62	0.012213	0.000310	0.000321	0.236366	0.732452	0.015432	0.001490	0.000038	0.001378
63	0.011836	0.000277	0.000292	0.239827	0.729907	0.015074	0.001440	0.000043	0.001304
64	0.011645	0.000252	0.000277	0.242984	0.727613	0.014640	0.001338	0.000038	0.001213
65	0.011504	0.000225	0.000252	0.246086	0.725242	0.014257	0.001253	0.000034	0.001147
66	0.011301	0.000223	0.000241	0.249644	0.722554	0.013752	0.001147	0.000031	0.001107
67	0.011230	0.000205	0.000240	0.252456	0.720361	0.013297	0.001117	0.000029	0.001065
68	0.011085	0.000183	0.000213	0.255654	0.717823	0.012947	0.001039	0.000032	0.001024
69	0.010963	0.000171	0.000196	0.258900	0.715229	0.012601	0.000955	0.000027	0.000958
70	0.010643	0.000152	0.000193	0.262069	0.712879	0.012232	0.000899	0.000020	0.000913
