0	0.290663	0.057897	0.229473	0.157588	0.029913	0.111872	0.085455	0.012259	0.024880
1	0.222088	0.046224	0.192355	0.144683	0.029711	0.124076	0.123516	0.023687	0.093660
2	0.213579	0.044159	0.184726	0.142983	0.031448	0.123814	0.127851	0.024662	0.106778
3	0.210906	0.042519	0.180036	0.143145	0.032989	0.121198	0.129836	0.024287	0.115084
4	0.210242	0.040988	0.175108	0.141967	0.035330	0.118900	0.130847	0.023784	0.122834
5	0.210355	0.039477	0.170834	0.141186	0.038290	0.115432	0.130898	0.023161	0.130367
6	0.210891	0.038157	0.166338	0.140493	0.041108	0.111885	0.130821	0.022333	0.137974
7	0.211652	0.036404	0.162395	0.139711	0.044169	0.108474	0.130039	0.021538	0.145618
8	0.212058	0.034829	0.157578	0.138724	0.047680	0.105274	0.130424	0.020900	0.152533
9	0.212878	0.033404	0.153178	0.139146	0.050579	0.101506	0.129348	0.019925	0.160036
10	0.213048	0.032032	0.148586	0.138796	0.054193	0.098056	0.128599	0.019045	0.167645
11	0.213900	0.030542	0.144368	0.138081	0.057430	0.094806	0.127521	0.018271	0.175081
12	0.214821	0.029261	0.140101	0.137733	0.061308	0.091064	0.126361	0.017559	0.181792
13	0.215692	0.028010	0.135570	0.137261	0.065242	0.087437	0.125318	0.016643	0.188827
14	0.216174	0.026690	0.130698	0.136590	0.069738	0.083800	0.124297	0.016139	0.195874
15	0.216867	0.025250	0.125858	0.135736	0.074375	0.080464	0.122991	0.015598	0.202861
16	0.216749	0.024245	0.121150	0.135366	0.079106	0.077512	0.121631	0.015067	0.209174
17	0.217406	0.023161	0.117025	0.133814	0.083865	0.074367	0.119842	0.014500	0.216020
18	0.217715	0.021794	0.112813	0.133367	0.089193	0.071345	0.117798	0.013831	0.222144
19	0.217554	0.020663	0.108253	0.132226	0.094572	0.068642	0.116332	0.013295	0.228463
20	0.217349	0.019509	0.104251	0.131401	0.100488	0.065758	0.113934	0.012646	0.234664
21	0.217017	0.018555	0.100317	0.129956	0.106564	0.063381	0.111928	0.011885	0.240397
22	0.216613	0.017670	0.095814	0.129170	0.112643	0.061015	0.110142	0.011183	0.245750
23	0.216019	0.016744	0.091809	0.128244	0.119089	0.058168	0.107786	0.010785	0.251356
24	0.215108	0.015853	0.088007	0.127417	0.125782	0.056006	0.105811	0.010366	0.255650
25	0.214244	0.014962	0.083960	0.126502	0.132344	0.053876	0.103864	0.009801	0.260447
26	0.213115	0.014261	0.080073	0.125804	0.139285	0.051602	0.101912	0.009245	0.264703
27	0.211878	0.013510	0.076735	0.124559	0.146504	0.049362	0.099411	0.008858	0.269183
28	0.210996	0.012774	0.073211	0.123242	0.154105	0.047309	0.096934	0.008497	0.272932
29	0.209324	0.012023	0.069551	0.122929	0.161477	0.045205	0.094675	0.008085	0.276731
30	0.207831	0.011188	0.066450	0.121681	0.169174	0.043165	0.092251	0.007756	0.280504
31	0.206109	0.010782	0.063176	0.120524	0.177447	0.041481	0.089568	0.007249	0.283664
32	0.203878	0.010073	0.059829	0.119834	0.185841	0.039586	0.087423	0.006951	0.286585
33	0.202058	0.009428	0.056490	0.119213	0.194274	0.037779	0.084672	0.006638	0.289448
34	0.199702	0.008949	0.053372	0.119144	0.202677	0.036382	0.082023	0.006158	0.291593
35	0.197911	0.008275	0.050805	0.117789	0.211989	0.034578	0.079529	0.005954	0.293170
36	0.195205	0.007834	0.048302	0.117063	0.220890	0.033168	0.077252	0.005595	0.294691
37	0.192316	0.007379	0.045514	0.116738	0.229197	0.031881	0.074857	0.005422	0.296696
38	0.189217	0.007089	0.043080	0.116252	0.238713	0.030555	0.072655	0.004993	0.297446
39	0.186228	0.006722	0.040419	0.115705	0.248447	0.029402	0.070539	0.004705	0.297833
40	0.182807	0.006318	0.038225	0.115187	0.258615	0.028304	0.068068	0.004391	0.298085
41	0.179710	0.005888	0.035972	0.114657	0.268325	0.027176	0.065768	0.004103	0.298401
42	0.176403	0.005599	0.034128	0.114158	0.278291	0.026166	0.063139	0.003948	0.298168
43	0.173168	0.005312	0.031973	0.113561	0.288501	0.024935	0.061248	0.003715	0.297587
44	0.169967	0.005027	0.030198	0.112571	0.299117	0.024180	0.059039	0.003565	0.296336
45	0.167205	0.004712	0.028302	0.111935	0.309677	0.023202	0.056852	0.003294	0.294821
46	0.163345	0.004452	0.026771	0.111407	0.320782	0.022251	0.054487	0.003217	0.293288
47	0.159624	0.004213	0.025172	0.110730	0.331515	0.021607	0.052199	0.003050	0.291890
48	0.156405	0.003933	0.023544	0.110288	0.342362	0.020789	0.050251	0.002811	0.289617
49	0.152966	0.003646	0.022077	0.110146	0.352924	0.020243	0.048132	0.002640	0.287226
50	0.148866	0.003378	0.020572	0.109891	0.363656	0.019693	0.046175	0.002486	0.285283
51	0.145288	0.003203	0.019370	0.109685	0.374184	0.019047	0.044392	0.002288	0.282543
52	0.141632	0.003037	0.018207	0.109385	0.385143	0.018596	0.042344	0.002103	0.279553
53	0.138065	0.002868	0.017121	0.109180	0.396394	0.017974	0.040350	0.001925	0.276123
54	0.134622	0.002638	0.015896	0.108773	0.407760	0.017566	0.038659	0.001769	0.272317
55	0.130784	0.002433	0.014811	0.108798	0.419098	0.016920	0.037008	0.001647	0.268501
56	0.127010	0.002234	0.013866	0.108872	0.429897	0.016336	0.035303	0.001601	0.264881
57	0.123157	0.002096	0.012827	0.108832	0.440820	0.015761	0.033806	0.001462	0.261239
58	0.119202	0.002000	0.012028	0.108881	0.451656	0.015497	0.032192	0.001387	0.257157
59	0.115139	0.001881	0.011182	0.108644	0.462945	0.014947	0.030821	0.001292	0.253149
60	0.111560	0.001719	0.010345	0.108637	0.474107	0.014600	0.029471	0.001140	0.248421
61	0.107818	0.001625	0.009583	0.108630	0.485038	0.014061	0.027891	0.001083	0.244271
62	0.104198	0.001512	0.008950	0.108034	0.496039	0.013858	0.026700	0.001021	0.239688
63	0.100468	0.001388	0.008320	0.108278	0.506587	0.013450	0.025199	0.000923	0.235387
64	0.097161	0.001297	0.007755	0.107937	0.517094	0.013160	0.023899	0.000858	0.230839
65	0.093627	0.001168	0.007128	0.108263	0.527350	0.012873	0.022655	0.000780	0.226156
66	0.090431	0.001045	0.006566	0.107993	0.538099	0.012665	0.021349	0.000751	0.221101
67	0.086863	0.000970	0.006077	0.108174	0.547973	0.012536	0.020440	0.000692	0.216275
68	0.083238	0.000880	0.005653	0.108300	0.558134	0.012341	0.019608	0.000644	0.211202
69	0.079543	0.000781	0.005215	0.108388	0.568713	0.012078	0.018627	0.000631	0.206024
70	0.076466	0.000678	0.004799	0.108459	0.579253	0.011707	0.017504	0.000563	0.200571
71	0.073491	0.000649	0.004415	0.108766	0.588627	0.011562	0.016428	0.000494	0.195568
72	0.069982	0.000595	0.004010	0.108664	0.599136	0.011488	0.015399	0.000487	0.190239
73	0.066738	0.000591	0.003698	0.108678	0.608729	0.011272	0.014649	0.000422	0.185223
74	0.063502	0.000507	0.003444	0.109026	0.618129	0.011136	0.013824	0.000393	0.180039
75	0.060094	0.000482	0.003146	0.109222	0.627619	0.010905	0.013190	0.000340	0.175002
76	0.057741	0.000466	0.002853	0.109421	0.636791	0.010743	0.012423	0.000327	0.169235
77	0.054932	0.000427	0.002634	0.109509	0.645955	0.010541	0.011691	0.000302	0.164009
78	0.052049	0.000380	0.002381	0.109491	0.655261	0.010240	0.010911	0.000250	0.159037
79	0.049444	0.000342	0.002218	0.109960	0.663384	0.010248	0.010205	0.000252	0.153947
80	0.046947	0.000303	0.002009	0.110542	0.671575	0.010288	0.009550	0.000247	0.148539
81	0.044545	0.000278	0.001887	0.111014	0.679735	0.010136	0.009013	0.000240	0.143152
82	0.042344	0.000250	0.001768	0.111344	0.687513	0.010039	0.008355	0.000213	0.138174
83	0.040190	0.000243	0.001597	0.111298	0.695218	0.009986	0.007816	0.000176	0.133476
84	0.037991	0.000216	0.001461	0.111476	0.703122	0.009927	0.007265	0.000159	0.128383
85	0.035880	0.000193	0.001347	0.111572	0.710830	0.009776	0.006918	0.000153	0.123331
86	0.033985	0.000189	0.001258	0.111749	0.718107	0.009665	0.006434	0.000136	0.118477
87	0.032023	0.000176	0.001176	0.111908	0.725066	0.009413	0.006075	0.000120	0.114043
88	0.030155	0.000156	0.001086	0.111574	0.732379	0.009372	0.005551	0.000108	0.109619
89	0.028439	0.000154	0.000950	0.111635	0.739181	0.009416	0.005252	0.000088	0.104885
90	0.026725	0.000138	0.000879	0.111595	0.745722	0.009383	0.004945	0.000087	0.100526
91	0.024939	0.000126	0.000827	0.111503	0.752068	0.009458	0.004577	0.000080	0.096422
92	0.023333	0.000105	0.000720	0.111800	0.758329	0.009474	0.004281	0.000081	0.091877
93	0.022165	0.000085	0.000687	0.111902	0.763758	0.009227	0.004016	0.000074	0.088086
94	0.020855	0.000078	0.000662	0.111793	0.769663	0.008998	0.003644	0.000062	0.084245
95	0.019464	0.000057	0.000605	0.111729	0.775378	0.008983	0.003437	0.000062	0.080285
96	0.018178	0.000055	0.000569	0.111934	0.780212	0.008809	0.003130	0.000052	0.077061
97	0.016922	0.000053	0.000519	0.112666	0.784544	0.008782	0.002992	0.000054	0.073468
98	0.015741	0.000052	0.000518	0.112899	0.789386	0.008689	0.002716	0.000047	0.069952
99	0.014585	0.000048	0.000475	0.112889	0.794466	0.008652	0.002553	0.000041	0.066291
100	0.013651	0.000046	0.000449	0.112701	0.798717	0.008549	0.002382	0.000024	0.063481
101	0.012551	0.000040	0.000410	0.112683	0.803319	0.008368	0.002235	0.000019	0.060375
102	0.011641	0.000036	0.000386	0.112803	0.807090	0.008509	0.002086	0.000021	0.057428
103	0.010954	0.000036	0.000382	0.113078	0.810648	0.008483	0.001956	0.000015	0.054448
104	0.010114	0.000031	0.000368	0.112931	0.814828	0.008353	0.001781	0.000013	0.051581
105	0.009506	0.000029	0.000320	0.113007	0.818300	0.008492	0.001611	0.000018	0.048717
106	0.008646	0.000020	0.000323	0.113517	0.821426	0.008371	0.001508	0.000012	0.046177
107	0.008029	0.000021	0.000291	0.113333	0.824702	0.008459	0.001398	0.000013	0.043754
108	0.007412	0.000017	0.000257	0.113419	0.827842	0.008495	0.001297	0.000011	0.041250
109	0.006826	0.000011	0.000238	0.113678	0.830750	0.008363	0.001207	0.000011	0.038916
110	0.006229	0.000010	0.000212	0.114129	0.833034	0.008292	0.001139	0.000015	0.036940
111	0.005766	0.000008	0.000197	0.113621	0.836192	0.008305	0.001084	0.000008	0.034819
112	0.005266	0.000006	0.000171	0.113455	0.838573	0.008349	0.001000	0.000009	0.033171
113	0.004935	0.000006	0.000159	0.113584	0.840833	0.008301	0.000881	0.000007	0.031294
114	0.004592	0.000005	0.000148	0.113782	0.842790	0.008341	0.000801	0.000010	0.029531
115	0.004242	0.000005	0.000135	0.113866	0.845007	0.008091	0.000715	0.000010	0.027929
116	0.003978	0.000002	0.000108	0.113898	0.847117	0.008081	0.000693	0.000008	0.026115
117	0.003688	0.000002	0.000104	0.113925	0.849146	0.008021	0.000655	0.000007	0.024452
118	0.003361	0.000001	0.000095	0.113740	0.851321	0.007904	0.000605	0.000009	0.022964
119	0.003105	0.000001	0.000078	0.113669	0.853061	0.007916	0.000550	0.000006	0.021614
120	0.002893	0.000000	0.000083	0.114128	0.854328	0.007895	0.000459	0.000005	0.020209
121	0.002667	0.000000	0.000065	0.113999	0.855749	0.007918	0.000421	0.000001	0.019180
122	0.002461	0.000000	0.000059	0.113819	0.857483	0.007917	0.000401	0.000000	0.017860
123	0.002320	0.000000	0.000060	0.113813	0.858971	0.007807	0.000364	0.000000	0.016665
124	0.002128	0.000000	0.000047	0.114122	0.860001	0.007789	0.000322	0.000000	0.015591
125	0.001925	0.000000	0.000044	0.114169	0.861172	0.007827	0.000267	0.000000	0.014596
126	0.001771	0.000000	0.000050	0.113823	0.862583	0.007746	0.000264	0.000000	0.013763
127	0.001588	0.000000	0.000042	0.114005	0.863535	0.007750	0.000230	0.000000	0.012850
128	0.001481	0.000000	0.000032	0.113373	0.865126	0.007845	0.000223	0.000000	0.011920
129	0.001303	0.000000	0.000030	0.113366	0.866266	0.007804	0.000204	0.000000	0.011027
130	0.001211	0.000000	0.000027	0.113302	0.867333	0.007756	0.000189	0.000000	0.010182
131	0.001086	0.000000	0.000027	0.113891	0.867542	0.007788	0.000153	0.000000	0.009513
132	0.000985	0.000000	0.000026	0.114025	0.868263	0.007834	0.000135	0.000000	0.008732
133	0.000917	0.000000	0.000032	0.113936	0.869001	0.007844	0.000122	0.000000	0.008148
134	0.000850	0.000000	0.000021	0.113802	0.869830	0.007879	0.000122	0.000000	0.007496
135	0.000790	0.000000	0.000015	0.113979	0.870290	0.007830	0.000084	0.000000	0.007012
136	0.000683	0.000000	0.000020	0.113895	0.871059	0.007793	0.000082	0.000000	0.006468
137	0.000604	0.000000	0.000015	0.114352	0.871155	0.007857	0.000067	0.000000	0.005950
138	0.000551	0.000000	0.000021	0.114361	0.871761	0.007790	0.000063	0.000000	0.005453
139	0.000498	0.000000	0.000020	0.114552	0.872068	0.007758	0.000053	0.000000	0.005051
140	0.000472	0.000000	0.000015	0.114900	0.872204	0.007670	0.000051	0.000000	0.004688
141	0.000421	0.000000	0.000014	0.114932	0.872448	0.007813	0.000048	0.000000	0.004324
142	0.000369	0.000000	0.000010	0.115470	0.872396	0.007775	0.000038	0.000000	0.003942
143	0.000329	0.000000	0.000009	0.115460	0.872885	0.007670	0.000030	0.000000	0.003617
144	0.000274	0.000000	0.000007	0.115843	0.872882	0.007647	0.000026	0.000000	0.003321
145	0.000247	0.000000	0.000008	0.116272	0.872719	0.007742	0.000019	0.000000	0.002993
146	0.000215	0.000000	0.000004	0.116391	0.872798	0.007789	0.000017	0.000000	0.002786
147	0.000208	0.000000	0.000007	0.116117	0.873243	0.007822	0.000012	0.000000	0.002591
148	0.000178	0.000000	0.000008	0.116026	0.873692	0.007755	0.000009	0.000000	0.002332
149	0.000165	0.000000	0.000005	0.115903	0.874045	0.007752	0.000004	0.000000	0.002126
150	0.000147	0.000000	0.000005	0.115965	0.874070	0.007907	0.000004	0.000000	0.001902
151	0.000144	0.000000	0.000003	0.116071	0.874167	0.007903	0.000002	0.000000	0.001710
152	0.000128	0.000000	0.000002	0.116090	0.874369	0.007821	0.000001	0.000000	0.001589
153	0.000092	0.000000	0.000001	0.116092	0.874586	0.007788	0.000002	0.000000	0.001439
154	0.000087	0.000000	0.000000	0.116028	0.874761	0.007823	0.000002	0.000000	0.001299
155	0.000077	0.000000	0.000000	0.116112	0.874884	0.007752	0.000001	0.000000	0.001174
156	0.000069	0.000000	0.000000	0.116494	0.874597	0.007735	0.000000	0.000000	0.001105
157	0.000059	0.000000	0.000000	0.116429	0.874737	0.007809	0.000000	0.000000	0.000966
158	0.000049	0.000000	0.000000	0.116526	0.874839	0.007696	0.000000	0.000000	0.000890
159	0.000048	0.000000	0.000000	0.116648	0.874931	0.007563	0.000000	0.000000	0.000810
160	0.000047	0.000000	0.000000	0.116140	0.875486	0.007605	0.000000	0.000000	0.000722
161	0.000045	0.000000	0.000000	0.115985	0.875722	0.007568	0.000000	0.000000	0.000680
162	0.000044	0.000000	0.000000	0.115755	0.875951	0.007645	0.000000	0.000000	0.000605
163	0.000040	0.000000	0.000000	0.115828	0.875867	0.007738	0.000000	0.000000	0.000527
164	0.000034	0.000000	0.000000	0.115816	0.875995	0.007681	0.000000	0.000000	0.000474
165	0.000025	0.000000	0.000000	0.115656	0.876173	0.007696	0.000000	0.000000	0.000450
166	0.000021	0.000000	0.000000	0.115795	0.876236	0.007536	0.000000	0.000000	0.000412
167	0.000020	0.000000	0.000000	0.115718	0.876312	0.007548	0.000000	0.000000	0.000402
168	0.000015	0.000000	0.000000	0.115638	0.876430	0.007525	0.000000	0.000000	0.000392
169	0.000010	0.000000	0.000000	0.116058	0.875949	0.007612	0.000000	0.000000	0.000371
170	0.000007	0.000000	0.000000	0.116248	0.875816	0.007610	0.000000	0.000000	0.000319
171	0.000007	0.000000	0.000000	0.116213	0.875812	0.007651	0.000000	0.000000	0.000317
172	0.000004	0.000000	0.000000	0.116691	0.875333	0.007673	0.000000	0.000000	0.000299
173	0.000003	0.000000	0.000000	0.117183	0.874956	0.007596	0.000000	0.000000	0.000262
174	0.000001	0.000000	0.000000	0.116894	0.875212	0.007641	0.000000	0.000000	0.000252
175	0.000002	0.000000	0.000000	0.117120	0.874953	0.007685	0.000000	0.000000	0.000240
176	0.000002	0.000000	0.000000	0.117227	0.874829	0.007719	0.000000	0.000000	0.000223
177	0.000001	0.000000	0.000000	0.116918	0.875296	0.007573	0.000000	0.000000	0.000212
178	0.000000	0.000000	0.000000	0.117235	0.875060	0.007523	0.000000	0.000000	0.000182
179	0.000000	0.000000	0.000000	0.117464	0.874595	0.007761	0.000000	0.000000	0.000180
180	0.000000	0.000000	0.000000	0.117662	0.874349	0.007821	0.000000	0.000000	0.000168
181	0.000000	0.000000	0.000000	0.117678	0.874518	0.007637	0.000000	0.000000	0.000167
182	0.000000	0.000000	0.000000	0.117882	0.874177	0.007779	0.000000	0.000000	0.000162
183	0.000000	0.000000	0.000000	0.118164	0.873868	0.007812	0.000000	0.000000	0.000156
184	0.000000	0.000000	0.000000	0.117477	0.874561	0.007821	0.000000	0.000000	0.000141
185	0.000000	0.000000	0.000000	0.117455	0.874569	0.007844	0.000000	0.000000	0.000132
186	0.000000	0.000000	0.000000	0.117539	0.874525	0.007820	0.000000	0.000000	0.000116
187	0.000000	0.000000	0.000000	0.117498	0.874624	0.007761	0.000000	0.000000	0.000117
188	0.000000	0.000000	0.000000	0.117375	0.874653	0.007866	0.000000	0.000000	0.000106
189	0.000000	0.000000	0.000000	0.117581	0.874483	0.007844	0.000000	0.000000	0.000092
190	0.000000	0.000000	0.000000	0.117719	0.874337	0.007865	0.000000	0.000000	0.000079
191	0.000000	0.000000	0.000000	0.117487	0.874433	0.008014	0.000000	0.000000	0.000066
192	0.000000	0.000000	0.000000	0.117797	0.874107	0.008027	0.000000	0.000000	0.000069
193	0.000000	0.000000	0.000000	0.117724	0.874094	0.008120	0.000000	0.000000	0.000062
194	0.000000	0.000000	0.000000	0.117776	0.874019	0.008149	0.000000	0.000000	0.000056
195	0.000000	0.000000	0.000000	0.117738	0.874078	0.008137	0.000000	0.000000	0.000047
196	0.000000	0.000000	0.000000	0.118011	0.873898	0.008054	0.000000	0.000000	0.000037
197	0.000000	0.000000	0.000000	0.117874	0.874078	0.008010	0.000000	0.000000	0.000038
198	0.000000	0.000000	0.000000	0.117959	0.873953	0.008059	0.000000	0.000000	0.000029
199	0.000000	0.000000	0.000000	0.118037	0.873819	0.008123	0.000000	0.000000	0.000021
200	0.000000	0.000000	0.000000	0.117981	0.874032	0.007970	0.000000	0.000000	0.000017
201	0.000000	0.000000	0.000000	0.117884	0.874159	0.007946	0.000000	0.000000	0.000011
202	0.000000	0.000000	0.000000	0.117931	0.873987	0.008067	0.000000	0.000000	0.000015
203	0.000000	0.000000	0.000000	0.118108	0.873921	0.007959	0.000000	0.000000	0.000012
204	0.000000	0.000000	0.000000	0.118405	0.873589	0.007990	0.000000	0.000000	0.000016
205	0.000000	0.000000	0.000000	0.118268	0.873665	0.008054	0.000000	0.000000	0.000013
206	0.000000	0.000000	0.000000	0.118291	0.873663	0.008037	0.000000	0.000000	0.000009
207	0.000000	0.000000	0.000000	0.118198	0.873699	0.008098	0.000000	0.000000	0.000005
208	0.000000	0.000000	0.000000	0.118158	0.873721	0.008115	0.000000	0.000000	0.000006
209	0.000000	0.000000	0.000000	0.118398	0.873514	0.008084	0.000000	0.000000	0.000004
210	0.000000	0.000000	0.000000	0.118162	0.873836	0.008001	0.000000	0.000000	0.000001
211	0.000000	0.000000	0.000000	0.118099	0.873765	0.008135	0.000000	0.000000	0.000001
212	0.000000	0.000000	0.000000	0.118178	0.873792	0.008029	0.000000	0.000000	0.000001
213	0.000000	0.000000	0.000000	0.118551	0.873389	0.008058	0.000000	0.000000	0.000002
214	0.000000	0.000000	0.000000	0.118635	0.873294	0.008068	0.000000	0.000000	0.000003
215	0.000000	0.000000	0.000000	0.118821	0.873129	0.008049	0.000000	0.000000	0.000001
216	0.000000	0.000000	0.000000	0.119010	0.872953	0.008036	0.000000	0.000000	0.000001
217	0.000000	0.000000	0.000000	0.119349	0.872543	0.008107	0.000000	0.000000	0.000001
218	0.000000	0.000000	0.000000	0.119116	0.872813	0.008069	0.000000	0.000000	0.000002
219	0.000000	0.000000	0.000000	0.119264	0.872690	0.008045	0.000000	0.000000	0.000001
220	0.000000	0.000000	0.000000	0.119486	0.872497	0.008016	0.000000	0.000000	0.000001
221	0.000000	0.000000	0.000000	0.119230	0.872602	0.008166	0.000000	0.000000	0.000002
222	0.000000	0.000000	0.000000	0.119486	0.872360	0.008150	0.000000	0.000000	0.000004
223	0.000000	0.000000	0.000000	0.119866	0.871989	0.008143	0.000000	0.000000	0.000002
224	0.000000	0.000000	0.000000	0.119776	0.872074	0.008149	0.000000	0.000000	0.000001
225	0.000000	0.000000	0.000000	0.119952	0.871884	0.008164	0.000000	0.000000	0.000000
226	0.000000	0.000000	0.000000	0.119642	0.872244	0.008113	0.000000	0.000000	0.000001
227	0.000000	0.000000	0.000000	0.119440	0.872559	0.008000	0.000000	0.000000	0.000001
228	0.000000	0.000000	0.000000	0.119385	0.872724	0.007890	0.000000	0.000000	0.000001
229	0.000000	0.000000	0.000000	0.119323	0.872710	0.007967	0.000000	0.000000	0.000000
230	0.000000	0.000000	0.000000	0.119435	0.872685	0.007880	0.000000	0.000000	0.000000
231	0.000000	0.000000	0.000000	0.119459	0.872578	0.007963	0.000000	0.000000	0.000000
232	0.000000	0.000000	0.000000	0.119781	0.872259	0.007960	0.000000	0.000000	0.000000
233	0.000000	0.000000	0.000000	0.119702	0.872413	0.007885	0.000000	0.000000	0.000000
234	0.000000	0.000000	0.000000	0.119736	0.872411	0.007853	0.000000	0.000000	0.000000
235	0.000000	0.000000	0.000000	0.119383	0.872799	0.007818	0.000000	0.000000	0.000000
236	0.000000	0.000000	0.000000	0.119256	0.872930	0.007814	0.000000	0.000000	0.000000
237	0.000000	0.000000	0.000000	0.119167	0.872961	0.007872	0.000000	0.000000	0.000000
238	0.000000	0.000000	0.000000	0.118959	0.873257	0.007784	0.000000	0.000000	0.000000
239	0.000000	0.000000	0.000000	0.119064	0.873044	0.007892	0.000000	0.000000	0.000000
240	0.000000	0.000000	0.000000	0.118961	0.873163	0.007876	0.000000	0.000000	0.000000
241	0.000000	0.000000	0.000000	0.118541	0.873422	0.008037	0.000000	0.000000	0.000000
242	0.000000	0.000000	0.000000	0.118620	0.873493	0.007887	0.000000	0.000000	0.000000
243	0.000000	0.000000	0.000000	0.118415	0.873656	0.007929	0.000000	0.000000	0.000000
244	0.000000	0.000000	0.000000	0.118146	0.873790	0.008064	0.000000	0.000000	0.000000
245	0.000000	0.000000	0.000000	0.118198	0.873746	0.008056	0.000000	0.000000	0.000000
246	0.000000	0.000000	0.000000	0.118218	0.873869	0.007913	0.000000	0.000000	0.000000
247	0.000000	0.000000	0.000000	0.118682	0.873427	0.007891	0.000000	0.000000	0.000000
248	0.000000	0.000000	0.000000	0.118673	0.873494	0.007833	0.000000	0.000000	0.000000
249	0.000000	0.000000	0.000000	0.118599	0.873511	0.007890	0.000000	0.000000	0.000000
250	0.000000	0.000000	0.000000	0.118478	0.873803	0.007719	0.000000	0.000000	0.000000
251	0.000000	0.000000	0.000000	0.118200	0.874105	0.007695	0.000000	0.000000	0.000000
252	0.000000	0.000000	0.000000	0.118010	0.874324	0.007666	0.000000	0.000000	0.000000
253	0.000000	0.000000	0.000000	0.117841	0.874392	0.007767	0.000000	0.000000	0.000000
254	0.000000	0.000000	0.000000	0.117998	0.874262	0.007740	0.000000	0.000000	0.000000
255	0.000000	0.000000	0.000000	0.117827	0.874423	0.007750	0.000000	0.000000	0.000000
256	0.000000	0.000000	0.000000	0.117679	0.874613	0.007708	0.000000	0.000000	0.000000
257	0.000000	0.000000	0.000000	0.117968	0.874367	0.007665	0.000000	0.000000	0.000000
258	0.000000	0.000000	0.000000	0.117839	0.874542	0.007619	0.000000	0.000000	0.000000
259	0.000000	0.000000	0.000000	0.118109	0.874262	0.007629	0.000000	0.000000	0.000000
260	0.000000	0.000000	0.000000	0.118026	0.874426	0.007548	0.000000	0.000000	0.000000
261	0.000000	0.000000	0.000000	0.118203	0.874160	0.007637	0.000000	0.000000	0.000000
262	0.000000	0.000000	0.000000	0.117601	0.874726	0.007673	0.000000	0.000000	0.000000
263	0.000000	0.000000	0.000000	0.117935	0.874404	0.007661	0.000000	0.000000	0.000000
264	0.000000	0.000000	0.000000	0.117992	0.874363	0.007645	0.000000	0.000000	0.000000
265	0.000000	0.000000	0.000000	0.117959	0.874473	0.007568	0.000000	0.000000	0.000000
266	0.000000	0.000000	0.000000	0.117566	0.874822	0.007612	0.000000	0.000000	0.000000
267	0.000000	0.000000	0.000000	0.117646	0.874845	0.007509	0.000000	0.000000	0.000000
268	0.000000	0.000000	0.000000	0.116837	0.875641	0.007522	0.000000	0.000000	0.000000
269	0.000000	0.000000	0.000000	0.116952	0.875505	0.007543	0.000000	0.000000	0.000000
270	0.000000	0.000000	0.000000	0.116818	0.875622	0.007560	0.000000	0.000000	0.000000
271	0.000000	0.000000	0.000000	0.116983	0.875359	0.007658	0.000000	0.000000	0.000000
272	0.000000	0.000000	0.000000	0.116924	0.875407	0.007669	0.000000	0.000000	0.000000
273	0.000000	0.000000	0.000000	0.117168	0.875195	0.007637	0.000000	0.000000	0.000000
274	0.000000	0.000000	0.000000	0.117190	0.875086	0.007724	0.000000	0.000000	0.000000
275	0.000000	0.000000	0.000000	0.116891	0.875316	0.007793	0.000000	0.000000	0.000000
276	0.000000	0.000000	0.000000	0.116854	0.875310	0.007836	0.000000	0.000000	0.000000
277	0.000000	0.000000	0.000000	0.116687	0.875341	0.007972	0.000000	0.000000	0.000000
278	0.000000	0.000000	0.000000	0.116778	0.875229	0.007993	0.000000	0.000000	0.000000
279	0.000000	0.000000	0.000000	0.116385	0.875455	0.008160	0.000000	0.000000	0.000000
280	0.000000	0.000000	0.000000	0.116348	0.875485	0.008167	0.000000	0.000000	0.000000
281	0.000000	0.000000	0.000000	0.116575	0.875194	0.008231	0.000000	0.000000	0.000000
282	0.000000	0.000000	0.000000	0.116404	0.875464	0.008132	0.000000	0.000000	0.000000
283	0.000000	0.000000	0.000000	0.116391	0.875538	0.008071	0.000000	0.000000	0.000000
284	0.000000	0.000000	0.000000	0.116650	0.875159	0.008191	0.000000	0.000000	0.000000
285	0.000000	0.000000	0.000000	0.116656	0.875114	0.008230	0.000000	0.000000	0.000000
286	0.000000	0.000000	0.000000	0.116561	0.875240	0.008199	0.000000	0.000000	0.000000
287	0.000000	0.000000	0.000000	0.116500	0.875314	0.008186	0.000000	0.000000	0.000000
288	0.000000	0.000000	0.000000	0.116550	0.875268	0.008182	0.000000	0.000000	0.000000
289	0.000000	0.000000	0.000000	0.116544	0.875212	0.008244	0.000000	0.000000	0.000000
290	0.000000	0.000000	0.000000	0.116539	0.875325	0.008136	0.000000	0.000000	0.000000
291	0.000000	0.000000	0.000000	0.116649	0.875292	0.008059	0.000000	0.000000	0.000000
292	0.000000	0.000000	0.000000	0.116411	0.875480	0.008109	0.000000	0.000000	0.000000
293	0.000000	0.000000	0.000000	0.116504	0.875419	0.008077	0.000000	0.000000	0.000000
294	0.000000	0.000000	0.000000	0.116432	0.875563	0.008005	0.000000	0.000000	0.000000
295	0.000000	0.000000	0.000000	0.116338	0.875588	0.008074	0.000000	0.000000	0.000000
296	0.000000	0.000000	0.000000	0.116126	0.875727	0.008147	0.000000	0.000000	0.000000
297	0.000000	0.000000	0.000000	0.116610	0.875163	0.008227	0.000000	0.000000	0.000000
298	0.000000	0.000000	0.000000	0.116866	0.874869	0.008265	0.000000	0.000000	0.000000
299	0.000000	0.000000	0.000000	0.116822	0.874962	0.008216	0.000000	0.000000	0.000000
300	0.000000	0.000000	0.000000	0.116728	0.875050	0.008222	0.000000	0.000000	0.000000
301	0.000000	0.000000	0.000000	0.116449	0.875389	0.008162	0.000000	0.000000	0.000000
302	0.000000	0.000000	0.000000	0.116245	0.875489	0.008266	0.000000	0.000000	0.000000
303	0.000000	0.000000	0.000000	0.116190	0.875571	0.008239	0.000000	0.000000	0.000000
304	0.000000	0.000000	0.000000	0.116886	0.874778	0.008336	0.000000	0.000000	0.000000
305	0.000000	0.000000	0.000000	0.116610	0.875050	0.008340	0.000000	0.000000	0.000000
306	0.000000	0.000000	0.000000	0.116425	0.875192	0.008383	0.000000	0.000000	0.000000
307	0.000000	0.000000	0.000000	0.116354	0.875386	0.008260	0.000000	0.000000	0.000000
308	0.000000	0.000000	0.000000	0.116274	0.875474	0.008252	0.000000	0.000000	0.000000
309	0.000000	0.000000	0.000000	0.116610	0.875063	0.008327	0.000000	0.000000	0.000000
310	0.000000	0.000000	0.000000	0.116311	0.875260	0.008429	0.000000	0.000000	0.000000
311	0.000000	0.000000	0.000000	0.116059	0.875520	0.008421	0.000000	0.000000	0.000000
312	0.000000	0.000000	0.000000	0.116299	0.875313	0.008388	0.000000	0.000000	0.000000
313	0.000000	0.000000	0.000000	0.116269	0.875412	0.008319	0.000000	0.000000	0.000000
314	0.000000	0.000000	0.000000	0.116126	0.875501	0.008373	0.000000	0.000000	0.000000
315	0.000000	0.000000	0.000000	0.116443	0.875208	0.008349	0.000000	0.000000	0.000000
316	0.000000	0.000000	0.000000	0.116683	0.874914	0.008403	0.000000	0.000000	0.000000
317	0.000000	0.000000	0.000000	0.116531	0.875098	0.008371	0.000000	0.000000	0.000000
318	0.000000	0.000000	0.000000	0.116563	0.875171	0.008266	0.000000	0.000000	0.000000
319	0.000000	0.000000	0.000000	0.116611	0.875058	0.008331	0.000000	0.000000	0.000000
320	0.000000	0.000000	0.000000	0.116347	0.875317	0.008336	0.000000	0.000000	0.000000
321	0.000000	0.000000	0.000000	0.116398	0.875335	0.008267	0.000000	0.000000	0.000000
322	0.000000	0.000000	0.000000	0.116373	0.875346	0.008281	0.000000	0.000000	0.000000
323	0.000000	0.000000	0.000000	0.116156	0.875526	0.008318	0.000000	0.000000	0.000000
324	0.000000	0.000000	0.000000	0.116231	0.875308	0.008461	0.000000	0.000000	0.000000
325	0.000000	0.000000	0.000000	0.115851	0.875462	0.008687	0.000000	0.000000	0.000000
326	0.000000	0.000000	0.000000	0.116105	0.875346	0.008549	0.000000	0.000000	0.000000
327	0.000000	0.000000	0.000000	0.116152	0.875200	0.008648	0.000000	0.000000	0.000000
328	0.000000	0.000000	0.000000	0.116208	0.875216	0.008576	0.000000	0.000000	0.000000
329	0.000000	0.000000	0.000000	0.116170	0.875233	0.008597	0.000000	0.000000	0.000000
330	0.000000	0.000000	0.000000	0.116417	0.874924	0.008659	0.000000	0.000000	0.000000
331	0.000000	0.000000	0.000000	0.116157	0.875353	0.008490	0.000000	0.000000	0.000000
332	0.000000	0.000000	0.000000	0.116408	0.875041	0.008551	0.000000	0.000000	0.000000
333	0.000000	0.000000	0.000000	0.116277	0.874985	0.008738	0.000000	0.000000	0.000000
334	0.000000	0.000000	0.000000	0.116554	0.874875	0.008571	0.000000	0.000000	0.000000
335	0.000000	0.000000	0.000000	0.116743	0.874749	0.008508	0.000000	0.000000	0.000000
336	0.000000	0.000000	0.000000	0.116821	0.874608	0.008571	0.000000	0.000000	0.000000
337	0.000000	0.000000	0.000000	0.116585	0.874789	0.008626	0.000000	0.000000	0.000000
338	0.000000	0.000000	0.000000	0.116560	0.874815	0.008625	0.000000	0.000000	0.000000
339	0.000000	0.000000	0.000000	0.116644	0.874715	0.008641	0.000000	0.000000	0.000000
340	0.000000	0.000000	0.000000	0.116265	0.875110	0.008625	0.000000	0.000000	0.000000
341	0.000000	0.000000	0.000000	0.115987	0.875404	0.008609	0.000000	0.000000	0.000000
342	0.000000	0.000000	0.000000	0.115963	0.875525	0.008512	0.000000	0.000000	0.000000
343	0.000000	0.000000	0.000000	0.116052	0.875397	0.008551	0.000000	0.000000	0.000000
344	0.000000	0.000000	0.000000	0.115944	0.875667	0.008389	0.000000	0.000000	0.000000
345	0.000000	0.000000	0.000000	0.116283	0.875288	0.008429	0.000000	0.000000	0.000000
346	0.000000	0.000000	0.000000	0.116129	0.875528	0.008343	0.000000	0.000000	0.000000
347	0.000000	0.000000	0.000000	0.116181	0.875518	0.008301	0.000000	0.000000	0.000000
348	0.000000	0.000000	0.000000	0.115754	0.875998	0.008248	0.000000	0.000000	0.000000
349	0.000000	0.000000	0.000000	0.116182	0.875721	0.008097	0.000000	0.000000	0.000000
350	0.000000	0.000000	0.000000	0.116589	0.875349	0.008062	0.000000	0.000000	0.000000
351	0.000000	0.000000	0.000000	0.116612	0.875188	0.008200	0.000000	0.000000	0.000000
352	0.000000	0.000000	0.000000	0.116354	0.875478	0.008168	0.000000	0.000000	0.000000
353	0.000000	0.000000	0.000000	0.116651	0.875101	0.008248	0.000000	0.000000	0.000000
354	0.000000	0.000000	0.000000	0.116419	0.875545	0.008036	0.000000	0.000000	0.000000
355	0.000000	0.000000	0.000000	0.116169	0.875751	0.008080	0.000000	0.000000	0.000000
356	0.000000	0.000000	0.000000	0.116206	0.875651	0.008143	0.000000	0.000000	0.000000
357	0.000000	0.000000	0.000000	0.115974	0.875936	0.008090	0.000000	0.000000	0.000000
358	0.000000	0.000000	0.000000	0.116171	0.875463	0.008366	0.000000	0.000000	0.000000
359	0.000000	0.000000	0.000000	0.116318	0.875338	0.008344	0.000000	0.000000	0.000000
360	0.000000	0.000000	0.000000	0.116934	0.874762	0.008304	0.000000	0.000000	0.000000
361	0.000000	0.000000	0.000000	0.116733	0.874992	0.008275	0.000000	0.000000	0.000000
362	0.000000	0.000000	0.000000	0.116733	0.875009	0.008258	0.000000	0.000000	0.000000
363	0.000000	0.000000	0.000000	0.116326	0.875483	0.008191	0.000000	0.000000	0.000000
364	0.000000	0.000000	0.000000	0.116329	0.875564	0.008107	0.000000	0.000000	0.000000
365	0.000000	0.000000	0.000000	0.116457	0.875321	0.008222	0.000000	0.000000	0.000000
366	0.000000	0.000000	0.000000	0.116281	0.875631	0.008088	0.000000	0.000000	0.000000
367	0.000000	0.000000	0.000000	0.115926	0.875961	0.008113	0.000000	0.000000	0.000000
368	0.000000	0.000000	0.000000	0.116345	0.875510	0.008145	0.000000	0.000000	0.000000
369	0.000000	0.000000	0.000000	0.116235	0.875663	0.008102	0.000000	0.000000	0.000000
370	0.000000	0.000000	0.000000	0.116304	0.875553	0.008143	0.000000	0.000000	0.000000
371	0.000000	0.000000	0.000000	0.116211	0.875516	0.008273	0.000000	0.000000	0.000000
372	0.000000	0.000000	0.000000	0.116071	0.875663	0.008266	0.000000	0.000000	0.000000
373	0.000000	0.000000	0.000000	0.116404	0.875361	0.008235	0.000000	0.000000	0.000000
374	0.000000	0.000000	0.000000	0.116564	0.875397	0.008039	0.000000	0.000000	0.000000
375	0.000000	0.000000	0.000000	0.116330	0.875621	0.008049	0.000000	0.000000	0.000000
376	0.000000	0.000000	0.000000	0.116333	0.875573	0.008094	0.000000	0.000000	0.000000
377	0.000000	0.000000	0.000000	0.116540	0.875446	0.008014	0.000000	0.000000	0.000000
378	0.000000	0.000000	0.000000	0.116700	0.875194	0.008106	0.000000	0.000000	0.000000
379	0.000000	0.000000	0.000000	0.117007	0.874877	0.008116	0.000000	0.000000	0.000000
380	0.000000	0.000000	0.000000	0.116836	0.875185	0.007979	0.000000	0.000000	0.000000
381	0.000000	0.000000	0.000000	0.116740	0.875254	0.008006	0.000000	0.000000	0.000000
382	0.000000	0.000000	0.000000	0.116684	0.875463	0.007853	0.000000	0.000000	0.000000
383	0.000000	0.000000	0.000000	0.116571	0.875605	0.007824	0.000000	0.000000	0.000000
384	0.000000	0.000000	0.000000	0.116552	0.875481	0.007967	0.000000	0.000000	0.000000
385	0.000000	0.000000	0.000000	0.116427	0.875792	0.007781	0.000000	0.000000	0.000000
386	0.000000	0.000000	0.000000	0.116417	0.875694	0.007889	0.000000	0.000000	0.000000
387	0.000000	0.000000	0.000000	0.116625	0.875438	0.007937	0.000000	0.000000	0.000000
388	0.000000	0.000000	0.000000	0.116708	0.875207	0.008085	0.000000	0.000000	0.000000
389	0.000000	0.000000	0.000000	0.116683	0.875321	0.007996	0.000000	0.000000	0.000000
390	0.000000	0.000000	0.000000	0.116491	0.875511	0.007998	0.000000	0.000000	0.000000
391	0.000000	0.000000	0.000000	0.116566	0.875449	0.007985	0.000000	0.000000	0.000000
392	0.000000	0.000000	0.000000	0.116633	0.875232	0.008135	0.000000	0.000000	0.000000
393	0.000000	0.000000	0.000000	0.116481	0.875399	0.008120	0.000000	0.000000	0.000000
394	0.000000	0.000000	0.000000	0.116408	0.875438	0.008154	0.000000	0.000000	0.000000
395	0.000000	0.000000	0.000000	0.116686	0.875206	0.008108	0.000000	0.000000	0.000000
396	0.000000	0.000000	0.000000	0.116446	0.875383	0.008171	0.000000	0.000000	0.000000
397	0.000000	0.000000	0.000000	0.116054	0.875870	0.008076	0.000000	0.000000	0.000000
398	0.000000	0.000000	0.000000	0.116241	0.875692	0.008067	0.000000	0.000000	0.000000
399	0.000000	0.000000	0.000000	0.116439	0.875587	0.007974	0.000000	0.000000	0.000000
400	0.000000	0.000000	0.000000	0.116366	0.875638	0.007996	0.000000	0.000000	0.000000
401	0.000000	0.000000	0.000000	0.116937	0.875157	0.007906	0.000000	0.000000	0.000000
402	0.000000	0.000000	0.000000	0.116546	0.875525	0.007929	0.000000	0.000000	0.000000
403	0.000000	0.000000	0.000000	0.116562	0.875376	0.008062	0.000000	0.000000	0.000000
404	0.000000	0.000000	0.000000	0.116164	0.875766	0.008070	0.000000	0.000000	0.000000
405	0.000000	0.000000	0.000000	0.115742	0.876211	0.008047	0.000000	0.000000	0.000000
406	0.000000	0.000000	0.000000	0.115336	0.876578	0.008086	0.000000	0.000000	0.000000
407	0.000000	0.000000	0.000000	0.115716	0.876261	0.008023	0.000000	0.000000	0.000000
408	0.000000	0.000000	0.000000	0.115715	0.876168	0.008117	0.000000	0.000000	0.000000
409	0.000000	0.000000	0.000000	0.115802	0.875981	0.008217	0.000000	0.000000	0.000000
410	0.000000	0.000000	0.000000	0.115932	0.875814	0.008254	0.000000	0.000000	0.000000
411	0.000000	0.000000	0.000000	0.115888	0.875998	0.008114	0.000000	0.000000	0.000000
412	0.000000	0.000000	0.000000	0.116398	0.875507	0.008095	0.000000	0.000000	0.000000
413	0.000000	0.000000	0.000000	0.116459	0.875420	0.008121	0.000000	0.000000	0.000000
414	0.000000	0.000000	0.000000	0.116017	0.875822	0.008161	0.000000	0.000000	0.000000
415	0.000000	0.000000	0.000000	0.116384	0.875466	0.008150	0.000000	0.000000	0.000000
416	0.000000	0.000000	0.000000	0.116015	0.875698	0.008287	0.000000	0.000000	0.000000
417	0.000000	0.000000	0.000000	0.116436	0.875234	0.008330	0.000000	0.000000	0.000000
418	0.000000	0.000000	0.000000	0.116671	0.874985	0.008344	0.000000	0.000000	0.000000
419	0.000000	0.000000	0.000000	0.116809	0.874894	0.008297	0.000000	0.000000	0.000000
420	0.000000	0.000000	0.000000	0.117082	0.874592	0.008326	0.000000	0.000000	0.000000
421	0.000000	0.000000	0.000000	0.117101	0.874543	0.008356	0.000000	0.000000	0.000000
422	0.000000	0.000000	0.000000	0.117028	0.874601	0.008371	0.000000	0.000000	0.000000
423	0.000000	0.000000	0.000000	0.117039	0.874667	0.008294	0.000000	0.000000	0.000000
424	0.000000	0.000000	0.000000	0.117013	0.874689	0.008298	0.000000	0.000000	0.000000
425	0.000000	0.000000	0.000000	0.116862	0.874752	0.008386	0.000000	0.000000	0.000000
426	0.000000	0.000000	0.000000	0.117375	0.874159	0.008466	0.000000	0.000000	0.000000
427	0.000000	0.000000	0.000000	0.117232	0.874146	0.008622	0.000000	0.000000	0.000000
428	0.000000	0.000000	0.000000	0.117736	0.873794	0.008470	0.000000	0.000000	0.000000
429	0.000000	0.000000	0.000000	0.117906	0.873633	0.008461	0.000000	0.000000	0.000000
430	0.000000	0.000000	0.000000	0.117701	0.873842	0.008457	0.000000	0.000000	0.000000
431	0.000000	0.000000	0.000000	0.117708	0.873708	0.008584	0.000000	0.000000	0.000000
432	0.000000	0.000000	0.000000	0.118012	0.873570	0.008418	0.000000	0.000000	0.000000
433	0.000000	0.000000	0.000000	0.117736	0.873813	0.008451	0.000000	0.000000	0.000000
434	0.000000	0.000000	0.000000	0.117867	0.873762	0.008371	0.000000	0.000000	0.000000
435	0.000000	0.000000	0.000000	0.117649	0.874032	0.008319	0.000000	0.000000	0.000000
436	0.000000	0.000000	0.000000	0.117578	0.874134	0.008288	0.000000	0.000000	0.000000
437	0.000000	0.000000	0.000000	0.117266	0.874535	0.008199	0.000000	0.000000	0.000000
438	0.000000	0.000000	0.000000	0.117417	0.874354	0.008229	0.000000	0.000000	0.000000
439	0.000000	0.000000	0.000000	0.117213	0.874467	0.008320	0.000000	0.000000	0.000000
440	0.000000	0.000000	0.000000	0.117187	0.874542	0.008271	0.000000	0.000000	0.000000
441	0.000000	0.000000	0.000000	0.117704	0.873998	0.008298	0.000000	0.000000	0.000000
442	0.000000	0.000000	0.000000	0.117300	0.874292	0.008408	0.000000	0.000000	0.000000
443	0.000000	0.000000	0.000000	0.117463	0.874228	0.008309	0.000000	0.000000	0.000000
444	0.000000	0.000000	0.000000	0.117334	0.874354	0.008312	0.000000	0.000000	0.000000
445	0.000000	0.000000	0.000000	0.117404	0.874349	0.008247	0.000000	0.000000	0.000000
446	0.000000	0.000000	0.000000	0.117354	0.874327	0.008319	0.000000	0.000000	0.000000
447	0.000000	0.000000	0.000000	0.117331	0.874426	0.008243	0.000000	0.000000	0.000000
448	0.000000	0.000000	0.000000	0.117633	0.874076	0.008291	0.000000	0.000000	0.000000
449	0.000000	0.000000	0.000000	0.117912	0.873604	0.008484	0.000000	0.000000	0.000000
450	0.000000	0.000000	0.000000	0.117438	0.874102	0.008460	0.000000	0.000000	0.000000
451	0.000000	0.000000	0.000000	0.117698	0.873834	0.008468	0.000000	0.000000	0.000000
452	0.000000	0.000000	0.000000	0.117375	0.874141	0.008484	0.000000	0.000000	0.000000
453	0.000000	0.000000	0.000000	0.117370	0.874096	0.008534	0.000000	0.000000	0.000000
454	0.000000	0.000000	0.000000	0.117359	0.874119	0.008522	0.000000	0.000000	0.000000
455	0.000000	0.000000	0.000000	0.117104	0.874476	0.008420	0.000000	0.000000	0.000000
456	0.000000	0.000000	0.000000	0.116985	0.874548	0.008467	0.000000	0.000000	0.000000
457	0.000000	0.000000	0.000000	0.116929	0.874647	0.008424	0.000000	0.000000	0.000000
458	0.000000	0.000000	0.000000	0.117417	0.874287	0.008296	0.000000	0.000000	0.000000
459	0.000000	0.000000	0.000000	0.117700	0.873885	0.008415	0.000000	0.000000	0.000000
460	0.000000	0.000000	0.000000	0.117541	0.873897	0.008562	0.000000	0.000000	0.000000
461	0.000000	0.000000	0.000000	0.117429	0.873956	0.008615	0.000000	0.000000	0.000000
462	0.000000	0.000000	0.000000	0.117742	0.873669	0.008589	0.000000	0.000000	0.000000
463	0.000000	0.000000	0.000000	0.117351	0.874128	0.008521	0.000000	0.000000	0.000000
464	0.000000	0.000000	0.000000	0.117514	0.874066	0.008420	0.000000	0.000000	0.000000
465	0.000000	0.000000	0.000000	0.117283	0.874253	0.008464	0.000000	0.000000	0.000000
466	0.000000	0.000000	0.000000	0.117371	0.874234	0.008395	0.000000	0.000000	0.000000
467	0.000000	0.000000	0.000000	0.117195	0.874383	0.008422	0.000000	0.000000	0.000000
468	0.000000	0.000000	0.000000	0.117637	0.873979	0.008384	0.000000	0.000000	0.000000
469	0.000000	0.000000	0.000000	0.117344	0.874331	0.008325	0.000000	0.000000	0.000000
470	0.000000	0.000000	0.000000	0.117271	0.874450	0.008279	0.000000	0.000000	0.000000
