0	0.290663	0.057897	0.229473	0.157588	0.029913	0.111872	0.085455	0.012259	0.024880
1	0.235753	0.048663	0.202986	0.137297	0.028092	0.117645	0.117539	0.022903	0.089122
2	0.239626	0.049095	0.204627	0.129657	0.027726	0.112129	0.117015	0.022818	0.097307
3	0.249428	0.050135	0.208355	0.123189	0.027391	0.105670	0.112851	0.021871	0.101110
4	0.260246	0.051395	0.212709	0.116870	0.027027	0.098622	0.108740	0.020856	0.103535
5	0.271680	0.053221	0.215659	0.111092	0.026879	0.091886	0.103352	0.019959	0.106272
6	0.283147	0.054677	0.218751	0.105333	0.026666	0.085566	0.098896	0.018852	0.108112
7	0.294581	0.055657	0.221099	0.100405	0.026438	0.079466	0.094431	0.018041	0.109882
8	0.306611	0.056941	0.223292	0.095292	0.026524	0.073515	0.089535	0.016997	0.111293
9	0.318411	0.058278	0.225223	0.090082	0.026547	0.068263	0.084982	0.015746	0.112468
10	0.329500	0.059074	0.226425	0.085629	0.026606	0.063202	0.080426	0.014941	0.114197
11	0.340573	0.059882	0.227307	0.081266	0.026258	0.058890	0.076393	0.014105	0.115326
12	0.350645	0.060853	0.229202	0.076509	0.026212	0.054601	0.072374	0.013198	0.116406
13	0.361612	0.062108	0.229512	0.072176	0.025978	0.050669	0.068174	0.012422	0.117349
14	0.372006	0.063248	0.230090	0.067905	0.025608	0.046919	0.064320	0.011631	0.118273
15	0.381733	0.063667	0.230028	0.063950	0.025662	0.043281	0.060967	0.011039	0.119673
16	0.391647	0.064184	0.229796	0.060513	0.025378	0.040047	0.057444	0.010235	0.120756
17	0.401491	0.065178	0.229564	0.056977	0.025415	0.036726	0.053944	0.009692	0.121013
18	0.411077	0.066074	0.228774	0.053339	0.025179	0.033773	0.050903	0.009006	0.121875
19	0.420403	0.066542	0.227919	0.050570	0.025071	0.031303	0.047810	0.008265	0.122117
20	0.428777	0.067135	0.227176	0.047642	0.024938	0.028926	0.045305	0.007775	0.122326
21	0.436285	0.067814	0.226084	0.044645	0.024883	0.026881	0.042589	0.007434	0.123385
22	0.444646	0.068503	0.225209	0.042045	0.024659	0.024662	0.039836	0.006915	0.123525
23	0.452548	0.068983	0.223570	0.039356	0.024530	0.022838	0.037808	0.006528	0.123839
24	0.459983	0.069272	0.222440	0.036856	0.024499	0.021236	0.035733	0.006226	0.123755
25	0.467297	0.069929	0.221150	0.034236	0.024457	0.019559	0.033427	0.005887	0.124058
26	0.473957	0.070416	0.220140	0.032095	0.024399	0.018138	0.031376	0.005538	0.123941
27	0.481415	0.070754	0.217834	0.030095	0.024192	0.016838	0.029765	0.005216	0.123891
28	0.488005	0.070962	0.216331	0.028448	0.024103	0.015733	0.027502	0.004874	0.124042
29	0.494960	0.071451	0.214500	0.026583	0.024146	0.014296	0.026048	0.004593	0.123423
30	0.501085	0.071723	0.213188	0.024655	0.024043	0.013153	0.024539	0.004307	0.123307
31	0.506692	0.072196	0.211430	0.023182	0.024121	0.012085	0.023232	0.004231	0.122831
32	0.511898	0.072356	0.210077	0.021994	0.024150	0.011093	0.021857	0.003876	0.122699
33	0.517691	0.072628	0.208168	0.020565	0.023957	0.010257	0.020477	0.003749	0.122508
34	0.522429	0.072923	0.206712	0.019437	0.024080	0.009383	0.019311	0.003533	0.122192
35	0.527901	0.073151	0.204671	0.018260	0.024087	0.008715	0.018038	0.003337	0.121840
36	0.532541	0.073015	0.203710	0.017119	0.023889	0.008019	0.017177	0.003180	0.121350
37	0.537962	0.073197	0.201647	0.015939	0.023894	0.007362	0.016186	0.002896	0.120917
38	0.543209	0.073654	0.199799	0.014850	0.023835	0.006942	0.015314	0.002665	0.119732
39	0.548567	0.073527	0.197522	0.013877	0.023623	0.006414	0.014470	0.002488	0.119512
40	0.553034	0.073693	0.195774	0.013164	0.023700	0.005960	0.013486	0.002375	0.118814
41	0.557183	0.074029	0.194212	0.012209	0.023478	0.005564	0.012664	0.002218	0.118443
42	0.561954	0.073791	0.192436	0.011495	0.023411	0.005078	0.012042	0.001996	0.117797
43	0.565460	0.073748	0.191124	0.010906	0.023507	0.004725	0.011326	0.001880	0.117324
44	0.569302	0.074189	0.189138	0.010217	0.023415	0.004418	0.010721	0.001727	0.116873
45	0.573208	0.074380	0.187364	0.009707	0.023345	0.004111	0.010141	0.001540	0.116204
46	0.576563	0.074489	0.185760	0.009158	0.023422	0.003881	0.009546	0.001511	0.115670
47	0.580655	0.074412	0.184159	0.008494	0.023332	0.003597	0.008995	0.001361	0.114995
48	0.585147	0.074553	0.181979	0.007940	0.023369	0.003388	0.008367	0.001303	0.113954
49	0.588922	0.074701	0.179890	0.007363	0.023537	0.003150	0.007877	0.001208	0.113352
50	0.592635	0.074653	0.178068	0.007048	0.023363	0.003041	0.007300	0.001171	0.112721
51	0.596773	0.074296	0.176086	0.006640	0.023444	0.002827	0.006971	0.001074	0.111889
52	0.600398	0.074474	0.175026	0.006113	0.023275	0.002697	0.006465	0.001001	0.110551
53	0.604296	0.074394	0.173219	0.005686	0.023215	0.002467	0.006197	0.000896	0.109630
54	0.607271	0.074920	0.171665	0.005304	0.023176	0.002314	0.005837	0.000837	0.108676
55	0.610527	0.074422	0.169987	0.005131	0.023426	0.002173	0.005559	0.000824	0.107951
56	0.614480	0.074392	0.168389	0.004768	0.023263	0.002016	0.005218	0.000722	0.106752
57	0.617651	0.074633	0.166559	0.004540	0.023304	0.001898	0.004802	0.000703	0.105910
58	0.621079	0.074435	0.165097	0.004346	0.023537	0.001775	0.004528	0.000652	0.104551
59	0.625015	0.074285	0.163722	0.004047	0.023527	0.001623	0.004228	0.000616	0.102937
60	0.628503	0.074512	0.161740	0.003838	0.023669	0.001476	0.004011	0.000601	0.101650
61	0.631923	0.074373	0.160255	0.003537	0.023723	0.001461	0.003701	0.000537	0.100490
62	0.634982	0.074150	0.158895	0.003421	0.023675	0.001407	0.003434	0.000516	0.099520
63	0.637238	0.074265	0.158256	0.003205	0.023494	0.001352	0.003180	0.000497	0.098513
64	0.640882	0.074509	0.156324	0.003009	0.023399	0.001282	0.002988	0.000495	0.097112
65	0.644180	0.074749	0.154664	0.002833	0.023346	0.001147	0.002807	0.000420	0.095854
66	0.647266	0.074743	0.153330	0.002732	0.023501	0.001065	0.002603	0.000416	0.094344
67	0.650445	0.074671	0.152210	0.002593	0.023376	0.000988	0.002491	0.000391	0.092835
68	0.652879	0.075220	0.150948	0.002415	0.023552	0.000984	0.002325	0.000355	0.091322
69	0.655660	0.075569	0.149592	0.002287	0.023417	0.000915	0.002160	0.000349	0.090051
70	0.658511	0.075676	0.148076	0.002145	0.023342	0.000905	0.002024	0.000302	0.089019
71	0.661714	0.075645	0.146375	0.001971	0.023474	0.000861	0.001892	0.000307	0.087761
72	0.664138	0.075644	0.145570	0.001901	0.023495	0.000848	0.001800	0.000293	0.086311
73	0.667205	0.075450	0.143883	0.001773	0.023504	0.000788	0.001723	0.000300	0.085374
74	0.669531	0.075484	0.142936	0.001689	0.023581	0.000740	0.001600	0.000292	0.084147
75	0.671417	0.075574	0.142401	0.001567	0.023582	0.000710	0.001461	0.000268	0.083020
76	0.673937	0.076061	0.141000	0.001557	0.023498	0.000663	0.001403	0.000240	0.081641
77	0.676226	0.076101	0.140033	0.001511	0.023591	0.000627	0.001320	0.000239	0.080352
78	0.678405	0.076195	0.139150	0.001428	0.023584	0.000644	0.001233	0.000223	0.079138
79	0.680540	0.076413	0.138055	0.001363	0.023683	0.000614	0.001166	0.000224	0.077942
80	0.683260	0.076180	0.137229	0.001310	0.023851	0.000573	0.001041	0.000227	0.076329
81	0.686034	0.076094	0.136026	0.001241	0.023797	0.000527	0.001016	0.000221	0.075044
82	0.688452	0.076072	0.135241	0.001201	0.023803	0.000533	0.000968	0.000204	0.073526
83	0.691046	0.076438	0.134016	0.001148	0.023871	0.000513	0.000877	0.000191	0.071900
84	0.692791	0.076537	0.133374	0.001099	0.023859	0.000491	0.000843	0.000179	0.070827
85	0.695707	0.076560	0.131805	0.001058	0.024018	0.000436	0.000786	0.000163	0.069467
86	0.697503	0.076388	0.131351	0.001076	0.024019	0.000425	0.000706	0.000178	0.068354
87	0.700192	0.076340	0.130278	0.000986	0.024177	0.000382	0.000641	0.000169	0.066835
88	0.702552	0.076197	0.129595	0.000944	0.024233	0.000374	0.000613	0.000141	0.065351
89	0.704281	0.076094	0.128527	0.000895	0.024405	0.000365	0.000579	0.000132	0.064722
90	0.706293	0.076302	0.127784	0.000839	0.024394	0.000326	0.000521	0.000141	0.063400
91	0.707455	0.076618	0.127538	0.000820	0.024416	0.000317	0.000464	0.000138	0.062234
92	0.709020	0.076041	0.127506	0.000791	0.024436	0.000305	0.000449	0.000123	0.061329
93	0.711279	0.076169	0.126395	0.000740	0.024530	0.000309	0.000398	0.000106	0.060074
94	0.712571	0.076573	0.125796	0.000734	0.024779	0.000298	0.000366	0.000093	0.058790
95	0.714655	0.076341	0.124775	0.000685	0.024821	0.000276	0.000302	0.000104	0.058041
96	0.716068	0.076422	0.124272	0.000671	0.024952	0.000276	0.000307	0.000107	0.056925
97	0.717253	0.076855	0.123752	0.000666	0.024938	0.000272	0.000276	0.000095	0.055893
98	0.719329	0.076773	0.123146	0.000661	0.024815	0.000255	0.000248	0.000088	0.054685
99	0.721156	0.076764	0.122409	0.000630	0.024823	0.000257	0.000247	0.000092	0.053622
100	0.722917	0.076769	0.121839	0.000609	0.024813	0.000263	0.000228	0.000084	0.052478
101	0.724884	0.076904	0.121114	0.000643	0.024821	0.000246	0.000216	0.000071	0.051101
102	0.726554	0.077071	0.120255	0.000563	0.024825	0.000233	0.000187	0.000071	0.050241
103	0.728656	0.077191	0.119294	0.000539	0.024648	0.000225	0.000176	0.000063	0.049208
104	0.730435	0.076822	0.118819	0.000554	0.024773	0.000215	0.000159	0.000068	0.048155
105	0.732573	0.076798	0.118312	0.000506	0.024779	0.000229	0.000171	0.000053	0.046579
106	0.734028	0.076719	0.117683	0.000485	0.024990	0.000208	0.000146	0.000048	0.045693
107	0.735219	0.076945	0.117239	0.000455	0.025129	0.000192	0.000131	0.000049	0.044641
108	0.736864	0.076714	0.116570	0.000447	0.025267	0.000184	0.000126	0.000049	0.043779
109	0.738547	0.076630	0.116059	0.000429	0.025371	0.000180	0.000125	0.000048	0.042611
110	0.740690	0.076796	0.114941	0.000430	0.025312	0.000159	0.000122	0.000056	0.041494
111	0.742208	0.076684	0.114620	0.000383	0.025366	0.000178	0.000116	0.000056	0.040389
112	0.743875	0.076904	0.113861	0.000389	0.025271	0.000168	0.000112	0.000034	0.039386
113	0.745228	0.077075	0.113436	0.000361	0.025210	0.000149	0.000099	0.000038	0.038404
114	0.746530	0.076823	0.113365	0.000347	0.025159	0.000139	0.000097	0.000034	0.037506
115	0.748102	0.076762	0.112858	0.000352	0.025133	0.000149	0.000094	0.000037	0.036513
116	0.749240	0.076425	0.112533	0.000302	0.025407	0.000125	0.000085	0.000035	0.035848
117	0.749555	0.076859	0.112665	0.000302	0.025301	0.000128	0.000079	0.000030	0.035081
118	0.750262	0.076945	0.112683	0.000291	0.025277	0.000113	0.000064	0.000031	0.034334
119	0.751377	0.077127	0.112205	0.000290	0.025328	0.000102	0.000052	0.000031	0.033488
120	0.752136	0.077260	0.112257	0.000302	0.025340	0.000103	0.000058	0.000021	0.032523
121	0.753347	0.077234	0.111830	0.000283	0.025336	0.000117	0.000049	0.000026	0.031778
122	0.754493	0.077404	0.111194	0.000300	0.025307	0.000089	0.000048	0.000024	0.031141
123	0.756169	0.077124	0.110665	0.000292	0.025265	0.000090	0.000049	0.000024	0.030322
124	0.757064	0.077235	0.110293	0.000273	0.025143	0.000084	0.000048	0.000019	0.029841
125	0.757998	0.077600	0.109832	0.000253	0.025090	0.000083	0.000046	0.000023	0.029075
126	0.758477	0.077559	0.110004	0.000249	0.025168	0.000076	0.000036	0.000029	0.028402
127	0.759791	0.077498	0.109329	0.000243	0.025363	0.000079	0.000040	0.000020	0.027637
128	0.761073	0.077423	0.108881	0.000220	0.025314	0.000064	0.000036	0.000014	0.026975
129	0.761438	0.077641	0.108861	0.000227	0.025315	0.000065	0.000028	0.000013	0.026412
130	0.762769	0.077188	0.108561	0.000220	0.025513	0.000068	0.000031	0.000008	0.025642
131	0.763642	0.077096	0.108487	0.000186	0.025511	0.000055	0.000031	0.000007	0.024985
132	0.764656	0.077162	0.107979	0.000191	0.025661	0.000058	0.000027	0.000004	0.024262
133	0.765608	0.077078	0.107790	0.000200	0.025543	0.000060	0.000027	0.000003	0.023691
134	0.766644	0.076974	0.107406	0.000186	0.025580	0.000052	0.000029	0.000002	0.023127
135	0.767384	0.076773	0.107241	0.000190	0.025694	0.000041	0.000028	0.000001	0.022648
136	0.768021	0.076655	0.107075	0.000197	0.025812	0.000038	0.000020	0.000001	0.022181
137	0.768730	0.076488	0.107154	0.000175	0.025901	0.000031	0.000021	0.000001	0.021499
138	0.769597	0.076618	0.106772	0.000165	0.025869	0.000031	0.000026	0.000000	0.020922
139	0.770603	0.076495	0.106350	0.000154	0.026004	0.000038	0.000020	0.000001	0.020335
140	0.771778	0.076763	0.105553	0.000153	0.026040	0.000026	0.000015	0.000001	0.019671
141	0.772380	0.076826	0.105490	0.000165	0.025985	0.000028	0.000008	0.000001	0.019117
142	0.773825	0.076250	0.105087	0.000167	0.026047	0.000020	0.000007	0.000000	0.018597
143	0.775184	0.075831	0.104618	0.000160	0.026134	0.000026	0.000007	0.000000	0.018040
144	0.776066	0.075506	0.104303	0.000141	0.026315	0.000021	0.000008	0.000000	0.017640
145	0.776406	0.075774	0.104049	0.000157	0.026374	0.000024	0.000008	0.000001	0.017207
146	0.777534	0.075249	0.103884	0.000155	0.026503	0.000019	0.000003	0.000001	0.016652
147	0.778554	0.074762	0.103852	0.000143	0.026409	0.000026	0.000004	0.000000	0.016250
148	0.779561	0.074783	0.103194	0.000138	0.026458	0.000021	0.000001	0.000000	0.015844
149	0.780048	0.074390	0.103230	0.000144	0.026647	0.000013	0.000001	0.000000	0.015527
150	0.780592	0.074395	0.103098	0.000114	0.026595	0.000015	0.000001	0.000000	0.015190
151	0.780719	0.074308	0.103337	0.000121	0.026723	0.000008	0.000000	0.000000	0.014784
152	0.781086	0.074425	0.103367	0.000112	0.026702	0.000011	0.000000	0.000000	0.014297
153	0.782025	0.074034	0.103160	0.000132	0.026767	0.000011	0.000000	0.000000	0.013871
154	0.782829	0.074068	0.102448	0.000118	0.026842	0.000011	0.000000	0.000000	0.013684
155	0.783367	0.073920	0.102446	0.000123	0.026820	0.000014	0.000000	0.000000	0.013310
156	0.784014	0.073942	0.102263	0.000129	0.026683	0.000019	0.000000	0.000000	0.012950
157	0.784199	0.073888	0.102332	0.000116	0.026738	0.000015	0.000000	0.000000	0.012712
158	0.784673	0.073749	0.102177	0.000097	0.026886	0.000017	0.000000	0.000000	0.012401
159	0.785013	0.073844	0.102323	0.000093	0.026714	0.000019	0.000000	0.000000	0.011994
160	0.785300	0.074019	0.102080	0.000107	0.026742	0.000015	0.000000	0.000000	0.011737
161	0.785228	0.074188	0.102213	0.000102	0.026768	0.000012	0.000000	0.000000	0.011489
162	0.786428	0.073645	0.101905	0.000093	0.026862	0.000017	0.000000	0.000000	0.011050
163	0.786954	0.073561	0.101762	0.000091	0.026817	0.000020	0.000000	0.000000	0.010795
164	0.787289	0.073441	0.101719	0.000092	0.026853	0.000015	0.000000	0.000000	0.010591
165	0.787768	0.073523	0.101322	0.000092	0.027008	0.000008	0.000000	0.000000	0.010279
166	0.787965	0.073497	0.101233	0.000085	0.027117	0.000008	0.000000	0.000000	0.010095
167	0.788200	0.073533	0.100976	0.000089	0.027163	0.000008	0.000000	0.000000	0.010031
168	0.788928	0.073382	0.100847	0.000090	0.027060	0.000009	0.000000	0.000000	0.009684
169	0.789221	0.073217	0.100870	0.000075	0.027123	0.000003	0.000000	0.000000	0.009491
170	0.789597	0.072959	0.100923	0.000076	0.027138	0.000002	0.000000	0.000000	0.009305
171	0.790213	0.072790	0.100508	0.000091	0.027279	0.000001	0.000000	0.000000	0.009118
172	0.790460	0.072569	0.100517	0.000081	0.027507	0.000001	0.000000	0.000000	0.008865
173	0.790609	0.072673	0.100442	0.000078	0.027515	0.000001	0.000000	0.000000	0.008682
174	0.790922	0.072630	0.100443	0.000086	0.027583	0.000001	0.000000	0.000000	0.008335
175	0.791310	0.072272	0.100648	0.000075	0.027566	0.000002	0.000000	0.000000	0.008127
176	0.791497	0.072297	0.100525	0.000071	0.027639	0.000001	0.000000	0.000000	0.007970
177	0.792357	0.072057	0.100148	0.000067	0.027704	0.000001	0.000000	0.000000	0.007666
178	0.792852	0.071952	0.099822	0.000070	0.027850	0.000000	0.000000	0.000000	0.007454
179	0.793071	0.071756	0.099739	0.000072	0.028066	0.000000	0.000000	0.000000	0.007296
180	0.792876	0.071746	0.100010	0.000066	0.028178	0.000000	0.000000	0.000000	0.007124
181	0.793198	0.071671	0.099993	0.000056	0.028134	0.000000	0.000000	0.000000	0.006948
182	0.793359	0.071749	0.099797	0.000060	0.028285	0.000000	0.000000	0.000000	0.006750
183	0.793801	0.071715	0.099612	0.000053	0.028240	0.000000	0.000000	0.000000	0.006579
184	0.793733	0.071503	0.099847	0.000050	0.028461	0.000000	0.000000	0.000000	0.006406
185	0.794189	0.071095	0.099791	0.000051	0.028505	0.000000	0.000000	0.000000	0.006369
186	0.794577	0.070759	0.099646	0.000048	0.028688	0.000000	0.000000	0.000000	0.006282
187	0.794806	0.070789	0.099480	0.000040	0.028803	0.000000	0.000000	0.000000	0.006082
188	0.795239	0.070656	0.099137	0.000041	0.028925	0.000000	0.000000	0.000000	0.006002
189	0.795504	0.070551	0.098976	0.000040	0.029077	0.000000	0.000000	0.000000	0.005852
190	0.795365	0.070513	0.099241	0.000033	0.029101	0.000000	0.000000	0.000000	0.005747
191	0.796012	0.070495	0.098705	0.000034	0.029115	0.000000	0.000000	0.000000	0.005639
192	0.796102	0.070280	0.098968	0.000032	0.029172	0.000000	0.000000	0.000000	0.005446
193	0.796008	0.070608	0.098728	0.000031	0.029304	0.000000	0.000000	0.000000	0.005321
194	0.796802	0.070299	0.098336	0.000025	0.029311	0.000000	0.000000	0.000000	0.005227
195	0.796706	0.070211	0.098708	0.000026	0.029182	0.000000	0.000000	0.000000	0.005167
196	0.796974	0.070100	0.098597	0.000021	0.029205	0.000000	0.000000	0.000000	0.005103
197	0.796743	0.070077	0.098814	0.000027	0.029339	0.000000	0.000000	0.000000	0.005000
198	0.796638	0.070133	0.098815	0.000027	0.029495	0.000000	0.000000	0.000000	0.004892
199	0.796679	0.069991	0.099054	0.000028	0.029540	0.000000	0.000000	0.000000	0.004708
200	0.796589	0.069824	0.099239	0.000025	0.029663	0.000000	0.000000	0.000000	0.004660
201	0.796796	0.069814	0.099119	0.000027	0.029653	0.000000	0.000000	0.000000	0.004591
202	0.797179	0.069738	0.098931	0.000027	0.029683	0.000000	0.000000	0.000000	0.004442
203	0.796908	0.069883	0.099020	0.000021	0.029793	0.000000	0.000000	0.000000	0.004375
204	0.797221	0.069598	0.098922	0.000024	0.029949	0.000000	0.000000	0.000000	0.004286
205	0.797440	0.069509	0.098647	0.000018	0.030166	0.000000	0.000000	0.000000	0.004220
206	0.797693	0.069587	0.098203	0.000013	0.030312	0.000000	0.000000	0.000000	0.004192
207	0.797864	0.069587	0.098146	0.000017	0.030331	0.000000	0.000000	0.000000	0.004055
208	0.797859	0.069378	0.098332	0.000016	0.030379	0.000000	0.000000	0.000000	0.004036
209	0.798393	0.069295	0.097919	0.000017	0.030467	0.000000	0.000000	0.000000	0.003909
210	0.798675	0.069080	0.097889	0.000007	0.030451	0.000000	0.000000	0.000000	0.003898
211	0.799134	0.068678	0.097913	0.000007	0.030445	0.000000	0.000000	0.000000	0.003823
212	0.799006	0.068708	0.098190	0.000012	0.030291	0.000000	0.000000	0.000000	0.003793
213	0.799872	0.068389	0.097803	0.000011	0.030243	0.000000	0.000000	0.000000	0.003682
214	0.800375	0.068256	0.097476	0.000010	0.030269	0.000000	0.000000	0.000000	0.003614
215	0.800135	0.068187	0.097768	0.000005	0.030329	0.000000	0.000000	0.000000	0.003576
216	0.800302	0.068442	0.097416	0.000007	0.030384	0.000000	0.000000	0.000000	0.003449
217	0.800506	0.067999	0.097507	0.000003	0.030555	0.000000	0.000000	0.000000	0.003430
218	0.800774	0.067808	0.097447	0.000005	0.030639	0.000000	0.000000	0.000000	0.003327
219	0.800336	0.067676	0.097866	0.000003	0.030810	0.000000	0.000000	0.000000	0.003309
220	0.801420	0.067133	0.097530	0.000001	0.030705	0.000000	0.000000	0.000000	0.003211
221	0.801601	0.067167	0.097246	0.000001	0.030827	0.000000	0.000000	0.000000	0.003158
222	0.801614	0.067228	0.097238	0.000001	0.030729	0.000000	0.000000	0.000000	0.003190
223	0.801900	0.067022	0.097052	0.000001	0.030905	0.000000	0.000000	0.000000	0.003120
224	0.802611	0.066584	0.096754	0.000000	0.031019	0.000000	0.000000	0.000000	0.003032
225	0.802263	0.066651	0.097068	0.000000	0.031037	0.000000	0.000000	0.000000	0.002981
226	0.802368	0.066213	0.097455	0.000000	0.031053	0.000000	0.000000	0.000000	0.002911
227	0.802854	0.066039	0.097239	0.000000	0.031071	0.000000	0.000000	0.000000	0.002797
228	0.802766	0.065825	0.097306	0.000000	0.031262	0.000000	0.000000	0.000000	0.002841
229	0.802982	0.065523	0.097494	0.000000	0.031220	0.000000	0.000000	0.000000	0.002781
230	0.803390	0.065860	0.096803	0.000000	0.031273	0.000000	0.000000	0.000000	0.002674
231	0.803826	0.065338	0.096798	0.000000	0.031358	0.000000	0.000000	0.000000	0.002680
232	0.804322	0.065209	0.096399	0.000000	0.031355	0.000000	0.000000	0.000000	0.002715
233	0.804346	0.065152	0.096358	0.000000	0.031420	0.000000	0.000000	0.000000	0.002724
234	0.804342	0.065054	0.096416	0.000000	0.031487	0.000000	0.000000	0.000000	0.002701
235	0.804783	0.064863	0.096201	0.000000	0.031537	0.000000	0.000000	0.000000	0.002616
236	0.804899	0.064684	0.096161	0.000000	0.031683	0.000000	0.000000	0.000000	0.002573
237	0.804741	0.064773	0.096095	0.000000	0.031907	0.000000	0.000000	0.000000	0.002484
238	0.805191	0.064721	0.095671	0.000000	0.031963	0.000000	0.000000	0.000000	0.002454
239	0.804783	0.064821	0.095859	0.000000	0.032093	0.000000	0.000000	0.000000	0.002444
240	0.805294	0.064417	0.095511	0.000000	0.032338	0.000000	0.000000	0.000000	0.002440
241	0.805483	0.064312	0.095556	0.000000	0.032271	0.000000	0.000000	0.000000	0.002378
242	0.805596	0.064018	0.095544	0.000000	0.032443	0.000000	0.000000	0.000000	0.002399
243	0.805650	0.064191	0.095330	0.000000	0.032499	0.000000	0.000000	0.000000	0.002330
244	0.805974	0.063964	0.095041	0.000000	0.032691	0.000000	0.000000	0.000000	0.002330
245	0.805992	0.064018	0.095065	0.000000	0.032635	0.000000	0.000000	0.000000	0.002290
246	0.806026	0.063875	0.095260	0.000000	0.032581	0.000000	0.000000	0.000000	0.002258
247	0.806245	0.063689	0.095135	0.000000	0.032680	0.000000	0.000000	0.000000	0.002251
248	0.806252	0.063648	0.095176	0.000000	0.032788	0.000000	0.000000	0.000000	0.002136
249	0.806195	0.063257	0.095332	0.000000	0.033019	0.000000	0.000000	0.000000	0.002197
250	0.806434	0.063048	0.095157	0.000000	0.033154	0.000000	0.000000	0.000000	0.002207
251	0.806478	0.062903	0.095256	0.000000	0.033220	0.000000	0.000000	0.000000	0.002143
252	0.806741	0.062822	0.094938	0.000000	0.033333	0.000000	0.000000	0.000000	0.002166
253	0.806583	0.062809	0.095054	0.000000	0.033479	0.000000	0.000000	0.000000	0.002075
254	0.807167	0.062728	0.094512	0.000000	0.033571	0.000000	0.000000	0.000000	0.002022
255	0.807278	0.062657	0.094351	0.000000	0.033682	0.000000	0.000000	0.000000	0.002032
256	0.807184	0.062434	0.094700	0.000000	0.033699	0.000000	0.000000	0.000000	0.001983
257	0.807228	0.062257	0.094705	0.000000	0.033832	0.000000	0.000000	0.000000	0.001978
258	0.806959	0.062480	0.094408	0.000000	0.034134	0.000000	0.000000	0.000000	0.002019
259	0.807111	0.062302	0.094570	0.000000	0.034100	0.000000	0.000000	0.000000	0.001917
260	0.807015	0.062232	0.094794	0.000000	0.034063	0.000000	0.000000	0.000000	0.001896
261	0.806984	0.062159	0.094775	0.000000	0.034172	0.000000	0.000000	0.000000	0.001910
262	0.806780	0.062227	0.094910	0.000000	0.034210	0.000000	0.000000	0.000000	0.001873
263	0.806565	0.061977	0.095251	0.000000	0.034401	0.000000	0.000000	0.000000	0.001806
264	0.806133	0.061978	0.095697	0.000000	0.034403	0.000000	0.000000	0.000000	0.001789
265	0.805891	0.062316	0.095611	0.000000	0.034429	0.000000	0.000000	0.000000	0.001753
266	0.806389	0.062028	0.095424	0.000000	0.034481	0.000000	0.000000	0.000000	0.001678
267	0.806154	0.061895	0.095581	0.000000	0.034635	0.000000	0.000000	0.000000	0.001735
268	0.805961	0.061994	0.095721	0.000000	0.034655	0.000000	0.000000	0.000000	0.001669
269	0.806205	0.061716	0.095690	0.000000	0.034758	0.000000	0.000000	0.000000	0.001631
270	0.806263	0.061641	0.095765	0.000000	0.034764	0.000000	0.000000	0.000000	0.001567
271	0.806375	0.061636	0.095721	0.000000	0.034718	0.000000	0.000000	0.000000	0.001550
272	0.806039	0.061827	0.095854	0.000000	0.034718	0.000000	0.000000	0.000000	0.001562
273	0.805923	0.061913	0.095921	0.000000	0.034702	0.000000	0.000000	0.000000	0.001541
274	0.805893	0.061571	0.096146	0.000000	0.034848	0.000000	0.000000	0.000000	0.001542
275	0.805593	0.061468	0.096469	0.000000	0.034962	0.000000	0.000000	0.000000	0.001508
276	0.805867	0.061277	0.096558	0.000000	0.034815	0.000000	0.000000	0.000000	0.001483
277	0.805395	0.061355	0.096874	0.000000	0.034891	0.000000	0.000000	0.000000	0.001485
278	0.805519	0.061367	0.096669	0.000000	0.034977	0.000000	0.000000	0.000000	0.001468
279	0.805844	0.061104	0.096608	0.000000	0.035005	0.000000	0.000000	0.000000	0.001439
280	0.805931	0.060898	0.096438	0.000000	0.035313	0.000000	0.000000	0.000000	0.001420
281	0.806004	0.060956	0.096419	0.000000	0.035205	0.000000	0.000000	0.000000	0.001416
282	0.805779	0.061043	0.096449	0.000000	0.035361	0.000000	0.000000	0.000000	0.001368
283	0.805107	0.060979	0.097115	0.000000	0.035400	0.000000	0.000000	0.000000	0.001399
284	0.805295	0.060799	0.097147	0.000000	0.035425	0.000000	0.000000	0.000000	0.001334
285	0.805381	0.060991	0.096892	0.000000	0.035426	0.000000	0.000000	0.000000	0.001310
286	0.805579	0.060753	0.096958	0.000000	0.035433	0.000000	0.000000	0.000000	0.001277
287	0.806159	0.060443	0.096817	0.000000	0.035345	0.000000	0.000000	0.000000	0.001236
288	0.806086	0.060577	0.096784	0.000000	0.035363	0.000000	0.000000	0.000000	0.001190
289	0.805679	0.060535	0.097128	0.000000	0.035514	0.000000	0.000000	0.000000	0.001144
290	0.805617	0.060633	0.097062	0.000000	0.035566	0.000000	0.000000	0.000000	0.001122
291	0.805498	0.060786	0.097148	0.000000	0.035451	0.000000	0.000000	0.000000	0.001117
292	0.805881	0.060509	0.096921	0.000000	0.035584	0.000000	0.000000	0.000000	0.001105
293	0.805817	0.060079	0.097180	0.000000	0.035792	0.000000	0.000000	0.000000	0.001132
294	0.805487	0.060285	0.097541	0.000000	0.035589	0.000000	0.000000	0.000000	0.001098
295	0.805063	0.060256	0.097904	0.000000	0.035704	0.000000	0.000000	0.000000	0.001073
296	0.805183	0.060239	0.097883	0.000000	0.035639	0.000000	0.000000	0.000000	0.001056
297	0.804958	0.060437	0.097875	0.000000	0.035692	0.000000	0.000000	0.000000	0.001038
298	0.805199	0.060271	0.097822	0.000000	0.035661	0.000000	0.000000	0.000000	0.001047
299	0.805580	0.060010	0.097658	0.000000	0.035725	0.000000	0.000000	0.000000	0.001027
300	0.805637	0.059920	0.097732	0.000000	0.035715	0.000000	0.000000	0.000000	0.000996
301	0.805346	0.060051	0.097940	0.000000	0.035668	0.000000	0.000000	0.000000	0.000995
302	0.805272	0.060188	0.097874	0.000000	0.035711	0.000000	0.000000	0.000000	0.000955
303	0.805818	0.060107	0.097441	0.000000	0.035674	0.000000	0.000000	0.000000	0.000960
304	0.806068	0.060039	0.097064	0.000000	0.035863	0.000000	0.000000	0.000000	0.000966
305	0.806102	0.059940	0.097129	0.000000	0.035870	0.000000	0.000000	0.000000	0.000959
306	0.806281	0.059939	0.096826	0.000000	0.036022	0.000000	0.000000	0.000000	0.000932
307	0.806149	0.059983	0.096757	0.000000	0.036201	0.000000	0.000000	0.000000	0.000910
308	0.806379	0.059952	0.096609	0.000000	0.036172	0.000000	0.000000	0.000000	0.000888
309	0.806245	0.059626	0.096928	0.000000	0.036323	0.000000	0.000000	0.000000	0.000878
310	0.806131	0.059594	0.096918	0.000000	0.036462	0.000000	0.000000	0.000000	0.000895
311	0.806135	0.059676	0.096972	0.000000	0.036379	0.000000	0.000000	0.000000	0.000838
312	0.806518	0.059424	0.096647	0.000000	0.036600	0.000000	0.000000	0.000000	0.000811
313	0.806406	0.059339	0.096863	0.000000	0.036609	0.000000	0.000000	0.000000	0.000783
314	0.806176	0.059389	0.097004	0.000000	0.036675	0.000000	0.000000	0.000000	0.000756
315	0.805738	0.059719	0.097071	0.000000	0.036737	0.000000	0.000000	0.000000	0.000735
316	0.806382	0.059118	0.096993	0.000000	0.036776	0.000000	0.000000	0.000000	0.000731
317	0.806566	0.058991	0.096965	0.000000	0.036751	0.000000	0.000000	0.000000	0.000727
318	0.806499	0.058916	0.097116	0.000000	0.036789	0.000000	0.000000	0.000000	0.000680
319	0.807071	0.058453	0.097083	0.000000	0.036691	0.000000	0.000000	0.000000	0.000702
320	0.807214	0.058475	0.096992	0.000000	0.036625	0.000000	0.000000	0.000000	0.000694
321	0.807263	0.058392	0.096919	0.000000	0.036742	0.000000	0.000000	0.000000	0.000684
322	0.807416	0.058130	0.097076	0.000000	0.036697	0.000000	0.000000	0.000000	0.000681
323	0.807403	0.057952	0.097023	0.000000	0.036931	0.000000	0.000000	0.000000	0.000691
324	0.807589	0.057798	0.097039	0.000000	0.036891	0.000000	0.000000	0.000000	0.000683
325	0.807779	0.057720	0.096808	0.000000	0.037017	0.000000	0.000000	0.000000	0.000676
326	0.808424	0.057401	0.096608	0.000000	0.036891	0.000000	0.000000	0.000000	0.000676
327	0.808662	0.057064	0.096826	0.000000	0.036768	0.000000	0.000000	0.000000	0.000680
328	0.808567	0.057055	0.096855	0.000000	0.036870	0.000000	0.000000	0.000000	0.000653
329	0.808798	0.056868	0.096764	0.000000	0.036944	0.000000	0.000000	0.000000	0.000626
330	0.808911	0.056744	0.096857	0.000000	0.036847	0.000000	0.000000	0.000000	0.000641
331	0.808528	0.056634	0.097233	0.000000	0.036985	0.000000	0.000000	0.000000	0.000620
332	0.808332	0.056554	0.097511	0.000000	0.036994	0.000000	0.000000	0.000000	0.000609
333	0.809092	0.056313	0.096939	0.000000	0.037045	0.000000	0.000000	0.000000	0.000611
334	0.808468	0.056434	0.097495	0.000000	0.037002	0.000000	0.000000	0.000000	0.000601
335	0.808359	0.056707	0.097278	0.000000	0.037058	0.000000	0.000000	0.000000	0.000598
336	0.808475	0.056092	0.097790	0.000000	0.037062	0.000000	0.000000	0.000000	0.000581
337	0.808687	0.055988	0.097875	0.000000	0.036890	0.000000	0.000000	0.000000	0.000560
338	0.808048	0.056071	0.098217	0.000000	0.037075	0.000000	0.000000	0.000000	0.000589
339	0.807947	0.056061	0.098337	0.000000	0.037089	0.000000	0.000000	0.000000	0.000566
340	0.808217	0.055695	0.098379	0.000000	0.037144	0.000000	0.000000	0.000000	0.000565
341	0.808363	0.055685	0.098317	0.000000	0.037087	0.000000	0.000000	0.000000	0.000548
342	0.808430	0.055810	0.098055	0.000000	0.037144	0.000000	0.000000	0.000000	0.000561
343	0.807785	0.055919	0.098456	0.000000	0.037275	0.000000	0.000000	0.000000	0.000565
344	0.808662	0.055553	0.097831	0.000000	0.037373	0.000000	0.000000	0.000000	0.000581
345	0.808463	0.055825	0.097775	0.000000	0.037400	0.000000	0.000000	0.000000	0.000537
346	0.808387	0.055824	0.097838	0.000000	0.037428	0.000000	0.000000	0.000000	0.000523
347	0.808475	0.055654	0.097752	0.000000	0.037595	0.000000	0.000000	0.000000	0.000524
348	0.808622	0.055317	0.097898	0.000000	0.037656	0.000000	0.000000	0.000000	0.000507
349	0.808452	0.055159	0.098176	0.000000	0.037736	0.000000	0.000000	0.000000	0.000477
350	0.808506	0.055148	0.098065	0.000000	0.037806	0.000000	0.000000	0.000000	0.000475
351	0.808713	0.055167	0.097750	0.000000	0.037916	0.000000	0.000000	0.000000	0.000454
352	0.808952	0.055182	0.097450	0.000000	0.037965	0.000000	0.000000	0.000000	0.000451
353	0.808652	0.054850	0.098093	0.000000	0.037981	0.000000	0.000000	0.000000	0.000424
354	0.808489	0.055161	0.098125	0.000000	0.037824	0.000000	0.000000	0.000000	0.000401
355	0.808377	0.054953	0.098282	0.000000	0.037964	0.000000	0.000000	0.000000	0.000424
356	0.808447	0.054893	0.098255	0.000000	0.038015	0.000000	0.000000	0.000000	0.000390
357	0.808576	0.054826	0.098087	0.000000	0.038114	0.000000	0.000000	0.000000	0.000397
358	0.808841	0.054552	0.098010	0.000000	0.038195	0.000000	0.000000	0.000000	0.000402
359	0.809011	0.054364	0.097974	0.000000	0.038235	0.000000	0.000000	0.000000	0.000416
360	0.809026	0.054185	0.098174	0.000000	0.038223	0.000000	0.000000	0.000000	0.000392
361	0.808963	0.054288	0.098129	0.000000	0.038247	0.000000	0.000000	0.000000	0.000373
362	0.808502	0.054467	0.098345	0.000000	0.038328	0.000000	0.000000	0.000000	0.000358
363	0.808676	0.054195	0.098438	0.000000	0.038327	0.000000	0.000000	0.000000	0.000364
364	0.809099	0.054183	0.097912	0.000000	0.038434	0.000000	0.000000	0.000000	0.000372
365	0.809050	0.054083	0.097933	0.000000	0.038590	0.000000	0.000000	0.000000	0.000344
366	0.809681	0.054030	0.097473	0.000000	0.038454	0.000000	0.000000	0.000000	0.000362
367	0.809230	0.054006	0.097884	0.000000	0.038530	0.000000	0.000000	0.000000	0.000350
368	0.809561	0.053808	0.097693	0.000000	0.038595	0.000000	0.000000	0.000000	0.000343
369	0.809876	0.053825	0.097283	0.000000	0.038681	0.000000	0.000000	0.000000	0.000335
370	0.810237	0.053627	0.097188	0.000000	0.038632	0.000000	0.000000	0.000000	0.000316
371	0.810226	0.053582	0.097295	0.000000	0.038593	0.000000	0.000000	0.000000	0.000304
372	0.810752	0.053156	0.097159	0.000000	0.038626	0.000000	0.000000	0.000000	0.000307
373	0.811046	0.052962	0.097097	0.000000	0.038563	0.000000	0.000000	0.000000	0.000332
374	0.811125	0.052844	0.096976	0.000000	0.038739	0.000000	0.000000	0.000000	0.000316
375	0.810635	0.052639	0.097418	0.000000	0.038981	0.000000	0.000000	0.000000	0.000327
376	0.811390	0.052431	0.096940	0.000000	0.038916	0.000000	0.000000	0.000000	0.000323
377	0.811736	0.052236	0.096732	0.000000	0.038976	0.000000	0.000000	0.000000	0.000320
378	0.811986	0.052132	0.096597	0.000000	0.038938	0.000000	0.000000	0.000000	0.000347
379	0.811882	0.051998	0.096723	0.000000	0.039082	0.000000	0.000000	0.000000	0.000315
380	0.811686	0.051927	0.096989	0.000000	0.039061	0.000000	0.000000	0.000000	0.000337
381	0.812094	0.051857	0.096691	0.000000	0.039038	0.000000	0.000000	0.000000	0.000320
382	0.811928	0.052079	0.096638	0.000000	0.039062	0.000000	0.000000	0.000000	0.000293
383	0.811774	0.051885	0.096969	0.000000	0.039071	0.000000	0.000000	0.000000	0.000301
384	0.812194	0.051724	0.096783	0.000000	0.038994	0.000000	0.000000	0.000000	0.000305
385	0.812302	0.051512	0.096659	0.000000	0.039227	0.000000	0.000000	0.000000	0.000300
386	0.812270	0.051690	0.096500	0.000000	0.039239	0.000000	0.000000	0.000000	0.000301
387	0.812142	0.051627	0.096745	0.000000	0.039211	0.000000	0.000000	0.000000	0.000275
388	0.811932	0.051691	0.096694	0.000000	0.039409	0.000000	0.000000	0.000000	0.000274
389	0.811779	0.051516	0.096864	0.000000	0.039568	0.000000	0.000000	0.000000	0.000273
390	0.812262	0.050958	0.096980	0.000000	0.039552	0.000000	0.000000	0.000000	0.000248
391	0.812162	0.050967	0.096933	0.000000	0.039693	0.000000	0.000000	0.000000	0.000245
392	0.812349	0.050937	0.096780	0.000000	0.039687	0.000000	0.000000	0.000000	0.000247
393	0.812320	0.050744	0.096956	0.000000	0.039733	0.000000	0.000000	0.000000	0.000247
394	0.812586	0.050423	0.096918	0.000000	0.039836	0.000000	0.000000	0.000000	0.000237
395	0.812716	0.050407	0.096915	0.000000	0.039715	0.000000	0.000000	0.000000	0.000247
396	0.812602	0.050508	0.096887	0.000000	0.039784	0.000000	0.000000	0.000000	0.000219
397	0.812253	0.050778	0.096928	0.000000	0.039817	0.000000	0.000000	0.000000	0.000224
398	0.811994	0.050761	0.097023	0.000000	0.040001	0.000000	0.000000	0.000000	0.000221
399	0.812666	0.050342	0.096811	0.000000	0.039972	0.000000	0.000000	0.000000	0.000209
400	0.812320	0.050392	0.096942	0.000000	0.040143	0.000000	0.000000	0.000000	0.000203
401	0.812018	0.050434	0.097121	0.000000	0.040218	0.000000	0.000000	0.000000	0.000209
402	0.812796	0.050195	0.096535	0.000000	0.040258	0.000000	0.000000	0.000000	0.000216
403	0.812341	0.050473	0.096695	0.000000	0.040286	0.000000	0.000000	0.000000	0.000205
404	0.812306	0.050621	0.096728	0.000000	0.040152	0.000000	0.000000	0.000000	0.000193
405	0.812075	0.050342	0.097109	0.000000	0.040261	0.000000	0.000000	0.000000	0.000213
406	0.812174	0.050303	0.097143	0.000000	0.040166	0.000000	0.000000	0.000000	0.000214
407	0.811512	0.050463	0.097671	0.000000	0.040144	0.000000	0.000000	0.000000	0.000210
408	0.811929	0.050426	0.097222	0.000000	0.040205	0.000000	0.000000	0.000000	0.000218
409	0.811613	0.050413	0.097392	0.000000	0.040374	0.000000	0.000000	0.000000	0.000208
410	0.811633	0.050341	0.097417	0.000000	0.040413	0.000000	0.000000	0.000000	0.000196
411	0.811656	0.050164	0.097593	0.000000	0.040394	0.000000	0.000000	0.000000	0.000193
412	0.811554	0.049996	0.097688	0.000000	0.040570	0.000000	0.000000	0.000000	0.000192
413	0.811280	0.050068	0.097648	0.000000	0.040825	0.000000	0.000000	0.000000	0.000179
414	0.811050	0.050254	0.097770	0.000000	0.040738	0.000000	0.000000	0.000000	0.000188
415	0.811028	0.050164	0.097819	0.000000	0.040821	0.000000	0.000000	0.000000	0.000168
416	0.811228	0.050253	0.097580	0.000000	0.040757	0.000000	0.000000	0.000000	0.000182
417	0.811111	0.050269	0.097590	0.000000	0.040850	0.000000	0.000000	0.000000	0.000180
418	0.810910	0.050343	0.097628	0.000000	0.040941	0.000000	0.000000	0.000000	0.000178
419	0.811434	0.049971	0.097538	0.000000	0.040894	0.000000	0.000000	0.000000	0.000163
420	0.811463	0.049688	0.097725	0.000000	0.040979	0.000000	0.000000	0.000000	0.000145
421	0.811212	0.049655	0.097809	0.000000	0.041190	0.000000	0.000000	0.000000	0.000134
422	0.811488	0.049581	0.097679	0.000000	0.041125	0.000000	0.000000	0.000000	0.000127
423	0.811649	0.049419	0.097692	0.000000	0.041118	0.000000	0.000000	0.000000	0.000122
424	0.811518	0.049486	0.097665	0.000000	0.041223	0.000000	0.000000	0.000000	0.000108
425	0.811402	0.049770	0.097652	0.000000	0.041067	0.000000	0.000000	0.000000	0.000109
426	0.811628	0.049620	0.097516	0.000000	0.041130	0.000000	0.000000	0.000000	0.000106
427	0.811783	0.049421	0.097561	0.000000	0.041124	0.000000	0.000000	0.000000	0.000111
428	0.811461	0.049607	0.097730	0.000000	0.041103	0.000000	0.000000	0.000000	0.000099
429	0.811966	0.049640	0.097291	0.000000	0.041003	0.000000	0.000000	0.000000	0.000100
430	0.812160	0.049605	0.096958	0.000000	0.041189	0.000000	0.000000	0.000000	0.000088
431	0.811459	0.049794	0.097404	0.000000	0.041250	0.000000	0.000000	0.000000	0.000093
432	0.811943	0.049159	0.097558	0.000000	0.041252	0.000000	0.000000	0.000000	0.000088
433	0.811971	0.049129	0.097611	0.000000	0.041211	0.000000	0.000000	0.000000	0.000078
434	0.811434	0.049018	0.098020	0.000000	0.041451	0.000000	0.000000	0.000000	0.000077
435	0.811236	0.049108	0.098233	0.000000	0.041342	0.000000	0.000000	0.000000	0.000081
436	0.811158	0.048836	0.098607	0.000000	0.041319	0.000000	0.000000	0.000000	0.000080
437	0.811477	0.048854	0.098226	0.000000	0.041357	0.000000	0.000000	0.000000	0.000086
438	0.811052	0.048874	0.098639	0.000000	0.041355	0.000000	0.000000	0.000000	0.000080
439	0.811170	0.049222	0.098192	0.000000	0.041346	0.000000	0.000000	0.000000	0.000070
440	0.811324	0.049147	0.097958	0.000000	0.041505	0.000000	0.000000	0.000000	0.000066
441	0.811394	0.049011	0.097907	0.000000	0.041629	0.000000	0.000000	0.000000	0.000059
442	0.811104	0.049181	0.098039	0.000000	0.041622	0.000000	0.000000	0.000000	0.000054
443	0.811175	0.049224	0.097908	0.000000	0.041645	0.000000	0.000000	0.000000	0.000048
444	0.811284	0.049142	0.097961	0.000000	0.041569	0.000000	0.000000	0.000000	0.000044
445	0.811574	0.049123	0.097766	0.000000	0.041497	0.000000	0.000000	0.000000	0.000040
446	0.811760	0.048816	0.097838	0.000000	0.041560	0.000000	0.000000	0.000000	0.000026
447	0.811948	0.048691	0.097655	0.000000	0.041677	0.000000	0.000000	0.000000	0.000029
448	0.812285	0.048444	0.097775	0.000000	0.041471	0.000000	0.000000	0.000000	0.000025
449	0.812229	0.048270	0.097840	0.000000	0.041639	0.000000	0.000000	0.000000	0.000022
450	0.812137	0.048405	0.097681	0.000000	0.041752	0.000000	0.000000	0.000000	0.000025
451	0.811938	0.048373	0.097781	0.000000	0.041883	0.000000	0.000000	0.000000	0.000025
452	0.811818	0.048591	0.097764	0.000000	0.041809	0.000000	0.000000	0.000000	0.000018
453	0.812440	0.048123	0.097575	0.000000	0.041842	0.000000	0.000000	0.000000	0.000020
454	0.812601	0.047985	0.097711	0.000000	0.041680	0.000000	0.000000	0.000000	0.000023
455	0.812288	0.047908	0.097945	0.000000	0.041837	0.000000	0.000000	0.000000	0.000022
456	0.812461	0.047772	0.098085	0.000000	0.041661	0.000000	0.000000	0.000000	0.000021
457	0.812352	0.047801	0.098123	0.000000	0.041708	0.000000	0.000000	0.000000	0.000016
458	0.812431	0.047945	0.097769	0.000000	0.041839	0.000000	0.000000	0.000000	0.000016
459	0.812168	0.048106	0.097889	0.000000	0.041827	0.000000	0.000000	0.000000	0.000010
460	0.812127	0.048130	0.098037	0.000000	0.041697	0.000000	0.000000	0.000000	0.000009
461	0.812516	0.047903	0.097801	0.000000	0.041775	0.000000	0.000000	0.000000	0.000005
462	0.812752	0.047789	0.097744	0.000000	0.041709	0.000000	0.000000	0.000000	0.000006
463	0.812977	0.047563	0.097866	0.000000	0.041587	0.000000	0.000000	0.000000	0.000007
464	0.812789	0.047566	0.098049	0.000000	0.041587	0.000000	0.000000	0.000000	0.000009
465	0.812644	0.047436	0.098244	0.000000	0.041666	0.000000	0.000000	0.000000	0.000010
466	0.812731	0.047427	0.098253	0.000000	0.041584	0.000000	0.000000	0.000000	0.000005
467	0.812869	0.047441	0.098046	0.000000	0.041638	0.000000	0.000000	0.000000	0.000006
468	0.812875	0.047494	0.097830	0.000000	0.041795	0.000000	0.000000	0.000000	0.000006
469	0.812595	0.047630	0.098000	0.000000	0.041765	0.000000	0.000000	0.000000	0.000010
470	0.812711	0.047592	0.097906	0.000000	0.041785	0.000000	0.000000	0.000000	0.000006
