0	0.290663	0.057897	0.229473	0.157588	0.029913	0.111872	0.085455	0.012259	0.024880
1	0.241682	0.049888	0.208042	0.139607	0.028332	0.119991	0.107789	0.021014	0.083655
2	0.250078	0.050768	0.213854	0.133916	0.028799	0.115792	0.100196	0.019570	0.087027
3	0.263985	0.052704	0.220516	0.128754	0.029179	0.110039	0.090496	0.017471	0.086856
4	0.278111	0.054594	0.225863	0.123920	0.029647	0.104323	0.082115	0.015575	0.085852
5	0.292010	0.055924	0.231241	0.119411	0.030328	0.098074	0.074103	0.013942	0.084967
6	0.306593	0.056934	0.235198	0.114591	0.030935	0.092477	0.066954	0.012213	0.084105
7	0.320605	0.057827	0.239445	0.109041	0.031740	0.086688	0.060520	0.010957	0.083177
8	0.334301	0.058253	0.243260	0.104612	0.032254	0.080916	0.054819	0.009767	0.081818
9	0.347073	0.059048	0.246790	0.099520	0.032840	0.075629	0.049631	0.008693	0.080776
10	0.360211	0.059398	0.248878	0.094993	0.033378	0.070857	0.044582	0.007793	0.079910
11	0.371855	0.060165	0.250547	0.090572	0.034189	0.065961	0.040582	0.006980	0.079149
12	0.382841	0.060213	0.253325	0.086003	0.034891	0.061844	0.036495	0.006154	0.078234
13	0.394533	0.060023	0.254860	0.081591	0.035439	0.057787	0.033021	0.005615	0.077131
14	0.405288	0.060357	0.256044	0.077098	0.036268	0.053433	0.030167	0.005065	0.076280
15	0.415343	0.060293	0.256698	0.073224	0.037234	0.049655	0.027386	0.004578	0.075589
16	0.425153	0.060465	0.256958	0.069130	0.038131	0.046435	0.024750	0.004041	0.074937
17	0.434112	0.060418	0.257581	0.065460	0.038926	0.043312	0.022503	0.003728	0.073960
18	0.442920	0.060322	0.257231	0.061867	0.039781	0.040624	0.020766	0.003405	0.073084
19	0.451270	0.060462	0.257188	0.058497	0.040841	0.037704	0.018920	0.002945	0.072173
20	0.459479	0.060075	0.256937	0.055282	0.041780	0.035502	0.017316	0.002680	0.070949
21	0.466839	0.060116	0.256438	0.052290	0.042746	0.033216	0.015614	0.002392	0.070349
22	0.473696	0.059867	0.256082	0.049535	0.044010	0.030947	0.014404	0.002107	0.069352
23	0.480887	0.059327	0.255078	0.047048	0.045064	0.028985	0.012985	0.001901	0.068725
24	0.487274	0.058865	0.254686	0.044556	0.046037	0.027253	0.011810	0.001670	0.067849
25	0.493759	0.058486	0.253767	0.041955	0.047272	0.025320	0.010901	0.001542	0.066998
26	0.499883	0.058202	0.252773	0.039578	0.047981	0.023670	0.010065	0.001470	0.066378
27	0.506237	0.057678	0.251183	0.037635	0.049297	0.022154	0.009156	0.001307	0.065353
28	0.511211	0.056997	0.250476	0.035673	0.050504	0.020860	0.008388	0.001179	0.064712
29	0.516077	0.056839	0.249303	0.033844	0.051941	0.019430	0.007689	0.001041	0.063836
30	0.520823	0.056123	0.248256	0.032259	0.053046	0.018296	0.007175	0.001001	0.063021
31	0.525239	0.055449	0.247130	0.030508	0.054904	0.017275	0.006526	0.000980	0.061989
32	0.529525	0.055382	0.245144	0.029085	0.056469	0.016416	0.006056	0.000870	0.061053
33	0.533981	0.054713	0.243719	0.027705	0.057846	0.015482	0.005539	0.000775	0.060240
34	0.538345	0.054051	0.242270	0.025981	0.059367	0.014635	0.005087	0.000724	0.059540
35	0.542157	0.053669	0.240670	0.024895	0.060937	0.013852	0.004724	0.000676	0.058420
36	0.546013	0.053011	0.239216	0.023892	0.062334	0.013147	0.004327	0.000569	0.057491
37	0.549557	0.052453	0.237919	0.022651	0.064116	0.012474	0.003945	0.000560	0.056325
38	0.553069	0.051760	0.236686	0.021712	0.065553	0.011683	0.003629	0.000530	0.055378
39	0.555566	0.051335	0.235480	0.020792	0.067301	0.010958	0.003339	0.000488	0.054741
40	0.558661	0.050762	0.234390	0.019983	0.069023	0.010235	0.003079	0.000475	0.053392
41	0.561365	0.050198	0.232913	0.019091	0.070641	0.009744	0.002869	0.000415	0.052764
42	0.562829	0.049597	0.231895	0.018431	0.072707	0.009297	0.002589	0.000435	0.052220
43	0.565247	0.049039	0.230242	0.017496	0.074693	0.008926	0.002412	0.000394	0.051551
44	0.567422	0.048961	0.228856	0.016745	0.076499	0.008420	0.002217	0.000338	0.050542
45	0.569339	0.048340	0.227997	0.016223	0.078395	0.007983	0.002063	0.000307	0.049353
46	0.570847	0.047620	0.227065	0.015567	0.080505	0.007659	0.001942	0.000301	0.048494
47	0.572878	0.047115	0.225600	0.014998	0.082291	0.007269	0.001789	0.000278	0.047782
48	0.574653	0.046597	0.223837	0.014411	0.084915	0.006921	0.001686	0.000255	0.046725
49	0.576640	0.046338	0.221854	0.013923	0.086814	0.006689	0.001577	0.000212	0.045953
50	0.577887	0.045963	0.219770	0.013565	0.089362	0.006290	0.001459	0.000194	0.045510
51	0.579585	0.045506	0.218099	0.012820	0.091522	0.006139	0.001376	0.000170	0.044783
52	0.580410	0.044886	0.217167	0.012441	0.093944	0.005930	0.001278	0.000171	0.043773
53	0.581209	0.044204	0.216827	0.011990	0.096133	0.005565	0.001140	0.000168	0.042764
54	0.582464	0.043709	0.215449	0.011680	0.098461	0.005270	0.001094	0.000160	0.041713
55	0.582779	0.043516	0.214625	0.011174	0.100755	0.005155	0.000999	0.000150	0.040847
56	0.583270	0.043027	0.213632	0.010993	0.103154	0.005027	0.000919	0.000134	0.039844
57	0.584504	0.042441	0.212047	0.010665	0.105375	0.004804	0.000875	0.000128	0.039161
58	0.585087	0.042047	0.210713	0.010231	0.107952	0.004664	0.000814	0.000117	0.038375
59	0.586249	0.041299	0.209120	0.010119	0.110179	0.004535	0.000769	0.000106	0.037624
60	0.586679	0.040878	0.207914	0.009639	0.112709	0.004426	0.000730	0.000113	0.036912
61	0.587543	0.040310	0.206083	0.009436	0.115247	0.004261	0.000702	0.000107	0.036311
62	0.587473	0.039742	0.205269	0.009062	0.117688	0.004091	0.000669	0.000102	0.035904
63	0.587795	0.039554	0.203734	0.008797	0.120360	0.003994	0.000616	0.000099	0.035051
64	0.588300	0.039142	0.202259	0.008564	0.123091	0.003798	0.000586	0.000090	0.034170
65	0.588940	0.038442	0.200420	0.008333	0.126029	0.003673	0.000565	0.000068	0.033530
66	0.588869	0.038174	0.199665	0.008041	0.128720	0.003584	0.000491	0.000051	0.032405
67	0.588726	0.038033	0.197858	0.007724	0.132046	0.003427	0.000471	0.000056	0.031659
68	0.588001	0.037706	0.197043	0.007420	0.135417	0.003241	0.000402	0.000043	0.030727
69	0.587779	0.037229	0.195324	0.007274	0.138693	0.003253	0.000348	0.000042	0.030058
70	0.587335	0.036901	0.193677	0.006894	0.142267	0.003145	0.000369	0.000043	0.029369
71	0.587022	0.036548	0.192495	0.006662	0.145086	0.003027	0.000354	0.000038	0.028768
72	0.586422	0.036173	0.190929	0.006602	0.148394	0.002955	0.000358	0.000034	0.028133
73	0.585657	0.035593	0.189750	0.006402	0.152032	0.002775	0.000315	0.000026	0.027450
74	0.584340	0.035270	0.188766	0.006234	0.155487	0.002722	0.000278	0.000023	0.026880
75	0.583458	0.034808	0.187370	0.006127	0.159042	0.002579	0.000275	0.000030	0.026311
76	0.582318	0.034306	0.186404	0.005934	0.162754	0.002507	0.000267	0.000015	0.025495
77	0.581160	0.033819	0.185309	0.005913	0.166541	0.002371	0.000271	0.000014	0.024602
78	0.580501	0.033346	0.183807	0.005789	0.170009	0.002327	0.000250	0.000018	0.023953
79	0.579885	0.032920	0.181919	0.005656	0.173557	0.002338	0.000250	0.000021	0.023454
80	0.578782	0.032264	0.180710	0.005502	0.177465	0.002256	0.000243	0.000023	0.022755
81	0.576924	0.031955	0.179876	0.005337	0.181464	0.002180	0.000220	0.000018	0.022026
82	0.576062	0.031535	0.178181	0.005207	0.185184	0.002174	0.000212	0.000018	0.021427
83	0.574187	0.031292	0.176903	0.005101	0.189354	0.002091	0.000187	0.000011	0.020874
84	0.573019	0.030533	0.175670	0.005086	0.193157	0.002041	0.000181	0.000014	0.020299
85	0.571402	0.030201	0.174553	0.004988	0.196830	0.002051	0.000162	0.000021	0.019792
86	0.570075	0.029867	0.172901	0.004936	0.200939	0.002027	0.000152	0.000023	0.019080
87	0.568738	0.029254	0.171746	0.004767	0.204809	0.001994	0.000147	0.000017	0.018528
88	0.567216	0.028901	0.170575	0.004562	0.208622	0.001921	0.000121	0.000016	0.018066
89	0.565357	0.028713	0.169037	0.004583	0.212563	0.001848	0.000107	0.000013	0.017779
90	0.564255	0.028310	0.167729	0.004408	0.216280	0.001850	0.000106	0.000011	0.017051
91	0.562076	0.027864	0.166739	0.004201	0.220610	0.001785	0.000110	0.000017	0.016598
92	0.560157	0.027204	0.165910	0.004078	0.224676	0.001765	0.000103	0.000016	0.016091
93	0.558235	0.027079	0.164243	0.004064	0.229015	0.001641	0.000100	0.000012	0.015611
94	0.556481	0.026513	0.162984	0.003871	0.233325	0.001629	0.000079	0.000018	0.015100
95	0.554297	0.025896	0.161767	0.003862	0.237774	0.001615	0.000069	0.000010	0.014710
96	0.552061	0.025239	0.160456	0.003813	0.242298	0.001620	0.000067	0.000011	0.014435
97	0.549609	0.025026	0.159613	0.003764	0.246486	0.001557	0.000060	0.000015	0.013870
98	0.547146	0.024599	0.158816	0.003724	0.250616	0.001567	0.000058	0.000010	0.013464
99	0.544384	0.024397	0.157615	0.003786	0.255211	0.001525	0.000045	0.000009	0.013028
100	0.541829	0.023984	0.156225	0.003734	0.259837	0.001490	0.000042	0.000008	0.012851
101	0.539500	0.023525	0.155104	0.003650	0.264322	0.001517	0.000041	0.000008	0.012333
102	0.537264	0.023262	0.154078	0.003517	0.268447	0.001501	0.000028	0.000005	0.011898
103	0.534733	0.022913	0.152677	0.003490	0.273096	0.001444	0.000030	0.000004	0.011613
104	0.531558	0.022578	0.151541	0.003431	0.278042	0.001434	0.000023	0.000006	0.011387
105	0.528823	0.022182	0.150162	0.003384	0.282890	0.001441	0.000026	0.000007	0.011085
106	0.525460	0.021996	0.149754	0.003333	0.287189	0.001454	0.000026	0.000006	0.010782
107	0.523272	0.021475	0.148038	0.003366	0.291943	0.001378	0.000020	0.000006	0.010502
108	0.521103	0.021235	0.146825	0.003291	0.296055	0.001328	0.000019	0.000006	0.010138
109	0.518122	0.020747	0.145769	0.003263	0.300861	0.001353	0.000016	0.000003	0.009866
110	0.515085	0.020229	0.144509	0.003203	0.305984	0.001332	0.000018	0.000004	0.009636
111	0.511927	0.020038	0.143283	0.003082	0.310991	0.001344	0.000015	0.000006	0.009314
112	0.508676	0.019685	0.141982	0.003160	0.316066	0.001316	0.000016	0.000005	0.009094
113	0.505906	0.019354	0.140889	0.003076	0.320718	0.001318	0.000012	0.000003	0.008724
114	0.503029	0.019123	0.139579	0.003116	0.325401	0.001305	0.000008	0.000003	0.008436
115	0.499886	0.018682	0.138444	0.003049	0.330560	0.001281	0.000004	0.000002	0.008092
116	0.496754	0.018530	0.137195	0.003012	0.335420	0.001236	0.000002	0.000002	0.007849
117	0.493552	0.018216	0.135959	0.003033	0.340390	0.001273	0.000001	0.000001	0.007575
118	0.490335	0.017762	0.134857	0.002994	0.345590	0.001249	0.000000	0.000001	0.007212
119	0.487019	0.017528	0.133499	0.002934	0.350733	0.001214	0.000002	0.000001	0.007070
120	0.483619	0.017145	0.132529	0.002850	0.355875	0.001177	0.000002	0.000000	0.006803
121	0.480208	0.016787	0.131270	0.002768	0.361244	0.001177	0.000002	0.000000	0.006544
122	0.476767	0.016301	0.130312	0.002688	0.366413	0.001191	0.000001	0.000000	0.006327
123	0.473461	0.016159	0.129225	0.002577	0.371294	0.001155	0.000002	0.000000	0.006127
124	0.470786	0.015879	0.127364	0.002578	0.376283	0.001154	0.000001	0.000000	0.005955
125	0.467293	0.015559	0.126291	0.002586	0.381422	0.001123	0.000001	0.000000	0.005725
126	0.463813	0.015301	0.124951	0.002601	0.386557	0.001102	0.000002	0.000000	0.005673
127	0.459741	0.015086	0.124004	0.002507	0.392038	0.001140	0.000002	0.000000	0.005482
128	0.456555	0.014709	0.123203	0.002481	0.396530	0.001138	0.000004	0.000000	0.005380
129	0.452708	0.014514	0.121710	0.002500	0.402228	0.001153	0.000001	0.000000	0.005186
130	0.449592	0.014120	0.120295	0.002505	0.407401	0.001117	0.000001	0.000000	0.004969
131	0.445491	0.013998	0.119188	0.002483	0.412872	0.001106	0.000000	0.000000	0.004862
132	0.442114	0.013780	0.118051	0.002355	0.417909	0.001055	0.000000	0.000000	0.004736
133	0.438829	0.013412	0.116655	0.002395	0.423167	0.000988	0.000000	0.000000	0.004554
134	0.435854	0.013079	0.115182	0.002355	0.428066	0.000962	0.000000	0.000000	0.004502
135	0.432151	0.012843	0.114238	0.002351	0.433127	0.000960	0.000000	0.000000	0.004330
136	0.428448	0.012578	0.113140	0.002320	0.438443	0.000916	0.000000	0.000000	0.004155
137	0.424734	0.012411	0.111992	0.002409	0.443450	0.000923	0.000000	0.000000	0.004081
138	0.421201	0.012198	0.110325	0.002385	0.448949	0.000896	0.000000	0.000000	0.004046
139	0.418104	0.011896	0.108901	0.002391	0.453888	0.000904	0.000000	0.000000	0.003916
140	0.414079	0.011621	0.107538	0.002386	0.459668	0.000952	0.000000	0.000000	0.003756
141	0.409929	0.011386	0.106599	0.002395	0.465129	0.000954	0.000000	0.000000	0.003608
142	0.405938	0.011097	0.105665	0.002373	0.470535	0.000960	0.000000	0.000000	0.003432
143	0.402371	0.010744	0.104493	0.002308	0.475878	0.000909	0.000000	0.000000	0.003297
144	0.398587	0.010608	0.103380	0.002284	0.480940	0.000905	0.000000	0.000000	0.003296
145	0.394565	0.010342	0.102138	0.002287	0.486601	0.000916	0.000000	0.000000	0.003151
146	0.390580	0.010183	0.101115	0.002277	0.491852	0.000926	0.000000	0.000000	0.003067
147	0.386817	0.010096	0.099762	0.002248	0.497280	0.000885	0.000000	0.000000	0.002912
148	0.382368	0.009972	0.098999	0.002242	0.502668	0.000922	0.000000	0.000000	0.002829
149	0.378137	0.009626	0.098104	0.002230	0.508280	0.000913	0.000000	0.000000	0.002710
150	0.374967	0.009310	0.096739	0.002221	0.513258	0.000907	0.000000	0.000000	0.002598
151	0.370922	0.009066	0.095762	0.002155	0.518624	0.000888	0.000000	0.000000	0.002583
152	0.366381	0.009006	0.094931	0.002165	0.524150	0.000899	0.000000	0.000000	0.002468
153	0.362822	0.008900	0.093708	0.002204	0.529079	0.000884	0.000000	0.000000	0.002403
154	0.359305	0.008762	0.092408	0.002149	0.534215	0.000833	0.000000	0.000000	0.002328
155	0.354986	0.008609	0.091378	0.002103	0.539841	0.000826	0.000000	0.000000	0.002257
156	0.351557	0.008219	0.090190	0.002060	0.544997	0.000808	0.000000	0.000000	0.002169
157	0.347558	0.008159	0.088873	0.002042	0.550440	0.000789	0.000000	0.000000	0.002139
158	0.343775	0.008010	0.088116	0.002021	0.555158	0.000796	0.000000	0.000000	0.002124
159	0.339215	0.007765	0.087044	0.002031	0.561018	0.000821	0.000000	0.000000	0.002106
160	0.335837	0.007427	0.085767	0.002002	0.566087	0.000795	0.000000	0.000000	0.002085
161	0.332141	0.007354	0.084970	0.001960	0.570816	0.000792	0.000000	0.000000	0.001967
162	0.328045	0.007313	0.084257	0.001967	0.575761	0.000762	0.000000	0.000000	0.001895
163	0.324156	0.007144	0.083069	0.002005	0.580927	0.000770	0.000000	0.000000	0.001929
164	0.319949	0.006917	0.082639	0.001972	0.585914	0.000783	0.000000	0.000000	0.001826
165	0.315828	0.006643	0.081559	0.001982	0.591459	0.000752	0.000000	0.000000	0.001777
166	0.312514	0.006540	0.080690	0.001958	0.595841	0.000744	0.000000	0.000000	0.001713
167	0.308225	0.006509	0.079567	0.001962	0.601372	0.000718	0.000000	0.000000	0.001647
168	0.304266	0.006391	0.078369	0.001920	0.606714	0.000752	0.000000	0.000000	0.001588
169	0.300259	0.006269	0.077476	0.001883	0.611881	0.000706	0.000000	0.000000	0.001526
170	0.296470	0.006092	0.076576	0.001912	0.616781	0.000744	0.000000	0.000000	0.001425
171	0.292887	0.005957	0.075473	0.001898	0.621623	0.000729	0.000000	0.000000	0.001433
172	0.289144	0.005936	0.074375	0.001894	0.626484	0.000731	0.000000	0.000000	0.001436
173	0.285511	0.005722	0.073548	0.001923	0.631194	0.000751	0.000000	0.000000	0.001351
174	0.282050	0.005637	0.072780	0.001901	0.635605	0.000746	0.000000	0.000000	0.001281
175	0.278678	0.005550	0.071516	0.001869	0.640448	0.000688	0.000000	0.000000	0.001251
176	0.274904	0.005423	0.070796	0.001822	0.645228	0.000653	0.000000	0.000000	0.001174
177	0.271396	0.005259	0.069746	0.001852	0.649920	0.000670	0.000000	0.000000	0.001157
178	0.267878	0.005135	0.068833	0.001840	0.654506	0.000681	0.000000	0.000000	0.001127
179	0.264258	0.004918	0.067856	0.001911	0.659323	0.000667	0.000000	0.000000	0.001067
180	0.260373	0.004806	0.066793	0.001912	0.664416	0.000666	0.000000	0.000000	0.001034
181	0.256951	0.004674	0.065945	0.001930	0.668878	0.000656	0.000000	0.000000	0.000966
182	0.253555	0.004605	0.064704	0.001947	0.673586	0.000638	0.000000	0.000000	0.000965
183	0.249438	0.004477	0.064042	0.001923	0.678546	0.000624	0.000000	0.000000	0.000950
184	0.245533	0.004407	0.062976	0.001918	0.683622	0.000623	0.000000	0.000000	0.000921
185	0.242327	0.004280	0.062148	0.001895	0.687836	0.000630	0.000000	0.000000	0.000884
186	0.238996	0.004163	0.061033	0.001945	0.692334	0.000629	0.000000	0.000000	0.000900
187	0.235537	0.004016	0.059997	0.001939	0.697010	0.000638	0.000000	0.000000	0.000863
188	0.232097	0.003895	0.058807	0.001959	0.701780	0.000602	0.000000	0.000000	0.000860
189	0.228494	0.003886	0.058081	0.001983	0.706100	0.000590	0.000000	0.000000	0.000866
190	0.225014	0.003747	0.057373	0.001992	0.710523	0.000575	0.000000	0.000000	0.000776
191	0.221916	0.003605	0.056466	0.002034	0.714608	0.000603	0.000000	0.000000	0.000768
192	0.218645	0.003515	0.055634	0.002024	0.718803	0.000612	0.000000	0.000000	0.000767
193	0.215710	0.003406	0.054769	0.002065	0.722687	0.000615	0.000000	0.000000	0.000748
194	0.212756	0.003362	0.053963	0.002042	0.726553	0.000589	0.000000	0.000000	0.000735
195	0.209342	0.003279	0.052965	0.002025	0.731062	0.000597	0.000000	0.000000	0.000730
196	0.206407	0.003114	0.052184	0.002029	0.734966	0.000582	0.000000	0.000000	0.000718
197	0.203311	0.002961	0.051346	0.001970	0.739119	0.000582	0.000000	0.000000	0.000711
198	0.200400	0.002897	0.050271	0.001947	0.743188	0.000593	0.000000	0.000000	0.000704
199	0.197598	0.002791	0.049553	0.001956	0.746820	0.000612	0.000000	0.000000	0.000670
200	0.194482	0.002770	0.048554	0.001943	0.750959	0.000637	0.000000	0.000000	0.000655
201	0.191673	0.002780	0.047702	0.001983	0.754593	0.000618	0.000000	0.000000	0.000651
202	0.188651	0.002703	0.046865	0.001924	0.758593	0.000613	0.000000	0.000000	0.000651
203	0.185904	0.002597	0.046153	0.001900	0.762243	0.000598	0.000000	0.000000	0.000605
204	0.182908	0.002469	0.045521	0.001919	0.765990	0.000608	0.000000	0.000000	0.000585
205	0.179530	0.002394	0.044745	0.001858	0.770300	0.000617	0.000000	0.000000	0.000556
206	0.176791	0.002316	0.044000	0.001858	0.773884	0.000611	0.000000	0.000000	0.000540
207	0.173766	0.002301	0.043404	0.001846	0.777571	0.000605	0.000000	0.000000	0.000507
208	0.171135	0.002266	0.042424	0.001886	0.781181	0.000619	0.000000	0.000000	0.000489
209	0.168247	0.002189	0.042095	0.001905	0.784475	0.000618	0.000000	0.000000	0.000471
210	0.165676	0.002163	0.041174	0.001897	0.788022	0.000630	0.000000	0.000000	0.000438
211	0.162541	0.002025	0.040348	0.001846	0.792190	0.000608	0.000000	0.000000	0.000442
212	0.160133	0.001950	0.039655	0.001845	0.795386	0.000604	0.000000	0.000000	0.000427
213	0.157642	0.001986	0.038924	0.001853	0.798570	0.000634	0.000000	0.000000	0.000391
214	0.154832	0.001860	0.038297	0.001828	0.802109	0.000666	0.000000	0.000000	0.000408
215	0.151839	0.001813	0.037516	0.001820	0.805952	0.000659	0.000000	0.000000	0.000401
216	0.149401	0.001755	0.036725	0.001786	0.809256	0.000676	0.000000	0.000000	0.000401
217	0.146950	0.001700	0.036150	0.001828	0.812342	0.000659	0.000000	0.000000	0.000371
218	0.144238	0.001666	0.035419	0.001815	0.815864	0.000644	0.000000	0.000000	0.000354
219	0.141806	0.001624	0.034863	0.001836	0.818857	0.000660	0.000000	0.000000	0.000354
220	0.139152	0.001598	0.034344	0.001809	0.822097	0.000680	0.000000	0.000000	0.000320
221	0.136855	0.001536	0.034014	0.001803	0.824839	0.000658	0.000000	0.000000	0.000295
222	0.134677	0.001471	0.032980	0.001849	0.828114	0.000616	0.000000	0.000000	0.000293
223	0.131976	0.001381	0.032398	0.001856	0.831529	0.000607	0.000000	0.000000	0.000253
224	0.129863	0.001355	0.031609	0.001887	0.834434	0.000610	0.000000	0.000000	0.000242
225	0.127407	0.001325	0.031149	0.001815	0.837465	0.000602	0.000000	0.000000	0.000237
226	0.124885	0.001253	0.030393	0.001834	0.840789	0.000639	0.000000	0.000000	0.000207
227	0.122255	0.001234	0.029735	0.001834	0.844087	0.000605	0.000000	0.000000	0.000250
228	0.119957	0.001160	0.029223	0.001866	0.846920	0.000627	0.000000	0.000000	0.000247
229	0.117711	0.001160	0.028592	0.001862	0.849810	0.000611	0.000000	0.000000	0.000254
230	0.115352	0.001140	0.028026	0.001850	0.852769	0.000611	0.000000	0.000000	0.000252
231	0.113212	0.001093	0.027544	0.001865	0.855440	0.000619	0.000000	0.000000	0.000227
232	0.111046	0.001006	0.026820	0.001900	0.858406	0.000601	0.000000	0.000000	0.000221
233	0.109171	0.000971	0.026471	0.001921	0.860619	0.000630	0.000000	0.000000	0.000217
234	0.106714	0.000947	0.026057	0.001923	0.863500	0.000643	0.000000	0.000000	0.000216
235	0.104513	0.000915	0.025448	0.001904	0.866373	0.000634	0.000000	0.000000	0.000213
236	0.102573	0.000873	0.025017	0.001844	0.868859	0.000638	0.000000	0.000000	0.000196
237	0.100658	0.000776	0.024407	0.001842	0.871473	0.000643	0.000000	0.000000	0.000201
238	0.098771	0.000749	0.023872	0.001804	0.873949	0.000657	0.000000	0.000000	0.000198
239	0.096490	0.000738	0.023361	0.001838	0.876741	0.000647	0.000000	0.000000	0.000185
240	0.094834	0.000703	0.022862	0.001839	0.878943	0.000642	0.000000	0.000000	0.000177
241	0.092848	0.000649	0.022334	0.001900	0.881428	0.000659	0.000000	0.000000	0.000182
242	0.091194	0.000581	0.021810	0.001937	0.883678	0.000629	0.000000	0.000000	0.000171
243	0.089613	0.000578	0.021401	0.001960	0.885647	0.000618	0.000000	0.000000	0.000183
244	0.088046	0.000547	0.020668	0.002016	0.887894	0.000643	0.000000	0.000000	0.000186
245	0.086235	0.000531	0.020082	0.002036	0.890326	0.000621	0.000000	0.000000	0.000169
246	0.084261	0.000513	0.019732	0.001990	0.892661	0.000662	0.000000	0.000000	0.000181
247	0.082485	0.000478	0.019355	0.001960	0.894888	0.000666	0.000000	0.000000	0.000168
248	0.080801	0.000462	0.018970	0.001960	0.896969	0.000667	0.000000	0.000000	0.000171
249	0.078977	0.000406	0.018499	0.001948	0.899319	0.000696	0.000000	0.000000	0.000155
250	0.077355	0.000385	0.018077	0.001982	0.901347	0.000692	0.000000	0.000000	0.000162
251	0.075734	0.000367	0.017678	0.001960	0.903470	0.000640	0.000000	0.000000	0.000151
252	0.074159	0.000373	0.017258	0.001974	0.905419	0.000666	0.000000	0.000000	0.000151
253	0.072684	0.000362	0.016971	0.001938	0.907258	0.000652	0.000000	0.000000	0.000135
254	0.071272	0.000348	0.016500	0.001945	0.909153	0.000660	0.000000	0.000000	0.000122
255	0.069409	0.000329	0.016278	0.001957	0.911233	0.000676	0.000000	0.000000	0.000118
256	0.067973	0.000307	0.015819	0.001951	0.913174	0.000674	0.000000	0.000000	0.000102
257	0.066353	0.000286	0.015562	0.001932	0.915083	0.000684	0.000000	0.000000	0.000100
258	0.064886	0.000296	0.015062	0.002000	0.916972	0.000687	0.000000	0.000000	0.000097
259	0.063464	0.000257	0.014726	0.001974	0.918820	0.000669	0.000000	0.000000	0.000090
260	0.062130	0.000254	0.014373	0.001996	0.920476	0.000688	0.000000	0.000000	0.000083
261	0.060828	0.000231	0.013884	0.001977	0.922290	0.000707	0.000000	0.000000	0.000083
262	0.059355	0.000252	0.013642	0.001926	0.924024	0.000729	0.000000	0.000000	0.000072
263	0.057883	0.000220	0.013460	0.001958	0.925683	0.000731	0.000000	0.000000	0.000065
264	0.056709	0.000186	0.013020	0.001940	0.927361	0.000736	0.000000	0.000000	0.000048
265	0.055468	0.000185	0.012552	0.001974	0.929067	0.000714	0.000000	0.000000	0.000040
266	0.054109	0.000171	0.012296	0.002001	0.930673	0.000707	0.000000	0.000000	0.000043
267	0.052735	0.000170	0.012017	0.001996	0.932309	0.000727	0.000000	0.000000	0.000046
268	0.051491	0.000178	0.011769	0.002089	0.933727	0.000697	0.000000	0.000000	0.000049
269	0.050391	0.000149	0.011489	0.002007	0.935223	0.000697	0.000000	0.000000	0.000044
270	0.049057	0.000131	0.011176	0.002062	0.936795	0.000748	0.000000	0.000000	0.000031
271	0.047755	0.000151	0.011025	0.002060	0.938251	0.000728	0.000000	0.000000	0.000030
272	0.046708	0.000143	0.010703	0.002115	0.939623	0.000673	0.000000	0.000000	0.000035
273	0.045395	0.000150	0.010584	0.002135	0.941021	0.000679	0.000000	0.000000	0.000036
274	0.044051	0.000154	0.010288	0.002088	0.942681	0.000699	0.000000	0.000000	0.000039
275	0.043146	0.000144	0.009951	0.002077	0.943949	0.000697	0.000000	0.000000	0.000036
276	0.042141	0.000141	0.009675	0.002082	0.945206	0.000710	0.000000	0.000000	0.000045
277	0.041239	0.000147	0.009492	0.002070	0.946281	0.000732	0.000000	0.000000	0.000039
278	0.040084	0.000141	0.009260	0.002043	0.947753	0.000686	0.000000	0.000000	0.000033
279	0.038922	0.000145	0.009053	0.002089	0.949066	0.000696	0.000000	0.000000	0.000029
280	0.037993	0.000142	0.008771	0.002054	0.950297	0.000720	0.000000	0.000000	0.000023
281	0.037284	0.000133	0.008521	0.002044	0.951282	0.000716	0.000000	0.000000	0.000020
282	0.036636	0.000139	0.008240	0.002049	0.952196	0.000717	0.000000	0.000000	0.000023
283	0.035699	0.000124	0.008039	0.002049	0.953349	0.000718	0.000000	0.000000	0.000022
284	0.034685	0.000112	0.008024	0.002017	0.954423	0.000713	0.000000	0.000000	0.000026
285	0.033867	0.000108	0.007865	0.002070	0.955337	0.000726	0.000000	0.000000	0.000027
286	0.032974	0.000111	0.007637	0.002021	0.956552	0.000679	0.000000	0.000000	0.000026
287	0.031976	0.000100	0.007501	0.002056	0.957642	0.000706	0.000000	0.000000	0.000019
288	0.031356	0.000097	0.007268	0.002047	0.958521	0.000692	0.000000	0.000000	0.000019
289	0.030437	0.000092	0.007209	0.002061	0.959504	0.000684	0.000000	0.000000	0.000013
290	0.029675	0.000099	0.006988	0.002118	0.960460	0.000646	0.000000	0.000000	0.000014
291	0.028730	0.000085	0.006830	0.002132	0.961560	0.000648	0.000000	0.000000	0.000015
292	0.028065	0.000088	0.006691	0.002133	0.962363	0.000647	0.000000	0.000000	0.000013
293	0.027269	0.000106	0.006538	0.002175	0.963280	0.000614	0.000000	0.000000	0.000018
294	0.026435	0.000085	0.006444	0.002159	0.964247	0.000615	0.000000	0.000000	0.000015
295	0.025565	0.000073	0.006275	0.002190	0.965259	0.000618	0.000000	0.000000	0.000020
296	0.024949	0.000063	0.006052	0.002172	0.966144	0.000603	0.000000	0.000000	0.000017
297	0.024311	0.000054	0.005976	0.002248	0.966767	0.000630	0.000000	0.000000	0.000014
298	0.023701	0.000060	0.005773	0.002210	0.967624	0.000617	0.000000	0.000000	0.000015
299	0.022997	0.000052	0.005670	0.002247	0.968405	0.000609	0.000000	0.000000	0.000020
300	0.022550	0.000064	0.005487	0.002207	0.969076	0.000603	0.000000	0.000000	0.000013
301	0.021885	0.000073	0.005363	0.002178	0.969855	0.000625	0.000000	0.000000	0.000021
302	0.021415	0.000080	0.005200	0.002222	0.970458	0.000609	0.000000	0.000000	0.000016
303	0.020783	0.000072	0.005173	0.002194	0.971160	0.000599	0.000000	0.000000	0.000019
304	0.020278	0.000068	0.004926	0.002175	0.971922	0.000608	0.000000	0.000000	0.000023
305	0.019725	0.000076	0.004866	0.002184	0.972517	0.000615	0.000000	0.000000	0.000017
306	0.019256	0.000082	0.004768	0.002180	0.973112	0.000583	0.000000	0.000000	0.000019
307	0.018661	0.000076	0.004663	0.002190	0.973796	0.000595	0.000000	0.000000	0.000019
308	0.018246	0.000073	0.004491	0.002227	0.974351	0.000595	0.000000	0.000000	0.000017
309	0.017765	0.000072	0.004407	0.002226	0.974919	0.000592	0.000000	0.000000	0.000019
310	0.017217	0.000062	0.004280	0.002201	0.975626	0.000592	0.000000	0.000000	0.000022
311	0.016820	0.000065	0.004167	0.002214	0.976137	0.000581	0.000000	0.000000	0.000016
312	0.016364	0.000064	0.004090	0.002231	0.976619	0.000617	0.000000	0.000000	0.000015
313	0.015872	0.000071	0.004007	0.002303	0.977108	0.000626	0.000000	0.000000	0.000013
314	0.015366	0.000052	0.003893	0.002316	0.977762	0.000600	0.000000	0.000000	0.000011
315	0.014937	0.000050	0.003818	0.002268	0.978325	0.000592	0.000000	0.000000	0.000010
316	0.014423	0.000044	0.003751	0.002265	0.978901	0.000602	0.000000	0.000000	0.000014
317	0.013952	0.000043	0.003663	0.002235	0.979518	0.000579	0.000000	0.000000	0.000010
318	0.013636	0.000030	0.003499	0.002242	0.979974	0.000607	0.000000	0.000000	0.000012
319	0.013424	0.000033	0.003319	0.002279	0.980337	0.000603	0.000000	0.000000	0.000005
320	0.012889	0.000032	0.003154	0.002240	0.981044	0.000631	0.000000	0.000000	0.000010
321	0.012475	0.000034	0.003100	0.002225	0.981502	0.000655	0.000000	0.000000	0.000009
322	0.012109	0.000030	0.003116	0.002238	0.981860	0.000636	0.000000	0.000000	0.000011
323	0.011853	0.000025	0.002998	0.002230	0.982252	0.000635	0.000000	0.000000	0.000007
324	0.011556	0.000040	0.002834	0.002277	0.982653	0.000637	0.000000	0.000000	0.000003
325	0.011193	0.000041	0.002806	0.002290	0.983030	0.000636	0.000000	0.000000	0.000004
326	0.010982	0.000041	0.002726	0.002262	0.983331	0.000655	0.000000	0.000000	0.000003
327	0.010675	0.000039	0.002632	0.002218	0.983782	0.000653	0.000000	0.000000	0.000001
328	0.010393	0.000032	0.002512	0.002251	0.984191	0.000620	0.000000	0.000000	0.000001
329	0.010056	0.000032	0.002495	0.002234	0.984527	0.000656	0.000000	0.000000	0.000000
330	0.009719	0.000026	0.002423	0.002283	0.984883	0.000666	0.000000	0.000000	0.000000
331	0.009452	0.000028	0.002362	0.002206	0.985276	0.000676	0.000000	0.000000	0.000000
332	0.009148	0.000032	0.002281	0.002220	0.985653	0.000666	0.000000	0.000000	0.000000
333	0.008906	0.000028	0.002207	0.002253	0.985939	0.000667	0.000000	0.000000	0.000000
334	0.008697	0.000020	0.002166	0.002256	0.986227	0.000634	0.000000	0.000000	0.000000
335	0.008471	0.000013	0.002111	0.002249	0.986529	0.000627	0.000000	0.000000	0.000000
336	0.008122	0.000016	0.002104	0.002230	0.986909	0.000619	0.000000	0.000000	0.000000
337	0.007861	0.000016	0.002174	0.002229	0.987083	0.000637	0.000000	0.000000	0.000000
338	0.007564	0.000015	0.002088	0.002244	0.987462	0.000627	0.000000	0.000000	0.000000
339	0.007263	0.000008	0.002024	0.002198	0.987896	0.000611	0.000000	0.000000	0.000000
340	0.007059	0.000004	0.001989	0.002246	0.988076	0.000626	0.000000	0.000000	0.000000
341	0.006861	0.000006	0.001903	0.002247	0.988329	0.000654	0.000000	0.000000	0.000000
342	0.006569	0.000009	0.001811	0.002304	0.988620	0.000687	0.000000	0.000000	0.000000
343	0.006371	0.000005	0.001772	0.002242	0.988931	0.000679	0.000000	0.000000	0.000000
344	0.006175	0.000003	0.001691	0.002256	0.989194	0.000681	0.000000	0.000000	0.000000
345	0.006030	0.000006	0.001655	0.002223	0.989401	0.000685	0.000000	0.000000	0.000000
346	0.005734	0.000003	0.001618	0.002267	0.989728	0.000650	0.000000	0.000000	0.000000
347	0.005533	0.000002	0.001578	0.002218	0.990018	0.000651	0.000000	0.000000	0.000000
348	0.005315	0.000000	0.001504	0.002282	0.990262	0.000637	0.000000	0.000000	0.000000
349	0.005216	0.000000	0.001407	0.002308	0.990454	0.000615	0.000000	0.000000	0.000000
350	0.005086	0.000000	0.001349	0.002338	0.990602	0.000625	0.000000	0.000000	0.000000
351	0.004883	0.000000	0.001333	0.002356	0.990861	0.000567	0.000000	0.000000	0.000000
352	0.004691	0.000000	0.001291	0.002300	0.991142	0.000576	0.000000	0.000000	0.000000
353	0.004522	0.000000	0.001254	0.002336	0.991349	0.000539	0.000000	0.000000	0.000000
354	0.004344	0.000000	0.001178	0.002345	0.991603	0.000530	0.000000	0.000000	0.000000
355	0.004167	0.000000	0.001129	0.002325	0.991800	0.000579	0.000000	0.000000	0.000000
356	0.004082	0.000000	0.001099	0.002326	0.991917	0.000576	0.000000	0.000000	0.000000
357	0.004016	0.000000	0.001098	0.002337	0.991953	0.000596	0.000000	0.000000	0.000000
358	0.003866	0.000000	0.001051	0.002342	0.992155	0.000586	0.000000	0.000000	0.000000
359	0.003713	0.000000	0.000985	0.002323	0.992415	0.000564	0.000000	0.000000	0.000000
360	0.003643	0.000000	0.000954	0.002299	0.992529	0.000575	0.000000	0.000000	0.000000
361	0.003545	0.000000	0.000934	0.002269	0.992691	0.000561	0.000000	0.000000	0.000000
362	0.003415	0.000000	0.000894	0.002227	0.992892	0.000572	0.000000	0.000000	0.000000
363	0.003325	0.000000	0.000900	0.002277	0.992898	0.000600	0.000000	0.000000	0.000000
364	0.003156	0.000000	0.000885	0.002349	0.993010	0.000600	0.000000	0.000000	0.000000
365	0.003080	0.000000	0.000896	0.002397	0.993033	0.000594	0.000000	0.000000	0.000000
366	0.002975	0.000000	0.000879	0.002407	0.993148	0.000591	0.000000	0.000000	0.000000
367	0.002870	0.000000	0.000852	0.002391	0.993260	0.000627	0.000000	0.000000	0.000000
368	0.002801	0.000000	0.000822	0.002387	0.993352	0.000638	0.000000	0.000000	0.000000
369	0.002718	0.000000	0.000813	0.002376	0.993446	0.000647	0.000000	0.000000	0.000000
370	0.002628	0.000000	0.000785	0.002362	0.993591	0.000634	0.000000	0.000000	0.000000
371	0.002528	0.000000	0.000758	0.002357	0.993720	0.000637	0.000000	0.000000	0.000000
372	0.002422	0.000000	0.000742	0.002346	0.993875	0.000615	0.000000	0.000000	0.000000
373	0.002387	0.000000	0.000697	0.002361	0.993945	0.000610	0.000000	0.000000	0.000000
374	0.002279	0.000000	0.000653	0.002392	0.994057	0.000619	0.000000	0.000000	0.000000
375	0.002207	0.000000	0.000615	0.002396	0.994187	0.000595	0.000000	0.000000	0.000000
376	0.002091	0.000000	0.000590	0.002392	0.994312	0.000615	0.000000	0.000000	0.000000
377	0.002004	0.000000	0.000567	0.002373	0.994409	0.000647	0.000000	0.000000	0.000000
378	0.001911	0.000000	0.000565	0.002398	0.994486	0.000640	0.000000	0.000000	0.000000
379	0.001828	0.000000	0.000554	0.002355	0.994601	0.000662	0.000000	0.000000	0.000000
380	0.001757	0.000000	0.000530	0.002371	0.994680	0.000662	0.000000	0.000000	0.000000
381	0.001742	0.000000	0.000501	0.002412	0.994681	0.000664	0.000000	0.000000	0.000000
382	0.001700	0.000000	0.000483	0.002375	0.994779	0.000663	0.000000	0.000000	0.000000
383	0.001652	0.000000	0.000455	0.002423	0.994842	0.000628	0.000000	0.000000	0.000000
384	0.001599	0.000000	0.000447	0.002425	0.994916	0.000613	0.000000	0.000000	0.000000
385	0.001528	0.000000	0.000419	0.002433	0.995002	0.000618	0.000000	0.000000	0.000000
386	0.001458	0.000000	0.000409	0.002392	0.995121	0.000620	0.000000	0.000000	0.000000
387	0.001397	0.000000	0.000386	0.002341	0.995278	0.000598	0.000000	0.000000	0.000000
388	0.001404	0.000000	0.000382	0.002328	0.995258	0.000628	0.000000	0.000000	0.000000
389	0.001371	0.000000	0.000346	0.002295	0.995367	0.000621	0.000000	0.000000	0.000000
390	0.001291	0.000000	0.000374	0.002311	0.995400	0.000624	0.000000	0.000000	0.000000
391	0.001279	0.000000	0.000366	0.002338	0.995389	0.000628	0.000000	0.000000	0.000000
392	0.001247	0.000000	0.000360	0.002302	0.995491	0.000600	0.000000	0.000000	0.000000
393	0.001239	0.000000	0.000333	0.002359	0.995508	0.000561	0.000000	0.000000	0.000000
394	0.001209	0.000000	0.000316	0.002309	0.995582	0.000584	0.000000	0.000000	0.000000
395	0.001177	0.000000	0.000299	0.002302	0.995609	0.000613	0.000000	0.000000	0.000000
396	0.001170	0.000000	0.000292	0.002272	0.995662	0.000604	0.000000	0.000000	0.000000
397	0.001098	0.000000	0.000299	0.002215	0.995792	0.000596	0.000000	0.000000	0.000000
398	0.001049	0.000000	0.000281	0.002236	0.995835	0.000599	0.000000	0.000000	0.000000
399	0.001025	0.000000	0.000285	0.002210	0.995851	0.000629	0.000000	0.000000	0.000000
400	0.000978	0.000000	0.000283	0.002263	0.995886	0.000590	0.000000	0.000000	0.000000
401	0.000977	0.000000	0.000271	0.002243	0.995927	0.000582	0.000000	0.000000	0.000000
402	0.000930	0.000000	0.000271	0.002240	0.995978	0.000581	0.000000	0.000000	0.000000
403	0.000911	0.000000	0.000272	0.002177	0.996028	0.000612	0.000000	0.000000	0.000000
404	0.000848	0.000000	0.000288	0.002188	0.996083	0.000593	0.000000	0.000000	0.000000
405	0.000831	0.000000	0.000297	0.002210	0.996069	0.000593	0.000000	0.000000	0.000000
406	0.000829	0.000000	0.000279	0.002192	0.996087	0.000613	0.000000	0.000000	0.000000
407	0.000806	0.000000	0.000280	0.002226	0.996078	0.000610	0.000000	0.000000	0.000000
408	0.000792	0.000000	0.000274	0.002273	0.996046	0.000615	0.000000	0.000000	0.000000
409	0.000783	0.000000	0.000262	0.002245	0.996057	0.000653	0.000000	0.000000	0.000000
410	0.000760	0.000000	0.000267	0.002259	0.996073	0.000641	0.000000	0.000000	0.000000
411	0.000692	0.000000	0.000274	0.002282	0.996111	0.000641	0.000000	0.000000	0.000000
412	0.000686	0.000000	0.000262	0.002274	0.996136	0.000642	0.000000	0.000000	0.000000
413	0.000660	0.000000	0.000283	0.002244	0.996182	0.000631	0.000000	0.000000	0.000000
414	0.000655	0.000000	0.000290	0.002237	0.996194	0.000624	0.000000	0.000000	0.000000
415	0.000646	0.000000	0.000275	0.002252	0.996210	0.000617	0.000000	0.000000	0.000000
416	0.000625	0.000000	0.000266	0.002247	0.996249	0.000613	0.000000	0.000000	0.000000
417	0.000612	0.000000	0.000259	0.002219	0.996291	0.000619	0.000000	0.000000	0.000000
418	0.000580	0.000000	0.000271	0.002235	0.996328	0.000586	0.000000	0.000000	0.000000
419	0.000575	0.000000	0.000268	0.002221	0.996366	0.000570	0.000000	0.000000	0.000000
420	0.000536	0.000000	0.000262	0.002250	0.996380	0.000572	0.000000	0.000000	0.000000
421	0.000513	0.000000	0.000266	0.002245	0.996380	0.000596	0.000000	0.000000	0.000000
422	0.000507	0.000000	0.000274	0.002230	0.996405	0.000584	0.000000	0.000000	0.000000
423	0.000486	0.000000	0.000261	0.002248	0.996396	0.000609	0.000000	0.000000	0.000000
424	0.000469	0.000000	0.000254	0.002273	0.996434	0.000570	0.000000	0.000000	0.000000
425	0.000428	0.000000	0.000273	0.002327	0.996377	0.000595	0.000000	0.000000	0.000000
426	0.000417	0.000000	0.000271	0.002325	0.996374	0.000613	0.000000	0.000000	0.000000
427	0.000408	0.000000	0.000277	0.002305	0.996410	0.000600	0.000000	0.000000	0.000000
428	0.000387	0.000000	0.000287	0.002283	0.996440	0.000603	0.000000	0.000000	0.000000
429	0.000365	0.000000	0.000284	0.002298	0.996461	0.000592	0.000000	0.000000	0.000000
430	0.000352	0.000000	0.000275	0.002273	0.996526	0.000574	0.000000	0.000000	0.000000
431	0.000346	0.000000	0.000267	0.002289	0.996501	0.000597	0.000000	0.000000	0.000000
432	0.000326	0.000000	0.000271	0.002267	0.996528	0.000608	0.000000	0.000000	0.000000
433	0.000311	0.000000	0.000253	0.002328	0.996459	0.000649	0.000000	0.000000	0.000000
434	0.000312	0.000000	0.000233	0.002318	0.996503	0.000634	0.000000	0.000000	0.000000
435	0.000283	0.000000	0.000229	0.002358	0.996485	0.000645	0.000000	0.000000	0.000000
436	0.000280	0.000000	0.000223	0.002374	0.996487	0.000636	0.000000	0.000000	0.000000
437	0.000276	0.000000	0.000219	0.002420	0.996434	0.000651	0.000000	0.000000	0.000000
438	0.000257	0.000000	0.000211	0.002429	0.996469	0.000634	0.000000	0.000000	0.000000
439	0.000228	0.000000	0.000214	0.002413	0.996519	0.000626	0.000000	0.000000	0.000000
440	0.000207	0.000000	0.000211	0.002455	0.996484	0.000643	0.000000	0.000000	0.000000
441	0.000204	0.000000	0.000226	0.002425	0.996506	0.000639	0.000000	0.000000	0.000000
442	0.000201	0.000000	0.000226	0.002435	0.996485	0.000653	0.000000	0.000000	0.000000
443	0.000201	0.000000	0.000209	0.002460	0.996467	0.000663	0.000000	0.000000	0.000000
444	0.000188	0.000000	0.000201	0.002418	0.996548	0.000645	0.000000	0.000000	0.000000
445	0.000162	0.000000	0.000212	0.002385	0.996529	0.000712	0.000000	0.000000	0.000000
446	0.000158	0.000000	0.000207	0.002376	0.996588	0.000671	0.000000	0.000000	0.000000
447	0.000165	0.000000	0.000199	0.002414	0.996531	0.000691	0.000000	0.000000	0.000000
448	0.000155	0.000000	0.000188	0.002401	0.996558	0.000698	0.000000	0.000000	0.000000
449	0.000144	0.000000	0.000175	0.002455	0.996544	0.000682	0.000000	0.000000	0.000000
450	0.000139	0.000000	0.000177	0.002387	0.996628	0.000669	0.000000	0.000000	0.000000
451	0.000119	0.000000	0.000167	0.002443	0.996561	0.000710	0.000000	0.000000	0.000000
452	0.000113	0.000000	0.000172	0.002451	0.996555	0.000709	0.000000	0.000000	0.000000
453	0.000114	0.000000	0.000165	0.002421	0.996598	0.000702	0.000000	0.000000	0.000000
454	0.000108	0.000000	0.000165	0.002406	0.996615	0.000706	0.000000	0.000000	0.000000
455	0.000105	0.000000	0.000155	0.002471	0.996552	0.000717	0.000000	0.000000	0.000000
456	0.000094	0.000000	0.000154	0.002494	0.996555	0.000703	0.000000	0.000000	0.000000
457	0.000088	0.000000	0.000146	0.002527	0.996550	0.000689	0.000000	0.000000	0.000000
458	0.000092	0.000000	0.000143	0.002521	0.996576	0.000668	0.000000	0.000000	0.000000
459	0.000092	0.000000	0.000126	0.002486	0.996625	0.000671	0.000000	0.000000	0.000000
460	0.000082	0.000000	0.000118	0.002481	0.996651	0.000668	0.000000	0.000000	0.000000
461	0.000080	0.000000	0.000118	0.002401	0.996763	0.000638	0.000000	0.000000	0.000000
462	0.000073	0.000000	0.000117	0.002389	0.996763	0.000658	0.000000	0.000000	0.000000
463	0.000079	0.000000	0.000109	0.002357	0.996763	0.000692	0.000000	0.000000	0.000000
464	0.000067	0.000000	0.000123	0.002312	0.996799	0.000699	0.000000	0.000000	0.000000
465	0.000072	0.000000	0.000118	0.002339	0.996752	0.000719	0.000000	0.000000	0.000000
466	0.000064	0.000000	0.000113	0.002308	0.996768	0.000747	0.000000	0.000000	0.000000
467	0.000067	0.000000	0.000105	0.002317	0.996800	0.000711	0.000000	0.000000	0.000000
468	0.000073	0.000000	0.000103	0.002290	0.996834	0.000700	0.000000	0.000000	0.000000
469	0.000065	0.000000	0.000099	0.002258	0.996857	0.000721	0.000000	0.000000	0.000000
470	0.000055	0.000000	0.000111	0.002318	0.996778	0.000738	0.000000	0.000000	0.000000
