0	0.290663	0.057897	0.229473	0.157588	0.029913	0.111872	0.085455	0.012259	0.024880
1	0.223859	0.046829	0.195573	0.139756	0.028907	0.120618	0.125204	0.024107	0.095147
2	0.218227	0.044624	0.189865	0.133648	0.029512	0.116647	0.131894	0.025746	0.109837
3	0.218060	0.043053	0.186664	0.128918	0.030675	0.111953	0.135582	0.025855	0.119240
4	0.219837	0.041924	0.183425	0.124158	0.032006	0.106512	0.137757	0.025726	0.128655
5	0.222236	0.040835	0.180409	0.119528	0.033797	0.100925	0.139395	0.025405	0.137470
6	0.224354	0.039523	0.176839	0.115946	0.035600	0.095476	0.141067	0.024790	0.146405
7	0.227092	0.038510	0.172612	0.111749	0.038116	0.090413	0.141709	0.024444	0.155355
8	0.229871	0.037506	0.168876	0.108245	0.040366	0.084820	0.142701	0.023854	0.163761
9	0.232480	0.036474	0.164668	0.105206	0.043110	0.079891	0.143334	0.023400	0.171437
10	0.234597	0.035537	0.160404	0.102107	0.046150	0.075190	0.143266	0.022650	0.180099
11	0.237124	0.034524	0.155348	0.099647	0.049114	0.071046	0.142625	0.022304	0.188268
12	0.239842	0.033550	0.150850	0.096651	0.052193	0.066816	0.142411	0.021377	0.196310
13	0.241421	0.032331	0.146659	0.094262	0.055505	0.062968	0.141690	0.020731	0.204433
14	0.243911	0.031219	0.142298	0.091357	0.058634	0.059204	0.141176	0.020016	0.212185
15	0.245921	0.030306	0.137447	0.088662	0.062594	0.055938	0.140125	0.019428	0.219579
16	0.248180	0.029201	0.132559	0.086035	0.066438	0.052702	0.139416	0.019035	0.226434
17	0.250284	0.028113	0.128066	0.083819	0.070504	0.049424	0.138302	0.018246	0.233242
18	0.252468	0.027339	0.123810	0.081443	0.074461	0.046398	0.136632	0.017584	0.239865
19	0.253833	0.026284	0.119354	0.079270	0.078894	0.043677	0.135282	0.017106	0.246300
20	0.255188	0.025504	0.114888	0.077111	0.083448	0.040861	0.133572	0.016533	0.252895
21	0.256413	0.024694	0.110246	0.074907	0.088391	0.038329	0.132395	0.015947	0.258678
22	0.257614	0.024012	0.106015	0.073196	0.093099	0.036181	0.130059	0.015416	0.264408
23	0.259028	0.023353	0.101999	0.070995	0.098154	0.033965	0.127575	0.014827	0.270104
24	0.259334	0.022398	0.097713	0.069467	0.103753	0.031980	0.125378	0.014211	0.275766
25	0.259889	0.021650	0.093819	0.067565	0.109362	0.030285	0.123439	0.013616	0.280375
26	0.260409	0.020839	0.089848	0.066010	0.115301	0.028387	0.121147	0.013044	0.285015
27	0.260175	0.020005	0.086475	0.064317	0.121179	0.026731	0.119004	0.012724	0.289390
28	0.260574	0.019283	0.082357	0.062857	0.127375	0.025036	0.116775	0.012060	0.293683
29	0.260106	0.018700	0.078994	0.061054	0.134100	0.023609	0.113877	0.011533	0.298027
30	0.259587	0.017876	0.075516	0.059740	0.140787	0.022249	0.111372	0.011090	0.301783
31	0.258718	0.017376	0.072379	0.058064	0.147652	0.021150	0.108835	0.010849	0.304977
32	0.257753	0.016780	0.068908	0.056556	0.155001	0.019876	0.106171	0.010388	0.308567
33	0.256902	0.016344	0.065549	0.055129	0.162032	0.018655	0.104127	0.010026	0.311236
34	0.255245	0.015609	0.062516	0.054263	0.169593	0.017754	0.101005	0.009605	0.314410
35	0.254949	0.015016	0.059447	0.052959	0.177433	0.016828	0.098102	0.009157	0.316109
36	0.252883	0.014513	0.056534	0.051723	0.185380	0.015754	0.095937	0.008651	0.318625
37	0.251240	0.014142	0.053288	0.050522	0.193521	0.014791	0.093159	0.008351	0.320986
38	0.248999	0.013597	0.050813	0.049364	0.201460	0.014116	0.090820	0.008051	0.322780
39	0.247107	0.012834	0.048084	0.048081	0.210367	0.013311	0.088030	0.007712	0.324474
40	0.244538	0.012338	0.045716	0.047196	0.219168	0.012621	0.085491	0.007327	0.325605
41	0.242150	0.011979	0.043270	0.046050	0.227740	0.012042	0.082981	0.007006	0.326782
42	0.240008	0.011663	0.040896	0.045136	0.236739	0.011523	0.080308	0.006730	0.326997
43	0.237307	0.011217	0.038670	0.044301	0.246034	0.010863	0.077479	0.006469	0.327660
44	0.234607	0.010530	0.036771	0.043567	0.255141	0.010387	0.075118	0.006204	0.327675
45	0.231482	0.010030	0.034828	0.042811	0.264701	0.009952	0.072778	0.005958	0.327460
46	0.227779	0.009527	0.032689	0.042222	0.275061	0.009528	0.070590	0.005608	0.326996
47	0.225043	0.009205	0.030594	0.041796	0.284893	0.009135	0.067805	0.005345	0.326184
48	0.221416	0.008883	0.028689	0.041132	0.294920	0.008801	0.065670	0.005046	0.325443
49	0.218156	0.008521	0.027024	0.040613	0.304669	0.008334	0.063117	0.004803	0.324763
50	0.214124	0.008280	0.025389	0.040491	0.314899	0.008008	0.061037	0.004509	0.323263
51	0.210566	0.007824	0.023825	0.039918	0.325248	0.007669	0.058968	0.004331	0.321651
52	0.206793	0.007566	0.022419	0.039250	0.335827	0.007431	0.056721	0.004106	0.319887
53	0.202797	0.007244	0.020868	0.038949	0.346365	0.007105	0.054430	0.003829	0.318413
54	0.198866	0.007030	0.019680	0.038689	0.357059	0.006805	0.052285	0.003731	0.315855
55	0.195531	0.006540	0.018472	0.038215	0.367877	0.006485	0.050496	0.003523	0.312861
56	0.191115	0.006218	0.017150	0.038031	0.378562	0.006380	0.048634	0.003356	0.310554
57	0.186762	0.005990	0.016175	0.037543	0.389654	0.006172	0.046834	0.003116	0.307754
58	0.182573	0.005805	0.015163	0.037148	0.400777	0.005928	0.044967	0.003017	0.304622
59	0.178097	0.005540	0.014138	0.036923	0.411685	0.005608	0.043181	0.002797	0.302031
60	0.173439	0.005400	0.013163	0.036509	0.423254	0.005499	0.041474	0.002556	0.298706
61	0.168962	0.005160	0.012347	0.036225	0.434856	0.005217	0.039518	0.002413	0.295302
62	0.164403	0.004959	0.011585	0.035871	0.446143	0.005181	0.038023	0.002285	0.291550
63	0.159999	0.004650	0.010828	0.035579	0.457559	0.005016	0.036134	0.002157	0.288078
64	0.155297	0.004442	0.009938	0.035110	0.469192	0.004844	0.034680	0.002178	0.284319
65	0.150893	0.004188	0.009245	0.035090	0.480266	0.004748	0.033139	0.002039	0.280392
66	0.146671	0.003797	0.008650	0.034870	0.491543	0.004484	0.031970	0.001887	0.276128
67	0.142225	0.003694	0.008091	0.034619	0.502861	0.004408	0.030620	0.001770	0.271712
68	0.137577	0.003464	0.007494	0.034579	0.514080	0.004321	0.029335	0.001638	0.267512
69	0.133013	0.003351	0.007041	0.034657	0.524967	0.004256	0.028016	0.001504	0.263195
70	0.128744	0.003132	0.006558	0.034648	0.535135	0.004143	0.026762	0.001419	0.259459
71	0.124833	0.002991	0.006019	0.034373	0.545990	0.004126	0.025814	0.001281	0.254573
72	0.120366	0.002883	0.005557	0.034418	0.557103	0.003926	0.024500	0.001162	0.250085
73	0.116318	0.002686	0.005114	0.034200	0.567824	0.003962	0.023346	0.001120	0.245430
74	0.112164	0.002572	0.004651	0.034364	0.578291	0.003864	0.022341	0.001062	0.240691
75	0.108203	0.002478	0.004333	0.034311	0.588835	0.003734	0.021234	0.000999	0.235873
76	0.104341	0.002302	0.004069	0.034180	0.599041	0.003710	0.020286	0.000947	0.231124
77	0.100441	0.002170	0.003772	0.034195	0.609154	0.003650	0.019405	0.000891	0.226322
78	0.096879	0.002071	0.003473	0.033915	0.619229	0.003652	0.018461	0.000817	0.221503
79	0.093087	0.002005	0.003193	0.033861	0.628981	0.003557	0.017751	0.000789	0.216776
80	0.089697	0.001887	0.002953	0.033784	0.638658	0.003537	0.016868	0.000757	0.211859
81	0.085962	0.001759	0.002775	0.033648	0.649000	0.003431	0.016008	0.000700	0.206717
82	0.082217	0.001690	0.002592	0.033703	0.658530	0.003392	0.015089	0.000642	0.202145
83	0.079098	0.001539	0.002385	0.033788	0.667558	0.003368	0.014173	0.000614	0.197477
84	0.075950	0.001474	0.002225	0.033783	0.676843	0.003320	0.013429	0.000578	0.192398
85	0.072774	0.001341	0.001967	0.033936	0.686063	0.003348	0.012636	0.000521	0.187414
86	0.069438	0.001221	0.001851	0.033936	0.694970	0.003196	0.011951	0.000502	0.182935
87	0.066592	0.001118	0.001716	0.034025	0.703763	0.003256	0.011295	0.000475	0.177760
88	0.063291	0.001061	0.001560	0.034215	0.712315	0.003175	0.010670	0.000457	0.173256
89	0.060413	0.001009	0.001477	0.034148	0.720556	0.003139	0.010008	0.000443	0.168807
90	0.057567	0.000972	0.001378	0.034298	0.728254	0.003258	0.009540	0.000385	0.164348
91	0.054923	0.000885	0.001233	0.034199	0.736450	0.003131	0.009072	0.000367	0.159740
92	0.052547	0.000853	0.001090	0.034485	0.743678	0.003169	0.008652	0.000329	0.155197
93	0.050267	0.000751	0.001002	0.034644	0.751091	0.003185	0.008111	0.000320	0.150629
94	0.047815	0.000695	0.000909	0.034541	0.758740	0.003124	0.007645	0.000314	0.146217
95	0.045433	0.000642	0.000829	0.034622	0.765995	0.003131	0.007328	0.000307	0.141713
96	0.043213	0.000610	0.000736	0.034764	0.773057	0.003130	0.006952	0.000298	0.137240
97	0.041224	0.000586	0.000680	0.034850	0.779492	0.003101	0.006536	0.000297	0.133234
98	0.039108	0.000507	0.000636	0.035137	0.785745	0.003061	0.006243	0.000274	0.129289
99	0.037137	0.000503	0.000600	0.035036	0.792465	0.003009	0.005965	0.000249	0.125036
100	0.035164	0.000429	0.000536	0.035031	0.798816	0.002971	0.005521	0.000259	0.121273
101	0.033409	0.000407	0.000472	0.035162	0.805174	0.002993	0.005203	0.000246	0.116934
102	0.031856	0.000365	0.000390	0.035206	0.810975	0.002935	0.004847	0.000227	0.113199
103	0.030241	0.000321	0.000375	0.035295	0.816762	0.002885	0.004608	0.000199	0.109314
104	0.028573	0.000311	0.000358	0.035016	0.822407	0.002925	0.004491	0.000182	0.105737
105	0.027067	0.000255	0.000303	0.035076	0.828222	0.002860	0.004331	0.000152	0.101734
106	0.025390	0.000245	0.000271	0.035076	0.833702	0.002880	0.004037	0.000132	0.098267
107	0.023904	0.000211	0.000257	0.035229	0.838862	0.002832	0.003832	0.000129	0.094744
108	0.022567	0.000203	0.000228	0.035145	0.843784	0.002845	0.003601	0.000120	0.091507
109	0.021229	0.000170	0.000196	0.035106	0.848569	0.002897	0.003405	0.000125	0.088303
110	0.019958	0.000150	0.000161	0.035203	0.853106	0.002924	0.003217	0.000110	0.085171
111	0.018697	0.000149	0.000158	0.035254	0.857626	0.002957	0.003023	0.000116	0.082020
112	0.017795	0.000152	0.000126	0.035328	0.861997	0.002903	0.002840	0.000113	0.078746
113	0.016795	0.000143	0.000107	0.035313	0.866230	0.002830	0.002720	0.000110	0.075752
114	0.015850	0.000139	0.000088	0.035298	0.870271	0.002806	0.002556	0.000100	0.072892
115	0.014901	0.000133	0.000079	0.035598	0.873983	0.002824	0.002403	0.000091	0.069988
116	0.013930	0.000129	0.000084	0.035765	0.877785	0.002817	0.002208	0.000090	0.067192
117	0.013111	0.000133	0.000066	0.035580	0.881692	0.002799	0.002053	0.000076	0.064490
118	0.012216	0.000129	0.000072	0.035691	0.885179	0.002744	0.001922	0.000088	0.061959
119	0.011511	0.000120	0.000059	0.035606	0.888615	0.002717	0.001829	0.000068	0.059475
120	0.010749	0.000115	0.000057	0.035761	0.891789	0.002679	0.001709	0.000065	0.057076
121	0.010101	0.000105	0.000051	0.035715	0.895200	0.002636	0.001590	0.000055	0.054547
122	0.009530	0.000089	0.000045	0.035559	0.898352	0.002672	0.001504	0.000051	0.052198
123	0.009010	0.000089	0.000042	0.035719	0.901098	0.002644	0.001460	0.000042	0.049896
124	0.008385	0.000074	0.000036	0.035760	0.903957	0.002618	0.001376	0.000036	0.047758
125	0.007944	0.000068	0.000028	0.035525	0.906939	0.002564	0.001240	0.000027	0.045665
126	0.007569	0.000070	0.000028	0.035462	0.909575	0.002550	0.001153	0.000019	0.043574
127	0.007115	0.000065	0.000023	0.035218	0.912369	0.002479	0.001066	0.000014	0.041651
128	0.006697	0.000076	0.000020	0.035323	0.914572	0.002438	0.000991	0.000010	0.039873
129	0.006306	0.000086	0.000011	0.035472	0.916492	0.002466	0.000937	0.000014	0.038216
130	0.006004	0.000076	0.000009	0.035491	0.918601	0.002467	0.000862	0.000007	0.036483
131	0.005678	0.000069	0.000009	0.035537	0.920658	0.002502	0.000797	0.000003	0.034747
132	0.005203	0.000066	0.000009	0.035635	0.922588	0.002510	0.000732	0.000005	0.033252
133	0.004868	0.000062	0.000006	0.035513	0.924756	0.002566	0.000660	0.000006	0.031563
134	0.004503	0.000041	0.000004	0.035563	0.926541	0.002558	0.000614	0.000009	0.030167
135	0.004237	0.000045	0.000005	0.035697	0.928110	0.002621	0.000640	0.000005	0.028640
136	0.004054	0.000038	0.000003	0.035938	0.929599	0.002553	0.000599	0.000004	0.027212
137	0.003739	0.000029	0.000002	0.036065	0.931143	0.002557	0.000617	0.000000	0.025848
138	0.003500	0.000032	0.000000	0.035908	0.932856	0.002482	0.000554	0.000000	0.024668
139	0.003316	0.000030	0.000000	0.036038	0.934203	0.002476	0.000499	0.000000	0.023438
140	0.003118	0.000035	0.000000	0.036005	0.935593	0.002480	0.000493	0.000000	0.022276
141	0.002881	0.000035	0.000000	0.035951	0.937104	0.002486	0.000461	0.000000	0.021082
142	0.002699	0.000032	0.000000	0.036055	0.938294	0.002498	0.000422	0.000000	0.020000
143	0.002531	0.000032	0.000000	0.036050	0.939446	0.002503	0.000403	0.000000	0.019035
144	0.002429	0.000030	0.000000	0.036179	0.940511	0.002482	0.000361	0.000000	0.018008
145	0.002262	0.000027	0.000000	0.036101	0.941705	0.002503	0.000339	0.000000	0.017063
146	0.002168	0.000023	0.000000	0.036193	0.942673	0.002430	0.000326	0.000000	0.016187
147	0.002029	0.000025	0.000000	0.036315	0.943580	0.002448	0.000300	0.000000	0.015303
148	0.001879	0.000026	0.000000	0.036111	0.944761	0.002476	0.000277	0.000000	0.014470
149	0.001724	0.000031	0.000000	0.035759	0.946075	0.002440	0.000261	0.000000	0.013710
150	0.001625	0.000033	0.000000	0.035761	0.946962	0.002412	0.000245	0.000000	0.012962
151	0.001473	0.000030	0.000000	0.035631	0.947913	0.002454	0.000220	0.000000	0.012279
152	0.001342	0.000019	0.000000	0.035624	0.948731	0.002410	0.000209	0.000000	0.011665
153	0.001230	0.000017	0.000000	0.035657	0.949536	0.002394	0.000176	0.000000	0.010990
154	0.001134	0.000019	0.000000	0.035491	0.950340	0.002415	0.000172	0.000000	0.010429
155	0.001055	0.000022	0.000000	0.035664	0.950806	0.002417	0.000169	0.000000	0.009867
156	0.000948	0.000020	0.000000	0.035794	0.951342	0.002402	0.000170	0.000000	0.009324
157	0.000846	0.000019	0.000000	0.036075	0.951612	0.002481	0.000150	0.000000	0.008817
158	0.000787	0.000020	0.000000	0.036048	0.952167	0.002526	0.000125	0.000000	0.008327
159	0.000706	0.000019	0.000000	0.036025	0.952812	0.002462	0.000126	0.000000	0.007850
160	0.000619	0.000021	0.000000	0.035935	0.953462	0.002469	0.000106	0.000000	0.007388
161	0.000593	0.000014	0.000000	0.035850	0.953991	0.002441	0.000105	0.000000	0.007006
162	0.000548	0.000016	0.000000	0.035882	0.954461	0.002408	0.000093	0.000000	0.006592
163	0.000500	0.000019	0.000000	0.035746	0.955129	0.002379	0.000082	0.000000	0.006145
164	0.000455	0.000018	0.000000	0.035572	0.955738	0.002396	0.000072	0.000000	0.005749
165	0.000430	0.000017	0.000000	0.035568	0.956233	0.002383	0.000073	0.000000	0.005296
166	0.000403	0.000015	0.000000	0.035279	0.956866	0.002460	0.000051	0.000000	0.004926
167	0.000390	0.000016	0.000000	0.034996	0.957479	0.002455	0.000053	0.000000	0.004611
168	0.000368	0.000013	0.000000	0.035254	0.957630	0.002408	0.000044	0.000000	0.004283
169	0.000334	0.000013	0.000000	0.034988	0.958200	0.002352	0.000047	0.000000	0.004066
170	0.000314	0.000013	0.000000	0.034946	0.958517	0.002358	0.000043	0.000000	0.003809
171	0.000316	0.000010	0.000000	0.034962	0.958695	0.002363	0.000042	0.000000	0.003612
172	0.000292	0.000004	0.000000	0.034839	0.959087	0.002416	0.000039	0.000000	0.003323
173	0.000274	0.000007	0.000000	0.034941	0.959182	0.002428	0.000034	0.000000	0.003134
174	0.000262	0.000008	0.000000	0.035171	0.959168	0.002434	0.000031	0.000000	0.002926
175	0.000267	0.000010	0.000000	0.035187	0.959354	0.002474	0.000029	0.000000	0.002679
176	0.000250	0.000006	0.000000	0.035052	0.959649	0.002500	0.000023	0.000000	0.002520
177	0.000236	0.000007	0.000000	0.034877	0.959920	0.002571	0.000018	0.000000	0.002371
178	0.000233	0.000005	0.000000	0.034752	0.960158	0.002577	0.000018	0.000000	0.002257
179	0.000223	0.000006	0.000000	0.034606	0.960378	0.002638	0.000016	0.000000	0.002133
180	0.000202	0.000007	0.000000	0.034489	0.960682	0.002638	0.000022	0.000000	0.001960
181	0.000187	0.000006	0.000000	0.034444	0.960822	0.002658	0.000013	0.000000	0.001870
182	0.000184	0.000007	0.000000	0.034440	0.961003	0.002596	0.000014	0.000000	0.001756
183	0.000157	0.000004	0.000000	0.034412	0.961156	0.002640	0.000014	0.000000	0.001617
184	0.000139	0.000005	0.000000	0.034511	0.961190	0.002673	0.000005	0.000000	0.001477
185	0.000130	0.000004	0.000000	0.034379	0.961386	0.002724	0.000004	0.000000	0.001373
186	0.000134	0.000002	0.000000	0.034247	0.961641	0.002673	0.000008	0.000000	0.001295
187	0.000120	0.000000	0.000000	0.034082	0.961951	0.002635	0.000007	0.000000	0.001205
188	0.000109	0.000000	0.000000	0.033972	0.962204	0.002605	0.000006	0.000000	0.001104
189	0.000080	0.000000	0.000000	0.034059	0.962181	0.002614	0.000002	0.000000	0.001064
190	0.000073	0.000000	0.000000	0.033904	0.962532	0.002515	0.000004	0.000000	0.000972
191	0.000064	0.000000	0.000000	0.033807	0.962639	0.002558	0.000005	0.000000	0.000927
192	0.000058	0.000000	0.000000	0.033849	0.962715	0.002524	0.000004	0.000000	0.000850
193	0.000042	0.000000	0.000000	0.033556	0.963067	0.002565	0.000003	0.000000	0.000767
194	0.000041	0.000000	0.000000	0.033578	0.963098	0.002569	0.000003	0.000000	0.000711
195	0.000042	0.000000	0.000000	0.033621	0.963104	0.002616	0.000001	0.000000	0.000616
196	0.000028	0.000000	0.000000	0.033699	0.963119	0.002585	0.000001	0.000000	0.000568
197	0.000031	0.000000	0.000000	0.033595	0.963220	0.002640	0.000000	0.000000	0.000514
198	0.000033	0.000000	0.000000	0.033599	0.963206	0.002672	0.000000	0.000000	0.000490
199	0.000019	0.000000	0.000000	0.033365	0.963453	0.002689	0.000000	0.000000	0.000474
200	0.000018	0.000000	0.000000	0.033379	0.963533	0.002636	0.000000	0.000000	0.000434
201	0.000018	0.000000	0.000000	0.033438	0.963495	0.002642	0.000000	0.000000	0.000407
202	0.000015	0.000000	0.000000	0.033415	0.963521	0.002676	0.000000	0.000000	0.000373
203	0.000014	0.000000	0.000000	0.033296	0.963670	0.002665	0.000000	0.000000	0.000355
204	0.000011	0.000000	0.000000	0.033423	0.963617	0.002648	0.000000	0.000000	0.000301
205	0.000006	0.000000	0.000000	0.033677	0.963316	0.002722	0.000000	0.000000	0.000279
206	0.000009	0.000000	0.000000	0.033775	0.963239	0.002718	0.000000	0.000000	0.000259
207	0.000004	0.000000	0.000000	0.033853	0.963192	0.002710	0.000000	0.000000	0.000241
208	0.000002	0.000000	0.000000	0.033938	0.963129	0.002700	0.000000	0.000000	0.000231
209	0.000001	0.000000	0.000000	0.033974	0.963085	0.002735	0.000000	0.000000	0.000205
210	0.000000	0.000000	0.000000	0.033723	0.963355	0.002728	0.000000	0.000000	0.000194
211	0.000000	0.000000	0.000000	0.033731	0.963386	0.002702	0.000000	0.000000	0.000181
212	0.000000	0.000000	0.000000	0.033680	0.963504	0.002647	0.000000	0.000000	0.000169
213	0.000000	0.000000	0.000000	0.033663	0.963569	0.002619	0.000000	0.000000	0.000149
214	0.000000	0.000000	0.000000	0.033380	0.963829	0.002660	0.000000	0.000000	0.000131
215	0.000000	0.000000	0.000000	0.033473	0.963693	0.002705	0.000000	0.000000	0.000129
216	0.000000	0.000000	0.000000	0.033590	0.963636	0.002650	0.000000	0.000000	0.000124
217	0.000000	0.000000	0.000000	0.033693	0.963554	0.002639	0.000000	0.000000	0.000114
218	0.000000	0.000000	0.000000	0.033701	0.963571	0.002626	0.000000	0.000000	0.000102
219	0.000000	0.000000	0.000000	0.033681	0.963621	0.002609	0.000000	0.000000	0.000089
220	0.000000	0.000000	0.000000	0.033322	0.963950	0.002651	0.000000	0.000000	0.000077
221	0.000000	0.000000	0.000000	0.033232	0.964104	0.002597	0.000000	0.000000	0.000067
222	0.000000	0.000000	0.000000	0.033093	0.964274	0.002566	0.000000	0.000000	0.000067
223	0.000000	0.000000	0.000000	0.033276	0.964126	0.002538	0.000000	0.000000	0.000060
224	0.000000	0.000000	0.000000	0.033406	0.963958	0.002582	0.000000	0.000000	0.000054
225	0.000000	0.000000	0.000000	0.033420	0.963901	0.002628	0.000000	0.000000	0.000051
226	0.000000	0.000000	0.000000	0.033450	0.963813	0.002689	0.000000	0.000000	0.000048
227	0.000000	0.000000	0.000000	0.033523	0.963700	0.002716	0.000000	0.000000	0.000061
228	0.000000	0.000000	0.000000	0.033413	0.963866	0.002670	0.000000	0.000000	0.000051
229	0.000000	0.000000	0.000000	0.033321	0.963903	0.002727	0.000000	0.000000	0.000049
230	0.000000	0.000000	0.000000	0.033645	0.963613	0.002704	0.000000	0.000000	0.000038
231	0.000000	0.000000	0.000000	0.033518	0.963721	0.002719	0.000000	0.000000	0.000042
232	0.000000	0.000000	0.000000	0.033485	0.963796	0.002687	0.000000	0.000000	0.000032
233	0.000000	0.000000	0.000000	0.033731	0.963550	0.002692	0.000000	0.000000	0.000027
234	0.000000	0.000000	0.000000	0.033700	0.963662	0.002601	0.000000	0.000000	0.000037
235	0.000000	0.000000	0.000000	0.033692	0.963624	0.002648	0.000000	0.000000	0.000036
236	0.000000	0.000000	0.000000	0.033762	0.963623	0.002576	0.000000	0.000000	0.000039
237	0.000000	0.000000	0.000000	0.033993	0.963397	0.002575	0.000000	0.000000	0.000035
238	0.000000	0.000000	0.000000	0.033882	0.963477	0.002599	0.000000	0.000000	0.000042
239	0.000000	0.000000	0.000000	0.033946	0.963416	0.002598	0.000000	0.000000	0.000040
240	0.000000	0.000000	0.000000	0.034027	0.963306	0.002626	0.000000	0.000000	0.000041
241	0.000000	0.000000	0.000000	0.034113	0.963257	0.002596	0.000000	0.000000	0.000034
242	0.000000	0.000000	0.000000	0.034282	0.963060	0.002621	0.000000	0.000000	0.000037
243	0.000000	0.000000	0.000000	0.034468	0.962860	0.002637	0.000000	0.000000	0.000035
244	0.000000	0.000000	0.000000	0.034655	0.962645	0.002662	0.000000	0.000000	0.000038
245	0.000000	0.000000	0.000000	0.034624	0.962658	0.002686	0.000000	0.000000	0.000032
246	0.000000	0.000000	0.000000	0.034773	0.962538	0.002658	0.000000	0.000000	0.000031
247	0.000000	0.000000	0.000000	0.034785	0.962531	0.002660	0.000000	0.000000	0.000024
248	0.000000	0.000000	0.000000	0.034827	0.962456	0.002695	0.000000	0.000000	0.000022
249	0.000000	0.000000	0.000000	0.034720	0.962542	0.002715	0.000000	0.000000	0.000023
250	0.000000	0.000000	0.000000	0.034523	0.962793	0.002660	0.000000	0.000000	0.000024
251	0.000000	0.000000	0.000000	0.034545	0.962719	0.002715	0.000000	0.000000	0.000021
252	0.000000	0.000000	0.000000	0.034683	0.962532	0.002764	0.000000	0.000000	0.000021
253	0.000000	0.000000	0.000000	0.034521	0.962733	0.002736	0.000000	0.000000	0.000010
254	0.000000	0.000000	0.000000	0.034468	0.962715	0.002805	0.000000	0.000000	0.000012
255	0.000000	0.000000	0.000000	0.034257	0.962972	0.002766	0.000000	0.000000	0.000005
256	0.000000	0.000000	0.000000	0.034210	0.962959	0.002828	0.000000	0.000000	0.000003
257	0.000000	0.000000	0.000000	0.034090	0.963040	0.002868	0.000000	0.000000	0.000002
258	0.000000	0.000000	0.000000	0.034129	0.963036	0.002829	0.000000	0.000000	0.000006
259	0.000000	0.000000	0.000000	0.034183	0.962988	0.002825	0.000000	0.000000	0.000004
260	0.000000	0.000000	0.000000	0.034172	0.963008	0.002817	0.000000	0.000000	0.000003
261	0.000000	0.000000	0.000000	0.034205	0.963044	0.002751	0.000000	0.000000	0.000000
262	0.000000	0.000000	0.000000	0.034319	0.962916	0.002765	0.000000	0.000000	0.000000
263	0.000000	0.000000	0.000000	0.034297	0.962956	0.002747	0.000000	0.000000	0.000000
264	0.000000	0.000000	0.000000	0.034160	0.963109	0.002731	0.000000	0.000000	0.000000
265	0.000000	0.000000	0.000000	0.034153	0.963192	0.002655	0.000000	0.000000	0.000000
266	0.000000	0.000000	0.000000	0.033859	0.963482	0.002659	0.000000	0.000000	0.000000
267	0.000000	0.000000	0.000000	0.033639	0.963727	0.002634	0.000000	0.000000	0.000000
268	0.000000	0.000000	0.000000	0.033637	0.963755	0.002608	0.000000	0.000000	0.000000
269	0.000000	0.000000	0.000000	0.033483	0.963889	0.002628	0.000000	0.000000	0.000000
270	0.000000	0.000000	0.000000	0.033273	0.964019	0.002708	0.000000	0.000000	0.000000
271	0.000000	0.000000	0.000000	0.033003	0.964266	0.002731	0.000000	0.000000	0.000000
272	0.000000	0.000000	0.000000	0.032952	0.964338	0.002710	0.000000	0.000000	0.000000
273	0.000000	0.000000	0.000000	0.033060	0.964128	0.002812	0.000000	0.000000	0.000000
274	0.000000	0.000000	0.000000	0.032823	0.964383	0.002794	0.000000	0.000000	0.000000
275	0.000000	0.000000	0.000000	0.032770	0.964427	0.002803	0.000000	0.000000	0.000000
276	0.000000	0.000000	0.000000	0.032483	0.964658	0.002859	0.000000	0.000000	0.000000
277	0.000000	0.000000	0.000000	0.032764	0.964367	0.002869	0.000000	0.000000	0.000000
278	0.000000	0.000000	0.000000	0.032714	0.964425	0.002861	0.000000	0.000000	0.000000
279	0.000000	0.000000	0.000000	0.032533	0.964628	0.002839	0.000000	0.000000	0.000000
280	0.000000	0.000000	0.000000	0.032685	0.964480	0.002835	0.000000	0.000000	0.000000
281	0.000000	0.000000	0.000000	0.032755	0.964452	0.002793	0.000000	0.000000	0.000000
282	0.000000	0.000000	0.000000	0.032694	0.964470	0.002836	0.000000	0.000000	0.000000
283	0.000000	0.000000	0.000000	0.032765	0.964391	0.002844	0.000000	0.000000	0.000000
284	0.000000	0.000000	0.000000	0.032788	0.964408	0.002804	0.000000	0.000000	0.000000
285	0.000000	0.000000	0.000000	0.032695	0.964508	0.002797	0.000000	0.000000	0.000000
286	0.000000	0.000000	0.000000	0.032800	0.964314	0.002886	0.000000	0.000000	0.000000
287	0.000000	0.000000	0.000000	0.032773	0.964399	0.002828	0.000000	0.000000	0.000000
288	0.000000	0.000000	0.000000	0.032738	0.964470	0.002792	0.000000	0.000000	0.000000
289	0.000000	0.000000	0.000000	0.032686	0.964528	0.002786	0.000000	0.000000	0.000000
290	0.000000	0.000000	0.000000	0.032540	0.964642	0.002818	0.000000	0.000000	0.000000
291	0.000000	0.000000	0.000000	0.032554	0.964632	0.002814	0.000000	0.000000	0.000000
292	0.000000	0.000000	0.000000	0.032324	0.964919	0.002757	0.000000	0.000000	0.000000
293	0.000000	0.000000	0.000000	0.032239	0.965015	0.002746	0.000000	0.000000	0.000000
294	0.000000	0.000000	0.000000	0.032334	0.964876	0.002790	0.000000	0.000000	0.000000
295	0.000000	0.000000	0.000000	0.032254	0.964990	0.002756	0.000000	0.000000	0.000000
296	0.000000	0.000000	0.000000	0.032154	0.965014	0.002832	0.000000	0.000000	0.000000
297	0.000000	0.000000	0.000000	0.032179	0.964994	0.002827	0.000000	0.000000	0.000000
298	0.000000	0.000000	0.000000	0.032283	0.964853	0.002864	0.000000	0.000000	0.000000
299	0.000000	0.000000	0.000000	0.032422	0.964687	0.002891	0.000000	0.000000	0.000000
300	0.000000	0.000000	0.000000	0.032421	0.964678	0.002901	0.000000	0.000000	0.000000
301	0.000000	0.000000	0.000000	0.032687	0.964399	0.002914	0.000000	0.000000	0.000000
302	0.000000	0.000000	0.000000	0.032646	0.964437	0.002917	0.000000	0.000000	0.000000
303	0.000000	0.000000	0.000000	0.032816	0.964315	0.002869	0.000000	0.000000	0.000000
304	0.000000	0.000000	0.000000	0.032842	0.964282	0.002876	0.000000	0.000000	0.000000
305	0.000000	0.000000	0.000000	0.032737	0.964403	0.002860	0.000000	0.000000	0.000000
306	0.000000	0.000000	0.000000	0.032851	0.964383	0.002766	0.000000	0.000000	0.000000
307	0.000000	0.000000	0.000000	0.032847	0.964387	0.002766	0.000000	0.000000	0.000000
308	0.000000	0.000000	0.000000	0.032742	0.964453	0.002805	0.000000	0.000000	0.000000
309	0.000000	0.000000	0.000000	0.032691	0.964441	0.002868	0.000000	0.000000	0.000000
310	0.000000	0.000000	0.000000	0.032907	0.964298	0.002795	0.000000	0.000000	0.000000
311	0.000000	0.000000	0.000000	0.032904	0.964294	0.002802	0.000000	0.000000	0.000000
312	0.000000	0.000000	0.000000	0.032947	0.964217	0.002836	0.000000	0.000000	0.000000
313	0.000000	0.000000	0.000000	0.032850	0.964326	0.002824	0.000000	0.000000	0.000000
314	0.000000	0.000000	0.000000	0.032953	0.964203	0.002844	0.000000	0.000000	0.000000
315	0.000000	0.000000	0.000000	0.032856	0.964295	0.002849	0.000000	0.000000	0.000000
316	0.000000	0.000000	0.000000	0.032848	0.964303	0.002849	0.000000	0.000000	0.000000
317	0.000000	0.000000	0.000000	0.032584	0.964498	0.002918	0.000000	0.000000	0.000000
318	0.000000	0.000000	0.000000	0.032455	0.964633	0.002912	0.000000	0.000000	0.000000
319	0.000000	0.000000	0.000000	0.032548	0.964544	0.002908	0.000000	0.000000	0.000000
320	0.000000	0.000000	0.000000	0.032676	0.964415	0.002909	0.000000	0.000000	0.000000
321	0.000000	0.000000	0.000000	0.032729	0.964379	0.002892	0.000000	0.000000	0.000000
322	0.000000	0.000000	0.000000	0.032916	0.964222	0.002862	0.000000	0.000000	0.000000
323	0.000000	0.000000	0.000000	0.032843	0.964292	0.002865	0.000000	0.000000	0.000000
324	0.000000	0.000000	0.000000	0.032826	0.964421	0.002753	0.000000	0.000000	0.000000
325	0.000000	0.000000	0.000000	0.032977	0.964149	0.002874	0.000000	0.000000	0.000000
326	0.000000	0.000000	0.000000	0.032949	0.964146	0.002905	0.000000	0.000000	0.000000
327	0.000000	0.000000	0.000000	0.032959	0.964162	0.002879	0.000000	0.000000	0.000000
328	0.000000	0.000000	0.000000	0.032914	0.964295	0.002791	0.000000	0.000000	0.000000
329	0.000000	0.000000	0.000000	0.032852	0.964266	0.002882	0.000000	0.000000	0.000000
330	0.000000	0.000000	0.000000	0.032704	0.964464	0.002832	0.000000	0.000000	0.000000
331	0.000000	0.000000	0.000000	0.033028	0.964069	0.002903	0.000000	0.000000	0.000000
332	0.000000	0.000000	0.000000	0.033029	0.964011	0.002960	0.000000	0.000000	0.000000
333	0.000000	0.000000	0.000000	0.032945	0.964121	0.002934	0.000000	0.000000	0.000000
334	0.000000	0.000000	0.000000	0.033040	0.964042	0.002918	0.000000	0.000000	0.000000
335	0.000000	0.000000	0.000000	0.033106	0.963986	0.002908	0.000000	0.000000	0.000000
336	0.000000	0.000000	0.000000	0.033044	0.963949	0.003007	0.000000	0.000000	0.000000
337	0.000000	0.000000	0.000000	0.032977	0.964018	0.003005	0.000000	0.000000	0.000000
338	0.000000	0.000000	0.000000	0.032872	0.964106	0.003022	0.000000	0.000000	0.000000
339	0.000000	0.000000	0.000000	0.032897	0.964165	0.002938	0.000000	0.000000	0.000000
340	0.000000	0.000000	0.000000	0.032862	0.964239	0.002899	0.000000	0.000000	0.000000
341	0.000000	0.000000	0.000000	0.032876	0.964217	0.002907	0.000000	0.000000	0.000000
342	0.000000	0.000000	0.000000	0.032803	0.964351	0.002846	0.000000	0.000000	0.000000
343	0.000000	0.000000	0.000000	0.032746	0.964377	0.002877	0.000000	0.000000	0.000000
344	0.000000	0.000000	0.000000	0.032790	0.964325	0.002885	0.000000	0.000000	0.000000
345	0.000000	0.000000	0.000000	0.032730	0.964377	0.002893	0.000000	0.000000	0.000000
346	0.000000	0.000000	0.000000	0.032712	0.964423	0.002865	0.000000	0.000000	0.000000
347	0.000000	0.000000	0.000000	0.032767	0.964300	0.002933	0.000000	0.000000	0.000000
348	0.000000	0.000000	0.000000	0.032654	0.964443	0.002903	0.000000	0.000000	0.000000
349	0.000000	0.000000	0.000000	0.032613	0.964496	0.002891	0.000000	0.000000	0.000000
350	0.000000	0.000000	0.000000	0.032797	0.964310	0.002893	0.000000	0.000000	0.000000
351	0.000000	0.000000	0.000000	0.032717	0.964455	0.002828	0.000000	0.000000	0.000000
352	0.000000	0.000000	0.000000	0.032659	0.964563	0.002778	0.000000	0.000000	0.000000
353	0.000000	0.000000	0.000000	0.032602	0.964593	0.002805	0.000000	0.000000	0.000000
354	0.000000	0.000000	0.000000	0.032551	0.964675	0.002774	0.000000	0.000000	0.000000
355	0.000000	0.000000	0.000000	0.032420	0.964774	0.002806	0.000000	0.000000	0.000000
356	0.000000	0.000000	0.000000	0.032511	0.964637	0.002852	0.000000	0.000000	0.000000
357	0.000000	0.000000	0.000000	0.032584	0.964542	0.002874	0.000000	0.000000	0.000000
358	0.000000	0.000000	0.000000	0.032785	0.964321	0.002894	0.000000	0.000000	0.000000
359	0.000000	0.000000	0.000000	0.032827	0.964281	0.002892	0.000000	0.000000	0.000000
360	0.000000	0.000000	0.000000	0.032725	0.964367	0.002908	0.000000	0.000000	0.000000
361	0.000000	0.000000	0.000000	0.032660	0.964473	0.002867	0.000000	0.000000	0.000000
362	0.000000	0.000000	0.000000	0.032314	0.964793	0.002893	0.000000	0.000000	0.000000
363	0.000000	0.000000	0.000000	0.032290	0.964846	0.002864	0.000000	0.000000	0.000000
364	0.000000	0.000000	0.000000	0.032214	0.964937	0.002849	0.000000	0.000000	0.000000
365	0.000000	0.000000	0.000000	0.032369	0.964878	0.002753	0.000000	0.000000	0.000000
366	0.000000	0.000000	0.000000	0.032293	0.964965	0.002742	0.000000	0.000000	0.000000
367	0.000000	0.000000	0.000000	0.032275	0.964941	0.002784	0.000000	0.000000	0.000000
368	0.000000	0.000000	0.000000	0.032060	0.965250	0.002690	0.000000	0.000000	0.000000
369	0.000000	0.000000	0.000000	0.032133	0.965152	0.002715	0.000000	0.000000	0.000000
370	0.000000	0.000000	0.000000	0.032194	0.965106	0.002700	0.000000	0.000000	0.000000
371	0.000000	0.000000	0.000000	0.032129	0.965204	0.002667	0.000000	0.000000	0.000000
372	0.000000	0.000000	0.000000	0.032050	0.965204	0.002746	0.000000	0.000000	0.000000
373	0.000000	0.000000	0.000000	0.032073	0.965223	0.002704	0.000000	0.000000	0.000000
374	0.000000	0.000000	0.000000	0.031810	0.965488	0.002702	0.000000	0.000000	0.000000
375	0.000000	0.000000	0.000000	0.031669	0.965589	0.002742	0.000000	0.000000	0.000000
376	0.000000	0.000000	0.000000	0.031606	0.965585	0.002809	0.000000	0.000000	0.000000
377	0.000000	0.000000	0.000000	0.031485	0.965700	0.002815	0.000000	0.000000	0.000000
378	0.000000	0.000000	0.000000	0.031587	0.965547	0.002866	0.000000	0.000000	0.000000
379	0.000000	0.000000	0.000000	0.031668	0.965457	0.002875	0.000000	0.000000	0.000000
380	0.000000	0.000000	0.000000	0.031896	0.965215	0.002889	0.000000	0.000000	0.000000
381	0.000000	0.000000	0.000000	0.031751	0.965318	0.002931	0.000000	0.000000	0.000000
382	0.000000	0.000000	0.000000	0.031599	0.965469	0.002932	0.000000	0.000000	0.000000
383	0.000000	0.000000	0.000000	0.031504	0.965565	0.002931	0.000000	0.000000	0.000000
384	0.000000	0.000000	0.000000	0.031628	0.965455	0.002917	0.000000	0.000000	0.000000
385	0.000000	0.000000	0.000000	0.031643	0.965397	0.002960	0.000000	0.000000	0.000000
386	0.000000	0.000000	0.000000	0.031445	0.965526	0.003029	0.000000	0.000000	0.000000
387	0.000000	0.000000	0.000000	0.031315	0.965649	0.003036	0.000000	0.000000	0.000000
388	0.000000	0.000000	0.000000	0.031185	0.965812	0.003003	0.000000	0.000000	0.000000
389	0.000000	0.000000	0.000000	0.031261	0.965718	0.003021	0.000000	0.000000	0.000000
390	0.000000	0.000000	0.000000	0.031199	0.965695	0.003106	0.000000	0.000000	0.000000
391	0.000000	0.000000	0.000000	0.031460	0.965433	0.003107	0.000000	0.000000	0.000000
392	0.000000	0.000000	0.000000	0.031613	0.965322	0.003065	0.000000	0.000000	0.000000
393	0.000000	0.000000	0.000000	0.031533	0.965409	0.003058	0.000000	0.000000	0.000000
394	0.000000	0.000000	0.000000	0.031335	0.965538	0.003127	0.000000	0.000000	0.000000
395	0.000000	0.000000	0.000000	0.031207	0.965659	0.003134	0.000000	0.000000	0.000000
396	0.000000	0.000000	0.000000	0.031498	0.965421	0.003081	0.000000	0.000000	0.000000
397	0.000000	0.000000	0.000000	0.031300	0.965685	0.003015	0.000000	0.000000	0.000000
398	0.000000	0.000000	0.000000	0.031275	0.965659	0.003066	0.000000	0.000000	0.000000
399	0.000000	0.000000	0.000000	0.031128	0.965820	0.003052	0.000000	0.000000	0.000000
400	0.000000	0.000000	0.000000	0.031290	0.965600	0.003110	0.000000	0.000000	0.000000
401	0.000000	0.000000	0.000000	0.031246	0.965639	0.003115	0.000000	0.000000	0.000000
402	0.000000	0.000000	0.000000	0.031211	0.965654	0.003135	0.000000	0.000000	0.000000
403	0.000000	0.000000	0.000000	0.031252	0.965698	0.003050	0.000000	0.000000	0.000000
404	0.000000	0.000000	0.000000	0.031148	0.965801	0.003051	0.000000	0.000000	0.000000
405	0.000000	0.000000	0.000000	0.031147	0.965754	0.003099	0.000000	0.000000	0.000000
406	0.000000	0.000000	0.000000	0.031230	0.965751	0.003019	0.000000	0.000000	0.000000
407	0.000000	0.000000	0.000000	0.031314	0.965642	0.003044	0.000000	0.000000	0.000000
408	0.000000	0.000000	0.000000	0.031333	0.965648	0.003019	0.000000	0.000000	0.000000
409	0.000000	0.000000	0.000000	0.031485	0.965437	0.003078	0.000000	0.000000	0.000000
410	0.000000	0.000000	0.000000	0.031457	0.965489	0.003054	0.000000	0.000000	0.000000
411	0.000000	0.000000	0.000000	0.031449	0.965559	0.002992	0.000000	0.000000	0.000000
412	0.000000	0.000000	0.000000	0.031331	0.965666	0.003003	0.000000	0.000000	0.000000
413	0.000000	0.000000	0.000000	0.031307	0.965602	0.003091	0.000000	0.000000	0.000000
414	0.000000	0.000000	0.000000	0.031312	0.965626	0.003062	0.000000	0.000000	0.000000
415	0.000000	0.000000	0.000000	0.031116	0.965753	0.003131	0.000000	0.000000	0.000000
416	0.000000	0.000000	0.000000	0.031245	0.965639	0.003116	0.000000	0.000000	0.000000
417	0.000000	0.000000	0.000000	0.031178	0.965713	0.003109	0.000000	0.000000	0.000000
418	0.000000	0.000000	0.000000	0.031244	0.965638	0.003118	0.000000	0.000000	0.000000
419	0.000000	0.000000	0.000000	0.031011	0.965826	0.003163	0.000000	0.000000	0.000000
420	0.000000	0.000000	0.000000	0.031056	0.965807	0.003137	0.000000	0.000000	0.000000
421	0.000000	0.000000	0.000000	0.031057	0.965766	0.003177	0.000000	0.000000	0.000000
422	0.000000	0.000000	0.000000	0.031121	0.965774	0.003105	0.000000	0.000000	0.000000
423	0.000000	0.000000	0.000000	0.031111	0.965775	0.003114	0.000000	0.000000	0.000000
424	0.000000	0.000000	0.000000	0.031093	0.965865	0.003042	0.000000	0.000000	0.000000
425	0.000000	0.000000	0.000000	0.030953	0.965976	0.003071	0.000000	0.000000	0.000000
426	0.000000	0.000000	0.000000	0.031040	0.965830	0.003130	0.000000	0.000000	0.000000
427	0.000000	0.000000	0.000000	0.030815	0.966060	0.003125	0.000000	0.000000	0.000000
428	0.000000	0.000000	0.000000	0.030971	0.965925	0.003104	0.000000	0.000000	0.000000
429	0.000000	0.000000	0.000000	0.031131	0.965764	0.003105	0.000000	0.000000	0.000000
430	0.000000	0.000000	0.000000	0.031087	0.965729	0.003184	0.000000	0.000000	0.000000
431	0.000000	0.000000	0.000000	0.031188	0.965601	0.003211	0.000000	0.000000	0.000000
432	0.000000	0.000000	0.000000	0.031058	0.965694	0.003248	0.000000	0.000000	0.000000
433	0.000000	0.000000	0.000000	0.030987	0.965834	0.003179	0.000000	0.000000	0.000000
434	0.000000	0.000000	0.000000	0.031215	0.965630	0.003155	0.000000	0.000000	0.000000
435	0.000000	0.000000	0.000000	0.031196	0.965633	0.003171	0.000000	0.000000	0.000000
436	0.000000	0.000000	0.000000	0.031233	0.965499	0.003268	0.000000	0.000000	0.000000
437	0.000000	0.000000	0.000000	0.031153	0.965623	0.003224	0.000000	0.000000	0.000000
438	0.000000	0.000000	0.000000	0.031365	0.965411	0.003224	0.000000	0.000000	0.000000
439	0.000000	0.000000	0.000000	0.031216	0.965560	0.003224	0.000000	0.000000	0.000000
440	0.000000	0.000000	0.000000	0.031440	0.965351	0.003209	0.000000	0.000000	0.000000
441	0.000000	0.000000	0.000000	0.031289	0.965480	0.003231	0.000000	0.000000	0.000000
442	0.000000	0.000000	0.000000	0.031160	0.965619	0.003221	0.000000	0.000000	0.000000
443	0.000000	0.000000	0.000000	0.031383	0.965393	0.003224	0.000000	0.000000	0.000000
444	0.000000	0.000000	0.000000	0.031294	0.965532	0.003174	0.000000	0.000000	0.000000
445	0.000000	0.000000	0.000000	0.031267	0.965520	0.003213	0.000000	0.000000	0.000000
446	0.000000	0.000000	0.000000	0.031370	0.965400	0.003230	0.000000	0.000000	0.000000
447	0.000000	0.000000	0.000000	0.031432	0.965364	0.003204	0.000000	0.000000	0.000000
448	0.000000	0.000000	0.000000	0.031439	0.965322	0.003239	0.000000	0.000000	0.000000
449	0.000000	0.000000	0.000000	0.031559	0.965202	0.003239	0.000000	0.000000	0.000000
450	0.000000	0.000000	0.000000	0.031389	0.965402	0.003209	0.000000	0.000000	0.000000
451	0.000000	0.000000	0.000000	0.031625	0.965130	0.003245	0.000000	0.000000	0.000000
452	0.000000	0.000000	0.000000	0.031728	0.965058	0.003214	0.000000	0.000000	0.000000
453	0.000000	0.000000	0.000000	0.032005	0.964796	0.003199	0.000000	0.000000	0.000000
454	0.000000	0.000000	0.000000	0.032010	0.964728	0.003262	0.000000	0.000000	0.000000
455	0.000000	0.000000	0.000000	0.032280	0.964462	0.003258	0.000000	0.000000	0.000000
456	0.000000	0.000000	0.000000	0.032194	0.964484	0.003322	0.000000	0.000000	0.000000
457	0.000000	0.000000	0.000000	0.032245	0.964421	0.003334	0.000000	0.000000	0.000000
458	0.000000	0.000000	0.000000	0.032344	0.964276	0.003380	0.000000	0.000000	0.000000
459	0.000000	0.000000	0.000000	0.032358	0.964226	0.003416	0.000000	0.000000	0.000000
460	0.000000	0.000000	0.000000	0.032101	0.964432	0.003467	0.000000	0.000000	0.000000
461	0.000000	0.000000	0.000000	0.032116	0.964437	0.003447	0.000000	0.000000	0.000000
462	0.000000	0.000000	0.000000	0.032120	0.964412	0.003468	0.000000	0.000000	0.000000
463	0.000000	0.000000	0.000000	0.032158	0.964323	0.003519	0.000000	0.000000	0.000000
464	0.000000	0.000000	0.000000	0.032240	0.964192	0.003568	0.000000	0.000000	0.000000
465	0.000000	0.000000	0.000000	0.032169	0.964296	0.003535	0.000000	0.000000	0.000000
466	0.000000	0.000000	0.000000	0.032178	0.964254	0.003568	0.000000	0.000000	0.000000
467	0.000000	0.000000	0.000000	0.031996	0.964499	0.003505	0.000000	0.000000	0.000000
468	0.000000	0.000000	0.000000	0.032083	0.964363	0.003554	0.000000	0.000000	0.000000
469	0.000000	0.000000	0.000000	0.032161	0.964218	0.003621	0.000000	0.000000	0.000000
470	0.000000	0.000000	0.000000	0.032164	0.964280	0.003556	0.000000	0.000000	0.000000
