0	0.290663	0.057897	0.229473	0.157588	0.029913	0.111872	0.085455	0.012259	0.024880
1	0.248753	0.051511	0.211718	0.135411	0.027475	0.115825	0.106102	0.020744	0.082461
2	0.263373	0.053683	0.223202	0.125533	0.027804	0.108672	0.096498	0.018579	0.082656
3	0.284074	0.055816	0.234747	0.116114	0.028089	0.099837	0.085654	0.016097	0.079572
4	0.305577	0.057915	0.245445	0.106852	0.028376	0.090779	0.075464	0.013725	0.075867
5	0.326160	0.059686	0.255113	0.098117	0.028895	0.082452	0.065880	0.011813	0.071884
6	0.346363	0.060892	0.263887	0.089592	0.029230	0.074297	0.057126	0.010242	0.068371
7	0.365806	0.061502	0.271770	0.081266	0.029525	0.066492	0.050113	0.008639	0.064887
8	0.383867	0.062353	0.278182	0.073938	0.029885	0.059696	0.043411	0.007347	0.061321
9	0.400285	0.062674	0.283830	0.067164	0.030272	0.053782	0.037345	0.006415	0.058233
10	0.415823	0.063064	0.288299	0.060839	0.030971	0.048296	0.032611	0.005463	0.054634
11	0.429641	0.063023	0.292018	0.055604	0.031910	0.043172	0.028278	0.004657	0.051697
12	0.442611	0.062642	0.296204	0.050084	0.032587	0.038911	0.024558	0.003989	0.048414
13	0.453977	0.062598	0.299884	0.045412	0.033242	0.034514	0.021255	0.003403	0.045715
14	0.464932	0.062459	0.302704	0.040830	0.033790	0.030877	0.018326	0.003008	0.043074
15	0.474336	0.062105	0.304508	0.036985	0.034749	0.028043	0.015966	0.002542	0.040766
16	0.483067	0.061601	0.306264	0.033417	0.035988	0.025366	0.013785	0.002175	0.038337
17	0.491189	0.060790	0.307780	0.030217	0.036981	0.022788	0.012104	0.001887	0.036264
18	0.498853	0.060022	0.308394	0.027617	0.038092	0.020667	0.010422	0.001623	0.034310
19	0.505696	0.059748	0.309098	0.025131	0.039010	0.018816	0.009050	0.001393	0.032058
20	0.511652	0.059108	0.310436	0.022669	0.040313	0.016644	0.007877	0.001206	0.030095
21	0.516897	0.058464	0.310699	0.020722	0.041577	0.015313	0.006961	0.001016	0.028351
22	0.520987	0.058003	0.311314	0.019106	0.042816	0.013920	0.005991	0.000964	0.026899
23	0.525495	0.057251	0.311647	0.017403	0.044238	0.012688	0.005192	0.000793	0.025293
24	0.529462	0.056276	0.312290	0.016069	0.045251	0.011503	0.004580	0.000661	0.023908
25	0.532367	0.055507	0.312423	0.014925	0.046775	0.010546	0.004075	0.000588	0.022794
26	0.535130	0.054650	0.312884	0.013670	0.048488	0.009708	0.003528	0.000497	0.021445
27	0.536874	0.054175	0.313409	0.012752	0.049886	0.008975	0.003108	0.000461	0.020360
28	0.539422	0.053413	0.312983	0.011835	0.051567	0.008165	0.002750	0.000411	0.019454
29	0.541578	0.052466	0.313148	0.010931	0.053131	0.007437	0.002482	0.000357	0.018470
30	0.543229	0.051604	0.313192	0.010245	0.054701	0.006811	0.002189	0.000313	0.017716
31	0.544327	0.051064	0.313571	0.009500	0.056509	0.006291	0.001904	0.000244	0.016590
32	0.546472	0.050029	0.312774	0.008889	0.058249	0.005882	0.001671	0.000241	0.015793
33	0.547445	0.049497	0.312668	0.008367	0.059898	0.005511	0.001534	0.000231	0.014849
34	0.548995	0.048486	0.311842	0.007935	0.061826	0.005116	0.001384	0.000206	0.014210
35	0.548726	0.048194	0.311800	0.007446	0.063998	0.004764	0.001230	0.000184	0.013658
36	0.549753	0.047118	0.311419	0.007019	0.066070	0.004492	0.001066	0.000173	0.012890
37	0.549464	0.046525	0.311625	0.006653	0.068111	0.004158	0.000959	0.000148	0.012357
38	0.549728	0.045888	0.311249	0.006183	0.069993	0.003889	0.000875	0.000136	0.012059
39	0.549564	0.045027	0.311212	0.005894	0.072287	0.003795	0.000817	0.000116	0.011288
40	0.549562	0.044284	0.310735	0.005714	0.074593	0.003500	0.000712	0.000097	0.010803
41	0.549129	0.043878	0.310475	0.005423	0.076589	0.003385	0.000679	0.000102	0.010340
42	0.548024	0.043462	0.310764	0.005071	0.079065	0.003147	0.000578	0.000079	0.009810
43	0.548184	0.042847	0.309913	0.004854	0.081226	0.002903	0.000554	0.000065	0.009454
44	0.548254	0.041908	0.309424	0.004544	0.083671	0.002660	0.000463	0.000049	0.009027
45	0.547574	0.040981	0.309211	0.004406	0.086116	0.002589	0.000420	0.000048	0.008655
46	0.546665	0.040159	0.308981	0.004209	0.088779	0.002438	0.000371	0.000049	0.008349
47	0.545545	0.039867	0.308522	0.004056	0.091328	0.002348	0.000357	0.000068	0.007909
48	0.545405	0.039153	0.306932	0.003943	0.094178	0.002288	0.000311	0.000046	0.007744
49	0.544653	0.038666	0.305819	0.003772	0.097204	0.002240	0.000252	0.000042	0.007352
50	0.544056	0.038164	0.305046	0.003512	0.099776	0.002117	0.000216	0.000036	0.007077
51	0.543378	0.037680	0.304106	0.003380	0.102536	0.001907	0.000201	0.000038	0.006774
52	0.542456	0.036981	0.303403	0.003257	0.105337	0.001848	0.000181	0.000028	0.006509
53	0.541667	0.036495	0.302460	0.003062	0.108120	0.001752	0.000164	0.000023	0.006257
54	0.541003	0.035659	0.301315	0.002963	0.111041	0.001691	0.000168	0.000015	0.006145
55	0.539699	0.035282	0.300661	0.002794	0.113954	0.001553	0.000174	0.000012	0.005871
56	0.538941	0.034821	0.298830	0.002712	0.117442	0.001424	0.000145	0.000010	0.005675
57	0.537394	0.034081	0.298627	0.002583	0.120315	0.001337	0.000154	0.000011	0.005498
58	0.535279	0.033543	0.298353	0.002506	0.123731	0.001271	0.000134	0.000009	0.005174
59	0.534050	0.032784	0.297453	0.002352	0.126999	0.001248	0.000118	0.000005	0.004991
60	0.532830	0.032354	0.296005	0.002241	0.130357	0.001181	0.000112	0.000006	0.004914
61	0.530806	0.031659	0.295506	0.002243	0.133831	0.001141	0.000116	0.000008	0.004690
62	0.529354	0.031185	0.294207	0.002043	0.137480	0.001067	0.000104	0.000004	0.004556
63	0.527900	0.030589	0.292879	0.001981	0.141128	0.001030	0.000093	0.000002	0.004398
64	0.524957	0.030393	0.293127	0.001926	0.144276	0.000992	0.000090	0.000004	0.004235
65	0.523661	0.029909	0.291734	0.001942	0.147608	0.000933	0.000067	0.000002	0.004144
66	0.521188	0.029468	0.290952	0.001855	0.151525	0.000957	0.000072	0.000004	0.003979
67	0.519080	0.029073	0.289817	0.001761	0.155448	0.000889	0.000068	0.000005	0.003859
68	0.517459	0.028544	0.288528	0.001766	0.159060	0.000852	0.000054	0.000003	0.003734
69	0.515611	0.028084	0.287457	0.001748	0.162597	0.000784	0.000054	0.000001	0.003664
70	0.513774	0.027425	0.286404	0.001656	0.166486	0.000736	0.000050	0.000003	0.003466
71	0.511914	0.026785	0.284664	0.001639	0.170768	0.000739	0.000048	0.000005	0.003438
72	0.510145	0.026329	0.283266	0.001628	0.174539	0.000695	0.000044	0.000003	0.003351
73	0.507519	0.026059	0.282631	0.001540	0.178268	0.000658	0.000037	0.000004	0.003284
74	0.505453	0.025302	0.281220	0.001503	0.182692	0.000615	0.000032	0.000004	0.003179
75	0.502897	0.024773	0.280351	0.001429	0.186817	0.000639	0.000037	0.000005	0.003052
76	0.500700	0.024271	0.278785	0.001397	0.191308	0.000585	0.000030	0.000001	0.002923
77	0.498322	0.023877	0.277735	0.001419	0.195211	0.000621	0.000024	0.000004	0.002787
78	0.496230	0.023445	0.276019	0.001410	0.199456	0.000631	0.000029	0.000002	0.002778
79	0.493878	0.022995	0.274515	0.001311	0.203923	0.000624	0.000025	0.000003	0.002726
80	0.491326	0.022634	0.273389	0.001276	0.208115	0.000619	0.000024	0.000001	0.002616
81	0.489103	0.022003	0.271989	0.001234	0.212576	0.000587	0.000013	0.000001	0.002494
82	0.486373	0.021567	0.270989	0.001198	0.216796	0.000568	0.000016	0.000002	0.002491
83	0.484330	0.021102	0.269277	0.001132	0.221211	0.000547	0.000015	0.000004	0.002382
84	0.481558	0.020803	0.268248	0.001100	0.225413	0.000554	0.000011	0.000003	0.002310
85	0.478863	0.020250	0.266932	0.001075	0.230050	0.000524	0.000012	0.000001	0.002293
86	0.476557	0.019879	0.264871	0.001088	0.234752	0.000524	0.000013	0.000002	0.002314
87	0.473355	0.019379	0.264096	0.001075	0.239321	0.000535	0.000007	0.000003	0.002229
88	0.470344	0.019326	0.262853	0.000986	0.243887	0.000486	0.000009	0.000002	0.002107
89	0.467978	0.018740	0.261031	0.000944	0.248735	0.000490	0.000007	0.000004	0.002071
90	0.465207	0.018437	0.259725	0.000954	0.253216	0.000493	0.000009	0.000001	0.001958
91	0.462620	0.018098	0.257871	0.000929	0.258131	0.000453	0.000010	0.000003	0.001885
92	0.459617	0.017921	0.256451	0.000919	0.262755	0.000452	0.000007	0.000001	0.001877
93	0.456590	0.017422	0.254782	0.000888	0.268066	0.000427	0.000010	0.000002	0.001813
94	0.453939	0.016922	0.253136	0.000908	0.272881	0.000428	0.000005	0.000002	0.001779
95	0.450543	0.016486	0.251818	0.000914	0.278108	0.000430	0.000003	0.000004	0.001694
96	0.447304	0.016195	0.250233	0.000927	0.283299	0.000427	0.000001	0.000003	0.001611
97	0.444526	0.015998	0.248319	0.000916	0.288268	0.000401	0.000001	0.000004	0.001567
98	0.441413	0.015552	0.246704	0.000948	0.293498	0.000384	0.000001	0.000002	0.001498
99	0.438147	0.015327	0.245198	0.000904	0.298622	0.000388	0.000001	0.000001	0.001412
100	0.434848	0.014930	0.243840	0.000897	0.303749	0.000375	0.000001	0.000000	0.001360
101	0.431758	0.014666	0.242256	0.000873	0.308705	0.000389	0.000001	0.000001	0.001351
102	0.429450	0.014225	0.240330	0.000864	0.313476	0.000381	0.000000	0.000000	0.001274
103	0.426145	0.014018	0.238583	0.000801	0.318853	0.000338	0.000000	0.000000	0.001262
104	0.422740	0.013573	0.237040	0.000798	0.324289	0.000344	0.000001	0.000001	0.001214
105	0.419761	0.013306	0.235133	0.000781	0.329505	0.000323	0.000000	0.000001	0.001190
106	0.417108	0.012900	0.232619	0.000807	0.335119	0.000310	0.000000	0.000002	0.001135
107	0.413976	0.012546	0.231240	0.000801	0.340029	0.000298	0.000000	0.000002	0.001108
108	0.410787	0.012221	0.229596	0.000758	0.345278	0.000296	0.000000	0.000002	0.001062
109	0.407135	0.011962	0.228055	0.000733	0.350751	0.000315	0.000000	0.000000	0.001049
110	0.403701	0.011525	0.226611	0.000731	0.356074	0.000321	0.000000	0.000000	0.001037
111	0.400520	0.011191	0.224312	0.000729	0.361919	0.000324	0.000000	0.000000	0.001005
112	0.396931	0.010892	0.222835	0.000718	0.367260	0.000329	0.000000	0.000000	0.001035
113	0.393593	0.010602	0.220906	0.000695	0.372908	0.000315	0.000000	0.000000	0.000981
114	0.390558	0.010323	0.219193	0.000674	0.378064	0.000310	0.000000	0.000000	0.000878
115	0.387021	0.010014	0.217735	0.000688	0.383372	0.000292	0.000000	0.000000	0.000878
116	0.383343	0.009857	0.216084	0.000694	0.388900	0.000287	0.000000	0.000000	0.000835
117	0.380171	0.009610	0.214029	0.000690	0.394361	0.000291	0.000000	0.000000	0.000848
118	0.377042	0.009256	0.212026	0.000690	0.399891	0.000269	0.000000	0.000000	0.000826
119	0.373627	0.009093	0.210214	0.000676	0.405379	0.000267	0.000000	0.000000	0.000744
120	0.370438	0.008889	0.207824	0.000657	0.411238	0.000233	0.000000	0.000000	0.000721
121	0.367134	0.008685	0.206260	0.000668	0.416336	0.000232	0.000000	0.000000	0.000685
122	0.363968	0.008510	0.204226	0.000660	0.421727	0.000230	0.000000	0.000000	0.000679
123	0.360804	0.008290	0.202098	0.000650	0.427300	0.000229	0.000000	0.000000	0.000629
124	0.357705	0.008080	0.199797	0.000633	0.432932	0.000218	0.000000	0.000000	0.000635
125	0.354299	0.007914	0.197654	0.000658	0.438619	0.000219	0.000000	0.000000	0.000637
126	0.350951	0.007721	0.196007	0.000640	0.443864	0.000203	0.000000	0.000000	0.000614
127	0.347517	0.007571	0.194313	0.000615	0.449172	0.000222	0.000000	0.000000	0.000590
128	0.344372	0.007346	0.191936	0.000612	0.454929	0.000236	0.000000	0.000000	0.000569
129	0.341241	0.007089	0.190183	0.000591	0.460124	0.000233	0.000000	0.000000	0.000539
130	0.337222	0.007045	0.188352	0.000629	0.465988	0.000232	0.000000	0.000000	0.000532
131	0.333955	0.006817	0.186661	0.000653	0.471179	0.000220	0.000000	0.000000	0.000515
132	0.330054	0.006631	0.184817	0.000620	0.477142	0.000214	0.000000	0.000000	0.000522
133	0.326967	0.006395	0.182908	0.000616	0.482409	0.000206	0.000000	0.000000	0.000499
134	0.323497	0.006227	0.181271	0.000590	0.487723	0.000224	0.000000	0.000000	0.000468
135	0.320674	0.005958	0.178888	0.000580	0.493210	0.000203	0.000000	0.000000	0.000487
136	0.317044	0.005856	0.176687	0.000582	0.499177	0.000200	0.000000	0.000000	0.000454
137	0.313968	0.005591	0.175079	0.000606	0.504099	0.000195	0.000000	0.000000	0.000462
138	0.310778	0.005413	0.173318	0.000597	0.509232	0.000207	0.000000	0.000000	0.000455
139	0.307122	0.005207	0.171889	0.000616	0.514508	0.000199	0.000000	0.000000	0.000459
140	0.303508	0.005037	0.170331	0.000620	0.519819	0.000207	0.000000	0.000000	0.000478
141	0.300234	0.004912	0.168124	0.000615	0.525447	0.000218	0.000000	0.000000	0.000450
142	0.296998	0.004750	0.166329	0.000589	0.530679	0.000216	0.000000	0.000000	0.000439
143	0.293922	0.004659	0.164690	0.000586	0.535519	0.000193	0.000000	0.000000	0.000431
144	0.290692	0.004431	0.162619	0.000571	0.541069	0.000207	0.000000	0.000000	0.000411
145	0.287588	0.004314	0.160536	0.000558	0.546365	0.000225	0.000000	0.000000	0.000414
146	0.283547	0.004209	0.158806	0.000568	0.552210	0.000249	0.000000	0.000000	0.000411
147	0.280269	0.004137	0.156842	0.000536	0.557598	0.000237	0.000000	0.000000	0.000381
148	0.277353	0.004059	0.154683	0.000520	0.562751	0.000252	0.000000	0.000000	0.000382
149	0.274086	0.003908	0.153062	0.000500	0.567833	0.000239	0.000000	0.000000	0.000372
150	0.270447	0.003863	0.151267	0.000526	0.573289	0.000221	0.000000	0.000000	0.000387
151	0.267214	0.003712	0.149362	0.000514	0.578614	0.000226	0.000000	0.000000	0.000358
152	0.264032	0.003584	0.147475	0.000536	0.583817	0.000208	0.000000	0.000000	0.000348
153	0.260808	0.003549	0.145514	0.000542	0.589003	0.000227	0.000000	0.000000	0.000357
154	0.257771	0.003426	0.143747	0.000552	0.593918	0.000223	0.000000	0.000000	0.000363
155	0.254427	0.003363	0.142077	0.000534	0.599025	0.000231	0.000000	0.000000	0.000343
156	0.251130	0.003325	0.140579	0.000560	0.603811	0.000242	0.000000	0.000000	0.000353
157	0.248310	0.003261	0.138172	0.000567	0.609113	0.000245	0.000000	0.000000	0.000332
158	0.245405	0.003110	0.136048	0.000543	0.614358	0.000236	0.000000	0.000000	0.000300
159	0.242148	0.002967	0.134274	0.000549	0.619540	0.000223	0.000000	0.000000	0.000299
160	0.239318	0.002863	0.132340	0.000601	0.624364	0.000218	0.000000	0.000000	0.000296
161	0.235939	0.002804	0.130826	0.000599	0.629332	0.000223	0.000000	0.000000	0.000277
162	0.233137	0.002774	0.128529	0.000595	0.634454	0.000238	0.000000	0.000000	0.000273
163	0.229932	0.002721	0.126871	0.000592	0.639345	0.000248	0.000000	0.000000	0.000291
164	0.227157	0.002603	0.125006	0.000585	0.644138	0.000229	0.000000	0.000000	0.000282
165	0.223780	0.002496	0.123652	0.000599	0.648960	0.000226	0.000000	0.000000	0.000287
166	0.221424	0.002397	0.121353	0.000590	0.653720	0.000233	0.000000	0.000000	0.000283
167	0.218398	0.002358	0.119371	0.000577	0.658771	0.000239	0.000000	0.000000	0.000286
168	0.215260	0.002297	0.117548	0.000567	0.663848	0.000218	0.000000	0.000000	0.000262
169	0.212091	0.002216	0.115965	0.000586	0.668682	0.000211	0.000000	0.000000	0.000249
170	0.209048	0.002160	0.114356	0.000614	0.673368	0.000225	0.000000	0.000000	0.000229
171	0.206066	0.002132	0.112883	0.000622	0.677811	0.000244	0.000000	0.000000	0.000242
172	0.202695	0.002089	0.111344	0.000661	0.682706	0.000274	0.000000	0.000000	0.000231
173	0.199843	0.002012	0.109571	0.000672	0.687411	0.000257	0.000000	0.000000	0.000234
174	0.196765	0.001974	0.107655	0.000670	0.692453	0.000273	0.000000	0.000000	0.000210
175	0.193522	0.001930	0.106198	0.000677	0.697198	0.000272	0.000000	0.000000	0.000203
176	0.191001	0.001856	0.104289	0.000665	0.701700	0.000270	0.000000	0.000000	0.000219
177	0.188229	0.001801	0.102211	0.000668	0.706618	0.000255	0.000000	0.000000	0.000218
178	0.185303	0.001720	0.100799	0.000677	0.711033	0.000266	0.000000	0.000000	0.000202
179	0.182688	0.001645	0.099292	0.000661	0.715254	0.000267	0.000000	0.000000	0.000193
180	0.180012	0.001594	0.097493	0.000686	0.719753	0.000281	0.000000	0.000000	0.000181
181	0.176794	0.001528	0.095961	0.000691	0.724584	0.000272	0.000000	0.000000	0.000170
182	0.174076	0.001514	0.094437	0.000721	0.728831	0.000257	0.000000	0.000000	0.000164
183	0.171309	0.001471	0.092766	0.000720	0.733315	0.000262	0.000000	0.000000	0.000157
184	0.168792	0.001425	0.091377	0.000699	0.737291	0.000255	0.000000	0.000000	0.000161
185	0.166048	0.001387	0.089928	0.000695	0.741531	0.000262	0.000000	0.000000	0.000149
186	0.163408	0.001357	0.088713	0.000715	0.745400	0.000243	0.000000	0.000000	0.000164
187	0.160829	0.001251	0.087539	0.000711	0.749263	0.000241	0.000000	0.000000	0.000166
188	0.158316	0.001237	0.085932	0.000699	0.753440	0.000232	0.000000	0.000000	0.000144
189	0.155483	0.001184	0.084145	0.000714	0.758113	0.000217	0.000000	0.000000	0.000144
190	0.152856	0.001149	0.082475	0.000730	0.762415	0.000216	0.000000	0.000000	0.000159
191	0.150255	0.001090	0.081153	0.000693	0.766452	0.000216	0.000000	0.000000	0.000141
192	0.147862	0.000998	0.079529	0.000699	0.770522	0.000241	0.000000	0.000000	0.000149
193	0.145006	0.001048	0.078603	0.000731	0.774254	0.000230	0.000000	0.000000	0.000128
194	0.142507	0.001016	0.077134	0.000722	0.778286	0.000209	0.000000	0.000000	0.000126
195	0.139523	0.000980	0.076131	0.000704	0.782306	0.000229	0.000000	0.000000	0.000127
196	0.137167	0.000936	0.074876	0.000667	0.786058	0.000182	0.000000	0.000000	0.000114
197	0.134754	0.000877	0.073688	0.000670	0.789710	0.000188	0.000000	0.000000	0.000113
198	0.132671	0.000818	0.072129	0.000707	0.793364	0.000213	0.000000	0.000000	0.000098
199	0.130428	0.000838	0.070720	0.000699	0.797011	0.000203	0.000000	0.000000	0.000101
200	0.128046	0.000798	0.069387	0.000696	0.800765	0.000213	0.000000	0.000000	0.000095
201	0.125829	0.000740	0.067744	0.000708	0.804685	0.000201	0.000000	0.000000	0.000093
202	0.123537	0.000720	0.067012	0.000750	0.807706	0.000191	0.000000	0.000000	0.000084
203	0.121159	0.000674	0.065750	0.000753	0.811386	0.000196	0.000000	0.000000	0.000082
204	0.118867	0.000643	0.064340	0.000740	0.815130	0.000202	0.000000	0.000000	0.000078
205	0.116816	0.000619	0.063124	0.000764	0.818405	0.000195	0.000000	0.000000	0.000077
206	0.114381	0.000573	0.062051	0.000801	0.821927	0.000194	0.000000	0.000000	0.000073
207	0.112258	0.000566	0.061094	0.000804	0.825047	0.000174	0.000000	0.000000	0.000057
208	0.109757	0.000537	0.059994	0.000825	0.828643	0.000180	0.000000	0.000000	0.000064
209	0.107744	0.000531	0.058747	0.000855	0.831889	0.000174	0.000000	0.000000	0.000060
210	0.105667	0.000520	0.057661	0.000864	0.835047	0.000184	0.000000	0.000000	0.000057
211	0.103670	0.000493	0.056425	0.000869	0.838324	0.000168	0.000000	0.000000	0.000051
212	0.101853	0.000468	0.055239	0.000895	0.841330	0.000174	0.000000	0.000000	0.000041
213	0.099854	0.000423	0.054364	0.000896	0.844258	0.000162	0.000000	0.000000	0.000043
214	0.097769	0.000401	0.053352	0.000874	0.847403	0.000160	0.000000	0.000000	0.000041
215	0.095844	0.000381	0.052164	0.000837	0.850566	0.000171	0.000000	0.000000	0.000037
216	0.093829	0.000384	0.051063	0.000826	0.853674	0.000189	0.000000	0.000000	0.000035
217	0.091703	0.000363	0.050094	0.000853	0.856768	0.000185	0.000000	0.000000	0.000034
218	0.089560	0.000320	0.049296	0.000828	0.859777	0.000185	0.000000	0.000000	0.000034
219	0.087878	0.000291	0.048268	0.000805	0.862535	0.000193	0.000000	0.000000	0.000030
220	0.086167	0.000262	0.047175	0.000824	0.865381	0.000162	0.000000	0.000000	0.000029
221	0.084442	0.000247	0.046438	0.000803	0.867858	0.000183	0.000000	0.000000	0.000029
222	0.082633	0.000229	0.045639	0.000809	0.870479	0.000183	0.000000	0.000000	0.000028
223	0.081124	0.000217	0.044529	0.000792	0.873115	0.000186	0.000000	0.000000	0.000037
224	0.079566	0.000220	0.043739	0.000795	0.875475	0.000169	0.000000	0.000000	0.000036
225	0.077513	0.000200	0.042986	0.000811	0.878283	0.000168	0.000000	0.000000	0.000039
226	0.076155	0.000196	0.041875	0.000838	0.880744	0.000159	0.000000	0.000000	0.000033
227	0.074679	0.000190	0.040971	0.000826	0.883137	0.000172	0.000000	0.000000	0.000025
228	0.073058	0.000173	0.039895	0.000816	0.885863	0.000171	0.000000	0.000000	0.000024
229	0.071188	0.000179	0.039193	0.000832	0.888420	0.000158	0.000000	0.000000	0.000030
230	0.069678	0.000165	0.038182	0.000842	0.890930	0.000180	0.000000	0.000000	0.000023
231	0.068194	0.000148	0.037295	0.000861	0.893323	0.000159	0.000000	0.000000	0.000020
232	0.066710	0.000135	0.036714	0.000918	0.895346	0.000159	0.000000	0.000000	0.000018
233	0.065138	0.000141	0.035944	0.000949	0.897629	0.000179	0.000000	0.000000	0.000020
234	0.063581	0.000129	0.035410	0.000936	0.899776	0.000153	0.000000	0.000000	0.000015
235	0.062131	0.000141	0.034678	0.000940	0.901947	0.000142	0.000000	0.000000	0.000021
236	0.060873	0.000141	0.033811	0.000929	0.904072	0.000158	0.000000	0.000000	0.000016
237	0.059504	0.000141	0.032995	0.000929	0.906268	0.000140	0.000000	0.000000	0.000023
238	0.058256	0.000120	0.032418	0.000925	0.908116	0.000150	0.000000	0.000000	0.000015
239	0.056998	0.000122	0.031458	0.000937	0.910345	0.000123	0.000000	0.000000	0.000017
240	0.055535	0.000123	0.030928	0.000908	0.912362	0.000128	0.000000	0.000000	0.000016
241	0.054309	0.000110	0.030186	0.000885	0.914344	0.000152	0.000000	0.000000	0.000014
242	0.053282	0.000109	0.029414	0.000900	0.916143	0.000145	0.000000	0.000000	0.000007
243	0.052159	0.000115	0.028747	0.000893	0.917935	0.000141	0.000000	0.000000	0.000010
244	0.050804	0.000100	0.028074	0.000909	0.919981	0.000125	0.000000	0.000000	0.000007
245	0.049720	0.000102	0.027589	0.000905	0.921541	0.000133	0.000000	0.000000	0.000010
246	0.048528	0.000101	0.026909	0.000885	0.923438	0.000132	0.000000	0.000000	0.000007
247	0.047185	0.000088	0.026296	0.000905	0.925385	0.000132	0.000000	0.000000	0.000009
248	0.045908	0.000085	0.025662	0.000908	0.927299	0.000132	0.000000	0.000000	0.000006
249	0.044625	0.000079	0.025002	0.000905	0.929253	0.000128	0.000000	0.000000	0.000008
250	0.043500	0.000071	0.024539	0.000921	0.930837	0.000125	0.000000	0.000000	0.000007
251	0.042196	0.000069	0.024025	0.000969	0.932609	0.000125	0.000000	0.000000	0.000007
252	0.041139	0.000062	0.023527	0.000928	0.934207	0.000133	0.000000	0.000000	0.000004
253	0.040121	0.000049	0.023016	0.000982	0.935700	0.000129	0.000000	0.000000	0.000003
254	0.039308	0.000044	0.022345	0.000996	0.937175	0.000129	0.000000	0.000000	0.000003
255	0.038382	0.000041	0.021781	0.001000	0.938644	0.000150	0.000000	0.000000	0.000002
256	0.037468	0.000043	0.021201	0.001007	0.940151	0.000130	0.000000	0.000000	0.000000
257	0.036273	0.000043	0.020949	0.001011	0.941598	0.000126	0.000000	0.000000	0.000000
258	0.035096	0.000044	0.020507	0.001011	0.943207	0.000135	0.000000	0.000000	0.000000
259	0.034275	0.000050	0.019983	0.000972	0.944571	0.000149	0.000000	0.000000	0.000000
260	0.033398	0.000054	0.019418	0.000953	0.946039	0.000138	0.000000	0.000000	0.000000
261	0.032501	0.000055	0.018920	0.000977	0.947437	0.000110	0.000000	0.000000	0.000000
262	0.031621	0.000049	0.018502	0.000993	0.948716	0.000119	0.000000	0.000000	0.000000
263	0.030943	0.000050	0.017911	0.001018	0.949966	0.000112	0.000000	0.000000	0.000000
264	0.030114	0.000049	0.017429	0.001013	0.951276	0.000119	0.000000	0.000000	0.000000
265	0.029329	0.000045	0.016980	0.001005	0.952530	0.000111	0.000000	0.000000	0.000000
266	0.028465	0.000047	0.016621	0.001019	0.953737	0.000111	0.000000	0.000000	0.000000
267	0.027727	0.000031	0.016355	0.001016	0.954755	0.000116	0.000000	0.000000	0.000000
268	0.027132	0.000032	0.016003	0.000992	0.955739	0.000102	0.000000	0.000000	0.000000
269	0.026308	0.000030	0.015519	0.001013	0.957037	0.000093	0.000000	0.000000	0.000000
270	0.025578	0.000024	0.015156	0.001014	0.958143	0.000085	0.000000	0.000000	0.000000
271	0.024990	0.000028	0.014789	0.001002	0.959094	0.000097	0.000000	0.000000	0.000000
272	0.024260	0.000027	0.014544	0.001000	0.960054	0.000115	0.000000	0.000000	0.000000
273	0.023608	0.000028	0.014213	0.000963	0.961083	0.000105	0.000000	0.000000	0.000000
274	0.023071	0.000025	0.013799	0.000991	0.962008	0.000106	0.000000	0.000000	0.000000
275	0.022446	0.000023	0.013330	0.000975	0.963112	0.000114	0.000000	0.000000	0.000000
276	0.021849	0.000015	0.013012	0.000922	0.964083	0.000119	0.000000	0.000000	0.000000
277	0.021325	0.000013	0.012651	0.000939	0.964954	0.000118	0.000000	0.000000	0.000000
278	0.020956	0.000013	0.012281	0.000953	0.965673	0.000124	0.000000	0.000000	0.000000
279	0.020339	0.000009	0.012059	0.000968	0.966498	0.000127	0.000000	0.000000	0.000000
280	0.019785	0.000009	0.011793	0.000927	0.967359	0.000127	0.000000	0.000000	0.000000
281	0.019383	0.000002	0.011438	0.000899	0.968167	0.000111	0.000000	0.000000	0.000000
282	0.018709	0.000004	0.011193	0.000881	0.969114	0.000099	0.000000	0.000000	0.000000
283	0.018387	0.000003	0.010756	0.000884	0.969851	0.000119	0.000000	0.000000	0.000000
284	0.017807	0.000001	0.010508	0.000886	0.970676	0.000122	0.000000	0.000000	0.000000
285	0.017271	0.000001	0.010246	0.000901	0.971468	0.000113	0.000000	0.000000	0.000000
286	0.016796	0.000000	0.009969	0.000902	0.972215	0.000118	0.000000	0.000000	0.000000
287	0.016288	0.000000	0.009687	0.000928	0.972996	0.000101	0.000000	0.000000	0.000000
288	0.015789	0.000000	0.009382	0.000904	0.973824	0.000101	0.000000	0.000000	0.000000
289	0.015377	0.000000	0.009130	0.000906	0.974477	0.000110	0.000000	0.000000	0.000000
290	0.014900	0.000000	0.008982	0.000880	0.975134	0.000104	0.000000	0.000000	0.000000
291	0.014792	0.000000	0.008679	0.000914	0.975516	0.000099	0.000000	0.000000	0.000000
292	0.014262	0.000000	0.008492	0.000911	0.976236	0.000099	0.000000	0.000000	0.000000
293	0.013849	0.000000	0.008159	0.000941	0.976960	0.000091	0.000000	0.000000	0.000000
294	0.013460	0.000000	0.008009	0.000943	0.977488	0.000100	0.000000	0.000000	0.000000
295	0.013147	0.000000	0.007813	0.000933	0.978001	0.000106	0.000000	0.000000	0.000000
296	0.012847	0.000000	0.007546	0.000940	0.978565	0.000102	0.000000	0.000000	0.000000
297	0.012459	0.000000	0.007259	0.000963	0.979211	0.000108	0.000000	0.000000	0.000000
298	0.012054	0.000000	0.007027	0.000943	0.979893	0.000083	0.000000	0.000000	0.000000
299	0.011693	0.000000	0.006874	0.000982	0.980374	0.000077	0.000000	0.000000	0.000000
300	0.011331	0.000000	0.006653	0.000994	0.980945	0.000077	0.000000	0.000000	0.000000
301	0.011070	0.000000	0.006374	0.000978	0.981512	0.000066	0.000000	0.000000	0.000000
302	0.010774	0.000000	0.006116	0.000988	0.982053	0.000069	0.000000	0.000000	0.000000
303	0.010392	0.000000	0.005907	0.000991	0.982640	0.000070	0.000000	0.000000	0.000000
304	0.010054	0.000000	0.005670	0.000990	0.983218	0.000068	0.000000	0.000000	0.000000
305	0.009800	0.000000	0.005428	0.000999	0.983694	0.000079	0.000000	0.000000	0.000000
306	0.009552	0.000000	0.005242	0.000974	0.984152	0.000080	0.000000	0.000000	0.000000
307	0.009246	0.000000	0.005030	0.000988	0.984658	0.000078	0.000000	0.000000	0.000000
308	0.008911	0.000000	0.004822	0.000979	0.985222	0.000066	0.000000	0.000000	0.000000
309	0.008665	0.000000	0.004674	0.000987	0.985599	0.000075	0.000000	0.000000	0.000000
310	0.008373	0.000000	0.004559	0.000955	0.986047	0.000066	0.000000	0.000000	0.000000
311	0.008132	0.000000	0.004481	0.000919	0.986403	0.000065	0.000000	0.000000	0.000000
312	0.007838	0.000000	0.004310	0.000901	0.986903	0.000048	0.000000	0.000000	0.000000
313	0.007586	0.000000	0.004166	0.000875	0.987311	0.000062	0.000000	0.000000	0.000000
314	0.007383	0.000000	0.004097	0.000888	0.987566	0.000066	0.000000	0.000000	0.000000
315	0.007223	0.000000	0.003939	0.000868	0.987924	0.000046	0.000000	0.000000	0.000000
316	0.006946	0.000000	0.003780	0.000897	0.988318	0.000059	0.000000	0.000000	0.000000
317	0.006720	0.000000	0.003600	0.000909	0.988703	0.000068	0.000000	0.000000	0.000000
318	0.006481	0.000000	0.003630	0.000920	0.988906	0.000063	0.000000	0.000000	0.000000
319	0.006287	0.000000	0.003536	0.000926	0.989191	0.000060	0.000000	0.000000	0.000000
320	0.006073	0.000000	0.003417	0.000912	0.989528	0.000070	0.000000	0.000000	0.000000
321	0.005909	0.000000	0.003270	0.000934	0.989822	0.000065	0.000000	0.000000	0.000000
322	0.005719	0.000000	0.003178	0.000981	0.990055	0.000067	0.000000	0.000000	0.000000
323	0.005565	0.000000	0.003060	0.000956	0.990356	0.000063	0.000000	0.000000	0.000000
324	0.005445	0.000000	0.002941	0.000930	0.990623	0.000061	0.000000	0.000000	0.000000
325	0.005295	0.000000	0.002832	0.000940	0.990857	0.000076	0.000000	0.000000	0.000000
326	0.005135	0.000000	0.002710	0.000913	0.991172	0.000070	0.000000	0.000000	0.000000
327	0.004974	0.000000	0.002660	0.000877	0.991409	0.000080	0.000000	0.000000	0.000000
328	0.004820	0.000000	0.002568	0.000862	0.991670	0.000080	0.000000	0.000000	0.000000
329	0.004654	0.000000	0.002517	0.000851	0.991891	0.000087	0.000000	0.000000	0.000000
330	0.004440	0.000000	0.002425	0.000854	0.992211	0.000070	0.000000	0.000000	0.000000
331	0.004276	0.000000	0.002376	0.000839	0.992433	0.000076	0.000000	0.000000	0.000000
332	0.004204	0.000000	0.002281	0.000860	0.992591	0.000064	0.000000	0.000000	0.000000
333	0.004034	0.000000	0.002229	0.000846	0.992823	0.000068	0.000000	0.000000	0.000000
334	0.003835	0.000000	0.002140	0.000868	0.993078	0.000079	0.000000	0.000000	0.000000
335	0.003750	0.000000	0.002097	0.000861	0.993213	0.000079	0.000000	0.000000	0.000000
336	0.003590	0.000000	0.002013	0.000864	0.993444	0.000089	0.000000	0.000000	0.000000
337	0.003475	0.000000	0.001967	0.000862	0.993605	0.000091	0.000000	0.000000	0.000000
338	0.003326	0.000000	0.001917	0.000861	0.993811	0.000085	0.000000	0.000000	0.000000
339	0.003176	0.000000	0.001844	0.000859	0.994037	0.000084	0.000000	0.000000	0.000000
340	0.003107	0.000000	0.001742	0.000863	0.994202	0.000086	0.000000	0.000000	0.000000
341	0.003029	0.000000	0.001671	0.000859	0.994355	0.000086	0.000000	0.000000	0.000000
342	0.002880	0.000000	0.001616	0.000880	0.994539	0.000085	0.000000	0.000000	0.000000
343	0.002750	0.000000	0.001563	0.000868	0.994730	0.000089	0.000000	0.000000	0.000000
344	0.002692	0.000000	0.001467	0.000832	0.994919	0.000090	0.000000	0.000000	0.000000
345	0.002522	0.000000	0.001461	0.000853	0.995070	0.000094	0.000000	0.000000	0.000000
346	0.002423	0.000000	0.001402	0.000861	0.995231	0.000083	0.000000	0.000000	0.000000
347	0.002342	0.000000	0.001383	0.000862	0.995325	0.000088	0.000000	0.000000	0.000000
348	0.002282	0.000000	0.001357	0.000868	0.995406	0.000087	0.000000	0.000000	0.000000
349	0.002170	0.000000	0.001360	0.000858	0.995520	0.000092	0.000000	0.000000	0.000000
350	0.002019	0.000000	0.001358	0.000874	0.995653	0.000096	0.000000	0.000000	0.000000
351	0.001967	0.000000	0.001283	0.000862	0.995805	0.000083	0.000000	0.000000	0.000000
352	0.001931	0.000000	0.001227	0.000905	0.995838	0.000099	0.000000	0.000000	0.000000
353	0.001854	0.000000	0.001199	0.000923	0.995914	0.000110	0.000000	0.000000	0.000000
354	0.001830	0.000000	0.001132	0.000937	0.995993	0.000108	0.000000	0.000000	0.000000
355	0.001776	0.000000	0.001065	0.000934	0.996111	0.000114	0.000000	0.000000	0.000000
356	0.001655	0.000000	0.001060	0.000941	0.996224	0.000120	0.000000	0.000000	0.000000
357	0.001610	0.000000	0.001011	0.000951	0.996306	0.000122	0.000000	0.000000	0.000000
358	0.001579	0.000000	0.000955	0.000987	0.996360	0.000119	0.000000	0.000000	0.000000
359	0.001482	0.000000	0.000951	0.000969	0.996478	0.000120	0.000000	0.000000	0.000000
360	0.001424	0.000000	0.000935	0.000985	0.996523	0.000133	0.000000	0.000000	0.000000
361	0.001368	0.000000	0.000883	0.000988	0.996616	0.000145	0.000000	0.000000	0.000000
362	0.001321	0.000000	0.000878	0.000998	0.996654	0.000149	0.000000	0.000000	0.000000
363	0.001293	0.000000	0.000847	0.000955	0.996774	0.000131	0.000000	0.000000	0.000000
364	0.001256	0.000000	0.000831	0.000939	0.996829	0.000145	0.000000	0.000000	0.000000
365	0.001209	0.000000	0.000832	0.000966	0.996856	0.000137	0.000000	0.000000	0.000000
366	0.001143	0.000000	0.000774	0.001007	0.996934	0.000142	0.000000	0.000000	0.000000
367	0.001094	0.000000	0.000779	0.000978	0.997003	0.000146	0.000000	0.000000	0.000000
368	0.001025	0.000000	0.000750	0.000998	0.997079	0.000148	0.000000	0.000000	0.000000
369	0.001042	0.000000	0.000710	0.001002	0.997098	0.000148	0.000000	0.000000	0.000000
370	0.000988	0.000000	0.000708	0.000994	0.997164	0.000146	0.000000	0.000000	0.000000
371	0.000922	0.000000	0.000681	0.000988	0.997265	0.000144	0.000000	0.000000	0.000000
372	0.000909	0.000000	0.000669	0.001012	0.997249	0.000161	0.000000	0.000000	0.000000
373	0.000868	0.000000	0.000661	0.001003	0.997309	0.000159	0.000000	0.000000	0.000000
374	0.000828	0.000000	0.000663	0.000963	0.997396	0.000150	0.000000	0.000000	0.000000
375	0.000815	0.000000	0.000646	0.000951	0.997430	0.000158	0.000000	0.000000	0.000000
376	0.000772	0.000000	0.000639	0.000977	0.997475	0.000137	0.000000	0.000000	0.000000
377	0.000718	0.000000	0.000620	0.000969	0.997555	0.000138	0.000000	0.000000	0.000000
378	0.000700	0.000000	0.000611	0.000967	0.997555	0.000167	0.000000	0.000000	0.000000
379	0.000664	0.000000	0.000595	0.000951	0.997634	0.000156	0.000000	0.000000	0.000000
380	0.000635	0.000000	0.000580	0.000934	0.997689	0.000162	0.000000	0.000000	0.000000
381	0.000630	0.000000	0.000571	0.000913	0.997727	0.000159	0.000000	0.000000	0.000000
382	0.000613	0.000000	0.000558	0.000931	0.997752	0.000146	0.000000	0.000000	0.000000
383	0.000579	0.000000	0.000581	0.000963	0.997728	0.000149	0.000000	0.000000	0.000000
384	0.000541	0.000000	0.000545	0.000942	0.997816	0.000156	0.000000	0.000000	0.000000
385	0.000522	0.000000	0.000533	0.000940	0.997837	0.000168	0.000000	0.000000	0.000000
386	0.000494	0.000000	0.000500	0.000923	0.997913	0.000170	0.000000	0.000000	0.000000
387	0.000461	0.000000	0.000513	0.000911	0.997951	0.000164	0.000000	0.000000	0.000000
388	0.000437	0.000000	0.000511	0.000898	0.997991	0.000163	0.000000	0.000000	0.000000
389	0.000422	0.000000	0.000481	0.000861	0.998092	0.000144	0.000000	0.000000	0.000000
390	0.000422	0.000000	0.000461	0.000875	0.998094	0.000148	0.000000	0.000000	0.000000
391	0.000421	0.000000	0.000449	0.000868	0.998125	0.000137	0.000000	0.000000	0.000000
392	0.000394	0.000000	0.000438	0.000865	0.998164	0.000139	0.000000	0.000000	0.000000
393	0.000358	0.000000	0.000410	0.000862	0.998234	0.000136	0.000000	0.000000	0.000000
394	0.000359	0.000000	0.000389	0.000868	0.998253	0.000131	0.000000	0.000000	0.000000
395	0.000333	0.000000	0.000391	0.000854	0.998283	0.000139	0.000000	0.000000	0.000000
396	0.000320	0.000000	0.000357	0.000861	0.998325	0.000137	0.000000	0.000000	0.000000
397	0.000309	0.000000	0.000352	0.000850	0.998343	0.000146	0.000000	0.000000	0.000000
398	0.000294	0.000000	0.000344	0.000862	0.998362	0.000138	0.000000	0.000000	0.000000
399	0.000280	0.000000	0.000332	0.000854	0.998405	0.000129	0.000000	0.000000	0.000000
400	0.000306	0.000000	0.000334	0.000827	0.998401	0.000132	0.000000	0.000000	0.000000
401	0.000296	0.000000	0.000329	0.000815	0.998429	0.000131	0.000000	0.000000	0.000000
402	0.000283	0.000000	0.000339	0.000806	0.998435	0.000137	0.000000	0.000000	0.000000
403	0.000266	0.000000	0.000343	0.000801	0.998465	0.000125	0.000000	0.000000	0.000000
404	0.000237	0.000000	0.000348	0.000792	0.998496	0.000127	0.000000	0.000000	0.000000
405	0.000240	0.000000	0.000339	0.000790	0.998513	0.000118	0.000000	0.000000	0.000000
406	0.000215	0.000000	0.000342	0.000770	0.998548	0.000125	0.000000	0.000000	0.000000
407	0.000195	0.000000	0.000338	0.000766	0.998587	0.000114	0.000000	0.000000	0.000000
408	0.000210	0.000000	0.000329	0.000766	0.998577	0.000118	0.000000	0.000000	0.000000
409	0.000214	0.000000	0.000315	0.000798	0.998547	0.000126	0.000000	0.000000	0.000000
410	0.000196	0.000000	0.000310	0.000761	0.998605	0.000128	0.000000	0.000000	0.000000
411	0.000177	0.000000	0.000291	0.000771	0.998642	0.000119	0.000000	0.000000	0.000000
412	0.000147	0.000000	0.000295	0.000772	0.998646	0.000140	0.000000	0.000000	0.000000
413	0.000147	0.000000	0.000292	0.000781	0.998649	0.000131	0.000000	0.000000	0.000000
414	0.000132	0.000000	0.000272	0.000789	0.998673	0.000134	0.000000	0.000000	0.000000
415	0.000111	0.000000	0.000262	0.000789	0.998715	0.000123	0.000000	0.000000	0.000000
416	0.000104	0.000000	0.000274	0.000793	0.998704	0.000125	0.000000	0.000000	0.000000
417	0.000091	0.000000	0.000267	0.000801	0.998708	0.000133	0.000000	0.000000	0.000000
418	0.000084	0.000000	0.000246	0.000794	0.998747	0.000129	0.000000	0.000000	0.000000
419	0.000070	0.000000	0.000242	0.000807	0.998746	0.000135	0.000000	0.000000	0.000000
420	0.000064	0.000000	0.000228	0.000799	0.998787	0.000122	0.000000	0.000000	0.000000
421	0.000060	0.000000	0.000226	0.000798	0.998793	0.000123	0.000000	0.000000	0.000000
422	0.000060	0.000000	0.000226	0.000777	0.998798	0.000139	0.000000	0.000000	0.000000
423	0.000053	0.000000	0.000215	0.000759	0.998837	0.000136	0.000000	0.000000	0.000000
424	0.000050	0.000000	0.000199	0.000780	0.998845	0.000126	0.000000	0.000000	0.000000
425	0.000045	0.000000	0.000200	0.000798	0.998832	0.000125	0.000000	0.000000	0.000000
426	0.000036	0.000000	0.000185	0.000778	0.998879	0.000122	0.000000	0.000000	0.000000
427	0.000034	0.000000	0.000179	0.000777	0.998881	0.000129	0.000000	0.000000	0.000000
428	0.000026	0.000000	0.000174	0.000774	0.998900	0.000126	0.000000	0.000000	0.000000
429	0.000030	0.000000	0.000165	0.000769	0.998913	0.000123	0.000000	0.000000	0.000000
430	0.000022	0.000000	0.000159	0.000761	0.998941	0.000117	0.000000	0.000000	0.000000
431	0.000019	0.000000	0.000133	0.000760	0.998943	0.000145	0.000000	0.000000	0.000000
432	0.000015	0.000000	0.000142	0.000801	0.998895	0.000147	0.000000	0.000000	0.000000
433	0.000013	0.000000	0.000139	0.000817	0.998888	0.000143	0.000000	0.000000	0.000000
434	0.000013	0.000000	0.000126	0.000831	0.998876	0.000154	0.000000	0.000000	0.000000
435	0.000010	0.000000	0.000118	0.000815	0.998890	0.000167	0.000000	0.000000	0.000000
436	0.000007	0.000000	0.000119	0.000822	0.998890	0.000162	0.000000	0.000000	0.000000
437	0.000002	0.000000	0.000107	0.000809	0.998933	0.000149	0.000000	0.000000	0.000000
438	0.000003	0.000000	0.000094	0.000793	0.998949	0.000161	0.000000	0.000000	0.000000
439	0.000000	0.000000	0.000092	0.000766	0.998997	0.000145	0.000000	0.000000	0.000000
440	0.000000	0.000000	0.000093	0.000772	0.998982	0.000153	0.000000	0.000000	0.000000
441	0.000000	0.000000	0.000088	0.000806	0.998969	0.000137	0.000000	0.000000	0.000000
442	0.000000	0.000000	0.000090	0.000814	0.998948	0.000148	0.000000	0.000000	0.000000
443	0.000000	0.000000	0.000089	0.000813	0.998959	0.000139	0.000000	0.000000	0.000000
444	0.000000	0.000000	0.000090	0.000838	0.998935	0.000137	0.000000	0.000000	0.000000
445	0.000000	0.000000	0.000086	0.000835	0.998925	0.000154	0.000000	0.000000	0.000000
446	0.000000	0.000000	0.000088	0.000827	0.998937	0.000148	0.000000	0.000000	0.000000
447	0.000000	0.000000	0.000078	0.000801	0.998992	0.000129	0.000000	0.000000	0.000000
448	0.000000	0.000000	0.000072	0.000831	0.998973	0.000124	0.000000	0.000000	0.000000
449	0.000000	0.000000	0.000063	0.000786	0.999017	0.000134	0.000000	0.000000	0.000000
450	0.000000	0.000000	0.000066	0.000764	0.999038	0.000132	0.000000	0.000000	0.000000
451	0.000000	0.000000	0.000065	0.000777	0.999029	0.000129	0.000000	0.000000	0.000000
452	0.000000	0.000000	0.000062	0.000810	0.999002	0.000126	0.000000	0.000000	0.000000
453	0.000000	0.000000	0.000057	0.000772	0.999043	0.000128	0.000000	0.000000	0.000000
454	0.000000	0.000000	0.000060	0.000768	0.999047	0.000125	0.000000	0.000000	0.000000
455	0.000000	0.000000	0.000058	0.000750	0.999056	0.000136	0.000000	0.000000	0.000000
456	0.000000	0.000000	0.000061	0.000751	0.999049	0.000139	0.000000	0.000000	0.000000
457	0.000000	0.000000	0.000053	0.000762	0.999053	0.000132	0.000000	0.000000	0.000000
458	0.000000	0.000000	0.000050	0.000788	0.999027	0.000135	0.000000	0.000000	0.000000
459	0.000000	0.000000	0.000044	0.000811	0.999010	0.000135	0.000000	0.000000	0.000000
460	0.000000	0.000000	0.000037	0.000797	0.999029	0.000137	0.000000	0.000000	0.000000
461	0.000000	0.000000	0.000033	0.000848	0.998980	0.000139	0.000000	0.000000	0.000000
462	0.000000	0.000000	0.000034	0.000859	0.998970	0.000137	0.000000	0.000000	0.000000
463	0.000000	0.000000	0.000029	0.000859	0.998983	0.000129	0.000000	0.000000	0.000000
464	0.000000	0.000000	0.000026	0.000864	0.998990	0.000120	0.000000	0.000000	0.000000
465	0.000000	0.000000	0.000026	0.000853	0.998986	0.000135	0.000000	0.000000	0.000000
466	0.000000	0.000000	0.000029	0.000829	0.999013	0.000129	0.000000	0.000000	0.000000
467	0.000000	0.000000	0.000032	0.000828	0.999010	0.000130	0.000000	0.000000	0.000000
468	0.000000	0.000000	0.000031	0.000819	0.999020	0.000130	0.000000	0.000000	0.000000
469	0.000000	0.000000	0.000029	0.000865	0.998974	0.000132	0.000000	0.000000	0.000000
470	0.000000	0.000000	0.000031	0.000887	0.998944	0.000138	0.000000	0.000000	0.000000
