0	0.290663	0.057897	0.229473	0.157588	0.029913	0.111872	0.085455	0.012259	0.024880
1	0.232493	0.048449	0.201030	0.141646	0.029055	0.121091	0.115603	0.022592	0.088041
2	0.233783	0.047680	0.200981	0.137019	0.030440	0.118799	0.113890	0.021934	0.095474
3	0.240312	0.047373	0.203387	0.134133	0.032084	0.115287	0.108316	0.020498	0.098610
4	0.248601	0.046791	0.206088	0.131066	0.033942	0.110566	0.103236	0.019091	0.100619
5	0.256892	0.046199	0.208127	0.128646	0.036031	0.106201	0.098208	0.017524	0.102172
6	0.264986	0.045647	0.210020	0.125884	0.038344	0.101694	0.093649	0.016099	0.103677
7	0.273529	0.045297	0.211596	0.122624	0.040749	0.097841	0.088241	0.014801	0.105322
8	0.282445	0.044653	0.212836	0.119528	0.043710	0.093160	0.083473	0.013482	0.106713
9	0.290706	0.043976	0.213683	0.116811	0.046514	0.089103	0.078996	0.012203	0.108008
10	0.299034	0.043018	0.214554	0.113731	0.049617	0.085057	0.074835	0.011128	0.109026
11	0.308089	0.042560	0.214638	0.110431	0.052595	0.080734	0.070485	0.010174	0.110294
12	0.316161	0.041778	0.214346	0.107290	0.055923	0.076814	0.066839	0.009612	0.111237
13	0.324063	0.040937	0.214212	0.104219	0.059015	0.073276	0.062837	0.008958	0.112483
14	0.330833	0.040091	0.214603	0.101628	0.062630	0.069545	0.059341	0.008135	0.113194
15	0.337603	0.039071	0.214658	0.098664	0.066264	0.066047	0.056037	0.007530	0.114126
16	0.345140	0.037804	0.213561	0.095887	0.070229	0.062932	0.052504	0.006964	0.114979
17	0.352022	0.036804	0.212443	0.093022	0.074186	0.060038	0.049444	0.006386	0.115655
18	0.358931	0.035754	0.211015	0.090015	0.078472	0.056835	0.046442	0.005868	0.116668
19	0.365441	0.034751	0.209579	0.087600	0.082752	0.053934	0.043576	0.005466	0.116901
20	0.370632	0.033376	0.208098	0.085675	0.087324	0.051315	0.041116	0.005021	0.117443
21	0.376226	0.032235	0.206708	0.082799	0.092264	0.048735	0.038773	0.004596	0.117664
22	0.381354	0.031130	0.204921	0.080709	0.097094	0.046487	0.036219	0.004165	0.117921
23	0.385645	0.030230	0.203090	0.078020	0.102845	0.044119	0.034287	0.003971	0.117793
24	0.390101	0.029409	0.200997	0.076164	0.108386	0.041898	0.032121	0.003577	0.117347
25	0.394381	0.028395	0.198789	0.073868	0.113966	0.039974	0.029884	0.003308	0.117435
26	0.398243	0.027487	0.196238	0.071815	0.119877	0.038251	0.028166	0.003021	0.116902
27	0.401012	0.026364	0.194067	0.069980	0.126411	0.036559	0.026323	0.002825	0.116459
28	0.404073	0.025565	0.191833	0.067932	0.133219	0.034776	0.024335	0.002630	0.115637
29	0.406473	0.024647	0.189199	0.066215	0.139809	0.033552	0.022814	0.002315	0.114976
30	0.408695	0.023659	0.186209	0.064503	0.146853	0.032261	0.021324	0.002228	0.114268
31	0.409978	0.022882	0.183754	0.063076	0.154184	0.030872	0.019936	0.001992	0.113326
32	0.411622	0.021942	0.180594	0.061719	0.161487	0.029455	0.018671	0.001846	0.112664
33	0.411876	0.021103	0.178315	0.060258	0.169632	0.028114	0.017353	0.001707	0.111642
34	0.411809	0.020044	0.175730	0.058950	0.178238	0.027108	0.016088	0.001556	0.110477
35	0.411746	0.019560	0.173216	0.057759	0.185957	0.026330	0.015110	0.001432	0.108890
36	0.411528	0.018700	0.170042	0.056658	0.194949	0.025439	0.014154	0.001293	0.107237
37	0.411178	0.018113	0.166715	0.055366	0.204156	0.024442	0.013148	0.001261	0.105621
38	0.410855	0.017444	0.163083	0.054539	0.212851	0.023682	0.012292	0.001102	0.104152
39	0.409287	0.016786	0.160123	0.053598	0.222285	0.022809	0.011500	0.001001	0.102611
40	0.407529	0.016225	0.156354	0.052988	0.232469	0.021857	0.010650	0.000924	0.101004
41	0.405428	0.015558	0.153565	0.052414	0.242300	0.021024	0.009910	0.000843	0.098958
42	0.403003	0.014871	0.150036	0.051415	0.253187	0.020341	0.009265	0.000802	0.097080
43	0.400065	0.014178	0.146718	0.050868	0.263941	0.020039	0.008521	0.000768	0.094902
44	0.397054	0.013637	0.143120	0.050251	0.274774	0.019736	0.008038	0.000673	0.092717
45	0.394032	0.013277	0.139809	0.049616	0.285473	0.019419	0.007290	0.000638	0.090446
46	0.389928	0.012843	0.136889	0.049444	0.296520	0.018905	0.006675	0.000578	0.088218
47	0.387138	0.012201	0.133477	0.049016	0.307502	0.018398	0.006127	0.000494	0.085647
48	0.383137	0.011493	0.130491	0.048734	0.318386	0.017930	0.005676	0.000464	0.083689
49	0.379227	0.011069	0.127065	0.048254	0.329650	0.017555	0.005308	0.000401	0.081471
50	0.374437	0.010605	0.124275	0.047910	0.341337	0.017237	0.004901	0.000362	0.078936
51	0.369673	0.010087	0.120964	0.047749	0.353364	0.016847	0.004437	0.000354	0.076525
52	0.364494	0.009702	0.117364	0.047260	0.365768	0.016594	0.004163	0.000301	0.074354
53	0.360034	0.009100	0.113504	0.047181	0.377959	0.016317	0.003778	0.000293	0.071834
54	0.354380	0.008658	0.110464	0.046911	0.390257	0.015920	0.003412	0.000264	0.069734
55	0.348400	0.008369	0.107162	0.047158	0.402230	0.015864	0.003093	0.000230	0.067494
56	0.342412	0.007958	0.103812	0.047368	0.414778	0.015627	0.002831	0.000209	0.065005
57	0.336255	0.007532	0.100479	0.047054	0.427547	0.015483	0.002590	0.000204	0.062856
58	0.329971	0.007070	0.097895	0.046840	0.439785	0.015331	0.002350	0.000173	0.060585
59	0.323706	0.006695	0.094539	0.046537	0.452864	0.015097	0.002148	0.000166	0.058248
60	0.317142	0.006415	0.091359	0.046245	0.465666	0.014990	0.001996	0.000166	0.056021
61	0.310794	0.006062	0.088261	0.045837	0.478796	0.014692	0.001841	0.000145	0.053572
62	0.304400	0.005789	0.084855	0.045855	0.491608	0.014368	0.001711	0.000113	0.051301
63	0.297146	0.005653	0.082434	0.045646	0.504204	0.014313	0.001542	0.000120	0.048942
64	0.290429	0.005424	0.079054	0.045800	0.516683	0.014005	0.001373	0.000117	0.047115
65	0.283263	0.005121	0.076411	0.045629	0.529344	0.014067	0.001241	0.000096	0.044828
66	0.276077	0.004912	0.073471	0.045515	0.542038	0.013947	0.001160	0.000096	0.042784
67	0.268617	0.004649	0.070826	0.045374	0.554643	0.013871	0.001049	0.000082	0.040889
68	0.261444	0.004410	0.068422	0.045460	0.566823	0.013804	0.000894	0.000067	0.038676
69	0.254466	0.004208	0.065599	0.045769	0.578606	0.013565	0.000806	0.000056	0.036925
70	0.247127	0.003895	0.063069	0.045663	0.591225	0.013543	0.000695	0.000045	0.034738
71	0.239893	0.003626	0.060512	0.045592	0.603384	0.013439	0.000666	0.000052	0.032836
72	0.232467	0.003360	0.058057	0.045664	0.615074	0.013468	0.000606	0.000059	0.031245
73	0.224981	0.003208	0.055785	0.045640	0.626884	0.013271	0.000511	0.000040	0.029680
74	0.218213	0.002986	0.053245	0.045793	0.638192	0.013091	0.000513	0.000030	0.027937
75	0.211187	0.002873	0.050929	0.045942	0.649469	0.012968	0.000446	0.000023	0.026163
76	0.203746	0.002704	0.048540	0.045807	0.661192	0.012848	0.000386	0.000017	0.024760
77	0.196620	0.002517	0.046313	0.045722	0.672158	0.012739	0.000324	0.000020	0.023587
78	0.189413	0.002355	0.044287	0.046174	0.682985	0.012614	0.000294	0.000017	0.021861
79	0.182528	0.002210	0.042026	0.046285	0.693128	0.012784	0.000260	0.000017	0.020762
80	0.175722	0.002089	0.040239	0.046356	0.703275	0.012650	0.000237	0.000016	0.019416
81	0.168687	0.001987	0.038236	0.046316	0.713616	0.012594	0.000202	0.000013	0.018349
82	0.161909	0.001807	0.036346	0.046505	0.723849	0.012368	0.000192	0.000010	0.017014
83	0.155362	0.001693	0.034434	0.046592	0.733305	0.012463	0.000181	0.000007	0.015963
84	0.148621	0.001526	0.033018	0.046673	0.742760	0.012331	0.000168	0.000003	0.014900
85	0.142473	0.001438	0.031265	0.046637	0.752117	0.012043	0.000151	0.000006	0.013870
86	0.136357	0.001421	0.029659	0.046646	0.760643	0.012205	0.000133	0.000002	0.012934
87	0.130182	0.001287	0.028057	0.046813	0.769378	0.012206	0.000116	0.000001	0.011960
88	0.124087	0.001174	0.026797	0.046910	0.777905	0.012055	0.000094	0.000003	0.010975
89	0.118615	0.001107	0.025217	0.047024	0.785730	0.012028	0.000096	0.000001	0.010182
90	0.113031	0.000996	0.023867	0.047016	0.793392	0.012154	0.000082	0.000001	0.009461
91	0.107657	0.000939	0.022698	0.047281	0.800322	0.012224	0.000072	0.000000	0.008807
92	0.102565	0.000852	0.021399	0.047734	0.806975	0.012266	0.000061	0.000000	0.008148
93	0.097046	0.000806	0.020441	0.047724	0.814252	0.012189	0.000051	0.000000	0.007491
94	0.092183	0.000753	0.019261	0.047566	0.821070	0.012263	0.000044	0.000000	0.006860
95	0.087516	0.000729	0.018136	0.047802	0.827304	0.012269	0.000031	0.000000	0.006213
96	0.083033	0.000675	0.017148	0.047885	0.833352	0.012199	0.000026	0.000000	0.005682
97	0.078469	0.000609	0.016120	0.047936	0.839410	0.012205	0.000015	0.000000	0.005236
98	0.074024	0.000565	0.014949	0.048096	0.845222	0.012275	0.000016	0.000000	0.004853
99	0.069691	0.000518	0.014164	0.048304	0.850744	0.012160	0.000014	0.000000	0.004405
100	0.065688	0.000475	0.013395	0.048074	0.856117	0.012203	0.000013	0.000000	0.004035
101	0.061973	0.000425	0.012509	0.048317	0.860941	0.012199	0.000006	0.000000	0.003630
102	0.058462	0.000375	0.011776	0.048274	0.865487	0.012289	0.000004	0.000000	0.003333
103	0.055150	0.000347	0.011092	0.048284	0.869831	0.012283	0.000003	0.000000	0.003010
104	0.051859	0.000305	0.010394	0.048681	0.873854	0.012213	0.000006	0.000000	0.002688
105	0.048607	0.000279	0.009665	0.048829	0.878045	0.012114	0.000003	0.000000	0.002458
106	0.045729	0.000241	0.009175	0.048905	0.881417	0.012321	0.000003	0.000000	0.002209
107	0.042633	0.000232	0.008718	0.049074	0.884983	0.012364	0.000004	0.000000	0.001992
108	0.039896	0.000201	0.008200	0.049028	0.888572	0.012328	0.000001	0.000000	0.001774
109	0.037299	0.000182	0.007678	0.049065	0.891976	0.012229	0.000000	0.000000	0.001571
110	0.034731	0.000162	0.007237	0.049045	0.895083	0.012283	0.000000	0.000000	0.001459
111	0.032580	0.000162	0.006790	0.048990	0.897875	0.012307	0.000000	0.000000	0.001296
112	0.030513	0.000154	0.006245	0.048912	0.900807	0.012255	0.000000	0.000000	0.001114
113	0.028482	0.000140	0.005746	0.049034	0.903389	0.012215	0.000000	0.000000	0.000994
114	0.026464	0.000113	0.005338	0.049100	0.905586	0.012456	0.000000	0.000000	0.000943
115	0.024516	0.000092	0.004993	0.049184	0.907972	0.012391	0.000000	0.000000	0.000852
116	0.022739	0.000070	0.004539	0.049312	0.910196	0.012394	0.000000	0.000000	0.000750
117	0.021001	0.000070	0.004258	0.049375	0.912403	0.012241	0.000000	0.000000	0.000652
118	0.019474	0.000056	0.003943	0.049382	0.914199	0.012351	0.000000	0.000000	0.000595
119	0.018041	0.000043	0.003717	0.049299	0.916019	0.012349	0.000000	0.000000	0.000532
120	0.016672	0.000026	0.003496	0.049322	0.917563	0.012448	0.000000	0.000000	0.000473
121	0.015522	0.000021	0.003285	0.049444	0.918832	0.012468	0.000000	0.000000	0.000428
122	0.014345	0.000017	0.002941	0.049546	0.920397	0.012383	0.000000	0.000000	0.000371
123	0.013392	0.000014	0.002700	0.049425	0.921788	0.012387	0.000000	0.000000	0.000294
124	0.012468	0.000008	0.002442	0.049395	0.923068	0.012333	0.000000	0.000000	0.000286
125	0.011487	0.000008	0.002156	0.049600	0.924178	0.012314	0.000000	0.000000	0.000257
126	0.010496	0.000008	0.002033	0.049597	0.925347	0.012302	0.000000	0.000000	0.000217
127	0.009598	0.000009	0.001853	0.049328	0.926700	0.012333	0.000000	0.000000	0.000179
128	0.008698	0.000009	0.001728	0.049595	0.927530	0.012297	0.000000	0.000000	0.000143
129	0.008024	0.000004	0.001608	0.049613	0.928461	0.012159	0.000000	0.000000	0.000131
130	0.007291	0.000004	0.001458	0.049750	0.929187	0.012196	0.000000	0.000000	0.000114
131	0.006724	0.000005	0.001417	0.050102	0.929237	0.012409	0.000000	0.000000	0.000106
132	0.006159	0.000003	0.001289	0.049975	0.930026	0.012462	0.000000	0.000000	0.000086
133	0.005663	0.000001	0.001175	0.050291	0.930439	0.012351	0.000000	0.000000	0.000080
134	0.005164	0.000001	0.001054	0.050293	0.931086	0.012332	0.000000	0.000000	0.000070
135	0.004625	0.000000	0.001004	0.050403	0.931542	0.012365	0.000000	0.000000	0.000061
136	0.004262	0.000000	0.000922	0.050503	0.931988	0.012275	0.000000	0.000000	0.000050
137	0.003866	0.000000	0.000813	0.050770	0.932290	0.012220	0.000000	0.000000	0.000041
138	0.003484	0.000000	0.000776	0.050613	0.932792	0.012293	0.000000	0.000000	0.000042
139	0.003157	0.000000	0.000694	0.050422	0.933311	0.012378	0.000000	0.000000	0.000038
140	0.002911	0.000000	0.000625	0.050513	0.933647	0.012272	0.000000	0.000000	0.000032
141	0.002634	0.000000	0.000582	0.050666	0.933871	0.012218	0.000000	0.000000	0.000029
142	0.002310	0.000000	0.000524	0.050616	0.934344	0.012179	0.000000	0.000000	0.000027
143	0.002110	0.000000	0.000449	0.050795	0.934503	0.012117	0.000000	0.000000	0.000026
144	0.001929	0.000000	0.000398	0.050788	0.934854	0.012011	0.000000	0.000000	0.000020
145	0.001776	0.000000	0.000385	0.050731	0.935046	0.012034	0.000000	0.000000	0.000028
146	0.001544	0.000000	0.000354	0.050886	0.935100	0.012083	0.000000	0.000000	0.000033
147	0.001393	0.000000	0.000296	0.051073	0.935190	0.012026	0.000000	0.000000	0.000022
148	0.001287	0.000000	0.000291	0.050961	0.935400	0.012038	0.000000	0.000000	0.000023
149	0.001204	0.000000	0.000255	0.051014	0.935413	0.012098	0.000000	0.000000	0.000016
150	0.001091	0.000000	0.000238	0.051030	0.935502	0.012127	0.000000	0.000000	0.000012
151	0.000982	0.000000	0.000211	0.051036	0.935569	0.012187	0.000000	0.000000	0.000015
152	0.000921	0.000000	0.000170	0.050736	0.935933	0.012229	0.000000	0.000000	0.000011
153	0.000830	0.000000	0.000145	0.050794	0.936056	0.012165	0.000000	0.000000	0.000010
154	0.000778	0.000000	0.000117	0.050908	0.936203	0.011985	0.000000	0.000000	0.000009
155	0.000716	0.000000	0.000097	0.050864	0.936376	0.011939	0.000000	0.000000	0.000008
156	0.000662	0.000000	0.000093	0.050956	0.936235	0.012047	0.000000	0.000000	0.000007
157	0.000583	0.000000	0.000076	0.051060	0.936336	0.011941	0.000000	0.000000	0.000004
158	0.000550	0.000000	0.000079	0.050936	0.936376	0.012054	0.000000	0.000000	0.000005
159	0.000504	0.000000	0.000077	0.051105	0.936344	0.011965	0.000000	0.000000	0.000005
160	0.000459	0.000000	0.000061	0.051103	0.936196	0.012179	0.000000	0.000000	0.000002
161	0.000442	0.000000	0.000057	0.051292	0.936112	0.012094	0.000000	0.000000	0.000003
162	0.000377	0.000000	0.000057	0.051465	0.936101	0.011998	0.000000	0.000000	0.000002
163	0.000327	0.000000	0.000045	0.051296	0.936279	0.012052	0.000000	0.000000	0.000001
164	0.000289	0.000000	0.000036	0.051796	0.935779	0.012099	0.000000	0.000000	0.000001
165	0.000261	0.000000	0.000032	0.051560	0.936176	0.011971	0.000000	0.000000	0.000000
166	0.000214	0.000000	0.000035	0.051471	0.936330	0.011950	0.000000	0.000000	0.000000
167	0.000192	0.000000	0.000027	0.051561	0.936240	0.011980	0.000000	0.000000	0.000000
168	0.000167	0.000000	0.000015	0.051235	0.936668	0.011915	0.000000	0.000000	0.000000
169	0.000150	0.000000	0.000013	0.051271	0.936723	0.011843	0.000000	0.000000	0.000000
170	0.000136	0.000000	0.000011	0.051225	0.936804	0.011824	0.000000	0.000000	0.000000
171	0.000111	0.000000	0.000010	0.050888	0.937078	0.011913	0.000000	0.000000	0.000000
172	0.000108	0.000000	0.000010	0.050789	0.937319	0.011774	0.000000	0.000000	0.000000
173	0.000089	0.000000	0.000007	0.050518	0.937693	0.011693	0.000000	0.000000	0.000000
174	0.000084	0.000000	0.000002	0.050257	0.937858	0.011799	0.000000	0.000000	0.000000
175	0.000084	0.000000	0.000001	0.050331	0.937837	0.011747	0.000000	0.000000	0.000000
176	0.000079	0.000000	0.000000	0.050370	0.937889	0.011662	0.000000	0.000000	0.000000
177	0.000073	0.000000	0.000000	0.050160	0.938106	0.011661	0.000000	0.000000	0.000000
178	0.000064	0.000000	0.000000	0.050255	0.938123	0.011558	0.000000	0.000000	0.000000
179	0.000063	0.000000	0.000000	0.050297	0.938008	0.011632	0.000000	0.000000	0.000000
180	0.000055	0.000000	0.000000	0.049975	0.938316	0.011654	0.000000	0.000000	0.000000
181	0.000044	0.000000	0.000000	0.050095	0.938243	0.011618	0.000000	0.000000	0.000000
182	0.000042	0.000000	0.000000	0.049960	0.938346	0.011652	0.000000	0.000000	0.000000
183	0.000046	0.000000	0.000000	0.049964	0.938289	0.011701	0.000000	0.000000	0.000000
184	0.000042	0.000000	0.000000	0.049699	0.938556	0.011703	0.000000	0.000000	0.000000
185	0.000042	0.000000	0.000000	0.049678	0.938645	0.011635	0.000000	0.000000	0.000000
186	0.000048	0.000000	0.000000	0.049859	0.938376	0.011717	0.000000	0.000000	0.000000
187	0.000049	0.000000	0.000000	0.050019	0.938146	0.011786	0.000000	0.000000	0.000000
188	0.000047	0.000000	0.000000	0.049638	0.938466	0.011849	0.000000	0.000000	0.000000
189	0.000051	0.000000	0.000000	0.049770	0.938393	0.011786	0.000000	0.000000	0.000000
190	0.000051	0.000000	0.000000	0.049842	0.938363	0.011744	0.000000	0.000000	0.000000
191	0.000051	0.000000	0.000000	0.049985	0.938351	0.011613	0.000000	0.000000	0.000000
192	0.000056	0.000000	0.000000	0.049798	0.938526	0.011620	0.000000	0.000000	0.000000
193	0.000054	0.000000	0.000000	0.049703	0.938589	0.011654	0.000000	0.000000	0.000000
194	0.000058	0.000000	0.000000	0.049623	0.938628	0.011691	0.000000	0.000000	0.000000
195	0.000051	0.000000	0.000000	0.049437	0.938893	0.011619	0.000000	0.000000	0.000000
196	0.000057	0.000000	0.000000	0.049550	0.938848	0.011545	0.000000	0.000000	0.000000
197	0.000057	0.000000	0.000000	0.049649	0.938759	0.011535	0.000000	0.000000	0.000000
198	0.000058	0.000000	0.000000	0.049581	0.938728	0.011633	0.000000	0.000000	0.000000
199	0.000057	0.000000	0.000000	0.049658	0.938611	0.011674	0.000000	0.000000	0.000000
200	0.000060	0.000000	0.000000	0.049722	0.938506	0.011712	0.000000	0.000000	0.000000
201	0.000050	0.000000	0.000000	0.049722	0.938508	0.011720	0.000000	0.000000	0.000000
202	0.000054	0.000000	0.000000	0.049375	0.938859	0.011712	0.000000	0.000000	0.000000
203	0.000047	0.000000	0.000000	0.049414	0.938888	0.011651	0.000000	0.000000	0.000000
204	0.000048	0.000000	0.000000	0.049417	0.938968	0.011567	0.000000	0.000000	0.000000
205	0.000050	0.000000	0.000000	0.049537	0.938686	0.011727	0.000000	0.000000	0.000000
206	0.000043	0.000000	0.000000	0.049100	0.939204	0.011653	0.000000	0.000000	0.000000
207	0.000046	0.000000	0.000000	0.049304	0.938922	0.011728	0.000000	0.000000	0.000000
208	0.000046	0.000000	0.000000	0.049062	0.939293	0.011599	0.000000	0.000000	0.000000
209	0.000044	0.000000	0.000000	0.049066	0.939274	0.011616	0.000000	0.000000	0.000000
210	0.000047	0.000000	0.000000	0.048944	0.939362	0.011647	0.000000	0.000000	0.000000
211	0.000047	0.000000	0.000000	0.048943	0.939308	0.011702	0.000000	0.000000	0.000000
212	0.000044	0.000000	0.000000	0.049139	0.939039	0.011778	0.000000	0.000000	0.000000
213	0.000036	0.000000	0.000000	0.049188	0.938950	0.011826	0.000000	0.000000	0.000000
214	0.000037	0.000000	0.000000	0.049310	0.938993	0.011660	0.000000	0.000000	0.000000
215	0.000037	0.000000	0.000000	0.049445	0.938883	0.011635	0.000000	0.000000	0.000000
216	0.000031	0.000000	0.000000	0.049374	0.938859	0.011736	0.000000	0.000000	0.000000
217	0.000035	0.000000	0.000000	0.049327	0.938771	0.011867	0.000000	0.000000	0.000000
218	0.000031	0.000000	0.000000	0.049374	0.938722	0.011873	0.000000	0.000000	0.000000
219	0.000029	0.000000	0.000000	0.049398	0.938718	0.011855	0.000000	0.000000	0.000000
220	0.000027	0.000000	0.000000	0.049456	0.938635	0.011882	0.000000	0.000000	0.000000
221	0.000029	0.000000	0.000000	0.049436	0.938688	0.011847	0.000000	0.000000	0.000000
222	0.000024	0.000000	0.000000	0.049254	0.938819	0.011903	0.000000	0.000000	0.000000
223	0.000022	0.000000	0.000000	0.049430	0.938663	0.011885	0.000000	0.000000	0.000000
224	0.000019	0.000000	0.000000	0.049495	0.938724	0.011762	0.000000	0.000000	0.000000
225	0.000017	0.000000	0.000000	0.049639	0.938685	0.011659	0.000000	0.000000	0.000000
226	0.000014	0.000000	0.000000	0.049823	0.938411	0.011752	0.000000	0.000000	0.000000
227	0.000011	0.000000	0.000000	0.049586	0.938792	0.011611	0.000000	0.000000	0.000000
228	0.000010	0.000000	0.000000	0.049696	0.938682	0.011612	0.000000	0.000000	0.000000
229	0.000009	0.000000	0.000000	0.049710	0.938573	0.011708	0.000000	0.000000	0.000000
230	0.000005	0.000000	0.000000	0.049862	0.938309	0.011824	0.000000	0.000000	0.000000
231	0.000001	0.000000	0.000000	0.050002	0.938189	0.011808	0.000000	0.000000	0.000000
232	0.000000	0.000000	0.000000	0.050081	0.938072	0.011847	0.000000	0.000000	0.000000
233	0.000000	0.000000	0.000000	0.050097	0.938193	0.011710	0.000000	0.000000	0.000000
234	0.000000	0.000000	0.000000	0.049905	0.938337	0.011758	0.000000	0.000000	0.000000
235	0.000000	0.000000	0.000000	0.049999	0.938373	0.011628	0.000000	0.000000	0.000000
236	0.000000	0.000000	0.000000	0.049809	0.938506	0.011685	0.000000	0.000000	0.000000
237	0.000000	0.000000	0.000000	0.049686	0.938758	0.011556	0.000000	0.000000	0.000000
238	0.000000	0.000000	0.000000	0.049531	0.938945	0.011524	0.000000	0.000000	0.000000
239	0.000000	0.000000	0.000000	0.049529	0.938960	0.011511	0.000000	0.000000	0.000000
240	0.000000	0.000000	0.000000	0.049420	0.939173	0.011407	0.000000	0.000000	0.000000
241	0.000000	0.000000	0.000000	0.049326	0.939137	0.011537	0.000000	0.000000	0.000000
242	0.000000	0.000000	0.000000	0.048898	0.939660	0.011442	0.000000	0.000000	0.000000
243	0.000000	0.000000	0.000000	0.048879	0.939791	0.011330	0.000000	0.000000	0.000000
244	0.000000	0.000000	0.000000	0.048811	0.939832	0.011357	0.000000	0.000000	0.000000
245	0.000000	0.000000	0.000000	0.048696	0.939992	0.011312	0.000000	0.000000	0.000000
246	0.000000	0.000000	0.000000	0.048761	0.939810	0.011429	0.000000	0.000000	0.000000
247	0.000000	0.000000	0.000000	0.048792	0.939750	0.011458	0.000000	0.000000	0.000000
248	0.000000	0.000000	0.000000	0.048672	0.939930	0.011398	0.000000	0.000000	0.000000
249	0.000000	0.000000	0.000000	0.048637	0.940016	0.011347	0.000000	0.000000	0.000000
250	0.000000	0.000000	0.000000	0.048716	0.939887	0.011397	0.000000	0.000000	0.000000
251	0.000000	0.000000	0.000000	0.048804	0.939820	0.011376	0.000000	0.000000	0.000000
252	0.000000	0.000000	0.000000	0.048768	0.939953	0.011279	0.000000	0.000000	0.000000
253	0.000000	0.000000	0.000000	0.048988	0.939790	0.011222	0.000000	0.000000	0.000000
254	0.000000	0.000000	0.000000	0.048862	0.939967	0.011171	0.000000	0.000000	0.000000
255	0.000000	0.000000	0.000000	0.048624	0.940185	0.011191	0.000000	0.000000	0.000000
256	0.000000	0.000000	0.000000	0.048341	0.940486	0.011173	0.000000	0.000000	0.000000
257	0.000000	0.000000	0.000000	0.048197	0.940459	0.011344	0.000000	0.000000	0.000000
258	0.000000	0.000000	0.000000	0.048051	0.940529	0.011420	0.000000	0.000000	0.000000
259	0.000000	0.000000	0.000000	0.048084	0.940586	0.011330	0.000000	0.000000	0.000000
260	0.000000	0.000000	0.000000	0.048049	0.940551	0.011400	0.000000	0.000000	0.000000
261	0.000000	0.000000	0.000000	0.048204	0.940432	0.011364	0.000000	0.000000	0.000000
262	0.000000	0.000000	0.000000	0.048054	0.940647	0.011299	0.000000	0.000000	0.000000
263	0.000000	0.000000	0.000000	0.047999	0.940653	0.011348	0.000000	0.000000	0.000000
264	0.000000	0.000000	0.000000	0.047843	0.940815	0.011342	0.000000	0.000000	0.000000
265	0.000000	0.000000	0.000000	0.047947	0.940773	0.011280	0.000000	0.000000	0.000000
266	0.000000	0.000000	0.000000	0.048042	0.940730	0.011228	0.000000	0.000000	0.000000
267	0.000000	0.000000	0.000000	0.048046	0.940956	0.010998	0.000000	0.000000	0.000000
268	0.000000	0.000000	0.000000	0.048139	0.940805	0.011056	0.000000	0.000000	0.000000
269	0.000000	0.000000	0.000000	0.048481	0.940501	0.011018	0.000000	0.000000	0.000000
270	0.000000	0.000000	0.000000	0.048475	0.940427	0.011098	0.000000	0.000000	0.000000
271	0.000000	0.000000	0.000000	0.048154	0.940701	0.011145	0.000000	0.000000	0.000000
272	0.000000	0.000000	0.000000	0.048188	0.940518	0.011294	0.000000	0.000000	0.000000
273	0.000000	0.000000	0.000000	0.048110	0.940621	0.011269	0.000000	0.000000	0.000000
274	0.000000	0.000000	0.000000	0.047959	0.940730	0.011311	0.000000	0.000000	0.000000
275	0.000000	0.000000	0.000000	0.047845	0.940828	0.011327	0.000000	0.000000	0.000000
276	0.000000	0.000000	0.000000	0.047524	0.941062	0.011414	0.000000	0.000000	0.000000
277	0.000000	0.000000	0.000000	0.047640	0.940959	0.011401	0.000000	0.000000	0.000000
278	0.000000	0.000000	0.000000	0.047666	0.940989	0.011345	0.000000	0.000000	0.000000
279	0.000000	0.000000	0.000000	0.047696	0.941069	0.011235	0.000000	0.000000	0.000000
280	0.000000	0.000000	0.000000	0.047922	0.940797	0.011281	0.000000	0.000000	0.000000
281	0.000000	0.000000	0.000000	0.047840	0.940944	0.011216	0.000000	0.000000	0.000000
282	0.000000	0.000000	0.000000	0.047925	0.940709	0.011366	0.000000	0.000000	0.000000
283	0.000000	0.000000	0.000000	0.048041	0.940715	0.011244	0.000000	0.000000	0.000000
284	0.000000	0.000000	0.000000	0.048090	0.940660	0.011250	0.000000	0.000000	0.000000
285	0.000000	0.000000	0.000000	0.048033	0.940631	0.011336	0.000000	0.000000	0.000000
286	0.000000	0.000000	0.000000	0.047731	0.940997	0.011272	0.000000	0.000000	0.000000
287	0.000000	0.000000	0.000000	0.047922	0.940583	0.011495	0.000000	0.000000	0.000000
288	0.000000	0.000000	0.000000	0.047697	0.940901	0.011402	0.000000	0.000000	0.000000
289	0.000000	0.000000	0.000000	0.047741	0.940926	0.011333	0.000000	0.000000	0.000000
290	0.000000	0.000000	0.000000	0.047713	0.940895	0.011392	0.000000	0.000000	0.000000
291	0.000000	0.000000	0.000000	0.047879	0.940730	0.011391	0.000000	0.000000	0.000000
292	0.000000	0.000000	0.000000	0.047776	0.940902	0.011322	0.000000	0.000000	0.000000
293	0.000000	0.000000	0.000000	0.047702	0.940951	0.011347	0.000000	0.000000	0.000000
294	0.000000	0.000000	0.000000	0.047515	0.941063	0.011422	0.000000	0.000000	0.000000
295	0.000000	0.000000	0.000000	0.047829	0.940776	0.011395	0.000000	0.000000	0.000000
296	0.000000	0.000000	0.000000	0.047674	0.940914	0.011412	0.000000	0.000000	0.000000
297	0.000000	0.000000	0.000000	0.047425	0.941072	0.011503	0.000000	0.000000	0.000000
298	0.000000	0.000000	0.000000	0.047370	0.941056	0.011574	0.000000	0.000000	0.000000
299	0.000000	0.000000	0.000000	0.047369	0.941000	0.011631	0.000000	0.000000	0.000000
300	0.000000	0.000000	0.000000	0.047370	0.941164	0.011466	0.000000	0.000000	0.000000
301	0.000000	0.000000	0.000000	0.047335	0.941231	0.011434	0.000000	0.000000	0.000000
302	0.000000	0.000000	0.000000	0.047213	0.941375	0.011412	0.000000	0.000000	0.000000
303	0.000000	0.000000	0.000000	0.046988	0.941653	0.011359	0.000000	0.000000	0.000000
304	0.000000	0.000000	0.000000	0.046898	0.941820	0.011282	0.000000	0.000000	0.000000
305	0.000000	0.000000	0.000000	0.047060	0.941529	0.011411	0.000000	0.000000	0.000000
306	0.000000	0.000000	0.000000	0.047237	0.941336	0.011427	0.000000	0.000000	0.000000
307	0.000000	0.000000	0.000000	0.047280	0.941397	0.011323	0.000000	0.000000	0.000000
308	0.000000	0.000000	0.000000	0.047009	0.941533	0.011458	0.000000	0.000000	0.000000
309	0.000000	0.000000	0.000000	0.046624	0.941929	0.011447	0.000000	0.000000	0.000000
310	0.000000	0.000000	0.000000	0.046748	0.941792	0.011460	0.000000	0.000000	0.000000
311	0.000000	0.000000	0.000000	0.046633	0.941966	0.011401	0.000000	0.000000	0.000000
312	0.000000	0.000000	0.000000	0.046844	0.941783	0.011373	0.000000	0.000000	0.000000
313	0.000000	0.000000	0.000000	0.046934	0.941601	0.011465	0.000000	0.000000	0.000000
314	0.000000	0.000000	0.000000	0.046853	0.941642	0.011505	0.000000	0.000000	0.000000
315	0.000000	0.000000	0.000000	0.046823	0.941640	0.011537	0.000000	0.000000	0.000000
316	0.000000	0.000000	0.000000	0.046921	0.941575	0.011504	0.000000	0.000000	0.000000
317	0.000000	0.000000	0.000000	0.047048	0.941427	0.011525	0.000000	0.000000	0.000000
318	0.000000	0.000000	0.000000	0.047229	0.941420	0.011351	0.000000	0.000000	0.000000
319	0.000000	0.000000	0.000000	0.047341	0.941250	0.011409	0.000000	0.000000	0.000000
320	0.000000	0.000000	0.000000	0.047212	0.941353	0.011435	0.000000	0.000000	0.000000
321	0.000000	0.000000	0.000000	0.047203	0.941413	0.011384	0.000000	0.000000	0.000000
322	0.000000	0.000000	0.000000	0.047328	0.941208	0.011464	0.000000	0.000000	0.000000
323	0.000000	0.000000	0.000000	0.047085	0.941254	0.011661	0.000000	0.000000	0.000000
324	0.000000	0.000000	0.000000	0.047013	0.941345	0.011642	0.000000	0.000000	0.000000
325	0.000000	0.000000	0.000000	0.046826	0.941492	0.011682	0.000000	0.000000	0.000000
326	0.000000	0.000000	0.000000	0.046914	0.941505	0.011581	0.000000	0.000000	0.000000
327	0.000000	0.000000	0.000000	0.046979	0.941347	0.011674	0.000000	0.000000	0.000000
328	0.000000	0.000000	0.000000	0.047034	0.941332	0.011634	0.000000	0.000000	0.000000
329	0.000000	0.000000	0.000000	0.046858	0.941522	0.011620	0.000000	0.000000	0.000000
330	0.000000	0.000000	0.000000	0.046931	0.941565	0.011504	0.000000	0.000000	0.000000
331	0.000000	0.000000	0.000000	0.047000	0.941472	0.011528	0.000000	0.000000	0.000000
332	0.000000	0.000000	0.000000	0.046849	0.941708	0.011443	0.000000	0.000000	0.000000
333	0.000000	0.000000	0.000000	0.046956	0.941522	0.011522	0.000000	0.000000	0.000000
334	0.000000	0.000000	0.000000	0.046830	0.941733	0.011437	0.000000	0.000000	0.000000
335	0.000000	0.000000	0.000000	0.047033	0.941394	0.011573	0.000000	0.000000	0.000000
336	0.000000	0.000000	0.000000	0.046965	0.941496	0.011539	0.000000	0.000000	0.000000
337	0.000000	0.000000	0.000000	0.047284	0.940960	0.011756	0.000000	0.000000	0.000000
338	0.000000	0.000000	0.000000	0.047532	0.940774	0.011694	0.000000	0.000000	0.000000
339	0.000000	0.000000	0.000000	0.047678	0.940625	0.011697	0.000000	0.000000	0.000000
340	0.000000	0.000000	0.000000	0.047801	0.940639	0.011560	0.000000	0.000000	0.000000
341	0.000000	0.000000	0.000000	0.047746	0.940688	0.011566	0.000000	0.000000	0.000000
342	0.000000	0.000000	0.000000	0.047520	0.940900	0.011580	0.000000	0.000000	0.000000
343	0.000000	0.000000	0.000000	0.047600	0.940830	0.011570	0.000000	0.000000	0.000000
344	0.000000	0.000000	0.000000	0.047402	0.941151	0.011447	0.000000	0.000000	0.000000
345	0.000000	0.000000	0.000000	0.047592	0.940813	0.011595	0.000000	0.000000	0.000000
346	0.000000	0.000000	0.000000	0.047497	0.941008	0.011495	0.000000	0.000000	0.000000
347	0.000000	0.000000	0.000000	0.047291	0.941224	0.011485	0.000000	0.000000	0.000000
348	0.000000	0.000000	0.000000	0.047219	0.941375	0.011406	0.000000	0.000000	0.000000
349	0.000000	0.000000	0.000000	0.047393	0.941161	0.011446	0.000000	0.000000	0.000000
350	0.000000	0.000000	0.000000	0.047408	0.941212	0.011380	0.000000	0.000000	0.000000
351	0.000000	0.000000	0.000000	0.047425	0.941195	0.011380	0.000000	0.000000	0.000000
352	0.000000	0.000000	0.000000	0.047399	0.941330	0.011271	0.000000	0.000000	0.000000
353	0.000000	0.000000	0.000000	0.047433	0.941247	0.011320	0.000000	0.000000	0.000000
354	0.000000	0.000000	0.000000	0.047358	0.941351	0.011291	0.000000	0.000000	0.000000
355	0.000000	0.000000	0.000000	0.047260	0.941341	0.011399	0.000000	0.000000	0.000000
356	0.000000	0.000000	0.000000	0.046965	0.941680	0.011355	0.000000	0.000000	0.000000
357	0.000000	0.000000	0.000000	0.047079	0.941673	0.011248	0.000000	0.000000	0.000000
358	0.000000	0.000000	0.000000	0.047022	0.941717	0.011261	0.000000	0.000000	0.000000
359	0.000000	0.000000	0.000000	0.046816	0.941819	0.011365	0.000000	0.000000	0.000000
360	0.000000	0.000000	0.000000	0.046932	0.941692	0.011376	0.000000	0.000000	0.000000
361	0.000000	0.000000	0.000000	0.046711	0.941823	0.011466	0.000000	0.000000	0.000000
362	0.000000	0.000000	0.000000	0.046835	0.941661	0.011504	0.000000	0.000000	0.000000
363	0.000000	0.000000	0.000000	0.046682	0.941886	0.011432	0.000000	0.000000	0.000000
364	0.000000	0.000000	0.000000	0.046638	0.942001	0.011361	0.000000	0.000000	0.000000
365	0.000000	0.000000	0.000000	0.046564	0.942013	0.011423	0.000000	0.000000	0.000000
366	0.000000	0.000000	0.000000	0.046640	0.941917	0.011443	0.000000	0.000000	0.000000
367	0.000000	0.000000	0.000000	0.046666	0.941955	0.011379	0.000000	0.000000	0.000000
368	0.000000	0.000000	0.000000	0.046564	0.942031	0.011405	0.000000	0.000000	0.000000
369	0.000000	0.000000	0.000000	0.046490	0.941897	0.011613	0.000000	0.000000	0.000000
370	0.000000	0.000000	0.000000	0.046427	0.941938	0.011635	0.000000	0.000000	0.000000
371	0.000000	0.000000	0.000000	0.046360	0.942109	0.011531	0.000000	0.000000	0.000000
372	0.000000	0.000000	0.000000	0.046719	0.941683	0.011598	0.000000	0.000000	0.000000
373	0.000000	0.000000	0.000000	0.046646	0.941700	0.011654	0.000000	0.000000	0.000000
374	0.000000	0.000000	0.000000	0.046632	0.941646	0.011722	0.000000	0.000000	0.000000
375	0.000000	0.000000	0.000000	0.046806	0.941606	0.011588	0.000000	0.000000	0.000000
376	0.000000	0.000000	0.000000	0.046658	0.941766	0.011576	0.000000	0.000000	0.000000
377	0.000000	0.000000	0.000000	0.046475	0.941952	0.011573	0.000000	0.000000	0.000000
378	0.000000	0.000000	0.000000	0.046310	0.942036	0.011654	0.000000	0.000000	0.000000
379	0.000000	0.000000	0.000000	0.046246	0.942178	0.011576	0.000000	0.000000	0.000000
380	0.000000	0.000000	0.000000	0.046398	0.941862	0.011740	0.000000	0.000000	0.000000
381	0.000000	0.000000	0.000000	0.046332	0.941927	0.011741	0.000000	0.000000	0.000000
382	0.000000	0.000000	0.000000	0.046475	0.941877	0.011648	0.000000	0.000000	0.000000
383	0.000000	0.000000	0.000000	0.046477	0.941799	0.011724	0.000000	0.000000	0.000000
384	0.000000	0.000000	0.000000	0.046670	0.941608	0.011722	0.000000	0.000000	0.000000
385	0.000000	0.000000	0.000000	0.046829	0.941317	0.011854	0.000000	0.000000	0.000000
386	0.000000	0.000000	0.000000	0.046584	0.941489	0.011927	0.000000	0.000000	0.000000
387	0.000000	0.000000	0.000000	0.046591	0.941440	0.011969	0.000000	0.000000	0.000000
388	0.000000	0.000000	0.000000	0.046596	0.941419	0.011985	0.000000	0.000000	0.000000
389	0.000000	0.000000	0.000000	0.046629	0.941316	0.012055	0.000000	0.000000	0.000000
390	0.000000	0.000000	0.000000	0.046913	0.941026	0.012061	0.000000	0.000000	0.000000
391	0.000000	0.000000	0.000000	0.046883	0.940924	0.012193	0.000000	0.000000	0.000000
392	0.000000	0.000000	0.000000	0.046593	0.941204	0.012203	0.000000	0.000000	0.000000
393	0.000000	0.000000	0.000000	0.046464	0.941282	0.012254	0.000000	0.000000	0.000000
394	0.000000	0.000000	0.000000	0.046515	0.941225	0.012260	0.000000	0.000000	0.000000
395	0.000000	0.000000	0.000000	0.046682	0.940954	0.012364	0.000000	0.000000	0.000000
396	0.000000	0.000000	0.000000	0.046578	0.941079	0.012343	0.000000	0.000000	0.000000
397	0.000000	0.000000	0.000000	0.046719	0.941009	0.012272	0.000000	0.000000	0.000000
398	0.000000	0.000000	0.000000	0.046771	0.941055	0.012174	0.000000	0.000000	0.000000
399	0.000000	0.000000	0.000000	0.046711	0.941140	0.012149	0.000000	0.000000	0.000000
400	0.000000	0.000000	0.000000	0.046572	0.941313	0.012115	0.000000	0.000000	0.000000
401	0.000000	0.000000	0.000000	0.046384	0.941346	0.012270	0.000000	0.000000	0.000000
402	0.000000	0.000000	0.000000	0.046346	0.941436	0.012218	0.000000	0.000000	0.000000
403	0.000000	0.000000	0.000000	0.046439	0.941369	0.012192	0.000000	0.000000	0.000000
404	0.000000	0.000000	0.000000	0.046459	0.941395	0.012146	0.000000	0.000000	0.000000
405	0.000000	0.000000	0.000000	0.046376	0.941391	0.012233	0.000000	0.000000	0.000000
406	0.000000	0.000000	0.000000	0.046426	0.941386	0.012188	0.000000	0.000000	0.000000
407	0.000000	0.000000	0.000000	0.046283	0.941598	0.012119	0.000000	0.000000	0.000000
408	0.000000	0.000000	0.000000	0.046054	0.941831	0.012115	0.000000	0.000000	0.000000
409	0.000000	0.000000	0.000000	0.046013	0.941710	0.012277	0.000000	0.000000	0.000000
410	0.000000	0.000000	0.000000	0.046318	0.941474	0.012208	0.000000	0.000000	0.000000
411	0.000000	0.000000	0.000000	0.046562	0.941281	0.012157	0.000000	0.000000	0.000000
412	0.000000	0.000000	0.000000	0.046428	0.941236	0.012336	0.000000	0.000000	0.000000
413	0.000000	0.000000	0.000000	0.046564	0.941235	0.012201	0.000000	0.000000	0.000000
414	0.000000	0.000000	0.000000	0.046441	0.941484	0.012075	0.000000	0.000000	0.000000
415	0.000000	0.000000	0.000000	0.046554	0.941475	0.011971	0.000000	0.000000	0.000000
416	0.000000	0.000000	0.000000	0.046555	0.941521	0.011924	0.000000	0.000000	0.000000
417	0.000000	0.000000	0.000000	0.046505	0.941679	0.011816	0.000000	0.000000	0.000000
418	0.000000	0.000000	0.000000	0.046322	0.941983	0.011695	0.000000	0.000000	0.000000
419	0.000000	0.000000	0.000000	0.046068	0.942139	0.011793	0.000000	0.000000	0.000000
420	0.000000	0.000000	0.000000	0.046169	0.941944	0.011887	0.000000	0.000000	0.000000
421	0.000000	0.000000	0.000000	0.046242	0.941938	0.011820	0.000000	0.000000	0.000000
422	0.000000	0.000000	0.000000	0.046371	0.941841	0.011788	0.000000	0.000000	0.000000
423	0.000000	0.000000	0.000000	0.046291	0.941755	0.011954	0.000000	0.000000	0.000000
424	0.000000	0.000000	0.000000	0.046220	0.941882	0.011898	0.000000	0.000000	0.000000
425	0.000000	0.000000	0.000000	0.046300	0.941920	0.011780	0.000000	0.000000	0.000000
426	0.000000	0.000000	0.000000	0.046555	0.941588	0.011857	0.000000	0.000000	0.000000
427	0.000000	0.000000	0.000000	0.046682	0.941483	0.011835	0.000000	0.000000	0.000000
428	0.000000	0.000000	0.000000	0.046666	0.941442	0.011892	0.000000	0.000000	0.000000
429	0.000000	0.000000	0.000000	0.046578	0.941537	0.011885	0.000000	0.000000	0.000000
430	0.000000	0.000000	0.000000	0.046882	0.941023	0.012095	0.000000	0.000000	0.000000
431	0.000000	0.000000	0.000000	0.046932	0.940995	0.012073	0.000000	0.000000	0.000000
432	0.000000	0.000000	0.000000	0.047059	0.940799	0.012142	0.000000	0.000000	0.000000
433	0.000000	0.000000	0.000000	0.046833	0.941120	0.012047	0.000000	0.000000	0.000000
434	0.000000	0.000000	0.000000	0.046599	0.941208	0.012193	0.000000	0.000000	0.000000
435	0.000000	0.000000	0.000000	0.046337	0.941492	0.012171	0.000000	0.000000	0.000000
436	0.000000	0.000000	0.000000	0.046421	0.941386	0.012193	0.000000	0.000000	0.000000
437	0.000000	0.000000	0.000000	0.046490	0.941422	0.012088	0.000000	0.000000	0.000000
438	0.000000	0.000000	0.000000	0.046739	0.941128	0.012133	0.000000	0.000000	0.000000
439	0.000000	0.000000	0.000000	0.046865	0.940871	0.012264	0.000000	0.000000	0.000000
440	0.000000	0.000000	0.000000	0.046746	0.941091	0.012163	0.000000	0.000000	0.000000
441	0.000000	0.000000	0.000000	0.046737	0.941114	0.012149	0.000000	0.000000	0.000000
442	0.000000	0.000000	0.000000	0.046774	0.940944	0.012282	0.000000	0.000000	0.000000
443	0.000000	0.000000	0.000000	0.046789	0.941020	0.012191	0.000000	0.000000	0.000000
444	0.000000	0.000000	0.000000	0.046607	0.941136	0.012257	0.000000	0.000000	0.000000
445	0.000000	0.000000	0.000000	0.046451	0.941293	0.012256	0.000000	0.000000	0.000000
446	0.000000	0.000000	0.000000	0.046366	0.941436	0.012198	0.000000	0.000000	0.000000
447	0.000000	0.000000	0.000000	0.046555	0.941204	0.012241	0.000000	0.000000	0.000000
448	0.000000	0.000000	0.000000	0.046458	0.941352	0.012190	0.000000	0.000000	0.000000
449	0.000000	0.000000	0.000000	0.046579	0.941308	0.012113	0.000000	0.000000	0.000000
450	0.000000	0.000000	0.000000	0.046590	0.941396	0.012014	0.000000	0.000000	0.000000
451	0.000000	0.000000	0.000000	0.046767	0.941228	0.012005	0.000000	0.000000	0.000000
452	0.000000	0.000000	0.000000	0.046657	0.941328	0.012015	0.000000	0.000000	0.000000
453	0.000000	0.000000	0.000000	0.047215	0.940873	0.011912	0.000000	0.000000	0.000000
454	0.000000	0.000000	0.000000	0.046999	0.941071	0.011930	0.000000	0.000000	0.000000
455	0.000000	0.000000	0.000000	0.047275	0.940746	0.011979	0.000000	0.000000	0.000000
456	0.000000	0.000000	0.000000	0.047232	0.940931	0.011837	0.000000	0.000000	0.000000
457	0.000000	0.000000	0.000000	0.047330	0.940655	0.012015	0.000000	0.000000	0.000000
458	0.000000	0.000000	0.000000	0.047258	0.940689	0.012053	0.000000	0.000000	0.000000
459	0.000000	0.000000	0.000000	0.047460	0.940465	0.012075	0.000000	0.000000	0.000000
460	0.000000	0.000000	0.000000	0.047418	0.940328	0.012254	0.000000	0.000000	0.000000
461	0.000000	0.000000	0.000000	0.047604	0.940172	0.012224	0.000000	0.000000	0.000000
462	0.000000	0.000000	0.000000	0.047473	0.940181	0.012346	0.000000	0.000000	0.000000
463	0.000000	0.000000	0.000000	0.047395	0.940312	0.012293	0.000000	0.000000	0.000000
464	0.000000	0.000000	0.000000	0.047420	0.940264	0.012316	0.000000	0.000000	0.000000
465	0.000000	0.000000	0.000000	0.047601	0.940130	0.012269	0.000000	0.000000	0.000000
466	0.000000	0.000000	0.000000	0.047740	0.940161	0.012099	0.000000	0.000000	0.000000
467	0.000000	0.000000	0.000000	0.047707	0.940224	0.012069	0.000000	0.000000	0.000000
468	0.000000	0.000000	0.000000	0.047347	0.940595	0.012058	0.000000	0.000000	0.000000
469	0.000000	0.000000	0.000000	0.047403	0.940579	0.012018	0.000000	0.000000	0.000000
470	0.000000	0.000000	0.000000	0.047162	0.940897	0.011941	0.000000	0.000000	0.000000
