0	0.290663	0.057897	0.229473	0.157588	0.029913	0.111872	0.085455	0.012259	0.024880
1	0.240804	0.049649	0.205377	0.141153	0.028940	0.119724	0.109102	0.021372	0.083879
2	0.247832	0.050474	0.211391	0.135796	0.028932	0.117447	0.102385	0.020090	0.085653
3	0.260856	0.052381	0.219171	0.131094	0.029745	0.113308	0.092925	0.017834	0.082686
4	0.274420	0.054052	0.227051	0.126799	0.030309	0.108327	0.083632	0.015974	0.079436
5	0.287956	0.055188	0.234773	0.121857	0.030929	0.103206	0.075824	0.014085	0.076182
6	0.301284	0.055976	0.241880	0.117502	0.031511	0.097963	0.068662	0.012549	0.072673
7	0.314995	0.056823	0.248630	0.112187	0.032443	0.093650	0.061367	0.010960	0.068945
8	0.327517	0.057817	0.254995	0.107808	0.032900	0.088983	0.054886	0.009647	0.065447
9	0.340407	0.058351	0.261051	0.103001	0.033670	0.083879	0.049115	0.008453	0.062073
10	0.353241	0.058834	0.266178	0.097999	0.034296	0.079373	0.043912	0.007430	0.058737
11	0.365156	0.059240	0.271293	0.093229	0.035139	0.074969	0.039094	0.006525	0.055355
12	0.376442	0.059498	0.275870	0.088456	0.035776	0.070835	0.035131	0.005705	0.052287
13	0.386626	0.059674	0.281266	0.083868	0.036417	0.067030	0.031275	0.004939	0.048905
14	0.396539	0.059685	0.285400	0.079732	0.037249	0.062880	0.027950	0.004336	0.046229
15	0.406067	0.059383	0.289403	0.075716	0.037915	0.059279	0.024668	0.003745	0.043824
16	0.415331	0.059205	0.292973	0.071212	0.038651	0.056092	0.021925	0.003354	0.041257
17	0.424126	0.058713	0.296605	0.067520	0.039159	0.052833	0.019368	0.003006	0.038670
18	0.431602	0.058637	0.300164	0.063694	0.040103	0.049757	0.017045	0.002557	0.036441
19	0.438946	0.058178	0.303115	0.060185	0.040902	0.046698	0.015187	0.002339	0.034450
20	0.445904	0.057950	0.306052	0.057163	0.041902	0.043472	0.013119	0.002007	0.032431
21	0.452911	0.057645	0.308162	0.053450	0.042844	0.041143	0.011586	0.001778	0.030481
22	0.458677	0.057253	0.310450	0.050456	0.043645	0.038731	0.010480	0.001562	0.028746
23	0.464374	0.057080	0.312593	0.047601	0.044319	0.036381	0.009253	0.001344	0.027055
24	0.469458	0.056759	0.314718	0.044947	0.045296	0.033869	0.008227	0.001214	0.025512
25	0.474674	0.056152	0.316311	0.042242	0.046514	0.031998	0.007326	0.001104	0.023679
26	0.480245	0.055886	0.316976	0.039734	0.047454	0.029962	0.006420	0.000986	0.022337
27	0.484610	0.055035	0.318503	0.037692	0.048558	0.028157	0.005618	0.000880	0.020947
28	0.488117	0.054781	0.320063	0.035376	0.049566	0.026669	0.004922	0.000717	0.019789
29	0.491979	0.054348	0.320756	0.033536	0.050657	0.025031	0.004364	0.000687	0.018642
30	0.495370	0.053988	0.321694	0.031476	0.051792	0.023501	0.003920	0.000622	0.017637
31	0.498287	0.053703	0.323007	0.029469	0.052878	0.022134	0.003548	0.000523	0.016451
32	0.501356	0.053287	0.323539	0.027861	0.054129	0.020882	0.003047	0.000498	0.015401
33	0.503466	0.052691	0.324723	0.026482	0.055484	0.019615	0.002653	0.000440	0.014446
34	0.505123	0.052487	0.325612	0.025085	0.056667	0.018545	0.002384	0.000387	0.013710
35	0.506774	0.051924	0.326494	0.023999	0.057917	0.017802	0.002115	0.000349	0.012626
36	0.507741	0.051301	0.327863	0.022642	0.059496	0.016763	0.001916	0.000293	0.011985
37	0.509593	0.050655	0.328970	0.021174	0.060760	0.015704	0.001659	0.000284	0.011201
38	0.510949	0.050095	0.329586	0.020092	0.062494	0.014730	0.001462	0.000244	0.010348
39	0.512141	0.049367	0.330131	0.019028	0.063994	0.014110	0.001337	0.000217	0.009675
40	0.513608	0.048758	0.330210	0.018141	0.065281	0.013407	0.001231	0.000190	0.009174
41	0.514443	0.048125	0.330507	0.017384	0.066998	0.012722	0.001094	0.000171	0.008556
42	0.515064	0.047448	0.330988	0.016473	0.068741	0.012060	0.000985	0.000134	0.008107
43	0.515420	0.047372	0.331286	0.015654	0.070179	0.011447	0.000861	0.000122	0.007659
44	0.516113	0.046861	0.330885	0.014995	0.072277	0.010713	0.000829	0.000109	0.007218
45	0.516199	0.046339	0.331284	0.014303	0.073961	0.010442	0.000661	0.000089	0.006722
46	0.516178	0.045913	0.331326	0.013653	0.075976	0.009907	0.000621	0.000081	0.006345
47	0.516456	0.045247	0.330757	0.013073	0.078159	0.009534	0.000556	0.000074	0.006144
48	0.516184	0.044410	0.331267	0.012524	0.080258	0.009100	0.000456	0.000061	0.005740
49	0.516607	0.043781	0.330688	0.012022	0.082350	0.008582	0.000407	0.000059	0.005504
50	0.515942	0.043269	0.330820	0.011615	0.084447	0.008237	0.000381	0.000050	0.005239
51	0.515943	0.043165	0.330129	0.011167	0.086660	0.007792	0.000334	0.000047	0.004763
52	0.515281	0.042320	0.330584	0.010794	0.088873	0.007264	0.000305	0.000042	0.004537
53	0.514854	0.041886	0.330264	0.010313	0.091187	0.006951	0.000261	0.000043	0.004241
54	0.513648	0.041415	0.330265	0.010062	0.093469	0.006732	0.000251	0.000036	0.004122
55	0.513500	0.040762	0.329637	0.009607	0.096021	0.006377	0.000217	0.000028	0.003851
56	0.513039	0.040242	0.329308	0.009250	0.098258	0.005999	0.000211	0.000030	0.003663
57	0.512519	0.039608	0.329020	0.008891	0.100531	0.005819	0.000181	0.000027	0.003404
58	0.511154	0.039218	0.328944	0.008543	0.103151	0.005594	0.000153	0.000020	0.003223
59	0.510469	0.038756	0.328312	0.008268	0.105581	0.005446	0.000139	0.000020	0.003009
60	0.509649	0.037776	0.327952	0.007967	0.108401	0.005240	0.000132	0.000020	0.002863
61	0.509591	0.037042	0.326576	0.007822	0.111232	0.004949	0.000095	0.000016	0.002677
62	0.507974	0.036806	0.326325	0.007681	0.113737	0.004780	0.000096	0.000022	0.002579
63	0.507236	0.036215	0.325608	0.007377	0.116408	0.004582	0.000097	0.000017	0.002460
64	0.506018	0.035774	0.324907	0.007243	0.119299	0.004381	0.000066	0.000014	0.002298
65	0.504831	0.035407	0.323950	0.006935	0.122503	0.004156	0.000073	0.000009	0.002136
66	0.503318	0.034744	0.323155	0.006827	0.125651	0.004156	0.000061	0.000009	0.002079
67	0.502226	0.034187	0.322373	0.006614	0.128753	0.003909	0.000065	0.000009	0.001864
68	0.501446	0.033738	0.320821	0.006457	0.131784	0.003912	0.000054	0.000008	0.001780
69	0.500284	0.033272	0.319706	0.006240	0.134915	0.003851	0.000043	0.000007	0.001682
70	0.498735	0.032780	0.318576	0.006015	0.138512	0.003683	0.000051	0.000007	0.001641
71	0.497643	0.032157	0.317714	0.005815	0.141635	0.003420	0.000050	0.000003	0.001563
72	0.495648	0.031789	0.316960	0.005684	0.145175	0.003257	0.000049	0.000000	0.001438
73	0.493855	0.031402	0.316127	0.005528	0.148560	0.003140	0.000042	0.000001	0.001345
74	0.491417	0.031057	0.315759	0.005388	0.152003	0.003107	0.000031	0.000001	0.001237
75	0.489906	0.030496	0.314445	0.005251	0.155633	0.003010	0.000024	0.000000	0.001235
76	0.488064	0.030198	0.313128	0.005198	0.159416	0.002862	0.000022	0.000000	0.001112
77	0.485963	0.029860	0.312519	0.005074	0.162737	0.002808	0.000023	0.000000	0.001016
78	0.484241	0.029524	0.311337	0.005018	0.166162	0.002712	0.000022	0.000000	0.000984
79	0.482294	0.028851	0.310089	0.004876	0.170240	0.002708	0.000012	0.000000	0.000930
80	0.479877	0.028561	0.309430	0.004781	0.173917	0.002577	0.000013	0.000000	0.000844
81	0.477791	0.028224	0.308008	0.004693	0.177940	0.002531	0.000011	0.000000	0.000802
82	0.476333	0.027662	0.306325	0.004630	0.181797	0.002493	0.000006	0.000000	0.000754
83	0.473577	0.027395	0.305588	0.004520	0.185808	0.002435	0.000011	0.000000	0.000666
84	0.471839	0.026939	0.304287	0.004393	0.189531	0.002334	0.000004	0.000000	0.000673
85	0.469312	0.026473	0.303522	0.004351	0.193339	0.002330	0.000006	0.000000	0.000667
86	0.466824	0.026118	0.302438	0.004345	0.197434	0.002215	0.000006	0.000000	0.000620
87	0.464400	0.025757	0.301013	0.004319	0.201652	0.002233	0.000008	0.000000	0.000618
88	0.461405	0.025333	0.299935	0.004335	0.206260	0.002132	0.000006	0.000000	0.000594
89	0.459468	0.025099	0.298294	0.004232	0.210209	0.002130	0.000005	0.000000	0.000563
90	0.457452	0.024666	0.296778	0.004213	0.214241	0.002123	0.000004	0.000000	0.000523
91	0.454872	0.024251	0.295063	0.004195	0.219023	0.002091	0.000001	0.000000	0.000504
92	0.452383	0.023952	0.293729	0.004089	0.223348	0.002039	0.000002	0.000000	0.000458
93	0.450241	0.023578	0.292318	0.003972	0.227507	0.001918	0.000001	0.000000	0.000465
94	0.447167	0.023137	0.291758	0.003947	0.231715	0.001858	0.000001	0.000000	0.000417
95	0.444340	0.022558	0.290250	0.003979	0.236567	0.001882	0.000000	0.000000	0.000424
96	0.441330	0.022285	0.288688	0.003964	0.241479	0.001832	0.000000	0.000000	0.000422
97	0.439102	0.021771	0.287097	0.003957	0.245900	0.001787	0.000000	0.000000	0.000386
98	0.436462	0.021453	0.285133	0.003948	0.250922	0.001732	0.000000	0.000000	0.000350
99	0.434108	0.021131	0.283373	0.003884	0.255465	0.001677	0.000000	0.000000	0.000362
100	0.431086	0.020934	0.282306	0.003786	0.259946	0.001640	0.000000	0.000000	0.000302
101	0.428803	0.020394	0.280551	0.003741	0.264592	0.001608	0.000000	0.000000	0.000311
102	0.425701	0.020181	0.278860	0.003634	0.269763	0.001556	0.000000	0.000000	0.000305
103	0.422851	0.019929	0.277198	0.003644	0.274539	0.001567	0.000000	0.000000	0.000272
104	0.420585	0.019657	0.275111	0.003560	0.279282	0.001548	0.000000	0.000000	0.000257
105	0.417521	0.019381	0.273551	0.003513	0.284306	0.001494	0.000000	0.000000	0.000234
106	0.415336	0.018765	0.271565	0.003489	0.289134	0.001492	0.000000	0.000000	0.000219
107	0.412219	0.018374	0.269699	0.003496	0.294517	0.001484	0.000000	0.000000	0.000211
108	0.409191	0.018064	0.267582	0.003413	0.300080	0.001438	0.000000	0.000000	0.000232
109	0.405791	0.017798	0.266352	0.003390	0.305064	0.001378	0.000000	0.000000	0.000227
110	0.402581	0.017555	0.264531	0.003478	0.310283	0.001367	0.000000	0.000000	0.000205
111	0.399646	0.017217	0.262821	0.003349	0.315493	0.001297	0.000000	0.000000	0.000177
112	0.397217	0.016917	0.260783	0.003308	0.320314	0.001291	0.000000	0.000000	0.000170
113	0.394089	0.016620	0.258704	0.003318	0.325779	0.001331	0.000000	0.000000	0.000159
114	0.391341	0.016429	0.256603	0.003226	0.330904	0.001335	0.000000	0.000000	0.000162
115	0.388123	0.016180	0.254737	0.003310	0.336163	0.001322	0.000000	0.000000	0.000165
116	0.384819	0.015871	0.252977	0.003253	0.341617	0.001333	0.000000	0.000000	0.000130
117	0.382975	0.015424	0.250076	0.003180	0.346822	0.001383	0.000000	0.000000	0.000140
118	0.379091	0.014962	0.248787	0.003177	0.352536	0.001335	0.000000	0.000000	0.000112
119	0.375614	0.014743	0.246760	0.003082	0.358364	0.001326	0.000000	0.000000	0.000111
120	0.372898	0.014358	0.244374	0.003052	0.363953	0.001268	0.000000	0.000000	0.000097
121	0.368973	0.014157	0.243086	0.003120	0.369281	0.001271	0.000000	0.000000	0.000112
122	0.366083	0.014001	0.240968	0.003116	0.374477	0.001239	0.000000	0.000000	0.000116
123	0.363525	0.013815	0.238580	0.003054	0.379703	0.001212	0.000000	0.000000	0.000111
124	0.360367	0.013549	0.236360	0.003109	0.385292	0.001204	0.000000	0.000000	0.000119
125	0.356605	0.013291	0.234512	0.003130	0.391098	0.001257	0.000000	0.000000	0.000107
126	0.353087	0.013023	0.232748	0.003162	0.396658	0.001218	0.000000	0.000000	0.000104
127	0.350326	0.012695	0.230517	0.003082	0.402053	0.001224	0.000000	0.000000	0.000103
128	0.346346	0.012469	0.228973	0.003098	0.407805	0.001219	0.000000	0.000000	0.000090
129	0.343200	0.012161	0.226604	0.003080	0.413652	0.001229	0.000000	0.000000	0.000074
130	0.339906	0.011871	0.224676	0.003045	0.419184	0.001243	0.000000	0.000000	0.000075
131	0.336740	0.011638	0.222640	0.003040	0.424675	0.001197	0.000000	0.000000	0.000070
132	0.333667	0.011399	0.220620	0.003040	0.430013	0.001202	0.000000	0.000000	0.000059
133	0.330585	0.010916	0.218343	0.003098	0.435785	0.001224	0.000000	0.000000	0.000049
134	0.327500	0.010761	0.216188	0.003021	0.441253	0.001219	0.000000	0.000000	0.000058
135	0.323737	0.010524	0.214525	0.003051	0.446929	0.001193	0.000000	0.000000	0.000041
136	0.320437	0.010268	0.212191	0.002988	0.452909	0.001168	0.000000	0.000000	0.000039
137	0.317201	0.010065	0.210101	0.002975	0.458422	0.001195	0.000000	0.000000	0.000041
138	0.314218	0.009930	0.207437	0.002951	0.464218	0.001213	0.000000	0.000000	0.000033
139	0.310742	0.009670	0.205533	0.002923	0.469873	0.001233	0.000000	0.000000	0.000026
140	0.306678	0.009566	0.203632	0.002933	0.475875	0.001289	0.000000	0.000000	0.000027
141	0.303636	0.009323	0.201390	0.002873	0.481561	0.001189	0.000000	0.000000	0.000028
142	0.300495	0.009099	0.199089	0.002793	0.487279	0.001221	0.000000	0.000000	0.000024
143	0.297450	0.008929	0.196952	0.002827	0.492586	0.001235	0.000000	0.000000	0.000021
144	0.294012	0.008619	0.194259	0.002882	0.498952	0.001251	0.000000	0.000000	0.000025
145	0.290371	0.008388	0.192347	0.002776	0.504868	0.001235	0.000000	0.000000	0.000015
146	0.286595	0.008267	0.190632	0.002836	0.510412	0.001246	0.000000	0.000000	0.000012
147	0.284082	0.008064	0.188260	0.002868	0.515507	0.001209	0.000000	0.000000	0.000010
148	0.280470	0.007792	0.186243	0.002900	0.521382	0.001199	0.000000	0.000000	0.000014
149	0.277488	0.007651	0.183916	0.002896	0.526854	0.001182	0.000000	0.000000	0.000013
150	0.273964	0.007463	0.181669	0.002933	0.532757	0.001201	0.000000	0.000000	0.000013
151	0.270308	0.007289	0.179868	0.002938	0.538395	0.001189	0.000000	0.000000	0.000013
152	0.266548	0.007225	0.177878	0.002956	0.544216	0.001170	0.000000	0.000000	0.000007
153	0.262686	0.007038	0.176470	0.002894	0.549712	0.001190	0.000000	0.000000	0.000010
154	0.259111	0.006863	0.174715	0.002876	0.555274	0.001155	0.000000	0.000000	0.000006
155	0.255430	0.006785	0.172690	0.002961	0.560995	0.001134	0.000000	0.000000	0.000005
156	0.251794	0.006571	0.170800	0.002904	0.566821	0.001103	0.000000	0.000000	0.000007
157	0.248421	0.006441	0.168691	0.002883	0.572455	0.001103	0.000000	0.000000	0.000006
158	0.245433	0.006308	0.166329	0.002839	0.578000	0.001086	0.000000	0.000000	0.000005
159	0.241894	0.006142	0.163958	0.002858	0.584059	0.001081	0.000000	0.000000	0.000008
160	0.238739	0.006075	0.161679	0.002799	0.589591	0.001110	0.000000	0.000000	0.000007
161	0.235780	0.005956	0.159186	0.002825	0.595169	0.001076	0.000000	0.000000	0.000008
162	0.232257	0.005848	0.157752	0.002793	0.600256	0.001088	0.000000	0.000000	0.000006
163	0.229465	0.005833	0.155141	0.002788	0.605706	0.001061	0.000000	0.000000	0.000006
164	0.226515	0.005660	0.152992	0.002817	0.610984	0.001028	0.000000	0.000000	0.000004
165	0.223456	0.005516	0.150974	0.002842	0.616175	0.001032	0.000000	0.000000	0.000005
166	0.220359	0.005491	0.148408	0.002791	0.621898	0.001048	0.000000	0.000000	0.000005
167	0.217620	0.005423	0.146451	0.002791	0.626653	0.001058	0.000000	0.000000	0.000004
168	0.214709	0.005327	0.144527	0.002781	0.631587	0.001066	0.000000	0.000000	0.000003
169	0.211400	0.005198	0.142693	0.002754	0.636897	0.001055	0.000000	0.000000	0.000003
170	0.208639	0.005045	0.140458	0.002725	0.642079	0.001050	0.000000	0.000000	0.000004
171	0.205494	0.004809	0.138323	0.002707	0.647605	0.001056	0.000000	0.000000	0.000006
172	0.202687	0.004616	0.136416	0.002742	0.652446	0.001087	0.000000	0.000000	0.000006
173	0.199847	0.004622	0.134164	0.002687	0.657583	0.001092	0.000000	0.000000	0.000005
174	0.196590	0.004583	0.132163	0.002707	0.662853	0.001101	0.000000	0.000000	0.000003
175	0.193315	0.004441	0.129907	0.002673	0.668553	0.001105	0.000000	0.000000	0.000006
176	0.190365	0.004294	0.128102	0.002632	0.673501	0.001102	0.000000	0.000000	0.000004
177	0.187080	0.004246	0.126363	0.002647	0.678514	0.001143	0.000000	0.000000	0.000007
178	0.184068	0.004098	0.124410	0.002600	0.683683	0.001138	0.000000	0.000000	0.000003
179	0.181307	0.003982	0.122388	0.002554	0.688674	0.001091	0.000000	0.000000	0.000004
180	0.178809	0.003949	0.120311	0.002552	0.693275	0.001098	0.000000	0.000000	0.000006
181	0.175600	0.003804	0.118804	0.002534	0.698189	0.001064	0.000000	0.000000	0.000005
182	0.172538	0.003649	0.116958	0.002508	0.703313	0.001030	0.000000	0.000000	0.000004
183	0.169910	0.003509	0.115652	0.002512	0.707378	0.001034	0.000000	0.000000	0.000005
184	0.167216	0.003431	0.113541	0.002511	0.712285	0.001013	0.000000	0.000000	0.000003
185	0.164823	0.003315	0.111422	0.002512	0.716922	0.001003	0.000000	0.000000	0.000003
186	0.161596	0.003208	0.109616	0.002497	0.722083	0.000997	0.000000	0.000000	0.000003
187	0.158482	0.003086	0.108115	0.002435	0.726890	0.000989	0.000000	0.000000	0.000003
188	0.155757	0.002979	0.106281	0.002445	0.731561	0.000974	0.000000	0.000000	0.000003
189	0.153385	0.002869	0.104455	0.002436	0.735873	0.000981	0.000000	0.000000	0.000001
190	0.151238	0.002810	0.102552	0.002439	0.739960	0.001000	0.000000	0.000000	0.000001
191	0.148535	0.002710	0.100850	0.002418	0.744505	0.000982	0.000000	0.000000	0.000000
192	0.145954	0.002685	0.098910	0.002424	0.749036	0.000991	0.000000	0.000000	0.000000
193	0.143477	0.002596	0.097387	0.002432	0.753169	0.000938	0.000000	0.000000	0.000001
194	0.140821	0.002563	0.095716	0.002393	0.757521	0.000985	0.000000	0.000000	0.000001
195	0.138102	0.002540	0.094032	0.002413	0.761882	0.001031	0.000000	0.000000	0.000000
196	0.135919	0.002431	0.092636	0.002425	0.765604	0.000985	0.000000	0.000000	0.000000
197	0.133183	0.002311	0.091150	0.002402	0.769917	0.001037	0.000000	0.000000	0.000000
198	0.130814	0.002269	0.089505	0.002379	0.773965	0.001068	0.000000	0.000000	0.000000
199	0.128502	0.002104	0.087567	0.002400	0.778378	0.001049	0.000000	0.000000	0.000000
200	0.126348	0.002091	0.085775	0.002423	0.782324	0.001039	0.000000	0.000000	0.000000
201	0.124002	0.002079	0.084332	0.002373	0.786142	0.001072	0.000000	0.000000	0.000000
202	0.121866	0.001997	0.082441	0.002406	0.790257	0.001033	0.000000	0.000000	0.000000
203	0.119523	0.001914	0.081316	0.002465	0.793767	0.001015	0.000000	0.000000	0.000000
204	0.117203	0.001888	0.079899	0.002544	0.797443	0.001023	0.000000	0.000000	0.000000
205	0.115012	0.001830	0.078399	0.002573	0.801166	0.001020	0.000000	0.000000	0.000000
206	0.112854	0.001794	0.076769	0.002600	0.804981	0.001002	0.000000	0.000000	0.000000
207	0.110660	0.001737	0.075338	0.002653	0.808580	0.001032	0.000000	0.000000	0.000000
208	0.108115	0.001698	0.074487	0.002677	0.811992	0.001031	0.000000	0.000000	0.000000
209	0.105895	0.001599	0.073436	0.002690	0.815401	0.000979	0.000000	0.000000	0.000000
210	0.103754	0.001552	0.072213	0.002656	0.818848	0.000977	0.000000	0.000000	0.000000
211	0.101724	0.001463	0.070947	0.002664	0.822248	0.000954	0.000000	0.000000	0.000000
212	0.099425	0.001433	0.069537	0.002687	0.825993	0.000925	0.000000	0.000000	0.000000
213	0.097665	0.001409	0.068027	0.002719	0.829247	0.000933	0.000000	0.000000	0.000000
214	0.095904	0.001372	0.066348	0.002641	0.832763	0.000972	0.000000	0.000000	0.000000
215	0.093721	0.001348	0.065159	0.002673	0.836081	0.001018	0.000000	0.000000	0.000000
216	0.091870	0.001294	0.063737	0.002640	0.839481	0.000978	0.000000	0.000000	0.000000
217	0.090060	0.001262	0.062268	0.002602	0.842851	0.000957	0.000000	0.000000	0.000000
218	0.088482	0.001236	0.060788	0.002700	0.845807	0.000987	0.000000	0.000000	0.000000
219	0.086805	0.001219	0.059370	0.002671	0.848989	0.000946	0.000000	0.000000	0.000000
220	0.084708	0.001176	0.058001	0.002696	0.852509	0.000910	0.000000	0.000000	0.000000
221	0.082721	0.001184	0.056826	0.002714	0.855601	0.000954	0.000000	0.000000	0.000000
222	0.080633	0.001148	0.056057	0.002635	0.858593	0.000934	0.000000	0.000000	0.000000
223	0.079113	0.001090	0.055061	0.002648	0.861113	0.000975	0.000000	0.000000	0.000000
224	0.077413	0.001043	0.054081	0.002671	0.863806	0.000986	0.000000	0.000000	0.000000
225	0.075693	0.001007	0.052779	0.002645	0.866893	0.000983	0.000000	0.000000	0.000000
226	0.073979	0.000972	0.051957	0.002707	0.869431	0.000954	0.000000	0.000000	0.000000
227	0.072763	0.000931	0.050545	0.002662	0.872138	0.000961	0.000000	0.000000	0.000000
228	0.071463	0.000822	0.049458	0.002744	0.874542	0.000971	0.000000	0.000000	0.000000
229	0.069796	0.000839	0.048573	0.002740	0.877106	0.000946	0.000000	0.000000	0.000000
230	0.068394	0.000782	0.047507	0.002764	0.879600	0.000953	0.000000	0.000000	0.000000
231	0.067050	0.000799	0.046249	0.002768	0.882154	0.000980	0.000000	0.000000	0.000000
232	0.065525	0.000738	0.045222	0.002685	0.884867	0.000963	0.000000	0.000000	0.000000
233	0.063949	0.000725	0.044297	0.002697	0.887333	0.000999	0.000000	0.000000	0.000000
234	0.062488	0.000711	0.043480	0.002639	0.889652	0.001030	0.000000	0.000000	0.000000
235	0.061185	0.000716	0.042834	0.002618	0.891634	0.001013	0.000000	0.000000	0.000000
236	0.059869	0.000698	0.041831	0.002605	0.894029	0.000968	0.000000	0.000000	0.000000
237	0.058524	0.000688	0.040919	0.002553	0.896304	0.001012	0.000000	0.000000	0.000000
238	0.057526	0.000643	0.039994	0.002579	0.898238	0.001020	0.000000	0.000000	0.000000
239	0.056340	0.000630	0.039181	0.002638	0.900190	0.001021	0.000000	0.000000	0.000000
240	0.054981	0.000622	0.038489	0.002648	0.902236	0.001024	0.000000	0.000000	0.000000
241	0.053514	0.000593	0.037521	0.002620	0.904732	0.001020	0.000000	0.000000	0.000000
242	0.052297	0.000577	0.036474	0.002583	0.907026	0.001043	0.000000	0.000000	0.000000
243	0.051198	0.000567	0.035599	0.002611	0.909039	0.000986	0.000000	0.000000	0.000000
244	0.049985	0.000572	0.034809	0.002670	0.910938	0.001026	0.000000	0.000000	0.000000
245	0.048785	0.000542	0.033872	0.002673	0.913103	0.001025	0.000000	0.000000	0.000000
246	0.047507	0.000521	0.033398	0.002708	0.914868	0.000998	0.000000	0.000000	0.000000
247	0.046457	0.000503	0.032692	0.002724	0.916624	0.001000	0.000000	0.000000	0.000000
248	0.045610	0.000485	0.031857	0.002654	0.918382	0.001012	0.000000	0.000000	0.000000
249	0.044461	0.000477	0.031249	0.002692	0.920077	0.001044	0.000000	0.000000	0.000000
250	0.043294	0.000510	0.030581	0.002651	0.921910	0.001054	0.000000	0.000000	0.000000
251	0.042331	0.000477	0.029864	0.002666	0.923648	0.001014	0.000000	0.000000	0.000000
252	0.041162	0.000432	0.029207	0.002667	0.925539	0.000993	0.000000	0.000000	0.000000
253	0.040258	0.000432	0.028435	0.002651	0.927204	0.001020	0.000000	0.000000	0.000000
254	0.039398	0.000422	0.027819	0.002679	0.928662	0.001020	0.000000	0.000000	0.000000
255	0.038187	0.000395	0.027218	0.002695	0.930507	0.000998	0.000000	0.000000	0.000000
256	0.037335	0.000395	0.026457	0.002715	0.932110	0.000988	0.000000	0.000000	0.000000
257	0.036331	0.000397	0.025976	0.002692	0.933645	0.000959	0.000000	0.000000	0.000000
258	0.035378	0.000374	0.025370	0.002667	0.935209	0.001002	0.000000	0.000000	0.000000
259	0.034421	0.000355	0.024997	0.002731	0.936480	0.001016	0.000000	0.000000	0.000000
260	0.033610	0.000337	0.024266	0.002734	0.938025	0.001028	0.000000	0.000000	0.000000
261	0.032864	0.000305	0.023597	0.002734	0.939448	0.001052	0.000000	0.000000	0.000000
262	0.032047	0.000306	0.023098	0.002785	0.940712	0.001052	0.000000	0.000000	0.000000
263	0.031153	0.000304	0.022620	0.002746	0.942098	0.001079	0.000000	0.000000	0.000000
264	0.030438	0.000327	0.021950	0.002709	0.943479	0.001097	0.000000	0.000000	0.000000
265	0.029636	0.000313	0.021261	0.002694	0.945028	0.001068	0.000000	0.000000	0.000000
266	0.028832	0.000284	0.020758	0.002667	0.946373	0.001086	0.000000	0.000000	0.000000
267	0.028134	0.000267	0.020155	0.002719	0.947684	0.001041	0.000000	0.000000	0.000000
268	0.027113	0.000273	0.019862	0.002740	0.948943	0.001069	0.000000	0.000000	0.000000
269	0.026422	0.000269	0.019328	0.002703	0.950191	0.001087	0.000000	0.000000	0.000000
270	0.025590	0.000247	0.018864	0.002692	0.951509	0.001098	0.000000	0.000000	0.000000
271	0.024959	0.000255	0.018344	0.002680	0.952720	0.001042	0.000000	0.000000	0.000000
272	0.024332	0.000255	0.017784	0.002674	0.953881	0.001074	0.000000	0.000000	0.000000
273	0.023644	0.000226	0.017366	0.002695	0.954996	0.001073	0.000000	0.000000	0.000000
274	0.023236	0.000218	0.016899	0.002696	0.955900	0.001051	0.000000	0.000000	0.000000
275	0.022644	0.000203	0.016406	0.002674	0.957044	0.001029	0.000000	0.000000	0.000000
276	0.021992	0.000207	0.016069	0.002681	0.958044	0.001007	0.000000	0.000000	0.000000
277	0.021199	0.000193	0.015759	0.002651	0.959144	0.001054	0.000000	0.000000	0.000000
278	0.020544	0.000203	0.015411	0.002702	0.960120	0.001020	0.000000	0.000000	0.000000
279	0.019964	0.000184	0.014964	0.002691	0.961188	0.001009	0.000000	0.000000	0.000000
280	0.019537	0.000178	0.014546	0.002751	0.961999	0.000989	0.000000	0.000000	0.000000
281	0.019069	0.000184	0.013974	0.002762	0.963015	0.000996	0.000000	0.000000	0.000000
282	0.018530	0.000168	0.013571	0.002734	0.964015	0.000982	0.000000	0.000000	0.000000
283	0.017984	0.000146	0.013241	0.002700	0.964913	0.001016	0.000000	0.000000	0.000000
284	0.017440	0.000143	0.012952	0.002736	0.965717	0.001012	0.000000	0.000000	0.000000
285	0.016976	0.000126	0.012610	0.002724	0.966573	0.000991	0.000000	0.000000	0.000000
286	0.016649	0.000127	0.012148	0.002673	0.967421	0.000982	0.000000	0.000000	0.000000
287	0.016116	0.000130	0.011746	0.002741	0.968260	0.001007	0.000000	0.000000	0.000000
288	0.015769	0.000117	0.011508	0.002719	0.968868	0.001019	0.000000	0.000000	0.000000
289	0.015183	0.000128	0.011111	0.002707	0.969830	0.001041	0.000000	0.000000	0.000000
290	0.014742	0.000133	0.010909	0.002728	0.970472	0.001016	0.000000	0.000000	0.000000
291	0.014424	0.000125	0.010559	0.002676	0.971206	0.001010	0.000000	0.000000	0.000000
292	0.013988	0.000121	0.010176	0.002734	0.971996	0.000985	0.000000	0.000000	0.000000
293	0.013568	0.000101	0.009894	0.002687	0.972710	0.001040	0.000000	0.000000	0.000000
294	0.013170	0.000105	0.009589	0.002648	0.973402	0.001086	0.000000	0.000000	0.000000
295	0.012749	0.000099	0.009436	0.002717	0.973937	0.001062	0.000000	0.000000	0.000000
296	0.012307	0.000097	0.009212	0.002723	0.974631	0.001030	0.000000	0.000000	0.000000
297	0.011865	0.000081	0.009020	0.002735	0.975247	0.001052	0.000000	0.000000	0.000000
298	0.011538	0.000094	0.008666	0.002767	0.975880	0.001055	0.000000	0.000000	0.000000
299	0.011126	0.000099	0.008536	0.002796	0.976387	0.001056	0.000000	0.000000	0.000000
300	0.010767	0.000095	0.008312	0.002825	0.976920	0.001081	0.000000	0.000000	0.000000
301	0.010374	0.000093	0.008108	0.002854	0.977526	0.001045	0.000000	0.000000	0.000000
302	0.009989	0.000089	0.007783	0.002804	0.978301	0.001034	0.000000	0.000000	0.000000
303	0.009736	0.000095	0.007593	0.002864	0.978674	0.001038	0.000000	0.000000	0.000000
304	0.009189	0.000085	0.007405	0.002801	0.979489	0.001031	0.000000	0.000000	0.000000
305	0.008975	0.000084	0.007089	0.002833	0.979986	0.001033	0.000000	0.000000	0.000000
306	0.008785	0.000083	0.006839	0.002859	0.980425	0.001009	0.000000	0.000000	0.000000
307	0.008481	0.000077	0.006626	0.002850	0.980910	0.001056	0.000000	0.000000	0.000000
308	0.008213	0.000086	0.006419	0.002880	0.981328	0.001074	0.000000	0.000000	0.000000
309	0.007865	0.000078	0.006238	0.002803	0.981970	0.001046	0.000000	0.000000	0.000000
310	0.007632	0.000080	0.005971	0.002828	0.982437	0.001052	0.000000	0.000000	0.000000
311	0.007437	0.000063	0.005817	0.002826	0.982746	0.001111	0.000000	0.000000	0.000000
312	0.007188	0.000059	0.005656	0.002812	0.983163	0.001122	0.000000	0.000000	0.000000
313	0.007026	0.000066	0.005470	0.002788	0.983514	0.001136	0.000000	0.000000	0.000000
314	0.006823	0.000070	0.005234	0.002750	0.984042	0.001081	0.000000	0.000000	0.000000
315	0.006633	0.000060	0.004995	0.002718	0.984504	0.001090	0.000000	0.000000	0.000000
316	0.006427	0.000054	0.004831	0.002811	0.984806	0.001071	0.000000	0.000000	0.000000
317	0.006225	0.000044	0.004699	0.002814	0.985125	0.001093	0.000000	0.000000	0.000000
318	0.006050	0.000044	0.004432	0.002829	0.985531	0.001114	0.000000	0.000000	0.000000
319	0.005834	0.000045	0.004246	0.002819	0.985975	0.001081	0.000000	0.000000	0.000000
320	0.005633	0.000049	0.004043	0.002733	0.986445	0.001097	0.000000	0.000000	0.000000
321	0.005505	0.000039	0.003865	0.002848	0.986655	0.001088	0.000000	0.000000	0.000000
322	0.005308	0.000042	0.003734	0.002892	0.986927	0.001097	0.000000	0.000000	0.000000
323	0.005175	0.000037	0.003562	0.002880	0.987263	0.001083	0.000000	0.000000	0.000000
324	0.005032	0.000032	0.003381	0.002878	0.987582	0.001095	0.000000	0.000000	0.000000
325	0.004833	0.000033	0.003201	0.002861	0.987952	0.001120	0.000000	0.000000	0.000000
326	0.004693	0.000031	0.003134	0.002805	0.988281	0.001056	0.000000	0.000000	0.000000
327	0.004497	0.000026	0.003023	0.002772	0.988605	0.001077	0.000000	0.000000	0.000000
328	0.004325	0.000030	0.002862	0.002762	0.988965	0.001056	0.000000	0.000000	0.000000
329	0.004198	0.000021	0.002756	0.002767	0.989183	0.001075	0.000000	0.000000	0.000000
330	0.004023	0.000023	0.002615	0.002794	0.989483	0.001062	0.000000	0.000000	0.000000
331	0.003878	0.000016	0.002574	0.002832	0.989631	0.001069	0.000000	0.000000	0.000000
332	0.003696	0.000013	0.002415	0.002863	0.989931	0.001082	0.000000	0.000000	0.000000
333	0.003604	0.000013	0.002297	0.002844	0.990161	0.001081	0.000000	0.000000	0.000000
334	0.003455	0.000011	0.002216	0.002896	0.990341	0.001081	0.000000	0.000000	0.000000
335	0.003314	0.000012	0.002135	0.002867	0.990631	0.001041	0.000000	0.000000	0.000000
336	0.003203	0.000007	0.002030	0.002849	0.990870	0.001041	0.000000	0.000000	0.000000
337	0.003114	0.000008	0.001924	0.002827	0.991048	0.001079	0.000000	0.000000	0.000000
338	0.003001	0.000013	0.001868	0.002859	0.991160	0.001099	0.000000	0.000000	0.000000
339	0.002946	0.000007	0.001812	0.002861	0.991235	0.001139	0.000000	0.000000	0.000000
340	0.002854	0.000013	0.001705	0.002847	0.991457	0.001124	0.000000	0.000000	0.000000
341	0.002759	0.000012	0.001679	0.002802	0.991627	0.001121	0.000000	0.000000	0.000000
342	0.002695	0.000015	0.001596	0.002777	0.991791	0.001126	0.000000	0.000000	0.000000
343	0.002521	0.000019	0.001505	0.002775	0.992016	0.001164	0.000000	0.000000	0.000000
344	0.002436	0.000026	0.001417	0.002791	0.992208	0.001122	0.000000	0.000000	0.000000
345	0.002321	0.000030	0.001382	0.002793	0.992317	0.001157	0.000000	0.000000	0.000000
346	0.002252	0.000029	0.001329	0.002747	0.992499	0.001144	0.000000	0.000000	0.000000
347	0.002191	0.000027	0.001225	0.002706	0.992684	0.001167	0.000000	0.000000	0.000000
348	0.002080	0.000030	0.001159	0.002731	0.992834	0.001166	0.000000	0.000000	0.000000
349	0.002086	0.000028	0.001079	0.002721	0.992983	0.001103	0.000000	0.000000	0.000000
350	0.002023	0.000023	0.001056	0.002703	0.993096	0.001099	0.000000	0.000000	0.000000
351	0.001953	0.000019	0.001005	0.002732	0.993153	0.001138	0.000000	0.000000	0.000000
352	0.001904	0.000020	0.000923	0.002788	0.993230	0.001135	0.000000	0.000000	0.000000
353	0.001836	0.000016	0.000871	0.002801	0.993374	0.001102	0.000000	0.000000	0.000000
354	0.001747	0.000014	0.000874	0.002818	0.993387	0.001160	0.000000	0.000000	0.000000
355	0.001689	0.000021	0.000838	0.002831	0.993459	0.001162	0.000000	0.000000	0.000000
356	0.001620	0.000019	0.000825	0.002749	0.993637	0.001150	0.000000	0.000000	0.000000
357	0.001544	0.000015	0.000778	0.002714	0.993762	0.001187	0.000000	0.000000	0.000000
358	0.001495	0.000017	0.000721	0.002751	0.993872	0.001144	0.000000	0.000000	0.000000
359	0.001387	0.000021	0.000730	0.002754	0.993932	0.001176	0.000000	0.000000	0.000000
360	0.001354	0.000015	0.000675	0.002814	0.993984	0.001158	0.000000	0.000000	0.000000
361	0.001334	0.000015	0.000634	0.002830	0.994011	0.001176	0.000000	0.000000	0.000000
362	0.001275	0.000015	0.000612	0.002880	0.994057	0.001161	0.000000	0.000000	0.000000
363	0.001185	0.000019	0.000599	0.002879	0.994186	0.001132	0.000000	0.000000	0.000000
364	0.001156	0.000015	0.000545	0.002903	0.994275	0.001106	0.000000	0.000000	0.000000
365	0.001095	0.000013	0.000495	0.002927	0.994378	0.001092	0.000000	0.000000	0.000000
366	0.001070	0.000009	0.000461	0.002843	0.994539	0.001078	0.000000	0.000000	0.000000
367	0.001028	0.000006	0.000446	0.002847	0.994589	0.001084	0.000000	0.000000	0.000000
368	0.000978	0.000007	0.000439	0.002890	0.994646	0.001040	0.000000	0.000000	0.000000
369	0.000933	0.000010	0.000423	0.002883	0.994701	0.001050	0.000000	0.000000	0.000000
370	0.000883	0.000006	0.000408	0.002881	0.994750	0.001072	0.000000	0.000000	0.000000
371	0.000860	0.000011	0.000406	0.002862	0.994801	0.001060	0.000000	0.000000	0.000000
372	0.000804	0.000011	0.000368	0.002861	0.994887	0.001069	0.000000	0.000000	0.000000
373	0.000762	0.000008	0.000355	0.002852	0.994976	0.001047	0.000000	0.000000	0.000000
374	0.000754	0.000008	0.000323	0.002893	0.994978	0.001044	0.000000	0.000000	0.000000
375	0.000703	0.000006	0.000300	0.002846	0.995110	0.001035	0.000000	0.000000	0.000000
376	0.000647	0.000007	0.000273	0.002862	0.995143	0.001068	0.000000	0.000000	0.000000
377	0.000602	0.000008	0.000257	0.002853	0.995224	0.001056	0.000000	0.000000	0.000000
378	0.000552	0.000007	0.000242	0.002893	0.995205	0.001101	0.000000	0.000000	0.000000
379	0.000508	0.000006	0.000233	0.002851	0.995300	0.001102	0.000000	0.000000	0.000000
380	0.000495	0.000002	0.000227	0.002810	0.995382	0.001084	0.000000	0.000000	0.000000
381	0.000466	0.000001	0.000198	0.002743	0.995514	0.001078	0.000000	0.000000	0.000000
382	0.000442	0.000001	0.000179	0.002787	0.995508	0.001083	0.000000	0.000000	0.000000
383	0.000403	0.000002	0.000174	0.002789	0.995526	0.001106	0.000000	0.000000	0.000000
384	0.000368	0.000002	0.000146	0.002815	0.995619	0.001050	0.000000	0.000000	0.000000
385	0.000348	0.000003	0.000125	0.002822	0.995627	0.001075	0.000000	0.000000	0.000000
386	0.000321	0.000002	0.000117	0.002756	0.995758	0.001046	0.000000	0.000000	0.000000
387	0.000327	0.000002	0.000112	0.002708	0.995810	0.001041	0.000000	0.000000	0.000000
388	0.000287	0.000002	0.000125	0.002669	0.995877	0.001040	0.000000	0.000000	0.000000
389	0.000245	0.000002	0.000116	0.002643	0.995962	0.001032	0.000000	0.000000	0.000000
390	0.000227	0.000000	0.000098	0.002640	0.995991	0.001044	0.000000	0.000000	0.000000
391	0.000215	0.000000	0.000097	0.002617	0.996038	0.001033	0.000000	0.000000	0.000000
392	0.000210	0.000000	0.000089	0.002618	0.996074	0.001009	0.000000	0.000000	0.000000
393	0.000192	0.000000	0.000081	0.002616	0.996098	0.001013	0.000000	0.000000	0.000000
394	0.000186	0.000000	0.000080	0.002615	0.996084	0.001035	0.000000	0.000000	0.000000
395	0.000165	0.000000	0.000070	0.002566	0.996190	0.001009	0.000000	0.000000	0.000000
396	0.000153	0.000000	0.000069	0.002557	0.996208	0.001013	0.000000	0.000000	0.000000
397	0.000119	0.000000	0.000068	0.002529	0.996274	0.001010	0.000000	0.000000	0.000000
398	0.000103	0.000000	0.000066	0.002525	0.996278	0.001028	0.000000	0.000000	0.000000
399	0.000091	0.000000	0.000069	0.002514	0.996332	0.000994	0.000000	0.000000	0.000000
400	0.000082	0.000000	0.000065	0.002447	0.996427	0.000979	0.000000	0.000000	0.000000
401	0.000070	0.000000	0.000065	0.002465	0.996373	0.001027	0.000000	0.000000	0.000000
402	0.000071	0.000000	0.000061	0.002394	0.996459	0.001015	0.000000	0.000000	0.000000
403	0.000062	0.000000	0.000051	0.002461	0.996388	0.001038	0.000000	0.000000	0.000000
404	0.000053	0.000000	0.000059	0.002440	0.996449	0.000999	0.000000	0.000000	0.000000
405	0.000049	0.000000	0.000047	0.002420	0.996499	0.000985	0.000000	0.000000	0.000000
406	0.000047	0.000000	0.000039	0.002312	0.996596	0.001006	0.000000	0.000000	0.000000
407	0.000043	0.000000	0.000040	0.002351	0.996551	0.001015	0.000000	0.000000	0.000000
408	0.000044	0.000000	0.000041	0.002393	0.996521	0.001001	0.000000	0.000000	0.000000
409	0.000032	0.000000	0.000039	0.002382	0.996546	0.001001	0.000000	0.000000	0.000000
410	0.000028	0.000000	0.000037	0.002389	0.996532	0.001014	0.000000	0.000000	0.000000
411	0.000025	0.000000	0.000026	0.002336	0.996607	0.001006	0.000000	0.000000	0.000000
412	0.000013	0.000000	0.000028	0.002385	0.996542	0.001032	0.000000	0.000000	0.000000
413	0.000008	0.000000	0.000024	0.002375	0.996594	0.000999	0.000000	0.000000	0.000000
414	0.000010	0.000000	0.000027	0.002373	0.996598	0.000992	0.000000	0.000000	0.000000
415	0.000006	0.000000	0.000025	0.002356	0.996581	0.001032	0.000000	0.000000	0.000000
416	0.000008	0.000000	0.000026	0.002316	0.996638	0.001012	0.000000	0.000000	0.000000
417	0.000004	0.000000	0.000021	0.002328	0.996617	0.001030	0.000000	0.000000	0.000000
418	0.000002	0.000000	0.000023	0.002288	0.996674	0.001013	0.000000	0.000000	0.000000
419	0.000001	0.000000	0.000020	0.002294	0.996674	0.001011	0.000000	0.000000	0.000000
420	0.000000	0.000000	0.000014	0.002341	0.996692	0.000953	0.000000	0.000000	0.000000
421	0.000000	0.000000	0.000011	0.002350	0.996701	0.000938	0.000000	0.000000	0.000000
422	0.000000	0.000000	0.000009	0.002289	0.996783	0.000919	0.000000	0.000000	0.000000
423	0.000000	0.000000	0.000011	0.002273	0.996759	0.000957	0.000000	0.000000	0.000000
424	0.000000	0.000000	0.000008	0.002305	0.996743	0.000944	0.000000	0.000000	0.000000
425	0.000000	0.000000	0.000009	0.002325	0.996716	0.000950	0.000000	0.000000	0.000000
426	0.000000	0.000000	0.000007	0.002335	0.996723	0.000935	0.000000	0.000000	0.000000
427	0.000000	0.000000	0.000004	0.002348	0.996719	0.000929	0.000000	0.000000	0.000000
428	0.000000	0.000000	0.000004	0.002359	0.996684	0.000953	0.000000	0.000000	0.000000
429	0.000000	0.000000	0.000003	0.002388	0.996671	0.000938	0.000000	0.000000	0.000000
430	0.000000	0.000000	0.000002	0.002374	0.996693	0.000931	0.000000	0.000000	0.000000
431	0.000000	0.000000	0.000002	0.002390	0.996698	0.000910	0.000000	0.000000	0.000000
432	0.000000	0.000000	0.000004	0.002370	0.996711	0.000915	0.000000	0.000000	0.000000
433	0.000000	0.000000	0.000004	0.002348	0.996732	0.000916	0.000000	0.000000	0.000000
434	0.000000	0.000000	0.000001	0.002338	0.996766	0.000895	0.000000	0.000000	0.000000
435	0.000000	0.000000	0.000001	0.002395	0.996693	0.000911	0.000000	0.000000	0.000000
436	0.000000	0.000000	0.000003	0.002362	0.996725	0.000910	0.000000	0.000000	0.000000
437	0.000000	0.000000	0.000003	0.002342	0.996729	0.000926	0.000000	0.000000	0.000000
438	0.000000	0.000000	0.000002	0.002387	0.996694	0.000917	0.000000	0.000000	0.000000
439	0.000000	0.000000	0.000003	0.002392	0.996697	0.000908	0.000000	0.000000	0.000000
440	0.000000	0.000000	0.000001	0.002379	0.996730	0.000890	0.000000	0.000000	0.000000
441	0.000000	0.000000	0.000000	0.002407	0.996665	0.000928	0.000000	0.000000	0.000000
442	0.000000	0.000000	0.000000	0.002373	0.996702	0.000925	0.000000	0.000000	0.000000
443	0.000000	0.000000	0.000000	0.002389	0.996722	0.000889	0.000000	0.000000	0.000000
444	0.000000	0.000000	0.000000	0.002367	0.996731	0.000902	0.000000	0.000000	0.000000
445	0.000000	0.000000	0.000000	0.002385	0.996735	0.000880	0.000000	0.000000	0.000000
446	0.000000	0.000000	0.000000	0.002387	0.996756	0.000857	0.000000	0.000000	0.000000
447	0.000000	0.000000	0.000000	0.002363	0.996791	0.000846	0.000000	0.000000	0.000000
448	0.000000	0.000000	0.000000	0.002372	0.996758	0.000870	0.000000	0.000000	0.000000
449	0.000000	0.000000	0.000000	0.002336	0.996761	0.000903	0.000000	0.000000	0.000000
450	0.000000	0.000000	0.000000	0.002343	0.996777	0.000880	0.000000	0.000000	0.000000
451	0.000000	0.000000	0.000000	0.002469	0.996632	0.000899	0.000000	0.000000	0.000000
452	0.000000	0.000000	0.000000	0.002435	0.996679	0.000886	0.000000	0.000000	0.000000
453	0.000000	0.000000	0.000000	0.002429	0.996694	0.000877	0.000000	0.000000	0.000000
454	0.000000	0.000000	0.000000	0.002423	0.996657	0.000920	0.000000	0.000000	0.000000
455	0.000000	0.000000	0.000000	0.002450	0.996640	0.000910	0.000000	0.000000	0.000000
456	0.000000	0.000000	0.000000	0.002472	0.996619	0.000909	0.000000	0.000000	0.000000
457	0.000000	0.000000	0.000000	0.002447	0.996663	0.000890	0.000000	0.000000	0.000000
458	0.000000	0.000000	0.000000	0.002501	0.996605	0.000894	0.000000	0.000000	0.000000
459	0.000000	0.000000	0.000000	0.002507	0.996593	0.000900	0.000000	0.000000	0.000000
460	0.000000	0.000000	0.000000	0.002506	0.996562	0.000932	0.000000	0.000000	0.000000
461	0.000000	0.000000	0.000000	0.002524	0.996545	0.000931	0.000000	0.000000	0.000000
462	0.000000	0.000000	0.000000	0.002574	0.996456	0.000970	0.000000	0.000000	0.000000
463	0.000000	0.000000	0.000000	0.002552	0.996472	0.000976	0.000000	0.000000	0.000000
464	0.000000	0.000000	0.000000	0.002512	0.996505	0.000983	0.000000	0.000000	0.000000
465	0.000000	0.000000	0.000000	0.002556	0.996412	0.001032	0.000000	0.000000	0.000000
466	0.000000	0.000000	0.000000	0.002497	0.996462	0.001041	0.000000	0.000000	0.000000
467	0.000000	0.000000	0.000000	0.002519	0.996459	0.001022	0.000000	0.000000	0.000000
468	0.000000	0.000000	0.000000	0.002471	0.996481	0.001048	0.000000	0.000000	0.000000
469	0.000000	0.000000	0.000000	0.002438	0.996528	0.001034	0.000000	0.000000	0.000000
470	0.000000	0.000000	0.000000	0.002471	0.996478	0.001051	0.000000	0.000000	0.000000
