0	0.290663	0.057897	0.229473	0.157588	0.029913	0.111872	0.085455	0.012259	0.024880
1	0.230233	0.048111	0.199969	0.145680	0.029731	0.123242	0.113754	0.022110	0.087170
2	0.229759	0.046944	0.198250	0.144613	0.031567	0.124213	0.109742	0.021444	0.093468
3	0.234265	0.046081	0.199207	0.144917	0.033755	0.122811	0.103636	0.019822	0.095506
4	0.239012	0.045612	0.200102	0.146242	0.036167	0.120549	0.097438	0.018226	0.096652
5	0.245956	0.044816	0.201787	0.145876	0.038808	0.117494	0.091433	0.016633	0.097197
6	0.252372	0.044044	0.202411	0.145341	0.041734	0.115123	0.085876	0.015088	0.098011
7	0.259307	0.043005	0.203296	0.144238	0.044589	0.111885	0.080802	0.013875	0.099003
8	0.265949	0.041912	0.203680	0.143311	0.047503	0.109318	0.075579	0.012581	0.100167
9	0.273089	0.040897	0.203355	0.142015	0.050813	0.106583	0.070972	0.011613	0.100663
10	0.279488	0.040050	0.202852	0.141405	0.053911	0.103553	0.066856	0.010461	0.101424
11	0.285071	0.038441	0.202864	0.140143	0.057626	0.101128	0.062953	0.009623	0.102151
12	0.290309	0.037348	0.202949	0.139280	0.061411	0.098231	0.058733	0.008926	0.102813
13	0.296054	0.036312	0.202308	0.138238	0.065116	0.095460	0.055180	0.008174	0.103158
14	0.301076	0.035291	0.201458	0.137232	0.069032	0.092540	0.051829	0.007398	0.104144
15	0.306445	0.033902	0.200346	0.135760	0.073089	0.090384	0.048643	0.006638	0.104793
16	0.311939	0.032624	0.198770	0.134610	0.077322	0.087792	0.045475	0.006172	0.105296
17	0.317257	0.031728	0.197720	0.133332	0.081671	0.084280	0.042778	0.005659	0.105575
18	0.321757	0.030482	0.195935	0.132524	0.086036	0.081623	0.040059	0.005213	0.106371
19	0.326246	0.029205	0.194713	0.131293	0.090292	0.079229	0.037720	0.004688	0.106614
20	0.329507	0.028094	0.193201	0.130226	0.094989	0.077455	0.035337	0.004360	0.106831
21	0.333029	0.027180	0.191923	0.128768	0.099897	0.075233	0.033008	0.003988	0.106974
22	0.336426	0.026168	0.190310	0.127568	0.105080	0.072475	0.030992	0.003601	0.107380
23	0.340089	0.024995	0.188406	0.125914	0.110416	0.069972	0.028972	0.003319	0.107917
24	0.343348	0.023873	0.186655	0.124500	0.116098	0.067784	0.027179	0.003036	0.107527
25	0.346271	0.023170	0.184542	0.123181	0.121537	0.065632	0.025598	0.002845	0.107224
26	0.348644	0.022248	0.182598	0.121619	0.127691	0.063377	0.024065	0.002525	0.107233
27	0.351182	0.021263	0.180310	0.120181	0.133916	0.061445	0.022309	0.002360	0.107034
28	0.353771	0.020481	0.177948	0.118321	0.140273	0.059513	0.021076	0.002138	0.106479
29	0.355979	0.019515	0.176013	0.116893	0.146748	0.057668	0.019634	0.001982	0.105568
30	0.357063	0.018907	0.173783	0.115685	0.152939	0.055972	0.018358	0.001900	0.105393
31	0.357838	0.018116	0.171178	0.114676	0.160239	0.054712	0.017130	0.001698	0.104413
32	0.358635	0.017176	0.168788	0.113642	0.167325	0.053308	0.015835	0.001548	0.103743
33	0.359375	0.016317	0.165861	0.112657	0.174806	0.052109	0.014956	0.001434	0.102485
34	0.359594	0.015507	0.163494	0.111625	0.182005	0.050600	0.013908	0.001316	0.101951
35	0.359630	0.014996	0.160685	0.110778	0.189484	0.049658	0.012916	0.001182	0.100671
36	0.359062	0.014471	0.157707	0.110202	0.197581	0.048126	0.012152	0.001008	0.099691
37	0.358087	0.013785	0.155265	0.109342	0.205768	0.047168	0.011138	0.000911	0.098536
38	0.357512	0.013215	0.152118	0.109005	0.213875	0.045703	0.010477	0.000784	0.097311
39	0.356718	0.012592	0.149250	0.108215	0.222553	0.044830	0.009769	0.000720	0.095353
40	0.355632	0.012139	0.146127	0.107438	0.231090	0.043859	0.008994	0.000677	0.094044
41	0.354132	0.011677	0.143369	0.106820	0.240122	0.042768	0.008399	0.000594	0.092119
42	0.351291	0.011260	0.140532	0.106347	0.249698	0.042006	0.007756	0.000518	0.090592
43	0.349616	0.010761	0.137207	0.105358	0.259382	0.041110	0.007122	0.000462	0.088982
44	0.347359	0.010249	0.133908	0.104905	0.268944	0.040382	0.006607	0.000465	0.087181
45	0.344688	0.009722	0.131007	0.104435	0.278704	0.039591	0.005986	0.000426	0.085441
46	0.341644	0.009059	0.127904	0.104081	0.288923	0.038768	0.005635	0.000379	0.083607
47	0.338608	0.008577	0.124460	0.103977	0.299196	0.038095	0.005241	0.000335	0.081511
48	0.335100	0.008175	0.121338	0.104063	0.309198	0.037385	0.004864	0.000295	0.079582
49	0.331396	0.007752	0.118137	0.103588	0.320166	0.036726	0.004386	0.000308	0.077541
50	0.327663	0.007364	0.115183	0.103697	0.330290	0.036173	0.004094	0.000262	0.075274
51	0.323819	0.006998	0.111682	0.103489	0.341305	0.035639	0.003732	0.000222	0.073114
52	0.319966	0.006540	0.108539	0.103330	0.351942	0.034890	0.003510	0.000208	0.071075
53	0.315154	0.006258	0.105865	0.103660	0.362405	0.034359	0.003222	0.000189	0.068888
54	0.310902	0.005976	0.103052	0.103233	0.373015	0.033886	0.002922	0.000175	0.066839
55	0.305929	0.005634	0.099959	0.103424	0.383831	0.033529	0.002714	0.000137	0.064843
56	0.301530	0.005360	0.096813	0.103619	0.394365	0.033120	0.002496	0.000135	0.062562
57	0.296443	0.004991	0.093984	0.103422	0.405654	0.032811	0.002258	0.000111	0.060326
58	0.291257	0.004635	0.091244	0.103881	0.416225	0.032502	0.002038	0.000108	0.058110
59	0.285643	0.004412	0.088649	0.104395	0.426751	0.032221	0.001899	0.000100	0.055930
60	0.279714	0.004151	0.085569	0.104636	0.438457	0.031759	0.001751	0.000081	0.053882
61	0.274399	0.003998	0.082659	0.104878	0.449412	0.031554	0.001590	0.000065	0.051445
62	0.268665	0.003769	0.079788	0.105181	0.460148	0.031415	0.001483	0.000055	0.049496
63	0.262565	0.003551	0.077244	0.105707	0.471133	0.031044	0.001337	0.000054	0.047365
64	0.256436	0.003205	0.074771	0.106443	0.481985	0.030659	0.001243	0.000048	0.045210
65	0.250378	0.003052	0.071890	0.106885	0.492947	0.030454	0.001133	0.000043	0.043218
66	0.244385	0.002869	0.068871	0.107158	0.504131	0.030247	0.000966	0.000037	0.041336
67	0.237481	0.002696	0.066415	0.107589	0.515522	0.029877	0.000911	0.000037	0.039472
68	0.231189	0.002507	0.063926	0.108450	0.525866	0.029857	0.000818	0.000029	0.037358
69	0.225087	0.002342	0.060998	0.108567	0.536905	0.029557	0.000758	0.000030	0.035756
70	0.218647	0.002189	0.058644	0.108818	0.547820	0.029331	0.000659	0.000026	0.033866
71	0.212512	0.001966	0.056128	0.109302	0.558034	0.029318	0.000579	0.000021	0.032140
72	0.206413	0.001799	0.053970	0.110050	0.567457	0.029384	0.000499	0.000026	0.030402
73	0.200046	0.001634	0.051265	0.110945	0.577882	0.029108	0.000440	0.000022	0.028658
74	0.194163	0.001568	0.049161	0.110834	0.587725	0.028981	0.000382	0.000019	0.027167
75	0.187989	0.001431	0.047182	0.111193	0.597250	0.028981	0.000337	0.000022	0.025615
76	0.181647	0.001301	0.045183	0.111521	0.607069	0.028986	0.000323	0.000016	0.023954
77	0.175513	0.001224	0.043002	0.112090	0.616415	0.028947	0.000266	0.000012	0.022531
78	0.169500	0.001156	0.041155	0.112198	0.625371	0.029145	0.000249	0.000005	0.021221
79	0.162994	0.001066	0.039266	0.112765	0.634555	0.029164	0.000223	0.000009	0.019958
80	0.156535	0.000984	0.037733	0.113456	0.643729	0.028813	0.000195	0.000004	0.018551
81	0.150614	0.000883	0.036245	0.113958	0.651587	0.029141	0.000180	0.000003	0.017389
82	0.144640	0.000784	0.034146	0.114922	0.659718	0.029255	0.000156	0.000002	0.016377
83	0.139370	0.000698	0.032542	0.115091	0.667722	0.029287	0.000144	0.000002	0.015144
84	0.133716	0.000690	0.030934	0.115325	0.675586	0.029384	0.000128	0.000002	0.014235
85	0.127932	0.000620	0.029447	0.115525	0.683811	0.029398	0.000119	0.000002	0.013146
86	0.122204	0.000562	0.028049	0.115951	0.691493	0.029422	0.000109	0.000002	0.012208
87	0.117127	0.000526	0.026727	0.116203	0.698816	0.029153	0.000100	0.000000	0.011348
88	0.111779	0.000473	0.025383	0.116547	0.705952	0.029131	0.000078	0.000000	0.010657
89	0.106343	0.000397	0.024048	0.116662	0.713584	0.029097	0.000076	0.000000	0.009793
90	0.101175	0.000353	0.022781	0.116814	0.720558	0.029252	0.000071	0.000000	0.008996
91	0.096280	0.000329	0.021721	0.116620	0.727175	0.029467	0.000068	0.000000	0.008340
92	0.091754	0.000285	0.020577	0.116815	0.733608	0.029233	0.000049	0.000000	0.007679
93	0.087044	0.000238	0.019434	0.116878	0.739932	0.029330	0.000033	0.000000	0.007111
94	0.082623	0.000213	0.018055	0.117056	0.745877	0.029510	0.000024	0.000000	0.006642
95	0.078323	0.000189	0.017106	0.116898	0.751828	0.029390	0.000023	0.000000	0.006243
96	0.074178	0.000181	0.015982	0.117256	0.757435	0.029267	0.000018	0.000000	0.005683
97	0.070389	0.000159	0.015138	0.117072	0.762625	0.029477	0.000011	0.000000	0.005129
98	0.066559	0.000136	0.014251	0.117324	0.767534	0.029516	0.000010	0.000000	0.004670
99	0.062942	0.000101	0.013437	0.117897	0.771910	0.029379	0.000011	0.000000	0.004323
100	0.059326	0.000091	0.012611	0.118211	0.776455	0.029419	0.000011	0.000000	0.003876
101	0.055659	0.000072	0.011836	0.118636	0.780684	0.029494	0.000010	0.000000	0.003609
102	0.052204	0.000070	0.011077	0.118892	0.785157	0.029290	0.000009	0.000000	0.003301
103	0.048915	0.000053	0.010390	0.119187	0.789122	0.029393	0.000003	0.000000	0.002937
104	0.046003	0.000041	0.009654	0.119912	0.792481	0.029200	0.000006	0.000000	0.002703
105	0.042889	0.000042	0.008911	0.119833	0.796422	0.029415	0.000004	0.000000	0.002484
106	0.040060	0.000035	0.008397	0.120401	0.799470	0.029414	0.000002	0.000000	0.002221
107	0.037458	0.000035	0.007704	0.120916	0.802468	0.029433	0.000005	0.000000	0.001981
108	0.034677	0.000025	0.007195	0.121416	0.805536	0.029372	0.000006	0.000000	0.001773
109	0.032315	0.000024	0.006721	0.121342	0.808630	0.029308	0.000003	0.000000	0.001657
110	0.030158	0.000020	0.006209	0.121334	0.811717	0.029061	0.000004	0.000000	0.001497
111	0.028009	0.000018	0.005887	0.121376	0.814344	0.028993	0.000003	0.000000	0.001370
112	0.026029	0.000019	0.005495	0.120914	0.817431	0.028878	0.000001	0.000000	0.001233
113	0.024161	0.000015	0.005063	0.121114	0.819590	0.028938	0.000001	0.000000	0.001118
114	0.022471	0.000014	0.004676	0.121242	0.821643	0.028918	0.000000	0.000000	0.001036
115	0.020795	0.000012	0.004367	0.121415	0.823638	0.028811	0.000000	0.000000	0.000962
116	0.019257	0.000010	0.004111	0.121394	0.825611	0.028735	0.000000	0.000000	0.000882
117	0.017839	0.000007	0.003709	0.121782	0.826940	0.028970	0.000000	0.000000	0.000753
118	0.016401	0.000007	0.003493	0.121738	0.828768	0.028879	0.000000	0.000000	0.000714
119	0.015165	0.000008	0.003149	0.121988	0.830270	0.028799	0.000000	0.000000	0.000621
120	0.013920	0.000006	0.002816	0.121928	0.831579	0.029160	0.000000	0.000000	0.000591
121	0.012937	0.000004	0.002517	0.121745	0.833176	0.029064	0.000000	0.000000	0.000557
122	0.011795	0.000004	0.002285	0.121766	0.834696	0.028988	0.000000	0.000000	0.000466
123	0.010796	0.000005	0.002106	0.121382	0.836376	0.028920	0.000000	0.000000	0.000415
124	0.009896	0.000005	0.001968	0.121431	0.837512	0.028800	0.000000	0.000000	0.000388
125	0.009124	0.000004	0.001814	0.121214	0.838770	0.028740	0.000000	0.000000	0.000334
126	0.008417	0.000005	0.001702	0.121300	0.839483	0.028806	0.000000	0.000000	0.000287
127	0.007761	0.000007	0.001581	0.121315	0.840369	0.028692	0.000000	0.000000	0.000275
128	0.007110	0.000006	0.001465	0.120952	0.841601	0.028615	0.000000	0.000000	0.000251
129	0.006358	0.000003	0.001356	0.120872	0.842376	0.028789	0.000000	0.000000	0.000246
130	0.005886	0.000004	0.001257	0.121144	0.842861	0.028622	0.000000	0.000000	0.000226
131	0.005436	0.000006	0.001132	0.121159	0.843548	0.028501	0.000000	0.000000	0.000218
132	0.004911	0.000004	0.001053	0.121068	0.844186	0.028582	0.000000	0.000000	0.000196
133	0.004516	0.000002	0.000987	0.120801	0.844913	0.028601	0.000000	0.000000	0.000180
134	0.004161	0.000002	0.000928	0.120949	0.845291	0.028491	0.000000	0.000000	0.000178
135	0.003828	0.000001	0.000861	0.120947	0.845520	0.028672	0.000000	0.000000	0.000171
136	0.003591	0.000001	0.000766	0.121030	0.845687	0.028777	0.000000	0.000000	0.000148
137	0.003320	0.000000	0.000703	0.121131	0.845857	0.028849	0.000000	0.000000	0.000140
138	0.003054	0.000000	0.000650	0.120639	0.846650	0.028860	0.000000	0.000000	0.000147
139	0.002901	0.000000	0.000616	0.120696	0.846771	0.028887	0.000000	0.000000	0.000129
140	0.002628	0.000000	0.000514	0.120806	0.847089	0.028844	0.000000	0.000000	0.000119
141	0.002396	0.000000	0.000483	0.120588	0.847667	0.028754	0.000000	0.000000	0.000112
142	0.002162	0.000000	0.000428	0.120656	0.847800	0.028856	0.000000	0.000000	0.000098
143	0.001939	0.000000	0.000375	0.120378	0.848256	0.028951	0.000000	0.000000	0.000101
144	0.001750	0.000000	0.000340	0.120287	0.848781	0.028755	0.000000	0.000000	0.000087
145	0.001639	0.000000	0.000300	0.120487	0.848765	0.028730	0.000000	0.000000	0.000079
146	0.001544	0.000000	0.000284	0.120129	0.849121	0.028850	0.000000	0.000000	0.000072
147	0.001407	0.000000	0.000250	0.120460	0.848912	0.028908	0.000000	0.000000	0.000063
148	0.001274	0.000000	0.000241	0.120840	0.848715	0.028874	0.000000	0.000000	0.000056
149	0.001219	0.000000	0.000243	0.120781	0.848861	0.028847	0.000000	0.000000	0.000049
150	0.001120	0.000000	0.000242	0.120317	0.849670	0.028608	0.000000	0.000000	0.000043
151	0.001028	0.000000	0.000214	0.120361	0.849590	0.028767	0.000000	0.000000	0.000040
152	0.000941	0.000000	0.000195	0.120712	0.849650	0.028476	0.000000	0.000000	0.000026
153	0.000886	0.000000	0.000208	0.120778	0.849592	0.028515	0.000000	0.000000	0.000021
154	0.000803	0.000000	0.000208	0.120862	0.849494	0.028605	0.000000	0.000000	0.000028
155	0.000710	0.000000	0.000182	0.120947	0.849895	0.028234	0.000000	0.000000	0.000032
156	0.000675	0.000000	0.000156	0.120996	0.850013	0.028129	0.000000	0.000000	0.000031
157	0.000656	0.000000	0.000151	0.120756	0.850573	0.027836	0.000000	0.000000	0.000028
158	0.000629	0.000000	0.000146	0.120738	0.850688	0.027773	0.000000	0.000000	0.000026
159	0.000572	0.000000	0.000121	0.120914	0.850331	0.028036	0.000000	0.000000	0.000026
160	0.000543	0.000000	0.000111	0.121229	0.850161	0.027935	0.000000	0.000000	0.000021
161	0.000538	0.000000	0.000105	0.120781	0.850461	0.028096	0.000000	0.000000	0.000019
162	0.000495	0.000000	0.000103	0.121209	0.850113	0.028062	0.000000	0.000000	0.000018
163	0.000481	0.000000	0.000102	0.121083	0.850339	0.027972	0.000000	0.000000	0.000023
164	0.000409	0.000000	0.000109	0.121328	0.850283	0.027849	0.000000	0.000000	0.000022
165	0.000395	0.000000	0.000097	0.121373	0.850301	0.027814	0.000000	0.000000	0.000020
166	0.000373	0.000000	0.000096	0.121167	0.850428	0.027915	0.000000	0.000000	0.000021
167	0.000357	0.000000	0.000090	0.121036	0.850471	0.028026	0.000000	0.000000	0.000020
168	0.000327	0.000000	0.000102	0.120931	0.850444	0.028174	0.000000	0.000000	0.000022
169	0.000318	0.000000	0.000092	0.120832	0.850819	0.027916	0.000000	0.000000	0.000023
170	0.000284	0.000000	0.000080	0.120620	0.850915	0.028080	0.000000	0.000000	0.000021
171	0.000255	0.000000	0.000087	0.120702	0.850709	0.028224	0.000000	0.000000	0.000023
172	0.000251	0.000000	0.000076	0.120362	0.851001	0.028283	0.000000	0.000000	0.000027
173	0.000247	0.000000	0.000067	0.120104	0.851235	0.028321	0.000000	0.000000	0.000026
174	0.000228	0.000000	0.000069	0.120621	0.850684	0.028361	0.000000	0.000000	0.000037
175	0.000218	0.000000	0.000069	0.120269	0.850978	0.028430	0.000000	0.000000	0.000036
176	0.000221	0.000000	0.000066	0.120276	0.851031	0.028362	0.000000	0.000000	0.000044
177	0.000209	0.000000	0.000056	0.120270	0.850962	0.028461	0.000000	0.000000	0.000042
178	0.000206	0.000000	0.000058	0.120290	0.850962	0.028448	0.000000	0.000000	0.000036
179	0.000212	0.000000	0.000059	0.120340	0.850839	0.028514	0.000000	0.000000	0.000036
180	0.000206	0.000000	0.000067	0.120304	0.850841	0.028550	0.000000	0.000000	0.000032
181	0.000226	0.000000	0.000054	0.120376	0.850886	0.028429	0.000000	0.000000	0.000029
182	0.000189	0.000000	0.000054	0.120434	0.850800	0.028486	0.000000	0.000000	0.000037
183	0.000172	0.000000	0.000049	0.120114	0.851107	0.028525	0.000000	0.000000	0.000033
184	0.000167	0.000000	0.000044	0.119925	0.851391	0.028438	0.000000	0.000000	0.000035
185	0.000151	0.000000	0.000044	0.119981	0.851455	0.028336	0.000000	0.000000	0.000033
186	0.000142	0.000000	0.000032	0.120213	0.851258	0.028309	0.000000	0.000000	0.000046
187	0.000121	0.000000	0.000025	0.120093	0.851057	0.028663	0.000000	0.000000	0.000041
188	0.000108	0.000000	0.000024	0.120486	0.850492	0.028856	0.000000	0.000000	0.000034
189	0.000089	0.000000	0.000026	0.120449	0.850595	0.028809	0.000000	0.000000	0.000032
190	0.000082	0.000000	0.000018	0.120636	0.850622	0.028613	0.000000	0.000000	0.000029
191	0.000077	0.000000	0.000015	0.120786	0.850271	0.028824	0.000000	0.000000	0.000027
192	0.000073	0.000000	0.000018	0.120645	0.850299	0.028938	0.000000	0.000000	0.000027
193	0.000061	0.000000	0.000026	0.120573	0.850404	0.028911	0.000000	0.000000	0.000025
194	0.000049	0.000000	0.000016	0.120439	0.850618	0.028858	0.000000	0.000000	0.000020
195	0.000049	0.000000	0.000011	0.120819	0.850318	0.028777	0.000000	0.000000	0.000026
196	0.000044	0.000000	0.000012	0.120335	0.850637	0.028950	0.000000	0.000000	0.000022
197	0.000040	0.000000	0.000015	0.120294	0.850719	0.028914	0.000000	0.000000	0.000018
198	0.000036	0.000000	0.000016	0.120059	0.850690	0.029181	0.000000	0.000000	0.000018
199	0.000027	0.000000	0.000017	0.120191	0.850690	0.029058	0.000000	0.000000	0.000017
200	0.000029	0.000000	0.000015	0.119692	0.851115	0.029136	0.000000	0.000000	0.000013
201	0.000026	0.000000	0.000018	0.119956	0.850944	0.029044	0.000000	0.000000	0.000012
202	0.000028	0.000000	0.000022	0.119475	0.851191	0.029272	0.000000	0.000000	0.000012
203	0.000024	0.000000	0.000021	0.119633	0.851433	0.028875	0.000000	0.000000	0.000014
204	0.000021	0.000000	0.000013	0.119679	0.851136	0.029134	0.000000	0.000000	0.000017
205	0.000025	0.000000	0.000012	0.119492	0.851259	0.029200	0.000000	0.000000	0.000012
206	0.000027	0.000000	0.000012	0.119531	0.851160	0.029258	0.000000	0.000000	0.000012
207	0.000029	0.000000	0.000011	0.119541	0.851536	0.028873	0.000000	0.000000	0.000010
208	0.000035	0.000000	0.000007	0.119129	0.852067	0.028748	0.000000	0.000000	0.000014
209	0.000034	0.000000	0.000002	0.119126	0.852106	0.028718	0.000000	0.000000	0.000014
210	0.000034	0.000000	0.000002	0.119033	0.852036	0.028883	0.000000	0.000000	0.000012
211	0.000042	0.000000	0.000001	0.119516	0.851477	0.028947	0.000000	0.000000	0.000017
212	0.000029	0.000000	0.000000	0.119389	0.851763	0.028803	0.000000	0.000000	0.000016
213	0.000021	0.000000	0.000000	0.119261	0.851742	0.028965	0.000000	0.000000	0.000011
214	0.000018	0.000000	0.000000	0.119107	0.851479	0.029387	0.000000	0.000000	0.000009
215	0.000014	0.000000	0.000000	0.119036	0.851578	0.029366	0.000000	0.000000	0.000006
216	0.000014	0.000000	0.000000	0.118978	0.851555	0.029449	0.000000	0.000000	0.000004
217	0.000010	0.000000	0.000000	0.119059	0.851575	0.029348	0.000000	0.000000	0.000008
218	0.000008	0.000000	0.000000	0.119072	0.851602	0.029311	0.000000	0.000000	0.000007
219	0.000005	0.000000	0.000000	0.118779	0.851694	0.029516	0.000000	0.000000	0.000006
220	0.000006	0.000000	0.000000	0.118856	0.851962	0.029171	0.000000	0.000000	0.000005
221	0.000005	0.000000	0.000000	0.119108	0.851718	0.029166	0.000000	0.000000	0.000003
222	0.000006	0.000000	0.000000	0.118841	0.851929	0.029221	0.000000	0.000000	0.000003
223	0.000005	0.000000	0.000000	0.118939	0.851787	0.029267	0.000000	0.000000	0.000002
224	0.000003	0.000000	0.000000	0.119147	0.851594	0.029255	0.000000	0.000000	0.000001
225	0.000007	0.000000	0.000000	0.119318	0.851333	0.029342	0.000000	0.000000	0.000000
226	0.000006	0.000000	0.000000	0.119113	0.851455	0.029425	0.000000	0.000000	0.000001
227	0.000008	0.000000	0.000000	0.119417	0.851155	0.029419	0.000000	0.000000	0.000001
228	0.000006	0.000000	0.000000	0.119106	0.851558	0.029329	0.000000	0.000000	0.000001
229	0.000004	0.000000	0.000000	0.118776	0.852113	0.029107	0.000000	0.000000	0.000000
230	0.000002	0.000000	0.000000	0.118695	0.852143	0.029160	0.000000	0.000000	0.000000
231	0.000002	0.000000	0.000000	0.118752	0.852192	0.029054	0.000000	0.000000	0.000000
232	0.000002	0.000000	0.000000	0.118658	0.852431	0.028909	0.000000	0.000000	0.000000
233	0.000001	0.000000	0.000000	0.118115	0.852895	0.028989	0.000000	0.000000	0.000000
234	0.000001	0.000000	0.000000	0.118209	0.852960	0.028830	0.000000	0.000000	0.000000
235	0.000000	0.000000	0.000000	0.117911	0.853270	0.028819	0.000000	0.000000	0.000000
236	0.000000	0.000000	0.000000	0.118128	0.853127	0.028745	0.000000	0.000000	0.000000
237	0.000000	0.000000	0.000000	0.118091	0.853352	0.028557	0.000000	0.000000	0.000000
238	0.000000	0.000000	0.000000	0.117801	0.853527	0.028672	0.000000	0.000000	0.000000
239	0.000000	0.000000	0.000000	0.117794	0.853357	0.028849	0.000000	0.000000	0.000000
240	0.000000	0.000000	0.000000	0.118114	0.853233	0.028653	0.000000	0.000000	0.000000
241	0.000000	0.000000	0.000000	0.117715	0.853312	0.028973	0.000000	0.000000	0.000000
242	0.000000	0.000000	0.000000	0.118033	0.852982	0.028985	0.000000	0.000000	0.000000
243	0.000000	0.000000	0.000000	0.118146	0.852551	0.029303	0.000000	0.000000	0.000000
244	0.000000	0.000000	0.000000	0.117930	0.852810	0.029260	0.000000	0.000000	0.000000
245	0.000000	0.000000	0.000000	0.117602	0.853359	0.029039	0.000000	0.000000	0.000000
246	0.000000	0.000000	0.000000	0.117398	0.853580	0.029022	0.000000	0.000000	0.000000
247	0.000000	0.000000	0.000000	0.117649	0.853185	0.029166	0.000000	0.000000	0.000000
248	0.000000	0.000000	0.000000	0.117518	0.853155	0.029327	0.000000	0.000000	0.000000
249	0.000000	0.000000	0.000000	0.117458	0.853368	0.029174	0.000000	0.000000	0.000000
250	0.000000	0.000000	0.000000	0.117960	0.852909	0.029131	0.000000	0.000000	0.000000
251	0.000000	0.000000	0.000000	0.118146	0.852699	0.029155	0.000000	0.000000	0.000000
252	0.000000	0.000000	0.000000	0.118217	0.852625	0.029158	0.000000	0.000000	0.000000
253	0.000000	0.000000	0.000000	0.118746	0.852119	0.029135	0.000000	0.000000	0.000000
254	0.000000	0.000000	0.000000	0.118583	0.852455	0.028962	0.000000	0.000000	0.000000
255	0.000000	0.000000	0.000000	0.119002	0.852208	0.028790	0.000000	0.000000	0.000000
256	0.000000	0.000000	0.000000	0.118540	0.852652	0.028808	0.000000	0.000000	0.000000
257	0.000000	0.000000	0.000000	0.118630	0.852692	0.028678	0.000000	0.000000	0.000000
258	0.000000	0.000000	0.000000	0.118536	0.852793	0.028671	0.000000	0.000000	0.000000
259	0.000000	0.000000	0.000000	0.118763	0.852248	0.028989	0.000000	0.000000	0.000000
260	0.000000	0.000000	0.000000	0.118820	0.852242	0.028938	0.000000	0.000000	0.000000
261	0.000000	0.000000	0.000000	0.118972	0.852180	0.028848	0.000000	0.000000	0.000000
262	0.000000	0.000000	0.000000	0.119107	0.852120	0.028773	0.000000	0.000000	0.000000
263	0.000000	0.000000	0.000000	0.119326	0.851746	0.028928	0.000000	0.000000	0.000000
264	0.000000	0.000000	0.000000	0.119125	0.852011	0.028864	0.000000	0.000000	0.000000
265	0.000000	0.000000	0.000000	0.119592	0.851449	0.028959	0.000000	0.000000	0.000000
266	0.000000	0.000000	0.000000	0.119698	0.851420	0.028882	0.000000	0.000000	0.000000
267	0.000000	0.000000	0.000000	0.119437	0.851481	0.029082	0.000000	0.000000	0.000000
268	0.000000	0.000000	0.000000	0.119403	0.851504	0.029093	0.000000	0.000000	0.000000
269	0.000000	0.000000	0.000000	0.119624	0.851217	0.029159	0.000000	0.000000	0.000000
270	0.000000	0.000000	0.000000	0.119523	0.851205	0.029272	0.000000	0.000000	0.000000
271	0.000000	0.000000	0.000000	0.119506	0.851319	0.029175	0.000000	0.000000	0.000000
272	0.000000	0.000000	0.000000	0.119219	0.851713	0.029068	0.000000	0.000000	0.000000
273	0.000000	0.000000	0.000000	0.119340	0.851612	0.029048	0.000000	0.000000	0.000000
274	0.000000	0.000000	0.000000	0.118975	0.851919	0.029106	0.000000	0.000000	0.000000
275	0.000000	0.000000	0.000000	0.119173	0.851842	0.028985	0.000000	0.000000	0.000000
276	0.000000	0.000000	0.000000	0.118998	0.852106	0.028896	0.000000	0.000000	0.000000
277	0.000000	0.000000	0.000000	0.118956	0.852251	0.028793	0.000000	0.000000	0.000000
278	0.000000	0.000000	0.000000	0.119124	0.852034	0.028842	0.000000	0.000000	0.000000
279	0.000000	0.000000	0.000000	0.119221	0.851898	0.028881	0.000000	0.000000	0.000000
280	0.000000	0.000000	0.000000	0.119323	0.851918	0.028759	0.000000	0.000000	0.000000
281	0.000000	0.000000	0.000000	0.119042	0.852262	0.028696	0.000000	0.000000	0.000000
282	0.000000	0.000000	0.000000	0.119385	0.852139	0.028476	0.000000	0.000000	0.000000
283	0.000000	0.000000	0.000000	0.119033	0.852692	0.028275	0.000000	0.000000	0.000000
284	0.000000	0.000000	0.000000	0.118939	0.852724	0.028337	0.000000	0.000000	0.000000
285	0.000000	0.000000	0.000000	0.118982	0.852694	0.028324	0.000000	0.000000	0.000000
286	0.000000	0.000000	0.000000	0.118955	0.852521	0.028524	0.000000	0.000000	0.000000
287	0.000000	0.000000	0.000000	0.119212	0.852513	0.028275	0.000000	0.000000	0.000000
288	0.000000	0.000000	0.000000	0.119293	0.852376	0.028331	0.000000	0.000000	0.000000
289	0.000000	0.000000	0.000000	0.119744	0.851854	0.028402	0.000000	0.000000	0.000000
290	0.000000	0.000000	0.000000	0.120007	0.851470	0.028523	0.000000	0.000000	0.000000
291	0.000000	0.000000	0.000000	0.119907	0.851551	0.028542	0.000000	0.000000	0.000000
292	0.000000	0.000000	0.000000	0.120039	0.851792	0.028169	0.000000	0.000000	0.000000
293	0.000000	0.000000	0.000000	0.120055	0.851784	0.028161	0.000000	0.000000	0.000000
294	0.000000	0.000000	0.000000	0.119843	0.851947	0.028210	0.000000	0.000000	0.000000
295	0.000000	0.000000	0.000000	0.119768	0.852067	0.028165	0.000000	0.000000	0.000000
296	0.000000	0.000000	0.000000	0.119724	0.852127	0.028149	0.000000	0.000000	0.000000
297	0.000000	0.000000	0.000000	0.119491	0.852301	0.028208	0.000000	0.000000	0.000000
298	0.000000	0.000000	0.000000	0.119229	0.852568	0.028203	0.000000	0.000000	0.000000
299	0.000000	0.000000	0.000000	0.119247	0.852729	0.028024	0.000000	0.000000	0.000000
300	0.000000	0.000000	0.000000	0.119417	0.852567	0.028016	0.000000	0.000000	0.000000
301	0.000000	0.000000	0.000000	0.119482	0.852661	0.027857	0.000000	0.000000	0.000000
302	0.000000	0.000000	0.000000	0.119410	0.852631	0.027959	0.000000	0.000000	0.000000
303	0.000000	0.000000	0.000000	0.119374	0.852853	0.027773	0.000000	0.000000	0.000000
304	0.000000	0.000000	0.000000	0.119135	0.853016	0.027849	0.000000	0.000000	0.000000
305	0.000000	0.000000	0.000000	0.118938	0.853292	0.027770	0.000000	0.000000	0.000000
306	0.000000	0.000000	0.000000	0.119168	0.852913	0.027919	0.000000	0.000000	0.000000
307	0.000000	0.000000	0.000000	0.119000	0.852987	0.028013	0.000000	0.000000	0.000000
308	0.000000	0.000000	0.000000	0.119322	0.852696	0.027982	0.000000	0.000000	0.000000
309	0.000000	0.000000	0.000000	0.119472	0.852596	0.027932	0.000000	0.000000	0.000000
310	0.000000	0.000000	0.000000	0.119218	0.852780	0.028002	0.000000	0.000000	0.000000
311	0.000000	0.000000	0.000000	0.119126	0.852829	0.028045	0.000000	0.000000	0.000000
312	0.000000	0.000000	0.000000	0.118950	0.853096	0.027954	0.000000	0.000000	0.000000
313	0.000000	0.000000	0.000000	0.119114	0.852850	0.028036	0.000000	0.000000	0.000000
314	0.000000	0.000000	0.000000	0.119196	0.852671	0.028133	0.000000	0.000000	0.000000
315	0.000000	0.000000	0.000000	0.119060	0.853033	0.027907	0.000000	0.000000	0.000000
316	0.000000	0.000000	0.000000	0.118984	0.852962	0.028054	0.000000	0.000000	0.000000
317	0.000000	0.000000	0.000000	0.118794	0.853288	0.027918	0.000000	0.000000	0.000000
318	0.000000	0.000000	0.000000	0.118791	0.853222	0.027987	0.000000	0.000000	0.000000
319	0.000000	0.000000	0.000000	0.119002	0.852955	0.028043	0.000000	0.000000	0.000000
320	0.000000	0.000000	0.000000	0.118788	0.853112	0.028100	0.000000	0.000000	0.000000
321	0.000000	0.000000	0.000000	0.119014	0.853031	0.027955	0.000000	0.000000	0.000000
322	0.000000	0.000000	0.000000	0.119255	0.852719	0.028026	0.000000	0.000000	0.000000
323	0.000000	0.000000	0.000000	0.119139	0.852852	0.028009	0.000000	0.000000	0.000000
324	0.000000	0.000000	0.000000	0.119253	0.852832	0.027915	0.000000	0.000000	0.000000
325	0.000000	0.000000	0.000000	0.119506	0.852748	0.027746	0.000000	0.000000	0.000000
326	0.000000	0.000000	0.000000	0.119178	0.852856	0.027966	0.000000	0.000000	0.000000
327	0.000000	0.000000	0.000000	0.118797	0.853131	0.028072	0.000000	0.000000	0.000000
328	0.000000	0.000000	0.000000	0.118913	0.852888	0.028199	0.000000	0.000000	0.000000
329	0.000000	0.000000	0.000000	0.118461	0.853387	0.028152	0.000000	0.000000	0.000000
330	0.000000	0.000000	0.000000	0.118568	0.853311	0.028121	0.000000	0.000000	0.000000
331	0.000000	0.000000	0.000000	0.118275	0.853798	0.027927	0.000000	0.000000	0.000000
332	0.000000	0.000000	0.000000	0.118805	0.853323	0.027872	0.000000	0.000000	0.000000
333	0.000000	0.000000	0.000000	0.118790	0.853473	0.027737	0.000000	0.000000	0.000000
334	0.000000	0.000000	0.000000	0.118837	0.853338	0.027825	0.000000	0.000000	0.000000
335	0.000000	0.000000	0.000000	0.118903	0.853434	0.027663	0.000000	0.000000	0.000000
336	0.000000	0.000000	0.000000	0.118913	0.853329	0.027758	0.000000	0.000000	0.000000
337	0.000000	0.000000	0.000000	0.118205	0.853881	0.027914	0.000000	0.000000	0.000000
338	0.000000	0.000000	0.000000	0.118534	0.853508	0.027958	0.000000	0.000000	0.000000
339	0.000000	0.000000	0.000000	0.118700	0.853470	0.027830	0.000000	0.000000	0.000000
340	0.000000	0.000000	0.000000	0.118831	0.853234	0.027935	0.000000	0.000000	0.000000
341	0.000000	0.000000	0.000000	0.118757	0.853527	0.027716	0.000000	0.000000	0.000000
342	0.000000	0.000000	0.000000	0.118612	0.853456	0.027932	0.000000	0.000000	0.000000
343	0.000000	0.000000	0.000000	0.118373	0.853646	0.027981	0.000000	0.000000	0.000000
344	0.000000	0.000000	0.000000	0.118459	0.853766	0.027775	0.000000	0.000000	0.000000
345	0.000000	0.000000	0.000000	0.118092	0.854233	0.027675	0.000000	0.000000	0.000000
346	0.000000	0.000000	0.000000	0.118302	0.853794	0.027904	0.000000	0.000000	0.000000
347	0.000000	0.000000	0.000000	0.118671	0.853437	0.027892	0.000000	0.000000	0.000000
348	0.000000	0.000000	0.000000	0.118654	0.853573	0.027773	0.000000	0.000000	0.000000
349	0.000000	0.000000	0.000000	0.118826	0.853495	0.027679	0.000000	0.000000	0.000000
350	0.000000	0.000000	0.000000	0.119444	0.853029	0.027527	0.000000	0.000000	0.000000
351	0.000000	0.000000	0.000000	0.120062	0.852500	0.027438	0.000000	0.000000	0.000000
352	0.000000	0.000000	0.000000	0.119637	0.852870	0.027493	0.000000	0.000000	0.000000
353	0.000000	0.000000	0.000000	0.119923	0.852633	0.027444	0.000000	0.000000	0.000000
354	0.000000	0.000000	0.000000	0.119797	0.852683	0.027520	0.000000	0.000000	0.000000
355	0.000000	0.000000	0.000000	0.119944	0.852583	0.027473	0.000000	0.000000	0.000000
356	0.000000	0.000000	0.000000	0.119595	0.853172	0.027233	0.000000	0.000000	0.000000
357	0.000000	0.000000	0.000000	0.119293	0.853273	0.027434	0.000000	0.000000	0.000000
358	0.000000	0.000000	0.000000	0.119157	0.853515	0.027328	0.000000	0.000000	0.000000
359	0.000000	0.000000	0.000000	0.119166	0.853373	0.027461	0.000000	0.000000	0.000000
360	0.000000	0.000000	0.000000	0.119712	0.852885	0.027403	0.000000	0.000000	0.000000
361	0.000000	0.000000	0.000000	0.119481	0.853275	0.027244	0.000000	0.000000	0.000000
362	0.000000	0.000000	0.000000	0.119333	0.853319	0.027348	0.000000	0.000000	0.000000
363	0.000000	0.000000	0.000000	0.119400	0.853205	0.027395	0.000000	0.000000	0.000000
364	0.000000	0.000000	0.000000	0.119377	0.852974	0.027649	0.000000	0.000000	0.000000
365	0.000000	0.000000	0.000000	0.119108	0.853310	0.027582	0.000000	0.000000	0.000000
366	0.000000	0.000000	0.000000	0.119499	0.853102	0.027399	0.000000	0.000000	0.000000
367	0.000000	0.000000	0.000000	0.119732	0.852840	0.027428	0.000000	0.000000	0.000000
368	0.000000	0.000000	0.000000	0.119813	0.852602	0.027585	0.000000	0.000000	0.000000
369	0.000000	0.000000	0.000000	0.119416	0.852995	0.027589	0.000000	0.000000	0.000000
370	0.000000	0.000000	0.000000	0.119601	0.853016	0.027383	0.000000	0.000000	0.000000
371	0.000000	0.000000	0.000000	0.119648	0.852788	0.027564	0.000000	0.000000	0.000000
372	0.000000	0.000000	0.000000	0.119512	0.853102	0.027386	0.000000	0.000000	0.000000
373	0.000000	0.000000	0.000000	0.119762	0.852666	0.027572	0.000000	0.000000	0.000000
374	0.000000	0.000000	0.000000	0.119910	0.852584	0.027506	0.000000	0.000000	0.000000
375	0.000000	0.000000	0.000000	0.119651	0.852774	0.027575	0.000000	0.000000	0.000000
376	0.000000	0.000000	0.000000	0.119504	0.852873	0.027623	0.000000	0.000000	0.000000
377	0.000000	0.000000	0.000000	0.119741	0.852751	0.027508	0.000000	0.000000	0.000000
378	0.000000	0.000000	0.000000	0.120030	0.852754	0.027216	0.000000	0.000000	0.000000
379	0.000000	0.000000	0.000000	0.120086	0.852515	0.027399	0.000000	0.000000	0.000000
380	0.000000	0.000000	0.000000	0.120647	0.852053	0.027300	0.000000	0.000000	0.000000
381	0.000000	0.000000	0.000000	0.120511	0.852256	0.027233	0.000000	0.000000	0.000000
382	0.000000	0.000000	0.000000	0.120531	0.852273	0.027196	0.000000	0.000000	0.000000
383	0.000000	0.000000	0.000000	0.120794	0.851958	0.027248	0.000000	0.000000	0.000000
384	0.000000	0.000000	0.000000	0.120520	0.852171	0.027309	0.000000	0.000000	0.000000
385	0.000000	0.000000	0.000000	0.121006	0.851829	0.027165	0.000000	0.000000	0.000000
386	0.000000	0.000000	0.000000	0.120828	0.851997	0.027175	0.000000	0.000000	0.000000
387	0.000000	0.000000	0.000000	0.120449	0.852306	0.027245	0.000000	0.000000	0.000000
388	0.000000	0.000000	0.000000	0.120702	0.852052	0.027246	0.000000	0.000000	0.000000
389	0.000000	0.000000	0.000000	0.120581	0.852071	0.027348	0.000000	0.000000	0.000000
390	0.000000	0.000000	0.000000	0.120437	0.852116	0.027447	0.000000	0.000000	0.000000
391	0.000000	0.000000	0.000000	0.120401	0.852255	0.027344	0.000000	0.000000	0.000000
392	0.000000	0.000000	0.000000	0.120669	0.852098	0.027233	0.000000	0.000000	0.000000
393	0.000000	0.000000	0.000000	0.120481	0.852051	0.027468	0.000000	0.000000	0.000000
394	0.000000	0.000000	0.000000	0.120991	0.851589	0.027420	0.000000	0.000000	0.000000
395	0.000000	0.000000	0.000000	0.121397	0.851011	0.027592	0.000000	0.000000	0.000000
396	0.000000	0.000000	0.000000	0.121132	0.851221	0.027647	0.000000	0.000000	0.000000
397	0.000000	0.000000	0.000000	0.120636	0.851639	0.027725	0.000000	0.000000	0.000000
398	0.000000	0.000000	0.000000	0.120660	0.851663	0.027677	0.000000	0.000000	0.000000
399	0.000000	0.000000	0.000000	0.120494	0.852086	0.027420	0.000000	0.000000	0.000000
400	0.000000	0.000000	0.000000	0.120314	0.852307	0.027379	0.000000	0.000000	0.000000
401	0.000000	0.000000	0.000000	0.120744	0.851998	0.027258	0.000000	0.000000	0.000000
402	0.000000	0.000000	0.000000	0.120874	0.851837	0.027289	0.000000	0.000000	0.000000
403	0.000000	0.000000	0.000000	0.121198	0.851360	0.027442	0.000000	0.000000	0.000000
404	0.000000	0.000000	0.000000	0.121306	0.851188	0.027506	0.000000	0.000000	0.000000
405	0.000000	0.000000	0.000000	0.121428	0.851192	0.027380	0.000000	0.000000	0.000000
406	0.000000	0.000000	0.000000	0.121189	0.851403	0.027408	0.000000	0.000000	0.000000
407	0.000000	0.000000	0.000000	0.121497	0.851063	0.027440	0.000000	0.000000	0.000000
408	0.000000	0.000000	0.000000	0.121200	0.851424	0.027376	0.000000	0.000000	0.000000
409	0.000000	0.000000	0.000000	0.121270	0.851496	0.027234	0.000000	0.000000	0.000000
410	0.000000	0.000000	0.000000	0.121037	0.851763	0.027200	0.000000	0.000000	0.000000
411	0.000000	0.000000	0.000000	0.121178	0.851642	0.027180	0.000000	0.000000	0.000000
412	0.000000	0.000000	0.000000	0.121132	0.851829	0.027039	0.000000	0.000000	0.000000
413	0.000000	0.000000	0.000000	0.121069	0.852059	0.026872	0.000000	0.000000	0.000000
414	0.000000	0.000000	0.000000	0.121081	0.852063	0.026856	0.000000	0.000000	0.000000
415	0.000000	0.000000	0.000000	0.121142	0.852061	0.026797	0.000000	0.000000	0.000000
416	0.000000	0.000000	0.000000	0.121146	0.852331	0.026523	0.000000	0.000000	0.000000
417	0.000000	0.000000	0.000000	0.121083	0.852277	0.026640	0.000000	0.000000	0.000000
418	0.000000	0.000000	0.000000	0.120976	0.852100	0.026924	0.000000	0.000000	0.000000
419	0.000000	0.000000	0.000000	0.121135	0.851834	0.027031	0.000000	0.000000	0.000000
420	0.000000	0.000000	0.000000	0.121095	0.851807	0.027098	0.000000	0.000000	0.000000
421	0.000000	0.000000	0.000000	0.121153	0.851758	0.027089	0.000000	0.000000	0.000000
422	0.000000	0.000000	0.000000	0.120783	0.852150	0.027067	0.000000	0.000000	0.000000
423	0.000000	0.000000	0.000000	0.120787	0.852285	0.026928	0.000000	0.000000	0.000000
424	0.000000	0.000000	0.000000	0.120218	0.852780	0.027002	0.000000	0.000000	0.000000
425	0.000000	0.000000	0.000000	0.120356	0.852685	0.026959	0.000000	0.000000	0.000000
426	0.000000	0.000000	0.000000	0.120290	0.852831	0.026879	0.000000	0.000000	0.000000
427	0.000000	0.000000	0.000000	0.120163	0.853008	0.026829	0.000000	0.000000	0.000000
428	0.000000	0.000000	0.000000	0.120162	0.852949	0.026889	0.000000	0.000000	0.000000
429	0.000000	0.000000	0.000000	0.119938	0.853251	0.026811	0.000000	0.000000	0.000000
430	0.000000	0.000000	0.000000	0.119995	0.853093	0.026912	0.000000	0.000000	0.000000
431	0.000000	0.000000	0.000000	0.120755	0.852310	0.026935	0.000000	0.000000	0.000000
432	0.000000	0.000000	0.000000	0.120740	0.852247	0.027013	0.000000	0.000000	0.000000
433	0.000000	0.000000	0.000000	0.120479	0.852660	0.026861	0.000000	0.000000	0.000000
434	0.000000	0.000000	0.000000	0.120634	0.852560	0.026806	0.000000	0.000000	0.000000
435	0.000000	0.000000	0.000000	0.120585	0.852457	0.026958	0.000000	0.000000	0.000000
436	0.000000	0.000000	0.000000	0.120494	0.852499	0.027007	0.000000	0.000000	0.000000
437	0.000000	0.000000	0.000000	0.120713	0.852367	0.026920	0.000000	0.000000	0.000000
438	0.000000	0.000000	0.000000	0.120890	0.852261	0.026849	0.000000	0.000000	0.000000
439	0.000000	0.000000	0.000000	0.120565	0.852490	0.026945	0.000000	0.000000	0.000000
440	0.000000	0.000000	0.000000	0.120191	0.852780	0.027029	0.000000	0.000000	0.000000
441	0.000000	0.000000	0.000000	0.119886	0.852866	0.027248	0.000000	0.000000	0.000000
442	0.000000	0.000000	0.000000	0.120052	0.852792	0.027156	0.000000	0.000000	0.000000
443	0.000000	0.000000	0.000000	0.120179	0.852561	0.027260	0.000000	0.000000	0.000000
444	0.000000	0.000000	0.000000	0.120051	0.852770	0.027179	0.000000	0.000000	0.000000
445	0.000000	0.000000	0.000000	0.120017	0.852622	0.027361	0.000000	0.000000	0.000000
446	0.000000	0.000000	0.000000	0.120146	0.852429	0.027425	0.000000	0.000000	0.000000
447	0.000000	0.000000	0.000000	0.120161	0.852630	0.027209	0.000000	0.000000	0.000000
448	0.000000	0.000000	0.000000	0.120268	0.852556	0.027176	0.000000	0.000000	0.000000
449	0.000000	0.000000	0.000000	0.119965	0.853005	0.027030	0.000000	0.000000	0.000000
450	0.000000	0.000000	0.000000	0.119850	0.853169	0.026981	0.000000	0.000000	0.000000
451	0.000000	0.000000	0.000000	0.119753	0.853115	0.027132	0.000000	0.000000	0.000000
452	0.000000	0.000000	0.000000	0.119732	0.852991	0.027277	0.000000	0.000000	0.000000
453	0.000000	0.000000	0.000000	0.119622	0.853167	0.027211	0.000000	0.000000	0.000000
454	0.000000	0.000000	0.000000	0.119584	0.853281	0.027135	0.000000	0.000000	0.000000
455	0.000000	0.000000	0.000000	0.119445	0.853296	0.027259	0.000000	0.000000	0.000000
456	0.000000	0.000000	0.000000	0.119095	0.853499	0.027406	0.000000	0.000000	0.000000
457	0.000000	0.000000	0.000000	0.119047	0.853473	0.027480	0.000000	0.000000	0.000000
458	0.000000	0.000000	0.000000	0.118714	0.853726	0.027560	0.000000	0.000000	0.000000
459	0.000000	0.000000	0.000000	0.118708	0.853728	0.027564	0.000000	0.000000	0.000000
460	0.000000	0.000000	0.000000	0.118173	0.854439	0.027388	0.000000	0.000000	0.000000
461	0.000000	0.000000	0.000000	0.118628	0.853825	0.027547	0.000000	0.000000	0.000000
462	0.000000	0.000000	0.000000	0.118517	0.853863	0.027620	0.000000	0.000000	0.000000
463	0.000000	0.000000	0.000000	0.118555	0.853900	0.027545	0.000000	0.000000	0.000000
464	0.000000	0.000000	0.000000	0.118422	0.854020	0.027558	0.000000	0.000000	0.000000
465	0.000000	0.000000	0.000000	0.118472	0.853922	0.027606	0.000000	0.000000	0.000000
466	0.000000	0.000000	0.000000	0.118048	0.854590	0.027362	0.000000	0.000000	0.000000
467	0.000000	0.000000	0.000000	0.117837	0.854767	0.027396	0.000000	0.000000	0.000000
468	0.000000	0.000000	0.000000	0.117812	0.854465	0.027723	0.000000	0.000000	0.000000
469	0.000000	0.000000	0.000000	0.117575	0.854764	0.027661	0.000000	0.000000	0.000000
470	0.000000	0.000000	0.000000	0.117596	0.854727	0.027677	0.000000	0.000000	0.000000
