0	0.290663	0.057897	0.229473	0.157588	0.029913	0.111872	0.085455	0.012259	0.024880
1	0.227080	0.047599	0.197990	0.135744	0.028046	0.118861	0.125170	0.024333	0.095177
2	0.224057	0.046414	0.193325	0.127886	0.027884	0.112553	0.130886	0.025753	0.111242
3	0.227744	0.045869	0.190465	0.121017	0.028034	0.105050	0.132986	0.026008	0.122827
4	0.232016	0.045861	0.187242	0.115897	0.028247	0.097223	0.134505	0.025692	0.133317
5	0.237592	0.045827	0.184345	0.110518	0.028621	0.089533	0.134556	0.025411	0.143597
6	0.244275	0.045693	0.180155	0.105598	0.029227	0.082254	0.134243	0.024889	0.153666
7	0.250509	0.045430	0.176609	0.100457	0.029998	0.075658	0.133348	0.024523	0.163468
8	0.256874	0.045219	0.171377	0.096085	0.030706	0.069862	0.133064	0.023917	0.172896
9	0.263610	0.045167	0.166195	0.091735	0.031742	0.064335	0.131577	0.023464	0.182175
10	0.270218	0.045195	0.161605	0.087768	0.032886	0.058908	0.129685	0.022615	0.191120
11	0.275473	0.045155	0.157117	0.084061	0.033958	0.054075	0.127723	0.022076	0.200362
12	0.282609	0.044909	0.152127	0.080757	0.035174	0.049231	0.125253	0.021352	0.208588
13	0.288440	0.045022	0.147606	0.076946	0.036485	0.045120	0.122916	0.020918	0.216547
14	0.294255	0.044802	0.142981	0.074058	0.037874	0.041195	0.119747	0.020323	0.224765
15	0.299973	0.044610	0.138115	0.070908	0.039197	0.037725	0.117051	0.019822	0.232599
16	0.305730	0.044592	0.133492	0.067751	0.040684	0.034488	0.114016	0.019254	0.239993
17	0.311392	0.044288	0.128371	0.065096	0.042131	0.031767	0.111127	0.018638	0.247190
18	0.316476	0.044502	0.123766	0.062555	0.043439	0.029173	0.108194	0.018062	0.253833
19	0.321702	0.044209	0.119232	0.060160	0.044943	0.026840	0.105384	0.017328	0.260202
20	0.326892	0.044179	0.115028	0.057716	0.046510	0.024799	0.102197	0.016787	0.265892
21	0.331566	0.044082	0.110532	0.055409	0.047925	0.022621	0.099608	0.016083	0.272174
22	0.336016	0.044299	0.106143	0.052958	0.049687	0.020749	0.096707	0.015416	0.278025
23	0.340714	0.044371	0.101544	0.050434	0.051490	0.018926	0.094098	0.014963	0.283460
24	0.344824	0.044159	0.097441	0.048272	0.053315	0.017376	0.091280	0.014180	0.289153
25	0.348948	0.043981	0.093610	0.046291	0.055051	0.015828	0.087990	0.013645	0.294656
26	0.352941	0.043788	0.089606	0.044640	0.057007	0.014675	0.084718	0.013046	0.299579
27	0.357109	0.043283	0.085874	0.042553	0.058592	0.013585	0.082429	0.012394	0.304181
28	0.360806	0.043004	0.082509	0.040621	0.060815	0.012360	0.079148	0.011704	0.309033
29	0.364586	0.042842	0.078944	0.039004	0.062910	0.011377	0.075960	0.011106	0.313271
30	0.367717	0.042545	0.075597	0.037415	0.064760	0.010505	0.073518	0.010651	0.317292
31	0.370334	0.042282	0.072220	0.035830	0.066987	0.009637	0.070787	0.010267	0.321656
32	0.373914	0.042264	0.069000	0.034114	0.069405	0.008830	0.067686	0.009750	0.325037
33	0.377408	0.041371	0.065898	0.032683	0.071669	0.008079	0.065185	0.009359	0.328348
34	0.380712	0.040944	0.062748	0.031469	0.073926	0.007413	0.062645	0.008962	0.331181
35	0.383128	0.040439	0.059555	0.030242	0.076247	0.006836	0.060626	0.008503	0.334424
36	0.385827	0.039924	0.056851	0.029164	0.078711	0.006222	0.057982	0.008229	0.337090
37	0.387969	0.039680	0.054030	0.028035	0.081603	0.005681	0.055511	0.007792	0.339699
38	0.390358	0.039345	0.051526	0.026766	0.084352	0.005370	0.053554	0.007371	0.341358
39	0.392337	0.038672	0.049197	0.025958	0.086811	0.004907	0.051160	0.007040	0.343918
40	0.394113	0.038291	0.046612	0.024932	0.089353	0.004741	0.049278	0.006861	0.345819
41	0.395923	0.037937	0.044433	0.023996	0.092023	0.004320	0.047175	0.006482	0.347711
42	0.396932	0.037366	0.042120	0.023005	0.095198	0.004065	0.045215	0.006148	0.349951
43	0.398873	0.036679	0.039911	0.022090	0.098188	0.003710	0.043344	0.005831	0.351374
44	0.400285	0.036359	0.037748	0.021311	0.100800	0.003439	0.041385	0.005633	0.353040
45	0.401482	0.035749	0.036150	0.020757	0.103985	0.003263	0.039701	0.005384	0.353529
46	0.402725	0.035344	0.034274	0.020008	0.106677	0.003011	0.037904	0.005155	0.354902
47	0.403642	0.034740	0.032591	0.019435	0.109498	0.002803	0.036302	0.004955	0.356034
48	0.403955	0.034389	0.031064	0.018925	0.112744	0.002567	0.034887	0.004657	0.356812
49	0.404487	0.034071	0.029709	0.018422	0.115850	0.002387	0.033380	0.004452	0.357242
50	0.405438	0.033407	0.028177	0.017776	0.119013	0.002197	0.032208	0.004278	0.357506
51	0.405879	0.033026	0.026843	0.017234	0.122574	0.002056	0.030491	0.004106	0.357791
52	0.406010	0.032899	0.025532	0.016631	0.125667	0.001928	0.029244	0.003822	0.358267
53	0.405935	0.032328	0.024472	0.016085	0.129095	0.001811	0.027960	0.003738	0.358576
54	0.406604	0.031832	0.023315	0.015652	0.132562	0.001647	0.026767	0.003536	0.358085
55	0.406109	0.031397	0.022283	0.015200	0.136085	0.001533	0.025506	0.003337	0.358550
56	0.405370	0.030908	0.021087	0.015006	0.139755	0.001477	0.024314	0.003205	0.358878
57	0.405140	0.030594	0.020017	0.014546	0.143411	0.001375	0.023277	0.003065	0.358575
58	0.405152	0.030371	0.019020	0.014228	0.147125	0.001271	0.022287	0.002939	0.357607
59	0.404344	0.029709	0.018027	0.013706	0.150988	0.001152	0.021388	0.002759	0.357927
60	0.403928	0.029256	0.016901	0.013293	0.155159	0.001115	0.020384	0.002642	0.357322
61	0.403274	0.028775	0.016093	0.012852	0.158923	0.001021	0.019327	0.002441	0.357294
62	0.401909	0.028369	0.015404	0.012624	0.162817	0.000969	0.018323	0.002337	0.357248
63	0.401005	0.028015	0.014590	0.012141	0.166911	0.000890	0.017521	0.002243	0.356684
64	0.399675	0.027575	0.013901	0.011960	0.170805	0.000813	0.016644	0.002156	0.356471
65	0.399051	0.026943	0.013310	0.011828	0.175139	0.000785	0.015993	0.002076	0.354875
66	0.397672	0.026304	0.012745	0.011588	0.179297	0.000747	0.015178	0.002008	0.354461
67	0.396740	0.025979	0.012193	0.011408	0.183045	0.000712	0.014419	0.001908	0.353596
68	0.395415	0.025545	0.011640	0.011109	0.187521	0.000657	0.013792	0.001784	0.352537
69	0.394195	0.025150	0.011068	0.010702	0.192081	0.000660	0.013297	0.001685	0.351162
70	0.392619	0.024591	0.010585	0.010707	0.196262	0.000647	0.012666	0.001565	0.350358
71	0.391108	0.024096	0.010087	0.010448	0.201035	0.000588	0.012117	0.001494	0.349027
72	0.389512	0.023553	0.009512	0.010252	0.205435	0.000571	0.011549	0.001416	0.348200
73	0.388370	0.023213	0.008942	0.010026	0.210006	0.000539	0.010885	0.001305	0.346714
74	0.386071	0.022849	0.008496	0.009756	0.214770	0.000504	0.010468	0.001285	0.345801
75	0.384474	0.022319	0.008136	0.009664	0.219534	0.000502	0.010021	0.001175	0.344175
76	0.383101	0.021903	0.007768	0.009560	0.224104	0.000492	0.009552	0.001099	0.342421
77	0.380774	0.021642	0.007459	0.009377	0.228698	0.000440	0.009151	0.001056	0.341403
78	0.378258	0.021333	0.007085	0.009167	0.233764	0.000406	0.008646	0.001022	0.340319
79	0.376295	0.021146	0.006599	0.009167	0.238134	0.000391	0.008183	0.000955	0.339130
80	0.374439	0.020848	0.006380	0.009043	0.243062	0.000380	0.007694	0.000932	0.337222
81	0.371596	0.020362	0.006073	0.008899	0.248213	0.000351	0.007397	0.000900	0.336209
82	0.370134	0.020084	0.005724	0.008662	0.253153	0.000349	0.007025	0.000863	0.334006
83	0.367582	0.019421	0.005402	0.008713	0.258101	0.000369	0.006701	0.000846	0.332865
84	0.365280	0.019400	0.005110	0.008637	0.263289	0.000349	0.006292	0.000780	0.330863
85	0.362657	0.018989	0.004807	0.008445	0.268513	0.000320	0.006005	0.000734	0.329530
86	0.360723	0.018609	0.004576	0.008220	0.273442	0.000301	0.005751	0.000731	0.327647
87	0.358585	0.018096	0.004373	0.008132	0.278826	0.000297	0.005490	0.000698	0.325503
88	0.356274	0.017706	0.004200	0.008017	0.283888	0.000288	0.005310	0.000647	0.323670
89	0.354006	0.017279	0.004020	0.007935	0.288916	0.000264	0.005116	0.000600	0.321864
90	0.351666	0.017062	0.003869	0.007915	0.293910	0.000295	0.004935	0.000546	0.319802
91	0.349276	0.016719	0.003725	0.007877	0.299201	0.000290	0.004694	0.000510	0.317708
92	0.346569	0.016449	0.003579	0.007718	0.304643	0.000274	0.004510	0.000487	0.315771
93	0.343864	0.016037	0.003439	0.007716	0.309566	0.000273	0.004384	0.000448	0.314273
94	0.341474	0.015737	0.003245	0.007688	0.314952	0.000248	0.004133	0.000427	0.312096
95	0.339041	0.015408	0.003100	0.007662	0.320006	0.000262	0.004003	0.000407	0.310111
96	0.336748	0.015059	0.002960	0.007569	0.325153	0.000224	0.003982	0.000390	0.307915
97	0.334683	0.014739	0.002893	0.007466	0.330181	0.000242	0.003777	0.000375	0.305644
98	0.331880	0.014387	0.002679	0.007500	0.335707	0.000212	0.003553	0.000342	0.303740
99	0.329601	0.014135	0.002522	0.007497	0.340774	0.000211	0.003386	0.000337	0.301537
100	0.326680	0.013839	0.002372	0.007318	0.346727	0.000199	0.003257	0.000315	0.299293
101	0.324182	0.013574	0.002280	0.007310	0.351954	0.000199	0.003185	0.000309	0.297007
102	0.321796	0.013162	0.002226	0.007319	0.357908	0.000191	0.003034	0.000299	0.294065
103	0.319057	0.013023	0.002042	0.007135	0.363404	0.000197	0.002929	0.000253	0.291960
104	0.316221	0.012672	0.002017	0.007198	0.368795	0.000190	0.002854	0.000237	0.289816
105	0.313272	0.012473	0.001922	0.007088	0.374532	0.000170	0.002755	0.000236	0.287552
106	0.309925	0.012270	0.001832	0.006983	0.380881	0.000184	0.002608	0.000218	0.285099
107	0.307309	0.011966	0.001730	0.006987	0.386520	0.000190	0.002457	0.000213	0.282628
108	0.304381	0.011523	0.001640	0.006941	0.392344	0.000163	0.002409	0.000200	0.280399
109	0.301575	0.011197	0.001589	0.006973	0.397747	0.000154	0.002333	0.000188	0.278244
110	0.298841	0.010965	0.001575	0.006822	0.403588	0.000151	0.002165	0.000176	0.275717
111	0.296544	0.010764	0.001453	0.006667	0.408397	0.000148	0.002093	0.000159	0.273775
112	0.293729	0.010400	0.001342	0.006638	0.414075	0.000149	0.001961	0.000149	0.271557
113	0.290868	0.010205	0.001327	0.006582	0.419881	0.000147	0.001873	0.000132	0.268985
114	0.288058	0.010007	0.001253	0.006563	0.425202	0.000136	0.001807	0.000110	0.266864
115	0.285050	0.009836	0.001233	0.006536	0.430989	0.000148	0.001748	0.000096	0.264364
116	0.281936	0.009526	0.001214	0.006496	0.436741	0.000126	0.001738	0.000092	0.262131
117	0.279544	0.009258	0.001095	0.006378	0.441835	0.000137	0.001623	0.000080	0.260050
118	0.275992	0.009116	0.001032	0.006213	0.447787	0.000138	0.001654	0.000073	0.257995
119	0.273200	0.008978	0.000985	0.006230	0.453168	0.000137	0.001612	0.000068	0.255622
120	0.270051	0.008781	0.000915	0.006260	0.459099	0.000133	0.001532	0.000060	0.253169
121	0.266892	0.008569	0.000895	0.006148	0.464899	0.000138	0.001431	0.000065	0.250963
122	0.264259	0.008357	0.000845	0.006212	0.470522	0.000135	0.001371	0.000067	0.248232
123	0.261276	0.008276	0.000805	0.006206	0.476292	0.000135	0.001322	0.000061	0.245627
124	0.257899	0.008050	0.000828	0.006249	0.481627	0.000118	0.001266	0.000059	0.243904
125	0.254546	0.007809	0.000797	0.006228	0.487559	0.000109	0.001182	0.000063	0.241707
126	0.251486	0.007690	0.000770	0.006223	0.493348	0.000105	0.001138	0.000052	0.239188
127	0.248455	0.007487	0.000747	0.006204	0.498742	0.000117	0.001092	0.000047	0.237109
128	0.245235	0.007221	0.000700	0.006110	0.504798	0.000109	0.001041	0.000037	0.234749
129	0.242228	0.007063	0.000677	0.006059	0.510500	0.000111	0.001038	0.000050	0.232274
130	0.239494	0.006853	0.000645	0.006061	0.515886	0.000124	0.001032	0.000032	0.229873
131	0.236073	0.006692	0.000592	0.006030	0.521950	0.000112	0.000964	0.000028	0.227559
132	0.233368	0.006382	0.000588	0.005929	0.527672	0.000110	0.000900	0.000024	0.225027
133	0.230678	0.006100	0.000544	0.005852	0.533335	0.000089	0.000861	0.000029	0.222512
134	0.227403	0.005989	0.000515	0.005862	0.538885	0.000097	0.000765	0.000027	0.220457
135	0.224523	0.005811	0.000507	0.005900	0.544022	0.000106	0.000730	0.000026	0.218375
136	0.221600	0.005754	0.000470	0.005877	0.549433	0.000112	0.000673	0.000019	0.216062
137	0.218547	0.005592	0.000443	0.005889	0.555321	0.000114	0.000640	0.000018	0.213436
138	0.216013	0.005483	0.000444	0.005827	0.560755	0.000110	0.000593	0.000019	0.210756
139	0.213110	0.005394	0.000441	0.005764	0.566493	0.000103	0.000563	0.000022	0.208110
140	0.210158	0.005099	0.000419	0.005692	0.572148	0.000098	0.000522	0.000019	0.205845
141	0.207269	0.004997	0.000401	0.005681	0.577782	0.000083	0.000505	0.000022	0.203260
142	0.204599	0.004759	0.000396	0.005592	0.583124	0.000082	0.000458	0.000017	0.200973
143	0.201933	0.004569	0.000385	0.005621	0.588257	0.000077	0.000439	0.000010	0.198709
144	0.199059	0.004505	0.000354	0.005619	0.593236	0.000080	0.000428	0.000012	0.196707
145	0.195901	0.004297	0.000345	0.005524	0.598842	0.000087	0.000406	0.000011	0.194587
146	0.193439	0.004097	0.000320	0.005474	0.604616	0.000075	0.000368	0.000011	0.191600
147	0.191021	0.003861	0.000300	0.005502	0.609293	0.000063	0.000331	0.000014	0.189615
148	0.187985	0.003800	0.000269	0.005451	0.614908	0.000051	0.000289	0.000013	0.187234
149	0.185465	0.003633	0.000274	0.005485	0.619538	0.000061	0.000254	0.000009	0.185281
150	0.182682	0.003561	0.000263	0.005521	0.624448	0.000050	0.000260	0.000008	0.183207
151	0.179928	0.003458	0.000255	0.005539	0.629577	0.000046	0.000243	0.000004	0.180950
152	0.177265	0.003420	0.000257	0.005545	0.634521	0.000045	0.000269	0.000009	0.178669
153	0.174247	0.003268	0.000270	0.005519	0.639377	0.000042	0.000237	0.000008	0.177032
154	0.172138	0.003128	0.000271	0.005550	0.643992	0.000050	0.000221	0.000008	0.174642
155	0.169572	0.003081	0.000286	0.005540	0.649459	0.000056	0.000210	0.000006	0.171790
156	0.166648	0.002981	0.000274	0.005589	0.654287	0.000049	0.000212	0.000005	0.169955
157	0.164113	0.002961	0.000272	0.005547	0.659265	0.000043	0.000202	0.000004	0.167593
158	0.161327	0.002920	0.000281	0.005605	0.664411	0.000038	0.000182	0.000002	0.165234
159	0.158799	0.002759	0.000252	0.005586	0.669093	0.000034	0.000155	0.000003	0.163319
160	0.156160	0.002710	0.000238	0.005653	0.674047	0.000037	0.000154	0.000001	0.161000
161	0.153955	0.002532	0.000247	0.005694	0.678500	0.000043	0.000128	0.000003	0.158898
162	0.151371	0.002433	0.000218	0.005586	0.683373	0.000043	0.000114	0.000001	0.156861
163	0.148926	0.002323	0.000205	0.005453	0.688155	0.000043	0.000122	0.000001	0.154772
164	0.146459	0.002221	0.000202	0.005435	0.692608	0.000049	0.000105	0.000001	0.152920
165	0.143966	0.002130	0.000200	0.005423	0.697165	0.000055	0.000097	0.000000	0.150964
166	0.141541	0.002011	0.000197	0.005416	0.701769	0.000058	0.000091	0.000001	0.148916
167	0.139113	0.001926	0.000197	0.005462	0.706333	0.000061	0.000086	0.000000	0.146822
168	0.136791	0.001827	0.000191	0.005351	0.710911	0.000063	0.000092	0.000000	0.144774
169	0.134282	0.001785	0.000184	0.005347	0.715748	0.000060	0.000077	0.000000	0.142517
170	0.131657	0.001653	0.000164	0.005337	0.720362	0.000063	0.000066	0.000000	0.140698
171	0.129411	0.001591	0.000167	0.005308	0.724851	0.000064	0.000065	0.000000	0.138543
172	0.127136	0.001489	0.000168	0.005296	0.729103	0.000068	0.000051	0.000000	0.136689
173	0.124888	0.001451	0.000176	0.005280	0.733430	0.000066	0.000047	0.000000	0.134662
174	0.122495	0.001381	0.000174	0.005236	0.737852	0.000068	0.000049	0.000000	0.132745
175	0.120168	0.001322	0.000173	0.005231	0.742149	0.000068	0.000046	0.000000	0.130843
176	0.117728	0.001248	0.000160	0.005248	0.746590	0.000077	0.000041	0.000000	0.128908
177	0.115474	0.001230	0.000159	0.005263	0.750844	0.000076	0.000040	0.000000	0.126914
178	0.113781	0.001201	0.000143	0.005280	0.754770	0.000061	0.000044	0.000000	0.124720
179	0.111876	0.001140	0.000149	0.005162	0.758889	0.000062	0.000052	0.000000	0.122670
180	0.109948	0.001084	0.000156	0.005133	0.762784	0.000062	0.000048	0.000000	0.120785
181	0.107746	0.001101	0.000163	0.005227	0.766715	0.000055	0.000054	0.000000	0.118939
182	0.105555	0.001035	0.000138	0.005250	0.770738	0.000049	0.000053	0.000000	0.117182
183	0.103557	0.000995	0.000143	0.005278	0.774502	0.000065	0.000063	0.000000	0.115397
184	0.101646	0.000955	0.000140	0.005284	0.778284	0.000048	0.000061	0.000000	0.113582
185	0.099651	0.000959	0.000130	0.005260	0.782170	0.000052	0.000063	0.000000	0.111715
186	0.097817	0.000926	0.000117	0.005331	0.785776	0.000062	0.000064	0.000000	0.109907
187	0.095802	0.000918	0.000129	0.005343	0.789569	0.000055	0.000063	0.000000	0.108121
188	0.093816	0.000934	0.000129	0.005241	0.793237	0.000059	0.000056	0.000000	0.106528
189	0.092078	0.000873	0.000132	0.005259	0.796710	0.000063	0.000055	0.000000	0.104830
190	0.090205	0.000843	0.000132	0.005216	0.800342	0.000057	0.000047	0.000000	0.103158
191	0.088180	0.000785	0.000133	0.005273	0.804110	0.000050	0.000042	0.000000	0.101427
192	0.086486	0.000751	0.000141	0.005161	0.807753	0.000050	0.000045	0.000000	0.099613
193	0.084904	0.000702	0.000143	0.005271	0.811179	0.000040	0.000045	0.000000	0.097716
194	0.083191	0.000690	0.000146	0.005291	0.814857	0.000044	0.000043	0.000000	0.095738
195	0.081579	0.000680	0.000148	0.005191	0.818291	0.000045	0.000039	0.000000	0.094027
196	0.080105	0.000671	0.000151	0.005154	0.821579	0.000048	0.000039	0.000000	0.092253
197	0.078607	0.000650	0.000150	0.005154	0.824818	0.000043	0.000044	0.000000	0.090534
198	0.077144	0.000622	0.000129	0.005162	0.828059	0.000036	0.000049	0.000000	0.088799
199	0.075534	0.000607	0.000129	0.005301	0.831108	0.000034	0.000041	0.000000	0.087246
200	0.073756	0.000595	0.000150	0.005317	0.834228	0.000037	0.000034	0.000000	0.085883
201	0.072083	0.000574	0.000139	0.005189	0.837285	0.000036	0.000026	0.000000	0.084668
202	0.070443	0.000563	0.000117	0.005187	0.840798	0.000039	0.000018	0.000000	0.082835
203	0.069130	0.000567	0.000085	0.005118	0.843717	0.000037	0.000017	0.000000	0.081329
204	0.067777	0.000539	0.000088	0.005122	0.846632	0.000031	0.000022	0.000000	0.079789
205	0.066062	0.000539	0.000084	0.005139	0.849640	0.000031	0.000018	0.000000	0.078487
206	0.064623	0.000507	0.000077	0.005108	0.852746	0.000028	0.000013	0.000000	0.076898
207	0.063289	0.000498	0.000067	0.005170	0.855506	0.000032	0.000012	0.000000	0.075426
208	0.061763	0.000488	0.000071	0.005114	0.858611	0.000040	0.000008	0.000000	0.073905
209	0.060401	0.000454	0.000077	0.005036	0.861458	0.000050	0.000008	0.000000	0.072516
210	0.059084	0.000444	0.000077	0.005060	0.864069	0.000047	0.000006	0.000000	0.071213
211	0.057604	0.000421	0.000055	0.005108	0.866938	0.000049	0.000007	0.000000	0.069818
212	0.056361	0.000419	0.000049	0.005126	0.869580	0.000045	0.000010	0.000000	0.068410
213	0.055130	0.000385	0.000050	0.005056	0.872185	0.000045	0.000012	0.000000	0.067137
214	0.053629	0.000352	0.000051	0.005042	0.874936	0.000047	0.000010	0.000000	0.065933
215	0.052455	0.000356	0.000044	0.005056	0.877508	0.000043	0.000010	0.000000	0.064528
216	0.051133	0.000325	0.000032	0.005127	0.879994	0.000041	0.000015	0.000000	0.063333
217	0.049912	0.000288	0.000032	0.005194	0.882503	0.000047	0.000009	0.000000	0.062015
218	0.048595	0.000253	0.000026	0.005097	0.885104	0.000041	0.000007	0.000000	0.060877
219	0.047332	0.000253	0.000023	0.005074	0.887605	0.000046	0.000006	0.000000	0.059661
220	0.046213	0.000242	0.000014	0.005098	0.889981	0.000041	0.000008	0.000000	0.058403
221	0.045049	0.000235	0.000013	0.005058	0.892429	0.000042	0.000006	0.000000	0.057168
222	0.043802	0.000247	0.000012	0.005061	0.894657	0.000040	0.000006	0.000000	0.056175
223	0.042842	0.000220	0.000015	0.005111	0.896868	0.000034	0.000005	0.000000	0.054905
224	0.041638	0.000207	0.000016	0.005093	0.899304	0.000035	0.000008	0.000000	0.053699
225	0.040538	0.000190	0.000016	0.005113	0.901427	0.000038	0.000004	0.000000	0.052674
226	0.039475	0.000185	0.000010	0.005096	0.903659	0.000040	0.000003	0.000000	0.051532
227	0.038567	0.000184	0.000009	0.005007	0.905660	0.000039	0.000005	0.000000	0.050529
228	0.037556	0.000172	0.000009	0.004954	0.907653	0.000033	0.000009	0.000000	0.049614
229	0.036547	0.000185	0.000012	0.004914	0.909957	0.000043	0.000006	0.000000	0.048336
230	0.035531	0.000161	0.000012	0.004899	0.911981	0.000039	0.000009	0.000000	0.047368
231	0.034663	0.000164	0.000011	0.004889	0.913837	0.000034	0.000010	0.000000	0.046392
232	0.033635	0.000141	0.000010	0.004872	0.916035	0.000042	0.000014	0.000000	0.045251
233	0.032787	0.000128	0.000009	0.004877	0.917835	0.000035	0.000016	0.000000	0.044313
234	0.032020	0.000132	0.000010	0.004836	0.919748	0.000043	0.000013	0.000000	0.043198
235	0.031174	0.000141	0.000008	0.004868	0.921367	0.000040	0.000009	0.000000	0.042393
236	0.030268	0.000126	0.000007	0.004913	0.923217	0.000034	0.000016	0.000000	0.041419
237	0.029364	0.000114	0.000003	0.004944	0.924808	0.000028	0.000012	0.000000	0.040727
238	0.028594	0.000111	0.000005	0.004996	0.926472	0.000041	0.000011	0.000000	0.039770
239	0.027871	0.000105	0.000006	0.005014	0.927822	0.000045	0.000012	0.000000	0.039125
240	0.027074	0.000099	0.000004	0.004987	0.929549	0.000045	0.000014	0.000000	0.038228
241	0.026326	0.000085	0.000003	0.004901	0.931275	0.000044	0.000011	0.000000	0.037355
242	0.025545	0.000085	0.000001	0.004826	0.932929	0.000052	0.000010	0.000000	0.036552
243	0.024702	0.000076	0.000002	0.004878	0.934636	0.000041	0.000011	0.000000	0.035654
244	0.023866	0.000082	0.000000	0.004818	0.936245	0.000041	0.000016	0.000000	0.034932
245	0.023215	0.000088	0.000000	0.004877	0.937684	0.000040	0.000019	0.000000	0.034077
246	0.022693	0.000086	0.000000	0.004908	0.938875	0.000047	0.000015	0.000000	0.033376
247	0.021968	0.000078	0.000000	0.004927	0.940508	0.000044	0.000016	0.000000	0.032459
248	0.021314	0.000072	0.000000	0.004900	0.941879	0.000044	0.000011	0.000000	0.031780
249	0.020682	0.000063	0.000000	0.004902	0.943163	0.000041	0.000017	0.000000	0.031132
250	0.019998	0.000057	0.000000	0.004842	0.944682	0.000047	0.000015	0.000000	0.030359
251	0.019466	0.000052	0.000000	0.004882	0.945885	0.000042	0.000013	0.000000	0.029660
252	0.018948	0.000043	0.000000	0.004864	0.947319	0.000032	0.000012	0.000000	0.028782
253	0.018422	0.000042	0.000000	0.004891	0.948289	0.000035	0.000011	0.000000	0.028310
254	0.018004	0.000041	0.000000	0.004898	0.949378	0.000034	0.000006	0.000000	0.027639
255	0.017394	0.000048	0.000000	0.004924	0.950609	0.000036	0.000006	0.000000	0.026983
256	0.016830	0.000042	0.000000	0.004970	0.951902	0.000027	0.000004	0.000000	0.026225
257	0.016355	0.000038	0.000000	0.004955	0.952933	0.000033	0.000001	0.000000	0.025685
258	0.015807	0.000042	0.000000	0.004978	0.954154	0.000040	0.000004	0.000000	0.024975
259	0.015339	0.000031	0.000000	0.004984	0.955111	0.000042	0.000003	0.000000	0.024490
260	0.014949	0.000028	0.000000	0.004965	0.956142	0.000048	0.000002	0.000000	0.023866
261	0.014426	0.000028	0.000000	0.004921	0.957275	0.000044	0.000001	0.000000	0.023305
262	0.013856	0.000027	0.000000	0.004915	0.958447	0.000044	0.000003	0.000000	0.022708
263	0.013310	0.000020	0.000000	0.004824	0.959587	0.000047	0.000005	0.000000	0.022207
264	0.012820	0.000014	0.000000	0.004842	0.960500	0.000059	0.000004	0.000000	0.021761
265	0.012336	0.000012	0.000000	0.004846	0.961484	0.000053	0.000001	0.000000	0.021268
266	0.011782	0.000017	0.000000	0.004794	0.962611	0.000058	0.000002	0.000000	0.020736
267	0.011274	0.000016	0.000000	0.004725	0.963715	0.000049	0.000003	0.000000	0.020218
268	0.011040	0.000015	0.000000	0.004740	0.964530	0.000044	0.000002	0.000000	0.019629
269	0.010727	0.000008	0.000000	0.004749	0.965406	0.000045	0.000004	0.000000	0.019061
270	0.010441	0.000008	0.000000	0.004756	0.966233	0.000052	0.000002	0.000000	0.018508
271	0.010132	0.000007	0.000000	0.004738	0.967070	0.000046	0.000003	0.000000	0.018004
272	0.009827	0.000007	0.000000	0.004609	0.967954	0.000054	0.000004	0.000000	0.017545
273	0.009395	0.000006	0.000000	0.004617	0.968720	0.000051	0.000002	0.000000	0.017209
274	0.009135	0.000005	0.000000	0.004664	0.969356	0.000048	0.000002	0.000000	0.016790
275	0.008792	0.000005	0.000000	0.004690	0.970036	0.000048	0.000000	0.000000	0.016429
276	0.008400	0.000005	0.000000	0.004655	0.970917	0.000040	0.000000	0.000000	0.015983
277	0.008040	0.000004	0.000000	0.004718	0.971667	0.000045	0.000000	0.000000	0.015526
278	0.007808	0.000001	0.000000	0.004671	0.972334	0.000046	0.000000	0.000000	0.015140
279	0.007496	0.000002	0.000000	0.004698	0.972976	0.000048	0.000000	0.000000	0.014780
280	0.007221	0.000001	0.000000	0.004615	0.973650	0.000042	0.000000	0.000000	0.014471
281	0.006941	0.000000	0.000000	0.004580	0.974316	0.000030	0.000000	0.000000	0.014133
282	0.006639	0.000000	0.000000	0.004592	0.975052	0.000043	0.000000	0.000000	0.013674
283	0.006410	0.000000	0.000000	0.004594	0.975596	0.000036	0.000000	0.000000	0.013364
284	0.006159	0.000000	0.000000	0.004520	0.976360	0.000032	0.000000	0.000000	0.012929
285	0.005917	0.000000	0.000000	0.004522	0.976871	0.000031	0.000000	0.000000	0.012659
286	0.005758	0.000000	0.000000	0.004552	0.977415	0.000028	0.000000	0.000000	0.012247
287	0.005603	0.000000	0.000000	0.004572	0.977943	0.000026	0.000000	0.000000	0.011856
288	0.005388	0.000000	0.000000	0.004555	0.978608	0.000027	0.000000	0.000000	0.011422
289	0.005167	0.000000	0.000000	0.004531	0.979198	0.000035	0.000000	0.000000	0.011069
290	0.004976	0.000000	0.000000	0.004604	0.979683	0.000029	0.000000	0.000000	0.010708
291	0.004810	0.000000	0.000000	0.004645	0.980138	0.000032	0.000000	0.000000	0.010375
292	0.004674	0.000000	0.000000	0.004601	0.980635	0.000032	0.000000	0.000000	0.010058
293	0.004542	0.000000	0.000000	0.004554	0.981094	0.000045	0.000000	0.000000	0.009765
294	0.004378	0.000000	0.000000	0.004583	0.981589	0.000043	0.000000	0.000000	0.009407
295	0.004167	0.000000	0.000000	0.004540	0.982055	0.000036	0.000000	0.000000	0.009202
296	0.003972	0.000000	0.000000	0.004548	0.982434	0.000039	0.000000	0.000000	0.009007
297	0.003709	0.000000	0.000000	0.004448	0.983087	0.000026	0.000000	0.000000	0.008730
298	0.003498	0.000000	0.000000	0.004474	0.983592	0.000023	0.000000	0.000000	0.008413
299	0.003442	0.000000	0.000000	0.004572	0.983843	0.000023	0.000000	0.000000	0.008120
300	0.003268	0.000000	0.000000	0.004584	0.984223	0.000025	0.000000	0.000000	0.007900
301	0.003114	0.000000	0.000000	0.004541	0.984550	0.000030	0.000000	0.000000	0.007765
302	0.003016	0.000000	0.000000	0.004538	0.985043	0.000030	0.000000	0.000000	0.007373
303	0.002862	0.000000	0.000000	0.004667	0.985283	0.000034	0.000000	0.000000	0.007154
304	0.002774	0.000000	0.000000	0.004647	0.985678	0.000029	0.000000	0.000000	0.006872
305	0.002676	0.000000	0.000000	0.004663	0.985994	0.000026	0.000000	0.000000	0.006641
306	0.002565	0.000000	0.000000	0.004664	0.986335	0.000023	0.000000	0.000000	0.006413
307	0.002463	0.000000	0.000000	0.004661	0.986571	0.000026	0.000000	0.000000	0.006279
308	0.002373	0.000000	0.000000	0.004656	0.986868	0.000029	0.000000	0.000000	0.006074
309	0.002243	0.000000	0.000000	0.004532	0.987276	0.000020	0.000000	0.000000	0.005929
310	0.002190	0.000000	0.000000	0.004598	0.987380	0.000022	0.000000	0.000000	0.005810
311	0.002094	0.000000	0.000000	0.004637	0.987672	0.000025	0.000000	0.000000	0.005572
312	0.002062	0.000000	0.000000	0.004584	0.987917	0.000036	0.000000	0.000000	0.005401
313	0.001973	0.000000	0.000000	0.004623	0.988174	0.000023	0.000000	0.000000	0.005207
314	0.001918	0.000000	0.000000	0.004595	0.988497	0.000025	0.000000	0.000000	0.004965
315	0.001879	0.000000	0.000000	0.004627	0.988669	0.000032	0.000000	0.000000	0.004793
316	0.001813	0.000000	0.000000	0.004568	0.988945	0.000030	0.000000	0.000000	0.004644
317	0.001739	0.000000	0.000000	0.004572	0.989107	0.000037	0.000000	0.000000	0.004545
318	0.001676	0.000000	0.000000	0.004539	0.989338	0.000041	0.000000	0.000000	0.004406
319	0.001610	0.000000	0.000000	0.004588	0.989490	0.000034	0.000000	0.000000	0.004278
320	0.001549	0.000000	0.000000	0.004602	0.989736	0.000033	0.000000	0.000000	0.004080
321	0.001485	0.000000	0.000000	0.004589	0.989959	0.000037	0.000000	0.000000	0.003930
322	0.001414	0.000000	0.000000	0.004435	0.990337	0.000041	0.000000	0.000000	0.003773
323	0.001368	0.000000	0.000000	0.004454	0.990512	0.000043	0.000000	0.000000	0.003623
324	0.001320	0.000000	0.000000	0.004422	0.990721	0.000033	0.000000	0.000000	0.003504
325	0.001291	0.000000	0.000000	0.004452	0.990827	0.000033	0.000000	0.000000	0.003397
326	0.001261	0.000000	0.000000	0.004355	0.991045	0.000036	0.000000	0.000000	0.003303
327	0.001212	0.000000	0.000000	0.004309	0.991271	0.000028	0.000000	0.000000	0.003180
328	0.001164	0.000000	0.000000	0.004320	0.991417	0.000026	0.000000	0.000000	0.003073
329	0.001179	0.000000	0.000000	0.004385	0.991485	0.000025	0.000000	0.000000	0.002926
330	0.001100	0.000000	0.000000	0.004349	0.991682	0.000025	0.000000	0.000000	0.002844
331	0.001029	0.000000	0.000000	0.004405	0.991784	0.000025	0.000000	0.000000	0.002757
332	0.001019	0.000000	0.000000	0.004357	0.991909	0.000028	0.000000	0.000000	0.002687
333	0.000956	0.000000	0.000000	0.004340	0.992101	0.000019	0.000000	0.000000	0.002584
334	0.000943	0.000000	0.000000	0.004353	0.992198	0.000019	0.000000	0.000000	0.002487
335	0.000899	0.000000	0.000000	0.004498	0.992165	0.000012	0.000000	0.000000	0.002426
336	0.000872	0.000000	0.000000	0.004499	0.992297	0.000014	0.000000	0.000000	0.002318
337	0.000876	0.000000	0.000000	0.004538	0.992327	0.000009	0.000000	0.000000	0.002250
338	0.000824	0.000000	0.000000	0.004628	0.992414	0.000016	0.000000	0.000000	0.002118
339	0.000815	0.000000	0.000000	0.004686	0.992402	0.000014	0.000000	0.000000	0.002083
340	0.000772	0.000000	0.000000	0.004565	0.992669	0.000013	0.000000	0.000000	0.001981
341	0.000749	0.000000	0.000000	0.004625	0.992705	0.000009	0.000000	0.000000	0.001912
342	0.000729	0.000000	0.000000	0.004595	0.992846	0.000010	0.000000	0.000000	0.001820
343	0.000706	0.000000	0.000000	0.004583	0.992971	0.000009	0.000000	0.000000	0.001731
344	0.000657	0.000000	0.000000	0.004622	0.992999	0.000010	0.000000	0.000000	0.001712
345	0.000644	0.000000	0.000000	0.004685	0.992984	0.000005	0.000000	0.000000	0.001682
346	0.000603	0.000000	0.000000	0.004682	0.993075	0.000005	0.000000	0.000000	0.001635
347	0.000561	0.000000	0.000000	0.004657	0.993194	0.000003	0.000000	0.000000	0.001585
348	0.000538	0.000000	0.000000	0.004620	0.993296	0.000009	0.000000	0.000000	0.001537
349	0.000497	0.000000	0.000000	0.004670	0.993347	0.000010	0.000000	0.000000	0.001476
350	0.000492	0.000000	0.000000	0.004669	0.993376	0.000014	0.000000	0.000000	0.001449
351	0.000444	0.000000	0.000000	0.004744	0.993392	0.000012	0.000000	0.000000	0.001408
352	0.000442	0.000000	0.000000	0.004739	0.993451	0.000012	0.000000	0.000000	0.001356
353	0.000455	0.000000	0.000000	0.004757	0.993500	0.000013	0.000000	0.000000	0.001275
354	0.000419	0.000000	0.000000	0.004810	0.993507	0.000008	0.000000	0.000000	0.001256
355	0.000413	0.000000	0.000000	0.004823	0.993542	0.000012	0.000000	0.000000	0.001210
356	0.000396	0.000000	0.000000	0.004747	0.993680	0.000009	0.000000	0.000000	0.001168
357	0.000381	0.000000	0.000000	0.004765	0.993715	0.000005	0.000000	0.000000	0.001134
358	0.000364	0.000000	0.000000	0.004793	0.993752	0.000006	0.000000	0.000000	0.001085
359	0.000334	0.000000	0.000000	0.004748	0.993844	0.000005	0.000000	0.000000	0.001069
360	0.000322	0.000000	0.000000	0.004763	0.993909	0.000005	0.000000	0.000000	0.001001
361	0.000286	0.000000	0.000000	0.004739	0.994013	0.000005	0.000000	0.000000	0.000957
362	0.000303	0.000000	0.000000	0.004776	0.994002	0.000004	0.000000	0.000000	0.000915
363	0.000292	0.000000	0.000000	0.004751	0.994063	0.000008	0.000000	0.000000	0.000886
364	0.000306	0.000000	0.000000	0.004837	0.993997	0.000010	0.000000	0.000000	0.000850
365	0.000272	0.000000	0.000000	0.004898	0.993980	0.000009	0.000000	0.000000	0.000841
366	0.000262	0.000000	0.000000	0.004930	0.993990	0.000008	0.000000	0.000000	0.000810
367	0.000241	0.000000	0.000000	0.004928	0.994037	0.000014	0.000000	0.000000	0.000780
368	0.000221	0.000000	0.000000	0.004952	0.994061	0.000008	0.000000	0.000000	0.000758
369	0.000193	0.000000	0.000000	0.004988	0.994088	0.000010	0.000000	0.000000	0.000721
370	0.000183	0.000000	0.000000	0.005068	0.994008	0.000010	0.000000	0.000000	0.000731
371	0.000179	0.000000	0.000000	0.004988	0.994132	0.000010	0.000000	0.000000	0.000691
372	0.000172	0.000000	0.000000	0.005039	0.994113	0.000011	0.000000	0.000000	0.000665
373	0.000163	0.000000	0.000000	0.005045	0.994128	0.000010	0.000000	0.000000	0.000654
374	0.000149	0.000000	0.000000	0.005088	0.994102	0.000008	0.000000	0.000000	0.000653
375	0.000143	0.000000	0.000000	0.005210	0.993995	0.000005	0.000000	0.000000	0.000647
376	0.000137	0.000000	0.000000	0.005238	0.993991	0.000007	0.000000	0.000000	0.000627
377	0.000116	0.000000	0.000000	0.005280	0.993986	0.000004	0.000000	0.000000	0.000614
378	0.000106	0.000000	0.000000	0.005272	0.994029	0.000003	0.000000	0.000000	0.000590
379	0.000089	0.000000	0.000000	0.005301	0.994055	0.000000	0.000000	0.000000	0.000555
380	0.000094	0.000000	0.000000	0.005294	0.994080	0.000002	0.000000	0.000000	0.000530
381	0.000085	0.000000	0.000000	0.005275	0.994101	0.000001	0.000000	0.000000	0.000538
382	0.000082	0.000000	0.000000	0.005209	0.994198	0.000003	0.000000	0.000000	0.000508
383	0.000080	0.000000	0.000000	0.005206	0.994188	0.000002	0.000000	0.000000	0.000524
384	0.000074	0.000000	0.000000	0.005255	0.994159	0.000002	0.000000	0.000000	0.000510
385	0.000067	0.000000	0.000000	0.005258	0.994176	0.000001	0.000000	0.000000	0.000498
386	0.000054	0.000000	0.000000	0.005251	0.994211	0.000000	0.000000	0.000000	0.000484
387	0.000048	0.000000	0.000000	0.005229	0.994262	0.000000	0.000000	0.000000	0.000461
388	0.000041	0.000000	0.000000	0.005240	0.994256	0.000000	0.000000	0.000000	0.000463
389	0.000037	0.000000	0.000000	0.005183	0.994349	0.000000	0.000000	0.000000	0.000431
390	0.000030	0.000000	0.000000	0.005126	0.994429	0.000000	0.000000	0.000000	0.000415
391	0.000026	0.000000	0.000000	0.005069	0.994520	0.000000	0.000000	0.000000	0.000385
392	0.000017	0.000000	0.000000	0.005031	0.994582	0.000000	0.000000	0.000000	0.000370
393	0.000014	0.000000	0.000000	0.005020	0.994604	0.000000	0.000000	0.000000	0.000362
394	0.000018	0.000000	0.000000	0.004972	0.994662	0.000000	0.000000	0.000000	0.000348
395	0.000016	0.000000	0.000000	0.004977	0.994681	0.000000	0.000000	0.000000	0.000326
396	0.000015	0.000000	0.000000	0.004942	0.994720	0.000000	0.000000	0.000000	0.000323
397	0.000016	0.000000	0.000000	0.004923	0.994751	0.000000	0.000000	0.000000	0.000310
398	0.000016	0.000000	0.000000	0.004978	0.994703	0.000000	0.000000	0.000000	0.000303
399	0.000015	0.000000	0.000000	0.004862	0.994831	0.000000	0.000000	0.000000	0.000292
400	0.000017	0.000000	0.000000	0.004837	0.994867	0.000000	0.000000	0.000000	0.000279
401	0.000012	0.000000	0.000000	0.004748	0.994980	0.000000	0.000000	0.000000	0.000260
402	0.000008	0.000000	0.000000	0.004714	0.995026	0.000000	0.000000	0.000000	0.000252
403	0.000005	0.000000	0.000000	0.004715	0.995036	0.000000	0.000000	0.000000	0.000244
404	0.000006	0.000000	0.000000	0.004696	0.995068	0.000000	0.000000	0.000000	0.000230
405	0.000005	0.000000	0.000000	0.004663	0.995111	0.000000	0.000000	0.000000	0.000221
406	0.000003	0.000000	0.000000	0.004685	0.995102	0.000000	0.000000	0.000000	0.000210
407	0.000003	0.000000	0.000000	0.004715	0.995080	0.000000	0.000000	0.000000	0.000202
408	0.000000	0.000000	0.000000	0.004680	0.995122	0.000000	0.000000	0.000000	0.000198
409	0.000000	0.000000	0.000000	0.004688	0.995124	0.000000	0.000000	0.000000	0.000188
410	0.000000	0.000000	0.000000	0.004718	0.995105	0.000000	0.000000	0.000000	0.000177
411	0.000000	0.000000	0.000000	0.004618	0.995204	0.000000	0.000000	0.000000	0.000178
412	0.000000	0.000000	0.000000	0.004600	0.995230	0.000000	0.000000	0.000000	0.000170
413	0.000000	0.000000	0.000000	0.004672	0.995157	0.000000	0.000000	0.000000	0.000171
414	0.000000	0.000000	0.000000	0.004668	0.995176	0.000000	0.000000	0.000000	0.000156
415	0.000000	0.000000	0.000000	0.004745	0.995106	0.000000	0.000000	0.000000	0.000149
416	0.000000	0.000000	0.000000	0.004720	0.995137	0.000000	0.000000	0.000000	0.000143
417	0.000000	0.000000	0.000000	0.004638	0.995229	0.000000	0.000000	0.000000	0.000133
418	0.000000	0.000000	0.000000	0.004688	0.995190	0.000000	0.000000	0.000000	0.000122
419	0.000000	0.000000	0.000000	0.004676	0.995206	0.000000	0.000000	0.000000	0.000118
420	0.000000	0.000000	0.000000	0.004659	0.995229	0.000000	0.000000	0.000000	0.000112
421	0.000000	0.000000	0.000000	0.004585	0.995306	0.000000	0.000000	0.000000	0.000109
422	0.000000	0.000000	0.000000	0.004575	0.995311	0.000000	0.000000	0.000000	0.000114
423	0.000000	0.000000	0.000000	0.004648	0.995241	0.000000	0.000000	0.000000	0.000111
424	0.000000	0.000000	0.000000	0.004623	0.995271	0.000000	0.000000	0.000000	0.000106
425	0.000000	0.000000	0.000000	0.004662	0.995237	0.000000	0.000000	0.000000	0.000101
426	0.000000	0.000000	0.000000	0.004592	0.995318	0.000000	0.000000	0.000000	0.000090
427	0.000000	0.000000	0.000000	0.004585	0.995332	0.000000	0.000000	0.000000	0.000083
428	0.000000	0.000000	0.000000	0.004550	0.995377	0.000000	0.000000	0.000000	0.000073
429	0.000000	0.000000	0.000000	0.004501	0.995429	0.000000	0.000000	0.000000	0.000070
430	0.000000	0.000000	0.000000	0.004480	0.995454	0.000000	0.000000	0.000000	0.000066
431	0.000000	0.000000	0.000000	0.004425	0.995508	0.000000	0.000000	0.000000	0.000067
432	0.000000	0.000000	0.000000	0.004415	0.995522	0.000000	0.000000	0.000000	0.000063
433	0.000000	0.000000	0.000000	0.004398	0.995544	0.000000	0.000000	0.000000	0.000058
434	0.000000	0.000000	0.000000	0.004393	0.995554	0.000000	0.000000	0.000000	0.000053
435	0.000000	0.000000	0.000000	0.004371	0.995581	0.000000	0.000000	0.000000	0.000048
436	0.000000	0.000000	0.000000	0.004326	0.995628	0.000000	0.000000	0.000000	0.000046
437	0.000000	0.000000	0.000000	0.004309	0.995651	0.000000	0.000000	0.000000	0.000040
438	0.000000	0.000000	0.000000	0.004339	0.995622	0.000000	0.000000	0.000000	0.000039
439	0.000000	0.000000	0.000000	0.004387	0.995565	0.000000	0.000000	0.000000	0.000048
440	0.000000	0.000000	0.000000	0.004427	0.995521	0.000000	0.000000	0.000000	0.000052
441	0.000000	0.000000	0.000000	0.004456	0.995500	0.000000	0.000000	0.000000	0.000044
442	0.000000	0.000000	0.000000	0.004382	0.995570	0.000000	0.000000	0.000000	0.000048
443	0.000000	0.000000	0.000000	0.004416	0.995551	0.000000	0.000000	0.000000	0.000033
444	0.000000	0.000000	0.000000	0.004476	0.995493	0.000000	0.000000	0.000000	0.000031
445	0.000000	0.000000	0.000000	0.004406	0.995565	0.000000	0.000000	0.000000	0.000029
446	0.000000	0.000000	0.000000	0.004348	0.995628	0.000000	0.000000	0.000000	0.000024
447	0.000000	0.000000	0.000000	0.004380	0.995599	0.000000	0.000000	0.000000	0.000021
448	0.000000	0.000000	0.000000	0.004330	0.995657	0.000000	0.000000	0.000000	0.000013
449	0.000000	0.000000	0.000000	0.004328	0.995664	0.000000	0.000000	0.000000	0.000008
450	0.000000	0.000000	0.000000	0.004322	0.995667	0.000000	0.000000	0.000000	0.000011
451	0.000000	0.000000	0.000000	0.004276	0.995718	0.000000	0.000000	0.000000	0.000006
452	0.000000	0.000000	0.000000	0.004228	0.995767	0.000000	0.000000	0.000000	0.000005
453	0.000000	0.000000	0.000000	0.004255	0.995742	0.000000	0.000000	0.000000	0.000003
454	0.000000	0.000000	0.000000	0.004240	0.995757	0.000000	0.000000	0.000000	0.000003
455	0.000000	0.000000	0.000000	0.004196	0.995800	0.000000	0.000000	0.000000	0.000004
456	0.000000	0.000000	0.000000	0.004181	0.995815	0.000000	0.000000	0.000000	0.000004
457	0.000000	0.000000	0.000000	0.004129	0.995869	0.000000	0.000000	0.000000	0.000002
458	0.000000	0.000000	0.000000	0.004166	0.995831	0.000000	0.000000	0.000000	0.000003
459	0.000000	0.000000	0.000000	0.004058	0.995940	0.000000	0.000000	0.000000	0.000002
460	0.000000	0.000000	0.000000	0.004087	0.995910	0.000000	0.000000	0.000000	0.000003
461	0.000000	0.000000	0.000000	0.004045	0.995954	0.000000	0.000000	0.000000	0.000001
462	0.000000	0.000000	0.000000	0.004035	0.995965	0.000000	0.000000	0.000000	0.000000
463	0.000000	0.000000	0.000000	0.004101	0.995898	0.000000	0.000000	0.000000	0.000001
464	0.000000	0.000000	0.000000	0.004140	0.995860	0.000000	0.000000	0.000000	0.000000
465	0.000000	0.000000	0.000000	0.004066	0.995934	0.000000	0.000000	0.000000	0.000000
466	0.000000	0.000000	0.000000	0.004080	0.995920	0.000000	0.000000	0.000000	0.000000
467	0.000000	0.000000	0.000000	0.004029	0.995971	0.000000	0.000000	0.000000	0.000000
468	0.000000	0.000000	0.000000	0.004037	0.995963	0.000000	0.000000	0.000000	0.000000
469	0.000000	0.000000	0.000000	0.004071	0.995929	0.000000	0.000000	0.000000	0.000000
470	0.000000	0.000000	0.000000	0.004074	0.995926	0.000000	0.000000	0.000000	0.000000
