0	0.290663	0.057897	0.229473	0.157588	0.029913	0.111872	0.085455	0.012259	0.024880
1	0.215254	0.044697	0.189144	0.135848	0.027613	0.119561	0.138053	0.026529	0.103301
2	0.202063	0.041642	0.175979	0.126822	0.027066	0.111474	0.155966	0.029998	0.128990
3	0.195964	0.039366	0.164313	0.119501	0.026990	0.102023	0.169524	0.032174	0.150145
4	0.190588	0.037678	0.152461	0.113028	0.027233	0.093128	0.181626	0.033716	0.170542
5	0.186630	0.036408	0.141255	0.107021	0.027445	0.084610	0.191677	0.034913	0.190041
6	0.183101	0.034869	0.130979	0.101789	0.027905	0.076029	0.200383	0.036150	0.208795
7	0.180009	0.033318	0.120869	0.096555	0.028631	0.068206	0.208387	0.036923	0.227102
8	0.177094	0.031817	0.111121	0.091642	0.029302	0.061252	0.215380	0.037605	0.244787
9	0.174282	0.030705	0.102269	0.087463	0.030097	0.054915	0.221320	0.038353	0.260596
10	0.171013	0.029331	0.093188	0.083717	0.031257	0.049161	0.226571	0.038795	0.276967
11	0.168990	0.027950	0.085343	0.079440	0.032276	0.044147	0.230332	0.038884	0.292638
12	0.166613	0.026996	0.078294	0.076185	0.033122	0.039086	0.234542	0.039052	0.306110
13	0.164596	0.026233	0.071642	0.072505	0.034235	0.035244	0.236961	0.039002	0.319582
14	0.163255	0.025204	0.065492	0.069052	0.035222	0.031560	0.238600	0.039110	0.332505
15	0.160970	0.024568	0.059831	0.066256	0.036157	0.028238	0.240175	0.038982	0.344823
16	0.158656	0.023650	0.054670	0.063508	0.037330	0.025100	0.241137	0.038897	0.357052
17	0.157169	0.022777	0.049877	0.060874	0.038840	0.022522	0.242197	0.038541	0.367203
18	0.155251	0.022059	0.045096	0.058065	0.039995	0.020219	0.243180	0.038150	0.377985
19	0.153391	0.021365	0.040798	0.055686	0.041261	0.018172	0.243854	0.037805	0.387668
20	0.151502	0.020784	0.037133	0.053478	0.042723	0.016440	0.243337	0.037347	0.397256
21	0.149767	0.020276	0.034053	0.051349	0.044138	0.014641	0.243285	0.036784	0.405707
22	0.147957	0.019626	0.031104	0.049544	0.045366	0.013297	0.242181	0.036179	0.414746
23	0.146034	0.019072	0.028417	0.047610	0.046687	0.012014	0.241549	0.035513	0.423104
24	0.144072	0.018413	0.026135	0.045770	0.048107	0.010827	0.239856	0.035095	0.431725
25	0.142454	0.017882	0.023846	0.043763	0.049556	0.009726	0.238643	0.034759	0.439371
26	0.140617	0.017164	0.021766	0.041929	0.050818	0.008752	0.237476	0.034450	0.447028
27	0.138103	0.016688	0.019777	0.040013	0.052445	0.007864	0.236460	0.033959	0.454691
28	0.135699	0.016276	0.017924	0.038347	0.053747	0.007259	0.235076	0.033585	0.462087
29	0.133754	0.015779	0.016169	0.036795	0.055148	0.006597	0.233589	0.033214	0.468955
30	0.131649	0.015250	0.014651	0.035162	0.056636	0.005862	0.232433	0.032378	0.475979
31	0.129570	0.014817	0.013355	0.034071	0.057936	0.005324	0.230526	0.032087	0.482314
32	0.127077	0.014346	0.012095	0.032674	0.059433	0.004844	0.229649	0.031401	0.488481
33	0.124696	0.013825	0.011182	0.031153	0.060803	0.004408	0.228405	0.031079	0.494449
34	0.122488	0.013243	0.010209	0.029808	0.062257	0.003957	0.226431	0.030471	0.501136
35	0.120090	0.012797	0.009321	0.028484	0.063774	0.003606	0.224867	0.030153	0.506908
36	0.117059	0.012305	0.008378	0.027383	0.065235	0.003300	0.223715	0.029720	0.512905
37	0.114303	0.012057	0.007575	0.026093	0.066598	0.002979	0.222035	0.029322	0.519038
38	0.112092	0.011700	0.006839	0.025052	0.067727	0.002752	0.220533	0.029109	0.524196
39	0.109784	0.011364	0.006226	0.023967	0.069063	0.002539	0.218723	0.028560	0.529774
40	0.107014	0.011025	0.005617	0.023080	0.070483	0.002270	0.216911	0.028052	0.535548
41	0.104810	0.010592	0.005094	0.021911	0.071817	0.002038	0.215722	0.027477	0.540539
42	0.102225	0.010247	0.004631	0.021032	0.073056	0.001850	0.213609	0.027116	0.546234
43	0.100066	0.009748	0.004165	0.020109	0.074580	0.001723	0.211507	0.026703	0.551399
44	0.097312	0.009468	0.003836	0.019144	0.075938	0.001530	0.210416	0.026275	0.556081
45	0.094875	0.009091	0.003436	0.018083	0.077004	0.001401	0.208754	0.025993	0.561363
46	0.092806	0.008750	0.003097	0.017161	0.078269	0.001222	0.207506	0.025650	0.565539
47	0.090640	0.008492	0.002785	0.016255	0.079530	0.001113	0.205180	0.025206	0.570799
48	0.088198	0.008198	0.002534	0.015462	0.080931	0.001055	0.203373	0.025039	0.575210
49	0.086074	0.007901	0.002334	0.014689	0.081848	0.000931	0.201503	0.024576	0.580144
50	0.084138	0.007771	0.002053	0.014106	0.082984	0.000827	0.199732	0.024221	0.584168
51	0.081551	0.007482	0.001736	0.013482	0.083901	0.000750	0.198392	0.024119	0.588587
52	0.079216	0.007251	0.001602	0.012842	0.084985	0.000673	0.196903	0.023976	0.592552
53	0.076948	0.006870	0.001473	0.012364	0.085575	0.000637	0.195762	0.023741	0.596630
54	0.074261	0.006548	0.001369	0.012023	0.086290	0.000569	0.194379	0.023334	0.601227
55	0.071947	0.006253	0.001241	0.011498	0.087255	0.000502	0.193010	0.023145	0.605149
56	0.069813	0.005957	0.001107	0.010986	0.088346	0.000447	0.191348	0.022880	0.609116
57	0.067281	0.005738	0.001002	0.010506	0.089031	0.000427	0.190533	0.022709	0.612773
58	0.065212	0.005459	0.000912	0.009920	0.089730	0.000377	0.189362	0.022359	0.616669
59	0.063081	0.005262	0.000796	0.009613	0.090106	0.000334	0.188718	0.021999	0.620091
60	0.061124	0.005081	0.000714	0.009168	0.090901	0.000314	0.187719	0.021756	0.623223
61	0.059115	0.004814	0.000652	0.008784	0.091498	0.000301	0.186521	0.021508	0.626807
62	0.057136	0.004637	0.000576	0.008518	0.092133	0.000271	0.185393	0.020995	0.630341
63	0.055160	0.004564	0.000497	0.008094	0.093322	0.000246	0.183926	0.020853	0.633338
64	0.053380	0.004352	0.000430	0.007757	0.093683	0.000223	0.182497	0.020552	0.637126
65	0.051851	0.004159	0.000412	0.007439	0.094263	0.000218	0.182046	0.020128	0.639484
66	0.050049	0.003927	0.000366	0.007063	0.094743	0.000195	0.181069	0.019691	0.642897
67	0.048392	0.003700	0.000340	0.006679	0.095210	0.000165	0.179504	0.019425	0.646585
68	0.046789	0.003554	0.000328	0.006337	0.095987	0.000141	0.178452	0.019366	0.649046
69	0.045177	0.003450	0.000306	0.006010	0.096204	0.000132	0.177422	0.019275	0.652024
70	0.043582	0.003322	0.000276	0.005705	0.096817	0.000125	0.176042	0.019132	0.654999
71	0.042141	0.003211	0.000267	0.005503	0.097311	0.000124	0.174790	0.018687	0.657966
72	0.040650	0.003072	0.000221	0.005263	0.097578	0.000109	0.174161	0.018476	0.660470
73	0.039189	0.002884	0.000189	0.005023	0.097700	0.000100	0.173048	0.018232	0.663635
74	0.037959	0.002735	0.000176	0.004869	0.097702	0.000111	0.171726	0.017937	0.666785
75	0.036331	0.002653	0.000163	0.004544	0.098160	0.000114	0.170744	0.017748	0.669543
76	0.035014	0.002463	0.000146	0.004297	0.098121	0.000101	0.169940	0.017479	0.672439
77	0.033685	0.002381	0.000122	0.004104	0.098283	0.000105	0.168586	0.017276	0.675458
78	0.032207	0.002224	0.000123	0.003854	0.098532	0.000099	0.167335	0.017149	0.678477
79	0.030957	0.002127	0.000105	0.003608	0.098640	0.000102	0.166240	0.017170	0.681051
80	0.029683	0.002004	0.000095	0.003409	0.098799	0.000087	0.165394	0.016838	0.683691
81	0.028450	0.001972	0.000082	0.003292	0.099028	0.000077	0.164487	0.016758	0.685854
82	0.027131	0.001861	0.000074	0.003090	0.099123	0.000084	0.163187	0.016692	0.688758
83	0.026195	0.001789	0.000064	0.002903	0.099077	0.000070	0.162189	0.016550	0.691163
84	0.025077	0.001753	0.000053	0.002762	0.098954	0.000057	0.161531	0.016310	0.693503
85	0.024026	0.001641	0.000059	0.002591	0.098700	0.000048	0.160874	0.016102	0.695959
86	0.023099	0.001536	0.000055	0.002446	0.098590	0.000043	0.160498	0.016057	0.697676
87	0.022096	0.001461	0.000042	0.002303	0.098433	0.000040	0.159288	0.015923	0.700414
88	0.021070	0.001406	0.000040	0.002202	0.098172	0.000041	0.158803	0.015764	0.702502
89	0.020315	0.001340	0.000026	0.002065	0.097727	0.000031	0.157889	0.015710	0.704897
90	0.019278	0.001276	0.000026	0.001965	0.097689	0.000034	0.157064	0.015619	0.707049
91	0.018355	0.001203	0.000023	0.001873	0.097451	0.000031	0.156517	0.015462	0.709085
92	0.017701	0.001118	0.000016	0.001765	0.097803	0.000027	0.155654	0.015163	0.710753
93	0.017029	0.001046	0.000013	0.001680	0.097573	0.000023	0.155433	0.015037	0.712166
94	0.016376	0.000993	0.000014	0.001613	0.097295	0.000017	0.154250	0.014942	0.714500
95	0.015838	0.000950	0.000017	0.001573	0.097270	0.000015	0.153635	0.014815	0.715887
96	0.015031	0.000906	0.000017	0.001463	0.097037	0.000022	0.153080	0.014611	0.717833
97	0.014456	0.000891	0.000013	0.001410	0.096563	0.000025	0.152417	0.014415	0.719810
98	0.013860	0.000871	0.000015	0.001323	0.096390	0.000022	0.151870	0.014333	0.721316
99	0.013236	0.000822	0.000014	0.001317	0.095804	0.000020	0.151159	0.014224	0.723404
100	0.012651	0.000789	0.000008	0.001279	0.095536	0.000016	0.150302	0.014170	0.725249
101	0.012144	0.000712	0.000004	0.001268	0.095080	0.000016	0.149771	0.014126	0.726879
102	0.011732	0.000695	0.000008	0.001202	0.094891	0.000013	0.149060	0.013909	0.728490
103	0.011167	0.000688	0.000008	0.001152	0.094399	0.000007	0.148848	0.013847	0.729884
104	0.010798	0.000648	0.000007	0.001051	0.094115	0.000004	0.148057	0.013645	0.731675
105	0.010466	0.000609	0.000007	0.001025	0.093492	0.000001	0.147055	0.013669	0.733676
106	0.010137	0.000559	0.000005	0.000967	0.092965	0.000001	0.146858	0.013570	0.734938
107	0.009625	0.000535	0.000007	0.000886	0.092424	0.000000	0.146222	0.013527	0.736774
108	0.009266	0.000533	0.000007	0.000871	0.092071	0.000000	0.145728	0.013465	0.738059
109	0.008830	0.000535	0.000008	0.000813	0.091779	0.000000	0.145244	0.013441	0.739350
110	0.008496	0.000536	0.000010	0.000744	0.091236	0.000000	0.144734	0.013399	0.740845
111	0.008078	0.000510	0.000009	0.000701	0.091035	0.000000	0.144129	0.013343	0.742195
112	0.007659	0.000509	0.000005	0.000645	0.090288	0.000000	0.143287	0.013353	0.744254
113	0.007489	0.000487	0.000007	0.000623	0.089762	0.000000	0.142831	0.013045	0.745756
114	0.007184	0.000472	0.000007	0.000599	0.089352	0.000000	0.142352	0.013007	0.747027
115	0.006878	0.000485	0.000005	0.000551	0.088883	0.000000	0.141830	0.012999	0.748369
116	0.006541	0.000467	0.000005	0.000524	0.088350	0.000000	0.141132	0.012941	0.750040
117	0.006237	0.000432	0.000002	0.000503	0.088060	0.000000	0.141393	0.012740	0.750633
118	0.006060	0.000405	0.000002	0.000505	0.087399	0.000000	0.140572	0.012580	0.752477
119	0.005821	0.000378	0.000002	0.000471	0.086891	0.000000	0.140133	0.012523	0.753781
120	0.005642	0.000391	0.000004	0.000450	0.086362	0.000000	0.139871	0.012592	0.754688
121	0.005337	0.000367	0.000004	0.000439	0.085605	0.000000	0.139578	0.012562	0.756108
122	0.005187	0.000389	0.000001	0.000397	0.084986	0.000000	0.138466	0.012546	0.758028
123	0.005060	0.000353	0.000001	0.000426	0.084523	0.000000	0.137798	0.012473	0.759366
124	0.004850	0.000314	0.000000	0.000362	0.084121	0.000000	0.137335	0.012487	0.760531
125	0.004679	0.000302	0.000000	0.000367	0.083803	0.000000	0.136869	0.012431	0.761549
126	0.004530	0.000295	0.000000	0.000347	0.083019	0.000000	0.136278	0.012353	0.763178
127	0.004312	0.000285	0.000000	0.000323	0.082483	0.000000	0.135540	0.012153	0.764904
128	0.004197	0.000288	0.000000	0.000300	0.082158	0.000000	0.135367	0.012120	0.765570
129	0.004046	0.000287	0.000000	0.000299	0.081554	0.000000	0.134700	0.012058	0.767056
130	0.003887	0.000281	0.000000	0.000289	0.081174	0.000000	0.134095	0.012097	0.768177
131	0.003723	0.000268	0.000000	0.000282	0.080573	0.000000	0.133909	0.011965	0.769280
132	0.003664	0.000253	0.000000	0.000232	0.080223	0.000000	0.133462	0.012025	0.770141
133	0.003591	0.000244	0.000000	0.000243	0.079574	0.000000	0.133062	0.011959	0.771327
134	0.003525	0.000250	0.000000	0.000242	0.078918	0.000000	0.132971	0.012068	0.772026
135	0.003451	0.000226	0.000000	0.000230	0.078459	0.000000	0.132800	0.012064	0.772770
136	0.003387	0.000206	0.000000	0.000217	0.077694	0.000000	0.132551	0.012023	0.773922
137	0.003245	0.000207	0.000000	0.000202	0.077192	0.000000	0.132143	0.011826	0.775185
138	0.003174	0.000204	0.000000	0.000182	0.076594	0.000000	0.131160	0.011859	0.776827
139	0.003070	0.000205	0.000000	0.000179	0.076009	0.000000	0.130875	0.011712	0.777950
140	0.002963	0.000190	0.000000	0.000165	0.075361	0.000000	0.130268	0.011811	0.779242
141	0.002875	0.000179	0.000000	0.000154	0.074959	0.000000	0.130226	0.011689	0.779918
142	0.002748	0.000164	0.000000	0.000143	0.074165	0.000000	0.129745	0.011563	0.781472
143	0.002668	0.000146	0.000000	0.000139	0.073546	0.000000	0.129315	0.011536	0.782650
144	0.002538	0.000159	0.000000	0.000137	0.072926	0.000000	0.128948	0.011540	0.783752
145	0.002447	0.000151	0.000000	0.000140	0.072602	0.000000	0.129248	0.011445	0.783967
146	0.002352	0.000144	0.000000	0.000127	0.072049	0.000000	0.129051	0.011410	0.784867
147	0.002257	0.000150	0.000000	0.000123	0.071269	0.000000	0.129155	0.011333	0.785713
148	0.002156	0.000137	0.000000	0.000123	0.070415	0.000000	0.128809	0.011101	0.787259
149	0.002072	0.000141	0.000000	0.000098	0.069892	0.000000	0.128375	0.011020	0.788402
150	0.002045	0.000134	0.000000	0.000093	0.069332	0.000000	0.127927	0.011034	0.789435
151	0.002039	0.000131	0.000000	0.000090	0.068858	0.000000	0.127599	0.010872	0.790411
152	0.001920	0.000125	0.000000	0.000082	0.068349	0.000000	0.127097	0.010715	0.791712
153	0.001881	0.000124	0.000000	0.000070	0.067804	0.000000	0.126721	0.010488	0.792912
154	0.001796	0.000118	0.000000	0.000060	0.067049	0.000000	0.126396	0.010432	0.794149
155	0.001697	0.000120	0.000000	0.000053	0.066349	0.000000	0.126255	0.010372	0.795154
156	0.001618	0.000116	0.000000	0.000057	0.065930	0.000000	0.126715	0.010131	0.795433
157	0.001552	0.000115	0.000000	0.000052	0.065231	0.000000	0.126289	0.010032	0.796729
158	0.001496	0.000111	0.000000	0.000044	0.064526	0.000000	0.125456	0.009869	0.798498
159	0.001491	0.000108	0.000000	0.000033	0.063769	0.000000	0.125367	0.009996	0.799236
160	0.001469	0.000106	0.000000	0.000025	0.063105	0.000000	0.125118	0.009886	0.800291
161	0.001452	0.000098	0.000000	0.000024	0.062502	0.000000	0.124757	0.009852	0.801315
162	0.001398	0.000089	0.000000	0.000025	0.062013	0.000000	0.124425	0.009802	0.802248
163	0.001332	0.000090	0.000000	0.000018	0.061236	0.000000	0.124083	0.009867	0.803374
164	0.001328	0.000084	0.000000	0.000027	0.060615	0.000000	0.123830	0.009938	0.804178
165	0.001298	0.000078	0.000000	0.000025	0.059963	0.000000	0.123471	0.009954	0.805211
166	0.001247	0.000078	0.000000	0.000023	0.059488	0.000000	0.122923	0.009901	0.806340
167	0.001234	0.000071	0.000000	0.000024	0.059099	0.000000	0.122562	0.009860	0.807150
168	0.001198	0.000069	0.000000	0.000029	0.058530	0.000000	0.122383	0.009845	0.807946
169	0.001212	0.000056	0.000000	0.000022	0.057608	0.000000	0.121693	0.009784	0.809625
170	0.001183	0.000059	0.000000	0.000026	0.057048	0.000000	0.121510	0.009785	0.810389
171	0.001156	0.000058	0.000000	0.000024	0.056456	0.000000	0.121194	0.009789	0.811323
172	0.001149	0.000053	0.000000	0.000021	0.055885	0.000000	0.121449	0.009697	0.811746
173	0.001128	0.000050	0.000000	0.000023	0.055557	0.000000	0.120909	0.009606	0.812727
174	0.001073	0.000052	0.000000	0.000021	0.054974	0.000000	0.121090	0.009634	0.813156
175	0.001064	0.000050	0.000000	0.000022	0.054489	0.000000	0.120834	0.009504	0.814037
176	0.001098	0.000055	0.000000	0.000024	0.053823	0.000000	0.120766	0.009563	0.814671
177	0.001082	0.000053	0.000000	0.000026	0.053271	0.000000	0.120946	0.009416	0.815206
178	0.001057	0.000048	0.000000	0.000027	0.052828	0.000000	0.120499	0.009373	0.816168
179	0.001007	0.000050	0.000000	0.000038	0.052375	0.000000	0.120138	0.009416	0.816976
180	0.000997	0.000052	0.000000	0.000038	0.051725	0.000000	0.119801	0.009466	0.817921
181	0.000983	0.000051	0.000000	0.000043	0.051102	0.000000	0.119478	0.009328	0.819015
182	0.000978	0.000042	0.000000	0.000046	0.050628	0.000000	0.118971	0.009289	0.820046
183	0.000931	0.000036	0.000000	0.000042	0.050199	0.000000	0.119113	0.009263	0.820416
184	0.000943	0.000030	0.000000	0.000040	0.049737	0.000000	0.118669	0.009320	0.821261
185	0.000966	0.000031	0.000000	0.000044	0.049232	0.000000	0.118633	0.009197	0.821897
186	0.000903	0.000029	0.000000	0.000042	0.048576	0.000000	0.118393	0.009238	0.822819
187	0.000898	0.000025	0.000000	0.000050	0.048146	0.000000	0.118321	0.009176	0.823384
188	0.000888	0.000027	0.000000	0.000049	0.047744	0.000000	0.117644	0.009189	0.824459
189	0.000859	0.000033	0.000000	0.000040	0.047315	0.000000	0.117696	0.009106	0.824951
190	0.000871	0.000029	0.000000	0.000034	0.046759	0.000000	0.117477	0.009112	0.825718
191	0.000831	0.000027	0.000000	0.000031	0.046415	0.000000	0.116993	0.009094	0.826609
192	0.000833	0.000024	0.000000	0.000030	0.046155	0.000000	0.116366	0.008986	0.827606
193	0.000817	0.000025	0.000000	0.000032	0.045461	0.000000	0.116296	0.009107	0.828262
194	0.000751	0.000016	0.000000	0.000028	0.045052	0.000000	0.115799	0.008987	0.829367
195	0.000739	0.000018	0.000000	0.000029	0.044320	0.000000	0.116300	0.008927	0.829667
196	0.000751	0.000023	0.000000	0.000030	0.044060	0.000000	0.116256	0.009036	0.829844
197	0.000723	0.000022	0.000000	0.000026	0.043534	0.000000	0.116014	0.009063	0.830618
198	0.000715	0.000031	0.000000	0.000027	0.043073	0.000000	0.115962	0.009007	0.831185
199	0.000675	0.000025	0.000000	0.000031	0.042761	0.000000	0.115982	0.009054	0.831472
200	0.000665	0.000020	0.000000	0.000033	0.042343	0.000000	0.116066	0.008980	0.831893
201	0.000666	0.000019	0.000000	0.000030	0.041782	0.000000	0.115812	0.008747	0.832944
202	0.000643	0.000018	0.000000	0.000021	0.041261	0.000000	0.115882	0.008701	0.833474
203	0.000614	0.000008	0.000000	0.000022	0.040619	0.000000	0.115811	0.008545	0.834381
204	0.000589	0.000008	0.000000	0.000018	0.040066	0.000000	0.115786	0.008584	0.834949
205	0.000605	0.000007	0.000000	0.000021	0.039548	0.000000	0.115832	0.008534	0.835453
206	0.000628	0.000011	0.000000	0.000015	0.039077	0.000000	0.114986	0.008574	0.836709
207	0.000609	0.000013	0.000000	0.000010	0.038436	0.000000	0.114944	0.008512	0.837476
208	0.000576	0.000006	0.000000	0.000009	0.037871	0.000000	0.114763	0.008562	0.838213
209	0.000517	0.000004	0.000000	0.000005	0.037694	0.000000	0.114575	0.008591	0.838614
210	0.000492	0.000004	0.000000	0.000004	0.037339	0.000000	0.114411	0.008630	0.839120
211	0.000473	0.000002	0.000000	0.000002	0.036754	0.000000	0.114200	0.008716	0.839853
212	0.000455	0.000001	0.000000	0.000002	0.036504	0.000000	0.114038	0.008733	0.840267
213	0.000463	0.000000	0.000000	0.000002	0.036047	0.000000	0.113827	0.008729	0.840932
214	0.000446	0.000000	0.000000	0.000001	0.035673	0.000000	0.113614	0.008640	0.841626
215	0.000449	0.000000	0.000000	0.000000	0.035433	0.000000	0.113362	0.008625	0.842131
216	0.000425	0.000000	0.000000	0.000000	0.034947	0.000000	0.113156	0.008636	0.842836
217	0.000415	0.000000	0.000000	0.000000	0.034561	0.000000	0.113015	0.008705	0.843304
218	0.000430	0.000000	0.000000	0.000000	0.034275	0.000000	0.113024	0.008628	0.843643
219	0.000406	0.000000	0.000000	0.000000	0.033920	0.000000	0.112630	0.008585	0.844459
220	0.000389	0.000000	0.000000	0.000000	0.033462	0.000000	0.112085	0.008752	0.845312
221	0.000384	0.000000	0.000000	0.000000	0.033060	0.000000	0.112258	0.008703	0.845595
222	0.000410	0.000000	0.000000	0.000000	0.032728	0.000000	0.111719	0.008770	0.846373
223	0.000402	0.000000	0.000000	0.000000	0.032439	0.000000	0.112064	0.008897	0.846198
224	0.000383	0.000000	0.000000	0.000000	0.032153	0.000000	0.111795	0.008973	0.846696
225	0.000378	0.000000	0.000000	0.000000	0.031879	0.000000	0.111790	0.008793	0.847160
226	0.000392	0.000000	0.000000	0.000000	0.031548	0.000000	0.112070	0.008679	0.847311
227	0.000388	0.000000	0.000000	0.000000	0.031136	0.000000	0.111589	0.008699	0.848188
228	0.000361	0.000000	0.000000	0.000000	0.030770	0.000000	0.111545	0.008699	0.848625
229	0.000365	0.000000	0.000000	0.000000	0.030370	0.000000	0.111529	0.008755	0.848981
230	0.000339	0.000000	0.000000	0.000000	0.029959	0.000000	0.111279	0.008779	0.849644
231	0.000331	0.000000	0.000000	0.000000	0.029673	0.000000	0.111084	0.008692	0.850220
232	0.000320	0.000000	0.000000	0.000000	0.029321	0.000000	0.111353	0.008673	0.850333
233	0.000318	0.000000	0.000000	0.000000	0.028960	0.000000	0.110607	0.008790	0.851325
234	0.000318	0.000000	0.000000	0.000000	0.028638	0.000000	0.110837	0.008739	0.851468
235	0.000293	0.000000	0.000000	0.000000	0.028288	0.000000	0.111096	0.008746	0.851577
236	0.000285	0.000000	0.000000	0.000000	0.028204	0.000000	0.111034	0.008732	0.851745
237	0.000274	0.000000	0.000000	0.000000	0.027692	0.000000	0.110965	0.008614	0.852455
238	0.000256	0.000000	0.000000	0.000000	0.027396	0.000000	0.111024	0.008557	0.852767
239	0.000259	0.000000	0.000000	0.000000	0.027092	0.000000	0.111036	0.008455	0.853158
240	0.000268	0.000000	0.000000	0.000000	0.026779	0.000000	0.110951	0.008608	0.853394
241	0.000246	0.000000	0.000000	0.000000	0.026467	0.000000	0.110323	0.008603	0.854361
242	0.000245	0.000000	0.000000	0.000000	0.026254	0.000000	0.110509	0.008572	0.854420
243	0.000247	0.000000	0.000000	0.000000	0.025944	0.000000	0.110045	0.008499	0.855265
244	0.000239	0.000000	0.000000	0.000000	0.025632	0.000000	0.110196	0.008512	0.855421
245	0.000216	0.000000	0.000000	0.000000	0.025284	0.000000	0.109939	0.008714	0.855847
246	0.000210	0.000000	0.000000	0.000000	0.024944	0.000000	0.110144	0.008681	0.856021
247	0.000225	0.000000	0.000000	0.000000	0.024724	0.000000	0.109950	0.008588	0.856513
248	0.000231	0.000000	0.000000	0.000000	0.024323	0.000000	0.109910	0.008685	0.856851
249	0.000226	0.000000	0.000000	0.000000	0.024030	0.000000	0.109590	0.008681	0.857473
250	0.000211	0.000000	0.000000	0.000000	0.023723	0.000000	0.109767	0.008651	0.857648
251	0.000196	0.000000	0.000000	0.000000	0.023454	0.000000	0.109739	0.008678	0.857933
252	0.000192	0.000000	0.000000	0.000000	0.023041	0.000000	0.109806	0.008544	0.858417
253	0.000196	0.000000	0.000000	0.000000	0.022907	0.000000	0.109904	0.008522	0.858471
254	0.000185	0.000000	0.000000	0.000000	0.022657	0.000000	0.110011	0.008497	0.858650
255	0.000173	0.000000	0.000000	0.000000	0.022521	0.000000	0.109454	0.008558	0.859294
256	0.000170	0.000000	0.000000	0.000000	0.022235	0.000000	0.109304	0.008601	0.859690
257	0.000175	0.000000	0.000000	0.000000	0.021847	0.000000	0.109073	0.008619	0.860286
258	0.000164	0.000000	0.000000	0.000000	0.021763	0.000000	0.109417	0.008647	0.860009
259	0.000166	0.000000	0.000000	0.000000	0.021784	0.000000	0.109351	0.008592	0.860107
260	0.000161	0.000000	0.000000	0.000000	0.021403	0.000000	0.109037	0.008588	0.860811
261	0.000156	0.000000	0.000000	0.000000	0.021191	0.000000	0.108974	0.008589	0.861090
262	0.000152	0.000000	0.000000	0.000000	0.021008	0.000000	0.109123	0.008517	0.861200
263	0.000155	0.000000	0.000000	0.000000	0.020943	0.000000	0.108896	0.008509	0.861497
264	0.000145	0.000000	0.000000	0.000000	0.020832	0.000000	0.108943	0.008512	0.861568
265	0.000139	0.000000	0.000000	0.000000	0.020601	0.000000	0.108870	0.008527	0.861863
266	0.000131	0.000000	0.000000	0.000000	0.020339	0.000000	0.109030	0.008530	0.861970
267	0.000135	0.000000	0.000000	0.000000	0.020152	0.000000	0.108490	0.008465	0.862758
268	0.000137	0.000000	0.000000	0.000000	0.019892	0.000000	0.108565	0.008459	0.862947
269	0.000111	0.000000	0.000000	0.000000	0.019790	0.000000	0.108718	0.008401	0.862980
270	0.000111	0.000000	0.000000	0.000000	0.019522	0.000000	0.108707	0.008493	0.863167
271	0.000118	0.000000	0.000000	0.000000	0.019413	0.000000	0.108953	0.008465	0.863051
272	0.000124	0.000000	0.000000	0.000000	0.019246	0.000000	0.108871	0.008458	0.863301
273	0.000135	0.000000	0.000000	0.000000	0.019010	0.000000	0.108814	0.008449	0.863592
274	0.000139	0.000000	0.000000	0.000000	0.018848	0.000000	0.108737	0.008360	0.863916
275	0.000153	0.000000	0.000000	0.000000	0.018662	0.000000	0.108768	0.008413	0.864004
276	0.000155	0.000000	0.000000	0.000000	0.018464	0.000000	0.108781	0.008318	0.864282
277	0.000162	0.000000	0.000000	0.000000	0.018375	0.000000	0.108672	0.008351	0.864440
278	0.000153	0.000000	0.000000	0.000000	0.018153	0.000000	0.108046	0.008346	0.865302
279	0.000154	0.000000	0.000000	0.000000	0.017856	0.000000	0.108138	0.008387	0.865465
280	0.000145	0.000000	0.000000	0.000000	0.017730	0.000000	0.108107	0.008424	0.865594
281	0.000140	0.000000	0.000000	0.000000	0.017429	0.000000	0.108066	0.008386	0.865979
282	0.000139	0.000000	0.000000	0.000000	0.017372	0.000000	0.108024	0.008435	0.866030
283	0.000144	0.000000	0.000000	0.000000	0.017061	0.000000	0.107919	0.008424	0.866452
284	0.000137	0.000000	0.000000	0.000000	0.016933	0.000000	0.107783	0.008406	0.866741
285	0.000133	0.000000	0.000000	0.000000	0.016821	0.000000	0.108211	0.008401	0.866434
286	0.000136	0.000000	0.000000	0.000000	0.016678	0.000000	0.107918	0.008399	0.866869
287	0.000129	0.000000	0.000000	0.000000	0.016513	0.000000	0.107776	0.008373	0.867209
288	0.000131	0.000000	0.000000	0.000000	0.016288	0.000000	0.107361	0.008326	0.867894
289	0.000143	0.000000	0.000000	0.000000	0.016094	0.000000	0.107345	0.008456	0.867962
290	0.000119	0.000000	0.000000	0.000000	0.016039	0.000000	0.106779	0.008444	0.868619
291	0.000117	0.000000	0.000000	0.000000	0.015814	0.000000	0.106877	0.008380	0.868812
292	0.000125	0.000000	0.000000	0.000000	0.015630	0.000000	0.106755	0.008361	0.869129
293	0.000125	0.000000	0.000000	0.000000	0.015344	0.000000	0.106858	0.008257	0.869416
294	0.000131	0.000000	0.000000	0.000000	0.015165	0.000000	0.106606	0.008217	0.869881
295	0.000126	0.000000	0.000000	0.000000	0.014985	0.000000	0.106075	0.008164	0.870650
296	0.000112	0.000000	0.000000	0.000000	0.014793	0.000000	0.106153	0.008264	0.870678
297	0.000124	0.000000	0.000000	0.000000	0.014747	0.000000	0.105943	0.008264	0.870922
298	0.000109	0.000000	0.000000	0.000000	0.014595	0.000000	0.105595	0.008246	0.871455
299	0.000098	0.000000	0.000000	0.000000	0.014462	0.000000	0.105592	0.008236	0.871612
300	0.000089	0.000000	0.000000	0.000000	0.014239	0.000000	0.105245	0.008285	0.872142
301	0.000089	0.000000	0.000000	0.000000	0.014096	0.000000	0.104915	0.008395	0.872505
302	0.000084	0.000000	0.000000	0.000000	0.013962	0.000000	0.104817	0.008310	0.872827
303	0.000082	0.000000	0.000000	0.000000	0.013720	0.000000	0.104756	0.008245	0.873197
304	0.000086	0.000000	0.000000	0.000000	0.013660	0.000000	0.104511	0.008249	0.873494
305	0.000079	0.000000	0.000000	0.000000	0.013556	0.000000	0.104501	0.008245	0.873619
306	0.000072	0.000000	0.000000	0.000000	0.013381	0.000000	0.104289	0.008244	0.874014
307	0.000070	0.000000	0.000000	0.000000	0.013203	0.000000	0.104427	0.008226	0.874074
308	0.000079	0.000000	0.000000	0.000000	0.013118	0.000000	0.104750	0.008200	0.873853
309	0.000077	0.000000	0.000000	0.000000	0.012985	0.000000	0.104365	0.008242	0.874331
310	0.000085	0.000000	0.000000	0.000000	0.012797	0.000000	0.104563	0.008216	0.874339
311	0.000070	0.000000	0.000000	0.000000	0.012664	0.000000	0.104580	0.008086	0.874600
312	0.000062	0.000000	0.000000	0.000000	0.012443	0.000000	0.104337	0.008207	0.874951
313	0.000066	0.000000	0.000000	0.000000	0.012298	0.000000	0.104584	0.008178	0.874874
314	0.000055	0.000000	0.000000	0.000000	0.012185	0.000000	0.104373	0.008079	0.875308
315	0.000041	0.000000	0.000000	0.000000	0.012037	0.000000	0.104013	0.008079	0.875830
316	0.000048	0.000000	0.000000	0.000000	0.011785	0.000000	0.103708	0.008026	0.876433
317	0.000048	0.000000	0.000000	0.000000	0.011667	0.000000	0.103708	0.008066	0.876511
318	0.000041	0.000000	0.000000	0.000000	0.011646	0.000000	0.103570	0.007996	0.876747
319	0.000045	0.000000	0.000000	0.000000	0.011553	0.000000	0.103752	0.007936	0.876714
320	0.000040	0.000000	0.000000	0.000000	0.011404	0.000000	0.103438	0.007857	0.877261
321	0.000029	0.000000	0.000000	0.000000	0.011254	0.000000	0.103456	0.007937	0.877324
322	0.000032	0.000000	0.000000	0.000000	0.011059	0.000000	0.103588	0.007896	0.877425
323	0.000023	0.000000	0.000000	0.000000	0.010964	0.000000	0.103538	0.007809	0.877666
324	0.000022	0.000000	0.000000	0.000000	0.010937	0.000000	0.103397	0.007736	0.877908
325	0.000022	0.000000	0.000000	0.000000	0.010830	0.000000	0.103416	0.007773	0.877959
326	0.000020	0.000000	0.000000	0.000000	0.010766	0.000000	0.103642	0.007701	0.877871
327	0.000014	0.000000	0.000000	0.000000	0.010635	0.000000	0.103385	0.007739	0.878227
328	0.000014	0.000000	0.000000	0.000000	0.010508	0.000000	0.103166	0.007691	0.878621
329	0.000015	0.000000	0.000000	0.000000	0.010511	0.000000	0.103271	0.007728	0.878475
330	0.000011	0.000000	0.000000	0.000000	0.010387	0.000000	0.103514	0.007761	0.878327
331	0.000010	0.000000	0.000000	0.000000	0.010353	0.000000	0.103390	0.007787	0.878460
332	0.000007	0.000000	0.000000	0.000000	0.010227	0.000000	0.103120	0.007846	0.878800
333	0.000008	0.000000	0.000000	0.000000	0.010135	0.000000	0.102650	0.007857	0.879350
334	0.000008	0.000000	0.000000	0.000000	0.010048	0.000000	0.102542	0.007889	0.879513
335	0.000006	0.000000	0.000000	0.000000	0.009926	0.000000	0.102671	0.007973	0.879424
336	0.000005	0.000000	0.000000	0.000000	0.009856	0.000000	0.102912	0.007855	0.879372
337	0.000004	0.000000	0.000000	0.000000	0.009690	0.000000	0.103074	0.007871	0.879361
338	0.000005	0.000000	0.000000	0.000000	0.009661	0.000000	0.102851	0.007865	0.879618
339	0.000003	0.000000	0.000000	0.000000	0.009597	0.000000	0.102975	0.007872	0.879553
340	0.000003	0.000000	0.000000	0.000000	0.009538	0.000000	0.102956	0.007976	0.879527
341	0.000003	0.000000	0.000000	0.000000	0.009435	0.000000	0.102750	0.007952	0.879860
342	0.000001	0.000000	0.000000	0.000000	0.009361	0.000000	0.103402	0.007951	0.879285
343	0.000000	0.000000	0.000000	0.000000	0.009224	0.000000	0.103287	0.007891	0.879598
344	0.000000	0.000000	0.000000	0.000000	0.009221	0.000000	0.103385	0.007792	0.879602
345	0.000000	0.000000	0.000000	0.000000	0.009123	0.000000	0.103375	0.007916	0.879586
346	0.000000	0.000000	0.000000	0.000000	0.009012	0.000000	0.103350	0.007952	0.879686
347	0.000000	0.000000	0.000000	0.000000	0.009009	0.000000	0.103048	0.007876	0.880067
348	0.000000	0.000000	0.000000	0.000000	0.008877	0.000000	0.103155	0.007889	0.880079
349	0.000000	0.000000	0.000000	0.000000	0.008804	0.000000	0.103278	0.007776	0.880142
350	0.000000	0.000000	0.000000	0.000000	0.008735	0.000000	0.103581	0.007708	0.879976
351	0.000000	0.000000	0.000000	0.000000	0.008728	0.000000	0.103064	0.007738	0.880470
352	0.000000	0.000000	0.000000	0.000000	0.008724	0.000000	0.103366	0.007838	0.880072
353	0.000000	0.000000	0.000000	0.000000	0.008705	0.000000	0.103313	0.007788	0.880194
354	0.000000	0.000000	0.000000	0.000000	0.008692	0.000000	0.103213	0.007841	0.880254
355	0.000000	0.000000	0.000000	0.000000	0.008692	0.000000	0.103532	0.007841	0.879935
356	0.000000	0.000000	0.000000	0.000000	0.008671	0.000000	0.103395	0.007858	0.880076
357	0.000000	0.000000	0.000000	0.000000	0.008655	0.000000	0.103282	0.007855	0.880208
358	0.000000	0.000000	0.000000	0.000000	0.008541	0.000000	0.102831	0.007769	0.880859
359	0.000000	0.000000	0.000000	0.000000	0.008387	0.000000	0.102774	0.007768	0.881071
360	0.000000	0.000000	0.000000	0.000000	0.008352	0.000000	0.102918	0.007780	0.880950
361	0.000000	0.000000	0.000000	0.000000	0.008250	0.000000	0.102877	0.007751	0.881122
362	0.000000	0.000000	0.000000	0.000000	0.008167	0.000000	0.102694	0.007719	0.881420
363	0.000000	0.000000	0.000000	0.000000	0.008151	0.000000	0.102776	0.007839	0.881234
364	0.000000	0.000000	0.000000	0.000000	0.008207	0.000000	0.102671	0.007793	0.881329
365	0.000000	0.000000	0.000000	0.000000	0.008195	0.000000	0.102558	0.007689	0.881558
366	0.000000	0.000000	0.000000	0.000000	0.008120	0.000000	0.102391	0.007624	0.881865
367	0.000000	0.000000	0.000000	0.000000	0.008009	0.000000	0.102228	0.007644	0.882119
368	0.000000	0.000000	0.000000	0.000000	0.007911	0.000000	0.102197	0.007589	0.882303
369	0.000000	0.000000	0.000000	0.000000	0.007852	0.000000	0.101905	0.007605	0.882638
370	0.000000	0.000000	0.000000	0.000000	0.007746	0.000000	0.102147	0.007612	0.882495
371	0.000000	0.000000	0.000000	0.000000	0.007595	0.000000	0.102261	0.007671	0.882473
372	0.000000	0.000000	0.000000	0.000000	0.007543	0.000000	0.102245	0.007661	0.882551
373	0.000000	0.000000	0.000000	0.000000	0.007436	0.000000	0.102062	0.007637	0.882865
374	0.000000	0.000000	0.000000	0.000000	0.007374	0.000000	0.102037	0.007703	0.882886
375	0.000000	0.000000	0.000000	0.000000	0.007337	0.000000	0.102182	0.007743	0.882738
376	0.000000	0.000000	0.000000	0.000000	0.007275	0.000000	0.102099	0.007628	0.882998
377	0.000000	0.000000	0.000000	0.000000	0.007184	0.000000	0.101877	0.007632	0.883307
378	0.000000	0.000000	0.000000	0.000000	0.007112	0.000000	0.102201	0.007681	0.883006
379	0.000000	0.000000	0.000000	0.000000	0.007121	0.000000	0.102029	0.007661	0.883189
380	0.000000	0.000000	0.000000	0.000000	0.007044	0.000000	0.101894	0.007613	0.883449
381	0.000000	0.000000	0.000000	0.000000	0.006935	0.000000	0.101554	0.007648	0.883863
382	0.000000	0.000000	0.000000	0.000000	0.006842	0.000000	0.101528	0.007647	0.883983
383	0.000000	0.000000	0.000000	0.000000	0.006832	0.000000	0.101563	0.007648	0.883957
384	0.000000	0.000000	0.000000	0.000000	0.006774	0.000000	0.101570	0.007634	0.884022
385	0.000000	0.000000	0.000000	0.000000	0.006750	0.000000	0.101877	0.007525	0.883848
386	0.000000	0.000000	0.000000	0.000000	0.006634	0.000000	0.101732	0.007457	0.884177
387	0.000000	0.000000	0.000000	0.000000	0.006550	0.000000	0.101923	0.007474	0.884053
388	0.000000	0.000000	0.000000	0.000000	0.006489	0.000000	0.102069	0.007443	0.883999
389	0.000000	0.000000	0.000000	0.000000	0.006427	0.000000	0.102244	0.007474	0.883855
390	0.000000	0.000000	0.000000	0.000000	0.006336	0.000000	0.102105	0.007377	0.884182
391	0.000000	0.000000	0.000000	0.000000	0.006287	0.000000	0.101970	0.007427	0.884316
392	0.000000	0.000000	0.000000	0.000000	0.006222	0.000000	0.102011	0.007439	0.884328
393	0.000000	0.000000	0.000000	0.000000	0.006202	0.000000	0.101823	0.007428	0.884547
394	0.000000	0.000000	0.000000	0.000000	0.006169	0.000000	0.101358	0.007477	0.884996
395	0.000000	0.000000	0.000000	0.000000	0.006121	0.000000	0.101320	0.007497	0.885062
396	0.000000	0.000000	0.000000	0.000000	0.006051	0.000000	0.101411	0.007603	0.884935
397	0.000000	0.000000	0.000000	0.000000	0.006074	0.000000	0.101249	0.007623	0.885054
398	0.000000	0.000000	0.000000	0.000000	0.005997	0.000000	0.101323	0.007546	0.885134
399	0.000000	0.000000	0.000000	0.000000	0.006004	0.000000	0.101463	0.007448	0.885085
400	0.000000	0.000000	0.000000	0.000000	0.005919	0.000000	0.101447	0.007442	0.885192
401	0.000000	0.000000	0.000000	0.000000	0.005824	0.000000	0.101302	0.007540	0.885334
402	0.000000	0.000000	0.000000	0.000000	0.005843	0.000000	0.101543	0.007562	0.885052
403	0.000000	0.000000	0.000000	0.000000	0.005749	0.000000	0.101714	0.007528	0.885009
404	0.000000	0.000000	0.000000	0.000000	0.005701	0.000000	0.101698	0.007566	0.885035
405	0.000000	0.000000	0.000000	0.000000	0.005666	0.000000	0.101858	0.007684	0.884792
406	0.000000	0.000000	0.000000	0.000000	0.005612	0.000000	0.101748	0.007613	0.885027
407	0.000000	0.000000	0.000000	0.000000	0.005590	0.000000	0.101608	0.007590	0.885212
408	0.000000	0.000000	0.000000	0.000000	0.005516	0.000000	0.101673	0.007664	0.885147
409	0.000000	0.000000	0.000000	0.000000	0.005406	0.000000	0.102114	0.007697	0.884783
410	0.000000	0.000000	0.000000	0.000000	0.005386	0.000000	0.102103	0.007657	0.884854
411	0.000000	0.000000	0.000000	0.000000	0.005304	0.000000	0.102406	0.007605	0.884685
412	0.000000	0.000000	0.000000	0.000000	0.005238	0.000000	0.102413	0.007774	0.884575
413	0.000000	0.000000	0.000000	0.000000	0.005199	0.000000	0.102524	0.007784	0.884493
414	0.000000	0.000000	0.000000	0.000000	0.005165	0.000000	0.102577	0.007787	0.884471
415	0.000000	0.000000	0.000000	0.000000	0.005150	0.000000	0.102549	0.007796	0.884505
416	0.000000	0.000000	0.000000	0.000000	0.005122	0.000000	0.102308	0.007773	0.884797
417	0.000000	0.000000	0.000000	0.000000	0.005086	0.000000	0.102207	0.007767	0.884940
418	0.000000	0.000000	0.000000	0.000000	0.005039	0.000000	0.102341	0.007758	0.884862
419	0.000000	0.000000	0.000000	0.000000	0.005069	0.000000	0.103043	0.007743	0.884145
420	0.000000	0.000000	0.000000	0.000000	0.004990	0.000000	0.102801	0.007822	0.884387
421	0.000000	0.000000	0.000000	0.000000	0.004964	0.000000	0.103178	0.007755	0.884103
422	0.000000	0.000000	0.000000	0.000000	0.004904	0.000000	0.103200	0.007840	0.884056
423	0.000000	0.000000	0.000000	0.000000	0.004908	0.000000	0.103053	0.007911	0.884128
424	0.000000	0.000000	0.000000	0.000000	0.004900	0.000000	0.103152	0.007907	0.884041
425	0.000000	0.000000	0.000000	0.000000	0.004831	0.000000	0.103067	0.007998	0.884104
426	0.000000	0.000000	0.000000	0.000000	0.004847	0.000000	0.102725	0.008034	0.884394
427	0.000000	0.000000	0.000000	0.000000	0.004760	0.000000	0.102395	0.008155	0.884690
428	0.000000	0.000000	0.000000	0.000000	0.004734	0.000000	0.102517	0.008178	0.884571
429	0.000000	0.000000	0.000000	0.000000	0.004676	0.000000	0.102696	0.008106	0.884522
430	0.000000	0.000000	0.000000	0.000000	0.004599	0.000000	0.102551	0.008035	0.884815
431	0.000000	0.000000	0.000000	0.000000	0.004574	0.000000	0.101935	0.008111	0.885380
432	0.000000	0.000000	0.000000	0.000000	0.004518	0.000000	0.102322	0.008062	0.885098
433	0.000000	0.000000	0.000000	0.000000	0.004474	0.000000	0.102311	0.007941	0.885274
434	0.000000	0.000000	0.000000	0.000000	0.004488	0.000000	0.102194	0.008011	0.885307
435	0.000000	0.000000	0.000000	0.000000	0.004493	0.000000	0.102239	0.008105	0.885163
436	0.000000	0.000000	0.000000	0.000000	0.004410	0.000000	0.102213	0.008006	0.885371
437	0.000000	0.000000	0.000000	0.000000	0.004411	0.000000	0.102242	0.008014	0.885333
438	0.000000	0.000000	0.000000	0.000000	0.004406	0.000000	0.102112	0.008009	0.885473
439	0.000000	0.000000	0.000000	0.000000	0.004366	0.000000	0.102417	0.007936	0.885281
440	0.000000	0.000000	0.000000	0.000000	0.004302	0.000000	0.102390	0.007944	0.885364
441	0.000000	0.000000	0.000000	0.000000	0.004267	0.000000	0.102509	0.007916	0.885308
442	0.000000	0.000000	0.000000	0.000000	0.004245	0.000000	0.102572	0.007850	0.885333
443	0.000000	0.000000	0.000000	0.000000	0.004247	0.000000	0.102812	0.007874	0.885067
444	0.000000	0.000000	0.000000	0.000000	0.004170	0.000000	0.102941	0.007734	0.885155
445	0.000000	0.000000	0.000000	0.000000	0.004098	0.000000	0.102925	0.007773	0.885204
446	0.000000	0.000000	0.000000	0.000000	0.004020	0.000000	0.103130	0.007797	0.885053
447	0.000000	0.000000	0.000000	0.000000	0.003972	0.000000	0.103301	0.007817	0.884910
448	0.000000	0.000000	0.000000	0.000000	0.003932	0.000000	0.103653	0.007856	0.884559
449	0.000000	0.000000	0.000000	0.000000	0.003874	0.000000	0.103353	0.007935	0.884838
450	0.000000	0.000000	0.000000	0.000000	0.003879	0.000000	0.103321	0.008025	0.884775
451	0.000000	0.000000	0.000000	0.000000	0.003835	0.000000	0.103323	0.007984	0.884858
452	0.000000	0.000000	0.000000	0.000000	0.003789	0.000000	0.103316	0.008004	0.884891
453	0.000000	0.000000	0.000000	0.000000	0.003804	0.000000	0.103347	0.008027	0.884822
454	0.000000	0.000000	0.000000	0.000000	0.003782	0.000000	0.103531	0.008102	0.884585
455	0.000000	0.000000	0.000000	0.000000	0.003707	0.000000	0.103396	0.008056	0.884841
456	0.000000	0.000000	0.000000	0.000000	0.003665	0.000000	0.103257	0.008085	0.884993
457	0.000000	0.000000	0.000000	0.000000	0.003624	0.000000	0.103272	0.008127	0.884977
458	0.000000	0.000000	0.000000	0.000000	0.003551	0.000000	0.103294	0.008232	0.884923
459	0.000000	0.000000	0.000000	0.000000	0.003527	0.000000	0.103464	0.008222	0.884787
460	0.000000	0.000000	0.000000	0.000000	0.003518	0.000000	0.103605	0.008244	0.884633
461	0.000000	0.000000	0.000000	0.000000	0.003468	0.000000	0.103482	0.008170	0.884880
462	0.000000	0.000000	0.000000	0.000000	0.003466	0.000000	0.103365	0.008099	0.885070
463	0.000000	0.000000	0.000000	0.000000	0.003381	0.000000	0.103327	0.007995	0.885297
464	0.000000	0.000000	0.000000	0.000000	0.003349	0.000000	0.103028	0.008126	0.885497
465	0.000000	0.000000	0.000000	0.000000	0.003260	0.000000	0.103154	0.008112	0.885474
466	0.000000	0.000000	0.000000	0.000000	0.003209	0.000000	0.102854	0.008001	0.885936
467	0.000000	0.000000	0.000000	0.000000	0.003162	0.000000	0.102498	0.008003	0.886337
468	0.000000	0.000000	0.000000	0.000000	0.003126	0.000000	0.102442	0.007994	0.886438
469	0.000000	0.000000	0.000000	0.000000	0.003085	0.000000	0.102534	0.008038	0.886343
470	0.000000	0.000000	0.000000	0.000000	0.003071	0.000000	0.102346	0.008135	0.886448
