0	0.290663	0.057897	0.229473	0.157588	0.029913	0.111872	0.085455	0.012259	0.024880
1	0.224236	0.046155	0.195503	0.141308	0.029148	0.122834	0.123217	0.023860	0.093739
2	0.218880	0.044779	0.188680	0.137688	0.029599	0.119874	0.127710	0.024769	0.108021
3	0.219310	0.044443	0.184069	0.135456	0.030755	0.115072	0.128205	0.024653	0.118037
4	0.221617	0.043460	0.179180	0.133240	0.031914	0.110414	0.128518	0.024194	0.127463
5	0.224458	0.043128	0.174653	0.131604	0.033306	0.104919	0.127521	0.023446	0.136965
6	0.227311	0.042573	0.170531	0.129531	0.034802	0.099708	0.126513	0.023069	0.145962
7	0.230721	0.041962	0.165586	0.127923	0.036589	0.094557	0.125507	0.022430	0.154725
8	0.234149	0.041551	0.161250	0.125975	0.038233	0.089603	0.123398	0.021863	0.163978
9	0.237612	0.041056	0.156485	0.124600	0.039807	0.084724	0.122027	0.021058	0.172631
10	0.242436	0.040285	0.151780	0.122805	0.041784	0.080183	0.119454	0.020429	0.180844
11	0.246060	0.039645	0.146768	0.121726	0.043677	0.075843	0.117319	0.019827	0.189135
12	0.250381	0.039112	0.142120	0.120094	0.045774	0.071488	0.114965	0.019100	0.196966
13	0.253672	0.038379	0.137544	0.118326	0.047854	0.068198	0.112536	0.018307	0.205184
14	0.257933	0.037388	0.132429	0.116687	0.050194	0.064430	0.110023	0.017744	0.213172
15	0.261454	0.036667	0.128228	0.115502	0.052602	0.060570	0.107178	0.017057	0.220742
16	0.265057	0.036174	0.123832	0.114086	0.054993	0.057209	0.104650	0.016319	0.227680
17	0.268516	0.035715	0.119542	0.112218	0.057800	0.054235	0.101469	0.015698	0.234807
18	0.272116	0.035095	0.114783	0.110779	0.060754	0.050947	0.098782	0.015150	0.241594
19	0.275298	0.034548	0.110691	0.109247	0.063871	0.048082	0.095896	0.014634	0.247733
20	0.278966	0.033922	0.105823	0.107616	0.067011	0.045110	0.093220	0.013946	0.254386
21	0.282248	0.033501	0.101330	0.105832	0.070490	0.042442	0.090692	0.013326	0.260139
22	0.285176	0.033089	0.096953	0.104247	0.073924	0.040012	0.087784	0.013028	0.265787
23	0.288078	0.032338	0.092990	0.103034	0.077187	0.037866	0.084922	0.012305	0.271280
24	0.291006	0.031865	0.089170	0.101523	0.080349	0.035627	0.082546	0.011781	0.276133
25	0.294310	0.031433	0.084733	0.099575	0.083638	0.033849	0.079687	0.011252	0.281523
26	0.297294	0.030833	0.081165	0.098257	0.087459	0.031784	0.077264	0.010769	0.285175
27	0.299622	0.030285	0.077130	0.096998	0.091335	0.029827	0.074662	0.010195	0.289946
28	0.301711	0.029700	0.073994	0.095042	0.095421	0.028159	0.071807	0.009782	0.294384
29	0.303981	0.029183	0.070693	0.093615	0.099447	0.026328	0.069126	0.009194	0.298433
30	0.306055	0.028476	0.067157	0.092038	0.103710	0.024837	0.066200	0.008780	0.302747
31	0.307929	0.027938	0.063715	0.090668	0.107951	0.023292	0.063825	0.008286	0.306396
32	0.309230	0.027100	0.060830	0.089555	0.112354	0.022068	0.061150	0.007924	0.309789
33	0.310617	0.026327	0.057949	0.087521	0.117570	0.020848	0.059255	0.007414	0.312499
34	0.311520	0.025831	0.055312	0.086679	0.122285	0.019540	0.056473	0.007084	0.315276
35	0.312742	0.025047	0.052339	0.085288	0.127414	0.018487	0.054061	0.006713	0.317909
36	0.313223	0.024575	0.049564	0.084172	0.132896	0.017563	0.051945	0.006354	0.319708
37	0.314432	0.023987	0.047098	0.082459	0.138501	0.016500	0.049525	0.005967	0.321531
38	0.314613	0.023480	0.044784	0.081525	0.144004	0.015406	0.047551	0.005689	0.322948
39	0.314917	0.023023	0.042628	0.079798	0.149607	0.014615	0.045402	0.005461	0.324549
40	0.315242	0.022472	0.040594	0.078634	0.155247	0.013440	0.043851	0.005218	0.325302
41	0.314805	0.021975	0.038486	0.077294	0.161397	0.012889	0.041753	0.004961	0.326440
42	0.314918	0.021258	0.036427	0.076296	0.167006	0.012257	0.039719	0.004851	0.327268
43	0.315445	0.020555	0.034735	0.075436	0.172911	0.011379	0.038104	0.004590	0.326845
44	0.315045	0.019947	0.032711	0.074516	0.179096	0.010736	0.036574	0.004277	0.327098
45	0.314612	0.019275	0.030884	0.073363	0.185608	0.010226	0.034953	0.004121	0.326958
46	0.313806	0.018669	0.029248	0.072533	0.191946	0.009562	0.033328	0.003980	0.326928
47	0.312734	0.018046	0.027794	0.072145	0.198526	0.008984	0.031829	0.003784	0.326158
48	0.311410	0.017638	0.026185	0.071222	0.204957	0.008568	0.030349	0.003641	0.326030
49	0.310110	0.017287	0.024868	0.070470	0.211790	0.008168	0.029079	0.003299	0.324929
50	0.309213	0.016631	0.023519	0.069780	0.218578	0.007781	0.027938	0.003023	0.323537
51	0.307372	0.016006	0.022183	0.069014	0.225593	0.007339	0.026531	0.002869	0.323093
52	0.305804	0.015468	0.020985	0.067972	0.232870	0.007022	0.025081	0.002701	0.322097
53	0.305263	0.015164	0.019635	0.067039	0.239737	0.006666	0.023797	0.002557	0.320142
54	0.303280	0.015025	0.018434	0.066674	0.246807	0.006349	0.022710	0.002430	0.318291
55	0.301571	0.014703	0.017561	0.066223	0.253632	0.006126	0.021479	0.002291	0.316414
56	0.299905	0.014166	0.016552	0.065791	0.260990	0.005902	0.020419	0.002130	0.314145
57	0.297724	0.013571	0.015661	0.065107	0.269193	0.005617	0.019298	0.001980	0.311849
58	0.294916	0.013277	0.014548	0.064832	0.276983	0.005416	0.018161	0.001860	0.310007
59	0.292321	0.012631	0.013779	0.064188	0.284670	0.005195	0.017197	0.001817	0.308202
60	0.289406	0.012198	0.013085	0.063596	0.292732	0.005079	0.016353	0.001643	0.305908
61	0.287021	0.011806	0.012350	0.063244	0.300467	0.004846	0.015364	0.001564	0.303338
62	0.284117	0.011452	0.011629	0.062841	0.308900	0.004546	0.014610	0.001440	0.300465
63	0.281471	0.011106	0.011079	0.062317	0.317074	0.004369	0.013893	0.001408	0.297283
64	0.278504	0.010815	0.010422	0.062141	0.325198	0.004271	0.013104	0.001261	0.294284
65	0.275199	0.010440	0.009826	0.061887	0.333680	0.004169	0.012279	0.001141	0.291379
66	0.272226	0.010051	0.009173	0.061342	0.342181	0.004032	0.011580	0.001065	0.288350
67	0.269497	0.009759	0.008500	0.061064	0.350816	0.003907	0.010971	0.001008	0.284478
68	0.266287	0.009481	0.007989	0.060844	0.359047	0.003845	0.010406	0.000952	0.281149
69	0.262876	0.009251	0.007484	0.060797	0.367681	0.003599	0.009820	0.000894	0.277598
70	0.259560	0.008949	0.007002	0.060705	0.376414	0.003455	0.009416	0.000812	0.273687
71	0.256112	0.008668	0.006532	0.060072	0.385337	0.003298	0.008835	0.000776	0.270370
72	0.252726	0.008408	0.006095	0.059938	0.393814	0.003093	0.008400	0.000737	0.266789
73	0.249899	0.008117	0.005670	0.059653	0.402266	0.002988	0.007917	0.000714	0.262776
74	0.246460	0.007757	0.005307	0.059546	0.410471	0.002949	0.007411	0.000672	0.259427
75	0.242656	0.007490	0.004950	0.059105	0.419787	0.002815	0.006934	0.000636	0.255627
76	0.238847	0.007295	0.004612	0.058872	0.428639	0.002701	0.006570	0.000601	0.251863
77	0.235254	0.006983	0.004379	0.058835	0.437179	0.002605	0.006230	0.000554	0.247981
78	0.231581	0.006828	0.004204	0.058226	0.445796	0.002553	0.005780	0.000538	0.244494
79	0.227121	0.006530	0.004055	0.058155	0.454923	0.002489	0.005502	0.000519	0.240706
80	0.223887	0.006270	0.003775	0.057603	0.463804	0.002408	0.005233	0.000461	0.236559
81	0.219673	0.006008	0.003517	0.057753	0.472129	0.002457	0.005042	0.000434	0.232987
82	0.215288	0.005680	0.003341	0.057729	0.481542	0.002399	0.004772	0.000440	0.228809
83	0.211217	0.005468	0.003039	0.058090	0.489881	0.002310	0.004547	0.000394	0.225054
84	0.206985	0.005389	0.002869	0.058531	0.498501	0.002207	0.004161	0.000367	0.220990
85	0.203146	0.005066	0.002758	0.058533	0.506970	0.002178	0.003872	0.000371	0.217106
86	0.199254	0.004905	0.002564	0.058455	0.515734	0.002052	0.003709	0.000340	0.212987
87	0.195344	0.004652	0.002398	0.058497	0.524801	0.001959	0.003444	0.000322	0.208583
88	0.191289	0.004504	0.002245	0.058197	0.533824	0.001976	0.003185	0.000281	0.204499
89	0.187145	0.004340	0.002171	0.058287	0.542365	0.001949	0.002967	0.000288	0.200488
90	0.182855	0.004240	0.001986	0.058478	0.551340	0.001960	0.002769	0.000292	0.196080
91	0.178798	0.004128	0.001771	0.058502	0.559493	0.002039	0.002622	0.000267	0.192380
92	0.174483	0.004022	0.001676	0.058623	0.568002	0.002003	0.002470	0.000266	0.188455
93	0.170432	0.003814	0.001573	0.058503	0.576561	0.001953	0.002372	0.000264	0.184528
94	0.165549	0.003712	0.001454	0.058431	0.585498	0.001968	0.002173	0.000254	0.180961
95	0.161979	0.003559	0.001337	0.058581	0.593196	0.001928	0.002040	0.000248	0.177132
96	0.158560	0.003379	0.001360	0.058642	0.600828	0.001918	0.001887	0.000235	0.173191
97	0.154841	0.003212	0.001258	0.058421	0.608942	0.001894	0.001787	0.000200	0.169445
98	0.150923	0.003035	0.001148	0.058505	0.617061	0.001895	0.001683	0.000171	0.165579
99	0.147225	0.002900	0.001066	0.058608	0.625061	0.001857	0.001567	0.000160	0.161556
100	0.143144	0.002785	0.000988	0.058939	0.632729	0.001842	0.001482	0.000149	0.157942
101	0.139640	0.002692	0.000937	0.058840	0.639898	0.001862	0.001417	0.000147	0.154567
102	0.135957	0.002576	0.000838	0.058810	0.648106	0.001851	0.001303	0.000137	0.150422
103	0.132255	0.002489	0.000776	0.059009	0.655576	0.001897	0.001209	0.000126	0.146663
104	0.128733	0.002391	0.000714	0.058682	0.663365	0.001862	0.001139	0.000126	0.142988
105	0.125254	0.002344	0.000650	0.058635	0.670774	0.001925	0.001089	0.000127	0.139202
106	0.121543	0.002215	0.000622	0.058875	0.677777	0.001868	0.001018	0.000117	0.135965
107	0.117689	0.002029	0.000566	0.058919	0.685438	0.001908	0.000940	0.000112	0.132399
108	0.113892	0.001909	0.000572	0.058814	0.692948	0.001836	0.000872	0.000117	0.129040
109	0.110663	0.001866	0.000505	0.058700	0.699639	0.001876	0.000814	0.000109	0.125828
110	0.107571	0.001819	0.000483	0.058611	0.706550	0.001827	0.000747	0.000100	0.122292
111	0.104016	0.001717	0.000467	0.058671	0.713502	0.001783	0.000659	0.000089	0.119096
112	0.100635	0.001708	0.000433	0.058556	0.720071	0.001889	0.000634	0.000081	0.115993
113	0.097481	0.001604	0.000408	0.058517	0.727164	0.001780	0.000583	0.000081	0.112382
114	0.094335	0.001556	0.000382	0.058870	0.733323	0.001793	0.000517	0.000073	0.109151
115	0.091328	0.001486	0.000364	0.058925	0.739634	0.001822	0.000456	0.000068	0.105917
116	0.088073	0.001379	0.000318	0.059049	0.746377	0.001829	0.000414	0.000070	0.102491
117	0.085085	0.001270	0.000293	0.059192	0.752289	0.001784	0.000381	0.000053	0.099653
118	0.082036	0.001208	0.000273	0.059193	0.758793	0.001728	0.000382	0.000055	0.096332
119	0.079205	0.001148	0.000241	0.058829	0.765045	0.001723	0.000344	0.000053	0.093412
120	0.076600	0.001048	0.000223	0.058717	0.770787	0.001706	0.000315	0.000050	0.090554
121	0.073896	0.001020	0.000189	0.058642	0.776629	0.001681	0.000275	0.000043	0.087625
122	0.071016	0.000967	0.000166	0.058700	0.782407	0.001671	0.000260	0.000037	0.084776
123	0.068330	0.000899	0.000168	0.058890	0.787886	0.001648	0.000246	0.000036	0.081897
124	0.065820	0.000793	0.000150	0.058898	0.793165	0.001651	0.000225	0.000031	0.079267
125	0.063493	0.000763	0.000133	0.059078	0.797860	0.001664	0.000205	0.000032	0.076772
126	0.061231	0.000719	0.000145	0.059375	0.802528	0.001618	0.000183	0.000032	0.074169
127	0.059154	0.000670	0.000142	0.059523	0.807151	0.001625	0.000169	0.000042	0.071524
128	0.056885	0.000582	0.000132	0.059728	0.811739	0.001600	0.000166	0.000037	0.069131
129	0.054448	0.000525	0.000125	0.059560	0.816578	0.001581	0.000161	0.000033	0.066989
130	0.052487	0.000463	0.000108	0.059503	0.820619	0.001620	0.000153	0.000029	0.065018
131	0.050388	0.000418	0.000105	0.059514	0.825034	0.001622	0.000145	0.000027	0.062747
132	0.048445	0.000398	0.000100	0.059512	0.829277	0.001580	0.000139	0.000027	0.060522
133	0.046381	0.000355	0.000082	0.059386	0.833883	0.001586	0.000123	0.000029	0.058175
134	0.044338	0.000335	0.000063	0.059761	0.837776	0.001603	0.000113	0.000028	0.055983
135	0.042683	0.000295	0.000058	0.059460	0.841779	0.001644	0.000098	0.000023	0.053960
136	0.040988	0.000284	0.000053	0.059473	0.845455	0.001658	0.000117	0.000017	0.051955
137	0.039266	0.000270	0.000057	0.059613	0.848912	0.001638	0.000103	0.000019	0.050122
138	0.037632	0.000260	0.000054	0.059607	0.852308	0.001632	0.000095	0.000020	0.048392
139	0.035804	0.000232	0.000044	0.059683	0.856001	0.001596	0.000089	0.000014	0.046537
140	0.034486	0.000215	0.000040	0.059563	0.859325	0.001559	0.000090	0.000017	0.044705
141	0.033071	0.000195	0.000030	0.059553	0.862726	0.001568	0.000093	0.000018	0.042746
142	0.031578	0.000183	0.000032	0.059655	0.865728	0.001551	0.000082	0.000015	0.041176
143	0.030180	0.000161	0.000043	0.059803	0.868397	0.001559	0.000080	0.000018	0.039759
144	0.028758	0.000180	0.000044	0.059638	0.871799	0.001532	0.000073	0.000012	0.037964
145	0.027365	0.000162	0.000036	0.059842	0.874618	0.001519	0.000071	0.000015	0.036372
146	0.026106	0.000145	0.000040	0.059990	0.877227	0.001575	0.000050	0.000011	0.034856
147	0.024903	0.000156	0.000032	0.060124	0.879858	0.001620	0.000047	0.000011	0.033249
148	0.023727	0.000142	0.000043	0.060211	0.882108	0.001664	0.000045	0.000014	0.032046
149	0.022500	0.000127	0.000033	0.060133	0.884853	0.001653	0.000044	0.000018	0.030639
150	0.021356	0.000120	0.000035	0.060517	0.887098	0.001608	0.000039	0.000022	0.029205
151	0.020347	0.000112	0.000031	0.060239	0.889813	0.001585	0.000027	0.000021	0.027825
152	0.019536	0.000111	0.000038	0.060480	0.891740	0.001592	0.000027	0.000027	0.026449
153	0.018604	0.000103	0.000041	0.060080	0.894202	0.001611	0.000027	0.000021	0.025311
154	0.017712	0.000086	0.000032	0.060159	0.896030	0.001634	0.000027	0.000024	0.024296
155	0.016973	0.000085	0.000028	0.060245	0.897913	0.001633	0.000026	0.000021	0.023076
156	0.016128	0.000085	0.000028	0.060103	0.899941	0.001656	0.000023	0.000017	0.022019
157	0.015395	0.000074	0.000030	0.059906	0.901921	0.001690	0.000023	0.000015	0.020946
158	0.014626	0.000087	0.000028	0.060215	0.903457	0.001676	0.000023	0.000019	0.019869
159	0.013779	0.000093	0.000024	0.060192	0.905294	0.001623	0.000027	0.000013	0.018955
160	0.013245	0.000093	0.000026	0.060326	0.906553	0.001681	0.000022	0.000016	0.018038
161	0.012546	0.000067	0.000026	0.060045	0.908506	0.001715	0.000031	0.000015	0.017049
162	0.011725	0.000057	0.000019	0.060231	0.909971	0.001690	0.000022	0.000014	0.016271
163	0.011079	0.000065	0.000014	0.060145	0.911573	0.001695	0.000021	0.000015	0.015393
164	0.010461	0.000064	0.000018	0.060086	0.913018	0.001726	0.000020	0.000008	0.014599
165	0.009908	0.000055	0.000017	0.059849	0.914611	0.001677	0.000020	0.000008	0.013855
166	0.009267	0.000048	0.000013	0.059898	0.915895	0.001705	0.000023	0.000009	0.013142
167	0.008717	0.000055	0.000012	0.060021	0.916964	0.001659	0.000017	0.000011	0.012544
168	0.008240	0.000061	0.000008	0.059946	0.918229	0.001693	0.000018	0.000011	0.011794
169	0.007813	0.000055	0.000008	0.060041	0.919186	0.001691	0.000013	0.000011	0.011182
170	0.007375	0.000060	0.000005	0.059841	0.920360	0.001741	0.000015	0.000010	0.010593
171	0.006901	0.000050	0.000005	0.059586	0.921572	0.001749	0.000016	0.000010	0.010111
172	0.006596	0.000036	0.000002	0.059389	0.922716	0.001777	0.000010	0.000007	0.009467
173	0.006235	0.000034	0.000003	0.059548	0.923321	0.001816	0.000010	0.000003	0.009030
174	0.005889	0.000026	0.000000	0.059398	0.924209	0.001873	0.000003	0.000003	0.008599
175	0.005604	0.000015	0.000000	0.059465	0.924968	0.001790	0.000000	0.000001	0.008157
176	0.005303	0.000009	0.000000	0.059319	0.925914	0.001766	0.000000	0.000003	0.007686
177	0.005070	0.000009	0.000000	0.059565	0.926242	0.001847	0.000000	0.000002	0.007265
178	0.004730	0.000008	0.000000	0.059139	0.927312	0.001828	0.000000	0.000001	0.006982
179	0.004520	0.000006	0.000000	0.059295	0.927814	0.001793	0.000000	0.000001	0.006571
180	0.004215	0.000004	0.000000	0.058991	0.928817	0.001778	0.000000	0.000000	0.006195
181	0.004111	0.000005	0.000000	0.058830	0.929436	0.001765	0.000000	0.000000	0.005853
182	0.003806	0.000001	0.000000	0.058614	0.930232	0.001796	0.000000	0.000000	0.005551
183	0.003592	0.000002	0.000000	0.058706	0.930667	0.001840	0.000000	0.000000	0.005193
184	0.003352	0.000000	0.000000	0.058534	0.931472	0.001781	0.000000	0.000000	0.004861
185	0.003217	0.000000	0.000000	0.058386	0.932094	0.001716	0.000000	0.000000	0.004587
186	0.003081	0.000000	0.000000	0.058324	0.932520	0.001720	0.000000	0.000000	0.004355
187	0.002941	0.000000	0.000000	0.058248	0.933072	0.001704	0.000000	0.000000	0.004035
188	0.002779	0.000000	0.000000	0.057940	0.933809	0.001668	0.000000	0.000000	0.003804
189	0.002638	0.000000	0.000000	0.058028	0.934025	0.001690	0.000000	0.000000	0.003619
190	0.002452	0.000000	0.000000	0.058045	0.934515	0.001629	0.000000	0.000000	0.003359
191	0.002295	0.000000	0.000000	0.058181	0.934764	0.001649	0.000000	0.000000	0.003111
192	0.002164	0.000000	0.000000	0.057983	0.935247	0.001667	0.000000	0.000000	0.002939
193	0.002038	0.000000	0.000000	0.057938	0.935628	0.001694	0.000000	0.000000	0.002702
194	0.001921	0.000000	0.000000	0.057687	0.936233	0.001633	0.000000	0.000000	0.002526
195	0.001799	0.000000	0.000000	0.057523	0.936697	0.001606	0.000000	0.000000	0.002375
196	0.001643	0.000000	0.000000	0.057327	0.937180	0.001641	0.000000	0.000000	0.002209
197	0.001575	0.000000	0.000000	0.057160	0.937587	0.001611	0.000000	0.000000	0.002067
198	0.001495	0.000000	0.000000	0.057044	0.937894	0.001642	0.000000	0.000000	0.001925
199	0.001384	0.000000	0.000000	0.057203	0.938063	0.001599	0.000000	0.000000	0.001751
200	0.001307	0.000000	0.000000	0.057207	0.938229	0.001620	0.000000	0.000000	0.001637
201	0.001280	0.000000	0.000000	0.057140	0.938429	0.001593	0.000000	0.000000	0.001558
202	0.001220	0.000000	0.000000	0.057092	0.938608	0.001629	0.000000	0.000000	0.001451
203	0.001139	0.000000	0.000000	0.057222	0.938748	0.001561	0.000000	0.000000	0.001330
204	0.001085	0.000000	0.000000	0.057317	0.938776	0.001588	0.000000	0.000000	0.001234
205	0.000973	0.000000	0.000000	0.057250	0.939044	0.001615	0.000000	0.000000	0.001118
206	0.000887	0.000000	0.000000	0.057089	0.939366	0.001617	0.000000	0.000000	0.001041
207	0.000829	0.000000	0.000000	0.057023	0.939573	0.001612	0.000000	0.000000	0.000963
208	0.000755	0.000000	0.000000	0.056984	0.939746	0.001623	0.000000	0.000000	0.000892
209	0.000697	0.000000	0.000000	0.057183	0.939622	0.001651	0.000000	0.000000	0.000847
210	0.000678	0.000000	0.000000	0.056894	0.939967	0.001701	0.000000	0.000000	0.000760
211	0.000621	0.000000	0.000000	0.057060	0.939966	0.001613	0.000000	0.000000	0.000740
212	0.000563	0.000000	0.000000	0.057034	0.940077	0.001636	0.000000	0.000000	0.000690
213	0.000490	0.000000	0.000000	0.056877	0.940361	0.001634	0.000000	0.000000	0.000638
214	0.000488	0.000000	0.000000	0.056484	0.940762	0.001668	0.000000	0.000000	0.000598
215	0.000458	0.000000	0.000000	0.056745	0.940533	0.001728	0.000000	0.000000	0.000536
216	0.000410	0.000000	0.000000	0.056663	0.940690	0.001741	0.000000	0.000000	0.000496
217	0.000393	0.000000	0.000000	0.056320	0.941024	0.001795	0.000000	0.000000	0.000468
218	0.000363	0.000000	0.000000	0.056441	0.941011	0.001747	0.000000	0.000000	0.000438
219	0.000335	0.000000	0.000000	0.056251	0.941247	0.001752	0.000000	0.000000	0.000415
220	0.000291	0.000000	0.000000	0.055931	0.941597	0.001814	0.000000	0.000000	0.000367
221	0.000261	0.000000	0.000000	0.055899	0.941629	0.001868	0.000000	0.000000	0.000343
222	0.000244	0.000000	0.000000	0.056040	0.941456	0.001948	0.000000	0.000000	0.000312
223	0.000225	0.000000	0.000000	0.056003	0.941561	0.001926	0.000000	0.000000	0.000285
224	0.000203	0.000000	0.000000	0.056121	0.941492	0.001929	0.000000	0.000000	0.000255
225	0.000175	0.000000	0.000000	0.055958	0.941726	0.001923	0.000000	0.000000	0.000218
226	0.000151	0.000000	0.000000	0.056050	0.941709	0.001882	0.000000	0.000000	0.000208
227	0.000130	0.000000	0.000000	0.056023	0.941715	0.001942	0.000000	0.000000	0.000190
228	0.000108	0.000000	0.000000	0.056131	0.941604	0.001974	0.000000	0.000000	0.000183
229	0.000104	0.000000	0.000000	0.056167	0.941599	0.001961	0.000000	0.000000	0.000169
230	0.000107	0.000000	0.000000	0.056058	0.941742	0.001936	0.000000	0.000000	0.000157
231	0.000105	0.000000	0.000000	0.055930	0.941867	0.001954	0.000000	0.000000	0.000144
232	0.000111	0.000000	0.000000	0.055750	0.941995	0.002008	0.000000	0.000000	0.000136
233	0.000117	0.000000	0.000000	0.055854	0.941913	0.001986	0.000000	0.000000	0.000130
234	0.000114	0.000000	0.000000	0.055761	0.942015	0.001990	0.000000	0.000000	0.000120
235	0.000117	0.000000	0.000000	0.055510	0.942229	0.002027	0.000000	0.000000	0.000117
236	0.000128	0.000000	0.000000	0.055875	0.941862	0.002020	0.000000	0.000000	0.000115
237	0.000122	0.000000	0.000000	0.056394	0.941376	0.002004	0.000000	0.000000	0.000104
238	0.000120	0.000000	0.000000	0.056249	0.941448	0.002091	0.000000	0.000000	0.000092
239	0.000120	0.000000	0.000000	0.056123	0.941586	0.002079	0.000000	0.000000	0.000092
240	0.000120	0.000000	0.000000	0.056144	0.941610	0.002041	0.000000	0.000000	0.000085
241	0.000108	0.000000	0.000000	0.056001	0.941787	0.002034	0.000000	0.000000	0.000070
242	0.000119	0.000000	0.000000	0.056006	0.941778	0.002036	0.000000	0.000000	0.000061
243	0.000114	0.000000	0.000000	0.055754	0.942054	0.002027	0.000000	0.000000	0.000051
244	0.000113	0.000000	0.000000	0.056073	0.941836	0.001925	0.000000	0.000000	0.000053
245	0.000105	0.000000	0.000000	0.056083	0.941803	0.001960	0.000000	0.000000	0.000049
246	0.000108	0.000000	0.000000	0.055903	0.941927	0.002009	0.000000	0.000000	0.000053
247	0.000094	0.000000	0.000000	0.056040	0.941843	0.001974	0.000000	0.000000	0.000049
248	0.000096	0.000000	0.000000	0.055911	0.941995	0.001959	0.000000	0.000000	0.000039
249	0.000095	0.000000	0.000000	0.055856	0.942037	0.001973	0.000000	0.000000	0.000039
250	0.000089	0.000000	0.000000	0.055717	0.942189	0.001970	0.000000	0.000000	0.000035
251	0.000085	0.000000	0.000000	0.055857	0.942003	0.002029	0.000000	0.000000	0.000026
252	0.000082	0.000000	0.000000	0.055907	0.941946	0.002038	0.000000	0.000000	0.000027
253	0.000071	0.000000	0.000000	0.055711	0.942225	0.001970	0.000000	0.000000	0.000023
254	0.000061	0.000000	0.000000	0.055585	0.942422	0.001910	0.000000	0.000000	0.000022
255	0.000056	0.000000	0.000000	0.055317	0.942683	0.001926	0.000000	0.000000	0.000018
256	0.000060	0.000000	0.000000	0.055425	0.942557	0.001943	0.000000	0.000000	0.000015
257	0.000056	0.000000	0.000000	0.055253	0.942705	0.001976	0.000000	0.000000	0.000010
258	0.000063	0.000000	0.000000	0.054971	0.943020	0.001935	0.000000	0.000000	0.000011
259	0.000068	0.000000	0.000000	0.054827	0.943156	0.001936	0.000000	0.000000	0.000013
260	0.000078	0.000000	0.000000	0.054753	0.943218	0.001938	0.000000	0.000000	0.000013
261	0.000072	0.000000	0.000000	0.054837	0.943151	0.001926	0.000000	0.000000	0.000014
262	0.000072	0.000000	0.000000	0.054847	0.943119	0.001956	0.000000	0.000000	0.000006
263	0.000060	0.000000	0.000000	0.055030	0.942928	0.001976	0.000000	0.000000	0.000006
264	0.000070	0.000000	0.000000	0.054602	0.943313	0.002012	0.000000	0.000000	0.000003
265	0.000060	0.000000	0.000000	0.054679	0.943239	0.002018	0.000000	0.000000	0.000004
266	0.000064	0.000000	0.000000	0.054838	0.943073	0.002023	0.000000	0.000000	0.000002
267	0.000064	0.000000	0.000000	0.054594	0.943355	0.001985	0.000000	0.000000	0.000002
268	0.000069	0.000000	0.000000	0.054703	0.943296	0.001929	0.000000	0.000000	0.000003
269	0.000062	0.000000	0.000000	0.054683	0.943294	0.001960	0.000000	0.000000	0.000001
270	0.000070	0.000000	0.000000	0.054749	0.943222	0.001958	0.000000	0.000000	0.000001
271	0.000072	0.000000	0.000000	0.054734	0.943299	0.001893	0.000000	0.000000	0.000002
272	0.000080	0.000000	0.000000	0.054730	0.943299	0.001890	0.000000	0.000000	0.000001
273	0.000072	0.000000	0.000000	0.054567	0.943407	0.001954	0.000000	0.000000	0.000000
274	0.000063	0.000000	0.000000	0.054514	0.943496	0.001927	0.000000	0.000000	0.000000
275	0.000058	0.000000	0.000000	0.054477	0.943488	0.001977	0.000000	0.000000	0.000000
276	0.000053	0.000000	0.000000	0.054751	0.943215	0.001981	0.000000	0.000000	0.000000
277	0.000044	0.000000	0.000000	0.054505	0.943509	0.001942	0.000000	0.000000	0.000000
278	0.000048	0.000000	0.000000	0.054539	0.943493	0.001920	0.000000	0.000000	0.000000
279	0.000052	0.000000	0.000000	0.054487	0.943501	0.001960	0.000000	0.000000	0.000000
280	0.000056	0.000000	0.000000	0.054326	0.943623	0.001995	0.000000	0.000000	0.000000
281	0.000062	0.000000	0.000000	0.054429	0.943542	0.001967	0.000000	0.000000	0.000000
282	0.000069	0.000000	0.000000	0.054072	0.943871	0.001988	0.000000	0.000000	0.000000
283	0.000063	0.000000	0.000000	0.054254	0.943713	0.001970	0.000000	0.000000	0.000000
284	0.000055	0.000000	0.000000	0.054311	0.943698	0.001936	0.000000	0.000000	0.000000
285	0.000049	0.000000	0.000000	0.054286	0.943677	0.001988	0.000000	0.000000	0.000000
286	0.000055	0.000000	0.000000	0.054219	0.943765	0.001961	0.000000	0.000000	0.000000
287	0.000058	0.000000	0.000000	0.054211	0.943754	0.001977	0.000000	0.000000	0.000000
288	0.000062	0.000000	0.000000	0.054297	0.943651	0.001990	0.000000	0.000000	0.000000
289	0.000054	0.000000	0.000000	0.054158	0.943786	0.002002	0.000000	0.000000	0.000000
290	0.000046	0.000000	0.000000	0.054012	0.943955	0.001987	0.000000	0.000000	0.000000
291	0.000046	0.000000	0.000000	0.053764	0.944192	0.001998	0.000000	0.000000	0.000000
292	0.000042	0.000000	0.000000	0.053673	0.944240	0.002045	0.000000	0.000000	0.000000
293	0.000027	0.000000	0.000000	0.053523	0.944478	0.001972	0.000000	0.000000	0.000000
294	0.000024	0.000000	0.000000	0.053560	0.944488	0.001928	0.000000	0.000000	0.000000
295	0.000024	0.000000	0.000000	0.053827	0.944226	0.001923	0.000000	0.000000	0.000000
296	0.000023	0.000000	0.000000	0.053844	0.944220	0.001913	0.000000	0.000000	0.000000
297	0.000017	0.000000	0.000000	0.054073	0.944030	0.001880	0.000000	0.000000	0.000000
298	0.000022	0.000000	0.000000	0.054075	0.944005	0.001898	0.000000	0.000000	0.000000
299	0.000025	0.000000	0.000000	0.053983	0.944065	0.001927	0.000000	0.000000	0.000000
300	0.000021	0.000000	0.000000	0.054116	0.943925	0.001938	0.000000	0.000000	0.000000
301	0.000023	0.000000	0.000000	0.054117	0.943913	0.001947	0.000000	0.000000	0.000000
302	0.000014	0.000000	0.000000	0.053810	0.944285	0.001891	0.000000	0.000000	0.000000
303	0.000012	0.000000	0.000000	0.054015	0.944143	0.001830	0.000000	0.000000	0.000000
304	0.000013	0.000000	0.000000	0.053797	0.944290	0.001900	0.000000	0.000000	0.000000
305	0.000012	0.000000	0.000000	0.053602	0.944467	0.001919	0.000000	0.000000	0.000000
306	0.000014	0.000000	0.000000	0.053664	0.944467	0.001855	0.000000	0.000000	0.000000
307	0.000016	0.000000	0.000000	0.053624	0.944439	0.001921	0.000000	0.000000	0.000000
308	0.000013	0.000000	0.000000	0.053696	0.944382	0.001909	0.000000	0.000000	0.000000
309	0.000012	0.000000	0.000000	0.053987	0.944113	0.001888	0.000000	0.000000	0.000000
310	0.000011	0.000000	0.000000	0.054085	0.943993	0.001911	0.000000	0.000000	0.000000
311	0.000015	0.000000	0.000000	0.054348	0.943801	0.001836	0.000000	0.000000	0.000000
312	0.000013	0.000000	0.000000	0.054389	0.943674	0.001924	0.000000	0.000000	0.000000
313	0.000017	0.000000	0.000000	0.054286	0.943797	0.001900	0.000000	0.000000	0.000000
314	0.000014	0.000000	0.000000	0.054258	0.943832	0.001896	0.000000	0.000000	0.000000
315	0.000019	0.000000	0.000000	0.054017	0.944086	0.001878	0.000000	0.000000	0.000000
316	0.000016	0.000000	0.000000	0.054172	0.943905	0.001907	0.000000	0.000000	0.000000
317	0.000016	0.000000	0.000000	0.054214	0.943902	0.001868	0.000000	0.000000	0.000000
318	0.000019	0.000000	0.000000	0.054169	0.943953	0.001859	0.000000	0.000000	0.000000
319	0.000021	0.000000	0.000000	0.054229	0.943904	0.001846	0.000000	0.000000	0.000000
320	0.000016	0.000000	0.000000	0.054448	0.943735	0.001801	0.000000	0.000000	0.000000
321	0.000018	0.000000	0.000000	0.054287	0.943842	0.001853	0.000000	0.000000	0.000000
322	0.000019	0.000000	0.000000	0.053990	0.944177	0.001814	0.000000	0.000000	0.000000
323	0.000021	0.000000	0.000000	0.053773	0.944382	0.001824	0.000000	0.000000	0.000000
324	0.000015	0.000000	0.000000	0.053752	0.944437	0.001796	0.000000	0.000000	0.000000
325	0.000009	0.000000	0.000000	0.054001	0.944157	0.001833	0.000000	0.000000	0.000000
326	0.000003	0.000000	0.000000	0.054071	0.944058	0.001868	0.000000	0.000000	0.000000
327	0.000005	0.000000	0.000000	0.054096	0.944115	0.001784	0.000000	0.000000	0.000000
328	0.000005	0.000000	0.000000	0.054024	0.944185	0.001786	0.000000	0.000000	0.000000
329	0.000001	0.000000	0.000000	0.054011	0.944244	0.001744	0.000000	0.000000	0.000000
330	0.000000	0.000000	0.000000	0.053723	0.944508	0.001769	0.000000	0.000000	0.000000
331	0.000000	0.000000	0.000000	0.053563	0.944657	0.001780	0.000000	0.000000	0.000000
332	0.000000	0.000000	0.000000	0.053602	0.944602	0.001796	0.000000	0.000000	0.000000
333	0.000000	0.000000	0.000000	0.053703	0.944539	0.001758	0.000000	0.000000	0.000000
334	0.000000	0.000000	0.000000	0.053876	0.944302	0.001822	0.000000	0.000000	0.000000
335	0.000000	0.000000	0.000000	0.053614	0.944604	0.001782	0.000000	0.000000	0.000000
336	0.000000	0.000000	0.000000	0.053939	0.944255	0.001806	0.000000	0.000000	0.000000
337	0.000000	0.000000	0.000000	0.054089	0.944113	0.001798	0.000000	0.000000	0.000000
338	0.000000	0.000000	0.000000	0.053964	0.944149	0.001887	0.000000	0.000000	0.000000
339	0.000000	0.000000	0.000000	0.054010	0.944141	0.001849	0.000000	0.000000	0.000000
340	0.000000	0.000000	0.000000	0.054052	0.944143	0.001805	0.000000	0.000000	0.000000
341	0.000000	0.000000	0.000000	0.053800	0.944358	0.001842	0.000000	0.000000	0.000000
342	0.000000	0.000000	0.000000	0.053822	0.944392	0.001786	0.000000	0.000000	0.000000
343	0.000000	0.000000	0.000000	0.053643	0.944584	0.001773	0.000000	0.000000	0.000000
344	0.000000	0.000000	0.000000	0.053837	0.944392	0.001771	0.000000	0.000000	0.000000
345	0.000000	0.000000	0.000000	0.053726	0.944467	0.001807	0.000000	0.000000	0.000000
346	0.000000	0.000000	0.000000	0.053925	0.944210	0.001865	0.000000	0.000000	0.000000
347	0.000000	0.000000	0.000000	0.053808	0.944375	0.001817	0.000000	0.000000	0.000000
348	0.000000	0.000000	0.000000	0.053935	0.944196	0.001869	0.000000	0.000000	0.000000
349	0.000000	0.000000	0.000000	0.054001	0.944160	0.001839	0.000000	0.000000	0.000000
350	0.000000	0.000000	0.000000	0.053987	0.944166	0.001847	0.000000	0.000000	0.000000
351	0.000000	0.000000	0.000000	0.053840	0.944328	0.001832	0.000000	0.000000	0.000000
352	0.000000	0.000000	0.000000	0.053844	0.944286	0.001870	0.000000	0.000000	0.000000
353	0.000000	0.000000	0.000000	0.053832	0.944287	0.001881	0.000000	0.000000	0.000000
354	0.000000	0.000000	0.000000	0.054063	0.944077	0.001860	0.000000	0.000000	0.000000
355	0.000000	0.000000	0.000000	0.054145	0.944013	0.001842	0.000000	0.000000	0.000000
356	0.000000	0.000000	0.000000	0.054114	0.944051	0.001835	0.000000	0.000000	0.000000
357	0.000000	0.000000	0.000000	0.053983	0.944192	0.001825	0.000000	0.000000	0.000000
358	0.000000	0.000000	0.000000	0.053871	0.944240	0.001889	0.000000	0.000000	0.000000
359	0.000000	0.000000	0.000000	0.053840	0.944228	0.001932	0.000000	0.000000	0.000000
360	0.000000	0.000000	0.000000	0.054156	0.943925	0.001919	0.000000	0.000000	0.000000
361	0.000000	0.000000	0.000000	0.054127	0.943953	0.001920	0.000000	0.000000	0.000000
362	0.000000	0.000000	0.000000	0.054091	0.943988	0.001921	0.000000	0.000000	0.000000
363	0.000000	0.000000	0.000000	0.054164	0.943935	0.001901	0.000000	0.000000	0.000000
364	0.000000	0.000000	0.000000	0.054338	0.943771	0.001891	0.000000	0.000000	0.000000
365	0.000000	0.000000	0.000000	0.054203	0.943875	0.001922	0.000000	0.000000	0.000000
366	0.000000	0.000000	0.000000	0.054204	0.943876	0.001920	0.000000	0.000000	0.000000
367	0.000000	0.000000	0.000000	0.054117	0.943996	0.001887	0.000000	0.000000	0.000000
368	0.000000	0.000000	0.000000	0.054344	0.943728	0.001928	0.000000	0.000000	0.000000
369	0.000000	0.000000	0.000000	0.054174	0.943914	0.001912	0.000000	0.000000	0.000000
370	0.000000	0.000000	0.000000	0.054146	0.943994	0.001860	0.000000	0.000000	0.000000
371	0.000000	0.000000	0.000000	0.054484	0.943655	0.001861	0.000000	0.000000	0.000000
372	0.000000	0.000000	0.000000	0.054304	0.943795	0.001901	0.000000	0.000000	0.000000
373	0.000000	0.000000	0.000000	0.054223	0.943861	0.001916	0.000000	0.000000	0.000000
374	0.000000	0.000000	0.000000	0.054438	0.943639	0.001923	0.000000	0.000000	0.000000
375	0.000000	0.000000	0.000000	0.054016	0.944076	0.001908	0.000000	0.000000	0.000000
376	0.000000	0.000000	0.000000	0.054006	0.944094	0.001900	0.000000	0.000000	0.000000
377	0.000000	0.000000	0.000000	0.054330	0.943744	0.001926	0.000000	0.000000	0.000000
378	0.000000	0.000000	0.000000	0.054295	0.943804	0.001901	0.000000	0.000000	0.000000
379	0.000000	0.000000	0.000000	0.054482	0.943631	0.001887	0.000000	0.000000	0.000000
380	0.000000	0.000000	0.000000	0.054220	0.943947	0.001833	0.000000	0.000000	0.000000
381	0.000000	0.000000	0.000000	0.053888	0.944279	0.001833	0.000000	0.000000	0.000000
382	0.000000	0.000000	0.000000	0.053814	0.944317	0.001869	0.000000	0.000000	0.000000
383	0.000000	0.000000	0.000000	0.054069	0.944089	0.001842	0.000000	0.000000	0.000000
384	0.000000	0.000000	0.000000	0.054009	0.944157	0.001834	0.000000	0.000000	0.000000
385	0.000000	0.000000	0.000000	0.053790	0.944377	0.001833	0.000000	0.000000	0.000000
386	0.000000	0.000000	0.000000	0.053818	0.944319	0.001863	0.000000	0.000000	0.000000
387	0.000000	0.000000	0.000000	0.053909	0.944220	0.001871	0.000000	0.000000	0.000000
388	0.000000	0.000000	0.000000	0.053899	0.944252	0.001849	0.000000	0.000000	0.000000
389	0.000000	0.000000	0.000000	0.053669	0.944458	0.001873	0.000000	0.000000	0.000000
390	0.000000	0.000000	0.000000	0.053437	0.944719	0.001844	0.000000	0.000000	0.000000
391	0.000000	0.000000	0.000000	0.053518	0.944660	0.001822	0.000000	0.000000	0.000000
392	0.000000	0.000000	0.000000	0.053505	0.944669	0.001826	0.000000	0.000000	0.000000
393	0.000000	0.000000	0.000000	0.053536	0.944611	0.001853	0.000000	0.000000	0.000000
394	0.000000	0.000000	0.000000	0.053460	0.944649	0.001891	0.000000	0.000000	0.000000
395	0.000000	0.000000	0.000000	0.053305	0.944727	0.001968	0.000000	0.000000	0.000000
396	0.000000	0.000000	0.000000	0.053455	0.944640	0.001905	0.000000	0.000000	0.000000
397	0.000000	0.000000	0.000000	0.053299	0.944777	0.001924	0.000000	0.000000	0.000000
398	0.000000	0.000000	0.000000	0.053651	0.944452	0.001897	0.000000	0.000000	0.000000
399	0.000000	0.000000	0.000000	0.053767	0.944366	0.001867	0.000000	0.000000	0.000000
400	0.000000	0.000000	0.000000	0.053935	0.944219	0.001846	0.000000	0.000000	0.000000
401	0.000000	0.000000	0.000000	0.053853	0.944285	0.001862	0.000000	0.000000	0.000000
402	0.000000	0.000000	0.000000	0.053893	0.944252	0.001855	0.000000	0.000000	0.000000
403	0.000000	0.000000	0.000000	0.053838	0.944294	0.001868	0.000000	0.000000	0.000000
404	0.000000	0.000000	0.000000	0.054164	0.943968	0.001868	0.000000	0.000000	0.000000
405	0.000000	0.000000	0.000000	0.054023	0.944166	0.001811	0.000000	0.000000	0.000000
406	0.000000	0.000000	0.000000	0.054148	0.944003	0.001849	0.000000	0.000000	0.000000
407	0.000000	0.000000	0.000000	0.054169	0.944030	0.001801	0.000000	0.000000	0.000000
408	0.000000	0.000000	0.000000	0.054252	0.943924	0.001824	0.000000	0.000000	0.000000
409	0.000000	0.000000	0.000000	0.054455	0.943729	0.001816	0.000000	0.000000	0.000000
410	0.000000	0.000000	0.000000	0.054382	0.943808	0.001810	0.000000	0.000000	0.000000
411	0.000000	0.000000	0.000000	0.054515	0.943691	0.001794	0.000000	0.000000	0.000000
412	0.000000	0.000000	0.000000	0.054359	0.943834	0.001807	0.000000	0.000000	0.000000
413	0.000000	0.000000	0.000000	0.054345	0.943819	0.001836	0.000000	0.000000	0.000000
414	0.000000	0.000000	0.000000	0.054117	0.944016	0.001867	0.000000	0.000000	0.000000
415	0.000000	0.000000	0.000000	0.053992	0.944138	0.001870	0.000000	0.000000	0.000000
416	0.000000	0.000000	0.000000	0.054149	0.943987	0.001864	0.000000	0.000000	0.000000
417	0.000000	0.000000	0.000000	0.054168	0.943927	0.001905	0.000000	0.000000	0.000000
418	0.000000	0.000000	0.000000	0.054242	0.943880	0.001878	0.000000	0.000000	0.000000
419	0.000000	0.000000	0.000000	0.054226	0.943883	0.001891	0.000000	0.000000	0.000000
420	0.000000	0.000000	0.000000	0.054072	0.944050	0.001878	0.000000	0.000000	0.000000
421	0.000000	0.000000	0.000000	0.053936	0.944101	0.001963	0.000000	0.000000	0.000000
422	0.000000	0.000000	0.000000	0.053951	0.944137	0.001912	0.000000	0.000000	0.000000
423	0.000000	0.000000	0.000000	0.053794	0.944223	0.001983	0.000000	0.000000	0.000000
424	0.000000	0.000000	0.000000	0.053943	0.944124	0.001933	0.000000	0.000000	0.000000
425	0.000000	0.000000	0.000000	0.053807	0.944257	0.001936	0.000000	0.000000	0.000000
426	0.000000	0.000000	0.000000	0.053959	0.944106	0.001935	0.000000	0.000000	0.000000
427	0.000000	0.000000	0.000000	0.054046	0.943996	0.001958	0.000000	0.000000	0.000000
428	0.000000	0.000000	0.000000	0.054288	0.943808	0.001904	0.000000	0.000000	0.000000
429	0.000000	0.000000	0.000000	0.054350	0.943699	0.001951	0.000000	0.000000	0.000000
430	0.000000	0.000000	0.000000	0.054484	0.943582	0.001934	0.000000	0.000000	0.000000
431	0.000000	0.000000	0.000000	0.054330	0.943758	0.001912	0.000000	0.000000	0.000000
432	0.000000	0.000000	0.000000	0.054009	0.944078	0.001913	0.000000	0.000000	0.000000
433	0.000000	0.000000	0.000000	0.054071	0.943978	0.001951	0.000000	0.000000	0.000000
434	0.000000	0.000000	0.000000	0.054051	0.944045	0.001904	0.000000	0.000000	0.000000
435	0.000000	0.000000	0.000000	0.053889	0.944193	0.001918	0.000000	0.000000	0.000000
436	0.000000	0.000000	0.000000	0.053828	0.944220	0.001952	0.000000	0.000000	0.000000
437	0.000000	0.000000	0.000000	0.053605	0.944398	0.001997	0.000000	0.000000	0.000000
438	0.000000	0.000000	0.000000	0.053694	0.944373	0.001933	0.000000	0.000000	0.000000
439	0.000000	0.000000	0.000000	0.053929	0.944112	0.001959	0.000000	0.000000	0.000000
440	0.000000	0.000000	0.000000	0.053943	0.944075	0.001982	0.000000	0.000000	0.000000
441	0.000000	0.000000	0.000000	0.053913	0.944131	0.001956	0.000000	0.000000	0.000000
442	0.000000	0.000000	0.000000	0.054060	0.943985	0.001955	0.000000	0.000000	0.000000
443	0.000000	0.000000	0.000000	0.053780	0.944253	0.001967	0.000000	0.000000	0.000000
444	0.000000	0.000000	0.000000	0.053484	0.944519	0.001997	0.000000	0.000000	0.000000
445	0.000000	0.000000	0.000000	0.053738	0.944287	0.001975	0.000000	0.000000	0.000000
446	0.000000	0.000000	0.000000	0.053726	0.944316	0.001958	0.000000	0.000000	0.000000
447	0.000000	0.000000	0.000000	0.053730	0.944295	0.001975	0.000000	0.000000	0.000000
448	0.000000	0.000000	0.000000	0.053772	0.944217	0.002011	0.000000	0.000000	0.000000
449	0.000000	0.000000	0.000000	0.053691	0.944326	0.001983	0.000000	0.000000	0.000000
450	0.000000	0.000000	0.000000	0.053541	0.944411	0.002048	0.000000	0.000000	0.000000
451	0.000000	0.000000	0.000000	0.053433	0.944520	0.002047	0.000000	0.000000	0.000000
452	0.000000	0.000000	0.000000	0.053053	0.944910	0.002037	0.000000	0.000000	0.000000
453	0.000000	0.000000	0.000000	0.052919	0.945030	0.002051	0.000000	0.000000	0.000000
454	0.000000	0.000000	0.000000	0.053152	0.944795	0.002053	0.000000	0.000000	0.000000
455	0.000000	0.000000	0.000000	0.053140	0.944781	0.002079	0.000000	0.000000	0.000000
456	0.000000	0.000000	0.000000	0.053253	0.944689	0.002058	0.000000	0.000000	0.000000
457	0.000000	0.000000	0.000000	0.053181	0.944783	0.002036	0.000000	0.000000	0.000000
458	0.000000	0.000000	0.000000	0.053273	0.944710	0.002017	0.000000	0.000000	0.000000
459	0.000000	0.000000	0.000000	0.053350	0.944621	0.002029	0.000000	0.000000	0.000000
460	0.000000	0.000000	0.000000	0.053233	0.944704	0.002063	0.000000	0.000000	0.000000
461	0.000000	0.000000	0.000000	0.053544	0.944390	0.002066	0.000000	0.000000	0.000000
462	0.000000	0.000000	0.000000	0.053396	0.944560	0.002044	0.000000	0.000000	0.000000
463	0.000000	0.000000	0.000000	0.053366	0.944619	0.002015	0.000000	0.000000	0.000000
464	0.000000	0.000000	0.000000	0.053072	0.944923	0.002005	0.000000	0.000000	0.000000
465	0.000000	0.000000	0.000000	0.053084	0.944887	0.002029	0.000000	0.000000	0.000000
466	0.000000	0.000000	0.000000	0.052827	0.945187	0.001986	0.000000	0.000000	0.000000
467	0.000000	0.000000	0.000000	0.052661	0.945345	0.001994	0.000000	0.000000	0.000000
468	0.000000	0.000000	0.000000	0.052717	0.945243	0.002040	0.000000	0.000000	0.000000
469	0.000000	0.000000	0.000000	0.052704	0.945261	0.002035	0.000000	0.000000	0.000000
470	0.000000	0.000000	0.000000	0.052331	0.945696	0.001973	0.000000	0.000000	0.000000
