0	0.290663	0.057897	0.229473	0.157588	0.029913	0.111872	0.085455	0.012259	0.024880
1	0.240577	0.049556	0.206870	0.147426	0.029925	0.124762	0.101213	0.020008	0.079663
2	0.247329	0.050406	0.212121	0.147685	0.031484	0.126140	0.089354	0.017480	0.078001
3	0.258701	0.051415	0.218780	0.148244	0.033421	0.124693	0.076573	0.015034	0.073139
4	0.270908	0.052074	0.223859	0.148103	0.035771	0.122937	0.065416	0.012540	0.068392
5	0.283323	0.052537	0.229072	0.147208	0.037751	0.119769	0.055975	0.010414	0.063951
6	0.294404	0.052694	0.233452	0.145237	0.039856	0.117583	0.048084	0.008741	0.059949
7	0.305109	0.052479	0.237814	0.143775	0.041801	0.114416	0.041214	0.007337	0.056055
8	0.315471	0.052237	0.241879	0.141553	0.043909	0.110788	0.035396	0.006064	0.052703
9	0.324373	0.052009	0.245364	0.138881	0.046388	0.107802	0.030727	0.005112	0.049344
10	0.333484	0.051055	0.249366	0.136128	0.048839	0.104127	0.026437	0.004266	0.046298
11	0.341897	0.050346	0.251920	0.133613	0.051159	0.101208	0.022740	0.003561	0.043556
12	0.349178	0.049554	0.255014	0.131079	0.053341	0.097661	0.019927	0.003169	0.041077
13	0.357072	0.048403	0.257916	0.127686	0.055749	0.094534	0.017336	0.002632	0.038672
14	0.363864	0.047317	0.260407	0.124742	0.058349	0.091536	0.015028	0.002286	0.036471
15	0.370727	0.046510	0.262465	0.121446	0.061087	0.088671	0.012849	0.001936	0.034309
16	0.376024	0.045426	0.264945	0.118899	0.063734	0.085702	0.011321	0.001639	0.032310
17	0.382909	0.044072	0.265973	0.116009	0.066306	0.082937	0.009704	0.001480	0.030610
18	0.387850	0.042598	0.267827	0.112806	0.069673	0.080297	0.008554	0.001252	0.029143
19	0.393355	0.041326	0.268897	0.109789	0.072597	0.078076	0.007466	0.001059	0.027435
20	0.398396	0.040167	0.270114	0.106760	0.075725	0.075258	0.006591	0.000865	0.026124
21	0.402558	0.039230	0.271502	0.103705	0.078663	0.072977	0.005742	0.000753	0.024870
22	0.406074	0.038056	0.272779	0.101373	0.082026	0.070601	0.004983	0.000657	0.023451
23	0.410278	0.036958	0.273269	0.098773	0.085316	0.068159	0.004340	0.000580	0.022327
24	0.413185	0.035587	0.274579	0.096068	0.088769	0.065909	0.003861	0.000515	0.021527
25	0.416714	0.034466	0.274538	0.093629	0.092251	0.064171	0.003447	0.000466	0.020318
26	0.419875	0.033327	0.274559	0.091107	0.096141	0.062357	0.002980	0.000410	0.019244
27	0.422164	0.032608	0.275023	0.088899	0.099953	0.059962	0.002586	0.000372	0.018433
28	0.423933	0.031510	0.275499	0.086698	0.104027	0.058262	0.002285	0.000318	0.017468
29	0.425901	0.030609	0.276351	0.084378	0.107744	0.056086	0.002094	0.000287	0.016550
30	0.426988	0.029415	0.276830	0.082345	0.112527	0.054025	0.001843	0.000250	0.015777
31	0.428181	0.028599	0.276017	0.080134	0.117066	0.053104	0.001657	0.000222	0.015020
32	0.428977	0.027685	0.276328	0.077902	0.121561	0.051575	0.001467	0.000174	0.014331
33	0.429380	0.026846	0.275652	0.076295	0.126525	0.050200	0.001337	0.000161	0.013604
34	0.429815	0.026179	0.275035	0.074450	0.131593	0.048525	0.001227	0.000141	0.013035
35	0.430174	0.025494	0.274256	0.072634	0.136826	0.047036	0.001023	0.000123	0.012434
36	0.429363	0.024486	0.273798	0.070987	0.142358	0.046155	0.000961	0.000112	0.011780
37	0.430022	0.023709	0.272400	0.069386	0.147519	0.044798	0.000874	0.000091	0.011201
38	0.429582	0.022845	0.271363	0.067963	0.153148	0.043590	0.000758	0.000090	0.010661
39	0.428381	0.022131	0.270603	0.066374	0.159124	0.042458	0.000683	0.000071	0.010175
40	0.427491	0.021387	0.268982	0.065180	0.165514	0.041145	0.000608	0.000057	0.009636
41	0.426166	0.020805	0.267161	0.063955	0.171676	0.040316	0.000581	0.000060	0.009280
42	0.424043	0.019971	0.265976	0.063090	0.178188	0.039269	0.000552	0.000056	0.008855
43	0.422074	0.019447	0.264328	0.062017	0.184831	0.038316	0.000469	0.000040	0.008478
44	0.420062	0.018644	0.262713	0.060906	0.191683	0.037476	0.000394	0.000033	0.008089
45	0.417978	0.017782	0.261086	0.059904	0.198312	0.036802	0.000357	0.000022	0.007757
46	0.415705	0.016987	0.259297	0.059333	0.205086	0.035885	0.000345	0.000026	0.007336
47	0.413243	0.016421	0.256834	0.058387	0.212353	0.035327	0.000296	0.000023	0.007116
48	0.410292	0.015965	0.254386	0.057686	0.219992	0.034705	0.000251	0.000025	0.006698
49	0.407061	0.015214	0.252328	0.057089	0.227775	0.033769	0.000244	0.000025	0.006495
50	0.403527	0.014599	0.250098	0.056662	0.235399	0.033231	0.000222	0.000016	0.006246
51	0.400617	0.013955	0.247460	0.056103	0.242973	0.032690	0.000197	0.000011	0.005994
52	0.396642	0.013297	0.245664	0.055743	0.250885	0.032020	0.000183	0.000007	0.005559
53	0.392362	0.012820	0.243340	0.055117	0.259438	0.031430	0.000159	0.000007	0.005327
54	0.387828	0.012263	0.241093	0.054311	0.268083	0.031130	0.000137	0.000007	0.005148
55	0.383514	0.011624	0.238574	0.054044	0.276255	0.030900	0.000138	0.000005	0.004946
56	0.379567	0.011255	0.235235	0.053541	0.285292	0.030313	0.000136	0.000008	0.004653
57	0.375140	0.011011	0.232222	0.052738	0.294348	0.029890	0.000122	0.000008	0.004521
58	0.370982	0.010615	0.228809	0.052195	0.303507	0.029453	0.000117	0.000006	0.004316
59	0.366345	0.010218	0.225849	0.051506	0.312872	0.029047	0.000105	0.000002	0.004056
60	0.361321	0.009822	0.222681	0.051122	0.322355	0.028686	0.000119	0.000003	0.003891
61	0.356364	0.009417	0.219512	0.050784	0.331902	0.028226	0.000116	0.000002	0.003677
62	0.351799	0.009197	0.216039	0.050617	0.341071	0.027667	0.000090	0.000001	0.003519
63	0.346312	0.008827	0.212704	0.050706	0.350581	0.027428	0.000081	0.000000	0.003361
64	0.340987	0.008455	0.209018	0.050463	0.360627	0.027187	0.000078	0.000001	0.003184
65	0.335554	0.008002	0.205559	0.050356	0.370243	0.027094	0.000063	0.000000	0.003129
66	0.329178	0.007549	0.202673	0.050046	0.380507	0.026986	0.000056	0.000000	0.003005
67	0.323131	0.007336	0.199333	0.049755	0.390724	0.026814	0.000060	0.000000	0.002847
68	0.317901	0.007013	0.195334	0.049664	0.400420	0.026815	0.000050	0.000000	0.002803
69	0.311848	0.006774	0.192643	0.049323	0.410318	0.026467	0.000045	0.000000	0.002582
70	0.306218	0.006516	0.188683	0.049004	0.420574	0.026535	0.000037	0.000000	0.002433
71	0.299600	0.006131	0.185334	0.048986	0.431381	0.026179	0.000036	0.000000	0.002353
72	0.293274	0.005911	0.182183	0.048826	0.441823	0.025795	0.000031	0.000000	0.002157
73	0.287127	0.005681	0.177929	0.048938	0.452536	0.025680	0.000016	0.000000	0.002093
74	0.281017	0.005330	0.173696	0.048897	0.463559	0.025497	0.000015	0.000000	0.001989
75	0.274779	0.005128	0.170183	0.048787	0.474082	0.025176	0.000019	0.000000	0.001846
76	0.268969	0.004879	0.166461	0.048520	0.484346	0.025060	0.000017	0.000000	0.001748
77	0.262500	0.004742	0.162855	0.048664	0.494825	0.024785	0.000012	0.000000	0.001617
78	0.256546	0.004583	0.158517	0.049116	0.504937	0.024778	0.000012	0.000000	0.001511
79	0.250349	0.004315	0.154704	0.048934	0.515751	0.024468	0.000020	0.000000	0.001459
80	0.243913	0.004166	0.151299	0.049013	0.525816	0.024437	0.000018	0.000000	0.001338
81	0.237747	0.003944	0.147641	0.049050	0.536155	0.024220	0.000017	0.000000	0.001226
82	0.231843	0.003701	0.143393	0.049172	0.546502	0.024226	0.000016	0.000000	0.001147
83	0.224793	0.003577	0.139912	0.049531	0.556869	0.024180	0.000016	0.000000	0.001122
84	0.218056	0.003478	0.135696	0.049781	0.567751	0.024205	0.000010	0.000000	0.001023
85	0.211927	0.003328	0.131502	0.049906	0.578226	0.024132	0.000014	0.000000	0.000965
86	0.205923	0.003199	0.127623	0.050190	0.587934	0.024179	0.000004	0.000000	0.000948
87	0.199828	0.003109	0.123979	0.050714	0.597598	0.023896	0.000005	0.000000	0.000871
88	0.193660	0.002899	0.120155	0.050715	0.607674	0.024019	0.000003	0.000000	0.000875
89	0.187405	0.002782	0.116542	0.050801	0.617826	0.023807	0.000008	0.000000	0.000829
90	0.181578	0.002650	0.112817	0.051021	0.627281	0.023920	0.000004	0.000000	0.000729
91	0.175471	0.002542	0.108936	0.051168	0.637170	0.023995	0.000003	0.000000	0.000715
92	0.169906	0.002441	0.105442	0.051271	0.646245	0.024001	0.000005	0.000000	0.000689
93	0.163795	0.002265	0.102338	0.051223	0.655835	0.023877	0.000005	0.000000	0.000662
94	0.158722	0.002147	0.098743	0.051192	0.664676	0.023864	0.000003	0.000000	0.000653
95	0.153070	0.001984	0.095272	0.051298	0.673988	0.023793	0.000004	0.000000	0.000591
96	0.147995	0.001879	0.091669	0.051513	0.682607	0.023811	0.000002	0.000000	0.000524
97	0.142473	0.001738	0.088424	0.051561	0.691334	0.023943	0.000003	0.000000	0.000524
98	0.137308	0.001662	0.084996	0.051751	0.699700	0.024121	0.000002	0.000000	0.000460
99	0.132408	0.001573	0.081696	0.051601	0.708337	0.023990	0.000001	0.000000	0.000394
100	0.127062	0.001432	0.078535	0.051822	0.716758	0.024003	0.000001	0.000000	0.000387
101	0.121934	0.001341	0.075605	0.052133	0.724543	0.024073	0.000002	0.000000	0.000369
102	0.117643	0.001291	0.072442	0.052552	0.731798	0.023925	0.000002	0.000000	0.000347
103	0.112903	0.001175	0.069442	0.052909	0.739425	0.023821	0.000002	0.000000	0.000323
104	0.108046	0.001141	0.066797	0.053211	0.746430	0.024064	0.000002	0.000000	0.000309
105	0.103353	0.001082	0.063702	0.053068	0.754292	0.024239	0.000003	0.000000	0.000261
106	0.098830	0.000970	0.061001	0.053088	0.761634	0.024183	0.000004	0.000000	0.000290
107	0.094636	0.000905	0.058440	0.053416	0.768050	0.024306	0.000008	0.000000	0.000239
108	0.090565	0.000836	0.055972	0.053472	0.774567	0.024365	0.000005	0.000000	0.000218
109	0.086527	0.000789	0.053732	0.053323	0.781247	0.024149	0.000006	0.000000	0.000227
110	0.082456	0.000733	0.051609	0.053802	0.787102	0.024098	0.000001	0.000000	0.000199
111	0.078612	0.000703	0.049243	0.053809	0.793257	0.024183	0.000001	0.000000	0.000192
112	0.075160	0.000662	0.046902	0.054021	0.799052	0.024036	0.000000	0.000000	0.000167
113	0.071386	0.000622	0.044803	0.053925	0.804956	0.024153	0.000000	0.000000	0.000155
114	0.067999	0.000578	0.042633	0.053757	0.810691	0.024188	0.000000	0.000000	0.000154
115	0.065007	0.000562	0.040456	0.054164	0.815430	0.024249	0.000000	0.000000	0.000132
116	0.061809	0.000511	0.038219	0.054327	0.820838	0.024175	0.000000	0.000000	0.000121
117	0.058588	0.000478	0.036436	0.054456	0.825810	0.024118	0.000000	0.000000	0.000114
118	0.055664	0.000426	0.034576	0.054561	0.830421	0.024253	0.000000	0.000000	0.000099
119	0.052720	0.000434	0.032898	0.054457	0.835020	0.024369	0.000000	0.000000	0.000102
120	0.049986	0.000399	0.031094	0.054465	0.839336	0.024638	0.000000	0.000000	0.000082
121	0.047504	0.000376	0.029605	0.054404	0.843586	0.024446	0.000000	0.000000	0.000079
122	0.044897	0.000331	0.028194	0.054554	0.847631	0.024319	0.000000	0.000000	0.000074
123	0.042600	0.000315	0.026410	0.054725	0.851654	0.024234	0.000000	0.000000	0.000062
124	0.040062	0.000310	0.025084	0.054925	0.855383	0.024177	0.000000	0.000000	0.000059
125	0.037826	0.000300	0.023697	0.055201	0.858688	0.024238	0.000000	0.000000	0.000050
126	0.035585	0.000286	0.022487	0.055523	0.861931	0.024147	0.000000	0.000000	0.000041
127	0.033459	0.000255	0.021304	0.055283	0.865531	0.024134	0.000000	0.000000	0.000034
128	0.031281	0.000256	0.020083	0.055315	0.868842	0.024195	0.000000	0.000000	0.000028
129	0.029540	0.000223	0.018820	0.055188	0.871867	0.024329	0.000000	0.000000	0.000033
130	0.027846	0.000210	0.017737	0.055334	0.874641	0.024209	0.000000	0.000000	0.000023
131	0.026292	0.000226	0.016596	0.055336	0.877328	0.024206	0.000000	0.000000	0.000016
132	0.024652	0.000199	0.015827	0.054999	0.880162	0.024148	0.000000	0.000000	0.000013
133	0.023094	0.000219	0.014897	0.055127	0.882480	0.024164	0.000000	0.000000	0.000019
134	0.021699	0.000186	0.014126	0.055152	0.884696	0.024119	0.000000	0.000000	0.000022
135	0.020437	0.000176	0.013255	0.055392	0.886781	0.023938	0.000000	0.000000	0.000021
136	0.019163	0.000164	0.012402	0.055221	0.889001	0.024030	0.000000	0.000000	0.000019
137	0.017973	0.000163	0.011728	0.055086	0.890730	0.024300	0.000000	0.000000	0.000020
138	0.016859	0.000154	0.010888	0.055369	0.892231	0.024484	0.000000	0.000000	0.000015
139	0.015829	0.000145	0.010194	0.055547	0.893980	0.024292	0.000000	0.000000	0.000013
140	0.014709	0.000157	0.009562	0.055441	0.896043	0.024079	0.000000	0.000000	0.000009
141	0.013861	0.000165	0.008977	0.055652	0.897322	0.024017	0.000000	0.000000	0.000006
142	0.012974	0.000155	0.008288	0.055598	0.899174	0.023807	0.000000	0.000000	0.000004
143	0.012102	0.000145	0.007790	0.055776	0.900386	0.023797	0.000000	0.000000	0.000004
144	0.011350	0.000119	0.007248	0.055854	0.901772	0.023653	0.000000	0.000000	0.000004
145	0.010595	0.000118	0.006748	0.055763	0.902921	0.023850	0.000000	0.000000	0.000005
146	0.009905	0.000097	0.006289	0.055588	0.904342	0.023775	0.000000	0.000000	0.000004
147	0.009268	0.000082	0.005905	0.055442	0.905556	0.023745	0.000000	0.000000	0.000002
148	0.008661	0.000075	0.005498	0.055482	0.906359	0.023923	0.000000	0.000000	0.000002
149	0.008158	0.000067	0.005117	0.055806	0.906844	0.024005	0.000000	0.000000	0.000003
150	0.007648	0.000052	0.004859	0.055671	0.907624	0.024145	0.000000	0.000000	0.000001
151	0.007169	0.000044	0.004516	0.055710	0.908520	0.024040	0.000000	0.000000	0.000001
152	0.006678	0.000031	0.004291	0.055767	0.909126	0.024106	0.000000	0.000000	0.000001
153	0.006345	0.000032	0.003952	0.055686	0.910155	0.023830	0.000000	0.000000	0.000000
154	0.005821	0.000024	0.003682	0.055764	0.910794	0.023915	0.000000	0.000000	0.000000
155	0.005372	0.000010	0.003486	0.055703	0.911363	0.024065	0.000000	0.000000	0.000001
156	0.005033	0.000011	0.003289	0.055612	0.912190	0.023864	0.000000	0.000000	0.000001
157	0.004650	0.000012	0.003189	0.055123	0.913319	0.023707	0.000000	0.000000	0.000000
158	0.004349	0.000013	0.003003	0.055109	0.913742	0.023784	0.000000	0.000000	0.000000
159	0.004041	0.000011	0.002805	0.055311	0.914085	0.023747	0.000000	0.000000	0.000000
160	0.003750	0.000020	0.002635	0.055614	0.914165	0.023816	0.000000	0.000000	0.000000
161	0.003469	0.000013	0.002468	0.055440	0.914678	0.023932	0.000000	0.000000	0.000000
162	0.003217	0.000012	0.002264	0.055379	0.915139	0.023989	0.000000	0.000000	0.000000
163	0.002966	0.000011	0.002138	0.055262	0.915651	0.023972	0.000000	0.000000	0.000000
164	0.002749	0.000012	0.002043	0.055301	0.915786	0.024109	0.000000	0.000000	0.000000
165	0.002553	0.000010	0.001946	0.055370	0.916183	0.023938	0.000000	0.000000	0.000000
166	0.002375	0.000009	0.001819	0.055214	0.916535	0.024048	0.000000	0.000000	0.000000
167	0.002249	0.000005	0.001711	0.055339	0.916705	0.023991	0.000000	0.000000	0.000000
168	0.002114	0.000005	0.001629	0.055318	0.916725	0.024209	0.000000	0.000000	0.000000
169	0.001900	0.000005	0.001506	0.055323	0.916918	0.024348	0.000000	0.000000	0.000000
170	0.001766	0.000006	0.001422	0.055120	0.917468	0.024218	0.000000	0.000000	0.000000
171	0.001660	0.000007	0.001331	0.054999	0.917954	0.024049	0.000000	0.000000	0.000000
172	0.001559	0.000004	0.001193	0.054917	0.918157	0.024170	0.000000	0.000000	0.000000
173	0.001399	0.000000	0.001164	0.054784	0.918220	0.024433	0.000000	0.000000	0.000000
174	0.001310	0.000000	0.001050	0.054523	0.918666	0.024451	0.000000	0.000000	0.000000
175	0.001205	0.000000	0.001022	0.054482	0.918867	0.024424	0.000000	0.000000	0.000000
176	0.001096	0.000000	0.000941	0.054405	0.919081	0.024477	0.000000	0.000000	0.000000
177	0.001050	0.000000	0.000883	0.054177	0.919271	0.024619	0.000000	0.000000	0.000000
178	0.000974	0.000000	0.000866	0.054171	0.919334	0.024655	0.000000	0.000000	0.000000
179	0.000933	0.000000	0.000777	0.053997	0.919731	0.024562	0.000000	0.000000	0.000000
180	0.000893	0.000000	0.000733	0.053921	0.919963	0.024490	0.000000	0.000000	0.000000
181	0.000816	0.000000	0.000670	0.053579	0.920347	0.024588	0.000000	0.000000	0.000000
182	0.000736	0.000000	0.000629	0.053549	0.920649	0.024437	0.000000	0.000000	0.000000
183	0.000687	0.000000	0.000569	0.053611	0.920901	0.024232	0.000000	0.000000	0.000000
184	0.000643	0.000000	0.000542	0.053364	0.920942	0.024509	0.000000	0.000000	0.000000
185	0.000591	0.000000	0.000491	0.053428	0.921305	0.024185	0.000000	0.000000	0.000000
186	0.000550	0.000000	0.000441	0.053516	0.921298	0.024195	0.000000	0.000000	0.000000
187	0.000527	0.000000	0.000403	0.053524	0.921372	0.024174	0.000000	0.000000	0.000000
188	0.000515	0.000000	0.000391	0.053431	0.921458	0.024205	0.000000	0.000000	0.000000
189	0.000460	0.000000	0.000334	0.053589	0.921443	0.024174	0.000000	0.000000	0.000000
190	0.000410	0.000000	0.000343	0.053666	0.921395	0.024186	0.000000	0.000000	0.000000
191	0.000389	0.000000	0.000308	0.053761	0.921583	0.023959	0.000000	0.000000	0.000000
192	0.000354	0.000000	0.000277	0.053719	0.921653	0.023997	0.000000	0.000000	0.000000
193	0.000311	0.000000	0.000244	0.053626	0.921656	0.024163	0.000000	0.000000	0.000000
194	0.000293	0.000000	0.000208	0.053607	0.921888	0.024004	0.000000	0.000000	0.000000
195	0.000274	0.000000	0.000198	0.053573	0.921844	0.024111	0.000000	0.000000	0.000000
196	0.000285	0.000000	0.000185	0.053615	0.921703	0.024212	0.000000	0.000000	0.000000
197	0.000242	0.000000	0.000166	0.053468	0.922022	0.024102	0.000000	0.000000	0.000000
198	0.000214	0.000000	0.000154	0.053433	0.922145	0.024054	0.000000	0.000000	0.000000
199	0.000212	0.000000	0.000139	0.053372	0.922153	0.024124	0.000000	0.000000	0.000000
200	0.000191	0.000000	0.000110	0.053498	0.922351	0.023850	0.000000	0.000000	0.000000
201	0.000190	0.000000	0.000099	0.053573	0.922270	0.023868	0.000000	0.000000	0.000000
202	0.000175	0.000000	0.000082	0.053454	0.922243	0.024046	0.000000	0.000000	0.000000
203	0.000151	0.000000	0.000075	0.053578	0.922032	0.024164	0.000000	0.000000	0.000000
204	0.000130	0.000000	0.000071	0.053349	0.922367	0.024083	0.000000	0.000000	0.000000
205	0.000115	0.000000	0.000067	0.053393	0.922249	0.024176	0.000000	0.000000	0.000000
206	0.000103	0.000000	0.000054	0.053448	0.922173	0.024222	0.000000	0.000000	0.000000
207	0.000088	0.000000	0.000049	0.053448	0.922105	0.024310	0.000000	0.000000	0.000000
208	0.000083	0.000000	0.000043	0.053649	0.921971	0.024254	0.000000	0.000000	0.000000
209	0.000065	0.000000	0.000034	0.053480	0.922101	0.024320	0.000000	0.000000	0.000000
210	0.000066	0.000000	0.000037	0.053683	0.921763	0.024451	0.000000	0.000000	0.000000
211	0.000065	0.000000	0.000034	0.053654	0.921920	0.024327	0.000000	0.000000	0.000000
212	0.000053	0.000000	0.000022	0.053491	0.922102	0.024332	0.000000	0.000000	0.000000
213	0.000048	0.000000	0.000021	0.053470	0.922343	0.024118	0.000000	0.000000	0.000000
214	0.000041	0.000000	0.000022	0.052925	0.922761	0.024251	0.000000	0.000000	0.000000
215	0.000038	0.000000	0.000018	0.052973	0.922479	0.024492	0.000000	0.000000	0.000000
216	0.000036	0.000000	0.000013	0.052745	0.922761	0.024445	0.000000	0.000000	0.000000
217	0.000032	0.000000	0.000013	0.052684	0.922832	0.024439	0.000000	0.000000	0.000000
218	0.000029	0.000000	0.000012	0.052898	0.922570	0.024491	0.000000	0.000000	0.000000
219	0.000023	0.000000	0.000011	0.052937	0.922680	0.024349	0.000000	0.000000	0.000000
220	0.000020	0.000000	0.000010	0.052843	0.922760	0.024367	0.000000	0.000000	0.000000
221	0.000024	0.000000	0.000008	0.052923	0.922742	0.024303	0.000000	0.000000	0.000000
222	0.000019	0.000000	0.000004	0.052953	0.922609	0.024415	0.000000	0.000000	0.000000
223	0.000016	0.000000	0.000002	0.052885	0.922556	0.024541	0.000000	0.000000	0.000000
224	0.000017	0.000000	0.000000	0.052863	0.922297	0.024823	0.000000	0.000000	0.000000
225	0.000015	0.000000	0.000000	0.052996	0.922329	0.024660	0.000000	0.000000	0.000000
226	0.000016	0.000000	0.000000	0.052806	0.922602	0.024576	0.000000	0.000000	0.000000
227	0.000016	0.000000	0.000000	0.052791	0.922647	0.024546	0.000000	0.000000	0.000000
228	0.000016	0.000000	0.000000	0.052715	0.923091	0.024178	0.000000	0.000000	0.000000
229	0.000011	0.000000	0.000000	0.052707	0.922910	0.024372	0.000000	0.000000	0.000000
230	0.000006	0.000000	0.000000	0.052974	0.922714	0.024306	0.000000	0.000000	0.000000
231	0.000006	0.000000	0.000000	0.053014	0.922687	0.024293	0.000000	0.000000	0.000000
232	0.000005	0.000000	0.000000	0.053092	0.922444	0.024459	0.000000	0.000000	0.000000
233	0.000003	0.000000	0.000000	0.053044	0.922370	0.024583	0.000000	0.000000	0.000000
234	0.000002	0.000000	0.000000	0.053189	0.922310	0.024499	0.000000	0.000000	0.000000
235	0.000000	0.000000	0.000000	0.053033	0.922477	0.024490	0.000000	0.000000	0.000000
236	0.000000	0.000000	0.000000	0.052925	0.922656	0.024419	0.000000	0.000000	0.000000
237	0.000000	0.000000	0.000000	0.052744	0.922737	0.024519	0.000000	0.000000	0.000000
238	0.000000	0.000000	0.000000	0.052950	0.922556	0.024494	0.000000	0.000000	0.000000
239	0.000000	0.000000	0.000000	0.053087	0.922537	0.024376	0.000000	0.000000	0.000000
240	0.000000	0.000000	0.000000	0.053087	0.922504	0.024409	0.000000	0.000000	0.000000
241	0.000000	0.000000	0.000000	0.053094	0.922604	0.024302	0.000000	0.000000	0.000000
242	0.000000	0.000000	0.000000	0.053204	0.922393	0.024403	0.000000	0.000000	0.000000
243	0.000000	0.000000	0.000000	0.053126	0.922599	0.024275	0.000000	0.000000	0.000000
244	0.000000	0.000000	0.000000	0.053101	0.922769	0.024130	0.000000	0.000000	0.000000
245	0.000000	0.000000	0.000000	0.053030	0.922706	0.024264	0.000000	0.000000	0.000000
246	0.000000	0.000000	0.000000	0.052634	0.923075	0.024291	0.000000	0.000000	0.000000
247	0.000000	0.000000	0.000000	0.052704	0.923076	0.024220	0.000000	0.000000	0.000000
248	0.000000	0.000000	0.000000	0.052674	0.923288	0.024038	0.000000	0.000000	0.000000
249	0.000000	0.000000	0.000000	0.052714	0.923060	0.024226	0.000000	0.000000	0.000000
250	0.000000	0.000000	0.000000	0.052905	0.923169	0.023926	0.000000	0.000000	0.000000
251	0.000000	0.000000	0.000000	0.052700	0.923360	0.023940	0.000000	0.000000	0.000000
252	0.000000	0.000000	0.000000	0.052364	0.923657	0.023979	0.000000	0.000000	0.000000
253	0.000000	0.000000	0.000000	0.052629	0.923357	0.024014	0.000000	0.000000	0.000000
254	0.000000	0.000000	0.000000	0.052748	0.923159	0.024093	0.000000	0.000000	0.000000
255	0.000000	0.000000	0.000000	0.052694	0.923208	0.024098	0.000000	0.000000	0.000000
256	0.000000	0.000000	0.000000	0.052656	0.923327	0.024017	0.000000	0.000000	0.000000
257	0.000000	0.000000	0.000000	0.052527	0.923282	0.024191	0.000000	0.000000	0.000000
258	0.000000	0.000000	0.000000	0.052315	0.923470	0.024215	0.000000	0.000000	0.000000
259	0.000000	0.000000	0.000000	0.052402	0.923261	0.024337	0.000000	0.000000	0.000000
260	0.000000	0.000000	0.000000	0.052332	0.923109	0.024559	0.000000	0.000000	0.000000
261	0.000000	0.000000	0.000000	0.052419	0.923036	0.024545	0.000000	0.000000	0.000000
262	0.000000	0.000000	0.000000	0.052555	0.922979	0.024466	0.000000	0.000000	0.000000
263	0.000000	0.000000	0.000000	0.052451	0.923130	0.024419	0.000000	0.000000	0.000000
264	0.000000	0.000000	0.000000	0.052170	0.923209	0.024621	0.000000	0.000000	0.000000
265	0.000000	0.000000	0.000000	0.052157	0.923177	0.024666	0.000000	0.000000	0.000000
266	0.000000	0.000000	0.000000	0.052148	0.923106	0.024746	0.000000	0.000000	0.000000
267	0.000000	0.000000	0.000000	0.051978	0.923264	0.024758	0.000000	0.000000	0.000000
268	0.000000	0.000000	0.000000	0.051976	0.923261	0.024763	0.000000	0.000000	0.000000
269	0.000000	0.000000	0.000000	0.051896	0.923291	0.024813	0.000000	0.000000	0.000000
270	0.000000	0.000000	0.000000	0.051833	0.923383	0.024784	0.000000	0.000000	0.000000
271	0.000000	0.000000	0.000000	0.051822	0.923572	0.024606	0.000000	0.000000	0.000000
272	0.000000	0.000000	0.000000	0.051747	0.923538	0.024715	0.000000	0.000000	0.000000
273	0.000000	0.000000	0.000000	0.051452	0.923532	0.025016	0.000000	0.000000	0.000000
274	0.000000	0.000000	0.000000	0.051734	0.923436	0.024830	0.000000	0.000000	0.000000
275	0.000000	0.000000	0.000000	0.051759	0.923392	0.024849	0.000000	0.000000	0.000000
276	0.000000	0.000000	0.000000	0.052012	0.922915	0.025073	0.000000	0.000000	0.000000
277	0.000000	0.000000	0.000000	0.051958	0.922932	0.025110	0.000000	0.000000	0.000000
278	0.000000	0.000000	0.000000	0.052096	0.922756	0.025148	0.000000	0.000000	0.000000
279	0.000000	0.000000	0.000000	0.051914	0.922968	0.025118	0.000000	0.000000	0.000000
280	0.000000	0.000000	0.000000	0.051961	0.923097	0.024942	0.000000	0.000000	0.000000
281	0.000000	0.000000	0.000000	0.051770	0.923071	0.025159	0.000000	0.000000	0.000000
282	0.000000	0.000000	0.000000	0.051811	0.923040	0.025149	0.000000	0.000000	0.000000
283	0.000000	0.000000	0.000000	0.051894	0.923008	0.025098	0.000000	0.000000	0.000000
284	0.000000	0.000000	0.000000	0.052100	0.922767	0.025133	0.000000	0.000000	0.000000
285	0.000000	0.000000	0.000000	0.051769	0.922889	0.025342	0.000000	0.000000	0.000000
286	0.000000	0.000000	0.000000	0.051766	0.922906	0.025328	0.000000	0.000000	0.000000
287	0.000000	0.000000	0.000000	0.051761	0.922774	0.025465	0.000000	0.000000	0.000000
288	0.000000	0.000000	0.000000	0.051887	0.923021	0.025092	0.000000	0.000000	0.000000
289	0.000000	0.000000	0.000000	0.051901	0.922949	0.025150	0.000000	0.000000	0.000000
290	0.000000	0.000000	0.000000	0.051765	0.923144	0.025091	0.000000	0.000000	0.000000
291	0.000000	0.000000	0.000000	0.051931	0.922917	0.025152	0.000000	0.000000	0.000000
292	0.000000	0.000000	0.000000	0.052169	0.922750	0.025081	0.000000	0.000000	0.000000
293	0.000000	0.000000	0.000000	0.052201	0.922516	0.025283	0.000000	0.000000	0.000000
294	0.000000	0.000000	0.000000	0.051925	0.922975	0.025100	0.000000	0.000000	0.000000
295	0.000000	0.000000	0.000000	0.052037	0.922708	0.025255	0.000000	0.000000	0.000000
296	0.000000	0.000000	0.000000	0.051989	0.922841	0.025170	0.000000	0.000000	0.000000
297	0.000000	0.000000	0.000000	0.051816	0.922880	0.025304	0.000000	0.000000	0.000000
298	0.000000	0.000000	0.000000	0.051676	0.923142	0.025182	0.000000	0.000000	0.000000
299	0.000000	0.000000	0.000000	0.051717	0.923033	0.025250	0.000000	0.000000	0.000000
300	0.000000	0.000000	0.000000	0.051792	0.923034	0.025174	0.000000	0.000000	0.000000
301	0.000000	0.000000	0.000000	0.052007	0.922786	0.025207	0.000000	0.000000	0.000000
302	0.000000	0.000000	0.000000	0.051874	0.922842	0.025284	0.000000	0.000000	0.000000
303	0.000000	0.000000	0.000000	0.051706	0.922977	0.025317	0.000000	0.000000	0.000000
304	0.000000	0.000000	0.000000	0.051805	0.922895	0.025300	0.000000	0.000000	0.000000
305	0.000000	0.000000	0.000000	0.051800	0.922667	0.025533	0.000000	0.000000	0.000000
306	0.000000	0.000000	0.000000	0.051751	0.922691	0.025558	0.000000	0.000000	0.000000
307	0.000000	0.000000	0.000000	0.051746	0.922846	0.025408	0.000000	0.000000	0.000000
308	0.000000	0.000000	0.000000	0.051649	0.922846	0.025505	0.000000	0.000000	0.000000
309	0.000000	0.000000	0.000000	0.051771	0.922657	0.025572	0.000000	0.000000	0.000000
310	0.000000	0.000000	0.000000	0.051760	0.922686	0.025554	0.000000	0.000000	0.000000
311	0.000000	0.000000	0.000000	0.051678	0.922802	0.025520	0.000000	0.000000	0.000000
312	0.000000	0.000000	0.000000	0.051590	0.922742	0.025668	0.000000	0.000000	0.000000
313	0.000000	0.000000	0.000000	0.051517	0.922835	0.025648	0.000000	0.000000	0.000000
314	0.000000	0.000000	0.000000	0.051590	0.922640	0.025770	0.000000	0.000000	0.000000
315	0.000000	0.000000	0.000000	0.051467	0.922829	0.025704	0.000000	0.000000	0.000000
316	0.000000	0.000000	0.000000	0.051350	0.923014	0.025636	0.000000	0.000000	0.000000
317	0.000000	0.000000	0.000000	0.051439	0.922850	0.025711	0.000000	0.000000	0.000000
318	0.000000	0.000000	0.000000	0.051225	0.922976	0.025799	0.000000	0.000000	0.000000
319	0.000000	0.000000	0.000000	0.051429	0.922786	0.025785	0.000000	0.000000	0.000000
320	0.000000	0.000000	0.000000	0.051539	0.922655	0.025806	0.000000	0.000000	0.000000
321	0.000000	0.000000	0.000000	0.051195	0.923020	0.025785	0.000000	0.000000	0.000000
322	0.000000	0.000000	0.000000	0.051455	0.922921	0.025624	0.000000	0.000000	0.000000
323	0.000000	0.000000	0.000000	0.051152	0.923328	0.025520	0.000000	0.000000	0.000000
324	0.000000	0.000000	0.000000	0.051352	0.922944	0.025704	0.000000	0.000000	0.000000
325	0.000000	0.000000	0.000000	0.051242	0.923126	0.025632	0.000000	0.000000	0.000000
326	0.000000	0.000000	0.000000	0.051389	0.923092	0.025519	0.000000	0.000000	0.000000
327	0.000000	0.000000	0.000000	0.051477	0.923102	0.025421	0.000000	0.000000	0.000000
328	0.000000	0.000000	0.000000	0.051746	0.922784	0.025470	0.000000	0.000000	0.000000
329	0.000000	0.000000	0.000000	0.051693	0.922932	0.025375	0.000000	0.000000	0.000000
330	0.000000	0.000000	0.000000	0.051484	0.923120	0.025396	0.000000	0.000000	0.000000
331	0.000000	0.000000	0.000000	0.051654	0.922962	0.025384	0.000000	0.000000	0.000000
332	0.000000	0.000000	0.000000	0.051625	0.922673	0.025702	0.000000	0.000000	0.000000
333	0.000000	0.000000	0.000000	0.051924	0.922337	0.025739	0.000000	0.000000	0.000000
334	0.000000	0.000000	0.000000	0.051906	0.922289	0.025805	0.000000	0.000000	0.000000
335	0.000000	0.000000	0.000000	0.051885	0.922220	0.025895	0.000000	0.000000	0.000000
336	0.000000	0.000000	0.000000	0.052019	0.922073	0.025908	0.000000	0.000000	0.000000
337	0.000000	0.000000	0.000000	0.052019	0.922160	0.025821	0.000000	0.000000	0.000000
338	0.000000	0.000000	0.000000	0.052124	0.922206	0.025670	0.000000	0.000000	0.000000
339	0.000000	0.000000	0.000000	0.051986	0.922446	0.025568	0.000000	0.000000	0.000000
340	0.000000	0.000000	0.000000	0.051786	0.922630	0.025584	0.000000	0.000000	0.000000
341	0.000000	0.000000	0.000000	0.051994	0.922490	0.025516	0.000000	0.000000	0.000000
342	0.000000	0.000000	0.000000	0.051867	0.922664	0.025469	0.000000	0.000000	0.000000
343	0.000000	0.000000	0.000000	0.051871	0.922726	0.025403	0.000000	0.000000	0.000000
344	0.000000	0.000000	0.000000	0.051966	0.922763	0.025271	0.000000	0.000000	0.000000
345	0.000000	0.000000	0.000000	0.051764	0.923159	0.025077	0.000000	0.000000	0.000000
346	0.000000	0.000000	0.000000	0.051984	0.922876	0.025140	0.000000	0.000000	0.000000
347	0.000000	0.000000	0.000000	0.051636	0.923079	0.025285	0.000000	0.000000	0.000000
348	0.000000	0.000000	0.000000	0.051471	0.923281	0.025248	0.000000	0.000000	0.000000
349	0.000000	0.000000	0.000000	0.051566	0.923419	0.025015	0.000000	0.000000	0.000000
350	0.000000	0.000000	0.000000	0.051913	0.923066	0.025021	0.000000	0.000000	0.000000
351	0.000000	0.000000	0.000000	0.051774	0.923194	0.025032	0.000000	0.000000	0.000000
352	0.000000	0.000000	0.000000	0.052013	0.922872	0.025115	0.000000	0.000000	0.000000
353	0.000000	0.000000	0.000000	0.051999	0.922957	0.025044	0.000000	0.000000	0.000000
354	0.000000	0.000000	0.000000	0.052154	0.922722	0.025124	0.000000	0.000000	0.000000
355	0.000000	0.000000	0.000000	0.052389	0.922645	0.024966	0.000000	0.000000	0.000000
356	0.000000	0.000000	0.000000	0.052516	0.922580	0.024904	0.000000	0.000000	0.000000
357	0.000000	0.000000	0.000000	0.052453	0.922448	0.025099	0.000000	0.000000	0.000000
358	0.000000	0.000000	0.000000	0.052434	0.922535	0.025031	0.000000	0.000000	0.000000
359	0.000000	0.000000	0.000000	0.052626	0.922428	0.024946	0.000000	0.000000	0.000000
360	0.000000	0.000000	0.000000	0.052673	0.922352	0.024975	0.000000	0.000000	0.000000
361	0.000000	0.000000	0.000000	0.052653	0.922455	0.024892	0.000000	0.000000	0.000000
362	0.000000	0.000000	0.000000	0.052958	0.922099	0.024943	0.000000	0.000000	0.000000
363	0.000000	0.000000	0.000000	0.052762	0.922339	0.024899	0.000000	0.000000	0.000000
364	0.000000	0.000000	0.000000	0.052671	0.922152	0.025177	0.000000	0.000000	0.000000
365	0.000000	0.000000	0.000000	0.053052	0.921880	0.025068	0.000000	0.000000	0.000000
366	0.000000	0.000000	0.000000	0.052905	0.921769	0.025326	0.000000	0.000000	0.000000
367	0.000000	0.000000	0.000000	0.052811	0.921906	0.025283	0.000000	0.000000	0.000000
368	0.000000	0.000000	0.000000	0.052824	0.921998	0.025178	0.000000	0.000000	0.000000
369	0.000000	0.000000	0.000000	0.052932	0.922002	0.025066	0.000000	0.000000	0.000000
370	0.000000	0.000000	0.000000	0.052725	0.921955	0.025320	0.000000	0.000000	0.000000
371	0.000000	0.000000	0.000000	0.052789	0.921759	0.025452	0.000000	0.000000	0.000000
372	0.000000	0.000000	0.000000	0.052802	0.921847	0.025351	0.000000	0.000000	0.000000
373	0.000000	0.000000	0.000000	0.052872	0.921706	0.025422	0.000000	0.000000	0.000000
374	0.000000	0.000000	0.000000	0.052784	0.921780	0.025436	0.000000	0.000000	0.000000
375	0.000000	0.000000	0.000000	0.052942	0.921751	0.025307	0.000000	0.000000	0.000000
376	0.000000	0.000000	0.000000	0.052995	0.921532	0.025473	0.000000	0.000000	0.000000
377	0.000000	0.000000	0.000000	0.052716	0.921816	0.025468	0.000000	0.000000	0.000000
378	0.000000	0.000000	0.000000	0.052618	0.921988	0.025394	0.000000	0.000000	0.000000
379	0.000000	0.000000	0.000000	0.052439	0.922173	0.025388	0.000000	0.000000	0.000000
380	0.000000	0.000000	0.000000	0.052256	0.922537	0.025207	0.000000	0.000000	0.000000
381	0.000000	0.000000	0.000000	0.052175	0.922570	0.025255	0.000000	0.000000	0.000000
382	0.000000	0.000000	0.000000	0.052489	0.922351	0.025160	0.000000	0.000000	0.000000
383	0.000000	0.000000	0.000000	0.052512	0.922408	0.025080	0.000000	0.000000	0.000000
384	0.000000	0.000000	0.000000	0.052499	0.922355	0.025146	0.000000	0.000000	0.000000
385	0.000000	0.000000	0.000000	0.052653	0.922168	0.025179	0.000000	0.000000	0.000000
386	0.000000	0.000000	0.000000	0.052902	0.922031	0.025067	0.000000	0.000000	0.000000
387	0.000000	0.000000	0.000000	0.052827	0.922068	0.025105	0.000000	0.000000	0.000000
388	0.000000	0.000000	0.000000	0.052684	0.922271	0.025045	0.000000	0.000000	0.000000
389	0.000000	0.000000	0.000000	0.052879	0.921983	0.025138	0.000000	0.000000	0.000000
390	0.000000	0.000000	0.000000	0.053012	0.921868	0.025120	0.000000	0.000000	0.000000
391	0.000000	0.000000	0.000000	0.053071	0.921634	0.025295	0.000000	0.000000	0.000000
392	0.000000	0.000000	0.000000	0.053277	0.921411	0.025312	0.000000	0.000000	0.000000
393	0.000000	0.000000	0.000000	0.052934	0.921599	0.025467	0.000000	0.000000	0.000000
394	0.000000	0.000000	0.000000	0.053006	0.921588	0.025406	0.000000	0.000000	0.000000
395	0.000000	0.000000	0.000000	0.053288	0.921302	0.025410	0.000000	0.000000	0.000000
396	0.000000	0.000000	0.000000	0.053282	0.921131	0.025587	0.000000	0.000000	0.000000
397	0.000000	0.000000	0.000000	0.053411	0.920857	0.025732	0.000000	0.000000	0.000000
398	0.000000	0.000000	0.000000	0.053346	0.921072	0.025582	0.000000	0.000000	0.000000
399	0.000000	0.000000	0.000000	0.053210	0.921376	0.025414	0.000000	0.000000	0.000000
400	0.000000	0.000000	0.000000	0.052969	0.921248	0.025783	0.000000	0.000000	0.000000
401	0.000000	0.000000	0.000000	0.053071	0.921055	0.025874	0.000000	0.000000	0.000000
402	0.000000	0.000000	0.000000	0.053159	0.921306	0.025535	0.000000	0.000000	0.000000
403	0.000000	0.000000	0.000000	0.053281	0.921065	0.025654	0.000000	0.000000	0.000000
404	0.000000	0.000000	0.000000	0.053173	0.921290	0.025537	0.000000	0.000000	0.000000
405	0.000000	0.000000	0.000000	0.053037	0.921387	0.025576	0.000000	0.000000	0.000000
406	0.000000	0.000000	0.000000	0.053047	0.921452	0.025501	0.000000	0.000000	0.000000
407	0.000000	0.000000	0.000000	0.053125	0.921235	0.025640	0.000000	0.000000	0.000000
408	0.000000	0.000000	0.000000	0.053108	0.921316	0.025576	0.000000	0.000000	0.000000
409	0.000000	0.000000	0.000000	0.053275	0.921144	0.025581	0.000000	0.000000	0.000000
410	0.000000	0.000000	0.000000	0.053576	0.920804	0.025620	0.000000	0.000000	0.000000
411	0.000000	0.000000	0.000000	0.053594	0.920984	0.025422	0.000000	0.000000	0.000000
412	0.000000	0.000000	0.000000	0.053484	0.921122	0.025394	0.000000	0.000000	0.000000
413	0.000000	0.000000	0.000000	0.053330	0.921444	0.025226	0.000000	0.000000	0.000000
414	0.000000	0.000000	0.000000	0.053328	0.921529	0.025143	0.000000	0.000000	0.000000
415	0.000000	0.000000	0.000000	0.053319	0.921320	0.025361	0.000000	0.000000	0.000000
416	0.000000	0.000000	0.000000	0.053483	0.921197	0.025320	0.000000	0.000000	0.000000
417	0.000000	0.000000	0.000000	0.053665	0.920936	0.025399	0.000000	0.000000	0.000000
418	0.000000	0.000000	0.000000	0.053709	0.920689	0.025602	0.000000	0.000000	0.000000
419	0.000000	0.000000	0.000000	0.053456	0.920926	0.025618	0.000000	0.000000	0.000000
420	0.000000	0.000000	0.000000	0.053657	0.920543	0.025800	0.000000	0.000000	0.000000
421	0.000000	0.000000	0.000000	0.053652	0.920774	0.025574	0.000000	0.000000	0.000000
422	0.000000	0.000000	0.000000	0.053821	0.920546	0.025633	0.000000	0.000000	0.000000
423	0.000000	0.000000	0.000000	0.053485	0.920872	0.025643	0.000000	0.000000	0.000000
424	0.000000	0.000000	0.000000	0.053543	0.920752	0.025705	0.000000	0.000000	0.000000
425	0.000000	0.000000	0.000000	0.053478	0.920855	0.025667	0.000000	0.000000	0.000000
426	0.000000	0.000000	0.000000	0.053492	0.920983	0.025525	0.000000	0.000000	0.000000
427	0.000000	0.000000	0.000000	0.053605	0.920755	0.025640	0.000000	0.000000	0.000000
428	0.000000	0.000000	0.000000	0.053535	0.920819	0.025646	0.000000	0.000000	0.000000
429	0.000000	0.000000	0.000000	0.053531	0.921029	0.025440	0.000000	0.000000	0.000000
430	0.000000	0.000000	0.000000	0.053216	0.921106	0.025678	0.000000	0.000000	0.000000
431	0.000000	0.000000	0.000000	0.053034	0.921288	0.025678	0.000000	0.000000	0.000000
432	0.000000	0.000000	0.000000	0.053071	0.921163	0.025766	0.000000	0.000000	0.000000
433	0.000000	0.000000	0.000000	0.052949	0.921417	0.025634	0.000000	0.000000	0.000000
434	0.000000	0.000000	0.000000	0.052879	0.921367	0.025754	0.000000	0.000000	0.000000
435	0.000000	0.000000	0.000000	0.053072	0.921378	0.025550	0.000000	0.000000	0.000000
436	0.000000	0.000000	0.000000	0.052944	0.921489	0.025567	0.000000	0.000000	0.000000
437	0.000000	0.000000	0.000000	0.052954	0.921486	0.025560	0.000000	0.000000	0.000000
438	0.000000	0.000000	0.000000	0.052935	0.921633	0.025432	0.000000	0.000000	0.000000
439	0.000000	0.000000	0.000000	0.052969	0.921378	0.025653	0.000000	0.000000	0.000000
440	0.000000	0.000000	0.000000	0.052698	0.921603	0.025699	0.000000	0.000000	0.000000
441	0.000000	0.000000	0.000000	0.052870	0.921583	0.025547	0.000000	0.000000	0.000000
442	0.000000	0.000000	0.000000	0.052842	0.921557	0.025601	0.000000	0.000000	0.000000
443	0.000000	0.000000	0.000000	0.052963	0.921596	0.025441	0.000000	0.000000	0.000000
444	0.000000	0.000000	0.000000	0.053244	0.921135	0.025621	0.000000	0.000000	0.000000
445	0.000000	0.000000	0.000000	0.053068	0.921245	0.025687	0.000000	0.000000	0.000000
446	0.000000	0.000000	0.000000	0.053035	0.921053	0.025912	0.000000	0.000000	0.000000
447	0.000000	0.000000	0.000000	0.052844	0.921434	0.025722	0.000000	0.000000	0.000000
448	0.000000	0.000000	0.000000	0.052731	0.921322	0.025947	0.000000	0.000000	0.000000
449	0.000000	0.000000	0.000000	0.052900	0.921167	0.025933	0.000000	0.000000	0.000000
450	0.000000	0.000000	0.000000	0.052853	0.921239	0.025908	0.000000	0.000000	0.000000
451	0.000000	0.000000	0.000000	0.052844	0.921265	0.025891	0.000000	0.000000	0.000000
452	0.000000	0.000000	0.000000	0.053216	0.920866	0.025918	0.000000	0.000000	0.000000
453	0.000000	0.000000	0.000000	0.053395	0.920677	0.025928	0.000000	0.000000	0.000000
454	0.000000	0.000000	0.000000	0.053202	0.920762	0.026036	0.000000	0.000000	0.000000
455	0.000000	0.000000	0.000000	0.053268	0.920698	0.026034	0.000000	0.000000	0.000000
456	0.000000	0.000000	0.000000	0.053307	0.920666	0.026027	0.000000	0.000000	0.000000
457	0.000000	0.000000	0.000000	0.052998	0.920899	0.026103	0.000000	0.000000	0.000000
458	0.000000	0.000000	0.000000	0.052920	0.921193	0.025887	0.000000	0.000000	0.000000
459	0.000000	0.000000	0.000000	0.052678	0.921344	0.025978	0.000000	0.000000	0.000000
460	0.000000	0.000000	0.000000	0.052592	0.921451	0.025957	0.000000	0.000000	0.000000
461	0.000000	0.000000	0.000000	0.052527	0.921273	0.026200	0.000000	0.000000	0.000000
462	0.000000	0.000000	0.000000	0.052350	0.921616	0.026034	0.000000	0.000000	0.000000
463	0.000000	0.000000	0.000000	0.052061	0.921841	0.026098	0.000000	0.000000	0.000000
464	0.000000	0.000000	0.000000	0.052201	0.921777	0.026022	0.000000	0.000000	0.000000
465	0.000000	0.000000	0.000000	0.052030	0.921701	0.026269	0.000000	0.000000	0.000000
466	0.000000	0.000000	0.000000	0.052343	0.921558	0.026099	0.000000	0.000000	0.000000
467	0.000000	0.000000	0.000000	0.052357	0.921590	0.026053	0.000000	0.000000	0.000000
468	0.000000	0.000000	0.000000	0.052398	0.921507	0.026095	0.000000	0.000000	0.000000
469	0.000000	0.000000	0.000000	0.052288	0.921456	0.026256	0.000000	0.000000	0.000000
470	0.000000	0.000000	0.000000	0.052549	0.921144	0.026307	0.000000	0.000000	0.000000
