0	0.290663	0.057897	0.229473	0.157588	0.029913	0.111872	0.085455	0.012259	0.024880
1	0.237675	0.049099	0.203898	0.144953	0.029382	0.124322	0.106196	0.020672	0.083803
2	0.243034	0.049860	0.206289	0.143333	0.030748	0.124115	0.097412	0.019143	0.086066
3	0.253038	0.050887	0.210374	0.142003	0.032269	0.121534	0.087736	0.017089	0.085070
4	0.264397	0.051606	0.214163	0.141033	0.033502	0.118046	0.078305	0.015037	0.083911
5	0.275588	0.052412	0.218200	0.138758	0.034511	0.114362	0.070285	0.013419	0.082465
6	0.286792	0.053021	0.220645	0.136609	0.036122	0.110275	0.063357	0.011897	0.081282
7	0.297573	0.053085	0.222535	0.134227	0.037811	0.106431	0.057286	0.010579	0.080473
8	0.308108	0.053156	0.224319	0.132120	0.039205	0.102187	0.051691	0.009454	0.079760
9	0.317811	0.053348	0.226902	0.128977	0.040905	0.098248	0.046844	0.008312	0.078653
10	0.326941	0.053076	0.228501	0.126631	0.042670	0.094611	0.042321	0.007432	0.077817
11	0.336813	0.052706	0.229137	0.124404	0.044179	0.090771	0.038190	0.006623	0.077177
12	0.345877	0.052515	0.230090	0.121496	0.046163	0.087111	0.034705	0.005937	0.076106
13	0.355149	0.052042	0.231205	0.118193	0.047880	0.083342	0.031490	0.005508	0.075191
14	0.363492	0.052033	0.232081	0.115482	0.049607	0.079684	0.028697	0.004847	0.074077
15	0.372505	0.051480	0.231358	0.112751	0.051173	0.076233	0.026112	0.004331	0.074057
16	0.380105	0.051081	0.231699	0.110156	0.053138	0.073133	0.023831	0.003803	0.073054
17	0.387926	0.050435	0.232018	0.107168	0.054948	0.070169	0.021731	0.003600	0.072005
18	0.394943	0.049835	0.232322	0.104109	0.056949	0.067167	0.019763	0.003265	0.071647
19	0.402657	0.049103	0.231874	0.101421	0.059146	0.064013	0.018229	0.003050	0.070507
20	0.408771	0.048699	0.232139	0.098568	0.061422	0.061402	0.016698	0.002664	0.069637
21	0.415198	0.048121	0.231191	0.096144	0.063836	0.059077	0.015281	0.002458	0.068694
22	0.420730	0.047626	0.230741	0.093648	0.066203	0.056811	0.014148	0.002262	0.067831
23	0.426124	0.046852	0.230372	0.091050	0.068699	0.054592	0.013105	0.002031	0.067175
24	0.431795	0.046150	0.229550	0.088763	0.071471	0.052319	0.012066	0.001862	0.066024
25	0.437359	0.045524	0.229127	0.086021	0.073811	0.050414	0.010876	0.001691	0.065177
26	0.442627	0.044807	0.228267	0.083962	0.076420	0.048407	0.010174	0.001489	0.063847
27	0.448139	0.043957	0.227320	0.081837	0.078804	0.046249	0.009226	0.001401	0.063067
28	0.452159	0.043193	0.226922	0.079155	0.081895	0.044295	0.008607	0.001261	0.062513
29	0.456753	0.042461	0.225801	0.077047	0.084711	0.042754	0.007872	0.001191	0.061410
30	0.461075	0.041558	0.224917	0.074637	0.087681	0.041021	0.007241	0.001104	0.060766
31	0.465190	0.040929	0.223315	0.072916	0.090715	0.039275	0.006634	0.001022	0.060004
32	0.468955	0.040238	0.222031	0.071050	0.093794	0.037641	0.006308	0.000948	0.059035
33	0.472967	0.039353	0.220608	0.069083	0.097067	0.036220	0.005792	0.000872	0.058038
34	0.475709	0.038898	0.219395	0.067573	0.100333	0.034821	0.005336	0.000816	0.057119
35	0.478741	0.038239	0.217482	0.065931	0.103920	0.033935	0.004768	0.000744	0.056240
36	0.481561	0.037425	0.216394	0.064678	0.107176	0.032789	0.004530	0.000650	0.054797
37	0.484249	0.036606	0.215374	0.062979	0.110470	0.031419	0.004204	0.000633	0.054066
38	0.486357	0.035650	0.214098	0.061797	0.114217	0.030230	0.003834	0.000576	0.053241
39	0.488827	0.034833	0.212953	0.060297	0.117818	0.029029	0.003505	0.000516	0.052222
40	0.490950	0.033953	0.211491	0.058858	0.121655	0.027880	0.003191	0.000473	0.051549
41	0.492555	0.033436	0.210121	0.057237	0.125785	0.026976	0.002936	0.000418	0.050536
42	0.494186	0.032645	0.208541	0.056056	0.129848	0.025935	0.002713	0.000399	0.049677
43	0.495069	0.031926	0.206760	0.054614	0.134727	0.025169	0.002568	0.000357	0.048810
44	0.495995	0.031252	0.205435	0.053312	0.138784	0.024589	0.002375	0.000324	0.047934
45	0.496681	0.030814	0.203955	0.052101	0.143520	0.023666	0.002117	0.000296	0.046850
46	0.497156	0.030042	0.201968	0.051122	0.148332	0.023029	0.002016	0.000257	0.046078
47	0.497360	0.029469	0.200333	0.050318	0.153079	0.022393	0.001841	0.000225	0.044982
48	0.497743	0.028765	0.197818	0.049576	0.157972	0.022099	0.001683	0.000192	0.044152
49	0.498090	0.027937	0.196088	0.048894	0.162875	0.021127	0.001566	0.000165	0.043258
50	0.497963	0.027442	0.194433	0.048010	0.168074	0.020467	0.001380	0.000180	0.042051
51	0.497639	0.026708	0.192847	0.046828	0.173438	0.019900	0.001321	0.000173	0.041146
52	0.497226	0.026135	0.190461	0.046275	0.178922	0.019344	0.001198	0.000157	0.040282
53	0.497150	0.025504	0.188747	0.045414	0.183778	0.018941	0.001092	0.000149	0.039225
54	0.495885	0.024982	0.186957	0.044639	0.189597	0.018443	0.001009	0.000130	0.038358
55	0.495712	0.024328	0.184375	0.043759	0.195601	0.017800	0.000903	0.000120	0.037402
56	0.494720	0.023691	0.182521	0.043030	0.200971	0.017618	0.000803	0.000111	0.036535
57	0.493602	0.022809	0.180950	0.042471	0.206684	0.017155	0.000714	0.000093	0.035522
58	0.492351	0.022066	0.179006	0.041678	0.212919	0.016718	0.000663	0.000080	0.034519
59	0.490777	0.021426	0.176862	0.041303	0.219068	0.016313	0.000639	0.000075	0.033537
60	0.488295	0.020987	0.175609	0.040537	0.225641	0.016036	0.000597	0.000063	0.032235
61	0.485643	0.020485	0.173701	0.040254	0.232313	0.015555	0.000536	0.000065	0.031448
62	0.483649	0.020011	0.171229	0.039777	0.238909	0.015272	0.000499	0.000064	0.030590
63	0.481055	0.019524	0.169362	0.039268	0.245814	0.014983	0.000498	0.000069	0.029427
64	0.478606	0.018852	0.167472	0.038932	0.252501	0.014553	0.000441	0.000043	0.028600
65	0.475447	0.018116	0.165381	0.038464	0.260212	0.014322	0.000400	0.000031	0.027627
66	0.472788	0.017660	0.162869	0.038324	0.266885	0.014213	0.000357	0.000039	0.026865
67	0.469871	0.017388	0.160628	0.038240	0.273665	0.013912	0.000344	0.000045	0.025907
68	0.466384	0.016809	0.158646	0.037703	0.281175	0.013538	0.000345	0.000036	0.025364
69	0.463491	0.016415	0.156548	0.037377	0.288185	0.013231	0.000295	0.000026	0.024432
70	0.460065	0.016008	0.154839	0.036960	0.295172	0.013042	0.000260	0.000034	0.023620
71	0.456703	0.015523	0.152278	0.036576	0.302754	0.012810	0.000254	0.000028	0.023074
72	0.452269	0.015071	0.150142	0.036376	0.310905	0.012649	0.000215	0.000023	0.022350
73	0.448569	0.014624	0.147749	0.036073	0.318657	0.012466	0.000190	0.000022	0.021650
74	0.444894	0.014234	0.145478	0.035816	0.326156	0.012207	0.000176	0.000016	0.021023
75	0.440179	0.013830	0.143626	0.035614	0.334321	0.012042	0.000160	0.000016	0.020212
76	0.436714	0.013475	0.141056	0.035363	0.342115	0.011706	0.000161	0.000020	0.019390
77	0.432038	0.012923	0.138818	0.035399	0.350455	0.011548	0.000146	0.000023	0.018650
78	0.427822	0.012494	0.136280	0.035358	0.358579	0.011412	0.000115	0.000018	0.017922
79	0.423881	0.012157	0.133836	0.034871	0.366674	0.011223	0.000125	0.000023	0.017210
80	0.419466	0.011812	0.131835	0.034615	0.374445	0.011009	0.000133	0.000013	0.016672
81	0.414930	0.011486	0.129548	0.034378	0.382469	0.010960	0.000103	0.000015	0.016111
82	0.410221	0.011015	0.127419	0.034195	0.390645	0.010978	0.000102	0.000011	0.015414
83	0.405934	0.010708	0.124692	0.034005	0.398929	0.010832	0.000091	0.000014	0.014795
84	0.401023	0.010418	0.122543	0.033801	0.407131	0.010823	0.000091	0.000008	0.014162
85	0.395666	0.010053	0.120328	0.033763	0.415658	0.010870	0.000078	0.000008	0.013576
86	0.390544	0.009819	0.118594	0.033450	0.423860	0.010811	0.000062	0.000007	0.012853
87	0.385286	0.009520	0.116446	0.033240	0.432379	0.010673	0.000061	0.000010	0.012385
88	0.380013	0.009369	0.114230	0.032813	0.441216	0.010530	0.000051	0.000007	0.011771
89	0.374357	0.009020	0.112526	0.032650	0.449858	0.010261	0.000050	0.000005	0.011273
90	0.369078	0.008636	0.110404	0.032480	0.458296	0.010301	0.000046	0.000006	0.010753
91	0.363415	0.008626	0.108312	0.032567	0.466717	0.010067	0.000033	0.000001	0.010262
92	0.357525	0.008214	0.106808	0.032479	0.475279	0.010055	0.000039	0.000001	0.009600
93	0.351775	0.007810	0.104940	0.032293	0.484029	0.010030	0.000031	0.000001	0.009091
94	0.346465	0.007630	0.102627	0.032242	0.492349	0.009994	0.000027	0.000002	0.008664
95	0.340683	0.007335	0.100553	0.032353	0.500640	0.010035	0.000026	0.000000	0.008375
96	0.334877	0.006993	0.098223	0.032352	0.509689	0.009904	0.000034	0.000000	0.007928
97	0.329307	0.006657	0.095690	0.032670	0.518154	0.009873	0.000024	0.000000	0.007625
98	0.323550	0.006390	0.093992	0.032678	0.526238	0.009862	0.000026	0.000000	0.007264
99	0.317946	0.006221	0.091823	0.032823	0.534324	0.009853	0.000027	0.000000	0.006983
100	0.312513	0.006008	0.089624	0.032611	0.542695	0.009872	0.000022	0.000000	0.006655
101	0.306397	0.005808	0.087986	0.032765	0.550620	0.010073	0.000017	0.000000	0.006334
102	0.300936	0.005663	0.085995	0.032547	0.558825	0.010065	0.000018	0.000000	0.005951
103	0.295481	0.005503	0.083843	0.032467	0.566994	0.010016	0.000014	0.000000	0.005682
104	0.289867	0.005320	0.082024	0.032351	0.575205	0.009853	0.000010	0.000000	0.005370
105	0.283530	0.005189	0.080309	0.032234	0.583815	0.009827	0.000010	0.000000	0.005086
106	0.277723	0.004941	0.078438	0.032206	0.591856	0.009929	0.000010	0.000000	0.004897
107	0.271611	0.004792	0.076535	0.032176	0.600205	0.009949	0.000008	0.000000	0.004724
108	0.266163	0.004469	0.074425	0.032134	0.608536	0.009783	0.000010	0.000000	0.004480
109	0.260309	0.004351	0.072756	0.032002	0.616715	0.009634	0.000004	0.000000	0.004229
110	0.254778	0.004133	0.070518	0.031993	0.624824	0.009731	0.000001	0.000000	0.004022
111	0.249052	0.004026	0.068782	0.032037	0.632523	0.009752	0.000003	0.000000	0.003825
112	0.243924	0.003949	0.066936	0.031985	0.639870	0.009700	0.000005	0.000000	0.003631
113	0.238247	0.003836	0.064934	0.032278	0.647573	0.009651	0.000009	0.000000	0.003472
114	0.232630	0.003623	0.063116	0.032591	0.655107	0.009639	0.000009	0.000000	0.003285
115	0.226822	0.003561	0.061683	0.032451	0.662652	0.009682	0.000005	0.000000	0.003144
116	0.221157	0.003386	0.060054	0.032494	0.670114	0.009788	0.000007	0.000000	0.003000
117	0.215729	0.003175	0.058497	0.032324	0.677836	0.009684	0.000007	0.000000	0.002748
118	0.210122	0.002997	0.057081	0.032335	0.685251	0.009608	0.000008	0.000000	0.002598
119	0.204613	0.002891	0.055557	0.032363	0.692445	0.009627	0.000009	0.000000	0.002495
120	0.199528	0.002752	0.053838	0.032429	0.699343	0.009748	0.000007	0.000000	0.002355
121	0.194364	0.002626	0.052302	0.032351	0.706411	0.009714	0.000008	0.000000	0.002224
122	0.189136	0.002502	0.050659	0.032403	0.713535	0.009641	0.000008	0.000000	0.002116
123	0.183674	0.002360	0.049578	0.032451	0.720184	0.009674	0.000005	0.000000	0.002074
124	0.178920	0.002305	0.047963	0.032655	0.726618	0.009583	0.000009	0.000000	0.001947
125	0.173347	0.002128	0.046843	0.032631	0.733593	0.009615	0.000012	0.000000	0.001831
126	0.168426	0.001965	0.045403	0.032801	0.739928	0.009721	0.000007	0.000000	0.001749
127	0.163492	0.001932	0.043857	0.032934	0.746239	0.009874	0.000004	0.000000	0.001668
128	0.158578	0.001776	0.042535	0.033033	0.752665	0.009792	0.000007	0.000000	0.001614
129	0.154508	0.001692	0.040858	0.033107	0.758598	0.009732	0.000006	0.000000	0.001499
130	0.149890	0.001583	0.039761	0.033133	0.764390	0.009833	0.000002	0.000000	0.001408
131	0.145261	0.001493	0.038270	0.033023	0.770876	0.009707	0.000005	0.000000	0.001365
132	0.141031	0.001361	0.037001	0.033105	0.776414	0.009833	0.000001	0.000000	0.001254
133	0.137007	0.001281	0.035696	0.033049	0.782035	0.009789	0.000001	0.000000	0.001142
134	0.132342	0.001207	0.034563	0.033247	0.787674	0.009861	0.000000	0.000000	0.001106
135	0.128277	0.001206	0.033302	0.033326	0.792911	0.009877	0.000000	0.000000	0.001101
136	0.124510	0.001130	0.031981	0.033450	0.798039	0.009860	0.000000	0.000000	0.001030
137	0.120587	0.001048	0.031034	0.033405	0.803410	0.009598	0.000000	0.000000	0.000918
138	0.116547	0.000998	0.029918	0.033648	0.808225	0.009783	0.000000	0.000000	0.000881
139	0.113123	0.000959	0.028814	0.033427	0.813015	0.009812	0.000000	0.000000	0.000850
140	0.109511	0.000863	0.027579	0.033444	0.818038	0.009778	0.000000	0.000000	0.000787
141	0.105971	0.000864	0.026719	0.033330	0.822699	0.009692	0.000000	0.000000	0.000725
142	0.102275	0.000838	0.025604	0.033298	0.827614	0.009709	0.000000	0.000000	0.000662
143	0.098778	0.000795	0.024749	0.033764	0.831491	0.009833	0.000000	0.000000	0.000590
144	0.095108	0.000793	0.023770	0.033547	0.836380	0.009833	0.000000	0.000000	0.000569
145	0.091669	0.000732	0.023027	0.033617	0.840755	0.009663	0.000000	0.000000	0.000537
146	0.088563	0.000712	0.022189	0.033892	0.844582	0.009586	0.000000	0.000000	0.000476
147	0.085581	0.000679	0.021232	0.033909	0.848534	0.009627	0.000000	0.000000	0.000438
148	0.082480	0.000644	0.020510	0.033585	0.852620	0.009751	0.000000	0.000000	0.000410
149	0.079259	0.000574	0.019721	0.033634	0.856766	0.009671	0.000000	0.000000	0.000375
150	0.076309	0.000537	0.018919	0.033618	0.860675	0.009594	0.000000	0.000000	0.000348
151	0.073444	0.000513	0.018139	0.033815	0.864093	0.009668	0.000000	0.000000	0.000328
152	0.070528	0.000471	0.017448	0.033767	0.867757	0.009738	0.000000	0.000000	0.000291
153	0.067854	0.000433	0.016821	0.033852	0.871007	0.009776	0.000000	0.000000	0.000257
154	0.064735	0.000418	0.016144	0.034054	0.874468	0.009932	0.000000	0.000000	0.000249
155	0.062199	0.000383	0.015469	0.033720	0.878120	0.009889	0.000000	0.000000	0.000220
156	0.059824	0.000382	0.014873	0.033693	0.881114	0.009908	0.000000	0.000000	0.000206
157	0.057265	0.000350	0.014346	0.033806	0.884204	0.009838	0.000000	0.000000	0.000191
158	0.054963	0.000311	0.013770	0.033775	0.887242	0.009773	0.000000	0.000000	0.000166
159	0.052762	0.000301	0.013231	0.033627	0.890185	0.009748	0.000000	0.000000	0.000146
160	0.050577	0.000315	0.012487	0.033598	0.893170	0.009728	0.000000	0.000000	0.000125
161	0.048376	0.000299	0.011977	0.033492	0.896057	0.009688	0.000000	0.000000	0.000111
162	0.046352	0.000252	0.011515	0.033565	0.898511	0.009716	0.000000	0.000000	0.000089
163	0.044495	0.000214	0.010969	0.033522	0.901006	0.009690	0.000000	0.000000	0.000104
164	0.042890	0.000213	0.010428	0.033700	0.903095	0.009579	0.000000	0.000000	0.000095
165	0.040965	0.000175	0.009907	0.033729	0.905435	0.009724	0.000000	0.000000	0.000065
166	0.039233	0.000169	0.009398	0.033638	0.907773	0.009729	0.000000	0.000000	0.000060
167	0.037504	0.000165	0.008844	0.033759	0.910049	0.009615	0.000000	0.000000	0.000064
168	0.036034	0.000148	0.008325	0.033651	0.912142	0.009648	0.000000	0.000000	0.000052
169	0.034558	0.000120	0.007774	0.033621	0.914241	0.009648	0.000000	0.000000	0.000038
170	0.032847	0.000127	0.007502	0.033599	0.916160	0.009724	0.000000	0.000000	0.000041
171	0.031413	0.000115	0.007161	0.033742	0.917804	0.009727	0.000000	0.000000	0.000038
172	0.030038	0.000106	0.006781	0.033570	0.919668	0.009804	0.000000	0.000000	0.000033
173	0.028559	0.000106	0.006453	0.033468	0.921544	0.009840	0.000000	0.000000	0.000030
174	0.027207	0.000088	0.006047	0.033753	0.923029	0.009848	0.000000	0.000000	0.000028
175	0.025737	0.000074	0.005722	0.033895	0.924719	0.009823	0.000000	0.000000	0.000030
176	0.024595	0.000071	0.005414	0.034176	0.925919	0.009806	0.000000	0.000000	0.000019
177	0.023282	0.000087	0.005212	0.034074	0.927506	0.009823	0.000000	0.000000	0.000016
178	0.022146	0.000075	0.004950	0.033858	0.929167	0.009794	0.000000	0.000000	0.000010
179	0.021072	0.000055	0.004691	0.033857	0.930532	0.009786	0.000000	0.000000	0.000007
180	0.019964	0.000047	0.004361	0.033914	0.931892	0.009809	0.000000	0.000000	0.000013
181	0.018857	0.000049	0.004060	0.033774	0.933516	0.009733	0.000000	0.000000	0.000011
182	0.017894	0.000059	0.003777	0.033917	0.934582	0.009764	0.000000	0.000000	0.000007
183	0.017097	0.000057	0.003573	0.033847	0.935644	0.009777	0.000000	0.000000	0.000005
184	0.016155	0.000053	0.003389	0.033765	0.936758	0.009877	0.000000	0.000000	0.000003
185	0.015193	0.000047	0.003200	0.033770	0.937808	0.009979	0.000000	0.000000	0.000003
186	0.014412	0.000054	0.002986	0.033779	0.938772	0.009996	0.000000	0.000000	0.000001
187	0.013485	0.000044	0.002794	0.033998	0.939635	0.010043	0.000000	0.000000	0.000001
188	0.012893	0.000053	0.002599	0.034037	0.940349	0.010068	0.000000	0.000000	0.000001
189	0.012240	0.000036	0.002450	0.033898	0.941253	0.010122	0.000000	0.000000	0.000001
190	0.011533	0.000040	0.002316	0.034045	0.941851	0.010215	0.000000	0.000000	0.000000
191	0.010885	0.000036	0.002137	0.034213	0.942582	0.010146	0.000000	0.000000	0.000001
192	0.010224	0.000028	0.002017	0.033892	0.943610	0.010229	0.000000	0.000000	0.000000
193	0.009663	0.000026	0.001921	0.033962	0.944205	0.010223	0.000000	0.000000	0.000000
194	0.009089	0.000024	0.001833	0.033810	0.944987	0.010257	0.000000	0.000000	0.000000
195	0.008657	0.000023	0.001724	0.033806	0.945406	0.010384	0.000000	0.000000	0.000000
196	0.008077	0.000026	0.001615	0.033775	0.946032	0.010475	0.000000	0.000000	0.000000
197	0.007720	0.000014	0.001509	0.033845	0.946597	0.010315	0.000000	0.000000	0.000000
198	0.007310	0.000006	0.001419	0.033620	0.947289	0.010356	0.000000	0.000000	0.000000
199	0.006939	0.000009	0.001367	0.033490	0.947761	0.010434	0.000000	0.000000	0.000000
200	0.006574	0.000010	0.001295	0.033708	0.947999	0.010414	0.000000	0.000000	0.000000
201	0.006135	0.000010	0.001244	0.033935	0.948396	0.010280	0.000000	0.000000	0.000000
202	0.005830	0.000008	0.001151	0.034191	0.948491	0.010329	0.000000	0.000000	0.000000
203	0.005433	0.000003	0.001060	0.033910	0.949327	0.010267	0.000000	0.000000	0.000000
204	0.005107	0.000001	0.001027	0.034029	0.949656	0.010180	0.000000	0.000000	0.000000
205	0.004814	0.000000	0.000952	0.034160	0.949834	0.010240	0.000000	0.000000	0.000000
206	0.004530	0.000001	0.000917	0.034200	0.950134	0.010218	0.000000	0.000000	0.000000
207	0.004263	0.000003	0.000881	0.033954	0.950789	0.010110	0.000000	0.000000	0.000000
208	0.004038	0.000006	0.000818	0.033786	0.951192	0.010160	0.000000	0.000000	0.000000
209	0.003749	0.000009	0.000771	0.033645	0.951632	0.010194	0.000000	0.000000	0.000000
210	0.003493	0.000007	0.000772	0.033698	0.951896	0.010134	0.000000	0.000000	0.000000
211	0.003236	0.000005	0.000715	0.033591	0.952396	0.010057	0.000000	0.000000	0.000000
212	0.003033	0.000002	0.000688	0.033496	0.952697	0.010084	0.000000	0.000000	0.000000
213	0.002906	0.000001	0.000631	0.033528	0.952946	0.009988	0.000000	0.000000	0.000000
214	0.002693	0.000001	0.000556	0.033590	0.953189	0.009971	0.000000	0.000000	0.000000
215	0.002503	0.000001	0.000529	0.033641	0.953317	0.010009	0.000000	0.000000	0.000000
216	0.002277	0.000001	0.000504	0.033758	0.953405	0.010055	0.000000	0.000000	0.000000
217	0.002124	0.000001	0.000499	0.033845	0.953436	0.010095	0.000000	0.000000	0.000000
218	0.001965	0.000002	0.000448	0.033651	0.953786	0.010148	0.000000	0.000000	0.000000
219	0.001832	0.000003	0.000438	0.033764	0.953884	0.010079	0.000000	0.000000	0.000000
220	0.001700	0.000003	0.000390	0.033577	0.954296	0.010034	0.000000	0.000000	0.000000
221	0.001557	0.000002	0.000359	0.033707	0.954324	0.010051	0.000000	0.000000	0.000000
222	0.001384	0.000000	0.000312	0.033602	0.954780	0.009922	0.000000	0.000000	0.000000
223	0.001307	0.000000	0.000248	0.033683	0.954735	0.010027	0.000000	0.000000	0.000000
224	0.001162	0.000000	0.000250	0.033506	0.955175	0.009907	0.000000	0.000000	0.000000
225	0.001016	0.000000	0.000240	0.033380	0.955378	0.009986	0.000000	0.000000	0.000000
226	0.000933	0.000000	0.000221	0.033603	0.955275	0.009968	0.000000	0.000000	0.000000
227	0.000841	0.000000	0.000201	0.033727	0.955399	0.009832	0.000000	0.000000	0.000000
228	0.000791	0.000000	0.000178	0.033550	0.955582	0.009899	0.000000	0.000000	0.000000
229	0.000752	0.000000	0.000165	0.033527	0.955689	0.009867	0.000000	0.000000	0.000000
230	0.000695	0.000000	0.000150	0.033616	0.955566	0.009973	0.000000	0.000000	0.000000
231	0.000643	0.000000	0.000136	0.033669	0.955561	0.009991	0.000000	0.000000	0.000000
232	0.000569	0.000000	0.000126	0.033855	0.955364	0.010086	0.000000	0.000000	0.000000
233	0.000541	0.000000	0.000116	0.034019	0.955292	0.010032	0.000000	0.000000	0.000000
234	0.000464	0.000000	0.000108	0.034120	0.955205	0.010103	0.000000	0.000000	0.000000
235	0.000415	0.000000	0.000110	0.034037	0.955380	0.010058	0.000000	0.000000	0.000000
236	0.000379	0.000000	0.000102	0.034072	0.955414	0.010033	0.000000	0.000000	0.000000
237	0.000379	0.000000	0.000101	0.034241	0.955244	0.010035	0.000000	0.000000	0.000000
238	0.000325	0.000000	0.000094	0.034232	0.955248	0.010101	0.000000	0.000000	0.000000
239	0.000291	0.000000	0.000087	0.034047	0.955588	0.009987	0.000000	0.000000	0.000000
240	0.000277	0.000000	0.000073	0.034025	0.955738	0.009887	0.000000	0.000000	0.000000
241	0.000242	0.000000	0.000067	0.034123	0.955593	0.009975	0.000000	0.000000	0.000000
242	0.000222	0.000000	0.000056	0.033929	0.955828	0.009965	0.000000	0.000000	0.000000
243	0.000212	0.000000	0.000054	0.034040	0.955773	0.009921	0.000000	0.000000	0.000000
244	0.000197	0.000000	0.000048	0.034293	0.955638	0.009824	0.000000	0.000000	0.000000
245	0.000191	0.000000	0.000044	0.033981	0.955990	0.009794	0.000000	0.000000	0.000000
246	0.000178	0.000000	0.000044	0.034183	0.955740	0.009855	0.000000	0.000000	0.000000
247	0.000165	0.000000	0.000033	0.034136	0.955831	0.009835	0.000000	0.000000	0.000000
248	0.000156	0.000000	0.000033	0.034294	0.955726	0.009791	0.000000	0.000000	0.000000
249	0.000139	0.000000	0.000029	0.034236	0.955774	0.009822	0.000000	0.000000	0.000000
250	0.000115	0.000000	0.000023	0.034325	0.955691	0.009846	0.000000	0.000000	0.000000
251	0.000107	0.000000	0.000019	0.034288	0.955933	0.009653	0.000000	0.000000	0.000000
252	0.000098	0.000000	0.000011	0.034118	0.956270	0.009503	0.000000	0.000000	0.000000
253	0.000083	0.000000	0.000009	0.034107	0.956149	0.009652	0.000000	0.000000	0.000000
254	0.000068	0.000000	0.000008	0.034026	0.956414	0.009484	0.000000	0.000000	0.000000
255	0.000055	0.000000	0.000008	0.033974	0.956362	0.009601	0.000000	0.000000	0.000000
256	0.000040	0.000000	0.000003	0.033685	0.956624	0.009648	0.000000	0.000000	0.000000
257	0.000035	0.000000	0.000002	0.033512	0.956846	0.009605	0.000000	0.000000	0.000000
258	0.000038	0.000000	0.000001	0.033590	0.956926	0.009445	0.000000	0.000000	0.000000
259	0.000033	0.000000	0.000000	0.033604	0.956800	0.009563	0.000000	0.000000	0.000000
260	0.000027	0.000000	0.000000	0.033235	0.957141	0.009597	0.000000	0.000000	0.000000
261	0.000015	0.000000	0.000000	0.033611	0.956728	0.009646	0.000000	0.000000	0.000000
262	0.000010	0.000000	0.000000	0.033380	0.957015	0.009595	0.000000	0.000000	0.000000
263	0.000010	0.000000	0.000000	0.033216	0.957076	0.009698	0.000000	0.000000	0.000000
264	0.000007	0.000000	0.000000	0.033396	0.956961	0.009636	0.000000	0.000000	0.000000
265	0.000006	0.000000	0.000000	0.033486	0.956859	0.009649	0.000000	0.000000	0.000000
266	0.000009	0.000000	0.000000	0.033602	0.956725	0.009664	0.000000	0.000000	0.000000
267	0.000006	0.000000	0.000000	0.033549	0.956668	0.009777	0.000000	0.000000	0.000000
268	0.000005	0.000000	0.000000	0.033675	0.956633	0.009687	0.000000	0.000000	0.000000
269	0.000002	0.000000	0.000000	0.033692	0.956746	0.009560	0.000000	0.000000	0.000000
270	0.000000	0.000000	0.000000	0.033738	0.956681	0.009581	0.000000	0.000000	0.000000
271	0.000000	0.000000	0.000000	0.033652	0.956853	0.009495	0.000000	0.000000	0.000000
272	0.000000	0.000000	0.000000	0.033719	0.956686	0.009595	0.000000	0.000000	0.000000
273	0.000000	0.000000	0.000000	0.033748	0.956794	0.009458	0.000000	0.000000	0.000000
274	0.000000	0.000000	0.000000	0.033819	0.956713	0.009468	0.000000	0.000000	0.000000
275	0.000000	0.000000	0.000000	0.033695	0.956897	0.009408	0.000000	0.000000	0.000000
276	0.000000	0.000000	0.000000	0.033783	0.956843	0.009374	0.000000	0.000000	0.000000
277	0.000000	0.000000	0.000000	0.033598	0.956902	0.009500	0.000000	0.000000	0.000000
278	0.000000	0.000000	0.000000	0.033423	0.957007	0.009570	0.000000	0.000000	0.000000
279	0.000000	0.000000	0.000000	0.033511	0.956905	0.009584	0.000000	0.000000	0.000000
280	0.000000	0.000000	0.000000	0.033527	0.956958	0.009515	0.000000	0.000000	0.000000
281	0.000000	0.000000	0.000000	0.033628	0.956757	0.009615	0.000000	0.000000	0.000000
282	0.000000	0.000000	0.000000	0.033645	0.956758	0.009597	0.000000	0.000000	0.000000
283	0.000000	0.000000	0.000000	0.033752	0.956712	0.009536	0.000000	0.000000	0.000000
284	0.000000	0.000000	0.000000	0.033712	0.956810	0.009478	0.000000	0.000000	0.000000
285	0.000000	0.000000	0.000000	0.033672	0.956845	0.009483	0.000000	0.000000	0.000000
286	0.000000	0.000000	0.000000	0.033833	0.956763	0.009404	0.000000	0.000000	0.000000
287	0.000000	0.000000	0.000000	0.033822	0.956747	0.009431	0.000000	0.000000	0.000000
288	0.000000	0.000000	0.000000	0.033800	0.956778	0.009422	0.000000	0.000000	0.000000
289	0.000000	0.000000	0.000000	0.033802	0.956711	0.009487	0.000000	0.000000	0.000000
290	0.000000	0.000000	0.000000	0.033710	0.956888	0.009402	0.000000	0.000000	0.000000
291	0.000000	0.000000	0.000000	0.033748	0.956785	0.009467	0.000000	0.000000	0.000000
292	0.000000	0.000000	0.000000	0.033730	0.956709	0.009561	0.000000	0.000000	0.000000
293	0.000000	0.000000	0.000000	0.033729	0.956718	0.009553	0.000000	0.000000	0.000000
294	0.000000	0.000000	0.000000	0.033727	0.956656	0.009617	0.000000	0.000000	0.000000
295	0.000000	0.000000	0.000000	0.033764	0.956618	0.009618	0.000000	0.000000	0.000000
296	0.000000	0.000000	0.000000	0.033823	0.956585	0.009592	0.000000	0.000000	0.000000
297	0.000000	0.000000	0.000000	0.033966	0.956366	0.009668	0.000000	0.000000	0.000000
298	0.000000	0.000000	0.000000	0.034113	0.956352	0.009535	0.000000	0.000000	0.000000
299	0.000000	0.000000	0.000000	0.034023	0.956435	0.009542	0.000000	0.000000	0.000000
300	0.000000	0.000000	0.000000	0.034021	0.956393	0.009586	0.000000	0.000000	0.000000
301	0.000000	0.000000	0.000000	0.034134	0.956223	0.009643	0.000000	0.000000	0.000000
302	0.000000	0.000000	0.000000	0.034202	0.956199	0.009599	0.000000	0.000000	0.000000
303	0.000000	0.000000	0.000000	0.034346	0.955963	0.009691	0.000000	0.000000	0.000000
304	0.000000	0.000000	0.000000	0.034584	0.955836	0.009580	0.000000	0.000000	0.000000
305	0.000000	0.000000	0.000000	0.034573	0.955731	0.009696	0.000000	0.000000	0.000000
306	0.000000	0.000000	0.000000	0.034517	0.955776	0.009707	0.000000	0.000000	0.000000
307	0.000000	0.000000	0.000000	0.034428	0.956015	0.009557	0.000000	0.000000	0.000000
308	0.000000	0.000000	0.000000	0.034485	0.955898	0.009617	0.000000	0.000000	0.000000
309	0.000000	0.000000	0.000000	0.034440	0.955906	0.009654	0.000000	0.000000	0.000000
310	0.000000	0.000000	0.000000	0.034275	0.956065	0.009660	0.000000	0.000000	0.000000
311	0.000000	0.000000	0.000000	0.034143	0.956105	0.009752	0.000000	0.000000	0.000000
312	0.000000	0.000000	0.000000	0.034478	0.955895	0.009627	0.000000	0.000000	0.000000
313	0.000000	0.000000	0.000000	0.034564	0.955846	0.009590	0.000000	0.000000	0.000000
314	0.000000	0.000000	0.000000	0.034542	0.955777	0.009681	0.000000	0.000000	0.000000
315	0.000000	0.000000	0.000000	0.034689	0.955697	0.009614	0.000000	0.000000	0.000000
316	0.000000	0.000000	0.000000	0.034777	0.955594	0.009629	0.000000	0.000000	0.000000
317	0.000000	0.000000	0.000000	0.034647	0.955797	0.009556	0.000000	0.000000	0.000000
318	0.000000	0.000000	0.000000	0.034559	0.955824	0.009617	0.000000	0.000000	0.000000
319	0.000000	0.000000	0.000000	0.034524	0.955857	0.009619	0.000000	0.000000	0.000000
320	0.000000	0.000000	0.000000	0.034426	0.955988	0.009586	0.000000	0.000000	0.000000
321	0.000000	0.000000	0.000000	0.034251	0.956238	0.009511	0.000000	0.000000	0.000000
322	0.000000	0.000000	0.000000	0.034246	0.956165	0.009589	0.000000	0.000000	0.000000
323	0.000000	0.000000	0.000000	0.034265	0.956005	0.009730	0.000000	0.000000	0.000000
324	0.000000	0.000000	0.000000	0.034144	0.956265	0.009591	0.000000	0.000000	0.000000
325	0.000000	0.000000	0.000000	0.034303	0.955940	0.009757	0.000000	0.000000	0.000000
326	0.000000	0.000000	0.000000	0.034023	0.956194	0.009783	0.000000	0.000000	0.000000
327	0.000000	0.000000	0.000000	0.034125	0.956130	0.009745	0.000000	0.000000	0.000000
328	0.000000	0.000000	0.000000	0.034000	0.956361	0.009639	0.000000	0.000000	0.000000
329	0.000000	0.000000	0.000000	0.034146	0.956175	0.009679	0.000000	0.000000	0.000000
330	0.000000	0.000000	0.000000	0.033964	0.956296	0.009740	0.000000	0.000000	0.000000
331	0.000000	0.000000	0.000000	0.034101	0.956265	0.009634	0.000000	0.000000	0.000000
332	0.000000	0.000000	0.000000	0.034235	0.956157	0.009608	0.000000	0.000000	0.000000
333	0.000000	0.000000	0.000000	0.034341	0.955971	0.009688	0.000000	0.000000	0.000000
334	0.000000	0.000000	0.000000	0.034452	0.955926	0.009622	0.000000	0.000000	0.000000
335	0.000000	0.000000	0.000000	0.034357	0.955946	0.009697	0.000000	0.000000	0.000000
336	0.000000	0.000000	0.000000	0.034161	0.956146	0.009693	0.000000	0.000000	0.000000
337	0.000000	0.000000	0.000000	0.034473	0.955865	0.009662	0.000000	0.000000	0.000000
338	0.000000	0.000000	0.000000	0.034061	0.956259	0.009680	0.000000	0.000000	0.000000
339	0.000000	0.000000	0.000000	0.034008	0.956485	0.009507	0.000000	0.000000	0.000000
340	0.000000	0.000000	0.000000	0.033750	0.956634	0.009616	0.000000	0.000000	0.000000
341	0.000000	0.000000	0.000000	0.033814	0.956590	0.009596	0.000000	0.000000	0.000000
342	0.000000	0.000000	0.000000	0.033770	0.956533	0.009697	0.000000	0.000000	0.000000
343	0.000000	0.000000	0.000000	0.033777	0.956519	0.009704	0.000000	0.000000	0.000000
344	0.000000	0.000000	0.000000	0.033503	0.956799	0.009698	0.000000	0.000000	0.000000
345	0.000000	0.000000	0.000000	0.033667	0.956659	0.009674	0.000000	0.000000	0.000000
346	0.000000	0.000000	0.000000	0.033831	0.956455	0.009714	0.000000	0.000000	0.000000
347	0.000000	0.000000	0.000000	0.033862	0.956560	0.009578	0.000000	0.000000	0.000000
348	0.000000	0.000000	0.000000	0.033920	0.956426	0.009654	0.000000	0.000000	0.000000
349	0.000000	0.000000	0.000000	0.033942	0.956402	0.009656	0.000000	0.000000	0.000000
350	0.000000	0.000000	0.000000	0.033928	0.956548	0.009524	0.000000	0.000000	0.000000
351	0.000000	0.000000	0.000000	0.033938	0.956509	0.009553	0.000000	0.000000	0.000000
352	0.000000	0.000000	0.000000	0.033894	0.956614	0.009492	0.000000	0.000000	0.000000
353	0.000000	0.000000	0.000000	0.034046	0.956322	0.009632	0.000000	0.000000	0.000000
354	0.000000	0.000000	0.000000	0.034011	0.956421	0.009568	0.000000	0.000000	0.000000
355	0.000000	0.000000	0.000000	0.034025	0.956342	0.009633	0.000000	0.000000	0.000000
356	0.000000	0.000000	0.000000	0.033740	0.956638	0.009622	0.000000	0.000000	0.000000
357	0.000000	0.000000	0.000000	0.033781	0.956554	0.009665	0.000000	0.000000	0.000000
358	0.000000	0.000000	0.000000	0.033756	0.956705	0.009539	0.000000	0.000000	0.000000
359	0.000000	0.000000	0.000000	0.033566	0.956995	0.009439	0.000000	0.000000	0.000000
360	0.000000	0.000000	0.000000	0.033512	0.957043	0.009445	0.000000	0.000000	0.000000
361	0.000000	0.000000	0.000000	0.033652	0.956789	0.009559	0.000000	0.000000	0.000000
362	0.000000	0.000000	0.000000	0.033644	0.956884	0.009472	0.000000	0.000000	0.000000
363	0.000000	0.000000	0.000000	0.033744	0.956924	0.009332	0.000000	0.000000	0.000000
364	0.000000	0.000000	0.000000	0.034035	0.956602	0.009363	0.000000	0.000000	0.000000
365	0.000000	0.000000	0.000000	0.033723	0.956969	0.009308	0.000000	0.000000	0.000000
366	0.000000	0.000000	0.000000	0.033681	0.957133	0.009186	0.000000	0.000000	0.000000
367	0.000000	0.000000	0.000000	0.033710	0.956988	0.009302	0.000000	0.000000	0.000000
368	0.000000	0.000000	0.000000	0.033791	0.956971	0.009238	0.000000	0.000000	0.000000
369	0.000000	0.000000	0.000000	0.033972	0.956822	0.009206	0.000000	0.000000	0.000000
370	0.000000	0.000000	0.000000	0.033781	0.956976	0.009243	0.000000	0.000000	0.000000
371	0.000000	0.000000	0.000000	0.033812	0.957017	0.009171	0.000000	0.000000	0.000000
372	0.000000	0.000000	0.000000	0.033986	0.956842	0.009172	0.000000	0.000000	0.000000
373	0.000000	0.000000	0.000000	0.033712	0.957289	0.008999	0.000000	0.000000	0.000000
374	0.000000	0.000000	0.000000	0.033618	0.957390	0.008992	0.000000	0.000000	0.000000
375	0.000000	0.000000	0.000000	0.033450	0.957571	0.008979	0.000000	0.000000	0.000000
376	0.000000	0.000000	0.000000	0.033353	0.957756	0.008891	0.000000	0.000000	0.000000
377	0.000000	0.000000	0.000000	0.033344	0.957787	0.008869	0.000000	0.000000	0.000000
378	0.000000	0.000000	0.000000	0.033249	0.957924	0.008827	0.000000	0.000000	0.000000
379	0.000000	0.000000	0.000000	0.033453	0.957813	0.008734	0.000000	0.000000	0.000000
380	0.000000	0.000000	0.000000	0.033288	0.957870	0.008842	0.000000	0.000000	0.000000
381	0.000000	0.000000	0.000000	0.033358	0.957740	0.008902	0.000000	0.000000	0.000000
382	0.000000	0.000000	0.000000	0.033287	0.957874	0.008839	0.000000	0.000000	0.000000
383	0.000000	0.000000	0.000000	0.033272	0.957880	0.008848	0.000000	0.000000	0.000000
384	0.000000	0.000000	0.000000	0.033190	0.957880	0.008930	0.000000	0.000000	0.000000
385	0.000000	0.000000	0.000000	0.033165	0.957875	0.008960	0.000000	0.000000	0.000000
386	0.000000	0.000000	0.000000	0.033108	0.957930	0.008962	0.000000	0.000000	0.000000
387	0.000000	0.000000	0.000000	0.033214	0.957841	0.008945	0.000000	0.000000	0.000000
388	0.000000	0.000000	0.000000	0.033183	0.957768	0.009049	0.000000	0.000000	0.000000
389	0.000000	0.000000	0.000000	0.033169	0.957713	0.009118	0.000000	0.000000	0.000000
390	0.000000	0.000000	0.000000	0.033067	0.957850	0.009083	0.000000	0.000000	0.000000
391	0.000000	0.000000	0.000000	0.033022	0.957923	0.009055	0.000000	0.000000	0.000000
392	0.000000	0.000000	0.000000	0.032961	0.958001	0.009038	0.000000	0.000000	0.000000
393	0.000000	0.000000	0.000000	0.032989	0.957992	0.009019	0.000000	0.000000	0.000000
394	0.000000	0.000000	0.000000	0.032919	0.958088	0.008993	0.000000	0.000000	0.000000
395	0.000000	0.000000	0.000000	0.032933	0.958067	0.009000	0.000000	0.000000	0.000000
396	0.000000	0.000000	0.000000	0.032960	0.957973	0.009067	0.000000	0.000000	0.000000
397	0.000000	0.000000	0.000000	0.032802	0.958193	0.009005	0.000000	0.000000	0.000000
398	0.000000	0.000000	0.000000	0.032724	0.958275	0.009001	0.000000	0.000000	0.000000
399	0.000000	0.000000	0.000000	0.032751	0.958142	0.009107	0.000000	0.000000	0.000000
400	0.000000	0.000000	0.000000	0.032875	0.957954	0.009171	0.000000	0.000000	0.000000
401	0.000000	0.000000	0.000000	0.032752	0.958065	0.009183	0.000000	0.000000	0.000000
402	0.000000	0.000000	0.000000	0.032688	0.958092	0.009220	0.000000	0.000000	0.000000
403	0.000000	0.000000	0.000000	0.032703	0.958246	0.009051	0.000000	0.000000	0.000000
404	0.000000	0.000000	0.000000	0.032457	0.958347	0.009196	0.000000	0.000000	0.000000
405	0.000000	0.000000	0.000000	0.032380	0.958385	0.009235	0.000000	0.000000	0.000000
406	0.000000	0.000000	0.000000	0.032289	0.958488	0.009223	0.000000	0.000000	0.000000
407	0.000000	0.000000	0.000000	0.032181	0.958643	0.009176	0.000000	0.000000	0.000000
408	0.000000	0.000000	0.000000	0.032335	0.958576	0.009089	0.000000	0.000000	0.000000
409	0.000000	0.000000	0.000000	0.032116	0.958756	0.009128	0.000000	0.000000	0.000000
410	0.000000	0.000000	0.000000	0.032048	0.958811	0.009141	0.000000	0.000000	0.000000
411	0.000000	0.000000	0.000000	0.031975	0.958925	0.009100	0.000000	0.000000	0.000000
412	0.000000	0.000000	0.000000	0.032037	0.958855	0.009108	0.000000	0.000000	0.000000
413	0.000000	0.000000	0.000000	0.032045	0.958870	0.009085	0.000000	0.000000	0.000000
414	0.000000	0.000000	0.000000	0.032333	0.958530	0.009137	0.000000	0.000000	0.000000
415	0.000000	0.000000	0.000000	0.032325	0.958428	0.009247	0.000000	0.000000	0.000000
416	0.000000	0.000000	0.000000	0.032405	0.958289	0.009306	0.000000	0.000000	0.000000
417	0.000000	0.000000	0.000000	0.032368	0.958333	0.009299	0.000000	0.000000	0.000000
418	0.000000	0.000000	0.000000	0.032394	0.958306	0.009300	0.000000	0.000000	0.000000
419	0.000000	0.000000	0.000000	0.032496	0.958182	0.009322	0.000000	0.000000	0.000000
420	0.000000	0.000000	0.000000	0.032369	0.958325	0.009306	0.000000	0.000000	0.000000
421	0.000000	0.000000	0.000000	0.032276	0.958467	0.009257	0.000000	0.000000	0.000000
422	0.000000	0.000000	0.000000	0.032381	0.958390	0.009229	0.000000	0.000000	0.000000
423	0.000000	0.000000	0.000000	0.032372	0.958405	0.009223	0.000000	0.000000	0.000000
424	0.000000	0.000000	0.000000	0.032397	0.958402	0.009201	0.000000	0.000000	0.000000
425	0.000000	0.000000	0.000000	0.032194	0.958672	0.009134	0.000000	0.000000	0.000000
426	0.000000	0.000000	0.000000	0.032026	0.958737	0.009237	0.000000	0.000000	0.000000
427	0.000000	0.000000	0.000000	0.032088	0.958700	0.009212	0.000000	0.000000	0.000000
428	0.000000	0.000000	0.000000	0.031827	0.958704	0.009469	0.000000	0.000000	0.000000
429	0.000000	0.000000	0.000000	0.031800	0.958723	0.009477	0.000000	0.000000	0.000000
430	0.000000	0.000000	0.000000	0.031889	0.958610	0.009501	0.000000	0.000000	0.000000
431	0.000000	0.000000	0.000000	0.032063	0.958483	0.009454	0.000000	0.000000	0.000000
432	0.000000	0.000000	0.000000	0.032096	0.958610	0.009294	0.000000	0.000000	0.000000
433	0.000000	0.000000	0.000000	0.031999	0.958530	0.009471	0.000000	0.000000	0.000000
434	0.000000	0.000000	0.000000	0.032025	0.958554	0.009421	0.000000	0.000000	0.000000
435	0.000000	0.000000	0.000000	0.031918	0.958540	0.009542	0.000000	0.000000	0.000000
436	0.000000	0.000000	0.000000	0.031930	0.958485	0.009585	0.000000	0.000000	0.000000
437	0.000000	0.000000	0.000000	0.032128	0.958491	0.009381	0.000000	0.000000	0.000000
438	0.000000	0.000000	0.000000	0.032004	0.958519	0.009477	0.000000	0.000000	0.000000
439	0.000000	0.000000	0.000000	0.031961	0.958653	0.009386	0.000000	0.000000	0.000000
440	0.000000	0.000000	0.000000	0.031897	0.958673	0.009430	0.000000	0.000000	0.000000
441	0.000000	0.000000	0.000000	0.031915	0.958538	0.009547	0.000000	0.000000	0.000000
442	0.000000	0.000000	0.000000	0.031856	0.958655	0.009489	0.000000	0.000000	0.000000
443	0.000000	0.000000	0.000000	0.031929	0.958517	0.009554	0.000000	0.000000	0.000000
444	0.000000	0.000000	0.000000	0.032039	0.958403	0.009558	0.000000	0.000000	0.000000
445	0.000000	0.000000	0.000000	0.032235	0.958273	0.009492	0.000000	0.000000	0.000000
446	0.000000	0.000000	0.000000	0.032536	0.958046	0.009418	0.000000	0.000000	0.000000
447	0.000000	0.000000	0.000000	0.032435	0.958172	0.009393	0.000000	0.000000	0.000000
448	0.000000	0.000000	0.000000	0.032541	0.958061	0.009398	0.000000	0.000000	0.000000
449	0.000000	0.000000	0.000000	0.032401	0.958215	0.009384	0.000000	0.000000	0.000000
450	0.000000	0.000000	0.000000	0.032443	0.958127	0.009430	0.000000	0.000000	0.000000
451	0.000000	0.000000	0.000000	0.032115	0.958496	0.009389	0.000000	0.000000	0.000000
452	0.000000	0.000000	0.000000	0.032068	0.958469	0.009463	0.000000	0.000000	0.000000
453	0.000000	0.000000	0.000000	0.032048	0.958435	0.009517	0.000000	0.000000	0.000000
454	0.000000	0.000000	0.000000	0.032214	0.958223	0.009563	0.000000	0.000000	0.000000
455	0.000000	0.000000	0.000000	0.032060	0.958417	0.009523	0.000000	0.000000	0.000000
456	0.000000	0.000000	0.000000	0.032069	0.958352	0.009579	0.000000	0.000000	0.000000
457	0.000000	0.000000	0.000000	0.032211	0.958066	0.009723	0.000000	0.000000	0.000000
458	0.000000	0.000000	0.000000	0.032376	0.958135	0.009489	0.000000	0.000000	0.000000
459	0.000000	0.000000	0.000000	0.032419	0.958042	0.009539	0.000000	0.000000	0.000000
460	0.000000	0.000000	0.000000	0.032584	0.957965	0.009451	0.000000	0.000000	0.000000
461	0.000000	0.000000	0.000000	0.032484	0.958138	0.009378	0.000000	0.000000	0.000000
462	0.000000	0.000000	0.000000	0.032440	0.958203	0.009357	0.000000	0.000000	0.000000
463	0.000000	0.000000	0.000000	0.032327	0.958171	0.009502	0.000000	0.000000	0.000000
464	0.000000	0.000000	0.000000	0.032278	0.958209	0.009513	0.000000	0.000000	0.000000
465	0.000000	0.000000	0.000000	0.032160	0.958239	0.009601	0.000000	0.000000	0.000000
466	0.000000	0.000000	0.000000	0.032103	0.958241	0.009656	0.000000	0.000000	0.000000
467	0.000000	0.000000	0.000000	0.032221	0.958114	0.009665	0.000000	0.000000	0.000000
468	0.000000	0.000000	0.000000	0.032139	0.958123	0.009738	0.000000	0.000000	0.000000
469	0.000000	0.000000	0.000000	0.031895	0.958436	0.009669	0.000000	0.000000	0.000000
470	0.000000	0.000000	0.000000	0.031908	0.958475	0.009617	0.000000	0.000000	0.000000
