0	0.112313	0.112705	0.112246	0.112163	0.099932	0.112777	0.112658	0.112742	0.112464
0	0.112313	0.112705	0.112246	0.112163	0.099932	0.112777	0.112658	0.112742	0.112464
1	0.114224	0.113946	0.114096	0.115354	0.102891	0.115301	0.107655	0.108725	0.107808
2	0.116692	0.113770	0.111639	0.120631	0.106633	0.115902	0.106059	0.104632	0.104042
3	0.119120	0.112411	0.107662	0.126584	0.111498	0.114863	0.106207	0.101320	0.100335
4	0.122030	0.110535	0.102942	0.132605	0.116541	0.113126	0.106558	0.098209	0.097454
5	0.124798	0.108191	0.097650	0.138871	0.121642	0.111390	0.107694	0.095217	0.094547
6	0.127821	0.106119	0.092376	0.145600	0.126247	0.109485	0.108769	0.091789	0.091794
7	0.130376	0.103520	0.087602	0.152510	0.131674	0.106908	0.109449	0.088560	0.089401
8	0.133097	0.100850	0.082982	0.159239	0.137090	0.104279	0.109930	0.085498	0.087035
9	0.136063	0.098393	0.078515	0.165824	0.142374	0.101980	0.110608	0.081605	0.084638
10	0.138446	0.095772	0.074496	0.172425	0.147518	0.099098	0.111436	0.078319	0.082490
11	0.141019	0.093202	0.070393	0.179232	0.153098	0.096693	0.111495	0.075177	0.079691
12	0.144197	0.090409	0.066600	0.185635	0.158126	0.093967	0.111679	0.071910	0.077477
13	0.147124	0.087972	0.062947	0.192223	0.162901	0.091521	0.111616	0.068310	0.075386
14	0.149567	0.085531	0.059424	0.198459	0.168035	0.089152	0.111534	0.064905	0.073393
15	0.152161	0.083027	0.056413	0.205015	0.173334	0.086305	0.110896	0.061908	0.070941
16	0.154626	0.080678	0.053321	0.210991	0.178623	0.083525	0.110174	0.058942	0.069120
17	0.156992	0.078079	0.050725	0.217419	0.182984	0.080916	0.109474	0.056055	0.067356
18	0.160184	0.075614	0.048131	0.223605	0.187490	0.078245	0.108755	0.052855	0.065121
19	0.163001	0.072975	0.045441	0.229762	0.192312	0.075600	0.107883	0.049891	0.063135
20	0.165813	0.070585	0.043058	0.235593	0.196931	0.073000	0.106894	0.047172	0.060954
21	0.168688	0.068203	0.040766	0.241140	0.201104	0.070633	0.105491	0.044715	0.059260
22	0.171353	0.066085	0.038577	0.247056	0.205418	0.067993	0.104111	0.042028	0.057379
23	0.173839	0.063817	0.036571	0.252998	0.209101	0.065669	0.102903	0.039577	0.055525
24	0.176014	0.061560	0.034793	0.258638	0.212858	0.063458	0.101874	0.037093	0.053712
25	0.178384	0.059192	0.033174	0.263873	0.216540	0.061468	0.100223	0.035012	0.052134
26	0.180421	0.057336	0.031389	0.269581	0.220117	0.059255	0.098533	0.032970	0.050398
27	0.183142	0.055120	0.029686	0.274946	0.223394	0.057139	0.097046	0.031135	0.048392
28	0.185282	0.053235	0.028146	0.280304	0.226683	0.054891	0.095244	0.029177	0.047038
29	0.187481	0.051159	0.026742	0.285504	0.229700	0.053168	0.093503	0.027198	0.045545
30	0.189772	0.049419	0.025404	0.290353	0.232690	0.051027	0.091980	0.025581	0.043774
31	0.192067	0.047339	0.024040	0.295524	0.235862	0.048918	0.090151	0.024044	0.042055
32	0.194327	0.045524	0.022833	0.300578	0.238590	0.046902	0.088386	0.022280	0.040580
33	0.196249	0.043566	0.021769	0.305788	0.240748	0.045107	0.086794	0.020916	0.039063
34	0.198504	0.042016	0.020488	0.310700	0.243073	0.043281	0.084886	0.019472	0.037580
35	0.200517	0.040259	0.019379	0.315297	0.245574	0.041584	0.082953	0.018169	0.036268
36	0.202340	0.038906	0.018349	0.319854	0.247887	0.039972	0.080760	0.016939	0.034993
37	0.204697	0.037360	0.017598	0.324010	0.249784	0.038494	0.078992	0.015607	0.033458
38	0.206738	0.035608	0.016706	0.328792	0.251486	0.036913	0.077214	0.014525	0.032018
39	0.208645	0.034395	0.015850	0.332958	0.253161	0.035524	0.075128	0.013447	0.030892
40	0.210441	0.032979	0.014881	0.337217	0.255075	0.033829	0.073341	0.012533	0.029704
41	0.212389	0.031858	0.013953	0.341819	0.255611	0.032551	0.071597	0.011652	0.028570
42	0.214264	0.030421	0.013219	0.345212	0.257656	0.031436	0.069644	0.010872	0.027276
43	0.215639	0.029158	0.012539	0.349406	0.258964	0.030122	0.067817	0.010027	0.026328
44	0.217733	0.027810	0.011962	0.353039	0.260075	0.028685	0.066026	0.009370	0.025300
45	0.219203	0.026822	0.011480	0.356796	0.260911	0.027382	0.064243	0.008747	0.024416
46	0.220769	0.025876	0.010977	0.361035	0.261475	0.026277	0.062137	0.008054	0.023400
47	0.222577	0.024917	0.010539	0.364891	0.261929	0.025069	0.060230	0.007430	0.022418
48	0.224362	0.023694	0.010024	0.368634	0.262388	0.023937	0.058351	0.006948	0.021662
49	0.225946	0.022560	0.009561	0.372345	0.262885	0.022832	0.056549	0.006467	0.020855
50	0.227654	0.021630	0.009105	0.375668	0.263368	0.021874	0.054866	0.005910	0.019925
51	0.229386	0.020776	0.008683	0.379060	0.263524	0.021020	0.053062	0.005462	0.019027
52	0.231254	0.019890	0.008187	0.382201	0.263854	0.020167	0.051065	0.005070	0.018312
53	0.233005	0.019109	0.007748	0.385172	0.264301	0.019185	0.049279	0.004623	0.017578
54	0.234843	0.018371	0.007403	0.387622	0.264425	0.018452	0.047833	0.004288	0.016763
55	0.235877	0.017707	0.007131	0.391235	0.264404	0.017484	0.046200	0.003927	0.016035
56	0.237941	0.016943	0.006860	0.394068	0.263925	0.016637	0.044645	0.003575	0.015406
57	0.239776	0.016121	0.006456	0.396972	0.263281	0.016014	0.043394	0.003244	0.014742
58	0.240859	0.015528	0.006162	0.400317	0.262843	0.015340	0.041815	0.002972	0.014164
59	0.242290	0.015045	0.005960	0.402916	0.262570	0.014648	0.040374	0.002718	0.013479
60	0.244109	0.014315	0.005600	0.405637	0.261825	0.014040	0.039136	0.002487	0.012851
61	0.245634	0.013636	0.005334	0.408243	0.261699	0.013261	0.037590	0.002316	0.012287
62	0.247126	0.013099	0.005011	0.410801	0.261105	0.012601	0.036296	0.002123	0.011838
63	0.248848	0.012442	0.004776	0.413337	0.260432	0.012015	0.034890	0.001954	0.011306
64	0.250280	0.012007	0.004589	0.415831	0.259381	0.011569	0.033608	0.001811	0.010924
65	0.252045	0.011512	0.004401	0.417839	0.258452	0.011206	0.032377	0.001712	0.010456
66	0.253330	0.010963	0.004194	0.419940	0.257909	0.010827	0.031247	0.001540	0.010050
67	0.254651	0.010468	0.004039	0.422688	0.256879	0.010192	0.030146	0.001402	0.009535
68	0.256558	0.010104	0.003848	0.424731	0.255800	0.009687	0.028897	0.001296	0.009079
69	0.257781	0.009617	0.003640	0.426553	0.255298	0.009297	0.027864	0.001258	0.008692
70	0.259482	0.009270	0.003463	0.428871	0.253910	0.008758	0.026765	0.001165	0.008316
71	0.260999	0.008789	0.003310	0.430544	0.253304	0.008314	0.025716	0.001021	0.008003
72	0.262268	0.008369	0.003152	0.432433	0.252356	0.008005	0.024829	0.000968	0.007620
73	0.263821	0.008066	0.002995	0.434520	0.251036	0.007639	0.023798	0.000851	0.007274
74	0.265558	0.007746	0.002896	0.435844	0.250013	0.007317	0.022800	0.000824	0.007002
75	0.267113	0.007453	0.002767	0.437882	0.248386	0.007065	0.021886	0.000779	0.006669
76	0.268364	0.007045	0.002641	0.439929	0.246886	0.006687	0.021309	0.000742	0.006397
77	0.269706	0.006630	0.002555	0.441725	0.245992	0.006346	0.020120	0.000677	0.006249
78	0.270882	0.006428	0.002447	0.443463	0.244769	0.005992	0.019434	0.000609	0.005976
79	0.272399	0.006072	0.002328	0.445040	0.243386	0.005766	0.018769	0.000558	0.005682
80	0.274336	0.005808	0.002227	0.446453	0.241665	0.005517	0.018005	0.000540	0.005449
81	0.275824	0.005680	0.002103	0.448216	0.240099	0.005208	0.017214	0.000496	0.005160
82	0.277590	0.005478	0.002020	0.449719	0.238311	0.004937	0.016523	0.000445	0.004977
83	0.278959	0.005273	0.001942	0.450898	0.237105	0.004686	0.015988	0.000400	0.004749
84	0.280580	0.005079	0.001895	0.451714	0.235944	0.004538	0.015360	0.000364	0.004526
85	0.282073	0.004872	0.001831	0.452919	0.234678	0.004306	0.014738	0.000313	0.004270
86	0.283662	0.004678	0.001707	0.454043	0.233283	0.004083	0.014156	0.000289	0.004099
87	0.284693	0.004482	0.001679	0.455575	0.232063	0.003905	0.013419	0.000275	0.003909
88	0.286014	0.004310	0.001576	0.456891	0.230572	0.003679	0.012888	0.000251	0.003819
89	0.287444	0.004152	0.001518	0.457813	0.229355	0.003488	0.012376	0.000241	0.003613
90	0.289047	0.004025	0.001480	0.458734	0.227727	0.003377	0.011936	0.000216	0.003458
91	0.290619	0.003821	0.001438	0.459494	0.226470	0.003244	0.011395	0.000208	0.003311
92	0.292188	0.003686	0.001381	0.460414	0.224982	0.003032	0.010927	0.000197	0.003193
93	0.293673	0.003489	0.001302	0.461716	0.223262	0.002891	0.010433	0.000190	0.003044
94	0.295250	0.003231	0.001245	0.462281	0.222034	0.002785	0.010038	0.000168	0.002968
95	0.297007	0.003161	0.001189	0.463579	0.219868	0.002657	0.009546	0.000147	0.002846
96	0.298210	0.003053	0.001162	0.464611	0.218322	0.002528	0.009266	0.000134	0.002714
97	0.300058	0.002874	0.001118	0.465481	0.216479	0.002477	0.008790	0.000122	0.002601
98	0.301883	0.002827	0.001070	0.465906	0.215056	0.002270	0.008374	0.000110	0.002504
99	0.303582	0.002697	0.001011	0.466547	0.213457	0.002176	0.008052	0.000096	0.002382
0	0.099185	0.100141	0.099713	0.100157	0.200368	0.100010	0.100465	0.100042	0.099919
0	0.099185	0.100141	0.099713	0.100157	0.200368	0.100010	0.100465	0.100042	0.099919
1	0.100231	0.100728	0.100774	0.103488	0.207383	0.103687	0.094817	0.094502	0.094390
2	0.101952	0.099128	0.098367	0.108509	0.215592	0.104319	0.092066	0.090435	0.089632
3	0.103359	0.096846	0.094334	0.113861	0.224430	0.103987	0.090515	0.086338	0.086330
4	0.104903	0.093896	0.088847	0.120124	0.233838	0.102602	0.090525	0.082109	0.083156
5	0.106414	0.090856	0.083537	0.125913	0.243651	0.101113	0.090422	0.078276	0.079818
6	0.107682	0.087614	0.078303	0.132669	0.253020	0.099274	0.090264	0.074403	0.076771
7	0.109190	0.084394	0.073651	0.138603	0.262556	0.097339	0.089651	0.070679	0.073937
8	0.110323	0.081245	0.069180	0.144241	0.272427	0.095379	0.088951	0.067213	0.071041
9	0.111549	0.077791	0.064981	0.150676	0.281201	0.093124	0.088529	0.063806	0.068343
10	0.113340	0.074930	0.060877	0.156980	0.289766	0.090315	0.088122	0.060022	0.065648
11	0.114468	0.072148	0.056799	0.163017	0.298458	0.088242	0.087153	0.056505	0.063210
12	0.115645	0.069070	0.053149	0.168942	0.307140	0.085999	0.086099	0.053200	0.060756
13	0.116376	0.066165	0.050107	0.174587	0.315805	0.083845	0.084759	0.049830	0.058526
14	0.117151	0.063500	0.047087	0.180370	0.323663	0.081507	0.083706	0.046801	0.056215
15	0.118220	0.060226	0.044048	0.186387	0.331562	0.079084	0.082269	0.043973	0.054231
16	0.118907	0.057417	0.041172	0.192725	0.338565	0.077061	0.080988	0.041039	0.052126
17	0.119786	0.054556	0.038505	0.198189	0.346231	0.074645	0.079541	0.038227	0.050320
18	0.120776	0.051944	0.036290	0.203727	0.353212	0.072223	0.078079	0.035757	0.047992
19	0.121372	0.049546	0.033796	0.209546	0.359681	0.069985	0.076466	0.033417	0.046191
20	0.122139	0.047080	0.031797	0.215131	0.365936	0.067745	0.074984	0.030936	0.044252
21	0.123393	0.044953	0.029897	0.220222	0.371789	0.065480	0.073158	0.028462	0.042646
22	0.123596	0.042481	0.027885	0.225781	0.377591	0.063543	0.071583	0.026383	0.041157
23	0.124392	0.040267	0.026303	0.231037	0.382469	0.061630	0.069780	0.024637	0.039485
24	0.124653	0.038034	0.024751	0.236553	0.387892	0.059423	0.068154	0.022769	0.037771
25	0.125259	0.036167	0.023106	0.241854	0.392485	0.057242	0.066683	0.021111	0.036093
26	0.125683	0.034230	0.021582	0.247094	0.397183	0.055208	0.064824	0.019538	0.034658
27	0.125969	0.032498	0.020394	0.252268	0.401087	0.053399	0.062954	0.018084	0.033347
28	0.126265	0.030770	0.019146	0.257478	0.404587	0.051583	0.061372	0.016782	0.032017
29	0.126946	0.028826	0.017823	0.262792	0.408251	0.049525	0.059588	0.015492	0.030757
30	0.127350	0.027259	0.016849	0.267493	0.411302	0.047777	0.058099	0.014333	0.029538
31	0.127120	0.025933	0.015927	0.272292	0.414658	0.046155	0.056294	0.013401	0.028220
32	0.127720	0.024522	0.014940	0.277658	0.416475	0.044656	0.054822	0.012262	0.026945
33	0.127921	0.023333	0.013965	0.282071	0.419318	0.042918	0.053058	0.011358	0.026058
34	0.128180	0.022202	0.013224	0.286829	0.421888	0.041119	0.051347	0.010478	0.024733
35	0.128424	0.020888	0.012412	0.291517	0.424146	0.039576	0.049723	0.009557	0.023757
36	0.128649	0.019676	0.011595	0.296102	0.426398	0.038047	0.048140	0.008714	0.022679
37	0.128782	0.018649	0.010790	0.301054	0.427753	0.036779	0.046469	0.007990	0.021734
38	0.128812	0.017605	0.010009	0.305760	0.429333	0.035526	0.044863	0.007394	0.020698
39	0.128716	0.016755	0.009440	0.310556	0.430624	0.034071	0.043354	0.006762	0.019722
40	0.128970	0.015771	0.008873	0.315443	0.431326	0.032597	0.042015	0.006099	0.018906
41	0.129060	0.014791	0.008479	0.319842	0.432259	0.031378	0.040424	0.005572	0.018195
42	0.129252	0.014040	0.007967	0.324778	0.432827	0.029945	0.038770	0.005117	0.017304
43	0.129234	0.013298	0.007422	0.329169	0.433371	0.028747	0.037468	0.004746	0.016545
44	0.129415	0.012522	0.006860	0.333830	0.433333	0.027768	0.036171	0.004318	0.015783
45	0.129267	0.011978	0.006407	0.338546	0.433230	0.026569	0.034982	0.003909	0.015112
46	0.129182	0.011271	0.006126	0.342958	0.433208	0.025554	0.033727	0.003533	0.014441
47	0.129281	0.010642	0.005697	0.346969	0.433330	0.024502	0.032630	0.003184	0.013765
48	0.129079	0.010061	0.005300	0.351453	0.433145	0.023519	0.031403	0.002963	0.013077
49	0.128978	0.009470	0.005072	0.356295	0.432179	0.022604	0.030152	0.002711	0.012539
50	0.129412	0.009011	0.004769	0.360334	0.431433	0.021671	0.028983	0.002457	0.011930
51	0.129700	0.008524	0.004512	0.364744	0.430126	0.020732	0.027972	0.002291	0.011399
52	0.129544	0.007994	0.004164	0.368987	0.429485	0.019910	0.026827	0.002101	0.010988
53	0.129441	0.007528	0.003942	0.373299	0.428662	0.019082	0.025653	0.001927	0.010466
54	0.129521	0.007117	0.003747	0.377475	0.427394	0.018213	0.024693	0.001751	0.010089
55	0.129600	0.006841	0.003516	0.381154	0.426583	0.017394	0.023746	0.001613	0.009553
56	0.129387	0.006521	0.003268	0.385423	0.425530	0.016723	0.022637	0.001453	0.009058
57	0.129355	0.006096	0.003103	0.389264	0.424288	0.016104	0.021689	0.001318	0.008783
58	0.129572	0.005857	0.002974	0.393552	0.422343	0.015393	0.020598	0.001219	0.008492
59	0.129764	0.005565	0.002798	0.397767	0.420437	0.014837	0.019653	0.001105	0.008074
60	0.129390	0.005235	0.002635	0.402430	0.418645	0.014158	0.018822	0.001007	0.007678
61	0.129144	0.004922	0.002440	0.406988	0.416390	0.013493	0.018333	0.000931	0.007359
62	0.129475	0.004590	0.002321	0.411459	0.413698	0.013002	0.017573	0.000843	0.007039
63	0.129525	0.004353	0.002180	0.415064	0.412188	0.012413	0.016770	0.000756	0.006751
64	0.129326	0.004119	0.002050	0.419109	0.410295	0.011903	0.016115	0.000649	0.006434
65	0.129304	0.003896	0.001951	0.423213	0.408122	0.011362	0.015420	0.000571	0.006161
66	0.129487	0.003724	0.001896	0.427148	0.405744	0.010933	0.014604	0.000516	0.005948
67	0.129924	0.003571	0.001772	0.430557	0.403521	0.010436	0.014041	0.000461	0.005717
68	0.129932	0.003361	0.001652	0.434124	0.401371	0.010051	0.013552	0.000440	0.005517
69	0.129568	0.003237	0.001570	0.437684	0.399788	0.009540	0.012904	0.000390	0.005319
70	0.129724	0.003110	0.001490	0.441467	0.397296	0.009135	0.012297	0.000363	0.005118
71	0.130315	0.002922	0.001365	0.444817	0.394988	0.008762	0.011724	0.000311	0.004796
72	0.130493	0.002808	0.001314	0.448151	0.392809	0.008293	0.011257	0.000285	0.004590
73	0.130759	0.002614	0.001248	0.451531	0.390474	0.008029	0.010697	0.000264	0.004384
74	0.131065	0.002481	0.001175	0.455451	0.387550	0.007642	0.010179	0.000234	0.004223
75	0.131325	0.002384	0.001145	0.459625	0.384317	0.007311	0.009664	0.000202	0.004027
76	0.131581	0.002221	0.001064	0.463257	0.381648	0.007059	0.009197	0.000172	0.003801
77	0.131942	0.002135	0.001026	0.466126	0.379397	0.006798	0.008862	0.000155	0.003559
78	0.132297	0.002021	0.000992	0.469020	0.377085	0.006588	0.008487	0.000151	0.003359
79	0.132378	0.001991	0.000920	0.472629	0.374369	0.006242	0.008160	0.000137	0.003174
80	0.132389	0.001900	0.000859	0.475862	0.372151	0.005931	0.007770	0.000124	0.003014
81	0.132918	0.001817	0.000790	0.479622	0.368918	0.005648	0.007337	0.000094	0.002856
82	0.133472	0.001728	0.000764	0.483073	0.365715	0.005354	0.007068	0.000085	0.002741
83	0.133992	0.001654	0.000727	0.486257	0.362815	0.005070	0.006804	0.000092	0.002589
84	0.134306	0.001609	0.000694	0.489727	0.359779	0.004873	0.006453	0.000085	0.002474
85	0.134689	0.001517	0.000676	0.493469	0.356327	0.004689	0.006182	0.000078	0.002373
86	0.135123	0.001431	0.000644	0.496670	0.353416	0.004486	0.005903	0.000070	0.002257
87	0.135767	0.001338	0.000607	0.499131	0.350940	0.004324	0.005654	0.000065	0.002174
88	0.135908	0.001273	0.000563	0.502591	0.347909	0.004166	0.005436	0.000061	0.002093
89	0.136086	0.001197	0.000537	0.505647	0.345366	0.003913	0.005202	0.000052	0.002000
90	0.136569	0.001158	0.000503	0.508829	0.342134	0.003814	0.005040	0.000048	0.001905
91	0.137133	0.001149	0.000495	0.511162	0.339709	0.003557	0.004892	0.000032	0.001871
92	0.137555	0.001090	0.000464	0.514504	0.336485	0.003389	0.004702	0.000032	0.001779
93	0.138077	0.001065	0.000454	0.517480	0.333371	0.003273	0.004517	0.000026	0.001737
94	0.138458	0.001024	0.000444	0.520942	0.330114	0.003122	0.004250	0.000027	0.001619
95	0.139031	0.000994	0.000434	0.524009	0.326858	0.003031	0.004061	0.000024	0.001558
96	0.139318	0.000960	0.000415	0.527105	0.324003	0.002798	0.003929	0.000020	0.001452
97	0.140264	0.000958	0.000390	0.530042	0.320462	0.002665	0.003748	0.000021	0.001450
98	0.140498	0.000906	0.000369	0.532522	0.318145	0.002505	0.003624	0.000023	0.001408
99	0.141252	0.000854	0.000372	0.535200	0.315042	0.002433	0.003496	0.000022	0.001329
0	0.087310	0.087769	0.087682	0.087193	0.300165	0.087571	0.087699	0.087464	0.087147
0	0.087310	0.087769	0.087682	0.087193	0.300165	0.087571	0.087699	0.087464	0.087147
1	0.087054	0.087360	0.087711	0.090473	0.311427	0.091337	0.081680	0.081944	0.081014
2	0.087640	0.085597	0.084218	0.094660	0.324496	0.091833	0.078637	0.076772	0.076147
3	0.088135	0.082443	0.079691	0.100002	0.337014	0.091707	0.076840	0.072446	0.071722
4	0.088327	0.079439	0.074545	0.105382	0.350528	0.090340	0.075026	0.068037	0.068376
5	0.088866	0.075894	0.069387	0.111060	0.363425	0.088603	0.073973	0.063764	0.065028
6	0.089295	0.072035	0.064397	0.116142	0.376731	0.087056	0.072937	0.059604	0.061803
7	0.089347	0.068314	0.059605	0.121466	0.389918	0.085073	0.071471	0.055692	0.059114
8	0.089472	0.064928	0.055256	0.126647	0.401911	0.083261	0.070280	0.051862	0.056383
9	0.089472	0.061441	0.051218	0.132039	0.413300	0.081193	0.069144	0.048434	0.053759
10	0.089632	0.058348	0.047428	0.137411	0.423643	0.079530	0.067695	0.045110	0.051203
11	0.089760	0.054992	0.043996	0.142421	0.434733	0.077301	0.066377	0.041631	0.048789
12	0.089787	0.052050	0.040666	0.147577	0.444613	0.075242	0.064976	0.038401	0.046688
13	0.089658	0.048901	0.038024	0.152929	0.454326	0.073134	0.063252	0.035292	0.044484
14	0.089777	0.045867	0.035170	0.157903	0.463588	0.071180	0.061488	0.032615	0.042412
15	0.089619	0.043065	0.032513	0.162733	0.472253	0.069455	0.059733	0.029959	0.040670
16	0.089085	0.040793	0.030248	0.168168	0.480002	0.067357	0.058034	0.027448	0.038865
17	0.089036	0.038175	0.028096	0.173489	0.487148	0.065275	0.056588	0.025066	0.037127
18	0.088942	0.035768	0.025980	0.178511	0.494160	0.063464	0.054888	0.022966	0.035321
19	0.088622	0.033610	0.024017	0.183120	0.501398	0.061474	0.053282	0.020954	0.033523
20	0.088244	0.031610	0.022332	0.187808	0.507614	0.059526	0.051707	0.019294	0.031865
21	0.087970	0.029494	0.020732	0.192756	0.513445	0.057686	0.050009	0.017456	0.030452
22	0.087630	0.027518	0.019211	0.197521	0.518550	0.056010	0.048419	0.016040	0.029101
23	0.087159	0.025638	0.017696	0.202282	0.523738	0.054217	0.046881	0.014680	0.027709
24	0.086690	0.024110	0.016495	0.207237	0.527881	0.052563	0.045248	0.013594	0.026182
25	0.086467	0.022455	0.015286	0.211962	0.532003	0.050944	0.043583	0.012494	0.024806
26	0.085945	0.020886	0.014001	0.217009	0.535499	0.049388	0.042274	0.011374	0.023624
27	0.085492	0.019584	0.012936	0.222059	0.539222	0.047406	0.040671	0.010324	0.022306
28	0.084968	0.018345	0.011994	0.226624	0.542472	0.045735	0.039107	0.009433	0.021322
29	0.084551	0.016869	0.011113	0.230939	0.545843	0.044144	0.037618	0.008586	0.020337
30	0.084176	0.015630	0.010377	0.235632	0.548504	0.042688	0.035937	0.007778	0.019278
31	0.083843	0.014653	0.009703	0.240224	0.550535	0.041247	0.034573	0.006967	0.018255
32	0.083118	0.013605	0.008964	0.244865	0.552505	0.039821	0.033439	0.006369	0.017314
33	0.082474	0.012625	0.008312	0.249651	0.553905	0.038483	0.032377	0.005694	0.016479
34	0.081812	0.011824	0.007615	0.254449	0.555258	0.037234	0.030956	0.005155	0.015697
35	0.081366	0.011060	0.007048	0.258717	0.556534	0.036040	0.029659	0.004614	0.014962
36	0.080631	0.010267	0.006514	0.263829	0.557228	0.034649	0.028489	0.004206	0.014187
37	0.080015	0.009600	0.005990	0.268312	0.558143	0.033450	0.027242	0.003811	0.013437
38	0.079624	0.008916	0.005588	0.273130	0.557914	0.032255	0.026318	0.003435	0.012820
39	0.078856	0.008390	0.005170	0.277559	0.558511	0.031226	0.025061	0.003066	0.012161
40	0.078309	0.007875	0.004830	0.281723	0.558678	0.030108	0.024093	0.002794	0.011590
41	0.077628	0.007289	0.004464	0.286501	0.558534	0.029071	0.023057	0.002533	0.010923
42	0.077104	0.006857	0.004113	0.290937	0.558156	0.028019	0.022091	0.002342	0.010381
43	0.076578	0.006406	0.003823	0.295749	0.557506	0.026935	0.021043	0.002095	0.009865
44	0.076004	0.005947	0.003545	0.300384	0.556818	0.025970	0.020030	0.001897	0.009405
45	0.075430	0.005556	0.003291	0.304960	0.555969	0.025099	0.019143	0.001706	0.008846
46	0.075045	0.005246	0.003126	0.309103	0.555135	0.024092	0.018291	0.001536	0.008426
47	0.074488	0.004799	0.002905	0.313856	0.553801	0.023296	0.017461	0.001374	0.008020
48	0.074246	0.004531	0.002674	0.318259	0.552233	0.022523	0.016675	0.001230	0.007629
49	0.073646	0.004302	0.002492	0.322714	0.550927	0.021697	0.015941	0.001092	0.007189
50	0.073308	0.003965	0.002344	0.327275	0.549386	0.020789	0.015169	0.000979	0.006785
51	0.072712	0.003719	0.002215	0.332129	0.547324	0.019878	0.014616	0.000931	0.006476
52	0.072390	0.003466	0.002069	0.336398	0.545593	0.019188	0.013846	0.000883	0.006167
53	0.072098	0.003221	0.001990	0.340818	0.543408	0.018647	0.013208	0.000804	0.005806
54	0.071688	0.002990	0.001862	0.345149	0.541400	0.018041	0.012584	0.000729	0.005557
55	0.071281	0.002792	0.001739	0.349355	0.539613	0.017259	0.011957	0.000671	0.005333
56	0.070956	0.002608	0.001614	0.353663	0.537494	0.016704	0.011291	0.000589	0.005081
57	0.070451	0.002403	0.001511	0.358106	0.535292	0.016026	0.010906	0.000514	0.004791
58	0.070205	0.002308	0.001405	0.362506	0.532756	0.015475	0.010349	0.000459	0.004537
59	0.069448	0.002188	0.001288	0.367741	0.529759	0.014860	0.010013	0.000409	0.004294
60	0.069030	0.002049	0.001262	0.372585	0.526932	0.014228	0.009470	0.000353	0.004091
61	0.068862	0.001882	0.001207	0.376663	0.524375	0.013797	0.009017	0.000318	0.003879
62	0.068161	0.001760	0.001145	0.380705	0.522349	0.013266	0.008625	0.000271	0.003718
63	0.067861	0.001604	0.001065	0.384827	0.519908	0.012768	0.008204	0.000238	0.003525
64	0.067763	0.001567	0.001010	0.389598	0.516324	0.012356	0.007812	0.000228	0.003342
65	0.067592	0.001483	0.000957	0.393901	0.513389	0.011808	0.007484	0.000197	0.003189
66	0.067422	0.001383	0.000899	0.398282	0.510452	0.011389	0.007013	0.000179	0.002981
67	0.067242	0.001295	0.000851	0.402442	0.507469	0.010863	0.006801	0.000169	0.002868
68	0.067090	0.001231	0.000809	0.406797	0.504147	0.010541	0.006529	0.000141	0.002715
69	0.066670	0.001140	0.000775	0.411392	0.501099	0.010061	0.006189	0.000117	0.002557
70	0.066478	0.001063	0.000716	0.416064	0.497647	0.009639	0.005870	0.000104	0.002419
71	0.066184	0.001015	0.000674	0.420324	0.494592	0.009289	0.005565	0.000082	0.002275
72	0.066081	0.000953	0.000649	0.424375	0.491381	0.008989	0.005365	0.000076	0.002131
73	0.065813	0.000912	0.000628	0.428393	0.488331	0.008692	0.005139	0.000072	0.002020
74	0.065622	0.000849	0.000577	0.432905	0.484813	0.008282	0.004947	0.000053	0.001952
75	0.065529	0.000819	0.000528	0.437247	0.481258	0.008004	0.004730	0.000049	0.001836
76	0.065310	0.000795	0.000500	0.441770	0.477558	0.007761	0.004496	0.000045	0.001765
77	0.065276	0.000764	0.000477	0.446173	0.473921	0.007421	0.004242	0.000042	0.001684
78	0.065166	0.000695	0.000451	0.450316	0.470487	0.007195	0.004081	0.000034	0.001575
79	0.064868	0.000643	0.000435	0.454470	0.467317	0.006881	0.003852	0.000027	0.001507
80	0.064811	0.000618	0.000405	0.458866	0.463456	0.006708	0.003682	0.000020	0.001434
81	0.064566	0.000581	0.000401	0.463110	0.460161	0.006319	0.003493	0.000015	0.001354
82	0.064736	0.000564	0.000383	0.467377	0.456318	0.006057	0.003324	0.000012	0.001229
83	0.064865	0.000531	0.000364	0.471428	0.452656	0.005795	0.003154	0.000010	0.001197
84	0.065089	0.000504	0.000359	0.475620	0.448798	0.005467	0.003021	0.000010	0.001132
85	0.065149	0.000474	0.000359	0.480533	0.444355	0.005215	0.002816	0.000004	0.001095
86	0.064988	0.000468	0.000323	0.484963	0.440446	0.005053	0.002690	0.000006	0.001063
87	0.064952	0.000445	0.000312	0.489220	0.436604	0.004855	0.002583	0.000006	0.001023
88	0.064948	0.000412	0.000298	0.493547	0.432611	0.004695	0.002518	0.000006	0.000965
89	0.065030	0.000407	0.000287	0.497707	0.428718	0.004501	0.002415	0.000003	0.000932
90	0.065150	0.000390	0.000277	0.501762	0.424814	0.004337	0.002368	0.000003	0.000899
91	0.065221	0.000353	0.000263	0.505720	0.421265	0.004104	0.002233	0.000002	0.000839
92	0.065346	0.000346	0.000262	0.509498	0.417733	0.003883	0.002136	0.000001	0.000795
93	0.065456	0.000359	0.000250	0.513611	0.413830	0.003707	0.002024	0.000001	0.000762
94	0.065473	0.000346	0.000234	0.518060	0.409636	0.003571	0.001972	0.000002	0.000706
95	0.065785	0.000351	0.000231	0.521721	0.405925	0.003406	0.001904	0.000000	0.000677
96	0.065941	0.000320	0.000232	0.525526	0.402232	0.003292	0.001811	0.000000	0.000646
97	0.066024	0.000305	0.000221	0.529867	0.398149	0.003103	0.001733	0.000000	0.000598
98	0.066075	0.000288	0.000212	0.533616	0.394613	0.002964	0.001658	0.000000	0.000574
99	0.066312	0.000298	0.000185	0.537334	0.390787	0.002902	0.001617	0.000001	0.000564
0	0.075051	0.075125	0.074772	0.074833	0.399974	0.075630	0.075178	0.074957	0.074480
0	0.075051	0.075125	0.074772	0.074833	0.399974	0.075630	0.075178	0.074957	0.074480
1	0.073886	0.074185	0.073936	0.077836	0.415918	0.078907	0.068787	0.068202	0.068343
2	0.073168	0.071696	0.070175	0.081560	0.432322	0.079245	0.065183	0.063162	0.063489
3	0.072973	0.068260	0.065743	0.086184	0.448071	0.079134	0.062227	0.058318	0.059090
4	0.072815	0.064803	0.060915	0.090699	0.462842	0.078017	0.060442	0.054011	0.055456
5	0.072476	0.061154	0.056185	0.095195	0.477510	0.076600	0.058808	0.050146	0.051926
6	0.072062	0.057302	0.051724	0.099388	0.492638	0.074941	0.057322	0.045873	0.048750
7	0.071141	0.053438	0.047164	0.103759	0.507168	0.073470	0.055631	0.042568	0.045661
8	0.070590	0.049877	0.043417	0.108487	0.519567	0.072125	0.053855	0.039150	0.042932
9	0.069916	0.046585	0.039949	0.113044	0.531761	0.070078	0.052334	0.035757	0.040576
10	0.069160	0.043429	0.036658	0.117272	0.543502	0.068403	0.050887	0.032568	0.038121
11	0.068869	0.040448	0.033747	0.120955	0.554773	0.066404	0.048918	0.029888	0.035998
12	0.068084	0.037549	0.030991	0.125321	0.564809	0.064864	0.047169	0.027080	0.034133
13	0.067519	0.034684	0.028343	0.129530	0.574505	0.063305	0.045497	0.024499	0.032118
14	0.066806	0.032161	0.025921	0.133637	0.583257	0.061900	0.044007	0.022181	0.030130
15	0.065839	0.029675	0.023713	0.137563	0.592142	0.060034	0.042551	0.020145	0.028338
16	0.064969	0.027681	0.021627	0.141602	0.600035	0.058239	0.040821	0.018150	0.026876
17	0.064033	0.025709	0.019791	0.145632	0.607020	0.056541	0.039432	0.016382	0.025460
18	0.063124	0.023823	0.018256	0.150136	0.613293	0.054969	0.037855	0.014744	0.023800
19	0.062695	0.021990	0.016742	0.154074	0.619515	0.052997	0.036219	0.013378	0.022390
20	0.061787	0.020251	0.015432	0.158052	0.625252	0.051435	0.034629	0.012181	0.020981
21	0.061212	0.018805	0.014312	0.162257	0.629568	0.049787	0.033157	0.011134	0.019768
22	0.059942	0.017244	0.013023	0.166124	0.634646	0.048384	0.031991	0.009959	0.018687
23	0.059022	0.015889	0.011933	0.170246	0.639083	0.046756	0.030588	0.008876	0.017607
24	0.058253	0.014639	0.010858	0.174468	0.642913	0.045183	0.029068	0.008091	0.016527
25	0.057412	0.013498	0.010029	0.178766	0.645539	0.044021	0.027749	0.007322	0.015664
26	0.056526	0.012423	0.009262	0.183005	0.648328	0.042789	0.026383	0.006570	0.014714
27	0.055433	0.011352	0.008536	0.186835	0.651557	0.041502	0.025147	0.005799	0.013839
28	0.054739	0.010314	0.007866	0.190826	0.653639	0.040206	0.024025	0.005231	0.013154
29	0.054043	0.009440	0.007206	0.194534	0.656251	0.038721	0.022762	0.004695	0.012348
30	0.053248	0.008710	0.006623	0.198508	0.658088	0.037557	0.021528	0.004159	0.011579
31	0.052395	0.008042	0.006041	0.202526	0.659828	0.036261	0.020230	0.003721	0.010956
32	0.051521	0.007426	0.005574	0.207157	0.660555	0.034848	0.019266	0.003352	0.010301
33	0.050679	0.006815	0.005086	0.211242	0.661408	0.033729	0.018383	0.003056	0.009602
34	0.050029	0.006221	0.004684	0.215473	0.661860	0.032528	0.017437	0.002768	0.009000
35	0.049318	0.005740	0.004322	0.219270	0.662229	0.031550	0.016570	0.002459	0.008542
36	0.048363	0.005280	0.003955	0.223303	0.662990	0.030312	0.015599	0.002104	0.008094
37	0.047588	0.004895	0.003674	0.227622	0.662741	0.029138	0.014790	0.001921	0.007631
38	0.046666	0.004428	0.003311	0.231711	0.662794	0.028121	0.014096	0.001696	0.007177
39	0.046126	0.004068	0.003016	0.236183	0.661665	0.027260	0.013387	0.001524	0.006771
40	0.045388	0.003749	0.002812	0.240048	0.661332	0.026257	0.012689	0.001359	0.006366
41	0.044781	0.003426	0.002612	0.243941	0.660709	0.025289	0.011979	0.001252	0.006011
42	0.044187	0.003168	0.002366	0.247471	0.660062	0.024576	0.011372	0.001129	0.005669
43	0.043482	0.002911	0.002207	0.252426	0.658110	0.023643	0.010899	0.001006	0.005316
44	0.042826	0.002698	0.002027	0.256848	0.656607	0.022777	0.010320	0.000882	0.005015
45	0.042012	0.002542	0.001890	0.260766	0.655318	0.022155	0.009789	0.000796	0.004732
46	0.041261	0.002342	0.001742	0.264564	0.654405	0.021291	0.009218	0.000720	0.004457
47	0.040800	0.002166	0.001549	0.268784	0.652535	0.020564	0.008737	0.000661	0.004204
48	0.040364	0.002047	0.001415	0.273239	0.650238	0.019912	0.008267	0.000588	0.003930
49	0.039561	0.001910	0.001316	0.277497	0.648574	0.019016	0.007913	0.000520	0.003693
50	0.039052	0.001740	0.001243	0.281757	0.646441	0.018373	0.007506	0.000458	0.003430
51	0.038634	0.001608	0.001154	0.285997	0.644165	0.017702	0.007115	0.000399	0.003226
52	0.038267	0.001504	0.001065	0.290055	0.641961	0.017041	0.006708	0.000359	0.003040
53	0.037701	0.001394	0.000972	0.294542	0.639436	0.016506	0.006244	0.000326	0.002879
54	0.037196	0.001287	0.000912	0.298935	0.636682	0.016107	0.005848	0.000299	0.002734
55	0.036810	0.001189	0.000856	0.303238	0.633939	0.015495	0.005538	0.000279	0.002656
56	0.036318	0.001106	0.000774	0.307569	0.631508	0.014810	0.005182	0.000244	0.002489
57	0.035971	0.001026	0.000729	0.312154	0.628528	0.014117	0.004898	0.000245	0.002332
58	0.035552	0.000957	0.000661	0.316684	0.625527	0.013550	0.004668	0.000200	0.002201
59	0.035193	0.000868	0.000611	0.320866	0.622837	0.012978	0.004380	0.000162	0.002105
60	0.034701	0.000803	0.000553	0.325427	0.619738	0.012520	0.004154	0.000148	0.001956
61	0.034291	0.000767	0.000516	0.330380	0.616010	0.012166	0.003920	0.000129	0.001821
62	0.033822	0.000733	0.000505	0.334819	0.612784	0.011733	0.003765	0.000111	0.001728
63	0.033559	0.000691	0.000457	0.339137	0.609569	0.011246	0.003653	0.000093	0.001595
64	0.033302	0.000670	0.000422	0.343528	0.606371	0.010767	0.003350	0.000093	0.001497
65	0.033095	0.000639	0.000394	0.347716	0.603009	0.010364	0.003263	0.000083	0.001437
66	0.033099	0.000599	0.000370	0.351989	0.599341	0.010061	0.003118	0.000075	0.001348
67	0.032736	0.000560	0.000334	0.356678	0.595728	0.009657	0.002988	0.000063	0.001256
68	0.032337	0.000524	0.000319	0.361518	0.591840	0.009400	0.002820	0.000062	0.001180
69	0.032255	0.000484	0.000310	0.365576	0.588556	0.008960	0.002695	0.000048	0.001116
70	0.031785	0.000482	0.000303	0.370609	0.584591	0.008584	0.002540	0.000052	0.001054
71	0.031627	0.000461	0.000265	0.375178	0.580815	0.008209	0.002376	0.000048	0.001021
72	0.031425	0.000440	0.000246	0.379392	0.577335	0.007920	0.002258	0.000038	0.000946
73	0.031281	0.000403	0.000238	0.383749	0.573583	0.007678	0.002125	0.000039	0.000904
74	0.031098	0.000365	0.000242	0.388433	0.569642	0.007299	0.002000	0.000042	0.000879
75	0.030800	0.000319	0.000246	0.393057	0.565787	0.007076	0.001859	0.000035	0.000821
76	0.030617	0.000304	0.000233	0.398159	0.561227	0.006878	0.001773	0.000038	0.000771
77	0.030374	0.000311	0.000220	0.402645	0.557451	0.006592	0.001685	0.000036	0.000686
78	0.030253	0.000303	0.000211	0.406574	0.553946	0.006407	0.001627	0.000027	0.000652
79	0.030043	0.000284	0.000210	0.411181	0.549978	0.006152	0.001483	0.000027	0.000642
80	0.029836	0.000256	0.000205	0.415441	0.546291	0.005914	0.001403	0.000021	0.000633
81	0.029845	0.000217	0.000186	0.420057	0.542089	0.005635	0.001354	0.000019	0.000598
82	0.029721	0.000211	0.000162	0.424333	0.538260	0.005424	0.001315	0.000020	0.000554
83	0.029729	0.000193	0.000147	0.429191	0.533703	0.005257	0.001249	0.000018	0.000513
84	0.029489	0.000185	0.000139	0.434092	0.529431	0.004960	0.001222	0.000011	0.000471
85	0.029517	0.000170	0.000154	0.438197	0.525560	0.004776	0.001149	0.000013	0.000464
86	0.029396	0.000164	0.000133	0.442679	0.521493	0.004605	0.001084	0.000012	0.000434
87	0.029295	0.000154	0.000122	0.447258	0.517278	0.004397	0.001048	0.000010	0.000438
88	0.029393	0.000165	0.000111	0.451312	0.513341	0.004248	0.001001	0.000010	0.000419
89	0.029457	0.000174	0.000095	0.455518	0.509296	0.004148	0.000930	0.000010	0.000372
90	0.029383	0.000167	0.000077	0.459750	0.505499	0.003894	0.000864	0.000009	0.000357
91	0.029275	0.000152	0.000083	0.464341	0.501238	0.003746	0.000834	0.000008	0.000323
92	0.029348	0.000146	0.000078	0.468658	0.497137	0.003536	0.000775	0.000010	0.000312
93	0.029315	0.000133	0.000075	0.472921	0.493150	0.003389	0.000715	0.000009	0.000293
94	0.029290	0.000140	0.000073	0.477671	0.488637	0.003215	0.000685	0.000009	0.000280
95	0.029225	0.000140	0.000068	0.482227	0.484333	0.003090	0.000643	0.000006	0.000268
96	0.029186	0.000134	0.000068	0.486894	0.479882	0.002946	0.000635	0.000007	0.000248
97	0.029454	0.000120	0.000063	0.491145	0.475521	0.002855	0.000587	0.000009	0.000246
98	0.029362	0.000119	0.000060	0.494940	0.472017	0.002701	0.000556	0.000007	0.000238
99	0.029393	0.000095	0.000056	0.499619	0.467552	0.002515	0.000542	0.000006	0.000222
0	0.062888	0.062292	0.062548	0.062336	0.499796	0.062435	0.062669	0.062604	0.062432
0	0.062888	0.062292	0.062548	0.062336	0.499796	0.062435	0.062669	0.062604	0.062432
1	0.061305	0.061084	0.060927	0.064522	0.519775	0.064478	0.056099	0.055971	0.055839
2	0.059588	0.058182	0.057470	0.067514	0.538206	0.065057	0.052021	0.050950	0.051012
3	0.058937	0.054833	0.053217	0.070700	0.555531	0.064871	0.049161	0.046066	0.046684
4	0.057439	0.051350	0.048733	0.074533	0.572220	0.064163	0.047037	0.041580	0.042945
5	0.056425	0.047549	0.044522	0.077958	0.588410	0.063096	0.044857	0.037651	0.039532
6	0.055411	0.044013	0.040287	0.081580	0.602633	0.062209	0.043044	0.034096	0.036727
7	0.054229	0.040565	0.036629	0.084790	0.616809	0.060648	0.041349	0.030770	0.034211
8	0.053305	0.037498	0.033126	0.088093	0.629420	0.059404	0.039492	0.027841	0.031821
9	0.052424	0.034480	0.030162	0.091602	0.641158	0.057891	0.037797	0.025050	0.029436
10	0.051301	0.031568	0.027162	0.095071	0.652639	0.056419	0.035983	0.022463	0.027394
11	0.050339	0.028972	0.024842	0.098635	0.662415	0.054742	0.034467	0.020219	0.025369
12	0.049132	0.026578	0.022469	0.101963	0.672037	0.053469	0.032726	0.018039	0.023587
13	0.048148	0.024438	0.020245	0.105189	0.680765	0.051796	0.031119	0.016267	0.022033
14	0.046916	0.022338	0.018361	0.108517	0.688702	0.050665	0.029350	0.014529	0.020622
15	0.045899	0.020297	0.016610	0.111740	0.696483	0.049354	0.027851	0.012753	0.019013
16	0.044558	0.018492	0.015072	0.115095	0.703250	0.047868	0.026448	0.011598	0.017619
17	0.043486	0.016772	0.013579	0.118477	0.709436	0.046366	0.025140	0.010319	0.016425
18	0.042665	0.015368	0.012287	0.121417	0.714952	0.044926	0.024003	0.009093	0.015289
19	0.041711	0.014068	0.011186	0.124854	0.719851	0.043325	0.022639	0.008054	0.014312
20	0.040797	0.012746	0.010061	0.127870	0.724955	0.041738	0.021438	0.007188	0.013207
21	0.039676	0.011616	0.009083	0.131247	0.728933	0.040489	0.020362	0.006403	0.012191
22	0.038846	0.010528	0.008302	0.134788	0.731969	0.039291	0.019331	0.005622	0.011323
23	0.037851	0.009580	0.007387	0.138218	0.734831	0.038220	0.018335	0.005006	0.010572
24	0.036972	0.008830	0.006732	0.141211	0.738189	0.036720	0.017139	0.004395	0.009812
25	0.035913	0.008057	0.006203	0.144486	0.740598	0.035652	0.016106	0.003897	0.009088
26	0.035103	0.007371	0.005654	0.147764	0.742511	0.034451	0.015135	0.003484	0.008527
27	0.034382	0.006680	0.005188	0.150968	0.744080	0.033361	0.014331	0.003081	0.007929
28	0.033383	0.006079	0.004700	0.154495	0.745643	0.032314	0.013321	0.002703	0.007362
29	0.032625	0.005522	0.004261	0.157868	0.746586	0.031274	0.012567	0.002408	0.006889
30	0.031808	0.005004	0.003871	0.161219	0.747377	0.030297	0.011854	0.002107	0.006463
31	0.031052	0.004561	0.003535	0.164712	0.747527	0.029507	0.011259	0.001875	0.005972
32	0.030216	0.004119	0.003245	0.167954	0.748020	0.028478	0.010620	0.001750	0.005598
33	0.029634	0.003749	0.002994	0.171618	0.747985	0.027363	0.009947	0.001525	0.005185
34	0.028944	0.003439	0.002749	0.175149	0.747838	0.026410	0.009337	0.001320	0.004814
35	0.028141	0.003095	0.002537	0.178395	0.747603	0.025649	0.008878	0.001177	0.004525
36	0.027452	0.002780	0.002274	0.182213	0.746976	0.024679	0.008357	0.001016	0.004253
37	0.026847	0.002537	0.002089	0.186046	0.746055	0.023857	0.007748	0.000874	0.003947
38	0.026229	0.002336	0.001912	0.189195	0.745391	0.023055	0.007380	0.000771	0.003731
39	0.025565	0.002121	0.001724	0.193381	0.743477	0.022475	0.006980	0.000700	0.003577
40	0.024921	0.001913	0.001582	0.196682	0.742724	0.021748	0.006500	0.000614	0.003316
41	0.024350	0.001750	0.001404	0.200652	0.741105	0.021040	0.006082	0.000546	0.003071
42	0.023857	0.001595	0.001271	0.204252	0.739461	0.020398	0.005801	0.000458	0.002907
43	0.023284	0.001463	0.001196	0.207643	0.738307	0.019588	0.005371	0.000422	0.002726
44	0.022716	0.001350	0.001126	0.210962	0.736838	0.019025	0.005102	0.000345	0.002536
45	0.022375	0.001253	0.001032	0.214360	0.735123	0.018305	0.004868	0.000336	0.002348
46	0.021766	0.001108	0.000917	0.218257	0.733376	0.017504	0.004578	0.000308	0.002186
47	0.021424	0.001012	0.000853	0.221987	0.731049	0.017020	0.004337	0.000280	0.002038
48	0.020998	0.000942	0.000797	0.225434	0.729246	0.016332	0.004091	0.000233	0.001927
49	0.020419	0.000893	0.000725	0.229156	0.727264	0.015730	0.003796	0.000199	0.001818
50	0.020002	0.000841	0.000702	0.233183	0.724482	0.015319	0.003557	0.000190	0.001724
51	0.019676	0.000770	0.000626	0.237064	0.722108	0.014632	0.003352	0.000146	0.001626
52	0.019254	0.000704	0.000591	0.240500	0.720232	0.014007	0.003078	0.000133	0.001501
53	0.018834	0.000652	0.000534	0.244358	0.717731	0.013499	0.002861	0.000121	0.001410
54	0.018466	0.000589	0.000487	0.248102	0.715085	0.013157	0.002677	0.000114	0.001323
55	0.018156	0.000550	0.000426	0.252008	0.712309	0.012660	0.002595	0.000086	0.001210
56	0.017734	0.000499	0.000393	0.255899	0.709665	0.012118	0.002482	0.000081	0.001129
57	0.017541	0.000479	0.000331	0.260044	0.706499	0.011593	0.002379	0.000071	0.001063
58	0.017175	0.000434	0.000327	0.263936	0.703560	0.011205	0.002315	0.000057	0.000991
59	0.017001	0.000423	0.000292	0.267898	0.700499	0.010821	0.002122	0.000049	0.000895
60	0.016695	0.000384	0.000267	0.271887	0.697464	0.010373	0.002025	0.000053	0.000852
61	0.016417	0.000343	0.000263	0.275886	0.694416	0.009965	0.001871	0.000051	0.000788
62	0.016196	0.000287	0.000239	0.280117	0.691041	0.009563	0.001755	0.000048	0.000754
63	0.016000	0.000270	0.000229	0.284374	0.687538	0.009226	0.001635	0.000046	0.000682
64	0.015678	0.000240	0.000196	0.288359	0.684469	0.008819	0.001550	0.000037	0.000652
65	0.015562	0.000231	0.000186	0.292347	0.681105	0.008472	0.001455	0.000034	0.000608
66	0.015263	0.000209	0.000174	0.296604	0.677570	0.008236	0.001348	0.000031	0.000565
67	0.015167	0.000179	0.000171	0.300670	0.674163	0.007840	0.001246	0.000035	0.000529
68	0.015024	0.000175	0.000150	0.304853	0.670616	0.007501	0.001158	0.000035	0.000488
69	0.014856	0.000168	0.000148	0.309038	0.666977	0.007222	0.001114	0.000027	0.000450
70	0.014690	0.000152	0.000131	0.313358	0.663157	0.007006	0.001052	0.000030	0.000424
