0	0.290663	0.057897	0.229473	0.157588	0.029913	0.111872	0.085455	0.012259	0.024880
1	0.249579	0.051329	0.213250	0.133307	0.027387	0.114821	0.106591	0.020685	0.083051
2	0.265830	0.053900	0.224269	0.122254	0.026848	0.106772	0.097190	0.018884	0.084053
3	0.287016	0.056264	0.237168	0.111470	0.026611	0.096786	0.086647	0.016746	0.081292
4	0.308943	0.059035	0.248252	0.101643	0.025953	0.087838	0.076335	0.014455	0.077546
5	0.330554	0.061477	0.258477	0.091756	0.025585	0.078509	0.067075	0.012522	0.074045
6	0.350599	0.063796	0.266996	0.083187	0.025539	0.070386	0.058162	0.010751	0.070584
7	0.370495	0.065458	0.274578	0.074473	0.025273	0.062851	0.051013	0.009130	0.066729
8	0.388456	0.066891	0.280773	0.067410	0.025158	0.055611	0.044277	0.007828	0.063596
9	0.405529	0.068147	0.286995	0.060276	0.024740	0.049138	0.038721	0.006624	0.059830
10	0.421690	0.069202	0.291841	0.053260	0.024513	0.043683	0.033683	0.005727	0.056401
11	0.436391	0.069544	0.295908	0.047526	0.024362	0.038502	0.029574	0.004907	0.053286
12	0.449788	0.069856	0.299301	0.042507	0.024271	0.034091	0.025669	0.004242	0.050275
13	0.462574	0.070373	0.302675	0.037588	0.023949	0.030110	0.022122	0.003599	0.047010
14	0.473802	0.070479	0.305257	0.033064	0.023863	0.026828	0.019244	0.003128	0.044335
15	0.483609	0.070715	0.307419	0.029491	0.023814	0.023757	0.016746	0.002695	0.041754
16	0.492986	0.070942	0.309170	0.026022	0.023605	0.021001	0.014672	0.002458	0.039144
17	0.502154	0.070948	0.310057	0.023092	0.023498	0.018574	0.012758	0.002124	0.036795
18	0.509318	0.070650	0.311726	0.020583	0.023554	0.016328	0.011123	0.001803	0.034915
19	0.516298	0.070529	0.312663	0.018265	0.023415	0.014557	0.009732	0.001619	0.032922
20	0.522290	0.070286	0.314274	0.016352	0.023462	0.012792	0.008436	0.001345	0.030763
21	0.528845	0.069955	0.314511	0.014416	0.023410	0.011454	0.007288	0.001197	0.028924
22	0.534001	0.069706	0.315177	0.012948	0.023392	0.010196	0.006325	0.000971	0.027284
23	0.537858	0.069648	0.316082	0.011644	0.023265	0.009148	0.005495	0.000850	0.026010
24	0.542620	0.069123	0.316377	0.010269	0.023440	0.008262	0.004877	0.000722	0.024310
25	0.546043	0.069011	0.316643	0.009390	0.023361	0.007506	0.004402	0.000684	0.022960
26	0.549343	0.068394	0.317165	0.008594	0.023601	0.006761	0.003885	0.000632	0.021625
27	0.552882	0.068235	0.317011	0.007683	0.023609	0.006056	0.003396	0.000546	0.020582
28	0.555326	0.067883	0.317588	0.006905	0.023681	0.005482	0.003107	0.000489	0.019539
29	0.558259	0.067671	0.317607	0.006196	0.023682	0.004988	0.002655	0.000425	0.018517
30	0.560012	0.067649	0.317981	0.005696	0.023772	0.004593	0.002333	0.000366	0.017598
31	0.562515	0.067046	0.318201	0.005180	0.023761	0.004205	0.002090	0.000326	0.016676
32	0.565046	0.066667	0.317697	0.004773	0.024107	0.003800	0.001755	0.000296	0.015859
33	0.567016	0.066169	0.317916	0.004327	0.024137	0.003539	0.001580	0.000258	0.015058
34	0.568773	0.065596	0.318018	0.003923	0.024581	0.003155	0.001451	0.000242	0.014261
35	0.570376	0.065194	0.318027	0.003510	0.024771	0.002972	0.001261	0.000203	0.013686
36	0.571638	0.064800	0.318076	0.003322	0.024996	0.002728	0.001121	0.000178	0.013141
37	0.572369	0.064517	0.318715	0.003112	0.025096	0.002538	0.000987	0.000176	0.012490
38	0.573018	0.064210	0.319486	0.002931	0.025301	0.002312	0.000884	0.000144	0.011714
39	0.573880	0.063741	0.319830	0.002675	0.025511	0.002075	0.000815	0.000138	0.011335
40	0.574459	0.063454	0.320044	0.002477	0.025773	0.001897	0.000820	0.000125	0.010951
41	0.575868	0.063220	0.319821	0.002197	0.025794	0.001749	0.000698	0.000123	0.010530
42	0.576675	0.063140	0.319884	0.002101	0.025785	0.001584	0.000621	0.000096	0.010114
43	0.577195	0.062591	0.320108	0.002012	0.026007	0.001520	0.000587	0.000091	0.009889
44	0.578206	0.062322	0.320164	0.001851	0.025977	0.001391	0.000517	0.000078	0.009494
45	0.577907	0.062145	0.321085	0.001714	0.026182	0.001330	0.000455	0.000077	0.009105
46	0.578569	0.061724	0.321098	0.001693	0.026368	0.001187	0.000431	0.000072	0.008858
47	0.579048	0.061649	0.321127	0.001531	0.026614	0.001063	0.000383	0.000053	0.008532
48	0.579772	0.061321	0.321290	0.001388	0.026715	0.001008	0.000342	0.000050	0.008114
49	0.580464	0.061318	0.320833	0.001299	0.026939	0.000940	0.000302	0.000046	0.007859
50	0.580296	0.061228	0.321519	0.001226	0.027079	0.000877	0.000303	0.000035	0.007437
51	0.580437	0.061465	0.321264	0.001200	0.027429	0.000833	0.000264	0.000018	0.007090
52	0.581379	0.061228	0.320575	0.001056	0.027702	0.000770	0.000236	0.000009	0.007045
53	0.582021	0.060567	0.320463	0.000952	0.028173	0.000749	0.000230	0.000007	0.006838
54	0.582758	0.060435	0.320097	0.000875	0.028352	0.000670	0.000216	0.000004	0.006593
55	0.582707	0.060379	0.320210	0.000824	0.028599	0.000600	0.000185	0.000008	0.006488
56	0.582317	0.060383	0.320601	0.000817	0.029004	0.000542	0.000177	0.000010	0.006149
57	0.582601	0.060112	0.320706	0.000747	0.029234	0.000496	0.000144	0.000009	0.005951
58	0.582663	0.059698	0.321202	0.000730	0.029299	0.000449	0.000149	0.000007	0.005803
59	0.582541	0.059905	0.321174	0.000682	0.029435	0.000423	0.000125	0.000006	0.005709
60	0.582439	0.059522	0.321900	0.000636	0.029559	0.000364	0.000135	0.000005	0.005440
61	0.582807	0.059407	0.321811	0.000593	0.029641	0.000335	0.000120	0.000004	0.005282
62	0.583335	0.059221	0.321279	0.000558	0.029874	0.000341	0.000115	0.000007	0.005270
63	0.582811	0.058977	0.321796	0.000542	0.030236	0.000327	0.000108	0.000002	0.005201
64	0.583005	0.058954	0.321466	0.000523	0.030642	0.000307	0.000096	0.000006	0.005001
65	0.583307	0.058321	0.321781	0.000479	0.030922	0.000277	0.000097	0.000007	0.004809
66	0.583766	0.057884	0.321472	0.000489	0.031333	0.000286	0.000081	0.000003	0.004686
67	0.583097	0.057758	0.321898	0.000443	0.031776	0.000277	0.000054	0.000001	0.004696
68	0.584150	0.057398	0.321416	0.000437	0.031704	0.000262	0.000062	0.000001	0.004570
69	0.584078	0.056688	0.321964	0.000413	0.032184	0.000252	0.000041	0.000003	0.004377
70	0.584140	0.056305	0.322263	0.000377	0.032373	0.000221	0.000040	0.000001	0.004280
71	0.584432	0.056081	0.321984	0.000362	0.032728	0.000213	0.000033	0.000003	0.004164
72	0.584468	0.055689	0.322417	0.000379	0.032812	0.000190	0.000028	0.000003	0.004014
73	0.584717	0.055343	0.322495	0.000356	0.032950	0.000176	0.000031	0.000002	0.003930
74	0.585222	0.055329	0.321643	0.000322	0.033430	0.000159	0.000031	0.000003	0.003861
75	0.585427	0.055164	0.321521	0.000284	0.033808	0.000141	0.000031	0.000004	0.003620
76	0.585283	0.055214	0.321392	0.000282	0.034171	0.000121	0.000033	0.000002	0.003502
77	0.585217	0.054803	0.321669	0.000277	0.034423	0.000130	0.000021	0.000002	0.003458
78	0.585293	0.054382	0.321849	0.000254	0.034708	0.000133	0.000028	0.000001	0.003352
79	0.584938	0.054329	0.322185	0.000221	0.034865	0.000113	0.000023	0.000001	0.003325
80	0.584798	0.053891	0.322362	0.000202	0.035257	0.000110	0.000033	0.000001	0.003346
81	0.585037	0.053598	0.322291	0.000198	0.035558	0.000100	0.000035	0.000005	0.003178
82	0.584856	0.053008	0.322931	0.000199	0.035842	0.000110	0.000020	0.000002	0.003032
83	0.584231	0.052783	0.323582	0.000187	0.036115	0.000091	0.000016	0.000002	0.002993
84	0.584251	0.052641	0.323363	0.000165	0.036452	0.000077	0.000016	0.000003	0.003032
85	0.583751	0.052571	0.323826	0.000160	0.036663	0.000075	0.000017	0.000004	0.002933
86	0.584409	0.052164	0.323448	0.000175	0.036844	0.000073	0.000012	0.000002	0.002873
87	0.584622	0.051870	0.323291	0.000170	0.037075	0.000059	0.000017	0.000003	0.002893
88	0.584866	0.051477	0.323246	0.000166	0.037335	0.000065	0.000012	0.000001	0.002832
89	0.584464	0.051444	0.323724	0.000176	0.037409	0.000066	0.000007	0.000001	0.002709
90	0.584258	0.051336	0.323937	0.000164	0.037576	0.000057	0.000009	0.000000	0.002663
91	0.584100	0.051272	0.324125	0.000157	0.037700	0.000060	0.000008	0.000000	0.002578
92	0.583396	0.051025	0.324744	0.000154	0.038071	0.000074	0.000008	0.000001	0.002527
93	0.582543	0.051181	0.325141	0.000151	0.038410	0.000072	0.000010	0.000000	0.002492
94	0.582243	0.050983	0.325668	0.000160	0.038426	0.000053	0.000010	0.000000	0.002457
95	0.581679	0.050778	0.326300	0.000124	0.038733	0.000060	0.000008	0.000000	0.002318
96	0.581826	0.050535	0.326168	0.000131	0.039062	0.000063	0.000005	0.000000	0.002210
97	0.582100	0.050217	0.325857	0.000117	0.039416	0.000074	0.000009	0.000000	0.002210
98	0.581729	0.049814	0.326403	0.000114	0.039626	0.000075	0.000008	0.000000	0.002231
99	0.581605	0.049978	0.326301	0.000119	0.039813	0.000071	0.000004	0.000000	0.002109
100	0.581517	0.049781	0.326444	0.000113	0.040027	0.000059	0.000005	0.000000	0.002054
101	0.582007	0.049628	0.325840	0.000110	0.040312	0.000067	0.000007	0.000000	0.002029
102	0.582523	0.049547	0.325253	0.000116	0.040530	0.000057	0.000002	0.000000	0.001972
103	0.582498	0.049095	0.325527	0.000097	0.040753	0.000060	0.000004	0.000000	0.001966
104	0.582406	0.048946	0.325661	0.000103	0.040934	0.000065	0.000003	0.000000	0.001882
105	0.582874	0.048382	0.325323	0.000095	0.041349	0.000076	0.000001	0.000000	0.001900
106	0.582727	0.047947	0.325725	0.000082	0.041570	0.000061	0.000002	0.000000	0.001886
107	0.582419	0.048088	0.325297	0.000083	0.042164	0.000065	0.000002	0.000000	0.001882
108	0.582416	0.047899	0.325417	0.000068	0.042355	0.000064	0.000002	0.000000	0.001779
109	0.582212	0.047613	0.325443	0.000072	0.042805	0.000068	0.000002	0.000000	0.001785
110	0.582857	0.047324	0.324715	0.000075	0.043227	0.000068	0.000000	0.000000	0.001734
111	0.582876	0.046912	0.325096	0.000078	0.043346	0.000055	0.000003	0.000000	0.001634
112	0.583187	0.046789	0.324642	0.000062	0.043634	0.000059	0.000002	0.000000	0.001625
113	0.583003	0.046555	0.324810	0.000046	0.043942	0.000057	0.000003	0.000000	0.001584
114	0.582566	0.046538	0.324981	0.000046	0.044244	0.000058	0.000001	0.000000	0.001566
115	0.582185	0.046188	0.325193	0.000043	0.044788	0.000056	0.000001	0.000000	0.001546
116	0.582124	0.045998	0.325287	0.000045	0.044918	0.000059	0.000002	0.000000	0.001567
117	0.582210	0.045718	0.325260	0.000037	0.045164	0.000058	0.000002	0.000000	0.001551
118	0.582048	0.045750	0.325503	0.000049	0.045129	0.000068	0.000001	0.000000	0.001452
119	0.582144	0.045501	0.325443	0.000051	0.045383	0.000070	0.000002	0.000000	0.001406
120	0.582326	0.045582	0.325040	0.000042	0.045556	0.000064	0.000002	0.000000	0.001388
121	0.582155	0.045486	0.325309	0.000043	0.045569	0.000057	0.000002	0.000000	0.001379
122	0.582275	0.045167	0.325409	0.000048	0.045693	0.000061	0.000000	0.000000	0.001347
123	0.582375	0.045260	0.324794	0.000043	0.046157	0.000054	0.000000	0.000000	0.001317
124	0.582749	0.045035	0.324456	0.000033	0.046362	0.000063	0.000000	0.000000	0.001302
125	0.582226	0.044712	0.324898	0.000032	0.046748	0.000070	0.000000	0.000000	0.001314
126	0.581228	0.044806	0.325523	0.000025	0.047149	0.000051	0.000000	0.000000	0.001218
127	0.581274	0.044305	0.325847	0.000028	0.047293	0.000051	0.000000	0.000000	0.001202
128	0.581290	0.044070	0.325771	0.000026	0.047605	0.000058	0.000000	0.000000	0.001180
129	0.581450	0.043671	0.325846	0.000025	0.047803	0.000053	0.000000	0.000000	0.001152
130	0.581299	0.043504	0.325969	0.000026	0.047934	0.000064	0.000000	0.000000	0.001204
131	0.581334	0.043344	0.325943	0.000020	0.048106	0.000054	0.000000	0.000000	0.001199
132	0.581279	0.043414	0.325640	0.000021	0.048402	0.000057	0.000000	0.000000	0.001187
133	0.580719	0.043298	0.326352	0.000018	0.048410	0.000054	0.000000	0.000000	0.001149
134	0.580794	0.043019	0.326073	0.000010	0.048878	0.000049	0.000000	0.000000	0.001177
135	0.580885	0.042847	0.325770	0.000011	0.049300	0.000050	0.000000	0.000000	0.001137
136	0.581148	0.042526	0.325845	0.000011	0.049328	0.000048	0.000000	0.000000	0.001094
137	0.581205	0.042282	0.325562	0.000011	0.049749	0.000056	0.000000	0.000000	0.001135
138	0.581570	0.042407	0.325014	0.000010	0.049841	0.000044	0.000000	0.000000	0.001114
139	0.581590	0.042143	0.324989	0.000008	0.050108	0.000050	0.000000	0.000000	0.001112
140	0.581149	0.042088	0.325033	0.000007	0.050543	0.000049	0.000000	0.000000	0.001131
141	0.581490	0.041885	0.324678	0.000008	0.050762	0.000055	0.000000	0.000000	0.001122
142	0.581317	0.041645	0.324950	0.000003	0.050920	0.000063	0.000000	0.000000	0.001102
143	0.580570	0.041523	0.325529	0.000006	0.051186	0.000058	0.000000	0.000000	0.001128
144	0.580360	0.041341	0.325641	0.000010	0.051408	0.000058	0.000000	0.000000	0.001182
145	0.580833	0.040927	0.325467	0.000014	0.051566	0.000060	0.000000	0.000000	0.001133
146	0.580175	0.041063	0.325625	0.000007	0.051947	0.000058	0.000000	0.000000	0.001125
147	0.580491	0.040889	0.325346	0.000006	0.052058	0.000059	0.000000	0.000000	0.001151
148	0.580329	0.040530	0.325872	0.000008	0.052058	0.000049	0.000000	0.000000	0.001154
149	0.580363	0.040406	0.325683	0.000007	0.052386	0.000045	0.000000	0.000000	0.001110
150	0.579647	0.040445	0.326205	0.000007	0.052541	0.000056	0.000000	0.000000	0.001099
151	0.579507	0.040173	0.326429	0.000008	0.052739	0.000055	0.000000	0.000000	0.001089
152	0.580182	0.040145	0.325539	0.000006	0.053025	0.000050	0.000000	0.000000	0.001053
153	0.580700	0.040114	0.324952	0.000005	0.053086	0.000054	0.000000	0.000000	0.001089
154	0.580287	0.039741	0.325645	0.000002	0.053216	0.000058	0.000000	0.000000	0.001051
155	0.580021	0.039667	0.325694	0.000001	0.053550	0.000058	0.000000	0.000000	0.001009
156	0.579603	0.039815	0.325755	0.000001	0.053806	0.000050	0.000000	0.000000	0.000970
157	0.579700	0.039847	0.325520	0.000000	0.053918	0.000050	0.000000	0.000000	0.000965
158	0.580108	0.039487	0.325194	0.000000	0.054202	0.000058	0.000000	0.000000	0.000951
159	0.580161	0.039382	0.325312	0.000000	0.054184	0.000045	0.000000	0.000000	0.000916
160	0.580555	0.039287	0.324911	0.000000	0.054305	0.000053	0.000000	0.000000	0.000889
161	0.580714	0.039240	0.324648	0.000000	0.054461	0.000056	0.000000	0.000000	0.000881
162	0.580249	0.039059	0.324943	0.000000	0.054826	0.000058	0.000000	0.000000	0.000865
163	0.580405	0.038992	0.324466	0.000000	0.055196	0.000069	0.000000	0.000000	0.000872
164	0.580431	0.038832	0.324309	0.000000	0.055489	0.000068	0.000000	0.000000	0.000871
165	0.580027	0.038623	0.324663	0.000000	0.055759	0.000054	0.000000	0.000000	0.000874
166	0.579678	0.038370	0.324840	0.000000	0.056195	0.000045	0.000000	0.000000	0.000872
167	0.579854	0.038124	0.324699	0.000000	0.056418	0.000054	0.000000	0.000000	0.000851
168	0.579754	0.038123	0.324646	0.000000	0.056632	0.000042	0.000000	0.000000	0.000803
169	0.579152	0.038085	0.324685	0.000000	0.057263	0.000043	0.000000	0.000000	0.000772
170	0.578996	0.038002	0.324543	0.000000	0.057661	0.000041	0.000000	0.000000	0.000757
171	0.578734	0.037958	0.324433	0.000000	0.058074	0.000046	0.000000	0.000000	0.000755
172	0.578480	0.037570	0.324964	0.000000	0.058233	0.000049	0.000000	0.000000	0.000704
173	0.578359	0.037242	0.325262	0.000000	0.058392	0.000052	0.000000	0.000000	0.000693
174	0.579332	0.037094	0.324413	0.000000	0.058423	0.000052	0.000000	0.000000	0.000686
175	0.579253	0.036919	0.324409	0.000000	0.058712	0.000045	0.000000	0.000000	0.000662
176	0.578497	0.036738	0.324994	0.000000	0.059057	0.000047	0.000000	0.000000	0.000667
177	0.578443	0.036382	0.325274	0.000000	0.059223	0.000046	0.000000	0.000000	0.000632
178	0.577771	0.036416	0.325451	0.000000	0.059714	0.000047	0.000000	0.000000	0.000601
179	0.578084	0.036196	0.325162	0.000000	0.059947	0.000044	0.000000	0.000000	0.000567
180	0.577684	0.036049	0.325497	0.000000	0.060172	0.000034	0.000000	0.000000	0.000564
181	0.577582	0.036009	0.325357	0.000000	0.060473	0.000037	0.000000	0.000000	0.000542
182	0.577116	0.035634	0.325883	0.000000	0.060780	0.000041	0.000000	0.000000	0.000546
183	0.576565	0.035627	0.326047	0.000000	0.061184	0.000047	0.000000	0.000000	0.000530
184	0.575772	0.035612	0.326588	0.000000	0.061501	0.000039	0.000000	0.000000	0.000488
185	0.576213	0.035387	0.326056	0.000000	0.061836	0.000036	0.000000	0.000000	0.000472
186	0.575488	0.035415	0.326762	0.000000	0.061835	0.000038	0.000000	0.000000	0.000462
187	0.575289	0.035132	0.326888	0.000000	0.062205	0.000039	0.000000	0.000000	0.000447
188	0.574756	0.034907	0.327276	0.000000	0.062582	0.000043	0.000000	0.000000	0.000436
189	0.575156	0.034685	0.327028	0.000000	0.062664	0.000040	0.000000	0.000000	0.000427
190	0.575235	0.034592	0.326747	0.000000	0.062959	0.000037	0.000000	0.000000	0.000430
191	0.575847	0.034428	0.325999	0.000000	0.063266	0.000030	0.000000	0.000000	0.000430
192	0.575791	0.034275	0.325808	0.000000	0.063682	0.000028	0.000000	0.000000	0.000416
193	0.575479	0.034129	0.326211	0.000000	0.063759	0.000030	0.000000	0.000000	0.000392
194	0.576098	0.033800	0.325435	0.000000	0.064221	0.000031	0.000000	0.000000	0.000415
195	0.575617	0.033818	0.325735	0.000000	0.064429	0.000021	0.000000	0.000000	0.000380
196	0.575661	0.033717	0.325456	0.000000	0.064770	0.000020	0.000000	0.000000	0.000376
197	0.575759	0.033458	0.325647	0.000000	0.064728	0.000017	0.000000	0.000000	0.000391
198	0.575376	0.033375	0.325781	0.000000	0.065066	0.000021	0.000000	0.000000	0.000381
199	0.574821	0.033209	0.326318	0.000000	0.065231	0.000023	0.000000	0.000000	0.000398
200	0.574486	0.033340	0.326129	0.000000	0.065657	0.000024	0.000000	0.000000	0.000364
201	0.574503	0.033200	0.326026	0.000000	0.065892	0.000018	0.000000	0.000000	0.000361
202	0.574568	0.033084	0.325622	0.000000	0.066336	0.000019	0.000000	0.000000	0.000371
203	0.574530	0.032841	0.325566	0.000000	0.066715	0.000014	0.000000	0.000000	0.000334
204	0.574137	0.032801	0.325469	0.000000	0.067215	0.000017	0.000000	0.000000	0.000361
205	0.574068	0.032677	0.325621	0.000000	0.067280	0.000019	0.000000	0.000000	0.000335
206	0.573767	0.032685	0.325570	0.000000	0.067608	0.000021	0.000000	0.000000	0.000349
207	0.574058	0.032505	0.325222	0.000000	0.067817	0.000024	0.000000	0.000000	0.000374
208	0.573466	0.032571	0.325333	0.000000	0.068252	0.000022	0.000000	0.000000	0.000356
209	0.573619	0.032396	0.325155	0.000000	0.068455	0.000021	0.000000	0.000000	0.000354
210	0.573548	0.032147	0.324984	0.000000	0.068927	0.000017	0.000000	0.000000	0.000377
211	0.573548	0.031564	0.325382	0.000000	0.069130	0.000014	0.000000	0.000000	0.000362
212	0.573187	0.031429	0.325776	0.000000	0.069239	0.000017	0.000000	0.000000	0.000352
213	0.573577	0.031065	0.325528	0.000000	0.069476	0.000014	0.000000	0.000000	0.000340
214	0.573590	0.030920	0.325265	0.000000	0.069864	0.000013	0.000000	0.000000	0.000348
215	0.573631	0.030916	0.325017	0.000000	0.070069	0.000016	0.000000	0.000000	0.000351
216	0.573581	0.030955	0.324693	0.000000	0.070401	0.000009	0.000000	0.000000	0.000361
217	0.573181	0.030755	0.324911	0.000000	0.070783	0.000012	0.000000	0.000000	0.000358
218	0.572610	0.030682	0.325282	0.000000	0.071075	0.000014	0.000000	0.000000	0.000337
219	0.572975	0.030559	0.324610	0.000000	0.071500	0.000016	0.000000	0.000000	0.000340
220	0.572657	0.030384	0.324902	0.000000	0.071691	0.000010	0.000000	0.000000	0.000356
221	0.572990	0.030327	0.324208	0.000000	0.072118	0.000013	0.000000	0.000000	0.000344
222	0.572342	0.030232	0.324689	0.000000	0.072375	0.000016	0.000000	0.000000	0.000346
223	0.572545	0.030154	0.324424	0.000000	0.072493	0.000017	0.000000	0.000000	0.000367
224	0.572137	0.030302	0.324221	0.000000	0.072965	0.000016	0.000000	0.000000	0.000359
225	0.571237	0.030202	0.325162	0.000000	0.073037	0.000012	0.000000	0.000000	0.000350
226	0.570740	0.030024	0.325513	0.000000	0.073369	0.000007	0.000000	0.000000	0.000347
227	0.570219	0.029941	0.325882	0.000000	0.073612	0.000003	0.000000	0.000000	0.000343
228	0.570511	0.029659	0.325636	0.000000	0.073862	0.000003	0.000000	0.000000	0.000329
229	0.569602	0.029675	0.326331	0.000000	0.074060	0.000002	0.000000	0.000000	0.000330
230	0.570202	0.029638	0.325521	0.000000	0.074318	0.000003	0.000000	0.000000	0.000318
231	0.569725	0.029698	0.325681	0.000000	0.074586	0.000002	0.000000	0.000000	0.000308
232	0.569951	0.029586	0.325182	0.000000	0.074984	0.000006	0.000000	0.000000	0.000291
233	0.569527	0.029369	0.325482	0.000000	0.075311	0.000003	0.000000	0.000000	0.000308
234	0.569004	0.029511	0.325428	0.000000	0.075759	0.000003	0.000000	0.000000	0.000295
235	0.569218	0.029368	0.325211	0.000000	0.075905	0.000003	0.000000	0.000000	0.000295
236	0.568909	0.029166	0.325600	0.000000	0.076021	0.000004	0.000000	0.000000	0.000300
237	0.568588	0.029112	0.325443	0.000000	0.076539	0.000006	0.000000	0.000000	0.000312
238	0.567948	0.029123	0.325769	0.000000	0.076863	0.000002	0.000000	0.000000	0.000295
239	0.568083	0.029007	0.325702	0.000000	0.076906	0.000000	0.000000	0.000000	0.000302
240	0.568579	0.029016	0.325163	0.000000	0.076952	0.000000	0.000000	0.000000	0.000290
241	0.568444	0.028638	0.325229	0.000000	0.077375	0.000001	0.000000	0.000000	0.000313
242	0.567845	0.028720	0.325339	0.000000	0.077826	0.000001	0.000000	0.000000	0.000269
243	0.568145	0.028453	0.324918	0.000000	0.078215	0.000001	0.000000	0.000000	0.000268
244	0.567843	0.028381	0.325224	0.000000	0.078282	0.000000	0.000000	0.000000	0.000270
245	0.567327	0.028481	0.325484	0.000000	0.078407	0.000002	0.000000	0.000000	0.000299
246	0.567075	0.028158	0.325686	0.000000	0.078816	0.000002	0.000000	0.000000	0.000263
247	0.566875	0.028158	0.325830	0.000000	0.078852	0.000001	0.000000	0.000000	0.000284
248	0.567133	0.028070	0.325356	0.000000	0.079155	0.000003	0.000000	0.000000	0.000283
249	0.566469	0.027951	0.325833	0.000000	0.079478	0.000002	0.000000	0.000000	0.000267
250	0.566745	0.028005	0.325101	0.000000	0.079869	0.000001	0.000000	0.000000	0.000279
251	0.566019	0.028049	0.325247	0.000000	0.080436	0.000000	0.000000	0.000000	0.000249
252	0.565930	0.027999	0.325298	0.000000	0.080501	0.000001	0.000000	0.000000	0.000271
253	0.565468	0.027889	0.325432	0.000000	0.080925	0.000000	0.000000	0.000000	0.000286
254	0.565315	0.027875	0.325576	0.000000	0.080927	0.000000	0.000000	0.000000	0.000307
255	0.565162	0.027679	0.325612	0.000000	0.081237	0.000000	0.000000	0.000000	0.000310
256	0.565158	0.027538	0.325373	0.000000	0.081632	0.000000	0.000000	0.000000	0.000299
257	0.564981	0.027614	0.325180	0.000000	0.081934	0.000000	0.000000	0.000000	0.000291
258	0.565222	0.027588	0.324725	0.000000	0.082175	0.000000	0.000000	0.000000	0.000290
259	0.564786	0.027309	0.325252	0.000000	0.082381	0.000000	0.000000	0.000000	0.000272
260	0.565116	0.027165	0.324868	0.000000	0.082579	0.000000	0.000000	0.000000	0.000272
261	0.564716	0.027178	0.324880	0.000000	0.082943	0.000000	0.000000	0.000000	0.000283
262	0.564488	0.026933	0.325216	0.000000	0.083093	0.000000	0.000000	0.000000	0.000270
263	0.564187	0.026949	0.325353	0.000000	0.083231	0.000000	0.000000	0.000000	0.000280
264	0.563740	0.026910	0.325736	0.000000	0.083334	0.000000	0.000000	0.000000	0.000280
265	0.563454	0.027002	0.325540	0.000000	0.083727	0.000000	0.000000	0.000000	0.000277
266	0.563572	0.026728	0.325320	0.000000	0.084086	0.000000	0.000000	0.000000	0.000294
267	0.563565	0.026413	0.325578	0.000000	0.084149	0.000000	0.000000	0.000000	0.000295
268	0.562456	0.026552	0.326125	0.000000	0.084604	0.000000	0.000000	0.000000	0.000263
269	0.561507	0.026448	0.327029	0.000000	0.084734	0.000000	0.000000	0.000000	0.000282
270	0.561874	0.026122	0.326738	0.000000	0.084986	0.000000	0.000000	0.000000	0.000280
271	0.561493	0.026075	0.326816	0.000000	0.085338	0.000000	0.000000	0.000000	0.000278
272	0.561796	0.026262	0.326212	0.000000	0.085449	0.000000	0.000000	0.000000	0.000281
273	0.561477	0.026217	0.326195	0.000000	0.085829	0.000000	0.000000	0.000000	0.000282
274	0.560672	0.026244	0.326921	0.000000	0.085892	0.000000	0.000000	0.000000	0.000271
275	0.560191	0.026468	0.326696	0.000000	0.086376	0.000000	0.000000	0.000000	0.000269
276	0.559996	0.026241	0.326971	0.000000	0.086503	0.000000	0.000000	0.000000	0.000289
277	0.559053	0.026092	0.327404	0.000000	0.087139	0.000000	0.000000	0.000000	0.000312
278	0.559049	0.026052	0.327179	0.000000	0.087437	0.000000	0.000000	0.000000	0.000283
279	0.559245	0.026192	0.326634	0.000000	0.087657	0.000000	0.000000	0.000000	0.000272
280	0.559100	0.026231	0.326515	0.000000	0.087886	0.000000	0.000000	0.000000	0.000268
281	0.559302	0.026039	0.326342	0.000000	0.088057	0.000000	0.000000	0.000000	0.000260
282	0.558335	0.026058	0.326955	0.000000	0.088382	0.000000	0.000000	0.000000	0.000270
283	0.558406	0.025924	0.326890	0.000000	0.088520	0.000000	0.000000	0.000000	0.000260
284	0.558627	0.025981	0.326457	0.000000	0.088637	0.000000	0.000000	0.000000	0.000298
285	0.558578	0.026047	0.325923	0.000000	0.089154	0.000000	0.000000	0.000000	0.000298
286	0.558422	0.025984	0.325689	0.000000	0.089608	0.000000	0.000000	0.000000	0.000297
287	0.557777	0.025707	0.326305	0.000000	0.089930	0.000000	0.000000	0.000000	0.000281
288	0.557963	0.025641	0.326190	0.000000	0.089950	0.000000	0.000000	0.000000	0.000256
289	0.557870	0.025515	0.326184	0.000000	0.090183	0.000000	0.000000	0.000000	0.000248
290	0.557192	0.025287	0.326563	0.000000	0.090703	0.000000	0.000000	0.000000	0.000255
291	0.557335	0.025139	0.326563	0.000000	0.090726	0.000000	0.000000	0.000000	0.000237
292	0.557254	0.024925	0.326476	0.000000	0.091097	0.000000	0.000000	0.000000	0.000248
293	0.556786	0.024979	0.326690	0.000000	0.091277	0.000000	0.000000	0.000000	0.000268
294	0.556518	0.024915	0.326665	0.000000	0.091626	0.000000	0.000000	0.000000	0.000276
295	0.556725	0.024670	0.326692	0.000000	0.091651	0.000000	0.000000	0.000000	0.000262
296	0.556368	0.024697	0.326542	0.000000	0.092122	0.000000	0.000000	0.000000	0.000271
297	0.556449	0.024609	0.326249	0.000000	0.092425	0.000000	0.000000	0.000000	0.000268
298	0.555687	0.024602	0.326831	0.000000	0.092639	0.000000	0.000000	0.000000	0.000241
299	0.554952	0.024572	0.327406	0.000000	0.092831	0.000000	0.000000	0.000000	0.000239
300	0.554774	0.024596	0.327316	0.000000	0.093063	0.000000	0.000000	0.000000	0.000251
301	0.555368	0.024567	0.326520	0.000000	0.093288	0.000000	0.000000	0.000000	0.000257
302	0.555557	0.024430	0.326120	0.000000	0.093646	0.000000	0.000000	0.000000	0.000247
303	0.555713	0.024157	0.325998	0.000000	0.093847	0.000000	0.000000	0.000000	0.000285
304	0.556323	0.024176	0.325163	0.000000	0.094058	0.000000	0.000000	0.000000	0.000280
305	0.555749	0.024126	0.325217	0.000000	0.094626	0.000000	0.000000	0.000000	0.000282
306	0.555586	0.023946	0.325421	0.000000	0.094767	0.000000	0.000000	0.000000	0.000280
307	0.556049	0.023799	0.324906	0.000000	0.094992	0.000000	0.000000	0.000000	0.000254
308	0.555692	0.023750	0.325047	0.000000	0.095240	0.000000	0.000000	0.000000	0.000271
309	0.554835	0.023883	0.325421	0.000000	0.095589	0.000000	0.000000	0.000000	0.000272
310	0.555068	0.023669	0.325403	0.000000	0.095586	0.000000	0.000000	0.000000	0.000274
311	0.555550	0.023551	0.324718	0.000000	0.095888	0.000000	0.000000	0.000000	0.000293
312	0.556141	0.023377	0.323933	0.000000	0.096257	0.000000	0.000000	0.000000	0.000292
313	0.556042	0.023468	0.323699	0.000000	0.096519	0.000000	0.000000	0.000000	0.000272
314	0.555525	0.023502	0.323895	0.000000	0.096784	0.000000	0.000000	0.000000	0.000294
315	0.555975	0.023468	0.323181	0.000000	0.097093	0.000000	0.000000	0.000000	0.000283
316	0.556356	0.023376	0.322733	0.000000	0.097265	0.000000	0.000000	0.000000	0.000270
317	0.556313	0.023403	0.322462	0.000000	0.097538	0.000000	0.000000	0.000000	0.000284
318	0.556063	0.023412	0.322350	0.000000	0.097891	0.000000	0.000000	0.000000	0.000284
319	0.555462	0.023465	0.322579	0.000000	0.098220	0.000000	0.000000	0.000000	0.000274
320	0.555690	0.023237	0.322285	0.000000	0.098506	0.000000	0.000000	0.000000	0.000282
321	0.555562	0.023138	0.322395	0.000000	0.098646	0.000000	0.000000	0.000000	0.000259
322	0.556005	0.023254	0.321563	0.000000	0.098920	0.000000	0.000000	0.000000	0.000258
323	0.555553	0.023200	0.321551	0.000000	0.099440	0.000000	0.000000	0.000000	0.000256
324	0.555031	0.023091	0.321660	0.000000	0.099983	0.000000	0.000000	0.000000	0.000235
325	0.555200	0.023072	0.321375	0.000000	0.100106	0.000000	0.000000	0.000000	0.000247
326	0.555512	0.022805	0.320901	0.000000	0.100546	0.000000	0.000000	0.000000	0.000236
327	0.555316	0.022885	0.320674	0.000000	0.100887	0.000000	0.000000	0.000000	0.000238
328	0.555354	0.022832	0.320531	0.000000	0.101028	0.000000	0.000000	0.000000	0.000255
329	0.555684	0.022886	0.319888	0.000000	0.101275	0.000000	0.000000	0.000000	0.000267
330	0.555138	0.022826	0.320060	0.000000	0.101694	0.000000	0.000000	0.000000	0.000282
331	0.554794	0.022947	0.320100	0.000000	0.101879	0.000000	0.000000	0.000000	0.000280
332	0.555196	0.022721	0.319581	0.000000	0.102218	0.000000	0.000000	0.000000	0.000284
333	0.554915	0.022778	0.319455	0.000000	0.102552	0.000000	0.000000	0.000000	0.000300
334	0.554877	0.022692	0.319269	0.000000	0.102883	0.000000	0.000000	0.000000	0.000279
335	0.554953	0.022682	0.318954	0.000000	0.103131	0.000000	0.000000	0.000000	0.000280
336	0.554834	0.022491	0.318759	0.000000	0.103647	0.000000	0.000000	0.000000	0.000269
337	0.555140	0.022363	0.318313	0.000000	0.103940	0.000000	0.000000	0.000000	0.000244
338	0.555101	0.022372	0.318109	0.000000	0.104188	0.000000	0.000000	0.000000	0.000230
339	0.555378	0.022438	0.317312	0.000000	0.104641	0.000000	0.000000	0.000000	0.000231
340	0.555306	0.022314	0.317281	0.000000	0.104867	0.000000	0.000000	0.000000	0.000232
341	0.555724	0.022201	0.316677	0.000000	0.105166	0.000000	0.000000	0.000000	0.000232
342	0.554730	0.022119	0.317491	0.000000	0.105434	0.000000	0.000000	0.000000	0.000226
343	0.554217	0.022097	0.317770	0.000000	0.105694	0.000000	0.000000	0.000000	0.000222
344	0.554262	0.021942	0.317604	0.000000	0.105964	0.000000	0.000000	0.000000	0.000228
345	0.554514	0.021820	0.317359	0.000000	0.106087	0.000000	0.000000	0.000000	0.000220
346	0.554500	0.021723	0.317213	0.000000	0.106349	0.000000	0.000000	0.000000	0.000215
347	0.553876	0.021521	0.317442	0.000000	0.106933	0.000000	0.000000	0.000000	0.000228
348	0.554073	0.021316	0.317131	0.000000	0.107256	0.000000	0.000000	0.000000	0.000224
349	0.553987	0.021470	0.316841	0.000000	0.107484	0.000000	0.000000	0.000000	0.000218
350	0.554018	0.021262	0.316495	0.000000	0.108010	0.000000	0.000000	0.000000	0.000215
351	0.553660	0.021122	0.316623	0.000000	0.108361	0.000000	0.000000	0.000000	0.000234
352	0.553632	0.021269	0.316442	0.000000	0.108388	0.000000	0.000000	0.000000	0.000269
353	0.553585	0.021208	0.316297	0.000000	0.108649	0.000000	0.000000	0.000000	0.000261
354	0.553168	0.021174	0.316395	0.000000	0.108997	0.000000	0.000000	0.000000	0.000266
355	0.552918	0.020942	0.316434	0.000000	0.109433	0.000000	0.000000	0.000000	0.000273
356	0.552286	0.021115	0.316467	0.000000	0.109882	0.000000	0.000000	0.000000	0.000250
357	0.551855	0.021046	0.316525	0.000000	0.110306	0.000000	0.000000	0.000000	0.000268
358	0.552035	0.021031	0.316110	0.000000	0.110544	0.000000	0.000000	0.000000	0.000280
359	0.551526	0.020960	0.316428	0.000000	0.110807	0.000000	0.000000	0.000000	0.000279
360	0.550900	0.020888	0.316892	0.000000	0.111045	0.000000	0.000000	0.000000	0.000275
361	0.550963	0.020737	0.316650	0.000000	0.111343	0.000000	0.000000	0.000000	0.000307
362	0.550607	0.020762	0.316468	0.000000	0.111870	0.000000	0.000000	0.000000	0.000293
363	0.550399	0.020647	0.316693	0.000000	0.111965	0.000000	0.000000	0.000000	0.000296
364	0.550314	0.020602	0.316498	0.000000	0.112283	0.000000	0.000000	0.000000	0.000303
365	0.549815	0.020660	0.316457	0.000000	0.112760	0.000000	0.000000	0.000000	0.000308
366	0.549593	0.020696	0.316434	0.000000	0.112966	0.000000	0.000000	0.000000	0.000311
367	0.549350	0.020579	0.316423	0.000000	0.113347	0.000000	0.000000	0.000000	0.000301
368	0.548806	0.020700	0.316361	0.000000	0.113818	0.000000	0.000000	0.000000	0.000315
369	0.548964	0.020555	0.316320	0.000000	0.113862	0.000000	0.000000	0.000000	0.000299
370	0.548672	0.020514	0.316141	0.000000	0.114352	0.000000	0.000000	0.000000	0.000321
371	0.548563	0.020346	0.315976	0.000000	0.114786	0.000000	0.000000	0.000000	0.000329
372	0.547716	0.020370	0.316880	0.000000	0.114702	0.000000	0.000000	0.000000	0.000332
373	0.547739	0.020290	0.316799	0.000000	0.114852	0.000000	0.000000	0.000000	0.000320
374	0.547756	0.020252	0.316553	0.000000	0.115122	0.000000	0.000000	0.000000	0.000317
375	0.547776	0.020230	0.316156	0.000000	0.115535	0.000000	0.000000	0.000000	0.000303
376	0.547176	0.020237	0.316130	0.000000	0.116168	0.000000	0.000000	0.000000	0.000289
377	0.546991	0.020096	0.316023	0.000000	0.116615	0.000000	0.000000	0.000000	0.000275
378	0.547032	0.020090	0.315930	0.000000	0.116666	0.000000	0.000000	0.000000	0.000282
379	0.547243	0.020001	0.315466	0.000000	0.117021	0.000000	0.000000	0.000000	0.000269
380	0.546496	0.019949	0.315692	0.000000	0.117593	0.000000	0.000000	0.000000	0.000270
381	0.546736	0.019897	0.315176	0.000000	0.117913	0.000000	0.000000	0.000000	0.000278
382	0.546108	0.019977	0.315332	0.000000	0.118287	0.000000	0.000000	0.000000	0.000296
383	0.546270	0.019782	0.315064	0.000000	0.118605	0.000000	0.000000	0.000000	0.000279
384	0.546057	0.019535	0.315241	0.000000	0.118866	0.000000	0.000000	0.000000	0.000301
385	0.545464	0.019538	0.315365	0.000000	0.119330	0.000000	0.000000	0.000000	0.000303
386	0.546095	0.019413	0.314608	0.000000	0.119598	0.000000	0.000000	0.000000	0.000286
387	0.545775	0.019309	0.314721	0.000000	0.119922	0.000000	0.000000	0.000000	0.000273
388	0.545374	0.019327	0.314731	0.000000	0.120293	0.000000	0.000000	0.000000	0.000275
389	0.545350	0.019222	0.314601	0.000000	0.120550	0.000000	0.000000	0.000000	0.000277
390	0.545691	0.019115	0.314137	0.000000	0.120789	0.000000	0.000000	0.000000	0.000268
391	0.545908	0.019191	0.313437	0.000000	0.121209	0.000000	0.000000	0.000000	0.000255
392	0.545395	0.019021	0.313648	0.000000	0.121686	0.000000	0.000000	0.000000	0.000250
393	0.545337	0.018897	0.313375	0.000000	0.122123	0.000000	0.000000	0.000000	0.000268
394	0.544302	0.018912	0.313934	0.000000	0.122591	0.000000	0.000000	0.000000	0.000261
395	0.544600	0.019036	0.313287	0.000000	0.122825	0.000000	0.000000	0.000000	0.000252
396	0.544264	0.019022	0.313542	0.000000	0.122934	0.000000	0.000000	0.000000	0.000238
397	0.544664	0.018839	0.313008	0.000000	0.123243	0.000000	0.000000	0.000000	0.000246
398	0.544488	0.018817	0.312746	0.000000	0.123672	0.000000	0.000000	0.000000	0.000277
399	0.544543	0.018703	0.312479	0.000000	0.124009	0.000000	0.000000	0.000000	0.000266
400	0.544603	0.018789	0.312178	0.000000	0.124166	0.000000	0.000000	0.000000	0.000264
401	0.544345	0.018811	0.312107	0.000000	0.124460	0.000000	0.000000	0.000000	0.000277
402	0.544043	0.018726	0.312171	0.000000	0.124795	0.000000	0.000000	0.000000	0.000265
403	0.543806	0.018508	0.312451	0.000000	0.124936	0.000000	0.000000	0.000000	0.000299
404	0.543743	0.018473	0.312035	0.000000	0.125446	0.000000	0.000000	0.000000	0.000303
405	0.543673	0.018494	0.311816	0.000000	0.125709	0.000000	0.000000	0.000000	0.000308
406	0.543561	0.018330	0.311603	0.000000	0.126188	0.000000	0.000000	0.000000	0.000318
407	0.543154	0.018415	0.311597	0.000000	0.126531	0.000000	0.000000	0.000000	0.000303
408	0.543477	0.018307	0.311132	0.000000	0.126762	0.000000	0.000000	0.000000	0.000322
409	0.543608	0.018339	0.310831	0.000000	0.126908	0.000000	0.000000	0.000000	0.000314
410	0.543467	0.018303	0.310538	0.000000	0.127376	0.000000	0.000000	0.000000	0.000316
411	0.542483	0.018313	0.311263	0.000000	0.127591	0.000000	0.000000	0.000000	0.000350
412	0.542787	0.018089	0.311212	0.000000	0.127577	0.000000	0.000000	0.000000	0.000335
413	0.542108	0.018130	0.311340	0.000000	0.128082	0.000000	0.000000	0.000000	0.000340
414	0.542082	0.018034	0.311092	0.000000	0.128459	0.000000	0.000000	0.000000	0.000333
415	0.541546	0.017949	0.311379	0.000000	0.128791	0.000000	0.000000	0.000000	0.000335
416	0.541066	0.017848	0.311385	0.000000	0.129344	0.000000	0.000000	0.000000	0.000357
417	0.540676	0.017993	0.311294	0.000000	0.129683	0.000000	0.000000	0.000000	0.000354
418	0.540182	0.018114	0.311061	0.000000	0.130286	0.000000	0.000000	0.000000	0.000357
419	0.539126	0.018205	0.311632	0.000000	0.130672	0.000000	0.000000	0.000000	0.000365
420	0.538887	0.018372	0.311239	0.000000	0.131129	0.000000	0.000000	0.000000	0.000373
421	0.538390	0.018240	0.311478	0.000000	0.131520	0.000000	0.000000	0.000000	0.000372
422	0.537612	0.018163	0.311998	0.000000	0.131827	0.000000	0.000000	0.000000	0.000400
423	0.537504	0.018082	0.311742	0.000000	0.132271	0.000000	0.000000	0.000000	0.000401
424	0.536961	0.018110	0.311627	0.000000	0.132911	0.000000	0.000000	0.000000	0.000391
425	0.536674	0.017925	0.311684	0.000000	0.133337	0.000000	0.000000	0.000000	0.000380
426	0.536947	0.017748	0.311447	0.000000	0.133503	0.000000	0.000000	0.000000	0.000355
427	0.536217	0.017837	0.311374	0.000000	0.134215	0.000000	0.000000	0.000000	0.000357
428	0.536065	0.017676	0.311247	0.000000	0.134657	0.000000	0.000000	0.000000	0.000355
429	0.535257	0.017669	0.311866	0.000000	0.134843	0.000000	0.000000	0.000000	0.000365
430	0.534937	0.017825	0.311732	0.000000	0.135132	0.000000	0.000000	0.000000	0.000374
431	0.534005	0.017780	0.312062	0.000000	0.135763	0.000000	0.000000	0.000000	0.000390
432	0.533889	0.017847	0.311784	0.000000	0.136099	0.000000	0.000000	0.000000	0.000381
433	0.533436	0.017874	0.311920	0.000000	0.136402	0.000000	0.000000	0.000000	0.000368
434	0.533413	0.017725	0.311716	0.000000	0.136757	0.000000	0.000000	0.000000	0.000389
435	0.533823	0.017634	0.311075	0.000000	0.137100	0.000000	0.000000	0.000000	0.000368
436	0.533377	0.017551	0.311241	0.000000	0.137430	0.000000	0.000000	0.000000	0.000401
437	0.532865	0.017488	0.311270	0.000000	0.137999	0.000000	0.000000	0.000000	0.000378
438	0.531859	0.017568	0.311854	0.000000	0.138325	0.000000	0.000000	0.000000	0.000394
439	0.531386	0.017673	0.311755	0.000000	0.138787	0.000000	0.000000	0.000000	0.000399
440	0.530625	0.017717	0.312055	0.000000	0.139198	0.000000	0.000000	0.000000	0.000405
441	0.530702	0.017688	0.311584	0.000000	0.139631	0.000000	0.000000	0.000000	0.000395
442	0.530632	0.017590	0.311368	0.000000	0.140009	0.000000	0.000000	0.000000	0.000401
443	0.530398	0.017618	0.311358	0.000000	0.140210	0.000000	0.000000	0.000000	0.000416
444	0.530059	0.017685	0.311214	0.000000	0.140629	0.000000	0.000000	0.000000	0.000413
445	0.529579	0.017510	0.311386	0.000000	0.141122	0.000000	0.000000	0.000000	0.000403
446	0.529934	0.017316	0.310646	0.000000	0.141712	0.000000	0.000000	0.000000	0.000392
447	0.529453	0.017444	0.310802	0.000000	0.141897	0.000000	0.000000	0.000000	0.000404
448	0.529159	0.017369	0.310817	0.000000	0.142250	0.000000	0.000000	0.000000	0.000405
449	0.529454	0.017263	0.310548	0.000000	0.142299	0.000000	0.000000	0.000000	0.000436
450	0.529081	0.017278	0.310683	0.000000	0.142553	0.000000	0.000000	0.000000	0.000405
451	0.529164	0.017210	0.310363	0.000000	0.142877	0.000000	0.000000	0.000000	0.000386
452	0.529424	0.017176	0.309740	0.000000	0.143274	0.000000	0.000000	0.000000	0.000386
453	0.528807	0.017204	0.309749	0.000000	0.143873	0.000000	0.000000	0.000000	0.000367
454	0.528295	0.017036	0.310004	0.000000	0.144334	0.000000	0.000000	0.000000	0.000331
455	0.528502	0.017175	0.309548	0.000000	0.144432	0.000000	0.000000	0.000000	0.000343
456	0.528389	0.017123	0.309455	0.000000	0.144699	0.000000	0.000000	0.000000	0.000334
457	0.528414	0.017238	0.308966	0.000000	0.145032	0.000000	0.000000	0.000000	0.000350
458	0.527933	0.016982	0.309400	0.000000	0.145351	0.000000	0.000000	0.000000	0.000334
459	0.527838	0.016949	0.309259	0.000000	0.145607	0.000000	0.000000	0.000000	0.000347
460	0.527383	0.016964	0.309257	0.000000	0.146058	0.000000	0.000000	0.000000	0.000338
461	0.526604	0.017024	0.309482	0.000000	0.146510	0.000000	0.000000	0.000000	0.000380
462	0.526155	0.017050	0.309678	0.000000	0.146753	0.000000	0.000000	0.000000	0.000364
463	0.526710	0.016954	0.308859	0.000000	0.147123	0.000000	0.000000	0.000000	0.000354
464	0.526187	0.016748	0.309205	0.000000	0.147503	0.000000	0.000000	0.000000	0.000357
465	0.526013	0.016945	0.308637	0.000000	0.148037	0.000000	0.000000	0.000000	0.000368
466	0.525333	0.016884	0.308991	0.000000	0.148442	0.000000	0.000000	0.000000	0.000350
467	0.524446	0.016872	0.309405	0.000000	0.148930	0.000000	0.000000	0.000000	0.000347
468	0.524253	0.016915	0.309171	0.000000	0.149336	0.000000	0.000000	0.000000	0.000325
469	0.523653	0.016860	0.309534	0.000000	0.149636	0.000000	0.000000	0.000000	0.000317
470	0.523290	0.016817	0.309362	0.000000	0.150210	0.000000	0.000000	0.000000	0.000321
