0	0.290663	0.057897	0.229473	0.157588	0.029913	0.111872	0.085455	0.012259	0.024880
1	0.231735	0.048003	0.201408	0.147533	0.030331	0.127277	0.108079	0.021192	0.084442
2	0.232335	0.047626	0.200192	0.149451	0.032245	0.128945	0.100857	0.020215	0.088134
3	0.238218	0.047609	0.199975	0.151456	0.034303	0.128612	0.092588	0.018056	0.089183
4	0.244693	0.047622	0.199776	0.154021	0.036636	0.127359	0.084367	0.016340	0.089186
5	0.251649	0.047550	0.200089	0.155219	0.038979	0.124922	0.077006	0.014645	0.089941
6	0.258139	0.046794	0.199263	0.157138	0.041081	0.122966	0.070579	0.013231	0.090809
7	0.264264	0.046301	0.198718	0.158439	0.043864	0.120551	0.065023	0.011668	0.091172
8	0.270841	0.045620	0.197648	0.159553	0.046282	0.118244	0.059169	0.010697	0.091946
9	0.277123	0.044882	0.196934	0.160346	0.048842	0.115431	0.054268	0.009589	0.092585
10	0.282079	0.044118	0.195668	0.161094	0.051667	0.113146	0.049657	0.008690	0.093881
11	0.287561	0.043438	0.193576	0.161610	0.054367	0.110280	0.046306	0.007883	0.094979
12	0.292797	0.042725	0.191774	0.161784	0.056972	0.107888	0.042631	0.007245	0.096184
13	0.297305	0.041862	0.190473	0.162023	0.059807	0.105138	0.039509	0.006538	0.097345
14	0.301889	0.041225	0.188428	0.161819	0.063230	0.102583	0.036627	0.005885	0.098314
15	0.305821	0.040656	0.185770	0.162276	0.066689	0.100304	0.033749	0.005412	0.099323
16	0.310133	0.039502	0.184120	0.162351	0.070081	0.098032	0.031258	0.004963	0.099560
17	0.314512	0.038566	0.181409	0.162329	0.073383	0.095298	0.029399	0.004571	0.100533
18	0.318166	0.037424	0.179813	0.162694	0.077043	0.092665	0.027042	0.004191	0.100962
19	0.322274	0.036247	0.177550	0.162377	0.080676	0.090484	0.025148	0.003776	0.101468
20	0.326058	0.035319	0.174968	0.162207	0.084627	0.087862	0.023516	0.003480	0.101963
21	0.329359	0.034314	0.172546	0.162723	0.088383	0.085232	0.021713	0.003064	0.102666
22	0.332729	0.033141	0.170316	0.162796	0.092031	0.083063	0.019995	0.002833	0.103096
23	0.335965	0.031886	0.167574	0.162268	0.096319	0.081139	0.018738	0.002633	0.103478
24	0.339133	0.030799	0.165661	0.162166	0.100315	0.079009	0.017442	0.002424	0.103051
25	0.342250	0.030007	0.163022	0.161520	0.104310	0.077674	0.016212	0.002238	0.102767
26	0.344836	0.029178	0.160343	0.161498	0.108588	0.075234	0.015253	0.002090	0.102980
27	0.347393	0.028299	0.157404	0.161231	0.113354	0.073533	0.014039	0.001918	0.102829
28	0.349753	0.027424	0.155056	0.161055	0.117764	0.071783	0.013150	0.001713	0.102302
29	0.351719	0.026696	0.152628	0.161283	0.122126	0.070056	0.012350	0.001580	0.101562
30	0.354020	0.025847	0.149998	0.160699	0.126807	0.068112	0.011424	0.001451	0.101642
31	0.356482	0.024909	0.147235	0.160446	0.131505	0.066489	0.010537	0.001386	0.101011
32	0.358667	0.023995	0.144902	0.160121	0.136442	0.064962	0.009764	0.001201	0.099946
33	0.360550	0.023033	0.141806	0.160002	0.141545	0.063521	0.009116	0.001066	0.099361
34	0.362095	0.022442	0.139077	0.159979	0.146681	0.061808	0.008364	0.000987	0.098567
35	0.363560	0.021320	0.136964	0.159037	0.152471	0.060510	0.007843	0.000864	0.097431
36	0.365332	0.020712	0.134159	0.159425	0.157673	0.058846	0.007306	0.000792	0.095755
37	0.366222	0.019892	0.131805	0.159326	0.163559	0.057482	0.006690	0.000726	0.094298
38	0.367630	0.019154	0.128695	0.158847	0.169481	0.056281	0.006217	0.000635	0.093060
39	0.368610	0.018368	0.125628	0.159017	0.175177	0.055319	0.005658	0.000603	0.091620
40	0.368743	0.017887	0.123078	0.159587	0.180795	0.054077	0.005375	0.000534	0.089924
41	0.369563	0.017376	0.120903	0.159239	0.186610	0.052683	0.004875	0.000476	0.088275
42	0.369507	0.016715	0.118582	0.159247	0.192848	0.051402	0.004453	0.000432	0.086814
43	0.369473	0.016104	0.116688	0.159150	0.199336	0.050257	0.004089	0.000412	0.084491
44	0.369394	0.015741	0.114319	0.159404	0.205209	0.049158	0.003775	0.000369	0.082631
45	0.369759	0.015102	0.112193	0.159167	0.211466	0.048063	0.003363	0.000316	0.080571
46	0.369447	0.014591	0.109899	0.158754	0.217746	0.047475	0.003124	0.000337	0.078627
47	0.368780	0.014170	0.107603	0.159141	0.224480	0.046300	0.002860	0.000299	0.076367
48	0.368707	0.013555	0.104941	0.159021	0.231186	0.045692	0.002538	0.000267	0.074093
49	0.367763	0.013034	0.102470	0.159268	0.238114	0.045172	0.002352	0.000237	0.071590
50	0.367216	0.012613	0.100260	0.159045	0.244476	0.044551	0.002111	0.000196	0.069532
51	0.365998	0.012153	0.097642	0.159095	0.251532	0.043974	0.001908	0.000205	0.067493
52	0.364861	0.011732	0.095465	0.158712	0.259080	0.043231	0.001710	0.000164	0.065045
53	0.363584	0.011155	0.093592	0.158575	0.266206	0.042529	0.001542	0.000153	0.062664
54	0.362298	0.010810	0.091515	0.158603	0.272843	0.041936	0.001367	0.000149	0.060479
55	0.360276	0.010421	0.089312	0.158942	0.279921	0.041209	0.001273	0.000140	0.058506
56	0.357920	0.009936	0.087371	0.159051	0.287667	0.040387	0.001150	0.000134	0.056384
57	0.356210	0.009417	0.084940	0.159793	0.294151	0.040175	0.000971	0.000105	0.054238
58	0.353627	0.009126	0.083241	0.158869	0.302407	0.039426	0.000904	0.000110	0.052290
59	0.351250	0.008857	0.081146	0.158852	0.309543	0.038948	0.000861	0.000086	0.050457
60	0.348450	0.008396	0.079166	0.159132	0.317376	0.038260	0.000789	0.000093	0.048338
61	0.345713	0.008021	0.077234	0.158858	0.324981	0.037907	0.000722	0.000071	0.046493
62	0.343180	0.007690	0.075114	0.159180	0.332228	0.037463	0.000666	0.000062	0.044417
63	0.339884	0.007337	0.072943	0.159883	0.340021	0.036832	0.000554	0.000066	0.042480
64	0.336427	0.006956	0.071107	0.159915	0.347996	0.036564	0.000506	0.000054	0.040475
65	0.332409	0.006712	0.069426	0.159848	0.356007	0.036178	0.000441	0.000039	0.038940
66	0.328876	0.006248	0.067571	0.160323	0.363392	0.035789	0.000403	0.000034	0.037364
67	0.324609	0.006022	0.066094	0.160873	0.370948	0.035244	0.000358	0.000038	0.035814
68	0.321094	0.005732	0.064240	0.160911	0.378522	0.035037	0.000352	0.000027	0.034085
69	0.316366	0.005385	0.063108	0.161045	0.386165	0.034997	0.000289	0.000017	0.032628
70	0.312105	0.005187	0.061309	0.161441	0.394099	0.034581	0.000261	0.000015	0.031002
71	0.307599	0.004940	0.059613	0.161452	0.402151	0.034474	0.000243	0.000009	0.029519
72	0.303381	0.004663	0.058267	0.161645	0.409742	0.034084	0.000211	0.000014	0.027993
73	0.298144	0.004427	0.056785	0.162085	0.417670	0.034031	0.000197	0.000009	0.026652
74	0.293675	0.004284	0.055294	0.162268	0.425477	0.033542	0.000170	0.000013	0.025277
75	0.288764	0.004058	0.053624	0.162996	0.432975	0.033636	0.000168	0.000012	0.023767
76	0.284285	0.003788	0.051992	0.163366	0.440557	0.033332	0.000128	0.000011	0.022541
77	0.279464	0.003628	0.050189	0.164026	0.448108	0.033033	0.000128	0.000009	0.021415
78	0.274061	0.003497	0.048800	0.164830	0.455342	0.032999	0.000110	0.000013	0.020348
79	0.268965	0.003214	0.047728	0.165286	0.462948	0.032591	0.000097	0.000009	0.019162
80	0.263709	0.002992	0.046151	0.165795	0.470674	0.032602	0.000088	0.000015	0.017974
81	0.258323	0.002840	0.045023	0.166203	0.478291	0.032324	0.000073	0.000015	0.016908
82	0.253898	0.002676	0.043624	0.166373	0.485510	0.032038	0.000074	0.000016	0.015791
83	0.248664	0.002533	0.042058	0.166593	0.493416	0.031792	0.000055	0.000017	0.014872
84	0.243807	0.002453	0.040742	0.166977	0.500007	0.032029	0.000042	0.000014	0.013929
85	0.238273	0.002236	0.039667	0.167712	0.507235	0.031845	0.000032	0.000015	0.012985
86	0.232782	0.002161	0.038502	0.168165	0.514525	0.031697	0.000028	0.000015	0.012125
87	0.227301	0.002081	0.037484	0.168656	0.521665	0.031455	0.000020	0.000009	0.011329
88	0.222360	0.001956	0.035971	0.168591	0.528954	0.031595	0.000019	0.000010	0.010544
89	0.216991	0.001866	0.034724	0.169160	0.535663	0.031674	0.000015	0.000012	0.009895
90	0.211824	0.001784	0.033386	0.169408	0.542641	0.031653	0.000016	0.000010	0.009278
91	0.206608	0.001716	0.032552	0.169390	0.549740	0.031418	0.000009	0.000013	0.008554
92	0.201534	0.001627	0.031426	0.169785	0.556311	0.031343	0.000010	0.000009	0.007955
93	0.196421	0.001534	0.030611	0.170458	0.562318	0.031109	0.000013	0.000011	0.007525
94	0.190784	0.001437	0.029606	0.171372	0.568790	0.030927	0.000009	0.000012	0.007063
95	0.185634	0.001367	0.029012	0.172278	0.574187	0.030987	0.000005	0.000014	0.006516
96	0.180439	0.001298	0.028200	0.172982	0.580092	0.030871	0.000007	0.000013	0.006098
97	0.175146	0.001212	0.027220	0.173263	0.586367	0.031039	0.000006	0.000020	0.005727
98	0.170195	0.001152	0.026210	0.173711	0.592562	0.030769	0.000006	0.000026	0.005369
99	0.165199	0.001115	0.025212	0.174217	0.598561	0.030650	0.000003	0.000020	0.005023
100	0.159877	0.001064	0.024459	0.174607	0.604658	0.030716	0.000004	0.000020	0.004595
101	0.154922	0.001036	0.023654	0.175130	0.610396	0.030543	0.000002	0.000017	0.004300
102	0.150409	0.000966	0.022671	0.175657	0.615218	0.030973	0.000003	0.000018	0.004085
103	0.145510	0.000917	0.022021	0.175915	0.620860	0.030869	0.000003	0.000009	0.003896
104	0.141060	0.000805	0.021024	0.176363	0.626338	0.030742	0.000002	0.000008	0.003658
105	0.136475	0.000788	0.020217	0.176546	0.631816	0.030739	0.000000	0.000005	0.003414
106	0.132058	0.000717	0.019529	0.177322	0.636373	0.030903	0.000002	0.000007	0.003089
107	0.127675	0.000665	0.018843	0.177797	0.641174	0.030940	0.000002	0.000005	0.002899
108	0.123175	0.000652	0.018163	0.177754	0.646559	0.031003	0.000002	0.000007	0.002685
109	0.118588	0.000619	0.017473	0.178143	0.651616	0.031064	0.000001	0.000002	0.002494
110	0.114669	0.000585	0.016842	0.178931	0.655859	0.030824	0.000001	0.000001	0.002288
111	0.110770	0.000476	0.016289	0.179152	0.660361	0.030786	0.000001	0.000000	0.002165
112	0.106391	0.000436	0.015833	0.179871	0.664915	0.030515	0.000000	0.000000	0.002039
113	0.102485	0.000396	0.015357	0.179933	0.669583	0.030443	0.000000	0.000000	0.001803
114	0.098967	0.000367	0.014653	0.180378	0.673421	0.030524	0.000000	0.000000	0.001690
115	0.095175	0.000331	0.014212	0.180891	0.677292	0.030452	0.000000	0.000000	0.001647
116	0.091583	0.000301	0.013741	0.181264	0.681201	0.030397	0.000000	0.000000	0.001513
117	0.087889	0.000272	0.013060	0.181558	0.685373	0.030451	0.000000	0.000000	0.001397
118	0.084556	0.000260	0.012509	0.181738	0.689202	0.030417	0.000000	0.000000	0.001318
119	0.081172	0.000231	0.012008	0.181597	0.693301	0.030465	0.000000	0.000000	0.001226
120	0.077837	0.000198	0.011464	0.181881	0.696962	0.030559	0.000000	0.000000	0.001099
121	0.074389	0.000189	0.011042	0.181918	0.700951	0.030523	0.000000	0.000000	0.000988
122	0.071185	0.000166	0.010675	0.182064	0.704423	0.030537	0.000000	0.000000	0.000950
123	0.068272	0.000161	0.010216	0.182285	0.707564	0.030615	0.000000	0.000000	0.000887
124	0.065337	0.000135	0.009783	0.182729	0.710767	0.030434	0.000000	0.000000	0.000815
125	0.062651	0.000148	0.009249	0.183460	0.713386	0.030336	0.000000	0.000000	0.000770
126	0.059782	0.000115	0.008889	0.183581	0.716581	0.030336	0.000000	0.000000	0.000716
127	0.057119	0.000099	0.008530	0.183779	0.719246	0.030568	0.000000	0.000000	0.000659
128	0.054666	0.000096	0.008195	0.184123	0.721895	0.030419	0.000000	0.000000	0.000606
129	0.052117	0.000082	0.007751	0.184304	0.724752	0.030424	0.000000	0.000000	0.000570
130	0.049814	0.000072	0.007363	0.184767	0.727016	0.030459	0.000000	0.000000	0.000509
131	0.047582	0.000064	0.007026	0.184367	0.730039	0.030400	0.000000	0.000000	0.000522
132	0.045043	0.000062	0.006600	0.184270	0.733153	0.030409	0.000000	0.000000	0.000463
133	0.043032	0.000055	0.006358	0.184242	0.735199	0.030685	0.000000	0.000000	0.000429
134	0.040862	0.000051	0.006058	0.184554	0.737572	0.030486	0.000000	0.000000	0.000417
135	0.038806	0.000033	0.005733	0.184801	0.739836	0.030418	0.000000	0.000000	0.000373
136	0.037066	0.000025	0.005475	0.184521	0.742284	0.030276	0.000000	0.000000	0.000353
137	0.035420	0.000026	0.005257	0.184954	0.743548	0.030472	0.000000	0.000000	0.000323
138	0.033527	0.000028	0.005044	0.185551	0.745111	0.030448	0.000000	0.000000	0.000291
139	0.031852	0.000025	0.004756	0.184877	0.747899	0.030315	0.000000	0.000000	0.000276
140	0.030107	0.000022	0.004552	0.185571	0.749234	0.030274	0.000000	0.000000	0.000240
141	0.028598	0.000018	0.004236	0.185834	0.751084	0.029979	0.000000	0.000000	0.000251
142	0.027074	0.000020	0.004044	0.186350	0.752630	0.029651	0.000000	0.000000	0.000231
143	0.025762	0.000019	0.003939	0.186857	0.753529	0.029672	0.000000	0.000000	0.000222
144	0.024569	0.000011	0.003730	0.186518	0.755200	0.029767	0.000000	0.000000	0.000205
145	0.023284	0.000009	0.003482	0.187161	0.755996	0.029867	0.000000	0.000000	0.000201
146	0.021961	0.000009	0.003422	0.187473	0.757044	0.029875	0.000000	0.000000	0.000216
147	0.020588	0.000010	0.003278	0.187979	0.758039	0.029909	0.000000	0.000000	0.000197
148	0.019309	0.000009	0.003184	0.187704	0.759616	0.029994	0.000000	0.000000	0.000184
149	0.017969	0.000015	0.003095	0.188323	0.760448	0.029971	0.000000	0.000000	0.000179
150	0.016853	0.000011	0.002902	0.188560	0.761443	0.030062	0.000000	0.000000	0.000169
151	0.015966	0.000011	0.002779	0.188375	0.762674	0.030024	0.000000	0.000000	0.000171
152	0.015350	0.000012	0.002635	0.188514	0.763256	0.030061	0.000000	0.000000	0.000172
153	0.014498	0.000012	0.002512	0.188817	0.763637	0.030337	0.000000	0.000000	0.000187
154	0.013618	0.000008	0.002408	0.189075	0.764529	0.030200	0.000000	0.000000	0.000162
155	0.012761	0.000005	0.002270	0.189276	0.765525	0.029998	0.000000	0.000000	0.000165
156	0.011948	0.000006	0.002198	0.189692	0.765763	0.030220	0.000000	0.000000	0.000173
157	0.011231	0.000007	0.002175	0.189947	0.766280	0.030215	0.000000	0.000000	0.000145
158	0.010633	0.000007	0.002006	0.189899	0.767158	0.030172	0.000000	0.000000	0.000125
159	0.010038	0.000010	0.001877	0.189030	0.768487	0.030438	0.000000	0.000000	0.000120
160	0.009483	0.000009	0.001772	0.188966	0.769097	0.030554	0.000000	0.000000	0.000119
161	0.008918	0.000011	0.001644	0.189458	0.769206	0.030652	0.000000	0.000000	0.000111
162	0.008291	0.000007	0.001532	0.189701	0.769529	0.030839	0.000000	0.000000	0.000101
163	0.007722	0.000012	0.001461	0.190146	0.769758	0.030802	0.000000	0.000000	0.000099
164	0.007218	0.000014	0.001376	0.189992	0.770530	0.030763	0.000000	0.000000	0.000107
165	0.007043	0.000008	0.001282	0.189760	0.771308	0.030505	0.000000	0.000000	0.000094
166	0.006602	0.000006	0.001231	0.190140	0.771454	0.030478	0.000000	0.000000	0.000089
167	0.006232	0.000007	0.001076	0.190034	0.772177	0.030390	0.000000	0.000000	0.000084
168	0.005824	0.000003	0.000997	0.190532	0.772021	0.030538	0.000000	0.000000	0.000085
169	0.005457	0.000005	0.000912	0.191187	0.771984	0.030373	0.000000	0.000000	0.000082
170	0.005144	0.000003	0.000854	0.191432	0.772027	0.030467	0.000000	0.000000	0.000073
171	0.004878	0.000006	0.000817	0.190440	0.773135	0.030651	0.000000	0.000000	0.000073
172	0.004627	0.000008	0.000772	0.190335	0.773542	0.030642	0.000000	0.000000	0.000074
173	0.004432	0.000005	0.000723	0.190365	0.773693	0.030710	0.000000	0.000000	0.000072
174	0.004222	0.000005	0.000719	0.190148	0.773840	0.031003	0.000000	0.000000	0.000063
175	0.004034	0.000002	0.000707	0.190364	0.773990	0.030852	0.000000	0.000000	0.000051
176	0.003839	0.000002	0.000679	0.190371	0.774268	0.030801	0.000000	0.000000	0.000040
177	0.003626	0.000001	0.000627	0.189881	0.774989	0.030834	0.000000	0.000000	0.000042
178	0.003382	0.000001	0.000612	0.189975	0.775079	0.030910	0.000000	0.000000	0.000041
179	0.003233	0.000001	0.000562	0.189936	0.775259	0.030966	0.000000	0.000000	0.000043
180	0.003036	0.000000	0.000549	0.189995	0.775565	0.030816	0.000000	0.000000	0.000039
181	0.002859	0.000000	0.000493	0.189635	0.776101	0.030872	0.000000	0.000000	0.000040
182	0.002654	0.000000	0.000482	0.189618	0.776249	0.030955	0.000000	0.000000	0.000042
183	0.002594	0.000000	0.000464	0.189150	0.776795	0.030958	0.000000	0.000000	0.000039
184	0.002458	0.000000	0.000444	0.189064	0.776948	0.031038	0.000000	0.000000	0.000048
185	0.002339	0.000000	0.000430	0.189192	0.776822	0.031162	0.000000	0.000000	0.000055
186	0.002163	0.000000	0.000408	0.189107	0.777201	0.031069	0.000000	0.000000	0.000052
187	0.002051	0.000000	0.000401	0.189183	0.777246	0.031076	0.000000	0.000000	0.000043
188	0.001941	0.000000	0.000398	0.189089	0.777440	0.031096	0.000000	0.000000	0.000036
189	0.001857	0.000000	0.000368	0.189409	0.777161	0.031177	0.000000	0.000000	0.000028
190	0.001702	0.000000	0.000359	0.189873	0.776793	0.031247	0.000000	0.000000	0.000026
191	0.001581	0.000000	0.000319	0.189750	0.777213	0.031107	0.000000	0.000000	0.000030
192	0.001509	0.000000	0.000301	0.189205	0.777967	0.030988	0.000000	0.000000	0.000030
193	0.001443	0.000000	0.000268	0.189159	0.778030	0.031070	0.000000	0.000000	0.000030
194	0.001364	0.000000	0.000267	0.189279	0.777946	0.031114	0.000000	0.000000	0.000030
195	0.001313	0.000000	0.000266	0.189155	0.778499	0.030734	0.000000	0.000000	0.000033
196	0.001260	0.000000	0.000252	0.189298	0.778228	0.030937	0.000000	0.000000	0.000025
197	0.001194	0.000000	0.000233	0.189113	0.778552	0.030881	0.000000	0.000000	0.000027
198	0.001149	0.000000	0.000217	0.189330	0.778487	0.030789	0.000000	0.000000	0.000028
199	0.001173	0.000000	0.000191	0.188943	0.778814	0.030854	0.000000	0.000000	0.000025
200	0.001129	0.000000	0.000194	0.189186	0.778510	0.030960	0.000000	0.000000	0.000021
201	0.001063	0.000000	0.000193	0.189053	0.778636	0.031038	0.000000	0.000000	0.000017
202	0.001042	0.000000	0.000162	0.189111	0.778783	0.030890	0.000000	0.000000	0.000012
203	0.001006	0.000000	0.000177	0.189025	0.778767	0.031013	0.000000	0.000000	0.000012
204	0.000952	0.000000	0.000199	0.188822	0.779247	0.030771	0.000000	0.000000	0.000009
205	0.000901	0.000000	0.000203	0.188311	0.779996	0.030583	0.000000	0.000000	0.000006
206	0.000852	0.000000	0.000184	0.188425	0.779690	0.030848	0.000000	0.000000	0.000001
207	0.000773	0.000000	0.000176	0.188307	0.779738	0.031004	0.000000	0.000000	0.000002
208	0.000761	0.000000	0.000167	0.187567	0.780546	0.030958	0.000000	0.000000	0.000001
209	0.000743	0.000000	0.000155	0.187459	0.780710	0.030933	0.000000	0.000000	0.000000
210	0.000723	0.000000	0.000152	0.187061	0.781179	0.030885	0.000000	0.000000	0.000000
211	0.000692	0.000000	0.000139	0.187237	0.781139	0.030793	0.000000	0.000000	0.000000
212	0.000638	0.000000	0.000135	0.187132	0.781144	0.030951	0.000000	0.000000	0.000000
213	0.000629	0.000000	0.000133	0.187248	0.781032	0.030958	0.000000	0.000000	0.000000
214	0.000597	0.000000	0.000113	0.187297	0.781002	0.030991	0.000000	0.000000	0.000000
215	0.000600	0.000000	0.000113	0.186859	0.781715	0.030713	0.000000	0.000000	0.000000
216	0.000580	0.000000	0.000106	0.187256	0.781153	0.030905	0.000000	0.000000	0.000000
217	0.000570	0.000000	0.000107	0.187022	0.781337	0.030964	0.000000	0.000000	0.000000
218	0.000567	0.000000	0.000100	0.186736	0.781431	0.031166	0.000000	0.000000	0.000000
219	0.000570	0.000000	0.000110	0.186903	0.781277	0.031140	0.000000	0.000000	0.000000
220	0.000573	0.000000	0.000117	0.186915	0.781407	0.030988	0.000000	0.000000	0.000000
221	0.000530	0.000000	0.000109	0.186435	0.781748	0.031178	0.000000	0.000000	0.000000
222	0.000480	0.000000	0.000102	0.186248	0.781771	0.031399	0.000000	0.000000	0.000000
223	0.000462	0.000000	0.000100	0.186585	0.781777	0.031076	0.000000	0.000000	0.000000
224	0.000463	0.000000	0.000100	0.186850	0.781482	0.031105	0.000000	0.000000	0.000000
225	0.000452	0.000000	0.000097	0.185910	0.782350	0.031191	0.000000	0.000000	0.000000
226	0.000455	0.000000	0.000090	0.185866	0.782197	0.031392	0.000000	0.000000	0.000000
227	0.000445	0.000000	0.000078	0.185854	0.782173	0.031450	0.000000	0.000000	0.000000
228	0.000444	0.000000	0.000075	0.185429	0.782654	0.031398	0.000000	0.000000	0.000000
229	0.000420	0.000000	0.000072	0.185357	0.782912	0.031239	0.000000	0.000000	0.000000
230	0.000412	0.000000	0.000060	0.185532	0.782872	0.031124	0.000000	0.000000	0.000000
231	0.000403	0.000000	0.000068	0.185640	0.782720	0.031169	0.000000	0.000000	0.000000
232	0.000388	0.000000	0.000067	0.185191	0.783172	0.031182	0.000000	0.000000	0.000000
233	0.000398	0.000000	0.000073	0.185125	0.783279	0.031125	0.000000	0.000000	0.000000
234	0.000407	0.000000	0.000067	0.184863	0.783434	0.031229	0.000000	0.000000	0.000000
235	0.000376	0.000000	0.000065	0.184264	0.783985	0.031310	0.000000	0.000000	0.000000
236	0.000382	0.000000	0.000057	0.184823	0.783652	0.031086	0.000000	0.000000	0.000000
237	0.000369	0.000000	0.000057	0.184568	0.783817	0.031189	0.000000	0.000000	0.000000
238	0.000376	0.000000	0.000055	0.184153	0.784350	0.031066	0.000000	0.000000	0.000000
239	0.000365	0.000000	0.000059	0.184252	0.784150	0.031174	0.000000	0.000000	0.000000
240	0.000353	0.000000	0.000061	0.183575	0.784874	0.031137	0.000000	0.000000	0.000000
241	0.000344	0.000000	0.000056	0.183719	0.784915	0.030966	0.000000	0.000000	0.000000
242	0.000318	0.000000	0.000049	0.183576	0.785026	0.031031	0.000000	0.000000	0.000000
243	0.000307	0.000000	0.000052	0.183292	0.785174	0.031175	0.000000	0.000000	0.000000
244	0.000310	0.000000	0.000047	0.183528	0.784886	0.031229	0.000000	0.000000	0.000000
245	0.000284	0.000000	0.000044	0.183081	0.785244	0.031347	0.000000	0.000000	0.000000
246	0.000291	0.000000	0.000043	0.183451	0.784764	0.031451	0.000000	0.000000	0.000000
247	0.000277	0.000000	0.000043	0.183925	0.784380	0.031375	0.000000	0.000000	0.000000
248	0.000249	0.000000	0.000044	0.183605	0.784571	0.031531	0.000000	0.000000	0.000000
249	0.000244	0.000000	0.000045	0.183298	0.785050	0.031363	0.000000	0.000000	0.000000
250	0.000214	0.000000	0.000042	0.183244	0.785026	0.031474	0.000000	0.000000	0.000000
251	0.000192	0.000000	0.000050	0.183355	0.784887	0.031516	0.000000	0.000000	0.000000
252	0.000194	0.000000	0.000048	0.183403	0.785020	0.031335	0.000000	0.000000	0.000000
253	0.000184	0.000000	0.000042	0.183484	0.785102	0.031188	0.000000	0.000000	0.000000
254	0.000199	0.000000	0.000040	0.183549	0.784966	0.031246	0.000000	0.000000	0.000000
255	0.000188	0.000000	0.000033	0.183797	0.784550	0.031432	0.000000	0.000000	0.000000
256	0.000191	0.000000	0.000040	0.183671	0.784612	0.031486	0.000000	0.000000	0.000000
257	0.000169	0.000000	0.000040	0.183856	0.784562	0.031373	0.000000	0.000000	0.000000
258	0.000172	0.000000	0.000036	0.183252	0.785109	0.031431	0.000000	0.000000	0.000000
259	0.000147	0.000000	0.000037	0.183611	0.784782	0.031423	0.000000	0.000000	0.000000
260	0.000142	0.000000	0.000036	0.183928	0.784357	0.031537	0.000000	0.000000	0.000000
261	0.000140	0.000000	0.000032	0.184288	0.784453	0.031087	0.000000	0.000000	0.000000
262	0.000125	0.000000	0.000029	0.184233	0.784626	0.030987	0.000000	0.000000	0.000000
263	0.000107	0.000000	0.000029	0.184444	0.784353	0.031067	0.000000	0.000000	0.000000
264	0.000119	0.000000	0.000024	0.184717	0.783842	0.031298	0.000000	0.000000	0.000000
265	0.000115	0.000000	0.000026	0.184439	0.784107	0.031313	0.000000	0.000000	0.000000
266	0.000101	0.000000	0.000020	0.184047	0.784619	0.031213	0.000000	0.000000	0.000000
267	0.000096	0.000000	0.000021	0.184042	0.784816	0.031025	0.000000	0.000000	0.000000
268	0.000072	0.000000	0.000018	0.184025	0.784733	0.031152	0.000000	0.000000	0.000000
269	0.000065	0.000000	0.000027	0.184460	0.784297	0.031151	0.000000	0.000000	0.000000
270	0.000057	0.000000	0.000029	0.184461	0.784182	0.031271	0.000000	0.000000	0.000000
271	0.000059	0.000000	0.000028	0.184044	0.784510	0.031359	0.000000	0.000000	0.000000
272	0.000063	0.000000	0.000029	0.184281	0.784446	0.031181	0.000000	0.000000	0.000000
273	0.000063	0.000000	0.000022	0.184257	0.784506	0.031152	0.000000	0.000000	0.000000
274	0.000062	0.000000	0.000020	0.183709	0.784854	0.031355	0.000000	0.000000	0.000000
275	0.000062	0.000000	0.000020	0.183904	0.784678	0.031336	0.000000	0.000000	0.000000
276	0.000068	0.000000	0.000012	0.183812	0.784618	0.031490	0.000000	0.000000	0.000000
277	0.000067	0.000000	0.000012	0.184218	0.784432	0.031271	0.000000	0.000000	0.000000
278	0.000063	0.000000	0.000010	0.183826	0.784988	0.031113	0.000000	0.000000	0.000000
279	0.000063	0.000000	0.000010	0.183930	0.784901	0.031096	0.000000	0.000000	0.000000
280	0.000066	0.000000	0.000007	0.184260	0.784363	0.031304	0.000000	0.000000	0.000000
281	0.000058	0.000000	0.000008	0.184041	0.784572	0.031321	0.000000	0.000000	0.000000
282	0.000057	0.000000	0.000008	0.184097	0.784586	0.031252	0.000000	0.000000	0.000000
283	0.000050	0.000000	0.000006	0.184585	0.784232	0.031127	0.000000	0.000000	0.000000
284	0.000050	0.000000	0.000004	0.185039	0.784021	0.030886	0.000000	0.000000	0.000000
285	0.000054	0.000000	0.000004	0.184767	0.784297	0.030878	0.000000	0.000000	0.000000
286	0.000055	0.000000	0.000006	0.184868	0.784122	0.030949	0.000000	0.000000	0.000000
287	0.000051	0.000000	0.000007	0.184669	0.784398	0.030875	0.000000	0.000000	0.000000
288	0.000044	0.000000	0.000006	0.184778	0.784109	0.031063	0.000000	0.000000	0.000000
289	0.000052	0.000000	0.000004	0.184196	0.784648	0.031100	0.000000	0.000000	0.000000
290	0.000049	0.000000	0.000002	0.184291	0.784734	0.030924	0.000000	0.000000	0.000000
291	0.000057	0.000000	0.000001	0.183756	0.785058	0.031128	0.000000	0.000000	0.000000
292	0.000054	0.000000	0.000001	0.183854	0.784920	0.031171	0.000000	0.000000	0.000000
293	0.000055	0.000000	0.000001	0.184348	0.784584	0.031012	0.000000	0.000000	0.000000
294	0.000057	0.000000	0.000000	0.184633	0.783925	0.031385	0.000000	0.000000	0.000000
295	0.000053	0.000000	0.000000	0.184590	0.783674	0.031683	0.000000	0.000000	0.000000
296	0.000041	0.000000	0.000000	0.184141	0.784138	0.031680	0.000000	0.000000	0.000000
297	0.000051	0.000000	0.000000	0.184330	0.784041	0.031578	0.000000	0.000000	0.000000
298	0.000046	0.000000	0.000000	0.184752	0.783709	0.031493	0.000000	0.000000	0.000000
299	0.000049	0.000000	0.000000	0.184500	0.783833	0.031618	0.000000	0.000000	0.000000
300	0.000050	0.000000	0.000000	0.184136	0.784259	0.031555	0.000000	0.000000	0.000000
301	0.000049	0.000000	0.000000	0.183769	0.784732	0.031450	0.000000	0.000000	0.000000
302	0.000046	0.000000	0.000000	0.183953	0.784566	0.031435	0.000000	0.000000	0.000000
303	0.000054	0.000000	0.000000	0.183691	0.784936	0.031319	0.000000	0.000000	0.000000
304	0.000049	0.000000	0.000000	0.183503	0.784974	0.031474	0.000000	0.000000	0.000000
305	0.000049	0.000000	0.000000	0.183104	0.785371	0.031476	0.000000	0.000000	0.000000
306	0.000050	0.000000	0.000000	0.182678	0.785712	0.031560	0.000000	0.000000	0.000000
307	0.000046	0.000000	0.000000	0.182763	0.785738	0.031453	0.000000	0.000000	0.000000
308	0.000046	0.000000	0.000000	0.182948	0.785681	0.031325	0.000000	0.000000	0.000000
309	0.000039	0.000000	0.000000	0.183116	0.785740	0.031105	0.000000	0.000000	0.000000
310	0.000042	0.000000	0.000000	0.183255	0.785648	0.031055	0.000000	0.000000	0.000000
311	0.000044	0.000000	0.000000	0.183412	0.785532	0.031012	0.000000	0.000000	0.000000
312	0.000039	0.000000	0.000000	0.183732	0.785195	0.031034	0.000000	0.000000	0.000000
313	0.000034	0.000000	0.000000	0.183460	0.785684	0.030822	0.000000	0.000000	0.000000
314	0.000037	0.000000	0.000000	0.183403	0.785779	0.030781	0.000000	0.000000	0.000000
315	0.000039	0.000000	0.000000	0.183038	0.786006	0.030917	0.000000	0.000000	0.000000
316	0.000036	0.000000	0.000000	0.183310	0.786001	0.030653	0.000000	0.000000	0.000000
317	0.000035	0.000000	0.000000	0.183178	0.786083	0.030704	0.000000	0.000000	0.000000
318	0.000035	0.000000	0.000000	0.183518	0.785797	0.030650	0.000000	0.000000	0.000000
319	0.000027	0.000000	0.000000	0.183378	0.785895	0.030700	0.000000	0.000000	0.000000
320	0.000024	0.000000	0.000000	0.183046	0.785989	0.030941	0.000000	0.000000	0.000000
321	0.000031	0.000000	0.000000	0.182623	0.786319	0.031027	0.000000	0.000000	0.000000
322	0.000027	0.000000	0.000000	0.182551	0.786410	0.031012	0.000000	0.000000	0.000000
323	0.000035	0.000000	0.000000	0.182678	0.786326	0.030961	0.000000	0.000000	0.000000
324	0.000034	0.000000	0.000000	0.182343	0.786674	0.030949	0.000000	0.000000	0.000000
325	0.000038	0.000000	0.000000	0.182776	0.786315	0.030871	0.000000	0.000000	0.000000
326	0.000043	0.000000	0.000000	0.182872	0.786128	0.030957	0.000000	0.000000	0.000000
327	0.000047	0.000000	0.000000	0.183232	0.785634	0.031087	0.000000	0.000000	0.000000
328	0.000051	0.000000	0.000000	0.183264	0.785646	0.031039	0.000000	0.000000	0.000000
329	0.000049	0.000000	0.000000	0.183499	0.785380	0.031072	0.000000	0.000000	0.000000
330	0.000054	0.000000	0.000000	0.183420	0.785586	0.030940	0.000000	0.000000	0.000000
331	0.000051	0.000000	0.000000	0.183325	0.785669	0.030955	0.000000	0.000000	0.000000
332	0.000047	0.000000	0.000000	0.183446	0.785504	0.031003	0.000000	0.000000	0.000000
333	0.000046	0.000000	0.000000	0.182950	0.786111	0.030893	0.000000	0.000000	0.000000
334	0.000052	0.000000	0.000000	0.182518	0.786405	0.031025	0.000000	0.000000	0.000000
335	0.000051	0.000000	0.000000	0.182881	0.786031	0.031037	0.000000	0.000000	0.000000
336	0.000043	0.000000	0.000000	0.183134	0.785875	0.030948	0.000000	0.000000	0.000000
337	0.000040	0.000000	0.000000	0.183297	0.785673	0.030990	0.000000	0.000000	0.000000
338	0.000047	0.000000	0.000000	0.183327	0.785762	0.030864	0.000000	0.000000	0.000000
339	0.000043	0.000000	0.000000	0.183538	0.785676	0.030743	0.000000	0.000000	0.000000
340	0.000046	0.000000	0.000000	0.183238	0.785986	0.030730	0.000000	0.000000	0.000000
341	0.000036	0.000000	0.000000	0.183317	0.785759	0.030888	0.000000	0.000000	0.000000
342	0.000046	0.000000	0.000000	0.182956	0.786114	0.030884	0.000000	0.000000	0.000000
343	0.000043	0.000000	0.000000	0.182437	0.786642	0.030878	0.000000	0.000000	0.000000
344	0.000037	0.000000	0.000000	0.182158	0.786981	0.030824	0.000000	0.000000	0.000000
345	0.000037	0.000000	0.000000	0.182623	0.786556	0.030784	0.000000	0.000000	0.000000
346	0.000038	0.000000	0.000000	0.182406	0.786719	0.030837	0.000000	0.000000	0.000000
347	0.000024	0.000000	0.000000	0.182359	0.786872	0.030745	0.000000	0.000000	0.000000
348	0.000023	0.000000	0.000000	0.182414	0.786952	0.030611	0.000000	0.000000	0.000000
349	0.000018	0.000000	0.000000	0.182571	0.786733	0.030678	0.000000	0.000000	0.000000
350	0.000014	0.000000	0.000000	0.182785	0.786574	0.030627	0.000000	0.000000	0.000000
351	0.000014	0.000000	0.000000	0.182808	0.786564	0.030614	0.000000	0.000000	0.000000
352	0.000009	0.000000	0.000000	0.182655	0.786479	0.030857	0.000000	0.000000	0.000000
353	0.000007	0.000000	0.000000	0.182376	0.786906	0.030711	0.000000	0.000000	0.000000
354	0.000005	0.000000	0.000000	0.182309	0.786956	0.030730	0.000000	0.000000	0.000000
355	0.000005	0.000000	0.000000	0.182567	0.786769	0.030659	0.000000	0.000000	0.000000
356	0.000006	0.000000	0.000000	0.182242	0.787095	0.030657	0.000000	0.000000	0.000000
357	0.000002	0.000000	0.000000	0.182174	0.786967	0.030857	0.000000	0.000000	0.000000
358	0.000003	0.000000	0.000000	0.181796	0.787252	0.030949	0.000000	0.000000	0.000000
359	0.000002	0.000000	0.000000	0.181298	0.787653	0.031047	0.000000	0.000000	0.000000
360	0.000004	0.000000	0.000000	0.181783	0.787485	0.030728	0.000000	0.000000	0.000000
361	0.000005	0.000000	0.000000	0.181757	0.787367	0.030871	0.000000	0.000000	0.000000
362	0.000004	0.000000	0.000000	0.182322	0.787023	0.030651	0.000000	0.000000	0.000000
363	0.000007	0.000000	0.000000	0.182487	0.786822	0.030684	0.000000	0.000000	0.000000
364	0.000009	0.000000	0.000000	0.181921	0.787389	0.030681	0.000000	0.000000	0.000000
365	0.000005	0.000000	0.000000	0.181901	0.787181	0.030913	0.000000	0.000000	0.000000
366	0.000003	0.000000	0.000000	0.181561	0.787927	0.030509	0.000000	0.000000	0.000000
367	0.000003	0.000000	0.000000	0.181284	0.788032	0.030681	0.000000	0.000000	0.000000
368	0.000002	0.000000	0.000000	0.181302	0.788050	0.030646	0.000000	0.000000	0.000000
369	0.000001	0.000000	0.000000	0.180688	0.788871	0.030440	0.000000	0.000000	0.000000
370	0.000001	0.000000	0.000000	0.180801	0.788648	0.030550	0.000000	0.000000	0.000000
371	0.000002	0.000000	0.000000	0.180439	0.788995	0.030564	0.000000	0.000000	0.000000
372	0.000000	0.000000	0.000000	0.180566	0.788809	0.030625	0.000000	0.000000	0.000000
373	0.000000	0.000000	0.000000	0.180650	0.788688	0.030662	0.000000	0.000000	0.000000
374	0.000000	0.000000	0.000000	0.180958	0.788540	0.030502	0.000000	0.000000	0.000000
375	0.000000	0.000000	0.000000	0.180998	0.788459	0.030543	0.000000	0.000000	0.000000
376	0.000000	0.000000	0.000000	0.181139	0.788195	0.030666	0.000000	0.000000	0.000000
377	0.000000	0.000000	0.000000	0.181191	0.788268	0.030541	0.000000	0.000000	0.000000
378	0.000000	0.000000	0.000000	0.181494	0.788097	0.030409	0.000000	0.000000	0.000000
379	0.000000	0.000000	0.000000	0.181779	0.787668	0.030553	0.000000	0.000000	0.000000
380	0.000000	0.000000	0.000000	0.181536	0.787830	0.030634	0.000000	0.000000	0.000000
381	0.000000	0.000000	0.000000	0.180951	0.788398	0.030651	0.000000	0.000000	0.000000
382	0.000000	0.000000	0.000000	0.181067	0.788406	0.030527	0.000000	0.000000	0.000000
383	0.000000	0.000000	0.000000	0.180833	0.788658	0.030509	0.000000	0.000000	0.000000
384	0.000000	0.000000	0.000000	0.180599	0.788700	0.030701	0.000000	0.000000	0.000000
385	0.000000	0.000000	0.000000	0.180720	0.788681	0.030599	0.000000	0.000000	0.000000
386	0.000000	0.000000	0.000000	0.180546	0.788918	0.030536	0.000000	0.000000	0.000000
387	0.000000	0.000000	0.000000	0.180651	0.788748	0.030601	0.000000	0.000000	0.000000
388	0.000000	0.000000	0.000000	0.180446	0.788924	0.030630	0.000000	0.000000	0.000000
389	0.000000	0.000000	0.000000	0.180872	0.788496	0.030632	0.000000	0.000000	0.000000
390	0.000000	0.000000	0.000000	0.180725	0.788598	0.030677	0.000000	0.000000	0.000000
391	0.000000	0.000000	0.000000	0.180767	0.788582	0.030651	0.000000	0.000000	0.000000
392	0.000000	0.000000	0.000000	0.180813	0.788722	0.030465	0.000000	0.000000	0.000000
393	0.000000	0.000000	0.000000	0.181042	0.788620	0.030338	0.000000	0.000000	0.000000
394	0.000000	0.000000	0.000000	0.181080	0.788680	0.030240	0.000000	0.000000	0.000000
395	0.000000	0.000000	0.000000	0.181177	0.788787	0.030036	0.000000	0.000000	0.000000
396	0.000000	0.000000	0.000000	0.182056	0.787665	0.030279	0.000000	0.000000	0.000000
397	0.000000	0.000000	0.000000	0.181858	0.787677	0.030465	0.000000	0.000000	0.000000
398	0.000000	0.000000	0.000000	0.181898	0.787631	0.030471	0.000000	0.000000	0.000000
399	0.000000	0.000000	0.000000	0.181253	0.788264	0.030483	0.000000	0.000000	0.000000
400	0.000000	0.000000	0.000000	0.181466	0.787897	0.030637	0.000000	0.000000	0.000000
401	0.000000	0.000000	0.000000	0.181055	0.788418	0.030527	0.000000	0.000000	0.000000
402	0.000000	0.000000	0.000000	0.181102	0.788507	0.030391	0.000000	0.000000	0.000000
403	0.000000	0.000000	0.000000	0.180520	0.788816	0.030664	0.000000	0.000000	0.000000
404	0.000000	0.000000	0.000000	0.180935	0.788351	0.030714	0.000000	0.000000	0.000000
405	0.000000	0.000000	0.000000	0.180291	0.788923	0.030786	0.000000	0.000000	0.000000
406	0.000000	0.000000	0.000000	0.180201	0.789204	0.030595	0.000000	0.000000	0.000000
407	0.000000	0.000000	0.000000	0.180172	0.789405	0.030423	0.000000	0.000000	0.000000
408	0.000000	0.000000	0.000000	0.180145	0.789297	0.030558	0.000000	0.000000	0.000000
409	0.000000	0.000000	0.000000	0.180068	0.789348	0.030584	0.000000	0.000000	0.000000
410	0.000000	0.000000	0.000000	0.179655	0.789573	0.030772	0.000000	0.000000	0.000000
411	0.000000	0.000000	0.000000	0.179290	0.789820	0.030890	0.000000	0.000000	0.000000
412	0.000000	0.000000	0.000000	0.179404	0.789882	0.030714	0.000000	0.000000	0.000000
413	0.000000	0.000000	0.000000	0.179156	0.790137	0.030707	0.000000	0.000000	0.000000
414	0.000000	0.000000	0.000000	0.178667	0.790554	0.030779	0.000000	0.000000	0.000000
415	0.000000	0.000000	0.000000	0.178813	0.790548	0.030639	0.000000	0.000000	0.000000
416	0.000000	0.000000	0.000000	0.178880	0.790432	0.030688	0.000000	0.000000	0.000000
417	0.000000	0.000000	0.000000	0.179261	0.789999	0.030740	0.000000	0.000000	0.000000
418	0.000000	0.000000	0.000000	0.179484	0.789939	0.030577	0.000000	0.000000	0.000000
419	0.000000	0.000000	0.000000	0.179701	0.789573	0.030726	0.000000	0.000000	0.000000
420	0.000000	0.000000	0.000000	0.180136	0.789360	0.030504	0.000000	0.000000	0.000000
421	0.000000	0.000000	0.000000	0.179957	0.789587	0.030456	0.000000	0.000000	0.000000
422	0.000000	0.000000	0.000000	0.180358	0.788786	0.030856	0.000000	0.000000	0.000000
423	0.000000	0.000000	0.000000	0.180165	0.789327	0.030508	0.000000	0.000000	0.000000
424	0.000000	0.000000	0.000000	0.180576	0.788990	0.030434	0.000000	0.000000	0.000000
425	0.000000	0.000000	0.000000	0.180216	0.789441	0.030343	0.000000	0.000000	0.000000
426	0.000000	0.000000	0.000000	0.180662	0.789008	0.030330	0.000000	0.000000	0.000000
427	0.000000	0.000000	0.000000	0.180666	0.789224	0.030110	0.000000	0.000000	0.000000
428	0.000000	0.000000	0.000000	0.180750	0.789204	0.030046	0.000000	0.000000	0.000000
429	0.000000	0.000000	0.000000	0.180275	0.789603	0.030122	0.000000	0.000000	0.000000
430	0.000000	0.000000	0.000000	0.180588	0.789425	0.029987	0.000000	0.000000	0.000000
431	0.000000	0.000000	0.000000	0.179931	0.790109	0.029960	0.000000	0.000000	0.000000
432	0.000000	0.000000	0.000000	0.180040	0.789795	0.030165	0.000000	0.000000	0.000000
433	0.000000	0.000000	0.000000	0.180410	0.789354	0.030236	0.000000	0.000000	0.000000
434	0.000000	0.000000	0.000000	0.180429	0.789428	0.030143	0.000000	0.000000	0.000000
435	0.000000	0.000000	0.000000	0.180211	0.789472	0.030317	0.000000	0.000000	0.000000
436	0.000000	0.000000	0.000000	0.180012	0.789804	0.030184	0.000000	0.000000	0.000000
437	0.000000	0.000000	0.000000	0.180364	0.789551	0.030085	0.000000	0.000000	0.000000
438	0.000000	0.000000	0.000000	0.180414	0.789576	0.030010	0.000000	0.000000	0.000000
439	0.000000	0.000000	0.000000	0.180562	0.789428	0.030010	0.000000	0.000000	0.000000
440	0.000000	0.000000	0.000000	0.180938	0.789142	0.029920	0.000000	0.000000	0.000000
441	0.000000	0.000000	0.000000	0.180445	0.789559	0.029996	0.000000	0.000000	0.000000
442	0.000000	0.000000	0.000000	0.181159	0.788699	0.030142	0.000000	0.000000	0.000000
443	0.000000	0.000000	0.000000	0.181093	0.788763	0.030144	0.000000	0.000000	0.000000
444	0.000000	0.000000	0.000000	0.180850	0.788767	0.030383	0.000000	0.000000	0.000000
445	0.000000	0.000000	0.000000	0.180857	0.788654	0.030489	0.000000	0.000000	0.000000
446	0.000000	0.000000	0.000000	0.180789	0.788915	0.030296	0.000000	0.000000	0.000000
447	0.000000	0.000000	0.000000	0.181078	0.788298	0.030624	0.000000	0.000000	0.000000
448	0.000000	0.000000	0.000000	0.181141	0.788390	0.030469	0.000000	0.000000	0.000000
449	0.000000	0.000000	0.000000	0.181530	0.788012	0.030458	0.000000	0.000000	0.000000
450	0.000000	0.000000	0.000000	0.181800	0.787564	0.030636	0.000000	0.000000	0.000000
451	0.000000	0.000000	0.000000	0.181548	0.787741	0.030711	0.000000	0.000000	0.000000
452	0.000000	0.000000	0.000000	0.181794	0.787684	0.030522	0.000000	0.000000	0.000000
453	0.000000	0.000000	0.000000	0.181353	0.788194	0.030453	0.000000	0.000000	0.000000
454	0.000000	0.000000	0.000000	0.181576	0.788066	0.030358	0.000000	0.000000	0.000000
455	0.000000	0.000000	0.000000	0.181481	0.788141	0.030378	0.000000	0.000000	0.000000
456	0.000000	0.000000	0.000000	0.181515	0.788112	0.030373	0.000000	0.000000	0.000000
457	0.000000	0.000000	0.000000	0.182241	0.787499	0.030260	0.000000	0.000000	0.000000
458	0.000000	0.000000	0.000000	0.182270	0.787465	0.030265	0.000000	0.000000	0.000000
459	0.000000	0.000000	0.000000	0.182227	0.787462	0.030311	0.000000	0.000000	0.000000
460	0.000000	0.000000	0.000000	0.182708	0.786933	0.030359	0.000000	0.000000	0.000000
461	0.000000	0.000000	0.000000	0.182578	0.786940	0.030482	0.000000	0.000000	0.000000
462	0.000000	0.000000	0.000000	0.181995	0.787411	0.030594	0.000000	0.000000	0.000000
463	0.000000	0.000000	0.000000	0.181921	0.787569	0.030510	0.000000	0.000000	0.000000
464	0.000000	0.000000	0.000000	0.181977	0.787720	0.030303	0.000000	0.000000	0.000000
465	0.000000	0.000000	0.000000	0.181630	0.788077	0.030293	0.000000	0.000000	0.000000
466	0.000000	0.000000	0.000000	0.181339	0.788493	0.030168	0.000000	0.000000	0.000000
467	0.000000	0.000000	0.000000	0.181242	0.788287	0.030471	0.000000	0.000000	0.000000
468	0.000000	0.000000	0.000000	0.181557	0.787862	0.030581	0.000000	0.000000	0.000000
469	0.000000	0.000000	0.000000	0.181020	0.788164	0.030816	0.000000	0.000000	0.000000
470	0.000000	0.000000	0.000000	0.181391	0.787990	0.030619	0.000000	0.000000	0.000000
