0	0.290663	0.057897	0.229473	0.157588	0.029913	0.111872	0.085455	0.012259	0.024880
1	0.236683	0.048813	0.204494	0.137376	0.027971	0.119737	0.114184	0.022396	0.088346
2	0.241290	0.048988	0.206662	0.130947	0.027894	0.114116	0.111357	0.021963	0.096783
3	0.252433	0.049587	0.208976	0.125091	0.028020	0.107169	0.105508	0.020786	0.102430
4	0.263745	0.050867	0.210974	0.119571	0.028144	0.100531	0.100121	0.019354	0.106693
5	0.275820	0.051488	0.212561	0.114561	0.028806	0.093303	0.094681	0.018021	0.110759
6	0.288524	0.052276	0.212632	0.110052	0.029411	0.086728	0.089112	0.016872	0.114393
7	0.300747	0.052837	0.213044	0.105199	0.030067	0.080216	0.084038	0.015669	0.118183
8	0.312433	0.053299	0.212869	0.100088	0.030778	0.074247	0.079470	0.014568	0.122248
9	0.324875	0.053996	0.211157	0.095523	0.031642	0.068389	0.074993	0.013608	0.125817
10	0.336563	0.054247	0.209873	0.091727	0.032398	0.062868	0.070558	0.012654	0.129112
11	0.347572	0.054562	0.208578	0.087144	0.033626	0.058122	0.066035	0.011692	0.132669
12	0.358573	0.054786	0.207167	0.082989	0.034485	0.053406	0.062017	0.010964	0.135613
13	0.369053	0.055144	0.205224	0.079121	0.035277	0.049289	0.058362	0.010127	0.138403
14	0.379943	0.055416	0.203094	0.075163	0.036301	0.045191	0.054917	0.009472	0.140503
15	0.389921	0.055252	0.200574	0.071857	0.037248	0.041456	0.051473	0.008933	0.143286
16	0.400258	0.055398	0.197266	0.068034	0.038325	0.038085	0.048496	0.008246	0.145892
17	0.409800	0.055483	0.194827	0.065034	0.039209	0.035161	0.045388	0.007668	0.147430
18	0.419764	0.055665	0.191526	0.061808	0.040306	0.032513	0.042614	0.007254	0.148550
19	0.429102	0.055456	0.188366	0.058521	0.040927	0.030176	0.040106	0.006689	0.150657
20	0.438082	0.055244	0.185174	0.055825	0.042433	0.027760	0.037573	0.006368	0.151541
21	0.447424	0.055232	0.181781	0.052984	0.043499	0.025524	0.035093	0.005968	0.152495
22	0.456056	0.055120	0.177607	0.050412	0.044811	0.023532	0.032908	0.005521	0.154033
23	0.464393	0.054623	0.174321	0.048101	0.046011	0.021854	0.030914	0.005162	0.154621
24	0.473004	0.054322	0.170205	0.045984	0.047370	0.020133	0.028733	0.004709	0.155540
25	0.480598	0.054224	0.166508	0.044007	0.048326	0.018728	0.027032	0.004456	0.156121
26	0.488172	0.054080	0.162839	0.041995	0.049993	0.017141	0.025403	0.004189	0.156188
27	0.496133	0.053923	0.159022	0.039711	0.051421	0.015906	0.023677	0.003830	0.156377
28	0.503651	0.053606	0.154915	0.038160	0.052819	0.014790	0.021918	0.003593	0.156548
29	0.511090	0.053664	0.151336	0.036681	0.054105	0.013495	0.020468	0.003298	0.155863
30	0.517378	0.053352	0.148165	0.035134	0.055627	0.012651	0.019209	0.003132	0.155352
31	0.523462	0.052968	0.144706	0.033519	0.057674	0.011688	0.018141	0.002970	0.154872
32	0.530714	0.052823	0.141521	0.031870	0.059187	0.010719	0.016731	0.002827	0.153608
33	0.537088	0.052510	0.137578	0.030707	0.060905	0.010015	0.015629	0.002568	0.153000
34	0.543742	0.052174	0.134385	0.029167	0.062497	0.009286	0.014543	0.002379	0.151827
35	0.549620	0.051906	0.131311	0.028030	0.064498	0.008625	0.013541	0.002259	0.150210
36	0.555217	0.051836	0.128175	0.027137	0.066383	0.007948	0.012587	0.002015	0.148702
37	0.560847	0.051371	0.125960	0.025936	0.068366	0.007393	0.011593	0.001913	0.146621
38	0.565998	0.051281	0.122786	0.025084	0.070609	0.006943	0.010699	0.001829	0.144771
39	0.571083	0.051043	0.120275	0.024299	0.072599	0.006484	0.009841	0.001692	0.142684
40	0.576946	0.050511	0.117052	0.023143	0.074671	0.006078	0.009163	0.001512	0.140924
41	0.581817	0.049892	0.114045	0.022377	0.077122	0.005699	0.008683	0.001409	0.138956
42	0.586375	0.049535	0.111467	0.021610	0.079472	0.005535	0.008047	0.001330	0.136629
43	0.591120	0.049199	0.108667	0.020944	0.081763	0.005233	0.007437	0.001223	0.134414
44	0.596261	0.048671	0.106231	0.020088	0.084371	0.004880	0.006824	0.001092	0.131582
45	0.601212	0.048511	0.103574	0.019272	0.086615	0.004621	0.006278	0.000978	0.128939
46	0.605643	0.048291	0.101420	0.018546	0.089019	0.004469	0.005869	0.000885	0.125858
47	0.610102	0.047792	0.098836	0.018185	0.091648	0.004129	0.005387	0.000798	0.123123
48	0.614558	0.047687	0.096558	0.017309	0.094229	0.003957	0.004932	0.000750	0.120020
49	0.618769	0.047100	0.094308	0.016872	0.096809	0.003786	0.004475	0.000725	0.117156
50	0.622717	0.046697	0.092426	0.016233	0.099452	0.003560	0.004151	0.000653	0.114111
51	0.626301	0.046196	0.090488	0.015992	0.102125	0.003467	0.003811	0.000579	0.111041
52	0.630035	0.045922	0.087914	0.015474	0.105269	0.003251	0.003518	0.000523	0.108094
53	0.633724	0.045481	0.086036	0.015099	0.107828	0.003126	0.003268	0.000505	0.104933
54	0.636738	0.045234	0.083834	0.014834	0.110870	0.002931	0.002930	0.000474	0.102155
55	0.640179	0.044777	0.082027	0.014541	0.113576	0.002850	0.002697	0.000421	0.098932
56	0.643412	0.044088	0.079764	0.014098	0.116851	0.002726	0.002523	0.000390	0.096148
57	0.646081	0.043428	0.078545	0.013743	0.120001	0.002564	0.002179	0.000345	0.093114
58	0.649305	0.043184	0.076266	0.013534	0.122971	0.002525	0.001970	0.000306	0.089939
59	0.652706	0.042451	0.074601	0.013229	0.125857	0.002418	0.001802	0.000281	0.086655
60	0.655147	0.041905	0.073127	0.012798	0.128883	0.002345	0.001647	0.000254	0.083894
61	0.657811	0.041203	0.071347	0.012498	0.132491	0.002228	0.001515	0.000217	0.080690
62	0.659937	0.040858	0.070032	0.012142	0.135541	0.002164	0.001348	0.000170	0.077808
63	0.661812	0.040461	0.068422	0.011880	0.138914	0.002045	0.001191	0.000158	0.075117
64	0.663017	0.040209	0.067457	0.011388	0.142716	0.001984	0.001052	0.000135	0.072042
65	0.664191	0.039696	0.066301	0.011144	0.146388	0.001863	0.000946	0.000115	0.069356
66	0.665573	0.039131	0.065075	0.010860	0.149833	0.001841	0.000817	0.000105	0.066765
67	0.667287	0.038484	0.063593	0.010714	0.153259	0.001748	0.000776	0.000098	0.064041
68	0.668226	0.038148	0.062648	0.010598	0.156674	0.001654	0.000675	0.000097	0.061280
69	0.668576	0.037771	0.061640	0.010446	0.160670	0.001614	0.000610	0.000093	0.058580
70	0.668880	0.037387	0.060762	0.010281	0.164079	0.001577	0.000592	0.000073	0.056369
71	0.669303	0.036982	0.059850	0.010042	0.167720	0.001586	0.000514	0.000074	0.053929
72	0.669656	0.036180	0.059076	0.009829	0.171749	0.001544	0.000481	0.000071	0.051414
73	0.670027	0.035616	0.057766	0.009766	0.175605	0.001504	0.000452	0.000074	0.049190
74	0.670270	0.035213	0.056793	0.009623	0.179043	0.001400	0.000386	0.000060	0.047212
75	0.670060	0.034585	0.055777	0.009593	0.182931	0.001366	0.000339	0.000056	0.045293
76	0.670044	0.033877	0.054753	0.009365	0.187104	0.001310	0.000312	0.000038	0.043197
77	0.669645	0.033279	0.053625	0.009127	0.191550	0.001247	0.000271	0.000038	0.041218
78	0.668928	0.032878	0.052846	0.008949	0.195646	0.001251	0.000274	0.000027	0.039201
79	0.668540	0.032238	0.051804	0.008753	0.199710	0.001180	0.000229	0.000024	0.037522
80	0.667433	0.031838	0.051195	0.008677	0.203840	0.001156	0.000216	0.000015	0.035630
81	0.666188	0.031355	0.050228	0.008691	0.208258	0.001170	0.000183	0.000018	0.033909
82	0.665453	0.030817	0.049014	0.008572	0.212480	0.001122	0.000166	0.000012	0.032364
83	0.663515	0.030171	0.048546	0.008364	0.217141	0.001152	0.000147	0.000008	0.030956
84	0.662315	0.029496	0.047631	0.008310	0.221627	0.001071	0.000134	0.000010	0.029406
85	0.661173	0.028860	0.047259	0.008188	0.225622	0.001115	0.000125	0.000008	0.027650
86	0.659901	0.028544	0.046384	0.008083	0.229623	0.001110	0.000118	0.000006	0.026231
87	0.658008	0.027884	0.045761	0.007978	0.234130	0.001048	0.000107	0.000008	0.025076
88	0.656273	0.027304	0.045183	0.007815	0.238633	0.001046	0.000094	0.000007	0.023645
89	0.654612	0.026478	0.044564	0.007601	0.243065	0.001060	0.000083	0.000008	0.022529
90	0.652685	0.025907	0.043832	0.007545	0.247675	0.001002	0.000075	0.000006	0.021273
91	0.650376	0.025332	0.043206	0.007431	0.252279	0.001008	0.000064	0.000006	0.020298
92	0.648126	0.024955	0.042834	0.007455	0.256416	0.000970	0.000054	0.000003	0.019187
93	0.645403	0.024407	0.042233	0.007361	0.261176	0.000992	0.000055	0.000002	0.018371
94	0.642643	0.023954	0.041844	0.007320	0.265998	0.000954	0.000065	0.000003	0.017219
95	0.640103	0.023595	0.041232	0.007220	0.270584	0.000928	0.000051	0.000001	0.016286
96	0.637383	0.023237	0.040504	0.007001	0.275346	0.000931	0.000051	0.000000	0.015547
97	0.633725	0.022751	0.040366	0.006888	0.280597	0.000935	0.000037	0.000000	0.014701
98	0.630863	0.022365	0.039667	0.006805	0.285360	0.000866	0.000035	0.000000	0.014039
99	0.627902	0.022167	0.039147	0.006666	0.290033	0.000830	0.000048	0.000000	0.013207
100	0.624561	0.021757	0.038852	0.006539	0.294928	0.000838	0.000043	0.000000	0.012482
101	0.621151	0.021467	0.038277	0.006525	0.299870	0.000856	0.000040	0.000000	0.011814
102	0.617915	0.020661	0.038049	0.006483	0.304768	0.000890	0.000031	0.000000	0.011203
103	0.614481	0.020338	0.037516	0.006539	0.309479	0.000864	0.000027	0.000000	0.010756
104	0.611089	0.019815	0.036855	0.006362	0.314858	0.000857	0.000028	0.000000	0.010136
105	0.607788	0.019493	0.036283	0.006388	0.319459	0.000810	0.000023	0.000000	0.009756
106	0.604271	0.019266	0.036140	0.006340	0.323972	0.000779	0.000017	0.000000	0.009215
107	0.600751	0.018878	0.035860	0.006342	0.328686	0.000782	0.000021	0.000000	0.008680
108	0.597430	0.018450	0.035325	0.006214	0.333578	0.000757	0.000013	0.000000	0.008233
109	0.593633	0.017855	0.034892	0.006296	0.338868	0.000718	0.000011	0.000000	0.007727
110	0.590350	0.017475	0.034534	0.006306	0.343448	0.000659	0.000009	0.000000	0.007219
111	0.586587	0.017016	0.034099	0.006264	0.348614	0.000660	0.000010	0.000000	0.006750
112	0.582557	0.016717	0.033701	0.006129	0.353791	0.000627	0.000012	0.000000	0.006466
113	0.578767	0.016336	0.033469	0.006065	0.358655	0.000605	0.000013	0.000000	0.006090
114	0.574458	0.016089	0.033251	0.006091	0.363628	0.000609	0.000012	0.000000	0.005862
115	0.570646	0.015827	0.032784	0.005915	0.368776	0.000577	0.000010	0.000000	0.005465
116	0.566651	0.015481	0.032494	0.005762	0.373848	0.000558	0.000009	0.000000	0.005197
117	0.562891	0.015014	0.031840	0.005658	0.379133	0.000550	0.000010	0.000000	0.004904
118	0.558808	0.014657	0.031497	0.005692	0.384089	0.000568	0.000008	0.000000	0.004681
119	0.554122	0.014495	0.031285	0.005679	0.389413	0.000561	0.000010	0.000000	0.004435
120	0.550142	0.014092	0.031138	0.005679	0.394190	0.000572	0.000011	0.000000	0.004176
121	0.545703	0.013800	0.030614	0.005619	0.399697	0.000536	0.000005	0.000000	0.004026
122	0.541230	0.013475	0.030282	0.005664	0.405014	0.000556	0.000007	0.000000	0.003772
123	0.537337	0.013182	0.029995	0.005685	0.409754	0.000530	0.000006	0.000000	0.003511
124	0.532501	0.012884	0.029608	0.005646	0.415421	0.000534	0.000007	0.000000	0.003399
125	0.528076	0.012512	0.029454	0.005673	0.420590	0.000503	0.000011	0.000000	0.003181
126	0.523170	0.012329	0.029115	0.005625	0.426234	0.000509	0.000013	0.000000	0.003005
127	0.519099	0.012030	0.028782	0.005549	0.431215	0.000495	0.000008	0.000000	0.002822
128	0.514834	0.011750	0.028440	0.005524	0.436319	0.000470	0.000004	0.000000	0.002659
129	0.510400	0.011663	0.027898	0.005463	0.441567	0.000469	0.000007	0.000000	0.002533
130	0.505891	0.011419	0.027648	0.005474	0.446690	0.000492	0.000008	0.000000	0.002378
131	0.500965	0.011268	0.027313	0.005497	0.452183	0.000489	0.000011	0.000000	0.002274
132	0.496278	0.010923	0.027140	0.005406	0.457579	0.000472	0.000013	0.000000	0.002189
133	0.492314	0.010567	0.026756	0.005312	0.462464	0.000484	0.000013	0.000000	0.002090
134	0.487625	0.010278	0.026209	0.005326	0.468040	0.000449	0.000010	0.000000	0.002063
135	0.482785	0.010061	0.025706	0.005334	0.473728	0.000438	0.000003	0.000000	0.001945
136	0.478111	0.009877	0.025283	0.005269	0.479132	0.000439	0.000003	0.000000	0.001886
137	0.473590	0.009531	0.024851	0.005277	0.484438	0.000472	0.000005	0.000000	0.001836
138	0.468138	0.009358	0.024553	0.005290	0.490432	0.000434	0.000004	0.000000	0.001791
139	0.463383	0.009074	0.024530	0.005209	0.495633	0.000468	0.000002	0.000000	0.001701
140	0.458633	0.008833	0.024276	0.005201	0.501104	0.000421	0.000003	0.000000	0.001529
141	0.454185	0.008641	0.023994	0.005239	0.506050	0.000397	0.000000	0.000000	0.001494
142	0.449536	0.008364	0.023738	0.005202	0.511254	0.000406	0.000003	0.000000	0.001497
143	0.444796	0.008140	0.023622	0.005246	0.516373	0.000404	0.000003	0.000000	0.001416
144	0.440384	0.007965	0.023182	0.005268	0.521447	0.000403	0.000002	0.000000	0.001349
145	0.435404	0.007675	0.022921	0.005337	0.526974	0.000428	0.000002	0.000000	0.001259
146	0.430304	0.007604	0.022685	0.005317	0.532515	0.000420	0.000000	0.000000	0.001155
147	0.425802	0.007279	0.022445	0.005375	0.537626	0.000424	0.000001	0.000000	0.001048
148	0.421082	0.007000	0.022199	0.005352	0.542927	0.000415	0.000000	0.000000	0.001025
149	0.416403	0.006952	0.021863	0.005307	0.548068	0.000431	0.000000	0.000000	0.000976
150	0.411820	0.006740	0.021635	0.005275	0.553171	0.000428	0.000000	0.000000	0.000931
151	0.407013	0.006595	0.021502	0.005184	0.558382	0.000422	0.000000	0.000000	0.000902
152	0.402298	0.006451	0.021288	0.005139	0.563559	0.000423	0.000000	0.000000	0.000842
153	0.396854	0.006420	0.021211	0.005099	0.569206	0.000399	0.000000	0.000000	0.000811
154	0.392542	0.006258	0.020879	0.005081	0.574051	0.000421	0.000000	0.000000	0.000768
155	0.387986	0.006128	0.020798	0.005113	0.578872	0.000424	0.000000	0.000000	0.000679
156	0.382526	0.006020	0.020620	0.005090	0.584659	0.000416	0.000000	0.000000	0.000669
157	0.378313	0.005798	0.020358	0.005056	0.589410	0.000419	0.000000	0.000000	0.000646
158	0.373803	0.005513	0.020107	0.005047	0.594476	0.000424	0.000000	0.000000	0.000630
159	0.368982	0.005388	0.019910	0.005002	0.599694	0.000424	0.000000	0.000000	0.000600
160	0.364250	0.005399	0.019403	0.004993	0.604962	0.000421	0.000000	0.000000	0.000572
161	0.359618	0.005131	0.019339	0.004982	0.610008	0.000407	0.000000	0.000000	0.000515
162	0.355016	0.005035	0.019051	0.004913	0.615049	0.000429	0.000000	0.000000	0.000507
163	0.350352	0.004966	0.018679	0.004851	0.620237	0.000428	0.000000	0.000000	0.000487
164	0.346160	0.004779	0.018417	0.004805	0.624992	0.000403	0.000000	0.000000	0.000444
165	0.341469	0.004714	0.018082	0.004861	0.630038	0.000401	0.000000	0.000000	0.000435
166	0.336868	0.004535	0.017731	0.004884	0.635143	0.000385	0.000000	0.000000	0.000454
167	0.331900	0.004396	0.017487	0.004872	0.640491	0.000420	0.000000	0.000000	0.000434
168	0.327212	0.004283	0.017170	0.004888	0.645630	0.000382	0.000000	0.000000	0.000435
169	0.323572	0.004046	0.016724	0.004916	0.649945	0.000363	0.000000	0.000000	0.000434
170	0.318665	0.004045	0.016534	0.004936	0.655033	0.000375	0.000000	0.000000	0.000412
171	0.314371	0.003840	0.016398	0.004851	0.659798	0.000349	0.000000	0.000000	0.000393
172	0.310104	0.003679	0.016225	0.004825	0.664457	0.000353	0.000000	0.000000	0.000357
173	0.305508	0.003606	0.016097	0.004766	0.669310	0.000360	0.000000	0.000000	0.000353
174	0.300937	0.003569	0.015963	0.004756	0.674092	0.000336	0.000000	0.000000	0.000347
175	0.296658	0.003430	0.015547	0.004757	0.678968	0.000340	0.000000	0.000000	0.000300
176	0.292704	0.003404	0.015188	0.004687	0.683360	0.000343	0.000000	0.000000	0.000314
177	0.288014	0.003291	0.015020	0.004738	0.688266	0.000362	0.000000	0.000000	0.000309
178	0.284107	0.003270	0.014756	0.004740	0.692494	0.000353	0.000000	0.000000	0.000280
179	0.280067	0.003132	0.014555	0.004759	0.696884	0.000336	0.000000	0.000000	0.000267
180	0.275851	0.003057	0.014372	0.004765	0.701369	0.000321	0.000000	0.000000	0.000265
181	0.271523	0.002968	0.014220	0.004767	0.705954	0.000314	0.000000	0.000000	0.000254
182	0.267372	0.002831	0.013930	0.004728	0.710564	0.000337	0.000000	0.000000	0.000238
183	0.263212	0.002878	0.013757	0.004650	0.714980	0.000304	0.000000	0.000000	0.000219
184	0.259247	0.002726	0.013511	0.004564	0.719444	0.000309	0.000000	0.000000	0.000199
185	0.254875	0.002624	0.013268	0.004648	0.724066	0.000323	0.000000	0.000000	0.000196
186	0.250915	0.002513	0.013111	0.004669	0.728274	0.000328	0.000000	0.000000	0.000190
187	0.246782	0.002455	0.012866	0.004709	0.732705	0.000307	0.000000	0.000000	0.000176
188	0.243081	0.002374	0.012658	0.004716	0.736654	0.000348	0.000000	0.000000	0.000169
189	0.238728	0.002345	0.012398	0.004672	0.741403	0.000315	0.000000	0.000000	0.000139
190	0.234853	0.002224	0.012150	0.004586	0.745744	0.000313	0.000000	0.000000	0.000130
191	0.230967	0.002094	0.011973	0.004497	0.750025	0.000310	0.000000	0.000000	0.000134
192	0.227105	0.002012	0.011770	0.004491	0.754202	0.000298	0.000000	0.000000	0.000122
193	0.223548	0.001952	0.011439	0.004411	0.758227	0.000293	0.000000	0.000000	0.000130
194	0.219517	0.001871	0.011269	0.004396	0.762544	0.000283	0.000000	0.000000	0.000120
195	0.215672	0.001763	0.011217	0.004397	0.766551	0.000285	0.000000	0.000000	0.000115
196	0.211605	0.001705	0.010863	0.004457	0.770969	0.000282	0.000000	0.000000	0.000119
197	0.207840	0.001640	0.010745	0.004378	0.775005	0.000285	0.000000	0.000000	0.000107
198	0.204204	0.001616	0.010690	0.004274	0.778856	0.000258	0.000000	0.000000	0.000102
199	0.200784	0.001516	0.010586	0.004247	0.782503	0.000263	0.000000	0.000000	0.000101
200	0.197095	0.001509	0.010372	0.004166	0.786514	0.000249	0.000000	0.000000	0.000095
201	0.193647	0.001472	0.010119	0.004184	0.790236	0.000262	0.000000	0.000000	0.000080
202	0.190480	0.001423	0.009908	0.004168	0.793668	0.000278	0.000000	0.000000	0.000075
203	0.186933	0.001364	0.009589	0.004108	0.797654	0.000277	0.000000	0.000000	0.000075
204	0.183343	0.001348	0.009352	0.004103	0.801511	0.000273	0.000000	0.000000	0.000070
205	0.180229	0.001278	0.009183	0.004068	0.804913	0.000268	0.000000	0.000000	0.000061
206	0.176600	0.001256	0.009011	0.004074	0.808728	0.000275	0.000000	0.000000	0.000056
207	0.173231	0.001240	0.008836	0.004058	0.812300	0.000274	0.000000	0.000000	0.000061
208	0.170151	0.001178	0.008685	0.004055	0.815601	0.000270	0.000000	0.000000	0.000060
209	0.167243	0.001099	0.008407	0.004036	0.818886	0.000274	0.000000	0.000000	0.000055
210	0.164223	0.001062	0.008245	0.003990	0.822132	0.000301	0.000000	0.000000	0.000047
211	0.160982	0.001016	0.008144	0.003926	0.825589	0.000294	0.000000	0.000000	0.000049
212	0.158149	0.000967	0.007852	0.003956	0.828722	0.000310	0.000000	0.000000	0.000044
213	0.155260	0.000951	0.007718	0.004022	0.831700	0.000310	0.000000	0.000000	0.000039
214	0.152366	0.000938	0.007617	0.004118	0.834623	0.000303	0.000000	0.000000	0.000035
215	0.149313	0.000912	0.007640	0.004079	0.837706	0.000317	0.000000	0.000000	0.000033
216	0.146248	0.000846	0.007281	0.004158	0.841154	0.000281	0.000000	0.000000	0.000032
217	0.143386	0.000860	0.007230	0.004187	0.844032	0.000279	0.000000	0.000000	0.000026
218	0.140436	0.000852	0.007078	0.004133	0.847211	0.000267	0.000000	0.000000	0.000023
219	0.137588	0.000790	0.006993	0.004082	0.850287	0.000243	0.000000	0.000000	0.000017
220	0.134506	0.000734	0.006799	0.004034	0.853659	0.000251	0.000000	0.000000	0.000017
221	0.132015	0.000696	0.006735	0.003990	0.856304	0.000248	0.000000	0.000000	0.000012
222	0.129024	0.000651	0.006687	0.003997	0.859379	0.000255	0.000000	0.000000	0.000007
223	0.126065	0.000651	0.006520	0.003951	0.862552	0.000255	0.000000	0.000000	0.000006
224	0.123371	0.000642	0.006441	0.003922	0.865354	0.000264	0.000000	0.000000	0.000006
225	0.120850	0.000596	0.006408	0.003888	0.867970	0.000279	0.000000	0.000000	0.000009
226	0.118135	0.000554	0.006186	0.003933	0.870930	0.000255	0.000000	0.000000	0.000007
227	0.116002	0.000537	0.006077	0.003942	0.873185	0.000248	0.000000	0.000000	0.000009
228	0.113633	0.000492	0.005996	0.003963	0.875658	0.000250	0.000000	0.000000	0.000008
229	0.111197	0.000491	0.005802	0.004060	0.878174	0.000268	0.000000	0.000000	0.000008
230	0.108855	0.000456	0.005613	0.003996	0.880820	0.000253	0.000000	0.000000	0.000007
231	0.106661	0.000433	0.005461	0.004058	0.883149	0.000237	0.000000	0.000000	0.000001
232	0.104501	0.000403	0.005378	0.004063	0.885418	0.000233	0.000000	0.000000	0.000004
233	0.102221	0.000394	0.005306	0.004044	0.887769	0.000262	0.000000	0.000000	0.000004
234	0.099678	0.000375	0.005149	0.004012	0.890539	0.000247	0.000000	0.000000	0.000000
235	0.097357	0.000359	0.005131	0.004070	0.892838	0.000245	0.000000	0.000000	0.000000
236	0.095077	0.000369	0.004990	0.004043	0.895273	0.000248	0.000000	0.000000	0.000000
237	0.092996	0.000342	0.004856	0.004053	0.897497	0.000256	0.000000	0.000000	0.000000
238	0.090873	0.000351	0.004677	0.004079	0.899772	0.000248	0.000000	0.000000	0.000000
239	0.088733	0.000321	0.004622	0.004088	0.901983	0.000253	0.000000	0.000000	0.000000
240	0.086377	0.000297	0.004619	0.004059	0.904394	0.000254	0.000000	0.000000	0.000000
241	0.084600	0.000285	0.004496	0.004126	0.906239	0.000254	0.000000	0.000000	0.000000
242	0.082865	0.000278	0.004361	0.004174	0.908043	0.000279	0.000000	0.000000	0.000000
243	0.081170	0.000276	0.004254	0.004118	0.909907	0.000275	0.000000	0.000000	0.000000
244	0.079168	0.000287	0.004233	0.004164	0.911851	0.000297	0.000000	0.000000	0.000000
245	0.077417	0.000254	0.004237	0.004163	0.913639	0.000290	0.000000	0.000000	0.000000
246	0.075760	0.000244	0.004094	0.004167	0.915436	0.000299	0.000000	0.000000	0.000000
247	0.073821	0.000229	0.004017	0.004115	0.917514	0.000304	0.000000	0.000000	0.000000
248	0.072190	0.000219	0.003950	0.004025	0.919307	0.000309	0.000000	0.000000	0.000000
249	0.070663	0.000207	0.003796	0.004055	0.920967	0.000312	0.000000	0.000000	0.000000
250	0.068691	0.000175	0.003794	0.004097	0.922954	0.000289	0.000000	0.000000	0.000000
251	0.067141	0.000184	0.003726	0.004059	0.924587	0.000303	0.000000	0.000000	0.000000
252	0.065355	0.000189	0.003532	0.004065	0.926536	0.000323	0.000000	0.000000	0.000000
253	0.063772	0.000176	0.003466	0.004075	0.928211	0.000300	0.000000	0.000000	0.000000
254	0.061833	0.000185	0.003337	0.004016	0.930296	0.000333	0.000000	0.000000	0.000000
255	0.060199	0.000182	0.003213	0.004135	0.931938	0.000333	0.000000	0.000000	0.000000
256	0.058728	0.000182	0.003215	0.004157	0.933397	0.000321	0.000000	0.000000	0.000000
257	0.057153	0.000170	0.003196	0.004168	0.934991	0.000322	0.000000	0.000000	0.000000
258	0.055841	0.000165	0.003248	0.004076	0.936320	0.000350	0.000000	0.000000	0.000000
259	0.054253	0.000162	0.003121	0.004074	0.938042	0.000348	0.000000	0.000000	0.000000
260	0.052635	0.000165	0.003144	0.004095	0.939659	0.000302	0.000000	0.000000	0.000000
261	0.051345	0.000171	0.003118	0.004035	0.941036	0.000295	0.000000	0.000000	0.000000
262	0.050214	0.000174	0.002994	0.004071	0.942230	0.000317	0.000000	0.000000	0.000000
263	0.048956	0.000178	0.002902	0.004147	0.943498	0.000319	0.000000	0.000000	0.000000
264	0.047910	0.000178	0.002839	0.004183	0.944594	0.000296	0.000000	0.000000	0.000000
265	0.046568	0.000203	0.002811	0.004181	0.945919	0.000318	0.000000	0.000000	0.000000
266	0.045305	0.000184	0.002772	0.004082	0.947352	0.000305	0.000000	0.000000	0.000000
267	0.044238	0.000176	0.002717	0.004152	0.948414	0.000303	0.000000	0.000000	0.000000
268	0.043052	0.000163	0.002647	0.004188	0.949609	0.000341	0.000000	0.000000	0.000000
269	0.041859	0.000140	0.002612	0.004194	0.950853	0.000342	0.000000	0.000000	0.000000
270	0.040694	0.000134	0.002539	0.004179	0.952126	0.000328	0.000000	0.000000	0.000000
271	0.039482	0.000126	0.002514	0.004186	0.953362	0.000330	0.000000	0.000000	0.000000
272	0.038344	0.000116	0.002412	0.004212	0.954588	0.000328	0.000000	0.000000	0.000000
273	0.037250	0.000101	0.002306	0.004169	0.955857	0.000317	0.000000	0.000000	0.000000
274	0.036381	0.000093	0.002197	0.004272	0.956732	0.000325	0.000000	0.000000	0.000000
275	0.035458	0.000084	0.002159	0.004277	0.957694	0.000328	0.000000	0.000000	0.000000
276	0.034451	0.000075	0.002148	0.004200	0.958799	0.000327	0.000000	0.000000	0.000000
277	0.033486	0.000082	0.002053	0.004172	0.959875	0.000332	0.000000	0.000000	0.000000
278	0.032358	0.000087	0.002011	0.004206	0.961018	0.000320	0.000000	0.000000	0.000000
279	0.031529	0.000079	0.001911	0.004178	0.962004	0.000299	0.000000	0.000000	0.000000
280	0.030608	0.000090	0.001857	0.004114	0.963018	0.000313	0.000000	0.000000	0.000000
281	0.029859	0.000081	0.001791	0.004115	0.963863	0.000291	0.000000	0.000000	0.000000
282	0.028860	0.000086	0.001700	0.004074	0.964989	0.000291	0.000000	0.000000	0.000000
283	0.028135	0.000069	0.001671	0.004052	0.965790	0.000283	0.000000	0.000000	0.000000
284	0.027426	0.000068	0.001610	0.004008	0.966586	0.000302	0.000000	0.000000	0.000000
285	0.026536	0.000068	0.001557	0.003988	0.967569	0.000282	0.000000	0.000000	0.000000
286	0.025910	0.000070	0.001484	0.003863	0.968387	0.000286	0.000000	0.000000	0.000000
287	0.025208	0.000079	0.001472	0.003847	0.969101	0.000293	0.000000	0.000000	0.000000
288	0.024571	0.000086	0.001385	0.003841	0.969818	0.000299	0.000000	0.000000	0.000000
289	0.023891	0.000085	0.001359	0.003791	0.970581	0.000293	0.000000	0.000000	0.000000
290	0.023254	0.000086	0.001295	0.003759	0.971316	0.000290	0.000000	0.000000	0.000000
291	0.022653	0.000088	0.001234	0.003756	0.972006	0.000263	0.000000	0.000000	0.000000
292	0.022013	0.000082	0.001239	0.003720	0.972683	0.000263	0.000000	0.000000	0.000000
293	0.021342	0.000080	0.001200	0.003752	0.973340	0.000286	0.000000	0.000000	0.000000
294	0.020717	0.000066	0.001197	0.003821	0.973897	0.000302	0.000000	0.000000	0.000000
295	0.020045	0.000062	0.001170	0.003825	0.974602	0.000296	0.000000	0.000000	0.000000
296	0.019377	0.000053	0.001115	0.003870	0.975304	0.000281	0.000000	0.000000	0.000000
297	0.018733	0.000054	0.001067	0.003864	0.975992	0.000290	0.000000	0.000000	0.000000
298	0.018217	0.000049	0.001033	0.003946	0.976494	0.000261	0.000000	0.000000	0.000000
299	0.017754	0.000039	0.000974	0.003972	0.976971	0.000290	0.000000	0.000000	0.000000
300	0.017182	0.000030	0.000912	0.003914	0.977692	0.000270	0.000000	0.000000	0.000000
301	0.016817	0.000035	0.000879	0.003869	0.978115	0.000285	0.000000	0.000000	0.000000
302	0.016223	0.000034	0.000803	0.003917	0.978744	0.000279	0.000000	0.000000	0.000000
303	0.015821	0.000033	0.000791	0.003901	0.979166	0.000288	0.000000	0.000000	0.000000
304	0.015240	0.000027	0.000771	0.003890	0.979795	0.000277	0.000000	0.000000	0.000000
305	0.014755	0.000024	0.000732	0.003967	0.980235	0.000287	0.000000	0.000000	0.000000
306	0.014280	0.000033	0.000709	0.003891	0.980784	0.000303	0.000000	0.000000	0.000000
307	0.013726	0.000037	0.000683	0.003970	0.981277	0.000307	0.000000	0.000000	0.000000
308	0.013300	0.000025	0.000632	0.003964	0.981758	0.000321	0.000000	0.000000	0.000000
309	0.012859	0.000018	0.000644	0.003922	0.982249	0.000308	0.000000	0.000000	0.000000
310	0.012391	0.000018	0.000631	0.003923	0.982705	0.000332	0.000000	0.000000	0.000000
311	0.012034	0.000023	0.000589	0.004001	0.983025	0.000328	0.000000	0.000000	0.000000
312	0.011678	0.000020	0.000555	0.003946	0.983485	0.000316	0.000000	0.000000	0.000000
313	0.011358	0.000020	0.000522	0.003948	0.983846	0.000306	0.000000	0.000000	0.000000
314	0.010978	0.000020	0.000498	0.003919	0.984271	0.000314	0.000000	0.000000	0.000000
315	0.010529	0.000024	0.000462	0.003887	0.984805	0.000293	0.000000	0.000000	0.000000
316	0.010187	0.000026	0.000474	0.003833	0.985187	0.000293	0.000000	0.000000	0.000000
317	0.009939	0.000029	0.000424	0.003750	0.985580	0.000278	0.000000	0.000000	0.000000
318	0.009657	0.000030	0.000408	0.003741	0.985869	0.000295	0.000000	0.000000	0.000000
319	0.009423	0.000028	0.000386	0.003664	0.986193	0.000306	0.000000	0.000000	0.000000
320	0.009109	0.000025	0.000369	0.003617	0.986581	0.000299	0.000000	0.000000	0.000000
321	0.008917	0.000023	0.000366	0.003684	0.986686	0.000324	0.000000	0.000000	0.000000
322	0.008647	0.000023	0.000333	0.003656	0.986996	0.000345	0.000000	0.000000	0.000000
323	0.008380	0.000028	0.000328	0.003643	0.987274	0.000347	0.000000	0.000000	0.000000
324	0.008042	0.000028	0.000311	0.003694	0.987585	0.000340	0.000000	0.000000	0.000000
325	0.007873	0.000030	0.000303	0.003719	0.987766	0.000309	0.000000	0.000000	0.000000
326	0.007594	0.000029	0.000290	0.003687	0.988082	0.000318	0.000000	0.000000	0.000000
327	0.007369	0.000033	0.000289	0.003651	0.988333	0.000325	0.000000	0.000000	0.000000
328	0.007052	0.000028	0.000281	0.003600	0.988705	0.000334	0.000000	0.000000	0.000000
329	0.006801	0.000031	0.000267	0.003625	0.988942	0.000334	0.000000	0.000000	0.000000
330	0.006598	0.000031	0.000262	0.003693	0.989095	0.000321	0.000000	0.000000	0.000000
331	0.006435	0.000035	0.000238	0.003780	0.989233	0.000279	0.000000	0.000000	0.000000
332	0.006251	0.000039	0.000213	0.003721	0.989496	0.000280	0.000000	0.000000	0.000000
333	0.006016	0.000032	0.000195	0.003720	0.989748	0.000289	0.000000	0.000000	0.000000
334	0.005749	0.000030	0.000199	0.003746	0.989996	0.000280	0.000000	0.000000	0.000000
335	0.005532	0.000038	0.000216	0.003757	0.990177	0.000280	0.000000	0.000000	0.000000
336	0.005385	0.000032	0.000208	0.003717	0.990359	0.000299	0.000000	0.000000	0.000000
337	0.005165	0.000030	0.000203	0.003678	0.990614	0.000310	0.000000	0.000000	0.000000
338	0.005020	0.000034	0.000202	0.003731	0.990720	0.000293	0.000000	0.000000	0.000000
339	0.004904	0.000028	0.000196	0.003725	0.990863	0.000284	0.000000	0.000000	0.000000
340	0.004765	0.000033	0.000157	0.003811	0.990949	0.000285	0.000000	0.000000	0.000000
341	0.004620	0.000036	0.000151	0.003791	0.991114	0.000288	0.000000	0.000000	0.000000
342	0.004462	0.000040	0.000152	0.003778	0.991304	0.000264	0.000000	0.000000	0.000000
343	0.004302	0.000036	0.000133	0.003846	0.991418	0.000265	0.000000	0.000000	0.000000
344	0.004185	0.000031	0.000116	0.003749	0.991640	0.000279	0.000000	0.000000	0.000000
345	0.004026	0.000029	0.000109	0.003770	0.991803	0.000263	0.000000	0.000000	0.000000
346	0.003862	0.000025	0.000095	0.003754	0.991998	0.000266	0.000000	0.000000	0.000000
347	0.003722	0.000023	0.000096	0.003737	0.992135	0.000287	0.000000	0.000000	0.000000
348	0.003641	0.000024	0.000093	0.003763	0.992202	0.000277	0.000000	0.000000	0.000000
349	0.003486	0.000015	0.000109	0.003788	0.992318	0.000284	0.000000	0.000000	0.000000
350	0.003314	0.000015	0.000105	0.003845	0.992421	0.000300	0.000000	0.000000	0.000000
351	0.003304	0.000009	0.000098	0.003873	0.992421	0.000295	0.000000	0.000000	0.000000
352	0.003166	0.000008	0.000097	0.003826	0.992592	0.000311	0.000000	0.000000	0.000000
353	0.003019	0.000005	0.000095	0.003911	0.992640	0.000330	0.000000	0.000000	0.000000
354	0.002913	0.000006	0.000082	0.003960	0.992725	0.000314	0.000000	0.000000	0.000000
355	0.002869	0.000004	0.000077	0.003924	0.992841	0.000285	0.000000	0.000000	0.000000
356	0.002736	0.000004	0.000085	0.003887	0.993009	0.000279	0.000000	0.000000	0.000000
357	0.002643	0.000007	0.000068	0.003929	0.993068	0.000285	0.000000	0.000000	0.000000
358	0.002529	0.000004	0.000069	0.003871	0.993241	0.000286	0.000000	0.000000	0.000000
359	0.002461	0.000008	0.000065	0.003887	0.993283	0.000296	0.000000	0.000000	0.000000
360	0.002387	0.000008	0.000074	0.003841	0.993399	0.000291	0.000000	0.000000	0.000000
361	0.002324	0.000007	0.000072	0.003868	0.993443	0.000286	0.000000	0.000000	0.000000
362	0.002250	0.000012	0.000061	0.003858	0.993520	0.000299	0.000000	0.000000	0.000000
363	0.002210	0.000006	0.000053	0.003904	0.993533	0.000294	0.000000	0.000000	0.000000
364	0.002169	0.000006	0.000043	0.003900	0.993607	0.000275	0.000000	0.000000	0.000000
365	0.002045	0.000007	0.000043	0.003975	0.993660	0.000270	0.000000	0.000000	0.000000
366	0.001991	0.000009	0.000039	0.003954	0.993727	0.000280	0.000000	0.000000	0.000000
367	0.001931	0.000008	0.000031	0.003947	0.993782	0.000301	0.000000	0.000000	0.000000
368	0.001884	0.000008	0.000024	0.003948	0.993870	0.000266	0.000000	0.000000	0.000000
369	0.001834	0.000007	0.000029	0.003869	0.993971	0.000290	0.000000	0.000000	0.000000
370	0.001720	0.000008	0.000028	0.003905	0.994045	0.000294	0.000000	0.000000	0.000000
371	0.001649	0.000007	0.000024	0.003840	0.994188	0.000292	0.000000	0.000000	0.000000
372	0.001625	0.000005	0.000017	0.003866	0.994183	0.000304	0.000000	0.000000	0.000000
373	0.001543	0.000006	0.000014	0.003845	0.994295	0.000297	0.000000	0.000000	0.000000
374	0.001436	0.000009	0.000011	0.003835	0.994393	0.000316	0.000000	0.000000	0.000000
375	0.001344	0.000008	0.000013	0.003871	0.994444	0.000320	0.000000	0.000000	0.000000
376	0.001317	0.000004	0.000017	0.003937	0.994397	0.000328	0.000000	0.000000	0.000000
377	0.001283	0.000004	0.000013	0.003864	0.994520	0.000316	0.000000	0.000000	0.000000
378	0.001261	0.000002	0.000011	0.003822	0.994596	0.000308	0.000000	0.000000	0.000000
379	0.001211	0.000004	0.000010	0.003800	0.994667	0.000308	0.000000	0.000000	0.000000
380	0.001134	0.000004	0.000010	0.003857	0.994681	0.000314	0.000000	0.000000	0.000000
381	0.001115	0.000000	0.000010	0.003948	0.994620	0.000307	0.000000	0.000000	0.000000
382	0.001070	0.000001	0.000009	0.003932	0.994672	0.000316	0.000000	0.000000	0.000000
383	0.001038	0.000000	0.000008	0.003901	0.994739	0.000314	0.000000	0.000000	0.000000
384	0.001031	0.000000	0.000009	0.003906	0.994731	0.000323	0.000000	0.000000	0.000000
385	0.000988	0.000000	0.000008	0.003856	0.994827	0.000321	0.000000	0.000000	0.000000
386	0.001014	0.000000	0.000005	0.003864	0.994781	0.000336	0.000000	0.000000	0.000000
387	0.000976	0.000000	0.000008	0.003860	0.994838	0.000318	0.000000	0.000000	0.000000
388	0.000937	0.000000	0.000011	0.003871	0.994878	0.000303	0.000000	0.000000	0.000000
389	0.000921	0.000000	0.000009	0.003967	0.994770	0.000333	0.000000	0.000000	0.000000
390	0.000909	0.000000	0.000011	0.003929	0.994839	0.000312	0.000000	0.000000	0.000000
391	0.000898	0.000000	0.000008	0.004035	0.994743	0.000316	0.000000	0.000000	0.000000
392	0.000900	0.000000	0.000004	0.004098	0.994686	0.000312	0.000000	0.000000	0.000000
393	0.000863	0.000000	0.000004	0.004077	0.994727	0.000329	0.000000	0.000000	0.000000
394	0.000845	0.000000	0.000001	0.004114	0.994696	0.000344	0.000000	0.000000	0.000000
395	0.000829	0.000000	0.000002	0.004134	0.994679	0.000356	0.000000	0.000000	0.000000
396	0.000813	0.000000	0.000001	0.004154	0.994653	0.000379	0.000000	0.000000	0.000000
397	0.000798	0.000000	0.000000	0.004150	0.994674	0.000378	0.000000	0.000000	0.000000
398	0.000796	0.000000	0.000000	0.004135	0.994689	0.000380	0.000000	0.000000	0.000000
399	0.000756	0.000000	0.000000	0.004090	0.994769	0.000385	0.000000	0.000000	0.000000
400	0.000707	0.000000	0.000000	0.004162	0.994758	0.000373	0.000000	0.000000	0.000000
401	0.000685	0.000000	0.000000	0.004191	0.994744	0.000380	0.000000	0.000000	0.000000
402	0.000664	0.000000	0.000000	0.004214	0.994760	0.000362	0.000000	0.000000	0.000000
403	0.000666	0.000000	0.000000	0.004096	0.994873	0.000365	0.000000	0.000000	0.000000
404	0.000627	0.000000	0.000000	0.004193	0.994799	0.000381	0.000000	0.000000	0.000000
405	0.000590	0.000000	0.000000	0.004187	0.994841	0.000382	0.000000	0.000000	0.000000
406	0.000596	0.000000	0.000000	0.004220	0.994812	0.000372	0.000000	0.000000	0.000000
407	0.000568	0.000000	0.000000	0.004261	0.994781	0.000390	0.000000	0.000000	0.000000
408	0.000570	0.000000	0.000000	0.004268	0.994768	0.000394	0.000000	0.000000	0.000000
409	0.000545	0.000000	0.000000	0.004251	0.994819	0.000385	0.000000	0.000000	0.000000
410	0.000560	0.000000	0.000000	0.004262	0.994786	0.000392	0.000000	0.000000	0.000000
411	0.000533	0.000000	0.000000	0.004324	0.994767	0.000376	0.000000	0.000000	0.000000
412	0.000507	0.000000	0.000000	0.004392	0.994740	0.000361	0.000000	0.000000	0.000000
413	0.000491	0.000000	0.000000	0.004388	0.994726	0.000395	0.000000	0.000000	0.000000
414	0.000469	0.000000	0.000000	0.004412	0.994710	0.000409	0.000000	0.000000	0.000000
415	0.000473	0.000000	0.000000	0.004426	0.994702	0.000399	0.000000	0.000000	0.000000
416	0.000455	0.000000	0.000000	0.004484	0.994665	0.000396	0.000000	0.000000	0.000000
417	0.000466	0.000000	0.000000	0.004375	0.994767	0.000392	0.000000	0.000000	0.000000
418	0.000450	0.000000	0.000000	0.004343	0.994791	0.000416	0.000000	0.000000	0.000000
419	0.000464	0.000000	0.000000	0.004343	0.994773	0.000420	0.000000	0.000000	0.000000
420	0.000446	0.000000	0.000000	0.004233	0.994921	0.000400	0.000000	0.000000	0.000000
421	0.000418	0.000000	0.000000	0.004267	0.994896	0.000419	0.000000	0.000000	0.000000
422	0.000402	0.000000	0.000000	0.004262	0.994917	0.000419	0.000000	0.000000	0.000000
423	0.000391	0.000000	0.000000	0.004262	0.994921	0.000426	0.000000	0.000000	0.000000
424	0.000361	0.000000	0.000000	0.004257	0.994967	0.000415	0.000000	0.000000	0.000000
425	0.000352	0.000000	0.000000	0.004180	0.995065	0.000403	0.000000	0.000000	0.000000
426	0.000343	0.000000	0.000000	0.004189	0.995074	0.000394	0.000000	0.000000	0.000000
427	0.000313	0.000000	0.000000	0.004163	0.995128	0.000396	0.000000	0.000000	0.000000
428	0.000315	0.000000	0.000000	0.004192	0.995093	0.000400	0.000000	0.000000	0.000000
429	0.000298	0.000000	0.000000	0.004217	0.995071	0.000414	0.000000	0.000000	0.000000
430	0.000288	0.000000	0.000000	0.004233	0.995078	0.000401	0.000000	0.000000	0.000000
431	0.000267	0.000000	0.000000	0.004159	0.995195	0.000379	0.000000	0.000000	0.000000
432	0.000249	0.000000	0.000000	0.004180	0.995197	0.000374	0.000000	0.000000	0.000000
433	0.000227	0.000000	0.000000	0.004279	0.995095	0.000399	0.000000	0.000000	0.000000
434	0.000232	0.000000	0.000000	0.004292	0.995122	0.000354	0.000000	0.000000	0.000000
435	0.000206	0.000000	0.000000	0.004354	0.995061	0.000379	0.000000	0.000000	0.000000
436	0.000196	0.000000	0.000000	0.004386	0.995043	0.000375	0.000000	0.000000	0.000000
437	0.000186	0.000000	0.000000	0.004337	0.995098	0.000379	0.000000	0.000000	0.000000
438	0.000170	0.000000	0.000000	0.004383	0.995078	0.000369	0.000000	0.000000	0.000000
439	0.000159	0.000000	0.000000	0.004458	0.995044	0.000339	0.000000	0.000000	0.000000
440	0.000165	0.000000	0.000000	0.004430	0.995058	0.000347	0.000000	0.000000	0.000000
441	0.000163	0.000000	0.000000	0.004514	0.994993	0.000330	0.000000	0.000000	0.000000
442	0.000151	0.000000	0.000000	0.004501	0.994985	0.000363	0.000000	0.000000	0.000000
443	0.000149	0.000000	0.000000	0.004556	0.994932	0.000363	0.000000	0.000000	0.000000
444	0.000147	0.000000	0.000000	0.004581	0.994887	0.000385	0.000000	0.000000	0.000000
445	0.000137	0.000000	0.000000	0.004594	0.994898	0.000371	0.000000	0.000000	0.000000
446	0.000137	0.000000	0.000000	0.004667	0.994815	0.000381	0.000000	0.000000	0.000000
447	0.000121	0.000000	0.000000	0.004674	0.994833	0.000372	0.000000	0.000000	0.000000
448	0.000115	0.000000	0.000000	0.004582	0.994926	0.000377	0.000000	0.000000	0.000000
449	0.000107	0.000000	0.000000	0.004593	0.994903	0.000397	0.000000	0.000000	0.000000
450	0.000092	0.000000	0.000000	0.004589	0.994917	0.000402	0.000000	0.000000	0.000000
451	0.000092	0.000000	0.000000	0.004604	0.994937	0.000367	0.000000	0.000000	0.000000
452	0.000092	0.000000	0.000000	0.004600	0.994955	0.000353	0.000000	0.000000	0.000000
453	0.000089	0.000000	0.000000	0.004546	0.995006	0.000359	0.000000	0.000000	0.000000
454	0.000078	0.000000	0.000000	0.004613	0.994947	0.000362	0.000000	0.000000	0.000000
455	0.000070	0.000000	0.000000	0.004655	0.994907	0.000368	0.000000	0.000000	0.000000
456	0.000059	0.000000	0.000000	0.004665	0.994911	0.000365	0.000000	0.000000	0.000000
457	0.000052	0.000000	0.000000	0.004684	0.994904	0.000360	0.000000	0.000000	0.000000
458	0.000045	0.000000	0.000000	0.004694	0.994888	0.000373	0.000000	0.000000	0.000000
459	0.000053	0.000000	0.000000	0.004742	0.994862	0.000343	0.000000	0.000000	0.000000
460	0.000053	0.000000	0.000000	0.004672	0.994918	0.000357	0.000000	0.000000	0.000000
461	0.000055	0.000000	0.000000	0.004724	0.994853	0.000368	0.000000	0.000000	0.000000
462	0.000051	0.000000	0.000000	0.004621	0.994987	0.000341	0.000000	0.000000	0.000000
463	0.000042	0.000000	0.000000	0.004635	0.994988	0.000335	0.000000	0.000000	0.000000
464	0.000035	0.000000	0.000000	0.004660	0.994969	0.000336	0.000000	0.000000	0.000000
465	0.000033	0.000000	0.000000	0.004626	0.994994	0.000347	0.000000	0.000000	0.000000
466	0.000035	0.000000	0.000000	0.004654	0.994960	0.000351	0.000000	0.000000	0.000000
467	0.000034	0.000000	0.000000	0.004627	0.994972	0.000367	0.000000	0.000000	0.000000
468	0.000042	0.000000	0.000000	0.004692	0.994901	0.000365	0.000000	0.000000	0.000000
469	0.000037	0.000000	0.000000	0.004683	0.994911	0.000369	0.000000	0.000000	0.000000
470	0.000045	0.000000	0.000000	0.004670	0.994948	0.000337	0.000000	0.000000	0.000000
