0	0.290663	0.057897	0.229473	0.157588	0.029913	0.111872	0.085455	0.012259	0.024880
1	0.231348	0.047933	0.197952	0.142988	0.029122	0.122058	0.116860	0.022565	0.089174
2	0.229184	0.047042	0.197106	0.139733	0.030187	0.120805	0.116561	0.022381	0.097001
3	0.232972	0.047077	0.198880	0.137750	0.031436	0.117972	0.112968	0.021707	0.099238
4	0.238154	0.046891	0.200396	0.135254	0.033051	0.115750	0.109449	0.020815	0.100240
5	0.243576	0.047098	0.202210	0.132737	0.034403	0.112436	0.105767	0.019880	0.101893
6	0.250406	0.047025	0.203290	0.130741	0.035874	0.109198	0.101964	0.018709	0.102793
7	0.256612	0.047034	0.204973	0.128556	0.037567	0.105989	0.097914	0.017652	0.103703
8	0.262998	0.046764	0.206129	0.126543	0.039262	0.102674	0.094505	0.016746	0.104379
9	0.269230	0.046565	0.207639	0.124535	0.040762	0.099679	0.090855	0.015901	0.104834
10	0.275178	0.046087	0.208246	0.122369	0.042660	0.097328	0.087453	0.014764	0.105915
11	0.280903	0.045536	0.209362	0.120203	0.044880	0.094588	0.084152	0.013934	0.106442
12	0.286709	0.044991	0.209947	0.118822	0.046635	0.092100	0.080504	0.012863	0.107429
13	0.292596	0.044654	0.211264	0.116453	0.048799	0.089384	0.076989	0.012039	0.107822
14	0.297957	0.044320	0.212102	0.114182	0.050775	0.086966	0.074071	0.011168	0.108459
15	0.304216	0.043504	0.213041	0.112031	0.053175	0.084075	0.070690	0.010480	0.108788
16	0.309018	0.043037	0.213842	0.109935	0.055518	0.081567	0.067906	0.009768	0.109409
17	0.314654	0.042958	0.214554	0.107715	0.057940	0.078648	0.065066	0.009253	0.109212
18	0.319606	0.042375	0.214571	0.106314	0.060367	0.076568	0.062155	0.008745	0.109299
19	0.324524	0.041821	0.215191	0.104296	0.063145	0.073553	0.059514	0.008134	0.109822
20	0.329425	0.041209	0.215258	0.102440	0.065772	0.070889	0.057210	0.007579	0.110218
21	0.334144	0.040452	0.215401	0.099961	0.068795	0.068855	0.054660	0.007017	0.110715
22	0.338837	0.039947	0.215010	0.098258	0.071741	0.066695	0.052216	0.006540	0.110756
23	0.344041	0.039451	0.214234	0.096555	0.074439	0.064401	0.049691	0.006062	0.111126
24	0.348521	0.038749	0.213876	0.094376	0.078018	0.062335	0.047444	0.005672	0.111009
25	0.352694	0.037992	0.213482	0.092956	0.081284	0.060164	0.045147	0.005509	0.110772
26	0.356774	0.037145	0.213650	0.091327	0.084394	0.058136	0.042900	0.005164	0.110510
27	0.361422	0.036395	0.212950	0.089739	0.087313	0.056191	0.041243	0.004828	0.109919
28	0.365006	0.035584	0.212672	0.087671	0.090848	0.054658	0.039247	0.004578	0.109736
29	0.368302	0.034941	0.211944	0.085653	0.094702	0.052865	0.037506	0.004252	0.109835
30	0.371382	0.034319	0.211188	0.083705	0.098484	0.051194	0.035798	0.003956	0.109974
31	0.374894	0.033744	0.210182	0.082168	0.102222	0.049412	0.033955	0.003762	0.109661
32	0.378094	0.033211	0.208770	0.080488	0.106498	0.047924	0.032313	0.003507	0.109195
33	0.380133	0.032438	0.207973	0.078896	0.110679	0.046587	0.030921	0.003226	0.109147
34	0.382717	0.031679	0.206955	0.077349	0.115005	0.045009	0.029489	0.003042	0.108755
35	0.384177	0.031072	0.206160	0.076213	0.119223	0.043666	0.027765	0.002834	0.108890
36	0.386808	0.030369	0.205242	0.074601	0.123527	0.042152	0.026505	0.002641	0.108155
37	0.389456	0.029601	0.203774	0.073103	0.128136	0.040926	0.024857	0.002558	0.107589
38	0.392094	0.028886	0.201386	0.071839	0.132984	0.039644	0.023689	0.002304	0.107174
39	0.394004	0.028504	0.200093	0.070478	0.137881	0.038472	0.022549	0.002229	0.105790
40	0.395665	0.027801	0.198808	0.069072	0.142636	0.037610	0.021474	0.002142	0.104792
41	0.396673	0.027232	0.197214	0.068118	0.147203	0.036648	0.020545	0.002015	0.104352
42	0.398457	0.026759	0.195656	0.067204	0.152309	0.035501	0.019044	0.001889	0.103181
43	0.399077	0.026239	0.193945	0.065750	0.157790	0.034425	0.018105	0.001826	0.102843
44	0.399434	0.025822	0.192419	0.065134	0.162906	0.033467	0.017018	0.001715	0.102085
45	0.400026	0.024956	0.189854	0.064442	0.168863	0.032814	0.016175	0.001568	0.101302
46	0.400127	0.024468	0.188364	0.063547	0.174915	0.031595	0.015120	0.001475	0.100389
47	0.400110	0.023886	0.186732	0.062868	0.180682	0.030668	0.014370	0.001377	0.099307
48	0.400341	0.023472	0.184719	0.061983	0.186287	0.029797	0.013799	0.001277	0.098325
49	0.400508	0.022946	0.182420	0.061208	0.191922	0.029422	0.013059	0.001239	0.097276
50	0.400325	0.022262	0.179831	0.060392	0.198556	0.028841	0.012303	0.001170	0.096320
51	0.399808	0.021878	0.177877	0.059428	0.205205	0.028090	0.011573	0.001137	0.095004
52	0.399244	0.021265	0.175477	0.059187	0.211395	0.027555	0.010829	0.001021	0.094027
53	0.398125	0.020810	0.173781	0.058725	0.217803	0.026727	0.010199	0.000973	0.092857
54	0.396862	0.019994	0.171841	0.058172	0.224634	0.026201	0.009672	0.000900	0.091724
55	0.395670	0.019268	0.169582	0.057691	0.231540	0.025671	0.009188	0.000876	0.090514
56	0.394918	0.018700	0.167362	0.056971	0.237899	0.025162	0.008574	0.000859	0.089555
57	0.392048	0.018484	0.165374	0.056535	0.245562	0.024608	0.008110	0.000806	0.088473
58	0.390527	0.017956	0.163048	0.056203	0.252754	0.024106	0.007667	0.000778	0.086961
59	0.388626	0.017312	0.161063	0.055790	0.259803	0.023694	0.007225	0.000699	0.085788
60	0.387195	0.016991	0.158809	0.054938	0.267240	0.023242	0.006716	0.000666	0.084203
61	0.385435	0.016420	0.156081	0.054964	0.274642	0.022808	0.006198	0.000628	0.082824
62	0.383630	0.015964	0.153858	0.054629	0.281722	0.022414	0.005759	0.000588	0.081436
63	0.381626	0.015342	0.151507	0.054233	0.289377	0.021951	0.005334	0.000553	0.080077
64	0.378674	0.014900	0.149395	0.054073	0.297309	0.021500	0.005086	0.000483	0.078580
65	0.375767	0.014386	0.147408	0.053802	0.304960	0.021178	0.004802	0.000445	0.077252
66	0.372957	0.013802	0.145308	0.053752	0.312912	0.020718	0.004505	0.000381	0.075665
67	0.369995	0.013413	0.142753	0.053381	0.321025	0.020631	0.004174	0.000379	0.074249
68	0.366499	0.012869	0.140222	0.053773	0.329193	0.020321	0.003868	0.000356	0.072899
69	0.363480	0.012338	0.137834	0.053523	0.337302	0.020122	0.003716	0.000285	0.071400
70	0.359788	0.011871	0.135243	0.053151	0.346246	0.019990	0.003546	0.000252	0.069913
71	0.356114	0.011582	0.133003	0.052792	0.355016	0.019762	0.003253	0.000250	0.068228
72	0.352465	0.011225	0.130788	0.052640	0.363669	0.019367	0.003027	0.000211	0.066608
73	0.348742	0.010944	0.128350	0.052694	0.372128	0.019186	0.002871	0.000190	0.064895
74	0.344852	0.010579	0.125954	0.052089	0.380994	0.018841	0.002728	0.000182	0.063781
75	0.341256	0.010213	0.123366	0.051730	0.389914	0.018452	0.002564	0.000169	0.062336
76	0.336977	0.009886	0.120835	0.051655	0.398702	0.018546	0.002460	0.000135	0.060804
77	0.332935	0.009486	0.118539	0.051382	0.407730	0.018325	0.002231	0.000132	0.059240
78	0.328989	0.009235	0.116238	0.051276	0.416219	0.018209	0.002052	0.000124	0.057658
79	0.324876	0.008951	0.113631	0.051001	0.425003	0.018029	0.001951	0.000096	0.056462
80	0.320455	0.008507	0.110839	0.051241	0.434486	0.017745	0.001783	0.000101	0.054843
81	0.315988	0.008240	0.108415	0.051330	0.443174	0.017793	0.001696	0.000083	0.053281
82	0.311088	0.008005	0.106230	0.051316	0.452482	0.017408	0.001504	0.000079	0.051888
83	0.306687	0.007761	0.103769	0.051277	0.461358	0.017255	0.001431	0.000061	0.050401
84	0.301902	0.007498	0.101003	0.051144	0.470354	0.017291	0.001312	0.000061	0.049435
85	0.297075	0.007276	0.098741	0.050941	0.479602	0.017183	0.001251	0.000056	0.047875
86	0.292331	0.006855	0.096601	0.050825	0.489111	0.016963	0.001135	0.000052	0.046127
87	0.286777	0.006705	0.094704	0.050506	0.498367	0.017124	0.001096	0.000042	0.044679
88	0.281719	0.006487	0.092236	0.050608	0.507600	0.017069	0.000961	0.000038	0.043282
89	0.276794	0.006243	0.089898	0.050629	0.516751	0.016812	0.000959	0.000032	0.041882
90	0.271598	0.006020	0.088138	0.050771	0.525363	0.016726	0.000857	0.000032	0.040495
91	0.266465	0.005906	0.085868	0.050814	0.534269	0.016631	0.000829	0.000032	0.039186
92	0.261877	0.005605	0.083697	0.051129	0.542669	0.016623	0.000761	0.000023	0.037616
93	0.256625	0.005435	0.081473	0.051190	0.551631	0.016655	0.000709	0.000020	0.036262
94	0.251514	0.005209	0.079478	0.051121	0.560495	0.016709	0.000606	0.000019	0.034849
95	0.246242	0.005079	0.077690	0.051204	0.568715	0.016744	0.000567	0.000019	0.033740
96	0.240941	0.004986	0.075543	0.051497	0.577448	0.016464	0.000512	0.000019	0.032590
97	0.235940	0.004738	0.073363	0.051681	0.585648	0.016553	0.000448	0.000016	0.031613
98	0.230944	0.004555	0.071172	0.051791	0.594215	0.016467	0.000414	0.000012	0.030430
99	0.225468	0.004358	0.069285	0.051836	0.602875	0.016330	0.000359	0.000011	0.029478
100	0.220140	0.004080	0.067605	0.051987	0.611004	0.016354	0.000340	0.000010	0.028480
101	0.215410	0.003852	0.065380	0.052177	0.619119	0.016119	0.000284	0.000009	0.027650
102	0.209837	0.003616	0.063725	0.052111	0.627923	0.016200	0.000280	0.000011	0.026297
103	0.204417	0.003317	0.061868	0.052206	0.636372	0.016106	0.000257	0.000008	0.025449
104	0.199034	0.003199	0.059917	0.052185	0.644794	0.015978	0.000218	0.000006	0.024669
105	0.193389	0.003015	0.058206	0.052110	0.653490	0.015970	0.000209	0.000008	0.023603
106	0.188020	0.002883	0.056512	0.052473	0.661260	0.015986	0.000202	0.000001	0.022663
107	0.182522	0.002769	0.054847	0.052644	0.669460	0.016034	0.000178	0.000001	0.021545
108	0.177522	0.002687	0.053356	0.052436	0.677138	0.015886	0.000151	0.000001	0.020823
109	0.172745	0.002600	0.051363	0.052562	0.684652	0.015991	0.000122	0.000001	0.019964
110	0.167801	0.002437	0.049563	0.052637	0.692492	0.015998	0.000118	0.000001	0.018953
111	0.163246	0.002269	0.047713	0.052953	0.699858	0.015866	0.000115	0.000000	0.017980
112	0.158333	0.002181	0.046122	0.053205	0.707018	0.015857	0.000093	0.000000	0.017191
113	0.153596	0.002032	0.044444	0.053621	0.713742	0.016113	0.000095	0.000000	0.016357
114	0.149073	0.001916	0.042764	0.053854	0.720684	0.015958	0.000090	0.000000	0.015661
115	0.144424	0.001928	0.041377	0.053745	0.727566	0.015994	0.000071	0.000000	0.014895
116	0.140000	0.001753	0.039832	0.053493	0.734683	0.016015	0.000065	0.000000	0.014159
117	0.135403	0.001676	0.038109	0.053749	0.741533	0.015981	0.000052	0.000000	0.013497
118	0.130739	0.001538	0.036912	0.053995	0.748075	0.015939	0.000049	0.000000	0.012753
119	0.126414	0.001427	0.035529	0.054018	0.754575	0.015855	0.000043	0.000000	0.012139
120	0.121933	0.001380	0.034213	0.054357	0.760821	0.015797	0.000048	0.000000	0.011451
121	0.117561	0.001282	0.032892	0.054660	0.766738	0.015934	0.000042	0.000000	0.010891
122	0.113272	0.001255	0.031808	0.054601	0.772911	0.015762	0.000039	0.000000	0.010352
123	0.109314	0.001204	0.030589	0.054799	0.778582	0.015715	0.000041	0.000000	0.009756
124	0.105255	0.001167	0.029354	0.055035	0.784264	0.015681	0.000041	0.000000	0.009203
125	0.101312	0.001082	0.028112	0.055168	0.789686	0.015749	0.000037	0.000000	0.008854
126	0.097071	0.000992	0.027060	0.055307	0.795444	0.015806	0.000035	0.000000	0.008285
127	0.093406	0.000917	0.026019	0.055608	0.800461	0.015546	0.000026	0.000000	0.008017
128	0.089828	0.000831	0.024864	0.055799	0.805574	0.015515	0.000040	0.000000	0.007549
129	0.086160	0.000776	0.023801	0.055813	0.810934	0.015489	0.000037	0.000000	0.006990
130	0.082525	0.000728	0.022944	0.056335	0.815320	0.015537	0.000030	0.000000	0.006581
131	0.079208	0.000704	0.021826	0.056629	0.819926	0.015371	0.000027	0.000000	0.006309
132	0.075727	0.000688	0.020733	0.056439	0.825100	0.015233	0.000025	0.000000	0.006055
133	0.072566	0.000610	0.019803	0.056560	0.829419	0.015321	0.000022	0.000000	0.005699
134	0.069465	0.000582	0.018826	0.057036	0.833665	0.015213	0.000025	0.000000	0.005188
135	0.066735	0.000548	0.018087	0.056848	0.837628	0.015195	0.000030	0.000000	0.004929
136	0.063618	0.000507	0.017292	0.056890	0.841818	0.015176	0.000029	0.000000	0.004670
137	0.060607	0.000482	0.016330	0.057020	0.845896	0.015215	0.000021	0.000000	0.004429
138	0.057899	0.000462	0.015353	0.057209	0.849906	0.015069	0.000016	0.000000	0.004086
139	0.055407	0.000408	0.014595	0.057406	0.853110	0.015249	0.000016	0.000000	0.003809
140	0.052747	0.000390	0.013863	0.057536	0.856689	0.015225	0.000012	0.000000	0.003538
141	0.050158	0.000362	0.013368	0.057642	0.859964	0.015230	0.000012	0.000000	0.003264
142	0.047607	0.000357	0.012774	0.057443	0.863507	0.015340	0.000015	0.000000	0.002957
143	0.045618	0.000361	0.012058	0.057483	0.866496	0.015191	0.000010	0.000000	0.002783
144	0.043289	0.000336	0.011566	0.057617	0.869371	0.015210	0.000008	0.000000	0.002603
145	0.041223	0.000307	0.011034	0.057648	0.872213	0.015141	0.000004	0.000000	0.002430
146	0.039095	0.000272	0.010399	0.057927	0.875097	0.014990	0.000003	0.000000	0.002217
147	0.037098	0.000264	0.009771	0.058023	0.877866	0.014927	0.000002	0.000000	0.002049
148	0.035051	0.000234	0.009260	0.058239	0.880335	0.014994	0.000000	0.000000	0.001887
149	0.033105	0.000216	0.008822	0.058166	0.883010	0.014936	0.000000	0.000000	0.001745
150	0.031553	0.000201	0.008372	0.058374	0.884908	0.015008	0.000000	0.000000	0.001584
151	0.029900	0.000196	0.007819	0.058660	0.886826	0.015124	0.000000	0.000000	0.001475
152	0.028399	0.000183	0.007315	0.058801	0.888721	0.015185	0.000000	0.000000	0.001396
153	0.026727	0.000170	0.006918	0.058891	0.890873	0.015132	0.000000	0.000000	0.001289
154	0.025169	0.000170	0.006434	0.058837	0.893007	0.015183	0.000000	0.000000	0.001200
155	0.023919	0.000173	0.005963	0.058830	0.894662	0.015321	0.000000	0.000000	0.001132
156	0.022469	0.000167	0.005584	0.058920	0.896412	0.015401	0.000000	0.000000	0.001047
157	0.021121	0.000155	0.005155	0.058892	0.898307	0.015358	0.000000	0.000000	0.001012
158	0.019948	0.000159	0.004915	0.058931	0.899720	0.015405	0.000000	0.000000	0.000922
159	0.018848	0.000152	0.004626	0.059063	0.901347	0.015126	0.000000	0.000000	0.000838
160	0.017879	0.000146	0.004364	0.058903	0.902943	0.014996	0.000000	0.000000	0.000769
161	0.016938	0.000122	0.004135	0.058786	0.904340	0.014992	0.000000	0.000000	0.000687
162	0.015910	0.000122	0.003884	0.058986	0.905435	0.015056	0.000000	0.000000	0.000607
163	0.014860	0.000109	0.003619	0.059044	0.906812	0.015002	0.000000	0.000000	0.000554
164	0.013913	0.000119	0.003367	0.059125	0.908042	0.014924	0.000000	0.000000	0.000510
165	0.013086	0.000117	0.003198	0.059067	0.909120	0.014940	0.000000	0.000000	0.000472
166	0.012174	0.000111	0.003051	0.059124	0.910050	0.015054	0.000000	0.000000	0.000436
167	0.011563	0.000119	0.002838	0.059217	0.910745	0.015153	0.000000	0.000000	0.000365
168	0.010817	0.000109	0.002683	0.059078	0.911754	0.015230	0.000000	0.000000	0.000329
169	0.010157	0.000109	0.002453	0.059227	0.912736	0.015030	0.000000	0.000000	0.000288
170	0.009493	0.000101	0.002242	0.059321	0.913301	0.015317	0.000000	0.000000	0.000225
171	0.008973	0.000104	0.002079	0.059251	0.914130	0.015252	0.000000	0.000000	0.000211
172	0.008482	0.000095	0.001930	0.059283	0.914669	0.015346	0.000000	0.000000	0.000195
173	0.008007	0.000095	0.001774	0.059458	0.915207	0.015297	0.000000	0.000000	0.000162
174	0.007405	0.000099	0.001658	0.059286	0.916123	0.015272	0.000000	0.000000	0.000157
175	0.006970	0.000095	0.001501	0.059558	0.916386	0.015345	0.000000	0.000000	0.000145
176	0.006463	0.000106	0.001394	0.059729	0.916962	0.015211	0.000000	0.000000	0.000135
177	0.006114	0.000092	0.001299	0.059958	0.917121	0.015288	0.000000	0.000000	0.000128
178	0.005785	0.000098	0.001202	0.060065	0.917264	0.015461	0.000000	0.000000	0.000125
179	0.005432	0.000097	0.001109	0.059664	0.918052	0.015531	0.000000	0.000000	0.000115
180	0.005130	0.000092	0.001046	0.059553	0.918607	0.015476	0.000000	0.000000	0.000096
181	0.004836	0.000078	0.001013	0.059444	0.919033	0.015499	0.000000	0.000000	0.000097
182	0.004590	0.000063	0.000991	0.059527	0.919336	0.015407	0.000000	0.000000	0.000086
183	0.004337	0.000058	0.000913	0.059662	0.919522	0.015437	0.000000	0.000000	0.000071
184	0.004058	0.000049	0.000825	0.059724	0.919844	0.015443	0.000000	0.000000	0.000057
185	0.003803	0.000039	0.000756	0.059170	0.920787	0.015393	0.000000	0.000000	0.000052
186	0.003559	0.000037	0.000694	0.059301	0.920990	0.015373	0.000000	0.000000	0.000046
187	0.003360	0.000034	0.000647	0.059526	0.920871	0.015523	0.000000	0.000000	0.000039
188	0.003170	0.000035	0.000621	0.059421	0.921206	0.015507	0.000000	0.000000	0.000040
189	0.002961	0.000037	0.000571	0.059370	0.921512	0.015507	0.000000	0.000000	0.000042
190	0.002757	0.000036	0.000521	0.059076	0.922047	0.015525	0.000000	0.000000	0.000038
191	0.002589	0.000034	0.000495	0.059286	0.922137	0.015424	0.000000	0.000000	0.000035
192	0.002405	0.000043	0.000448	0.058951	0.922555	0.015570	0.000000	0.000000	0.000028
193	0.002274	0.000037	0.000411	0.059095	0.922682	0.015473	0.000000	0.000000	0.000028
194	0.002125	0.000044	0.000376	0.058604	0.923303	0.015527	0.000000	0.000000	0.000021
195	0.001953	0.000043	0.000360	0.058683	0.923380	0.015564	0.000000	0.000000	0.000017
196	0.001763	0.000039	0.000334	0.058729	0.923541	0.015579	0.000000	0.000000	0.000015
197	0.001650	0.000038	0.000332	0.058967	0.923531	0.015468	0.000000	0.000000	0.000014
198	0.001511	0.000044	0.000298	0.058664	0.923892	0.015579	0.000000	0.000000	0.000012
199	0.001397	0.000047	0.000299	0.058713	0.923789	0.015743	0.000000	0.000000	0.000012
200	0.001327	0.000046	0.000280	0.058680	0.923949	0.015702	0.000000	0.000000	0.000016
201	0.001221	0.000043	0.000260	0.058926	0.923752	0.015784	0.000000	0.000000	0.000014
202	0.001120	0.000039	0.000227	0.059234	0.923479	0.015893	0.000000	0.000000	0.000008
203	0.001041	0.000047	0.000217	0.059222	0.923521	0.015948	0.000000	0.000000	0.000004
204	0.000971	0.000046	0.000211	0.059269	0.923576	0.015924	0.000000	0.000000	0.000003
205	0.000956	0.000040	0.000186	0.059279	0.923738	0.015797	0.000000	0.000000	0.000004
206	0.000917	0.000040	0.000150	0.059325	0.923738	0.015825	0.000000	0.000000	0.000005
207	0.000860	0.000036	0.000141	0.059106	0.923996	0.015856	0.000000	0.000000	0.000005
208	0.000809	0.000034	0.000126	0.059188	0.923927	0.015914	0.000000	0.000000	0.000002
209	0.000798	0.000026	0.000116	0.059188	0.923999	0.015870	0.000000	0.000000	0.000003
210	0.000715	0.000025	0.000114	0.059302	0.923953	0.015890	0.000000	0.000000	0.000001
211	0.000670	0.000018	0.000113	0.059035	0.924299	0.015862	0.000000	0.000000	0.000003
212	0.000632	0.000014	0.000105	0.059153	0.924218	0.015876	0.000000	0.000000	0.000002
213	0.000584	0.000021	0.000084	0.058989	0.924527	0.015790	0.000000	0.000000	0.000005
214	0.000541	0.000017	0.000078	0.059204	0.924411	0.015745	0.000000	0.000000	0.000004
215	0.000500	0.000010	0.000079	0.058734	0.924837	0.015837	0.000000	0.000000	0.000003
216	0.000461	0.000005	0.000067	0.058455	0.925001	0.016005	0.000000	0.000000	0.000006
217	0.000434	0.000005	0.000068	0.058467	0.924844	0.016176	0.000000	0.000000	0.000006
218	0.000397	0.000005	0.000055	0.058590	0.924882	0.016065	0.000000	0.000000	0.000006
219	0.000347	0.000003	0.000062	0.058639	0.924938	0.016007	0.000000	0.000000	0.000004
220	0.000338	0.000002	0.000060	0.058598	0.924912	0.016085	0.000000	0.000000	0.000005
221	0.000318	0.000002	0.000053	0.058801	0.924807	0.016018	0.000000	0.000000	0.000001
222	0.000286	0.000002	0.000056	0.058813	0.924692	0.016149	0.000000	0.000000	0.000002
223	0.000247	0.000002	0.000070	0.058662	0.924775	0.016243	0.000000	0.000000	0.000001
224	0.000227	0.000001	0.000059	0.058510	0.924994	0.016209	0.000000	0.000000	0.000000
225	0.000212	0.000000	0.000058	0.058293	0.925214	0.016222	0.000000	0.000000	0.000001
226	0.000205	0.000000	0.000065	0.058321	0.925400	0.016006	0.000000	0.000000	0.000003
227	0.000191	0.000000	0.000064	0.058005	0.925796	0.015941	0.000000	0.000000	0.000003
228	0.000188	0.000000	0.000060	0.057943	0.925695	0.016111	0.000000	0.000000	0.000003
229	0.000177	0.000000	0.000053	0.057887	0.925992	0.015888	0.000000	0.000000	0.000003
230	0.000163	0.000000	0.000048	0.057910	0.925780	0.016097	0.000000	0.000000	0.000002
231	0.000161	0.000000	0.000044	0.058055	0.925646	0.016088	0.000000	0.000000	0.000006
232	0.000154	0.000000	0.000050	0.058092	0.925557	0.016143	0.000000	0.000000	0.000004
233	0.000146	0.000000	0.000046	0.058203	0.925549	0.016053	0.000000	0.000000	0.000003
234	0.000140	0.000000	0.000042	0.058014	0.925619	0.016182	0.000000	0.000000	0.000003
235	0.000134	0.000000	0.000035	0.058281	0.925268	0.016277	0.000000	0.000000	0.000005
236	0.000118	0.000000	0.000036	0.058066	0.925524	0.016251	0.000000	0.000000	0.000005
237	0.000108	0.000000	0.000030	0.058206	0.925425	0.016226	0.000000	0.000000	0.000005
238	0.000100	0.000000	0.000023	0.058075	0.925586	0.016207	0.000000	0.000000	0.000009
239	0.000098	0.000000	0.000017	0.058189	0.925555	0.016137	0.000000	0.000000	0.000004
240	0.000090	0.000000	0.000013	0.058174	0.925538	0.016182	0.000000	0.000000	0.000003
241	0.000063	0.000000	0.000009	0.058130	0.925579	0.016216	0.000000	0.000000	0.000003
242	0.000058	0.000000	0.000010	0.057948	0.925720	0.016261	0.000000	0.000000	0.000003
243	0.000057	0.000000	0.000007	0.057796	0.925845	0.016292	0.000000	0.000000	0.000003
244	0.000059	0.000000	0.000007	0.057720	0.925873	0.016337	0.000000	0.000000	0.000004
245	0.000049	0.000000	0.000003	0.058123	0.925557	0.016264	0.000000	0.000000	0.000004
246	0.000040	0.000000	0.000007	0.057957	0.925727	0.016267	0.000000	0.000000	0.000002
247	0.000029	0.000000	0.000002	0.057756	0.926090	0.016120	0.000000	0.000000	0.000003
248	0.000024	0.000000	0.000003	0.057975	0.925795	0.016201	0.000000	0.000000	0.000002
249	0.000016	0.000000	0.000004	0.058052	0.925831	0.016097	0.000000	0.000000	0.000000
250	0.000016	0.000000	0.000003	0.057831	0.925922	0.016227	0.000000	0.000000	0.000001
251	0.000013	0.000000	0.000002	0.058022	0.925683	0.016279	0.000000	0.000000	0.000001
252	0.000017	0.000000	0.000002	0.058265	0.925477	0.016238	0.000000	0.000000	0.000001
253	0.000019	0.000000	0.000002	0.058429	0.925227	0.016322	0.000000	0.000000	0.000001
254	0.000014	0.000000	0.000003	0.058384	0.925214	0.016385	0.000000	0.000000	0.000000
255	0.000010	0.000000	0.000003	0.058533	0.925051	0.016403	0.000000	0.000000	0.000000
256	0.000008	0.000000	0.000003	0.058428	0.925374	0.016187	0.000000	0.000000	0.000000
257	0.000009	0.000000	0.000001	0.058226	0.925517	0.016247	0.000000	0.000000	0.000000
258	0.000006	0.000000	0.000003	0.058241	0.925368	0.016382	0.000000	0.000000	0.000000
259	0.000007	0.000000	0.000002	0.057958	0.925568	0.016465	0.000000	0.000000	0.000000
260	0.000008	0.000000	0.000001	0.057701	0.926072	0.016218	0.000000	0.000000	0.000000
261	0.000010	0.000000	0.000001	0.057731	0.925979	0.016279	0.000000	0.000000	0.000000
262	0.000012	0.000000	0.000000	0.057813	0.925941	0.016234	0.000000	0.000000	0.000000
263	0.000013	0.000000	0.000000	0.057794	0.925793	0.016400	0.000000	0.000000	0.000000
264	0.000015	0.000000	0.000000	0.057367	0.926443	0.016175	0.000000	0.000000	0.000000
265	0.000012	0.000000	0.000000	0.057387	0.926464	0.016137	0.000000	0.000000	0.000000
266	0.000008	0.000000	0.000000	0.057266	0.926298	0.016428	0.000000	0.000000	0.000000
267	0.000008	0.000000	0.000000	0.057482	0.926254	0.016256	0.000000	0.000000	0.000000
268	0.000009	0.000000	0.000000	0.057312	0.926503	0.016176	0.000000	0.000000	0.000000
269	0.000010	0.000000	0.000000	0.057410	0.926416	0.016164	0.000000	0.000000	0.000000
270	0.000005	0.000000	0.000000	0.057347	0.926483	0.016165	0.000000	0.000000	0.000000
271	0.000007	0.000000	0.000000	0.057076	0.926581	0.016336	0.000000	0.000000	0.000000
272	0.000008	0.000000	0.000000	0.057082	0.926624	0.016286	0.000000	0.000000	0.000000
273	0.000006	0.000000	0.000000	0.057106	0.926542	0.016346	0.000000	0.000000	0.000000
274	0.000006	0.000000	0.000000	0.057340	0.926352	0.016302	0.000000	0.000000	0.000000
275	0.000004	0.000000	0.000000	0.057021	0.926501	0.016474	0.000000	0.000000	0.000000
276	0.000002	0.000000	0.000000	0.057025	0.926568	0.016405	0.000000	0.000000	0.000000
277	0.000001	0.000000	0.000000	0.056595	0.927005	0.016399	0.000000	0.000000	0.000000
278	0.000000	0.000000	0.000000	0.056592	0.926808	0.016600	0.000000	0.000000	0.000000
279	0.000000	0.000000	0.000000	0.056589	0.926932	0.016479	0.000000	0.000000	0.000000
280	0.000000	0.000000	0.000000	0.056562	0.926945	0.016493	0.000000	0.000000	0.000000
281	0.000000	0.000000	0.000000	0.056717	0.926609	0.016674	0.000000	0.000000	0.000000
282	0.000000	0.000000	0.000000	0.056451	0.927018	0.016531	0.000000	0.000000	0.000000
283	0.000000	0.000000	0.000000	0.056552	0.926937	0.016511	0.000000	0.000000	0.000000
284	0.000000	0.000000	0.000000	0.056478	0.926946	0.016576	0.000000	0.000000	0.000000
285	0.000000	0.000000	0.000000	0.056651	0.926849	0.016500	0.000000	0.000000	0.000000
286	0.000000	0.000000	0.000000	0.056472	0.926957	0.016571	0.000000	0.000000	0.000000
287	0.000000	0.000000	0.000000	0.056514	0.927037	0.016449	0.000000	0.000000	0.000000
288	0.000000	0.000000	0.000000	0.056355	0.927228	0.016417	0.000000	0.000000	0.000000
289	0.000000	0.000000	0.000000	0.055996	0.927416	0.016588	0.000000	0.000000	0.000000
290	0.000000	0.000000	0.000000	0.055861	0.927489	0.016650	0.000000	0.000000	0.000000
291	0.000000	0.000000	0.000000	0.055781	0.927555	0.016664	0.000000	0.000000	0.000000
292	0.000000	0.000000	0.000000	0.055792	0.927625	0.016583	0.000000	0.000000	0.000000
293	0.000000	0.000000	0.000000	0.055921	0.927479	0.016600	0.000000	0.000000	0.000000
294	0.000000	0.000000	0.000000	0.056027	0.927292	0.016681	0.000000	0.000000	0.000000
295	0.000000	0.000000	0.000000	0.056094	0.927104	0.016802	0.000000	0.000000	0.000000
296	0.000000	0.000000	0.000000	0.055859	0.927196	0.016945	0.000000	0.000000	0.000000
297	0.000000	0.000000	0.000000	0.055849	0.927242	0.016909	0.000000	0.000000	0.000000
298	0.000000	0.000000	0.000000	0.055596	0.927445	0.016959	0.000000	0.000000	0.000000
299	0.000000	0.000000	0.000000	0.055656	0.927587	0.016757	0.000000	0.000000	0.000000
300	0.000000	0.000000	0.000000	0.056003	0.927070	0.016927	0.000000	0.000000	0.000000
301	0.000000	0.000000	0.000000	0.056031	0.927271	0.016698	0.000000	0.000000	0.000000
302	0.000000	0.000000	0.000000	0.055922	0.927254	0.016824	0.000000	0.000000	0.000000
303	0.000000	0.000000	0.000000	0.055859	0.927310	0.016831	0.000000	0.000000	0.000000
304	0.000000	0.000000	0.000000	0.056043	0.927131	0.016826	0.000000	0.000000	0.000000
305	0.000000	0.000000	0.000000	0.056059	0.927045	0.016896	0.000000	0.000000	0.000000
306	0.000000	0.000000	0.000000	0.056132	0.927040	0.016828	0.000000	0.000000	0.000000
307	0.000000	0.000000	0.000000	0.056122	0.927122	0.016756	0.000000	0.000000	0.000000
308	0.000000	0.000000	0.000000	0.055933	0.927149	0.016918	0.000000	0.000000	0.000000
309	0.000000	0.000000	0.000000	0.056078	0.927008	0.016914	0.000000	0.000000	0.000000
310	0.000000	0.000000	0.000000	0.056179	0.926943	0.016878	0.000000	0.000000	0.000000
311	0.000000	0.000000	0.000000	0.056100	0.927166	0.016734	0.000000	0.000000	0.000000
312	0.000000	0.000000	0.000000	0.055744	0.927314	0.016942	0.000000	0.000000	0.000000
313	0.000000	0.000000	0.000000	0.055691	0.927450	0.016859	0.000000	0.000000	0.000000
314	0.000000	0.000000	0.000000	0.056030	0.926966	0.017004	0.000000	0.000000	0.000000
315	0.000000	0.000000	0.000000	0.055987	0.927118	0.016895	0.000000	0.000000	0.000000
316	0.000000	0.000000	0.000000	0.055910	0.926953	0.017137	0.000000	0.000000	0.000000
317	0.000000	0.000000	0.000000	0.055908	0.926865	0.017227	0.000000	0.000000	0.000000
318	0.000000	0.000000	0.000000	0.055854	0.927061	0.017085	0.000000	0.000000	0.000000
319	0.000000	0.000000	0.000000	0.055943	0.926940	0.017117	0.000000	0.000000	0.000000
320	0.000000	0.000000	0.000000	0.056107	0.926954	0.016939	0.000000	0.000000	0.000000
321	0.000000	0.000000	0.000000	0.055950	0.927175	0.016875	0.000000	0.000000	0.000000
322	0.000000	0.000000	0.000000	0.056014	0.926996	0.016990	0.000000	0.000000	0.000000
323	0.000000	0.000000	0.000000	0.055883	0.927297	0.016820	0.000000	0.000000	0.000000
324	0.000000	0.000000	0.000000	0.055916	0.927246	0.016838	0.000000	0.000000	0.000000
325	0.000000	0.000000	0.000000	0.055998	0.927014	0.016988	0.000000	0.000000	0.000000
326	0.000000	0.000000	0.000000	0.055885	0.926987	0.017128	0.000000	0.000000	0.000000
327	0.000000	0.000000	0.000000	0.055915	0.927056	0.017029	0.000000	0.000000	0.000000
328	0.000000	0.000000	0.000000	0.055742	0.927234	0.017024	0.000000	0.000000	0.000000
329	0.000000	0.000000	0.000000	0.055598	0.927404	0.016998	0.000000	0.000000	0.000000
330	0.000000	0.000000	0.000000	0.055665	0.927233	0.017102	0.000000	0.000000	0.000000
331	0.000000	0.000000	0.000000	0.055411	0.927568	0.017021	0.000000	0.000000	0.000000
332	0.000000	0.000000	0.000000	0.055285	0.927538	0.017177	0.000000	0.000000	0.000000
333	0.000000	0.000000	0.000000	0.055238	0.927587	0.017175	0.000000	0.000000	0.000000
334	0.000000	0.000000	0.000000	0.055345	0.927476	0.017179	0.000000	0.000000	0.000000
335	0.000000	0.000000	0.000000	0.055480	0.927298	0.017222	0.000000	0.000000	0.000000
336	0.000000	0.000000	0.000000	0.055537	0.927233	0.017230	0.000000	0.000000	0.000000
337	0.000000	0.000000	0.000000	0.055444	0.927495	0.017061	0.000000	0.000000	0.000000
338	0.000000	0.000000	0.000000	0.055615	0.927280	0.017105	0.000000	0.000000	0.000000
339	0.000000	0.000000	0.000000	0.055583	0.927251	0.017166	0.000000	0.000000	0.000000
340	0.000000	0.000000	0.000000	0.055626	0.927121	0.017253	0.000000	0.000000	0.000000
341	0.000000	0.000000	0.000000	0.055695	0.927020	0.017285	0.000000	0.000000	0.000000
342	0.000000	0.000000	0.000000	0.055526	0.927239	0.017235	0.000000	0.000000	0.000000
343	0.000000	0.000000	0.000000	0.055476	0.927169	0.017355	0.000000	0.000000	0.000000
344	0.000000	0.000000	0.000000	0.055383	0.927319	0.017298	0.000000	0.000000	0.000000
345	0.000000	0.000000	0.000000	0.055528	0.927168	0.017304	0.000000	0.000000	0.000000
346	0.000000	0.000000	0.000000	0.055284	0.927538	0.017178	0.000000	0.000000	0.000000
347	0.000000	0.000000	0.000000	0.055548	0.927324	0.017128	0.000000	0.000000	0.000000
348	0.000000	0.000000	0.000000	0.055492	0.927312	0.017196	0.000000	0.000000	0.000000
349	0.000000	0.000000	0.000000	0.055539	0.927190	0.017271	0.000000	0.000000	0.000000
350	0.000000	0.000000	0.000000	0.055468	0.927234	0.017298	0.000000	0.000000	0.000000
351	0.000000	0.000000	0.000000	0.055378	0.927383	0.017239	0.000000	0.000000	0.000000
352	0.000000	0.000000	0.000000	0.055497	0.927169	0.017334	0.000000	0.000000	0.000000
353	0.000000	0.000000	0.000000	0.055419	0.927145	0.017436	0.000000	0.000000	0.000000
354	0.000000	0.000000	0.000000	0.055225	0.927463	0.017312	0.000000	0.000000	0.000000
355	0.000000	0.000000	0.000000	0.055148	0.927558	0.017294	0.000000	0.000000	0.000000
356	0.000000	0.000000	0.000000	0.055330	0.927453	0.017217	0.000000	0.000000	0.000000
357	0.000000	0.000000	0.000000	0.055343	0.927418	0.017239	0.000000	0.000000	0.000000
358	0.000000	0.000000	0.000000	0.055292	0.927443	0.017265	0.000000	0.000000	0.000000
359	0.000000	0.000000	0.000000	0.055425	0.927365	0.017210	0.000000	0.000000	0.000000
360	0.000000	0.000000	0.000000	0.055684	0.927198	0.017118	0.000000	0.000000	0.000000
361	0.000000	0.000000	0.000000	0.055693	0.927080	0.017227	0.000000	0.000000	0.000000
362	0.000000	0.000000	0.000000	0.055883	0.926826	0.017291	0.000000	0.000000	0.000000
363	0.000000	0.000000	0.000000	0.055878	0.926787	0.017335	0.000000	0.000000	0.000000
364	0.000000	0.000000	0.000000	0.056265	0.926497	0.017238	0.000000	0.000000	0.000000
365	0.000000	0.000000	0.000000	0.056435	0.926148	0.017417	0.000000	0.000000	0.000000
366	0.000000	0.000000	0.000000	0.056407	0.926154	0.017439	0.000000	0.000000	0.000000
367	0.000000	0.000000	0.000000	0.056512	0.925970	0.017518	0.000000	0.000000	0.000000
368	0.000000	0.000000	0.000000	0.056691	0.926038	0.017271	0.000000	0.000000	0.000000
369	0.000000	0.000000	0.000000	0.056498	0.926011	0.017491	0.000000	0.000000	0.000000
370	0.000000	0.000000	0.000000	0.056672	0.925894	0.017434	0.000000	0.000000	0.000000
371	0.000000	0.000000	0.000000	0.056237	0.926192	0.017571	0.000000	0.000000	0.000000
372	0.000000	0.000000	0.000000	0.056594	0.925931	0.017475	0.000000	0.000000	0.000000
373	0.000000	0.000000	0.000000	0.056776	0.925792	0.017432	0.000000	0.000000	0.000000
374	0.000000	0.000000	0.000000	0.056765	0.925659	0.017576	0.000000	0.000000	0.000000
375	0.000000	0.000000	0.000000	0.056850	0.925366	0.017784	0.000000	0.000000	0.000000
376	0.000000	0.000000	0.000000	0.057052	0.925228	0.017720	0.000000	0.000000	0.000000
377	0.000000	0.000000	0.000000	0.056868	0.925308	0.017824	0.000000	0.000000	0.000000
378	0.000000	0.000000	0.000000	0.056833	0.925491	0.017676	0.000000	0.000000	0.000000
379	0.000000	0.000000	0.000000	0.056733	0.925527	0.017740	0.000000	0.000000	0.000000
380	0.000000	0.000000	0.000000	0.056682	0.925611	0.017707	0.000000	0.000000	0.000000
381	0.000000	0.000000	0.000000	0.056785	0.925434	0.017781	0.000000	0.000000	0.000000
382	0.000000	0.000000	0.000000	0.056856	0.925363	0.017781	0.000000	0.000000	0.000000
383	0.000000	0.000000	0.000000	0.056718	0.925691	0.017591	0.000000	0.000000	0.000000
384	0.000000	0.000000	0.000000	0.056787	0.925321	0.017892	0.000000	0.000000	0.000000
385	0.000000	0.000000	0.000000	0.056878	0.925386	0.017736	0.000000	0.000000	0.000000
386	0.000000	0.000000	0.000000	0.057064	0.925099	0.017837	0.000000	0.000000	0.000000
387	0.000000	0.000000	0.000000	0.057022	0.925249	0.017729	0.000000	0.000000	0.000000
388	0.000000	0.000000	0.000000	0.056993	0.925454	0.017553	0.000000	0.000000	0.000000
389	0.000000	0.000000	0.000000	0.057088	0.925330	0.017582	0.000000	0.000000	0.000000
390	0.000000	0.000000	0.000000	0.057065	0.925265	0.017670	0.000000	0.000000	0.000000
391	0.000000	0.000000	0.000000	0.056990	0.925381	0.017629	0.000000	0.000000	0.000000
392	0.000000	0.000000	0.000000	0.056865	0.925409	0.017726	0.000000	0.000000	0.000000
393	0.000000	0.000000	0.000000	0.056805	0.925551	0.017644	0.000000	0.000000	0.000000
394	0.000000	0.000000	0.000000	0.056778	0.925458	0.017764	0.000000	0.000000	0.000000
395	0.000000	0.000000	0.000000	0.056634	0.925798	0.017568	0.000000	0.000000	0.000000
396	0.000000	0.000000	0.000000	0.056496	0.925971	0.017533	0.000000	0.000000	0.000000
397	0.000000	0.000000	0.000000	0.056403	0.926074	0.017523	0.000000	0.000000	0.000000
398	0.000000	0.000000	0.000000	0.056504	0.925995	0.017501	0.000000	0.000000	0.000000
399	0.000000	0.000000	0.000000	0.056474	0.926226	0.017300	0.000000	0.000000	0.000000
400	0.000000	0.000000	0.000000	0.056433	0.926294	0.017273	0.000000	0.000000	0.000000
401	0.000000	0.000000	0.000000	0.056244	0.926453	0.017303	0.000000	0.000000	0.000000
402	0.000000	0.000000	0.000000	0.056212	0.926315	0.017473	0.000000	0.000000	0.000000
403	0.000000	0.000000	0.000000	0.055992	0.926354	0.017654	0.000000	0.000000	0.000000
404	0.000000	0.000000	0.000000	0.056038	0.926343	0.017619	0.000000	0.000000	0.000000
405	0.000000	0.000000	0.000000	0.056499	0.925652	0.017849	0.000000	0.000000	0.000000
406	0.000000	0.000000	0.000000	0.056695	0.925633	0.017672	0.000000	0.000000	0.000000
407	0.000000	0.000000	0.000000	0.056559	0.925841	0.017600	0.000000	0.000000	0.000000
408	0.000000	0.000000	0.000000	0.056532	0.925835	0.017633	0.000000	0.000000	0.000000
409	0.000000	0.000000	0.000000	0.056617	0.925749	0.017634	0.000000	0.000000	0.000000
410	0.000000	0.000000	0.000000	0.056463	0.925878	0.017659	0.000000	0.000000	0.000000
411	0.000000	0.000000	0.000000	0.056485	0.925687	0.017828	0.000000	0.000000	0.000000
412	0.000000	0.000000	0.000000	0.056550	0.925841	0.017609	0.000000	0.000000	0.000000
413	0.000000	0.000000	0.000000	0.056931	0.925547	0.017522	0.000000	0.000000	0.000000
414	0.000000	0.000000	0.000000	0.056894	0.925339	0.017767	0.000000	0.000000	0.000000
415	0.000000	0.000000	0.000000	0.056906	0.925439	0.017655	0.000000	0.000000	0.000000
416	0.000000	0.000000	0.000000	0.056911	0.925443	0.017646	0.000000	0.000000	0.000000
417	0.000000	0.000000	0.000000	0.057166	0.925114	0.017720	0.000000	0.000000	0.000000
418	0.000000	0.000000	0.000000	0.056924	0.925469	0.017607	0.000000	0.000000	0.000000
419	0.000000	0.000000	0.000000	0.056485	0.925722	0.017793	0.000000	0.000000	0.000000
420	0.000000	0.000000	0.000000	0.056499	0.925630	0.017871	0.000000	0.000000	0.000000
421	0.000000	0.000000	0.000000	0.055977	0.926256	0.017767	0.000000	0.000000	0.000000
422	0.000000	0.000000	0.000000	0.055908	0.926153	0.017939	0.000000	0.000000	0.000000
423	0.000000	0.000000	0.000000	0.056091	0.926165	0.017744	0.000000	0.000000	0.000000
424	0.000000	0.000000	0.000000	0.056138	0.926000	0.017862	0.000000	0.000000	0.000000
425	0.000000	0.000000	0.000000	0.055951	0.926269	0.017780	0.000000	0.000000	0.000000
426	0.000000	0.000000	0.000000	0.055860	0.926423	0.017717	0.000000	0.000000	0.000000
427	0.000000	0.000000	0.000000	0.055959	0.926310	0.017731	0.000000	0.000000	0.000000
428	0.000000	0.000000	0.000000	0.056059	0.926345	0.017596	0.000000	0.000000	0.000000
429	0.000000	0.000000	0.000000	0.056030	0.926300	0.017670	0.000000	0.000000	0.000000
430	0.000000	0.000000	0.000000	0.055972	0.926226	0.017802	0.000000	0.000000	0.000000
431	0.000000	0.000000	0.000000	0.056130	0.925798	0.018072	0.000000	0.000000	0.000000
432	0.000000	0.000000	0.000000	0.056061	0.926072	0.017867	0.000000	0.000000	0.000000
433	0.000000	0.000000	0.000000	0.056032	0.926100	0.017868	0.000000	0.000000	0.000000
434	0.000000	0.000000	0.000000	0.056113	0.925927	0.017960	0.000000	0.000000	0.000000
435	0.000000	0.000000	0.000000	0.056177	0.925940	0.017883	0.000000	0.000000	0.000000
436	0.000000	0.000000	0.000000	0.056216	0.925948	0.017836	0.000000	0.000000	0.000000
437	0.000000	0.000000	0.000000	0.056462	0.925779	0.017759	0.000000	0.000000	0.000000
438	0.000000	0.000000	0.000000	0.056499	0.925668	0.017833	0.000000	0.000000	0.000000
439	0.000000	0.000000	0.000000	0.056541	0.925445	0.018014	0.000000	0.000000	0.000000
440	0.000000	0.000000	0.000000	0.056700	0.925337	0.017963	0.000000	0.000000	0.000000
441	0.000000	0.000000	0.000000	0.056616	0.925502	0.017882	0.000000	0.000000	0.000000
442	0.000000	0.000000	0.000000	0.056595	0.925791	0.017614	0.000000	0.000000	0.000000
443	0.000000	0.000000	0.000000	0.056616	0.925716	0.017668	0.000000	0.000000	0.000000
444	0.000000	0.000000	0.000000	0.056482	0.925722	0.017796	0.000000	0.000000	0.000000
445	0.000000	0.000000	0.000000	0.056230	0.926015	0.017755	0.000000	0.000000	0.000000
446	0.000000	0.000000	0.000000	0.056395	0.925742	0.017863	0.000000	0.000000	0.000000
447	0.000000	0.000000	0.000000	0.056487	0.925648	0.017865	0.000000	0.000000	0.000000
448	0.000000	0.000000	0.000000	0.056638	0.925573	0.017789	0.000000	0.000000	0.000000
449	0.000000	0.000000	0.000000	0.056468	0.925640	0.017892	0.000000	0.000000	0.000000
450	0.000000	0.000000	0.000000	0.056309	0.925632	0.018059	0.000000	0.000000	0.000000
451	0.000000	0.000000	0.000000	0.056060	0.926087	0.017853	0.000000	0.000000	0.000000
452	0.000000	0.000000	0.000000	0.055930	0.926178	0.017892	0.000000	0.000000	0.000000
453	0.000000	0.000000	0.000000	0.055820	0.926375	0.017805	0.000000	0.000000	0.000000
454	0.000000	0.000000	0.000000	0.055962	0.926312	0.017726	0.000000	0.000000	0.000000
455	0.000000	0.000000	0.000000	0.056091	0.926192	0.017717	0.000000	0.000000	0.000000
456	0.000000	0.000000	0.000000	0.055911	0.926473	0.017616	0.000000	0.000000	0.000000
457	0.000000	0.000000	0.000000	0.055940	0.926452	0.017608	0.000000	0.000000	0.000000
458	0.000000	0.000000	0.000000	0.056000	0.926321	0.017679	0.000000	0.000000	0.000000
459	0.000000	0.000000	0.000000	0.056076	0.926305	0.017619	0.000000	0.000000	0.000000
460	0.000000	0.000000	0.000000	0.056211	0.926073	0.017716	0.000000	0.000000	0.000000
461	0.000000	0.000000	0.000000	0.056067	0.926325	0.017608	0.000000	0.000000	0.000000
462	0.000000	0.000000	0.000000	0.056009	0.926527	0.017464	0.000000	0.000000	0.000000
463	0.000000	0.000000	0.000000	0.055576	0.927114	0.017310	0.000000	0.000000	0.000000
464	0.000000	0.000000	0.000000	0.055660	0.926928	0.017412	0.000000	0.000000	0.000000
465	0.000000	0.000000	0.000000	0.055663	0.926908	0.017429	0.000000	0.000000	0.000000
466	0.000000	0.000000	0.000000	0.055656	0.927079	0.017265	0.000000	0.000000	0.000000
467	0.000000	0.000000	0.000000	0.055348	0.927183	0.017469	0.000000	0.000000	0.000000
468	0.000000	0.000000	0.000000	0.055134	0.927349	0.017517	0.000000	0.000000	0.000000
469	0.000000	0.000000	0.000000	0.054952	0.927597	0.017451	0.000000	0.000000	0.000000
470	0.000000	0.000000	0.000000	0.054976	0.927439	0.017585	0.000000	0.000000	0.000000
