0	0.364838	0.069820	0.263425	0.047383	0.010039	0.041927	0.141250	0.020220	0.041098
0	0.364838	0.069820	0.263425	0.047383	0.010039	0.041927	0.141250	0.020220	0.041098
1	0.314398	0.061866	0.250263	0.046498	0.009962	0.044566	0.160588	0.026660	0.085199
2	0.295611	0.058526	0.243001	0.045435	0.009926	0.044585	0.168334	0.029206	0.105376
3	0.287611	0.056718	0.237147	0.044921	0.009993	0.043870	0.172481	0.030506	0.116753
4	0.283653	0.055735	0.231663	0.044244	0.010362	0.042758	0.175263	0.031091	0.125231
5	0.280255	0.054857	0.226061	0.044184	0.010648	0.041804	0.178061	0.031612	0.132518
6	0.277539	0.054245	0.221028	0.043867	0.011108	0.040707	0.180858	0.031977	0.138671
7	0.275730	0.053699	0.216033	0.043482	0.011396	0.039999	0.183014	0.032524	0.144123
8	0.274313	0.052980	0.211462	0.043461	0.011916	0.039171	0.184559	0.032674	0.149464
9	0.272504	0.052498	0.206482	0.043189	0.012279	0.038232	0.186741	0.032869	0.155206
10	0.271098	0.051890	0.201659	0.043087	0.012546	0.037353	0.188745	0.033060	0.160562
11	0.269843	0.051282	0.197365	0.043018	0.013057	0.036407	0.190406	0.033203	0.165419
12	0.268902	0.050728	0.192704	0.042538	0.013603	0.035374	0.191824	0.033381	0.170946
13	0.268202	0.050020	0.187516	0.042431	0.014119	0.034638	0.193570	0.033596	0.175908
14	0.267196	0.049660	0.182975	0.042360	0.014707	0.033898	0.194291	0.033635	0.181278
15	0.265866	0.049067	0.178500	0.042296	0.015170	0.033107	0.196324	0.033808	0.185862
16	0.264862	0.048740	0.174303	0.042065	0.015780	0.032100	0.197340	0.033827	0.190983
17	0.264290	0.048168	0.169846	0.041934	0.016544	0.031256	0.198164	0.033892	0.195906
18	0.263823	0.047841	0.165620	0.042176	0.017160	0.030297	0.198880	0.033624	0.200579
19	0.263636	0.047289	0.161360	0.041930	0.017704	0.029495	0.200125	0.033643	0.204818
20	0.263224	0.046946	0.157098	0.041555	0.018412	0.028846	0.201221	0.033544	0.209154
21	0.262872	0.046606	0.152727	0.041375	0.019136	0.028025	0.201988	0.033394	0.213877
22	0.262844	0.045976	0.148668	0.041248	0.019858	0.027322	0.202804	0.033224	0.218056
23	0.262542	0.045570	0.144619	0.040855	0.020487	0.026473	0.203879	0.033015	0.222560
24	0.262339	0.045062	0.141004	0.040889	0.021221	0.025668	0.204087	0.032790	0.226940
25	0.262034	0.044398	0.137318	0.040529	0.021979	0.025086	0.204829	0.032773	0.231054
26	0.261628	0.044173	0.133246	0.040330	0.022745	0.024337	0.205628	0.032652	0.235261
27	0.261554	0.043570	0.129713	0.040302	0.023556	0.023490	0.206076	0.032587	0.239152
28	0.261290	0.043233	0.126181	0.040244	0.024369	0.022685	0.206141	0.032743	0.243114
29	0.260872	0.043023	0.122502	0.039941	0.025197	0.022082	0.206668	0.032780	0.246935
30	0.260206	0.042704	0.119560	0.039807	0.026026	0.021487	0.206867	0.032669	0.250674
31	0.259992	0.042157	0.116375	0.039838	0.026916	0.020644	0.207132	0.032652	0.254294
32	0.259780	0.041730	0.113026	0.039588	0.027775	0.020084	0.206798	0.032602	0.258617
33	0.258945	0.041543	0.109745	0.039460	0.028706	0.019588	0.206876	0.032264	0.262873
34	0.258642	0.041099	0.106787	0.039235	0.029738	0.019099	0.206848	0.031975	0.266577
35	0.258402	0.040727	0.103497	0.039312	0.030581	0.018640	0.207012	0.031925	0.269904
36	0.257836	0.040228	0.100243	0.039271	0.031812	0.018087	0.206963	0.031636	0.273924
37	0.257855	0.039781	0.097351	0.039067	0.032830	0.017525	0.206822	0.031499	0.277270
38	0.257303	0.039635	0.094793	0.039044	0.033849	0.017067	0.206755	0.031222	0.280332
39	0.257052	0.039150	0.092077	0.038935	0.034806	0.016579	0.206537	0.031005	0.283859
40	0.256487	0.038873	0.089525	0.038734	0.035851	0.016093	0.206501	0.030924	0.287012
41	0.256371	0.038525	0.086831	0.038540	0.037001	0.015563	0.206143	0.030686	0.290340
42	0.255711	0.037960	0.084688	0.038333	0.038072	0.015155	0.205779	0.030353	0.293949
43	0.255351	0.037552	0.082250	0.038328	0.039233	0.014625	0.205321	0.030150	0.297190
44	0.254408	0.037360	0.079640	0.038271	0.040253	0.014298	0.205130	0.030134	0.300506
45	0.253785	0.036960	0.077627	0.038189	0.041268	0.013826	0.204978	0.029886	0.303481
46	0.253349	0.036525	0.075265	0.038037	0.042435	0.013461	0.204349	0.029659	0.306920
47	0.252771	0.036386	0.073138	0.037888	0.043637	0.013071	0.204243	0.029353	0.309513
48	0.252426	0.035966	0.071231	0.037938	0.044780	0.012709	0.203915	0.029161	0.311874
49	0.251867	0.035617	0.069199	0.037495	0.046152	0.012458	0.203242	0.029030	0.314940
50	0.251641	0.035107	0.066994	0.037241	0.047424	0.012015	0.202976	0.028756	0.317846
51	0.251170	0.034772	0.064899	0.036869	0.048624	0.011837	0.202463	0.028659	0.320707
52	0.250593	0.034584	0.062822	0.036779	0.049914	0.011287	0.201765	0.028539	0.323717
53	0.250548	0.033969	0.060666	0.036901	0.051149	0.011026	0.201332	0.028241	0.326168
54	0.249747	0.033689	0.059174	0.036695	0.052586	0.010665	0.200521	0.027887	0.329036
55	0.249603	0.033381	0.057490	0.036477	0.053848	0.010443	0.199678	0.027611	0.331469
56	0.249028	0.032939	0.055726	0.036176	0.055198	0.010150	0.198919	0.027359	0.334505
57	0.248024	0.032528	0.054311	0.035714	0.056565	0.009729	0.198505	0.027125	0.337499
58	0.247280	0.032136	0.052610	0.035406	0.057910	0.009557	0.197884	0.027038	0.340179
59	0.246618	0.031917	0.051084	0.035442	0.059028	0.009239	0.197398	0.026760	0.342514
60	0.246006	0.031563	0.049594	0.035240	0.060473	0.008918	0.196790	0.026666	0.344750
61	0.244963	0.031267	0.048153	0.035033	0.061829	0.008628	0.196312	0.026494	0.347321
62	0.244435	0.030858	0.046638	0.034874	0.063211	0.008282	0.195455	0.026290	0.349957
63	0.243621	0.030483	0.045138	0.034590	0.064669	0.008064	0.195092	0.026023	0.352320
64	0.242922	0.030198	0.043721	0.034479	0.066101	0.007868	0.194267	0.025929	0.354515
65	0.241892	0.029825	0.042310	0.034215	0.067726	0.007529	0.193767	0.025562	0.357174
66	0.241663	0.029657	0.040944	0.033959	0.069092	0.007284	0.193136	0.025180	0.359085
67	0.240794	0.029220	0.039763	0.033935	0.070546	0.007201	0.192549	0.025003	0.360989
68	0.239732	0.028929	0.038385	0.033746	0.072166	0.006897	0.191977	0.024684	0.363484
69	0.238757	0.028627	0.037294	0.033572	0.073802	0.006755	0.191354	0.024446	0.365393
70	0.238135	0.028305	0.036052	0.033302	0.075343	0.006612	0.189926	0.024291	0.368034
71	0.237025	0.028068	0.035161	0.033042	0.076932	0.006431	0.189059	0.024006	0.370276
72	0.236296	0.027889	0.034052	0.032818	0.078399	0.006254	0.188376	0.023569	0.372347
73	0.235165	0.027616	0.032925	0.032422	0.079888	0.006035	0.187793	0.023545	0.374611
74	0.233922	0.027366	0.031689	0.032180	0.081524	0.005887	0.187211	0.023429	0.376792
75	0.232876	0.026954	0.030841	0.031949	0.083193	0.005760	0.186770	0.023154	0.378503
76	0.231824	0.026696	0.029841	0.031758	0.084920	0.005595	0.186130	0.023000	0.380236
77	0.230485	0.026382	0.029027	0.031598	0.086595	0.005529	0.185222	0.022611	0.382551
78	0.229387	0.026049	0.028189	0.031545	0.088439	0.005328	0.184245	0.022504	0.384314
79	0.228691	0.025700	0.027267	0.031218	0.089994	0.005185	0.182943	0.022315	0.386687
80	0.227786	0.025352	0.026310	0.031120	0.091707	0.005051	0.182004	0.022048	0.388622
81	0.226865	0.025014	0.025345	0.030809	0.093506	0.004837	0.181341	0.021869	0.390414
82	0.225761	0.024628	0.024433	0.030646	0.095289	0.004751	0.180806	0.021823	0.391863
83	0.224616	0.024302	0.023799	0.030441	0.096870	0.004642	0.179721	0.021695	0.393914
84	0.223427	0.024131	0.022942	0.030228	0.098524	0.004433	0.179067	0.021571	0.395677
85	0.222552	0.023894	0.022268	0.029857	0.100447	0.004270	0.177952	0.021213	0.397547
86	0.221338	0.023532	0.021634	0.029671	0.102274	0.004223	0.177754	0.021093	0.398481
87	0.220552	0.023194	0.020908	0.029548	0.104049	0.004070	0.176432	0.020894	0.400353
88	0.219264	0.022828	0.020298	0.029441	0.105828	0.004000	0.175788	0.020743	0.401810
89	0.217974	0.022340	0.019637	0.029274	0.107589	0.003951	0.174919	0.020501	0.403815
90	0.216851	0.022050	0.019106	0.028897	0.109323	0.003877	0.174242	0.020394	0.405260
91	0.215041	0.021654	0.018349	0.028779	0.111245	0.003783	0.173649	0.020341	0.407159
92	0.214124	0.021306	0.017899	0.028507	0.113076	0.003693	0.172582	0.020116	0.408697
93	0.212987	0.021067	0.017379	0.028445	0.114988	0.003645	0.171302	0.019906	0.410281
94	0.211776	0.020946	0.016755	0.028229	0.116761	0.003542	0.170386	0.019958	0.411647
95	0.210572	0.020642	0.016185	0.027954	0.118482	0.003425	0.169810	0.019752	0.413178
96	0.209280	0.020369	0.015647	0.027713	0.120405	0.003320	0.168628	0.019584	0.415054
97	0.207476	0.020027	0.015187	0.027614	0.122190	0.003256	0.168481	0.019382	0.416387
98	0.206046	0.019802	0.014693	0.027629	0.124208	0.003186	0.168002	0.019296	0.417138
99	0.204953	0.019517	0.014130	0.027479	0.126160	0.003101	0.166837	0.019188	0.418635
0	0.326993	0.139271	0.230795	0.042342	0.019769	0.037798	0.129993	0.040602	0.032437
0	0.326993	0.139271	0.230795	0.042342	0.019769	0.037798	0.129993	0.040602	0.032437
1	0.281280	0.124131	0.220556	0.042747	0.020312	0.040966	0.144315	0.053831	0.071862
2	0.265597	0.117719	0.214106	0.043164	0.020944	0.041664	0.149226	0.058089	0.089491
3	0.258490	0.114936	0.209197	0.043314	0.022001	0.041928	0.151393	0.060116	0.098625
4	0.254555	0.113127	0.204331	0.044133	0.023045	0.041934	0.152610	0.060946	0.105319
5	0.252198	0.111747	0.199562	0.045074	0.024026	0.041821	0.153692	0.061184	0.110696
6	0.249781	0.110568	0.195525	0.045473	0.025231	0.041746	0.154618	0.061456	0.115602
7	0.248058	0.109652	0.191795	0.045966	0.026437	0.041654	0.155385	0.061431	0.119622
8	0.246871	0.108346	0.187792	0.046697	0.027733	0.041281	0.155726	0.061415	0.124139
9	0.245960	0.107166	0.184239	0.047488	0.029002	0.040978	0.156090	0.061162	0.127915
10	0.244908	0.105999	0.180198	0.047992	0.030548	0.040853	0.156221	0.061227	0.132054
11	0.243983	0.104677	0.176212	0.048706	0.032127	0.040781	0.156838	0.060846	0.135830
12	0.243044	0.103824	0.172154	0.049556	0.033716	0.040647	0.157152	0.060502	0.139405
13	0.242676	0.102908	0.167768	0.050166	0.035658	0.040258	0.157002	0.060358	0.143206
14	0.242250	0.101640	0.163848	0.050558	0.037302	0.039981	0.157424	0.059883	0.147114
15	0.241909	0.100701	0.160123	0.051198	0.039059	0.039428	0.157496	0.059553	0.150533
16	0.241845	0.099421	0.156522	0.051701	0.040817	0.038975	0.157318	0.059286	0.154115
17	0.241464	0.098172	0.152735	0.052468	0.042732	0.038569	0.157595	0.058797	0.157468
18	0.240773	0.097441	0.149068	0.052967	0.044861	0.038334	0.157224	0.058501	0.160831
19	0.240739	0.096049	0.145489	0.053435	0.046787	0.038026	0.157085	0.058164	0.164226
20	0.240434	0.095123	0.142048	0.053949	0.048807	0.037403	0.156965	0.057655	0.167616
21	0.240268	0.094114	0.138350	0.054784	0.050874	0.037032	0.156442	0.057095	0.171041
22	0.239361	0.092958	0.135589	0.055448	0.052973	0.036620	0.155822	0.056421	0.174808
23	0.239390	0.091878	0.131772	0.055652	0.055347	0.036195	0.155908	0.055955	0.177903
24	0.238971	0.090829	0.128303	0.056106	0.057759	0.035839	0.155707	0.055320	0.181166
25	0.238856	0.089972	0.124987	0.056517	0.060142	0.035339	0.155382	0.054539	0.184266
26	0.238607	0.088698	0.121785	0.057274	0.062304	0.035130	0.154783	0.053749	0.187670
27	0.237800	0.087770	0.118939	0.057908	0.064864	0.034596	0.154531	0.053076	0.190516
28	0.237542	0.086567	0.116211	0.058198	0.067393	0.033985	0.154033	0.052646	0.193425
29	0.236745	0.085569	0.113137	0.058849	0.070069	0.033513	0.153215	0.051986	0.196917
30	0.236652	0.084473	0.109744	0.059437	0.072657	0.033155	0.152907	0.050999	0.199976
31	0.235954	0.083417	0.106887	0.059613	0.075408	0.032907	0.152586	0.050488	0.202740
32	0.235365	0.082464	0.103756	0.059865	0.078295	0.032353	0.151731	0.049781	0.206390
33	0.235199	0.081535	0.100931	0.060317	0.080986	0.031757	0.151046	0.049204	0.209025
34	0.234465	0.080545	0.098520	0.060501	0.083762	0.031173	0.150542	0.048521	0.211971
35	0.234005	0.079557	0.095897	0.060848	0.086819	0.030631	0.149698	0.048013	0.214532
36	0.233427	0.078294	0.093363	0.061230	0.090180	0.030015	0.149159	0.047548	0.216784
37	0.233067	0.077114	0.090821	0.061665	0.093163	0.029629	0.148369	0.046609	0.219563
38	0.232242	0.075951	0.088358	0.061696	0.096067	0.029253	0.147761	0.046254	0.222418
39	0.231111	0.074889	0.085911	0.062210	0.099438	0.028796	0.146972	0.045407	0.225266
40	0.230140	0.073952	0.083331	0.062676	0.102463	0.028528	0.146077	0.044715	0.228118
41	0.229574	0.072676	0.081009	0.062964	0.105679	0.028041	0.145161	0.044259	0.230637
42	0.229422	0.071389	0.078646	0.063454	0.108946	0.027639	0.144024	0.043536	0.232944
43	0.228462	0.070446	0.076309	0.063669	0.111954	0.027168	0.143397	0.042632	0.235963
44	0.227396	0.069242	0.074189	0.063682	0.115339	0.026707	0.142530	0.042250	0.238665
45	0.226908	0.068204	0.072072	0.063997	0.118515	0.026230	0.141036	0.041895	0.241143
46	0.226062	0.067001	0.070190	0.064435	0.122077	0.025725	0.139777	0.041110	0.243623
47	0.224741	0.065674	0.068538	0.064663	0.125504	0.025430	0.138952	0.040343	0.246155
48	0.223693	0.064456	0.066471	0.064741	0.128787	0.024773	0.138090	0.039772	0.249217
49	0.222260	0.063161	0.064606	0.065207	0.132504	0.024445	0.136944	0.039185	0.251688
50	0.221548	0.062286	0.062813	0.065452	0.135761	0.023993	0.135913	0.038354	0.253880
51	0.220491	0.061035	0.060989	0.065808	0.139298	0.023684	0.134997	0.037683	0.256015
52	0.219618	0.060029	0.059107	0.066034	0.142778	0.023255	0.133777	0.037067	0.258335
53	0.218696	0.059065	0.057154	0.066171	0.146037	0.022783	0.132794	0.036439	0.260861
54	0.217221	0.057914	0.055553	0.066389	0.149838	0.022265	0.131994	0.035891	0.262935
55	0.216224	0.056862	0.053672	0.066461	0.153414	0.021701	0.131030	0.035507	0.265129
56	0.215505	0.055691	0.051966	0.066524	0.156903	0.021250	0.129785	0.034774	0.267602
57	0.214219	0.054594	0.050478	0.066676	0.160318	0.020880	0.128848	0.034386	0.269601
58	0.213177	0.053681	0.048991	0.066784	0.163899	0.020618	0.127461	0.033848	0.271541
59	0.211378	0.052685	0.047388	0.067156	0.167725	0.020240	0.126732	0.032961	0.273735
60	0.210401	0.051683	0.045921	0.067453	0.171144	0.019807	0.125752	0.032291	0.275548
61	0.208812	0.050517	0.044518	0.067434	0.174861	0.019326	0.124704	0.031851	0.277977
62	0.207405	0.049360	0.043017	0.067701	0.178479	0.018876	0.123772	0.031441	0.279949
63	0.206103	0.048332	0.041576	0.068126	0.181850	0.018553	0.122489	0.030885	0.282086
64	0.204448	0.047438	0.040481	0.067900	0.185656	0.018462	0.121124	0.030388	0.284103
65	0.202758	0.046431	0.039253	0.067957	0.189317	0.018236	0.120119	0.029695	0.286234
66	0.201694	0.045380	0.037863	0.067792	0.193129	0.017761	0.119481	0.029147	0.287753
67	0.200341	0.044363	0.036760	0.067770	0.196992	0.017309	0.118593	0.028813	0.289059
68	0.199186	0.043316	0.035687	0.067529	0.200586	0.017049	0.117494	0.028353	0.290800
69	0.197647	0.042523	0.034589	0.067805	0.204388	0.016591	0.116598	0.027610	0.292249
70	0.196204	0.041624	0.033406	0.067668	0.208161	0.016161	0.115942	0.027137	0.293697
71	0.194833	0.040738	0.032201	0.067778	0.212133	0.015742	0.114715	0.026591	0.295269
72	0.193015	0.039765	0.031114	0.067604	0.215951	0.015529	0.113849	0.026085	0.297088
73	0.191479	0.038917	0.030146	0.067706	0.219731	0.015183	0.112861	0.025742	0.298235
74	0.189999	0.038016	0.029208	0.067831	0.223571	0.014910	0.111553	0.025199	0.299713
75	0.188426	0.037389	0.028052	0.067675	0.227461	0.014556	0.110447	0.024780	0.301214
76	0.187214	0.036366	0.027201	0.067574	0.231325	0.014236	0.109511	0.024184	0.302389
77	0.185731	0.035494	0.026328	0.067643	0.235276	0.013904	0.108399	0.023785	0.303440
78	0.183797	0.034787	0.025351	0.067747	0.239091	0.013607	0.107680	0.023221	0.304719
79	0.182084	0.033970	0.024485	0.067583	0.242997	0.013336	0.106404	0.022761	0.306380
80	0.180271	0.033231	0.023681	0.067300	0.246868	0.013187	0.105650	0.022273	0.307539
81	0.178677	0.032412	0.022837	0.067256	0.250531	0.012923	0.104916	0.021860	0.308588
82	0.176861	0.031630	0.022073	0.067103	0.254255	0.012666	0.103690	0.021359	0.310363
83	0.175198	0.030839	0.021483	0.066940	0.258045	0.012436	0.102539	0.020937	0.311583
84	0.173496	0.030327	0.020729	0.066539	0.261789	0.012156	0.101624	0.020535	0.312805
85	0.171563	0.029619	0.020094	0.066631	0.265913	0.011831	0.100601	0.019933	0.313815
86	0.170055	0.029009	0.019377	0.066509	0.269149	0.011675	0.099669	0.019576	0.314981
87	0.168226	0.028174	0.018731	0.066208	0.273175	0.011262	0.098693	0.019203	0.316328
88	0.166569	0.027470	0.018101	0.066178	0.276591	0.010919	0.097775	0.018777	0.317620
89	0.164858	0.026890	0.017406	0.065968	0.280454	0.010685	0.096576	0.018496	0.318667
90	0.162943	0.026387	0.016735	0.065744	0.283998	0.010477	0.095803	0.017980	0.319933
91	0.160964	0.025685	0.016138	0.065470	0.288193	0.010271	0.094896	0.017614	0.320769
92	0.159507	0.025051	0.015503	0.065422	0.291548	0.009905	0.093733	0.017348	0.321983
93	0.157825	0.024318	0.014990	0.065412	0.295474	0.009652	0.092765	0.017032	0.322532
94	0.156081	0.023730	0.014408	0.065148	0.299035	0.009382	0.092003	0.016637	0.323576
95	0.154127	0.023166	0.013773	0.064889	0.302956	0.009296	0.090909	0.016217	0.324667
96	0.152300	0.022608	0.013338	0.064798	0.306533	0.009156	0.090158	0.015980	0.325129
97	0.150322	0.021956	0.012918	0.064829	0.310262	0.008882	0.089027	0.015744	0.326060
98	0.148701	0.021428	0.012424	0.064546	0.313989	0.008672	0.088208	0.015394	0.326638
99	0.147019	0.020863	0.012049	0.064084	0.317527	0.008576	0.087469	0.015023	0.327390
0	0.290104	0.209786	0.197772	0.037314	0.029861	0.032675	0.116945	0.060878	0.024665
0	0.290104	0.209786	0.197772	0.037314	0.029861	0.032675	0.116945	0.060878	0.024665
1	0.249595	0.187440	0.191088	0.038485	0.031157	0.036817	0.127029	0.078753	0.059636
2	0.235811	0.178743	0.186021	0.039583	0.033040	0.038332	0.129573	0.084529	0.074368
3	0.229647	0.174585	0.182240	0.040685	0.035118	0.039309	0.130216	0.086303	0.081897
4	0.226261	0.171369	0.178038	0.042117	0.037334	0.040184	0.130571	0.086965	0.087161
5	0.223820	0.169305	0.174290	0.043706	0.039505	0.040972	0.130534	0.086911	0.090957
6	0.222128	0.167105	0.170974	0.044851	0.042118	0.041619	0.129995	0.086655	0.094555
7	0.221142	0.165238	0.167506	0.046138	0.045145	0.042195	0.129193	0.085947	0.097496
8	0.220122	0.163434	0.163920	0.047749	0.047945	0.042665	0.128552	0.085267	0.100346
9	0.219201	0.161270	0.160835	0.049106	0.051242	0.043057	0.127770	0.084721	0.102798
10	0.217891	0.159398	0.157513	0.050900	0.054382	0.043680	0.126911	0.083568	0.105757
11	0.217441	0.157233	0.154098	0.052357	0.057902	0.043959	0.126146	0.082677	0.108187
12	0.216669	0.155555	0.150900	0.053599	0.061263	0.044372	0.125163	0.081708	0.110771
13	0.216308	0.153739	0.147446	0.054962	0.065056	0.044664	0.123803	0.080309	0.113713
14	0.215813	0.151523	0.144272	0.056503	0.068805	0.044930	0.122827	0.079030	0.116297
15	0.215139	0.149444	0.141029	0.057947	0.072891	0.045234	0.121633	0.077798	0.118885
16	0.214758	0.147398	0.137965	0.059244	0.076749	0.045406	0.120714	0.076270	0.121496
17	0.214260	0.145038	0.135164	0.060426	0.081006	0.045544	0.119305	0.075176	0.124081
18	0.213735	0.143119	0.131526	0.061940	0.085102	0.045612	0.118551	0.073596	0.126819
19	0.212903	0.141125	0.128669	0.063341	0.089591	0.045720	0.117324	0.071933	0.129394
20	0.211850	0.139167	0.125778	0.064755	0.093984	0.045504	0.116244	0.071171	0.131547
21	0.211253	0.136802	0.122500	0.066247	0.098846	0.045651	0.115198	0.069439	0.134064
22	0.210607	0.134677	0.119556	0.067671	0.103113	0.045407	0.114118	0.068113	0.136738
23	0.210144	0.132524	0.117011	0.068831	0.107723	0.045300	0.113252	0.066540	0.138675
24	0.208978	0.130663	0.114138	0.070454	0.112260	0.045137	0.111974	0.064989	0.141407
25	0.208152	0.128792	0.111132	0.071368	0.117278	0.045104	0.110830	0.063474	0.143870
26	0.207239	0.126515	0.108053	0.072641	0.122547	0.044877	0.109795	0.062334	0.145999
27	0.206159	0.124301	0.105353	0.073927	0.127657	0.044573	0.108683	0.060778	0.148569
28	0.205588	0.121676	0.102622	0.074902	0.132735	0.044359	0.107644	0.059634	0.150840
29	0.204681	0.119684	0.099675	0.076141	0.138131	0.044084	0.106891	0.058161	0.152552
30	0.203478	0.117187	0.096748	0.077601	0.143028	0.043980	0.105785	0.056986	0.155207
31	0.202156	0.114807	0.094485	0.078670	0.148359	0.043661	0.104460	0.055913	0.157489
32	0.201460	0.112572	0.091986	0.079795	0.153634	0.043281	0.103145	0.054242	0.159885
33	0.200091	0.110364	0.089166	0.081027	0.158929	0.042652	0.102144	0.053230	0.162397
34	0.199020	0.108200	0.086716	0.082214	0.164076	0.042527	0.100855	0.052011	0.164381
35	0.197446	0.106082	0.084716	0.083149	0.169630	0.041950	0.099655	0.050985	0.166387
36	0.195617	0.104201	0.082543	0.084482	0.175092	0.041624	0.098276	0.049553	0.168612
37	0.194571	0.101848	0.080137	0.085348	0.180736	0.041257	0.097083	0.048373	0.170647
38	0.193284	0.099391	0.077750	0.086643	0.186292	0.040881	0.095731	0.047161	0.172867
39	0.191847	0.097153	0.075769	0.087680	0.191626	0.040435	0.094577	0.045933	0.174980
40	0.190327	0.094994	0.073628	0.088901	0.197072	0.039991	0.093326	0.044839	0.176922
41	0.189001	0.092755	0.071703	0.089822	0.202352	0.039688	0.092022	0.043704	0.178953
42	0.187579	0.090573	0.069411	0.090731	0.207901	0.039200	0.091109	0.042558	0.180938
43	0.186208	0.088478	0.067300	0.091650	0.213438	0.038702	0.089985	0.041488	0.182751
44	0.184647	0.086494	0.065176	0.092534	0.218725	0.038257	0.089110	0.040397	0.184660
45	0.182985	0.084230	0.063420	0.093122	0.224308	0.038058	0.088245	0.039216	0.186416
46	0.181566	0.081905	0.061542	0.093863	0.230008	0.037528	0.087144	0.038349	0.188095
47	0.179887	0.079851	0.059726	0.094849	0.235585	0.036962	0.086058	0.037381	0.189701
48	0.178475	0.077955	0.057796	0.095385	0.241360	0.036222	0.085059	0.036363	0.191385
49	0.176466	0.076099	0.056217	0.096261	0.247118	0.035793	0.083735	0.035193	0.193118
50	0.174392	0.073990	0.054342	0.097045	0.252816	0.035454	0.082562	0.034176	0.195223
51	0.172871	0.072130	0.052677	0.097720	0.258502	0.034961	0.081199	0.033328	0.196612
52	0.170786	0.070050	0.051280	0.098246	0.264134	0.034646	0.079818	0.032227	0.198813
53	0.169218	0.068279	0.049614	0.098510	0.269879	0.034188	0.078948	0.031355	0.200009
54	0.167522	0.066398	0.047919	0.099061	0.275490	0.033601	0.078026	0.030456	0.201527
55	0.166108	0.064394	0.046182	0.099757	0.280742	0.032955	0.076823	0.029763	0.203276
56	0.164499	0.062521	0.044914	0.100148	0.286277	0.032503	0.075542	0.028945	0.204651
57	0.162816	0.060774	0.043463	0.100774	0.291598	0.032007	0.074530	0.028303	0.205735
58	0.160773	0.059077	0.042197	0.101458	0.297129	0.031685	0.073391	0.027399	0.206891
59	0.159101	0.057325	0.040880	0.101584	0.302778	0.031228	0.072510	0.026528	0.208066
60	0.157274	0.055739	0.039444	0.102295	0.307985	0.030772	0.071590	0.025778	0.209123
61	0.155115	0.054009	0.037915	0.102776	0.313096	0.030453	0.070864	0.025108	0.210664
62	0.153266	0.052533	0.036630	0.103087	0.318552	0.029826	0.069712	0.024515	0.211879
63	0.151378	0.051055	0.035709	0.103109	0.323986	0.029364	0.068504	0.023861	0.213034
64	0.149579	0.049260	0.034549	0.103581	0.328993	0.028947	0.067619	0.023145	0.214327
65	0.147854	0.047808	0.033327	0.104336	0.334011	0.028517	0.066851	0.022325	0.214971
66	0.146244	0.046186	0.032111	0.104895	0.339244	0.027975	0.065917	0.021793	0.215635
67	0.144532	0.044808	0.030902	0.105039	0.344463	0.027359	0.064908	0.021166	0.216823
68	0.142811	0.043326	0.030040	0.105329	0.349311	0.026804	0.064153	0.020355	0.217871
69	0.140859	0.042184	0.028865	0.105611	0.354216	0.026339	0.063258	0.019832	0.218836
70	0.138791	0.040881	0.027917	0.105888	0.358933	0.025995	0.062312	0.019229	0.220054
71	0.136907	0.039503	0.027089	0.106056	0.363772	0.025657	0.061506	0.018664	0.220846
72	0.134991	0.038351	0.026305	0.106048	0.368852	0.025187	0.060290	0.018136	0.221840
73	0.133081	0.036852	0.025362	0.106249	0.373831	0.024559	0.059763	0.017776	0.222527
74	0.131390	0.035647	0.024456	0.106381	0.378484	0.024060	0.058876	0.017230	0.223476
75	0.129606	0.034243	0.023608	0.106337	0.383165	0.023682	0.057965	0.016790	0.224604
76	0.127782	0.033139	0.022786	0.106693	0.387422	0.023229	0.057202	0.016178	0.225569
77	0.125829	0.031949	0.022040	0.107046	0.392075	0.023018	0.056125	0.015846	0.226072
78	0.124008	0.030826	0.021211	0.107508	0.396854	0.022449	0.055127	0.015557	0.226460
79	0.122092	0.029961	0.020438	0.107713	0.401464	0.021888	0.054209	0.015099	0.227136
80	0.120272	0.028956	0.019715	0.107965	0.405645	0.021521	0.053325	0.014657	0.227944
81	0.118435	0.027911	0.019154	0.108040	0.410085	0.021132	0.052374	0.014297	0.228572
82	0.116745	0.026825	0.018412	0.108045	0.414424	0.020654	0.051891	0.013880	0.229124
83	0.114813	0.025807	0.017661	0.108198	0.418998	0.020412	0.051050	0.013475	0.229586
84	0.113353	0.025003	0.016987	0.108305	0.423203	0.019994	0.050219	0.012974	0.229962
85	0.111497	0.023946	0.016453	0.108166	0.427710	0.019595	0.049364	0.012544	0.230725
86	0.109725	0.023263	0.015830	0.108246	0.431759	0.019306	0.048415	0.012316	0.231140
87	0.107526	0.022448	0.015203	0.108291	0.436097	0.018942	0.047463	0.011950	0.232080
88	0.105779	0.021675	0.014797	0.108207	0.439875	0.018473	0.046831	0.011507	0.232856
89	0.103911	0.020732	0.014229	0.108248	0.443936	0.018338	0.046110	0.011265	0.233231
90	0.102292	0.019927	0.013844	0.108230	0.448022	0.017921	0.044986	0.010890	0.233888
91	0.100446	0.019256	0.013353	0.108323	0.451738	0.017536	0.044327	0.010561	0.234460
92	0.098943	0.018586	0.012760	0.108250	0.455529	0.017287	0.043749	0.010308	0.234588
93	0.097435	0.017918	0.012213	0.108222	0.459220	0.016952	0.043080	0.010044	0.234916
94	0.095843	0.017308	0.011737	0.108249	0.463080	0.016678	0.042348	0.009838	0.234919
95	0.094328	0.016607	0.011112	0.108226	0.466891	0.016331	0.041614	0.009552	0.235339
96	0.092936	0.015888	0.010731	0.108127	0.470489	0.016092	0.041097	0.009186	0.235454
97	0.091421	0.015403	0.010245	0.107841	0.474338	0.015811	0.040263	0.008916	0.235762
98	0.089869	0.014893	0.009853	0.107661	0.478066	0.015434	0.039835	0.008669	0.235720
99	0.088334	0.014303	0.009454	0.107735	0.481566	0.015079	0.039372	0.008413	0.235744
0	0.250904	0.279256	0.167594	0.032089	0.040280	0.027871	0.102842	0.080649	0.018515
0	0.250904	0.279256	0.167594	0.032089	0.040280	0.027871	0.102842	0.080649	0.018515
1	0.216849	0.249493	0.162686	0.034196	0.043215	0.031927	0.109499	0.104155	0.047980
2	0.204462	0.238557	0.158844	0.035818	0.046236	0.034092	0.110777	0.110720	0.060494
3	0.199663	0.232651	0.155387	0.037698	0.049911	0.035715	0.110375	0.111940	0.066660
4	0.197160	0.228763	0.152234	0.039555	0.054025	0.036962	0.109090	0.111756	0.070455
5	0.195142	0.226067	0.149160	0.041303	0.058356	0.038198	0.107892	0.110624	0.073258
6	0.193749	0.223192	0.145966	0.043412	0.063260	0.039628	0.105984	0.109193	0.075616
7	0.192757	0.220617	0.142959	0.045399	0.068347	0.040766	0.104686	0.106826	0.077643
8	0.191674	0.217882	0.140646	0.047914	0.073802	0.041697	0.102535	0.104392	0.079458
9	0.190251	0.215371	0.137772	0.049969	0.079189	0.042411	0.101131	0.102490	0.081416
10	0.188922	0.212792	0.134631	0.051984	0.085154	0.043248	0.099589	0.100483	0.083197
11	0.187973	0.210157	0.131466	0.054048	0.091125	0.044190	0.098300	0.098065	0.084676
12	0.186927	0.207339	0.128773	0.055971	0.097182	0.045038	0.096875	0.095765	0.086130
13	0.185908	0.204621	0.125574	0.058159	0.103390	0.045812	0.095284	0.093241	0.088011
14	0.185005	0.201488	0.122864	0.060093	0.109880	0.046384	0.094038	0.090950	0.089298
15	0.184034	0.198163	0.120050	0.062154	0.116735	0.047077	0.092055	0.088755	0.090977
16	0.183117	0.195381	0.117192	0.064153	0.123859	0.047665	0.090165	0.086389	0.092079
17	0.182358	0.191822	0.114511	0.066107	0.131310	0.048348	0.088474	0.083214	0.093856
18	0.181236	0.188156	0.111831	0.068194	0.138800	0.048645	0.086945	0.080885	0.095308
19	0.180315	0.184599	0.108832	0.070116	0.146264	0.049156	0.084967	0.078857	0.096894
20	0.179151	0.181089	0.106205	0.071832	0.154121	0.049413	0.083367	0.076817	0.098005
21	0.177956	0.177677	0.103580	0.073889	0.161870	0.049546	0.082034	0.073887	0.099561
22	0.176485	0.173838	0.101106	0.075971	0.169866	0.049801	0.080270	0.071762	0.100901
23	0.175354	0.169986	0.098131	0.077897	0.177735	0.050113	0.078721	0.069556	0.102507
24	0.173679	0.166200	0.095820	0.079543	0.185878	0.050135	0.077505	0.067478	0.103762
25	0.172102	0.162383	0.093332	0.081601	0.194000	0.050218	0.076011	0.064913	0.105440
26	0.170550	0.158333	0.091074	0.083518	0.202342	0.050320	0.074392	0.062978	0.106493
27	0.169014	0.154316	0.088541	0.085534	0.210871	0.050581	0.072843	0.060634	0.107666
28	0.167511	0.150220	0.086065	0.087663	0.218877	0.050490	0.071473	0.058481	0.109220
29	0.165707	0.146195	0.083598	0.089660	0.227400	0.050210	0.070025	0.056638	0.110567
30	0.163802	0.142101	0.081185	0.091661	0.235949	0.050146	0.068944	0.054650	0.111562
31	0.162121	0.138205	0.078970	0.093366	0.243965	0.050146	0.067884	0.052606	0.112737
32	0.160414	0.134447	0.076523	0.095091	0.252410	0.049972	0.066396	0.050710	0.114037
33	0.158335	0.130435	0.074291	0.097132	0.260887	0.049645	0.065319	0.048980	0.114976
34	0.156060	0.126758	0.072169	0.099048	0.269157	0.049579	0.063790	0.047257	0.116182
35	0.154334	0.123034	0.069804	0.100747	0.277288	0.049335	0.062413	0.045513	0.117532
36	0.152438	0.119024	0.067695	0.102260	0.285529	0.049276	0.061095	0.044084	0.118599
37	0.150369	0.115716	0.065456	0.103937	0.293769	0.049172	0.059857	0.042271	0.119453
38	0.148861	0.111805	0.063312	0.105120	0.302007	0.048898	0.058694	0.040586	0.120717
39	0.147079	0.108183	0.061243	0.106581	0.309931	0.048686	0.057622	0.038947	0.121728
40	0.144829	0.104573	0.059249	0.108555	0.317706	0.048404	0.056084	0.037547	0.123053
41	0.142897	0.101273	0.057621	0.109995	0.325343	0.048029	0.054498	0.036232	0.124112
42	0.140851	0.098055	0.055493	0.111359	0.333163	0.047929	0.053305	0.034766	0.125079
43	0.138997	0.094619	0.053766	0.113114	0.340358	0.047439	0.052351	0.033532	0.125824
44	0.137295	0.091122	0.052057	0.114415	0.347811	0.047026	0.051061	0.032357	0.126856
45	0.135188	0.088063	0.050263	0.115922	0.355328	0.046528	0.049728	0.030926	0.128054
46	0.133098	0.084605	0.048573	0.117384	0.362899	0.046060	0.048619	0.029796	0.128966
47	0.131283	0.081618	0.046804	0.118502	0.369747	0.045509	0.047915	0.028626	0.129996
48	0.129333	0.078491	0.045163	0.119522	0.377229	0.044856	0.046855	0.027551	0.131000
49	0.127170	0.075524	0.043774	0.120308	0.384584	0.044526	0.045776	0.026621	0.131717
50	0.125327	0.072685	0.042080	0.121607	0.391522	0.044019	0.044636	0.025494	0.132630
51	0.123594	0.070031	0.040862	0.122221	0.398148	0.043645	0.043681	0.024441	0.133377
52	0.121761	0.067336	0.039493	0.123032	0.404581	0.043122	0.042745	0.023600	0.134330
53	0.119761	0.064700	0.038036	0.124044	0.411157	0.042518	0.041906	0.022805	0.135073
54	0.117673	0.062209	0.036618	0.125262	0.417729	0.041952	0.041021	0.021799	0.135737
55	0.115893	0.059557	0.035355	0.126192	0.424143	0.041524	0.040026	0.020747	0.136563
56	0.113669	0.057018	0.034261	0.127262	0.430633	0.041006	0.039093	0.019804	0.137254
57	0.111530	0.054802	0.032966	0.127625	0.436633	0.040721	0.038446	0.019084	0.138193
58	0.109600	0.052453	0.031818	0.128417	0.442596	0.040058	0.037712	0.018209	0.139137
59	0.107587	0.050138	0.030576	0.129148	0.449028	0.039490	0.036892	0.017503	0.139638
60	0.105635	0.048144	0.029387	0.129852	0.454869	0.039036	0.036165	0.016720	0.140192
61	0.103673	0.046018	0.028384	0.130450	0.460823	0.038254	0.035421	0.016194	0.140783
62	0.101780	0.044027	0.027303	0.131023	0.466521	0.037765	0.034674	0.015460	0.141447
63	0.099890	0.042070	0.026530	0.131872	0.471572	0.037293	0.033771	0.014879	0.142123
64	0.098084	0.040300	0.025659	0.132390	0.477141	0.036561	0.032808	0.014318	0.142739
65	0.096156	0.038434	0.024614	0.133071	0.482577	0.036072	0.032008	0.013824	0.143244
66	0.094269	0.036822	0.023761	0.133329	0.487611	0.035699	0.031380	0.013172	0.143957
67	0.092691	0.035172	0.022856	0.133716	0.492762	0.035030	0.030903	0.012574	0.144296
68	0.091153	0.033564	0.022092	0.134367	0.497481	0.034387	0.030234	0.012042	0.144680
69	0.089242	0.032256	0.021305	0.134862	0.502184	0.034014	0.029301	0.011673	0.145163
70	0.087604	0.030901	0.020454	0.134862	0.507157	0.033588	0.028624	0.011211	0.145599
71	0.085869	0.029417	0.019560	0.135190	0.511982	0.033105	0.028163	0.010733	0.145981
72	0.084162	0.028144	0.018932	0.135579	0.516231	0.032584	0.027716	0.010256	0.146396
73	0.082242	0.026717	0.018240	0.135915	0.520707	0.032110	0.026966	0.009984	0.147119
74	0.080899	0.025348	0.017568	0.136301	0.524742	0.031642	0.026419	0.009577	0.147504
75	0.079112	0.024342	0.016940	0.136492	0.529237	0.031143	0.025704	0.009227	0.147803
76	0.077476	0.023231	0.016458	0.136695	0.533244	0.030707	0.025176	0.008839	0.148174
77	0.076001	0.022113	0.015853	0.136916	0.537586	0.030100	0.024773	0.008470	0.148188
78	0.074321	0.021213	0.015217	0.137131	0.541475	0.029444	0.024273	0.008107	0.148819
79	0.072781	0.020323	0.014685	0.137367	0.545299	0.029125	0.023811	0.007748	0.148861
80	0.071187	0.019426	0.014067	0.137387	0.549594	0.028639	0.023268	0.007512	0.148920
81	0.069514	0.018589	0.013557	0.137856	0.553249	0.028128	0.022674	0.007185	0.149248
82	0.068258	0.017781	0.013068	0.137960	0.556877	0.027675	0.022233	0.006917	0.149231
83	0.066843	0.016902	0.012674	0.138233	0.560253	0.027330	0.021609	0.006646	0.149510
84	0.065354	0.016194	0.012202	0.138451	0.563382	0.026988	0.021190	0.006368	0.149871
85	0.063861	0.015465	0.011739	0.138475	0.566947	0.026636	0.020761	0.006087	0.150029
86	0.062289	0.014749	0.011281	0.138609	0.570559	0.026255	0.020319	0.005796	0.150143
87	0.060909	0.014015	0.010888	0.138778	0.573882	0.025861	0.019893	0.005666	0.150108
88	0.059587	0.013318	0.010477	0.138732	0.577131	0.025477	0.019433	0.005350	0.150495
89	0.058180	0.012763	0.010055	0.138805	0.580444	0.025141	0.018884	0.005181	0.150547
90	0.056792	0.012096	0.009728	0.139167	0.583310	0.024740	0.018381	0.005000	0.150786
91	0.055627	0.011635	0.009273	0.139442	0.586046	0.024334	0.018029	0.004864	0.150750
92	0.054274	0.011054	0.008909	0.139354	0.589358	0.023913	0.017589	0.004742	0.150807
93	0.053029	0.010547	0.008614	0.139576	0.592438	0.023471	0.017114	0.004516	0.150695
94	0.051826	0.009921	0.008245	0.140017	0.594947	0.023233	0.016827	0.004439	0.150545
95	0.050668	0.009501	0.007892	0.140002	0.597797	0.022996	0.016577	0.004276	0.150291
96	0.049485	0.009002	0.007552	0.140075	0.600690	0.022547	0.016189	0.004209	0.150251
97	0.048494	0.008556	0.007219	0.140181	0.603387	0.022024	0.015799	0.003987	0.150353
98	0.047074	0.008236	0.006962	0.140172	0.606326	0.021797	0.015527	0.003866	0.150040
99	0.046184	0.007751	0.006680	0.140069	0.608948	0.021417	0.015167	0.003723	0.150061
0	0.212519	0.348790	0.136247	0.026692	0.050292	0.023121	0.088779	0.101123	0.012437
0	0.212519	0.348790	0.136247	0.026692	0.050292	0.023121	0.088779	0.101123	0.012437
1	0.182799	0.313051	0.133577	0.029479	0.055312	0.027212	0.092445	0.128709	0.037416
2	0.172641	0.298731	0.131158	0.031715	0.060834	0.029651	0.091987	0.135215	0.048068
3	0.168334	0.292947	0.127641	0.033885	0.066688	0.031647	0.090214	0.135738	0.052906
4	0.166375	0.288187	0.124845	0.036357	0.073460	0.033346	0.088326	0.133718	0.055386
5	0.164875	0.284129	0.122027	0.038475	0.080571	0.035040	0.086433	0.130947	0.057503
6	0.163738	0.280288	0.119323	0.040981	0.088033	0.036327	0.084603	0.128077	0.058630
7	0.162573	0.276362	0.117276	0.043345	0.096237	0.037680	0.082064	0.124474	0.059989
8	0.161554	0.272070	0.114887	0.045820	0.104798	0.039040	0.079602	0.121076	0.061153
9	0.160144	0.268113	0.112084	0.048384	0.113481	0.040154	0.077746	0.118040	0.061854
10	0.158625	0.264522	0.109187	0.050981	0.123025	0.041459	0.075389	0.114025	0.062787
11	0.157600	0.259959	0.106799	0.053304	0.132692	0.042676	0.073352	0.109804	0.063814
12	0.156555	0.255160	0.104364	0.055736	0.142681	0.043700	0.071236	0.105934	0.064634
13	0.155404	0.249973	0.101877	0.058477	0.153112	0.044936	0.069310	0.101515	0.065396
14	0.153827	0.244805	0.099785	0.060755	0.163703	0.045740	0.067572	0.097749	0.066064
15	0.152432	0.239484	0.097502	0.063369	0.174484	0.046271	0.065629	0.093701	0.067128
16	0.151013	0.234715	0.094923	0.065792	0.185471	0.047217	0.063499	0.089748	0.067622
17	0.149695	0.229002	0.092234	0.068325	0.196306	0.048093	0.061679	0.086452	0.068214
18	0.147847	0.223487	0.089910	0.070937	0.207880	0.048639	0.059579	0.082487	0.069234
19	0.146364	0.217431	0.087581	0.073177	0.219550	0.049364	0.057485	0.078956	0.070092
20	0.144739	0.211761	0.084944	0.075901	0.230512	0.050082	0.055717	0.075800	0.070544
21	0.143101	0.205442	0.082488	0.078405	0.242201	0.050598	0.054328	0.072275	0.071162
22	0.141149	0.199374	0.080015	0.081046	0.254132	0.051009	0.052657	0.068810	0.071808
23	0.139427	0.192981	0.077823	0.083784	0.266066	0.051358	0.050841	0.065466	0.072254
24	0.137483	0.187223	0.075481	0.086085	0.277933	0.051337	0.049152	0.062795	0.072511
25	0.135494	0.181371	0.073320	0.088456	0.289465	0.051568	0.047759	0.059503	0.073064
26	0.133497	0.175419	0.071170	0.091034	0.300770	0.051591	0.046319	0.056605	0.073595
27	0.131321	0.169615	0.068981	0.093280	0.312377	0.051556	0.044704	0.053971	0.074195
28	0.129243	0.163836	0.066695	0.095294	0.323747	0.051962	0.043490	0.051384	0.074349
29	0.127255	0.157617	0.064618	0.097362	0.335365	0.051943	0.042103	0.048738	0.074999
30	0.125203	0.151755	0.062614	0.099562	0.346263	0.051923	0.040952	0.046324	0.075404
31	0.123037	0.146074	0.060421	0.101494	0.357428	0.052052	0.039668	0.043835	0.075991
32	0.120903	0.140215	0.058633	0.103774	0.367914	0.052147	0.038599	0.041641	0.076174
33	0.118715	0.134475	0.056522	0.106086	0.378635	0.051955	0.037060	0.039609	0.076943
34	0.116328	0.128788	0.054457	0.108286	0.388900	0.052162	0.036135	0.037605	0.077339
35	0.114017	0.123595	0.052554	0.110379	0.399096	0.051930	0.035059	0.035769	0.077601
36	0.111616	0.118558	0.050602	0.112518	0.408940	0.052048	0.033715	0.033755	0.078248
37	0.109647	0.113408	0.048961	0.113961	0.418763	0.051648	0.032802	0.032129	0.078681
38	0.107470	0.108268	0.047294	0.115963	0.428428	0.051432	0.031789	0.030338	0.079018
39	0.105592	0.103247	0.045585	0.117835	0.437626	0.051328	0.030767	0.028847	0.079173
40	0.103440	0.098433	0.044067	0.119441	0.446692	0.051185	0.029647	0.027529	0.079566
41	0.101274	0.094187	0.042664	0.121203	0.455132	0.050644	0.028742	0.026105	0.080049
42	0.099194	0.089679	0.041131	0.122772	0.463754	0.050378	0.027957	0.024745	0.080390
43	0.097036	0.085698	0.039480	0.124235	0.472084	0.050053	0.027153	0.023495	0.080766
44	0.094922	0.081648	0.037974	0.125676	0.480404	0.049598	0.026336	0.022184	0.081258
45	0.092630	0.077555	0.036637	0.127191	0.488520	0.049160	0.025510	0.020992	0.081805
46	0.090642	0.073714	0.035170	0.128636	0.496558	0.048861	0.024754	0.019879	0.081786
47	0.088266	0.070215	0.033847	0.130095	0.504228	0.048571	0.023750	0.018909	0.082119
48	0.086463	0.066802	0.032521	0.131477	0.511487	0.048352	0.023005	0.017801	0.082092
49	0.084469	0.063547	0.031268	0.132764	0.518507	0.047916	0.022176	0.017018	0.082335
50	0.082601	0.060205	0.030184	0.134037	0.525639	0.047396	0.021336	0.015975	0.082627
51	0.080735	0.057258	0.028952	0.135055	0.531964	0.047028	0.020606	0.015335	0.083067
52	0.078893	0.054188	0.027664	0.136352	0.538731	0.046457	0.019911	0.014631	0.083173
53	0.077062	0.051354	0.026652	0.137399	0.544996	0.045886	0.019364	0.013985	0.083302
54	0.075529	0.048540	0.025518	0.138586	0.550619	0.045501	0.018756	0.013314	0.083637
55	0.073608	0.045945	0.024327	0.140078	0.556262	0.045101	0.018284	0.012664	0.083731
56	0.071571	0.043467	0.023202	0.141086	0.562019	0.044670	0.017782	0.012083	0.084120
57	0.069954	0.041167	0.022247	0.141696	0.568225	0.043916	0.017132	0.011457	0.084206
58	0.068229	0.038880	0.021315	0.142954	0.573630	0.043222	0.016569	0.010857	0.084344
59	0.066567	0.036878	0.020514	0.143580	0.579021	0.042849	0.015947	0.010228	0.084416
60	0.065187	0.035026	0.019632	0.144349	0.583278	0.042454	0.015551	0.009830	0.084693
61	0.063335	0.032974	0.018786	0.145217	0.588802	0.041850	0.014994	0.009339	0.084703
62	0.061754	0.031045	0.017986	0.145992	0.593290	0.041434	0.014541	0.009004	0.084954
63	0.060361	0.029427	0.017227	0.146958	0.597210	0.041057	0.014113	0.008578	0.085069
64	0.058546	0.027715	0.016637	0.147719	0.601754	0.040591	0.013720	0.008095	0.085223
65	0.057071	0.026330	0.016004	0.148035	0.606141	0.040219	0.013318	0.007627	0.085255
66	0.055515	0.024917	0.015305	0.148702	0.610073	0.039813	0.012964	0.007356	0.085355
67	0.054131	0.023595	0.014600	0.149555	0.613920	0.039260	0.012453	0.007085	0.085401
68	0.052748	0.022271	0.014055	0.150425	0.617374	0.038826	0.012212	0.006734	0.085355
69	0.051449	0.021101	0.013492	0.150963	0.620843	0.038343	0.011893	0.006494	0.085422
70	0.050165	0.019929	0.012885	0.151248	0.624680	0.037881	0.011553	0.006189	0.085470
