0	0.290663	0.057897	0.229473	0.157588	0.029913	0.111872	0.085455	0.012259	0.024880
1	0.223394	0.046660	0.193351	0.142226	0.029438	0.122205	0.124577	0.024245	0.093904
2	0.216427	0.044392	0.186762	0.137783	0.030681	0.119806	0.130769	0.024920	0.108460
3	0.215673	0.042519	0.182234	0.134980	0.032398	0.116446	0.132915	0.025105	0.117730
4	0.216593	0.040665	0.177971	0.132512	0.034440	0.111609	0.135060	0.024717	0.126433
5	0.218182	0.039592	0.173778	0.130771	0.036631	0.107767	0.135109	0.023754	0.134416
6	0.219809	0.038275	0.169725	0.128504	0.039482	0.103032	0.135921	0.023290	0.141962
7	0.220770	0.036990	0.165650	0.126409	0.042495	0.098634	0.136506	0.022563	0.149983
8	0.222743	0.035413	0.161905	0.124375	0.045487	0.094024	0.136201	0.021943	0.157909
9	0.224214	0.034235	0.157275	0.122432	0.048848	0.090196	0.135988	0.021126	0.165686
10	0.226264	0.032836	0.152782	0.120394	0.052384	0.085745	0.135580	0.020292	0.173723
11	0.227392	0.031551	0.148744	0.118320	0.056062	0.081899	0.134993	0.019557	0.181482
12	0.229119	0.030321	0.144373	0.115808	0.060080	0.078467	0.134258	0.018860	0.188714
13	0.230622	0.029192	0.139551	0.114076	0.063837	0.074648	0.133081	0.018146	0.196847
14	0.231443	0.027938	0.135468	0.112206	0.068080	0.070955	0.132120	0.017508	0.204282
15	0.233002	0.026714	0.130718	0.110190	0.072761	0.067413	0.131051	0.017020	0.211131
16	0.234620	0.025527	0.126121	0.108258	0.077155	0.064014	0.129427	0.016414	0.218464
17	0.235427	0.024229	0.121098	0.106457	0.082175	0.060847	0.128342	0.015767	0.225658
18	0.236499	0.023226	0.116790	0.104424	0.087467	0.057640	0.127060	0.014930	0.231964
19	0.236892	0.022231	0.112281	0.102301	0.093335	0.054846	0.125324	0.014249	0.238541
20	0.237225	0.021365	0.107432	0.100662	0.099254	0.052009	0.123224	0.013575	0.245254
21	0.237269	0.020385	0.103755	0.098890	0.105164	0.049450	0.121235	0.013020	0.250832
22	0.237322	0.019433	0.099959	0.097005	0.111409	0.047029	0.119452	0.012328	0.256063
23	0.237576	0.018532	0.095544	0.095138	0.118239	0.044746	0.116974	0.011795	0.261456
24	0.237405	0.017697	0.091857	0.093480	0.124899	0.042158	0.114766	0.011473	0.266265
25	0.237057	0.016880	0.087884	0.092036	0.131959	0.039990	0.112143	0.010901	0.271150
26	0.236353	0.016189	0.083806	0.090513	0.139307	0.037845	0.109666	0.010573	0.275748
27	0.235807	0.015432	0.080238	0.089046	0.146957	0.035874	0.106854	0.009987	0.279805
28	0.235257	0.014729	0.076284	0.087486	0.154294	0.034146	0.104878	0.009484	0.283442
29	0.234030	0.013844	0.073078	0.085762	0.162837	0.032109	0.102075	0.009175	0.287090
30	0.231960	0.013175	0.069360	0.085003	0.170535	0.030746	0.100053	0.008470	0.290698
31	0.229644	0.012512	0.066187	0.083575	0.179822	0.029180	0.097354	0.008028	0.293698
32	0.227615	0.011773	0.062908	0.082644	0.189141	0.027494	0.094604	0.007570	0.296251
33	0.225540	0.011044	0.059698	0.081449	0.198122	0.026207	0.092124	0.007291	0.298525
34	0.223689	0.010617	0.056923	0.079815	0.207722	0.025029	0.089084	0.006834	0.300287
35	0.220993	0.010121	0.054348	0.078665	0.217061	0.023731	0.086762	0.006537	0.301782
36	0.218941	0.009514	0.051392	0.077878	0.226979	0.022496	0.084128	0.006070	0.302602
37	0.215914	0.008852	0.048667	0.077047	0.237163	0.021630	0.081180	0.005773	0.303774
38	0.213385	0.008531	0.045840	0.075925	0.247519	0.020598	0.078422	0.005533	0.304247
39	0.210563	0.008031	0.042995	0.074855	0.258280	0.019600	0.075875	0.005324	0.304477
40	0.207037	0.007497	0.040159	0.074043	0.268919	0.018782	0.072957	0.005054	0.305552
41	0.203680	0.006976	0.037885	0.073178	0.279937	0.017898	0.070435	0.004686	0.305325
42	0.200359	0.006575	0.035837	0.072137	0.291107	0.017152	0.067800	0.004510	0.304523
43	0.196496	0.006163	0.033698	0.071203	0.302405	0.016413	0.065557	0.004153	0.303912
44	0.193270	0.005847	0.031751	0.070547	0.313483	0.015839	0.063199	0.004012	0.302052
45	0.189303	0.005489	0.029796	0.070321	0.324589	0.015193	0.060912	0.003774	0.300623
46	0.185642	0.005097	0.027993	0.069626	0.336061	0.014703	0.058461	0.003497	0.298920
47	0.181534	0.004847	0.026175	0.069269	0.348127	0.014033	0.055880	0.003374	0.296761
48	0.177243	0.004598	0.024501	0.068695	0.359925	0.013635	0.053796	0.003183	0.294424
49	0.173042	0.004346	0.022914	0.068032	0.372008	0.013123	0.051778	0.002951	0.291806
50	0.168604	0.004068	0.021421	0.067470	0.384246	0.012627	0.049487	0.002862	0.289215
51	0.164425	0.003819	0.020115	0.067290	0.396415	0.012229	0.047441	0.002716	0.285550
52	0.159736	0.003604	0.018789	0.066793	0.408809	0.011986	0.045344	0.002550	0.282389
53	0.155512	0.003365	0.017376	0.066213	0.421625	0.011396	0.043493	0.002400	0.278620
54	0.150844	0.003198	0.016240	0.066155	0.433856	0.011170	0.041471	0.002269	0.274797
55	0.146226	0.003011	0.015212	0.066179	0.445500	0.010793	0.039556	0.002167	0.271356
56	0.141412	0.002836	0.014144	0.066040	0.458033	0.010498	0.037545	0.001976	0.267516
57	0.137309	0.002634	0.012940	0.065963	0.469695	0.010106	0.035838	0.001889	0.263626
58	0.132869	0.002498	0.011849	0.065742	0.482362	0.009870	0.034262	0.001772	0.258776
59	0.128156	0.002333	0.010898	0.065430	0.494106	0.009705	0.032655	0.001673	0.255044
60	0.123744	0.002230	0.009964	0.065253	0.506595	0.009393	0.031489	0.001574	0.249758
61	0.119208	0.002102	0.009163	0.065189	0.517895	0.009278	0.030063	0.001485	0.245617
62	0.115015	0.001881	0.008357	0.065130	0.530048	0.009067	0.028698	0.001372	0.240432
63	0.110550	0.001766	0.007806	0.064972	0.542472	0.008820	0.026929	0.001280	0.235405
64	0.106198	0.001624	0.007139	0.064775	0.554871	0.008553	0.025590	0.001158	0.230092
65	0.102010	0.001509	0.006681	0.064592	0.566864	0.008257	0.024204	0.001101	0.224782
66	0.097735	0.001395	0.006190	0.064499	0.578636	0.008024	0.022552	0.001067	0.219902
67	0.093185	0.001275	0.005701	0.064625	0.589779	0.007811	0.021626	0.000955	0.215043
68	0.089356	0.001129	0.005261	0.064576	0.600873	0.007738	0.020532	0.000901	0.209634
69	0.085329	0.001032	0.004823	0.064596	0.612229	0.007459	0.019228	0.000843	0.204461
70	0.081208	0.001008	0.004411	0.064571	0.623339	0.007268	0.018211	0.000792	0.199192
71	0.077364	0.000933	0.004045	0.064584	0.634329	0.007156	0.017051	0.000711	0.193827
72	0.073547	0.000856	0.003645	0.064572	0.645136	0.007044	0.016096	0.000613	0.188491
73	0.070022	0.000813	0.003307	0.064507	0.655479	0.006979	0.015110	0.000551	0.183232
74	0.066527	0.000753	0.002984	0.064679	0.665621	0.006938	0.013989	0.000517	0.177992
75	0.062760	0.000687	0.002697	0.064684	0.675752	0.006917	0.013096	0.000474	0.172933
76	0.059949	0.000639	0.002439	0.064624	0.685621	0.006831	0.012294	0.000402	0.167201
77	0.056443	0.000555	0.002241	0.065053	0.694616	0.006737	0.011520	0.000354	0.162481
78	0.053541	0.000508	0.002052	0.064597	0.704348	0.006633	0.010819	0.000299	0.157203
79	0.050549	0.000491	0.001917	0.064084	0.713700	0.006587	0.010239	0.000298	0.152135
80	0.047824	0.000448	0.001720	0.064078	0.722755	0.006579	0.009638	0.000286	0.146672
81	0.044969	0.000431	0.001554	0.064118	0.731315	0.006498	0.009022	0.000250	0.141843
82	0.042312	0.000369	0.001424	0.063886	0.739896	0.006396	0.008314	0.000237	0.137166
83	0.039864	0.000335	0.001312	0.064035	0.747755	0.006363	0.007867	0.000200	0.132269
84	0.037533	0.000304	0.001140	0.063989	0.755847	0.006272	0.007231	0.000188	0.127496
85	0.035190	0.000264	0.001025	0.064328	0.763023	0.006206	0.006869	0.000174	0.122921
86	0.033039	0.000258	0.000942	0.064383	0.770540	0.006075	0.006410	0.000172	0.118181
87	0.031138	0.000241	0.000860	0.064508	0.777754	0.005949	0.006012	0.000134	0.113404
88	0.028880	0.000210	0.000820	0.064268	0.785283	0.005899	0.005672	0.000118	0.108850
89	0.026959	0.000206	0.000741	0.064632	0.791552	0.005977	0.005229	0.000102	0.104602
90	0.025078	0.000215	0.000649	0.064412	0.798593	0.005874	0.004868	0.000079	0.100232
91	0.023123	0.000194	0.000593	0.064588	0.805167	0.005885	0.004498	0.000069	0.095883
92	0.021538	0.000185	0.000524	0.064770	0.810805	0.005936	0.004214	0.000069	0.091959
93	0.020104	0.000176	0.000454	0.064825	0.816309	0.006149	0.003964	0.000063	0.087956
94	0.018588	0.000157	0.000428	0.065423	0.821119	0.006103	0.003796	0.000051	0.084335
95	0.017221	0.000161	0.000392	0.065350	0.826611	0.006158	0.003504	0.000041	0.080562
96	0.015963	0.000151	0.000351	0.065542	0.831580	0.006161	0.003238	0.000038	0.076976
97	0.014773	0.000128	0.000322	0.065822	0.836373	0.006147	0.002899	0.000032	0.073504
98	0.013613	0.000110	0.000295	0.065943	0.840840	0.006173	0.002714	0.000038	0.070274
99	0.012649	0.000105	0.000250	0.065880	0.845461	0.006119	0.002562	0.000044	0.066930
100	0.011720	0.000089	0.000250	0.065937	0.849637	0.006116	0.002451	0.000035	0.063765
101	0.010847	0.000079	0.000226	0.065842	0.853972	0.006034	0.002268	0.000037	0.060695
102	0.010188	0.000073	0.000181	0.065563	0.858058	0.006018	0.002085	0.000028	0.057806
103	0.009290	0.000073	0.000177	0.065488	0.861897	0.006024	0.001943	0.000026	0.055082
104	0.008563	0.000053	0.000150	0.065636	0.865312	0.006032	0.001780	0.000024	0.052450
105	0.007893	0.000041	0.000128	0.065862	0.868737	0.005976	0.001648	0.000023	0.049692
106	0.007353	0.000029	0.000122	0.065696	0.871841	0.006038	0.001512	0.000027	0.047382
107	0.006827	0.000032	0.000106	0.065754	0.874779	0.006050	0.001395	0.000022	0.045035
108	0.006281	0.000026	0.000095	0.066029	0.877644	0.005964	0.001286	0.000019	0.042656
109	0.005762	0.000026	0.000078	0.066087	0.880108	0.005984	0.001203	0.000018	0.040734
110	0.005289	0.000015	0.000072	0.065892	0.882955	0.006015	0.001207	0.000017	0.038538
111	0.004865	0.000007	0.000063	0.065672	0.885512	0.006182	0.001141	0.000017	0.036541
112	0.004467	0.000009	0.000056	0.066138	0.887505	0.006122	0.001054	0.000017	0.034632
113	0.004064	0.000008	0.000053	0.066137	0.889856	0.006115	0.001005	0.000016	0.032746
114	0.003813	0.000003	0.000051	0.066209	0.892002	0.006145	0.000899	0.000015	0.030863
115	0.003580	0.000002	0.000045	0.065986	0.894082	0.006232	0.000845	0.000011	0.029217
116	0.003295	0.000003	0.000037	0.065940	0.896054	0.006213	0.000778	0.000012	0.027668
117	0.003029	0.000002	0.000035	0.065704	0.898239	0.006225	0.000728	0.000011	0.026027
118	0.002805	0.000002	0.000035	0.065826	0.899954	0.006182	0.000650	0.000014	0.024532
119	0.002569	0.000001	0.000031	0.065659	0.901847	0.006160	0.000603	0.000013	0.023117
120	0.002391	0.000000	0.000025	0.065670	0.903283	0.006237	0.000548	0.000016	0.021830
121	0.002192	0.000000	0.000022	0.065506	0.905027	0.006259	0.000461	0.000017	0.020516
122	0.001952	0.000000	0.000017	0.065675	0.906412	0.006144	0.000450	0.000020	0.019330
123	0.001816	0.000000	0.000012	0.065818	0.907479	0.006336	0.000397	0.000020	0.018122
124	0.001669	0.000000	0.000012	0.065769	0.908732	0.006397	0.000345	0.000020	0.017056
125	0.001507	0.000000	0.000012	0.065964	0.909754	0.006386	0.000300	0.000026	0.016051
126	0.001382	0.000000	0.000014	0.066267	0.910593	0.006352	0.000285	0.000025	0.015082
127	0.001273	0.000000	0.000017	0.066017	0.911975	0.006306	0.000257	0.000023	0.014132
128	0.001176	0.000000	0.000015	0.065609	0.913346	0.006295	0.000221	0.000024	0.013314
129	0.001052	0.000000	0.000010	0.065883	0.914063	0.006306	0.000214	0.000030	0.012442
130	0.000990	0.000000	0.000009	0.065724	0.915020	0.006333	0.000187	0.000029	0.011708
131	0.000867	0.000000	0.000005	0.065981	0.915762	0.006272	0.000143	0.000024	0.010946
132	0.000742	0.000000	0.000008	0.065710	0.916792	0.006255	0.000135	0.000022	0.010336
133	0.000656	0.000000	0.000009	0.065760	0.917535	0.006248	0.000118	0.000012	0.009662
134	0.000622	0.000000	0.000007	0.065846	0.918245	0.006250	0.000128	0.000011	0.008891
135	0.000565	0.000000	0.000007	0.065965	0.918773	0.006226	0.000122	0.000007	0.008335
136	0.000510	0.000000	0.000003	0.066144	0.919248	0.006287	0.000111	0.000007	0.007690
137	0.000458	0.000000	0.000002	0.066074	0.920068	0.006261	0.000105	0.000007	0.007025
138	0.000395	0.000000	0.000002	0.066433	0.920373	0.006129	0.000092	0.000006	0.006570
139	0.000380	0.000000	0.000000	0.066307	0.920903	0.006217	0.000093	0.000007	0.006093
140	0.000345	0.000000	0.000000	0.066282	0.921456	0.006137	0.000080	0.000007	0.005693
141	0.000334	0.000000	0.000000	0.066244	0.922007	0.006096	0.000064	0.000004	0.005251
142	0.000298	0.000000	0.000000	0.066505	0.922155	0.006053	0.000069	0.000002	0.004918
143	0.000273	0.000000	0.000000	0.066484	0.922587	0.006063	0.000054	0.000002	0.004537
144	0.000225	0.000000	0.000000	0.066489	0.922831	0.006173	0.000047	0.000001	0.004234
145	0.000193	0.000000	0.000000	0.066197	0.923515	0.006129	0.000032	0.000001	0.003933
146	0.000179	0.000000	0.000000	0.066048	0.923987	0.006158	0.000028	0.000001	0.003599
147	0.000138	0.000000	0.000000	0.066086	0.924337	0.006113	0.000031	0.000000	0.003295
148	0.000107	0.000000	0.000000	0.066118	0.924671	0.006041	0.000022	0.000000	0.003041
149	0.000091	0.000000	0.000000	0.065859	0.925242	0.005997	0.000020	0.000000	0.002791
150	0.000093	0.000000	0.000000	0.065965	0.925324	0.006004	0.000019	0.000000	0.002595
151	0.000078	0.000000	0.000000	0.065984	0.925657	0.005899	0.000019	0.000000	0.002363
152	0.000065	0.000000	0.000000	0.066010	0.925814	0.005911	0.000012	0.000000	0.002188
153	0.000057	0.000000	0.000000	0.065776	0.926282	0.005910	0.000009	0.000000	0.001966
154	0.000042	0.000000	0.000000	0.065807	0.926371	0.005966	0.000010	0.000000	0.001804
155	0.000034	0.000000	0.000000	0.065756	0.926610	0.005930	0.000009	0.000000	0.001661
156	0.000029	0.000000	0.000000	0.065802	0.926656	0.005990	0.000006	0.000000	0.001517
157	0.000018	0.000000	0.000000	0.065913	0.926716	0.005990	0.000007	0.000000	0.001356
158	0.000014	0.000000	0.000000	0.065786	0.927003	0.005917	0.000001	0.000000	0.001279
159	0.000009	0.000000	0.000000	0.065756	0.927034	0.006026	0.000001	0.000000	0.001174
160	0.000010	0.000000	0.000000	0.065740	0.927102	0.006048	0.000001	0.000000	0.001099
161	0.000009	0.000000	0.000000	0.065855	0.927180	0.005963	0.000001	0.000000	0.000992
162	0.000003	0.000000	0.000000	0.065962	0.927232	0.005936	0.000001	0.000000	0.000866
163	0.000000	0.000000	0.000000	0.065949	0.927405	0.005851	0.000001	0.000000	0.000794
164	0.000000	0.000000	0.000000	0.066049	0.927422	0.005784	0.000000	0.000000	0.000745
165	0.000000	0.000000	0.000000	0.065815	0.927658	0.005832	0.000000	0.000000	0.000695
166	0.000000	0.000000	0.000000	0.065873	0.927707	0.005802	0.000000	0.000000	0.000618
167	0.000000	0.000000	0.000000	0.065901	0.927718	0.005826	0.000000	0.000000	0.000555
168	0.000000	0.000000	0.000000	0.065717	0.927873	0.005892	0.000000	0.000000	0.000518
169	0.000000	0.000000	0.000000	0.065858	0.927866	0.005841	0.000000	0.000000	0.000435
170	0.000000	0.000000	0.000000	0.065760	0.928117	0.005715	0.000000	0.000000	0.000408
171	0.000000	0.000000	0.000000	0.065902	0.928103	0.005644	0.000000	0.000000	0.000351
172	0.000000	0.000000	0.000000	0.065815	0.928285	0.005596	0.000000	0.000000	0.000304
173	0.000000	0.000000	0.000000	0.065770	0.928328	0.005648	0.000000	0.000000	0.000254
174	0.000000	0.000000	0.000000	0.065779	0.928418	0.005592	0.000000	0.000000	0.000211
175	0.000000	0.000000	0.000000	0.065544	0.928576	0.005699	0.000000	0.000000	0.000181
176	0.000000	0.000000	0.000000	0.065401	0.928662	0.005770	0.000000	0.000000	0.000167
177	0.000000	0.000000	0.000000	0.065800	0.928243	0.005807	0.000000	0.000000	0.000150
178	0.000000	0.000000	0.000000	0.065578	0.928495	0.005791	0.000000	0.000000	0.000136
179	0.000000	0.000000	0.000000	0.065316	0.928751	0.005807	0.000000	0.000000	0.000126
180	0.000000	0.000000	0.000000	0.065409	0.928740	0.005745	0.000000	0.000000	0.000106
181	0.000000	0.000000	0.000000	0.065282	0.928901	0.005733	0.000000	0.000000	0.000084
182	0.000000	0.000000	0.000000	0.064857	0.929230	0.005831	0.000000	0.000000	0.000082
183	0.000000	0.000000	0.000000	0.064887	0.929196	0.005846	0.000000	0.000000	0.000071
184	0.000000	0.000000	0.000000	0.064889	0.929126	0.005927	0.000000	0.000000	0.000058
185	0.000000	0.000000	0.000000	0.065019	0.928953	0.005971	0.000000	0.000000	0.000057
186	0.000000	0.000000	0.000000	0.065082	0.928910	0.005953	0.000000	0.000000	0.000055
187	0.000000	0.000000	0.000000	0.064919	0.929041	0.005995	0.000000	0.000000	0.000045
188	0.000000	0.000000	0.000000	0.064696	0.929193	0.006064	0.000000	0.000000	0.000047
189	0.000000	0.000000	0.000000	0.064696	0.929231	0.006040	0.000000	0.000000	0.000033
190	0.000000	0.000000	0.000000	0.064714	0.929202	0.006057	0.000000	0.000000	0.000027
191	0.000000	0.000000	0.000000	0.064727	0.929233	0.006018	0.000000	0.000000	0.000022
192	0.000000	0.000000	0.000000	0.064752	0.929178	0.006052	0.000000	0.000000	0.000018
193	0.000000	0.000000	0.000000	0.064535	0.929543	0.005909	0.000000	0.000000	0.000013
194	0.000000	0.000000	0.000000	0.064534	0.929527	0.005930	0.000000	0.000000	0.000009
195	0.000000	0.000000	0.000000	0.064510	0.929553	0.005931	0.000000	0.000000	0.000006
196	0.000000	0.000000	0.000000	0.064523	0.929600	0.005874	0.000000	0.000000	0.000003
197	0.000000	0.000000	0.000000	0.064333	0.929771	0.005892	0.000000	0.000000	0.000004
198	0.000000	0.000000	0.000000	0.064310	0.929665	0.006024	0.000000	0.000000	0.000001
199	0.000000	0.000000	0.000000	0.064675	0.929377	0.005947	0.000000	0.000000	0.000001
200	0.000000	0.000000	0.000000	0.064565	0.929411	0.006024	0.000000	0.000000	0.000000
201	0.000000	0.000000	0.000000	0.064595	0.929326	0.006079	0.000000	0.000000	0.000000
202	0.000000	0.000000	0.000000	0.064527	0.929428	0.006045	0.000000	0.000000	0.000000
203	0.000000	0.000000	0.000000	0.064384	0.929536	0.006080	0.000000	0.000000	0.000000
204	0.000000	0.000000	0.000000	0.064353	0.929786	0.005861	0.000000	0.000000	0.000000
205	0.000000	0.000000	0.000000	0.064496	0.929539	0.005965	0.000000	0.000000	0.000000
206	0.000000	0.000000	0.000000	0.064494	0.929416	0.006090	0.000000	0.000000	0.000000
207	0.000000	0.000000	0.000000	0.064361	0.929551	0.006088	0.000000	0.000000	0.000000
208	0.000000	0.000000	0.000000	0.064198	0.929607	0.006195	0.000000	0.000000	0.000000
209	0.000000	0.000000	0.000000	0.064503	0.929260	0.006237	0.000000	0.000000	0.000000
210	0.000000	0.000000	0.000000	0.064531	0.929260	0.006209	0.000000	0.000000	0.000000
211	0.000000	0.000000	0.000000	0.064505	0.929366	0.006129	0.000000	0.000000	0.000000
212	0.000000	0.000000	0.000000	0.064441	0.929460	0.006099	0.000000	0.000000	0.000000
213	0.000000	0.000000	0.000000	0.064814	0.929076	0.006110	0.000000	0.000000	0.000000
214	0.000000	0.000000	0.000000	0.064776	0.929039	0.006185	0.000000	0.000000	0.000000
215	0.000000	0.000000	0.000000	0.065125	0.928794	0.006081	0.000000	0.000000	0.000000
216	0.000000	0.000000	0.000000	0.064921	0.929025	0.006054	0.000000	0.000000	0.000000
217	0.000000	0.000000	0.000000	0.064720	0.929227	0.006053	0.000000	0.000000	0.000000
218	0.000000	0.000000	0.000000	0.064444	0.929425	0.006131	0.000000	0.000000	0.000000
219	0.000000	0.000000	0.000000	0.064418	0.929544	0.006038	0.000000	0.000000	0.000000
220	0.000000	0.000000	0.000000	0.064499	0.929344	0.006157	0.000000	0.000000	0.000000
221	0.000000	0.000000	0.000000	0.064268	0.929565	0.006167	0.000000	0.000000	0.000000
222	0.000000	0.000000	0.000000	0.064528	0.929368	0.006104	0.000000	0.000000	0.000000
223	0.000000	0.000000	0.000000	0.064523	0.929269	0.006208	0.000000	0.000000	0.000000
224	0.000000	0.000000	0.000000	0.064419	0.929511	0.006070	0.000000	0.000000	0.000000
225	0.000000	0.000000	0.000000	0.064638	0.929416	0.005946	0.000000	0.000000	0.000000
226	0.000000	0.000000	0.000000	0.064502	0.929476	0.006022	0.000000	0.000000	0.000000
227	0.000000	0.000000	0.000000	0.064278	0.929758	0.005964	0.000000	0.000000	0.000000
228	0.000000	0.000000	0.000000	0.064242	0.929889	0.005869	0.000000	0.000000	0.000000
229	0.000000	0.000000	0.000000	0.064169	0.930140	0.005691	0.000000	0.000000	0.000000
230	0.000000	0.000000	0.000000	0.064189	0.930036	0.005775	0.000000	0.000000	0.000000
231	0.000000	0.000000	0.000000	0.064423	0.929886	0.005691	0.000000	0.000000	0.000000
232	0.000000	0.000000	0.000000	0.064524	0.929742	0.005734	0.000000	0.000000	0.000000
233	0.000000	0.000000	0.000000	0.064508	0.929796	0.005696	0.000000	0.000000	0.000000
234	0.000000	0.000000	0.000000	0.064343	0.929935	0.005722	0.000000	0.000000	0.000000
235	0.000000	0.000000	0.000000	0.064398	0.929888	0.005714	0.000000	0.000000	0.000000
236	0.000000	0.000000	0.000000	0.064318	0.929977	0.005705	0.000000	0.000000	0.000000
237	0.000000	0.000000	0.000000	0.064145	0.930027	0.005828	0.000000	0.000000	0.000000
238	0.000000	0.000000	0.000000	0.063894	0.930283	0.005823	0.000000	0.000000	0.000000
239	0.000000	0.000000	0.000000	0.063863	0.930253	0.005884	0.000000	0.000000	0.000000
240	0.000000	0.000000	0.000000	0.063824	0.930269	0.005907	0.000000	0.000000	0.000000
241	0.000000	0.000000	0.000000	0.063929	0.930219	0.005852	0.000000	0.000000	0.000000
242	0.000000	0.000000	0.000000	0.063813	0.930263	0.005924	0.000000	0.000000	0.000000
243	0.000000	0.000000	0.000000	0.063726	0.930399	0.005875	0.000000	0.000000	0.000000
244	0.000000	0.000000	0.000000	0.063672	0.930444	0.005884	0.000000	0.000000	0.000000
245	0.000000	0.000000	0.000000	0.063793	0.930350	0.005857	0.000000	0.000000	0.000000
246	0.000000	0.000000	0.000000	0.063605	0.930620	0.005775	0.000000	0.000000	0.000000
247	0.000000	0.000000	0.000000	0.063623	0.930452	0.005925	0.000000	0.000000	0.000000
248	0.000000	0.000000	0.000000	0.063558	0.930460	0.005982	0.000000	0.000000	0.000000
249	0.000000	0.000000	0.000000	0.063668	0.930370	0.005962	0.000000	0.000000	0.000000
250	0.000000	0.000000	0.000000	0.063619	0.930431	0.005950	0.000000	0.000000	0.000000
251	0.000000	0.000000	0.000000	0.063559	0.930503	0.005938	0.000000	0.000000	0.000000
252	0.000000	0.000000	0.000000	0.063671	0.930378	0.005951	0.000000	0.000000	0.000000
253	0.000000	0.000000	0.000000	0.063278	0.930874	0.005848	0.000000	0.000000	0.000000
254	0.000000	0.000000	0.000000	0.063178	0.930980	0.005842	0.000000	0.000000	0.000000
255	0.000000	0.000000	0.000000	0.063295	0.930840	0.005865	0.000000	0.000000	0.000000
256	0.000000	0.000000	0.000000	0.063327	0.930748	0.005925	0.000000	0.000000	0.000000
257	0.000000	0.000000	0.000000	0.063363	0.930696	0.005941	0.000000	0.000000	0.000000
258	0.000000	0.000000	0.000000	0.063226	0.930863	0.005911	0.000000	0.000000	0.000000
259	0.000000	0.000000	0.000000	0.063401	0.930670	0.005929	0.000000	0.000000	0.000000
260	0.000000	0.000000	0.000000	0.063404	0.930743	0.005853	0.000000	0.000000	0.000000
261	0.000000	0.000000	0.000000	0.063342	0.930711	0.005947	0.000000	0.000000	0.000000
262	0.000000	0.000000	0.000000	0.063113	0.930939	0.005948	0.000000	0.000000	0.000000
263	0.000000	0.000000	0.000000	0.063087	0.931100	0.005813	0.000000	0.000000	0.000000
264	0.000000	0.000000	0.000000	0.063141	0.931066	0.005793	0.000000	0.000000	0.000000
265	0.000000	0.000000	0.000000	0.062995	0.931152	0.005853	0.000000	0.000000	0.000000
266	0.000000	0.000000	0.000000	0.063171	0.931019	0.005810	0.000000	0.000000	0.000000
267	0.000000	0.000000	0.000000	0.063359	0.930820	0.005821	0.000000	0.000000	0.000000
268	0.000000	0.000000	0.000000	0.063539	0.930510	0.005951	0.000000	0.000000	0.000000
269	0.000000	0.000000	0.000000	0.063260	0.930811	0.005929	0.000000	0.000000	0.000000
270	0.000000	0.000000	0.000000	0.063138	0.931034	0.005828	0.000000	0.000000	0.000000
271	0.000000	0.000000	0.000000	0.063221	0.930859	0.005920	0.000000	0.000000	0.000000
272	0.000000	0.000000	0.000000	0.063056	0.931037	0.005907	0.000000	0.000000	0.000000
273	0.000000	0.000000	0.000000	0.062929	0.931028	0.006043	0.000000	0.000000	0.000000
274	0.000000	0.000000	0.000000	0.062969	0.931044	0.005987	0.000000	0.000000	0.000000
275	0.000000	0.000000	0.000000	0.063089	0.931001	0.005910	0.000000	0.000000	0.000000
276	0.000000	0.000000	0.000000	0.063074	0.931039	0.005887	0.000000	0.000000	0.000000
277	0.000000	0.000000	0.000000	0.062800	0.931232	0.005968	0.000000	0.000000	0.000000
278	0.000000	0.000000	0.000000	0.062838	0.931209	0.005953	0.000000	0.000000	0.000000
279	0.000000	0.000000	0.000000	0.062552	0.931374	0.006074	0.000000	0.000000	0.000000
280	0.000000	0.000000	0.000000	0.062705	0.931193	0.006102	0.000000	0.000000	0.000000
281	0.000000	0.000000	0.000000	0.062635	0.931197	0.006168	0.000000	0.000000	0.000000
282	0.000000	0.000000	0.000000	0.062661	0.931288	0.006051	0.000000	0.000000	0.000000
283	0.000000	0.000000	0.000000	0.062956	0.931025	0.006019	0.000000	0.000000	0.000000
284	0.000000	0.000000	0.000000	0.063096	0.931039	0.005865	0.000000	0.000000	0.000000
285	0.000000	0.000000	0.000000	0.062797	0.931392	0.005811	0.000000	0.000000	0.000000
286	0.000000	0.000000	0.000000	0.062749	0.931353	0.005898	0.000000	0.000000	0.000000
287	0.000000	0.000000	0.000000	0.062649	0.931410	0.005941	0.000000	0.000000	0.000000
288	0.000000	0.000000	0.000000	0.063016	0.931095	0.005889	0.000000	0.000000	0.000000
289	0.000000	0.000000	0.000000	0.063161	0.930892	0.005947	0.000000	0.000000	0.000000
290	0.000000	0.000000	0.000000	0.063135	0.930912	0.005953	0.000000	0.000000	0.000000
291	0.000000	0.000000	0.000000	0.063299	0.930804	0.005897	0.000000	0.000000	0.000000
292	0.000000	0.000000	0.000000	0.063807	0.930281	0.005912	0.000000	0.000000	0.000000
293	0.000000	0.000000	0.000000	0.063780	0.930333	0.005887	0.000000	0.000000	0.000000
294	0.000000	0.000000	0.000000	0.063637	0.930418	0.005945	0.000000	0.000000	0.000000
295	0.000000	0.000000	0.000000	0.063946	0.929952	0.006102	0.000000	0.000000	0.000000
296	0.000000	0.000000	0.000000	0.063945	0.930054	0.006001	0.000000	0.000000	0.000000
297	0.000000	0.000000	0.000000	0.063986	0.929929	0.006085	0.000000	0.000000	0.000000
298	0.000000	0.000000	0.000000	0.064026	0.929967	0.006007	0.000000	0.000000	0.000000
299	0.000000	0.000000	0.000000	0.063770	0.930317	0.005913	0.000000	0.000000	0.000000
300	0.000000	0.000000	0.000000	0.064016	0.930070	0.005914	0.000000	0.000000	0.000000
301	0.000000	0.000000	0.000000	0.063754	0.930294	0.005952	0.000000	0.000000	0.000000
302	0.000000	0.000000	0.000000	0.063708	0.930255	0.006037	0.000000	0.000000	0.000000
303	0.000000	0.000000	0.000000	0.063684	0.930321	0.005995	0.000000	0.000000	0.000000
304	0.000000	0.000000	0.000000	0.064057	0.929887	0.006056	0.000000	0.000000	0.000000
305	0.000000	0.000000	0.000000	0.063802	0.930234	0.005964	0.000000	0.000000	0.000000
306	0.000000	0.000000	0.000000	0.063327	0.930749	0.005924	0.000000	0.000000	0.000000
307	0.000000	0.000000	0.000000	0.063272	0.930778	0.005950	0.000000	0.000000	0.000000
308	0.000000	0.000000	0.000000	0.063336	0.930672	0.005992	0.000000	0.000000	0.000000
309	0.000000	0.000000	0.000000	0.063379	0.930680	0.005941	0.000000	0.000000	0.000000
310	0.000000	0.000000	0.000000	0.063622	0.930426	0.005952	0.000000	0.000000	0.000000
311	0.000000	0.000000	0.000000	0.063784	0.930247	0.005969	0.000000	0.000000	0.000000
312	0.000000	0.000000	0.000000	0.063672	0.930335	0.005993	0.000000	0.000000	0.000000
313	0.000000	0.000000	0.000000	0.063882	0.930185	0.005933	0.000000	0.000000	0.000000
314	0.000000	0.000000	0.000000	0.063729	0.930366	0.005905	0.000000	0.000000	0.000000
315	0.000000	0.000000	0.000000	0.063486	0.930668	0.005846	0.000000	0.000000	0.000000
316	0.000000	0.000000	0.000000	0.063531	0.930623	0.005846	0.000000	0.000000	0.000000
317	0.000000	0.000000	0.000000	0.063411	0.930690	0.005899	0.000000	0.000000	0.000000
318	0.000000	0.000000	0.000000	0.063459	0.930700	0.005841	0.000000	0.000000	0.000000
319	0.000000	0.000000	0.000000	0.063550	0.930553	0.005897	0.000000	0.000000	0.000000
320	0.000000	0.000000	0.000000	0.063260	0.930813	0.005927	0.000000	0.000000	0.000000
321	0.000000	0.000000	0.000000	0.062950	0.931068	0.005982	0.000000	0.000000	0.000000
322	0.000000	0.000000	0.000000	0.063048	0.930963	0.005989	0.000000	0.000000	0.000000
323	0.000000	0.000000	0.000000	0.063027	0.930960	0.006013	0.000000	0.000000	0.000000
324	0.000000	0.000000	0.000000	0.062765	0.931239	0.005996	0.000000	0.000000	0.000000
325	0.000000	0.000000	0.000000	0.062559	0.931418	0.006023	0.000000	0.000000	0.000000
326	0.000000	0.000000	0.000000	0.062637	0.931332	0.006031	0.000000	0.000000	0.000000
327	0.000000	0.000000	0.000000	0.062491	0.931522	0.005987	0.000000	0.000000	0.000000
328	0.000000	0.000000	0.000000	0.062476	0.931567	0.005957	0.000000	0.000000	0.000000
329	0.000000	0.000000	0.000000	0.062485	0.931596	0.005919	0.000000	0.000000	0.000000
330	0.000000	0.000000	0.000000	0.062519	0.931566	0.005915	0.000000	0.000000	0.000000
331	0.000000	0.000000	0.000000	0.062532	0.931667	0.005801	0.000000	0.000000	0.000000
332	0.000000	0.000000	0.000000	0.062437	0.931834	0.005729	0.000000	0.000000	0.000000
333	0.000000	0.000000	0.000000	0.062305	0.931969	0.005726	0.000000	0.000000	0.000000
334	0.000000	0.000000	0.000000	0.062377	0.931888	0.005735	0.000000	0.000000	0.000000
335	0.000000	0.000000	0.000000	0.062586	0.931669	0.005745	0.000000	0.000000	0.000000
336	0.000000	0.000000	0.000000	0.062925	0.931294	0.005781	0.000000	0.000000	0.000000
337	0.000000	0.000000	0.000000	0.062911	0.931318	0.005771	0.000000	0.000000	0.000000
338	0.000000	0.000000	0.000000	0.062887	0.931274	0.005839	0.000000	0.000000	0.000000
339	0.000000	0.000000	0.000000	0.062866	0.931335	0.005799	0.000000	0.000000	0.000000
340	0.000000	0.000000	0.000000	0.062671	0.931561	0.005768	0.000000	0.000000	0.000000
341	0.000000	0.000000	0.000000	0.062688	0.931539	0.005773	0.000000	0.000000	0.000000
342	0.000000	0.000000	0.000000	0.062984	0.931242	0.005774	0.000000	0.000000	0.000000
343	0.000000	0.000000	0.000000	0.063137	0.931082	0.005781	0.000000	0.000000	0.000000
344	0.000000	0.000000	0.000000	0.063099	0.931074	0.005827	0.000000	0.000000	0.000000
345	0.000000	0.000000	0.000000	0.063130	0.931099	0.005771	0.000000	0.000000	0.000000
346	0.000000	0.000000	0.000000	0.063306	0.930890	0.005804	0.000000	0.000000	0.000000
347	0.000000	0.000000	0.000000	0.063380	0.930890	0.005730	0.000000	0.000000	0.000000
348	0.000000	0.000000	0.000000	0.063100	0.931107	0.005793	0.000000	0.000000	0.000000
349	0.000000	0.000000	0.000000	0.063128	0.931004	0.005868	0.000000	0.000000	0.000000
350	0.000000	0.000000	0.000000	0.063241	0.930921	0.005838	0.000000	0.000000	0.000000
351	0.000000	0.000000	0.000000	0.063107	0.931105	0.005788	0.000000	0.000000	0.000000
352	0.000000	0.000000	0.000000	0.062863	0.931400	0.005737	0.000000	0.000000	0.000000
353	0.000000	0.000000	0.000000	0.063333	0.930956	0.005711	0.000000	0.000000	0.000000
354	0.000000	0.000000	0.000000	0.063488	0.930865	0.005647	0.000000	0.000000	0.000000
355	0.000000	0.000000	0.000000	0.063409	0.930944	0.005647	0.000000	0.000000	0.000000
356	0.000000	0.000000	0.000000	0.063660	0.930612	0.005728	0.000000	0.000000	0.000000
357	0.000000	0.000000	0.000000	0.063543	0.930746	0.005711	0.000000	0.000000	0.000000
358	0.000000	0.000000	0.000000	0.063305	0.931045	0.005650	0.000000	0.000000	0.000000
359	0.000000	0.000000	0.000000	0.063445	0.930831	0.005724	0.000000	0.000000	0.000000
360	0.000000	0.000000	0.000000	0.063313	0.930988	0.005699	0.000000	0.000000	0.000000
361	0.000000	0.000000	0.000000	0.063226	0.931067	0.005707	0.000000	0.000000	0.000000
362	0.000000	0.000000	0.000000	0.063358	0.930861	0.005781	0.000000	0.000000	0.000000
363	0.000000	0.000000	0.000000	0.063375	0.930791	0.005834	0.000000	0.000000	0.000000
364	0.000000	0.000000	0.000000	0.063085	0.931000	0.005915	0.000000	0.000000	0.000000
365	0.000000	0.000000	0.000000	0.063129	0.931056	0.005815	0.000000	0.000000	0.000000
366	0.000000	0.000000	0.000000	0.063175	0.931002	0.005823	0.000000	0.000000	0.000000
367	0.000000	0.000000	0.000000	0.063094	0.931095	0.005811	0.000000	0.000000	0.000000
368	0.000000	0.000000	0.000000	0.062794	0.931428	0.005778	0.000000	0.000000	0.000000
369	0.000000	0.000000	0.000000	0.062937	0.931294	0.005769	0.000000	0.000000	0.000000
370	0.000000	0.000000	0.000000	0.062967	0.931357	0.005676	0.000000	0.000000	0.000000
371	0.000000	0.000000	0.000000	0.062908	0.931402	0.005690	0.000000	0.000000	0.000000
372	0.000000	0.000000	0.000000	0.063083	0.931204	0.005713	0.000000	0.000000	0.000000
373	0.000000	0.000000	0.000000	0.063053	0.931324	0.005623	0.000000	0.000000	0.000000
374	0.000000	0.000000	0.000000	0.062833	0.931472	0.005695	0.000000	0.000000	0.000000
375	0.000000	0.000000	0.000000	0.062839	0.931448	0.005713	0.000000	0.000000	0.000000
376	0.000000	0.000000	0.000000	0.062940	0.931353	0.005707	0.000000	0.000000	0.000000
377	0.000000	0.000000	0.000000	0.062846	0.931395	0.005759	0.000000	0.000000	0.000000
378	0.000000	0.000000	0.000000	0.062938	0.931263	0.005799	0.000000	0.000000	0.000000
379	0.000000	0.000000	0.000000	0.062855	0.931304	0.005841	0.000000	0.000000	0.000000
380	0.000000	0.000000	0.000000	0.062837	0.931338	0.005825	0.000000	0.000000	0.000000
381	0.000000	0.000000	0.000000	0.062957	0.931287	0.005756	0.000000	0.000000	0.000000
382	0.000000	0.000000	0.000000	0.062912	0.931418	0.005670	0.000000	0.000000	0.000000
383	0.000000	0.000000	0.000000	0.062994	0.931287	0.005719	0.000000	0.000000	0.000000
384	0.000000	0.000000	0.000000	0.062759	0.931549	0.005692	0.000000	0.000000	0.000000
385	0.000000	0.000000	0.000000	0.062632	0.931711	0.005657	0.000000	0.000000	0.000000
386	0.000000	0.000000	0.000000	0.062476	0.931882	0.005642	0.000000	0.000000	0.000000
387	0.000000	0.000000	0.000000	0.062559	0.931755	0.005686	0.000000	0.000000	0.000000
388	0.000000	0.000000	0.000000	0.062347	0.932026	0.005627	0.000000	0.000000	0.000000
389	0.000000	0.000000	0.000000	0.062195	0.932180	0.005625	0.000000	0.000000	0.000000
390	0.000000	0.000000	0.000000	0.062025	0.932330	0.005645	0.000000	0.000000	0.000000
391	0.000000	0.000000	0.000000	0.062019	0.932401	0.005580	0.000000	0.000000	0.000000
392	0.000000	0.000000	0.000000	0.061998	0.932462	0.005540	0.000000	0.000000	0.000000
393	0.000000	0.000000	0.000000	0.062338	0.931982	0.005680	0.000000	0.000000	0.000000
394	0.000000	0.000000	0.000000	0.062363	0.932001	0.005636	0.000000	0.000000	0.000000
395	0.000000	0.000000	0.000000	0.062260	0.932048	0.005692	0.000000	0.000000	0.000000
396	0.000000	0.000000	0.000000	0.062215	0.932056	0.005729	0.000000	0.000000	0.000000
397	0.000000	0.000000	0.000000	0.062173	0.932167	0.005660	0.000000	0.000000	0.000000
398	0.000000	0.000000	0.000000	0.062032	0.932235	0.005733	0.000000	0.000000	0.000000
399	0.000000	0.000000	0.000000	0.062055	0.932230	0.005715	0.000000	0.000000	0.000000
400	0.000000	0.000000	0.000000	0.062081	0.932257	0.005662	0.000000	0.000000	0.000000
401	0.000000	0.000000	0.000000	0.062518	0.931727	0.005755	0.000000	0.000000	0.000000
402	0.000000	0.000000	0.000000	0.062514	0.931741	0.005745	0.000000	0.000000	0.000000
403	0.000000	0.000000	0.000000	0.062141	0.932139	0.005720	0.000000	0.000000	0.000000
404	0.000000	0.000000	0.000000	0.062252	0.932010	0.005738	0.000000	0.000000	0.000000
405	0.000000	0.000000	0.000000	0.062347	0.932005	0.005648	0.000000	0.000000	0.000000
406	0.000000	0.000000	0.000000	0.062252	0.932104	0.005644	0.000000	0.000000	0.000000
407	0.000000	0.000000	0.000000	0.062323	0.931978	0.005699	0.000000	0.000000	0.000000
408	0.000000	0.000000	0.000000	0.062531	0.931838	0.005631	0.000000	0.000000	0.000000
409	0.000000	0.000000	0.000000	0.062467	0.931898	0.005635	0.000000	0.000000	0.000000
410	0.000000	0.000000	0.000000	0.062752	0.931696	0.005552	0.000000	0.000000	0.000000
411	0.000000	0.000000	0.000000	0.062656	0.931832	0.005512	0.000000	0.000000	0.000000
412	0.000000	0.000000	0.000000	0.062393	0.932052	0.005555	0.000000	0.000000	0.000000
413	0.000000	0.000000	0.000000	0.062369	0.932125	0.005506	0.000000	0.000000	0.000000
414	0.000000	0.000000	0.000000	0.062185	0.932358	0.005457	0.000000	0.000000	0.000000
415	0.000000	0.000000	0.000000	0.062274	0.932358	0.005368	0.000000	0.000000	0.000000
416	0.000000	0.000000	0.000000	0.062158	0.932551	0.005291	0.000000	0.000000	0.000000
417	0.000000	0.000000	0.000000	0.062180	0.932460	0.005360	0.000000	0.000000	0.000000
418	0.000000	0.000000	0.000000	0.062167	0.932455	0.005378	0.000000	0.000000	0.000000
419	0.000000	0.000000	0.000000	0.062075	0.932553	0.005372	0.000000	0.000000	0.000000
420	0.000000	0.000000	0.000000	0.062176	0.932439	0.005385	0.000000	0.000000	0.000000
421	0.000000	0.000000	0.000000	0.062083	0.932662	0.005255	0.000000	0.000000	0.000000
422	0.000000	0.000000	0.000000	0.062365	0.932383	0.005252	0.000000	0.000000	0.000000
423	0.000000	0.000000	0.000000	0.062348	0.932355	0.005297	0.000000	0.000000	0.000000
424	0.000000	0.000000	0.000000	0.062309	0.932276	0.005415	0.000000	0.000000	0.000000
425	0.000000	0.000000	0.000000	0.062249	0.932369	0.005382	0.000000	0.000000	0.000000
426	0.000000	0.000000	0.000000	0.062319	0.932222	0.005459	0.000000	0.000000	0.000000
427	0.000000	0.000000	0.000000	0.062134	0.932407	0.005459	0.000000	0.000000	0.000000
428	0.000000	0.000000	0.000000	0.062374	0.932086	0.005540	0.000000	0.000000	0.000000
429	0.000000	0.000000	0.000000	0.061981	0.932493	0.005526	0.000000	0.000000	0.000000
430	0.000000	0.000000	0.000000	0.062039	0.932484	0.005477	0.000000	0.000000	0.000000
431	0.000000	0.000000	0.000000	0.061973	0.932517	0.005510	0.000000	0.000000	0.000000
432	0.000000	0.000000	0.000000	0.061774	0.932703	0.005523	0.000000	0.000000	0.000000
433	0.000000	0.000000	0.000000	0.061682	0.932777	0.005541	0.000000	0.000000	0.000000
434	0.000000	0.000000	0.000000	0.061780	0.932722	0.005498	0.000000	0.000000	0.000000
435	0.000000	0.000000	0.000000	0.061571	0.932793	0.005636	0.000000	0.000000	0.000000
436	0.000000	0.000000	0.000000	0.061985	0.932364	0.005651	0.000000	0.000000	0.000000
437	0.000000	0.000000	0.000000	0.062053	0.932322	0.005625	0.000000	0.000000	0.000000
438	0.000000	0.000000	0.000000	0.061895	0.932586	0.005519	0.000000	0.000000	0.000000
439	0.000000	0.000000	0.000000	0.061938	0.932497	0.005565	0.000000	0.000000	0.000000
440	0.000000	0.000000	0.000000	0.062076	0.932307	0.005617	0.000000	0.000000	0.000000
441	0.000000	0.000000	0.000000	0.061669	0.932755	0.005576	0.000000	0.000000	0.000000
442	0.000000	0.000000	0.000000	0.061613	0.932857	0.005530	0.000000	0.000000	0.000000
443	0.000000	0.000000	0.000000	0.061693	0.932752	0.005555	0.000000	0.000000	0.000000
444	0.000000	0.000000	0.000000	0.061752	0.932614	0.005634	0.000000	0.000000	0.000000
445	0.000000	0.000000	0.000000	0.061600	0.932849	0.005551	0.000000	0.000000	0.000000
446	0.000000	0.000000	0.000000	0.061580	0.932836	0.005584	0.000000	0.000000	0.000000
447	0.000000	0.000000	0.000000	0.061362	0.933075	0.005563	0.000000	0.000000	0.000000
448	0.000000	0.000000	0.000000	0.061192	0.933264	0.005544	0.000000	0.000000	0.000000
449	0.000000	0.000000	0.000000	0.061142	0.933286	0.005572	0.000000	0.000000	0.000000
450	0.000000	0.000000	0.000000	0.061188	0.933236	0.005576	0.000000	0.000000	0.000000
451	0.000000	0.000000	0.000000	0.060972	0.933337	0.005691	0.000000	0.000000	0.000000
452	0.000000	0.000000	0.000000	0.060878	0.933345	0.005777	0.000000	0.000000	0.000000
453	0.000000	0.000000	0.000000	0.060625	0.933667	0.005708	0.000000	0.000000	0.000000
454	0.000000	0.000000	0.000000	0.060624	0.933633	0.005743	0.000000	0.000000	0.000000
455	0.000000	0.000000	0.000000	0.060461	0.933775	0.005764	0.000000	0.000000	0.000000
456	0.000000	0.000000	0.000000	0.060492	0.933801	0.005707	0.000000	0.000000	0.000000
457	0.000000	0.000000	0.000000	0.060164	0.934069	0.005767	0.000000	0.000000	0.000000
458	0.000000	0.000000	0.000000	0.060208	0.933880	0.005912	0.000000	0.000000	0.000000
459	0.000000	0.000000	0.000000	0.060297	0.933817	0.005886	0.000000	0.000000	0.000000
460	0.000000	0.000000	0.000000	0.060300	0.933873	0.005827	0.000000	0.000000	0.000000
461	0.000000	0.000000	0.000000	0.060082	0.934015	0.005903	0.000000	0.000000	0.000000
462	0.000000	0.000000	0.000000	0.060012	0.934056	0.005932	0.000000	0.000000	0.000000
463	0.000000	0.000000	0.000000	0.060177	0.933871	0.005952	0.000000	0.000000	0.000000
464	0.000000	0.000000	0.000000	0.060111	0.933957	0.005932	0.000000	0.000000	0.000000
465	0.000000	0.000000	0.000000	0.059955	0.934159	0.005886	0.000000	0.000000	0.000000
466	0.000000	0.000000	0.000000	0.059943	0.934153	0.005904	0.000000	0.000000	0.000000
467	0.000000	0.000000	0.000000	0.060089	0.934023	0.005888	0.000000	0.000000	0.000000
468	0.000000	0.000000	0.000000	0.059936	0.934241	0.005823	0.000000	0.000000	0.000000
469	0.000000	0.000000	0.000000	0.059918	0.934215	0.005867	0.000000	0.000000	0.000000
470	0.000000	0.000000	0.000000	0.059612	0.934576	0.005812	0.000000	0.000000	0.000000
