0	0.290663	0.057897	0.229473	0.157588	0.029913	0.111872	0.085455	0.012259	0.024880
1	0.220562	0.045843	0.192813	0.147386	0.030150	0.124966	0.122067	0.023469	0.092744
2	0.211253	0.043238	0.184691	0.148222	0.031494	0.126110	0.125843	0.024260	0.104889
3	0.207918	0.041530	0.179115	0.150172	0.033508	0.125403	0.126223	0.023984	0.112147
4	0.205791	0.040285	0.173586	0.151906	0.035442	0.124888	0.125599	0.023162	0.119341
5	0.204536	0.039026	0.168478	0.153811	0.038132	0.123185	0.124703	0.022567	0.125562
6	0.203842	0.037502	0.162998	0.155594	0.040740	0.121577	0.123888	0.021817	0.132042
7	0.203171	0.036317	0.157729	0.157362	0.043460	0.119936	0.122282	0.021249	0.138494
8	0.202344	0.035121	0.152554	0.159190	0.046107	0.118048	0.121044	0.020333	0.145259
9	0.202077	0.033876	0.147384	0.161131	0.048881	0.115655	0.119794	0.019467	0.151735
10	0.201418	0.032976	0.142541	0.162524	0.051603	0.113305	0.118473	0.018759	0.158401
11	0.201361	0.031494	0.137474	0.163815	0.054707	0.111207	0.117362	0.018010	0.164570
12	0.200908	0.030218	0.133048	0.166377	0.057655	0.108189	0.115671	0.017253	0.170681
13	0.200634	0.029002	0.128503	0.167105	0.061329	0.105430	0.113565	0.016725	0.177707
14	0.199925	0.027954	0.123489	0.168814	0.064767	0.103208	0.111652	0.016118	0.184073
15	0.199292	0.026856	0.118693	0.169996	0.068527	0.100794	0.110188	0.015623	0.190031
16	0.199340	0.025897	0.114070	0.170578	0.071948	0.098115	0.108606	0.014937	0.196509
17	0.198852	0.024850	0.109988	0.171572	0.075760	0.095606	0.106667	0.014310	0.202395
18	0.198463	0.023646	0.105860	0.172468	0.079729	0.092652	0.105480	0.013733	0.207969
19	0.197142	0.022631	0.102205	0.173674	0.083809	0.089842	0.103733	0.013068	0.213896
20	0.196488	0.021664	0.098183	0.174173	0.087708	0.087439	0.101734	0.012478	0.220133
21	0.195221	0.020861	0.094578	0.175682	0.091906	0.084653	0.099119	0.011999	0.225981
22	0.193742	0.019842	0.090852	0.176366	0.096242	0.082174	0.097539	0.011533	0.231710
23	0.192836	0.018570	0.087665	0.177327	0.100553	0.079798	0.095366	0.011056	0.236829
24	0.191837	0.017601	0.084106	0.178319	0.105006	0.077345	0.093502	0.010503	0.241781
25	0.190641	0.016921	0.080580	0.178830	0.109918	0.075301	0.091207	0.009920	0.246682
26	0.189300	0.016101	0.077309	0.179480	0.114705	0.072537	0.089425	0.009491	0.251652
27	0.188030	0.015398	0.073788	0.180635	0.119366	0.070253	0.087489	0.009040	0.256001
28	0.186684	0.014634	0.070456	0.181044	0.124549	0.068129	0.085313	0.008724	0.260467
29	0.185277	0.013901	0.066974	0.181024	0.129638	0.065953	0.083335	0.008243	0.265655
30	0.183721	0.013330	0.064072	0.181258	0.134817	0.063865	0.081097	0.007787	0.270053
31	0.182231	0.012737	0.060956	0.181279	0.140230	0.061860	0.078818	0.007627	0.274262
32	0.180168	0.012026	0.058331	0.181843	0.145401	0.059530	0.076936	0.007192	0.278573
33	0.178053	0.011484	0.055463	0.182420	0.150433	0.057696	0.075311	0.006840	0.282300
34	0.175997	0.010840	0.053052	0.182267	0.155997	0.056263	0.073440	0.006519	0.285625
35	0.173928	0.010293	0.050731	0.182472	0.162101	0.054176	0.071484	0.006180	0.288635
36	0.171916	0.009837	0.048327	0.183026	0.167493	0.052377	0.069531	0.005855	0.291638
37	0.169300	0.009319	0.046133	0.183707	0.173353	0.050531	0.067384	0.005548	0.294725
38	0.166627	0.008904	0.043567	0.183886	0.179612	0.048683	0.065573	0.005260	0.297888
39	0.164624	0.008428	0.041280	0.183932	0.185489	0.047173	0.063786	0.005015	0.300273
40	0.162157	0.008041	0.039119	0.184219	0.191328	0.045696	0.062033	0.004791	0.302616
41	0.159761	0.007576	0.037112	0.184375	0.197414	0.044344	0.060047	0.004578	0.304793
42	0.157317	0.007230	0.035217	0.184134	0.204135	0.042864	0.058187	0.004340	0.306576
43	0.155660	0.006790	0.033352	0.184164	0.210412	0.041365	0.056448	0.004122	0.307687
44	0.153146	0.006382	0.031620	0.184595	0.216835	0.039989	0.054743	0.003897	0.308793
45	0.150662	0.006033	0.029814	0.184403	0.223371	0.038498	0.053036	0.003796	0.310387
46	0.148364	0.005640	0.028370	0.183875	0.229718	0.037463	0.051807	0.003527	0.311236
47	0.145713	0.005325	0.026551	0.184377	0.235811	0.036095	0.050022	0.003322	0.312784
48	0.143010	0.005014	0.025121	0.184322	0.242725	0.034906	0.048047	0.003107	0.313748
49	0.140258	0.004717	0.023506	0.184586	0.249297	0.034157	0.046782	0.002962	0.313735
50	0.137622	0.004399	0.022485	0.183720	0.256156	0.033135	0.045399	0.002859	0.314225
51	0.135546	0.004189	0.021150	0.184271	0.262055	0.032280	0.043750	0.002773	0.313986
52	0.133137	0.003847	0.019927	0.184388	0.268583	0.031217	0.042179	0.002622	0.314100
53	0.130802	0.003553	0.018915	0.184342	0.275601	0.030215	0.040641	0.002441	0.313490
54	0.128442	0.003376	0.017764	0.184317	0.283106	0.029172	0.039264	0.002308	0.312251
55	0.125561	0.003236	0.016732	0.184867	0.289237	0.028427	0.037755	0.002166	0.312019
56	0.122724	0.003004	0.015807	0.184200	0.296644	0.027718	0.036561	0.002080	0.311262
57	0.120078	0.002857	0.015166	0.184958	0.303380	0.027018	0.035086	0.001918	0.309539
58	0.117253	0.002675	0.014215	0.184961	0.311188	0.026047	0.033824	0.001787	0.308050
59	0.114623	0.002570	0.013393	0.184249	0.319057	0.025342	0.032644	0.001700	0.306422
60	0.111967	0.002481	0.012712	0.184605	0.325806	0.024701	0.031398	0.001604	0.304726
61	0.109276	0.002389	0.011965	0.184645	0.333152	0.023961	0.030362	0.001528	0.302722
62	0.106415	0.002244	0.011259	0.184683	0.339998	0.023347	0.029325	0.001400	0.301329
63	0.103909	0.002134	0.010525	0.185107	0.347017	0.022709	0.027973	0.001342	0.299284
64	0.101359	0.002006	0.009917	0.185431	0.354308	0.022245	0.026755	0.001258	0.296721
65	0.098592	0.001864	0.009258	0.185567	0.362117	0.021645	0.025679	0.001161	0.294117
66	0.095876	0.001729	0.008516	0.186358	0.368863	0.021142	0.024666	0.001053	0.291797
67	0.093465	0.001659	0.008125	0.186193	0.375620	0.020707	0.023844	0.000947	0.289440
68	0.091001	0.001515	0.007597	0.186193	0.383055	0.020144	0.022952	0.000902	0.286641
69	0.088445	0.001429	0.007002	0.186553	0.390370	0.019758	0.021995	0.000828	0.283620
70	0.086240	0.001361	0.006507	0.186534	0.397603	0.019337	0.021220	0.000769	0.280429
71	0.083529	0.001266	0.006133	0.187277	0.404484	0.018898	0.020424	0.000764	0.277225
72	0.081147	0.001150	0.005643	0.187636	0.411578	0.018516	0.019516	0.000694	0.274120
73	0.078806	0.001065	0.005310	0.187791	0.419138	0.017957	0.018668	0.000642	0.270623
74	0.076662	0.000942	0.005025	0.188136	0.425873	0.017693	0.017935	0.000617	0.267117
75	0.074649	0.000872	0.004751	0.188297	0.433130	0.017472	0.017218	0.000570	0.263041
76	0.072364	0.000788	0.004384	0.188996	0.440030	0.017152	0.016397	0.000528	0.259361
77	0.070054	0.000696	0.004151	0.189861	0.447077	0.016700	0.015705	0.000515	0.255241
78	0.068166	0.000653	0.003902	0.190123	0.454224	0.016322	0.014801	0.000488	0.251321
79	0.065978	0.000613	0.003632	0.190765	0.460948	0.016022	0.014204	0.000466	0.247372
80	0.063712	0.000583	0.003401	0.191078	0.467635	0.015753	0.013522	0.000431	0.243885
81	0.061784	0.000558	0.003222	0.191264	0.474969	0.015360	0.013083	0.000409	0.239351
82	0.059835	0.000528	0.002998	0.191275	0.481980	0.015134	0.012457	0.000399	0.235394
83	0.057820	0.000506	0.002800	0.192062	0.488148	0.014919	0.011884	0.000370	0.231491
84	0.055877	0.000494	0.002674	0.192432	0.494515	0.014841	0.011233	0.000357	0.227577
85	0.053982	0.000483	0.002423	0.193147	0.500978	0.014637	0.010714	0.000306	0.223330
86	0.052103	0.000452	0.002247	0.193008	0.508566	0.014306	0.010253	0.000280	0.218785
87	0.050442	0.000447	0.002067	0.193226	0.514486	0.014223	0.009639	0.000272	0.215198
88	0.048909	0.000419	0.001938	0.193567	0.521156	0.014120	0.009146	0.000227	0.210518
89	0.047200	0.000367	0.001831	0.193514	0.527571	0.014027	0.008712	0.000219	0.206559
90	0.045296	0.000287	0.001771	0.193814	0.533846	0.013899	0.008261	0.000210	0.202616
91	0.043761	0.000260	0.001721	0.194012	0.540130	0.013832	0.007614	0.000188	0.198482
92	0.042277	0.000238	0.001570	0.194530	0.545979	0.013639	0.007206	0.000163	0.194398
93	0.040632	0.000211	0.001438	0.194868	0.552642	0.013422	0.006882	0.000140	0.189765
94	0.039084	0.000212	0.001380	0.195001	0.558719	0.013254	0.006453	0.000124	0.185773
95	0.037578	0.000180	0.001336	0.195040	0.564667	0.013268	0.006115	0.000123	0.181693
96	0.036161	0.000140	0.001286	0.194605	0.571417	0.013085	0.005737	0.000125	0.177444
97	0.034769	0.000139	0.001230	0.195395	0.576830	0.012886	0.005377	0.000111	0.173263
98	0.033599	0.000118	0.001128	0.195567	0.582709	0.012847	0.005144	0.000085	0.168803
99	0.032192	0.000110	0.001065	0.195464	0.588209	0.012764	0.004808	0.000076	0.165312
100	0.030911	0.000097	0.000957	0.196192	0.593679	0.012528	0.004570	0.000075	0.160991
101	0.029671	0.000093	0.000837	0.196378	0.599372	0.012283	0.004259	0.000072	0.157035
102	0.028396	0.000086	0.000742	0.196769	0.604702	0.012205	0.003996	0.000061	0.153043
103	0.027158	0.000079	0.000713	0.197314	0.609542	0.012006	0.003773	0.000056	0.149359
104	0.026003	0.000076	0.000636	0.197993	0.614450	0.011955	0.003553	0.000046	0.145288
105	0.024891	0.000059	0.000588	0.198256	0.619674	0.011876	0.003356	0.000048	0.141252
106	0.023856	0.000057	0.000552	0.198702	0.624235	0.011844	0.003088	0.000047	0.137619
107	0.022875	0.000047	0.000514	0.198884	0.629258	0.011745	0.002925	0.000045	0.133707
108	0.021869	0.000050	0.000476	0.199743	0.633436	0.011600	0.002748	0.000040	0.130038
109	0.020941	0.000046	0.000451	0.199449	0.638580	0.011290	0.002619	0.000037	0.126587
110	0.020053	0.000045	0.000424	0.200232	0.642782	0.011267	0.002476	0.000039	0.122682
111	0.019025	0.000044	0.000400	0.200407	0.647280	0.011244	0.002385	0.000035	0.119180
112	0.018223	0.000045	0.000395	0.200310	0.652106	0.011163	0.002194	0.000031	0.115533
113	0.017230	0.000033	0.000363	0.200876	0.656015	0.011074	0.002035	0.000033	0.112341
114	0.016447	0.000039	0.000333	0.201230	0.660072	0.010980	0.001928	0.000033	0.108938
115	0.015434	0.000032	0.000297	0.202034	0.664157	0.010841	0.001812	0.000030	0.105363
116	0.014695	0.000031	0.000279	0.202539	0.667703	0.010833	0.001655	0.000020	0.102245
117	0.013772	0.000030	0.000245	0.202976	0.671924	0.010578	0.001539	0.000024	0.098912
118	0.013109	0.000030	0.000238	0.203374	0.675567	0.010541	0.001445	0.000024	0.095672
119	0.012426	0.000025	0.000198	0.203375	0.679378	0.010595	0.001331	0.000014	0.092658
120	0.011806	0.000024	0.000182	0.203695	0.682653	0.010668	0.001293	0.000009	0.089670
121	0.011203	0.000024	0.000151	0.204097	0.686331	0.010451	0.001204	0.000011	0.086528
122	0.010476	0.000025	0.000143	0.204595	0.689540	0.010582	0.001222	0.000009	0.083408
123	0.009834	0.000025	0.000156	0.204616	0.693170	0.010385	0.001130	0.000009	0.080675
124	0.009234	0.000017	0.000153	0.204806	0.696370	0.010367	0.001067	0.000009	0.077977
125	0.008795	0.000015	0.000129	0.205346	0.699124	0.010343	0.001073	0.000007	0.075168
126	0.008276	0.000015	0.000124	0.205724	0.701908	0.010108	0.000998	0.000005	0.072842
127	0.008014	0.000009	0.000103	0.205465	0.705131	0.010099	0.000931	0.000004	0.070244
128	0.007679	0.000009	0.000083	0.205463	0.707985	0.010136	0.000879	0.000004	0.067762
129	0.007375	0.000003	0.000085	0.205547	0.710509	0.010148	0.000848	0.000003	0.065482
130	0.007018	0.000004	0.000080	0.205721	0.712915	0.010256	0.000784	0.000003	0.063219
131	0.006656	0.000004	0.000090	0.205835	0.715925	0.010220	0.000755	0.000002	0.060513
132	0.006256	0.000003	0.000083	0.205963	0.718225	0.010244	0.000663	0.000002	0.058561
133	0.005841	0.000001	0.000069	0.206157	0.720636	0.010289	0.000621	0.000001	0.056385
134	0.005550	0.000001	0.000061	0.206645	0.722822	0.010250	0.000586	0.000001	0.054084
135	0.005306	0.000001	0.000051	0.206200	0.725466	0.010253	0.000584	0.000001	0.052138
136	0.005129	0.000001	0.000038	0.206176	0.727824	0.010296	0.000541	0.000000	0.049995
137	0.004887	0.000002	0.000031	0.206637	0.729738	0.010197	0.000506	0.000000	0.048002
138	0.004585	0.000003	0.000016	0.207333	0.731559	0.010127	0.000471	0.000000	0.045906
139	0.004370	0.000000	0.000015	0.207101	0.733964	0.010014	0.000385	0.000000	0.044151
140	0.004190	0.000002	0.000006	0.207836	0.735315	0.010166	0.000355	0.000000	0.042130
141	0.004026	0.000003	0.000004	0.207753	0.737542	0.010004	0.000348	0.000000	0.040320
142	0.003826	0.000002	0.000002	0.207991	0.739126	0.010142	0.000340	0.000000	0.038571
143	0.003706	0.000001	0.000002	0.208181	0.740862	0.010087	0.000323	0.000000	0.036838
144	0.003485	0.000000	0.000000	0.208702	0.742109	0.010121	0.000306	0.000000	0.035277
145	0.003271	0.000000	0.000000	0.208913	0.743696	0.010090	0.000290	0.000000	0.033740
146	0.003029	0.000000	0.000000	0.208628	0.745569	0.010108	0.000264	0.000000	0.032402
147	0.002827	0.000000	0.000000	0.208826	0.746916	0.010100	0.000277	0.000000	0.031054
148	0.002678	0.000000	0.000000	0.209119	0.748276	0.010051	0.000253	0.000000	0.029623
149	0.002518	0.000000	0.000000	0.209305	0.749649	0.010116	0.000236	0.000000	0.028176
150	0.002441	0.000000	0.000000	0.209353	0.751065	0.010069	0.000222	0.000000	0.026850
151	0.002322	0.000000	0.000000	0.209764	0.752150	0.010036	0.000232	0.000000	0.025496
152	0.002229	0.000000	0.000000	0.209483	0.753619	0.010037	0.000226	0.000000	0.024406
153	0.002053	0.000000	0.000000	0.209333	0.754996	0.010042	0.000226	0.000000	0.023350
154	0.001899	0.000000	0.000000	0.209594	0.756087	0.010004	0.000205	0.000000	0.022211
155	0.001805	0.000000	0.000000	0.209448	0.757560	0.009957	0.000195	0.000000	0.021035
156	0.001758	0.000000	0.000000	0.209560	0.758201	0.010019	0.000187	0.000000	0.020275
157	0.001733	0.000000	0.000000	0.209220	0.759522	0.009915	0.000174	0.000000	0.019436
158	0.001643	0.000000	0.000000	0.209063	0.760729	0.009838	0.000154	0.000000	0.018573
159	0.001576	0.000000	0.000000	0.209305	0.761518	0.009756	0.000156	0.000000	0.017689
160	0.001546	0.000000	0.000000	0.209457	0.762193	0.009737	0.000147	0.000000	0.016920
161	0.001473	0.000000	0.000000	0.209880	0.762747	0.009798	0.000148	0.000000	0.015954
162	0.001338	0.000000	0.000000	0.210616	0.762868	0.009817	0.000153	0.000000	0.015208
163	0.001260	0.000000	0.000000	0.210388	0.763868	0.009854	0.000143	0.000000	0.014487
164	0.001189	0.000000	0.000000	0.210305	0.764889	0.009775	0.000140	0.000000	0.013702
165	0.001133	0.000000	0.000000	0.210297	0.765530	0.009763	0.000140	0.000000	0.013137
166	0.001026	0.000000	0.000000	0.210383	0.766340	0.009689	0.000133	0.000000	0.012429
167	0.000944	0.000000	0.000000	0.210980	0.766451	0.009701	0.000125	0.000000	0.011799
168	0.000949	0.000000	0.000000	0.210920	0.767071	0.009660	0.000123	0.000000	0.011277
169	0.000896	0.000000	0.000000	0.210609	0.768130	0.009541	0.000116	0.000000	0.010708
170	0.000862	0.000000	0.000000	0.210940	0.768313	0.009618	0.000111	0.000000	0.010156
171	0.000811	0.000000	0.000000	0.210757	0.769134	0.009573	0.000102	0.000000	0.009623
172	0.000753	0.000000	0.000000	0.210682	0.769804	0.009618	0.000088	0.000000	0.009055
173	0.000718	0.000000	0.000000	0.210966	0.770183	0.009458	0.000087	0.000000	0.008588
174	0.000698	0.000000	0.000000	0.210385	0.771144	0.009580	0.000081	0.000000	0.008112
175	0.000663	0.000000	0.000000	0.210509	0.771365	0.009664	0.000102	0.000000	0.007697
176	0.000613	0.000000	0.000000	0.210791	0.771616	0.009558	0.000091	0.000000	0.007331
177	0.000568	0.000000	0.000000	0.211070	0.771739	0.009517	0.000084	0.000000	0.007022
178	0.000544	0.000000	0.000000	0.211740	0.771465	0.009549	0.000084	0.000000	0.006618
179	0.000521	0.000000	0.000000	0.211605	0.772068	0.009426	0.000081	0.000000	0.006299
180	0.000488	0.000000	0.000000	0.211497	0.772560	0.009401	0.000079	0.000000	0.005975
181	0.000447	0.000000	0.000000	0.211497	0.772981	0.009362	0.000086	0.000000	0.005627
182	0.000393	0.000000	0.000000	0.211338	0.773617	0.009229	0.000086	0.000000	0.005337
183	0.000351	0.000000	0.000000	0.211125	0.774232	0.009163	0.000077	0.000000	0.005052
184	0.000329	0.000000	0.000000	0.210634	0.774910	0.009289	0.000071	0.000000	0.004767
185	0.000320	0.000000	0.000000	0.210971	0.774787	0.009303	0.000069	0.000000	0.004550
186	0.000308	0.000000	0.000000	0.211330	0.774511	0.009370	0.000060	0.000000	0.004421
187	0.000300	0.000000	0.000000	0.211192	0.774966	0.009374	0.000056	0.000000	0.004112
188	0.000274	0.000000	0.000000	0.211044	0.775292	0.009415	0.000055	0.000000	0.003920
189	0.000254	0.000000	0.000000	0.210842	0.775849	0.009355	0.000059	0.000000	0.003641
190	0.000248	0.000000	0.000000	0.210610	0.776305	0.009361	0.000055	0.000000	0.003421
191	0.000230	0.000000	0.000000	0.210598	0.776552	0.009349	0.000054	0.000000	0.003217
192	0.000230	0.000000	0.000000	0.210913	0.776535	0.009237	0.000048	0.000000	0.003037
193	0.000231	0.000000	0.000000	0.211136	0.776521	0.009204	0.000039	0.000000	0.002869
194	0.000207	0.000000	0.000000	0.211180	0.776606	0.009282	0.000031	0.000000	0.002694
195	0.000197	0.000000	0.000000	0.211062	0.777039	0.009166	0.000030	0.000000	0.002506
196	0.000192	0.000000	0.000000	0.210831	0.777355	0.009199	0.000029	0.000000	0.002394
197	0.000175	0.000000	0.000000	0.210711	0.777576	0.009272	0.000024	0.000000	0.002242
198	0.000155	0.000000	0.000000	0.211227	0.777221	0.009265	0.000023	0.000000	0.002109
199	0.000139	0.000000	0.000000	0.211250	0.777324	0.009265	0.000025	0.000000	0.001997
200	0.000118	0.000000	0.000000	0.211243	0.777482	0.009262	0.000019	0.000000	0.001876
201	0.000112	0.000000	0.000000	0.211139	0.777616	0.009331	0.000024	0.000000	0.001778
202	0.000099	0.000000	0.000000	0.211320	0.777612	0.009250	0.000021	0.000000	0.001698
203	0.000105	0.000000	0.000000	0.210829	0.778365	0.009080	0.000016	0.000000	0.001605
204	0.000104	0.000000	0.000000	0.211337	0.777768	0.009244	0.000012	0.000000	0.001535
205	0.000096	0.000000	0.000000	0.211387	0.777851	0.009183	0.000010	0.000000	0.001473
206	0.000085	0.000000	0.000000	0.210888	0.778268	0.009358	0.000009	0.000000	0.001392
207	0.000092	0.000000	0.000000	0.211157	0.777961	0.009458	0.000008	0.000000	0.001324
208	0.000095	0.000000	0.000000	0.211223	0.778036	0.009369	0.000010	0.000000	0.001267
209	0.000085	0.000000	0.000000	0.211102	0.778047	0.009566	0.000005	0.000000	0.001195
210	0.000075	0.000000	0.000000	0.211067	0.778317	0.009427	0.000001	0.000000	0.001113
211	0.000081	0.000000	0.000000	0.211379	0.778104	0.009365	0.000004	0.000000	0.001067
212	0.000074	0.000000	0.000000	0.211071	0.778598	0.009224	0.000002	0.000000	0.001031
213	0.000072	0.000000	0.000000	0.210849	0.778655	0.009458	0.000002	0.000000	0.000964
214	0.000069	0.000000	0.000000	0.210596	0.779102	0.009322	0.000003	0.000000	0.000908
215	0.000060	0.000000	0.000000	0.210615	0.779197	0.009255	0.000002	0.000000	0.000871
216	0.000056	0.000000	0.000000	0.209963	0.779720	0.009438	0.000001	0.000000	0.000822
217	0.000056	0.000000	0.000000	0.209951	0.779744	0.009477	0.000001	0.000000	0.000771
218	0.000049	0.000000	0.000000	0.209823	0.779947	0.009438	0.000000	0.000000	0.000743
219	0.000046	0.000000	0.000000	0.210351	0.779591	0.009325	0.000000	0.000000	0.000687
220	0.000043	0.000000	0.000000	0.210410	0.779536	0.009378	0.000000	0.000000	0.000633
221	0.000040	0.000000	0.000000	0.210839	0.779138	0.009403	0.000000	0.000000	0.000580
222	0.000036	0.000000	0.000000	0.211165	0.778891	0.009375	0.000000	0.000000	0.000533
223	0.000029	0.000000	0.000000	0.211206	0.778831	0.009434	0.000000	0.000000	0.000500
224	0.000025	0.000000	0.000000	0.210721	0.779286	0.009481	0.000000	0.000000	0.000487
225	0.000024	0.000000	0.000000	0.211142	0.778978	0.009414	0.000000	0.000000	0.000442
226	0.000019	0.000000	0.000000	0.210709	0.779391	0.009448	0.000000	0.000000	0.000433
227	0.000016	0.000000	0.000000	0.210441	0.779735	0.009426	0.000000	0.000000	0.000382
228	0.000014	0.000000	0.000000	0.210424	0.779606	0.009589	0.000000	0.000000	0.000367
229	0.000016	0.000000	0.000000	0.210676	0.779349	0.009617	0.000000	0.000000	0.000342
230	0.000011	0.000000	0.000000	0.211008	0.779032	0.009622	0.000000	0.000000	0.000327
231	0.000012	0.000000	0.000000	0.211379	0.778739	0.009566	0.000000	0.000000	0.000304
232	0.000016	0.000000	0.000000	0.211128	0.778984	0.009592	0.000000	0.000000	0.000280
233	0.000014	0.000000	0.000000	0.211466	0.778694	0.009572	0.000000	0.000000	0.000254
234	0.000012	0.000000	0.000000	0.211425	0.778739	0.009581	0.000000	0.000000	0.000243
235	0.000010	0.000000	0.000000	0.211675	0.778520	0.009566	0.000000	0.000000	0.000229
236	0.000008	0.000000	0.000000	0.211610	0.778592	0.009574	0.000000	0.000000	0.000216
237	0.000008	0.000000	0.000000	0.211964	0.778293	0.009528	0.000000	0.000000	0.000207
238	0.000005	0.000000	0.000000	0.212311	0.778102	0.009392	0.000000	0.000000	0.000190
239	0.000004	0.000000	0.000000	0.211996	0.778434	0.009403	0.000000	0.000000	0.000163
240	0.000007	0.000000	0.000000	0.211818	0.778614	0.009402	0.000000	0.000000	0.000159
241	0.000010	0.000000	0.000000	0.211804	0.778687	0.009360	0.000000	0.000000	0.000139
242	0.000007	0.000000	0.000000	0.211597	0.779016	0.009242	0.000000	0.000000	0.000138
243	0.000007	0.000000	0.000000	0.211900	0.778754	0.009216	0.000000	0.000000	0.000123
244	0.000005	0.000000	0.000000	0.211626	0.778954	0.009300	0.000000	0.000000	0.000115
245	0.000005	0.000000	0.000000	0.211302	0.779328	0.009264	0.000000	0.000000	0.000101
246	0.000002	0.000000	0.000000	0.211253	0.779359	0.009298	0.000000	0.000000	0.000088
247	0.000002	0.000000	0.000000	0.211522	0.779018	0.009386	0.000000	0.000000	0.000072
248	0.000002	0.000000	0.000000	0.211742	0.778771	0.009418	0.000000	0.000000	0.000067
249	0.000002	0.000000	0.000000	0.211525	0.779045	0.009373	0.000000	0.000000	0.000055
250	0.000001	0.000000	0.000000	0.211956	0.778631	0.009357	0.000000	0.000000	0.000055
251	0.000001	0.000000	0.000000	0.211774	0.778874	0.009300	0.000000	0.000000	0.000051
252	0.000002	0.000000	0.000000	0.211591	0.779049	0.009310	0.000000	0.000000	0.000048
253	0.000001	0.000000	0.000000	0.211761	0.778907	0.009291	0.000000	0.000000	0.000040
254	0.000002	0.000000	0.000000	0.211785	0.778876	0.009298	0.000000	0.000000	0.000039
255	0.000001	0.000000	0.000000	0.211972	0.778493	0.009494	0.000000	0.000000	0.000040
256	0.000000	0.000000	0.000000	0.211824	0.778591	0.009545	0.000000	0.000000	0.000040
257	0.000000	0.000000	0.000000	0.212480	0.777974	0.009515	0.000000	0.000000	0.000031
258	0.000000	0.000000	0.000000	0.212284	0.778090	0.009590	0.000000	0.000000	0.000036
259	0.000000	0.000000	0.000000	0.212123	0.778164	0.009682	0.000000	0.000000	0.000031
260	0.000000	0.000000	0.000000	0.212820	0.777432	0.009722	0.000000	0.000000	0.000026
261	0.000000	0.000000	0.000000	0.212496	0.777865	0.009614	0.000000	0.000000	0.000025
262	0.000000	0.000000	0.000000	0.212747	0.777686	0.009544	0.000000	0.000000	0.000023
263	0.000000	0.000000	0.000000	0.212789	0.777601	0.009591	0.000000	0.000000	0.000019
264	0.000000	0.000000	0.000000	0.213038	0.777425	0.009515	0.000000	0.000000	0.000022
265	0.000000	0.000000	0.000000	0.212827	0.777512	0.009643	0.000000	0.000000	0.000018
266	0.000000	0.000000	0.000000	0.212387	0.777945	0.009651	0.000000	0.000000	0.000017
267	0.000000	0.000000	0.000000	0.211718	0.778512	0.009758	0.000000	0.000000	0.000012
268	0.000000	0.000000	0.000000	0.212281	0.777997	0.009713	0.000000	0.000000	0.000009
269	0.000000	0.000000	0.000000	0.212486	0.777775	0.009730	0.000000	0.000000	0.000009
270	0.000000	0.000000	0.000000	0.212488	0.777847	0.009657	0.000000	0.000000	0.000008
271	0.000000	0.000000	0.000000	0.212391	0.777849	0.009750	0.000000	0.000000	0.000010
272	0.000000	0.000000	0.000000	0.212468	0.777698	0.009827	0.000000	0.000000	0.000007
273	0.000000	0.000000	0.000000	0.212556	0.777712	0.009726	0.000000	0.000000	0.000006
274	0.000000	0.000000	0.000000	0.212449	0.777885	0.009660	0.000000	0.000000	0.000006
275	0.000000	0.000000	0.000000	0.212366	0.778041	0.009587	0.000000	0.000000	0.000006
276	0.000000	0.000000	0.000000	0.212121	0.778242	0.009632	0.000000	0.000000	0.000005
277	0.000000	0.000000	0.000000	0.212319	0.777875	0.009799	0.000000	0.000000	0.000007
278	0.000000	0.000000	0.000000	0.212747	0.777369	0.009881	0.000000	0.000000	0.000003
279	0.000000	0.000000	0.000000	0.213000	0.776973	0.010024	0.000000	0.000000	0.000003
280	0.000000	0.000000	0.000000	0.213661	0.776284	0.010048	0.000000	0.000000	0.000007
281	0.000000	0.000000	0.000000	0.213547	0.776371	0.010078	0.000000	0.000000	0.000004
282	0.000000	0.000000	0.000000	0.213197	0.776672	0.010128	0.000000	0.000000	0.000003
283	0.000000	0.000000	0.000000	0.213063	0.776877	0.010059	0.000000	0.000000	0.000001
284	0.000000	0.000000	0.000000	0.212952	0.777091	0.009957	0.000000	0.000000	0.000000
285	0.000000	0.000000	0.000000	0.213001	0.777111	0.009888	0.000000	0.000000	0.000000
286	0.000000	0.000000	0.000000	0.213010	0.777109	0.009881	0.000000	0.000000	0.000000
287	0.000000	0.000000	0.000000	0.213173	0.776873	0.009953	0.000000	0.000000	0.000001
288	0.000000	0.000000	0.000000	0.213053	0.777024	0.009923	0.000000	0.000000	0.000000
289	0.000000	0.000000	0.000000	0.213151	0.776792	0.010057	0.000000	0.000000	0.000000
290	0.000000	0.000000	0.000000	0.213399	0.776601	0.010000	0.000000	0.000000	0.000000
291	0.000000	0.000000	0.000000	0.213024	0.776966	0.010010	0.000000	0.000000	0.000000
292	0.000000	0.000000	0.000000	0.213478	0.776537	0.009985	0.000000	0.000000	0.000000
293	0.000000	0.000000	0.000000	0.213603	0.776305	0.010092	0.000000	0.000000	0.000000
294	0.000000	0.000000	0.000000	0.213680	0.776385	0.009935	0.000000	0.000000	0.000000
295	0.000000	0.000000	0.000000	0.213297	0.776601	0.010102	0.000000	0.000000	0.000000
296	0.000000	0.000000	0.000000	0.213297	0.776427	0.010276	0.000000	0.000000	0.000000
297	0.000000	0.000000	0.000000	0.213346	0.776472	0.010182	0.000000	0.000000	0.000000
298	0.000000	0.000000	0.000000	0.213455	0.776386	0.010159	0.000000	0.000000	0.000000
299	0.000000	0.000000	0.000000	0.212693	0.777121	0.010186	0.000000	0.000000	0.000000
300	0.000000	0.000000	0.000000	0.212517	0.777426	0.010057	0.000000	0.000000	0.000000
301	0.000000	0.000000	0.000000	0.212180	0.777852	0.009968	0.000000	0.000000	0.000000
302	0.000000	0.000000	0.000000	0.212596	0.777286	0.010118	0.000000	0.000000	0.000000
303	0.000000	0.000000	0.000000	0.213090	0.776806	0.010104	0.000000	0.000000	0.000000
304	0.000000	0.000000	0.000000	0.213007	0.776798	0.010195	0.000000	0.000000	0.000000
305	0.000000	0.000000	0.000000	0.213207	0.776684	0.010109	0.000000	0.000000	0.000000
306	0.000000	0.000000	0.000000	0.213475	0.776261	0.010264	0.000000	0.000000	0.000000
307	0.000000	0.000000	0.000000	0.213594	0.776241	0.010165	0.000000	0.000000	0.000000
308	0.000000	0.000000	0.000000	0.213639	0.776107	0.010254	0.000000	0.000000	0.000000
309	0.000000	0.000000	0.000000	0.213615	0.776171	0.010214	0.000000	0.000000	0.000000
310	0.000000	0.000000	0.000000	0.214081	0.775659	0.010260	0.000000	0.000000	0.000000
311	0.000000	0.000000	0.000000	0.213809	0.775877	0.010314	0.000000	0.000000	0.000000
312	0.000000	0.000000	0.000000	0.213667	0.776082	0.010251	0.000000	0.000000	0.000000
313	0.000000	0.000000	0.000000	0.213913	0.775714	0.010373	0.000000	0.000000	0.000000
314	0.000000	0.000000	0.000000	0.214115	0.775497	0.010388	0.000000	0.000000	0.000000
315	0.000000	0.000000	0.000000	0.213832	0.775735	0.010433	0.000000	0.000000	0.000000
316	0.000000	0.000000	0.000000	0.214037	0.775651	0.010312	0.000000	0.000000	0.000000
317	0.000000	0.000000	0.000000	0.214471	0.775314	0.010215	0.000000	0.000000	0.000000
318	0.000000	0.000000	0.000000	0.214217	0.775611	0.010172	0.000000	0.000000	0.000000
319	0.000000	0.000000	0.000000	0.214665	0.775218	0.010117	0.000000	0.000000	0.000000
320	0.000000	0.000000	0.000000	0.214327	0.775466	0.010207	0.000000	0.000000	0.000000
321	0.000000	0.000000	0.000000	0.213863	0.775941	0.010196	0.000000	0.000000	0.000000
322	0.000000	0.000000	0.000000	0.213958	0.775810	0.010232	0.000000	0.000000	0.000000
323	0.000000	0.000000	0.000000	0.214198	0.775529	0.010273	0.000000	0.000000	0.000000
324	0.000000	0.000000	0.000000	0.213543	0.776103	0.010354	0.000000	0.000000	0.000000
325	0.000000	0.000000	0.000000	0.213674	0.776003	0.010323	0.000000	0.000000	0.000000
326	0.000000	0.000000	0.000000	0.213767	0.776010	0.010223	0.000000	0.000000	0.000000
327	0.000000	0.000000	0.000000	0.213656	0.776149	0.010195	0.000000	0.000000	0.000000
328	0.000000	0.000000	0.000000	0.213401	0.776477	0.010122	0.000000	0.000000	0.000000
329	0.000000	0.000000	0.000000	0.213605	0.776253	0.010142	0.000000	0.000000	0.000000
330	0.000000	0.000000	0.000000	0.213951	0.775779	0.010270	0.000000	0.000000	0.000000
331	0.000000	0.000000	0.000000	0.213705	0.776120	0.010175	0.000000	0.000000	0.000000
332	0.000000	0.000000	0.000000	0.213676	0.776080	0.010244	0.000000	0.000000	0.000000
333	0.000000	0.000000	0.000000	0.214100	0.775543	0.010357	0.000000	0.000000	0.000000
334	0.000000	0.000000	0.000000	0.213834	0.775803	0.010363	0.000000	0.000000	0.000000
335	0.000000	0.000000	0.000000	0.213820	0.775896	0.010284	0.000000	0.000000	0.000000
336	0.000000	0.000000	0.000000	0.214157	0.775513	0.010330	0.000000	0.000000	0.000000
337	0.000000	0.000000	0.000000	0.213939	0.775491	0.010570	0.000000	0.000000	0.000000
338	0.000000	0.000000	0.000000	0.213473	0.776062	0.010465	0.000000	0.000000	0.000000
339	0.000000	0.000000	0.000000	0.213017	0.776623	0.010360	0.000000	0.000000	0.000000
340	0.000000	0.000000	0.000000	0.212523	0.777166	0.010311	0.000000	0.000000	0.000000
341	0.000000	0.000000	0.000000	0.212538	0.777162	0.010300	0.000000	0.000000	0.000000
342	0.000000	0.000000	0.000000	0.212462	0.777316	0.010222	0.000000	0.000000	0.000000
343	0.000000	0.000000	0.000000	0.212255	0.777496	0.010249	0.000000	0.000000	0.000000
344	0.000000	0.000000	0.000000	0.212605	0.777391	0.010004	0.000000	0.000000	0.000000
345	0.000000	0.000000	0.000000	0.212420	0.777613	0.009967	0.000000	0.000000	0.000000
346	0.000000	0.000000	0.000000	0.212751	0.777446	0.009803	0.000000	0.000000	0.000000
347	0.000000	0.000000	0.000000	0.212980	0.777072	0.009948	0.000000	0.000000	0.000000
348	0.000000	0.000000	0.000000	0.213186	0.776942	0.009872	0.000000	0.000000	0.000000
349	0.000000	0.000000	0.000000	0.212796	0.777469	0.009735	0.000000	0.000000	0.000000
350	0.000000	0.000000	0.000000	0.212626	0.777650	0.009724	0.000000	0.000000	0.000000
351	0.000000	0.000000	0.000000	0.212277	0.777937	0.009786	0.000000	0.000000	0.000000
352	0.000000	0.000000	0.000000	0.211988	0.778156	0.009856	0.000000	0.000000	0.000000
353	0.000000	0.000000	0.000000	0.211993	0.778147	0.009860	0.000000	0.000000	0.000000
354	0.000000	0.000000	0.000000	0.211811	0.778345	0.009844	0.000000	0.000000	0.000000
355	0.000000	0.000000	0.000000	0.211401	0.778685	0.009914	0.000000	0.000000	0.000000
356	0.000000	0.000000	0.000000	0.211857	0.778197	0.009946	0.000000	0.000000	0.000000
357	0.000000	0.000000	0.000000	0.211618	0.778464	0.009918	0.000000	0.000000	0.000000
358	0.000000	0.000000	0.000000	0.211766	0.778399	0.009835	0.000000	0.000000	0.000000
359	0.000000	0.000000	0.000000	0.211622	0.778476	0.009902	0.000000	0.000000	0.000000
360	0.000000	0.000000	0.000000	0.211307	0.778705	0.009988	0.000000	0.000000	0.000000
361	0.000000	0.000000	0.000000	0.211686	0.778393	0.009921	0.000000	0.000000	0.000000
362	0.000000	0.000000	0.000000	0.211127	0.778964	0.009909	0.000000	0.000000	0.000000
363	0.000000	0.000000	0.000000	0.211775	0.778236	0.009989	0.000000	0.000000	0.000000
364	0.000000	0.000000	0.000000	0.211806	0.778222	0.009972	0.000000	0.000000	0.000000
365	0.000000	0.000000	0.000000	0.211933	0.778131	0.009936	0.000000	0.000000	0.000000
366	0.000000	0.000000	0.000000	0.211867	0.778236	0.009897	0.000000	0.000000	0.000000
367	0.000000	0.000000	0.000000	0.211860	0.778088	0.010052	0.000000	0.000000	0.000000
368	0.000000	0.000000	0.000000	0.212408	0.777539	0.010053	0.000000	0.000000	0.000000
369	0.000000	0.000000	0.000000	0.212522	0.777389	0.010089	0.000000	0.000000	0.000000
370	0.000000	0.000000	0.000000	0.212366	0.777620	0.010014	0.000000	0.000000	0.000000
371	0.000000	0.000000	0.000000	0.212834	0.777035	0.010131	0.000000	0.000000	0.000000
372	0.000000	0.000000	0.000000	0.212674	0.777311	0.010015	0.000000	0.000000	0.000000
373	0.000000	0.000000	0.000000	0.212647	0.777318	0.010035	0.000000	0.000000	0.000000
374	0.000000	0.000000	0.000000	0.212773	0.777329	0.009898	0.000000	0.000000	0.000000
375	0.000000	0.000000	0.000000	0.212990	0.777013	0.009997	0.000000	0.000000	0.000000
376	0.000000	0.000000	0.000000	0.212345	0.777714	0.009941	0.000000	0.000000	0.000000
377	0.000000	0.000000	0.000000	0.212233	0.777912	0.009855	0.000000	0.000000	0.000000
378	0.000000	0.000000	0.000000	0.212175	0.777977	0.009848	0.000000	0.000000	0.000000
379	0.000000	0.000000	0.000000	0.211764	0.778301	0.009935	0.000000	0.000000	0.000000
380	0.000000	0.000000	0.000000	0.211518	0.778649	0.009833	0.000000	0.000000	0.000000
381	0.000000	0.000000	0.000000	0.211441	0.778680	0.009879	0.000000	0.000000	0.000000
382	0.000000	0.000000	0.000000	0.211547	0.778678	0.009775	0.000000	0.000000	0.000000
383	0.000000	0.000000	0.000000	0.211861	0.778289	0.009850	0.000000	0.000000	0.000000
384	0.000000	0.000000	0.000000	0.211266	0.778953	0.009781	0.000000	0.000000	0.000000
385	0.000000	0.000000	0.000000	0.210907	0.779386	0.009707	0.000000	0.000000	0.000000
386	0.000000	0.000000	0.000000	0.210573	0.779719	0.009708	0.000000	0.000000	0.000000
387	0.000000	0.000000	0.000000	0.210720	0.779484	0.009796	0.000000	0.000000	0.000000
388	0.000000	0.000000	0.000000	0.210772	0.779471	0.009757	0.000000	0.000000	0.000000
389	0.000000	0.000000	0.000000	0.210479	0.779801	0.009720	0.000000	0.000000	0.000000
390	0.000000	0.000000	0.000000	0.210601	0.779587	0.009812	0.000000	0.000000	0.000000
391	0.000000	0.000000	0.000000	0.210446	0.779703	0.009851	0.000000	0.000000	0.000000
392	0.000000	0.000000	0.000000	0.210910	0.779311	0.009779	0.000000	0.000000	0.000000
393	0.000000	0.000000	0.000000	0.210795	0.779434	0.009771	0.000000	0.000000	0.000000
394	0.000000	0.000000	0.000000	0.210529	0.779632	0.009839	0.000000	0.000000	0.000000
395	0.000000	0.000000	0.000000	0.210816	0.779373	0.009811	0.000000	0.000000	0.000000
396	0.000000	0.000000	0.000000	0.210755	0.779495	0.009750	0.000000	0.000000	0.000000
397	0.000000	0.000000	0.000000	0.210580	0.779649	0.009771	0.000000	0.000000	0.000000
398	0.000000	0.000000	0.000000	0.210589	0.779643	0.009768	0.000000	0.000000	0.000000
399	0.000000	0.000000	0.000000	0.210496	0.779770	0.009734	0.000000	0.000000	0.000000
400	0.000000	0.000000	0.000000	0.210520	0.779747	0.009733	0.000000	0.000000	0.000000
401	0.000000	0.000000	0.000000	0.210321	0.779861	0.009818	0.000000	0.000000	0.000000
402	0.000000	0.000000	0.000000	0.210679	0.779592	0.009729	0.000000	0.000000	0.000000
403	0.000000	0.000000	0.000000	0.210548	0.779800	0.009652	0.000000	0.000000	0.000000
404	0.000000	0.000000	0.000000	0.210471	0.779902	0.009627	0.000000	0.000000	0.000000
405	0.000000	0.000000	0.000000	0.210632	0.779649	0.009719	0.000000	0.000000	0.000000
406	0.000000	0.000000	0.000000	0.210695	0.779786	0.009519	0.000000	0.000000	0.000000
407	0.000000	0.000000	0.000000	0.210818	0.779596	0.009586	0.000000	0.000000	0.000000
408	0.000000	0.000000	0.000000	0.210851	0.779561	0.009588	0.000000	0.000000	0.000000
409	0.000000	0.000000	0.000000	0.211171	0.779285	0.009544	0.000000	0.000000	0.000000
410	0.000000	0.000000	0.000000	0.211345	0.779189	0.009466	0.000000	0.000000	0.000000
411	0.000000	0.000000	0.000000	0.211593	0.779013	0.009394	0.000000	0.000000	0.000000
412	0.000000	0.000000	0.000000	0.211531	0.779048	0.009421	0.000000	0.000000	0.000000
413	0.000000	0.000000	0.000000	0.211506	0.779083	0.009411	0.000000	0.000000	0.000000
414	0.000000	0.000000	0.000000	0.211980	0.778561	0.009459	0.000000	0.000000	0.000000
415	0.000000	0.000000	0.000000	0.211799	0.778876	0.009325	0.000000	0.000000	0.000000
416	0.000000	0.000000	0.000000	0.211615	0.778966	0.009419	0.000000	0.000000	0.000000
417	0.000000	0.000000	0.000000	0.211466	0.779220	0.009314	0.000000	0.000000	0.000000
418	0.000000	0.000000	0.000000	0.211911	0.778767	0.009322	0.000000	0.000000	0.000000
419	0.000000	0.000000	0.000000	0.212326	0.778320	0.009354	0.000000	0.000000	0.000000
420	0.000000	0.000000	0.000000	0.212600	0.777944	0.009456	0.000000	0.000000	0.000000
421	0.000000	0.000000	0.000000	0.212555	0.777996	0.009449	0.000000	0.000000	0.000000
422	0.000000	0.000000	0.000000	0.212600	0.777898	0.009502	0.000000	0.000000	0.000000
423	0.000000	0.000000	0.000000	0.212162	0.778348	0.009490	0.000000	0.000000	0.000000
424	0.000000	0.000000	0.000000	0.211973	0.778520	0.009507	0.000000	0.000000	0.000000
425	0.000000	0.000000	0.000000	0.211927	0.778565	0.009508	0.000000	0.000000	0.000000
426	0.000000	0.000000	0.000000	0.212197	0.778364	0.009439	0.000000	0.000000	0.000000
427	0.000000	0.000000	0.000000	0.211197	0.779403	0.009400	0.000000	0.000000	0.000000
428	0.000000	0.000000	0.000000	0.211194	0.779310	0.009496	0.000000	0.000000	0.000000
429	0.000000	0.000000	0.000000	0.211394	0.779221	0.009385	0.000000	0.000000	0.000000
430	0.000000	0.000000	0.000000	0.211399	0.779249	0.009352	0.000000	0.000000	0.000000
431	0.000000	0.000000	0.000000	0.211435	0.779174	0.009391	0.000000	0.000000	0.000000
432	0.000000	0.000000	0.000000	0.211267	0.779305	0.009428	0.000000	0.000000	0.000000
433	0.000000	0.000000	0.000000	0.211097	0.779437	0.009466	0.000000	0.000000	0.000000
434	0.000000	0.000000	0.000000	0.211138	0.779337	0.009525	0.000000	0.000000	0.000000
435	0.000000	0.000000	0.000000	0.210939	0.779559	0.009502	0.000000	0.000000	0.000000
436	0.000000	0.000000	0.000000	0.211358	0.779292	0.009350	0.000000	0.000000	0.000000
437	0.000000	0.000000	0.000000	0.211472	0.779183	0.009345	0.000000	0.000000	0.000000
438	0.000000	0.000000	0.000000	0.211693	0.778943	0.009364	0.000000	0.000000	0.000000
439	0.000000	0.000000	0.000000	0.211286	0.779275	0.009439	0.000000	0.000000	0.000000
440	0.000000	0.000000	0.000000	0.211093	0.779480	0.009427	0.000000	0.000000	0.000000
441	0.000000	0.000000	0.000000	0.210851	0.779731	0.009418	0.000000	0.000000	0.000000
442	0.000000	0.000000	0.000000	0.210775	0.779833	0.009392	0.000000	0.000000	0.000000
443	0.000000	0.000000	0.000000	0.210324	0.780355	0.009321	0.000000	0.000000	0.000000
444	0.000000	0.000000	0.000000	0.210316	0.780237	0.009447	0.000000	0.000000	0.000000
445	0.000000	0.000000	0.000000	0.210277	0.780431	0.009292	0.000000	0.000000	0.000000
446	0.000000	0.000000	0.000000	0.210027	0.780719	0.009254	0.000000	0.000000	0.000000
447	0.000000	0.000000	0.000000	0.210076	0.780657	0.009267	0.000000	0.000000	0.000000
448	0.000000	0.000000	0.000000	0.210103	0.780616	0.009281	0.000000	0.000000	0.000000
449	0.000000	0.000000	0.000000	0.209750	0.780813	0.009437	0.000000	0.000000	0.000000
450	0.000000	0.000000	0.000000	0.209743	0.780853	0.009404	0.000000	0.000000	0.000000
451	0.000000	0.000000	0.000000	0.210023	0.780670	0.009307	0.000000	0.000000	0.000000
452	0.000000	0.000000	0.000000	0.210159	0.780467	0.009374	0.000000	0.000000	0.000000
453	0.000000	0.000000	0.000000	0.210362	0.780280	0.009358	0.000000	0.000000	0.000000
454	0.000000	0.000000	0.000000	0.210218	0.780348	0.009434	0.000000	0.000000	0.000000
455	0.000000	0.000000	0.000000	0.210440	0.780101	0.009459	0.000000	0.000000	0.000000
456	0.000000	0.000000	0.000000	0.210377	0.780235	0.009388	0.000000	0.000000	0.000000
457	0.000000	0.000000	0.000000	0.210082	0.780560	0.009358	0.000000	0.000000	0.000000
458	0.000000	0.000000	0.000000	0.210053	0.780637	0.009310	0.000000	0.000000	0.000000
459	0.000000	0.000000	0.000000	0.210363	0.780439	0.009198	0.000000	0.000000	0.000000
460	0.000000	0.000000	0.000000	0.210448	0.780382	0.009170	0.000000	0.000000	0.000000
461	0.000000	0.000000	0.000000	0.210639	0.780300	0.009061	0.000000	0.000000	0.000000
462	0.000000	0.000000	0.000000	0.210277	0.780613	0.009110	0.000000	0.000000	0.000000
463	0.000000	0.000000	0.000000	0.210189	0.780745	0.009066	0.000000	0.000000	0.000000
464	0.000000	0.000000	0.000000	0.210610	0.780280	0.009110	0.000000	0.000000	0.000000
465	0.000000	0.000000	0.000000	0.210818	0.780076	0.009106	0.000000	0.000000	0.000000
466	0.000000	0.000000	0.000000	0.210780	0.780084	0.009136	0.000000	0.000000	0.000000
467	0.000000	0.000000	0.000000	0.210428	0.780602	0.008970	0.000000	0.000000	0.000000
468	0.000000	0.000000	0.000000	0.210564	0.780495	0.008941	0.000000	0.000000	0.000000
469	0.000000	0.000000	0.000000	0.210635	0.780437	0.008928	0.000000	0.000000	0.000000
470	0.000000	0.000000	0.000000	0.210469	0.780552	0.008979	0.000000	0.000000	0.000000
