0	0.290663	0.057897	0.229473	0.157588	0.029913	0.111872	0.085455	0.012259	0.024880
1	0.221885	0.045649	0.193139	0.135981	0.027888	0.118888	0.132216	0.025314	0.099040
2	0.213719	0.043415	0.184915	0.126822	0.027224	0.111797	0.144747	0.028156	0.119205
3	0.211426	0.042329	0.178666	0.119753	0.027453	0.103432	0.152897	0.029079	0.134965
4	0.209993	0.041244	0.171738	0.113104	0.027638	0.095311	0.160977	0.030269	0.149726
5	0.210023	0.040855	0.165328	0.106889	0.028204	0.087926	0.166335	0.030766	0.163674
6	0.210001	0.039824	0.158442	0.101712	0.028614	0.080583	0.171427	0.031196	0.178201
7	0.210187	0.039337	0.151295	0.096715	0.029371	0.073575	0.176081	0.031452	0.191987
8	0.210397	0.038721	0.143637	0.091977	0.030178	0.067798	0.180462	0.031534	0.205296
9	0.211116	0.037875	0.137203	0.087717	0.030808	0.061705	0.183736	0.032031	0.217809
10	0.211321	0.037326	0.130925	0.083672	0.031743	0.056332	0.186107	0.032245	0.230329
11	0.211647	0.036384	0.124091	0.079522	0.032581	0.051224	0.189012	0.032486	0.243053
12	0.212192	0.036147	0.117642	0.075816	0.033820	0.046421	0.190561	0.032320	0.255081
13	0.213111	0.035328	0.110802	0.072229	0.035131	0.042494	0.191872	0.032426	0.266607
14	0.213052	0.034788	0.104728	0.069006	0.036241	0.038781	0.193357	0.032184	0.277863
15	0.213049	0.034075	0.098643	0.066033	0.037468	0.035453	0.194026	0.032014	0.289239
16	0.213234	0.033427	0.092776	0.062903	0.038660	0.032217	0.194773	0.032004	0.300006
17	0.213609	0.033167	0.087188	0.059909	0.039929	0.029277	0.195110	0.031877	0.309934
18	0.213778	0.032959	0.082218	0.056965	0.041427	0.026738	0.194942	0.031446	0.319527
19	0.213409	0.031918	0.076994	0.054860	0.042940	0.024127	0.195033	0.031036	0.329683
20	0.213552	0.031383	0.072479	0.052016	0.044664	0.022072	0.194896	0.030458	0.338480
21	0.212940	0.030589	0.068366	0.049954	0.045977	0.020204	0.194017	0.029890	0.348063
22	0.213285	0.029959	0.064207	0.048250	0.047277	0.018452	0.192808	0.029555	0.356207
23	0.212559	0.029509	0.060265	0.046116	0.048949	0.016795	0.191694	0.028973	0.365140
24	0.212628	0.028988	0.056540	0.044310	0.050615	0.015456	0.190326	0.028407	0.372730
25	0.212446	0.028490	0.052732	0.042189	0.052094	0.014134	0.189516	0.028023	0.380376
26	0.211894	0.027993	0.049114	0.040468	0.053797	0.013042	0.187952	0.027709	0.388031
27	0.211000	0.027380	0.046005	0.038350	0.055555	0.011851	0.186521	0.027229	0.396109
28	0.209841	0.026885	0.043298	0.036689	0.057442	0.010855	0.184459	0.027166	0.403365
29	0.208817	0.026504	0.040512	0.035277	0.059215	0.009877	0.182916	0.026675	0.410207
30	0.207984	0.025931	0.037812	0.033846	0.060778	0.008976	0.181245	0.026002	0.417426
31	0.206669	0.025360	0.035176	0.032469	0.062416	0.008302	0.179370	0.025549	0.424689
32	0.206459	0.024882	0.032790	0.030894	0.064444	0.007464	0.178070	0.024967	0.430030
33	0.205358	0.024375	0.030582	0.029520	0.066685	0.006881	0.175995	0.024435	0.436169
34	0.204686	0.023873	0.028433	0.028061	0.068617	0.006126	0.174066	0.024039	0.442099
35	0.203229	0.023392	0.026663	0.027075	0.070362	0.005775	0.172281	0.023625	0.447598
36	0.201671	0.022986	0.024812	0.025811	0.072349	0.005428	0.170219	0.023241	0.453483
37	0.199641	0.022560	0.023030	0.024483	0.074409	0.004971	0.168061	0.023014	0.459831
38	0.198068	0.022076	0.021585	0.023450	0.076339	0.004722	0.165795	0.022529	0.465436
39	0.196238	0.021575	0.020273	0.022430	0.078631	0.004379	0.163415	0.021956	0.471103
40	0.194594	0.021321	0.018884	0.021568	0.080592	0.003995	0.161509	0.021622	0.475915
41	0.192598	0.020667	0.017614	0.020721	0.082603	0.003695	0.159531	0.021112	0.481459
42	0.190630	0.020113	0.016531	0.019910	0.084709	0.003567	0.158157	0.020548	0.485835
43	0.188775	0.019448	0.015362	0.019218	0.086653	0.003309	0.156306	0.020225	0.490704
44	0.187208	0.018860	0.014129	0.018475	0.088578	0.003021	0.153718	0.019813	0.496198
45	0.185067	0.018179	0.013130	0.017612	0.090769	0.002752	0.151676	0.019684	0.501131
46	0.183223	0.017833	0.012210	0.016971	0.092565	0.002502	0.148788	0.019277	0.506631
47	0.180881	0.017326	0.011534	0.016470	0.094433	0.002340	0.146989	0.018696	0.511331
48	0.178546	0.016849	0.010714	0.015809	0.096493	0.002133	0.145027	0.018632	0.515797
49	0.175791	0.016520	0.009946	0.015256	0.098872	0.001993	0.143015	0.018370	0.520237
50	0.173546	0.015907	0.009181	0.014731	0.101076	0.001870	0.141215	0.017882	0.524592
51	0.171336	0.015542	0.008439	0.014209	0.103282	0.001683	0.139375	0.017667	0.528467
52	0.169347	0.015061	0.007874	0.013748	0.105156	0.001592	0.137323	0.017289	0.532610
53	0.166665	0.014533	0.007326	0.013169	0.107208	0.001463	0.135617	0.016891	0.537128
54	0.163965	0.014000	0.006809	0.012672	0.109604	0.001348	0.134410	0.016499	0.540693
55	0.161251	0.013548	0.006255	0.012277	0.111693	0.001199	0.132734	0.016239	0.544804
56	0.158363	0.013185	0.005890	0.011762	0.114074	0.001042	0.130802	0.016088	0.548794
57	0.155628	0.012789	0.005504	0.011320	0.116176	0.000927	0.129725	0.015765	0.552166
58	0.153260	0.012454	0.005144	0.010850	0.118061	0.000878	0.127687	0.015460	0.556206
59	0.150770	0.012193	0.004742	0.010433	0.119924	0.000804	0.126041	0.015354	0.559739
60	0.147911	0.011832	0.004445	0.010097	0.122321	0.000722	0.123937	0.014895	0.563840
61	0.145194	0.011344	0.004019	0.009866	0.123986	0.000678	0.122513	0.014606	0.567794
62	0.141904	0.010926	0.003711	0.009515	0.126179	0.000622	0.121286	0.014443	0.571414
63	0.139382	0.010669	0.003463	0.009086	0.128355	0.000582	0.119535	0.014194	0.574734
64	0.136399	0.010201	0.003175	0.008465	0.130367	0.000546	0.118005	0.014042	0.578800
65	0.133447	0.009998	0.002931	0.008122	0.132341	0.000509	0.116565	0.013805	0.582282
66	0.130635	0.009562	0.002706	0.007867	0.134303	0.000442	0.115059	0.013577	0.585849
67	0.127474	0.009210	0.002475	0.007582	0.136386	0.000413	0.113374	0.013470	0.589616
68	0.124828	0.008920	0.002319	0.007262	0.138345	0.000362	0.111795	0.013456	0.592713
69	0.122003	0.008756	0.002199	0.006883	0.140014	0.000313	0.110405	0.013280	0.596147
70	0.119364	0.008393	0.002029	0.006586	0.142130	0.000294	0.108697	0.013130	0.599377
71	0.116771	0.008150	0.001888	0.006369	0.144543	0.000295	0.107094	0.012853	0.602037
72	0.114236	0.007887	0.001734	0.006228	0.146123	0.000248	0.106324	0.012639	0.604581
73	0.111447	0.007591	0.001548	0.006017	0.148389	0.000226	0.105390	0.012339	0.607053
74	0.108938	0.007213	0.001395	0.005845	0.150202	0.000211	0.104266	0.012290	0.609640
75	0.106645	0.006899	0.001315	0.005598	0.152492	0.000215	0.103066	0.012090	0.611680
76	0.104161	0.006654	0.001224	0.005342	0.154289	0.000178	0.101947	0.011794	0.614411
77	0.101330	0.006438	0.001103	0.005319	0.156122	0.000179	0.101280	0.011502	0.616727
78	0.098709	0.006295	0.001026	0.005151	0.158158	0.000145	0.100189	0.011361	0.618966
79	0.095841	0.006008	0.000931	0.004995	0.160072	0.000155	0.098857	0.011218	0.621923
80	0.093042	0.005804	0.000839	0.004826	0.161650	0.000150	0.097820	0.011148	0.624721
81	0.090464	0.005542	0.000758	0.004646	0.163421	0.000144	0.096565	0.010940	0.627520
82	0.087791	0.005374	0.000728	0.004554	0.165039	0.000123	0.095582	0.010806	0.630003
83	0.085385	0.005213	0.000671	0.004460	0.167091	0.000116	0.094353	0.010546	0.632165
84	0.082982	0.005075	0.000619	0.004314	0.168523	0.000103	0.093184	0.010366	0.634834
85	0.080702	0.004804	0.000541	0.004079	0.170268	0.000092	0.092286	0.010292	0.636936
86	0.077751	0.004501	0.000465	0.003974	0.171653	0.000089	0.091591	0.010096	0.639880
87	0.075599	0.004343	0.000420	0.003948	0.173105	0.000088	0.091102	0.009978	0.641417
88	0.073419	0.004140	0.000365	0.003851	0.174713	0.000083	0.090369	0.009821	0.643239
89	0.071208	0.003948	0.000354	0.003757	0.176518	0.000083	0.089468	0.009699	0.644965
90	0.069630	0.003773	0.000308	0.003672	0.178077	0.000083	0.088216	0.009612	0.646629
91	0.067384	0.003646	0.000283	0.003568	0.179765	0.000070	0.086976	0.009491	0.648817
92	0.065314	0.003469	0.000262	0.003518	0.181354	0.000064	0.086000	0.009331	0.650688
93	0.062996	0.003298	0.000214	0.003383	0.183351	0.000059	0.085288	0.009191	0.652220
94	0.060668	0.003151	0.000215	0.003217	0.184749	0.000056	0.084687	0.009176	0.654081
95	0.058806	0.003050	0.000213	0.003191	0.186280	0.000057	0.083902	0.009073	0.655428
96	0.056666	0.002877	0.000177	0.003118	0.188045	0.000053	0.083034	0.008919	0.657111
97	0.054859	0.002767	0.000170	0.003046	0.189852	0.000046	0.081901	0.008750	0.658609
98	0.053171	0.002690	0.000150	0.002982	0.191474	0.000054	0.081379	0.008610	0.659490
99	0.051504	0.002485	0.000117	0.002892	0.193289	0.000050	0.080753	0.008370	0.660540
100	0.050019	0.002378	0.000126	0.002843	0.194810	0.000053	0.079631	0.008490	0.661650
101	0.048566	0.002255	0.000125	0.002761	0.196621	0.000037	0.078938	0.008338	0.662359
102	0.046579	0.002235	0.000096	0.002741	0.198566	0.000049	0.078109	0.008254	0.663371
103	0.045105	0.002102	0.000082	0.002621	0.199728	0.000042	0.077253	0.008120	0.664947
104	0.043572	0.001953	0.000064	0.002550	0.200987	0.000030	0.076657	0.007958	0.666229
105	0.042151	0.001881	0.000060	0.002494	0.202541	0.000023	0.076087	0.008057	0.666706
106	0.040860	0.001761	0.000055	0.002390	0.203684	0.000030	0.075625	0.007910	0.667685
107	0.039493	0.001707	0.000045	0.002314	0.205061	0.000031	0.074560	0.007878	0.668911
108	0.038137	0.001636	0.000042	0.002197	0.206761	0.000027	0.073444	0.007784	0.669972
109	0.036684	0.001549	0.000043	0.002136	0.208207	0.000027	0.073041	0.007638	0.670675
110	0.035288	0.001501	0.000046	0.002049	0.209463	0.000021	0.072563	0.007473	0.671596
111	0.033989	0.001503	0.000037	0.002011	0.211288	0.000023	0.071937	0.007380	0.671832
112	0.032712	0.001460	0.000030	0.001980	0.212628	0.000026	0.071024	0.007290	0.672850
113	0.031584	0.001431	0.000026	0.001958	0.213845	0.000027	0.070436	0.007224	0.673469
114	0.030385	0.001309	0.000026	0.001937	0.215471	0.000017	0.069898	0.007066	0.673891
115	0.029209	0.001266	0.000025	0.001908	0.216575	0.000018	0.069467	0.007020	0.674512
116	0.028013	0.001257	0.000015	0.001869	0.217782	0.000018	0.069022	0.006877	0.675147
117	0.026647	0.001186	0.000016	0.001781	0.219232	0.000017	0.068582	0.006744	0.675795
118	0.025674	0.001136	0.000012	0.001770	0.220408	0.000015	0.067858	0.006735	0.676392
119	0.024557	0.001132	0.000009	0.001775	0.221618	0.000016	0.067466	0.006692	0.676735
120	0.023775	0.001076	0.000008	0.001742	0.223069	0.000012	0.066774	0.006661	0.676883
121	0.022814	0.001038	0.000006	0.001695	0.224438	0.000010	0.066276	0.006625	0.677098
122	0.021962	0.000965	0.000003	0.001648	0.225834	0.000015	0.065663	0.006555	0.677355
123	0.021129	0.000907	0.000006	0.001602	0.226619	0.000010	0.065259	0.006478	0.677990
124	0.020120	0.000867	0.000005	0.001563	0.227907	0.000011	0.064882	0.006378	0.678267
125	0.019186	0.000788	0.000006	0.001552	0.229185	0.000004	0.064458	0.006176	0.678645
126	0.018316	0.000762	0.000005	0.001443	0.230147	0.000003	0.064054	0.006056	0.679214
127	0.017522	0.000729	0.000008	0.001381	0.231087	0.000003	0.063438	0.006001	0.679831
128	0.016795	0.000712	0.000010	0.001334	0.232143	0.000001	0.063157	0.005921	0.679927
129	0.016020	0.000630	0.000007	0.001314	0.233655	0.000005	0.062577	0.005877	0.679915
130	0.015451	0.000577	0.000009	0.001268	0.234817	0.000004	0.061812	0.005824	0.680238
131	0.014895	0.000577	0.000005	0.001252	0.236035	0.000002	0.061389	0.005835	0.680010
132	0.014237	0.000574	0.000006	0.001230	0.237383	0.000002	0.061120	0.005871	0.679577
133	0.013740	0.000576	0.000005	0.001231	0.238305	0.000002	0.060796	0.005756	0.679589
134	0.013151	0.000559	0.000002	0.001206	0.239368	0.000004	0.060377	0.005607	0.679726
135	0.012675	0.000533	0.000000	0.001165	0.240071	0.000004	0.059993	0.005540	0.680019
136	0.012116	0.000523	0.000000	0.001143	0.241031	0.000003	0.059661	0.005395	0.680128
137	0.011654	0.000485	0.000000	0.001090	0.242239	0.000001	0.059007	0.005264	0.680260
138	0.011010	0.000454	0.000000	0.001116	0.242786	0.000001	0.058900	0.005321	0.680412
139	0.010503	0.000431	0.000000	0.001083	0.244038	0.000000	0.058418	0.005333	0.680194
140	0.010081	0.000403	0.000000	0.001112	0.244730	0.000001	0.057883	0.005300	0.680490
141	0.009693	0.000400	0.000000	0.001125	0.245599	0.000001	0.057664	0.005296	0.680222
142	0.009211	0.000384	0.000000	0.001091	0.246904	0.000000	0.056773	0.005262	0.680375
143	0.008827	0.000343	0.000000	0.001063	0.248147	0.000000	0.056510	0.005235	0.679875
144	0.008557	0.000313	0.000000	0.001044	0.249001	0.000000	0.056215	0.005123	0.679747
145	0.008144	0.000308	0.000000	0.001035	0.250167	0.000000	0.055438	0.005060	0.679848
146	0.007724	0.000278	0.000000	0.001006	0.251232	0.000000	0.054992	0.005115	0.679653
147	0.007398	0.000276	0.000000	0.000981	0.252339	0.000000	0.054387	0.005087	0.679532
148	0.007056	0.000251	0.000000	0.000966	0.253485	0.000000	0.053890	0.005001	0.679351
149	0.006861	0.000250	0.000000	0.000940	0.254818	0.000000	0.053507	0.004953	0.678671
150	0.006579	0.000230	0.000000	0.000910	0.255904	0.000000	0.053351	0.004845	0.678181
151	0.006228	0.000236	0.000000	0.000869	0.256925	0.000000	0.052962	0.004821	0.677959
152	0.005971	0.000238	0.000000	0.000862	0.257825	0.000000	0.052385	0.004746	0.677973
153	0.005590	0.000224	0.000000	0.000868	0.258918	0.000000	0.052082	0.004723	0.677595
154	0.005395	0.000210	0.000000	0.000877	0.259815	0.000000	0.051679	0.004629	0.677395
155	0.005178	0.000212	0.000000	0.000840	0.260795	0.000000	0.051599	0.004589	0.676787
156	0.004872	0.000196	0.000000	0.000815	0.261596	0.000000	0.051198	0.004539	0.676784
157	0.004611	0.000196	0.000000	0.000814	0.262966	0.000000	0.051147	0.004445	0.675821
158	0.004457	0.000178	0.000000	0.000785	0.263714	0.000000	0.050757	0.004363	0.675746
159	0.004192	0.000176	0.000000	0.000734	0.264669	0.000000	0.050370	0.004290	0.675569
160	0.004057	0.000185	0.000000	0.000717	0.265806	0.000000	0.049998	0.004267	0.674970
161	0.003916	0.000181	0.000000	0.000711	0.266400	0.000000	0.049514	0.004106	0.675172
162	0.003726	0.000182	0.000000	0.000711	0.267405	0.000000	0.048954	0.004050	0.674972
163	0.003615	0.000180	0.000000	0.000693	0.268631	0.000000	0.048475	0.003966	0.674440
164	0.003453	0.000167	0.000000	0.000688	0.269311	0.000000	0.048546	0.003915	0.673920
165	0.003326	0.000157	0.000000	0.000643	0.270343	0.000000	0.048165	0.003833	0.673533
166	0.003227	0.000160	0.000000	0.000629	0.271401	0.000000	0.047786	0.003802	0.672995
167	0.003125	0.000150	0.000000	0.000648	0.272374	0.000000	0.047605	0.003725	0.672373
168	0.003074	0.000142	0.000000	0.000623	0.273548	0.000000	0.047221	0.003605	0.671787
169	0.002950	0.000139	0.000000	0.000625	0.274451	0.000000	0.046531	0.003580	0.671724
170	0.002761	0.000135	0.000000	0.000653	0.275207	0.000000	0.046174	0.003459	0.671611
171	0.002701	0.000137	0.000000	0.000589	0.276125	0.000000	0.045774	0.003368	0.671306
172	0.002616	0.000132	0.000000	0.000561	0.277029	0.000000	0.045467	0.003362	0.670833
173	0.002467	0.000120	0.000000	0.000548	0.277918	0.000000	0.045148	0.003361	0.670438
174	0.002352	0.000109	0.000000	0.000577	0.278681	0.000000	0.044758	0.003316	0.670207
175	0.002273	0.000097	0.000000	0.000548	0.279517	0.000000	0.044551	0.003275	0.669739
176	0.002179	0.000084	0.000000	0.000592	0.279958	0.000000	0.043909	0.003243	0.670035
177	0.002136	0.000081	0.000000	0.000583	0.281255	0.000000	0.043653	0.003260	0.669032
178	0.002029	0.000079	0.000000	0.000571	0.282077	0.000000	0.043285	0.003310	0.668649
179	0.001923	0.000076	0.000000	0.000569	0.282776	0.000000	0.042955	0.003280	0.668421
180	0.001825	0.000065	0.000000	0.000540	0.283475	0.000000	0.042309	0.003162	0.668624
181	0.001728	0.000051	0.000000	0.000514	0.284470	0.000000	0.041981	0.003073	0.668183
182	0.001682	0.000047	0.000000	0.000509	0.285570	0.000000	0.041616	0.003009	0.667567
183	0.001617	0.000034	0.000000	0.000509	0.286267	0.000000	0.041702	0.002967	0.666904
184	0.001556	0.000035	0.000000	0.000489	0.287582	0.000000	0.041460	0.002882	0.665996
185	0.001459	0.000028	0.000000	0.000473	0.288712	0.000000	0.041131	0.002874	0.665323
186	0.001398	0.000019	0.000000	0.000496	0.289779	0.000000	0.040998	0.002849	0.664461
187	0.001343	0.000020	0.000000	0.000489	0.290214	0.000000	0.040890	0.002832	0.664212
188	0.001229	0.000014	0.000000	0.000501	0.291415	0.000000	0.040856	0.002711	0.663274
189	0.001187	0.000014	0.000000	0.000493	0.292281	0.000000	0.040704	0.002642	0.662679
190	0.001095	0.000012	0.000000	0.000513	0.293270	0.000000	0.040751	0.002643	0.661716
191	0.001064	0.000007	0.000000	0.000500	0.293947	0.000000	0.040475	0.002619	0.661388
192	0.001004	0.000007	0.000000	0.000491	0.294564	0.000000	0.040391	0.002616	0.660927
193	0.001000	0.000005	0.000000	0.000488	0.295348	0.000000	0.040034	0.002567	0.660558
194	0.000988	0.000011	0.000000	0.000471	0.295814	0.000000	0.040131	0.002672	0.659913
195	0.000939	0.000010	0.000000	0.000460	0.296728	0.000000	0.040038	0.002692	0.659133
196	0.000891	0.000013	0.000000	0.000443	0.297230	0.000000	0.039865	0.002639	0.658919
197	0.000835	0.000012	0.000000	0.000451	0.297877	0.000000	0.039522	0.002567	0.658736
198	0.000800	0.000012	0.000000	0.000437	0.298749	0.000000	0.039247	0.002540	0.658215
199	0.000741	0.000012	0.000000	0.000433	0.299553	0.000000	0.039070	0.002511	0.657680
200	0.000684	0.000014	0.000000	0.000430	0.300320	0.000000	0.039067	0.002506	0.656979
201	0.000652	0.000016	0.000000	0.000403	0.301052	0.000000	0.039053	0.002466	0.656358
202	0.000610	0.000016	0.000000	0.000410	0.301770	0.000000	0.038844	0.002434	0.655916
203	0.000562	0.000016	0.000000	0.000397	0.303107	0.000000	0.038509	0.002417	0.654992
204	0.000527	0.000012	0.000000	0.000388	0.303778	0.000000	0.038317	0.002367	0.654611
205	0.000493	0.000009	0.000000	0.000383	0.304446	0.000000	0.038327	0.002324	0.654018
206	0.000474	0.000007	0.000000	0.000375	0.305317	0.000000	0.038335	0.002280	0.653212
207	0.000411	0.000006	0.000000	0.000380	0.306217	0.000000	0.038402	0.002228	0.652356
208	0.000410	0.000003	0.000000	0.000389	0.306981	0.000000	0.038194	0.002211	0.651812
209	0.000368	0.000004	0.000000	0.000369	0.307474	0.000000	0.037795	0.002225	0.651765
210	0.000365	0.000005	0.000000	0.000366	0.308053	0.000000	0.037669	0.002184	0.651358
211	0.000328	0.000003	0.000000	0.000380	0.308519	0.000000	0.037530	0.002162	0.651078
212	0.000317	0.000001	0.000000	0.000354	0.309233	0.000000	0.037319	0.002125	0.650651
213	0.000301	0.000000	0.000000	0.000359	0.309853	0.000000	0.037258	0.002059	0.650170
214	0.000290	0.000000	0.000000	0.000344	0.310603	0.000000	0.037237	0.002055	0.649471
215	0.000269	0.000000	0.000000	0.000351	0.311684	0.000000	0.037056	0.001951	0.648689
216	0.000259	0.000000	0.000000	0.000313	0.312641	0.000000	0.036679	0.001946	0.648162
217	0.000243	0.000000	0.000000	0.000300	0.313138	0.000000	0.036524	0.001930	0.647865
218	0.000234	0.000000	0.000000	0.000290	0.313902	0.000000	0.036280	0.001958	0.647336
219	0.000227	0.000000	0.000000	0.000279	0.314611	0.000000	0.035967	0.001968	0.646948
220	0.000216	0.000000	0.000000	0.000279	0.315568	0.000000	0.035719	0.001943	0.646275
221	0.000218	0.000000	0.000000	0.000274	0.316030	0.000000	0.035528	0.001919	0.646031
222	0.000218	0.000000	0.000000	0.000270	0.317061	0.000000	0.035258	0.001919	0.645274
223	0.000218	0.000000	0.000000	0.000262	0.317776	0.000000	0.035043	0.001924	0.644777
224	0.000205	0.000000	0.000000	0.000254	0.318298	0.000000	0.035051	0.001909	0.644283
225	0.000200	0.000000	0.000000	0.000259	0.319473	0.000000	0.034997	0.001907	0.643164
226	0.000201	0.000000	0.000000	0.000260	0.320122	0.000000	0.034688	0.001883	0.642846
227	0.000177	0.000000	0.000000	0.000243	0.321201	0.000000	0.034282	0.001879	0.642218
228	0.000152	0.000000	0.000000	0.000249	0.322155	0.000000	0.034146	0.001870	0.641428
229	0.000137	0.000000	0.000000	0.000216	0.323294	0.000000	0.033809	0.001832	0.640712
230	0.000136	0.000000	0.000000	0.000230	0.323770	0.000000	0.033583	0.001818	0.640463
231	0.000114	0.000000	0.000000	0.000218	0.324460	0.000000	0.033542	0.001804	0.639862
232	0.000114	0.000000	0.000000	0.000193	0.325349	0.000000	0.033560	0.001792	0.638992
233	0.000127	0.000000	0.000000	0.000171	0.326236	0.000000	0.033309	0.001783	0.638374
234	0.000134	0.000000	0.000000	0.000167	0.326903	0.000000	0.033492	0.001727	0.637577
235	0.000136	0.000000	0.000000	0.000159	0.327522	0.000000	0.033086	0.001689	0.637408
236	0.000116	0.000000	0.000000	0.000147	0.328051	0.000000	0.033259	0.001666	0.636761
237	0.000100	0.000000	0.000000	0.000131	0.328908	0.000000	0.032990	0.001605	0.636266
238	0.000089	0.000000	0.000000	0.000133	0.329799	0.000000	0.032929	0.001543	0.635507
239	0.000089	0.000000	0.000000	0.000128	0.330436	0.000000	0.032863	0.001539	0.634945
240	0.000094	0.000000	0.000000	0.000118	0.331236	0.000000	0.032781	0.001551	0.634220
241	0.000090	0.000000	0.000000	0.000122	0.331987	0.000000	0.032743	0.001526	0.633532
242	0.000089	0.000000	0.000000	0.000118	0.332678	0.000000	0.032396	0.001530	0.633189
243	0.000097	0.000000	0.000000	0.000108	0.333495	0.000000	0.032108	0.001523	0.632669
244	0.000089	0.000000	0.000000	0.000109	0.333760	0.000000	0.031835	0.001482	0.632725
245	0.000084	0.000000	0.000000	0.000120	0.334610	0.000000	0.031791	0.001500	0.631895
246	0.000082	0.000000	0.000000	0.000128	0.335319	0.000000	0.031567	0.001418	0.631486
247	0.000079	0.000000	0.000000	0.000131	0.336033	0.000000	0.031256	0.001402	0.631099
248	0.000074	0.000000	0.000000	0.000134	0.336804	0.000000	0.031086	0.001451	0.630451
249	0.000075	0.000000	0.000000	0.000151	0.337401	0.000000	0.030991	0.001416	0.629966
250	0.000069	0.000000	0.000000	0.000153	0.338441	0.000000	0.030897	0.001349	0.629091
251	0.000062	0.000000	0.000000	0.000146	0.339214	0.000000	0.030534	0.001342	0.628702
252	0.000061	0.000000	0.000000	0.000140	0.340085	0.000000	0.030142	0.001330	0.628242
253	0.000059	0.000000	0.000000	0.000128	0.341079	0.000000	0.030183	0.001361	0.627190
254	0.000069	0.000000	0.000000	0.000133	0.341984	0.000000	0.029950	0.001331	0.626533
255	0.000067	0.000000	0.000000	0.000131	0.342513	0.000000	0.029540	0.001296	0.626453
256	0.000070	0.000000	0.000000	0.000131	0.342882	0.000000	0.029364	0.001263	0.626290
257	0.000079	0.000000	0.000000	0.000126	0.343777	0.000000	0.029089	0.001245	0.625684
258	0.000076	0.000000	0.000000	0.000120	0.344508	0.000000	0.028875	0.001237	0.625184
259	0.000074	0.000000	0.000000	0.000140	0.344974	0.000000	0.028940	0.001191	0.624681
260	0.000077	0.000000	0.000000	0.000137	0.345467	0.000000	0.028538	0.001195	0.624586
261	0.000074	0.000000	0.000000	0.000142	0.346139	0.000000	0.028278	0.001159	0.624208
262	0.000073	0.000000	0.000000	0.000127	0.346557	0.000000	0.028158	0.001141	0.623944
263	0.000072	0.000000	0.000000	0.000142	0.347293	0.000000	0.027843	0.001151	0.623499
264	0.000081	0.000000	0.000000	0.000146	0.347792	0.000000	0.027870	0.001126	0.622985
265	0.000088	0.000000	0.000000	0.000149	0.348466	0.000000	0.027714	0.001113	0.622470
266	0.000089	0.000000	0.000000	0.000145	0.349313	0.000000	0.027661	0.001084	0.621708
267	0.000081	0.000000	0.000000	0.000150	0.350065	0.000000	0.027571	0.001096	0.621037
268	0.000082	0.000000	0.000000	0.000142	0.350825	0.000000	0.027532	0.001080	0.620339
269	0.000091	0.000000	0.000000	0.000150	0.351592	0.000000	0.027460	0.001071	0.619636
270	0.000088	0.000000	0.000000	0.000146	0.352355	0.000000	0.027443	0.001013	0.618955
271	0.000093	0.000000	0.000000	0.000130	0.353104	0.000000	0.027128	0.000986	0.618559
272	0.000076	0.000000	0.000000	0.000140	0.353922	0.000000	0.026909	0.000995	0.617958
273	0.000081	0.000000	0.000000	0.000131	0.354417	0.000000	0.026870	0.000997	0.617504
274	0.000080	0.000000	0.000000	0.000128	0.355190	0.000000	0.026790	0.000997	0.616815
275	0.000070	0.000000	0.000000	0.000133	0.355662	0.000000	0.026618	0.001010	0.616507
276	0.000066	0.000000	0.000000	0.000131	0.356464	0.000000	0.026397	0.000997	0.615945
277	0.000064	0.000000	0.000000	0.000140	0.357201	0.000000	0.026344	0.000979	0.615272
278	0.000064	0.000000	0.000000	0.000151	0.358166	0.000000	0.026153	0.000942	0.614524
279	0.000061	0.000000	0.000000	0.000151	0.358637	0.000000	0.026062	0.000927	0.614162
280	0.000061	0.000000	0.000000	0.000151	0.359602	0.000000	0.026017	0.000934	0.613235
281	0.000068	0.000000	0.000000	0.000144	0.360246	0.000000	0.025825	0.000936	0.612781
282	0.000070	0.000000	0.000000	0.000156	0.361011	0.000000	0.025589	0.000902	0.612272
283	0.000071	0.000000	0.000000	0.000162	0.361675	0.000000	0.025415	0.000877	0.611800
284	0.000070	0.000000	0.000000	0.000167	0.362288	0.000000	0.025183	0.000897	0.611395
285	0.000075	0.000000	0.000000	0.000176	0.362874	0.000000	0.025057	0.000885	0.610933
286	0.000071	0.000000	0.000000	0.000182	0.363602	0.000000	0.024692	0.000861	0.610592
287	0.000077	0.000000	0.000000	0.000193	0.364662	0.000000	0.024472	0.000841	0.609755
288	0.000070	0.000000	0.000000	0.000196	0.365492	0.000000	0.024189	0.000816	0.609237
289	0.000067	0.000000	0.000000	0.000205	0.366093	0.000000	0.024112	0.000820	0.608703
290	0.000065	0.000000	0.000000	0.000195	0.366817	0.000000	0.024115	0.000787	0.608021
291	0.000065	0.000000	0.000000	0.000175	0.367695	0.000000	0.023944	0.000789	0.607332
292	0.000069	0.000000	0.000000	0.000168	0.368507	0.000000	0.023984	0.000751	0.606521
293	0.000058	0.000000	0.000000	0.000165	0.368803	0.000000	0.023904	0.000753	0.606317
294	0.000054	0.000000	0.000000	0.000172	0.369383	0.000000	0.023938	0.000756	0.605697
295	0.000065	0.000000	0.000000	0.000187	0.370037	0.000000	0.023708	0.000757	0.605246
296	0.000062	0.000000	0.000000	0.000184	0.370702	0.000000	0.023532	0.000755	0.604765
297	0.000056	0.000000	0.000000	0.000184	0.371463	0.000000	0.023086	0.000762	0.604449
298	0.000049	0.000000	0.000000	0.000198	0.372432	0.000000	0.023056	0.000755	0.603510
299	0.000043	0.000000	0.000000	0.000212	0.373065	0.000000	0.022942	0.000733	0.603005
300	0.000042	0.000000	0.000000	0.000222	0.373818	0.000000	0.022640	0.000732	0.602546
301	0.000038	0.000000	0.000000	0.000219	0.374438	0.000000	0.022499	0.000729	0.602077
302	0.000037	0.000000	0.000000	0.000216	0.375411	0.000000	0.022399	0.000715	0.601222
303	0.000037	0.000000	0.000000	0.000217	0.375954	0.000000	0.022393	0.000689	0.600710
304	0.000041	0.000000	0.000000	0.000226	0.376602	0.000000	0.022403	0.000667	0.600061
305	0.000034	0.000000	0.000000	0.000196	0.377227	0.000000	0.022259	0.000659	0.599625
306	0.000031	0.000000	0.000000	0.000184	0.378105	0.000000	0.022243	0.000654	0.598783
307	0.000032	0.000000	0.000000	0.000198	0.378954	0.000000	0.022190	0.000695	0.597931
308	0.000031	0.000000	0.000000	0.000195	0.379624	0.000000	0.022114	0.000655	0.597381
309	0.000035	0.000000	0.000000	0.000184	0.380471	0.000000	0.022068	0.000629	0.596613
310	0.000028	0.000000	0.000000	0.000205	0.381341	0.000000	0.021965	0.000654	0.595807
311	0.000031	0.000000	0.000000	0.000212	0.382163	0.000000	0.021867	0.000643	0.595084
312	0.000029	0.000000	0.000000	0.000220	0.382985	0.000000	0.021673	0.000642	0.594451
313	0.000029	0.000000	0.000000	0.000231	0.383615	0.000000	0.021595	0.000643	0.593887
314	0.000024	0.000000	0.000000	0.000214	0.384592	0.000000	0.021276	0.000631	0.593263
315	0.000027	0.000000	0.000000	0.000221	0.385232	0.000000	0.021019	0.000645	0.592856
316	0.000021	0.000000	0.000000	0.000211	0.386325	0.000000	0.020933	0.000611	0.591899
317	0.000012	0.000000	0.000000	0.000203	0.387003	0.000000	0.020842	0.000622	0.591318
318	0.000011	0.000000	0.000000	0.000205	0.387900	0.000000	0.020730	0.000620	0.590534
319	0.000012	0.000000	0.000000	0.000199	0.389090	0.000000	0.020661	0.000600	0.589438
320	0.000015	0.000000	0.000000	0.000212	0.389688	0.000000	0.020497	0.000608	0.588980
321	0.000014	0.000000	0.000000	0.000202	0.390351	0.000000	0.020591	0.000597	0.588245
322	0.000012	0.000000	0.000000	0.000172	0.391130	0.000000	0.020436	0.000606	0.587644
323	0.000008	0.000000	0.000000	0.000167	0.391885	0.000000	0.020594	0.000590	0.586756
324	0.000009	0.000000	0.000000	0.000165	0.392873	0.000000	0.020469	0.000570	0.585914
325	0.000003	0.000000	0.000000	0.000160	0.393506	0.000000	0.020282	0.000580	0.585469
326	0.000005	0.000000	0.000000	0.000172	0.394347	0.000000	0.020232	0.000565	0.584679
327	0.000007	0.000000	0.000000	0.000172	0.395104	0.000000	0.020102	0.000578	0.584037
328	0.000006	0.000000	0.000000	0.000185	0.395755	0.000000	0.019880	0.000542	0.583632
329	0.000009	0.000000	0.000000	0.000170	0.396618	0.000000	0.019594	0.000517	0.583092
330	0.000006	0.000000	0.000000	0.000193	0.397057	0.000000	0.019453	0.000543	0.582748
331	0.000005	0.000000	0.000000	0.000172	0.397838	0.000000	0.019382	0.000566	0.582037
332	0.000003	0.000000	0.000000	0.000159	0.398696	0.000000	0.019321	0.000559	0.581262
333	0.000001	0.000000	0.000000	0.000156	0.399559	0.000000	0.019185	0.000559	0.580540
334	0.000001	0.000000	0.000000	0.000164	0.400561	0.000000	0.018907	0.000547	0.579820
335	0.000000	0.000000	0.000000	0.000173	0.401250	0.000000	0.018852	0.000561	0.579164
336	0.000000	0.000000	0.000000	0.000184	0.402115	0.000000	0.018998	0.000569	0.578134
337	0.000000	0.000000	0.000000	0.000181	0.402968	0.000000	0.018887	0.000578	0.577386
338	0.000000	0.000000	0.000000	0.000170	0.403886	0.000000	0.018716	0.000580	0.576648
339	0.000000	0.000000	0.000000	0.000172	0.404736	0.000000	0.018696	0.000598	0.575798
340	0.000000	0.000000	0.000000	0.000158	0.405621	0.000000	0.018400	0.000585	0.575236
341	0.000000	0.000000	0.000000	0.000178	0.406431	0.000000	0.018256	0.000590	0.574545
342	0.000000	0.000000	0.000000	0.000157	0.407311	0.000000	0.018201	0.000554	0.573777
343	0.000000	0.000000	0.000000	0.000163	0.407928	0.000000	0.018260	0.000547	0.573102
344	0.000000	0.000000	0.000000	0.000167	0.408720	0.000000	0.018131	0.000546	0.572436
345	0.000000	0.000000	0.000000	0.000165	0.409126	0.000000	0.018031	0.000553	0.572125
346	0.000000	0.000000	0.000000	0.000163	0.409919	0.000000	0.018099	0.000568	0.571251
347	0.000000	0.000000	0.000000	0.000160	0.410668	0.000000	0.017982	0.000568	0.570622
348	0.000000	0.000000	0.000000	0.000159	0.411199	0.000000	0.018005	0.000572	0.570065
349	0.000000	0.000000	0.000000	0.000168	0.411983	0.000000	0.017920	0.000562	0.569367
350	0.000000	0.000000	0.000000	0.000170	0.412272	0.000000	0.017661	0.000571	0.569326
351	0.000000	0.000000	0.000000	0.000156	0.412930	0.000000	0.017665	0.000534	0.568715
352	0.000000	0.000000	0.000000	0.000178	0.413850	0.000000	0.017458	0.000546	0.567968
353	0.000000	0.000000	0.000000	0.000171	0.414580	0.000000	0.017322	0.000574	0.567353
354	0.000000	0.000000	0.000000	0.000161	0.415498	0.000000	0.017242	0.000583	0.566516
355	0.000000	0.000000	0.000000	0.000157	0.416443	0.000000	0.017074	0.000590	0.565736
356	0.000000	0.000000	0.000000	0.000158	0.417053	0.000000	0.016862	0.000599	0.565328
357	0.000000	0.000000	0.000000	0.000159	0.417527	0.000000	0.016897	0.000598	0.564819
358	0.000000	0.000000	0.000000	0.000160	0.418276	0.000000	0.016764	0.000579	0.564221
359	0.000000	0.000000	0.000000	0.000175	0.419034	0.000000	0.016802	0.000575	0.563414
360	0.000000	0.000000	0.000000	0.000166	0.419705	0.000000	0.016658	0.000566	0.562905
361	0.000000	0.000000	0.000000	0.000161	0.420616	0.000000	0.016429	0.000550	0.562244
362	0.000000	0.000000	0.000000	0.000158	0.421139	0.000000	0.016410	0.000536	0.561757
363	0.000000	0.000000	0.000000	0.000167	0.422021	0.000000	0.016291	0.000544	0.560977
364	0.000000	0.000000	0.000000	0.000165	0.422554	0.000000	0.016225	0.000531	0.560525
365	0.000000	0.000000	0.000000	0.000178	0.423327	0.000000	0.016044	0.000503	0.559948
366	0.000000	0.000000	0.000000	0.000179	0.424107	0.000000	0.015970	0.000477	0.559267
367	0.000000	0.000000	0.000000	0.000175	0.424361	0.000000	0.015921	0.000486	0.559057
368	0.000000	0.000000	0.000000	0.000172	0.425102	0.000000	0.015910	0.000484	0.558332
369	0.000000	0.000000	0.000000	0.000153	0.425859	0.000000	0.015779	0.000509	0.557700
370	0.000000	0.000000	0.000000	0.000155	0.426402	0.000000	0.015713	0.000507	0.557223
371	0.000000	0.000000	0.000000	0.000155	0.427281	0.000000	0.015641	0.000515	0.556408
372	0.000000	0.000000	0.000000	0.000159	0.427742	0.000000	0.015562	0.000508	0.556029
373	0.000000	0.000000	0.000000	0.000148	0.428711	0.000000	0.015456	0.000516	0.555169
374	0.000000	0.000000	0.000000	0.000142	0.429261	0.000000	0.015320	0.000522	0.554755
375	0.000000	0.000000	0.000000	0.000130	0.429962	0.000000	0.015248	0.000517	0.554143
376	0.000000	0.000000	0.000000	0.000121	0.430379	0.000000	0.014972	0.000511	0.554017
377	0.000000	0.000000	0.000000	0.000127	0.431096	0.000000	0.014771	0.000538	0.553468
378	0.000000	0.000000	0.000000	0.000123	0.432044	0.000000	0.014585	0.000532	0.552716
379	0.000000	0.000000	0.000000	0.000139	0.432683	0.000000	0.014597	0.000536	0.552045
380	0.000000	0.000000	0.000000	0.000136	0.433284	0.000000	0.014612	0.000501	0.551467
381	0.000000	0.000000	0.000000	0.000127	0.433990	0.000000	0.014506	0.000516	0.550861
382	0.000000	0.000000	0.000000	0.000128	0.434708	0.000000	0.014598	0.000506	0.550060
383	0.000000	0.000000	0.000000	0.000115	0.435563	0.000000	0.014617	0.000519	0.549186
384	0.000000	0.000000	0.000000	0.000113	0.436319	0.000000	0.014425	0.000505	0.548638
385	0.000000	0.000000	0.000000	0.000112	0.437261	0.000000	0.014454	0.000502	0.547671
386	0.000000	0.000000	0.000000	0.000123	0.437974	0.000000	0.014293	0.000494	0.547116
387	0.000000	0.000000	0.000000	0.000113	0.438499	0.000000	0.014007	0.000500	0.546881
388	0.000000	0.000000	0.000000	0.000121	0.439385	0.000000	0.013978	0.000467	0.546049
389	0.000000	0.000000	0.000000	0.000116	0.439880	0.000000	0.013919	0.000474	0.545611
390	0.000000	0.000000	0.000000	0.000115	0.440570	0.000000	0.013739	0.000459	0.545117
391	0.000000	0.000000	0.000000	0.000120	0.441068	0.000000	0.013670	0.000434	0.544708
392	0.000000	0.000000	0.000000	0.000121	0.442008	0.000000	0.013572	0.000417	0.543882
393	0.000000	0.000000	0.000000	0.000122	0.442520	0.000000	0.013493	0.000420	0.543445
394	0.000000	0.000000	0.000000	0.000121	0.443302	0.000000	0.013410	0.000409	0.542758
395	0.000000	0.000000	0.000000	0.000115	0.444056	0.000000	0.013434	0.000396	0.541999
396	0.000000	0.000000	0.000000	0.000121	0.445085	0.000000	0.013437	0.000388	0.540969
397	0.000000	0.000000	0.000000	0.000116	0.445832	0.000000	0.013441	0.000353	0.540258
398	0.000000	0.000000	0.000000	0.000127	0.446681	0.000000	0.013401	0.000339	0.539452
399	0.000000	0.000000	0.000000	0.000125	0.447254	0.000000	0.013305	0.000349	0.538967
400	0.000000	0.000000	0.000000	0.000123	0.448051	0.000000	0.013368	0.000350	0.538108
401	0.000000	0.000000	0.000000	0.000111	0.448630	0.000000	0.013135	0.000344	0.537780
402	0.000000	0.000000	0.000000	0.000120	0.448960	0.000000	0.013220	0.000359	0.537341
403	0.000000	0.000000	0.000000	0.000123	0.449876	0.000000	0.013068	0.000368	0.536565
404	0.000000	0.000000	0.000000	0.000112	0.450502	0.000000	0.012967	0.000386	0.536033
405	0.000000	0.000000	0.000000	0.000110	0.451030	0.000000	0.012940	0.000380	0.535540
406	0.000000	0.000000	0.000000	0.000112	0.451795	0.000000	0.012935	0.000365	0.534793
407	0.000000	0.000000	0.000000	0.000097	0.452504	0.000000	0.012855	0.000339	0.534205
408	0.000000	0.000000	0.000000	0.000115	0.453374	0.000000	0.012842	0.000351	0.533318
409	0.000000	0.000000	0.000000	0.000125	0.454074	0.000000	0.012702	0.000357	0.532742
410	0.000000	0.000000	0.000000	0.000126	0.454694	0.000000	0.012556	0.000353	0.532271
411	0.000000	0.000000	0.000000	0.000132	0.455608	0.000000	0.012577	0.000355	0.531328
412	0.000000	0.000000	0.000000	0.000120	0.456243	0.000000	0.012554	0.000347	0.530736
413	0.000000	0.000000	0.000000	0.000128	0.456896	0.000000	0.012583	0.000335	0.530058
414	0.000000	0.000000	0.000000	0.000134	0.457628	0.000000	0.012486	0.000318	0.529434
415	0.000000	0.000000	0.000000	0.000138	0.458109	0.000000	0.012508	0.000313	0.528932
416	0.000000	0.000000	0.000000	0.000136	0.458936	0.000000	0.012429	0.000269	0.528230
417	0.000000	0.000000	0.000000	0.000138	0.459525	0.000000	0.012427	0.000254	0.527656
418	0.000000	0.000000	0.000000	0.000137	0.460364	0.000000	0.012317	0.000245	0.526937
419	0.000000	0.000000	0.000000	0.000119	0.461131	0.000000	0.012361	0.000231	0.526158
420	0.000000	0.000000	0.000000	0.000118	0.461729	0.000000	0.012270	0.000238	0.525645
421	0.000000	0.000000	0.000000	0.000127	0.462408	0.000000	0.012300	0.000238	0.524927
422	0.000000	0.000000	0.000000	0.000121	0.463087	0.000000	0.012208	0.000245	0.524339
423	0.000000	0.000000	0.000000	0.000122	0.463650	0.000000	0.012202	0.000240	0.523786
424	0.000000	0.000000	0.000000	0.000125	0.464370	0.000000	0.012124	0.000249	0.523132
425	0.000000	0.000000	0.000000	0.000132	0.464888	0.000000	0.012029	0.000239	0.522712
426	0.000000	0.000000	0.000000	0.000133	0.465642	0.000000	0.011995	0.000232	0.521998
427	0.000000	0.000000	0.000000	0.000146	0.466400	0.000000	0.011923	0.000235	0.521296
428	0.000000	0.000000	0.000000	0.000132	0.467022	0.000000	0.011828	0.000223	0.520795
429	0.000000	0.000000	0.000000	0.000134	0.467766	0.000000	0.011713	0.000227	0.520160
430	0.000000	0.000000	0.000000	0.000138	0.468750	0.000000	0.011747	0.000215	0.519150
431	0.000000	0.000000	0.000000	0.000133	0.469680	0.000000	0.011713	0.000232	0.518242
432	0.000000	0.000000	0.000000	0.000118	0.470461	0.000000	0.011602	0.000230	0.517589
433	0.000000	0.000000	0.000000	0.000130	0.471166	0.000000	0.011449	0.000226	0.517029
434	0.000000	0.000000	0.000000	0.000120	0.471972	0.000000	0.011441	0.000230	0.516237
435	0.000000	0.000000	0.000000	0.000129	0.472498	0.000000	0.011413	0.000235	0.515725
436	0.000000	0.000000	0.000000	0.000137	0.472952	0.000000	0.011239	0.000244	0.515428
437	0.000000	0.000000	0.000000	0.000147	0.473172	0.000000	0.011242	0.000243	0.515196
438	0.000000	0.000000	0.000000	0.000141	0.473903	0.000000	0.011127	0.000258	0.514571
439	0.000000	0.000000	0.000000	0.000125	0.474325	0.000000	0.011171	0.000253	0.514126
440	0.000000	0.000000	0.000000	0.000120	0.474863	0.000000	0.011173	0.000262	0.513582
441	0.000000	0.000000	0.000000	0.000119	0.475829	0.000000	0.011247	0.000275	0.512530
442	0.000000	0.000000	0.000000	0.000117	0.476366	0.000000	0.011147	0.000281	0.512089
443	0.000000	0.000000	0.000000	0.000129	0.476922	0.000000	0.010997	0.000277	0.511675
444	0.000000	0.000000	0.000000	0.000120	0.477392	0.000000	0.010861	0.000259	0.511368
445	0.000000	0.000000	0.000000	0.000134	0.477963	0.000000	0.010800	0.000264	0.510839
446	0.000000	0.000000	0.000000	0.000132	0.478946	0.000000	0.010785	0.000268	0.509869
447	0.000000	0.000000	0.000000	0.000105	0.479923	0.000000	0.010716	0.000270	0.508986
448	0.000000	0.000000	0.000000	0.000103	0.480596	0.000000	0.010732	0.000266	0.508303
449	0.000000	0.000000	0.000000	0.000115	0.481168	0.000000	0.010657	0.000266	0.507794
450	0.000000	0.000000	0.000000	0.000115	0.482082	0.000000	0.010597	0.000267	0.506939
451	0.000000	0.000000	0.000000	0.000117	0.482551	0.000000	0.010494	0.000268	0.506570
452	0.000000	0.000000	0.000000	0.000112	0.483160	0.000000	0.010480	0.000287	0.505961
453	0.000000	0.000000	0.000000	0.000121	0.483818	0.000000	0.010400	0.000269	0.505392
454	0.000000	0.000000	0.000000	0.000127	0.484572	0.000000	0.010291	0.000263	0.504747
455	0.000000	0.000000	0.000000	0.000118	0.485499	0.000000	0.010143	0.000256	0.503984
456	0.000000	0.000000	0.000000	0.000125	0.486268	0.000000	0.009984	0.000245	0.503378
457	0.000000	0.000000	0.000000	0.000131	0.487012	0.000000	0.009974	0.000248	0.502635
458	0.000000	0.000000	0.000000	0.000135	0.487879	0.000000	0.010026	0.000229	0.501731
459	0.000000	0.000000	0.000000	0.000141	0.488611	0.000000	0.009965	0.000235	0.501048
460	0.000000	0.000000	0.000000	0.000135	0.489147	0.000000	0.009899	0.000230	0.500589
461	0.000000	0.000000	0.000000	0.000131	0.489900	0.000000	0.009906	0.000229	0.499834
462	0.000000	0.000000	0.000000	0.000145	0.490892	0.000000	0.009769	0.000212	0.498982
463	0.000000	0.000000	0.000000	0.000131	0.491913	0.000000	0.009741	0.000230	0.497985
464	0.000000	0.000000	0.000000	0.000136	0.492682	0.000000	0.009674	0.000226	0.497282
465	0.000000	0.000000	0.000000	0.000129	0.493083	0.000000	0.009725	0.000232	0.496831
466	0.000000	0.000000	0.000000	0.000132	0.493761	0.000000	0.009719	0.000237	0.496151
467	0.000000	0.000000	0.000000	0.000127	0.494285	0.000000	0.009663	0.000237	0.495688
468	0.000000	0.000000	0.000000	0.000133	0.494858	0.000000	0.009547	0.000228	0.495234
469	0.000000	0.000000	0.000000	0.000128	0.495556	0.000000	0.009449	0.000231	0.494636
470	0.000000	0.000000	0.000000	0.000132	0.496281	0.000000	0.009301	0.000231	0.494055
