0	0.290663	0.057897	0.229473	0.157588	0.029913	0.111872	0.085455	0.012259	0.024880
1	0.234136	0.048366	0.201589	0.139644	0.028697	0.120441	0.116172	0.022308	0.088647
2	0.235967	0.048335	0.202032	0.134650	0.029246	0.116921	0.113847	0.022073	0.096929
3	0.243872	0.048574	0.205195	0.130621	0.030091	0.111846	0.109419	0.020678	0.099704
4	0.252393	0.048699	0.207961	0.126330	0.031756	0.106364	0.104859	0.019371	0.102267
5	0.262409	0.048789	0.211206	0.121797	0.033046	0.100771	0.099672	0.017782	0.104528
6	0.271673	0.048847	0.212898	0.117673	0.034385	0.096014	0.095204	0.016668	0.106638
7	0.281171	0.048998	0.214494	0.114408	0.035958	0.091053	0.090141	0.015339	0.108438
8	0.291148	0.048896	0.215586	0.110722	0.037664	0.086330	0.085418	0.014114	0.110122
9	0.301142	0.048392	0.217081	0.106672	0.039541	0.082089	0.080122	0.013263	0.111698
10	0.310771	0.047967	0.217823	0.103163	0.041338	0.077326	0.076628	0.012285	0.112699
11	0.319179	0.047540	0.218970	0.099575	0.043127	0.073682	0.072131	0.011413	0.114383
12	0.328460	0.047361	0.219455	0.096024	0.045094	0.069245	0.067980	0.010701	0.115680
13	0.337344	0.046849	0.219476	0.092704	0.047078	0.065085	0.064394	0.010027	0.117043
14	0.345813	0.046436	0.219266	0.089547	0.049472	0.061602	0.060731	0.009287	0.117846
15	0.354304	0.045772	0.219451	0.086187	0.051471	0.057983	0.057406	0.008655	0.118771
16	0.362354	0.045265	0.218661	0.083472	0.053710	0.054557	0.054465	0.008026	0.119490
17	0.370215	0.044744	0.218161	0.080129	0.055918	0.051626	0.051675	0.007518	0.120014
18	0.377269	0.044536	0.217276	0.077289	0.058264	0.048610	0.048583	0.006848	0.121325
19	0.385630	0.043650	0.215792	0.074306	0.060846	0.046107	0.045385	0.006351	0.121933
20	0.392859	0.042901	0.214268	0.071562	0.063757	0.043592	0.042785	0.005880	0.122396
21	0.399268	0.042374	0.213200	0.068388	0.066561	0.041372	0.040270	0.005471	0.123096
22	0.405898	0.041829	0.211500	0.066218	0.069430	0.038979	0.038098	0.005059	0.122989
23	0.412239	0.041096	0.210322	0.063313	0.072719	0.036768	0.035647	0.004741	0.123155
24	0.418748	0.040275	0.208406	0.060833	0.076118	0.034893	0.033348	0.004376	0.123003
25	0.424246	0.039669	0.206790	0.058737	0.079481	0.032974	0.031176	0.004109	0.122818
26	0.429991	0.039015	0.204751	0.056174	0.083074	0.031043	0.029424	0.003821	0.122707
27	0.434637	0.038080	0.203004	0.054386	0.087071	0.029446	0.027676	0.003521	0.122179
28	0.439414	0.037062	0.201150	0.052490	0.090848	0.028043	0.025860	0.003228	0.121905
29	0.444739	0.036274	0.198357	0.050814	0.094606	0.026701	0.024175	0.003112	0.121222
30	0.449187	0.035384	0.196109	0.049035	0.098463	0.025283	0.022845	0.002803	0.120891
31	0.452291	0.034809	0.193887	0.047667	0.102749	0.024096	0.021449	0.002672	0.120380
32	0.456583	0.033843	0.191600	0.046157	0.106989	0.022715	0.020027	0.002448	0.119638
33	0.459466	0.033339	0.189532	0.044758	0.111230	0.021626	0.019007	0.002269	0.118773
34	0.462606	0.032762	0.186992	0.043308	0.115911	0.020649	0.017675	0.002167	0.117930
35	0.465853	0.032009	0.183939	0.041989	0.121032	0.019738	0.016647	0.002020	0.116773
36	0.468762	0.031195	0.181311	0.040931	0.125497	0.018742	0.015584	0.001850	0.116128
37	0.471358	0.030629	0.178791	0.039460	0.130737	0.017660	0.014689	0.001666	0.115010
38	0.473502	0.030020	0.176491	0.038545	0.135408	0.016915	0.013744	0.001534	0.113841
39	0.475527	0.029447	0.174184	0.037281	0.140716	0.016118	0.012915	0.001427	0.112385
40	0.477441	0.029036	0.171638	0.036017	0.145999	0.015265	0.012061	0.001295	0.111248
41	0.478429	0.028331	0.168526	0.035419	0.152020	0.014814	0.011412	0.001201	0.109848
42	0.479332	0.027665	0.166149	0.034396	0.157680	0.014180	0.010572	0.001099	0.108927
43	0.480498	0.027108	0.163535	0.033445	0.163727	0.013537	0.009866	0.000966	0.107318
44	0.481204	0.026430	0.161253	0.032622	0.169479	0.013095	0.009176	0.000944	0.105797
45	0.480909	0.025786	0.159122	0.031893	0.175673	0.012710	0.008541	0.000903	0.104463
46	0.481842	0.025180	0.155822	0.031149	0.181920	0.012363	0.007919	0.000862	0.102943
47	0.480503	0.024506	0.153992	0.030662	0.188743	0.011895	0.007307	0.000792	0.101600
48	0.479717	0.024054	0.151604	0.030101	0.195362	0.011535	0.006940	0.000727	0.099960
49	0.479949	0.023501	0.148647	0.029332	0.202209	0.011249	0.006525	0.000645	0.097943
50	0.478983	0.023079	0.146477	0.028809	0.209078	0.010899	0.005904	0.000606	0.096165
51	0.478159	0.022519	0.143732	0.028564	0.216154	0.010628	0.005560	0.000537	0.094147
52	0.477117	0.022001	0.140891	0.028366	0.223459	0.010312	0.005046	0.000506	0.092302
53	0.475925	0.021464	0.138327	0.027895	0.230932	0.009971	0.004778	0.000458	0.090250
54	0.474315	0.020888	0.135427	0.027554	0.238818	0.009565	0.004420	0.000364	0.088649
55	0.472849	0.020277	0.132953	0.027122	0.246429	0.009394	0.004096	0.000338	0.086542
56	0.470492	0.019681	0.130349	0.026946	0.254667	0.009163	0.003751	0.000315	0.084636
57	0.468434	0.019118	0.127968	0.026619	0.262267	0.008981	0.003470	0.000308	0.082835
58	0.466004	0.018618	0.125269	0.026103	0.270535	0.008802	0.003220	0.000277	0.081172
59	0.463523	0.018097	0.122884	0.025626	0.278960	0.008582	0.003005	0.000248	0.079075
60	0.461073	0.017534	0.120557	0.025466	0.287555	0.008358	0.002701	0.000222	0.076534
61	0.457685	0.016977	0.117895	0.025269	0.296971	0.008200	0.002468	0.000214	0.074321
62	0.455008	0.016405	0.115319	0.024787	0.305595	0.008075	0.002324	0.000187	0.072300
63	0.451443	0.015778	0.112491	0.024592	0.314847	0.007928	0.002140	0.000169	0.070612
64	0.447553	0.015357	0.110285	0.024565	0.323626	0.007800	0.001950	0.000151	0.068713
65	0.443291	0.015087	0.108706	0.024210	0.332471	0.007666	0.001820	0.000129	0.066620
66	0.439410	0.014758	0.105588	0.023940	0.342453	0.007552	0.001600	0.000136	0.064563
67	0.435665	0.014428	0.103231	0.023646	0.351329	0.007399	0.001469	0.000126	0.062707
68	0.431450	0.013874	0.100970	0.023603	0.360651	0.007302	0.001352	0.000118	0.060680
69	0.427109	0.013484	0.098660	0.023607	0.369922	0.007143	0.001277	0.000108	0.058690
70	0.421963	0.013172	0.096687	0.023452	0.379724	0.007044	0.001169	0.000099	0.056690
71	0.417782	0.012648	0.094072	0.023221	0.389749	0.006877	0.001114	0.000101	0.054436
72	0.412236	0.012406	0.091923	0.022911	0.399950	0.006816	0.001029	0.000081	0.052648
73	0.407504	0.011914	0.089709	0.022774	0.409601	0.006735	0.000891	0.000069	0.050803
74	0.402188	0.011635	0.087790	0.022788	0.419254	0.006621	0.000841	0.000063	0.048820
75	0.396638	0.011121	0.085862	0.022721	0.429181	0.006520	0.000737	0.000056	0.047164
76	0.391029	0.010823	0.083678	0.022790	0.439219	0.006337	0.000673	0.000041	0.045410
77	0.385936	0.010415	0.081572	0.022584	0.448972	0.006212	0.000598	0.000044	0.043667
78	0.380271	0.009969	0.079480	0.022387	0.459172	0.006236	0.000542	0.000037	0.041906
79	0.375071	0.009614	0.077551	0.022288	0.468657	0.006200	0.000477	0.000042	0.040100
80	0.369473	0.009432	0.075528	0.022251	0.478227	0.006122	0.000391	0.000040	0.038536
81	0.363191	0.009079	0.073789	0.022298	0.488088	0.006117	0.000360	0.000032	0.037046
82	0.357462	0.008696	0.071828	0.022278	0.497778	0.006049	0.000344	0.000035	0.035530
83	0.351799	0.008251	0.069830	0.022236	0.507545	0.005906	0.000319	0.000027	0.034087
84	0.345333	0.008001	0.068126	0.022177	0.517734	0.005755	0.000309	0.000022	0.032543
85	0.339226	0.007724	0.066113	0.022150	0.527647	0.005757	0.000279	0.000016	0.031088
86	0.333023	0.007484	0.064218	0.022192	0.537386	0.005686	0.000254	0.000013	0.029744
87	0.326761	0.007269	0.062139	0.022306	0.547244	0.005636	0.000211	0.000013	0.028421
88	0.320511	0.006928	0.060665	0.022365	0.556930	0.005652	0.000196	0.000010	0.026743
89	0.314051	0.006635	0.058976	0.022139	0.566898	0.005571	0.000196	0.000009	0.025525
90	0.307585	0.006336	0.057133	0.022162	0.576592	0.005598	0.000174	0.000008	0.024412
91	0.301356	0.006076	0.055290	0.022138	0.586101	0.005589	0.000144	0.000011	0.023295
92	0.295361	0.005933	0.053956	0.022072	0.595015	0.005515	0.000144	0.000007	0.021997
93	0.289288	0.005658	0.052346	0.022128	0.604133	0.005445	0.000126	0.000004	0.020872
94	0.282670	0.005450	0.050714	0.022020	0.613524	0.005544	0.000126	0.000002	0.019950
95	0.276320	0.005167	0.049098	0.021999	0.622850	0.005483	0.000117	0.000000	0.018966
96	0.269841	0.005063	0.047661	0.022102	0.631644	0.005538	0.000107	0.000000	0.018044
97	0.263516	0.004912	0.046177	0.021916	0.640647	0.005485	0.000096	0.000000	0.017251
98	0.257584	0.004559	0.044896	0.021896	0.649240	0.005406	0.000082	0.000000	0.016337
99	0.251142	0.004345	0.043348	0.021939	0.658317	0.005391	0.000091	0.000000	0.015427
100	0.244855	0.004198	0.042062	0.021909	0.666815	0.005328	0.000065	0.000000	0.014768
101	0.238940	0.004085	0.040984	0.021585	0.675102	0.005274	0.000061	0.000000	0.013969
102	0.232743	0.003972	0.039749	0.021504	0.683392	0.005331	0.000053	0.000000	0.013256
103	0.226483	0.003664	0.038483	0.021543	0.691801	0.005276	0.000048	0.000000	0.012702
104	0.220574	0.003517	0.037189	0.021654	0.699717	0.005302	0.000042	0.000000	0.012005
105	0.214786	0.003393	0.035957	0.021663	0.707632	0.005256	0.000043	0.000000	0.011270
106	0.208892	0.003206	0.034736	0.021799	0.715299	0.005205	0.000044	0.000000	0.010819
107	0.203160	0.003050	0.033515	0.021696	0.723079	0.005256	0.000046	0.000000	0.010198
108	0.197678	0.002914	0.032286	0.021667	0.730542	0.005276	0.000034	0.000000	0.009603
109	0.192473	0.002819	0.031192	0.021557	0.737564	0.005299	0.000028	0.000000	0.009068
110	0.187268	0.002674	0.029872	0.021676	0.744733	0.005219	0.000029	0.000000	0.008529
111	0.181704	0.002601	0.028714	0.021739	0.751953	0.005158	0.000021	0.000000	0.008110
112	0.176340	0.002426	0.027919	0.021795	0.758602	0.005197	0.000033	0.000000	0.007688
113	0.171001	0.002380	0.026860	0.021744	0.765411	0.005296	0.000031	0.000000	0.007277
114	0.165620	0.002252	0.026024	0.021746	0.772189	0.005321	0.000016	0.000000	0.006832
115	0.160411	0.002245	0.025236	0.021843	0.778696	0.005200	0.000019	0.000000	0.006350
116	0.155526	0.002147	0.024290	0.021692	0.785223	0.005200	0.000013	0.000000	0.005909
117	0.150545	0.002058	0.023424	0.021760	0.791471	0.005198	0.000012	0.000000	0.005532
118	0.145882	0.001935	0.022601	0.021787	0.797485	0.005132	0.000016	0.000000	0.005162
119	0.141171	0.001838	0.021580	0.021788	0.803659	0.005101	0.000012	0.000000	0.004851
120	0.136587	0.001761	0.020438	0.022034	0.809454	0.005180	0.000012	0.000000	0.004534
121	0.132165	0.001661	0.019705	0.021994	0.815131	0.005087	0.000015	0.000000	0.004242
122	0.128039	0.001569	0.018735	0.022166	0.820420	0.005182	0.000011	0.000000	0.003878
123	0.123779	0.001493	0.017988	0.022089	0.825690	0.005272	0.000010	0.000000	0.003679
124	0.119407	0.001395	0.017252	0.022007	0.831180	0.005300	0.000005	0.000000	0.003454
125	0.114963	0.001298	0.016578	0.021897	0.836888	0.005233	0.000003	0.000000	0.003140
126	0.110827	0.001225	0.015857	0.022049	0.841938	0.005166	0.000000	0.000000	0.002938
127	0.106870	0.001148	0.015248	0.022083	0.846822	0.005156	0.000001	0.000000	0.002672
128	0.102919	0.001092	0.014659	0.022088	0.851480	0.005268	0.000000	0.000000	0.002494
129	0.099316	0.000987	0.013916	0.021937	0.856260	0.005339	0.000000	0.000000	0.002245
130	0.095376	0.000947	0.013330	0.021948	0.860942	0.005337	0.000000	0.000000	0.002120
131	0.091654	0.000873	0.012865	0.021834	0.865469	0.005337	0.000000	0.000000	0.001968
132	0.087921	0.000794	0.012254	0.021890	0.870118	0.005238	0.000000	0.000000	0.001785
133	0.084773	0.000728	0.011742	0.021782	0.873995	0.005320	0.000000	0.000000	0.001660
134	0.081144	0.000653	0.011083	0.021866	0.878380	0.005382	0.000000	0.000000	0.001492
135	0.077897	0.000623	0.010656	0.021729	0.882344	0.005351	0.000000	0.000000	0.001400
136	0.074556	0.000601	0.010221	0.021694	0.886187	0.005454	0.000000	0.000000	0.001287
137	0.071710	0.000556	0.009819	0.021721	0.889608	0.005388	0.000000	0.000000	0.001198
138	0.068451	0.000543	0.009349	0.021816	0.893309	0.005468	0.000000	0.000000	0.001064
139	0.065687	0.000493	0.008899	0.021806	0.896666	0.005502	0.000000	0.000000	0.000947
140	0.062597	0.000445	0.008525	0.021862	0.900273	0.005470	0.000000	0.000000	0.000828
141	0.059881	0.000411	0.008043	0.021887	0.903474	0.005521	0.000000	0.000000	0.000783
142	0.057389	0.000374	0.007628	0.022047	0.906426	0.005454	0.000000	0.000000	0.000682
143	0.054668	0.000338	0.007364	0.021927	0.909674	0.005426	0.000000	0.000000	0.000603
144	0.052199	0.000292	0.007105	0.021725	0.912647	0.005485	0.000000	0.000000	0.000547
145	0.049835	0.000245	0.006806	0.021872	0.915273	0.005461	0.000000	0.000000	0.000508
146	0.047485	0.000230	0.006475	0.021902	0.918092	0.005351	0.000000	0.000000	0.000465
147	0.045421	0.000183	0.006153	0.021909	0.920618	0.005320	0.000000	0.000000	0.000396
148	0.043532	0.000168	0.005676	0.021965	0.922900	0.005388	0.000000	0.000000	0.000371
149	0.041353	0.000171	0.005486	0.022048	0.925211	0.005379	0.000000	0.000000	0.000352
150	0.039443	0.000140	0.005148	0.021873	0.927767	0.005310	0.000000	0.000000	0.000319
151	0.037440	0.000142	0.004820	0.021959	0.929999	0.005370	0.000000	0.000000	0.000270
152	0.035571	0.000150	0.004550	0.021974	0.932137	0.005358	0.000000	0.000000	0.000260
153	0.033751	0.000138	0.004342	0.021887	0.934252	0.005384	0.000000	0.000000	0.000246
154	0.032136	0.000139	0.004160	0.021925	0.936009	0.005399	0.000000	0.000000	0.000232
155	0.030345	0.000128	0.003938	0.021960	0.938009	0.005424	0.000000	0.000000	0.000196
156	0.028546	0.000119	0.003833	0.021960	0.939888	0.005461	0.000000	0.000000	0.000193
157	0.027132	0.000113	0.003618	0.021859	0.941636	0.005482	0.000000	0.000000	0.000160
158	0.025694	0.000103	0.003463	0.021922	0.943057	0.005610	0.000000	0.000000	0.000151
159	0.024250	0.000082	0.003246	0.021936	0.944905	0.005461	0.000000	0.000000	0.000120
160	0.022959	0.000074	0.003125	0.021773	0.946461	0.005493	0.000000	0.000000	0.000115
161	0.021598	0.000058	0.002958	0.021809	0.947860	0.005614	0.000000	0.000000	0.000103
162	0.020306	0.000060	0.002811	0.021675	0.949485	0.005585	0.000000	0.000000	0.000078
163	0.019080	0.000052	0.002608	0.021738	0.951022	0.005446	0.000000	0.000000	0.000054
164	0.018060	0.000049	0.002493	0.021678	0.952152	0.005514	0.000000	0.000000	0.000054
165	0.017132	0.000045	0.002371	0.021745	0.953076	0.005579	0.000000	0.000000	0.000052
166	0.016094	0.000044	0.002244	0.021597	0.954422	0.005552	0.000000	0.000000	0.000047
167	0.015145	0.000045	0.002160	0.021693	0.955374	0.005547	0.000000	0.000000	0.000036
168	0.014398	0.000043	0.002112	0.021761	0.956135	0.005525	0.000000	0.000000	0.000026
169	0.013539	0.000030	0.001962	0.021891	0.957055	0.005497	0.000000	0.000000	0.000026
170	0.012677	0.000033	0.001809	0.021862	0.958096	0.005502	0.000000	0.000000	0.000021
171	0.011954	0.000021	0.001708	0.021947	0.958901	0.005452	0.000000	0.000000	0.000017
172	0.011347	0.000018	0.001610	0.022021	0.959488	0.005503	0.000000	0.000000	0.000013
173	0.010613	0.000015	0.001539	0.021834	0.960530	0.005459	0.000000	0.000000	0.000010
174	0.009973	0.000021	0.001435	0.021726	0.961277	0.005561	0.000000	0.000000	0.000007
175	0.009477	0.000013	0.001334	0.021598	0.962042	0.005532	0.000000	0.000000	0.000004
176	0.008892	0.000011	0.001258	0.021593	0.962628	0.005617	0.000000	0.000000	0.000001
177	0.008306	0.000011	0.001179	0.021483	0.963506	0.005512	0.000000	0.000000	0.000003
178	0.007787	0.000007	0.001072	0.021667	0.963865	0.005598	0.000000	0.000000	0.000004
179	0.007283	0.000007	0.000987	0.021643	0.964611	0.005469	0.000000	0.000000	0.000000
180	0.006719	0.000006	0.000991	0.021731	0.965100	0.005453	0.000000	0.000000	0.000000
181	0.006274	0.000008	0.000922	0.021767	0.965547	0.005482	0.000000	0.000000	0.000000
182	0.005793	0.000004	0.000862	0.021959	0.965982	0.005400	0.000000	0.000000	0.000000
183	0.005449	0.000004	0.000820	0.021913	0.966409	0.005405	0.000000	0.000000	0.000000
184	0.005002	0.000004	0.000744	0.021829	0.967035	0.005386	0.000000	0.000000	0.000000
185	0.004619	0.000001	0.000714	0.021721	0.967551	0.005394	0.000000	0.000000	0.000000
186	0.004327	0.000000	0.000665	0.021674	0.967833	0.005501	0.000000	0.000000	0.000000
187	0.003979	0.000000	0.000593	0.021775	0.968171	0.005482	0.000000	0.000000	0.000000
188	0.003705	0.000000	0.000538	0.021571	0.968659	0.005527	0.000000	0.000000	0.000000
189	0.003409	0.000000	0.000472	0.021771	0.968825	0.005523	0.000000	0.000000	0.000000
190	0.003105	0.000000	0.000455	0.021544	0.969411	0.005485	0.000000	0.000000	0.000000
191	0.002972	0.000000	0.000428	0.021346	0.969802	0.005452	0.000000	0.000000	0.000000
192	0.002840	0.000000	0.000366	0.021473	0.969822	0.005499	0.000000	0.000000	0.000000
193	0.002666	0.000000	0.000355	0.021382	0.969981	0.005616	0.000000	0.000000	0.000000
194	0.002469	0.000000	0.000355	0.021550	0.970050	0.005576	0.000000	0.000000	0.000000
195	0.002302	0.000000	0.000329	0.021798	0.969980	0.005591	0.000000	0.000000	0.000000
196	0.002111	0.000000	0.000347	0.021872	0.970152	0.005518	0.000000	0.000000	0.000000
197	0.001940	0.000000	0.000312	0.021811	0.970350	0.005587	0.000000	0.000000	0.000000
198	0.001781	0.000000	0.000284	0.021739	0.970710	0.005486	0.000000	0.000000	0.000000
199	0.001683	0.000000	0.000261	0.021727	0.970784	0.005545	0.000000	0.000000	0.000000
200	0.001601	0.000000	0.000250	0.021609	0.970975	0.005565	0.000000	0.000000	0.000000
201	0.001509	0.000000	0.000239	0.021671	0.971008	0.005573	0.000000	0.000000	0.000000
202	0.001403	0.000000	0.000246	0.021670	0.971109	0.005572	0.000000	0.000000	0.000000
203	0.001276	0.000000	0.000240	0.021575	0.971406	0.005503	0.000000	0.000000	0.000000
204	0.001165	0.000000	0.000225	0.021633	0.971389	0.005588	0.000000	0.000000	0.000000
205	0.001079	0.000000	0.000207	0.021620	0.971620	0.005474	0.000000	0.000000	0.000000
206	0.001034	0.000000	0.000205	0.021374	0.971970	0.005417	0.000000	0.000000	0.000000
207	0.000957	0.000000	0.000190	0.021344	0.972096	0.005413	0.000000	0.000000	0.000000
208	0.000889	0.000000	0.000181	0.021332	0.972157	0.005441	0.000000	0.000000	0.000000
209	0.000804	0.000000	0.000182	0.021490	0.972068	0.005456	0.000000	0.000000	0.000000
210	0.000728	0.000000	0.000178	0.021513	0.972154	0.005427	0.000000	0.000000	0.000000
211	0.000647	0.000000	0.000167	0.021463	0.972117	0.005606	0.000000	0.000000	0.000000
212	0.000615	0.000000	0.000144	0.021316	0.972470	0.005455	0.000000	0.000000	0.000000
213	0.000596	0.000000	0.000131	0.021265	0.972529	0.005479	0.000000	0.000000	0.000000
214	0.000550	0.000000	0.000115	0.021319	0.972570	0.005446	0.000000	0.000000	0.000000
215	0.000528	0.000000	0.000107	0.021434	0.972479	0.005452	0.000000	0.000000	0.000000
216	0.000481	0.000000	0.000111	0.021593	0.972420	0.005395	0.000000	0.000000	0.000000
217	0.000464	0.000000	0.000092	0.021500	0.972495	0.005449	0.000000	0.000000	0.000000
218	0.000457	0.000000	0.000079	0.021444	0.972595	0.005425	0.000000	0.000000	0.000000
219	0.000430	0.000000	0.000070	0.021377	0.972721	0.005402	0.000000	0.000000	0.000000
220	0.000407	0.000000	0.000069	0.021419	0.972741	0.005364	0.000000	0.000000	0.000000
221	0.000396	0.000000	0.000070	0.021496	0.972768	0.005270	0.000000	0.000000	0.000000
222	0.000390	0.000000	0.000067	0.021466	0.972759	0.005318	0.000000	0.000000	0.000000
223	0.000387	0.000000	0.000058	0.021511	0.972646	0.005398	0.000000	0.000000	0.000000
224	0.000355	0.000000	0.000057	0.021366	0.972844	0.005378	0.000000	0.000000	0.000000
225	0.000331	0.000000	0.000058	0.021395	0.972808	0.005408	0.000000	0.000000	0.000000
226	0.000304	0.000000	0.000059	0.021430	0.972781	0.005426	0.000000	0.000000	0.000000
227	0.000284	0.000000	0.000065	0.021499	0.972579	0.005573	0.000000	0.000000	0.000000
228	0.000255	0.000000	0.000067	0.021520	0.972548	0.005610	0.000000	0.000000	0.000000
229	0.000253	0.000000	0.000062	0.021583	0.972531	0.005571	0.000000	0.000000	0.000000
230	0.000247	0.000000	0.000057	0.021753	0.972511	0.005432	0.000000	0.000000	0.000000
231	0.000227	0.000000	0.000062	0.021759	0.972475	0.005477	0.000000	0.000000	0.000000
232	0.000225	0.000000	0.000061	0.021872	0.972373	0.005469	0.000000	0.000000	0.000000
233	0.000212	0.000000	0.000052	0.021830	0.972444	0.005462	0.000000	0.000000	0.000000
234	0.000191	0.000000	0.000054	0.021943	0.972377	0.005435	0.000000	0.000000	0.000000
235	0.000188	0.000000	0.000041	0.021826	0.972430	0.005515	0.000000	0.000000	0.000000
236	0.000167	0.000000	0.000037	0.021846	0.972434	0.005516	0.000000	0.000000	0.000000
237	0.000148	0.000000	0.000047	0.021808	0.972518	0.005479	0.000000	0.000000	0.000000
238	0.000144	0.000000	0.000047	0.021884	0.972515	0.005410	0.000000	0.000000	0.000000
239	0.000155	0.000000	0.000048	0.021894	0.972456	0.005447	0.000000	0.000000	0.000000
240	0.000164	0.000000	0.000040	0.021888	0.972530	0.005378	0.000000	0.000000	0.000000
241	0.000146	0.000000	0.000045	0.021689	0.972794	0.005326	0.000000	0.000000	0.000000
242	0.000124	0.000000	0.000041	0.021505	0.972924	0.005406	0.000000	0.000000	0.000000
243	0.000125	0.000000	0.000034	0.021285	0.973197	0.005359	0.000000	0.000000	0.000000
244	0.000126	0.000000	0.000026	0.021296	0.973141	0.005411	0.000000	0.000000	0.000000
245	0.000129	0.000000	0.000024	0.021344	0.973113	0.005390	0.000000	0.000000	0.000000
246	0.000111	0.000000	0.000020	0.021460	0.972882	0.005527	0.000000	0.000000	0.000000
247	0.000099	0.000000	0.000018	0.021364	0.973003	0.005516	0.000000	0.000000	0.000000
248	0.000089	0.000000	0.000025	0.021342	0.973030	0.005514	0.000000	0.000000	0.000000
249	0.000082	0.000000	0.000027	0.021411	0.973083	0.005397	0.000000	0.000000	0.000000
250	0.000079	0.000000	0.000018	0.021352	0.973061	0.005490	0.000000	0.000000	0.000000
251	0.000089	0.000000	0.000011	0.021252	0.973201	0.005447	0.000000	0.000000	0.000000
252	0.000079	0.000000	0.000013	0.021212	0.973243	0.005453	0.000000	0.000000	0.000000
253	0.000080	0.000000	0.000007	0.021323	0.973066	0.005524	0.000000	0.000000	0.000000
254	0.000078	0.000000	0.000005	0.021297	0.973116	0.005504	0.000000	0.000000	0.000000
255	0.000062	0.000000	0.000001	0.021372	0.973113	0.005452	0.000000	0.000000	0.000000
256	0.000065	0.000000	0.000000	0.021465	0.973056	0.005414	0.000000	0.000000	0.000000
257	0.000069	0.000000	0.000000	0.021388	0.973140	0.005403	0.000000	0.000000	0.000000
258	0.000065	0.000000	0.000000	0.021431	0.973052	0.005452	0.000000	0.000000	0.000000
259	0.000064	0.000000	0.000000	0.021476	0.972979	0.005481	0.000000	0.000000	0.000000
260	0.000066	0.000000	0.000000	0.021353	0.973039	0.005542	0.000000	0.000000	0.000000
261	0.000066	0.000000	0.000000	0.021363	0.972924	0.005647	0.000000	0.000000	0.000000
262	0.000069	0.000000	0.000000	0.021460	0.972836	0.005635	0.000000	0.000000	0.000000
263	0.000070	0.000000	0.000000	0.021431	0.972839	0.005660	0.000000	0.000000	0.000000
264	0.000064	0.000000	0.000000	0.021489	0.972714	0.005733	0.000000	0.000000	0.000000
265	0.000065	0.000000	0.000000	0.021457	0.972784	0.005694	0.000000	0.000000	0.000000
266	0.000054	0.000000	0.000000	0.021439	0.972763	0.005744	0.000000	0.000000	0.000000
267	0.000050	0.000000	0.000000	0.021289	0.972924	0.005737	0.000000	0.000000	0.000000
268	0.000048	0.000000	0.000000	0.021228	0.972889	0.005835	0.000000	0.000000	0.000000
269	0.000044	0.000000	0.000000	0.021002	0.973285	0.005669	0.000000	0.000000	0.000000
270	0.000044	0.000000	0.000000	0.021038	0.973235	0.005683	0.000000	0.000000	0.000000
271	0.000047	0.000000	0.000000	0.020931	0.973365	0.005657	0.000000	0.000000	0.000000
272	0.000048	0.000000	0.000000	0.020957	0.973340	0.005655	0.000000	0.000000	0.000000
273	0.000040	0.000000	0.000000	0.021065	0.973378	0.005517	0.000000	0.000000	0.000000
274	0.000039	0.000000	0.000000	0.021088	0.973331	0.005542	0.000000	0.000000	0.000000
275	0.000035	0.000000	0.000000	0.020872	0.973512	0.005581	0.000000	0.000000	0.000000
276	0.000027	0.000000	0.000000	0.020974	0.973426	0.005573	0.000000	0.000000	0.000000
277	0.000032	0.000000	0.000000	0.020966	0.973442	0.005560	0.000000	0.000000	0.000000
278	0.000025	0.000000	0.000000	0.020887	0.973492	0.005596	0.000000	0.000000	0.000000
279	0.000022	0.000000	0.000000	0.020947	0.973446	0.005585	0.000000	0.000000	0.000000
280	0.000018	0.000000	0.000000	0.021036	0.973283	0.005663	0.000000	0.000000	0.000000
281	0.000024	0.000000	0.000000	0.021012	0.973347	0.005617	0.000000	0.000000	0.000000
282	0.000023	0.000000	0.000000	0.021010	0.973379	0.005588	0.000000	0.000000	0.000000
283	0.000018	0.000000	0.000000	0.021073	0.973303	0.005606	0.000000	0.000000	0.000000
284	0.000017	0.000000	0.000000	0.021019	0.973393	0.005571	0.000000	0.000000	0.000000
285	0.000019	0.000000	0.000000	0.021160	0.973267	0.005554	0.000000	0.000000	0.000000
286	0.000012	0.000000	0.000000	0.021082	0.973391	0.005515	0.000000	0.000000	0.000000
287	0.000010	0.000000	0.000000	0.021199	0.973220	0.005571	0.000000	0.000000	0.000000
288	0.000009	0.000000	0.000000	0.021227	0.973149	0.005615	0.000000	0.000000	0.000000
289	0.000006	0.000000	0.000000	0.021260	0.973021	0.005713	0.000000	0.000000	0.000000
290	0.000001	0.000000	0.000000	0.021345	0.972972	0.005682	0.000000	0.000000	0.000000
291	0.000001	0.000000	0.000000	0.021202	0.973151	0.005646	0.000000	0.000000	0.000000
292	0.000001	0.000000	0.000000	0.021244	0.973063	0.005692	0.000000	0.000000	0.000000
293	0.000001	0.000000	0.000000	0.020952	0.973369	0.005678	0.000000	0.000000	0.000000
294	0.000000	0.000000	0.000000	0.020798	0.973459	0.005743	0.000000	0.000000	0.000000
295	0.000000	0.000000	0.000000	0.020802	0.973404	0.005794	0.000000	0.000000	0.000000
296	0.000000	0.000000	0.000000	0.020811	0.973342	0.005847	0.000000	0.000000	0.000000
297	0.000000	0.000000	0.000000	0.020777	0.973418	0.005805	0.000000	0.000000	0.000000
298	0.000000	0.000000	0.000000	0.020742	0.973403	0.005855	0.000000	0.000000	0.000000
299	0.000000	0.000000	0.000000	0.020928	0.973228	0.005844	0.000000	0.000000	0.000000
300	0.000000	0.000000	0.000000	0.020686	0.973466	0.005848	0.000000	0.000000	0.000000
301	0.000000	0.000000	0.000000	0.020869	0.973285	0.005846	0.000000	0.000000	0.000000
302	0.000000	0.000000	0.000000	0.020796	0.973331	0.005873	0.000000	0.000000	0.000000
303	0.000000	0.000000	0.000000	0.020769	0.973431	0.005800	0.000000	0.000000	0.000000
304	0.000000	0.000000	0.000000	0.020689	0.973542	0.005769	0.000000	0.000000	0.000000
305	0.000000	0.000000	0.000000	0.020740	0.973470	0.005790	0.000000	0.000000	0.000000
306	0.000000	0.000000	0.000000	0.020537	0.973728	0.005735	0.000000	0.000000	0.000000
307	0.000000	0.000000	0.000000	0.020588	0.973710	0.005702	0.000000	0.000000	0.000000
308	0.000000	0.000000	0.000000	0.020301	0.973860	0.005839	0.000000	0.000000	0.000000
309	0.000000	0.000000	0.000000	0.020497	0.973625	0.005878	0.000000	0.000000	0.000000
310	0.000000	0.000000	0.000000	0.020508	0.973708	0.005784	0.000000	0.000000	0.000000
311	0.000000	0.000000	0.000000	0.020529	0.973634	0.005837	0.000000	0.000000	0.000000
312	0.000000	0.000000	0.000000	0.020643	0.973627	0.005730	0.000000	0.000000	0.000000
313	0.000000	0.000000	0.000000	0.020873	0.973298	0.005829	0.000000	0.000000	0.000000
314	0.000000	0.000000	0.000000	0.020930	0.973262	0.005808	0.000000	0.000000	0.000000
315	0.000000	0.000000	0.000000	0.020953	0.973140	0.005907	0.000000	0.000000	0.000000
316	0.000000	0.000000	0.000000	0.020941	0.973118	0.005941	0.000000	0.000000	0.000000
317	0.000000	0.000000	0.000000	0.021014	0.973036	0.005950	0.000000	0.000000	0.000000
318	0.000000	0.000000	0.000000	0.020822	0.973232	0.005946	0.000000	0.000000	0.000000
319	0.000000	0.000000	0.000000	0.020896	0.973185	0.005919	0.000000	0.000000	0.000000
320	0.000000	0.000000	0.000000	0.020977	0.973096	0.005927	0.000000	0.000000	0.000000
321	0.000000	0.000000	0.000000	0.020912	0.973161	0.005927	0.000000	0.000000	0.000000
322	0.000000	0.000000	0.000000	0.020898	0.973196	0.005906	0.000000	0.000000	0.000000
323	0.000000	0.000000	0.000000	0.020874	0.973250	0.005876	0.000000	0.000000	0.000000
324	0.000000	0.000000	0.000000	0.020804	0.973329	0.005867	0.000000	0.000000	0.000000
325	0.000000	0.000000	0.000000	0.020886	0.973250	0.005864	0.000000	0.000000	0.000000
326	0.000000	0.000000	0.000000	0.020818	0.973307	0.005875	0.000000	0.000000	0.000000
327	0.000000	0.000000	0.000000	0.020802	0.973350	0.005848	0.000000	0.000000	0.000000
328	0.000000	0.000000	0.000000	0.020901	0.973239	0.005860	0.000000	0.000000	0.000000
329	0.000000	0.000000	0.000000	0.020942	0.973117	0.005941	0.000000	0.000000	0.000000
330	0.000000	0.000000	0.000000	0.020809	0.973326	0.005865	0.000000	0.000000	0.000000
331	0.000000	0.000000	0.000000	0.020924	0.973118	0.005958	0.000000	0.000000	0.000000
332	0.000000	0.000000	0.000000	0.020920	0.973102	0.005978	0.000000	0.000000	0.000000
333	0.000000	0.000000	0.000000	0.020994	0.972984	0.006022	0.000000	0.000000	0.000000
334	0.000000	0.000000	0.000000	0.020770	0.973212	0.006018	0.000000	0.000000	0.000000
335	0.000000	0.000000	0.000000	0.020829	0.973164	0.006007	0.000000	0.000000	0.000000
336	0.000000	0.000000	0.000000	0.020732	0.973337	0.005931	0.000000	0.000000	0.000000
337	0.000000	0.000000	0.000000	0.020696	0.973412	0.005892	0.000000	0.000000	0.000000
338	0.000000	0.000000	0.000000	0.020667	0.973411	0.005922	0.000000	0.000000	0.000000
339	0.000000	0.000000	0.000000	0.020854	0.973255	0.005891	0.000000	0.000000	0.000000
340	0.000000	0.000000	0.000000	0.020828	0.973273	0.005899	0.000000	0.000000	0.000000
341	0.000000	0.000000	0.000000	0.020765	0.973376	0.005859	0.000000	0.000000	0.000000
342	0.000000	0.000000	0.000000	0.020724	0.973332	0.005944	0.000000	0.000000	0.000000
343	0.000000	0.000000	0.000000	0.020916	0.973083	0.006001	0.000000	0.000000	0.000000
344	0.000000	0.000000	0.000000	0.020831	0.973316	0.005853	0.000000	0.000000	0.000000
345	0.000000	0.000000	0.000000	0.020947	0.973232	0.005821	0.000000	0.000000	0.000000
346	0.000000	0.000000	0.000000	0.020863	0.973310	0.005827	0.000000	0.000000	0.000000
347	0.000000	0.000000	0.000000	0.020785	0.973375	0.005840	0.000000	0.000000	0.000000
348	0.000000	0.000000	0.000000	0.020953	0.973160	0.005887	0.000000	0.000000	0.000000
349	0.000000	0.000000	0.000000	0.021006	0.973088	0.005906	0.000000	0.000000	0.000000
350	0.000000	0.000000	0.000000	0.021023	0.973109	0.005868	0.000000	0.000000	0.000000
351	0.000000	0.000000	0.000000	0.020795	0.973409	0.005796	0.000000	0.000000	0.000000
352	0.000000	0.000000	0.000000	0.020881	0.973330	0.005789	0.000000	0.000000	0.000000
353	0.000000	0.000000	0.000000	0.020819	0.973502	0.005679	0.000000	0.000000	0.000000
354	0.000000	0.000000	0.000000	0.020854	0.973463	0.005683	0.000000	0.000000	0.000000
355	0.000000	0.000000	0.000000	0.020934	0.973387	0.005679	0.000000	0.000000	0.000000
356	0.000000	0.000000	0.000000	0.020899	0.973351	0.005750	0.000000	0.000000	0.000000
357	0.000000	0.000000	0.000000	0.020765	0.973552	0.005683	0.000000	0.000000	0.000000
358	0.000000	0.000000	0.000000	0.020830	0.973456	0.005714	0.000000	0.000000	0.000000
359	0.000000	0.000000	0.000000	0.020835	0.973485	0.005680	0.000000	0.000000	0.000000
360	0.000000	0.000000	0.000000	0.020965	0.973381	0.005654	0.000000	0.000000	0.000000
361	0.000000	0.000000	0.000000	0.020906	0.973447	0.005647	0.000000	0.000000	0.000000
362	0.000000	0.000000	0.000000	0.021057	0.973235	0.005708	0.000000	0.000000	0.000000
363	0.000000	0.000000	0.000000	0.021045	0.973272	0.005683	0.000000	0.000000	0.000000
364	0.000000	0.000000	0.000000	0.021022	0.973363	0.005615	0.000000	0.000000	0.000000
365	0.000000	0.000000	0.000000	0.021030	0.973399	0.005571	0.000000	0.000000	0.000000
366	0.000000	0.000000	0.000000	0.021153	0.973222	0.005625	0.000000	0.000000	0.000000
367	0.000000	0.000000	0.000000	0.021188	0.973163	0.005649	0.000000	0.000000	0.000000
368	0.000000	0.000000	0.000000	0.021285	0.973107	0.005608	0.000000	0.000000	0.000000
369	0.000000	0.000000	0.000000	0.021207	0.973182	0.005611	0.000000	0.000000	0.000000
370	0.000000	0.000000	0.000000	0.021287	0.972920	0.005793	0.000000	0.000000	0.000000
371	0.000000	0.000000	0.000000	0.021237	0.973037	0.005726	0.000000	0.000000	0.000000
372	0.000000	0.000000	0.000000	0.021208	0.973059	0.005733	0.000000	0.000000	0.000000
373	0.000000	0.000000	0.000000	0.021200	0.973004	0.005796	0.000000	0.000000	0.000000
374	0.000000	0.000000	0.000000	0.021160	0.973073	0.005767	0.000000	0.000000	0.000000
375	0.000000	0.000000	0.000000	0.021123	0.973204	0.005673	0.000000	0.000000	0.000000
376	0.000000	0.000000	0.000000	0.021167	0.973225	0.005608	0.000000	0.000000	0.000000
377	0.000000	0.000000	0.000000	0.021153	0.973196	0.005651	0.000000	0.000000	0.000000
378	0.000000	0.000000	0.000000	0.021174	0.973199	0.005627	0.000000	0.000000	0.000000
379	0.000000	0.000000	0.000000	0.021304	0.973120	0.005576	0.000000	0.000000	0.000000
380	0.000000	0.000000	0.000000	0.021307	0.973108	0.005585	0.000000	0.000000	0.000000
381	0.000000	0.000000	0.000000	0.021157	0.973297	0.005546	0.000000	0.000000	0.000000
382	0.000000	0.000000	0.000000	0.021239	0.973211	0.005550	0.000000	0.000000	0.000000
383	0.000000	0.000000	0.000000	0.021278	0.973153	0.005569	0.000000	0.000000	0.000000
384	0.000000	0.000000	0.000000	0.021255	0.973069	0.005676	0.000000	0.000000	0.000000
385	0.000000	0.000000	0.000000	0.021099	0.973328	0.005573	0.000000	0.000000	0.000000
386	0.000000	0.000000	0.000000	0.021112	0.973309	0.005579	0.000000	0.000000	0.000000
387	0.000000	0.000000	0.000000	0.021210	0.973212	0.005578	0.000000	0.000000	0.000000
388	0.000000	0.000000	0.000000	0.021217	0.973172	0.005611	0.000000	0.000000	0.000000
389	0.000000	0.000000	0.000000	0.021116	0.973228	0.005656	0.000000	0.000000	0.000000
390	0.000000	0.000000	0.000000	0.021219	0.973176	0.005605	0.000000	0.000000	0.000000
391	0.000000	0.000000	0.000000	0.021071	0.973347	0.005582	0.000000	0.000000	0.000000
392	0.000000	0.000000	0.000000	0.020959	0.973322	0.005719	0.000000	0.000000	0.000000
393	0.000000	0.000000	0.000000	0.020863	0.973430	0.005707	0.000000	0.000000	0.000000
394	0.000000	0.000000	0.000000	0.020827	0.973508	0.005665	0.000000	0.000000	0.000000
395	0.000000	0.000000	0.000000	0.020765	0.973641	0.005594	0.000000	0.000000	0.000000
396	0.000000	0.000000	0.000000	0.020886	0.973476	0.005638	0.000000	0.000000	0.000000
397	0.000000	0.000000	0.000000	0.020846	0.973518	0.005636	0.000000	0.000000	0.000000
398	0.000000	0.000000	0.000000	0.020959	0.973547	0.005494	0.000000	0.000000	0.000000
399	0.000000	0.000000	0.000000	0.020791	0.973651	0.005558	0.000000	0.000000	0.000000
400	0.000000	0.000000	0.000000	0.020819	0.973601	0.005580	0.000000	0.000000	0.000000
401	0.000000	0.000000	0.000000	0.020809	0.973589	0.005602	0.000000	0.000000	0.000000
402	0.000000	0.000000	0.000000	0.020838	0.973545	0.005617	0.000000	0.000000	0.000000
403	0.000000	0.000000	0.000000	0.020768	0.973613	0.005619	0.000000	0.000000	0.000000
404	0.000000	0.000000	0.000000	0.020833	0.973574	0.005593	0.000000	0.000000	0.000000
405	0.000000	0.000000	0.000000	0.020880	0.973582	0.005538	0.000000	0.000000	0.000000
406	0.000000	0.000000	0.000000	0.020801	0.973692	0.005507	0.000000	0.000000	0.000000
407	0.000000	0.000000	0.000000	0.020736	0.973840	0.005424	0.000000	0.000000	0.000000
408	0.000000	0.000000	0.000000	0.020830	0.973733	0.005437	0.000000	0.000000	0.000000
409	0.000000	0.000000	0.000000	0.020849	0.973692	0.005459	0.000000	0.000000	0.000000
410	0.000000	0.000000	0.000000	0.020841	0.973669	0.005490	0.000000	0.000000	0.000000
411	0.000000	0.000000	0.000000	0.020920	0.973568	0.005512	0.000000	0.000000	0.000000
412	0.000000	0.000000	0.000000	0.021025	0.973484	0.005491	0.000000	0.000000	0.000000
413	0.000000	0.000000	0.000000	0.021119	0.973343	0.005538	0.000000	0.000000	0.000000
414	0.000000	0.000000	0.000000	0.021091	0.973305	0.005604	0.000000	0.000000	0.000000
415	0.000000	0.000000	0.000000	0.021140	0.973173	0.005687	0.000000	0.000000	0.000000
416	0.000000	0.000000	0.000000	0.020974	0.973405	0.005621	0.000000	0.000000	0.000000
417	0.000000	0.000000	0.000000	0.021185	0.973189	0.005626	0.000000	0.000000	0.000000
418	0.000000	0.000000	0.000000	0.021331	0.973069	0.005600	0.000000	0.000000	0.000000
419	0.000000	0.000000	0.000000	0.021353	0.972994	0.005653	0.000000	0.000000	0.000000
420	0.000000	0.000000	0.000000	0.021332	0.972945	0.005723	0.000000	0.000000	0.000000
421	0.000000	0.000000	0.000000	0.021309	0.972912	0.005779	0.000000	0.000000	0.000000
422	0.000000	0.000000	0.000000	0.021428	0.972731	0.005841	0.000000	0.000000	0.000000
423	0.000000	0.000000	0.000000	0.021483	0.972714	0.005803	0.000000	0.000000	0.000000
424	0.000000	0.000000	0.000000	0.021554	0.972556	0.005890	0.000000	0.000000	0.000000
425	0.000000	0.000000	0.000000	0.021571	0.972677	0.005752	0.000000	0.000000	0.000000
426	0.000000	0.000000	0.000000	0.021776	0.972496	0.005728	0.000000	0.000000	0.000000
427	0.000000	0.000000	0.000000	0.021808	0.972529	0.005663	0.000000	0.000000	0.000000
428	0.000000	0.000000	0.000000	0.021905	0.972458	0.005637	0.000000	0.000000	0.000000
429	0.000000	0.000000	0.000000	0.022011	0.972287	0.005702	0.000000	0.000000	0.000000
430	0.000000	0.000000	0.000000	0.022120	0.972186	0.005694	0.000000	0.000000	0.000000
431	0.000000	0.000000	0.000000	0.022075	0.972154	0.005771	0.000000	0.000000	0.000000
432	0.000000	0.000000	0.000000	0.021940	0.972375	0.005685	0.000000	0.000000	0.000000
433	0.000000	0.000000	0.000000	0.021843	0.972438	0.005719	0.000000	0.000000	0.000000
434	0.000000	0.000000	0.000000	0.021987	0.972334	0.005679	0.000000	0.000000	0.000000
435	0.000000	0.000000	0.000000	0.021882	0.972482	0.005636	0.000000	0.000000	0.000000
436	0.000000	0.000000	0.000000	0.021877	0.972433	0.005690	0.000000	0.000000	0.000000
437	0.000000	0.000000	0.000000	0.022018	0.972320	0.005662	0.000000	0.000000	0.000000
438	0.000000	0.000000	0.000000	0.021973	0.972474	0.005553	0.000000	0.000000	0.000000
439	0.000000	0.000000	0.000000	0.021963	0.972377	0.005660	0.000000	0.000000	0.000000
440	0.000000	0.000000	0.000000	0.021873	0.972342	0.005785	0.000000	0.000000	0.000000
441	0.000000	0.000000	0.000000	0.021978	0.972239	0.005783	0.000000	0.000000	0.000000
442	0.000000	0.000000	0.000000	0.022088	0.972176	0.005736	0.000000	0.000000	0.000000
443	0.000000	0.000000	0.000000	0.022076	0.972091	0.005833	0.000000	0.000000	0.000000
444	0.000000	0.000000	0.000000	0.022177	0.971963	0.005860	0.000000	0.000000	0.000000
445	0.000000	0.000000	0.000000	0.022329	0.971835	0.005836	0.000000	0.000000	0.000000
446	0.000000	0.000000	0.000000	0.022247	0.971798	0.005955	0.000000	0.000000	0.000000
447	0.000000	0.000000	0.000000	0.022153	0.971908	0.005939	0.000000	0.000000	0.000000
448	0.000000	0.000000	0.000000	0.022117	0.971938	0.005945	0.000000	0.000000	0.000000
449	0.000000	0.000000	0.000000	0.022199	0.971799	0.006002	0.000000	0.000000	0.000000
450	0.000000	0.000000	0.000000	0.022164	0.971833	0.006003	0.000000	0.000000	0.000000
451	0.000000	0.000000	0.000000	0.022055	0.972039	0.005906	0.000000	0.000000	0.000000
452	0.000000	0.000000	0.000000	0.021982	0.971977	0.006041	0.000000	0.000000	0.000000
453	0.000000	0.000000	0.000000	0.021903	0.972070	0.006027	0.000000	0.000000	0.000000
454	0.000000	0.000000	0.000000	0.021888	0.972139	0.005973	0.000000	0.000000	0.000000
455	0.000000	0.000000	0.000000	0.021823	0.972163	0.006014	0.000000	0.000000	0.000000
456	0.000000	0.000000	0.000000	0.021742	0.972270	0.005988	0.000000	0.000000	0.000000
457	0.000000	0.000000	0.000000	0.021802	0.972176	0.006022	0.000000	0.000000	0.000000
458	0.000000	0.000000	0.000000	0.021636	0.972363	0.006001	0.000000	0.000000	0.000000
459	0.000000	0.000000	0.000000	0.021700	0.972260	0.006040	0.000000	0.000000	0.000000
460	0.000000	0.000000	0.000000	0.021691	0.972340	0.005969	0.000000	0.000000	0.000000
461	0.000000	0.000000	0.000000	0.021533	0.972443	0.006024	0.000000	0.000000	0.000000
462	0.000000	0.000000	0.000000	0.021614	0.972303	0.006083	0.000000	0.000000	0.000000
463	0.000000	0.000000	0.000000	0.021580	0.972333	0.006087	0.000000	0.000000	0.000000
464	0.000000	0.000000	0.000000	0.021597	0.972326	0.006077	0.000000	0.000000	0.000000
465	0.000000	0.000000	0.000000	0.021534	0.972398	0.006068	0.000000	0.000000	0.000000
466	0.000000	0.000000	0.000000	0.021635	0.972288	0.006077	0.000000	0.000000	0.000000
467	0.000000	0.000000	0.000000	0.021674	0.972300	0.006026	0.000000	0.000000	0.000000
468	0.000000	0.000000	0.000000	0.021558	0.972328	0.006114	0.000000	0.000000	0.000000
469	0.000000	0.000000	0.000000	0.021653	0.972202	0.006145	0.000000	0.000000	0.000000
470	0.000000	0.000000	0.000000	0.021637	0.972213	0.006150	0.000000	0.000000	0.000000
