0	0.290663	0.057897	0.229473	0.157588	0.029913	0.111872	0.085455	0.012259	0.024880
1	0.228014	0.047393	0.196481	0.150521	0.030773	0.127228	0.111966	0.021715	0.085909
2	0.224640	0.045525	0.192660	0.154591	0.033416	0.131743	0.106266	0.020652	0.090507
3	0.225602	0.044562	0.191752	0.158895	0.036772	0.133750	0.098767	0.018735	0.091165
4	0.228967	0.042989	0.190185	0.163463	0.040199	0.134482	0.091235	0.016890	0.091590
5	0.232422	0.041912	0.187922	0.167774	0.043992	0.134332	0.084935	0.014992	0.091719
6	0.235470	0.040840	0.186522	0.171664	0.047755	0.134856	0.078526	0.013499	0.090868
7	0.238467	0.039382	0.184878	0.175466	0.051648	0.134548	0.072829	0.011876	0.090906
8	0.241377	0.037495	0.183481	0.178511	0.055722	0.133985	0.067578	0.010745	0.091106
9	0.244366	0.036042	0.181636	0.180832	0.060186	0.133710	0.062775	0.009497	0.090956
10	0.246824	0.034493	0.180098	0.183565	0.064582	0.132442	0.058495	0.008557	0.090944
11	0.248974	0.032782	0.177828	0.186434	0.069101	0.132112	0.054083	0.007655	0.091031
12	0.250794	0.031150	0.176432	0.188775	0.073866	0.131064	0.050123	0.006838	0.090958
13	0.252919	0.029762	0.174401	0.191070	0.078265	0.130455	0.046752	0.006163	0.090213
14	0.254563	0.028267	0.172374	0.192691	0.083451	0.129392	0.042992	0.005601	0.090669
15	0.255762	0.026831	0.170095	0.194525	0.088423	0.128305	0.040210	0.004969	0.090880
16	0.256873	0.025288	0.167965	0.196966	0.093189	0.126896	0.037496	0.004595	0.090732
17	0.258748	0.023691	0.166348	0.198232	0.098121	0.125340	0.034877	0.004236	0.090407
18	0.259048	0.022347	0.164496	0.199921	0.103120	0.124171	0.032747	0.003751	0.090399
19	0.259940	0.021268	0.162344	0.201548	0.108173	0.122967	0.030406	0.003223	0.090131
20	0.260823	0.020019	0.159905	0.202829	0.113952	0.121851	0.028355	0.003030	0.089236
21	0.260934	0.018905	0.157304	0.204514	0.119255	0.120937	0.026269	0.002766	0.089116
22	0.261065	0.017726	0.155408	0.205695	0.125034	0.119540	0.024421	0.002417	0.088694
23	0.260780	0.016581	0.152836	0.207307	0.130747	0.118323	0.022506	0.002186	0.088734
24	0.260606	0.015619	0.150060	0.208946	0.136874	0.116745	0.021141	0.002003	0.088006
25	0.260924	0.014479	0.147769	0.209640	0.142897	0.115701	0.019729	0.001821	0.087040
26	0.260386	0.013529	0.145146	0.211434	0.149063	0.113689	0.018278	0.001662	0.086813
27	0.259417	0.012414	0.142620	0.212544	0.155273	0.112391	0.017313	0.001488	0.086540
28	0.258793	0.011699	0.140326	0.213405	0.161677	0.111399	0.015943	0.001331	0.085427
29	0.258285	0.010876	0.137685	0.214476	0.167606	0.110249	0.014950	0.001249	0.084624
30	0.257043	0.010181	0.135018	0.215643	0.174189	0.109042	0.013882	0.001109	0.083893
31	0.255776	0.009402	0.132582	0.216950	0.180856	0.107292	0.012927	0.001034	0.083181
32	0.254716	0.008705	0.130006	0.217810	0.187202	0.106331	0.012041	0.000945	0.082244
33	0.252596	0.008219	0.127412	0.218856	0.193765	0.105389	0.011224	0.000858	0.081681
34	0.250451	0.007661	0.125246	0.219868	0.200827	0.103986	0.010441	0.000806	0.080714
35	0.249774	0.007171	0.122680	0.220190	0.207379	0.102578	0.009792	0.000718	0.079718
36	0.247793	0.006802	0.119632	0.221686	0.213986	0.101686	0.009231	0.000675	0.078509
37	0.245763	0.006234	0.117349	0.222171	0.221015	0.100812	0.008425	0.000617	0.077614
38	0.243361	0.005864	0.114755	0.222787	0.228330	0.099731	0.008004	0.000556	0.076612
39	0.241630	0.005487	0.112109	0.223648	0.234658	0.098999	0.007561	0.000493	0.075415
40	0.239436	0.005089	0.109620	0.224572	0.241890	0.098094	0.007038	0.000459	0.073802
41	0.236936	0.004812	0.106675	0.225229	0.249378	0.096784	0.006564	0.000460	0.073162
42	0.234617	0.004558	0.104087	0.226494	0.256389	0.095842	0.006087	0.000393	0.071533
43	0.231775	0.004180	0.101901	0.227653	0.263361	0.095024	0.005700	0.000350	0.070056
44	0.228818	0.003762	0.099608	0.228824	0.270433	0.093807	0.005302	0.000333	0.069113
45	0.225834	0.003485	0.097077	0.230082	0.277633	0.093121	0.004798	0.000288	0.067682
46	0.223198	0.003206	0.094378	0.230678	0.285226	0.092368	0.004569	0.000248	0.066129
47	0.219944	0.002963	0.091775	0.231947	0.292367	0.091727	0.004239	0.000229	0.064809
48	0.216458	0.002774	0.088835	0.233232	0.300390	0.091021	0.003929	0.000202	0.063159
49	0.213722	0.002525	0.086538	0.233971	0.307354	0.090237	0.003718	0.000168	0.061767
50	0.209754	0.002378	0.084565	0.235171	0.314589	0.089854	0.003498	0.000141	0.060050
51	0.206656	0.002128	0.081918	0.236284	0.321640	0.089366	0.003253	0.000130	0.058625
52	0.203557	0.001905	0.079987	0.236809	0.329047	0.088673	0.002993	0.000113	0.056916
53	0.200217	0.001766	0.077716	0.237718	0.336393	0.087938	0.002763	0.000091	0.055398
54	0.197170	0.001639	0.075557	0.238518	0.343209	0.087623	0.002523	0.000084	0.053677
55	0.193421	0.001559	0.073294	0.239544	0.350157	0.087426	0.002242	0.000092	0.052265
56	0.188944	0.001479	0.070941	0.240905	0.357908	0.086921	0.002113	0.000080	0.050709
57	0.185719	0.001332	0.068802	0.241818	0.364648	0.086560	0.001914	0.000079	0.049128
58	0.181833	0.001243	0.066604	0.243088	0.371344	0.086404	0.001824	0.000065	0.047595
59	0.178691	0.001084	0.064652	0.243498	0.378307	0.086013	0.001652	0.000055	0.046048
60	0.174982	0.000999	0.062785	0.244566	0.385396	0.085008	0.001466	0.000042	0.044756
61	0.171180	0.000882	0.061004	0.245818	0.391918	0.084592	0.001356	0.000023	0.043227
62	0.167608	0.000821	0.058821	0.247066	0.398824	0.084086	0.001212	0.000024	0.041538
63	0.163556	0.000773	0.056830	0.248196	0.405956	0.083302	0.001165	0.000028	0.040194
64	0.159291	0.000691	0.054929	0.249204	0.412623	0.083564	0.001042	0.000025	0.038631
65	0.155386	0.000612	0.053327	0.250072	0.419344	0.083112	0.000997	0.000024	0.037126
66	0.151445	0.000520	0.051225	0.251360	0.425426	0.083269	0.000899	0.000020	0.035836
67	0.147910	0.000465	0.049477	0.251847	0.432577	0.082523	0.000872	0.000024	0.034305
68	0.143343	0.000432	0.047795	0.253905	0.438725	0.082272	0.000811	0.000024	0.032693
69	0.139801	0.000403	0.046153	0.254674	0.445046	0.082038	0.000734	0.000024	0.031127
70	0.136133	0.000364	0.044631	0.255317	0.451213	0.081938	0.000693	0.000021	0.029690
71	0.132298	0.000377	0.042989	0.256406	0.456678	0.082159	0.000646	0.000019	0.028428
72	0.128437	0.000331	0.041445	0.257161	0.463037	0.081732	0.000597	0.000018	0.027242
73	0.124619	0.000305	0.039781	0.258576	0.468640	0.081213	0.000553	0.000023	0.026290
74	0.121025	0.000307	0.038323	0.259372	0.474325	0.081238	0.000505	0.000013	0.024892
75	0.117799	0.000283	0.036998	0.260464	0.479080	0.081339	0.000460	0.000015	0.023562
76	0.113990	0.000231	0.035568	0.261403	0.484379	0.081540	0.000406	0.000011	0.022472
77	0.110586	0.000216	0.034372	0.262149	0.489329	0.081711	0.000347	0.000012	0.021278
78	0.107142	0.000217	0.032907	0.263137	0.494407	0.081491	0.000311	0.000020	0.020368
79	0.103516	0.000191	0.031709	0.264519	0.499196	0.081274	0.000278	0.000015	0.019302
80	0.100071	0.000172	0.030450	0.265094	0.504254	0.081336	0.000237	0.000018	0.018368
81	0.097106	0.000163	0.029176	0.266150	0.508356	0.081458	0.000219	0.000011	0.017361
82	0.093630	0.000152	0.028087	0.266728	0.513434	0.081259	0.000179	0.000009	0.016522
83	0.090595	0.000144	0.026970	0.267420	0.517747	0.081387	0.000135	0.000010	0.015592
84	0.087441	0.000120	0.025877	0.269104	0.521351	0.081019	0.000126	0.000010	0.014952
85	0.083997	0.000107	0.024738	0.270062	0.525923	0.080907	0.000138	0.000006	0.014122
86	0.081342	0.000093	0.023644	0.271003	0.529756	0.080585	0.000138	0.000005	0.013434
87	0.077904	0.000093	0.022864	0.271989	0.533577	0.080761	0.000125	0.000004	0.012683
88	0.075021	0.000083	0.021820	0.272891	0.537406	0.080605	0.000127	0.000003	0.012044
89	0.071821	0.000066	0.021203	0.273754	0.540744	0.080961	0.000113	0.000001	0.011337
90	0.069045	0.000060	0.020331	0.274589	0.544214	0.080948	0.000095	0.000000	0.010718
91	0.066504	0.000070	0.019205	0.275128	0.547759	0.081177	0.000087	0.000002	0.010068
92	0.063918	0.000053	0.018299	0.275848	0.551083	0.081095	0.000080	0.000000	0.009624
93	0.061295	0.000051	0.017437	0.276483	0.554449	0.081067	0.000068	0.000000	0.009150
94	0.058672	0.000048	0.016731	0.276409	0.558300	0.081115	0.000060	0.000001	0.008664
95	0.056093	0.000041	0.016019	0.277102	0.561329	0.081208	0.000046	0.000001	0.008161
96	0.053457	0.000032	0.015251	0.277680	0.565019	0.080697	0.000043	0.000002	0.007819
97	0.051305	0.000028	0.014363	0.278629	0.567554	0.080763	0.000035	0.000004	0.007319
98	0.048883	0.000020	0.013718	0.279591	0.570028	0.080806	0.000027	0.000002	0.006925
99	0.046581	0.000015	0.013167	0.280593	0.572857	0.080264	0.000020	0.000002	0.006501
100	0.044468	0.000011	0.012457	0.281325	0.575279	0.080186	0.000019	0.000002	0.006253
101	0.042357	0.000011	0.011999	0.282358	0.577125	0.080174	0.000024	0.000003	0.005949
102	0.040384	0.000011	0.011493	0.283047	0.579539	0.079986	0.000015	0.000000	0.005525
103	0.038393	0.000009	0.010803	0.283348	0.582290	0.079966	0.000016	0.000002	0.005173
104	0.036470	0.000012	0.010276	0.284460	0.584009	0.079906	0.000018	0.000003	0.004846
105	0.034663	0.000015	0.009781	0.284853	0.586436	0.079691	0.000016	0.000002	0.004543
106	0.033007	0.000011	0.009222	0.285788	0.588027	0.079651	0.000016	0.000002	0.004276
107	0.031600	0.000010	0.008668	0.286681	0.589299	0.079728	0.000019	0.000005	0.003990
108	0.030139	0.000008	0.008307	0.286840	0.591469	0.079525	0.000017	0.000003	0.003692
109	0.028601	0.000006	0.007920	0.287009	0.593702	0.079198	0.000012	0.000002	0.003550
110	0.027126	0.000007	0.007530	0.287697	0.595252	0.079066	0.000013	0.000003	0.003306
111	0.026004	0.000011	0.007141	0.287781	0.597103	0.078831	0.000009	0.000003	0.003117
112	0.024662	0.000004	0.006844	0.288633	0.598319	0.078603	0.000004	0.000004	0.002927
113	0.023333	0.000001	0.006467	0.289681	0.599441	0.078378	0.000004	0.000003	0.002692
114	0.022003	0.000000	0.006177	0.290183	0.600573	0.078514	0.000004	0.000000	0.002546
115	0.020957	0.000000	0.005930	0.290616	0.601387	0.078708	0.000004	0.000000	0.002398
116	0.019886	0.000000	0.005505	0.290729	0.603375	0.078256	0.000002	0.000000	0.002247
117	0.018749	0.000000	0.005296	0.290654	0.605218	0.077940	0.000003	0.000000	0.002140
118	0.017832	0.000000	0.005106	0.291351	0.605793	0.077918	0.000001	0.000000	0.001999
119	0.016714	0.000000	0.004807	0.291171	0.607651	0.077790	0.000001	0.000000	0.001866
120	0.015911	0.000000	0.004487	0.291894	0.608502	0.077436	0.000001	0.000000	0.001769
121	0.015166	0.000000	0.004270	0.291481	0.609896	0.077491	0.000001	0.000000	0.001695
122	0.014305	0.000000	0.004075	0.291252	0.611314	0.077489	0.000001	0.000000	0.001564
123	0.013825	0.000000	0.003844	0.291486	0.612039	0.077303	0.000000	0.000000	0.001503
124	0.013238	0.000000	0.003651	0.291172	0.613224	0.077286	0.000000	0.000000	0.001429
125	0.012667	0.000000	0.003518	0.290954	0.614118	0.077352	0.000000	0.000000	0.001391
126	0.011926	0.000000	0.003365	0.291370	0.614470	0.077557	0.000000	0.000000	0.001312
127	0.011283	0.000000	0.003245	0.291414	0.615045	0.077752	0.000000	0.000000	0.001261
128	0.010804	0.000000	0.003131	0.292274	0.615017	0.077583	0.000000	0.000000	0.001191
129	0.010146	0.000000	0.002944	0.291922	0.616302	0.077582	0.000000	0.000000	0.001104
130	0.009498	0.000000	0.002852	0.292144	0.617178	0.077277	0.000000	0.000000	0.001051
131	0.009007	0.000000	0.002634	0.292178	0.617698	0.077420	0.000000	0.000000	0.001063
132	0.008494	0.000000	0.002459	0.292699	0.617731	0.077585	0.000000	0.000000	0.001032
133	0.008133	0.000000	0.002374	0.292234	0.618497	0.077829	0.000000	0.000000	0.000933
134	0.007708	0.000000	0.002277	0.291908	0.619566	0.077642	0.000000	0.000000	0.000899
135	0.007394	0.000000	0.002212	0.292602	0.619206	0.077755	0.000000	0.000000	0.000831
136	0.006969	0.000000	0.002053	0.292511	0.619443	0.078195	0.000000	0.000000	0.000829
137	0.006700	0.000000	0.002029	0.292136	0.620472	0.077900	0.000000	0.000000	0.000763
138	0.006342	0.000000	0.001919	0.292259	0.621092	0.077657	0.000000	0.000000	0.000731
139	0.006144	0.000000	0.001831	0.292052	0.621534	0.077711	0.000000	0.000000	0.000728
140	0.005819	0.000000	0.001724	0.292557	0.621377	0.077839	0.000000	0.000000	0.000684
141	0.005441	0.000000	0.001646	0.292027	0.622514	0.077724	0.000000	0.000000	0.000648
142	0.005300	0.000000	0.001563	0.292802	0.621880	0.077854	0.000000	0.000000	0.000601
143	0.004970	0.000000	0.001487	0.292969	0.622153	0.077841	0.000000	0.000000	0.000580
144	0.004747	0.000000	0.001432	0.292873	0.622601	0.077825	0.000000	0.000000	0.000522
145	0.004588	0.000000	0.001339	0.293396	0.622203	0.077930	0.000000	0.000000	0.000544
146	0.004426	0.000000	0.001239	0.293714	0.622431	0.077706	0.000000	0.000000	0.000484
147	0.004207	0.000000	0.001159	0.293343	0.622810	0.078011	0.000000	0.000000	0.000470
148	0.003974	0.000000	0.001127	0.293091	0.623039	0.078311	0.000000	0.000000	0.000458
149	0.003838	0.000000	0.001076	0.293334	0.623283	0.078039	0.000000	0.000000	0.000430
150	0.003631	0.000000	0.001028	0.293698	0.623333	0.077878	0.000000	0.000000	0.000432
151	0.003428	0.000000	0.000989	0.293253	0.623969	0.077937	0.000000	0.000000	0.000424
152	0.003285	0.000000	0.000899	0.293718	0.623693	0.078009	0.000000	0.000000	0.000396
153	0.003188	0.000000	0.000852	0.293851	0.623977	0.077727	0.000000	0.000000	0.000405
154	0.003005	0.000000	0.000790	0.294218	0.623496	0.078130	0.000000	0.000000	0.000361
155	0.002868	0.000000	0.000775	0.294180	0.623552	0.078300	0.000000	0.000000	0.000325
156	0.002839	0.000000	0.000733	0.293840	0.624130	0.078154	0.000000	0.000000	0.000304
157	0.002703	0.000000	0.000678	0.293973	0.624067	0.078275	0.000000	0.000000	0.000304
158	0.002566	0.000000	0.000649	0.293954	0.624420	0.078114	0.000000	0.000000	0.000297
159	0.002492	0.000000	0.000605	0.293955	0.624751	0.077928	0.000000	0.000000	0.000269
160	0.002474	0.000000	0.000568	0.293743	0.625498	0.077430	0.000000	0.000000	0.000287
161	0.002352	0.000000	0.000589	0.294322	0.625192	0.077265	0.000000	0.000000	0.000280
162	0.002286	0.000000	0.000591	0.294266	0.625081	0.077536	0.000000	0.000000	0.000240
163	0.002241	0.000000	0.000552	0.294088	0.625290	0.077594	0.000000	0.000000	0.000235
164	0.002133	0.000000	0.000509	0.294277	0.625173	0.077678	0.000000	0.000000	0.000230
165	0.002071	0.000000	0.000505	0.293947	0.625825	0.077431	0.000000	0.000000	0.000221
166	0.001965	0.000000	0.000474	0.293992	0.625577	0.077784	0.000000	0.000000	0.000208
167	0.001913	0.000000	0.000430	0.293998	0.625684	0.077776	0.000000	0.000000	0.000199
168	0.001860	0.000000	0.000425	0.293836	0.625715	0.077962	0.000000	0.000000	0.000202
169	0.001822	0.000000	0.000390	0.293575	0.626100	0.077937	0.000000	0.000000	0.000176
170	0.001756	0.000000	0.000374	0.293972	0.625717	0.077994	0.000000	0.000000	0.000187
171	0.001677	0.000000	0.000358	0.293633	0.626019	0.078162	0.000000	0.000000	0.000151
172	0.001615	0.000000	0.000351	0.293078	0.626688	0.078119	0.000000	0.000000	0.000149
173	0.001569	0.000000	0.000336	0.292175	0.627713	0.078047	0.000000	0.000000	0.000160
174	0.001496	0.000000	0.000341	0.292333	0.627363	0.078311	0.000000	0.000000	0.000156
175	0.001428	0.000000	0.000294	0.292787	0.627138	0.078186	0.000000	0.000000	0.000167
176	0.001418	0.000000	0.000266	0.292663	0.627524	0.077968	0.000000	0.000000	0.000161
177	0.001359	0.000000	0.000260	0.291996	0.628367	0.077857	0.000000	0.000000	0.000161
178	0.001325	0.000000	0.000251	0.291789	0.628630	0.077858	0.000000	0.000000	0.000147
179	0.001289	0.000000	0.000249	0.291966	0.628276	0.078065	0.000000	0.000000	0.000155
180	0.001239	0.000000	0.000241	0.291820	0.628665	0.077891	0.000000	0.000000	0.000144
181	0.001176	0.000000	0.000223	0.291167	0.629361	0.077926	0.000000	0.000000	0.000147
182	0.001171	0.000000	0.000184	0.291289	0.629079	0.078141	0.000000	0.000000	0.000136
183	0.001169	0.000000	0.000173	0.291564	0.629278	0.077684	0.000000	0.000000	0.000132
184	0.001150	0.000000	0.000161	0.291483	0.629072	0.078018	0.000000	0.000000	0.000116
185	0.001105	0.000000	0.000162	0.291138	0.629304	0.078175	0.000000	0.000000	0.000116
186	0.001044	0.000000	0.000161	0.291049	0.629655	0.077993	0.000000	0.000000	0.000098
187	0.001036	0.000000	0.000148	0.290512	0.630463	0.077736	0.000000	0.000000	0.000105
188	0.000991	0.000000	0.000127	0.290648	0.630457	0.077681	0.000000	0.000000	0.000096
189	0.000980	0.000000	0.000141	0.290423	0.630660	0.077715	0.000000	0.000000	0.000081
190	0.000914	0.000000	0.000136	0.290160	0.630987	0.077725	0.000000	0.000000	0.000078
191	0.000886	0.000000	0.000138	0.290057	0.631120	0.077738	0.000000	0.000000	0.000061
192	0.000878	0.000000	0.000148	0.289476	0.631391	0.078043	0.000000	0.000000	0.000064
193	0.000837	0.000000	0.000140	0.289436	0.631773	0.077749	0.000000	0.000000	0.000065
194	0.000787	0.000000	0.000138	0.289116	0.631822	0.078073	0.000000	0.000000	0.000064
195	0.000757	0.000000	0.000145	0.288840	0.632028	0.078159	0.000000	0.000000	0.000071
196	0.000745	0.000000	0.000148	0.288799	0.632183	0.078056	0.000000	0.000000	0.000069
197	0.000717	0.000000	0.000161	0.289378	0.631480	0.078204	0.000000	0.000000	0.000060
198	0.000701	0.000000	0.000169	0.289117	0.631832	0.078107	0.000000	0.000000	0.000074
199	0.000661	0.000000	0.000154	0.289087	0.631828	0.078205	0.000000	0.000000	0.000065
200	0.000642	0.000000	0.000151	0.289571	0.631593	0.077979	0.000000	0.000000	0.000064
201	0.000609	0.000000	0.000159	0.289704	0.631286	0.078175	0.000000	0.000000	0.000067
202	0.000599	0.000000	0.000140	0.289912	0.631109	0.078161	0.000000	0.000000	0.000079
203	0.000567	0.000000	0.000140	0.290004	0.631209	0.078008	0.000000	0.000000	0.000072
204	0.000502	0.000000	0.000124	0.290406	0.631119	0.077777	0.000000	0.000000	0.000072
205	0.000477	0.000000	0.000124	0.290537	0.630598	0.078201	0.000000	0.000000	0.000063
206	0.000447	0.000000	0.000129	0.290265	0.630644	0.078459	0.000000	0.000000	0.000056
207	0.000400	0.000000	0.000108	0.290243	0.630433	0.078764	0.000000	0.000000	0.000052
208	0.000404	0.000000	0.000106	0.289894	0.631007	0.078536	0.000000	0.000000	0.000053
209	0.000390	0.000000	0.000104	0.290399	0.630499	0.078551	0.000000	0.000000	0.000057
210	0.000368	0.000000	0.000099	0.290103	0.630709	0.078669	0.000000	0.000000	0.000052
211	0.000368	0.000000	0.000095	0.290110	0.630785	0.078584	0.000000	0.000000	0.000058
212	0.000335	0.000000	0.000093	0.290561	0.630163	0.078797	0.000000	0.000000	0.000051
213	0.000314	0.000000	0.000087	0.290550	0.630351	0.078649	0.000000	0.000000	0.000049
214	0.000280	0.000000	0.000084	0.290405	0.630574	0.078610	0.000000	0.000000	0.000047
215	0.000263	0.000000	0.000080	0.290031	0.630758	0.078833	0.000000	0.000000	0.000035
216	0.000266	0.000000	0.000077	0.290040	0.630877	0.078694	0.000000	0.000000	0.000046
217	0.000265	0.000000	0.000068	0.289746	0.630985	0.078894	0.000000	0.000000	0.000042
218	0.000235	0.000000	0.000065	0.289148	0.631368	0.079143	0.000000	0.000000	0.000041
219	0.000248	0.000000	0.000054	0.289266	0.631286	0.079106	0.000000	0.000000	0.000040
220	0.000234	0.000000	0.000053	0.288920	0.631643	0.079110	0.000000	0.000000	0.000040
221	0.000212	0.000000	0.000048	0.288889	0.631847	0.078962	0.000000	0.000000	0.000042
222	0.000221	0.000000	0.000040	0.289392	0.631304	0.079000	0.000000	0.000000	0.000043
223	0.000199	0.000000	0.000048	0.288982	0.631930	0.078802	0.000000	0.000000	0.000039
224	0.000168	0.000000	0.000033	0.289022	0.631762	0.078974	0.000000	0.000000	0.000041
225	0.000151	0.000000	0.000034	0.288627	0.631936	0.079210	0.000000	0.000000	0.000042
226	0.000156	0.000000	0.000034	0.288952	0.631822	0.078993	0.000000	0.000000	0.000043
227	0.000170	0.000000	0.000031	0.288419	0.632364	0.078982	0.000000	0.000000	0.000034
228	0.000169	0.000000	0.000024	0.288261	0.632887	0.078623	0.000000	0.000000	0.000036
229	0.000160	0.000000	0.000020	0.288580	0.632401	0.078815	0.000000	0.000000	0.000024
230	0.000157	0.000000	0.000016	0.288545	0.632407	0.078844	0.000000	0.000000	0.000031
231	0.000155	0.000000	0.000008	0.288188	0.632741	0.078881	0.000000	0.000000	0.000027
232	0.000157	0.000000	0.000006	0.288095	0.632602	0.079107	0.000000	0.000000	0.000033
233	0.000144	0.000000	0.000004	0.287759	0.632808	0.079260	0.000000	0.000000	0.000025
234	0.000140	0.000000	0.000002	0.287995	0.632337	0.079502	0.000000	0.000000	0.000024
235	0.000132	0.000000	0.000003	0.288162	0.631942	0.079740	0.000000	0.000000	0.000021
236	0.000135	0.000000	0.000001	0.287891	0.632540	0.079412	0.000000	0.000000	0.000021
237	0.000144	0.000000	0.000000	0.287794	0.632802	0.079243	0.000000	0.000000	0.000017
238	0.000145	0.000000	0.000000	0.288089	0.632382	0.079365	0.000000	0.000000	0.000019
239	0.000133	0.000000	0.000000	0.288338	0.632107	0.079405	0.000000	0.000000	0.000017
240	0.000122	0.000000	0.000000	0.288131	0.632128	0.079600	0.000000	0.000000	0.000019
241	0.000116	0.000000	0.000000	0.288266	0.632011	0.079590	0.000000	0.000000	0.000017
242	0.000105	0.000000	0.000000	0.288300	0.632029	0.079547	0.000000	0.000000	0.000019
243	0.000100	0.000000	0.000000	0.288539	0.631951	0.079394	0.000000	0.000000	0.000016
244	0.000091	0.000000	0.000000	0.288564	0.631784	0.079544	0.000000	0.000000	0.000017
245	0.000073	0.000000	0.000000	0.288898	0.631331	0.079678	0.000000	0.000000	0.000020
246	0.000083	0.000000	0.000000	0.288985	0.631056	0.079861	0.000000	0.000000	0.000015
247	0.000085	0.000000	0.000000	0.289012	0.631012	0.079882	0.000000	0.000000	0.000009
248	0.000082	0.000000	0.000000	0.289489	0.630667	0.079751	0.000000	0.000000	0.000011
249	0.000085	0.000000	0.000000	0.289573	0.630940	0.079390	0.000000	0.000000	0.000012
250	0.000086	0.000000	0.000000	0.289312	0.631096	0.079496	0.000000	0.000000	0.000010
251	0.000082	0.000000	0.000000	0.289326	0.630910	0.079676	0.000000	0.000000	0.000006
252	0.000084	0.000000	0.000000	0.289540	0.630636	0.079733	0.000000	0.000000	0.000007
253	0.000090	0.000000	0.000000	0.289606	0.630917	0.079381	0.000000	0.000000	0.000006
254	0.000084	0.000000	0.000000	0.288715	0.631441	0.079758	0.000000	0.000000	0.000002
255	0.000066	0.000000	0.000000	0.289293	0.630881	0.079755	0.000000	0.000000	0.000005
256	0.000065	0.000000	0.000000	0.289209	0.630965	0.079759	0.000000	0.000000	0.000002
257	0.000066	0.000000	0.000000	0.289101	0.630996	0.079836	0.000000	0.000000	0.000001
258	0.000071	0.000000	0.000000	0.289350	0.630835	0.079744	0.000000	0.000000	0.000000
259	0.000072	0.000000	0.000000	0.289455	0.630776	0.079697	0.000000	0.000000	0.000000
260	0.000066	0.000000	0.000000	0.289856	0.630432	0.079646	0.000000	0.000000	0.000000
261	0.000071	0.000000	0.000000	0.290056	0.629694	0.080179	0.000000	0.000000	0.000000
262	0.000073	0.000000	0.000000	0.290106	0.629869	0.079952	0.000000	0.000000	0.000000
263	0.000068	0.000000	0.000000	0.290445	0.629769	0.079718	0.000000	0.000000	0.000000
264	0.000060	0.000000	0.000000	0.290575	0.629604	0.079761	0.000000	0.000000	0.000000
265	0.000056	0.000000	0.000000	0.290605	0.629529	0.079810	0.000000	0.000000	0.000000
266	0.000062	0.000000	0.000000	0.290421	0.629588	0.079929	0.000000	0.000000	0.000000
267	0.000064	0.000000	0.000000	0.290302	0.629792	0.079842	0.000000	0.000000	0.000000
268	0.000061	0.000000	0.000000	0.290457	0.629862	0.079620	0.000000	0.000000	0.000000
269	0.000062	0.000000	0.000000	0.290582	0.629624	0.079732	0.000000	0.000000	0.000000
270	0.000062	0.000000	0.000000	0.290803	0.629113	0.080022	0.000000	0.000000	0.000000
271	0.000052	0.000000	0.000000	0.290076	0.629511	0.080361	0.000000	0.000000	0.000000
272	0.000055	0.000000	0.000000	0.289986	0.629626	0.080333	0.000000	0.000000	0.000000
273	0.000053	0.000000	0.000000	0.290264	0.629544	0.080139	0.000000	0.000000	0.000000
274	0.000051	0.000000	0.000000	0.290051	0.629818	0.080080	0.000000	0.000000	0.000000
275	0.000053	0.000000	0.000000	0.289243	0.630704	0.080000	0.000000	0.000000	0.000000
276	0.000046	0.000000	0.000000	0.289132	0.630433	0.080389	0.000000	0.000000	0.000000
277	0.000049	0.000000	0.000000	0.289221	0.630249	0.080481	0.000000	0.000000	0.000000
278	0.000044	0.000000	0.000000	0.289754	0.629829	0.080373	0.000000	0.000000	0.000000
279	0.000047	0.000000	0.000000	0.290030	0.629488	0.080435	0.000000	0.000000	0.000000
280	0.000041	0.000000	0.000000	0.289763	0.629421	0.080775	0.000000	0.000000	0.000000
281	0.000039	0.000000	0.000000	0.289464	0.629900	0.080597	0.000000	0.000000	0.000000
282	0.000040	0.000000	0.000000	0.289772	0.629475	0.080713	0.000000	0.000000	0.000000
283	0.000035	0.000000	0.000000	0.289409	0.629762	0.080794	0.000000	0.000000	0.000000
284	0.000033	0.000000	0.000000	0.289534	0.629779	0.080654	0.000000	0.000000	0.000000
285	0.000028	0.000000	0.000000	0.289540	0.629780	0.080652	0.000000	0.000000	0.000000
286	0.000031	0.000000	0.000000	0.289440	0.630011	0.080518	0.000000	0.000000	0.000000
287	0.000024	0.000000	0.000000	0.289518	0.629787	0.080671	0.000000	0.000000	0.000000
288	0.000023	0.000000	0.000000	0.289087	0.630217	0.080673	0.000000	0.000000	0.000000
289	0.000027	0.000000	0.000000	0.289424	0.629718	0.080831	0.000000	0.000000	0.000000
290	0.000028	0.000000	0.000000	0.289333	0.629617	0.081022	0.000000	0.000000	0.000000
291	0.000021	0.000000	0.000000	0.289018	0.629980	0.080981	0.000000	0.000000	0.000000
292	0.000022	0.000000	0.000000	0.290110	0.629220	0.080648	0.000000	0.000000	0.000000
293	0.000015	0.000000	0.000000	0.289949	0.629246	0.080790	0.000000	0.000000	0.000000
294	0.000008	0.000000	0.000000	0.290090	0.629408	0.080494	0.000000	0.000000	0.000000
295	0.000011	0.000000	0.000000	0.289664	0.629587	0.080738	0.000000	0.000000	0.000000
296	0.000006	0.000000	0.000000	0.289047	0.630046	0.080901	0.000000	0.000000	0.000000
297	0.000006	0.000000	0.000000	0.290103	0.629167	0.080724	0.000000	0.000000	0.000000
298	0.000008	0.000000	0.000000	0.289537	0.629616	0.080839	0.000000	0.000000	0.000000
299	0.000011	0.000000	0.000000	0.290150	0.629032	0.080807	0.000000	0.000000	0.000000
300	0.000009	0.000000	0.000000	0.290464	0.628619	0.080908	0.000000	0.000000	0.000000
301	0.000009	0.000000	0.000000	0.290602	0.628293	0.081096	0.000000	0.000000	0.000000
302	0.000009	0.000000	0.000000	0.290920	0.627669	0.081402	0.000000	0.000000	0.000000
303	0.000011	0.000000	0.000000	0.290899	0.627632	0.081458	0.000000	0.000000	0.000000
304	0.000011	0.000000	0.000000	0.290415	0.628158	0.081416	0.000000	0.000000	0.000000
305	0.000014	0.000000	0.000000	0.290320	0.628057	0.081609	0.000000	0.000000	0.000000
306	0.000015	0.000000	0.000000	0.290952	0.627530	0.081503	0.000000	0.000000	0.000000
307	0.000017	0.000000	0.000000	0.290419	0.628067	0.081497	0.000000	0.000000	0.000000
308	0.000022	0.000000	0.000000	0.290695	0.627744	0.081539	0.000000	0.000000	0.000000
309	0.000019	0.000000	0.000000	0.290465	0.627965	0.081551	0.000000	0.000000	0.000000
310	0.000020	0.000000	0.000000	0.290557	0.628015	0.081408	0.000000	0.000000	0.000000
311	0.000020	0.000000	0.000000	0.290855	0.627814	0.081311	0.000000	0.000000	0.000000
312	0.000016	0.000000	0.000000	0.291264	0.627295	0.081425	0.000000	0.000000	0.000000
313	0.000017	0.000000	0.000000	0.291625	0.627166	0.081192	0.000000	0.000000	0.000000
314	0.000014	0.000000	0.000000	0.291458	0.627079	0.081449	0.000000	0.000000	0.000000
315	0.000014	0.000000	0.000000	0.291971	0.626497	0.081518	0.000000	0.000000	0.000000
316	0.000015	0.000000	0.000000	0.291405	0.627001	0.081579	0.000000	0.000000	0.000000
317	0.000015	0.000000	0.000000	0.291808	0.626141	0.082036	0.000000	0.000000	0.000000
318	0.000012	0.000000	0.000000	0.291315	0.626706	0.081967	0.000000	0.000000	0.000000
319	0.000010	0.000000	0.000000	0.291587	0.626293	0.082110	0.000000	0.000000	0.000000
320	0.000011	0.000000	0.000000	0.291598	0.626445	0.081946	0.000000	0.000000	0.000000
321	0.000014	0.000000	0.000000	0.290967	0.626803	0.082216	0.000000	0.000000	0.000000
322	0.000015	0.000000	0.000000	0.291113	0.626531	0.082341	0.000000	0.000000	0.000000
323	0.000019	0.000000	0.000000	0.291246	0.626396	0.082339	0.000000	0.000000	0.000000
324	0.000019	0.000000	0.000000	0.290953	0.626843	0.082185	0.000000	0.000000	0.000000
325	0.000022	0.000000	0.000000	0.290820	0.626894	0.082264	0.000000	0.000000	0.000000
326	0.000028	0.000000	0.000000	0.290999	0.626795	0.082178	0.000000	0.000000	0.000000
327	0.000026	0.000000	0.000000	0.290766	0.627259	0.081949	0.000000	0.000000	0.000000
328	0.000026	0.000000	0.000000	0.290802	0.627477	0.081695	0.000000	0.000000	0.000000
329	0.000020	0.000000	0.000000	0.290180	0.628234	0.081566	0.000000	0.000000	0.000000
330	0.000025	0.000000	0.000000	0.290454	0.627687	0.081834	0.000000	0.000000	0.000000
331	0.000027	0.000000	0.000000	0.290465	0.627625	0.081883	0.000000	0.000000	0.000000
332	0.000020	0.000000	0.000000	0.290681	0.627510	0.081789	0.000000	0.000000	0.000000
333	0.000022	0.000000	0.000000	0.290575	0.627534	0.081869	0.000000	0.000000	0.000000
334	0.000026	0.000000	0.000000	0.290256	0.627999	0.081719	0.000000	0.000000	0.000000
335	0.000024	0.000000	0.000000	0.290334	0.628037	0.081605	0.000000	0.000000	0.000000
336	0.000027	0.000000	0.000000	0.290311	0.628271	0.081391	0.000000	0.000000	0.000000
337	0.000025	0.000000	0.000000	0.290325	0.628177	0.081473	0.000000	0.000000	0.000000
338	0.000020	0.000000	0.000000	0.290045	0.628802	0.081133	0.000000	0.000000	0.000000
339	0.000018	0.000000	0.000000	0.290241	0.628705	0.081036	0.000000	0.000000	0.000000
340	0.000019	0.000000	0.000000	0.290655	0.628520	0.080806	0.000000	0.000000	0.000000
341	0.000021	0.000000	0.000000	0.290537	0.628727	0.080715	0.000000	0.000000	0.000000
342	0.000020	0.000000	0.000000	0.290879	0.628768	0.080333	0.000000	0.000000	0.000000
343	0.000022	0.000000	0.000000	0.290181	0.629254	0.080543	0.000000	0.000000	0.000000
344	0.000012	0.000000	0.000000	0.290434	0.629021	0.080533	0.000000	0.000000	0.000000
345	0.000011	0.000000	0.000000	0.290276	0.628838	0.080875	0.000000	0.000000	0.000000
346	0.000008	0.000000	0.000000	0.290194	0.629010	0.080788	0.000000	0.000000	0.000000
347	0.000007	0.000000	0.000000	0.290246	0.629457	0.080290	0.000000	0.000000	0.000000
348	0.000008	0.000000	0.000000	0.289996	0.629708	0.080288	0.000000	0.000000	0.000000
349	0.000009	0.000000	0.000000	0.290278	0.629230	0.080483	0.000000	0.000000	0.000000
350	0.000009	0.000000	0.000000	0.290815	0.628696	0.080480	0.000000	0.000000	0.000000
351	0.000008	0.000000	0.000000	0.290807	0.628380	0.080805	0.000000	0.000000	0.000000
352	0.000008	0.000000	0.000000	0.291139	0.627770	0.081083	0.000000	0.000000	0.000000
353	0.000013	0.000000	0.000000	0.290866	0.627951	0.081170	0.000000	0.000000	0.000000
354	0.000010	0.000000	0.000000	0.290864	0.627833	0.081293	0.000000	0.000000	0.000000
355	0.000008	0.000000	0.000000	0.291122	0.627707	0.081163	0.000000	0.000000	0.000000
356	0.000013	0.000000	0.000000	0.291155	0.627964	0.080868	0.000000	0.000000	0.000000
357	0.000010	0.000000	0.000000	0.290990	0.627955	0.081045	0.000000	0.000000	0.000000
358	0.000009	0.000000	0.000000	0.290359	0.628652	0.080980	0.000000	0.000000	0.000000
359	0.000010	0.000000	0.000000	0.290128	0.628945	0.080917	0.000000	0.000000	0.000000
360	0.000010	0.000000	0.000000	0.290042	0.629096	0.080852	0.000000	0.000000	0.000000
361	0.000007	0.000000	0.000000	0.289615	0.629731	0.080647	0.000000	0.000000	0.000000
362	0.000004	0.000000	0.000000	0.289891	0.629724	0.080381	0.000000	0.000000	0.000000
363	0.000001	0.000000	0.000000	0.290004	0.629097	0.080898	0.000000	0.000000	0.000000
364	0.000000	0.000000	0.000000	0.289793	0.629381	0.080826	0.000000	0.000000	0.000000
365	0.000000	0.000000	0.000000	0.289716	0.629855	0.080429	0.000000	0.000000	0.000000
366	0.000000	0.000000	0.000000	0.289626	0.629391	0.080983	0.000000	0.000000	0.000000
367	0.000000	0.000000	0.000000	0.289558	0.629754	0.080688	0.000000	0.000000	0.000000
368	0.000000	0.000000	0.000000	0.289837	0.629583	0.080580	0.000000	0.000000	0.000000
369	0.000000	0.000000	0.000000	0.290042	0.629167	0.080791	0.000000	0.000000	0.000000
370	0.000000	0.000000	0.000000	0.289776	0.629493	0.080731	0.000000	0.000000	0.000000
371	0.000000	0.000000	0.000000	0.289884	0.629276	0.080840	0.000000	0.000000	0.000000
372	0.000000	0.000000	0.000000	0.289734	0.629405	0.080861	0.000000	0.000000	0.000000
373	0.000000	0.000000	0.000000	0.290269	0.628805	0.080926	0.000000	0.000000	0.000000
374	0.000000	0.000000	0.000000	0.290061	0.629178	0.080761	0.000000	0.000000	0.000000
375	0.000000	0.000000	0.000000	0.290738	0.628660	0.080602	0.000000	0.000000	0.000000
376	0.000000	0.000000	0.000000	0.290326	0.628889	0.080785	0.000000	0.000000	0.000000
377	0.000000	0.000000	0.000000	0.290484	0.628856	0.080660	0.000000	0.000000	0.000000
378	0.000000	0.000000	0.000000	0.290625	0.628615	0.080760	0.000000	0.000000	0.000000
379	0.000000	0.000000	0.000000	0.290611	0.628515	0.080874	0.000000	0.000000	0.000000
380	0.000000	0.000000	0.000000	0.290652	0.628636	0.080712	0.000000	0.000000	0.000000
381	0.000000	0.000000	0.000000	0.289992	0.629052	0.080956	0.000000	0.000000	0.000000
382	0.000000	0.000000	0.000000	0.289501	0.629535	0.080964	0.000000	0.000000	0.000000
383	0.000000	0.000000	0.000000	0.289465	0.629280	0.081255	0.000000	0.000000	0.000000
384	0.000000	0.000000	0.000000	0.289351	0.629268	0.081381	0.000000	0.000000	0.000000
385	0.000000	0.000000	0.000000	0.289271	0.628984	0.081745	0.000000	0.000000	0.000000
386	0.000000	0.000000	0.000000	0.289647	0.628760	0.081593	0.000000	0.000000	0.000000
387	0.000000	0.000000	0.000000	0.289312	0.629118	0.081570	0.000000	0.000000	0.000000
388	0.000000	0.000000	0.000000	0.289285	0.629102	0.081613	0.000000	0.000000	0.000000
389	0.000000	0.000000	0.000000	0.288849	0.629393	0.081758	0.000000	0.000000	0.000000
390	0.000000	0.000000	0.000000	0.288798	0.629497	0.081705	0.000000	0.000000	0.000000
391	0.000000	0.000000	0.000000	0.288301	0.630082	0.081617	0.000000	0.000000	0.000000
392	0.000000	0.000000	0.000000	0.288087	0.630142	0.081771	0.000000	0.000000	0.000000
393	0.000000	0.000000	0.000000	0.287665	0.630243	0.082092	0.000000	0.000000	0.000000
394	0.000000	0.000000	0.000000	0.287806	0.630494	0.081700	0.000000	0.000000	0.000000
395	0.000000	0.000000	0.000000	0.288059	0.630465	0.081476	0.000000	0.000000	0.000000
396	0.000000	0.000000	0.000000	0.287981	0.630555	0.081464	0.000000	0.000000	0.000000
397	0.000000	0.000000	0.000000	0.288547	0.629776	0.081677	0.000000	0.000000	0.000000
398	0.000000	0.000000	0.000000	0.288189	0.630346	0.081465	0.000000	0.000000	0.000000
399	0.000000	0.000000	0.000000	0.287918	0.630558	0.081524	0.000000	0.000000	0.000000
400	0.000000	0.000000	0.000000	0.287690	0.630847	0.081463	0.000000	0.000000	0.000000
401	0.000000	0.000000	0.000000	0.288184	0.630471	0.081345	0.000000	0.000000	0.000000
402	0.000000	0.000000	0.000000	0.287340	0.631427	0.081233	0.000000	0.000000	0.000000
403	0.000000	0.000000	0.000000	0.287545	0.631382	0.081073	0.000000	0.000000	0.000000
404	0.000000	0.000000	0.000000	0.287450	0.631319	0.081231	0.000000	0.000000	0.000000
405	0.000000	0.000000	0.000000	0.287323	0.631304	0.081373	0.000000	0.000000	0.000000
406	0.000000	0.000000	0.000000	0.287482	0.631046	0.081472	0.000000	0.000000	0.000000
407	0.000000	0.000000	0.000000	0.287342	0.631249	0.081409	0.000000	0.000000	0.000000
408	0.000000	0.000000	0.000000	0.286920	0.631858	0.081222	0.000000	0.000000	0.000000
409	0.000000	0.000000	0.000000	0.286340	0.632415	0.081245	0.000000	0.000000	0.000000
410	0.000000	0.000000	0.000000	0.286333	0.632272	0.081395	0.000000	0.000000	0.000000
411	0.000000	0.000000	0.000000	0.285842	0.632124	0.082034	0.000000	0.000000	0.000000
412	0.000000	0.000000	0.000000	0.285145	0.632872	0.081983	0.000000	0.000000	0.000000
413	0.000000	0.000000	0.000000	0.284586	0.633534	0.081880	0.000000	0.000000	0.000000
414	0.000000	0.000000	0.000000	0.284519	0.633570	0.081911	0.000000	0.000000	0.000000
415	0.000000	0.000000	0.000000	0.284729	0.633415	0.081856	0.000000	0.000000	0.000000
416	0.000000	0.000000	0.000000	0.284763	0.633479	0.081758	0.000000	0.000000	0.000000
417	0.000000	0.000000	0.000000	0.284639	0.633714	0.081647	0.000000	0.000000	0.000000
418	0.000000	0.000000	0.000000	0.284263	0.634177	0.081560	0.000000	0.000000	0.000000
419	0.000000	0.000000	0.000000	0.284459	0.633820	0.081721	0.000000	0.000000	0.000000
420	0.000000	0.000000	0.000000	0.284373	0.633751	0.081876	0.000000	0.000000	0.000000
421	0.000000	0.000000	0.000000	0.283808	0.634540	0.081652	0.000000	0.000000	0.000000
422	0.000000	0.000000	0.000000	0.283857	0.634552	0.081591	0.000000	0.000000	0.000000
423	0.000000	0.000000	0.000000	0.283994	0.634667	0.081339	0.000000	0.000000	0.000000
424	0.000000	0.000000	0.000000	0.283294	0.635404	0.081302	0.000000	0.000000	0.000000
425	0.000000	0.000000	0.000000	0.283168	0.635335	0.081497	0.000000	0.000000	0.000000
426	0.000000	0.000000	0.000000	0.282833	0.635657	0.081510	0.000000	0.000000	0.000000
427	0.000000	0.000000	0.000000	0.282502	0.635820	0.081678	0.000000	0.000000	0.000000
428	0.000000	0.000000	0.000000	0.282982	0.635413	0.081605	0.000000	0.000000	0.000000
429	0.000000	0.000000	0.000000	0.282214	0.636517	0.081269	0.000000	0.000000	0.000000
430	0.000000	0.000000	0.000000	0.282165	0.636493	0.081342	0.000000	0.000000	0.000000
431	0.000000	0.000000	0.000000	0.281720	0.636499	0.081781	0.000000	0.000000	0.000000
432	0.000000	0.000000	0.000000	0.281525	0.636779	0.081696	0.000000	0.000000	0.000000
433	0.000000	0.000000	0.000000	0.281446	0.637039	0.081515	0.000000	0.000000	0.000000
434	0.000000	0.000000	0.000000	0.281220	0.637211	0.081569	0.000000	0.000000	0.000000
435	0.000000	0.000000	0.000000	0.281003	0.636916	0.082081	0.000000	0.000000	0.000000
436	0.000000	0.000000	0.000000	0.281116	0.636801	0.082083	0.000000	0.000000	0.000000
437	0.000000	0.000000	0.000000	0.280924	0.637203	0.081873	0.000000	0.000000	0.000000
438	0.000000	0.000000	0.000000	0.280712	0.637219	0.082069	0.000000	0.000000	0.000000
439	0.000000	0.000000	0.000000	0.280665	0.637188	0.082147	0.000000	0.000000	0.000000
440	0.000000	0.000000	0.000000	0.280298	0.637258	0.082444	0.000000	0.000000	0.000000
441	0.000000	0.000000	0.000000	0.280724	0.637288	0.081988	0.000000	0.000000	0.000000
442	0.000000	0.000000	0.000000	0.281028	0.636858	0.082114	0.000000	0.000000	0.000000
443	0.000000	0.000000	0.000000	0.281405	0.636438	0.082157	0.000000	0.000000	0.000000
444	0.000000	0.000000	0.000000	0.280940	0.637013	0.082047	0.000000	0.000000	0.000000
445	0.000000	0.000000	0.000000	0.280940	0.636943	0.082117	0.000000	0.000000	0.000000
446	0.000000	0.000000	0.000000	0.280873	0.637159	0.081968	0.000000	0.000000	0.000000
447	0.000000	0.000000	0.000000	0.280002	0.637638	0.082360	0.000000	0.000000	0.000000
448	0.000000	0.000000	0.000000	0.280281	0.637660	0.082059	0.000000	0.000000	0.000000
449	0.000000	0.000000	0.000000	0.280653	0.636991	0.082356	0.000000	0.000000	0.000000
450	0.000000	0.000000	0.000000	0.280220	0.637272	0.082508	0.000000	0.000000	0.000000
451	0.000000	0.000000	0.000000	0.280046	0.637316	0.082638	0.000000	0.000000	0.000000
452	0.000000	0.000000	0.000000	0.279622	0.637559	0.082819	0.000000	0.000000	0.000000
453	0.000000	0.000000	0.000000	0.280623	0.636597	0.082780	0.000000	0.000000	0.000000
454	0.000000	0.000000	0.000000	0.280551	0.636800	0.082649	0.000000	0.000000	0.000000
455	0.000000	0.000000	0.000000	0.280346	0.637280	0.082374	0.000000	0.000000	0.000000
456	0.000000	0.000000	0.000000	0.280434	0.637290	0.082276	0.000000	0.000000	0.000000
457	0.000000	0.000000	0.000000	0.279746	0.637738	0.082516	0.000000	0.000000	0.000000
458	0.000000	0.000000	0.000000	0.279915	0.637308	0.082777	0.000000	0.000000	0.000000
459	0.000000	0.000000	0.000000	0.280145	0.637294	0.082561	0.000000	0.000000	0.000000
460	0.000000	0.000000	0.000000	0.279947	0.637853	0.082200	0.000000	0.000000	0.000000
461	0.000000	0.000000	0.000000	0.280419	0.637666	0.081915	0.000000	0.000000	0.000000
462	0.000000	0.000000	0.000000	0.280461	0.637269	0.082270	0.000000	0.000000	0.000000
463	0.000000	0.000000	0.000000	0.280325	0.637489	0.082186	0.000000	0.000000	0.000000
464	0.000000	0.000000	0.000000	0.279702	0.637773	0.082525	0.000000	0.000000	0.000000
465	0.000000	0.000000	0.000000	0.279219	0.638556	0.082225	0.000000	0.000000	0.000000
466	0.000000	0.000000	0.000000	0.279351	0.638276	0.082373	0.000000	0.000000	0.000000
467	0.000000	0.000000	0.000000	0.279554	0.637973	0.082473	0.000000	0.000000	0.000000
468	0.000000	0.000000	0.000000	0.280224	0.637518	0.082258	0.000000	0.000000	0.000000
469	0.000000	0.000000	0.000000	0.280550	0.637040	0.082410	0.000000	0.000000	0.000000
470	0.000000	0.000000	0.000000	0.280463	0.637716	0.081821	0.000000	0.000000	0.000000
