0	0.290663	0.057897	0.229473	0.157588	0.029913	0.111872	0.085455	0.012259	0.024880
1	0.221359	0.045822	0.192819	0.137686	0.028112	0.119846	0.130744	0.025405	0.098207
2	0.212875	0.043650	0.184467	0.129295	0.028089	0.113990	0.142234	0.027493	0.117907
3	0.210035	0.042037	0.177651	0.123351	0.028646	0.106474	0.150500	0.028463	0.132843
4	0.208423	0.040771	0.170802	0.117653	0.029151	0.099483	0.156993	0.029390	0.147334
5	0.207892	0.039696	0.164107	0.112613	0.029569	0.092079	0.162282	0.029935	0.161827
6	0.207626	0.038714	0.156963	0.108037	0.030085	0.085268	0.167655	0.030308	0.175344
7	0.207065	0.037769	0.150226	0.103797	0.030803	0.079034	0.171855	0.030667	0.188784
8	0.207226	0.036709	0.143308	0.099637	0.031736	0.073344	0.175255	0.030839	0.201946
9	0.207062	0.036164	0.136429	0.096008	0.033069	0.067421	0.178058	0.030826	0.214963
10	0.207456	0.035017	0.129192	0.092268	0.034103	0.061998	0.181503	0.030899	0.227564
11	0.207017	0.034277	0.122329	0.088799	0.035372	0.056754	0.183817	0.031032	0.240603
12	0.207644	0.033224	0.115212	0.085633	0.036612	0.052220	0.185557	0.030903	0.252995
13	0.207238	0.032481	0.108938	0.082428	0.038110	0.048078	0.186815	0.030772	0.265140
14	0.207315	0.031830	0.102519	0.079404	0.039439	0.044459	0.187809	0.030566	0.276659
15	0.207700	0.031329	0.096662	0.076442	0.040867	0.040782	0.189075	0.030114	0.287029
16	0.207303	0.030308	0.091216	0.074006	0.042381	0.037322	0.189644	0.029816	0.298004
17	0.206848	0.029722	0.086040	0.072072	0.044298	0.034247	0.188956	0.029420	0.308397
18	0.206764	0.028913	0.081321	0.069415	0.045589	0.031536	0.188691	0.029249	0.318522
19	0.206396	0.028192	0.076454	0.066959	0.047332	0.028818	0.188875	0.028878	0.328096
20	0.206448	0.027545	0.071706	0.064421	0.049083	0.026711	0.187778	0.028323	0.337985
21	0.205711	0.026978	0.067683	0.061960	0.050956	0.024473	0.187641	0.027912	0.346686
22	0.205467	0.026515	0.063573	0.059946	0.052665	0.022126	0.186868	0.027443	0.355397
23	0.205165	0.025622	0.059730	0.057976	0.054730	0.020535	0.185350	0.026749	0.364143
24	0.204784	0.025222	0.055988	0.055973	0.056717	0.018832	0.183941	0.026213	0.372330
25	0.204372	0.024613	0.052224	0.053603	0.058894	0.017286	0.182770	0.025969	0.380269
26	0.203308	0.024044	0.048799	0.051838	0.060981	0.015853	0.181414	0.025601	0.388162
27	0.202030	0.023664	0.045862	0.050124	0.062985	0.014538	0.179544	0.024984	0.396269
28	0.201083	0.023029	0.042964	0.048462	0.065135	0.013279	0.177491	0.024452	0.404105
29	0.199640	0.022470	0.039793	0.046379	0.067493	0.012224	0.176229	0.024332	0.411440
30	0.198571	0.022005	0.037205	0.045036	0.069723	0.011172	0.173812	0.023761	0.418715
31	0.197514	0.021456	0.034695	0.043166	0.072082	0.010223	0.172463	0.023468	0.424933
32	0.196009	0.020922	0.032084	0.041730	0.074421	0.009441	0.170689	0.022932	0.431772
33	0.194825	0.020463	0.029558	0.040126	0.077011	0.008549	0.168473	0.022565	0.438430
34	0.193562	0.019982	0.027541	0.038666	0.078984	0.007894	0.166164	0.022039	0.445168
35	0.191625	0.019489	0.025833	0.037170	0.081336	0.007268	0.164379	0.021464	0.451436
36	0.190489	0.019101	0.024131	0.036004	0.083874	0.006868	0.161860	0.021003	0.456670
37	0.188508	0.018759	0.022275	0.034610	0.086503	0.006188	0.160029	0.020700	0.462428
38	0.186434	0.018340	0.020641	0.033680	0.088948	0.005784	0.157829	0.020275	0.468069
39	0.184419	0.017889	0.019488	0.032407	0.091147	0.005421	0.155788	0.019828	0.473613
40	0.182477	0.017510	0.018124	0.031122	0.093602	0.004951	0.154008	0.019370	0.478836
41	0.180405	0.017166	0.016838	0.030060	0.096397	0.004569	0.151600	0.018826	0.484139
42	0.177942	0.016719	0.015684	0.028984	0.098934	0.004285	0.149654	0.018441	0.489357
43	0.175897	0.016284	0.014336	0.027864	0.101672	0.003924	0.147672	0.018152	0.494199
44	0.173591	0.015902	0.013333	0.026998	0.104199	0.003548	0.145911	0.017953	0.498565
45	0.171327	0.015513	0.012376	0.026063	0.106605	0.003392	0.144259	0.017594	0.502871
46	0.169168	0.015184	0.011515	0.025197	0.109226	0.003201	0.141990	0.017220	0.507299
47	0.166422	0.014718	0.010715	0.024359	0.111898	0.002956	0.140689	0.016988	0.511255
48	0.163626	0.014133	0.009915	0.023654	0.114482	0.002702	0.138489	0.016683	0.516316
49	0.161023	0.013770	0.009308	0.022832	0.117227	0.002491	0.136464	0.016306	0.520579
50	0.157832	0.013468	0.008591	0.022233	0.120043	0.002252	0.134800	0.015888	0.524893
51	0.155707	0.012964	0.008056	0.021574	0.122416	0.002108	0.132971	0.015613	0.528591
52	0.152793	0.012669	0.007462	0.020695	0.125299	0.001907	0.131312	0.015283	0.532580
53	0.149950	0.012114	0.006999	0.020125	0.128053	0.001768	0.129362	0.014846	0.536783
54	0.147345	0.011696	0.006410	0.019394	0.130687	0.001613	0.127269	0.014631	0.540955
55	0.144383	0.011344	0.006046	0.018862	0.133037	0.001461	0.125816	0.014463	0.544588
56	0.141760	0.011056	0.005499	0.018265	0.135770	0.001406	0.124066	0.014183	0.547995
57	0.138408	0.010735	0.005080	0.017667	0.138799	0.001306	0.122088	0.013880	0.552037
58	0.135199	0.010357	0.004682	0.016813	0.142137	0.001236	0.120157	0.013611	0.555808
59	0.131904	0.010174	0.004395	0.016463	0.145083	0.001101	0.118776	0.013427	0.558677
60	0.128969	0.009788	0.003943	0.015939	0.147886	0.001024	0.116917	0.013312	0.562222
61	0.126416	0.009524	0.003634	0.015517	0.150525	0.000956	0.115348	0.013027	0.565053
62	0.123573	0.009242	0.003356	0.015002	0.153647	0.000891	0.113993	0.012596	0.567700
63	0.120028	0.008860	0.003109	0.014600	0.156699	0.000860	0.112638	0.012440	0.570766
64	0.117294	0.008461	0.002839	0.014094	0.159475	0.000770	0.111299	0.012069	0.573699
65	0.114240	0.008154	0.002609	0.013617	0.162424	0.000754	0.110057	0.011877	0.576268
66	0.111483	0.007970	0.002489	0.013185	0.164920	0.000721	0.108770	0.011758	0.578704
67	0.108782	0.007763	0.002229	0.012897	0.167247	0.000632	0.107749	0.011578	0.581123
68	0.106004	0.007473	0.002084	0.012452	0.169708	0.000601	0.106364	0.011353	0.583961
69	0.103154	0.007144	0.002001	0.011996	0.172602	0.000606	0.104809	0.011047	0.586641
70	0.100435	0.006769	0.001865	0.011759	0.174900	0.000565	0.103881	0.010992	0.588834
71	0.097760	0.006442	0.001661	0.011368	0.177339	0.000554	0.102868	0.010849	0.591159
72	0.094956	0.006297	0.001529	0.011010	0.180034	0.000529	0.101437	0.010618	0.593590
73	0.092240	0.005964	0.001386	0.010747	0.182737	0.000471	0.100250	0.010483	0.595722
74	0.089912	0.005684	0.001274	0.010422	0.185220	0.000474	0.098469	0.010306	0.598239
75	0.087428	0.005495	0.001141	0.010095	0.187766	0.000433	0.097310	0.010087	0.600245
76	0.084999	0.005245	0.001048	0.009855	0.190127	0.000419	0.096200	0.009798	0.602309
77	0.082712	0.005043	0.000969	0.009666	0.192822	0.000407	0.094787	0.009664	0.603930
78	0.080108	0.004864	0.000935	0.009340	0.195534	0.000361	0.093669	0.009569	0.605620
79	0.077896	0.004676	0.000901	0.009013	0.198098	0.000350	0.092127	0.009350	0.607589
80	0.075380	0.004460	0.000828	0.008739	0.200454	0.000331	0.090947	0.009232	0.609629
81	0.072996	0.004308	0.000732	0.008446	0.203021	0.000317	0.089536	0.009125	0.611519
82	0.070828	0.004135	0.000627	0.008254	0.205409	0.000299	0.088490	0.009147	0.612811
83	0.068790	0.003979	0.000597	0.008108	0.207600	0.000293	0.086897	0.008999	0.614737
84	0.066537	0.003766	0.000569	0.007715	0.209814	0.000301	0.085894	0.008740	0.616664
85	0.064169	0.003663	0.000526	0.007532	0.212471	0.000281	0.084917	0.008596	0.617845
86	0.062153	0.003607	0.000498	0.007274	0.214940	0.000253	0.083615	0.008382	0.619278
87	0.060225	0.003464	0.000444	0.007170	0.216713	0.000255	0.082626	0.008195	0.620908
88	0.057928	0.003317	0.000407	0.006888	0.218884	0.000256	0.082107	0.008074	0.622139
89	0.055885	0.003089	0.000372	0.006752	0.221525	0.000246	0.080912	0.007821	0.623398
90	0.054052	0.002956	0.000345	0.006516	0.223607	0.000227	0.080040	0.007666	0.624591
91	0.052183	0.002889	0.000328	0.006322	0.225778	0.000209	0.079107	0.007443	0.625741
92	0.050264	0.002728	0.000294	0.006141	0.227914	0.000217	0.078376	0.007374	0.626692
93	0.048252	0.002613	0.000284	0.005972	0.230211	0.000203	0.077527	0.007241	0.627697
94	0.046682	0.002488	0.000252	0.005840	0.231908	0.000215	0.076630	0.007048	0.628937
95	0.045125	0.002372	0.000230	0.005740	0.233986	0.000210	0.075868	0.006988	0.629481
96	0.043468	0.002264	0.000216	0.005579	0.235977	0.000199	0.074648	0.006887	0.630762
97	0.041840	0.002228	0.000198	0.005466	0.237963	0.000181	0.074056	0.006791	0.631277
98	0.040174	0.002139	0.000201	0.005402	0.239977	0.000196	0.073400	0.006756	0.631755
99	0.038587	0.002049	0.000176	0.005230	0.242529	0.000192	0.072474	0.006749	0.632014
100	0.037306	0.001942	0.000164	0.005070	0.244871	0.000176	0.071739	0.006681	0.632051
101	0.035965	0.001868	0.000156	0.005019	0.246550	0.000188	0.071195	0.006541	0.632518
102	0.034571	0.001821	0.000146	0.004983	0.248538	0.000182	0.070112	0.006424	0.633223
103	0.033271	0.001699	0.000143	0.004854	0.250652	0.000166	0.069228	0.006289	0.633698
104	0.031927	0.001689	0.000113	0.004719	0.252378	0.000157	0.068705	0.006130	0.634182
105	0.030721	0.001589	0.000105	0.004614	0.254592	0.000161	0.068197	0.006070	0.633951
106	0.029383	0.001551	0.000096	0.004499	0.256553	0.000144	0.067712	0.005883	0.634179
107	0.028016	0.001524	0.000085	0.004381	0.258438	0.000138	0.067244	0.005755	0.634419
108	0.026605	0.001470	0.000083	0.004322	0.260280	0.000142	0.066704	0.005669	0.634725
109	0.025533	0.001442	0.000070	0.004218	0.262171	0.000141	0.066028	0.005679	0.634718
110	0.024485	0.001344	0.000069	0.004106	0.263974	0.000125	0.065625	0.005559	0.634713
111	0.023644	0.001339	0.000065	0.004016	0.265489	0.000108	0.065128	0.005524	0.634687
112	0.022500	0.001280	0.000058	0.003933	0.267501	0.000103	0.064627	0.005440	0.634558
113	0.021732	0.001271	0.000047	0.003843	0.269258	0.000096	0.063881	0.005499	0.634373
114	0.020649	0.001211	0.000043	0.003830	0.270712	0.000074	0.063389	0.005375	0.634717
115	0.019884	0.001158	0.000035	0.003637	0.272819	0.000083	0.062913	0.005332	0.634139
116	0.019064	0.001109	0.000026	0.003553	0.274523	0.000075	0.062240	0.005175	0.634235
117	0.018284	0.001068	0.000018	0.003593	0.275982	0.000080	0.061503	0.005127	0.634345
118	0.017288	0.001046	0.000010	0.003557	0.277723	0.000069	0.061021	0.005179	0.634107
119	0.016686	0.001025	0.000007	0.003491	0.279190	0.000067	0.060450	0.005057	0.634027
120	0.015979	0.000945	0.000009	0.003424	0.281012	0.000048	0.060173	0.005058	0.633352
121	0.015271	0.000906	0.000006	0.003266	0.282697	0.000050	0.059926	0.004998	0.632880
122	0.014657	0.000872	0.000001	0.003252	0.284210	0.000041	0.059530	0.004963	0.632474
123	0.013996	0.000824	0.000000	0.003268	0.285634	0.000029	0.059103	0.004982	0.632164
124	0.013290	0.000783	0.000000	0.003204	0.287361	0.000031	0.058579	0.004964	0.631788
125	0.012690	0.000736	0.000000	0.003118	0.288676	0.000027	0.058290	0.004839	0.631624
126	0.012099	0.000714	0.000000	0.003017	0.290009	0.000022	0.057812	0.004809	0.631518
127	0.011541	0.000684	0.000000	0.002968	0.291460	0.000020	0.057173	0.004799	0.631355
128	0.011079	0.000676	0.000000	0.002932	0.292486	0.000014	0.056622	0.004731	0.631460
129	0.010512	0.000624	0.000000	0.002863	0.294114	0.000014	0.055947	0.004672	0.631254
130	0.009936	0.000591	0.000000	0.002876	0.295862	0.000013	0.055519	0.004624	0.630579
131	0.009502	0.000543	0.000000	0.002833	0.297378	0.000010	0.055020	0.004515	0.630199
132	0.009107	0.000481	0.000000	0.002768	0.298894	0.000010	0.054671	0.004472	0.629597
133	0.008734	0.000496	0.000000	0.002743	0.300687	0.000016	0.054345	0.004372	0.628607
134	0.008316	0.000478	0.000000	0.002658	0.302038	0.000020	0.053761	0.004266	0.628463
135	0.007820	0.000441	0.000000	0.002667	0.303321	0.000015	0.053291	0.004210	0.628235
136	0.007523	0.000404	0.000000	0.002549	0.304992	0.000016	0.052946	0.004176	0.627394
137	0.007177	0.000384	0.000000	0.002473	0.306362	0.000013	0.052343	0.004087	0.627161
138	0.006903	0.000359	0.000000	0.002491	0.307845	0.000008	0.051891	0.004125	0.626378
139	0.006577	0.000328	0.000000	0.002410	0.309241	0.000008	0.051503	0.004047	0.625886
140	0.006257	0.000314	0.000000	0.002375	0.310396	0.000011	0.050984	0.003905	0.625758
141	0.006034	0.000304	0.000000	0.002348	0.311871	0.000006	0.050574	0.003859	0.625004
142	0.005689	0.000271	0.000000	0.002331	0.313277	0.000005	0.050075	0.003813	0.624539
143	0.005395	0.000251	0.000000	0.002354	0.314583	0.000006	0.049825	0.003731	0.623855
144	0.005221	0.000261	0.000000	0.002376	0.315609	0.000010	0.049297	0.003744	0.623482
145	0.004962	0.000249	0.000000	0.002341	0.316806	0.000010	0.048895	0.003697	0.623040
146	0.004750	0.000233	0.000000	0.002275	0.317941	0.000012	0.048599	0.003631	0.622559
147	0.004512	0.000233	0.000000	0.002191	0.319183	0.000011	0.048450	0.003660	0.621760
148	0.004305	0.000200	0.000000	0.002173	0.320708	0.000009	0.048178	0.003462	0.620965
149	0.004206	0.000209	0.000000	0.002124	0.322308	0.000014	0.047777	0.003342	0.620020
150	0.004115	0.000203	0.000000	0.002067	0.323911	0.000015	0.047176	0.003266	0.619247
151	0.003888	0.000200	0.000000	0.002009	0.324967	0.000014	0.046650	0.003220	0.619052
152	0.003651	0.000185	0.000000	0.001965	0.326551	0.000013	0.046340	0.003152	0.618143
153	0.003496	0.000142	0.000000	0.001954	0.327769	0.000008	0.046126	0.003039	0.617466
154	0.003342	0.000130	0.000000	0.001975	0.329198	0.000007	0.045587	0.003044	0.616717
155	0.003177	0.000123	0.000000	0.001972	0.330411	0.000009	0.044978	0.002963	0.616367
156	0.003043	0.000111	0.000000	0.001903	0.331549	0.000016	0.044748	0.002935	0.615695
157	0.002886	0.000102	0.000000	0.001896	0.333098	0.000014	0.044610	0.002898	0.614496
158	0.002708	0.000082	0.000000	0.001887	0.334313	0.000010	0.044147	0.002779	0.614074
159	0.002585	0.000071	0.000000	0.001878	0.335455	0.000014	0.043748	0.002749	0.613500
160	0.002434	0.000060	0.000000	0.001859	0.336547	0.000013	0.043347	0.002699	0.613041
161	0.002324	0.000052	0.000000	0.001883	0.337868	0.000008	0.042954	0.002589	0.612322
162	0.002191	0.000057	0.000000	0.001853	0.339139	0.000007	0.042605	0.002599	0.611549
163	0.002066	0.000055	0.000000	0.001847	0.340261	0.000004	0.042192	0.002545	0.611030
164	0.001959	0.000059	0.000000	0.001826	0.341611	0.000008	0.041843	0.002437	0.610257
165	0.001855	0.000054	0.000000	0.001772	0.342950	0.000005	0.041413	0.002490	0.609461
166	0.001765	0.000053	0.000000	0.001799	0.344090	0.000007	0.040898	0.002404	0.608984
167	0.001670	0.000049	0.000000	0.001749	0.345618	0.000006	0.040435	0.002306	0.608167
168	0.001574	0.000054	0.000000	0.001731	0.346959	0.000006	0.040015	0.002283	0.607378
169	0.001520	0.000051	0.000000	0.001679	0.348457	0.000008	0.039749	0.002236	0.606300
170	0.001438	0.000052	0.000000	0.001700	0.349908	0.000004	0.039208	0.002175	0.605515
171	0.001330	0.000059	0.000000	0.001663	0.351028	0.000003	0.038834	0.002142	0.604941
172	0.001316	0.000052	0.000000	0.001669	0.351957	0.000004	0.038597	0.002068	0.604337
173	0.001224	0.000050	0.000000	0.001601	0.353068	0.000006	0.038327	0.002014	0.603710
174	0.001239	0.000043	0.000000	0.001550	0.354444	0.000003	0.038063	0.001896	0.602762
175	0.001196	0.000038	0.000000	0.001564	0.355600	0.000006	0.037677	0.001913	0.602006
176	0.001123	0.000036	0.000000	0.001559	0.356409	0.000010	0.037349	0.001871	0.601643
177	0.001078	0.000033	0.000000	0.001578	0.357604	0.000009	0.037203	0.001842	0.600653
178	0.001015	0.000027	0.000000	0.001575	0.358952	0.000007	0.037027	0.001879	0.599518
179	0.000932	0.000020	0.000000	0.001511	0.360307	0.000008	0.036710	0.001809	0.598703
180	0.000923	0.000024	0.000000	0.001479	0.361319	0.000005	0.036405	0.001793	0.598052
181	0.000909	0.000019	0.000000	0.001441	0.362533	0.000003	0.036041	0.001754	0.597300
182	0.000868	0.000021	0.000000	0.001407	0.363688	0.000004	0.035874	0.001738	0.596400
183	0.000827	0.000021	0.000000	0.001376	0.364946	0.000003	0.035506	0.001722	0.595599
184	0.000795	0.000021	0.000000	0.001380	0.366295	0.000003	0.035171	0.001666	0.594669
185	0.000751	0.000023	0.000000	0.001377	0.367423	0.000006	0.034942	0.001656	0.593822
186	0.000746	0.000024	0.000000	0.001331	0.368089	0.000006	0.034677	0.001690	0.593437
187	0.000697	0.000017	0.000000	0.001303	0.369291	0.000003	0.034428	0.001693	0.592568
188	0.000686	0.000017	0.000000	0.001311	0.370408	0.000003	0.034220	0.001709	0.591646
189	0.000686	0.000018	0.000000	0.001298	0.371899	0.000005	0.034008	0.001676	0.590410
190	0.000683	0.000024	0.000000	0.001309	0.373138	0.000004	0.033388	0.001639	0.589815
191	0.000663	0.000022	0.000000	0.001292	0.374361	0.000004	0.033151	0.001644	0.588863
192	0.000652	0.000020	0.000000	0.001287	0.375871	0.000003	0.032988	0.001584	0.587595
193	0.000596	0.000026	0.000000	0.001258	0.377315	0.000000	0.032623	0.001558	0.586624
194	0.000558	0.000036	0.000000	0.001244	0.378657	0.000000	0.032452	0.001583	0.585470
195	0.000529	0.000036	0.000000	0.001277	0.379952	0.000000	0.032140	0.001573	0.584493
196	0.000486	0.000036	0.000000	0.001293	0.381156	0.000000	0.031830	0.001549	0.583650
197	0.000495	0.000034	0.000000	0.001248	0.382436	0.000000	0.031633	0.001494	0.582660
198	0.000443	0.000035	0.000000	0.001290	0.383523	0.000000	0.031295	0.001486	0.581928
199	0.000438	0.000038	0.000000	0.001235	0.385131	0.000000	0.030911	0.001461	0.580786
200	0.000407	0.000033	0.000000	0.001264	0.386234	0.000000	0.030844	0.001469	0.579749
201	0.000384	0.000044	0.000000	0.001281	0.387080	0.000000	0.030797	0.001470	0.578944
202	0.000381	0.000039	0.000000	0.001241	0.388546	0.000000	0.030678	0.001490	0.577625
203	0.000381	0.000036	0.000000	0.001234	0.389394	0.000000	0.030282	0.001460	0.577213
204	0.000352	0.000032	0.000000	0.001247	0.390142	0.000000	0.030226	0.001444	0.576557
205	0.000327	0.000024	0.000000	0.001268	0.391020	0.000000	0.029705	0.001435	0.576221
206	0.000294	0.000027	0.000000	0.001258	0.392579	0.000000	0.029354	0.001414	0.575074
207	0.000263	0.000020	0.000000	0.001245	0.393485	0.000000	0.029033	0.001441	0.574513
208	0.000249	0.000017	0.000000	0.001245	0.394967	0.000000	0.028617	0.001450	0.573455
209	0.000243	0.000015	0.000000	0.001223	0.396358	0.000000	0.028349	0.001426	0.572386
210	0.000225	0.000018	0.000000	0.001165	0.397868	0.000000	0.028242	0.001398	0.571084
211	0.000201	0.000014	0.000000	0.001160	0.399108	0.000000	0.027883	0.001415	0.570219
212	0.000183	0.000016	0.000000	0.001192	0.399859	0.000000	0.027688	0.001422	0.569640
213	0.000183	0.000014	0.000000	0.001212	0.401027	0.000000	0.027378	0.001367	0.568819
214	0.000184	0.000007	0.000000	0.001208	0.402340	0.000000	0.027386	0.001346	0.567529
215	0.000175	0.000007	0.000000	0.001195	0.403592	0.000000	0.027112	0.001315	0.566604
216	0.000149	0.000008	0.000000	0.001159	0.404884	0.000000	0.026757	0.001325	0.565718
217	0.000146	0.000005	0.000000	0.001165	0.405843	0.000000	0.026749	0.001331	0.564761
218	0.000132	0.000001	0.000000	0.001153	0.407151	0.000000	0.026283	0.001270	0.564010
219	0.000134	0.000000	0.000000	0.001123	0.408560	0.000000	0.026359	0.001266	0.562558
220	0.000125	0.000000	0.000000	0.001097	0.409558	0.000000	0.026163	0.001241	0.561816
221	0.000100	0.000000	0.000000	0.001078	0.410603	0.000000	0.026025	0.001191	0.561003
222	0.000090	0.000000	0.000000	0.001086	0.411784	0.000000	0.025854	0.001162	0.560024
223	0.000089	0.000000	0.000000	0.001073	0.413031	0.000000	0.025713	0.001149	0.558945
224	0.000087	0.000000	0.000000	0.001034	0.414026	0.000000	0.025496	0.001181	0.558176
225	0.000080	0.000000	0.000000	0.001034	0.415300	0.000000	0.025109	0.001164	0.557313
226	0.000072	0.000000	0.000000	0.001010	0.416324	0.000000	0.024949	0.001172	0.556473
227	0.000075	0.000000	0.000000	0.001010	0.417422	0.000000	0.024888	0.001118	0.555487
228	0.000072	0.000000	0.000000	0.001051	0.418590	0.000000	0.024716	0.001106	0.554465
229	0.000073	0.000000	0.000000	0.001044	0.419537	0.000000	0.024721	0.001056	0.553569
230	0.000059	0.000000	0.000000	0.000987	0.421059	0.000000	0.024595	0.001018	0.552282
231	0.000041	0.000000	0.000000	0.000958	0.421996	0.000000	0.024384	0.001004	0.551617
232	0.000036	0.000000	0.000000	0.000966	0.423133	0.000000	0.024347	0.000994	0.550524
233	0.000030	0.000000	0.000000	0.000977	0.424302	0.000000	0.024021	0.000992	0.549678
234	0.000023	0.000000	0.000000	0.000949	0.425473	0.000000	0.023650	0.000970	0.548935
235	0.000023	0.000000	0.000000	0.000938	0.426083	0.000000	0.023731	0.000980	0.548245
236	0.000020	0.000000	0.000000	0.000927	0.427134	0.000000	0.023478	0.000947	0.547494
237	0.000021	0.000000	0.000000	0.000953	0.428074	0.000000	0.022933	0.000962	0.547057
238	0.000021	0.000000	0.000000	0.000963	0.429227	0.000000	0.022785	0.000950	0.546054
239	0.000021	0.000000	0.000000	0.000923	0.430144	0.000000	0.022596	0.000924	0.545392
240	0.000016	0.000000	0.000000	0.000877	0.431565	0.000000	0.022247	0.000939	0.544356
241	0.000014	0.000000	0.000000	0.000842	0.432613	0.000000	0.022272	0.000920	0.543339
242	0.000016	0.000000	0.000000	0.000854	0.433781	0.000000	0.022177	0.000868	0.542304
243	0.000014	0.000000	0.000000	0.000831	0.434836	0.000000	0.022071	0.000813	0.541435
244	0.000016	0.000000	0.000000	0.000815	0.435656	0.000000	0.021916	0.000816	0.540781
245	0.000010	0.000000	0.000000	0.000777	0.436427	0.000000	0.021900	0.000801	0.540085
246	0.000011	0.000000	0.000000	0.000766	0.437765	0.000000	0.021693	0.000801	0.538964
247	0.000009	0.000000	0.000000	0.000765	0.439008	0.000000	0.021285	0.000795	0.538138
248	0.000006	0.000000	0.000000	0.000761	0.439988	0.000000	0.021072	0.000785	0.537388
249	0.000005	0.000000	0.000000	0.000767	0.440971	0.000000	0.020743	0.000817	0.536697
250	0.000004	0.000000	0.000000	0.000780	0.442020	0.000000	0.020677	0.000779	0.535740
251	0.000002	0.000000	0.000000	0.000777	0.443397	0.000000	0.020441	0.000793	0.534590
252	0.000001	0.000000	0.000000	0.000765	0.444927	0.000000	0.020335	0.000742	0.533230
253	0.000000	0.000000	0.000000	0.000773	0.445946	0.000000	0.020154	0.000725	0.532402
254	0.000000	0.000000	0.000000	0.000765	0.447093	0.000000	0.019931	0.000766	0.531445
255	0.000000	0.000000	0.000000	0.000736	0.447926	0.000000	0.019885	0.000785	0.530668
256	0.000000	0.000000	0.000000	0.000709	0.449002	0.000000	0.019785	0.000800	0.529704
257	0.000000	0.000000	0.000000	0.000767	0.450244	0.000000	0.019539	0.000749	0.528701
258	0.000000	0.000000	0.000000	0.000757	0.451430	0.000000	0.019491	0.000771	0.527551
259	0.000000	0.000000	0.000000	0.000746	0.452925	0.000000	0.019375	0.000790	0.526164
260	0.000000	0.000000	0.000000	0.000736	0.454315	0.000000	0.019221	0.000805	0.524923
261	0.000000	0.000000	0.000000	0.000753	0.455448	0.000000	0.019363	0.000837	0.523599
262	0.000000	0.000000	0.000000	0.000741	0.456358	0.000000	0.019213	0.000814	0.522874
263	0.000000	0.000000	0.000000	0.000729	0.457438	0.000000	0.019266	0.000788	0.521779
264	0.000000	0.000000	0.000000	0.000736	0.458426	0.000000	0.019146	0.000801	0.520891
265	0.000000	0.000000	0.000000	0.000735	0.459345	0.000000	0.019297	0.000822	0.519801
266	0.000000	0.000000	0.000000	0.000781	0.460565	0.000000	0.019067	0.000787	0.518800
267	0.000000	0.000000	0.000000	0.000773	0.461842	0.000000	0.019059	0.000790	0.517536
268	0.000000	0.000000	0.000000	0.000783	0.462672	0.000000	0.018913	0.000796	0.516836
269	0.000000	0.000000	0.000000	0.000788	0.464260	0.000000	0.018552	0.000766	0.515634
270	0.000000	0.000000	0.000000	0.000804	0.465481	0.000000	0.018419	0.000747	0.514549
271	0.000000	0.000000	0.000000	0.000808	0.466295	0.000000	0.018167	0.000725	0.514005
272	0.000000	0.000000	0.000000	0.000793	0.467245	0.000000	0.018167	0.000702	0.513093
273	0.000000	0.000000	0.000000	0.000791	0.467988	0.000000	0.018062	0.000696	0.512463
274	0.000000	0.000000	0.000000	0.000794	0.469207	0.000000	0.017942	0.000685	0.511372
275	0.000000	0.000000	0.000000	0.000763	0.470118	0.000000	0.017820	0.000678	0.510621
276	0.000000	0.000000	0.000000	0.000749	0.471259	0.000000	0.017813	0.000667	0.509512
277	0.000000	0.000000	0.000000	0.000705	0.472096	0.000000	0.017849	0.000668	0.508682
278	0.000000	0.000000	0.000000	0.000682	0.473120	0.000000	0.017693	0.000682	0.507823
279	0.000000	0.000000	0.000000	0.000699	0.474455	0.000000	0.017567	0.000690	0.506589
280	0.000000	0.000000	0.000000	0.000699	0.475547	0.000000	0.017415	0.000691	0.505648
281	0.000000	0.000000	0.000000	0.000681	0.476721	0.000000	0.017286	0.000687	0.504625
282	0.000000	0.000000	0.000000	0.000654	0.477580	0.000000	0.017250	0.000703	0.503813
283	0.000000	0.000000	0.000000	0.000662	0.478603	0.000000	0.017122	0.000689	0.502924
284	0.000000	0.000000	0.000000	0.000650	0.479617	0.000000	0.016963	0.000679	0.502091
285	0.000000	0.000000	0.000000	0.000658	0.480774	0.000000	0.017021	0.000681	0.500866
286	0.000000	0.000000	0.000000	0.000660	0.481813	0.000000	0.016824	0.000666	0.500037
287	0.000000	0.000000	0.000000	0.000651	0.482798	0.000000	0.016589	0.000650	0.499312
288	0.000000	0.000000	0.000000	0.000643	0.484451	0.000000	0.016620	0.000610	0.497676
289	0.000000	0.000000	0.000000	0.000630	0.485366	0.000000	0.016474	0.000624	0.496906
290	0.000000	0.000000	0.000000	0.000646	0.486370	0.000000	0.016386	0.000600	0.495998
291	0.000000	0.000000	0.000000	0.000647	0.487549	0.000000	0.016286	0.000579	0.494939
292	0.000000	0.000000	0.000000	0.000636	0.488429	0.000000	0.016097	0.000562	0.494276
293	0.000000	0.000000	0.000000	0.000660	0.489146	0.000000	0.015944	0.000567	0.493683
294	0.000000	0.000000	0.000000	0.000671	0.490436	0.000000	0.015873	0.000543	0.492477
295	0.000000	0.000000	0.000000	0.000675	0.491229	0.000000	0.015721	0.000542	0.491833
296	0.000000	0.000000	0.000000	0.000660	0.492186	0.000000	0.015571	0.000521	0.491062
297	0.000000	0.000000	0.000000	0.000659	0.493246	0.000000	0.015375	0.000496	0.490224
298	0.000000	0.000000	0.000000	0.000625	0.494115	0.000000	0.015224	0.000449	0.489587
299	0.000000	0.000000	0.000000	0.000602	0.495105	0.000000	0.015041	0.000432	0.488820
300	0.000000	0.000000	0.000000	0.000600	0.496152	0.000000	0.014962	0.000432	0.487854
301	0.000000	0.000000	0.000000	0.000593	0.497467	0.000000	0.014966	0.000425	0.486549
302	0.000000	0.000000	0.000000	0.000586	0.498680	0.000000	0.014881	0.000438	0.485415
303	0.000000	0.000000	0.000000	0.000598	0.499496	0.000000	0.014775	0.000436	0.484695
304	0.000000	0.000000	0.000000	0.000603	0.500593	0.000000	0.014446	0.000456	0.483902
305	0.000000	0.000000	0.000000	0.000601	0.501598	0.000000	0.014348	0.000444	0.483009
306	0.000000	0.000000	0.000000	0.000610	0.502356	0.000000	0.014288	0.000438	0.482308
307	0.000000	0.000000	0.000000	0.000589	0.503177	0.000000	0.014287	0.000447	0.481500
308	0.000000	0.000000	0.000000	0.000571	0.504233	0.000000	0.014263	0.000452	0.480481
309	0.000000	0.000000	0.000000	0.000575	0.505051	0.000000	0.014113	0.000409	0.479852
310	0.000000	0.000000	0.000000	0.000557	0.506324	0.000000	0.013844	0.000412	0.478863
311	0.000000	0.000000	0.000000	0.000559	0.507156	0.000000	0.013800	0.000395	0.478090
312	0.000000	0.000000	0.000000	0.000574	0.508070	0.000000	0.013631	0.000400	0.477325
313	0.000000	0.000000	0.000000	0.000559	0.508971	0.000000	0.013685	0.000389	0.476396
314	0.000000	0.000000	0.000000	0.000595	0.510176	0.000000	0.013492	0.000359	0.475378
315	0.000000	0.000000	0.000000	0.000622	0.511171	0.000000	0.013469	0.000363	0.474375
316	0.000000	0.000000	0.000000	0.000615	0.512183	0.000000	0.013298	0.000346	0.473558
317	0.000000	0.000000	0.000000	0.000635	0.513256	0.000000	0.013176	0.000351	0.472582
318	0.000000	0.000000	0.000000	0.000643	0.514257	0.000000	0.013121	0.000319	0.471660
319	0.000000	0.000000	0.000000	0.000669	0.515157	0.000000	0.012988	0.000316	0.470870
320	0.000000	0.000000	0.000000	0.000667	0.516041	0.000000	0.012825	0.000280	0.470187
321	0.000000	0.000000	0.000000	0.000624	0.517080	0.000000	0.012901	0.000295	0.469100
322	0.000000	0.000000	0.000000	0.000666	0.518051	0.000000	0.012785	0.000280	0.468218
323	0.000000	0.000000	0.000000	0.000662	0.519179	0.000000	0.012688	0.000270	0.467201
324	0.000000	0.000000	0.000000	0.000666	0.520456	0.000000	0.012557	0.000270	0.466051
325	0.000000	0.000000	0.000000	0.000689	0.521326	0.000000	0.012443	0.000277	0.465265
326	0.000000	0.000000	0.000000	0.000688	0.522412	0.000000	0.012387	0.000301	0.464212
327	0.000000	0.000000	0.000000	0.000704	0.523453	0.000000	0.012445	0.000291	0.463107
328	0.000000	0.000000	0.000000	0.000683	0.524060	0.000000	0.012358	0.000274	0.462625
329	0.000000	0.000000	0.000000	0.000665	0.525115	0.000000	0.012194	0.000276	0.461750
330	0.000000	0.000000	0.000000	0.000674	0.525945	0.000000	0.012269	0.000279	0.460833
331	0.000000	0.000000	0.000000	0.000683	0.526968	0.000000	0.012390	0.000252	0.459707
332	0.000000	0.000000	0.000000	0.000683	0.528052	0.000000	0.012357	0.000238	0.458670
333	0.000000	0.000000	0.000000	0.000668	0.528823	0.000000	0.012235	0.000243	0.458031
334	0.000000	0.000000	0.000000	0.000672	0.530026	0.000000	0.012228	0.000245	0.456829
335	0.000000	0.000000	0.000000	0.000678	0.531196	0.000000	0.012085	0.000242	0.455799
336	0.000000	0.000000	0.000000	0.000688	0.532027	0.000000	0.012115	0.000238	0.454932
337	0.000000	0.000000	0.000000	0.000695	0.533092	0.000000	0.012045	0.000241	0.453927
338	0.000000	0.000000	0.000000	0.000703	0.534179	0.000000	0.011880	0.000220	0.453018
339	0.000000	0.000000	0.000000	0.000704	0.535170	0.000000	0.011855	0.000228	0.452043
340	0.000000	0.000000	0.000000	0.000707	0.536232	0.000000	0.011705	0.000214	0.451142
341	0.000000	0.000000	0.000000	0.000729	0.537153	0.000000	0.011540	0.000226	0.450352
342	0.000000	0.000000	0.000000	0.000735	0.538268	0.000000	0.011567	0.000220	0.449210
343	0.000000	0.000000	0.000000	0.000733	0.539578	0.000000	0.011474	0.000198	0.448017
344	0.000000	0.000000	0.000000	0.000730	0.540451	0.000000	0.011436	0.000187	0.447196
345	0.000000	0.000000	0.000000	0.000726	0.541509	0.000000	0.011260	0.000177	0.446328
346	0.000000	0.000000	0.000000	0.000708	0.542547	0.000000	0.011125	0.000174	0.445446
347	0.000000	0.000000	0.000000	0.000743	0.543477	0.000000	0.011010	0.000156	0.444614
348	0.000000	0.000000	0.000000	0.000734	0.544894	0.000000	0.011021	0.000149	0.443202
349	0.000000	0.000000	0.000000	0.000734	0.545609	0.000000	0.010940	0.000131	0.442586
350	0.000000	0.000000	0.000000	0.000733	0.546706	0.000000	0.010945	0.000124	0.441492
351	0.000000	0.000000	0.000000	0.000751	0.547802	0.000000	0.010804	0.000107	0.440536
352	0.000000	0.000000	0.000000	0.000779	0.548756	0.000000	0.010783	0.000089	0.439593
353	0.000000	0.000000	0.000000	0.000736	0.549600	0.000000	0.010638	0.000085	0.438941
354	0.000000	0.000000	0.000000	0.000762	0.550596	0.000000	0.010668	0.000085	0.437889
355	0.000000	0.000000	0.000000	0.000769	0.551871	0.000000	0.010545	0.000078	0.436737
356	0.000000	0.000000	0.000000	0.000748	0.552784	0.000000	0.010444	0.000077	0.435947
357	0.000000	0.000000	0.000000	0.000760	0.553856	0.000000	0.010445	0.000078	0.434861
358	0.000000	0.000000	0.000000	0.000745	0.554927	0.000000	0.010353	0.000073	0.433902
359	0.000000	0.000000	0.000000	0.000713	0.556074	0.000000	0.010250	0.000073	0.432890
360	0.000000	0.000000	0.000000	0.000712	0.557109	0.000000	0.010125	0.000064	0.431990
361	0.000000	0.000000	0.000000	0.000676	0.558262	0.000000	0.010118	0.000065	0.430879
362	0.000000	0.000000	0.000000	0.000675	0.559117	0.000000	0.010100	0.000056	0.430052
363	0.000000	0.000000	0.000000	0.000668	0.560207	0.000000	0.009997	0.000060	0.429068
364	0.000000	0.000000	0.000000	0.000656	0.561551	0.000000	0.010102	0.000061	0.427630
365	0.000000	0.000000	0.000000	0.000643	0.562693	0.000000	0.009979	0.000056	0.426629
366	0.000000	0.000000	0.000000	0.000647	0.563769	0.000000	0.009961	0.000057	0.425566
367	0.000000	0.000000	0.000000	0.000635	0.564598	0.000000	0.009787	0.000049	0.424931
368	0.000000	0.000000	0.000000	0.000631	0.565533	0.000000	0.009607	0.000040	0.424189
369	0.000000	0.000000	0.000000	0.000602	0.566479	0.000000	0.009371	0.000043	0.423505
370	0.000000	0.000000	0.000000	0.000572	0.567502	0.000000	0.009428	0.000037	0.422461
371	0.000000	0.000000	0.000000	0.000569	0.568700	0.000000	0.009285	0.000028	0.421418
372	0.000000	0.000000	0.000000	0.000597	0.569819	0.000000	0.009352	0.000026	0.420206
373	0.000000	0.000000	0.000000	0.000587	0.570965	0.000000	0.009371	0.000024	0.419053
374	0.000000	0.000000	0.000000	0.000568	0.571871	0.000000	0.009301	0.000023	0.418237
375	0.000000	0.000000	0.000000	0.000549	0.573176	0.000000	0.009304	0.000015	0.416956
376	0.000000	0.000000	0.000000	0.000544	0.574180	0.000000	0.009280	0.000010	0.415986
377	0.000000	0.000000	0.000000	0.000545	0.574814	0.000000	0.009189	0.000007	0.415445
378	0.000000	0.000000	0.000000	0.000577	0.575917	0.000000	0.009092	0.000009	0.414405
379	0.000000	0.000000	0.000000	0.000572	0.577007	0.000000	0.009072	0.000009	0.413340
380	0.000000	0.000000	0.000000	0.000573	0.577770	0.000000	0.009078	0.000005	0.412574
381	0.000000	0.000000	0.000000	0.000574	0.578993	0.000000	0.009062	0.000004	0.411367
382	0.000000	0.000000	0.000000	0.000596	0.579988	0.000000	0.009008	0.000005	0.410403
383	0.000000	0.000000	0.000000	0.000567	0.580623	0.000000	0.008938	0.000004	0.409868
384	0.000000	0.000000	0.000000	0.000571	0.581735	0.000000	0.008872	0.000006	0.408816
385	0.000000	0.000000	0.000000	0.000584	0.582475	0.000000	0.008779	0.000006	0.408156
386	0.000000	0.000000	0.000000	0.000578	0.583456	0.000000	0.008793	0.000003	0.407170
387	0.000000	0.000000	0.000000	0.000567	0.584365	0.000000	0.008680	0.000002	0.406386
388	0.000000	0.000000	0.000000	0.000534	0.585394	0.000000	0.008670	0.000002	0.405400
389	0.000000	0.000000	0.000000	0.000525	0.586480	0.000000	0.008621	0.000003	0.404371
390	0.000000	0.000000	0.000000	0.000502	0.587708	0.000000	0.008637	0.000003	0.403150
391	0.000000	0.000000	0.000000	0.000501	0.588799	0.000000	0.008509	0.000001	0.402190
392	0.000000	0.000000	0.000000	0.000491	0.589934	0.000000	0.008498	0.000001	0.401076
393	0.000000	0.000000	0.000000	0.000490	0.590890	0.000000	0.008421	0.000001	0.400198
394	0.000000	0.000000	0.000000	0.000466	0.591975	0.000000	0.008492	0.000003	0.399064
395	0.000000	0.000000	0.000000	0.000469	0.592878	0.000000	0.008448	0.000002	0.398203
396	0.000000	0.000000	0.000000	0.000476	0.593712	0.000000	0.008398	0.000002	0.397412
397	0.000000	0.000000	0.000000	0.000466	0.595060	0.000000	0.008312	0.000002	0.396160
398	0.000000	0.000000	0.000000	0.000449	0.595790	0.000000	0.008270	0.000003	0.395488
399	0.000000	0.000000	0.000000	0.000444	0.597215	0.000000	0.008218	0.000003	0.394120
400	0.000000	0.000000	0.000000	0.000459	0.598243	0.000000	0.008189	0.000002	0.393107
401	0.000000	0.000000	0.000000	0.000461	0.599473	0.000000	0.008147	0.000000	0.391919
402	0.000000	0.000000	0.000000	0.000454	0.600427	0.000000	0.008067	0.000000	0.391052
403	0.000000	0.000000	0.000000	0.000466	0.601144	0.000000	0.008085	0.000000	0.390305
404	0.000000	0.000000	0.000000	0.000461	0.602081	0.000000	0.007948	0.000000	0.389510
405	0.000000	0.000000	0.000000	0.000457	0.603144	0.000000	0.008001	0.000000	0.388398
406	0.000000	0.000000	0.000000	0.000458	0.604254	0.000000	0.007895	0.000000	0.387393
407	0.000000	0.000000	0.000000	0.000453	0.605163	0.000000	0.007804	0.000000	0.386580
408	0.000000	0.000000	0.000000	0.000450	0.606497	0.000000	0.007916	0.000000	0.385137
409	0.000000	0.000000	0.000000	0.000455	0.607134	0.000000	0.007741	0.000000	0.384670
410	0.000000	0.000000	0.000000	0.000452	0.608021	0.000000	0.007708	0.000000	0.383819
411	0.000000	0.000000	0.000000	0.000446	0.608947	0.000000	0.007705	0.000000	0.382902
412	0.000000	0.000000	0.000000	0.000425	0.609574	0.000000	0.007612	0.000000	0.382389
413	0.000000	0.000000	0.000000	0.000398	0.610470	0.000000	0.007572	0.000000	0.381560
414	0.000000	0.000000	0.000000	0.000383	0.611839	0.000000	0.007517	0.000000	0.380261
415	0.000000	0.000000	0.000000	0.000361	0.612790	0.000000	0.007465	0.000000	0.379384
416	0.000000	0.000000	0.000000	0.000361	0.613770	0.000000	0.007435	0.000000	0.378434
417	0.000000	0.000000	0.000000	0.000370	0.615023	0.000000	0.007279	0.000000	0.377328
418	0.000000	0.000000	0.000000	0.000378	0.615930	0.000000	0.007228	0.000000	0.376464
419	0.000000	0.000000	0.000000	0.000364	0.616742	0.000000	0.007171	0.000000	0.375723
420	0.000000	0.000000	0.000000	0.000352	0.617621	0.000000	0.007071	0.000000	0.374956
421	0.000000	0.000000	0.000000	0.000347	0.618389	0.000000	0.007049	0.000000	0.374215
422	0.000000	0.000000	0.000000	0.000353	0.619293	0.000000	0.006964	0.000000	0.373390
423	0.000000	0.000000	0.000000	0.000332	0.620261	0.000000	0.006893	0.000000	0.372514
424	0.000000	0.000000	0.000000	0.000332	0.620837	0.000000	0.006874	0.000000	0.371957
425	0.000000	0.000000	0.000000	0.000336	0.621788	0.000000	0.006788	0.000000	0.371088
426	0.000000	0.000000	0.000000	0.000336	0.622859	0.000000	0.006761	0.000000	0.370044
427	0.000000	0.000000	0.000000	0.000327	0.623819	0.000000	0.006844	0.000000	0.369010
428	0.000000	0.000000	0.000000	0.000335	0.624785	0.000000	0.006859	0.000000	0.368021
429	0.000000	0.000000	0.000000	0.000331	0.625952	0.000000	0.006751	0.000000	0.366966
430	0.000000	0.000000	0.000000	0.000315	0.626691	0.000000	0.006628	0.000000	0.366366
431	0.000000	0.000000	0.000000	0.000316	0.627882	0.000000	0.006541	0.000000	0.365261
432	0.000000	0.000000	0.000000	0.000330	0.628756	0.000000	0.006553	0.000000	0.364361
433	0.000000	0.000000	0.000000	0.000320	0.629905	0.000000	0.006534	0.000000	0.363241
434	0.000000	0.000000	0.000000	0.000314	0.630806	0.000000	0.006476	0.000000	0.362404
435	0.000000	0.000000	0.000000	0.000309	0.631338	0.000000	0.006462	0.000000	0.361891
436	0.000000	0.000000	0.000000	0.000313	0.632382	0.000000	0.006503	0.000000	0.360802
437	0.000000	0.000000	0.000000	0.000332	0.633238	0.000000	0.006434	0.000000	0.359996
438	0.000000	0.000000	0.000000	0.000328	0.634482	0.000000	0.006343	0.000000	0.358847
439	0.000000	0.000000	0.000000	0.000346	0.635294	0.000000	0.006323	0.000000	0.358037
440	0.000000	0.000000	0.000000	0.000360	0.636226	0.000000	0.006337	0.000000	0.357077
441	0.000000	0.000000	0.000000	0.000340	0.637029	0.000000	0.006286	0.000000	0.356345
442	0.000000	0.000000	0.000000	0.000336	0.637895	0.000000	0.006249	0.000000	0.355520
443	0.000000	0.000000	0.000000	0.000337	0.639180	0.000000	0.006238	0.000000	0.354245
444	0.000000	0.000000	0.000000	0.000340	0.640290	0.000000	0.006333	0.000000	0.353037
445	0.000000	0.000000	0.000000	0.000346	0.641383	0.000000	0.006243	0.000000	0.352028
446	0.000000	0.000000	0.000000	0.000359	0.642298	0.000000	0.006220	0.000000	0.351123
447	0.000000	0.000000	0.000000	0.000356	0.643327	0.000000	0.006078	0.000000	0.350239
448	0.000000	0.000000	0.000000	0.000320	0.644188	0.000000	0.006088	0.000000	0.349404
449	0.000000	0.000000	0.000000	0.000312	0.645307	0.000000	0.006071	0.000000	0.348310
450	0.000000	0.000000	0.000000	0.000315	0.646028	0.000000	0.005945	0.000000	0.347712
451	0.000000	0.000000	0.000000	0.000299	0.647160	0.000000	0.005884	0.000000	0.346657
452	0.000000	0.000000	0.000000	0.000290	0.648394	0.000000	0.005866	0.000000	0.345450
453	0.000000	0.000000	0.000000	0.000280	0.649251	0.000000	0.005907	0.000000	0.344562
454	0.000000	0.000000	0.000000	0.000284	0.650356	0.000000	0.005913	0.000000	0.343447
455	0.000000	0.000000	0.000000	0.000276	0.651224	0.000000	0.005867	0.000000	0.342633
456	0.000000	0.000000	0.000000	0.000267	0.652150	0.000000	0.005852	0.000000	0.341731
457	0.000000	0.000000	0.000000	0.000267	0.653350	0.000000	0.005820	0.000000	0.340563
458	0.000000	0.000000	0.000000	0.000284	0.654266	0.000000	0.005773	0.000000	0.339677
459	0.000000	0.000000	0.000000	0.000286	0.654980	0.000000	0.005737	0.000000	0.338997
460	0.000000	0.000000	0.000000	0.000275	0.655652	0.000000	0.005671	0.000000	0.338402
461	0.000000	0.000000	0.000000	0.000288	0.656486	0.000000	0.005569	0.000000	0.337657
462	0.000000	0.000000	0.000000	0.000279	0.657658	0.000000	0.005517	0.000000	0.336546
463	0.000000	0.000000	0.000000	0.000290	0.658543	0.000000	0.005452	0.000000	0.335715
464	0.000000	0.000000	0.000000	0.000302	0.659179	0.000000	0.005328	0.000000	0.335191
465	0.000000	0.000000	0.000000	0.000289	0.660276	0.000000	0.005472	0.000000	0.333963
466	0.000000	0.000000	0.000000	0.000280	0.661264	0.000000	0.005479	0.000000	0.332977
467	0.000000	0.000000	0.000000	0.000286	0.662109	0.000000	0.005350	0.000000	0.332255
468	0.000000	0.000000	0.000000	0.000287	0.663004	0.000000	0.005232	0.000000	0.331477
469	0.000000	0.000000	0.000000	0.000276	0.663840	0.000000	0.005143	0.000000	0.330741
470	0.000000	0.000000	0.000000	0.000257	0.664922	0.000000	0.005077	0.000000	0.329744
