0	0.290663	0.057897	0.229473	0.157588	0.029913	0.111872	0.085455	0.012259	0.024880
1	0.234907	0.048661	0.201292	0.151062	0.030826	0.126612	0.105340	0.020463	0.080837
2	0.236284	0.048431	0.202718	0.154735	0.032874	0.131585	0.094850	0.018407	0.080116
3	0.242825	0.048507	0.205873	0.159248	0.034975	0.133594	0.083452	0.016144	0.075382
4	0.249417	0.048118	0.209517	0.163141	0.037550	0.134557	0.073257	0.013987	0.070456
5	0.255836	0.047939	0.212925	0.166580	0.039838	0.135602	0.063960	0.011827	0.065493
6	0.262280	0.047982	0.215430	0.168752	0.042651	0.135954	0.055852	0.010213	0.060886
7	0.268297	0.047294	0.218194	0.171119	0.045079	0.135979	0.048727	0.008619	0.056692
8	0.273426	0.046509	0.221044	0.172771	0.047495	0.136053	0.042918	0.007380	0.052404
9	0.278690	0.045556	0.222475	0.174504	0.050155	0.136276	0.037634	0.006277	0.048433
10	0.283334	0.044560	0.224286	0.175828	0.053085	0.135740	0.032643	0.005339	0.045185
11	0.287591	0.043335	0.225820	0.177896	0.055728	0.134967	0.028355	0.004517	0.041791
12	0.291529	0.042291	0.227154	0.178440	0.058563	0.134447	0.024809	0.003808	0.038959
13	0.294979	0.041253	0.228463	0.179581	0.061329	0.133608	0.021514	0.003162	0.036111
14	0.297823	0.039997	0.229389	0.179982	0.064168	0.133283	0.018847	0.002689	0.033822
15	0.300953	0.038704	0.230502	0.180417	0.066884	0.132306	0.016382	0.002285	0.031567
16	0.303991	0.037359	0.231450	0.180925	0.069450	0.131580	0.014252	0.001931	0.029062
17	0.306436	0.036018	0.232126	0.180931	0.072574	0.131051	0.012279	0.001650	0.026935
18	0.309140	0.034730	0.232919	0.180510	0.075769	0.129759	0.010785	0.001372	0.025016
19	0.310733	0.033417	0.233676	0.180578	0.078706	0.129125	0.009423	0.001239	0.023103
20	0.312451	0.032146	0.234382	0.179949	0.082019	0.128171	0.008225	0.001030	0.021627
21	0.313992	0.031125	0.234316	0.179879	0.085061	0.127323	0.007213	0.000876	0.020215
22	0.314784	0.030084	0.234428	0.179644	0.088783	0.126302	0.006474	0.000755	0.018746
23	0.316281	0.029065	0.234722	0.178982	0.091814	0.125564	0.005505	0.000618	0.017449
24	0.315984	0.028017	0.235192	0.178641	0.095618	0.125084	0.004795	0.000532	0.016137
25	0.317470	0.026880	0.234862	0.177885	0.099048	0.124086	0.004203	0.000449	0.015117
26	0.317632	0.025729	0.235017	0.177378	0.102269	0.123724	0.003670	0.000390	0.014191
27	0.318300	0.024618	0.235262	0.176739	0.105779	0.122584	0.003227	0.000325	0.013166
28	0.318268	0.023719	0.235153	0.176184	0.109154	0.121993	0.002847	0.000303	0.012379
29	0.318014	0.022905	0.234909	0.175914	0.112620	0.121297	0.002520	0.000244	0.011577
30	0.316797	0.022123	0.235200	0.175845	0.116077	0.120678	0.002281	0.000194	0.010805
31	0.317172	0.021154	0.233697	0.175715	0.120133	0.120042	0.002030	0.000183	0.009874
32	0.316212	0.020209	0.233652	0.174958	0.124386	0.119438	0.001780	0.000161	0.009204
33	0.315335	0.019262	0.233423	0.174006	0.128675	0.118940	0.001597	0.000112	0.008650
34	0.314540	0.018491	0.233258	0.173918	0.132506	0.117919	0.001382	0.000096	0.007890
35	0.314144	0.017701	0.232295	0.172981	0.136594	0.117345	0.001279	0.000090	0.007571
36	0.313060	0.016970	0.231384	0.172820	0.140574	0.116981	0.001151	0.000078	0.006982
37	0.312176	0.016245	0.230455	0.172493	0.145092	0.115727	0.001013	0.000061	0.006738
38	0.311152	0.015470	0.230032	0.172239	0.148915	0.114871	0.000926	0.000058	0.006337
39	0.309962	0.015035	0.228691	0.171827	0.153072	0.114571	0.000831	0.000041	0.005970
40	0.309191	0.014352	0.227191	0.171572	0.157768	0.113650	0.000692	0.000047	0.005537
41	0.307628	0.013722	0.226968	0.170996	0.161789	0.113067	0.000649	0.000041	0.005140
42	0.306811	0.012982	0.225234	0.170872	0.166348	0.112322	0.000531	0.000039	0.004861
43	0.305415	0.012377	0.223838	0.170908	0.170897	0.111461	0.000464	0.000036	0.004604
44	0.303816	0.011991	0.222525	0.170308	0.175893	0.110742	0.000422	0.000034	0.004269
45	0.302181	0.011488	0.221168	0.170320	0.180404	0.110030	0.000365	0.000035	0.004009
46	0.300439	0.010830	0.219744	0.169861	0.184992	0.110030	0.000322	0.000027	0.003755
47	0.299418	0.010320	0.218591	0.169423	0.188999	0.109310	0.000286	0.000016	0.003637
48	0.298203	0.009711	0.217000	0.168742	0.193853	0.108758	0.000282	0.000019	0.003432
49	0.296271	0.009144	0.215654	0.168488	0.198632	0.108381	0.000235	0.000019	0.003176
50	0.294676	0.008642	0.214279	0.168165	0.203335	0.107678	0.000213	0.000017	0.002995
51	0.292150	0.008182	0.213450	0.167583	0.209087	0.106532	0.000192	0.000017	0.002807
52	0.289549	0.007829	0.211995	0.167158	0.214383	0.106222	0.000183	0.000013	0.002668
53	0.287459	0.007492	0.210286	0.166181	0.219845	0.106060	0.000152	0.000011	0.002514
54	0.284411	0.007111	0.208943	0.166529	0.224912	0.105628	0.000142	0.000009	0.002315
55	0.281965	0.006790	0.207140	0.166233	0.230013	0.105603	0.000118	0.000010	0.002128
56	0.279907	0.006514	0.205262	0.166222	0.235187	0.104820	0.000104	0.000006	0.001978
57	0.276707	0.006225	0.203817	0.166669	0.240501	0.104162	0.000090	0.000002	0.001827
58	0.274107	0.005982	0.201878	0.166501	0.245950	0.103764	0.000092	0.000003	0.001723
59	0.271438	0.005636	0.200480	0.166622	0.250983	0.103179	0.000078	0.000001	0.001583
60	0.268488	0.005310	0.199145	0.166524	0.256239	0.102768	0.000068	0.000002	0.001456
61	0.266451	0.005055	0.196809	0.166493	0.261472	0.102273	0.000058	0.000000	0.001389
62	0.263751	0.004886	0.194961	0.166747	0.266883	0.101492	0.000040	0.000000	0.001240
63	0.260582	0.004672	0.193382	0.166677	0.272396	0.101063	0.000039	0.000000	0.001189
64	0.257080	0.004492	0.190758	0.167029	0.278476	0.101011	0.000033	0.000001	0.001120
65	0.254346	0.004178	0.188606	0.167073	0.283858	0.100825	0.000023	0.000000	0.001091
66	0.251555	0.003943	0.186876	0.166720	0.289320	0.100566	0.000024	0.000000	0.000996
67	0.248226	0.003723	0.185092	0.167119	0.294989	0.099878	0.000025	0.000000	0.000948
68	0.245370	0.003458	0.182549	0.167008	0.301036	0.099673	0.000018	0.000000	0.000888
69	0.242133	0.003201	0.180607	0.167387	0.306383	0.099479	0.000019	0.000000	0.000791
70	0.239003	0.003037	0.177983	0.167842	0.312263	0.099141	0.000017	0.000000	0.000714
71	0.235272	0.002845	0.175893	0.167715	0.318539	0.099025	0.000016	0.000000	0.000695
72	0.231887	0.002664	0.174025	0.167675	0.323830	0.099267	0.000015	0.000000	0.000637
73	0.228448	0.002501	0.171999	0.168325	0.329564	0.098552	0.000011	0.000000	0.000600
74	0.225116	0.002379	0.169653	0.168381	0.335800	0.098088	0.000007	0.000000	0.000576
75	0.222121	0.002261	0.167394	0.167904	0.342262	0.097504	0.000006	0.000000	0.000548
76	0.218107	0.002113	0.165013	0.168530	0.348306	0.097399	0.000007	0.000000	0.000525
77	0.214650	0.002024	0.162519	0.168625	0.354466	0.097259	0.000004	0.000000	0.000453
78	0.211289	0.001917	0.159527	0.169093	0.360456	0.097283	0.000005	0.000000	0.000430
79	0.208221	0.001846	0.157177	0.169534	0.365745	0.097084	0.000003	0.000000	0.000390
80	0.204924	0.001827	0.154577	0.169655	0.371377	0.097250	0.000003	0.000000	0.000387
81	0.201292	0.001723	0.152289	0.170061	0.377136	0.097118	0.000003	0.000000	0.000378
82	0.197946	0.001601	0.149821	0.170615	0.383220	0.096459	0.000000	0.000000	0.000338
83	0.194314	0.001551	0.147216	0.170935	0.388897	0.096758	0.000000	0.000000	0.000329
84	0.190864	0.001460	0.144814	0.170779	0.394515	0.097299	0.000001	0.000000	0.000268
85	0.187640	0.001354	0.142166	0.171224	0.400399	0.096964	0.000000	0.000000	0.000253
86	0.183984	0.001286	0.139508	0.171721	0.406690	0.096554	0.000000	0.000000	0.000257
87	0.180329	0.001238	0.136944	0.172526	0.412037	0.096669	0.000000	0.000000	0.000257
88	0.177053	0.001159	0.134709	0.173022	0.417099	0.096736	0.000000	0.000000	0.000222
89	0.173839	0.001069	0.131553	0.173718	0.422920	0.096686	0.000000	0.000000	0.000215
90	0.170735	0.001018	0.129169	0.173942	0.428010	0.096916	0.000000	0.000000	0.000210
91	0.167280	0.000994	0.126719	0.174340	0.433604	0.096871	0.000000	0.000000	0.000192
92	0.163945	0.000960	0.124219	0.174749	0.439267	0.096686	0.000000	0.000000	0.000174
93	0.160724	0.000927	0.121743	0.175077	0.444832	0.096532	0.000000	0.000000	0.000165
94	0.157510	0.000912	0.119118	0.175210	0.450530	0.096577	0.000000	0.000000	0.000143
95	0.154015	0.000847	0.116695	0.175931	0.455879	0.096499	0.000000	0.000000	0.000134
96	0.150700	0.000792	0.114059	0.176347	0.461108	0.096847	0.000000	0.000000	0.000147
97	0.147299	0.000750	0.111854	0.176731	0.465956	0.097272	0.000000	0.000000	0.000138
98	0.144463	0.000754	0.109156	0.177316	0.471191	0.097003	0.000000	0.000000	0.000117
99	0.141639	0.000722	0.106789	0.177421	0.475878	0.097440	0.000000	0.000000	0.000111
100	0.138288	0.000696	0.104512	0.177053	0.481631	0.097731	0.000000	0.000000	0.000089
101	0.135121	0.000653	0.102022	0.177836	0.486883	0.097404	0.000000	0.000000	0.000081
102	0.132016	0.000618	0.099707	0.178263	0.491842	0.097473	0.000000	0.000000	0.000081
103	0.129130	0.000590	0.097325	0.178184	0.497205	0.097487	0.000000	0.000000	0.000079
104	0.125952	0.000533	0.094840	0.179364	0.502164	0.097080	0.000000	0.000000	0.000067
105	0.122884	0.000532	0.092436	0.179868	0.506755	0.097466	0.000000	0.000000	0.000059
106	0.119686	0.000515	0.090399	0.180551	0.511809	0.096975	0.000000	0.000000	0.000065
107	0.116572	0.000494	0.088422	0.181088	0.516527	0.096842	0.000000	0.000000	0.000055
108	0.114127	0.000459	0.086246	0.181233	0.520648	0.097227	0.000000	0.000000	0.000060
109	0.110983	0.000417	0.084154	0.181217	0.525623	0.097558	0.000000	0.000000	0.000048
110	0.108575	0.000383	0.081691	0.181400	0.530194	0.097708	0.000000	0.000000	0.000049
111	0.105560	0.000382	0.079823	0.181700	0.534534	0.097966	0.000000	0.000000	0.000035
112	0.102978	0.000340	0.077929	0.181837	0.538800	0.098078	0.000000	0.000000	0.000038
113	0.100011	0.000340	0.076178	0.182338	0.542873	0.098222	0.000000	0.000000	0.000038
114	0.097252	0.000342	0.074105	0.182776	0.547136	0.098354	0.000000	0.000000	0.000035
115	0.094480	0.000330	0.072004	0.183698	0.551436	0.098026	0.000000	0.000000	0.000026
116	0.092020	0.000302	0.070061	0.183781	0.555758	0.098042	0.000000	0.000000	0.000036
117	0.089448	0.000286	0.067858	0.183807	0.559972	0.098593	0.000000	0.000000	0.000036
118	0.086568	0.000276	0.065824	0.184254	0.564870	0.098182	0.000000	0.000000	0.000026
119	0.084027	0.000282	0.063653	0.184499	0.568966	0.098543	0.000000	0.000000	0.000030
120	0.081367	0.000283	0.061994	0.184695	0.572889	0.098741	0.000000	0.000000	0.000031
121	0.078711	0.000287	0.060045	0.185250	0.577315	0.098372	0.000000	0.000000	0.000020
122	0.076009	0.000275	0.058520	0.185750	0.580781	0.098652	0.000000	0.000000	0.000013
123	0.073476	0.000259	0.056341	0.186821	0.584375	0.098719	0.000000	0.000000	0.000009
124	0.071311	0.000254	0.054480	0.186937	0.588015	0.098992	0.000000	0.000000	0.000011
125	0.069093	0.000231	0.052714	0.187190	0.591854	0.098906	0.000000	0.000000	0.000012
126	0.066548	0.000237	0.051101	0.187423	0.595725	0.098955	0.000000	0.000000	0.000011
127	0.064074	0.000223	0.049549	0.188211	0.598663	0.099273	0.000000	0.000000	0.000007
128	0.062056	0.000199	0.048014	0.188353	0.602171	0.099196	0.000000	0.000000	0.000011
129	0.060349	0.000198	0.046315	0.189178	0.604720	0.099231	0.000000	0.000000	0.000009
130	0.058320	0.000214	0.044683	0.189708	0.607212	0.099857	0.000000	0.000000	0.000006
131	0.056077	0.000187	0.042919	0.190222	0.610935	0.099654	0.000000	0.000000	0.000006
132	0.054229	0.000186	0.041396	0.190160	0.614114	0.099909	0.000000	0.000000	0.000006
133	0.052245	0.000184	0.039869	0.190486	0.617952	0.099260	0.000000	0.000000	0.000004
134	0.050077	0.000174	0.038789	0.190669	0.620770	0.099520	0.000000	0.000000	0.000001
135	0.048222	0.000173	0.037409	0.190801	0.623781	0.099611	0.000000	0.000000	0.000003
136	0.046443	0.000158	0.036071	0.191253	0.626511	0.099562	0.000000	0.000000	0.000002
137	0.044777	0.000150	0.034825	0.192124	0.628355	0.099766	0.000000	0.000000	0.000003
138	0.042815	0.000132	0.033590	0.192108	0.631772	0.099580	0.000000	0.000000	0.000003
139	0.041180	0.000113	0.032329	0.192160	0.634466	0.099749	0.000000	0.000000	0.000003
140	0.039722	0.000116	0.031050	0.192411	0.636347	0.100351	0.000000	0.000000	0.000003
141	0.038337	0.000111	0.029942	0.192909	0.638452	0.100246	0.000000	0.000000	0.000003
142	0.036889	0.000104	0.028909	0.192755	0.640571	0.100770	0.000000	0.000000	0.000002
143	0.035478	0.000105	0.027874	0.192877	0.642683	0.100980	0.000000	0.000000	0.000003
144	0.034323	0.000100	0.027026	0.192891	0.644580	0.101077	0.000000	0.000000	0.000003
145	0.033022	0.000088	0.025952	0.192994	0.646847	0.101096	0.000000	0.000000	0.000001
146	0.031694	0.000088	0.024995	0.193161	0.649260	0.100801	0.000000	0.000000	0.000001
147	0.030396	0.000081	0.024194	0.193596	0.650856	0.100874	0.000000	0.000000	0.000003
148	0.029368	0.000074	0.023395	0.193837	0.652283	0.101042	0.000000	0.000000	0.000001
149	0.028045	0.000065	0.022549	0.194291	0.654984	0.100064	0.000000	0.000000	0.000002
150	0.027110	0.000062	0.021494	0.194039	0.656786	0.100508	0.000000	0.000000	0.000001
151	0.026217	0.000063	0.020617	0.194299	0.658510	0.100294	0.000000	0.000000	0.000000
152	0.024949	0.000063	0.019904	0.194272	0.660500	0.100312	0.000000	0.000000	0.000000
153	0.024111	0.000062	0.019125	0.194551	0.661475	0.100676	0.000000	0.000000	0.000000
154	0.023294	0.000054	0.018231	0.195002	0.662625	0.100794	0.000000	0.000000	0.000000
155	0.022194	0.000051	0.017529	0.195317	0.664031	0.100878	0.000000	0.000000	0.000000
156	0.021544	0.000056	0.016821	0.195019	0.666009	0.100551	0.000000	0.000000	0.000000
157	0.020584	0.000051	0.016150	0.195477	0.667167	0.100571	0.000000	0.000000	0.000000
158	0.019688	0.000047	0.015532	0.195754	0.668352	0.100627	0.000000	0.000000	0.000000
159	0.018852	0.000034	0.014674	0.196385	0.669041	0.101014	0.000000	0.000000	0.000000
160	0.018032	0.000028	0.014170	0.196795	0.669991	0.100984	0.000000	0.000000	0.000000
161	0.017280	0.000024	0.013559	0.197038	0.671195	0.100904	0.000000	0.000000	0.000000
162	0.016550	0.000013	0.013074	0.197423	0.672202	0.100738	0.000000	0.000000	0.000000
163	0.015794	0.000007	0.012533	0.197952	0.673086	0.100628	0.000000	0.000000	0.000000
164	0.015242	0.000005	0.012126	0.197722	0.674638	0.100267	0.000000	0.000000	0.000000
165	0.014608	0.000005	0.011606	0.198641	0.675219	0.099921	0.000000	0.000000	0.000000
166	0.014008	0.000006	0.011117	0.198823	0.675606	0.100440	0.000000	0.000000	0.000000
167	0.013397	0.000003	0.010834	0.198650	0.676610	0.100506	0.000000	0.000000	0.000000
168	0.012733	0.000002	0.010366	0.198716	0.677556	0.100627	0.000000	0.000000	0.000000
169	0.012204	0.000000	0.009950	0.198411	0.679443	0.099992	0.000000	0.000000	0.000000
170	0.011620	0.000000	0.009449	0.199041	0.679714	0.100176	0.000000	0.000000	0.000000
171	0.011124	0.000000	0.009026	0.199332	0.679761	0.100757	0.000000	0.000000	0.000000
172	0.010676	0.000000	0.008628	0.199428	0.680681	0.100587	0.000000	0.000000	0.000000
173	0.010211	0.000000	0.008192	0.199774	0.681062	0.100761	0.000000	0.000000	0.000000
174	0.009824	0.000000	0.007923	0.200083	0.680966	0.101204	0.000000	0.000000	0.000000
175	0.009460	0.000000	0.007579	0.199729	0.682087	0.101145	0.000000	0.000000	0.000000
176	0.008968	0.000000	0.007306	0.200408	0.682385	0.100933	0.000000	0.000000	0.000000
177	0.008593	0.000000	0.006995	0.200291	0.683087	0.101034	0.000000	0.000000	0.000000
178	0.008164	0.000000	0.006709	0.200511	0.683462	0.101154	0.000000	0.000000	0.000000
179	0.007887	0.000000	0.006436	0.199850	0.684507	0.101320	0.000000	0.000000	0.000000
180	0.007419	0.000000	0.006174	0.199820	0.685350	0.101237	0.000000	0.000000	0.000000
181	0.007100	0.000000	0.005928	0.199448	0.685929	0.101595	0.000000	0.000000	0.000000
182	0.006869	0.000000	0.005734	0.199821	0.686293	0.101283	0.000000	0.000000	0.000000
183	0.006574	0.000000	0.005468	0.199404	0.687004	0.101550	0.000000	0.000000	0.000000
184	0.006298	0.000000	0.005219	0.199732	0.687157	0.101594	0.000000	0.000000	0.000000
185	0.006001	0.000000	0.005129	0.200589	0.686791	0.101490	0.000000	0.000000	0.000000
186	0.005769	0.000000	0.004966	0.201534	0.686391	0.101340	0.000000	0.000000	0.000000
187	0.005557	0.000000	0.004695	0.201286	0.687172	0.101290	0.000000	0.000000	0.000000
188	0.005315	0.000000	0.004438	0.201104	0.687802	0.101341	0.000000	0.000000	0.000000
189	0.005028	0.000000	0.004258	0.201332	0.687959	0.101423	0.000000	0.000000	0.000000
190	0.004926	0.000000	0.004081	0.201285	0.688279	0.101429	0.000000	0.000000	0.000000
191	0.004585	0.000000	0.003947	0.200568	0.689206	0.101694	0.000000	0.000000	0.000000
192	0.004357	0.000000	0.003783	0.200540	0.689561	0.101759	0.000000	0.000000	0.000000
193	0.004148	0.000000	0.003608	0.200274	0.690154	0.101816	0.000000	0.000000	0.000000
194	0.003931	0.000000	0.003476	0.200393	0.690107	0.102093	0.000000	0.000000	0.000000
195	0.003732	0.000000	0.003464	0.200337	0.690697	0.101770	0.000000	0.000000	0.000000
196	0.003602	0.000000	0.003282	0.200085	0.691409	0.101622	0.000000	0.000000	0.000000
197	0.003360	0.000000	0.003162	0.199646	0.692186	0.101646	0.000000	0.000000	0.000000
198	0.003165	0.000000	0.003043	0.199401	0.692153	0.102238	0.000000	0.000000	0.000000
199	0.003099	0.000000	0.002861	0.199718	0.691955	0.102367	0.000000	0.000000	0.000000
200	0.002904	0.000000	0.002774	0.199821	0.692278	0.102223	0.000000	0.000000	0.000000
201	0.002761	0.000000	0.002699	0.200034	0.692009	0.102497	0.000000	0.000000	0.000000
202	0.002604	0.000000	0.002593	0.199946	0.692237	0.102620	0.000000	0.000000	0.000000
203	0.002474	0.000000	0.002518	0.199923	0.692712	0.102373	0.000000	0.000000	0.000000
204	0.002355	0.000000	0.002375	0.199821	0.693214	0.102235	0.000000	0.000000	0.000000
205	0.002196	0.000000	0.002315	0.199902	0.693063	0.102524	0.000000	0.000000	0.000000
206	0.002119	0.000000	0.002215	0.199866	0.693527	0.102273	0.000000	0.000000	0.000000
207	0.002071	0.000000	0.002111	0.199936	0.693583	0.102299	0.000000	0.000000	0.000000
208	0.001987	0.000000	0.002048	0.199779	0.693912	0.102274	0.000000	0.000000	0.000000
209	0.001908	0.000000	0.001984	0.199208	0.694014	0.102886	0.000000	0.000000	0.000000
210	0.001821	0.000000	0.001913	0.199988	0.694247	0.102031	0.000000	0.000000	0.000000
211	0.001738	0.000000	0.001844	0.199911	0.694560	0.101947	0.000000	0.000000	0.000000
212	0.001667	0.000000	0.001743	0.199545	0.695189	0.101856	0.000000	0.000000	0.000000
213	0.001640	0.000000	0.001661	0.199472	0.695474	0.101753	0.000000	0.000000	0.000000
214	0.001577	0.000000	0.001577	0.200173	0.694678	0.101995	0.000000	0.000000	0.000000
215	0.001528	0.000000	0.001509	0.199773	0.695124	0.102066	0.000000	0.000000	0.000000
216	0.001447	0.000000	0.001432	0.199651	0.695578	0.101892	0.000000	0.000000	0.000000
217	0.001384	0.000000	0.001426	0.199370	0.696404	0.101416	0.000000	0.000000	0.000000
218	0.001294	0.000000	0.001410	0.199267	0.696401	0.101628	0.000000	0.000000	0.000000
219	0.001222	0.000000	0.001345	0.199018	0.696852	0.101563	0.000000	0.000000	0.000000
220	0.001153	0.000000	0.001267	0.199383	0.696652	0.101545	0.000000	0.000000	0.000000
221	0.001171	0.000000	0.001226	0.199247	0.696995	0.101361	0.000000	0.000000	0.000000
222	0.001103	0.000000	0.001191	0.198845	0.697175	0.101686	0.000000	0.000000	0.000000
223	0.001044	0.000000	0.001146	0.198850	0.697130	0.101830	0.000000	0.000000	0.000000
224	0.000966	0.000000	0.001089	0.198673	0.697545	0.101727	0.000000	0.000000	0.000000
225	0.000901	0.000000	0.001061	0.198735	0.697199	0.102104	0.000000	0.000000	0.000000
226	0.000886	0.000000	0.001038	0.198742	0.697640	0.101694	0.000000	0.000000	0.000000
227	0.000859	0.000000	0.001053	0.198229	0.698166	0.101693	0.000000	0.000000	0.000000
228	0.000819	0.000000	0.000990	0.198683	0.698061	0.101447	0.000000	0.000000	0.000000
229	0.000763	0.000000	0.000954	0.198505	0.698487	0.101291	0.000000	0.000000	0.000000
230	0.000713	0.000000	0.000931	0.198695	0.698357	0.101304	0.000000	0.000000	0.000000
231	0.000700	0.000000	0.000901	0.198469	0.698751	0.101179	0.000000	0.000000	0.000000
232	0.000707	0.000000	0.000876	0.198382	0.698746	0.101289	0.000000	0.000000	0.000000
233	0.000664	0.000000	0.000864	0.198486	0.698364	0.101622	0.000000	0.000000	0.000000
234	0.000645	0.000000	0.000874	0.199433	0.697594	0.101454	0.000000	0.000000	0.000000
235	0.000627	0.000000	0.000807	0.199115	0.697971	0.101480	0.000000	0.000000	0.000000
236	0.000590	0.000000	0.000765	0.199105	0.698192	0.101348	0.000000	0.000000	0.000000
237	0.000576	0.000000	0.000777	0.199762	0.697456	0.101429	0.000000	0.000000	0.000000
238	0.000559	0.000000	0.000743	0.200142	0.697382	0.101174	0.000000	0.000000	0.000000
239	0.000563	0.000000	0.000686	0.200518	0.697230	0.101003	0.000000	0.000000	0.000000
240	0.000520	0.000000	0.000659	0.200062	0.697533	0.101226	0.000000	0.000000	0.000000
241	0.000487	0.000000	0.000659	0.200146	0.697539	0.101169	0.000000	0.000000	0.000000
242	0.000484	0.000000	0.000620	0.199813	0.697630	0.101453	0.000000	0.000000	0.000000
243	0.000487	0.000000	0.000609	0.199701	0.697614	0.101589	0.000000	0.000000	0.000000
244	0.000456	0.000000	0.000574	0.199441	0.697655	0.101874	0.000000	0.000000	0.000000
245	0.000456	0.000000	0.000539	0.199430	0.697968	0.101607	0.000000	0.000000	0.000000
246	0.000427	0.000000	0.000518	0.199460	0.698022	0.101573	0.000000	0.000000	0.000000
247	0.000409	0.000000	0.000520	0.199554	0.697660	0.101857	0.000000	0.000000	0.000000
248	0.000403	0.000000	0.000491	0.199289	0.697631	0.102186	0.000000	0.000000	0.000000
249	0.000380	0.000000	0.000483	0.198972	0.697693	0.102472	0.000000	0.000000	0.000000
250	0.000369	0.000000	0.000479	0.198960	0.697599	0.102593	0.000000	0.000000	0.000000
251	0.000376	0.000000	0.000470	0.198930	0.698038	0.102186	0.000000	0.000000	0.000000
252	0.000390	0.000000	0.000500	0.198579	0.698123	0.102408	0.000000	0.000000	0.000000
253	0.000404	0.000000	0.000484	0.198433	0.698659	0.102020	0.000000	0.000000	0.000000
254	0.000392	0.000000	0.000441	0.198354	0.698501	0.102312	0.000000	0.000000	0.000000
255	0.000365	0.000000	0.000409	0.198428	0.697895	0.102903	0.000000	0.000000	0.000000
256	0.000357	0.000000	0.000387	0.198467	0.697629	0.103160	0.000000	0.000000	0.000000
257	0.000360	0.000000	0.000374	0.198527	0.697838	0.102901	0.000000	0.000000	0.000000
258	0.000363	0.000000	0.000357	0.198368	0.698601	0.102311	0.000000	0.000000	0.000000
259	0.000346	0.000000	0.000359	0.198021	0.698842	0.102432	0.000000	0.000000	0.000000
260	0.000307	0.000000	0.000352	0.197731	0.699416	0.102194	0.000000	0.000000	0.000000
261	0.000309	0.000000	0.000343	0.197417	0.699412	0.102519	0.000000	0.000000	0.000000
262	0.000310	0.000000	0.000329	0.197580	0.699356	0.102425	0.000000	0.000000	0.000000
263	0.000321	0.000000	0.000332	0.197710	0.699080	0.102557	0.000000	0.000000	0.000000
264	0.000306	0.000000	0.000346	0.197151	0.699631	0.102566	0.000000	0.000000	0.000000
265	0.000289	0.000000	0.000339	0.197649	0.699387	0.102336	0.000000	0.000000	0.000000
266	0.000280	0.000000	0.000336	0.197217	0.699855	0.102312	0.000000	0.000000	0.000000
267	0.000270	0.000000	0.000335	0.197106	0.699812	0.102477	0.000000	0.000000	0.000000
268	0.000268	0.000000	0.000342	0.197136	0.699912	0.102342	0.000000	0.000000	0.000000
269	0.000273	0.000000	0.000321	0.196998	0.699856	0.102552	0.000000	0.000000	0.000000
270	0.000272	0.000000	0.000332	0.196749	0.699942	0.102705	0.000000	0.000000	0.000000
271	0.000277	0.000000	0.000331	0.196911	0.699852	0.102629	0.000000	0.000000	0.000000
272	0.000261	0.000000	0.000335	0.197148	0.699374	0.102882	0.000000	0.000000	0.000000
273	0.000251	0.000000	0.000331	0.197528	0.699559	0.102331	0.000000	0.000000	0.000000
274	0.000243	0.000000	0.000321	0.197738	0.698982	0.102716	0.000000	0.000000	0.000000
275	0.000234	0.000000	0.000321	0.198070	0.698969	0.102406	0.000000	0.000000	0.000000
276	0.000237	0.000000	0.000303	0.198592	0.698739	0.102129	0.000000	0.000000	0.000000
277	0.000221	0.000000	0.000318	0.199282	0.698036	0.102143	0.000000	0.000000	0.000000
278	0.000219	0.000000	0.000307	0.199190	0.698294	0.101990	0.000000	0.000000	0.000000
279	0.000214	0.000000	0.000313	0.198732	0.698567	0.102174	0.000000	0.000000	0.000000
280	0.000211	0.000000	0.000296	0.198973	0.698123	0.102397	0.000000	0.000000	0.000000
281	0.000219	0.000000	0.000293	0.199100	0.697730	0.102658	0.000000	0.000000	0.000000
282	0.000217	0.000000	0.000297	0.198987	0.697634	0.102865	0.000000	0.000000	0.000000
283	0.000198	0.000000	0.000298	0.198829	0.698334	0.102341	0.000000	0.000000	0.000000
284	0.000176	0.000000	0.000280	0.198874	0.698409	0.102261	0.000000	0.000000	0.000000
285	0.000171	0.000000	0.000266	0.199130	0.698398	0.102035	0.000000	0.000000	0.000000
286	0.000168	0.000000	0.000270	0.198878	0.698924	0.101760	0.000000	0.000000	0.000000
287	0.000149	0.000000	0.000269	0.198848	0.699095	0.101639	0.000000	0.000000	0.000000
288	0.000161	0.000000	0.000282	0.199103	0.698712	0.101742	0.000000	0.000000	0.000000
289	0.000163	0.000000	0.000281	0.198638	0.699271	0.101647	0.000000	0.000000	0.000000
290	0.000175	0.000000	0.000275	0.198807	0.698685	0.102058	0.000000	0.000000	0.000000
291	0.000169	0.000000	0.000274	0.198203	0.699063	0.102291	0.000000	0.000000	0.000000
292	0.000187	0.000000	0.000282	0.198566	0.698502	0.102463	0.000000	0.000000	0.000000
293	0.000186	0.000000	0.000292	0.198829	0.698114	0.102579	0.000000	0.000000	0.000000
294	0.000169	0.000000	0.000290	0.198769	0.697998	0.102774	0.000000	0.000000	0.000000
295	0.000167	0.000000	0.000289	0.198579	0.698699	0.102266	0.000000	0.000000	0.000000
296	0.000150	0.000000	0.000285	0.198851	0.698492	0.102222	0.000000	0.000000	0.000000
297	0.000147	0.000000	0.000278	0.198364	0.698861	0.102350	0.000000	0.000000	0.000000
298	0.000145	0.000000	0.000282	0.198498	0.698644	0.102431	0.000000	0.000000	0.000000
299	0.000153	0.000000	0.000305	0.198091	0.698784	0.102667	0.000000	0.000000	0.000000
300	0.000145	0.000000	0.000280	0.198596	0.698415	0.102564	0.000000	0.000000	0.000000
301	0.000141	0.000000	0.000278	0.198592	0.698590	0.102399	0.000000	0.000000	0.000000
302	0.000143	0.000000	0.000284	0.199086	0.698102	0.102385	0.000000	0.000000	0.000000
303	0.000136	0.000000	0.000279	0.199013	0.698355	0.102217	0.000000	0.000000	0.000000
304	0.000128	0.000000	0.000254	0.199238	0.698042	0.102338	0.000000	0.000000	0.000000
305	0.000122	0.000000	0.000244	0.198996	0.698184	0.102454	0.000000	0.000000	0.000000
306	0.000124	0.000000	0.000238	0.199246	0.697643	0.102749	0.000000	0.000000	0.000000
307	0.000128	0.000000	0.000234	0.199421	0.697750	0.102467	0.000000	0.000000	0.000000
308	0.000142	0.000000	0.000237	0.199536	0.697911	0.102174	0.000000	0.000000	0.000000
309	0.000154	0.000000	0.000236	0.199347	0.698180	0.102083	0.000000	0.000000	0.000000
310	0.000148	0.000000	0.000238	0.199302	0.698080	0.102232	0.000000	0.000000	0.000000
311	0.000147	0.000000	0.000225	0.199411	0.697650	0.102567	0.000000	0.000000	0.000000
312	0.000147	0.000000	0.000215	0.199289	0.698020	0.102329	0.000000	0.000000	0.000000
313	0.000157	0.000000	0.000211	0.199563	0.697884	0.102185	0.000000	0.000000	0.000000
314	0.000154	0.000000	0.000199	0.199550	0.698009	0.102088	0.000000	0.000000	0.000000
315	0.000152	0.000000	0.000207	0.199406	0.698098	0.102137	0.000000	0.000000	0.000000
316	0.000148	0.000000	0.000209	0.199672	0.697490	0.102481	0.000000	0.000000	0.000000
317	0.000142	0.000000	0.000191	0.199896	0.697031	0.102740	0.000000	0.000000	0.000000
318	0.000140	0.000000	0.000174	0.200315	0.697004	0.102367	0.000000	0.000000	0.000000
319	0.000134	0.000000	0.000172	0.200532	0.696591	0.102571	0.000000	0.000000	0.000000
320	0.000120	0.000000	0.000197	0.201250	0.696143	0.102290	0.000000	0.000000	0.000000
321	0.000130	0.000000	0.000192	0.200923	0.696059	0.102696	0.000000	0.000000	0.000000
322	0.000127	0.000000	0.000198	0.200705	0.696530	0.102440	0.000000	0.000000	0.000000
323	0.000119	0.000000	0.000200	0.200842	0.696555	0.102284	0.000000	0.000000	0.000000
324	0.000123	0.000000	0.000201	0.201131	0.696011	0.102534	0.000000	0.000000	0.000000
325	0.000111	0.000000	0.000212	0.201379	0.695880	0.102418	0.000000	0.000000	0.000000
326	0.000114	0.000000	0.000208	0.201717	0.695444	0.102517	0.000000	0.000000	0.000000
327	0.000124	0.000000	0.000217	0.201455	0.695615	0.102589	0.000000	0.000000	0.000000
328	0.000117	0.000000	0.000226	0.201479	0.695362	0.102816	0.000000	0.000000	0.000000
329	0.000104	0.000000	0.000229	0.201260	0.695711	0.102696	0.000000	0.000000	0.000000
330	0.000100	0.000000	0.000237	0.201132	0.695879	0.102652	0.000000	0.000000	0.000000
331	0.000103	0.000000	0.000226	0.201276	0.695568	0.102827	0.000000	0.000000	0.000000
332	0.000097	0.000000	0.000233	0.201445	0.695561	0.102664	0.000000	0.000000	0.000000
333	0.000099	0.000000	0.000223	0.200997	0.695787	0.102894	0.000000	0.000000	0.000000
334	0.000091	0.000000	0.000227	0.201190	0.695656	0.102836	0.000000	0.000000	0.000000
335	0.000080	0.000000	0.000222	0.201854	0.694832	0.103012	0.000000	0.000000	0.000000
336	0.000082	0.000000	0.000216	0.201266	0.695598	0.102838	0.000000	0.000000	0.000000
337	0.000078	0.000000	0.000216	0.201259	0.695417	0.103030	0.000000	0.000000	0.000000
338	0.000081	0.000000	0.000192	0.201071	0.695582	0.103074	0.000000	0.000000	0.000000
339	0.000077	0.000000	0.000197	0.201063	0.695676	0.102987	0.000000	0.000000	0.000000
340	0.000076	0.000000	0.000197	0.200487	0.695910	0.103330	0.000000	0.000000	0.000000
341	0.000073	0.000000	0.000193	0.200755	0.695418	0.103561	0.000000	0.000000	0.000000
342	0.000081	0.000000	0.000199	0.200603	0.695563	0.103554	0.000000	0.000000	0.000000
343	0.000073	0.000000	0.000196	0.200740	0.695117	0.103874	0.000000	0.000000	0.000000
344	0.000072	0.000000	0.000178	0.200597	0.695597	0.103556	0.000000	0.000000	0.000000
345	0.000069	0.000000	0.000181	0.200593	0.695633	0.103524	0.000000	0.000000	0.000000
346	0.000059	0.000000	0.000179	0.200404	0.695587	0.103771	0.000000	0.000000	0.000000
347	0.000066	0.000000	0.000196	0.200071	0.696038	0.103629	0.000000	0.000000	0.000000
348	0.000069	0.000000	0.000185	0.199796	0.695808	0.104142	0.000000	0.000000	0.000000
349	0.000061	0.000000	0.000179	0.199472	0.695994	0.104294	0.000000	0.000000	0.000000
350	0.000053	0.000000	0.000184	0.199227	0.696455	0.104081	0.000000	0.000000	0.000000
351	0.000045	0.000000	0.000178	0.198980	0.696493	0.104304	0.000000	0.000000	0.000000
352	0.000043	0.000000	0.000171	0.198938	0.696601	0.104247	0.000000	0.000000	0.000000
353	0.000042	0.000000	0.000166	0.198986	0.696582	0.104224	0.000000	0.000000	0.000000
354	0.000041	0.000000	0.000165	0.199448	0.696161	0.104185	0.000000	0.000000	0.000000
355	0.000037	0.000000	0.000148	0.198877	0.696660	0.104278	0.000000	0.000000	0.000000
356	0.000029	0.000000	0.000151	0.198784	0.696576	0.104460	0.000000	0.000000	0.000000
357	0.000022	0.000000	0.000151	0.198911	0.696662	0.104254	0.000000	0.000000	0.000000
358	0.000016	0.000000	0.000166	0.198508	0.696835	0.104475	0.000000	0.000000	0.000000
359	0.000012	0.000000	0.000160	0.198873	0.696420	0.104535	0.000000	0.000000	0.000000
360	0.000009	0.000000	0.000170	0.198802	0.696280	0.104739	0.000000	0.000000	0.000000
361	0.000011	0.000000	0.000169	0.198808	0.696371	0.104641	0.000000	0.000000	0.000000
362	0.000010	0.000000	0.000183	0.198670	0.696170	0.104967	0.000000	0.000000	0.000000
363	0.000012	0.000000	0.000192	0.198498	0.696202	0.105096	0.000000	0.000000	0.000000
364	0.000012	0.000000	0.000196	0.198296	0.696434	0.105062	0.000000	0.000000	0.000000
365	0.000014	0.000000	0.000197	0.197856	0.696862	0.105071	0.000000	0.000000	0.000000
366	0.000013	0.000000	0.000214	0.197818	0.696373	0.105582	0.000000	0.000000	0.000000
367	0.000018	0.000000	0.000200	0.198191	0.696169	0.105422	0.000000	0.000000	0.000000
368	0.000019	0.000000	0.000203	0.198101	0.696608	0.105069	0.000000	0.000000	0.000000
369	0.000018	0.000000	0.000206	0.197900	0.696641	0.105235	0.000000	0.000000	0.000000
370	0.000016	0.000000	0.000217	0.197816	0.696826	0.105125	0.000000	0.000000	0.000000
371	0.000016	0.000000	0.000216	0.197718	0.696507	0.105543	0.000000	0.000000	0.000000
372	0.000016	0.000000	0.000212	0.197583	0.697055	0.105134	0.000000	0.000000	0.000000
373	0.000011	0.000000	0.000200	0.198045	0.696219	0.105525	0.000000	0.000000	0.000000
374	0.000007	0.000000	0.000194	0.198167	0.696056	0.105576	0.000000	0.000000	0.000000
375	0.000007	0.000000	0.000181	0.198348	0.695935	0.105529	0.000000	0.000000	0.000000
376	0.000006	0.000000	0.000189	0.198316	0.696053	0.105436	0.000000	0.000000	0.000000
377	0.000004	0.000000	0.000187	0.198328	0.695929	0.105552	0.000000	0.000000	0.000000
378	0.000003	0.000000	0.000180	0.198426	0.696025	0.105366	0.000000	0.000000	0.000000
379	0.000004	0.000000	0.000176	0.198068	0.696325	0.105427	0.000000	0.000000	0.000000
380	0.000004	0.000000	0.000165	0.197594	0.696758	0.105479	0.000000	0.000000	0.000000
381	0.000002	0.000000	0.000151	0.197883	0.696480	0.105484	0.000000	0.000000	0.000000
382	0.000001	0.000000	0.000156	0.197384	0.696743	0.105716	0.000000	0.000000	0.000000
383	0.000001	0.000000	0.000173	0.197844	0.696302	0.105680	0.000000	0.000000	0.000000
384	0.000000	0.000000	0.000170	0.198059	0.696299	0.105472	0.000000	0.000000	0.000000
385	0.000000	0.000000	0.000176	0.198135	0.695864	0.105825	0.000000	0.000000	0.000000
386	0.000000	0.000000	0.000168	0.198789	0.695406	0.105637	0.000000	0.000000	0.000000
387	0.000000	0.000000	0.000165	0.199114	0.695264	0.105457	0.000000	0.000000	0.000000
388	0.000000	0.000000	0.000162	0.199465	0.695005	0.105368	0.000000	0.000000	0.000000
389	0.000000	0.000000	0.000169	0.199853	0.694790	0.105188	0.000000	0.000000	0.000000
390	0.000000	0.000000	0.000158	0.200669	0.693824	0.105349	0.000000	0.000000	0.000000
391	0.000000	0.000000	0.000145	0.200568	0.693911	0.105376	0.000000	0.000000	0.000000
392	0.000000	0.000000	0.000135	0.200612	0.693925	0.105328	0.000000	0.000000	0.000000
393	0.000000	0.000000	0.000122	0.200621	0.693917	0.105340	0.000000	0.000000	0.000000
394	0.000000	0.000000	0.000127	0.200429	0.694076	0.105368	0.000000	0.000000	0.000000
395	0.000000	0.000000	0.000114	0.200339	0.694080	0.105467	0.000000	0.000000	0.000000
396	0.000000	0.000000	0.000111	0.200283	0.693659	0.105947	0.000000	0.000000	0.000000
397	0.000000	0.000000	0.000106	0.200327	0.693521	0.106046	0.000000	0.000000	0.000000
398	0.000000	0.000000	0.000110	0.200167	0.693755	0.105968	0.000000	0.000000	0.000000
399	0.000000	0.000000	0.000099	0.200054	0.694438	0.105409	0.000000	0.000000	0.000000
400	0.000000	0.000000	0.000095	0.200514	0.693279	0.106112	0.000000	0.000000	0.000000
401	0.000000	0.000000	0.000108	0.200444	0.693630	0.105818	0.000000	0.000000	0.000000
402	0.000000	0.000000	0.000103	0.199949	0.694109	0.105839	0.000000	0.000000	0.000000
403	0.000000	0.000000	0.000099	0.199840	0.694033	0.106028	0.000000	0.000000	0.000000
404	0.000000	0.000000	0.000092	0.200009	0.693715	0.106184	0.000000	0.000000	0.000000
405	0.000000	0.000000	0.000099	0.200144	0.693417	0.106340	0.000000	0.000000	0.000000
406	0.000000	0.000000	0.000102	0.200525	0.692913	0.106460	0.000000	0.000000	0.000000
407	0.000000	0.000000	0.000110	0.200199	0.693533	0.106158	0.000000	0.000000	0.000000
408	0.000000	0.000000	0.000109	0.200101	0.693611	0.106179	0.000000	0.000000	0.000000
409	0.000000	0.000000	0.000099	0.199624	0.694049	0.106228	0.000000	0.000000	0.000000
410	0.000000	0.000000	0.000093	0.199816	0.693957	0.106134	0.000000	0.000000	0.000000
411	0.000000	0.000000	0.000103	0.199473	0.693874	0.106550	0.000000	0.000000	0.000000
412	0.000000	0.000000	0.000096	0.199787	0.693948	0.106169	0.000000	0.000000	0.000000
413	0.000000	0.000000	0.000085	0.199558	0.693906	0.106451	0.000000	0.000000	0.000000
414	0.000000	0.000000	0.000089	0.199480	0.694072	0.106359	0.000000	0.000000	0.000000
415	0.000000	0.000000	0.000094	0.199362	0.694225	0.106319	0.000000	0.000000	0.000000
416	0.000000	0.000000	0.000104	0.199029	0.694639	0.106228	0.000000	0.000000	0.000000
417	0.000000	0.000000	0.000111	0.199308	0.694120	0.106461	0.000000	0.000000	0.000000
418	0.000000	0.000000	0.000111	0.199324	0.694342	0.106223	0.000000	0.000000	0.000000
419	0.000000	0.000000	0.000099	0.199393	0.693875	0.106633	0.000000	0.000000	0.000000
420	0.000000	0.000000	0.000095	0.199469	0.693843	0.106593	0.000000	0.000000	0.000000
421	0.000000	0.000000	0.000095	0.199321	0.693937	0.106647	0.000000	0.000000	0.000000
422	0.000000	0.000000	0.000093	0.199211	0.693968	0.106728	0.000000	0.000000	0.000000
423	0.000000	0.000000	0.000096	0.199549	0.693501	0.106854	0.000000	0.000000	0.000000
424	0.000000	0.000000	0.000105	0.200158	0.692863	0.106874	0.000000	0.000000	0.000000
425	0.000000	0.000000	0.000110	0.200151	0.692681	0.107058	0.000000	0.000000	0.000000
426	0.000000	0.000000	0.000110	0.200617	0.692084	0.107189	0.000000	0.000000	0.000000
427	0.000000	0.000000	0.000105	0.200923	0.691670	0.107302	0.000000	0.000000	0.000000
428	0.000000	0.000000	0.000094	0.200514	0.692281	0.107111	0.000000	0.000000	0.000000
429	0.000000	0.000000	0.000097	0.201028	0.691551	0.107324	0.000000	0.000000	0.000000
430	0.000000	0.000000	0.000102	0.201266	0.691368	0.107264	0.000000	0.000000	0.000000
431	0.000000	0.000000	0.000111	0.201043	0.691599	0.107247	0.000000	0.000000	0.000000
432	0.000000	0.000000	0.000121	0.200933	0.691768	0.107178	0.000000	0.000000	0.000000
433	0.000000	0.000000	0.000119	0.200575	0.692163	0.107143	0.000000	0.000000	0.000000
434	0.000000	0.000000	0.000129	0.200846	0.691929	0.107096	0.000000	0.000000	0.000000
435	0.000000	0.000000	0.000128	0.200478	0.692308	0.107086	0.000000	0.000000	0.000000
436	0.000000	0.000000	0.000144	0.200437	0.692267	0.107152	0.000000	0.000000	0.000000
437	0.000000	0.000000	0.000141	0.200069	0.692825	0.106965	0.000000	0.000000	0.000000
438	0.000000	0.000000	0.000150	0.200246	0.692595	0.107009	0.000000	0.000000	0.000000
439	0.000000	0.000000	0.000158	0.200015	0.692976	0.106851	0.000000	0.000000	0.000000
440	0.000000	0.000000	0.000168	0.199993	0.692969	0.106870	0.000000	0.000000	0.000000
441	0.000000	0.000000	0.000146	0.200033	0.692808	0.107013	0.000000	0.000000	0.000000
442	0.000000	0.000000	0.000153	0.200168	0.692854	0.106825	0.000000	0.000000	0.000000
443	0.000000	0.000000	0.000151	0.200598	0.692417	0.106834	0.000000	0.000000	0.000000
444	0.000000	0.000000	0.000150	0.200316	0.692561	0.106973	0.000000	0.000000	0.000000
445	0.000000	0.000000	0.000153	0.200534	0.692294	0.107019	0.000000	0.000000	0.000000
446	0.000000	0.000000	0.000158	0.200774	0.691582	0.107486	0.000000	0.000000	0.000000
447	0.000000	0.000000	0.000157	0.200519	0.691441	0.107883	0.000000	0.000000	0.000000
448	0.000000	0.000000	0.000147	0.200663	0.691346	0.107844	0.000000	0.000000	0.000000
449	0.000000	0.000000	0.000138	0.200513	0.691233	0.108116	0.000000	0.000000	0.000000
450	0.000000	0.000000	0.000134	0.199866	0.691759	0.108241	0.000000	0.000000	0.000000
451	0.000000	0.000000	0.000127	0.199970	0.691816	0.108087	0.000000	0.000000	0.000000
452	0.000000	0.000000	0.000130	0.200193	0.691492	0.108185	0.000000	0.000000	0.000000
453	0.000000	0.000000	0.000118	0.200815	0.690637	0.108430	0.000000	0.000000	0.000000
454	0.000000	0.000000	0.000111	0.200712	0.690662	0.108515	0.000000	0.000000	0.000000
455	0.000000	0.000000	0.000116	0.200309	0.691033	0.108542	0.000000	0.000000	0.000000
456	0.000000	0.000000	0.000122	0.200508	0.691052	0.108318	0.000000	0.000000	0.000000
457	0.000000	0.000000	0.000124	0.200386	0.690909	0.108581	0.000000	0.000000	0.000000
458	0.000000	0.000000	0.000116	0.200630	0.690653	0.108601	0.000000	0.000000	0.000000
459	0.000000	0.000000	0.000111	0.200346	0.690927	0.108616	0.000000	0.000000	0.000000
460	0.000000	0.000000	0.000105	0.200256	0.690944	0.108695	0.000000	0.000000	0.000000
461	0.000000	0.000000	0.000095	0.200281	0.691097	0.108527	0.000000	0.000000	0.000000
462	0.000000	0.000000	0.000093	0.200093	0.691200	0.108614	0.000000	0.000000	0.000000
463	0.000000	0.000000	0.000097	0.200479	0.691419	0.108005	0.000000	0.000000	0.000000
464	0.000000	0.000000	0.000084	0.200315	0.691670	0.107931	0.000000	0.000000	0.000000
465	0.000000	0.000000	0.000082	0.200610	0.691004	0.108304	0.000000	0.000000	0.000000
466	0.000000	0.000000	0.000072	0.200367	0.691363	0.108198	0.000000	0.000000	0.000000
467	0.000000	0.000000	0.000069	0.199939	0.691797	0.108195	0.000000	0.000000	0.000000
468	0.000000	0.000000	0.000060	0.199776	0.692089	0.108075	0.000000	0.000000	0.000000
469	0.000000	0.000000	0.000046	0.199588	0.692256	0.108110	0.000000	0.000000	0.000000
470	0.000000	0.000000	0.000041	0.199695	0.692210	0.108054	0.000000	0.000000	0.000000
