0	0.290663	0.057897	0.229473	0.157588	0.029913	0.111872	0.085455	0.012259	0.024880
1	0.244336	0.049975	0.209580	0.135290	0.027657	0.117325	0.109409	0.021261	0.085167
2	0.255425	0.051575	0.216801	0.126805	0.027077	0.110405	0.102550	0.020193	0.089169
3	0.271870	0.053688	0.224560	0.118843	0.026722	0.102258	0.094302	0.018425	0.089332
4	0.289713	0.055914	0.231128	0.110733	0.026561	0.094100	0.086431	0.016455	0.088965
5	0.307033	0.057998	0.237434	0.103188	0.026596	0.085814	0.078387	0.014848	0.088702
6	0.323884	0.059659	0.243274	0.095622	0.026640	0.077983	0.071490	0.013490	0.087958
7	0.340020	0.061056	0.247911	0.088544	0.026843	0.071189	0.064882	0.012031	0.087524
8	0.356192	0.062576	0.251540	0.082319	0.026669	0.064667	0.058582	0.010685	0.086770
9	0.371554	0.063701	0.255658	0.075772	0.026527	0.058447	0.052944	0.009671	0.085726
10	0.386678	0.064684	0.257779	0.070139	0.026412	0.052662	0.048075	0.008700	0.084871
11	0.400778	0.064926	0.260209	0.064594	0.026155	0.048183	0.043217	0.007732	0.084206
12	0.414150	0.066078	0.262087	0.059390	0.026056	0.042750	0.039323	0.006958	0.083208
13	0.427050	0.066324	0.263782	0.054310	0.026101	0.038626	0.035689	0.006109	0.082009
14	0.439088	0.067103	0.264462	0.049464	0.026260	0.034787	0.032319	0.005539	0.080978
15	0.450536	0.067691	0.264650	0.045245	0.026336	0.031173	0.029222	0.005043	0.080104
16	0.460908	0.068313	0.265232	0.041233	0.026421	0.027906	0.026332	0.004502	0.079153
17	0.470822	0.068667	0.264950	0.037852	0.026505	0.024934	0.023857	0.004079	0.078334
18	0.480524	0.069069	0.264301	0.034495	0.026604	0.022481	0.021777	0.003646	0.077103
19	0.489472	0.069527	0.263426	0.031572	0.026775	0.020301	0.019947	0.003246	0.075734
20	0.497706	0.069495	0.262749	0.029222	0.026697	0.018606	0.018023	0.002921	0.074581
21	0.504847	0.069997	0.261999	0.026789	0.027033	0.016597	0.016428	0.002627	0.073683
22	0.512117	0.069909	0.261262	0.024519	0.027055	0.015293	0.014903	0.002406	0.072536
23	0.519077	0.069569	0.260163	0.022335	0.027355	0.013711	0.013594	0.002252	0.071944
24	0.525652	0.069349	0.259526	0.020698	0.027430	0.012383	0.012360	0.002066	0.070536
25	0.532468	0.069382	0.257756	0.018780	0.027731	0.011242	0.011127	0.001807	0.069707
26	0.538265	0.069395	0.256414	0.017555	0.027878	0.010182	0.010181	0.001671	0.068459
27	0.542971	0.069253	0.256021	0.016012	0.028080	0.009268	0.009114	0.001599	0.067682
28	0.548149	0.068950	0.254029	0.014807	0.028775	0.008452	0.008510	0.001525	0.066803
29	0.553700	0.068756	0.252233	0.013502	0.029077	0.007841	0.007634	0.001345	0.065912
30	0.558147	0.068481	0.251490	0.012481	0.029311	0.007249	0.007009	0.001179	0.064653
31	0.563133	0.068780	0.249633	0.011360	0.029634	0.006668	0.006300	0.001109	0.063383
32	0.567630	0.068863	0.247475	0.010637	0.029988	0.006102	0.005777	0.001005	0.062523
33	0.571108	0.069091	0.246246	0.009793	0.030293	0.005565	0.005265	0.000934	0.061705
34	0.575851	0.068732	0.244116	0.009055	0.030713	0.005160	0.004796	0.000878	0.060699
35	0.579151	0.068785	0.242794	0.008251	0.031100	0.004915	0.004439	0.000802	0.059763
36	0.582521	0.068456	0.241806	0.007800	0.031220	0.004497	0.004116	0.000752	0.058832
37	0.585648	0.067946	0.240852	0.007428	0.031726	0.004159	0.003800	0.000681	0.057760
38	0.589166	0.067951	0.239145	0.006818	0.031789	0.003904	0.003520	0.000639	0.057068
39	0.592811	0.067514	0.237101	0.006332	0.032403	0.003630	0.003280	0.000600	0.056329
40	0.596032	0.067182	0.235198	0.005865	0.032982	0.003382	0.003093	0.000540	0.055726
41	0.598984	0.067311	0.233651	0.005432	0.033289	0.003145	0.002863	0.000517	0.054808
42	0.602219	0.066540	0.232764	0.005070	0.033747	0.003036	0.002571	0.000462	0.053591
43	0.605306	0.066440	0.231274	0.004705	0.033885	0.002814	0.002383	0.000432	0.052761
44	0.608363	0.066009	0.229546	0.004438	0.034576	0.002590	0.002237	0.000410	0.051831
45	0.610604	0.066272	0.228122	0.004101	0.035100	0.002473	0.002108	0.000373	0.050847
46	0.612775	0.066792	0.226441	0.003893	0.035520	0.002345	0.001951	0.000388	0.049895
47	0.615457	0.066339	0.224989	0.003758	0.036136	0.002205	0.001771	0.000325	0.049020
48	0.617887	0.065809	0.223444	0.003510	0.036693	0.002125	0.001746	0.000311	0.048475
49	0.620651	0.065441	0.221846	0.003330	0.037240	0.001960	0.001620	0.000282	0.047630
50	0.622494	0.065610	0.220636	0.003230	0.037755	0.001832	0.001460	0.000306	0.046677
51	0.625045	0.065152	0.219098	0.003073	0.038333	0.001724	0.001359	0.000283	0.045933
52	0.627036	0.065278	0.218074	0.002801	0.038680	0.001664	0.001254	0.000257	0.044956
53	0.629407	0.065123	0.216745	0.002694	0.039131	0.001565	0.001141	0.000250	0.043944
54	0.631790	0.064561	0.215383	0.002587	0.039630	0.001552	0.001037	0.000250	0.043210
55	0.634071	0.064561	0.213687	0.002429	0.040357	0.001431	0.000946	0.000227	0.042291
56	0.635785	0.064415	0.213271	0.002345	0.040604	0.001367	0.000877	0.000198	0.041138
57	0.637865	0.063841	0.212533	0.002158	0.041019	0.001304	0.000835	0.000196	0.040249
58	0.639721	0.063551	0.211339	0.002032	0.041604	0.001243	0.000791	0.000184	0.039535
59	0.641988	0.063275	0.209970	0.001963	0.041929	0.001212	0.000726	0.000164	0.038773
60	0.643937	0.062900	0.209119	0.001853	0.042335	0.001161	0.000648	0.000163	0.037884
61	0.645948	0.062296	0.208374	0.001764	0.042714	0.001145	0.000618	0.000157	0.036984
62	0.647586	0.061863	0.207564	0.001738	0.043073	0.001077	0.000560	0.000158	0.036381
63	0.649252	0.061475	0.206737	0.001625	0.043743	0.001065	0.000565	0.000139	0.035399
64	0.650813	0.061182	0.205448	0.001545	0.044517	0.001033	0.000523	0.000141	0.034798
65	0.651740	0.060796	0.205273	0.001530	0.044911	0.001027	0.000478	0.000135	0.034110
66	0.654014	0.060512	0.203959	0.001430	0.045297	0.000975	0.000417	0.000132	0.033264
67	0.655898	0.060329	0.202712	0.001406	0.045766	0.000940	0.000365	0.000126	0.032458
68	0.657331	0.060273	0.201436	0.001337	0.046526	0.000858	0.000362	0.000109	0.031768
69	0.658879	0.059825	0.200608	0.001217	0.047040	0.000848	0.000311	0.000103	0.031169
70	0.659771	0.059549	0.199990	0.001131	0.047881	0.000752	0.000259	0.000086	0.030581
71	0.660927	0.059306	0.199423	0.001042	0.048326	0.000763	0.000254	0.000084	0.029875
72	0.661781	0.059248	0.198638	0.001035	0.048943	0.000723	0.000247	0.000077	0.029308
73	0.663487	0.058854	0.197663	0.000960	0.049450	0.000674	0.000228	0.000079	0.028605
74	0.665078	0.058898	0.196290	0.000932	0.049770	0.000686	0.000229	0.000068	0.028049
75	0.666584	0.058641	0.195369	0.000900	0.050108	0.000629	0.000218	0.000048	0.027503
76	0.667878	0.058353	0.194469	0.000858	0.050549	0.000608	0.000216	0.000048	0.027021
77	0.668174	0.058340	0.194110	0.000890	0.051192	0.000592	0.000179	0.000055	0.026468
78	0.668972	0.057697	0.193981	0.000878	0.051860	0.000610	0.000162	0.000056	0.025784
79	0.669867	0.057572	0.193258	0.000839	0.052398	0.000560	0.000153	0.000051	0.025302
80	0.671211	0.057602	0.191828	0.000827	0.052777	0.000538	0.000149	0.000041	0.025027
81	0.672197	0.057349	0.191228	0.000763	0.053434	0.000505	0.000148	0.000040	0.024336
82	0.673458	0.056704	0.190429	0.000752	0.054032	0.000471	0.000127	0.000036	0.023991
83	0.674030	0.056573	0.190225	0.000752	0.054407	0.000479	0.000120	0.000025	0.023389
84	0.675303	0.056531	0.189177	0.000741	0.054895	0.000447	0.000104	0.000030	0.022772
85	0.675979	0.056346	0.188834	0.000713	0.055347	0.000443	0.000099	0.000025	0.022214
86	0.676768	0.056034	0.188129	0.000699	0.056134	0.000426	0.000101	0.000022	0.021687
87	0.677595	0.055891	0.187655	0.000669	0.056566	0.000430	0.000079	0.000029	0.021086
88	0.678409	0.055582	0.186912	0.000615	0.057338	0.000415	0.000087	0.000024	0.020618
89	0.679236	0.055111	0.186183	0.000637	0.058024	0.000421	0.000082	0.000017	0.020289
90	0.679996	0.054686	0.185740	0.000584	0.058499	0.000375	0.000070	0.000014	0.020036
91	0.680322	0.054393	0.185613	0.000559	0.059124	0.000351	0.000060	0.000013	0.019565
92	0.681753	0.053884	0.184900	0.000552	0.059243	0.000361	0.000055	0.000024	0.019228
93	0.682145	0.053812	0.184574	0.000511	0.059750	0.000358	0.000048	0.000022	0.018780
94	0.683166	0.053518	0.184087	0.000477	0.060166	0.000352	0.000051	0.000019	0.018164
95	0.683349	0.053288	0.184075	0.000452	0.060691	0.000325	0.000048	0.000017	0.017755
96	0.684198	0.053040	0.183412	0.000421	0.061286	0.000333	0.000038	0.000020	0.017252
97	0.684713	0.052495	0.182887	0.000435	0.062046	0.000295	0.000034	0.000013	0.017082
98	0.685444	0.052032	0.182318	0.000434	0.062701	0.000259	0.000031	0.000011	0.016770
99	0.685629	0.051951	0.182167	0.000402	0.063119	0.000248	0.000023	0.000017	0.016444
100	0.686019	0.051763	0.182086	0.000426	0.063563	0.000234	0.000028	0.000016	0.015865
101	0.686617	0.051608	0.181370	0.000429	0.064282	0.000243	0.000023	0.000016	0.015412
102	0.687019	0.051597	0.180579	0.000403	0.065036	0.000229	0.000022	0.000018	0.015097
103	0.688699	0.051419	0.179649	0.000390	0.064983	0.000221	0.000023	0.000017	0.014599
104	0.688685	0.051222	0.179549	0.000346	0.065674	0.000214	0.000019	0.000009	0.014282
105	0.689872	0.050849	0.178580	0.000352	0.066151	0.000198	0.000014	0.000012	0.013972
106	0.690782	0.050774	0.177587	0.000349	0.066555	0.000214	0.000010	0.000009	0.013720
107	0.691145	0.050474	0.177255	0.000305	0.067212	0.000204	0.000017	0.000006	0.013382
108	0.691735	0.050075	0.177016	0.000292	0.067626	0.000189	0.000015	0.000006	0.013046
109	0.692370	0.049929	0.176453	0.000306	0.068117	0.000196	0.000007	0.000009	0.012613
110	0.692408	0.049649	0.176358	0.000297	0.068619	0.000212	0.000012	0.000007	0.012438
111	0.693048	0.049721	0.175428	0.000284	0.069295	0.000207	0.000009	0.000009	0.011999
112	0.693676	0.049385	0.174931	0.000276	0.069648	0.000195	0.000011	0.000006	0.011872
113	0.693692	0.049109	0.174832	0.000256	0.070221	0.000194	0.000012	0.000004	0.011680
114	0.693981	0.048836	0.174590	0.000254	0.070647	0.000174	0.000010	0.000005	0.011503
115	0.693507	0.048758	0.174516	0.000259	0.071524	0.000180	0.000009	0.000004	0.011243
116	0.693933	0.048465	0.174147	0.000260	0.072026	0.000167	0.000015	0.000003	0.010984
117	0.694171	0.048458	0.173505	0.000274	0.072704	0.000171	0.000009	0.000001	0.010707
118	0.694877	0.047845	0.173192	0.000263	0.073105	0.000168	0.000009	0.000004	0.010537
119	0.695204	0.047717	0.172629	0.000263	0.073729	0.000173	0.000010	0.000002	0.010273
120	0.695659	0.047230	0.172539	0.000245	0.073988	0.000166	0.000015	0.000003	0.010155
121	0.695233	0.047080	0.172431	0.000230	0.074783	0.000165	0.000012	0.000001	0.010065
122	0.695320	0.046846	0.172493	0.000217	0.075082	0.000164	0.000012	0.000003	0.009863
123	0.695739	0.046574	0.171802	0.000207	0.075930	0.000130	0.000009	0.000001	0.009608
124	0.695600	0.046418	0.171533	0.000210	0.076640	0.000153	0.000006	0.000001	0.009439
125	0.695710	0.046054	0.171118	0.000213	0.077438	0.000151	0.000014	0.000001	0.009301
126	0.695994	0.045852	0.170693	0.000222	0.077913	0.000138	0.000009	0.000001	0.009178
127	0.695835	0.045790	0.170506	0.000209	0.078538	0.000145	0.000008	0.000001	0.008968
128	0.695484	0.045664	0.169964	0.000203	0.079697	0.000132	0.000010	0.000000	0.008846
129	0.695774	0.045508	0.169563	0.000190	0.080200	0.000136	0.000006	0.000000	0.008623
130	0.695596	0.045462	0.169203	0.000171	0.081121	0.000146	0.000006	0.000000	0.008295
131	0.695579	0.045417	0.169061	0.000195	0.081424	0.000128	0.000006	0.000000	0.008190
132	0.695892	0.045224	0.168423	0.000180	0.082104	0.000145	0.000004	0.000000	0.008028
133	0.695830	0.044985	0.168107	0.000196	0.083030	0.000130	0.000003	0.000000	0.007719
134	0.696478	0.044773	0.167306	0.000168	0.083508	0.000140	0.000003	0.000000	0.007624
135	0.696336	0.044751	0.167321	0.000151	0.083835	0.000112	0.000002	0.000000	0.007492
136	0.695662	0.044915	0.167327	0.000148	0.084459	0.000126	0.000002	0.000000	0.007361
137	0.695274	0.044863	0.167209	0.000144	0.085157	0.000142	0.000001	0.000000	0.007210
138	0.695476	0.044497	0.167089	0.000146	0.085650	0.000135	0.000002	0.000000	0.007005
139	0.695526	0.044297	0.166820	0.000121	0.086205	0.000151	0.000005	0.000000	0.006875
140	0.695821	0.044224	0.166545	0.000113	0.086431	0.000146	0.000003	0.000000	0.006717
141	0.695834	0.044046	0.166205	0.000131	0.087084	0.000142	0.000004	0.000000	0.006554
142	0.695919	0.043815	0.165800	0.000133	0.087734	0.000154	0.000005	0.000000	0.006440
143	0.695965	0.043719	0.165516	0.000132	0.088288	0.000146	0.000004	0.000000	0.006230
144	0.695570	0.043679	0.165263	0.000126	0.089128	0.000137	0.000006	0.000000	0.006091
145	0.695784	0.043472	0.164983	0.000127	0.089501	0.000143	0.000009	0.000000	0.005981
146	0.695528	0.043281	0.165081	0.000133	0.090054	0.000151	0.000008	0.000000	0.005764
147	0.695429	0.042967	0.164922	0.000125	0.090785	0.000149	0.000009	0.000000	0.005614
148	0.696034	0.042491	0.164577	0.000114	0.091169	0.000145	0.000011	0.000000	0.005459
149	0.696014	0.042162	0.164269	0.000114	0.091968	0.000153	0.000008	0.000000	0.005312
150	0.696051	0.042086	0.163764	0.000112	0.092679	0.000134	0.000007	0.000000	0.005167
151	0.696262	0.041538	0.163332	0.000114	0.093513	0.000131	0.000005	0.000000	0.005105
152	0.695866	0.041501	0.163505	0.000112	0.093942	0.000129	0.000009	0.000000	0.004936
153	0.695689	0.041363	0.163457	0.000107	0.094411	0.000128	0.000007	0.000000	0.004838
154	0.695782	0.040888	0.162986	0.000112	0.095431	0.000131	0.000012	0.000000	0.004658
155	0.695824	0.040658	0.162621	0.000113	0.095920	0.000133	0.000013	0.000000	0.004718
156	0.695511	0.040485	0.162482	0.000114	0.096570	0.000131	0.000011	0.000000	0.004696
157	0.695348	0.040194	0.162655	0.000104	0.097036	0.000115	0.000009	0.000000	0.004539
158	0.694826	0.040126	0.162560	0.000108	0.097751	0.000121	0.000014	0.000000	0.004494
159	0.694042	0.040363	0.162591	0.000108	0.098429	0.000114	0.000013	0.000000	0.004340
160	0.694296	0.039999	0.162239	0.000119	0.098951	0.000106	0.000006	0.000000	0.004284
161	0.693862	0.039719	0.162364	0.000113	0.099530	0.000101	0.000004	0.000000	0.004307
162	0.693588	0.039782	0.161950	0.000107	0.100269	0.000107	0.000004	0.000000	0.004193
163	0.693487	0.039494	0.161644	0.000107	0.101081	0.000095	0.000005	0.000000	0.004087
164	0.693795	0.039055	0.161455	0.000124	0.101460	0.000102	0.000006	0.000000	0.004003
165	0.693540	0.039052	0.161521	0.000127	0.101727	0.000094	0.000003	0.000000	0.003936
166	0.693516	0.038964	0.161004	0.000121	0.102365	0.000099	0.000003	0.000000	0.003928
167	0.692893	0.038793	0.161328	0.000109	0.102825	0.000103	0.000002	0.000000	0.003947
168	0.692292	0.038743	0.161281	0.000122	0.103578	0.000096	0.000000	0.000000	0.003888
169	0.692190	0.038424	0.161135	0.000118	0.104168	0.000088	0.000000	0.000000	0.003877
170	0.692071	0.038191	0.161144	0.000126	0.104570	0.000069	0.000000	0.000000	0.003829
171	0.692249	0.037922	0.160762	0.000122	0.105142	0.000061	0.000000	0.000000	0.003742
172	0.691410	0.037577	0.161059	0.000123	0.106052	0.000070	0.000000	0.000000	0.003709
173	0.691065	0.037500	0.160969	0.000120	0.106548	0.000064	0.000000	0.000000	0.003734
174	0.690804	0.037059	0.160950	0.000125	0.107281	0.000061	0.000000	0.000000	0.003720
175	0.690693	0.036791	0.160907	0.000135	0.107801	0.000056	0.000000	0.000000	0.003617
176	0.690279	0.036435	0.161298	0.000132	0.108303	0.000060	0.000000	0.000000	0.003493
177	0.690665	0.036132	0.160732	0.000121	0.108897	0.000052	0.000000	0.000000	0.003401
178	0.690805	0.035912	0.160568	0.000110	0.109236	0.000059	0.000000	0.000000	0.003310
179	0.690865	0.035641	0.160263	0.000113	0.109801	0.000060	0.000000	0.000000	0.003257
180	0.690588	0.035518	0.159963	0.000113	0.110496	0.000050	0.000000	0.000000	0.003272
181	0.690103	0.035350	0.160212	0.000104	0.110946	0.000052	0.000000	0.000000	0.003233
182	0.689545	0.035300	0.160009	0.000111	0.111771	0.000057	0.000000	0.000000	0.003207
183	0.689361	0.034967	0.159831	0.000107	0.112466	0.000053	0.000000	0.000000	0.003215
184	0.688108	0.034997	0.160279	0.000099	0.113273	0.000071	0.000000	0.000000	0.003173
185	0.688048	0.034777	0.159939	0.000095	0.113993	0.000068	0.000000	0.000000	0.003080
186	0.687925	0.034591	0.159502	0.000094	0.114690	0.000089	0.000000	0.000000	0.003109
187	0.687491	0.034653	0.159103	0.000089	0.115516	0.000085	0.000000	0.000000	0.003063
188	0.687414	0.034237	0.159056	0.000089	0.116092	0.000088	0.000000	0.000000	0.003024
189	0.686775	0.034001	0.159389	0.000087	0.116742	0.000095	0.000000	0.000000	0.002911
190	0.686873	0.033818	0.158596	0.000093	0.117690	0.000072	0.000000	0.000000	0.002858
191	0.686696	0.033641	0.158632	0.000085	0.118043	0.000076	0.000000	0.000000	0.002827
192	0.686761	0.033311	0.158303	0.000079	0.118739	0.000087	0.000000	0.000000	0.002720
193	0.686825	0.032894	0.157980	0.000075	0.119507	0.000080	0.000000	0.000000	0.002639
194	0.686359	0.032861	0.158044	0.000082	0.120029	0.000080	0.000000	0.000000	0.002545
195	0.686021	0.032666	0.157835	0.000101	0.120788	0.000070	0.000000	0.000000	0.002519
196	0.685981	0.032441	0.157616	0.000099	0.121341	0.000062	0.000000	0.000000	0.002460
197	0.685350	0.032248	0.157917	0.000094	0.121867	0.000071	0.000000	0.000000	0.002453
198	0.685499	0.032230	0.157287	0.000093	0.122403	0.000068	0.000000	0.000000	0.002420
199	0.684909	0.031904	0.157534	0.000104	0.123075	0.000054	0.000000	0.000000	0.002420
200	0.684163	0.031700	0.157629	0.000107	0.124065	0.000049	0.000000	0.000000	0.002287
201	0.684365	0.031702	0.156910	0.000099	0.124647	0.000050	0.000000	0.000000	0.002227
202	0.683491	0.031585	0.157188	0.000095	0.125399	0.000049	0.000000	0.000000	0.002193
203	0.682956	0.031396	0.157426	0.000101	0.125948	0.000044	0.000000	0.000000	0.002129
204	0.682020	0.031429	0.157689	0.000092	0.126636	0.000039	0.000000	0.000000	0.002095
205	0.682029	0.030913	0.157632	0.000100	0.127181	0.000034	0.000000	0.000000	0.002111
206	0.681520	0.030926	0.157604	0.000096	0.127711	0.000030	0.000000	0.000000	0.002113
207	0.681218	0.030841	0.157446	0.000109	0.128310	0.000027	0.000000	0.000000	0.002049
208	0.681257	0.030453	0.157212	0.000105	0.128956	0.000026	0.000000	0.000000	0.001991
209	0.681420	0.029945	0.157012	0.000087	0.129513	0.000025	0.000000	0.000000	0.001998
210	0.681259	0.029732	0.156598	0.000075	0.130382	0.000023	0.000000	0.000000	0.001931
211	0.681044	0.029517	0.156496	0.000084	0.130970	0.000029	0.000000	0.000000	0.001860
212	0.680639	0.029511	0.156434	0.000083	0.131459	0.000030	0.000000	0.000000	0.001844
213	0.680526	0.029074	0.156590	0.000074	0.131909	0.000030	0.000000	0.000000	0.001797
214	0.679549	0.029077	0.156984	0.000070	0.132532	0.000020	0.000000	0.000000	0.001768
215	0.679148	0.028911	0.156663	0.000084	0.133392	0.000020	0.000000	0.000000	0.001782
216	0.678852	0.028668	0.156624	0.000087	0.134013	0.000028	0.000000	0.000000	0.001728
217	0.678417	0.028516	0.156909	0.000091	0.134340	0.000016	0.000000	0.000000	0.001711
218	0.678228	0.027968	0.156794	0.000083	0.135222	0.000011	0.000000	0.000000	0.001694
219	0.677858	0.027942	0.156674	0.000091	0.135775	0.000010	0.000000	0.000000	0.001650
220	0.677370	0.027798	0.156582	0.000089	0.136446	0.000011	0.000000	0.000000	0.001704
221	0.677027	0.027571	0.156466	0.000086	0.137094	0.000012	0.000000	0.000000	0.001744
222	0.676803	0.027560	0.156084	0.000078	0.137801	0.000011	0.000000	0.000000	0.001663
223	0.676650	0.027277	0.155580	0.000080	0.138775	0.000008	0.000000	0.000000	0.001630
224	0.676265	0.026965	0.155627	0.000084	0.139502	0.000017	0.000000	0.000000	0.001540
225	0.676214	0.026841	0.155440	0.000093	0.139861	0.000013	0.000000	0.000000	0.001538
226	0.675447	0.026651	0.155928	0.000101	0.140420	0.000010	0.000000	0.000000	0.001443
227	0.675083	0.026863	0.155246	0.000104	0.141281	0.000009	0.000000	0.000000	0.001414
228	0.675096	0.026639	0.154902	0.000101	0.141882	0.000011	0.000000	0.000000	0.001369
229	0.674628	0.026539	0.154875	0.000090	0.142557	0.000007	0.000000	0.000000	0.001304
230	0.674678	0.026472	0.154242	0.000100	0.143206	0.000008	0.000000	0.000000	0.001294
231	0.674708	0.026264	0.153604	0.000105	0.144024	0.000011	0.000000	0.000000	0.001284
232	0.673662	0.026272	0.153875	0.000099	0.144809	0.000008	0.000000	0.000000	0.001275
233	0.673688	0.026023	0.153537	0.000099	0.145440	0.000013	0.000000	0.000000	0.001200
234	0.672976	0.025775	0.153559	0.000107	0.146403	0.000013	0.000000	0.000000	0.001167
235	0.673026	0.025654	0.153285	0.000091	0.146743	0.000010	0.000000	0.000000	0.001191
236	0.672547	0.025510	0.153607	0.000089	0.147101	0.000009	0.000000	0.000000	0.001137
237	0.672383	0.025418	0.153247	0.000097	0.147700	0.000013	0.000000	0.000000	0.001142
238	0.671922	0.025303	0.152932	0.000091	0.148566	0.000013	0.000000	0.000000	0.001173
239	0.671584	0.025202	0.152886	0.000072	0.149135	0.000009	0.000000	0.000000	0.001112
240	0.671184	0.025091	0.152460	0.000072	0.150097	0.000009	0.000000	0.000000	0.001087
241	0.670776	0.024977	0.152034	0.000068	0.151023	0.000008	0.000000	0.000000	0.001114
242	0.670465	0.024827	0.151929	0.000064	0.151626	0.000011	0.000000	0.000000	0.001078
243	0.670430	0.024638	0.151617	0.000054	0.152128	0.000013	0.000000	0.000000	0.001120
244	0.669944	0.024640	0.151555	0.000056	0.152699	0.000010	0.000000	0.000000	0.001096
245	0.669457	0.024525	0.151655	0.000047	0.153245	0.000008	0.000000	0.000000	0.001063
246	0.669009	0.024354	0.151570	0.000056	0.153929	0.000010	0.000000	0.000000	0.001072
247	0.668291	0.024310	0.151414	0.000060	0.154821	0.000011	0.000000	0.000000	0.001093
248	0.668133	0.024117	0.151184	0.000067	0.155401	0.000010	0.000000	0.000000	0.001088
249	0.667584	0.023921	0.151093	0.000074	0.156295	0.000011	0.000000	0.000000	0.001022
250	0.667265	0.023533	0.151067	0.000068	0.157063	0.000006	0.000000	0.000000	0.000998
251	0.666130	0.023663	0.151112	0.000071	0.158061	0.000007	0.000000	0.000000	0.000956
252	0.665152	0.023528	0.151496	0.000071	0.158812	0.000003	0.000000	0.000000	0.000938
253	0.665349	0.023505	0.150993	0.000067	0.159158	0.000002	0.000000	0.000000	0.000926
254	0.665056	0.023391	0.150625	0.000068	0.159931	0.000001	0.000000	0.000000	0.000928
255	0.663566	0.023437	0.150949	0.000070	0.161069	0.000001	0.000000	0.000000	0.000908
256	0.663190	0.023266	0.150725	0.000060	0.161803	0.000002	0.000000	0.000000	0.000954
257	0.662824	0.023355	0.150448	0.000066	0.162393	0.000004	0.000000	0.000000	0.000910
258	0.662656	0.023096	0.150226	0.000072	0.163051	0.000002	0.000000	0.000000	0.000897
259	0.662767	0.022866	0.150092	0.000069	0.163293	0.000001	0.000000	0.000000	0.000912
260	0.662126	0.022739	0.150111	0.000074	0.164060	0.000002	0.000000	0.000000	0.000888
261	0.661672	0.022622	0.150109	0.000065	0.164676	0.000003	0.000000	0.000000	0.000853
262	0.661529	0.022583	0.149587	0.000060	0.165371	0.000003	0.000000	0.000000	0.000867
263	0.660737	0.022504	0.149636	0.000057	0.166216	0.000002	0.000000	0.000000	0.000848
264	0.660392	0.022429	0.149388	0.000051	0.166897	0.000001	0.000000	0.000000	0.000842
265	0.659606	0.022259	0.149472	0.000047	0.167782	0.000002	0.000000	0.000000	0.000832
266	0.659478	0.022090	0.149256	0.000047	0.168301	0.000000	0.000000	0.000000	0.000828
267	0.658636	0.021976	0.149403	0.000032	0.169136	0.000001	0.000000	0.000000	0.000816
268	0.658046	0.022045	0.149189	0.000036	0.169858	0.000001	0.000000	0.000000	0.000825
269	0.657868	0.021878	0.149164	0.000038	0.170241	0.000001	0.000000	0.000000	0.000810
270	0.657324	0.021749	0.149119	0.000036	0.170947	0.000001	0.000000	0.000000	0.000824
271	0.656790	0.021488	0.149497	0.000030	0.171394	0.000001	0.000000	0.000000	0.000800
272	0.657048	0.021239	0.149078	0.000027	0.171813	0.000001	0.000000	0.000000	0.000794
273	0.656131	0.021106	0.149602	0.000022	0.172373	0.000000	0.000000	0.000000	0.000766
274	0.655608	0.021099	0.149234	0.000023	0.173225	0.000000	0.000000	0.000000	0.000811
275	0.655166	0.021053	0.149177	0.000028	0.173770	0.000000	0.000000	0.000000	0.000806
276	0.654694	0.020933	0.149044	0.000033	0.174482	0.000000	0.000000	0.000000	0.000814
277	0.654236	0.020667	0.148881	0.000032	0.175425	0.000000	0.000000	0.000000	0.000759
278	0.653246	0.020702	0.149213	0.000026	0.176014	0.000000	0.000000	0.000000	0.000799
279	0.652854	0.020593	0.148897	0.000030	0.176828	0.000000	0.000000	0.000000	0.000798
280	0.652404	0.020582	0.148727	0.000018	0.177487	0.000000	0.000000	0.000000	0.000782
281	0.651639	0.020395	0.148675	0.000019	0.178461	0.000000	0.000000	0.000000	0.000811
282	0.651077	0.020230	0.148662	0.000015	0.179207	0.000000	0.000000	0.000000	0.000809
283	0.650582	0.020077	0.148858	0.000010	0.179651	0.000000	0.000000	0.000000	0.000822
284	0.650014	0.020149	0.148933	0.000008	0.180054	0.000000	0.000000	0.000000	0.000842
285	0.649406	0.020113	0.148647	0.000006	0.180985	0.000000	0.000000	0.000000	0.000843
286	0.649089	0.020072	0.148335	0.000008	0.181642	0.000000	0.000000	0.000000	0.000854
287	0.648787	0.020144	0.148108	0.000007	0.182135	0.000000	0.000000	0.000000	0.000819
288	0.648454	0.019918	0.147754	0.000009	0.183062	0.000000	0.000000	0.000000	0.000803
289	0.648062	0.019697	0.147591	0.000006	0.183836	0.000000	0.000000	0.000000	0.000808
290	0.647215	0.019869	0.147763	0.000007	0.184354	0.000000	0.000000	0.000000	0.000792
291	0.646517	0.019632	0.147953	0.000006	0.185080	0.000000	0.000000	0.000000	0.000812
292	0.645748	0.019538	0.147838	0.000005	0.186057	0.000000	0.000000	0.000000	0.000814
293	0.645172	0.019651	0.147969	0.000004	0.186425	0.000000	0.000000	0.000000	0.000779
294	0.644216	0.019491	0.147911	0.000003	0.187610	0.000000	0.000000	0.000000	0.000769
295	0.643595	0.019489	0.147665	0.000003	0.188475	0.000000	0.000000	0.000000	0.000773
296	0.642778	0.019516	0.147866	0.000003	0.189108	0.000000	0.000000	0.000000	0.000729
297	0.642557	0.019443	0.147425	0.000003	0.189873	0.000000	0.000000	0.000000	0.000699
298	0.642725	0.019324	0.147037	0.000001	0.190237	0.000000	0.000000	0.000000	0.000676
299	0.642168	0.019035	0.147333	0.000000	0.190805	0.000000	0.000000	0.000000	0.000659
300	0.641542	0.018992	0.147266	0.000000	0.191561	0.000000	0.000000	0.000000	0.000639
301	0.640977	0.018816	0.147267	0.000000	0.192314	0.000000	0.000000	0.000000	0.000626
302	0.640415	0.018680	0.147337	0.000000	0.192977	0.000000	0.000000	0.000000	0.000591
303	0.640262	0.018515	0.146804	0.000000	0.193868	0.000000	0.000000	0.000000	0.000551
304	0.640139	0.018532	0.146452	0.000000	0.194359	0.000000	0.000000	0.000000	0.000518
305	0.640334	0.018447	0.145908	0.000000	0.194784	0.000000	0.000000	0.000000	0.000527
306	0.639630	0.018449	0.145622	0.000000	0.195788	0.000000	0.000000	0.000000	0.000511
307	0.638903	0.018319	0.145454	0.000000	0.196838	0.000000	0.000000	0.000000	0.000486
308	0.638070	0.018309	0.145586	0.000000	0.197545	0.000000	0.000000	0.000000	0.000490
309	0.637794	0.018143	0.145346	0.000000	0.198245	0.000000	0.000000	0.000000	0.000472
310	0.637272	0.018187	0.145195	0.000000	0.198881	0.000000	0.000000	0.000000	0.000465
311	0.636211	0.018062	0.145388	0.000000	0.199877	0.000000	0.000000	0.000000	0.000462
312	0.635548	0.017890	0.145634	0.000000	0.200432	0.000000	0.000000	0.000000	0.000496
313	0.634932	0.017890	0.145493	0.000000	0.201199	0.000000	0.000000	0.000000	0.000486
314	0.634928	0.017834	0.144744	0.000000	0.202008	0.000000	0.000000	0.000000	0.000486
315	0.634143	0.017688	0.144857	0.000000	0.202852	0.000000	0.000000	0.000000	0.000460
316	0.633931	0.017576	0.144513	0.000000	0.203541	0.000000	0.000000	0.000000	0.000439
317	0.633155	0.017574	0.144653	0.000000	0.204171	0.000000	0.000000	0.000000	0.000447
318	0.632750	0.017388	0.144313	0.000000	0.205110	0.000000	0.000000	0.000000	0.000439
319	0.632163	0.017241	0.144188	0.000000	0.205937	0.000000	0.000000	0.000000	0.000471
320	0.631100	0.017166	0.144467	0.000000	0.206775	0.000000	0.000000	0.000000	0.000492
321	0.630733	0.017038	0.144284	0.000000	0.207436	0.000000	0.000000	0.000000	0.000509
322	0.630350	0.016788	0.144022	0.000000	0.208338	0.000000	0.000000	0.000000	0.000502
323	0.630042	0.016596	0.143601	0.000000	0.209251	0.000000	0.000000	0.000000	0.000510
324	0.629227	0.016449	0.143740	0.000000	0.210079	0.000000	0.000000	0.000000	0.000505
325	0.628904	0.016383	0.143693	0.000000	0.210532	0.000000	0.000000	0.000000	0.000488
326	0.628111	0.016436	0.143462	0.000000	0.211506	0.000000	0.000000	0.000000	0.000485
327	0.627591	0.016331	0.143151	0.000000	0.212429	0.000000	0.000000	0.000000	0.000498
328	0.627246	0.016108	0.143106	0.000000	0.213072	0.000000	0.000000	0.000000	0.000468
329	0.626827	0.016006	0.142873	0.000000	0.213820	0.000000	0.000000	0.000000	0.000474
330	0.626640	0.015990	0.142517	0.000000	0.214393	0.000000	0.000000	0.000000	0.000460
331	0.626167	0.015897	0.142166	0.000000	0.215280	0.000000	0.000000	0.000000	0.000490
332	0.625726	0.015948	0.141930	0.000000	0.215936	0.000000	0.000000	0.000000	0.000460
333	0.625843	0.015877	0.141487	0.000000	0.216349	0.000000	0.000000	0.000000	0.000444
334	0.625186	0.015836	0.141323	0.000000	0.217212	0.000000	0.000000	0.000000	0.000443
335	0.625004	0.015840	0.140806	0.000000	0.217927	0.000000	0.000000	0.000000	0.000423
336	0.624714	0.015729	0.140432	0.000000	0.218666	0.000000	0.000000	0.000000	0.000459
337	0.623368	0.015742	0.140562	0.000000	0.219901	0.000000	0.000000	0.000000	0.000427
338	0.622847	0.015635	0.140362	0.000000	0.220750	0.000000	0.000000	0.000000	0.000406
339	0.622102	0.015647	0.140479	0.000000	0.221378	0.000000	0.000000	0.000000	0.000394
340	0.621929	0.015504	0.140002	0.000000	0.222158	0.000000	0.000000	0.000000	0.000407
341	0.621244	0.015482	0.139900	0.000000	0.222980	0.000000	0.000000	0.000000	0.000394
342	0.620560	0.015472	0.139956	0.000000	0.223637	0.000000	0.000000	0.000000	0.000375
343	0.619731	0.015242	0.140160	0.000000	0.224493	0.000000	0.000000	0.000000	0.000374
344	0.619168	0.015179	0.139771	0.000000	0.225521	0.000000	0.000000	0.000000	0.000361
345	0.618474	0.015027	0.139896	0.000000	0.226234	0.000000	0.000000	0.000000	0.000369
346	0.617893	0.014827	0.140162	0.000000	0.226752	0.000000	0.000000	0.000000	0.000366
347	0.617013	0.014753	0.140084	0.000000	0.227802	0.000000	0.000000	0.000000	0.000348
348	0.616118	0.014767	0.140436	0.000000	0.228324	0.000000	0.000000	0.000000	0.000355
349	0.615094	0.014823	0.140529	0.000000	0.229195	0.000000	0.000000	0.000000	0.000359
350	0.614450	0.014904	0.140230	0.000000	0.230081	0.000000	0.000000	0.000000	0.000335
351	0.613836	0.014956	0.140244	0.000000	0.230623	0.000000	0.000000	0.000000	0.000341
352	0.613115	0.014932	0.140022	0.000000	0.231598	0.000000	0.000000	0.000000	0.000333
353	0.612883	0.015041	0.139545	0.000000	0.232179	0.000000	0.000000	0.000000	0.000352
354	0.612258	0.014768	0.139449	0.000000	0.233188	0.000000	0.000000	0.000000	0.000337
355	0.611705	0.014813	0.139156	0.000000	0.233961	0.000000	0.000000	0.000000	0.000365
356	0.611459	0.014831	0.138844	0.000000	0.234527	0.000000	0.000000	0.000000	0.000339
357	0.610174	0.014859	0.139256	0.000000	0.235365	0.000000	0.000000	0.000000	0.000346
358	0.609922	0.014739	0.138798	0.000000	0.236178	0.000000	0.000000	0.000000	0.000363
359	0.608900	0.014582	0.139216	0.000000	0.236952	0.000000	0.000000	0.000000	0.000350
360	0.608531	0.014409	0.138822	0.000000	0.237874	0.000000	0.000000	0.000000	0.000364
361	0.607765	0.014424	0.139128	0.000000	0.238320	0.000000	0.000000	0.000000	0.000363
362	0.607303	0.014443	0.138887	0.000000	0.238989	0.000000	0.000000	0.000000	0.000378
363	0.606187	0.014491	0.139231	0.000000	0.239753	0.000000	0.000000	0.000000	0.000338
364	0.605569	0.014368	0.139145	0.000000	0.240560	0.000000	0.000000	0.000000	0.000358
365	0.604954	0.014309	0.139181	0.000000	0.241190	0.000000	0.000000	0.000000	0.000366
366	0.604274	0.014282	0.138746	0.000000	0.242334	0.000000	0.000000	0.000000	0.000364
367	0.603231	0.014227	0.139125	0.000000	0.243063	0.000000	0.000000	0.000000	0.000354
368	0.602205	0.014188	0.139466	0.000000	0.243791	0.000000	0.000000	0.000000	0.000350
369	0.602160	0.014105	0.139298	0.000000	0.244070	0.000000	0.000000	0.000000	0.000367
370	0.601337	0.013953	0.139393	0.000000	0.244962	0.000000	0.000000	0.000000	0.000355
371	0.601037	0.013907	0.139167	0.000000	0.245543	0.000000	0.000000	0.000000	0.000346
372	0.600190	0.013873	0.139122	0.000000	0.246482	0.000000	0.000000	0.000000	0.000333
373	0.599598	0.013911	0.138827	0.000000	0.247353	0.000000	0.000000	0.000000	0.000311
374	0.599133	0.013738	0.138695	0.000000	0.248115	0.000000	0.000000	0.000000	0.000319
375	0.598360	0.013654	0.138973	0.000000	0.248691	0.000000	0.000000	0.000000	0.000322
376	0.598174	0.013483	0.138835	0.000000	0.249204	0.000000	0.000000	0.000000	0.000304
377	0.597770	0.013425	0.138682	0.000000	0.249824	0.000000	0.000000	0.000000	0.000299
378	0.596885	0.013460	0.138896	0.000000	0.250472	0.000000	0.000000	0.000000	0.000287
379	0.596682	0.013408	0.138474	0.000000	0.251173	0.000000	0.000000	0.000000	0.000263
380	0.595823	0.013367	0.138279	0.000000	0.252269	0.000000	0.000000	0.000000	0.000262
381	0.595096	0.013512	0.138241	0.000000	0.252888	0.000000	0.000000	0.000000	0.000263
382	0.594207	0.013344	0.138343	0.000000	0.253863	0.000000	0.000000	0.000000	0.000243
383	0.593548	0.013388	0.138192	0.000000	0.254629	0.000000	0.000000	0.000000	0.000243
384	0.592848	0.013364	0.138392	0.000000	0.255166	0.000000	0.000000	0.000000	0.000230
385	0.592499	0.013331	0.137981	0.000000	0.255951	0.000000	0.000000	0.000000	0.000238
386	0.591275	0.013185	0.138183	0.000000	0.257135	0.000000	0.000000	0.000000	0.000222
387	0.590473	0.013370	0.137895	0.000000	0.258047	0.000000	0.000000	0.000000	0.000215
388	0.589821	0.013369	0.137837	0.000000	0.258740	0.000000	0.000000	0.000000	0.000233
389	0.588844	0.013299	0.138061	0.000000	0.259565	0.000000	0.000000	0.000000	0.000231
390	0.588745	0.013211	0.137614	0.000000	0.260199	0.000000	0.000000	0.000000	0.000231
391	0.587868	0.013345	0.137645	0.000000	0.260908	0.000000	0.000000	0.000000	0.000234
392	0.587279	0.013249	0.137606	0.000000	0.261647	0.000000	0.000000	0.000000	0.000219
393	0.586866	0.013218	0.137382	0.000000	0.262332	0.000000	0.000000	0.000000	0.000202
394	0.586767	0.013132	0.137005	0.000000	0.262899	0.000000	0.000000	0.000000	0.000197
395	0.585967	0.013082	0.136913	0.000000	0.263857	0.000000	0.000000	0.000000	0.000181
396	0.585559	0.012883	0.136645	0.000000	0.264736	0.000000	0.000000	0.000000	0.000177
397	0.585033	0.012806	0.136449	0.000000	0.265556	0.000000	0.000000	0.000000	0.000156
398	0.584071	0.012975	0.136582	0.000000	0.266212	0.000000	0.000000	0.000000	0.000160
399	0.583059	0.012930	0.136765	0.000000	0.267096	0.000000	0.000000	0.000000	0.000150
400	0.582215	0.012845	0.136929	0.000000	0.267855	0.000000	0.000000	0.000000	0.000156
401	0.581480	0.012835	0.136909	0.000000	0.268614	0.000000	0.000000	0.000000	0.000162
402	0.580790	0.012705	0.136867	0.000000	0.269478	0.000000	0.000000	0.000000	0.000160
403	0.580270	0.012671	0.136529	0.000000	0.270363	0.000000	0.000000	0.000000	0.000167
404	0.579169	0.012611	0.136239	0.000000	0.271829	0.000000	0.000000	0.000000	0.000152
405	0.578837	0.012557	0.136006	0.000000	0.272454	0.000000	0.000000	0.000000	0.000146
406	0.579100	0.012438	0.135249	0.000000	0.273070	0.000000	0.000000	0.000000	0.000143
407	0.578471	0.012394	0.135235	0.000000	0.273760	0.000000	0.000000	0.000000	0.000140
408	0.577797	0.012372	0.135105	0.000000	0.274596	0.000000	0.000000	0.000000	0.000130
409	0.577127	0.012166	0.135263	0.000000	0.275324	0.000000	0.000000	0.000000	0.000120
410	0.576191	0.012131	0.135277	0.000000	0.276272	0.000000	0.000000	0.000000	0.000129
411	0.575848	0.012084	0.135029	0.000000	0.276916	0.000000	0.000000	0.000000	0.000123
412	0.575123	0.012091	0.134744	0.000000	0.277939	0.000000	0.000000	0.000000	0.000103
413	0.574364	0.011863	0.134809	0.000000	0.278855	0.000000	0.000000	0.000000	0.000109
414	0.574142	0.011769	0.134883	0.000000	0.279099	0.000000	0.000000	0.000000	0.000107
415	0.573334	0.011784	0.134991	0.000000	0.279785	0.000000	0.000000	0.000000	0.000106
416	0.573255	0.011682	0.134396	0.000000	0.280558	0.000000	0.000000	0.000000	0.000109
417	0.572287	0.011844	0.134388	0.000000	0.281382	0.000000	0.000000	0.000000	0.000099
418	0.571615	0.011767	0.134437	0.000000	0.282070	0.000000	0.000000	0.000000	0.000111
419	0.571038	0.011598	0.134298	0.000000	0.282956	0.000000	0.000000	0.000000	0.000110
420	0.570287	0.011479	0.134410	0.000000	0.283713	0.000000	0.000000	0.000000	0.000111
421	0.569632	0.011454	0.134267	0.000000	0.284520	0.000000	0.000000	0.000000	0.000127
422	0.569578	0.011507	0.133495	0.000000	0.285294	0.000000	0.000000	0.000000	0.000126
423	0.569102	0.011436	0.133335	0.000000	0.286004	0.000000	0.000000	0.000000	0.000123
424	0.568444	0.011287	0.133036	0.000000	0.287120	0.000000	0.000000	0.000000	0.000113
425	0.567801	0.011149	0.133118	0.000000	0.287820	0.000000	0.000000	0.000000	0.000112
426	0.566888	0.011085	0.133255	0.000000	0.288649	0.000000	0.000000	0.000000	0.000123
427	0.566551	0.011033	0.133144	0.000000	0.289146	0.000000	0.000000	0.000000	0.000126
428	0.565482	0.010947	0.133739	0.000000	0.289702	0.000000	0.000000	0.000000	0.000130
429	0.564251	0.010834	0.134189	0.000000	0.290592	0.000000	0.000000	0.000000	0.000134
430	0.563572	0.010915	0.133998	0.000000	0.291391	0.000000	0.000000	0.000000	0.000124
431	0.562813	0.010822	0.133849	0.000000	0.292402	0.000000	0.000000	0.000000	0.000114
432	0.562566	0.010771	0.133225	0.000000	0.293340	0.000000	0.000000	0.000000	0.000098
433	0.561729	0.010729	0.133142	0.000000	0.294310	0.000000	0.000000	0.000000	0.000090
434	0.561342	0.010670	0.132697	0.000000	0.295200	0.000000	0.000000	0.000000	0.000091
435	0.560546	0.010676	0.132522	0.000000	0.296173	0.000000	0.000000	0.000000	0.000083
436	0.559644	0.010732	0.132732	0.000000	0.296826	0.000000	0.000000	0.000000	0.000066
437	0.559421	0.010747	0.132258	0.000000	0.297514	0.000000	0.000000	0.000000	0.000060
438	0.558957	0.010663	0.132190	0.000000	0.298132	0.000000	0.000000	0.000000	0.000058
439	0.558209	0.010577	0.132289	0.000000	0.298862	0.000000	0.000000	0.000000	0.000063
440	0.557259	0.010483	0.132509	0.000000	0.299691	0.000000	0.000000	0.000000	0.000058
441	0.556625	0.010514	0.132344	0.000000	0.300467	0.000000	0.000000	0.000000	0.000050
442	0.556395	0.010535	0.131987	0.000000	0.301033	0.000000	0.000000	0.000000	0.000050
443	0.555748	0.010457	0.131982	0.000000	0.301773	0.000000	0.000000	0.000000	0.000040
444	0.555063	0.010315	0.131718	0.000000	0.302869	0.000000	0.000000	0.000000	0.000035
445	0.554040	0.010386	0.131709	0.000000	0.303829	0.000000	0.000000	0.000000	0.000036
446	0.553505	0.010352	0.131473	0.000000	0.304631	0.000000	0.000000	0.000000	0.000039
447	0.552718	0.010222	0.131256	0.000000	0.305765	0.000000	0.000000	0.000000	0.000039
448	0.552136	0.010219	0.131116	0.000000	0.306492	0.000000	0.000000	0.000000	0.000037
449	0.551135	0.010167	0.131264	0.000000	0.307395	0.000000	0.000000	0.000000	0.000039
450	0.550533	0.010036	0.131158	0.000000	0.308237	0.000000	0.000000	0.000000	0.000036
451	0.550004	0.010073	0.130972	0.000000	0.308909	0.000000	0.000000	0.000000	0.000042
452	0.549007	0.009901	0.130992	0.000000	0.310050	0.000000	0.000000	0.000000	0.000050
453	0.548194	0.009808	0.131325	0.000000	0.310633	0.000000	0.000000	0.000000	0.000040
454	0.546997	0.009933	0.131597	0.000000	0.311432	0.000000	0.000000	0.000000	0.000041
455	0.546052	0.009919	0.131628	0.000000	0.312368	0.000000	0.000000	0.000000	0.000033
456	0.545211	0.009871	0.131406	0.000000	0.313469	0.000000	0.000000	0.000000	0.000043
457	0.544717	0.009751	0.131044	0.000000	0.314436	0.000000	0.000000	0.000000	0.000052
458	0.544024	0.009670	0.130892	0.000000	0.315381	0.000000	0.000000	0.000000	0.000033
459	0.543731	0.009499	0.130586	0.000000	0.316149	0.000000	0.000000	0.000000	0.000035
460	0.543029	0.009584	0.130314	0.000000	0.317038	0.000000	0.000000	0.000000	0.000035
461	0.542777	0.009364	0.130076	0.000000	0.317740	0.000000	0.000000	0.000000	0.000043
462	0.542091	0.009411	0.130178	0.000000	0.318285	0.000000	0.000000	0.000000	0.000035
463	0.541457	0.009214	0.130285	0.000000	0.319021	0.000000	0.000000	0.000000	0.000023
464	0.540570	0.009097	0.130543	0.000000	0.319764	0.000000	0.000000	0.000000	0.000026
465	0.540010	0.009041	0.130276	0.000000	0.320652	0.000000	0.000000	0.000000	0.000021
466	0.540028	0.008894	0.129593	0.000000	0.321456	0.000000	0.000000	0.000000	0.000029
467	0.539267	0.008938	0.129543	0.000000	0.322219	0.000000	0.000000	0.000000	0.000033
468	0.538828	0.008868	0.129065	0.000000	0.323200	0.000000	0.000000	0.000000	0.000039
469	0.538028	0.008955	0.128924	0.000000	0.324052	0.000000	0.000000	0.000000	0.000041
470	0.537271	0.008971	0.128809	0.000000	0.324901	0.000000	0.000000	0.000000	0.000048
