0	0.290663	0.057897	0.229473	0.157588	0.029913	0.111872	0.085455	0.012259	0.024880
1	0.223231	0.046558	0.194504	0.133232	0.027610	0.116355	0.133095	0.025740	0.099675
2	0.216402	0.044976	0.187081	0.121672	0.026510	0.107476	0.146655	0.028313	0.120915
3	0.215985	0.044128	0.181892	0.111589	0.025997	0.097296	0.155900	0.029893	0.137320
4	0.216304	0.043129	0.175568	0.103382	0.025626	0.087841	0.164405	0.030881	0.152864
5	0.217242	0.042099	0.168641	0.096037	0.025697	0.079470	0.171544	0.031596	0.167674
6	0.218499	0.041435	0.162085	0.088939	0.025750	0.071278	0.177051	0.032374	0.182589
7	0.219414	0.040988	0.155412	0.082783	0.025626	0.063933	0.182296	0.032753	0.196795
8	0.220433	0.040336	0.149002	0.076476	0.025845	0.057118	0.186464	0.033534	0.210792
9	0.222173	0.039289	0.141624	0.071684	0.026000	0.051051	0.190982	0.033595	0.223602
10	0.223007	0.038661	0.135191	0.067030	0.026535	0.045676	0.193238	0.033955	0.236707
11	0.224390	0.038057	0.127811	0.062519	0.026792	0.040673	0.196205	0.034214	0.249339
12	0.225611	0.037749	0.121164	0.058523	0.027317	0.036045	0.198509	0.034158	0.260924
13	0.226742	0.037252	0.114407	0.054806	0.027753	0.032069	0.200000	0.034653	0.272318
14	0.227998	0.036966	0.108107	0.051099	0.028187	0.028538	0.201110	0.034796	0.283199
15	0.228701	0.036640	0.102083	0.047511	0.028708	0.025470	0.202217	0.034637	0.294033
16	0.228859	0.036160	0.096181	0.044367	0.029338	0.023208	0.203103	0.034400	0.304384
17	0.229370	0.035540	0.091239	0.041583	0.029831	0.020547	0.202926	0.034349	0.314615
18	0.230287	0.035094	0.085601	0.039069	0.030353	0.018256	0.203436	0.034284	0.323620
19	0.230577	0.034482	0.080651	0.036201	0.031255	0.016330	0.203191	0.034224	0.333089
20	0.231457	0.033992	0.075935	0.033979	0.032021	0.014490	0.202603	0.033729	0.341794
21	0.232201	0.033353	0.071238	0.032033	0.032864	0.013040	0.201265	0.033226	0.350780
22	0.232675	0.033181	0.066705	0.030331	0.033394	0.011732	0.200394	0.032470	0.359118
23	0.233468	0.032644	0.062921	0.028532	0.033897	0.010425	0.198931	0.032102	0.367080
24	0.233796	0.032291	0.058803	0.026735	0.034802	0.009418	0.197559	0.031831	0.374765
25	0.233846	0.032077	0.055207	0.024958	0.035260	0.008364	0.195860	0.031554	0.382874
26	0.233890	0.031514	0.051714	0.023309	0.036047	0.007557	0.194641	0.030965	0.390363
27	0.233682	0.031117	0.048737	0.021971	0.036499	0.006672	0.193161	0.030533	0.397628
28	0.233192	0.030796	0.045996	0.020749	0.037254	0.005808	0.191563	0.030132	0.404510
29	0.232494	0.030544	0.043375	0.019502	0.038024	0.005237	0.189469	0.029658	0.411697
30	0.232434	0.030015	0.040782	0.018267	0.038749	0.004796	0.187140	0.029279	0.418538
31	0.231044	0.029609	0.037945	0.017130	0.039562	0.004334	0.185871	0.028828	0.425677
32	0.230366	0.029222	0.035548	0.016057	0.040211	0.003963	0.184045	0.028392	0.432196
33	0.229070	0.028812	0.033337	0.015070	0.041216	0.003515	0.182246	0.028227	0.438507
34	0.228447	0.028443	0.031375	0.014174	0.041825	0.003232	0.180363	0.027685	0.444456
35	0.227066	0.028080	0.029553	0.013306	0.042634	0.002806	0.178646	0.027434	0.450475
36	0.225579	0.027819	0.027326	0.012543	0.043411	0.002509	0.176961	0.027229	0.456623
37	0.224251	0.027498	0.025582	0.011831	0.044243	0.002237	0.174970	0.026968	0.462420
38	0.223262	0.027242	0.023974	0.011247	0.044956	0.002081	0.172572	0.026645	0.468021
39	0.221581	0.026885	0.022518	0.010649	0.045413	0.001852	0.170378	0.025908	0.474816
40	0.220688	0.026196	0.021218	0.010009	0.046021	0.001667	0.168540	0.025776	0.479885
41	0.218737	0.025792	0.019728	0.009497	0.046819	0.001520	0.167385	0.025332	0.485190
42	0.217274	0.025433	0.018298	0.009012	0.047571	0.001412	0.165239	0.024949	0.490812
43	0.216010	0.024969	0.016821	0.008524	0.048104	0.001299	0.163587	0.024543	0.496143
44	0.214070	0.024341	0.015813	0.008013	0.048913	0.001151	0.161254	0.024279	0.502166
45	0.211846	0.024013	0.014770	0.007633	0.049400	0.001018	0.159479	0.023970	0.507871
46	0.209859	0.023555	0.013487	0.007291	0.050398	0.000942	0.158013	0.023661	0.512794
47	0.207514	0.023078	0.012569	0.006941	0.051234	0.000809	0.156295	0.023393	0.518167
48	0.205754	0.022653	0.011729	0.006612	0.052088	0.000729	0.155122	0.023083	0.522230
49	0.203608	0.022198	0.011018	0.006397	0.052811	0.000658	0.153000	0.022835	0.527475
50	0.201726	0.021721	0.010050	0.005953	0.053759	0.000603	0.151141	0.022521	0.532526
51	0.199569	0.021358	0.009372	0.005719	0.054525	0.000551	0.149083	0.022055	0.537768
52	0.197323	0.020995	0.008745	0.005401	0.055320	0.000494	0.148014	0.021921	0.541787
53	0.194925	0.020437	0.008168	0.005135	0.056001	0.000477	0.145973	0.021448	0.547436
54	0.192465	0.020073	0.007697	0.004985	0.056572	0.000431	0.144185	0.021125	0.552467
55	0.190025	0.019552	0.007135	0.004671	0.057107	0.000409	0.142720	0.020897	0.557484
56	0.187390	0.019180	0.006605	0.004427	0.057756	0.000394	0.141347	0.020597	0.562304
57	0.184610	0.018781	0.006190	0.004077	0.058371	0.000358	0.139632	0.020249	0.567732
58	0.181792	0.018476	0.005831	0.003943	0.059053	0.000338	0.137951	0.020134	0.572482
59	0.179538	0.017870	0.005360	0.003752	0.059390	0.000285	0.136491	0.019717	0.577597
60	0.176194	0.017469	0.005012	0.003586	0.060203	0.000251	0.135415	0.019467	0.582403
61	0.173575	0.017132	0.004531	0.003430	0.060686	0.000227	0.133776	0.019106	0.587537
62	0.171011	0.016589	0.004269	0.003356	0.061258	0.000194	0.132227	0.018961	0.592135
63	0.168362	0.016002	0.003879	0.003171	0.061780	0.000172	0.130973	0.018565	0.597096
64	0.165651	0.015654	0.003556	0.003040	0.062360	0.000177	0.129226	0.018532	0.601804
65	0.162363	0.015223	0.003289	0.002857	0.062809	0.000161	0.128481	0.018324	0.606493
66	0.159276	0.014725	0.003087	0.002710	0.063202	0.000150	0.127460	0.018107	0.611283
67	0.156432	0.014463	0.002850	0.002541	0.063626	0.000129	0.126642	0.017961	0.615356
68	0.153377	0.014120	0.002662	0.002436	0.064013	0.000132	0.125192	0.017625	0.620443
69	0.150045	0.013816	0.002493	0.002278	0.064369	0.000129	0.124225	0.017485	0.625160
70	0.147087	0.013311	0.002304	0.002197	0.064714	0.000130	0.123206	0.017345	0.629706
71	0.144204	0.013056	0.002153	0.002038	0.064848	0.000117	0.122612	0.017173	0.633799
72	0.141021	0.012660	0.002036	0.001934	0.065128	0.000109	0.121729	0.017160	0.638223
73	0.138214	0.012255	0.001906	0.001804	0.065384	0.000101	0.120550	0.016918	0.642868
74	0.135396	0.011953	0.001783	0.001724	0.065554	0.000090	0.119417	0.016823	0.647260
75	0.132434	0.011610	0.001664	0.001618	0.065657	0.000077	0.119214	0.016716	0.651010
76	0.129647	0.011303	0.001550	0.001554	0.065923	0.000083	0.118516	0.016511	0.654913
77	0.126633	0.010974	0.001460	0.001477	0.066191	0.000068	0.117666	0.016370	0.659161
78	0.124326	0.010608	0.001416	0.001456	0.066574	0.000069	0.116442	0.016138	0.662971
79	0.121682	0.010306	0.001302	0.001385	0.066872	0.000071	0.115824	0.016043	0.666515
80	0.119215	0.009867	0.001226	0.001349	0.067030	0.000070	0.114556	0.015748	0.670939
81	0.116580	0.009543	0.001143	0.001245	0.067067	0.000055	0.114080	0.015456	0.674831
82	0.114022	0.009273	0.001039	0.001189	0.067476	0.000046	0.113001	0.015416	0.678538
83	0.111476	0.009133	0.000951	0.001145	0.067776	0.000040	0.112602	0.015255	0.681622
84	0.109141	0.008894	0.000881	0.001093	0.068011	0.000027	0.110992	0.015308	0.685653
85	0.106329	0.008664	0.000778	0.001011	0.068006	0.000025	0.110717	0.015242	0.689228
86	0.103661	0.008292	0.000745	0.000988	0.068177	0.000031	0.110017	0.015030	0.693059
87	0.100971	0.008083	0.000715	0.000928	0.068236	0.000030	0.108661	0.014889	0.697487
88	0.098369	0.007954	0.000658	0.000858	0.068392	0.000026	0.107776	0.014798	0.701169
89	0.095573	0.007712	0.000608	0.000844	0.068296	0.000021	0.107610	0.014727	0.704609
90	0.093258	0.007421	0.000580	0.000822	0.068369	0.000027	0.107063	0.014482	0.707978
91	0.090923	0.007194	0.000542	0.000804	0.068101	0.000024	0.106511	0.014285	0.711616
92	0.088327	0.007072	0.000472	0.000726	0.068371	0.000025	0.105906	0.014355	0.714746
93	0.086382	0.006944	0.000427	0.000691	0.068117	0.000024	0.105716	0.014315	0.717384
94	0.083732	0.006703	0.000395	0.000672	0.067995	0.000023	0.104901	0.014150	0.721429
95	0.081480	0.006595	0.000353	0.000628	0.068033	0.000023	0.103619	0.014045	0.725224
96	0.079289	0.006271	0.000344	0.000600	0.067993	0.000022	0.103152	0.013862	0.728467
97	0.077081	0.005979	0.000303	0.000594	0.067862	0.000018	0.102797	0.013926	0.731440
98	0.075140	0.005758	0.000282	0.000528	0.067868	0.000020	0.102167	0.013818	0.734419
99	0.072955	0.005552	0.000280	0.000556	0.067810	0.000024	0.101556	0.013774	0.737493
100	0.070731	0.005362	0.000261	0.000489	0.067779	0.000026	0.101127	0.013768	0.740457
101	0.068693	0.005204	0.000217	0.000464	0.067829	0.000022	0.100451	0.013743	0.743377
102	0.066864	0.005043	0.000208	0.000442	0.067979	0.000026	0.100096	0.013573	0.745769
103	0.064694	0.004869	0.000209	0.000419	0.067740	0.000019	0.099640	0.013418	0.748992
104	0.062581	0.004595	0.000190	0.000367	0.067325	0.000025	0.099157	0.013315	0.752445
105	0.060735	0.004397	0.000176	0.000337	0.067302	0.000017	0.098952	0.012986	0.755098
106	0.058765	0.004223	0.000148	0.000305	0.067333	0.000017	0.098680	0.013061	0.757468
107	0.057041	0.004048	0.000132	0.000255	0.067422	0.000015	0.098181	0.012950	0.759956
108	0.055251	0.003905	0.000121	0.000263	0.067300	0.000014	0.097293	0.012954	0.762899
109	0.053364	0.003727	0.000102	0.000232	0.067008	0.000013	0.096938	0.012714	0.765902
110	0.051472	0.003585	0.000093	0.000205	0.067052	0.000007	0.096975	0.012793	0.767818
111	0.049822	0.003483	0.000071	0.000186	0.066891	0.000008	0.096614	0.012557	0.770368
112	0.048245	0.003344	0.000066	0.000171	0.066621	0.000007	0.096088	0.012446	0.773012
113	0.046523	0.003173	0.000067	0.000171	0.066732	0.000008	0.095912	0.012322	0.775092
114	0.044911	0.003003	0.000058	0.000161	0.066634	0.000008	0.095558	0.012162	0.777505
115	0.043283	0.002869	0.000049	0.000153	0.066506	0.000009	0.094958	0.012048	0.780125
116	0.041742	0.002762	0.000053	0.000172	0.066542	0.000004	0.094675	0.011874	0.782176
117	0.040307	0.002642	0.000061	0.000155	0.066532	0.000004	0.094185	0.011685	0.784429
118	0.038943	0.002558	0.000044	0.000155	0.066365	0.000003	0.093760	0.011580	0.786592
119	0.037703	0.002409	0.000043	0.000157	0.066098	0.000004	0.093346	0.011557	0.788683
120	0.036033	0.002387	0.000041	0.000154	0.066129	0.000003	0.093016	0.011451	0.790786
121	0.034632	0.002283	0.000043	0.000143	0.066083	0.000004	0.092287	0.011275	0.793250
122	0.033453	0.002164	0.000031	0.000130	0.065796	0.000005	0.092142	0.011152	0.795127
123	0.032371	0.002066	0.000030	0.000130	0.065624	0.000006	0.091893	0.011068	0.796812
124	0.031304	0.001969	0.000027	0.000130	0.065281	0.000003	0.091748	0.010921	0.798617
125	0.030175	0.001851	0.000025	0.000114	0.064901	0.000001	0.091637	0.010912	0.800384
126	0.029094	0.001792	0.000021	0.000117	0.064563	0.000000	0.091590	0.010807	0.802016
127	0.027932	0.001756	0.000021	0.000124	0.064160	0.000000	0.091417	0.010700	0.803890
128	0.026930	0.001664	0.000015	0.000120	0.064139	0.000000	0.091367	0.010489	0.805276
129	0.026015	0.001596	0.000020	0.000122	0.063778	0.000000	0.090915	0.010495	0.807059
130	0.025103	0.001542	0.000022	0.000108	0.063457	0.000000	0.090824	0.010556	0.808388
131	0.024155	0.001531	0.000027	0.000104	0.063370	0.000000	0.090134	0.010450	0.810229
132	0.023358	0.001469	0.000032	0.000117	0.062973	0.000000	0.089881	0.010575	0.811595
133	0.022617	0.001429	0.000033	0.000114	0.062799	0.000000	0.089216	0.010576	0.813216
134	0.021631	0.001418	0.000032	0.000108	0.062628	0.000000	0.088957	0.010559	0.814667
135	0.020837	0.001354	0.000023	0.000101	0.062309	0.000000	0.088531	0.010592	0.816253
136	0.019975	0.001281	0.000021	0.000104	0.061994	0.000000	0.088230	0.010554	0.817841
137	0.019160	0.001168	0.000024	0.000104	0.061736	0.000000	0.088096	0.010549	0.819163
138	0.018470	0.001062	0.000018	0.000100	0.061406	0.000000	0.087852	0.010546	0.820546
139	0.017782	0.001032	0.000017	0.000092	0.061185	0.000000	0.087516	0.010428	0.821948
140	0.016996	0.001024	0.000019	0.000086	0.060850	0.000000	0.086854	0.010285	0.823886
141	0.016323	0.000945	0.000020	0.000072	0.060235	0.000000	0.086671	0.010185	0.825549
142	0.015658	0.000884	0.000021	0.000070	0.060077	0.000000	0.086549	0.010292	0.826449
143	0.014816	0.000860	0.000018	0.000065	0.059778	0.000000	0.086822	0.010237	0.827404
144	0.014220	0.000833	0.000017	0.000062	0.059267	0.000000	0.086395	0.010211	0.828995
145	0.013785	0.000817	0.000015	0.000064	0.058671	0.000000	0.086277	0.010296	0.830075
146	0.013223	0.000774	0.000012	0.000059	0.058331	0.000000	0.086213	0.010153	0.831235
147	0.012787	0.000759	0.000008	0.000053	0.057921	0.000000	0.086153	0.010192	0.832127
148	0.012435	0.000737	0.000004	0.000057	0.057596	0.000000	0.085960	0.010102	0.833109
149	0.011932	0.000707	0.000003	0.000063	0.057060	0.000000	0.085934	0.009978	0.834323
150	0.011477	0.000661	0.000006	0.000053	0.056584	0.000000	0.085723	0.009913	0.835583
151	0.011100	0.000651	0.000003	0.000049	0.056434	0.000000	0.085442	0.009756	0.836565
152	0.010782	0.000631	0.000004	0.000046	0.055805	0.000000	0.085046	0.009852	0.837834
153	0.010327	0.000617	0.000004	0.000047	0.055369	0.000000	0.085103	0.009745	0.838788
154	0.009835	0.000614	0.000004	0.000048	0.055175	0.000000	0.084832	0.009711	0.839781
155	0.009527	0.000624	0.000003	0.000051	0.054878	0.000000	0.084442	0.009729	0.840746
156	0.009236	0.000605	0.000003	0.000049	0.054699	0.000000	0.084394	0.009637	0.841377
157	0.008890	0.000598	0.000003	0.000048	0.054389	0.000000	0.084330	0.009611	0.842131
158	0.008561	0.000603	0.000004	0.000054	0.053944	0.000000	0.083988	0.009544	0.843302
159	0.008322	0.000586	0.000002	0.000057	0.053831	0.000000	0.083455	0.009575	0.844172
160	0.008022	0.000570	0.000002	0.000060	0.053355	0.000000	0.083318	0.009681	0.844992
161	0.007673	0.000555	0.000001	0.000053	0.053161	0.000000	0.082742	0.009663	0.846152
162	0.007415	0.000541	0.000000	0.000050	0.052812	0.000000	0.082890	0.009500	0.846792
163	0.007146	0.000502	0.000000	0.000055	0.052389	0.000000	0.082637	0.009537	0.847734
164	0.006984	0.000483	0.000000	0.000053	0.052190	0.000000	0.082610	0.009444	0.848236
165	0.006741	0.000447	0.000000	0.000048	0.051609	0.000000	0.082697	0.009408	0.849050
166	0.006420	0.000450	0.000000	0.000052	0.051367	0.000000	0.082555	0.009401	0.849755
167	0.006225	0.000435	0.000000	0.000047	0.050890	0.000000	0.082442	0.009365	0.850596
168	0.005997	0.000426	0.000000	0.000044	0.050567	0.000000	0.081825	0.009340	0.851801
169	0.005715	0.000407	0.000000	0.000053	0.050204	0.000000	0.081614	0.009323	0.852684
170	0.005538	0.000387	0.000000	0.000050	0.050043	0.000000	0.081469	0.009248	0.853265
171	0.005395	0.000359	0.000000	0.000044	0.049556	0.000000	0.081358	0.009286	0.854002
172	0.005165	0.000351	0.000000	0.000048	0.049345	0.000000	0.081200	0.009145	0.854746
173	0.005024	0.000362	0.000000	0.000056	0.048769	0.000000	0.081096	0.009184	0.855509
174	0.004886	0.000353	0.000000	0.000059	0.048319	0.000000	0.081033	0.009047	0.856303
175	0.004737	0.000329	0.000000	0.000067	0.048123	0.000000	0.080779	0.009018	0.856947
176	0.004546	0.000331	0.000000	0.000073	0.047808	0.000000	0.080609	0.009021	0.857612
177	0.004498	0.000344	0.000000	0.000077	0.047499	0.000000	0.080497	0.009079	0.858006
178	0.004351	0.000341	0.000000	0.000077	0.047283	0.000000	0.080263	0.009043	0.858642
179	0.004278	0.000356	0.000000	0.000078	0.047061	0.000000	0.080097	0.008948	0.859182
180	0.004167	0.000356	0.000000	0.000077	0.046691	0.000000	0.079778	0.009083	0.859848
181	0.004039	0.000338	0.000000	0.000078	0.046331	0.000000	0.079816	0.009063	0.860335
182	0.003911	0.000335	0.000000	0.000072	0.046226	0.000000	0.079666	0.009041	0.860749
183	0.003801	0.000332	0.000000	0.000066	0.045687	0.000000	0.079357	0.009033	0.861724
184	0.003733	0.000330	0.000000	0.000073	0.045406	0.000000	0.079224	0.008993	0.862241
185	0.003678	0.000325	0.000000	0.000061	0.045264	0.000000	0.078557	0.008996	0.863119
186	0.003555	0.000317	0.000000	0.000057	0.044897	0.000000	0.078513	0.009019	0.863642
187	0.003414	0.000319	0.000000	0.000046	0.044813	0.000000	0.078173	0.008911	0.864324
188	0.003342	0.000290	0.000000	0.000041	0.044514	0.000000	0.078503	0.008889	0.864421
189	0.003280	0.000282	0.000000	0.000037	0.044289	0.000000	0.078221	0.008914	0.864977
190	0.003166	0.000266	0.000000	0.000036	0.043943	0.000000	0.078198	0.008897	0.865494
191	0.003145	0.000262	0.000000	0.000030	0.043566	0.000000	0.078267	0.008791	0.865939
192	0.003098	0.000241	0.000000	0.000034	0.043343	0.000000	0.078298	0.008751	0.866235
193	0.003036	0.000220	0.000000	0.000030	0.043065	0.000000	0.078329	0.008766	0.866554
194	0.002891	0.000203	0.000000	0.000026	0.042690	0.000000	0.078098	0.008689	0.867403
195	0.002811	0.000196	0.000000	0.000018	0.042361	0.000000	0.077748	0.008756	0.868110
196	0.002722	0.000198	0.000000	0.000019	0.042064	0.000000	0.077557	0.008728	0.868712
197	0.002615	0.000198	0.000000	0.000010	0.041818	0.000000	0.077689	0.008860	0.868810
198	0.002602	0.000188	0.000000	0.000008	0.041284	0.000000	0.077663	0.008736	0.869519
199	0.002508	0.000172	0.000000	0.000005	0.040997	0.000000	0.077796	0.008627	0.869895
200	0.002476	0.000167	0.000000	0.000006	0.040662	0.000000	0.077794	0.008787	0.870108
201	0.002399	0.000168	0.000000	0.000005	0.040237	0.000000	0.077698	0.008750	0.870743
202	0.002341	0.000152	0.000000	0.000006	0.039825	0.000000	0.077636	0.008749	0.871291
203	0.002232	0.000140	0.000000	0.000004	0.039582	0.000000	0.077961	0.008757	0.871324
204	0.002194	0.000147	0.000000	0.000004	0.039162	0.000000	0.078017	0.008547	0.871929
205	0.002125	0.000142	0.000000	0.000005	0.038858	0.000000	0.078065	0.008621	0.872184
206	0.002076	0.000139	0.000000	0.000003	0.038542	0.000000	0.077839	0.008609	0.872792
207	0.002030	0.000144	0.000000	0.000001	0.038333	0.000000	0.077714	0.008624	0.873154
208	0.002014	0.000161	0.000000	0.000000	0.038031	0.000000	0.077518	0.008548	0.873728
209	0.001997	0.000157	0.000000	0.000000	0.037843	0.000000	0.077531	0.008581	0.873891
210	0.001913	0.000154	0.000000	0.000000	0.037531	0.000000	0.077542	0.008538	0.874322
211	0.001896	0.000155	0.000000	0.000000	0.037227	0.000000	0.077398	0.008458	0.874866
212	0.001838	0.000159	0.000000	0.000000	0.037084	0.000000	0.077660	0.008427	0.874832
213	0.001747	0.000162	0.000000	0.000000	0.036767	0.000000	0.077582	0.008312	0.875430
214	0.001727	0.000153	0.000000	0.000000	0.036558	0.000000	0.077742	0.008124	0.875696
215	0.001682	0.000143	0.000000	0.000000	0.036264	0.000000	0.077602	0.008036	0.876273
216	0.001641	0.000146	0.000000	0.000000	0.036142	0.000000	0.077538	0.008083	0.876450
217	0.001629	0.000145	0.000000	0.000000	0.035762	0.000000	0.077674	0.008066	0.876724
218	0.001543	0.000125	0.000000	0.000000	0.035582	0.000000	0.077337	0.008075	0.877338
219	0.001477	0.000123	0.000000	0.000000	0.035292	0.000000	0.077248	0.008115	0.877745
220	0.001480	0.000118	0.000000	0.000000	0.035201	0.000000	0.076710	0.008129	0.878362
221	0.001466	0.000115	0.000000	0.000000	0.034882	0.000000	0.076670	0.008158	0.878709
222	0.001441	0.000109	0.000000	0.000000	0.034738	0.000000	0.076677	0.008091	0.878944
223	0.001466	0.000097	0.000000	0.000000	0.034454	0.000000	0.076753	0.007980	0.879250
224	0.001431	0.000092	0.000000	0.000000	0.034175	0.000000	0.076716	0.007996	0.879590
225	0.001435	0.000085	0.000000	0.000000	0.034040	0.000000	0.076782	0.007946	0.879712
226	0.001428	0.000077	0.000000	0.000000	0.034077	0.000000	0.076883	0.007944	0.879591
227	0.001387	0.000064	0.000000	0.000000	0.034035	0.000000	0.076950	0.007916	0.879648
228	0.001375	0.000064	0.000000	0.000000	0.033671	0.000000	0.076648	0.007946	0.880296
229	0.001376	0.000050	0.000000	0.000000	0.033501	0.000000	0.076547	0.007931	0.880595
230	0.001351	0.000047	0.000000	0.000000	0.033162	0.000000	0.076516	0.007931	0.880993
231	0.001352	0.000040	0.000000	0.000000	0.032901	0.000000	0.076151	0.007905	0.881651
232	0.001318	0.000047	0.000000	0.000000	0.032647	0.000000	0.076229	0.007909	0.881850
233	0.001324	0.000046	0.000000	0.000000	0.032392	0.000000	0.076307	0.007993	0.881938
234	0.001309	0.000040	0.000000	0.000000	0.032128	0.000000	0.075593	0.008020	0.882910
235	0.001286	0.000037	0.000000	0.000000	0.032066	0.000000	0.075417	0.008066	0.883128
236	0.001266	0.000041	0.000000	0.000000	0.031830	0.000000	0.075164	0.008026	0.883673
237	0.001227	0.000042	0.000000	0.000000	0.031564	0.000000	0.075317	0.008006	0.883844
238	0.001198	0.000040	0.000000	0.000000	0.031331	0.000000	0.075181	0.007951	0.884299
239	0.001137	0.000042	0.000000	0.000000	0.031100	0.000000	0.075316	0.007904	0.884501
240	0.001137	0.000041	0.000000	0.000000	0.030945	0.000000	0.075303	0.007956	0.884618
241	0.001103	0.000038	0.000000	0.000000	0.030775	0.000000	0.075153	0.007862	0.885069
242	0.001083	0.000036	0.000000	0.000000	0.030557	0.000000	0.075136	0.007963	0.885225
243	0.001074	0.000036	0.000000	0.000000	0.030398	0.000000	0.075294	0.008046	0.885152
244	0.001050	0.000034	0.000000	0.000000	0.030220	0.000000	0.074801	0.008027	0.885868
245	0.001022	0.000023	0.000000	0.000000	0.030030	0.000000	0.074976	0.008032	0.885917
246	0.001008	0.000022	0.000000	0.000000	0.029936	0.000000	0.074939	0.007956	0.886139
247	0.001017	0.000024	0.000000	0.000000	0.029716	0.000000	0.074627	0.007953	0.886663
248	0.001014	0.000034	0.000000	0.000000	0.029452	0.000000	0.074886	0.007776	0.886838
249	0.001013	0.000029	0.000000	0.000000	0.029282	0.000000	0.074782	0.007640	0.887254
250	0.001003	0.000031	0.000000	0.000000	0.029082	0.000000	0.074904	0.007692	0.887288
251	0.000975	0.000034	0.000000	0.000000	0.028944	0.000000	0.075040	0.007776	0.887231
252	0.000980	0.000036	0.000000	0.000000	0.028705	0.000000	0.075221	0.007834	0.887224
253	0.000963	0.000038	0.000000	0.000000	0.028464	0.000000	0.075158	0.007786	0.887591
254	0.000932	0.000038	0.000000	0.000000	0.028353	0.000000	0.075359	0.007753	0.887565
255	0.000912	0.000035	0.000000	0.000000	0.028199	0.000000	0.075162	0.007754	0.887938
256	0.000870	0.000031	0.000000	0.000000	0.028057	0.000000	0.075103	0.007717	0.888222
257	0.000876	0.000031	0.000000	0.000000	0.027710	0.000000	0.074938	0.007739	0.888706
258	0.000810	0.000030	0.000000	0.000000	0.027505	0.000000	0.074861	0.007715	0.889079
259	0.000784	0.000031	0.000000	0.000000	0.027369	0.000000	0.074841	0.007697	0.889278
260	0.000777	0.000028	0.000000	0.000000	0.026998	0.000000	0.074736	0.007529	0.889932
261	0.000761	0.000029	0.000000	0.000000	0.026796	0.000000	0.074796	0.007534	0.890084
262	0.000752	0.000026	0.000000	0.000000	0.026692	0.000000	0.074722	0.007526	0.890282
263	0.000730	0.000026	0.000000	0.000000	0.026575	0.000000	0.074948	0.007496	0.890225
264	0.000718	0.000027	0.000000	0.000000	0.026513	0.000000	0.074711	0.007555	0.890476
265	0.000699	0.000028	0.000000	0.000000	0.026272	0.000000	0.074898	0.007649	0.890454
266	0.000701	0.000030	0.000000	0.000000	0.026014	0.000000	0.074524	0.007680	0.891051
267	0.000665	0.000026	0.000000	0.000000	0.025870	0.000000	0.074346	0.007570	0.891523
268	0.000686	0.000027	0.000000	0.000000	0.025637	0.000000	0.074329	0.007532	0.891789
269	0.000663	0.000029	0.000000	0.000000	0.025503	0.000000	0.074379	0.007544	0.891882
270	0.000633	0.000028	0.000000	0.000000	0.025498	0.000000	0.074323	0.007489	0.892029
271	0.000633	0.000029	0.000000	0.000000	0.025353	0.000000	0.074144	0.007397	0.892444
272	0.000606	0.000031	0.000000	0.000000	0.025161	0.000000	0.074285	0.007414	0.892503
273	0.000580	0.000027	0.000000	0.000000	0.024872	0.000000	0.074370	0.007281	0.892870
274	0.000558	0.000022	0.000000	0.000000	0.024684	0.000000	0.074059	0.007249	0.893428
275	0.000551	0.000022	0.000000	0.000000	0.024528	0.000000	0.074093	0.007299	0.893507
276	0.000548	0.000027	0.000000	0.000000	0.024350	0.000000	0.073929	0.007265	0.893881
277	0.000524	0.000029	0.000000	0.000000	0.024203	0.000000	0.073687	0.007202	0.894355
278	0.000506	0.000024	0.000000	0.000000	0.024031	0.000000	0.073721	0.007071	0.894647
279	0.000470	0.000025	0.000000	0.000000	0.023909	0.000000	0.073471	0.007069	0.895056
280	0.000462	0.000024	0.000000	0.000000	0.023821	0.000000	0.073312	0.007053	0.895328
281	0.000424	0.000024	0.000000	0.000000	0.023604	0.000000	0.073533	0.006978	0.895437
282	0.000417	0.000021	0.000000	0.000000	0.023471	0.000000	0.072935	0.006920	0.896236
283	0.000413	0.000022	0.000000	0.000000	0.023285	0.000000	0.072846	0.006861	0.896573
284	0.000396	0.000024	0.000000	0.000000	0.023013	0.000000	0.072474	0.006775	0.897318
285	0.000377	0.000022	0.000000	0.000000	0.022841	0.000000	0.072128	0.006918	0.897714
286	0.000371	0.000025	0.000000	0.000000	0.022707	0.000000	0.072343	0.006900	0.897654
287	0.000383	0.000021	0.000000	0.000000	0.022552	0.000000	0.072279	0.006860	0.897905
288	0.000369	0.000021	0.000000	0.000000	0.022492	0.000000	0.072489	0.006714	0.897915
289	0.000359	0.000016	0.000000	0.000000	0.022351	0.000000	0.072487	0.006710	0.898077
290	0.000337	0.000018	0.000000	0.000000	0.022180	0.000000	0.072638	0.006872	0.897955
291	0.000347	0.000014	0.000000	0.000000	0.021983	0.000000	0.072626	0.006871	0.898159
292	0.000317	0.000016	0.000000	0.000000	0.021867	0.000000	0.072418	0.006813	0.898569
293	0.000328	0.000011	0.000000	0.000000	0.021722	0.000000	0.072130	0.006892	0.898917
294	0.000306	0.000015	0.000000	0.000000	0.021584	0.000000	0.071858	0.006819	0.899418
295	0.000303	0.000011	0.000000	0.000000	0.021386	0.000000	0.071788	0.006879	0.899633
296	0.000311	0.000009	0.000000	0.000000	0.021152	0.000000	0.071631	0.006891	0.900006
297	0.000296	0.000010	0.000000	0.000000	0.021101	0.000000	0.071935	0.006865	0.899793
298	0.000291	0.000006	0.000000	0.000000	0.020960	0.000000	0.071504	0.006847	0.900392
299	0.000280	0.000005	0.000000	0.000000	0.020897	0.000000	0.071409	0.006914	0.900495
300	0.000272	0.000004	0.000000	0.000000	0.020825	0.000000	0.071230	0.006894	0.900775
301	0.000276	0.000002	0.000000	0.000000	0.020669	0.000000	0.070934	0.006802	0.901317
302	0.000288	0.000002	0.000000	0.000000	0.020523	0.000000	0.070968	0.006771	0.901448
303	0.000281	0.000002	0.000000	0.000000	0.020414	0.000000	0.070957	0.006802	0.901544
304	0.000267	0.000003	0.000000	0.000000	0.020230	0.000000	0.071271	0.006722	0.901507
305	0.000263	0.000005	0.000000	0.000000	0.020006	0.000000	0.071171	0.006715	0.901840
306	0.000264	0.000006	0.000000	0.000000	0.019721	0.000000	0.071262	0.006628	0.902119
307	0.000227	0.000002	0.000000	0.000000	0.019659	0.000000	0.071339	0.006566	0.902207
308	0.000245	0.000002	0.000000	0.000000	0.019456	0.000000	0.071250	0.006471	0.902576
309	0.000240	0.000001	0.000000	0.000000	0.019320	0.000000	0.071191	0.006530	0.902718
310	0.000252	0.000001	0.000000	0.000000	0.019168	0.000000	0.071329	0.006521	0.902729
311	0.000253	0.000001	0.000000	0.000000	0.019036	0.000000	0.071347	0.006546	0.902817
312	0.000256	0.000002	0.000000	0.000000	0.018979	0.000000	0.071240	0.006489	0.903034
313	0.000246	0.000001	0.000000	0.000000	0.018710	0.000000	0.071338	0.006521	0.903184
314	0.000248	0.000002	0.000000	0.000000	0.018640	0.000000	0.071271	0.006566	0.903273
315	0.000241	0.000003	0.000000	0.000000	0.018432	0.000000	0.070951	0.006678	0.903695
316	0.000247	0.000003	0.000000	0.000000	0.018255	0.000000	0.070641	0.006675	0.904179
317	0.000239	0.000001	0.000000	0.000000	0.018041	0.000000	0.070754	0.006717	0.904248
318	0.000247	0.000001	0.000000	0.000000	0.017862	0.000000	0.070643	0.006797	0.904450
319	0.000226	0.000000	0.000000	0.000000	0.017772	0.000000	0.070618	0.006790	0.904594
320	0.000237	0.000000	0.000000	0.000000	0.017718	0.000000	0.070435	0.006810	0.904800
321	0.000231	0.000000	0.000000	0.000000	0.017549	0.000000	0.070086	0.006795	0.905339
322	0.000234	0.000000	0.000000	0.000000	0.017503	0.000000	0.070379	0.006780	0.905104
323	0.000217	0.000000	0.000000	0.000000	0.017430	0.000000	0.070418	0.006755	0.905180
324	0.000234	0.000000	0.000000	0.000000	0.017358	0.000000	0.070329	0.006710	0.905369
325	0.000240	0.000000	0.000000	0.000000	0.017101	0.000000	0.070366	0.006739	0.905554
326	0.000238	0.000000	0.000000	0.000000	0.017073	0.000000	0.070660	0.006624	0.905405
327	0.000222	0.000000	0.000000	0.000000	0.016963	0.000000	0.070438	0.006664	0.905713
328	0.000212	0.000000	0.000000	0.000000	0.016869	0.000000	0.070314	0.006627	0.905978
329	0.000194	0.000000	0.000000	0.000000	0.016726	0.000000	0.070490	0.006621	0.905969
330	0.000204	0.000000	0.000000	0.000000	0.016670	0.000000	0.070734	0.006594	0.905798
331	0.000201	0.000000	0.000000	0.000000	0.016591	0.000000	0.070816	0.006669	0.905723
332	0.000190	0.000000	0.000000	0.000000	0.016425	0.000000	0.070789	0.006760	0.905836
333	0.000182	0.000000	0.000000	0.000000	0.016393	0.000000	0.071010	0.006783	0.905632
334	0.000189	0.000000	0.000000	0.000000	0.016236	0.000000	0.071089	0.006778	0.905708
335	0.000182	0.000000	0.000000	0.000000	0.016082	0.000000	0.071005	0.006855	0.905876
336	0.000176	0.000000	0.000000	0.000000	0.016075	0.000000	0.071169	0.006829	0.905751
337	0.000169	0.000000	0.000000	0.000000	0.015919	0.000000	0.071449	0.006811	0.905652
338	0.000167	0.000000	0.000000	0.000000	0.015793	0.000000	0.071366	0.006784	0.905890
339	0.000156	0.000000	0.000000	0.000000	0.015627	0.000000	0.071419	0.006694	0.906104
340	0.000161	0.000000	0.000000	0.000000	0.015434	0.000000	0.071489	0.006736	0.906180
341	0.000154	0.000000	0.000000	0.000000	0.015451	0.000000	0.071770	0.006742	0.905883
342	0.000150	0.000000	0.000000	0.000000	0.015346	0.000000	0.071651	0.006805	0.906048
343	0.000140	0.000000	0.000000	0.000000	0.015234	0.000000	0.071577	0.006868	0.906181
344	0.000146	0.000000	0.000000	0.000000	0.015157	0.000000	0.071632	0.006852	0.906213
345	0.000153	0.000000	0.000000	0.000000	0.015024	0.000000	0.071437	0.006871	0.906515
346	0.000152	0.000000	0.000000	0.000000	0.014972	0.000000	0.071281	0.006974	0.906621
347	0.000143	0.000000	0.000000	0.000000	0.014963	0.000000	0.071024	0.007099	0.906771
348	0.000140	0.000000	0.000000	0.000000	0.014853	0.000000	0.071168	0.007178	0.906661
349	0.000133	0.000000	0.000000	0.000000	0.014754	0.000000	0.070905	0.007107	0.907101
350	0.000125	0.000000	0.000000	0.000000	0.014650	0.000000	0.070884	0.007208	0.907133
351	0.000109	0.000000	0.000000	0.000000	0.014639	0.000000	0.070907	0.007165	0.907180
352	0.000106	0.000000	0.000000	0.000000	0.014554	0.000000	0.070581	0.007256	0.907503
353	0.000118	0.000000	0.000000	0.000000	0.014381	0.000000	0.070561	0.007215	0.907725
354	0.000108	0.000000	0.000000	0.000000	0.014265	0.000000	0.070391	0.007191	0.908045
355	0.000099	0.000000	0.000000	0.000000	0.014085	0.000000	0.070221	0.007208	0.908387
356	0.000098	0.000000	0.000000	0.000000	0.013992	0.000000	0.070332	0.007257	0.908321
357	0.000096	0.000000	0.000000	0.000000	0.013928	0.000000	0.070130	0.007235	0.908611
358	0.000094	0.000000	0.000000	0.000000	0.013873	0.000000	0.070380	0.007236	0.908417
359	0.000084	0.000000	0.000000	0.000000	0.013797	0.000000	0.070313	0.007252	0.908554
360	0.000066	0.000000	0.000000	0.000000	0.013663	0.000000	0.069975	0.007245	0.909051
361	0.000060	0.000000	0.000000	0.000000	0.013575	0.000000	0.069677	0.007159	0.909529
362	0.000065	0.000000	0.000000	0.000000	0.013348	0.000000	0.069705	0.007198	0.909684
363	0.000068	0.000000	0.000000	0.000000	0.013283	0.000000	0.069390	0.007109	0.910150
364	0.000065	0.000000	0.000000	0.000000	0.013218	0.000000	0.069546	0.007063	0.910108
365	0.000063	0.000000	0.000000	0.000000	0.013198	0.000000	0.069702	0.006971	0.910066
366	0.000054	0.000000	0.000000	0.000000	0.013034	0.000000	0.069362	0.006971	0.910579
367	0.000049	0.000000	0.000000	0.000000	0.012928	0.000000	0.069351	0.006943	0.910729
368	0.000048	0.000000	0.000000	0.000000	0.012808	0.000000	0.069032	0.006897	0.911215
369	0.000052	0.000000	0.000000	0.000000	0.012696	0.000000	0.069001	0.006785	0.911466
370	0.000046	0.000000	0.000000	0.000000	0.012592	0.000000	0.068858	0.006815	0.911689
371	0.000038	0.000000	0.000000	0.000000	0.012473	0.000000	0.069057	0.006746	0.911686
372	0.000039	0.000000	0.000000	0.000000	0.012364	0.000000	0.068634	0.006859	0.912104
373	0.000040	0.000000	0.000000	0.000000	0.012348	0.000000	0.068498	0.006864	0.912250
374	0.000032	0.000000	0.000000	0.000000	0.012260	0.000000	0.068444	0.006731	0.912533
375	0.000034	0.000000	0.000000	0.000000	0.012188	0.000000	0.068356	0.006632	0.912790
376	0.000031	0.000000	0.000000	0.000000	0.012131	0.000000	0.068226	0.006635	0.912977
377	0.000029	0.000000	0.000000	0.000000	0.012015	0.000000	0.068254	0.006675	0.913027
378	0.000029	0.000000	0.000000	0.000000	0.011962	0.000000	0.068293	0.006584	0.913132
379	0.000032	0.000000	0.000000	0.000000	0.011763	0.000000	0.068459	0.006635	0.913111
380	0.000026	0.000000	0.000000	0.000000	0.011589	0.000000	0.068468	0.006676	0.913241
381	0.000026	0.000000	0.000000	0.000000	0.011494	0.000000	0.068539	0.006680	0.913261
382	0.000018	0.000000	0.000000	0.000000	0.011310	0.000000	0.068422	0.006758	0.913492
383	0.000017	0.000000	0.000000	0.000000	0.011268	0.000000	0.068766	0.006752	0.913197
384	0.000018	0.000000	0.000000	0.000000	0.011119	0.000000	0.068588	0.006703	0.913572
385	0.000018	0.000000	0.000000	0.000000	0.011104	0.000000	0.068556	0.006783	0.913539
386	0.000020	0.000000	0.000000	0.000000	0.011060	0.000000	0.068419	0.006774	0.913727
387	0.000020	0.000000	0.000000	0.000000	0.011038	0.000000	0.068175	0.006843	0.913924
388	0.000015	0.000000	0.000000	0.000000	0.010922	0.000000	0.068203	0.006801	0.914059
389	0.000012	0.000000	0.000000	0.000000	0.010907	0.000000	0.068026	0.006887	0.914168
390	0.000010	0.000000	0.000000	0.000000	0.010713	0.000000	0.067752	0.006978	0.914547
391	0.000008	0.000000	0.000000	0.000000	0.010673	0.000000	0.067772	0.006955	0.914592
392	0.000009	0.000000	0.000000	0.000000	0.010541	0.000000	0.068086	0.006997	0.914367
393	0.000010	0.000000	0.000000	0.000000	0.010444	0.000000	0.067961	0.006947	0.914638
394	0.000011	0.000000	0.000000	0.000000	0.010423	0.000000	0.067834	0.006806	0.914926
395	0.000011	0.000000	0.000000	0.000000	0.010304	0.000000	0.067629	0.006823	0.915233
396	0.000011	0.000000	0.000000	0.000000	0.010282	0.000000	0.067927	0.006913	0.914867
397	0.000012	0.000000	0.000000	0.000000	0.010092	0.000000	0.067840	0.006840	0.915216
398	0.000013	0.000000	0.000000	0.000000	0.009990	0.000000	0.067640	0.006871	0.915486
399	0.000011	0.000000	0.000000	0.000000	0.009895	0.000000	0.067398	0.006913	0.915783
400	0.000008	0.000000	0.000000	0.000000	0.009831	0.000000	0.067377	0.006874	0.915910
401	0.000004	0.000000	0.000000	0.000000	0.009680	0.000000	0.067571	0.006874	0.915871
402	0.000001	0.000000	0.000000	0.000000	0.009573	0.000000	0.067788	0.006893	0.915745
403	0.000002	0.000000	0.000000	0.000000	0.009502	0.000000	0.067784	0.006854	0.915858
404	0.000003	0.000000	0.000000	0.000000	0.009480	0.000000	0.067647	0.006833	0.916037
405	0.000002	0.000000	0.000000	0.000000	0.009478	0.000000	0.067276	0.006742	0.916502
406	0.000005	0.000000	0.000000	0.000000	0.009386	0.000000	0.067131	0.006817	0.916661
407	0.000002	0.000000	0.000000	0.000000	0.009198	0.000000	0.067101	0.006805	0.916894
408	0.000003	0.000000	0.000000	0.000000	0.009219	0.000000	0.067076	0.006817	0.916885
409	0.000000	0.000000	0.000000	0.000000	0.009115	0.000000	0.066820	0.006812	0.917253
410	0.000000	0.000000	0.000000	0.000000	0.009047	0.000000	0.066898	0.006719	0.917336
411	0.000000	0.000000	0.000000	0.000000	0.008986	0.000000	0.067159	0.006662	0.917193
412	0.000000	0.000000	0.000000	0.000000	0.008869	0.000000	0.067022	0.006628	0.917481
413	0.000000	0.000000	0.000000	0.000000	0.008757	0.000000	0.066948	0.006609	0.917686
414	0.000000	0.000000	0.000000	0.000000	0.008741	0.000000	0.066970	0.006622	0.917667
415	0.000000	0.000000	0.000000	0.000000	0.008640	0.000000	0.066663	0.006591	0.918106
416	0.000000	0.000000	0.000000	0.000000	0.008558	0.000000	0.066661	0.006484	0.918297
417	0.000000	0.000000	0.000000	0.000000	0.008604	0.000000	0.066522	0.006492	0.918382
418	0.000000	0.000000	0.000000	0.000000	0.008486	0.000000	0.066250	0.006468	0.918796
419	0.000000	0.000000	0.000000	0.000000	0.008397	0.000000	0.066103	0.006429	0.919071
420	0.000000	0.000000	0.000000	0.000000	0.008408	0.000000	0.066172	0.006383	0.919037
421	0.000000	0.000000	0.000000	0.000000	0.008405	0.000000	0.066277	0.006292	0.919026
422	0.000000	0.000000	0.000000	0.000000	0.008277	0.000000	0.066376	0.006250	0.919097
423	0.000000	0.000000	0.000000	0.000000	0.008180	0.000000	0.066297	0.006203	0.919320
424	0.000000	0.000000	0.000000	0.000000	0.008127	0.000000	0.066145	0.006081	0.919647
425	0.000000	0.000000	0.000000	0.000000	0.008104	0.000000	0.066125	0.006107	0.919664
426	0.000000	0.000000	0.000000	0.000000	0.007994	0.000000	0.066271	0.006126	0.919609
427	0.000000	0.000000	0.000000	0.000000	0.007920	0.000000	0.066144	0.006120	0.919816
428	0.000000	0.000000	0.000000	0.000000	0.007795	0.000000	0.066166	0.006163	0.919876
429	0.000000	0.000000	0.000000	0.000000	0.007771	0.000000	0.065976	0.006159	0.920094
430	0.000000	0.000000	0.000000	0.000000	0.007743	0.000000	0.065845	0.006100	0.920312
431	0.000000	0.000000	0.000000	0.000000	0.007624	0.000000	0.065877	0.006098	0.920401
432	0.000000	0.000000	0.000000	0.000000	0.007636	0.000000	0.066111	0.006117	0.920136
433	0.000000	0.000000	0.000000	0.000000	0.007650	0.000000	0.066003	0.006078	0.920269
434	0.000000	0.000000	0.000000	0.000000	0.007592	0.000000	0.066088	0.006087	0.920233
435	0.000000	0.000000	0.000000	0.000000	0.007493	0.000000	0.065821	0.006126	0.920560
436	0.000000	0.000000	0.000000	0.000000	0.007468	0.000000	0.065907	0.006177	0.920448
437	0.000000	0.000000	0.000000	0.000000	0.007380	0.000000	0.065830	0.006209	0.920581
438	0.000000	0.000000	0.000000	0.000000	0.007354	0.000000	0.065710	0.006202	0.920734
439	0.000000	0.000000	0.000000	0.000000	0.007282	0.000000	0.065606	0.006260	0.920852
440	0.000000	0.000000	0.000000	0.000000	0.007270	0.000000	0.065392	0.006250	0.921088
441	0.000000	0.000000	0.000000	0.000000	0.007255	0.000000	0.065324	0.006336	0.921085
442	0.000000	0.000000	0.000000	0.000000	0.007256	0.000000	0.065087	0.006310	0.921347
443	0.000000	0.000000	0.000000	0.000000	0.007159	0.000000	0.065031	0.006264	0.921546
444	0.000000	0.000000	0.000000	0.000000	0.007168	0.000000	0.064779	0.006360	0.921693
445	0.000000	0.000000	0.000000	0.000000	0.007113	0.000000	0.064735	0.006318	0.921834
446	0.000000	0.000000	0.000000	0.000000	0.007078	0.000000	0.064699	0.006294	0.921929
447	0.000000	0.000000	0.000000	0.000000	0.007043	0.000000	0.064861	0.006291	0.921805
448	0.000000	0.000000	0.000000	0.000000	0.006983	0.000000	0.064809	0.006194	0.922014
449	0.000000	0.000000	0.000000	0.000000	0.006963	0.000000	0.064672	0.006220	0.922145
450	0.000000	0.000000	0.000000	0.000000	0.006903	0.000000	0.064833	0.006249	0.922015
451	0.000000	0.000000	0.000000	0.000000	0.006884	0.000000	0.064770	0.006188	0.922158
452	0.000000	0.000000	0.000000	0.000000	0.006841	0.000000	0.064991	0.006310	0.921858
453	0.000000	0.000000	0.000000	0.000000	0.006776	0.000000	0.064959	0.006231	0.922034
454	0.000000	0.000000	0.000000	0.000000	0.006698	0.000000	0.064795	0.006250	0.922257
455	0.000000	0.000000	0.000000	0.000000	0.006632	0.000000	0.065108	0.006275	0.921985
456	0.000000	0.000000	0.000000	0.000000	0.006617	0.000000	0.064773	0.006300	0.922310
457	0.000000	0.000000	0.000000	0.000000	0.006581	0.000000	0.064879	0.006337	0.922203
458	0.000000	0.000000	0.000000	0.000000	0.006517	0.000000	0.064602	0.006301	0.922580
459	0.000000	0.000000	0.000000	0.000000	0.006436	0.000000	0.064732	0.006278	0.922554
460	0.000000	0.000000	0.000000	0.000000	0.006388	0.000000	0.064990	0.006191	0.922431
461	0.000000	0.000000	0.000000	0.000000	0.006265	0.000000	0.065165	0.006203	0.922367
462	0.000000	0.000000	0.000000	0.000000	0.006205	0.000000	0.065145	0.006174	0.922476
463	0.000000	0.000000	0.000000	0.000000	0.006201	0.000000	0.065351	0.006152	0.922296
464	0.000000	0.000000	0.000000	0.000000	0.006110	0.000000	0.065460	0.006152	0.922278
465	0.000000	0.000000	0.000000	0.000000	0.006117	0.000000	0.065440	0.006112	0.922331
466	0.000000	0.000000	0.000000	0.000000	0.005983	0.000000	0.065406	0.006036	0.922575
467	0.000000	0.000000	0.000000	0.000000	0.005897	0.000000	0.065699	0.005988	0.922416
468	0.000000	0.000000	0.000000	0.000000	0.005882	0.000000	0.066038	0.005977	0.922103
469	0.000000	0.000000	0.000000	0.000000	0.005745	0.000000	0.066048	0.005975	0.922232
470	0.000000	0.000000	0.000000	0.000000	0.005735	0.000000	0.066166	0.005970	0.922129
