0	0.290663	0.057897	0.229473	0.157588	0.029913	0.111872	0.085455	0.012259	0.024880
1	0.243285	0.049994	0.209678	0.130200	0.027085	0.113538	0.114656	0.022689	0.088875
2	0.254030	0.051803	0.216939	0.117023	0.025702	0.103007	0.111734	0.022415	0.097347
3	0.270825	0.054177	0.223522	0.105626	0.024680	0.092031	0.106541	0.021166	0.101432
4	0.288889	0.056504	0.229621	0.094566	0.023708	0.081274	0.100562	0.019687	0.105189
5	0.306219	0.059005	0.234412	0.084526	0.023302	0.071329	0.095149	0.018321	0.107737
6	0.323344	0.061337	0.238455	0.075576	0.022789	0.062371	0.088763	0.017140	0.110225
7	0.340776	0.063175	0.241300	0.067235	0.021962	0.054705	0.082384	0.015771	0.112692
8	0.357992	0.064601	0.242882	0.060251	0.021443	0.047555	0.076429	0.014826	0.114021
9	0.374538	0.065902	0.244148	0.053394	0.020722	0.041214	0.070852	0.013662	0.115568
10	0.389132	0.067524	0.244750	0.047535	0.020371	0.035631	0.065399	0.012744	0.116914
11	0.403763	0.068911	0.243944	0.042233	0.019895	0.031033	0.060778	0.011593	0.117850
12	0.417141	0.070315	0.242631	0.037420	0.019439	0.026968	0.056068	0.010761	0.119257
13	0.430774	0.071297	0.241147	0.033370	0.018729	0.023201	0.051974	0.009893	0.119615
14	0.442568	0.072603	0.240033	0.029735	0.018056	0.020148	0.047852	0.009315	0.119690
15	0.454114	0.073424	0.237722	0.026434	0.017574	0.017293	0.044309	0.008525	0.120605
16	0.465145	0.074324	0.235140	0.023322	0.017157	0.015063	0.040968	0.007852	0.121029
17	0.476251	0.074936	0.232441	0.020680	0.016692	0.013007	0.037828	0.007255	0.120910
18	0.486287	0.075460	0.229795	0.018209	0.016376	0.011264	0.034961	0.006683	0.120965
19	0.496251	0.075930	0.226545	0.016298	0.016020	0.009814	0.032334	0.006079	0.120729
20	0.505412	0.076584	0.223330	0.014425	0.015511	0.008548	0.029977	0.005614	0.120599
21	0.513667	0.077042	0.220506	0.012793	0.015245	0.007446	0.027558	0.005289	0.120454
22	0.522375	0.077420	0.216946	0.011348	0.015310	0.006453	0.025280	0.004829	0.120039
23	0.529676	0.078189	0.213558	0.010316	0.014871	0.005605	0.023451	0.004378	0.119956
24	0.537381	0.078576	0.210287	0.009159	0.014625	0.005022	0.021733	0.004125	0.119092
25	0.544366	0.078914	0.207555	0.008140	0.014459	0.004356	0.020440	0.003845	0.117925
26	0.552012	0.079129	0.203525	0.007430	0.014232	0.003889	0.019027	0.003559	0.117197
27	0.558641	0.079609	0.200846	0.006639	0.014085	0.003315	0.017816	0.003279	0.115770
28	0.565263	0.080281	0.197853	0.005889	0.013702	0.002967	0.016392	0.003051	0.114602
29	0.571611	0.080331	0.194810	0.005327	0.013677	0.002619	0.015106	0.002801	0.113718
30	0.577980	0.080857	0.191565	0.004761	0.013424	0.002268	0.013964	0.002591	0.112590
31	0.583514	0.081379	0.187972	0.004304	0.013242	0.001997	0.012959	0.002328	0.112305
32	0.588953	0.081972	0.184895	0.003801	0.013226	0.001809	0.012004	0.002205	0.111135
33	0.594453	0.082390	0.182353	0.003471	0.012929	0.001612	0.010807	0.002114	0.109871
34	0.599273	0.082807	0.179905	0.003203	0.012666	0.001427	0.010228	0.001998	0.108493
35	0.603697	0.083281	0.177169	0.002936	0.012581	0.001283	0.009387	0.001853	0.107813
36	0.609485	0.083495	0.173690	0.002631	0.012564	0.001151	0.008543	0.001752	0.106689
37	0.614110	0.084043	0.170949	0.002462	0.012408	0.001086	0.008021	0.001575	0.105346
38	0.619310	0.084182	0.168355	0.002309	0.012256	0.000963	0.007369	0.001480	0.103776
39	0.623699	0.084783	0.166008	0.002119	0.012127	0.000838	0.006891	0.001286	0.102249
40	0.628620	0.085200	0.163193	0.001994	0.012029	0.000799	0.006415	0.001140	0.100610
41	0.633316	0.085376	0.160556	0.001802	0.012013	0.000701	0.005897	0.001112	0.099227
42	0.637535	0.085428	0.158397	0.001653	0.011892	0.000671	0.005472	0.001039	0.097913
43	0.642395	0.085658	0.156136	0.001491	0.011850	0.000595	0.005045	0.000908	0.095922
44	0.646416	0.085723	0.153995	0.001388	0.011780	0.000612	0.004719	0.000874	0.094493
45	0.651111	0.085940	0.151075	0.001312	0.011724	0.000539	0.004413	0.000771	0.093115
46	0.655194	0.086391	0.148765	0.001187	0.011663	0.000520	0.004123	0.000756	0.091401
47	0.659409	0.086521	0.146494	0.001144	0.011620	0.000477	0.003725	0.000715	0.089895
48	0.664178	0.086563	0.143992	0.001117	0.011511	0.000449	0.003397	0.000647	0.088146
49	0.668546	0.086638	0.141914	0.001078	0.011560	0.000441	0.003165	0.000589	0.086069
50	0.671868	0.086991	0.140303	0.000981	0.011506	0.000406	0.002960	0.000562	0.084423
51	0.675884	0.087664	0.137993	0.000957	0.011474	0.000372	0.002764	0.000489	0.082403
52	0.679688	0.087685	0.136160	0.000912	0.011391	0.000332	0.002534	0.000442	0.080856
53	0.684350	0.087745	0.133925	0.000884	0.011271	0.000319	0.002400	0.000409	0.078697
54	0.687836	0.088177	0.132355	0.000758	0.011224	0.000303	0.002179	0.000403	0.076765
55	0.692146	0.088145	0.130221	0.000732	0.011192	0.000290	0.002063	0.000369	0.074842
56	0.696308	0.088227	0.128200	0.000690	0.011114	0.000258	0.001860	0.000357	0.072986
57	0.699974	0.088108	0.126449	0.000664	0.011223	0.000239	0.001795	0.000280	0.071268
58	0.704005	0.088281	0.124627	0.000615	0.011181	0.000218	0.001662	0.000269	0.069142
59	0.707391	0.088071	0.123387	0.000578	0.011181	0.000185	0.001496	0.000246	0.067465
60	0.710110	0.088419	0.122341	0.000539	0.011118	0.000176	0.001331	0.000239	0.065727
61	0.713504	0.088672	0.120826	0.000472	0.011107	0.000166	0.001251	0.000213	0.063789
62	0.716335	0.088871	0.119611	0.000484	0.011085	0.000149	0.001169	0.000184	0.062112
63	0.719580	0.089039	0.118104	0.000438	0.011021	0.000150	0.001074	0.000159	0.060435
64	0.723118	0.089281	0.116960	0.000406	0.010824	0.000154	0.000949	0.000125	0.058183
65	0.726637	0.088954	0.115267	0.000375	0.010734	0.000134	0.000940	0.000136	0.056823
66	0.729101	0.088970	0.114720	0.000365	0.010773	0.000118	0.000843	0.000134	0.054976
67	0.732017	0.089061	0.113700	0.000348	0.010774	0.000112	0.000771	0.000118	0.053099
68	0.734719	0.089066	0.112738	0.000310	0.010728	0.000106	0.000725	0.000128	0.051480
69	0.737592	0.088789	0.112006	0.000293	0.010747	0.000103	0.000636	0.000110	0.049724
70	0.740181	0.088987	0.111020	0.000294	0.010671	0.000122	0.000588	0.000084	0.048053
71	0.742591	0.089371	0.109884	0.000272	0.010733	0.000103	0.000549	0.000081	0.046416
72	0.744887	0.089663	0.108833	0.000265	0.010584	0.000092	0.000518	0.000065	0.045093
73	0.747186	0.089553	0.108043	0.000221	0.010569	0.000089	0.000472	0.000068	0.043799
74	0.749849	0.089441	0.106712	0.000203	0.010689	0.000080	0.000430	0.000061	0.042535
75	0.751723	0.089401	0.106255	0.000207	0.010781	0.000074	0.000416	0.000050	0.041093
76	0.753813	0.089545	0.105348	0.000203	0.010775	0.000072	0.000366	0.000042	0.039836
77	0.755880	0.089277	0.104734	0.000193	0.010790	0.000065	0.000330	0.000038	0.038693
78	0.758042	0.089366	0.103799	0.000175	0.010894	0.000044	0.000295	0.000035	0.037350
79	0.759853	0.089762	0.103182	0.000161	0.010757	0.000054	0.000279	0.000025	0.035927
80	0.761900	0.089929	0.102211	0.000166	0.010739	0.000056	0.000237	0.000023	0.034739
81	0.764403	0.089345	0.101619	0.000137	0.010699	0.000059	0.000226	0.000020	0.033492
82	0.766522	0.089329	0.100619	0.000126	0.010690	0.000039	0.000205	0.000019	0.032451
83	0.767723	0.089402	0.100336	0.000111	0.010683	0.000039	0.000198	0.000012	0.031496
84	0.769471	0.089775	0.099371	0.000101	0.010797	0.000046	0.000177	0.000012	0.030250
85	0.771038	0.089709	0.098950	0.000091	0.010695	0.000043	0.000160	0.000012	0.029302
86	0.772428	0.089995	0.098242	0.000098	0.010749	0.000045	0.000145	0.000009	0.028289
87	0.774248	0.089611	0.097826	0.000085	0.010752	0.000039	0.000123	0.000012	0.027304
88	0.775380	0.089755	0.097324	0.000083	0.010839	0.000047	0.000133	0.000014	0.026425
89	0.776787	0.089758	0.096870	0.000083	0.010849	0.000036	0.000123	0.000008	0.025486
90	0.778220	0.090315	0.095977	0.000071	0.010771	0.000031	0.000120	0.000005	0.024490
91	0.780035	0.089886	0.095397	0.000083	0.010825	0.000030	0.000103	0.000003	0.023638
92	0.780953	0.090118	0.094906	0.000088	0.010692	0.000022	0.000089	0.000004	0.023128
93	0.782443	0.089679	0.094490	0.000070	0.010712	0.000018	0.000100	0.000001	0.022487
94	0.783575	0.089887	0.094132	0.000074	0.010608	0.000024	0.000079	0.000000	0.021621
95	0.785052	0.090000	0.093229	0.000055	0.010606	0.000013	0.000074	0.000000	0.020971
96	0.785857	0.089766	0.093383	0.000042	0.010587	0.000017	0.000079	0.000000	0.020269
97	0.787194	0.089723	0.092690	0.000049	0.010616	0.000020	0.000069	0.000000	0.019639
98	0.789001	0.089474	0.091888	0.000037	0.010576	0.000023	0.000056	0.000000	0.018945
99	0.789702	0.089557	0.091601	0.000042	0.010611	0.000018	0.000051	0.000000	0.018418
100	0.790666	0.089613	0.091219	0.000038	0.010604	0.000016	0.000040	0.000000	0.017804
101	0.791794	0.089642	0.090617	0.000038	0.010675	0.000016	0.000029	0.000000	0.017189
102	0.792787	0.089556	0.090173	0.000034	0.010714	0.000017	0.000027	0.000000	0.016692
103	0.794012	0.089554	0.089614	0.000040	0.010673	0.000014	0.000028	0.000000	0.016065
104	0.795002	0.089158	0.089443	0.000039	0.010785	0.000024	0.000026	0.000000	0.015523
105	0.796019	0.089188	0.088737	0.000052	0.010808	0.000022	0.000020	0.000000	0.015154
106	0.796873	0.089122	0.088494	0.000038	0.010779	0.000018	0.000023	0.000000	0.014653
107	0.797867	0.089481	0.087779	0.000056	0.010609	0.000020	0.000024	0.000000	0.014164
108	0.798745	0.089564	0.087497	0.000054	0.010664	0.000022	0.000019	0.000000	0.013435
109	0.799338	0.089274	0.087355	0.000049	0.010735	0.000021	0.000015	0.000000	0.013213
110	0.800719	0.089037	0.086465	0.000062	0.010762	0.000023	0.000020	0.000000	0.012912
111	0.801518	0.088872	0.086367	0.000064	0.010677	0.000021	0.000010	0.000000	0.012471
112	0.802305	0.088585	0.086432	0.000062	0.010714	0.000023	0.000012	0.000000	0.011867
113	0.802766	0.088824	0.086140	0.000058	0.010629	0.000022	0.000010	0.000000	0.011551
114	0.803211	0.088871	0.086009	0.000049	0.010674	0.000023	0.000010	0.000000	0.011153
115	0.804288	0.088750	0.085355	0.000049	0.010601	0.000028	0.000010	0.000000	0.010919
116	0.805434	0.088325	0.084935	0.000048	0.010519	0.000030	0.000012	0.000000	0.010697
117	0.806108	0.088331	0.084634	0.000046	0.010495	0.000025	0.000008	0.000000	0.010353
118	0.806858	0.087960	0.084526	0.000038	0.010525	0.000025	0.000004	0.000000	0.010064
119	0.807756	0.087913	0.084335	0.000035	0.010407	0.000034	0.000005	0.000000	0.009515
120	0.808292	0.087958	0.084009	0.000039	0.010350	0.000019	0.000004	0.000000	0.009329
121	0.808820	0.087849	0.083949	0.000041	0.010369	0.000022	0.000003	0.000000	0.008947
122	0.808442	0.088152	0.084196	0.000042	0.010370	0.000015	0.000006	0.000000	0.008777
123	0.809695	0.087816	0.083789	0.000038	0.010365	0.000014	0.000003	0.000000	0.008280
124	0.810500	0.087899	0.083300	0.000033	0.010262	0.000012	0.000003	0.000000	0.007991
125	0.810843	0.087863	0.083262	0.000025	0.010278	0.000007	0.000004	0.000000	0.007718
126	0.810913	0.087939	0.083389	0.000025	0.010263	0.000008	0.000003	0.000000	0.007460
127	0.811128	0.087738	0.083706	0.000017	0.010078	0.000006	0.000002	0.000000	0.007325
128	0.811660	0.087418	0.083880	0.000018	0.009951	0.000004	0.000002	0.000000	0.007067
129	0.812474	0.087169	0.083562	0.000017	0.009889	0.000002	0.000001	0.000000	0.006886
130	0.812782	0.087208	0.083513	0.000014	0.009863	0.000003	0.000000	0.000000	0.006617
131	0.813141	0.086977	0.083606	0.000017	0.009849	0.000004	0.000000	0.000000	0.006406
132	0.813530	0.087093	0.083248	0.000014	0.009839	0.000004	0.000000	0.000000	0.006272
133	0.814423	0.086645	0.083110	0.000018	0.009797	0.000005	0.000000	0.000000	0.006002
134	0.815145	0.086549	0.082760	0.000016	0.009740	0.000004	0.000000	0.000000	0.005786
135	0.815629	0.086317	0.082732	0.000013	0.009755	0.000004	0.000000	0.000000	0.005550
136	0.816503	0.085906	0.082453	0.000008	0.009787	0.000003	0.000000	0.000000	0.005340
137	0.816109	0.086267	0.082597	0.000012	0.009723	0.000004	0.000000	0.000000	0.005288
138	0.816401	0.086161	0.082773	0.000014	0.009590	0.000006	0.000000	0.000000	0.005055
139	0.816962	0.085995	0.082502	0.000012	0.009599	0.000011	0.000000	0.000000	0.004919
140	0.816980	0.086087	0.082489	0.000013	0.009636	0.000009	0.000000	0.000000	0.004786
141	0.817601	0.086231	0.082082	0.000012	0.009539	0.000006	0.000000	0.000000	0.004529
142	0.818202	0.085993	0.081832	0.000014	0.009528	0.000008	0.000000	0.000000	0.004423
143	0.817989	0.086523	0.081588	0.000009	0.009461	0.000008	0.000000	0.000000	0.004422
144	0.818713	0.086211	0.081133	0.000009	0.009441	0.000006	0.000000	0.000000	0.004487
145	0.819289	0.085829	0.081035	0.000007	0.009487	0.000004	0.000000	0.000000	0.004349
146	0.820076	0.085668	0.080578	0.000006	0.009439	0.000004	0.000000	0.000000	0.004229
147	0.820614	0.085344	0.080577	0.000006	0.009333	0.000004	0.000000	0.000000	0.004122
148	0.821054	0.085415	0.080258	0.000003	0.009262	0.000004	0.000000	0.000000	0.004004
149	0.821233	0.085603	0.080105	0.000001	0.009189	0.000007	0.000000	0.000000	0.003862
150	0.821901	0.085293	0.079879	0.000002	0.009136	0.000004	0.000000	0.000000	0.003785
151	0.822215	0.085393	0.079651	0.000002	0.009024	0.000004	0.000000	0.000000	0.003711
152	0.822199	0.085646	0.079711	0.000002	0.008927	0.000005	0.000000	0.000000	0.003510
153	0.822453	0.085436	0.079720	0.000001	0.008875	0.000004	0.000000	0.000000	0.003511
154	0.823099	0.085409	0.079141	0.000002	0.008922	0.000002	0.000000	0.000000	0.003425
155	0.822683	0.085621	0.079485	0.000004	0.008957	0.000001	0.000000	0.000000	0.003249
156	0.822818	0.085524	0.079406	0.000000	0.009053	0.000002	0.000000	0.000000	0.003197
157	0.822754	0.085845	0.079244	0.000001	0.009022	0.000002	0.000000	0.000000	0.003132
158	0.823557	0.085391	0.079020	0.000002	0.009012	0.000000	0.000000	0.000000	0.003018
159	0.823265	0.085656	0.079108	0.000003	0.008995	0.000000	0.000000	0.000000	0.002973
160	0.823205	0.085655	0.079315	0.000002	0.008930	0.000000	0.000000	0.000000	0.002893
161	0.823419	0.085600	0.079188	0.000002	0.008955	0.000000	0.000000	0.000000	0.002836
162	0.823239	0.085762	0.079330	0.000002	0.008910	0.000000	0.000000	0.000000	0.002757
163	0.823280	0.085772	0.079375	0.000001	0.008916	0.000000	0.000000	0.000000	0.002656
164	0.823472	0.085898	0.079066	0.000001	0.008898	0.000000	0.000000	0.000000	0.002665
165	0.824221	0.085373	0.078965	0.000003	0.008845	0.000000	0.000000	0.000000	0.002593
166	0.824217	0.085435	0.078928	0.000003	0.008848	0.000000	0.000000	0.000000	0.002569
167	0.824637	0.085219	0.078876	0.000002	0.008766	0.000000	0.000000	0.000000	0.002500
168	0.824917	0.085095	0.078882	0.000001	0.008702	0.000000	0.000000	0.000000	0.002403
169	0.824866	0.085381	0.078661	0.000001	0.008784	0.000000	0.000000	0.000000	0.002307
170	0.824693	0.085546	0.078836	0.000000	0.008638	0.000000	0.000000	0.000000	0.002287
171	0.825041	0.085323	0.078847	0.000000	0.008590	0.000000	0.000000	0.000000	0.002199
172	0.825347	0.085471	0.078367	0.000000	0.008604	0.000000	0.000000	0.000000	0.002211
173	0.825868	0.085132	0.078340	0.000000	0.008605	0.000000	0.000000	0.000000	0.002055
174	0.826214	0.084804	0.078433	0.000000	0.008569	0.000000	0.000000	0.000000	0.001980
175	0.826030	0.084912	0.078590	0.000000	0.008477	0.000000	0.000000	0.000000	0.001991
176	0.825846	0.084992	0.078702	0.000000	0.008516	0.000000	0.000000	0.000000	0.001944
177	0.825917	0.084938	0.078809	0.000000	0.008449	0.000000	0.000000	0.000000	0.001887
178	0.825745	0.084794	0.079144	0.000000	0.008505	0.000000	0.000000	0.000000	0.001812
179	0.826264	0.084468	0.078976	0.000000	0.008541	0.000000	0.000000	0.000000	0.001751
180	0.826676	0.084684	0.078519	0.000000	0.008415	0.000000	0.000000	0.000000	0.001706
181	0.826809	0.084303	0.078757	0.000000	0.008439	0.000000	0.000000	0.000000	0.001692
182	0.827048	0.084509	0.078324	0.000000	0.008489	0.000000	0.000000	0.000000	0.001630
183	0.827154	0.084688	0.078141	0.000000	0.008420	0.000000	0.000000	0.000000	0.001597
184	0.827331	0.084553	0.078263	0.000000	0.008326	0.000000	0.000000	0.000000	0.001527
185	0.827237	0.084268	0.078637	0.000000	0.008374	0.000000	0.000000	0.000000	0.001484
186	0.827406	0.084254	0.078438	0.000000	0.008401	0.000000	0.000000	0.000000	0.001501
187	0.827453	0.084014	0.078623	0.000000	0.008446	0.000000	0.000000	0.000000	0.001464
188	0.827551	0.084051	0.078556	0.000000	0.008414	0.000000	0.000000	0.000000	0.001428
189	0.827854	0.084152	0.078235	0.000000	0.008372	0.000000	0.000000	0.000000	0.001387
190	0.828177	0.084022	0.078155	0.000000	0.008272	0.000000	0.000000	0.000000	0.001374
191	0.828485	0.083483	0.078495	0.000000	0.008165	0.000000	0.000000	0.000000	0.001372
192	0.828828	0.083601	0.078098	0.000000	0.008137	0.000000	0.000000	0.000000	0.001336
193	0.829014	0.083106	0.078479	0.000000	0.008070	0.000000	0.000000	0.000000	0.001331
194	0.829091	0.083282	0.078249	0.000000	0.008066	0.000000	0.000000	0.000000	0.001312
195	0.829068	0.083410	0.078347	0.000000	0.007988	0.000000	0.000000	0.000000	0.001187
196	0.829118	0.083462	0.078381	0.000000	0.007931	0.000000	0.000000	0.000000	0.001108
197	0.829661	0.083347	0.078016	0.000000	0.007866	0.000000	0.000000	0.000000	0.001110
198	0.829150	0.083644	0.078330	0.000000	0.007827	0.000000	0.000000	0.000000	0.001049
199	0.829457	0.083586	0.078172	0.000000	0.007827	0.000000	0.000000	0.000000	0.000958
200	0.830092	0.083325	0.077819	0.000000	0.007795	0.000000	0.000000	0.000000	0.000969
201	0.830199	0.083341	0.077724	0.000000	0.007811	0.000000	0.000000	0.000000	0.000925
202	0.830065	0.083638	0.077595	0.000000	0.007747	0.000000	0.000000	0.000000	0.000955
203	0.830146	0.083374	0.077851	0.000000	0.007712	0.000000	0.000000	0.000000	0.000917
204	0.830314	0.083435	0.077790	0.000000	0.007591	0.000000	0.000000	0.000000	0.000870
205	0.830515	0.083285	0.077765	0.000000	0.007529	0.000000	0.000000	0.000000	0.000906
206	0.830192	0.083740	0.077672	0.000000	0.007552	0.000000	0.000000	0.000000	0.000844
207	0.831320	0.083014	0.077382	0.000000	0.007389	0.000000	0.000000	0.000000	0.000895
208	0.831288	0.083032	0.077499	0.000000	0.007307	0.000000	0.000000	0.000000	0.000874
209	0.831268	0.083160	0.077402	0.000000	0.007339	0.000000	0.000000	0.000000	0.000831
210	0.830876	0.083241	0.077809	0.000000	0.007265	0.000000	0.000000	0.000000	0.000809
211	0.831122	0.082999	0.077861	0.000000	0.007225	0.000000	0.000000	0.000000	0.000793
212	0.831542	0.082798	0.077699	0.000000	0.007209	0.000000	0.000000	0.000000	0.000752
213	0.831728	0.082324	0.077927	0.000000	0.007260	0.000000	0.000000	0.000000	0.000761
214	0.831501	0.082395	0.078246	0.000000	0.007133	0.000000	0.000000	0.000000	0.000725
215	0.831087	0.082617	0.078532	0.000000	0.007082	0.000000	0.000000	0.000000	0.000682
216	0.831041	0.082539	0.078697	0.000000	0.007064	0.000000	0.000000	0.000000	0.000659
217	0.830918	0.082558	0.078778	0.000000	0.007085	0.000000	0.000000	0.000000	0.000661
218	0.830935	0.082475	0.078917	0.000000	0.006987	0.000000	0.000000	0.000000	0.000686
219	0.831205	0.082411	0.078846	0.000000	0.006828	0.000000	0.000000	0.000000	0.000710
220	0.831002	0.082405	0.079071	0.000000	0.006799	0.000000	0.000000	0.000000	0.000723
221	0.830973	0.082325	0.079231	0.000000	0.006720	0.000000	0.000000	0.000000	0.000751
222	0.830705	0.082344	0.079574	0.000000	0.006664	0.000000	0.000000	0.000000	0.000713
223	0.831234	0.082269	0.079188	0.000000	0.006596	0.000000	0.000000	0.000000	0.000713
224	0.831481	0.082085	0.079187	0.000000	0.006550	0.000000	0.000000	0.000000	0.000697
225	0.831509	0.082039	0.079268	0.000000	0.006494	0.000000	0.000000	0.000000	0.000690
226	0.831869	0.081988	0.079130	0.000000	0.006356	0.000000	0.000000	0.000000	0.000657
227	0.832190	0.081893	0.078987	0.000000	0.006300	0.000000	0.000000	0.000000	0.000630
228	0.832395	0.081827	0.078886	0.000000	0.006282	0.000000	0.000000	0.000000	0.000610
229	0.832130	0.081930	0.079054	0.000000	0.006269	0.000000	0.000000	0.000000	0.000617
230	0.832632	0.081953	0.078660	0.000000	0.006158	0.000000	0.000000	0.000000	0.000597
231	0.832205	0.082154	0.078907	0.000000	0.006162	0.000000	0.000000	0.000000	0.000572
232	0.832545	0.082289	0.078455	0.000000	0.006142	0.000000	0.000000	0.000000	0.000569
233	0.833167	0.082278	0.077927	0.000000	0.006083	0.000000	0.000000	0.000000	0.000545
234	0.832923	0.082388	0.078224	0.000000	0.005956	0.000000	0.000000	0.000000	0.000509
235	0.832942	0.082436	0.078175	0.000000	0.005883	0.000000	0.000000	0.000000	0.000564
236	0.833087	0.082301	0.078189	0.000000	0.005835	0.000000	0.000000	0.000000	0.000588
237	0.833480	0.081874	0.078284	0.000000	0.005769	0.000000	0.000000	0.000000	0.000593
238	0.833653	0.081927	0.078127	0.000000	0.005720	0.000000	0.000000	0.000000	0.000573
239	0.833355	0.082108	0.078280	0.000000	0.005681	0.000000	0.000000	0.000000	0.000576
240	0.833451	0.082012	0.078363	0.000000	0.005623	0.000000	0.000000	0.000000	0.000551
241	0.833237	0.081794	0.078792	0.000000	0.005607	0.000000	0.000000	0.000000	0.000570
242	0.833596	0.081938	0.078373	0.000000	0.005527	0.000000	0.000000	0.000000	0.000566
243	0.833866	0.081733	0.078289	0.000000	0.005553	0.000000	0.000000	0.000000	0.000559
244	0.834336	0.081338	0.078318	0.000000	0.005456	0.000000	0.000000	0.000000	0.000552
245	0.834513	0.081208	0.078262	0.000000	0.005453	0.000000	0.000000	0.000000	0.000564
246	0.834731	0.081175	0.078118	0.000000	0.005435	0.000000	0.000000	0.000000	0.000541
247	0.834428	0.081411	0.078234	0.000000	0.005364	0.000000	0.000000	0.000000	0.000563
248	0.834052	0.081602	0.078464	0.000000	0.005307	0.000000	0.000000	0.000000	0.000575
249	0.834568	0.081225	0.078417	0.000000	0.005227	0.000000	0.000000	0.000000	0.000563
250	0.834983	0.081034	0.078156	0.000000	0.005253	0.000000	0.000000	0.000000	0.000574
251	0.834833	0.080872	0.078521	0.000000	0.005194	0.000000	0.000000	0.000000	0.000580
252	0.834656	0.081057	0.078539	0.000000	0.005177	0.000000	0.000000	0.000000	0.000571
253	0.835244	0.080688	0.078332	0.000000	0.005148	0.000000	0.000000	0.000000	0.000588
254	0.834823	0.081089	0.078463	0.000000	0.005061	0.000000	0.000000	0.000000	0.000564
255	0.835033	0.081279	0.078116	0.000000	0.005019	0.000000	0.000000	0.000000	0.000553
256	0.834704	0.081688	0.078109	0.000000	0.004958	0.000000	0.000000	0.000000	0.000541
257	0.834726	0.081847	0.077965	0.000000	0.004943	0.000000	0.000000	0.000000	0.000519
258	0.835060	0.081709	0.077836	0.000000	0.004885	0.000000	0.000000	0.000000	0.000510
259	0.834680	0.081862	0.078160	0.000000	0.004768	0.000000	0.000000	0.000000	0.000530
260	0.834923	0.081506	0.078288	0.000000	0.004755	0.000000	0.000000	0.000000	0.000528
261	0.835482	0.081340	0.077933	0.000000	0.004750	0.000000	0.000000	0.000000	0.000495
262	0.835553	0.081620	0.077677	0.000000	0.004669	0.000000	0.000000	0.000000	0.000481
263	0.835671	0.081576	0.077638	0.000000	0.004610	0.000000	0.000000	0.000000	0.000505
264	0.836134	0.081336	0.077522	0.000000	0.004502	0.000000	0.000000	0.000000	0.000506
265	0.836158	0.081335	0.077557	0.000000	0.004417	0.000000	0.000000	0.000000	0.000533
266	0.835799	0.081662	0.077712	0.000000	0.004316	0.000000	0.000000	0.000000	0.000511
267	0.835575	0.081438	0.078111	0.000000	0.004361	0.000000	0.000000	0.000000	0.000515
268	0.835300	0.081537	0.078297	0.000000	0.004339	0.000000	0.000000	0.000000	0.000527
269	0.835523	0.081557	0.078117	0.000000	0.004276	0.000000	0.000000	0.000000	0.000527
270	0.835800	0.081347	0.078087	0.000000	0.004236	0.000000	0.000000	0.000000	0.000530
271	0.836467	0.081319	0.077510	0.000000	0.004159	0.000000	0.000000	0.000000	0.000545
272	0.836302	0.081171	0.077821	0.000000	0.004151	0.000000	0.000000	0.000000	0.000555
273	0.836607	0.081014	0.077793	0.000000	0.004072	0.000000	0.000000	0.000000	0.000514
274	0.836721	0.081218	0.077487	0.000000	0.004047	0.000000	0.000000	0.000000	0.000527
275	0.836571	0.081519	0.077362	0.000000	0.004055	0.000000	0.000000	0.000000	0.000493
276	0.836600	0.081417	0.077524	0.000000	0.003984	0.000000	0.000000	0.000000	0.000475
277	0.836879	0.081283	0.077371	0.000000	0.004004	0.000000	0.000000	0.000000	0.000463
278	0.836223	0.081921	0.077395	0.000000	0.004016	0.000000	0.000000	0.000000	0.000445
279	0.836332	0.081748	0.077489	0.000000	0.003986	0.000000	0.000000	0.000000	0.000445
280	0.836362	0.081603	0.077604	0.000000	0.003998	0.000000	0.000000	0.000000	0.000433
281	0.836294	0.081774	0.077597	0.000000	0.003916	0.000000	0.000000	0.000000	0.000419
282	0.836301	0.081674	0.077699	0.000000	0.003903	0.000000	0.000000	0.000000	0.000423
283	0.836526	0.081675	0.077487	0.000000	0.003896	0.000000	0.000000	0.000000	0.000416
284	0.836512	0.081580	0.077649	0.000000	0.003842	0.000000	0.000000	0.000000	0.000417
285	0.836800	0.081218	0.077723	0.000000	0.003840	0.000000	0.000000	0.000000	0.000419
286	0.836713	0.081373	0.077686	0.000000	0.003828	0.000000	0.000000	0.000000	0.000400
287	0.836512	0.081374	0.077935	0.000000	0.003785	0.000000	0.000000	0.000000	0.000394
288	0.836681	0.080927	0.078247	0.000000	0.003772	0.000000	0.000000	0.000000	0.000373
289	0.836754	0.080788	0.078299	0.000000	0.003788	0.000000	0.000000	0.000000	0.000371
290	0.837255	0.080645	0.077998	0.000000	0.003726	0.000000	0.000000	0.000000	0.000376
291	0.836873	0.081069	0.077981	0.000000	0.003690	0.000000	0.000000	0.000000	0.000387
292	0.836998	0.080968	0.078020	0.000000	0.003646	0.000000	0.000000	0.000000	0.000368
293	0.836727	0.081221	0.078068	0.000000	0.003626	0.000000	0.000000	0.000000	0.000358
294	0.837029	0.081019	0.077979	0.000000	0.003609	0.000000	0.000000	0.000000	0.000364
295	0.837081	0.081007	0.077987	0.000000	0.003565	0.000000	0.000000	0.000000	0.000360
296	0.836865	0.081200	0.077979	0.000000	0.003617	0.000000	0.000000	0.000000	0.000339
297	0.836933	0.081179	0.078008	0.000000	0.003548	0.000000	0.000000	0.000000	0.000332
298	0.836636	0.081576	0.077938	0.000000	0.003509	0.000000	0.000000	0.000000	0.000341
299	0.836718	0.081395	0.078077	0.000000	0.003471	0.000000	0.000000	0.000000	0.000339
300	0.836876	0.081413	0.077927	0.000000	0.003447	0.000000	0.000000	0.000000	0.000337
301	0.836662	0.081504	0.078037	0.000000	0.003456	0.000000	0.000000	0.000000	0.000341
302	0.836678	0.081120	0.078403	0.000000	0.003454	0.000000	0.000000	0.000000	0.000345
303	0.837009	0.081136	0.078094	0.000000	0.003409	0.000000	0.000000	0.000000	0.000352
304	0.837134	0.081106	0.078080	0.000000	0.003337	0.000000	0.000000	0.000000	0.000343
305	0.837073	0.080955	0.078256	0.000000	0.003363	0.000000	0.000000	0.000000	0.000353
306	0.837225	0.080799	0.078312	0.000000	0.003312	0.000000	0.000000	0.000000	0.000352
307	0.837051	0.081121	0.078165	0.000000	0.003300	0.000000	0.000000	0.000000	0.000363
308	0.836834	0.081038	0.078441	0.000000	0.003306	0.000000	0.000000	0.000000	0.000381
309	0.836931	0.080931	0.078482	0.000000	0.003289	0.000000	0.000000	0.000000	0.000367
310	0.837114	0.080589	0.078634	0.000000	0.003280	0.000000	0.000000	0.000000	0.000383
311	0.836442	0.081045	0.078893	0.000000	0.003228	0.000000	0.000000	0.000000	0.000392
312	0.836289	0.081330	0.078809	0.000000	0.003190	0.000000	0.000000	0.000000	0.000382
313	0.836560	0.080919	0.078914	0.000000	0.003208	0.000000	0.000000	0.000000	0.000399
314	0.836640	0.081060	0.078787	0.000000	0.003139	0.000000	0.000000	0.000000	0.000374
315	0.836551	0.081349	0.078625	0.000000	0.003096	0.000000	0.000000	0.000000	0.000379
316	0.836274	0.081384	0.078920	0.000000	0.003042	0.000000	0.000000	0.000000	0.000380
317	0.836597	0.081121	0.078920	0.000000	0.002992	0.000000	0.000000	0.000000	0.000370
318	0.836394	0.081451	0.078906	0.000000	0.002897	0.000000	0.000000	0.000000	0.000352
319	0.836251	0.081264	0.079206	0.000000	0.002917	0.000000	0.000000	0.000000	0.000362
320	0.836468	0.081117	0.079112	0.000000	0.002913	0.000000	0.000000	0.000000	0.000390
321	0.836940	0.080967	0.078849	0.000000	0.002876	0.000000	0.000000	0.000000	0.000368
322	0.836410	0.081049	0.079327	0.000000	0.002834	0.000000	0.000000	0.000000	0.000380
323	0.836278	0.081287	0.079236	0.000000	0.002825	0.000000	0.000000	0.000000	0.000374
324	0.836162	0.081198	0.079419	0.000000	0.002861	0.000000	0.000000	0.000000	0.000360
325	0.836454	0.081266	0.079117	0.000000	0.002813	0.000000	0.000000	0.000000	0.000350
326	0.836218	0.081223	0.079411	0.000000	0.002785	0.000000	0.000000	0.000000	0.000363
327	0.836237	0.081378	0.079289	0.000000	0.002741	0.000000	0.000000	0.000000	0.000355
328	0.835739	0.081515	0.079661	0.000000	0.002739	0.000000	0.000000	0.000000	0.000346
329	0.836024	0.081520	0.079360	0.000000	0.002746	0.000000	0.000000	0.000000	0.000350
330	0.835883	0.081476	0.079624	0.000000	0.002663	0.000000	0.000000	0.000000	0.000354
331	0.835869	0.081367	0.079814	0.000000	0.002615	0.000000	0.000000	0.000000	0.000335
332	0.836264	0.081123	0.079728	0.000000	0.002573	0.000000	0.000000	0.000000	0.000312
333	0.835827	0.081295	0.079986	0.000000	0.002573	0.000000	0.000000	0.000000	0.000319
334	0.836080	0.081177	0.079849	0.000000	0.002556	0.000000	0.000000	0.000000	0.000338
335	0.836207	0.081207	0.079739	0.000000	0.002531	0.000000	0.000000	0.000000	0.000316
336	0.836280	0.081152	0.079795	0.000000	0.002479	0.000000	0.000000	0.000000	0.000294
337	0.836076	0.081009	0.080191	0.000000	0.002453	0.000000	0.000000	0.000000	0.000271
338	0.835853	0.081188	0.080191	0.000000	0.002493	0.000000	0.000000	0.000000	0.000275
339	0.836052	0.081233	0.079951	0.000000	0.002489	0.000000	0.000000	0.000000	0.000275
340	0.835962	0.081020	0.080290	0.000000	0.002457	0.000000	0.000000	0.000000	0.000271
341	0.836020	0.080968	0.080363	0.000000	0.002390	0.000000	0.000000	0.000000	0.000259
342	0.835873	0.081240	0.080270	0.000000	0.002375	0.000000	0.000000	0.000000	0.000242
343	0.835613	0.081490	0.080325	0.000000	0.002326	0.000000	0.000000	0.000000	0.000246
344	0.835860	0.081398	0.080217	0.000000	0.002290	0.000000	0.000000	0.000000	0.000235
345	0.836107	0.081306	0.080118	0.000000	0.002241	0.000000	0.000000	0.000000	0.000228
346	0.836683	0.081007	0.079791	0.000000	0.002283	0.000000	0.000000	0.000000	0.000236
347	0.836313	0.081083	0.080170	0.000000	0.002224	0.000000	0.000000	0.000000	0.000210
348	0.836574	0.081051	0.079954	0.000000	0.002218	0.000000	0.000000	0.000000	0.000203
349	0.836638	0.081092	0.079906	0.000000	0.002160	0.000000	0.000000	0.000000	0.000204
350	0.836946	0.080939	0.079769	0.000000	0.002144	0.000000	0.000000	0.000000	0.000202
351	0.837110	0.080774	0.079737	0.000000	0.002192	0.000000	0.000000	0.000000	0.000187
352	0.836693	0.081182	0.079744	0.000000	0.002192	0.000000	0.000000	0.000000	0.000189
353	0.836876	0.080985	0.079761	0.000000	0.002204	0.000000	0.000000	0.000000	0.000174
354	0.836545	0.080783	0.080318	0.000000	0.002193	0.000000	0.000000	0.000000	0.000161
355	0.836353	0.080931	0.080381	0.000000	0.002178	0.000000	0.000000	0.000000	0.000157
356	0.836386	0.081055	0.080259	0.000000	0.002144	0.000000	0.000000	0.000000	0.000156
357	0.836608	0.081029	0.080077	0.000000	0.002116	0.000000	0.000000	0.000000	0.000170
358	0.836565	0.080916	0.080235	0.000000	0.002105	0.000000	0.000000	0.000000	0.000179
359	0.836837	0.081138	0.079726	0.000000	0.002128	0.000000	0.000000	0.000000	0.000171
360	0.836950	0.081058	0.079737	0.000000	0.002091	0.000000	0.000000	0.000000	0.000164
361	0.837134	0.080755	0.079837	0.000000	0.002112	0.000000	0.000000	0.000000	0.000162
362	0.837071	0.080684	0.079984	0.000000	0.002092	0.000000	0.000000	0.000000	0.000169
363	0.836665	0.080665	0.080377	0.000000	0.002142	0.000000	0.000000	0.000000	0.000151
364	0.836479	0.080853	0.080446	0.000000	0.002075	0.000000	0.000000	0.000000	0.000147
365	0.836396	0.080809	0.080573	0.000000	0.002087	0.000000	0.000000	0.000000	0.000135
366	0.836492	0.080960	0.080320	0.000000	0.002087	0.000000	0.000000	0.000000	0.000141
367	0.836405	0.080899	0.080486	0.000000	0.002062	0.000000	0.000000	0.000000	0.000148
368	0.836218	0.080607	0.080983	0.000000	0.002048	0.000000	0.000000	0.000000	0.000144
369	0.836218	0.080568	0.081018	0.000000	0.002055	0.000000	0.000000	0.000000	0.000141
370	0.836153	0.080725	0.080956	0.000000	0.002029	0.000000	0.000000	0.000000	0.000137
371	0.836245	0.080841	0.080749	0.000000	0.002033	0.000000	0.000000	0.000000	0.000132
372	0.836306	0.080485	0.081062	0.000000	0.002010	0.000000	0.000000	0.000000	0.000137
373	0.836325	0.080602	0.080913	0.000000	0.002030	0.000000	0.000000	0.000000	0.000130
374	0.835921	0.080900	0.081044	0.000000	0.002013	0.000000	0.000000	0.000000	0.000122
375	0.836182	0.080708	0.080977	0.000000	0.001995	0.000000	0.000000	0.000000	0.000138
376	0.835613	0.080975	0.081337	0.000000	0.001950	0.000000	0.000000	0.000000	0.000125
377	0.835745	0.080918	0.081275	0.000000	0.001943	0.000000	0.000000	0.000000	0.000119
378	0.835957	0.080806	0.081231	0.000000	0.001905	0.000000	0.000000	0.000000	0.000101
379	0.836785	0.080479	0.080752	0.000000	0.001875	0.000000	0.000000	0.000000	0.000109
380	0.835918	0.080994	0.081115	0.000000	0.001878	0.000000	0.000000	0.000000	0.000095
381	0.835442	0.081180	0.081417	0.000000	0.001872	0.000000	0.000000	0.000000	0.000089
382	0.835594	0.081111	0.081353	0.000000	0.001850	0.000000	0.000000	0.000000	0.000092
383	0.835324	0.081189	0.081578	0.000000	0.001838	0.000000	0.000000	0.000000	0.000071
384	0.835085	0.081132	0.081906	0.000000	0.001798	0.000000	0.000000	0.000000	0.000079
385	0.835459	0.080965	0.081763	0.000000	0.001741	0.000000	0.000000	0.000000	0.000072
386	0.835272	0.081312	0.081687	0.000000	0.001671	0.000000	0.000000	0.000000	0.000058
387	0.835347	0.081015	0.081918	0.000000	0.001649	0.000000	0.000000	0.000000	0.000071
388	0.835565	0.081266	0.081447	0.000000	0.001641	0.000000	0.000000	0.000000	0.000081
389	0.835381	0.081391	0.081487	0.000000	0.001660	0.000000	0.000000	0.000000	0.000081
390	0.835596	0.081337	0.081356	0.000000	0.001631	0.000000	0.000000	0.000000	0.000080
391	0.835361	0.081312	0.081587	0.000000	0.001662	0.000000	0.000000	0.000000	0.000078
392	0.835413	0.081224	0.081606	0.000000	0.001687	0.000000	0.000000	0.000000	0.000070
393	0.835372	0.081331	0.081582	0.000000	0.001659	0.000000	0.000000	0.000000	0.000056
394	0.835441	0.081308	0.081524	0.000000	0.001674	0.000000	0.000000	0.000000	0.000053
395	0.835278	0.081322	0.081682	0.000000	0.001658	0.000000	0.000000	0.000000	0.000060
396	0.835210	0.081486	0.081566	0.000000	0.001684	0.000000	0.000000	0.000000	0.000054
397	0.835549	0.081282	0.081474	0.000000	0.001641	0.000000	0.000000	0.000000	0.000054
398	0.835859	0.080758	0.081705	0.000000	0.001625	0.000000	0.000000	0.000000	0.000053
399	0.836428	0.080731	0.081154	0.000000	0.001632	0.000000	0.000000	0.000000	0.000055
400	0.836099	0.080981	0.081236	0.000000	0.001634	0.000000	0.000000	0.000000	0.000050
401	0.835954	0.080652	0.081679	0.000000	0.001661	0.000000	0.000000	0.000000	0.000054
402	0.835990	0.080842	0.081461	0.000000	0.001656	0.000000	0.000000	0.000000	0.000051
403	0.835855	0.080729	0.081766	0.000000	0.001606	0.000000	0.000000	0.000000	0.000044
404	0.835771	0.080815	0.081774	0.000000	0.001588	0.000000	0.000000	0.000000	0.000052
405	0.835673	0.081128	0.081571	0.000000	0.001568	0.000000	0.000000	0.000000	0.000060
406	0.836198	0.080748	0.081482	0.000000	0.001503	0.000000	0.000000	0.000000	0.000069
407	0.835594	0.081164	0.081698	0.000000	0.001490	0.000000	0.000000	0.000000	0.000054
408	0.835987	0.080888	0.081614	0.000000	0.001442	0.000000	0.000000	0.000000	0.000069
409	0.835857	0.081153	0.081510	0.000000	0.001424	0.000000	0.000000	0.000000	0.000056
410	0.836254	0.080853	0.081413	0.000000	0.001428	0.000000	0.000000	0.000000	0.000052
411	0.835908	0.081003	0.081640	0.000000	0.001392	0.000000	0.000000	0.000000	0.000057
412	0.836214	0.080977	0.081335	0.000000	0.001421	0.000000	0.000000	0.000000	0.000053
413	0.835586	0.081086	0.081877	0.000000	0.001395	0.000000	0.000000	0.000000	0.000056
414	0.835407	0.081330	0.081815	0.000000	0.001391	0.000000	0.000000	0.000000	0.000057
415	0.835401	0.081366	0.081815	0.000000	0.001368	0.000000	0.000000	0.000000	0.000050
416	0.835281	0.081257	0.082032	0.000000	0.001385	0.000000	0.000000	0.000000	0.000045
417	0.835484	0.080875	0.082231	0.000000	0.001375	0.000000	0.000000	0.000000	0.000035
418	0.835500	0.081149	0.081987	0.000000	0.001340	0.000000	0.000000	0.000000	0.000024
419	0.835262	0.081158	0.082203	0.000000	0.001350	0.000000	0.000000	0.000000	0.000027
420	0.835278	0.081160	0.082224	0.000000	0.001307	0.000000	0.000000	0.000000	0.000031
421	0.835716	0.080916	0.081997	0.000000	0.001338	0.000000	0.000000	0.000000	0.000033
422	0.835558	0.080997	0.082108	0.000000	0.001308	0.000000	0.000000	0.000000	0.000029
423	0.835520	0.081148	0.082031	0.000000	0.001273	0.000000	0.000000	0.000000	0.000028
424	0.835537	0.081190	0.081973	0.000000	0.001274	0.000000	0.000000	0.000000	0.000026
425	0.835458	0.081448	0.081809	0.000000	0.001257	0.000000	0.000000	0.000000	0.000028
426	0.835144	0.081456	0.082116	0.000000	0.001260	0.000000	0.000000	0.000000	0.000024
427	0.834563	0.082084	0.082120	0.000000	0.001202	0.000000	0.000000	0.000000	0.000031
428	0.834616	0.082270	0.081888	0.000000	0.001194	0.000000	0.000000	0.000000	0.000032
429	0.834821	0.081937	0.082012	0.000000	0.001204	0.000000	0.000000	0.000000	0.000026
430	0.835062	0.081775	0.081890	0.000000	0.001241	0.000000	0.000000	0.000000	0.000032
431	0.835138	0.081974	0.081629	0.000000	0.001228	0.000000	0.000000	0.000000	0.000031
432	0.835103	0.082111	0.081537	0.000000	0.001219	0.000000	0.000000	0.000000	0.000030
433	0.835533	0.081737	0.081519	0.000000	0.001179	0.000000	0.000000	0.000000	0.000032
434	0.835344	0.082003	0.081445	0.000000	0.001177	0.000000	0.000000	0.000000	0.000031
435	0.835040	0.082298	0.081503	0.000000	0.001125	0.000000	0.000000	0.000000	0.000034
436	0.835191	0.082293	0.081377	0.000000	0.001105	0.000000	0.000000	0.000000	0.000034
437	0.835037	0.082377	0.081458	0.000000	0.001092	0.000000	0.000000	0.000000	0.000036
438	0.834897	0.082095	0.081904	0.000000	0.001065	0.000000	0.000000	0.000000	0.000039
439	0.834673	0.082314	0.081904	0.000000	0.001069	0.000000	0.000000	0.000000	0.000040
440	0.834614	0.082518	0.081775	0.000000	0.001053	0.000000	0.000000	0.000000	0.000040
441	0.835041	0.082334	0.081523	0.000000	0.001062	0.000000	0.000000	0.000000	0.000040
442	0.835390	0.081886	0.081631	0.000000	0.001054	0.000000	0.000000	0.000000	0.000039
443	0.834985	0.081604	0.082316	0.000000	0.001057	0.000000	0.000000	0.000000	0.000038
444	0.834846	0.081582	0.082469	0.000000	0.001061	0.000000	0.000000	0.000000	0.000042
445	0.835109	0.081552	0.082223	0.000000	0.001068	0.000000	0.000000	0.000000	0.000048
446	0.834924	0.081696	0.082266	0.000000	0.001071	0.000000	0.000000	0.000000	0.000043
447	0.834862	0.081719	0.082320	0.000000	0.001059	0.000000	0.000000	0.000000	0.000040
448	0.834954	0.081481	0.082481	0.000000	0.001047	0.000000	0.000000	0.000000	0.000037
449	0.834749	0.081875	0.082292	0.000000	0.001038	0.000000	0.000000	0.000000	0.000046
450	0.834918	0.081840	0.082190	0.000000	0.001007	0.000000	0.000000	0.000000	0.000045
451	0.834808	0.081934	0.082221	0.000000	0.000997	0.000000	0.000000	0.000000	0.000040
452	0.834444	0.082066	0.082464	0.000000	0.000975	0.000000	0.000000	0.000000	0.000051
453	0.834380	0.081905	0.082710	0.000000	0.000956	0.000000	0.000000	0.000000	0.000049
454	0.834696	0.081800	0.082526	0.000000	0.000923	0.000000	0.000000	0.000000	0.000055
455	0.834683	0.081651	0.082720	0.000000	0.000897	0.000000	0.000000	0.000000	0.000049
456	0.834965	0.081853	0.082243	0.000000	0.000892	0.000000	0.000000	0.000000	0.000047
457	0.835097	0.081668	0.082323	0.000000	0.000857	0.000000	0.000000	0.000000	0.000055
458	0.835189	0.081321	0.082631	0.000000	0.000816	0.000000	0.000000	0.000000	0.000043
459	0.834896	0.081726	0.082537	0.000000	0.000802	0.000000	0.000000	0.000000	0.000039
460	0.834745	0.081757	0.082648	0.000000	0.000800	0.000000	0.000000	0.000000	0.000050
461	0.834737	0.081466	0.082991	0.000000	0.000755	0.000000	0.000000	0.000000	0.000051
462	0.834542	0.081879	0.082799	0.000000	0.000734	0.000000	0.000000	0.000000	0.000046
463	0.833972	0.081818	0.083431	0.000000	0.000721	0.000000	0.000000	0.000000	0.000058
464	0.834033	0.081822	0.083374	0.000000	0.000718	0.000000	0.000000	0.000000	0.000053
465	0.834070	0.081651	0.083507	0.000000	0.000728	0.000000	0.000000	0.000000	0.000044
466	0.834210	0.081781	0.083209	0.000000	0.000755	0.000000	0.000000	0.000000	0.000045
467	0.834716	0.081537	0.082984	0.000000	0.000723	0.000000	0.000000	0.000000	0.000040
468	0.834868	0.081680	0.082655	0.000000	0.000764	0.000000	0.000000	0.000000	0.000033
469	0.834786	0.081382	0.083062	0.000000	0.000730	0.000000	0.000000	0.000000	0.000040
470	0.835344	0.081108	0.082801	0.000000	0.000711	0.000000	0.000000	0.000000	0.000036
