0	0.290663	0.057897	0.229473	0.157588	0.029913	0.111872	0.085455	0.012259	0.024880
1	0.233060	0.047985	0.200243	0.139425	0.028334	0.119286	0.118606	0.022917	0.090144
2	0.232889	0.047882	0.200565	0.133146	0.028501	0.115695	0.119495	0.023349	0.098478
3	0.238946	0.048349	0.202983	0.128366	0.029078	0.110304	0.117698	0.022548	0.101728
4	0.245487	0.048381	0.206231	0.123524	0.029731	0.105547	0.115018	0.021647	0.104434
5	0.253639	0.048372	0.209297	0.119418	0.030462	0.100276	0.111827	0.020683	0.106026
6	0.261532	0.048979	0.211667	0.114894	0.031100	0.095651	0.108636	0.019922	0.107619
7	0.269537	0.049152	0.214011	0.110844	0.031991	0.090872	0.104848	0.019030	0.109715
8	0.277801	0.049520	0.216130	0.106595	0.032650	0.086672	0.101697	0.018074	0.110861
9	0.286240	0.049600	0.218364	0.101890	0.033745	0.082315	0.098643	0.017172	0.112031
10	0.294232	0.049808	0.220540	0.097714	0.034577	0.078838	0.094772	0.016234	0.113285
11	0.302064	0.049810	0.222269	0.094061	0.035681	0.074767	0.091592	0.015401	0.114355
12	0.308887	0.050038	0.223867	0.090351	0.036789	0.071167	0.088685	0.014682	0.115534
13	0.317084	0.050086	0.224708	0.086494	0.038062	0.067869	0.085360	0.014049	0.116288
14	0.324195	0.049939	0.225855	0.083380	0.039425	0.064211	0.082254	0.013324	0.117417
15	0.331386	0.049647	0.227710	0.079853	0.040648	0.060622	0.079228	0.012749	0.118157
16	0.338763	0.049561	0.228524	0.076407	0.042060	0.057241	0.076468	0.012080	0.118896
17	0.346157	0.049421	0.229475	0.073282	0.043826	0.054027	0.073033	0.011430	0.119349
18	0.352460	0.049372	0.229875	0.070469	0.045105	0.051258	0.070537	0.010973	0.119951
19	0.359125	0.049124	0.230338	0.067674	0.046588	0.048648	0.068024	0.010494	0.119985
20	0.365528	0.048537	0.231042	0.065098	0.048358	0.046249	0.065088	0.009787	0.120313
21	0.371324	0.048460	0.231034	0.062629	0.050290	0.043648	0.062331	0.009284	0.121000
22	0.377653	0.048227	0.231480	0.060242	0.051915	0.041286	0.059749	0.008800	0.120648
23	0.383600	0.048089	0.231349	0.057753	0.054002	0.039060	0.056950	0.008426	0.120771
24	0.389270	0.047839	0.230888	0.055261	0.056255	0.036859	0.054910	0.007997	0.120721
25	0.395692	0.047348	0.230503	0.052868	0.058176	0.034705	0.052422	0.007455	0.120831
26	0.400769	0.047008	0.229785	0.051059	0.060263	0.032916	0.050061	0.007050	0.121089
27	0.406217	0.046593	0.229139	0.048779	0.062280	0.031402	0.048153	0.006743	0.120694
28	0.410861	0.046373	0.228039	0.046774	0.064297	0.029902	0.046420	0.006369	0.120965
29	0.415875	0.045844	0.227517	0.045040	0.066208	0.028162	0.044490	0.005968	0.120896
30	0.420917	0.045424	0.226605	0.043033	0.068822	0.026581	0.042339	0.005589	0.120690
31	0.425198	0.045122	0.225732	0.041589	0.071016	0.025553	0.040012	0.005275	0.120503
32	0.429542	0.044806	0.225186	0.039870	0.073034	0.024376	0.038094	0.004894	0.120198
33	0.433794	0.044106	0.224890	0.038132	0.075642	0.023080	0.036248	0.004637	0.119471
34	0.438043	0.043639	0.223516	0.036707	0.078082	0.021927	0.034383	0.004445	0.119258
35	0.441637	0.043244	0.222525	0.035227	0.080663	0.020867	0.032820	0.004252	0.118765
36	0.444229	0.042931	0.221450	0.034245	0.083496	0.019841	0.031226	0.004058	0.118524
37	0.447403	0.042669	0.220397	0.033057	0.086151	0.019016	0.029703	0.003814	0.117790
38	0.450219	0.042400	0.219490	0.031760	0.089142	0.018099	0.028028	0.003649	0.117213
39	0.453546	0.041919	0.217631	0.030675	0.092088	0.017348	0.026753	0.003508	0.116532
40	0.456479	0.041387	0.216124	0.029703	0.095440	0.016477	0.025535	0.003279	0.115576
41	0.459070	0.040917	0.214502	0.028864	0.098538	0.015737	0.024457	0.003110	0.114805
42	0.461303	0.040284	0.213500	0.027508	0.101716	0.015127	0.023196	0.002975	0.114391
43	0.463093	0.040105	0.212323	0.026745	0.104812	0.014577	0.021985	0.002815	0.113545
44	0.465317	0.039409	0.211285	0.025492	0.108265	0.013846	0.020890	0.002690	0.112806
45	0.466992	0.038865	0.209531	0.024719	0.111961	0.013264	0.019953	0.002522	0.112193
46	0.468756	0.038239	0.208398	0.024358	0.115328	0.012613	0.019048	0.002376	0.110884
47	0.470656	0.037717	0.206592	0.023581	0.118774	0.012049	0.018068	0.002314	0.110249
48	0.472556	0.037314	0.205100	0.022818	0.122168	0.011480	0.017149	0.002169	0.109246
49	0.473351	0.037007	0.203884	0.022224	0.126051	0.010922	0.016157	0.002001	0.108403
50	0.474182	0.036607	0.202529	0.021211	0.129752	0.010525	0.015486	0.001897	0.107811
51	0.475262	0.036159	0.201054	0.020745	0.133658	0.010062	0.014668	0.001756	0.106636
52	0.476453	0.035647	0.199496	0.020117	0.137502	0.009793	0.013913	0.001608	0.105471
53	0.477036	0.035280	0.197497	0.019560	0.141484	0.009563	0.013312	0.001550	0.104718
54	0.477935	0.034593	0.195553	0.019242	0.145779	0.009094	0.012530	0.001399	0.103875
55	0.478085	0.034164	0.193806	0.018869	0.150119	0.008805	0.012078	0.001303	0.102771
56	0.478233	0.033486	0.191790	0.018461	0.155268	0.008508	0.011303	0.001243	0.101708
57	0.478597	0.032978	0.190263	0.018055	0.159354	0.008264	0.010609	0.001150	0.100730
58	0.477879	0.032621	0.188515	0.017751	0.164346	0.007967	0.009944	0.001061	0.099916
59	0.478000	0.032039	0.186860	0.017330	0.168569	0.007672	0.009585	0.001051	0.098894
60	0.477727	0.031741	0.184735	0.016978	0.173297	0.007488	0.009063	0.000962	0.098009
61	0.477518	0.030879	0.183133	0.016791	0.177957	0.007354	0.008501	0.000948	0.096919
62	0.477690	0.030551	0.181517	0.016391	0.182580	0.007023	0.008060	0.000892	0.095296
63	0.477523	0.030131	0.179295	0.016093	0.187505	0.006876	0.007703	0.000830	0.094044
64	0.477075	0.029362	0.177392	0.015797	0.192825	0.006748	0.007272	0.000761	0.092768
65	0.476228	0.028596	0.175850	0.015574	0.197855	0.006696	0.006885	0.000729	0.091587
66	0.475241	0.027912	0.173827	0.015351	0.203545	0.006564	0.006538	0.000740	0.090282
67	0.474253	0.027571	0.172310	0.015089	0.208634	0.006344	0.006037	0.000669	0.089093
68	0.473049	0.027413	0.170448	0.014859	0.213828	0.006028	0.005630	0.000668	0.088077
69	0.471209	0.027067	0.168719	0.014711	0.219506	0.006035	0.005299	0.000604	0.086850
70	0.469545	0.026757	0.166847	0.014454	0.225475	0.005832	0.005000	0.000552	0.085538
71	0.467855	0.026273	0.165057	0.014012	0.231143	0.005582	0.004693	0.000569	0.084816
72	0.466452	0.025874	0.163407	0.013872	0.236509	0.005395	0.004428	0.000545	0.083518
73	0.464125	0.025211	0.162014	0.013684	0.242682	0.005303	0.004266	0.000504	0.082211
74	0.462599	0.024657	0.159880	0.013484	0.248841	0.005183	0.003940	0.000487	0.080929
75	0.460675	0.024223	0.158591	0.013124	0.254844	0.005006	0.003801	0.000418	0.079318
76	0.459048	0.023696	0.156472	0.013003	0.260969	0.004852	0.003503	0.000360	0.078097
77	0.457319	0.023412	0.154924	0.012843	0.266240	0.004814	0.003355	0.000345	0.076748
78	0.454612	0.022908	0.153347	0.012720	0.272568	0.004626	0.003178	0.000328	0.075713
79	0.452386	0.022460	0.150840	0.012598	0.279130	0.004753	0.002945	0.000303	0.074585
80	0.449820	0.022070	0.149410	0.012408	0.285220	0.004573	0.002808	0.000284	0.073407
81	0.447427	0.021644	0.147107	0.012300	0.291964	0.004519	0.002638	0.000276	0.072125
82	0.445256	0.021149	0.144932	0.012109	0.298618	0.004296	0.002522	0.000264	0.070854
83	0.442373	0.020892	0.143063	0.012024	0.305304	0.004343	0.002320	0.000230	0.069451
84	0.439127	0.020471	0.141694	0.011865	0.312192	0.004190	0.002164	0.000208	0.068089
85	0.436321	0.020040	0.139641	0.011722	0.318901	0.004244	0.002040	0.000194	0.066897
86	0.433366	0.019538	0.137915	0.011595	0.325728	0.004194	0.002047	0.000159	0.065458
87	0.430299	0.019198	0.135994	0.011519	0.332564	0.004151	0.001871	0.000145	0.064259
88	0.427797	0.018778	0.133884	0.011424	0.339008	0.004145	0.001830	0.000126	0.063008
89	0.424461	0.018331	0.132646	0.011446	0.345491	0.004072	0.001724	0.000130	0.061699
90	0.420879	0.017971	0.130580	0.011276	0.352867	0.004019	0.001673	0.000119	0.060616
91	0.417867	0.017407	0.128858	0.011301	0.359417	0.003954	0.001549	0.000115	0.059532
92	0.414261	0.017036	0.126853	0.011175	0.366443	0.003903	0.001436	0.000104	0.058789
93	0.411538	0.016826	0.124758	0.011048	0.373142	0.003831	0.001341	0.000113	0.057403
94	0.407665	0.016553	0.122828	0.010983	0.380749	0.003798	0.001264	0.000110	0.056050
95	0.404418	0.016082	0.121247	0.010792	0.387476	0.003800	0.001217	0.000111	0.054857
96	0.401029	0.015963	0.119268	0.010702	0.394385	0.003735	0.001133	0.000103	0.053682
97	0.396881	0.015634	0.117421	0.010722	0.402117	0.003689	0.001076	0.000111	0.052349
98	0.393289	0.015101	0.116253	0.010588	0.409049	0.003542	0.000957	0.000103	0.051118
99	0.389796	0.014873	0.114459	0.010521	0.416294	0.003526	0.000963	0.000086	0.049482
100	0.386021	0.014514	0.112588	0.010417	0.423197	0.003522	0.000873	0.000089	0.048779
101	0.382330	0.014163	0.110274	0.010335	0.431036	0.003436	0.000878	0.000096	0.047452
102	0.378248	0.013809	0.109247	0.010247	0.437850	0.003339	0.000796	0.000078	0.046386
103	0.374260	0.013460	0.107823	0.010179	0.445221	0.003344	0.000708	0.000072	0.044933
104	0.370550	0.013270	0.105822	0.010138	0.452024	0.003370	0.000716	0.000057	0.044053
105	0.366264	0.012905	0.104227	0.010072	0.459717	0.003246	0.000668	0.000070	0.042831
106	0.362565	0.012524	0.102541	0.010163	0.466440	0.003245	0.000591	0.000054	0.041877
107	0.357990	0.012257	0.100886	0.010044	0.474238	0.003183	0.000549	0.000043	0.040810
108	0.353928	0.011899	0.099223	0.010205	0.481204	0.003139	0.000537	0.000046	0.039819
109	0.350221	0.011762	0.096937	0.010208	0.488604	0.003046	0.000500	0.000046	0.038676
110	0.346210	0.011475	0.095269	0.010271	0.495933	0.002985	0.000460	0.000031	0.037366
111	0.342065	0.011236	0.093457	0.010085	0.503178	0.002988	0.000482	0.000034	0.036475
112	0.337661	0.010752	0.091914	0.010065	0.510742	0.002954	0.000453	0.000033	0.035426
113	0.333500	0.010449	0.090114	0.010017	0.518040	0.002987	0.000420	0.000025	0.034448
114	0.328745	0.010245	0.088592	0.010031	0.525394	0.003030	0.000413	0.000024	0.033526
115	0.324122	0.009879	0.087165	0.010054	0.532881	0.002961	0.000363	0.000022	0.032553
116	0.319268	0.009614	0.085611	0.009975	0.540467	0.003019	0.000352	0.000019	0.031675
117	0.315366	0.009254	0.083796	0.009918	0.547741	0.002958	0.000311	0.000016	0.030640
118	0.311022	0.009025	0.082126	0.009975	0.554907	0.002893	0.000290	0.000023	0.029739
119	0.306630	0.008737	0.080537	0.009851	0.562342	0.002817	0.000291	0.000021	0.028774
120	0.302009	0.008391	0.078958	0.009896	0.569463	0.002861	0.000293	0.000016	0.028113
121	0.297507	0.008084	0.077773	0.009811	0.576745	0.002841	0.000276	0.000015	0.026948
122	0.292759	0.008036	0.076339	0.009876	0.583719	0.002791	0.000233	0.000011	0.026236
123	0.288484	0.007782	0.074845	0.009824	0.590654	0.002780	0.000200	0.000013	0.025418
124	0.284160	0.007572	0.073066	0.009802	0.597817	0.002742	0.000194	0.000012	0.024635
125	0.279655	0.007535	0.071530	0.009681	0.604942	0.002772	0.000187	0.000009	0.023689
126	0.275297	0.007226	0.069874	0.009662	0.611971	0.002677	0.000185	0.000006	0.023102
127	0.270917	0.006970	0.068483	0.009765	0.618700	0.002729	0.000163	0.000003	0.022270
128	0.266767	0.006852	0.066891	0.009901	0.625401	0.002647	0.000171	0.000005	0.021365
129	0.262702	0.006602	0.065412	0.009836	0.632167	0.002576	0.000167	0.000003	0.020535
130	0.257986	0.006519	0.063966	0.009986	0.639035	0.002532	0.000163	0.000001	0.019812
131	0.253705	0.006340	0.062713	0.009968	0.645421	0.002584	0.000157	0.000001	0.019111
132	0.249088	0.006095	0.061426	0.009901	0.652316	0.002552	0.000169	0.000001	0.018452
133	0.244659	0.005988	0.060518	0.010022	0.658321	0.002578	0.000155	0.000001	0.017758
134	0.240172	0.005733	0.059165	0.009995	0.665120	0.002583	0.000140	0.000000	0.017092
135	0.236081	0.005611	0.057763	0.010059	0.671283	0.002517	0.000120	0.000000	0.016566
136	0.231882	0.005372	0.056613	0.010061	0.677568	0.002457	0.000109	0.000000	0.015938
137	0.227434	0.005325	0.055446	0.010003	0.683623	0.002457	0.000111	0.000000	0.015601
138	0.223500	0.005228	0.053927	0.010075	0.689703	0.002399	0.000101	0.000000	0.015067
139	0.219388	0.004962	0.052484	0.010098	0.695989	0.002461	0.000097	0.000000	0.014521
140	0.215199	0.004841	0.051581	0.010127	0.701668	0.002501	0.000085	0.000000	0.013998
141	0.210801	0.004702	0.050412	0.010084	0.707851	0.002470	0.000078	0.000000	0.013602
142	0.206878	0.004487	0.048963	0.010126	0.713948	0.002448	0.000081	0.000000	0.013069
143	0.202956	0.004291	0.047983	0.010091	0.719643	0.002439	0.000070	0.000000	0.012527
144	0.198545	0.004135	0.047314	0.010102	0.725416	0.002462	0.000064	0.000000	0.011962
145	0.194364	0.004097	0.046304	0.010159	0.731111	0.002402	0.000057	0.000000	0.011506
146	0.190496	0.003900	0.045303	0.010140	0.736574	0.002382	0.000046	0.000000	0.011159
147	0.187103	0.003795	0.043968	0.010270	0.741874	0.002353	0.000052	0.000000	0.010585
148	0.182799	0.003629	0.042876	0.010430	0.747679	0.002370	0.000056	0.000000	0.010161
149	0.178881	0.003404	0.041868	0.010611	0.753155	0.002337	0.000054	0.000000	0.009690
150	0.175309	0.003401	0.040433	0.010606	0.758528	0.002343	0.000045	0.000000	0.009335
151	0.171175	0.003266	0.039633	0.010644	0.763838	0.002364	0.000038	0.000000	0.009042
152	0.167096	0.003008	0.038693	0.010544	0.769597	0.002358	0.000042	0.000000	0.008662
153	0.163690	0.002946	0.037513	0.010570	0.774663	0.002316	0.000034	0.000000	0.008268
154	0.159373	0.002841	0.036576	0.010667	0.780184	0.002343	0.000037	0.000000	0.007979
155	0.156296	0.002772	0.035667	0.010602	0.784733	0.002340	0.000029	0.000000	0.007561
156	0.152555	0.002700	0.034820	0.010639	0.789511	0.002350	0.000023	0.000000	0.007402
157	0.149268	0.002544	0.033714	0.010583	0.794523	0.002343	0.000021	0.000000	0.007004
158	0.145668	0.002447	0.032815	0.010617	0.799464	0.002335	0.000014	0.000000	0.006640
159	0.142351	0.002363	0.031744	0.010543	0.804226	0.002259	0.000013	0.000000	0.006501
160	0.138806	0.002297	0.030785	0.010572	0.809016	0.002266	0.000011	0.000000	0.006247
161	0.135861	0.002215	0.029774	0.010519	0.813370	0.002277	0.000014	0.000000	0.005970
162	0.132694	0.002168	0.028907	0.010451	0.817712	0.002381	0.000015	0.000000	0.005672
163	0.129081	0.002115	0.028182	0.010532	0.822255	0.002366	0.000017	0.000000	0.005452
164	0.125968	0.002052	0.027389	0.010657	0.826310	0.002398	0.000008	0.000000	0.005218
165	0.122444	0.001988	0.026710	0.010618	0.830857	0.002352	0.000011	0.000000	0.005020
166	0.119413	0.001929	0.026066	0.010522	0.834828	0.002357	0.000007	0.000000	0.004878
167	0.116351	0.001812	0.025411	0.010650	0.838853	0.002393	0.000008	0.000000	0.004522
168	0.113616	0.001743	0.024598	0.010666	0.842622	0.002400	0.000006	0.000000	0.004349
169	0.110723	0.001686	0.023893	0.010684	0.846509	0.002389	0.000005	0.000000	0.004111
170	0.107950	0.001646	0.023264	0.010595	0.850238	0.002370	0.000003	0.000000	0.003934
171	0.105074	0.001538	0.022718	0.010737	0.853657	0.002409	0.000004	0.000000	0.003863
172	0.102244	0.001504	0.022041	0.010772	0.857345	0.002399	0.000001	0.000000	0.003694
173	0.099924	0.001448	0.021421	0.010971	0.860440	0.002361	0.000002	0.000000	0.003433
174	0.097090	0.001396	0.020963	0.010826	0.864076	0.002371	0.000004	0.000000	0.003274
175	0.094747	0.001346	0.020287	0.010934	0.867300	0.002269	0.000003	0.000000	0.003114
176	0.092075	0.001279	0.019657	0.010784	0.870915	0.002343	0.000005	0.000000	0.002942
177	0.089864	0.001268	0.019063	0.010770	0.873905	0.002285	0.000002	0.000000	0.002843
178	0.087528	0.001170	0.018497	0.010698	0.877154	0.002294	0.000003	0.000000	0.002656
179	0.085351	0.001159	0.017863	0.010723	0.880123	0.002260	0.000000	0.000000	0.002521
180	0.083128	0.001113	0.017291	0.010557	0.883108	0.002353	0.000001	0.000000	0.002449
181	0.080557	0.001074	0.016827	0.010645	0.886183	0.002332	0.000001	0.000000	0.002381
182	0.078428	0.001040	0.016365	0.010686	0.888898	0.002325	0.000001	0.000000	0.002257
183	0.075980	0.001022	0.015818	0.010763	0.891892	0.002339	0.000002	0.000000	0.002184
184	0.073964	0.000950	0.015461	0.010675	0.894464	0.002412	0.000002	0.000000	0.002072
185	0.071706	0.000935	0.015036	0.010614	0.897253	0.002426	0.000002	0.000000	0.002028
186	0.069825	0.000932	0.014477	0.010574	0.899948	0.002367	0.000001	0.000000	0.001876
187	0.067697	0.000871	0.013982	0.010575	0.902656	0.002383	0.000002	0.000000	0.001834
188	0.065718	0.000825	0.013638	0.010529	0.905189	0.002373	0.000003	0.000000	0.001725
189	0.063967	0.000799	0.013088	0.010540	0.907512	0.002426	0.000001	0.000000	0.001667
190	0.061961	0.000784	0.012599	0.010539	0.910126	0.002400	0.000002	0.000000	0.001589
191	0.060087	0.000745	0.012198	0.010611	0.912454	0.002331	0.000003	0.000000	0.001571
192	0.058245	0.000721	0.011794	0.010589	0.914764	0.002356	0.000001	0.000000	0.001530
193	0.056379	0.000685	0.011495	0.010506	0.917141	0.002350	0.000001	0.000000	0.001443
194	0.054746	0.000623	0.011152	0.010520	0.919179	0.002367	0.000002	0.000000	0.001411
195	0.053010	0.000610	0.010834	0.010700	0.921040	0.002460	0.000001	0.000000	0.001345
196	0.051462	0.000585	0.010543	0.010718	0.922933	0.002489	0.000001	0.000000	0.001269
197	0.049829	0.000566	0.010208	0.010690	0.924938	0.002499	0.000001	0.000000	0.001269
198	0.048115	0.000533	0.009746	0.010660	0.927221	0.002527	0.000000	0.000000	0.001198
199	0.046889	0.000521	0.009399	0.010506	0.929008	0.002518	0.000000	0.000000	0.001159
200	0.045418	0.000504	0.009206	0.010469	0.930875	0.002465	0.000000	0.000000	0.001063
201	0.044077	0.000478	0.008882	0.010493	0.932603	0.002449	0.000000	0.000000	0.001018
202	0.042632	0.000470	0.008715	0.010607	0.934119	0.002447	0.000000	0.000000	0.001010
203	0.041356	0.000405	0.008364	0.010515	0.935972	0.002451	0.000000	0.000000	0.000937
204	0.040011	0.000393	0.008124	0.010613	0.937389	0.002521	0.000000	0.000000	0.000949
205	0.038808	0.000350	0.007875	0.010599	0.938870	0.002570	0.000000	0.000000	0.000928
206	0.037579	0.000312	0.007617	0.010554	0.940448	0.002537	0.000000	0.000000	0.000953
207	0.036330	0.000308	0.007385	0.010712	0.941775	0.002584	0.000000	0.000000	0.000906
208	0.035215	0.000297	0.007115	0.010815	0.943240	0.002456	0.000000	0.000000	0.000862
209	0.033977	0.000293	0.006841	0.010826	0.944776	0.002463	0.000000	0.000000	0.000824
210	0.032894	0.000288	0.006636	0.010768	0.946139	0.002487	0.000000	0.000000	0.000788
211	0.031773	0.000286	0.006376	0.010733	0.947660	0.002424	0.000000	0.000000	0.000748
212	0.030675	0.000263	0.006248	0.010845	0.948794	0.002447	0.000000	0.000000	0.000728
213	0.029636	0.000252	0.006058	0.010981	0.949878	0.002485	0.000000	0.000000	0.000710
214	0.028799	0.000263	0.005812	0.010899	0.951042	0.002501	0.000000	0.000000	0.000684
215	0.027802	0.000238	0.005686	0.010968	0.952159	0.002482	0.000000	0.000000	0.000665
216	0.026739	0.000245	0.005441	0.010840	0.953673	0.002417	0.000000	0.000000	0.000645
217	0.025839	0.000226	0.005241	0.010770	0.954941	0.002345	0.000000	0.000000	0.000638
218	0.024929	0.000212	0.005016	0.010780	0.956103	0.002352	0.000000	0.000000	0.000608
219	0.023988	0.000207	0.004834	0.010975	0.957044	0.002375	0.000000	0.000000	0.000577
220	0.023148	0.000193	0.004685	0.010950	0.958058	0.002409	0.000000	0.000000	0.000557
221	0.022258	0.000184	0.004481	0.010929	0.959236	0.002397	0.000000	0.000000	0.000515
222	0.021497	0.000179	0.004343	0.010899	0.960176	0.002407	0.000000	0.000000	0.000499
223	0.020710	0.000159	0.004215	0.010930	0.961097	0.002433	0.000000	0.000000	0.000456
224	0.019818	0.000152	0.004086	0.010966	0.962151	0.002379	0.000000	0.000000	0.000448
225	0.019227	0.000146	0.003898	0.011034	0.962843	0.002417	0.000000	0.000000	0.000435
226	0.018579	0.000141	0.003750	0.010954	0.963764	0.002379	0.000000	0.000000	0.000433
227	0.017766	0.000152	0.003652	0.010965	0.964577	0.002473	0.000000	0.000000	0.000415
228	0.017232	0.000148	0.003554	0.010922	0.965250	0.002477	0.000000	0.000000	0.000417
229	0.016659	0.000130	0.003406	0.011014	0.965985	0.002410	0.000000	0.000000	0.000396
230	0.015948	0.000122	0.003313	0.010983	0.966889	0.002372	0.000000	0.000000	0.000373
231	0.015302	0.000126	0.003164	0.011113	0.967519	0.002410	0.000000	0.000000	0.000366
232	0.014743	0.000115	0.003097	0.011095	0.968126	0.002458	0.000000	0.000000	0.000366
233	0.014233	0.000112	0.002907	0.011063	0.968933	0.002407	0.000000	0.000000	0.000345
234	0.013800	0.000104	0.002809	0.010927	0.969618	0.002437	0.000000	0.000000	0.000305
235	0.013130	0.000106	0.002746	0.010829	0.970442	0.002432	0.000000	0.000000	0.000315
236	0.012761	0.000085	0.002661	0.010816	0.970930	0.002440	0.000000	0.000000	0.000307
237	0.012212	0.000072	0.002624	0.010833	0.971545	0.002435	0.000000	0.000000	0.000279
238	0.011612	0.000072	0.002579	0.010784	0.972243	0.002446	0.000000	0.000000	0.000264
239	0.011202	0.000070	0.002415	0.010680	0.972962	0.002416	0.000000	0.000000	0.000255
240	0.010806	0.000072	0.002304	0.010699	0.973471	0.002412	0.000000	0.000000	0.000236
241	0.010443	0.000070	0.002184	0.010756	0.973882	0.002433	0.000000	0.000000	0.000232
242	0.010115	0.000069	0.002048	0.010733	0.974398	0.002433	0.000000	0.000000	0.000204
243	0.009840	0.000063	0.001897	0.010771	0.974873	0.002363	0.000000	0.000000	0.000193
244	0.009495	0.000057	0.001870	0.010817	0.975151	0.002423	0.000000	0.000000	0.000187
245	0.009168	0.000047	0.001753	0.010861	0.975599	0.002403	0.000000	0.000000	0.000169
246	0.008882	0.000056	0.001706	0.010871	0.975910	0.002419	0.000000	0.000000	0.000156
247	0.008607	0.000052	0.001627	0.010904	0.976203	0.002461	0.000000	0.000000	0.000146
248	0.008287	0.000052	0.001566	0.010939	0.976538	0.002485	0.000000	0.000000	0.000133
249	0.007993	0.000054	0.001515	0.010907	0.976940	0.002473	0.000000	0.000000	0.000118
250	0.007616	0.000048	0.001441	0.010810	0.977443	0.002524	0.000000	0.000000	0.000118
251	0.007267	0.000045	0.001381	0.010829	0.977847	0.002517	0.000000	0.000000	0.000114
252	0.007049	0.000045	0.001361	0.010696	0.978232	0.002498	0.000000	0.000000	0.000119
253	0.006741	0.000040	0.001301	0.010695	0.978638	0.002464	0.000000	0.000000	0.000121
254	0.006500	0.000034	0.001225	0.010723	0.978987	0.002411	0.000000	0.000000	0.000120
255	0.006238	0.000040	0.001176	0.010691	0.979412	0.002321	0.000000	0.000000	0.000122
256	0.006008	0.000036	0.001152	0.010617	0.979769	0.002304	0.000000	0.000000	0.000114
257	0.005876	0.000032	0.001070	0.010576	0.980026	0.002310	0.000000	0.000000	0.000110
258	0.005638	0.000039	0.001050	0.010597	0.980284	0.002287	0.000000	0.000000	0.000105
259	0.005352	0.000033	0.000985	0.010637	0.980637	0.002268	0.000000	0.000000	0.000088
260	0.005222	0.000032	0.000911	0.010709	0.980721	0.002307	0.000000	0.000000	0.000098
261	0.004994	0.000030	0.000892	0.010761	0.980926	0.002308	0.000000	0.000000	0.000089
262	0.004755	0.000030	0.000840	0.010802	0.981205	0.002281	0.000000	0.000000	0.000087
263	0.004621	0.000030	0.000758	0.010851	0.981268	0.002388	0.000000	0.000000	0.000084
264	0.004418	0.000026	0.000720	0.010911	0.981490	0.002358	0.000000	0.000000	0.000077
265	0.004328	0.000019	0.000704	0.010907	0.981592	0.002367	0.000000	0.000000	0.000083
266	0.004107	0.000019	0.000653	0.010928	0.981913	0.002305	0.000000	0.000000	0.000075
267	0.003975	0.000017	0.000617	0.010848	0.982164	0.002307	0.000000	0.000000	0.000072
268	0.003862	0.000016	0.000574	0.010840	0.982288	0.002358	0.000000	0.000000	0.000062
269	0.003721	0.000016	0.000568	0.010729	0.982539	0.002369	0.000000	0.000000	0.000058
270	0.003651	0.000014	0.000532	0.010792	0.982592	0.002367	0.000000	0.000000	0.000052
271	0.003510	0.000010	0.000510	0.010758	0.982845	0.002319	0.000000	0.000000	0.000048
272	0.003413	0.000008	0.000471	0.010750	0.982998	0.002317	0.000000	0.000000	0.000043
273	0.003289	0.000006	0.000442	0.010787	0.983096	0.002344	0.000000	0.000000	0.000036
274	0.003168	0.000005	0.000412	0.010762	0.983361	0.002253	0.000000	0.000000	0.000039
275	0.003014	0.000003	0.000419	0.010697	0.983526	0.002311	0.000000	0.000000	0.000030
276	0.002945	0.000004	0.000411	0.010769	0.983589	0.002249	0.000000	0.000000	0.000033
277	0.002803	0.000003	0.000406	0.010769	0.983742	0.002248	0.000000	0.000000	0.000029
278	0.002703	0.000005	0.000393	0.010813	0.983772	0.002294	0.000000	0.000000	0.000020
279	0.002599	0.000005	0.000364	0.010861	0.983914	0.002238	0.000000	0.000000	0.000019
280	0.002451	0.000003	0.000391	0.010839	0.983970	0.002329	0.000000	0.000000	0.000017
281	0.002409	0.000005	0.000356	0.010704	0.984217	0.002297	0.000000	0.000000	0.000012
282	0.002275	0.000002	0.000336	0.010739	0.984353	0.002283	0.000000	0.000000	0.000012
283	0.002193	0.000001	0.000340	0.010746	0.984405	0.002308	0.000000	0.000000	0.000007
284	0.002169	0.000000	0.000301	0.010734	0.984447	0.002344	0.000000	0.000000	0.000005
285	0.002059	0.000000	0.000277	0.010797	0.984575	0.002289	0.000000	0.000000	0.000003
286	0.002017	0.000000	0.000245	0.010743	0.984600	0.002393	0.000000	0.000000	0.000002
287	0.001980	0.000000	0.000239	0.010824	0.984631	0.002325	0.000000	0.000000	0.000001
288	0.001865	0.000000	0.000222	0.010842	0.984755	0.002314	0.000000	0.000000	0.000002
289	0.001813	0.000000	0.000205	0.010934	0.984745	0.002301	0.000000	0.000000	0.000002
290	0.001703	0.000000	0.000183	0.010901	0.984905	0.002305	0.000000	0.000000	0.000003
291	0.001665	0.000000	0.000172	0.010845	0.985022	0.002293	0.000000	0.000000	0.000003
292	0.001626	0.000000	0.000153	0.010976	0.984904	0.002335	0.000000	0.000000	0.000006
293	0.001555	0.000000	0.000156	0.010905	0.985070	0.002310	0.000000	0.000000	0.000004
294	0.001463	0.000000	0.000141	0.010967	0.985114	0.002314	0.000000	0.000000	0.000001
295	0.001390	0.000000	0.000140	0.011109	0.985110	0.002251	0.000000	0.000000	0.000000
296	0.001292	0.000000	0.000122	0.010995	0.985313	0.002278	0.000000	0.000000	0.000000
297	0.001251	0.000000	0.000114	0.010934	0.985470	0.002231	0.000000	0.000000	0.000000
298	0.001170	0.000000	0.000117	0.010944	0.985536	0.002233	0.000000	0.000000	0.000000
299	0.001095	0.000000	0.000110	0.010941	0.985617	0.002237	0.000000	0.000000	0.000000
300	0.001047	0.000000	0.000103	0.010896	0.985718	0.002236	0.000000	0.000000	0.000000
301	0.000970	0.000000	0.000088	0.011017	0.985640	0.002285	0.000000	0.000000	0.000000
302	0.000944	0.000000	0.000093	0.010950	0.985760	0.002253	0.000000	0.000000	0.000000
303	0.000858	0.000000	0.000094	0.010971	0.985820	0.002257	0.000000	0.000000	0.000000
304	0.000803	0.000000	0.000101	0.011062	0.985783	0.002251	0.000000	0.000000	0.000000
305	0.000743	0.000000	0.000102	0.011080	0.985853	0.002222	0.000000	0.000000	0.000000
306	0.000684	0.000000	0.000105	0.011045	0.986002	0.002164	0.000000	0.000000	0.000000
307	0.000650	0.000000	0.000099	0.011080	0.986029	0.002142	0.000000	0.000000	0.000000
308	0.000628	0.000000	0.000091	0.011104	0.986018	0.002159	0.000000	0.000000	0.000000
309	0.000621	0.000000	0.000084	0.011155	0.985914	0.002226	0.000000	0.000000	0.000000
310	0.000612	0.000000	0.000071	0.011235	0.985853	0.002229	0.000000	0.000000	0.000000
311	0.000573	0.000000	0.000058	0.011345	0.985770	0.002254	0.000000	0.000000	0.000000
312	0.000537	0.000000	0.000058	0.011417	0.985783	0.002205	0.000000	0.000000	0.000000
313	0.000500	0.000000	0.000046	0.011453	0.985741	0.002260	0.000000	0.000000	0.000000
314	0.000457	0.000000	0.000048	0.011413	0.985788	0.002294	0.000000	0.000000	0.000000
315	0.000430	0.000000	0.000049	0.011485	0.985703	0.002333	0.000000	0.000000	0.000000
316	0.000393	0.000000	0.000037	0.011445	0.985807	0.002318	0.000000	0.000000	0.000000
317	0.000361	0.000000	0.000035	0.011447	0.985789	0.002368	0.000000	0.000000	0.000000
318	0.000338	0.000000	0.000036	0.011498	0.985705	0.002423	0.000000	0.000000	0.000000
319	0.000319	0.000000	0.000030	0.011453	0.985757	0.002441	0.000000	0.000000	0.000000
320	0.000294	0.000000	0.000029	0.011542	0.985803	0.002332	0.000000	0.000000	0.000000
321	0.000249	0.000000	0.000033	0.011684	0.985736	0.002298	0.000000	0.000000	0.000000
322	0.000249	0.000000	0.000030	0.011614	0.985819	0.002288	0.000000	0.000000	0.000000
323	0.000230	0.000000	0.000030	0.011570	0.985908	0.002262	0.000000	0.000000	0.000000
324	0.000219	0.000000	0.000031	0.011735	0.985748	0.002267	0.000000	0.000000	0.000000
325	0.000201	0.000000	0.000027	0.011802	0.985724	0.002246	0.000000	0.000000	0.000000
326	0.000186	0.000000	0.000032	0.011579	0.986059	0.002144	0.000000	0.000000	0.000000
327	0.000161	0.000000	0.000023	0.011634	0.985967	0.002215	0.000000	0.000000	0.000000
328	0.000145	0.000000	0.000021	0.011536	0.986142	0.002156	0.000000	0.000000	0.000000
329	0.000146	0.000000	0.000017	0.011580	0.986147	0.002110	0.000000	0.000000	0.000000
330	0.000143	0.000000	0.000015	0.011506	0.986229	0.002107	0.000000	0.000000	0.000000
331	0.000132	0.000000	0.000014	0.011578	0.986186	0.002090	0.000000	0.000000	0.000000
332	0.000124	0.000000	0.000013	0.011439	0.986313	0.002111	0.000000	0.000000	0.000000
333	0.000106	0.000000	0.000015	0.011405	0.986341	0.002133	0.000000	0.000000	0.000000
334	0.000105	0.000000	0.000014	0.011406	0.986368	0.002107	0.000000	0.000000	0.000000
335	0.000107	0.000000	0.000017	0.011362	0.986441	0.002073	0.000000	0.000000	0.000000
336	0.000090	0.000000	0.000016	0.011239	0.986607	0.002048	0.000000	0.000000	0.000000
337	0.000086	0.000000	0.000018	0.011271	0.986556	0.002069	0.000000	0.000000	0.000000
338	0.000068	0.000000	0.000019	0.011389	0.986498	0.002026	0.000000	0.000000	0.000000
339	0.000053	0.000000	0.000015	0.011356	0.986554	0.002022	0.000000	0.000000	0.000000
340	0.000054	0.000000	0.000014	0.011428	0.986419	0.002085	0.000000	0.000000	0.000000
341	0.000054	0.000000	0.000011	0.011467	0.986437	0.002031	0.000000	0.000000	0.000000
342	0.000055	0.000000	0.000008	0.011403	0.986452	0.002082	0.000000	0.000000	0.000000
343	0.000047	0.000000	0.000005	0.011342	0.986519	0.002087	0.000000	0.000000	0.000000
344	0.000038	0.000000	0.000002	0.011336	0.986548	0.002076	0.000000	0.000000	0.000000
345	0.000045	0.000000	0.000001	0.011359	0.986550	0.002045	0.000000	0.000000	0.000000
346	0.000037	0.000000	0.000000	0.011192	0.986729	0.002042	0.000000	0.000000	0.000000
347	0.000039	0.000000	0.000000	0.011129	0.986723	0.002109	0.000000	0.000000	0.000000
348	0.000039	0.000000	0.000000	0.011132	0.986767	0.002062	0.000000	0.000000	0.000000
349	0.000040	0.000000	0.000000	0.011092	0.986783	0.002085	0.000000	0.000000	0.000000
350	0.000041	0.000000	0.000000	0.011093	0.986709	0.002157	0.000000	0.000000	0.000000
351	0.000035	0.000000	0.000000	0.011016	0.986831	0.002118	0.000000	0.000000	0.000000
352	0.000035	0.000000	0.000000	0.011096	0.986751	0.002118	0.000000	0.000000	0.000000
353	0.000031	0.000000	0.000000	0.011159	0.986647	0.002163	0.000000	0.000000	0.000000
354	0.000029	0.000000	0.000000	0.011114	0.986650	0.002207	0.000000	0.000000	0.000000
355	0.000025	0.000000	0.000000	0.011095	0.986657	0.002223	0.000000	0.000000	0.000000
356	0.000023	0.000000	0.000000	0.011029	0.986745	0.002203	0.000000	0.000000	0.000000
357	0.000018	0.000000	0.000000	0.010996	0.986762	0.002224	0.000000	0.000000	0.000000
358	0.000019	0.000000	0.000000	0.010988	0.986741	0.002252	0.000000	0.000000	0.000000
359	0.000017	0.000000	0.000000	0.010941	0.986824	0.002218	0.000000	0.000000	0.000000
360	0.000013	0.000000	0.000000	0.011166	0.986624	0.002197	0.000000	0.000000	0.000000
361	0.000013	0.000000	0.000000	0.011167	0.986603	0.002217	0.000000	0.000000	0.000000
362	0.000010	0.000000	0.000000	0.011016	0.986789	0.002185	0.000000	0.000000	0.000000
363	0.000007	0.000000	0.000000	0.011014	0.986803	0.002176	0.000000	0.000000	0.000000
364	0.000005	0.000000	0.000000	0.011078	0.986740	0.002177	0.000000	0.000000	0.000000
365	0.000003	0.000000	0.000000	0.010972	0.986837	0.002188	0.000000	0.000000	0.000000
366	0.000003	0.000000	0.000000	0.010905	0.986909	0.002183	0.000000	0.000000	0.000000
367	0.000002	0.000000	0.000000	0.010789	0.987109	0.002100	0.000000	0.000000	0.000000
368	0.000000	0.000000	0.000000	0.010808	0.987006	0.002186	0.000000	0.000000	0.000000
369	0.000000	0.000000	0.000000	0.010874	0.986912	0.002214	0.000000	0.000000	0.000000
370	0.000000	0.000000	0.000000	0.010806	0.987035	0.002159	0.000000	0.000000	0.000000
371	0.000000	0.000000	0.000000	0.010779	0.987035	0.002186	0.000000	0.000000	0.000000
372	0.000000	0.000000	0.000000	0.010825	0.987010	0.002165	0.000000	0.000000	0.000000
373	0.000000	0.000000	0.000000	0.010878	0.986969	0.002153	0.000000	0.000000	0.000000
374	0.000000	0.000000	0.000000	0.010887	0.986978	0.002135	0.000000	0.000000	0.000000
375	0.000000	0.000000	0.000000	0.011000	0.986826	0.002174	0.000000	0.000000	0.000000
376	0.000000	0.000000	0.000000	0.011083	0.986763	0.002154	0.000000	0.000000	0.000000
377	0.000000	0.000000	0.000000	0.011060	0.986809	0.002131	0.000000	0.000000	0.000000
378	0.000000	0.000000	0.000000	0.011030	0.986903	0.002067	0.000000	0.000000	0.000000
379	0.000000	0.000000	0.000000	0.011085	0.986787	0.002128	0.000000	0.000000	0.000000
380	0.000000	0.000000	0.000000	0.011186	0.986749	0.002065	0.000000	0.000000	0.000000
381	0.000000	0.000000	0.000000	0.011251	0.986644	0.002105	0.000000	0.000000	0.000000
382	0.000000	0.000000	0.000000	0.011175	0.986748	0.002077	0.000000	0.000000	0.000000
383	0.000000	0.000000	0.000000	0.011255	0.986593	0.002152	0.000000	0.000000	0.000000
384	0.000000	0.000000	0.000000	0.011335	0.986474	0.002191	0.000000	0.000000	0.000000
385	0.000000	0.000000	0.000000	0.011370	0.986417	0.002213	0.000000	0.000000	0.000000
386	0.000000	0.000000	0.000000	0.011317	0.986481	0.002202	0.000000	0.000000	0.000000
387	0.000000	0.000000	0.000000	0.011323	0.986499	0.002178	0.000000	0.000000	0.000000
388	0.000000	0.000000	0.000000	0.011424	0.986379	0.002197	0.000000	0.000000	0.000000
389	0.000000	0.000000	0.000000	0.011409	0.986434	0.002157	0.000000	0.000000	0.000000
390	0.000000	0.000000	0.000000	0.011471	0.986379	0.002150	0.000000	0.000000	0.000000
391	0.000000	0.000000	0.000000	0.011384	0.986450	0.002166	0.000000	0.000000	0.000000
392	0.000000	0.000000	0.000000	0.011292	0.986514	0.002194	0.000000	0.000000	0.000000
393	0.000000	0.000000	0.000000	0.011344	0.986466	0.002190	0.000000	0.000000	0.000000
394	0.000000	0.000000	0.000000	0.011221	0.986591	0.002188	0.000000	0.000000	0.000000
395	0.000000	0.000000	0.000000	0.011239	0.986572	0.002189	0.000000	0.000000	0.000000
396	0.000000	0.000000	0.000000	0.011097	0.986685	0.002218	0.000000	0.000000	0.000000
397	0.000000	0.000000	0.000000	0.011194	0.986637	0.002169	0.000000	0.000000	0.000000
398	0.000000	0.000000	0.000000	0.011171	0.986607	0.002222	0.000000	0.000000	0.000000
399	0.000000	0.000000	0.000000	0.011210	0.986556	0.002234	0.000000	0.000000	0.000000
400	0.000000	0.000000	0.000000	0.011192	0.986582	0.002226	0.000000	0.000000	0.000000
401	0.000000	0.000000	0.000000	0.011073	0.986730	0.002197	0.000000	0.000000	0.000000
402	0.000000	0.000000	0.000000	0.011147	0.986656	0.002197	0.000000	0.000000	0.000000
403	0.000000	0.000000	0.000000	0.011090	0.986743	0.002167	0.000000	0.000000	0.000000
404	0.000000	0.000000	0.000000	0.011120	0.986750	0.002130	0.000000	0.000000	0.000000
405	0.000000	0.000000	0.000000	0.011160	0.986744	0.002096	0.000000	0.000000	0.000000
406	0.000000	0.000000	0.000000	0.011133	0.986784	0.002083	0.000000	0.000000	0.000000
407	0.000000	0.000000	0.000000	0.011130	0.986773	0.002097	0.000000	0.000000	0.000000
408	0.000000	0.000000	0.000000	0.011177	0.986648	0.002175	0.000000	0.000000	0.000000
409	0.000000	0.000000	0.000000	0.011086	0.986747	0.002167	0.000000	0.000000	0.000000
410	0.000000	0.000000	0.000000	0.011135	0.986624	0.002241	0.000000	0.000000	0.000000
411	0.000000	0.000000	0.000000	0.011207	0.986491	0.002302	0.000000	0.000000	0.000000
412	0.000000	0.000000	0.000000	0.011151	0.986566	0.002283	0.000000	0.000000	0.000000
413	0.000000	0.000000	0.000000	0.011080	0.986651	0.002269	0.000000	0.000000	0.000000
414	0.000000	0.000000	0.000000	0.010980	0.986791	0.002229	0.000000	0.000000	0.000000
415	0.000000	0.000000	0.000000	0.010970	0.986827	0.002203	0.000000	0.000000	0.000000
416	0.000000	0.000000	0.000000	0.010878	0.986947	0.002175	0.000000	0.000000	0.000000
417	0.000000	0.000000	0.000000	0.010880	0.986966	0.002154	0.000000	0.000000	0.000000
418	0.000000	0.000000	0.000000	0.010771	0.987096	0.002133	0.000000	0.000000	0.000000
419	0.000000	0.000000	0.000000	0.010711	0.987194	0.002095	0.000000	0.000000	0.000000
420	0.000000	0.000000	0.000000	0.010608	0.987254	0.002138	0.000000	0.000000	0.000000
421	0.000000	0.000000	0.000000	0.010685	0.987190	0.002125	0.000000	0.000000	0.000000
422	0.000000	0.000000	0.000000	0.010731	0.987069	0.002200	0.000000	0.000000	0.000000
423	0.000000	0.000000	0.000000	0.010791	0.986928	0.002281	0.000000	0.000000	0.000000
424	0.000000	0.000000	0.000000	0.010845	0.986848	0.002307	0.000000	0.000000	0.000000
425	0.000000	0.000000	0.000000	0.010872	0.986825	0.002303	0.000000	0.000000	0.000000
426	0.000000	0.000000	0.000000	0.010849	0.986886	0.002265	0.000000	0.000000	0.000000
427	0.000000	0.000000	0.000000	0.010859	0.986899	0.002242	0.000000	0.000000	0.000000
428	0.000000	0.000000	0.000000	0.010848	0.986880	0.002272	0.000000	0.000000	0.000000
429	0.000000	0.000000	0.000000	0.010858	0.986826	0.002316	0.000000	0.000000	0.000000
430	0.000000	0.000000	0.000000	0.010756	0.986948	0.002296	0.000000	0.000000	0.000000
431	0.000000	0.000000	0.000000	0.010745	0.986928	0.002327	0.000000	0.000000	0.000000
432	0.000000	0.000000	0.000000	0.010719	0.986950	0.002331	0.000000	0.000000	0.000000
433	0.000000	0.000000	0.000000	0.010608	0.987060	0.002332	0.000000	0.000000	0.000000
434	0.000000	0.000000	0.000000	0.010646	0.986989	0.002365	0.000000	0.000000	0.000000
435	0.000000	0.000000	0.000000	0.010594	0.987056	0.002350	0.000000	0.000000	0.000000
436	0.000000	0.000000	0.000000	0.010659	0.987008	0.002333	0.000000	0.000000	0.000000
437	0.000000	0.000000	0.000000	0.010594	0.987033	0.002373	0.000000	0.000000	0.000000
438	0.000000	0.000000	0.000000	0.010603	0.987006	0.002391	0.000000	0.000000	0.000000
439	0.000000	0.000000	0.000000	0.010662	0.986976	0.002362	0.000000	0.000000	0.000000
440	0.000000	0.000000	0.000000	0.010674	0.987019	0.002307	0.000000	0.000000	0.000000
441	0.000000	0.000000	0.000000	0.010801	0.986904	0.002295	0.000000	0.000000	0.000000
442	0.000000	0.000000	0.000000	0.010671	0.987054	0.002275	0.000000	0.000000	0.000000
443	0.000000	0.000000	0.000000	0.010600	0.987119	0.002281	0.000000	0.000000	0.000000
444	0.000000	0.000000	0.000000	0.010462	0.987242	0.002296	0.000000	0.000000	0.000000
445	0.000000	0.000000	0.000000	0.010595	0.987089	0.002316	0.000000	0.000000	0.000000
446	0.000000	0.000000	0.000000	0.010696	0.987041	0.002263	0.000000	0.000000	0.000000
447	0.000000	0.000000	0.000000	0.010671	0.987079	0.002250	0.000000	0.000000	0.000000
448	0.000000	0.000000	0.000000	0.010673	0.987020	0.002307	0.000000	0.000000	0.000000
449	0.000000	0.000000	0.000000	0.010686	0.986979	0.002335	0.000000	0.000000	0.000000
450	0.000000	0.000000	0.000000	0.010742	0.986898	0.002360	0.000000	0.000000	0.000000
451	0.000000	0.000000	0.000000	0.010690	0.986933	0.002377	0.000000	0.000000	0.000000
452	0.000000	0.000000	0.000000	0.010729	0.986835	0.002436	0.000000	0.000000	0.000000
453	0.000000	0.000000	0.000000	0.010841	0.986739	0.002420	0.000000	0.000000	0.000000
454	0.000000	0.000000	0.000000	0.010792	0.986846	0.002362	0.000000	0.000000	0.000000
455	0.000000	0.000000	0.000000	0.010751	0.986832	0.002417	0.000000	0.000000	0.000000
456	0.000000	0.000000	0.000000	0.010959	0.986632	0.002409	0.000000	0.000000	0.000000
457	0.000000	0.000000	0.000000	0.010945	0.986689	0.002366	0.000000	0.000000	0.000000
458	0.000000	0.000000	0.000000	0.010924	0.986690	0.002386	0.000000	0.000000	0.000000
459	0.000000	0.000000	0.000000	0.010847	0.986740	0.002413	0.000000	0.000000	0.000000
460	0.000000	0.000000	0.000000	0.010908	0.986686	0.002406	0.000000	0.000000	0.000000
461	0.000000	0.000000	0.000000	0.011003	0.986567	0.002430	0.000000	0.000000	0.000000
462	0.000000	0.000000	0.000000	0.010938	0.986608	0.002454	0.000000	0.000000	0.000000
463	0.000000	0.000000	0.000000	0.010940	0.986623	0.002437	0.000000	0.000000	0.000000
464	0.000000	0.000000	0.000000	0.010867	0.986688	0.002445	0.000000	0.000000	0.000000
465	0.000000	0.000000	0.000000	0.010775	0.986805	0.002420	0.000000	0.000000	0.000000
466	0.000000	0.000000	0.000000	0.010683	0.986886	0.002431	0.000000	0.000000	0.000000
467	0.000000	0.000000	0.000000	0.010766	0.986716	0.002518	0.000000	0.000000	0.000000
468	0.000000	0.000000	0.000000	0.010827	0.986697	0.002476	0.000000	0.000000	0.000000
469	0.000000	0.000000	0.000000	0.010928	0.986625	0.002447	0.000000	0.000000	0.000000
470	0.000000	0.000000	0.000000	0.010885	0.986697	0.002418	0.000000	0.000000	0.000000
