0	0.290663	0.057897	0.229473	0.157588	0.029913	0.111872	0.085455	0.012259	0.024880
1	0.216007	0.044819	0.188503	0.139738	0.028642	0.122299	0.133406	0.025883	0.100703
2	0.203426	0.041902	0.175628	0.134208	0.028994	0.117140	0.147343	0.028545	0.122814
3	0.196695	0.039542	0.165864	0.129509	0.029640	0.110880	0.157335	0.029825	0.140710
4	0.192721	0.037729	0.154862	0.125308	0.030665	0.103756	0.166026	0.031288	0.157645
5	0.189381	0.035938	0.145108	0.121395	0.031800	0.096943	0.173424	0.032070	0.173941
6	0.185661	0.034393	0.136214	0.118630	0.032878	0.090029	0.179085	0.032910	0.190200
7	0.182792	0.032935	0.126976	0.115473	0.034045	0.083374	0.184760	0.033537	0.206108
8	0.180036	0.031683	0.118073	0.113076	0.035508	0.077618	0.189282	0.033606	0.221118
9	0.177837	0.030503	0.110207	0.110254	0.036664	0.071668	0.193085	0.033627	0.236155
10	0.175731	0.029568	0.102111	0.107384	0.038641	0.066199	0.196349	0.033607	0.250410
11	0.173765	0.028131	0.094957	0.104590	0.040356	0.061068	0.198886	0.033785	0.264462
12	0.171993	0.027282	0.088043	0.101956	0.041927	0.056187	0.200932	0.033748	0.277932
13	0.169981	0.026221	0.081115	0.099385	0.043832	0.051823	0.203081	0.033583	0.290979
14	0.167869	0.025420	0.074570	0.097369	0.045842	0.047829	0.204367	0.033222	0.303512
15	0.165798	0.024381	0.068554	0.095264	0.047744	0.044125	0.205006	0.033080	0.316048
16	0.163887	0.023572	0.062979	0.093340	0.049549	0.040917	0.206186	0.032631	0.326939
17	0.161916	0.022940	0.058449	0.091037	0.051481	0.037848	0.206484	0.032324	0.337521
18	0.159987	0.022023	0.053600	0.089217	0.053680	0.034644	0.206778	0.031676	0.348395
19	0.158197	0.021270	0.049696	0.087077	0.056042	0.031700	0.206352	0.031214	0.358452
20	0.156358	0.020568	0.045771	0.084945	0.058042	0.029072	0.205956	0.030452	0.368836
21	0.154490	0.019636	0.041861	0.083246	0.060652	0.026628	0.204803	0.029807	0.378877
22	0.152490	0.018900	0.038727	0.081448	0.063258	0.024674	0.203715	0.029243	0.387545
23	0.150331	0.018274	0.035484	0.079294	0.065451	0.022730	0.203535	0.028748	0.396153
24	0.148276	0.017731	0.032628	0.077707	0.068099	0.020703	0.201717	0.028161	0.404978
25	0.146262	0.017005	0.030163	0.075618	0.070903	0.018964	0.200218	0.027505	0.413362
26	0.144009	0.016399	0.027616	0.073826	0.073405	0.017472	0.199232	0.027058	0.420983
27	0.141711	0.015654	0.025378	0.071690	0.076359	0.016052	0.197370	0.026598	0.429188
28	0.139607	0.015053	0.023363	0.069788	0.079110	0.014756	0.196638	0.025655	0.436030
29	0.137403	0.014578	0.021387	0.068037	0.081808	0.013483	0.195076	0.025157	0.443071
30	0.134916	0.014028	0.019587	0.066258	0.084815	0.012471	0.193376	0.024700	0.449849
31	0.132819	0.013424	0.017888	0.064438	0.087744	0.011501	0.191539	0.024196	0.456451
32	0.130490	0.013059	0.016449	0.062504	0.090975	0.010630	0.189099	0.023865	0.462929
33	0.127848	0.012527	0.014897	0.060591	0.093765	0.009704	0.187610	0.022993	0.470065
34	0.125725	0.011839	0.013665	0.058649	0.096982	0.008769	0.185735	0.022420	0.476216
35	0.123656	0.011387	0.012525	0.056938	0.099953	0.008074	0.183773	0.021724	0.481970
36	0.121218	0.010816	0.011274	0.055174	0.102889	0.007471	0.181081	0.021372	0.488705
37	0.118766	0.010563	0.010168	0.053669	0.106006	0.006853	0.179022	0.020973	0.493980
38	0.115875	0.009981	0.009263	0.052060	0.109401	0.006296	0.177113	0.020606	0.499405
39	0.113371	0.009593	0.008491	0.050450	0.112472	0.005769	0.175060	0.020400	0.504394
40	0.111121	0.009072	0.007723	0.048877	0.115850	0.005290	0.172780	0.019888	0.509399
41	0.108205	0.008599	0.007023	0.047719	0.119144	0.004802	0.170990	0.019235	0.514283
42	0.105672	0.008073	0.006426	0.046444	0.122263	0.004439	0.168416	0.018850	0.519417
43	0.102717	0.007695	0.005875	0.045282	0.125544	0.004022	0.166598	0.018435	0.523832
44	0.100042	0.007374	0.005355	0.043916	0.128516	0.003788	0.164738	0.018112	0.528159
45	0.097810	0.007119	0.004924	0.042654	0.131427	0.003503	0.162628	0.017767	0.532168
46	0.095200	0.006806	0.004432	0.041187	0.134719	0.003311	0.160830	0.017382	0.536133
47	0.092630	0.006377	0.003929	0.040200	0.137693	0.003194	0.159106	0.016932	0.539939
48	0.090143	0.005983	0.003600	0.038942	0.140729	0.002952	0.156895	0.016560	0.544196
49	0.087502	0.005804	0.003113	0.037779	0.144107	0.002694	0.155481	0.016300	0.547220
50	0.085183	0.005548	0.002781	0.036643	0.147246	0.002480	0.153468	0.015862	0.550789
51	0.082905	0.005296	0.002658	0.035717	0.150262	0.002241	0.151632	0.015482	0.553807
52	0.080465	0.004970	0.002465	0.034471	0.153471	0.002008	0.149805	0.014994	0.557351
53	0.077468	0.004752	0.002203	0.033390	0.156730	0.001855	0.147541	0.014790	0.561271
54	0.074882	0.004557	0.001959	0.032529	0.160108	0.001709	0.145373	0.014447	0.564436
55	0.072121	0.004332	0.001763	0.031736	0.163198	0.001543	0.143397	0.014208	0.567702
56	0.069358	0.004073	0.001590	0.030997	0.166463	0.001445	0.141855	0.013953	0.570266
57	0.067195	0.003938	0.001444	0.029899	0.169605	0.001356	0.139966	0.013738	0.572859
58	0.065042	0.003744	0.001287	0.028933	0.172677	0.001264	0.138397	0.013063	0.575593
59	0.062574	0.003565	0.001177	0.028243	0.175959	0.001187	0.136356	0.012876	0.578063
60	0.060291	0.003404	0.001034	0.027488	0.178702	0.001113	0.134515	0.012645	0.580808
61	0.058141	0.003234	0.000918	0.026546	0.182230	0.001048	0.132738	0.012303	0.582842
62	0.055739	0.003058	0.000846	0.025902	0.185116	0.001012	0.131262	0.011983	0.585082
63	0.053490	0.002840	0.000757	0.025223	0.188167	0.000906	0.129647	0.011855	0.587115
64	0.051406	0.002709	0.000660	0.024478	0.191397	0.000814	0.128110	0.011787	0.588639
65	0.049342	0.002582	0.000596	0.023864	0.194344	0.000720	0.126293	0.011611	0.590648
66	0.047433	0.002438	0.000544	0.023013	0.197579	0.000673	0.124686	0.011395	0.592239
67	0.045605	0.002292	0.000499	0.022362	0.200373	0.000645	0.123316	0.011195	0.593713
68	0.043672	0.002143	0.000471	0.021571	0.203337	0.000603	0.122042	0.010887	0.595274
69	0.041826	0.002064	0.000413	0.020981	0.206314	0.000582	0.120517	0.010708	0.596595
70	0.040108	0.001886	0.000361	0.020305	0.208920	0.000529	0.119292	0.010670	0.597929
71	0.038452	0.001782	0.000337	0.019753	0.212039	0.000502	0.117556	0.010380	0.599199
72	0.036935	0.001691	0.000290	0.019213	0.214774	0.000453	0.115911	0.010226	0.600507
73	0.035490	0.001644	0.000240	0.018715	0.217558	0.000459	0.114164	0.009978	0.601752
74	0.033830	0.001570	0.000213	0.018150	0.220301	0.000452	0.113149	0.009814	0.602521
75	0.032191	0.001473	0.000191	0.017830	0.222837	0.000453	0.111585	0.009578	0.603862
76	0.030761	0.001389	0.000143	0.017348	0.225646	0.000416	0.110279	0.009421	0.604597
77	0.029455	0.001344	0.000131	0.016866	0.227901	0.000376	0.109526	0.009121	0.605280
78	0.027913	0.001224	0.000118	0.016388	0.230342	0.000356	0.107566	0.008903	0.607190
79	0.026621	0.001204	0.000122	0.015881	0.232618	0.000320	0.105998	0.008721	0.608515
80	0.025427	0.001163	0.000108	0.015607	0.235052	0.000318	0.104761	0.008564	0.609000
81	0.024456	0.001097	0.000099	0.015278	0.237834	0.000322	0.103626	0.008312	0.608976
82	0.023110	0.001061	0.000079	0.014867	0.240459	0.000286	0.102295	0.008257	0.609586
83	0.022045	0.001022	0.000071	0.014623	0.242788	0.000296	0.100709	0.008056	0.610390
84	0.021022	0.000957	0.000058	0.014368	0.245464	0.000277	0.099585	0.007999	0.610270
85	0.020041	0.000919	0.000057	0.013944	0.248067	0.000260	0.098105	0.007824	0.610783
86	0.019048	0.000852	0.000067	0.013500	0.250821	0.000251	0.096805	0.007639	0.611017
87	0.018269	0.000774	0.000062	0.012927	0.253376	0.000262	0.095679	0.007563	0.611088
88	0.017487	0.000731	0.000052	0.012492	0.255492	0.000237	0.094500	0.007335	0.611674
89	0.016666	0.000742	0.000044	0.012101	0.258072	0.000235	0.093005	0.007137	0.611998
90	0.015759	0.000709	0.000036	0.011903	0.260368	0.000238	0.092006	0.007046	0.611935
91	0.014917	0.000665	0.000042	0.011675	0.262599	0.000205	0.090297	0.006928	0.612672
92	0.014188	0.000624	0.000045	0.011459	0.265587	0.000204	0.088926	0.006780	0.612187
93	0.013426	0.000595	0.000045	0.011245	0.267316	0.000194	0.087881	0.006731	0.612567
94	0.012766	0.000565	0.000042	0.010961	0.269997	0.000185	0.086692	0.006707	0.612085
95	0.012077	0.000535	0.000042	0.010599	0.272313	0.000175	0.085105	0.006632	0.612522
96	0.011492	0.000509	0.000029	0.010473	0.274705	0.000170	0.084400	0.006478	0.611744
97	0.010900	0.000484	0.000025	0.010091	0.276907	0.000159	0.083311	0.006364	0.611759
98	0.010488	0.000443	0.000023	0.009925	0.279045	0.000144	0.082128	0.006206	0.611598
99	0.009980	0.000410	0.000019	0.009672	0.281589	0.000149	0.080793	0.006088	0.611300
100	0.009463	0.000407	0.000014	0.009411	0.283887	0.000135	0.079898	0.005970	0.610815
101	0.008894	0.000363	0.000011	0.009176	0.285716	0.000131	0.079215	0.005830	0.610664
102	0.008573	0.000315	0.000009	0.008903	0.287943	0.000122	0.078058	0.005738	0.610339
103	0.008161	0.000295	0.000009	0.008717	0.290375	0.000100	0.077088	0.005559	0.609696
104	0.007668	0.000257	0.000012	0.008481	0.292387	0.000108	0.076355	0.005422	0.609310
105	0.007269	0.000256	0.000010	0.008235	0.294561	0.000080	0.075382	0.005291	0.608916
106	0.006954	0.000225	0.000011	0.008023	0.296628	0.000071	0.074556	0.005065	0.608467
107	0.006554	0.000210	0.000009	0.007853	0.298607	0.000072	0.073660	0.004949	0.608086
108	0.006167	0.000198	0.000007	0.007760	0.300434	0.000072	0.072959	0.004899	0.607504
109	0.005864	0.000195	0.000003	0.007600	0.302200	0.000070	0.071751	0.004844	0.607473
110	0.005605	0.000174	0.000003	0.007483	0.304305	0.000072	0.070814	0.004838	0.606706
111	0.005288	0.000129	0.000002	0.007308	0.306300	0.000051	0.069636	0.004847	0.606439
112	0.005056	0.000120	0.000004	0.007144	0.308183	0.000040	0.068685	0.004788	0.605980
113	0.004815	0.000100	0.000006	0.006862	0.310164	0.000033	0.067930	0.004732	0.605358
114	0.004521	0.000084	0.000008	0.006682	0.312119	0.000035	0.067135	0.004499	0.604917
115	0.004264	0.000078	0.000004	0.006452	0.314206	0.000034	0.066553	0.004411	0.603998
116	0.003966	0.000076	0.000002	0.006456	0.315645	0.000032	0.065873	0.004342	0.603608
117	0.003731	0.000061	0.000002	0.006263	0.317781	0.000032	0.065076	0.004200	0.602854
118	0.003474	0.000055	0.000000	0.006224	0.319690	0.000023	0.064597	0.004204	0.601733
119	0.003312	0.000056	0.000000	0.006096	0.321494	0.000031	0.064019	0.004147	0.600845
120	0.003160	0.000057	0.000000	0.005997	0.323122	0.000033	0.063197	0.003996	0.600438
121	0.002956	0.000049	0.000000	0.005867	0.325540	0.000028	0.062537	0.003923	0.599100
122	0.002774	0.000050	0.000000	0.005782	0.327316	0.000026	0.062070	0.003835	0.598147
123	0.002677	0.000045	0.000000	0.005749	0.329045	0.000026	0.061362	0.003761	0.597335
124	0.002459	0.000037	0.000000	0.005653	0.331289	0.000020	0.060553	0.003673	0.596316
125	0.002358	0.000045	0.000000	0.005591	0.333285	0.000026	0.059815	0.003627	0.595253
126	0.002215	0.000048	0.000000	0.005498	0.335246	0.000026	0.059254	0.003607	0.594106
127	0.002136	0.000041	0.000000	0.005338	0.337204	0.000024	0.058679	0.003530	0.593048
128	0.002065	0.000045	0.000000	0.005220	0.339058	0.000024	0.057832	0.003378	0.592378
129	0.001944	0.000041	0.000000	0.005165	0.341107	0.000029	0.057084	0.003241	0.591389
130	0.001821	0.000037	0.000000	0.005101	0.343077	0.000025	0.056173	0.003134	0.590632
131	0.001741	0.000029	0.000000	0.005049	0.345026	0.000021	0.055481	0.003135	0.589518
132	0.001660	0.000025	0.000000	0.005008	0.346563	0.000026	0.054961	0.003036	0.588721
133	0.001596	0.000022	0.000000	0.005008	0.348458	0.000026	0.054193	0.003065	0.587632
134	0.001492	0.000024	0.000000	0.004931	0.350369	0.000025	0.053598	0.003051	0.586510
135	0.001376	0.000021	0.000000	0.004925	0.352135	0.000016	0.052802	0.003030	0.585695
136	0.001303	0.000020	0.000000	0.004839	0.353759	0.000010	0.052141	0.003002	0.584926
137	0.001247	0.000017	0.000000	0.004717	0.355776	0.000005	0.051481	0.002941	0.583816
138	0.001160	0.000016	0.000000	0.004599	0.357893	0.000012	0.050607	0.002860	0.582853
139	0.001062	0.000020	0.000000	0.004545	0.359211	0.000010	0.049956	0.002746	0.582450
140	0.001036	0.000014	0.000000	0.004442	0.360848	0.000011	0.049509	0.002681	0.581459
141	0.000938	0.000014	0.000000	0.004402	0.362937	0.000012	0.048708	0.002673	0.580316
142	0.000874	0.000014	0.000000	0.004372	0.364518	0.000005	0.048240	0.002537	0.579440
143	0.000836	0.000012	0.000000	0.004284	0.366370	0.000002	0.047611	0.002488	0.578397
144	0.000785	0.000011	0.000000	0.004191	0.368150	0.000004	0.047104	0.002381	0.577374
145	0.000713	0.000010	0.000000	0.004141	0.370045	0.000003	0.046727	0.002364	0.575997
146	0.000664	0.000009	0.000000	0.004090	0.371675	0.000005	0.046051	0.002319	0.575187
147	0.000684	0.000013	0.000000	0.004073	0.373390	0.000011	0.045567	0.002303	0.573959
148	0.000645	0.000013	0.000000	0.004016	0.375159	0.000014	0.045119	0.002223	0.572811
149	0.000610	0.000017	0.000000	0.003972	0.377029	0.000014	0.044904	0.002223	0.571231
150	0.000557	0.000018	0.000000	0.003952	0.378680	0.000013	0.044420	0.002180	0.570180
151	0.000519	0.000015	0.000000	0.003822	0.380333	0.000011	0.044010	0.002131	0.569159
152	0.000484	0.000011	0.000000	0.003786	0.382107	0.000014	0.043586	0.002084	0.567928
153	0.000449	0.000010	0.000000	0.003781	0.383561	0.000006	0.043111	0.002051	0.567031
154	0.000432	0.000008	0.000000	0.003692	0.384954	0.000010	0.042528	0.002065	0.566311
155	0.000393	0.000006	0.000000	0.003638	0.386535	0.000005	0.041964	0.002003	0.565456
156	0.000390	0.000004	0.000000	0.003656	0.388000	0.000004	0.041796	0.001958	0.564192
157	0.000362	0.000002	0.000000	0.003614	0.389541	0.000006	0.041484	0.001943	0.563048
158	0.000343	0.000001	0.000000	0.003555	0.391516	0.000004	0.041378	0.001940	0.561263
159	0.000334	0.000002	0.000000	0.003545	0.392562	0.000004	0.040761	0.002002	0.560790
160	0.000317	0.000003	0.000000	0.003497	0.393774	0.000002	0.040511	0.001960	0.559936
161	0.000301	0.000004	0.000000	0.003425	0.395617	0.000001	0.039985	0.001908	0.558759
162	0.000278	0.000001	0.000000	0.003432	0.397139	0.000000	0.039832	0.001879	0.557439
163	0.000253	0.000001	0.000000	0.003434	0.398411	0.000000	0.039213	0.001811	0.556877
164	0.000243	0.000000	0.000000	0.003405	0.400464	0.000000	0.038774	0.001780	0.555334
165	0.000237	0.000000	0.000000	0.003474	0.402351	0.000000	0.037846	0.001806	0.554286
166	0.000244	0.000000	0.000000	0.003438	0.403628	0.000000	0.037592	0.001794	0.553304
167	0.000212	0.000000	0.000000	0.003372	0.404957	0.000000	0.037252	0.001748	0.552459
168	0.000199	0.000000	0.000000	0.003418	0.406474	0.000000	0.036671	0.001720	0.551518
169	0.000171	0.000000	0.000000	0.003338	0.407805	0.000000	0.036368	0.001726	0.550592
170	0.000169	0.000000	0.000000	0.003288	0.409738	0.000000	0.035741	0.001723	0.549341
171	0.000179	0.000000	0.000000	0.003279	0.410900	0.000000	0.035362	0.001694	0.548586
172	0.000164	0.000000	0.000000	0.003246	0.412324	0.000000	0.034934	0.001684	0.547648
173	0.000160	0.000000	0.000000	0.003255	0.414028	0.000000	0.034845	0.001655	0.546057
174	0.000152	0.000000	0.000000	0.003224	0.415486	0.000000	0.034331	0.001608	0.545199
175	0.000142	0.000000	0.000000	0.003188	0.417367	0.000000	0.033898	0.001565	0.543840
176	0.000128	0.000000	0.000000	0.003134	0.418790	0.000000	0.033669	0.001560	0.542719
177	0.000126	0.000000	0.000000	0.003063	0.420081	0.000000	0.033436	0.001556	0.541738
178	0.000126	0.000000	0.000000	0.003022	0.421463	0.000000	0.033015	0.001470	0.540904
179	0.000130	0.000000	0.000000	0.003011	0.422937	0.000000	0.032835	0.001469	0.539618
180	0.000108	0.000000	0.000000	0.002990	0.424658	0.000000	0.032284	0.001366	0.538594
181	0.000102	0.000000	0.000000	0.002901	0.425965	0.000000	0.032260	0.001333	0.537439
182	0.000090	0.000000	0.000000	0.002883	0.427783	0.000000	0.031627	0.001310	0.536307
183	0.000085	0.000000	0.000000	0.002742	0.429368	0.000000	0.031329	0.001283	0.535193
184	0.000072	0.000000	0.000000	0.002708	0.430682	0.000000	0.030951	0.001241	0.534346
185	0.000061	0.000000	0.000000	0.002687	0.432153	0.000000	0.030569	0.001249	0.533281
186	0.000060	0.000000	0.000000	0.002614	0.433578	0.000000	0.030283	0.001235	0.532230
187	0.000064	0.000000	0.000000	0.002568	0.434903	0.000000	0.029951	0.001187	0.531327
188	0.000064	0.000000	0.000000	0.002474	0.436458	0.000000	0.029771	0.001158	0.530075
189	0.000058	0.000000	0.000000	0.002442	0.437702	0.000000	0.029527	0.001114	0.529157
190	0.000050	0.000000	0.000000	0.002407	0.439071	0.000000	0.029200	0.001144	0.528128
191	0.000048	0.000000	0.000000	0.002395	0.440516	0.000000	0.028630	0.001131	0.527280
192	0.000043	0.000000	0.000000	0.002353	0.442162	0.000000	0.028456	0.001158	0.525828
193	0.000031	0.000000	0.000000	0.002317	0.443917	0.000000	0.028212	0.001129	0.524394
194	0.000041	0.000000	0.000000	0.002233	0.445260	0.000000	0.027750	0.001159	0.523557
195	0.000037	0.000000	0.000000	0.002227	0.447264	0.000000	0.027157	0.001128	0.522187
196	0.000042	0.000000	0.000000	0.002219	0.448571	0.000000	0.026752	0.001098	0.521318
197	0.000043	0.000000	0.000000	0.002155	0.450068	0.000000	0.026389	0.001124	0.520221
198	0.000050	0.000000	0.000000	0.002088	0.451535	0.000000	0.025944	0.001132	0.519251
199	0.000042	0.000000	0.000000	0.002045	0.453363	0.000000	0.025858	0.001088	0.517604
200	0.000048	0.000000	0.000000	0.001996	0.454893	0.000000	0.025533	0.001055	0.516475
201	0.000046	0.000000	0.000000	0.001919	0.455966	0.000000	0.025346	0.001031	0.515692
202	0.000049	0.000000	0.000000	0.001936	0.457374	0.000000	0.024964	0.001039	0.514638
203	0.000044	0.000000	0.000000	0.001877	0.458930	0.000000	0.024665	0.001005	0.513479
204	0.000045	0.000000	0.000000	0.001868	0.460825	0.000000	0.024403	0.000973	0.511886
205	0.000050	0.000000	0.000000	0.001870	0.462183	0.000000	0.024206	0.000944	0.510747
206	0.000052	0.000000	0.000000	0.001830	0.463743	0.000000	0.023966	0.000909	0.509500
207	0.000048	0.000000	0.000000	0.001792	0.465485	0.000000	0.023734	0.000865	0.508076
208	0.000054	0.000000	0.000000	0.001765	0.467141	0.000000	0.023495	0.000870	0.506675
209	0.000046	0.000000	0.000000	0.001766	0.468592	0.000000	0.023229	0.000865	0.505502
210	0.000044	0.000000	0.000000	0.001731	0.469857	0.000000	0.023007	0.000858	0.504503
211	0.000048	0.000000	0.000000	0.001721	0.471747	0.000000	0.022640	0.000841	0.503003
212	0.000047	0.000000	0.000000	0.001698	0.473289	0.000000	0.022559	0.000774	0.501633
213	0.000055	0.000000	0.000000	0.001685	0.474665	0.000000	0.022295	0.000785	0.500515
214	0.000059	0.000000	0.000000	0.001703	0.475932	0.000000	0.022093	0.000778	0.499435
215	0.000052	0.000000	0.000000	0.001690	0.477415	0.000000	0.021932	0.000780	0.498131
216	0.000057	0.000000	0.000000	0.001649	0.479015	0.000000	0.021777	0.000756	0.496746
217	0.000052	0.000000	0.000000	0.001628	0.480591	0.000000	0.021491	0.000746	0.495492
218	0.000050	0.000000	0.000000	0.001583	0.482257	0.000000	0.021310	0.000745	0.494055
219	0.000041	0.000000	0.000000	0.001563	0.483397	0.000000	0.021100	0.000726	0.493173
220	0.000033	0.000000	0.000000	0.001519	0.485165	0.000000	0.020978	0.000731	0.491574
221	0.000032	0.000000	0.000000	0.001601	0.486727	0.000000	0.020748	0.000708	0.490184
222	0.000032	0.000000	0.000000	0.001596	0.488368	0.000000	0.020763	0.000717	0.488524
223	0.000035	0.000000	0.000000	0.001615	0.489873	0.000000	0.020500	0.000712	0.487265
224	0.000030	0.000000	0.000000	0.001592	0.490997	0.000000	0.020312	0.000643	0.486426
225	0.000030	0.000000	0.000000	0.001588	0.492393	0.000000	0.020056	0.000618	0.485315
226	0.000033	0.000000	0.000000	0.001580	0.493709	0.000000	0.019803	0.000587	0.484288
227	0.000035	0.000000	0.000000	0.001616	0.495472	0.000000	0.019716	0.000587	0.482574
228	0.000025	0.000000	0.000000	0.001632	0.496532	0.000000	0.019510	0.000574	0.481727
229	0.000022	0.000000	0.000000	0.001633	0.498363	0.000000	0.019316	0.000586	0.480080
230	0.000017	0.000000	0.000000	0.001626	0.499744	0.000000	0.019178	0.000561	0.478874
231	0.000018	0.000000	0.000000	0.001599	0.501135	0.000000	0.018895	0.000549	0.477804
232	0.000023	0.000000	0.000000	0.001627	0.502444	0.000000	0.018856	0.000524	0.476526
233	0.000029	0.000000	0.000000	0.001641	0.503890	0.000000	0.018727	0.000519	0.475194
234	0.000027	0.000000	0.000000	0.001617	0.505584	0.000000	0.018506	0.000523	0.473743
235	0.000021	0.000000	0.000000	0.001556	0.507137	0.000000	0.018470	0.000522	0.472294
236	0.000018	0.000000	0.000000	0.001541	0.508519	0.000000	0.018047	0.000501	0.471374
237	0.000019	0.000000	0.000000	0.001580	0.509716	0.000000	0.017778	0.000517	0.470390
238	0.000016	0.000000	0.000000	0.001583	0.511299	0.000000	0.017566	0.000516	0.469020
239	0.000012	0.000000	0.000000	0.001606	0.512799	0.000000	0.017381	0.000496	0.467706
240	0.000008	0.000000	0.000000	0.001612	0.514221	0.000000	0.017268	0.000461	0.466430
241	0.000005	0.000000	0.000000	0.001657	0.515863	0.000000	0.016955	0.000452	0.465068
242	0.000008	0.000000	0.000000	0.001629	0.517076	0.000000	0.016796	0.000448	0.464043
243	0.000006	0.000000	0.000000	0.001646	0.518716	0.000000	0.016775	0.000435	0.462422
244	0.000005	0.000000	0.000000	0.001657	0.519730	0.000000	0.016411	0.000420	0.461777
245	0.000006	0.000000	0.000000	0.001677	0.521123	0.000000	0.016284	0.000415	0.460495
246	0.000010	0.000000	0.000000	0.001715	0.522295	0.000000	0.016212	0.000421	0.459347
247	0.000007	0.000000	0.000000	0.001706	0.523872	0.000000	0.015922	0.000426	0.458067
248	0.000006	0.000000	0.000000	0.001691	0.524744	0.000000	0.015770	0.000411	0.457378
249	0.000006	0.000000	0.000000	0.001661	0.526313	0.000000	0.015565	0.000424	0.456031
250	0.000004	0.000000	0.000000	0.001613	0.527722	0.000000	0.015390	0.000436	0.454835
251	0.000004	0.000000	0.000000	0.001592	0.529002	0.000000	0.015179	0.000466	0.453757
252	0.000007	0.000000	0.000000	0.001548	0.530469	0.000000	0.014923	0.000439	0.452614
253	0.000009	0.000000	0.000000	0.001492	0.532143	0.000000	0.014785	0.000410	0.451161
254	0.000008	0.000000	0.000000	0.001524	0.533401	0.000000	0.014748	0.000404	0.449915
255	0.000007	0.000000	0.000000	0.001513	0.535013	0.000000	0.014578	0.000400	0.448489
256	0.000006	0.000000	0.000000	0.001521	0.536090	0.000000	0.014322	0.000384	0.447677
257	0.000006	0.000000	0.000000	0.001517	0.537194	0.000000	0.014213	0.000379	0.446691
258	0.000007	0.000000	0.000000	0.001540	0.538158	0.000000	0.013976	0.000368	0.445951
259	0.000008	0.000000	0.000000	0.001499	0.539469	0.000000	0.013795	0.000330	0.444899
260	0.000005	0.000000	0.000000	0.001459	0.540879	0.000000	0.013825	0.000337	0.443495
261	0.000004	0.000000	0.000000	0.001473	0.542224	0.000000	0.013702	0.000335	0.442262
262	0.000003	0.000000	0.000000	0.001507	0.543328	0.000000	0.013459	0.000331	0.441372
263	0.000003	0.000000	0.000000	0.001482	0.544295	0.000000	0.013345	0.000318	0.440557
264	0.000003	0.000000	0.000000	0.001491	0.545222	0.000000	0.013106	0.000339	0.439839
265	0.000001	0.000000	0.000000	0.001485	0.546982	0.000000	0.013121	0.000352	0.438059
266	0.000000	0.000000	0.000000	0.001460	0.548414	0.000000	0.013179	0.000344	0.436603
267	0.000000	0.000000	0.000000	0.001436	0.549097	0.000000	0.012976	0.000325	0.436166
268	0.000000	0.000000	0.000000	0.001379	0.550707	0.000000	0.012755	0.000309	0.434850
269	0.000000	0.000000	0.000000	0.001406	0.551522	0.000000	0.012758	0.000334	0.433980
270	0.000000	0.000000	0.000000	0.001368	0.552792	0.000000	0.012463	0.000354	0.433023
271	0.000000	0.000000	0.000000	0.001362	0.554025	0.000000	0.012301	0.000341	0.431971
272	0.000000	0.000000	0.000000	0.001331	0.555441	0.000000	0.012201	0.000341	0.430686
273	0.000000	0.000000	0.000000	0.001320	0.556760	0.000000	0.012069	0.000342	0.429509
274	0.000000	0.000000	0.000000	0.001244	0.558383	0.000000	0.011814	0.000329	0.428230
275	0.000000	0.000000	0.000000	0.001266	0.559527	0.000000	0.011589	0.000357	0.427261
276	0.000000	0.000000	0.000000	0.001251	0.560853	0.000000	0.011435	0.000358	0.426103
277	0.000000	0.000000	0.000000	0.001260	0.562335	0.000000	0.011273	0.000349	0.424783
278	0.000000	0.000000	0.000000	0.001269	0.563757	0.000000	0.011252	0.000333	0.423389
279	0.000000	0.000000	0.000000	0.001265	0.565549	0.000000	0.011200	0.000314	0.421672
280	0.000000	0.000000	0.000000	0.001228	0.566701	0.000000	0.011164	0.000297	0.420610
281	0.000000	0.000000	0.000000	0.001229	0.567799	0.000000	0.011127	0.000294	0.419551
282	0.000000	0.000000	0.000000	0.001179	0.569116	0.000000	0.010924	0.000286	0.418495
283	0.000000	0.000000	0.000000	0.001238	0.570201	0.000000	0.010845	0.000279	0.417437
284	0.000000	0.000000	0.000000	0.001242	0.571417	0.000000	0.010757	0.000290	0.416294
285	0.000000	0.000000	0.000000	0.001202	0.573065	0.000000	0.010584	0.000280	0.414869
286	0.000000	0.000000	0.000000	0.001210	0.574337	0.000000	0.010496	0.000293	0.413664
287	0.000000	0.000000	0.000000	0.001236	0.575953	0.000000	0.010439	0.000285	0.412087
288	0.000000	0.000000	0.000000	0.001251	0.577000	0.000000	0.010262	0.000291	0.411196
289	0.000000	0.000000	0.000000	0.001213	0.578326	0.000000	0.010209	0.000292	0.409960
290	0.000000	0.000000	0.000000	0.001183	0.579832	0.000000	0.010102	0.000306	0.408577
291	0.000000	0.000000	0.000000	0.001189	0.580977	0.000000	0.009982	0.000280	0.407572
292	0.000000	0.000000	0.000000	0.001126	0.582084	0.000000	0.009897	0.000273	0.406620
293	0.000000	0.000000	0.000000	0.001179	0.583595	0.000000	0.009846	0.000267	0.405113
294	0.000000	0.000000	0.000000	0.001174	0.584668	0.000000	0.009664	0.000256	0.404238
295	0.000000	0.000000	0.000000	0.001138	0.586141	0.000000	0.009528	0.000238	0.402955
296	0.000000	0.000000	0.000000	0.001144	0.587773	0.000000	0.009421	0.000239	0.401423
297	0.000000	0.000000	0.000000	0.001087	0.589268	0.000000	0.009366	0.000226	0.400053
298	0.000000	0.000000	0.000000	0.001075	0.590635	0.000000	0.009249	0.000217	0.398824
299	0.000000	0.000000	0.000000	0.001087	0.591590	0.000000	0.009145	0.000218	0.397960
300	0.000000	0.000000	0.000000	0.001063	0.593041	0.000000	0.009039	0.000197	0.396660
301	0.000000	0.000000	0.000000	0.001040	0.594030	0.000000	0.008982	0.000195	0.395753
302	0.000000	0.000000	0.000000	0.001032	0.595393	0.000000	0.008889	0.000202	0.394484
303	0.000000	0.000000	0.000000	0.000997	0.596846	0.000000	0.008776	0.000197	0.393184
304	0.000000	0.000000	0.000000	0.000990	0.597879	0.000000	0.008752	0.000225	0.392154
305	0.000000	0.000000	0.000000	0.000987	0.598718	0.000000	0.008707	0.000237	0.391351
306	0.000000	0.000000	0.000000	0.000996	0.600023	0.000000	0.008568	0.000243	0.390170
307	0.000000	0.000000	0.000000	0.000994	0.601367	0.000000	0.008465	0.000223	0.388951
308	0.000000	0.000000	0.000000	0.000969	0.602502	0.000000	0.008417	0.000221	0.387891
309	0.000000	0.000000	0.000000	0.001003	0.603589	0.000000	0.008282	0.000217	0.386909
310	0.000000	0.000000	0.000000	0.000985	0.604884	0.000000	0.008166	0.000213	0.385752
311	0.000000	0.000000	0.000000	0.000966	0.606392	0.000000	0.008081	0.000204	0.384357
312	0.000000	0.000000	0.000000	0.000984	0.607591	0.000000	0.007940	0.000209	0.383276
313	0.000000	0.000000	0.000000	0.001004	0.608713	0.000000	0.007859	0.000189	0.382235
314	0.000000	0.000000	0.000000	0.000989	0.610003	0.000000	0.007804	0.000189	0.381015
315	0.000000	0.000000	0.000000	0.000962	0.610885	0.000000	0.007723	0.000199	0.380231
316	0.000000	0.000000	0.000000	0.000976	0.612364	0.000000	0.007713	0.000220	0.378727
317	0.000000	0.000000	0.000000	0.000972	0.613800	0.000000	0.007719	0.000220	0.377289
318	0.000000	0.000000	0.000000	0.000986	0.615030	0.000000	0.007741	0.000222	0.376021
319	0.000000	0.000000	0.000000	0.000968	0.616222	0.000000	0.007724	0.000221	0.374865
320	0.000000	0.000000	0.000000	0.000971	0.617278	0.000000	0.007815	0.000233	0.373703
321	0.000000	0.000000	0.000000	0.000952	0.618422	0.000000	0.007782	0.000226	0.372618
322	0.000000	0.000000	0.000000	0.001006	0.619601	0.000000	0.007806	0.000212	0.371375
323	0.000000	0.000000	0.000000	0.001052	0.620491	0.000000	0.007840	0.000236	0.370381
324	0.000000	0.000000	0.000000	0.001085	0.621878	0.000000	0.007780	0.000242	0.369015
325	0.000000	0.000000	0.000000	0.001105	0.623024	0.000000	0.007759	0.000230	0.367882
326	0.000000	0.000000	0.000000	0.001140	0.624027	0.000000	0.007583	0.000221	0.367029
327	0.000000	0.000000	0.000000	0.001174	0.625386	0.000000	0.007492	0.000222	0.365726
328	0.000000	0.000000	0.000000	0.001184	0.626517	0.000000	0.007453	0.000206	0.364640
329	0.000000	0.000000	0.000000	0.001194	0.627417	0.000000	0.007391	0.000205	0.363793
330	0.000000	0.000000	0.000000	0.001173	0.628865	0.000000	0.007208	0.000215	0.362539
331	0.000000	0.000000	0.000000	0.001171	0.630157	0.000000	0.007193	0.000216	0.361263
332	0.000000	0.000000	0.000000	0.001200	0.631255	0.000000	0.007048	0.000219	0.360278
333	0.000000	0.000000	0.000000	0.001184	0.632325	0.000000	0.007036	0.000188	0.359267
334	0.000000	0.000000	0.000000	0.001165	0.633295	0.000000	0.006871	0.000185	0.358484
335	0.000000	0.000000	0.000000	0.001149	0.634416	0.000000	0.006827	0.000185	0.357423
336	0.000000	0.000000	0.000000	0.001146	0.635779	0.000000	0.006868	0.000205	0.356002
337	0.000000	0.000000	0.000000	0.001158	0.637187	0.000000	0.006883	0.000193	0.354579
338	0.000000	0.000000	0.000000	0.001174	0.638429	0.000000	0.006869	0.000196	0.353332
339	0.000000	0.000000	0.000000	0.001177	0.639679	0.000000	0.006780	0.000187	0.352177
340	0.000000	0.000000	0.000000	0.001186	0.640488	0.000000	0.006615	0.000180	0.351531
341	0.000000	0.000000	0.000000	0.001190	0.642136	0.000000	0.006587	0.000197	0.349890
342	0.000000	0.000000	0.000000	0.001198	0.643396	0.000000	0.006492	0.000204	0.348710
343	0.000000	0.000000	0.000000	0.001227	0.644503	0.000000	0.006412	0.000215	0.347643
344	0.000000	0.000000	0.000000	0.001204	0.645578	0.000000	0.006349	0.000218	0.346651
345	0.000000	0.000000	0.000000	0.001200	0.646938	0.000000	0.006218	0.000202	0.345442
346	0.000000	0.000000	0.000000	0.001190	0.648049	0.000000	0.006118	0.000209	0.344434
347	0.000000	0.000000	0.000000	0.001173	0.649085	0.000000	0.006054	0.000206	0.343482
348	0.000000	0.000000	0.000000	0.001153	0.649960	0.000000	0.006026	0.000203	0.342658
349	0.000000	0.000000	0.000000	0.001120	0.650980	0.000000	0.005985	0.000202	0.341713
350	0.000000	0.000000	0.000000	0.001116	0.652132	0.000000	0.005912	0.000202	0.340638
351	0.000000	0.000000	0.000000	0.001117	0.653157	0.000000	0.005937	0.000206	0.339583
352	0.000000	0.000000	0.000000	0.001127	0.654101	0.000000	0.005897	0.000214	0.338661
353	0.000000	0.000000	0.000000	0.001135	0.655090	0.000000	0.005853	0.000216	0.337706
354	0.000000	0.000000	0.000000	0.001133	0.656662	0.000000	0.005859	0.000223	0.336123
355	0.000000	0.000000	0.000000	0.001103	0.657762	0.000000	0.005801	0.000223	0.335111
356	0.000000	0.000000	0.000000	0.001113	0.658767	0.000000	0.005821	0.000231	0.334068
357	0.000000	0.000000	0.000000	0.001110	0.659611	0.000000	0.005779	0.000237	0.333263
358	0.000000	0.000000	0.000000	0.001118	0.660869	0.000000	0.005694	0.000235	0.332084
359	0.000000	0.000000	0.000000	0.001168	0.662334	0.000000	0.005620	0.000245	0.330633
360	0.000000	0.000000	0.000000	0.001166	0.663512	0.000000	0.005573	0.000238	0.329511
361	0.000000	0.000000	0.000000	0.001157	0.664489	0.000000	0.005488	0.000229	0.328637
362	0.000000	0.000000	0.000000	0.001174	0.665287	0.000000	0.005407	0.000240	0.327892
363	0.000000	0.000000	0.000000	0.001139	0.666505	0.000000	0.005391	0.000244	0.326721
364	0.000000	0.000000	0.000000	0.001150	0.667776	0.000000	0.005360	0.000246	0.325468
365	0.000000	0.000000	0.000000	0.001189	0.668681	0.000000	0.005265	0.000258	0.324607
366	0.000000	0.000000	0.000000	0.001185	0.669672	0.000000	0.005242	0.000254	0.323647
367	0.000000	0.000000	0.000000	0.001171	0.670533	0.000000	0.005218	0.000264	0.322814
368	0.000000	0.000000	0.000000	0.001188	0.671754	0.000000	0.005090	0.000269	0.321699
369	0.000000	0.000000	0.000000	0.001195	0.672793	0.000000	0.005059	0.000261	0.320692
370	0.000000	0.000000	0.000000	0.001174	0.673919	0.000000	0.005002	0.000279	0.319626
371	0.000000	0.000000	0.000000	0.001165	0.674924	0.000000	0.004894	0.000274	0.318743
372	0.000000	0.000000	0.000000	0.001199	0.676019	0.000000	0.004817	0.000273	0.317692
373	0.000000	0.000000	0.000000	0.001167	0.677337	0.000000	0.004692	0.000248	0.316556
374	0.000000	0.000000	0.000000	0.001161	0.678317	0.000000	0.004648	0.000235	0.315639
375	0.000000	0.000000	0.000000	0.001170	0.679583	0.000000	0.004506	0.000231	0.314510
376	0.000000	0.000000	0.000000	0.001196	0.680689	0.000000	0.004455	0.000239	0.313421
377	0.000000	0.000000	0.000000	0.001204	0.681826	0.000000	0.004356	0.000238	0.312376
378	0.000000	0.000000	0.000000	0.001205	0.683072	0.000000	0.004281	0.000241	0.311201
379	0.000000	0.000000	0.000000	0.001187	0.683717	0.000000	0.004251	0.000263	0.310582
380	0.000000	0.000000	0.000000	0.001201	0.685069	0.000000	0.004262	0.000252	0.309216
381	0.000000	0.000000	0.000000	0.001182	0.686175	0.000000	0.004166	0.000265	0.308212
382	0.000000	0.000000	0.000000	0.001173	0.687524	0.000000	0.004161	0.000257	0.306885
383	0.000000	0.000000	0.000000	0.001163	0.688442	0.000000	0.004099	0.000246	0.306050
384	0.000000	0.000000	0.000000	0.001172	0.689681	0.000000	0.004093	0.000224	0.304830
385	0.000000	0.000000	0.000000	0.001140	0.690803	0.000000	0.004004	0.000221	0.303832
386	0.000000	0.000000	0.000000	0.001160	0.691631	0.000000	0.003871	0.000222	0.303116
387	0.000000	0.000000	0.000000	0.001166	0.692602	0.000000	0.003826	0.000205	0.302201
388	0.000000	0.000000	0.000000	0.001160	0.693581	0.000000	0.003802	0.000198	0.301259
389	0.000000	0.000000	0.000000	0.001163	0.694705	0.000000	0.003710	0.000204	0.300218
390	0.000000	0.000000	0.000000	0.001186	0.695645	0.000000	0.003736	0.000187	0.299246
391	0.000000	0.000000	0.000000	0.001225	0.696743	0.000000	0.003672	0.000166	0.298194
392	0.000000	0.000000	0.000000	0.001221	0.697830	0.000000	0.003576	0.000184	0.297189
393	0.000000	0.000000	0.000000	0.001168	0.699138	0.000000	0.003461	0.000182	0.296051
394	0.000000	0.000000	0.000000	0.001161	0.700228	0.000000	0.003448	0.000182	0.294981
395	0.000000	0.000000	0.000000	0.001148	0.701276	0.000000	0.003347	0.000179	0.294050
396	0.000000	0.000000	0.000000	0.001155	0.702402	0.000000	0.003293	0.000168	0.292982
397	0.000000	0.000000	0.000000	0.001147	0.703646	0.000000	0.003251	0.000170	0.291786
398	0.000000	0.000000	0.000000	0.001159	0.704659	0.000000	0.003202	0.000172	0.290808
399	0.000000	0.000000	0.000000	0.001143	0.705633	0.000000	0.003206	0.000180	0.289838
400	0.000000	0.000000	0.000000	0.001152	0.706403	0.000000	0.003151	0.000167	0.289127
401	0.000000	0.000000	0.000000	0.001168	0.707463	0.000000	0.003062	0.000166	0.288141
402	0.000000	0.000000	0.000000	0.001096	0.708577	0.000000	0.003077	0.000165	0.287085
403	0.000000	0.000000	0.000000	0.001069	0.709760	0.000000	0.003085	0.000158	0.285928
404	0.000000	0.000000	0.000000	0.001082	0.710586	0.000000	0.003044	0.000158	0.285130
405	0.000000	0.000000	0.000000	0.001061	0.711627	0.000000	0.003007	0.000151	0.284154
406	0.000000	0.000000	0.000000	0.001012	0.712778	0.000000	0.002954	0.000155	0.283101
407	0.000000	0.000000	0.000000	0.001007	0.714136	0.000000	0.002948	0.000147	0.281762
408	0.000000	0.000000	0.000000	0.000983	0.715072	0.000000	0.002899	0.000146	0.280900
409	0.000000	0.000000	0.000000	0.000969	0.716310	0.000000	0.002805	0.000128	0.279788
410	0.000000	0.000000	0.000000	0.000958	0.717235	0.000000	0.002741	0.000129	0.278937
411	0.000000	0.000000	0.000000	0.000999	0.718168	0.000000	0.002746	0.000139	0.277948
412	0.000000	0.000000	0.000000	0.000976	0.719100	0.000000	0.002746	0.000147	0.277031
413	0.000000	0.000000	0.000000	0.000988	0.719990	0.000000	0.002633	0.000138	0.276251
414	0.000000	0.000000	0.000000	0.000974	0.721007	0.000000	0.002600	0.000136	0.275283
415	0.000000	0.000000	0.000000	0.000969	0.721995	0.000000	0.002504	0.000126	0.274406
416	0.000000	0.000000	0.000000	0.000973	0.722894	0.000000	0.002498	0.000123	0.273512
417	0.000000	0.000000	0.000000	0.000977	0.723837	0.000000	0.002433	0.000126	0.272627
418	0.000000	0.000000	0.000000	0.001004	0.724937	0.000000	0.002415	0.000114	0.271530
419	0.000000	0.000000	0.000000	0.001013	0.725815	0.000000	0.002378	0.000116	0.270678
420	0.000000	0.000000	0.000000	0.001034	0.727041	0.000000	0.002346	0.000108	0.269471
421	0.000000	0.000000	0.000000	0.001028	0.728208	0.000000	0.002348	0.000098	0.268318
422	0.000000	0.000000	0.000000	0.001006	0.729227	0.000000	0.002317	0.000103	0.267347
423	0.000000	0.000000	0.000000	0.001016	0.730025	0.000000	0.002270	0.000098	0.266591
424	0.000000	0.000000	0.000000	0.000997	0.730949	0.000000	0.002272	0.000096	0.265686
425	0.000000	0.000000	0.000000	0.001016	0.731507	0.000000	0.002290	0.000089	0.265098
426	0.000000	0.000000	0.000000	0.001000	0.732568	0.000000	0.002213	0.000087	0.264132
427	0.000000	0.000000	0.000000	0.001014	0.733774	0.000000	0.002188	0.000101	0.262923
428	0.000000	0.000000	0.000000	0.000990	0.734621	0.000000	0.002161	0.000107	0.262121
429	0.000000	0.000000	0.000000	0.000994	0.735263	0.000000	0.002182	0.000093	0.261468
430	0.000000	0.000000	0.000000	0.001016	0.736224	0.000000	0.002179	0.000097	0.260484
431	0.000000	0.000000	0.000000	0.001000	0.737083	0.000000	0.002109	0.000105	0.259703
432	0.000000	0.000000	0.000000	0.001033	0.737833	0.000000	0.002085	0.000096	0.258953
433	0.000000	0.000000	0.000000	0.001044	0.738746	0.000000	0.002075	0.000100	0.258035
434	0.000000	0.000000	0.000000	0.001073	0.739170	0.000000	0.002028	0.000089	0.257640
435	0.000000	0.000000	0.000000	0.001062	0.740240	0.000000	0.001989	0.000085	0.256624
436	0.000000	0.000000	0.000000	0.001097	0.741057	0.000000	0.001936	0.000079	0.255831
437	0.000000	0.000000	0.000000	0.001093	0.742143	0.000000	0.001934	0.000082	0.254748
438	0.000000	0.000000	0.000000	0.001104	0.743018	0.000000	0.001895	0.000086	0.253897
439	0.000000	0.000000	0.000000	0.001110	0.744207	0.000000	0.001857	0.000075	0.252751
440	0.000000	0.000000	0.000000	0.001135	0.745030	0.000000	0.001867	0.000080	0.251888
441	0.000000	0.000000	0.000000	0.001178	0.745939	0.000000	0.001900	0.000096	0.250887
442	0.000000	0.000000	0.000000	0.001177	0.747091	0.000000	0.001899	0.000094	0.249739
443	0.000000	0.000000	0.000000	0.001167	0.748036	0.000000	0.001827	0.000092	0.248878
444	0.000000	0.000000	0.000000	0.001191	0.748669	0.000000	0.001785	0.000101	0.248254
445	0.000000	0.000000	0.000000	0.001209	0.749221	0.000000	0.001812	0.000108	0.247650
446	0.000000	0.000000	0.000000	0.001205	0.749960	0.000000	0.001834	0.000108	0.246893
447	0.000000	0.000000	0.000000	0.001202	0.750962	0.000000	0.001779	0.000096	0.245961
448	0.000000	0.000000	0.000000	0.001185	0.752138	0.000000	0.001729	0.000089	0.244859
449	0.000000	0.000000	0.000000	0.001204	0.753055	0.000000	0.001680	0.000090	0.243971
450	0.000000	0.000000	0.000000	0.001193	0.753754	0.000000	0.001737	0.000091	0.243225
451	0.000000	0.000000	0.000000	0.001172	0.754711	0.000000	0.001715	0.000089	0.242313
452	0.000000	0.000000	0.000000	0.001188	0.755871	0.000000	0.001698	0.000089	0.241154
453	0.000000	0.000000	0.000000	0.001190	0.756586	0.000000	0.001629	0.000090	0.240505
454	0.000000	0.000000	0.000000	0.001189	0.757591	0.000000	0.001633	0.000095	0.239492
455	0.000000	0.000000	0.000000	0.001225	0.758405	0.000000	0.001635	0.000093	0.238642
456	0.000000	0.000000	0.000000	0.001226	0.759242	0.000000	0.001625	0.000083	0.237824
457	0.000000	0.000000	0.000000	0.001247	0.759815	0.000000	0.001590	0.000090	0.237258
458	0.000000	0.000000	0.000000	0.001183	0.760951	0.000000	0.001578	0.000081	0.236207
459	0.000000	0.000000	0.000000	0.001201	0.761970	0.000000	0.001577	0.000081	0.235171
460	0.000000	0.000000	0.000000	0.001221	0.762512	0.000000	0.001573	0.000084	0.234610
461	0.000000	0.000000	0.000000	0.001216	0.763536	0.000000	0.001587	0.000088	0.233573
462	0.000000	0.000000	0.000000	0.001233	0.764272	0.000000	0.001553	0.000090	0.232852
463	0.000000	0.000000	0.000000	0.001266	0.765131	0.000000	0.001555	0.000091	0.231957
464	0.000000	0.000000	0.000000	0.001294	0.766093	0.000000	0.001537	0.000088	0.230988
465	0.000000	0.000000	0.000000	0.001323	0.766884	0.000000	0.001477	0.000087	0.230229
466	0.000000	0.000000	0.000000	0.001335	0.767556	0.000000	0.001515	0.000085	0.229509
467	0.000000	0.000000	0.000000	0.001366	0.768350	0.000000	0.001520	0.000077	0.228687
468	0.000000	0.000000	0.000000	0.001334	0.769278	0.000000	0.001471	0.000087	0.227830
469	0.000000	0.000000	0.000000	0.001324	0.770015	0.000000	0.001385	0.000071	0.227205
470	0.000000	0.000000	0.000000	0.001324	0.770942	0.000000	0.001358	0.000075	0.226301
