0	0.290663	0.057897	0.229473	0.157588	0.029913	0.111872	0.085455	0.012259	0.024880
1	0.247179	0.050823	0.210128	0.131090	0.026869	0.111947	0.113786	0.021821	0.086357
2	0.260520	0.052792	0.220284	0.117655	0.025486	0.102169	0.109491	0.021187	0.090416
3	0.280105	0.055487	0.231708	0.105807	0.024307	0.091684	0.101606	0.019503	0.089793
4	0.300538	0.057944	0.241924	0.094713	0.023542	0.081846	0.094172	0.017704	0.087617
5	0.319064	0.060388	0.253192	0.084902	0.022580	0.073067	0.086155	0.016048	0.084604
6	0.337483	0.063046	0.262547	0.075891	0.021706	0.065026	0.078272	0.014362	0.081667
7	0.355740	0.064689	0.271175	0.067705	0.020851	0.057319	0.071182	0.012751	0.078588
8	0.373645	0.066869	0.278469	0.059609	0.020136	0.050349	0.064304	0.011512	0.075107
9	0.390553	0.068411	0.284777	0.052723	0.019191	0.044322	0.057924	0.010400	0.071699
10	0.406591	0.069852	0.290735	0.046463	0.018558	0.038517	0.051908	0.009326	0.068050
11	0.421946	0.071060	0.295902	0.040739	0.017746	0.033572	0.046525	0.008038	0.064472
12	0.435162	0.072267	0.300922	0.035570	0.016930	0.029203	0.041621	0.007207	0.061118
13	0.447685	0.073340	0.305005	0.031208	0.016684	0.025262	0.036909	0.006370	0.057537
14	0.459870	0.074460	0.308452	0.026859	0.016024	0.021772	0.032767	0.005643	0.054153
15	0.470810	0.075391	0.311505	0.023556	0.015326	0.018806	0.028818	0.005039	0.050749
16	0.480961	0.076117	0.313392	0.020556	0.014953	0.016477	0.025481	0.004470	0.047593
17	0.489653	0.076725	0.315747	0.017907	0.014392	0.014471	0.022585	0.003995	0.044525
18	0.498354	0.077521	0.317322	0.015608	0.014076	0.012458	0.019563	0.003554	0.041544
19	0.506429	0.078059	0.318741	0.013770	0.013432	0.010828	0.017120	0.003079	0.038542
20	0.512278	0.078733	0.320686	0.011972	0.013162	0.009243	0.015292	0.002719	0.035915
21	0.519156	0.078753	0.321727	0.010483	0.012728	0.008188	0.013202	0.002313	0.033450
22	0.524219	0.079031	0.323163	0.009169	0.012206	0.007177	0.011796	0.001996	0.031243
23	0.528620	0.079118	0.324862	0.008035	0.011786	0.006229	0.010526	0.001753	0.029071
24	0.533179	0.079655	0.325131	0.007122	0.011533	0.005371	0.009292	0.001559	0.027158
25	0.537031	0.079730	0.326538	0.006109	0.011193	0.004700	0.008078	0.001370	0.025251
26	0.540473	0.080038	0.327158	0.005353	0.010889	0.004158	0.007165	0.001209	0.023557
27	0.544511	0.080050	0.327290	0.004620	0.010655	0.003630	0.006171	0.001074	0.021999
28	0.547412	0.079570	0.328203	0.004222	0.010560	0.003180	0.005534	0.000957	0.020362
29	0.550394	0.079830	0.328441	0.003740	0.010063	0.002744	0.004875	0.000843	0.019070
30	0.553637	0.079583	0.328161	0.003317	0.009849	0.002475	0.004315	0.000790	0.017873
31	0.556067	0.079478	0.328582	0.002950	0.009608	0.002207	0.003731	0.000684	0.016693
32	0.558125	0.079321	0.329177	0.002701	0.009374	0.001909	0.003190	0.000598	0.015605
33	0.559605	0.079178	0.329939	0.002377	0.009178	0.001692	0.002798	0.000511	0.014722
34	0.561916	0.079206	0.329803	0.002194	0.008827	0.001533	0.002534	0.000468	0.013519
35	0.562639	0.079320	0.330862	0.001964	0.008607	0.001362	0.002175	0.000427	0.012644
36	0.563930	0.079471	0.330911	0.001763	0.008478	0.001185	0.001993	0.000335	0.011934
37	0.565358	0.079576	0.331043	0.001648	0.008217	0.001099	0.001782	0.000287	0.010990
38	0.566247	0.079724	0.331326	0.001455	0.008166	0.000966	0.001544	0.000228	0.010344
39	0.567200	0.079955	0.331374	0.001320	0.007952	0.000891	0.001389	0.000202	0.009717
40	0.567942	0.079851	0.331972	0.001222	0.007806	0.000790	0.001184	0.000189	0.009044
41	0.568736	0.079963	0.332075	0.001141	0.007614	0.000737	0.001031	0.000188	0.008515
42	0.569810	0.079864	0.332090	0.001079	0.007465	0.000648	0.000930	0.000165	0.007949
43	0.569972	0.080338	0.332365	0.001001	0.007303	0.000622	0.000832	0.000153	0.007414
44	0.570344	0.080342	0.332878	0.000869	0.007198	0.000546	0.000708	0.000130	0.006985
45	0.571076	0.080467	0.332611	0.000808	0.007231	0.000496	0.000601	0.000122	0.006588
46	0.571881	0.080224	0.332774	0.000717	0.007084	0.000454	0.000558	0.000113	0.006195
47	0.571848	0.080009	0.333656	0.000648	0.006981	0.000442	0.000504	0.000087	0.005825
48	0.572072	0.079975	0.334047	0.000603	0.006800	0.000422	0.000426	0.000096	0.005559
49	0.573127	0.080144	0.333547	0.000561	0.006633	0.000372	0.000349	0.000091	0.005176
50	0.573502	0.080328	0.333660	0.000504	0.006542	0.000327	0.000312	0.000072	0.004753
51	0.574205	0.080014	0.333785	0.000453	0.006437	0.000293	0.000283	0.000053	0.004477
52	0.574813	0.080203	0.333520	0.000409	0.006242	0.000287	0.000279	0.000046	0.004201
53	0.574914	0.080070	0.333942	0.000383	0.006182	0.000255	0.000249	0.000033	0.003972
54	0.575486	0.080021	0.333916	0.000367	0.006014	0.000242	0.000220	0.000025	0.003709
55	0.575321	0.079817	0.334571	0.000335	0.005991	0.000228	0.000207	0.000030	0.003500
56	0.575494	0.079673	0.334802	0.000316	0.005963	0.000209	0.000188	0.000019	0.003336
57	0.576934	0.079676	0.333752	0.000285	0.005902	0.000193	0.000172	0.000021	0.003065
58	0.576860	0.079777	0.334096	0.000249	0.005772	0.000179	0.000140	0.000011	0.002916
59	0.577124	0.079543	0.334306	0.000224	0.005715	0.000197	0.000132	0.000009	0.002750
60	0.577458	0.079099	0.334697	0.000202	0.005641	0.000175	0.000111	0.000010	0.002607
61	0.577800	0.078873	0.334887	0.000199	0.005539	0.000152	0.000115	0.000006	0.002429
62	0.577604	0.078972	0.335256	0.000190	0.005453	0.000137	0.000100	0.000003	0.002285
63	0.578484	0.078914	0.334700	0.000170	0.005474	0.000124	0.000082	0.000003	0.002049
64	0.578749	0.078968	0.334495	0.000152	0.005499	0.000111	0.000077	0.000004	0.001945
65	0.578208	0.079173	0.335070	0.000129	0.005442	0.000095	0.000073	0.000003	0.001807
66	0.578151	0.079205	0.335261	0.000108	0.005345	0.000098	0.000060	0.000002	0.001770
67	0.578099	0.079253	0.335499	0.000107	0.005316	0.000085	0.000062	0.000004	0.001575
68	0.578288	0.079222	0.335376	0.000103	0.005312	0.000088	0.000040	0.000004	0.001567
69	0.578005	0.079381	0.335693	0.000096	0.005225	0.000088	0.000036	0.000008	0.001468
70	0.578742	0.079104	0.335278	0.000093	0.005283	0.000083	0.000030	0.000007	0.001380
71	0.578954	0.079150	0.335230	0.000090	0.005185	0.000083	0.000034	0.000004	0.001270
72	0.579186	0.079243	0.335017	0.000078	0.005172	0.000073	0.000028	0.000004	0.001199
73	0.579143	0.079390	0.335046	0.000076	0.005121	0.000073	0.000029	0.000004	0.001118
74	0.579253	0.079299	0.335186	0.000076	0.005034	0.000055	0.000025	0.000004	0.001068
75	0.579068	0.079385	0.335295	0.000055	0.005136	0.000063	0.000022	0.000004	0.000972
76	0.579585	0.078907	0.335334	0.000056	0.005098	0.000047	0.000026	0.000005	0.000942
77	0.579845	0.078743	0.335251	0.000058	0.005136	0.000055	0.000019	0.000003	0.000890
78	0.580005	0.078812	0.335176	0.000046	0.005069	0.000044	0.000019	0.000001	0.000828
79	0.579756	0.078688	0.335650	0.000056	0.005008	0.000036	0.000021	0.000001	0.000784
80	0.579941	0.078747	0.335524	0.000051	0.004945	0.000039	0.000012	0.000001	0.000740
81	0.580004	0.078856	0.335404	0.000033	0.004926	0.000032	0.000020	0.000004	0.000721
82	0.579955	0.078957	0.335516	0.000036	0.004823	0.000032	0.000018	0.000004	0.000659
83	0.579773	0.079024	0.335701	0.000032	0.004769	0.000032	0.000011	0.000002	0.000656
84	0.579690	0.079002	0.335804	0.000033	0.004798	0.000029	0.000008	0.000002	0.000634
85	0.579564	0.078858	0.336151	0.000032	0.004749	0.000026	0.000008	0.000002	0.000610
86	0.579192	0.078725	0.336709	0.000024	0.004742	0.000028	0.000009	0.000001	0.000570
87	0.579337	0.078592	0.336780	0.000016	0.004664	0.000032	0.000007	0.000001	0.000571
88	0.579358	0.078640	0.336856	0.000020	0.004575	0.000027	0.000005	0.000001	0.000518
89	0.578497	0.078974	0.337446	0.000016	0.004562	0.000023	0.000003	0.000002	0.000477
90	0.578698	0.078795	0.337483	0.000019	0.004506	0.000025	0.000002	0.000004	0.000468
91	0.578863	0.078888	0.337334	0.000016	0.004449	0.000020	0.000002	0.000002	0.000426
92	0.578892	0.078857	0.337434	0.000014	0.004363	0.000014	0.000002	0.000003	0.000421
93	0.578707	0.078403	0.338063	0.000012	0.004365	0.000012	0.000001	0.000002	0.000435
94	0.578301	0.078860	0.337971	0.000015	0.004447	0.000005	0.000002	0.000000	0.000399
95	0.578331	0.078706	0.338124	0.000009	0.004446	0.000003	0.000002	0.000000	0.000379
96	0.577779	0.078855	0.338638	0.000014	0.004338	0.000004	0.000001	0.000000	0.000371
97	0.577487	0.078957	0.338949	0.000014	0.004226	0.000002	0.000002	0.000000	0.000363
98	0.577583	0.078710	0.339131	0.000017	0.004217	0.000004	0.000002	0.000000	0.000336
99	0.577954	0.078608	0.338896	0.000014	0.004201	0.000003	0.000004	0.000000	0.000320
100	0.577748	0.078658	0.338976	0.000020	0.004264	0.000003	0.000003	0.000000	0.000328
101	0.577417	0.078376	0.339565	0.000018	0.004308	0.000003	0.000003	0.000000	0.000310
102	0.577895	0.078409	0.339058	0.000012	0.004311	0.000003	0.000001	0.000000	0.000311
103	0.577801	0.078430	0.339184	0.000008	0.004301	0.000000	0.000001	0.000000	0.000275
104	0.577738	0.078413	0.339248	0.000009	0.004309	0.000000	0.000003	0.000000	0.000280
105	0.577465	0.078400	0.339543	0.000005	0.004302	0.000000	0.000001	0.000000	0.000284
106	0.577910	0.078281	0.339310	0.000008	0.004237	0.000000	0.000002	0.000000	0.000252
107	0.577717	0.078570	0.339241	0.000006	0.004228	0.000000	0.000001	0.000000	0.000237
108	0.577711	0.078682	0.339182	0.000008	0.004201	0.000000	0.000000	0.000000	0.000216
109	0.577268	0.078871	0.339511	0.000004	0.004121	0.000000	0.000000	0.000000	0.000225
110	0.577235	0.078831	0.339612	0.000003	0.004121	0.000000	0.000000	0.000000	0.000198
111	0.577704	0.078451	0.339567	0.000002	0.004104	0.000000	0.000000	0.000000	0.000172
112	0.577089	0.078382	0.340269	0.000003	0.004082	0.000000	0.000000	0.000000	0.000175
113	0.577302	0.078378	0.340111	0.000006	0.004046	0.000000	0.000000	0.000000	0.000157
114	0.577019	0.078630	0.340186	0.000004	0.004012	0.000000	0.000000	0.000000	0.000149
115	0.577010	0.078693	0.340051	0.000001	0.004099	0.000000	0.000000	0.000000	0.000146
116	0.577615	0.078307	0.339876	0.000002	0.004067	0.000000	0.000000	0.000000	0.000133
117	0.577179	0.078350	0.340337	0.000005	0.003991	0.000000	0.000000	0.000000	0.000138
118	0.576861	0.078571	0.340501	0.000004	0.003925	0.000000	0.000000	0.000000	0.000138
119	0.576691	0.078759	0.340550	0.000007	0.003855	0.000000	0.000000	0.000000	0.000138
120	0.575730	0.078712	0.341567	0.000010	0.003854	0.000000	0.000000	0.000000	0.000127
121	0.575709	0.079026	0.341324	0.000008	0.003813	0.000000	0.000000	0.000000	0.000120
122	0.576076	0.079147	0.340817	0.000010	0.003850	0.000000	0.000000	0.000000	0.000100
123	0.576103	0.079267	0.340787	0.000008	0.003742	0.000000	0.000000	0.000000	0.000093
124	0.576373	0.079230	0.340522	0.000014	0.003769	0.000000	0.000000	0.000000	0.000092
125	0.575940	0.079474	0.340783	0.000008	0.003713	0.000000	0.000000	0.000000	0.000082
126	0.576453	0.079364	0.340519	0.000009	0.003564	0.000000	0.000000	0.000000	0.000091
127	0.577037	0.079503	0.339773	0.000006	0.003600	0.000000	0.000000	0.000000	0.000081
128	0.577148	0.079231	0.339993	0.000009	0.003524	0.000000	0.000000	0.000000	0.000095
129	0.576975	0.078801	0.340633	0.000014	0.003481	0.000000	0.000000	0.000000	0.000096
130	0.577147	0.078892	0.340372	0.000010	0.003497	0.000000	0.000000	0.000000	0.000082
131	0.577160	0.078738	0.340508	0.000013	0.003496	0.000000	0.000000	0.000000	0.000085
132	0.577168	0.078865	0.340428	0.000004	0.003452	0.000000	0.000000	0.000000	0.000083
133	0.576797	0.078397	0.341351	0.000007	0.003367	0.000000	0.000000	0.000000	0.000081
134	0.577152	0.078535	0.340924	0.000003	0.003310	0.000000	0.000000	0.000000	0.000076
135	0.576607	0.078676	0.341337	0.000003	0.003304	0.000000	0.000000	0.000000	0.000073
136	0.576238	0.078477	0.341991	0.000001	0.003227	0.000000	0.000000	0.000000	0.000066
137	0.575619	0.078658	0.342404	0.000001	0.003252	0.000000	0.000000	0.000000	0.000066
138	0.575911	0.078735	0.342091	0.000001	0.003206	0.000000	0.000000	0.000000	0.000056
139	0.575670	0.078801	0.342292	0.000000	0.003168	0.000000	0.000000	0.000000	0.000069
140	0.576197	0.078671	0.341985	0.000000	0.003086	0.000000	0.000000	0.000000	0.000061
141	0.576093	0.078437	0.342402	0.000001	0.003012	0.000000	0.000000	0.000000	0.000055
142	0.576036	0.078582	0.342378	0.000000	0.002946	0.000000	0.000000	0.000000	0.000058
143	0.576082	0.078376	0.342511	0.000000	0.002970	0.000000	0.000000	0.000000	0.000061
144	0.575249	0.078549	0.343218	0.000000	0.002939	0.000000	0.000000	0.000000	0.000045
145	0.575140	0.078825	0.343109	0.000000	0.002874	0.000000	0.000000	0.000000	0.000052
146	0.575643	0.078794	0.342604	0.000000	0.002925	0.000000	0.000000	0.000000	0.000034
147	0.574872	0.078903	0.343275	0.000000	0.002899	0.000000	0.000000	0.000000	0.000051
148	0.574540	0.078844	0.343708	0.000000	0.002869	0.000000	0.000000	0.000000	0.000039
149	0.574887	0.078549	0.343749	0.000000	0.002779	0.000000	0.000000	0.000000	0.000036
150	0.574638	0.078496	0.344066	0.000000	0.002756	0.000000	0.000000	0.000000	0.000044
151	0.574490	0.078382	0.344376	0.000000	0.002709	0.000000	0.000000	0.000000	0.000043
152	0.575412	0.078227	0.343609	0.000000	0.002706	0.000000	0.000000	0.000000	0.000046
153	0.575255	0.078401	0.343530	0.000000	0.002764	0.000000	0.000000	0.000000	0.000050
154	0.575068	0.077998	0.344155	0.000000	0.002737	0.000000	0.000000	0.000000	0.000042
155	0.574853	0.078262	0.344147	0.000000	0.002692	0.000000	0.000000	0.000000	0.000046
156	0.574534	0.078502	0.344310	0.000000	0.002611	0.000000	0.000000	0.000000	0.000043
157	0.573523	0.078491	0.345352	0.000000	0.002607	0.000000	0.000000	0.000000	0.000027
158	0.573729	0.078674	0.344992	0.000000	0.002578	0.000000	0.000000	0.000000	0.000027
159	0.574244	0.078470	0.344654	0.000000	0.002601	0.000000	0.000000	0.000000	0.000031
160	0.574374	0.078125	0.344912	0.000000	0.002553	0.000000	0.000000	0.000000	0.000036
161	0.574189	0.078128	0.345071	0.000000	0.002577	0.000000	0.000000	0.000000	0.000035
162	0.573931	0.077990	0.345521	0.000000	0.002528	0.000000	0.000000	0.000000	0.000030
163	0.573881	0.078137	0.345493	0.000000	0.002466	0.000000	0.000000	0.000000	0.000023
164	0.573966	0.077856	0.345663	0.000000	0.002494	0.000000	0.000000	0.000000	0.000021
165	0.573962	0.078054	0.345522	0.000000	0.002437	0.000000	0.000000	0.000000	0.000025
166	0.573103	0.078603	0.345867	0.000000	0.002405	0.000000	0.000000	0.000000	0.000022
167	0.572951	0.078430	0.346282	0.000000	0.002316	0.000000	0.000000	0.000000	0.000021
168	0.572424	0.078395	0.346921	0.000000	0.002236	0.000000	0.000000	0.000000	0.000024
169	0.572546	0.078176	0.347022	0.000000	0.002238	0.000000	0.000000	0.000000	0.000018
170	0.572724	0.078423	0.346555	0.000000	0.002279	0.000000	0.000000	0.000000	0.000019
171	0.572896	0.078607	0.346231	0.000000	0.002244	0.000000	0.000000	0.000000	0.000022
172	0.573123	0.078579	0.346047	0.000000	0.002229	0.000000	0.000000	0.000000	0.000022
173	0.572674	0.078366	0.346713	0.000000	0.002233	0.000000	0.000000	0.000000	0.000014
174	0.572469	0.078424	0.346896	0.000000	0.002194	0.000000	0.000000	0.000000	0.000017
175	0.572375	0.078337	0.347120	0.000000	0.002148	0.000000	0.000000	0.000000	0.000020
176	0.572590	0.078532	0.346736	0.000000	0.002128	0.000000	0.000000	0.000000	0.000014
177	0.572548	0.078174	0.347151	0.000000	0.002112	0.000000	0.000000	0.000000	0.000015
178	0.572563	0.078063	0.347269	0.000000	0.002091	0.000000	0.000000	0.000000	0.000014
179	0.572544	0.078476	0.346873	0.000000	0.002092	0.000000	0.000000	0.000000	0.000015
180	0.572181	0.078545	0.347156	0.000000	0.002100	0.000000	0.000000	0.000000	0.000018
181	0.572713	0.078422	0.346786	0.000000	0.002070	0.000000	0.000000	0.000000	0.000009
182	0.572548	0.078254	0.347129	0.000000	0.002062	0.000000	0.000000	0.000000	0.000007
183	0.572599	0.078212	0.347068	0.000000	0.002109	0.000000	0.000000	0.000000	0.000012
184	0.572693	0.078381	0.346842	0.000000	0.002076	0.000000	0.000000	0.000000	0.000008
185	0.572707	0.078300	0.346903	0.000000	0.002086	0.000000	0.000000	0.000000	0.000004
186	0.573293	0.078116	0.346533	0.000000	0.002056	0.000000	0.000000	0.000000	0.000002
187	0.573537	0.078148	0.346270	0.000000	0.002042	0.000000	0.000000	0.000000	0.000003
188	0.573216	0.078249	0.346512	0.000000	0.002018	0.000000	0.000000	0.000000	0.000005
189	0.573156	0.078265	0.346552	0.000000	0.002022	0.000000	0.000000	0.000000	0.000005
190	0.572950	0.078232	0.346780	0.000000	0.002032	0.000000	0.000000	0.000000	0.000006
191	0.573162	0.078148	0.346685	0.000000	0.002000	0.000000	0.000000	0.000000	0.000005
192	0.573609	0.077766	0.346611	0.000000	0.002010	0.000000	0.000000	0.000000	0.000004
193	0.573064	0.077537	0.347414	0.000000	0.001983	0.000000	0.000000	0.000000	0.000002
194	0.573046	0.077647	0.347368	0.000000	0.001936	0.000000	0.000000	0.000000	0.000003
195	0.573515	0.077073	0.347504	0.000000	0.001905	0.000000	0.000000	0.000000	0.000003
196	0.573654	0.076973	0.347464	0.000000	0.001907	0.000000	0.000000	0.000000	0.000002
197	0.573886	0.076849	0.347340	0.000000	0.001923	0.000000	0.000000	0.000000	0.000002
198	0.574317	0.076667	0.347141	0.000000	0.001875	0.000000	0.000000	0.000000	0.000000
199	0.574300	0.076267	0.347601	0.000000	0.001832	0.000000	0.000000	0.000000	0.000000
200	0.574406	0.076357	0.347380	0.000000	0.001857	0.000000	0.000000	0.000000	0.000000
201	0.574192	0.076382	0.347585	0.000000	0.001841	0.000000	0.000000	0.000000	0.000000
202	0.573833	0.076490	0.347879	0.000000	0.001798	0.000000	0.000000	0.000000	0.000000
203	0.574082	0.076333	0.347824	0.000000	0.001761	0.000000	0.000000	0.000000	0.000000
204	0.573949	0.076239	0.348090	0.000000	0.001722	0.000000	0.000000	0.000000	0.000000
205	0.574327	0.076329	0.347637	0.000000	0.001707	0.000000	0.000000	0.000000	0.000000
206	0.574032	0.076100	0.348161	0.000000	0.001707	0.000000	0.000000	0.000000	0.000000
207	0.574139	0.076265	0.347918	0.000000	0.001678	0.000000	0.000000	0.000000	0.000000
208	0.574363	0.076427	0.347571	0.000000	0.001639	0.000000	0.000000	0.000000	0.000000
209	0.573912	0.076085	0.348359	0.000000	0.001644	0.000000	0.000000	0.000000	0.000000
210	0.574352	0.076051	0.347973	0.000000	0.001624	0.000000	0.000000	0.000000	0.000000
211	0.574263	0.076094	0.348045	0.000000	0.001598	0.000000	0.000000	0.000000	0.000000
212	0.573644	0.075766	0.348994	0.000000	0.001596	0.000000	0.000000	0.000000	0.000000
213	0.574199	0.075600	0.348627	0.000000	0.001574	0.000000	0.000000	0.000000	0.000000
214	0.574003	0.075801	0.348584	0.000000	0.001612	0.000000	0.000000	0.000000	0.000000
215	0.573184	0.076012	0.349230	0.000000	0.001574	0.000000	0.000000	0.000000	0.000000
216	0.573719	0.075805	0.348970	0.000000	0.001506	0.000000	0.000000	0.000000	0.000000
217	0.573819	0.075916	0.348748	0.000000	0.001517	0.000000	0.000000	0.000000	0.000000
218	0.572800	0.076056	0.349622	0.000000	0.001522	0.000000	0.000000	0.000000	0.000000
219	0.572836	0.075955	0.349732	0.000000	0.001477	0.000000	0.000000	0.000000	0.000000
220	0.572680	0.076473	0.349356	0.000000	0.001491	0.000000	0.000000	0.000000	0.000000
221	0.572853	0.076081	0.349586	0.000000	0.001480	0.000000	0.000000	0.000000	0.000000
222	0.572855	0.076319	0.349336	0.000000	0.001490	0.000000	0.000000	0.000000	0.000000
223	0.572722	0.076497	0.349344	0.000000	0.001437	0.000000	0.000000	0.000000	0.000000
224	0.572918	0.076385	0.349292	0.000000	0.001405	0.000000	0.000000	0.000000	0.000000
225	0.572758	0.076476	0.349389	0.000000	0.001377	0.000000	0.000000	0.000000	0.000000
226	0.572183	0.076406	0.350017	0.000000	0.001394	0.000000	0.000000	0.000000	0.000000
227	0.572339	0.076267	0.350023	0.000000	0.001371	0.000000	0.000000	0.000000	0.000000
228	0.571739	0.076654	0.350238	0.000000	0.001369	0.000000	0.000000	0.000000	0.000000
229	0.571336	0.076937	0.350361	0.000000	0.001366	0.000000	0.000000	0.000000	0.000000
230	0.572061	0.077053	0.349548	0.000000	0.001338	0.000000	0.000000	0.000000	0.000000
231	0.571522	0.077090	0.350051	0.000000	0.001337	0.000000	0.000000	0.000000	0.000000
232	0.571875	0.076900	0.349909	0.000000	0.001316	0.000000	0.000000	0.000000	0.000000
233	0.571856	0.077157	0.349735	0.000000	0.001252	0.000000	0.000000	0.000000	0.000000
234	0.571743	0.077352	0.349665	0.000000	0.001240	0.000000	0.000000	0.000000	0.000000
235	0.571657	0.077593	0.349510	0.000000	0.001240	0.000000	0.000000	0.000000	0.000000
236	0.572271	0.077410	0.349131	0.000000	0.001188	0.000000	0.000000	0.000000	0.000000
237	0.571702	0.077311	0.349802	0.000000	0.001185	0.000000	0.000000	0.000000	0.000000
238	0.572018	0.077096	0.349717	0.000000	0.001169	0.000000	0.000000	0.000000	0.000000
239	0.571964	0.076849	0.350046	0.000000	0.001141	0.000000	0.000000	0.000000	0.000000
240	0.572398	0.076644	0.349810	0.000000	0.001148	0.000000	0.000000	0.000000	0.000000
241	0.571977	0.076307	0.350554	0.000000	0.001162	0.000000	0.000000	0.000000	0.000000
242	0.572010	0.076590	0.350249	0.000000	0.001151	0.000000	0.000000	0.000000	0.000000
243	0.571794	0.076429	0.350682	0.000000	0.001095	0.000000	0.000000	0.000000	0.000000
244	0.571624	0.076568	0.350748	0.000000	0.001060	0.000000	0.000000	0.000000	0.000000
245	0.571705	0.076412	0.350819	0.000000	0.001064	0.000000	0.000000	0.000000	0.000000
246	0.570909	0.076604	0.351429	0.000000	0.001058	0.000000	0.000000	0.000000	0.000000
247	0.571216	0.076820	0.350916	0.000000	0.001048	0.000000	0.000000	0.000000	0.000000
248	0.570922	0.076763	0.351294	0.000000	0.001021	0.000000	0.000000	0.000000	0.000000
249	0.570906	0.076542	0.351523	0.000000	0.001029	0.000000	0.000000	0.000000	0.000000
250	0.570786	0.076704	0.351482	0.000000	0.001028	0.000000	0.000000	0.000000	0.000000
251	0.570217	0.077075	0.351676	0.000000	0.001032	0.000000	0.000000	0.000000	0.000000
252	0.570337	0.077238	0.351366	0.000000	0.001059	0.000000	0.000000	0.000000	0.000000
253	0.571276	0.077030	0.350627	0.000000	0.001067	0.000000	0.000000	0.000000	0.000000
254	0.571421	0.076774	0.350779	0.000000	0.001026	0.000000	0.000000	0.000000	0.000000
255	0.571061	0.077034	0.350905	0.000000	0.001000	0.000000	0.000000	0.000000	0.000000
256	0.571082	0.077056	0.350826	0.000000	0.001036	0.000000	0.000000	0.000000	0.000000
257	0.571223	0.077312	0.350424	0.000000	0.001041	0.000000	0.000000	0.000000	0.000000
258	0.571514	0.076820	0.350599	0.000000	0.001067	0.000000	0.000000	0.000000	0.000000
259	0.571419	0.076608	0.350945	0.000000	0.001028	0.000000	0.000000	0.000000	0.000000
260	0.571099	0.076576	0.351283	0.000000	0.001042	0.000000	0.000000	0.000000	0.000000
261	0.571172	0.076665	0.351130	0.000000	0.001033	0.000000	0.000000	0.000000	0.000000
262	0.570765	0.077054	0.351129	0.000000	0.001052	0.000000	0.000000	0.000000	0.000000
263	0.570941	0.076937	0.351029	0.000000	0.001093	0.000000	0.000000	0.000000	0.000000
264	0.570527	0.077028	0.351392	0.000000	0.001053	0.000000	0.000000	0.000000	0.000000
265	0.570401	0.076933	0.351591	0.000000	0.001075	0.000000	0.000000	0.000000	0.000000
266	0.570700	0.076858	0.351369	0.000000	0.001073	0.000000	0.000000	0.000000	0.000000
267	0.570397	0.076921	0.351632	0.000000	0.001050	0.000000	0.000000	0.000000	0.000000
268	0.570732	0.077197	0.351047	0.000000	0.001024	0.000000	0.000000	0.000000	0.000000
269	0.570758	0.076700	0.351529	0.000000	0.001013	0.000000	0.000000	0.000000	0.000000
270	0.569933	0.076783	0.352259	0.000000	0.001025	0.000000	0.000000	0.000000	0.000000
271	0.570195	0.076866	0.351921	0.000000	0.001018	0.000000	0.000000	0.000000	0.000000
272	0.569948	0.076821	0.352226	0.000000	0.001005	0.000000	0.000000	0.000000	0.000000
273	0.569407	0.076584	0.353011	0.000000	0.000998	0.000000	0.000000	0.000000	0.000000
274	0.569854	0.076598	0.352538	0.000000	0.001010	0.000000	0.000000	0.000000	0.000000
275	0.569572	0.076715	0.352722	0.000000	0.000991	0.000000	0.000000	0.000000	0.000000
276	0.570007	0.076544	0.352458	0.000000	0.000991	0.000000	0.000000	0.000000	0.000000
277	0.570157	0.076603	0.352280	0.000000	0.000960	0.000000	0.000000	0.000000	0.000000
278	0.570375	0.076668	0.352020	0.000000	0.000937	0.000000	0.000000	0.000000	0.000000
279	0.570219	0.076529	0.352332	0.000000	0.000920	0.000000	0.000000	0.000000	0.000000
280	0.570220	0.076671	0.352223	0.000000	0.000886	0.000000	0.000000	0.000000	0.000000
281	0.570059	0.076585	0.352476	0.000000	0.000880	0.000000	0.000000	0.000000	0.000000
282	0.569363	0.076808	0.352915	0.000000	0.000914	0.000000	0.000000	0.000000	0.000000
283	0.569751	0.076733	0.352598	0.000000	0.000918	0.000000	0.000000	0.000000	0.000000
284	0.569278	0.077273	0.352531	0.000000	0.000918	0.000000	0.000000	0.000000	0.000000
285	0.569478	0.077273	0.352324	0.000000	0.000925	0.000000	0.000000	0.000000	0.000000
286	0.569251	0.077416	0.352390	0.000000	0.000943	0.000000	0.000000	0.000000	0.000000
287	0.569501	0.077396	0.352193	0.000000	0.000910	0.000000	0.000000	0.000000	0.000000
288	0.569344	0.077489	0.352239	0.000000	0.000928	0.000000	0.000000	0.000000	0.000000
289	0.569184	0.077177	0.352702	0.000000	0.000937	0.000000	0.000000	0.000000	0.000000
290	0.569234	0.077530	0.352313	0.000000	0.000923	0.000000	0.000000	0.000000	0.000000
291	0.569419	0.077242	0.352374	0.000000	0.000965	0.000000	0.000000	0.000000	0.000000
292	0.569759	0.077058	0.352238	0.000000	0.000945	0.000000	0.000000	0.000000	0.000000
293	0.570002	0.077333	0.351697	0.000000	0.000968	0.000000	0.000000	0.000000	0.000000
294	0.569182	0.077501	0.352343	0.000000	0.000974	0.000000	0.000000	0.000000	0.000000
295	0.569148	0.077611	0.352274	0.000000	0.000967	0.000000	0.000000	0.000000	0.000000
296	0.569719	0.077509	0.351812	0.000000	0.000960	0.000000	0.000000	0.000000	0.000000
297	0.569408	0.077279	0.352363	0.000000	0.000950	0.000000	0.000000	0.000000	0.000000
298	0.569688	0.077597	0.351775	0.000000	0.000940	0.000000	0.000000	0.000000	0.000000
299	0.569351	0.077971	0.351731	0.000000	0.000947	0.000000	0.000000	0.000000	0.000000
300	0.569937	0.078310	0.350782	0.000000	0.000971	0.000000	0.000000	0.000000	0.000000
301	0.569405	0.078352	0.351322	0.000000	0.000921	0.000000	0.000000	0.000000	0.000000
302	0.569619	0.078168	0.351308	0.000000	0.000905	0.000000	0.000000	0.000000	0.000000
303	0.569112	0.078448	0.351510	0.000000	0.000930	0.000000	0.000000	0.000000	0.000000
304	0.569469	0.078359	0.351259	0.000000	0.000913	0.000000	0.000000	0.000000	0.000000
305	0.569049	0.078362	0.351655	0.000000	0.000934	0.000000	0.000000	0.000000	0.000000
306	0.569092	0.078104	0.351894	0.000000	0.000910	0.000000	0.000000	0.000000	0.000000
307	0.569454	0.078114	0.351517	0.000000	0.000915	0.000000	0.000000	0.000000	0.000000
308	0.569252	0.078382	0.351459	0.000000	0.000907	0.000000	0.000000	0.000000	0.000000
309	0.569125	0.078606	0.351362	0.000000	0.000907	0.000000	0.000000	0.000000	0.000000
310	0.569146	0.078520	0.351425	0.000000	0.000909	0.000000	0.000000	0.000000	0.000000
311	0.569420	0.078670	0.350986	0.000000	0.000924	0.000000	0.000000	0.000000	0.000000
312	0.569229	0.078746	0.351103	0.000000	0.000922	0.000000	0.000000	0.000000	0.000000
313	0.568829	0.078860	0.351381	0.000000	0.000930	0.000000	0.000000	0.000000	0.000000
314	0.568400	0.078941	0.351742	0.000000	0.000917	0.000000	0.000000	0.000000	0.000000
315	0.568098	0.078646	0.352314	0.000000	0.000942	0.000000	0.000000	0.000000	0.000000
316	0.567863	0.078737	0.352502	0.000000	0.000898	0.000000	0.000000	0.000000	0.000000
317	0.568158	0.078482	0.352431	0.000000	0.000929	0.000000	0.000000	0.000000	0.000000
318	0.568523	0.078468	0.352096	0.000000	0.000913	0.000000	0.000000	0.000000	0.000000
319	0.568373	0.078380	0.352362	0.000000	0.000885	0.000000	0.000000	0.000000	0.000000
320	0.568615	0.078369	0.352105	0.000000	0.000911	0.000000	0.000000	0.000000	0.000000
321	0.568798	0.078119	0.352202	0.000000	0.000881	0.000000	0.000000	0.000000	0.000000
322	0.568208	0.078371	0.352549	0.000000	0.000872	0.000000	0.000000	0.000000	0.000000
323	0.568725	0.078266	0.352138	0.000000	0.000871	0.000000	0.000000	0.000000	0.000000
324	0.568446	0.078328	0.352355	0.000000	0.000871	0.000000	0.000000	0.000000	0.000000
325	0.568739	0.078136	0.352275	0.000000	0.000850	0.000000	0.000000	0.000000	0.000000
326	0.568472	0.078125	0.352549	0.000000	0.000854	0.000000	0.000000	0.000000	0.000000
327	0.569199	0.078149	0.351803	0.000000	0.000849	0.000000	0.000000	0.000000	0.000000
328	0.569213	0.078252	0.351712	0.000000	0.000823	0.000000	0.000000	0.000000	0.000000
329	0.569543	0.078331	0.351344	0.000000	0.000782	0.000000	0.000000	0.000000	0.000000
330	0.569600	0.077938	0.351690	0.000000	0.000772	0.000000	0.000000	0.000000	0.000000
331	0.568841	0.078205	0.352174	0.000000	0.000780	0.000000	0.000000	0.000000	0.000000
332	0.568953	0.077962	0.352303	0.000000	0.000782	0.000000	0.000000	0.000000	0.000000
333	0.569187	0.078223	0.351835	0.000000	0.000755	0.000000	0.000000	0.000000	0.000000
334	0.569282	0.078190	0.351800	0.000000	0.000728	0.000000	0.000000	0.000000	0.000000
335	0.568969	0.078155	0.352141	0.000000	0.000735	0.000000	0.000000	0.000000	0.000000
336	0.569085	0.078190	0.351987	0.000000	0.000738	0.000000	0.000000	0.000000	0.000000
337	0.568934	0.077802	0.352492	0.000000	0.000772	0.000000	0.000000	0.000000	0.000000
338	0.568889	0.077534	0.352806	0.000000	0.000771	0.000000	0.000000	0.000000	0.000000
339	0.568943	0.077313	0.352940	0.000000	0.000804	0.000000	0.000000	0.000000	0.000000
340	0.568607	0.077215	0.353363	0.000000	0.000815	0.000000	0.000000	0.000000	0.000000
341	0.568184	0.077102	0.353904	0.000000	0.000810	0.000000	0.000000	0.000000	0.000000
342	0.568025	0.077024	0.354114	0.000000	0.000837	0.000000	0.000000	0.000000	0.000000
343	0.567879	0.076858	0.354429	0.000000	0.000834	0.000000	0.000000	0.000000	0.000000
344	0.567452	0.076584	0.355128	0.000000	0.000836	0.000000	0.000000	0.000000	0.000000
345	0.567534	0.076799	0.354842	0.000000	0.000825	0.000000	0.000000	0.000000	0.000000
346	0.567720	0.076821	0.354660	0.000000	0.000799	0.000000	0.000000	0.000000	0.000000
347	0.567936	0.076457	0.354796	0.000000	0.000811	0.000000	0.000000	0.000000	0.000000
348	0.568140	0.076481	0.354569	0.000000	0.000810	0.000000	0.000000	0.000000	0.000000
349	0.567877	0.076340	0.354980	0.000000	0.000803	0.000000	0.000000	0.000000	0.000000
350	0.568180	0.076445	0.354573	0.000000	0.000802	0.000000	0.000000	0.000000	0.000000
351	0.568119	0.076249	0.354854	0.000000	0.000778	0.000000	0.000000	0.000000	0.000000
352	0.568223	0.076208	0.354814	0.000000	0.000755	0.000000	0.000000	0.000000	0.000000
353	0.567953	0.076174	0.355112	0.000000	0.000761	0.000000	0.000000	0.000000	0.000000
354	0.567832	0.076358	0.355033	0.000000	0.000777	0.000000	0.000000	0.000000	0.000000
355	0.567550	0.076316	0.355348	0.000000	0.000786	0.000000	0.000000	0.000000	0.000000
356	0.568088	0.076280	0.354863	0.000000	0.000769	0.000000	0.000000	0.000000	0.000000
357	0.568506	0.076290	0.354434	0.000000	0.000770	0.000000	0.000000	0.000000	0.000000
358	0.568571	0.076259	0.354403	0.000000	0.000767	0.000000	0.000000	0.000000	0.000000
359	0.568659	0.075899	0.354689	0.000000	0.000753	0.000000	0.000000	0.000000	0.000000
360	0.568423	0.075845	0.354984	0.000000	0.000748	0.000000	0.000000	0.000000	0.000000
361	0.567880	0.076337	0.355058	0.000000	0.000725	0.000000	0.000000	0.000000	0.000000
362	0.568012	0.076012	0.355249	0.000000	0.000727	0.000000	0.000000	0.000000	0.000000
363	0.568768	0.075863	0.354636	0.000000	0.000733	0.000000	0.000000	0.000000	0.000000
364	0.567937	0.075841	0.355523	0.000000	0.000699	0.000000	0.000000	0.000000	0.000000
365	0.567113	0.075815	0.356362	0.000000	0.000710	0.000000	0.000000	0.000000	0.000000
366	0.567309	0.075432	0.356581	0.000000	0.000678	0.000000	0.000000	0.000000	0.000000
367	0.568149	0.075415	0.355791	0.000000	0.000645	0.000000	0.000000	0.000000	0.000000
368	0.568177	0.075541	0.355628	0.000000	0.000654	0.000000	0.000000	0.000000	0.000000
369	0.568124	0.075382	0.355849	0.000000	0.000645	0.000000	0.000000	0.000000	0.000000
370	0.568498	0.075211	0.355639	0.000000	0.000652	0.000000	0.000000	0.000000	0.000000
371	0.568534	0.075349	0.355459	0.000000	0.000658	0.000000	0.000000	0.000000	0.000000
372	0.568747	0.075432	0.355157	0.000000	0.000664	0.000000	0.000000	0.000000	0.000000
373	0.569131	0.075244	0.354951	0.000000	0.000674	0.000000	0.000000	0.000000	0.000000
374	0.568925	0.075530	0.354874	0.000000	0.000671	0.000000	0.000000	0.000000	0.000000
375	0.568767	0.075732	0.354813	0.000000	0.000688	0.000000	0.000000	0.000000	0.000000
376	0.568757	0.075649	0.354920	0.000000	0.000674	0.000000	0.000000	0.000000	0.000000
377	0.568851	0.076084	0.354386	0.000000	0.000679	0.000000	0.000000	0.000000	0.000000
378	0.569006	0.075975	0.354345	0.000000	0.000674	0.000000	0.000000	0.000000	0.000000
379	0.569442	0.075985	0.353908	0.000000	0.000665	0.000000	0.000000	0.000000	0.000000
380	0.569392	0.075794	0.354143	0.000000	0.000671	0.000000	0.000000	0.000000	0.000000
381	0.569205	0.075906	0.354241	0.000000	0.000648	0.000000	0.000000	0.000000	0.000000
382	0.569307	0.076072	0.353978	0.000000	0.000643	0.000000	0.000000	0.000000	0.000000
383	0.569847	0.076232	0.353277	0.000000	0.000644	0.000000	0.000000	0.000000	0.000000
384	0.569891	0.076234	0.353237	0.000000	0.000638	0.000000	0.000000	0.000000	0.000000
385	0.569192	0.076333	0.353877	0.000000	0.000598	0.000000	0.000000	0.000000	0.000000
386	0.569447	0.076579	0.353363	0.000000	0.000611	0.000000	0.000000	0.000000	0.000000
387	0.569531	0.076293	0.353549	0.000000	0.000627	0.000000	0.000000	0.000000	0.000000
388	0.570132	0.076369	0.352864	0.000000	0.000635	0.000000	0.000000	0.000000	0.000000
389	0.569737	0.076560	0.353079	0.000000	0.000624	0.000000	0.000000	0.000000	0.000000
390	0.569347	0.076502	0.353501	0.000000	0.000650	0.000000	0.000000	0.000000	0.000000
391	0.569391	0.076318	0.353634	0.000000	0.000657	0.000000	0.000000	0.000000	0.000000
392	0.569318	0.076312	0.353747	0.000000	0.000623	0.000000	0.000000	0.000000	0.000000
393	0.569848	0.075843	0.353696	0.000000	0.000613	0.000000	0.000000	0.000000	0.000000
394	0.569655	0.075983	0.353759	0.000000	0.000603	0.000000	0.000000	0.000000	0.000000
395	0.569882	0.075919	0.353617	0.000000	0.000582	0.000000	0.000000	0.000000	0.000000
396	0.570229	0.075477	0.353686	0.000000	0.000608	0.000000	0.000000	0.000000	0.000000
397	0.569945	0.075482	0.353960	0.000000	0.000613	0.000000	0.000000	0.000000	0.000000
398	0.569911	0.075404	0.354085	0.000000	0.000600	0.000000	0.000000	0.000000	0.000000
399	0.569609	0.075749	0.354039	0.000000	0.000603	0.000000	0.000000	0.000000	0.000000
400	0.569526	0.075339	0.354530	0.000000	0.000605	0.000000	0.000000	0.000000	0.000000
401	0.569346	0.075590	0.354438	0.000000	0.000626	0.000000	0.000000	0.000000	0.000000
402	0.568655	0.075553	0.355169	0.000000	0.000623	0.000000	0.000000	0.000000	0.000000
403	0.568815	0.075817	0.354749	0.000000	0.000619	0.000000	0.000000	0.000000	0.000000
404	0.568479	0.075863	0.355029	0.000000	0.000629	0.000000	0.000000	0.000000	0.000000
405	0.568665	0.075681	0.355025	0.000000	0.000629	0.000000	0.000000	0.000000	0.000000
406	0.567820	0.075987	0.355580	0.000000	0.000613	0.000000	0.000000	0.000000	0.000000
407	0.568117	0.075989	0.355274	0.000000	0.000620	0.000000	0.000000	0.000000	0.000000
408	0.567566	0.075915	0.355916	0.000000	0.000603	0.000000	0.000000	0.000000	0.000000
409	0.567264	0.076007	0.356127	0.000000	0.000602	0.000000	0.000000	0.000000	0.000000
410	0.567914	0.076084	0.355418	0.000000	0.000584	0.000000	0.000000	0.000000	0.000000
411	0.567411	0.076211	0.355820	0.000000	0.000558	0.000000	0.000000	0.000000	0.000000
412	0.567299	0.076323	0.355833	0.000000	0.000545	0.000000	0.000000	0.000000	0.000000
413	0.567247	0.076154	0.356064	0.000000	0.000535	0.000000	0.000000	0.000000	0.000000
414	0.567687	0.076188	0.355591	0.000000	0.000534	0.000000	0.000000	0.000000	0.000000
415	0.567089	0.076084	0.356282	0.000000	0.000545	0.000000	0.000000	0.000000	0.000000
416	0.567059	0.076098	0.356287	0.000000	0.000556	0.000000	0.000000	0.000000	0.000000
417	0.567616	0.076086	0.355763	0.000000	0.000535	0.000000	0.000000	0.000000	0.000000
418	0.567524	0.076009	0.355932	0.000000	0.000535	0.000000	0.000000	0.000000	0.000000
419	0.567422	0.076104	0.355937	0.000000	0.000537	0.000000	0.000000	0.000000	0.000000
420	0.567575	0.076208	0.355693	0.000000	0.000524	0.000000	0.000000	0.000000	0.000000
421	0.566924	0.076195	0.356361	0.000000	0.000520	0.000000	0.000000	0.000000	0.000000
422	0.567366	0.076251	0.355865	0.000000	0.000518	0.000000	0.000000	0.000000	0.000000
423	0.566982	0.076502	0.356029	0.000000	0.000487	0.000000	0.000000	0.000000	0.000000
424	0.567473	0.076329	0.355722	0.000000	0.000476	0.000000	0.000000	0.000000	0.000000
425	0.567458	0.076585	0.355484	0.000000	0.000473	0.000000	0.000000	0.000000	0.000000
426	0.566778	0.076602	0.356158	0.000000	0.000462	0.000000	0.000000	0.000000	0.000000
427	0.566750	0.076693	0.356103	0.000000	0.000454	0.000000	0.000000	0.000000	0.000000
428	0.566562	0.076936	0.356048	0.000000	0.000454	0.000000	0.000000	0.000000	0.000000
429	0.566165	0.077067	0.356305	0.000000	0.000463	0.000000	0.000000	0.000000	0.000000
430	0.566390	0.076897	0.356272	0.000000	0.000441	0.000000	0.000000	0.000000	0.000000
431	0.566835	0.076818	0.355896	0.000000	0.000451	0.000000	0.000000	0.000000	0.000000
432	0.566604	0.076699	0.356262	0.000000	0.000435	0.000000	0.000000	0.000000	0.000000
433	0.566443	0.077000	0.356136	0.000000	0.000421	0.000000	0.000000	0.000000	0.000000
434	0.566496	0.077008	0.356082	0.000000	0.000414	0.000000	0.000000	0.000000	0.000000
435	0.566793	0.076806	0.356002	0.000000	0.000399	0.000000	0.000000	0.000000	0.000000
436	0.567403	0.076736	0.355483	0.000000	0.000378	0.000000	0.000000	0.000000	0.000000
437	0.566877	0.077073	0.355689	0.000000	0.000361	0.000000	0.000000	0.000000	0.000000
438	0.566988	0.077224	0.355427	0.000000	0.000361	0.000000	0.000000	0.000000	0.000000
439	0.567366	0.077019	0.355260	0.000000	0.000355	0.000000	0.000000	0.000000	0.000000
440	0.567072	0.076832	0.355743	0.000000	0.000353	0.000000	0.000000	0.000000	0.000000
441	0.566980	0.076631	0.356031	0.000000	0.000358	0.000000	0.000000	0.000000	0.000000
442	0.566877	0.076588	0.356186	0.000000	0.000349	0.000000	0.000000	0.000000	0.000000
443	0.567435	0.076514	0.355725	0.000000	0.000326	0.000000	0.000000	0.000000	0.000000
444	0.567448	0.076778	0.355447	0.000000	0.000327	0.000000	0.000000	0.000000	0.000000
445	0.567320	0.076826	0.355540	0.000000	0.000314	0.000000	0.000000	0.000000	0.000000
446	0.567070	0.076983	0.355636	0.000000	0.000311	0.000000	0.000000	0.000000	0.000000
447	0.567392	0.076761	0.355536	0.000000	0.000311	0.000000	0.000000	0.000000	0.000000
448	0.567568	0.076642	0.355482	0.000000	0.000308	0.000000	0.000000	0.000000	0.000000
449	0.567278	0.076641	0.355796	0.000000	0.000285	0.000000	0.000000	0.000000	0.000000
450	0.567640	0.076265	0.355810	0.000000	0.000285	0.000000	0.000000	0.000000	0.000000
451	0.566858	0.076379	0.356490	0.000000	0.000273	0.000000	0.000000	0.000000	0.000000
452	0.566494	0.076634	0.356600	0.000000	0.000272	0.000000	0.000000	0.000000	0.000000
453	0.566435	0.076735	0.356552	0.000000	0.000278	0.000000	0.000000	0.000000	0.000000
454	0.567056	0.076718	0.355954	0.000000	0.000272	0.000000	0.000000	0.000000	0.000000
455	0.565961	0.077085	0.356673	0.000000	0.000281	0.000000	0.000000	0.000000	0.000000
456	0.565822	0.076730	0.357160	0.000000	0.000288	0.000000	0.000000	0.000000	0.000000
457	0.565523	0.076914	0.357289	0.000000	0.000274	0.000000	0.000000	0.000000	0.000000
458	0.565611	0.076796	0.357309	0.000000	0.000284	0.000000	0.000000	0.000000	0.000000
459	0.565722	0.077092	0.356929	0.000000	0.000257	0.000000	0.000000	0.000000	0.000000
460	0.565818	0.076889	0.357040	0.000000	0.000253	0.000000	0.000000	0.000000	0.000000
461	0.566389	0.076902	0.356463	0.000000	0.000246	0.000000	0.000000	0.000000	0.000000
462	0.566562	0.076648	0.356567	0.000000	0.000223	0.000000	0.000000	0.000000	0.000000
463	0.566378	0.076648	0.356766	0.000000	0.000208	0.000000	0.000000	0.000000	0.000000
464	0.566420	0.076533	0.356858	0.000000	0.000189	0.000000	0.000000	0.000000	0.000000
465	0.565717	0.076736	0.357362	0.000000	0.000185	0.000000	0.000000	0.000000	0.000000
466	0.565310	0.076708	0.357797	0.000000	0.000185	0.000000	0.000000	0.000000	0.000000
467	0.565367	0.076445	0.358007	0.000000	0.000181	0.000000	0.000000	0.000000	0.000000
468	0.564822	0.076545	0.358472	0.000000	0.000161	0.000000	0.000000	0.000000	0.000000
469	0.564556	0.076563	0.358723	0.000000	0.000158	0.000000	0.000000	0.000000	0.000000
470	0.564410	0.076576	0.358855	0.000000	0.000159	0.000000	0.000000	0.000000	0.000000
