0	0.290663	0.057897	0.229473	0.157588	0.029913	0.111872	0.085455	0.012259	0.024880
1	0.237479	0.049065	0.204071	0.152700	0.030702	0.128823	0.099157	0.019419	0.078584
2	0.240682	0.048499	0.206131	0.159003	0.033867	0.134871	0.085269	0.016493	0.075185
3	0.248511	0.048085	0.209816	0.164623	0.037273	0.137000	0.071832	0.013698	0.069162
4	0.256344	0.047521	0.212781	0.168808	0.040714	0.138702	0.059825	0.011097	0.064208
5	0.263628	0.046456	0.215455	0.172515	0.044669	0.138991	0.050358	0.008985	0.058943
6	0.269537	0.045092	0.217390	0.176288	0.048249	0.139155	0.042296	0.007572	0.054421
7	0.275305	0.043418	0.218980	0.179209	0.051911	0.139488	0.035598	0.006066	0.050025
8	0.279947	0.041877	0.220652	0.181301	0.055935	0.138912	0.029986	0.004939	0.046451
9	0.284543	0.039637	0.221375	0.183037	0.060321	0.138534	0.025525	0.003996	0.043032
10	0.289029	0.037972	0.221815	0.184679	0.064448	0.137179	0.021643	0.003245	0.039990
11	0.292040	0.036040	0.222527	0.186210	0.068490	0.136290	0.018591	0.002740	0.037072
12	0.294847	0.034326	0.223857	0.186405	0.072611	0.135079	0.015827	0.002217	0.034831
13	0.297876	0.032520	0.223651	0.187411	0.076885	0.133491	0.013799	0.001771	0.032596
14	0.300185	0.030656	0.223861	0.187121	0.081327	0.132701	0.011894	0.001520	0.030735
15	0.301980	0.028902	0.224028	0.187476	0.085913	0.131331	0.010434	0.001282	0.028654
16	0.303889	0.027138	0.224071	0.187383	0.090467	0.130339	0.008982	0.001072	0.026659
17	0.305429	0.025459	0.223344	0.187625	0.095075	0.129246	0.007797	0.000901	0.025124
18	0.306531	0.023923	0.223832	0.187340	0.099631	0.127817	0.006769	0.000750	0.023407
19	0.308013	0.022373	0.222966	0.187250	0.104036	0.126549	0.005910	0.000622	0.022281
20	0.307576	0.021093	0.222889	0.187230	0.108543	0.125931	0.005270	0.000529	0.020939
21	0.308109	0.019762	0.221512	0.187019	0.113929	0.124926	0.004584	0.000465	0.019694
22	0.308364	0.018376	0.220629	0.186901	0.119115	0.123559	0.003961	0.000376	0.018719
23	0.308694	0.017263	0.219198	0.186835	0.124647	0.122086	0.003388	0.000324	0.017565
24	0.308771	0.016097	0.218737	0.186045	0.129877	0.120527	0.002961	0.000274	0.016711
25	0.308458	0.015174	0.217980	0.185036	0.135498	0.119394	0.002560	0.000238	0.015662
26	0.307735	0.014275	0.216467	0.184976	0.140930	0.118277	0.002211	0.000162	0.014967
27	0.307103	0.013391	0.214548	0.184817	0.146443	0.117394	0.001938	0.000171	0.014195
28	0.306201	0.012353	0.213569	0.183799	0.151726	0.116823	0.001752	0.000124	0.013653
29	0.305244	0.011734	0.211766	0.183185	0.157810	0.115829	0.001513	0.000113	0.012806
30	0.303704	0.011175	0.210369	0.182664	0.163919	0.114571	0.001427	0.000087	0.012084
31	0.301553	0.010380	0.208151	0.182890	0.169986	0.114267	0.001251	0.000092	0.011430
32	0.299487	0.009639	0.206800	0.182214	0.176855	0.113088	0.001073	0.000075	0.010769
33	0.297220	0.009010	0.205161	0.182031	0.182907	0.112414	0.000966	0.000076	0.010215
34	0.295636	0.008374	0.203501	0.181198	0.189290	0.111472	0.000808	0.000069	0.009652
35	0.293197	0.007720	0.201422	0.180586	0.195897	0.111208	0.000654	0.000054	0.009262
36	0.290694	0.007188	0.199871	0.179843	0.202883	0.110206	0.000594	0.000038	0.008683
37	0.288009	0.006657	0.197793	0.179493	0.209408	0.109819	0.000524	0.000036	0.008261
38	0.285190	0.006181	0.195844	0.179178	0.215994	0.109227	0.000490	0.000032	0.007864
39	0.281687	0.005687	0.194297	0.179196	0.222711	0.108531	0.000422	0.000040	0.007429
40	0.278992	0.005386	0.191922	0.178967	0.229720	0.107624	0.000385	0.000027	0.006977
41	0.275991	0.004864	0.189032	0.179195	0.236946	0.107076	0.000315	0.000025	0.006556
42	0.272851	0.004635	0.186965	0.178783	0.243952	0.106199	0.000315	0.000017	0.006283
43	0.269707	0.004238	0.184369	0.178364	0.251328	0.105766	0.000264	0.000019	0.005945
44	0.266208	0.003913	0.181755	0.178339	0.258482	0.105302	0.000236	0.000009	0.005756
45	0.262657	0.003680	0.178604	0.178596	0.265917	0.104922	0.000226	0.000009	0.005389
46	0.259279	0.003416	0.175742	0.178782	0.273168	0.104335	0.000186	0.000005	0.005087
47	0.255136	0.003174	0.173178	0.178709	0.280760	0.104075	0.000155	0.000001	0.004812
48	0.251360	0.002944	0.171031	0.178142	0.287867	0.103976	0.000132	0.000005	0.004543
49	0.247648	0.002779	0.167770	0.178489	0.295009	0.103792	0.000099	0.000006	0.004408
50	0.243529	0.002523	0.164539	0.178591	0.303380	0.103218	0.000072	0.000006	0.004142
51	0.240000	0.002323	0.161017	0.178787	0.310817	0.103050	0.000093	0.000004	0.003909
52	0.235916	0.002104	0.158189	0.178782	0.318723	0.102489	0.000083	0.000003	0.003711
53	0.231533	0.001963	0.154807	0.179338	0.326203	0.102569	0.000070	0.000003	0.003514
54	0.226971	0.001874	0.151780	0.179285	0.334107	0.102561	0.000070	0.000001	0.003351
55	0.222451	0.001744	0.148811	0.179777	0.341775	0.102223	0.000068	0.000001	0.003150
56	0.217690	0.001606	0.145491	0.180541	0.349571	0.102030	0.000053	0.000002	0.003016
57	0.213218	0.001493	0.142483	0.180988	0.357064	0.101884	0.000038	0.000001	0.002831
58	0.208114	0.001363	0.140118	0.181094	0.364772	0.101725	0.000035	0.000001	0.002778
59	0.203347	0.001288	0.136911	0.181881	0.372494	0.101490	0.000024	0.000002	0.002563
60	0.199314	0.001219	0.133518	0.182505	0.379878	0.101159	0.000026	0.000004	0.002377
61	0.195069	0.001163	0.130444	0.183033	0.387094	0.100881	0.000021	0.000004	0.002291
62	0.190315	0.001100	0.127298	0.183126	0.395315	0.100669	0.000015	0.000002	0.002160
63	0.186077	0.000996	0.123844	0.183426	0.402704	0.100885	0.000014	0.000001	0.002053
64	0.181388	0.000920	0.120486	0.184033	0.410531	0.100624	0.000010	0.000001	0.002007
65	0.176835	0.000880	0.117587	0.184287	0.417838	0.100666	0.000008	0.000000	0.001899
66	0.172207	0.000830	0.114430	0.184973	0.425153	0.100692	0.000007	0.000000	0.001708
67	0.167620	0.000767	0.111212	0.185628	0.432914	0.100197	0.000009	0.000000	0.001653
68	0.163354	0.000692	0.108183	0.186165	0.439764	0.100281	0.000007	0.000000	0.001554
69	0.158961	0.000614	0.105070	0.186732	0.446909	0.100250	0.000010	0.000000	0.001454
70	0.154547	0.000558	0.102391	0.187216	0.453679	0.100246	0.000010	0.000000	0.001353
71	0.150096	0.000504	0.098913	0.187841	0.461292	0.100104	0.000002	0.000000	0.001248
72	0.145721	0.000457	0.095943	0.188735	0.467920	0.100092	0.000004	0.000000	0.001128
73	0.141234	0.000405	0.092814	0.189513	0.474639	0.100276	0.000002	0.000000	0.001117
74	0.136619	0.000357	0.089873	0.190415	0.481301	0.100426	0.000003	0.000000	0.001006
75	0.131898	0.000304	0.087091	0.191207	0.487874	0.100669	0.000002	0.000000	0.000955
76	0.128509	0.000269	0.084089	0.191542	0.493539	0.101164	0.000001	0.000000	0.000887
77	0.124023	0.000249	0.081528	0.191893	0.500147	0.101308	0.000002	0.000000	0.000850
78	0.119616	0.000236	0.078508	0.192182	0.507395	0.101231	0.000002	0.000000	0.000830
79	0.115217	0.000222	0.076118	0.193045	0.512933	0.101718	0.000000	0.000000	0.000747
80	0.110904	0.000198	0.073675	0.193562	0.519505	0.101433	0.000000	0.000000	0.000723
81	0.107001	0.000153	0.071063	0.194058	0.525507	0.101549	0.000001	0.000000	0.000668
82	0.102940	0.000140	0.068823	0.194990	0.530750	0.101731	0.000000	0.000000	0.000626
83	0.099500	0.000127	0.066228	0.195166	0.536750	0.101670	0.000000	0.000000	0.000559
84	0.095700	0.000113	0.063685	0.196040	0.541843	0.102105	0.000000	0.000000	0.000514
85	0.092506	0.000122	0.061147	0.196276	0.547238	0.102240	0.000001	0.000000	0.000470
86	0.088964	0.000126	0.058812	0.196580	0.553225	0.101846	0.000000	0.000000	0.000447
87	0.085800	0.000107	0.056099	0.196778	0.558995	0.101811	0.000000	0.000000	0.000410
88	0.082265	0.000109	0.053952	0.197423	0.563766	0.102106	0.000000	0.000000	0.000379
89	0.078707	0.000103	0.051780	0.198376	0.568696	0.101987	0.000000	0.000000	0.000351
90	0.075202	0.000090	0.049345	0.198736	0.573926	0.102389	0.000000	0.000000	0.000312
91	0.072212	0.000092	0.047388	0.199609	0.578046	0.102370	0.000000	0.000000	0.000283
92	0.068932	0.000087	0.045606	0.200091	0.582523	0.102484	0.000000	0.000000	0.000277
93	0.066145	0.000078	0.043521	0.200124	0.587264	0.102619	0.000000	0.000000	0.000249
94	0.063191	0.000074	0.041497	0.200642	0.591433	0.102927	0.000000	0.000000	0.000236
95	0.060357	0.000057	0.039682	0.201003	0.595830	0.102864	0.000000	0.000000	0.000207
96	0.057513	0.000044	0.037619	0.201260	0.599981	0.103390	0.000000	0.000000	0.000193
97	0.054836	0.000037	0.035871	0.202244	0.603502	0.103329	0.000000	0.000000	0.000181
98	0.052041	0.000045	0.033932	0.202721	0.607301	0.103813	0.000000	0.000000	0.000147
99	0.049651	0.000049	0.032224	0.202929	0.611470	0.103529	0.000000	0.000000	0.000148
100	0.047140	0.000038	0.030775	0.203201	0.614879	0.103812	0.000000	0.000000	0.000155
101	0.044876	0.000035	0.029325	0.204073	0.617926	0.103622	0.000000	0.000000	0.000143
102	0.042612	0.000043	0.027678	0.204627	0.620974	0.103919	0.000000	0.000000	0.000147
103	0.040605	0.000036	0.026159	0.205663	0.623399	0.104000	0.000000	0.000000	0.000138
104	0.038399	0.000032	0.024753	0.205979	0.626712	0.103997	0.000000	0.000000	0.000128
105	0.036665	0.000031	0.023320	0.206681	0.628675	0.104504	0.000000	0.000000	0.000124
106	0.034622	0.000030	0.022004	0.207403	0.631505	0.104336	0.000000	0.000000	0.000100
107	0.032800	0.000025	0.020928	0.206953	0.634697	0.104501	0.000000	0.000000	0.000096
108	0.030776	0.000031	0.019782	0.206683	0.638080	0.104561	0.000000	0.000000	0.000087
109	0.029205	0.000026	0.018721	0.206453	0.640988	0.104524	0.000000	0.000000	0.000083
110	0.027607	0.000022	0.017777	0.206986	0.643024	0.104516	0.000000	0.000000	0.000068
111	0.026064	0.000017	0.016821	0.207037	0.645244	0.104750	0.000000	0.000000	0.000067
112	0.024566	0.000015	0.016004	0.207571	0.646632	0.105146	0.000000	0.000000	0.000066
113	0.023291	0.000012	0.015018	0.207326	0.648909	0.105386	0.000000	0.000000	0.000058
114	0.021917	0.000012	0.014199	0.208029	0.650552	0.105234	0.000000	0.000000	0.000057
115	0.020723	0.000010	0.013366	0.208686	0.651556	0.105617	0.000000	0.000000	0.000042
116	0.019453	0.000012	0.012504	0.209050	0.653211	0.105718	0.000000	0.000000	0.000052
117	0.018271	0.000012	0.011889	0.209515	0.654495	0.105769	0.000000	0.000000	0.000049
118	0.017202	0.000012	0.011043	0.210144	0.655808	0.105745	0.000000	0.000000	0.000046
119	0.015993	0.000004	0.010365	0.210354	0.657516	0.105730	0.000000	0.000000	0.000038
120	0.015079	0.000008	0.009796	0.210988	0.658453	0.105644	0.000000	0.000000	0.000032
121	0.014150	0.000006	0.009216	0.210882	0.659820	0.105886	0.000000	0.000000	0.000040
122	0.013308	0.000003	0.008655	0.211285	0.661288	0.105415	0.000000	0.000000	0.000046
123	0.012558	0.000001	0.008258	0.211539	0.661895	0.105711	0.000000	0.000000	0.000038
124	0.011918	0.000001	0.007835	0.211649	0.662957	0.105605	0.000000	0.000000	0.000035
125	0.011217	0.000001	0.007404	0.212251	0.663365	0.105740	0.000000	0.000000	0.000022
126	0.010608	0.000002	0.006948	0.212327	0.664549	0.105544	0.000000	0.000000	0.000022
127	0.009893	0.000003	0.006534	0.212556	0.665255	0.105736	0.000000	0.000000	0.000023
128	0.009396	0.000001	0.006269	0.213116	0.665225	0.105980	0.000000	0.000000	0.000013
129	0.008938	0.000001	0.005836	0.212788	0.665915	0.106503	0.000000	0.000000	0.000019
130	0.008363	0.000000	0.005470	0.212674	0.667411	0.106065	0.000000	0.000000	0.000017
131	0.007885	0.000000	0.005265	0.212575	0.667785	0.106478	0.000000	0.000000	0.000012
132	0.007369	0.000000	0.004822	0.212738	0.668174	0.106880	0.000000	0.000000	0.000017
133	0.006884	0.000000	0.004614	0.212478	0.668983	0.107016	0.000000	0.000000	0.000025
134	0.006567	0.000000	0.004428	0.212309	0.669697	0.106973	0.000000	0.000000	0.000026
135	0.006181	0.000000	0.004183	0.212953	0.669572	0.107085	0.000000	0.000000	0.000026
136	0.005814	0.000000	0.003994	0.212958	0.670086	0.107126	0.000000	0.000000	0.000022
137	0.005445	0.000000	0.003727	0.213001	0.670822	0.106984	0.000000	0.000000	0.000021
138	0.005253	0.000000	0.003583	0.212804	0.671473	0.106870	0.000000	0.000000	0.000017
139	0.004892	0.000000	0.003424	0.213073	0.672022	0.106573	0.000000	0.000000	0.000016
140	0.004544	0.000000	0.003207	0.213481	0.671552	0.107201	0.000000	0.000000	0.000015
141	0.004270	0.000000	0.002975	0.213867	0.671641	0.107235	0.000000	0.000000	0.000012
142	0.004057	0.000000	0.002732	0.213307	0.672770	0.107115	0.000000	0.000000	0.000019
143	0.003855	0.000000	0.002589	0.213793	0.672174	0.107572	0.000000	0.000000	0.000017
144	0.003590	0.000000	0.002475	0.213771	0.672732	0.107415	0.000000	0.000000	0.000017
145	0.003406	0.000000	0.002302	0.214056	0.672779	0.107442	0.000000	0.000000	0.000015
146	0.003151	0.000000	0.002232	0.214402	0.673163	0.107037	0.000000	0.000000	0.000015
147	0.002983	0.000000	0.002099	0.214547	0.673071	0.107285	0.000000	0.000000	0.000015
148	0.002786	0.000000	0.001970	0.214010	0.673659	0.107564	0.000000	0.000000	0.000011
149	0.002599	0.000000	0.001849	0.214228	0.673920	0.107396	0.000000	0.000000	0.000008
150	0.002504	0.000000	0.001709	0.214474	0.674052	0.107257	0.000000	0.000000	0.000004
151	0.002355	0.000000	0.001641	0.214727	0.674380	0.106895	0.000000	0.000000	0.000002
152	0.002253	0.000000	0.001548	0.214657	0.674483	0.107059	0.000000	0.000000	0.000000
153	0.002097	0.000000	0.001470	0.214762	0.674318	0.107353	0.000000	0.000000	0.000000
154	0.002014	0.000000	0.001370	0.214979	0.674658	0.106979	0.000000	0.000000	0.000000
155	0.001937	0.000000	0.001312	0.214654	0.675230	0.106867	0.000000	0.000000	0.000000
156	0.001842	0.000000	0.001250	0.214474	0.675780	0.106654	0.000000	0.000000	0.000000
157	0.001720	0.000000	0.001129	0.214754	0.675893	0.106504	0.000000	0.000000	0.000000
158	0.001663	0.000000	0.001082	0.213791	0.676832	0.106632	0.000000	0.000000	0.000000
159	0.001622	0.000000	0.001081	0.214107	0.676394	0.106796	0.000000	0.000000	0.000000
160	0.001555	0.000000	0.001057	0.214204	0.676490	0.106694	0.000000	0.000000	0.000000
161	0.001486	0.000000	0.001020	0.214704	0.675784	0.107006	0.000000	0.000000	0.000000
162	0.001396	0.000000	0.001003	0.214233	0.675864	0.107504	0.000000	0.000000	0.000000
163	0.001347	0.000000	0.000954	0.214482	0.676061	0.107156	0.000000	0.000000	0.000000
164	0.001317	0.000000	0.000898	0.214536	0.676079	0.107170	0.000000	0.000000	0.000000
165	0.001257	0.000000	0.000863	0.214567	0.675865	0.107448	0.000000	0.000000	0.000000
166	0.001224	0.000000	0.000805	0.214359	0.676009	0.107603	0.000000	0.000000	0.000000
167	0.001156	0.000000	0.000787	0.214574	0.675779	0.107704	0.000000	0.000000	0.000000
168	0.001110	0.000000	0.000714	0.213952	0.676360	0.107864	0.000000	0.000000	0.000000
169	0.001095	0.000000	0.000710	0.213714	0.676288	0.108193	0.000000	0.000000	0.000000
170	0.001073	0.000000	0.000670	0.214328	0.675758	0.108171	0.000000	0.000000	0.000000
171	0.001038	0.000000	0.000626	0.213466	0.676548	0.108322	0.000000	0.000000	0.000000
172	0.000974	0.000000	0.000622	0.213324	0.676705	0.108375	0.000000	0.000000	0.000000
173	0.000869	0.000000	0.000623	0.213249	0.677044	0.108215	0.000000	0.000000	0.000000
174	0.000842	0.000000	0.000588	0.212696	0.677272	0.108602	0.000000	0.000000	0.000000
175	0.000782	0.000000	0.000565	0.212370	0.677587	0.108696	0.000000	0.000000	0.000000
176	0.000747	0.000000	0.000526	0.211782	0.678620	0.108325	0.000000	0.000000	0.000000
177	0.000722	0.000000	0.000502	0.211896	0.678151	0.108729	0.000000	0.000000	0.000000
178	0.000708	0.000000	0.000467	0.211602	0.678541	0.108682	0.000000	0.000000	0.000000
179	0.000665	0.000000	0.000446	0.211784	0.678664	0.108441	0.000000	0.000000	0.000000
180	0.000631	0.000000	0.000425	0.212244	0.677950	0.108750	0.000000	0.000000	0.000000
181	0.000645	0.000000	0.000430	0.211805	0.678572	0.108548	0.000000	0.000000	0.000000
182	0.000594	0.000000	0.000407	0.211722	0.678812	0.108465	0.000000	0.000000	0.000000
183	0.000597	0.000000	0.000372	0.211864	0.679040	0.108127	0.000000	0.000000	0.000000
184	0.000578	0.000000	0.000336	0.212287	0.678809	0.107990	0.000000	0.000000	0.000000
185	0.000567	0.000000	0.000317	0.212758	0.678898	0.107460	0.000000	0.000000	0.000000
186	0.000552	0.000000	0.000300	0.212531	0.679031	0.107586	0.000000	0.000000	0.000000
187	0.000523	0.000000	0.000286	0.212624	0.678641	0.107926	0.000000	0.000000	0.000000
188	0.000493	0.000000	0.000263	0.212593	0.678668	0.107983	0.000000	0.000000	0.000000
189	0.000451	0.000000	0.000259	0.212681	0.678872	0.107737	0.000000	0.000000	0.000000
190	0.000428	0.000000	0.000258	0.212661	0.679121	0.107532	0.000000	0.000000	0.000000
191	0.000386	0.000000	0.000257	0.212252	0.679044	0.108061	0.000000	0.000000	0.000000
192	0.000351	0.000000	0.000244	0.212448	0.678989	0.107968	0.000000	0.000000	0.000000
193	0.000338	0.000000	0.000217	0.212336	0.678934	0.108175	0.000000	0.000000	0.000000
194	0.000321	0.000000	0.000225	0.211948	0.678881	0.108625	0.000000	0.000000	0.000000
195	0.000298	0.000000	0.000229	0.212156	0.678871	0.108446	0.000000	0.000000	0.000000
196	0.000297	0.000000	0.000215	0.212485	0.678284	0.108719	0.000000	0.000000	0.000000
197	0.000299	0.000000	0.000199	0.212507	0.678355	0.108640	0.000000	0.000000	0.000000
198	0.000284	0.000000	0.000191	0.212179	0.678651	0.108695	0.000000	0.000000	0.000000
199	0.000269	0.000000	0.000189	0.212457	0.678614	0.108471	0.000000	0.000000	0.000000
200	0.000275	0.000000	0.000168	0.211957	0.679193	0.108407	0.000000	0.000000	0.000000
201	0.000287	0.000000	0.000174	0.212293	0.678487	0.108759	0.000000	0.000000	0.000000
202	0.000293	0.000000	0.000180	0.212494	0.678393	0.108640	0.000000	0.000000	0.000000
203	0.000288	0.000000	0.000169	0.212856	0.678185	0.108502	0.000000	0.000000	0.000000
204	0.000269	0.000000	0.000162	0.213137	0.677252	0.109180	0.000000	0.000000	0.000000
205	0.000276	0.000000	0.000154	0.212573	0.677953	0.109044	0.000000	0.000000	0.000000
206	0.000272	0.000000	0.000154	0.212466	0.677978	0.109130	0.000000	0.000000	0.000000
207	0.000271	0.000000	0.000144	0.212731	0.677681	0.109173	0.000000	0.000000	0.000000
208	0.000260	0.000000	0.000126	0.212654	0.677670	0.109290	0.000000	0.000000	0.000000
209	0.000248	0.000000	0.000113	0.212908	0.677812	0.108919	0.000000	0.000000	0.000000
210	0.000238	0.000000	0.000100	0.212778	0.677576	0.109308	0.000000	0.000000	0.000000
211	0.000259	0.000000	0.000101	0.212528	0.678037	0.109075	0.000000	0.000000	0.000000
212	0.000251	0.000000	0.000093	0.212766	0.677568	0.109322	0.000000	0.000000	0.000000
213	0.000266	0.000000	0.000084	0.212531	0.677870	0.109249	0.000000	0.000000	0.000000
214	0.000264	0.000000	0.000079	0.212714	0.677765	0.109178	0.000000	0.000000	0.000000
215	0.000264	0.000000	0.000069	0.212564	0.677985	0.109118	0.000000	0.000000	0.000000
216	0.000257	0.000000	0.000069	0.213029	0.677813	0.108832	0.000000	0.000000	0.000000
217	0.000251	0.000000	0.000073	0.213691	0.677308	0.108677	0.000000	0.000000	0.000000
218	0.000263	0.000000	0.000066	0.213361	0.677625	0.108685	0.000000	0.000000	0.000000
219	0.000261	0.000000	0.000063	0.213410	0.677177	0.109089	0.000000	0.000000	0.000000
220	0.000261	0.000000	0.000049	0.213181	0.677602	0.108907	0.000000	0.000000	0.000000
221	0.000242	0.000000	0.000043	0.213409	0.677846	0.108460	0.000000	0.000000	0.000000
222	0.000241	0.000000	0.000032	0.213798	0.677604	0.108325	0.000000	0.000000	0.000000
223	0.000223	0.000000	0.000033	0.214085	0.677644	0.108015	0.000000	0.000000	0.000000
224	0.000220	0.000000	0.000033	0.213500	0.678410	0.107837	0.000000	0.000000	0.000000
225	0.000230	0.000000	0.000039	0.213519	0.678058	0.108154	0.000000	0.000000	0.000000
226	0.000208	0.000000	0.000033	0.213498	0.677736	0.108525	0.000000	0.000000	0.000000
227	0.000198	0.000000	0.000025	0.213703	0.677250	0.108824	0.000000	0.000000	0.000000
228	0.000199	0.000000	0.000029	0.213944	0.676717	0.109111	0.000000	0.000000	0.000000
229	0.000201	0.000000	0.000027	0.213924	0.676774	0.109074	0.000000	0.000000	0.000000
230	0.000229	0.000000	0.000032	0.213984	0.676435	0.109320	0.000000	0.000000	0.000000
231	0.000219	0.000000	0.000031	0.213808	0.676625	0.109317	0.000000	0.000000	0.000000
232	0.000193	0.000000	0.000030	0.214379	0.676409	0.108989	0.000000	0.000000	0.000000
233	0.000184	0.000000	0.000032	0.214208	0.676940	0.108636	0.000000	0.000000	0.000000
234	0.000173	0.000000	0.000026	0.214235	0.676641	0.108925	0.000000	0.000000	0.000000
235	0.000170	0.000000	0.000025	0.213680	0.676816	0.109309	0.000000	0.000000	0.000000
236	0.000163	0.000000	0.000027	0.214169	0.676983	0.108658	0.000000	0.000000	0.000000
237	0.000176	0.000000	0.000026	0.214485	0.676751	0.108562	0.000000	0.000000	0.000000
238	0.000158	0.000000	0.000031	0.214422	0.676922	0.108467	0.000000	0.000000	0.000000
239	0.000163	0.000000	0.000022	0.214991	0.676320	0.108504	0.000000	0.000000	0.000000
240	0.000151	0.000000	0.000020	0.215489	0.676081	0.108259	0.000000	0.000000	0.000000
241	0.000138	0.000000	0.000020	0.215478	0.676342	0.108022	0.000000	0.000000	0.000000
242	0.000142	0.000000	0.000023	0.215344	0.676388	0.108103	0.000000	0.000000	0.000000
243	0.000142	0.000000	0.000022	0.215568	0.676174	0.108094	0.000000	0.000000	0.000000
244	0.000149	0.000000	0.000015	0.215819	0.676040	0.107977	0.000000	0.000000	0.000000
245	0.000144	0.000000	0.000013	0.215429	0.676817	0.107597	0.000000	0.000000	0.000000
246	0.000146	0.000000	0.000013	0.215284	0.676858	0.107699	0.000000	0.000000	0.000000
247	0.000150	0.000000	0.000011	0.215768	0.676023	0.108048	0.000000	0.000000	0.000000
248	0.000164	0.000000	0.000014	0.215785	0.675940	0.108097	0.000000	0.000000	0.000000
249	0.000155	0.000000	0.000014	0.215378	0.676119	0.108334	0.000000	0.000000	0.000000
250	0.000132	0.000000	0.000013	0.215602	0.676012	0.108241	0.000000	0.000000	0.000000
251	0.000144	0.000000	0.000007	0.215950	0.675342	0.108557	0.000000	0.000000	0.000000
252	0.000142	0.000000	0.000006	0.216109	0.675741	0.108002	0.000000	0.000000	0.000000
253	0.000140	0.000000	0.000003	0.216059	0.676184	0.107614	0.000000	0.000000	0.000000
254	0.000146	0.000000	0.000001	0.216371	0.675434	0.108048	0.000000	0.000000	0.000000
255	0.000134	0.000000	0.000001	0.216491	0.675674	0.107700	0.000000	0.000000	0.000000
256	0.000133	0.000000	0.000000	0.216398	0.676064	0.107405	0.000000	0.000000	0.000000
257	0.000139	0.000000	0.000000	0.216387	0.675942	0.107532	0.000000	0.000000	0.000000
258	0.000124	0.000000	0.000000	0.216321	0.676029	0.107526	0.000000	0.000000	0.000000
259	0.000127	0.000000	0.000000	0.216251	0.676100	0.107522	0.000000	0.000000	0.000000
260	0.000126	0.000000	0.000000	0.216376	0.676240	0.107258	0.000000	0.000000	0.000000
261	0.000127	0.000000	0.000000	0.216906	0.676076	0.106891	0.000000	0.000000	0.000000
262	0.000124	0.000000	0.000000	0.217384	0.675473	0.107019	0.000000	0.000000	0.000000
263	0.000129	0.000000	0.000000	0.217537	0.675659	0.106675	0.000000	0.000000	0.000000
264	0.000140	0.000000	0.000000	0.217479	0.675148	0.107233	0.000000	0.000000	0.000000
265	0.000149	0.000000	0.000000	0.217032	0.675624	0.107195	0.000000	0.000000	0.000000
266	0.000146	0.000000	0.000000	0.217031	0.676069	0.106754	0.000000	0.000000	0.000000
267	0.000147	0.000000	0.000000	0.216908	0.676035	0.106910	0.000000	0.000000	0.000000
268	0.000147	0.000000	0.000000	0.216964	0.675895	0.106994	0.000000	0.000000	0.000000
269	0.000150	0.000000	0.000000	0.216741	0.675913	0.107196	0.000000	0.000000	0.000000
270	0.000153	0.000000	0.000000	0.216941	0.675571	0.107335	0.000000	0.000000	0.000000
271	0.000146	0.000000	0.000000	0.216354	0.676253	0.107247	0.000000	0.000000	0.000000
272	0.000151	0.000000	0.000000	0.216386	0.676220	0.107243	0.000000	0.000000	0.000000
273	0.000150	0.000000	0.000000	0.216237	0.676465	0.107148	0.000000	0.000000	0.000000
274	0.000137	0.000000	0.000000	0.216398	0.676148	0.107317	0.000000	0.000000	0.000000
275	0.000130	0.000000	0.000000	0.216106	0.676861	0.106903	0.000000	0.000000	0.000000
276	0.000118	0.000000	0.000000	0.216099	0.676259	0.107524	0.000000	0.000000	0.000000
277	0.000119	0.000000	0.000000	0.215834	0.676750	0.107297	0.000000	0.000000	0.000000
278	0.000113	0.000000	0.000000	0.215548	0.677421	0.106918	0.000000	0.000000	0.000000
279	0.000113	0.000000	0.000000	0.215523	0.677209	0.107155	0.000000	0.000000	0.000000
280	0.000104	0.000000	0.000000	0.215423	0.677518	0.106955	0.000000	0.000000	0.000000
281	0.000097	0.000000	0.000000	0.215421	0.677527	0.106955	0.000000	0.000000	0.000000
282	0.000101	0.000000	0.000000	0.215328	0.677735	0.106836	0.000000	0.000000	0.000000
283	0.000091	0.000000	0.000000	0.215538	0.677407	0.106964	0.000000	0.000000	0.000000
284	0.000101	0.000000	0.000000	0.215623	0.677740	0.106536	0.000000	0.000000	0.000000
285	0.000097	0.000000	0.000000	0.215976	0.676992	0.106935	0.000000	0.000000	0.000000
286	0.000094	0.000000	0.000000	0.215413	0.677512	0.106981	0.000000	0.000000	0.000000
287	0.000094	0.000000	0.000000	0.215439	0.677649	0.106818	0.000000	0.000000	0.000000
288	0.000103	0.000000	0.000000	0.215130	0.677780	0.106987	0.000000	0.000000	0.000000
289	0.000105	0.000000	0.000000	0.214964	0.678316	0.106615	0.000000	0.000000	0.000000
290	0.000107	0.000000	0.000000	0.214885	0.678009	0.106999	0.000000	0.000000	0.000000
291	0.000100	0.000000	0.000000	0.214663	0.677992	0.107245	0.000000	0.000000	0.000000
292	0.000089	0.000000	0.000000	0.214971	0.677748	0.107192	0.000000	0.000000	0.000000
293	0.000083	0.000000	0.000000	0.215188	0.677591	0.107138	0.000000	0.000000	0.000000
294	0.000085	0.000000	0.000000	0.215210	0.677757	0.106948	0.000000	0.000000	0.000000
295	0.000078	0.000000	0.000000	0.214997	0.677760	0.107165	0.000000	0.000000	0.000000
296	0.000066	0.000000	0.000000	0.215440	0.677759	0.106735	0.000000	0.000000	0.000000
297	0.000059	0.000000	0.000000	0.215425	0.677749	0.106767	0.000000	0.000000	0.000000
298	0.000045	0.000000	0.000000	0.215984	0.677230	0.106741	0.000000	0.000000	0.000000
299	0.000042	0.000000	0.000000	0.216545	0.676858	0.106555	0.000000	0.000000	0.000000
300	0.000043	0.000000	0.000000	0.216279	0.677603	0.106075	0.000000	0.000000	0.000000
301	0.000039	0.000000	0.000000	0.216405	0.677477	0.106079	0.000000	0.000000	0.000000
302	0.000040	0.000000	0.000000	0.216138	0.677606	0.106216	0.000000	0.000000	0.000000
303	0.000043	0.000000	0.000000	0.215966	0.677331	0.106660	0.000000	0.000000	0.000000
304	0.000034	0.000000	0.000000	0.216040	0.677223	0.106703	0.000000	0.000000	0.000000
305	0.000035	0.000000	0.000000	0.215918	0.677364	0.106683	0.000000	0.000000	0.000000
306	0.000029	0.000000	0.000000	0.215694	0.677448	0.106829	0.000000	0.000000	0.000000
307	0.000024	0.000000	0.000000	0.216020	0.677065	0.106891	0.000000	0.000000	0.000000
308	0.000023	0.000000	0.000000	0.216030	0.676839	0.107108	0.000000	0.000000	0.000000
309	0.000022	0.000000	0.000000	0.215879	0.677298	0.106801	0.000000	0.000000	0.000000
310	0.000020	0.000000	0.000000	0.216101	0.676658	0.107221	0.000000	0.000000	0.000000
311	0.000020	0.000000	0.000000	0.215848	0.677093	0.107039	0.000000	0.000000	0.000000
312	0.000017	0.000000	0.000000	0.215739	0.677151	0.107093	0.000000	0.000000	0.000000
313	0.000015	0.000000	0.000000	0.215754	0.677088	0.107143	0.000000	0.000000	0.000000
314	0.000008	0.000000	0.000000	0.215607	0.677184	0.107201	0.000000	0.000000	0.000000
315	0.000009	0.000000	0.000000	0.215936	0.677211	0.106844	0.000000	0.000000	0.000000
316	0.000010	0.000000	0.000000	0.215772	0.677584	0.106634	0.000000	0.000000	0.000000
317	0.000007	0.000000	0.000000	0.215744	0.677799	0.106450	0.000000	0.000000	0.000000
318	0.000008	0.000000	0.000000	0.215829	0.677111	0.107052	0.000000	0.000000	0.000000
319	0.000007	0.000000	0.000000	0.215488	0.678004	0.106501	0.000000	0.000000	0.000000
320	0.000009	0.000000	0.000000	0.215569	0.677810	0.106612	0.000000	0.000000	0.000000
321	0.000010	0.000000	0.000000	0.215397	0.677984	0.106609	0.000000	0.000000	0.000000
322	0.000008	0.000000	0.000000	0.215178	0.678080	0.106734	0.000000	0.000000	0.000000
323	0.000006	0.000000	0.000000	0.215289	0.678157	0.106548	0.000000	0.000000	0.000000
324	0.000011	0.000000	0.000000	0.215736	0.677480	0.106773	0.000000	0.000000	0.000000
325	0.000009	0.000000	0.000000	0.215650	0.677646	0.106695	0.000000	0.000000	0.000000
326	0.000013	0.000000	0.000000	0.215230	0.678069	0.106688	0.000000	0.000000	0.000000
327	0.000008	0.000000	0.000000	0.215180	0.678033	0.106779	0.000000	0.000000	0.000000
328	0.000013	0.000000	0.000000	0.215542	0.677892	0.106553	0.000000	0.000000	0.000000
329	0.000008	0.000000	0.000000	0.215195	0.678053	0.106744	0.000000	0.000000	0.000000
330	0.000007	0.000000	0.000000	0.215058	0.678135	0.106800	0.000000	0.000000	0.000000
331	0.000007	0.000000	0.000000	0.214938	0.678503	0.106552	0.000000	0.000000	0.000000
332	0.000005	0.000000	0.000000	0.214896	0.678322	0.106777	0.000000	0.000000	0.000000
333	0.000008	0.000000	0.000000	0.215261	0.677982	0.106749	0.000000	0.000000	0.000000
334	0.000011	0.000000	0.000000	0.214634	0.678555	0.106800	0.000000	0.000000	0.000000
335	0.000009	0.000000	0.000000	0.214444	0.678508	0.107039	0.000000	0.000000	0.000000
336	0.000011	0.000000	0.000000	0.214532	0.678671	0.106786	0.000000	0.000000	0.000000
337	0.000007	0.000000	0.000000	0.214351	0.678714	0.106928	0.000000	0.000000	0.000000
338	0.000009	0.000000	0.000000	0.215185	0.678208	0.106598	0.000000	0.000000	0.000000
339	0.000008	0.000000	0.000000	0.214911	0.678071	0.107010	0.000000	0.000000	0.000000
340	0.000009	0.000000	0.000000	0.214896	0.678347	0.106748	0.000000	0.000000	0.000000
341	0.000008	0.000000	0.000000	0.215437	0.677522	0.107033	0.000000	0.000000	0.000000
342	0.000009	0.000000	0.000000	0.215029	0.677938	0.107024	0.000000	0.000000	0.000000
343	0.000007	0.000000	0.000000	0.214729	0.678465	0.106799	0.000000	0.000000	0.000000
344	0.000006	0.000000	0.000000	0.215694	0.677676	0.106624	0.000000	0.000000	0.000000
345	0.000007	0.000000	0.000000	0.215996	0.677377	0.106620	0.000000	0.000000	0.000000
346	0.000005	0.000000	0.000000	0.215532	0.677701	0.106762	0.000000	0.000000	0.000000
347	0.000003	0.000000	0.000000	0.216092	0.676862	0.107043	0.000000	0.000000	0.000000
348	0.000002	0.000000	0.000000	0.216548	0.676656	0.106794	0.000000	0.000000	0.000000
349	0.000000	0.000000	0.000000	0.216814	0.676118	0.107068	0.000000	0.000000	0.000000
350	0.000000	0.000000	0.000000	0.216943	0.676203	0.106854	0.000000	0.000000	0.000000
351	0.000000	0.000000	0.000000	0.217005	0.675866	0.107129	0.000000	0.000000	0.000000
352	0.000000	0.000000	0.000000	0.216765	0.676065	0.107170	0.000000	0.000000	0.000000
353	0.000000	0.000000	0.000000	0.216752	0.675727	0.107521	0.000000	0.000000	0.000000
354	0.000000	0.000000	0.000000	0.216394	0.676163	0.107443	0.000000	0.000000	0.000000
355	0.000000	0.000000	0.000000	0.216597	0.676100	0.107303	0.000000	0.000000	0.000000
356	0.000000	0.000000	0.000000	0.216623	0.675821	0.107556	0.000000	0.000000	0.000000
357	0.000000	0.000000	0.000000	0.216744	0.675833	0.107423	0.000000	0.000000	0.000000
358	0.000000	0.000000	0.000000	0.216700	0.676109	0.107191	0.000000	0.000000	0.000000
359	0.000000	0.000000	0.000000	0.216886	0.676020	0.107094	0.000000	0.000000	0.000000
360	0.000000	0.000000	0.000000	0.217130	0.676441	0.106429	0.000000	0.000000	0.000000
361	0.000000	0.000000	0.000000	0.217010	0.676072	0.106918	0.000000	0.000000	0.000000
362	0.000000	0.000000	0.000000	0.217334	0.675926	0.106740	0.000000	0.000000	0.000000
363	0.000000	0.000000	0.000000	0.217399	0.675819	0.106782	0.000000	0.000000	0.000000
364	0.000000	0.000000	0.000000	0.217782	0.675214	0.107004	0.000000	0.000000	0.000000
365	0.000000	0.000000	0.000000	0.217437	0.675727	0.106836	0.000000	0.000000	0.000000
366	0.000000	0.000000	0.000000	0.217613	0.675193	0.107194	0.000000	0.000000	0.000000
367	0.000000	0.000000	0.000000	0.217261	0.675508	0.107231	0.000000	0.000000	0.000000
368	0.000000	0.000000	0.000000	0.216620	0.676341	0.107039	0.000000	0.000000	0.000000
369	0.000000	0.000000	0.000000	0.216878	0.675675	0.107447	0.000000	0.000000	0.000000
370	0.000000	0.000000	0.000000	0.216918	0.675495	0.107587	0.000000	0.000000	0.000000
371	0.000000	0.000000	0.000000	0.216903	0.675262	0.107835	0.000000	0.000000	0.000000
372	0.000000	0.000000	0.000000	0.216974	0.675462	0.107564	0.000000	0.000000	0.000000
373	0.000000	0.000000	0.000000	0.216910	0.675595	0.107495	0.000000	0.000000	0.000000
374	0.000000	0.000000	0.000000	0.217071	0.675368	0.107561	0.000000	0.000000	0.000000
375	0.000000	0.000000	0.000000	0.217115	0.675351	0.107534	0.000000	0.000000	0.000000
376	0.000000	0.000000	0.000000	0.216932	0.675783	0.107285	0.000000	0.000000	0.000000
377	0.000000	0.000000	0.000000	0.217359	0.675561	0.107080	0.000000	0.000000	0.000000
378	0.000000	0.000000	0.000000	0.217394	0.675387	0.107219	0.000000	0.000000	0.000000
379	0.000000	0.000000	0.000000	0.217396	0.675240	0.107364	0.000000	0.000000	0.000000
380	0.000000	0.000000	0.000000	0.217481	0.675304	0.107215	0.000000	0.000000	0.000000
381	0.000000	0.000000	0.000000	0.217064	0.675381	0.107555	0.000000	0.000000	0.000000
382	0.000000	0.000000	0.000000	0.217012	0.675380	0.107608	0.000000	0.000000	0.000000
383	0.000000	0.000000	0.000000	0.217052	0.675182	0.107766	0.000000	0.000000	0.000000
384	0.000000	0.000000	0.000000	0.216864	0.675137	0.107999	0.000000	0.000000	0.000000
385	0.000000	0.000000	0.000000	0.217810	0.674350	0.107840	0.000000	0.000000	0.000000
386	0.000000	0.000000	0.000000	0.217217	0.675292	0.107491	0.000000	0.000000	0.000000
387	0.000000	0.000000	0.000000	0.217724	0.674989	0.107287	0.000000	0.000000	0.000000
388	0.000000	0.000000	0.000000	0.217264	0.675255	0.107481	0.000000	0.000000	0.000000
389	0.000000	0.000000	0.000000	0.217514	0.675134	0.107352	0.000000	0.000000	0.000000
390	0.000000	0.000000	0.000000	0.216990	0.675518	0.107492	0.000000	0.000000	0.000000
391	0.000000	0.000000	0.000000	0.216949	0.675249	0.107802	0.000000	0.000000	0.000000
392	0.000000	0.000000	0.000000	0.217007	0.675716	0.107277	0.000000	0.000000	0.000000
393	0.000000	0.000000	0.000000	0.216979	0.675578	0.107443	0.000000	0.000000	0.000000
394	0.000000	0.000000	0.000000	0.217013	0.676032	0.106955	0.000000	0.000000	0.000000
395	0.000000	0.000000	0.000000	0.216960	0.676059	0.106981	0.000000	0.000000	0.000000
396	0.000000	0.000000	0.000000	0.217431	0.675704	0.106865	0.000000	0.000000	0.000000
397	0.000000	0.000000	0.000000	0.217363	0.675864	0.106773	0.000000	0.000000	0.000000
398	0.000000	0.000000	0.000000	0.217017	0.676085	0.106898	0.000000	0.000000	0.000000
399	0.000000	0.000000	0.000000	0.216635	0.676337	0.107028	0.000000	0.000000	0.000000
400	0.000000	0.000000	0.000000	0.216694	0.675979	0.107327	0.000000	0.000000	0.000000
401	0.000000	0.000000	0.000000	0.216430	0.676598	0.106972	0.000000	0.000000	0.000000
402	0.000000	0.000000	0.000000	0.216775	0.676000	0.107225	0.000000	0.000000	0.000000
403	0.000000	0.000000	0.000000	0.216957	0.675927	0.107116	0.000000	0.000000	0.000000
404	0.000000	0.000000	0.000000	0.216812	0.676530	0.106658	0.000000	0.000000	0.000000
405	0.000000	0.000000	0.000000	0.216377	0.677154	0.106469	0.000000	0.000000	0.000000
406	0.000000	0.000000	0.000000	0.216509	0.676516	0.106975	0.000000	0.000000	0.000000
407	0.000000	0.000000	0.000000	0.216573	0.676561	0.106866	0.000000	0.000000	0.000000
408	0.000000	0.000000	0.000000	0.216405	0.676944	0.106651	0.000000	0.000000	0.000000
409	0.000000	0.000000	0.000000	0.216542	0.676993	0.106465	0.000000	0.000000	0.000000
410	0.000000	0.000000	0.000000	0.216854	0.676091	0.107055	0.000000	0.000000	0.000000
411	0.000000	0.000000	0.000000	0.216745	0.676215	0.107040	0.000000	0.000000	0.000000
412	0.000000	0.000000	0.000000	0.217191	0.675692	0.107117	0.000000	0.000000	0.000000
413	0.000000	0.000000	0.000000	0.217317	0.675374	0.107309	0.000000	0.000000	0.000000
414	0.000000	0.000000	0.000000	0.216620	0.675838	0.107542	0.000000	0.000000	0.000000
415	0.000000	0.000000	0.000000	0.216442	0.676140	0.107418	0.000000	0.000000	0.000000
416	0.000000	0.000000	0.000000	0.216296	0.676217	0.107487	0.000000	0.000000	0.000000
417	0.000000	0.000000	0.000000	0.216214	0.676362	0.107424	0.000000	0.000000	0.000000
418	0.000000	0.000000	0.000000	0.216163	0.676256	0.107581	0.000000	0.000000	0.000000
419	0.000000	0.000000	0.000000	0.216239	0.676433	0.107328	0.000000	0.000000	0.000000
420	0.000000	0.000000	0.000000	0.216249	0.676457	0.107294	0.000000	0.000000	0.000000
421	0.000000	0.000000	0.000000	0.216145	0.676388	0.107467	0.000000	0.000000	0.000000
422	0.000000	0.000000	0.000000	0.216574	0.675542	0.107884	0.000000	0.000000	0.000000
423	0.000000	0.000000	0.000000	0.216108	0.676188	0.107704	0.000000	0.000000	0.000000
424	0.000000	0.000000	0.000000	0.215842	0.676197	0.107961	0.000000	0.000000	0.000000
425	0.000000	0.000000	0.000000	0.215204	0.677103	0.107693	0.000000	0.000000	0.000000
426	0.000000	0.000000	0.000000	0.215324	0.677012	0.107664	0.000000	0.000000	0.000000
427	0.000000	0.000000	0.000000	0.214932	0.677890	0.107178	0.000000	0.000000	0.000000
428	0.000000	0.000000	0.000000	0.215035	0.677875	0.107090	0.000000	0.000000	0.000000
429	0.000000	0.000000	0.000000	0.214925	0.677726	0.107349	0.000000	0.000000	0.000000
430	0.000000	0.000000	0.000000	0.214723	0.678458	0.106819	0.000000	0.000000	0.000000
431	0.000000	0.000000	0.000000	0.214738	0.678341	0.106921	0.000000	0.000000	0.000000
432	0.000000	0.000000	0.000000	0.214363	0.678734	0.106903	0.000000	0.000000	0.000000
433	0.000000	0.000000	0.000000	0.214476	0.678896	0.106628	0.000000	0.000000	0.000000
434	0.000000	0.000000	0.000000	0.214581	0.678969	0.106450	0.000000	0.000000	0.000000
435	0.000000	0.000000	0.000000	0.214422	0.678764	0.106814	0.000000	0.000000	0.000000
436	0.000000	0.000000	0.000000	0.214280	0.678977	0.106743	0.000000	0.000000	0.000000
437	0.000000	0.000000	0.000000	0.214294	0.678694	0.107012	0.000000	0.000000	0.000000
438	0.000000	0.000000	0.000000	0.214714	0.678827	0.106459	0.000000	0.000000	0.000000
439	0.000000	0.000000	0.000000	0.214609	0.678872	0.106519	0.000000	0.000000	0.000000
440	0.000000	0.000000	0.000000	0.214691	0.678807	0.106502	0.000000	0.000000	0.000000
441	0.000000	0.000000	0.000000	0.214577	0.678616	0.106807	0.000000	0.000000	0.000000
442	0.000000	0.000000	0.000000	0.214697	0.678353	0.106950	0.000000	0.000000	0.000000
443	0.000000	0.000000	0.000000	0.214897	0.677903	0.107200	0.000000	0.000000	0.000000
444	0.000000	0.000000	0.000000	0.214517	0.678220	0.107263	0.000000	0.000000	0.000000
445	0.000000	0.000000	0.000000	0.214578	0.678502	0.106920	0.000000	0.000000	0.000000
446	0.000000	0.000000	0.000000	0.214883	0.678134	0.106983	0.000000	0.000000	0.000000
447	0.000000	0.000000	0.000000	0.214857	0.678062	0.107081	0.000000	0.000000	0.000000
448	0.000000	0.000000	0.000000	0.214634	0.678389	0.106977	0.000000	0.000000	0.000000
449	0.000000	0.000000	0.000000	0.214753	0.678566	0.106681	0.000000	0.000000	0.000000
450	0.000000	0.000000	0.000000	0.214381	0.678835	0.106784	0.000000	0.000000	0.000000
451	0.000000	0.000000	0.000000	0.214012	0.678715	0.107273	0.000000	0.000000	0.000000
452	0.000000	0.000000	0.000000	0.214068	0.678745	0.107187	0.000000	0.000000	0.000000
453	0.000000	0.000000	0.000000	0.213958	0.678672	0.107370	0.000000	0.000000	0.000000
454	0.000000	0.000000	0.000000	0.214169	0.678785	0.107046	0.000000	0.000000	0.000000
455	0.000000	0.000000	0.000000	0.214059	0.678648	0.107293	0.000000	0.000000	0.000000
456	0.000000	0.000000	0.000000	0.214042	0.678722	0.107236	0.000000	0.000000	0.000000
457	0.000000	0.000000	0.000000	0.214125	0.679084	0.106791	0.000000	0.000000	0.000000
458	0.000000	0.000000	0.000000	0.214198	0.678765	0.107037	0.000000	0.000000	0.000000
459	0.000000	0.000000	0.000000	0.213979	0.678746	0.107275	0.000000	0.000000	0.000000
460	0.000000	0.000000	0.000000	0.214440	0.678401	0.107159	0.000000	0.000000	0.000000
461	0.000000	0.000000	0.000000	0.214221	0.678420	0.107359	0.000000	0.000000	0.000000
462	0.000000	0.000000	0.000000	0.214051	0.678419	0.107530	0.000000	0.000000	0.000000
463	0.000000	0.000000	0.000000	0.213671	0.679099	0.107230	0.000000	0.000000	0.000000
464	0.000000	0.000000	0.000000	0.213614	0.678771	0.107615	0.000000	0.000000	0.000000
465	0.000000	0.000000	0.000000	0.213176	0.679169	0.107655	0.000000	0.000000	0.000000
466	0.000000	0.000000	0.000000	0.212956	0.679314	0.107730	0.000000	0.000000	0.000000
467	0.000000	0.000000	0.000000	0.213001	0.679218	0.107781	0.000000	0.000000	0.000000
468	0.000000	0.000000	0.000000	0.212817	0.679642	0.107541	0.000000	0.000000	0.000000
469	0.000000	0.000000	0.000000	0.212469	0.679893	0.107638	0.000000	0.000000	0.000000
470	0.000000	0.000000	0.000000	0.212801	0.679725	0.107474	0.000000	0.000000	0.000000
