0	0.290663	0.057897	0.229473	0.157588	0.029913	0.111872	0.085455	0.012259	0.024880
1	0.246414	0.050696	0.210918	0.130865	0.026716	0.114011	0.111922	0.021729	0.086729
2	0.260466	0.052765	0.219384	0.118163	0.025568	0.103685	0.106925	0.020782	0.092262
3	0.279784	0.055434	0.229144	0.106410	0.024385	0.093085	0.099315	0.019337	0.093106
4	0.298724	0.058350	0.237259	0.096316	0.023620	0.082980	0.091177	0.017863	0.093711
5	0.318596	0.061001	0.244750	0.086319	0.022713	0.073317	0.083380	0.016168	0.093756
6	0.337672	0.063462	0.251158	0.077168	0.022159	0.065017	0.075975	0.014747	0.092642
7	0.356474	0.065236	0.256228	0.068840	0.021458	0.057266	0.069033	0.013345	0.092120
8	0.374466	0.066740	0.260524	0.061606	0.020635	0.049797	0.063058	0.011946	0.091228
9	0.390993	0.068406	0.264200	0.054807	0.020014	0.043584	0.057353	0.010552	0.090091
10	0.407088	0.069939	0.266524	0.048517	0.019462	0.037944	0.051720	0.009527	0.089279
11	0.421914	0.071086	0.268494	0.043364	0.018963	0.033039	0.046659	0.008588	0.087893
12	0.436083	0.072695	0.269815	0.037876	0.018110	0.028634	0.042195	0.007808	0.086784
13	0.448838	0.074202	0.270325	0.033470	0.017729	0.024731	0.038111	0.007151	0.085443
14	0.461191	0.075345	0.270776	0.029407	0.017307	0.021709	0.034264	0.006516	0.083485
15	0.472128	0.076191	0.270878	0.025979	0.016938	0.018779	0.030995	0.005913	0.082199
16	0.482726	0.076878	0.270380	0.022910	0.016516	0.016276	0.027963	0.005287	0.081064
17	0.492545	0.078088	0.269242	0.020176	0.016078	0.014097	0.025404	0.004790	0.079580
18	0.501595	0.078852	0.267994	0.017779	0.015730	0.012211	0.023258	0.004307	0.078274
19	0.510599	0.079169	0.266910	0.015491	0.015248	0.010642	0.020914	0.003909	0.077118
20	0.518713	0.079835	0.265760	0.013620	0.014906	0.009216	0.018895	0.003572	0.075483
21	0.525986	0.080399	0.264203	0.011940	0.014630	0.008092	0.017297	0.003308	0.074145
22	0.533203	0.080792	0.263101	0.010629	0.014127	0.007014	0.015620	0.002993	0.072521
23	0.539587	0.081361	0.261322	0.009447	0.013841	0.006183	0.014145	0.002644	0.071470
24	0.545487	0.081853	0.259824	0.008361	0.013385	0.005429	0.013018	0.002388	0.070255
25	0.551552	0.082236	0.258206	0.007447	0.012896	0.004683	0.011849	0.002182	0.068949
26	0.556682	0.082588	0.256712	0.006573	0.012653	0.004097	0.010759	0.002071	0.067865
27	0.561787	0.082786	0.255450	0.005711	0.012323	0.003739	0.009752	0.001889	0.066563
28	0.566722	0.083381	0.252964	0.005041	0.012063	0.003343	0.008859	0.001761	0.065866
29	0.571381	0.083742	0.251003	0.004608	0.011786	0.002922	0.008140	0.001557	0.064861
30	0.576412	0.083968	0.249207	0.004071	0.011448	0.002588	0.007599	0.001468	0.063239
31	0.581149	0.083801	0.247078	0.003607	0.011429	0.002232	0.006984	0.001328	0.062392
32	0.585740	0.083900	0.244796	0.003196	0.011297	0.002046	0.006354	0.001239	0.061432
33	0.589561	0.084058	0.243411	0.002936	0.011111	0.001805	0.005839	0.001118	0.060161
34	0.593402	0.084161	0.241622	0.002666	0.010928	0.001636	0.005367	0.001049	0.059169
35	0.596735	0.084038	0.240741	0.002345	0.010640	0.001445	0.004967	0.000978	0.058111
36	0.599973	0.084427	0.239013	0.002124	0.010601	0.001294	0.004569	0.000901	0.057098
37	0.602819	0.084630	0.237507	0.001830	0.010500	0.001187	0.004171	0.000842	0.056514
38	0.605849	0.084614	0.236240	0.001666	0.010418	0.001052	0.003879	0.000801	0.055481
39	0.609106	0.084761	0.234877	0.001468	0.010220	0.001001	0.003474	0.000725	0.054368
40	0.612654	0.084873	0.232938	0.001329	0.010120	0.000872	0.003256	0.000671	0.053287
41	0.615339	0.085019	0.231869	0.001144	0.010115	0.000798	0.003007	0.000615	0.052094
42	0.618685	0.085011	0.229879	0.001012	0.009994	0.000728	0.002798	0.000622	0.051271
43	0.621601	0.084801	0.228697	0.000951	0.009951	0.000677	0.002609	0.000582	0.050131
44	0.623736	0.085310	0.227346	0.000887	0.009897	0.000586	0.002429	0.000533	0.049276
45	0.625718	0.085465	0.226300	0.000809	0.009860	0.000566	0.002259	0.000511	0.048512
46	0.628161	0.085288	0.225203	0.000770	0.009859	0.000513	0.002072	0.000442	0.047692
47	0.630865	0.085636	0.223518	0.000719	0.009718	0.000461	0.001958	0.000440	0.046685
48	0.633706	0.085752	0.221813	0.000677	0.009636	0.000440	0.001809	0.000400	0.045767
49	0.636253	0.086341	0.219838	0.000617	0.009510	0.000375	0.001616	0.000357	0.045093
50	0.637770	0.086234	0.219322	0.000578	0.009517	0.000343	0.001568	0.000324	0.044344
51	0.639553	0.086413	0.218572	0.000527	0.009337	0.000353	0.001475	0.000308	0.043462
52	0.641652	0.086531	0.216998	0.000469	0.009433	0.000325	0.001376	0.000298	0.042918
53	0.643771	0.086349	0.216291	0.000429	0.009289	0.000301	0.001288	0.000267	0.042015
54	0.645395	0.086740	0.215275	0.000409	0.009168	0.000274	0.001214	0.000239	0.041286
55	0.647828	0.086646	0.213961	0.000392	0.009202	0.000260	0.001073	0.000213	0.040425
56	0.649557	0.086742	0.212780	0.000393	0.009354	0.000230	0.000966	0.000184	0.039794
57	0.650890	0.086919	0.211947	0.000373	0.009380	0.000231	0.000934	0.000167	0.039159
58	0.652639	0.086597	0.211167	0.000320	0.009383	0.000214	0.000881	0.000163	0.038636
59	0.654563	0.086559	0.210046	0.000318	0.009332	0.000202	0.000809	0.000153	0.038018
60	0.656073	0.086930	0.208746	0.000303	0.009228	0.000203	0.000798	0.000159	0.037560
61	0.658068	0.086911	0.207494	0.000287	0.009160	0.000173	0.000708	0.000150	0.037049
62	0.659533	0.086852	0.206649	0.000269	0.009211	0.000158	0.000679	0.000133	0.036516
63	0.661544	0.086948	0.205528	0.000251	0.009108	0.000154	0.000676	0.000132	0.035659
64	0.662896	0.087121	0.204694	0.000241	0.009036	0.000146	0.000619	0.000123	0.035124
65	0.664562	0.087150	0.203876	0.000236	0.009023	0.000147	0.000564	0.000104	0.034338
66	0.665536	0.087393	0.203402	0.000210	0.009022	0.000141	0.000568	0.000113	0.033615
67	0.667447	0.087583	0.202254	0.000204	0.008922	0.000124	0.000517	0.000098	0.032851
68	0.668881	0.087542	0.201607	0.000182	0.008901	0.000118	0.000453	0.000097	0.032219
69	0.670103	0.087823	0.201008	0.000180	0.008773	0.000109	0.000446	0.000100	0.031458
70	0.671401	0.087712	0.200460	0.000191	0.008679	0.000106	0.000408	0.000102	0.030941
71	0.673476	0.087465	0.199357	0.000174	0.008670	0.000101	0.000390	0.000106	0.030261
72	0.674707	0.087338	0.198822	0.000165	0.008459	0.000102	0.000379	0.000094	0.029934
73	0.676330	0.087431	0.197533	0.000133	0.008497	0.000109	0.000382	0.000092	0.029493
74	0.677176	0.087693	0.197259	0.000138	0.008621	0.000091	0.000324	0.000073	0.028625
75	0.678703	0.087648	0.196306	0.000121	0.008597	0.000092	0.000311	0.000070	0.028152
76	0.680287	0.087897	0.194903	0.000112	0.008635	0.000074	0.000269	0.000075	0.027748
77	0.681414	0.088070	0.194224	0.000124	0.008643	0.000072	0.000294	0.000085	0.027074
78	0.682485	0.088233	0.193724	0.000137	0.008417	0.000075	0.000273	0.000074	0.026582
79	0.683940	0.087899	0.193122	0.000119	0.008581	0.000078	0.000247	0.000085	0.025929
80	0.685329	0.087753	0.192336	0.000121	0.008546	0.000072	0.000270	0.000081	0.025492
81	0.686311	0.087686	0.192252	0.000108	0.008446	0.000058	0.000239	0.000067	0.024833
82	0.687805	0.087496	0.191485	0.000098	0.008423	0.000060	0.000233	0.000082	0.024318
83	0.689086	0.087481	0.190736	0.000082	0.008448	0.000065	0.000226	0.000076	0.023800
84	0.691130	0.087027	0.189594	0.000084	0.008525	0.000050	0.000196	0.000073	0.023321
85	0.691819	0.087161	0.189567	0.000076	0.008526	0.000049	0.000200	0.000074	0.022528
86	0.692507	0.087102	0.189474	0.000057	0.008507	0.000044	0.000173	0.000060	0.022076
87	0.693875	0.086878	0.188613	0.000055	0.008570	0.000037	0.000138	0.000056	0.021778
88	0.694769	0.086860	0.188236	0.000045	0.008640	0.000033	0.000161	0.000055	0.021201
89	0.695348	0.087055	0.187967	0.000040	0.008544	0.000036	0.000143	0.000055	0.020812
90	0.696549	0.087038	0.187243	0.000047	0.008480	0.000034	0.000135	0.000046	0.020428
91	0.698210	0.087020	0.186055	0.000043	0.008597	0.000032	0.000112	0.000047	0.019884
92	0.699540	0.086724	0.185368	0.000033	0.008572	0.000025	0.000107	0.000043	0.019588
93	0.700732	0.086559	0.184808	0.000030	0.008632	0.000019	0.000092	0.000037	0.019091
94	0.701528	0.086317	0.184560	0.000025	0.008538	0.000017	0.000080	0.000036	0.018899
95	0.702423	0.086531	0.184093	0.000024	0.008531	0.000010	0.000066	0.000029	0.018293
96	0.702897	0.086644	0.184015	0.000031	0.008548	0.000012	0.000055	0.000028	0.017770
97	0.703862	0.086275	0.183752	0.000028	0.008498	0.000015	0.000047	0.000024	0.017499
98	0.704955	0.086260	0.183061	0.000029	0.008498	0.000016	0.000045	0.000013	0.017123
99	0.705603	0.086192	0.182955	0.000025	0.008445	0.000014	0.000038	0.000013	0.016715
100	0.706226	0.086138	0.182846	0.000020	0.008436	0.000011	0.000026	0.000015	0.016282
101	0.706893	0.086559	0.182158	0.000021	0.008359	0.000013	0.000023	0.000015	0.015959
102	0.707920	0.086129	0.182046	0.000022	0.008273	0.000013	0.000028	0.000015	0.015554
103	0.708045	0.086216	0.182029	0.000019	0.008338	0.000008	0.000021	0.000019	0.015305
104	0.709188	0.086195	0.180912	0.000016	0.008468	0.000006	0.000020	0.000017	0.015178
105	0.710814	0.085634	0.180156	0.000013	0.008391	0.000007	0.000013	0.000020	0.014952
106	0.711576	0.085362	0.180157	0.000014	0.008390	0.000006	0.000012	0.000009	0.014474
107	0.712272	0.085479	0.179920	0.000014	0.008367	0.000009	0.000010	0.000014	0.013915
108	0.713508	0.085740	0.178611	0.000009	0.008406	0.000007	0.000005	0.000011	0.013703
109	0.713586	0.085896	0.178651	0.000012	0.008296	0.000003	0.000010	0.000014	0.013532
110	0.714413	0.085862	0.178256	0.000005	0.008332	0.000002	0.000014	0.000012	0.013104
111	0.715021	0.085918	0.177969	0.000008	0.008300	0.000005	0.000012	0.000008	0.012759
112	0.715538	0.085851	0.177715	0.000007	0.008280	0.000003	0.000014	0.000013	0.012579
113	0.716186	0.086088	0.177204	0.000007	0.008312	0.000003	0.000016	0.000011	0.012173
114	0.716904	0.085904	0.177082	0.000006	0.008221	0.000001	0.000015	0.000009	0.011858
115	0.717473	0.085758	0.177059	0.000007	0.008169	0.000001	0.000015	0.000009	0.011509
116	0.717629	0.085924	0.176889	0.000008	0.008151	0.000000	0.000016	0.000012	0.011371
117	0.718263	0.085752	0.176622	0.000007	0.008106	0.000000	0.000012	0.000012	0.011226
118	0.718802	0.085805	0.176182	0.000006	0.008042	0.000000	0.000016	0.000009	0.011138
119	0.719924	0.085794	0.175482	0.000002	0.007939	0.000000	0.000014	0.000010	0.010835
120	0.719959	0.085500	0.175779	0.000004	0.008052	0.000000	0.000011	0.000011	0.010684
121	0.720520	0.085741	0.175066	0.000002	0.008022	0.000000	0.000013	0.000010	0.010626
122	0.721553	0.085319	0.174544	0.000000	0.008060	0.000000	0.000010	0.000009	0.010505
123	0.721947	0.084874	0.174682	0.000000	0.008107	0.000000	0.000010	0.000008	0.010372
124	0.722618	0.084762	0.174337	0.000000	0.008161	0.000000	0.000012	0.000008	0.010102
125	0.722972	0.084764	0.174098	0.000000	0.008069	0.000000	0.000006	0.000007	0.010084
126	0.723104	0.084892	0.174089	0.000000	0.008093	0.000000	0.000005	0.000008	0.009809
127	0.723532	0.084973	0.173819	0.000000	0.008134	0.000000	0.000006	0.000010	0.009526
128	0.723892	0.084679	0.173900	0.000000	0.008123	0.000000	0.000002	0.000005	0.009399
129	0.724358	0.084493	0.173772	0.000000	0.008005	0.000000	0.000000	0.000007	0.009365
130	0.725249	0.084507	0.173114	0.000000	0.007920	0.000000	0.000001	0.000004	0.009205
131	0.725571	0.084496	0.172948	0.000000	0.007865	0.000000	0.000000	0.000003	0.009117
132	0.726072	0.084510	0.172549	0.000000	0.007829	0.000000	0.000000	0.000002	0.009038
133	0.726876	0.084257	0.172157	0.000000	0.007859	0.000000	0.000000	0.000006	0.008845
134	0.727015	0.083934	0.172518	0.000000	0.007799	0.000000	0.000000	0.000004	0.008730
135	0.727779	0.083723	0.172365	0.000000	0.007711	0.000000	0.000000	0.000005	0.008417
136	0.728571	0.083231	0.172086	0.000000	0.007697	0.000000	0.000000	0.000004	0.008411
137	0.729044	0.082957	0.172131	0.000000	0.007609	0.000000	0.000000	0.000003	0.008256
138	0.729653	0.082951	0.171737	0.000000	0.007629	0.000000	0.000000	0.000002	0.008028
139	0.730055	0.082772	0.171813	0.000000	0.007471	0.000000	0.000000	0.000002	0.007887
140	0.730346	0.082579	0.171871	0.000000	0.007389	0.000000	0.000000	0.000000	0.007815
141	0.731127	0.082190	0.171609	0.000000	0.007302	0.000000	0.000000	0.000000	0.007772
142	0.731278	0.082363	0.171475	0.000000	0.007259	0.000000	0.000000	0.000000	0.007625
143	0.731374	0.082381	0.171490	0.000000	0.007310	0.000000	0.000000	0.000000	0.007445
144	0.731641	0.082511	0.171350	0.000000	0.007223	0.000000	0.000000	0.000000	0.007275
145	0.732602	0.082364	0.170655	0.000000	0.007259	0.000000	0.000000	0.000000	0.007120
146	0.732181	0.082524	0.171050	0.000000	0.007261	0.000000	0.000000	0.000000	0.006984
147	0.733011	0.082511	0.170536	0.000000	0.007123	0.000000	0.000000	0.000000	0.006819
148	0.733077	0.082491	0.170649	0.000000	0.007067	0.000000	0.000000	0.000000	0.006716
149	0.733928	0.082271	0.170191	0.000000	0.007037	0.000000	0.000000	0.000000	0.006573
150	0.734989	0.082119	0.169583	0.000000	0.006948	0.000000	0.000000	0.000000	0.006361
151	0.735895	0.082161	0.168636	0.000000	0.006958	0.000000	0.000000	0.000000	0.006350
152	0.736326	0.081743	0.168692	0.000000	0.006931	0.000000	0.000000	0.000000	0.006308
153	0.736266	0.081978	0.168766	0.000000	0.006859	0.000000	0.000000	0.000000	0.006131
154	0.736920	0.082028	0.168306	0.000000	0.006829	0.000000	0.000000	0.000000	0.005917
155	0.737285	0.082147	0.167946	0.000000	0.006795	0.000000	0.000000	0.000000	0.005827
156	0.737745	0.081911	0.167809	0.000000	0.006713	0.000000	0.000000	0.000000	0.005822
157	0.737732	0.082190	0.167621	0.000000	0.006687	0.000000	0.000000	0.000000	0.005770
158	0.738058	0.081956	0.167669	0.000000	0.006567	0.000000	0.000000	0.000000	0.005750
159	0.738103	0.081911	0.168013	0.000000	0.006435	0.000000	0.000000	0.000000	0.005538
160	0.737967	0.082177	0.167717	0.000000	0.006585	0.000000	0.000000	0.000000	0.005554
161	0.738000	0.081999	0.168054	0.000000	0.006508	0.000000	0.000000	0.000000	0.005439
162	0.738231	0.082040	0.167874	0.000000	0.006471	0.000000	0.000000	0.000000	0.005384
163	0.738712	0.082020	0.167530	0.000000	0.006440	0.000000	0.000000	0.000000	0.005298
164	0.739015	0.082054	0.167325	0.000000	0.006418	0.000000	0.000000	0.000000	0.005188
165	0.739253	0.081856	0.167484	0.000000	0.006292	0.000000	0.000000	0.000000	0.005115
166	0.739040	0.081839	0.167828	0.000000	0.006209	0.000000	0.000000	0.000000	0.005084
167	0.739358	0.081572	0.167737	0.000000	0.006257	0.000000	0.000000	0.000000	0.005076
168	0.739686	0.081250	0.167930	0.000000	0.006124	0.000000	0.000000	0.000000	0.005010
169	0.740193	0.081504	0.167172	0.000000	0.006086	0.000000	0.000000	0.000000	0.005045
170	0.740142	0.081373	0.167455	0.000000	0.006130	0.000000	0.000000	0.000000	0.004900
171	0.740274	0.081860	0.166901	0.000000	0.006067	0.000000	0.000000	0.000000	0.004898
172	0.740509	0.081618	0.166939	0.000000	0.006018	0.000000	0.000000	0.000000	0.004916
173	0.740421	0.081648	0.167116	0.000000	0.005950	0.000000	0.000000	0.000000	0.004865
174	0.740363	0.081505	0.167317	0.000000	0.006056	0.000000	0.000000	0.000000	0.004759
175	0.740432	0.081582	0.167353	0.000000	0.005956	0.000000	0.000000	0.000000	0.004677
176	0.740823	0.081969	0.166587	0.000000	0.005904	0.000000	0.000000	0.000000	0.004717
177	0.741345	0.081649	0.166561	0.000000	0.005859	0.000000	0.000000	0.000000	0.004586
178	0.741498	0.081575	0.166670	0.000000	0.005816	0.000000	0.000000	0.000000	0.004441
179	0.741307	0.081648	0.166674	0.000000	0.005883	0.000000	0.000000	0.000000	0.004488
180	0.741874	0.081665	0.166270	0.000000	0.005796	0.000000	0.000000	0.000000	0.004395
181	0.741396	0.082016	0.166552	0.000000	0.005700	0.000000	0.000000	0.000000	0.004336
182	0.741951	0.081805	0.166246	0.000000	0.005602	0.000000	0.000000	0.000000	0.004396
183	0.742176	0.082014	0.165968	0.000000	0.005614	0.000000	0.000000	0.000000	0.004228
184	0.742202	0.081968	0.166238	0.000000	0.005535	0.000000	0.000000	0.000000	0.004057
185	0.742593	0.082165	0.165731	0.000000	0.005484	0.000000	0.000000	0.000000	0.004027
186	0.742719	0.082241	0.165625	0.000000	0.005463	0.000000	0.000000	0.000000	0.003952
187	0.743421	0.081791	0.165320	0.000000	0.005458	0.000000	0.000000	0.000000	0.004010
188	0.743936	0.081744	0.165147	0.000000	0.005400	0.000000	0.000000	0.000000	0.003773
189	0.744260	0.081672	0.164956	0.000000	0.005403	0.000000	0.000000	0.000000	0.003709
190	0.744346	0.081844	0.164807	0.000000	0.005381	0.000000	0.000000	0.000000	0.003622
191	0.744564	0.081459	0.165029	0.000000	0.005424	0.000000	0.000000	0.000000	0.003524
192	0.744782	0.081591	0.164853	0.000000	0.005351	0.000000	0.000000	0.000000	0.003423
193	0.744742	0.081445	0.165076	0.000000	0.005395	0.000000	0.000000	0.000000	0.003342
194	0.744969	0.081491	0.164752	0.000000	0.005433	0.000000	0.000000	0.000000	0.003355
195	0.745779	0.081153	0.164467	0.000000	0.005332	0.000000	0.000000	0.000000	0.003269
196	0.746028	0.081073	0.164399	0.000000	0.005271	0.000000	0.000000	0.000000	0.003229
197	0.746469	0.080828	0.164214	0.000000	0.005274	0.000000	0.000000	0.000000	0.003215
198	0.746144	0.081152	0.164311	0.000000	0.005224	0.000000	0.000000	0.000000	0.003169
199	0.746040	0.081039	0.164488	0.000000	0.005308	0.000000	0.000000	0.000000	0.003125
200	0.746679	0.080886	0.164233	0.000000	0.005213	0.000000	0.000000	0.000000	0.002989
201	0.746420	0.081026	0.164446	0.000000	0.005147	0.000000	0.000000	0.000000	0.002961
202	0.746374	0.081246	0.164243	0.000000	0.005246	0.000000	0.000000	0.000000	0.002891
203	0.745858	0.081517	0.164669	0.000000	0.005117	0.000000	0.000000	0.000000	0.002839
204	0.745951	0.081794	0.164415	0.000000	0.005095	0.000000	0.000000	0.000000	0.002745
205	0.745823	0.081709	0.164614	0.000000	0.005071	0.000000	0.000000	0.000000	0.002783
206	0.746012	0.081839	0.164353	0.000000	0.005103	0.000000	0.000000	0.000000	0.002693
207	0.745786	0.081738	0.164817	0.000000	0.005051	0.000000	0.000000	0.000000	0.002608
208	0.745521	0.081783	0.165188	0.000000	0.004905	0.000000	0.000000	0.000000	0.002603
209	0.745673	0.081806	0.164979	0.000000	0.004956	0.000000	0.000000	0.000000	0.002586
210	0.745832	0.081996	0.164706	0.000000	0.004907	0.000000	0.000000	0.000000	0.002559
211	0.746201	0.081914	0.164510	0.000000	0.004868	0.000000	0.000000	0.000000	0.002507
212	0.746098	0.081598	0.164984	0.000000	0.004840	0.000000	0.000000	0.000000	0.002480
213	0.746707	0.081696	0.164398	0.000000	0.004809	0.000000	0.000000	0.000000	0.002390
214	0.746638	0.081984	0.164316	0.000000	0.004735	0.000000	0.000000	0.000000	0.002327
215	0.746487	0.082037	0.164562	0.000000	0.004666	0.000000	0.000000	0.000000	0.002248
216	0.746800	0.081885	0.164465	0.000000	0.004643	0.000000	0.000000	0.000000	0.002207
217	0.747101	0.081818	0.164343	0.000000	0.004578	0.000000	0.000000	0.000000	0.002160
218	0.746779	0.082225	0.164369	0.000000	0.004568	0.000000	0.000000	0.000000	0.002059
219	0.747513	0.081947	0.163912	0.000000	0.004599	0.000000	0.000000	0.000000	0.002029
220	0.747779	0.081819	0.163862	0.000000	0.004533	0.000000	0.000000	0.000000	0.002007
221	0.746964	0.082062	0.164499	0.000000	0.004474	0.000000	0.000000	0.000000	0.002001
222	0.748069	0.082166	0.163293	0.000000	0.004464	0.000000	0.000000	0.000000	0.002008
223	0.747734	0.082493	0.163404	0.000000	0.004424	0.000000	0.000000	0.000000	0.001945
224	0.748110	0.082293	0.163254	0.000000	0.004406	0.000000	0.000000	0.000000	0.001937
225	0.748085	0.082513	0.163054	0.000000	0.004409	0.000000	0.000000	0.000000	0.001939
226	0.748592	0.082129	0.162952	0.000000	0.004395	0.000000	0.000000	0.000000	0.001932
227	0.748209	0.082380	0.163117	0.000000	0.004371	0.000000	0.000000	0.000000	0.001923
228	0.748747	0.082404	0.162726	0.000000	0.004294	0.000000	0.000000	0.000000	0.001829
229	0.749109	0.082066	0.162704	0.000000	0.004312	0.000000	0.000000	0.000000	0.001809
230	0.749513	0.081634	0.162781	0.000000	0.004277	0.000000	0.000000	0.000000	0.001795
231	0.749757	0.081375	0.162804	0.000000	0.004287	0.000000	0.000000	0.000000	0.001777
232	0.749969	0.081380	0.162684	0.000000	0.004222	0.000000	0.000000	0.000000	0.001745
233	0.749892	0.081707	0.162461	0.000000	0.004193	0.000000	0.000000	0.000000	0.001747
234	0.750137	0.081980	0.162065	0.000000	0.004117	0.000000	0.000000	0.000000	0.001701
235	0.750761	0.081627	0.161742	0.000000	0.004111	0.000000	0.000000	0.000000	0.001759
236	0.750097	0.081668	0.162404	0.000000	0.004052	0.000000	0.000000	0.000000	0.001779
237	0.750496	0.081578	0.162219	0.000000	0.003955	0.000000	0.000000	0.000000	0.001752
238	0.750259	0.081496	0.162593	0.000000	0.003930	0.000000	0.000000	0.000000	0.001722
239	0.751024	0.081372	0.162005	0.000000	0.003866	0.000000	0.000000	0.000000	0.001733
240	0.750947	0.081442	0.162077	0.000000	0.003818	0.000000	0.000000	0.000000	0.001716
241	0.751208	0.081272	0.162037	0.000000	0.003797	0.000000	0.000000	0.000000	0.001686
242	0.751912	0.080815	0.161828	0.000000	0.003757	0.000000	0.000000	0.000000	0.001688
243	0.751350	0.080954	0.162352	0.000000	0.003645	0.000000	0.000000	0.000000	0.001699
244	0.751107	0.081243	0.162409	0.000000	0.003567	0.000000	0.000000	0.000000	0.001674
245	0.751892	0.081175	0.161779	0.000000	0.003531	0.000000	0.000000	0.000000	0.001623
246	0.751489	0.081391	0.161990	0.000000	0.003523	0.000000	0.000000	0.000000	0.001607
247	0.751315	0.081675	0.161950	0.000000	0.003500	0.000000	0.000000	0.000000	0.001560
248	0.751166	0.081669	0.162135	0.000000	0.003513	0.000000	0.000000	0.000000	0.001517
249	0.751916	0.081394	0.161650	0.000000	0.003505	0.000000	0.000000	0.000000	0.001535
250	0.751803	0.081437	0.161794	0.000000	0.003530	0.000000	0.000000	0.000000	0.001436
251	0.751833	0.081261	0.161982	0.000000	0.003458	0.000000	0.000000	0.000000	0.001466
252	0.752141	0.081299	0.161788	0.000000	0.003418	0.000000	0.000000	0.000000	0.001354
253	0.751785	0.081513	0.161928	0.000000	0.003430	0.000000	0.000000	0.000000	0.001344
254	0.751833	0.081554	0.161884	0.000000	0.003445	0.000000	0.000000	0.000000	0.001284
255	0.752214	0.081549	0.161566	0.000000	0.003424	0.000000	0.000000	0.000000	0.001247
256	0.752404	0.081637	0.161328	0.000000	0.003402	0.000000	0.000000	0.000000	0.001229
257	0.752383	0.081524	0.161523	0.000000	0.003363	0.000000	0.000000	0.000000	0.001207
258	0.752792	0.081439	0.161328	0.000000	0.003283	0.000000	0.000000	0.000000	0.001158
259	0.753401	0.081344	0.160777	0.000000	0.003322	0.000000	0.000000	0.000000	0.001156
260	0.753669	0.081645	0.160373	0.000000	0.003252	0.000000	0.000000	0.000000	0.001061
261	0.753376	0.081818	0.160518	0.000000	0.003188	0.000000	0.000000	0.000000	0.001100
262	0.753309	0.082007	0.160464	0.000000	0.003142	0.000000	0.000000	0.000000	0.001078
263	0.753339	0.081929	0.160468	0.000000	0.003172	0.000000	0.000000	0.000000	0.001092
264	0.753433	0.082166	0.160228	0.000000	0.003114	0.000000	0.000000	0.000000	0.001059
265	0.753394	0.082065	0.160335	0.000000	0.003113	0.000000	0.000000	0.000000	0.001093
266	0.753312	0.082071	0.160449	0.000000	0.003106	0.000000	0.000000	0.000000	0.001062
267	0.753448	0.082222	0.160109	0.000000	0.003137	0.000000	0.000000	0.000000	0.001084
268	0.753286	0.082422	0.160116	0.000000	0.003087	0.000000	0.000000	0.000000	0.001089
269	0.753694	0.082149	0.160102	0.000000	0.003034	0.000000	0.000000	0.000000	0.001021
270	0.753999	0.082252	0.159727	0.000000	0.003004	0.000000	0.000000	0.000000	0.001018
271	0.753721	0.082248	0.160053	0.000000	0.003002	0.000000	0.000000	0.000000	0.000976
272	0.753362	0.082676	0.160024	0.000000	0.002951	0.000000	0.000000	0.000000	0.000987
273	0.753241	0.082628	0.160100	0.000000	0.003014	0.000000	0.000000	0.000000	0.001017
274	0.753174	0.082330	0.160470	0.000000	0.003002	0.000000	0.000000	0.000000	0.001024
275	0.752976	0.082379	0.160649	0.000000	0.002977	0.000000	0.000000	0.000000	0.001019
276	0.752738	0.082317	0.160978	0.000000	0.002961	0.000000	0.000000	0.000000	0.001006
277	0.753232	0.082028	0.160738	0.000000	0.002995	0.000000	0.000000	0.000000	0.001007
278	0.752776	0.082271	0.161090	0.000000	0.002873	0.000000	0.000000	0.000000	0.000990
279	0.752605	0.082106	0.161352	0.000000	0.002933	0.000000	0.000000	0.000000	0.001004
280	0.752878	0.082312	0.160876	0.000000	0.002947	0.000000	0.000000	0.000000	0.000987
281	0.752320	0.082239	0.161445	0.000000	0.003010	0.000000	0.000000	0.000000	0.000986
282	0.752036	0.082442	0.161429	0.000000	0.003098	0.000000	0.000000	0.000000	0.000995
283	0.752618	0.082734	0.160577	0.000000	0.003077	0.000000	0.000000	0.000000	0.000994
284	0.752772	0.082411	0.160734	0.000000	0.003091	0.000000	0.000000	0.000000	0.000992
285	0.752826	0.082196	0.160921	0.000000	0.003094	0.000000	0.000000	0.000000	0.000963
286	0.752596	0.082263	0.161101	0.000000	0.003028	0.000000	0.000000	0.000000	0.001012
287	0.752824	0.082494	0.160689	0.000000	0.003013	0.000000	0.000000	0.000000	0.000980
288	0.752879	0.082198	0.160932	0.000000	0.003025	0.000000	0.000000	0.000000	0.000966
289	0.753308	0.082322	0.160310	0.000000	0.003076	0.000000	0.000000	0.000000	0.000984
290	0.753204	0.082187	0.160597	0.000000	0.003052	0.000000	0.000000	0.000000	0.000960
291	0.753528	0.082140	0.160361	0.000000	0.003000	0.000000	0.000000	0.000000	0.000971
292	0.753705	0.081927	0.160359	0.000000	0.003045	0.000000	0.000000	0.000000	0.000964
293	0.753857	0.081946	0.160254	0.000000	0.002941	0.000000	0.000000	0.000000	0.001002
294	0.753559	0.081781	0.160699	0.000000	0.002952	0.000000	0.000000	0.000000	0.001009
295	0.753743	0.081652	0.160662	0.000000	0.002957	0.000000	0.000000	0.000000	0.000986
296	0.753772	0.081656	0.160556	0.000000	0.003056	0.000000	0.000000	0.000000	0.000960
297	0.753958	0.081430	0.160597	0.000000	0.003059	0.000000	0.000000	0.000000	0.000956
298	0.753693	0.081646	0.160730	0.000000	0.003001	0.000000	0.000000	0.000000	0.000930
299	0.754139	0.081027	0.160945	0.000000	0.002987	0.000000	0.000000	0.000000	0.000902
300	0.754013	0.081130	0.160944	0.000000	0.002998	0.000000	0.000000	0.000000	0.000915
301	0.754065	0.080805	0.161268	0.000000	0.002930	0.000000	0.000000	0.000000	0.000932
302	0.753818	0.080873	0.161441	0.000000	0.002916	0.000000	0.000000	0.000000	0.000952
303	0.754137	0.080540	0.161490	0.000000	0.002898	0.000000	0.000000	0.000000	0.000935
304	0.754106	0.080875	0.161220	0.000000	0.002860	0.000000	0.000000	0.000000	0.000939
305	0.754433	0.080482	0.161317	0.000000	0.002846	0.000000	0.000000	0.000000	0.000922
306	0.754472	0.080504	0.161251	0.000000	0.002826	0.000000	0.000000	0.000000	0.000947
307	0.754588	0.080367	0.161287	0.000000	0.002824	0.000000	0.000000	0.000000	0.000934
308	0.755076	0.080167	0.160998	0.000000	0.002798	0.000000	0.000000	0.000000	0.000961
309	0.755112	0.080398	0.160785	0.000000	0.002779	0.000000	0.000000	0.000000	0.000926
310	0.755075	0.080037	0.161149	0.000000	0.002845	0.000000	0.000000	0.000000	0.000894
311	0.755520	0.079961	0.160811	0.000000	0.002796	0.000000	0.000000	0.000000	0.000912
312	0.754768	0.080377	0.161234	0.000000	0.002760	0.000000	0.000000	0.000000	0.000861
313	0.754985	0.079847	0.161503	0.000000	0.002772	0.000000	0.000000	0.000000	0.000893
314	0.754668	0.080258	0.161517	0.000000	0.002726	0.000000	0.000000	0.000000	0.000831
315	0.755370	0.080153	0.160960	0.000000	0.002729	0.000000	0.000000	0.000000	0.000788
316	0.755089	0.080160	0.161243	0.000000	0.002720	0.000000	0.000000	0.000000	0.000788
317	0.755162	0.080123	0.161186	0.000000	0.002744	0.000000	0.000000	0.000000	0.000785
318	0.755610	0.080175	0.160778	0.000000	0.002685	0.000000	0.000000	0.000000	0.000752
319	0.755440	0.080248	0.160871	0.000000	0.002696	0.000000	0.000000	0.000000	0.000745
320	0.755775	0.080175	0.160641	0.000000	0.002681	0.000000	0.000000	0.000000	0.000728
321	0.755902	0.080255	0.160409	0.000000	0.002679	0.000000	0.000000	0.000000	0.000755
322	0.755305	0.080002	0.161292	0.000000	0.002677	0.000000	0.000000	0.000000	0.000724
323	0.755257	0.080096	0.161223	0.000000	0.002696	0.000000	0.000000	0.000000	0.000728
324	0.754908	0.080175	0.161528	0.000000	0.002687	0.000000	0.000000	0.000000	0.000702
325	0.755118	0.080125	0.161394	0.000000	0.002627	0.000000	0.000000	0.000000	0.000736
326	0.755305	0.079980	0.161462	0.000000	0.002566	0.000000	0.000000	0.000000	0.000687
327	0.755419	0.079937	0.161465	0.000000	0.002523	0.000000	0.000000	0.000000	0.000656
328	0.755835	0.079982	0.161071	0.000000	0.002479	0.000000	0.000000	0.000000	0.000633
329	0.755992	0.079921	0.160986	0.000000	0.002497	0.000000	0.000000	0.000000	0.000604
330	0.756087	0.079568	0.161291	0.000000	0.002440	0.000000	0.000000	0.000000	0.000614
331	0.755537	0.079973	0.161470	0.000000	0.002418	0.000000	0.000000	0.000000	0.000602
332	0.755650	0.079828	0.161514	0.000000	0.002429	0.000000	0.000000	0.000000	0.000579
333	0.755721	0.079761	0.161577	0.000000	0.002373	0.000000	0.000000	0.000000	0.000568
334	0.755793	0.079928	0.161435	0.000000	0.002303	0.000000	0.000000	0.000000	0.000541
335	0.755674	0.080012	0.161455	0.000000	0.002309	0.000000	0.000000	0.000000	0.000550
336	0.755923	0.080267	0.160987	0.000000	0.002255	0.000000	0.000000	0.000000	0.000568
337	0.756017	0.079996	0.161239	0.000000	0.002210	0.000000	0.000000	0.000000	0.000538
338	0.756110	0.079934	0.161259	0.000000	0.002183	0.000000	0.000000	0.000000	0.000514
339	0.756221	0.080501	0.160577	0.000000	0.002198	0.000000	0.000000	0.000000	0.000503
340	0.756033	0.080746	0.160622	0.000000	0.002120	0.000000	0.000000	0.000000	0.000479
341	0.756223	0.080404	0.160811	0.000000	0.002095	0.000000	0.000000	0.000000	0.000467
342	0.756128	0.080155	0.161184	0.000000	0.002087	0.000000	0.000000	0.000000	0.000446
343	0.756631	0.080263	0.160553	0.000000	0.002094	0.000000	0.000000	0.000000	0.000459
344	0.756737	0.080342	0.160448	0.000000	0.002020	0.000000	0.000000	0.000000	0.000453
345	0.756598	0.080038	0.160886	0.000000	0.002044	0.000000	0.000000	0.000000	0.000434
346	0.756852	0.079964	0.160726	0.000000	0.002006	0.000000	0.000000	0.000000	0.000452
347	0.756586	0.079998	0.161004	0.000000	0.001951	0.000000	0.000000	0.000000	0.000461
348	0.756742	0.079866	0.161048	0.000000	0.001918	0.000000	0.000000	0.000000	0.000426
349	0.756175	0.080107	0.161358	0.000000	0.001932	0.000000	0.000000	0.000000	0.000428
350	0.756070	0.080337	0.161232	0.000000	0.001945	0.000000	0.000000	0.000000	0.000416
351	0.756081	0.080380	0.161197	0.000000	0.001908	0.000000	0.000000	0.000000	0.000434
352	0.756761	0.079923	0.160997	0.000000	0.001884	0.000000	0.000000	0.000000	0.000435
353	0.756127	0.079931	0.161677	0.000000	0.001843	0.000000	0.000000	0.000000	0.000422
354	0.756658	0.079836	0.161261	0.000000	0.001803	0.000000	0.000000	0.000000	0.000442
355	0.756699	0.079539	0.161473	0.000000	0.001848	0.000000	0.000000	0.000000	0.000441
356	0.756478	0.079622	0.161616	0.000000	0.001827	0.000000	0.000000	0.000000	0.000457
357	0.756019	0.079914	0.161796	0.000000	0.001823	0.000000	0.000000	0.000000	0.000448
358	0.756296	0.079840	0.161582	0.000000	0.001820	0.000000	0.000000	0.000000	0.000462
359	0.756465	0.080153	0.161109	0.000000	0.001812	0.000000	0.000000	0.000000	0.000461
360	0.756505	0.080017	0.161207	0.000000	0.001821	0.000000	0.000000	0.000000	0.000450
361	0.755957	0.080576	0.161204	0.000000	0.001811	0.000000	0.000000	0.000000	0.000452
362	0.756371	0.080470	0.160929	0.000000	0.001779	0.000000	0.000000	0.000000	0.000451
363	0.756719	0.080231	0.160856	0.000000	0.001743	0.000000	0.000000	0.000000	0.000451
364	0.756908	0.080576	0.160355	0.000000	0.001740	0.000000	0.000000	0.000000	0.000421
365	0.757728	0.079980	0.160149	0.000000	0.001736	0.000000	0.000000	0.000000	0.000407
366	0.757569	0.080375	0.159939	0.000000	0.001710	0.000000	0.000000	0.000000	0.000407
367	0.756914	0.080584	0.160387	0.000000	0.001701	0.000000	0.000000	0.000000	0.000414
368	0.757055	0.080440	0.160386	0.000000	0.001724	0.000000	0.000000	0.000000	0.000395
369	0.757105	0.080313	0.160475	0.000000	0.001714	0.000000	0.000000	0.000000	0.000393
370	0.757120	0.080301	0.160470	0.000000	0.001714	0.000000	0.000000	0.000000	0.000395
371	0.757255	0.080110	0.160515	0.000000	0.001739	0.000000	0.000000	0.000000	0.000381
372	0.757203	0.080036	0.160634	0.000000	0.001741	0.000000	0.000000	0.000000	0.000386
373	0.757299	0.079757	0.160808	0.000000	0.001733	0.000000	0.000000	0.000000	0.000403
374	0.757270	0.079764	0.160863	0.000000	0.001707	0.000000	0.000000	0.000000	0.000396
375	0.757199	0.079559	0.161186	0.000000	0.001663	0.000000	0.000000	0.000000	0.000393
376	0.756959	0.079800	0.161184	0.000000	0.001648	0.000000	0.000000	0.000000	0.000409
377	0.756930	0.079671	0.161378	0.000000	0.001629	0.000000	0.000000	0.000000	0.000392
378	0.757170	0.079882	0.160950	0.000000	0.001606	0.000000	0.000000	0.000000	0.000392
379	0.757373	0.080095	0.160545	0.000000	0.001628	0.000000	0.000000	0.000000	0.000359
380	0.757399	0.079746	0.160893	0.000000	0.001585	0.000000	0.000000	0.000000	0.000377
381	0.756096	0.079753	0.162155	0.000000	0.001624	0.000000	0.000000	0.000000	0.000372
382	0.756459	0.079683	0.161876	0.000000	0.001628	0.000000	0.000000	0.000000	0.000354
383	0.756124	0.079682	0.162200	0.000000	0.001626	0.000000	0.000000	0.000000	0.000368
384	0.756185	0.079933	0.161874	0.000000	0.001634	0.000000	0.000000	0.000000	0.000374
385	0.756353	0.079657	0.162008	0.000000	0.001611	0.000000	0.000000	0.000000	0.000371
386	0.756068	0.079888	0.162120	0.000000	0.001564	0.000000	0.000000	0.000000	0.000360
387	0.756328	0.079893	0.161855	0.000000	0.001552	0.000000	0.000000	0.000000	0.000372
388	0.756513	0.079530	0.162024	0.000000	0.001566	0.000000	0.000000	0.000000	0.000367
389	0.756484	0.079574	0.161964	0.000000	0.001596	0.000000	0.000000	0.000000	0.000382
390	0.755411	0.080112	0.162520	0.000000	0.001583	0.000000	0.000000	0.000000	0.000374
391	0.755326	0.080161	0.162555	0.000000	0.001587	0.000000	0.000000	0.000000	0.000371
392	0.755529	0.079964	0.162534	0.000000	0.001591	0.000000	0.000000	0.000000	0.000382
393	0.755460	0.080003	0.162537	0.000000	0.001591	0.000000	0.000000	0.000000	0.000409
394	0.755558	0.079893	0.162609	0.000000	0.001550	0.000000	0.000000	0.000000	0.000390
395	0.755551	0.080215	0.162312	0.000000	0.001542	0.000000	0.000000	0.000000	0.000380
396	0.756038	0.080264	0.161819	0.000000	0.001501	0.000000	0.000000	0.000000	0.000378
397	0.755736	0.080095	0.162364	0.000000	0.001442	0.000000	0.000000	0.000000	0.000363
398	0.756014	0.079997	0.162198	0.000000	0.001429	0.000000	0.000000	0.000000	0.000362
399	0.756162	0.079675	0.162371	0.000000	0.001439	0.000000	0.000000	0.000000	0.000353
400	0.755786	0.079852	0.162593	0.000000	0.001432	0.000000	0.000000	0.000000	0.000337
401	0.756055	0.079715	0.162489	0.000000	0.001402	0.000000	0.000000	0.000000	0.000339
402	0.756375	0.079432	0.162484	0.000000	0.001384	0.000000	0.000000	0.000000	0.000325
403	0.756078	0.079670	0.162592	0.000000	0.001351	0.000000	0.000000	0.000000	0.000309
404	0.756160	0.079728	0.162436	0.000000	0.001347	0.000000	0.000000	0.000000	0.000329
405	0.755801	0.079668	0.162881	0.000000	0.001331	0.000000	0.000000	0.000000	0.000319
406	0.755804	0.079785	0.162771	0.000000	0.001336	0.000000	0.000000	0.000000	0.000304
407	0.755496	0.080109	0.162799	0.000000	0.001305	0.000000	0.000000	0.000000	0.000291
408	0.756042	0.079844	0.162525	0.000000	0.001312	0.000000	0.000000	0.000000	0.000277
409	0.755805	0.080087	0.162535	0.000000	0.001288	0.000000	0.000000	0.000000	0.000285
410	0.755857	0.080014	0.162509	0.000000	0.001330	0.000000	0.000000	0.000000	0.000290
411	0.755519	0.079940	0.162961	0.000000	0.001319	0.000000	0.000000	0.000000	0.000261
412	0.755766	0.080024	0.162622	0.000000	0.001313	0.000000	0.000000	0.000000	0.000275
413	0.756163	0.079854	0.162421	0.000000	0.001276	0.000000	0.000000	0.000000	0.000286
414	0.756823	0.079490	0.162140	0.000000	0.001255	0.000000	0.000000	0.000000	0.000292
415	0.756741	0.079582	0.162150	0.000000	0.001238	0.000000	0.000000	0.000000	0.000289
416	0.756650	0.080040	0.161826	0.000000	0.001221	0.000000	0.000000	0.000000	0.000263
417	0.756934	0.079732	0.161867	0.000000	0.001196	0.000000	0.000000	0.000000	0.000271
418	0.757104	0.079849	0.161547	0.000000	0.001218	0.000000	0.000000	0.000000	0.000282
419	0.756742	0.079828	0.161926	0.000000	0.001226	0.000000	0.000000	0.000000	0.000278
420	0.756454	0.079830	0.162210	0.000000	0.001226	0.000000	0.000000	0.000000	0.000280
421	0.756593	0.079846	0.162061	0.000000	0.001239	0.000000	0.000000	0.000000	0.000261
422	0.756807	0.079760	0.161895	0.000000	0.001275	0.000000	0.000000	0.000000	0.000263
423	0.756999	0.079589	0.161881	0.000000	0.001272	0.000000	0.000000	0.000000	0.000259
424	0.756592	0.079929	0.161959	0.000000	0.001256	0.000000	0.000000	0.000000	0.000264
425	0.757207	0.079426	0.161886	0.000000	0.001241	0.000000	0.000000	0.000000	0.000240
426	0.757231	0.079432	0.161848	0.000000	0.001252	0.000000	0.000000	0.000000	0.000237
427	0.757161	0.079631	0.161747	0.000000	0.001232	0.000000	0.000000	0.000000	0.000229
428	0.757003	0.079735	0.161840	0.000000	0.001183	0.000000	0.000000	0.000000	0.000239
429	0.757183	0.079561	0.161884	0.000000	0.001144	0.000000	0.000000	0.000000	0.000228
430	0.757435	0.079484	0.161729	0.000000	0.001113	0.000000	0.000000	0.000000	0.000239
431	0.757146	0.079723	0.161780	0.000000	0.001127	0.000000	0.000000	0.000000	0.000224
432	0.756460	0.080006	0.162179	0.000000	0.001127	0.000000	0.000000	0.000000	0.000228
433	0.756499	0.080256	0.161916	0.000000	0.001117	0.000000	0.000000	0.000000	0.000212
434	0.756659	0.080150	0.161853	0.000000	0.001110	0.000000	0.000000	0.000000	0.000228
435	0.757013	0.079978	0.161724	0.000000	0.001063	0.000000	0.000000	0.000000	0.000222
436	0.756837	0.079962	0.161921	0.000000	0.001057	0.000000	0.000000	0.000000	0.000223
437	0.757071	0.079936	0.161701	0.000000	0.001057	0.000000	0.000000	0.000000	0.000235
438	0.757466	0.079837	0.161441	0.000000	0.001033	0.000000	0.000000	0.000000	0.000223
439	0.757275	0.079670	0.161773	0.000000	0.001066	0.000000	0.000000	0.000000	0.000216
440	0.757294	0.079915	0.161518	0.000000	0.001068	0.000000	0.000000	0.000000	0.000205
441	0.757327	0.080045	0.161368	0.000000	0.001052	0.000000	0.000000	0.000000	0.000208
442	0.757230	0.079990	0.161547	0.000000	0.001009	0.000000	0.000000	0.000000	0.000224
443	0.757405	0.079932	0.161415	0.000000	0.001005	0.000000	0.000000	0.000000	0.000243
444	0.757688	0.079831	0.161220	0.000000	0.001029	0.000000	0.000000	0.000000	0.000232
445	0.757765	0.079558	0.161432	0.000000	0.001004	0.000000	0.000000	0.000000	0.000241
446	0.757673	0.079710	0.161325	0.000000	0.001064	0.000000	0.000000	0.000000	0.000228
447	0.757224	0.079971	0.161516	0.000000	0.001052	0.000000	0.000000	0.000000	0.000237
448	0.756959	0.079656	0.162069	0.000000	0.001054	0.000000	0.000000	0.000000	0.000262
449	0.756725	0.079884	0.162054	0.000000	0.001058	0.000000	0.000000	0.000000	0.000279
450	0.757114	0.080012	0.161616	0.000000	0.001004	0.000000	0.000000	0.000000	0.000254
451	0.757287	0.079660	0.161814	0.000000	0.001017	0.000000	0.000000	0.000000	0.000222
452	0.757950	0.079183	0.161624	0.000000	0.001016	0.000000	0.000000	0.000000	0.000227
453	0.757638	0.079180	0.161950	0.000000	0.001010	0.000000	0.000000	0.000000	0.000222
454	0.757792	0.079072	0.161905	0.000000	0.001009	0.000000	0.000000	0.000000	0.000222
455	0.757530	0.079099	0.162168	0.000000	0.001001	0.000000	0.000000	0.000000	0.000202
456	0.757517	0.079360	0.161878	0.000000	0.001029	0.000000	0.000000	0.000000	0.000216
457	0.756959	0.079435	0.162341	0.000000	0.001045	0.000000	0.000000	0.000000	0.000220
458	0.756756	0.079497	0.162495	0.000000	0.001030	0.000000	0.000000	0.000000	0.000222
459	0.756306	0.079555	0.162858	0.000000	0.001061	0.000000	0.000000	0.000000	0.000220
460	0.756863	0.078896	0.162954	0.000000	0.001077	0.000000	0.000000	0.000000	0.000210
461	0.756514	0.078980	0.163170	0.000000	0.001118	0.000000	0.000000	0.000000	0.000218
462	0.756681	0.079122	0.162915	0.000000	0.001094	0.000000	0.000000	0.000000	0.000188
463	0.756757	0.079444	0.162531	0.000000	0.001064	0.000000	0.000000	0.000000	0.000204
464	0.756771	0.079485	0.162507	0.000000	0.001055	0.000000	0.000000	0.000000	0.000182
465	0.756691	0.079668	0.162373	0.000000	0.001072	0.000000	0.000000	0.000000	0.000196
466	0.756985	0.079477	0.162300	0.000000	0.001042	0.000000	0.000000	0.000000	0.000196
467	0.756479	0.079736	0.162609	0.000000	0.000991	0.000000	0.000000	0.000000	0.000185
468	0.757033	0.079730	0.162072	0.000000	0.000983	0.000000	0.000000	0.000000	0.000182
469	0.757114	0.079572	0.162140	0.000000	0.000991	0.000000	0.000000	0.000000	0.000183
470	0.757067	0.079605	0.162144	0.000000	0.000977	0.000000	0.000000	0.000000	0.000207
