0	0.290663	0.057897	0.229473	0.157588	0.029913	0.111872	0.085455	0.012259	0.024880
1	0.236323	0.048757	0.202540	0.136664	0.028307	0.118058	0.116983	0.022977	0.089391
2	0.240022	0.049472	0.204387	0.128813	0.027764	0.112367	0.116397	0.022996	0.097782
3	0.250350	0.051204	0.208038	0.122142	0.027173	0.105072	0.112482	0.022155	0.101384
4	0.260852	0.052337	0.212058	0.115843	0.026551	0.099002	0.107424	0.021416	0.104517
5	0.272640	0.053656	0.215751	0.109626	0.026590	0.092546	0.102349	0.020238	0.106604
6	0.283618	0.055116	0.218926	0.103979	0.026180	0.086226	0.097877	0.018993	0.109085
7	0.295835	0.056034	0.221333	0.098737	0.026101	0.080497	0.092918	0.017870	0.110675
8	0.306515	0.057612	0.223432	0.093488	0.026027	0.074685	0.088300	0.017080	0.112861
9	0.318197	0.058694	0.225232	0.088190	0.025760	0.069237	0.083793	0.016097	0.114800
10	0.329386	0.059890	0.226761	0.083852	0.025444	0.063749	0.079420	0.015142	0.116356
11	0.339311	0.060891	0.228179	0.079684	0.025575	0.058864	0.075325	0.014274	0.117897
12	0.349646	0.061858	0.229160	0.075195	0.025480	0.054753	0.071096	0.013544	0.119268
13	0.360863	0.062744	0.229813	0.070141	0.025227	0.050839	0.066994	0.012591	0.120788
14	0.370753	0.063807	0.230013	0.066464	0.025149	0.047009	0.063134	0.011978	0.121693
15	0.380864	0.064573	0.229592	0.062453	0.025097	0.043574	0.059531	0.011292	0.123024
16	0.390570	0.065629	0.228877	0.058673	0.025010	0.040194	0.056481	0.010584	0.123982
17	0.399946	0.066465	0.228782	0.055047	0.024797	0.037085	0.053164	0.009965	0.124749
18	0.408855	0.067140	0.228099	0.052195	0.024715	0.034375	0.049902	0.009427	0.125292
19	0.418161	0.067748	0.227795	0.048477	0.024512	0.031636	0.047193	0.008820	0.125658
20	0.426790	0.068684	0.226959	0.045431	0.024493	0.029051	0.044072	0.008420	0.126100
21	0.435021	0.069525	0.225028	0.042592	0.024424	0.026648	0.041877	0.007870	0.127015
22	0.443538	0.070178	0.223998	0.039472	0.024472	0.024486	0.039262	0.007421	0.127173
23	0.451609	0.070645	0.222801	0.037034	0.024278	0.022457	0.036406	0.006960	0.127810
24	0.459152	0.070888	0.221644	0.034501	0.024111	0.020598	0.034280	0.006528	0.128298
25	0.465802	0.071716	0.220315	0.032327	0.023883	0.018937	0.032498	0.006227	0.128295
26	0.472943	0.072213	0.218504	0.030197	0.023645	0.017349	0.030487	0.005910	0.128752
27	0.480722	0.072373	0.216458	0.028279	0.023654	0.016066	0.028769	0.005537	0.128142
28	0.486661	0.073019	0.215141	0.026274	0.023516	0.014787	0.027096	0.005166	0.128340
29	0.493164	0.073602	0.213156	0.024696	0.023418	0.013599	0.025472	0.004846	0.128047
30	0.499496	0.074187	0.210814	0.022965	0.023421	0.012462	0.023728	0.004539	0.128388
31	0.505001	0.074395	0.209688	0.021553	0.023298	0.011488	0.022251	0.004157	0.128169
32	0.511405	0.074742	0.207235	0.020241	0.023237	0.010576	0.021202	0.003901	0.127461
33	0.517164	0.075197	0.205249	0.018970	0.023186	0.009800	0.019754	0.003657	0.127023
34	0.522464	0.075324	0.203439	0.017612	0.023342	0.009001	0.018649	0.003432	0.126737
35	0.527122	0.075903	0.201936	0.016399	0.023217	0.008290	0.017387	0.003222	0.126524
36	0.532231	0.076172	0.200045	0.015167	0.023572	0.007791	0.016160	0.003026	0.125836
37	0.537240	0.076542	0.198146	0.014220	0.023557	0.007189	0.015136	0.002865	0.125105
38	0.541946	0.076642	0.196370	0.013262	0.023582	0.006605	0.014138	0.002700	0.124755
39	0.547466	0.076978	0.193861	0.012300	0.023405	0.005985	0.013287	0.002599	0.124119
40	0.551771	0.076993	0.192413	0.011593	0.023333	0.005658	0.012552	0.002381	0.123306
41	0.556300	0.077382	0.189947	0.010807	0.023189	0.005208	0.011736	0.002281	0.123150
42	0.560687	0.077555	0.188022	0.010206	0.023136	0.004859	0.011128	0.002123	0.122284
43	0.563821	0.078032	0.186712	0.009637	0.023101	0.004441	0.010395	0.001976	0.121885
44	0.568358	0.078530	0.184261	0.008958	0.023139	0.004154	0.009787	0.001922	0.120891
45	0.572620	0.078880	0.182074	0.008330	0.023257	0.003942	0.009256	0.001757	0.119884
46	0.576769	0.079176	0.179706	0.007822	0.023170	0.003650	0.008693	0.001684	0.119330
47	0.580511	0.079479	0.178791	0.007243	0.022998	0.003271	0.008096	0.001593	0.118018
48	0.584103	0.079986	0.177091	0.006844	0.023052	0.003139	0.007660	0.001454	0.116671
49	0.588114	0.080135	0.174992	0.006408	0.023096	0.002890	0.007228	0.001389	0.115748
50	0.591933	0.080185	0.173137	0.006075	0.023010	0.002724	0.006840	0.001319	0.114777
51	0.596360	0.080274	0.171288	0.005734	0.022906	0.002474	0.006297	0.001221	0.113446
52	0.600105	0.080328	0.169524	0.005376	0.022982	0.002318	0.005995	0.001165	0.112207
53	0.603587	0.080465	0.167865	0.005047	0.022966	0.002100	0.005560	0.001031	0.111379
54	0.606912	0.080552	0.166664	0.004610	0.022984	0.001914	0.005228	0.000945	0.110191
55	0.610524	0.080341	0.164860	0.004362	0.022971	0.001798	0.004893	0.000899	0.109352
56	0.613766	0.080375	0.163110	0.004148	0.022907	0.001672	0.004726	0.000810	0.108486
57	0.616417	0.080741	0.162026	0.003892	0.022927	0.001593	0.004427	0.000750	0.107227
58	0.619423	0.080777	0.160892	0.003614	0.022952	0.001455	0.004178	0.000675	0.106034
59	0.622945	0.080965	0.159245	0.003407	0.023036	0.001406	0.003906	0.000653	0.104437
60	0.626697	0.081245	0.157028	0.003244	0.023105	0.001259	0.003670	0.000599	0.103153
61	0.630370	0.081260	0.155507	0.003082	0.023060	0.001238	0.003350	0.000533	0.101600
62	0.633716	0.080997	0.153872	0.002815	0.023098	0.001141	0.003111	0.000505	0.100745
63	0.636906	0.080860	0.152762	0.002655	0.023059	0.001040	0.002885	0.000491	0.099342
64	0.640332	0.081114	0.151010	0.002541	0.022892	0.000956	0.002735	0.000456	0.097964
65	0.643537	0.081053	0.149680	0.002444	0.023066	0.000889	0.002548	0.000459	0.096324
66	0.646248	0.081660	0.148086	0.002288	0.023043	0.000881	0.002389	0.000410	0.094995
67	0.648611	0.081775	0.146944	0.002289	0.023246	0.000810	0.002206	0.000391	0.093728
68	0.651316	0.081629	0.145992	0.002166	0.023165	0.000739	0.002043	0.000349	0.092601
69	0.654119	0.081909	0.144790	0.002057	0.022955	0.000701	0.001889	0.000313	0.091267
70	0.656979	0.081729	0.143247	0.002000	0.022960	0.000629	0.001756	0.000273	0.090427
71	0.660302	0.081394	0.142303	0.001857	0.023166	0.000601	0.001614	0.000259	0.088504
72	0.662244	0.081618	0.141761	0.001766	0.023242	0.000530	0.001513	0.000236	0.087090
73	0.664778	0.081693	0.140600	0.001753	0.023256	0.000506	0.001442	0.000225	0.085747
74	0.666855	0.082082	0.139772	0.001620	0.023304	0.000475	0.001352	0.000219	0.084321
75	0.668995	0.082443	0.138728	0.001568	0.023277	0.000436	0.001265	0.000234	0.083054
76	0.671052	0.082693	0.137916	0.001534	0.023302	0.000412	0.001148	0.000214	0.081729
77	0.673998	0.082726	0.136831	0.001498	0.023502	0.000384	0.001068	0.000188	0.079805
78	0.676284	0.083160	0.135298	0.001423	0.023496	0.000374	0.000951	0.000193	0.078821
79	0.678949	0.083132	0.134334	0.001351	0.023481	0.000345	0.000947	0.000174	0.077287
80	0.682241	0.083064	0.132852	0.001359	0.023455	0.000336	0.000889	0.000158	0.075646
81	0.684984	0.083320	0.131691	0.001278	0.023718	0.000295	0.000841	0.000139	0.073734
82	0.687206	0.083405	0.130571	0.001177	0.023672	0.000289	0.000771	0.000129	0.072780
83	0.689608	0.083628	0.129754	0.001157	0.023641	0.000281	0.000719	0.000120	0.071092
84	0.691390	0.083739	0.128921	0.001080	0.023977	0.000268	0.000681	0.000108	0.069836
85	0.693393	0.083876	0.128258	0.001010	0.023939	0.000279	0.000688	0.000096	0.068461
86	0.696073	0.083871	0.127041	0.000950	0.023943	0.000262	0.000634	0.000106	0.067120
87	0.698097	0.083867	0.126470	0.000862	0.023954	0.000233	0.000580	0.000096	0.065841
88	0.700697	0.083846	0.125479	0.000814	0.023845	0.000239	0.000560	0.000089	0.064431
89	0.703047	0.083857	0.124374	0.000779	0.023721	0.000242	0.000541	0.000086	0.063353
90	0.705236	0.084052	0.123598	0.000734	0.023870	0.000225	0.000488	0.000085	0.061712
91	0.706782	0.084057	0.122937	0.000718	0.024033	0.000223	0.000443	0.000081	0.060726
92	0.708680	0.083869	0.122329	0.000702	0.024225	0.000202	0.000397	0.000085	0.059511
93	0.710728	0.084216	0.121651	0.000626	0.024168	0.000199	0.000374	0.000090	0.057948
94	0.712466	0.084060	0.120801	0.000612	0.024328	0.000194	0.000362	0.000090	0.057087
95	0.714194	0.084350	0.120092	0.000563	0.024467	0.000187	0.000371	0.000087	0.055689
96	0.715706	0.084521	0.119536	0.000553	0.024531	0.000190	0.000348	0.000087	0.054528
97	0.717351	0.084524	0.118716	0.000524	0.024796	0.000160	0.000338	0.000075	0.053516
98	0.719330	0.084440	0.117963	0.000470	0.024780	0.000161	0.000331	0.000073	0.052452
99	0.720788	0.084401	0.117699	0.000443	0.024883	0.000170	0.000340	0.000067	0.051209
100	0.722838	0.084269	0.116813	0.000432	0.025004	0.000175	0.000324	0.000056	0.050089
101	0.724870	0.084381	0.115644	0.000421	0.025091	0.000159	0.000323	0.000057	0.049054
102	0.726594	0.084293	0.115142	0.000412	0.025034	0.000177	0.000306	0.000058	0.047984
103	0.727959	0.084396	0.114873	0.000381	0.025147	0.000157	0.000282	0.000042	0.046763
104	0.729993	0.084284	0.114266	0.000350	0.025076	0.000122	0.000276	0.000038	0.045595
105	0.731176	0.084824	0.113767	0.000370	0.024871	0.000119	0.000262	0.000031	0.044580
106	0.733050	0.084434	0.113040	0.000365	0.025220	0.000101	0.000248	0.000025	0.043517
107	0.734961	0.084099	0.112254	0.000384	0.025395	0.000095	0.000239	0.000029	0.042544
108	0.736489	0.083838	0.112076	0.000379	0.025427	0.000079	0.000220	0.000026	0.041466
109	0.738128	0.083801	0.111699	0.000373	0.025345	0.000075	0.000226	0.000026	0.040327
110	0.739804	0.083692	0.111032	0.000354	0.025420	0.000076	0.000200	0.000021	0.039401
111	0.741207	0.083353	0.110315	0.000347	0.025741	0.000073	0.000202	0.000024	0.038738
112	0.742184	0.083713	0.110208	0.000336	0.025666	0.000072	0.000179	0.000019	0.037623
113	0.743795	0.083636	0.109612	0.000307	0.025679	0.000065	0.000171	0.000019	0.036716
114	0.745466	0.083321	0.109170	0.000307	0.025659	0.000061	0.000153	0.000026	0.035837
115	0.746378	0.083366	0.108937	0.000286	0.025813	0.000065	0.000157	0.000017	0.034981
116	0.748723	0.082991	0.108310	0.000284	0.025684	0.000051	0.000153	0.000014	0.033790
117	0.749493	0.082941	0.108320	0.000287	0.025668	0.000060	0.000134	0.000012	0.033085
118	0.751168	0.082622	0.107861	0.000291	0.025525	0.000057	0.000121	0.000007	0.032348
119	0.751717	0.082838	0.107861	0.000275	0.025503	0.000060	0.000126	0.000009	0.031611
120	0.752665	0.082697	0.107718	0.000256	0.025605	0.000061	0.000107	0.000008	0.030883
121	0.753949	0.082902	0.107183	0.000238	0.025682	0.000055	0.000108	0.000008	0.029875
122	0.755123	0.082746	0.106930	0.000229	0.025636	0.000056	0.000080	0.000008	0.029192
123	0.756339	0.082691	0.106343	0.000235	0.025820	0.000056	0.000092	0.000004	0.028420
124	0.757076	0.082908	0.105809	0.000221	0.025997	0.000044	0.000069	0.000004	0.027872
125	0.757860	0.082657	0.105920	0.000225	0.026125	0.000036	0.000067	0.000001	0.027109
126	0.759649	0.082441	0.105392	0.000209	0.025796	0.000039	0.000068	0.000000	0.026406
127	0.760263	0.082240	0.105582	0.000209	0.026196	0.000023	0.000073	0.000001	0.025413
128	0.761040	0.082253	0.105330	0.000193	0.026101	0.000026	0.000067	0.000001	0.024989
129	0.762741	0.082121	0.104529	0.000177	0.025998	0.000029	0.000056	0.000000	0.024349
130	0.764063	0.081525	0.104275	0.000166	0.026180	0.000029	0.000057	0.000000	0.023705
131	0.764754	0.081684	0.103946	0.000157	0.026195	0.000028	0.000050	0.000000	0.023186
132	0.765658	0.081473	0.103778	0.000169	0.026233	0.000020	0.000051	0.000000	0.022618
133	0.766534	0.081309	0.103524	0.000160	0.026405	0.000016	0.000035	0.000000	0.022017
134	0.767286	0.081270	0.103529	0.000158	0.026364	0.000018	0.000043	0.000000	0.021332
135	0.768381	0.081042	0.103210	0.000151	0.026254	0.000021	0.000035	0.000000	0.020906
136	0.769436	0.081062	0.102476	0.000144	0.026409	0.000023	0.000030	0.000000	0.020420
137	0.770513	0.081186	0.101764	0.000123	0.026410	0.000016	0.000024	0.000000	0.019964
138	0.771770	0.080757	0.101584	0.000126	0.026386	0.000019	0.000021	0.000000	0.019337
139	0.772700	0.080567	0.101542	0.000115	0.026403	0.000028	0.000025	0.000000	0.018620
140	0.773682	0.080556	0.100908	0.000122	0.026395	0.000024	0.000018	0.000000	0.018295
141	0.773759	0.080427	0.101137	0.000082	0.026686	0.000020	0.000015	0.000000	0.017874
142	0.775448	0.080016	0.100607	0.000087	0.026432	0.000019	0.000016	0.000000	0.017375
143	0.776093	0.080154	0.100416	0.000087	0.026330	0.000025	0.000019	0.000000	0.016876
144	0.776396	0.080527	0.099857	0.000085	0.026496	0.000026	0.000025	0.000000	0.016588
145	0.777103	0.080399	0.099665	0.000085	0.026622	0.000029	0.000025	0.000000	0.016072
146	0.778145	0.080111	0.099412	0.000077	0.026516	0.000033	0.000021	0.000000	0.015685
147	0.779214	0.079961	0.099280	0.000076	0.026234	0.000032	0.000012	0.000000	0.015191
148	0.780544	0.079377	0.098805	0.000075	0.026303	0.000034	0.000016	0.000000	0.014846
149	0.781227	0.078994	0.098772	0.000073	0.026438	0.000041	0.000011	0.000000	0.014444
150	0.781703	0.078563	0.099148	0.000071	0.026381	0.000046	0.000011	0.000000	0.014077
151	0.781772	0.078869	0.099027	0.000081	0.026474	0.000050	0.000011	0.000000	0.013716
152	0.781999	0.079220	0.098783	0.000087	0.026359	0.000046	0.000012	0.000000	0.013494
153	0.782808	0.078855	0.098693	0.000095	0.026415	0.000061	0.000012	0.000000	0.013061
154	0.783570	0.078793	0.098258	0.000071	0.026417	0.000059	0.000012	0.000000	0.012820
155	0.784086	0.078424	0.098414	0.000090	0.026412	0.000062	0.000013	0.000000	0.012499
156	0.783994	0.078435	0.098697	0.000081	0.026508	0.000049	0.000010	0.000000	0.012226
157	0.784382	0.078365	0.098726	0.000085	0.026627	0.000044	0.000005	0.000000	0.011766
158	0.785195	0.078175	0.098561	0.000092	0.026516	0.000044	0.000003	0.000000	0.011414
159	0.785895	0.077889	0.098574	0.000095	0.026318	0.000040	0.000003	0.000000	0.011186
160	0.785811	0.077929	0.098872	0.000088	0.026404	0.000040	0.000003	0.000000	0.010853
161	0.787118	0.077631	0.098124	0.000086	0.026414	0.000030	0.000004	0.000000	0.010593
162	0.787730	0.077553	0.097920	0.000080	0.026305	0.000024	0.000007	0.000000	0.010381
163	0.788280	0.077332	0.097840	0.000087	0.026166	0.000032	0.000005	0.000000	0.010258
164	0.789116	0.077041	0.097571	0.000085	0.026169	0.000030	0.000004	0.000000	0.009984
165	0.789502	0.076990	0.097594	0.000093	0.026093	0.000035	0.000003	0.000000	0.009690
166	0.789781	0.076764	0.097786	0.000086	0.026105	0.000033	0.000002	0.000000	0.009443
167	0.790480	0.076339	0.097935	0.000071	0.025844	0.000029	0.000002	0.000000	0.009300
168	0.790566	0.076379	0.097873	0.000075	0.025946	0.000031	0.000006	0.000000	0.009124
169	0.791114	0.076198	0.097732	0.000072	0.025928	0.000030	0.000006	0.000000	0.008920
170	0.791764	0.075992	0.097592	0.000071	0.025864	0.000033	0.000005	0.000000	0.008679
171	0.792156	0.075921	0.097439	0.000061	0.025903	0.000030	0.000005	0.000000	0.008485
172	0.792773	0.075713	0.097436	0.000066	0.025873	0.000022	0.000003	0.000000	0.008114
173	0.792444	0.075903	0.097464	0.000067	0.026091	0.000023	0.000008	0.000000	0.008000
174	0.792010	0.076294	0.097702	0.000059	0.026127	0.000024	0.000014	0.000000	0.007770
175	0.792495	0.076241	0.097271	0.000053	0.026214	0.000025	0.000009	0.000000	0.007692
176	0.792861	0.076011	0.097311	0.000054	0.026191	0.000020	0.000009	0.000000	0.007543
177	0.793288	0.076023	0.097344	0.000050	0.025986	0.000022	0.000010	0.000000	0.007277
178	0.794332	0.075858	0.096627	0.000062	0.025911	0.000022	0.000012	0.000000	0.007176
179	0.794371	0.075797	0.096591	0.000054	0.026195	0.000024	0.000013	0.000000	0.006955
180	0.795105	0.075462	0.096443	0.000050	0.026003	0.000022	0.000013	0.000000	0.006902
181	0.795656	0.075322	0.096312	0.000050	0.025939	0.000018	0.000007	0.000000	0.006696
182	0.795631	0.075268	0.096558	0.000057	0.025973	0.000015	0.000009	0.000000	0.006489
183	0.796204	0.075304	0.095952	0.000046	0.026144	0.000014	0.000009	0.000000	0.006327
184	0.796446	0.074971	0.096233	0.000036	0.026054	0.000014	0.000007	0.000000	0.006239
185	0.796396	0.075276	0.096003	0.000039	0.026085	0.000007	0.000009	0.000000	0.006185
186	0.796411	0.075170	0.096143	0.000040	0.026157	0.000004	0.000005	0.000000	0.006070
187	0.797067	0.074745	0.096093	0.000046	0.026178	0.000005	0.000003	0.000000	0.005863
188	0.797045	0.074693	0.096242	0.000056	0.026146	0.000005	0.000003	0.000000	0.005810
189	0.797250	0.074873	0.096055	0.000052	0.026117	0.000006	0.000008	0.000000	0.005639
190	0.797682	0.074720	0.096071	0.000042	0.026064	0.000007	0.000007	0.000000	0.005407
191	0.797493	0.074677	0.096303	0.000034	0.026141	0.000006	0.000006	0.000000	0.005340
192	0.797821	0.074566	0.096240	0.000042	0.026149	0.000004	0.000007	0.000000	0.005171
193	0.798136	0.074675	0.096062	0.000039	0.026072	0.000007	0.000010	0.000000	0.004999
194	0.797810	0.074855	0.096166	0.000034	0.026212	0.000005	0.000003	0.000000	0.004915
195	0.798089	0.074541	0.096478	0.000040	0.026056	0.000007	0.000004	0.000000	0.004785
196	0.797962	0.074690	0.096515	0.000041	0.026027	0.000004	0.000008	0.000000	0.004753
197	0.797751	0.074896	0.096709	0.000048	0.025876	0.000006	0.000010	0.000000	0.004704
198	0.797759	0.074989	0.096584	0.000047	0.025971	0.000003	0.000011	0.000000	0.004636
199	0.798308	0.074806	0.096367	0.000042	0.026013	0.000004	0.000010	0.000000	0.004450
200	0.798774	0.074682	0.095996	0.000037	0.026101	0.000006	0.000006	0.000000	0.004398
201	0.798861	0.074787	0.095940	0.000031	0.026019	0.000003	0.000006	0.000000	0.004353
202	0.799111	0.074610	0.096089	0.000027	0.025906	0.000001	0.000008	0.000000	0.004248
203	0.799281	0.074551	0.095987	0.000024	0.025879	0.000002	0.000016	0.000000	0.004260
204	0.799477	0.074367	0.096028	0.000019	0.025887	0.000002	0.000013	0.000000	0.004207
205	0.798945	0.074468	0.096374	0.000018	0.026034	0.000005	0.000014	0.000000	0.004142
206	0.798933	0.074479	0.096524	0.000010	0.026018	0.000001	0.000011	0.000000	0.004024
207	0.799270	0.074303	0.096392	0.000012	0.026019	0.000002	0.000014	0.000000	0.003988
208	0.798998	0.074268	0.096678	0.000010	0.026067	0.000004	0.000015	0.000000	0.003960
209	0.799627	0.074113	0.096529	0.000014	0.025844	0.000000	0.000010	0.000000	0.003863
210	0.800222	0.073804	0.096375	0.000013	0.025736	0.000001	0.000012	0.000000	0.003837
211	0.799883	0.073722	0.096660	0.000014	0.025978	0.000000	0.000014	0.000000	0.003729
212	0.799897	0.073757	0.096808	0.000014	0.025917	0.000000	0.000013	0.000000	0.003594
213	0.800220	0.073773	0.096402	0.000018	0.026004	0.000000	0.000016	0.000000	0.003567
214	0.800470	0.073677	0.096362	0.000014	0.025976	0.000000	0.000018	0.000000	0.003483
215	0.800981	0.073277	0.096434	0.000013	0.025892	0.000000	0.000015	0.000000	0.003388
216	0.800832	0.073413	0.096327	0.000010	0.025969	0.000000	0.000018	0.000000	0.003431
217	0.800647	0.073440	0.096366	0.000009	0.026152	0.000000	0.000018	0.000000	0.003368
218	0.801060	0.072912	0.096646	0.000009	0.026070	0.000000	0.000017	0.000000	0.003286
219	0.801172	0.073127	0.096455	0.000010	0.026048	0.000000	0.000017	0.000000	0.003171
220	0.801468	0.072978	0.096159	0.000003	0.026179	0.000000	0.000026	0.000000	0.003187
221	0.802113	0.072324	0.096392	0.000003	0.026032	0.000000	0.000027	0.000000	0.003109
222	0.802118	0.072481	0.096254	0.000001	0.026061	0.000000	0.000024	0.000000	0.003061
223	0.802254	0.072127	0.096355	0.000001	0.026210	0.000000	0.000020	0.000000	0.003033
224	0.803147	0.071573	0.096209	0.000000	0.026107	0.000000	0.000023	0.000000	0.002941
225	0.803423	0.071757	0.095816	0.000000	0.026084	0.000000	0.000019	0.000000	0.002901
226	0.803676	0.071518	0.096024	0.000000	0.025964	0.000000	0.000021	0.000000	0.002797
227	0.803982	0.071081	0.096185	0.000000	0.026000	0.000000	0.000018	0.000000	0.002734
228	0.804471	0.070622	0.096261	0.000000	0.026026	0.000000	0.000018	0.000000	0.002602
229	0.804720	0.070793	0.096024	0.000000	0.025926	0.000000	0.000019	0.000000	0.002518
230	0.804158	0.070717	0.096686	0.000000	0.025959	0.000000	0.000016	0.000000	0.002464
231	0.804746	0.070447	0.096296	0.000000	0.026067	0.000000	0.000016	0.000000	0.002428
232	0.804812	0.070559	0.096101	0.000000	0.026221	0.000000	0.000011	0.000000	0.002296
233	0.805135	0.070448	0.095949	0.000000	0.026160	0.000000	0.000008	0.000000	0.002300
234	0.805363	0.069996	0.096086	0.000000	0.026229	0.000000	0.000012	0.000000	0.002314
235	0.805723	0.070136	0.095611	0.000000	0.026268	0.000000	0.000012	0.000000	0.002250
236	0.805570	0.070142	0.095747	0.000000	0.026339	0.000000	0.000007	0.000000	0.002195
237	0.805943	0.070089	0.095728	0.000000	0.026122	0.000000	0.000019	0.000000	0.002099
238	0.805811	0.070004	0.096005	0.000000	0.026147	0.000000	0.000013	0.000000	0.002020
239	0.805749	0.070178	0.095933	0.000000	0.026129	0.000000	0.000018	0.000000	0.001993
240	0.805893	0.069851	0.096063	0.000000	0.026191	0.000000	0.000017	0.000000	0.001985
241	0.806175	0.069716	0.096000	0.000000	0.026112	0.000000	0.000017	0.000000	0.001980
242	0.806220	0.069811	0.095692	0.000000	0.026325	0.000000	0.000023	0.000000	0.001929
243	0.806397	0.069605	0.095667	0.000000	0.026353	0.000000	0.000019	0.000000	0.001959
244	0.806619	0.069432	0.095862	0.000000	0.026189	0.000000	0.000024	0.000000	0.001874
245	0.807044	0.069034	0.095941	0.000000	0.026063	0.000000	0.000020	0.000000	0.001898
246	0.806668	0.069128	0.096209	0.000000	0.026082	0.000000	0.000019	0.000000	0.001894
247	0.807140	0.069138	0.095716	0.000000	0.026095	0.000000	0.000017	0.000000	0.001894
248	0.806972	0.069099	0.095883	0.000000	0.026191	0.000000	0.000013	0.000000	0.001842
249	0.807656	0.068833	0.095520	0.000000	0.026154	0.000000	0.000016	0.000000	0.001821
250	0.808216	0.068435	0.095428	0.000000	0.026084	0.000000	0.000016	0.000000	0.001821
251	0.808098	0.068425	0.095545	0.000000	0.026124	0.000000	0.000014	0.000000	0.001794
252	0.808249	0.068425	0.095645	0.000000	0.025932	0.000000	0.000021	0.000000	0.001728
253	0.808358	0.068649	0.095180	0.000000	0.026050	0.000000	0.000008	0.000000	0.001755
254	0.808583	0.068492	0.095309	0.000000	0.025877	0.000000	0.000010	0.000000	0.001729
255	0.808575	0.068389	0.095413	0.000000	0.025937	0.000000	0.000006	0.000000	0.001680
256	0.808477	0.068231	0.095706	0.000000	0.025924	0.000000	0.000009	0.000000	0.001653
257	0.808099	0.068366	0.095863	0.000000	0.026074	0.000000	0.000008	0.000000	0.001590
258	0.808389	0.068023	0.096051	0.000000	0.025997	0.000000	0.000009	0.000000	0.001531
259	0.808537	0.067865	0.095838	0.000000	0.026218	0.000000	0.000015	0.000000	0.001527
260	0.808476	0.067741	0.096026	0.000000	0.026224	0.000000	0.000011	0.000000	0.001522
261	0.808831	0.067574	0.095833	0.000000	0.026241	0.000000	0.000009	0.000000	0.001512
262	0.808950	0.067883	0.095532	0.000000	0.026170	0.000000	0.000015	0.000000	0.001450
263	0.808430	0.068047	0.096016	0.000000	0.026070	0.000000	0.000010	0.000000	0.001427
264	0.808851	0.067804	0.095880	0.000000	0.026046	0.000000	0.000014	0.000000	0.001405
265	0.808467	0.068053	0.096095	0.000000	0.026008	0.000000	0.000016	0.000000	0.001361
266	0.808740	0.068032	0.095914	0.000000	0.025993	0.000000	0.000016	0.000000	0.001305
267	0.809293	0.067751	0.095622	0.000000	0.026029	0.000000	0.000015	0.000000	0.001290
268	0.808860	0.067719	0.096202	0.000000	0.025904	0.000000	0.000006	0.000000	0.001309
269	0.808909	0.067647	0.096169	0.000000	0.025987	0.000000	0.000004	0.000000	0.001284
270	0.808792	0.067503	0.096224	0.000000	0.026169	0.000000	0.000002	0.000000	0.001310
271	0.808909	0.067428	0.096191	0.000000	0.026205	0.000000	0.000003	0.000000	0.001264
272	0.808943	0.067434	0.096256	0.000000	0.026074	0.000000	0.000005	0.000000	0.001288
273	0.808939	0.067530	0.096156	0.000000	0.026114	0.000000	0.000006	0.000000	0.001255
274	0.809283	0.067188	0.096205	0.000000	0.026080	0.000000	0.000005	0.000000	0.001239
275	0.809824	0.066942	0.095914	0.000000	0.026072	0.000000	0.000007	0.000000	0.001241
276	0.810025	0.066792	0.095973	0.000000	0.025960	0.000000	0.000010	0.000000	0.001240
277	0.809661	0.067090	0.095995	0.000000	0.025987	0.000000	0.000008	0.000000	0.001259
278	0.810099	0.067137	0.095712	0.000000	0.025789	0.000000	0.000008	0.000000	0.001255
279	0.810142	0.067096	0.095694	0.000000	0.025819	0.000000	0.000010	0.000000	0.001239
280	0.810247	0.067231	0.095535	0.000000	0.025778	0.000000	0.000008	0.000000	0.001201
281	0.810272	0.067320	0.095351	0.000000	0.025854	0.000000	0.000006	0.000000	0.001197
282	0.810169	0.067404	0.095497	0.000000	0.025716	0.000000	0.000003	0.000000	0.001211
283	0.809716	0.067605	0.095727	0.000000	0.025753	0.000000	0.000004	0.000000	0.001195
284	0.809943	0.067253	0.095950	0.000000	0.025668	0.000000	0.000004	0.000000	0.001182
285	0.810482	0.067289	0.095546	0.000000	0.025561	0.000000	0.000003	0.000000	0.001119
286	0.810400	0.067264	0.095614	0.000000	0.025633	0.000000	0.000001	0.000000	0.001088
287	0.810838	0.067428	0.095035	0.000000	0.025624	0.000000	0.000000	0.000000	0.001075
288	0.811036	0.067295	0.095017	0.000000	0.025587	0.000000	0.000000	0.000000	0.001065
289	0.810952	0.067391	0.095127	0.000000	0.025484	0.000000	0.000000	0.000000	0.001046
290	0.811442	0.067079	0.094989	0.000000	0.025447	0.000000	0.000001	0.000000	0.001042
291	0.811047	0.067208	0.095348	0.000000	0.025377	0.000000	0.000001	0.000000	0.001019
292	0.811343	0.067013	0.095276	0.000000	0.025331	0.000000	0.000003	0.000000	0.001034
293	0.812158	0.066577	0.095007	0.000000	0.025243	0.000000	0.000002	0.000000	0.001013
294	0.812382	0.066321	0.095107	0.000000	0.025177	0.000000	0.000002	0.000000	0.001011
295	0.812405	0.066555	0.094975	0.000000	0.025061	0.000000	0.000003	0.000000	0.001001
296	0.812368	0.066191	0.095432	0.000000	0.025031	0.000000	0.000003	0.000000	0.000975
297	0.812951	0.065788	0.095289	0.000000	0.025010	0.000000	0.000001	0.000000	0.000961
298	0.813055	0.065716	0.095339	0.000000	0.024947	0.000000	0.000001	0.000000	0.000942
299	0.812888	0.065863	0.095142	0.000000	0.025154	0.000000	0.000002	0.000000	0.000951
300	0.812888	0.066052	0.094968	0.000000	0.025101	0.000000	0.000001	0.000000	0.000990
301	0.812744	0.066042	0.095015	0.000000	0.025197	0.000000	0.000003	0.000000	0.000999
302	0.812685	0.066028	0.095222	0.000000	0.025073	0.000000	0.000001	0.000000	0.000991
303	0.812977	0.065604	0.095212	0.000000	0.025202	0.000000	0.000000	0.000000	0.001005
304	0.812548	0.066085	0.095397	0.000000	0.024989	0.000000	0.000001	0.000000	0.000980
305	0.812960	0.065822	0.095393	0.000000	0.024903	0.000000	0.000001	0.000000	0.000921
306	0.813169	0.065726	0.095451	0.000000	0.024759	0.000000	0.000001	0.000000	0.000894
307	0.813596	0.065383	0.095316	0.000000	0.024854	0.000000	0.000001	0.000000	0.000850
308	0.813183	0.065544	0.095508	0.000000	0.024935	0.000000	0.000000	0.000000	0.000830
309	0.813518	0.065536	0.095242	0.000000	0.024878	0.000000	0.000000	0.000000	0.000826
310	0.813531	0.065644	0.095311	0.000000	0.024755	0.000000	0.000000	0.000000	0.000759
311	0.813599	0.065696	0.095296	0.000000	0.024643	0.000000	0.000000	0.000000	0.000766
312	0.813590	0.065825	0.095225	0.000000	0.024606	0.000000	0.000000	0.000000	0.000754
313	0.813924	0.065662	0.095147	0.000000	0.024524	0.000000	0.000000	0.000000	0.000743
314	0.813959	0.065655	0.095124	0.000000	0.024533	0.000000	0.000000	0.000000	0.000729
315	0.814083	0.065794	0.094851	0.000000	0.024585	0.000000	0.000000	0.000000	0.000687
316	0.814145	0.065747	0.094836	0.000000	0.024570	0.000000	0.000000	0.000000	0.000702
317	0.814458	0.065648	0.094554	0.000000	0.024626	0.000000	0.000000	0.000000	0.000714
318	0.814740	0.065479	0.094533	0.000000	0.024562	0.000000	0.000000	0.000000	0.000686
319	0.815089	0.065193	0.094567	0.000000	0.024489	0.000000	0.000000	0.000000	0.000662
320	0.815066	0.065108	0.094621	0.000000	0.024547	0.000000	0.000000	0.000000	0.000658
321	0.815022	0.065203	0.094657	0.000000	0.024478	0.000000	0.000000	0.000000	0.000640
322	0.815450	0.065114	0.094289	0.000000	0.024538	0.000000	0.000000	0.000000	0.000609
323	0.815950	0.064385	0.094516	0.000000	0.024538	0.000000	0.000000	0.000000	0.000611
324	0.816058	0.064396	0.094572	0.000000	0.024377	0.000000	0.000000	0.000000	0.000597
325	0.815846	0.064326	0.094928	0.000000	0.024343	0.000000	0.000000	0.000000	0.000557
326	0.815939	0.064228	0.094949	0.000000	0.024320	0.000000	0.000000	0.000000	0.000564
327	0.816209	0.064404	0.094617	0.000000	0.024254	0.000000	0.000000	0.000000	0.000516
328	0.816041	0.064348	0.094933	0.000000	0.024161	0.000000	0.000000	0.000000	0.000517
329	0.816084	0.064384	0.095001	0.000000	0.024038	0.000000	0.000000	0.000000	0.000493
330	0.815862	0.064485	0.095188	0.000000	0.023995	0.000000	0.000000	0.000000	0.000470
331	0.816290	0.064147	0.095307	0.000000	0.023784	0.000000	0.000000	0.000000	0.000472
332	0.816534	0.063902	0.095369	0.000000	0.023746	0.000000	0.000000	0.000000	0.000449
333	0.816694	0.064020	0.095261	0.000000	0.023575	0.000000	0.000000	0.000000	0.000450
334	0.816721	0.063822	0.095394	0.000000	0.023634	0.000000	0.000000	0.000000	0.000429
335	0.817050	0.063807	0.095015	0.000000	0.023707	0.000000	0.000000	0.000000	0.000421
336	0.817105	0.063613	0.095285	0.000000	0.023597	0.000000	0.000000	0.000000	0.000400
337	0.817490	0.063753	0.095037	0.000000	0.023289	0.000000	0.000000	0.000000	0.000431
338	0.817356	0.063828	0.095096	0.000000	0.023322	0.000000	0.000000	0.000000	0.000398
339	0.817321	0.063938	0.095184	0.000000	0.023183	0.000000	0.000000	0.000000	0.000374
340	0.818189	0.063341	0.095040	0.000000	0.023067	0.000000	0.000000	0.000000	0.000363
341	0.818457	0.063513	0.094694	0.000000	0.022970	0.000000	0.000000	0.000000	0.000366
342	0.818662	0.063713	0.094399	0.000000	0.022878	0.000000	0.000000	0.000000	0.000348
343	0.818408	0.063748	0.094621	0.000000	0.022843	0.000000	0.000000	0.000000	0.000380
344	0.817897	0.064146	0.094816	0.000000	0.022776	0.000000	0.000000	0.000000	0.000365
345	0.818093	0.063924	0.094910	0.000000	0.022721	0.000000	0.000000	0.000000	0.000352
346	0.818307	0.063940	0.094842	0.000000	0.022580	0.000000	0.000000	0.000000	0.000331
347	0.818420	0.064016	0.094720	0.000000	0.022504	0.000000	0.000000	0.000000	0.000340
348	0.818393	0.063558	0.095255	0.000000	0.022445	0.000000	0.000000	0.000000	0.000349
349	0.818474	0.063409	0.095297	0.000000	0.022488	0.000000	0.000000	0.000000	0.000332
350	0.818502	0.063328	0.095387	0.000000	0.022448	0.000000	0.000000	0.000000	0.000335
351	0.818890	0.063264	0.095003	0.000000	0.022500	0.000000	0.000000	0.000000	0.000343
352	0.818709	0.063012	0.095322	0.000000	0.022607	0.000000	0.000000	0.000000	0.000350
353	0.818967	0.062543	0.095625	0.000000	0.022513	0.000000	0.000000	0.000000	0.000352
354	0.819295	0.062699	0.095238	0.000000	0.022426	0.000000	0.000000	0.000000	0.000342
355	0.818796	0.062937	0.095394	0.000000	0.022527	0.000000	0.000000	0.000000	0.000346
356	0.818530	0.063045	0.095609	0.000000	0.022494	0.000000	0.000000	0.000000	0.000322
357	0.818783	0.063027	0.095496	0.000000	0.022381	0.000000	0.000000	0.000000	0.000313
358	0.818474	0.063094	0.095726	0.000000	0.022378	0.000000	0.000000	0.000000	0.000328
359	0.818286	0.062920	0.096149	0.000000	0.022340	0.000000	0.000000	0.000000	0.000305
360	0.818877	0.062552	0.096195	0.000000	0.022073	0.000000	0.000000	0.000000	0.000303
361	0.818722	0.062802	0.096081	0.000000	0.022106	0.000000	0.000000	0.000000	0.000289
362	0.819102	0.062655	0.096158	0.000000	0.021805	0.000000	0.000000	0.000000	0.000280
363	0.819054	0.062949	0.095858	0.000000	0.021860	0.000000	0.000000	0.000000	0.000279
364	0.819462	0.062593	0.095776	0.000000	0.021904	0.000000	0.000000	0.000000	0.000265
365	0.819141	0.062702	0.096017	0.000000	0.021859	0.000000	0.000000	0.000000	0.000281
366	0.819406	0.062414	0.096185	0.000000	0.021750	0.000000	0.000000	0.000000	0.000245
367	0.819158	0.062333	0.096529	0.000000	0.021729	0.000000	0.000000	0.000000	0.000251
368	0.819998	0.061834	0.096256	0.000000	0.021673	0.000000	0.000000	0.000000	0.000239
369	0.820222	0.061602	0.096387	0.000000	0.021558	0.000000	0.000000	0.000000	0.000231
370	0.820265	0.061649	0.096439	0.000000	0.021405	0.000000	0.000000	0.000000	0.000242
371	0.820563	0.061414	0.096343	0.000000	0.021453	0.000000	0.000000	0.000000	0.000227
372	0.820610	0.061396	0.096395	0.000000	0.021349	0.000000	0.000000	0.000000	0.000250
373	0.820372	0.061420	0.096720	0.000000	0.021255	0.000000	0.000000	0.000000	0.000233
374	0.820861	0.061331	0.096390	0.000000	0.021183	0.000000	0.000000	0.000000	0.000235
375	0.821109	0.061135	0.096320	0.000000	0.021201	0.000000	0.000000	0.000000	0.000235
376	0.820954	0.061421	0.096258	0.000000	0.021113	0.000000	0.000000	0.000000	0.000254
377	0.821897	0.061172	0.095658	0.000000	0.021043	0.000000	0.000000	0.000000	0.000230
378	0.821776	0.060964	0.095929	0.000000	0.021086	0.000000	0.000000	0.000000	0.000245
379	0.821710	0.060854	0.096165	0.000000	0.021035	0.000000	0.000000	0.000000	0.000236
380	0.821898	0.060796	0.096161	0.000000	0.020910	0.000000	0.000000	0.000000	0.000235
381	0.822259	0.060835	0.095887	0.000000	0.020808	0.000000	0.000000	0.000000	0.000211
382	0.822463	0.060514	0.095987	0.000000	0.020837	0.000000	0.000000	0.000000	0.000199
383	0.822827	0.060296	0.095818	0.000000	0.020844	0.000000	0.000000	0.000000	0.000215
384	0.823205	0.060359	0.095589	0.000000	0.020640	0.000000	0.000000	0.000000	0.000207
385	0.823006	0.060378	0.095751	0.000000	0.020651	0.000000	0.000000	0.000000	0.000214
386	0.822845	0.060347	0.096083	0.000000	0.020537	0.000000	0.000000	0.000000	0.000188
387	0.822351	0.060541	0.096357	0.000000	0.020542	0.000000	0.000000	0.000000	0.000209
388	0.822778	0.060252	0.096349	0.000000	0.020407	0.000000	0.000000	0.000000	0.000214
389	0.822500	0.060230	0.096546	0.000000	0.020517	0.000000	0.000000	0.000000	0.000207
390	0.822495	0.059950	0.096937	0.000000	0.020427	0.000000	0.000000	0.000000	0.000191
391	0.822553	0.060322	0.096637	0.000000	0.020294	0.000000	0.000000	0.000000	0.000194
392	0.822487	0.060580	0.096399	0.000000	0.020347	0.000000	0.000000	0.000000	0.000187
393	0.823023	0.060374	0.096250	0.000000	0.020175	0.000000	0.000000	0.000000	0.000178
394	0.822964	0.060350	0.096349	0.000000	0.020167	0.000000	0.000000	0.000000	0.000170
395	0.823118	0.060447	0.096222	0.000000	0.020045	0.000000	0.000000	0.000000	0.000168
396	0.823227	0.060366	0.096293	0.000000	0.019951	0.000000	0.000000	0.000000	0.000163
397	0.823033	0.060493	0.096370	0.000000	0.019941	0.000000	0.000000	0.000000	0.000163
398	0.823139	0.060468	0.096277	0.000000	0.019972	0.000000	0.000000	0.000000	0.000144
399	0.822741	0.060547	0.096452	0.000000	0.020118	0.000000	0.000000	0.000000	0.000142
400	0.823415	0.060363	0.096217	0.000000	0.019863	0.000000	0.000000	0.000000	0.000142
401	0.823915	0.060267	0.095786	0.000000	0.019898	0.000000	0.000000	0.000000	0.000134
402	0.823702	0.060335	0.096099	0.000000	0.019733	0.000000	0.000000	0.000000	0.000131
403	0.823593	0.060360	0.096030	0.000000	0.019896	0.000000	0.000000	0.000000	0.000121
404	0.823350	0.060252	0.096401	0.000000	0.019869	0.000000	0.000000	0.000000	0.000128
405	0.822881	0.060340	0.096907	0.000000	0.019737	0.000000	0.000000	0.000000	0.000135
406	0.822877	0.060375	0.096755	0.000000	0.019854	0.000000	0.000000	0.000000	0.000139
407	0.823078	0.060480	0.096516	0.000000	0.019783	0.000000	0.000000	0.000000	0.000143
408	0.823076	0.060245	0.096797	0.000000	0.019743	0.000000	0.000000	0.000000	0.000139
409	0.823560	0.060199	0.096543	0.000000	0.019569	0.000000	0.000000	0.000000	0.000129
410	0.823467	0.060500	0.096538	0.000000	0.019379	0.000000	0.000000	0.000000	0.000116
411	0.823635	0.060158	0.096606	0.000000	0.019488	0.000000	0.000000	0.000000	0.000113
412	0.823540	0.060152	0.096738	0.000000	0.019465	0.000000	0.000000	0.000000	0.000105
413	0.822762	0.060358	0.097315	0.000000	0.019449	0.000000	0.000000	0.000000	0.000116
414	0.822596	0.060325	0.097442	0.000000	0.019530	0.000000	0.000000	0.000000	0.000107
415	0.822529	0.060381	0.097447	0.000000	0.019545	0.000000	0.000000	0.000000	0.000098
416	0.822407	0.060387	0.097570	0.000000	0.019530	0.000000	0.000000	0.000000	0.000106
417	0.822904	0.060110	0.097331	0.000000	0.019550	0.000000	0.000000	0.000000	0.000105
418	0.823150	0.060157	0.097128	0.000000	0.019451	0.000000	0.000000	0.000000	0.000114
419	0.823375	0.060070	0.097000	0.000000	0.019441	0.000000	0.000000	0.000000	0.000114
420	0.823612	0.060028	0.096898	0.000000	0.019348	0.000000	0.000000	0.000000	0.000114
421	0.823624	0.060049	0.096777	0.000000	0.019433	0.000000	0.000000	0.000000	0.000117
422	0.823945	0.060187	0.096423	0.000000	0.019340	0.000000	0.000000	0.000000	0.000105
423	0.823784	0.060164	0.096667	0.000000	0.019275	0.000000	0.000000	0.000000	0.000110
424	0.823694	0.060334	0.096546	0.000000	0.019312	0.000000	0.000000	0.000000	0.000114
425	0.823641	0.060710	0.096314	0.000000	0.019210	0.000000	0.000000	0.000000	0.000125
426	0.823393	0.060915	0.096430	0.000000	0.019134	0.000000	0.000000	0.000000	0.000128
427	0.823612	0.060713	0.096378	0.000000	0.019155	0.000000	0.000000	0.000000	0.000142
428	0.823686	0.060787	0.096084	0.000000	0.019303	0.000000	0.000000	0.000000	0.000140
429	0.823372	0.061077	0.096257	0.000000	0.019162	0.000000	0.000000	0.000000	0.000132
430	0.823612	0.060987	0.096163	0.000000	0.019124	0.000000	0.000000	0.000000	0.000114
431	0.823824	0.060731	0.096196	0.000000	0.019133	0.000000	0.000000	0.000000	0.000116
432	0.823047	0.060937	0.096730	0.000000	0.019172	0.000000	0.000000	0.000000	0.000114
433	0.823492	0.060838	0.096533	0.000000	0.019031	0.000000	0.000000	0.000000	0.000106
434	0.823601	0.060730	0.096749	0.000000	0.018817	0.000000	0.000000	0.000000	0.000103
435	0.823564	0.060483	0.096917	0.000000	0.018915	0.000000	0.000000	0.000000	0.000121
436	0.823377	0.060482	0.097214	0.000000	0.018805	0.000000	0.000000	0.000000	0.000122
437	0.823743	0.060128	0.097163	0.000000	0.018854	0.000000	0.000000	0.000000	0.000112
438	0.823462	0.060234	0.097389	0.000000	0.018815	0.000000	0.000000	0.000000	0.000100
439	0.823575	0.060254	0.097237	0.000000	0.018822	0.000000	0.000000	0.000000	0.000112
440	0.823813	0.059906	0.097158	0.000000	0.019016	0.000000	0.000000	0.000000	0.000107
441	0.823423	0.060251	0.097350	0.000000	0.018852	0.000000	0.000000	0.000000	0.000124
442	0.823625	0.060020	0.097327	0.000000	0.018917	0.000000	0.000000	0.000000	0.000111
443	0.823265	0.060001	0.097752	0.000000	0.018873	0.000000	0.000000	0.000000	0.000109
444	0.823410	0.059835	0.097697	0.000000	0.018949	0.000000	0.000000	0.000000	0.000109
445	0.823618	0.059785	0.097562	0.000000	0.018926	0.000000	0.000000	0.000000	0.000109
446	0.823760	0.059806	0.097477	0.000000	0.018852	0.000000	0.000000	0.000000	0.000105
447	0.823506	0.059969	0.097613	0.000000	0.018805	0.000000	0.000000	0.000000	0.000107
448	0.823386	0.059876	0.097702	0.000000	0.018930	0.000000	0.000000	0.000000	0.000106
449	0.823282	0.059845	0.097804	0.000000	0.018968	0.000000	0.000000	0.000000	0.000101
450	0.823635	0.059449	0.097814	0.000000	0.019005	0.000000	0.000000	0.000000	0.000097
451	0.823825	0.059465	0.097612	0.000000	0.019006	0.000000	0.000000	0.000000	0.000092
452	0.824270	0.059388	0.097221	0.000000	0.019033	0.000000	0.000000	0.000000	0.000088
453	0.824617	0.059419	0.096885	0.000000	0.018981	0.000000	0.000000	0.000000	0.000098
454	0.824309	0.059331	0.097384	0.000000	0.018891	0.000000	0.000000	0.000000	0.000085
455	0.824559	0.059332	0.097173	0.000000	0.018852	0.000000	0.000000	0.000000	0.000084
456	0.824158	0.059427	0.097511	0.000000	0.018824	0.000000	0.000000	0.000000	0.000080
457	0.823917	0.059509	0.097674	0.000000	0.018834	0.000000	0.000000	0.000000	0.000066
458	0.824385	0.059189	0.097604	0.000000	0.018762	0.000000	0.000000	0.000000	0.000060
459	0.824647	0.059199	0.097478	0.000000	0.018620	0.000000	0.000000	0.000000	0.000056
460	0.824829	0.058887	0.097584	0.000000	0.018648	0.000000	0.000000	0.000000	0.000052
461	0.824341	0.058983	0.097934	0.000000	0.018684	0.000000	0.000000	0.000000	0.000058
462	0.824603	0.058693	0.097941	0.000000	0.018707	0.000000	0.000000	0.000000	0.000056
463	0.824645	0.058797	0.097833	0.000000	0.018671	0.000000	0.000000	0.000000	0.000054
464	0.824360	0.059020	0.097978	0.000000	0.018593	0.000000	0.000000	0.000000	0.000049
465	0.824403	0.058704	0.098289	0.000000	0.018553	0.000000	0.000000	0.000000	0.000051
466	0.824760	0.058566	0.098175	0.000000	0.018454	0.000000	0.000000	0.000000	0.000045
467	0.824604	0.059129	0.097849	0.000000	0.018384	0.000000	0.000000	0.000000	0.000034
468	0.825343	0.058906	0.097291	0.000000	0.018418	0.000000	0.000000	0.000000	0.000042
469	0.825356	0.058939	0.097338	0.000000	0.018325	0.000000	0.000000	0.000000	0.000042
470	0.825360	0.058778	0.097542	0.000000	0.018288	0.000000	0.000000	0.000000	0.000032
