0	0.290663	0.057897	0.229473	0.157588	0.029913	0.111872	0.085455	0.012259	0.024880
1	0.217193	0.044945	0.190712	0.132497	0.027163	0.116911	0.139249	0.026654	0.104676
2	0.205619	0.041984	0.177907	0.120478	0.026375	0.107209	0.158533	0.030551	0.131344
3	0.200227	0.040305	0.166140	0.110640	0.025589	0.096558	0.173678	0.033280	0.153583
4	0.195759	0.038777	0.155112	0.102523	0.025265	0.086318	0.187019	0.034924	0.174303
5	0.192747	0.037241	0.144463	0.094878	0.025449	0.076424	0.197678	0.036750	0.194370
6	0.189562	0.035873	0.134116	0.088392	0.025260	0.067995	0.207423	0.037847	0.213532
7	0.186767	0.035101	0.123802	0.082049	0.025688	0.060070	0.216347	0.038853	0.231323
8	0.184543	0.034089	0.114312	0.076450	0.025362	0.052884	0.223325	0.039878	0.249157
9	0.182700	0.033056	0.104977	0.071272	0.025879	0.046557	0.229278	0.040761	0.265520
10	0.180669	0.032000	0.096407	0.066499	0.026316	0.040794	0.235433	0.041063	0.280819
11	0.178329	0.031203	0.088469	0.062247	0.026619	0.036025	0.239941	0.041332	0.295835
12	0.176974	0.030233	0.080830	0.058292	0.026846	0.031879	0.243771	0.041909	0.309266
13	0.175454	0.029497	0.074134	0.054586	0.027285	0.028050	0.246720	0.042073	0.322201
14	0.174051	0.028901	0.067800	0.051308	0.027749	0.024592	0.248395	0.042461	0.334743
15	0.172105	0.028135	0.062047	0.048239	0.028076	0.021841	0.250787	0.042499	0.346271
16	0.170167	0.027509	0.056777	0.045477	0.028666	0.019269	0.252306	0.042505	0.357324
17	0.168234	0.026850	0.051970	0.042866	0.029276	0.017304	0.253693	0.042155	0.367652
18	0.166454	0.026178	0.047319	0.040199	0.030206	0.015199	0.255001	0.041996	0.377448
19	0.164616	0.025605	0.043621	0.037697	0.031082	0.013582	0.254880	0.041721	0.387196
20	0.163476	0.024951	0.039797	0.035665	0.031632	0.012137	0.254538	0.041422	0.396382
21	0.161996	0.024323	0.036383	0.033477	0.032413	0.010945	0.254700	0.040975	0.404788
22	0.160776	0.023560	0.033031	0.031468	0.033087	0.009665	0.253691	0.040678	0.414044
23	0.159203	0.023019	0.030002	0.029759	0.033943	0.008684	0.253440	0.040376	0.421574
24	0.157356	0.022492	0.027310	0.028157	0.034744	0.007656	0.252304	0.040102	0.429879
25	0.155566	0.022142	0.025109	0.026597	0.035484	0.006738	0.251058	0.039570	0.437736
26	0.153888	0.021763	0.022869	0.025251	0.036133	0.005909	0.250465	0.039091	0.444631
27	0.152109	0.021255	0.020714	0.023955	0.036887	0.005397	0.248950	0.038666	0.452067
28	0.150342	0.020921	0.019155	0.022797	0.037503	0.004845	0.247618	0.038038	0.458781
29	0.148454	0.020323	0.017391	0.021437	0.038094	0.004294	0.246500	0.037563	0.465944
30	0.146758	0.019865	0.016036	0.020322	0.038851	0.003841	0.244848	0.037357	0.472122
31	0.145027	0.019373	0.014713	0.018978	0.039430	0.003433	0.243097	0.036788	0.479161
32	0.142659	0.019011	0.013467	0.017778	0.039944	0.002968	0.242178	0.036502	0.485493
33	0.140751	0.018523	0.012401	0.016682	0.040800	0.002551	0.241070	0.036355	0.490867
34	0.138351	0.018129	0.011352	0.015760	0.041529	0.002306	0.239181	0.035712	0.497680
35	0.136559	0.017812	0.010381	0.014970	0.042083	0.002079	0.237771	0.035492	0.502853
36	0.134013	0.017402	0.009513	0.013989	0.042516	0.001839	0.236144	0.034907	0.509677
37	0.131725	0.017017	0.008541	0.013257	0.043415	0.001690	0.234563	0.034503	0.515289
38	0.129490	0.016415	0.007741	0.012577	0.044049	0.001576	0.232762	0.033962	0.521428
39	0.127162	0.015940	0.007113	0.011901	0.044490	0.001402	0.231362	0.033682	0.526948
40	0.124962	0.015568	0.006499	0.011115	0.045294	0.001303	0.229310	0.033156	0.532793
41	0.122813	0.015201	0.005843	0.010515	0.046042	0.001225	0.227775	0.033059	0.537527
42	0.120593	0.014567	0.005453	0.010095	0.046556	0.001097	0.226531	0.032372	0.542736
43	0.117940	0.014266	0.004979	0.009512	0.047147	0.001003	0.224996	0.031693	0.548464
44	0.115326	0.013757	0.004513	0.009176	0.047824	0.000949	0.223871	0.031249	0.553335
45	0.112944	0.013350	0.004088	0.008844	0.048521	0.000854	0.222431	0.030926	0.558042
46	0.111099	0.012919	0.003738	0.008388	0.049090	0.000783	0.220828	0.030874	0.562281
47	0.108583	0.012600	0.003382	0.008026	0.049529	0.000707	0.219014	0.030319	0.567840
48	0.106142	0.012163	0.003155	0.007681	0.049974	0.000645	0.216976	0.029928	0.573336
49	0.103675	0.011696	0.002865	0.007467	0.050405	0.000537	0.216070	0.029808	0.577477
50	0.101094	0.011424	0.002578	0.007107	0.050866	0.000463	0.215150	0.029721	0.581597
51	0.098648	0.011071	0.002370	0.006723	0.051046	0.000412	0.213875	0.029416	0.586439
52	0.096170	0.010846	0.002077	0.006425	0.051268	0.000403	0.212478	0.028899	0.591434
53	0.093826	0.010502	0.001940	0.006052	0.051504	0.000360	0.211196	0.028523	0.596097
54	0.091769	0.010098	0.001758	0.005663	0.051833	0.000371	0.210382	0.028427	0.599699
55	0.089537	0.009704	0.001625	0.005407	0.051965	0.000318	0.209383	0.028184	0.603877
56	0.087300	0.009418	0.001473	0.005095	0.052324	0.000293	0.207797	0.028150	0.608150
57	0.085219	0.009026	0.001341	0.004770	0.052345	0.000263	0.207086	0.027783	0.612167
58	0.082942	0.008629	0.001203	0.004482	0.052520	0.000260	0.205776	0.027505	0.616683
59	0.080557	0.008321	0.001025	0.004264	0.052828	0.000235	0.204437	0.027317	0.621016
60	0.078432	0.007993	0.000964	0.003943	0.052969	0.000195	0.203744	0.027000	0.624760
61	0.076431	0.007765	0.000887	0.003720	0.053222	0.000181	0.202845	0.026621	0.628328
62	0.074328	0.007488	0.000764	0.003508	0.053444	0.000148	0.201405	0.026601	0.632314
63	0.072025	0.007230	0.000679	0.003246	0.053801	0.000149	0.200328	0.026287	0.636255
64	0.069905	0.006955	0.000653	0.002972	0.053947	0.000126	0.199548	0.026127	0.639767
65	0.067747	0.006732	0.000606	0.002739	0.053860	0.000122	0.198478	0.026113	0.643603
66	0.065512	0.006533	0.000537	0.002546	0.053970	0.000101	0.197724	0.025911	0.647166
67	0.063677	0.006190	0.000513	0.002527	0.054148	0.000098	0.196709	0.025779	0.650359
68	0.061174	0.005946	0.000484	0.002401	0.054262	0.000083	0.195885	0.025586	0.654179
69	0.059025	0.005718	0.000430	0.002225	0.054443	0.000081	0.195454	0.025489	0.657135
70	0.057324	0.005433	0.000423	0.002149	0.054780	0.000074	0.194558	0.025198	0.660061
71	0.055267	0.005173	0.000405	0.002035	0.054675	0.000059	0.193320	0.025142	0.663924
72	0.053890	0.005020	0.000362	0.001911	0.054935	0.000048	0.192750	0.025029	0.666055
73	0.052027	0.004827	0.000347	0.001850	0.054990	0.000050	0.192055	0.025032	0.668822
74	0.050579	0.004629	0.000313	0.001727	0.054738	0.000035	0.191016	0.024743	0.672220
75	0.049052	0.004416	0.000264	0.001644	0.054666	0.000027	0.190386	0.024493	0.675052
76	0.047415	0.004203	0.000243	0.001539	0.054856	0.000023	0.189694	0.024256	0.677771
77	0.045863	0.004060	0.000223	0.001460	0.054479	0.000017	0.188612	0.024142	0.681144
78	0.044473	0.003936	0.000189	0.001339	0.054297	0.000023	0.188237	0.023953	0.683553
79	0.043097	0.003797	0.000170	0.001263	0.054341	0.000021	0.187280	0.023704	0.686327
80	0.041530	0.003735	0.000149	0.001182	0.054100	0.000020	0.186519	0.023449	0.689316
81	0.040325	0.003592	0.000127	0.001139	0.053910	0.000018	0.185695	0.023242	0.691952
82	0.038965	0.003499	0.000136	0.001084	0.053810	0.000015	0.184669	0.023148	0.694674
83	0.037746	0.003347	0.000112	0.001001	0.053766	0.000014	0.183894	0.022931	0.697189
84	0.036511	0.003269	0.000124	0.000959	0.053322	0.000008	0.183228	0.022594	0.699985
85	0.035414	0.003175	0.000124	0.000880	0.053074	0.000009	0.182361	0.022444	0.702519
86	0.034297	0.002977	0.000114	0.000826	0.053090	0.000009	0.181664	0.022108	0.704915
87	0.033031	0.002823	0.000114	0.000796	0.052543	0.000009	0.180588	0.021874	0.708222
88	0.031863	0.002712	0.000096	0.000736	0.052355	0.000007	0.179665	0.021680	0.710886
89	0.030776	0.002611	0.000085	0.000682	0.051910	0.000005	0.179364	0.021614	0.712953
90	0.029708	0.002544	0.000092	0.000636	0.051800	0.000004	0.178990	0.021422	0.714804
91	0.028627	0.002473	0.000073	0.000615	0.051336	0.000004	0.178598	0.021227	0.717047
92	0.027882	0.002385	0.000062	0.000589	0.051004	0.000003	0.178657	0.021228	0.718190
93	0.026767	0.002279	0.000066	0.000586	0.050679	0.000002	0.178421	0.021280	0.719920
94	0.025842	0.002195	0.000053	0.000580	0.050176	0.000002	0.178126	0.021164	0.721862
95	0.024900	0.002123	0.000062	0.000549	0.049815	0.000003	0.177942	0.021015	0.723591
96	0.023860	0.002035	0.000065	0.000504	0.049306	0.000005	0.177705	0.021094	0.725426
97	0.023118	0.001962	0.000070	0.000481	0.048941	0.000003	0.177284	0.021050	0.727091
98	0.022605	0.001939	0.000060	0.000442	0.048509	0.000005	0.176904	0.020994	0.728542
99	0.021777	0.001834	0.000061	0.000412	0.048168	0.000003	0.176714	0.020812	0.730219
100	0.021046	0.001792	0.000060	0.000386	0.047747	0.000003	0.176322	0.020594	0.732050
101	0.020357	0.001713	0.000058	0.000351	0.047404	0.000006	0.175850	0.020528	0.733733
102	0.019607	0.001665	0.000043	0.000347	0.046955	0.000002	0.175193	0.020561	0.735627
103	0.018984	0.001602	0.000043	0.000339	0.046457	0.000001	0.175578	0.020504	0.736492
104	0.018350	0.001483	0.000041	0.000314	0.046006	0.000001	0.174840	0.020403	0.738562
105	0.017964	0.001474	0.000033	0.000279	0.045432	0.000000	0.173608	0.020385	0.740825
106	0.017337	0.001350	0.000027	0.000279	0.045115	0.000000	0.173277	0.020260	0.742355
107	0.016749	0.001342	0.000028	0.000274	0.044832	0.000000	0.173281	0.020142	0.743352
108	0.016122	0.001316	0.000024	0.000263	0.044419	0.000000	0.173005	0.019985	0.744866
109	0.015528	0.001265	0.000019	0.000243	0.043837	0.000000	0.172517	0.019751	0.746840
110	0.015063	0.001187	0.000015	0.000237	0.043474	0.000000	0.172159	0.019572	0.748293
111	0.014553	0.001177	0.000015	0.000216	0.042918	0.000000	0.171300	0.019502	0.750319
112	0.014042	0.001131	0.000009	0.000207	0.042199	0.000000	0.171093	0.019367	0.751952
113	0.013609	0.001045	0.000011	0.000202	0.041811	0.000000	0.170512	0.019342	0.753468
114	0.013115	0.001006	0.000006	0.000202	0.041325	0.000000	0.169875	0.019200	0.755271
115	0.012638	0.000924	0.000009	0.000186	0.040779	0.000000	0.169798	0.019293	0.756373
116	0.012129	0.000880	0.000009	0.000153	0.040443	0.000000	0.169482	0.019234	0.757670
117	0.011731	0.000855	0.000009	0.000141	0.039900	0.000000	0.169493	0.019090	0.758781
118	0.011364	0.000854	0.000009	0.000140	0.039400	0.000000	0.169039	0.019003	0.760191
119	0.010961	0.000861	0.000009	0.000142	0.038771	0.000000	0.168635	0.019096	0.761525
120	0.010561	0.000813	0.000007	0.000138	0.038342	0.000000	0.168417	0.019000	0.762722
121	0.010188	0.000782	0.000010	0.000141	0.037771	0.000000	0.168138	0.018787	0.764183
122	0.009720	0.000735	0.000011	0.000133	0.037491	0.000000	0.167301	0.018824	0.765785
123	0.009499	0.000700	0.000014	0.000129	0.037047	0.000000	0.166922	0.018791	0.766898
124	0.009087	0.000699	0.000011	0.000137	0.036614	0.000000	0.166683	0.018811	0.767958
125	0.008692	0.000694	0.000009	0.000142	0.036118	0.000000	0.166569	0.018704	0.769072
126	0.008519	0.000647	0.000007	0.000121	0.035865	0.000000	0.165908	0.018598	0.770335
127	0.008258	0.000612	0.000011	0.000109	0.035383	0.000000	0.165991	0.018439	0.771197
128	0.008043	0.000593	0.000008	0.000101	0.034922	0.000000	0.166028	0.018486	0.771819
129	0.007799	0.000588	0.000008	0.000086	0.034417	0.000000	0.166080	0.018408	0.772614
130	0.007561	0.000568	0.000010	0.000070	0.034039	0.000000	0.165406	0.018434	0.773912
131	0.007287	0.000530	0.000007	0.000072	0.033531	0.000000	0.165338	0.018458	0.774777
132	0.007035	0.000549	0.000004	0.000077	0.032914	0.000000	0.165190	0.018451	0.775780
133	0.006770	0.000518	0.000004	0.000070	0.032660	0.000000	0.165057	0.018345	0.776576
134	0.006583	0.000512	0.000001	0.000058	0.032187	0.000000	0.165169	0.018266	0.777224
135	0.006272	0.000479	0.000000	0.000060	0.031782	0.000000	0.164771	0.018149	0.778487
136	0.006026	0.000475	0.000000	0.000063	0.031202	0.000000	0.164462	0.018062	0.779710
137	0.005790	0.000454	0.000000	0.000047	0.030740	0.000000	0.164399	0.017923	0.780647
138	0.005502	0.000440	0.000000	0.000043	0.030320	0.000000	0.163726	0.017959	0.782010
139	0.005388	0.000430	0.000000	0.000042	0.030127	0.000000	0.163771	0.017961	0.782281
140	0.005199	0.000442	0.000000	0.000034	0.029813	0.000000	0.164029	0.017784	0.782699
141	0.005036	0.000431	0.000000	0.000034	0.029543	0.000000	0.163846	0.017713	0.783397
142	0.004840	0.000417	0.000000	0.000032	0.029233	0.000000	0.163561	0.017698	0.784219
143	0.004632	0.000426	0.000000	0.000032	0.028899	0.000000	0.163780	0.017611	0.784620
144	0.004408	0.000396	0.000000	0.000028	0.028631	0.000000	0.163340	0.017729	0.785468
145	0.004249	0.000404	0.000000	0.000028	0.028197	0.000000	0.163583	0.017729	0.785810
146	0.004127	0.000383	0.000000	0.000022	0.027951	0.000000	0.163479	0.017657	0.786381
147	0.003922	0.000356	0.000000	0.000020	0.027443	0.000000	0.163577	0.017613	0.787069
148	0.003785	0.000336	0.000000	0.000015	0.026865	0.000000	0.163242	0.017686	0.788071
149	0.003580	0.000303	0.000000	0.000012	0.026477	0.000000	0.163095	0.017699	0.788834
150	0.003500	0.000290	0.000000	0.000008	0.026106	0.000000	0.162784	0.017555	0.789757
151	0.003473	0.000284	0.000000	0.000002	0.025857	0.000000	0.162231	0.017432	0.790721
152	0.003385	0.000271	0.000000	0.000004	0.025425	0.000000	0.162026	0.017427	0.791462
153	0.003355	0.000264	0.000000	0.000003	0.025031	0.000000	0.161686	0.017440	0.792221
154	0.003287	0.000246	0.000000	0.000004	0.024625	0.000000	0.161281	0.017462	0.793095
155	0.003226	0.000249	0.000000	0.000003	0.024395	0.000000	0.161831	0.017367	0.792929
156	0.003193	0.000243	0.000000	0.000001	0.024146	0.000000	0.161635	0.017260	0.793522
157	0.003054	0.000254	0.000000	0.000000	0.023842	0.000000	0.161540	0.017318	0.793992
158	0.002986	0.000249	0.000000	0.000000	0.023559	0.000000	0.160630	0.017374	0.795202
159	0.002918	0.000243	0.000000	0.000000	0.023427	0.000000	0.160962	0.017302	0.795148
160	0.002826	0.000228	0.000000	0.000000	0.023177	0.000000	0.160972	0.017303	0.795494
161	0.002723	0.000206	0.000000	0.000000	0.022936	0.000000	0.160373	0.017378	0.796384
162	0.002603	0.000191	0.000000	0.000000	0.022648	0.000000	0.160392	0.017456	0.796710
163	0.002482	0.000191	0.000000	0.000000	0.022370	0.000000	0.160488	0.017292	0.797177
164	0.002410	0.000190	0.000000	0.000000	0.022132	0.000000	0.160430	0.017356	0.797482
165	0.002327	0.000183	0.000000	0.000000	0.021772	0.000000	0.160216	0.017397	0.798105
166	0.002272	0.000182	0.000000	0.000000	0.021358	0.000000	0.159976	0.017411	0.798801
167	0.002265	0.000169	0.000000	0.000000	0.021118	0.000000	0.159756	0.017284	0.799408
168	0.002256	0.000170	0.000000	0.000000	0.020831	0.000000	0.159096	0.017118	0.800529
169	0.002162	0.000160	0.000000	0.000000	0.020349	0.000000	0.158719	0.017093	0.801517
170	0.002112	0.000169	0.000000	0.000000	0.019913	0.000000	0.158873	0.016967	0.801966
171	0.002090	0.000176	0.000000	0.000000	0.019730	0.000000	0.158792	0.017037	0.802175
172	0.002034	0.000156	0.000000	0.000000	0.019295	0.000000	0.158591	0.017189	0.802735
173	0.001995	0.000153	0.000000	0.000000	0.019088	0.000000	0.158569	0.017314	0.802881
174	0.001915	0.000160	0.000000	0.000000	0.018829	0.000000	0.158648	0.017487	0.802961
175	0.001908	0.000143	0.000000	0.000000	0.018509	0.000000	0.157924	0.017461	0.804055
176	0.001844	0.000149	0.000000	0.000000	0.018280	0.000000	0.157684	0.017520	0.804523
177	0.001789	0.000162	0.000000	0.000000	0.018116	0.000000	0.157545	0.017390	0.804998
178	0.001763	0.000155	0.000000	0.000000	0.017866	0.000000	0.157222	0.017493	0.805501
179	0.001716	0.000154	0.000000	0.000000	0.017542	0.000000	0.156734	0.017586	0.806268
180	0.001650	0.000157	0.000000	0.000000	0.017437	0.000000	0.156653	0.017580	0.806523
181	0.001577	0.000166	0.000000	0.000000	0.017225	0.000000	0.156678	0.017275	0.807079
182	0.001474	0.000158	0.000000	0.000000	0.017198	0.000000	0.156262	0.017084	0.807824
183	0.001413	0.000172	0.000000	0.000000	0.017013	0.000000	0.156492	0.017154	0.807756
184	0.001418	0.000160	0.000000	0.000000	0.016801	0.000000	0.156684	0.017092	0.807845
185	0.001426	0.000159	0.000000	0.000000	0.016716	0.000000	0.156280	0.016963	0.808456
186	0.001353	0.000147	0.000000	0.000000	0.016522	0.000000	0.156777	0.016951	0.808250
187	0.001318	0.000132	0.000000	0.000000	0.016165	0.000000	0.156112	0.017008	0.809265
188	0.001285	0.000117	0.000000	0.000000	0.015950	0.000000	0.156434	0.017007	0.809207
189	0.001248	0.000126	0.000000	0.000000	0.015783	0.000000	0.156195	0.017080	0.809568
190	0.001221	0.000134	0.000000	0.000000	0.015568	0.000000	0.156738	0.016893	0.809446
191	0.001166	0.000143	0.000000	0.000000	0.015372	0.000000	0.156571	0.016967	0.809781
192	0.001150	0.000139	0.000000	0.000000	0.015201	0.000000	0.156293	0.016915	0.810302
193	0.001099	0.000135	0.000000	0.000000	0.014969	0.000000	0.156509	0.016750	0.810538
194	0.001020	0.000134	0.000000	0.000000	0.014673	0.000000	0.155901	0.016778	0.811494
195	0.001025	0.000136	0.000000	0.000000	0.014412	0.000000	0.155947	0.016793	0.811687
196	0.000978	0.000132	0.000000	0.000000	0.014260	0.000000	0.155881	0.016742	0.812007
197	0.000963	0.000135	0.000000	0.000000	0.014112	0.000000	0.155465	0.016742	0.812583
198	0.000911	0.000140	0.000000	0.000000	0.014003	0.000000	0.155314	0.016952	0.812680
199	0.000914	0.000139	0.000000	0.000000	0.013787	0.000000	0.155236	0.017180	0.812744
200	0.000889	0.000131	0.000000	0.000000	0.013621	0.000000	0.155326	0.017231	0.812802
201	0.000883	0.000115	0.000000	0.000000	0.013363	0.000000	0.155378	0.017225	0.813036
202	0.000836	0.000120	0.000000	0.000000	0.013298	0.000000	0.155456	0.017087	0.813203
203	0.000798	0.000117	0.000000	0.000000	0.013136	0.000000	0.155425	0.017033	0.813491
204	0.000739	0.000116	0.000000	0.000000	0.012939	0.000000	0.155550	0.016824	0.813832
205	0.000720	0.000103	0.000000	0.000000	0.012798	0.000000	0.155260	0.016850	0.814269
206	0.000728	0.000102	0.000000	0.000000	0.012634	0.000000	0.154822	0.017062	0.814652
207	0.000713	0.000100	0.000000	0.000000	0.012578	0.000000	0.155021	0.017004	0.814584
208	0.000681	0.000099	0.000000	0.000000	0.012412	0.000000	0.154597	0.017028	0.815183
209	0.000667	0.000106	0.000000	0.000000	0.012197	0.000000	0.154588	0.017018	0.815424
210	0.000645	0.000101	0.000000	0.000000	0.012065	0.000000	0.154565	0.017013	0.815611
211	0.000625	0.000112	0.000000	0.000000	0.011885	0.000000	0.154463	0.017083	0.815832
212	0.000587	0.000105	0.000000	0.000000	0.011793	0.000000	0.154418	0.017097	0.816000
213	0.000549	0.000105	0.000000	0.000000	0.011610	0.000000	0.154729	0.016983	0.816024
214	0.000530	0.000107	0.000000	0.000000	0.011525	0.000000	0.155278	0.016922	0.815638
215	0.000535	0.000097	0.000000	0.000000	0.011367	0.000000	0.154844	0.016988	0.816169
216	0.000539	0.000098	0.000000	0.000000	0.011274	0.000000	0.154791	0.016810	0.816488
217	0.000537	0.000102	0.000000	0.000000	0.011183	0.000000	0.154696	0.016887	0.816595
218	0.000521	0.000104	0.000000	0.000000	0.011079	0.000000	0.154756	0.016832	0.816708
219	0.000505	0.000122	0.000000	0.000000	0.010882	0.000000	0.154051	0.016746	0.817694
220	0.000489	0.000124	0.000000	0.000000	0.010808	0.000000	0.153943	0.016862	0.817774
221	0.000483	0.000120	0.000000	0.000000	0.010805	0.000000	0.154016	0.016931	0.817645
222	0.000479	0.000111	0.000000	0.000000	0.010633	0.000000	0.154027	0.016869	0.817881
223	0.000472	0.000106	0.000000	0.000000	0.010465	0.000000	0.153506	0.016803	0.818648
224	0.000444	0.000091	0.000000	0.000000	0.010439	0.000000	0.153347	0.016688	0.818991
225	0.000433	0.000097	0.000000	0.000000	0.010337	0.000000	0.153089	0.016646	0.819398
226	0.000434	0.000107	0.000000	0.000000	0.010166	0.000000	0.153080	0.016630	0.819583
227	0.000421	0.000098	0.000000	0.000000	0.010051	0.000000	0.153280	0.016617	0.819533
228	0.000438	0.000094	0.000000	0.000000	0.009874	0.000000	0.153421	0.016566	0.819607
229	0.000428	0.000091	0.000000	0.000000	0.009782	0.000000	0.153353	0.016477	0.819869
230	0.000414	0.000085	0.000000	0.000000	0.009616	0.000000	0.153367	0.016567	0.819951
231	0.000398	0.000083	0.000000	0.000000	0.009542	0.000000	0.153292	0.016613	0.820072
232	0.000388	0.000073	0.000000	0.000000	0.009357	0.000000	0.153071	0.016527	0.820584
233	0.000378	0.000062	0.000000	0.000000	0.009271	0.000000	0.152926	0.016701	0.820662
234	0.000381	0.000070	0.000000	0.000000	0.009213	0.000000	0.152804	0.016574	0.820958
235	0.000381	0.000072	0.000000	0.000000	0.009078	0.000000	0.152751	0.016544	0.821174
236	0.000382	0.000065	0.000000	0.000000	0.009012	0.000000	0.152685	0.016574	0.821282
237	0.000335	0.000061	0.000000	0.000000	0.009008	0.000000	0.152739	0.016521	0.821336
238	0.000310	0.000056	0.000000	0.000000	0.009045	0.000000	0.152615	0.016506	0.821468
239	0.000308	0.000057	0.000000	0.000000	0.008953	0.000000	0.152588	0.016479	0.821615
240	0.000295	0.000048	0.000000	0.000000	0.008883	0.000000	0.152550	0.016351	0.821873
241	0.000276	0.000037	0.000000	0.000000	0.008805	0.000000	0.152310	0.016266	0.822306
242	0.000275	0.000033	0.000000	0.000000	0.008725	0.000000	0.152360	0.016166	0.822441
243	0.000262	0.000028	0.000000	0.000000	0.008679	0.000000	0.151885	0.016165	0.822981
244	0.000256	0.000018	0.000000	0.000000	0.008634	0.000000	0.151901	0.016289	0.822902
245	0.000236	0.000015	0.000000	0.000000	0.008571	0.000000	0.151699	0.016313	0.823166
246	0.000219	0.000009	0.000000	0.000000	0.008530	0.000000	0.151924	0.016338	0.822980
247	0.000209	0.000010	0.000000	0.000000	0.008432	0.000000	0.152427	0.016343	0.822579
248	0.000205	0.000015	0.000000	0.000000	0.008386	0.000000	0.152581	0.016465	0.822348
249	0.000195	0.000014	0.000000	0.000000	0.008299	0.000000	0.152382	0.016337	0.822773
250	0.000173	0.000014	0.000000	0.000000	0.008216	0.000000	0.152487	0.016302	0.822808
251	0.000176	0.000020	0.000000	0.000000	0.008143	0.000000	0.152263	0.016082	0.823316
252	0.000170	0.000019	0.000000	0.000000	0.008083	0.000000	0.152495	0.016032	0.823201
253	0.000155	0.000022	0.000000	0.000000	0.008016	0.000000	0.152417	0.016225	0.823165
254	0.000135	0.000021	0.000000	0.000000	0.007875	0.000000	0.152091	0.016143	0.823735
255	0.000133	0.000019	0.000000	0.000000	0.007744	0.000000	0.151938	0.016039	0.824127
256	0.000124	0.000021	0.000000	0.000000	0.007660	0.000000	0.151647	0.016008	0.824540
257	0.000128	0.000016	0.000000	0.000000	0.007636	0.000000	0.151715	0.016020	0.824485
258	0.000143	0.000013	0.000000	0.000000	0.007501	0.000000	0.151768	0.016014	0.824561
259	0.000138	0.000011	0.000000	0.000000	0.007268	0.000000	0.152034	0.015958	0.824591
260	0.000139	0.000013	0.000000	0.000000	0.007187	0.000000	0.151885	0.015920	0.824856
261	0.000136	0.000005	0.000000	0.000000	0.007095	0.000000	0.152045	0.016138	0.824581
262	0.000137	0.000005	0.000000	0.000000	0.006937	0.000000	0.151940	0.016297	0.824684
263	0.000133	0.000007	0.000000	0.000000	0.006839	0.000000	0.151578	0.016055	0.825388
264	0.000135	0.000009	0.000000	0.000000	0.006741	0.000000	0.151430	0.016085	0.825600
265	0.000123	0.000005	0.000000	0.000000	0.006633	0.000000	0.151357	0.016078	0.825804
266	0.000129	0.000005	0.000000	0.000000	0.006495	0.000000	0.151700	0.016088	0.825583
267	0.000110	0.000007	0.000000	0.000000	0.006381	0.000000	0.152150	0.016079	0.825273
268	0.000109	0.000007	0.000000	0.000000	0.006417	0.000000	0.152301	0.016144	0.825022
269	0.000097	0.000003	0.000000	0.000000	0.006260	0.000000	0.152581	0.016116	0.824943
270	0.000097	0.000004	0.000000	0.000000	0.006190	0.000000	0.152498	0.016006	0.825205
271	0.000097	0.000004	0.000000	0.000000	0.006125	0.000000	0.152792	0.016038	0.824944
272	0.000107	0.000005	0.000000	0.000000	0.006093	0.000000	0.153056	0.015985	0.824754
273	0.000100	0.000004	0.000000	0.000000	0.005930	0.000000	0.153087	0.015971	0.824908
274	0.000106	0.000003	0.000000	0.000000	0.005873	0.000000	0.153260	0.015958	0.824800
275	0.000098	0.000003	0.000000	0.000000	0.005731	0.000000	0.153317	0.015899	0.824952
276	0.000100	0.000001	0.000000	0.000000	0.005701	0.000000	0.152767	0.015922	0.825509
277	0.000098	0.000001	0.000000	0.000000	0.005567	0.000000	0.152453	0.015722	0.826159
278	0.000104	0.000001	0.000000	0.000000	0.005498	0.000000	0.152231	0.015743	0.826423
279	0.000095	0.000001	0.000000	0.000000	0.005425	0.000000	0.152201	0.015682	0.826596
280	0.000088	0.000001	0.000000	0.000000	0.005433	0.000000	0.151922	0.015562	0.826994
281	0.000087	0.000000	0.000000	0.000000	0.005279	0.000000	0.152442	0.015590	0.826602
282	0.000080	0.000000	0.000000	0.000000	0.005217	0.000000	0.152147	0.015500	0.827056
283	0.000073	0.000000	0.000000	0.000000	0.005172	0.000000	0.152300	0.015529	0.826926
284	0.000071	0.000000	0.000000	0.000000	0.005077	0.000000	0.152032	0.015505	0.827315
285	0.000068	0.000000	0.000000	0.000000	0.004984	0.000000	0.152095	0.015565	0.827288
286	0.000071	0.000000	0.000000	0.000000	0.004946	0.000000	0.152121	0.015553	0.827309
287	0.000077	0.000000	0.000000	0.000000	0.004856	0.000000	0.152227	0.015512	0.827328
288	0.000067	0.000000	0.000000	0.000000	0.004781	0.000000	0.151863	0.015612	0.827677
289	0.000063	0.000000	0.000000	0.000000	0.004774	0.000000	0.152045	0.015538	0.827580
290	0.000055	0.000000	0.000000	0.000000	0.004688	0.000000	0.152207	0.015441	0.827609
291	0.000054	0.000000	0.000000	0.000000	0.004704	0.000000	0.152093	0.015479	0.827670
292	0.000053	0.000000	0.000000	0.000000	0.004652	0.000000	0.152256	0.015230	0.827809
293	0.000053	0.000000	0.000000	0.000000	0.004553	0.000000	0.152246	0.015109	0.828039
294	0.000043	0.000000	0.000000	0.000000	0.004504	0.000000	0.151880	0.015220	0.828353
295	0.000042	0.000000	0.000000	0.000000	0.004503	0.000000	0.151429	0.015281	0.828745
296	0.000043	0.000000	0.000000	0.000000	0.004466	0.000000	0.151645	0.015188	0.828658
297	0.000039	0.000000	0.000000	0.000000	0.004390	0.000000	0.151625	0.015190	0.828756
298	0.000033	0.000000	0.000000	0.000000	0.004354	0.000000	0.151440	0.015227	0.828946
299	0.000037	0.000000	0.000000	0.000000	0.004302	0.000000	0.151485	0.015312	0.828864
300	0.000036	0.000000	0.000000	0.000000	0.004187	0.000000	0.151597	0.015274	0.828906
301	0.000032	0.000000	0.000000	0.000000	0.004204	0.000000	0.151292	0.015309	0.829163
302	0.000032	0.000000	0.000000	0.000000	0.004151	0.000000	0.151640	0.015425	0.828752
303	0.000035	0.000000	0.000000	0.000000	0.004082	0.000000	0.151381	0.015447	0.829055
304	0.000039	0.000000	0.000000	0.000000	0.004092	0.000000	0.151094	0.015436	0.829339
305	0.000037	0.000000	0.000000	0.000000	0.004036	0.000000	0.150848	0.015495	0.829584
306	0.000036	0.000000	0.000000	0.000000	0.003970	0.000000	0.151090	0.015198	0.829706
307	0.000029	0.000000	0.000000	0.000000	0.003895	0.000000	0.151005	0.015364	0.829707
308	0.000029	0.000000	0.000000	0.000000	0.003912	0.000000	0.150620	0.015542	0.829897
309	0.000031	0.000000	0.000000	0.000000	0.003869	0.000000	0.150598	0.015664	0.829838
310	0.000034	0.000000	0.000000	0.000000	0.003863	0.000000	0.150113	0.015633	0.830357
311	0.000043	0.000000	0.000000	0.000000	0.003830	0.000000	0.149952	0.015406	0.830769
312	0.000046	0.000000	0.000000	0.000000	0.003780	0.000000	0.149998	0.015352	0.830824
313	0.000044	0.000000	0.000000	0.000000	0.003730	0.000000	0.150153	0.015289	0.830784
314	0.000040	0.000000	0.000000	0.000000	0.003666	0.000000	0.149926	0.015297	0.831071
315	0.000048	0.000000	0.000000	0.000000	0.003667	0.000000	0.149561	0.015399	0.831325
316	0.000049	0.000000	0.000000	0.000000	0.003612	0.000000	0.149144	0.015457	0.831738
317	0.000048	0.000000	0.000000	0.000000	0.003619	0.000000	0.149247	0.015538	0.831548
318	0.000050	0.000000	0.000000	0.000000	0.003559	0.000000	0.149441	0.015493	0.831457
319	0.000049	0.000000	0.000000	0.000000	0.003544	0.000000	0.149163	0.015602	0.831642
320	0.000046	0.000000	0.000000	0.000000	0.003475	0.000000	0.148612	0.015564	0.832303
321	0.000049	0.000000	0.000000	0.000000	0.003464	0.000000	0.148757	0.015596	0.832134
322	0.000044	0.000000	0.000000	0.000000	0.003419	0.000000	0.148900	0.015547	0.832090
323	0.000047	0.000000	0.000000	0.000000	0.003361	0.000000	0.148543	0.015592	0.832457
324	0.000043	0.000000	0.000000	0.000000	0.003300	0.000000	0.148272	0.015626	0.832759
325	0.000043	0.000000	0.000000	0.000000	0.003277	0.000000	0.148364	0.015581	0.832735
326	0.000045	0.000000	0.000000	0.000000	0.003239	0.000000	0.148577	0.015633	0.832506
327	0.000036	0.000000	0.000000	0.000000	0.003221	0.000000	0.149217	0.015656	0.831870
328	0.000044	0.000000	0.000000	0.000000	0.003191	0.000000	0.149402	0.015503	0.831860
329	0.000039	0.000000	0.000000	0.000000	0.003170	0.000000	0.149752	0.015492	0.831547
330	0.000037	0.000000	0.000000	0.000000	0.003168	0.000000	0.149896	0.015424	0.831475
331	0.000039	0.000000	0.000000	0.000000	0.003083	0.000000	0.149617	0.015558	0.831703
332	0.000032	0.000000	0.000000	0.000000	0.003052	0.000000	0.149252	0.015568	0.832096
333	0.000026	0.000000	0.000000	0.000000	0.003069	0.000000	0.149594	0.015614	0.831697
334	0.000031	0.000000	0.000000	0.000000	0.003062	0.000000	0.149154	0.015639	0.832114
335	0.000029	0.000000	0.000000	0.000000	0.003030	0.000000	0.149541	0.015574	0.831826
336	0.000031	0.000000	0.000000	0.000000	0.003054	0.000000	0.149381	0.015521	0.832013
337	0.000031	0.000000	0.000000	0.000000	0.003066	0.000000	0.149670	0.015435	0.831798
338	0.000039	0.000000	0.000000	0.000000	0.003029	0.000000	0.149392	0.015410	0.832130
339	0.000043	0.000000	0.000000	0.000000	0.002983	0.000000	0.149197	0.015374	0.832403
340	0.000034	0.000000	0.000000	0.000000	0.002950	0.000000	0.149415	0.015413	0.832188
341	0.000030	0.000000	0.000000	0.000000	0.002953	0.000000	0.148736	0.015426	0.832855
342	0.000030	0.000000	0.000000	0.000000	0.002943	0.000000	0.148938	0.015398	0.832691
343	0.000035	0.000000	0.000000	0.000000	0.002937	0.000000	0.149045	0.015398	0.832585
344	0.000025	0.000000	0.000000	0.000000	0.002959	0.000000	0.149293	0.015442	0.832281
345	0.000028	0.000000	0.000000	0.000000	0.002900	0.000000	0.148925	0.015396	0.832751
346	0.000025	0.000000	0.000000	0.000000	0.002895	0.000000	0.149253	0.015460	0.832367
347	0.000028	0.000000	0.000000	0.000000	0.002870	0.000000	0.149040	0.015483	0.832579
348	0.000037	0.000000	0.000000	0.000000	0.002903	0.000000	0.148662	0.015539	0.832859
349	0.000032	0.000000	0.000000	0.000000	0.002891	0.000000	0.148934	0.015434	0.832709
350	0.000037	0.000000	0.000000	0.000000	0.002851	0.000000	0.148514	0.015418	0.833180
351	0.000034	0.000000	0.000000	0.000000	0.002781	0.000000	0.148369	0.015392	0.833424
352	0.000038	0.000000	0.000000	0.000000	0.002758	0.000000	0.148552	0.015334	0.833318
353	0.000036	0.000000	0.000000	0.000000	0.002714	0.000000	0.148297	0.015411	0.833542
354	0.000040	0.000000	0.000000	0.000000	0.002677	0.000000	0.148450	0.015088	0.833745
355	0.000030	0.000000	0.000000	0.000000	0.002697	0.000000	0.148647	0.015011	0.833615
356	0.000031	0.000000	0.000000	0.000000	0.002656	0.000000	0.148602	0.015021	0.833690
357	0.000023	0.000000	0.000000	0.000000	0.002653	0.000000	0.148759	0.015117	0.833448
358	0.000023	0.000000	0.000000	0.000000	0.002630	0.000000	0.148977	0.015064	0.833306
359	0.000023	0.000000	0.000000	0.000000	0.002617	0.000000	0.148967	0.014909	0.833484
360	0.000010	0.000000	0.000000	0.000000	0.002568	0.000000	0.149047	0.014903	0.833472
361	0.000014	0.000000	0.000000	0.000000	0.002574	0.000000	0.148837	0.014922	0.833653
362	0.000013	0.000000	0.000000	0.000000	0.002489	0.000000	0.148665	0.014875	0.833958
363	0.000017	0.000000	0.000000	0.000000	0.002481	0.000000	0.148644	0.014871	0.833987
364	0.000015	0.000000	0.000000	0.000000	0.002449	0.000000	0.148729	0.014919	0.833888
365	0.000014	0.000000	0.000000	0.000000	0.002434	0.000000	0.148309	0.014943	0.834300
366	0.000018	0.000000	0.000000	0.000000	0.002420	0.000000	0.148608	0.015002	0.833952
367	0.000020	0.000000	0.000000	0.000000	0.002357	0.000000	0.148427	0.014896	0.834300
368	0.000020	0.000000	0.000000	0.000000	0.002335	0.000000	0.148564	0.014909	0.834172
369	0.000024	0.000000	0.000000	0.000000	0.002289	0.000000	0.148225	0.014864	0.834598
370	0.000018	0.000000	0.000000	0.000000	0.002294	0.000000	0.148530	0.014768	0.834390
371	0.000013	0.000000	0.000000	0.000000	0.002249	0.000000	0.148440	0.014859	0.834439
372	0.000008	0.000000	0.000000	0.000000	0.002230	0.000000	0.148350	0.014868	0.834544
373	0.000008	0.000000	0.000000	0.000000	0.002217	0.000000	0.148002	0.014935	0.834838
374	0.000011	0.000000	0.000000	0.000000	0.002200	0.000000	0.147840	0.014881	0.835068
375	0.000008	0.000000	0.000000	0.000000	0.002162	0.000000	0.147919	0.014899	0.835012
376	0.000006	0.000000	0.000000	0.000000	0.002151	0.000000	0.148116	0.014888	0.834839
377	0.000002	0.000000	0.000000	0.000000	0.002107	0.000000	0.148113	0.014814	0.834964
378	0.000004	0.000000	0.000000	0.000000	0.002111	0.000000	0.147892	0.014956	0.835037
379	0.000006	0.000000	0.000000	0.000000	0.002088	0.000000	0.147646	0.015112	0.835148
380	0.000008	0.000000	0.000000	0.000000	0.002071	0.000000	0.147554	0.015071	0.835296
381	0.000007	0.000000	0.000000	0.000000	0.002033	0.000000	0.147338	0.015232	0.835390
382	0.000007	0.000000	0.000000	0.000000	0.002042	0.000000	0.147392	0.015199	0.835360
383	0.000006	0.000000	0.000000	0.000000	0.001999	0.000000	0.147058	0.015160	0.835777
384	0.000010	0.000000	0.000000	0.000000	0.001944	0.000000	0.147256	0.014957	0.835833
385	0.000012	0.000000	0.000000	0.000000	0.001930	0.000000	0.147164	0.014916	0.835978
386	0.000004	0.000000	0.000000	0.000000	0.001927	0.000000	0.147415	0.014949	0.835705
387	0.000005	0.000000	0.000000	0.000000	0.001901	0.000000	0.147348	0.014829	0.835917
388	0.000002	0.000000	0.000000	0.000000	0.001954	0.000000	0.147419	0.014828	0.835797
389	0.000002	0.000000	0.000000	0.000000	0.001917	0.000000	0.147333	0.014886	0.835862
390	0.000004	0.000000	0.000000	0.000000	0.001841	0.000000	0.146806	0.015001	0.836348
391	0.000005	0.000000	0.000000	0.000000	0.001793	0.000000	0.146663	0.014850	0.836689
392	0.000008	0.000000	0.000000	0.000000	0.001751	0.000000	0.146431	0.014760	0.837050
393	0.000007	0.000000	0.000000	0.000000	0.001733	0.000000	0.146503	0.014714	0.837043
394	0.000006	0.000000	0.000000	0.000000	0.001732	0.000000	0.146808	0.014887	0.836567
395	0.000003	0.000000	0.000000	0.000000	0.001678	0.000000	0.146501	0.014876	0.836942
396	0.000004	0.000000	0.000000	0.000000	0.001656	0.000000	0.146564	0.014977	0.836799
397	0.000001	0.000000	0.000000	0.000000	0.001669	0.000000	0.146851	0.014929	0.836550
398	0.000001	0.000000	0.000000	0.000000	0.001686	0.000000	0.147203	0.014971	0.836139
399	0.000001	0.000000	0.000000	0.000000	0.001690	0.000000	0.147099	0.015000	0.836210
400	0.000000	0.000000	0.000000	0.000000	0.001643	0.000000	0.147027	0.015064	0.836266
401	0.000000	0.000000	0.000000	0.000000	0.001623	0.000000	0.146814	0.015213	0.836350
402	0.000000	0.000000	0.000000	0.000000	0.001603	0.000000	0.146592	0.015218	0.836587
403	0.000000	0.000000	0.000000	0.000000	0.001629	0.000000	0.146100	0.015299	0.836972
404	0.000000	0.000000	0.000000	0.000000	0.001600	0.000000	0.146249	0.015284	0.836867
405	0.000000	0.000000	0.000000	0.000000	0.001579	0.000000	0.146320	0.015335	0.836766
406	0.000000	0.000000	0.000000	0.000000	0.001605	0.000000	0.145917	0.015257	0.837221
407	0.000000	0.000000	0.000000	0.000000	0.001557	0.000000	0.146620	0.015230	0.836593
408	0.000000	0.000000	0.000000	0.000000	0.001546	0.000000	0.146481	0.015252	0.836721
409	0.000000	0.000000	0.000000	0.000000	0.001524	0.000000	0.146431	0.015401	0.836644
410	0.000000	0.000000	0.000000	0.000000	0.001495	0.000000	0.146157	0.015340	0.837008
411	0.000000	0.000000	0.000000	0.000000	0.001476	0.000000	0.145854	0.015298	0.837372
412	0.000000	0.000000	0.000000	0.000000	0.001465	0.000000	0.146056	0.015283	0.837196
413	0.000000	0.000000	0.000000	0.000000	0.001439	0.000000	0.146152	0.015315	0.837094
414	0.000000	0.000000	0.000000	0.000000	0.001418	0.000000	0.145859	0.015474	0.837249
415	0.000000	0.000000	0.000000	0.000000	0.001409	0.000000	0.146176	0.015464	0.836951
416	0.000000	0.000000	0.000000	0.000000	0.001377	0.000000	0.146464	0.015524	0.836635
417	0.000000	0.000000	0.000000	0.000000	0.001394	0.000000	0.146400	0.015506	0.836700
418	0.000000	0.000000	0.000000	0.000000	0.001389	0.000000	0.146169	0.015561	0.836881
419	0.000000	0.000000	0.000000	0.000000	0.001350	0.000000	0.146306	0.015549	0.836795
420	0.000000	0.000000	0.000000	0.000000	0.001336	0.000000	0.146506	0.015493	0.836665
421	0.000000	0.000000	0.000000	0.000000	0.001321	0.000000	0.146249	0.015575	0.836855
422	0.000000	0.000000	0.000000	0.000000	0.001304	0.000000	0.146555	0.015567	0.836574
423	0.000000	0.000000	0.000000	0.000000	0.001282	0.000000	0.146596	0.015711	0.836411
424	0.000000	0.000000	0.000000	0.000000	0.001301	0.000000	0.146307	0.015673	0.836719
425	0.000000	0.000000	0.000000	0.000000	0.001278	0.000000	0.146405	0.015711	0.836606
426	0.000000	0.000000	0.000000	0.000000	0.001266	0.000000	0.146357	0.015723	0.836654
427	0.000000	0.000000	0.000000	0.000000	0.001257	0.000000	0.146622	0.015665	0.836456
428	0.000000	0.000000	0.000000	0.000000	0.001248	0.000000	0.146691	0.015571	0.836490
429	0.000000	0.000000	0.000000	0.000000	0.001250	0.000000	0.146670	0.015563	0.836517
430	0.000000	0.000000	0.000000	0.000000	0.001254	0.000000	0.146750	0.015613	0.836383
431	0.000000	0.000000	0.000000	0.000000	0.001251	0.000000	0.146849	0.015601	0.836299
432	0.000000	0.000000	0.000000	0.000000	0.001240	0.000000	0.146541	0.015565	0.836654
433	0.000000	0.000000	0.000000	0.000000	0.001227	0.000000	0.146961	0.015539	0.836273
434	0.000000	0.000000	0.000000	0.000000	0.001235	0.000000	0.146509	0.015476	0.836780
435	0.000000	0.000000	0.000000	0.000000	0.001210	0.000000	0.146633	0.015509	0.836648
436	0.000000	0.000000	0.000000	0.000000	0.001217	0.000000	0.146636	0.015617	0.836530
437	0.000000	0.000000	0.000000	0.000000	0.001192	0.000000	0.146768	0.015637	0.836403
438	0.000000	0.000000	0.000000	0.000000	0.001156	0.000000	0.147018	0.015627	0.836199
439	0.000000	0.000000	0.000000	0.000000	0.001133	0.000000	0.146820	0.015647	0.836400
440	0.000000	0.000000	0.000000	0.000000	0.001121	0.000000	0.146574	0.015577	0.836728
441	0.000000	0.000000	0.000000	0.000000	0.001078	0.000000	0.146536	0.015586	0.836800
442	0.000000	0.000000	0.000000	0.000000	0.001070	0.000000	0.146236	0.015587	0.837107
443	0.000000	0.000000	0.000000	0.000000	0.001070	0.000000	0.146544	0.015478	0.836908
444	0.000000	0.000000	0.000000	0.000000	0.001063	0.000000	0.146449	0.015319	0.837169
445	0.000000	0.000000	0.000000	0.000000	0.001027	0.000000	0.146459	0.015251	0.837263
446	0.000000	0.000000	0.000000	0.000000	0.001014	0.000000	0.146802	0.015235	0.836949
447	0.000000	0.000000	0.000000	0.000000	0.001028	0.000000	0.146984	0.015214	0.836774
448	0.000000	0.000000	0.000000	0.000000	0.001015	0.000000	0.147319	0.015219	0.836447
449	0.000000	0.000000	0.000000	0.000000	0.000980	0.000000	0.147109	0.015302	0.836609
450	0.000000	0.000000	0.000000	0.000000	0.000974	0.000000	0.146846	0.015354	0.836826
451	0.000000	0.000000	0.000000	0.000000	0.000969	0.000000	0.146885	0.015275	0.836871
452	0.000000	0.000000	0.000000	0.000000	0.000974	0.000000	0.146998	0.015295	0.836733
453	0.000000	0.000000	0.000000	0.000000	0.000971	0.000000	0.146492	0.015440	0.837097
454	0.000000	0.000000	0.000000	0.000000	0.000974	0.000000	0.146742	0.015505	0.836779
455	0.000000	0.000000	0.000000	0.000000	0.000969	0.000000	0.147110	0.015507	0.836414
456	0.000000	0.000000	0.000000	0.000000	0.000947	0.000000	0.147235	0.015418	0.836400
457	0.000000	0.000000	0.000000	0.000000	0.000928	0.000000	0.147509	0.015331	0.836232
458	0.000000	0.000000	0.000000	0.000000	0.000932	0.000000	0.147600	0.015257	0.836211
459	0.000000	0.000000	0.000000	0.000000	0.000933	0.000000	0.147967	0.015302	0.835798
460	0.000000	0.000000	0.000000	0.000000	0.000903	0.000000	0.148206	0.015423	0.835468
461	0.000000	0.000000	0.000000	0.000000	0.000905	0.000000	0.148324	0.015439	0.835332
462	0.000000	0.000000	0.000000	0.000000	0.000902	0.000000	0.148135	0.015497	0.835466
463	0.000000	0.000000	0.000000	0.000000	0.000874	0.000000	0.147797	0.015325	0.836004
464	0.000000	0.000000	0.000000	0.000000	0.000863	0.000000	0.147619	0.015440	0.836078
465	0.000000	0.000000	0.000000	0.000000	0.000844	0.000000	0.147769	0.015354	0.836033
466	0.000000	0.000000	0.000000	0.000000	0.000836	0.000000	0.147369	0.015224	0.836571
467	0.000000	0.000000	0.000000	0.000000	0.000813	0.000000	0.147344	0.015147	0.836696
468	0.000000	0.000000	0.000000	0.000000	0.000815	0.000000	0.146923	0.015181	0.837081
469	0.000000	0.000000	0.000000	0.000000	0.000800	0.000000	0.146992	0.015291	0.836917
470	0.000000	0.000000	0.000000	0.000000	0.000830	0.000000	0.146688	0.015111	0.837371
