0	0.290663	0.057897	0.229473	0.157588	0.029913	0.111872	0.085455	0.012259	0.024880
1	0.227123	0.047292	0.196506	0.151422	0.030888	0.127434	0.111819	0.021816	0.085700
2	0.223473	0.045510	0.192490	0.155299	0.033864	0.132722	0.106390	0.020254	0.089998
3	0.224737	0.044048	0.190910	0.160359	0.036991	0.135113	0.099176	0.018293	0.090373
4	0.227425	0.042672	0.188940	0.164553	0.040900	0.136430	0.092219	0.016253	0.090608
5	0.230332	0.041175	0.187349	0.169495	0.044562	0.136761	0.085463	0.014614	0.090249
6	0.233384	0.039680	0.185764	0.173625	0.049047	0.136740	0.079021	0.012934	0.089805
7	0.236554	0.038017	0.183989	0.176586	0.053606	0.136697	0.073227	0.011576	0.089748
8	0.238490	0.036134	0.182480	0.180551	0.057974	0.136926	0.068048	0.010385	0.089012
9	0.240922	0.034516	0.180114	0.183485	0.062491	0.137078	0.063044	0.009365	0.088985
10	0.242740	0.032759	0.178365	0.186749	0.067237	0.136270	0.058391	0.008284	0.089205
11	0.244010	0.030844	0.176464	0.190024	0.072534	0.135316	0.054403	0.007436	0.088969
12	0.245742	0.029123	0.174301	0.192726	0.077709	0.134222	0.050243	0.006555	0.089379
13	0.246753	0.027459	0.172516	0.195622	0.082632	0.132968	0.046874	0.005747	0.089429
14	0.248424	0.025676	0.170589	0.197751	0.087808	0.132199	0.043260	0.005143	0.089150
15	0.249509	0.024223	0.167886	0.199997	0.093485	0.131081	0.039812	0.004760	0.089247
16	0.250387	0.022735	0.165059	0.202494	0.099314	0.129986	0.036907	0.004309	0.088809
17	0.251123	0.021322	0.163051	0.204559	0.104550	0.128556	0.034507	0.003872	0.088460
18	0.251368	0.019831	0.160689	0.206482	0.110044	0.127934	0.032298	0.003533	0.087821
19	0.251687	0.018687	0.157930	0.208102	0.115995	0.126815	0.030329	0.003055	0.087400
20	0.251026	0.017541	0.155587	0.210099	0.121887	0.125341	0.028044	0.002796	0.087679
21	0.250803	0.016406	0.152318	0.211989	0.128043	0.124458	0.026353	0.002530	0.087100
22	0.250896	0.015449	0.149558	0.212904	0.134600	0.123262	0.024773	0.002270	0.086288
23	0.249731	0.014377	0.147254	0.214904	0.141097	0.121824	0.023001	0.002015	0.085797
24	0.248914	0.013524	0.144604	0.216854	0.147476	0.120040	0.021661	0.001853	0.085074
25	0.248681	0.012757	0.142061	0.218061	0.154102	0.118407	0.019890	0.001598	0.084443
26	0.247631	0.011836	0.139143	0.219404	0.160800	0.117120	0.018377	0.001466	0.084223
27	0.245929	0.011101	0.136528	0.220978	0.167593	0.115419	0.017228	0.001342	0.083882
28	0.244882	0.010327	0.133565	0.222450	0.174017	0.114162	0.015979	0.001244	0.083374
29	0.243814	0.009738	0.130749	0.223447	0.181174	0.112801	0.014979	0.001101	0.082197
30	0.241764	0.008942	0.128274	0.224041	0.188098	0.112249	0.013779	0.001056	0.081797
31	0.240154	0.008282	0.125258	0.224811	0.195511	0.111288	0.012925	0.000949	0.080822
32	0.238496	0.007524	0.122311	0.225595	0.202675	0.110472	0.012102	0.000891	0.079934
33	0.236417	0.006933	0.119557	0.226461	0.209570	0.109316	0.011486	0.000788	0.079472
34	0.233734	0.006493	0.116694	0.228324	0.216336	0.108412	0.010607	0.000709	0.078691
35	0.231954	0.006074	0.113904	0.229782	0.223440	0.107161	0.009646	0.000623	0.077416
36	0.229831	0.005682	0.111122	0.231139	0.230554	0.105916	0.009049	0.000578	0.076129
37	0.227181	0.005198	0.108790	0.231637	0.238117	0.105046	0.008290	0.000506	0.075235
38	0.224212	0.004808	0.106316	0.232872	0.244847	0.104588	0.007835	0.000427	0.074095
39	0.221665	0.004415	0.103359	0.234799	0.251494	0.104009	0.007204	0.000361	0.072694
40	0.219137	0.004173	0.100317	0.235350	0.259012	0.103114	0.006735	0.000328	0.071834
41	0.216411	0.003832	0.097741	0.236767	0.266366	0.101913	0.006139	0.000301	0.070530
42	0.214227	0.003617	0.094917	0.237137	0.274078	0.100796	0.005758	0.000287	0.069183
43	0.210704	0.003304	0.092314	0.238664	0.281507	0.100340	0.005413	0.000255	0.067499
44	0.207431	0.003097	0.089795	0.240293	0.288387	0.099915	0.004985	0.000217	0.065880
45	0.205043	0.002827	0.086880	0.240877	0.296084	0.098994	0.004663	0.000180	0.064452
46	0.201461	0.002612	0.084635	0.241975	0.303273	0.098532	0.004287	0.000161	0.063064
47	0.197928	0.002453	0.081959	0.242532	0.310908	0.098495	0.003982	0.000161	0.061582
48	0.194627	0.002185	0.079194	0.243806	0.318465	0.097809	0.003645	0.000151	0.060118
49	0.191394	0.002050	0.076559	0.245573	0.325212	0.097266	0.003309	0.000132	0.058505
50	0.187786	0.001873	0.074251	0.246901	0.332621	0.096840	0.003081	0.000116	0.056531
51	0.184546	0.001696	0.072271	0.247174	0.339786	0.096598	0.002902	0.000087	0.054940
52	0.181312	0.001477	0.070545	0.248273	0.346880	0.095856	0.002675	0.000086	0.052896
53	0.178024	0.001344	0.068389	0.249543	0.353929	0.095108	0.002428	0.000081	0.051154
54	0.174354	0.001284	0.066154	0.250981	0.360080	0.095184	0.002265	0.000067	0.049631
55	0.170731	0.001177	0.063832	0.252290	0.366764	0.094643	0.002140	0.000061	0.048362
56	0.167217	0.001047	0.061609	0.253898	0.373173	0.094273	0.001899	0.000052	0.046832
57	0.163836	0.000962	0.059611	0.255268	0.379572	0.093947	0.001762	0.000047	0.044995
58	0.159732	0.000900	0.057853	0.256334	0.386693	0.093341	0.001644	0.000041	0.043462
59	0.155795	0.000805	0.055493	0.258238	0.393389	0.092902	0.001544	0.000045	0.041789
60	0.152442	0.000781	0.053477	0.259510	0.399554	0.092741	0.001411	0.000043	0.040041
61	0.148253	0.000712	0.051605	0.260890	0.406067	0.092504	0.001329	0.000038	0.038602
62	0.144757	0.000643	0.049701	0.261823	0.412341	0.092319	0.001171	0.000038	0.037207
63	0.140822	0.000617	0.047738	0.263310	0.418718	0.092198	0.001032	0.000030	0.035535
64	0.137115	0.000575	0.045553	0.264974	0.424569	0.092185	0.000973	0.000036	0.034020
65	0.132976	0.000516	0.043720	0.265710	0.431169	0.092342	0.000836	0.000034	0.032697
66	0.128998	0.000510	0.042346	0.267229	0.436719	0.092125	0.000724	0.000031	0.031318
67	0.125245	0.000489	0.040686	0.268086	0.442906	0.091927	0.000651	0.000028	0.029982
68	0.121567	0.000457	0.038980	0.269396	0.448832	0.091283	0.000570	0.000021	0.028894
69	0.117920	0.000402	0.037081	0.270277	0.455156	0.091262	0.000519	0.000020	0.027363
70	0.114402	0.000357	0.035625	0.271228	0.460868	0.090999	0.000466	0.000013	0.026042
71	0.111059	0.000336	0.034310	0.272165	0.466309	0.090639	0.000427	0.000010	0.024745
72	0.107404	0.000284	0.032688	0.273505	0.471460	0.090621	0.000422	0.000011	0.023605
73	0.103953	0.000268	0.031378	0.274308	0.476824	0.090474	0.000368	0.000012	0.022415
74	0.100882	0.000230	0.030151	0.275265	0.481825	0.089981	0.000344	0.000010	0.021312
75	0.097583	0.000202	0.029003	0.276470	0.486319	0.090004	0.000296	0.000003	0.020120
76	0.094319	0.000197	0.027818	0.277234	0.491183	0.089735	0.000257	0.000002	0.019255
77	0.090866	0.000188	0.026550	0.278855	0.495626	0.089634	0.000235	0.000002	0.018044
78	0.087653	0.000179	0.025590	0.279891	0.499749	0.089612	0.000229	0.000003	0.017094
79	0.084649	0.000149	0.024443	0.280418	0.504515	0.089440	0.000192	0.000001	0.016193
80	0.081783	0.000149	0.023280	0.281316	0.508757	0.089103	0.000165	0.000002	0.015445
81	0.078791	0.000146	0.022228	0.282281	0.512394	0.089385	0.000148	0.000002	0.014625
82	0.075704	0.000147	0.021370	0.283672	0.516343	0.088855	0.000131	0.000002	0.013776
83	0.072670	0.000136	0.020360	0.285088	0.519536	0.088938	0.000141	0.000002	0.013129
84	0.069900	0.000135	0.019647	0.285617	0.523170	0.089007	0.000142	0.000003	0.012379
85	0.066923	0.000106	0.018747	0.286177	0.527259	0.088913	0.000116	0.000001	0.011758
86	0.064593	0.000095	0.017928	0.286528	0.530685	0.088886	0.000098	0.000001	0.011186
87	0.061835	0.000092	0.017282	0.287736	0.533278	0.089156	0.000097	0.000002	0.010522
88	0.059310	0.000075	0.016346	0.288931	0.536330	0.089073	0.000065	0.000002	0.009868
89	0.056952	0.000063	0.015657	0.288982	0.539397	0.089552	0.000064	0.000002	0.009331
90	0.054600	0.000063	0.014881	0.289776	0.542605	0.089154	0.000058	0.000003	0.008860
91	0.052307	0.000051	0.014236	0.290724	0.545335	0.088965	0.000056	0.000003	0.008323
92	0.049988	0.000048	0.013330	0.291991	0.547936	0.088727	0.000053	0.000002	0.007925
93	0.047915	0.000040	0.012784	0.292586	0.550362	0.088866	0.000040	0.000000	0.007407
94	0.045592	0.000030	0.012308	0.293028	0.552922	0.089000	0.000043	0.000002	0.007075
95	0.043543	0.000018	0.011839	0.293393	0.555453	0.089086	0.000041	0.000004	0.006623
96	0.041707	0.000017	0.011262	0.294275	0.557593	0.088833	0.000043	0.000003	0.006267
97	0.040209	0.000014	0.010786	0.294424	0.559691	0.088856	0.000038	0.000001	0.005981
98	0.038486	0.000015	0.010371	0.294853	0.561675	0.088896	0.000026	0.000002	0.005676
99	0.036900	0.000014	0.009780	0.295457	0.563857	0.088627	0.000025	0.000002	0.005338
100	0.035263	0.000009	0.009407	0.295346	0.566322	0.088578	0.000015	0.000000	0.005060
101	0.033774	0.000006	0.009060	0.296132	0.567514	0.088670	0.000016	0.000003	0.004825
102	0.032260	0.000007	0.008672	0.296817	0.568923	0.088818	0.000011	0.000002	0.004490
103	0.030946	0.000009	0.008356	0.296722	0.570975	0.088739	0.000014	0.000002	0.004237
104	0.029526	0.000008	0.007966	0.297320	0.572775	0.088477	0.000016	0.000000	0.003912
105	0.028157	0.000004	0.007662	0.298273	0.573983	0.088246	0.000010	0.000002	0.003663
106	0.027099	0.000003	0.007266	0.298883	0.575205	0.088147	0.000010	0.000001	0.003386
107	0.025869	0.000003	0.006937	0.299102	0.576713	0.088211	0.000006	0.000002	0.003157
108	0.024546	0.000002	0.006522	0.299386	0.578468	0.088117	0.000006	0.000001	0.002952
109	0.023530	0.000002	0.006186	0.299337	0.579846	0.088290	0.000011	0.000000	0.002798
110	0.022515	0.000001	0.005801	0.299996	0.581014	0.087995	0.000007	0.000000	0.002671
111	0.021434	0.000000	0.005505	0.300660	0.582360	0.087567	0.000005	0.000000	0.002469
112	0.020501	0.000000	0.005181	0.301239	0.583537	0.087154	0.000002	0.000000	0.002386
113	0.019653	0.000000	0.004905	0.300963	0.584932	0.087310	0.000005	0.000000	0.002232
114	0.018972	0.000000	0.004541	0.301404	0.585686	0.087307	0.000001	0.000000	0.002089
115	0.017995	0.000000	0.004332	0.301927	0.586353	0.087428	0.000000	0.000000	0.001965
116	0.017064	0.000000	0.004059	0.302101	0.587480	0.087413	0.000000	0.000000	0.001883
117	0.016352	0.000000	0.003883	0.301904	0.588700	0.087382	0.000000	0.000000	0.001779
118	0.015635	0.000000	0.003650	0.301817	0.589605	0.087653	0.000000	0.000000	0.001640
119	0.015052	0.000000	0.003498	0.302392	0.589879	0.087644	0.000000	0.000000	0.001535
120	0.014332	0.000000	0.003300	0.302527	0.590426	0.087961	0.000000	0.000000	0.001454
121	0.013620	0.000000	0.003195	0.302917	0.590930	0.088002	0.000000	0.000000	0.001336
122	0.012929	0.000000	0.003025	0.303256	0.591616	0.087920	0.000000	0.000000	0.001254
123	0.012380	0.000000	0.002888	0.303530	0.591725	0.088306	0.000000	0.000000	0.001171
124	0.011726	0.000000	0.002799	0.302993	0.593201	0.088150	0.000000	0.000000	0.001131
125	0.011035	0.000000	0.002719	0.303055	0.593738	0.088398	0.000000	0.000000	0.001055
126	0.010455	0.000000	0.002673	0.303434	0.594216	0.088230	0.000000	0.000000	0.000992
127	0.009799	0.000000	0.002569	0.303406	0.595204	0.088053	0.000000	0.000000	0.000969
128	0.009442	0.000000	0.002484	0.303790	0.594675	0.088692	0.000000	0.000000	0.000917
129	0.008909	0.000000	0.002301	0.303670	0.595588	0.088662	0.000000	0.000000	0.000870
130	0.008528	0.000000	0.002225	0.304023	0.595506	0.088819	0.000000	0.000000	0.000899
131	0.008074	0.000000	0.002090	0.304364	0.595974	0.088660	0.000000	0.000000	0.000838
132	0.007672	0.000000	0.002062	0.304913	0.596069	0.088470	0.000000	0.000000	0.000814
133	0.007304	0.000000	0.001971	0.304576	0.596808	0.088582	0.000000	0.000000	0.000759
134	0.006893	0.000000	0.001930	0.304728	0.597470	0.088227	0.000000	0.000000	0.000752
135	0.006534	0.000000	0.001842	0.305063	0.597496	0.088370	0.000000	0.000000	0.000695
136	0.006179	0.000000	0.001771	0.305397	0.597975	0.088025	0.000000	0.000000	0.000653
137	0.005973	0.000000	0.001669	0.304743	0.599042	0.087917	0.000000	0.000000	0.000656
138	0.005705	0.000000	0.001597	0.304695	0.599603	0.087749	0.000000	0.000000	0.000651
139	0.005385	0.000000	0.001521	0.305007	0.599606	0.087874	0.000000	0.000000	0.000607
140	0.005102	0.000000	0.001505	0.304129	0.600879	0.087776	0.000000	0.000000	0.000609
141	0.004783	0.000000	0.001441	0.304135	0.601361	0.087716	0.000000	0.000000	0.000564
142	0.004499	0.000000	0.001367	0.304768	0.601206	0.087590	0.000000	0.000000	0.000570
143	0.004351	0.000000	0.001324	0.304738	0.601569	0.087468	0.000000	0.000000	0.000550
144	0.004159	0.000000	0.001260	0.304461	0.602138	0.087442	0.000000	0.000000	0.000540
145	0.003980	0.000000	0.001165	0.304430	0.602395	0.087528	0.000000	0.000000	0.000502
146	0.003788	0.000000	0.001138	0.304710	0.602334	0.087538	0.000000	0.000000	0.000492
147	0.003607	0.000000	0.001097	0.304728	0.602283	0.087803	0.000000	0.000000	0.000482
148	0.003497	0.000000	0.001043	0.304519	0.602808	0.087650	0.000000	0.000000	0.000483
149	0.003305	0.000000	0.001003	0.304841	0.602169	0.088202	0.000000	0.000000	0.000480
150	0.003164	0.000000	0.000967	0.305347	0.601998	0.088065	0.000000	0.000000	0.000459
151	0.003009	0.000000	0.000857	0.304989	0.602671	0.088054	0.000000	0.000000	0.000420
152	0.002814	0.000000	0.000773	0.304938	0.602673	0.088411	0.000000	0.000000	0.000391
153	0.002693	0.000000	0.000714	0.304535	0.603262	0.088448	0.000000	0.000000	0.000348
154	0.002579	0.000000	0.000705	0.304553	0.603359	0.088467	0.000000	0.000000	0.000337
155	0.002416	0.000000	0.000675	0.304813	0.603297	0.088483	0.000000	0.000000	0.000316
156	0.002276	0.000000	0.000670	0.304294	0.603992	0.088468	0.000000	0.000000	0.000300
157	0.002212	0.000000	0.000634	0.303827	0.604579	0.088467	0.000000	0.000000	0.000281
158	0.002234	0.000000	0.000576	0.304444	0.603424	0.089051	0.000000	0.000000	0.000271
159	0.002141	0.000000	0.000557	0.304292	0.604082	0.088675	0.000000	0.000000	0.000253
160	0.002011	0.000000	0.000534	0.304214	0.604163	0.088845	0.000000	0.000000	0.000233
161	0.001975	0.000000	0.000521	0.304137	0.604006	0.089143	0.000000	0.000000	0.000218
162	0.001841	0.000000	0.000508	0.303830	0.604691	0.088915	0.000000	0.000000	0.000215
163	0.001744	0.000000	0.000488	0.304257	0.604246	0.089059	0.000000	0.000000	0.000206
164	0.001740	0.000000	0.000460	0.303713	0.604870	0.089023	0.000000	0.000000	0.000194
165	0.001713	0.000000	0.000435	0.303845	0.604728	0.089069	0.000000	0.000000	0.000210
166	0.001632	0.000000	0.000409	0.303603	0.605150	0.088998	0.000000	0.000000	0.000208
167	0.001612	0.000000	0.000394	0.303163	0.605581	0.089067	0.000000	0.000000	0.000183
168	0.001546	0.000000	0.000375	0.302856	0.605817	0.089229	0.000000	0.000000	0.000177
169	0.001429	0.000000	0.000367	0.303108	0.606014	0.088915	0.000000	0.000000	0.000167
170	0.001355	0.000000	0.000349	0.302845	0.605906	0.089400	0.000000	0.000000	0.000145
171	0.001332	0.000000	0.000330	0.302462	0.606351	0.089394	0.000000	0.000000	0.000131
172	0.001270	0.000000	0.000312	0.301817	0.607063	0.089417	0.000000	0.000000	0.000121
173	0.001208	0.000000	0.000298	0.301923	0.606948	0.089504	0.000000	0.000000	0.000119
174	0.001165	0.000000	0.000293	0.301836	0.607321	0.089273	0.000000	0.000000	0.000112
175	0.001131	0.000000	0.000294	0.302058	0.606840	0.089567	0.000000	0.000000	0.000110
176	0.001076	0.000000	0.000301	0.302016	0.607044	0.089459	0.000000	0.000000	0.000104
177	0.001001	0.000000	0.000289	0.302186	0.607015	0.089414	0.000000	0.000000	0.000095
178	0.000938	0.000000	0.000280	0.302159	0.606930	0.089598	0.000000	0.000000	0.000095
179	0.000899	0.000000	0.000269	0.301909	0.606963	0.089867	0.000000	0.000000	0.000093
180	0.000872	0.000000	0.000280	0.301270	0.607451	0.090019	0.000000	0.000000	0.000108
181	0.000839	0.000000	0.000258	0.301197	0.607180	0.090432	0.000000	0.000000	0.000094
182	0.000765	0.000000	0.000248	0.301534	0.607086	0.090279	0.000000	0.000000	0.000088
183	0.000717	0.000000	0.000238	0.301836	0.606295	0.090825	0.000000	0.000000	0.000089
184	0.000697	0.000000	0.000222	0.301260	0.607100	0.090637	0.000000	0.000000	0.000084
185	0.000672	0.000000	0.000218	0.300742	0.607540	0.090754	0.000000	0.000000	0.000074
186	0.000639	0.000000	0.000212	0.300505	0.608094	0.090487	0.000000	0.000000	0.000063
187	0.000634	0.000000	0.000193	0.300349	0.608611	0.090135	0.000000	0.000000	0.000078
188	0.000597	0.000000	0.000177	0.300091	0.608613	0.090460	0.000000	0.000000	0.000062
189	0.000587	0.000000	0.000164	0.299933	0.608904	0.090337	0.000000	0.000000	0.000075
190	0.000550	0.000000	0.000158	0.299775	0.609468	0.089986	0.000000	0.000000	0.000063
191	0.000549	0.000000	0.000136	0.300508	0.608836	0.089913	0.000000	0.000000	0.000058
192	0.000488	0.000000	0.000141	0.300792	0.608553	0.089974	0.000000	0.000000	0.000052
193	0.000496	0.000000	0.000142	0.300501	0.609254	0.089559	0.000000	0.000000	0.000048
194	0.000476	0.000000	0.000122	0.300692	0.609205	0.089446	0.000000	0.000000	0.000059
195	0.000467	0.000000	0.000109	0.300586	0.609047	0.089733	0.000000	0.000000	0.000058
196	0.000480	0.000000	0.000105	0.300934	0.608504	0.089924	0.000000	0.000000	0.000053
197	0.000462	0.000000	0.000102	0.300596	0.608446	0.090349	0.000000	0.000000	0.000045
198	0.000446	0.000000	0.000097	0.301304	0.607759	0.090351	0.000000	0.000000	0.000043
199	0.000433	0.000000	0.000097	0.301589	0.607250	0.090592	0.000000	0.000000	0.000039
200	0.000405	0.000000	0.000094	0.301878	0.607093	0.090486	0.000000	0.000000	0.000044
201	0.000400	0.000000	0.000098	0.301403	0.607459	0.090600	0.000000	0.000000	0.000040
202	0.000394	0.000000	0.000103	0.300726	0.608364	0.090373	0.000000	0.000000	0.000040
203	0.000384	0.000000	0.000106	0.300915	0.607808	0.090751	0.000000	0.000000	0.000036
204	0.000357	0.000000	0.000114	0.301023	0.608189	0.090283	0.000000	0.000000	0.000034
205	0.000377	0.000000	0.000123	0.300808	0.607994	0.090668	0.000000	0.000000	0.000030
206	0.000371	0.000000	0.000117	0.301404	0.607373	0.090713	0.000000	0.000000	0.000022
207	0.000369	0.000000	0.000098	0.300989	0.608185	0.090338	0.000000	0.000000	0.000021
208	0.000351	0.000000	0.000091	0.300757	0.608454	0.090329	0.000000	0.000000	0.000018
209	0.000343	0.000000	0.000080	0.300713	0.608301	0.090551	0.000000	0.000000	0.000012
210	0.000314	0.000000	0.000086	0.300323	0.608745	0.090520	0.000000	0.000000	0.000012
211	0.000310	0.000000	0.000077	0.300652	0.608461	0.090493	0.000000	0.000000	0.000007
212	0.000302	0.000000	0.000085	0.300461	0.608593	0.090549	0.000000	0.000000	0.000010
213	0.000322	0.000000	0.000081	0.300737	0.608575	0.090276	0.000000	0.000000	0.000009
214	0.000298	0.000000	0.000078	0.300633	0.608714	0.090266	0.000000	0.000000	0.000011
215	0.000294	0.000000	0.000059	0.300954	0.608469	0.090210	0.000000	0.000000	0.000014
216	0.000277	0.000000	0.000064	0.300330	0.608986	0.090330	0.000000	0.000000	0.000013
217	0.000280	0.000000	0.000070	0.300181	0.608997	0.090455	0.000000	0.000000	0.000017
218	0.000264	0.000000	0.000070	0.300816	0.608728	0.090107	0.000000	0.000000	0.000015
219	0.000262	0.000000	0.000070	0.300170	0.608941	0.090544	0.000000	0.000000	0.000013
220	0.000247	0.000000	0.000059	0.300706	0.608591	0.090386	0.000000	0.000000	0.000011
221	0.000215	0.000000	0.000065	0.300524	0.608703	0.090486	0.000000	0.000000	0.000007
222	0.000223	0.000000	0.000063	0.300327	0.608860	0.090519	0.000000	0.000000	0.000008
223	0.000223	0.000000	0.000057	0.299787	0.609405	0.090519	0.000000	0.000000	0.000009
224	0.000227	0.000000	0.000058	0.299669	0.609461	0.090579	0.000000	0.000000	0.000006
225	0.000219	0.000000	0.000052	0.299400	0.610064	0.090263	0.000000	0.000000	0.000002
226	0.000199	0.000000	0.000052	0.299662	0.609933	0.090150	0.000000	0.000000	0.000004
227	0.000196	0.000000	0.000045	0.300188	0.609232	0.090338	0.000000	0.000000	0.000001
228	0.000183	0.000000	0.000031	0.300399	0.608967	0.090418	0.000000	0.000000	0.000002
229	0.000170	0.000000	0.000034	0.300458	0.608578	0.090755	0.000000	0.000000	0.000005
230	0.000168	0.000000	0.000036	0.300163	0.608913	0.090719	0.000000	0.000000	0.000001
231	0.000168	0.000000	0.000033	0.299728	0.609639	0.090430	0.000000	0.000000	0.000002
232	0.000169	0.000000	0.000035	0.299377	0.609468	0.090948	0.000000	0.000000	0.000003
233	0.000172	0.000000	0.000030	0.299741	0.609165	0.090891	0.000000	0.000000	0.000001
234	0.000164	0.000000	0.000022	0.299591	0.609152	0.091069	0.000000	0.000000	0.000002
235	0.000157	0.000000	0.000018	0.299346	0.609193	0.091286	0.000000	0.000000	0.000000
236	0.000167	0.000000	0.000020	0.299392	0.608776	0.091644	0.000000	0.000000	0.000001
237	0.000175	0.000000	0.000017	0.299120	0.609184	0.091503	0.000000	0.000000	0.000001
238	0.000153	0.000000	0.000012	0.299022	0.608788	0.092024	0.000000	0.000000	0.000001
239	0.000153	0.000000	0.000007	0.298757	0.609164	0.091918	0.000000	0.000000	0.000001
240	0.000157	0.000000	0.000005	0.298626	0.609273	0.091937	0.000000	0.000000	0.000002
241	0.000140	0.000000	0.000001	0.298587	0.609489	0.091781	0.000000	0.000000	0.000002
242	0.000143	0.000000	0.000000	0.298604	0.609314	0.091936	0.000000	0.000000	0.000003
243	0.000149	0.000000	0.000000	0.298267	0.608959	0.092622	0.000000	0.000000	0.000003
244	0.000145	0.000000	0.000000	0.298440	0.609067	0.092344	0.000000	0.000000	0.000004
245	0.000151	0.000000	0.000000	0.298822	0.608997	0.092026	0.000000	0.000000	0.000004
246	0.000141	0.000000	0.000000	0.299067	0.608820	0.091971	0.000000	0.000000	0.000001
247	0.000128	0.000000	0.000000	0.298750	0.608910	0.092209	0.000000	0.000000	0.000003
248	0.000127	0.000000	0.000000	0.298710	0.609425	0.091733	0.000000	0.000000	0.000005
249	0.000124	0.000000	0.000000	0.298829	0.609260	0.091780	0.000000	0.000000	0.000007
250	0.000109	0.000000	0.000000	0.298266	0.609680	0.091935	0.000000	0.000000	0.000010
251	0.000113	0.000000	0.000000	0.299250	0.609165	0.091456	0.000000	0.000000	0.000016
252	0.000116	0.000000	0.000000	0.299665	0.608941	0.091263	0.000000	0.000000	0.000015
253	0.000115	0.000000	0.000000	0.299096	0.609474	0.091296	0.000000	0.000000	0.000019
254	0.000103	0.000000	0.000000	0.299409	0.609392	0.091080	0.000000	0.000000	0.000016
255	0.000105	0.000000	0.000000	0.299374	0.608976	0.091521	0.000000	0.000000	0.000024
256	0.000115	0.000000	0.000000	0.298997	0.609072	0.091793	0.000000	0.000000	0.000023
257	0.000124	0.000000	0.000000	0.298655	0.609363	0.091834	0.000000	0.000000	0.000024
258	0.000117	0.000000	0.000000	0.299061	0.608960	0.091835	0.000000	0.000000	0.000027
259	0.000116	0.000000	0.000000	0.299042	0.608827	0.091979	0.000000	0.000000	0.000036
260	0.000096	0.000000	0.000000	0.298947	0.609079	0.091833	0.000000	0.000000	0.000045
261	0.000092	0.000000	0.000000	0.298850	0.609113	0.091901	0.000000	0.000000	0.000044
262	0.000086	0.000000	0.000000	0.298677	0.609069	0.092126	0.000000	0.000000	0.000042
263	0.000090	0.000000	0.000000	0.298884	0.608347	0.092634	0.000000	0.000000	0.000045
264	0.000094	0.000000	0.000000	0.299140	0.608020	0.092704	0.000000	0.000000	0.000042
265	0.000090	0.000000	0.000000	0.299020	0.607693	0.093156	0.000000	0.000000	0.000041
266	0.000087	0.000000	0.000000	0.298875	0.607788	0.093205	0.000000	0.000000	0.000045
267	0.000079	0.000000	0.000000	0.299390	0.607529	0.092951	0.000000	0.000000	0.000051
268	0.000078	0.000000	0.000000	0.299275	0.607393	0.093208	0.000000	0.000000	0.000046
269	0.000079	0.000000	0.000000	0.298958	0.607628	0.093294	0.000000	0.000000	0.000041
270	0.000076	0.000000	0.000000	0.298467	0.608052	0.093364	0.000000	0.000000	0.000041
271	0.000084	0.000000	0.000000	0.298104	0.608394	0.093381	0.000000	0.000000	0.000037
272	0.000093	0.000000	0.000000	0.298260	0.608472	0.093131	0.000000	0.000000	0.000044
273	0.000091	0.000000	0.000000	0.297578	0.609217	0.093078	0.000000	0.000000	0.000036
274	0.000076	0.000000	0.000000	0.297492	0.609657	0.092741	0.000000	0.000000	0.000034
275	0.000080	0.000000	0.000000	0.297604	0.609629	0.092652	0.000000	0.000000	0.000035
276	0.000075	0.000000	0.000000	0.297587	0.609355	0.092952	0.000000	0.000000	0.000031
277	0.000078	0.000000	0.000000	0.297134	0.609620	0.093140	0.000000	0.000000	0.000028
278	0.000068	0.000000	0.000000	0.296945	0.609818	0.093144	0.000000	0.000000	0.000025
279	0.000068	0.000000	0.000000	0.297222	0.609722	0.092965	0.000000	0.000000	0.000023
280	0.000061	0.000000	0.000000	0.297153	0.609651	0.093114	0.000000	0.000000	0.000021
281	0.000062	0.000000	0.000000	0.297176	0.609785	0.092965	0.000000	0.000000	0.000012
282	0.000050	0.000000	0.000000	0.297181	0.610161	0.092600	0.000000	0.000000	0.000008
283	0.000047	0.000000	0.000000	0.297151	0.609991	0.092801	0.000000	0.000000	0.000010
284	0.000045	0.000000	0.000000	0.297282	0.610212	0.092454	0.000000	0.000000	0.000007
285	0.000053	0.000000	0.000000	0.297407	0.609915	0.092617	0.000000	0.000000	0.000008
286	0.000054	0.000000	0.000000	0.297412	0.609904	0.092624	0.000000	0.000000	0.000006
287	0.000051	0.000000	0.000000	0.297656	0.609806	0.092484	0.000000	0.000000	0.000003
288	0.000044	0.000000	0.000000	0.298100	0.609350	0.092505	0.000000	0.000000	0.000001
289	0.000046	0.000000	0.000000	0.297595	0.609349	0.093009	0.000000	0.000000	0.000001
290	0.000042	0.000000	0.000000	0.297560	0.609307	0.093091	0.000000	0.000000	0.000000
291	0.000035	0.000000	0.000000	0.297908	0.609319	0.092738	0.000000	0.000000	0.000000
292	0.000029	0.000000	0.000000	0.297617	0.609457	0.092897	0.000000	0.000000	0.000000
293	0.000027	0.000000	0.000000	0.297421	0.609384	0.093168	0.000000	0.000000	0.000000
294	0.000023	0.000000	0.000000	0.297184	0.609296	0.093497	0.000000	0.000000	0.000000
295	0.000022	0.000000	0.000000	0.296206	0.609741	0.094031	0.000000	0.000000	0.000000
296	0.000029	0.000000	0.000000	0.296663	0.610133	0.093175	0.000000	0.000000	0.000000
297	0.000034	0.000000	0.000000	0.296424	0.610164	0.093378	0.000000	0.000000	0.000000
298	0.000033	0.000000	0.000000	0.296300	0.610135	0.093532	0.000000	0.000000	0.000000
299	0.000028	0.000000	0.000000	0.296593	0.609844	0.093535	0.000000	0.000000	0.000000
300	0.000027	0.000000	0.000000	0.296099	0.610288	0.093586	0.000000	0.000000	0.000000
301	0.000028	0.000000	0.000000	0.295780	0.610459	0.093733	0.000000	0.000000	0.000000
302	0.000033	0.000000	0.000000	0.295882	0.610427	0.093658	0.000000	0.000000	0.000000
303	0.000026	0.000000	0.000000	0.295890	0.610734	0.093350	0.000000	0.000000	0.000000
304	0.000025	0.000000	0.000000	0.295693	0.610656	0.093626	0.000000	0.000000	0.000000
305	0.000028	0.000000	0.000000	0.295863	0.610652	0.093457	0.000000	0.000000	0.000000
306	0.000020	0.000000	0.000000	0.295992	0.610707	0.093281	0.000000	0.000000	0.000000
307	0.000024	0.000000	0.000000	0.296087	0.610594	0.093295	0.000000	0.000000	0.000000
308	0.000021	0.000000	0.000000	0.296423	0.610255	0.093301	0.000000	0.000000	0.000000
309	0.000025	0.000000	0.000000	0.296555	0.609988	0.093432	0.000000	0.000000	0.000000
310	0.000026	0.000000	0.000000	0.296566	0.610208	0.093200	0.000000	0.000000	0.000000
311	0.000025	0.000000	0.000000	0.296379	0.610218	0.093378	0.000000	0.000000	0.000000
312	0.000029	0.000000	0.000000	0.296677	0.609494	0.093800	0.000000	0.000000	0.000000
313	0.000033	0.000000	0.000000	0.296556	0.609452	0.093959	0.000000	0.000000	0.000000
314	0.000033	0.000000	0.000000	0.296838	0.609697	0.093432	0.000000	0.000000	0.000000
315	0.000028	0.000000	0.000000	0.297133	0.609117	0.093722	0.000000	0.000000	0.000000
316	0.000023	0.000000	0.000000	0.297289	0.608694	0.093994	0.000000	0.000000	0.000000
317	0.000018	0.000000	0.000000	0.296348	0.609571	0.094063	0.000000	0.000000	0.000000
318	0.000015	0.000000	0.000000	0.295774	0.610394	0.093817	0.000000	0.000000	0.000000
319	0.000009	0.000000	0.000000	0.295244	0.610729	0.094018	0.000000	0.000000	0.000000
320	0.000008	0.000000	0.000000	0.295797	0.610166	0.094029	0.000000	0.000000	0.000000
321	0.000008	0.000000	0.000000	0.295796	0.610353	0.093843	0.000000	0.000000	0.000000
322	0.000009	0.000000	0.000000	0.295688	0.610584	0.093719	0.000000	0.000000	0.000000
323	0.000010	0.000000	0.000000	0.295470	0.611021	0.093499	0.000000	0.000000	0.000000
324	0.000006	0.000000	0.000000	0.295198	0.611079	0.093717	0.000000	0.000000	0.000000
325	0.000008	0.000000	0.000000	0.294710	0.611601	0.093681	0.000000	0.000000	0.000000
326	0.000006	0.000000	0.000000	0.294802	0.611257	0.093935	0.000000	0.000000	0.000000
327	0.000004	0.000000	0.000000	0.294539	0.611684	0.093773	0.000000	0.000000	0.000000
328	0.000001	0.000000	0.000000	0.294858	0.611655	0.093486	0.000000	0.000000	0.000000
329	0.000000	0.000000	0.000000	0.294823	0.611349	0.093828	0.000000	0.000000	0.000000
330	0.000000	0.000000	0.000000	0.294814	0.611685	0.093501	0.000000	0.000000	0.000000
331	0.000000	0.000000	0.000000	0.294904	0.611579	0.093517	0.000000	0.000000	0.000000
332	0.000000	0.000000	0.000000	0.294680	0.611528	0.093792	0.000000	0.000000	0.000000
333	0.000000	0.000000	0.000000	0.294267	0.611896	0.093837	0.000000	0.000000	0.000000
334	0.000000	0.000000	0.000000	0.294025	0.612053	0.093922	0.000000	0.000000	0.000000
335	0.000000	0.000000	0.000000	0.294341	0.611599	0.094060	0.000000	0.000000	0.000000
336	0.000000	0.000000	0.000000	0.294191	0.611774	0.094035	0.000000	0.000000	0.000000
337	0.000000	0.000000	0.000000	0.294012	0.611803	0.094185	0.000000	0.000000	0.000000
338	0.000000	0.000000	0.000000	0.293524	0.612432	0.094044	0.000000	0.000000	0.000000
339	0.000000	0.000000	0.000000	0.293592	0.612586	0.093822	0.000000	0.000000	0.000000
340	0.000000	0.000000	0.000000	0.294020	0.612001	0.093979	0.000000	0.000000	0.000000
341	0.000000	0.000000	0.000000	0.294159	0.612034	0.093807	0.000000	0.000000	0.000000
342	0.000000	0.000000	0.000000	0.294226	0.612007	0.093767	0.000000	0.000000	0.000000
343	0.000000	0.000000	0.000000	0.294180	0.612010	0.093810	0.000000	0.000000	0.000000
344	0.000000	0.000000	0.000000	0.294589	0.612038	0.093373	0.000000	0.000000	0.000000
345	0.000000	0.000000	0.000000	0.293787	0.612698	0.093515	0.000000	0.000000	0.000000
346	0.000000	0.000000	0.000000	0.293969	0.612219	0.093812	0.000000	0.000000	0.000000
347	0.000000	0.000000	0.000000	0.294458	0.611395	0.094147	0.000000	0.000000	0.000000
348	0.000000	0.000000	0.000000	0.294590	0.611337	0.094073	0.000000	0.000000	0.000000
349	0.000000	0.000000	0.000000	0.294674	0.611271	0.094055	0.000000	0.000000	0.000000
350	0.000000	0.000000	0.000000	0.294402	0.611237	0.094361	0.000000	0.000000	0.000000
351	0.000000	0.000000	0.000000	0.294320	0.610938	0.094742	0.000000	0.000000	0.000000
352	0.000000	0.000000	0.000000	0.294077	0.611492	0.094431	0.000000	0.000000	0.000000
353	0.000000	0.000000	0.000000	0.293989	0.611788	0.094223	0.000000	0.000000	0.000000
354	0.000000	0.000000	0.000000	0.294029	0.611496	0.094475	0.000000	0.000000	0.000000
355	0.000000	0.000000	0.000000	0.294098	0.611567	0.094335	0.000000	0.000000	0.000000
356	0.000000	0.000000	0.000000	0.293747	0.611654	0.094599	0.000000	0.000000	0.000000
357	0.000000	0.000000	0.000000	0.293319	0.611927	0.094754	0.000000	0.000000	0.000000
358	0.000000	0.000000	0.000000	0.293965	0.611000	0.095035	0.000000	0.000000	0.000000
359	0.000000	0.000000	0.000000	0.293851	0.611137	0.095012	0.000000	0.000000	0.000000
360	0.000000	0.000000	0.000000	0.294434	0.610282	0.095284	0.000000	0.000000	0.000000
361	0.000000	0.000000	0.000000	0.294520	0.609822	0.095658	0.000000	0.000000	0.000000
362	0.000000	0.000000	0.000000	0.294644	0.609824	0.095532	0.000000	0.000000	0.000000
363	0.000000	0.000000	0.000000	0.294721	0.609665	0.095614	0.000000	0.000000	0.000000
364	0.000000	0.000000	0.000000	0.294761	0.609226	0.096013	0.000000	0.000000	0.000000
365	0.000000	0.000000	0.000000	0.294410	0.609791	0.095799	0.000000	0.000000	0.000000
366	0.000000	0.000000	0.000000	0.294368	0.609431	0.096201	0.000000	0.000000	0.000000
367	0.000000	0.000000	0.000000	0.293899	0.610348	0.095753	0.000000	0.000000	0.000000
368	0.000000	0.000000	0.000000	0.293906	0.609747	0.096347	0.000000	0.000000	0.000000
369	0.000000	0.000000	0.000000	0.294210	0.609832	0.095958	0.000000	0.000000	0.000000
370	0.000000	0.000000	0.000000	0.294237	0.609725	0.096038	0.000000	0.000000	0.000000
371	0.000000	0.000000	0.000000	0.293871	0.609905	0.096224	0.000000	0.000000	0.000000
372	0.000000	0.000000	0.000000	0.293734	0.610334	0.095932	0.000000	0.000000	0.000000
373	0.000000	0.000000	0.000000	0.294041	0.610254	0.095705	0.000000	0.000000	0.000000
374	0.000000	0.000000	0.000000	0.294006	0.609838	0.096156	0.000000	0.000000	0.000000
375	0.000000	0.000000	0.000000	0.294677	0.609562	0.095761	0.000000	0.000000	0.000000
376	0.000000	0.000000	0.000000	0.294613	0.609138	0.096249	0.000000	0.000000	0.000000
377	0.000000	0.000000	0.000000	0.294555	0.609363	0.096082	0.000000	0.000000	0.000000
378	0.000000	0.000000	0.000000	0.294040	0.609496	0.096464	0.000000	0.000000	0.000000
379	0.000000	0.000000	0.000000	0.294445	0.609133	0.096422	0.000000	0.000000	0.000000
380	0.000000	0.000000	0.000000	0.294088	0.609406	0.096506	0.000000	0.000000	0.000000
381	0.000000	0.000000	0.000000	0.293664	0.609768	0.096568	0.000000	0.000000	0.000000
382	0.000000	0.000000	0.000000	0.294104	0.609548	0.096348	0.000000	0.000000	0.000000
383	0.000000	0.000000	0.000000	0.293828	0.609539	0.096633	0.000000	0.000000	0.000000
384	0.000000	0.000000	0.000000	0.293230	0.610407	0.096363	0.000000	0.000000	0.000000
385	0.000000	0.000000	0.000000	0.293525	0.609772	0.096703	0.000000	0.000000	0.000000
386	0.000000	0.000000	0.000000	0.293195	0.610113	0.096692	0.000000	0.000000	0.000000
387	0.000000	0.000000	0.000000	0.292878	0.610359	0.096763	0.000000	0.000000	0.000000
388	0.000000	0.000000	0.000000	0.293323	0.610004	0.096673	0.000000	0.000000	0.000000
389	0.000000	0.000000	0.000000	0.293392	0.609824	0.096784	0.000000	0.000000	0.000000
390	0.000000	0.000000	0.000000	0.293233	0.610019	0.096748	0.000000	0.000000	0.000000
391	0.000000	0.000000	0.000000	0.293163	0.610452	0.096385	0.000000	0.000000	0.000000
392	0.000000	0.000000	0.000000	0.292714	0.610914	0.096372	0.000000	0.000000	0.000000
393	0.000000	0.000000	0.000000	0.292935	0.610680	0.096385	0.000000	0.000000	0.000000
394	0.000000	0.000000	0.000000	0.293263	0.609935	0.096802	0.000000	0.000000	0.000000
395	0.000000	0.000000	0.000000	0.292940	0.610749	0.096311	0.000000	0.000000	0.000000
396	0.000000	0.000000	0.000000	0.293156	0.610444	0.096400	0.000000	0.000000	0.000000
397	0.000000	0.000000	0.000000	0.291963	0.611594	0.096443	0.000000	0.000000	0.000000
398	0.000000	0.000000	0.000000	0.291563	0.611761	0.096676	0.000000	0.000000	0.000000
399	0.000000	0.000000	0.000000	0.291947	0.611146	0.096907	0.000000	0.000000	0.000000
400	0.000000	0.000000	0.000000	0.291663	0.611915	0.096422	0.000000	0.000000	0.000000
401	0.000000	0.000000	0.000000	0.291232	0.612206	0.096562	0.000000	0.000000	0.000000
402	0.000000	0.000000	0.000000	0.291304	0.611781	0.096915	0.000000	0.000000	0.000000
403	0.000000	0.000000	0.000000	0.290828	0.612290	0.096882	0.000000	0.000000	0.000000
404	0.000000	0.000000	0.000000	0.291043	0.612575	0.096382	0.000000	0.000000	0.000000
405	0.000000	0.000000	0.000000	0.290983	0.612507	0.096510	0.000000	0.000000	0.000000
406	0.000000	0.000000	0.000000	0.291007	0.612555	0.096438	0.000000	0.000000	0.000000
407	0.000000	0.000000	0.000000	0.291685	0.611927	0.096388	0.000000	0.000000	0.000000
408	0.000000	0.000000	0.000000	0.291736	0.611803	0.096461	0.000000	0.000000	0.000000
409	0.000000	0.000000	0.000000	0.291345	0.612358	0.096297	0.000000	0.000000	0.000000
410	0.000000	0.000000	0.000000	0.290551	0.612900	0.096549	0.000000	0.000000	0.000000
411	0.000000	0.000000	0.000000	0.290618	0.612742	0.096640	0.000000	0.000000	0.000000
412	0.000000	0.000000	0.000000	0.290130	0.613066	0.096804	0.000000	0.000000	0.000000
413	0.000000	0.000000	0.000000	0.289788	0.613296	0.096916	0.000000	0.000000	0.000000
414	0.000000	0.000000	0.000000	0.289357	0.614097	0.096546	0.000000	0.000000	0.000000
415	0.000000	0.000000	0.000000	0.289453	0.613647	0.096900	0.000000	0.000000	0.000000
416	0.000000	0.000000	0.000000	0.289352	0.614320	0.096328	0.000000	0.000000	0.000000
417	0.000000	0.000000	0.000000	0.288748	0.615000	0.096252	0.000000	0.000000	0.000000
418	0.000000	0.000000	0.000000	0.288604	0.615265	0.096131	0.000000	0.000000	0.000000
419	0.000000	0.000000	0.000000	0.288015	0.615659	0.096326	0.000000	0.000000	0.000000
420	0.000000	0.000000	0.000000	0.287972	0.615763	0.096265	0.000000	0.000000	0.000000
421	0.000000	0.000000	0.000000	0.287598	0.616659	0.095743	0.000000	0.000000	0.000000
422	0.000000	0.000000	0.000000	0.287478	0.616846	0.095676	0.000000	0.000000	0.000000
423	0.000000	0.000000	0.000000	0.286996	0.617367	0.095637	0.000000	0.000000	0.000000
424	0.000000	0.000000	0.000000	0.287198	0.617239	0.095563	0.000000	0.000000	0.000000
425	0.000000	0.000000	0.000000	0.287435	0.616757	0.095808	0.000000	0.000000	0.000000
426	0.000000	0.000000	0.000000	0.286608	0.617325	0.096067	0.000000	0.000000	0.000000
427	0.000000	0.000000	0.000000	0.287038	0.616742	0.096220	0.000000	0.000000	0.000000
428	0.000000	0.000000	0.000000	0.286733	0.617074	0.096193	0.000000	0.000000	0.000000
429	0.000000	0.000000	0.000000	0.285991	0.617445	0.096564	0.000000	0.000000	0.000000
430	0.000000	0.000000	0.000000	0.285453	0.617583	0.096964	0.000000	0.000000	0.000000
431	0.000000	0.000000	0.000000	0.285263	0.617939	0.096798	0.000000	0.000000	0.000000
432	0.000000	0.000000	0.000000	0.285537	0.617790	0.096673	0.000000	0.000000	0.000000
433	0.000000	0.000000	0.000000	0.285341	0.618276	0.096383	0.000000	0.000000	0.000000
434	0.000000	0.000000	0.000000	0.285284	0.617959	0.096757	0.000000	0.000000	0.000000
435	0.000000	0.000000	0.000000	0.284741	0.618161	0.097098	0.000000	0.000000	0.000000
436	0.000000	0.000000	0.000000	0.284675	0.618639	0.096686	0.000000	0.000000	0.000000
437	0.000000	0.000000	0.000000	0.284736	0.618585	0.096679	0.000000	0.000000	0.000000
438	0.000000	0.000000	0.000000	0.285030	0.618139	0.096831	0.000000	0.000000	0.000000
439	0.000000	0.000000	0.000000	0.284778	0.618451	0.096771	0.000000	0.000000	0.000000
440	0.000000	0.000000	0.000000	0.284821	0.618607	0.096572	0.000000	0.000000	0.000000
441	0.000000	0.000000	0.000000	0.285525	0.617714	0.096761	0.000000	0.000000	0.000000
442	0.000000	0.000000	0.000000	0.285365	0.617731	0.096904	0.000000	0.000000	0.000000
443	0.000000	0.000000	0.000000	0.285298	0.617295	0.097407	0.000000	0.000000	0.000000
444	0.000000	0.000000	0.000000	0.285070	0.617853	0.097077	0.000000	0.000000	0.000000
445	0.000000	0.000000	0.000000	0.284719	0.618406	0.096875	0.000000	0.000000	0.000000
446	0.000000	0.000000	0.000000	0.283602	0.618877	0.097521	0.000000	0.000000	0.000000
447	0.000000	0.000000	0.000000	0.283920	0.618882	0.097198	0.000000	0.000000	0.000000
448	0.000000	0.000000	0.000000	0.283746	0.618913	0.097341	0.000000	0.000000	0.000000
449	0.000000	0.000000	0.000000	0.283770	0.619193	0.097037	0.000000	0.000000	0.000000
450	0.000000	0.000000	0.000000	0.283887	0.619026	0.097087	0.000000	0.000000	0.000000
451	0.000000	0.000000	0.000000	0.283625	0.619093	0.097282	0.000000	0.000000	0.000000
452	0.000000	0.000000	0.000000	0.283620	0.619031	0.097349	0.000000	0.000000	0.000000
453	0.000000	0.000000	0.000000	0.284317	0.618348	0.097335	0.000000	0.000000	0.000000
454	0.000000	0.000000	0.000000	0.284472	0.618195	0.097333	0.000000	0.000000	0.000000
455	0.000000	0.000000	0.000000	0.284626	0.617955	0.097419	0.000000	0.000000	0.000000
456	0.000000	0.000000	0.000000	0.284412	0.618256	0.097332	0.000000	0.000000	0.000000
457	0.000000	0.000000	0.000000	0.284113	0.618199	0.097688	0.000000	0.000000	0.000000
458	0.000000	0.000000	0.000000	0.284421	0.617911	0.097668	0.000000	0.000000	0.000000
459	0.000000	0.000000	0.000000	0.283919	0.619050	0.097031	0.000000	0.000000	0.000000
460	0.000000	0.000000	0.000000	0.283877	0.619325	0.096798	0.000000	0.000000	0.000000
461	0.000000	0.000000	0.000000	0.283928	0.618986	0.097086	0.000000	0.000000	0.000000
462	0.000000	0.000000	0.000000	0.283672	0.619134	0.097194	0.000000	0.000000	0.000000
463	0.000000	0.000000	0.000000	0.283768	0.619068	0.097164	0.000000	0.000000	0.000000
464	0.000000	0.000000	0.000000	0.283027	0.619989	0.096984	0.000000	0.000000	0.000000
465	0.000000	0.000000	0.000000	0.283001	0.619760	0.097239	0.000000	0.000000	0.000000
466	0.000000	0.000000	0.000000	0.283054	0.619936	0.097010	0.000000	0.000000	0.000000
467	0.000000	0.000000	0.000000	0.283331	0.619759	0.096910	0.000000	0.000000	0.000000
468	0.000000	0.000000	0.000000	0.283657	0.619603	0.096740	0.000000	0.000000	0.000000
469	0.000000	0.000000	0.000000	0.283709	0.619346	0.096945	0.000000	0.000000	0.000000
470	0.000000	0.000000	0.000000	0.284078	0.618811	0.097111	0.000000	0.000000	0.000000
