0	0.290663	0.057897	0.229473	0.157588	0.029913	0.111872	0.085455	0.012259	0.024880
1	0.249893	0.052016	0.215564	0.124701	0.025850	0.108304	0.113443	0.022086	0.088143
2	0.266836	0.054844	0.227994	0.107487	0.023345	0.094164	0.109707	0.021303	0.094320
3	0.289164	0.058272	0.240475	0.092979	0.021190	0.080450	0.101792	0.019872	0.095806
4	0.311681	0.061724	0.250535	0.079911	0.019737	0.068061	0.093914	0.018082	0.096355
5	0.333313	0.065103	0.258396	0.068745	0.018264	0.057377	0.086042	0.016503	0.096257
6	0.354004	0.068078	0.265562	0.058556	0.017010	0.048092	0.078088	0.015230	0.095380
7	0.373355	0.070323	0.271201	0.049794	0.015882	0.040107	0.070967	0.013681	0.094690
8	0.391949	0.072408	0.275078	0.042084	0.014949	0.033422	0.064167	0.012406	0.093537
9	0.409513	0.074571	0.277400	0.035545	0.013942	0.027662	0.057944	0.011064	0.092359
10	0.425124	0.076068	0.279674	0.030160	0.012908	0.023166	0.052082	0.009949	0.090869
11	0.439240	0.077435	0.281328	0.025446	0.012247	0.019233	0.046786	0.009048	0.089237
12	0.452726	0.079366	0.282091	0.020996	0.011405	0.015694	0.041928	0.008190	0.087604
13	0.465304	0.080629	0.281134	0.017795	0.010537	0.013230	0.037738	0.007435	0.086198
14	0.477136	0.081667	0.280164	0.015038	0.009980	0.010909	0.034067	0.006697	0.084342
15	0.487661	0.082469	0.279281	0.012443	0.009256	0.009087	0.030798	0.006045	0.082960
16	0.496675	0.083824	0.277637	0.010642	0.008741	0.007542	0.027854	0.005572	0.081513
17	0.505919	0.084548	0.276291	0.008974	0.008094	0.006240	0.025053	0.004895	0.079986
18	0.514201	0.085433	0.274427	0.007686	0.007656	0.005261	0.022633	0.004586	0.078117
19	0.521490	0.085845	0.272959	0.006510	0.007355	0.004338	0.020707	0.004110	0.076686
20	0.528184	0.086443	0.271239	0.005522	0.006907	0.003659	0.018673	0.003811	0.075562
21	0.534331	0.086810	0.270003	0.004747	0.006581	0.003125	0.016884	0.003464	0.074055
22	0.540040	0.087381	0.268224	0.003998	0.006268	0.002743	0.015274	0.003158	0.072914
23	0.545902	0.088262	0.266161	0.003463	0.006006	0.002232	0.013824	0.002863	0.071287
24	0.550801	0.088767	0.264378	0.003042	0.005766	0.001860	0.012519	0.002598	0.070269
25	0.556040	0.089416	0.262184	0.002650	0.005539	0.001589	0.011530	0.002492	0.068560
26	0.561043	0.089665	0.259952	0.002268	0.005224	0.001359	0.010393	0.002269	0.067827
27	0.565641	0.090070	0.257737	0.001993	0.005023	0.001177	0.009551	0.002079	0.066729
28	0.570100	0.090402	0.255913	0.001800	0.004735	0.000987	0.008763	0.001884	0.065416
29	0.574442	0.090602	0.253876	0.001533	0.004505	0.000854	0.008080	0.001720	0.064388
30	0.578329	0.090755	0.252226	0.001382	0.004335	0.000748	0.007414	0.001547	0.063264
31	0.582801	0.090979	0.249757	0.001221	0.004142	0.000609	0.006879	0.001515	0.062097
32	0.586640	0.091292	0.247555	0.001069	0.003995	0.000565	0.006371	0.001352	0.061161
33	0.589760	0.091748	0.245667	0.000925	0.003772	0.000528	0.005824	0.001263	0.060513
34	0.592998	0.092192	0.243881	0.000839	0.003676	0.000493	0.005275	0.001126	0.059520
35	0.596428	0.092102	0.242141	0.000744	0.003540	0.000410	0.004847	0.001027	0.058761
36	0.599960	0.092582	0.239896	0.000638	0.003413	0.000372	0.004482	0.000942	0.057715
37	0.602792	0.092968	0.238082	0.000575	0.003192	0.000362	0.004200	0.000860	0.056969
38	0.605314	0.093524	0.236713	0.000560	0.003214	0.000298	0.003817	0.000853	0.055707
39	0.608426	0.093585	0.234883	0.000482	0.003066	0.000248	0.003525	0.000757	0.055028
40	0.611234	0.093944	0.233306	0.000438	0.002974	0.000207	0.003232	0.000693	0.053972
41	0.613777	0.094430	0.231240	0.000411	0.002969	0.000193	0.002992	0.000685	0.053303
42	0.615740	0.095014	0.230275	0.000382	0.002877	0.000191	0.002721	0.000608	0.052192
43	0.618165	0.094955	0.228639	0.000367	0.002923	0.000171	0.002580	0.000577	0.051623
44	0.620921	0.095070	0.227044	0.000345	0.002773	0.000147	0.002411	0.000477	0.050812
45	0.623360	0.095010	0.225755	0.000324	0.002744	0.000140	0.002133	0.000486	0.050048
46	0.626132	0.095149	0.224202	0.000257	0.002676	0.000140	0.002022	0.000427	0.048995
47	0.627665	0.095649	0.223452	0.000249	0.002571	0.000127	0.001839	0.000402	0.048046
48	0.630385	0.095604	0.221940	0.000212	0.002478	0.000126	0.001671	0.000362	0.047222
49	0.632738	0.095986	0.220328	0.000217	0.002417	0.000105	0.001581	0.000331	0.046297
50	0.634489	0.095914	0.219676	0.000222	0.002336	0.000099	0.001467	0.000284	0.045513
51	0.636577	0.095966	0.218587	0.000202	0.002298	0.000100	0.001272	0.000248	0.044750
52	0.638615	0.096411	0.217422	0.000188	0.002323	0.000077	0.001227	0.000229	0.043508
53	0.640439	0.096592	0.216189	0.000187	0.002349	0.000083	0.001162	0.000218	0.042781
54	0.642396	0.096456	0.215367	0.000176	0.002295	0.000069	0.001007	0.000193	0.042041
55	0.644490	0.096809	0.214041	0.000166	0.002229	0.000060	0.000995	0.000195	0.041015
56	0.647050	0.096719	0.212462	0.000156	0.002197	0.000057	0.000837	0.000142	0.040380
57	0.648269	0.096893	0.211730	0.000129	0.002142	0.000060	0.000787	0.000127	0.039863
58	0.650385	0.097223	0.209964	0.000125	0.002128	0.000073	0.000728	0.000099	0.039275
59	0.652276	0.097645	0.208506	0.000120	0.002063	0.000070	0.000698	0.000083	0.038539
60	0.653931	0.097609	0.207587	0.000109	0.002131	0.000061	0.000663	0.000094	0.037815
61	0.655403	0.097999	0.206921	0.000095	0.002042	0.000058	0.000588	0.000082	0.036812
62	0.656252	0.098204	0.206433	0.000077	0.002041	0.000046	0.000576	0.000066	0.036305
63	0.657865	0.098560	0.205361	0.000074	0.001957	0.000048	0.000539	0.000068	0.035528
64	0.658909	0.098760	0.204677	0.000071	0.001964	0.000058	0.000479	0.000063	0.035019
65	0.661243	0.098588	0.203445	0.000072	0.001894	0.000053	0.000471	0.000059	0.034175
66	0.662579	0.099040	0.202395	0.000057	0.001889	0.000055	0.000433	0.000057	0.033495
67	0.664127	0.099269	0.201261	0.000047	0.001861	0.000061	0.000396	0.000063	0.032915
68	0.665716	0.099344	0.200338	0.000046	0.001841	0.000050	0.000350	0.000048	0.032267
69	0.667473	0.099525	0.199216	0.000052	0.001867	0.000050	0.000338	0.000045	0.031434
70	0.668821	0.099708	0.198253	0.000046	0.001847	0.000038	0.000308	0.000041	0.030938
71	0.670541	0.099503	0.197542	0.000053	0.001855	0.000040	0.000296	0.000039	0.030131
72	0.671664	0.099547	0.197088	0.000042	0.001805	0.000029	0.000258	0.000027	0.029540
73	0.672806	0.099615	0.196423	0.000037	0.001784	0.000031	0.000237	0.000024	0.029043
74	0.673612	0.099976	0.195784	0.000032	0.001795	0.000026	0.000225	0.000027	0.028523
75	0.674578	0.100244	0.195294	0.000037	0.001764	0.000017	0.000212	0.000020	0.027834
76	0.676521	0.100093	0.194142	0.000023	0.001762	0.000018	0.000211	0.000021	0.027209
77	0.677843	0.100337	0.193251	0.000027	0.001732	0.000013	0.000206	0.000017	0.026574
78	0.678367	0.100318	0.193365	0.000026	0.001732	0.000009	0.000178	0.000020	0.025985
79	0.679478	0.100386	0.192623	0.000032	0.001745	0.000011	0.000204	0.000018	0.025503
80	0.680405	0.100688	0.192035	0.000028	0.001700	0.000018	0.000171	0.000012	0.024943
81	0.681051	0.100997	0.191716	0.000016	0.001778	0.000022	0.000154	0.000012	0.024254
82	0.681929	0.101335	0.190949	0.000021	0.001772	0.000017	0.000147	0.000010	0.023820
83	0.683542	0.101081	0.190021	0.000023	0.001721	0.000019	0.000138	0.000006	0.023449
84	0.684179	0.101527	0.189503	0.000022	0.001701	0.000019	0.000114	0.000004	0.022931
85	0.685220	0.101754	0.188648	0.000018	0.001650	0.000022	0.000085	0.000011	0.022592
86	0.685960	0.101852	0.188496	0.000016	0.001657	0.000011	0.000097	0.000011	0.021900
87	0.686898	0.101763	0.188013	0.000016	0.001656	0.000013	0.000097	0.000008	0.021536
88	0.687846	0.101582	0.187695	0.000019	0.001702	0.000013	0.000103	0.000007	0.021033
89	0.688990	0.101579	0.187038	0.000025	0.001678	0.000008	0.000105	0.000007	0.020570
90	0.689150	0.101838	0.186931	0.000024	0.001700	0.000008	0.000083	0.000009	0.020257
91	0.689804	0.102358	0.186387	0.000016	0.001665	0.000007	0.000082	0.000009	0.019672
92	0.690328	0.102686	0.185969	0.000015	0.001610	0.000005	0.000087	0.000008	0.019292
93	0.691351	0.102669	0.185468	0.000011	0.001632	0.000003	0.000079	0.000006	0.018781
94	0.692735	0.102715	0.184344	0.000012	0.001609	0.000002	0.000075	0.000007	0.018501
95	0.693054	0.102919	0.184143	0.000013	0.001660	0.000005	0.000073	0.000006	0.018127
96	0.694046	0.102711	0.183575	0.000008	0.001641	0.000002	0.000071	0.000003	0.017943
97	0.694694	0.102724	0.183241	0.000008	0.001631	0.000009	0.000066	0.000002	0.017625
98	0.694971	0.102683	0.183313	0.000010	0.001653	0.000005	0.000050	0.000002	0.017313
99	0.695599	0.102747	0.183103	0.000012	0.001598	0.000005	0.000058	0.000002	0.016876
100	0.695944	0.103005	0.182839	0.000012	0.001623	0.000010	0.000057	0.000005	0.016505
101	0.696653	0.103432	0.182000	0.000008	0.001613	0.000007	0.000053	0.000000	0.016234
102	0.697606	0.103645	0.181356	0.000008	0.001559	0.000006	0.000041	0.000001	0.015778
103	0.697919	0.103990	0.181057	0.000008	0.001588	0.000010	0.000040	0.000001	0.015387
104	0.697976	0.104134	0.181063	0.000011	0.001608	0.000010	0.000039	0.000000	0.015159
105	0.698419	0.104059	0.180820	0.000009	0.001597	0.000012	0.000032	0.000001	0.015051
106	0.698870	0.104391	0.180435	0.000010	0.001575	0.000010	0.000021	0.000000	0.014688
107	0.698939	0.104478	0.180613	0.000005	0.001548	0.000014	0.000037	0.000000	0.014366
108	0.699735	0.104444	0.180211	0.000008	0.001553	0.000015	0.000036	0.000000	0.013998
109	0.701035	0.104180	0.179386	0.000005	0.001523	0.000014	0.000033	0.000000	0.013824
110	0.702190	0.103962	0.178813	0.000004	0.001535	0.000015	0.000036	0.000000	0.013445
111	0.702467	0.104162	0.178780	0.000002	0.001456	0.000014	0.000027	0.000000	0.013092
112	0.702860	0.104321	0.178499	0.000002	0.001363	0.000014	0.000029	0.000000	0.012912
113	0.702992	0.104282	0.178710	0.000002	0.001396	0.000016	0.000033	0.000000	0.012569
114	0.703523	0.104660	0.178128	0.000001	0.001368	0.000014	0.000021	0.000000	0.012285
115	0.704395	0.104534	0.177579	0.000001	0.001381	0.000017	0.000023	0.000000	0.012070
116	0.705109	0.104292	0.177573	0.000000	0.001414	0.000015	0.000021	0.000000	0.011576
117	0.705315	0.104590	0.177199	0.000001	0.001357	0.000013	0.000023	0.000000	0.011502
118	0.706199	0.104495	0.176621	0.000001	0.001381	0.000015	0.000019	0.000000	0.011269
119	0.707723	0.104343	0.175570	0.000001	0.001409	0.000011	0.000011	0.000000	0.010932
120	0.708513	0.104195	0.175222	0.000000	0.001375	0.000014	0.000013	0.000000	0.010668
121	0.709046	0.104037	0.174915	0.000000	0.001470	0.000013	0.000012	0.000000	0.010507
122	0.709495	0.103777	0.174864	0.000000	0.001446	0.000014	0.000013	0.000000	0.010391
123	0.710120	0.104173	0.174242	0.000000	0.001337	0.000013	0.000009	0.000000	0.010106
124	0.710101	0.104243	0.174385	0.000000	0.001325	0.000015	0.000012	0.000000	0.009919
125	0.711207	0.104185	0.173739	0.000000	0.001307	0.000011	0.000013	0.000000	0.009538
126	0.711224	0.104107	0.173984	0.000000	0.001315	0.000017	0.000014	0.000000	0.009339
127	0.711973	0.104142	0.173380	0.000000	0.001342	0.000013	0.000010	0.000000	0.009140
128	0.712012	0.104729	0.173082	0.000000	0.001304	0.000013	0.000012	0.000000	0.008848
129	0.712548	0.104415	0.173001	0.000000	0.001324	0.000010	0.000014	0.000000	0.008688
130	0.712895	0.104638	0.172659	0.000000	0.001325	0.000009	0.000016	0.000000	0.008458
131	0.712985	0.104915	0.172502	0.000000	0.001321	0.000005	0.000014	0.000000	0.008258
132	0.713328	0.105093	0.172156	0.000000	0.001295	0.000006	0.000014	0.000000	0.008108
133	0.713254	0.105342	0.172182	0.000000	0.001252	0.000004	0.000009	0.000000	0.007957
134	0.713416	0.105226	0.172345	0.000000	0.001226	0.000004	0.000005	0.000000	0.007778
135	0.714024	0.104969	0.172104	0.000000	0.001140	0.000002	0.000006	0.000000	0.007755
136	0.714879	0.105029	0.171471	0.000000	0.001093	0.000002	0.000008	0.000000	0.007518
137	0.714954	0.105046	0.171556	0.000000	0.001110	0.000003	0.000006	0.000000	0.007325
138	0.715496	0.104659	0.171569	0.000000	0.001100	0.000003	0.000005	0.000000	0.007168
139	0.715552	0.105004	0.171447	0.000000	0.001102	0.000003	0.000009	0.000000	0.006883
140	0.715452	0.104595	0.172223	0.000000	0.001016	0.000003	0.000007	0.000000	0.006704
141	0.716532	0.104348	0.171626	0.000000	0.001004	0.000003	0.000007	0.000000	0.006480
142	0.715818	0.104758	0.172006	0.000000	0.000969	0.000001	0.000010	0.000000	0.006438
143	0.716331	0.104790	0.171606	0.000000	0.000969	0.000002	0.000005	0.000000	0.006297
144	0.716237	0.105024	0.171629	0.000000	0.000952	0.000001	0.000006	0.000000	0.006151
145	0.716439	0.105083	0.171482	0.000000	0.000943	0.000001	0.000007	0.000000	0.006045
146	0.717345	0.104941	0.170894	0.000000	0.000893	0.000001	0.000004	0.000000	0.005922
147	0.717790	0.104768	0.170780	0.000000	0.000835	0.000002	0.000002	0.000000	0.005823
148	0.718134	0.104763	0.170570	0.000000	0.000834	0.000001	0.000002	0.000000	0.005696
149	0.718445	0.105154	0.169958	0.000000	0.000832	0.000000	0.000001	0.000000	0.005610
150	0.719126	0.105275	0.169302	0.000000	0.000802	0.000000	0.000002	0.000000	0.005493
151	0.719491	0.105055	0.169345	0.000000	0.000764	0.000000	0.000000	0.000000	0.005345
152	0.720067	0.104888	0.168974	0.000000	0.000740	0.000000	0.000002	0.000000	0.005329
153	0.720060	0.105023	0.168996	0.000000	0.000715	0.000000	0.000001	0.000000	0.005205
154	0.719993	0.105104	0.169147	0.000000	0.000693	0.000000	0.000002	0.000000	0.005061
155	0.720123	0.105295	0.168942	0.000000	0.000656	0.000000	0.000001	0.000000	0.004983
156	0.720026	0.105716	0.168707	0.000000	0.000645	0.000000	0.000000	0.000000	0.004906
157	0.720228	0.105406	0.168906	0.000000	0.000644	0.000000	0.000000	0.000000	0.004816
158	0.720237	0.105221	0.169192	0.000000	0.000638	0.000000	0.000000	0.000000	0.004712
159	0.720377	0.105538	0.168756	0.000000	0.000604	0.000000	0.000000	0.000000	0.004725
160	0.720481	0.105410	0.168861	0.000000	0.000591	0.000000	0.000000	0.000000	0.004657
161	0.719976	0.105692	0.169162	0.000000	0.000582	0.000000	0.000000	0.000000	0.004588
162	0.719789	0.105491	0.169724	0.000000	0.000561	0.000000	0.000000	0.000000	0.004435
163	0.720551	0.105146	0.169413	0.000000	0.000608	0.000000	0.000000	0.000000	0.004282
164	0.720257	0.105817	0.169080	0.000000	0.000601	0.000000	0.000000	0.000000	0.004245
165	0.720322	0.105620	0.169372	0.000000	0.000604	0.000000	0.000000	0.000000	0.004082
166	0.720573	0.105427	0.169384	0.000000	0.000592	0.000000	0.000000	0.000000	0.004024
167	0.720927	0.105415	0.169057	0.000000	0.000616	0.000000	0.000000	0.000000	0.003985
168	0.721015	0.105581	0.168922	0.000000	0.000587	0.000000	0.000000	0.000000	0.003895
169	0.721213	0.105817	0.168594	0.000000	0.000568	0.000000	0.000000	0.000000	0.003808
170	0.720829	0.105980	0.168801	0.000000	0.000557	0.000000	0.000000	0.000000	0.003833
171	0.721191	0.105997	0.168426	0.000000	0.000567	0.000000	0.000000	0.000000	0.003819
172	0.721148	0.105876	0.168642	0.000000	0.000559	0.000000	0.000000	0.000000	0.003775
173	0.721143	0.105960	0.168554	0.000000	0.000548	0.000000	0.000000	0.000000	0.003795
174	0.721773	0.105796	0.168243	0.000000	0.000528	0.000000	0.000000	0.000000	0.003660
175	0.721832	0.105599	0.168512	0.000000	0.000508	0.000000	0.000000	0.000000	0.003549
176	0.722057	0.105882	0.167975	0.000000	0.000499	0.000000	0.000000	0.000000	0.003587
177	0.721291	0.106505	0.168259	0.000000	0.000480	0.000000	0.000000	0.000000	0.003465
178	0.721426	0.106403	0.168226	0.000000	0.000501	0.000000	0.000000	0.000000	0.003444
179	0.721764	0.106258	0.168059	0.000000	0.000507	0.000000	0.000000	0.000000	0.003412
180	0.722722	0.106039	0.167392	0.000000	0.000543	0.000000	0.000000	0.000000	0.003304
181	0.722867	0.106313	0.167006	0.000000	0.000500	0.000000	0.000000	0.000000	0.003314
182	0.722629	0.106337	0.167277	0.000000	0.000524	0.000000	0.000000	0.000000	0.003233
183	0.722841	0.106122	0.167339	0.000000	0.000547	0.000000	0.000000	0.000000	0.003151
184	0.722294	0.106218	0.167801	0.000000	0.000540	0.000000	0.000000	0.000000	0.003147
185	0.722807	0.105810	0.167835	0.000000	0.000520	0.000000	0.000000	0.000000	0.003028
186	0.722860	0.105760	0.167856	0.000000	0.000534	0.000000	0.000000	0.000000	0.002990
187	0.723519	0.105756	0.167207	0.000000	0.000538	0.000000	0.000000	0.000000	0.002980
188	0.724152	0.105389	0.166988	0.000000	0.000540	0.000000	0.000000	0.000000	0.002931
189	0.724000	0.105850	0.166669	0.000000	0.000546	0.000000	0.000000	0.000000	0.002935
190	0.723993	0.105574	0.166979	0.000000	0.000542	0.000000	0.000000	0.000000	0.002912
191	0.724481	0.105253	0.166865	0.000000	0.000538	0.000000	0.000000	0.000000	0.002863
192	0.724610	0.105252	0.166756	0.000000	0.000543	0.000000	0.000000	0.000000	0.002839
193	0.724633	0.105225	0.166841	0.000000	0.000510	0.000000	0.000000	0.000000	0.002791
194	0.725128	0.104740	0.166872	0.000000	0.000525	0.000000	0.000000	0.000000	0.002735
195	0.724631	0.105120	0.167061	0.000000	0.000503	0.000000	0.000000	0.000000	0.002685
196	0.724481	0.105496	0.166746	0.000000	0.000533	0.000000	0.000000	0.000000	0.002744
197	0.724786	0.105371	0.166667	0.000000	0.000520	0.000000	0.000000	0.000000	0.002656
198	0.724911	0.105502	0.166379	0.000000	0.000519	0.000000	0.000000	0.000000	0.002689
199	0.725040	0.105584	0.166264	0.000000	0.000513	0.000000	0.000000	0.000000	0.002599
200	0.724837	0.105664	0.166452	0.000000	0.000505	0.000000	0.000000	0.000000	0.002542
201	0.724538	0.106275	0.166218	0.000000	0.000495	0.000000	0.000000	0.000000	0.002474
202	0.724618	0.106125	0.166318	0.000000	0.000505	0.000000	0.000000	0.000000	0.002434
203	0.724885	0.106317	0.165855	0.000000	0.000499	0.000000	0.000000	0.000000	0.002444
204	0.725318	0.106019	0.165746	0.000000	0.000478	0.000000	0.000000	0.000000	0.002439
205	0.725332	0.106101	0.165717	0.000000	0.000503	0.000000	0.000000	0.000000	0.002347
206	0.725407	0.105744	0.166104	0.000000	0.000487	0.000000	0.000000	0.000000	0.002258
207	0.725850	0.105613	0.165843	0.000000	0.000472	0.000000	0.000000	0.000000	0.002222
208	0.726042	0.104960	0.166386	0.000000	0.000473	0.000000	0.000000	0.000000	0.002139
209	0.726227	0.104682	0.166590	0.000000	0.000448	0.000000	0.000000	0.000000	0.002053
210	0.725509	0.104908	0.167064	0.000000	0.000467	0.000000	0.000000	0.000000	0.002052
211	0.725686	0.104824	0.166989	0.000000	0.000442	0.000000	0.000000	0.000000	0.002059
212	0.726000	0.104897	0.166704	0.000000	0.000415	0.000000	0.000000	0.000000	0.001984
213	0.725677	0.104999	0.166893	0.000000	0.000444	0.000000	0.000000	0.000000	0.001987
214	0.725404	0.105252	0.166977	0.000000	0.000407	0.000000	0.000000	0.000000	0.001960
215	0.726203	0.104775	0.166740	0.000000	0.000392	0.000000	0.000000	0.000000	0.001890
216	0.725274	0.105535	0.166995	0.000000	0.000380	0.000000	0.000000	0.000000	0.001816
217	0.725406	0.105419	0.167045	0.000000	0.000377	0.000000	0.000000	0.000000	0.001753
218	0.725727	0.105207	0.166975	0.000000	0.000356	0.000000	0.000000	0.000000	0.001735
219	0.725741	0.105046	0.167101	0.000000	0.000363	0.000000	0.000000	0.000000	0.001749
220	0.725335	0.105346	0.167281	0.000000	0.000325	0.000000	0.000000	0.000000	0.001713
221	0.725471	0.105365	0.167176	0.000000	0.000342	0.000000	0.000000	0.000000	0.001646
222	0.725881	0.105466	0.166640	0.000000	0.000330	0.000000	0.000000	0.000000	0.001683
223	0.725054	0.105746	0.167207	0.000000	0.000325	0.000000	0.000000	0.000000	0.001668
224	0.725610	0.105557	0.166899	0.000000	0.000294	0.000000	0.000000	0.000000	0.001640
225	0.726366	0.105495	0.166195	0.000000	0.000317	0.000000	0.000000	0.000000	0.001627
226	0.726715	0.105352	0.166018	0.000000	0.000313	0.000000	0.000000	0.000000	0.001602
227	0.726181	0.105560	0.166394	0.000000	0.000312	0.000000	0.000000	0.000000	0.001553
228	0.725991	0.105756	0.166432	0.000000	0.000296	0.000000	0.000000	0.000000	0.001525
229	0.725606	0.105808	0.166770	0.000000	0.000295	0.000000	0.000000	0.000000	0.001521
230	0.725146	0.106072	0.166927	0.000000	0.000291	0.000000	0.000000	0.000000	0.001564
231	0.724927	0.106021	0.167289	0.000000	0.000270	0.000000	0.000000	0.000000	0.001493
232	0.725093	0.105903	0.167196	0.000000	0.000278	0.000000	0.000000	0.000000	0.001530
233	0.725410	0.105682	0.167120	0.000000	0.000300	0.000000	0.000000	0.000000	0.001488
234	0.725181	0.105740	0.167357	0.000000	0.000300	0.000000	0.000000	0.000000	0.001422
235	0.725393	0.105821	0.167063	0.000000	0.000295	0.000000	0.000000	0.000000	0.001428
236	0.725932	0.105729	0.166647	0.000000	0.000279	0.000000	0.000000	0.000000	0.001413
237	0.725582	0.105861	0.166855	0.000000	0.000260	0.000000	0.000000	0.000000	0.001442
238	0.725061	0.106307	0.166954	0.000000	0.000264	0.000000	0.000000	0.000000	0.001414
239	0.725461	0.106077	0.166880	0.000000	0.000247	0.000000	0.000000	0.000000	0.001335
240	0.725106	0.106256	0.167065	0.000000	0.000245	0.000000	0.000000	0.000000	0.001328
241	0.724859	0.106549	0.166982	0.000000	0.000253	0.000000	0.000000	0.000000	0.001357
242	0.724734	0.106285	0.167432	0.000000	0.000224	0.000000	0.000000	0.000000	0.001325
243	0.724910	0.106343	0.167296	0.000000	0.000213	0.000000	0.000000	0.000000	0.001238
244	0.724960	0.106431	0.167151	0.000000	0.000201	0.000000	0.000000	0.000000	0.001257
245	0.725137	0.106458	0.166946	0.000000	0.000193	0.000000	0.000000	0.000000	0.001266
246	0.725314	0.106336	0.166923	0.000000	0.000184	0.000000	0.000000	0.000000	0.001243
247	0.725843	0.106085	0.166682	0.000000	0.000173	0.000000	0.000000	0.000000	0.001217
248	0.725593	0.106409	0.166623	0.000000	0.000192	0.000000	0.000000	0.000000	0.001183
249	0.725365	0.106858	0.166445	0.000000	0.000188	0.000000	0.000000	0.000000	0.001144
250	0.725641	0.106452	0.166578	0.000000	0.000196	0.000000	0.000000	0.000000	0.001133
251	0.725632	0.106290	0.166767	0.000000	0.000183	0.000000	0.000000	0.000000	0.001128
252	0.726086	0.106074	0.166530	0.000000	0.000192	0.000000	0.000000	0.000000	0.001118
253	0.725707	0.106232	0.166760	0.000000	0.000196	0.000000	0.000000	0.000000	0.001105
254	0.726188	0.105702	0.166805	0.000000	0.000212	0.000000	0.000000	0.000000	0.001093
255	0.725790	0.106322	0.166666	0.000000	0.000207	0.000000	0.000000	0.000000	0.001015
256	0.725353	0.106177	0.167213	0.000000	0.000204	0.000000	0.000000	0.000000	0.001053
257	0.725316	0.106326	0.167138	0.000000	0.000186	0.000000	0.000000	0.000000	0.001034
258	0.725057	0.106321	0.167413	0.000000	0.000182	0.000000	0.000000	0.000000	0.001027
259	0.724780	0.106819	0.167186	0.000000	0.000188	0.000000	0.000000	0.000000	0.001027
260	0.725240	0.106331	0.167228	0.000000	0.000188	0.000000	0.000000	0.000000	0.001013
261	0.725856	0.105950	0.166979	0.000000	0.000182	0.000000	0.000000	0.000000	0.001033
262	0.725292	0.106241	0.167273	0.000000	0.000189	0.000000	0.000000	0.000000	0.001005
263	0.724907	0.106507	0.167381	0.000000	0.000191	0.000000	0.000000	0.000000	0.001014
264	0.725715	0.106376	0.166702	0.000000	0.000190	0.000000	0.000000	0.000000	0.001017
265	0.725731	0.106331	0.166739	0.000000	0.000193	0.000000	0.000000	0.000000	0.001006
266	0.725782	0.106268	0.166753	0.000000	0.000201	0.000000	0.000000	0.000000	0.000996
267	0.725412	0.106363	0.167057	0.000000	0.000204	0.000000	0.000000	0.000000	0.000964
268	0.725477	0.106060	0.167264	0.000000	0.000193	0.000000	0.000000	0.000000	0.001006
269	0.725492	0.105563	0.167757	0.000000	0.000219	0.000000	0.000000	0.000000	0.000969
270	0.725537	0.105640	0.167633	0.000000	0.000225	0.000000	0.000000	0.000000	0.000965
271	0.724990	0.105875	0.167997	0.000000	0.000202	0.000000	0.000000	0.000000	0.000936
272	0.724948	0.105930	0.167953	0.000000	0.000210	0.000000	0.000000	0.000000	0.000959
273	0.724835	0.106168	0.167862	0.000000	0.000201	0.000000	0.000000	0.000000	0.000934
274	0.724575	0.106295	0.168008	0.000000	0.000200	0.000000	0.000000	0.000000	0.000922
275	0.724431	0.106257	0.168194	0.000000	0.000184	0.000000	0.000000	0.000000	0.000934
276	0.724515	0.106739	0.167618	0.000000	0.000191	0.000000	0.000000	0.000000	0.000937
277	0.724533	0.106943	0.167418	0.000000	0.000191	0.000000	0.000000	0.000000	0.000915
278	0.724405	0.106890	0.167625	0.000000	0.000175	0.000000	0.000000	0.000000	0.000905
279	0.725412	0.106306	0.167167	0.000000	0.000188	0.000000	0.000000	0.000000	0.000927
280	0.725147	0.106417	0.167298	0.000000	0.000201	0.000000	0.000000	0.000000	0.000937
281	0.725298	0.106446	0.167103	0.000000	0.000204	0.000000	0.000000	0.000000	0.000949
282	0.724844	0.106408	0.167640	0.000000	0.000203	0.000000	0.000000	0.000000	0.000905
283	0.725028	0.106280	0.167609	0.000000	0.000194	0.000000	0.000000	0.000000	0.000889
284	0.725328	0.106456	0.167110	0.000000	0.000201	0.000000	0.000000	0.000000	0.000905
285	0.725211	0.106438	0.167240	0.000000	0.000205	0.000000	0.000000	0.000000	0.000906
286	0.725775	0.106273	0.166811	0.000000	0.000223	0.000000	0.000000	0.000000	0.000918
287	0.725464	0.106500	0.166905	0.000000	0.000214	0.000000	0.000000	0.000000	0.000917
288	0.725794	0.106555	0.166542	0.000000	0.000213	0.000000	0.000000	0.000000	0.000896
289	0.725740	0.106405	0.166777	0.000000	0.000190	0.000000	0.000000	0.000000	0.000888
290	0.725892	0.106141	0.166844	0.000000	0.000208	0.000000	0.000000	0.000000	0.000915
291	0.726515	0.106153	0.166228	0.000000	0.000214	0.000000	0.000000	0.000000	0.000890
292	0.726744	0.106176	0.165963	0.000000	0.000215	0.000000	0.000000	0.000000	0.000902
293	0.726393	0.106438	0.166068	0.000000	0.000217	0.000000	0.000000	0.000000	0.000884
294	0.725795	0.106468	0.166618	0.000000	0.000217	0.000000	0.000000	0.000000	0.000902
295	0.725479	0.106799	0.166629	0.000000	0.000218	0.000000	0.000000	0.000000	0.000875
296	0.725236	0.106855	0.166805	0.000000	0.000227	0.000000	0.000000	0.000000	0.000877
297	0.725748	0.106412	0.166724	0.000000	0.000227	0.000000	0.000000	0.000000	0.000889
298	0.725230	0.106538	0.167099	0.000000	0.000236	0.000000	0.000000	0.000000	0.000897
299	0.725195	0.106637	0.167057	0.000000	0.000232	0.000000	0.000000	0.000000	0.000879
300	0.724747	0.107123	0.167085	0.000000	0.000218	0.000000	0.000000	0.000000	0.000827
301	0.725160	0.106754	0.167008	0.000000	0.000239	0.000000	0.000000	0.000000	0.000839
302	0.724317	0.107350	0.167251	0.000000	0.000229	0.000000	0.000000	0.000000	0.000853
303	0.724346	0.107231	0.167370	0.000000	0.000239	0.000000	0.000000	0.000000	0.000814
304	0.723518	0.107389	0.168041	0.000000	0.000241	0.000000	0.000000	0.000000	0.000811
305	0.723573	0.107085	0.168316	0.000000	0.000224	0.000000	0.000000	0.000000	0.000802
306	0.723118	0.107292	0.168521	0.000000	0.000254	0.000000	0.000000	0.000000	0.000815
307	0.723194	0.107261	0.168546	0.000000	0.000243	0.000000	0.000000	0.000000	0.000756
308	0.722896	0.107130	0.168960	0.000000	0.000256	0.000000	0.000000	0.000000	0.000758
309	0.722874	0.107256	0.168856	0.000000	0.000260	0.000000	0.000000	0.000000	0.000754
310	0.723219	0.107075	0.168701	0.000000	0.000263	0.000000	0.000000	0.000000	0.000742
311	0.723681	0.106580	0.168804	0.000000	0.000264	0.000000	0.000000	0.000000	0.000671
312	0.723446	0.106839	0.168760	0.000000	0.000279	0.000000	0.000000	0.000000	0.000676
313	0.723595	0.107030	0.168423	0.000000	0.000276	0.000000	0.000000	0.000000	0.000676
314	0.722938	0.107273	0.168810	0.000000	0.000264	0.000000	0.000000	0.000000	0.000715
315	0.722572	0.107296	0.169160	0.000000	0.000250	0.000000	0.000000	0.000000	0.000722
316	0.722554	0.107187	0.169317	0.000000	0.000225	0.000000	0.000000	0.000000	0.000717
317	0.722972	0.106666	0.169424	0.000000	0.000241	0.000000	0.000000	0.000000	0.000697
318	0.722696	0.106591	0.169778	0.000000	0.000240	0.000000	0.000000	0.000000	0.000695
319	0.722498	0.106473	0.170103	0.000000	0.000247	0.000000	0.000000	0.000000	0.000679
320	0.723220	0.106137	0.169710	0.000000	0.000249	0.000000	0.000000	0.000000	0.000684
321	0.723820	0.106127	0.169181	0.000000	0.000252	0.000000	0.000000	0.000000	0.000620
322	0.724292	0.106326	0.168527	0.000000	0.000256	0.000000	0.000000	0.000000	0.000599
323	0.724668	0.105699	0.168776	0.000000	0.000255	0.000000	0.000000	0.000000	0.000602
324	0.724104	0.105921	0.169130	0.000000	0.000249	0.000000	0.000000	0.000000	0.000596
325	0.724387	0.105803	0.168970	0.000000	0.000261	0.000000	0.000000	0.000000	0.000579
326	0.724977	0.105605	0.168552	0.000000	0.000262	0.000000	0.000000	0.000000	0.000604
327	0.724857	0.105896	0.168419	0.000000	0.000266	0.000000	0.000000	0.000000	0.000562
328	0.724786	0.105700	0.168713	0.000000	0.000267	0.000000	0.000000	0.000000	0.000534
329	0.724582	0.105908	0.168728	0.000000	0.000275	0.000000	0.000000	0.000000	0.000507
330	0.724838	0.106074	0.168359	0.000000	0.000270	0.000000	0.000000	0.000000	0.000459
331	0.724840	0.106039	0.168335	0.000000	0.000282	0.000000	0.000000	0.000000	0.000504
332	0.724717	0.105951	0.168578	0.000000	0.000253	0.000000	0.000000	0.000000	0.000501
333	0.724249	0.105985	0.168980	0.000000	0.000270	0.000000	0.000000	0.000000	0.000516
334	0.724263	0.105995	0.168974	0.000000	0.000268	0.000000	0.000000	0.000000	0.000500
335	0.724463	0.106178	0.168615	0.000000	0.000276	0.000000	0.000000	0.000000	0.000468
336	0.723958	0.106170	0.169169	0.000000	0.000264	0.000000	0.000000	0.000000	0.000439
337	0.724102	0.106222	0.169006	0.000000	0.000262	0.000000	0.000000	0.000000	0.000408
338	0.724186	0.106019	0.169093	0.000000	0.000274	0.000000	0.000000	0.000000	0.000428
339	0.724357	0.106359	0.168613	0.000000	0.000252	0.000000	0.000000	0.000000	0.000419
340	0.724812	0.105935	0.168607	0.000000	0.000240	0.000000	0.000000	0.000000	0.000406
341	0.724569	0.106037	0.168737	0.000000	0.000260	0.000000	0.000000	0.000000	0.000397
342	0.724432	0.105917	0.169012	0.000000	0.000244	0.000000	0.000000	0.000000	0.000395
343	0.724564	0.105885	0.168900	0.000000	0.000243	0.000000	0.000000	0.000000	0.000408
344	0.724607	0.105721	0.168999	0.000000	0.000247	0.000000	0.000000	0.000000	0.000426
345	0.725204	0.105575	0.168580	0.000000	0.000246	0.000000	0.000000	0.000000	0.000395
346	0.725357	0.105613	0.168414	0.000000	0.000233	0.000000	0.000000	0.000000	0.000383
347	0.725067	0.105656	0.168660	0.000000	0.000231	0.000000	0.000000	0.000000	0.000386
348	0.725140	0.105533	0.168724	0.000000	0.000223	0.000000	0.000000	0.000000	0.000380
349	0.724913	0.105759	0.168714	0.000000	0.000239	0.000000	0.000000	0.000000	0.000375
350	0.725242	0.105614	0.168535	0.000000	0.000229	0.000000	0.000000	0.000000	0.000380
351	0.725027	0.105692	0.168650	0.000000	0.000242	0.000000	0.000000	0.000000	0.000389
352	0.725645	0.105419	0.168266	0.000000	0.000253	0.000000	0.000000	0.000000	0.000417
353	0.724413	0.105969	0.168962	0.000000	0.000247	0.000000	0.000000	0.000000	0.000409
354	0.724793	0.105838	0.168714	0.000000	0.000236	0.000000	0.000000	0.000000	0.000419
355	0.724394	0.105898	0.169057	0.000000	0.000232	0.000000	0.000000	0.000000	0.000419
356	0.724297	0.105915	0.169124	0.000000	0.000240	0.000000	0.000000	0.000000	0.000424
357	0.723972	0.106337	0.169025	0.000000	0.000251	0.000000	0.000000	0.000000	0.000415
358	0.723532	0.106401	0.169410	0.000000	0.000250	0.000000	0.000000	0.000000	0.000407
359	0.723722	0.106319	0.169299	0.000000	0.000244	0.000000	0.000000	0.000000	0.000416
360	0.723223	0.106525	0.169594	0.000000	0.000226	0.000000	0.000000	0.000000	0.000432
361	0.723103	0.106690	0.169543	0.000000	0.000237	0.000000	0.000000	0.000000	0.000427
362	0.723150	0.106613	0.169601	0.000000	0.000220	0.000000	0.000000	0.000000	0.000416
363	0.723137	0.106466	0.169753	0.000000	0.000212	0.000000	0.000000	0.000000	0.000432
364	0.723119	0.106673	0.169547	0.000000	0.000217	0.000000	0.000000	0.000000	0.000444
365	0.722846	0.106814	0.169699	0.000000	0.000212	0.000000	0.000000	0.000000	0.000429
366	0.723226	0.106646	0.169496	0.000000	0.000211	0.000000	0.000000	0.000000	0.000421
367	0.722793	0.106360	0.170233	0.000000	0.000200	0.000000	0.000000	0.000000	0.000414
368	0.723011	0.106655	0.169736	0.000000	0.000196	0.000000	0.000000	0.000000	0.000402
369	0.722995	0.106446	0.169952	0.000000	0.000187	0.000000	0.000000	0.000000	0.000420
370	0.723003	0.106786	0.169590	0.000000	0.000178	0.000000	0.000000	0.000000	0.000443
371	0.723189	0.106542	0.169657	0.000000	0.000174	0.000000	0.000000	0.000000	0.000438
372	0.723334	0.106991	0.169093	0.000000	0.000166	0.000000	0.000000	0.000000	0.000416
373	0.722976	0.106989	0.169454	0.000000	0.000161	0.000000	0.000000	0.000000	0.000420
374	0.722905	0.107193	0.169318	0.000000	0.000153	0.000000	0.000000	0.000000	0.000431
375	0.723051	0.107223	0.169159	0.000000	0.000138	0.000000	0.000000	0.000000	0.000429
376	0.723377	0.107108	0.168965	0.000000	0.000124	0.000000	0.000000	0.000000	0.000426
377	0.723417	0.106716	0.169292	0.000000	0.000125	0.000000	0.000000	0.000000	0.000450
378	0.723515	0.106445	0.169503	0.000000	0.000115	0.000000	0.000000	0.000000	0.000422
379	0.723093	0.106646	0.169671	0.000000	0.000123	0.000000	0.000000	0.000000	0.000467
380	0.722890	0.106728	0.169763	0.000000	0.000113	0.000000	0.000000	0.000000	0.000506
381	0.723212	0.106924	0.169282	0.000000	0.000097	0.000000	0.000000	0.000000	0.000485
382	0.723467	0.107079	0.168887	0.000000	0.000103	0.000000	0.000000	0.000000	0.000464
383	0.723183	0.107086	0.169176	0.000000	0.000087	0.000000	0.000000	0.000000	0.000468
384	0.723858	0.106756	0.168843	0.000000	0.000086	0.000000	0.000000	0.000000	0.000457
385	0.723791	0.106788	0.168869	0.000000	0.000083	0.000000	0.000000	0.000000	0.000469
386	0.724128	0.106828	0.168483	0.000000	0.000080	0.000000	0.000000	0.000000	0.000481
387	0.723829	0.106607	0.169041	0.000000	0.000072	0.000000	0.000000	0.000000	0.000451
388	0.723559	0.107057	0.168863	0.000000	0.000068	0.000000	0.000000	0.000000	0.000453
389	0.723399	0.107713	0.168397	0.000000	0.000056	0.000000	0.000000	0.000000	0.000435
390	0.722855	0.107735	0.168875	0.000000	0.000066	0.000000	0.000000	0.000000	0.000469
391	0.722881	0.107583	0.169029	0.000000	0.000058	0.000000	0.000000	0.000000	0.000449
392	0.722762	0.107468	0.169311	0.000000	0.000048	0.000000	0.000000	0.000000	0.000411
393	0.722559	0.107522	0.169457	0.000000	0.000046	0.000000	0.000000	0.000000	0.000416
394	0.722712	0.107676	0.169183	0.000000	0.000041	0.000000	0.000000	0.000000	0.000388
395	0.722910	0.107617	0.169017	0.000000	0.000035	0.000000	0.000000	0.000000	0.000421
396	0.723097	0.107513	0.168943	0.000000	0.000039	0.000000	0.000000	0.000000	0.000408
397	0.722850	0.107904	0.168826	0.000000	0.000033	0.000000	0.000000	0.000000	0.000387
398	0.722678	0.108011	0.168882	0.000000	0.000034	0.000000	0.000000	0.000000	0.000395
399	0.722239	0.108099	0.169228	0.000000	0.000030	0.000000	0.000000	0.000000	0.000404
400	0.722393	0.107726	0.169477	0.000000	0.000035	0.000000	0.000000	0.000000	0.000369
401	0.722503	0.107508	0.169564	0.000000	0.000034	0.000000	0.000000	0.000000	0.000391
402	0.722809	0.107672	0.169103	0.000000	0.000032	0.000000	0.000000	0.000000	0.000384
403	0.722724	0.107825	0.169018	0.000000	0.000036	0.000000	0.000000	0.000000	0.000397
404	0.722542	0.107889	0.169158	0.000000	0.000038	0.000000	0.000000	0.000000	0.000373
405	0.722504	0.107529	0.169534	0.000000	0.000035	0.000000	0.000000	0.000000	0.000398
406	0.722567	0.107628	0.169427	0.000000	0.000032	0.000000	0.000000	0.000000	0.000346
407	0.722819	0.107693	0.169110	0.000000	0.000035	0.000000	0.000000	0.000000	0.000343
408	0.722339	0.107921	0.169346	0.000000	0.000037	0.000000	0.000000	0.000000	0.000357
409	0.722653	0.107566	0.169367	0.000000	0.000039	0.000000	0.000000	0.000000	0.000375
410	0.722927	0.107620	0.169050	0.000000	0.000042	0.000000	0.000000	0.000000	0.000361
411	0.722270	0.107868	0.169468	0.000000	0.000040	0.000000	0.000000	0.000000	0.000354
412	0.722340	0.108164	0.169124	0.000000	0.000044	0.000000	0.000000	0.000000	0.000328
413	0.722342	0.108404	0.168861	0.000000	0.000054	0.000000	0.000000	0.000000	0.000339
414	0.721853	0.108700	0.169056	0.000000	0.000052	0.000000	0.000000	0.000000	0.000339
415	0.722409	0.108586	0.168606	0.000000	0.000057	0.000000	0.000000	0.000000	0.000342
416	0.722767	0.108584	0.168275	0.000000	0.000049	0.000000	0.000000	0.000000	0.000325
417	0.723104	0.108563	0.167991	0.000000	0.000048	0.000000	0.000000	0.000000	0.000294
418	0.723087	0.108565	0.167991	0.000000	0.000048	0.000000	0.000000	0.000000	0.000309
419	0.723801	0.108414	0.167453	0.000000	0.000038	0.000000	0.000000	0.000000	0.000294
420	0.723445	0.108500	0.167706	0.000000	0.000043	0.000000	0.000000	0.000000	0.000306
421	0.723192	0.108565	0.167887	0.000000	0.000045	0.000000	0.000000	0.000000	0.000311
422	0.722777	0.108623	0.168245	0.000000	0.000049	0.000000	0.000000	0.000000	0.000306
423	0.723136	0.108834	0.167685	0.000000	0.000044	0.000000	0.000000	0.000000	0.000301
424	0.722954	0.108725	0.167980	0.000000	0.000046	0.000000	0.000000	0.000000	0.000295
425	0.722798	0.109254	0.167603	0.000000	0.000048	0.000000	0.000000	0.000000	0.000297
426	0.722333	0.109415	0.167906	0.000000	0.000056	0.000000	0.000000	0.000000	0.000290
427	0.722115	0.109370	0.168170	0.000000	0.000053	0.000000	0.000000	0.000000	0.000292
428	0.721856	0.109609	0.168225	0.000000	0.000051	0.000000	0.000000	0.000000	0.000259
429	0.722137	0.109470	0.168074	0.000000	0.000046	0.000000	0.000000	0.000000	0.000273
430	0.722111	0.109880	0.167708	0.000000	0.000039	0.000000	0.000000	0.000000	0.000262
431	0.722063	0.109367	0.168265	0.000000	0.000043	0.000000	0.000000	0.000000	0.000262
432	0.722413	0.109365	0.167913	0.000000	0.000046	0.000000	0.000000	0.000000	0.000263
433	0.722315	0.109431	0.167920	0.000000	0.000061	0.000000	0.000000	0.000000	0.000273
434	0.722799	0.109616	0.167280	0.000000	0.000043	0.000000	0.000000	0.000000	0.000262
435	0.723261	0.109741	0.166711	0.000000	0.000040	0.000000	0.000000	0.000000	0.000247
436	0.722993	0.109716	0.167016	0.000000	0.000043	0.000000	0.000000	0.000000	0.000232
437	0.723230	0.109655	0.166836	0.000000	0.000047	0.000000	0.000000	0.000000	0.000232
438	0.722917	0.109812	0.167013	0.000000	0.000059	0.000000	0.000000	0.000000	0.000199
439	0.722630	0.109916	0.167187	0.000000	0.000057	0.000000	0.000000	0.000000	0.000210
440	0.722184	0.110103	0.167452	0.000000	0.000056	0.000000	0.000000	0.000000	0.000205
441	0.722696	0.110095	0.166927	0.000000	0.000057	0.000000	0.000000	0.000000	0.000225
442	0.722651	0.110018	0.167058	0.000000	0.000057	0.000000	0.000000	0.000000	0.000216
443	0.722878	0.109849	0.166997	0.000000	0.000056	0.000000	0.000000	0.000000	0.000220
444	0.723459	0.109682	0.166577	0.000000	0.000054	0.000000	0.000000	0.000000	0.000228
445	0.723436	0.109979	0.166322	0.000000	0.000047	0.000000	0.000000	0.000000	0.000216
446	0.723422	0.109778	0.166549	0.000000	0.000048	0.000000	0.000000	0.000000	0.000203
447	0.723331	0.109771	0.166661	0.000000	0.000043	0.000000	0.000000	0.000000	0.000194
448	0.723682	0.109823	0.166251	0.000000	0.000041	0.000000	0.000000	0.000000	0.000203
449	0.723026	0.110444	0.166316	0.000000	0.000037	0.000000	0.000000	0.000000	0.000177
450	0.722449	0.110761	0.166580	0.000000	0.000037	0.000000	0.000000	0.000000	0.000173
451	0.722612	0.110877	0.166315	0.000000	0.000032	0.000000	0.000000	0.000000	0.000164
452	0.722798	0.110308	0.166688	0.000000	0.000034	0.000000	0.000000	0.000000	0.000172
453	0.723050	0.110341	0.166399	0.000000	0.000037	0.000000	0.000000	0.000000	0.000173
454	0.723215	0.110236	0.166355	0.000000	0.000035	0.000000	0.000000	0.000000	0.000159
455	0.723497	0.109746	0.166573	0.000000	0.000033	0.000000	0.000000	0.000000	0.000151
456	0.723709	0.109335	0.166779	0.000000	0.000025	0.000000	0.000000	0.000000	0.000152
457	0.724081	0.109166	0.166576	0.000000	0.000034	0.000000	0.000000	0.000000	0.000143
458	0.724277	0.108983	0.166557	0.000000	0.000033	0.000000	0.000000	0.000000	0.000150
459	0.723779	0.108872	0.167185	0.000000	0.000031	0.000000	0.000000	0.000000	0.000133
460	0.724096	0.108763	0.166973	0.000000	0.000035	0.000000	0.000000	0.000000	0.000133
461	0.723782	0.108789	0.167288	0.000000	0.000031	0.000000	0.000000	0.000000	0.000110
462	0.723609	0.109406	0.166831	0.000000	0.000028	0.000000	0.000000	0.000000	0.000126
463	0.723834	0.109525	0.166511	0.000000	0.000026	0.000000	0.000000	0.000000	0.000104
464	0.723427	0.109541	0.166901	0.000000	0.000022	0.000000	0.000000	0.000000	0.000109
465	0.724014	0.108850	0.167010	0.000000	0.000019	0.000000	0.000000	0.000000	0.000107
466	0.723215	0.109341	0.167324	0.000000	0.000015	0.000000	0.000000	0.000000	0.000105
467	0.723699	0.108755	0.167417	0.000000	0.000024	0.000000	0.000000	0.000000	0.000105
468	0.723909	0.108732	0.167226	0.000000	0.000022	0.000000	0.000000	0.000000	0.000111
469	0.723704	0.108623	0.167546	0.000000	0.000023	0.000000	0.000000	0.000000	0.000104
470	0.723905	0.108789	0.167204	0.000000	0.000022	0.000000	0.000000	0.000000	0.000080
