0	0.290663	0.057897	0.229473	0.157588	0.029913	0.111872	0.085455	0.012259	0.024880
1	0.235148	0.048945	0.203136	0.148699	0.030498	0.126835	0.104037	0.020687	0.082015
2	0.236524	0.049007	0.203935	0.151528	0.032386	0.129596	0.094502	0.019023	0.083499
3	0.243873	0.049405	0.205663	0.154695	0.034587	0.130453	0.083311	0.016720	0.081293
4	0.252506	0.049573	0.207287	0.157262	0.036764	0.129661	0.073557	0.014564	0.078826
5	0.260130	0.049437	0.208426	0.159760	0.039286	0.127591	0.065268	0.012786	0.077316
6	0.267080	0.049211	0.209738	0.161238	0.041839	0.126711	0.058022	0.011019	0.075142
7	0.274119	0.048726	0.210368	0.162664	0.044112	0.125154	0.051747	0.009719	0.073391
8	0.280718	0.048319	0.211520	0.163434	0.046636	0.122740	0.046224	0.008543	0.071866
9	0.286440	0.047544	0.210968	0.165035	0.049194	0.121404	0.041102	0.007471	0.070842
10	0.292296	0.046536	0.211643	0.165070	0.051893	0.119353	0.036937	0.006565	0.069707
11	0.297670	0.045494	0.211600	0.165786	0.054606	0.117594	0.032910	0.005598	0.068742
12	0.302958	0.044713	0.211141	0.165950	0.057645	0.115030	0.029693	0.004939	0.067931
13	0.308679	0.043547	0.211298	0.165258	0.060212	0.112897	0.026654	0.004407	0.067048
14	0.313505	0.042493	0.210982	0.165016	0.063010	0.110900	0.024202	0.003944	0.065948
15	0.318116	0.041316	0.210537	0.164847	0.066273	0.108896	0.021584	0.003500	0.064931
16	0.321834	0.040101	0.210479	0.164870	0.069141	0.106914	0.019527	0.003072	0.064062
17	0.326591	0.038954	0.209123	0.164139	0.071988	0.104676	0.017897	0.002786	0.063846
18	0.329936	0.037689	0.208595	0.164209	0.074938	0.102658	0.016474	0.002541	0.062960
19	0.333922	0.036844	0.208196	0.163161	0.077503	0.100966	0.015124	0.002229	0.062055
20	0.336723	0.035754	0.207293	0.162656	0.080885	0.099481	0.013735	0.002015	0.061458
21	0.339134	0.034863	0.206442	0.162308	0.083927	0.097703	0.012689	0.001810	0.061124
22	0.341807	0.033762	0.204955	0.161924	0.087480	0.096745	0.011548	0.001566	0.060213
23	0.343950	0.032628	0.204487	0.160997	0.091305	0.095167	0.010584	0.001429	0.059453
24	0.346524	0.031353	0.203850	0.160337	0.095115	0.093001	0.009879	0.001304	0.058637
25	0.348495	0.030494	0.203089	0.159189	0.099231	0.091777	0.008943	0.001166	0.057616
26	0.350970	0.029739	0.202044	0.158644	0.103005	0.089567	0.008169	0.001070	0.056792
27	0.353103	0.028796	0.200441	0.157801	0.106805	0.088236	0.007596	0.000981	0.056241
28	0.355116	0.027747	0.199041	0.157257	0.110858	0.086596	0.006823	0.000884	0.055678
29	0.356738	0.026749	0.197891	0.156099	0.115474	0.085175	0.006225	0.000788	0.054861
30	0.358430	0.025959	0.196589	0.155548	0.119542	0.083459	0.005678	0.000672	0.054123
31	0.360052	0.025094	0.194666	0.154709	0.123888	0.082103	0.005286	0.000574	0.053628
32	0.361589	0.024519	0.192697	0.153670	0.128472	0.080660	0.004893	0.000569	0.052931
33	0.362417	0.023437	0.191637	0.153062	0.133171	0.079315	0.004488	0.000479	0.051994
34	0.364022	0.022610	0.189605	0.152392	0.137743	0.077794	0.004099	0.000475	0.051260
35	0.365177	0.021741	0.187877	0.151831	0.142089	0.076585	0.003752	0.000447	0.050501
36	0.365797	0.020978	0.186171	0.151345	0.146694	0.075589	0.003422	0.000362	0.049642
37	0.366146	0.020146	0.184888	0.150519	0.151476	0.074487	0.003161	0.000335	0.048842
38	0.367197	0.019350	0.183188	0.149571	0.156298	0.073082	0.002836	0.000322	0.048156
39	0.366920	0.018595	0.181662	0.149540	0.161123	0.072018	0.002645	0.000274	0.047223
40	0.367126	0.017924	0.179767	0.148801	0.166159	0.071331	0.002359	0.000255	0.046278
41	0.367118	0.017159	0.178317	0.148497	0.171002	0.070073	0.002142	0.000249	0.045443
42	0.367202	0.016654	0.176206	0.147351	0.176133	0.069237	0.002067	0.000244	0.044906
43	0.366746	0.015791	0.174960	0.146510	0.181668	0.068198	0.001862	0.000204	0.044061
44	0.366427	0.014899	0.173069	0.146111	0.187355	0.067083	0.001708	0.000190	0.043158
45	0.365374	0.014307	0.171706	0.145194	0.193030	0.066300	0.001585	0.000160	0.042344
46	0.364844	0.013865	0.169661	0.144829	0.198860	0.065177	0.001445	0.000146	0.041173
47	0.363291	0.013408	0.168000	0.144668	0.204861	0.064140	0.001291	0.000129	0.040212
48	0.362740	0.012924	0.165846	0.143930	0.210809	0.063290	0.001208	0.000114	0.039139
49	0.361774	0.012362	0.163758	0.143283	0.216912	0.062436	0.001111	0.000085	0.038279
50	0.360090	0.012118	0.161652	0.143360	0.222756	0.061837	0.001071	0.000090	0.037026
51	0.358504	0.011797	0.160005	0.142535	0.229122	0.061019	0.000949	0.000076	0.035993
52	0.356830	0.011223	0.158427	0.142183	0.235301	0.060016	0.000874	0.000066	0.035080
53	0.355257	0.010730	0.156263	0.141707	0.241405	0.059485	0.000840	0.000047	0.034266
54	0.353007	0.010330	0.154634	0.141288	0.247754	0.058708	0.000761	0.000036	0.033482
55	0.350490	0.009988	0.153043	0.140850	0.254127	0.058309	0.000679	0.000036	0.032478
56	0.347922	0.009509	0.151498	0.140860	0.260568	0.057532	0.000627	0.000038	0.031446
57	0.346214	0.009149	0.149085	0.140611	0.267021	0.056932	0.000574	0.000035	0.030379
58	0.343372	0.008826	0.147252	0.140517	0.273303	0.056685	0.000472	0.000020	0.029553
59	0.340665	0.008434	0.144978	0.140650	0.280141	0.056143	0.000430	0.000031	0.028528
60	0.338251	0.008062	0.142760	0.140460	0.286286	0.056019	0.000386	0.000023	0.027753
61	0.335916	0.007682	0.140805	0.140350	0.292691	0.055292	0.000365	0.000014	0.026885
62	0.333265	0.007347	0.138582	0.140178	0.299432	0.054723	0.000324	0.000014	0.026135
63	0.330514	0.007033	0.135908	0.140206	0.306597	0.054372	0.000283	0.000013	0.025074
64	0.326953	0.006658	0.133585	0.140931	0.313548	0.053718	0.000279	0.000012	0.024316
65	0.324075	0.006361	0.131179	0.140363	0.320934	0.053322	0.000240	0.000006	0.023520
66	0.320828	0.006141	0.129316	0.140319	0.327590	0.052906	0.000226	0.000005	0.022669
67	0.317365	0.005956	0.126897	0.140136	0.335098	0.052492	0.000202	0.000003	0.021851
68	0.314040	0.005650	0.124456	0.140118	0.342600	0.052082	0.000170	0.000003	0.020881
69	0.310212	0.005486	0.121765	0.140115	0.349983	0.052065	0.000187	0.000002	0.020185
70	0.305997	0.005247	0.119624	0.140602	0.357174	0.051786	0.000169	0.000001	0.019400
71	0.302704	0.004878	0.117263	0.140426	0.364402	0.051552	0.000152	0.000000	0.018623
72	0.299041	0.004598	0.114953	0.140301	0.371797	0.051407	0.000147	0.000001	0.017755
73	0.295178	0.004394	0.112802	0.140431	0.378964	0.050978	0.000121	0.000001	0.017131
74	0.291014	0.004231	0.110200	0.140857	0.386494	0.050635	0.000115	0.000001	0.016453
75	0.286674	0.004021	0.108275	0.140995	0.393743	0.050515	0.000102	0.000000	0.015675
76	0.282172	0.003720	0.106323	0.141405	0.401105	0.050319	0.000088	0.000000	0.014868
77	0.277908	0.003529	0.104243	0.141384	0.408336	0.050301	0.000079	0.000000	0.014220
78	0.273197	0.003326	0.101817	0.142237	0.415725	0.049978	0.000074	0.000000	0.013646
79	0.268682	0.003257	0.099731	0.142216	0.422918	0.049880	0.000070	0.000000	0.013246
80	0.263787	0.003038	0.097883	0.142357	0.430622	0.049468	0.000067	0.000000	0.012778
81	0.259884	0.002907	0.095472	0.141953	0.438267	0.049338	0.000057	0.000000	0.012122
82	0.255079	0.002778	0.093652	0.142369	0.445249	0.049057	0.000056	0.000000	0.011760
83	0.250551	0.002671	0.091473	0.142207	0.452530	0.049094	0.000047	0.000000	0.011427
84	0.245827	0.002655	0.089553	0.142311	0.459831	0.048888	0.000038	0.000000	0.010897
85	0.240645	0.002450	0.087927	0.142142	0.467226	0.049141	0.000033	0.000000	0.010436
86	0.236113	0.002483	0.085418	0.142486	0.474467	0.049089	0.000028	0.000000	0.009916
87	0.230909	0.002358	0.083492	0.143129	0.481817	0.048831	0.000037	0.000000	0.009427
88	0.226394	0.002231	0.080955	0.144034	0.488711	0.048644	0.000026	0.000000	0.009005
89	0.221614	0.002100	0.078775	0.144739	0.495945	0.048196	0.000021	0.000000	0.008610
90	0.216512	0.001983	0.076831	0.144905	0.503399	0.048226	0.000021	0.000000	0.008123
91	0.211887	0.001899	0.074602	0.145691	0.510351	0.048027	0.000013	0.000000	0.007530
92	0.207134	0.001734	0.072734	0.145864	0.517521	0.047828	0.000016	0.000000	0.007169
93	0.202130	0.001563	0.070787	0.146182	0.524561	0.047959	0.000014	0.000000	0.006804
94	0.197142	0.001521	0.068831	0.146822	0.531222	0.048013	0.000008	0.000000	0.006441
95	0.192546	0.001375	0.067115	0.146898	0.538082	0.047706	0.000007	0.000000	0.006271
96	0.187601	0.001257	0.065044	0.147284	0.545021	0.047754	0.000012	0.000000	0.006027
97	0.183485	0.001194	0.063195	0.147687	0.551302	0.047563	0.000007	0.000000	0.005567
98	0.178496	0.001114	0.061370	0.148043	0.558040	0.047704	0.000008	0.000000	0.005225
99	0.174370	0.001028	0.059438	0.148510	0.564424	0.047367	0.000007	0.000000	0.004856
100	0.169536	0.000988	0.057814	0.148518	0.571254	0.047402	0.000005	0.000000	0.004483
101	0.164680	0.000902	0.055902	0.148942	0.577906	0.047363	0.000004	0.000000	0.004301
102	0.159953	0.000839	0.054165	0.149292	0.583907	0.047626	0.000005	0.000000	0.004213
103	0.154908	0.000822	0.052934	0.149708	0.589866	0.047823	0.000005	0.000000	0.003934
104	0.150344	0.000767	0.050786	0.149877	0.596655	0.047857	0.000001	0.000000	0.003713
105	0.145224	0.000726	0.049290	0.150443	0.602820	0.047805	0.000003	0.000000	0.003689
106	0.140464	0.000622	0.047882	0.150704	0.609104	0.047816	0.000000	0.000000	0.003408
107	0.136199	0.000630	0.046394	0.150986	0.614850	0.047706	0.000003	0.000000	0.003232
108	0.131958	0.000545	0.044905	0.151119	0.620433	0.047982	0.000005	0.000000	0.003053
109	0.127651	0.000497	0.043297	0.151461	0.626376	0.047909	0.000001	0.000000	0.002808
110	0.123470	0.000411	0.041762	0.152144	0.631627	0.047950	0.000001	0.000000	0.002635
111	0.119306	0.000401	0.040225	0.152216	0.637319	0.048013	0.000001	0.000000	0.002519
112	0.115588	0.000352	0.038874	0.152090	0.642494	0.048235	0.000000	0.000000	0.002367
113	0.111614	0.000340	0.037412	0.152123	0.647999	0.048236	0.000000	0.000000	0.002276
114	0.107269	0.000308	0.036221	0.153126	0.652784	0.048167	0.000000	0.000000	0.002125
115	0.103223	0.000300	0.034913	0.153497	0.657859	0.048198	0.000000	0.000000	0.002010
116	0.099314	0.000288	0.033484	0.153888	0.663081	0.048037	0.000000	0.000000	0.001908
117	0.095763	0.000243	0.032080	0.153575	0.668319	0.048183	0.000000	0.000000	0.001837
118	0.091939	0.000228	0.030950	0.154559	0.672257	0.048324	0.000000	0.000000	0.001743
119	0.088457	0.000194	0.029610	0.155243	0.676526	0.048327	0.000000	0.000000	0.001643
120	0.085377	0.000192	0.028265	0.155726	0.680518	0.048416	0.000000	0.000000	0.001506
121	0.082099	0.000184	0.027128	0.156171	0.684783	0.048204	0.000000	0.000000	0.001431
122	0.079116	0.000158	0.025939	0.156611	0.688805	0.048050	0.000000	0.000000	0.001321
123	0.076378	0.000132	0.024840	0.156515	0.692816	0.048121	0.000000	0.000000	0.001198
124	0.073257	0.000131	0.023848	0.157517	0.696070	0.048052	0.000000	0.000000	0.001125
125	0.070085	0.000115	0.022981	0.157919	0.699770	0.048055	0.000000	0.000000	0.001075
126	0.067424	0.000114	0.021983	0.158095	0.703041	0.048295	0.000000	0.000000	0.001048
127	0.064670	0.000110	0.020890	0.158761	0.706508	0.048118	0.000000	0.000000	0.000943
128	0.062004	0.000111	0.020007	0.159433	0.709730	0.047813	0.000000	0.000000	0.000902
129	0.059545	0.000100	0.019087	0.160093	0.712410	0.047893	0.000000	0.000000	0.000872
130	0.056864	0.000087	0.018274	0.160347	0.715806	0.047829	0.000000	0.000000	0.000793
131	0.054669	0.000086	0.017451	0.160506	0.718583	0.047979	0.000000	0.000000	0.000726
132	0.052104	0.000077	0.016575	0.160737	0.721929	0.047927	0.000000	0.000000	0.000651
133	0.049701	0.000076	0.015767	0.160825	0.724891	0.048140	0.000000	0.000000	0.000600
134	0.047429	0.000063	0.014970	0.160808	0.727880	0.048328	0.000000	0.000000	0.000522
135	0.045302	0.000057	0.014300	0.161195	0.730330	0.048326	0.000000	0.000000	0.000490
136	0.042926	0.000049	0.013768	0.161129	0.733094	0.048577	0.000000	0.000000	0.000457
137	0.040950	0.000060	0.012960	0.160937	0.736131	0.048543	0.000000	0.000000	0.000419
138	0.039161	0.000054	0.012322	0.161033	0.738128	0.048912	0.000000	0.000000	0.000390
139	0.037345	0.000043	0.011794	0.161026	0.740831	0.048599	0.000000	0.000000	0.000362
140	0.035799	0.000042	0.011136	0.161106	0.743144	0.048430	0.000000	0.000000	0.000343
141	0.034096	0.000040	0.010562	0.161418	0.745298	0.048276	0.000000	0.000000	0.000310
142	0.032322	0.000032	0.010041	0.161394	0.747250	0.048694	0.000000	0.000000	0.000267
143	0.030646	0.000034	0.009549	0.161604	0.749319	0.048607	0.000000	0.000000	0.000241
144	0.029289	0.000024	0.009195	0.161546	0.751317	0.048415	0.000000	0.000000	0.000214
145	0.027812	0.000029	0.008751	0.161448	0.753326	0.048448	0.000000	0.000000	0.000186
146	0.026495	0.000023	0.008298	0.161807	0.754975	0.048228	0.000000	0.000000	0.000174
147	0.025173	0.000024	0.007940	0.162086	0.756297	0.048315	0.000000	0.000000	0.000165
148	0.023995	0.000024	0.007514	0.162517	0.757175	0.048634	0.000000	0.000000	0.000141
149	0.022798	0.000020	0.007044	0.162968	0.758432	0.048603	0.000000	0.000000	0.000135
150	0.021641	0.000019	0.006792	0.162977	0.759861	0.048605	0.000000	0.000000	0.000105
151	0.020357	0.000014	0.006398	0.163172	0.761304	0.048669	0.000000	0.000000	0.000086
152	0.019397	0.000011	0.006024	0.163146	0.762599	0.048740	0.000000	0.000000	0.000083
153	0.018464	0.000014	0.005681	0.163235	0.763871	0.048639	0.000000	0.000000	0.000096
154	0.017580	0.000013	0.005360	0.163730	0.764518	0.048706	0.000000	0.000000	0.000093
155	0.016713	0.000015	0.005090	0.163771	0.765885	0.048446	0.000000	0.000000	0.000080
156	0.015805	0.000009	0.004947	0.163899	0.766474	0.048792	0.000000	0.000000	0.000074
157	0.015033	0.000006	0.004751	0.163596	0.767927	0.048629	0.000000	0.000000	0.000058
158	0.014285	0.000006	0.004561	0.163899	0.768340	0.048849	0.000000	0.000000	0.000060
159	0.013371	0.000010	0.004283	0.163871	0.769562	0.048861	0.000000	0.000000	0.000042
160	0.012737	0.000009	0.004079	0.163848	0.770383	0.048900	0.000000	0.000000	0.000044
161	0.011945	0.000013	0.003903	0.164279	0.770901	0.048919	0.000000	0.000000	0.000040
162	0.011141	0.000014	0.003704	0.164541	0.772004	0.048553	0.000000	0.000000	0.000043
163	0.010573	0.000014	0.003509	0.165177	0.771961	0.048730	0.000000	0.000000	0.000036
164	0.009921	0.000018	0.003316	0.165423	0.772538	0.048744	0.000000	0.000000	0.000040
165	0.009505	0.000017	0.003136	0.165581	0.772979	0.048748	0.000000	0.000000	0.000034
166	0.008897	0.000017	0.003022	0.165838	0.773309	0.048884	0.000000	0.000000	0.000033
167	0.008502	0.000018	0.002840	0.165766	0.773853	0.048980	0.000000	0.000000	0.000041
168	0.007945	0.000010	0.002626	0.166124	0.774152	0.049098	0.000000	0.000000	0.000045
169	0.007472	0.000009	0.002453	0.166404	0.774552	0.049062	0.000000	0.000000	0.000048
170	0.007031	0.000008	0.002341	0.166371	0.775128	0.049076	0.000000	0.000000	0.000045
171	0.006694	0.000007	0.002227	0.166399	0.775687	0.048953	0.000000	0.000000	0.000033
172	0.006299	0.000004	0.002145	0.166372	0.775973	0.049169	0.000000	0.000000	0.000038
173	0.005849	0.000007	0.002014	0.166088	0.776771	0.049242	0.000000	0.000000	0.000029
174	0.005578	0.000008	0.001931	0.166341	0.776709	0.049405	0.000000	0.000000	0.000028
175	0.005345	0.000006	0.001819	0.166076	0.777069	0.049658	0.000000	0.000000	0.000027
176	0.005028	0.000005	0.001707	0.165823	0.777606	0.049807	0.000000	0.000000	0.000024
177	0.004745	0.000006	0.001621	0.165903	0.778154	0.049546	0.000000	0.000000	0.000025
178	0.004417	0.000000	0.001578	0.165802	0.778565	0.049618	0.000000	0.000000	0.000020
179	0.004136	0.000000	0.001584	0.165580	0.778992	0.049693	0.000000	0.000000	0.000015
180	0.003907	0.000000	0.001519	0.165861	0.779154	0.049548	0.000000	0.000000	0.000011
181	0.003729	0.000000	0.001442	0.165918	0.779064	0.049836	0.000000	0.000000	0.000011
182	0.003494	0.000000	0.001387	0.165759	0.779283	0.050069	0.000000	0.000000	0.000008
183	0.003276	0.000000	0.001323	0.166237	0.778914	0.050243	0.000000	0.000000	0.000007
184	0.003114	0.000000	0.001273	0.165926	0.779354	0.050324	0.000000	0.000000	0.000009
185	0.002952	0.000000	0.001211	0.166069	0.779364	0.050394	0.000000	0.000000	0.000010
186	0.002787	0.000000	0.001151	0.165848	0.779743	0.050460	0.000000	0.000000	0.000011
187	0.002646	0.000000	0.001066	0.166125	0.779888	0.050267	0.000000	0.000000	0.000008
188	0.002513	0.000000	0.001072	0.166073	0.780159	0.050177	0.000000	0.000000	0.000006
189	0.002408	0.000000	0.001023	0.165854	0.780652	0.050062	0.000000	0.000000	0.000001
190	0.002308	0.000000	0.000974	0.165725	0.780834	0.050157	0.000000	0.000000	0.000002
191	0.002148	0.000000	0.000945	0.165444	0.781287	0.050175	0.000000	0.000000	0.000001
192	0.002069	0.000000	0.000884	0.165972	0.781161	0.049912	0.000000	0.000000	0.000002
193	0.001991	0.000000	0.000869	0.165991	0.781156	0.049993	0.000000	0.000000	0.000000
194	0.001936	0.000000	0.000815	0.165527	0.781782	0.049939	0.000000	0.000000	0.000001
195	0.001894	0.000000	0.000751	0.165510	0.781575	0.050270	0.000000	0.000000	0.000000
196	0.001794	0.000000	0.000731	0.165342	0.781788	0.050345	0.000000	0.000000	0.000000
197	0.001734	0.000000	0.000660	0.165221	0.782142	0.050243	0.000000	0.000000	0.000000
198	0.001614	0.000000	0.000600	0.165073	0.782392	0.050321	0.000000	0.000000	0.000000
199	0.001510	0.000000	0.000576	0.165357	0.782208	0.050349	0.000000	0.000000	0.000000
200	0.001430	0.000000	0.000536	0.165071	0.782762	0.050201	0.000000	0.000000	0.000000
201	0.001349	0.000000	0.000524	0.165389	0.782310	0.050428	0.000000	0.000000	0.000000
202	0.001276	0.000000	0.000514	0.165019	0.783186	0.050005	0.000000	0.000000	0.000000
203	0.001260	0.000000	0.000497	0.164522	0.783396	0.050325	0.000000	0.000000	0.000000
204	0.001172	0.000000	0.000495	0.164631	0.783318	0.050384	0.000000	0.000000	0.000000
205	0.001115	0.000000	0.000468	0.164673	0.783424	0.050320	0.000000	0.000000	0.000000
206	0.001041	0.000000	0.000432	0.164388	0.783791	0.050348	0.000000	0.000000	0.000000
207	0.000978	0.000000	0.000394	0.164369	0.783699	0.050560	0.000000	0.000000	0.000000
208	0.000897	0.000000	0.000395	0.164355	0.783490	0.050863	0.000000	0.000000	0.000000
209	0.000886	0.000000	0.000388	0.164355	0.783394	0.050977	0.000000	0.000000	0.000000
210	0.000862	0.000000	0.000395	0.164173	0.783622	0.050948	0.000000	0.000000	0.000000
211	0.000813	0.000000	0.000386	0.163684	0.784386	0.050731	0.000000	0.000000	0.000000
212	0.000786	0.000000	0.000373	0.163919	0.784111	0.050811	0.000000	0.000000	0.000000
213	0.000739	0.000000	0.000369	0.164052	0.783799	0.051041	0.000000	0.000000	0.000000
214	0.000679	0.000000	0.000352	0.163489	0.784044	0.051436	0.000000	0.000000	0.000000
215	0.000625	0.000000	0.000342	0.163725	0.783830	0.051478	0.000000	0.000000	0.000000
216	0.000612	0.000000	0.000354	0.163210	0.784554	0.051270	0.000000	0.000000	0.000000
217	0.000577	0.000000	0.000342	0.163641	0.783994	0.051446	0.000000	0.000000	0.000000
218	0.000556	0.000000	0.000327	0.164000	0.783705	0.051412	0.000000	0.000000	0.000000
219	0.000535	0.000000	0.000317	0.164025	0.783879	0.051244	0.000000	0.000000	0.000000
220	0.000486	0.000000	0.000315	0.163874	0.783702	0.051623	0.000000	0.000000	0.000000
221	0.000436	0.000000	0.000308	0.164008	0.783541	0.051707	0.000000	0.000000	0.000000
222	0.000426	0.000000	0.000302	0.163771	0.783427	0.052074	0.000000	0.000000	0.000000
223	0.000414	0.000000	0.000305	0.164214	0.783088	0.051979	0.000000	0.000000	0.000000
224	0.000396	0.000000	0.000293	0.163915	0.783702	0.051694	0.000000	0.000000	0.000000
225	0.000371	0.000000	0.000273	0.163944	0.783424	0.051988	0.000000	0.000000	0.000000
226	0.000334	0.000000	0.000262	0.163915	0.783483	0.052006	0.000000	0.000000	0.000000
227	0.000320	0.000000	0.000224	0.164276	0.783228	0.051952	0.000000	0.000000	0.000000
228	0.000317	0.000000	0.000222	0.163974	0.783458	0.052029	0.000000	0.000000	0.000000
229	0.000303	0.000000	0.000226	0.163856	0.783775	0.051840	0.000000	0.000000	0.000000
230	0.000277	0.000000	0.000223	0.164130	0.783630	0.051740	0.000000	0.000000	0.000000
231	0.000282	0.000000	0.000221	0.163869	0.783692	0.051936	0.000000	0.000000	0.000000
232	0.000244	0.000000	0.000197	0.164452	0.783134	0.051973	0.000000	0.000000	0.000000
233	0.000244	0.000000	0.000182	0.164313	0.783509	0.051752	0.000000	0.000000	0.000000
234	0.000227	0.000000	0.000181	0.164277	0.783761	0.051554	0.000000	0.000000	0.000000
235	0.000235	0.000000	0.000183	0.164334	0.783523	0.051725	0.000000	0.000000	0.000000
236	0.000216	0.000000	0.000184	0.164252	0.783469	0.051879	0.000000	0.000000	0.000000
237	0.000218	0.000000	0.000188	0.164165	0.783709	0.051720	0.000000	0.000000	0.000000
238	0.000194	0.000000	0.000188	0.164003	0.783746	0.051869	0.000000	0.000000	0.000000
239	0.000184	0.000000	0.000198	0.164028	0.783952	0.051638	0.000000	0.000000	0.000000
240	0.000187	0.000000	0.000191	0.163810	0.784147	0.051665	0.000000	0.000000	0.000000
241	0.000171	0.000000	0.000160	0.164108	0.784198	0.051363	0.000000	0.000000	0.000000
242	0.000169	0.000000	0.000147	0.164410	0.784040	0.051234	0.000000	0.000000	0.000000
243	0.000158	0.000000	0.000144	0.164264	0.784372	0.051062	0.000000	0.000000	0.000000
244	0.000139	0.000000	0.000123	0.164289	0.784474	0.050975	0.000000	0.000000	0.000000
245	0.000144	0.000000	0.000120	0.164233	0.784431	0.051072	0.000000	0.000000	0.000000
246	0.000136	0.000000	0.000118	0.164415	0.784491	0.050840	0.000000	0.000000	0.000000
247	0.000144	0.000000	0.000107	0.164470	0.784344	0.050935	0.000000	0.000000	0.000000
248	0.000128	0.000000	0.000093	0.164614	0.784176	0.050989	0.000000	0.000000	0.000000
249	0.000102	0.000000	0.000095	0.164322	0.784399	0.051082	0.000000	0.000000	0.000000
250	0.000084	0.000000	0.000086	0.164602	0.783824	0.051404	0.000000	0.000000	0.000000
251	0.000071	0.000000	0.000094	0.164805	0.783723	0.051307	0.000000	0.000000	0.000000
252	0.000071	0.000000	0.000092	0.164568	0.784170	0.051099	0.000000	0.000000	0.000000
253	0.000071	0.000000	0.000089	0.164879	0.783657	0.051304	0.000000	0.000000	0.000000
254	0.000068	0.000000	0.000085	0.164928	0.783781	0.051138	0.000000	0.000000	0.000000
255	0.000068	0.000000	0.000081	0.164785	0.783956	0.051110	0.000000	0.000000	0.000000
256	0.000073	0.000000	0.000075	0.165215	0.783625	0.051012	0.000000	0.000000	0.000000
257	0.000064	0.000000	0.000060	0.165655	0.783129	0.051092	0.000000	0.000000	0.000000
258	0.000063	0.000000	0.000056	0.165685	0.782989	0.051207	0.000000	0.000000	0.000000
259	0.000062	0.000000	0.000051	0.165548	0.783000	0.051339	0.000000	0.000000	0.000000
260	0.000064	0.000000	0.000045	0.165523	0.783242	0.051126	0.000000	0.000000	0.000000
261	0.000057	0.000000	0.000039	0.165384	0.783359	0.051161	0.000000	0.000000	0.000000
262	0.000038	0.000000	0.000036	0.165579	0.783018	0.051329	0.000000	0.000000	0.000000
263	0.000040	0.000000	0.000034	0.166242	0.782359	0.051325	0.000000	0.000000	0.000000
264	0.000036	0.000000	0.000031	0.166278	0.782478	0.051177	0.000000	0.000000	0.000000
265	0.000034	0.000000	0.000025	0.166598	0.782118	0.051225	0.000000	0.000000	0.000000
266	0.000033	0.000000	0.000025	0.166558	0.782124	0.051260	0.000000	0.000000	0.000000
267	0.000036	0.000000	0.000032	0.166856	0.781793	0.051283	0.000000	0.000000	0.000000
268	0.000033	0.000000	0.000031	0.167060	0.781448	0.051428	0.000000	0.000000	0.000000
269	0.000029	0.000000	0.000025	0.166794	0.781649	0.051503	0.000000	0.000000	0.000000
270	0.000033	0.000000	0.000022	0.166988	0.781500	0.051457	0.000000	0.000000	0.000000
271	0.000035	0.000000	0.000015	0.166764	0.781683	0.051503	0.000000	0.000000	0.000000
272	0.000035	0.000000	0.000010	0.166603	0.781787	0.051565	0.000000	0.000000	0.000000
273	0.000036	0.000000	0.000012	0.166540	0.782141	0.051271	0.000000	0.000000	0.000000
274	0.000035	0.000000	0.000007	0.166868	0.781693	0.051397	0.000000	0.000000	0.000000
275	0.000029	0.000000	0.000007	0.166966	0.781619	0.051379	0.000000	0.000000	0.000000
276	0.000033	0.000000	0.000008	0.167093	0.781647	0.051219	0.000000	0.000000	0.000000
277	0.000032	0.000000	0.000011	0.167178	0.781348	0.051431	0.000000	0.000000	0.000000
278	0.000035	0.000000	0.000012	0.167051	0.781432	0.051470	0.000000	0.000000	0.000000
279	0.000036	0.000000	0.000013	0.167054	0.781429	0.051468	0.000000	0.000000	0.000000
280	0.000028	0.000000	0.000010	0.167315	0.780992	0.051655	0.000000	0.000000	0.000000
281	0.000029	0.000000	0.000007	0.166975	0.781371	0.051618	0.000000	0.000000	0.000000
282	0.000034	0.000000	0.000006	0.167232	0.780866	0.051862	0.000000	0.000000	0.000000
283	0.000037	0.000000	0.000002	0.167358	0.780921	0.051682	0.000000	0.000000	0.000000
284	0.000028	0.000000	0.000001	0.167708	0.780406	0.051857	0.000000	0.000000	0.000000
285	0.000030	0.000000	0.000000	0.167229	0.781047	0.051694	0.000000	0.000000	0.000000
286	0.000032	0.000000	0.000000	0.167698	0.780546	0.051724	0.000000	0.000000	0.000000
287	0.000035	0.000000	0.000000	0.167778	0.780406	0.051781	0.000000	0.000000	0.000000
288	0.000032	0.000000	0.000000	0.167861	0.780335	0.051772	0.000000	0.000000	0.000000
289	0.000037	0.000000	0.000000	0.167809	0.780307	0.051847	0.000000	0.000000	0.000000
290	0.000032	0.000000	0.000000	0.167669	0.780564	0.051735	0.000000	0.000000	0.000000
291	0.000031	0.000000	0.000000	0.167163	0.781119	0.051687	0.000000	0.000000	0.000000
292	0.000035	0.000000	0.000000	0.167403	0.780834	0.051728	0.000000	0.000000	0.000000
293	0.000042	0.000000	0.000000	0.167608	0.780524	0.051826	0.000000	0.000000	0.000000
294	0.000049	0.000000	0.000000	0.167440	0.780635	0.051876	0.000000	0.000000	0.000000
295	0.000046	0.000000	0.000000	0.167258	0.780780	0.051916	0.000000	0.000000	0.000000
296	0.000047	0.000000	0.000000	0.167258	0.780890	0.051805	0.000000	0.000000	0.000000
297	0.000032	0.000000	0.000000	0.167552	0.780554	0.051862	0.000000	0.000000	0.000000
298	0.000037	0.000000	0.000000	0.167575	0.780349	0.052039	0.000000	0.000000	0.000000
299	0.000038	0.000000	0.000000	0.167276	0.780592	0.052094	0.000000	0.000000	0.000000
300	0.000046	0.000000	0.000000	0.167116	0.780710	0.052128	0.000000	0.000000	0.000000
301	0.000041	0.000000	0.000000	0.167434	0.780146	0.052379	0.000000	0.000000	0.000000
302	0.000036	0.000000	0.000000	0.167494	0.780326	0.052144	0.000000	0.000000	0.000000
303	0.000041	0.000000	0.000000	0.167385	0.780349	0.052225	0.000000	0.000000	0.000000
304	0.000034	0.000000	0.000000	0.167477	0.780217	0.052272	0.000000	0.000000	0.000000
305	0.000037	0.000000	0.000000	0.167294	0.780423	0.052246	0.000000	0.000000	0.000000
306	0.000044	0.000000	0.000000	0.167034	0.780405	0.052517	0.000000	0.000000	0.000000
307	0.000032	0.000000	0.000000	0.167209	0.780359	0.052400	0.000000	0.000000	0.000000
308	0.000028	0.000000	0.000000	0.167385	0.780281	0.052306	0.000000	0.000000	0.000000
309	0.000027	0.000000	0.000000	0.167079	0.780238	0.052656	0.000000	0.000000	0.000000
310	0.000032	0.000000	0.000000	0.167135	0.779956	0.052877	0.000000	0.000000	0.000000
311	0.000034	0.000000	0.000000	0.166922	0.780169	0.052875	0.000000	0.000000	0.000000
312	0.000036	0.000000	0.000000	0.166939	0.780090	0.052935	0.000000	0.000000	0.000000
313	0.000037	0.000000	0.000000	0.166981	0.780177	0.052805	0.000000	0.000000	0.000000
314	0.000035	0.000000	0.000000	0.167046	0.779959	0.052960	0.000000	0.000000	0.000000
315	0.000032	0.000000	0.000000	0.166897	0.780110	0.052961	0.000000	0.000000	0.000000
316	0.000020	0.000000	0.000000	0.166862	0.779952	0.053166	0.000000	0.000000	0.000000
317	0.000022	0.000000	0.000000	0.166401	0.780213	0.053364	0.000000	0.000000	0.000000
318	0.000024	0.000000	0.000000	0.166181	0.780960	0.052835	0.000000	0.000000	0.000000
319	0.000027	0.000000	0.000000	0.166488	0.781029	0.052456	0.000000	0.000000	0.000000
320	0.000028	0.000000	0.000000	0.166134	0.781204	0.052634	0.000000	0.000000	0.000000
321	0.000025	0.000000	0.000000	0.166344	0.781223	0.052408	0.000000	0.000000	0.000000
322	0.000028	0.000000	0.000000	0.166212	0.781176	0.052584	0.000000	0.000000	0.000000
323	0.000019	0.000000	0.000000	0.166685	0.780893	0.052403	0.000000	0.000000	0.000000
324	0.000026	0.000000	0.000000	0.166411	0.780958	0.052605	0.000000	0.000000	0.000000
325	0.000018	0.000000	0.000000	0.166220	0.781327	0.052435	0.000000	0.000000	0.000000
326	0.000015	0.000000	0.000000	0.165837	0.781642	0.052506	0.000000	0.000000	0.000000
327	0.000014	0.000000	0.000000	0.166559	0.780708	0.052719	0.000000	0.000000	0.000000
328	0.000013	0.000000	0.000000	0.166844	0.780424	0.052719	0.000000	0.000000	0.000000
329	0.000022	0.000000	0.000000	0.166645	0.780704	0.052629	0.000000	0.000000	0.000000
330	0.000023	0.000000	0.000000	0.167196	0.780062	0.052719	0.000000	0.000000	0.000000
331	0.000017	0.000000	0.000000	0.167182	0.779883	0.052918	0.000000	0.000000	0.000000
332	0.000021	0.000000	0.000000	0.167140	0.779866	0.052973	0.000000	0.000000	0.000000
333	0.000018	0.000000	0.000000	0.166907	0.779883	0.053192	0.000000	0.000000	0.000000
334	0.000021	0.000000	0.000000	0.166731	0.779919	0.053329	0.000000	0.000000	0.000000
335	0.000023	0.000000	0.000000	0.166488	0.780301	0.053188	0.000000	0.000000	0.000000
336	0.000016	0.000000	0.000000	0.166575	0.780080	0.053329	0.000000	0.000000	0.000000
337	0.000013	0.000000	0.000000	0.166061	0.780644	0.053282	0.000000	0.000000	0.000000
338	0.000006	0.000000	0.000000	0.165607	0.781101	0.053286	0.000000	0.000000	0.000000
339	0.000003	0.000000	0.000000	0.165403	0.781271	0.053323	0.000000	0.000000	0.000000
340	0.000004	0.000000	0.000000	0.165408	0.781153	0.053435	0.000000	0.000000	0.000000
341	0.000002	0.000000	0.000000	0.165331	0.781165	0.053502	0.000000	0.000000	0.000000
342	0.000000	0.000000	0.000000	0.165239	0.781289	0.053472	0.000000	0.000000	0.000000
343	0.000000	0.000000	0.000000	0.165257	0.781209	0.053534	0.000000	0.000000	0.000000
344	0.000000	0.000000	0.000000	0.164894	0.781985	0.053121	0.000000	0.000000	0.000000
345	0.000000	0.000000	0.000000	0.164672	0.782224	0.053104	0.000000	0.000000	0.000000
346	0.000000	0.000000	0.000000	0.164541	0.782040	0.053419	0.000000	0.000000	0.000000
347	0.000000	0.000000	0.000000	0.164637	0.781996	0.053367	0.000000	0.000000	0.000000
348	0.000000	0.000000	0.000000	0.164191	0.782127	0.053682	0.000000	0.000000	0.000000
349	0.000000	0.000000	0.000000	0.164280	0.782046	0.053674	0.000000	0.000000	0.000000
350	0.000000	0.000000	0.000000	0.164343	0.782020	0.053637	0.000000	0.000000	0.000000
351	0.000000	0.000000	0.000000	0.164157	0.782227	0.053616	0.000000	0.000000	0.000000
352	0.000000	0.000000	0.000000	0.164311	0.782310	0.053379	0.000000	0.000000	0.000000
353	0.000000	0.000000	0.000000	0.164781	0.781677	0.053542	0.000000	0.000000	0.000000
354	0.000000	0.000000	0.000000	0.164617	0.781697	0.053686	0.000000	0.000000	0.000000
355	0.000000	0.000000	0.000000	0.164507	0.781832	0.053661	0.000000	0.000000	0.000000
356	0.000000	0.000000	0.000000	0.164900	0.781126	0.053974	0.000000	0.000000	0.000000
357	0.000000	0.000000	0.000000	0.164801	0.781046	0.054153	0.000000	0.000000	0.000000
358	0.000000	0.000000	0.000000	0.164735	0.780920	0.054345	0.000000	0.000000	0.000000
359	0.000000	0.000000	0.000000	0.164774	0.780946	0.054280	0.000000	0.000000	0.000000
360	0.000000	0.000000	0.000000	0.165082	0.780670	0.054248	0.000000	0.000000	0.000000
361	0.000000	0.000000	0.000000	0.165234	0.780497	0.054269	0.000000	0.000000	0.000000
362	0.000000	0.000000	0.000000	0.165632	0.780097	0.054271	0.000000	0.000000	0.000000
363	0.000000	0.000000	0.000000	0.165672	0.780127	0.054201	0.000000	0.000000	0.000000
364	0.000000	0.000000	0.000000	0.165444	0.780425	0.054131	0.000000	0.000000	0.000000
365	0.000000	0.000000	0.000000	0.165582	0.780517	0.053901	0.000000	0.000000	0.000000
366	0.000000	0.000000	0.000000	0.165651	0.780501	0.053848	0.000000	0.000000	0.000000
367	0.000000	0.000000	0.000000	0.165345	0.780637	0.054018	0.000000	0.000000	0.000000
368	0.000000	0.000000	0.000000	0.165511	0.780577	0.053912	0.000000	0.000000	0.000000
369	0.000000	0.000000	0.000000	0.165877	0.780325	0.053798	0.000000	0.000000	0.000000
370	0.000000	0.000000	0.000000	0.166232	0.779633	0.054135	0.000000	0.000000	0.000000
371	0.000000	0.000000	0.000000	0.166199	0.779757	0.054044	0.000000	0.000000	0.000000
372	0.000000	0.000000	0.000000	0.166553	0.779219	0.054228	0.000000	0.000000	0.000000
373	0.000000	0.000000	0.000000	0.166790	0.779096	0.054114	0.000000	0.000000	0.000000
374	0.000000	0.000000	0.000000	0.166825	0.778950	0.054225	0.000000	0.000000	0.000000
375	0.000000	0.000000	0.000000	0.166674	0.779251	0.054075	0.000000	0.000000	0.000000
376	0.000000	0.000000	0.000000	0.166506	0.779355	0.054139	0.000000	0.000000	0.000000
377	0.000000	0.000000	0.000000	0.166645	0.779264	0.054091	0.000000	0.000000	0.000000
378	0.000000	0.000000	0.000000	0.166570	0.779078	0.054352	0.000000	0.000000	0.000000
379	0.000000	0.000000	0.000000	0.166482	0.778942	0.054576	0.000000	0.000000	0.000000
380	0.000000	0.000000	0.000000	0.166487	0.778822	0.054691	0.000000	0.000000	0.000000
381	0.000000	0.000000	0.000000	0.166907	0.778551	0.054542	0.000000	0.000000	0.000000
382	0.000000	0.000000	0.000000	0.166812	0.778856	0.054332	0.000000	0.000000	0.000000
383	0.000000	0.000000	0.000000	0.167002	0.778367	0.054631	0.000000	0.000000	0.000000
384	0.000000	0.000000	0.000000	0.166577	0.778408	0.055015	0.000000	0.000000	0.000000
385	0.000000	0.000000	0.000000	0.166537	0.778503	0.054960	0.000000	0.000000	0.000000
386	0.000000	0.000000	0.000000	0.166931	0.778255	0.054814	0.000000	0.000000	0.000000
387	0.000000	0.000000	0.000000	0.167153	0.777918	0.054929	0.000000	0.000000	0.000000
388	0.000000	0.000000	0.000000	0.167243	0.778019	0.054738	0.000000	0.000000	0.000000
389	0.000000	0.000000	0.000000	0.167548	0.777679	0.054773	0.000000	0.000000	0.000000
390	0.000000	0.000000	0.000000	0.167797	0.777351	0.054852	0.000000	0.000000	0.000000
391	0.000000	0.000000	0.000000	0.167816	0.777390	0.054794	0.000000	0.000000	0.000000
392	0.000000	0.000000	0.000000	0.168293	0.776892	0.054815	0.000000	0.000000	0.000000
393	0.000000	0.000000	0.000000	0.168235	0.776792	0.054973	0.000000	0.000000	0.000000
394	0.000000	0.000000	0.000000	0.167989	0.776786	0.055225	0.000000	0.000000	0.000000
395	0.000000	0.000000	0.000000	0.168454	0.776681	0.054865	0.000000	0.000000	0.000000
396	0.000000	0.000000	0.000000	0.168694	0.776196	0.055110	0.000000	0.000000	0.000000
397	0.000000	0.000000	0.000000	0.169063	0.776003	0.054934	0.000000	0.000000	0.000000
398	0.000000	0.000000	0.000000	0.168768	0.776450	0.054782	0.000000	0.000000	0.000000
399	0.000000	0.000000	0.000000	0.169314	0.775994	0.054692	0.000000	0.000000	0.000000
400	0.000000	0.000000	0.000000	0.169091	0.776363	0.054546	0.000000	0.000000	0.000000
401	0.000000	0.000000	0.000000	0.169216	0.776461	0.054323	0.000000	0.000000	0.000000
402	0.000000	0.000000	0.000000	0.168783	0.776805	0.054412	0.000000	0.000000	0.000000
403	0.000000	0.000000	0.000000	0.168629	0.777098	0.054273	0.000000	0.000000	0.000000
404	0.000000	0.000000	0.000000	0.168771	0.776904	0.054325	0.000000	0.000000	0.000000
405	0.000000	0.000000	0.000000	0.168464	0.777316	0.054220	0.000000	0.000000	0.000000
406	0.000000	0.000000	0.000000	0.168507	0.777036	0.054457	0.000000	0.000000	0.000000
407	0.000000	0.000000	0.000000	0.168952	0.776653	0.054395	0.000000	0.000000	0.000000
408	0.000000	0.000000	0.000000	0.169001	0.776832	0.054167	0.000000	0.000000	0.000000
409	0.000000	0.000000	0.000000	0.169030	0.776685	0.054285	0.000000	0.000000	0.000000
410	0.000000	0.000000	0.000000	0.168461	0.777064	0.054475	0.000000	0.000000	0.000000
411	0.000000	0.000000	0.000000	0.168540	0.777226	0.054234	0.000000	0.000000	0.000000
412	0.000000	0.000000	0.000000	0.168821	0.776899	0.054280	0.000000	0.000000	0.000000
413	0.000000	0.000000	0.000000	0.169312	0.776237	0.054451	0.000000	0.000000	0.000000
414	0.000000	0.000000	0.000000	0.169027	0.776283	0.054690	0.000000	0.000000	0.000000
415	0.000000	0.000000	0.000000	0.169322	0.775950	0.054728	0.000000	0.000000	0.000000
416	0.000000	0.000000	0.000000	0.169516	0.775780	0.054704	0.000000	0.000000	0.000000
417	0.000000	0.000000	0.000000	0.169525	0.775500	0.054975	0.000000	0.000000	0.000000
418	0.000000	0.000000	0.000000	0.169680	0.775404	0.054916	0.000000	0.000000	0.000000
419	0.000000	0.000000	0.000000	0.169527	0.775458	0.055015	0.000000	0.000000	0.000000
420	0.000000	0.000000	0.000000	0.169451	0.775486	0.055063	0.000000	0.000000	0.000000
421	0.000000	0.000000	0.000000	0.169806	0.775110	0.055084	0.000000	0.000000	0.000000
422	0.000000	0.000000	0.000000	0.169841	0.775162	0.054997	0.000000	0.000000	0.000000
423	0.000000	0.000000	0.000000	0.170006	0.775328	0.054666	0.000000	0.000000	0.000000
424	0.000000	0.000000	0.000000	0.169795	0.775213	0.054992	0.000000	0.000000	0.000000
425	0.000000	0.000000	0.000000	0.170120	0.774780	0.055100	0.000000	0.000000	0.000000
426	0.000000	0.000000	0.000000	0.170119	0.774450	0.055431	0.000000	0.000000	0.000000
427	0.000000	0.000000	0.000000	0.169912	0.774650	0.055438	0.000000	0.000000	0.000000
428	0.000000	0.000000	0.000000	0.169668	0.774957	0.055375	0.000000	0.000000	0.000000
429	0.000000	0.000000	0.000000	0.169652	0.774866	0.055482	0.000000	0.000000	0.000000
430	0.000000	0.000000	0.000000	0.170179	0.774339	0.055482	0.000000	0.000000	0.000000
431	0.000000	0.000000	0.000000	0.169706	0.774979	0.055315	0.000000	0.000000	0.000000
432	0.000000	0.000000	0.000000	0.169413	0.775193	0.055394	0.000000	0.000000	0.000000
433	0.000000	0.000000	0.000000	0.169488	0.775303	0.055209	0.000000	0.000000	0.000000
434	0.000000	0.000000	0.000000	0.169687	0.774895	0.055418	0.000000	0.000000	0.000000
435	0.000000	0.000000	0.000000	0.169129	0.775649	0.055222	0.000000	0.000000	0.000000
436	0.000000	0.000000	0.000000	0.169025	0.775580	0.055395	0.000000	0.000000	0.000000
437	0.000000	0.000000	0.000000	0.168864	0.775869	0.055267	0.000000	0.000000	0.000000
438	0.000000	0.000000	0.000000	0.169086	0.775647	0.055267	0.000000	0.000000	0.000000
439	0.000000	0.000000	0.000000	0.169060	0.775474	0.055466	0.000000	0.000000	0.000000
440	0.000000	0.000000	0.000000	0.168664	0.775950	0.055386	0.000000	0.000000	0.000000
441	0.000000	0.000000	0.000000	0.168842	0.775632	0.055526	0.000000	0.000000	0.000000
442	0.000000	0.000000	0.000000	0.168876	0.775693	0.055431	0.000000	0.000000	0.000000
443	0.000000	0.000000	0.000000	0.168955	0.775652	0.055393	0.000000	0.000000	0.000000
444	0.000000	0.000000	0.000000	0.169222	0.775728	0.055050	0.000000	0.000000	0.000000
445	0.000000	0.000000	0.000000	0.169240	0.776066	0.054694	0.000000	0.000000	0.000000
446	0.000000	0.000000	0.000000	0.169471	0.775524	0.055005	0.000000	0.000000	0.000000
447	0.000000	0.000000	0.000000	0.169366	0.775680	0.054954	0.000000	0.000000	0.000000
448	0.000000	0.000000	0.000000	0.168918	0.776185	0.054897	0.000000	0.000000	0.000000
449	0.000000	0.000000	0.000000	0.169235	0.775974	0.054791	0.000000	0.000000	0.000000
450	0.000000	0.000000	0.000000	0.169299	0.775761	0.054940	0.000000	0.000000	0.000000
451	0.000000	0.000000	0.000000	0.169302	0.775838	0.054860	0.000000	0.000000	0.000000
452	0.000000	0.000000	0.000000	0.169311	0.776012	0.054677	0.000000	0.000000	0.000000
453	0.000000	0.000000	0.000000	0.169603	0.775508	0.054889	0.000000	0.000000	0.000000
454	0.000000	0.000000	0.000000	0.169624	0.775273	0.055103	0.000000	0.000000	0.000000
455	0.000000	0.000000	0.000000	0.170089	0.774480	0.055431	0.000000	0.000000	0.000000
456	0.000000	0.000000	0.000000	0.169822	0.775224	0.054954	0.000000	0.000000	0.000000
457	0.000000	0.000000	0.000000	0.170147	0.774978	0.054875	0.000000	0.000000	0.000000
458	0.000000	0.000000	0.000000	0.170049	0.775032	0.054919	0.000000	0.000000	0.000000
459	0.000000	0.000000	0.000000	0.169790	0.775139	0.055071	0.000000	0.000000	0.000000
460	0.000000	0.000000	0.000000	0.169514	0.775238	0.055248	0.000000	0.000000	0.000000
461	0.000000	0.000000	0.000000	0.169083	0.775612	0.055305	0.000000	0.000000	0.000000
462	0.000000	0.000000	0.000000	0.168765	0.775702	0.055533	0.000000	0.000000	0.000000
463	0.000000	0.000000	0.000000	0.169307	0.775453	0.055240	0.000000	0.000000	0.000000
464	0.000000	0.000000	0.000000	0.169044	0.775374	0.055582	0.000000	0.000000	0.000000
465	0.000000	0.000000	0.000000	0.169181	0.775162	0.055657	0.000000	0.000000	0.000000
466	0.000000	0.000000	0.000000	0.168803	0.775628	0.055569	0.000000	0.000000	0.000000
467	0.000000	0.000000	0.000000	0.168365	0.776190	0.055445	0.000000	0.000000	0.000000
468	0.000000	0.000000	0.000000	0.168160	0.776378	0.055462	0.000000	0.000000	0.000000
469	0.000000	0.000000	0.000000	0.167764	0.776933	0.055303	0.000000	0.000000	0.000000
470	0.000000	0.000000	0.000000	0.167553	0.777340	0.055107	0.000000	0.000000	0.000000
