0	0.290663	0.057897	0.229473	0.157588	0.029913	0.111872	0.085455	0.012259	0.024880
1	0.242996	0.050486	0.208380	0.142839	0.029302	0.121751	0.103416	0.020032	0.080798
2	0.253074	0.051622	0.214912	0.139212	0.030168	0.120310	0.092508	0.017978	0.080216
3	0.267852	0.053196	0.223335	0.135487	0.031589	0.115635	0.080888	0.015559	0.076459
4	0.283019	0.054468	0.231269	0.131873	0.032571	0.111003	0.070345	0.013191	0.072261
5	0.298183	0.055873	0.238704	0.126841	0.033587	0.105702	0.061295	0.011197	0.068618
6	0.313978	0.056752	0.245094	0.121869	0.034711	0.100292	0.053210	0.009437	0.064657
7	0.328856	0.057308	0.250819	0.117064	0.035485	0.094712	0.046489	0.008231	0.061036
8	0.342964	0.057757	0.256434	0.111346	0.036655	0.089507	0.040670	0.006930	0.057737
9	0.356542	0.058098	0.261353	0.106104	0.037987	0.084301	0.035043	0.005996	0.054576
10	0.369522	0.057965	0.265722	0.100711	0.039110	0.079048	0.030704	0.005204	0.052014
11	0.381702	0.057781	0.269308	0.096003	0.040555	0.074338	0.026655	0.004471	0.049187
12	0.392467	0.057660	0.274088	0.090683	0.042006	0.069563	0.023044	0.003986	0.046503
13	0.403464	0.057335	0.277192	0.085892	0.043220	0.065667	0.020155	0.003476	0.043599
14	0.413063	0.056849	0.280828	0.081535	0.044618	0.061393	0.017459	0.002960	0.041295
15	0.422800	0.056127	0.283776	0.076353	0.046195	0.057881	0.015207	0.002540	0.039121
16	0.430945	0.055459	0.286370	0.072375	0.047553	0.054542	0.013378	0.002193	0.037185
17	0.438828	0.054825	0.288802	0.068365	0.049376	0.051228	0.011540	0.001828	0.035208
18	0.446424	0.053998	0.290985	0.064543	0.051143	0.047848	0.009932	0.001639	0.033488
19	0.453235	0.053020	0.293233	0.060832	0.052894	0.044834	0.008806	0.001373	0.031773
20	0.460321	0.052309	0.294391	0.057265	0.054588	0.042187	0.007632	0.001178	0.030129
21	0.465817	0.051640	0.295980	0.054063	0.056160	0.039789	0.006774	0.001073	0.028704
22	0.471646	0.050719	0.297210	0.051030	0.058198	0.037126	0.006064	0.000888	0.027119
23	0.476916	0.049762	0.298104	0.048437	0.060163	0.034913	0.005332	0.000777	0.025596
24	0.481240	0.049093	0.299253	0.045736	0.061962	0.032918	0.004791	0.000686	0.024321
25	0.485426	0.048113	0.300117	0.043548	0.064226	0.030703	0.004205	0.000657	0.023005
26	0.489083	0.047341	0.300988	0.041055	0.066575	0.029013	0.003738	0.000540	0.021667
27	0.492879	0.046654	0.300843	0.039011	0.068837	0.027301	0.003330	0.000486	0.020659
28	0.496273	0.045823	0.301316	0.036942	0.071143	0.025773	0.002965	0.000401	0.019364
29	0.499179	0.044904	0.301450	0.035157	0.073608	0.024121	0.002597	0.000336	0.018648
30	0.502157	0.044014	0.301311	0.033230	0.075976	0.022765	0.002402	0.000303	0.017842
31	0.504640	0.043017	0.301028	0.031753	0.078767	0.021489	0.002102	0.000257	0.016947
32	0.505625	0.042233	0.301851	0.030200	0.081540	0.020187	0.001881	0.000228	0.016255
33	0.506977	0.041400	0.302586	0.028615	0.084103	0.018903	0.001687	0.000196	0.015533
34	0.508844	0.040707	0.301927	0.027257	0.086641	0.018037	0.001564	0.000163	0.014860
35	0.509807	0.040099	0.301811	0.025858	0.089774	0.016960	0.001344	0.000161	0.014186
36	0.510925	0.039340	0.301061	0.024723	0.093125	0.016068	0.001170	0.000145	0.013443
37	0.510984	0.038743	0.300617	0.023718	0.096598	0.015315	0.001016	0.000128	0.012881
38	0.510875	0.037859	0.300596	0.022850	0.100159	0.014512	0.000897	0.000121	0.012131
39	0.511791	0.037117	0.299490	0.021938	0.103347	0.013920	0.000782	0.000106	0.011509
40	0.511150	0.036547	0.298885	0.021054	0.107025	0.013318	0.000760	0.000099	0.011162
41	0.511164	0.035856	0.298315	0.020247	0.110178	0.012806	0.000678	0.000084	0.010672
42	0.510877	0.035142	0.297218	0.019566	0.114175	0.012225	0.000576	0.000082	0.010139
43	0.510414	0.034425	0.296307	0.018932	0.118086	0.011577	0.000503	0.000064	0.009692
44	0.509256	0.033692	0.296033	0.018204	0.121909	0.011159	0.000474	0.000047	0.009226
45	0.508137	0.032954	0.295291	0.017721	0.125974	0.010648	0.000409	0.000045	0.008821
46	0.507501	0.032280	0.293705	0.017070	0.130373	0.010141	0.000390	0.000038	0.008502
47	0.505610	0.031582	0.292851	0.016601	0.135055	0.009647	0.000326	0.000027	0.008301
48	0.504189	0.030950	0.291745	0.016160	0.139449	0.009293	0.000296	0.000020	0.007898
49	0.502315	0.030552	0.290431	0.015713	0.144338	0.008861	0.000253	0.000020	0.007517
50	0.501186	0.029850	0.288842	0.015030	0.149193	0.008466	0.000250	0.000016	0.007167
51	0.499229	0.029029	0.287462	0.014747	0.154032	0.008241	0.000215	0.000015	0.007030
52	0.497286	0.028416	0.286148	0.014378	0.159224	0.007753	0.000202	0.000011	0.006582
53	0.495161	0.027844	0.284930	0.013873	0.164072	0.007574	0.000197	0.000010	0.006339
54	0.493027	0.027244	0.283356	0.013484	0.169412	0.007251	0.000175	0.000011	0.006040
55	0.490592	0.026553	0.282165	0.013251	0.174421	0.007094	0.000164	0.000009	0.005751
56	0.487634	0.025929	0.280651	0.012847	0.180463	0.006890	0.000149	0.000006	0.005431
57	0.485575	0.024995	0.278851	0.012506	0.186195	0.006585	0.000128	0.000010	0.005155
58	0.484007	0.024233	0.276857	0.012142	0.191396	0.006450	0.000122	0.000005	0.004788
59	0.480630	0.023651	0.275412	0.011952	0.197332	0.006245	0.000119	0.000008	0.004651
60	0.477419	0.023007	0.273747	0.011528	0.203549	0.006165	0.000092	0.000005	0.004488
61	0.474509	0.022693	0.271621	0.011185	0.209590	0.006026	0.000082	0.000006	0.004288
62	0.471555	0.021896	0.269754	0.010853	0.215787	0.005933	0.000065	0.000003	0.004154
63	0.468240	0.021284	0.267957	0.010633	0.222115	0.005730	0.000062	0.000003	0.003976
64	0.465079	0.020779	0.265959	0.010438	0.228186	0.005603	0.000058	0.000002	0.003896
65	0.462157	0.020283	0.264058	0.010304	0.233978	0.005510	0.000060	0.000002	0.003648
66	0.458596	0.019769	0.262242	0.010095	0.240196	0.005437	0.000067	0.000000	0.003598
67	0.455513	0.019263	0.259603	0.009915	0.246970	0.005227	0.000067	0.000000	0.003442
68	0.451471	0.018856	0.257346	0.009712	0.254090	0.005104	0.000049	0.000000	0.003372
69	0.447704	0.018497	0.254682	0.009606	0.261120	0.005087	0.000038	0.000000	0.003266
70	0.443088	0.018122	0.253012	0.009307	0.268404	0.004920	0.000045	0.000000	0.003102
71	0.438791	0.017792	0.250538	0.009149	0.275948	0.004797	0.000038	0.000000	0.002947
72	0.435204	0.017101	0.247745	0.008984	0.283403	0.004724	0.000028	0.000000	0.002811
73	0.430640	0.016584	0.245594	0.008836	0.290946	0.004679	0.000027	0.000000	0.002694
74	0.426646	0.016129	0.242907	0.008751	0.298448	0.004474	0.000027	0.000000	0.002618
75	0.421718	0.015511	0.240784	0.008622	0.306434	0.004463	0.000021	0.000000	0.002447
76	0.417829	0.015076	0.237946	0.008468	0.314009	0.004304	0.000025	0.000000	0.002343
77	0.413161	0.014570	0.235744	0.008316	0.321642	0.004247	0.000023	0.000000	0.002297
78	0.408148	0.014265	0.233161	0.008154	0.329803	0.004223	0.000020	0.000000	0.002226
79	0.402737	0.013921	0.231190	0.007930	0.337990	0.004144	0.000015	0.000000	0.002073
80	0.398676	0.013424	0.227901	0.007974	0.345835	0.004106	0.000017	0.000000	0.002067
81	0.394203	0.013112	0.224912	0.007969	0.353744	0.004112	0.000018	0.000000	0.001930
82	0.389198	0.012573	0.222273	0.007940	0.362170	0.004009	0.000024	0.000000	0.001813
83	0.384215	0.012220	0.219678	0.007831	0.370292	0.004069	0.000018	0.000000	0.001677
84	0.378938	0.011783	0.216707	0.007783	0.379050	0.004061	0.000014	0.000000	0.001664
85	0.374046	0.011559	0.213678	0.007620	0.387401	0.004047	0.000012	0.000000	0.001637
86	0.369179	0.011228	0.210752	0.007654	0.395622	0.004051	0.000008	0.000000	0.001506
87	0.364036	0.011088	0.208284	0.007627	0.403487	0.004040	0.000011	0.000000	0.001427
88	0.358651	0.010766	0.205870	0.007522	0.411787	0.003999	0.000010	0.000000	0.001395
89	0.353532	0.010488	0.202913	0.007464	0.420337	0.003913	0.000007	0.000000	0.001346
90	0.348475	0.010025	0.199576	0.007462	0.429321	0.003875	0.000007	0.000000	0.001259
91	0.343314	0.009624	0.196903	0.007496	0.437624	0.003861	0.000008	0.000000	0.001170
92	0.338013	0.009362	0.194097	0.007474	0.446123	0.003812	0.000010	0.000000	0.001109
93	0.332924	0.009128	0.191104	0.007412	0.454602	0.003739	0.000009	0.000000	0.001082
94	0.327256	0.008816	0.188742	0.007225	0.463131	0.003750	0.000010	0.000000	0.001070
95	0.322085	0.008393	0.186056	0.007297	0.471361	0.003770	0.000008	0.000000	0.001030
96	0.316551	0.008252	0.183061	0.007426	0.479970	0.003719	0.000010	0.000000	0.001011
97	0.311379	0.007953	0.180267	0.007438	0.488197	0.003799	0.000003	0.000000	0.000964
98	0.306670	0.007619	0.176718	0.007364	0.497040	0.003659	0.000004	0.000000	0.000926
99	0.301527	0.007358	0.173244	0.007417	0.505982	0.003592	0.000003	0.000000	0.000877
100	0.295646	0.007067	0.170666	0.007525	0.514618	0.003614	0.000002	0.000000	0.000862
101	0.290669	0.006731	0.168026	0.007418	0.522796	0.003593	0.000001	0.000000	0.000766
102	0.285300	0.006517	0.164914	0.007455	0.531566	0.003521	0.000002	0.000000	0.000725
103	0.280188	0.006340	0.161703	0.007285	0.540208	0.003559	0.000003	0.000000	0.000714
104	0.274732	0.006084	0.158670	0.007157	0.549067	0.003564	0.000009	0.000000	0.000717
105	0.269850	0.005821	0.155632	0.007176	0.557363	0.003493	0.000004	0.000000	0.000661
106	0.264727	0.005638	0.152736	0.007230	0.565581	0.003473	0.000003	0.000000	0.000612
107	0.259394	0.005404	0.149926	0.007105	0.574210	0.003376	0.000002	0.000000	0.000583
108	0.254329	0.005170	0.146660	0.007154	0.582813	0.003302	0.000002	0.000000	0.000570
109	0.248915	0.004981	0.144304	0.007160	0.590859	0.003246	0.000000	0.000000	0.000535
110	0.243858	0.004920	0.141365	0.007227	0.598951	0.003193	0.000000	0.000000	0.000486
111	0.239208	0.004688	0.138319	0.007287	0.606798	0.003199	0.000000	0.000000	0.000501
112	0.233962	0.004530	0.135211	0.007258	0.615424	0.003155	0.000000	0.000000	0.000460
113	0.228647	0.004361	0.132804	0.007328	0.623281	0.003150	0.000000	0.000000	0.000429
114	0.223829	0.004208	0.129854	0.007253	0.631318	0.003121	0.000000	0.000000	0.000417
115	0.218963	0.004079	0.126747	0.007272	0.639456	0.003111	0.000000	0.000000	0.000372
116	0.214283	0.003925	0.124195	0.007187	0.646925	0.003101	0.000000	0.000000	0.000384
117	0.209420	0.003808	0.121544	0.007132	0.654645	0.003112	0.000000	0.000000	0.000339
118	0.204213	0.003546	0.118869	0.007190	0.662780	0.003075	0.000000	0.000000	0.000327
119	0.199404	0.003459	0.116205	0.007216	0.670375	0.003047	0.000000	0.000000	0.000294
120	0.194891	0.003312	0.113512	0.007292	0.677673	0.003026	0.000000	0.000000	0.000294
121	0.189898	0.003231	0.111486	0.007373	0.684676	0.003045	0.000000	0.000000	0.000291
122	0.185638	0.003036	0.108935	0.007407	0.691745	0.002959	0.000000	0.000000	0.000280
123	0.180658	0.002876	0.106481	0.007378	0.699356	0.002976	0.000000	0.000000	0.000275
124	0.176359	0.002756	0.103697	0.007374	0.706545	0.002981	0.000000	0.000000	0.000288
125	0.172109	0.002615	0.101124	0.007371	0.713497	0.003018	0.000000	0.000000	0.000266
126	0.167924	0.002523	0.098528	0.007316	0.720497	0.002957	0.000000	0.000000	0.000255
127	0.163658	0.002391	0.096356	0.007284	0.727080	0.002978	0.000000	0.000000	0.000253
128	0.159478	0.002320	0.093880	0.007268	0.733855	0.002969	0.000000	0.000000	0.000230
129	0.155523	0.002214	0.091361	0.007334	0.740296	0.003063	0.000000	0.000000	0.000209
130	0.151473	0.002079	0.088682	0.007349	0.747104	0.003092	0.000000	0.000000	0.000221
131	0.147682	0.001983	0.086415	0.007405	0.753222	0.003052	0.000000	0.000000	0.000241
132	0.143601	0.001866	0.084009	0.007424	0.759801	0.003080	0.000000	0.000000	0.000219
133	0.139541	0.001743	0.081746	0.007401	0.766261	0.003096	0.000000	0.000000	0.000212
134	0.135573	0.001565	0.079444	0.007531	0.772601	0.003099	0.000000	0.000000	0.000187
135	0.131846	0.001444	0.077340	0.007530	0.778580	0.003066	0.000000	0.000000	0.000194
136	0.128367	0.001406	0.075311	0.007596	0.784111	0.003018	0.000000	0.000000	0.000191
137	0.124625	0.001294	0.073268	0.007484	0.790052	0.003099	0.000000	0.000000	0.000178
138	0.121134	0.001236	0.071279	0.007332	0.795812	0.003049	0.000000	0.000000	0.000158
139	0.117601	0.001147	0.069185	0.007354	0.801473	0.003070	0.000000	0.000000	0.000170
140	0.114217	0.001136	0.067112	0.007281	0.807044	0.003068	0.000000	0.000000	0.000142
141	0.111136	0.001017	0.065443	0.007114	0.812158	0.002994	0.000000	0.000000	0.000138
142	0.107930	0.000945	0.063556	0.007079	0.817425	0.002929	0.000000	0.000000	0.000136
143	0.104361	0.000917	0.061665	0.007085	0.822918	0.002929	0.000000	0.000000	0.000125
144	0.101287	0.000887	0.059655	0.007076	0.828036	0.002933	0.000000	0.000000	0.000126
145	0.098179	0.000827	0.057916	0.007111	0.832971	0.002868	0.000000	0.000000	0.000128
146	0.095093	0.000799	0.056083	0.006964	0.838103	0.002856	0.000000	0.000000	0.000102
147	0.092073	0.000761	0.054699	0.006949	0.842520	0.002902	0.000000	0.000000	0.000096
148	0.088954	0.000718	0.052649	0.006952	0.847672	0.002954	0.000000	0.000000	0.000101
149	0.086503	0.000672	0.050880	0.006975	0.851961	0.002936	0.000000	0.000000	0.000073
150	0.083569	0.000668	0.049363	0.007086	0.856374	0.002871	0.000000	0.000000	0.000069
151	0.080866	0.000632	0.048029	0.007089	0.860386	0.002920	0.000000	0.000000	0.000078
152	0.078316	0.000578	0.046394	0.006951	0.864789	0.002903	0.000000	0.000000	0.000069
153	0.075826	0.000516	0.045004	0.006913	0.868822	0.002847	0.000000	0.000000	0.000072
154	0.073146	0.000515	0.043510	0.006817	0.873123	0.002821	0.000000	0.000000	0.000068
155	0.070608	0.000500	0.041986	0.006742	0.877269	0.002835	0.000000	0.000000	0.000060
156	0.068281	0.000467	0.040625	0.006780	0.880930	0.002852	0.000000	0.000000	0.000065
157	0.066172	0.000462	0.039164	0.006758	0.884643	0.002749	0.000000	0.000000	0.000052
158	0.063746	0.000408	0.037974	0.006730	0.888249	0.002841	0.000000	0.000000	0.000052
159	0.061416	0.000384	0.036559	0.006803	0.891870	0.002919	0.000000	0.000000	0.000049
160	0.059290	0.000361	0.035035	0.006839	0.895590	0.002842	0.000000	0.000000	0.000043
161	0.057438	0.000354	0.033642	0.006799	0.898903	0.002820	0.000000	0.000000	0.000044
162	0.055684	0.000356	0.032348	0.006774	0.902079	0.002712	0.000000	0.000000	0.000047
163	0.053715	0.000314	0.031200	0.006887	0.905124	0.002707	0.000000	0.000000	0.000053
164	0.051832	0.000308	0.030190	0.006831	0.908014	0.002783	0.000000	0.000000	0.000042
165	0.049891	0.000293	0.029092	0.006820	0.911098	0.002765	0.000000	0.000000	0.000041
166	0.047914	0.000274	0.028153	0.006805	0.913947	0.002866	0.000000	0.000000	0.000041
167	0.046042	0.000238	0.027193	0.006721	0.916896	0.002873	0.000000	0.000000	0.000037
168	0.044356	0.000208	0.026028	0.006630	0.919923	0.002812	0.000000	0.000000	0.000043
169	0.042628	0.000202	0.025033	0.006681	0.922677	0.002753	0.000000	0.000000	0.000026
170	0.040935	0.000192	0.024067	0.006589	0.925396	0.002786	0.000000	0.000000	0.000035
171	0.039283	0.000189	0.023392	0.006544	0.927755	0.002807	0.000000	0.000000	0.000030
172	0.038007	0.000146	0.022446	0.006509	0.930015	0.002848	0.000000	0.000000	0.000029
173	0.036381	0.000133	0.021572	0.006386	0.932652	0.002846	0.000000	0.000000	0.000030
174	0.034999	0.000121	0.020785	0.006396	0.934837	0.002837	0.000000	0.000000	0.000025
175	0.033411	0.000099	0.019857	0.006441	0.937378	0.002781	0.000000	0.000000	0.000033
176	0.032174	0.000086	0.019052	0.006369	0.939505	0.002787	0.000000	0.000000	0.000027
177	0.030855	0.000062	0.018310	0.006366	0.941476	0.002909	0.000000	0.000000	0.000022
178	0.029770	0.000067	0.017397	0.006311	0.943464	0.002973	0.000000	0.000000	0.000018
179	0.028529	0.000058	0.016510	0.006234	0.945703	0.002949	0.000000	0.000000	0.000017
180	0.027416	0.000049	0.015971	0.006283	0.947330	0.002938	0.000000	0.000000	0.000013
181	0.025985	0.000041	0.015542	0.006277	0.949210	0.002931	0.000000	0.000000	0.000014
182	0.025069	0.000029	0.014851	0.006336	0.950730	0.002971	0.000000	0.000000	0.000014
183	0.023956	0.000032	0.014186	0.006313	0.952592	0.002907	0.000000	0.000000	0.000014
184	0.022960	0.000028	0.013624	0.006384	0.954116	0.002874	0.000000	0.000000	0.000014
185	0.021976	0.000023	0.013034	0.006440	0.955687	0.002832	0.000000	0.000000	0.000008
186	0.021011	0.000024	0.012502	0.006356	0.957287	0.002810	0.000000	0.000000	0.000010
187	0.020204	0.000023	0.011899	0.006285	0.958706	0.002876	0.000000	0.000000	0.000007
188	0.019191	0.000015	0.011547	0.006343	0.960057	0.002842	0.000000	0.000000	0.000005
189	0.018507	0.000015	0.010778	0.006331	0.961479	0.002882	0.000000	0.000000	0.000008
190	0.017727	0.000014	0.010414	0.006432	0.962509	0.002900	0.000000	0.000000	0.000004
191	0.017072	0.000012	0.009861	0.006346	0.963763	0.002944	0.000000	0.000000	0.000002
192	0.016439	0.000011	0.009387	0.006314	0.964940	0.002904	0.000000	0.000000	0.000005
193	0.015816	0.000009	0.009027	0.006292	0.965869	0.002980	0.000000	0.000000	0.000007
194	0.015074	0.000008	0.008542	0.006267	0.967151	0.002955	0.000000	0.000000	0.000003
195	0.014380	0.000010	0.008232	0.006325	0.968094	0.002955	0.000000	0.000000	0.000004
196	0.013601	0.000008	0.007866	0.006193	0.969423	0.002905	0.000000	0.000000	0.000004
197	0.012905	0.000009	0.007538	0.006192	0.970424	0.002930	0.000000	0.000000	0.000002
198	0.012327	0.000009	0.007112	0.006238	0.971357	0.002956	0.000000	0.000000	0.000001
199	0.011672	0.000007	0.006817	0.006257	0.972231	0.003013	0.000000	0.000000	0.000003
200	0.011205	0.000008	0.006445	0.006304	0.973064	0.002972	0.000000	0.000000	0.000002
201	0.010700	0.000005	0.006224	0.006355	0.973658	0.003056	0.000000	0.000000	0.000002
202	0.010262	0.000005	0.005890	0.006313	0.974522	0.003006	0.000000	0.000000	0.000002
203	0.009713	0.000003	0.005651	0.006364	0.975256	0.003009	0.000000	0.000000	0.000004
204	0.009150	0.000002	0.005381	0.006540	0.975933	0.002990	0.000000	0.000000	0.000004
205	0.008769	0.000003	0.005145	0.006441	0.976694	0.002946	0.000000	0.000000	0.000002
206	0.008328	0.000002	0.004831	0.006534	0.977234	0.003070	0.000000	0.000000	0.000001
207	0.008020	0.000003	0.004569	0.006542	0.977854	0.003011	0.000000	0.000000	0.000001
208	0.007583	0.000001	0.004314	0.006548	0.978557	0.002997	0.000000	0.000000	0.000000
209	0.007185	0.000001	0.004110	0.006433	0.979293	0.002978	0.000000	0.000000	0.000000
210	0.006850	0.000002	0.003912	0.006296	0.979892	0.003048	0.000000	0.000000	0.000000
211	0.006433	0.000000	0.003674	0.006234	0.980608	0.003051	0.000000	0.000000	0.000000
212	0.006150	0.000000	0.003527	0.006235	0.981076	0.003012	0.000000	0.000000	0.000000
213	0.005742	0.000000	0.003414	0.006295	0.981556	0.002993	0.000000	0.000000	0.000000
214	0.005465	0.000000	0.003140	0.006338	0.982000	0.003057	0.000000	0.000000	0.000000
215	0.005204	0.000000	0.002976	0.006272	0.982493	0.003055	0.000000	0.000000	0.000000
216	0.004941	0.000000	0.002797	0.006296	0.982951	0.003015	0.000000	0.000000	0.000000
217	0.004607	0.000000	0.002629	0.006306	0.983452	0.003006	0.000000	0.000000	0.000000
218	0.004385	0.000000	0.002509	0.006263	0.983871	0.002972	0.000000	0.000000	0.000000
219	0.004118	0.000000	0.002408	0.006290	0.984137	0.003047	0.000000	0.000000	0.000000
220	0.003928	0.000000	0.002264	0.006161	0.984554	0.003093	0.000000	0.000000	0.000000
221	0.003715	0.000000	0.002161	0.006133	0.984895	0.003096	0.000000	0.000000	0.000000
222	0.003469	0.000000	0.001954	0.006198	0.985228	0.003151	0.000000	0.000000	0.000000
223	0.003272	0.000000	0.001792	0.006203	0.985589	0.003144	0.000000	0.000000	0.000000
224	0.003025	0.000000	0.001669	0.006129	0.985988	0.003189	0.000000	0.000000	0.000000
225	0.002839	0.000000	0.001540	0.006084	0.986269	0.003268	0.000000	0.000000	0.000000
226	0.002669	0.000000	0.001489	0.006184	0.986372	0.003286	0.000000	0.000000	0.000000
227	0.002430	0.000000	0.001380	0.006144	0.986682	0.003364	0.000000	0.000000	0.000000
228	0.002263	0.000000	0.001298	0.006167	0.986869	0.003403	0.000000	0.000000	0.000000
229	0.002057	0.000000	0.001236	0.006196	0.987099	0.003412	0.000000	0.000000	0.000000
230	0.001908	0.000000	0.001118	0.006112	0.987407	0.003455	0.000000	0.000000	0.000000
231	0.001747	0.000000	0.001038	0.006160	0.987610	0.003445	0.000000	0.000000	0.000000
232	0.001614	0.000000	0.000924	0.006176	0.987816	0.003470	0.000000	0.000000	0.000000
233	0.001521	0.000000	0.000858	0.006153	0.988055	0.003413	0.000000	0.000000	0.000000
234	0.001373	0.000000	0.000776	0.006262	0.988134	0.003455	0.000000	0.000000	0.000000
235	0.001228	0.000000	0.000708	0.006237	0.988304	0.003523	0.000000	0.000000	0.000000
236	0.001175	0.000000	0.000669	0.006271	0.988352	0.003533	0.000000	0.000000	0.000000
237	0.001065	0.000000	0.000610	0.006292	0.988503	0.003530	0.000000	0.000000	0.000000
238	0.000990	0.000000	0.000582	0.006221	0.988685	0.003522	0.000000	0.000000	0.000000
239	0.000931	0.000000	0.000544	0.006342	0.988807	0.003376	0.000000	0.000000	0.000000
240	0.000886	0.000000	0.000543	0.006317	0.988812	0.003442	0.000000	0.000000	0.000000
241	0.000836	0.000000	0.000521	0.006319	0.988959	0.003365	0.000000	0.000000	0.000000
242	0.000751	0.000000	0.000485	0.006396	0.988935	0.003433	0.000000	0.000000	0.000000
243	0.000693	0.000000	0.000454	0.006287	0.989170	0.003396	0.000000	0.000000	0.000000
244	0.000660	0.000000	0.000384	0.006193	0.989302	0.003461	0.000000	0.000000	0.000000
245	0.000610	0.000000	0.000322	0.006185	0.989463	0.003420	0.000000	0.000000	0.000000
246	0.000571	0.000000	0.000300	0.006217	0.989545	0.003367	0.000000	0.000000	0.000000
247	0.000529	0.000000	0.000280	0.006183	0.989671	0.003337	0.000000	0.000000	0.000000
248	0.000508	0.000000	0.000254	0.006087	0.989798	0.003353	0.000000	0.000000	0.000000
249	0.000463	0.000000	0.000237	0.006185	0.989679	0.003436	0.000000	0.000000	0.000000
250	0.000437	0.000000	0.000225	0.006171	0.989714	0.003453	0.000000	0.000000	0.000000
251	0.000421	0.000000	0.000189	0.006195	0.989754	0.003441	0.000000	0.000000	0.000000
252	0.000364	0.000000	0.000181	0.006235	0.989755	0.003465	0.000000	0.000000	0.000000
253	0.000351	0.000000	0.000158	0.006177	0.989814	0.003500	0.000000	0.000000	0.000000
254	0.000336	0.000000	0.000138	0.006236	0.989787	0.003503	0.000000	0.000000	0.000000
255	0.000318	0.000000	0.000127	0.006220	0.989841	0.003494	0.000000	0.000000	0.000000
256	0.000293	0.000000	0.000106	0.006236	0.989839	0.003526	0.000000	0.000000	0.000000
257	0.000260	0.000000	0.000103	0.006315	0.989718	0.003604	0.000000	0.000000	0.000000
258	0.000246	0.000000	0.000086	0.006312	0.989791	0.003565	0.000000	0.000000	0.000000
259	0.000230	0.000000	0.000062	0.006267	0.989900	0.003541	0.000000	0.000000	0.000000
260	0.000208	0.000000	0.000058	0.006216	0.990035	0.003483	0.000000	0.000000	0.000000
261	0.000193	0.000000	0.000058	0.006235	0.989950	0.003564	0.000000	0.000000	0.000000
262	0.000180	0.000000	0.000044	0.006248	0.989966	0.003562	0.000000	0.000000	0.000000
263	0.000162	0.000000	0.000034	0.006279	0.989930	0.003595	0.000000	0.000000	0.000000
264	0.000144	0.000000	0.000027	0.006346	0.989910	0.003573	0.000000	0.000000	0.000000
265	0.000126	0.000000	0.000035	0.006303	0.989863	0.003673	0.000000	0.000000	0.000000
266	0.000131	0.000000	0.000030	0.006307	0.989921	0.003611	0.000000	0.000000	0.000000
267	0.000115	0.000000	0.000023	0.006338	0.989887	0.003637	0.000000	0.000000	0.000000
268	0.000102	0.000000	0.000014	0.006321	0.989955	0.003608	0.000000	0.000000	0.000000
269	0.000092	0.000000	0.000009	0.006321	0.989957	0.003621	0.000000	0.000000	0.000000
270	0.000076	0.000000	0.000013	0.006297	0.990044	0.003570	0.000000	0.000000	0.000000
271	0.000065	0.000000	0.000012	0.006307	0.990031	0.003585	0.000000	0.000000	0.000000
272	0.000069	0.000000	0.000010	0.006342	0.990024	0.003555	0.000000	0.000000	0.000000
273	0.000060	0.000000	0.000007	0.006319	0.990037	0.003577	0.000000	0.000000	0.000000
274	0.000062	0.000000	0.000006	0.006415	0.989948	0.003569	0.000000	0.000000	0.000000
275	0.000050	0.000000	0.000004	0.006460	0.989935	0.003551	0.000000	0.000000	0.000000
276	0.000045	0.000000	0.000003	0.006428	0.989988	0.003536	0.000000	0.000000	0.000000
277	0.000034	0.000000	0.000001	0.006516	0.990006	0.003443	0.000000	0.000000	0.000000
278	0.000030	0.000000	0.000002	0.006506	0.989927	0.003535	0.000000	0.000000	0.000000
279	0.000030	0.000000	0.000004	0.006541	0.989882	0.003543	0.000000	0.000000	0.000000
280	0.000025	0.000000	0.000004	0.006535	0.989975	0.003461	0.000000	0.000000	0.000000
281	0.000028	0.000000	0.000004	0.006557	0.989969	0.003442	0.000000	0.000000	0.000000
282	0.000022	0.000000	0.000002	0.006565	0.989929	0.003482	0.000000	0.000000	0.000000
283	0.000024	0.000000	0.000001	0.006541	0.989958	0.003476	0.000000	0.000000	0.000000
284	0.000023	0.000000	0.000001	0.006549	0.990028	0.003399	0.000000	0.000000	0.000000
285	0.000020	0.000000	0.000001	0.006448	0.990145	0.003386	0.000000	0.000000	0.000000
286	0.000022	0.000000	0.000000	0.006449	0.990096	0.003433	0.000000	0.000000	0.000000
287	0.000021	0.000000	0.000000	0.006420	0.990083	0.003476	0.000000	0.000000	0.000000
288	0.000023	0.000000	0.000000	0.006340	0.990235	0.003402	0.000000	0.000000	0.000000
289	0.000016	0.000000	0.000000	0.006337	0.990214	0.003433	0.000000	0.000000	0.000000
290	0.000012	0.000000	0.000000	0.006330	0.990276	0.003382	0.000000	0.000000	0.000000
291	0.000009	0.000000	0.000000	0.006283	0.990287	0.003421	0.000000	0.000000	0.000000
292	0.000011	0.000000	0.000000	0.006290	0.990319	0.003380	0.000000	0.000000	0.000000
293	0.000010	0.000000	0.000000	0.006358	0.990215	0.003417	0.000000	0.000000	0.000000
294	0.000007	0.000000	0.000000	0.006338	0.990324	0.003331	0.000000	0.000000	0.000000
295	0.000008	0.000000	0.000000	0.006409	0.990213	0.003370	0.000000	0.000000	0.000000
296	0.000007	0.000000	0.000000	0.006392	0.990272	0.003329	0.000000	0.000000	0.000000
297	0.000005	0.000000	0.000000	0.006444	0.990247	0.003304	0.000000	0.000000	0.000000
298	0.000002	0.000000	0.000000	0.006397	0.990364	0.003237	0.000000	0.000000	0.000000
299	0.000001	0.000000	0.000000	0.006448	0.990294	0.003257	0.000000	0.000000	0.000000
300	0.000000	0.000000	0.000000	0.006310	0.990448	0.003242	0.000000	0.000000	0.000000
301	0.000000	0.000000	0.000000	0.006283	0.990448	0.003269	0.000000	0.000000	0.000000
302	0.000000	0.000000	0.000000	0.006255	0.990433	0.003312	0.000000	0.000000	0.000000
303	0.000000	0.000000	0.000000	0.006209	0.990502	0.003289	0.000000	0.000000	0.000000
304	0.000000	0.000000	0.000000	0.006228	0.990484	0.003288	0.000000	0.000000	0.000000
305	0.000000	0.000000	0.000000	0.006303	0.990401	0.003296	0.000000	0.000000	0.000000
306	0.000000	0.000000	0.000000	0.006359	0.990382	0.003259	0.000000	0.000000	0.000000
307	0.000000	0.000000	0.000000	0.006358	0.990340	0.003302	0.000000	0.000000	0.000000
308	0.000000	0.000000	0.000000	0.006220	0.990536	0.003244	0.000000	0.000000	0.000000
309	0.000000	0.000000	0.000000	0.006194	0.990493	0.003313	0.000000	0.000000	0.000000
310	0.000000	0.000000	0.000000	0.006144	0.990574	0.003282	0.000000	0.000000	0.000000
311	0.000000	0.000000	0.000000	0.006139	0.990587	0.003274	0.000000	0.000000	0.000000
312	0.000000	0.000000	0.000000	0.006057	0.990717	0.003226	0.000000	0.000000	0.000000
313	0.000000	0.000000	0.000000	0.006104	0.990677	0.003219	0.000000	0.000000	0.000000
314	0.000000	0.000000	0.000000	0.006124	0.990661	0.003215	0.000000	0.000000	0.000000
315	0.000000	0.000000	0.000000	0.006104	0.990725	0.003171	0.000000	0.000000	0.000000
316	0.000000	0.000000	0.000000	0.006078	0.990793	0.003129	0.000000	0.000000	0.000000
317	0.000000	0.000000	0.000000	0.006095	0.990799	0.003106	0.000000	0.000000	0.000000
318	0.000000	0.000000	0.000000	0.006161	0.990755	0.003084	0.000000	0.000000	0.000000
319	0.000000	0.000000	0.000000	0.006166	0.990721	0.003113	0.000000	0.000000	0.000000
320	0.000000	0.000000	0.000000	0.006114	0.990831	0.003055	0.000000	0.000000	0.000000
321	0.000000	0.000000	0.000000	0.006061	0.990898	0.003041	0.000000	0.000000	0.000000
322	0.000000	0.000000	0.000000	0.005968	0.991009	0.003023	0.000000	0.000000	0.000000
323	0.000000	0.000000	0.000000	0.005989	0.990908	0.003103	0.000000	0.000000	0.000000
324	0.000000	0.000000	0.000000	0.005915	0.991050	0.003035	0.000000	0.000000	0.000000
325	0.000000	0.000000	0.000000	0.005916	0.991067	0.003017	0.000000	0.000000	0.000000
326	0.000000	0.000000	0.000000	0.005878	0.991044	0.003078	0.000000	0.000000	0.000000
327	0.000000	0.000000	0.000000	0.005929	0.991056	0.003015	0.000000	0.000000	0.000000
328	0.000000	0.000000	0.000000	0.005959	0.991039	0.003002	0.000000	0.000000	0.000000
329	0.000000	0.000000	0.000000	0.005918	0.991131	0.002951	0.000000	0.000000	0.000000
330	0.000000	0.000000	0.000000	0.005830	0.991157	0.003013	0.000000	0.000000	0.000000
331	0.000000	0.000000	0.000000	0.005866	0.991167	0.002967	0.000000	0.000000	0.000000
332	0.000000	0.000000	0.000000	0.005859	0.991153	0.002988	0.000000	0.000000	0.000000
333	0.000000	0.000000	0.000000	0.005855	0.991239	0.002906	0.000000	0.000000	0.000000
334	0.000000	0.000000	0.000000	0.005894	0.991202	0.002904	0.000000	0.000000	0.000000
335	0.000000	0.000000	0.000000	0.005887	0.991173	0.002940	0.000000	0.000000	0.000000
336	0.000000	0.000000	0.000000	0.005900	0.991121	0.002979	0.000000	0.000000	0.000000
337	0.000000	0.000000	0.000000	0.005938	0.991068	0.002994	0.000000	0.000000	0.000000
338	0.000000	0.000000	0.000000	0.005979	0.991056	0.002965	0.000000	0.000000	0.000000
339	0.000000	0.000000	0.000000	0.006028	0.990967	0.003005	0.000000	0.000000	0.000000
340	0.000000	0.000000	0.000000	0.006092	0.990894	0.003014	0.000000	0.000000	0.000000
341	0.000000	0.000000	0.000000	0.006164	0.990743	0.003093	0.000000	0.000000	0.000000
342	0.000000	0.000000	0.000000	0.006112	0.990794	0.003094	0.000000	0.000000	0.000000
343	0.000000	0.000000	0.000000	0.006202	0.990677	0.003121	0.000000	0.000000	0.000000
344	0.000000	0.000000	0.000000	0.006214	0.990712	0.003074	0.000000	0.000000	0.000000
345	0.000000	0.000000	0.000000	0.006283	0.990597	0.003120	0.000000	0.000000	0.000000
346	0.000000	0.000000	0.000000	0.006294	0.990635	0.003071	0.000000	0.000000	0.000000
347	0.000000	0.000000	0.000000	0.006241	0.990680	0.003079	0.000000	0.000000	0.000000
348	0.000000	0.000000	0.000000	0.006202	0.990726	0.003072	0.000000	0.000000	0.000000
349	0.000000	0.000000	0.000000	0.006145	0.990815	0.003040	0.000000	0.000000	0.000000
350	0.000000	0.000000	0.000000	0.006272	0.990650	0.003078	0.000000	0.000000	0.000000
351	0.000000	0.000000	0.000000	0.006154	0.990788	0.003058	0.000000	0.000000	0.000000
352	0.000000	0.000000	0.000000	0.006189	0.990754	0.003057	0.000000	0.000000	0.000000
353	0.000000	0.000000	0.000000	0.006162	0.990879	0.002959	0.000000	0.000000	0.000000
354	0.000000	0.000000	0.000000	0.006175	0.990851	0.002974	0.000000	0.000000	0.000000
355	0.000000	0.000000	0.000000	0.006164	0.990781	0.003055	0.000000	0.000000	0.000000
356	0.000000	0.000000	0.000000	0.006151	0.990795	0.003054	0.000000	0.000000	0.000000
357	0.000000	0.000000	0.000000	0.006219	0.990670	0.003111	0.000000	0.000000	0.000000
358	0.000000	0.000000	0.000000	0.006219	0.990622	0.003159	0.000000	0.000000	0.000000
359	0.000000	0.000000	0.000000	0.006246	0.990554	0.003200	0.000000	0.000000	0.000000
360	0.000000	0.000000	0.000000	0.006205	0.990635	0.003160	0.000000	0.000000	0.000000
361	0.000000	0.000000	0.000000	0.006170	0.990621	0.003209	0.000000	0.000000	0.000000
362	0.000000	0.000000	0.000000	0.006265	0.990518	0.003217	0.000000	0.000000	0.000000
363	0.000000	0.000000	0.000000	0.006218	0.990663	0.003119	0.000000	0.000000	0.000000
364	0.000000	0.000000	0.000000	0.006232	0.990669	0.003099	0.000000	0.000000	0.000000
365	0.000000	0.000000	0.000000	0.006187	0.990623	0.003190	0.000000	0.000000	0.000000
366	0.000000	0.000000	0.000000	0.006298	0.990569	0.003133	0.000000	0.000000	0.000000
367	0.000000	0.000000	0.000000	0.006245	0.990575	0.003180	0.000000	0.000000	0.000000
368	0.000000	0.000000	0.000000	0.006265	0.990571	0.003164	0.000000	0.000000	0.000000
369	0.000000	0.000000	0.000000	0.006318	0.990539	0.003143	0.000000	0.000000	0.000000
370	0.000000	0.000000	0.000000	0.006300	0.990579	0.003121	0.000000	0.000000	0.000000
371	0.000000	0.000000	0.000000	0.006309	0.990613	0.003078	0.000000	0.000000	0.000000
372	0.000000	0.000000	0.000000	0.006313	0.990606	0.003081	0.000000	0.000000	0.000000
373	0.000000	0.000000	0.000000	0.006244	0.990680	0.003076	0.000000	0.000000	0.000000
374	0.000000	0.000000	0.000000	0.006259	0.990607	0.003134	0.000000	0.000000	0.000000
375	0.000000	0.000000	0.000000	0.006137	0.990789	0.003074	0.000000	0.000000	0.000000
376	0.000000	0.000000	0.000000	0.006138	0.990821	0.003041	0.000000	0.000000	0.000000
377	0.000000	0.000000	0.000000	0.006209	0.990753	0.003038	0.000000	0.000000	0.000000
378	0.000000	0.000000	0.000000	0.006200	0.990744	0.003056	0.000000	0.000000	0.000000
379	0.000000	0.000000	0.000000	0.006240	0.990761	0.002999	0.000000	0.000000	0.000000
380	0.000000	0.000000	0.000000	0.006270	0.990675	0.003055	0.000000	0.000000	0.000000
381	0.000000	0.000000	0.000000	0.006263	0.990692	0.003045	0.000000	0.000000	0.000000
382	0.000000	0.000000	0.000000	0.006259	0.990701	0.003040	0.000000	0.000000	0.000000
383	0.000000	0.000000	0.000000	0.006305	0.990694	0.003001	0.000000	0.000000	0.000000
384	0.000000	0.000000	0.000000	0.006249	0.990699	0.003052	0.000000	0.000000	0.000000
385	0.000000	0.000000	0.000000	0.006336	0.990574	0.003090	0.000000	0.000000	0.000000
386	0.000000	0.000000	0.000000	0.006321	0.990505	0.003174	0.000000	0.000000	0.000000
387	0.000000	0.000000	0.000000	0.006389	0.990401	0.003210	0.000000	0.000000	0.000000
388	0.000000	0.000000	0.000000	0.006361	0.990454	0.003185	0.000000	0.000000	0.000000
389	0.000000	0.000000	0.000000	0.006322	0.990402	0.003276	0.000000	0.000000	0.000000
390	0.000000	0.000000	0.000000	0.006366	0.990316	0.003318	0.000000	0.000000	0.000000
391	0.000000	0.000000	0.000000	0.006373	0.990334	0.003293	0.000000	0.000000	0.000000
392	0.000000	0.000000	0.000000	0.006403	0.990387	0.003210	0.000000	0.000000	0.000000
393	0.000000	0.000000	0.000000	0.006413	0.990279	0.003308	0.000000	0.000000	0.000000
394	0.000000	0.000000	0.000000	0.006555	0.990164	0.003281	0.000000	0.000000	0.000000
395	0.000000	0.000000	0.000000	0.006483	0.990180	0.003337	0.000000	0.000000	0.000000
396	0.000000	0.000000	0.000000	0.006482	0.990206	0.003312	0.000000	0.000000	0.000000
397	0.000000	0.000000	0.000000	0.006460	0.990221	0.003319	0.000000	0.000000	0.000000
398	0.000000	0.000000	0.000000	0.006452	0.990200	0.003348	0.000000	0.000000	0.000000
399	0.000000	0.000000	0.000000	0.006426	0.990169	0.003405	0.000000	0.000000	0.000000
400	0.000000	0.000000	0.000000	0.006467	0.990163	0.003370	0.000000	0.000000	0.000000
401	0.000000	0.000000	0.000000	0.006493	0.990113	0.003394	0.000000	0.000000	0.000000
402	0.000000	0.000000	0.000000	0.006442	0.990246	0.003312	0.000000	0.000000	0.000000
403	0.000000	0.000000	0.000000	0.006381	0.990292	0.003327	0.000000	0.000000	0.000000
404	0.000000	0.000000	0.000000	0.006414	0.990291	0.003295	0.000000	0.000000	0.000000
405	0.000000	0.000000	0.000000	0.006427	0.990305	0.003268	0.000000	0.000000	0.000000
406	0.000000	0.000000	0.000000	0.006500	0.990203	0.003297	0.000000	0.000000	0.000000
407	0.000000	0.000000	0.000000	0.006467	0.990215	0.003318	0.000000	0.000000	0.000000
408	0.000000	0.000000	0.000000	0.006530	0.990146	0.003324	0.000000	0.000000	0.000000
409	0.000000	0.000000	0.000000	0.006540	0.990133	0.003327	0.000000	0.000000	0.000000
410	0.000000	0.000000	0.000000	0.006603	0.990059	0.003338	0.000000	0.000000	0.000000
411	0.000000	0.000000	0.000000	0.006733	0.989965	0.003302	0.000000	0.000000	0.000000
412	0.000000	0.000000	0.000000	0.006661	0.990075	0.003264	0.000000	0.000000	0.000000
413	0.000000	0.000000	0.000000	0.006732	0.989990	0.003278	0.000000	0.000000	0.000000
414	0.000000	0.000000	0.000000	0.006720	0.989992	0.003288	0.000000	0.000000	0.000000
415	0.000000	0.000000	0.000000	0.006769	0.989979	0.003252	0.000000	0.000000	0.000000
416	0.000000	0.000000	0.000000	0.006808	0.989889	0.003303	0.000000	0.000000	0.000000
417	0.000000	0.000000	0.000000	0.006801	0.989924	0.003275	0.000000	0.000000	0.000000
418	0.000000	0.000000	0.000000	0.006803	0.989973	0.003224	0.000000	0.000000	0.000000
419	0.000000	0.000000	0.000000	0.006886	0.989932	0.003182	0.000000	0.000000	0.000000
420	0.000000	0.000000	0.000000	0.006784	0.990017	0.003199	0.000000	0.000000	0.000000
421	0.000000	0.000000	0.000000	0.006816	0.989987	0.003197	0.000000	0.000000	0.000000
422	0.000000	0.000000	0.000000	0.006816	0.990020	0.003164	0.000000	0.000000	0.000000
423	0.000000	0.000000	0.000000	0.006813	0.989989	0.003198	0.000000	0.000000	0.000000
424	0.000000	0.000000	0.000000	0.006828	0.989977	0.003195	0.000000	0.000000	0.000000
425	0.000000	0.000000	0.000000	0.006815	0.989956	0.003229	0.000000	0.000000	0.000000
426	0.000000	0.000000	0.000000	0.006863	0.989924	0.003213	0.000000	0.000000	0.000000
427	0.000000	0.000000	0.000000	0.006885	0.989936	0.003179	0.000000	0.000000	0.000000
428	0.000000	0.000000	0.000000	0.006897	0.989976	0.003127	0.000000	0.000000	0.000000
429	0.000000	0.000000	0.000000	0.006884	0.989971	0.003145	0.000000	0.000000	0.000000
430	0.000000	0.000000	0.000000	0.007006	0.989803	0.003191	0.000000	0.000000	0.000000
431	0.000000	0.000000	0.000000	0.007001	0.989819	0.003180	0.000000	0.000000	0.000000
432	0.000000	0.000000	0.000000	0.007025	0.989764	0.003211	0.000000	0.000000	0.000000
433	0.000000	0.000000	0.000000	0.007072	0.989732	0.003196	0.000000	0.000000	0.000000
434	0.000000	0.000000	0.000000	0.007116	0.989671	0.003213	0.000000	0.000000	0.000000
435	0.000000	0.000000	0.000000	0.007185	0.989606	0.003209	0.000000	0.000000	0.000000
436	0.000000	0.000000	0.000000	0.007191	0.989619	0.003190	0.000000	0.000000	0.000000
437	0.000000	0.000000	0.000000	0.007240	0.989610	0.003150	0.000000	0.000000	0.000000
438	0.000000	0.000000	0.000000	0.007349	0.989525	0.003126	0.000000	0.000000	0.000000
439	0.000000	0.000000	0.000000	0.007484	0.989459	0.003057	0.000000	0.000000	0.000000
440	0.000000	0.000000	0.000000	0.007440	0.989556	0.003004	0.000000	0.000000	0.000000
441	0.000000	0.000000	0.000000	0.007498	0.989433	0.003069	0.000000	0.000000	0.000000
442	0.000000	0.000000	0.000000	0.007513	0.989476	0.003011	0.000000	0.000000	0.000000
443	0.000000	0.000000	0.000000	0.007521	0.989454	0.003025	0.000000	0.000000	0.000000
444	0.000000	0.000000	0.000000	0.007441	0.989558	0.003001	0.000000	0.000000	0.000000
445	0.000000	0.000000	0.000000	0.007388	0.989576	0.003036	0.000000	0.000000	0.000000
446	0.000000	0.000000	0.000000	0.007345	0.989646	0.003009	0.000000	0.000000	0.000000
447	0.000000	0.000000	0.000000	0.007398	0.989521	0.003081	0.000000	0.000000	0.000000
448	0.000000	0.000000	0.000000	0.007421	0.989539	0.003040	0.000000	0.000000	0.000000
449	0.000000	0.000000	0.000000	0.007448	0.989422	0.003130	0.000000	0.000000	0.000000
450	0.000000	0.000000	0.000000	0.007546	0.989290	0.003164	0.000000	0.000000	0.000000
451	0.000000	0.000000	0.000000	0.007550	0.989247	0.003203	0.000000	0.000000	0.000000
452	0.000000	0.000000	0.000000	0.007555	0.989230	0.003215	0.000000	0.000000	0.000000
453	0.000000	0.000000	0.000000	0.007580	0.989217	0.003203	0.000000	0.000000	0.000000
454	0.000000	0.000000	0.000000	0.007576	0.989210	0.003214	0.000000	0.000000	0.000000
455	0.000000	0.000000	0.000000	0.007545	0.989276	0.003179	0.000000	0.000000	0.000000
456	0.000000	0.000000	0.000000	0.007444	0.989356	0.003200	0.000000	0.000000	0.000000
457	0.000000	0.000000	0.000000	0.007405	0.989376	0.003219	0.000000	0.000000	0.000000
458	0.000000	0.000000	0.000000	0.007453	0.989309	0.003238	0.000000	0.000000	0.000000
459	0.000000	0.000000	0.000000	0.007346	0.989448	0.003206	0.000000	0.000000	0.000000
460	0.000000	0.000000	0.000000	0.007363	0.989396	0.003241	0.000000	0.000000	0.000000
461	0.000000	0.000000	0.000000	0.007448	0.989328	0.003224	0.000000	0.000000	0.000000
462	0.000000	0.000000	0.000000	0.007458	0.989327	0.003215	0.000000	0.000000	0.000000
463	0.000000	0.000000	0.000000	0.007304	0.989408	0.003288	0.000000	0.000000	0.000000
464	0.000000	0.000000	0.000000	0.007337	0.989414	0.003249	0.000000	0.000000	0.000000
465	0.000000	0.000000	0.000000	0.007277	0.989588	0.003135	0.000000	0.000000	0.000000
466	0.000000	0.000000	0.000000	0.007250	0.989523	0.003227	0.000000	0.000000	0.000000
467	0.000000	0.000000	0.000000	0.007225	0.989562	0.003213	0.000000	0.000000	0.000000
468	0.000000	0.000000	0.000000	0.007312	0.989413	0.003275	0.000000	0.000000	0.000000
469	0.000000	0.000000	0.000000	0.007213	0.989491	0.003296	0.000000	0.000000	0.000000
470	0.000000	0.000000	0.000000	0.007247	0.989448	0.003305	0.000000	0.000000	0.000000
