0	0.290663	0.057897	0.229473	0.157588	0.029913	0.111872	0.085455	0.012259	0.024880
1	0.252058	0.051483	0.214587	0.130677	0.026906	0.112563	0.106793	0.021076	0.083857
2	0.270179	0.054684	0.227224	0.117469	0.024842	0.102116	0.098108	0.019772	0.085606
3	0.293152	0.058793	0.240246	0.105084	0.023167	0.091695	0.087597	0.017768	0.082498
4	0.316530	0.062118	0.252698	0.093890	0.021540	0.080686	0.077514	0.015743	0.079281
5	0.339797	0.065781	0.262957	0.082797	0.019969	0.070945	0.068271	0.013802	0.075681
6	0.361766	0.068591	0.272726	0.072723	0.018600	0.061667	0.059753	0.011996	0.072178
7	0.382884	0.071761	0.280561	0.063382	0.017107	0.053366	0.051974	0.010214	0.068751
8	0.401980	0.074542	0.287211	0.055192	0.015692	0.046194	0.045223	0.008855	0.065111
9	0.419646	0.076689	0.293689	0.047624	0.014478	0.039432	0.039408	0.007634	0.061400
10	0.436954	0.078318	0.297890	0.041227	0.013312	0.033839	0.033972	0.006617	0.057871
11	0.451572	0.080105	0.301982	0.035329	0.012072	0.028918	0.029709	0.005768	0.054545
12	0.464788	0.081952	0.305587	0.030144	0.010993	0.024641	0.025483	0.004989	0.051423
13	0.477583	0.083375	0.307731	0.025672	0.009982	0.020924	0.022019	0.004343	0.048371
14	0.489059	0.084600	0.309620	0.021752	0.009132	0.017628	0.018851	0.003731	0.045627
15	0.498945	0.085718	0.311483	0.018582	0.008320	0.014989	0.016272	0.003193	0.042498
16	0.507978	0.086916	0.312221	0.015700	0.007603	0.012662	0.014009	0.002780	0.040131
17	0.515911	0.087608	0.313399	0.013331	0.006897	0.010666	0.012095	0.002377	0.037716
18	0.522398	0.088443	0.314724	0.011216	0.006366	0.008991	0.010529	0.002028	0.035305
19	0.529375	0.089592	0.314327	0.009650	0.005813	0.007525	0.009211	0.001683	0.032824
20	0.535214	0.090110	0.314416	0.008217	0.005254	0.006304	0.007890	0.001452	0.031143
21	0.540495	0.090810	0.314096	0.006947	0.004802	0.005296	0.006874	0.001243	0.029437
22	0.544491	0.091199	0.314825	0.005883	0.004334	0.004420	0.005994	0.001066	0.027788
23	0.548086	0.091739	0.315192	0.005031	0.004043	0.003809	0.005069	0.000984	0.026047
24	0.552390	0.092200	0.314451	0.004275	0.003624	0.003230	0.004497	0.000837	0.024496
25	0.555559	0.092505	0.314283	0.003627	0.003233	0.002761	0.004004	0.000757	0.023271
26	0.558403	0.092622	0.314538	0.003171	0.002931	0.002296	0.003509	0.000665	0.021865
27	0.561792	0.092818	0.313941	0.002650	0.002657	0.001929	0.003015	0.000619	0.020579
28	0.563860	0.093337	0.313715	0.002244	0.002437	0.001652	0.002633	0.000524	0.019598
29	0.566157	0.093645	0.313207	0.001986	0.002218	0.001455	0.002282	0.000453	0.018597
30	0.568260	0.093955	0.312845	0.001667	0.001936	0.001253	0.002016	0.000384	0.017684
31	0.569157	0.094559	0.313025	0.001425	0.001827	0.001051	0.001910	0.000339	0.016707
32	0.571302	0.094775	0.312382	0.001184	0.001641	0.000930	0.001660	0.000296	0.015830
33	0.572603	0.094504	0.312884	0.001042	0.001517	0.000764	0.001440	0.000246	0.015000
34	0.574344	0.094679	0.312282	0.000899	0.001382	0.000691	0.001274	0.000213	0.014236
35	0.576214	0.094398	0.311918	0.000754	0.001217	0.000596	0.001133	0.000183	0.013587
36	0.576795	0.094342	0.312349	0.000629	0.001132	0.000494	0.001024	0.000154	0.013081
37	0.578091	0.094456	0.312079	0.000589	0.001035	0.000396	0.000849	0.000141	0.012364
38	0.579152	0.094486	0.311821	0.000486	0.000969	0.000318	0.000779	0.000119	0.011870
39	0.579971	0.094616	0.311759	0.000424	0.000941	0.000297	0.000672	0.000114	0.011206
40	0.580747	0.095123	0.311200	0.000369	0.000850	0.000246	0.000601	0.000090	0.010774
41	0.580829	0.095409	0.311416	0.000314	0.000802	0.000179	0.000537	0.000094	0.010420
42	0.581503	0.096046	0.310853	0.000260	0.000712	0.000146	0.000459	0.000078	0.009943
43	0.581813	0.096049	0.311084	0.000218	0.000636	0.000135	0.000427	0.000080	0.009558
44	0.582631	0.095935	0.310957	0.000194	0.000570	0.000130	0.000381	0.000059	0.009143
45	0.582477	0.096146	0.311470	0.000174	0.000540	0.000106	0.000346	0.000057	0.008684
46	0.582712	0.096435	0.311462	0.000150	0.000466	0.000087	0.000319	0.000048	0.008321
47	0.583293	0.096129	0.311573	0.000125	0.000436	0.000071	0.000313	0.000045	0.008015
48	0.584202	0.096032	0.311216	0.000120	0.000401	0.000060	0.000264	0.000044	0.007661
49	0.585332	0.095930	0.310373	0.000126	0.000368	0.000046	0.000221	0.000034	0.007570
50	0.585679	0.096146	0.310255	0.000098	0.000342	0.000050	0.000190	0.000035	0.007205
51	0.586135	0.096221	0.309984	0.000074	0.000313	0.000050	0.000189	0.000028	0.007006
52	0.586177	0.096864	0.309705	0.000070	0.000291	0.000042	0.000153	0.000025	0.006673
53	0.585578	0.096846	0.310652	0.000054	0.000283	0.000042	0.000136	0.000016	0.006393
54	0.586082	0.096611	0.310569	0.000047	0.000272	0.000033	0.000121	0.000018	0.006247
55	0.586113	0.097025	0.310501	0.000042	0.000245	0.000028	0.000097	0.000016	0.005933
56	0.585796	0.097172	0.310901	0.000038	0.000228	0.000022	0.000078	0.000020	0.005745
57	0.585146	0.097272	0.311861	0.000033	0.000215	0.000012	0.000084	0.000012	0.005365
58	0.585804	0.096989	0.311481	0.000032	0.000219	0.000015	0.000071	0.000007	0.005382
59	0.585781	0.097070	0.311616	0.000030	0.000186	0.000017	0.000069	0.000005	0.005226
60	0.586069	0.097296	0.311212	0.000023	0.000173	0.000014	0.000070	0.000006	0.005137
61	0.586493	0.097076	0.311214	0.000021	0.000150	0.000016	0.000058	0.000006	0.004966
62	0.585456	0.097476	0.311985	0.000021	0.000147	0.000016	0.000043	0.000010	0.004846
63	0.586421	0.097726	0.310985	0.000016	0.000145	0.000010	0.000029	0.000003	0.004665
64	0.586651	0.097500	0.311180	0.000016	0.000135	0.000011	0.000022	0.000002	0.004483
65	0.586701	0.097851	0.310964	0.000017	0.000124	0.000007	0.000027	0.000000	0.004309
66	0.586364	0.098021	0.311251	0.000012	0.000123	0.000008	0.000026	0.000000	0.004195
67	0.586262	0.097689	0.311898	0.000006	0.000113	0.000008	0.000035	0.000000	0.003989
68	0.586439	0.098079	0.311404	0.000008	0.000111	0.000007	0.000030	0.000000	0.003922
69	0.586639	0.098036	0.311401	0.000005	0.000115	0.000009	0.000032	0.000000	0.003763
70	0.586645	0.098223	0.311299	0.000007	0.000106	0.000008	0.000026	0.000000	0.003686
71	0.587129	0.098159	0.311078	0.000003	0.000076	0.000008	0.000035	0.000000	0.003512
72	0.587941	0.097900	0.310676	0.000005	0.000067	0.000010	0.000026	0.000000	0.003375
73	0.587876	0.098347	0.310406	0.000007	0.000072	0.000010	0.000018	0.000000	0.003264
74	0.588722	0.098181	0.309862	0.000006	0.000073	0.000011	0.000019	0.000000	0.003126
75	0.588601	0.098348	0.309839	0.000002	0.000077	0.000006	0.000011	0.000000	0.003116
76	0.588499	0.099008	0.309458	0.000002	0.000069	0.000007	0.000017	0.000000	0.002940
77	0.588665	0.099020	0.309417	0.000001	0.000073	0.000006	0.000022	0.000000	0.002796
78	0.588346	0.099447	0.309345	0.000003	0.000074	0.000003	0.000016	0.000000	0.002766
79	0.588799	0.099519	0.308970	0.000004	0.000065	0.000004	0.000016	0.000000	0.002623
80	0.588486	0.099475	0.309380	0.000000	0.000068	0.000005	0.000018	0.000000	0.002568
81	0.588559	0.099875	0.308987	0.000000	0.000067	0.000002	0.000014	0.000000	0.002496
82	0.588389	0.099882	0.309107	0.000001	0.000069	0.000000	0.000012	0.000000	0.002540
83	0.588388	0.099829	0.309281	0.000000	0.000068	0.000002	0.000006	0.000000	0.002426
84	0.588649	0.099628	0.309282	0.000000	0.000051	0.000001	0.000010	0.000000	0.002379
85	0.588304	0.099605	0.309681	0.000000	0.000052	0.000001	0.000011	0.000000	0.002346
86	0.588475	0.099768	0.309440	0.000000	0.000049	0.000001	0.000013	0.000000	0.002254
87	0.589045	0.099663	0.309020	0.000000	0.000040	0.000003	0.000013	0.000000	0.002216
88	0.588769	0.099399	0.309575	0.000000	0.000034	0.000004	0.000011	0.000000	0.002208
89	0.588915	0.099724	0.309127	0.000000	0.000033	0.000002	0.000009	0.000000	0.002190
90	0.588991	0.099523	0.309250	0.000000	0.000037	0.000003	0.000008	0.000000	0.002188
91	0.589290	0.099595	0.308898	0.000000	0.000049	0.000002	0.000009	0.000000	0.002157
92	0.590174	0.099263	0.308451	0.000000	0.000045	0.000001	0.000005	0.000000	0.002061
93	0.590068	0.099264	0.308584	0.000000	0.000042	0.000000	0.000005	0.000000	0.002037
94	0.590179	0.099002	0.308749	0.000000	0.000033	0.000000	0.000006	0.000000	0.002031
95	0.589906	0.099023	0.309071	0.000000	0.000032	0.000000	0.000007	0.000000	0.001961
96	0.590030	0.098651	0.309373	0.000000	0.000029	0.000000	0.000007	0.000000	0.001910
97	0.589939	0.098484	0.309713	0.000000	0.000030	0.000000	0.000006	0.000000	0.001828
98	0.589907	0.098419	0.309760	0.000000	0.000032	0.000000	0.000005	0.000000	0.001877
99	0.589668	0.098982	0.309512	0.000000	0.000028	0.000000	0.000003	0.000000	0.001807
100	0.589351	0.098615	0.310253	0.000000	0.000021	0.000000	0.000004	0.000000	0.001756
101	0.589540	0.099042	0.309571	0.000000	0.000021	0.000000	0.000004	0.000000	0.001822
102	0.590125	0.099032	0.309046	0.000000	0.000023	0.000000	0.000002	0.000000	0.001772
103	0.589334	0.099313	0.309554	0.000000	0.000016	0.000000	0.000003	0.000000	0.001780
104	0.589272	0.099249	0.309769	0.000000	0.000018	0.000000	0.000003	0.000000	0.001689
105	0.589210	0.099144	0.309967	0.000000	0.000016	0.000000	0.000002	0.000000	0.001661
106	0.589001	0.099328	0.310021	0.000000	0.000013	0.000000	0.000000	0.000000	0.001637
107	0.588553	0.099431	0.310411	0.000000	0.000007	0.000000	0.000001	0.000000	0.001597
108	0.588866	0.099867	0.309715	0.000000	0.000009	0.000000	0.000002	0.000000	0.001541
109	0.588641	0.100114	0.309689	0.000000	0.000005	0.000000	0.000002	0.000000	0.001549
110	0.588310	0.100092	0.310075	0.000000	0.000003	0.000000	0.000002	0.000000	0.001518
111	0.588449	0.099912	0.310086	0.000000	0.000003	0.000000	0.000001	0.000000	0.001549
112	0.588086	0.099980	0.310419	0.000000	0.000001	0.000000	0.000001	0.000000	0.001513
113	0.588480	0.099797	0.310206	0.000000	0.000001	0.000000	0.000001	0.000000	0.001515
114	0.588732	0.099755	0.310006	0.000000	0.000001	0.000000	0.000001	0.000000	0.001505
115	0.588341	0.099529	0.310649	0.000000	0.000000	0.000000	0.000000	0.000000	0.001481
116	0.588542	0.099766	0.310279	0.000000	0.000000	0.000000	0.000001	0.000000	0.001412
117	0.589044	0.099335	0.310209	0.000000	0.000000	0.000000	0.000000	0.000000	0.001412
118	0.588898	0.099098	0.310614	0.000000	0.000000	0.000000	0.000000	0.000000	0.001390
119	0.588868	0.099473	0.310315	0.000000	0.000000	0.000000	0.000000	0.000000	0.001344
120	0.588807	0.099073	0.310750	0.000000	0.000000	0.000000	0.000000	0.000000	0.001370
121	0.589364	0.099077	0.310243	0.000000	0.000000	0.000000	0.000000	0.000000	0.001316
122	0.588871	0.099110	0.310746	0.000000	0.000000	0.000000	0.000000	0.000000	0.001273
123	0.588743	0.099241	0.310741	0.000000	0.000000	0.000000	0.000000	0.000000	0.001275
124	0.588581	0.099321	0.310824	0.000000	0.000000	0.000000	0.000000	0.000000	0.001274
125	0.589002	0.099035	0.310685	0.000000	0.000000	0.000000	0.000000	0.000000	0.001278
126	0.588708	0.099312	0.310744	0.000000	0.000000	0.000000	0.000000	0.000000	0.001236
127	0.588646	0.099292	0.310855	0.000000	0.000000	0.000000	0.000000	0.000000	0.001207
128	0.589415	0.099042	0.310391	0.000000	0.000000	0.000000	0.000000	0.000000	0.001152
129	0.589281	0.099193	0.310354	0.000000	0.000000	0.000000	0.000000	0.000000	0.001172
130	0.588616	0.099321	0.310945	0.000000	0.000000	0.000000	0.000000	0.000000	0.001118
131	0.589391	0.099166	0.310335	0.000000	0.000000	0.000000	0.000000	0.000000	0.001108
132	0.589323	0.099445	0.310169	0.000000	0.000000	0.000000	0.000000	0.000000	0.001063
133	0.589479	0.099376	0.310084	0.000000	0.000000	0.000000	0.000000	0.000000	0.001061
134	0.589706	0.098821	0.310407	0.000000	0.000000	0.000000	0.000000	0.000000	0.001066
135	0.589755	0.099152	0.310009	0.000000	0.000000	0.000000	0.000000	0.000000	0.001084
136	0.589690	0.099336	0.309936	0.000000	0.000000	0.000000	0.000000	0.000000	0.001038
137	0.589467	0.099343	0.310133	0.000000	0.000000	0.000000	0.000000	0.000000	0.001057
138	0.589577	0.099067	0.310310	0.000000	0.000000	0.000000	0.000000	0.000000	0.001046
139	0.589289	0.099134	0.310553	0.000000	0.000000	0.000000	0.000000	0.000000	0.001024
140	0.588652	0.099572	0.310763	0.000000	0.000000	0.000000	0.000000	0.000000	0.001013
141	0.588945	0.099694	0.310320	0.000000	0.000000	0.000000	0.000000	0.000000	0.001041
142	0.589057	0.099665	0.310244	0.000000	0.000000	0.000000	0.000000	0.000000	0.001034
143	0.589682	0.099699	0.309668	0.000000	0.000000	0.000000	0.000000	0.000000	0.000951
144	0.589592	0.100280	0.309202	0.000000	0.000000	0.000000	0.000000	0.000000	0.000926
145	0.589051	0.100578	0.309438	0.000000	0.000000	0.000000	0.000000	0.000000	0.000933
146	0.589667	0.100413	0.308988	0.000000	0.000000	0.000000	0.000000	0.000000	0.000932
147	0.589691	0.100832	0.308596	0.000000	0.000000	0.000000	0.000000	0.000000	0.000881
148	0.589358	0.100842	0.308918	0.000000	0.000000	0.000000	0.000000	0.000000	0.000882
149	0.590127	0.100599	0.308411	0.000000	0.000000	0.000000	0.000000	0.000000	0.000863
150	0.590000	0.100433	0.308680	0.000000	0.000000	0.000000	0.000000	0.000000	0.000887
151	0.590251	0.100341	0.308573	0.000000	0.000000	0.000000	0.000000	0.000000	0.000835
152	0.591070	0.100866	0.307185	0.000000	0.000000	0.000000	0.000000	0.000000	0.000879
153	0.590907	0.100660	0.307538	0.000000	0.000000	0.000000	0.000000	0.000000	0.000895
154	0.590946	0.100854	0.307324	0.000000	0.000000	0.000000	0.000000	0.000000	0.000876
155	0.591356	0.100889	0.306879	0.000000	0.000000	0.000000	0.000000	0.000000	0.000876
156	0.591846	0.100571	0.306755	0.000000	0.000000	0.000000	0.000000	0.000000	0.000828
157	0.591544	0.100481	0.307130	0.000000	0.000000	0.000000	0.000000	0.000000	0.000845
158	0.592080	0.100340	0.306775	0.000000	0.000000	0.000000	0.000000	0.000000	0.000805
159	0.592290	0.100597	0.306388	0.000000	0.000000	0.000000	0.000000	0.000000	0.000725
160	0.592563	0.100081	0.306647	0.000000	0.000000	0.000000	0.000000	0.000000	0.000709
161	0.591950	0.100426	0.306936	0.000000	0.000000	0.000000	0.000000	0.000000	0.000688
162	0.591897	0.100545	0.306892	0.000000	0.000000	0.000000	0.000000	0.000000	0.000666
163	0.591690	0.100498	0.307123	0.000000	0.000000	0.000000	0.000000	0.000000	0.000689
164	0.591862	0.099995	0.307437	0.000000	0.000000	0.000000	0.000000	0.000000	0.000706
165	0.591752	0.100093	0.307443	0.000000	0.000000	0.000000	0.000000	0.000000	0.000712
166	0.591575	0.100239	0.307540	0.000000	0.000000	0.000000	0.000000	0.000000	0.000646
167	0.591349	0.100480	0.307501	0.000000	0.000000	0.000000	0.000000	0.000000	0.000670
168	0.591333	0.100263	0.307775	0.000000	0.000000	0.000000	0.000000	0.000000	0.000629
169	0.591656	0.099979	0.307721	0.000000	0.000000	0.000000	0.000000	0.000000	0.000644
170	0.591461	0.100097	0.307811	0.000000	0.000000	0.000000	0.000000	0.000000	0.000631
171	0.591448	0.100151	0.307756	0.000000	0.000000	0.000000	0.000000	0.000000	0.000645
172	0.591217	0.100760	0.307359	0.000000	0.000000	0.000000	0.000000	0.000000	0.000664
173	0.590687	0.100165	0.308468	0.000000	0.000000	0.000000	0.000000	0.000000	0.000680
174	0.590714	0.100116	0.308504	0.000000	0.000000	0.000000	0.000000	0.000000	0.000666
175	0.590164	0.100289	0.308893	0.000000	0.000000	0.000000	0.000000	0.000000	0.000654
176	0.589723	0.100675	0.308959	0.000000	0.000000	0.000000	0.000000	0.000000	0.000643
177	0.589330	0.100553	0.309494	0.000000	0.000000	0.000000	0.000000	0.000000	0.000623
178	0.589203	0.100548	0.309615	0.000000	0.000000	0.000000	0.000000	0.000000	0.000634
179	0.589097	0.100811	0.309461	0.000000	0.000000	0.000000	0.000000	0.000000	0.000631
180	0.589341	0.100353	0.309705	0.000000	0.000000	0.000000	0.000000	0.000000	0.000601
181	0.589278	0.100772	0.309339	0.000000	0.000000	0.000000	0.000000	0.000000	0.000611
182	0.589353	0.101227	0.308782	0.000000	0.000000	0.000000	0.000000	0.000000	0.000638
183	0.588739	0.101403	0.309223	0.000000	0.000000	0.000000	0.000000	0.000000	0.000635
184	0.588414	0.101703	0.309259	0.000000	0.000000	0.000000	0.000000	0.000000	0.000624
185	0.588079	0.101514	0.309808	0.000000	0.000000	0.000000	0.000000	0.000000	0.000599
186	0.587945	0.101286	0.310169	0.000000	0.000000	0.000000	0.000000	0.000000	0.000600
187	0.587989	0.101178	0.310238	0.000000	0.000000	0.000000	0.000000	0.000000	0.000595
188	0.587625	0.101261	0.310519	0.000000	0.000000	0.000000	0.000000	0.000000	0.000595
189	0.587139	0.101570	0.310696	0.000000	0.000000	0.000000	0.000000	0.000000	0.000595
190	0.587673	0.101501	0.310262	0.000000	0.000000	0.000000	0.000000	0.000000	0.000564
191	0.587522	0.101326	0.310599	0.000000	0.000000	0.000000	0.000000	0.000000	0.000553
192	0.587698	0.101761	0.310012	0.000000	0.000000	0.000000	0.000000	0.000000	0.000529
193	0.587689	0.101970	0.309820	0.000000	0.000000	0.000000	0.000000	0.000000	0.000521
194	0.587504	0.101860	0.310112	0.000000	0.000000	0.000000	0.000000	0.000000	0.000524
195	0.587922	0.102102	0.309414	0.000000	0.000000	0.000000	0.000000	0.000000	0.000562
196	0.587451	0.101972	0.310031	0.000000	0.000000	0.000000	0.000000	0.000000	0.000546
197	0.587674	0.101911	0.309847	0.000000	0.000000	0.000000	0.000000	0.000000	0.000568
198	0.587531	0.101962	0.309930	0.000000	0.000000	0.000000	0.000000	0.000000	0.000577
199	0.587373	0.101815	0.310235	0.000000	0.000000	0.000000	0.000000	0.000000	0.000577
200	0.587833	0.102304	0.309285	0.000000	0.000000	0.000000	0.000000	0.000000	0.000578
201	0.587933	0.102046	0.309457	0.000000	0.000000	0.000000	0.000000	0.000000	0.000564
202	0.587363	0.102048	0.309998	0.000000	0.000000	0.000000	0.000000	0.000000	0.000591
203	0.587456	0.102248	0.309701	0.000000	0.000000	0.000000	0.000000	0.000000	0.000595
204	0.587906	0.101786	0.309692	0.000000	0.000000	0.000000	0.000000	0.000000	0.000616
205	0.587573	0.101948	0.309897	0.000000	0.000000	0.000000	0.000000	0.000000	0.000582
206	0.587700	0.101563	0.310096	0.000000	0.000000	0.000000	0.000000	0.000000	0.000641
207	0.587530	0.101880	0.309950	0.000000	0.000000	0.000000	0.000000	0.000000	0.000640
208	0.587150	0.101772	0.310457	0.000000	0.000000	0.000000	0.000000	0.000000	0.000621
209	0.586911	0.101556	0.310914	0.000000	0.000000	0.000000	0.000000	0.000000	0.000619
210	0.587499	0.101506	0.310386	0.000000	0.000000	0.000000	0.000000	0.000000	0.000609
211	0.587623	0.101297	0.310522	0.000000	0.000000	0.000000	0.000000	0.000000	0.000558
212	0.587426	0.101378	0.310622	0.000000	0.000000	0.000000	0.000000	0.000000	0.000574
213	0.587335	0.101480	0.310602	0.000000	0.000000	0.000000	0.000000	0.000000	0.000583
214	0.587159	0.101499	0.310714	0.000000	0.000000	0.000000	0.000000	0.000000	0.000628
215	0.587488	0.101719	0.310186	0.000000	0.000000	0.000000	0.000000	0.000000	0.000607
216	0.587889	0.101465	0.310042	0.000000	0.000000	0.000000	0.000000	0.000000	0.000604
217	0.587869	0.101710	0.309827	0.000000	0.000000	0.000000	0.000000	0.000000	0.000594
218	0.587934	0.101431	0.310052	0.000000	0.000000	0.000000	0.000000	0.000000	0.000583
219	0.587851	0.101319	0.310221	0.000000	0.000000	0.000000	0.000000	0.000000	0.000609
220	0.588142	0.101616	0.309662	0.000000	0.000000	0.000000	0.000000	0.000000	0.000580
221	0.587801	0.101324	0.310304	0.000000	0.000000	0.000000	0.000000	0.000000	0.000571
222	0.587630	0.101215	0.310574	0.000000	0.000000	0.000000	0.000000	0.000000	0.000581
223	0.587702	0.101052	0.310681	0.000000	0.000000	0.000000	0.000000	0.000000	0.000565
224	0.587205	0.101053	0.311203	0.000000	0.000000	0.000000	0.000000	0.000000	0.000539
225	0.587644	0.100808	0.310984	0.000000	0.000000	0.000000	0.000000	0.000000	0.000564
226	0.587541	0.100651	0.311254	0.000000	0.000000	0.000000	0.000000	0.000000	0.000554
227	0.586640	0.100990	0.311826	0.000000	0.000000	0.000000	0.000000	0.000000	0.000544
228	0.586634	0.100841	0.312000	0.000000	0.000000	0.000000	0.000000	0.000000	0.000525
229	0.586758	0.100760	0.311966	0.000000	0.000000	0.000000	0.000000	0.000000	0.000516
230	0.587008	0.100500	0.311965	0.000000	0.000000	0.000000	0.000000	0.000000	0.000527
231	0.587780	0.100263	0.311434	0.000000	0.000000	0.000000	0.000000	0.000000	0.000523
232	0.587868	0.100627	0.310992	0.000000	0.000000	0.000000	0.000000	0.000000	0.000513
233	0.588542	0.100568	0.310389	0.000000	0.000000	0.000000	0.000000	0.000000	0.000501
234	0.588177	0.100329	0.310989	0.000000	0.000000	0.000000	0.000000	0.000000	0.000505
235	0.587687	0.100361	0.311429	0.000000	0.000000	0.000000	0.000000	0.000000	0.000523
236	0.588022	0.100382	0.311063	0.000000	0.000000	0.000000	0.000000	0.000000	0.000533
237	0.588034	0.100039	0.311426	0.000000	0.000000	0.000000	0.000000	0.000000	0.000501
238	0.588269	0.099741	0.311504	0.000000	0.000000	0.000000	0.000000	0.000000	0.000486
239	0.589091	0.100112	0.310313	0.000000	0.000000	0.000000	0.000000	0.000000	0.000484
240	0.588934	0.100132	0.310436	0.000000	0.000000	0.000000	0.000000	0.000000	0.000498
241	0.589583	0.099783	0.310155	0.000000	0.000000	0.000000	0.000000	0.000000	0.000479
242	0.590158	0.099590	0.309766	0.000000	0.000000	0.000000	0.000000	0.000000	0.000486
243	0.590281	0.099945	0.309287	0.000000	0.000000	0.000000	0.000000	0.000000	0.000487
244	0.590261	0.099956	0.309318	0.000000	0.000000	0.000000	0.000000	0.000000	0.000465
245	0.590347	0.099673	0.309503	0.000000	0.000000	0.000000	0.000000	0.000000	0.000477
246	0.590219	0.099628	0.309655	0.000000	0.000000	0.000000	0.000000	0.000000	0.000498
247	0.590508	0.099623	0.309366	0.000000	0.000000	0.000000	0.000000	0.000000	0.000503
248	0.590409	0.099491	0.309600	0.000000	0.000000	0.000000	0.000000	0.000000	0.000500
249	0.590303	0.099617	0.309588	0.000000	0.000000	0.000000	0.000000	0.000000	0.000492
250	0.589904	0.099977	0.309654	0.000000	0.000000	0.000000	0.000000	0.000000	0.000465
251	0.590462	0.099632	0.309446	0.000000	0.000000	0.000000	0.000000	0.000000	0.000460
252	0.590228	0.099428	0.309846	0.000000	0.000000	0.000000	0.000000	0.000000	0.000498
253	0.590190	0.099553	0.309758	0.000000	0.000000	0.000000	0.000000	0.000000	0.000499
254	0.590089	0.099714	0.309701	0.000000	0.000000	0.000000	0.000000	0.000000	0.000496
255	0.589629	0.099437	0.310480	0.000000	0.000000	0.000000	0.000000	0.000000	0.000454
256	0.589958	0.099470	0.310111	0.000000	0.000000	0.000000	0.000000	0.000000	0.000461
257	0.589992	0.099457	0.310103	0.000000	0.000000	0.000000	0.000000	0.000000	0.000448
258	0.589707	0.099131	0.310700	0.000000	0.000000	0.000000	0.000000	0.000000	0.000462
259	0.589524	0.099485	0.310542	0.000000	0.000000	0.000000	0.000000	0.000000	0.000449
260	0.589288	0.099337	0.310919	0.000000	0.000000	0.000000	0.000000	0.000000	0.000456
261	0.589370	0.099178	0.311000	0.000000	0.000000	0.000000	0.000000	0.000000	0.000452
262	0.589920	0.098801	0.310850	0.000000	0.000000	0.000000	0.000000	0.000000	0.000429
263	0.589485	0.098542	0.311558	0.000000	0.000000	0.000000	0.000000	0.000000	0.000415
264	0.589603	0.098743	0.311219	0.000000	0.000000	0.000000	0.000000	0.000000	0.000435
265	0.589615	0.098851	0.311081	0.000000	0.000000	0.000000	0.000000	0.000000	0.000453
266	0.589639	0.098320	0.311612	0.000000	0.000000	0.000000	0.000000	0.000000	0.000429
267	0.589847	0.098117	0.311597	0.000000	0.000000	0.000000	0.000000	0.000000	0.000439
268	0.588984	0.098586	0.312007	0.000000	0.000000	0.000000	0.000000	0.000000	0.000423
269	0.588460	0.098468	0.312646	0.000000	0.000000	0.000000	0.000000	0.000000	0.000426
270	0.589127	0.098453	0.311995	0.000000	0.000000	0.000000	0.000000	0.000000	0.000425
271	0.589346	0.098075	0.312162	0.000000	0.000000	0.000000	0.000000	0.000000	0.000417
272	0.589150	0.098148	0.312272	0.000000	0.000000	0.000000	0.000000	0.000000	0.000430
273	0.589245	0.097838	0.312487	0.000000	0.000000	0.000000	0.000000	0.000000	0.000430
274	0.589405	0.097785	0.312361	0.000000	0.000000	0.000000	0.000000	0.000000	0.000449
275	0.589059	0.097934	0.312564	0.000000	0.000000	0.000000	0.000000	0.000000	0.000443
276	0.589173	0.097625	0.312755	0.000000	0.000000	0.000000	0.000000	0.000000	0.000447
277	0.588639	0.098083	0.312828	0.000000	0.000000	0.000000	0.000000	0.000000	0.000450
278	0.587859	0.097787	0.313921	0.000000	0.000000	0.000000	0.000000	0.000000	0.000433
279	0.588678	0.097444	0.313449	0.000000	0.000000	0.000000	0.000000	0.000000	0.000429
280	0.588321	0.097706	0.313529	0.000000	0.000000	0.000000	0.000000	0.000000	0.000444
281	0.588204	0.097467	0.313868	0.000000	0.000000	0.000000	0.000000	0.000000	0.000461
282	0.587236	0.097898	0.314404	0.000000	0.000000	0.000000	0.000000	0.000000	0.000462
283	0.587733	0.098022	0.313787	0.000000	0.000000	0.000000	0.000000	0.000000	0.000458
284	0.587504	0.098455	0.313574	0.000000	0.000000	0.000000	0.000000	0.000000	0.000467
285	0.587465	0.097750	0.314336	0.000000	0.000000	0.000000	0.000000	0.000000	0.000449
286	0.587869	0.097940	0.313696	0.000000	0.000000	0.000000	0.000000	0.000000	0.000495
287	0.587790	0.097948	0.313757	0.000000	0.000000	0.000000	0.000000	0.000000	0.000505
288	0.587075	0.097930	0.314499	0.000000	0.000000	0.000000	0.000000	0.000000	0.000496
289	0.587075	0.097919	0.314523	0.000000	0.000000	0.000000	0.000000	0.000000	0.000483
290	0.587354	0.098074	0.314048	0.000000	0.000000	0.000000	0.000000	0.000000	0.000524
291	0.587391	0.098083	0.313995	0.000000	0.000000	0.000000	0.000000	0.000000	0.000531
292	0.587514	0.097716	0.314284	0.000000	0.000000	0.000000	0.000000	0.000000	0.000486
293	0.587641	0.097524	0.314364	0.000000	0.000000	0.000000	0.000000	0.000000	0.000471
294	0.587791	0.097657	0.314067	0.000000	0.000000	0.000000	0.000000	0.000000	0.000485
295	0.588196	0.097648	0.313695	0.000000	0.000000	0.000000	0.000000	0.000000	0.000461
296	0.588033	0.097900	0.313618	0.000000	0.000000	0.000000	0.000000	0.000000	0.000449
297	0.587617	0.098015	0.313905	0.000000	0.000000	0.000000	0.000000	0.000000	0.000463
298	0.587222	0.098213	0.314111	0.000000	0.000000	0.000000	0.000000	0.000000	0.000454
299	0.587165	0.098392	0.313997	0.000000	0.000000	0.000000	0.000000	0.000000	0.000446
300	0.586888	0.098328	0.314334	0.000000	0.000000	0.000000	0.000000	0.000000	0.000450
301	0.586740	0.098483	0.314328	0.000000	0.000000	0.000000	0.000000	0.000000	0.000449
302	0.587002	0.097931	0.314596	0.000000	0.000000	0.000000	0.000000	0.000000	0.000471
303	0.587009	0.097967	0.314555	0.000000	0.000000	0.000000	0.000000	0.000000	0.000469
304	0.586966	0.097794	0.314783	0.000000	0.000000	0.000000	0.000000	0.000000	0.000457
305	0.586872	0.097726	0.314942	0.000000	0.000000	0.000000	0.000000	0.000000	0.000460
306	0.586700	0.097494	0.315350	0.000000	0.000000	0.000000	0.000000	0.000000	0.000456
307	0.587353	0.097395	0.314771	0.000000	0.000000	0.000000	0.000000	0.000000	0.000481
308	0.586989	0.097274	0.315268	0.000000	0.000000	0.000000	0.000000	0.000000	0.000469
309	0.587239	0.097573	0.314760	0.000000	0.000000	0.000000	0.000000	0.000000	0.000428
310	0.587106	0.097626	0.314864	0.000000	0.000000	0.000000	0.000000	0.000000	0.000404
311	0.587125	0.097504	0.314982	0.000000	0.000000	0.000000	0.000000	0.000000	0.000389
312	0.586927	0.097789	0.314898	0.000000	0.000000	0.000000	0.000000	0.000000	0.000386
313	0.586319	0.098067	0.315233	0.000000	0.000000	0.000000	0.000000	0.000000	0.000381
314	0.586094	0.097825	0.315701	0.000000	0.000000	0.000000	0.000000	0.000000	0.000380
315	0.586269	0.098042	0.315320	0.000000	0.000000	0.000000	0.000000	0.000000	0.000369
316	0.586297	0.098054	0.315251	0.000000	0.000000	0.000000	0.000000	0.000000	0.000398
317	0.586680	0.098119	0.314794	0.000000	0.000000	0.000000	0.000000	0.000000	0.000407
318	0.587064	0.098014	0.314520	0.000000	0.000000	0.000000	0.000000	0.000000	0.000402
319	0.586747	0.097592	0.315273	0.000000	0.000000	0.000000	0.000000	0.000000	0.000388
320	0.586748	0.097478	0.315389	0.000000	0.000000	0.000000	0.000000	0.000000	0.000385
321	0.586528	0.098072	0.314998	0.000000	0.000000	0.000000	0.000000	0.000000	0.000402
322	0.586244	0.098212	0.315152	0.000000	0.000000	0.000000	0.000000	0.000000	0.000392
323	0.585763	0.098143	0.315718	0.000000	0.000000	0.000000	0.000000	0.000000	0.000376
324	0.585320	0.098407	0.315879	0.000000	0.000000	0.000000	0.000000	0.000000	0.000394
325	0.584981	0.098441	0.316162	0.000000	0.000000	0.000000	0.000000	0.000000	0.000416
326	0.585547	0.098384	0.315689	0.000000	0.000000	0.000000	0.000000	0.000000	0.000380
327	0.585828	0.098390	0.315431	0.000000	0.000000	0.000000	0.000000	0.000000	0.000351
328	0.586216	0.098073	0.315347	0.000000	0.000000	0.000000	0.000000	0.000000	0.000364
329	0.586066	0.098066	0.315517	0.000000	0.000000	0.000000	0.000000	0.000000	0.000351
330	0.586047	0.098440	0.315170	0.000000	0.000000	0.000000	0.000000	0.000000	0.000343
331	0.585587	0.098743	0.315341	0.000000	0.000000	0.000000	0.000000	0.000000	0.000329
332	0.585231	0.098670	0.315774	0.000000	0.000000	0.000000	0.000000	0.000000	0.000325
333	0.585392	0.098868	0.315423	0.000000	0.000000	0.000000	0.000000	0.000000	0.000317
334	0.585271	0.098856	0.315583	0.000000	0.000000	0.000000	0.000000	0.000000	0.000290
335	0.585653	0.098840	0.315224	0.000000	0.000000	0.000000	0.000000	0.000000	0.000283
336	0.585771	0.099143	0.314832	0.000000	0.000000	0.000000	0.000000	0.000000	0.000254
337	0.586045	0.098860	0.314843	0.000000	0.000000	0.000000	0.000000	0.000000	0.000252
338	0.585813	0.099123	0.314819	0.000000	0.000000	0.000000	0.000000	0.000000	0.000245
339	0.586138	0.099203	0.314427	0.000000	0.000000	0.000000	0.000000	0.000000	0.000232
340	0.585508	0.099249	0.315004	0.000000	0.000000	0.000000	0.000000	0.000000	0.000239
341	0.585190	0.098954	0.315606	0.000000	0.000000	0.000000	0.000000	0.000000	0.000250
342	0.584424	0.099189	0.316143	0.000000	0.000000	0.000000	0.000000	0.000000	0.000244
343	0.584582	0.099329	0.315865	0.000000	0.000000	0.000000	0.000000	0.000000	0.000224
344	0.584998	0.099396	0.315394	0.000000	0.000000	0.000000	0.000000	0.000000	0.000212
345	0.584801	0.099414	0.315590	0.000000	0.000000	0.000000	0.000000	0.000000	0.000195
346	0.585158	0.099286	0.315373	0.000000	0.000000	0.000000	0.000000	0.000000	0.000183
347	0.584883	0.099107	0.315828	0.000000	0.000000	0.000000	0.000000	0.000000	0.000182
348	0.585602	0.098993	0.315246	0.000000	0.000000	0.000000	0.000000	0.000000	0.000159
349	0.585757	0.098851	0.315247	0.000000	0.000000	0.000000	0.000000	0.000000	0.000145
350	0.585764	0.098688	0.315396	0.000000	0.000000	0.000000	0.000000	0.000000	0.000152
351	0.585745	0.098760	0.315349	0.000000	0.000000	0.000000	0.000000	0.000000	0.000146
352	0.584773	0.099111	0.315955	0.000000	0.000000	0.000000	0.000000	0.000000	0.000161
353	0.584653	0.098985	0.316219	0.000000	0.000000	0.000000	0.000000	0.000000	0.000143
354	0.584448	0.099225	0.316188	0.000000	0.000000	0.000000	0.000000	0.000000	0.000139
355	0.584297	0.099127	0.316444	0.000000	0.000000	0.000000	0.000000	0.000000	0.000132
356	0.584658	0.099586	0.315625	0.000000	0.000000	0.000000	0.000000	0.000000	0.000131
357	0.584622	0.099581	0.315682	0.000000	0.000000	0.000000	0.000000	0.000000	0.000115
358	0.585241	0.099901	0.314741	0.000000	0.000000	0.000000	0.000000	0.000000	0.000117
359	0.585896	0.099710	0.314279	0.000000	0.000000	0.000000	0.000000	0.000000	0.000115
360	0.585876	0.099582	0.314432	0.000000	0.000000	0.000000	0.000000	0.000000	0.000110
361	0.585422	0.099746	0.314707	0.000000	0.000000	0.000000	0.000000	0.000000	0.000125
362	0.585283	0.099882	0.314724	0.000000	0.000000	0.000000	0.000000	0.000000	0.000111
363	0.585494	0.099917	0.314475	0.000000	0.000000	0.000000	0.000000	0.000000	0.000114
364	0.585231	0.099971	0.314695	0.000000	0.000000	0.000000	0.000000	0.000000	0.000103
365	0.585107	0.100147	0.314646	0.000000	0.000000	0.000000	0.000000	0.000000	0.000100
366	0.585248	0.100027	0.314627	0.000000	0.000000	0.000000	0.000000	0.000000	0.000098
367	0.585508	0.099974	0.314421	0.000000	0.000000	0.000000	0.000000	0.000000	0.000097
368	0.585442	0.099748	0.314727	0.000000	0.000000	0.000000	0.000000	0.000000	0.000083
369	0.585225	0.099853	0.314837	0.000000	0.000000	0.000000	0.000000	0.000000	0.000085
370	0.585796	0.099959	0.314153	0.000000	0.000000	0.000000	0.000000	0.000000	0.000092
371	0.585821	0.099859	0.314231	0.000000	0.000000	0.000000	0.000000	0.000000	0.000089
372	0.586028	0.099476	0.314409	0.000000	0.000000	0.000000	0.000000	0.000000	0.000087
373	0.586679	0.098799	0.314440	0.000000	0.000000	0.000000	0.000000	0.000000	0.000082
374	0.586049	0.099247	0.314602	0.000000	0.000000	0.000000	0.000000	0.000000	0.000102
375	0.586001	0.099436	0.314461	0.000000	0.000000	0.000000	0.000000	0.000000	0.000102
376	0.585700	0.099944	0.314261	0.000000	0.000000	0.000000	0.000000	0.000000	0.000095
377	0.584993	0.099866	0.315041	0.000000	0.000000	0.000000	0.000000	0.000000	0.000100
378	0.585708	0.099619	0.314582	0.000000	0.000000	0.000000	0.000000	0.000000	0.000091
379	0.585892	0.099503	0.314520	0.000000	0.000000	0.000000	0.000000	0.000000	0.000085
380	0.585765	0.099655	0.314495	0.000000	0.000000	0.000000	0.000000	0.000000	0.000085
381	0.585710	0.099668	0.314545	0.000000	0.000000	0.000000	0.000000	0.000000	0.000077
382	0.585598	0.099750	0.314591	0.000000	0.000000	0.000000	0.000000	0.000000	0.000061
383	0.585746	0.099938	0.314235	0.000000	0.000000	0.000000	0.000000	0.000000	0.000081
384	0.585872	0.099815	0.314232	0.000000	0.000000	0.000000	0.000000	0.000000	0.000081
385	0.585933	0.099880	0.314118	0.000000	0.000000	0.000000	0.000000	0.000000	0.000069
386	0.586013	0.099763	0.314152	0.000000	0.000000	0.000000	0.000000	0.000000	0.000072
387	0.586179	0.099734	0.314015	0.000000	0.000000	0.000000	0.000000	0.000000	0.000072
388	0.586238	0.099426	0.314262	0.000000	0.000000	0.000000	0.000000	0.000000	0.000074
389	0.586593	0.099382	0.313955	0.000000	0.000000	0.000000	0.000000	0.000000	0.000070
390	0.586027	0.099301	0.314590	0.000000	0.000000	0.000000	0.000000	0.000000	0.000082
391	0.586206	0.099496	0.314224	0.000000	0.000000	0.000000	0.000000	0.000000	0.000074
392	0.586077	0.099571	0.314277	0.000000	0.000000	0.000000	0.000000	0.000000	0.000075
393	0.586127	0.099582	0.314220	0.000000	0.000000	0.000000	0.000000	0.000000	0.000071
394	0.585839	0.099766	0.314325	0.000000	0.000000	0.000000	0.000000	0.000000	0.000070
395	0.586027	0.100097	0.313800	0.000000	0.000000	0.000000	0.000000	0.000000	0.000076
396	0.585891	0.099938	0.314100	0.000000	0.000000	0.000000	0.000000	0.000000	0.000071
397	0.585753	0.100036	0.314142	0.000000	0.000000	0.000000	0.000000	0.000000	0.000069
398	0.585213	0.100118	0.314595	0.000000	0.000000	0.000000	0.000000	0.000000	0.000074
399	0.584689	0.100219	0.315025	0.000000	0.000000	0.000000	0.000000	0.000000	0.000067
400	0.584172	0.100166	0.315587	0.000000	0.000000	0.000000	0.000000	0.000000	0.000075
401	0.583950	0.100432	0.315552	0.000000	0.000000	0.000000	0.000000	0.000000	0.000066
402	0.583174	0.100861	0.315900	0.000000	0.000000	0.000000	0.000000	0.000000	0.000065
403	0.582885	0.101242	0.315801	0.000000	0.000000	0.000000	0.000000	0.000000	0.000072
404	0.583687	0.100753	0.315486	0.000000	0.000000	0.000000	0.000000	0.000000	0.000074
405	0.583297	0.100776	0.315858	0.000000	0.000000	0.000000	0.000000	0.000000	0.000069
406	0.582996	0.100765	0.316166	0.000000	0.000000	0.000000	0.000000	0.000000	0.000073
407	0.583178	0.100795	0.315950	0.000000	0.000000	0.000000	0.000000	0.000000	0.000077
408	0.583185	0.100665	0.316061	0.000000	0.000000	0.000000	0.000000	0.000000	0.000089
409	0.583053	0.100497	0.316363	0.000000	0.000000	0.000000	0.000000	0.000000	0.000087
410	0.583177	0.100596	0.316135	0.000000	0.000000	0.000000	0.000000	0.000000	0.000092
411	0.583274	0.100077	0.316564	0.000000	0.000000	0.000000	0.000000	0.000000	0.000085
412	0.583236	0.100466	0.316222	0.000000	0.000000	0.000000	0.000000	0.000000	0.000076
413	0.583064	0.100791	0.316064	0.000000	0.000000	0.000000	0.000000	0.000000	0.000081
414	0.582912	0.100980	0.316026	0.000000	0.000000	0.000000	0.000000	0.000000	0.000082
415	0.583229	0.100720	0.315978	0.000000	0.000000	0.000000	0.000000	0.000000	0.000073
416	0.583252	0.100666	0.315995	0.000000	0.000000	0.000000	0.000000	0.000000	0.000087
417	0.583372	0.100647	0.315897	0.000000	0.000000	0.000000	0.000000	0.000000	0.000084
418	0.583143	0.100827	0.315950	0.000000	0.000000	0.000000	0.000000	0.000000	0.000080
419	0.583011	0.100896	0.315998	0.000000	0.000000	0.000000	0.000000	0.000000	0.000095
420	0.583345	0.101126	0.315444	0.000000	0.000000	0.000000	0.000000	0.000000	0.000085
421	0.583413	0.101012	0.315490	0.000000	0.000000	0.000000	0.000000	0.000000	0.000085
422	0.583284	0.101059	0.315579	0.000000	0.000000	0.000000	0.000000	0.000000	0.000078
423	0.583508	0.101208	0.315202	0.000000	0.000000	0.000000	0.000000	0.000000	0.000082
424	0.583514	0.101282	0.315118	0.000000	0.000000	0.000000	0.000000	0.000000	0.000086
425	0.584135	0.101048	0.314728	0.000000	0.000000	0.000000	0.000000	0.000000	0.000089
426	0.584584	0.101022	0.314313	0.000000	0.000000	0.000000	0.000000	0.000000	0.000081
427	0.584757	0.101114	0.314051	0.000000	0.000000	0.000000	0.000000	0.000000	0.000078
428	0.584637	0.101004	0.314279	0.000000	0.000000	0.000000	0.000000	0.000000	0.000080
429	0.584711	0.100896	0.314310	0.000000	0.000000	0.000000	0.000000	0.000000	0.000083
430	0.584992	0.100950	0.313968	0.000000	0.000000	0.000000	0.000000	0.000000	0.000090
431	0.584428	0.100965	0.314515	0.000000	0.000000	0.000000	0.000000	0.000000	0.000092
432	0.584356	0.100931	0.314621	0.000000	0.000000	0.000000	0.000000	0.000000	0.000092
433	0.584149	0.100888	0.314871	0.000000	0.000000	0.000000	0.000000	0.000000	0.000092
434	0.584136	0.101140	0.314626	0.000000	0.000000	0.000000	0.000000	0.000000	0.000098
435	0.584941	0.100723	0.314233	0.000000	0.000000	0.000000	0.000000	0.000000	0.000103
436	0.584959	0.100829	0.314124	0.000000	0.000000	0.000000	0.000000	0.000000	0.000088
437	0.584914	0.100729	0.314272	0.000000	0.000000	0.000000	0.000000	0.000000	0.000085
438	0.584318	0.101007	0.314590	0.000000	0.000000	0.000000	0.000000	0.000000	0.000085
439	0.584759	0.100758	0.314398	0.000000	0.000000	0.000000	0.000000	0.000000	0.000085
440	0.584554	0.100750	0.314619	0.000000	0.000000	0.000000	0.000000	0.000000	0.000077
441	0.584827	0.100668	0.314424	0.000000	0.000000	0.000000	0.000000	0.000000	0.000081
442	0.584813	0.100882	0.314224	0.000000	0.000000	0.000000	0.000000	0.000000	0.000081
443	0.584928	0.101167	0.313830	0.000000	0.000000	0.000000	0.000000	0.000000	0.000075
444	0.585667	0.100789	0.313467	0.000000	0.000000	0.000000	0.000000	0.000000	0.000077
445	0.585902	0.100786	0.313247	0.000000	0.000000	0.000000	0.000000	0.000000	0.000065
446	0.585759	0.100512	0.313659	0.000000	0.000000	0.000000	0.000000	0.000000	0.000070
447	0.585327	0.100554	0.314048	0.000000	0.000000	0.000000	0.000000	0.000000	0.000071
448	0.585354	0.100091	0.314474	0.000000	0.000000	0.000000	0.000000	0.000000	0.000081
449	0.585570	0.099704	0.314643	0.000000	0.000000	0.000000	0.000000	0.000000	0.000083
450	0.585288	0.099738	0.314886	0.000000	0.000000	0.000000	0.000000	0.000000	0.000088
451	0.585572	0.099697	0.314651	0.000000	0.000000	0.000000	0.000000	0.000000	0.000080
452	0.584923	0.099558	0.315442	0.000000	0.000000	0.000000	0.000000	0.000000	0.000077
453	0.584704	0.099951	0.315268	0.000000	0.000000	0.000000	0.000000	0.000000	0.000077
454	0.584788	0.099830	0.315308	0.000000	0.000000	0.000000	0.000000	0.000000	0.000074
455	0.584675	0.099879	0.315384	0.000000	0.000000	0.000000	0.000000	0.000000	0.000062
456	0.585528	0.099781	0.314636	0.000000	0.000000	0.000000	0.000000	0.000000	0.000055
457	0.585456	0.099972	0.314503	0.000000	0.000000	0.000000	0.000000	0.000000	0.000069
458	0.585513	0.100200	0.314223	0.000000	0.000000	0.000000	0.000000	0.000000	0.000064
459	0.585779	0.099895	0.314268	0.000000	0.000000	0.000000	0.000000	0.000000	0.000058
460	0.585687	0.100291	0.313961	0.000000	0.000000	0.000000	0.000000	0.000000	0.000061
461	0.585619	0.100024	0.314299	0.000000	0.000000	0.000000	0.000000	0.000000	0.000058
462	0.585806	0.100014	0.314129	0.000000	0.000000	0.000000	0.000000	0.000000	0.000051
463	0.585233	0.100372	0.314341	0.000000	0.000000	0.000000	0.000000	0.000000	0.000054
464	0.585715	0.100226	0.314008	0.000000	0.000000	0.000000	0.000000	0.000000	0.000051
465	0.585764	0.100250	0.313934	0.000000	0.000000	0.000000	0.000000	0.000000	0.000052
466	0.585478	0.100478	0.313989	0.000000	0.000000	0.000000	0.000000	0.000000	0.000055
467	0.585780	0.100097	0.314065	0.000000	0.000000	0.000000	0.000000	0.000000	0.000058
468	0.585516	0.100089	0.314336	0.000000	0.000000	0.000000	0.000000	0.000000	0.000059
469	0.585420	0.099910	0.314624	0.000000	0.000000	0.000000	0.000000	0.000000	0.000046
470	0.584686	0.100026	0.315240	0.000000	0.000000	0.000000	0.000000	0.000000	0.000048
