0	0.290663	0.057897	0.229473	0.157588	0.029913	0.111872	0.085455	0.012259	0.024880
1	0.222952	0.046489	0.193371	0.133949	0.027958	0.117567	0.132521	0.025628	0.099565
2	0.215353	0.044774	0.185812	0.124014	0.027256	0.109143	0.145496	0.028113	0.120039
3	0.214507	0.043762	0.179018	0.115449	0.027095	0.100507	0.154885	0.029464	0.135313
4	0.214539	0.042401	0.172465	0.107596	0.027378	0.092069	0.162407	0.030344	0.150801
5	0.215060	0.041194	0.165674	0.101181	0.027582	0.083995	0.169217	0.031152	0.164945
6	0.215771	0.040634	0.158941	0.094644	0.027906	0.076292	0.175116	0.031833	0.178863
7	0.216416	0.039769	0.152389	0.089221	0.028111	0.069345	0.179986	0.032037	0.192726
8	0.217602	0.039116	0.145460	0.083873	0.028635	0.062742	0.183636	0.032363	0.206573
9	0.218480	0.038607	0.138747	0.078940	0.028770	0.056272	0.187636	0.032619	0.219929
10	0.219114	0.037941	0.131987	0.074613	0.029415	0.050847	0.190886	0.032842	0.232355
11	0.219421	0.037260	0.125206	0.070398	0.030132	0.046219	0.194125	0.032836	0.244403
12	0.221086	0.036684	0.118566	0.066373	0.030774	0.041612	0.195688	0.032728	0.256489
13	0.221869	0.036066	0.112319	0.062445	0.031613	0.037556	0.197176	0.032695	0.268261
14	0.222743	0.035644	0.106093	0.058901	0.032440	0.033688	0.198504	0.032581	0.279406
15	0.223098	0.035406	0.100618	0.055589	0.033563	0.030249	0.198483	0.032415	0.290579
16	0.224222	0.034879	0.094813	0.052574	0.034410	0.027300	0.198741	0.032128	0.300933
17	0.224764	0.034312	0.089378	0.049861	0.035222	0.024722	0.198821	0.031926	0.310994
18	0.225356	0.033592	0.084857	0.046885	0.036287	0.022239	0.198473	0.031726	0.320585
19	0.225222	0.032876	0.079835	0.044674	0.037477	0.019895	0.198562	0.031278	0.330181
20	0.226137	0.032048	0.075430	0.042352	0.038633	0.017920	0.197827	0.030900	0.338753
21	0.226189	0.031591	0.070909	0.040603	0.039827	0.016180	0.197105	0.030395	0.347201
22	0.226435	0.031353	0.066322	0.038316	0.041066	0.014549	0.195850	0.030050	0.356059
23	0.226684	0.031267	0.062270	0.036601	0.042169	0.013178	0.194122	0.029827	0.363882
24	0.226645	0.030654	0.058619	0.034532	0.043443	0.011999	0.193390	0.029531	0.371187
25	0.226051	0.030147	0.054851	0.032891	0.044844	0.010780	0.192400	0.029087	0.378949
26	0.226331	0.029633	0.051325	0.031151	0.046021	0.009667	0.190784	0.028538	0.386550
27	0.225775	0.029043	0.048067	0.029619	0.047307	0.008726	0.189230	0.028149	0.394084
28	0.225457	0.028359	0.045178	0.028007	0.048647	0.007964	0.187845	0.027577	0.400966
29	0.224597	0.028193	0.042192	0.026622	0.049885	0.007063	0.185823	0.027331	0.408294
30	0.223608	0.027730	0.039296	0.025259	0.051147	0.006441	0.184303	0.026823	0.415393
31	0.222578	0.027439	0.036987	0.024010	0.052485	0.005856	0.182025	0.026192	0.422428
32	0.221336	0.026858	0.034471	0.023057	0.054238	0.005325	0.180099	0.025724	0.428892
33	0.220147	0.026699	0.032118	0.021945	0.055553	0.004857	0.178303	0.025210	0.435168
34	0.219253	0.026196	0.030307	0.020903	0.056637	0.004528	0.175967	0.024791	0.441418
35	0.217802	0.025445	0.028434	0.019838	0.057818	0.004176	0.174228	0.024472	0.447787
36	0.216317	0.025046	0.026338	0.018892	0.059187	0.003756	0.172662	0.024157	0.453645
37	0.214727	0.024824	0.024670	0.017977	0.060349	0.003403	0.169805	0.023699	0.460546
38	0.212828	0.024418	0.022973	0.017003	0.061882	0.003060	0.167915	0.023427	0.466494
39	0.210965	0.023987	0.021340	0.016444	0.063316	0.002901	0.165394	0.023054	0.472599
40	0.209296	0.023427	0.020058	0.015525	0.064946	0.002650	0.163687	0.022513	0.477898
41	0.207212	0.022878	0.018651	0.014927	0.066432	0.002495	0.161671	0.021909	0.483825
42	0.205156	0.022360	0.017319	0.014048	0.068026	0.002148	0.159959	0.021649	0.489335
43	0.203174	0.021968	0.016084	0.013440	0.069192	0.002008	0.158365	0.021407	0.494362
44	0.201505	0.021390	0.015110	0.012661	0.070598	0.001812	0.156171	0.020926	0.499827
45	0.199740	0.020950	0.014061	0.012157	0.072251	0.001634	0.154531	0.020589	0.504087
46	0.197510	0.020544	0.013088	0.011737	0.073978	0.001462	0.152609	0.019831	0.509241
47	0.195959	0.020108	0.012142	0.011121	0.074974	0.001335	0.150479	0.019686	0.514196
48	0.193088	0.019738	0.011251	0.010475	0.076232	0.001192	0.149031	0.019557	0.519436
49	0.190740	0.019237	0.010293	0.010030	0.077630	0.001084	0.147464	0.019435	0.524087
50	0.188268	0.018689	0.009483	0.009502	0.079178	0.000995	0.146376	0.019049	0.528460
51	0.185815	0.018344	0.008882	0.009115	0.080434	0.000894	0.144497	0.018737	0.533282
52	0.183398	0.017750	0.008241	0.008567	0.082101	0.000772	0.143053	0.018563	0.537555
53	0.181218	0.017178	0.007813	0.008275	0.083593	0.000710	0.141211	0.018373	0.541629
54	0.178762	0.016769	0.007104	0.007948	0.084745	0.000624	0.139486	0.018093	0.546469
55	0.175651	0.016403	0.006814	0.007580	0.086249	0.000593	0.137645	0.017759	0.551306
56	0.172841	0.016127	0.006216	0.007180	0.087672	0.000552	0.136302	0.017469	0.555641
57	0.170057	0.015894	0.005829	0.006860	0.088881	0.000498	0.134565	0.017071	0.560345
58	0.167425	0.015299	0.005461	0.006571	0.090389	0.000461	0.133385	0.016784	0.564225
59	0.164153	0.014759	0.005054	0.006300	0.091869	0.000451	0.132105	0.016583	0.568726
60	0.161088	0.014395	0.004717	0.005970	0.093585	0.000410	0.129754	0.016172	0.573909
61	0.158133	0.014011	0.004362	0.005749	0.094589	0.000367	0.128306	0.016040	0.578443
62	0.155363	0.013633	0.004153	0.005529	0.095965	0.000323	0.126852	0.015689	0.582493
63	0.152521	0.013188	0.003883	0.005319	0.096956	0.000300	0.126012	0.015581	0.586240
64	0.149582	0.012922	0.003535	0.005011	0.098199	0.000255	0.125008	0.015244	0.590244
65	0.146708	0.012521	0.003362	0.004736	0.099110	0.000243	0.123898	0.015029	0.594393
66	0.143759	0.012089	0.003074	0.004598	0.100391	0.000221	0.122033	0.014957	0.598878
67	0.141143	0.011770	0.002904	0.004391	0.101278	0.000201	0.120660	0.014640	0.603013
68	0.138626	0.011364	0.002667	0.004182	0.102487	0.000171	0.119565	0.014457	0.606481
69	0.136065	0.010987	0.002390	0.003928	0.103788	0.000169	0.118011	0.014406	0.610256
70	0.133322	0.010625	0.002291	0.003693	0.104907	0.000159	0.116704	0.014032	0.614267
71	0.130416	0.010265	0.002074	0.003556	0.105944	0.000146	0.115850	0.013831	0.617918
72	0.126942	0.009980	0.001928	0.003417	0.107243	0.000142	0.115001	0.013728	0.621619
73	0.124146	0.009627	0.001779	0.003301	0.108340	0.000128	0.113782	0.013655	0.625242
74	0.120912	0.009318	0.001674	0.003181	0.109663	0.000127	0.112646	0.013432	0.629047
75	0.118163	0.009012	0.001578	0.003080	0.110957	0.000115	0.111450	0.013279	0.632366
76	0.115038	0.008711	0.001453	0.002987	0.111881	0.000089	0.110316	0.013080	0.636445
77	0.112473	0.008475	0.001334	0.002802	0.112754	0.000079	0.109516	0.012971	0.639596
78	0.109503	0.008189	0.001243	0.002639	0.113995	0.000071	0.108856	0.012899	0.642605
79	0.107044	0.007980	0.001141	0.002557	0.114805	0.000062	0.107472	0.012804	0.646135
80	0.104022	0.007725	0.001027	0.002468	0.115587	0.000053	0.106592	0.012643	0.649883
81	0.101656	0.007344	0.000927	0.002395	0.116506	0.000061	0.105663	0.012574	0.652874
82	0.098919	0.007119	0.000865	0.002343	0.117506	0.000046	0.104840	0.012195	0.656167
83	0.096325	0.006733	0.000798	0.002232	0.118480	0.000047	0.104160	0.012123	0.659102
84	0.093919	0.006588	0.000710	0.002115	0.119431	0.000049	0.103548	0.011947	0.661693
85	0.091261	0.006221	0.000653	0.002072	0.119979	0.000043	0.102865	0.011815	0.665091
86	0.088650	0.006093	0.000599	0.001994	0.120942	0.000037	0.101893	0.011805	0.667987
87	0.086472	0.005954	0.000521	0.001932	0.121534	0.000029	0.101009	0.011606	0.670943
88	0.083977	0.005701	0.000476	0.001879	0.122427	0.000023	0.100723	0.011408	0.673386
89	0.081703	0.005498	0.000463	0.001822	0.123040	0.000019	0.099764	0.011183	0.676508
90	0.079520	0.005248	0.000420	0.001730	0.124011	0.000028	0.099335	0.011087	0.678621
91	0.076780	0.005159	0.000397	0.001643	0.124727	0.000023	0.098337	0.010874	0.682060
92	0.074608	0.004994	0.000372	0.001622	0.125356	0.000021	0.097952	0.010795	0.684280
93	0.072303	0.004716	0.000331	0.001551	0.126275	0.000026	0.096994	0.010607	0.687197
94	0.070190	0.004558	0.000312	0.001488	0.126769	0.000028	0.096326	0.010516	0.689813
95	0.067870	0.004328	0.000280	0.001436	0.127432	0.000028	0.095737	0.010411	0.692478
96	0.065694	0.004177	0.000249	0.001327	0.128044	0.000021	0.095142	0.010367	0.694979
97	0.063591	0.004140	0.000228	0.001280	0.128669	0.000025	0.094647	0.010371	0.697049
98	0.061396	0.004035	0.000198	0.001175	0.129087	0.000028	0.094309	0.010261	0.699511
99	0.059409	0.003903	0.000176	0.001130	0.129749	0.000015	0.093088	0.010163	0.702367
100	0.057725	0.003709	0.000149	0.001068	0.130135	0.000013	0.092591	0.010028	0.704582
101	0.055994	0.003577	0.000149	0.001005	0.130793	0.000014	0.091857	0.009794	0.706817
102	0.054048	0.003493	0.000127	0.000938	0.131268	0.000011	0.091506	0.009812	0.708797
103	0.052332	0.003394	0.000130	0.000912	0.131582	0.000013	0.091338	0.009674	0.710625
104	0.050457	0.003249	0.000113	0.000869	0.131903	0.000010	0.090354	0.009563	0.713482
105	0.048786	0.003101	0.000103	0.000828	0.132540	0.000005	0.089565	0.009381	0.715691
106	0.047242	0.002985	0.000099	0.000810	0.132955	0.000004	0.088908	0.009306	0.717691
107	0.045782	0.002909	0.000092	0.000794	0.133230	0.000005	0.088247	0.009125	0.719816
108	0.044195	0.002807	0.000093	0.000745	0.133435	0.000005	0.087773	0.009104	0.721843
109	0.042590	0.002642	0.000073	0.000692	0.133948	0.000002	0.087435	0.009096	0.723522
110	0.041046	0.002561	0.000060	0.000645	0.134459	0.000002	0.086684	0.008966	0.725577
111	0.039857	0.002509	0.000050	0.000640	0.134693	0.000001	0.086296	0.008767	0.727187
112	0.038397	0.002341	0.000048	0.000577	0.135361	0.000000	0.085674	0.008716	0.728886
113	0.036947	0.002184	0.000036	0.000546	0.135891	0.000000	0.085190	0.008451	0.730755
114	0.035696	0.002090	0.000024	0.000533	0.136041	0.000000	0.084949	0.008425	0.732242
115	0.034539	0.002006	0.000016	0.000486	0.136201	0.000000	0.084572	0.008389	0.733791
116	0.033173	0.001880	0.000005	0.000469	0.136447	0.000000	0.083874	0.008378	0.735774
117	0.031794	0.001794	0.000007	0.000465	0.136643	0.000000	0.083449	0.008241	0.737607
118	0.030620	0.001656	0.000007	0.000440	0.136904	0.000000	0.083054	0.008185	0.739134
119	0.029447	0.001575	0.000010	0.000395	0.136850	0.000000	0.082716	0.008135	0.740872
120	0.028618	0.001460	0.000007	0.000388	0.137166	0.000000	0.082147	0.008099	0.742115
121	0.027493	0.001364	0.000006	0.000370	0.137430	0.000000	0.081590	0.007986	0.743761
122	0.026630	0.001331	0.000003	0.000383	0.137832	0.000000	0.080990	0.007921	0.744910
123	0.025685	0.001281	0.000002	0.000349	0.138456	0.000000	0.080533	0.007881	0.745813
124	0.024812	0.001264	0.000002	0.000347	0.138489	0.000000	0.079925	0.007844	0.747317
125	0.023679	0.001202	0.000003	0.000339	0.138563	0.000000	0.078964	0.007649	0.749601
126	0.022692	0.001155	0.000002	0.000325	0.138835	0.000000	0.078653	0.007623	0.750715
127	0.021853	0.001132	0.000002	0.000294	0.138850	0.000000	0.078284	0.007640	0.751945
128	0.021065	0.001094	0.000000	0.000298	0.138957	0.000000	0.078235	0.007507	0.752844
129	0.020270	0.001062	0.000000	0.000275	0.138983	0.000000	0.077751	0.007694	0.753965
130	0.019496	0.001029	0.000000	0.000282	0.139228	0.000000	0.077157	0.007552	0.755256
131	0.018864	0.000952	0.000000	0.000297	0.139201	0.000000	0.076810	0.007447	0.756429
132	0.018326	0.000871	0.000000	0.000283	0.139559	0.000000	0.076518	0.007362	0.757081
133	0.017670	0.000867	0.000000	0.000273	0.139166	0.000000	0.075906	0.007248	0.758870
134	0.017067	0.000805	0.000000	0.000267	0.139629	0.000000	0.075230	0.007251	0.759751
135	0.016587	0.000730	0.000000	0.000257	0.139598	0.000000	0.074931	0.007131	0.760766
136	0.015923	0.000700	0.000000	0.000233	0.140078	0.000000	0.074696	0.007160	0.761210
137	0.015379	0.000639	0.000000	0.000215	0.140060	0.000000	0.073997	0.007109	0.762601
138	0.014831	0.000602	0.000000	0.000227	0.140038	0.000000	0.073678	0.007106	0.763518
139	0.014310	0.000585	0.000000	0.000214	0.140056	0.000000	0.073690	0.007173	0.763972
140	0.013834	0.000561	0.000000	0.000227	0.140093	0.000000	0.073119	0.007066	0.765100
141	0.013206	0.000553	0.000000	0.000241	0.140495	0.000000	0.072744	0.007160	0.765601
142	0.012744	0.000542	0.000000	0.000202	0.140647	0.000000	0.072451	0.007144	0.766270
143	0.012226	0.000507	0.000000	0.000195	0.140375	0.000000	0.072091	0.007083	0.767523
144	0.011706	0.000519	0.000000	0.000189	0.140623	0.000000	0.071582	0.007083	0.768298
145	0.011201	0.000485	0.000000	0.000194	0.140604	0.000000	0.071239	0.007092	0.769185
146	0.010768	0.000470	0.000000	0.000204	0.140893	0.000000	0.070754	0.006985	0.769926
147	0.010272	0.000435	0.000000	0.000204	0.140998	0.000000	0.070291	0.006873	0.770927
148	0.009885	0.000398	0.000000	0.000217	0.140856	0.000000	0.069858	0.006848	0.771938
149	0.009462	0.000383	0.000000	0.000208	0.141118	0.000000	0.069512	0.006728	0.772589
150	0.009107	0.000362	0.000000	0.000206	0.140906	0.000000	0.069393	0.006701	0.773325
151	0.008770	0.000365	0.000000	0.000191	0.140932	0.000000	0.069201	0.006641	0.773900
152	0.008386	0.000348	0.000000	0.000179	0.141043	0.000000	0.068945	0.006687	0.774412
153	0.008081	0.000352	0.000000	0.000171	0.140864	0.000000	0.068853	0.006590	0.775089
154	0.007772	0.000336	0.000000	0.000171	0.141250	0.000000	0.068421	0.006552	0.775498
155	0.007539	0.000359	0.000000	0.000170	0.141282	0.000000	0.068381	0.006383	0.775886
156	0.007203	0.000334	0.000000	0.000168	0.141110	0.000000	0.067969	0.006314	0.776902
157	0.007023	0.000326	0.000000	0.000164	0.140991	0.000000	0.068169	0.006263	0.777064
158	0.006695	0.000320	0.000000	0.000164	0.140862	0.000000	0.067859	0.006253	0.777847
159	0.006410	0.000299	0.000000	0.000152	0.140801	0.000000	0.067603	0.006234	0.778501
160	0.006147	0.000297	0.000000	0.000151	0.140676	0.000000	0.067058	0.006312	0.779359
161	0.005788	0.000289	0.000000	0.000160	0.140847	0.000000	0.066779	0.006260	0.779877
162	0.005517	0.000277	0.000000	0.000167	0.140576	0.000000	0.066453	0.006306	0.780704
163	0.005293	0.000276	0.000000	0.000169	0.140573	0.000000	0.066133	0.006235	0.781321
164	0.005062	0.000265	0.000000	0.000153	0.140192	0.000000	0.065728	0.006110	0.782490
165	0.004825	0.000258	0.000000	0.000164	0.140255	0.000000	0.065506	0.006085	0.782907
166	0.004592	0.000274	0.000000	0.000151	0.140180	0.000000	0.064824	0.006098	0.783881
167	0.004467	0.000253	0.000000	0.000140	0.140309	0.000000	0.065025	0.005969	0.783837
168	0.004292	0.000239	0.000000	0.000140	0.140116	0.000000	0.064905	0.005986	0.784322
169	0.004035	0.000246	0.000000	0.000134	0.139837	0.000000	0.064609	0.005949	0.785190
170	0.003910	0.000231	0.000000	0.000130	0.139305	0.000000	0.064266	0.005825	0.786333
171	0.003803	0.000236	0.000000	0.000118	0.139264	0.000000	0.063914	0.005885	0.786780
172	0.003604	0.000241	0.000000	0.000119	0.139215	0.000000	0.063816	0.005891	0.787114
173	0.003389	0.000236	0.000000	0.000114	0.139168	0.000000	0.063785	0.005806	0.787502
174	0.003258	0.000228	0.000000	0.000118	0.138823	0.000000	0.063703	0.005669	0.788201
175	0.003110	0.000226	0.000000	0.000106	0.138719	0.000000	0.063530	0.005675	0.788634
176	0.003046	0.000237	0.000000	0.000093	0.138720	0.000000	0.063288	0.005683	0.788933
177	0.002900	0.000214	0.000000	0.000102	0.138702	0.000000	0.062821	0.005641	0.789620
178	0.002793	0.000215	0.000000	0.000092	0.138608	0.000000	0.062546	0.005574	0.790172
179	0.002691	0.000204	0.000000	0.000100	0.138354	0.000000	0.062399	0.005536	0.790716
180	0.002653	0.000196	0.000000	0.000094	0.138286	0.000000	0.061937	0.005529	0.791305
181	0.002545	0.000190	0.000000	0.000093	0.138149	0.000000	0.061676	0.005443	0.791904
182	0.002450	0.000182	0.000000	0.000092	0.138196	0.000000	0.061530	0.005333	0.792217
183	0.002335	0.000170	0.000000	0.000088	0.137923	0.000000	0.060960	0.005310	0.793214
184	0.002250	0.000165	0.000000	0.000075	0.138098	0.000000	0.061073	0.005234	0.793105
185	0.002173	0.000157	0.000000	0.000083	0.137913	0.000000	0.060928	0.005192	0.793554
186	0.002114	0.000164	0.000000	0.000095	0.137768	0.000000	0.060643	0.005178	0.794038
187	0.002051	0.000151	0.000000	0.000081	0.137546	0.000000	0.060528	0.005150	0.794493
188	0.001973	0.000139	0.000000	0.000081	0.137725	0.000000	0.059934	0.005090	0.795058
189	0.001971	0.000148	0.000000	0.000080	0.137689	0.000000	0.059998	0.005023	0.795091
190	0.001900	0.000150	0.000000	0.000068	0.137358	0.000000	0.059457	0.004919	0.796148
191	0.001881	0.000139	0.000000	0.000061	0.137428	0.000000	0.059737	0.004950	0.795804
192	0.001798	0.000142	0.000000	0.000055	0.137168	0.000000	0.059482	0.004872	0.796483
193	0.001708	0.000142	0.000000	0.000052	0.137196	0.000000	0.059027	0.004908	0.796967
194	0.001637	0.000151	0.000000	0.000051	0.137078	0.000000	0.058836	0.004845	0.797402
195	0.001572	0.000160	0.000000	0.000051	0.136930	0.000000	0.058726	0.004771	0.797790
196	0.001533	0.000164	0.000000	0.000048	0.137141	0.000000	0.058713	0.004891	0.797510
197	0.001529	0.000170	0.000000	0.000041	0.136512	0.000000	0.058515	0.004828	0.798405
198	0.001453	0.000177	0.000000	0.000042	0.136424	0.000000	0.058419	0.004817	0.798668
199	0.001406	0.000170	0.000000	0.000035	0.135960	0.000000	0.058058	0.004798	0.799573
200	0.001342	0.000164	0.000000	0.000033	0.136174	0.000000	0.057979	0.004728	0.799580
201	0.001288	0.000156	0.000000	0.000027	0.135930	0.000000	0.057715	0.004652	0.800232
202	0.001241	0.000151	0.000000	0.000021	0.135680	0.000000	0.057456	0.004637	0.800814
203	0.001163	0.000154	0.000000	0.000016	0.135780	0.000000	0.057281	0.004644	0.800962
204	0.001108	0.000149	0.000000	0.000018	0.135879	0.000000	0.057012	0.004611	0.801223
205	0.001036	0.000140	0.000000	0.000021	0.135702	0.000000	0.056716	0.004632	0.801753
206	0.000996	0.000132	0.000000	0.000021	0.135626	0.000000	0.056511	0.004586	0.802128
207	0.000943	0.000119	0.000000	0.000018	0.135343	0.000000	0.056406	0.004481	0.802690
208	0.000902	0.000111	0.000000	0.000017	0.135046	0.000000	0.056130	0.004424	0.803370
209	0.000826	0.000112	0.000000	0.000022	0.134799	0.000000	0.055748	0.004334	0.804159
210	0.000789	0.000103	0.000000	0.000021	0.134665	0.000000	0.055481	0.004312	0.804629
211	0.000748	0.000098	0.000000	0.000026	0.134578	0.000000	0.055431	0.004319	0.804800
212	0.000697	0.000095	0.000000	0.000027	0.134465	0.000000	0.055560	0.004247	0.804909
213	0.000669	0.000098	0.000000	0.000024	0.134414	0.000000	0.055280	0.004231	0.805284
214	0.000632	0.000095	0.000000	0.000028	0.134486	0.000000	0.055211	0.004216	0.805332
215	0.000588	0.000100	0.000000	0.000033	0.134281	0.000000	0.055300	0.004184	0.805514
216	0.000541	0.000089	0.000000	0.000039	0.134130	0.000000	0.054939	0.004176	0.806086
217	0.000477	0.000082	0.000000	0.000037	0.134261	0.000000	0.054920	0.004100	0.806123
218	0.000455	0.000077	0.000000	0.000029	0.134444	0.000000	0.054542	0.004059	0.806394
219	0.000463	0.000073	0.000000	0.000034	0.134154	0.000000	0.054504	0.003983	0.806789
220	0.000414	0.000067	0.000000	0.000040	0.133841	0.000000	0.054236	0.004029	0.807373
221	0.000413	0.000055	0.000000	0.000045	0.133405	0.000000	0.054272	0.004021	0.807789
222	0.000400	0.000045	0.000000	0.000045	0.133300	0.000000	0.054077	0.004085	0.808048
223	0.000384	0.000040	0.000000	0.000031	0.133165	0.000000	0.054079	0.004031	0.808270
224	0.000404	0.000033	0.000000	0.000031	0.132749	0.000000	0.053868	0.004008	0.808907
225	0.000378	0.000034	0.000000	0.000038	0.132893	0.000000	0.053715	0.004000	0.808942
226	0.000338	0.000028	0.000000	0.000043	0.132659	0.000000	0.053975	0.004005	0.808952
227	0.000312	0.000030	0.000000	0.000042	0.132392	0.000000	0.053551	0.003978	0.809695
228	0.000305	0.000024	0.000000	0.000046	0.132388	0.000000	0.053649	0.004024	0.809564
229	0.000309	0.000022	0.000000	0.000050	0.131830	0.000000	0.053490	0.004052	0.810247
230	0.000304	0.000018	0.000000	0.000046	0.131694	0.000000	0.053448	0.004059	0.810431
231	0.000296	0.000017	0.000000	0.000043	0.131539	0.000000	0.053333	0.004099	0.810673
232	0.000290	0.000014	0.000000	0.000037	0.131488	0.000000	0.053126	0.004041	0.811004
233	0.000260	0.000009	0.000000	0.000036	0.131436	0.000000	0.052983	0.003981	0.811295
234	0.000236	0.000012	0.000000	0.000034	0.131349	0.000000	0.052661	0.003903	0.811805
235	0.000204	0.000010	0.000000	0.000040	0.131179	0.000000	0.052829	0.003959	0.811779
236	0.000196	0.000005	0.000000	0.000029	0.130888	0.000000	0.052494	0.003968	0.812420
237	0.000180	0.000007	0.000000	0.000031	0.130777	0.000000	0.052488	0.003991	0.812526
238	0.000170	0.000005	0.000000	0.000026	0.130645	0.000000	0.052605	0.004029	0.812520
239	0.000172	0.000004	0.000000	0.000028	0.130684	0.000000	0.052383	0.004048	0.812681
240	0.000158	0.000003	0.000000	0.000028	0.130533	0.000000	0.052235	0.004083	0.812960
241	0.000168	0.000006	0.000000	0.000025	0.130409	0.000000	0.052071	0.003981	0.813340
242	0.000140	0.000004	0.000000	0.000024	0.130271	0.000000	0.051774	0.003935	0.813852
243	0.000139	0.000001	0.000000	0.000016	0.129862	0.000000	0.051787	0.003942	0.814253
244	0.000122	0.000000	0.000000	0.000014	0.129888	0.000000	0.051826	0.003914	0.814236
245	0.000127	0.000000	0.000000	0.000011	0.130047	0.000000	0.051779	0.003916	0.814120
246	0.000124	0.000000	0.000000	0.000006	0.129917	0.000000	0.051834	0.003833	0.814286
247	0.000113	0.000000	0.000000	0.000010	0.129705	0.000000	0.051666	0.003796	0.814710
248	0.000099	0.000000	0.000000	0.000007	0.129637	0.000000	0.051356	0.003786	0.815115
249	0.000091	0.000000	0.000000	0.000009	0.129471	0.000000	0.050889	0.003749	0.815791
250	0.000084	0.000000	0.000000	0.000005	0.129246	0.000000	0.050654	0.003746	0.816265
251	0.000084	0.000000	0.000000	0.000008	0.129097	0.000000	0.050639	0.003807	0.816365
252	0.000079	0.000000	0.000000	0.000006	0.129002	0.000000	0.050442	0.003745	0.816726
253	0.000075	0.000000	0.000000	0.000007	0.128782	0.000000	0.050043	0.003715	0.817378
254	0.000066	0.000000	0.000000	0.000009	0.128773	0.000000	0.049856	0.003681	0.817615
255	0.000060	0.000000	0.000000	0.000013	0.128749	0.000000	0.049617	0.003631	0.817930
256	0.000064	0.000000	0.000000	0.000014	0.128717	0.000000	0.049584	0.003677	0.817944
257	0.000063	0.000000	0.000000	0.000020	0.128561	0.000000	0.049641	0.003732	0.817983
258	0.000053	0.000000	0.000000	0.000018	0.128177	0.000000	0.049723	0.003679	0.818350
259	0.000049	0.000000	0.000000	0.000024	0.128015	0.000000	0.049715	0.003611	0.818586
260	0.000053	0.000000	0.000000	0.000024	0.127849	0.000000	0.049683	0.003668	0.818723
261	0.000056	0.000000	0.000000	0.000027	0.127767	0.000000	0.049551	0.003582	0.819017
262	0.000045	0.000000	0.000000	0.000028	0.127476	0.000000	0.049282	0.003600	0.819569
263	0.000046	0.000000	0.000000	0.000031	0.127426	0.000000	0.049029	0.003605	0.819863
264	0.000054	0.000000	0.000000	0.000027	0.127298	0.000000	0.049167	0.003630	0.819824
265	0.000055	0.000000	0.000000	0.000028	0.127162	0.000000	0.049136	0.003594	0.820025
266	0.000053	0.000000	0.000000	0.000025	0.127170	0.000000	0.049351	0.003611	0.819790
267	0.000050	0.000000	0.000000	0.000029	0.127077	0.000000	0.049236	0.003586	0.820022
268	0.000046	0.000000	0.000000	0.000031	0.127128	0.000000	0.049078	0.003459	0.820258
269	0.000053	0.000000	0.000000	0.000039	0.126977	0.000000	0.049007	0.003480	0.820444
270	0.000058	0.000000	0.000000	0.000037	0.126769	0.000000	0.048767	0.003530	0.820839
271	0.000037	0.000000	0.000000	0.000030	0.126529	0.000000	0.048776	0.003536	0.821092
272	0.000034	0.000000	0.000000	0.000024	0.126305	0.000000	0.048358	0.003537	0.821742
273	0.000031	0.000000	0.000000	0.000019	0.126269	0.000000	0.048182	0.003592	0.821907
274	0.000023	0.000000	0.000000	0.000024	0.126092	0.000000	0.047937	0.003573	0.822351
275	0.000020	0.000000	0.000000	0.000022	0.126151	0.000000	0.047692	0.003511	0.822604
276	0.000025	0.000000	0.000000	0.000028	0.125947	0.000000	0.047742	0.003416	0.822842
277	0.000019	0.000000	0.000000	0.000029	0.125614	0.000000	0.047649	0.003451	0.823238
278	0.000014	0.000000	0.000000	0.000032	0.125535	0.000000	0.047730	0.003494	0.823195
279	0.000010	0.000000	0.000000	0.000024	0.125424	0.000000	0.047911	0.003446	0.823185
280	0.000007	0.000000	0.000000	0.000021	0.125074	0.000000	0.047905	0.003490	0.823503
281	0.000003	0.000000	0.000000	0.000014	0.125012	0.000000	0.047773	0.003447	0.823751
282	0.000005	0.000000	0.000000	0.000013	0.124895	0.000000	0.047847	0.003369	0.823871
283	0.000001	0.000000	0.000000	0.000013	0.124628	0.000000	0.047924	0.003371	0.824063
284	0.000000	0.000000	0.000000	0.000012	0.124274	0.000000	0.047656	0.003382	0.824676
285	0.000000	0.000000	0.000000	0.000016	0.124227	0.000000	0.047712	0.003392	0.824653
286	0.000000	0.000000	0.000000	0.000013	0.124081	0.000000	0.047521	0.003420	0.824965
287	0.000000	0.000000	0.000000	0.000008	0.123982	0.000000	0.047320	0.003394	0.825296
288	0.000000	0.000000	0.000000	0.000009	0.123741	0.000000	0.047119	0.003391	0.825740
289	0.000000	0.000000	0.000000	0.000009	0.123721	0.000000	0.047225	0.003336	0.825709
290	0.000000	0.000000	0.000000	0.000008	0.123311	0.000000	0.047058	0.003379	0.826244
291	0.000000	0.000000	0.000000	0.000008	0.123359	0.000000	0.046662	0.003433	0.826538
292	0.000000	0.000000	0.000000	0.000003	0.123306	0.000000	0.046512	0.003484	0.826695
293	0.000000	0.000000	0.000000	0.000004	0.123034	0.000000	0.046262	0.003500	0.827200
294	0.000000	0.000000	0.000000	0.000002	0.122885	0.000000	0.045976	0.003462	0.827675
295	0.000000	0.000000	0.000000	0.000003	0.122969	0.000000	0.045745	0.003441	0.827842
296	0.000000	0.000000	0.000000	0.000001	0.122998	0.000000	0.045724	0.003385	0.827892
297	0.000000	0.000000	0.000000	0.000002	0.122802	0.000000	0.045601	0.003359	0.828236
298	0.000000	0.000000	0.000000	0.000002	0.122619	0.000000	0.045425	0.003409	0.828545
299	0.000000	0.000000	0.000000	0.000001	0.122648	0.000000	0.045514	0.003403	0.828434
300	0.000000	0.000000	0.000000	0.000002	0.122310	0.000000	0.045540	0.003476	0.828672
301	0.000000	0.000000	0.000000	0.000001	0.122064	0.000000	0.045586	0.003477	0.828872
302	0.000000	0.000000	0.000000	0.000001	0.122133	0.000000	0.045461	0.003473	0.828932
303	0.000000	0.000000	0.000000	0.000000	0.122071	0.000000	0.045583	0.003480	0.828866
304	0.000000	0.000000	0.000000	0.000000	0.121703	0.000000	0.045654	0.003445	0.829198
305	0.000000	0.000000	0.000000	0.000000	0.121610	0.000000	0.045774	0.003406	0.829210
306	0.000000	0.000000	0.000000	0.000000	0.121390	0.000000	0.045398	0.003488	0.829724
307	0.000000	0.000000	0.000000	0.000000	0.120976	0.000000	0.045333	0.003494	0.830197
308	0.000000	0.000000	0.000000	0.000000	0.121014	0.000000	0.045389	0.003471	0.830126
309	0.000000	0.000000	0.000000	0.000000	0.120972	0.000000	0.045280	0.003457	0.830291
310	0.000000	0.000000	0.000000	0.000000	0.120871	0.000000	0.045263	0.003457	0.830409
311	0.000000	0.000000	0.000000	0.000000	0.120859	0.000000	0.045270	0.003516	0.830355
312	0.000000	0.000000	0.000000	0.000000	0.120874	0.000000	0.045115	0.003451	0.830560
313	0.000000	0.000000	0.000000	0.000000	0.120635	0.000000	0.044812	0.003404	0.831149
314	0.000000	0.000000	0.000000	0.000000	0.120521	0.000000	0.044799	0.003360	0.831320
315	0.000000	0.000000	0.000000	0.000000	0.120230	0.000000	0.044408	0.003315	0.832047
316	0.000000	0.000000	0.000000	0.000000	0.120344	0.000000	0.044159	0.003360	0.832137
317	0.000000	0.000000	0.000000	0.000000	0.120194	0.000000	0.044169	0.003341	0.832296
318	0.000000	0.000000	0.000000	0.000000	0.119749	0.000000	0.044233	0.003325	0.832693
319	0.000000	0.000000	0.000000	0.000000	0.119546	0.000000	0.044452	0.003398	0.832604
320	0.000000	0.000000	0.000000	0.000000	0.119305	0.000000	0.044107	0.003359	0.833229
321	0.000000	0.000000	0.000000	0.000000	0.119160	0.000000	0.044129	0.003312	0.833399
322	0.000000	0.000000	0.000000	0.000000	0.119166	0.000000	0.043730	0.003284	0.833820
323	0.000000	0.000000	0.000000	0.000000	0.119214	0.000000	0.043681	0.003261	0.833844
324	0.000000	0.000000	0.000000	0.000000	0.118746	0.000000	0.043189	0.003266	0.834799
325	0.000000	0.000000	0.000000	0.000000	0.118489	0.000000	0.043258	0.003235	0.835018
326	0.000000	0.000000	0.000000	0.000000	0.118691	0.000000	0.043204	0.003251	0.834854
327	0.000000	0.000000	0.000000	0.000000	0.118521	0.000000	0.043060	0.003320	0.835099
328	0.000000	0.000000	0.000000	0.000000	0.118313	0.000000	0.042782	0.003353	0.835552
329	0.000000	0.000000	0.000000	0.000000	0.118221	0.000000	0.042708	0.003386	0.835685
330	0.000000	0.000000	0.000000	0.000000	0.118035	0.000000	0.042565	0.003357	0.836043
331	0.000000	0.000000	0.000000	0.000000	0.118024	0.000000	0.042600	0.003369	0.836007
332	0.000000	0.000000	0.000000	0.000000	0.117655	0.000000	0.042703	0.003407	0.836235
333	0.000000	0.000000	0.000000	0.000000	0.117389	0.000000	0.042409	0.003331	0.836871
334	0.000000	0.000000	0.000000	0.000000	0.117368	0.000000	0.042554	0.003378	0.836700
335	0.000000	0.000000	0.000000	0.000000	0.117482	0.000000	0.042680	0.003414	0.836424
336	0.000000	0.000000	0.000000	0.000000	0.117581	0.000000	0.042651	0.003412	0.836356
337	0.000000	0.000000	0.000000	0.000000	0.117095	0.000000	0.042864	0.003412	0.836629
338	0.000000	0.000000	0.000000	0.000000	0.117084	0.000000	0.042861	0.003392	0.836663
339	0.000000	0.000000	0.000000	0.000000	0.116759	0.000000	0.042591	0.003336	0.837314
340	0.000000	0.000000	0.000000	0.000000	0.116656	0.000000	0.042675	0.003291	0.837378
341	0.000000	0.000000	0.000000	0.000000	0.116816	0.000000	0.042603	0.003245	0.837336
342	0.000000	0.000000	0.000000	0.000000	0.116751	0.000000	0.042401	0.003182	0.837666
343	0.000000	0.000000	0.000000	0.000000	0.117014	0.000000	0.042104	0.003179	0.837703
344	0.000000	0.000000	0.000000	0.000000	0.116843	0.000000	0.042051	0.003205	0.837901
345	0.000000	0.000000	0.000000	0.000000	0.116559	0.000000	0.042045	0.003197	0.838199
346	0.000000	0.000000	0.000000	0.000000	0.116491	0.000000	0.042150	0.003259	0.838100
347	0.000000	0.000000	0.000000	0.000000	0.116055	0.000000	0.041939	0.003232	0.838774
348	0.000000	0.000000	0.000000	0.000000	0.116041	0.000000	0.042100	0.003255	0.838604
349	0.000000	0.000000	0.000000	0.000000	0.115881	0.000000	0.042186	0.003183	0.838750
350	0.000000	0.000000	0.000000	0.000000	0.115887	0.000000	0.041964	0.003085	0.839064
351	0.000000	0.000000	0.000000	0.000000	0.115716	0.000000	0.041988	0.003075	0.839221
352	0.000000	0.000000	0.000000	0.000000	0.115559	0.000000	0.041989	0.002981	0.839471
353	0.000000	0.000000	0.000000	0.000000	0.115606	0.000000	0.041780	0.002995	0.839619
354	0.000000	0.000000	0.000000	0.000000	0.115517	0.000000	0.041417	0.003014	0.840052
355	0.000000	0.000000	0.000000	0.000000	0.115407	0.000000	0.041310	0.002890	0.840393
356	0.000000	0.000000	0.000000	0.000000	0.115168	0.000000	0.041295	0.002960	0.840577
357	0.000000	0.000000	0.000000	0.000000	0.115095	0.000000	0.041227	0.002951	0.840727
358	0.000000	0.000000	0.000000	0.000000	0.114988	0.000000	0.041255	0.002955	0.840802
359	0.000000	0.000000	0.000000	0.000000	0.114896	0.000000	0.041270	0.002974	0.840860
360	0.000000	0.000000	0.000000	0.000000	0.114353	0.000000	0.041155	0.002955	0.841537
361	0.000000	0.000000	0.000000	0.000000	0.114070	0.000000	0.040939	0.003006	0.841985
362	0.000000	0.000000	0.000000	0.000000	0.113874	0.000000	0.040779	0.003085	0.842262
363	0.000000	0.000000	0.000000	0.000000	0.113723	0.000000	0.040604	0.003005	0.842668
364	0.000000	0.000000	0.000000	0.000000	0.113767	0.000000	0.040600	0.002975	0.842658
365	0.000000	0.000000	0.000000	0.000000	0.113563	0.000000	0.040677	0.002954	0.842806
366	0.000000	0.000000	0.000000	0.000000	0.113545	0.000000	0.040745	0.002922	0.842788
367	0.000000	0.000000	0.000000	0.000000	0.113361	0.000000	0.040561	0.002889	0.843189
368	0.000000	0.000000	0.000000	0.000000	0.113180	0.000000	0.040164	0.002884	0.843772
369	0.000000	0.000000	0.000000	0.000000	0.113180	0.000000	0.040077	0.002821	0.843922
370	0.000000	0.000000	0.000000	0.000000	0.113063	0.000000	0.040222	0.002808	0.843907
371	0.000000	0.000000	0.000000	0.000000	0.113119	0.000000	0.040367	0.002842	0.843672
372	0.000000	0.000000	0.000000	0.000000	0.112813	0.000000	0.040056	0.002823	0.844308
373	0.000000	0.000000	0.000000	0.000000	0.112674	0.000000	0.040017	0.002812	0.844497
374	0.000000	0.000000	0.000000	0.000000	0.112521	0.000000	0.040039	0.002861	0.844579
375	0.000000	0.000000	0.000000	0.000000	0.112534	0.000000	0.039906	0.002890	0.844670
376	0.000000	0.000000	0.000000	0.000000	0.112319	0.000000	0.039585	0.002911	0.845185
377	0.000000	0.000000	0.000000	0.000000	0.112199	0.000000	0.039496	0.002904	0.845401
378	0.000000	0.000000	0.000000	0.000000	0.112208	0.000000	0.039312	0.002840	0.845640
379	0.000000	0.000000	0.000000	0.000000	0.112133	0.000000	0.039180	0.002762	0.845925
380	0.000000	0.000000	0.000000	0.000000	0.112133	0.000000	0.038804	0.002708	0.846355
381	0.000000	0.000000	0.000000	0.000000	0.112172	0.000000	0.038794	0.002700	0.846334
382	0.000000	0.000000	0.000000	0.000000	0.111988	0.000000	0.038358	0.002741	0.846913
383	0.000000	0.000000	0.000000	0.000000	0.111740	0.000000	0.038587	0.002693	0.846980
384	0.000000	0.000000	0.000000	0.000000	0.111708	0.000000	0.038560	0.002643	0.847089
385	0.000000	0.000000	0.000000	0.000000	0.111487	0.000000	0.038369	0.002635	0.847509
386	0.000000	0.000000	0.000000	0.000000	0.111377	0.000000	0.038471	0.002629	0.847523
387	0.000000	0.000000	0.000000	0.000000	0.111386	0.000000	0.038465	0.002528	0.847621
388	0.000000	0.000000	0.000000	0.000000	0.111205	0.000000	0.038255	0.002528	0.848012
389	0.000000	0.000000	0.000000	0.000000	0.111077	0.000000	0.038236	0.002480	0.848207
390	0.000000	0.000000	0.000000	0.000000	0.110806	0.000000	0.037943	0.002581	0.848670
391	0.000000	0.000000	0.000000	0.000000	0.110661	0.000000	0.037888	0.002553	0.848898
392	0.000000	0.000000	0.000000	0.000000	0.110231	0.000000	0.037792	0.002543	0.849434
393	0.000000	0.000000	0.000000	0.000000	0.109963	0.000000	0.037832	0.002523	0.849682
394	0.000000	0.000000	0.000000	0.000000	0.109979	0.000000	0.037919	0.002532	0.849570
395	0.000000	0.000000	0.000000	0.000000	0.109808	0.000000	0.037830	0.002502	0.849860
396	0.000000	0.000000	0.000000	0.000000	0.109657	0.000000	0.037785	0.002447	0.850111
397	0.000000	0.000000	0.000000	0.000000	0.109502	0.000000	0.037675	0.002467	0.850356
398	0.000000	0.000000	0.000000	0.000000	0.109254	0.000000	0.037578	0.002413	0.850755
399	0.000000	0.000000	0.000000	0.000000	0.109188	0.000000	0.037489	0.002439	0.850884
400	0.000000	0.000000	0.000000	0.000000	0.108799	0.000000	0.037248	0.002445	0.851508
401	0.000000	0.000000	0.000000	0.000000	0.108664	0.000000	0.036945	0.002449	0.851942
402	0.000000	0.000000	0.000000	0.000000	0.108665	0.000000	0.037121	0.002466	0.851748
403	0.000000	0.000000	0.000000	0.000000	0.108641	0.000000	0.036880	0.002467	0.852012
404	0.000000	0.000000	0.000000	0.000000	0.108559	0.000000	0.036870	0.002438	0.852133
405	0.000000	0.000000	0.000000	0.000000	0.108274	0.000000	0.036781	0.002465	0.852480
406	0.000000	0.000000	0.000000	0.000000	0.108185	0.000000	0.036725	0.002488	0.852602
407	0.000000	0.000000	0.000000	0.000000	0.107855	0.000000	0.036996	0.002559	0.852590
408	0.000000	0.000000	0.000000	0.000000	0.107673	0.000000	0.036940	0.002527	0.852860
409	0.000000	0.000000	0.000000	0.000000	0.107773	0.000000	0.036734	0.002455	0.853038
410	0.000000	0.000000	0.000000	0.000000	0.107496	0.000000	0.036597	0.002419	0.853488
411	0.000000	0.000000	0.000000	0.000000	0.107421	0.000000	0.036569	0.002385	0.853625
412	0.000000	0.000000	0.000000	0.000000	0.107246	0.000000	0.036593	0.002415	0.853746
413	0.000000	0.000000	0.000000	0.000000	0.106949	0.000000	0.036718	0.002472	0.853861
414	0.000000	0.000000	0.000000	0.000000	0.106858	0.000000	0.036659	0.002509	0.853974
415	0.000000	0.000000	0.000000	0.000000	0.106762	0.000000	0.036557	0.002514	0.854167
416	0.000000	0.000000	0.000000	0.000000	0.106661	0.000000	0.036298	0.002550	0.854491
417	0.000000	0.000000	0.000000	0.000000	0.106398	0.000000	0.036135	0.002591	0.854876
418	0.000000	0.000000	0.000000	0.000000	0.106146	0.000000	0.035995	0.002536	0.855323
419	0.000000	0.000000	0.000000	0.000000	0.105973	0.000000	0.035790	0.002564	0.855673
420	0.000000	0.000000	0.000000	0.000000	0.105752	0.000000	0.035899	0.002542	0.855807
421	0.000000	0.000000	0.000000	0.000000	0.105586	0.000000	0.035704	0.002554	0.856156
422	0.000000	0.000000	0.000000	0.000000	0.105361	0.000000	0.035693	0.002570	0.856376
423	0.000000	0.000000	0.000000	0.000000	0.105138	0.000000	0.035760	0.002566	0.856536
424	0.000000	0.000000	0.000000	0.000000	0.104991	0.000000	0.035885	0.002550	0.856574
425	0.000000	0.000000	0.000000	0.000000	0.104726	0.000000	0.036040	0.002501	0.856733
426	0.000000	0.000000	0.000000	0.000000	0.104870	0.000000	0.035947	0.002473	0.856710
427	0.000000	0.000000	0.000000	0.000000	0.104881	0.000000	0.035827	0.002434	0.856858
428	0.000000	0.000000	0.000000	0.000000	0.104514	0.000000	0.035648	0.002426	0.857412
429	0.000000	0.000000	0.000000	0.000000	0.104575	0.000000	0.035548	0.002363	0.857514
430	0.000000	0.000000	0.000000	0.000000	0.104471	0.000000	0.035473	0.002360	0.857696
431	0.000000	0.000000	0.000000	0.000000	0.104135	0.000000	0.035484	0.002361	0.858020
432	0.000000	0.000000	0.000000	0.000000	0.104084	0.000000	0.035385	0.002323	0.858208
433	0.000000	0.000000	0.000000	0.000000	0.104095	0.000000	0.035263	0.002337	0.858305
434	0.000000	0.000000	0.000000	0.000000	0.104127	0.000000	0.035308	0.002312	0.858253
435	0.000000	0.000000	0.000000	0.000000	0.103931	0.000000	0.035468	0.002246	0.858355
436	0.000000	0.000000	0.000000	0.000000	0.103868	0.000000	0.035523	0.002227	0.858382
437	0.000000	0.000000	0.000000	0.000000	0.103843	0.000000	0.035663	0.002269	0.858225
438	0.000000	0.000000	0.000000	0.000000	0.103704	0.000000	0.035728	0.002283	0.858285
439	0.000000	0.000000	0.000000	0.000000	0.103522	0.000000	0.035821	0.002263	0.858394
440	0.000000	0.000000	0.000000	0.000000	0.103359	0.000000	0.035906	0.002264	0.858471
441	0.000000	0.000000	0.000000	0.000000	0.103237	0.000000	0.035707	0.002219	0.858837
442	0.000000	0.000000	0.000000	0.000000	0.103137	0.000000	0.035863	0.002252	0.858748
443	0.000000	0.000000	0.000000	0.000000	0.103147	0.000000	0.035939	0.002241	0.858673
444	0.000000	0.000000	0.000000	0.000000	0.102841	0.000000	0.035777	0.002236	0.859146
445	0.000000	0.000000	0.000000	0.000000	0.102754	0.000000	0.035664	0.002240	0.859342
446	0.000000	0.000000	0.000000	0.000000	0.102541	0.000000	0.035662	0.002277	0.859520
447	0.000000	0.000000	0.000000	0.000000	0.102475	0.000000	0.035665	0.002281	0.859579
448	0.000000	0.000000	0.000000	0.000000	0.102283	0.000000	0.035729	0.002297	0.859691
449	0.000000	0.000000	0.000000	0.000000	0.102209	0.000000	0.035590	0.002271	0.859930
450	0.000000	0.000000	0.000000	0.000000	0.101998	0.000000	0.035542	0.002279	0.860181
451	0.000000	0.000000	0.000000	0.000000	0.101795	0.000000	0.035475	0.002239	0.860491
452	0.000000	0.000000	0.000000	0.000000	0.101744	0.000000	0.035216	0.002228	0.860812
453	0.000000	0.000000	0.000000	0.000000	0.101618	0.000000	0.034998	0.002231	0.861153
454	0.000000	0.000000	0.000000	0.000000	0.101728	0.000000	0.034883	0.002256	0.861133
455	0.000000	0.000000	0.000000	0.000000	0.101573	0.000000	0.034671	0.002224	0.861532
456	0.000000	0.000000	0.000000	0.000000	0.101328	0.000000	0.034663	0.002268	0.861741
457	0.000000	0.000000	0.000000	0.000000	0.101012	0.000000	0.034619	0.002238	0.862131
458	0.000000	0.000000	0.000000	0.000000	0.101202	0.000000	0.034726	0.002177	0.861895
459	0.000000	0.000000	0.000000	0.000000	0.100938	0.000000	0.034642	0.002174	0.862246
460	0.000000	0.000000	0.000000	0.000000	0.100855	0.000000	0.034454	0.002186	0.862505
461	0.000000	0.000000	0.000000	0.000000	0.100593	0.000000	0.034437	0.002191	0.862779
462	0.000000	0.000000	0.000000	0.000000	0.100437	0.000000	0.034219	0.002252	0.863092
463	0.000000	0.000000	0.000000	0.000000	0.100291	0.000000	0.034138	0.002265	0.863306
464	0.000000	0.000000	0.000000	0.000000	0.100187	0.000000	0.033901	0.002225	0.863687
465	0.000000	0.000000	0.000000	0.000000	0.100099	0.000000	0.033871	0.002235	0.863795
466	0.000000	0.000000	0.000000	0.000000	0.099927	0.000000	0.033928	0.002231	0.863914
467	0.000000	0.000000	0.000000	0.000000	0.099987	0.000000	0.033893	0.002212	0.863908
468	0.000000	0.000000	0.000000	0.000000	0.099859	0.000000	0.033768	0.002197	0.864176
469	0.000000	0.000000	0.000000	0.000000	0.099739	0.000000	0.033798	0.002233	0.864230
470	0.000000	0.000000	0.000000	0.000000	0.099697	0.000000	0.034026	0.002221	0.864056
