0	0.290663	0.057897	0.229473	0.157588	0.029913	0.111872	0.085455	0.012259	0.024880
1	0.259453	0.053082	0.219402	0.119566	0.024875	0.104555	0.111052	0.022060	0.085955
2	0.282807	0.057353	0.236434	0.098530	0.021497	0.087867	0.104874	0.021007	0.089631
3	0.311617	0.062064	0.252619	0.080823	0.018453	0.072047	0.094915	0.019158	0.088304
4	0.340282	0.066540	0.266574	0.065600	0.015905	0.058154	0.084406	0.017049	0.085490
5	0.366447	0.070672	0.278411	0.053074	0.013652	0.046424	0.074248	0.015232	0.081840
6	0.391053	0.074183	0.288209	0.042826	0.011645	0.036812	0.064675	0.013247	0.077350
7	0.413608	0.077366	0.295909	0.033512	0.009631	0.028793	0.056074	0.011757	0.073350
8	0.433814	0.080111	0.301769	0.026372	0.008043	0.022296	0.048647	0.010180	0.068768
9	0.450857	0.082782	0.306277	0.020602	0.006937	0.017501	0.041568	0.008743	0.064733
10	0.466951	0.085041	0.308862	0.015842	0.005915	0.013436	0.036062	0.007502	0.060389
11	0.480107	0.086811	0.311615	0.012353	0.004872	0.010320	0.030857	0.006313	0.056752
12	0.491712	0.088474	0.313629	0.009649	0.004075	0.007808	0.026527	0.005554	0.052572
13	0.501967	0.089581	0.314728	0.007494	0.003445	0.006005	0.022738	0.004762	0.049280
14	0.511319	0.090646	0.315373	0.005704	0.002833	0.004607	0.019554	0.004129	0.045835
15	0.519555	0.091675	0.315453	0.004337	0.002325	0.003560	0.016811	0.003545	0.042739
16	0.526480	0.093090	0.315039	0.003343	0.001886	0.002729	0.014325	0.003026	0.040082
17	0.531968	0.094042	0.315064	0.002537	0.001520	0.002065	0.012583	0.002609	0.037612
18	0.536696	0.094506	0.315449	0.001923	0.001302	0.001549	0.010982	0.002314	0.035279
19	0.541618	0.094939	0.315426	0.001478	0.001016	0.001168	0.009455	0.002018	0.032882
20	0.546064	0.095481	0.314858	0.001153	0.000822	0.000943	0.008126	0.001717	0.030836
21	0.549307	0.095977	0.314698	0.000942	0.000712	0.000711	0.007153	0.001486	0.029014
22	0.551991	0.096939	0.314646	0.000745	0.000574	0.000535	0.006052	0.001290	0.027228
23	0.554463	0.097560	0.314262	0.000532	0.000512	0.000422	0.005294	0.001129	0.025826
24	0.556536	0.097607	0.314662	0.000385	0.000385	0.000307	0.004788	0.000940	0.024390
25	0.559228	0.097876	0.314167	0.000324	0.000321	0.000239	0.004164	0.000840	0.022841
26	0.560817	0.098463	0.314043	0.000276	0.000280	0.000181	0.003670	0.000740	0.021530
27	0.561925	0.098870	0.314264	0.000210	0.000237	0.000148	0.003272	0.000617	0.020457
28	0.563671	0.099155	0.313933	0.000162	0.000179	0.000116	0.002888	0.000527	0.019369
29	0.565305	0.099327	0.313689	0.000117	0.000130	0.000107	0.002485	0.000442	0.018398
30	0.566794	0.099801	0.312995	0.000093	0.000131	0.000080	0.002203	0.000365	0.017538
31	0.567899	0.100174	0.312948	0.000073	0.000105	0.000058	0.001976	0.000333	0.016434
32	0.569520	0.100485	0.312192	0.000057	0.000112	0.000047	0.001670	0.000271	0.015646
33	0.570558	0.100762	0.311932	0.000043	0.000101	0.000046	0.001557	0.000253	0.014748
34	0.571694	0.101090	0.311277	0.000027	0.000097	0.000032	0.001423	0.000232	0.014128
35	0.572822	0.100831	0.311222	0.000023	0.000078	0.000020	0.001230	0.000220	0.013554
36	0.573950	0.100601	0.311240	0.000028	0.000061	0.000017	0.001088	0.000180	0.012835
37	0.574251	0.100650	0.311636	0.000017	0.000039	0.000011	0.000988	0.000172	0.012236
38	0.574842	0.100830	0.311684	0.000015	0.000041	0.000009	0.000836	0.000169	0.011574
39	0.575406	0.101249	0.311178	0.000012	0.000029	0.000009	0.000827	0.000138	0.011152
40	0.575730	0.101564	0.311243	0.000011	0.000032	0.000003	0.000663	0.000129	0.010625
41	0.576177	0.101741	0.311108	0.000011	0.000017	0.000005	0.000612	0.000110	0.010219
42	0.576308	0.102230	0.311126	0.000009	0.000012	0.000006	0.000570	0.000099	0.009640
43	0.576789	0.102126	0.311306	0.000013	0.000009	0.000004	0.000508	0.000088	0.009157
44	0.576795	0.101992	0.311668	0.000011	0.000011	0.000005	0.000457	0.000065	0.008996
45	0.576966	0.102197	0.311875	0.000008	0.000011	0.000001	0.000377	0.000064	0.008501
46	0.577812	0.102189	0.311518	0.000011	0.000010	0.000002	0.000389	0.000059	0.008010
47	0.578141	0.102268	0.311369	0.000009	0.000009	0.000000	0.000374	0.000059	0.007771
48	0.578298	0.102223	0.311629	0.000012	0.000009	0.000000	0.000322	0.000047	0.007460
49	0.578574	0.102622	0.311343	0.000011	0.000009	0.000000	0.000269	0.000038	0.007134
50	0.579405	0.102606	0.310966	0.000011	0.000007	0.000000	0.000250	0.000033	0.006722
51	0.580081	0.102104	0.311060	0.000008	0.000010	0.000000	0.000231	0.000032	0.006474
52	0.579987	0.102312	0.311256	0.000005	0.000010	0.000000	0.000188	0.000024	0.006218
53	0.579957	0.102647	0.311196	0.000005	0.000009	0.000000	0.000161	0.000020	0.006005
54	0.580369	0.102732	0.310976	0.000006	0.000006	0.000000	0.000157	0.000020	0.005734
55	0.580966	0.102408	0.310882	0.000004	0.000005	0.000000	0.000157	0.000017	0.005561
56	0.581330	0.102818	0.310429	0.000008	0.000004	0.000000	0.000130	0.000008	0.005273
57	0.582040	0.102883	0.309821	0.000008	0.000002	0.000000	0.000100	0.000015	0.005131
58	0.582492	0.102842	0.309633	0.000007	0.000004	0.000000	0.000092	0.000011	0.004919
59	0.583023	0.102455	0.309762	0.000007	0.000003	0.000000	0.000097	0.000013	0.004640
60	0.583435	0.102270	0.309701	0.000003	0.000007	0.000000	0.000109	0.000009	0.004466
61	0.583739	0.102170	0.309677	0.000003	0.000006	0.000000	0.000085	0.000011	0.004309
62	0.583349	0.102528	0.309769	0.000005	0.000005	0.000000	0.000079	0.000014	0.004251
63	0.584494	0.102105	0.309366	0.000003	0.000008	0.000000	0.000069	0.000013	0.003942
64	0.584590	0.102284	0.309253	0.000001	0.000007	0.000000	0.000076	0.000010	0.003779
65	0.584282	0.102641	0.309261	0.000001	0.000007	0.000000	0.000062	0.000012	0.003734
66	0.584109	0.102901	0.309344	0.000000	0.000008	0.000000	0.000067	0.000009	0.003562
67	0.583482	0.102668	0.310290	0.000001	0.000008	0.000000	0.000064	0.000006	0.003481
68	0.583490	0.102747	0.310395	0.000001	0.000011	0.000000	0.000053	0.000007	0.003296
69	0.583165	0.103147	0.310446	0.000000	0.000011	0.000000	0.000055	0.000004	0.003172
70	0.583372	0.103182	0.310261	0.000000	0.000013	0.000000	0.000048	0.000008	0.003116
71	0.583181	0.103322	0.310523	0.000000	0.000010	0.000000	0.000053	0.000005	0.002906
72	0.583356	0.103431	0.310209	0.000000	0.000009	0.000000	0.000040	0.000005	0.002950
73	0.583353	0.103713	0.309978	0.000000	0.000003	0.000000	0.000032	0.000003	0.002918
74	0.583573	0.103831	0.309836	0.000000	0.000001	0.000000	0.000048	0.000005	0.002706
75	0.583651	0.103865	0.309808	0.000000	0.000004	0.000000	0.000044	0.000003	0.002625
76	0.583778	0.103838	0.309726	0.000000	0.000005	0.000000	0.000043	0.000005	0.002605
77	0.585250	0.103698	0.308491	0.000000	0.000004	0.000000	0.000053	0.000005	0.002499
78	0.585104	0.103667	0.308680	0.000000	0.000002	0.000000	0.000038	0.000003	0.002506
79	0.585161	0.103660	0.308718	0.000000	0.000004	0.000000	0.000032	0.000002	0.002423
80	0.584905	0.103670	0.308992	0.000000	0.000003	0.000000	0.000028	0.000001	0.002401
81	0.585013	0.103456	0.309189	0.000000	0.000001	0.000000	0.000027	0.000002	0.002312
82	0.584576	0.103141	0.309960	0.000000	0.000001	0.000000	0.000026	0.000001	0.002295
83	0.584905	0.102840	0.309958	0.000000	0.000001	0.000000	0.000031	0.000002	0.002263
84	0.585283	0.102773	0.309723	0.000000	0.000001	0.000000	0.000018	0.000004	0.002198
85	0.585230	0.102946	0.309618	0.000000	0.000000	0.000000	0.000016	0.000002	0.002188
86	0.584932	0.102963	0.310006	0.000000	0.000001	0.000000	0.000013	0.000004	0.002081
87	0.584810	0.102666	0.310477	0.000000	0.000000	0.000000	0.000012	0.000005	0.002030
88	0.584630	0.102450	0.310902	0.000000	0.000000	0.000000	0.000010	0.000003	0.002005
89	0.584926	0.102597	0.310529	0.000000	0.000000	0.000000	0.000008	0.000003	0.001937
90	0.585248	0.102715	0.310156	0.000000	0.000000	0.000000	0.000005	0.000003	0.001873
91	0.585054	0.102547	0.310583	0.000000	0.000000	0.000000	0.000002	0.000007	0.001807
92	0.585270	0.102249	0.310744	0.000000	0.000000	0.000000	0.000003	0.000007	0.001727
93	0.585402	0.102263	0.310637	0.000000	0.000000	0.000000	0.000005	0.000004	0.001689
94	0.584897	0.102674	0.310711	0.000000	0.000000	0.000000	0.000005	0.000003	0.001710
95	0.584566	0.102493	0.311305	0.000000	0.000000	0.000000	0.000003	0.000002	0.001631
96	0.584103	0.102683	0.311617	0.000000	0.000000	0.000000	0.000004	0.000003	0.001590
97	0.584197	0.102378	0.311848	0.000000	0.000000	0.000000	0.000005	0.000006	0.001566
98	0.584277	0.102363	0.311789	0.000000	0.000000	0.000000	0.000006	0.000006	0.001559
99	0.583876	0.102885	0.311661	0.000000	0.000000	0.000000	0.000002	0.000007	0.001569
100	0.584211	0.102989	0.311239	0.000000	0.000000	0.000000	0.000003	0.000004	0.001554
101	0.584002	0.103032	0.311404	0.000000	0.000000	0.000000	0.000006	0.000004	0.001552
102	0.583457	0.103147	0.311910	0.000000	0.000000	0.000000	0.000006	0.000006	0.001474
103	0.583340	0.103264	0.311983	0.000000	0.000000	0.000000	0.000004	0.000004	0.001405
104	0.584089	0.102761	0.311780	0.000000	0.000000	0.000000	0.000007	0.000002	0.001361
105	0.584289	0.102462	0.311943	0.000000	0.000000	0.000000	0.000003	0.000003	0.001300
106	0.584343	0.102545	0.311830	0.000000	0.000000	0.000000	0.000002	0.000002	0.001278
107	0.583460	0.102798	0.312416	0.000000	0.000000	0.000000	0.000003	0.000002	0.001321
108	0.583973	0.102676	0.312099	0.000000	0.000000	0.000000	0.000003	0.000005	0.001244
109	0.584188	0.102551	0.312010	0.000000	0.000000	0.000000	0.000006	0.000005	0.001240
110	0.584553	0.102399	0.311824	0.000000	0.000000	0.000000	0.000006	0.000006	0.001212
111	0.584697	0.102109	0.311972	0.000000	0.000000	0.000000	0.000005	0.000002	0.001215
112	0.584685	0.102114	0.312007	0.000000	0.000000	0.000000	0.000003	0.000005	0.001186
113	0.585214	0.102184	0.311416	0.000000	0.000000	0.000000	0.000004	0.000004	0.001178
114	0.585744	0.102130	0.310980	0.000000	0.000000	0.000000	0.000006	0.000003	0.001137
115	0.585275	0.102133	0.311458	0.000000	0.000000	0.000000	0.000003	0.000002	0.001129
116	0.585548	0.102464	0.310887	0.000000	0.000000	0.000000	0.000002	0.000002	0.001097
117	0.586017	0.102347	0.310605	0.000000	0.000000	0.000000	0.000000	0.000002	0.001029
118	0.586684	0.101930	0.310369	0.000000	0.000000	0.000000	0.000000	0.000003	0.001014
119	0.586049	0.101863	0.311069	0.000000	0.000000	0.000000	0.000000	0.000003	0.001016
120	0.586213	0.102003	0.310747	0.000000	0.000000	0.000000	0.000000	0.000004	0.001033
121	0.586216	0.102356	0.310426	0.000000	0.000000	0.000000	0.000000	0.000006	0.000996
122	0.585818	0.102723	0.310497	0.000000	0.000000	0.000000	0.000000	0.000004	0.000958
123	0.585303	0.102769	0.311002	0.000000	0.000000	0.000000	0.000000	0.000006	0.000920
124	0.585257	0.102863	0.310954	0.000000	0.000000	0.000000	0.000000	0.000002	0.000924
125	0.584762	0.102839	0.311516	0.000000	0.000000	0.000000	0.000000	0.000001	0.000882
126	0.584690	0.103185	0.311268	0.000000	0.000000	0.000000	0.000000	0.000000	0.000857
127	0.585383	0.102948	0.310814	0.000000	0.000000	0.000000	0.000000	0.000002	0.000853
128	0.585126	0.102931	0.311144	0.000000	0.000000	0.000000	0.000000	0.000001	0.000798
129	0.585581	0.103306	0.310313	0.000000	0.000000	0.000000	0.000000	0.000003	0.000797
130	0.585628	0.102903	0.310698	0.000000	0.000000	0.000000	0.000000	0.000004	0.000767
131	0.584833	0.103117	0.311298	0.000000	0.000000	0.000000	0.000000	0.000005	0.000747
132	0.584999	0.103254	0.311002	0.000000	0.000000	0.000000	0.000000	0.000006	0.000739
133	0.585745	0.103441	0.310077	0.000000	0.000000	0.000000	0.000000	0.000008	0.000729
134	0.585107	0.103602	0.310546	0.000000	0.000000	0.000000	0.000000	0.000005	0.000740
135	0.585287	0.103779	0.310209	0.000000	0.000000	0.000000	0.000000	0.000007	0.000718
136	0.585234	0.103524	0.310535	0.000000	0.000000	0.000000	0.000000	0.000005	0.000702
137	0.584992	0.103296	0.311027	0.000000	0.000000	0.000000	0.000000	0.000005	0.000680
138	0.584218	0.103663	0.311427	0.000000	0.000000	0.000000	0.000000	0.000007	0.000685
139	0.584100	0.103755	0.311488	0.000000	0.000000	0.000000	0.000000	0.000002	0.000655
140	0.584046	0.103470	0.311822	0.000000	0.000000	0.000000	0.000000	0.000003	0.000659
141	0.583986	0.103048	0.312282	0.000000	0.000000	0.000000	0.000000	0.000001	0.000683
142	0.583514	0.103000	0.312791	0.000000	0.000000	0.000000	0.000000	0.000002	0.000693
143	0.584091	0.102836	0.312407	0.000000	0.000000	0.000000	0.000000	0.000004	0.000662
144	0.584540	0.102675	0.312163	0.000000	0.000000	0.000000	0.000000	0.000000	0.000622
145	0.584245	0.102736	0.312410	0.000000	0.000000	0.000000	0.000000	0.000003	0.000606
146	0.584057	0.102759	0.312593	0.000000	0.000000	0.000000	0.000000	0.000001	0.000590
147	0.583990	0.102455	0.312958	0.000000	0.000000	0.000000	0.000000	0.000001	0.000596
148	0.584688	0.102508	0.312230	0.000000	0.000000	0.000000	0.000000	0.000000	0.000574
149	0.584340	0.102759	0.312343	0.000000	0.000000	0.000000	0.000000	0.000000	0.000558
150	0.584171	0.102495	0.312803	0.000000	0.000000	0.000000	0.000000	0.000000	0.000531
151	0.584177	0.102621	0.312652	0.000000	0.000000	0.000000	0.000000	0.000000	0.000550
152	0.584311	0.102750	0.312432	0.000000	0.000000	0.000000	0.000000	0.000000	0.000507
153	0.584274	0.102915	0.312302	0.000000	0.000000	0.000000	0.000000	0.000000	0.000509
154	0.583707	0.103197	0.312591	0.000000	0.000000	0.000000	0.000000	0.000000	0.000505
155	0.583717	0.103091	0.312713	0.000000	0.000000	0.000000	0.000000	0.000000	0.000479
156	0.584068	0.103118	0.312337	0.000000	0.000000	0.000000	0.000000	0.000000	0.000477
157	0.583726	0.103185	0.312625	0.000000	0.000000	0.000000	0.000000	0.000000	0.000464
158	0.583880	0.102953	0.312689	0.000000	0.000000	0.000000	0.000000	0.000000	0.000478
159	0.584833	0.103236	0.311465	0.000000	0.000000	0.000000	0.000000	0.000000	0.000466
160	0.584344	0.103284	0.311893	0.000000	0.000000	0.000000	0.000000	0.000000	0.000479
161	0.583929	0.103468	0.312121	0.000000	0.000000	0.000000	0.000000	0.000000	0.000482
162	0.584036	0.103647	0.311823	0.000000	0.000000	0.000000	0.000000	0.000000	0.000494
163	0.584060	0.103625	0.311806	0.000000	0.000000	0.000000	0.000000	0.000000	0.000509
164	0.585155	0.103541	0.310806	0.000000	0.000000	0.000000	0.000000	0.000000	0.000498
165	0.584448	0.103514	0.311562	0.000000	0.000000	0.000000	0.000000	0.000000	0.000476
166	0.584041	0.103501	0.312006	0.000000	0.000000	0.000000	0.000000	0.000000	0.000452
167	0.583542	0.103950	0.312072	0.000000	0.000000	0.000000	0.000000	0.000000	0.000436
168	0.583669	0.103697	0.312178	0.000000	0.000000	0.000000	0.000000	0.000000	0.000456
169	0.582808	0.103751	0.313005	0.000000	0.000000	0.000000	0.000000	0.000000	0.000436
170	0.583385	0.103796	0.312407	0.000000	0.000000	0.000000	0.000000	0.000000	0.000412
171	0.583016	0.104132	0.312441	0.000000	0.000000	0.000000	0.000000	0.000000	0.000411
172	0.583301	0.104072	0.312238	0.000000	0.000000	0.000000	0.000000	0.000000	0.000389
173	0.583283	0.103818	0.312488	0.000000	0.000000	0.000000	0.000000	0.000000	0.000411
174	0.582970	0.103679	0.312930	0.000000	0.000000	0.000000	0.000000	0.000000	0.000421
175	0.583178	0.103406	0.313018	0.000000	0.000000	0.000000	0.000000	0.000000	0.000398
176	0.583647	0.103336	0.312639	0.000000	0.000000	0.000000	0.000000	0.000000	0.000378
177	0.583408	0.103483	0.312724	0.000000	0.000000	0.000000	0.000000	0.000000	0.000385
178	0.583398	0.103715	0.312496	0.000000	0.000000	0.000000	0.000000	0.000000	0.000391
179	0.583448	0.103718	0.312444	0.000000	0.000000	0.000000	0.000000	0.000000	0.000390
180	0.583558	0.103701	0.312326	0.000000	0.000000	0.000000	0.000000	0.000000	0.000415
181	0.583905	0.103763	0.311969	0.000000	0.000000	0.000000	0.000000	0.000000	0.000363
182	0.584034	0.103611	0.311977	0.000000	0.000000	0.000000	0.000000	0.000000	0.000378
183	0.583702	0.103915	0.311977	0.000000	0.000000	0.000000	0.000000	0.000000	0.000406
184	0.583601	0.103957	0.312072	0.000000	0.000000	0.000000	0.000000	0.000000	0.000370
185	0.582885	0.104529	0.312234	0.000000	0.000000	0.000000	0.000000	0.000000	0.000352
186	0.583433	0.104214	0.311975	0.000000	0.000000	0.000000	0.000000	0.000000	0.000378
187	0.583317	0.104418	0.311912	0.000000	0.000000	0.000000	0.000000	0.000000	0.000353
188	0.583506	0.104423	0.311700	0.000000	0.000000	0.000000	0.000000	0.000000	0.000371
189	0.583672	0.104215	0.311755	0.000000	0.000000	0.000000	0.000000	0.000000	0.000358
190	0.583709	0.104386	0.311533	0.000000	0.000000	0.000000	0.000000	0.000000	0.000372
191	0.583449	0.104083	0.312101	0.000000	0.000000	0.000000	0.000000	0.000000	0.000367
192	0.583467	0.103764	0.312398	0.000000	0.000000	0.000000	0.000000	0.000000	0.000371
193	0.583624	0.103590	0.312447	0.000000	0.000000	0.000000	0.000000	0.000000	0.000339
194	0.583987	0.103954	0.311709	0.000000	0.000000	0.000000	0.000000	0.000000	0.000350
195	0.584511	0.103886	0.311265	0.000000	0.000000	0.000000	0.000000	0.000000	0.000338
196	0.584867	0.103864	0.310920	0.000000	0.000000	0.000000	0.000000	0.000000	0.000349
197	0.584155	0.103809	0.311660	0.000000	0.000000	0.000000	0.000000	0.000000	0.000376
198	0.584292	0.103864	0.311489	0.000000	0.000000	0.000000	0.000000	0.000000	0.000355
199	0.584255	0.103840	0.311550	0.000000	0.000000	0.000000	0.000000	0.000000	0.000355
200	0.583752	0.104261	0.311630	0.000000	0.000000	0.000000	0.000000	0.000000	0.000357
201	0.583969	0.104252	0.311437	0.000000	0.000000	0.000000	0.000000	0.000000	0.000342
202	0.584117	0.104467	0.311064	0.000000	0.000000	0.000000	0.000000	0.000000	0.000352
203	0.583960	0.104533	0.311159	0.000000	0.000000	0.000000	0.000000	0.000000	0.000348
204	0.584137	0.104559	0.310973	0.000000	0.000000	0.000000	0.000000	0.000000	0.000331
205	0.583543	0.104611	0.311527	0.000000	0.000000	0.000000	0.000000	0.000000	0.000319
206	0.583675	0.104528	0.311489	0.000000	0.000000	0.000000	0.000000	0.000000	0.000308
207	0.584115	0.104454	0.311130	0.000000	0.000000	0.000000	0.000000	0.000000	0.000301
208	0.583825	0.104358	0.311514	0.000000	0.000000	0.000000	0.000000	0.000000	0.000303
209	0.583401	0.104346	0.311945	0.000000	0.000000	0.000000	0.000000	0.000000	0.000308
210	0.582920	0.104850	0.311925	0.000000	0.000000	0.000000	0.000000	0.000000	0.000305
211	0.582701	0.104709	0.312289	0.000000	0.000000	0.000000	0.000000	0.000000	0.000301
212	0.582495	0.104528	0.312678	0.000000	0.000000	0.000000	0.000000	0.000000	0.000299
213	0.582394	0.105000	0.312302	0.000000	0.000000	0.000000	0.000000	0.000000	0.000304
214	0.582660	0.105120	0.311943	0.000000	0.000000	0.000000	0.000000	0.000000	0.000277
215	0.582479	0.105688	0.311549	0.000000	0.000000	0.000000	0.000000	0.000000	0.000284
216	0.581802	0.105816	0.312128	0.000000	0.000000	0.000000	0.000000	0.000000	0.000254
217	0.581797	0.105914	0.312043	0.000000	0.000000	0.000000	0.000000	0.000000	0.000246
218	0.581401	0.106146	0.312225	0.000000	0.000000	0.000000	0.000000	0.000000	0.000228
219	0.581248	0.106036	0.312482	0.000000	0.000000	0.000000	0.000000	0.000000	0.000234
220	0.581397	0.105975	0.312384	0.000000	0.000000	0.000000	0.000000	0.000000	0.000244
221	0.581545	0.106118	0.312128	0.000000	0.000000	0.000000	0.000000	0.000000	0.000209
222	0.581329	0.105872	0.312608	0.000000	0.000000	0.000000	0.000000	0.000000	0.000191
223	0.581988	0.106036	0.311794	0.000000	0.000000	0.000000	0.000000	0.000000	0.000182
224	0.582157	0.106282	0.311359	0.000000	0.000000	0.000000	0.000000	0.000000	0.000202
225	0.581366	0.106781	0.311661	0.000000	0.000000	0.000000	0.000000	0.000000	0.000192
226	0.581783	0.106537	0.311514	0.000000	0.000000	0.000000	0.000000	0.000000	0.000166
227	0.581633	0.106380	0.311800	0.000000	0.000000	0.000000	0.000000	0.000000	0.000187
228	0.580959	0.106645	0.312224	0.000000	0.000000	0.000000	0.000000	0.000000	0.000172
229	0.581211	0.106380	0.312234	0.000000	0.000000	0.000000	0.000000	0.000000	0.000175
230	0.581669	0.106477	0.311683	0.000000	0.000000	0.000000	0.000000	0.000000	0.000171
231	0.581788	0.106283	0.311775	0.000000	0.000000	0.000000	0.000000	0.000000	0.000154
232	0.582481	0.106249	0.311101	0.000000	0.000000	0.000000	0.000000	0.000000	0.000169
233	0.581839	0.106496	0.311512	0.000000	0.000000	0.000000	0.000000	0.000000	0.000153
234	0.581625	0.107044	0.311164	0.000000	0.000000	0.000000	0.000000	0.000000	0.000167
235	0.582154	0.106913	0.310767	0.000000	0.000000	0.000000	0.000000	0.000000	0.000166
236	0.581822	0.107093	0.310898	0.000000	0.000000	0.000000	0.000000	0.000000	0.000187
237	0.581365	0.107120	0.311359	0.000000	0.000000	0.000000	0.000000	0.000000	0.000156
238	0.580996	0.106545	0.312313	0.000000	0.000000	0.000000	0.000000	0.000000	0.000146
239	0.581076	0.106711	0.312060	0.000000	0.000000	0.000000	0.000000	0.000000	0.000153
240	0.581226	0.106766	0.311876	0.000000	0.000000	0.000000	0.000000	0.000000	0.000132
241	0.581299	0.107005	0.311559	0.000000	0.000000	0.000000	0.000000	0.000000	0.000137
242	0.581409	0.106343	0.312104	0.000000	0.000000	0.000000	0.000000	0.000000	0.000144
243	0.581758	0.106372	0.311717	0.000000	0.000000	0.000000	0.000000	0.000000	0.000153
244	0.582138	0.106592	0.311132	0.000000	0.000000	0.000000	0.000000	0.000000	0.000138
245	0.581840	0.106527	0.311496	0.000000	0.000000	0.000000	0.000000	0.000000	0.000137
246	0.582421	0.106924	0.310510	0.000000	0.000000	0.000000	0.000000	0.000000	0.000145
247	0.582086	0.106583	0.311187	0.000000	0.000000	0.000000	0.000000	0.000000	0.000144
248	0.582154	0.106722	0.310992	0.000000	0.000000	0.000000	0.000000	0.000000	0.000132
249	0.582464	0.106232	0.311177	0.000000	0.000000	0.000000	0.000000	0.000000	0.000127
250	0.582623	0.105944	0.311301	0.000000	0.000000	0.000000	0.000000	0.000000	0.000132
251	0.582872	0.105851	0.311136	0.000000	0.000000	0.000000	0.000000	0.000000	0.000141
252	0.583103	0.106136	0.310617	0.000000	0.000000	0.000000	0.000000	0.000000	0.000144
253	0.583605	0.106060	0.310210	0.000000	0.000000	0.000000	0.000000	0.000000	0.000125
254	0.583943	0.105819	0.310088	0.000000	0.000000	0.000000	0.000000	0.000000	0.000150
255	0.582807	0.106341	0.310715	0.000000	0.000000	0.000000	0.000000	0.000000	0.000137
256	0.583175	0.106140	0.310565	0.000000	0.000000	0.000000	0.000000	0.000000	0.000120
257	0.584490	0.105948	0.309442	0.000000	0.000000	0.000000	0.000000	0.000000	0.000120
258	0.584154	0.106090	0.309644	0.000000	0.000000	0.000000	0.000000	0.000000	0.000112
259	0.584940	0.105689	0.309248	0.000000	0.000000	0.000000	0.000000	0.000000	0.000123
260	0.584769	0.105867	0.309252	0.000000	0.000000	0.000000	0.000000	0.000000	0.000112
261	0.584538	0.105954	0.309386	0.000000	0.000000	0.000000	0.000000	0.000000	0.000122
262	0.584165	0.106037	0.309682	0.000000	0.000000	0.000000	0.000000	0.000000	0.000116
263	0.584516	0.106005	0.309357	0.000000	0.000000	0.000000	0.000000	0.000000	0.000122
264	0.583800	0.106101	0.309988	0.000000	0.000000	0.000000	0.000000	0.000000	0.000111
265	0.583538	0.106296	0.310069	0.000000	0.000000	0.000000	0.000000	0.000000	0.000097
266	0.583425	0.106221	0.310247	0.000000	0.000000	0.000000	0.000000	0.000000	0.000107
267	0.583756	0.105897	0.310246	0.000000	0.000000	0.000000	0.000000	0.000000	0.000101
268	0.584003	0.105882	0.310010	0.000000	0.000000	0.000000	0.000000	0.000000	0.000105
269	0.583976	0.106107	0.309803	0.000000	0.000000	0.000000	0.000000	0.000000	0.000114
270	0.584655	0.105919	0.309308	0.000000	0.000000	0.000000	0.000000	0.000000	0.000118
271	0.584300	0.106028	0.309555	0.000000	0.000000	0.000000	0.000000	0.000000	0.000117
272	0.584219	0.105722	0.309937	0.000000	0.000000	0.000000	0.000000	0.000000	0.000122
273	0.583634	0.106039	0.310220	0.000000	0.000000	0.000000	0.000000	0.000000	0.000107
274	0.583924	0.105791	0.310176	0.000000	0.000000	0.000000	0.000000	0.000000	0.000109
275	0.583784	0.105658	0.310445	0.000000	0.000000	0.000000	0.000000	0.000000	0.000113
276	0.583703	0.105659	0.310523	0.000000	0.000000	0.000000	0.000000	0.000000	0.000115
277	0.583850	0.105689	0.310345	0.000000	0.000000	0.000000	0.000000	0.000000	0.000116
278	0.584045	0.106175	0.309667	0.000000	0.000000	0.000000	0.000000	0.000000	0.000113
279	0.583750	0.105901	0.310246	0.000000	0.000000	0.000000	0.000000	0.000000	0.000103
280	0.583751	0.106086	0.310047	0.000000	0.000000	0.000000	0.000000	0.000000	0.000116
281	0.583459	0.106110	0.310323	0.000000	0.000000	0.000000	0.000000	0.000000	0.000108
282	0.583258	0.106366	0.310260	0.000000	0.000000	0.000000	0.000000	0.000000	0.000116
283	0.583565	0.105986	0.310328	0.000000	0.000000	0.000000	0.000000	0.000000	0.000121
284	0.583513	0.106147	0.310233	0.000000	0.000000	0.000000	0.000000	0.000000	0.000107
285	0.583038	0.106027	0.310808	0.000000	0.000000	0.000000	0.000000	0.000000	0.000127
286	0.583793	0.105420	0.310643	0.000000	0.000000	0.000000	0.000000	0.000000	0.000144
287	0.583459	0.105896	0.310520	0.000000	0.000000	0.000000	0.000000	0.000000	0.000125
288	0.583495	0.106053	0.310318	0.000000	0.000000	0.000000	0.000000	0.000000	0.000134
289	0.583132	0.106289	0.310458	0.000000	0.000000	0.000000	0.000000	0.000000	0.000121
290	0.582781	0.106661	0.310437	0.000000	0.000000	0.000000	0.000000	0.000000	0.000121
291	0.583273	0.106462	0.310139	0.000000	0.000000	0.000000	0.000000	0.000000	0.000126
292	0.583461	0.106350	0.310063	0.000000	0.000000	0.000000	0.000000	0.000000	0.000126
293	0.582617	0.106620	0.310642	0.000000	0.000000	0.000000	0.000000	0.000000	0.000121
294	0.583066	0.106269	0.310528	0.000000	0.000000	0.000000	0.000000	0.000000	0.000137
295	0.582887	0.106230	0.310748	0.000000	0.000000	0.000000	0.000000	0.000000	0.000135
296	0.583249	0.106457	0.310166	0.000000	0.000000	0.000000	0.000000	0.000000	0.000128
297	0.583622	0.106151	0.310096	0.000000	0.000000	0.000000	0.000000	0.000000	0.000131
298	0.583074	0.106623	0.310181	0.000000	0.000000	0.000000	0.000000	0.000000	0.000122
299	0.583573	0.106481	0.309818	0.000000	0.000000	0.000000	0.000000	0.000000	0.000128
300	0.583399	0.106617	0.309856	0.000000	0.000000	0.000000	0.000000	0.000000	0.000128
301	0.583948	0.106640	0.309270	0.000000	0.000000	0.000000	0.000000	0.000000	0.000142
302	0.583239	0.106606	0.310007	0.000000	0.000000	0.000000	0.000000	0.000000	0.000148
303	0.582900	0.106831	0.310144	0.000000	0.000000	0.000000	0.000000	0.000000	0.000125
304	0.583311	0.107018	0.309538	0.000000	0.000000	0.000000	0.000000	0.000000	0.000133
305	0.583122	0.107073	0.309680	0.000000	0.000000	0.000000	0.000000	0.000000	0.000125
306	0.583022	0.106932	0.309915	0.000000	0.000000	0.000000	0.000000	0.000000	0.000131
307	0.582984	0.107062	0.309817	0.000000	0.000000	0.000000	0.000000	0.000000	0.000137
308	0.583196	0.107048	0.309608	0.000000	0.000000	0.000000	0.000000	0.000000	0.000148
309	0.583242	0.106975	0.309660	0.000000	0.000000	0.000000	0.000000	0.000000	0.000123
310	0.582944	0.106576	0.310345	0.000000	0.000000	0.000000	0.000000	0.000000	0.000135
311	0.582872	0.106973	0.310034	0.000000	0.000000	0.000000	0.000000	0.000000	0.000121
312	0.582653	0.107054	0.310173	0.000000	0.000000	0.000000	0.000000	0.000000	0.000120
313	0.583235	0.107025	0.309628	0.000000	0.000000	0.000000	0.000000	0.000000	0.000112
314	0.583215	0.106988	0.309695	0.000000	0.000000	0.000000	0.000000	0.000000	0.000102
315	0.583108	0.106720	0.310068	0.000000	0.000000	0.000000	0.000000	0.000000	0.000104
316	0.582735	0.107392	0.309752	0.000000	0.000000	0.000000	0.000000	0.000000	0.000121
317	0.583508	0.106873	0.309523	0.000000	0.000000	0.000000	0.000000	0.000000	0.000096
318	0.583844	0.106864	0.309204	0.000000	0.000000	0.000000	0.000000	0.000000	0.000088
319	0.583704	0.106586	0.309627	0.000000	0.000000	0.000000	0.000000	0.000000	0.000083
320	0.583002	0.107007	0.309907	0.000000	0.000000	0.000000	0.000000	0.000000	0.000084
321	0.583235	0.106572	0.310106	0.000000	0.000000	0.000000	0.000000	0.000000	0.000087
322	0.583701	0.106230	0.309977	0.000000	0.000000	0.000000	0.000000	0.000000	0.000092
323	0.584398	0.106137	0.309378	0.000000	0.000000	0.000000	0.000000	0.000000	0.000087
324	0.584376	0.106003	0.309526	0.000000	0.000000	0.000000	0.000000	0.000000	0.000095
325	0.584049	0.106195	0.309668	0.000000	0.000000	0.000000	0.000000	0.000000	0.000088
326	0.583028	0.106421	0.310465	0.000000	0.000000	0.000000	0.000000	0.000000	0.000086
327	0.582939	0.106496	0.310477	0.000000	0.000000	0.000000	0.000000	0.000000	0.000088
328	0.582777	0.106605	0.310534	0.000000	0.000000	0.000000	0.000000	0.000000	0.000084
329	0.582387	0.107037	0.310486	0.000000	0.000000	0.000000	0.000000	0.000000	0.000090
330	0.583148	0.106652	0.310107	0.000000	0.000000	0.000000	0.000000	0.000000	0.000093
331	0.583167	0.106470	0.310271	0.000000	0.000000	0.000000	0.000000	0.000000	0.000092
332	0.582970	0.106026	0.310908	0.000000	0.000000	0.000000	0.000000	0.000000	0.000096
333	0.582823	0.105792	0.311285	0.000000	0.000000	0.000000	0.000000	0.000000	0.000100
334	0.583159	0.105233	0.311511	0.000000	0.000000	0.000000	0.000000	0.000000	0.000097
335	0.582438	0.105749	0.311730	0.000000	0.000000	0.000000	0.000000	0.000000	0.000083
336	0.582251	0.105393	0.312277	0.000000	0.000000	0.000000	0.000000	0.000000	0.000079
337	0.582473	0.105420	0.312008	0.000000	0.000000	0.000000	0.000000	0.000000	0.000099
338	0.582854	0.105454	0.311591	0.000000	0.000000	0.000000	0.000000	0.000000	0.000101
339	0.583510	0.105451	0.310932	0.000000	0.000000	0.000000	0.000000	0.000000	0.000107
340	0.583368	0.105301	0.311232	0.000000	0.000000	0.000000	0.000000	0.000000	0.000099
341	0.582947	0.105325	0.311638	0.000000	0.000000	0.000000	0.000000	0.000000	0.000090
342	0.582497	0.105644	0.311758	0.000000	0.000000	0.000000	0.000000	0.000000	0.000101
343	0.582242	0.105553	0.312118	0.000000	0.000000	0.000000	0.000000	0.000000	0.000087
344	0.582408	0.105329	0.312176	0.000000	0.000000	0.000000	0.000000	0.000000	0.000087
345	0.581628	0.105635	0.312640	0.000000	0.000000	0.000000	0.000000	0.000000	0.000097
346	0.581930	0.105538	0.312435	0.000000	0.000000	0.000000	0.000000	0.000000	0.000097
347	0.581900	0.105601	0.312400	0.000000	0.000000	0.000000	0.000000	0.000000	0.000099
348	0.581798	0.105466	0.312637	0.000000	0.000000	0.000000	0.000000	0.000000	0.000099
349	0.582394	0.105397	0.312098	0.000000	0.000000	0.000000	0.000000	0.000000	0.000111
350	0.582375	0.105076	0.312448	0.000000	0.000000	0.000000	0.000000	0.000000	0.000101
351	0.581778	0.104896	0.313224	0.000000	0.000000	0.000000	0.000000	0.000000	0.000102
352	0.581878	0.104943	0.313072	0.000000	0.000000	0.000000	0.000000	0.000000	0.000107
353	0.582417	0.104997	0.312485	0.000000	0.000000	0.000000	0.000000	0.000000	0.000101
354	0.582265	0.105117	0.312507	0.000000	0.000000	0.000000	0.000000	0.000000	0.000111
355	0.582316	0.104944	0.312630	0.000000	0.000000	0.000000	0.000000	0.000000	0.000110
356	0.582859	0.104806	0.312227	0.000000	0.000000	0.000000	0.000000	0.000000	0.000108
357	0.582960	0.104785	0.312149	0.000000	0.000000	0.000000	0.000000	0.000000	0.000106
358	0.582857	0.104817	0.312220	0.000000	0.000000	0.000000	0.000000	0.000000	0.000106
359	0.583116	0.104423	0.312354	0.000000	0.000000	0.000000	0.000000	0.000000	0.000107
360	0.582253	0.104443	0.313186	0.000000	0.000000	0.000000	0.000000	0.000000	0.000118
361	0.582370	0.104311	0.313183	0.000000	0.000000	0.000000	0.000000	0.000000	0.000136
362	0.581768	0.104731	0.313383	0.000000	0.000000	0.000000	0.000000	0.000000	0.000118
363	0.581997	0.104447	0.313432	0.000000	0.000000	0.000000	0.000000	0.000000	0.000124
364	0.582294	0.104686	0.312901	0.000000	0.000000	0.000000	0.000000	0.000000	0.000119
365	0.581384	0.105029	0.313455	0.000000	0.000000	0.000000	0.000000	0.000000	0.000132
366	0.581075	0.105107	0.313675	0.000000	0.000000	0.000000	0.000000	0.000000	0.000143
367	0.581607	0.105104	0.313148	0.000000	0.000000	0.000000	0.000000	0.000000	0.000141
368	0.581610	0.105043	0.313217	0.000000	0.000000	0.000000	0.000000	0.000000	0.000130
369	0.582123	0.105025	0.312718	0.000000	0.000000	0.000000	0.000000	0.000000	0.000134
370	0.581772	0.104867	0.313240	0.000000	0.000000	0.000000	0.000000	0.000000	0.000121
371	0.582074	0.104736	0.313050	0.000000	0.000000	0.000000	0.000000	0.000000	0.000140
372	0.581918	0.104911	0.313031	0.000000	0.000000	0.000000	0.000000	0.000000	0.000140
373	0.582310	0.104941	0.312607	0.000000	0.000000	0.000000	0.000000	0.000000	0.000142
374	0.582566	0.104553	0.312736	0.000000	0.000000	0.000000	0.000000	0.000000	0.000145
375	0.582540	0.104834	0.312498	0.000000	0.000000	0.000000	0.000000	0.000000	0.000128
376	0.582596	0.104955	0.312309	0.000000	0.000000	0.000000	0.000000	0.000000	0.000140
377	0.582607	0.104701	0.312565	0.000000	0.000000	0.000000	0.000000	0.000000	0.000127
378	0.582000	0.104886	0.312988	0.000000	0.000000	0.000000	0.000000	0.000000	0.000126
379	0.582258	0.104656	0.312950	0.000000	0.000000	0.000000	0.000000	0.000000	0.000136
380	0.582076	0.104638	0.313142	0.000000	0.000000	0.000000	0.000000	0.000000	0.000144
381	0.582020	0.105029	0.312819	0.000000	0.000000	0.000000	0.000000	0.000000	0.000132
382	0.581676	0.104850	0.313346	0.000000	0.000000	0.000000	0.000000	0.000000	0.000128
383	0.581236	0.104914	0.313729	0.000000	0.000000	0.000000	0.000000	0.000000	0.000121
384	0.581293	0.105285	0.313298	0.000000	0.000000	0.000000	0.000000	0.000000	0.000124
385	0.581394	0.105235	0.313252	0.000000	0.000000	0.000000	0.000000	0.000000	0.000119
386	0.581693	0.105083	0.313116	0.000000	0.000000	0.000000	0.000000	0.000000	0.000108
387	0.581727	0.104967	0.313184	0.000000	0.000000	0.000000	0.000000	0.000000	0.000122
388	0.581604	0.105099	0.313157	0.000000	0.000000	0.000000	0.000000	0.000000	0.000140
389	0.582241	0.104864	0.312753	0.000000	0.000000	0.000000	0.000000	0.000000	0.000142
390	0.582549	0.104786	0.312522	0.000000	0.000000	0.000000	0.000000	0.000000	0.000143
391	0.581862	0.104928	0.313057	0.000000	0.000000	0.000000	0.000000	0.000000	0.000153
392	0.582071	0.105056	0.312718	0.000000	0.000000	0.000000	0.000000	0.000000	0.000155
393	0.582020	0.104745	0.313085	0.000000	0.000000	0.000000	0.000000	0.000000	0.000150
394	0.582051	0.104948	0.312869	0.000000	0.000000	0.000000	0.000000	0.000000	0.000132
395	0.581550	0.105229	0.313081	0.000000	0.000000	0.000000	0.000000	0.000000	0.000140
396	0.581952	0.105109	0.312799	0.000000	0.000000	0.000000	0.000000	0.000000	0.000140
397	0.581807	0.105033	0.313019	0.000000	0.000000	0.000000	0.000000	0.000000	0.000141
398	0.581638	0.105072	0.313155	0.000000	0.000000	0.000000	0.000000	0.000000	0.000135
399	0.580694	0.105052	0.314129	0.000000	0.000000	0.000000	0.000000	0.000000	0.000125
400	0.580909	0.105080	0.313884	0.000000	0.000000	0.000000	0.000000	0.000000	0.000127
401	0.580625	0.105253	0.314002	0.000000	0.000000	0.000000	0.000000	0.000000	0.000120
402	0.580822	0.105336	0.313722	0.000000	0.000000	0.000000	0.000000	0.000000	0.000120
403	0.580874	0.105087	0.313920	0.000000	0.000000	0.000000	0.000000	0.000000	0.000119
404	0.580372	0.104854	0.314652	0.000000	0.000000	0.000000	0.000000	0.000000	0.000122
405	0.580451	0.105119	0.314313	0.000000	0.000000	0.000000	0.000000	0.000000	0.000117
406	0.580925	0.104992	0.313970	0.000000	0.000000	0.000000	0.000000	0.000000	0.000113
407	0.580336	0.105537	0.314015	0.000000	0.000000	0.000000	0.000000	0.000000	0.000112
408	0.580254	0.105806	0.313825	0.000000	0.000000	0.000000	0.000000	0.000000	0.000115
409	0.580211	0.105782	0.313908	0.000000	0.000000	0.000000	0.000000	0.000000	0.000099
410	0.579742	0.105945	0.314195	0.000000	0.000000	0.000000	0.000000	0.000000	0.000118
411	0.579906	0.105819	0.314154	0.000000	0.000000	0.000000	0.000000	0.000000	0.000121
412	0.579706	0.105944	0.314249	0.000000	0.000000	0.000000	0.000000	0.000000	0.000101
413	0.579720	0.105931	0.314245	0.000000	0.000000	0.000000	0.000000	0.000000	0.000104
414	0.580020	0.105811	0.314067	0.000000	0.000000	0.000000	0.000000	0.000000	0.000102
415	0.580011	0.106133	0.313755	0.000000	0.000000	0.000000	0.000000	0.000000	0.000101
416	0.580036	0.106420	0.313448	0.000000	0.000000	0.000000	0.000000	0.000000	0.000096
417	0.579544	0.106322	0.314021	0.000000	0.000000	0.000000	0.000000	0.000000	0.000113
418	0.579254	0.106765	0.313874	0.000000	0.000000	0.000000	0.000000	0.000000	0.000107
419	0.578906	0.106538	0.314457	0.000000	0.000000	0.000000	0.000000	0.000000	0.000099
420	0.579215	0.106452	0.314228	0.000000	0.000000	0.000000	0.000000	0.000000	0.000105
421	0.579359	0.106178	0.314355	0.000000	0.000000	0.000000	0.000000	0.000000	0.000108
422	0.578890	0.106250	0.314750	0.000000	0.000000	0.000000	0.000000	0.000000	0.000110
423	0.579030	0.106626	0.314224	0.000000	0.000000	0.000000	0.000000	0.000000	0.000120
424	0.579267	0.106433	0.314193	0.000000	0.000000	0.000000	0.000000	0.000000	0.000107
425	0.578850	0.106432	0.314602	0.000000	0.000000	0.000000	0.000000	0.000000	0.000116
426	0.578767	0.106271	0.314856	0.000000	0.000000	0.000000	0.000000	0.000000	0.000106
427	0.579001	0.106353	0.314549	0.000000	0.000000	0.000000	0.000000	0.000000	0.000097
428	0.579012	0.106457	0.314431	0.000000	0.000000	0.000000	0.000000	0.000000	0.000100
429	0.579260	0.106157	0.314488	0.000000	0.000000	0.000000	0.000000	0.000000	0.000095
430	0.578588	0.106352	0.314956	0.000000	0.000000	0.000000	0.000000	0.000000	0.000104
431	0.578312	0.106291	0.315304	0.000000	0.000000	0.000000	0.000000	0.000000	0.000093
432	0.579047	0.106229	0.314637	0.000000	0.000000	0.000000	0.000000	0.000000	0.000087
433	0.578788	0.106544	0.314579	0.000000	0.000000	0.000000	0.000000	0.000000	0.000089
434	0.578834	0.106655	0.314436	0.000000	0.000000	0.000000	0.000000	0.000000	0.000075
435	0.578843	0.106560	0.314525	0.000000	0.000000	0.000000	0.000000	0.000000	0.000072
436	0.578620	0.106734	0.314581	0.000000	0.000000	0.000000	0.000000	0.000000	0.000065
437	0.578343	0.106684	0.314903	0.000000	0.000000	0.000000	0.000000	0.000000	0.000070
438	0.578195	0.106954	0.314783	0.000000	0.000000	0.000000	0.000000	0.000000	0.000068
439	0.578124	0.107009	0.314803	0.000000	0.000000	0.000000	0.000000	0.000000	0.000064
440	0.578517	0.106963	0.314459	0.000000	0.000000	0.000000	0.000000	0.000000	0.000061
441	0.577805	0.106790	0.315349	0.000000	0.000000	0.000000	0.000000	0.000000	0.000056
442	0.578014	0.106645	0.315298	0.000000	0.000000	0.000000	0.000000	0.000000	0.000043
443	0.578440	0.106437	0.315077	0.000000	0.000000	0.000000	0.000000	0.000000	0.000046
444	0.578733	0.106565	0.314659	0.000000	0.000000	0.000000	0.000000	0.000000	0.000043
445	0.578562	0.106611	0.314781	0.000000	0.000000	0.000000	0.000000	0.000000	0.000046
446	0.578303	0.106836	0.314820	0.000000	0.000000	0.000000	0.000000	0.000000	0.000041
447	0.578419	0.106676	0.314866	0.000000	0.000000	0.000000	0.000000	0.000000	0.000039
448	0.579145	0.106992	0.313824	0.000000	0.000000	0.000000	0.000000	0.000000	0.000039
449	0.578386	0.107191	0.314383	0.000000	0.000000	0.000000	0.000000	0.000000	0.000040
450	0.579003	0.106827	0.314128	0.000000	0.000000	0.000000	0.000000	0.000000	0.000042
451	0.579022	0.106901	0.314028	0.000000	0.000000	0.000000	0.000000	0.000000	0.000049
452	0.578831	0.106623	0.314506	0.000000	0.000000	0.000000	0.000000	0.000000	0.000040
453	0.578454	0.106512	0.314993	0.000000	0.000000	0.000000	0.000000	0.000000	0.000041
454	0.578640	0.106246	0.315071	0.000000	0.000000	0.000000	0.000000	0.000000	0.000043
455	0.578292	0.106621	0.315048	0.000000	0.000000	0.000000	0.000000	0.000000	0.000039
456	0.577822	0.106680	0.315467	0.000000	0.000000	0.000000	0.000000	0.000000	0.000031
457	0.577822	0.106387	0.315753	0.000000	0.000000	0.000000	0.000000	0.000000	0.000038
458	0.577283	0.106373	0.316307	0.000000	0.000000	0.000000	0.000000	0.000000	0.000037
459	0.577673	0.106338	0.315958	0.000000	0.000000	0.000000	0.000000	0.000000	0.000031
460	0.577339	0.106566	0.316059	0.000000	0.000000	0.000000	0.000000	0.000000	0.000036
461	0.576976	0.106527	0.316458	0.000000	0.000000	0.000000	0.000000	0.000000	0.000039
462	0.577282	0.106758	0.315926	0.000000	0.000000	0.000000	0.000000	0.000000	0.000034
463	0.577383	0.106898	0.315686	0.000000	0.000000	0.000000	0.000000	0.000000	0.000033
464	0.577340	0.106698	0.315931	0.000000	0.000000	0.000000	0.000000	0.000000	0.000031
465	0.577284	0.106979	0.315714	0.000000	0.000000	0.000000	0.000000	0.000000	0.000023
466	0.576974	0.107204	0.315795	0.000000	0.000000	0.000000	0.000000	0.000000	0.000027
467	0.577655	0.107378	0.314946	0.000000	0.000000	0.000000	0.000000	0.000000	0.000021
468	0.577632	0.107417	0.314926	0.000000	0.000000	0.000000	0.000000	0.000000	0.000025
469	0.577069	0.107157	0.315752	0.000000	0.000000	0.000000	0.000000	0.000000	0.000022
470	0.577340	0.107121	0.315517	0.000000	0.000000	0.000000	0.000000	0.000000	0.000022
