0	0.290663	0.057897	0.229473	0.157588	0.029913	0.111872	0.085455	0.012259	0.024880
1	0.219417	0.046065	0.190281	0.148993	0.030456	0.127823	0.121360	0.023336	0.092269
2	0.208186	0.043171	0.181203	0.151880	0.032628	0.130611	0.124747	0.023888	0.103686
3	0.203712	0.041126	0.174614	0.154760	0.035720	0.131049	0.125012	0.023422	0.110585
4	0.200633	0.039217	0.168001	0.158544	0.038750	0.131699	0.123904	0.022424	0.116828
5	0.198126	0.036947	0.162750	0.161588	0.042080	0.131270	0.123009	0.021603	0.122627
6	0.196712	0.035070	0.157562	0.164525	0.045563	0.130041	0.121327	0.020338	0.128862
7	0.194931	0.032983	0.152378	0.167548	0.049274	0.129149	0.119607	0.019557	0.134573
8	0.193897	0.030873	0.146386	0.170785	0.053114	0.127899	0.117795	0.018596	0.140655
9	0.191987	0.029069	0.141403	0.173719	0.057558	0.126153	0.115914	0.017428	0.146769
10	0.190621	0.027523	0.136429	0.176089	0.062088	0.124074	0.113763	0.016687	0.152726
11	0.189187	0.025904	0.130939	0.178103	0.066573	0.122232	0.112307	0.015848	0.158907
12	0.187807	0.024348	0.126345	0.180358	0.071414	0.119973	0.110005	0.015056	0.164694
13	0.186922	0.022726	0.121258	0.182694	0.076095	0.117549	0.108244	0.014231	0.170281
14	0.185689	0.021449	0.115658	0.184980	0.081533	0.115039	0.105933	0.013410	0.176309
15	0.184622	0.020001	0.110591	0.187002	0.086716	0.112417	0.103687	0.012768	0.182196
16	0.183207	0.018695	0.105424	0.188621	0.092515	0.109893	0.102019	0.012187	0.187439
17	0.181614	0.017653	0.100743	0.190721	0.098251	0.107277	0.099395	0.011399	0.192947
18	0.179928	0.016450	0.096636	0.192390	0.104258	0.104634	0.097251	0.010618	0.197835
19	0.178177	0.015389	0.092620	0.194011	0.110233	0.102443	0.094666	0.010029	0.202432
20	0.175751	0.014439	0.088856	0.195398	0.116215	0.099555	0.092918	0.009598	0.207270
21	0.173344	0.013589	0.084450	0.197595	0.122525	0.096801	0.090675	0.008822	0.212199
22	0.171486	0.012796	0.080873	0.198718	0.128899	0.094306	0.088415	0.008485	0.216022
23	0.169720	0.011882	0.076809	0.199378	0.135665	0.091968	0.086071	0.007947	0.220560
24	0.166983	0.011199	0.073241	0.201026	0.142118	0.089261	0.083828	0.007365	0.224979
25	0.164930	0.010384	0.069447	0.202126	0.148863	0.086435	0.081775	0.007030	0.229010
26	0.162816	0.009527	0.065558	0.203241	0.155936	0.083844	0.079922	0.006630	0.232526
27	0.160112	0.008787	0.062215	0.204817	0.162967	0.081403	0.077702	0.006127	0.235870
28	0.157513	0.008150	0.059173	0.205933	0.170071	0.079421	0.075001	0.005852	0.238886
29	0.155017	0.007567	0.056318	0.206796	0.176889	0.077440	0.072715	0.005483	0.241775
30	0.152931	0.007023	0.053373	0.207835	0.184389	0.074863	0.070687	0.005195	0.243704
31	0.150302	0.006469	0.050560	0.208796	0.191819	0.072878	0.068247	0.004751	0.246178
32	0.147660	0.005975	0.047501	0.210001	0.199624	0.070337	0.066459	0.004372	0.248071
33	0.144727	0.005450	0.044753	0.210394	0.207485	0.068652	0.064475	0.004121	0.249943
34	0.142310	0.005006	0.042213	0.211016	0.215196	0.066678	0.062138	0.003808	0.251635
35	0.140128	0.004527	0.039484	0.211549	0.223082	0.064584	0.059937	0.003680	0.253029
36	0.137545	0.004100	0.037437	0.212079	0.231004	0.062644	0.058107	0.003374	0.253710
37	0.134752	0.003774	0.035221	0.212883	0.238652	0.061095	0.055954	0.003076	0.254593
38	0.132050	0.003490	0.033114	0.213314	0.246629	0.059586	0.054026	0.002902	0.254889
39	0.128541	0.003207	0.031355	0.214005	0.254929	0.058202	0.051938	0.002706	0.255117
40	0.125499	0.002984	0.029512	0.214913	0.263315	0.056565	0.050060	0.002460	0.254692
41	0.122494	0.002728	0.027661	0.215126	0.272280	0.054969	0.048137	0.002281	0.254324
42	0.119383	0.002447	0.026006	0.215524	0.280943	0.053572	0.046118	0.002211	0.253796
43	0.116300	0.002189	0.024109	0.215764	0.289655	0.052687	0.044385	0.002011	0.252900
44	0.113315	0.002011	0.022535	0.216346	0.298376	0.051265	0.042468	0.001933	0.251751
45	0.110339	0.001802	0.020998	0.217073	0.306827	0.049940	0.040667	0.001811	0.250543
46	0.106885	0.001709	0.019618	0.217770	0.315921	0.048713	0.038859	0.001801	0.248724
47	0.104052	0.001587	0.018408	0.219035	0.324301	0.047127	0.037309	0.001677	0.246504
48	0.100957	0.001447	0.017091	0.219240	0.333011	0.046148	0.035678	0.001561	0.244867
49	0.098275	0.001354	0.016149	0.219936	0.341934	0.044738	0.033760	0.001395	0.242459
50	0.095468	0.001158	0.014996	0.220218	0.350366	0.043854	0.032388	0.001342	0.240210
51	0.092483	0.001066	0.013938	0.221024	0.359717	0.042674	0.030440	0.001242	0.237416
52	0.089813	0.000962	0.012853	0.221620	0.368225	0.041656	0.029037	0.001128	0.234706
53	0.086959	0.000902	0.011984	0.222578	0.376839	0.040742	0.027601	0.001089	0.231306
54	0.084392	0.000829	0.011192	0.223426	0.385223	0.039777	0.026165	0.001026	0.227970
55	0.081671	0.000732	0.010377	0.224484	0.393543	0.038941	0.024796	0.000918	0.224538
56	0.078952	0.000673	0.009593	0.225266	0.401942	0.038212	0.023516	0.000799	0.221047
57	0.076406	0.000593	0.008895	0.226325	0.410068	0.037437	0.022177	0.000788	0.217311
58	0.073995	0.000525	0.008307	0.226949	0.418303	0.036914	0.021054	0.000701	0.213252
59	0.071411	0.000483	0.007741	0.227709	0.426398	0.036126	0.019901	0.000683	0.209548
60	0.068448	0.000412	0.007173	0.229014	0.434082	0.035466	0.018651	0.000630	0.206124
61	0.065885	0.000416	0.006611	0.229971	0.442105	0.034674	0.017632	0.000566	0.202140
62	0.063191	0.000372	0.005924	0.230906	0.450329	0.034192	0.016546	0.000520	0.198020
63	0.060791	0.000314	0.005485	0.231779	0.458210	0.033617	0.015606	0.000431	0.193767
64	0.058459	0.000291	0.005113	0.232280	0.466061	0.032835	0.014881	0.000418	0.189662
65	0.055920	0.000250	0.004761	0.233750	0.473417	0.032042	0.014037	0.000427	0.185396
66	0.053724	0.000219	0.004377	0.234967	0.480284	0.031639	0.013268	0.000409	0.181113
67	0.051619	0.000193	0.003998	0.235289	0.487836	0.031377	0.012363	0.000362	0.176963
68	0.049561	0.000188	0.003734	0.235751	0.495466	0.030959	0.011591	0.000356	0.172394
69	0.047500	0.000178	0.003545	0.236162	0.502835	0.030617	0.010914	0.000310	0.167939
70	0.045446	0.000165	0.003324	0.237388	0.509721	0.030049	0.010181	0.000286	0.163440
71	0.043241	0.000161	0.003061	0.237991	0.516803	0.030009	0.009504	0.000260	0.158970
72	0.041288	0.000125	0.002817	0.239173	0.523269	0.029512	0.008936	0.000236	0.154644
73	0.039616	0.000124	0.002659	0.239857	0.530115	0.028901	0.008309	0.000220	0.150199
74	0.037848	0.000111	0.002451	0.240898	0.535984	0.028970	0.007616	0.000188	0.145934
75	0.036223	0.000103	0.002305	0.241942	0.542505	0.028472	0.007170	0.000163	0.141117
76	0.034377	0.000081	0.002119	0.242787	0.548528	0.028163	0.006696	0.000150	0.137099
77	0.032841	0.000071	0.001995	0.243277	0.555497	0.027759	0.006249	0.000135	0.132176
78	0.031374	0.000072	0.001867	0.244589	0.561077	0.027527	0.005767	0.000145	0.127582
79	0.029949	0.000063	0.001705	0.245505	0.566690	0.027550	0.005411	0.000114	0.123013
80	0.028381	0.000061	0.001609	0.245964	0.572974	0.027103	0.005055	0.000099	0.118754
81	0.027002	0.000053	0.001460	0.246348	0.578919	0.026998	0.004680	0.000096	0.114444
82	0.025783	0.000047	0.001351	0.247264	0.584467	0.026502	0.004376	0.000084	0.110126
83	0.024556	0.000048	0.001256	0.247570	0.590099	0.026265	0.003985	0.000074	0.106147
84	0.023467	0.000043	0.001147	0.248183	0.594840	0.026268	0.003675	0.000084	0.102293
85	0.022394	0.000038	0.001046	0.248951	0.599790	0.025938	0.003419	0.000063	0.098361
86	0.021255	0.000038	0.000976	0.249273	0.604578	0.025809	0.003120	0.000057	0.094894
87	0.020226	0.000032	0.000882	0.249976	0.608986	0.025469	0.002974	0.000052	0.091403
88	0.019291	0.000024	0.000779	0.250447	0.613714	0.025336	0.002720	0.000053	0.087636
89	0.018320	0.000020	0.000716	0.250838	0.618015	0.025286	0.002528	0.000051	0.084226
90	0.017445	0.000017	0.000665	0.251271	0.622588	0.024719	0.002344	0.000049	0.080902
91	0.016438	0.000014	0.000647	0.252206	0.625935	0.024740	0.002178	0.000053	0.077789
92	0.015581	0.000013	0.000586	0.252427	0.630093	0.024410	0.002054	0.000040	0.074796
93	0.014826	0.000012	0.000541	0.253129	0.633545	0.024306	0.001924	0.000042	0.071675
94	0.014011	0.000013	0.000512	0.253421	0.637245	0.024193	0.001841	0.000034	0.068730
95	0.013223	0.000017	0.000488	0.253574	0.641089	0.023984	0.001715	0.000025	0.065885
96	0.012573	0.000012	0.000439	0.253696	0.644815	0.024012	0.001549	0.000024	0.062880
97	0.012031	0.000009	0.000376	0.254336	0.648142	0.023563	0.001411	0.000024	0.060108
98	0.011325	0.000008	0.000334	0.255127	0.651140	0.023330	0.001356	0.000017	0.057363
99	0.010710	0.000009	0.000312	0.255560	0.654130	0.023178	0.001224	0.000023	0.054854
100	0.010074	0.000006	0.000273	0.255933	0.657261	0.022985	0.001183	0.000020	0.052265
101	0.009521	0.000002	0.000259	0.255588	0.660495	0.023016	0.001084	0.000011	0.050024
102	0.009050	0.000002	0.000223	0.256274	0.662887	0.023189	0.000943	0.000011	0.047421
103	0.008407	0.000004	0.000217	0.256721	0.665244	0.023255	0.000875	0.000014	0.045263
104	0.007958	0.000006	0.000209	0.257266	0.667589	0.023168	0.000816	0.000013	0.042975
105	0.007520	0.000002	0.000190	0.257696	0.669945	0.023128	0.000712	0.000006	0.040801
106	0.007078	0.000001	0.000182	0.258112	0.672108	0.022913	0.000707	0.000004	0.038895
107	0.006668	0.000000	0.000167	0.258733	0.673675	0.023141	0.000690	0.000004	0.036922
108	0.006271	0.000000	0.000159	0.259162	0.675788	0.022885	0.000616	0.000003	0.035116
109	0.005903	0.000000	0.000141	0.258930	0.678118	0.022937	0.000580	0.000002	0.033389
110	0.005525	0.000000	0.000119	0.259517	0.679814	0.022830	0.000555	0.000002	0.031638
111	0.005184	0.000000	0.000120	0.259971	0.681352	0.022860	0.000486	0.000002	0.030025
112	0.004924	0.000000	0.000098	0.259949	0.683346	0.022756	0.000509	0.000004	0.028414
113	0.004564	0.000000	0.000086	0.260692	0.684842	0.022469	0.000439	0.000002	0.026906
114	0.004377	0.000000	0.000080	0.260264	0.686845	0.022400	0.000419	0.000000	0.025615
115	0.004127	0.000000	0.000081	0.260066	0.688711	0.022511	0.000363	0.000001	0.024140
116	0.003900	0.000000	0.000059	0.260138	0.690477	0.022410	0.000352	0.000000	0.022664
117	0.003606	0.000000	0.000057	0.260838	0.691426	0.022340	0.000315	0.000000	0.021418
118	0.003394	0.000000	0.000044	0.260702	0.692961	0.022334	0.000301	0.000000	0.020264
119	0.003193	0.000000	0.000039	0.261619	0.693513	0.022113	0.000308	0.000000	0.019215
120	0.002994	0.000000	0.000034	0.261636	0.694520	0.022292	0.000273	0.000000	0.018251
121	0.002748	0.000000	0.000032	0.261645	0.695937	0.022182	0.000264	0.000000	0.017192
122	0.002495	0.000000	0.000026	0.262219	0.696905	0.021988	0.000251	0.000000	0.016116
123	0.002322	0.000000	0.000030	0.262759	0.697529	0.021985	0.000229	0.000000	0.015146
124	0.002174	0.000000	0.000021	0.262310	0.699140	0.021938	0.000229	0.000000	0.014188
125	0.002031	0.000000	0.000020	0.262103	0.700306	0.022025	0.000208	0.000000	0.013307
126	0.001914	0.000000	0.000018	0.262647	0.700542	0.022078	0.000209	0.000000	0.012592
127	0.001809	0.000000	0.000015	0.262651	0.701413	0.022115	0.000196	0.000000	0.011801
128	0.001687	0.000000	0.000015	0.262496	0.702625	0.021891	0.000167	0.000000	0.011119
129	0.001582	0.000000	0.000016	0.262012	0.704046	0.021802	0.000164	0.000000	0.010378
130	0.001442	0.000000	0.000011	0.263046	0.704022	0.021579	0.000157	0.000000	0.009743
131	0.001374	0.000000	0.000011	0.262410	0.705335	0.021643	0.000150	0.000000	0.009077
132	0.001238	0.000000	0.000008	0.262769	0.705728	0.021625	0.000142	0.000000	0.008490
133	0.001127	0.000000	0.000011	0.262494	0.706452	0.021777	0.000126	0.000000	0.008013
134	0.001046	0.000000	0.000010	0.263442	0.706150	0.021680	0.000108	0.000000	0.007564
135	0.000958	0.000000	0.000011	0.263479	0.706657	0.021881	0.000110	0.000000	0.006904
136	0.000877	0.000000	0.000013	0.263503	0.707209	0.021721	0.000117	0.000000	0.006560
137	0.000822	0.000000	0.000014	0.263917	0.707375	0.021735	0.000110	0.000000	0.006027
138	0.000737	0.000000	0.000010	0.264021	0.708065	0.021630	0.000099	0.000000	0.005438
139	0.000683	0.000000	0.000013	0.264354	0.708262	0.021554	0.000078	0.000000	0.005056
140	0.000612	0.000000	0.000014	0.264974	0.708000	0.021620	0.000071	0.000000	0.004709
141	0.000589	0.000000	0.000010	0.265046	0.708275	0.021653	0.000075	0.000000	0.004352
142	0.000564	0.000000	0.000010	0.265196	0.708390	0.021755	0.000064	0.000000	0.004021
143	0.000541	0.000000	0.000015	0.265381	0.708476	0.021846	0.000047	0.000000	0.003694
144	0.000514	0.000000	0.000014	0.265682	0.708770	0.021565	0.000044	0.000000	0.003411
145	0.000460	0.000000	0.000016	0.265358	0.709188	0.021725	0.000035	0.000000	0.003218
146	0.000400	0.000000	0.000018	0.265053	0.709789	0.021695	0.000035	0.000000	0.003010
147	0.000360	0.000000	0.000022	0.264852	0.710023	0.021888	0.000032	0.000000	0.002823
148	0.000317	0.000000	0.000018	0.265869	0.709427	0.021708	0.000029	0.000000	0.002632
149	0.000295	0.000000	0.000015	0.265299	0.710094	0.021850	0.000027	0.000000	0.002420
150	0.000262	0.000000	0.000012	0.265209	0.710502	0.021764	0.000028	0.000000	0.002223
151	0.000254	0.000000	0.000018	0.264949	0.711030	0.021677	0.000024	0.000000	0.002048
152	0.000234	0.000000	0.000016	0.264695	0.711604	0.021566	0.000024	0.000000	0.001861
153	0.000203	0.000000	0.000015	0.265376	0.710964	0.021656	0.000023	0.000000	0.001763
154	0.000185	0.000000	0.000018	0.265123	0.711694	0.021349	0.000022	0.000000	0.001609
155	0.000165	0.000000	0.000015	0.265386	0.711546	0.021355	0.000019	0.000000	0.001514
156	0.000154	0.000000	0.000017	0.265118	0.712031	0.021281	0.000024	0.000000	0.001375
157	0.000139	0.000000	0.000017	0.265355	0.711824	0.021383	0.000019	0.000000	0.001263
158	0.000126	0.000000	0.000017	0.265049	0.712175	0.021450	0.000019	0.000000	0.001164
159	0.000117	0.000000	0.000016	0.265129	0.712382	0.021251	0.000016	0.000000	0.001089
160	0.000103	0.000000	0.000018	0.264797	0.712649	0.021345	0.000013	0.000000	0.001075
161	0.000107	0.000000	0.000015	0.264529	0.712943	0.021425	0.000011	0.000000	0.000970
162	0.000096	0.000000	0.000014	0.264790	0.712946	0.021265	0.000011	0.000000	0.000878
163	0.000089	0.000000	0.000017	0.264894	0.712821	0.021321	0.000010	0.000000	0.000848
164	0.000091	0.000000	0.000018	0.264886	0.712737	0.021444	0.000010	0.000000	0.000814
165	0.000082	0.000000	0.000016	0.265355	0.712464	0.021341	0.000005	0.000000	0.000737
166	0.000087	0.000000	0.000016	0.265525	0.712437	0.021233	0.000007	0.000000	0.000695
167	0.000087	0.000000	0.000016	0.265052	0.712905	0.021295	0.000002	0.000000	0.000643
168	0.000074	0.000000	0.000014	0.265352	0.712813	0.021148	0.000002	0.000000	0.000597
169	0.000064	0.000000	0.000015	0.265281	0.712828	0.021223	0.000002	0.000000	0.000587
170	0.000061	0.000000	0.000014	0.265354	0.712733	0.021261	0.000000	0.000000	0.000577
171	0.000056	0.000000	0.000013	0.265470	0.712537	0.021369	0.000001	0.000000	0.000554
172	0.000050	0.000000	0.000010	0.265442	0.712854	0.021112	0.000000	0.000000	0.000532
173	0.000043	0.000000	0.000007	0.264957	0.713316	0.021180	0.000000	0.000000	0.000497
174	0.000046	0.000000	0.000005	0.264675	0.713482	0.021314	0.000000	0.000000	0.000478
175	0.000035	0.000000	0.000005	0.265068	0.713105	0.021364	0.000000	0.000000	0.000423
176	0.000029	0.000000	0.000004	0.264492	0.713756	0.021295	0.000000	0.000000	0.000424
177	0.000033	0.000000	0.000003	0.264669	0.713522	0.021386	0.000000	0.000000	0.000387
178	0.000034	0.000000	0.000004	0.264946	0.713375	0.021260	0.000000	0.000000	0.000381
179	0.000037	0.000000	0.000001	0.265336	0.713036	0.021200	0.000000	0.000000	0.000390
180	0.000033	0.000000	0.000001	0.265616	0.712799	0.021181	0.000000	0.000000	0.000370
181	0.000027	0.000000	0.000000	0.265637	0.712770	0.021206	0.000000	0.000000	0.000360
182	0.000022	0.000000	0.000000	0.265981	0.712460	0.021199	0.000000	0.000000	0.000338
183	0.000021	0.000000	0.000000	0.265920	0.712350	0.021383	0.000000	0.000000	0.000326
184	0.000021	0.000000	0.000000	0.265458	0.712798	0.021398	0.000000	0.000000	0.000325
185	0.000022	0.000000	0.000000	0.265206	0.712851	0.021628	0.000000	0.000000	0.000293
186	0.000026	0.000000	0.000000	0.265260	0.712878	0.021540	0.000000	0.000000	0.000296
187	0.000017	0.000000	0.000000	0.265188	0.712852	0.021659	0.000000	0.000000	0.000284
188	0.000013	0.000000	0.000000	0.265038	0.713239	0.021431	0.000000	0.000000	0.000279
189	0.000009	0.000000	0.000000	0.264666	0.713695	0.021354	0.000000	0.000000	0.000276
190	0.000008	0.000000	0.000000	0.265158	0.713201	0.021367	0.000000	0.000000	0.000266
191	0.000007	0.000000	0.000000	0.265779	0.712600	0.021364	0.000000	0.000000	0.000250
192	0.000005	0.000000	0.000000	0.265788	0.712599	0.021367	0.000000	0.000000	0.000241
193	0.000004	0.000000	0.000000	0.266010	0.712580	0.021165	0.000000	0.000000	0.000241
194	0.000006	0.000000	0.000000	0.266026	0.712517	0.021239	0.000000	0.000000	0.000212
195	0.000004	0.000000	0.000000	0.265525	0.713104	0.021154	0.000000	0.000000	0.000213
196	0.000004	0.000000	0.000000	0.265131	0.713467	0.021190	0.000000	0.000000	0.000208
197	0.000003	0.000000	0.000000	0.264879	0.713721	0.021212	0.000000	0.000000	0.000185
198	0.000002	0.000000	0.000000	0.264624	0.714049	0.021151	0.000000	0.000000	0.000174
199	0.000000	0.000000	0.000000	0.264659	0.713960	0.021209	0.000000	0.000000	0.000172
200	0.000000	0.000000	0.000000	0.264598	0.714026	0.021186	0.000000	0.000000	0.000190
201	0.000000	0.000000	0.000000	0.265036	0.713670	0.021110	0.000000	0.000000	0.000184
202	0.000000	0.000000	0.000000	0.265258	0.713271	0.021287	0.000000	0.000000	0.000184
203	0.000000	0.000000	0.000000	0.265430	0.713129	0.021253	0.000000	0.000000	0.000188
204	0.000000	0.000000	0.000000	0.265883	0.712645	0.021299	0.000000	0.000000	0.000173
205	0.000000	0.000000	0.000000	0.265866	0.712900	0.021078	0.000000	0.000000	0.000156
206	0.000000	0.000000	0.000000	0.265836	0.712867	0.021144	0.000000	0.000000	0.000153
207	0.000000	0.000000	0.000000	0.265914	0.712809	0.021130	0.000000	0.000000	0.000147
208	0.000000	0.000000	0.000000	0.265941	0.712963	0.020961	0.000000	0.000000	0.000135
209	0.000000	0.000000	0.000000	0.265460	0.713382	0.021038	0.000000	0.000000	0.000120
210	0.000000	0.000000	0.000000	0.265620	0.713396	0.020848	0.000000	0.000000	0.000136
211	0.000000	0.000000	0.000000	0.265103	0.713866	0.020903	0.000000	0.000000	0.000128
212	0.000000	0.000000	0.000000	0.265115	0.713860	0.020921	0.000000	0.000000	0.000104
213	0.000000	0.000000	0.000000	0.265259	0.713593	0.021045	0.000000	0.000000	0.000103
214	0.000000	0.000000	0.000000	0.265488	0.713394	0.021012	0.000000	0.000000	0.000106
215	0.000000	0.000000	0.000000	0.265349	0.713462	0.021083	0.000000	0.000000	0.000106
216	0.000000	0.000000	0.000000	0.265297	0.713723	0.020882	0.000000	0.000000	0.000098
217	0.000000	0.000000	0.000000	0.264992	0.713762	0.021168	0.000000	0.000000	0.000078
218	0.000000	0.000000	0.000000	0.265259	0.713533	0.021132	0.000000	0.000000	0.000076
219	0.000000	0.000000	0.000000	0.265053	0.713912	0.020967	0.000000	0.000000	0.000068
220	0.000000	0.000000	0.000000	0.264917	0.713988	0.021032	0.000000	0.000000	0.000063
221	0.000000	0.000000	0.000000	0.264686	0.714160	0.021086	0.000000	0.000000	0.000068
222	0.000000	0.000000	0.000000	0.265181	0.713774	0.020986	0.000000	0.000000	0.000059
223	0.000000	0.000000	0.000000	0.265202	0.713849	0.020894	0.000000	0.000000	0.000055
224	0.000000	0.000000	0.000000	0.264982	0.714074	0.020891	0.000000	0.000000	0.000053
225	0.000000	0.000000	0.000000	0.264303	0.714719	0.020934	0.000000	0.000000	0.000044
226	0.000000	0.000000	0.000000	0.264424	0.714383	0.021148	0.000000	0.000000	0.000045
227	0.000000	0.000000	0.000000	0.263851	0.715034	0.021072	0.000000	0.000000	0.000043
228	0.000000	0.000000	0.000000	0.264164	0.714821	0.020981	0.000000	0.000000	0.000034
229	0.000000	0.000000	0.000000	0.264809	0.714233	0.020923	0.000000	0.000000	0.000035
230	0.000000	0.000000	0.000000	0.264932	0.714081	0.020956	0.000000	0.000000	0.000031
231	0.000000	0.000000	0.000000	0.265167	0.713974	0.020837	0.000000	0.000000	0.000022
232	0.000000	0.000000	0.000000	0.264963	0.714017	0.020995	0.000000	0.000000	0.000025
233	0.000000	0.000000	0.000000	0.265210	0.713672	0.021098	0.000000	0.000000	0.000020
234	0.000000	0.000000	0.000000	0.264745	0.714438	0.020797	0.000000	0.000000	0.000020
235	0.000000	0.000000	0.000000	0.264566	0.714659	0.020757	0.000000	0.000000	0.000018
236	0.000000	0.000000	0.000000	0.264799	0.714494	0.020692	0.000000	0.000000	0.000015
237	0.000000	0.000000	0.000000	0.265197	0.714230	0.020558	0.000000	0.000000	0.000015
238	0.000000	0.000000	0.000000	0.264995	0.714376	0.020615	0.000000	0.000000	0.000014
239	0.000000	0.000000	0.000000	0.264895	0.714374	0.020719	0.000000	0.000000	0.000012
240	0.000000	0.000000	0.000000	0.264644	0.714765	0.020579	0.000000	0.000000	0.000012
241	0.000000	0.000000	0.000000	0.264523	0.714768	0.020696	0.000000	0.000000	0.000013
242	0.000000	0.000000	0.000000	0.264359	0.714880	0.020750	0.000000	0.000000	0.000011
243	0.000000	0.000000	0.000000	0.264392	0.715001	0.020599	0.000000	0.000000	0.000008
244	0.000000	0.000000	0.000000	0.264889	0.714757	0.020343	0.000000	0.000000	0.000011
245	0.000000	0.000000	0.000000	0.264568	0.715113	0.020311	0.000000	0.000000	0.000008
246	0.000000	0.000000	0.000000	0.264560	0.715046	0.020384	0.000000	0.000000	0.000010
247	0.000000	0.000000	0.000000	0.264931	0.714716	0.020345	0.000000	0.000000	0.000008
248	0.000000	0.000000	0.000000	0.265237	0.714546	0.020213	0.000000	0.000000	0.000004
249	0.000000	0.000000	0.000000	0.265573	0.714131	0.020292	0.000000	0.000000	0.000004
250	0.000000	0.000000	0.000000	0.265133	0.714496	0.020368	0.000000	0.000000	0.000003
251	0.000000	0.000000	0.000000	0.265093	0.714515	0.020392	0.000000	0.000000	0.000000
252	0.000000	0.000000	0.000000	0.265123	0.714691	0.020186	0.000000	0.000000	0.000000
253	0.000000	0.000000	0.000000	0.265237	0.714480	0.020283	0.000000	0.000000	0.000000
254	0.000000	0.000000	0.000000	0.264895	0.714793	0.020308	0.000000	0.000000	0.000004
255	0.000000	0.000000	0.000000	0.264827	0.714869	0.020301	0.000000	0.000000	0.000003
256	0.000000	0.000000	0.000000	0.265359	0.714631	0.020009	0.000000	0.000000	0.000001
257	0.000000	0.000000	0.000000	0.264995	0.714942	0.020061	0.000000	0.000000	0.000002
258	0.000000	0.000000	0.000000	0.265457	0.714598	0.019944	0.000000	0.000000	0.000001
259	0.000000	0.000000	0.000000	0.264486	0.715747	0.019765	0.000000	0.000000	0.000002
260	0.000000	0.000000	0.000000	0.264935	0.715312	0.019751	0.000000	0.000000	0.000002
261	0.000000	0.000000	0.000000	0.264691	0.715601	0.019704	0.000000	0.000000	0.000004
262	0.000000	0.000000	0.000000	0.264046	0.716207	0.019745	0.000000	0.000000	0.000002
263	0.000000	0.000000	0.000000	0.264435	0.715873	0.019691	0.000000	0.000000	0.000001
264	0.000000	0.000000	0.000000	0.264420	0.715830	0.019749	0.000000	0.000000	0.000001
265	0.000000	0.000000	0.000000	0.264636	0.715669	0.019695	0.000000	0.000000	0.000000
266	0.000000	0.000000	0.000000	0.264563	0.715630	0.019806	0.000000	0.000000	0.000001
267	0.000000	0.000000	0.000000	0.264120	0.716013	0.019865	0.000000	0.000000	0.000002
268	0.000000	0.000000	0.000000	0.264511	0.715823	0.019666	0.000000	0.000000	0.000000
269	0.000000	0.000000	0.000000	0.264720	0.715561	0.019719	0.000000	0.000000	0.000000
270	0.000000	0.000000	0.000000	0.264633	0.715500	0.019867	0.000000	0.000000	0.000000
271	0.000000	0.000000	0.000000	0.264188	0.716030	0.019782	0.000000	0.000000	0.000000
272	0.000000	0.000000	0.000000	0.264301	0.715820	0.019879	0.000000	0.000000	0.000000
273	0.000000	0.000000	0.000000	0.263643	0.716288	0.020069	0.000000	0.000000	0.000000
274	0.000000	0.000000	0.000000	0.264638	0.715164	0.020198	0.000000	0.000000	0.000000
275	0.000000	0.000000	0.000000	0.264512	0.715346	0.020142	0.000000	0.000000	0.000000
276	0.000000	0.000000	0.000000	0.264654	0.715248	0.020098	0.000000	0.000000	0.000000
277	0.000000	0.000000	0.000000	0.264428	0.715496	0.020076	0.000000	0.000000	0.000000
278	0.000000	0.000000	0.000000	0.264313	0.715424	0.020263	0.000000	0.000000	0.000000
279	0.000000	0.000000	0.000000	0.264845	0.714990	0.020165	0.000000	0.000000	0.000000
280	0.000000	0.000000	0.000000	0.264854	0.714999	0.020147	0.000000	0.000000	0.000000
281	0.000000	0.000000	0.000000	0.264778	0.715043	0.020179	0.000000	0.000000	0.000000
282	0.000000	0.000000	0.000000	0.264865	0.715057	0.020078	0.000000	0.000000	0.000000
283	0.000000	0.000000	0.000000	0.264715	0.715133	0.020152	0.000000	0.000000	0.000000
284	0.000000	0.000000	0.000000	0.264966	0.714907	0.020127	0.000000	0.000000	0.000000
285	0.000000	0.000000	0.000000	0.264562	0.715232	0.020206	0.000000	0.000000	0.000000
286	0.000000	0.000000	0.000000	0.265111	0.714727	0.020162	0.000000	0.000000	0.000000
287	0.000000	0.000000	0.000000	0.264965	0.714899	0.020136	0.000000	0.000000	0.000000
288	0.000000	0.000000	0.000000	0.264662	0.715188	0.020150	0.000000	0.000000	0.000000
289	0.000000	0.000000	0.000000	0.264390	0.715496	0.020114	0.000000	0.000000	0.000000
290	0.000000	0.000000	0.000000	0.264686	0.715145	0.020169	0.000000	0.000000	0.000000
291	0.000000	0.000000	0.000000	0.264943	0.714838	0.020219	0.000000	0.000000	0.000000
292	0.000000	0.000000	0.000000	0.264600	0.715169	0.020231	0.000000	0.000000	0.000000
293	0.000000	0.000000	0.000000	0.264566	0.715226	0.020208	0.000000	0.000000	0.000000
294	0.000000	0.000000	0.000000	0.264946	0.714905	0.020149	0.000000	0.000000	0.000000
295	0.000000	0.000000	0.000000	0.264713	0.714953	0.020334	0.000000	0.000000	0.000000
296	0.000000	0.000000	0.000000	0.264435	0.715154	0.020411	0.000000	0.000000	0.000000
297	0.000000	0.000000	0.000000	0.264427	0.715167	0.020406	0.000000	0.000000	0.000000
298	0.000000	0.000000	0.000000	0.264925	0.714589	0.020486	0.000000	0.000000	0.000000
299	0.000000	0.000000	0.000000	0.264461	0.714978	0.020561	0.000000	0.000000	0.000000
300	0.000000	0.000000	0.000000	0.264229	0.715132	0.020639	0.000000	0.000000	0.000000
301	0.000000	0.000000	0.000000	0.263975	0.715365	0.020660	0.000000	0.000000	0.000000
302	0.000000	0.000000	0.000000	0.263569	0.715804	0.020627	0.000000	0.000000	0.000000
303	0.000000	0.000000	0.000000	0.263946	0.715313	0.020741	0.000000	0.000000	0.000000
304	0.000000	0.000000	0.000000	0.264990	0.714314	0.020696	0.000000	0.000000	0.000000
305	0.000000	0.000000	0.000000	0.264922	0.714383	0.020695	0.000000	0.000000	0.000000
306	0.000000	0.000000	0.000000	0.264694	0.714643	0.020663	0.000000	0.000000	0.000000
307	0.000000	0.000000	0.000000	0.265018	0.714155	0.020827	0.000000	0.000000	0.000000
308	0.000000	0.000000	0.000000	0.265096	0.714102	0.020802	0.000000	0.000000	0.000000
309	0.000000	0.000000	0.000000	0.264528	0.714681	0.020791	0.000000	0.000000	0.000000
310	0.000000	0.000000	0.000000	0.264157	0.715087	0.020756	0.000000	0.000000	0.000000
311	0.000000	0.000000	0.000000	0.264326	0.714936	0.020738	0.000000	0.000000	0.000000
312	0.000000	0.000000	0.000000	0.264337	0.714947	0.020716	0.000000	0.000000	0.000000
313	0.000000	0.000000	0.000000	0.264395	0.714907	0.020698	0.000000	0.000000	0.000000
314	0.000000	0.000000	0.000000	0.264051	0.715293	0.020656	0.000000	0.000000	0.000000
315	0.000000	0.000000	0.000000	0.264078	0.715230	0.020692	0.000000	0.000000	0.000000
316	0.000000	0.000000	0.000000	0.264836	0.714467	0.020697	0.000000	0.000000	0.000000
317	0.000000	0.000000	0.000000	0.265048	0.714265	0.020687	0.000000	0.000000	0.000000
318	0.000000	0.000000	0.000000	0.265616	0.713698	0.020686	0.000000	0.000000	0.000000
319	0.000000	0.000000	0.000000	0.265632	0.713571	0.020797	0.000000	0.000000	0.000000
320	0.000000	0.000000	0.000000	0.265882	0.713275	0.020843	0.000000	0.000000	0.000000
321	0.000000	0.000000	0.000000	0.265731	0.713599	0.020670	0.000000	0.000000	0.000000
322	0.000000	0.000000	0.000000	0.265174	0.713963	0.020863	0.000000	0.000000	0.000000
323	0.000000	0.000000	0.000000	0.266050	0.713338	0.020612	0.000000	0.000000	0.000000
324	0.000000	0.000000	0.000000	0.265869	0.713501	0.020630	0.000000	0.000000	0.000000
325	0.000000	0.000000	0.000000	0.265910	0.713315	0.020775	0.000000	0.000000	0.000000
326	0.000000	0.000000	0.000000	0.266111	0.713043	0.020846	0.000000	0.000000	0.000000
327	0.000000	0.000000	0.000000	0.266477	0.712901	0.020622	0.000000	0.000000	0.000000
328	0.000000	0.000000	0.000000	0.266970	0.712345	0.020685	0.000000	0.000000	0.000000
329	0.000000	0.000000	0.000000	0.266858	0.712527	0.020615	0.000000	0.000000	0.000000
330	0.000000	0.000000	0.000000	0.267171	0.712212	0.020617	0.000000	0.000000	0.000000
331	0.000000	0.000000	0.000000	0.267030	0.712413	0.020557	0.000000	0.000000	0.000000
332	0.000000	0.000000	0.000000	0.267105	0.712085	0.020810	0.000000	0.000000	0.000000
333	0.000000	0.000000	0.000000	0.266890	0.712140	0.020970	0.000000	0.000000	0.000000
334	0.000000	0.000000	0.000000	0.266512	0.712392	0.021096	0.000000	0.000000	0.000000
335	0.000000	0.000000	0.000000	0.266548	0.712476	0.020976	0.000000	0.000000	0.000000
336	0.000000	0.000000	0.000000	0.266542	0.712597	0.020861	0.000000	0.000000	0.000000
337	0.000000	0.000000	0.000000	0.267155	0.712247	0.020598	0.000000	0.000000	0.000000
338	0.000000	0.000000	0.000000	0.267371	0.711817	0.020812	0.000000	0.000000	0.000000
339	0.000000	0.000000	0.000000	0.266735	0.712359	0.020906	0.000000	0.000000	0.000000
340	0.000000	0.000000	0.000000	0.266474	0.712771	0.020755	0.000000	0.000000	0.000000
341	0.000000	0.000000	0.000000	0.266464	0.712732	0.020804	0.000000	0.000000	0.000000
342	0.000000	0.000000	0.000000	0.266935	0.712239	0.020826	0.000000	0.000000	0.000000
343	0.000000	0.000000	0.000000	0.266858	0.712228	0.020914	0.000000	0.000000	0.000000
344	0.000000	0.000000	0.000000	0.266911	0.712290	0.020799	0.000000	0.000000	0.000000
345	0.000000	0.000000	0.000000	0.267148	0.712232	0.020620	0.000000	0.000000	0.000000
346	0.000000	0.000000	0.000000	0.267429	0.711941	0.020630	0.000000	0.000000	0.000000
347	0.000000	0.000000	0.000000	0.267640	0.711748	0.020612	0.000000	0.000000	0.000000
348	0.000000	0.000000	0.000000	0.267898	0.711487	0.020615	0.000000	0.000000	0.000000
349	0.000000	0.000000	0.000000	0.268156	0.711406	0.020438	0.000000	0.000000	0.000000
350	0.000000	0.000000	0.000000	0.268432	0.711182	0.020386	0.000000	0.000000	0.000000
351	0.000000	0.000000	0.000000	0.268508	0.710946	0.020546	0.000000	0.000000	0.000000
352	0.000000	0.000000	0.000000	0.268350	0.711107	0.020543	0.000000	0.000000	0.000000
353	0.000000	0.000000	0.000000	0.268494	0.710844	0.020662	0.000000	0.000000	0.000000
354	0.000000	0.000000	0.000000	0.268168	0.711192	0.020640	0.000000	0.000000	0.000000
355	0.000000	0.000000	0.000000	0.268538	0.710727	0.020735	0.000000	0.000000	0.000000
356	0.000000	0.000000	0.000000	0.268101	0.711038	0.020861	0.000000	0.000000	0.000000
357	0.000000	0.000000	0.000000	0.268414	0.710850	0.020736	0.000000	0.000000	0.000000
358	0.000000	0.000000	0.000000	0.268221	0.711007	0.020772	0.000000	0.000000	0.000000
359	0.000000	0.000000	0.000000	0.268920	0.710503	0.020577	0.000000	0.000000	0.000000
360	0.000000	0.000000	0.000000	0.268416	0.710932	0.020652	0.000000	0.000000	0.000000
361	0.000000	0.000000	0.000000	0.268654	0.710849	0.020497	0.000000	0.000000	0.000000
362	0.000000	0.000000	0.000000	0.268755	0.710756	0.020489	0.000000	0.000000	0.000000
363	0.000000	0.000000	0.000000	0.268274	0.711366	0.020360	0.000000	0.000000	0.000000
364	0.000000	0.000000	0.000000	0.269095	0.710482	0.020423	0.000000	0.000000	0.000000
365	0.000000	0.000000	0.000000	0.269016	0.710542	0.020442	0.000000	0.000000	0.000000
366	0.000000	0.000000	0.000000	0.269209	0.710543	0.020248	0.000000	0.000000	0.000000
367	0.000000	0.000000	0.000000	0.269316	0.710274	0.020410	0.000000	0.000000	0.000000
368	0.000000	0.000000	0.000000	0.269179	0.710426	0.020395	0.000000	0.000000	0.000000
369	0.000000	0.000000	0.000000	0.269575	0.710022	0.020403	0.000000	0.000000	0.000000
370	0.000000	0.000000	0.000000	0.269815	0.709804	0.020381	0.000000	0.000000	0.000000
371	0.000000	0.000000	0.000000	0.269890	0.709649	0.020461	0.000000	0.000000	0.000000
372	0.000000	0.000000	0.000000	0.270648	0.709067	0.020285	0.000000	0.000000	0.000000
373	0.000000	0.000000	0.000000	0.270964	0.708642	0.020394	0.000000	0.000000	0.000000
374	0.000000	0.000000	0.000000	0.270869	0.708845	0.020286	0.000000	0.000000	0.000000
375	0.000000	0.000000	0.000000	0.270834	0.708777	0.020389	0.000000	0.000000	0.000000
376	0.000000	0.000000	0.000000	0.271183	0.708385	0.020432	0.000000	0.000000	0.000000
377	0.000000	0.000000	0.000000	0.271129	0.708626	0.020245	0.000000	0.000000	0.000000
378	0.000000	0.000000	0.000000	0.271654	0.708271	0.020075	0.000000	0.000000	0.000000
379	0.000000	0.000000	0.000000	0.271623	0.708343	0.020034	0.000000	0.000000	0.000000
380	0.000000	0.000000	0.000000	0.271596	0.708373	0.020031	0.000000	0.000000	0.000000
381	0.000000	0.000000	0.000000	0.271411	0.708585	0.020004	0.000000	0.000000	0.000000
382	0.000000	0.000000	0.000000	0.271442	0.708330	0.020228	0.000000	0.000000	0.000000
383	0.000000	0.000000	0.000000	0.271884	0.707930	0.020186	0.000000	0.000000	0.000000
384	0.000000	0.000000	0.000000	0.271791	0.708151	0.020058	0.000000	0.000000	0.000000
385	0.000000	0.000000	0.000000	0.271846	0.707797	0.020357	0.000000	0.000000	0.000000
386	0.000000	0.000000	0.000000	0.271642	0.708146	0.020212	0.000000	0.000000	0.000000
387	0.000000	0.000000	0.000000	0.271605	0.708139	0.020256	0.000000	0.000000	0.000000
388	0.000000	0.000000	0.000000	0.271611	0.708212	0.020177	0.000000	0.000000	0.000000
389	0.000000	0.000000	0.000000	0.271382	0.708163	0.020455	0.000000	0.000000	0.000000
390	0.000000	0.000000	0.000000	0.271179	0.708550	0.020271	0.000000	0.000000	0.000000
391	0.000000	0.000000	0.000000	0.270719	0.708906	0.020375	0.000000	0.000000	0.000000
392	0.000000	0.000000	0.000000	0.271200	0.708534	0.020266	0.000000	0.000000	0.000000
393	0.000000	0.000000	0.000000	0.271500	0.707998	0.020502	0.000000	0.000000	0.000000
394	0.000000	0.000000	0.000000	0.271853	0.707790	0.020357	0.000000	0.000000	0.000000
395	0.000000	0.000000	0.000000	0.271638	0.708070	0.020292	0.000000	0.000000	0.000000
396	0.000000	0.000000	0.000000	0.271794	0.708057	0.020149	0.000000	0.000000	0.000000
397	0.000000	0.000000	0.000000	0.272069	0.707628	0.020303	0.000000	0.000000	0.000000
398	0.000000	0.000000	0.000000	0.271984	0.707680	0.020336	0.000000	0.000000	0.000000
399	0.000000	0.000000	0.000000	0.271888	0.707784	0.020328	0.000000	0.000000	0.000000
400	0.000000	0.000000	0.000000	0.271819	0.707880	0.020301	0.000000	0.000000	0.000000
401	0.000000	0.000000	0.000000	0.271606	0.708067	0.020327	0.000000	0.000000	0.000000
402	0.000000	0.000000	0.000000	0.271467	0.708245	0.020288	0.000000	0.000000	0.000000
403	0.000000	0.000000	0.000000	0.271911	0.707822	0.020267	0.000000	0.000000	0.000000
404	0.000000	0.000000	0.000000	0.271814	0.707944	0.020242	0.000000	0.000000	0.000000
405	0.000000	0.000000	0.000000	0.271947	0.707896	0.020157	0.000000	0.000000	0.000000
406	0.000000	0.000000	0.000000	0.271685	0.708168	0.020147	0.000000	0.000000	0.000000
407	0.000000	0.000000	0.000000	0.272166	0.707638	0.020196	0.000000	0.000000	0.000000
408	0.000000	0.000000	0.000000	0.272066	0.707721	0.020213	0.000000	0.000000	0.000000
409	0.000000	0.000000	0.000000	0.271832	0.708116	0.020052	0.000000	0.000000	0.000000
410	0.000000	0.000000	0.000000	0.271959	0.707970	0.020071	0.000000	0.000000	0.000000
411	0.000000	0.000000	0.000000	0.272247	0.707495	0.020258	0.000000	0.000000	0.000000
412	0.000000	0.000000	0.000000	0.272667	0.707108	0.020225	0.000000	0.000000	0.000000
413	0.000000	0.000000	0.000000	0.272520	0.707391	0.020089	0.000000	0.000000	0.000000
414	0.000000	0.000000	0.000000	0.272661	0.707168	0.020171	0.000000	0.000000	0.000000
415	0.000000	0.000000	0.000000	0.272658	0.707341	0.020001	0.000000	0.000000	0.000000
416	0.000000	0.000000	0.000000	0.272551	0.707348	0.020101	0.000000	0.000000	0.000000
417	0.000000	0.000000	0.000000	0.272482	0.707200	0.020318	0.000000	0.000000	0.000000
418	0.000000	0.000000	0.000000	0.272450	0.707304	0.020246	0.000000	0.000000	0.000000
419	0.000000	0.000000	0.000000	0.272649	0.707169	0.020182	0.000000	0.000000	0.000000
420	0.000000	0.000000	0.000000	0.272233	0.707688	0.020079	0.000000	0.000000	0.000000
421	0.000000	0.000000	0.000000	0.271946	0.708009	0.020045	0.000000	0.000000	0.000000
422	0.000000	0.000000	0.000000	0.272514	0.707326	0.020160	0.000000	0.000000	0.000000
423	0.000000	0.000000	0.000000	0.272603	0.707555	0.019842	0.000000	0.000000	0.000000
424	0.000000	0.000000	0.000000	0.272436	0.707731	0.019833	0.000000	0.000000	0.000000
425	0.000000	0.000000	0.000000	0.272551	0.707495	0.019954	0.000000	0.000000	0.000000
426	0.000000	0.000000	0.000000	0.272708	0.707244	0.020048	0.000000	0.000000	0.000000
427	0.000000	0.000000	0.000000	0.272546	0.707283	0.020171	0.000000	0.000000	0.000000
428	0.000000	0.000000	0.000000	0.271860	0.708028	0.020112	0.000000	0.000000	0.000000
429	0.000000	0.000000	0.000000	0.272034	0.708051	0.019915	0.000000	0.000000	0.000000
430	0.000000	0.000000	0.000000	0.272417	0.707457	0.020126	0.000000	0.000000	0.000000
431	0.000000	0.000000	0.000000	0.272354	0.707565	0.020081	0.000000	0.000000	0.000000
432	0.000000	0.000000	0.000000	0.272024	0.707907	0.020069	0.000000	0.000000	0.000000
433	0.000000	0.000000	0.000000	0.271822	0.708270	0.019908	0.000000	0.000000	0.000000
434	0.000000	0.000000	0.000000	0.271917	0.708176	0.019907	0.000000	0.000000	0.000000
435	0.000000	0.000000	0.000000	0.272265	0.707751	0.019984	0.000000	0.000000	0.000000
436	0.000000	0.000000	0.000000	0.272333	0.707695	0.019972	0.000000	0.000000	0.000000
437	0.000000	0.000000	0.000000	0.272670	0.707459	0.019871	0.000000	0.000000	0.000000
438	0.000000	0.000000	0.000000	0.273069	0.707229	0.019702	0.000000	0.000000	0.000000
439	0.000000	0.000000	0.000000	0.272906	0.707369	0.019725	0.000000	0.000000	0.000000
440	0.000000	0.000000	0.000000	0.273073	0.707304	0.019623	0.000000	0.000000	0.000000
441	0.000000	0.000000	0.000000	0.272924	0.707514	0.019562	0.000000	0.000000	0.000000
442	0.000000	0.000000	0.000000	0.272556	0.707836	0.019608	0.000000	0.000000	0.000000
443	0.000000	0.000000	0.000000	0.272427	0.707858	0.019715	0.000000	0.000000	0.000000
444	0.000000	0.000000	0.000000	0.272428	0.707827	0.019745	0.000000	0.000000	0.000000
445	0.000000	0.000000	0.000000	0.271906	0.708254	0.019840	0.000000	0.000000	0.000000
446	0.000000	0.000000	0.000000	0.271327	0.709014	0.019659	0.000000	0.000000	0.000000
447	0.000000	0.000000	0.000000	0.271262	0.709225	0.019513	0.000000	0.000000	0.000000
448	0.000000	0.000000	0.000000	0.271169	0.709237	0.019594	0.000000	0.000000	0.000000
449	0.000000	0.000000	0.000000	0.270870	0.709575	0.019555	0.000000	0.000000	0.000000
450	0.000000	0.000000	0.000000	0.270687	0.709738	0.019575	0.000000	0.000000	0.000000
451	0.000000	0.000000	0.000000	0.270625	0.709895	0.019480	0.000000	0.000000	0.000000
452	0.000000	0.000000	0.000000	0.270254	0.710369	0.019377	0.000000	0.000000	0.000000
453	0.000000	0.000000	0.000000	0.270269	0.710346	0.019385	0.000000	0.000000	0.000000
454	0.000000	0.000000	0.000000	0.270561	0.710222	0.019217	0.000000	0.000000	0.000000
455	0.000000	0.000000	0.000000	0.270420	0.710160	0.019420	0.000000	0.000000	0.000000
456	0.000000	0.000000	0.000000	0.270056	0.710610	0.019334	0.000000	0.000000	0.000000
457	0.000000	0.000000	0.000000	0.270368	0.710259	0.019373	0.000000	0.000000	0.000000
458	0.000000	0.000000	0.000000	0.269791	0.710904	0.019305	0.000000	0.000000	0.000000
459	0.000000	0.000000	0.000000	0.269797	0.710863	0.019340	0.000000	0.000000	0.000000
460	0.000000	0.000000	0.000000	0.270140	0.710442	0.019418	0.000000	0.000000	0.000000
461	0.000000	0.000000	0.000000	0.270601	0.709991	0.019408	0.000000	0.000000	0.000000
462	0.000000	0.000000	0.000000	0.270273	0.710453	0.019274	0.000000	0.000000	0.000000
463	0.000000	0.000000	0.000000	0.270430	0.710307	0.019263	0.000000	0.000000	0.000000
464	0.000000	0.000000	0.000000	0.270675	0.709981	0.019344	0.000000	0.000000	0.000000
465	0.000000	0.000000	0.000000	0.270921	0.709660	0.019419	0.000000	0.000000	0.000000
466	0.000000	0.000000	0.000000	0.270995	0.709589	0.019416	0.000000	0.000000	0.000000
467	0.000000	0.000000	0.000000	0.271285	0.709320	0.019395	0.000000	0.000000	0.000000
468	0.000000	0.000000	0.000000	0.271267	0.709358	0.019375	0.000000	0.000000	0.000000
469	0.000000	0.000000	0.000000	0.271856	0.708903	0.019241	0.000000	0.000000	0.000000
470	0.000000	0.000000	0.000000	0.271949	0.708898	0.019153	0.000000	0.000000	0.000000
