0	0.290663	0.057897	0.229473	0.157588	0.029913	0.111872	0.085455	0.012259	0.024880
1	0.236922	0.048950	0.203721	0.136108	0.027885	0.116814	0.116764	0.022801	0.090035
2	0.241066	0.049531	0.206557	0.127209	0.027569	0.110466	0.116029	0.023171	0.098402
3	0.251703	0.050904	0.211047	0.120169	0.026938	0.103346	0.111767	0.022480	0.101646
4	0.262501	0.052030	0.214871	0.114407	0.026552	0.096094	0.107276	0.021384	0.104885
5	0.274812	0.053467	0.218210	0.108306	0.026207	0.088995	0.102517	0.020235	0.107251
6	0.286411	0.054804	0.222066	0.102006	0.025891	0.082146	0.097408	0.019686	0.109582
7	0.297953	0.056066	0.225300	0.096773	0.025569	0.075929	0.092234	0.018453	0.111723
8	0.309766	0.057447	0.227644	0.091541	0.025432	0.070480	0.087429	0.017366	0.112895
9	0.321912	0.058612	0.229190	0.086281	0.025286	0.065093	0.083046	0.016600	0.113980
10	0.332452	0.059535	0.231677	0.081628	0.025140	0.059881	0.078650	0.015607	0.115430
11	0.343520	0.060532	0.232719	0.076794	0.025045	0.055309	0.074666	0.014524	0.116891
12	0.353809	0.061722	0.233923	0.072362	0.025014	0.051028	0.070559	0.013578	0.118005
13	0.364009	0.062582	0.234834	0.068159	0.024901	0.046842	0.066962	0.012612	0.119099
14	0.374320	0.063491	0.234547	0.064104	0.024579	0.043152	0.063307	0.012044	0.120456
15	0.383645	0.064498	0.235158	0.060238	0.024349	0.039394	0.059658	0.011119	0.121941
16	0.393246	0.064806	0.235462	0.056450	0.024066	0.036442	0.056440	0.010421	0.122667
17	0.402513	0.065634	0.235092	0.052938	0.023910	0.033324	0.053362	0.009816	0.123411
18	0.411877	0.066421	0.234403	0.049706	0.023503	0.030658	0.050145	0.009359	0.123928
19	0.420991	0.067427	0.233829	0.046172	0.023290	0.028282	0.046859	0.008736	0.124414
20	0.429212	0.067924	0.232553	0.043108	0.023269	0.026101	0.044450	0.008190	0.125193
21	0.437525	0.068607	0.230924	0.040387	0.023003	0.024198	0.041572	0.007743	0.126041
22	0.446252	0.069510	0.229627	0.037746	0.022702	0.021956	0.039245	0.007105	0.125857
23	0.453715	0.069623	0.228391	0.035341	0.022679	0.020116	0.037211	0.006624	0.126300
24	0.460981	0.070015	0.227451	0.033164	0.022408	0.018452	0.034684	0.006230	0.126615
25	0.468498	0.070659	0.225786	0.030796	0.022238	0.016807	0.032642	0.005797	0.126777
26	0.475927	0.071372	0.223692	0.028587	0.022210	0.015420	0.030612	0.005464	0.126716
27	0.482655	0.071966	0.222067	0.026567	0.021777	0.014217	0.028658	0.005100	0.126993
28	0.488966	0.072431	0.220126	0.024724	0.021825	0.013224	0.026967	0.004866	0.126871
29	0.495623	0.073124	0.217937	0.022938	0.021818	0.012061	0.025363	0.004587	0.126549
30	0.501724	0.073576	0.215756	0.021596	0.021699	0.010951	0.024093	0.004270	0.126335
31	0.508077	0.073650	0.213994	0.019986	0.021542	0.010157	0.022601	0.004017	0.125976
32	0.513760	0.074180	0.211830	0.019030	0.021265	0.009209	0.021255	0.003701	0.125770
33	0.519398	0.074432	0.210040	0.017573	0.021330	0.008454	0.019921	0.003484	0.125368
34	0.524529	0.074666	0.208256	0.016396	0.021268	0.007869	0.018679	0.003255	0.125082
35	0.529466	0.074913	0.206765	0.015270	0.021041	0.007355	0.017563	0.003110	0.124517
36	0.534483	0.075327	0.204591	0.014193	0.020916	0.006728	0.016573	0.002960	0.124229
37	0.539504	0.075315	0.203147	0.013388	0.020854	0.006153	0.015487	0.002747	0.123405
38	0.544476	0.075565	0.200751	0.012596	0.020795	0.005735	0.014715	0.002621	0.122746
39	0.549253	0.076088	0.198360	0.011606	0.020739	0.005307	0.013800	0.002355	0.122492
40	0.553409	0.076119	0.197326	0.010785	0.020566	0.005051	0.012738	0.002237	0.121769
41	0.557053	0.076377	0.195560	0.010158	0.020556	0.004629	0.012313	0.002117	0.121237
42	0.561660	0.076372	0.193235	0.009488	0.020600	0.004402	0.011506	0.001958	0.120779
43	0.565938	0.076420	0.191547	0.009011	0.020397	0.004115	0.010993	0.001866	0.119713
44	0.570207	0.076626	0.189830	0.008256	0.020226	0.003765	0.010242	0.001718	0.119130
45	0.574659	0.076852	0.187674	0.007772	0.020153	0.003511	0.009616	0.001589	0.118174
46	0.578891	0.076810	0.185374	0.007143	0.020024	0.003221	0.009110	0.001490	0.117937
47	0.582469	0.076772	0.183890	0.006830	0.020005	0.003013	0.008534	0.001446	0.117041
48	0.586569	0.076939	0.181925	0.006384	0.019912	0.002842	0.008148	0.001356	0.115925
49	0.590384	0.077541	0.179861	0.005953	0.019648	0.002691	0.007591	0.001258	0.115073
50	0.593883	0.077778	0.178344	0.005593	0.019428	0.002485	0.007168	0.001138	0.114183
51	0.597606	0.077939	0.176541	0.005299	0.019606	0.002318	0.006741	0.001055	0.112895
52	0.601210	0.077916	0.175144	0.004992	0.019619	0.002199	0.006245	0.000985	0.111690
53	0.604064	0.078490	0.173342	0.004719	0.019614	0.002074	0.005894	0.000900	0.110903
54	0.608227	0.078685	0.170996	0.004467	0.019603	0.002000	0.005468	0.000828	0.109726
55	0.611467	0.078891	0.169731	0.004276	0.019649	0.001825	0.005185	0.000785	0.108191
56	0.614988	0.079026	0.167672	0.004051	0.019840	0.001694	0.004853	0.000792	0.107084
57	0.617321	0.079501	0.166357	0.003840	0.019873	0.001564	0.004543	0.000764	0.106237
58	0.620802	0.079440	0.164635	0.003643	0.019895	0.001480	0.004320	0.000716	0.105069
59	0.623981	0.079514	0.163173	0.003492	0.019846	0.001353	0.004094	0.000657	0.103890
60	0.627388	0.079591	0.160965	0.003379	0.019737	0.001230	0.003800	0.000641	0.103269
61	0.630739	0.079344	0.160002	0.003117	0.019592	0.001237	0.003605	0.000607	0.101757
62	0.633949	0.079371	0.158520	0.002899	0.019406	0.001154	0.003378	0.000586	0.100737
63	0.637358	0.079875	0.156459	0.002825	0.019514	0.001060	0.003105	0.000572	0.099232
64	0.639918	0.079956	0.155919	0.002565	0.019472	0.000976	0.002937	0.000538	0.097719
65	0.643041	0.080206	0.154476	0.002403	0.019521	0.000938	0.002771	0.000492	0.096152
66	0.646036	0.080181	0.153126	0.002256	0.019404	0.000882	0.002606	0.000445	0.095064
67	0.648466	0.080053	0.152354	0.002166	0.019513	0.000833	0.002407	0.000406	0.093802
68	0.651270	0.080359	0.150729	0.002098	0.019572	0.000808	0.002338	0.000394	0.092432
69	0.653502	0.080531	0.149788	0.001976	0.019624	0.000819	0.002127	0.000348	0.091285
70	0.656422	0.080668	0.148468	0.001842	0.019707	0.000789	0.002059	0.000318	0.089727
71	0.659142	0.080389	0.147737	0.001779	0.019769	0.000764	0.001984	0.000295	0.088141
72	0.661193	0.080510	0.146975	0.001698	0.019794	0.000703	0.001956	0.000248	0.086923
73	0.664095	0.080458	0.145837	0.001606	0.019710	0.000654	0.001772	0.000240	0.085628
74	0.666117	0.080468	0.145234	0.001608	0.019787	0.000610	0.001661	0.000233	0.084282
75	0.668285	0.080590	0.144547	0.001575	0.019757	0.000561	0.001584	0.000220	0.082881
76	0.671197	0.080852	0.142782	0.001486	0.019706	0.000527	0.001536	0.000196	0.081718
77	0.673497	0.080861	0.142072	0.001443	0.019547	0.000505	0.001438	0.000177	0.080460
78	0.676283	0.080479	0.141057	0.001380	0.019543	0.000492	0.001337	0.000165	0.079264
79	0.678841	0.080394	0.140289	0.001267	0.019700	0.000451	0.001263	0.000169	0.077626
80	0.681823	0.080026	0.138976	0.001214	0.019847	0.000423	0.001175	0.000146	0.076370
81	0.684363	0.079855	0.137984	0.001222	0.019751	0.000378	0.001124	0.000123	0.075200
82	0.686415	0.079575	0.137552	0.001168	0.019693	0.000354	0.001015	0.000120	0.074108
83	0.689033	0.079669	0.136326	0.001084	0.019907	0.000330	0.000973	0.000106	0.072572
84	0.691665	0.079364	0.135361	0.001043	0.020090	0.000331	0.000902	0.000104	0.071140
85	0.694076	0.079143	0.134045	0.000996	0.020223	0.000278	0.000847	0.000090	0.070302
86	0.696460	0.079501	0.132997	0.000926	0.020186	0.000269	0.000825	0.000091	0.068745
87	0.698321	0.079475	0.132349	0.000915	0.020154	0.000271	0.000770	0.000078	0.067667
88	0.701223	0.079425	0.131199	0.000901	0.020103	0.000274	0.000723	0.000072	0.066080
89	0.703089	0.079385	0.130834	0.000871	0.020050	0.000232	0.000670	0.000065	0.064804
90	0.705191	0.079512	0.129624	0.000831	0.020174	0.000237	0.000654	0.000057	0.063720
91	0.707462	0.079722	0.128695	0.000842	0.020064	0.000238	0.000621	0.000053	0.062303
92	0.709568	0.079826	0.127813	0.000804	0.020259	0.000228	0.000575	0.000036	0.060891
93	0.711826	0.079743	0.127000	0.000766	0.020274	0.000231	0.000548	0.000025	0.059587
94	0.714133	0.079379	0.126191	0.000717	0.020485	0.000229	0.000496	0.000025	0.058345
95	0.715822	0.079505	0.125735	0.000714	0.020316	0.000238	0.000432	0.000029	0.057209
96	0.717446	0.079575	0.125042	0.000689	0.020534	0.000222	0.000404	0.000027	0.056061
97	0.718726	0.079641	0.124648	0.000642	0.020491	0.000241	0.000379	0.000018	0.055214
98	0.720932	0.079458	0.123537	0.000634	0.020637	0.000215	0.000324	0.000025	0.054238
99	0.722256	0.079595	0.123118	0.000627	0.020688	0.000216	0.000312	0.000020	0.053168
100	0.724683	0.079655	0.122257	0.000616	0.020621	0.000204	0.000301	0.000024	0.051639
101	0.726323	0.079565	0.121689	0.000602	0.020405	0.000203	0.000297	0.000030	0.050886
102	0.728251	0.079518	0.120925	0.000589	0.020573	0.000200	0.000273	0.000036	0.049635
103	0.730115	0.079279	0.120333	0.000573	0.020689	0.000201	0.000243	0.000029	0.048538
104	0.732227	0.078876	0.119716	0.000595	0.020687	0.000181	0.000225	0.000026	0.047467
105	0.734186	0.078953	0.118663	0.000576	0.020755	0.000176	0.000227	0.000022	0.046442
106	0.736192	0.079050	0.117686	0.000542	0.020606	0.000155	0.000220	0.000022	0.045527
107	0.737302	0.079268	0.117243	0.000537	0.020699	0.000157	0.000202	0.000019	0.044573
108	0.738459	0.079641	0.116880	0.000531	0.020832	0.000153	0.000204	0.000022	0.043278
109	0.740208	0.079536	0.116134	0.000530	0.020909	0.000144	0.000195	0.000016	0.042328
110	0.741839	0.079540	0.115254	0.000466	0.020923	0.000144	0.000179	0.000012	0.041643
111	0.742998	0.079456	0.115306	0.000427	0.021042	0.000120	0.000157	0.000013	0.040481
112	0.744183	0.079517	0.114937	0.000440	0.021238	0.000134	0.000156	0.000011	0.039384
113	0.746159	0.079464	0.113902	0.000459	0.021205	0.000136	0.000147	0.000015	0.038513
114	0.747199	0.079166	0.114136	0.000412	0.021291	0.000124	0.000149	0.000013	0.037510
115	0.748344	0.079068	0.113983	0.000394	0.021170	0.000120	0.000140	0.000010	0.036771
116	0.749252	0.078922	0.113873	0.000388	0.021251	0.000122	0.000117	0.000011	0.036064
117	0.750560	0.079098	0.113452	0.000359	0.021211	0.000102	0.000100	0.000012	0.035106
118	0.751731	0.079073	0.113337	0.000363	0.021291	0.000104	0.000085	0.000012	0.034004
119	0.752853	0.078838	0.113015	0.000372	0.021507	0.000104	0.000081	0.000015	0.033215
120	0.754171	0.078856	0.112793	0.000345	0.021351	0.000089	0.000081	0.000019	0.032295
121	0.755256	0.078963	0.112278	0.000331	0.021344	0.000080	0.000065	0.000016	0.031667
122	0.756162	0.078984	0.112212	0.000323	0.021314	0.000080	0.000061	0.000019	0.030845
123	0.757468	0.078738	0.112111	0.000315	0.021061	0.000079	0.000053	0.000015	0.030160
124	0.758739	0.078713	0.111467	0.000305	0.021099	0.000074	0.000048	0.000011	0.029544
125	0.759700	0.078744	0.111301	0.000300	0.021128	0.000064	0.000046	0.000013	0.028704
126	0.761117	0.078544	0.111082	0.000244	0.021046	0.000070	0.000051	0.000012	0.027834
127	0.762784	0.078338	0.110282	0.000259	0.020932	0.000072	0.000047	0.000013	0.027273
128	0.763389	0.078408	0.109935	0.000271	0.021084	0.000068	0.000044	0.000012	0.026789
129	0.765032	0.078178	0.108829	0.000241	0.021158	0.000067	0.000048	0.000007	0.026440
130	0.766015	0.078408	0.108442	0.000208	0.021030	0.000073	0.000036	0.000006	0.025782
131	0.767229	0.078287	0.108037	0.000211	0.021069	0.000075	0.000029	0.000005	0.025058
132	0.767679	0.078420	0.108025	0.000204	0.021061	0.000070	0.000028	0.000011	0.024502
133	0.768874	0.078285	0.107631	0.000210	0.021108	0.000070	0.000018	0.000010	0.023794
134	0.769942	0.078141	0.106965	0.000204	0.021149	0.000063	0.000021	0.000004	0.023511
135	0.770665	0.078132	0.107029	0.000186	0.020932	0.000060	0.000017	0.000008	0.022971
136	0.771881	0.078124	0.106440	0.000173	0.020833	0.000064	0.000017	0.000006	0.022462
137	0.772809	0.077911	0.106263	0.000152	0.020943	0.000063	0.000015	0.000002	0.021842
138	0.773571	0.077766	0.106173	0.000148	0.021184	0.000056	0.000017	0.000002	0.021083
139	0.774574	0.077654	0.105715	0.000151	0.021153	0.000055	0.000015	0.000002	0.020681
140	0.775056	0.077539	0.105906	0.000142	0.021027	0.000054	0.000019	0.000001	0.020256
141	0.776163	0.077350	0.105822	0.000138	0.021008	0.000045	0.000014	0.000000	0.019460
142	0.777205	0.077165	0.105345	0.000135	0.020965	0.000040	0.000013	0.000000	0.019132
143	0.778689	0.076533	0.104974	0.000126	0.021092	0.000041	0.000016	0.000001	0.018528
144	0.778858	0.076821	0.104810	0.000126	0.021186	0.000047	0.000011	0.000000	0.018141
145	0.778933	0.076853	0.104798	0.000124	0.021302	0.000039	0.000014	0.000000	0.017937
146	0.779968	0.076713	0.104440	0.000125	0.021337	0.000037	0.000015	0.000000	0.017365
147	0.780993	0.076523	0.104251	0.000126	0.021100	0.000033	0.000006	0.000001	0.016967
148	0.781667	0.076360	0.104138	0.000115	0.021204	0.000028	0.000006	0.000000	0.016482
149	0.782456	0.076235	0.103919	0.000127	0.020979	0.000040	0.000006	0.000000	0.016238
150	0.783177	0.076298	0.103585	0.000119	0.020945	0.000032	0.000006	0.000000	0.015838
151	0.783845	0.076296	0.103183	0.000127	0.021110	0.000029	0.000005	0.000000	0.015405
152	0.784257	0.076175	0.103290	0.000116	0.021068	0.000036	0.000007	0.000000	0.015051
153	0.785138	0.075573	0.103108	0.000122	0.021100	0.000026	0.000004	0.000000	0.014929
154	0.785808	0.075390	0.103143	0.000110	0.021043	0.000025	0.000002	0.000000	0.014479
155	0.786048	0.075657	0.102941	0.000119	0.020951	0.000026	0.000002	0.000000	0.014256
156	0.786243	0.075555	0.103074	0.000121	0.020921	0.000023	0.000002	0.000000	0.014061
157	0.787284	0.075246	0.102781	0.000129	0.020773	0.000031	0.000002	0.000000	0.013754
158	0.787126	0.075357	0.103215	0.000131	0.020710	0.000027	0.000003	0.000000	0.013431
159	0.787668	0.075456	0.102911	0.000120	0.020751	0.000019	0.000001	0.000000	0.013074
160	0.787996	0.075474	0.102859	0.000118	0.020847	0.000019	0.000002	0.000000	0.012685
161	0.788995	0.075166	0.102486	0.000124	0.020813	0.000019	0.000004	0.000000	0.012393
162	0.789533	0.074957	0.102266	0.000131	0.020952	0.000021	0.000003	0.000000	0.012137
163	0.789055	0.074973	0.102952	0.000124	0.020978	0.000019	0.000001	0.000000	0.011898
164	0.789682	0.074909	0.102775	0.000115	0.020890	0.000019	0.000001	0.000000	0.011609
165	0.790312	0.074903	0.102415	0.000116	0.020932	0.000018	0.000001	0.000000	0.011303
166	0.790523	0.074771	0.102372	0.000121	0.021123	0.000017	0.000000	0.000000	0.011073
167	0.790898	0.074392	0.102473	0.000118	0.021229	0.000019	0.000000	0.000000	0.010871
168	0.791909	0.073909	0.102209	0.000103	0.021080	0.000011	0.000000	0.000000	0.010779
169	0.792327	0.074200	0.101666	0.000121	0.021078	0.000016	0.000000	0.000000	0.010592
170	0.793003	0.074001	0.101520	0.000118	0.021026	0.000014	0.000000	0.000000	0.010318
171	0.794393	0.073207	0.100962	0.000101	0.021162	0.000015	0.000000	0.000000	0.010160
172	0.794418	0.073333	0.101090	0.000119	0.021107	0.000012	0.000000	0.000000	0.009921
173	0.794801	0.073110	0.100986	0.000118	0.021244	0.000011	0.000000	0.000000	0.009730
174	0.794694	0.073106	0.101126	0.000097	0.021348	0.000011	0.000000	0.000000	0.009618
175	0.795592	0.072741	0.100896	0.000109	0.021270	0.000011	0.000000	0.000000	0.009381
176	0.796034	0.072723	0.100548	0.000121	0.021281	0.000010	0.000000	0.000000	0.009283
177	0.796514	0.072636	0.100297	0.000108	0.021323	0.000012	0.000000	0.000000	0.009110
178	0.797087	0.072508	0.100166	0.000113	0.021262	0.000013	0.000000	0.000000	0.008851
179	0.797775	0.072581	0.099604	0.000103	0.021286	0.000012	0.000000	0.000000	0.008639
180	0.798489	0.072558	0.099102	0.000100	0.021357	0.000015	0.000000	0.000000	0.008379
181	0.798923	0.072291	0.099067	0.000098	0.021386	0.000009	0.000000	0.000000	0.008226
182	0.799503	0.072284	0.098688	0.000100	0.021308	0.000011	0.000000	0.000000	0.008106
183	0.799941	0.072072	0.098538	0.000097	0.021348	0.000008	0.000000	0.000000	0.007996
184	0.800368	0.072124	0.098236	0.000090	0.021353	0.000008	0.000000	0.000000	0.007821
185	0.800255	0.072172	0.098441	0.000109	0.021436	0.000003	0.000000	0.000000	0.007584
186	0.800762	0.071890	0.098461	0.000108	0.021449	0.000005	0.000000	0.000000	0.007325
187	0.801540	0.071695	0.098190	0.000100	0.021355	0.000001	0.000000	0.000000	0.007119
188	0.801981	0.071573	0.097969	0.000099	0.021373	0.000001	0.000000	0.000000	0.007004
189	0.801981	0.071586	0.098146	0.000096	0.021400	0.000002	0.000000	0.000000	0.006789
190	0.802348	0.071309	0.098214	0.000098	0.021427	0.000002	0.000000	0.000000	0.006602
191	0.802461	0.071452	0.098203	0.000077	0.021362	0.000002	0.000000	0.000000	0.006443
192	0.802165	0.071402	0.098587	0.000063	0.021488	0.000002	0.000000	0.000000	0.006293
193	0.802762	0.071373	0.098256	0.000053	0.021368	0.000003	0.000000	0.000000	0.006185
194	0.802820	0.071403	0.098328	0.000059	0.021405	0.000003	0.000000	0.000000	0.005982
195	0.802682	0.071367	0.098524	0.000044	0.021510	0.000002	0.000000	0.000000	0.005871
196	0.803108	0.071077	0.098382	0.000043	0.021627	0.000004	0.000000	0.000000	0.005759
197	0.803488	0.070923	0.098348	0.000037	0.021541	0.000003	0.000000	0.000000	0.005660
198	0.803344	0.070853	0.098669	0.000031	0.021504	0.000002	0.000000	0.000000	0.005597
199	0.803158	0.070785	0.098951	0.000029	0.021600	0.000001	0.000000	0.000000	0.005476
200	0.803496	0.070669	0.098659	0.000038	0.021757	0.000001	0.000000	0.000000	0.005380
201	0.803858	0.070607	0.098486	0.000026	0.021784	0.000004	0.000000	0.000000	0.005235
202	0.803888	0.070659	0.098698	0.000016	0.021602	0.000004	0.000000	0.000000	0.005133
203	0.804834	0.070061	0.098525	0.000017	0.021569	0.000004	0.000000	0.000000	0.004990
204	0.804472	0.070100	0.098861	0.000022	0.021648	0.000005	0.000000	0.000000	0.004892
205	0.804973	0.069769	0.098572	0.000020	0.021746	0.000005	0.000000	0.000000	0.004915
206	0.805002	0.070013	0.098213	0.000018	0.021888	0.000003	0.000000	0.000000	0.004863
207	0.805015	0.069918	0.098365	0.000020	0.021835	0.000004	0.000000	0.000000	0.004843
208	0.805109	0.069927	0.098480	0.000020	0.021659	0.000003	0.000000	0.000000	0.004802
209	0.804935	0.069780	0.098736	0.000023	0.021837	0.000002	0.000000	0.000000	0.004687
210	0.805143	0.069721	0.098806	0.000022	0.021585	0.000003	0.000000	0.000000	0.004720
211	0.805322	0.069497	0.099011	0.000023	0.021509	0.000004	0.000000	0.000000	0.004634
212	0.805351	0.069271	0.099343	0.000018	0.021452	0.000005	0.000000	0.000000	0.004560
213	0.806121	0.068936	0.099086	0.000021	0.021297	0.000006	0.000000	0.000000	0.004533
214	0.806551	0.069043	0.098626	0.000021	0.021271	0.000003	0.000000	0.000000	0.004485
215	0.807055	0.068861	0.098374	0.000023	0.021311	0.000003	0.000000	0.000000	0.004373
216	0.807722	0.068438	0.098192	0.000030	0.021322	0.000003	0.000000	0.000000	0.004293
217	0.807785	0.068566	0.098048	0.000027	0.021313	0.000003	0.000000	0.000000	0.004258
218	0.808447	0.068379	0.097677	0.000024	0.021275	0.000001	0.000000	0.000000	0.004197
219	0.808742	0.067997	0.097915	0.000024	0.021192	0.000002	0.000000	0.000000	0.004128
220	0.808653	0.067920	0.098062	0.000019	0.021269	0.000002	0.000000	0.000000	0.004075
221	0.809050	0.067620	0.098142	0.000016	0.021150	0.000000	0.000000	0.000000	0.004022
222	0.809402	0.067722	0.097840	0.000020	0.021105	0.000000	0.000000	0.000000	0.003911
223	0.809921	0.067448	0.097677	0.000023	0.021102	0.000001	0.000000	0.000000	0.003828
224	0.809964	0.067398	0.097789	0.000017	0.021029	0.000002	0.000000	0.000000	0.003801
225	0.809911	0.067255	0.097948	0.000017	0.021065	0.000002	0.000000	0.000000	0.003802
226	0.810589	0.067229	0.097458	0.000015	0.021057	0.000001	0.000000	0.000000	0.003651
227	0.810595	0.067166	0.097617	0.000009	0.021129	0.000000	0.000000	0.000000	0.003484
228	0.810764	0.067078	0.097709	0.000010	0.021034	0.000000	0.000000	0.000000	0.003405
229	0.811012	0.066827	0.097718	0.000008	0.021068	0.000000	0.000000	0.000000	0.003367
230	0.811800	0.066624	0.097303	0.000009	0.021039	0.000000	0.000000	0.000000	0.003225
231	0.811607	0.066625	0.097619	0.000013	0.020980	0.000000	0.000000	0.000000	0.003156
232	0.811829	0.066569	0.097455	0.000011	0.021001	0.000000	0.000000	0.000000	0.003135
233	0.812396	0.066098	0.097478	0.000015	0.020928	0.000000	0.000000	0.000000	0.003085
234	0.812729	0.065853	0.097407	0.000010	0.020972	0.000000	0.000000	0.000000	0.003029
235	0.812972	0.065892	0.097163	0.000012	0.021007	0.000000	0.000000	0.000000	0.002954
236	0.813454	0.065600	0.097165	0.000010	0.020887	0.000000	0.000000	0.000000	0.002884
237	0.813477	0.065353	0.097455	0.000012	0.020880	0.000000	0.000000	0.000000	0.002823
238	0.813719	0.065263	0.097191	0.000009	0.021023	0.000000	0.000000	0.000000	0.002795
239	0.813719	0.065255	0.097323	0.000006	0.020982	0.000000	0.000000	0.000000	0.002715
240	0.814074	0.064984	0.097234	0.000008	0.021039	0.000000	0.000000	0.000000	0.002661
241	0.814643	0.064636	0.097166	0.000006	0.020986	0.000000	0.000000	0.000000	0.002563
242	0.814299	0.064432	0.097460	0.000007	0.021290	0.000000	0.000000	0.000000	0.002512
243	0.814409	0.064595	0.097119	0.000002	0.021368	0.000000	0.000000	0.000000	0.002507
244	0.814762	0.064540	0.096998	0.000004	0.021251	0.000000	0.000000	0.000000	0.002445
245	0.814403	0.064674	0.097284	0.000008	0.021211	0.000000	0.000000	0.000000	0.002420
246	0.814591	0.064676	0.097081	0.000005	0.021284	0.000000	0.000000	0.000000	0.002363
247	0.814935	0.064548	0.096916	0.000005	0.021251	0.000000	0.000000	0.000000	0.002345
248	0.815311	0.064293	0.096785	0.000003	0.021220	0.000000	0.000000	0.000000	0.002388
249	0.815692	0.064263	0.096520	0.000002	0.021210	0.000000	0.000000	0.000000	0.002313
250	0.815910	0.063899	0.096869	0.000000	0.021026	0.000000	0.000000	0.000000	0.002296
251	0.816550	0.063393	0.096707	0.000000	0.021170	0.000000	0.000000	0.000000	0.002180
252	0.816001	0.063681	0.097148	0.000000	0.021001	0.000000	0.000000	0.000000	0.002169
253	0.816662	0.063566	0.096882	0.000000	0.020806	0.000000	0.000000	0.000000	0.002084
254	0.817061	0.063305	0.096842	0.000000	0.020755	0.000000	0.000000	0.000000	0.002037
255	0.816902	0.063115	0.097349	0.000000	0.020627	0.000000	0.000000	0.000000	0.002007
256	0.817392	0.062736	0.097196	0.000000	0.020761	0.000000	0.000000	0.000000	0.001915
257	0.817113	0.062696	0.097465	0.000000	0.020795	0.000000	0.000000	0.000000	0.001931
258	0.816968	0.062761	0.097563	0.000000	0.020842	0.000000	0.000000	0.000000	0.001866
259	0.816807	0.062892	0.097530	0.000000	0.020904	0.000000	0.000000	0.000000	0.001867
260	0.817450	0.062669	0.097160	0.000000	0.020922	0.000000	0.000000	0.000000	0.001799
261	0.817220	0.062851	0.097542	0.000000	0.020634	0.000000	0.000000	0.000000	0.001753
262	0.817375	0.062907	0.097327	0.000000	0.020683	0.000000	0.000000	0.000000	0.001708
263	0.817354	0.063116	0.097303	0.000000	0.020556	0.000000	0.000000	0.000000	0.001671
264	0.817637	0.063114	0.097279	0.000000	0.020342	0.000000	0.000000	0.000000	0.001628
265	0.817879	0.063113	0.097096	0.000000	0.020281	0.000000	0.000000	0.000000	0.001631
266	0.818174	0.062868	0.096937	0.000000	0.020434	0.000000	0.000000	0.000000	0.001587
267	0.818718	0.062476	0.097017	0.000000	0.020189	0.000000	0.000000	0.000000	0.001600
268	0.818398	0.062852	0.096966	0.000000	0.020186	0.000000	0.000000	0.000000	0.001598
269	0.818589	0.062896	0.096791	0.000000	0.020104	0.000000	0.000000	0.000000	0.001620
270	0.819047	0.062851	0.096439	0.000000	0.020113	0.000000	0.000000	0.000000	0.001550
271	0.819245	0.062910	0.096331	0.000000	0.020013	0.000000	0.000000	0.000000	0.001501
272	0.819494	0.062948	0.096191	0.000000	0.019883	0.000000	0.000000	0.000000	0.001484
273	0.819311	0.062885	0.096463	0.000000	0.019894	0.000000	0.000000	0.000000	0.001447
274	0.820204	0.062484	0.095988	0.000000	0.019881	0.000000	0.000000	0.000000	0.001443
275	0.820292	0.062698	0.095648	0.000000	0.019956	0.000000	0.000000	0.000000	0.001406
276	0.820872	0.062353	0.095575	0.000000	0.019837	0.000000	0.000000	0.000000	0.001363
277	0.821016	0.062009	0.095697	0.000000	0.019923	0.000000	0.000000	0.000000	0.001355
278	0.821185	0.061866	0.095768	0.000000	0.019778	0.000000	0.000000	0.000000	0.001403
279	0.821058	0.061886	0.096011	0.000000	0.019635	0.000000	0.000000	0.000000	0.001410
280	0.820987	0.061544	0.096400	0.000000	0.019679	0.000000	0.000000	0.000000	0.001390
281	0.821115	0.061576	0.096423	0.000000	0.019525	0.000000	0.000000	0.000000	0.001361
282	0.821558	0.061398	0.096235	0.000000	0.019496	0.000000	0.000000	0.000000	0.001313
283	0.821290	0.061426	0.096637	0.000000	0.019340	0.000000	0.000000	0.000000	0.001307
284	0.821202	0.061249	0.096943	0.000000	0.019287	0.000000	0.000000	0.000000	0.001319
285	0.821888	0.060985	0.096759	0.000000	0.019104	0.000000	0.000000	0.000000	0.001264
286	0.821936	0.061237	0.096539	0.000000	0.019034	0.000000	0.000000	0.000000	0.001254
287	0.822227	0.061391	0.096225	0.000000	0.018890	0.000000	0.000000	0.000000	0.001267
288	0.822561	0.060870	0.096448	0.000000	0.018918	0.000000	0.000000	0.000000	0.001203
289	0.822709	0.060977	0.096209	0.000000	0.018897	0.000000	0.000000	0.000000	0.001208
290	0.822513	0.060837	0.096333	0.000000	0.019122	0.000000	0.000000	0.000000	0.001195
291	0.822615	0.060838	0.096359	0.000000	0.019007	0.000000	0.000000	0.000000	0.001181
292	0.822593	0.060679	0.096582	0.000000	0.018975	0.000000	0.000000	0.000000	0.001171
293	0.822960	0.060826	0.096202	0.000000	0.018881	0.000000	0.000000	0.000000	0.001131
294	0.822714	0.060986	0.096370	0.000000	0.018835	0.000000	0.000000	0.000000	0.001095
295	0.822819	0.061039	0.096274	0.000000	0.018802	0.000000	0.000000	0.000000	0.001066
296	0.822594	0.061250	0.096386	0.000000	0.018715	0.000000	0.000000	0.000000	0.001055
297	0.822679	0.061067	0.096512	0.000000	0.018718	0.000000	0.000000	0.000000	0.001024
298	0.822760	0.061052	0.096426	0.000000	0.018755	0.000000	0.000000	0.000000	0.001007
299	0.822529	0.061148	0.096551	0.000000	0.018745	0.000000	0.000000	0.000000	0.001027
300	0.823302	0.060973	0.096045	0.000000	0.018699	0.000000	0.000000	0.000000	0.000981
301	0.823458	0.060751	0.096226	0.000000	0.018583	0.000000	0.000000	0.000000	0.000982
302	0.823559	0.060381	0.096478	0.000000	0.018602	0.000000	0.000000	0.000000	0.000980
303	0.823362	0.060463	0.096667	0.000000	0.018564	0.000000	0.000000	0.000000	0.000944
304	0.823497	0.060671	0.096462	0.000000	0.018443	0.000000	0.000000	0.000000	0.000927
305	0.822855	0.060953	0.096753	0.000000	0.018513	0.000000	0.000000	0.000000	0.000926
306	0.823444	0.060857	0.096398	0.000000	0.018371	0.000000	0.000000	0.000000	0.000930
307	0.823419	0.060533	0.096798	0.000000	0.018315	0.000000	0.000000	0.000000	0.000935
308	0.823837	0.060543	0.096435	0.000000	0.018250	0.000000	0.000000	0.000000	0.000935
309	0.823883	0.060434	0.096529	0.000000	0.018230	0.000000	0.000000	0.000000	0.000924
310	0.824044	0.060254	0.096708	0.000000	0.018104	0.000000	0.000000	0.000000	0.000890
311	0.824401	0.060153	0.096517	0.000000	0.018002	0.000000	0.000000	0.000000	0.000927
312	0.823683	0.060268	0.097109	0.000000	0.018011	0.000000	0.000000	0.000000	0.000929
313	0.823348	0.060606	0.097139	0.000000	0.017969	0.000000	0.000000	0.000000	0.000938
314	0.823732	0.060357	0.096945	0.000000	0.018044	0.000000	0.000000	0.000000	0.000922
315	0.823784	0.060523	0.096723	0.000000	0.018005	0.000000	0.000000	0.000000	0.000965
316	0.823425	0.060320	0.097234	0.000000	0.018098	0.000000	0.000000	0.000000	0.000923
317	0.824035	0.060214	0.096732	0.000000	0.018115	0.000000	0.000000	0.000000	0.000904
318	0.823771	0.060333	0.096813	0.000000	0.018164	0.000000	0.000000	0.000000	0.000919
319	0.823858	0.060203	0.096970	0.000000	0.018062	0.000000	0.000000	0.000000	0.000907
320	0.824438	0.060143	0.096511	0.000000	0.018034	0.000000	0.000000	0.000000	0.000874
321	0.824129	0.060128	0.096844	0.000000	0.018027	0.000000	0.000000	0.000000	0.000872
322	0.824212	0.060363	0.096566	0.000000	0.018006	0.000000	0.000000	0.000000	0.000853
323	0.824509	0.060013	0.096633	0.000000	0.018013	0.000000	0.000000	0.000000	0.000832
324	0.825148	0.059801	0.096287	0.000000	0.017895	0.000000	0.000000	0.000000	0.000869
325	0.825085	0.059660	0.096600	0.000000	0.017840	0.000000	0.000000	0.000000	0.000815
326	0.824995	0.059685	0.096654	0.000000	0.017831	0.000000	0.000000	0.000000	0.000835
327	0.825194	0.059461	0.096721	0.000000	0.017818	0.000000	0.000000	0.000000	0.000806
328	0.824967	0.059390	0.096907	0.000000	0.017936	0.000000	0.000000	0.000000	0.000800
329	0.825483	0.058969	0.096840	0.000000	0.017919	0.000000	0.000000	0.000000	0.000789
330	0.825493	0.058915	0.096853	0.000000	0.018016	0.000000	0.000000	0.000000	0.000723
331	0.825714	0.058650	0.096931	0.000000	0.017972	0.000000	0.000000	0.000000	0.000733
332	0.825599	0.059013	0.096793	0.000000	0.017875	0.000000	0.000000	0.000000	0.000720
333	0.826072	0.058624	0.096715	0.000000	0.017846	0.000000	0.000000	0.000000	0.000743
334	0.826346	0.058673	0.096410	0.000000	0.017846	0.000000	0.000000	0.000000	0.000725
335	0.825932	0.059031	0.096494	0.000000	0.017848	0.000000	0.000000	0.000000	0.000695
336	0.826175	0.058746	0.096694	0.000000	0.017710	0.000000	0.000000	0.000000	0.000675
337	0.826234	0.058718	0.096907	0.000000	0.017499	0.000000	0.000000	0.000000	0.000642
338	0.825950	0.058604	0.097387	0.000000	0.017403	0.000000	0.000000	0.000000	0.000656
339	0.825903	0.058454	0.097374	0.000000	0.017633	0.000000	0.000000	0.000000	0.000636
340	0.825776	0.058412	0.097706	0.000000	0.017486	0.000000	0.000000	0.000000	0.000620
341	0.826042	0.058698	0.097244	0.000000	0.017407	0.000000	0.000000	0.000000	0.000609
342	0.825969	0.058686	0.097330	0.000000	0.017415	0.000000	0.000000	0.000000	0.000600
343	0.826145	0.058620	0.097267	0.000000	0.017364	0.000000	0.000000	0.000000	0.000604
344	0.826006	0.058995	0.097071	0.000000	0.017342	0.000000	0.000000	0.000000	0.000586
345	0.826054	0.058994	0.097150	0.000000	0.017227	0.000000	0.000000	0.000000	0.000575
346	0.825726	0.059162	0.097331	0.000000	0.017210	0.000000	0.000000	0.000000	0.000571
347	0.825666	0.059144	0.097582	0.000000	0.017068	0.000000	0.000000	0.000000	0.000540
348	0.825727	0.059466	0.097185	0.000000	0.017072	0.000000	0.000000	0.000000	0.000550
349	0.825750	0.059225	0.097584	0.000000	0.016925	0.000000	0.000000	0.000000	0.000516
350	0.825580	0.059144	0.097870	0.000000	0.016890	0.000000	0.000000	0.000000	0.000516
351	0.825776	0.058952	0.097748	0.000000	0.017040	0.000000	0.000000	0.000000	0.000484
352	0.825830	0.058883	0.097700	0.000000	0.017104	0.000000	0.000000	0.000000	0.000483
353	0.826261	0.058737	0.097534	0.000000	0.017012	0.000000	0.000000	0.000000	0.000456
354	0.826374	0.058770	0.097343	0.000000	0.017060	0.000000	0.000000	0.000000	0.000453
355	0.826759	0.058187	0.097662	0.000000	0.016958	0.000000	0.000000	0.000000	0.000434
356	0.826262	0.058444	0.097947	0.000000	0.016904	0.000000	0.000000	0.000000	0.000443
357	0.825847	0.058683	0.098094	0.000000	0.016926	0.000000	0.000000	0.000000	0.000450
358	0.825817	0.058624	0.098207	0.000000	0.016920	0.000000	0.000000	0.000000	0.000432
359	0.826228	0.058416	0.098158	0.000000	0.016799	0.000000	0.000000	0.000000	0.000399
360	0.825955	0.058561	0.098408	0.000000	0.016674	0.000000	0.000000	0.000000	0.000402
361	0.825875	0.058548	0.098385	0.000000	0.016766	0.000000	0.000000	0.000000	0.000426
362	0.826205	0.058504	0.098151	0.000000	0.016726	0.000000	0.000000	0.000000	0.000414
363	0.826069	0.058458	0.098419	0.000000	0.016644	0.000000	0.000000	0.000000	0.000410
364	0.826076	0.058393	0.098481	0.000000	0.016656	0.000000	0.000000	0.000000	0.000394
365	0.826135	0.058405	0.098472	0.000000	0.016583	0.000000	0.000000	0.000000	0.000405
366	0.826128	0.058705	0.098169	0.000000	0.016615	0.000000	0.000000	0.000000	0.000383
367	0.826421	0.058888	0.097902	0.000000	0.016440	0.000000	0.000000	0.000000	0.000349
368	0.826524	0.058751	0.097812	0.000000	0.016560	0.000000	0.000000	0.000000	0.000353
369	0.826392	0.058645	0.098021	0.000000	0.016618	0.000000	0.000000	0.000000	0.000324
370	0.825925	0.058867	0.098416	0.000000	0.016465	0.000000	0.000000	0.000000	0.000327
371	0.826264	0.058432	0.098573	0.000000	0.016394	0.000000	0.000000	0.000000	0.000337
372	0.826709	0.058254	0.098319	0.000000	0.016402	0.000000	0.000000	0.000000	0.000316
373	0.826224	0.058670	0.098528	0.000000	0.016267	0.000000	0.000000	0.000000	0.000311
374	0.826137	0.058799	0.098562	0.000000	0.016195	0.000000	0.000000	0.000000	0.000307
375	0.826505	0.058653	0.098477	0.000000	0.016086	0.000000	0.000000	0.000000	0.000279
376	0.826913	0.058165	0.098663	0.000000	0.015976	0.000000	0.000000	0.000000	0.000283
377	0.826865	0.058313	0.098530	0.000000	0.016003	0.000000	0.000000	0.000000	0.000289
378	0.826788	0.058196	0.098833	0.000000	0.015909	0.000000	0.000000	0.000000	0.000274
379	0.826671	0.058271	0.098811	0.000000	0.015985	0.000000	0.000000	0.000000	0.000262
380	0.826419	0.058241	0.099185	0.000000	0.015885	0.000000	0.000000	0.000000	0.000270
381	0.826757	0.057966	0.099129	0.000000	0.015895	0.000000	0.000000	0.000000	0.000253
382	0.826618	0.057789	0.099391	0.000000	0.015942	0.000000	0.000000	0.000000	0.000260
383	0.826658	0.057995	0.099237	0.000000	0.015825	0.000000	0.000000	0.000000	0.000285
384	0.827290	0.057915	0.098693	0.000000	0.015833	0.000000	0.000000	0.000000	0.000269
385	0.827606	0.057536	0.098753	0.000000	0.015849	0.000000	0.000000	0.000000	0.000256
386	0.827109	0.057833	0.098954	0.000000	0.015820	0.000000	0.000000	0.000000	0.000284
387	0.827310	0.057587	0.099015	0.000000	0.015813	0.000000	0.000000	0.000000	0.000275
388	0.827629	0.057612	0.098848	0.000000	0.015662	0.000000	0.000000	0.000000	0.000249
389	0.827851	0.057461	0.098934	0.000000	0.015518	0.000000	0.000000	0.000000	0.000236
390	0.827678	0.057259	0.099136	0.000000	0.015700	0.000000	0.000000	0.000000	0.000227
391	0.827492	0.057101	0.099556	0.000000	0.015621	0.000000	0.000000	0.000000	0.000230
392	0.827958	0.057131	0.099088	0.000000	0.015583	0.000000	0.000000	0.000000	0.000240
393	0.828041	0.056692	0.099613	0.000000	0.015431	0.000000	0.000000	0.000000	0.000223
394	0.827950	0.056714	0.099640	0.000000	0.015462	0.000000	0.000000	0.000000	0.000234
395	0.828473	0.056592	0.099331	0.000000	0.015393	0.000000	0.000000	0.000000	0.000211
396	0.828709	0.056537	0.099081	0.000000	0.015473	0.000000	0.000000	0.000000	0.000200
397	0.828546	0.056651	0.099355	0.000000	0.015245	0.000000	0.000000	0.000000	0.000203
398	0.828490	0.056462	0.099519	0.000000	0.015319	0.000000	0.000000	0.000000	0.000210
399	0.828597	0.056497	0.099503	0.000000	0.015209	0.000000	0.000000	0.000000	0.000194
400	0.828611	0.056369	0.099693	0.000000	0.015141	0.000000	0.000000	0.000000	0.000186
401	0.829028	0.056341	0.099561	0.000000	0.014880	0.000000	0.000000	0.000000	0.000190
402	0.829343	0.056124	0.099450	0.000000	0.014886	0.000000	0.000000	0.000000	0.000197
403	0.829198	0.056220	0.099575	0.000000	0.014819	0.000000	0.000000	0.000000	0.000188
404	0.829907	0.056111	0.099125	0.000000	0.014702	0.000000	0.000000	0.000000	0.000155
405	0.829712	0.056433	0.098945	0.000000	0.014739	0.000000	0.000000	0.000000	0.000171
406	0.828976	0.056626	0.099634	0.000000	0.014602	0.000000	0.000000	0.000000	0.000162
407	0.829571	0.056481	0.099209	0.000000	0.014572	0.000000	0.000000	0.000000	0.000167
408	0.829441	0.056646	0.099378	0.000000	0.014381	0.000000	0.000000	0.000000	0.000154
409	0.829329	0.056441	0.099739	0.000000	0.014309	0.000000	0.000000	0.000000	0.000182
410	0.829282	0.056411	0.099843	0.000000	0.014297	0.000000	0.000000	0.000000	0.000167
411	0.829721	0.056121	0.099676	0.000000	0.014331	0.000000	0.000000	0.000000	0.000151
412	0.829572	0.056194	0.099623	0.000000	0.014432	0.000000	0.000000	0.000000	0.000179
413	0.829288	0.055987	0.100227	0.000000	0.014329	0.000000	0.000000	0.000000	0.000169
414	0.829410	0.055845	0.100362	0.000000	0.014203	0.000000	0.000000	0.000000	0.000180
415	0.829478	0.055945	0.100339	0.000000	0.014054	0.000000	0.000000	0.000000	0.000184
416	0.829504	0.055698	0.100647	0.000000	0.013988	0.000000	0.000000	0.000000	0.000163
417	0.829431	0.055768	0.100696	0.000000	0.013955	0.000000	0.000000	0.000000	0.000150
418	0.829434	0.056053	0.100441	0.000000	0.013930	0.000000	0.000000	0.000000	0.000142
419	0.829635	0.055941	0.100434	0.000000	0.013866	0.000000	0.000000	0.000000	0.000124
420	0.829816	0.055765	0.100546	0.000000	0.013745	0.000000	0.000000	0.000000	0.000128
421	0.829432	0.055964	0.100877	0.000000	0.013588	0.000000	0.000000	0.000000	0.000139
422	0.829248	0.055925	0.101064	0.000000	0.013628	0.000000	0.000000	0.000000	0.000135
423	0.829844	0.055701	0.100769	0.000000	0.013557	0.000000	0.000000	0.000000	0.000129
424	0.829821	0.055510	0.101103	0.000000	0.013455	0.000000	0.000000	0.000000	0.000111
425	0.829720	0.055493	0.101141	0.000000	0.013523	0.000000	0.000000	0.000000	0.000123
426	0.830001	0.055607	0.100890	0.000000	0.013375	0.000000	0.000000	0.000000	0.000127
427	0.829857	0.055632	0.100989	0.000000	0.013388	0.000000	0.000000	0.000000	0.000134
428	0.830591	0.055357	0.100708	0.000000	0.013220	0.000000	0.000000	0.000000	0.000124
429	0.831170	0.055163	0.100345	0.000000	0.013193	0.000000	0.000000	0.000000	0.000129
430	0.831645	0.055155	0.099993	0.000000	0.013080	0.000000	0.000000	0.000000	0.000127
431	0.831559	0.055288	0.099914	0.000000	0.013108	0.000000	0.000000	0.000000	0.000131
432	0.831652	0.055079	0.100049	0.000000	0.013091	0.000000	0.000000	0.000000	0.000129
433	0.831785	0.054683	0.100329	0.000000	0.013074	0.000000	0.000000	0.000000	0.000129
434	0.831779	0.054836	0.100340	0.000000	0.012933	0.000000	0.000000	0.000000	0.000112
435	0.832149	0.054604	0.100309	0.000000	0.012818	0.000000	0.000000	0.000000	0.000120
436	0.832193	0.054669	0.100381	0.000000	0.012641	0.000000	0.000000	0.000000	0.000116
437	0.832821	0.054636	0.099935	0.000000	0.012497	0.000000	0.000000	0.000000	0.000111
438	0.832516	0.054480	0.100504	0.000000	0.012386	0.000000	0.000000	0.000000	0.000114
439	0.832605	0.054774	0.100110	0.000000	0.012387	0.000000	0.000000	0.000000	0.000124
440	0.832978	0.054621	0.100013	0.000000	0.012278	0.000000	0.000000	0.000000	0.000110
441	0.832372	0.055062	0.100199	0.000000	0.012245	0.000000	0.000000	0.000000	0.000122
442	0.832482	0.054880	0.100425	0.000000	0.012075	0.000000	0.000000	0.000000	0.000138
443	0.832727	0.054896	0.100208	0.000000	0.012037	0.000000	0.000000	0.000000	0.000132
444	0.832657	0.055142	0.100081	0.000000	0.011992	0.000000	0.000000	0.000000	0.000128
445	0.832929	0.054988	0.099989	0.000000	0.011960	0.000000	0.000000	0.000000	0.000134
446	0.833176	0.054955	0.099913	0.000000	0.011831	0.000000	0.000000	0.000000	0.000125
447	0.833318	0.054847	0.099932	0.000000	0.011776	0.000000	0.000000	0.000000	0.000127
448	0.833206	0.055012	0.099953	0.000000	0.011725	0.000000	0.000000	0.000000	0.000104
449	0.833498	0.055107	0.099653	0.000000	0.011631	0.000000	0.000000	0.000000	0.000111
450	0.833493	0.054886	0.099863	0.000000	0.011642	0.000000	0.000000	0.000000	0.000116
451	0.833789	0.054690	0.099851	0.000000	0.011563	0.000000	0.000000	0.000000	0.000107
452	0.833756	0.054725	0.099947	0.000000	0.011470	0.000000	0.000000	0.000000	0.000102
453	0.834042	0.054597	0.099712	0.000000	0.011543	0.000000	0.000000	0.000000	0.000106
454	0.834521	0.054472	0.099414	0.000000	0.011485	0.000000	0.000000	0.000000	0.000108
455	0.833881	0.054636	0.099932	0.000000	0.011442	0.000000	0.000000	0.000000	0.000109
456	0.834333	0.054933	0.099338	0.000000	0.011289	0.000000	0.000000	0.000000	0.000107
457	0.834183	0.054851	0.099559	0.000000	0.011291	0.000000	0.000000	0.000000	0.000116
458	0.834479	0.054669	0.099450	0.000000	0.011300	0.000000	0.000000	0.000000	0.000102
459	0.834929	0.054331	0.099404	0.000000	0.011230	0.000000	0.000000	0.000000	0.000106
460	0.835293	0.054258	0.099272	0.000000	0.011076	0.000000	0.000000	0.000000	0.000101
461	0.835213	0.054439	0.099248	0.000000	0.011015	0.000000	0.000000	0.000000	0.000085
462	0.835163	0.054416	0.099341	0.000000	0.010989	0.000000	0.000000	0.000000	0.000091
463	0.835145	0.054294	0.099425	0.000000	0.011050	0.000000	0.000000	0.000000	0.000086
464	0.835317	0.054316	0.099357	0.000000	0.010934	0.000000	0.000000	0.000000	0.000076
465	0.835532	0.054307	0.099139	0.000000	0.010967	0.000000	0.000000	0.000000	0.000055
466	0.835161	0.054533	0.099375	0.000000	0.010884	0.000000	0.000000	0.000000	0.000047
467	0.835333	0.054355	0.099353	0.000000	0.010902	0.000000	0.000000	0.000000	0.000057
468	0.835367	0.054676	0.099005	0.000000	0.010903	0.000000	0.000000	0.000000	0.000049
469	0.835550	0.054703	0.098882	0.000000	0.010813	0.000000	0.000000	0.000000	0.000052
470	0.835646	0.054454	0.099036	0.000000	0.010818	0.000000	0.000000	0.000000	0.000046
