0	0.290663	0.057897	0.229473	0.157588	0.029913	0.111872	0.085455	0.012259	0.024880
1	0.229540	0.047392	0.198103	0.132191	0.027286	0.115315	0.128507	0.024701	0.096965
2	0.227273	0.046887	0.195276	0.120305	0.025897	0.106138	0.137916	0.026852	0.113456
3	0.230425	0.047243	0.193937	0.110170	0.024697	0.096757	0.143518	0.027763	0.125490
4	0.234349	0.047421	0.192701	0.101206	0.023837	0.087833	0.147706	0.028619	0.136328
5	0.239415	0.047953	0.190579	0.092989	0.022867	0.079322	0.151610	0.029042	0.146223
6	0.244404	0.048359	0.188790	0.085633	0.022286	0.071675	0.153464	0.029242	0.156147
7	0.249196	0.048694	0.186322	0.079136	0.021675	0.064149	0.155340	0.029606	0.165882
8	0.253739	0.049099	0.183217	0.072908	0.021149	0.057799	0.157009	0.029603	0.175477
9	0.259057	0.049528	0.179623	0.067112	0.020690	0.051619	0.157498	0.029853	0.185020
10	0.263526	0.050063	0.175563	0.062309	0.020267	0.046264	0.157782	0.029993	0.194233
11	0.267828	0.050477	0.171576	0.057290	0.019949	0.041476	0.158491	0.029981	0.202932
12	0.271413	0.050888	0.167578	0.052825	0.019412	0.037131	0.159210	0.029944	0.211599
13	0.276120	0.051323	0.163083	0.048777	0.018902	0.033040	0.159387	0.029665	0.219703
14	0.279982	0.051933	0.159133	0.045057	0.018499	0.029397	0.158468	0.029464	0.228067
15	0.284002	0.052301	0.154739	0.041448	0.018116	0.026333	0.157587	0.029330	0.236144
16	0.287760	0.052768	0.150792	0.038200	0.017664	0.023348	0.156821	0.028725	0.243922
17	0.290868	0.052940	0.146756	0.035445	0.017218	0.020855	0.156254	0.028512	0.251152
18	0.294687	0.053335	0.142319	0.032877	0.016820	0.018404	0.154595	0.028308	0.258655
19	0.298292	0.053701	0.138080	0.030108	0.016460	0.016508	0.152737	0.028054	0.266060
20	0.301626	0.054198	0.133660	0.027716	0.016063	0.014946	0.151347	0.027658	0.272786
21	0.304880	0.054736	0.128474	0.025671	0.015673	0.013362	0.150226	0.027269	0.279709
22	0.308137	0.054873	0.123698	0.023472	0.015384	0.011894	0.148506	0.027042	0.286994
23	0.311367	0.054853	0.119487	0.021764	0.015147	0.010648	0.146763	0.026647	0.293324
24	0.314412	0.055284	0.115316	0.019915	0.015043	0.009380	0.145100	0.026450	0.299100
25	0.317376	0.055471	0.111469	0.018330	0.014846	0.008285	0.143090	0.026074	0.305059
26	0.319808	0.055644	0.107152	0.016964	0.014654	0.007403	0.141315	0.025967	0.311093
27	0.323034	0.055679	0.103452	0.015544	0.014380	0.006508	0.139039	0.025370	0.316994
28	0.325442	0.055906	0.099360	0.014348	0.014131	0.005842	0.137035	0.024957	0.322979
29	0.327640	0.055913	0.095998	0.013239	0.013980	0.005192	0.134868	0.024511	0.328659
30	0.329999	0.055928	0.092133	0.012231	0.013757	0.004710	0.132557	0.024214	0.334471
31	0.331957	0.056260	0.088617	0.011273	0.013484	0.004239	0.130511	0.023577	0.340082
32	0.333854	0.056336	0.084612	0.010364	0.013290	0.003833	0.128323	0.023218	0.346170
33	0.335744	0.056646	0.081411	0.009536	0.013037	0.003494	0.125930	0.023020	0.351182
34	0.337840	0.056613	0.078127	0.008743	0.012869	0.003065	0.123413	0.022738	0.356592
35	0.339387	0.056539	0.075069	0.007958	0.012577	0.002690	0.121330	0.022578	0.361872
36	0.340992	0.056750	0.072075	0.007350	0.012347	0.002428	0.118954	0.022009	0.367095
37	0.342085	0.056789	0.069104	0.006687	0.012041	0.002226	0.117221	0.021491	0.372356
38	0.343243	0.057066	0.066476	0.006058	0.012071	0.001948	0.115340	0.021181	0.376617
39	0.344364	0.057005	0.064006	0.005580	0.011886	0.001725	0.112774	0.020920	0.381740
40	0.345442	0.056998	0.061342	0.005114	0.011638	0.001547	0.111101	0.020499	0.386319
41	0.346160	0.056943	0.058548	0.004659	0.011527	0.001391	0.108766	0.020166	0.391840
42	0.347056	0.056957	0.056034	0.004459	0.011294	0.001225	0.106763	0.019858	0.396354
43	0.348195	0.057121	0.054017	0.004132	0.011325	0.001067	0.104399	0.019554	0.400190
44	0.348259	0.057176	0.051630	0.003829	0.011224	0.000987	0.102473	0.019134	0.405288
45	0.349402	0.057058	0.049357	0.003509	0.010923	0.000912	0.100246	0.018837	0.409756
46	0.349955	0.057046	0.047431	0.003225	0.010717	0.000823	0.098441	0.018551	0.413811
47	0.350625	0.057050	0.045552	0.003037	0.010575	0.000722	0.096945	0.018288	0.417206
48	0.351114	0.057035	0.043624	0.002785	0.010392	0.000673	0.095206	0.018041	0.421130
49	0.351608	0.056766	0.041679	0.002513	0.010254	0.000587	0.093286	0.017639	0.425668
50	0.351719	0.056445	0.040066	0.002386	0.010036	0.000552	0.091501	0.017259	0.430036
51	0.352304	0.056825	0.038279	0.002207	0.009956	0.000479	0.089299	0.016915	0.433736
52	0.352420	0.056488	0.036596	0.001983	0.009864	0.000421	0.087772	0.016600	0.437856
53	0.351900	0.056391	0.035054	0.001805	0.009885	0.000378	0.085721	0.016134	0.442732
54	0.351672	0.056343	0.033607	0.001632	0.009738	0.000353	0.084395	0.015831	0.446429
55	0.351829	0.056442	0.032280	0.001573	0.009682	0.000301	0.082539	0.015588	0.449766
56	0.351596	0.056241	0.030571	0.001439	0.009575	0.000289	0.081369	0.015155	0.453765
57	0.351405	0.056117	0.029402	0.001323	0.009582	0.000279	0.079334	0.014857	0.457701
58	0.350856	0.056058	0.028175	0.001189	0.009472	0.000239	0.078042	0.014530	0.461439
59	0.350313	0.055648	0.027101	0.001117	0.009335	0.000212	0.076736	0.014184	0.465354
60	0.350098	0.055559	0.025822	0.001006	0.009279	0.000210	0.075588	0.014087	0.468351
61	0.349029	0.055355	0.024998	0.000978	0.009198	0.000182	0.073750	0.013838	0.472672
62	0.348655	0.055108	0.023977	0.000895	0.009173	0.000178	0.072661	0.013470	0.475883
63	0.347736	0.054829	0.022999	0.000840	0.008979	0.000146	0.071426	0.013116	0.479929
64	0.347047	0.054549	0.021895	0.000795	0.008822	0.000128	0.070313	0.012919	0.483532
65	0.345992	0.054643	0.020966	0.000729	0.008717	0.000110	0.069175	0.012703	0.486965
66	0.345059	0.054228	0.020206	0.000696	0.008537	0.000094	0.067751	0.012397	0.491032
67	0.344017	0.054123	0.019404	0.000696	0.008330	0.000077	0.066742	0.012140	0.494471
68	0.342987	0.053956	0.018491	0.000638	0.008245	0.000077	0.065966	0.011811	0.497829
69	0.341901	0.053803	0.017645	0.000582	0.008117	0.000079	0.064689	0.011683	0.501501
70	0.340563	0.053327	0.016927	0.000578	0.008016	0.000063	0.063595	0.011463	0.505468
71	0.339763	0.052504	0.016089	0.000522	0.007967	0.000066	0.062679	0.011301	0.509109
72	0.338667	0.052557	0.015457	0.000473	0.007976	0.000073	0.061212	0.010948	0.512637
73	0.337449	0.052259	0.014761	0.000428	0.007963	0.000065	0.060309	0.010718	0.516048
74	0.335911	0.052059	0.014129	0.000376	0.007843	0.000071	0.059531	0.010495	0.519585
75	0.334509	0.051693	0.013503	0.000372	0.007735	0.000059	0.058715	0.010213	0.523201
76	0.333041	0.051650	0.012708	0.000353	0.007580	0.000054	0.057444	0.010170	0.527000
77	0.331457	0.051558	0.012303	0.000345	0.007515	0.000052	0.056307	0.010031	0.530432
78	0.330081	0.051460	0.011755	0.000305	0.007415	0.000044	0.055479	0.009890	0.533571
79	0.328133	0.051260	0.011464	0.000271	0.007332	0.000045	0.054659	0.009751	0.537085
80	0.326461	0.050825	0.010895	0.000283	0.007338	0.000034	0.053663	0.009663	0.540838
81	0.324674	0.050471	0.010372	0.000269	0.007203	0.000031	0.052852	0.009444	0.544684
82	0.322447	0.050434	0.009914	0.000244	0.007079	0.000029	0.052067	0.009342	0.548444
83	0.321187	0.049965	0.009287	0.000228	0.006969	0.000023	0.051384	0.009019	0.551938
84	0.319041	0.049705	0.008906	0.000198	0.006815	0.000019	0.050763	0.008811	0.555742
85	0.317196	0.049337	0.008449	0.000190	0.006742	0.000020	0.050038	0.008624	0.559404
86	0.315528	0.048928	0.008297	0.000178	0.006565	0.000020	0.049258	0.008476	0.562750
87	0.313475	0.048386	0.008011	0.000161	0.006506	0.000019	0.048498	0.008434	0.566510
88	0.311870	0.048064	0.007586	0.000159	0.006289	0.000016	0.047805	0.008393	0.569818
89	0.309922	0.048018	0.007433	0.000156	0.006269	0.000014	0.047067	0.008426	0.572695
90	0.307375	0.047809	0.007279	0.000168	0.006203	0.000014	0.046312	0.008332	0.576508
91	0.305334	0.047367	0.006975	0.000168	0.006085	0.000013	0.045320	0.008128	0.580610
92	0.303317	0.046882	0.006647	0.000147	0.006032	0.000015	0.044941	0.008010	0.584009
93	0.301300	0.046713	0.006423	0.000155	0.005989	0.000017	0.044253	0.007857	0.587293
94	0.299397	0.046066	0.006140	0.000130	0.005852	0.000018	0.043667	0.007771	0.590959
95	0.296829	0.045684	0.005837	0.000128	0.005819	0.000018	0.043187	0.007679	0.594819
96	0.295040	0.045136	0.005462	0.000126	0.005802	0.000021	0.042665	0.007693	0.598055
97	0.292844	0.044799	0.005223	0.000135	0.005751	0.000021	0.042042	0.007716	0.601469
98	0.291121	0.044351	0.004925	0.000130	0.005724	0.000023	0.041193	0.007586	0.604947
99	0.288713	0.044249	0.004677	0.000122	0.005670	0.000025	0.040601	0.007541	0.608402
100	0.286239	0.043833	0.004513	0.000125	0.005592	0.000020	0.040335	0.007503	0.611840
101	0.284129	0.043493	0.004266	0.000129	0.005608	0.000020	0.040106	0.007359	0.614890
102	0.282039	0.043000	0.003968	0.000119	0.005514	0.000020	0.039277	0.007281	0.618782
103	0.279765	0.042389	0.003881	0.000115	0.005460	0.000016	0.039084	0.007122	0.622168
104	0.277609	0.042195	0.003743	0.000108	0.005403	0.000016	0.039088	0.007029	0.624809
105	0.275568	0.041986	0.003521	0.000105	0.005319	0.000017	0.038547	0.006891	0.628046
106	0.273452	0.041771	0.003432	0.000103	0.005292	0.000017	0.038108	0.006730	0.631095
107	0.271457	0.041578	0.003379	0.000093	0.005163	0.000017	0.037677	0.006774	0.633862
108	0.269476	0.041342	0.003206	0.000088	0.005116	0.000017	0.037341	0.006788	0.636626
109	0.267143	0.041206	0.003029	0.000093	0.005037	0.000019	0.037010	0.006758	0.639705
110	0.264525	0.040703	0.002960	0.000079	0.005028	0.000016	0.036590	0.006728	0.643371
111	0.262124	0.040518	0.002789	0.000078	0.004916	0.000016	0.036445	0.006727	0.646387
112	0.260094	0.039984	0.002675	0.000063	0.004769	0.000022	0.036249	0.006555	0.649589
113	0.258578	0.039478	0.002516	0.000067	0.004682	0.000015	0.035983	0.006600	0.652081
114	0.256035	0.039243	0.002454	0.000075	0.004578	0.000016	0.035757	0.006558	0.655284
115	0.253837	0.039270	0.002334	0.000066	0.004508	0.000015	0.035016	0.006482	0.658472
116	0.251355	0.038953	0.002214	0.000064	0.004397	0.000014	0.034765	0.006441	0.661797
117	0.249182	0.038878	0.002098	0.000055	0.004322	0.000013	0.034180	0.006481	0.664791
118	0.247024	0.038533	0.001959	0.000054	0.004199	0.000008	0.033725	0.006323	0.668175
119	0.245126	0.038100	0.001870	0.000059	0.004132	0.000008	0.033166	0.006261	0.671278
120	0.242915	0.037624	0.001767	0.000070	0.004042	0.000007	0.032758	0.006185	0.674632
121	0.240244	0.037144	0.001702	0.000069	0.003920	0.000005	0.032757	0.006140	0.678019
122	0.238122	0.037080	0.001666	0.000069	0.003896	0.000004	0.032509	0.006087	0.680567
123	0.236081	0.036595	0.001662	0.000071	0.003816	0.000003	0.032419	0.006025	0.683328
124	0.233900	0.036298	0.001548	0.000066	0.003781	0.000004	0.032143	0.005946	0.686314
125	0.231390	0.035967	0.001509	0.000049	0.003698	0.000001	0.031876	0.005889	0.689621
126	0.229211	0.035635	0.001484	0.000055	0.003636	0.000002	0.031692	0.005803	0.692482
127	0.227189	0.035077	0.001409	0.000054	0.003588	0.000002	0.031410	0.005894	0.695377
128	0.225098	0.034568	0.001344	0.000060	0.003514	0.000005	0.031292	0.005767	0.698352
129	0.223209	0.034432	0.001273	0.000069	0.003550	0.000005	0.030683	0.005711	0.701068
130	0.220540	0.034035	0.001191	0.000070	0.003485	0.000004	0.030523	0.005683	0.704469
131	0.218406	0.033659	0.001184	0.000074	0.003516	0.000006	0.030490	0.005618	0.707047
132	0.216648	0.033447	0.001179	0.000054	0.003505	0.000004	0.030408	0.005531	0.709224
133	0.214460	0.032997	0.001096	0.000054	0.003411	0.000003	0.030302	0.005464	0.712213
134	0.212017	0.032857	0.001072	0.000055	0.003341	0.000003	0.030195	0.005382	0.715078
135	0.209715	0.032501	0.001052	0.000057	0.003194	0.000003	0.029790	0.005457	0.718231
136	0.207426	0.032059	0.001033	0.000056	0.003153	0.000001	0.029704	0.005439	0.721129
137	0.205086	0.031830	0.000971	0.000045	0.003163	0.000004	0.029658	0.005465	0.723778
138	0.202740	0.031631	0.000949	0.000043	0.003099	0.000006	0.029486	0.005296	0.726750
139	0.200269	0.031289	0.000949	0.000032	0.003095	0.000002	0.029439	0.005314	0.729611
140	0.198339	0.031017	0.000941	0.000029	0.003038	0.000004	0.029232	0.005209	0.732191
141	0.196561	0.030699	0.000892	0.000031	0.002979	0.000004	0.028908	0.005186	0.734740
142	0.194409	0.030437	0.000836	0.000032	0.002901	0.000001	0.028893	0.005176	0.737315
143	0.192148	0.030136	0.000830	0.000022	0.002841	0.000000	0.028618	0.005121	0.740284
144	0.190218	0.029700	0.000755	0.000023	0.002737	0.000000	0.028302	0.005128	0.743137
145	0.187792	0.029437	0.000722	0.000016	0.002722	0.000000	0.028211	0.005180	0.745920
146	0.186062	0.029292	0.000669	0.000015	0.002662	0.000000	0.027953	0.005144	0.748203
147	0.184229	0.028813	0.000627	0.000018	0.002621	0.000000	0.027689	0.005106	0.750897
148	0.182044	0.028799	0.000604	0.000023	0.002546	0.000000	0.027560	0.005085	0.753339
149	0.179980	0.028479	0.000567	0.000021	0.002507	0.000000	0.027538	0.005031	0.755877
150	0.178173	0.028151	0.000558	0.000023	0.002442	0.000000	0.027540	0.005013	0.758100
151	0.176028	0.027869	0.000518	0.000023	0.002446	0.000000	0.027200	0.005050	0.760866
152	0.173761	0.027787	0.000476	0.000024	0.002415	0.000000	0.026920	0.005036	0.763581
153	0.171408	0.027405	0.000495	0.000021	0.002391	0.000000	0.026922	0.004993	0.766365
154	0.169505	0.027204	0.000467	0.000021	0.002361	0.000000	0.026870	0.004949	0.768623
155	0.167504	0.026858	0.000474	0.000021	0.002320	0.000000	0.026792	0.004849	0.771182
156	0.165683	0.026748	0.000437	0.000021	0.002247	0.000000	0.026662	0.004849	0.773353
157	0.163720	0.026449	0.000431	0.000024	0.002258	0.000000	0.026312	0.004818	0.775988
158	0.161798	0.026022	0.000401	0.000025	0.002211	0.000000	0.026225	0.004903	0.778415
159	0.159758	0.025900	0.000391	0.000023	0.002161	0.000000	0.025870	0.004817	0.781080
160	0.158197	0.025640	0.000361	0.000020	0.002132	0.000000	0.025721	0.004815	0.783114
161	0.156535	0.025247	0.000344	0.000016	0.002099	0.000000	0.025347	0.004858	0.785554
162	0.154632	0.025153	0.000305	0.000022	0.002028	0.000000	0.025168	0.004898	0.787794
163	0.152568	0.024977	0.000300	0.000022	0.001989	0.000000	0.024957	0.004810	0.790377
164	0.151265	0.024475	0.000267	0.000021	0.001926	0.000000	0.024762	0.004802	0.792482
165	0.149249	0.024279	0.000255	0.000017	0.001905	0.000000	0.024980	0.004799	0.794516
166	0.147642	0.023802	0.000217	0.000019	0.001876	0.000000	0.024957	0.004798	0.796689
167	0.146142	0.023401	0.000222	0.000019	0.001785	0.000000	0.024874	0.004808	0.798749
168	0.144045	0.022996	0.000234	0.000018	0.001759	0.000000	0.024882	0.004803	0.801263
169	0.142179	0.022567	0.000216	0.000020	0.001752	0.000000	0.024635	0.004762	0.803869
170	0.140245	0.022319	0.000205	0.000018	0.001730	0.000000	0.024454	0.004717	0.806312
171	0.138675	0.022006	0.000205	0.000017	0.001673	0.000000	0.024282	0.004678	0.808464
172	0.137166	0.021672	0.000199	0.000013	0.001686	0.000000	0.024154	0.004675	0.810435
173	0.135463	0.021437	0.000177	0.000019	0.001642	0.000000	0.024147	0.004639	0.812476
174	0.133772	0.021275	0.000183	0.000019	0.001599	0.000000	0.024076	0.004621	0.814455
175	0.131852	0.020973	0.000173	0.000022	0.001570	0.000000	0.024063	0.004634	0.816713
176	0.130176	0.020696	0.000156	0.000018	0.001521	0.000000	0.023748	0.004614	0.819071
177	0.128577	0.020462	0.000155	0.000021	0.001492	0.000000	0.023752	0.004605	0.820936
178	0.127116	0.020116	0.000159	0.000023	0.001501	0.000000	0.023334	0.004614	0.823137
179	0.125487	0.019818	0.000162	0.000017	0.001463	0.000000	0.023423	0.004495	0.825135
180	0.124142	0.019507	0.000165	0.000019	0.001402	0.000000	0.023402	0.004404	0.826959
181	0.122520	0.019256	0.000140	0.000020	0.001360	0.000000	0.023241	0.004419	0.829044
182	0.121036	0.018912	0.000131	0.000011	0.001337	0.000000	0.023032	0.004411	0.831130
183	0.119501	0.018629	0.000129	0.000014	0.001277	0.000000	0.022870	0.004379	0.833201
184	0.117860	0.018348	0.000130	0.000011	0.001242	0.000000	0.022835	0.004236	0.835338
185	0.116275	0.018263	0.000119	0.000009	0.001189	0.000000	0.022698	0.004234	0.837213
186	0.114862	0.017984	0.000125	0.000008	0.001157	0.000000	0.022767	0.004277	0.838820
187	0.113269	0.017648	0.000113	0.000013	0.001139	0.000000	0.022531	0.004188	0.841099
188	0.111861	0.017284	0.000100	0.000008	0.001144	0.000000	0.022425	0.004197	0.842981
189	0.110343	0.017133	0.000105	0.000008	0.001141	0.000000	0.022491	0.004172	0.844607
190	0.108982	0.016841	0.000083	0.000008	0.001080	0.000000	0.022357	0.004148	0.846501
191	0.107716	0.016454	0.000092	0.000009	0.001078	0.000000	0.022233	0.004188	0.848230
192	0.106019	0.016239	0.000087	0.000008	0.001069	0.000000	0.022353	0.004192	0.850033
193	0.104994	0.016063	0.000085	0.000008	0.001053	0.000000	0.022330	0.004181	0.851286
194	0.103452	0.015893	0.000089	0.000008	0.001002	0.000000	0.022158	0.004217	0.853181
195	0.101803	0.015608	0.000084	0.000011	0.000987	0.000000	0.022142	0.004226	0.855139
196	0.099965	0.015572	0.000074	0.000009	0.000997	0.000000	0.021923	0.004231	0.857229
197	0.098732	0.015383	0.000062	0.000006	0.000998	0.000000	0.021742	0.004158	0.858919
198	0.097329	0.015211	0.000068	0.000005	0.000995	0.000000	0.021706	0.004148	0.860538
199	0.095944	0.014798	0.000058	0.000004	0.000974	0.000000	0.021523	0.004093	0.862606
200	0.094766	0.014659	0.000058	0.000004	0.000974	0.000000	0.021611	0.004137	0.863791
201	0.093023	0.014466	0.000058	0.000005	0.000956	0.000000	0.021570	0.004115	0.865807
202	0.091841	0.014214	0.000055	0.000004	0.000946	0.000000	0.021532	0.004151	0.867257
203	0.090673	0.014003	0.000045	0.000004	0.000946	0.000000	0.021393	0.004149	0.868787
204	0.089319	0.013772	0.000044	0.000000	0.000920	0.000000	0.021539	0.004179	0.870227
205	0.087990	0.013624	0.000050	0.000002	0.000859	0.000000	0.021482	0.004237	0.871756
206	0.086679	0.013528	0.000039	0.000001	0.000855	0.000000	0.021473	0.004202	0.873223
207	0.085393	0.013271	0.000039	0.000000	0.000857	0.000000	0.021369	0.004056	0.875015
208	0.084026	0.013026	0.000039	0.000000	0.000851	0.000000	0.021172	0.004005	0.876881
209	0.082603	0.012771	0.000041	0.000000	0.000833	0.000000	0.021502	0.004045	0.878205
210	0.081465	0.012558	0.000038	0.000000	0.000846	0.000000	0.021415	0.004076	0.879602
211	0.080233	0.012351	0.000035	0.000000	0.000847	0.000000	0.021557	0.003987	0.880990
212	0.078947	0.012167	0.000037	0.000000	0.000865	0.000000	0.021429	0.003978	0.882577
213	0.077669	0.011924	0.000033	0.000000	0.000855	0.000000	0.021499	0.003990	0.884030
214	0.076520	0.011762	0.000030	0.000000	0.000831	0.000000	0.021494	0.003983	0.885380
215	0.075262	0.011604	0.000027	0.000000	0.000827	0.000000	0.021444	0.004027	0.886809
216	0.074084	0.011364	0.000031	0.000000	0.000821	0.000000	0.021407	0.003933	0.888360
217	0.072853	0.011101	0.000022	0.000000	0.000801	0.000000	0.021343	0.003915	0.889965
218	0.071943	0.011042	0.000020	0.000000	0.000790	0.000000	0.021325	0.003936	0.890944
219	0.070872	0.010896	0.000015	0.000000	0.000803	0.000000	0.021599	0.003976	0.891839
220	0.069683	0.010670	0.000018	0.000000	0.000784	0.000000	0.021436	0.003858	0.893551
221	0.068417	0.010570	0.000019	0.000000	0.000771	0.000000	0.021269	0.003862	0.895092
222	0.067252	0.010354	0.000017	0.000000	0.000747	0.000000	0.021373	0.003898	0.896359
223	0.065953	0.010233	0.000023	0.000000	0.000716	0.000000	0.021337	0.003917	0.897821
224	0.065302	0.009993	0.000017	0.000000	0.000697	0.000000	0.021212	0.004003	0.898776
225	0.064362	0.009755	0.000025	0.000000	0.000674	0.000000	0.021147	0.004019	0.900018
226	0.063190	0.009538	0.000024	0.000000	0.000666	0.000000	0.021294	0.004094	0.901194
227	0.062089	0.009329	0.000027	0.000000	0.000652	0.000000	0.021194	0.004040	0.902669
228	0.060936	0.009191	0.000025	0.000000	0.000629	0.000000	0.021175	0.004105	0.903939
229	0.060152	0.009027	0.000028	0.000000	0.000600	0.000000	0.021148	0.004057	0.904988
230	0.059121	0.008935	0.000020	0.000000	0.000583	0.000000	0.021062	0.004076	0.906203
231	0.058368	0.008708	0.000021	0.000000	0.000582	0.000000	0.020951	0.004042	0.907328
232	0.057586	0.008599	0.000016	0.000000	0.000570	0.000000	0.020889	0.004000	0.908340
233	0.056614	0.008411	0.000019	0.000000	0.000585	0.000000	0.020983	0.003939	0.909449
234	0.055530	0.008266	0.000025	0.000000	0.000566	0.000000	0.021063	0.003946	0.910604
235	0.055034	0.008143	0.000021	0.000000	0.000550	0.000000	0.020946	0.003989	0.911317
236	0.054159	0.008055	0.000016	0.000000	0.000521	0.000000	0.021132	0.003968	0.912149
237	0.053184	0.007915	0.000013	0.000000	0.000520	0.000000	0.021146	0.003948	0.913274
238	0.052338	0.007874	0.000017	0.000000	0.000517	0.000000	0.021194	0.003949	0.914111
239	0.051212	0.007804	0.000009	0.000000	0.000501	0.000000	0.021242	0.003890	0.915342
240	0.050515	0.007708	0.000012	0.000000	0.000480	0.000000	0.021081	0.003916	0.916288
241	0.049775	0.007529	0.000012	0.000000	0.000458	0.000000	0.021009	0.003873	0.917344
242	0.048738	0.007406	0.000012	0.000000	0.000431	0.000000	0.020983	0.003791	0.918639
243	0.047719	0.007373	0.000013	0.000000	0.000432	0.000000	0.021021	0.003770	0.919672
244	0.047188	0.007224	0.000015	0.000000	0.000441	0.000000	0.021068	0.003799	0.920265
245	0.046309	0.007062	0.000016	0.000000	0.000422	0.000000	0.020887	0.003789	0.921515
246	0.045756	0.007005	0.000013	0.000000	0.000408	0.000000	0.020699	0.003835	0.922284
247	0.045022	0.006894	0.000010	0.000000	0.000401	0.000000	0.020708	0.003793	0.923172
248	0.044101	0.006758	0.000012	0.000000	0.000412	0.000000	0.020762	0.003878	0.924077
249	0.043557	0.006601	0.000012	0.000000	0.000410	0.000000	0.020675	0.003907	0.924838
250	0.042886	0.006490	0.000017	0.000000	0.000392	0.000000	0.020490	0.003912	0.925813
251	0.042008	0.006329	0.000014	0.000000	0.000369	0.000000	0.020508	0.003921	0.926851
252	0.040965	0.006263	0.000011	0.000000	0.000342	0.000000	0.020440	0.003968	0.928011
253	0.040258	0.006219	0.000006	0.000000	0.000327	0.000000	0.020468	0.004002	0.928720
254	0.039665	0.006096	0.000007	0.000000	0.000331	0.000000	0.020291	0.004014	0.929596
255	0.039019	0.006078	0.000005	0.000000	0.000340	0.000000	0.020324	0.004060	0.930174
256	0.038448	0.005914	0.000007	0.000000	0.000330	0.000000	0.020302	0.003969	0.931030
257	0.037774	0.005835	0.000004	0.000000	0.000334	0.000000	0.020163	0.003969	0.931921
258	0.037104	0.005728	0.000004	0.000000	0.000303	0.000000	0.020095	0.003951	0.932815
259	0.036476	0.005532	0.000004	0.000000	0.000296	0.000000	0.020108	0.003879	0.933705
260	0.035723	0.005473	0.000004	0.000000	0.000300	0.000000	0.019965	0.003858	0.934677
261	0.034895	0.005326	0.000004	0.000000	0.000290	0.000000	0.019857	0.003852	0.935776
262	0.034150	0.005187	0.000002	0.000000	0.000275	0.000000	0.019729	0.003886	0.936771
263	0.033547	0.005151	0.000004	0.000000	0.000264	0.000000	0.019746	0.003900	0.937388
264	0.033158	0.004927	0.000003	0.000000	0.000250	0.000000	0.019663	0.003945	0.938054
265	0.032554	0.004916	0.000002	0.000000	0.000248	0.000000	0.019748	0.003917	0.938615
266	0.031955	0.004862	0.000005	0.000000	0.000244	0.000000	0.019731	0.003918	0.939285
267	0.031402	0.004817	0.000005	0.000000	0.000243	0.000000	0.019771	0.003885	0.939877
268	0.031003	0.004839	0.000005	0.000000	0.000238	0.000000	0.019820	0.003867	0.940228
269	0.030460	0.004695	0.000007	0.000000	0.000234	0.000000	0.019915	0.003878	0.940811
270	0.029916	0.004544	0.000003	0.000000	0.000224	0.000000	0.019798	0.003855	0.941660
271	0.029279	0.004460	0.000003	0.000000	0.000214	0.000000	0.019811	0.003838	0.942395
272	0.028826	0.004400	0.000006	0.000000	0.000188	0.000000	0.019883	0.003810	0.942887
273	0.028283	0.004342	0.000006	0.000000	0.000190	0.000000	0.019928	0.003767	0.943484
274	0.027796	0.004233	0.000010	0.000000	0.000178	0.000000	0.019947	0.003726	0.944110
275	0.027250	0.004073	0.000012	0.000000	0.000156	0.000000	0.020016	0.003714	0.944779
276	0.026857	0.003988	0.000008	0.000000	0.000165	0.000000	0.020130	0.003662	0.945190
277	0.026631	0.003927	0.000004	0.000000	0.000160	0.000000	0.019975	0.003686	0.945617
278	0.025980	0.003855	0.000004	0.000000	0.000150	0.000000	0.019880	0.003772	0.946359
279	0.025569	0.003796	0.000004	0.000000	0.000137	0.000000	0.019791	0.003783	0.946920
280	0.025133	0.003699	0.000001	0.000000	0.000140	0.000000	0.019808	0.003791	0.947428
281	0.024904	0.003575	0.000003	0.000000	0.000133	0.000000	0.019898	0.003819	0.947668
282	0.024442	0.003548	0.000001	0.000000	0.000134	0.000000	0.019785	0.003862	0.948228
283	0.024131	0.003478	0.000001	0.000000	0.000131	0.000000	0.019656	0.003906	0.948697
284	0.023642	0.003432	0.000001	0.000000	0.000129	0.000000	0.019556	0.003876	0.949364
285	0.023225	0.003401	0.000001	0.000000	0.000124	0.000000	0.019607	0.003906	0.949736
286	0.022761	0.003361	0.000000	0.000000	0.000124	0.000000	0.019581	0.003868	0.950305
287	0.022479	0.003294	0.000000	0.000000	0.000124	0.000000	0.019457	0.003790	0.950856
288	0.022087	0.003230	0.000001	0.000000	0.000112	0.000000	0.019394	0.003834	0.951342
289	0.021920	0.003158	0.000001	0.000000	0.000104	0.000000	0.019294	0.003866	0.951657
290	0.021600	0.003052	0.000000	0.000000	0.000088	0.000000	0.019241	0.003820	0.952199
291	0.021229	0.002963	0.000000	0.000000	0.000088	0.000000	0.019153	0.003905	0.952662
292	0.020755	0.002943	0.000000	0.000000	0.000076	0.000000	0.019064	0.003862	0.953300
293	0.020422	0.002895	0.000000	0.000000	0.000072	0.000000	0.019039	0.003878	0.953694
294	0.020090	0.002871	0.000000	0.000000	0.000056	0.000000	0.019124	0.003835	0.954024
295	0.019667	0.002839	0.000000	0.000000	0.000053	0.000000	0.019282	0.003785	0.954374
296	0.019250	0.002759	0.000000	0.000000	0.000048	0.000000	0.019208	0.003814	0.954921
297	0.018815	0.002728	0.000000	0.000000	0.000044	0.000000	0.019110	0.003813	0.955490
298	0.018589	0.002695	0.000000	0.000000	0.000036	0.000000	0.019131	0.003772	0.955777
299	0.018193	0.002606	0.000000	0.000000	0.000042	0.000000	0.019284	0.003718	0.956157
300	0.017797	0.002572	0.000000	0.000000	0.000040	0.000000	0.019068	0.003773	0.956750
301	0.017449	0.002517	0.000000	0.000000	0.000037	0.000000	0.019204	0.003720	0.957073
302	0.017095	0.002490	0.000000	0.000000	0.000035	0.000000	0.019254	0.003719	0.957407
303	0.016880	0.002359	0.000000	0.000000	0.000036	0.000000	0.019323	0.003705	0.957697
304	0.016648	0.002304	0.000000	0.000000	0.000034	0.000000	0.019146	0.003721	0.958147
305	0.016388	0.002270	0.000000	0.000000	0.000033	0.000000	0.019186	0.003811	0.958312
306	0.016002	0.002170	0.000000	0.000000	0.000035	0.000000	0.019248	0.003845	0.958700
307	0.015752	0.002196	0.000000	0.000000	0.000028	0.000000	0.019393	0.003821	0.958810
308	0.015525	0.002157	0.000000	0.000000	0.000033	0.000000	0.019217	0.003785	0.959283
309	0.015228	0.002081	0.000000	0.000000	0.000038	0.000000	0.019308	0.003716	0.959629
310	0.015041	0.001985	0.000000	0.000000	0.000037	0.000000	0.019222	0.003705	0.960010
311	0.014820	0.001918	0.000000	0.000000	0.000033	0.000000	0.019234	0.003768	0.960227
312	0.014662	0.001907	0.000000	0.000000	0.000032	0.000000	0.019204	0.003768	0.960427
313	0.014461	0.001815	0.000000	0.000000	0.000033	0.000000	0.019178	0.003792	0.960721
314	0.014207	0.001774	0.000000	0.000000	0.000030	0.000000	0.019242	0.003813	0.960934
315	0.013929	0.001770	0.000000	0.000000	0.000026	0.000000	0.019356	0.003829	0.961090
316	0.013752	0.001733	0.000000	0.000000	0.000021	0.000000	0.019435	0.003734	0.961325
317	0.013437	0.001700	0.000000	0.000000	0.000014	0.000000	0.019307	0.003701	0.961841
318	0.013182	0.001681	0.000000	0.000000	0.000012	0.000000	0.019337	0.003693	0.962095
319	0.012992	0.001645	0.000000	0.000000	0.000014	0.000000	0.019476	0.003676	0.962197
320	0.012790	0.001590	0.000000	0.000000	0.000014	0.000000	0.019443	0.003704	0.962459
321	0.012712	0.001518	0.000000	0.000000	0.000011	0.000000	0.019431	0.003657	0.962671
322	0.012376	0.001485	0.000000	0.000000	0.000010	0.000000	0.019401	0.003693	0.963035
323	0.012141	0.001515	0.000000	0.000000	0.000009	0.000000	0.019517	0.003701	0.963117
324	0.011923	0.001490	0.000000	0.000000	0.000008	0.000000	0.019404	0.003766	0.963409
325	0.011724	0.001428	0.000000	0.000000	0.000007	0.000000	0.019394	0.003757	0.963690
326	0.011420	0.001416	0.000000	0.000000	0.000007	0.000000	0.019339	0.003817	0.964001
327	0.011257	0.001382	0.000000	0.000000	0.000003	0.000000	0.019288	0.003822	0.964248
328	0.010986	0.001305	0.000000	0.000000	0.000003	0.000000	0.019227	0.003877	0.964602
329	0.010720	0.001273	0.000000	0.000000	0.000000	0.000000	0.019170	0.003912	0.964925
330	0.010549	0.001286	0.000000	0.000000	0.000000	0.000000	0.019144	0.004006	0.965015
331	0.010393	0.001289	0.000000	0.000000	0.000000	0.000000	0.019144	0.003999	0.965175
332	0.010228	0.001295	0.000000	0.000000	0.000000	0.000000	0.019118	0.004014	0.965345
333	0.009988	0.001277	0.000000	0.000000	0.000000	0.000000	0.018943	0.004022	0.965770
334	0.009817	0.001267	0.000000	0.000000	0.000000	0.000000	0.018981	0.004042	0.965893
335	0.009734	0.001214	0.000000	0.000000	0.000000	0.000000	0.018757	0.004048	0.966247
336	0.009495	0.001198	0.000000	0.000000	0.000000	0.000000	0.018726	0.004053	0.966528
337	0.009265	0.001180	0.000000	0.000000	0.000000	0.000000	0.018635	0.003979	0.966941
338	0.009129	0.001195	0.000000	0.000000	0.000000	0.000000	0.018502	0.004007	0.967167
339	0.008933	0.001190	0.000000	0.000000	0.000000	0.000000	0.018513	0.003936	0.967428
340	0.008830	0.001155	0.000000	0.000000	0.000000	0.000000	0.018322	0.003916	0.967777
341	0.008599	0.001115	0.000000	0.000000	0.000000	0.000000	0.018438	0.003939	0.967909
342	0.008324	0.001101	0.000000	0.000000	0.000000	0.000000	0.018285	0.003965	0.968325
343	0.008134	0.001060	0.000000	0.000000	0.000000	0.000000	0.018383	0.003933	0.968490
344	0.007991	0.001000	0.000000	0.000000	0.000000	0.000000	0.018294	0.003950	0.968765
345	0.007830	0.000998	0.000000	0.000000	0.000000	0.000000	0.018238	0.003902	0.969032
346	0.007771	0.000975	0.000000	0.000000	0.000000	0.000000	0.018210	0.003845	0.969199
347	0.007573	0.000964	0.000000	0.000000	0.000000	0.000000	0.018109	0.003900	0.969454
348	0.007462	0.000954	0.000000	0.000000	0.000000	0.000000	0.018151	0.003928	0.969505
349	0.007363	0.000905	0.000000	0.000000	0.000000	0.000000	0.018152	0.003943	0.969637
350	0.007201	0.000913	0.000000	0.000000	0.000000	0.000000	0.018321	0.003920	0.969645
351	0.006999	0.000915	0.000000	0.000000	0.000000	0.000000	0.018298	0.003958	0.969830
352	0.006943	0.000893	0.000000	0.000000	0.000000	0.000000	0.018340	0.003959	0.969865
353	0.006821	0.000887	0.000000	0.000000	0.000000	0.000000	0.018383	0.003981	0.969928
354	0.006657	0.000879	0.000000	0.000000	0.000000	0.000000	0.018279	0.003961	0.970224
355	0.006527	0.000828	0.000000	0.000000	0.000000	0.000000	0.018306	0.003900	0.970439
356	0.006455	0.000819	0.000000	0.000000	0.000000	0.000000	0.018243	0.003930	0.970553
357	0.006375	0.000810	0.000000	0.000000	0.000000	0.000000	0.018290	0.003971	0.970554
358	0.006194	0.000787	0.000000	0.000000	0.000000	0.000000	0.018372	0.003993	0.970654
359	0.006106	0.000811	0.000000	0.000000	0.000000	0.000000	0.018182	0.004046	0.970855
360	0.006033	0.000785	0.000000	0.000000	0.000000	0.000000	0.018151	0.004000	0.971031
361	0.005918	0.000786	0.000000	0.000000	0.000000	0.000000	0.018205	0.004076	0.971015
362	0.005828	0.000788	0.000000	0.000000	0.000000	0.000000	0.018305	0.004084	0.970995
363	0.005838	0.000772	0.000000	0.000000	0.000000	0.000000	0.018219	0.004117	0.971054
364	0.005741	0.000734	0.000000	0.000000	0.000000	0.000000	0.018111	0.004125	0.971289
365	0.005635	0.000706	0.000000	0.000000	0.000000	0.000000	0.018278	0.004068	0.971313
366	0.005555	0.000712	0.000000	0.000000	0.000000	0.000000	0.018089	0.003979	0.971665
367	0.005382	0.000724	0.000000	0.000000	0.000000	0.000000	0.018084	0.003962	0.971848
368	0.005321	0.000702	0.000000	0.000000	0.000000	0.000000	0.018095	0.003900	0.971982
369	0.005193	0.000740	0.000000	0.000000	0.000000	0.000000	0.018203	0.003922	0.971942
370	0.005097	0.000723	0.000000	0.000000	0.000000	0.000000	0.018194	0.003918	0.972068
371	0.005040	0.000694	0.000000	0.000000	0.000000	0.000000	0.018047	0.003975	0.972244
372	0.004927	0.000652	0.000000	0.000000	0.000000	0.000000	0.018038	0.003994	0.972389
373	0.004848	0.000639	0.000000	0.000000	0.000000	0.000000	0.018064	0.003980	0.972469
374	0.004718	0.000614	0.000000	0.000000	0.000000	0.000000	0.018116	0.003973	0.972579
375	0.004600	0.000620	0.000000	0.000000	0.000000	0.000000	0.018108	0.004000	0.972672
376	0.004502	0.000612	0.000000	0.000000	0.000000	0.000000	0.018177	0.004038	0.972671
377	0.004457	0.000593	0.000000	0.000000	0.000000	0.000000	0.018168	0.004028	0.972754
378	0.004282	0.000585	0.000000	0.000000	0.000000	0.000000	0.018068	0.004042	0.973023
379	0.004200	0.000594	0.000000	0.000000	0.000000	0.000000	0.017962	0.004012	0.973232
380	0.004085	0.000609	0.000000	0.000000	0.000000	0.000000	0.017887	0.003995	0.973424
381	0.003954	0.000574	0.000000	0.000000	0.000000	0.000000	0.017937	0.003963	0.973572
382	0.003837	0.000580	0.000000	0.000000	0.000000	0.000000	0.017941	0.003927	0.973715
383	0.003764	0.000572	0.000000	0.000000	0.000000	0.000000	0.017864	0.003850	0.973950
384	0.003678	0.000569	0.000000	0.000000	0.000000	0.000000	0.017837	0.003821	0.974095
385	0.003572	0.000576	0.000000	0.000000	0.000000	0.000000	0.017862	0.003741	0.974249
386	0.003452	0.000576	0.000000	0.000000	0.000000	0.000000	0.017697	0.003737	0.974538
387	0.003360	0.000560	0.000000	0.000000	0.000000	0.000000	0.017611	0.003685	0.974784
388	0.003273	0.000549	0.000000	0.000000	0.000000	0.000000	0.017540	0.003699	0.974939
389	0.003275	0.000519	0.000000	0.000000	0.000000	0.000000	0.017531	0.003611	0.975064
390	0.003165	0.000517	0.000000	0.000000	0.000000	0.000000	0.017635	0.003590	0.975093
391	0.003063	0.000531	0.000000	0.000000	0.000000	0.000000	0.017647	0.003581	0.975178
392	0.002972	0.000505	0.000000	0.000000	0.000000	0.000000	0.017729	0.003526	0.975268
393	0.002902	0.000484	0.000000	0.000000	0.000000	0.000000	0.017775	0.003461	0.975378
394	0.002884	0.000474	0.000000	0.000000	0.000000	0.000000	0.017887	0.003500	0.975255
395	0.002812	0.000438	0.000000	0.000000	0.000000	0.000000	0.018007	0.003469	0.975274
396	0.002744	0.000457	0.000000	0.000000	0.000000	0.000000	0.017803	0.003410	0.975586
397	0.002704	0.000476	0.000000	0.000000	0.000000	0.000000	0.017831	0.003431	0.975558
398	0.002668	0.000463	0.000000	0.000000	0.000000	0.000000	0.017927	0.003390	0.975552
399	0.002577	0.000466	0.000000	0.000000	0.000000	0.000000	0.018018	0.003416	0.975523
400	0.002464	0.000471	0.000000	0.000000	0.000000	0.000000	0.017939	0.003465	0.975661
401	0.002445	0.000444	0.000000	0.000000	0.000000	0.000000	0.017911	0.003483	0.975717
402	0.002358	0.000439	0.000000	0.000000	0.000000	0.000000	0.017879	0.003538	0.975786
403	0.002304	0.000429	0.000000	0.000000	0.000000	0.000000	0.017738	0.003573	0.975956
404	0.002228	0.000411	0.000000	0.000000	0.000000	0.000000	0.017791	0.003466	0.976104
405	0.002144	0.000393	0.000000	0.000000	0.000000	0.000000	0.017750	0.003409	0.976304
406	0.002086	0.000399	0.000000	0.000000	0.000000	0.000000	0.017752	0.003422	0.976341
407	0.002045	0.000403	0.000000	0.000000	0.000000	0.000000	0.017798	0.003400	0.976354
408	0.001937	0.000378	0.000000	0.000000	0.000000	0.000000	0.017859	0.003388	0.976438
409	0.001889	0.000357	0.000000	0.000000	0.000000	0.000000	0.017928	0.003436	0.976390
410	0.001854	0.000344	0.000000	0.000000	0.000000	0.000000	0.017881	0.003439	0.976482
411	0.001804	0.000329	0.000000	0.000000	0.000000	0.000000	0.017809	0.003443	0.976615
412	0.001763	0.000315	0.000000	0.000000	0.000000	0.000000	0.017972	0.003417	0.976533
413	0.001705	0.000314	0.000000	0.000000	0.000000	0.000000	0.017857	0.003449	0.976675
414	0.001649	0.000305	0.000000	0.000000	0.000000	0.000000	0.017935	0.003454	0.976657
415	0.001623	0.000311	0.000000	0.000000	0.000000	0.000000	0.017922	0.003524	0.976620
416	0.001592	0.000296	0.000000	0.000000	0.000000	0.000000	0.017972	0.003492	0.976648
417	0.001521	0.000284	0.000000	0.000000	0.000000	0.000000	0.017810	0.003534	0.976851
418	0.001479	0.000261	0.000000	0.000000	0.000000	0.000000	0.017925	0.003580	0.976755
419	0.001471	0.000254	0.000000	0.000000	0.000000	0.000000	0.017813	0.003635	0.976827
420	0.001432	0.000248	0.000000	0.000000	0.000000	0.000000	0.017758	0.003646	0.976916
421	0.001427	0.000252	0.000000	0.000000	0.000000	0.000000	0.017766	0.003577	0.976978
422	0.001383	0.000248	0.000000	0.000000	0.000000	0.000000	0.017785	0.003544	0.977040
423	0.001395	0.000256	0.000000	0.000000	0.000000	0.000000	0.017862	0.003557	0.976930
424	0.001336	0.000267	0.000000	0.000000	0.000000	0.000000	0.017975	0.003519	0.976903
425	0.001326	0.000236	0.000000	0.000000	0.000000	0.000000	0.018008	0.003542	0.976888
426	0.001318	0.000219	0.000000	0.000000	0.000000	0.000000	0.017941	0.003561	0.976961
427	0.001257	0.000212	0.000000	0.000000	0.000000	0.000000	0.017916	0.003564	0.977051
428	0.001230	0.000206	0.000000	0.000000	0.000000	0.000000	0.017982	0.003537	0.977045
429	0.001214	0.000204	0.000000	0.000000	0.000000	0.000000	0.017805	0.003508	0.977269
430	0.001213	0.000189	0.000000	0.000000	0.000000	0.000000	0.017898	0.003528	0.977172
431	0.001188	0.000181	0.000000	0.000000	0.000000	0.000000	0.017960	0.003542	0.977129
432	0.001169	0.000177	0.000000	0.000000	0.000000	0.000000	0.017868	0.003488	0.977298
433	0.001132	0.000174	0.000000	0.000000	0.000000	0.000000	0.017794	0.003435	0.977465
434	0.001139	0.000169	0.000000	0.000000	0.000000	0.000000	0.017872	0.003517	0.977303
435	0.001071	0.000151	0.000000	0.000000	0.000000	0.000000	0.017944	0.003493	0.977341
436	0.001052	0.000145	0.000000	0.000000	0.000000	0.000000	0.018034	0.003438	0.977331
437	0.001025	0.000152	0.000000	0.000000	0.000000	0.000000	0.018192	0.003505	0.977126
438	0.000979	0.000125	0.000000	0.000000	0.000000	0.000000	0.018108	0.003465	0.977323
439	0.001003	0.000116	0.000000	0.000000	0.000000	0.000000	0.018020	0.003469	0.977392
440	0.000990	0.000101	0.000000	0.000000	0.000000	0.000000	0.018095	0.003458	0.977356
441	0.000941	0.000095	0.000000	0.000000	0.000000	0.000000	0.018119	0.003489	0.977356
442	0.000880	0.000099	0.000000	0.000000	0.000000	0.000000	0.018076	0.003442	0.977503
443	0.000846	0.000079	0.000000	0.000000	0.000000	0.000000	0.017953	0.003458	0.977664
444	0.000827	0.000069	0.000000	0.000000	0.000000	0.000000	0.017881	0.003403	0.977820
445	0.000812	0.000089	0.000000	0.000000	0.000000	0.000000	0.017933	0.003359	0.977807
446	0.000761	0.000097	0.000000	0.000000	0.000000	0.000000	0.018038	0.003343	0.977761
447	0.000747	0.000096	0.000000	0.000000	0.000000	0.000000	0.017985	0.003333	0.977839
448	0.000702	0.000097	0.000000	0.000000	0.000000	0.000000	0.018021	0.003377	0.977803
449	0.000693	0.000096	0.000000	0.000000	0.000000	0.000000	0.018096	0.003368	0.977747
450	0.000691	0.000092	0.000000	0.000000	0.000000	0.000000	0.018117	0.003390	0.977710
451	0.000670	0.000079	0.000000	0.000000	0.000000	0.000000	0.018060	0.003433	0.977758
452	0.000687	0.000074	0.000000	0.000000	0.000000	0.000000	0.018244	0.003422	0.977573
453	0.000661	0.000073	0.000000	0.000000	0.000000	0.000000	0.018262	0.003371	0.977633
454	0.000644	0.000064	0.000000	0.000000	0.000000	0.000000	0.018287	0.003394	0.977611
455	0.000645	0.000061	0.000000	0.000000	0.000000	0.000000	0.018114	0.003355	0.977825
456	0.000615	0.000053	0.000000	0.000000	0.000000	0.000000	0.018195	0.003389	0.977748
457	0.000568	0.000052	0.000000	0.000000	0.000000	0.000000	0.018222	0.003348	0.977810
458	0.000552	0.000048	0.000000	0.000000	0.000000	0.000000	0.018289	0.003274	0.977837
459	0.000550	0.000046	0.000000	0.000000	0.000000	0.000000	0.018166	0.003348	0.977890
460	0.000542	0.000042	0.000000	0.000000	0.000000	0.000000	0.018243	0.003367	0.977806
461	0.000534	0.000046	0.000000	0.000000	0.000000	0.000000	0.018244	0.003259	0.977917
462	0.000533	0.000033	0.000000	0.000000	0.000000	0.000000	0.018282	0.003202	0.977950
463	0.000510	0.000024	0.000000	0.000000	0.000000	0.000000	0.018322	0.003249	0.977895
464	0.000489	0.000013	0.000000	0.000000	0.000000	0.000000	0.018480	0.003239	0.977779
465	0.000466	0.000014	0.000000	0.000000	0.000000	0.000000	0.018354	0.003221	0.977945
466	0.000454	0.000008	0.000000	0.000000	0.000000	0.000000	0.018431	0.003215	0.977892
467	0.000438	0.000011	0.000000	0.000000	0.000000	0.000000	0.018491	0.003197	0.977863
468	0.000431	0.000011	0.000000	0.000000	0.000000	0.000000	0.018565	0.003187	0.977806
469	0.000414	0.000016	0.000000	0.000000	0.000000	0.000000	0.018597	0.003155	0.977818
470	0.000437	0.000014	0.000000	0.000000	0.000000	0.000000	0.018489	0.003110	0.977950
