0	0.290663	0.057897	0.229473	0.157588	0.029913	0.111872	0.085455	0.012259	0.024880
1	0.240247	0.049584	0.207651	0.134631	0.027460	0.116938	0.113699	0.022236	0.087554
2	0.249063	0.051083	0.212689	0.125065	0.026767	0.109009	0.109739	0.021556	0.095029
3	0.263336	0.052655	0.218759	0.116499	0.026357	0.100562	0.103251	0.020133	0.098448
4	0.278694	0.054394	0.223426	0.108790	0.025925	0.091677	0.096857	0.018552	0.101685
5	0.295145	0.055807	0.227806	0.100885	0.025963	0.083094	0.090375	0.017039	0.103886
6	0.310853	0.057191	0.231060	0.093662	0.026289	0.075558	0.084036	0.015546	0.105805
7	0.326050	0.058629	0.233748	0.086803	0.026259	0.068285	0.077946	0.014270	0.108010
8	0.341469	0.059574	0.235026	0.080503	0.026155	0.061536	0.072437	0.013236	0.110064
9	0.356369	0.060603	0.235588	0.074783	0.026294	0.055566	0.067217	0.012223	0.111357
10	0.370119	0.062170	0.235870	0.069131	0.026631	0.049993	0.062354	0.010931	0.112801
11	0.383688	0.062892	0.236235	0.063866	0.026527	0.044856	0.057940	0.010132	0.113864
12	0.396351	0.063929	0.235438	0.058893	0.026808	0.040465	0.053777	0.009278	0.115061
13	0.408382	0.064551	0.235095	0.054334	0.026857	0.036460	0.050255	0.008613	0.115453
14	0.420990	0.065163	0.233779	0.049767	0.027039	0.032652	0.046239	0.008092	0.116279
15	0.431988	0.065742	0.232445	0.045723	0.027362	0.029372	0.042940	0.007353	0.117075
16	0.443277	0.065911	0.230570	0.041944	0.027602	0.026334	0.040019	0.006850	0.117493
17	0.453764	0.066497	0.228209	0.038747	0.028027	0.023349	0.037085	0.006438	0.117884
18	0.463903	0.067070	0.225732	0.035584	0.028072	0.021163	0.034303	0.005914	0.118259
19	0.474210	0.066993	0.223289	0.032713	0.028407	0.018980	0.031951	0.005424	0.118033
20	0.483047	0.067323	0.221494	0.029941	0.028483	0.017068	0.029545	0.004981	0.118118
21	0.491777	0.067819	0.218807	0.027696	0.028778	0.015333	0.027158	0.004534	0.118098
22	0.499787	0.068582	0.215629	0.025538	0.029172	0.013729	0.025601	0.004181	0.117781
23	0.507880	0.068612	0.213222	0.023539	0.029580	0.012340	0.023568	0.003746	0.117513
24	0.516110	0.068693	0.210334	0.021643	0.029856	0.010938	0.021677	0.003424	0.117325
25	0.523164	0.068657	0.207635	0.020035	0.030550	0.009870	0.020361	0.003226	0.116502
26	0.530878	0.068995	0.204659	0.018474	0.030816	0.008854	0.018755	0.003096	0.115473
27	0.537330	0.069247	0.201661	0.016834	0.031194	0.008086	0.017435	0.002847	0.115366
28	0.543321	0.069348	0.199063	0.015853	0.031803	0.007329	0.016239	0.002543	0.114501
29	0.549447	0.069915	0.196304	0.014692	0.031983	0.006701	0.015030	0.002388	0.113540
30	0.556749	0.069201	0.193012	0.013636	0.032473	0.006212	0.013907	0.002148	0.112662
31	0.562578	0.069253	0.190185	0.012694	0.032644	0.005604	0.013107	0.002025	0.111910
32	0.568381	0.069163	0.187667	0.011785	0.033216	0.005069	0.012052	0.001912	0.110755
33	0.573141	0.069171	0.185367	0.010939	0.033875	0.004661	0.011233	0.001768	0.109845
34	0.578158	0.069203	0.182951	0.010228	0.034429	0.004217	0.010535	0.001655	0.108624
35	0.583202	0.069213	0.180354	0.009451	0.035230	0.003776	0.009760	0.001539	0.107475
36	0.588637	0.069002	0.177857	0.008851	0.035661	0.003511	0.009101	0.001446	0.105934
37	0.593726	0.068769	0.175403	0.008348	0.036250	0.003291	0.008330	0.001334	0.104549
38	0.598396	0.068178	0.173247	0.007756	0.036953	0.002958	0.007677	0.001249	0.103586
39	0.603055	0.068369	0.170298	0.007330	0.037365	0.002743	0.007236	0.001193	0.102411
40	0.607939	0.068089	0.167107	0.006982	0.038212	0.002494	0.006619	0.001114	0.101444
41	0.612864	0.067857	0.164715	0.006490	0.038633	0.002303	0.006085	0.000999	0.100054
42	0.617763	0.067602	0.162075	0.006115	0.039365	0.002057	0.005658	0.000936	0.098429
43	0.621522	0.067705	0.159383	0.005924	0.039883	0.001976	0.005288	0.000843	0.097476
44	0.626368	0.067337	0.156900	0.005570	0.040397	0.001784	0.004840	0.000778	0.096026
45	0.630525	0.067462	0.154314	0.005259	0.040893	0.001735	0.004490	0.000734	0.094588
46	0.634989	0.067338	0.151626	0.004912	0.041495	0.001654	0.004212	0.000688	0.093086
47	0.638878	0.067450	0.149389	0.004632	0.042308	0.001633	0.003889	0.000612	0.091209
48	0.642090	0.067024	0.148041	0.004366	0.043201	0.001536	0.003597	0.000562	0.089583
49	0.646319	0.066564	0.145774	0.004230	0.043631	0.001461	0.003353	0.000532	0.088136
50	0.650244	0.066484	0.143776	0.003936	0.044482	0.001374	0.003109	0.000492	0.086103
51	0.654317	0.066210	0.142153	0.003735	0.044872	0.001310	0.002896	0.000447	0.084060
52	0.658469	0.066252	0.139531	0.003543	0.045407	0.001204	0.002649	0.000396	0.082549
53	0.661400	0.066237	0.137945	0.003355	0.046233	0.001108	0.002479	0.000384	0.080859
54	0.665620	0.065962	0.135500	0.003335	0.046569	0.001061	0.002314	0.000377	0.079262
55	0.668574	0.065708	0.134164	0.003131	0.047306	0.001020	0.002190	0.000335	0.077572
56	0.672044	0.065716	0.132429	0.003077	0.048173	0.000974	0.001992	0.000343	0.075252
57	0.675232	0.065804	0.130964	0.002981	0.048694	0.000890	0.001792	0.000323	0.073320
58	0.678007	0.065661	0.129290	0.002977	0.049385	0.000921	0.001740	0.000281	0.071738
59	0.681503	0.065166	0.127637	0.002860	0.050183	0.000860	0.001590	0.000250	0.069951
60	0.684331	0.064929	0.126290	0.002742	0.050990	0.000816	0.001444	0.000211	0.068247
61	0.687307	0.064865	0.124794	0.002681	0.051649	0.000765	0.001320	0.000241	0.066378
62	0.689796	0.064506	0.123731	0.002558	0.052309	0.000765	0.001260	0.000212	0.064863
63	0.692713	0.064318	0.122153	0.002482	0.053146	0.000713	0.001217	0.000179	0.063079
64	0.696173	0.063701	0.120838	0.002464	0.053530	0.000706	0.001070	0.000168	0.061350
65	0.698595	0.063702	0.119121	0.002291	0.054802	0.000687	0.000962	0.000141	0.059699
66	0.701624	0.063347	0.117814	0.002137	0.055465	0.000630	0.000870	0.000148	0.057965
67	0.704139	0.063449	0.116753	0.002037	0.055985	0.000601	0.000816	0.000112	0.056108
68	0.706521	0.063078	0.115400	0.001997	0.056833	0.000600	0.000784	0.000129	0.054658
69	0.708732	0.063104	0.114380	0.001959	0.057616	0.000559	0.000735	0.000108	0.052807
70	0.711370	0.062851	0.113065	0.001914	0.058376	0.000553	0.000662	0.000106	0.051103
71	0.713335	0.062640	0.112185	0.001794	0.059184	0.000526	0.000594	0.000084	0.049658
72	0.715402	0.062439	0.111106	0.001740	0.059980	0.000522	0.000528	0.000094	0.048189
73	0.717025	0.062611	0.109951	0.001672	0.060696	0.000498	0.000479	0.000085	0.046983
74	0.719651	0.062018	0.108526	0.001690	0.061492	0.000456	0.000477	0.000077	0.045613
75	0.721628	0.061728	0.107728	0.001557	0.062378	0.000460	0.000414	0.000068	0.044039
76	0.723170	0.061500	0.107069	0.001526	0.063209	0.000422	0.000378	0.000058	0.042668
77	0.725445	0.061208	0.106084	0.001510	0.063805	0.000389	0.000351	0.000050	0.041158
78	0.727612	0.060909	0.104835	0.001424	0.064813	0.000350	0.000315	0.000042	0.039700
79	0.729383	0.060378	0.103980	0.001361	0.065703	0.000375	0.000285	0.000035	0.038500
80	0.730911	0.060127	0.103346	0.001307	0.066497	0.000351	0.000275	0.000040	0.037146
81	0.732712	0.059779	0.102613	0.001285	0.067580	0.000322	0.000258	0.000026	0.035425
82	0.734559	0.059334	0.101788	0.001213	0.068338	0.000317	0.000244	0.000026	0.034181
83	0.736462	0.059058	0.100817	0.001136	0.069045	0.000331	0.000219	0.000025	0.032907
84	0.737853	0.058714	0.100155	0.001140	0.069677	0.000316	0.000200	0.000028	0.031917
85	0.738811	0.058218	0.099748	0.001086	0.070899	0.000297	0.000180	0.000028	0.030733
86	0.740442	0.057855	0.098870	0.001050	0.071568	0.000302	0.000151	0.000029	0.029733
87	0.741348	0.057484	0.098309	0.001039	0.072669	0.000279	0.000160	0.000023	0.028689
88	0.742547	0.057469	0.097531	0.001030	0.073404	0.000262	0.000146	0.000025	0.027586
89	0.743904	0.057070	0.096835	0.001011	0.074117	0.000241	0.000127	0.000037	0.026658
90	0.745164	0.056773	0.096094	0.001007	0.074811	0.000250	0.000131	0.000030	0.025740
91	0.746363	0.056699	0.095227	0.000942	0.075627	0.000221	0.000130	0.000026	0.024765
92	0.747345	0.056267	0.094911	0.000905	0.076460	0.000228	0.000118	0.000027	0.023739
93	0.747812	0.056137	0.094692	0.000901	0.077214	0.000217	0.000109	0.000021	0.022897
94	0.748368	0.055817	0.093988	0.000921	0.078281	0.000206	0.000080	0.000013	0.022326
95	0.749687	0.054998	0.093654	0.000883	0.078949	0.000199	0.000071	0.000014	0.021545
96	0.750760	0.054801	0.093011	0.000818	0.079693	0.000200	0.000052	0.000020	0.020645
97	0.751695	0.054034	0.092527	0.000763	0.080679	0.000191	0.000060	0.000020	0.020031
98	0.752444	0.053804	0.092218	0.000753	0.081399	0.000173	0.000052	0.000017	0.019140
99	0.753393	0.053049	0.091738	0.000757	0.082366	0.000163	0.000041	0.000017	0.018476
100	0.754244	0.052953	0.091297	0.000738	0.082956	0.000166	0.000036	0.000015	0.017595
101	0.754384	0.052722	0.091027	0.000700	0.083899	0.000174	0.000033	0.000008	0.017053
102	0.755503	0.052350	0.090149	0.000682	0.084649	0.000169	0.000028	0.000012	0.016458
103	0.755997	0.051881	0.089693	0.000660	0.085691	0.000161	0.000024	0.000006	0.015887
104	0.756371	0.051428	0.089447	0.000652	0.086657	0.000163	0.000020	0.000006	0.015256
105	0.756846	0.051120	0.088922	0.000630	0.087529	0.000146	0.000016	0.000009	0.014782
106	0.757384	0.050680	0.088648	0.000616	0.088394	0.000154	0.000023	0.000007	0.014094
107	0.757502	0.050393	0.088345	0.000625	0.089273	0.000137	0.000019	0.000006	0.013700
108	0.758466	0.050145	0.087629	0.000577	0.089774	0.000119	0.000013	0.000000	0.013277
109	0.758700	0.049627	0.087378	0.000570	0.090751	0.000116	0.000011	0.000001	0.012846
110	0.759422	0.049112	0.086786	0.000538	0.091759	0.000108	0.000010	0.000002	0.012263
111	0.759687	0.048729	0.086663	0.000511	0.092420	0.000097	0.000007	0.000002	0.011884
112	0.760419	0.047873	0.086152	0.000479	0.093367	0.000081	0.000011	0.000000	0.011618
113	0.760674	0.047920	0.085787	0.000445	0.093890	0.000086	0.000012	0.000000	0.011186
114	0.760813	0.047368	0.085327	0.000430	0.094984	0.000082	0.000009	0.000000	0.010987
115	0.761135	0.047066	0.085396	0.000431	0.095351	0.000089	0.000009	0.000000	0.010523
116	0.761559	0.046697	0.085139	0.000443	0.095999	0.000083	0.000004	0.000000	0.010076
117	0.761064	0.046320	0.085364	0.000433	0.097075	0.000077	0.000002	0.000000	0.009665
118	0.761100	0.046071	0.085204	0.000390	0.097703	0.000066	0.000006	0.000000	0.009460
119	0.761065	0.045694	0.084752	0.000360	0.098917	0.000075	0.000006	0.000000	0.009131
120	0.760805	0.045796	0.084512	0.000381	0.099491	0.000072	0.000004	0.000000	0.008939
121	0.760466	0.045547	0.084616	0.000373	0.100374	0.000079	0.000002	0.000000	0.008543
122	0.760503	0.045357	0.083983	0.000342	0.101413	0.000074	0.000002	0.000000	0.008326
123	0.760602	0.044822	0.083724	0.000346	0.102331	0.000061	0.000000	0.000000	0.008114
124	0.760596	0.044670	0.083391	0.000294	0.103056	0.000053	0.000000	0.000000	0.007940
125	0.760329	0.044313	0.083451	0.000280	0.104003	0.000060	0.000000	0.000000	0.007564
126	0.760236	0.044011	0.083418	0.000284	0.104649	0.000054	0.000000	0.000000	0.007348
127	0.760341	0.043434	0.082843	0.000264	0.105781	0.000057	0.000000	0.000000	0.007280
128	0.759983	0.043318	0.082905	0.000255	0.106423	0.000053	0.000000	0.000000	0.007063
129	0.760876	0.042742	0.082105	0.000269	0.107056	0.000049	0.000000	0.000000	0.006903
130	0.760644	0.042589	0.081990	0.000263	0.107874	0.000056	0.000000	0.000000	0.006584
131	0.759986	0.042299	0.082017	0.000254	0.108864	0.000058	0.000000	0.000000	0.006522
132	0.759819	0.042056	0.082003	0.000242	0.109492	0.000059	0.000000	0.000000	0.006329
133	0.760096	0.041820	0.081681	0.000228	0.109991	0.000051	0.000000	0.000000	0.006133
134	0.760037	0.041602	0.081375	0.000207	0.110748	0.000054	0.000000	0.000000	0.005977
135	0.760146	0.041269	0.080831	0.000195	0.111649	0.000053	0.000000	0.000000	0.005857
136	0.759888	0.040977	0.080754	0.000204	0.112412	0.000062	0.000000	0.000000	0.005703
137	0.759569	0.040695	0.080559	0.000181	0.113345	0.000060	0.000000	0.000000	0.005591
138	0.759482	0.040619	0.080083	0.000188	0.114028	0.000060	0.000000	0.000000	0.005540
139	0.759702	0.040406	0.079694	0.000196	0.114616	0.000060	0.000000	0.000000	0.005326
140	0.759392	0.040313	0.079483	0.000199	0.115281	0.000051	0.000000	0.000000	0.005281
141	0.758633	0.040435	0.079306	0.000195	0.116335	0.000057	0.000000	0.000000	0.005039
142	0.758381	0.040211	0.079184	0.000184	0.117051	0.000065	0.000000	0.000000	0.004924
143	0.758000	0.039848	0.079215	0.000184	0.117921	0.000061	0.000000	0.000000	0.004771
144	0.757849	0.039730	0.078986	0.000180	0.118527	0.000064	0.000000	0.000000	0.004664
145	0.757815	0.039378	0.078717	0.000181	0.119304	0.000069	0.000000	0.000000	0.004536
146	0.757535	0.039180	0.078368	0.000166	0.120303	0.000071	0.000000	0.000000	0.004377
147	0.756604	0.038749	0.078821	0.000164	0.121308	0.000075	0.000000	0.000000	0.004279
148	0.755849	0.038733	0.078714	0.000155	0.122317	0.000079	0.000000	0.000000	0.004153
149	0.755635	0.038535	0.078683	0.000150	0.122864	0.000079	0.000000	0.000000	0.004054
150	0.755381	0.038061	0.078397	0.000139	0.124030	0.000072	0.000000	0.000000	0.003920
151	0.755210	0.037721	0.078273	0.000122	0.124741	0.000065	0.000000	0.000000	0.003868
152	0.755536	0.037251	0.077865	0.000123	0.125410	0.000065	0.000000	0.000000	0.003750
153	0.755228	0.036988	0.077658	0.000125	0.126278	0.000071	0.000000	0.000000	0.003652
154	0.754188	0.036846	0.077920	0.000119	0.127320	0.000062	0.000000	0.000000	0.003545
155	0.753834	0.036649	0.077923	0.000121	0.127968	0.000073	0.000000	0.000000	0.003432
156	0.753711	0.036300	0.077495	0.000101	0.128973	0.000058	0.000000	0.000000	0.003362
157	0.753027	0.036078	0.077465	0.000111	0.130014	0.000075	0.000000	0.000000	0.003230
158	0.752628	0.035840	0.077398	0.000111	0.130792	0.000078	0.000000	0.000000	0.003153
159	0.753106	0.035420	0.077134	0.000108	0.131120	0.000082	0.000000	0.000000	0.003030
160	0.752266	0.035431	0.077165	0.000113	0.132033	0.000061	0.000000	0.000000	0.002931
161	0.752219	0.034934	0.076980	0.000120	0.132815	0.000068	0.000000	0.000000	0.002864
162	0.751871	0.034504	0.076702	0.000113	0.133932	0.000064	0.000000	0.000000	0.002814
163	0.751161	0.034617	0.076598	0.000108	0.134751	0.000064	0.000000	0.000000	0.002701
164	0.750990	0.034277	0.076680	0.000108	0.135310	0.000063	0.000000	0.000000	0.002572
165	0.751074	0.034053	0.076509	0.000095	0.135661	0.000075	0.000000	0.000000	0.002533
166	0.750743	0.033773	0.076131	0.000111	0.136748	0.000065	0.000000	0.000000	0.002429
167	0.750571	0.033523	0.075803	0.000110	0.137571	0.000067	0.000000	0.000000	0.002355
168	0.749750	0.033382	0.076006	0.000119	0.138332	0.000059	0.000000	0.000000	0.002352
169	0.749269	0.033283	0.075885	0.000122	0.139147	0.000064	0.000000	0.000000	0.002230
170	0.749039	0.033026	0.075835	0.000141	0.139783	0.000055	0.000000	0.000000	0.002121
171	0.748424	0.032915	0.075889	0.000125	0.140514	0.000053	0.000000	0.000000	0.002080
172	0.747697	0.032914	0.075896	0.000130	0.141291	0.000052	0.000000	0.000000	0.002020
173	0.747882	0.032533	0.075346	0.000137	0.142044	0.000047	0.000000	0.000000	0.002011
174	0.747438	0.032391	0.075083	0.000131	0.143019	0.000040	0.000000	0.000000	0.001898
175	0.746959	0.032055	0.075205	0.000124	0.143743	0.000046	0.000000	0.000000	0.001868
176	0.746409	0.031961	0.075189	0.000122	0.144404	0.000043	0.000000	0.000000	0.001872
177	0.746207	0.031566	0.075041	0.000112	0.145210	0.000030	0.000000	0.000000	0.001834
178	0.745276	0.031549	0.074911	0.000105	0.146301	0.000036	0.000000	0.000000	0.001822
179	0.744965	0.031440	0.074616	0.000095	0.147110	0.000043	0.000000	0.000000	0.001731
180	0.744451	0.031185	0.074752	0.000085	0.147834	0.000041	0.000000	0.000000	0.001652
181	0.744013	0.030811	0.074591	0.000091	0.148872	0.000030	0.000000	0.000000	0.001592
182	0.743233	0.030678	0.074613	0.000106	0.149787	0.000036	0.000000	0.000000	0.001547
183	0.742912	0.030352	0.074493	0.000087	0.150540	0.000028	0.000000	0.000000	0.001588
184	0.742483	0.030060	0.074199	0.000071	0.151574	0.000023	0.000000	0.000000	0.001590
185	0.741903	0.029634	0.074352	0.000078	0.152434	0.000028	0.000000	0.000000	0.001571
186	0.742119	0.029454	0.073836	0.000089	0.152969	0.000030	0.000000	0.000000	0.001503
187	0.740905	0.029469	0.073881	0.000096	0.154191	0.000019	0.000000	0.000000	0.001439
188	0.740360	0.029415	0.074082	0.000083	0.154664	0.000022	0.000000	0.000000	0.001374
189	0.739840	0.029435	0.074233	0.000093	0.155065	0.000022	0.000000	0.000000	0.001312
190	0.739109	0.029153	0.074363	0.000093	0.155962	0.000029	0.000000	0.000000	0.001291
191	0.737816	0.029170	0.074550	0.000093	0.157055	0.000028	0.000000	0.000000	0.001288
192	0.737557	0.028804	0.074292	0.000089	0.157991	0.000024	0.000000	0.000000	0.001243
193	0.736806	0.028659	0.074216	0.000098	0.158992	0.000027	0.000000	0.000000	0.001202
194	0.736237	0.028291	0.074161	0.000098	0.159960	0.000028	0.000000	0.000000	0.001225
195	0.735996	0.028198	0.073889	0.000092	0.160633	0.000034	0.000000	0.000000	0.001158
196	0.735635	0.027949	0.073951	0.000100	0.161208	0.000036	0.000000	0.000000	0.001121
197	0.734629	0.027709	0.073987	0.000094	0.162437	0.000021	0.000000	0.000000	0.001123
198	0.733691	0.027619	0.073988	0.000091	0.163474	0.000023	0.000000	0.000000	0.001114
199	0.733439	0.027384	0.073615	0.000090	0.164319	0.000029	0.000000	0.000000	0.001124
200	0.732834	0.027325	0.073619	0.000107	0.164968	0.000029	0.000000	0.000000	0.001118
201	0.732106	0.027313	0.073246	0.000116	0.166069	0.000027	0.000000	0.000000	0.001123
202	0.731602	0.027149	0.073300	0.000119	0.166746	0.000028	0.000000	0.000000	0.001056
203	0.730982	0.026981	0.073246	0.000116	0.167598	0.000026	0.000000	0.000000	0.001051
204	0.730655	0.027114	0.072858	0.000116	0.168188	0.000036	0.000000	0.000000	0.001033
205	0.730439	0.026637	0.072720	0.000130	0.168968	0.000030	0.000000	0.000000	0.001076
206	0.729657	0.026705	0.072790	0.000112	0.169646	0.000033	0.000000	0.000000	0.001057
207	0.729267	0.026350	0.072466	0.000116	0.170692	0.000038	0.000000	0.000000	0.001071
208	0.728762	0.026228	0.072313	0.000113	0.171511	0.000042	0.000000	0.000000	0.001031
209	0.727995	0.026016	0.072435	0.000110	0.172401	0.000037	0.000000	0.000000	0.001006
210	0.727712	0.025832	0.072541	0.000106	0.172752	0.000046	0.000000	0.000000	0.001011
211	0.726948	0.025807	0.072529	0.000117	0.173550	0.000043	0.000000	0.000000	0.001006
212	0.726738	0.025523	0.072306	0.000096	0.174290	0.000051	0.000000	0.000000	0.000996
213	0.726350	0.025483	0.072086	0.000093	0.174958	0.000045	0.000000	0.000000	0.000985
214	0.725446	0.025327	0.072405	0.000093	0.175732	0.000034	0.000000	0.000000	0.000963
215	0.725212	0.025190	0.072020	0.000083	0.176528	0.000034	0.000000	0.000000	0.000933
216	0.724330	0.025024	0.071917	0.000075	0.177697	0.000029	0.000000	0.000000	0.000928
217	0.724488	0.024637	0.071397	0.000090	0.178420	0.000032	0.000000	0.000000	0.000936
218	0.723799	0.024590	0.071421	0.000088	0.179145	0.000035	0.000000	0.000000	0.000922
219	0.722918	0.024495	0.071233	0.000108	0.180347	0.000040	0.000000	0.000000	0.000859
220	0.722427	0.024199	0.071099	0.000113	0.181275	0.000035	0.000000	0.000000	0.000852
221	0.722166	0.024123	0.070930	0.000105	0.181818	0.000040	0.000000	0.000000	0.000818
222	0.721567	0.023990	0.070922	0.000099	0.182547	0.000041	0.000000	0.000000	0.000834
223	0.720292	0.024039	0.071178	0.000095	0.183571	0.000043	0.000000	0.000000	0.000782
224	0.719724	0.024120	0.071240	0.000079	0.184030	0.000044	0.000000	0.000000	0.000763
225	0.719367	0.023921	0.071017	0.000072	0.184813	0.000046	0.000000	0.000000	0.000764
226	0.718619	0.023775	0.071040	0.000066	0.185683	0.000054	0.000000	0.000000	0.000763
227	0.717980	0.023682	0.070899	0.000055	0.186555	0.000051	0.000000	0.000000	0.000778
228	0.717911	0.023497	0.070429	0.000048	0.187331	0.000055	0.000000	0.000000	0.000729
229	0.716837	0.023440	0.070595	0.000041	0.188275	0.000058	0.000000	0.000000	0.000754
230	0.716340	0.023248	0.070343	0.000035	0.189259	0.000060	0.000000	0.000000	0.000715
231	0.715579	0.023123	0.070119	0.000031	0.190372	0.000057	0.000000	0.000000	0.000719
232	0.714631	0.022993	0.070341	0.000027	0.191265	0.000060	0.000000	0.000000	0.000683
233	0.714109	0.023074	0.069913	0.000036	0.192132	0.000054	0.000000	0.000000	0.000682
234	0.713740	0.022680	0.069644	0.000041	0.193137	0.000064	0.000000	0.000000	0.000694
235	0.713193	0.022483	0.069566	0.000029	0.193994	0.000057	0.000000	0.000000	0.000678
236	0.712913	0.022275	0.069487	0.000027	0.194610	0.000048	0.000000	0.000000	0.000640
237	0.712695	0.021979	0.069267	0.000032	0.195341	0.000052	0.000000	0.000000	0.000634
238	0.711368	0.021888	0.069451	0.000026	0.196567	0.000053	0.000000	0.000000	0.000647
239	0.710741	0.021762	0.069429	0.000022	0.197366	0.000057	0.000000	0.000000	0.000623
240	0.710199	0.021820	0.069317	0.000014	0.197971	0.000049	0.000000	0.000000	0.000630
241	0.709556	0.021599	0.069223	0.000018	0.198942	0.000047	0.000000	0.000000	0.000615
242	0.708900	0.021525	0.069129	0.000020	0.199794	0.000042	0.000000	0.000000	0.000590
243	0.707791	0.021433	0.069427	0.000028	0.200719	0.000047	0.000000	0.000000	0.000555
244	0.707005	0.021376	0.069333	0.000021	0.201674	0.000044	0.000000	0.000000	0.000547
245	0.706656	0.021237	0.069202	0.000020	0.202288	0.000052	0.000000	0.000000	0.000545
246	0.705739	0.021189	0.069417	0.000024	0.203029	0.000051	0.000000	0.000000	0.000551
247	0.704438	0.021190	0.069720	0.000031	0.204057	0.000045	0.000000	0.000000	0.000519
248	0.703997	0.021127	0.069205	0.000035	0.205064	0.000044	0.000000	0.000000	0.000528
249	0.702872	0.021125	0.069257	0.000032	0.206170	0.000035	0.000000	0.000000	0.000509
250	0.702019	0.021019	0.069199	0.000036	0.207187	0.000040	0.000000	0.000000	0.000500
251	0.701386	0.020966	0.069167	0.000029	0.207919	0.000035	0.000000	0.000000	0.000498
252	0.700382	0.020934	0.069175	0.000039	0.208941	0.000045	0.000000	0.000000	0.000484
253	0.699696	0.020657	0.069187	0.000046	0.209890	0.000040	0.000000	0.000000	0.000484
254	0.699697	0.020547	0.068926	0.000041	0.210293	0.000052	0.000000	0.000000	0.000444
255	0.698718	0.020397	0.069005	0.000048	0.211313	0.000038	0.000000	0.000000	0.000481
256	0.697641	0.020184	0.068862	0.000047	0.212781	0.000038	0.000000	0.000000	0.000447
257	0.696980	0.020148	0.068446	0.000051	0.213886	0.000038	0.000000	0.000000	0.000451
258	0.696349	0.019912	0.068448	0.000051	0.214744	0.000041	0.000000	0.000000	0.000455
259	0.695600	0.019751	0.068154	0.000057	0.215949	0.000038	0.000000	0.000000	0.000451
260	0.694816	0.019702	0.068018	0.000064	0.216926	0.000043	0.000000	0.000000	0.000431
261	0.693888	0.019577	0.068263	0.000055	0.217777	0.000043	0.000000	0.000000	0.000397
262	0.692893	0.019521	0.068282	0.000057	0.218797	0.000047	0.000000	0.000000	0.000403
263	0.692716	0.019444	0.068087	0.000057	0.219221	0.000043	0.000000	0.000000	0.000432
264	0.692307	0.019304	0.067854	0.000063	0.220004	0.000035	0.000000	0.000000	0.000433
265	0.690732	0.019161	0.068261	0.000061	0.221297	0.000036	0.000000	0.000000	0.000452
266	0.690272	0.019096	0.067924	0.000057	0.222192	0.000042	0.000000	0.000000	0.000417
267	0.689536	0.018792	0.067946	0.000061	0.223210	0.000043	0.000000	0.000000	0.000412
268	0.689137	0.018734	0.067522	0.000049	0.224116	0.000042	0.000000	0.000000	0.000400
269	0.688508	0.018634	0.067405	0.000051	0.224981	0.000037	0.000000	0.000000	0.000384
270	0.687955	0.018458	0.067495	0.000059	0.225607	0.000042	0.000000	0.000000	0.000384
271	0.687229	0.018319	0.067558	0.000054	0.226417	0.000043	0.000000	0.000000	0.000380
272	0.686594	0.018319	0.067154	0.000061	0.227437	0.000048	0.000000	0.000000	0.000387
273	0.685392	0.018364	0.067386	0.000061	0.228349	0.000046	0.000000	0.000000	0.000402
274	0.684852	0.018414	0.067070	0.000066	0.229142	0.000061	0.000000	0.000000	0.000395
275	0.684052	0.018317	0.067337	0.000070	0.229790	0.000057	0.000000	0.000000	0.000377
276	0.683329	0.018213	0.067192	0.000081	0.230768	0.000056	0.000000	0.000000	0.000361
277	0.682768	0.017955	0.066928	0.000078	0.231846	0.000057	0.000000	0.000000	0.000368
278	0.681834	0.017759	0.066995	0.000074	0.232925	0.000057	0.000000	0.000000	0.000356
279	0.680818	0.017660	0.066928	0.000072	0.234127	0.000054	0.000000	0.000000	0.000341
280	0.680200	0.017523	0.066816	0.000062	0.235030	0.000039	0.000000	0.000000	0.000330
281	0.679414	0.017510	0.066896	0.000057	0.235748	0.000046	0.000000	0.000000	0.000329
282	0.678707	0.017386	0.066601	0.000057	0.236836	0.000047	0.000000	0.000000	0.000366
283	0.677360	0.017449	0.066659	0.000050	0.238084	0.000038	0.000000	0.000000	0.000360
284	0.676860	0.017316	0.066391	0.000053	0.239005	0.000034	0.000000	0.000000	0.000341
285	0.676368	0.017194	0.066496	0.000048	0.239518	0.000036	0.000000	0.000000	0.000340
286	0.675277	0.017253	0.066365	0.000045	0.240651	0.000047	0.000000	0.000000	0.000362
287	0.674618	0.017040	0.066418	0.000044	0.241492	0.000035	0.000000	0.000000	0.000353
288	0.673896	0.016918	0.066348	0.000043	0.242423	0.000044	0.000000	0.000000	0.000328
289	0.673220	0.016708	0.066258	0.000043	0.243401	0.000044	0.000000	0.000000	0.000326
290	0.672430	0.016577	0.066085	0.000034	0.244515	0.000038	0.000000	0.000000	0.000321
291	0.671387	0.016482	0.066215	0.000040	0.245490	0.000044	0.000000	0.000000	0.000342
292	0.670869	0.016287	0.066268	0.000035	0.246142	0.000044	0.000000	0.000000	0.000355
293	0.669970	0.016141	0.066211	0.000033	0.247225	0.000040	0.000000	0.000000	0.000380
294	0.669506	0.016061	0.065906	0.000028	0.248080	0.000045	0.000000	0.000000	0.000374
295	0.668836	0.015869	0.065762	0.000024	0.249090	0.000049	0.000000	0.000000	0.000370
296	0.667924	0.015801	0.065712	0.000021	0.250151	0.000050	0.000000	0.000000	0.000341
297	0.667110	0.015645	0.065698	0.000018	0.251131	0.000049	0.000000	0.000000	0.000349
298	0.666524	0.015577	0.065396	0.000018	0.252069	0.000054	0.000000	0.000000	0.000362
299	0.664989	0.015494	0.066126	0.000018	0.252969	0.000050	0.000000	0.000000	0.000354
300	0.664479	0.015381	0.066028	0.000026	0.253684	0.000049	0.000000	0.000000	0.000353
301	0.663387	0.015262	0.065909	0.000021	0.255007	0.000044	0.000000	0.000000	0.000370
302	0.662656	0.015298	0.065967	0.000015	0.255686	0.000040	0.000000	0.000000	0.000338
303	0.661999	0.015079	0.065680	0.000018	0.256822	0.000034	0.000000	0.000000	0.000368
304	0.661616	0.015060	0.065414	0.000013	0.257517	0.000032	0.000000	0.000000	0.000348
305	0.661182	0.014933	0.065359	0.000008	0.258147	0.000029	0.000000	0.000000	0.000342
306	0.660254	0.014898	0.065135	0.000009	0.259324	0.000039	0.000000	0.000000	0.000341
307	0.659372	0.014906	0.065123	0.000008	0.260214	0.000033	0.000000	0.000000	0.000344
308	0.658464	0.014812	0.065033	0.000004	0.261327	0.000028	0.000000	0.000000	0.000332
309	0.657956	0.014613	0.064816	0.000004	0.262271	0.000023	0.000000	0.000000	0.000317
310	0.657145	0.014687	0.064699	0.000005	0.263132	0.000026	0.000000	0.000000	0.000306
311	0.656196	0.014527	0.064690	0.000002	0.264237	0.000026	0.000000	0.000000	0.000322
312	0.655427	0.014445	0.064765	0.000002	0.265044	0.000022	0.000000	0.000000	0.000295
313	0.655025	0.014139	0.064884	0.000003	0.265620	0.000022	0.000000	0.000000	0.000307
314	0.654118	0.014050	0.064709	0.000005	0.266806	0.000020	0.000000	0.000000	0.000292
315	0.653031	0.013939	0.064965	0.000008	0.267751	0.000017	0.000000	0.000000	0.000289
316	0.652009	0.013828	0.065201	0.000012	0.268648	0.000015	0.000000	0.000000	0.000287
317	0.651312	0.013558	0.065290	0.000008	0.269541	0.000014	0.000000	0.000000	0.000277
318	0.650233	0.013515	0.065247	0.000003	0.270704	0.000015	0.000000	0.000000	0.000283
319	0.649407	0.013544	0.065259	0.000005	0.271470	0.000018	0.000000	0.000000	0.000297
320	0.648706	0.013539	0.065203	0.000006	0.272253	0.000018	0.000000	0.000000	0.000275
321	0.648164	0.013503	0.064769	0.000006	0.273264	0.000015	0.000000	0.000000	0.000279
322	0.647430	0.013221	0.064963	0.000003	0.274094	0.000017	0.000000	0.000000	0.000272
323	0.646757	0.013178	0.064501	0.000004	0.275274	0.000016	0.000000	0.000000	0.000270
324	0.646436	0.013104	0.064213	0.000005	0.275972	0.000019	0.000000	0.000000	0.000251
325	0.645383	0.012907	0.064455	0.000003	0.276973	0.000017	0.000000	0.000000	0.000262
326	0.644755	0.012839	0.064588	0.000002	0.277559	0.000012	0.000000	0.000000	0.000245
327	0.643212	0.012964	0.064838	0.000004	0.278722	0.000013	0.000000	0.000000	0.000247
328	0.642686	0.012873	0.064686	0.000004	0.279514	0.000013	0.000000	0.000000	0.000224
329	0.642069	0.012804	0.064517	0.000004	0.280374	0.000007	0.000000	0.000000	0.000225
330	0.641581	0.012741	0.064266	0.000004	0.281163	0.000003	0.000000	0.000000	0.000242
331	0.640980	0.012706	0.064194	0.000001	0.281906	0.000003	0.000000	0.000000	0.000210
332	0.640448	0.012558	0.064152	0.000002	0.282637	0.000010	0.000000	0.000000	0.000193
333	0.639922	0.012576	0.063773	0.000001	0.283537	0.000008	0.000000	0.000000	0.000183
334	0.638776	0.012424	0.063795	0.000002	0.284819	0.000007	0.000000	0.000000	0.000177
335	0.637513	0.012321	0.063781	0.000002	0.286215	0.000010	0.000000	0.000000	0.000158
336	0.637051	0.012228	0.063420	0.000003	0.287141	0.000008	0.000000	0.000000	0.000149
337	0.636211	0.012126	0.063375	0.000004	0.288120	0.000011	0.000000	0.000000	0.000153
338	0.634786	0.012144	0.063356	0.000003	0.289580	0.000003	0.000000	0.000000	0.000128
339	0.633777	0.012198	0.063156	0.000002	0.290715	0.000006	0.000000	0.000000	0.000146
340	0.633721	0.012124	0.062794	0.000004	0.291205	0.000009	0.000000	0.000000	0.000143
341	0.632691	0.012098	0.062717	0.000004	0.292337	0.000007	0.000000	0.000000	0.000146
342	0.631987	0.012118	0.062592	0.000002	0.293162	0.000010	0.000000	0.000000	0.000129
343	0.631120	0.012007	0.062657	0.000004	0.294087	0.000012	0.000000	0.000000	0.000113
344	0.630423	0.011947	0.062346	0.000002	0.295155	0.000010	0.000000	0.000000	0.000117
345	0.629509	0.011955	0.062460	0.000002	0.295954	0.000010	0.000000	0.000000	0.000110
346	0.628638	0.011794	0.062571	0.000002	0.296887	0.000010	0.000000	0.000000	0.000098
347	0.627619	0.011772	0.062800	0.000004	0.297701	0.000002	0.000000	0.000000	0.000102
348	0.627241	0.011619	0.062604	0.000003	0.298436	0.000005	0.000000	0.000000	0.000092
349	0.626337	0.011706	0.062696	0.000000	0.299180	0.000002	0.000000	0.000000	0.000079
350	0.625546	0.011657	0.062745	0.000000	0.299988	0.000001	0.000000	0.000000	0.000063
351	0.624529	0.011634	0.062708	0.000000	0.301056	0.000004	0.000000	0.000000	0.000069
352	0.624056	0.011588	0.062507	0.000000	0.301784	0.000002	0.000000	0.000000	0.000063
353	0.623127	0.011491	0.062728	0.000000	0.302604	0.000002	0.000000	0.000000	0.000048
354	0.622293	0.011400	0.062378	0.000000	0.303873	0.000003	0.000000	0.000000	0.000053
355	0.621050	0.011311	0.062729	0.000000	0.304861	0.000002	0.000000	0.000000	0.000047
356	0.620617	0.011210	0.062526	0.000000	0.305608	0.000003	0.000000	0.000000	0.000036
357	0.619783	0.011121	0.062540	0.000000	0.306522	0.000001	0.000000	0.000000	0.000033
358	0.618824	0.010988	0.062455	0.000000	0.307701	0.000001	0.000000	0.000000	0.000031
359	0.618039	0.011008	0.062257	0.000000	0.308667	0.000003	0.000000	0.000000	0.000026
360	0.616900	0.011007	0.062609	0.000000	0.309461	0.000004	0.000000	0.000000	0.000019
361	0.616047	0.011022	0.062608	0.000000	0.310306	0.000004	0.000000	0.000000	0.000013
362	0.615463	0.010956	0.062312	0.000000	0.311251	0.000005	0.000000	0.000000	0.000013
363	0.614423	0.010945	0.062103	0.000000	0.312511	0.000005	0.000000	0.000000	0.000013
364	0.613648	0.010860	0.061919	0.000000	0.313563	0.000003	0.000000	0.000000	0.000007
365	0.612774	0.010818	0.061818	0.000000	0.314581	0.000001	0.000000	0.000000	0.000008
366	0.612365	0.010769	0.061641	0.000000	0.315218	0.000001	0.000000	0.000000	0.000006
367	0.611675	0.010732	0.061439	0.000000	0.316149	0.000001	0.000000	0.000000	0.000004
368	0.610566	0.010571	0.061653	0.000000	0.317205	0.000000	0.000000	0.000000	0.000005
369	0.609864	0.010448	0.061323	0.000000	0.318360	0.000000	0.000000	0.000000	0.000005
370	0.608709	0.010499	0.061624	0.000000	0.319159	0.000000	0.000000	0.000000	0.000009
371	0.608001	0.010421	0.061414	0.000000	0.320155	0.000002	0.000000	0.000000	0.000007
372	0.607586	0.010419	0.061384	0.000000	0.320603	0.000003	0.000000	0.000000	0.000005
373	0.606351	0.010374	0.061593	0.000000	0.321676	0.000002	0.000000	0.000000	0.000004
374	0.605440	0.010282	0.061746	0.000000	0.322527	0.000003	0.000000	0.000000	0.000002
375	0.604910	0.010188	0.061469	0.000000	0.323428	0.000005	0.000000	0.000000	0.000000
376	0.604158	0.010157	0.061361	0.000000	0.324320	0.000002	0.000000	0.000000	0.000002
377	0.604373	0.010118	0.060842	0.000000	0.324660	0.000004	0.000000	0.000000	0.000003
378	0.603041	0.010104	0.060907	0.000000	0.325942	0.000004	0.000000	0.000000	0.000002
379	0.602191	0.010073	0.060611	0.000000	0.327117	0.000005	0.000000	0.000000	0.000003
380	0.600812	0.010060	0.060756	0.000000	0.328365	0.000005	0.000000	0.000000	0.000002
381	0.599962	0.009941	0.060884	0.000000	0.329210	0.000003	0.000000	0.000000	0.000000
382	0.598995	0.009872	0.061085	0.000000	0.330046	0.000002	0.000000	0.000000	0.000000
383	0.598025	0.009874	0.060741	0.000000	0.331358	0.000002	0.000000	0.000000	0.000000
384	0.597092	0.009771	0.060702	0.000000	0.332434	0.000001	0.000000	0.000000	0.000000
385	0.596061	0.009688	0.060834	0.000000	0.333416	0.000001	0.000000	0.000000	0.000000
386	0.594972	0.009782	0.060775	0.000000	0.334468	0.000003	0.000000	0.000000	0.000000
387	0.594515	0.009646	0.060541	0.000000	0.335298	0.000000	0.000000	0.000000	0.000000
388	0.593881	0.009539	0.060220	0.000000	0.336358	0.000002	0.000000	0.000000	0.000000
389	0.592369	0.009629	0.060337	0.000000	0.337661	0.000004	0.000000	0.000000	0.000000
390	0.591262	0.009693	0.060617	0.000000	0.338426	0.000002	0.000000	0.000000	0.000000
391	0.590474	0.009561	0.060478	0.000000	0.339485	0.000002	0.000000	0.000000	0.000000
392	0.589692	0.009564	0.060451	0.000000	0.340290	0.000003	0.000000	0.000000	0.000000
393	0.588944	0.009518	0.060348	0.000000	0.341185	0.000005	0.000000	0.000000	0.000000
394	0.588028	0.009386	0.060302	0.000000	0.342280	0.000004	0.000000	0.000000	0.000000
395	0.587311	0.009424	0.060119	0.000000	0.343142	0.000004	0.000000	0.000000	0.000000
396	0.586459	0.009260	0.059875	0.000000	0.344397	0.000009	0.000000	0.000000	0.000000
397	0.585685	0.009315	0.059652	0.000000	0.345339	0.000009	0.000000	0.000000	0.000000
398	0.584697	0.009348	0.059553	0.000000	0.346393	0.000009	0.000000	0.000000	0.000000
399	0.583578	0.009174	0.059491	0.000000	0.347750	0.000007	0.000000	0.000000	0.000000
400	0.583282	0.009053	0.059283	0.000000	0.348375	0.000007	0.000000	0.000000	0.000000
401	0.581972	0.009017	0.059472	0.000000	0.349530	0.000009	0.000000	0.000000	0.000000
402	0.580935	0.008898	0.059477	0.000000	0.350676	0.000014	0.000000	0.000000	0.000000
403	0.580226	0.008896	0.059552	0.000000	0.351315	0.000011	0.000000	0.000000	0.000000
404	0.578815	0.008821	0.059724	0.000000	0.352626	0.000014	0.000000	0.000000	0.000000
405	0.578069	0.008707	0.059528	0.000000	0.353682	0.000014	0.000000	0.000000	0.000000
406	0.577224	0.008670	0.059657	0.000000	0.354437	0.000012	0.000000	0.000000	0.000000
407	0.576682	0.008640	0.059456	0.000000	0.355211	0.000011	0.000000	0.000000	0.000000
408	0.575898	0.008536	0.059140	0.000000	0.356417	0.000009	0.000000	0.000000	0.000000
409	0.575527	0.008449	0.058968	0.000000	0.357050	0.000006	0.000000	0.000000	0.000000
410	0.574515	0.008516	0.058826	0.000000	0.358139	0.000004	0.000000	0.000000	0.000000
411	0.573744	0.008466	0.058547	0.000000	0.359240	0.000003	0.000000	0.000000	0.000000
412	0.572468	0.008481	0.058241	0.000000	0.360808	0.000002	0.000000	0.000000	0.000000
413	0.572000	0.008271	0.058152	0.000000	0.361574	0.000003	0.000000	0.000000	0.000000
414	0.570892	0.008293	0.058150	0.000000	0.362663	0.000002	0.000000	0.000000	0.000000
415	0.570359	0.008207	0.057967	0.000000	0.363465	0.000002	0.000000	0.000000	0.000000
416	0.569394	0.008301	0.057746	0.000000	0.364558	0.000001	0.000000	0.000000	0.000000
417	0.568614	0.008300	0.057661	0.000000	0.365422	0.000003	0.000000	0.000000	0.000000
418	0.568208	0.008268	0.057492	0.000000	0.366032	0.000000	0.000000	0.000000	0.000000
419	0.567632	0.008240	0.057586	0.000000	0.366540	0.000002	0.000000	0.000000	0.000000
420	0.566530	0.008323	0.057447	0.000000	0.367696	0.000004	0.000000	0.000000	0.000000
421	0.565835	0.008188	0.057557	0.000000	0.368417	0.000003	0.000000	0.000000	0.000000
422	0.565449	0.008280	0.057169	0.000000	0.369101	0.000001	0.000000	0.000000	0.000000
423	0.564305	0.008192	0.057046	0.000000	0.370457	0.000000	0.000000	0.000000	0.000000
424	0.563665	0.008235	0.056911	0.000000	0.371189	0.000000	0.000000	0.000000	0.000000
425	0.562902	0.008078	0.056860	0.000000	0.372160	0.000000	0.000000	0.000000	0.000000
426	0.561712	0.008109	0.056805	0.000000	0.373374	0.000000	0.000000	0.000000	0.000000
427	0.560742	0.008051	0.056846	0.000000	0.374361	0.000000	0.000000	0.000000	0.000000
428	0.559939	0.008178	0.056764	0.000000	0.375119	0.000000	0.000000	0.000000	0.000000
429	0.559105	0.007970	0.056739	0.000000	0.376186	0.000000	0.000000	0.000000	0.000000
430	0.558391	0.007840	0.056646	0.000000	0.377123	0.000000	0.000000	0.000000	0.000000
431	0.557394	0.007809	0.056775	0.000000	0.378022	0.000000	0.000000	0.000000	0.000000
432	0.556186	0.007890	0.056558	0.000000	0.379366	0.000000	0.000000	0.000000	0.000000
433	0.555156	0.007821	0.056452	0.000000	0.380571	0.000000	0.000000	0.000000	0.000000
434	0.554707	0.007859	0.056353	0.000000	0.381081	0.000000	0.000000	0.000000	0.000000
435	0.553555	0.007892	0.056324	0.000000	0.382229	0.000000	0.000000	0.000000	0.000000
436	0.552604	0.007922	0.056306	0.000000	0.383168	0.000000	0.000000	0.000000	0.000000
437	0.551617	0.007816	0.056652	0.000000	0.383915	0.000000	0.000000	0.000000	0.000000
438	0.550418	0.007929	0.056542	0.000000	0.385111	0.000000	0.000000	0.000000	0.000000
439	0.549478	0.007794	0.056596	0.000000	0.386132	0.000000	0.000000	0.000000	0.000000
440	0.548864	0.007708	0.056462	0.000000	0.386966	0.000000	0.000000	0.000000	0.000000
441	0.548019	0.007735	0.056204	0.000000	0.388042	0.000000	0.000000	0.000000	0.000000
442	0.546874	0.007600	0.056259	0.000000	0.389267	0.000000	0.000000	0.000000	0.000000
443	0.546155	0.007515	0.056121	0.000000	0.390209	0.000000	0.000000	0.000000	0.000000
444	0.545337	0.007465	0.056118	0.000000	0.391080	0.000000	0.000000	0.000000	0.000000
445	0.544305	0.007446	0.056120	0.000000	0.392129	0.000000	0.000000	0.000000	0.000000
446	0.543470	0.007370	0.056042	0.000000	0.393118	0.000000	0.000000	0.000000	0.000000
447	0.542536	0.007434	0.055730	0.000000	0.394300	0.000000	0.000000	0.000000	0.000000
448	0.541674	0.007368	0.055864	0.000000	0.395094	0.000000	0.000000	0.000000	0.000000
449	0.540635	0.007361	0.055975	0.000000	0.396029	0.000000	0.000000	0.000000	0.000000
450	0.540085	0.007256	0.055780	0.000000	0.396879	0.000000	0.000000	0.000000	0.000000
451	0.539285	0.007183	0.055620	0.000000	0.397912	0.000000	0.000000	0.000000	0.000000
452	0.538780	0.007264	0.055530	0.000000	0.398426	0.000000	0.000000	0.000000	0.000000
453	0.537800	0.007260	0.055617	0.000000	0.399323	0.000000	0.000000	0.000000	0.000000
454	0.537012	0.007207	0.055700	0.000000	0.400081	0.000000	0.000000	0.000000	0.000000
455	0.535857	0.007232	0.055561	0.000000	0.401350	0.000000	0.000000	0.000000	0.000000
456	0.534933	0.007172	0.055403	0.000000	0.402492	0.000000	0.000000	0.000000	0.000000
457	0.534330	0.007167	0.055062	0.000000	0.403441	0.000000	0.000000	0.000000	0.000000
458	0.533074	0.007202	0.054950	0.000000	0.404774	0.000000	0.000000	0.000000	0.000000
459	0.532589	0.007062	0.054647	0.000000	0.405702	0.000000	0.000000	0.000000	0.000000
460	0.531518	0.007099	0.054676	0.000000	0.406707	0.000000	0.000000	0.000000	0.000000
461	0.530633	0.007089	0.054629	0.000000	0.407649	0.000000	0.000000	0.000000	0.000000
462	0.529348	0.007117	0.054776	0.000000	0.408759	0.000000	0.000000	0.000000	0.000000
463	0.528521	0.007059	0.054819	0.000000	0.409601	0.000000	0.000000	0.000000	0.000000
464	0.528100	0.007056	0.054639	0.000000	0.410205	0.000000	0.000000	0.000000	0.000000
465	0.527174	0.007009	0.054430	0.000000	0.411387	0.000000	0.000000	0.000000	0.000000
466	0.526001	0.006925	0.054287	0.000000	0.412787	0.000000	0.000000	0.000000	0.000000
467	0.525430	0.006980	0.053873	0.000000	0.413717	0.000000	0.000000	0.000000	0.000000
468	0.525045	0.006964	0.053644	0.000000	0.414347	0.000000	0.000000	0.000000	0.000000
469	0.523858	0.006955	0.053928	0.000000	0.415259	0.000000	0.000000	0.000000	0.000000
470	0.522908	0.006886	0.053916	0.000000	0.416290	0.000000	0.000000	0.000000	0.000000
