0	0.290663	0.057897	0.229473	0.157588	0.029913	0.111872	0.085455	0.012259	0.024880
1	0.232204	0.047727	0.199020	0.141215	0.029035	0.120492	0.118293	0.022782	0.089232
2	0.231398	0.046518	0.199144	0.136655	0.029730	0.118211	0.118213	0.022931	0.097200
3	0.236937	0.046578	0.200856	0.133093	0.030717	0.114375	0.115533	0.022227	0.099684
4	0.243673	0.046877	0.202721	0.129489	0.031452	0.110562	0.112253	0.021116	0.101857
5	0.249780	0.046758	0.205244	0.126343	0.032610	0.107334	0.108588	0.020030	0.103313
6	0.257321	0.046830	0.207054	0.123136	0.033652	0.103120	0.105171	0.018814	0.104902
7	0.264028	0.046932	0.208892	0.120063	0.034852	0.098893	0.101808	0.017967	0.106565
8	0.270979	0.046603	0.209668	0.117581	0.036425	0.095776	0.098506	0.016971	0.107491
9	0.277514	0.046508	0.211514	0.114759	0.037670	0.092120	0.094965	0.015984	0.108966
10	0.284662	0.046310	0.213317	0.111670	0.038844	0.088628	0.091733	0.015307	0.109529
11	0.292192	0.046336	0.214132	0.108949	0.040402	0.085092	0.088345	0.014271	0.110281
12	0.298831	0.046034	0.215997	0.105836	0.042003	0.081184	0.085024	0.013643	0.111448
13	0.305956	0.045837	0.217242	0.103171	0.043521	0.078133	0.080956	0.012860	0.112324
14	0.312549	0.045731	0.217163	0.100417	0.045512	0.075113	0.077965	0.012344	0.113206
15	0.319247	0.045588	0.218397	0.097411	0.047478	0.072114	0.074617	0.011609	0.113539
16	0.325478	0.045566	0.218939	0.094624	0.049403	0.069195	0.071470	0.010786	0.114539
17	0.331525	0.045236	0.220333	0.092106	0.051353	0.066194	0.068429	0.010200	0.114624
18	0.338100	0.044738	0.220750	0.089285	0.053333	0.063157	0.065630	0.009756	0.115251
19	0.344160	0.044569	0.221288	0.087248	0.055425	0.060442	0.062502	0.009239	0.115127
20	0.350436	0.044058	0.221145	0.084368	0.057596	0.058297	0.059547	0.008648	0.115905
21	0.356014	0.043512	0.221158	0.081894	0.059760	0.056087	0.057229	0.008180	0.116166
22	0.361762	0.042726	0.220635	0.079849	0.061987	0.054033	0.055091	0.007651	0.116266
23	0.367057	0.042224	0.220961	0.077648	0.064347	0.051733	0.052233	0.007139	0.116658
24	0.372570	0.041834	0.220062	0.075437	0.066873	0.049795	0.049955	0.006692	0.116782
25	0.377691	0.041770	0.219098	0.073109	0.069578	0.047802	0.047989	0.006285	0.116678
26	0.382657	0.041055	0.219395	0.070778	0.072399	0.045578	0.045625	0.005896	0.116617
27	0.387481	0.040728	0.218408	0.068737	0.075349	0.043621	0.043411	0.005540	0.116725
28	0.391291	0.040360	0.218006	0.066989	0.078278	0.041803	0.041104	0.005271	0.116898
29	0.395231	0.039851	0.217309	0.065100	0.081272	0.040482	0.039161	0.004963	0.116631
30	0.399860	0.039319	0.216684	0.063253	0.084077	0.038530	0.037223	0.004608	0.116446
31	0.404063	0.038433	0.215647	0.061580	0.087231	0.037047	0.035422	0.004257	0.116320
32	0.407789	0.037773	0.215069	0.059862	0.090076	0.035514	0.033863	0.004035	0.116019
33	0.411376	0.037276	0.213757	0.058387	0.093194	0.034224	0.031917	0.003787	0.116082
34	0.414590	0.036939	0.213047	0.056680	0.096469	0.033031	0.030454	0.003548	0.115242
35	0.417259	0.036431	0.212193	0.054884	0.099867	0.031775	0.028874	0.003302	0.115415
36	0.420150	0.035907	0.210970	0.053548	0.103155	0.030615	0.027669	0.003200	0.114786
37	0.423337	0.035178	0.209954	0.052147	0.106633	0.029164	0.026488	0.003059	0.114040
38	0.425344	0.034778	0.208592	0.050933	0.110517	0.028121	0.025299	0.002973	0.113443
39	0.427957	0.034239	0.207463	0.049776	0.114153	0.027075	0.024091	0.002725	0.112521
40	0.430362	0.033633	0.206252	0.048557	0.118172	0.025930	0.022598	0.002624	0.111872
41	0.432062	0.032974	0.205431	0.047197	0.122268	0.024794	0.021522	0.002469	0.111283
42	0.433348	0.032435	0.203841	0.045950	0.126457	0.024099	0.020661	0.002357	0.110852
43	0.434666	0.031824	0.202590	0.045098	0.130750	0.023557	0.019476	0.002231	0.109808
44	0.436530	0.031401	0.200785	0.044201	0.135136	0.022590	0.018567	0.002108	0.108682
45	0.437967	0.030887	0.198884	0.043484	0.139549	0.021765	0.017605	0.001996	0.107863
46	0.439097	0.030406	0.196998	0.042283	0.144347	0.021140	0.016769	0.001869	0.107091
47	0.439613	0.029952	0.195508	0.041202	0.149204	0.020690	0.016022	0.001741	0.106068
48	0.440667	0.029537	0.193617	0.040398	0.154052	0.020019	0.015193	0.001613	0.104904
49	0.441130	0.029197	0.192047	0.039574	0.158970	0.019350	0.014432	0.001542	0.103758
50	0.442044	0.028752	0.190064	0.038868	0.164027	0.018882	0.013420	0.001472	0.102471
51	0.443016	0.028165	0.188130	0.037993	0.169148	0.018233	0.012761	0.001370	0.101184
52	0.443321	0.027576	0.185877	0.037101	0.174732	0.017632	0.011906	0.001287	0.100568
53	0.442575	0.027111	0.183886	0.036593	0.180479	0.017131	0.011507	0.001245	0.099473
54	0.443189	0.026596	0.181658	0.036138	0.185595	0.016552	0.010751	0.001150	0.098371
55	0.442844	0.026199	0.179661	0.035117	0.191712	0.016229	0.010046	0.001085	0.097107
56	0.442443	0.025712	0.177164	0.034618	0.197810	0.015841	0.009588	0.001006	0.095818
57	0.441247	0.025121	0.175074	0.034303	0.203785	0.015433	0.009069	0.000971	0.094997
58	0.440330	0.024579	0.173559	0.033595	0.209944	0.014864	0.008559	0.000988	0.093582
59	0.439495	0.024093	0.171683	0.033201	0.215627	0.014520	0.008047	0.000909	0.092425
60	0.438291	0.023472	0.169885	0.032777	0.222051	0.014003	0.007637	0.000830	0.091054
61	0.437294	0.022930	0.167695	0.032134	0.228707	0.013565	0.007114	0.000782	0.089779
62	0.436213	0.022602	0.165094	0.031842	0.234647	0.013450	0.006769	0.000736	0.088647
63	0.434760	0.021876	0.163272	0.031394	0.241079	0.013235	0.006295	0.000673	0.087416
64	0.433021	0.021399	0.161149	0.030962	0.247817	0.012977	0.005968	0.000660	0.086047
65	0.430517	0.021016	0.159576	0.030545	0.255233	0.012589	0.005595	0.000595	0.084334
66	0.428718	0.020561	0.157167	0.030166	0.262301	0.012297	0.005229	0.000571	0.082990
67	0.426664	0.020155	0.154638	0.029692	0.269330	0.012148	0.004871	0.000535	0.081967
68	0.424302	0.019688	0.152644	0.029438	0.276672	0.011966	0.004500	0.000494	0.080296
69	0.421900	0.019273	0.150495	0.029033	0.283896	0.011778	0.004345	0.000441	0.078839
70	0.419374	0.018872	0.148394	0.028653	0.291145	0.011548	0.004074	0.000435	0.077505
71	0.416601	0.018365	0.146068	0.028511	0.298893	0.011275	0.003877	0.000425	0.075985
72	0.412771	0.018044	0.144004	0.028424	0.306939	0.011146	0.003674	0.000416	0.074582
73	0.409874	0.017764	0.141427	0.028306	0.314428	0.011072	0.003519	0.000387	0.073223
74	0.406647	0.017275	0.139332	0.027971	0.322316	0.010878	0.003145	0.000376	0.072060
75	0.403189	0.016823	0.137155	0.027873	0.330098	0.010693	0.002973	0.000360	0.070836
76	0.399523	0.016648	0.134565	0.027744	0.338617	0.010463	0.002803	0.000335	0.069302
77	0.396169	0.016038	0.132301	0.027517	0.346689	0.010295	0.002671	0.000333	0.067987
78	0.392167	0.015564	0.130236	0.027569	0.354976	0.010064	0.002456	0.000305	0.066663
79	0.388691	0.015012	0.128082	0.027290	0.362889	0.009993	0.002377	0.000289	0.065377
80	0.384644	0.014744	0.126261	0.027244	0.370823	0.009899	0.002214	0.000255	0.063916
81	0.380123	0.014256	0.124229	0.027267	0.379248	0.009837	0.002094	0.000252	0.062694
82	0.375942	0.013848	0.122091	0.027206	0.387563	0.009966	0.001926	0.000220	0.061238
83	0.371150	0.013595	0.119965	0.027315	0.396263	0.009622	0.001897	0.000235	0.059958
84	0.366942	0.013199	0.117964	0.027061	0.404751	0.009655	0.001759	0.000220	0.058449
85	0.363029	0.012911	0.115756	0.026817	0.413139	0.009589	0.001617	0.000212	0.056930
86	0.358582	0.012375	0.114107	0.026550	0.422090	0.009397	0.001507	0.000186	0.055206
87	0.354332	0.012051	0.111784	0.026353	0.430771	0.009288	0.001455	0.000164	0.053802
88	0.349890	0.011793	0.109995	0.026222	0.439205	0.009163	0.001338	0.000182	0.052212
89	0.345497	0.011406	0.107984	0.026067	0.447829	0.009073	0.001265	0.000176	0.050703
90	0.340892	0.010964	0.105844	0.025971	0.456366	0.009082	0.001225	0.000151	0.049505
91	0.335894	0.010542	0.103861	0.026108	0.465180	0.009049	0.001060	0.000152	0.048154
92	0.331413	0.010203	0.101635	0.026076	0.473806	0.008992	0.001033	0.000133	0.046709
93	0.326705	0.009789	0.099238	0.026020	0.483089	0.008878	0.000949	0.000116	0.045216
94	0.321503	0.009507	0.097401	0.026094	0.491405	0.008972	0.000820	0.000109	0.044189
95	0.316889	0.009160	0.094989	0.025941	0.500391	0.008851	0.000767	0.000089	0.042923
96	0.311331	0.008904	0.093336	0.025846	0.509489	0.008737	0.000770	0.000082	0.041505
97	0.306179	0.008450	0.091435	0.025604	0.518443	0.008632	0.000694	0.000077	0.040486
98	0.301379	0.008126	0.089307	0.025528	0.527015	0.008627	0.000662	0.000071	0.039285
99	0.296369	0.007831	0.086949	0.025626	0.536019	0.008521	0.000631	0.000065	0.037989
100	0.291148	0.007567	0.084925	0.025700	0.544965	0.008408	0.000580	0.000058	0.036649
101	0.286266	0.007339	0.082940	0.025572	0.553224	0.008423	0.000525	0.000050	0.035661
102	0.281318	0.006968	0.081211	0.025495	0.561761	0.008258	0.000507	0.000053	0.034429
103	0.275796	0.006780	0.079365	0.025666	0.570307	0.008304	0.000489	0.000044	0.033249
104	0.271162	0.006434	0.077452	0.025668	0.578347	0.008264	0.000440	0.000044	0.032189
105	0.265644	0.006112	0.075689	0.025563	0.587112	0.008269	0.000400	0.000035	0.031176
106	0.260731	0.005839	0.074044	0.025553	0.595290	0.008105	0.000396	0.000033	0.030009
107	0.255624	0.005558	0.072432	0.025566	0.603261	0.008209	0.000366	0.000033	0.028951
108	0.250979	0.005305	0.070534	0.025452	0.611281	0.008199	0.000356	0.000033	0.027861
109	0.245740	0.005103	0.068769	0.025368	0.619694	0.008221	0.000313	0.000030	0.026762
110	0.240858	0.004918	0.067005	0.025167	0.627641	0.008295	0.000274	0.000026	0.025816
111	0.235378	0.004701	0.065383	0.025210	0.636017	0.008273	0.000265	0.000028	0.024745
112	0.230564	0.004484	0.063744	0.025323	0.643463	0.008335	0.000228	0.000027	0.023832
113	0.225230	0.004304	0.062046	0.025168	0.651788	0.008314	0.000203	0.000019	0.022928
114	0.220247	0.004218	0.060374	0.025217	0.659546	0.008081	0.000167	0.000018	0.022132
115	0.215377	0.004081	0.058838	0.025299	0.666974	0.008061	0.000175	0.000019	0.021176
116	0.210458	0.004024	0.056973	0.025475	0.674390	0.008130	0.000172	0.000015	0.020363
117	0.205018	0.003880	0.055857	0.025588	0.681978	0.008152	0.000150	0.000012	0.019365
118	0.200011	0.003693	0.054506	0.025537	0.689469	0.008036	0.000140	0.000010	0.018598
119	0.195475	0.003499	0.052770	0.025414	0.696876	0.008041	0.000135	0.000015	0.017775
120	0.190126	0.003354	0.051307	0.025461	0.704408	0.008159	0.000134	0.000013	0.017038
121	0.185137	0.003224	0.049894	0.025498	0.711591	0.008098	0.000129	0.000011	0.016418
122	0.180376	0.002999	0.048510	0.025576	0.718490	0.008128	0.000101	0.000006	0.015814
123	0.175874	0.002838	0.046875	0.025593	0.725529	0.008126	0.000089	0.000010	0.015066
124	0.171054	0.002709	0.045733	0.025565	0.732360	0.008104	0.000091	0.000005	0.014379
125	0.166052	0.002593	0.044486	0.025494	0.739410	0.008134	0.000084	0.000008	0.013739
126	0.161680	0.002424	0.043225	0.025581	0.745593	0.008134	0.000075	0.000005	0.013283
127	0.157035	0.002310	0.041902	0.025540	0.752418	0.008053	0.000060	0.000005	0.012677
128	0.152905	0.002117	0.040528	0.025650	0.758534	0.008070	0.000056	0.000004	0.012136
129	0.148158	0.002065	0.039205	0.025627	0.765015	0.008118	0.000061	0.000002	0.011749
130	0.143871	0.001976	0.037851	0.025886	0.771097	0.008045	0.000059	0.000002	0.011213
131	0.139614	0.001860	0.036675	0.025980	0.777249	0.007910	0.000062	0.000001	0.010649
132	0.135474	0.001736	0.035620	0.026071	0.782943	0.007944	0.000047	0.000002	0.010163
133	0.131539	0.001658	0.034364	0.026036	0.788703	0.007933	0.000040	0.000002	0.009725
134	0.127280	0.001563	0.032961	0.026128	0.794574	0.008068	0.000033	0.000000	0.009393
135	0.123535	0.001469	0.031856	0.025961	0.800237	0.008019	0.000018	0.000000	0.008905
136	0.120130	0.001292	0.030784	0.026252	0.805166	0.007934	0.000014	0.000000	0.008428
137	0.116280	0.001205	0.029689	0.026110	0.810640	0.007977	0.000020	0.000000	0.008079
138	0.112191	0.001132	0.028814	0.026170	0.816033	0.007984	0.000028	0.000000	0.007648
139	0.108677	0.001127	0.027876	0.026001	0.821098	0.007895	0.000020	0.000000	0.007306
140	0.105222	0.001073	0.026990	0.026009	0.825891	0.007865	0.000022	0.000000	0.006928
141	0.101453	0.001043	0.025756	0.026322	0.830870	0.007906	0.000022	0.000000	0.006628
142	0.097807	0.001040	0.024884	0.026113	0.835887	0.007911	0.000016	0.000000	0.006342
143	0.094446	0.000985	0.024146	0.026080	0.840590	0.007828	0.000009	0.000000	0.005916
144	0.091355	0.000921	0.023246	0.025749	0.845317	0.007770	0.000013	0.000000	0.005629
145	0.088209	0.000892	0.022350	0.025631	0.849649	0.007784	0.000008	0.000000	0.005477
146	0.085332	0.000873	0.021627	0.025735	0.853371	0.007863	0.000003	0.000000	0.005196
147	0.082147	0.000789	0.020995	0.025899	0.857268	0.007928	0.000006	0.000000	0.004968
148	0.079367	0.000742	0.019917	0.025903	0.861482	0.007820	0.000006	0.000000	0.004763
149	0.076625	0.000640	0.019144	0.025906	0.865260	0.007893	0.000007	0.000000	0.004525
150	0.073865	0.000589	0.018443	0.026167	0.868796	0.007881	0.000005	0.000000	0.004254
151	0.071127	0.000506	0.017787	0.026250	0.872505	0.007783	0.000004	0.000000	0.004038
152	0.068318	0.000497	0.017144	0.026282	0.876174	0.007788	0.000006	0.000000	0.003791
153	0.065878	0.000495	0.016491	0.026377	0.879442	0.007697	0.000008	0.000000	0.003612
154	0.063387	0.000471	0.015920	0.026414	0.882797	0.007595	0.000006	0.000000	0.003410
155	0.061004	0.000427	0.015263	0.026493	0.885942	0.007522	0.000005	0.000000	0.003344
156	0.058609	0.000403	0.014817	0.026186	0.889395	0.007529	0.000006	0.000000	0.003055
157	0.056419	0.000371	0.014196	0.026158	0.892420	0.007504	0.000007	0.000000	0.002925
158	0.054122	0.000379	0.013578	0.026210	0.895418	0.007521	0.000006	0.000000	0.002766
159	0.052211	0.000332	0.012987	0.026130	0.898038	0.007694	0.000008	0.000000	0.002600
160	0.050369	0.000309	0.012467	0.026265	0.900581	0.007614	0.000009	0.000000	0.002386
161	0.048223	0.000282	0.011894	0.026408	0.903412	0.007558	0.000005	0.000000	0.002218
162	0.046229	0.000281	0.011365	0.026454	0.905910	0.007661	0.000007	0.000000	0.002093
163	0.044430	0.000299	0.010700	0.026413	0.908587	0.007626	0.000005	0.000000	0.001940
164	0.042489	0.000263	0.010335	0.026250	0.911143	0.007717	0.000004	0.000000	0.001799
165	0.040772	0.000236	0.009824	0.026453	0.913328	0.007685	0.000003	0.000000	0.001699
166	0.039092	0.000212	0.009259	0.026606	0.915569	0.007646	0.000001	0.000000	0.001615
167	0.037235	0.000209	0.008897	0.026608	0.917813	0.007709	0.000001	0.000000	0.001528
168	0.035789	0.000214	0.008367	0.026438	0.920140	0.007642	0.000002	0.000000	0.001408
169	0.034243	0.000223	0.007933	0.026357	0.922351	0.007585	0.000003	0.000000	0.001305
170	0.032618	0.000210	0.007527	0.026321	0.924510	0.007612	0.000001	0.000000	0.001201
171	0.031254	0.000182	0.007130	0.026291	0.926316	0.007667	0.000001	0.000000	0.001159
172	0.029858	0.000178	0.006769	0.026377	0.928217	0.007492	0.000000	0.000000	0.001109
173	0.028548	0.000175	0.006512	0.026385	0.929954	0.007382	0.000000	0.000000	0.001044
174	0.027066	0.000179	0.006244	0.026332	0.931859	0.007335	0.000000	0.000000	0.000985
175	0.025728	0.000175	0.005982	0.026360	0.933463	0.007373	0.000000	0.000000	0.000919
176	0.024516	0.000158	0.005704	0.026468	0.934894	0.007383	0.000000	0.000000	0.000877
177	0.023285	0.000170	0.005423	0.026591	0.936294	0.007417	0.000000	0.000000	0.000820
178	0.022191	0.000180	0.005078	0.026535	0.937724	0.007514	0.000000	0.000000	0.000778
179	0.021142	0.000160	0.004719	0.026607	0.939161	0.007499	0.000000	0.000000	0.000712
180	0.020086	0.000130	0.004418	0.026713	0.940491	0.007515	0.000000	0.000000	0.000647
181	0.019135	0.000121	0.004196	0.026619	0.941904	0.007423	0.000000	0.000000	0.000602
182	0.018167	0.000120	0.003954	0.026573	0.943052	0.007554	0.000000	0.000000	0.000580
183	0.017191	0.000096	0.003698	0.026593	0.944306	0.007575	0.000000	0.000000	0.000541
184	0.016229	0.000090	0.003492	0.026630	0.945515	0.007532	0.000000	0.000000	0.000512
185	0.015302	0.000089	0.003289	0.026688	0.946626	0.007554	0.000000	0.000000	0.000452
186	0.014531	0.000084	0.003138	0.026732	0.947593	0.007510	0.000000	0.000000	0.000412
187	0.013665	0.000081	0.002990	0.026746	0.948542	0.007577	0.000000	0.000000	0.000399
188	0.012770	0.000070	0.002850	0.026571	0.949779	0.007609	0.000000	0.000000	0.000351
189	0.012110	0.000062	0.002662	0.026455	0.950745	0.007631	0.000000	0.000000	0.000335
190	0.011417	0.000065	0.002517	0.026557	0.951465	0.007697	0.000000	0.000000	0.000282
191	0.010732	0.000063	0.002382	0.026474	0.952530	0.007563	0.000000	0.000000	0.000256
192	0.010043	0.000057	0.002256	0.026697	0.953176	0.007528	0.000000	0.000000	0.000243
193	0.009489	0.000038	0.002127	0.026745	0.953763	0.007625	0.000000	0.000000	0.000213
194	0.008990	0.000031	0.001988	0.026843	0.954344	0.007601	0.000000	0.000000	0.000203
195	0.008520	0.000033	0.001872	0.026611	0.955172	0.007592	0.000000	0.000000	0.000200
196	0.008023	0.000027	0.001801	0.026458	0.956013	0.007502	0.000000	0.000000	0.000176
197	0.007454	0.000022	0.001662	0.026529	0.956631	0.007536	0.000000	0.000000	0.000166
198	0.007045	0.000019	0.001503	0.026502	0.957220	0.007568	0.000000	0.000000	0.000143
199	0.006550	0.000014	0.001384	0.026317	0.958079	0.007520	0.000000	0.000000	0.000136
200	0.006237	0.000013	0.001291	0.026232	0.958510	0.007585	0.000000	0.000000	0.000132
201	0.005788	0.000009	0.001210	0.026279	0.959027	0.007564	0.000000	0.000000	0.000123
202	0.005475	0.000013	0.001111	0.026258	0.959508	0.007543	0.000000	0.000000	0.000092
203	0.005011	0.000011	0.001069	0.026204	0.959996	0.007638	0.000000	0.000000	0.000071
204	0.004706	0.000007	0.001012	0.026081	0.960525	0.007607	0.000000	0.000000	0.000062
205	0.004456	0.000006	0.000959	0.025958	0.960940	0.007628	0.000000	0.000000	0.000053
206	0.004256	0.000006	0.000932	0.025878	0.961313	0.007565	0.000000	0.000000	0.000050
207	0.003917	0.000003	0.000859	0.026056	0.961559	0.007563	0.000000	0.000000	0.000043
208	0.003585	0.000002	0.000813	0.025778	0.962067	0.007718	0.000000	0.000000	0.000037
209	0.003373	0.000001	0.000713	0.025655	0.962497	0.007732	0.000000	0.000000	0.000029
210	0.003139	0.000002	0.000647	0.025729	0.962729	0.007728	0.000000	0.000000	0.000026
211	0.002968	0.000000	0.000557	0.025840	0.962962	0.007652	0.000000	0.000000	0.000021
212	0.002782	0.000000	0.000519	0.025628	0.963340	0.007710	0.000000	0.000000	0.000021
213	0.002562	0.000000	0.000508	0.025873	0.963246	0.007798	0.000000	0.000000	0.000013
214	0.002403	0.000000	0.000445	0.026003	0.963269	0.007868	0.000000	0.000000	0.000012
215	0.002235	0.000000	0.000405	0.025956	0.963576	0.007816	0.000000	0.000000	0.000012
216	0.002132	0.000000	0.000339	0.026078	0.963618	0.007822	0.000000	0.000000	0.000011
217	0.001982	0.000000	0.000320	0.026169	0.963559	0.007958	0.000000	0.000000	0.000012
218	0.001809	0.000000	0.000305	0.026020	0.963867	0.007985	0.000000	0.000000	0.000014
219	0.001670	0.000000	0.000300	0.025962	0.964103	0.007955	0.000000	0.000000	0.000010
220	0.001556	0.000000	0.000266	0.025889	0.964340	0.007942	0.000000	0.000000	0.000007
221	0.001483	0.000000	0.000249	0.025946	0.964483	0.007834	0.000000	0.000000	0.000005
222	0.001373	0.000000	0.000234	0.026145	0.964383	0.007862	0.000000	0.000000	0.000003
223	0.001254	0.000000	0.000202	0.026101	0.964574	0.007865	0.000000	0.000000	0.000004
224	0.001191	0.000000	0.000182	0.026167	0.964636	0.007822	0.000000	0.000000	0.000002
225	0.001051	0.000000	0.000166	0.026304	0.964666	0.007812	0.000000	0.000000	0.000001
226	0.000988	0.000000	0.000174	0.026119	0.964812	0.007907	0.000000	0.000000	0.000000
227	0.000879	0.000000	0.000170	0.026234	0.964870	0.007846	0.000000	0.000000	0.000001
228	0.000813	0.000000	0.000160	0.026213	0.964968	0.007845	0.000000	0.000000	0.000001
229	0.000744	0.000000	0.000177	0.026419	0.964863	0.007797	0.000000	0.000000	0.000000
230	0.000697	0.000000	0.000180	0.026552	0.964799	0.007772	0.000000	0.000000	0.000000
231	0.000619	0.000000	0.000173	0.026606	0.964831	0.007771	0.000000	0.000000	0.000000
232	0.000602	0.000000	0.000168	0.026519	0.964888	0.007823	0.000000	0.000000	0.000000
233	0.000552	0.000000	0.000146	0.026657	0.964873	0.007772	0.000000	0.000000	0.000000
234	0.000544	0.000000	0.000132	0.026579	0.964992	0.007753	0.000000	0.000000	0.000000
235	0.000502	0.000000	0.000131	0.026811	0.964769	0.007787	0.000000	0.000000	0.000000
236	0.000449	0.000000	0.000123	0.026678	0.964959	0.007791	0.000000	0.000000	0.000000
237	0.000410	0.000000	0.000105	0.026763	0.964854	0.007868	0.000000	0.000000	0.000000
238	0.000344	0.000000	0.000105	0.026743	0.964894	0.007914	0.000000	0.000000	0.000000
239	0.000297	0.000000	0.000109	0.026807	0.964882	0.007905	0.000000	0.000000	0.000000
240	0.000252	0.000000	0.000095	0.026768	0.964953	0.007932	0.000000	0.000000	0.000000
241	0.000257	0.000000	0.000093	0.026581	0.965144	0.007925	0.000000	0.000000	0.000000
242	0.000217	0.000000	0.000084	0.026665	0.965128	0.007906	0.000000	0.000000	0.000000
243	0.000183	0.000000	0.000084	0.026650	0.965228	0.007855	0.000000	0.000000	0.000000
244	0.000170	0.000000	0.000087	0.026766	0.965011	0.007966	0.000000	0.000000	0.000000
245	0.000161	0.000000	0.000075	0.026770	0.964903	0.008091	0.000000	0.000000	0.000000
246	0.000156	0.000000	0.000065	0.027036	0.964679	0.008064	0.000000	0.000000	0.000000
247	0.000154	0.000000	0.000066	0.026991	0.964744	0.008045	0.000000	0.000000	0.000000
248	0.000143	0.000000	0.000058	0.026855	0.964991	0.007953	0.000000	0.000000	0.000000
249	0.000128	0.000000	0.000048	0.026651	0.965241	0.007932	0.000000	0.000000	0.000000
250	0.000115	0.000000	0.000056	0.026807	0.965041	0.007981	0.000000	0.000000	0.000000
251	0.000118	0.000000	0.000060	0.027012	0.964892	0.007918	0.000000	0.000000	0.000000
252	0.000107	0.000000	0.000059	0.027036	0.964776	0.008022	0.000000	0.000000	0.000000
253	0.000088	0.000000	0.000069	0.027293	0.964558	0.007992	0.000000	0.000000	0.000000
254	0.000065	0.000000	0.000067	0.027374	0.964456	0.008038	0.000000	0.000000	0.000000
255	0.000066	0.000000	0.000063	0.027308	0.964632	0.007931	0.000000	0.000000	0.000000
256	0.000067	0.000000	0.000059	0.027240	0.964652	0.007982	0.000000	0.000000	0.000000
257	0.000058	0.000000	0.000050	0.027189	0.964783	0.007920	0.000000	0.000000	0.000000
258	0.000047	0.000000	0.000048	0.027150	0.964787	0.007968	0.000000	0.000000	0.000000
259	0.000042	0.000000	0.000044	0.027080	0.964954	0.007880	0.000000	0.000000	0.000000
260	0.000042	0.000000	0.000039	0.027095	0.964950	0.007874	0.000000	0.000000	0.000000
261	0.000040	0.000000	0.000040	0.027491	0.964715	0.007714	0.000000	0.000000	0.000000
262	0.000031	0.000000	0.000033	0.027506	0.964609	0.007821	0.000000	0.000000	0.000000
263	0.000026	0.000000	0.000031	0.027524	0.964656	0.007763	0.000000	0.000000	0.000000
264	0.000022	0.000000	0.000029	0.027554	0.964629	0.007766	0.000000	0.000000	0.000000
265	0.000014	0.000000	0.000027	0.027640	0.964541	0.007778	0.000000	0.000000	0.000000
266	0.000017	0.000000	0.000022	0.027554	0.964559	0.007848	0.000000	0.000000	0.000000
267	0.000016	0.000000	0.000022	0.027387	0.964756	0.007819	0.000000	0.000000	0.000000
268	0.000020	0.000000	0.000019	0.027595	0.964605	0.007761	0.000000	0.000000	0.000000
269	0.000021	0.000000	0.000013	0.027763	0.964308	0.007895	0.000000	0.000000	0.000000
270	0.000013	0.000000	0.000013	0.027763	0.964449	0.007762	0.000000	0.000000	0.000000
271	0.000008	0.000000	0.000010	0.027714	0.964444	0.007824	0.000000	0.000000	0.000000
272	0.000007	0.000000	0.000010	0.027763	0.964382	0.007838	0.000000	0.000000	0.000000
273	0.000006	0.000000	0.000005	0.027717	0.964433	0.007839	0.000000	0.000000	0.000000
274	0.000004	0.000000	0.000003	0.027558	0.964663	0.007772	0.000000	0.000000	0.000000
275	0.000004	0.000000	0.000001	0.027415	0.964782	0.007798	0.000000	0.000000	0.000000
276	0.000003	0.000000	0.000000	0.027505	0.964643	0.007849	0.000000	0.000000	0.000000
277	0.000000	0.000000	0.000000	0.027634	0.964503	0.007863	0.000000	0.000000	0.000000
278	0.000000	0.000000	0.000000	0.027811	0.964263	0.007926	0.000000	0.000000	0.000000
279	0.000000	0.000000	0.000000	0.027831	0.964365	0.007804	0.000000	0.000000	0.000000
280	0.000000	0.000000	0.000000	0.027729	0.964422	0.007849	0.000000	0.000000	0.000000
281	0.000000	0.000000	0.000000	0.027739	0.964313	0.007948	0.000000	0.000000	0.000000
282	0.000000	0.000000	0.000000	0.027778	0.964203	0.008019	0.000000	0.000000	0.000000
283	0.000000	0.000000	0.000000	0.027632	0.964470	0.007898	0.000000	0.000000	0.000000
284	0.000000	0.000000	0.000000	0.027700	0.964460	0.007840	0.000000	0.000000	0.000000
285	0.000000	0.000000	0.000000	0.027677	0.964421	0.007902	0.000000	0.000000	0.000000
286	0.000000	0.000000	0.000000	0.027724	0.964312	0.007964	0.000000	0.000000	0.000000
287	0.000000	0.000000	0.000000	0.027701	0.964326	0.007973	0.000000	0.000000	0.000000
288	0.000000	0.000000	0.000000	0.027697	0.964387	0.007916	0.000000	0.000000	0.000000
289	0.000000	0.000000	0.000000	0.027841	0.964116	0.008043	0.000000	0.000000	0.000000
290	0.000000	0.000000	0.000000	0.027865	0.964129	0.008006	0.000000	0.000000	0.000000
291	0.000000	0.000000	0.000000	0.027711	0.964235	0.008054	0.000000	0.000000	0.000000
292	0.000000	0.000000	0.000000	0.027719	0.964280	0.008001	0.000000	0.000000	0.000000
293	0.000000	0.000000	0.000000	0.027634	0.964375	0.007991	0.000000	0.000000	0.000000
294	0.000000	0.000000	0.000000	0.027694	0.964275	0.008031	0.000000	0.000000	0.000000
295	0.000000	0.000000	0.000000	0.027636	0.964277	0.008087	0.000000	0.000000	0.000000
296	0.000000	0.000000	0.000000	0.027763	0.964071	0.008166	0.000000	0.000000	0.000000
297	0.000000	0.000000	0.000000	0.027726	0.964225	0.008049	0.000000	0.000000	0.000000
298	0.000000	0.000000	0.000000	0.027714	0.964297	0.007989	0.000000	0.000000	0.000000
299	0.000000	0.000000	0.000000	0.027639	0.964274	0.008087	0.000000	0.000000	0.000000
300	0.000000	0.000000	0.000000	0.027441	0.964548	0.008011	0.000000	0.000000	0.000000
301	0.000000	0.000000	0.000000	0.027388	0.964532	0.008080	0.000000	0.000000	0.000000
302	0.000000	0.000000	0.000000	0.027430	0.964568	0.008002	0.000000	0.000000	0.000000
303	0.000000	0.000000	0.000000	0.027440	0.964561	0.007999	0.000000	0.000000	0.000000
304	0.000000	0.000000	0.000000	0.027541	0.964443	0.008016	0.000000	0.000000	0.000000
305	0.000000	0.000000	0.000000	0.027640	0.964368	0.007992	0.000000	0.000000	0.000000
306	0.000000	0.000000	0.000000	0.027597	0.964436	0.007967	0.000000	0.000000	0.000000
307	0.000000	0.000000	0.000000	0.027646	0.964435	0.007919	0.000000	0.000000	0.000000
308	0.000000	0.000000	0.000000	0.027818	0.964170	0.008012	0.000000	0.000000	0.000000
309	0.000000	0.000000	0.000000	0.027672	0.964413	0.007915	0.000000	0.000000	0.000000
310	0.000000	0.000000	0.000000	0.027679	0.964344	0.007977	0.000000	0.000000	0.000000
311	0.000000	0.000000	0.000000	0.027653	0.964399	0.007948	0.000000	0.000000	0.000000
312	0.000000	0.000000	0.000000	0.027812	0.964264	0.007924	0.000000	0.000000	0.000000
313	0.000000	0.000000	0.000000	0.027815	0.964330	0.007855	0.000000	0.000000	0.000000
314	0.000000	0.000000	0.000000	0.027564	0.964449	0.007987	0.000000	0.000000	0.000000
315	0.000000	0.000000	0.000000	0.027704	0.964411	0.007885	0.000000	0.000000	0.000000
316	0.000000	0.000000	0.000000	0.027756	0.964405	0.007839	0.000000	0.000000	0.000000
317	0.000000	0.000000	0.000000	0.027807	0.964421	0.007772	0.000000	0.000000	0.000000
318	0.000000	0.000000	0.000000	0.027757	0.964439	0.007804	0.000000	0.000000	0.000000
319	0.000000	0.000000	0.000000	0.027708	0.964472	0.007820	0.000000	0.000000	0.000000
320	0.000000	0.000000	0.000000	0.027831	0.964292	0.007877	0.000000	0.000000	0.000000
321	0.000000	0.000000	0.000000	0.027812	0.964260	0.007928	0.000000	0.000000	0.000000
322	0.000000	0.000000	0.000000	0.027843	0.964270	0.007887	0.000000	0.000000	0.000000
323	0.000000	0.000000	0.000000	0.027858	0.964348	0.007794	0.000000	0.000000	0.000000
324	0.000000	0.000000	0.000000	0.027854	0.964356	0.007790	0.000000	0.000000	0.000000
325	0.000000	0.000000	0.000000	0.027930	0.964195	0.007875	0.000000	0.000000	0.000000
326	0.000000	0.000000	0.000000	0.027903	0.964342	0.007755	0.000000	0.000000	0.000000
327	0.000000	0.000000	0.000000	0.028051	0.964204	0.007745	0.000000	0.000000	0.000000
328	0.000000	0.000000	0.000000	0.028178	0.964112	0.007710	0.000000	0.000000	0.000000
329	0.000000	0.000000	0.000000	0.028164	0.964004	0.007832	0.000000	0.000000	0.000000
330	0.000000	0.000000	0.000000	0.028225	0.964043	0.007732	0.000000	0.000000	0.000000
331	0.000000	0.000000	0.000000	0.028267	0.963931	0.007802	0.000000	0.000000	0.000000
332	0.000000	0.000000	0.000000	0.028042	0.964175	0.007783	0.000000	0.000000	0.000000
333	0.000000	0.000000	0.000000	0.028026	0.964113	0.007861	0.000000	0.000000	0.000000
334	0.000000	0.000000	0.000000	0.027947	0.964267	0.007786	0.000000	0.000000	0.000000
335	0.000000	0.000000	0.000000	0.027765	0.964480	0.007755	0.000000	0.000000	0.000000
336	0.000000	0.000000	0.000000	0.027775	0.964294	0.007931	0.000000	0.000000	0.000000
337	0.000000	0.000000	0.000000	0.027959	0.964211	0.007830	0.000000	0.000000	0.000000
338	0.000000	0.000000	0.000000	0.027986	0.964194	0.007820	0.000000	0.000000	0.000000
339	0.000000	0.000000	0.000000	0.028038	0.964223	0.007739	0.000000	0.000000	0.000000
340	0.000000	0.000000	0.000000	0.027991	0.964214	0.007795	0.000000	0.000000	0.000000
341	0.000000	0.000000	0.000000	0.027851	0.964277	0.007872	0.000000	0.000000	0.000000
342	0.000000	0.000000	0.000000	0.027600	0.964493	0.007907	0.000000	0.000000	0.000000
343	0.000000	0.000000	0.000000	0.027469	0.964599	0.007932	0.000000	0.000000	0.000000
344	0.000000	0.000000	0.000000	0.027676	0.964463	0.007861	0.000000	0.000000	0.000000
345	0.000000	0.000000	0.000000	0.027615	0.964516	0.007869	0.000000	0.000000	0.000000
346	0.000000	0.000000	0.000000	0.027677	0.964462	0.007861	0.000000	0.000000	0.000000
347	0.000000	0.000000	0.000000	0.027643	0.964612	0.007745	0.000000	0.000000	0.000000
348	0.000000	0.000000	0.000000	0.027800	0.964403	0.007797	0.000000	0.000000	0.000000
349	0.000000	0.000000	0.000000	0.027648	0.964629	0.007723	0.000000	0.000000	0.000000
350	0.000000	0.000000	0.000000	0.027698	0.964629	0.007673	0.000000	0.000000	0.000000
351	0.000000	0.000000	0.000000	0.027801	0.964477	0.007722	0.000000	0.000000	0.000000
352	0.000000	0.000000	0.000000	0.027664	0.964737	0.007599	0.000000	0.000000	0.000000
353	0.000000	0.000000	0.000000	0.027485	0.964806	0.007709	0.000000	0.000000	0.000000
354	0.000000	0.000000	0.000000	0.027618	0.964657	0.007725	0.000000	0.000000	0.000000
355	0.000000	0.000000	0.000000	0.027483	0.964837	0.007680	0.000000	0.000000	0.000000
356	0.000000	0.000000	0.000000	0.027678	0.964622	0.007700	0.000000	0.000000	0.000000
357	0.000000	0.000000	0.000000	0.027634	0.964638	0.007728	0.000000	0.000000	0.000000
358	0.000000	0.000000	0.000000	0.027613	0.964704	0.007683	0.000000	0.000000	0.000000
359	0.000000	0.000000	0.000000	0.027602	0.964675	0.007723	0.000000	0.000000	0.000000
360	0.000000	0.000000	0.000000	0.027730	0.964502	0.007768	0.000000	0.000000	0.000000
361	0.000000	0.000000	0.000000	0.027703	0.964638	0.007659	0.000000	0.000000	0.000000
362	0.000000	0.000000	0.000000	0.027725	0.964649	0.007626	0.000000	0.000000	0.000000
363	0.000000	0.000000	0.000000	0.027765	0.964425	0.007810	0.000000	0.000000	0.000000
364	0.000000	0.000000	0.000000	0.027752	0.964587	0.007661	0.000000	0.000000	0.000000
365	0.000000	0.000000	0.000000	0.027905	0.964492	0.007603	0.000000	0.000000	0.000000
366	0.000000	0.000000	0.000000	0.027797	0.964517	0.007686	0.000000	0.000000	0.000000
367	0.000000	0.000000	0.000000	0.027726	0.964651	0.007623	0.000000	0.000000	0.000000
368	0.000000	0.000000	0.000000	0.027668	0.964677	0.007655	0.000000	0.000000	0.000000
369	0.000000	0.000000	0.000000	0.027761	0.964581	0.007658	0.000000	0.000000	0.000000
370	0.000000	0.000000	0.000000	0.027642	0.964736	0.007622	0.000000	0.000000	0.000000
371	0.000000	0.000000	0.000000	0.027463	0.964822	0.007715	0.000000	0.000000	0.000000
372	0.000000	0.000000	0.000000	0.027659	0.964683	0.007658	0.000000	0.000000	0.000000
373	0.000000	0.000000	0.000000	0.027759	0.964525	0.007716	0.000000	0.000000	0.000000
374	0.000000	0.000000	0.000000	0.027661	0.964641	0.007698	0.000000	0.000000	0.000000
375	0.000000	0.000000	0.000000	0.027764	0.964567	0.007669	0.000000	0.000000	0.000000
376	0.000000	0.000000	0.000000	0.027890	0.964449	0.007661	0.000000	0.000000	0.000000
377	0.000000	0.000000	0.000000	0.027689	0.964605	0.007706	0.000000	0.000000	0.000000
378	0.000000	0.000000	0.000000	0.027718	0.964638	0.007644	0.000000	0.000000	0.000000
379	0.000000	0.000000	0.000000	0.027725	0.964754	0.007521	0.000000	0.000000	0.000000
380	0.000000	0.000000	0.000000	0.027713	0.964704	0.007583	0.000000	0.000000	0.000000
381	0.000000	0.000000	0.000000	0.027873	0.964536	0.007591	0.000000	0.000000	0.000000
382	0.000000	0.000000	0.000000	0.027888	0.964579	0.007533	0.000000	0.000000	0.000000
383	0.000000	0.000000	0.000000	0.028051	0.964327	0.007622	0.000000	0.000000	0.000000
384	0.000000	0.000000	0.000000	0.027828	0.964396	0.007776	0.000000	0.000000	0.000000
385	0.000000	0.000000	0.000000	0.028019	0.964289	0.007692	0.000000	0.000000	0.000000
386	0.000000	0.000000	0.000000	0.028020	0.964283	0.007697	0.000000	0.000000	0.000000
387	0.000000	0.000000	0.000000	0.027821	0.964362	0.007817	0.000000	0.000000	0.000000
388	0.000000	0.000000	0.000000	0.027949	0.964295	0.007756	0.000000	0.000000	0.000000
389	0.000000	0.000000	0.000000	0.028057	0.964120	0.007823	0.000000	0.000000	0.000000
390	0.000000	0.000000	0.000000	0.028046	0.964107	0.007847	0.000000	0.000000	0.000000
391	0.000000	0.000000	0.000000	0.028273	0.963811	0.007916	0.000000	0.000000	0.000000
392	0.000000	0.000000	0.000000	0.028340	0.963839	0.007821	0.000000	0.000000	0.000000
393	0.000000	0.000000	0.000000	0.028276	0.963779	0.007945	0.000000	0.000000	0.000000
394	0.000000	0.000000	0.000000	0.028311	0.963724	0.007965	0.000000	0.000000	0.000000
395	0.000000	0.000000	0.000000	0.028194	0.963917	0.007889	0.000000	0.000000	0.000000
396	0.000000	0.000000	0.000000	0.028228	0.963801	0.007971	0.000000	0.000000	0.000000
397	0.000000	0.000000	0.000000	0.028213	0.963787	0.008000	0.000000	0.000000	0.000000
398	0.000000	0.000000	0.000000	0.028225	0.963832	0.007943	0.000000	0.000000	0.000000
399	0.000000	0.000000	0.000000	0.028268	0.963935	0.007797	0.000000	0.000000	0.000000
400	0.000000	0.000000	0.000000	0.028176	0.963910	0.007914	0.000000	0.000000	0.000000
401	0.000000	0.000000	0.000000	0.028144	0.964039	0.007817	0.000000	0.000000	0.000000
402	0.000000	0.000000	0.000000	0.028113	0.964113	0.007774	0.000000	0.000000	0.000000
403	0.000000	0.000000	0.000000	0.028016	0.964208	0.007776	0.000000	0.000000	0.000000
404	0.000000	0.000000	0.000000	0.027845	0.964474	0.007681	0.000000	0.000000	0.000000
405	0.000000	0.000000	0.000000	0.027590	0.964771	0.007639	0.000000	0.000000	0.000000
406	0.000000	0.000000	0.000000	0.027786	0.964557	0.007657	0.000000	0.000000	0.000000
407	0.000000	0.000000	0.000000	0.027821	0.964619	0.007560	0.000000	0.000000	0.000000
408	0.000000	0.000000	0.000000	0.027778	0.964720	0.007502	0.000000	0.000000	0.000000
409	0.000000	0.000000	0.000000	0.027763	0.964656	0.007581	0.000000	0.000000	0.000000
410	0.000000	0.000000	0.000000	0.027826	0.964481	0.007693	0.000000	0.000000	0.000000
411	0.000000	0.000000	0.000000	0.028175	0.964199	0.007626	0.000000	0.000000	0.000000
412	0.000000	0.000000	0.000000	0.028089	0.964199	0.007712	0.000000	0.000000	0.000000
413	0.000000	0.000000	0.000000	0.028291	0.964078	0.007631	0.000000	0.000000	0.000000
414	0.000000	0.000000	0.000000	0.028228	0.964054	0.007718	0.000000	0.000000	0.000000
415	0.000000	0.000000	0.000000	0.028090	0.964079	0.007831	0.000000	0.000000	0.000000
416	0.000000	0.000000	0.000000	0.028029	0.964231	0.007740	0.000000	0.000000	0.000000
417	0.000000	0.000000	0.000000	0.027986	0.964295	0.007719	0.000000	0.000000	0.000000
418	0.000000	0.000000	0.000000	0.027851	0.964328	0.007821	0.000000	0.000000	0.000000
419	0.000000	0.000000	0.000000	0.027729	0.964491	0.007780	0.000000	0.000000	0.000000
420	0.000000	0.000000	0.000000	0.027767	0.964313	0.007920	0.000000	0.000000	0.000000
421	0.000000	0.000000	0.000000	0.027868	0.964337	0.007795	0.000000	0.000000	0.000000
422	0.000000	0.000000	0.000000	0.027930	0.964136	0.007934	0.000000	0.000000	0.000000
423	0.000000	0.000000	0.000000	0.027727	0.964315	0.007958	0.000000	0.000000	0.000000
424	0.000000	0.000000	0.000000	0.027661	0.964403	0.007936	0.000000	0.000000	0.000000
425	0.000000	0.000000	0.000000	0.027555	0.964530	0.007915	0.000000	0.000000	0.000000
426	0.000000	0.000000	0.000000	0.027781	0.964270	0.007949	0.000000	0.000000	0.000000
427	0.000000	0.000000	0.000000	0.027521	0.964528	0.007951	0.000000	0.000000	0.000000
428	0.000000	0.000000	0.000000	0.027377	0.964704	0.007919	0.000000	0.000000	0.000000
429	0.000000	0.000000	0.000000	0.027403	0.964817	0.007780	0.000000	0.000000	0.000000
430	0.000000	0.000000	0.000000	0.027442	0.964693	0.007865	0.000000	0.000000	0.000000
431	0.000000	0.000000	0.000000	0.027581	0.964621	0.007798	0.000000	0.000000	0.000000
432	0.000000	0.000000	0.000000	0.027370	0.964829	0.007801	0.000000	0.000000	0.000000
433	0.000000	0.000000	0.000000	0.027306	0.964866	0.007828	0.000000	0.000000	0.000000
434	0.000000	0.000000	0.000000	0.027416	0.964895	0.007689	0.000000	0.000000	0.000000
435	0.000000	0.000000	0.000000	0.027697	0.964631	0.007672	0.000000	0.000000	0.000000
436	0.000000	0.000000	0.000000	0.027546	0.964751	0.007703	0.000000	0.000000	0.000000
437	0.000000	0.000000	0.000000	0.027432	0.964885	0.007683	0.000000	0.000000	0.000000
438	0.000000	0.000000	0.000000	0.027489	0.964765	0.007746	0.000000	0.000000	0.000000
439	0.000000	0.000000	0.000000	0.027333	0.965001	0.007666	0.000000	0.000000	0.000000
440	0.000000	0.000000	0.000000	0.027288	0.965148	0.007564	0.000000	0.000000	0.000000
441	0.000000	0.000000	0.000000	0.027328	0.965074	0.007598	0.000000	0.000000	0.000000
442	0.000000	0.000000	0.000000	0.027159	0.965284	0.007557	0.000000	0.000000	0.000000
443	0.000000	0.000000	0.000000	0.027269	0.965193	0.007538	0.000000	0.000000	0.000000
444	0.000000	0.000000	0.000000	0.027180	0.965240	0.007580	0.000000	0.000000	0.000000
445	0.000000	0.000000	0.000000	0.026993	0.965417	0.007590	0.000000	0.000000	0.000000
446	0.000000	0.000000	0.000000	0.026817	0.965464	0.007719	0.000000	0.000000	0.000000
447	0.000000	0.000000	0.000000	0.026974	0.965331	0.007695	0.000000	0.000000	0.000000
448	0.000000	0.000000	0.000000	0.027024	0.965435	0.007541	0.000000	0.000000	0.000000
449	0.000000	0.000000	0.000000	0.026984	0.965391	0.007625	0.000000	0.000000	0.000000
450	0.000000	0.000000	0.000000	0.026782	0.965583	0.007635	0.000000	0.000000	0.000000
451	0.000000	0.000000	0.000000	0.026808	0.965489	0.007703	0.000000	0.000000	0.000000
452	0.000000	0.000000	0.000000	0.026851	0.965521	0.007628	0.000000	0.000000	0.000000
453	0.000000	0.000000	0.000000	0.026837	0.965533	0.007630	0.000000	0.000000	0.000000
454	0.000000	0.000000	0.000000	0.026817	0.965612	0.007571	0.000000	0.000000	0.000000
455	0.000000	0.000000	0.000000	0.026843	0.965678	0.007479	0.000000	0.000000	0.000000
456	0.000000	0.000000	0.000000	0.027080	0.965620	0.007300	0.000000	0.000000	0.000000
457	0.000000	0.000000	0.000000	0.027048	0.965529	0.007423	0.000000	0.000000	0.000000
458	0.000000	0.000000	0.000000	0.026993	0.965528	0.007479	0.000000	0.000000	0.000000
459	0.000000	0.000000	0.000000	0.026834	0.965701	0.007465	0.000000	0.000000	0.000000
460	0.000000	0.000000	0.000000	0.026783	0.965740	0.007477	0.000000	0.000000	0.000000
461	0.000000	0.000000	0.000000	0.026680	0.965851	0.007469	0.000000	0.000000	0.000000
462	0.000000	0.000000	0.000000	0.026656	0.965969	0.007375	0.000000	0.000000	0.000000
463	0.000000	0.000000	0.000000	0.026523	0.966152	0.007325	0.000000	0.000000	0.000000
464	0.000000	0.000000	0.000000	0.026491	0.966115	0.007394	0.000000	0.000000	0.000000
465	0.000000	0.000000	0.000000	0.026579	0.965953	0.007468	0.000000	0.000000	0.000000
466	0.000000	0.000000	0.000000	0.026531	0.966091	0.007378	0.000000	0.000000	0.000000
467	0.000000	0.000000	0.000000	0.026523	0.966086	0.007391	0.000000	0.000000	0.000000
468	0.000000	0.000000	0.000000	0.026576	0.966034	0.007390	0.000000	0.000000	0.000000
469	0.000000	0.000000	0.000000	0.026556	0.966096	0.007348	0.000000	0.000000	0.000000
470	0.000000	0.000000	0.000000	0.026386	0.966225	0.007389	0.000000	0.000000	0.000000
