0	0.290663	0.057897	0.229473	0.157588	0.029913	0.111872	0.085455	0.012259	0.024880
1	0.256227	0.052540	0.218220	0.124395	0.025550	0.107433	0.109435	0.021572	0.084628
2	0.277698	0.056276	0.233959	0.106299	0.023016	0.093135	0.102156	0.020219	0.087242
3	0.303948	0.060516	0.249530	0.091297	0.020506	0.079161	0.091704	0.018431	0.084907
4	0.330374	0.064571	0.262886	0.077625	0.018076	0.066864	0.081477	0.016472	0.081655
5	0.355289	0.068664	0.274338	0.065321	0.016243	0.055785	0.071596	0.014506	0.078258
6	0.378463	0.072371	0.284324	0.054833	0.014303	0.046296	0.062273	0.012517	0.074620
7	0.400456	0.075401	0.292211	0.045506	0.012649	0.038113	0.054419	0.011051	0.070194
8	0.420994	0.078048	0.298294	0.037345	0.011180	0.031077	0.047423	0.009397	0.066242
9	0.439087	0.080289	0.303381	0.031190	0.009694	0.025389	0.040721	0.008236	0.062013
10	0.455325	0.082341	0.307443	0.025628	0.008687	0.020621	0.035046	0.007023	0.057886
11	0.469203	0.084200	0.311275	0.020977	0.007621	0.016926	0.029782	0.005986	0.054030
12	0.482109	0.086079	0.313019	0.016903	0.006619	0.013782	0.025739	0.005217	0.050533
13	0.492969	0.087484	0.314925	0.013868	0.005997	0.011143	0.021934	0.004400	0.047280
14	0.502817	0.089065	0.316136	0.011347	0.005201	0.008855	0.018707	0.003724	0.044148
15	0.511833	0.089428	0.316925	0.009222	0.004575	0.007293	0.016267	0.003230	0.041227
16	0.519842	0.090433	0.316989	0.007422	0.003969	0.005893	0.013858	0.002793	0.038801
17	0.525939	0.091002	0.318460	0.006107	0.003419	0.004756	0.011985	0.002462	0.035870
18	0.532266	0.091820	0.317811	0.004873	0.003051	0.003920	0.010283	0.002249	0.033727
19	0.537639	0.092568	0.317926	0.003966	0.002613	0.003126	0.008799	0.001897	0.031466
20	0.542199	0.092686	0.318219	0.003242	0.002304	0.002575	0.007598	0.001644	0.029533
21	0.547475	0.092986	0.316982	0.002660	0.002037	0.002074	0.006562	0.001450	0.027774
22	0.550649	0.093907	0.316210	0.002187	0.001761	0.001677	0.005861	0.001291	0.026457
23	0.553507	0.094556	0.316287	0.001820	0.001545	0.001333	0.005077	0.001102	0.024773
24	0.557042	0.094868	0.315392	0.001452	0.001377	0.001099	0.004363	0.000959	0.023448
25	0.559738	0.094666	0.315649	0.001195	0.001228	0.000895	0.003831	0.000795	0.022003
26	0.561754	0.095001	0.315552	0.001030	0.001051	0.000760	0.003273	0.000747	0.020832
27	0.563523	0.095622	0.315282	0.000794	0.000979	0.000659	0.002974	0.000640	0.019527
28	0.565702	0.095837	0.314772	0.000677	0.000813	0.000533	0.002595	0.000577	0.018494
29	0.567193	0.096382	0.314385	0.000597	0.000688	0.000444	0.002353	0.000504	0.017454
30	0.568732	0.096750	0.314176	0.000481	0.000605	0.000327	0.002049	0.000442	0.016438
31	0.570093	0.097139	0.313941	0.000394	0.000503	0.000271	0.001741	0.000387	0.015531
32	0.570962	0.097430	0.313948	0.000355	0.000409	0.000229	0.001483	0.000339	0.014845
33	0.571903	0.097880	0.313661	0.000278	0.000394	0.000186	0.001311	0.000292	0.014095
34	0.573393	0.097996	0.312958	0.000217	0.000333	0.000141	0.001174	0.000270	0.013518
35	0.573912	0.098057	0.313222	0.000158	0.000275	0.000112	0.001038	0.000257	0.012969
36	0.575041	0.098047	0.312962	0.000142	0.000259	0.000086	0.000907	0.000211	0.012345
37	0.575452	0.097952	0.313355	0.000115	0.000227	0.000062	0.000781	0.000167	0.011889
38	0.576937	0.098228	0.312351	0.000102	0.000185	0.000056	0.000711	0.000149	0.011281
39	0.577495	0.098544	0.312169	0.000067	0.000158	0.000043	0.000639	0.000133	0.010752
40	0.577687	0.099351	0.311641	0.000057	0.000136	0.000036	0.000608	0.000118	0.010366
41	0.578216	0.099115	0.311970	0.000044	0.000138	0.000028	0.000529	0.000108	0.009852
42	0.578965	0.099428	0.311371	0.000047	0.000138	0.000021	0.000476	0.000087	0.009467
43	0.579196	0.099711	0.311518	0.000027	0.000112	0.000011	0.000406	0.000075	0.008944
44	0.579857	0.099962	0.310934	0.000026	0.000098	0.000009	0.000376	0.000083	0.008655
45	0.580706	0.099940	0.310544	0.000029	0.000091	0.000009	0.000335	0.000087	0.008259
46	0.581403	0.100094	0.310020	0.000032	0.000085	0.000005	0.000315	0.000083	0.007963
47	0.581936	0.100224	0.309726	0.000034	0.000073	0.000004	0.000287	0.000060	0.007656
48	0.582857	0.100277	0.309059	0.000020	0.000066	0.000004	0.000240	0.000047	0.007430
49	0.583456	0.100255	0.308731	0.000024	0.000062	0.000004	0.000233	0.000053	0.007182
50	0.583552	0.100657	0.308585	0.000024	0.000049	0.000002	0.000213	0.000040	0.006878
51	0.583395	0.100525	0.309079	0.000023	0.000046	0.000002	0.000207	0.000033	0.006690
52	0.584262	0.100596	0.308303	0.000018	0.000049	0.000001	0.000199	0.000040	0.006532
53	0.584008	0.100427	0.308972	0.000016	0.000045	0.000000	0.000159	0.000037	0.006336
54	0.584698	0.100556	0.308462	0.000017	0.000036	0.000000	0.000137	0.000033	0.006061
55	0.585518	0.100417	0.308123	0.000012	0.000035	0.000001	0.000137	0.000032	0.005725
56	0.585561	0.100867	0.307824	0.000014	0.000030	0.000000	0.000134	0.000035	0.005535
57	0.585598	0.100844	0.308049	0.000008	0.000028	0.000000	0.000121	0.000033	0.005319
58	0.585857	0.100868	0.307874	0.000004	0.000027	0.000000	0.000118	0.000034	0.005218
59	0.586538	0.100821	0.307428	0.000006	0.000022	0.000000	0.000096	0.000038	0.005051
60	0.586525	0.100817	0.307624	0.000008	0.000026	0.000000	0.000078	0.000032	0.004890
61	0.586989	0.100858	0.307359	0.000004	0.000020	0.000000	0.000066	0.000026	0.004678
62	0.586889	0.101123	0.307345	0.000002	0.000013	0.000000	0.000058	0.000029	0.004541
63	0.586792	0.101453	0.307295	0.000003	0.000008	0.000000	0.000056	0.000027	0.004366
64	0.587076	0.101133	0.307448	0.000001	0.000008	0.000000	0.000057	0.000022	0.004255
65	0.587611	0.101181	0.306987	0.000003	0.000010	0.000000	0.000050	0.000017	0.004141
66	0.587430	0.101180	0.307221	0.000001	0.000009	0.000000	0.000054	0.000013	0.004092
67	0.587665	0.101721	0.306691	0.000002	0.000012	0.000000	0.000034	0.000012	0.003863
68	0.587592	0.101890	0.306683	0.000002	0.000008	0.000000	0.000041	0.000011	0.003773
69	0.587642	0.101802	0.306813	0.000001	0.000008	0.000000	0.000041	0.000013	0.003680
70	0.587592	0.101765	0.307074	0.000002	0.000011	0.000000	0.000032	0.000008	0.003516
71	0.587618	0.102056	0.306734	0.000002	0.000010	0.000000	0.000037	0.000004	0.003539
72	0.588237	0.102242	0.306118	0.000002	0.000012	0.000000	0.000029	0.000007	0.003353
73	0.588307	0.102312	0.306010	0.000002	0.000008	0.000000	0.000033	0.000004	0.003324
74	0.589224	0.102101	0.305541	0.000003	0.000004	0.000000	0.000020	0.000003	0.003104
75	0.589753	0.102282	0.304916	0.000001	0.000005	0.000000	0.000022	0.000002	0.003019
76	0.589913	0.102018	0.305170	0.000003	0.000008	0.000000	0.000022	0.000002	0.002864
77	0.589438	0.102336	0.305379	0.000002	0.000010	0.000000	0.000020	0.000002	0.002813
78	0.589808	0.102548	0.304908	0.000001	0.000007	0.000000	0.000022	0.000000	0.002706
79	0.589484	0.102414	0.305435	0.000000	0.000004	0.000000	0.000012	0.000000	0.002651
80	0.589323	0.102609	0.305365	0.000000	0.000003	0.000000	0.000010	0.000000	0.002690
81	0.589241	0.102259	0.305900	0.000000	0.000002	0.000000	0.000006	0.000000	0.002592
82	0.588994	0.102477	0.306107	0.000000	0.000003	0.000000	0.000003	0.000000	0.002416
83	0.589004	0.102166	0.306483	0.000000	0.000005	0.000000	0.000004	0.000000	0.002338
84	0.589278	0.102195	0.306298	0.000000	0.000002	0.000000	0.000002	0.000000	0.002225
85	0.589155	0.102136	0.306516	0.000000	0.000002	0.000000	0.000000	0.000000	0.002191
86	0.588998	0.102617	0.306252	0.000000	0.000003	0.000000	0.000003	0.000000	0.002127
87	0.588637	0.102566	0.306626	0.000000	0.000004	0.000000	0.000003	0.000000	0.002164
88	0.588385	0.102941	0.306605	0.000000	0.000000	0.000000	0.000001	0.000000	0.002068
89	0.588465	0.102833	0.306688	0.000000	0.000003	0.000000	0.000004	0.000000	0.002007
90	0.588044	0.102994	0.307007	0.000000	0.000001	0.000000	0.000003	0.000000	0.001951
91	0.587930	0.102972	0.307223	0.000000	0.000000	0.000000	0.000001	0.000000	0.001874
92	0.588084	0.103189	0.306857	0.000000	0.000000	0.000000	0.000000	0.000000	0.001870
93	0.589035	0.102912	0.306233	0.000000	0.000000	0.000000	0.000001	0.000000	0.001819
94	0.589176	0.103148	0.305922	0.000000	0.000000	0.000000	0.000002	0.000000	0.001752
95	0.589454	0.102741	0.306078	0.000000	0.000000	0.000000	0.000002	0.000000	0.001725
96	0.588998	0.102869	0.306473	0.000000	0.000000	0.000000	0.000000	0.000000	0.001660
97	0.589044	0.102854	0.306477	0.000000	0.000000	0.000000	0.000000	0.000000	0.001625
98	0.588703	0.103106	0.306594	0.000000	0.000000	0.000000	0.000000	0.000000	0.001597
99	0.589293	0.103454	0.305655	0.000000	0.000000	0.000000	0.000000	0.000000	0.001598
100	0.589162	0.103060	0.306254	0.000000	0.000000	0.000000	0.000000	0.000000	0.001524
101	0.589830	0.102673	0.305984	0.000000	0.000000	0.000000	0.000000	0.000000	0.001513
102	0.589808	0.103114	0.305587	0.000000	0.000000	0.000000	0.000000	0.000000	0.001491
103	0.590341	0.102817	0.305402	0.000000	0.000000	0.000000	0.000000	0.000000	0.001440
104	0.590151	0.103087	0.305308	0.000000	0.000000	0.000000	0.000000	0.000000	0.001454
105	0.590153	0.103520	0.304861	0.000000	0.000000	0.000000	0.000000	0.000000	0.001466
106	0.589733	0.103566	0.305258	0.000000	0.000000	0.000000	0.000000	0.000000	0.001443
107	0.590086	0.103182	0.305296	0.000000	0.000000	0.000000	0.000000	0.000000	0.001436
108	0.589912	0.103528	0.305139	0.000000	0.000000	0.000000	0.000000	0.000000	0.001421
109	0.589569	0.103457	0.305588	0.000000	0.000000	0.000000	0.000000	0.000000	0.001386
110	0.589261	0.103383	0.305980	0.000000	0.000000	0.000000	0.000000	0.000000	0.001376
111	0.589736	0.103265	0.305586	0.000000	0.000000	0.000000	0.000000	0.000000	0.001413
112	0.589970	0.103305	0.305342	0.000000	0.000000	0.000000	0.000000	0.000000	0.001383
113	0.590211	0.102995	0.305440	0.000000	0.000000	0.000000	0.000000	0.000000	0.001354
114	0.590456	0.103068	0.305145	0.000000	0.000000	0.000000	0.000000	0.000000	0.001331
115	0.590551	0.102902	0.305278	0.000000	0.000000	0.000000	0.000000	0.000000	0.001269
116	0.590470	0.102985	0.305309	0.000000	0.000000	0.000000	0.000000	0.000000	0.001236
117	0.589977	0.102691	0.306063	0.000000	0.000000	0.000000	0.000000	0.000000	0.001269
118	0.590410	0.102404	0.305945	0.000000	0.000000	0.000000	0.000000	0.000000	0.001241
119	0.590536	0.102439	0.305807	0.000000	0.000000	0.000000	0.000000	0.000000	0.001218
120	0.590873	0.102548	0.305411	0.000000	0.000000	0.000000	0.000000	0.000000	0.001168
121	0.590785	0.102281	0.305793	0.000000	0.000000	0.000000	0.000000	0.000000	0.001141
122	0.590778	0.102456	0.305638	0.000000	0.000000	0.000000	0.000000	0.000000	0.001128
123	0.590958	0.102253	0.305642	0.000000	0.000000	0.000000	0.000000	0.000000	0.001147
124	0.591340	0.102511	0.305071	0.000000	0.000000	0.000000	0.000000	0.000000	0.001078
125	0.591250	0.102581	0.305115	0.000000	0.000000	0.000000	0.000000	0.000000	0.001054
126	0.591309	0.102379	0.305248	0.000000	0.000000	0.000000	0.000000	0.000000	0.001064
127	0.591817	0.102527	0.304617	0.000000	0.000000	0.000000	0.000000	0.000000	0.001039
128	0.592149	0.102156	0.304637	0.000000	0.000000	0.000000	0.000000	0.000000	0.001058
129	0.592935	0.102108	0.303960	0.000000	0.000000	0.000000	0.000000	0.000000	0.000997
130	0.592435	0.101930	0.304674	0.000000	0.000000	0.000000	0.000000	0.000000	0.000961
131	0.592117	0.102250	0.304738	0.000000	0.000000	0.000000	0.000000	0.000000	0.000895
132	0.592088	0.101963	0.305052	0.000000	0.000000	0.000000	0.000000	0.000000	0.000897
133	0.592104	0.102224	0.304797	0.000000	0.000000	0.000000	0.000000	0.000000	0.000875
134	0.591736	0.102483	0.304870	0.000000	0.000000	0.000000	0.000000	0.000000	0.000911
135	0.592555	0.102905	0.303625	0.000000	0.000000	0.000000	0.000000	0.000000	0.000915
136	0.591919	0.102825	0.304358	0.000000	0.000000	0.000000	0.000000	0.000000	0.000898
137	0.591660	0.102916	0.304536	0.000000	0.000000	0.000000	0.000000	0.000000	0.000888
138	0.591453	0.102657	0.305018	0.000000	0.000000	0.000000	0.000000	0.000000	0.000872
139	0.591811	0.102965	0.304351	0.000000	0.000000	0.000000	0.000000	0.000000	0.000873
140	0.591723	0.102928	0.304496	0.000000	0.000000	0.000000	0.000000	0.000000	0.000853
141	0.591793	0.103029	0.304327	0.000000	0.000000	0.000000	0.000000	0.000000	0.000851
142	0.591753	0.103463	0.303968	0.000000	0.000000	0.000000	0.000000	0.000000	0.000816
143	0.592091	0.103362	0.303738	0.000000	0.000000	0.000000	0.000000	0.000000	0.000809
144	0.591795	0.103391	0.304047	0.000000	0.000000	0.000000	0.000000	0.000000	0.000767
145	0.591696	0.103443	0.304116	0.000000	0.000000	0.000000	0.000000	0.000000	0.000745
146	0.592233	0.103447	0.303538	0.000000	0.000000	0.000000	0.000000	0.000000	0.000782
147	0.591908	0.103591	0.303736	0.000000	0.000000	0.000000	0.000000	0.000000	0.000765
148	0.591458	0.103832	0.303986	0.000000	0.000000	0.000000	0.000000	0.000000	0.000724
149	0.591891	0.103534	0.303837	0.000000	0.000000	0.000000	0.000000	0.000000	0.000738
150	0.591325	0.103695	0.304270	0.000000	0.000000	0.000000	0.000000	0.000000	0.000710
151	0.591714	0.103090	0.304467	0.000000	0.000000	0.000000	0.000000	0.000000	0.000729
152	0.591107	0.103609	0.304585	0.000000	0.000000	0.000000	0.000000	0.000000	0.000699
153	0.591466	0.103320	0.304546	0.000000	0.000000	0.000000	0.000000	0.000000	0.000668
154	0.590879	0.103574	0.304906	0.000000	0.000000	0.000000	0.000000	0.000000	0.000641
155	0.590552	0.103499	0.305278	0.000000	0.000000	0.000000	0.000000	0.000000	0.000671
156	0.590638	0.103652	0.305037	0.000000	0.000000	0.000000	0.000000	0.000000	0.000673
157	0.591212	0.103618	0.304530	0.000000	0.000000	0.000000	0.000000	0.000000	0.000640
158	0.591453	0.103922	0.303965	0.000000	0.000000	0.000000	0.000000	0.000000	0.000660
159	0.591808	0.103540	0.304029	0.000000	0.000000	0.000000	0.000000	0.000000	0.000623
160	0.592256	0.103941	0.303156	0.000000	0.000000	0.000000	0.000000	0.000000	0.000647
161	0.592720	0.103746	0.302920	0.000000	0.000000	0.000000	0.000000	0.000000	0.000614
162	0.592801	0.103647	0.302925	0.000000	0.000000	0.000000	0.000000	0.000000	0.000627
163	0.592316	0.103715	0.303326	0.000000	0.000000	0.000000	0.000000	0.000000	0.000643
164	0.592270	0.104068	0.303056	0.000000	0.000000	0.000000	0.000000	0.000000	0.000606
165	0.592308	0.104118	0.303006	0.000000	0.000000	0.000000	0.000000	0.000000	0.000568
166	0.592509	0.103846	0.303094	0.000000	0.000000	0.000000	0.000000	0.000000	0.000551
167	0.592765	0.103919	0.302774	0.000000	0.000000	0.000000	0.000000	0.000000	0.000542
168	0.592343	0.104203	0.302893	0.000000	0.000000	0.000000	0.000000	0.000000	0.000561
169	0.592375	0.104213	0.302860	0.000000	0.000000	0.000000	0.000000	0.000000	0.000552
170	0.593178	0.103827	0.302446	0.000000	0.000000	0.000000	0.000000	0.000000	0.000549
171	0.593171	0.103772	0.302548	0.000000	0.000000	0.000000	0.000000	0.000000	0.000509
172	0.592616	0.104055	0.302847	0.000000	0.000000	0.000000	0.000000	0.000000	0.000482
173	0.592732	0.104090	0.302724	0.000000	0.000000	0.000000	0.000000	0.000000	0.000454
174	0.592664	0.104124	0.302765	0.000000	0.000000	0.000000	0.000000	0.000000	0.000447
175	0.592252	0.104164	0.303138	0.000000	0.000000	0.000000	0.000000	0.000000	0.000446
176	0.592725	0.104241	0.302617	0.000000	0.000000	0.000000	0.000000	0.000000	0.000417
177	0.592531	0.104176	0.302872	0.000000	0.000000	0.000000	0.000000	0.000000	0.000421
178	0.593160	0.103529	0.302925	0.000000	0.000000	0.000000	0.000000	0.000000	0.000386
179	0.592652	0.104061	0.302882	0.000000	0.000000	0.000000	0.000000	0.000000	0.000405
180	0.593539	0.103771	0.302334	0.000000	0.000000	0.000000	0.000000	0.000000	0.000356
181	0.593413	0.103750	0.302451	0.000000	0.000000	0.000000	0.000000	0.000000	0.000386
182	0.593816	0.103528	0.302281	0.000000	0.000000	0.000000	0.000000	0.000000	0.000375
183	0.593474	0.103293	0.302870	0.000000	0.000000	0.000000	0.000000	0.000000	0.000363
184	0.593082	0.103311	0.303248	0.000000	0.000000	0.000000	0.000000	0.000000	0.000359
185	0.593831	0.103353	0.302477	0.000000	0.000000	0.000000	0.000000	0.000000	0.000339
186	0.593989	0.103279	0.302414	0.000000	0.000000	0.000000	0.000000	0.000000	0.000318
187	0.593915	0.103185	0.302606	0.000000	0.000000	0.000000	0.000000	0.000000	0.000294
188	0.594544	0.103101	0.302084	0.000000	0.000000	0.000000	0.000000	0.000000	0.000271
189	0.594019	0.103340	0.302361	0.000000	0.000000	0.000000	0.000000	0.000000	0.000280
190	0.594381	0.103250	0.302095	0.000000	0.000000	0.000000	0.000000	0.000000	0.000274
191	0.595060	0.103119	0.301552	0.000000	0.000000	0.000000	0.000000	0.000000	0.000269
192	0.595085	0.103245	0.301435	0.000000	0.000000	0.000000	0.000000	0.000000	0.000235
193	0.595222	0.103448	0.301081	0.000000	0.000000	0.000000	0.000000	0.000000	0.000249
194	0.595042	0.103472	0.301257	0.000000	0.000000	0.000000	0.000000	0.000000	0.000229
195	0.594837	0.103595	0.301362	0.000000	0.000000	0.000000	0.000000	0.000000	0.000206
196	0.595305	0.103165	0.301329	0.000000	0.000000	0.000000	0.000000	0.000000	0.000201
197	0.594807	0.102934	0.302048	0.000000	0.000000	0.000000	0.000000	0.000000	0.000211
198	0.595506	0.103288	0.301016	0.000000	0.000000	0.000000	0.000000	0.000000	0.000190
199	0.595222	0.103104	0.301501	0.000000	0.000000	0.000000	0.000000	0.000000	0.000173
200	0.594971	0.102986	0.301862	0.000000	0.000000	0.000000	0.000000	0.000000	0.000181
201	0.595430	0.102932	0.301450	0.000000	0.000000	0.000000	0.000000	0.000000	0.000188
202	0.594448	0.103343	0.302021	0.000000	0.000000	0.000000	0.000000	0.000000	0.000188
203	0.593924	0.103483	0.302401	0.000000	0.000000	0.000000	0.000000	0.000000	0.000192
204	0.594195	0.103473	0.302117	0.000000	0.000000	0.000000	0.000000	0.000000	0.000215
205	0.594575	0.103280	0.301954	0.000000	0.000000	0.000000	0.000000	0.000000	0.000191
206	0.594289	0.103529	0.302000	0.000000	0.000000	0.000000	0.000000	0.000000	0.000182
207	0.594397	0.103597	0.301827	0.000000	0.000000	0.000000	0.000000	0.000000	0.000179
208	0.594630	0.103521	0.301663	0.000000	0.000000	0.000000	0.000000	0.000000	0.000186
209	0.594345	0.103336	0.302145	0.000000	0.000000	0.000000	0.000000	0.000000	0.000174
210	0.594433	0.103356	0.302031	0.000000	0.000000	0.000000	0.000000	0.000000	0.000180
211	0.594320	0.103505	0.301987	0.000000	0.000000	0.000000	0.000000	0.000000	0.000188
212	0.593692	0.103604	0.302530	0.000000	0.000000	0.000000	0.000000	0.000000	0.000174
213	0.593739	0.103615	0.302475	0.000000	0.000000	0.000000	0.000000	0.000000	0.000171
214	0.593861	0.103552	0.302425	0.000000	0.000000	0.000000	0.000000	0.000000	0.000162
215	0.594156	0.103331	0.302346	0.000000	0.000000	0.000000	0.000000	0.000000	0.000167
216	0.594451	0.103007	0.302392	0.000000	0.000000	0.000000	0.000000	0.000000	0.000150
217	0.594152	0.103117	0.302594	0.000000	0.000000	0.000000	0.000000	0.000000	0.000137
218	0.594942	0.103083	0.301837	0.000000	0.000000	0.000000	0.000000	0.000000	0.000138
219	0.594796	0.102726	0.302343	0.000000	0.000000	0.000000	0.000000	0.000000	0.000135
220	0.595184	0.102657	0.302035	0.000000	0.000000	0.000000	0.000000	0.000000	0.000124
221	0.595316	0.102694	0.301860	0.000000	0.000000	0.000000	0.000000	0.000000	0.000130
222	0.594941	0.102719	0.302203	0.000000	0.000000	0.000000	0.000000	0.000000	0.000137
223	0.594918	0.102573	0.302393	0.000000	0.000000	0.000000	0.000000	0.000000	0.000116
224	0.594010	0.102867	0.302998	0.000000	0.000000	0.000000	0.000000	0.000000	0.000125
225	0.594384	0.102870	0.302634	0.000000	0.000000	0.000000	0.000000	0.000000	0.000112
226	0.594778	0.102591	0.302510	0.000000	0.000000	0.000000	0.000000	0.000000	0.000121
227	0.594576	0.102925	0.302394	0.000000	0.000000	0.000000	0.000000	0.000000	0.000105
228	0.594835	0.103020	0.302029	0.000000	0.000000	0.000000	0.000000	0.000000	0.000116
229	0.595203	0.103240	0.301451	0.000000	0.000000	0.000000	0.000000	0.000000	0.000106
230	0.595599	0.102998	0.301294	0.000000	0.000000	0.000000	0.000000	0.000000	0.000109
231	0.595356	0.103069	0.301472	0.000000	0.000000	0.000000	0.000000	0.000000	0.000103
232	0.595891	0.103147	0.300859	0.000000	0.000000	0.000000	0.000000	0.000000	0.000103
233	0.595749	0.103332	0.300822	0.000000	0.000000	0.000000	0.000000	0.000000	0.000097
234	0.596169	0.102890	0.300844	0.000000	0.000000	0.000000	0.000000	0.000000	0.000097
235	0.596341	0.102990	0.300570	0.000000	0.000000	0.000000	0.000000	0.000000	0.000099
236	0.596205	0.103357	0.300336	0.000000	0.000000	0.000000	0.000000	0.000000	0.000102
237	0.596280	0.103230	0.300393	0.000000	0.000000	0.000000	0.000000	0.000000	0.000097
238	0.595395	0.103485	0.301033	0.000000	0.000000	0.000000	0.000000	0.000000	0.000087
239	0.595875	0.103613	0.300423	0.000000	0.000000	0.000000	0.000000	0.000000	0.000089
240	0.596295	0.103842	0.299778	0.000000	0.000000	0.000000	0.000000	0.000000	0.000085
241	0.596460	0.103320	0.300144	0.000000	0.000000	0.000000	0.000000	0.000000	0.000076
242	0.596388	0.103565	0.299971	0.000000	0.000000	0.000000	0.000000	0.000000	0.000076
243	0.596820	0.103603	0.299500	0.000000	0.000000	0.000000	0.000000	0.000000	0.000077
244	0.596564	0.103565	0.299800	0.000000	0.000000	0.000000	0.000000	0.000000	0.000071
245	0.596318	0.103570	0.300042	0.000000	0.000000	0.000000	0.000000	0.000000	0.000070
246	0.596863	0.103205	0.299861	0.000000	0.000000	0.000000	0.000000	0.000000	0.000071
247	0.597051	0.103384	0.299499	0.000000	0.000000	0.000000	0.000000	0.000000	0.000066
248	0.596979	0.103427	0.299532	0.000000	0.000000	0.000000	0.000000	0.000000	0.000062
249	0.597060	0.103444	0.299429	0.000000	0.000000	0.000000	0.000000	0.000000	0.000067
250	0.596748	0.103484	0.299711	0.000000	0.000000	0.000000	0.000000	0.000000	0.000057
251	0.597293	0.103388	0.299257	0.000000	0.000000	0.000000	0.000000	0.000000	0.000062
252	0.597624	0.103743	0.298573	0.000000	0.000000	0.000000	0.000000	0.000000	0.000060
253	0.596890	0.104028	0.299019	0.000000	0.000000	0.000000	0.000000	0.000000	0.000063
254	0.597125	0.104424	0.298386	0.000000	0.000000	0.000000	0.000000	0.000000	0.000065
255	0.596981	0.104461	0.298497	0.000000	0.000000	0.000000	0.000000	0.000000	0.000061
256	0.597104	0.104352	0.298485	0.000000	0.000000	0.000000	0.000000	0.000000	0.000059
257	0.597547	0.104124	0.298262	0.000000	0.000000	0.000000	0.000000	0.000000	0.000067
258	0.597107	0.104404	0.298441	0.000000	0.000000	0.000000	0.000000	0.000000	0.000048
259	0.597289	0.104268	0.298391	0.000000	0.000000	0.000000	0.000000	0.000000	0.000052
260	0.597882	0.104231	0.297832	0.000000	0.000000	0.000000	0.000000	0.000000	0.000055
261	0.597027	0.104586	0.298340	0.000000	0.000000	0.000000	0.000000	0.000000	0.000047
262	0.597704	0.104185	0.298056	0.000000	0.000000	0.000000	0.000000	0.000000	0.000055
263	0.597954	0.104060	0.297932	0.000000	0.000000	0.000000	0.000000	0.000000	0.000054
264	0.597820	0.103841	0.298267	0.000000	0.000000	0.000000	0.000000	0.000000	0.000072
265	0.597787	0.104023	0.298118	0.000000	0.000000	0.000000	0.000000	0.000000	0.000072
266	0.597817	0.103644	0.298466	0.000000	0.000000	0.000000	0.000000	0.000000	0.000073
267	0.598245	0.103718	0.297963	0.000000	0.000000	0.000000	0.000000	0.000000	0.000074
268	0.597637	0.104024	0.298251	0.000000	0.000000	0.000000	0.000000	0.000000	0.000088
269	0.597569	0.103990	0.298344	0.000000	0.000000	0.000000	0.000000	0.000000	0.000097
270	0.597740	0.103887	0.298263	0.000000	0.000000	0.000000	0.000000	0.000000	0.000110
271	0.597385	0.103846	0.298650	0.000000	0.000000	0.000000	0.000000	0.000000	0.000119
272	0.597094	0.104334	0.298465	0.000000	0.000000	0.000000	0.000000	0.000000	0.000107
273	0.597447	0.104667	0.297764	0.000000	0.000000	0.000000	0.000000	0.000000	0.000122
274	0.596874	0.104708	0.298299	0.000000	0.000000	0.000000	0.000000	0.000000	0.000119
275	0.596728	0.104690	0.298472	0.000000	0.000000	0.000000	0.000000	0.000000	0.000110
276	0.597172	0.104550	0.298179	0.000000	0.000000	0.000000	0.000000	0.000000	0.000099
277	0.596998	0.104870	0.298024	0.000000	0.000000	0.000000	0.000000	0.000000	0.000108
278	0.596725	0.105135	0.298023	0.000000	0.000000	0.000000	0.000000	0.000000	0.000117
279	0.596920	0.105067	0.297900	0.000000	0.000000	0.000000	0.000000	0.000000	0.000113
280	0.596767	0.104733	0.298390	0.000000	0.000000	0.000000	0.000000	0.000000	0.000110
281	0.596659	0.104703	0.298522	0.000000	0.000000	0.000000	0.000000	0.000000	0.000116
282	0.597071	0.104413	0.298413	0.000000	0.000000	0.000000	0.000000	0.000000	0.000103
283	0.596752	0.104248	0.298892	0.000000	0.000000	0.000000	0.000000	0.000000	0.000108
284	0.596656	0.104250	0.298995	0.000000	0.000000	0.000000	0.000000	0.000000	0.000099
285	0.596991	0.103957	0.298944	0.000000	0.000000	0.000000	0.000000	0.000000	0.000108
286	0.596709	0.103763	0.299418	0.000000	0.000000	0.000000	0.000000	0.000000	0.000110
287	0.596484	0.103821	0.299587	0.000000	0.000000	0.000000	0.000000	0.000000	0.000108
288	0.597039	0.103671	0.299173	0.000000	0.000000	0.000000	0.000000	0.000000	0.000117
289	0.596812	0.103430	0.299662	0.000000	0.000000	0.000000	0.000000	0.000000	0.000096
290	0.596993	0.103653	0.299264	0.000000	0.000000	0.000000	0.000000	0.000000	0.000090
291	0.597059	0.103546	0.299314	0.000000	0.000000	0.000000	0.000000	0.000000	0.000081
292	0.596078	0.104187	0.299649	0.000000	0.000000	0.000000	0.000000	0.000000	0.000086
293	0.596469	0.103978	0.299460	0.000000	0.000000	0.000000	0.000000	0.000000	0.000093
294	0.596044	0.104121	0.299761	0.000000	0.000000	0.000000	0.000000	0.000000	0.000074
295	0.595978	0.104633	0.299299	0.000000	0.000000	0.000000	0.000000	0.000000	0.000090
296	0.596420	0.104499	0.298996	0.000000	0.000000	0.000000	0.000000	0.000000	0.000085
297	0.596363	0.104270	0.299282	0.000000	0.000000	0.000000	0.000000	0.000000	0.000085
298	0.596387	0.104278	0.299247	0.000000	0.000000	0.000000	0.000000	0.000000	0.000088
299	0.596406	0.103868	0.299625	0.000000	0.000000	0.000000	0.000000	0.000000	0.000101
300	0.596097	0.104455	0.299333	0.000000	0.000000	0.000000	0.000000	0.000000	0.000115
301	0.596923	0.104115	0.298867	0.000000	0.000000	0.000000	0.000000	0.000000	0.000095
302	0.596464	0.103741	0.299687	0.000000	0.000000	0.000000	0.000000	0.000000	0.000108
303	0.595393	0.104084	0.300431	0.000000	0.000000	0.000000	0.000000	0.000000	0.000092
304	0.595822	0.104232	0.299862	0.000000	0.000000	0.000000	0.000000	0.000000	0.000084
305	0.595542	0.104006	0.300362	0.000000	0.000000	0.000000	0.000000	0.000000	0.000090
306	0.595491	0.103917	0.300504	0.000000	0.000000	0.000000	0.000000	0.000000	0.000088
307	0.595043	0.104185	0.300683	0.000000	0.000000	0.000000	0.000000	0.000000	0.000089
308	0.594771	0.104427	0.300709	0.000000	0.000000	0.000000	0.000000	0.000000	0.000093
309	0.594676	0.104345	0.300903	0.000000	0.000000	0.000000	0.000000	0.000000	0.000076
310	0.595196	0.104196	0.300536	0.000000	0.000000	0.000000	0.000000	0.000000	0.000072
311	0.595722	0.103754	0.300453	0.000000	0.000000	0.000000	0.000000	0.000000	0.000071
312	0.595879	0.103707	0.300347	0.000000	0.000000	0.000000	0.000000	0.000000	0.000067
313	0.595926	0.103460	0.300548	0.000000	0.000000	0.000000	0.000000	0.000000	0.000066
314	0.595991	0.103558	0.300377	0.000000	0.000000	0.000000	0.000000	0.000000	0.000074
315	0.594826	0.103736	0.301366	0.000000	0.000000	0.000000	0.000000	0.000000	0.000072
316	0.594727	0.104204	0.300998	0.000000	0.000000	0.000000	0.000000	0.000000	0.000071
317	0.594708	0.104035	0.301185	0.000000	0.000000	0.000000	0.000000	0.000000	0.000072
318	0.595064	0.104005	0.300850	0.000000	0.000000	0.000000	0.000000	0.000000	0.000081
319	0.595202	0.103898	0.300821	0.000000	0.000000	0.000000	0.000000	0.000000	0.000079
320	0.595277	0.103999	0.300657	0.000000	0.000000	0.000000	0.000000	0.000000	0.000067
321	0.595172	0.104065	0.300705	0.000000	0.000000	0.000000	0.000000	0.000000	0.000058
322	0.595610	0.104052	0.300277	0.000000	0.000000	0.000000	0.000000	0.000000	0.000061
323	0.595701	0.103644	0.300597	0.000000	0.000000	0.000000	0.000000	0.000000	0.000058
324	0.595995	0.103269	0.300674	0.000000	0.000000	0.000000	0.000000	0.000000	0.000062
325	0.595627	0.103290	0.301035	0.000000	0.000000	0.000000	0.000000	0.000000	0.000048
326	0.595557	0.103335	0.301052	0.000000	0.000000	0.000000	0.000000	0.000000	0.000056
327	0.595521	0.103251	0.301181	0.000000	0.000000	0.000000	0.000000	0.000000	0.000047
328	0.596521	0.103348	0.300091	0.000000	0.000000	0.000000	0.000000	0.000000	0.000040
329	0.596451	0.103508	0.299990	0.000000	0.000000	0.000000	0.000000	0.000000	0.000051
330	0.596702	0.103470	0.299786	0.000000	0.000000	0.000000	0.000000	0.000000	0.000042
331	0.596652	0.103197	0.300100	0.000000	0.000000	0.000000	0.000000	0.000000	0.000051
332	0.596554	0.102667	0.300726	0.000000	0.000000	0.000000	0.000000	0.000000	0.000053
333	0.596628	0.102710	0.300607	0.000000	0.000000	0.000000	0.000000	0.000000	0.000055
334	0.596277	0.102772	0.300888	0.000000	0.000000	0.000000	0.000000	0.000000	0.000063
335	0.596272	0.103000	0.300661	0.000000	0.000000	0.000000	0.000000	0.000000	0.000067
336	0.596480	0.103044	0.300419	0.000000	0.000000	0.000000	0.000000	0.000000	0.000057
337	0.596227	0.103416	0.300298	0.000000	0.000000	0.000000	0.000000	0.000000	0.000059
338	0.596716	0.103105	0.300114	0.000000	0.000000	0.000000	0.000000	0.000000	0.000065
339	0.596728	0.103136	0.300085	0.000000	0.000000	0.000000	0.000000	0.000000	0.000051
340	0.596949	0.102809	0.300194	0.000000	0.000000	0.000000	0.000000	0.000000	0.000048
341	0.596353	0.103304	0.300300	0.000000	0.000000	0.000000	0.000000	0.000000	0.000043
342	0.596898	0.102680	0.300380	0.000000	0.000000	0.000000	0.000000	0.000000	0.000042
343	0.596574	0.102869	0.300515	0.000000	0.000000	0.000000	0.000000	0.000000	0.000042
344	0.596963	0.102557	0.300436	0.000000	0.000000	0.000000	0.000000	0.000000	0.000044
345	0.597293	0.102474	0.300194	0.000000	0.000000	0.000000	0.000000	0.000000	0.000039
346	0.597121	0.102473	0.300369	0.000000	0.000000	0.000000	0.000000	0.000000	0.000037
347	0.597179	0.102187	0.300597	0.000000	0.000000	0.000000	0.000000	0.000000	0.000037
348	0.597183	0.102376	0.300390	0.000000	0.000000	0.000000	0.000000	0.000000	0.000051
349	0.597124	0.102519	0.300312	0.000000	0.000000	0.000000	0.000000	0.000000	0.000045
350	0.597743	0.102604	0.299608	0.000000	0.000000	0.000000	0.000000	0.000000	0.000045
351	0.597884	0.102409	0.299665	0.000000	0.000000	0.000000	0.000000	0.000000	0.000042
352	0.597471	0.102267	0.300208	0.000000	0.000000	0.000000	0.000000	0.000000	0.000054
353	0.597722	0.102320	0.299913	0.000000	0.000000	0.000000	0.000000	0.000000	0.000045
354	0.597510	0.102527	0.299919	0.000000	0.000000	0.000000	0.000000	0.000000	0.000044
355	0.597252	0.102606	0.300096	0.000000	0.000000	0.000000	0.000000	0.000000	0.000046
356	0.597364	0.102094	0.300502	0.000000	0.000000	0.000000	0.000000	0.000000	0.000040
357	0.597634	0.102352	0.299965	0.000000	0.000000	0.000000	0.000000	0.000000	0.000049
358	0.597843	0.101983	0.300124	0.000000	0.000000	0.000000	0.000000	0.000000	0.000050
359	0.598190	0.101803	0.299967	0.000000	0.000000	0.000000	0.000000	0.000000	0.000040
360	0.597784	0.102051	0.300123	0.000000	0.000000	0.000000	0.000000	0.000000	0.000042
361	0.598467	0.101980	0.299504	0.000000	0.000000	0.000000	0.000000	0.000000	0.000049
362	0.598586	0.101887	0.299481	0.000000	0.000000	0.000000	0.000000	0.000000	0.000046
363	0.598347	0.102019	0.299589	0.000000	0.000000	0.000000	0.000000	0.000000	0.000045
364	0.597963	0.101896	0.300107	0.000000	0.000000	0.000000	0.000000	0.000000	0.000034
365	0.597992	0.101875	0.300096	0.000000	0.000000	0.000000	0.000000	0.000000	0.000037
366	0.597615	0.101833	0.300524	0.000000	0.000000	0.000000	0.000000	0.000000	0.000028
367	0.597963	0.101664	0.300348	0.000000	0.000000	0.000000	0.000000	0.000000	0.000025
368	0.597428	0.101570	0.300967	0.000000	0.000000	0.000000	0.000000	0.000000	0.000035
369	0.597934	0.101414	0.300620	0.000000	0.000000	0.000000	0.000000	0.000000	0.000032
370	0.598014	0.101461	0.300498	0.000000	0.000000	0.000000	0.000000	0.000000	0.000027
371	0.597593	0.101334	0.301042	0.000000	0.000000	0.000000	0.000000	0.000000	0.000031
372	0.597176	0.101653	0.301146	0.000000	0.000000	0.000000	0.000000	0.000000	0.000025
373	0.597291	0.101816	0.300874	0.000000	0.000000	0.000000	0.000000	0.000000	0.000019
374	0.597805	0.101814	0.300354	0.000000	0.000000	0.000000	0.000000	0.000000	0.000027
375	0.597993	0.101993	0.299990	0.000000	0.000000	0.000000	0.000000	0.000000	0.000024
376	0.597253	0.101617	0.301106	0.000000	0.000000	0.000000	0.000000	0.000000	0.000024
377	0.596823	0.101829	0.301330	0.000000	0.000000	0.000000	0.000000	0.000000	0.000018
378	0.596676	0.101959	0.301345	0.000000	0.000000	0.000000	0.000000	0.000000	0.000020
379	0.596939	0.102063	0.300987	0.000000	0.000000	0.000000	0.000000	0.000000	0.000011
380	0.596753	0.102056	0.301184	0.000000	0.000000	0.000000	0.000000	0.000000	0.000007
381	0.596323	0.102275	0.301397	0.000000	0.000000	0.000000	0.000000	0.000000	0.000005
382	0.596284	0.102045	0.301667	0.000000	0.000000	0.000000	0.000000	0.000000	0.000004
383	0.596495	0.102001	0.301498	0.000000	0.000000	0.000000	0.000000	0.000000	0.000006
384	0.596720	0.102341	0.300932	0.000000	0.000000	0.000000	0.000000	0.000000	0.000007
385	0.596780	0.102495	0.300720	0.000000	0.000000	0.000000	0.000000	0.000000	0.000005
386	0.596977	0.102796	0.300223	0.000000	0.000000	0.000000	0.000000	0.000000	0.000004
387	0.596552	0.102661	0.300781	0.000000	0.000000	0.000000	0.000000	0.000000	0.000006
388	0.596413	0.102475	0.301107	0.000000	0.000000	0.000000	0.000000	0.000000	0.000005
389	0.596937	0.102278	0.300779	0.000000	0.000000	0.000000	0.000000	0.000000	0.000006
390	0.596889	0.102191	0.300915	0.000000	0.000000	0.000000	0.000000	0.000000	0.000005
391	0.596552	0.102188	0.301254	0.000000	0.000000	0.000000	0.000000	0.000000	0.000006
392	0.596491	0.101859	0.301645	0.000000	0.000000	0.000000	0.000000	0.000000	0.000005
393	0.596121	0.101836	0.302036	0.000000	0.000000	0.000000	0.000000	0.000000	0.000007
394	0.595929	0.102206	0.301859	0.000000	0.000000	0.000000	0.000000	0.000000	0.000006
395	0.595241	0.102402	0.302351	0.000000	0.000000	0.000000	0.000000	0.000000	0.000006
396	0.594798	0.102601	0.302594	0.000000	0.000000	0.000000	0.000000	0.000000	0.000007
397	0.594532	0.102371	0.303090	0.000000	0.000000	0.000000	0.000000	0.000000	0.000007
398	0.594518	0.102498	0.302978	0.000000	0.000000	0.000000	0.000000	0.000000	0.000006
399	0.595165	0.102432	0.302397	0.000000	0.000000	0.000000	0.000000	0.000000	0.000006
400	0.594990	0.102184	0.302824	0.000000	0.000000	0.000000	0.000000	0.000000	0.000002
401	0.594367	0.102262	0.303366	0.000000	0.000000	0.000000	0.000000	0.000000	0.000005
402	0.594330	0.102117	0.303549	0.000000	0.000000	0.000000	0.000000	0.000000	0.000004
403	0.594117	0.101894	0.303984	0.000000	0.000000	0.000000	0.000000	0.000000	0.000005
404	0.594267	0.101575	0.304152	0.000000	0.000000	0.000000	0.000000	0.000000	0.000006
405	0.594923	0.101623	0.303450	0.000000	0.000000	0.000000	0.000000	0.000000	0.000004
406	0.594493	0.101866	0.303638	0.000000	0.000000	0.000000	0.000000	0.000000	0.000003
407	0.594148	0.101759	0.304085	0.000000	0.000000	0.000000	0.000000	0.000000	0.000008
408	0.593993	0.101851	0.304150	0.000000	0.000000	0.000000	0.000000	0.000000	0.000006
409	0.594268	0.102010	0.303718	0.000000	0.000000	0.000000	0.000000	0.000000	0.000004
410	0.594300	0.101989	0.303706	0.000000	0.000000	0.000000	0.000000	0.000000	0.000005
411	0.594401	0.101738	0.303854	0.000000	0.000000	0.000000	0.000000	0.000000	0.000007
412	0.594818	0.101453	0.303724	0.000000	0.000000	0.000000	0.000000	0.000000	0.000005
413	0.594564	0.101646	0.303783	0.000000	0.000000	0.000000	0.000000	0.000000	0.000007
414	0.595049	0.101530	0.303415	0.000000	0.000000	0.000000	0.000000	0.000000	0.000006
415	0.595218	0.101691	0.303084	0.000000	0.000000	0.000000	0.000000	0.000000	0.000007
416	0.594785	0.101685	0.303522	0.000000	0.000000	0.000000	0.000000	0.000000	0.000008
417	0.594540	0.101932	0.303522	0.000000	0.000000	0.000000	0.000000	0.000000	0.000006
418	0.594296	0.102059	0.303636	0.000000	0.000000	0.000000	0.000000	0.000000	0.000009
419	0.594107	0.102335	0.303547	0.000000	0.000000	0.000000	0.000000	0.000000	0.000011
420	0.593819	0.103066	0.303097	0.000000	0.000000	0.000000	0.000000	0.000000	0.000018
421	0.594636	0.102933	0.302414	0.000000	0.000000	0.000000	0.000000	0.000000	0.000017
422	0.594547	0.102934	0.302503	0.000000	0.000000	0.000000	0.000000	0.000000	0.000016
423	0.594810	0.102961	0.302216	0.000000	0.000000	0.000000	0.000000	0.000000	0.000013
424	0.594733	0.103123	0.302131	0.000000	0.000000	0.000000	0.000000	0.000000	0.000013
425	0.595017	0.102977	0.301997	0.000000	0.000000	0.000000	0.000000	0.000000	0.000009
426	0.594854	0.103470	0.301668	0.000000	0.000000	0.000000	0.000000	0.000000	0.000008
427	0.595039	0.103178	0.301778	0.000000	0.000000	0.000000	0.000000	0.000000	0.000005
428	0.594930	0.103000	0.302066	0.000000	0.000000	0.000000	0.000000	0.000000	0.000004
429	0.595161	0.102986	0.301848	0.000000	0.000000	0.000000	0.000000	0.000000	0.000005
430	0.595062	0.103366	0.301570	0.000000	0.000000	0.000000	0.000000	0.000000	0.000002
431	0.594676	0.103325	0.301996	0.000000	0.000000	0.000000	0.000000	0.000000	0.000003
432	0.594569	0.103205	0.302222	0.000000	0.000000	0.000000	0.000000	0.000000	0.000004
433	0.594580	0.103080	0.302336	0.000000	0.000000	0.000000	0.000000	0.000000	0.000004
434	0.594590	0.103579	0.301823	0.000000	0.000000	0.000000	0.000000	0.000000	0.000008
435	0.594699	0.103397	0.301895	0.000000	0.000000	0.000000	0.000000	0.000000	0.000009
436	0.594466	0.103731	0.301796	0.000000	0.000000	0.000000	0.000000	0.000000	0.000007
437	0.594462	0.103808	0.301721	0.000000	0.000000	0.000000	0.000000	0.000000	0.000009
438	0.593395	0.103941	0.302651	0.000000	0.000000	0.000000	0.000000	0.000000	0.000013
439	0.593387	0.104243	0.302356	0.000000	0.000000	0.000000	0.000000	0.000000	0.000014
440	0.593983	0.104223	0.301781	0.000000	0.000000	0.000000	0.000000	0.000000	0.000013
441	0.593349	0.104649	0.301993	0.000000	0.000000	0.000000	0.000000	0.000000	0.000009
442	0.592999	0.104792	0.302199	0.000000	0.000000	0.000000	0.000000	0.000000	0.000010
443	0.592840	0.104882	0.302267	0.000000	0.000000	0.000000	0.000000	0.000000	0.000011
444	0.592371	0.105366	0.302249	0.000000	0.000000	0.000000	0.000000	0.000000	0.000014
445	0.592678	0.105055	0.302254	0.000000	0.000000	0.000000	0.000000	0.000000	0.000013
446	0.592357	0.105085	0.302547	0.000000	0.000000	0.000000	0.000000	0.000000	0.000011
447	0.592277	0.105048	0.302666	0.000000	0.000000	0.000000	0.000000	0.000000	0.000009
448	0.592131	0.105279	0.302582	0.000000	0.000000	0.000000	0.000000	0.000000	0.000008
449	0.592234	0.104901	0.302856	0.000000	0.000000	0.000000	0.000000	0.000000	0.000009
450	0.591602	0.104799	0.303591	0.000000	0.000000	0.000000	0.000000	0.000000	0.000008
451	0.592025	0.104987	0.302983	0.000000	0.000000	0.000000	0.000000	0.000000	0.000005
452	0.591761	0.105150	0.303081	0.000000	0.000000	0.000000	0.000000	0.000000	0.000008
453	0.591849	0.105148	0.302996	0.000000	0.000000	0.000000	0.000000	0.000000	0.000007
454	0.592350	0.104733	0.302907	0.000000	0.000000	0.000000	0.000000	0.000000	0.000010
455	0.592255	0.104837	0.302898	0.000000	0.000000	0.000000	0.000000	0.000000	0.000010
456	0.592449	0.104523	0.303019	0.000000	0.000000	0.000000	0.000000	0.000000	0.000009
457	0.592106	0.104899	0.302986	0.000000	0.000000	0.000000	0.000000	0.000000	0.000009
458	0.592356	0.105077	0.302563	0.000000	0.000000	0.000000	0.000000	0.000000	0.000004
459	0.592311	0.105242	0.302439	0.000000	0.000000	0.000000	0.000000	0.000000	0.000008
460	0.592753	0.105096	0.302145	0.000000	0.000000	0.000000	0.000000	0.000000	0.000006
461	0.592730	0.105428	0.301838	0.000000	0.000000	0.000000	0.000000	0.000000	0.000004
462	0.593210	0.105507	0.301277	0.000000	0.000000	0.000000	0.000000	0.000000	0.000006
463	0.592793	0.105627	0.301574	0.000000	0.000000	0.000000	0.000000	0.000000	0.000006
464	0.592683	0.105635	0.301678	0.000000	0.000000	0.000000	0.000000	0.000000	0.000004
465	0.592572	0.105551	0.301873	0.000000	0.000000	0.000000	0.000000	0.000000	0.000004
466	0.592043	0.105426	0.302528	0.000000	0.000000	0.000000	0.000000	0.000000	0.000003
467	0.591994	0.105540	0.302465	0.000000	0.000000	0.000000	0.000000	0.000000	0.000001
468	0.592072	0.105508	0.302418	0.000000	0.000000	0.000000	0.000000	0.000000	0.000002
469	0.591721	0.105609	0.302669	0.000000	0.000000	0.000000	0.000000	0.000000	0.000001
470	0.590942	0.105991	0.303065	0.000000	0.000000	0.000000	0.000000	0.000000	0.000002
