0	0.290663	0.057897	0.229473	0.157588	0.029913	0.111872	0.085455	0.012259	0.024880
1	0.244051	0.050436	0.208886	0.143270	0.029156	0.121107	0.102572	0.019991	0.080531
2	0.253621	0.051627	0.216255	0.140696	0.030789	0.119636	0.090736	0.017341	0.079299
3	0.268670	0.052754	0.224871	0.137799	0.032100	0.115546	0.078764	0.014715	0.074781
4	0.283697	0.053929	0.232620	0.134433	0.033472	0.111598	0.067806	0.012418	0.070027
5	0.298599	0.054426	0.239703	0.131177	0.035280	0.106889	0.057930	0.010220	0.065776
6	0.313426	0.054780	0.245954	0.126939	0.036937	0.101841	0.049701	0.008717	0.061705
7	0.327356	0.054576	0.252062	0.122345	0.038416	0.096992	0.042756	0.007346	0.058151
8	0.340685	0.054419	0.256939	0.117807	0.040490	0.092120	0.036518	0.006239	0.054783
9	0.352889	0.053716	0.261381	0.113679	0.042399	0.087779	0.031628	0.005177	0.051352
10	0.364497	0.053216	0.266457	0.108532	0.044163	0.083240	0.027135	0.004414	0.048346
11	0.375218	0.052284	0.270033	0.104186	0.046146	0.079262	0.023567	0.003673	0.045631
12	0.384471	0.051787	0.274204	0.100102	0.048137	0.075070	0.020466	0.003064	0.042699
13	0.394339	0.050726	0.277314	0.095853	0.050026	0.070982	0.017731	0.002603	0.040426
14	0.402576	0.049940	0.280558	0.092067	0.052413	0.067064	0.015277	0.002267	0.037838
15	0.410737	0.049134	0.283502	0.088588	0.054075	0.063285	0.013110	0.001839	0.035730
16	0.418163	0.048005	0.285955	0.084889	0.056331	0.060049	0.011405	0.001596	0.033607
17	0.425143	0.046680	0.287902	0.080924	0.059036	0.057018	0.009884	0.001405	0.032008
18	0.432120	0.045721	0.289798	0.076800	0.061281	0.054456	0.008594	0.001193	0.030037
19	0.438196	0.044561	0.291792	0.073469	0.063877	0.051295	0.007535	0.001039	0.028236
20	0.443967	0.043445	0.293133	0.070095	0.066714	0.048715	0.006576	0.000849	0.026506
21	0.447970	0.042171	0.294953	0.066955	0.069861	0.046465	0.005820	0.000656	0.025149
22	0.452817	0.041006	0.295545	0.063821	0.072914	0.044196	0.005084	0.000585	0.024032
23	0.456076	0.040215	0.297288	0.061173	0.075445	0.042128	0.004471	0.000529	0.022675
24	0.459243	0.039271	0.298458	0.058424	0.078485	0.040320	0.004014	0.000451	0.021334
25	0.462482	0.038534	0.298762	0.056067	0.081957	0.038065	0.003593	0.000413	0.020127
26	0.465068	0.037496	0.299747	0.053501	0.085116	0.036636	0.003122	0.000345	0.018969
27	0.467270	0.036510	0.300327	0.050879	0.088949	0.035025	0.002834	0.000294	0.017912
28	0.469485	0.035351	0.300338	0.048965	0.092632	0.033428	0.002498	0.000249	0.017054
29	0.471156	0.034294	0.300463	0.046701	0.096573	0.031989	0.002216	0.000219	0.016389
30	0.472423	0.033570	0.300560	0.044664	0.100405	0.030483	0.001903	0.000193	0.015799
31	0.473818	0.032453	0.300616	0.043069	0.104317	0.028888	0.001749	0.000197	0.014893
32	0.474621	0.031454	0.300092	0.041355	0.109188	0.027498	0.001479	0.000163	0.014150
33	0.474241	0.030536	0.300069	0.039805	0.113588	0.026733	0.001324	0.000135	0.013569
34	0.473933	0.029468	0.299810	0.038499	0.118368	0.025605	0.001163	0.000099	0.013055
35	0.474252	0.028313	0.298796	0.037188	0.122975	0.024838	0.001042	0.000085	0.012511
36	0.473916	0.027474	0.298123	0.035914	0.128024	0.023753	0.000929	0.000068	0.011799
37	0.473034	0.026679	0.297117	0.034537	0.133316	0.023037	0.000878	0.000056	0.011346
38	0.472058	0.025801	0.296076	0.033815	0.138693	0.022053	0.000790	0.000060	0.010654
39	0.470729	0.025054	0.294374	0.032680	0.144577	0.021519	0.000703	0.000052	0.010312
40	0.469432	0.024176	0.293405	0.031411	0.150366	0.020773	0.000655	0.000047	0.009735
41	0.468291	0.023383	0.291332	0.030500	0.156284	0.020212	0.000557	0.000040	0.009401
42	0.465722	0.022550	0.290356	0.029539	0.162874	0.019352	0.000531	0.000038	0.009038
43	0.463913	0.021715	0.288698	0.028666	0.169046	0.018834	0.000449	0.000034	0.008645
44	0.461786	0.021071	0.286326	0.028185	0.175913	0.018012	0.000403	0.000038	0.008266
45	0.458410	0.020352	0.285238	0.027540	0.182697	0.017567	0.000327	0.000034	0.007835
46	0.455614	0.019479	0.283232	0.027049	0.189543	0.017090	0.000323	0.000030	0.007640
47	0.452623	0.018866	0.280956	0.026494	0.196982	0.016514	0.000299	0.000025	0.007241
48	0.449690	0.018144	0.278875	0.026107	0.204136	0.015945	0.000252	0.000017	0.006834
49	0.446498	0.017529	0.276752	0.025657	0.211603	0.015201	0.000203	0.000018	0.006539
50	0.442764	0.016787	0.274481	0.025011	0.219722	0.014845	0.000162	0.000013	0.006215
51	0.438892	0.016239	0.272461	0.024450	0.227479	0.014374	0.000172	0.000009	0.005924
52	0.434399	0.015745	0.270750	0.023910	0.235184	0.014043	0.000152	0.000011	0.005806
53	0.430171	0.015217	0.268127	0.023567	0.243618	0.013739	0.000127	0.000009	0.005425
54	0.425797	0.014657	0.265211	0.023108	0.252298	0.013578	0.000117	0.000007	0.005227
55	0.420801	0.014144	0.262676	0.022763	0.261249	0.013241	0.000116	0.000007	0.005003
56	0.416048	0.013534	0.260054	0.022524	0.269976	0.012987	0.000088	0.000002	0.004787
57	0.411355	0.013132	0.256904	0.022291	0.279028	0.012676	0.000081	0.000002	0.004531
58	0.407013	0.012670	0.253793	0.021995	0.287585	0.012515	0.000070	0.000005	0.004354
59	0.402265	0.012202	0.250582	0.021684	0.296888	0.012204	0.000068	0.000005	0.004102
60	0.397598	0.011599	0.247341	0.021362	0.306231	0.011817	0.000064	0.000003	0.003985
61	0.392342	0.011230	0.243581	0.021200	0.316310	0.011530	0.000051	0.000005	0.003751
62	0.386876	0.010711	0.240528	0.020889	0.326039	0.011303	0.000046	0.000004	0.003604
63	0.380330	0.010280	0.237279	0.020703	0.336737	0.011144	0.000038	0.000006	0.003483
64	0.375048	0.009796	0.233324	0.020459	0.347071	0.010921	0.000040	0.000005	0.003336
65	0.370295	0.009508	0.229792	0.020145	0.356341	0.010676	0.000032	0.000006	0.003205
66	0.364083	0.009077	0.226081	0.020070	0.366849	0.010611	0.000024	0.000004	0.003201
67	0.357933	0.008835	0.222507	0.019868	0.377355	0.010527	0.000023	0.000002	0.002950
68	0.351730	0.008553	0.218714	0.019729	0.387807	0.010528	0.000024	0.000001	0.002914
69	0.345652	0.008227	0.215026	0.019573	0.398398	0.010401	0.000024	0.000005	0.002694
70	0.339328	0.007947	0.211100	0.019299	0.409602	0.010108	0.000021	0.000005	0.002590
71	0.333269	0.007664	0.207021	0.019265	0.420187	0.010044	0.000016	0.000005	0.002529
72	0.327303	0.007338	0.203227	0.019343	0.430570	0.009845	0.000018	0.000001	0.002355
73	0.320639	0.007107	0.199369	0.019162	0.441834	0.009724	0.000028	0.000002	0.002135
74	0.314581	0.006812	0.195278	0.019029	0.452675	0.009535	0.000020	0.000001	0.002069
75	0.308265	0.006501	0.191207	0.019083	0.463521	0.009456	0.000016	0.000002	0.001949
76	0.301317	0.006215	0.187550	0.018904	0.474796	0.009375	0.000009	0.000001	0.001833
77	0.294703	0.005820	0.183707	0.018781	0.485979	0.009272	0.000005	0.000001	0.001732
78	0.288513	0.005460	0.179611	0.018849	0.496717	0.009218	0.000007	0.000001	0.001624
79	0.281361	0.005225	0.175723	0.018811	0.508298	0.009026	0.000011	0.000001	0.001544
80	0.274536	0.004951	0.172191	0.018702	0.519310	0.008881	0.000004	0.000001	0.001424
81	0.267618	0.004810	0.168514	0.018549	0.530353	0.008785	0.000011	0.000001	0.001359
82	0.260946	0.004461	0.164507	0.018585	0.541487	0.008709	0.000010	0.000001	0.001294
83	0.254204	0.004233	0.160481	0.018499	0.552691	0.008643	0.000007	0.000003	0.001239
84	0.247547	0.004035	0.156835	0.018307	0.563382	0.008721	0.000008	0.000001	0.001164
85	0.241570	0.003838	0.152126	0.018456	0.574259	0.008600	0.000004	0.000003	0.001144
86	0.235214	0.003629	0.148043	0.018439	0.584995	0.008619	0.000006	0.000001	0.001054
87	0.228509	0.003341	0.144297	0.018523	0.595700	0.008658	0.000005	0.000001	0.000966
88	0.222485	0.003174	0.140211	0.018541	0.606063	0.008592	0.000006	0.000001	0.000927
89	0.216301	0.002982	0.136526	0.018702	0.615940	0.008654	0.000005	0.000000	0.000890
90	0.209893	0.002876	0.132302	0.018696	0.626863	0.008544	0.000007	0.000000	0.000819
91	0.203581	0.002735	0.128396	0.018825	0.637287	0.008414	0.000008	0.000000	0.000754
92	0.197044	0.002622	0.125135	0.018880	0.647175	0.008384	0.000007	0.000000	0.000753
93	0.190900	0.002493	0.120963	0.018898	0.657808	0.008247	0.000008	0.000000	0.000683
94	0.185246	0.002293	0.117298	0.018697	0.667719	0.008104	0.000003	0.000000	0.000640
95	0.179490	0.002119	0.113602	0.018484	0.677611	0.008089	0.000003	0.000000	0.000602
96	0.173781	0.001994	0.109845	0.018434	0.687291	0.008079	0.000005	0.000000	0.000571
97	0.167963	0.001933	0.106299	0.018362	0.696942	0.007966	0.000008	0.000000	0.000527
98	0.162291	0.001719	0.103052	0.018478	0.706001	0.007958	0.000008	0.000000	0.000493
99	0.156754	0.001589	0.099555	0.018449	0.715274	0.007916	0.000003	0.000000	0.000460
100	0.150785	0.001427	0.096317	0.018482	0.724497	0.008051	0.000001	0.000000	0.000440
101	0.145434	0.001298	0.092886	0.018618	0.733263	0.008074	0.000002	0.000000	0.000425
102	0.139904	0.001149	0.089896	0.018608	0.742126	0.007921	0.000001	0.000000	0.000395
103	0.134915	0.001081	0.086671	0.018564	0.750552	0.007868	0.000000	0.000000	0.000349
104	0.129833	0.000963	0.083527	0.018773	0.758665	0.007903	0.000000	0.000000	0.000336
105	0.124683	0.000931	0.080674	0.018953	0.766641	0.007790	0.000000	0.000000	0.000328
106	0.119779	0.000872	0.077366	0.019113	0.774804	0.007745	0.000000	0.000000	0.000321
107	0.115197	0.000789	0.074397	0.019165	0.782467	0.007681	0.000000	0.000000	0.000304
108	0.110418	0.000687	0.071621	0.019117	0.790203	0.007653	0.000000	0.000000	0.000301
109	0.105710	0.000606	0.069111	0.019047	0.797510	0.007762	0.000000	0.000000	0.000254
110	0.101123	0.000592	0.066230	0.019015	0.804977	0.007844	0.000000	0.000000	0.000219
111	0.097068	0.000550	0.063300	0.019079	0.811970	0.007832	0.000000	0.000000	0.000201
112	0.092965	0.000508	0.060460	0.019241	0.818991	0.007648	0.000000	0.000000	0.000187
113	0.089131	0.000461	0.058007	0.019401	0.825079	0.007739	0.000000	0.000000	0.000182
114	0.085272	0.000430	0.055439	0.019359	0.831770	0.007562	0.000000	0.000000	0.000168
115	0.081435	0.000388	0.053151	0.019331	0.837996	0.007541	0.000000	0.000000	0.000158
116	0.077926	0.000354	0.050883	0.019339	0.843717	0.007638	0.000000	0.000000	0.000143
117	0.074474	0.000342	0.048438	0.019444	0.849528	0.007639	0.000000	0.000000	0.000135
118	0.070982	0.000319	0.046281	0.019300	0.855345	0.007651	0.000000	0.000000	0.000122
119	0.067544	0.000319	0.044409	0.019430	0.860356	0.007811	0.000000	0.000000	0.000131
120	0.064519	0.000295	0.042218	0.019331	0.865794	0.007722	0.000000	0.000000	0.000121
121	0.061378	0.000286	0.040336	0.019294	0.870833	0.007774	0.000000	0.000000	0.000099
122	0.058447	0.000285	0.038352	0.019409	0.875579	0.007832	0.000000	0.000000	0.000096
123	0.055607	0.000241	0.036450	0.019390	0.880416	0.007806	0.000000	0.000000	0.000090
124	0.052708	0.000248	0.034475	0.019317	0.885323	0.007845	0.000000	0.000000	0.000084
125	0.049908	0.000209	0.032862	0.019297	0.889762	0.007886	0.000000	0.000000	0.000076
126	0.047208	0.000198	0.031250	0.019423	0.893903	0.007953	0.000000	0.000000	0.000065
127	0.044738	0.000172	0.029629	0.019440	0.897961	0.007999	0.000000	0.000000	0.000061
128	0.042150	0.000157	0.028062	0.019338	0.902271	0.007957	0.000000	0.000000	0.000065
129	0.040039	0.000161	0.026456	0.019250	0.906041	0.007979	0.000000	0.000000	0.000074
130	0.037897	0.000148	0.024829	0.019332	0.909834	0.007897	0.000000	0.000000	0.000063
131	0.035918	0.000144	0.023517	0.019333	0.913176	0.007866	0.000000	0.000000	0.000046
132	0.033810	0.000147	0.022159	0.019361	0.916642	0.007827	0.000000	0.000000	0.000054
133	0.031798	0.000118	0.021143	0.019274	0.919639	0.007980	0.000000	0.000000	0.000048
134	0.030295	0.000116	0.019806	0.019306	0.922599	0.007843	0.000000	0.000000	0.000035
135	0.028366	0.000111	0.018620	0.019138	0.925845	0.007883	0.000000	0.000000	0.000037
136	0.026832	0.000105	0.017613	0.019137	0.928352	0.007930	0.000000	0.000000	0.000031
137	0.025283	0.000091	0.016618	0.019142	0.930892	0.007943	0.000000	0.000000	0.000031
138	0.023931	0.000094	0.015564	0.019194	0.933291	0.007898	0.000000	0.000000	0.000028
139	0.022484	0.000096	0.014622	0.019231	0.935606	0.007942	0.000000	0.000000	0.000019
140	0.021559	0.000084	0.013843	0.019093	0.937547	0.007856	0.000000	0.000000	0.000018
141	0.020062	0.000075	0.013150	0.019149	0.939534	0.008011	0.000000	0.000000	0.000019
142	0.018614	0.000066	0.012353	0.019340	0.941725	0.007889	0.000000	0.000000	0.000013
143	0.017356	0.000058	0.011617	0.019193	0.943787	0.007977	0.000000	0.000000	0.000012
144	0.016248	0.000048	0.010966	0.019096	0.945612	0.008023	0.000000	0.000000	0.000007
145	0.015272	0.000040	0.010183	0.019244	0.947380	0.007874	0.000000	0.000000	0.000007
146	0.014386	0.000037	0.009430	0.019027	0.949269	0.007842	0.000000	0.000000	0.000009
147	0.013424	0.000040	0.008782	0.019229	0.950739	0.007777	0.000000	0.000000	0.000009
148	0.012460	0.000030	0.008241	0.019218	0.952204	0.007839	0.000000	0.000000	0.000008
149	0.011542	0.000037	0.007785	0.019172	0.953513	0.007942	0.000000	0.000000	0.000009
150	0.010851	0.000036	0.007324	0.019292	0.954597	0.007894	0.000000	0.000000	0.000006
151	0.010199	0.000029	0.006800	0.019239	0.955764	0.007965	0.000000	0.000000	0.000004
152	0.009330	0.000023	0.006399	0.019264	0.957007	0.007974	0.000000	0.000000	0.000003
153	0.008523	0.000021	0.006023	0.019307	0.958199	0.007926	0.000000	0.000000	0.000001
154	0.007961	0.000023	0.005754	0.019149	0.959114	0.007997	0.000000	0.000000	0.000002
155	0.007386	0.000023	0.005437	0.019127	0.960146	0.007877	0.000000	0.000000	0.000004
156	0.006846	0.000015	0.005060	0.019031	0.961193	0.007853	0.000000	0.000000	0.000002
157	0.006337	0.000015	0.004683	0.019130	0.961931	0.007902	0.000000	0.000000	0.000002
158	0.005823	0.000020	0.004351	0.019027	0.962730	0.008046	0.000000	0.000000	0.000003
159	0.005441	0.000015	0.003957	0.019238	0.963426	0.007922	0.000000	0.000000	0.000001
160	0.005110	0.000017	0.003743	0.019205	0.963995	0.007929	0.000000	0.000000	0.000001
161	0.004722	0.000015	0.003516	0.019267	0.964505	0.007973	0.000000	0.000000	0.000002
162	0.004378	0.000018	0.003277	0.019137	0.965197	0.007992	0.000000	0.000000	0.000001
163	0.004017	0.000018	0.003072	0.019051	0.965955	0.007887	0.000000	0.000000	0.000000
164	0.003741	0.000016	0.002822	0.018875	0.966478	0.008068	0.000000	0.000000	0.000000
165	0.003475	0.000015	0.002655	0.018909	0.966873	0.008073	0.000000	0.000000	0.000000
166	0.003158	0.000017	0.002458	0.018958	0.967291	0.008118	0.000000	0.000000	0.000000
167	0.002974	0.000017	0.002250	0.018918	0.967728	0.008113	0.000000	0.000000	0.000000
168	0.002755	0.000010	0.002083	0.018994	0.968097	0.008061	0.000000	0.000000	0.000000
169	0.002524	0.000005	0.001900	0.018998	0.968397	0.008176	0.000000	0.000000	0.000000
170	0.002308	0.000005	0.001752	0.019045	0.968897	0.007993	0.000000	0.000000	0.000000
171	0.002222	0.000005	0.001602	0.019000	0.969208	0.007963	0.000000	0.000000	0.000000
172	0.002045	0.000003	0.001492	0.018909	0.969588	0.007963	0.000000	0.000000	0.000000
173	0.001866	0.000001	0.001380	0.018718	0.970128	0.007907	0.000000	0.000000	0.000000
174	0.001703	0.000002	0.001269	0.018892	0.970291	0.007843	0.000000	0.000000	0.000000
175	0.001587	0.000001	0.001207	0.018892	0.970415	0.007898	0.000000	0.000000	0.000000
176	0.001441	0.000001	0.001085	0.018827	0.970636	0.008010	0.000000	0.000000	0.000000
177	0.001285	0.000000	0.000954	0.018911	0.970782	0.008068	0.000000	0.000000	0.000000
178	0.001177	0.000000	0.000909	0.018807	0.971184	0.007923	0.000000	0.000000	0.000000
179	0.001107	0.000000	0.000801	0.018813	0.971406	0.007873	0.000000	0.000000	0.000000
180	0.001043	0.000000	0.000717	0.018769	0.971481	0.007990	0.000000	0.000000	0.000000
181	0.000933	0.000000	0.000649	0.018685	0.971853	0.007880	0.000000	0.000000	0.000000
182	0.000854	0.000000	0.000603	0.018568	0.972082	0.007893	0.000000	0.000000	0.000000
183	0.000765	0.000000	0.000548	0.018661	0.972151	0.007875	0.000000	0.000000	0.000000
184	0.000694	0.000000	0.000498	0.018814	0.972023	0.007971	0.000000	0.000000	0.000000
185	0.000649	0.000000	0.000452	0.018798	0.972287	0.007814	0.000000	0.000000	0.000000
186	0.000583	0.000000	0.000416	0.018795	0.972421	0.007785	0.000000	0.000000	0.000000
187	0.000505	0.000000	0.000384	0.018818	0.972433	0.007860	0.000000	0.000000	0.000000
188	0.000484	0.000000	0.000339	0.018805	0.972531	0.007841	0.000000	0.000000	0.000000
189	0.000422	0.000000	0.000313	0.018823	0.972601	0.007841	0.000000	0.000000	0.000000
190	0.000420	0.000000	0.000306	0.018757	0.972513	0.008004	0.000000	0.000000	0.000000
191	0.000390	0.000000	0.000260	0.018772	0.972551	0.008027	0.000000	0.000000	0.000000
192	0.000374	0.000000	0.000237	0.018823	0.972532	0.008034	0.000000	0.000000	0.000000
193	0.000355	0.000000	0.000234	0.018679	0.972642	0.008090	0.000000	0.000000	0.000000
194	0.000290	0.000000	0.000216	0.018605	0.972767	0.008122	0.000000	0.000000	0.000000
195	0.000270	0.000000	0.000190	0.018475	0.972882	0.008183	0.000000	0.000000	0.000000
196	0.000229	0.000000	0.000168	0.018379	0.973130	0.008094	0.000000	0.000000	0.000000
197	0.000210	0.000000	0.000153	0.018485	0.973043	0.008109	0.000000	0.000000	0.000000
198	0.000193	0.000000	0.000145	0.018436	0.972993	0.008233	0.000000	0.000000	0.000000
199	0.000172	0.000000	0.000125	0.018205	0.973274	0.008224	0.000000	0.000000	0.000000
200	0.000152	0.000000	0.000104	0.018175	0.973368	0.008201	0.000000	0.000000	0.000000
201	0.000151	0.000000	0.000087	0.018167	0.973370	0.008225	0.000000	0.000000	0.000000
202	0.000133	0.000000	0.000079	0.018233	0.973233	0.008322	0.000000	0.000000	0.000000
203	0.000127	0.000000	0.000069	0.018157	0.973384	0.008263	0.000000	0.000000	0.000000
204	0.000099	0.000000	0.000062	0.018183	0.973416	0.008240	0.000000	0.000000	0.000000
205	0.000096	0.000000	0.000059	0.018173	0.973501	0.008171	0.000000	0.000000	0.000000
206	0.000082	0.000000	0.000050	0.018278	0.973390	0.008200	0.000000	0.000000	0.000000
207	0.000072	0.000000	0.000032	0.018406	0.973240	0.008250	0.000000	0.000000	0.000000
208	0.000060	0.000000	0.000029	0.018438	0.973203	0.008270	0.000000	0.000000	0.000000
209	0.000048	0.000000	0.000025	0.018383	0.973246	0.008298	0.000000	0.000000	0.000000
210	0.000046	0.000000	0.000024	0.018454	0.973095	0.008381	0.000000	0.000000	0.000000
211	0.000041	0.000000	0.000022	0.018328	0.973312	0.008297	0.000000	0.000000	0.000000
212	0.000033	0.000000	0.000018	0.018267	0.973406	0.008276	0.000000	0.000000	0.000000
213	0.000027	0.000000	0.000015	0.018375	0.973393	0.008190	0.000000	0.000000	0.000000
214	0.000028	0.000000	0.000011	0.018440	0.973336	0.008185	0.000000	0.000000	0.000000
215	0.000026	0.000000	0.000007	0.018392	0.973431	0.008144	0.000000	0.000000	0.000000
216	0.000025	0.000000	0.000004	0.018310	0.973449	0.008212	0.000000	0.000000	0.000000
217	0.000022	0.000000	0.000005	0.018277	0.973532	0.008164	0.000000	0.000000	0.000000
218	0.000014	0.000000	0.000005	0.018327	0.973402	0.008252	0.000000	0.000000	0.000000
219	0.000016	0.000000	0.000006	0.018274	0.973501	0.008203	0.000000	0.000000	0.000000
220	0.000014	0.000000	0.000005	0.018116	0.973581	0.008284	0.000000	0.000000	0.000000
221	0.000008	0.000000	0.000002	0.018118	0.973616	0.008256	0.000000	0.000000	0.000000
222	0.000011	0.000000	0.000001	0.018019	0.973740	0.008229	0.000000	0.000000	0.000000
223	0.000009	0.000000	0.000001	0.017846	0.973867	0.008277	0.000000	0.000000	0.000000
224	0.000008	0.000000	0.000000	0.017850	0.973862	0.008280	0.000000	0.000000	0.000000
225	0.000009	0.000000	0.000000	0.017871	0.973888	0.008232	0.000000	0.000000	0.000000
226	0.000010	0.000000	0.000000	0.017860	0.973822	0.008308	0.000000	0.000000	0.000000
227	0.000009	0.000000	0.000000	0.017955	0.973702	0.008334	0.000000	0.000000	0.000000
228	0.000006	0.000000	0.000000	0.018016	0.973655	0.008323	0.000000	0.000000	0.000000
229	0.000005	0.000000	0.000000	0.017864	0.973717	0.008414	0.000000	0.000000	0.000000
230	0.000003	0.000000	0.000000	0.017866	0.973745	0.008386	0.000000	0.000000	0.000000
231	0.000003	0.000000	0.000000	0.017932	0.973799	0.008266	0.000000	0.000000	0.000000
232	0.000004	0.000000	0.000000	0.017863	0.973844	0.008289	0.000000	0.000000	0.000000
233	0.000004	0.000000	0.000000	0.017819	0.973944	0.008233	0.000000	0.000000	0.000000
234	0.000003	0.000000	0.000000	0.017736	0.974000	0.008261	0.000000	0.000000	0.000000
235	0.000004	0.000000	0.000000	0.017752	0.974004	0.008240	0.000000	0.000000	0.000000
236	0.000006	0.000000	0.000000	0.017862	0.973763	0.008369	0.000000	0.000000	0.000000
237	0.000005	0.000000	0.000000	0.018009	0.973674	0.008312	0.000000	0.000000	0.000000
238	0.000000	0.000000	0.000000	0.017864	0.973771	0.008365	0.000000	0.000000	0.000000
239	0.000000	0.000000	0.000000	0.017887	0.973687	0.008426	0.000000	0.000000	0.000000
240	0.000000	0.000000	0.000000	0.017969	0.973744	0.008287	0.000000	0.000000	0.000000
241	0.000000	0.000000	0.000000	0.018100	0.973669	0.008231	0.000000	0.000000	0.000000
242	0.000000	0.000000	0.000000	0.018043	0.973725	0.008232	0.000000	0.000000	0.000000
243	0.000000	0.000000	0.000000	0.017912	0.973970	0.008118	0.000000	0.000000	0.000000
244	0.000000	0.000000	0.000000	0.017857	0.974033	0.008110	0.000000	0.000000	0.000000
245	0.000000	0.000000	0.000000	0.017793	0.974034	0.008173	0.000000	0.000000	0.000000
246	0.000000	0.000000	0.000000	0.017760	0.974152	0.008088	0.000000	0.000000	0.000000
247	0.000000	0.000000	0.000000	0.017749	0.974265	0.007986	0.000000	0.000000	0.000000
248	0.000000	0.000000	0.000000	0.017792	0.974133	0.008075	0.000000	0.000000	0.000000
249	0.000000	0.000000	0.000000	0.017765	0.974206	0.008029	0.000000	0.000000	0.000000
250	0.000000	0.000000	0.000000	0.017695	0.974247	0.008058	0.000000	0.000000	0.000000
251	0.000000	0.000000	0.000000	0.017712	0.974218	0.008070	0.000000	0.000000	0.000000
252	0.000000	0.000000	0.000000	0.017789	0.974221	0.007990	0.000000	0.000000	0.000000
253	0.000000	0.000000	0.000000	0.017646	0.974245	0.008109	0.000000	0.000000	0.000000
254	0.000000	0.000000	0.000000	0.017619	0.974158	0.008223	0.000000	0.000000	0.000000
255	0.000000	0.000000	0.000000	0.017416	0.974313	0.008271	0.000000	0.000000	0.000000
256	0.000000	0.000000	0.000000	0.017315	0.974481	0.008204	0.000000	0.000000	0.000000
257	0.000000	0.000000	0.000000	0.017488	0.974399	0.008113	0.000000	0.000000	0.000000
258	0.000000	0.000000	0.000000	0.017548	0.974285	0.008167	0.000000	0.000000	0.000000
259	0.000000	0.000000	0.000000	0.017594	0.974139	0.008267	0.000000	0.000000	0.000000
260	0.000000	0.000000	0.000000	0.017554	0.974044	0.008402	0.000000	0.000000	0.000000
261	0.000000	0.000000	0.000000	0.017822	0.973826	0.008352	0.000000	0.000000	0.000000
262	0.000000	0.000000	0.000000	0.017892	0.973701	0.008407	0.000000	0.000000	0.000000
263	0.000000	0.000000	0.000000	0.017926	0.973709	0.008365	0.000000	0.000000	0.000000
264	0.000000	0.000000	0.000000	0.017818	0.973764	0.008418	0.000000	0.000000	0.000000
265	0.000000	0.000000	0.000000	0.017778	0.973805	0.008417	0.000000	0.000000	0.000000
266	0.000000	0.000000	0.000000	0.017726	0.973856	0.008418	0.000000	0.000000	0.000000
267	0.000000	0.000000	0.000000	0.017843	0.973760	0.008397	0.000000	0.000000	0.000000
268	0.000000	0.000000	0.000000	0.017885	0.973753	0.008362	0.000000	0.000000	0.000000
269	0.000000	0.000000	0.000000	0.017746	0.973755	0.008499	0.000000	0.000000	0.000000
270	0.000000	0.000000	0.000000	0.017785	0.973782	0.008433	0.000000	0.000000	0.000000
271	0.000000	0.000000	0.000000	0.017974	0.973667	0.008359	0.000000	0.000000	0.000000
272	0.000000	0.000000	0.000000	0.017935	0.973632	0.008433	0.000000	0.000000	0.000000
273	0.000000	0.000000	0.000000	0.017930	0.973626	0.008444	0.000000	0.000000	0.000000
274	0.000000	0.000000	0.000000	0.018004	0.973668	0.008328	0.000000	0.000000	0.000000
275	0.000000	0.000000	0.000000	0.017935	0.973639	0.008426	0.000000	0.000000	0.000000
276	0.000000	0.000000	0.000000	0.017869	0.973706	0.008425	0.000000	0.000000	0.000000
277	0.000000	0.000000	0.000000	0.017928	0.973676	0.008396	0.000000	0.000000	0.000000
278	0.000000	0.000000	0.000000	0.018088	0.973461	0.008451	0.000000	0.000000	0.000000
279	0.000000	0.000000	0.000000	0.018055	0.973477	0.008468	0.000000	0.000000	0.000000
280	0.000000	0.000000	0.000000	0.017996	0.973507	0.008497	0.000000	0.000000	0.000000
281	0.000000	0.000000	0.000000	0.017956	0.973637	0.008407	0.000000	0.000000	0.000000
282	0.000000	0.000000	0.000000	0.017927	0.973606	0.008467	0.000000	0.000000	0.000000
283	0.000000	0.000000	0.000000	0.018068	0.973423	0.008509	0.000000	0.000000	0.000000
284	0.000000	0.000000	0.000000	0.018214	0.973278	0.008508	0.000000	0.000000	0.000000
285	0.000000	0.000000	0.000000	0.018207	0.973302	0.008491	0.000000	0.000000	0.000000
286	0.000000	0.000000	0.000000	0.018213	0.973286	0.008501	0.000000	0.000000	0.000000
287	0.000000	0.000000	0.000000	0.018263	0.973217	0.008520	0.000000	0.000000	0.000000
288	0.000000	0.000000	0.000000	0.018443	0.972904	0.008653	0.000000	0.000000	0.000000
289	0.000000	0.000000	0.000000	0.018429	0.972926	0.008645	0.000000	0.000000	0.000000
290	0.000000	0.000000	0.000000	0.018579	0.972837	0.008584	0.000000	0.000000	0.000000
291	0.000000	0.000000	0.000000	0.018775	0.972605	0.008620	0.000000	0.000000	0.000000
292	0.000000	0.000000	0.000000	0.018575	0.972794	0.008631	0.000000	0.000000	0.000000
293	0.000000	0.000000	0.000000	0.018596	0.972811	0.008593	0.000000	0.000000	0.000000
294	0.000000	0.000000	0.000000	0.018566	0.972839	0.008595	0.000000	0.000000	0.000000
295	0.000000	0.000000	0.000000	0.018579	0.972820	0.008601	0.000000	0.000000	0.000000
296	0.000000	0.000000	0.000000	0.018563	0.972900	0.008537	0.000000	0.000000	0.000000
297	0.000000	0.000000	0.000000	0.018526	0.972890	0.008584	0.000000	0.000000	0.000000
298	0.000000	0.000000	0.000000	0.018483	0.972969	0.008548	0.000000	0.000000	0.000000
299	0.000000	0.000000	0.000000	0.018514	0.972956	0.008530	0.000000	0.000000	0.000000
300	0.000000	0.000000	0.000000	0.018476	0.972879	0.008645	0.000000	0.000000	0.000000
301	0.000000	0.000000	0.000000	0.018552	0.972734	0.008714	0.000000	0.000000	0.000000
302	0.000000	0.000000	0.000000	0.018419	0.972907	0.008674	0.000000	0.000000	0.000000
303	0.000000	0.000000	0.000000	0.018614	0.972661	0.008725	0.000000	0.000000	0.000000
304	0.000000	0.000000	0.000000	0.018513	0.972717	0.008770	0.000000	0.000000	0.000000
305	0.000000	0.000000	0.000000	0.018572	0.972673	0.008755	0.000000	0.000000	0.000000
306	0.000000	0.000000	0.000000	0.018788	0.972404	0.008808	0.000000	0.000000	0.000000
307	0.000000	0.000000	0.000000	0.018679	0.972364	0.008957	0.000000	0.000000	0.000000
308	0.000000	0.000000	0.000000	0.018715	0.972523	0.008762	0.000000	0.000000	0.000000
309	0.000000	0.000000	0.000000	0.018689	0.972471	0.008840	0.000000	0.000000	0.000000
310	0.000000	0.000000	0.000000	0.018646	0.972436	0.008918	0.000000	0.000000	0.000000
311	0.000000	0.000000	0.000000	0.018481	0.972724	0.008795	0.000000	0.000000	0.000000
312	0.000000	0.000000	0.000000	0.018256	0.972881	0.008863	0.000000	0.000000	0.000000
313	0.000000	0.000000	0.000000	0.018172	0.972989	0.008839	0.000000	0.000000	0.000000
314	0.000000	0.000000	0.000000	0.018137	0.973100	0.008763	0.000000	0.000000	0.000000
315	0.000000	0.000000	0.000000	0.018110	0.973054	0.008836	0.000000	0.000000	0.000000
316	0.000000	0.000000	0.000000	0.018190	0.972907	0.008903	0.000000	0.000000	0.000000
317	0.000000	0.000000	0.000000	0.018274	0.972747	0.008979	0.000000	0.000000	0.000000
318	0.000000	0.000000	0.000000	0.018202	0.972901	0.008897	0.000000	0.000000	0.000000
319	0.000000	0.000000	0.000000	0.018461	0.972677	0.008862	0.000000	0.000000	0.000000
320	0.000000	0.000000	0.000000	0.018469	0.972662	0.008869	0.000000	0.000000	0.000000
321	0.000000	0.000000	0.000000	0.018549	0.972643	0.008808	0.000000	0.000000	0.000000
322	0.000000	0.000000	0.000000	0.018427	0.972799	0.008774	0.000000	0.000000	0.000000
323	0.000000	0.000000	0.000000	0.018298	0.972795	0.008907	0.000000	0.000000	0.000000
324	0.000000	0.000000	0.000000	0.018316	0.972772	0.008912	0.000000	0.000000	0.000000
325	0.000000	0.000000	0.000000	0.018293	0.972816	0.008891	0.000000	0.000000	0.000000
326	0.000000	0.000000	0.000000	0.018224	0.972855	0.008921	0.000000	0.000000	0.000000
327	0.000000	0.000000	0.000000	0.018130	0.973003	0.008867	0.000000	0.000000	0.000000
328	0.000000	0.000000	0.000000	0.018172	0.972899	0.008929	0.000000	0.000000	0.000000
329	0.000000	0.000000	0.000000	0.018148	0.972942	0.008910	0.000000	0.000000	0.000000
330	0.000000	0.000000	0.000000	0.018088	0.973006	0.008906	0.000000	0.000000	0.000000
331	0.000000	0.000000	0.000000	0.018057	0.973063	0.008880	0.000000	0.000000	0.000000
332	0.000000	0.000000	0.000000	0.018013	0.973237	0.008750	0.000000	0.000000	0.000000
333	0.000000	0.000000	0.000000	0.017987	0.973090	0.008923	0.000000	0.000000	0.000000
334	0.000000	0.000000	0.000000	0.017886	0.973082	0.009032	0.000000	0.000000	0.000000
335	0.000000	0.000000	0.000000	0.017948	0.973014	0.009038	0.000000	0.000000	0.000000
336	0.000000	0.000000	0.000000	0.018012	0.972895	0.009093	0.000000	0.000000	0.000000
337	0.000000	0.000000	0.000000	0.017972	0.972940	0.009088	0.000000	0.000000	0.000000
338	0.000000	0.000000	0.000000	0.017903	0.972867	0.009230	0.000000	0.000000	0.000000
339	0.000000	0.000000	0.000000	0.017901	0.973014	0.009085	0.000000	0.000000	0.000000
340	0.000000	0.000000	0.000000	0.017883	0.973100	0.009017	0.000000	0.000000	0.000000
341	0.000000	0.000000	0.000000	0.017847	0.972987	0.009166	0.000000	0.000000	0.000000
342	0.000000	0.000000	0.000000	0.018000	0.972914	0.009086	0.000000	0.000000	0.000000
343	0.000000	0.000000	0.000000	0.017685	0.973206	0.009109	0.000000	0.000000	0.000000
344	0.000000	0.000000	0.000000	0.017646	0.973308	0.009046	0.000000	0.000000	0.000000
345	0.000000	0.000000	0.000000	0.017736	0.973206	0.009058	0.000000	0.000000	0.000000
346	0.000000	0.000000	0.000000	0.017914	0.973077	0.009009	0.000000	0.000000	0.000000
347	0.000000	0.000000	0.000000	0.017939	0.972892	0.009169	0.000000	0.000000	0.000000
348	0.000000	0.000000	0.000000	0.018009	0.972851	0.009140	0.000000	0.000000	0.000000
349	0.000000	0.000000	0.000000	0.017989	0.972966	0.009045	0.000000	0.000000	0.000000
350	0.000000	0.000000	0.000000	0.018007	0.973032	0.008961	0.000000	0.000000	0.000000
351	0.000000	0.000000	0.000000	0.017978	0.973090	0.008932	0.000000	0.000000	0.000000
352	0.000000	0.000000	0.000000	0.017928	0.973107	0.008965	0.000000	0.000000	0.000000
353	0.000000	0.000000	0.000000	0.017700	0.973430	0.008870	0.000000	0.000000	0.000000
354	0.000000	0.000000	0.000000	0.017701	0.973377	0.008922	0.000000	0.000000	0.000000
355	0.000000	0.000000	0.000000	0.017719	0.973288	0.008993	0.000000	0.000000	0.000000
356	0.000000	0.000000	0.000000	0.017763	0.973302	0.008935	0.000000	0.000000	0.000000
357	0.000000	0.000000	0.000000	0.017743	0.973322	0.008935	0.000000	0.000000	0.000000
358	0.000000	0.000000	0.000000	0.017791	0.973178	0.009031	0.000000	0.000000	0.000000
359	0.000000	0.000000	0.000000	0.017826	0.973165	0.009009	0.000000	0.000000	0.000000
360	0.000000	0.000000	0.000000	0.017765	0.973259	0.008976	0.000000	0.000000	0.000000
361	0.000000	0.000000	0.000000	0.017656	0.973303	0.009041	0.000000	0.000000	0.000000
362	0.000000	0.000000	0.000000	0.017764	0.973201	0.009035	0.000000	0.000000	0.000000
363	0.000000	0.000000	0.000000	0.017724	0.973194	0.009082	0.000000	0.000000	0.000000
364	0.000000	0.000000	0.000000	0.017787	0.973061	0.009152	0.000000	0.000000	0.000000
365	0.000000	0.000000	0.000000	0.017909	0.972925	0.009166	0.000000	0.000000	0.000000
366	0.000000	0.000000	0.000000	0.017757	0.973079	0.009164	0.000000	0.000000	0.000000
367	0.000000	0.000000	0.000000	0.017579	0.973220	0.009201	0.000000	0.000000	0.000000
368	0.000000	0.000000	0.000000	0.017659	0.973211	0.009130	0.000000	0.000000	0.000000
369	0.000000	0.000000	0.000000	0.017657	0.973193	0.009150	0.000000	0.000000	0.000000
370	0.000000	0.000000	0.000000	0.017766	0.973096	0.009138	0.000000	0.000000	0.000000
371	0.000000	0.000000	0.000000	0.017554	0.973231	0.009215	0.000000	0.000000	0.000000
372	0.000000	0.000000	0.000000	0.017650	0.973218	0.009132	0.000000	0.000000	0.000000
373	0.000000	0.000000	0.000000	0.017581	0.973358	0.009061	0.000000	0.000000	0.000000
374	0.000000	0.000000	0.000000	0.017539	0.973405	0.009056	0.000000	0.000000	0.000000
375	0.000000	0.000000	0.000000	0.017526	0.973499	0.008975	0.000000	0.000000	0.000000
376	0.000000	0.000000	0.000000	0.017534	0.973551	0.008915	0.000000	0.000000	0.000000
377	0.000000	0.000000	0.000000	0.017666	0.973376	0.008958	0.000000	0.000000	0.000000
378	0.000000	0.000000	0.000000	0.017574	0.973518	0.008908	0.000000	0.000000	0.000000
379	0.000000	0.000000	0.000000	0.017593	0.973425	0.008982	0.000000	0.000000	0.000000
380	0.000000	0.000000	0.000000	0.017618	0.973322	0.009060	0.000000	0.000000	0.000000
381	0.000000	0.000000	0.000000	0.017496	0.973349	0.009155	0.000000	0.000000	0.000000
382	0.000000	0.000000	0.000000	0.017569	0.973225	0.009206	0.000000	0.000000	0.000000
383	0.000000	0.000000	0.000000	0.017407	0.973335	0.009258	0.000000	0.000000	0.000000
384	0.000000	0.000000	0.000000	0.017454	0.973376	0.009170	0.000000	0.000000	0.000000
385	0.000000	0.000000	0.000000	0.017409	0.973439	0.009152	0.000000	0.000000	0.000000
386	0.000000	0.000000	0.000000	0.017400	0.973294	0.009306	0.000000	0.000000	0.000000
387	0.000000	0.000000	0.000000	0.017244	0.973362	0.009394	0.000000	0.000000	0.000000
388	0.000000	0.000000	0.000000	0.017234	0.973348	0.009418	0.000000	0.000000	0.000000
389	0.000000	0.000000	0.000000	0.017238	0.973407	0.009355	0.000000	0.000000	0.000000
390	0.000000	0.000000	0.000000	0.017244	0.973423	0.009333	0.000000	0.000000	0.000000
391	0.000000	0.000000	0.000000	0.017192	0.973460	0.009348	0.000000	0.000000	0.000000
392	0.000000	0.000000	0.000000	0.017134	0.973381	0.009485	0.000000	0.000000	0.000000
393	0.000000	0.000000	0.000000	0.017152	0.973354	0.009494	0.000000	0.000000	0.000000
394	0.000000	0.000000	0.000000	0.017253	0.973440	0.009307	0.000000	0.000000	0.000000
395	0.000000	0.000000	0.000000	0.017258	0.973366	0.009376	0.000000	0.000000	0.000000
396	0.000000	0.000000	0.000000	0.017285	0.973376	0.009339	0.000000	0.000000	0.000000
397	0.000000	0.000000	0.000000	0.017169	0.973513	0.009318	0.000000	0.000000	0.000000
398	0.000000	0.000000	0.000000	0.017233	0.973375	0.009392	0.000000	0.000000	0.000000
399	0.000000	0.000000	0.000000	0.017230	0.973322	0.009448	0.000000	0.000000	0.000000
400	0.000000	0.000000	0.000000	0.017381	0.973244	0.009375	0.000000	0.000000	0.000000
401	0.000000	0.000000	0.000000	0.017398	0.973238	0.009364	0.000000	0.000000	0.000000
402	0.000000	0.000000	0.000000	0.017340	0.973307	0.009353	0.000000	0.000000	0.000000
403	0.000000	0.000000	0.000000	0.017298	0.973331	0.009371	0.000000	0.000000	0.000000
404	0.000000	0.000000	0.000000	0.017296	0.973230	0.009474	0.000000	0.000000	0.000000
405	0.000000	0.000000	0.000000	0.017355	0.973135	0.009510	0.000000	0.000000	0.000000
406	0.000000	0.000000	0.000000	0.017406	0.973013	0.009581	0.000000	0.000000	0.000000
407	0.000000	0.000000	0.000000	0.017259	0.973151	0.009590	0.000000	0.000000	0.000000
408	0.000000	0.000000	0.000000	0.017297	0.973283	0.009420	0.000000	0.000000	0.000000
409	0.000000	0.000000	0.000000	0.017369	0.973192	0.009439	0.000000	0.000000	0.000000
410	0.000000	0.000000	0.000000	0.017345	0.973199	0.009456	0.000000	0.000000	0.000000
411	0.000000	0.000000	0.000000	0.017252	0.973388	0.009360	0.000000	0.000000	0.000000
412	0.000000	0.000000	0.000000	0.017345	0.973292	0.009363	0.000000	0.000000	0.000000
413	0.000000	0.000000	0.000000	0.017193	0.973406	0.009401	0.000000	0.000000	0.000000
414	0.000000	0.000000	0.000000	0.017214	0.973249	0.009537	0.000000	0.000000	0.000000
415	0.000000	0.000000	0.000000	0.017243	0.973290	0.009467	0.000000	0.000000	0.000000
416	0.000000	0.000000	0.000000	0.017343	0.973118	0.009539	0.000000	0.000000	0.000000
417	0.000000	0.000000	0.000000	0.017309	0.973071	0.009620	0.000000	0.000000	0.000000
418	0.000000	0.000000	0.000000	0.017354	0.973172	0.009474	0.000000	0.000000	0.000000
419	0.000000	0.000000	0.000000	0.017502	0.973036	0.009462	0.000000	0.000000	0.000000
420	0.000000	0.000000	0.000000	0.017589	0.972880	0.009531	0.000000	0.000000	0.000000
421	0.000000	0.000000	0.000000	0.017282	0.973239	0.009479	0.000000	0.000000	0.000000
422	0.000000	0.000000	0.000000	0.017107	0.973291	0.009602	0.000000	0.000000	0.000000
423	0.000000	0.000000	0.000000	0.017048	0.973364	0.009588	0.000000	0.000000	0.000000
424	0.000000	0.000000	0.000000	0.016921	0.973372	0.009707	0.000000	0.000000	0.000000
425	0.000000	0.000000	0.000000	0.016959	0.973302	0.009739	0.000000	0.000000	0.000000
426	0.000000	0.000000	0.000000	0.016832	0.973594	0.009574	0.000000	0.000000	0.000000
427	0.000000	0.000000	0.000000	0.016826	0.973576	0.009598	0.000000	0.000000	0.000000
428	0.000000	0.000000	0.000000	0.016822	0.973574	0.009604	0.000000	0.000000	0.000000
429	0.000000	0.000000	0.000000	0.016897	0.973597	0.009506	0.000000	0.000000	0.000000
430	0.000000	0.000000	0.000000	0.016977	0.973500	0.009523	0.000000	0.000000	0.000000
431	0.000000	0.000000	0.000000	0.016729	0.973691	0.009580	0.000000	0.000000	0.000000
432	0.000000	0.000000	0.000000	0.016818	0.973557	0.009625	0.000000	0.000000	0.000000
433	0.000000	0.000000	0.000000	0.016915	0.973585	0.009500	0.000000	0.000000	0.000000
434	0.000000	0.000000	0.000000	0.016897	0.973467	0.009636	0.000000	0.000000	0.000000
435	0.000000	0.000000	0.000000	0.016887	0.973494	0.009619	0.000000	0.000000	0.000000
436	0.000000	0.000000	0.000000	0.016760	0.973692	0.009548	0.000000	0.000000	0.000000
437	0.000000	0.000000	0.000000	0.016841	0.973550	0.009609	0.000000	0.000000	0.000000
438	0.000000	0.000000	0.000000	0.016758	0.973482	0.009760	0.000000	0.000000	0.000000
439	0.000000	0.000000	0.000000	0.016831	0.973523	0.009646	0.000000	0.000000	0.000000
440	0.000000	0.000000	0.000000	0.016738	0.973767	0.009495	0.000000	0.000000	0.000000
441	0.000000	0.000000	0.000000	0.016920	0.973532	0.009548	0.000000	0.000000	0.000000
442	0.000000	0.000000	0.000000	0.016885	0.973607	0.009508	0.000000	0.000000	0.000000
443	0.000000	0.000000	0.000000	0.016853	0.973806	0.009341	0.000000	0.000000	0.000000
444	0.000000	0.000000	0.000000	0.016769	0.973801	0.009430	0.000000	0.000000	0.000000
445	0.000000	0.000000	0.000000	0.016777	0.973732	0.009491	0.000000	0.000000	0.000000
446	0.000000	0.000000	0.000000	0.016773	0.973781	0.009446	0.000000	0.000000	0.000000
447	0.000000	0.000000	0.000000	0.016663	0.973795	0.009542	0.000000	0.000000	0.000000
448	0.000000	0.000000	0.000000	0.016720	0.973815	0.009465	0.000000	0.000000	0.000000
449	0.000000	0.000000	0.000000	0.016895	0.973692	0.009413	0.000000	0.000000	0.000000
450	0.000000	0.000000	0.000000	0.016897	0.973753	0.009350	0.000000	0.000000	0.000000
451	0.000000	0.000000	0.000000	0.016751	0.973869	0.009380	0.000000	0.000000	0.000000
452	0.000000	0.000000	0.000000	0.016622	0.973983	0.009395	0.000000	0.000000	0.000000
453	0.000000	0.000000	0.000000	0.016578	0.973900	0.009522	0.000000	0.000000	0.000000
454	0.000000	0.000000	0.000000	0.016591	0.973765	0.009644	0.000000	0.000000	0.000000
455	0.000000	0.000000	0.000000	0.016550	0.973732	0.009718	0.000000	0.000000	0.000000
456	0.000000	0.000000	0.000000	0.016580	0.973778	0.009642	0.000000	0.000000	0.000000
457	0.000000	0.000000	0.000000	0.016702	0.973701	0.009597	0.000000	0.000000	0.000000
458	0.000000	0.000000	0.000000	0.016745	0.973634	0.009621	0.000000	0.000000	0.000000
459	0.000000	0.000000	0.000000	0.016774	0.973529	0.009697	0.000000	0.000000	0.000000
460	0.000000	0.000000	0.000000	0.016878	0.973564	0.009558	0.000000	0.000000	0.000000
461	0.000000	0.000000	0.000000	0.016984	0.973515	0.009501	0.000000	0.000000	0.000000
462	0.000000	0.000000	0.000000	0.017129	0.973275	0.009596	0.000000	0.000000	0.000000
463	0.000000	0.000000	0.000000	0.017136	0.973258	0.009606	0.000000	0.000000	0.000000
464	0.000000	0.000000	0.000000	0.017184	0.973257	0.009559	0.000000	0.000000	0.000000
465	0.000000	0.000000	0.000000	0.017240	0.973187	0.009573	0.000000	0.000000	0.000000
466	0.000000	0.000000	0.000000	0.017419	0.973098	0.009483	0.000000	0.000000	0.000000
467	0.000000	0.000000	0.000000	0.017304	0.973205	0.009491	0.000000	0.000000	0.000000
468	0.000000	0.000000	0.000000	0.017441	0.973190	0.009369	0.000000	0.000000	0.000000
469	0.000000	0.000000	0.000000	0.017447	0.973223	0.009330	0.000000	0.000000	0.000000
470	0.000000	0.000000	0.000000	0.017474	0.973285	0.009241	0.000000	0.000000	0.000000
