0	0.290663	0.057897	0.229473	0.157588	0.029913	0.111872	0.085455	0.012259	0.024880
1	0.224786	0.047107	0.195467	0.139152	0.028321	0.120185	0.125937	0.024150	0.094895
2	0.219999	0.045342	0.190273	0.131624	0.028673	0.115375	0.133465	0.025409	0.109840
3	0.220845	0.044479	0.187359	0.126106	0.029239	0.108916	0.137211	0.026015	0.119830
4	0.222733	0.043585	0.184467	0.120874	0.030165	0.103184	0.139548	0.025814	0.129630
5	0.225428	0.042808	0.181200	0.116098	0.031603	0.097149	0.141810	0.025529	0.138375
6	0.227988	0.041963	0.178121	0.111699	0.033195	0.091594	0.143152	0.025345	0.146943
7	0.231085	0.040801	0.174139	0.108008	0.034585	0.085819	0.144824	0.024912	0.155827
8	0.234210	0.040256	0.170436	0.104031	0.036275	0.080648	0.145544	0.024323	0.164277
9	0.237657	0.039571	0.166112	0.100433	0.038332	0.075520	0.146031	0.023702	0.172642
10	0.240902	0.038808	0.162133	0.096646	0.040397	0.070926	0.146373	0.023309	0.180506
11	0.243704	0.037857	0.158003	0.093977	0.042135	0.066517	0.146277	0.022740	0.188790
12	0.246209	0.037065	0.153662	0.090608	0.044487	0.062041	0.146515	0.022259	0.197154
13	0.249408	0.036196	0.148891	0.087548	0.046952	0.058068	0.146450	0.021784	0.204703
14	0.252053	0.035533	0.145039	0.084596	0.049515	0.054555	0.145168	0.021224	0.212317
15	0.254749	0.034800	0.140751	0.081513	0.051830	0.050952	0.144218	0.020957	0.220230
16	0.257501	0.033829	0.136444	0.078977	0.054595	0.047511	0.143366	0.020388	0.227389
17	0.259766	0.033114	0.132374	0.076063	0.057699	0.044650	0.141681	0.020035	0.234618
18	0.261884	0.032565	0.128045	0.074313	0.060132	0.041771	0.140901	0.019499	0.240890
19	0.264403	0.031924	0.123485	0.071840	0.063359	0.039395	0.139427	0.018857	0.247310
20	0.266176	0.031299	0.119063	0.069881	0.066488	0.036653	0.137656	0.018123	0.254661
21	0.267959	0.030600	0.115040	0.067831	0.070021	0.034282	0.135823	0.017378	0.261066
22	0.269752	0.029733	0.110873	0.065500	0.073618	0.031932	0.134430	0.017122	0.267040
23	0.271218	0.028998	0.106782	0.063130	0.077680	0.029878	0.132680	0.016617	0.273017
24	0.272348	0.028133	0.103130	0.061173	0.081517	0.027814	0.130554	0.016487	0.278844
25	0.274055	0.028004	0.099254	0.059034	0.085167	0.026048	0.128437	0.015995	0.284006
26	0.274887	0.027234	0.095374	0.057171	0.089752	0.024309	0.126623	0.015514	0.289136
27	0.276295	0.026806	0.091495	0.055421	0.094234	0.022778	0.123617	0.015002	0.294352
28	0.277062	0.026054	0.087506	0.053988	0.098251	0.021519	0.121204	0.014649	0.299767
29	0.277437	0.025392	0.084229	0.052285	0.102792	0.020368	0.118871	0.014132	0.304494
30	0.278012	0.024547	0.080377	0.050806	0.107756	0.019122	0.116669	0.013742	0.308969
31	0.278269	0.023958	0.077086	0.049133	0.112587	0.017914	0.114313	0.013251	0.313489
32	0.278439	0.023202	0.073838	0.047940	0.117557	0.016962	0.111895	0.012863	0.317304
33	0.278279	0.022787	0.070904	0.046553	0.122440	0.016009	0.109570	0.012483	0.320975
34	0.278109	0.022018	0.067567	0.044938	0.128109	0.014809	0.107606	0.011905	0.324939
35	0.277588	0.021500	0.064494	0.044046	0.133730	0.013885	0.105540	0.011386	0.327831
36	0.277224	0.020931	0.061424	0.043056	0.139236	0.013133	0.102643	0.011033	0.331320
37	0.276305	0.020363	0.058667	0.041813	0.145341	0.012429	0.100140	0.010646	0.334296
38	0.274952	0.019810	0.056471	0.040741	0.151304	0.011621	0.097703	0.010191	0.337207
39	0.273776	0.019287	0.053920	0.039873	0.157200	0.011050	0.095318	0.009718	0.339858
40	0.272849	0.018672	0.050906	0.038909	0.163244	0.010331	0.092599	0.009300	0.343190
41	0.271183	0.017924	0.048604	0.037994	0.169440	0.009808	0.090462	0.008818	0.345767
42	0.269603	0.017373	0.046611	0.036960	0.176213	0.009122	0.088395	0.008415	0.347308
43	0.267019	0.017097	0.043986	0.036190	0.183213	0.008615	0.086409	0.008182	0.349289
44	0.265365	0.016539	0.042002	0.035255	0.190328	0.008126	0.083684	0.007991	0.350710
45	0.262978	0.016188	0.039933	0.034351	0.197580	0.007777	0.081763	0.007718	0.351712
46	0.260652	0.015717	0.038183	0.033653	0.204858	0.007405	0.079056	0.007455	0.353021
47	0.258810	0.014994	0.036017	0.032774	0.212164	0.006893	0.076634	0.007132	0.354582
48	0.256213	0.014520	0.033789	0.032523	0.219517	0.006534	0.075027	0.006795	0.355082
49	0.253436	0.014061	0.032170	0.032069	0.227153	0.006194	0.072835	0.006474	0.355608
50	0.250747	0.013688	0.030418	0.031528	0.234551	0.006005	0.071170	0.006290	0.355603
51	0.247949	0.013093	0.028664	0.031021	0.242279	0.005754	0.069158	0.006059	0.356023
52	0.244543	0.012713	0.027102	0.030420	0.250279	0.005611	0.067034	0.005877	0.356421
53	0.241352	0.012197	0.025816	0.029923	0.258254	0.005277	0.064794	0.005643	0.356744
54	0.238424	0.011803	0.024723	0.029396	0.266582	0.004946	0.062488	0.005501	0.356137
55	0.234781	0.011442	0.023301	0.028913	0.275283	0.004780	0.060575	0.005291	0.355634
56	0.231257	0.011016	0.022031	0.028442	0.283997	0.004588	0.058739	0.005084	0.354846
57	0.227902	0.010503	0.020909	0.028136	0.292474	0.004409	0.057056	0.004868	0.353743
58	0.224567	0.010064	0.019809	0.027640	0.301250	0.004297	0.055213	0.004613	0.352547
59	0.220658	0.009608	0.018645	0.027267	0.309714	0.004089	0.053536	0.004408	0.352075
60	0.217296	0.009194	0.017662	0.026829	0.318535	0.003907	0.051707	0.004301	0.350569
61	0.213889	0.008819	0.016748	0.026555	0.327005	0.003717	0.049925	0.004112	0.349230
62	0.209816	0.008423	0.015815	0.026060	0.335710	0.003581	0.048445	0.003952	0.348198
63	0.205463	0.007982	0.015026	0.025746	0.344673	0.003481	0.047056	0.003860	0.346713
64	0.201404	0.007825	0.014038	0.025471	0.353665	0.003369	0.045562	0.003664	0.345002
65	0.197284	0.007556	0.013231	0.024943	0.362873	0.003379	0.043737	0.003422	0.343575
66	0.194007	0.007194	0.012291	0.024796	0.371124	0.003175	0.042126	0.003314	0.341973
67	0.190198	0.006785	0.011552	0.024527	0.380179	0.003051	0.040406	0.003064	0.340238
68	0.186027	0.006526	0.010991	0.024156	0.389618	0.002923	0.039118	0.003011	0.337630
69	0.182247	0.006352	0.010323	0.023886	0.398162	0.002782	0.037779	0.002865	0.335604
70	0.178195	0.006144	0.009731	0.023669	0.407264	0.002701	0.036635	0.002743	0.332918
71	0.174219	0.005823	0.009075	0.023445	0.416347	0.002671	0.035282	0.002668	0.330470
72	0.170473	0.005726	0.008461	0.023045	0.425718	0.002576	0.033869	0.002575	0.327557
73	0.166594	0.005522	0.007771	0.022624	0.434685	0.002439	0.032768	0.002504	0.325093
74	0.162698	0.005292	0.007131	0.022420	0.443694	0.002374	0.031566	0.002376	0.322449
75	0.158719	0.005126	0.006620	0.022480	0.452527	0.002296	0.030240	0.002342	0.319650
76	0.154776	0.004860	0.006110	0.022233	0.461900	0.002250	0.029240	0.002258	0.316373
77	0.150677	0.004537	0.005666	0.022015	0.471015	0.002250	0.028376	0.002196	0.313268
78	0.146880	0.004410	0.005362	0.021949	0.480003	0.002095	0.027259	0.002082	0.309960
79	0.142755	0.004204	0.005011	0.021694	0.488881	0.002110	0.026008	0.002063	0.307274
80	0.138942	0.003992	0.004626	0.021587	0.497840	0.002031	0.025126	0.001896	0.303960
81	0.134886	0.003804	0.004242	0.021522	0.507030	0.001906	0.024463	0.001799	0.300348
82	0.131494	0.003590	0.003955	0.021382	0.515497	0.001964	0.023443	0.001770	0.296905
83	0.127604	0.003374	0.003707	0.021410	0.524284	0.001929	0.022563	0.001656	0.293473
84	0.124083	0.003238	0.003420	0.021267	0.533069	0.001835	0.021808	0.001611	0.289669
85	0.120677	0.003000	0.003200	0.020974	0.542054	0.001780	0.021009	0.001649	0.285657
86	0.116926	0.002916	0.002936	0.020899	0.550702	0.001672	0.020131	0.001532	0.282286
87	0.113371	0.002725	0.002745	0.020668	0.559461	0.001681	0.019423	0.001434	0.278492
88	0.110215	0.002557	0.002577	0.020574	0.567932	0.001682	0.018545	0.001361	0.274557
89	0.106838	0.002378	0.002447	0.020528	0.576158	0.001619	0.017947	0.001273	0.270812
90	0.103508	0.002319	0.002226	0.020612	0.584001	0.001652	0.017228	0.001237	0.267217
91	0.100055	0.002170	0.001994	0.020420	0.592280	0.001594	0.016523	0.001149	0.263815
92	0.096883	0.002085	0.001909	0.020307	0.600453	0.001576	0.015890	0.001109	0.259788
93	0.093760	0.001975	0.001741	0.020179	0.608768	0.001560	0.015362	0.000996	0.255659
94	0.090949	0.001832	0.001637	0.020060	0.616433	0.001470	0.014733	0.000938	0.251948
95	0.087815	0.001738	0.001479	0.019866	0.624472	0.001526	0.014212	0.000866	0.248026
96	0.084854	0.001660	0.001374	0.019772	0.632707	0.001476	0.013521	0.000792	0.243844
97	0.081994	0.001593	0.001252	0.019912	0.640191	0.001514	0.013079	0.000740	0.239725
98	0.079314	0.001464	0.001168	0.019784	0.647724	0.001467	0.012624	0.000681	0.235774
99	0.076323	0.001385	0.001052	0.019861	0.655530	0.001435	0.012223	0.000614	0.231577
100	0.073559	0.001320	0.000979	0.019889	0.662952	0.001394	0.011590	0.000598	0.227719
101	0.070859	0.001222	0.000960	0.020109	0.670283	0.001376	0.011071	0.000560	0.223560
102	0.068075	0.001165	0.000868	0.020253	0.677821	0.001338	0.010719	0.000542	0.219219
103	0.065582	0.001099	0.000847	0.020270	0.684961	0.001288	0.010259	0.000493	0.215201
104	0.063166	0.001001	0.000792	0.020098	0.691984	0.001271	0.009962	0.000487	0.211239
105	0.060561	0.000907	0.000725	0.020129	0.698917	0.001266	0.009562	0.000475	0.207458
106	0.057957	0.000912	0.000666	0.020128	0.705855	0.001239	0.009001	0.000455	0.203787
107	0.055494	0.000877	0.000578	0.020105	0.712906	0.001173	0.008606	0.000400	0.199861
108	0.053076	0.000787	0.000545	0.019993	0.719801	0.001159	0.008229	0.000365	0.196045
109	0.050872	0.000770	0.000478	0.019838	0.726389	0.001166	0.007725	0.000360	0.192402
110	0.048811	0.000728	0.000469	0.019904	0.732778	0.001153	0.007372	0.000363	0.188422
111	0.046988	0.000692	0.000437	0.019929	0.738933	0.001158	0.006975	0.000345	0.184543
112	0.044832	0.000651	0.000414	0.019804	0.745455	0.001133	0.006610	0.000331	0.180770
113	0.043140	0.000598	0.000366	0.019901	0.751291	0.001114	0.006286	0.000322	0.176982
114	0.041377	0.000562	0.000330	0.019771	0.757096	0.001114	0.006123	0.000311	0.173316
115	0.039648	0.000533	0.000295	0.019598	0.762688	0.001135	0.005827	0.000307	0.169969
116	0.037946	0.000501	0.000272	0.019505	0.768329	0.001145	0.005601	0.000298	0.166403
117	0.036156	0.000441	0.000225	0.019779	0.773987	0.001149	0.005386	0.000283	0.162594
118	0.034714	0.000413	0.000215	0.019786	0.779180	0.001155	0.005070	0.000277	0.159190
119	0.033025	0.000379	0.000207	0.019795	0.784474	0.001136	0.004977	0.000257	0.155750
120	0.031432	0.000361	0.000191	0.019774	0.789847	0.001111	0.004720	0.000216	0.152348
121	0.030148	0.000312	0.000184	0.019697	0.794793	0.001136	0.004377	0.000187	0.149166
122	0.028752	0.000280	0.000151	0.019781	0.799794	0.001133	0.004175	0.000189	0.145745
123	0.027298	0.000270	0.000133	0.019871	0.804572	0.001135	0.003982	0.000184	0.142555
124	0.025858	0.000241	0.000124	0.019781	0.809548	0.001160	0.003792	0.000191	0.139305
125	0.024697	0.000222	0.000116	0.019935	0.814184	0.001089	0.003676	0.000177	0.135904
126	0.023434	0.000193	0.000107	0.019897	0.818733	0.001064	0.003569	0.000188	0.132815
127	0.022360	0.000190	0.000110	0.019793	0.823193	0.001045	0.003478	0.000160	0.129671
128	0.021395	0.000174	0.000096	0.019894	0.827624	0.001020	0.003327	0.000138	0.126332
129	0.020533	0.000184	0.000088	0.019966	0.831599	0.001003	0.003168	0.000133	0.123326
130	0.019443	0.000170	0.000074	0.019891	0.835772	0.001030	0.003084	0.000144	0.120392
131	0.018489	0.000141	0.000062	0.019849	0.839885	0.001023	0.002925	0.000128	0.117498
132	0.017483	0.000133	0.000052	0.019880	0.843944	0.001003	0.002817	0.000131	0.114557
133	0.016579	0.000125	0.000056	0.019819	0.847643	0.001041	0.002760	0.000128	0.111849
134	0.015700	0.000121	0.000050	0.019892	0.851589	0.001029	0.002672	0.000126	0.108821
135	0.014734	0.000086	0.000049	0.019977	0.855297	0.001042	0.002550	0.000120	0.106145
136	0.014029	0.000088	0.000034	0.019932	0.859140	0.001019	0.002437	0.000119	0.103202
137	0.013182	0.000077	0.000046	0.019996	0.862892	0.001012	0.002366	0.000112	0.100317
138	0.012442	0.000072	0.000040	0.020038	0.866367	0.001005	0.002273	0.000108	0.097655
139	0.011805	0.000067	0.000034	0.020084	0.869799	0.000984	0.002206	0.000097	0.094924
140	0.011152	0.000057	0.000035	0.020069	0.873205	0.000992	0.002121	0.000078	0.092291
141	0.010446	0.000062	0.000034	0.020146	0.876068	0.000990	0.002064	0.000083	0.090107
142	0.009988	0.000065	0.000033	0.020218	0.879050	0.001007	0.002025	0.000084	0.087530
143	0.009474	0.000069	0.000023	0.020142	0.882044	0.001012	0.001912	0.000081	0.085243
144	0.009030	0.000078	0.000023	0.020203	0.885135	0.001015	0.001844	0.000072	0.082600
145	0.008508	0.000071	0.000027	0.020286	0.887879	0.001020	0.001771	0.000071	0.080367
146	0.008161	0.000065	0.000022	0.020286	0.890666	0.001006	0.001703	0.000071	0.078020
147	0.007682	0.000062	0.000011	0.020251	0.893468	0.000985	0.001666	0.000075	0.075800
148	0.007226	0.000060	0.000015	0.020376	0.895961	0.001022	0.001609	0.000074	0.073657
149	0.006778	0.000059	0.000013	0.020218	0.898428	0.000990	0.001555	0.000096	0.071863
150	0.006530	0.000056	0.000008	0.020308	0.900909	0.000945	0.001441	0.000104	0.069699
151	0.006143	0.000051	0.000005	0.020265	0.903567	0.000912	0.001378	0.000099	0.067580
152	0.005688	0.000057	0.000004	0.020447	0.905733	0.000946	0.001326	0.000095	0.065704
153	0.005363	0.000053	0.000006	0.020468	0.908086	0.000936	0.001254	0.000084	0.063750
154	0.005086	0.000042	0.000004	0.020461	0.910432	0.000957	0.001217	0.000086	0.061715
155	0.004881	0.000044	0.000003	0.020483	0.912588	0.000931	0.001211	0.000073	0.059786
156	0.004631	0.000033	0.000003	0.020597	0.914661	0.000922	0.001184	0.000074	0.057895
157	0.004354	0.000033	0.000000	0.020559	0.916843	0.000905	0.001146	0.000069	0.056091
158	0.004105	0.000032	0.000000	0.020590	0.918947	0.000880	0.001089	0.000068	0.054289
159	0.003866	0.000024	0.000000	0.020545	0.921034	0.000873	0.000996	0.000062	0.052600
160	0.003700	0.000023	0.000000	0.020379	0.922928	0.000850	0.000935	0.000064	0.051121
161	0.003501	0.000018	0.000000	0.020565	0.924528	0.000855	0.000904	0.000051	0.049578
162	0.003241	0.000013	0.000000	0.020392	0.926618	0.000879	0.000837	0.000044	0.047976
163	0.003021	0.000017	0.000000	0.020306	0.928586	0.000818	0.000793	0.000038	0.046421
164	0.002804	0.000018	0.000000	0.020306	0.930120	0.000827	0.000786	0.000040	0.045099
165	0.002579	0.000022	0.000000	0.020260	0.931788	0.000788	0.000712	0.000036	0.043815
166	0.002395	0.000020	0.000000	0.020391	0.933128	0.000811	0.000685	0.000041	0.042529
167	0.002290	0.000016	0.000000	0.020457	0.934736	0.000796	0.000609	0.000030	0.041066
168	0.002134	0.000022	0.000000	0.020435	0.936197	0.000797	0.000577	0.000027	0.039811
169	0.002000	0.000027	0.000000	0.020307	0.937809	0.000805	0.000567	0.000021	0.038464
170	0.001854	0.000019	0.000000	0.020293	0.939298	0.000805	0.000571	0.000020	0.037140
171	0.001734	0.000017	0.000000	0.020226	0.940798	0.000806	0.000536	0.000021	0.035862
172	0.001667	0.000015	0.000000	0.020211	0.941998	0.000824	0.000502	0.000020	0.034763
173	0.001528	0.000016	0.000000	0.020213	0.943434	0.000826	0.000483	0.000013	0.033487
174	0.001444	0.000019	0.000000	0.020302	0.944556	0.000841	0.000491	0.000011	0.032336
175	0.001380	0.000019	0.000000	0.020423	0.945588	0.000832	0.000473	0.000010	0.031275
176	0.001288	0.000017	0.000000	0.020487	0.946669	0.000828	0.000448	0.000006	0.030257
177	0.001190	0.000025	0.000000	0.020476	0.947820	0.000866	0.000408	0.000009	0.029206
178	0.001100	0.000025	0.000000	0.020371	0.949161	0.000861	0.000365	0.000010	0.028107
179	0.001068	0.000019	0.000000	0.020374	0.950382	0.000852	0.000339	0.000014	0.026952
180	0.000995	0.000026	0.000000	0.020387	0.951361	0.000810	0.000329	0.000014	0.026078
181	0.000943	0.000015	0.000000	0.020264	0.952428	0.000803	0.000323	0.000010	0.025214
182	0.000894	0.000015	0.000000	0.020293	0.953290	0.000811	0.000319	0.000008	0.024370
183	0.000790	0.000008	0.000000	0.020361	0.954108	0.000793	0.000315	0.000010	0.023615
184	0.000768	0.000009	0.000000	0.020346	0.955057	0.000809	0.000264	0.000010	0.022737
185	0.000738	0.000010	0.000000	0.020312	0.955971	0.000758	0.000249	0.000004	0.021958
186	0.000690	0.000009	0.000000	0.020377	0.956800	0.000771	0.000249	0.000001	0.021103
187	0.000628	0.000008	0.000000	0.020540	0.957369	0.000800	0.000240	0.000003	0.020412
188	0.000599	0.000004	0.000000	0.020552	0.958205	0.000785	0.000230	0.000004	0.019621
189	0.000587	0.000006	0.000000	0.020682	0.958729	0.000835	0.000219	0.000005	0.018937
190	0.000531	0.000007	0.000000	0.020685	0.959565	0.000823	0.000232	0.000003	0.018154
191	0.000495	0.000003	0.000000	0.020763	0.960156	0.000849	0.000220	0.000002	0.017512
192	0.000473	0.000001	0.000000	0.020708	0.960859	0.000859	0.000197	0.000004	0.016899
193	0.000437	0.000002	0.000000	0.020817	0.961490	0.000845	0.000192	0.000004	0.016213
194	0.000404	0.000001	0.000000	0.020786	0.962085	0.000856	0.000179	0.000005	0.015684
195	0.000372	0.000003	0.000000	0.020832	0.962668	0.000885	0.000169	0.000004	0.015067
196	0.000339	0.000003	0.000000	0.020849	0.963201	0.000899	0.000152	0.000004	0.014553
197	0.000321	0.000004	0.000000	0.020753	0.963885	0.000876	0.000147	0.000004	0.014010
198	0.000289	0.000002	0.000000	0.020735	0.964461	0.000904	0.000147	0.000002	0.013460
199	0.000239	0.000004	0.000000	0.020653	0.965171	0.000879	0.000129	0.000001	0.012924
200	0.000217	0.000005	0.000000	0.020729	0.965661	0.000859	0.000135	0.000001	0.012393
201	0.000189	0.000003	0.000000	0.020856	0.965944	0.000889	0.000116	0.000000	0.012003
202	0.000171	0.000003	0.000000	0.020802	0.966441	0.000890	0.000094	0.000000	0.011599
203	0.000168	0.000004	0.000000	0.020821	0.966766	0.000892	0.000080	0.000000	0.011269
204	0.000133	0.000004	0.000000	0.020814	0.967184	0.000904	0.000069	0.000000	0.010892
205	0.000114	0.000001	0.000000	0.020851	0.967574	0.000923	0.000060	0.000000	0.010477
206	0.000102	0.000000	0.000000	0.020559	0.968282	0.000883	0.000052	0.000000	0.010122
207	0.000090	0.000000	0.000000	0.020621	0.968531	0.000926	0.000050	0.000000	0.009782
208	0.000077	0.000000	0.000000	0.020694	0.968882	0.000943	0.000046	0.000000	0.009358
209	0.000072	0.000000	0.000000	0.020667	0.969267	0.000929	0.000046	0.000000	0.009019
210	0.000064	0.000000	0.000000	0.020738	0.969578	0.000901	0.000036	0.000000	0.008683
211	0.000052	0.000000	0.000000	0.020822	0.969913	0.000874	0.000038	0.000000	0.008301
212	0.000045	0.000000	0.000000	0.020849	0.970241	0.000836	0.000026	0.000000	0.008003
213	0.000036	0.000000	0.000000	0.020738	0.970638	0.000850	0.000027	0.000000	0.007711
214	0.000031	0.000000	0.000000	0.020836	0.970826	0.000835	0.000029	0.000000	0.007443
215	0.000023	0.000000	0.000000	0.020670	0.971284	0.000886	0.000028	0.000000	0.007109
216	0.000021	0.000000	0.000000	0.020462	0.971703	0.000871	0.000034	0.000000	0.006909
217	0.000016	0.000000	0.000000	0.020517	0.971989	0.000875	0.000035	0.000000	0.006568
218	0.000014	0.000000	0.000000	0.020471	0.972284	0.000877	0.000032	0.000000	0.006322
219	0.000013	0.000000	0.000000	0.020515	0.972482	0.000883	0.000033	0.000000	0.006074
220	0.000004	0.000000	0.000000	0.020449	0.972741	0.000897	0.000039	0.000000	0.005870
221	0.000002	0.000000	0.000000	0.020556	0.972884	0.000940	0.000030	0.000000	0.005588
222	0.000004	0.000000	0.000000	0.020344	0.973295	0.000934	0.000031	0.000000	0.005392
223	0.000004	0.000000	0.000000	0.020437	0.973349	0.000955	0.000030	0.000000	0.005225
224	0.000005	0.000000	0.000000	0.020315	0.973643	0.000971	0.000033	0.000000	0.005033
225	0.000007	0.000000	0.000000	0.020329	0.973950	0.000951	0.000033	0.000000	0.004730
226	0.000008	0.000000	0.000000	0.020429	0.974052	0.000919	0.000030	0.000000	0.004562
227	0.000009	0.000000	0.000000	0.020248	0.974422	0.000933	0.000025	0.000000	0.004363
228	0.000006	0.000000	0.000000	0.020318	0.974551	0.000943	0.000028	0.000000	0.004154
229	0.000007	0.000000	0.000000	0.020220	0.974818	0.000963	0.000027	0.000000	0.003965
230	0.000005	0.000000	0.000000	0.020101	0.975124	0.000976	0.000020	0.000000	0.003774
231	0.000005	0.000000	0.000000	0.020055	0.975390	0.000917	0.000025	0.000000	0.003608
232	0.000003	0.000000	0.000000	0.020276	0.975256	0.000951	0.000026	0.000000	0.003488
233	0.000003	0.000000	0.000000	0.020234	0.975452	0.000954	0.000026	0.000000	0.003331
234	0.000001	0.000000	0.000000	0.020246	0.975564	0.000949	0.000025	0.000000	0.003215
235	0.000000	0.000000	0.000000	0.020110	0.975777	0.000975	0.000026	0.000000	0.003112
236	0.000000	0.000000	0.000000	0.020041	0.975948	0.000992	0.000034	0.000000	0.002985
237	0.000000	0.000000	0.000000	0.019960	0.976137	0.001015	0.000031	0.000000	0.002857
238	0.000000	0.000000	0.000000	0.020030	0.976203	0.000978	0.000028	0.000000	0.002761
239	0.000000	0.000000	0.000000	0.019916	0.976445	0.000988	0.000019	0.000000	0.002632
240	0.000000	0.000000	0.000000	0.019812	0.976627	0.000999	0.000023	0.000000	0.002539
241	0.000000	0.000000	0.000000	0.019867	0.976619	0.001018	0.000024	0.000000	0.002472
242	0.000000	0.000000	0.000000	0.019726	0.976875	0.001009	0.000028	0.000000	0.002362
243	0.000000	0.000000	0.000000	0.019614	0.977097	0.000998	0.000022	0.000000	0.002269
244	0.000000	0.000000	0.000000	0.019521	0.977312	0.000991	0.000017	0.000000	0.002159
245	0.000000	0.000000	0.000000	0.019535	0.977383	0.000997	0.000018	0.000000	0.002067
246	0.000000	0.000000	0.000000	0.019510	0.977469	0.001013	0.000017	0.000000	0.001991
247	0.000000	0.000000	0.000000	0.019431	0.977641	0.001001	0.000012	0.000000	0.001915
248	0.000000	0.000000	0.000000	0.019449	0.977756	0.000977	0.000009	0.000000	0.001809
249	0.000000	0.000000	0.000000	0.019619	0.977613	0.000979	0.000013	0.000000	0.001776
250	0.000000	0.000000	0.000000	0.019451	0.977894	0.000965	0.000010	0.000000	0.001680
251	0.000000	0.000000	0.000000	0.019373	0.978061	0.000938	0.000013	0.000000	0.001615
252	0.000000	0.000000	0.000000	0.019659	0.977867	0.000944	0.000014	0.000000	0.001516
253	0.000000	0.000000	0.000000	0.019492	0.978124	0.000909	0.000009	0.000000	0.001466
254	0.000000	0.000000	0.000000	0.019411	0.978269	0.000907	0.000011	0.000000	0.001402
255	0.000000	0.000000	0.000000	0.019481	0.978288	0.000896	0.000010	0.000000	0.001325
256	0.000000	0.000000	0.000000	0.019436	0.978378	0.000905	0.000009	0.000000	0.001272
257	0.000000	0.000000	0.000000	0.019294	0.978589	0.000897	0.000006	0.000000	0.001214
258	0.000000	0.000000	0.000000	0.019505	0.978436	0.000913	0.000003	0.000000	0.001143
259	0.000000	0.000000	0.000000	0.019689	0.978312	0.000899	0.000004	0.000000	0.001096
260	0.000000	0.000000	0.000000	0.019625	0.978472	0.000887	0.000002	0.000000	0.001014
261	0.000000	0.000000	0.000000	0.019587	0.978527	0.000927	0.000003	0.000000	0.000956
262	0.000000	0.000000	0.000000	0.019629	0.978507	0.000943	0.000001	0.000000	0.000920
263	0.000000	0.000000	0.000000	0.019568	0.978615	0.000953	0.000000	0.000000	0.000864
264	0.000000	0.000000	0.000000	0.019522	0.978774	0.000905	0.000000	0.000000	0.000799
265	0.000000	0.000000	0.000000	0.019553	0.978799	0.000882	0.000000	0.000000	0.000766
266	0.000000	0.000000	0.000000	0.019603	0.978839	0.000830	0.000000	0.000000	0.000728
267	0.000000	0.000000	0.000000	0.019679	0.978799	0.000822	0.000000	0.000000	0.000700
268	0.000000	0.000000	0.000000	0.019804	0.978692	0.000836	0.000000	0.000000	0.000668
269	0.000000	0.000000	0.000000	0.019845	0.978662	0.000864	0.000000	0.000000	0.000629
270	0.000000	0.000000	0.000000	0.019826	0.978748	0.000837	0.000000	0.000000	0.000589
271	0.000000	0.000000	0.000000	0.019993	0.978592	0.000872	0.000000	0.000000	0.000543
272	0.000000	0.000000	0.000000	0.019872	0.978762	0.000847	0.000000	0.000000	0.000519
273	0.000000	0.000000	0.000000	0.019902	0.978797	0.000835	0.000000	0.000000	0.000466
274	0.000000	0.000000	0.000000	0.019991	0.978754	0.000828	0.000000	0.000000	0.000427
275	0.000000	0.000000	0.000000	0.019900	0.978881	0.000830	0.000000	0.000000	0.000389
276	0.000000	0.000000	0.000000	0.020070	0.978744	0.000829	0.000000	0.000000	0.000357
277	0.000000	0.000000	0.000000	0.020129	0.978722	0.000838	0.000000	0.000000	0.000311
278	0.000000	0.000000	0.000000	0.020036	0.978824	0.000849	0.000000	0.000000	0.000291
279	0.000000	0.000000	0.000000	0.019957	0.978936	0.000842	0.000000	0.000000	0.000265
280	0.000000	0.000000	0.000000	0.020036	0.978896	0.000836	0.000000	0.000000	0.000232
281	0.000000	0.000000	0.000000	0.020010	0.978915	0.000848	0.000000	0.000000	0.000227
282	0.000000	0.000000	0.000000	0.020037	0.978938	0.000828	0.000000	0.000000	0.000197
283	0.000000	0.000000	0.000000	0.020020	0.978961	0.000842	0.000000	0.000000	0.000177
284	0.000000	0.000000	0.000000	0.020099	0.978899	0.000842	0.000000	0.000000	0.000160
285	0.000000	0.000000	0.000000	0.020124	0.978892	0.000842	0.000000	0.000000	0.000142
286	0.000000	0.000000	0.000000	0.020027	0.978983	0.000855	0.000000	0.000000	0.000135
287	0.000000	0.000000	0.000000	0.020122	0.978896	0.000869	0.000000	0.000000	0.000113
288	0.000000	0.000000	0.000000	0.020209	0.978832	0.000841	0.000000	0.000000	0.000118
289	0.000000	0.000000	0.000000	0.020338	0.978725	0.000835	0.000000	0.000000	0.000102
290	0.000000	0.000000	0.000000	0.020464	0.978658	0.000791	0.000000	0.000000	0.000087
291	0.000000	0.000000	0.000000	0.020144	0.978973	0.000797	0.000000	0.000000	0.000086
292	0.000000	0.000000	0.000000	0.020190	0.978905	0.000833	0.000000	0.000000	0.000072
293	0.000000	0.000000	0.000000	0.020280	0.978797	0.000864	0.000000	0.000000	0.000059
294	0.000000	0.000000	0.000000	0.020211	0.978871	0.000865	0.000000	0.000000	0.000053
295	0.000000	0.000000	0.000000	0.020126	0.978987	0.000846	0.000000	0.000000	0.000041
296	0.000000	0.000000	0.000000	0.020282	0.978856	0.000818	0.000000	0.000000	0.000044
297	0.000000	0.000000	0.000000	0.020171	0.978996	0.000789	0.000000	0.000000	0.000044
298	0.000000	0.000000	0.000000	0.020058	0.979083	0.000817	0.000000	0.000000	0.000042
299	0.000000	0.000000	0.000000	0.020093	0.979027	0.000854	0.000000	0.000000	0.000026
300	0.000000	0.000000	0.000000	0.020169	0.978928	0.000877	0.000000	0.000000	0.000026
301	0.000000	0.000000	0.000000	0.020238	0.978878	0.000863	0.000000	0.000000	0.000021
302	0.000000	0.000000	0.000000	0.020154	0.978990	0.000839	0.000000	0.000000	0.000017
303	0.000000	0.000000	0.000000	0.020059	0.979079	0.000851	0.000000	0.000000	0.000011
304	0.000000	0.000000	0.000000	0.020011	0.979129	0.000850	0.000000	0.000000	0.000010
305	0.000000	0.000000	0.000000	0.019867	0.979262	0.000860	0.000000	0.000000	0.000011
306	0.000000	0.000000	0.000000	0.019953	0.979171	0.000864	0.000000	0.000000	0.000012
307	0.000000	0.000000	0.000000	0.019946	0.979169	0.000880	0.000000	0.000000	0.000005
308	0.000000	0.000000	0.000000	0.020081	0.978971	0.000943	0.000000	0.000000	0.000005
309	0.000000	0.000000	0.000000	0.020135	0.978929	0.000935	0.000000	0.000000	0.000001
310	0.000000	0.000000	0.000000	0.020149	0.978893	0.000958	0.000000	0.000000	0.000000
311	0.000000	0.000000	0.000000	0.020229	0.978819	0.000952	0.000000	0.000000	0.000000
312	0.000000	0.000000	0.000000	0.020272	0.978826	0.000902	0.000000	0.000000	0.000000
313	0.000000	0.000000	0.000000	0.020223	0.978832	0.000945	0.000000	0.000000	0.000000
314	0.000000	0.000000	0.000000	0.020246	0.978842	0.000912	0.000000	0.000000	0.000000
315	0.000000	0.000000	0.000000	0.020151	0.978946	0.000903	0.000000	0.000000	0.000000
316	0.000000	0.000000	0.000000	0.020133	0.978966	0.000901	0.000000	0.000000	0.000000
317	0.000000	0.000000	0.000000	0.019956	0.979141	0.000903	0.000000	0.000000	0.000000
318	0.000000	0.000000	0.000000	0.020043	0.979091	0.000866	0.000000	0.000000	0.000000
319	0.000000	0.000000	0.000000	0.020052	0.979029	0.000919	0.000000	0.000000	0.000000
320	0.000000	0.000000	0.000000	0.020044	0.979071	0.000885	0.000000	0.000000	0.000000
321	0.000000	0.000000	0.000000	0.020015	0.979129	0.000856	0.000000	0.000000	0.000000
322	0.000000	0.000000	0.000000	0.019970	0.979172	0.000858	0.000000	0.000000	0.000000
323	0.000000	0.000000	0.000000	0.020030	0.979099	0.000871	0.000000	0.000000	0.000000
324	0.000000	0.000000	0.000000	0.019865	0.979316	0.000819	0.000000	0.000000	0.000000
325	0.000000	0.000000	0.000000	0.019730	0.979424	0.000846	0.000000	0.000000	0.000000
326	0.000000	0.000000	0.000000	0.019921	0.979237	0.000842	0.000000	0.000000	0.000000
327	0.000000	0.000000	0.000000	0.019977	0.979168	0.000855	0.000000	0.000000	0.000000
328	0.000000	0.000000	0.000000	0.019836	0.979314	0.000850	0.000000	0.000000	0.000000
329	0.000000	0.000000	0.000000	0.019793	0.979389	0.000818	0.000000	0.000000	0.000000
330	0.000000	0.000000	0.000000	0.019846	0.979321	0.000833	0.000000	0.000000	0.000000
331	0.000000	0.000000	0.000000	0.019726	0.979421	0.000853	0.000000	0.000000	0.000000
332	0.000000	0.000000	0.000000	0.019623	0.979494	0.000883	0.000000	0.000000	0.000000
333	0.000000	0.000000	0.000000	0.019768	0.979351	0.000881	0.000000	0.000000	0.000000
334	0.000000	0.000000	0.000000	0.019742	0.979351	0.000907	0.000000	0.000000	0.000000
335	0.000000	0.000000	0.000000	0.019662	0.979399	0.000939	0.000000	0.000000	0.000000
336	0.000000	0.000000	0.000000	0.019609	0.979487	0.000904	0.000000	0.000000	0.000000
337	0.000000	0.000000	0.000000	0.019665	0.979436	0.000899	0.000000	0.000000	0.000000
338	0.000000	0.000000	0.000000	0.019523	0.979562	0.000915	0.000000	0.000000	0.000000
339	0.000000	0.000000	0.000000	0.019626	0.979463	0.000911	0.000000	0.000000	0.000000
340	0.000000	0.000000	0.000000	0.019610	0.979470	0.000920	0.000000	0.000000	0.000000
341	0.000000	0.000000	0.000000	0.019612	0.979501	0.000887	0.000000	0.000000	0.000000
342	0.000000	0.000000	0.000000	0.019717	0.979352	0.000931	0.000000	0.000000	0.000000
343	0.000000	0.000000	0.000000	0.019628	0.979457	0.000915	0.000000	0.000000	0.000000
344	0.000000	0.000000	0.000000	0.019801	0.979257	0.000942	0.000000	0.000000	0.000000
345	0.000000	0.000000	0.000000	0.019897	0.979169	0.000934	0.000000	0.000000	0.000000
346	0.000000	0.000000	0.000000	0.019902	0.979152	0.000946	0.000000	0.000000	0.000000
347	0.000000	0.000000	0.000000	0.019916	0.979137	0.000947	0.000000	0.000000	0.000000
348	0.000000	0.000000	0.000000	0.020110	0.978953	0.000937	0.000000	0.000000	0.000000
349	0.000000	0.000000	0.000000	0.020225	0.978801	0.000974	0.000000	0.000000	0.000000
350	0.000000	0.000000	0.000000	0.020162	0.978852	0.000986	0.000000	0.000000	0.000000
351	0.000000	0.000000	0.000000	0.020041	0.978994	0.000965	0.000000	0.000000	0.000000
352	0.000000	0.000000	0.000000	0.019958	0.979075	0.000967	0.000000	0.000000	0.000000
353	0.000000	0.000000	0.000000	0.019862	0.979198	0.000940	0.000000	0.000000	0.000000
354	0.000000	0.000000	0.000000	0.019838	0.979205	0.000957	0.000000	0.000000	0.000000
355	0.000000	0.000000	0.000000	0.019987	0.979067	0.000946	0.000000	0.000000	0.000000
356	0.000000	0.000000	0.000000	0.020023	0.979034	0.000943	0.000000	0.000000	0.000000
357	0.000000	0.000000	0.000000	0.020011	0.979019	0.000970	0.000000	0.000000	0.000000
358	0.000000	0.000000	0.000000	0.020103	0.978942	0.000955	0.000000	0.000000	0.000000
359	0.000000	0.000000	0.000000	0.019833	0.979240	0.000927	0.000000	0.000000	0.000000
360	0.000000	0.000000	0.000000	0.019781	0.979262	0.000957	0.000000	0.000000	0.000000
361	0.000000	0.000000	0.000000	0.019920	0.979141	0.000939	0.000000	0.000000	0.000000
362	0.000000	0.000000	0.000000	0.019781	0.979304	0.000915	0.000000	0.000000	0.000000
363	0.000000	0.000000	0.000000	0.019629	0.979429	0.000942	0.000000	0.000000	0.000000
364	0.000000	0.000000	0.000000	0.019593	0.979473	0.000934	0.000000	0.000000	0.000000
365	0.000000	0.000000	0.000000	0.019614	0.979437	0.000949	0.000000	0.000000	0.000000
366	0.000000	0.000000	0.000000	0.019608	0.979434	0.000958	0.000000	0.000000	0.000000
367	0.000000	0.000000	0.000000	0.019745	0.979316	0.000939	0.000000	0.000000	0.000000
368	0.000000	0.000000	0.000000	0.019701	0.979354	0.000945	0.000000	0.000000	0.000000
369	0.000000	0.000000	0.000000	0.019764	0.979267	0.000969	0.000000	0.000000	0.000000
370	0.000000	0.000000	0.000000	0.019840	0.979193	0.000967	0.000000	0.000000	0.000000
371	0.000000	0.000000	0.000000	0.019842	0.979182	0.000976	0.000000	0.000000	0.000000
372	0.000000	0.000000	0.000000	0.019895	0.979112	0.000993	0.000000	0.000000	0.000000
373	0.000000	0.000000	0.000000	0.019975	0.979027	0.000998	0.000000	0.000000	0.000000
374	0.000000	0.000000	0.000000	0.020013	0.978956	0.001031	0.000000	0.000000	0.000000
375	0.000000	0.000000	0.000000	0.019873	0.979099	0.001028	0.000000	0.000000	0.000000
376	0.000000	0.000000	0.000000	0.020054	0.978927	0.001019	0.000000	0.000000	0.000000
377	0.000000	0.000000	0.000000	0.019957	0.979002	0.001041	0.000000	0.000000	0.000000
378	0.000000	0.000000	0.000000	0.019901	0.979020	0.001079	0.000000	0.000000	0.000000
379	0.000000	0.000000	0.000000	0.019742	0.979184	0.001074	0.000000	0.000000	0.000000
380	0.000000	0.000000	0.000000	0.019547	0.979392	0.001061	0.000000	0.000000	0.000000
381	0.000000	0.000000	0.000000	0.019528	0.979411	0.001061	0.000000	0.000000	0.000000
382	0.000000	0.000000	0.000000	0.019567	0.979388	0.001045	0.000000	0.000000	0.000000
383	0.000000	0.000000	0.000000	0.019618	0.979309	0.001073	0.000000	0.000000	0.000000
384	0.000000	0.000000	0.000000	0.019723	0.979189	0.001088	0.000000	0.000000	0.000000
385	0.000000	0.000000	0.000000	0.019667	0.979285	0.001048	0.000000	0.000000	0.000000
386	0.000000	0.000000	0.000000	0.019603	0.979321	0.001076	0.000000	0.000000	0.000000
387	0.000000	0.000000	0.000000	0.019498	0.979449	0.001053	0.000000	0.000000	0.000000
388	0.000000	0.000000	0.000000	0.019506	0.979415	0.001079	0.000000	0.000000	0.000000
389	0.000000	0.000000	0.000000	0.019593	0.979368	0.001039	0.000000	0.000000	0.000000
390	0.000000	0.000000	0.000000	0.019532	0.979432	0.001036	0.000000	0.000000	0.000000
391	0.000000	0.000000	0.000000	0.019388	0.979568	0.001044	0.000000	0.000000	0.000000
392	0.000000	0.000000	0.000000	0.019557	0.979416	0.001027	0.000000	0.000000	0.000000
393	0.000000	0.000000	0.000000	0.019702	0.979250	0.001048	0.000000	0.000000	0.000000
394	0.000000	0.000000	0.000000	0.019756	0.979195	0.001049	0.000000	0.000000	0.000000
395	0.000000	0.000000	0.000000	0.019855	0.979118	0.001027	0.000000	0.000000	0.000000
396	0.000000	0.000000	0.000000	0.019725	0.979247	0.001028	0.000000	0.000000	0.000000
397	0.000000	0.000000	0.000000	0.019842	0.979157	0.001001	0.000000	0.000000	0.000000
398	0.000000	0.000000	0.000000	0.019802	0.979250	0.000948	0.000000	0.000000	0.000000
399	0.000000	0.000000	0.000000	0.019695	0.979324	0.000981	0.000000	0.000000	0.000000
400	0.000000	0.000000	0.000000	0.019598	0.979453	0.000949	0.000000	0.000000	0.000000
401	0.000000	0.000000	0.000000	0.019553	0.979476	0.000971	0.000000	0.000000	0.000000
402	0.000000	0.000000	0.000000	0.019484	0.979556	0.000960	0.000000	0.000000	0.000000
403	0.000000	0.000000	0.000000	0.019375	0.979632	0.000993	0.000000	0.000000	0.000000
404	0.000000	0.000000	0.000000	0.019514	0.979499	0.000987	0.000000	0.000000	0.000000
405	0.000000	0.000000	0.000000	0.019456	0.979521	0.001023	0.000000	0.000000	0.000000
406	0.000000	0.000000	0.000000	0.019346	0.979666	0.000988	0.000000	0.000000	0.000000
407	0.000000	0.000000	0.000000	0.019430	0.979567	0.001003	0.000000	0.000000	0.000000
408	0.000000	0.000000	0.000000	0.019365	0.979598	0.001037	0.000000	0.000000	0.000000
409	0.000000	0.000000	0.000000	0.019266	0.979666	0.001068	0.000000	0.000000	0.000000
410	0.000000	0.000000	0.000000	0.019399	0.979500	0.001101	0.000000	0.000000	0.000000
411	0.000000	0.000000	0.000000	0.019494	0.979415	0.001091	0.000000	0.000000	0.000000
412	0.000000	0.000000	0.000000	0.019366	0.979551	0.001083	0.000000	0.000000	0.000000
413	0.000000	0.000000	0.000000	0.019420	0.979455	0.001125	0.000000	0.000000	0.000000
414	0.000000	0.000000	0.000000	0.019330	0.979572	0.001098	0.000000	0.000000	0.000000
415	0.000000	0.000000	0.000000	0.019478	0.979423	0.001099	0.000000	0.000000	0.000000
416	0.000000	0.000000	0.000000	0.019340	0.979534	0.001126	0.000000	0.000000	0.000000
417	0.000000	0.000000	0.000000	0.019237	0.979659	0.001104	0.000000	0.000000	0.000000
418	0.000000	0.000000	0.000000	0.019195	0.979712	0.001093	0.000000	0.000000	0.000000
419	0.000000	0.000000	0.000000	0.019385	0.979488	0.001127	0.000000	0.000000	0.000000
420	0.000000	0.000000	0.000000	0.019268	0.979552	0.001180	0.000000	0.000000	0.000000
421	0.000000	0.000000	0.000000	0.019290	0.979571	0.001139	0.000000	0.000000	0.000000
422	0.000000	0.000000	0.000000	0.019182	0.979707	0.001111	0.000000	0.000000	0.000000
423	0.000000	0.000000	0.000000	0.019162	0.979700	0.001138	0.000000	0.000000	0.000000
424	0.000000	0.000000	0.000000	0.019086	0.979791	0.001123	0.000000	0.000000	0.000000
425	0.000000	0.000000	0.000000	0.019192	0.979648	0.001160	0.000000	0.000000	0.000000
426	0.000000	0.000000	0.000000	0.019118	0.979733	0.001149	0.000000	0.000000	0.000000
427	0.000000	0.000000	0.000000	0.019075	0.979788	0.001137	0.000000	0.000000	0.000000
428	0.000000	0.000000	0.000000	0.019131	0.979725	0.001144	0.000000	0.000000	0.000000
429	0.000000	0.000000	0.000000	0.019047	0.979816	0.001137	0.000000	0.000000	0.000000
430	0.000000	0.000000	0.000000	0.019180	0.979757	0.001063	0.000000	0.000000	0.000000
431	0.000000	0.000000	0.000000	0.019184	0.979735	0.001081	0.000000	0.000000	0.000000
432	0.000000	0.000000	0.000000	0.019220	0.979690	0.001090	0.000000	0.000000	0.000000
433	0.000000	0.000000	0.000000	0.019219	0.979652	0.001129	0.000000	0.000000	0.000000
434	0.000000	0.000000	0.000000	0.019190	0.979684	0.001126	0.000000	0.000000	0.000000
435	0.000000	0.000000	0.000000	0.019051	0.979851	0.001098	0.000000	0.000000	0.000000
436	0.000000	0.000000	0.000000	0.018934	0.979954	0.001112	0.000000	0.000000	0.000000
437	0.000000	0.000000	0.000000	0.018864	0.980007	0.001129	0.000000	0.000000	0.000000
438	0.000000	0.000000	0.000000	0.018912	0.979960	0.001128	0.000000	0.000000	0.000000
439	0.000000	0.000000	0.000000	0.018782	0.980098	0.001120	0.000000	0.000000	0.000000
440	0.000000	0.000000	0.000000	0.018755	0.980133	0.001112	0.000000	0.000000	0.000000
441	0.000000	0.000000	0.000000	0.018661	0.980206	0.001133	0.000000	0.000000	0.000000
442	0.000000	0.000000	0.000000	0.018769	0.980110	0.001121	0.000000	0.000000	0.000000
443	0.000000	0.000000	0.000000	0.018844	0.980026	0.001130	0.000000	0.000000	0.000000
444	0.000000	0.000000	0.000000	0.018762	0.980101	0.001137	0.000000	0.000000	0.000000
445	0.000000	0.000000	0.000000	0.018803	0.980134	0.001063	0.000000	0.000000	0.000000
446	0.000000	0.000000	0.000000	0.018846	0.980068	0.001086	0.000000	0.000000	0.000000
447	0.000000	0.000000	0.000000	0.018792	0.980108	0.001100	0.000000	0.000000	0.000000
448	0.000000	0.000000	0.000000	0.018851	0.980085	0.001064	0.000000	0.000000	0.000000
449	0.000000	0.000000	0.000000	0.018859	0.980059	0.001082	0.000000	0.000000	0.000000
450	0.000000	0.000000	0.000000	0.018781	0.980191	0.001028	0.000000	0.000000	0.000000
451	0.000000	0.000000	0.000000	0.018731	0.980237	0.001032	0.000000	0.000000	0.000000
452	0.000000	0.000000	0.000000	0.018764	0.980154	0.001082	0.000000	0.000000	0.000000
453	0.000000	0.000000	0.000000	0.018750	0.980147	0.001103	0.000000	0.000000	0.000000
454	0.000000	0.000000	0.000000	0.018644	0.980265	0.001091	0.000000	0.000000	0.000000
455	0.000000	0.000000	0.000000	0.018574	0.980337	0.001089	0.000000	0.000000	0.000000
456	0.000000	0.000000	0.000000	0.018614	0.980337	0.001049	0.000000	0.000000	0.000000
457	0.000000	0.000000	0.000000	0.018781	0.980155	0.001064	0.000000	0.000000	0.000000
458	0.000000	0.000000	0.000000	0.018769	0.980180	0.001051	0.000000	0.000000	0.000000
459	0.000000	0.000000	0.000000	0.018869	0.980086	0.001045	0.000000	0.000000	0.000000
460	0.000000	0.000000	0.000000	0.018784	0.980200	0.001016	0.000000	0.000000	0.000000
461	0.000000	0.000000	0.000000	0.018836	0.980153	0.001011	0.000000	0.000000	0.000000
462	0.000000	0.000000	0.000000	0.018865	0.980108	0.001027	0.000000	0.000000	0.000000
463	0.000000	0.000000	0.000000	0.018793	0.980211	0.000996	0.000000	0.000000	0.000000
464	0.000000	0.000000	0.000000	0.018733	0.980288	0.000979	0.000000	0.000000	0.000000
465	0.000000	0.000000	0.000000	0.018785	0.980215	0.001000	0.000000	0.000000	0.000000
466	0.000000	0.000000	0.000000	0.018742	0.980245	0.001013	0.000000	0.000000	0.000000
467	0.000000	0.000000	0.000000	0.018940	0.980022	0.001038	0.000000	0.000000	0.000000
468	0.000000	0.000000	0.000000	0.018866	0.980079	0.001055	0.000000	0.000000	0.000000
469	0.000000	0.000000	0.000000	0.018835	0.980118	0.001047	0.000000	0.000000	0.000000
470	0.000000	0.000000	0.000000	0.018628	0.980304	0.001068	0.000000	0.000000	0.000000
