0	0.290663	0.057897	0.229473	0.157588	0.029913	0.111872	0.085455	0.012259	0.024880
1	0.233282	0.048293	0.202292	0.125933	0.026213	0.111831	0.128930	0.025181	0.098045
2	0.235854	0.048533	0.201281	0.110137	0.023831	0.097791	0.138823	0.027013	0.116737
3	0.243263	0.049561	0.200925	0.097360	0.022507	0.084885	0.143600	0.027816	0.130083
4	0.252182	0.050293	0.199982	0.085829	0.021429	0.073110	0.146881	0.028077	0.142217
5	0.261003	0.050896	0.198513	0.075753	0.020429	0.062853	0.148312	0.028328	0.153913
6	0.269769	0.051847	0.195818	0.067523	0.019643	0.053913	0.148152	0.028290	0.165045
7	0.278933	0.052643	0.191732	0.059831	0.018994	0.046095	0.148015	0.027895	0.175862
8	0.286817	0.053516	0.188349	0.053029	0.018478	0.039440	0.147219	0.027503	0.185649
9	0.295019	0.054477	0.184206	0.047011	0.017721	0.033414	0.145610	0.027383	0.195159
10	0.304013	0.054980	0.179028	0.041804	0.017211	0.028581	0.143836	0.026645	0.203902
11	0.312243	0.055925	0.173958	0.037134	0.016835	0.024507	0.141400	0.025980	0.212018
12	0.320359	0.056806	0.169147	0.032936	0.016452	0.020782	0.138650	0.025233	0.219635
13	0.328497	0.057704	0.163716	0.029158	0.016182	0.017702	0.135149	0.024719	0.227173
14	0.335581	0.058479	0.157713	0.026038	0.015943	0.015070	0.131921	0.024180	0.235075
15	0.342821	0.059071	0.152559	0.023052	0.015820	0.012916	0.128765	0.023644	0.241352
16	0.350357	0.059599	0.146990	0.020562	0.015587	0.011003	0.125026	0.022988	0.247888
17	0.356644	0.060288	0.141480	0.018368	0.015261	0.009399	0.121277	0.022529	0.254754
18	0.363969	0.061109	0.136213	0.016399	0.015060	0.007997	0.117213	0.022006	0.260034
19	0.369899	0.061613	0.131461	0.014663	0.014764	0.006792	0.113772	0.021366	0.265670
20	0.376509	0.061910	0.126146	0.013027	0.014737	0.005947	0.109639	0.020655	0.271430
21	0.382406	0.062301	0.121280	0.011652	0.014462	0.005164	0.106358	0.019885	0.276492
22	0.388308	0.062810	0.116325	0.010248	0.014176	0.004457	0.102644	0.019125	0.281907
23	0.393762	0.063131	0.111571	0.009175	0.014195	0.003918	0.099101	0.018348	0.286799
24	0.399023	0.063629	0.107266	0.008096	0.013988	0.003315	0.095690	0.017912	0.291081
25	0.403791	0.064128	0.102874	0.007319	0.013847	0.002844	0.091996	0.017151	0.296050
26	0.408284	0.064304	0.098508	0.006661	0.013754	0.002522	0.088956	0.016567	0.300444
27	0.413220	0.064240	0.094687	0.006039	0.013485	0.002208	0.085297	0.015916	0.304908
28	0.417708	0.064734	0.090257	0.005395	0.013392	0.001974	0.081902	0.015329	0.309309
29	0.422055	0.064826	0.086414	0.004919	0.013344	0.001667	0.078850	0.014756	0.313169
30	0.426376	0.065261	0.082606	0.004393	0.013179	0.001447	0.075881	0.014267	0.316590
31	0.430445	0.065312	0.079077	0.003886	0.013080	0.001261	0.073167	0.013593	0.320179
32	0.433623	0.065380	0.075322	0.003454	0.012902	0.001090	0.070721	0.013046	0.324462
33	0.436910	0.065558	0.072205	0.003118	0.012818	0.000968	0.068137	0.012691	0.327595
34	0.439737	0.065964	0.069031	0.002874	0.012752	0.000879	0.065641	0.012171	0.330951
35	0.443302	0.066336	0.065829	0.002632	0.012676	0.000714	0.063140	0.011784	0.333587
36	0.446259	0.066513	0.063093	0.002399	0.012575	0.000637	0.060332	0.011466	0.336726
37	0.448687	0.066733	0.060441	0.002185	0.012485	0.000542	0.058309	0.010932	0.339686
38	0.451669	0.066633	0.058261	0.002007	0.012338	0.000476	0.055755	0.010484	0.342377
39	0.454160	0.067123	0.055361	0.001796	0.012222	0.000423	0.053700	0.010136	0.345079
40	0.457445	0.067041	0.052861	0.001617	0.012062	0.000351	0.051400	0.009873	0.347350
41	0.459443	0.067358	0.050616	0.001454	0.011984	0.000322	0.049835	0.009496	0.349492
42	0.462603	0.067536	0.048408	0.001322	0.011813	0.000259	0.047663	0.009074	0.351322
43	0.464995	0.067704	0.046149	0.001296	0.011701	0.000213	0.045789	0.008627	0.353526
44	0.467658	0.068015	0.044062	0.001199	0.011590	0.000199	0.044003	0.008388	0.354886
45	0.469697	0.067854	0.042427	0.001082	0.011507	0.000180	0.042268	0.008050	0.356935
46	0.471492	0.068194	0.040147	0.000989	0.011358	0.000158	0.040666	0.007762	0.359234
47	0.473857	0.068182	0.038172	0.000889	0.011378	0.000147	0.038914	0.007603	0.360858
48	0.476205	0.068388	0.036399	0.000802	0.011270	0.000109	0.037232	0.007168	0.362427
49	0.478183	0.067856	0.034853	0.000755	0.011378	0.000095	0.035516	0.006873	0.364491
50	0.480109	0.068192	0.033205	0.000726	0.011310	0.000086	0.034112	0.006651	0.365609
51	0.481735	0.068056	0.031694	0.000682	0.011105	0.000077	0.032609	0.006465	0.367577
52	0.483715	0.068236	0.030202	0.000614	0.011143	0.000077	0.031190	0.006143	0.368680
53	0.485344	0.068095	0.029027	0.000574	0.011165	0.000066	0.029874	0.005900	0.369955
54	0.487578	0.068054	0.027606	0.000538	0.011100	0.000061	0.028765	0.005640	0.370658
55	0.489542	0.068170	0.026159	0.000513	0.010987	0.000055	0.027491	0.005276	0.371807
56	0.491018	0.068447	0.025009	0.000522	0.010976	0.000038	0.026284	0.004968	0.372738
57	0.492096	0.068401	0.023952	0.000475	0.011037	0.000028	0.025048	0.004710	0.374253
58	0.493351	0.068402	0.022801	0.000478	0.010807	0.000031	0.024131	0.004550	0.375449
59	0.494424	0.068576	0.021986	0.000429	0.010835	0.000029	0.023403	0.004352	0.375966
60	0.496197	0.068395	0.020781	0.000408	0.010830	0.000025	0.022438	0.004124	0.376802
61	0.497258	0.068245	0.019985	0.000348	0.010750	0.000019	0.021468	0.003874	0.378053
62	0.498140	0.068394	0.019209	0.000345	0.010746	0.000014	0.020571	0.003625	0.378956
63	0.498804	0.068337	0.018293	0.000329	0.010848	0.000008	0.019800	0.003477	0.380104
64	0.499794	0.068317	0.017479	0.000302	0.010880	0.000010	0.018904	0.003349	0.380965
65	0.500570	0.068429	0.016737	0.000268	0.010889	0.000008	0.018321	0.003177	0.381601
66	0.501086	0.068379	0.015980	0.000250	0.010890	0.000010	0.017494	0.003077	0.382834
67	0.502126	0.068215	0.015228	0.000227	0.010751	0.000009	0.016962	0.002932	0.383550
68	0.502736	0.068311	0.014646	0.000213	0.010786	0.000011	0.016511	0.002886	0.383900
69	0.504062	0.068135	0.014057	0.000187	0.010666	0.000004	0.015851	0.002791	0.384247
70	0.504774	0.067824	0.013383	0.000188	0.010707	0.000008	0.015258	0.002695	0.385163
71	0.505738	0.068170	0.012615	0.000188	0.010675	0.000011	0.014703	0.002564	0.385336
72	0.506735	0.067988	0.012197	0.000175	0.010646	0.000003	0.014170	0.002383	0.385703
73	0.507496	0.068051	0.011673	0.000175	0.010639	0.000011	0.013532	0.002235	0.386188
74	0.508519	0.067699	0.011170	0.000139	0.010672	0.000009	0.013015	0.002184	0.386593
75	0.509105	0.067627	0.010720	0.000128	0.010537	0.000006	0.012518	0.002099	0.387260
76	0.509799	0.067458	0.010378	0.000138	0.010563	0.000004	0.012000	0.001971	0.387689
77	0.510946	0.067454	0.009938	0.000137	0.010505	0.000006	0.011559	0.001897	0.387558
78	0.511483	0.067538	0.009638	0.000133	0.010532	0.000006	0.011045	0.001757	0.387868
79	0.511994	0.067334	0.009188	0.000101	0.010371	0.000006	0.010585	0.001688	0.388733
80	0.512914	0.067014	0.008783	0.000106	0.010361	0.000003	0.010164	0.001612	0.389043
81	0.513495	0.066819	0.008451	0.000111	0.010304	0.000003	0.009887	0.001609	0.389321
82	0.514613	0.066747	0.008257	0.000093	0.010264	0.000004	0.009454	0.001548	0.389020
83	0.515290	0.066865	0.007901	0.000083	0.010308	0.000004	0.009172	0.001482	0.388895
84	0.516128	0.066734	0.007413	0.000088	0.010418	0.000003	0.008850	0.001454	0.388912
85	0.516957	0.066498	0.007126	0.000083	0.010388	0.000001	0.008612	0.001397	0.388938
86	0.517854	0.066378	0.006829	0.000085	0.010406	0.000001	0.008300	0.001403	0.388744
87	0.518679	0.066175	0.006516	0.000084	0.010479	0.000000	0.008000	0.001329	0.388738
88	0.518699	0.066219	0.006218	0.000090	0.010369	0.000000	0.007602	0.001250	0.389553
89	0.519357	0.065792	0.006095	0.000089	0.010453	0.000000	0.007303	0.001227	0.389684
90	0.519743	0.065754	0.005992	0.000086	0.010398	0.000000	0.006995	0.001193	0.389839
91	0.520341	0.065810	0.005647	0.000085	0.010419	0.000000	0.006862	0.001179	0.389657
92	0.520468	0.066081	0.005453	0.000089	0.010230	0.000000	0.006517	0.001111	0.390051
93	0.521068	0.066042	0.005277	0.000094	0.010291	0.000000	0.006332	0.001063	0.389833
94	0.521465	0.066063	0.005095	0.000084	0.010338	0.000000	0.006211	0.001066	0.389678
95	0.521899	0.066037	0.004869	0.000072	0.010277	0.000000	0.006118	0.001042	0.389686
96	0.522730	0.065986	0.004675	0.000070	0.010296	0.000000	0.005779	0.000991	0.389473
97	0.522535	0.066088	0.004499	0.000069	0.010346	0.000000	0.005537	0.000938	0.389988
98	0.523137	0.066049	0.004360	0.000061	0.010506	0.000000	0.005266	0.000912	0.389709
99	0.523187	0.066135	0.004230	0.000068	0.010535	0.000000	0.005054	0.000913	0.389878
100	0.523735	0.065963	0.004120	0.000063	0.010525	0.000000	0.004808	0.000904	0.389882
101	0.524046	0.065755	0.003962	0.000054	0.010492	0.000000	0.004612	0.000858	0.390221
102	0.524710	0.065721	0.003893	0.000047	0.010309	0.000000	0.004436	0.000845	0.390039
103	0.524888	0.065495	0.003729	0.000075	0.010240	0.000000	0.004291	0.000779	0.390503
104	0.525469	0.065531	0.003650	0.000075	0.010182	0.000000	0.004229	0.000796	0.390068
105	0.525928	0.065607	0.003554	0.000074	0.010218	0.000000	0.004112	0.000747	0.389760
106	0.526857	0.065355	0.003409	0.000068	0.010105	0.000000	0.003915	0.000733	0.389558
107	0.527284	0.065583	0.003284	0.000071	0.009994	0.000000	0.003835	0.000697	0.389252
108	0.527604	0.065391	0.003153	0.000054	0.009968	0.000000	0.003631	0.000710	0.389489
109	0.527855	0.065498	0.003161	0.000048	0.009987	0.000000	0.003599	0.000681	0.389171
110	0.527944	0.065385	0.003067	0.000054	0.009928	0.000000	0.003498	0.000667	0.389457
111	0.527930	0.065410	0.002984	0.000054	0.009770	0.000000	0.003427	0.000652	0.389773
112	0.528247	0.065681	0.002879	0.000056	0.009792	0.000000	0.003317	0.000649	0.389379
113	0.529092	0.065554	0.002817	0.000041	0.009725	0.000000	0.003090	0.000568	0.389113
114	0.529516	0.065216	0.002726	0.000039	0.009798	0.000000	0.002929	0.000525	0.389251
115	0.529985	0.064997	0.002625	0.000042	0.009634	0.000000	0.002842	0.000509	0.389366
116	0.530196	0.065128	0.002542	0.000037	0.009601	0.000000	0.002784	0.000452	0.389260
117	0.530658	0.064950	0.002479	0.000035	0.009652	0.000000	0.002766	0.000457	0.389003
118	0.531387	0.065035	0.002355	0.000034	0.009668	0.000000	0.002634	0.000467	0.388420
119	0.531675	0.064843	0.002298	0.000031	0.009683	0.000000	0.002597	0.000445	0.388428
120	0.532156	0.065039	0.002262	0.000031	0.009814	0.000000	0.002499	0.000435	0.387764
121	0.532729	0.064870	0.002204	0.000034	0.009743	0.000000	0.002363	0.000398	0.387659
122	0.533492	0.064935	0.002074	0.000039	0.009623	0.000000	0.002255	0.000394	0.387188
123	0.534178	0.064402	0.001990	0.000036	0.009571	0.000000	0.002229	0.000366	0.387228
124	0.534837	0.064307	0.001901	0.000037	0.009408	0.000000	0.002175	0.000371	0.386964
125	0.534961	0.064341	0.001859	0.000034	0.009412	0.000000	0.002116	0.000361	0.386916
126	0.535467	0.064013	0.001818	0.000026	0.009288	0.000000	0.002001	0.000344	0.387043
127	0.536348	0.064126	0.001702	0.000025	0.009225	0.000000	0.001967	0.000346	0.386261
128	0.536602	0.063940	0.001670	0.000026	0.009239	0.000000	0.001955	0.000332	0.386236
129	0.537201	0.063715	0.001594	0.000028	0.009171	0.000000	0.001930	0.000332	0.386029
130	0.537734	0.063747	0.001519	0.000030	0.009113	0.000000	0.001950	0.000327	0.385580
131	0.537947	0.063736	0.001452	0.000028	0.009203	0.000000	0.001857	0.000319	0.385458
132	0.538148	0.063622	0.001411	0.000020	0.009097	0.000000	0.001817	0.000287	0.385598
133	0.538087	0.063506	0.001387	0.000023	0.009012	0.000000	0.001791	0.000266	0.385928
134	0.538821	0.063633	0.001350	0.000023	0.009057	0.000000	0.001759	0.000265	0.385092
135	0.539287	0.063559	0.001369	0.000019	0.008999	0.000000	0.001684	0.000274	0.384809
136	0.539888	0.063633	0.001326	0.000018	0.008960	0.000000	0.001621	0.000259	0.384295
137	0.540222	0.063564	0.001266	0.000017	0.008875	0.000000	0.001601	0.000242	0.384213
138	0.540815	0.063431	0.001202	0.000015	0.008848	0.000000	0.001551	0.000236	0.383902
139	0.541443	0.063361	0.001117	0.000011	0.008864	0.000000	0.001501	0.000243	0.383460
140	0.542278	0.063016	0.001088	0.000009	0.008934	0.000000	0.001496	0.000223	0.382956
141	0.542719	0.063029	0.001024	0.000014	0.008777	0.000000	0.001435	0.000233	0.382769
142	0.543039	0.062627	0.001022	0.000012	0.008869	0.000000	0.001423	0.000217	0.382791
143	0.543590	0.062539	0.001039	0.000011	0.008774	0.000000	0.001424	0.000227	0.382396
144	0.543776	0.062368	0.000944	0.000011	0.008752	0.000000	0.001415	0.000228	0.382506
145	0.544307	0.062285	0.000951	0.000012	0.008749	0.000000	0.001371	0.000227	0.382098
146	0.544281	0.062477	0.000971	0.000011	0.008665	0.000000	0.001323	0.000210	0.382062
147	0.544815	0.062550	0.000919	0.000010	0.008575	0.000000	0.001252	0.000183	0.381696
148	0.545140	0.062595	0.000892	0.000013	0.008551	0.000000	0.001214	0.000199	0.381396
149	0.544977	0.062751	0.000947	0.000010	0.008614	0.000000	0.001193	0.000206	0.381302
150	0.545584	0.062188	0.000942	0.000010	0.008618	0.000000	0.001178	0.000224	0.381256
151	0.545568	0.062184	0.000911	0.000010	0.008521	0.000000	0.001143	0.000218	0.381445
152	0.545590	0.062231	0.000916	0.000009	0.008538	0.000000	0.001099	0.000220	0.381397
153	0.546334	0.061984	0.000891	0.000006	0.008495	0.000000	0.001068	0.000213	0.381009
154	0.547029	0.061855	0.000929	0.000008	0.008408	0.000000	0.001056	0.000190	0.380525
155	0.546939	0.061944	0.000868	0.000002	0.008414	0.000000	0.001002	0.000188	0.380643
156	0.547014	0.062014	0.000837	0.000002	0.008445	0.000000	0.000966	0.000180	0.380542
157	0.547086	0.062164	0.000836	0.000002	0.008454	0.000000	0.000938	0.000179	0.380341
158	0.547612	0.061947	0.000823	0.000002	0.008339	0.000000	0.000934	0.000174	0.380169
159	0.547903	0.061722	0.000809	0.000000	0.008371	0.000000	0.000887	0.000184	0.380124
160	0.548705	0.061674	0.000765	0.000000	0.008356	0.000000	0.000904	0.000170	0.379426
161	0.548781	0.061727	0.000758	0.000000	0.008381	0.000000	0.000873	0.000175	0.379305
162	0.548238	0.062194	0.000764	0.000000	0.008308	0.000000	0.000824	0.000174	0.379498
163	0.548890	0.061865	0.000759	0.000000	0.008241	0.000000	0.000816	0.000175	0.379254
164	0.548955	0.061901	0.000745	0.000000	0.008171	0.000000	0.000804	0.000180	0.379244
165	0.549960	0.061787	0.000744	0.000000	0.008213	0.000000	0.000795	0.000189	0.378312
166	0.550248	0.061526	0.000680	0.000000	0.008156	0.000000	0.000782	0.000184	0.378424
167	0.550893	0.061516	0.000682	0.000000	0.008177	0.000000	0.000750	0.000190	0.377792
168	0.551134	0.061397	0.000633	0.000000	0.008244	0.000000	0.000723	0.000197	0.377672
169	0.551595	0.061263	0.000652	0.000000	0.008216	0.000000	0.000680	0.000185	0.377409
170	0.552138	0.061254	0.000637	0.000000	0.008161	0.000000	0.000665	0.000185	0.376960
171	0.552129	0.061407	0.000620	0.000000	0.008041	0.000000	0.000660	0.000156	0.376987
172	0.552897	0.061234	0.000622	0.000000	0.008061	0.000000	0.000619	0.000153	0.376414
173	0.553348	0.061160	0.000648	0.000000	0.007967	0.000000	0.000576	0.000144	0.376157
174	0.553825	0.061312	0.000623	0.000000	0.007905	0.000000	0.000581	0.000153	0.375601
175	0.554495	0.061090	0.000607	0.000000	0.007805	0.000000	0.000589	0.000145	0.375269
176	0.554210	0.061032	0.000564	0.000000	0.007725	0.000000	0.000574	0.000132	0.375763
177	0.555191	0.060766	0.000594	0.000000	0.007618	0.000000	0.000573	0.000126	0.375132
178	0.554901	0.060981	0.000565	0.000000	0.007593	0.000000	0.000603	0.000127	0.375230
179	0.555421	0.061064	0.000556	0.000000	0.007421	0.000000	0.000610	0.000161	0.374767
180	0.555814	0.060877	0.000576	0.000000	0.007429	0.000000	0.000583	0.000167	0.374554
181	0.556671	0.060473	0.000560	0.000000	0.007522	0.000000	0.000552	0.000169	0.374053
182	0.557153	0.060198	0.000561	0.000000	0.007391	0.000000	0.000577	0.000152	0.373968
183	0.557144	0.060283	0.000528	0.000000	0.007343	0.000000	0.000574	0.000144	0.373984
184	0.558147	0.060118	0.000481	0.000000	0.007366	0.000000	0.000548	0.000133	0.373207
185	0.558240	0.060125	0.000466	0.000000	0.007291	0.000000	0.000528	0.000142	0.373208
186	0.558333	0.060143	0.000444	0.000000	0.007289	0.000000	0.000509	0.000142	0.373140
187	0.558541	0.060213	0.000430	0.000000	0.007221	0.000000	0.000503	0.000154	0.372938
188	0.559060	0.060002	0.000445	0.000000	0.007115	0.000000	0.000500	0.000133	0.372745
189	0.559579	0.059986	0.000414	0.000000	0.007048	0.000000	0.000498	0.000136	0.372339
190	0.559648	0.060014	0.000414	0.000000	0.007004	0.000000	0.000512	0.000139	0.372269
191	0.559768	0.060055	0.000400	0.000000	0.006978	0.000000	0.000489	0.000127	0.372183
192	0.560224	0.059945	0.000357	0.000000	0.007055	0.000000	0.000470	0.000126	0.371823
193	0.560612	0.059795	0.000354	0.000000	0.007075	0.000000	0.000446	0.000123	0.371595
194	0.560896	0.059916	0.000333	0.000000	0.006997	0.000000	0.000489	0.000111	0.371258
195	0.561000	0.060092	0.000305	0.000000	0.007035	0.000000	0.000490	0.000106	0.370972
196	0.561597	0.059897	0.000305	0.000000	0.007015	0.000000	0.000479	0.000103	0.370604
197	0.561704	0.060197	0.000337	0.000000	0.006968	0.000000	0.000457	0.000091	0.370246
198	0.561980	0.060050	0.000328	0.000000	0.006966	0.000000	0.000469	0.000101	0.370106
199	0.562045	0.060128	0.000303	0.000000	0.006948	0.000000	0.000458	0.000095	0.370023
200	0.562508	0.060039	0.000312	0.000000	0.006925	0.000000	0.000413	0.000099	0.369704
201	0.562762	0.060143	0.000306	0.000000	0.006834	0.000000	0.000427	0.000098	0.369430
202	0.563036	0.060032	0.000329	0.000000	0.006872	0.000000	0.000451	0.000100	0.369180
203	0.562919	0.060144	0.000316	0.000000	0.006774	0.000000	0.000454	0.000100	0.369293
204	0.563586	0.060076	0.000288	0.000000	0.006798	0.000000	0.000438	0.000093	0.368721
205	0.563700	0.060072	0.000299	0.000000	0.006806	0.000000	0.000422	0.000084	0.368617
206	0.563328	0.060235	0.000308	0.000000	0.006703	0.000000	0.000409	0.000085	0.368932
207	0.563522	0.060389	0.000304	0.000000	0.006624	0.000000	0.000401	0.000078	0.368682
208	0.563996	0.060304	0.000300	0.000000	0.006595	0.000000	0.000382	0.000083	0.368340
209	0.564030	0.060385	0.000277	0.000000	0.006663	0.000000	0.000363	0.000077	0.368205
210	0.563939	0.060547	0.000269	0.000000	0.006621	0.000000	0.000368	0.000070	0.368186
211	0.563897	0.060508	0.000276	0.000000	0.006571	0.000000	0.000352	0.000048	0.368348
212	0.564197	0.060443	0.000271	0.000000	0.006556	0.000000	0.000347	0.000048	0.368138
213	0.564798	0.060340	0.000266	0.000000	0.006475	0.000000	0.000373	0.000044	0.367704
214	0.564969	0.060262	0.000264	0.000000	0.006474	0.000000	0.000371	0.000041	0.367619
215	0.565753	0.059983	0.000263	0.000000	0.006316	0.000000	0.000364	0.000042	0.367279
216	0.566026	0.060134	0.000267	0.000000	0.006301	0.000000	0.000348	0.000043	0.366881
217	0.566403	0.060155	0.000270	0.000000	0.006314	0.000000	0.000325	0.000045	0.366488
218	0.566420	0.060332	0.000249	0.000000	0.006282	0.000000	0.000285	0.000046	0.366386
219	0.566287	0.060356	0.000251	0.000000	0.006309	0.000000	0.000292	0.000048	0.366457
220	0.566604	0.060467	0.000236	0.000000	0.006191	0.000000	0.000303	0.000051	0.366148
221	0.566707	0.060313	0.000259	0.000000	0.006135	0.000000	0.000293	0.000052	0.366241
222	0.566964	0.060428	0.000252	0.000000	0.006136	0.000000	0.000277	0.000052	0.365891
223	0.567647	0.060164	0.000252	0.000000	0.006112	0.000000	0.000268	0.000036	0.365521
224	0.567959	0.060352	0.000244	0.000000	0.005949	0.000000	0.000260	0.000038	0.365198
225	0.567350	0.060520	0.000236	0.000000	0.005935	0.000000	0.000272	0.000034	0.365653
226	0.567623	0.060500	0.000225	0.000000	0.005916	0.000000	0.000273	0.000033	0.365430
227	0.567964	0.060532	0.000209	0.000000	0.005810	0.000000	0.000234	0.000028	0.365223
228	0.568220	0.060670	0.000188	0.000000	0.005682	0.000000	0.000230	0.000024	0.364986
229	0.568914	0.060380	0.000192	0.000000	0.005667	0.000000	0.000222	0.000029	0.364596
230	0.568957	0.060065	0.000173	0.000000	0.005569	0.000000	0.000220	0.000026	0.364990
231	0.568823	0.060087	0.000172	0.000000	0.005599	0.000000	0.000204	0.000028	0.365087
232	0.569265	0.059991	0.000156	0.000000	0.005616	0.000000	0.000187	0.000017	0.364768
233	0.569329	0.060208	0.000160	0.000000	0.005626	0.000000	0.000169	0.000014	0.364494
234	0.569429	0.060506	0.000165	0.000000	0.005567	0.000000	0.000178	0.000012	0.364143
235	0.569813	0.060549	0.000165	0.000000	0.005521	0.000000	0.000179	0.000008	0.363765
236	0.570301	0.060529	0.000149	0.000000	0.005465	0.000000	0.000173	0.000004	0.363379
237	0.570588	0.060421	0.000151	0.000000	0.005361	0.000000	0.000155	0.000004	0.363320
238	0.570607	0.060614	0.000158	0.000000	0.005332	0.000000	0.000153	0.000003	0.363133
239	0.570767	0.060538	0.000173	0.000000	0.005217	0.000000	0.000174	0.000003	0.363128
240	0.570909	0.060684	0.000165	0.000000	0.005211	0.000000	0.000175	0.000002	0.362854
241	0.571406	0.060543	0.000184	0.000000	0.005227	0.000000	0.000166	0.000000	0.362474
242	0.571636	0.060276	0.000182	0.000000	0.005215	0.000000	0.000179	0.000000	0.362512
243	0.572031	0.060459	0.000150	0.000000	0.005220	0.000000	0.000171	0.000000	0.361969
244	0.572404	0.060502	0.000152	0.000000	0.005202	0.000000	0.000145	0.000000	0.361595
245	0.572909	0.060454	0.000159	0.000000	0.005107	0.000000	0.000150	0.000000	0.361221
246	0.573153	0.060358	0.000161	0.000000	0.005137	0.000000	0.000153	0.000000	0.361038
247	0.573038	0.060518	0.000163	0.000000	0.005056	0.000000	0.000143	0.000000	0.361082
248	0.573005	0.060694	0.000147	0.000000	0.004993	0.000000	0.000145	0.000000	0.361016
249	0.573684	0.060320	0.000154	0.000000	0.004962	0.000000	0.000136	0.000000	0.360744
250	0.574147	0.060364	0.000140	0.000000	0.004911	0.000000	0.000133	0.000000	0.360305
251	0.574426	0.060089	0.000132	0.000000	0.004847	0.000000	0.000140	0.000000	0.360366
252	0.574373	0.060100	0.000134	0.000000	0.004873	0.000000	0.000116	0.000000	0.360404
253	0.575098	0.060033	0.000138	0.000000	0.004852	0.000000	0.000117	0.000000	0.359762
254	0.575549	0.059815	0.000141	0.000000	0.004801	0.000000	0.000108	0.000000	0.359586
255	0.575923	0.059621	0.000137	0.000000	0.004824	0.000000	0.000119	0.000000	0.359376
256	0.576621	0.059458	0.000139	0.000000	0.004802	0.000000	0.000116	0.000000	0.358864
257	0.577135	0.059269	0.000140	0.000000	0.004762	0.000000	0.000119	0.000000	0.358575
258	0.577231	0.059628	0.000146	0.000000	0.004727	0.000000	0.000107	0.000000	0.358161
259	0.577252	0.059580	0.000139	0.000000	0.004695	0.000000	0.000103	0.000000	0.358231
260	0.577316	0.059723	0.000138	0.000000	0.004612	0.000000	0.000112	0.000000	0.358099
261	0.577721	0.059628	0.000146	0.000000	0.004615	0.000000	0.000123	0.000000	0.357767
262	0.578676	0.059529	0.000134	0.000000	0.004587	0.000000	0.000122	0.000000	0.356952
263	0.578824	0.059628	0.000129	0.000000	0.004567	0.000000	0.000116	0.000000	0.356736
264	0.579203	0.059460	0.000132	0.000000	0.004526	0.000000	0.000113	0.000000	0.356566
265	0.579367	0.059621	0.000125	0.000000	0.004454	0.000000	0.000110	0.000000	0.356323
266	0.579679	0.059802	0.000130	0.000000	0.004368	0.000000	0.000112	0.000000	0.355909
267	0.580406	0.059409	0.000130	0.000000	0.004339	0.000000	0.000108	0.000000	0.355608
268	0.580784	0.059245	0.000138	0.000000	0.004307	0.000000	0.000088	0.000000	0.355438
269	0.581719	0.058918	0.000132	0.000000	0.004247	0.000000	0.000090	0.000000	0.354894
270	0.581909	0.059118	0.000121	0.000000	0.004229	0.000000	0.000087	0.000000	0.354536
271	0.582259	0.058991	0.000113	0.000000	0.004247	0.000000	0.000060	0.000000	0.354330
272	0.582413	0.058769	0.000126	0.000000	0.004220	0.000000	0.000068	0.000000	0.354404
273	0.582852	0.058538	0.000144	0.000000	0.004206	0.000000	0.000058	0.000000	0.354202
274	0.583251	0.058752	0.000136	0.000000	0.004185	0.000000	0.000053	0.000000	0.353623
275	0.583096	0.058991	0.000145	0.000000	0.004135	0.000000	0.000042	0.000000	0.353591
276	0.583269	0.058877	0.000150	0.000000	0.004123	0.000000	0.000042	0.000000	0.353539
277	0.583687	0.058983	0.000140	0.000000	0.004003	0.000000	0.000052	0.000000	0.353135
278	0.583879	0.059037	0.000138	0.000000	0.003936	0.000000	0.000049	0.000000	0.352961
279	0.584272	0.058759	0.000149	0.000000	0.003915	0.000000	0.000050	0.000000	0.352855
280	0.584445	0.058686	0.000147	0.000000	0.003904	0.000000	0.000046	0.000000	0.352772
281	0.584961	0.058500	0.000141	0.000000	0.003845	0.000000	0.000047	0.000000	0.352506
282	0.585541	0.058381	0.000108	0.000000	0.003829	0.000000	0.000052	0.000000	0.352089
283	0.585717	0.058055	0.000111	0.000000	0.003870	0.000000	0.000062	0.000000	0.352185
284	0.585695	0.058434	0.000113	0.000000	0.003795	0.000000	0.000047	0.000000	0.351916
285	0.585964	0.058075	0.000111	0.000000	0.003722	0.000000	0.000048	0.000000	0.352080
286	0.586060	0.058148	0.000107	0.000000	0.003758	0.000000	0.000050	0.000000	0.351877
287	0.586391	0.058113	0.000112	0.000000	0.003693	0.000000	0.000055	0.000000	0.351636
288	0.586369	0.058083	0.000124	0.000000	0.003661	0.000000	0.000064	0.000000	0.351699
289	0.586698	0.057875	0.000111	0.000000	0.003623	0.000000	0.000062	0.000000	0.351631
290	0.586621	0.057926	0.000118	0.000000	0.003567	0.000000	0.000047	0.000000	0.351721
291	0.587041	0.057912	0.000116	0.000000	0.003556	0.000000	0.000048	0.000000	0.351327
292	0.587421	0.057825	0.000112	0.000000	0.003486	0.000000	0.000046	0.000000	0.351110
293	0.587662	0.057808	0.000110	0.000000	0.003480	0.000000	0.000042	0.000000	0.350898
294	0.587881	0.057657	0.000105	0.000000	0.003481	0.000000	0.000051	0.000000	0.350825
295	0.588062	0.057318	0.000110	0.000000	0.003555	0.000000	0.000050	0.000000	0.350905
296	0.588663	0.057264	0.000104	0.000000	0.003467	0.000000	0.000049	0.000000	0.350453
297	0.588786	0.057176	0.000103	0.000000	0.003449	0.000000	0.000045	0.000000	0.350441
298	0.588849	0.057192	0.000095	0.000000	0.003416	0.000000	0.000047	0.000000	0.350401
299	0.589144	0.057471	0.000089	0.000000	0.003407	0.000000	0.000050	0.000000	0.349839
300	0.589631	0.057289	0.000083	0.000000	0.003408	0.000000	0.000053	0.000000	0.349536
301	0.589479	0.057606	0.000100	0.000000	0.003397	0.000000	0.000050	0.000000	0.349368
302	0.589509	0.057727	0.000106	0.000000	0.003321	0.000000	0.000045	0.000000	0.349292
303	0.590254	0.057393	0.000100	0.000000	0.003291	0.000000	0.000045	0.000000	0.348917
304	0.590412	0.057291	0.000102	0.000000	0.003296	0.000000	0.000038	0.000000	0.348861
305	0.591081	0.057033	0.000091	0.000000	0.003254	0.000000	0.000035	0.000000	0.348506
306	0.591147	0.057208	0.000103	0.000000	0.003194	0.000000	0.000036	0.000000	0.348312
307	0.591699	0.057100	0.000096	0.000000	0.003186	0.000000	0.000031	0.000000	0.347888
308	0.592180	0.057135	0.000094	0.000000	0.003200	0.000000	0.000035	0.000000	0.347356
309	0.592256	0.057003	0.000088	0.000000	0.003166	0.000000	0.000039	0.000000	0.347448
310	0.592117	0.057022	0.000087	0.000000	0.003165	0.000000	0.000034	0.000000	0.347575
311	0.592453	0.056840	0.000080	0.000000	0.003148	0.000000	0.000037	0.000000	0.347442
312	0.592907	0.056777	0.000082	0.000000	0.003041	0.000000	0.000036	0.000000	0.347157
313	0.592845	0.056979	0.000090	0.000000	0.002992	0.000000	0.000031	0.000000	0.347063
314	0.593125	0.057118	0.000094	0.000000	0.002939	0.000000	0.000029	0.000000	0.346695
315	0.592886	0.057144	0.000095	0.000000	0.002900	0.000000	0.000036	0.000000	0.346939
316	0.593156	0.057113	0.000111	0.000000	0.002919	0.000000	0.000042	0.000000	0.346659
317	0.593276	0.057188	0.000113	0.000000	0.002879	0.000000	0.000035	0.000000	0.346509
318	0.593570	0.056991	0.000126	0.000000	0.002823	0.000000	0.000034	0.000000	0.346456
319	0.593912	0.056895	0.000115	0.000000	0.002830	0.000000	0.000030	0.000000	0.346218
320	0.594511	0.056631	0.000114	0.000000	0.002757	0.000000	0.000028	0.000000	0.345959
321	0.594034	0.057028	0.000117	0.000000	0.002743	0.000000	0.000025	0.000000	0.346053
322	0.594207	0.057101	0.000107	0.000000	0.002696	0.000000	0.000020	0.000000	0.345869
323	0.594793	0.057119	0.000092	0.000000	0.002726	0.000000	0.000019	0.000000	0.345251
324	0.595113	0.057077	0.000104	0.000000	0.002729	0.000000	0.000015	0.000000	0.344962
325	0.595179	0.057030	0.000093	0.000000	0.002684	0.000000	0.000012	0.000000	0.345002
326	0.595330	0.057038	0.000094	0.000000	0.002675	0.000000	0.000014	0.000000	0.344849
327	0.595363	0.057168	0.000108	0.000000	0.002612	0.000000	0.000013	0.000000	0.344736
328	0.595943	0.056953	0.000100	0.000000	0.002586	0.000000	0.000014	0.000000	0.344404
329	0.595886	0.056963	0.000098	0.000000	0.002610	0.000000	0.000017	0.000000	0.344426
330	0.596102	0.056807	0.000085	0.000000	0.002554	0.000000	0.000016	0.000000	0.344436
331	0.596426	0.056757	0.000079	0.000000	0.002580	0.000000	0.000014	0.000000	0.344144
332	0.596417	0.056798	0.000080	0.000000	0.002518	0.000000	0.000012	0.000000	0.344175
333	0.596948	0.056679	0.000088	0.000000	0.002516	0.000000	0.000010	0.000000	0.343759
334	0.597482	0.056603	0.000087	0.000000	0.002480	0.000000	0.000005	0.000000	0.343343
335	0.597547	0.056672	0.000090	0.000000	0.002466	0.000000	0.000003	0.000000	0.343222
336	0.597804	0.056896	0.000091	0.000000	0.002408	0.000000	0.000004	0.000000	0.342797
337	0.597695	0.057118	0.000089	0.000000	0.002330	0.000000	0.000002	0.000000	0.342766
338	0.597840	0.057191	0.000090	0.000000	0.002296	0.000000	0.000003	0.000000	0.342580
339	0.597898	0.057142	0.000086	0.000000	0.002313	0.000000	0.000005	0.000000	0.342556
340	0.598043	0.057279	0.000081	0.000000	0.002291	0.000000	0.000005	0.000000	0.342301
341	0.598170	0.057318	0.000079	0.000000	0.002246	0.000000	0.000005	0.000000	0.342182
342	0.598521	0.057165	0.000081	0.000000	0.002185	0.000000	0.000002	0.000000	0.342046
343	0.598584	0.057327	0.000077	0.000000	0.002196	0.000000	0.000001	0.000000	0.341815
344	0.598877	0.057337	0.000076	0.000000	0.002179	0.000000	0.000000	0.000000	0.341531
345	0.599199	0.057428	0.000078	0.000000	0.002184	0.000000	0.000000	0.000000	0.341111
346	0.598827	0.057972	0.000083	0.000000	0.002117	0.000000	0.000000	0.000000	0.341001
347	0.598660	0.058146	0.000073	0.000000	0.002107	0.000000	0.000000	0.000000	0.341014
348	0.598692	0.058253	0.000075	0.000000	0.002067	0.000000	0.000000	0.000000	0.340913
349	0.598753	0.058365	0.000073	0.000000	0.002078	0.000000	0.000000	0.000000	0.340731
350	0.599346	0.058365	0.000079	0.000000	0.002027	0.000000	0.000000	0.000000	0.340183
351	0.599544	0.058174	0.000062	0.000000	0.001988	0.000000	0.000000	0.000000	0.340232
352	0.599895	0.058062	0.000059	0.000000	0.001971	0.000000	0.000000	0.000000	0.340013
353	0.599584	0.058313	0.000060	0.000000	0.001991	0.000000	0.000000	0.000000	0.340052
354	0.599803	0.058410	0.000057	0.000000	0.001917	0.000000	0.000000	0.000000	0.339813
355	0.599949	0.058484	0.000083	0.000000	0.002011	0.000000	0.000000	0.000000	0.339473
356	0.600324	0.058380	0.000079	0.000000	0.001945	0.000000	0.000000	0.000000	0.339272
357	0.600580	0.058516	0.000083	0.000000	0.001977	0.000000	0.000000	0.000000	0.338844
358	0.600583	0.058729	0.000077	0.000000	0.002007	0.000000	0.000000	0.000000	0.338604
359	0.600592	0.058641	0.000095	0.000000	0.002021	0.000000	0.000000	0.000000	0.338651
360	0.601117	0.058255	0.000090	0.000000	0.002005	0.000000	0.000000	0.000000	0.338533
361	0.601463	0.058308	0.000085	0.000000	0.001992	0.000000	0.000000	0.000000	0.338152
362	0.601856	0.058220	0.000089	0.000000	0.001959	0.000000	0.000000	0.000000	0.337876
363	0.602625	0.058277	0.000094	0.000000	0.001876	0.000000	0.000000	0.000000	0.337128
364	0.602664	0.058243	0.000087	0.000000	0.001864	0.000000	0.000000	0.000000	0.337142
365	0.602413	0.058513	0.000069	0.000000	0.001861	0.000000	0.000000	0.000000	0.337144
366	0.602432	0.058644	0.000083	0.000000	0.001870	0.000000	0.000000	0.000000	0.336971
367	0.602586	0.058746	0.000080	0.000000	0.001802	0.000000	0.000000	0.000000	0.336786
368	0.602670	0.058882	0.000067	0.000000	0.001833	0.000000	0.000000	0.000000	0.336548
369	0.603246	0.058592	0.000072	0.000000	0.001855	0.000000	0.000000	0.000000	0.336235
370	0.603630	0.058466	0.000077	0.000000	0.001784	0.000000	0.000000	0.000000	0.336043
371	0.603642	0.058421	0.000082	0.000000	0.001789	0.000000	0.000000	0.000000	0.336066
372	0.603564	0.058585	0.000075	0.000000	0.001771	0.000000	0.000000	0.000000	0.336005
373	0.603952	0.058460	0.000080	0.000000	0.001789	0.000000	0.000000	0.000000	0.335719
374	0.604247	0.058479	0.000076	0.000000	0.001782	0.000000	0.000000	0.000000	0.335416
375	0.604471	0.058496	0.000076	0.000000	0.001788	0.000000	0.000000	0.000000	0.335169
376	0.604395	0.058605	0.000082	0.000000	0.001766	0.000000	0.000000	0.000000	0.335152
377	0.604711	0.058588	0.000075	0.000000	0.001752	0.000000	0.000000	0.000000	0.334874
378	0.605027	0.058711	0.000075	0.000000	0.001715	0.000000	0.000000	0.000000	0.334472
379	0.605534	0.058469	0.000073	0.000000	0.001726	0.000000	0.000000	0.000000	0.334198
380	0.605719	0.058676	0.000067	0.000000	0.001749	0.000000	0.000000	0.000000	0.333789
381	0.605775	0.058507	0.000088	0.000000	0.001727	0.000000	0.000000	0.000000	0.333903
382	0.606086	0.058517	0.000086	0.000000	0.001726	0.000000	0.000000	0.000000	0.333585
383	0.606840	0.058294	0.000078	0.000000	0.001663	0.000000	0.000000	0.000000	0.333125
384	0.606469	0.058662	0.000067	0.000000	0.001684	0.000000	0.000000	0.000000	0.333118
385	0.606911	0.058558	0.000062	0.000000	0.001675	0.000000	0.000000	0.000000	0.332794
386	0.607334	0.058686	0.000061	0.000000	0.001637	0.000000	0.000000	0.000000	0.332282
387	0.607609	0.058559	0.000053	0.000000	0.001615	0.000000	0.000000	0.000000	0.332164
388	0.608027	0.058434	0.000065	0.000000	0.001654	0.000000	0.000000	0.000000	0.331820
389	0.608320	0.058323	0.000074	0.000000	0.001616	0.000000	0.000000	0.000000	0.331667
390	0.608341	0.058644	0.000067	0.000000	0.001591	0.000000	0.000000	0.000000	0.331357
391	0.608365	0.058822	0.000065	0.000000	0.001571	0.000000	0.000000	0.000000	0.331177
392	0.608418	0.059066	0.000066	0.000000	0.001575	0.000000	0.000000	0.000000	0.330875
393	0.608972	0.058882	0.000054	0.000000	0.001542	0.000000	0.000000	0.000000	0.330550
394	0.609350	0.058658	0.000050	0.000000	0.001523	0.000000	0.000000	0.000000	0.330419
395	0.609681	0.058800	0.000041	0.000000	0.001510	0.000000	0.000000	0.000000	0.329968
396	0.609784	0.058735	0.000056	0.000000	0.001517	0.000000	0.000000	0.000000	0.329908
397	0.610170	0.058625	0.000054	0.000000	0.001512	0.000000	0.000000	0.000000	0.329639
398	0.610346	0.058553	0.000052	0.000000	0.001507	0.000000	0.000000	0.000000	0.329542
399	0.610791	0.058334	0.000056	0.000000	0.001481	0.000000	0.000000	0.000000	0.329338
400	0.611378	0.058225	0.000058	0.000000	0.001453	0.000000	0.000000	0.000000	0.328886
401	0.611280	0.058282	0.000062	0.000000	0.001423	0.000000	0.000000	0.000000	0.328953
402	0.611663	0.058206	0.000061	0.000000	0.001389	0.000000	0.000000	0.000000	0.328681
403	0.612103	0.058262	0.000053	0.000000	0.001352	0.000000	0.000000	0.000000	0.328230
404	0.612381	0.058013	0.000054	0.000000	0.001372	0.000000	0.000000	0.000000	0.328180
405	0.612401	0.058256	0.000049	0.000000	0.001302	0.000000	0.000000	0.000000	0.327992
406	0.613070	0.058114	0.000045	0.000000	0.001303	0.000000	0.000000	0.000000	0.327468
407	0.612957	0.058213	0.000044	0.000000	0.001283	0.000000	0.000000	0.000000	0.327503
408	0.613442	0.057931	0.000053	0.000000	0.001242	0.000000	0.000000	0.000000	0.327332
409	0.613340	0.057987	0.000049	0.000000	0.001260	0.000000	0.000000	0.000000	0.327364
410	0.613665	0.057964	0.000045	0.000000	0.001287	0.000000	0.000000	0.000000	0.327039
411	0.613993	0.058140	0.000051	0.000000	0.001259	0.000000	0.000000	0.000000	0.326557
412	0.614196	0.058184	0.000037	0.000000	0.001244	0.000000	0.000000	0.000000	0.326339
413	0.614509	0.058072	0.000044	0.000000	0.001257	0.000000	0.000000	0.000000	0.326118
414	0.614448	0.057903	0.000046	0.000000	0.001232	0.000000	0.000000	0.000000	0.326371
415	0.614986	0.057849	0.000037	0.000000	0.001214	0.000000	0.000000	0.000000	0.325914
416	0.614929	0.057940	0.000036	0.000000	0.001182	0.000000	0.000000	0.000000	0.325913
417	0.615210	0.057937	0.000042	0.000000	0.001210	0.000000	0.000000	0.000000	0.325601
418	0.615549	0.058172	0.000040	0.000000	0.001177	0.000000	0.000000	0.000000	0.325062
419	0.615905	0.058081	0.000047	0.000000	0.001175	0.000000	0.000000	0.000000	0.324792
420	0.616225	0.058263	0.000043	0.000000	0.001160	0.000000	0.000000	0.000000	0.324309
421	0.616155	0.058397	0.000044	0.000000	0.001143	0.000000	0.000000	0.000000	0.324261
422	0.616239	0.058257	0.000029	0.000000	0.001147	0.000000	0.000000	0.000000	0.324328
423	0.616132	0.058574	0.000033	0.000000	0.001122	0.000000	0.000000	0.000000	0.324139
424	0.616142	0.058579	0.000048	0.000000	0.001082	0.000000	0.000000	0.000000	0.324149
425	0.616168	0.058577	0.000042	0.000000	0.001081	0.000000	0.000000	0.000000	0.324132
426	0.616368	0.058727	0.000035	0.000000	0.001101	0.000000	0.000000	0.000000	0.323769
427	0.616524	0.058489	0.000021	0.000000	0.001045	0.000000	0.000000	0.000000	0.323921
428	0.617083	0.058110	0.000014	0.000000	0.001054	0.000000	0.000000	0.000000	0.323739
429	0.617247	0.058065	0.000014	0.000000	0.001064	0.000000	0.000000	0.000000	0.323610
430	0.617393	0.058014	0.000016	0.000000	0.001053	0.000000	0.000000	0.000000	0.323524
431	0.617124	0.058261	0.000021	0.000000	0.001058	0.000000	0.000000	0.000000	0.323536
432	0.617079	0.058332	0.000014	0.000000	0.001007	0.000000	0.000000	0.000000	0.323568
433	0.617355	0.058511	0.000019	0.000000	0.000967	0.000000	0.000000	0.000000	0.323148
434	0.617547	0.058717	0.000018	0.000000	0.000983	0.000000	0.000000	0.000000	0.322735
435	0.617934	0.058623	0.000020	0.000000	0.000992	0.000000	0.000000	0.000000	0.322431
436	0.618159	0.058426	0.000022	0.000000	0.000968	0.000000	0.000000	0.000000	0.322425
437	0.618421	0.058533	0.000023	0.000000	0.000940	0.000000	0.000000	0.000000	0.322083
438	0.618698	0.058358	0.000025	0.000000	0.000922	0.000000	0.000000	0.000000	0.321997
439	0.619146	0.058417	0.000025	0.000000	0.000909	0.000000	0.000000	0.000000	0.321503
440	0.619155	0.058342	0.000032	0.000000	0.000869	0.000000	0.000000	0.000000	0.321602
441	0.619348	0.058493	0.000021	0.000000	0.000890	0.000000	0.000000	0.000000	0.321248
442	0.619669	0.058219	0.000019	0.000000	0.000883	0.000000	0.000000	0.000000	0.321210
443	0.619711	0.058365	0.000029	0.000000	0.000872	0.000000	0.000000	0.000000	0.321023
444	0.619649	0.058589	0.000025	0.000000	0.000850	0.000000	0.000000	0.000000	0.320887
445	0.619581	0.058779	0.000020	0.000000	0.000846	0.000000	0.000000	0.000000	0.320774
446	0.619391	0.058962	0.000015	0.000000	0.000839	0.000000	0.000000	0.000000	0.320793
447	0.619298	0.058956	0.000012	0.000000	0.000849	0.000000	0.000000	0.000000	0.320885
448	0.619642	0.058893	0.000012	0.000000	0.000812	0.000000	0.000000	0.000000	0.320641
449	0.619231	0.059084	0.000015	0.000000	0.000818	0.000000	0.000000	0.000000	0.320852
450	0.619374	0.059050	0.000015	0.000000	0.000833	0.000000	0.000000	0.000000	0.320728
451	0.619653	0.059016	0.000017	0.000000	0.000834	0.000000	0.000000	0.000000	0.320480
452	0.619284	0.059275	0.000019	0.000000	0.000802	0.000000	0.000000	0.000000	0.320620
453	0.619174	0.059339	0.000021	0.000000	0.000810	0.000000	0.000000	0.000000	0.320656
454	0.619706	0.059271	0.000019	0.000000	0.000797	0.000000	0.000000	0.000000	0.320207
455	0.620127	0.059069	0.000018	0.000000	0.000766	0.000000	0.000000	0.000000	0.320020
456	0.620034	0.059306	0.000018	0.000000	0.000761	0.000000	0.000000	0.000000	0.319881
457	0.619948	0.059482	0.000020	0.000000	0.000790	0.000000	0.000000	0.000000	0.319760
458	0.620119	0.059426	0.000017	0.000000	0.000778	0.000000	0.000000	0.000000	0.319660
459	0.620427	0.059189	0.000012	0.000000	0.000767	0.000000	0.000000	0.000000	0.319605
460	0.620285	0.059458	0.000017	0.000000	0.000742	0.000000	0.000000	0.000000	0.319498
461	0.620268	0.059508	0.000017	0.000000	0.000738	0.000000	0.000000	0.000000	0.319469
462	0.620880	0.059343	0.000014	0.000000	0.000721	0.000000	0.000000	0.000000	0.319042
463	0.620525	0.059555	0.000014	0.000000	0.000711	0.000000	0.000000	0.000000	0.319195
464	0.620830	0.059271	0.000011	0.000000	0.000720	0.000000	0.000000	0.000000	0.319168
465	0.621159	0.059011	0.000012	0.000000	0.000715	0.000000	0.000000	0.000000	0.319103
466	0.620888	0.059247	0.000007	0.000000	0.000705	0.000000	0.000000	0.000000	0.319153
467	0.621193	0.059074	0.000004	0.000000	0.000680	0.000000	0.000000	0.000000	0.319049
468	0.621936	0.058848	0.000002	0.000000	0.000689	0.000000	0.000000	0.000000	0.318525
469	0.621891	0.059065	0.000002	0.000000	0.000696	0.000000	0.000000	0.000000	0.318346
470	0.622255	0.059343	0.000004	0.000000	0.000703	0.000000	0.000000	0.000000	0.317695
