0	0.290663	0.057897	0.229473	0.157588	0.029913	0.111872	0.085455	0.012259	0.024880
1	0.230233	0.047760	0.199319	0.145659	0.029975	0.124450	0.113758	0.021856	0.086990
2	0.229369	0.046697	0.197442	0.146184	0.032181	0.124397	0.109825	0.021202	0.092703
3	0.233920	0.045829	0.197793	0.146706	0.035103	0.122762	0.104063	0.019567	0.094257
4	0.239273	0.045517	0.198049	0.147202	0.037865	0.121324	0.097689	0.017913	0.095168
5	0.244938	0.044784	0.198902	0.147217	0.041163	0.119552	0.091318	0.016395	0.095731
6	0.250288	0.043629	0.199814	0.147512	0.044017	0.117453	0.085901	0.014968	0.096418
7	0.256100	0.042501	0.200020	0.147861	0.047397	0.115170	0.080304	0.013390	0.097257
8	0.262435	0.041286	0.200115	0.147603	0.051135	0.112214	0.075218	0.012141	0.097853
9	0.268242	0.039924	0.200226	0.147422	0.054632	0.109385	0.070719	0.010919	0.098531
10	0.274002	0.038556	0.199685	0.146976	0.058554	0.107245	0.066301	0.009743	0.098938
11	0.279573	0.037450	0.198929	0.146209	0.062743	0.104660	0.061780	0.008912	0.099744
12	0.284732	0.036261	0.199057	0.145159	0.066703	0.101748	0.057746	0.008021	0.100573
13	0.290270	0.034840	0.197835	0.144962	0.071056	0.099041	0.054121	0.007313	0.100562
14	0.294997	0.033385	0.196958	0.144049	0.075352	0.096206	0.051207	0.006748	0.101098
15	0.299868	0.032427	0.195526	0.142668	0.080136	0.093563	0.047977	0.006048	0.101787
16	0.304352	0.031255	0.194687	0.141198	0.084978	0.090658	0.044997	0.005557	0.102318
17	0.307906	0.029837	0.193784	0.140625	0.090060	0.088058	0.042036	0.005098	0.102596
18	0.311702	0.028644	0.192227	0.139300	0.095312	0.085903	0.039482	0.004706	0.102724
19	0.315547	0.027558	0.190431	0.137899	0.100833	0.083234	0.037231	0.004377	0.102890
20	0.318767	0.026296	0.188856	0.136629	0.106429	0.081310	0.034875	0.003915	0.102923
21	0.321918	0.025079	0.187142	0.135431	0.112189	0.079331	0.032572	0.003527	0.102811
22	0.324120	0.023915	0.185327	0.134224	0.118297	0.077508	0.030606	0.003243	0.102760
23	0.327293	0.022785	0.183079	0.132852	0.124399	0.075215	0.028719	0.002986	0.102672
24	0.329325	0.021746	0.180852	0.131368	0.130843	0.073237	0.026995	0.002682	0.102952
25	0.331976	0.020528	0.178437	0.130235	0.137644	0.070929	0.025302	0.002464	0.102485
26	0.333187	0.019727	0.176411	0.129417	0.144306	0.068799	0.023621	0.002216	0.102316
27	0.335354	0.018814	0.173632	0.128531	0.151102	0.066718	0.022466	0.002009	0.101374
28	0.336460	0.017936	0.171515	0.127424	0.158245	0.065045	0.020819	0.001817	0.100739
29	0.338005	0.017171	0.169047	0.126173	0.165530	0.063564	0.019563	0.001665	0.099282
30	0.338031	0.016313	0.166539	0.125308	0.173263	0.062140	0.018264	0.001500	0.098642
31	0.338123	0.015732	0.164364	0.124314	0.180607	0.060383	0.017347	0.001355	0.097775
32	0.338558	0.014963	0.161521	0.123163	0.188562	0.058978	0.016002	0.001259	0.096994
33	0.337662	0.014225	0.158984	0.122592	0.196811	0.057459	0.014928	0.001160	0.096179
34	0.337440	0.013592	0.156041	0.121660	0.205247	0.056057	0.013945	0.001031	0.094987
35	0.336402	0.012807	0.153255	0.120749	0.214319	0.054762	0.012930	0.000925	0.093851
36	0.335067	0.011995	0.150167	0.119999	0.223256	0.053694	0.011957	0.000853	0.093012
37	0.333606	0.011527	0.147892	0.119282	0.232192	0.052331	0.011158	0.000744	0.091268
38	0.332081	0.010988	0.144615	0.118918	0.241106	0.050993	0.010411	0.000662	0.090226
39	0.329654	0.010180	0.141913	0.118325	0.250648	0.050023	0.009666	0.000562	0.089029
40	0.327902	0.009611	0.138860	0.117836	0.260080	0.048949	0.008965	0.000495	0.087302
41	0.325641	0.008973	0.135449	0.117326	0.269769	0.048278	0.008232	0.000445	0.085887
42	0.322577	0.008568	0.132420	0.116670	0.280187	0.047108	0.007626	0.000401	0.084443
43	0.319311	0.008047	0.129363	0.116408	0.290382	0.046026	0.007089	0.000358	0.083016
44	0.316667	0.007574	0.126601	0.115607	0.300325	0.045094	0.006553	0.000330	0.081249
45	0.312876	0.007196	0.123615	0.115090	0.311004	0.044441	0.006096	0.000264	0.079418
46	0.308864	0.006754	0.120573	0.114958	0.321655	0.043848	0.005639	0.000269	0.077440
47	0.304956	0.006379	0.117669	0.115061	0.331782	0.043154	0.005162	0.000239	0.075598
48	0.300903	0.006086	0.114684	0.115082	0.342464	0.042114	0.004801	0.000213	0.073653
49	0.296997	0.005642	0.111442	0.115222	0.352865	0.041616	0.004524	0.000183	0.071509
50	0.292737	0.005347	0.107963	0.115333	0.363569	0.041155	0.004219	0.000177	0.069500
51	0.288288	0.004991	0.104965	0.115570	0.373919	0.040838	0.003911	0.000147	0.067371
52	0.283449	0.004618	0.101605	0.115751	0.385118	0.040342	0.003610	0.000145	0.065362
53	0.278919	0.004277	0.098516	0.115873	0.395908	0.039896	0.003281	0.000140	0.063190
54	0.273513	0.004017	0.095345	0.116107	0.407276	0.039369	0.003041	0.000123	0.061209
55	0.268726	0.003814	0.091565	0.116137	0.418701	0.039179	0.002803	0.000108	0.058967
56	0.263499	0.003565	0.089036	0.116002	0.429390	0.038925	0.002550	0.000100	0.056933
57	0.257927	0.003370	0.086530	0.116207	0.440807	0.038272	0.002224	0.000070	0.054593
58	0.252299	0.003107	0.083599	0.116483	0.451918	0.037988	0.002049	0.000067	0.052490
59	0.246761	0.002883	0.080401	0.116606	0.463182	0.037591	0.001849	0.000053	0.050674
60	0.240693	0.002746	0.077734	0.116906	0.473778	0.037668	0.001692	0.000053	0.048730
61	0.234749	0.002521	0.074458	0.117137	0.485206	0.037406	0.001514	0.000044	0.046965
62	0.229042	0.002305	0.071901	0.117815	0.495290	0.037358	0.001384	0.000034	0.044871
63	0.222646	0.002207	0.069419	0.117785	0.506598	0.037001	0.001268	0.000032	0.043044
64	0.216657	0.002094	0.066600	0.118481	0.517342	0.036791	0.001157	0.000025	0.040853
65	0.210318	0.001842	0.064246	0.118842	0.527900	0.036692	0.001038	0.000018	0.039104
66	0.204028	0.001741	0.061703	0.119372	0.538246	0.036778	0.000949	0.000018	0.037165
67	0.197804	0.001643	0.059038	0.119279	0.549218	0.036704	0.000891	0.000014	0.035409
68	0.191510	0.001482	0.056675	0.119420	0.559620	0.036628	0.000821	0.000015	0.033829
69	0.185345	0.001319	0.054448	0.119922	0.570025	0.036444	0.000710	0.000020	0.031767
70	0.179104	0.001258	0.052195	0.120618	0.579813	0.036073	0.000618	0.000013	0.030308
71	0.172787	0.001213	0.050169	0.120774	0.589296	0.036169	0.000572	0.000009	0.029011
72	0.166424	0.001120	0.047616	0.121091	0.599458	0.036223	0.000517	0.000010	0.027541
73	0.160693	0.001041	0.045622	0.121396	0.608674	0.036049	0.000418	0.000008	0.026099
74	0.154620	0.000991	0.043708	0.121855	0.618004	0.035702	0.000429	0.000009	0.024682
75	0.148680	0.000920	0.041455	0.122551	0.626950	0.035813	0.000369	0.000008	0.023254
76	0.142643	0.000830	0.039516	0.123102	0.635934	0.035690	0.000328	0.000008	0.021949
77	0.136443	0.000747	0.037769	0.123242	0.645200	0.035680	0.000323	0.000007	0.020589
78	0.130591	0.000678	0.035694	0.124051	0.653732	0.035795	0.000268	0.000003	0.019188
79	0.125332	0.000620	0.034154	0.124202	0.662096	0.035379	0.000234	0.000006	0.017977
80	0.120038	0.000540	0.032489	0.124719	0.669501	0.035471	0.000220	0.000005	0.017017
81	0.114928	0.000471	0.030726	0.125120	0.677045	0.035426	0.000210	0.000002	0.016072
82	0.109798	0.000420	0.029202	0.125765	0.684521	0.035255	0.000193	0.000001	0.014845
83	0.104926	0.000367	0.027356	0.126192	0.692012	0.035021	0.000182	0.000000	0.013944
84	0.099831	0.000291	0.025986	0.126639	0.698974	0.035215	0.000166	0.000000	0.012898
85	0.095333	0.000253	0.024504	0.127171	0.705540	0.035038	0.000156	0.000000	0.012005
86	0.090900	0.000190	0.022853	0.127768	0.711774	0.035153	0.000137	0.000000	0.011225
87	0.086349	0.000174	0.021364	0.127697	0.718704	0.035196	0.000116	0.000000	0.010400
88	0.081911	0.000184	0.020344	0.128445	0.724297	0.035199	0.000090	0.000000	0.009530
89	0.077622	0.000177	0.019089	0.128713	0.730895	0.034709	0.000099	0.000000	0.008696
90	0.073566	0.000170	0.018041	0.129215	0.735974	0.034869	0.000091	0.000000	0.008074
91	0.069668	0.000176	0.016766	0.129891	0.741085	0.034893	0.000068	0.000000	0.007453
92	0.065993	0.000154	0.015910	0.130052	0.746336	0.034755	0.000063	0.000000	0.006737
93	0.062488	0.000133	0.014888	0.130703	0.750547	0.035035	0.000055	0.000000	0.006151
94	0.058944	0.000127	0.013993	0.130211	0.756157	0.034928	0.000034	0.000000	0.005606
95	0.055839	0.000116	0.012930	0.129922	0.761157	0.034920	0.000032	0.000000	0.005084
96	0.052740	0.000107	0.012151	0.130123	0.765500	0.034682	0.000030	0.000000	0.004667
97	0.049679	0.000096	0.011405	0.129980	0.769567	0.034937	0.000017	0.000000	0.004319
98	0.047038	0.000103	0.010625	0.130364	0.773162	0.034781	0.000018	0.000000	0.003909
99	0.044132	0.000093	0.010001	0.129998	0.777118	0.035088	0.000013	0.000000	0.003557
100	0.041245	0.000068	0.009316	0.130314	0.780649	0.035127	0.000008	0.000000	0.003273
101	0.038640	0.000065	0.008736	0.130529	0.783946	0.035079	0.000005	0.000000	0.003000
102	0.035997	0.000060	0.008305	0.131036	0.786942	0.034893	0.000007	0.000000	0.002760
103	0.033552	0.000064	0.007768	0.131385	0.789893	0.034843	0.000002	0.000000	0.002493
104	0.031310	0.000062	0.007096	0.131451	0.792840	0.034967	0.000002	0.000000	0.002272
105	0.029291	0.000050	0.006618	0.131637	0.795268	0.035101	0.000001	0.000000	0.002034
106	0.027344	0.000041	0.006141	0.132092	0.797569	0.034966	0.000001	0.000000	0.001846
107	0.025511	0.000033	0.005680	0.132014	0.800138	0.034962	0.000001	0.000000	0.001661
108	0.023805	0.000019	0.005259	0.132301	0.802197	0.034891	0.000001	0.000000	0.001527
109	0.022058	0.000022	0.005017	0.132804	0.803737	0.034972	0.000000	0.000000	0.001390
110	0.020598	0.000025	0.004634	0.132912	0.805787	0.034812	0.000000	0.000000	0.001232
111	0.018968	0.000017	0.004361	0.133154	0.807675	0.034708	0.000000	0.000000	0.001117
112	0.017601	0.000017	0.004058	0.133331	0.809175	0.034849	0.000000	0.000000	0.000969
113	0.016294	0.000012	0.003800	0.133363	0.810892	0.034794	0.000000	0.000000	0.000845
114	0.015044	0.000011	0.003470	0.133546	0.812401	0.034767	0.000000	0.000000	0.000761
115	0.013987	0.000014	0.003205	0.133900	0.813341	0.034864	0.000000	0.000000	0.000689
116	0.012859	0.000013	0.003084	0.133903	0.814929	0.034569	0.000000	0.000000	0.000643
117	0.011861	0.000012	0.002803	0.133962	0.816210	0.034585	0.000000	0.000000	0.000567
118	0.010911	0.000011	0.002531	0.133703	0.817773	0.034550	0.000000	0.000000	0.000521
119	0.010044	0.000008	0.002370	0.133746	0.818925	0.034434	0.000000	0.000000	0.000473
120	0.009210	0.000003	0.002210	0.133539	0.820114	0.034483	0.000000	0.000000	0.000441
121	0.008606	0.000003	0.001982	0.133290	0.821323	0.034386	0.000000	0.000000	0.000410
122	0.008002	0.000005	0.001831	0.133022	0.822507	0.034266	0.000000	0.000000	0.000367
123	0.007433	0.000003	0.001689	0.132798	0.823320	0.034402	0.000000	0.000000	0.000355
124	0.006953	0.000006	0.001509	0.132632	0.824398	0.034195	0.000000	0.000000	0.000307
125	0.006386	0.000008	0.001391	0.132455	0.825205	0.034279	0.000000	0.000000	0.000276
126	0.005882	0.000003	0.001240	0.132667	0.825531	0.034416	0.000000	0.000000	0.000261
127	0.005490	0.000004	0.001137	0.132735	0.825916	0.034457	0.000000	0.000000	0.000261
128	0.005014	0.000005	0.001070	0.132598	0.826845	0.034213	0.000000	0.000000	0.000255
129	0.004531	0.000006	0.000949	0.132866	0.827308	0.034157	0.000000	0.000000	0.000183
130	0.004241	0.000007	0.000856	0.133237	0.827395	0.034085	0.000000	0.000000	0.000179
131	0.003953	0.000005	0.000744	0.133028	0.828119	0.034004	0.000000	0.000000	0.000147
132	0.003627	0.000004	0.000641	0.133033	0.828526	0.034049	0.000000	0.000000	0.000120
133	0.003333	0.000007	0.000599	0.133207	0.828915	0.033823	0.000000	0.000000	0.000116
134	0.003005	0.000004	0.000528	0.133264	0.829101	0.033999	0.000000	0.000000	0.000099
135	0.002755	0.000007	0.000480	0.133728	0.828705	0.034251	0.000000	0.000000	0.000074
136	0.002523	0.000009	0.000439	0.134092	0.828548	0.034323	0.000000	0.000000	0.000066
137	0.002340	0.000010	0.000423	0.133964	0.829046	0.034164	0.000000	0.000000	0.000053
138	0.002156	0.000007	0.000408	0.133500	0.829773	0.034108	0.000000	0.000000	0.000048
139	0.001998	0.000005	0.000364	0.133171	0.830253	0.034185	0.000000	0.000000	0.000024
140	0.001879	0.000003	0.000341	0.133482	0.829963	0.034300	0.000000	0.000000	0.000032
141	0.001769	0.000002	0.000313	0.134183	0.829507	0.034198	0.000000	0.000000	0.000028
142	0.001617	0.000001	0.000279	0.134390	0.829339	0.034339	0.000000	0.000000	0.000035
143	0.001516	0.000000	0.000262	0.134426	0.829523	0.034243	0.000000	0.000000	0.000030
144	0.001374	0.000000	0.000204	0.134921	0.829089	0.034385	0.000000	0.000000	0.000027
145	0.001247	0.000000	0.000174	0.134446	0.829672	0.034440	0.000000	0.000000	0.000021
146	0.001174	0.000000	0.000165	0.134655	0.829581	0.034400	0.000000	0.000000	0.000025
147	0.001045	0.000000	0.000148	0.135198	0.829216	0.034368	0.000000	0.000000	0.000025
148	0.001005	0.000000	0.000149	0.135031	0.829260	0.034531	0.000000	0.000000	0.000024
149	0.000920	0.000000	0.000149	0.135113	0.829283	0.034512	0.000000	0.000000	0.000023
150	0.000869	0.000000	0.000124	0.134992	0.829700	0.034294	0.000000	0.000000	0.000021
151	0.000793	0.000000	0.000122	0.135134	0.829621	0.034317	0.000000	0.000000	0.000013
152	0.000750	0.000000	0.000099	0.134709	0.830054	0.034373	0.000000	0.000000	0.000015
153	0.000734	0.000000	0.000091	0.134851	0.829808	0.034505	0.000000	0.000000	0.000011
154	0.000727	0.000000	0.000094	0.134347	0.830287	0.034533	0.000000	0.000000	0.000012
155	0.000680	0.000000	0.000071	0.134223	0.830775	0.034242	0.000000	0.000000	0.000009
156	0.000616	0.000000	0.000065	0.134204	0.830797	0.034306	0.000000	0.000000	0.000012
157	0.000573	0.000000	0.000053	0.134828	0.830345	0.034193	0.000000	0.000000	0.000008
158	0.000519	0.000000	0.000045	0.134815	0.830492	0.034119	0.000000	0.000000	0.000010
159	0.000478	0.000000	0.000028	0.134730	0.830642	0.034110	0.000000	0.000000	0.000012
160	0.000459	0.000000	0.000028	0.134638	0.830885	0.033975	0.000000	0.000000	0.000015
161	0.000471	0.000000	0.000030	0.134666	0.830684	0.034140	0.000000	0.000000	0.000009
162	0.000468	0.000000	0.000028	0.134265	0.831123	0.034105	0.000000	0.000000	0.000011
163	0.000452	0.000000	0.000029	0.134001	0.831286	0.034224	0.000000	0.000000	0.000008
164	0.000423	0.000000	0.000026	0.134122	0.831287	0.034134	0.000000	0.000000	0.000008
165	0.000386	0.000000	0.000017	0.134110	0.831449	0.034030	0.000000	0.000000	0.000008
166	0.000364	0.000000	0.000009	0.133847	0.831743	0.034031	0.000000	0.000000	0.000006
167	0.000323	0.000000	0.000010	0.133850	0.831538	0.034275	0.000000	0.000000	0.000004
168	0.000313	0.000000	0.000010	0.133780	0.831487	0.034406	0.000000	0.000000	0.000004
169	0.000288	0.000000	0.000006	0.133640	0.831793	0.034271	0.000000	0.000000	0.000002
170	0.000245	0.000000	0.000002	0.133536	0.831864	0.034348	0.000000	0.000000	0.000005
171	0.000236	0.000000	0.000002	0.133186	0.832162	0.034408	0.000000	0.000000	0.000006
172	0.000225	0.000000	0.000003	0.133099	0.832263	0.034403	0.000000	0.000000	0.000007
173	0.000205	0.000000	0.000002	0.133037	0.832298	0.034448	0.000000	0.000000	0.000010
174	0.000217	0.000000	0.000000	0.133266	0.832160	0.034342	0.000000	0.000000	0.000015
175	0.000208	0.000000	0.000000	0.133026	0.832098	0.034653	0.000000	0.000000	0.000015
176	0.000204	0.000000	0.000000	0.132931	0.832208	0.034648	0.000000	0.000000	0.000009
177	0.000190	0.000000	0.000000	0.132801	0.832583	0.034418	0.000000	0.000000	0.000008
178	0.000180	0.000000	0.000000	0.132612	0.832760	0.034442	0.000000	0.000000	0.000006
179	0.000140	0.000000	0.000000	0.132747	0.832350	0.034756	0.000000	0.000000	0.000007
180	0.000138	0.000000	0.000000	0.132694	0.832348	0.034815	0.000000	0.000000	0.000005
181	0.000122	0.000000	0.000000	0.132295	0.832808	0.034772	0.000000	0.000000	0.000003
182	0.000106	0.000000	0.000000	0.132514	0.832832	0.034545	0.000000	0.000000	0.000003
183	0.000082	0.000000	0.000000	0.132521	0.832910	0.034483	0.000000	0.000000	0.000004
184	0.000077	0.000000	0.000000	0.132607	0.832750	0.034564	0.000000	0.000000	0.000002
185	0.000059	0.000000	0.000000	0.132005	0.833372	0.034564	0.000000	0.000000	0.000000
186	0.000041	0.000000	0.000000	0.131858	0.833348	0.034753	0.000000	0.000000	0.000000
187	0.000034	0.000000	0.000000	0.131625	0.833527	0.034814	0.000000	0.000000	0.000000
188	0.000034	0.000000	0.000000	0.131550	0.833596	0.034820	0.000000	0.000000	0.000000
189	0.000031	0.000000	0.000000	0.131187	0.834015	0.034767	0.000000	0.000000	0.000000
190	0.000034	0.000000	0.000000	0.131461	0.833764	0.034741	0.000000	0.000000	0.000000
191	0.000029	0.000000	0.000000	0.131172	0.834050	0.034749	0.000000	0.000000	0.000000
192	0.000028	0.000000	0.000000	0.131591	0.833602	0.034779	0.000000	0.000000	0.000000
193	0.000020	0.000000	0.000000	0.131355	0.833938	0.034687	0.000000	0.000000	0.000000
194	0.000025	0.000000	0.000000	0.131666	0.833635	0.034674	0.000000	0.000000	0.000000
195	0.000019	0.000000	0.000000	0.131624	0.833575	0.034782	0.000000	0.000000	0.000000
196	0.000023	0.000000	0.000000	0.131753	0.833549	0.034675	0.000000	0.000000	0.000000
197	0.000025	0.000000	0.000000	0.131651	0.833631	0.034693	0.000000	0.000000	0.000000
198	0.000020	0.000000	0.000000	0.131570	0.833841	0.034569	0.000000	0.000000	0.000000
199	0.000018	0.000000	0.000000	0.131941	0.833285	0.034756	0.000000	0.000000	0.000000
200	0.000017	0.000000	0.000000	0.131694	0.833367	0.034922	0.000000	0.000000	0.000000
201	0.000014	0.000000	0.000000	0.131584	0.833503	0.034899	0.000000	0.000000	0.000000
202	0.000018	0.000000	0.000000	0.131131	0.833607	0.035244	0.000000	0.000000	0.000000
203	0.000014	0.000000	0.000000	0.131194	0.833724	0.035068	0.000000	0.000000	0.000000
204	0.000008	0.000000	0.000000	0.131711	0.833039	0.035242	0.000000	0.000000	0.000000
205	0.000006	0.000000	0.000000	0.131850	0.832959	0.035185	0.000000	0.000000	0.000000
206	0.000007	0.000000	0.000000	0.131794	0.832943	0.035256	0.000000	0.000000	0.000000
207	0.000002	0.000000	0.000000	0.131627	0.833426	0.034945	0.000000	0.000000	0.000000
208	0.000001	0.000000	0.000000	0.131626	0.833244	0.035129	0.000000	0.000000	0.000000
209	0.000001	0.000000	0.000000	0.131923	0.833047	0.035029	0.000000	0.000000	0.000000
210	0.000002	0.000000	0.000000	0.131338	0.833696	0.034964	0.000000	0.000000	0.000000
211	0.000003	0.000000	0.000000	0.131481	0.833694	0.034822	0.000000	0.000000	0.000000
212	0.000002	0.000000	0.000000	0.130611	0.834415	0.034972	0.000000	0.000000	0.000000
213	0.000004	0.000000	0.000000	0.130399	0.834538	0.035059	0.000000	0.000000	0.000000
214	0.000003	0.000000	0.000000	0.130320	0.834602	0.035075	0.000000	0.000000	0.000000
215	0.000001	0.000000	0.000000	0.130176	0.834969	0.034854	0.000000	0.000000	0.000000
216	0.000001	0.000000	0.000000	0.130140	0.834824	0.035035	0.000000	0.000000	0.000000
217	0.000001	0.000000	0.000000	0.130166	0.834981	0.034852	0.000000	0.000000	0.000000
218	0.000000	0.000000	0.000000	0.130267	0.834738	0.034995	0.000000	0.000000	0.000000
219	0.000000	0.000000	0.000000	0.130135	0.835030	0.034835	0.000000	0.000000	0.000000
220	0.000000	0.000000	0.000000	0.129983	0.835191	0.034826	0.000000	0.000000	0.000000
221	0.000000	0.000000	0.000000	0.129832	0.835511	0.034657	0.000000	0.000000	0.000000
222	0.000000	0.000000	0.000000	0.130119	0.835049	0.034832	0.000000	0.000000	0.000000
223	0.000000	0.000000	0.000000	0.130084	0.835099	0.034817	0.000000	0.000000	0.000000
224	0.000000	0.000000	0.000000	0.129988	0.835314	0.034698	0.000000	0.000000	0.000000
225	0.000000	0.000000	0.000000	0.129766	0.835411	0.034823	0.000000	0.000000	0.000000
226	0.000000	0.000000	0.000000	0.129763	0.835656	0.034581	0.000000	0.000000	0.000000
227	0.000000	0.000000	0.000000	0.129510	0.835710	0.034780	0.000000	0.000000	0.000000
228	0.000000	0.000000	0.000000	0.129644	0.835847	0.034509	0.000000	0.000000	0.000000
229	0.000000	0.000000	0.000000	0.129702	0.835460	0.034838	0.000000	0.000000	0.000000
230	0.000000	0.000000	0.000000	0.129684	0.835721	0.034595	0.000000	0.000000	0.000000
231	0.000000	0.000000	0.000000	0.129656	0.835737	0.034607	0.000000	0.000000	0.000000
232	0.000000	0.000000	0.000000	0.129706	0.835959	0.034335	0.000000	0.000000	0.000000
233	0.000000	0.000000	0.000000	0.129683	0.835776	0.034541	0.000000	0.000000	0.000000
234	0.000000	0.000000	0.000000	0.129422	0.836016	0.034562	0.000000	0.000000	0.000000
235	0.000000	0.000000	0.000000	0.129480	0.835817	0.034703	0.000000	0.000000	0.000000
236	0.000000	0.000000	0.000000	0.129296	0.836139	0.034565	0.000000	0.000000	0.000000
237	0.000000	0.000000	0.000000	0.129465	0.836034	0.034501	0.000000	0.000000	0.000000
238	0.000000	0.000000	0.000000	0.129381	0.836124	0.034495	0.000000	0.000000	0.000000
239	0.000000	0.000000	0.000000	0.129058	0.836333	0.034609	0.000000	0.000000	0.000000
240	0.000000	0.000000	0.000000	0.129111	0.836212	0.034677	0.000000	0.000000	0.000000
241	0.000000	0.000000	0.000000	0.129100	0.836102	0.034798	0.000000	0.000000	0.000000
242	0.000000	0.000000	0.000000	0.128839	0.836432	0.034729	0.000000	0.000000	0.000000
243	0.000000	0.000000	0.000000	0.128610	0.836977	0.034413	0.000000	0.000000	0.000000
244	0.000000	0.000000	0.000000	0.128675	0.836921	0.034404	0.000000	0.000000	0.000000
245	0.000000	0.000000	0.000000	0.128994	0.836953	0.034053	0.000000	0.000000	0.000000
246	0.000000	0.000000	0.000000	0.129223	0.836304	0.034473	0.000000	0.000000	0.000000
247	0.000000	0.000000	0.000000	0.128995	0.836527	0.034478	0.000000	0.000000	0.000000
248	0.000000	0.000000	0.000000	0.128943	0.836309	0.034748	0.000000	0.000000	0.000000
249	0.000000	0.000000	0.000000	0.129003	0.836462	0.034535	0.000000	0.000000	0.000000
250	0.000000	0.000000	0.000000	0.128842	0.836805	0.034353	0.000000	0.000000	0.000000
251	0.000000	0.000000	0.000000	0.128978	0.836699	0.034323	0.000000	0.000000	0.000000
252	0.000000	0.000000	0.000000	0.128901	0.836843	0.034256	0.000000	0.000000	0.000000
253	0.000000	0.000000	0.000000	0.129086	0.836665	0.034249	0.000000	0.000000	0.000000
254	0.000000	0.000000	0.000000	0.129071	0.836755	0.034174	0.000000	0.000000	0.000000
255	0.000000	0.000000	0.000000	0.128850	0.837011	0.034139	0.000000	0.000000	0.000000
256	0.000000	0.000000	0.000000	0.128790	0.837120	0.034090	0.000000	0.000000	0.000000
257	0.000000	0.000000	0.000000	0.128827	0.837032	0.034141	0.000000	0.000000	0.000000
258	0.000000	0.000000	0.000000	0.128728	0.837221	0.034051	0.000000	0.000000	0.000000
259	0.000000	0.000000	0.000000	0.128688	0.837155	0.034157	0.000000	0.000000	0.000000
260	0.000000	0.000000	0.000000	0.128660	0.837176	0.034164	0.000000	0.000000	0.000000
261	0.000000	0.000000	0.000000	0.129099	0.836704	0.034197	0.000000	0.000000	0.000000
262	0.000000	0.000000	0.000000	0.129220	0.836211	0.034569	0.000000	0.000000	0.000000
263	0.000000	0.000000	0.000000	0.129360	0.836212	0.034428	0.000000	0.000000	0.000000
264	0.000000	0.000000	0.000000	0.129373	0.836400	0.034227	0.000000	0.000000	0.000000
265	0.000000	0.000000	0.000000	0.129171	0.836673	0.034156	0.000000	0.000000	0.000000
266	0.000000	0.000000	0.000000	0.128998	0.836678	0.034324	0.000000	0.000000	0.000000
267	0.000000	0.000000	0.000000	0.129275	0.836448	0.034277	0.000000	0.000000	0.000000
268	0.000000	0.000000	0.000000	0.129392	0.835995	0.034613	0.000000	0.000000	0.000000
269	0.000000	0.000000	0.000000	0.129487	0.835828	0.034685	0.000000	0.000000	0.000000
270	0.000000	0.000000	0.000000	0.129511	0.835892	0.034597	0.000000	0.000000	0.000000
271	0.000000	0.000000	0.000000	0.129855	0.835610	0.034535	0.000000	0.000000	0.000000
272	0.000000	0.000000	0.000000	0.129601	0.835887	0.034512	0.000000	0.000000	0.000000
273	0.000000	0.000000	0.000000	0.129592	0.835600	0.034808	0.000000	0.000000	0.000000
274	0.000000	0.000000	0.000000	0.129544	0.835534	0.034922	0.000000	0.000000	0.000000
275	0.000000	0.000000	0.000000	0.129601	0.835778	0.034621	0.000000	0.000000	0.000000
276	0.000000	0.000000	0.000000	0.129587	0.835804	0.034609	0.000000	0.000000	0.000000
277	0.000000	0.000000	0.000000	0.129379	0.835680	0.034941	0.000000	0.000000	0.000000
278	0.000000	0.000000	0.000000	0.128797	0.836184	0.035019	0.000000	0.000000	0.000000
279	0.000000	0.000000	0.000000	0.129108	0.836050	0.034842	0.000000	0.000000	0.000000
280	0.000000	0.000000	0.000000	0.129161	0.835801	0.035038	0.000000	0.000000	0.000000
281	0.000000	0.000000	0.000000	0.129240	0.835779	0.034981	0.000000	0.000000	0.000000
282	0.000000	0.000000	0.000000	0.129365	0.835834	0.034801	0.000000	0.000000	0.000000
283	0.000000	0.000000	0.000000	0.129153	0.836177	0.034670	0.000000	0.000000	0.000000
284	0.000000	0.000000	0.000000	0.129210	0.836046	0.034744	0.000000	0.000000	0.000000
285	0.000000	0.000000	0.000000	0.128732	0.836633	0.034635	0.000000	0.000000	0.000000
286	0.000000	0.000000	0.000000	0.129052	0.836359	0.034589	0.000000	0.000000	0.000000
287	0.000000	0.000000	0.000000	0.128589	0.836790	0.034621	0.000000	0.000000	0.000000
288	0.000000	0.000000	0.000000	0.128446	0.837193	0.034361	0.000000	0.000000	0.000000
289	0.000000	0.000000	0.000000	0.128605	0.836911	0.034484	0.000000	0.000000	0.000000
290	0.000000	0.000000	0.000000	0.128159	0.837378	0.034463	0.000000	0.000000	0.000000
291	0.000000	0.000000	0.000000	0.128151	0.837590	0.034259	0.000000	0.000000	0.000000
292	0.000000	0.000000	0.000000	0.127997	0.837994	0.034009	0.000000	0.000000	0.000000
293	0.000000	0.000000	0.000000	0.128019	0.837625	0.034356	0.000000	0.000000	0.000000
294	0.000000	0.000000	0.000000	0.128184	0.837336	0.034480	0.000000	0.000000	0.000000
295	0.000000	0.000000	0.000000	0.127720	0.837824	0.034456	0.000000	0.000000	0.000000
296	0.000000	0.000000	0.000000	0.127515	0.837922	0.034563	0.000000	0.000000	0.000000
297	0.000000	0.000000	0.000000	0.127753	0.837803	0.034444	0.000000	0.000000	0.000000
298	0.000000	0.000000	0.000000	0.128203	0.837255	0.034542	0.000000	0.000000	0.000000
299	0.000000	0.000000	0.000000	0.128065	0.837492	0.034443	0.000000	0.000000	0.000000
300	0.000000	0.000000	0.000000	0.128230	0.837350	0.034420	0.000000	0.000000	0.000000
301	0.000000	0.000000	0.000000	0.128689	0.837309	0.034002	0.000000	0.000000	0.000000
302	0.000000	0.000000	0.000000	0.128801	0.837131	0.034068	0.000000	0.000000	0.000000
303	0.000000	0.000000	0.000000	0.128335	0.837518	0.034147	0.000000	0.000000	0.000000
304	0.000000	0.000000	0.000000	0.128189	0.837677	0.034134	0.000000	0.000000	0.000000
305	0.000000	0.000000	0.000000	0.127846	0.837913	0.034241	0.000000	0.000000	0.000000
306	0.000000	0.000000	0.000000	0.127650	0.838042	0.034308	0.000000	0.000000	0.000000
307	0.000000	0.000000	0.000000	0.127669	0.837988	0.034343	0.000000	0.000000	0.000000
308	0.000000	0.000000	0.000000	0.127980	0.837476	0.034544	0.000000	0.000000	0.000000
309	0.000000	0.000000	0.000000	0.127695	0.837601	0.034704	0.000000	0.000000	0.000000
310	0.000000	0.000000	0.000000	0.127442	0.837755	0.034803	0.000000	0.000000	0.000000
311	0.000000	0.000000	0.000000	0.127239	0.837895	0.034866	0.000000	0.000000	0.000000
312	0.000000	0.000000	0.000000	0.127349	0.837624	0.035027	0.000000	0.000000	0.000000
313	0.000000	0.000000	0.000000	0.127174	0.837862	0.034964	0.000000	0.000000	0.000000
314	0.000000	0.000000	0.000000	0.127190	0.837812	0.034998	0.000000	0.000000	0.000000
315	0.000000	0.000000	0.000000	0.127356	0.837513	0.035131	0.000000	0.000000	0.000000
316	0.000000	0.000000	0.000000	0.127443	0.837612	0.034945	0.000000	0.000000	0.000000
317	0.000000	0.000000	0.000000	0.127846	0.837150	0.035004	0.000000	0.000000	0.000000
318	0.000000	0.000000	0.000000	0.127836	0.837255	0.034909	0.000000	0.000000	0.000000
319	0.000000	0.000000	0.000000	0.127537	0.837478	0.034985	0.000000	0.000000	0.000000
320	0.000000	0.000000	0.000000	0.127762	0.836935	0.035303	0.000000	0.000000	0.000000
321	0.000000	0.000000	0.000000	0.127719	0.836979	0.035302	0.000000	0.000000	0.000000
322	0.000000	0.000000	0.000000	0.127621	0.837120	0.035259	0.000000	0.000000	0.000000
323	0.000000	0.000000	0.000000	0.127696	0.836972	0.035332	0.000000	0.000000	0.000000
324	0.000000	0.000000	0.000000	0.127439	0.837052	0.035509	0.000000	0.000000	0.000000
325	0.000000	0.000000	0.000000	0.127145	0.837153	0.035702	0.000000	0.000000	0.000000
326	0.000000	0.000000	0.000000	0.127095	0.837218	0.035687	0.000000	0.000000	0.000000
327	0.000000	0.000000	0.000000	0.126941	0.837091	0.035968	0.000000	0.000000	0.000000
328	0.000000	0.000000	0.000000	0.126530	0.837651	0.035819	0.000000	0.000000	0.000000
329	0.000000	0.000000	0.000000	0.126288	0.837984	0.035728	0.000000	0.000000	0.000000
330	0.000000	0.000000	0.000000	0.126419	0.837908	0.035673	0.000000	0.000000	0.000000
331	0.000000	0.000000	0.000000	0.126412	0.837985	0.035603	0.000000	0.000000	0.000000
332	0.000000	0.000000	0.000000	0.126558	0.837907	0.035535	0.000000	0.000000	0.000000
333	0.000000	0.000000	0.000000	0.126632	0.837801	0.035567	0.000000	0.000000	0.000000
334	0.000000	0.000000	0.000000	0.126490	0.837972	0.035538	0.000000	0.000000	0.000000
335	0.000000	0.000000	0.000000	0.126646	0.837954	0.035400	0.000000	0.000000	0.000000
336	0.000000	0.000000	0.000000	0.126806	0.837769	0.035425	0.000000	0.000000	0.000000
337	0.000000	0.000000	0.000000	0.126698	0.837745	0.035557	0.000000	0.000000	0.000000
338	0.000000	0.000000	0.000000	0.126388	0.838000	0.035612	0.000000	0.000000	0.000000
339	0.000000	0.000000	0.000000	0.126468	0.837819	0.035713	0.000000	0.000000	0.000000
340	0.000000	0.000000	0.000000	0.126419	0.838187	0.035394	0.000000	0.000000	0.000000
341	0.000000	0.000000	0.000000	0.126511	0.838172	0.035317	0.000000	0.000000	0.000000
342	0.000000	0.000000	0.000000	0.126380	0.838273	0.035347	0.000000	0.000000	0.000000
343	0.000000	0.000000	0.000000	0.126723	0.837960	0.035317	0.000000	0.000000	0.000000
344	0.000000	0.000000	0.000000	0.126986	0.837620	0.035394	0.000000	0.000000	0.000000
345	0.000000	0.000000	0.000000	0.126892	0.837479	0.035629	0.000000	0.000000	0.000000
346	0.000000	0.000000	0.000000	0.126840	0.837397	0.035763	0.000000	0.000000	0.000000
347	0.000000	0.000000	0.000000	0.127419	0.836723	0.035858	0.000000	0.000000	0.000000
348	0.000000	0.000000	0.000000	0.127472	0.836825	0.035703	0.000000	0.000000	0.000000
349	0.000000	0.000000	0.000000	0.128007	0.836113	0.035880	0.000000	0.000000	0.000000
350	0.000000	0.000000	0.000000	0.128157	0.835925	0.035918	0.000000	0.000000	0.000000
351	0.000000	0.000000	0.000000	0.127945	0.836023	0.036032	0.000000	0.000000	0.000000
352	0.000000	0.000000	0.000000	0.128075	0.835848	0.036077	0.000000	0.000000	0.000000
353	0.000000	0.000000	0.000000	0.127967	0.836004	0.036029	0.000000	0.000000	0.000000
354	0.000000	0.000000	0.000000	0.127885	0.836244	0.035871	0.000000	0.000000	0.000000
355	0.000000	0.000000	0.000000	0.127560	0.836478	0.035962	0.000000	0.000000	0.000000
356	0.000000	0.000000	0.000000	0.127281	0.836811	0.035908	0.000000	0.000000	0.000000
357	0.000000	0.000000	0.000000	0.127263	0.836927	0.035810	0.000000	0.000000	0.000000
358	0.000000	0.000000	0.000000	0.127108	0.836895	0.035997	0.000000	0.000000	0.000000
359	0.000000	0.000000	0.000000	0.127236	0.836878	0.035886	0.000000	0.000000	0.000000
360	0.000000	0.000000	0.000000	0.127377	0.836572	0.036051	0.000000	0.000000	0.000000
361	0.000000	0.000000	0.000000	0.127462	0.836681	0.035857	0.000000	0.000000	0.000000
362	0.000000	0.000000	0.000000	0.127563	0.836563	0.035874	0.000000	0.000000	0.000000
363	0.000000	0.000000	0.000000	0.127842	0.836520	0.035638	0.000000	0.000000	0.000000
364	0.000000	0.000000	0.000000	0.127482	0.836969	0.035549	0.000000	0.000000	0.000000
365	0.000000	0.000000	0.000000	0.127704	0.836937	0.035359	0.000000	0.000000	0.000000
366	0.000000	0.000000	0.000000	0.127781	0.836973	0.035246	0.000000	0.000000	0.000000
367	0.000000	0.000000	0.000000	0.128006	0.836584	0.035410	0.000000	0.000000	0.000000
368	0.000000	0.000000	0.000000	0.128299	0.836089	0.035612	0.000000	0.000000	0.000000
369	0.000000	0.000000	0.000000	0.128152	0.836492	0.035356	0.000000	0.000000	0.000000
370	0.000000	0.000000	0.000000	0.128328	0.836230	0.035442	0.000000	0.000000	0.000000
371	0.000000	0.000000	0.000000	0.128239	0.836302	0.035459	0.000000	0.000000	0.000000
372	0.000000	0.000000	0.000000	0.128192	0.836492	0.035316	0.000000	0.000000	0.000000
373	0.000000	0.000000	0.000000	0.128482	0.836373	0.035145	0.000000	0.000000	0.000000
374	0.000000	0.000000	0.000000	0.128320	0.836578	0.035102	0.000000	0.000000	0.000000
375	0.000000	0.000000	0.000000	0.128432	0.836257	0.035311	0.000000	0.000000	0.000000
376	0.000000	0.000000	0.000000	0.128648	0.836032	0.035320	0.000000	0.000000	0.000000
377	0.000000	0.000000	0.000000	0.128524	0.836188	0.035288	0.000000	0.000000	0.000000
378	0.000000	0.000000	0.000000	0.128674	0.835964	0.035362	0.000000	0.000000	0.000000
379	0.000000	0.000000	0.000000	0.128830	0.835859	0.035311	0.000000	0.000000	0.000000
380	0.000000	0.000000	0.000000	0.128727	0.836095	0.035178	0.000000	0.000000	0.000000
381	0.000000	0.000000	0.000000	0.128580	0.836280	0.035140	0.000000	0.000000	0.000000
382	0.000000	0.000000	0.000000	0.128381	0.836316	0.035303	0.000000	0.000000	0.000000
383	0.000000	0.000000	0.000000	0.128407	0.836106	0.035487	0.000000	0.000000	0.000000
384	0.000000	0.000000	0.000000	0.128360	0.836222	0.035418	0.000000	0.000000	0.000000
385	0.000000	0.000000	0.000000	0.128101	0.836313	0.035586	0.000000	0.000000	0.000000
386	0.000000	0.000000	0.000000	0.128299	0.836197	0.035504	0.000000	0.000000	0.000000
387	0.000000	0.000000	0.000000	0.128219	0.836252	0.035529	0.000000	0.000000	0.000000
388	0.000000	0.000000	0.000000	0.127911	0.836394	0.035695	0.000000	0.000000	0.000000
389	0.000000	0.000000	0.000000	0.127967	0.836451	0.035582	0.000000	0.000000	0.000000
390	0.000000	0.000000	0.000000	0.127814	0.836532	0.035654	0.000000	0.000000	0.000000
391	0.000000	0.000000	0.000000	0.127784	0.836653	0.035563	0.000000	0.000000	0.000000
392	0.000000	0.000000	0.000000	0.127523	0.837111	0.035366	0.000000	0.000000	0.000000
393	0.000000	0.000000	0.000000	0.127331	0.837158	0.035511	0.000000	0.000000	0.000000
394	0.000000	0.000000	0.000000	0.127693	0.836980	0.035327	0.000000	0.000000	0.000000
395	0.000000	0.000000	0.000000	0.127559	0.837191	0.035250	0.000000	0.000000	0.000000
396	0.000000	0.000000	0.000000	0.127222	0.837548	0.035230	0.000000	0.000000	0.000000
397	0.000000	0.000000	0.000000	0.127498	0.837128	0.035374	0.000000	0.000000	0.000000
398	0.000000	0.000000	0.000000	0.127540	0.837233	0.035227	0.000000	0.000000	0.000000
399	0.000000	0.000000	0.000000	0.127394	0.837363	0.035243	0.000000	0.000000	0.000000
400	0.000000	0.000000	0.000000	0.127166	0.837562	0.035272	0.000000	0.000000	0.000000
401	0.000000	0.000000	0.000000	0.126915	0.838022	0.035063	0.000000	0.000000	0.000000
402	0.000000	0.000000	0.000000	0.127046	0.837760	0.035194	0.000000	0.000000	0.000000
403	0.000000	0.000000	0.000000	0.127906	0.836842	0.035252	0.000000	0.000000	0.000000
404	0.000000	0.000000	0.000000	0.127983	0.836736	0.035281	0.000000	0.000000	0.000000
405	0.000000	0.000000	0.000000	0.128006	0.836693	0.035301	0.000000	0.000000	0.000000
406	0.000000	0.000000	0.000000	0.128280	0.836548	0.035172	0.000000	0.000000	0.000000
407	0.000000	0.000000	0.000000	0.128107	0.836935	0.034958	0.000000	0.000000	0.000000
408	0.000000	0.000000	0.000000	0.127912	0.837008	0.035080	0.000000	0.000000	0.000000
409	0.000000	0.000000	0.000000	0.127848	0.836975	0.035177	0.000000	0.000000	0.000000
410	0.000000	0.000000	0.000000	0.128119	0.836856	0.035025	0.000000	0.000000	0.000000
411	0.000000	0.000000	0.000000	0.128356	0.836602	0.035042	0.000000	0.000000	0.000000
412	0.000000	0.000000	0.000000	0.128033	0.837065	0.034902	0.000000	0.000000	0.000000
413	0.000000	0.000000	0.000000	0.128208	0.836962	0.034830	0.000000	0.000000	0.000000
414	0.000000	0.000000	0.000000	0.128203	0.836818	0.034979	0.000000	0.000000	0.000000
415	0.000000	0.000000	0.000000	0.128333	0.836606	0.035061	0.000000	0.000000	0.000000
416	0.000000	0.000000	0.000000	0.128186	0.836735	0.035079	0.000000	0.000000	0.000000
417	0.000000	0.000000	0.000000	0.128029	0.836796	0.035175	0.000000	0.000000	0.000000
418	0.000000	0.000000	0.000000	0.128049	0.836619	0.035332	0.000000	0.000000	0.000000
419	0.000000	0.000000	0.000000	0.127933	0.836854	0.035213	0.000000	0.000000	0.000000
420	0.000000	0.000000	0.000000	0.127661	0.836974	0.035365	0.000000	0.000000	0.000000
421	0.000000	0.000000	0.000000	0.127619	0.836954	0.035427	0.000000	0.000000	0.000000
422	0.000000	0.000000	0.000000	0.127336	0.837243	0.035421	0.000000	0.000000	0.000000
423	0.000000	0.000000	0.000000	0.127505	0.836831	0.035664	0.000000	0.000000	0.000000
424	0.000000	0.000000	0.000000	0.127433	0.836977	0.035590	0.000000	0.000000	0.000000
425	0.000000	0.000000	0.000000	0.127350	0.837109	0.035541	0.000000	0.000000	0.000000
426	0.000000	0.000000	0.000000	0.127194	0.837301	0.035505	0.000000	0.000000	0.000000
427	0.000000	0.000000	0.000000	0.126742	0.837842	0.035416	0.000000	0.000000	0.000000
428	0.000000	0.000000	0.000000	0.126542	0.838102	0.035356	0.000000	0.000000	0.000000
429	0.000000	0.000000	0.000000	0.126284	0.838187	0.035529	0.000000	0.000000	0.000000
430	0.000000	0.000000	0.000000	0.126265	0.838224	0.035511	0.000000	0.000000	0.000000
431	0.000000	0.000000	0.000000	0.126471	0.837929	0.035600	0.000000	0.000000	0.000000
432	0.000000	0.000000	0.000000	0.126148	0.838243	0.035609	0.000000	0.000000	0.000000
433	0.000000	0.000000	0.000000	0.125831	0.838341	0.035828	0.000000	0.000000	0.000000
434	0.000000	0.000000	0.000000	0.126032	0.838043	0.035925	0.000000	0.000000	0.000000
435	0.000000	0.000000	0.000000	0.125977	0.838057	0.035966	0.000000	0.000000	0.000000
436	0.000000	0.000000	0.000000	0.125717	0.838466	0.035817	0.000000	0.000000	0.000000
437	0.000000	0.000000	0.000000	0.125763	0.838489	0.035748	0.000000	0.000000	0.000000
438	0.000000	0.000000	0.000000	0.125850	0.838438	0.035712	0.000000	0.000000	0.000000
439	0.000000	0.000000	0.000000	0.125634	0.838679	0.035687	0.000000	0.000000	0.000000
440	0.000000	0.000000	0.000000	0.125423	0.838757	0.035820	0.000000	0.000000	0.000000
441	0.000000	0.000000	0.000000	0.125336	0.838853	0.035811	0.000000	0.000000	0.000000
442	0.000000	0.000000	0.000000	0.125296	0.839085	0.035619	0.000000	0.000000	0.000000
443	0.000000	0.000000	0.000000	0.125361	0.838879	0.035760	0.000000	0.000000	0.000000
444	0.000000	0.000000	0.000000	0.125049	0.839373	0.035578	0.000000	0.000000	0.000000
445	0.000000	0.000000	0.000000	0.125200	0.839220	0.035580	0.000000	0.000000	0.000000
446	0.000000	0.000000	0.000000	0.125495	0.838977	0.035528	0.000000	0.000000	0.000000
447	0.000000	0.000000	0.000000	0.125713	0.838962	0.035325	0.000000	0.000000	0.000000
448	0.000000	0.000000	0.000000	0.125618	0.839045	0.035337	0.000000	0.000000	0.000000
449	0.000000	0.000000	0.000000	0.125136	0.839791	0.035073	0.000000	0.000000	0.000000
450	0.000000	0.000000	0.000000	0.124540	0.840539	0.034921	0.000000	0.000000	0.000000
451	0.000000	0.000000	0.000000	0.124683	0.839954	0.035363	0.000000	0.000000	0.000000
452	0.000000	0.000000	0.000000	0.124576	0.840005	0.035419	0.000000	0.000000	0.000000
453	0.000000	0.000000	0.000000	0.124611	0.840359	0.035030	0.000000	0.000000	0.000000
454	0.000000	0.000000	0.000000	0.124664	0.840253	0.035083	0.000000	0.000000	0.000000
455	0.000000	0.000000	0.000000	0.124767	0.840275	0.034958	0.000000	0.000000	0.000000
456	0.000000	0.000000	0.000000	0.124838	0.840291	0.034871	0.000000	0.000000	0.000000
457	0.000000	0.000000	0.000000	0.124551	0.840477	0.034972	0.000000	0.000000	0.000000
458	0.000000	0.000000	0.000000	0.124333	0.840667	0.035000	0.000000	0.000000	0.000000
459	0.000000	0.000000	0.000000	0.124232	0.841099	0.034669	0.000000	0.000000	0.000000
460	0.000000	0.000000	0.000000	0.124517	0.840846	0.034637	0.000000	0.000000	0.000000
461	0.000000	0.000000	0.000000	0.124582	0.840851	0.034567	0.000000	0.000000	0.000000
462	0.000000	0.000000	0.000000	0.124526	0.840837	0.034637	0.000000	0.000000	0.000000
463	0.000000	0.000000	0.000000	0.124580	0.840854	0.034566	0.000000	0.000000	0.000000
464	0.000000	0.000000	0.000000	0.124603	0.840909	0.034488	0.000000	0.000000	0.000000
465	0.000000	0.000000	0.000000	0.124517	0.841256	0.034227	0.000000	0.000000	0.000000
466	0.000000	0.000000	0.000000	0.124487	0.841454	0.034059	0.000000	0.000000	0.000000
467	0.000000	0.000000	0.000000	0.124185	0.841654	0.034161	0.000000	0.000000	0.000000
468	0.000000	0.000000	0.000000	0.124050	0.841490	0.034460	0.000000	0.000000	0.000000
469	0.000000	0.000000	0.000000	0.123856	0.841813	0.034331	0.000000	0.000000	0.000000
470	0.000000	0.000000	0.000000	0.123725	0.841950	0.034325	0.000000	0.000000	0.000000
