0	0.290663	0.057897	0.229473	0.157588	0.029913	0.111872	0.085455	0.012259	0.024880
1	0.227407	0.047017	0.197199	0.142140	0.029331	0.123381	0.118875	0.023187	0.091463
2	0.224776	0.045821	0.193073	0.138738	0.030629	0.121293	0.119685	0.023762	0.102223
3	0.228295	0.045602	0.190875	0.136588	0.031891	0.117599	0.117168	0.023179	0.108803
4	0.233001	0.045192	0.188398	0.135289	0.033058	0.112905	0.114992	0.022248	0.114917
5	0.238190	0.044996	0.186536	0.133271	0.034489	0.108376	0.111905	0.021561	0.120676
6	0.243205	0.044825	0.184210	0.132281	0.036402	0.104099	0.108624	0.020412	0.125942
7	0.249186	0.044608	0.182031	0.130636	0.037782	0.099739	0.105596	0.019399	0.131023
8	0.254204	0.044339	0.179186	0.129187	0.039700	0.095956	0.102232	0.018668	0.136528
9	0.260501	0.043945	0.176236	0.127265	0.041385	0.091677	0.099480	0.017746	0.141765
10	0.265715	0.043046	0.174028	0.125612	0.043296	0.087720	0.096679	0.017123	0.146781
11	0.270422	0.042852	0.170533	0.124189	0.045542	0.083771	0.093798	0.016333	0.152560
12	0.275918	0.042456	0.168104	0.122232	0.047729	0.079921	0.090433	0.015706	0.157501
13	0.280801	0.041996	0.165060	0.120679	0.050236	0.076157	0.087327	0.014823	0.162921
14	0.285894	0.041391	0.161994	0.119336	0.052528	0.072914	0.084458	0.014157	0.167328
15	0.291086	0.040585	0.158550	0.118012	0.055087	0.069530	0.081606	0.013438	0.172106
16	0.295744	0.039910	0.155299	0.116296	0.057980	0.066260	0.078694	0.012871	0.176946
17	0.300704	0.039037	0.151953	0.114779	0.060766	0.062889	0.075716	0.012044	0.182112
18	0.306279	0.038285	0.148391	0.112606	0.063598	0.059710	0.073113	0.011405	0.186613
19	0.310873	0.037924	0.145115	0.110878	0.066638	0.056928	0.070172	0.010823	0.190649
20	0.315174	0.037231	0.141856	0.109917	0.069836	0.053795	0.067668	0.010248	0.194275
21	0.320017	0.036663	0.138531	0.107532	0.073218	0.051547	0.064812	0.009666	0.198014
22	0.324483	0.036044	0.134842	0.106222	0.076379	0.049285	0.061860	0.009188	0.201697
23	0.328696	0.035451	0.131475	0.104213	0.079956	0.046716	0.059491	0.008731	0.205271
24	0.332524	0.034764	0.127932	0.102885	0.083367	0.044573	0.057264	0.008327	0.208364
25	0.335872	0.034114	0.124375	0.101484	0.087208	0.042239	0.055229	0.007873	0.211606
26	0.339715	0.033537	0.120904	0.100191	0.091184	0.040447	0.052737	0.007527	0.213758
27	0.343028	0.032931	0.117765	0.098714	0.095056	0.038571	0.050482	0.007186	0.216267
28	0.346452	0.032337	0.114174	0.096936	0.099496	0.036708	0.048342	0.006770	0.218785
29	0.349919	0.031685	0.110941	0.095237	0.103653	0.035107	0.045886	0.006427	0.221145
30	0.352930	0.031020	0.107498	0.094321	0.107942	0.033203	0.043781	0.006111	0.223194
31	0.355503	0.030544	0.104441	0.092726	0.112925	0.031580	0.041826	0.005721	0.224734
32	0.358393	0.029840	0.100645	0.091265	0.117348	0.029975	0.040036	0.005431	0.227067
33	0.360949	0.029187	0.097649	0.089880	0.121830	0.028828	0.038006	0.005064	0.228607
34	0.362989	0.028558	0.094520	0.088404	0.127289	0.027684	0.036088	0.004806	0.229662
35	0.365488	0.027648	0.091464	0.087672	0.131992	0.026385	0.034260	0.004496	0.230595
36	0.367347	0.026963	0.088609	0.086845	0.136942	0.024865	0.032487	0.004215	0.231727
37	0.368855	0.026383	0.085975	0.085524	0.142042	0.023689	0.030701	0.004130	0.232701
38	0.370474	0.025634	0.083167	0.084338	0.147806	0.022595	0.029100	0.003928	0.232958
39	0.371383	0.025075	0.080037	0.083213	0.153731	0.021439	0.027610	0.003757	0.233755
40	0.372488	0.024746	0.077939	0.082134	0.159394	0.020431	0.026406	0.003517	0.232945
41	0.373686	0.024061	0.074885	0.081118	0.165816	0.019558	0.025158	0.003263	0.232455
42	0.374266	0.023576	0.072212	0.080526	0.171888	0.018752	0.023845	0.003055	0.231880
43	0.374828	0.022931	0.069606	0.079646	0.178300	0.017959	0.022552	0.002853	0.231325
44	0.375354	0.022306	0.067234	0.078879	0.184533	0.017328	0.021179	0.002651	0.230536
45	0.375616	0.021823	0.064642	0.078301	0.191026	0.016516	0.020057	0.002466	0.229553
46	0.375535	0.021261	0.062242	0.077184	0.197844	0.016010	0.019111	0.002350	0.228463
47	0.375507	0.020753	0.060474	0.076233	0.204753	0.015342	0.017922	0.002142	0.226874
48	0.375885	0.020249	0.057859	0.075986	0.211804	0.014707	0.016818	0.001982	0.224710
49	0.375721	0.019654	0.055633	0.074952	0.219040	0.014124	0.015743	0.001829	0.223304
50	0.375512	0.019138	0.053291	0.074564	0.226416	0.013609	0.014755	0.001808	0.220907
51	0.375092	0.018691	0.051350	0.073580	0.233642	0.013149	0.013898	0.001690	0.218908
52	0.374400	0.018366	0.049287	0.073267	0.240769	0.012638	0.013032	0.001588	0.216653
53	0.373934	0.017756	0.047313	0.072478	0.248731	0.012280	0.012083	0.001510	0.213915
54	0.372998	0.017278	0.045331	0.072073	0.256285	0.011852	0.011412	0.001477	0.211294
55	0.372781	0.017007	0.043340	0.071663	0.263597	0.011556	0.010751	0.001383	0.207922
56	0.371197	0.016471	0.041685	0.071382	0.271716	0.011222	0.010004	0.001242	0.205081
57	0.369962	0.015951	0.039879	0.070594	0.280158	0.010865	0.009206	0.001150	0.202235
58	0.368335	0.015444	0.038219	0.070446	0.288210	0.010558	0.008689	0.001090	0.199009
59	0.367316	0.014900	0.036466	0.070055	0.295823	0.010273	0.007965	0.001067	0.196135
60	0.365394	0.014534	0.034989	0.069646	0.303954	0.009971	0.007545	0.000980	0.192987
61	0.363087	0.014093	0.033391	0.069234	0.312902	0.009557	0.006993	0.000881	0.189862
62	0.360238	0.013647	0.032595	0.069270	0.320990	0.009400	0.006579	0.000808	0.186473
63	0.357030	0.013226	0.031449	0.068880	0.330078	0.009186	0.006160	0.000744	0.183247
64	0.354367	0.012836	0.030250	0.068658	0.339149	0.008863	0.005753	0.000682	0.179442
65	0.351650	0.012258	0.029157	0.068657	0.347767	0.008546	0.005243	0.000627	0.176095
66	0.348834	0.011812	0.028108	0.068589	0.356506	0.008414	0.004859	0.000552	0.172326
67	0.345856	0.011354	0.027091	0.068617	0.365202	0.008107	0.004519	0.000501	0.168753
68	0.343070	0.010977	0.025998	0.067783	0.374664	0.007886	0.004226	0.000464	0.164932
69	0.339710	0.010664	0.025103	0.067817	0.383997	0.007688	0.003911	0.000413	0.160697
70	0.336313	0.010345	0.023939	0.067497	0.392951	0.007444	0.003705	0.000394	0.157412
71	0.333138	0.009925	0.022875	0.067540	0.402054	0.007260	0.003419	0.000334	0.153455
72	0.329789	0.009609	0.021892	0.067471	0.410995	0.007075	0.003172	0.000314	0.149683
73	0.325886	0.009417	0.021070	0.067295	0.419850	0.007009	0.002938	0.000283	0.146252
74	0.322118	0.009079	0.020082	0.067111	0.429629	0.006825	0.002698	0.000235	0.142223
75	0.318451	0.008744	0.019353	0.067342	0.437864	0.006733	0.002566	0.000236	0.138711
76	0.314585	0.008417	0.018460	0.067320	0.447236	0.006671	0.002374	0.000213	0.134724
77	0.310010	0.008232	0.017567	0.067282	0.457068	0.006567	0.002203	0.000194	0.130877
78	0.305186	0.007962	0.016909	0.067369	0.466398	0.006403	0.002074	0.000195	0.127504
79	0.300946	0.007637	0.016258	0.067199	0.476183	0.006322	0.001900	0.000200	0.123355
80	0.296993	0.007207	0.015468	0.067286	0.484900	0.006161	0.001749	0.000196	0.120040
81	0.293045	0.006902	0.014740	0.067448	0.493448	0.006005	0.001611	0.000180	0.116621
82	0.288612	0.006749	0.014165	0.067710	0.502334	0.005935	0.001459	0.000160	0.112876
83	0.284077	0.006559	0.013443	0.067553	0.511759	0.005898	0.001358	0.000134	0.109219
84	0.279180	0.006388	0.013036	0.067833	0.520801	0.005789	0.001236	0.000144	0.105593
85	0.273978	0.006111	0.012436	0.067949	0.530524	0.005631	0.001153	0.000134	0.102084
86	0.269429	0.005955	0.011924	0.067991	0.539249	0.005645	0.001109	0.000105	0.098593
87	0.264307	0.005792	0.011349	0.067827	0.548629	0.005686	0.000973	0.000097	0.095340
88	0.259360	0.005555	0.010981	0.068127	0.557421	0.005545	0.000902	0.000081	0.092028
89	0.254376	0.005255	0.010541	0.067629	0.566999	0.005503	0.000837	0.000071	0.088789
90	0.249409	0.005099	0.010207	0.067829	0.575940	0.005328	0.000752	0.000064	0.085372
91	0.244433	0.004904	0.009789	0.067915	0.584908	0.005227	0.000686	0.000055	0.082083
92	0.239668	0.004740	0.009286	0.067965	0.593339	0.005211	0.000609	0.000053	0.079129
93	0.234479	0.004490	0.009001	0.067853	0.602293	0.005149	0.000573	0.000043	0.076119
94	0.229740	0.004313	0.008547	0.068299	0.610299	0.005181	0.000489	0.000041	0.073091
95	0.225026	0.004113	0.008206	0.068234	0.618697	0.005155	0.000450	0.000048	0.070071
96	0.219891	0.004026	0.007930	0.068739	0.626429	0.005126	0.000431	0.000049	0.067379
97	0.214891	0.003934	0.007628	0.068909	0.634298	0.005056	0.000377	0.000053	0.064854
98	0.209705	0.003738	0.007265	0.069149	0.642691	0.004995	0.000358	0.000059	0.062040
99	0.204453	0.003621	0.006965	0.069607	0.650502	0.004947	0.000309	0.000062	0.059534
100	0.199513	0.003460	0.006735	0.069810	0.658086	0.004797	0.000299	0.000057	0.057243
101	0.194777	0.003231	0.006459	0.070146	0.665260	0.004717	0.000256	0.000053	0.055101
102	0.189709	0.003075	0.006152	0.070333	0.672908	0.004832	0.000215	0.000056	0.052720
103	0.184712	0.002967	0.005890	0.070469	0.680626	0.004759	0.000200	0.000055	0.050322
104	0.180314	0.002806	0.005557	0.070665	0.687566	0.004817	0.000188	0.000050	0.048037
105	0.175337	0.002641	0.005314	0.070810	0.694781	0.004822	0.000169	0.000048	0.046078
106	0.170443	0.002554	0.005037	0.070616	0.702196	0.004878	0.000138	0.000038	0.044100
107	0.165826	0.002432	0.004919	0.070778	0.709116	0.004845	0.000138	0.000031	0.041915
108	0.161151	0.002338	0.004710	0.070807	0.716216	0.004835	0.000130	0.000021	0.039792
109	0.156253	0.002210	0.004410	0.070988	0.723070	0.004903	0.000110	0.000026	0.038030
110	0.151844	0.002073	0.004199	0.070886	0.729851	0.004878	0.000094	0.000021	0.036154
111	0.147478	0.002032	0.004057	0.070961	0.735970	0.004887	0.000093	0.000024	0.034498
112	0.143483	0.001883	0.003864	0.071160	0.742088	0.004771	0.000077	0.000022	0.032652
113	0.139087	0.001797	0.003676	0.071065	0.748377	0.004779	0.000057	0.000022	0.031140
114	0.134796	0.001688	0.003427	0.071027	0.754450	0.004771	0.000044	0.000020	0.029777
115	0.130588	0.001587	0.003267	0.071151	0.760497	0.004756	0.000037	0.000024	0.028093
116	0.126178	0.001552	0.003050	0.071040	0.766754	0.004741	0.000035	0.000018	0.026632
117	0.121945	0.001497	0.002890	0.071312	0.772331	0.004670	0.000025	0.000013	0.025317
118	0.117810	0.001433	0.002730	0.071576	0.777814	0.004681	0.000022	0.000010	0.023924
119	0.113942	0.001377	0.002615	0.071730	0.782885	0.004689	0.000018	0.000006	0.022738
120	0.110030	0.001281	0.002504	0.071762	0.788171	0.004636	0.000014	0.000006	0.021596
121	0.106237	0.001197	0.002346	0.071367	0.793675	0.004676	0.000014	0.000004	0.020484
122	0.102832	0.001135	0.002228	0.071570	0.798305	0.004702	0.000012	0.000003	0.019213
123	0.099000	0.001104	0.002155	0.071538	0.803346	0.004610	0.000011	0.000001	0.018235
124	0.095348	0.001115	0.002016	0.071778	0.807869	0.004674	0.000008	0.000001	0.017191
125	0.091800	0.001078	0.001929	0.071946	0.812261	0.004655	0.000009	0.000002	0.016320
126	0.088644	0.001026	0.001880	0.072151	0.816417	0.004582	0.000009	0.000001	0.015290
127	0.085266	0.001007	0.001794	0.071990	0.820972	0.004665	0.000008	0.000000	0.014298
128	0.081947	0.000938	0.001678	0.072125	0.825216	0.004624	0.000004	0.000001	0.013467
129	0.078902	0.000888	0.001549	0.072229	0.829322	0.004541	0.000002	0.000000	0.012567
130	0.075550	0.000857	0.001484	0.072343	0.833460	0.004546	0.000002	0.000000	0.011758
131	0.072559	0.000814	0.001391	0.072439	0.837234	0.004508	0.000003	0.000000	0.011052
132	0.069778	0.000759	0.001327	0.072348	0.840750	0.004611	0.000003	0.000000	0.010424
133	0.067017	0.000707	0.001173	0.072283	0.844287	0.004619	0.000002	0.000000	0.009912
134	0.064228	0.000690	0.001149	0.072617	0.847393	0.004641	0.000000	0.000000	0.009282
135	0.061629	0.000681	0.001065	0.072809	0.850573	0.004537	0.000000	0.000000	0.008706
136	0.059128	0.000661	0.001035	0.072488	0.853992	0.004584	0.000000	0.000000	0.008112
137	0.056563	0.000608	0.001014	0.072651	0.857021	0.004539	0.000000	0.000000	0.007604
138	0.054417	0.000569	0.000983	0.072614	0.859818	0.004507	0.000000	0.000000	0.007092
139	0.051808	0.000498	0.000898	0.072725	0.862925	0.004442	0.000000	0.000000	0.006704
140	0.049700	0.000490	0.000865	0.072491	0.865654	0.004541	0.000000	0.000000	0.006259
141	0.047502	0.000466	0.000855	0.072263	0.868406	0.004577	0.000000	0.000000	0.005931
142	0.045274	0.000453	0.000786	0.072285	0.871122	0.004554	0.000000	0.000000	0.005526
143	0.043262	0.000426	0.000730	0.072085	0.873904	0.004498	0.000000	0.000000	0.005095
144	0.041294	0.000401	0.000697	0.072022	0.876324	0.004494	0.000000	0.000000	0.004768
145	0.039540	0.000407	0.000664	0.072191	0.878259	0.004515	0.000000	0.000000	0.004424
146	0.037743	0.000405	0.000622	0.071964	0.880750	0.004445	0.000000	0.000000	0.004071
147	0.035956	0.000382	0.000596	0.071737	0.883010	0.004503	0.000000	0.000000	0.003816
148	0.034456	0.000346	0.000589	0.072031	0.884593	0.004365	0.000000	0.000000	0.003620
149	0.032790	0.000319	0.000568	0.071950	0.886697	0.004367	0.000000	0.000000	0.003309
150	0.031196	0.000278	0.000488	0.072376	0.888157	0.004330	0.000000	0.000000	0.003175
151	0.029628	0.000261	0.000460	0.072692	0.889659	0.004354	0.000000	0.000000	0.002946
152	0.028248	0.000195	0.000420	0.072408	0.891483	0.004474	0.000000	0.000000	0.002772
153	0.026801	0.000172	0.000378	0.072347	0.893319	0.004422	0.000000	0.000000	0.002561
154	0.025531	0.000160	0.000393	0.072278	0.894816	0.004421	0.000000	0.000000	0.002401
155	0.024246	0.000125	0.000371	0.072001	0.896696	0.004387	0.000000	0.000000	0.002174
156	0.023101	0.000120	0.000339	0.071979	0.898054	0.004406	0.000000	0.000000	0.002001
157	0.021843	0.000121	0.000317	0.071995	0.899389	0.004467	0.000000	0.000000	0.001868
158	0.020649	0.000118	0.000298	0.071976	0.900770	0.004457	0.000000	0.000000	0.001732
159	0.019844	0.000099	0.000268	0.072050	0.901657	0.004485	0.000000	0.000000	0.001597
160	0.018780	0.000096	0.000275	0.071849	0.902981	0.004535	0.000000	0.000000	0.001484
161	0.017910	0.000085	0.000254	0.071966	0.903932	0.004432	0.000000	0.000000	0.001421
162	0.016986	0.000074	0.000228	0.072013	0.904936	0.004470	0.000000	0.000000	0.001293
163	0.016168	0.000066	0.000193	0.071943	0.905966	0.004471	0.000000	0.000000	0.001193
164	0.015412	0.000063	0.000178	0.072211	0.906655	0.004355	0.000000	0.000000	0.001126
165	0.014618	0.000056	0.000162	0.072188	0.907515	0.004439	0.000000	0.000000	0.001022
166	0.013826	0.000048	0.000134	0.072404	0.908251	0.004430	0.000000	0.000000	0.000907
167	0.013121	0.000048	0.000105	0.072385	0.909086	0.004404	0.000000	0.000000	0.000851
168	0.012267	0.000042	0.000105	0.072126	0.910237	0.004420	0.000000	0.000000	0.000803
169	0.011696	0.000050	0.000106	0.072044	0.911017	0.004324	0.000000	0.000000	0.000763
170	0.011040	0.000038	0.000095	0.071959	0.911865	0.004332	0.000000	0.000000	0.000671
171	0.010475	0.000036	0.000088	0.072010	0.912511	0.004262	0.000000	0.000000	0.000618
172	0.009831	0.000033	0.000088	0.072304	0.912857	0.004333	0.000000	0.000000	0.000554
173	0.009320	0.000030	0.000083	0.072190	0.913554	0.004310	0.000000	0.000000	0.000513
174	0.008784	0.000029	0.000083	0.072079	0.914226	0.004332	0.000000	0.000000	0.000467
175	0.008326	0.000031	0.000078	0.071997	0.914872	0.004302	0.000000	0.000000	0.000394
176	0.007919	0.000036	0.000067	0.071841	0.915477	0.004284	0.000000	0.000000	0.000376
177	0.007422	0.000028	0.000065	0.072021	0.915930	0.004210	0.000000	0.000000	0.000324
178	0.007016	0.000025	0.000066	0.072060	0.916246	0.004279	0.000000	0.000000	0.000308
179	0.006567	0.000020	0.000063	0.072106	0.916638	0.004324	0.000000	0.000000	0.000282
180	0.006105	0.000018	0.000052	0.072477	0.916740	0.004341	0.000000	0.000000	0.000267
181	0.005784	0.000014	0.000044	0.072274	0.917342	0.004308	0.000000	0.000000	0.000234
182	0.005368	0.000012	0.000043	0.072639	0.917551	0.004187	0.000000	0.000000	0.000200
183	0.005076	0.000008	0.000041	0.072467	0.917983	0.004246	0.000000	0.000000	0.000179
184	0.004803	0.000008	0.000028	0.072699	0.917999	0.004305	0.000000	0.000000	0.000158
185	0.004509	0.000008	0.000025	0.072579	0.918405	0.004334	0.000000	0.000000	0.000140
186	0.004253	0.000005	0.000023	0.072210	0.919026	0.004353	0.000000	0.000000	0.000130
187	0.003955	0.000010	0.000016	0.072143	0.919402	0.004353	0.000000	0.000000	0.000121
188	0.003745	0.000010	0.000009	0.072157	0.919643	0.004334	0.000000	0.000000	0.000102
189	0.003552	0.000010	0.000004	0.072195	0.919740	0.004401	0.000000	0.000000	0.000098
190	0.003283	0.000006	0.000002	0.072266	0.920015	0.004346	0.000000	0.000000	0.000082
191	0.003068	0.000008	0.000003	0.072176	0.920297	0.004369	0.000000	0.000000	0.000079
192	0.002925	0.000012	0.000003	0.072299	0.920423	0.004268	0.000000	0.000000	0.000070
193	0.002688	0.000016	0.000000	0.072282	0.920652	0.004293	0.000000	0.000000	0.000069
194	0.002517	0.000018	0.000000	0.072029	0.921060	0.004317	0.000000	0.000000	0.000059
195	0.002384	0.000017	0.000000	0.072202	0.921078	0.004261	0.000000	0.000000	0.000058
196	0.002207	0.000016	0.000000	0.072308	0.921225	0.004194	0.000000	0.000000	0.000050
197	0.002037	0.000020	0.000000	0.072225	0.921458	0.004217	0.000000	0.000000	0.000043
198	0.001946	0.000014	0.000000	0.072361	0.921429	0.004214	0.000000	0.000000	0.000036
199	0.001815	0.000011	0.000000	0.072495	0.921348	0.004299	0.000000	0.000000	0.000032
200	0.001713	0.000011	0.000000	0.072518	0.921387	0.004341	0.000000	0.000000	0.000030
201	0.001609	0.000016	0.000000	0.072178	0.921809	0.004357	0.000000	0.000000	0.000031
202	0.001549	0.000015	0.000000	0.071926	0.922137	0.004346	0.000000	0.000000	0.000027
203	0.001377	0.000014	0.000000	0.071982	0.922369	0.004238	0.000000	0.000000	0.000020
204	0.001264	0.000013	0.000000	0.071493	0.923010	0.004203	0.000000	0.000000	0.000017
205	0.001171	0.000008	0.000000	0.071517	0.923044	0.004243	0.000000	0.000000	0.000017
206	0.001103	0.000007	0.000000	0.071250	0.923309	0.004317	0.000000	0.000000	0.000014
207	0.001000	0.000002	0.000000	0.071187	0.923614	0.004180	0.000000	0.000000	0.000017
208	0.000899	0.000001	0.000000	0.070921	0.923922	0.004241	0.000000	0.000000	0.000016
209	0.000824	0.000001	0.000000	0.070683	0.924235	0.004242	0.000000	0.000000	0.000015
210	0.000758	0.000001	0.000000	0.070662	0.924320	0.004243	0.000000	0.000000	0.000016
211	0.000699	0.000002	0.000000	0.070615	0.924417	0.004255	0.000000	0.000000	0.000012
212	0.000656	0.000003	0.000000	0.070489	0.924651	0.004187	0.000000	0.000000	0.000014
213	0.000618	0.000002	0.000000	0.070619	0.924642	0.004103	0.000000	0.000000	0.000016
214	0.000572	0.000005	0.000000	0.070367	0.924863	0.004179	0.000000	0.000000	0.000014
215	0.000541	0.000008	0.000000	0.070355	0.924781	0.004300	0.000000	0.000000	0.000015
216	0.000494	0.000009	0.000000	0.069943	0.925309	0.004230	0.000000	0.000000	0.000015
217	0.000457	0.000008	0.000000	0.069784	0.925580	0.004162	0.000000	0.000000	0.000009
218	0.000423	0.000005	0.000000	0.069685	0.925682	0.004196	0.000000	0.000000	0.000009
219	0.000409	0.000005	0.000000	0.069539	0.925903	0.004133	0.000000	0.000000	0.000011
220	0.000386	0.000006	0.000000	0.069501	0.925973	0.004126	0.000000	0.000000	0.000008
221	0.000373	0.000008	0.000000	0.069779	0.925715	0.004120	0.000000	0.000000	0.000005
222	0.000356	0.000004	0.000000	0.069293	0.926221	0.004123	0.000000	0.000000	0.000003
223	0.000326	0.000002	0.000000	0.069220	0.926285	0.004165	0.000000	0.000000	0.000002
224	0.000314	0.000000	0.000000	0.069443	0.926014	0.004227	0.000000	0.000000	0.000002
225	0.000278	0.000000	0.000000	0.069364	0.926121	0.004236	0.000000	0.000000	0.000001
226	0.000258	0.000000	0.000000	0.069341	0.926215	0.004185	0.000000	0.000000	0.000001
227	0.000253	0.000000	0.000000	0.069458	0.926034	0.004255	0.000000	0.000000	0.000000
228	0.000229	0.000000	0.000000	0.069432	0.926054	0.004285	0.000000	0.000000	0.000000
229	0.000207	0.000000	0.000000	0.069150	0.926327	0.004316	0.000000	0.000000	0.000000
230	0.000186	0.000000	0.000000	0.069009	0.926409	0.004396	0.000000	0.000000	0.000000
231	0.000162	0.000000	0.000000	0.069166	0.926354	0.004318	0.000000	0.000000	0.000000
232	0.000157	0.000000	0.000000	0.069105	0.926404	0.004334	0.000000	0.000000	0.000000
233	0.000137	0.000000	0.000000	0.069269	0.926235	0.004359	0.000000	0.000000	0.000000
234	0.000132	0.000000	0.000000	0.068887	0.926562	0.004419	0.000000	0.000000	0.000000
235	0.000115	0.000000	0.000000	0.068870	0.926631	0.004384	0.000000	0.000000	0.000000
236	0.000107	0.000000	0.000000	0.068924	0.926538	0.004431	0.000000	0.000000	0.000000
237	0.000102	0.000000	0.000000	0.069127	0.926401	0.004370	0.000000	0.000000	0.000000
238	0.000091	0.000000	0.000000	0.069131	0.926345	0.004433	0.000000	0.000000	0.000000
239	0.000080	0.000000	0.000000	0.069480	0.926037	0.004403	0.000000	0.000000	0.000000
240	0.000073	0.000000	0.000000	0.069532	0.925984	0.004411	0.000000	0.000000	0.000000
241	0.000077	0.000000	0.000000	0.069375	0.926125	0.004423	0.000000	0.000000	0.000000
242	0.000074	0.000000	0.000000	0.069642	0.925861	0.004423	0.000000	0.000000	0.000000
243	0.000070	0.000000	0.000000	0.069711	0.925704	0.004515	0.000000	0.000000	0.000000
244	0.000060	0.000000	0.000000	0.069623	0.925812	0.004505	0.000000	0.000000	0.000000
245	0.000050	0.000000	0.000000	0.069730	0.925702	0.004518	0.000000	0.000000	0.000000
246	0.000039	0.000000	0.000000	0.069614	0.925834	0.004513	0.000000	0.000000	0.000000
247	0.000029	0.000000	0.000000	0.069730	0.925677	0.004564	0.000000	0.000000	0.000000
248	0.000029	0.000000	0.000000	0.069916	0.925432	0.004623	0.000000	0.000000	0.000000
249	0.000033	0.000000	0.000000	0.070023	0.925375	0.004569	0.000000	0.000000	0.000000
250	0.000027	0.000000	0.000000	0.070247	0.925045	0.004681	0.000000	0.000000	0.000000
251	0.000026	0.000000	0.000000	0.070140	0.925205	0.004629	0.000000	0.000000	0.000000
252	0.000020	0.000000	0.000000	0.070517	0.924822	0.004641	0.000000	0.000000	0.000000
253	0.000031	0.000000	0.000000	0.070661	0.924634	0.004674	0.000000	0.000000	0.000000
254	0.000028	0.000000	0.000000	0.070714	0.924568	0.004690	0.000000	0.000000	0.000000
255	0.000020	0.000000	0.000000	0.070915	0.924463	0.004602	0.000000	0.000000	0.000000
256	0.000019	0.000000	0.000000	0.070792	0.924651	0.004538	0.000000	0.000000	0.000000
257	0.000021	0.000000	0.000000	0.070759	0.924576	0.004644	0.000000	0.000000	0.000000
258	0.000014	0.000000	0.000000	0.070801	0.924598	0.004587	0.000000	0.000000	0.000000
259	0.000011	0.000000	0.000000	0.070578	0.924785	0.004626	0.000000	0.000000	0.000000
260	0.000007	0.000000	0.000000	0.070589	0.924700	0.004704	0.000000	0.000000	0.000000
261	0.000006	0.000000	0.000000	0.070435	0.924871	0.004688	0.000000	0.000000	0.000000
262	0.000004	0.000000	0.000000	0.070452	0.924822	0.004722	0.000000	0.000000	0.000000
263	0.000001	0.000000	0.000000	0.070072	0.925223	0.004704	0.000000	0.000000	0.000000
264	0.000000	0.000000	0.000000	0.069975	0.925356	0.004669	0.000000	0.000000	0.000000
265	0.000000	0.000000	0.000000	0.069973	0.925304	0.004723	0.000000	0.000000	0.000000
266	0.000000	0.000000	0.000000	0.070005	0.925240	0.004755	0.000000	0.000000	0.000000
267	0.000000	0.000000	0.000000	0.070189	0.925075	0.004736	0.000000	0.000000	0.000000
268	0.000000	0.000000	0.000000	0.070300	0.924948	0.004752	0.000000	0.000000	0.000000
269	0.000000	0.000000	0.000000	0.070024	0.925273	0.004703	0.000000	0.000000	0.000000
270	0.000000	0.000000	0.000000	0.070047	0.925282	0.004671	0.000000	0.000000	0.000000
271	0.000000	0.000000	0.000000	0.070054	0.925336	0.004610	0.000000	0.000000	0.000000
272	0.000000	0.000000	0.000000	0.070117	0.925299	0.004584	0.000000	0.000000	0.000000
273	0.000000	0.000000	0.000000	0.070282	0.925114	0.004604	0.000000	0.000000	0.000000
274	0.000000	0.000000	0.000000	0.070300	0.925025	0.004675	0.000000	0.000000	0.000000
275	0.000000	0.000000	0.000000	0.070229	0.925105	0.004666	0.000000	0.000000	0.000000
276	0.000000	0.000000	0.000000	0.070314	0.924959	0.004727	0.000000	0.000000	0.000000
277	0.000000	0.000000	0.000000	0.070276	0.925019	0.004705	0.000000	0.000000	0.000000
278	0.000000	0.000000	0.000000	0.070143	0.925028	0.004829	0.000000	0.000000	0.000000
279	0.000000	0.000000	0.000000	0.069935	0.925252	0.004813	0.000000	0.000000	0.000000
280	0.000000	0.000000	0.000000	0.069988	0.925294	0.004718	0.000000	0.000000	0.000000
281	0.000000	0.000000	0.000000	0.069863	0.925365	0.004772	0.000000	0.000000	0.000000
282	0.000000	0.000000	0.000000	0.070102	0.925122	0.004776	0.000000	0.000000	0.000000
283	0.000000	0.000000	0.000000	0.069895	0.925322	0.004783	0.000000	0.000000	0.000000
284	0.000000	0.000000	0.000000	0.069749	0.925466	0.004785	0.000000	0.000000	0.000000
285	0.000000	0.000000	0.000000	0.069498	0.925629	0.004873	0.000000	0.000000	0.000000
286	0.000000	0.000000	0.000000	0.069396	0.925750	0.004854	0.000000	0.000000	0.000000
287	0.000000	0.000000	0.000000	0.069636	0.925454	0.004910	0.000000	0.000000	0.000000
288	0.000000	0.000000	0.000000	0.069355	0.925785	0.004860	0.000000	0.000000	0.000000
289	0.000000	0.000000	0.000000	0.069238	0.925935	0.004827	0.000000	0.000000	0.000000
290	0.000000	0.000000	0.000000	0.069132	0.926036	0.004832	0.000000	0.000000	0.000000
291	0.000000	0.000000	0.000000	0.069342	0.925782	0.004876	0.000000	0.000000	0.000000
292	0.000000	0.000000	0.000000	0.069194	0.925919	0.004887	0.000000	0.000000	0.000000
293	0.000000	0.000000	0.000000	0.068959	0.926071	0.004970	0.000000	0.000000	0.000000
294	0.000000	0.000000	0.000000	0.068947	0.926166	0.004887	0.000000	0.000000	0.000000
295	0.000000	0.000000	0.000000	0.069021	0.926023	0.004956	0.000000	0.000000	0.000000
296	0.000000	0.000000	0.000000	0.069260	0.925910	0.004830	0.000000	0.000000	0.000000
297	0.000000	0.000000	0.000000	0.068854	0.926386	0.004760	0.000000	0.000000	0.000000
298	0.000000	0.000000	0.000000	0.068833	0.926344	0.004823	0.000000	0.000000	0.000000
299	0.000000	0.000000	0.000000	0.069146	0.926036	0.004818	0.000000	0.000000	0.000000
300	0.000000	0.000000	0.000000	0.068974	0.926214	0.004812	0.000000	0.000000	0.000000
301	0.000000	0.000000	0.000000	0.069311	0.925845	0.004844	0.000000	0.000000	0.000000
302	0.000000	0.000000	0.000000	0.069294	0.925863	0.004843	0.000000	0.000000	0.000000
303	0.000000	0.000000	0.000000	0.069168	0.926033	0.004799	0.000000	0.000000	0.000000
304	0.000000	0.000000	0.000000	0.068879	0.926318	0.004803	0.000000	0.000000	0.000000
305	0.000000	0.000000	0.000000	0.068549	0.926610	0.004841	0.000000	0.000000	0.000000
306	0.000000	0.000000	0.000000	0.068838	0.926312	0.004850	0.000000	0.000000	0.000000
307	0.000000	0.000000	0.000000	0.068867	0.926281	0.004852	0.000000	0.000000	0.000000
308	0.000000	0.000000	0.000000	0.068847	0.926423	0.004730	0.000000	0.000000	0.000000
309	0.000000	0.000000	0.000000	0.068849	0.926488	0.004663	0.000000	0.000000	0.000000
310	0.000000	0.000000	0.000000	0.068739	0.926536	0.004725	0.000000	0.000000	0.000000
311	0.000000	0.000000	0.000000	0.068827	0.926416	0.004757	0.000000	0.000000	0.000000
312	0.000000	0.000000	0.000000	0.068750	0.926480	0.004770	0.000000	0.000000	0.000000
313	0.000000	0.000000	0.000000	0.068808	0.926382	0.004810	0.000000	0.000000	0.000000
314	0.000000	0.000000	0.000000	0.068738	0.926539	0.004723	0.000000	0.000000	0.000000
315	0.000000	0.000000	0.000000	0.068621	0.926634	0.004745	0.000000	0.000000	0.000000
316	0.000000	0.000000	0.000000	0.068638	0.926594	0.004768	0.000000	0.000000	0.000000
317	0.000000	0.000000	0.000000	0.068678	0.926535	0.004787	0.000000	0.000000	0.000000
318	0.000000	0.000000	0.000000	0.068840	0.926402	0.004758	0.000000	0.000000	0.000000
319	0.000000	0.000000	0.000000	0.068965	0.926221	0.004814	0.000000	0.000000	0.000000
320	0.000000	0.000000	0.000000	0.068612	0.926597	0.004791	0.000000	0.000000	0.000000
321	0.000000	0.000000	0.000000	0.068857	0.926313	0.004830	0.000000	0.000000	0.000000
322	0.000000	0.000000	0.000000	0.068897	0.926336	0.004767	0.000000	0.000000	0.000000
323	0.000000	0.000000	0.000000	0.068691	0.926534	0.004775	0.000000	0.000000	0.000000
324	0.000000	0.000000	0.000000	0.068728	0.926483	0.004789	0.000000	0.000000	0.000000
325	0.000000	0.000000	0.000000	0.068708	0.926490	0.004802	0.000000	0.000000	0.000000
326	0.000000	0.000000	0.000000	0.068885	0.926306	0.004809	0.000000	0.000000	0.000000
327	0.000000	0.000000	0.000000	0.068730	0.926522	0.004748	0.000000	0.000000	0.000000
328	0.000000	0.000000	0.000000	0.068851	0.926422	0.004727	0.000000	0.000000	0.000000
329	0.000000	0.000000	0.000000	0.068887	0.926418	0.004695	0.000000	0.000000	0.000000
330	0.000000	0.000000	0.000000	0.068594	0.926692	0.004714	0.000000	0.000000	0.000000
331	0.000000	0.000000	0.000000	0.068827	0.926488	0.004685	0.000000	0.000000	0.000000
332	0.000000	0.000000	0.000000	0.068545	0.926769	0.004686	0.000000	0.000000	0.000000
333	0.000000	0.000000	0.000000	0.068503	0.926788	0.004709	0.000000	0.000000	0.000000
334	0.000000	0.000000	0.000000	0.068237	0.927047	0.004716	0.000000	0.000000	0.000000
335	0.000000	0.000000	0.000000	0.068604	0.926647	0.004749	0.000000	0.000000	0.000000
336	0.000000	0.000000	0.000000	0.068485	0.926732	0.004783	0.000000	0.000000	0.000000
337	0.000000	0.000000	0.000000	0.068045	0.927186	0.004769	0.000000	0.000000	0.000000
338	0.000000	0.000000	0.000000	0.067823	0.927448	0.004729	0.000000	0.000000	0.000000
339	0.000000	0.000000	0.000000	0.068175	0.927250	0.004575	0.000000	0.000000	0.000000
340	0.000000	0.000000	0.000000	0.068479	0.926938	0.004583	0.000000	0.000000	0.000000
341	0.000000	0.000000	0.000000	0.068637	0.926763	0.004600	0.000000	0.000000	0.000000
342	0.000000	0.000000	0.000000	0.068733	0.926637	0.004630	0.000000	0.000000	0.000000
343	0.000000	0.000000	0.000000	0.068716	0.926645	0.004639	0.000000	0.000000	0.000000
344	0.000000	0.000000	0.000000	0.068587	0.926802	0.004611	0.000000	0.000000	0.000000
345	0.000000	0.000000	0.000000	0.068567	0.926780	0.004653	0.000000	0.000000	0.000000
346	0.000000	0.000000	0.000000	0.068531	0.926855	0.004614	0.000000	0.000000	0.000000
347	0.000000	0.000000	0.000000	0.068530	0.926900	0.004570	0.000000	0.000000	0.000000
348	0.000000	0.000000	0.000000	0.068567	0.926905	0.004528	0.000000	0.000000	0.000000
349	0.000000	0.000000	0.000000	0.068572	0.926878	0.004550	0.000000	0.000000	0.000000
350	0.000000	0.000000	0.000000	0.068906	0.926491	0.004603	0.000000	0.000000	0.000000
351	0.000000	0.000000	0.000000	0.069096	0.926391	0.004513	0.000000	0.000000	0.000000
352	0.000000	0.000000	0.000000	0.069472	0.926014	0.004514	0.000000	0.000000	0.000000
353	0.000000	0.000000	0.000000	0.069434	0.926039	0.004527	0.000000	0.000000	0.000000
354	0.000000	0.000000	0.000000	0.069370	0.926043	0.004587	0.000000	0.000000	0.000000
355	0.000000	0.000000	0.000000	0.069219	0.926202	0.004579	0.000000	0.000000	0.000000
356	0.000000	0.000000	0.000000	0.069034	0.926367	0.004599	0.000000	0.000000	0.000000
357	0.000000	0.000000	0.000000	0.069296	0.926115	0.004589	0.000000	0.000000	0.000000
358	0.000000	0.000000	0.000000	0.069419	0.925937	0.004644	0.000000	0.000000	0.000000
359	0.000000	0.000000	0.000000	0.069422	0.925802	0.004776	0.000000	0.000000	0.000000
360	0.000000	0.000000	0.000000	0.069489	0.925829	0.004682	0.000000	0.000000	0.000000
361	0.000000	0.000000	0.000000	0.069733	0.925636	0.004631	0.000000	0.000000	0.000000
362	0.000000	0.000000	0.000000	0.069718	0.925565	0.004717	0.000000	0.000000	0.000000
363	0.000000	0.000000	0.000000	0.069834	0.925422	0.004744	0.000000	0.000000	0.000000
364	0.000000	0.000000	0.000000	0.069907	0.925428	0.004665	0.000000	0.000000	0.000000
365	0.000000	0.000000	0.000000	0.070023	0.925249	0.004728	0.000000	0.000000	0.000000
366	0.000000	0.000000	0.000000	0.070196	0.925076	0.004728	0.000000	0.000000	0.000000
367	0.000000	0.000000	0.000000	0.070319	0.924960	0.004721	0.000000	0.000000	0.000000
368	0.000000	0.000000	0.000000	0.070517	0.924778	0.004705	0.000000	0.000000	0.000000
369	0.000000	0.000000	0.000000	0.070200	0.924989	0.004811	0.000000	0.000000	0.000000
370	0.000000	0.000000	0.000000	0.070146	0.925105	0.004749	0.000000	0.000000	0.000000
371	0.000000	0.000000	0.000000	0.070158	0.925047	0.004795	0.000000	0.000000	0.000000
372	0.000000	0.000000	0.000000	0.070241	0.924847	0.004912	0.000000	0.000000	0.000000
373	0.000000	0.000000	0.000000	0.070514	0.924629	0.004857	0.000000	0.000000	0.000000
374	0.000000	0.000000	0.000000	0.070311	0.924755	0.004934	0.000000	0.000000	0.000000
375	0.000000	0.000000	0.000000	0.070349	0.924828	0.004823	0.000000	0.000000	0.000000
376	0.000000	0.000000	0.000000	0.070151	0.924989	0.004860	0.000000	0.000000	0.000000
377	0.000000	0.000000	0.000000	0.069866	0.925271	0.004863	0.000000	0.000000	0.000000
378	0.000000	0.000000	0.000000	0.069828	0.925259	0.004913	0.000000	0.000000	0.000000
379	0.000000	0.000000	0.000000	0.070019	0.925120	0.004861	0.000000	0.000000	0.000000
380	0.000000	0.000000	0.000000	0.070170	0.924938	0.004892	0.000000	0.000000	0.000000
381	0.000000	0.000000	0.000000	0.070059	0.925038	0.004903	0.000000	0.000000	0.000000
382	0.000000	0.000000	0.000000	0.069626	0.925554	0.004820	0.000000	0.000000	0.000000
383	0.000000	0.000000	0.000000	0.069498	0.925596	0.004906	0.000000	0.000000	0.000000
384	0.000000	0.000000	0.000000	0.069590	0.925516	0.004894	0.000000	0.000000	0.000000
385	0.000000	0.000000	0.000000	0.069646	0.925525	0.004829	0.000000	0.000000	0.000000
386	0.000000	0.000000	0.000000	0.069699	0.925437	0.004864	0.000000	0.000000	0.000000
387	0.000000	0.000000	0.000000	0.069675	0.925495	0.004830	0.000000	0.000000	0.000000
388	0.000000	0.000000	0.000000	0.069796	0.925435	0.004769	0.000000	0.000000	0.000000
389	0.000000	0.000000	0.000000	0.069400	0.925907	0.004693	0.000000	0.000000	0.000000
390	0.000000	0.000000	0.000000	0.069394	0.925860	0.004746	0.000000	0.000000	0.000000
391	0.000000	0.000000	0.000000	0.069399	0.925845	0.004756	0.000000	0.000000	0.000000
392	0.000000	0.000000	0.000000	0.069502	0.925800	0.004698	0.000000	0.000000	0.000000
393	0.000000	0.000000	0.000000	0.069408	0.925938	0.004654	0.000000	0.000000	0.000000
394	0.000000	0.000000	0.000000	0.069743	0.925651	0.004606	0.000000	0.000000	0.000000
395	0.000000	0.000000	0.000000	0.069662	0.925660	0.004678	0.000000	0.000000	0.000000
396	0.000000	0.000000	0.000000	0.069890	0.925404	0.004706	0.000000	0.000000	0.000000
397	0.000000	0.000000	0.000000	0.069790	0.925573	0.004637	0.000000	0.000000	0.000000
398	0.000000	0.000000	0.000000	0.069748	0.925609	0.004643	0.000000	0.000000	0.000000
399	0.000000	0.000000	0.000000	0.069876	0.925457	0.004667	0.000000	0.000000	0.000000
400	0.000000	0.000000	0.000000	0.069951	0.925402	0.004647	0.000000	0.000000	0.000000
401	0.000000	0.000000	0.000000	0.069886	0.925483	0.004631	0.000000	0.000000	0.000000
402	0.000000	0.000000	0.000000	0.069946	0.925461	0.004593	0.000000	0.000000	0.000000
403	0.000000	0.000000	0.000000	0.070046	0.925479	0.004475	0.000000	0.000000	0.000000
404	0.000000	0.000000	0.000000	0.070135	0.925343	0.004522	0.000000	0.000000	0.000000
405	0.000000	0.000000	0.000000	0.070113	0.925355	0.004532	0.000000	0.000000	0.000000
406	0.000000	0.000000	0.000000	0.070297	0.925171	0.004532	0.000000	0.000000	0.000000
407	0.000000	0.000000	0.000000	0.070243	0.925311	0.004446	0.000000	0.000000	0.000000
408	0.000000	0.000000	0.000000	0.070204	0.925315	0.004481	0.000000	0.000000	0.000000
409	0.000000	0.000000	0.000000	0.070519	0.925043	0.004438	0.000000	0.000000	0.000000
410	0.000000	0.000000	0.000000	0.070608	0.924871	0.004521	0.000000	0.000000	0.000000
411	0.000000	0.000000	0.000000	0.070508	0.924969	0.004523	0.000000	0.000000	0.000000
412	0.000000	0.000000	0.000000	0.070617	0.924849	0.004534	0.000000	0.000000	0.000000
413	0.000000	0.000000	0.000000	0.070379	0.925029	0.004592	0.000000	0.000000	0.000000
414	0.000000	0.000000	0.000000	0.070223	0.925200	0.004577	0.000000	0.000000	0.000000
415	0.000000	0.000000	0.000000	0.069926	0.925488	0.004586	0.000000	0.000000	0.000000
416	0.000000	0.000000	0.000000	0.069918	0.925425	0.004657	0.000000	0.000000	0.000000
417	0.000000	0.000000	0.000000	0.070227	0.925121	0.004652	0.000000	0.000000	0.000000
418	0.000000	0.000000	0.000000	0.070596	0.924759	0.004645	0.000000	0.000000	0.000000
419	0.000000	0.000000	0.000000	0.070505	0.924915	0.004580	0.000000	0.000000	0.000000
420	0.000000	0.000000	0.000000	0.070486	0.924965	0.004549	0.000000	0.000000	0.000000
421	0.000000	0.000000	0.000000	0.070211	0.925164	0.004625	0.000000	0.000000	0.000000
422	0.000000	0.000000	0.000000	0.069921	0.925423	0.004656	0.000000	0.000000	0.000000
423	0.000000	0.000000	0.000000	0.070218	0.925106	0.004676	0.000000	0.000000	0.000000
424	0.000000	0.000000	0.000000	0.069995	0.925257	0.004748	0.000000	0.000000	0.000000
425	0.000000	0.000000	0.000000	0.070464	0.924835	0.004701	0.000000	0.000000	0.000000
426	0.000000	0.000000	0.000000	0.070326	0.924991	0.004683	0.000000	0.000000	0.000000
427	0.000000	0.000000	0.000000	0.070723	0.924555	0.004722	0.000000	0.000000	0.000000
428	0.000000	0.000000	0.000000	0.070825	0.924434	0.004741	0.000000	0.000000	0.000000
429	0.000000	0.000000	0.000000	0.070598	0.924655	0.004747	0.000000	0.000000	0.000000
430	0.000000	0.000000	0.000000	0.070911	0.924378	0.004711	0.000000	0.000000	0.000000
431	0.000000	0.000000	0.000000	0.071099	0.924186	0.004715	0.000000	0.000000	0.000000
432	0.000000	0.000000	0.000000	0.071171	0.924156	0.004673	0.000000	0.000000	0.000000
433	0.000000	0.000000	0.000000	0.071241	0.924114	0.004645	0.000000	0.000000	0.000000
434	0.000000	0.000000	0.000000	0.071028	0.924227	0.004745	0.000000	0.000000	0.000000
435	0.000000	0.000000	0.000000	0.071354	0.923884	0.004762	0.000000	0.000000	0.000000
436	0.000000	0.000000	0.000000	0.071025	0.924253	0.004722	0.000000	0.000000	0.000000
437	0.000000	0.000000	0.000000	0.071031	0.924297	0.004672	0.000000	0.000000	0.000000
438	0.000000	0.000000	0.000000	0.071021	0.924346	0.004633	0.000000	0.000000	0.000000
439	0.000000	0.000000	0.000000	0.070791	0.924596	0.004613	0.000000	0.000000	0.000000
440	0.000000	0.000000	0.000000	0.070983	0.924377	0.004640	0.000000	0.000000	0.000000
441	0.000000	0.000000	0.000000	0.070621	0.924749	0.004630	0.000000	0.000000	0.000000
442	0.000000	0.000000	0.000000	0.070274	0.925093	0.004633	0.000000	0.000000	0.000000
443	0.000000	0.000000	0.000000	0.069966	0.925409	0.004625	0.000000	0.000000	0.000000
444	0.000000	0.000000	0.000000	0.069828	0.925593	0.004579	0.000000	0.000000	0.000000
445	0.000000	0.000000	0.000000	0.069544	0.925853	0.004603	0.000000	0.000000	0.000000
446	0.000000	0.000000	0.000000	0.069393	0.925921	0.004686	0.000000	0.000000	0.000000
447	0.000000	0.000000	0.000000	0.069487	0.925795	0.004718	0.000000	0.000000	0.000000
448	0.000000	0.000000	0.000000	0.069190	0.926146	0.004664	0.000000	0.000000	0.000000
449	0.000000	0.000000	0.000000	0.069241	0.926119	0.004640	0.000000	0.000000	0.000000
450	0.000000	0.000000	0.000000	0.069451	0.925874	0.004675	0.000000	0.000000	0.000000
451	0.000000	0.000000	0.000000	0.069524	0.925850	0.004626	0.000000	0.000000	0.000000
452	0.000000	0.000000	0.000000	0.069564	0.925858	0.004578	0.000000	0.000000	0.000000
453	0.000000	0.000000	0.000000	0.069294	0.926082	0.004624	0.000000	0.000000	0.000000
454	0.000000	0.000000	0.000000	0.069303	0.926111	0.004586	0.000000	0.000000	0.000000
455	0.000000	0.000000	0.000000	0.069296	0.926131	0.004573	0.000000	0.000000	0.000000
456	0.000000	0.000000	0.000000	0.069353	0.926043	0.004604	0.000000	0.000000	0.000000
457	0.000000	0.000000	0.000000	0.069189	0.926342	0.004469	0.000000	0.000000	0.000000
458	0.000000	0.000000	0.000000	0.069124	0.926334	0.004542	0.000000	0.000000	0.000000
459	0.000000	0.000000	0.000000	0.068907	0.926630	0.004463	0.000000	0.000000	0.000000
460	0.000000	0.000000	0.000000	0.068900	0.926604	0.004496	0.000000	0.000000	0.000000
461	0.000000	0.000000	0.000000	0.068976	0.926392	0.004632	0.000000	0.000000	0.000000
462	0.000000	0.000000	0.000000	0.068852	0.926637	0.004511	0.000000	0.000000	0.000000
463	0.000000	0.000000	0.000000	0.068754	0.926643	0.004603	0.000000	0.000000	0.000000
464	0.000000	0.000000	0.000000	0.068815	0.926668	0.004517	0.000000	0.000000	0.000000
465	0.000000	0.000000	0.000000	0.068948	0.926565	0.004487	0.000000	0.000000	0.000000
466	0.000000	0.000000	0.000000	0.068645	0.926910	0.004445	0.000000	0.000000	0.000000
467	0.000000	0.000000	0.000000	0.068552	0.927058	0.004390	0.000000	0.000000	0.000000
468	0.000000	0.000000	0.000000	0.068362	0.927236	0.004402	0.000000	0.000000	0.000000
469	0.000000	0.000000	0.000000	0.068508	0.927104	0.004388	0.000000	0.000000	0.000000
470	0.000000	0.000000	0.000000	0.068533	0.927089	0.004378	0.000000	0.000000	0.000000
