0	0.290663	0.057897	0.229473	0.157588	0.029913	0.111872	0.085455	0.012259	0.024880
1	0.228484	0.047271	0.197654	0.133799	0.027564	0.116735	0.127798	0.024563	0.096132
2	0.225952	0.046447	0.193237	0.123391	0.026176	0.108037	0.136874	0.026738	0.113148
3	0.228363	0.046373	0.191636	0.114733	0.025457	0.099484	0.141839	0.027656	0.124459
4	0.232313	0.046085	0.189318	0.106753	0.024748	0.091281	0.146148	0.028359	0.134995
5	0.236934	0.046620	0.186852	0.099706	0.024208	0.083338	0.148696	0.028766	0.144880
6	0.240905	0.046797	0.184734	0.092833	0.023913	0.076346	0.151085	0.029185	0.154202
7	0.245920	0.047108	0.181692	0.086613	0.023225	0.069429	0.152799	0.029297	0.163917
8	0.250876	0.046929	0.178209	0.080953	0.022990	0.063196	0.153977	0.029253	0.173617
9	0.256173	0.047310	0.174583	0.075572	0.022774	0.057706	0.154375	0.029016	0.182491
10	0.261011	0.047372	0.170178	0.070591	0.022575	0.052315	0.154574	0.029281	0.192103
11	0.265335	0.047319	0.166659	0.066054	0.022393	0.047432	0.155177	0.029158	0.200473
12	0.268859	0.047603	0.163235	0.061974	0.021716	0.043050	0.155499	0.029009	0.209055
13	0.273505	0.047941	0.158850	0.057900	0.021475	0.039120	0.155291	0.028760	0.217158
14	0.277800	0.048169	0.154613	0.054016	0.021294	0.035135	0.155017	0.028471	0.225485
15	0.281223	0.048133	0.150288	0.050883	0.021209	0.031842	0.154522	0.028386	0.233514
16	0.285394	0.048526	0.145964	0.047741	0.020895	0.028803	0.153563	0.027929	0.241185
17	0.288454	0.048944	0.142213	0.044488	0.020841	0.026067	0.152777	0.027488	0.248728
18	0.291932	0.049009	0.138122	0.042017	0.020472	0.023372	0.151418	0.027289	0.256369
19	0.294900	0.049384	0.134052	0.039301	0.020469	0.021047	0.149481	0.027281	0.264085
20	0.298477	0.049628	0.129844	0.036391	0.020432	0.019045	0.147936	0.026985	0.271262
21	0.302045	0.049905	0.125612	0.034117	0.020437	0.017034	0.146439	0.026592	0.277819
22	0.304781	0.049898	0.121292	0.031956	0.020408	0.015436	0.144925	0.026193	0.285111
23	0.308154	0.050279	0.117464	0.029712	0.020220	0.013739	0.143235	0.025721	0.291476
24	0.311326	0.050567	0.113738	0.027757	0.020238	0.012233	0.141025	0.025186	0.297930
25	0.313998	0.050855	0.110063	0.026266	0.019768	0.010943	0.139202	0.024672	0.304233
26	0.316670	0.051072	0.106228	0.024355	0.019728	0.009889	0.137216	0.024280	0.310562
27	0.318949	0.051402	0.102747	0.022849	0.019762	0.008933	0.134982	0.023656	0.316720
28	0.321146	0.051662	0.099189	0.021330	0.019712	0.007957	0.133331	0.023263	0.322410
29	0.323511	0.051417	0.095374	0.019956	0.019628	0.007093	0.131438	0.022840	0.328743
30	0.325525	0.051420	0.091681	0.018811	0.019512	0.006382	0.129597	0.022587	0.334485
31	0.327626	0.050991	0.088037	0.017453	0.019518	0.005764	0.127740	0.022272	0.340599
32	0.329131	0.051093	0.084631	0.016257	0.019355	0.005017	0.125608	0.021921	0.346987
33	0.330733	0.051262	0.081286	0.015285	0.019214	0.004526	0.123714	0.021486	0.352494
34	0.332421	0.051283	0.078169	0.014157	0.019116	0.004122	0.121552	0.020911	0.358269
35	0.333438	0.051093	0.074942	0.013240	0.019071	0.003679	0.120122	0.020489	0.363926
36	0.334769	0.051301	0.072312	0.012305	0.018815	0.003366	0.117650	0.020137	0.369345
37	0.335939	0.051080	0.069238	0.011594	0.018744	0.003094	0.115789	0.019837	0.374685
38	0.336948	0.050998	0.066507	0.010673	0.018672	0.002814	0.113653	0.019396	0.380339
39	0.338293	0.050866	0.063873	0.009945	0.018872	0.002583	0.111563	0.019307	0.384698
40	0.339436	0.050695	0.061259	0.009307	0.018851	0.002241	0.109559	0.018926	0.389726
41	0.339589	0.050463	0.058864	0.008663	0.018864	0.001985	0.107693	0.018449	0.395430
42	0.340942	0.050545	0.056602	0.008042	0.018708	0.001825	0.105345	0.018115	0.399876
43	0.341460	0.050306	0.054125	0.007378	0.018663	0.001645	0.103584	0.017952	0.404887
44	0.341979	0.049943	0.051790	0.007036	0.018620	0.001494	0.101808	0.017517	0.409813
45	0.342511	0.049728	0.049554	0.006544	0.018552	0.001321	0.100135	0.017271	0.414384
46	0.343039	0.049621	0.047735	0.006149	0.018440	0.001185	0.098110	0.016821	0.418900
47	0.342807	0.049682	0.045408	0.005826	0.018384	0.001094	0.096668	0.016616	0.423515
48	0.343262	0.049475	0.043558	0.005383	0.018298	0.001021	0.094894	0.016167	0.427942
49	0.343720	0.049175	0.041701	0.005016	0.018118	0.000900	0.092921	0.015891	0.432558
50	0.343407	0.049387	0.039896	0.004608	0.017976	0.000793	0.091451	0.015350	0.437132
51	0.343463	0.049351	0.037930	0.004346	0.017893	0.000729	0.090314	0.015073	0.440901
52	0.343498	0.049024	0.036547	0.004061	0.017684	0.000668	0.088800	0.014780	0.444938
53	0.343192	0.049200	0.034876	0.003829	0.017675	0.000578	0.086980	0.014420	0.449250
54	0.343345	0.049145	0.033412	0.003605	0.017456	0.000555	0.085170	0.014249	0.453063
55	0.343512	0.048772	0.032081	0.003440	0.017491	0.000523	0.083669	0.013845	0.456667
56	0.343616	0.048439	0.030652	0.003257	0.017277	0.000447	0.082383	0.013557	0.460372
57	0.343424	0.048576	0.029434	0.003076	0.017034	0.000415	0.080164	0.013250	0.464627
58	0.342763	0.048049	0.027945	0.002855	0.017197	0.000391	0.078751	0.013007	0.469042
59	0.341610	0.048133	0.026957	0.002701	0.017098	0.000328	0.077487	0.012696	0.472990
60	0.341421	0.048042	0.025737	0.002495	0.016898	0.000278	0.076125	0.012534	0.476470
61	0.340875	0.047667	0.024275	0.002361	0.016874	0.000228	0.074509	0.012162	0.481049
62	0.340426	0.047505	0.023002	0.002200	0.016855	0.000197	0.073252	0.011894	0.484669
63	0.339553	0.047303	0.022028	0.002042	0.016701	0.000187	0.072006	0.011646	0.488534
64	0.338669	0.047384	0.020971	0.001892	0.016642	0.000160	0.070787	0.011539	0.491956
65	0.337635	0.047124	0.020079	0.001707	0.016568	0.000131	0.069797	0.011362	0.495597
66	0.336772	0.046975	0.019143	0.001585	0.016408	0.000132	0.068450	0.011023	0.499512
67	0.335270	0.046731	0.018210	0.001440	0.016461	0.000101	0.067073	0.010929	0.503785
68	0.333874	0.046189	0.017124	0.001320	0.016272	0.000097	0.066251	0.010661	0.508212
69	0.332890	0.045904	0.016365	0.001283	0.016166	0.000090	0.065357	0.010400	0.511545
70	0.331544	0.045787	0.015716	0.001226	0.016106	0.000083	0.064588	0.010203	0.514747
71	0.330198	0.045134	0.014975	0.001120	0.016077	0.000088	0.063505	0.010151	0.518752
72	0.328792	0.044835	0.014268	0.001019	0.016052	0.000089	0.062994	0.010025	0.521926
73	0.327554	0.044665	0.013777	0.000932	0.016003	0.000088	0.061589	0.009925	0.525467
74	0.326763	0.044361	0.013164	0.000893	0.015782	0.000074	0.060539	0.009836	0.528588
75	0.325216	0.043654	0.012658	0.000873	0.015825	0.000081	0.059497	0.009546	0.532650
76	0.324406	0.043162	0.012135	0.000872	0.015681	0.000075	0.058843	0.009355	0.535471
77	0.323394	0.042970	0.011546	0.000819	0.015503	0.000067	0.058326	0.009182	0.538193
78	0.321995	0.042511	0.010898	0.000769	0.015541	0.000051	0.057370	0.009092	0.541773
79	0.319906	0.042166	0.010479	0.000747	0.015524	0.000045	0.056538	0.009084	0.545511
80	0.317851	0.042149	0.009985	0.000681	0.015429	0.000046	0.055747	0.009002	0.549110
81	0.316289	0.041479	0.009431	0.000656	0.015255	0.000038	0.055118	0.008774	0.552960
82	0.314086	0.041237	0.009097	0.000565	0.015038	0.000035	0.054610	0.008722	0.556610
83	0.312208	0.040794	0.008730	0.000556	0.014853	0.000035	0.053796	0.008553	0.560475
84	0.310977	0.040713	0.008130	0.000532	0.014744	0.000033	0.052914	0.008386	0.563571
85	0.309178	0.040309	0.007680	0.000489	0.014674	0.000033	0.052409	0.008236	0.566992
86	0.307150	0.039761	0.007288	0.000442	0.014582	0.000031	0.051936	0.008067	0.570743
87	0.305516	0.039209	0.006969	0.000430	0.014409	0.000021	0.051191	0.007884	0.574371
88	0.303309	0.038704	0.006805	0.000427	0.014227	0.000012	0.050081	0.007787	0.578648
89	0.301712	0.038490	0.006690	0.000407	0.014091	0.000007	0.049620	0.007687	0.581296
90	0.300134	0.037980	0.006340	0.000388	0.013943	0.000009	0.049056	0.007682	0.584468
91	0.297907	0.037805	0.005961	0.000373	0.013937	0.000009	0.048586	0.007550	0.587872
92	0.296145	0.037643	0.005740	0.000347	0.013944	0.000013	0.047722	0.007360	0.591086
93	0.294230	0.037298	0.005547	0.000315	0.013851	0.000011	0.047066	0.007310	0.594372
94	0.292037	0.036892	0.005465	0.000277	0.013791	0.000007	0.046636	0.007236	0.597659
95	0.289870	0.036698	0.005183	0.000281	0.013508	0.000005	0.046045	0.007252	0.601158
96	0.287622	0.036328	0.004935	0.000247	0.013506	0.000003	0.045455	0.007052	0.604852
97	0.286035	0.035971	0.004594	0.000213	0.013537	0.000001	0.044676	0.006821	0.608152
98	0.284111	0.035435	0.004420	0.000216	0.013583	0.000002	0.044265	0.006720	0.611248
99	0.282227	0.035066	0.004216	0.000214	0.013569	0.000001	0.043940	0.006686	0.614081
100	0.280529	0.034635	0.004084	0.000214	0.013437	0.000002	0.043317	0.006442	0.617340
101	0.278394	0.034284	0.003908	0.000198	0.013293	0.000002	0.042731	0.006366	0.620824
102	0.276392	0.033958	0.003668	0.000168	0.013133	0.000001	0.042301	0.006308	0.624071
103	0.274311	0.033778	0.003452	0.000173	0.013065	0.000000	0.041852	0.006291	0.627078
104	0.272300	0.033350	0.003347	0.000160	0.013012	0.000000	0.041408	0.006207	0.630216
105	0.270025	0.033163	0.003233	0.000149	0.012934	0.000000	0.040952	0.006214	0.633330
106	0.268350	0.032723	0.003057	0.000126	0.012803	0.000000	0.040394	0.006180	0.636367
107	0.265948	0.032228	0.002827	0.000116	0.012656	0.000000	0.040100	0.006083	0.640042
108	0.263867	0.031723	0.002735	0.000124	0.012457	0.000000	0.039661	0.006052	0.643381
109	0.261557	0.031450	0.002558	0.000131	0.012369	0.000000	0.039052	0.005971	0.646912
110	0.259492	0.031153	0.002477	0.000113	0.012179	0.000000	0.038570	0.005821	0.650195
111	0.257232	0.030607	0.002325	0.000100	0.012090	0.000000	0.038152	0.005757	0.653737
112	0.254364	0.030464	0.002291	0.000094	0.012019	0.000000	0.037860	0.005813	0.657095
113	0.251833	0.030096	0.002256	0.000079	0.011994	0.000000	0.037563	0.005791	0.660388
114	0.249757	0.029829	0.002111	0.000077	0.011726	0.000000	0.037280	0.005688	0.663532
115	0.247664	0.029524	0.002002	0.000082	0.011689	0.000000	0.036590	0.005667	0.666782
116	0.245645	0.029216	0.001914	0.000072	0.011556	0.000000	0.036314	0.005679	0.669604
117	0.243220	0.029086	0.001881	0.000077	0.011631	0.000000	0.036038	0.005524	0.672543
118	0.240660	0.028890	0.001790	0.000072	0.011507	0.000000	0.035905	0.005490	0.675686
119	0.238405	0.028614	0.001699	0.000065	0.011427	0.000000	0.035799	0.005284	0.678707
120	0.236066	0.028242	0.001616	0.000067	0.011411	0.000000	0.035203	0.005286	0.682109
121	0.233968	0.028031	0.001519	0.000063	0.011362	0.000000	0.035076	0.005234	0.684747
122	0.231626	0.027806	0.001455	0.000060	0.011268	0.000000	0.034814	0.005226	0.687745
123	0.229805	0.027199	0.001396	0.000054	0.011129	0.000000	0.034480	0.005237	0.690700
124	0.227324	0.027008	0.001325	0.000057	0.010900	0.000000	0.034255	0.005263	0.693868
125	0.225116	0.026540	0.001337	0.000054	0.010801	0.000000	0.033727	0.005239	0.697186
126	0.222500	0.026125	0.001181	0.000048	0.010643	0.000000	0.033450	0.005220	0.700833
127	0.219932	0.025745	0.001126	0.000055	0.010542	0.000000	0.033033	0.005160	0.704407
128	0.217798	0.025509	0.001035	0.000057	0.010387	0.000000	0.032697	0.005218	0.707299
129	0.216086	0.025221	0.001016	0.000051	0.010307	0.000000	0.032241	0.005150	0.709928
130	0.214173	0.024937	0.000933	0.000049	0.010146	0.000000	0.031727	0.005160	0.712875
131	0.212214	0.024767	0.000904	0.000042	0.010014	0.000000	0.031513	0.005044	0.715502
132	0.210211	0.024342	0.000847	0.000043	0.009921	0.000000	0.031009	0.004959	0.718668
133	0.207682	0.024114	0.000783	0.000044	0.009785	0.000000	0.031204	0.004896	0.721492
134	0.205444	0.023790	0.000751	0.000035	0.009764	0.000000	0.031018	0.004949	0.724249
135	0.202935	0.023638	0.000670	0.000042	0.009837	0.000000	0.030858	0.004925	0.727095
136	0.201094	0.023533	0.000639	0.000034	0.009688	0.000000	0.030740	0.004886	0.729386
137	0.198793	0.023144	0.000589	0.000035	0.009633	0.000000	0.030556	0.004851	0.732399
138	0.196767	0.022679	0.000580	0.000036	0.009508	0.000000	0.030398	0.004823	0.735209
139	0.194763	0.022267	0.000562	0.000023	0.009337	0.000000	0.030260	0.004795	0.737993
140	0.192669	0.021983	0.000552	0.000026	0.009291	0.000000	0.029992	0.004810	0.740677
141	0.190398	0.021687	0.000513	0.000021	0.009110	0.000000	0.029878	0.004830	0.743563
142	0.188219	0.021573	0.000471	0.000021	0.009033	0.000000	0.029546	0.004789	0.746348
143	0.186101	0.021318	0.000472	0.000019	0.008973	0.000000	0.029302	0.004843	0.748972
144	0.183863	0.021174	0.000430	0.000017	0.008832	0.000000	0.029059	0.004809	0.751816
145	0.181808	0.020806	0.000410	0.000019	0.008742	0.000000	0.028772	0.004772	0.754671
146	0.179598	0.020446	0.000382	0.000012	0.008712	0.000000	0.028860	0.004717	0.757273
147	0.177271	0.020215	0.000398	0.000013	0.008648	0.000000	0.028746	0.004760	0.759949
148	0.175675	0.020007	0.000381	0.000017	0.008514	0.000000	0.028419	0.004618	0.762369
149	0.173499	0.019627	0.000353	0.000019	0.008420	0.000000	0.028557	0.004571	0.764954
150	0.171375	0.019420	0.000355	0.000019	0.008254	0.000000	0.028367	0.004580	0.767630
151	0.169253	0.019205	0.000321	0.000019	0.008107	0.000000	0.028055	0.004557	0.770483
152	0.166783	0.018715	0.000327	0.000020	0.008045	0.000000	0.028239	0.004484	0.773387
153	0.164467	0.018631	0.000313	0.000013	0.007962	0.000000	0.028217	0.004386	0.776011
154	0.162507	0.018200	0.000289	0.000012	0.007929	0.000000	0.028110	0.004371	0.778582
155	0.160443	0.017962	0.000269	0.000010	0.007864	0.000000	0.027919	0.004378	0.781155
156	0.158653	0.017780	0.000252	0.000010	0.007774	0.000000	0.027626	0.004418	0.783487
157	0.156885	0.017500	0.000247	0.000008	0.007759	0.000000	0.027475	0.004346	0.785780
158	0.154997	0.017195	0.000230	0.000013	0.007635	0.000000	0.027253	0.004386	0.788291
159	0.153076	0.017046	0.000205	0.000011	0.007646	0.000000	0.027252	0.004379	0.790385
160	0.151017	0.016933	0.000199	0.000008	0.007563	0.000000	0.027090	0.004401	0.792789
161	0.148892	0.016838	0.000200	0.000007	0.007528	0.000000	0.027010	0.004387	0.795138
162	0.147195	0.016673	0.000182	0.000010	0.007432	0.000000	0.026817	0.004427	0.797264
163	0.145052	0.016435	0.000177	0.000010	0.007233	0.000000	0.026859	0.004468	0.799766
164	0.142959	0.016194	0.000159	0.000011	0.007176	0.000000	0.026640	0.004457	0.802404
165	0.141208	0.015972	0.000157	0.000012	0.007078	0.000000	0.026874	0.004474	0.804225
166	0.139201	0.015638	0.000165	0.000011	0.007033	0.000000	0.026855	0.004413	0.806684
167	0.137493	0.015417	0.000150	0.000006	0.006878	0.000000	0.026823	0.004336	0.808897
168	0.136191	0.015104	0.000139	0.000005	0.006774	0.000000	0.026768	0.004347	0.810672
169	0.134331	0.014905	0.000145	0.000007	0.006689	0.000000	0.026484	0.004323	0.813116
170	0.132808	0.014672	0.000143	0.000006	0.006618	0.000000	0.026509	0.004267	0.814977
171	0.131294	0.014406	0.000133	0.000004	0.006491	0.000000	0.026641	0.004212	0.816819
172	0.129945	0.014248	0.000141	0.000004	0.006324	0.000000	0.026742	0.004236	0.818360
173	0.128229	0.014002	0.000118	0.000004	0.006262	0.000000	0.026363	0.004213	0.820809
174	0.126261	0.013762	0.000113	0.000004	0.006173	0.000000	0.026238	0.004166	0.823283
175	0.124348	0.013481	0.000102	0.000002	0.006128	0.000000	0.026530	0.004187	0.825222
176	0.122800	0.013411	0.000107	0.000002	0.005968	0.000000	0.026301	0.004140	0.827271
177	0.121072	0.013140	0.000113	0.000000	0.006013	0.000000	0.026281	0.004152	0.829229
178	0.119478	0.013049	0.000094	0.000000	0.005925	0.000000	0.025955	0.004051	0.831448
179	0.117754	0.012865	0.000093	0.000000	0.005971	0.000000	0.025986	0.004039	0.833292
180	0.116424	0.012692	0.000097	0.000000	0.005856	0.000000	0.026073	0.004028	0.834830
181	0.114676	0.012472	0.000110	0.000000	0.005784	0.000000	0.026089	0.004024	0.836845
182	0.112971	0.012297	0.000090	0.000000	0.005683	0.000000	0.025886	0.004030	0.839043
183	0.111120	0.012177	0.000082	0.000000	0.005561	0.000000	0.025906	0.004016	0.841138
184	0.109655	0.011871	0.000078	0.000000	0.005436	0.000000	0.025853	0.003992	0.843115
185	0.108356	0.011831	0.000078	0.000000	0.005392	0.000000	0.025892	0.003999	0.844452
186	0.106694	0.011640	0.000076	0.000000	0.005407	0.000000	0.025669	0.003989	0.846525
187	0.105649	0.011434	0.000070	0.000000	0.005279	0.000000	0.025641	0.003995	0.847932
188	0.104085	0.011178	0.000073	0.000000	0.005182	0.000000	0.025588	0.003970	0.849924
189	0.102608	0.011057	0.000080	0.000000	0.005195	0.000000	0.025693	0.003990	0.851377
190	0.101066	0.010851	0.000079	0.000000	0.005124	0.000000	0.025818	0.003977	0.853085
191	0.099913	0.010784	0.000068	0.000000	0.005063	0.000000	0.025664	0.003886	0.854622
192	0.098321	0.010582	0.000062	0.000000	0.004956	0.000000	0.025524	0.003848	0.856707
193	0.096927	0.010392	0.000048	0.000000	0.004818	0.000000	0.025475	0.003833	0.858507
194	0.095987	0.010270	0.000060	0.000000	0.004834	0.000000	0.025463	0.003870	0.859516
195	0.094543	0.010113	0.000052	0.000000	0.004706	0.000000	0.025317	0.003888	0.861381
196	0.092995	0.009978	0.000042	0.000000	0.004709	0.000000	0.025281	0.003787	0.863208
197	0.091653	0.009883	0.000043	0.000000	0.004543	0.000000	0.025136	0.003774	0.864968
198	0.090310	0.009725	0.000043	0.000000	0.004433	0.000000	0.025265	0.003741	0.866483
199	0.089106	0.009466	0.000040	0.000000	0.004396	0.000000	0.025205	0.003690	0.868097
200	0.087821	0.009251	0.000028	0.000000	0.004310	0.000000	0.025037	0.003739	0.869814
201	0.086764	0.009147	0.000031	0.000000	0.004291	0.000000	0.024927	0.003695	0.871145
202	0.085576	0.008932	0.000028	0.000000	0.004234	0.000000	0.024783	0.003696	0.872751
203	0.084647	0.008727	0.000021	0.000000	0.004123	0.000000	0.024883	0.003610	0.873989
204	0.083327	0.008615	0.000020	0.000000	0.004099	0.000000	0.024843	0.003664	0.875432
205	0.082093	0.008349	0.000015	0.000000	0.004099	0.000000	0.024617	0.003604	0.877223
206	0.080649	0.008286	0.000011	0.000000	0.004067	0.000000	0.024437	0.003567	0.878983
207	0.079659	0.008297	0.000012	0.000000	0.003931	0.000000	0.024246	0.003557	0.880298
208	0.078416	0.008197	0.000009	0.000000	0.003867	0.000000	0.024219	0.003627	0.881665
209	0.077549	0.008080	0.000009	0.000000	0.003830	0.000000	0.024164	0.003575	0.882793
210	0.076324	0.007982	0.000013	0.000000	0.003722	0.000000	0.023894	0.003490	0.884575
211	0.075296	0.007784	0.000009	0.000000	0.003637	0.000000	0.023962	0.003514	0.885798
212	0.074159	0.007567	0.000011	0.000000	0.003551	0.000000	0.023901	0.003490	0.887321
213	0.073073	0.007364	0.000010	0.000000	0.003499	0.000000	0.023947	0.003484	0.888623
214	0.072164	0.007118	0.000008	0.000000	0.003470	0.000000	0.024000	0.003488	0.889752
215	0.071417	0.006878	0.000004	0.000000	0.003412	0.000000	0.023767	0.003504	0.891018
216	0.070183	0.006755	0.000002	0.000000	0.003347	0.000000	0.023651	0.003452	0.892610
217	0.069201	0.006670	0.000001	0.000000	0.003364	0.000000	0.023507	0.003448	0.893809
218	0.068097	0.006551	0.000001	0.000000	0.003348	0.000000	0.023585	0.003400	0.895018
219	0.067105	0.006506	0.000000	0.000000	0.003292	0.000000	0.023355	0.003411	0.896331
220	0.066373	0.006510	0.000000	0.000000	0.003235	0.000000	0.023451	0.003377	0.897054
221	0.065220	0.006412	0.000000	0.000000	0.003115	0.000000	0.023442	0.003392	0.898419
222	0.064286	0.006288	0.000000	0.000000	0.003089	0.000000	0.023363	0.003437	0.899537
223	0.063560	0.006046	0.000000	0.000000	0.003013	0.000000	0.023487	0.003439	0.900455
224	0.062493	0.005826	0.000000	0.000000	0.002961	0.000000	0.023666	0.003392	0.901662
225	0.061703	0.005703	0.000000	0.000000	0.002950	0.000000	0.023563	0.003376	0.902705
226	0.060707	0.005645	0.000000	0.000000	0.002874	0.000000	0.023429	0.003344	0.904001
227	0.059749	0.005517	0.000000	0.000000	0.002847	0.000000	0.023460	0.003382	0.905045
228	0.058924	0.005500	0.000000	0.000000	0.002787	0.000000	0.023355	0.003341	0.906093
229	0.057737	0.005412	0.000000	0.000000	0.002746	0.000000	0.023306	0.003353	0.907446
230	0.056990	0.005263	0.000000	0.000000	0.002692	0.000000	0.023169	0.003325	0.908561
231	0.056224	0.005157	0.000000	0.000000	0.002653	0.000000	0.023261	0.003308	0.909397
232	0.055229	0.005082	0.000000	0.000000	0.002620	0.000000	0.023140	0.003312	0.910617
233	0.054522	0.005002	0.000000	0.000000	0.002630	0.000000	0.023242	0.003360	0.911244
234	0.053657	0.005013	0.000000	0.000000	0.002590	0.000000	0.023256	0.003375	0.912109
235	0.052802	0.005037	0.000000	0.000000	0.002525	0.000000	0.023242	0.003310	0.913084
236	0.052114	0.004913	0.000000	0.000000	0.002500	0.000000	0.023268	0.003321	0.913884
237	0.051210	0.004864	0.000000	0.000000	0.002447	0.000000	0.023297	0.003317	0.914865
238	0.050421	0.004806	0.000000	0.000000	0.002423	0.000000	0.023328	0.003280	0.915742
239	0.049380	0.004723	0.000000	0.000000	0.002389	0.000000	0.023185	0.003305	0.917018
240	0.048601	0.004632	0.000000	0.000000	0.002287	0.000000	0.023129	0.003314	0.918037
241	0.047644	0.004644	0.000000	0.000000	0.002239	0.000000	0.023243	0.003327	0.918903
242	0.046773	0.004527	0.000000	0.000000	0.002228	0.000000	0.023339	0.003362	0.919771
243	0.046098	0.004483	0.000000	0.000000	0.002177	0.000000	0.023141	0.003456	0.920645
244	0.045277	0.004435	0.000000	0.000000	0.002120	0.000000	0.023092	0.003357	0.921719
245	0.044672	0.004361	0.000000	0.000000	0.002026	0.000000	0.022986	0.003409	0.922546
246	0.043524	0.004401	0.000000	0.000000	0.002039	0.000000	0.023053	0.003452	0.923531
247	0.042914	0.004240	0.000000	0.000000	0.002012	0.000000	0.022833	0.003409	0.924592
248	0.042202	0.004203	0.000000	0.000000	0.001966	0.000000	0.022897	0.003395	0.925337
249	0.041445	0.004243	0.000000	0.000000	0.001909	0.000000	0.022740	0.003354	0.926309
250	0.040855	0.004134	0.000000	0.000000	0.001904	0.000000	0.022649	0.003411	0.927047
251	0.040320	0.004081	0.000000	0.000000	0.001852	0.000000	0.022476	0.003399	0.927872
252	0.039732	0.003999	0.000000	0.000000	0.001855	0.000000	0.022421	0.003444	0.928549
253	0.039123	0.003969	0.000000	0.000000	0.001782	0.000000	0.022178	0.003467	0.929481
254	0.038614	0.003905	0.000000	0.000000	0.001802	0.000000	0.021981	0.003451	0.930247
255	0.037958	0.003946	0.000000	0.000000	0.001746	0.000000	0.021971	0.003472	0.930907
256	0.037357	0.003898	0.000000	0.000000	0.001714	0.000000	0.021956	0.003461	0.931614
257	0.036790	0.003822	0.000000	0.000000	0.001689	0.000000	0.021796	0.003422	0.932481
258	0.036051	0.003735	0.000000	0.000000	0.001604	0.000000	0.021955	0.003401	0.933254
259	0.035220	0.003646	0.000000	0.000000	0.001612	0.000000	0.021782	0.003396	0.934344
260	0.034585	0.003584	0.000000	0.000000	0.001598	0.000000	0.021671	0.003307	0.935255
261	0.033991	0.003440	0.000000	0.000000	0.001571	0.000000	0.021611	0.003291	0.936096
262	0.033286	0.003400	0.000000	0.000000	0.001537	0.000000	0.021744	0.003319	0.936714
263	0.032802	0.003285	0.000000	0.000000	0.001511	0.000000	0.021606	0.003303	0.937493
264	0.032164	0.003205	0.000000	0.000000	0.001502	0.000000	0.021774	0.003322	0.938033
265	0.031471	0.003193	0.000000	0.000000	0.001507	0.000000	0.021880	0.003270	0.938679
266	0.030969	0.003155	0.000000	0.000000	0.001505	0.000000	0.021832	0.003285	0.939254
267	0.030404	0.003097	0.000000	0.000000	0.001498	0.000000	0.021900	0.003192	0.939909
268	0.029985	0.003010	0.000000	0.000000	0.001469	0.000000	0.021881	0.003186	0.940469
269	0.029412	0.003039	0.000000	0.000000	0.001468	0.000000	0.021612	0.003190	0.941279
270	0.028765	0.002974	0.000000	0.000000	0.001416	0.000000	0.021525	0.003215	0.942105
271	0.028336	0.002919	0.000000	0.000000	0.001387	0.000000	0.021631	0.003206	0.942521
272	0.027874	0.002842	0.000000	0.000000	0.001343	0.000000	0.021728	0.003166	0.943047
273	0.027295	0.002777	0.000000	0.000000	0.001361	0.000000	0.021560	0.003169	0.943838
274	0.026654	0.002762	0.000000	0.000000	0.001380	0.000000	0.021444	0.003123	0.944637
275	0.026046	0.002736	0.000000	0.000000	0.001357	0.000000	0.021499	0.003118	0.945244
276	0.025643	0.002699	0.000000	0.000000	0.001344	0.000000	0.021504	0.003040	0.945770
277	0.025052	0.002646	0.000000	0.000000	0.001347	0.000000	0.021539	0.003052	0.946364
278	0.024602	0.002586	0.000000	0.000000	0.001322	0.000000	0.021348	0.003070	0.947072
279	0.024120	0.002535	0.000000	0.000000	0.001318	0.000000	0.021266	0.003122	0.947639
280	0.023519	0.002523	0.000000	0.000000	0.001276	0.000000	0.021259	0.003125	0.948298
281	0.023058	0.002500	0.000000	0.000000	0.001262	0.000000	0.021091	0.003143	0.948946
282	0.022577	0.002400	0.000000	0.000000	0.001236	0.000000	0.021212	0.003121	0.949454
283	0.022236	0.002345	0.000000	0.000000	0.001207	0.000000	0.021137	0.003077	0.949998
284	0.021742	0.002265	0.000000	0.000000	0.001187	0.000000	0.021282	0.003063	0.950461
285	0.021283	0.002245	0.000000	0.000000	0.001147	0.000000	0.021249	0.003086	0.950990
286	0.020851	0.002152	0.000000	0.000000	0.001148	0.000000	0.021201	0.003071	0.951577
287	0.020493	0.002065	0.000000	0.000000	0.001136	0.000000	0.021248	0.003105	0.951953
288	0.020127	0.002040	0.000000	0.000000	0.001124	0.000000	0.021328	0.003132	0.952249
289	0.019790	0.001994	0.000000	0.000000	0.001097	0.000000	0.021400	0.003051	0.952668
290	0.019458	0.001972	0.000000	0.000000	0.001076	0.000000	0.021425	0.003044	0.953025
291	0.019000	0.001894	0.000000	0.000000	0.001049	0.000000	0.021390	0.003053	0.953614
292	0.018534	0.001823	0.000000	0.000000	0.001030	0.000000	0.021356	0.003036	0.954221
293	0.018255	0.001781	0.000000	0.000000	0.000982	0.000000	0.021246	0.003062	0.954674
294	0.017955	0.001722	0.000000	0.000000	0.000967	0.000000	0.021254	0.002996	0.955106
295	0.017447	0.001677	0.000000	0.000000	0.000962	0.000000	0.021285	0.002993	0.955636
296	0.017165	0.001625	0.000000	0.000000	0.000922	0.000000	0.021302	0.003018	0.955968
297	0.016718	0.001645	0.000000	0.000000	0.000913	0.000000	0.021195	0.003004	0.956525
298	0.016439	0.001578	0.000000	0.000000	0.000868	0.000000	0.020933	0.003055	0.957127
299	0.016126	0.001523	0.000000	0.000000	0.000864	0.000000	0.020964	0.002955	0.957568
300	0.015840	0.001491	0.000000	0.000000	0.000849	0.000000	0.021089	0.003048	0.957683
301	0.015562	0.001430	0.000000	0.000000	0.000851	0.000000	0.020958	0.003080	0.958119
302	0.015367	0.001410	0.000000	0.000000	0.000815	0.000000	0.020916	0.003062	0.958430
303	0.015042	0.001380	0.000000	0.000000	0.000769	0.000000	0.020734	0.003056	0.959019
304	0.014802	0.001389	0.000000	0.000000	0.000775	0.000000	0.020711	0.003037	0.959286
305	0.014456	0.001381	0.000000	0.000000	0.000761	0.000000	0.020644	0.003102	0.959656
306	0.014180	0.001325	0.000000	0.000000	0.000747	0.000000	0.020781	0.003088	0.959879
307	0.013742	0.001320	0.000000	0.000000	0.000747	0.000000	0.020620	0.003074	0.960497
308	0.013525	0.001312	0.000000	0.000000	0.000732	0.000000	0.020541	0.003104	0.960786
309	0.013306	0.001287	0.000000	0.000000	0.000714	0.000000	0.020602	0.003081	0.961010
310	0.013042	0.001297	0.000000	0.000000	0.000716	0.000000	0.020597	0.003101	0.961247
311	0.012685	0.001265	0.000000	0.000000	0.000715	0.000000	0.020601	0.003099	0.961635
312	0.012433	0.001256	0.000000	0.000000	0.000673	0.000000	0.020565	0.003075	0.961998
313	0.012166	0.001214	0.000000	0.000000	0.000650	0.000000	0.020559	0.003125	0.962286
314	0.011857	0.001210	0.000000	0.000000	0.000640	0.000000	0.020608	0.003052	0.962633
315	0.011594	0.001202	0.000000	0.000000	0.000636	0.000000	0.020604	0.003037	0.962927
316	0.011372	0.001172	0.000000	0.000000	0.000629	0.000000	0.020624	0.003063	0.963140
317	0.011156	0.001099	0.000000	0.000000	0.000613	0.000000	0.020843	0.003048	0.963241
318	0.010924	0.001108	0.000000	0.000000	0.000596	0.000000	0.020885	0.003004	0.963483
319	0.010643	0.001047	0.000000	0.000000	0.000540	0.000000	0.020999	0.002914	0.963857
320	0.010442	0.000996	0.000000	0.000000	0.000504	0.000000	0.020920	0.002861	0.964277
321	0.010251	0.001016	0.000000	0.000000	0.000492	0.000000	0.020884	0.002889	0.964468
322	0.009986	0.000948	0.000000	0.000000	0.000456	0.000000	0.021029	0.002910	0.964671
323	0.009687	0.000909	0.000000	0.000000	0.000451	0.000000	0.020919	0.002855	0.965179
324	0.009486	0.000862	0.000000	0.000000	0.000440	0.000000	0.020740	0.002891	0.965581
325	0.009299	0.000862	0.000000	0.000000	0.000456	0.000000	0.020749	0.002898	0.965736
326	0.009085	0.000815	0.000000	0.000000	0.000474	0.000000	0.020713	0.002928	0.965985
327	0.008809	0.000808	0.000000	0.000000	0.000462	0.000000	0.020682	0.002865	0.966374
328	0.008680	0.000780	0.000000	0.000000	0.000452	0.000000	0.020682	0.002848	0.966558
329	0.008518	0.000757	0.000000	0.000000	0.000428	0.000000	0.020626	0.002862	0.966809
330	0.008384	0.000730	0.000000	0.000000	0.000404	0.000000	0.020772	0.002868	0.966842
331	0.008179	0.000703	0.000000	0.000000	0.000414	0.000000	0.020659	0.002822	0.967223
332	0.007981	0.000671	0.000000	0.000000	0.000368	0.000000	0.020812	0.002821	0.967347
333	0.007793	0.000649	0.000000	0.000000	0.000344	0.000000	0.020807	0.002752	0.967655
334	0.007696	0.000653	0.000000	0.000000	0.000346	0.000000	0.020692	0.002764	0.967849
335	0.007519	0.000666	0.000000	0.000000	0.000335	0.000000	0.020905	0.002684	0.967891
336	0.007397	0.000681	0.000000	0.000000	0.000322	0.000000	0.020898	0.002654	0.968048
337	0.007206	0.000661	0.000000	0.000000	0.000331	0.000000	0.020982	0.002679	0.968141
338	0.006989	0.000642	0.000000	0.000000	0.000333	0.000000	0.020806	0.002645	0.968585
339	0.006796	0.000646	0.000000	0.000000	0.000322	0.000000	0.020757	0.002654	0.968825
340	0.006675	0.000648	0.000000	0.000000	0.000324	0.000000	0.020854	0.002630	0.968869
341	0.006397	0.000621	0.000000	0.000000	0.000323	0.000000	0.020987	0.002675	0.968997
342	0.006241	0.000622	0.000000	0.000000	0.000348	0.000000	0.020893	0.002711	0.969185
343	0.006173	0.000611	0.000000	0.000000	0.000342	0.000000	0.021027	0.002625	0.969222
344	0.006074	0.000590	0.000000	0.000000	0.000315	0.000000	0.020880	0.002608	0.969533
345	0.005918	0.000597	0.000000	0.000000	0.000307	0.000000	0.021056	0.002633	0.969489
346	0.005855	0.000575	0.000000	0.000000	0.000315	0.000000	0.021151	0.002567	0.969537
347	0.005696	0.000575	0.000000	0.000000	0.000337	0.000000	0.021087	0.002590	0.969715
348	0.005647	0.000586	0.000000	0.000000	0.000340	0.000000	0.021253	0.002574	0.969600
349	0.005599	0.000590	0.000000	0.000000	0.000326	0.000000	0.021165	0.002510	0.969810
350	0.005473	0.000583	0.000000	0.000000	0.000327	0.000000	0.021203	0.002520	0.969894
351	0.005404	0.000543	0.000000	0.000000	0.000322	0.000000	0.020999	0.002544	0.970188
352	0.005308	0.000543	0.000000	0.000000	0.000316	0.000000	0.020987	0.002526	0.970320
353	0.005223	0.000511	0.000000	0.000000	0.000309	0.000000	0.021204	0.002489	0.970264
354	0.005140	0.000499	0.000000	0.000000	0.000309	0.000000	0.021249	0.002493	0.970310
355	0.005097	0.000484	0.000000	0.000000	0.000280	0.000000	0.021180	0.002488	0.970471
356	0.005108	0.000478	0.000000	0.000000	0.000268	0.000000	0.021143	0.002463	0.970540
357	0.005002	0.000469	0.000000	0.000000	0.000260	0.000000	0.021067	0.002457	0.970745
358	0.004913	0.000456	0.000000	0.000000	0.000248	0.000000	0.021009	0.002431	0.970943
359	0.004876	0.000442	0.000000	0.000000	0.000248	0.000000	0.021015	0.002414	0.971005
360	0.004766	0.000440	0.000000	0.000000	0.000238	0.000000	0.020901	0.002350	0.971305
361	0.004714	0.000426	0.000000	0.000000	0.000244	0.000000	0.021180	0.002388	0.971048
362	0.004627	0.000409	0.000000	0.000000	0.000231	0.000000	0.020989	0.002407	0.971337
363	0.004472	0.000409	0.000000	0.000000	0.000232	0.000000	0.021004	0.002471	0.971412
364	0.004407	0.000401	0.000000	0.000000	0.000225	0.000000	0.020958	0.002434	0.971575
365	0.004247	0.000392	0.000000	0.000000	0.000224	0.000000	0.020894	0.002423	0.971820
366	0.004197	0.000388	0.000000	0.000000	0.000210	0.000000	0.020856	0.002422	0.971927
367	0.004122	0.000364	0.000000	0.000000	0.000192	0.000000	0.020946	0.002441	0.971935
368	0.004014	0.000356	0.000000	0.000000	0.000200	0.000000	0.020916	0.002395	0.972119
369	0.003937	0.000349	0.000000	0.000000	0.000192	0.000000	0.020843	0.002411	0.972268
370	0.003794	0.000322	0.000000	0.000000	0.000180	0.000000	0.020912	0.002430	0.972362
371	0.003755	0.000298	0.000000	0.000000	0.000170	0.000000	0.020824	0.002379	0.972574
372	0.003697	0.000284	0.000000	0.000000	0.000161	0.000000	0.020783	0.002418	0.972657
373	0.003602	0.000272	0.000000	0.000000	0.000151	0.000000	0.020886	0.002418	0.972671
374	0.003518	0.000275	0.000000	0.000000	0.000148	0.000000	0.020769	0.002442	0.972848
375	0.003470	0.000266	0.000000	0.000000	0.000152	0.000000	0.020728	0.002411	0.972973
376	0.003404	0.000263	0.000000	0.000000	0.000142	0.000000	0.020460	0.002398	0.973333
377	0.003330	0.000253	0.000000	0.000000	0.000137	0.000000	0.020500	0.002448	0.973332
378	0.003244	0.000244	0.000000	0.000000	0.000146	0.000000	0.020565	0.002390	0.973411
379	0.003194	0.000245	0.000000	0.000000	0.000135	0.000000	0.020548	0.002395	0.973483
380	0.003119	0.000249	0.000000	0.000000	0.000145	0.000000	0.020324	0.002442	0.973721
381	0.003133	0.000244	0.000000	0.000000	0.000148	0.000000	0.020465	0.002465	0.973545
382	0.003056	0.000247	0.000000	0.000000	0.000144	0.000000	0.020392	0.002527	0.973634
383	0.002995	0.000221	0.000000	0.000000	0.000143	0.000000	0.020452	0.002506	0.973683
384	0.002918	0.000224	0.000000	0.000000	0.000151	0.000000	0.020456	0.002465	0.973786
385	0.002892	0.000213	0.000000	0.000000	0.000138	0.000000	0.020336	0.002386	0.974035
386	0.002819	0.000198	0.000000	0.000000	0.000136	0.000000	0.020380	0.002418	0.974049
387	0.002740	0.000207	0.000000	0.000000	0.000135	0.000000	0.020292	0.002450	0.974176
388	0.002665	0.000215	0.000000	0.000000	0.000126	0.000000	0.020278	0.002435	0.974281
389	0.002577	0.000215	0.000000	0.000000	0.000120	0.000000	0.020300	0.002421	0.974367
390	0.002508	0.000208	0.000000	0.000000	0.000125	0.000000	0.020453	0.002383	0.974323
391	0.002456	0.000198	0.000000	0.000000	0.000122	0.000000	0.020404	0.002369	0.974451
392	0.002446	0.000205	0.000000	0.000000	0.000117	0.000000	0.020387	0.002384	0.974461
393	0.002431	0.000199	0.000000	0.000000	0.000126	0.000000	0.020393	0.002402	0.974449
394	0.002346	0.000205	0.000000	0.000000	0.000124	0.000000	0.020273	0.002395	0.974657
395	0.002340	0.000190	0.000000	0.000000	0.000134	0.000000	0.020299	0.002372	0.974665
396	0.002295	0.000190	0.000000	0.000000	0.000129	0.000000	0.020218	0.002334	0.974834
397	0.002265	0.000179	0.000000	0.000000	0.000131	0.000000	0.020106	0.002293	0.975026
398	0.002232	0.000167	0.000000	0.000000	0.000125	0.000000	0.020046	0.002320	0.975110
399	0.002167	0.000144	0.000000	0.000000	0.000119	0.000000	0.020117	0.002336	0.975117
400	0.002137	0.000140	0.000000	0.000000	0.000115	0.000000	0.020166	0.002318	0.975124
401	0.002095	0.000137	0.000000	0.000000	0.000110	0.000000	0.020322	0.002330	0.975006
402	0.001975	0.000139	0.000000	0.000000	0.000110	0.000000	0.020331	0.002335	0.975110
403	0.001923	0.000132	0.000000	0.000000	0.000106	0.000000	0.020330	0.002357	0.975152
404	0.001888	0.000126	0.000000	0.000000	0.000108	0.000000	0.020396	0.002336	0.975146
405	0.001855	0.000122	0.000000	0.000000	0.000109	0.000000	0.020214	0.002368	0.975332
406	0.001823	0.000122	0.000000	0.000000	0.000111	0.000000	0.020142	0.002380	0.975422
407	0.001851	0.000122	0.000000	0.000000	0.000108	0.000000	0.020129	0.002377	0.975413
408	0.001782	0.000130	0.000000	0.000000	0.000106	0.000000	0.020117	0.002404	0.975461
409	0.001759	0.000126	0.000000	0.000000	0.000106	0.000000	0.019996	0.002321	0.975692
410	0.001692	0.000135	0.000000	0.000000	0.000105	0.000000	0.019948	0.002322	0.975798
411	0.001628	0.000140	0.000000	0.000000	0.000106	0.000000	0.020011	0.002356	0.975759
412	0.001620	0.000145	0.000000	0.000000	0.000107	0.000000	0.019980	0.002397	0.975751
413	0.001565	0.000143	0.000000	0.000000	0.000103	0.000000	0.020016	0.002385	0.975788
414	0.001576	0.000137	0.000000	0.000000	0.000108	0.000000	0.019931	0.002358	0.975890
415	0.001530	0.000144	0.000000	0.000000	0.000108	0.000000	0.020120	0.002288	0.975810
416	0.001464	0.000147	0.000000	0.000000	0.000103	0.000000	0.020146	0.002244	0.975896
417	0.001499	0.000163	0.000000	0.000000	0.000101	0.000000	0.020145	0.002220	0.975872
418	0.001488	0.000148	0.000000	0.000000	0.000092	0.000000	0.020250	0.002270	0.975752
419	0.001478	0.000143	0.000000	0.000000	0.000095	0.000000	0.020332	0.002301	0.975651
420	0.001478	0.000138	0.000000	0.000000	0.000102	0.000000	0.020342	0.002300	0.975640
421	0.001468	0.000145	0.000000	0.000000	0.000102	0.000000	0.020412	0.002374	0.975499
422	0.001429	0.000128	0.000000	0.000000	0.000096	0.000000	0.020325	0.002320	0.975702
423	0.001410	0.000128	0.000000	0.000000	0.000096	0.000000	0.020428	0.002303	0.975635
424	0.001352	0.000119	0.000000	0.000000	0.000101	0.000000	0.020537	0.002246	0.975645
425	0.001345	0.000115	0.000000	0.000000	0.000092	0.000000	0.020496	0.002318	0.975634
426	0.001287	0.000117	0.000000	0.000000	0.000088	0.000000	0.020527	0.002393	0.975588
427	0.001257	0.000122	0.000000	0.000000	0.000093	0.000000	0.020590	0.002371	0.975567
428	0.001238	0.000123	0.000000	0.000000	0.000096	0.000000	0.020533	0.002366	0.975644
429	0.001204	0.000124	0.000000	0.000000	0.000103	0.000000	0.020420	0.002377	0.975772
430	0.001185	0.000110	0.000000	0.000000	0.000107	0.000000	0.020370	0.002324	0.975904
431	0.001160	0.000109	0.000000	0.000000	0.000098	0.000000	0.020469	0.002349	0.975815
432	0.001132	0.000101	0.000000	0.000000	0.000093	0.000000	0.020347	0.002356	0.975971
433	0.001114	0.000099	0.000000	0.000000	0.000091	0.000000	0.020285	0.002362	0.976049
434	0.001073	0.000100	0.000000	0.000000	0.000095	0.000000	0.020152	0.002323	0.976257
435	0.001019	0.000102	0.000000	0.000000	0.000077	0.000000	0.020272	0.002332	0.976198
436	0.001012	0.000102	0.000000	0.000000	0.000083	0.000000	0.020236	0.002346	0.976221
437	0.001022	0.000097	0.000000	0.000000	0.000086	0.000000	0.020238	0.002354	0.976203
438	0.001010	0.000089	0.000000	0.000000	0.000078	0.000000	0.020113	0.002363	0.976347
439	0.000983	0.000089	0.000000	0.000000	0.000072	0.000000	0.020243	0.002362	0.976251
440	0.000967	0.000086	0.000000	0.000000	0.000070	0.000000	0.020171	0.002366	0.976340
441	0.000934	0.000080	0.000000	0.000000	0.000066	0.000000	0.020022	0.002312	0.976586
442	0.000899	0.000072	0.000000	0.000000	0.000061	0.000000	0.020058	0.002320	0.976590
443	0.000879	0.000068	0.000000	0.000000	0.000066	0.000000	0.020247	0.002321	0.976419
444	0.000842	0.000066	0.000000	0.000000	0.000068	0.000000	0.020116	0.002366	0.976542
445	0.000826	0.000065	0.000000	0.000000	0.000065	0.000000	0.020068	0.002325	0.976651
446	0.000811	0.000071	0.000000	0.000000	0.000069	0.000000	0.020403	0.002318	0.976328
447	0.000808	0.000062	0.000000	0.000000	0.000071	0.000000	0.020370	0.002329	0.976360
448	0.000778	0.000063	0.000000	0.000000	0.000072	0.000000	0.020299	0.002247	0.976541
449	0.000749	0.000058	0.000000	0.000000	0.000073	0.000000	0.020284	0.002255	0.976581
450	0.000722	0.000058	0.000000	0.000000	0.000082	0.000000	0.020396	0.002290	0.976452
451	0.000670	0.000059	0.000000	0.000000	0.000072	0.000000	0.020496	0.002297	0.976406
452	0.000654	0.000065	0.000000	0.000000	0.000076	0.000000	0.020354	0.002304	0.976547
453	0.000646	0.000072	0.000000	0.000000	0.000077	0.000000	0.020347	0.002316	0.976542
454	0.000613	0.000062	0.000000	0.000000	0.000078	0.000000	0.020432	0.002321	0.976494
455	0.000608	0.000055	0.000000	0.000000	0.000079	0.000000	0.020353	0.002369	0.976536
456	0.000604	0.000056	0.000000	0.000000	0.000079	0.000000	0.020387	0.002336	0.976538
457	0.000582	0.000042	0.000000	0.000000	0.000082	0.000000	0.020460	0.002304	0.976530
458	0.000559	0.000041	0.000000	0.000000	0.000080	0.000000	0.020331	0.002243	0.976746
459	0.000545	0.000037	0.000000	0.000000	0.000081	0.000000	0.020359	0.002235	0.976743
460	0.000555	0.000031	0.000000	0.000000	0.000076	0.000000	0.020302	0.002244	0.976792
461	0.000554	0.000027	0.000000	0.000000	0.000077	0.000000	0.020442	0.002218	0.976682
462	0.000550	0.000024	0.000000	0.000000	0.000079	0.000000	0.020476	0.002196	0.976675
463	0.000538	0.000025	0.000000	0.000000	0.000072	0.000000	0.020379	0.002178	0.976808
464	0.000522	0.000026	0.000000	0.000000	0.000071	0.000000	0.020237	0.002192	0.976952
465	0.000485	0.000031	0.000000	0.000000	0.000069	0.000000	0.020283	0.002134	0.976998
466	0.000484	0.000026	0.000000	0.000000	0.000065	0.000000	0.020168	0.002087	0.977170
467	0.000501	0.000022	0.000000	0.000000	0.000063	0.000000	0.020107	0.002071	0.977236
468	0.000488	0.000025	0.000000	0.000000	0.000057	0.000000	0.020084	0.002121	0.977225
469	0.000470	0.000022	0.000000	0.000000	0.000057	0.000000	0.020032	0.002125	0.977294
470	0.000474	0.000023	0.000000	0.000000	0.000052	0.000000	0.019915	0.002118	0.977418
