0	0.290663	0.057897	0.229473	0.157588	0.029913	0.111872	0.085455	0.012259	0.024880
1	0.221736	0.046029	0.193102	0.145558	0.030014	0.125798	0.121693	0.023407	0.092663
2	0.213577	0.044266	0.185433	0.145551	0.031237	0.126007	0.124359	0.023749	0.105821
3	0.212711	0.043121	0.179242	0.146495	0.033152	0.123354	0.124225	0.023307	0.114393
4	0.212656	0.042012	0.173478	0.148291	0.035188	0.120912	0.122294	0.022451	0.122718
5	0.213858	0.040963	0.168137	0.149230	0.037551	0.117461	0.120399	0.021751	0.130650
6	0.214621	0.039829	0.162104	0.150922	0.039829	0.114691	0.118844	0.021007	0.138153
7	0.215837	0.039110	0.156356	0.152381	0.042385	0.111012	0.116358	0.020359	0.146202
8	0.217380	0.038129	0.151212	0.153938	0.045101	0.108081	0.113320	0.019475	0.153364
9	0.218853	0.037051	0.145571	0.155674	0.047438	0.104452	0.111220	0.018453	0.161288
10	0.220955	0.035971	0.140070	0.156397	0.050202	0.100829	0.108611	0.017607	0.169358
11	0.222321	0.034809	0.135201	0.157485	0.053022	0.097258	0.105981	0.016935	0.176988
12	0.223856	0.034083	0.130132	0.158559	0.056110	0.093536	0.103195	0.016290	0.184239
13	0.225087	0.033069	0.124733	0.159956	0.059150	0.090505	0.100769	0.015501	0.191230
14	0.226821	0.032080	0.119672	0.161362	0.062509	0.086709	0.097832	0.014695	0.198320
15	0.228016	0.031109	0.114783	0.162083	0.066020	0.083848	0.095104	0.014018	0.205019
16	0.229141	0.030145	0.110165	0.162678	0.069781	0.080365	0.092579	0.013272	0.211874
17	0.229947	0.029069	0.105392	0.163960	0.073768	0.077146	0.089795	0.012742	0.218181
18	0.231192	0.027987	0.101415	0.164793	0.077618	0.073628	0.086584	0.011995	0.224788
19	0.232205	0.027231	0.096514	0.165544	0.081760	0.070699	0.084157	0.011343	0.230547
20	0.233394	0.026080	0.092502	0.166085	0.086022	0.067694	0.081542	0.010738	0.235943
21	0.233942	0.025239	0.088249	0.166559	0.090364	0.065040	0.078973	0.010058	0.241576
22	0.235259	0.024166	0.084256	0.167313	0.094633	0.062304	0.075971	0.009513	0.246585
23	0.236032	0.023391	0.080572	0.167550	0.099139	0.059596	0.073403	0.009023	0.251294
24	0.237096	0.022628	0.076764	0.167619	0.104106	0.056740	0.070938	0.008402	0.255707
25	0.237368	0.021678	0.073170	0.167917	0.108802	0.054443	0.068295	0.007955	0.260372
26	0.237263	0.020980	0.069630	0.169060	0.114072	0.051951	0.065672	0.007475	0.263897
27	0.237417	0.020114	0.065945	0.169586	0.119421	0.049498	0.063034	0.007038	0.267947
28	0.237242	0.019413	0.063011	0.169620	0.124255	0.047482	0.060559	0.006594	0.271824
29	0.236895	0.018416	0.059738	0.170210	0.129984	0.045381	0.058049	0.006160	0.275167
30	0.236802	0.017508	0.056861	0.170305	0.135577	0.043131	0.055809	0.005876	0.278131
31	0.236414	0.016818	0.053904	0.170554	0.141198	0.041233	0.053255	0.005474	0.281150
32	0.235811	0.016208	0.051104	0.171307	0.146992	0.039409	0.050831	0.005120	0.283218
33	0.235053	0.015502	0.048522	0.171926	0.153160	0.037464	0.048787	0.004818	0.284768
34	0.234466	0.014870	0.045789	0.172325	0.158898	0.035900	0.046307	0.004490	0.286955
35	0.234337	0.014156	0.043336	0.172513	0.164722	0.034101	0.044305	0.004135	0.288395
36	0.233242	0.013621	0.040896	0.172704	0.171133	0.032414	0.042105	0.003902	0.289983
37	0.232132	0.013016	0.038571	0.172402	0.177875	0.030893	0.040123	0.003541	0.291447
38	0.230555	0.012496	0.036516	0.172857	0.184147	0.029715	0.038036	0.003306	0.292372
39	0.228986	0.011937	0.034477	0.172818	0.191093	0.028383	0.036115	0.003000	0.293191
40	0.227713	0.011431	0.032439	0.172705	0.197588	0.027203	0.034195	0.002816	0.293910
41	0.225860	0.010929	0.030874	0.172635	0.204619	0.025931	0.032639	0.002611	0.293902
42	0.224451	0.010313	0.029018	0.173071	0.211341	0.024794	0.031285	0.002421	0.293306
43	0.222550	0.009896	0.027379	0.173417	0.218572	0.023802	0.029714	0.002283	0.292387
44	0.220742	0.009376	0.025762	0.173539	0.225717	0.022696	0.028215	0.002201	0.291752
45	0.219235	0.008865	0.024083	0.173553	0.233115	0.021782	0.026866	0.002017	0.290484
46	0.217297	0.008546	0.022679	0.174044	0.240528	0.020950	0.025310	0.001908	0.288738
47	0.215628	0.008153	0.021362	0.173969	0.247686	0.020067	0.023883	0.001754	0.287498
48	0.213271	0.007888	0.020211	0.173937	0.255256	0.019435	0.022720	0.001672	0.285610
49	0.210852	0.007527	0.019245	0.174597	0.262513	0.018801	0.021434	0.001593	0.283438
50	0.208443	0.007233	0.018228	0.175055	0.270042	0.017940	0.020087	0.001491	0.281481
51	0.205964	0.006901	0.017230	0.175140	0.277795	0.017074	0.018700	0.001400	0.279796
52	0.203680	0.006525	0.016281	0.175186	0.285895	0.016368	0.017758	0.001311	0.276996
53	0.201372	0.006231	0.015394	0.175589	0.293200	0.015877	0.016691	0.001213	0.274433
54	0.198818	0.005904	0.014292	0.175829	0.300888	0.015298	0.015759	0.001094	0.272118
55	0.195760	0.005585	0.013565	0.176043	0.308601	0.014740	0.015015	0.001014	0.269677
56	0.193084	0.005318	0.012690	0.176413	0.316562	0.014213	0.014150	0.000939	0.266631
57	0.190088	0.005009	0.011837	0.176594	0.324512	0.013567	0.013455	0.000883	0.264055
58	0.186625	0.004746	0.010814	0.177030	0.332529	0.013189	0.012767	0.000831	0.261469
59	0.183568	0.004541	0.010187	0.177658	0.340732	0.012775	0.012106	0.000801	0.257632
60	0.180166	0.004342	0.009634	0.178150	0.348739	0.012499	0.011533	0.000710	0.254227
61	0.177168	0.004107	0.008987	0.178807	0.356668	0.012228	0.010902	0.000693	0.250440
62	0.174448	0.003919	0.008426	0.179446	0.364511	0.011833	0.010288	0.000660	0.246469
63	0.171064	0.003769	0.008060	0.179130	0.373461	0.011577	0.009556	0.000652	0.242731
64	0.168197	0.003577	0.007532	0.179866	0.381354	0.011352	0.009001	0.000622	0.238499
65	0.165111	0.003365	0.007064	0.180493	0.389434	0.010973	0.008444	0.000567	0.234549
66	0.161790	0.003164	0.006644	0.180843	0.397187	0.010739	0.007859	0.000528	0.231246
67	0.158604	0.003011	0.006214	0.181042	0.405665	0.010482	0.007473	0.000514	0.226995
68	0.155580	0.002897	0.005786	0.181516	0.413633	0.010172	0.006930	0.000454	0.223032
69	0.152517	0.002724	0.005536	0.181709	0.421920	0.009876	0.006458	0.000440	0.218820
70	0.149366	0.002501	0.005187	0.182508	0.429500	0.009691	0.006053	0.000397	0.214797
71	0.145794	0.002400	0.004900	0.183243	0.437760	0.009417	0.005622	0.000366	0.210498
72	0.142985	0.002277	0.004607	0.183543	0.445601	0.009203	0.005323	0.000327	0.206134
73	0.139664	0.002182	0.004398	0.183986	0.453533	0.009015	0.004935	0.000289	0.201998
74	0.136719	0.002028	0.004128	0.184231	0.461320	0.008831	0.004619	0.000256	0.197868
75	0.133331	0.001941	0.003869	0.184456	0.469586	0.008608	0.004373	0.000254	0.193582
76	0.129940	0.001890	0.003643	0.185065	0.477271	0.008333	0.004072	0.000224	0.189562
77	0.126832	0.001763	0.003590	0.185864	0.484452	0.008112	0.003787	0.000214	0.185386
78	0.124273	0.001698	0.003285	0.186795	0.491611	0.008064	0.003524	0.000172	0.180578
79	0.121155	0.001611	0.003079	0.187671	0.498643	0.007859	0.003213	0.000171	0.176598
80	0.118151	0.001480	0.002904	0.188089	0.506190	0.007745	0.003018	0.000151	0.172272
81	0.114689	0.001371	0.002831	0.189173	0.513651	0.007731	0.002852	0.000140	0.167562
82	0.111633	0.001349	0.002634	0.189515	0.520945	0.007583	0.002613	0.000140	0.163588
83	0.108643	0.001233	0.002467	0.189677	0.528691	0.007448	0.002428	0.000132	0.159281
84	0.105956	0.001151	0.002274	0.190601	0.535456	0.007332	0.002151	0.000116	0.154963
85	0.102956	0.001055	0.002185	0.191321	0.542102	0.007217	0.002107	0.000106	0.150951
86	0.099882	0.001040	0.002043	0.192350	0.548542	0.007086	0.001868	0.000095	0.147094
87	0.096888	0.000986	0.001987	0.192948	0.554859	0.007171	0.001710	0.000085	0.143366
88	0.094034	0.000896	0.001809	0.193637	0.561522	0.006983	0.001606	0.000083	0.139430
89	0.091398	0.000837	0.001722	0.193953	0.567808	0.006955	0.001487	0.000068	0.135772
90	0.088467	0.000859	0.001632	0.194730	0.574249	0.006764	0.001354	0.000061	0.131884
91	0.085735	0.000804	0.001547	0.195288	0.580475	0.006663	0.001290	0.000073	0.128125
92	0.083073	0.000750	0.001449	0.195753	0.586746	0.006696	0.001183	0.000065	0.124285
93	0.080480	0.000680	0.001355	0.195749	0.593071	0.006591	0.001092	0.000057	0.120925
94	0.077869	0.000646	0.001288	0.196274	0.599183	0.006581	0.001010	0.000051	0.117098
95	0.075181	0.000596	0.001214	0.196863	0.605090	0.006408	0.000907	0.000044	0.113697
96	0.072753	0.000544	0.001169	0.197483	0.610858	0.006313	0.000846	0.000041	0.109993
97	0.070412	0.000466	0.001112	0.198018	0.616556	0.006296	0.000762	0.000040	0.106338
98	0.068271	0.000416	0.000989	0.198550	0.621842	0.006204	0.000722	0.000030	0.102976
99	0.066179	0.000408	0.000962	0.199249	0.626631	0.006280	0.000612	0.000036	0.099643
100	0.063830	0.000370	0.000937	0.199765	0.632072	0.006155	0.000533	0.000028	0.096310
101	0.061606	0.000324	0.000866	0.199945	0.637591	0.006076	0.000508	0.000028	0.093056
102	0.059542	0.000314	0.000828	0.200136	0.642626	0.005977	0.000454	0.000024	0.090099
103	0.057643	0.000283	0.000804	0.200747	0.647263	0.006017	0.000422	0.000028	0.086793
104	0.055653	0.000267	0.000779	0.201717	0.651531	0.005899	0.000376	0.000023	0.083755
105	0.053756	0.000251	0.000736	0.202305	0.656187	0.005824	0.000333	0.000021	0.080587
106	0.052146	0.000232	0.000738	0.202721	0.660275	0.005825	0.000320	0.000027	0.077716
107	0.050165	0.000218	0.000710	0.203308	0.664681	0.005837	0.000281	0.000035	0.074765
108	0.048377	0.000189	0.000693	0.203461	0.669189	0.005720	0.000257	0.000040	0.072074
109	0.046583	0.000179	0.000670	0.203843	0.673383	0.005654	0.000256	0.000035	0.069397
110	0.045067	0.000150	0.000610	0.204136	0.677585	0.005558	0.000224	0.000035	0.066635
111	0.043446	0.000136	0.000579	0.204028	0.681752	0.005516	0.000213	0.000039	0.064291
112	0.041623	0.000121	0.000557	0.204567	0.685839	0.005511	0.000196	0.000040	0.061546
113	0.040167	0.000109	0.000564	0.205194	0.689225	0.005443	0.000164	0.000041	0.059093
114	0.038509	0.000099	0.000532	0.205692	0.692746	0.005341	0.000152	0.000038	0.056891
115	0.037118	0.000095	0.000516	0.206048	0.696046	0.005325	0.000134	0.000041	0.054677
116	0.035739	0.000074	0.000482	0.206524	0.699362	0.005175	0.000121	0.000035	0.052488
117	0.034244	0.000064	0.000450	0.206894	0.702552	0.005253	0.000104	0.000042	0.050397
118	0.032710	0.000061	0.000406	0.207011	0.705975	0.005285	0.000088	0.000037	0.048427
119	0.031444	0.000055	0.000373	0.207158	0.709264	0.005229	0.000083	0.000035	0.046359
120	0.030190	0.000048	0.000349	0.207570	0.712278	0.005084	0.000079	0.000043	0.044359
121	0.028878	0.000041	0.000349	0.207638	0.715273	0.005115	0.000083	0.000027	0.042596
122	0.027567	0.000035	0.000363	0.207946	0.718190	0.005066	0.000078	0.000028	0.040727
123	0.026502	0.000033	0.000351	0.208430	0.720630	0.005096	0.000060	0.000027	0.038871
124	0.025383	0.000032	0.000337	0.208328	0.723354	0.005093	0.000065	0.000027	0.037381
125	0.024424	0.000036	0.000319	0.208764	0.725578	0.004994	0.000064	0.000028	0.035793
126	0.023289	0.000041	0.000291	0.209271	0.727714	0.005044	0.000047	0.000032	0.034271
127	0.022358	0.000038	0.000262	0.209428	0.729995	0.005015	0.000043	0.000028	0.032833
128	0.021426	0.000036	0.000280	0.210146	0.731838	0.004908	0.000037	0.000024	0.031305
129	0.020473	0.000033	0.000250	0.210390	0.733728	0.004983	0.000030	0.000020	0.030093
130	0.019543	0.000034	0.000212	0.211126	0.735519	0.004986	0.000028	0.000016	0.028536
131	0.018661	0.000033	0.000209	0.211136	0.738084	0.004866	0.000017	0.000013	0.026981
132	0.017720	0.000034	0.000182	0.211385	0.739804	0.004855	0.000018	0.000017	0.025985
133	0.016963	0.000037	0.000157	0.211741	0.741528	0.004776	0.000015	0.000015	0.024768
134	0.016173	0.000044	0.000135	0.211545	0.743474	0.004763	0.000018	0.000010	0.023838
135	0.015516	0.000044	0.000124	0.211563	0.745427	0.004791	0.000017	0.000007	0.022511
136	0.014860	0.000038	0.000121	0.212120	0.746548	0.004807	0.000020	0.000005	0.021481
137	0.014152	0.000036	0.000105	0.212374	0.748077	0.004834	0.000014	0.000003	0.020405
138	0.013599	0.000031	0.000094	0.212400	0.749679	0.004804	0.000013	0.000003	0.019377
139	0.012966	0.000031	0.000073	0.212423	0.751135	0.004875	0.000010	0.000002	0.018485
140	0.012406	0.000036	0.000079	0.213214	0.751790	0.004922	0.000011	0.000002	0.017540
141	0.011697	0.000033	0.000054	0.213874	0.752896	0.004797	0.000012	0.000002	0.016635
142	0.011285	0.000036	0.000057	0.213856	0.754133	0.004846	0.000009	0.000002	0.015776
143	0.010815	0.000026	0.000044	0.214885	0.754598	0.004834	0.000011	0.000001	0.014786
144	0.010493	0.000026	0.000036	0.214510	0.755922	0.004979	0.000014	0.000001	0.014019
145	0.010016	0.000019	0.000027	0.214826	0.756812	0.004866	0.000010	0.000001	0.013423
146	0.009619	0.000019	0.000023	0.215006	0.757699	0.004937	0.000004	0.000001	0.012692
147	0.009128	0.000024	0.000018	0.215185	0.758618	0.004915	0.000002	0.000000	0.012110
148	0.008747	0.000027	0.000018	0.215017	0.759784	0.004912	0.000003	0.000000	0.011492
149	0.008304	0.000020	0.000018	0.214979	0.760800	0.004945	0.000002	0.000000	0.010932
150	0.007986	0.000020	0.000011	0.215142	0.761595	0.004892	0.000002	0.000000	0.010352
151	0.007500	0.000018	0.000009	0.215381	0.762412	0.004862	0.000002	0.000000	0.009816
152	0.007129	0.000014	0.000006	0.215486	0.763110	0.004904	0.000003	0.000000	0.009348
153	0.006746	0.000012	0.000005	0.215331	0.764082	0.004948	0.000006	0.000000	0.008870
154	0.006395	0.000006	0.000004	0.215190	0.765045	0.005022	0.000006	0.000000	0.008332
155	0.006058	0.000004	0.000004	0.215276	0.765729	0.005004	0.000009	0.000000	0.007916
156	0.005723	0.000003	0.000002	0.215279	0.766477	0.005059	0.000009	0.000000	0.007448
157	0.005387	0.000002	0.000001	0.215379	0.767055	0.005069	0.000006	0.000000	0.007101
158	0.005123	0.000001	0.000002	0.215150	0.767934	0.005055	0.000005	0.000000	0.006730
159	0.004814	0.000001	0.000002	0.215493	0.768416	0.004941	0.000003	0.000000	0.006330
160	0.004548	0.000000	0.000001	0.215504	0.768987	0.004996	0.000004	0.000000	0.005960
161	0.004411	0.000000	0.000000	0.215234	0.769670	0.005075	0.000000	0.000000	0.005610
162	0.004056	0.000000	0.000000	0.214719	0.771027	0.005021	0.000001	0.000000	0.005176
163	0.003814	0.000000	0.000000	0.215255	0.771119	0.004873	0.000000	0.000000	0.004939
164	0.003524	0.000000	0.000000	0.215162	0.771666	0.004933	0.000000	0.000000	0.004715
165	0.003337	0.000000	0.000000	0.215016	0.772169	0.004972	0.000000	0.000000	0.004506
166	0.003081	0.000000	0.000000	0.215094	0.772554	0.005014	0.000000	0.000000	0.004257
167	0.002869	0.000000	0.000000	0.214706	0.773423	0.004996	0.000000	0.000000	0.004006
168	0.002711	0.000000	0.000000	0.214485	0.774001	0.005000	0.000000	0.000000	0.003803
169	0.002494	0.000000	0.000000	0.215204	0.773831	0.004879	0.000000	0.000000	0.003592
170	0.002349	0.000000	0.000000	0.215439	0.773884	0.004928	0.000000	0.000000	0.003400
171	0.002215	0.000000	0.000000	0.215958	0.773661	0.004935	0.000000	0.000000	0.003231
172	0.002080	0.000000	0.000000	0.215745	0.774145	0.004946	0.000000	0.000000	0.003084
173	0.001923	0.000000	0.000000	0.215903	0.774353	0.004927	0.000000	0.000000	0.002894
174	0.001782	0.000000	0.000000	0.215634	0.774974	0.004881	0.000000	0.000000	0.002729
175	0.001648	0.000000	0.000000	0.215155	0.775630	0.005018	0.000000	0.000000	0.002549
176	0.001547	0.000000	0.000000	0.214747	0.776352	0.004975	0.000000	0.000000	0.002379
177	0.001481	0.000000	0.000000	0.214876	0.776366	0.004995	0.000000	0.000000	0.002282
178	0.001376	0.000000	0.000000	0.214304	0.777152	0.004975	0.000000	0.000000	0.002193
179	0.001261	0.000000	0.000000	0.214216	0.777549	0.004920	0.000000	0.000000	0.002054
180	0.001160	0.000000	0.000000	0.214349	0.777655	0.004877	0.000000	0.000000	0.001959
181	0.001087	0.000000	0.000000	0.214313	0.777848	0.004901	0.000000	0.000000	0.001851
182	0.000995	0.000000	0.000000	0.214067	0.778249	0.004947	0.000000	0.000000	0.001742
183	0.000944	0.000000	0.000000	0.213865	0.778687	0.004918	0.000000	0.000000	0.001586
184	0.000882	0.000000	0.000000	0.214080	0.778520	0.005009	0.000000	0.000000	0.001509
185	0.000803	0.000000	0.000000	0.214242	0.778663	0.004900	0.000000	0.000000	0.001392
186	0.000785	0.000000	0.000000	0.214688	0.778309	0.004900	0.000000	0.000000	0.001318
187	0.000705	0.000000	0.000000	0.214354	0.778785	0.004885	0.000000	0.000000	0.001271
188	0.000630	0.000000	0.000000	0.214118	0.779081	0.004977	0.000000	0.000000	0.001194
189	0.000578	0.000000	0.000000	0.214274	0.779076	0.004941	0.000000	0.000000	0.001131
190	0.000549	0.000000	0.000000	0.214605	0.778796	0.004990	0.000000	0.000000	0.001060
191	0.000517	0.000000	0.000000	0.214690	0.778862	0.004916	0.000000	0.000000	0.001015
192	0.000449	0.000000	0.000000	0.214095	0.779495	0.005002	0.000000	0.000000	0.000959
193	0.000398	0.000000	0.000000	0.214138	0.779598	0.004966	0.000000	0.000000	0.000900
194	0.000373	0.000000	0.000000	0.214035	0.779796	0.004937	0.000000	0.000000	0.000859
195	0.000367	0.000000	0.000000	0.214390	0.779539	0.004919	0.000000	0.000000	0.000785
196	0.000344	0.000000	0.000000	0.214469	0.779548	0.004858	0.000000	0.000000	0.000781
197	0.000328	0.000000	0.000000	0.214738	0.779286	0.004906	0.000000	0.000000	0.000742
198	0.000314	0.000000	0.000000	0.214978	0.779101	0.004910	0.000000	0.000000	0.000697
199	0.000275	0.000000	0.000000	0.215317	0.778792	0.004967	0.000000	0.000000	0.000649
200	0.000295	0.000000	0.000000	0.215231	0.778988	0.004871	0.000000	0.000000	0.000615
201	0.000265	0.000000	0.000000	0.215517	0.778759	0.004863	0.000000	0.000000	0.000596
202	0.000290	0.000000	0.000000	0.215478	0.778844	0.004845	0.000000	0.000000	0.000543
203	0.000252	0.000000	0.000000	0.215605	0.778804	0.004842	0.000000	0.000000	0.000497
204	0.000243	0.000000	0.000000	0.215558	0.778992	0.004726	0.000000	0.000000	0.000481
205	0.000232	0.000000	0.000000	0.215993	0.778546	0.004789	0.000000	0.000000	0.000440
206	0.000224	0.000000	0.000000	0.216181	0.778435	0.004750	0.000000	0.000000	0.000410
207	0.000205	0.000000	0.000000	0.215851	0.778829	0.004719	0.000000	0.000000	0.000396
208	0.000187	0.000000	0.000000	0.215868	0.778776	0.004779	0.000000	0.000000	0.000390
209	0.000168	0.000000	0.000000	0.215688	0.778998	0.004794	0.000000	0.000000	0.000352
210	0.000145	0.000000	0.000000	0.215820	0.779000	0.004689	0.000000	0.000000	0.000346
211	0.000117	0.000000	0.000000	0.215630	0.779171	0.004756	0.000000	0.000000	0.000326
212	0.000115	0.000000	0.000000	0.216042	0.778834	0.004710	0.000000	0.000000	0.000299
213	0.000121	0.000000	0.000000	0.215803	0.778980	0.004798	0.000000	0.000000	0.000298
214	0.000089	0.000000	0.000000	0.215446	0.779399	0.004787	0.000000	0.000000	0.000279
215	0.000095	0.000000	0.000000	0.215459	0.779447	0.004732	0.000000	0.000000	0.000267
216	0.000085	0.000000	0.000000	0.215303	0.779665	0.004701	0.000000	0.000000	0.000246
217	0.000086	0.000000	0.000000	0.215020	0.779873	0.004773	0.000000	0.000000	0.000248
218	0.000080	0.000000	0.000000	0.214672	0.780322	0.004690	0.000000	0.000000	0.000236
219	0.000082	0.000000	0.000000	0.214379	0.780592	0.004713	0.000000	0.000000	0.000234
220	0.000072	0.000000	0.000000	0.214541	0.780479	0.004695	0.000000	0.000000	0.000213
221	0.000084	0.000000	0.000000	0.214413	0.780711	0.004601	0.000000	0.000000	0.000191
222	0.000082	0.000000	0.000000	0.214055	0.780914	0.004757	0.000000	0.000000	0.000192
223	0.000071	0.000000	0.000000	0.213214	0.781892	0.004649	0.000000	0.000000	0.000174
224	0.000072	0.000000	0.000000	0.213362	0.781781	0.004637	0.000000	0.000000	0.000148
225	0.000063	0.000000	0.000000	0.213659	0.781494	0.004646	0.000000	0.000000	0.000138
226	0.000050	0.000000	0.000000	0.213747	0.781462	0.004596	0.000000	0.000000	0.000145
227	0.000046	0.000000	0.000000	0.214123	0.781131	0.004562	0.000000	0.000000	0.000138
228	0.000044	0.000000	0.000000	0.214272	0.780952	0.004597	0.000000	0.000000	0.000135
229	0.000043	0.000000	0.000000	0.214603	0.780635	0.004596	0.000000	0.000000	0.000123
230	0.000041	0.000000	0.000000	0.214073	0.781228	0.004558	0.000000	0.000000	0.000100
231	0.000034	0.000000	0.000000	0.213954	0.781407	0.004510	0.000000	0.000000	0.000095
232	0.000027	0.000000	0.000000	0.213648	0.781735	0.004499	0.000000	0.000000	0.000091
233	0.000021	0.000000	0.000000	0.213672	0.781734	0.004490	0.000000	0.000000	0.000083
234	0.000018	0.000000	0.000000	0.213953	0.781492	0.004462	0.000000	0.000000	0.000075
235	0.000014	0.000000	0.000000	0.214012	0.781363	0.004532	0.000000	0.000000	0.000079
236	0.000013	0.000000	0.000000	0.213995	0.781398	0.004524	0.000000	0.000000	0.000070
237	0.000012	0.000000	0.000000	0.214053	0.781460	0.004405	0.000000	0.000000	0.000070
238	0.000009	0.000000	0.000000	0.213792	0.781707	0.004429	0.000000	0.000000	0.000063
239	0.000009	0.000000	0.000000	0.213443	0.782149	0.004335	0.000000	0.000000	0.000064
240	0.000008	0.000000	0.000000	0.213601	0.781901	0.004431	0.000000	0.000000	0.000059
241	0.000006	0.000000	0.000000	0.213947	0.781548	0.004436	0.000000	0.000000	0.000063
242	0.000005	0.000000	0.000000	0.214043	0.781489	0.004405	0.000000	0.000000	0.000058
243	0.000004	0.000000	0.000000	0.214017	0.781591	0.004335	0.000000	0.000000	0.000053
244	0.000005	0.000000	0.000000	0.214134	0.781502	0.004301	0.000000	0.000000	0.000058
245	0.000007	0.000000	0.000000	0.213971	0.781772	0.004194	0.000000	0.000000	0.000056
246	0.000005	0.000000	0.000000	0.214456	0.781273	0.004214	0.000000	0.000000	0.000052
247	0.000001	0.000000	0.000000	0.214415	0.781338	0.004198	0.000000	0.000000	0.000048
248	0.000001	0.000000	0.000000	0.214624	0.781211	0.004111	0.000000	0.000000	0.000053
249	0.000003	0.000000	0.000000	0.214458	0.781304	0.004189	0.000000	0.000000	0.000046
250	0.000003	0.000000	0.000000	0.214117	0.781739	0.004088	0.000000	0.000000	0.000053
251	0.000000	0.000000	0.000000	0.214362	0.781466	0.004114	0.000000	0.000000	0.000058
252	0.000000	0.000000	0.000000	0.214355	0.781397	0.004195	0.000000	0.000000	0.000053
253	0.000000	0.000000	0.000000	0.214817	0.780909	0.004213	0.000000	0.000000	0.000061
254	0.000000	0.000000	0.000000	0.215534	0.780200	0.004212	0.000000	0.000000	0.000054
255	0.000000	0.000000	0.000000	0.215172	0.780605	0.004170	0.000000	0.000000	0.000053
256	0.000000	0.000000	0.000000	0.214466	0.781316	0.004162	0.000000	0.000000	0.000056
257	0.000000	0.000000	0.000000	0.214358	0.781435	0.004141	0.000000	0.000000	0.000066
258	0.000000	0.000000	0.000000	0.213912	0.781822	0.004211	0.000000	0.000000	0.000055
259	0.000000	0.000000	0.000000	0.213641	0.782119	0.004188	0.000000	0.000000	0.000052
260	0.000000	0.000000	0.000000	0.213873	0.781902	0.004169	0.000000	0.000000	0.000056
261	0.000000	0.000000	0.000000	0.213922	0.781871	0.004156	0.000000	0.000000	0.000051
262	0.000000	0.000000	0.000000	0.213827	0.781958	0.004167	0.000000	0.000000	0.000048
263	0.000000	0.000000	0.000000	0.214055	0.781752	0.004148	0.000000	0.000000	0.000045
264	0.000000	0.000000	0.000000	0.214176	0.781586	0.004189	0.000000	0.000000	0.000049
265	0.000000	0.000000	0.000000	0.213939	0.781833	0.004172	0.000000	0.000000	0.000056
266	0.000000	0.000000	0.000000	0.213695	0.782083	0.004162	0.000000	0.000000	0.000060
267	0.000000	0.000000	0.000000	0.213656	0.782102	0.004180	0.000000	0.000000	0.000062
268	0.000000	0.000000	0.000000	0.213236	0.782540	0.004161	0.000000	0.000000	0.000063
269	0.000000	0.000000	0.000000	0.213096	0.782583	0.004256	0.000000	0.000000	0.000065
270	0.000000	0.000000	0.000000	0.213279	0.782389	0.004269	0.000000	0.000000	0.000063
271	0.000000	0.000000	0.000000	0.213351	0.782353	0.004246	0.000000	0.000000	0.000050
272	0.000000	0.000000	0.000000	0.212955	0.782759	0.004226	0.000000	0.000000	0.000060
273	0.000000	0.000000	0.000000	0.212996	0.782704	0.004244	0.000000	0.000000	0.000056
274	0.000000	0.000000	0.000000	0.212800	0.782946	0.004207	0.000000	0.000000	0.000047
275	0.000000	0.000000	0.000000	0.213024	0.782682	0.004246	0.000000	0.000000	0.000048
276	0.000000	0.000000	0.000000	0.213609	0.782081	0.004265	0.000000	0.000000	0.000045
277	0.000000	0.000000	0.000000	0.213704	0.781958	0.004294	0.000000	0.000000	0.000044
278	0.000000	0.000000	0.000000	0.213373	0.782285	0.004305	0.000000	0.000000	0.000037
279	0.000000	0.000000	0.000000	0.213289	0.782322	0.004364	0.000000	0.000000	0.000025
280	0.000000	0.000000	0.000000	0.213528	0.782054	0.004397	0.000000	0.000000	0.000021
281	0.000000	0.000000	0.000000	0.213938	0.781728	0.004309	0.000000	0.000000	0.000025
282	0.000000	0.000000	0.000000	0.213871	0.781733	0.004380	0.000000	0.000000	0.000016
283	0.000000	0.000000	0.000000	0.213196	0.782531	0.004254	0.000000	0.000000	0.000019
284	0.000000	0.000000	0.000000	0.213027	0.782616	0.004340	0.000000	0.000000	0.000017
285	0.000000	0.000000	0.000000	0.213210	0.782507	0.004266	0.000000	0.000000	0.000017
286	0.000000	0.000000	0.000000	0.213245	0.782435	0.004306	0.000000	0.000000	0.000014
287	0.000000	0.000000	0.000000	0.212935	0.782713	0.004344	0.000000	0.000000	0.000008
288	0.000000	0.000000	0.000000	0.212381	0.783256	0.004353	0.000000	0.000000	0.000010
289	0.000000	0.000000	0.000000	0.211741	0.783932	0.004319	0.000000	0.000000	0.000008
290	0.000000	0.000000	0.000000	0.212024	0.783783	0.004188	0.000000	0.000000	0.000005
291	0.000000	0.000000	0.000000	0.212060	0.783683	0.004252	0.000000	0.000000	0.000005
292	0.000000	0.000000	0.000000	0.212471	0.783252	0.004272	0.000000	0.000000	0.000005
293	0.000000	0.000000	0.000000	0.212187	0.783555	0.004252	0.000000	0.000000	0.000006
294	0.000000	0.000000	0.000000	0.212279	0.783412	0.004303	0.000000	0.000000	0.000006
295	0.000000	0.000000	0.000000	0.212553	0.783134	0.004307	0.000000	0.000000	0.000006
296	0.000000	0.000000	0.000000	0.212182	0.783493	0.004319	0.000000	0.000000	0.000006
297	0.000000	0.000000	0.000000	0.212554	0.783126	0.004317	0.000000	0.000000	0.000003
298	0.000000	0.000000	0.000000	0.212346	0.783339	0.004310	0.000000	0.000000	0.000005
299	0.000000	0.000000	0.000000	0.212455	0.783221	0.004320	0.000000	0.000000	0.000004
300	0.000000	0.000000	0.000000	0.212662	0.782999	0.004334	0.000000	0.000000	0.000005
301	0.000000	0.000000	0.000000	0.212941	0.782682	0.004369	0.000000	0.000000	0.000008
302	0.000000	0.000000	0.000000	0.212580	0.782952	0.004463	0.000000	0.000000	0.000005
303	0.000000	0.000000	0.000000	0.212715	0.782886	0.004397	0.000000	0.000000	0.000002
304	0.000000	0.000000	0.000000	0.212485	0.783140	0.004373	0.000000	0.000000	0.000002
305	0.000000	0.000000	0.000000	0.212716	0.782873	0.004409	0.000000	0.000000	0.000002
306	0.000000	0.000000	0.000000	0.212983	0.782589	0.004428	0.000000	0.000000	0.000000
307	0.000000	0.000000	0.000000	0.212760	0.782798	0.004442	0.000000	0.000000	0.000000
308	0.000000	0.000000	0.000000	0.212329	0.783244	0.004427	0.000000	0.000000	0.000000
309	0.000000	0.000000	0.000000	0.212304	0.783197	0.004498	0.000000	0.000000	0.000001
310	0.000000	0.000000	0.000000	0.212371	0.783126	0.004503	0.000000	0.000000	0.000000
311	0.000000	0.000000	0.000000	0.212027	0.783463	0.004510	0.000000	0.000000	0.000000
312	0.000000	0.000000	0.000000	0.211932	0.783427	0.004641	0.000000	0.000000	0.000000
313	0.000000	0.000000	0.000000	0.212023	0.783351	0.004624	0.000000	0.000000	0.000002
314	0.000000	0.000000	0.000000	0.212634	0.782641	0.004722	0.000000	0.000000	0.000003
315	0.000000	0.000000	0.000000	0.212368	0.782935	0.004694	0.000000	0.000000	0.000003
316	0.000000	0.000000	0.000000	0.212643	0.782645	0.004710	0.000000	0.000000	0.000002
317	0.000000	0.000000	0.000000	0.212297	0.783156	0.004545	0.000000	0.000000	0.000002
318	0.000000	0.000000	0.000000	0.212259	0.783141	0.004597	0.000000	0.000000	0.000003
319	0.000000	0.000000	0.000000	0.212167	0.783211	0.004620	0.000000	0.000000	0.000002
320	0.000000	0.000000	0.000000	0.211856	0.783546	0.004591	0.000000	0.000000	0.000007
321	0.000000	0.000000	0.000000	0.211586	0.783751	0.004658	0.000000	0.000000	0.000005
322	0.000000	0.000000	0.000000	0.211514	0.783865	0.004617	0.000000	0.000000	0.000004
323	0.000000	0.000000	0.000000	0.211232	0.784226	0.004539	0.000000	0.000000	0.000003
324	0.000000	0.000000	0.000000	0.211251	0.784253	0.004495	0.000000	0.000000	0.000001
325	0.000000	0.000000	0.000000	0.210984	0.784354	0.004662	0.000000	0.000000	0.000000
326	0.000000	0.000000	0.000000	0.210816	0.784673	0.004510	0.000000	0.000000	0.000001
327	0.000000	0.000000	0.000000	0.210575	0.784847	0.004577	0.000000	0.000000	0.000001
328	0.000000	0.000000	0.000000	0.211331	0.784060	0.004607	0.000000	0.000000	0.000002
329	0.000000	0.000000	0.000000	0.210865	0.784606	0.004526	0.000000	0.000000	0.000003
330	0.000000	0.000000	0.000000	0.211125	0.784360	0.004511	0.000000	0.000000	0.000004
331	0.000000	0.000000	0.000000	0.211471	0.784044	0.004483	0.000000	0.000000	0.000002
332	0.000000	0.000000	0.000000	0.211199	0.784358	0.004440	0.000000	0.000000	0.000003
333	0.000000	0.000000	0.000000	0.210785	0.784764	0.004450	0.000000	0.000000	0.000001
334	0.000000	0.000000	0.000000	0.210019	0.785458	0.004523	0.000000	0.000000	0.000000
335	0.000000	0.000000	0.000000	0.210282	0.785154	0.004564	0.000000	0.000000	0.000000
336	0.000000	0.000000	0.000000	0.209704	0.785697	0.004599	0.000000	0.000000	0.000000
337	0.000000	0.000000	0.000000	0.209723	0.785680	0.004597	0.000000	0.000000	0.000000
338	0.000000	0.000000	0.000000	0.210148	0.785234	0.004618	0.000000	0.000000	0.000000
339	0.000000	0.000000	0.000000	0.209371	0.786082	0.004547	0.000000	0.000000	0.000000
340	0.000000	0.000000	0.000000	0.209411	0.786004	0.004585	0.000000	0.000000	0.000000
341	0.000000	0.000000	0.000000	0.209724	0.785643	0.004633	0.000000	0.000000	0.000000
342	0.000000	0.000000	0.000000	0.209626	0.785720	0.004654	0.000000	0.000000	0.000000
343	0.000000	0.000000	0.000000	0.209863	0.785563	0.004574	0.000000	0.000000	0.000000
344	0.000000	0.000000	0.000000	0.209518	0.785915	0.004567	0.000000	0.000000	0.000000
345	0.000000	0.000000	0.000000	0.209436	0.785906	0.004658	0.000000	0.000000	0.000000
346	0.000000	0.000000	0.000000	0.209617	0.785728	0.004655	0.000000	0.000000	0.000000
347	0.000000	0.000000	0.000000	0.209965	0.785373	0.004662	0.000000	0.000000	0.000000
348	0.000000	0.000000	0.000000	0.210213	0.785156	0.004631	0.000000	0.000000	0.000000
349	0.000000	0.000000	0.000000	0.210236	0.785167	0.004597	0.000000	0.000000	0.000000
350	0.000000	0.000000	0.000000	0.209724	0.785691	0.004585	0.000000	0.000000	0.000000
351	0.000000	0.000000	0.000000	0.209161	0.786261	0.004578	0.000000	0.000000	0.000000
352	0.000000	0.000000	0.000000	0.209607	0.785739	0.004654	0.000000	0.000000	0.000000
353	0.000000	0.000000	0.000000	0.209202	0.786128	0.004670	0.000000	0.000000	0.000000
354	0.000000	0.000000	0.000000	0.209480	0.785877	0.004643	0.000000	0.000000	0.000000
355	0.000000	0.000000	0.000000	0.209411	0.786014	0.004575	0.000000	0.000000	0.000000
356	0.000000	0.000000	0.000000	0.209957	0.785540	0.004503	0.000000	0.000000	0.000000
357	0.000000	0.000000	0.000000	0.209661	0.785686	0.004653	0.000000	0.000000	0.000000
358	0.000000	0.000000	0.000000	0.209491	0.785857	0.004652	0.000000	0.000000	0.000000
359	0.000000	0.000000	0.000000	0.208789	0.786576	0.004635	0.000000	0.000000	0.000000
360	0.000000	0.000000	0.000000	0.208885	0.786499	0.004616	0.000000	0.000000	0.000000
361	0.000000	0.000000	0.000000	0.208998	0.786321	0.004681	0.000000	0.000000	0.000000
362	0.000000	0.000000	0.000000	0.208869	0.786411	0.004720	0.000000	0.000000	0.000000
363	0.000000	0.000000	0.000000	0.208714	0.786552	0.004734	0.000000	0.000000	0.000000
364	0.000000	0.000000	0.000000	0.209396	0.785949	0.004655	0.000000	0.000000	0.000000
365	0.000000	0.000000	0.000000	0.209050	0.786239	0.004711	0.000000	0.000000	0.000000
366	0.000000	0.000000	0.000000	0.208939	0.786437	0.004624	0.000000	0.000000	0.000000
367	0.000000	0.000000	0.000000	0.208513	0.786795	0.004692	0.000000	0.000000	0.000000
368	0.000000	0.000000	0.000000	0.208990	0.786333	0.004677	0.000000	0.000000	0.000000
369	0.000000	0.000000	0.000000	0.209026	0.786439	0.004535	0.000000	0.000000	0.000000
370	0.000000	0.000000	0.000000	0.208565	0.786940	0.004495	0.000000	0.000000	0.000000
371	0.000000	0.000000	0.000000	0.208563	0.786890	0.004547	0.000000	0.000000	0.000000
372	0.000000	0.000000	0.000000	0.208142	0.787354	0.004504	0.000000	0.000000	0.000000
373	0.000000	0.000000	0.000000	0.207960	0.787515	0.004525	0.000000	0.000000	0.000000
374	0.000000	0.000000	0.000000	0.207455	0.787985	0.004560	0.000000	0.000000	0.000000
375	0.000000	0.000000	0.000000	0.207515	0.787910	0.004575	0.000000	0.000000	0.000000
376	0.000000	0.000000	0.000000	0.207865	0.787515	0.004620	0.000000	0.000000	0.000000
377	0.000000	0.000000	0.000000	0.207454	0.787893	0.004653	0.000000	0.000000	0.000000
378	0.000000	0.000000	0.000000	0.207641	0.787642	0.004717	0.000000	0.000000	0.000000
379	0.000000	0.000000	0.000000	0.207530	0.787827	0.004643	0.000000	0.000000	0.000000
380	0.000000	0.000000	0.000000	0.207680	0.787588	0.004732	0.000000	0.000000	0.000000
381	0.000000	0.000000	0.000000	0.207382	0.787880	0.004738	0.000000	0.000000	0.000000
382	0.000000	0.000000	0.000000	0.207687	0.787658	0.004655	0.000000	0.000000	0.000000
383	0.000000	0.000000	0.000000	0.207739	0.787583	0.004678	0.000000	0.000000	0.000000
384	0.000000	0.000000	0.000000	0.207496	0.787866	0.004638	0.000000	0.000000	0.000000
385	0.000000	0.000000	0.000000	0.207452	0.787871	0.004677	0.000000	0.000000	0.000000
386	0.000000	0.000000	0.000000	0.207218	0.788207	0.004575	0.000000	0.000000	0.000000
387	0.000000	0.000000	0.000000	0.207180	0.788182	0.004638	0.000000	0.000000	0.000000
388	0.000000	0.000000	0.000000	0.207913	0.787452	0.004635	0.000000	0.000000	0.000000
389	0.000000	0.000000	0.000000	0.207574	0.787727	0.004699	0.000000	0.000000	0.000000
390	0.000000	0.000000	0.000000	0.208041	0.787324	0.004635	0.000000	0.000000	0.000000
391	0.000000	0.000000	0.000000	0.207684	0.787627	0.004689	0.000000	0.000000	0.000000
392	0.000000	0.000000	0.000000	0.207365	0.787937	0.004698	0.000000	0.000000	0.000000
393	0.000000	0.000000	0.000000	0.207768	0.787399	0.004833	0.000000	0.000000	0.000000
394	0.000000	0.000000	0.000000	0.207667	0.787577	0.004756	0.000000	0.000000	0.000000
395	0.000000	0.000000	0.000000	0.207423	0.787743	0.004834	0.000000	0.000000	0.000000
396	0.000000	0.000000	0.000000	0.207463	0.787719	0.004818	0.000000	0.000000	0.000000
397	0.000000	0.000000	0.000000	0.207177	0.787992	0.004831	0.000000	0.000000	0.000000
398	0.000000	0.000000	0.000000	0.207319	0.787931	0.004750	0.000000	0.000000	0.000000
399	0.000000	0.000000	0.000000	0.207084	0.788269	0.004647	0.000000	0.000000	0.000000
400	0.000000	0.000000	0.000000	0.207699	0.787618	0.004683	0.000000	0.000000	0.000000
401	0.000000	0.000000	0.000000	0.207036	0.788342	0.004622	0.000000	0.000000	0.000000
402	0.000000	0.000000	0.000000	0.207459	0.787878	0.004663	0.000000	0.000000	0.000000
403	0.000000	0.000000	0.000000	0.207515	0.787786	0.004699	0.000000	0.000000	0.000000
404	0.000000	0.000000	0.000000	0.207348	0.787892	0.004760	0.000000	0.000000	0.000000
405	0.000000	0.000000	0.000000	0.206354	0.788970	0.004676	0.000000	0.000000	0.000000
406	0.000000	0.000000	0.000000	0.206141	0.789192	0.004667	0.000000	0.000000	0.000000
407	0.000000	0.000000	0.000000	0.206602	0.788640	0.004758	0.000000	0.000000	0.000000
408	0.000000	0.000000	0.000000	0.206322	0.789053	0.004625	0.000000	0.000000	0.000000
409	0.000000	0.000000	0.000000	0.206393	0.789021	0.004586	0.000000	0.000000	0.000000
410	0.000000	0.000000	0.000000	0.206184	0.789261	0.004555	0.000000	0.000000	0.000000
411	0.000000	0.000000	0.000000	0.206451	0.788984	0.004565	0.000000	0.000000	0.000000
412	0.000000	0.000000	0.000000	0.206756	0.788655	0.004589	0.000000	0.000000	0.000000
413	0.000000	0.000000	0.000000	0.206464	0.788885	0.004651	0.000000	0.000000	0.000000
414	0.000000	0.000000	0.000000	0.206558	0.788746	0.004696	0.000000	0.000000	0.000000
415	0.000000	0.000000	0.000000	0.206592	0.788680	0.004728	0.000000	0.000000	0.000000
416	0.000000	0.000000	0.000000	0.207012	0.788326	0.004662	0.000000	0.000000	0.000000
417	0.000000	0.000000	0.000000	0.206537	0.788851	0.004612	0.000000	0.000000	0.000000
418	0.000000	0.000000	0.000000	0.206911	0.788410	0.004679	0.000000	0.000000	0.000000
419	0.000000	0.000000	0.000000	0.206742	0.788601	0.004657	0.000000	0.000000	0.000000
420	0.000000	0.000000	0.000000	0.206498	0.788842	0.004660	0.000000	0.000000	0.000000
421	0.000000	0.000000	0.000000	0.206782	0.788599	0.004619	0.000000	0.000000	0.000000
422	0.000000	0.000000	0.000000	0.206173	0.789227	0.004600	0.000000	0.000000	0.000000
423	0.000000	0.000000	0.000000	0.206455	0.788883	0.004662	0.000000	0.000000	0.000000
424	0.000000	0.000000	0.000000	0.205868	0.789522	0.004610	0.000000	0.000000	0.000000
425	0.000000	0.000000	0.000000	0.205808	0.789559	0.004633	0.000000	0.000000	0.000000
426	0.000000	0.000000	0.000000	0.205644	0.789785	0.004571	0.000000	0.000000	0.000000
427	0.000000	0.000000	0.000000	0.205598	0.789779	0.004623	0.000000	0.000000	0.000000
428	0.000000	0.000000	0.000000	0.205673	0.789690	0.004637	0.000000	0.000000	0.000000
429	0.000000	0.000000	0.000000	0.205113	0.790134	0.004753	0.000000	0.000000	0.000000
430	0.000000	0.000000	0.000000	0.205288	0.790009	0.004703	0.000000	0.000000	0.000000
431	0.000000	0.000000	0.000000	0.205099	0.790288	0.004613	0.000000	0.000000	0.000000
432	0.000000	0.000000	0.000000	0.205075	0.790287	0.004638	0.000000	0.000000	0.000000
433	0.000000	0.000000	0.000000	0.204809	0.790547	0.004644	0.000000	0.000000	0.000000
434	0.000000	0.000000	0.000000	0.205368	0.789992	0.004640	0.000000	0.000000	0.000000
435	0.000000	0.000000	0.000000	0.205403	0.789914	0.004683	0.000000	0.000000	0.000000
436	0.000000	0.000000	0.000000	0.205358	0.789967	0.004675	0.000000	0.000000	0.000000
437	0.000000	0.000000	0.000000	0.205601	0.789674	0.004725	0.000000	0.000000	0.000000
438	0.000000	0.000000	0.000000	0.205690	0.789543	0.004767	0.000000	0.000000	0.000000
439	0.000000	0.000000	0.000000	0.205445	0.789833	0.004722	0.000000	0.000000	0.000000
440	0.000000	0.000000	0.000000	0.204442	0.790813	0.004745	0.000000	0.000000	0.000000
441	0.000000	0.000000	0.000000	0.204731	0.790550	0.004719	0.000000	0.000000	0.000000
442	0.000000	0.000000	0.000000	0.204801	0.790583	0.004616	0.000000	0.000000	0.000000
443	0.000000	0.000000	0.000000	0.204767	0.790521	0.004712	0.000000	0.000000	0.000000
444	0.000000	0.000000	0.000000	0.204728	0.790578	0.004694	0.000000	0.000000	0.000000
445	0.000000	0.000000	0.000000	0.204412	0.790937	0.004651	0.000000	0.000000	0.000000
446	0.000000	0.000000	0.000000	0.204614	0.790741	0.004645	0.000000	0.000000	0.000000
447	0.000000	0.000000	0.000000	0.204713	0.790608	0.004679	0.000000	0.000000	0.000000
448	0.000000	0.000000	0.000000	0.204857	0.790579	0.004564	0.000000	0.000000	0.000000
449	0.000000	0.000000	0.000000	0.204559	0.790840	0.004601	0.000000	0.000000	0.000000
450	0.000000	0.000000	0.000000	0.203735	0.791678	0.004587	0.000000	0.000000	0.000000
451	0.000000	0.000000	0.000000	0.203920	0.791502	0.004578	0.000000	0.000000	0.000000
452	0.000000	0.000000	0.000000	0.204222	0.791233	0.004545	0.000000	0.000000	0.000000
453	0.000000	0.000000	0.000000	0.203938	0.791517	0.004545	0.000000	0.000000	0.000000
454	0.000000	0.000000	0.000000	0.204489	0.791015	0.004496	0.000000	0.000000	0.000000
455	0.000000	0.000000	0.000000	0.204833	0.790681	0.004486	0.000000	0.000000	0.000000
456	0.000000	0.000000	0.000000	0.204769	0.790777	0.004454	0.000000	0.000000	0.000000
457	0.000000	0.000000	0.000000	0.204868	0.790681	0.004451	0.000000	0.000000	0.000000
458	0.000000	0.000000	0.000000	0.204534	0.791004	0.004462	0.000000	0.000000	0.000000
459	0.000000	0.000000	0.000000	0.204338	0.791172	0.004490	0.000000	0.000000	0.000000
460	0.000000	0.000000	0.000000	0.204169	0.791331	0.004500	0.000000	0.000000	0.000000
461	0.000000	0.000000	0.000000	0.204442	0.791055	0.004503	0.000000	0.000000	0.000000
462	0.000000	0.000000	0.000000	0.204760	0.790800	0.004440	0.000000	0.000000	0.000000
463	0.000000	0.000000	0.000000	0.205064	0.790517	0.004419	0.000000	0.000000	0.000000
464	0.000000	0.000000	0.000000	0.205216	0.790463	0.004321	0.000000	0.000000	0.000000
465	0.000000	0.000000	0.000000	0.205158	0.790450	0.004392	0.000000	0.000000	0.000000
466	0.000000	0.000000	0.000000	0.205359	0.790372	0.004269	0.000000	0.000000	0.000000
467	0.000000	0.000000	0.000000	0.205858	0.789837	0.004305	0.000000	0.000000	0.000000
468	0.000000	0.000000	0.000000	0.205838	0.789916	0.004246	0.000000	0.000000	0.000000
469	0.000000	0.000000	0.000000	0.205419	0.790315	0.004266	0.000000	0.000000	0.000000
470	0.000000	0.000000	0.000000	0.205668	0.790048	0.004284	0.000000	0.000000	0.000000
