0	0.290663	0.057897	0.229473	0.157588	0.029913	0.111872	0.085455	0.012259	0.024880
1	0.221794	0.046258	0.192924	0.144302	0.029556	0.123625	0.124201	0.023729	0.093611
2	0.214209	0.043638	0.185999	0.141904	0.031244	0.122026	0.129668	0.024377	0.106935
3	0.212747	0.041929	0.181217	0.139852	0.033332	0.119142	0.131758	0.024082	0.115941
4	0.212492	0.040246	0.176346	0.138828	0.035594	0.115852	0.132460	0.023624	0.124558
5	0.212507	0.038983	0.172386	0.137495	0.038568	0.111875	0.133171	0.023146	0.131869
6	0.212694	0.037422	0.167781	0.136271	0.041395	0.108273	0.134081	0.022312	0.139771
7	0.213739	0.035857	0.163345	0.135602	0.044360	0.104404	0.134152	0.021445	0.147096
8	0.214849	0.034181	0.158874	0.134282	0.047889	0.100921	0.133935	0.020781	0.154288
9	0.215821	0.033001	0.154598	0.133128	0.051393	0.097484	0.133393	0.019916	0.161266
10	0.216556	0.031636	0.150299	0.131766	0.055092	0.093646	0.132416	0.019299	0.169290
11	0.217367	0.030126	0.146146	0.130737	0.058934	0.090090	0.131786	0.018462	0.176352
12	0.218863	0.028729	0.141132	0.129657	0.063298	0.086556	0.130619	0.017822	0.183324
13	0.219651	0.027240	0.136813	0.127992	0.067889	0.083033	0.129198	0.017081	0.191103
14	0.220470	0.025915	0.132441	0.126712	0.072602	0.079551	0.128040	0.016382	0.197887
15	0.220396	0.024775	0.128728	0.125420	0.077680	0.076206	0.126785	0.015383	0.204627
16	0.220877	0.023491	0.124559	0.124182	0.082967	0.073003	0.125082	0.014731	0.211108
17	0.220878	0.022241	0.120122	0.122786	0.088467	0.070039	0.123325	0.014157	0.217985
18	0.221289	0.021054	0.115448	0.121391	0.094128	0.066879	0.122260	0.013505	0.224046
19	0.220989	0.019887	0.110985	0.119902	0.100359	0.063903	0.120480	0.012819	0.230676
20	0.220902	0.019047	0.106490	0.118184	0.106617	0.060983	0.118816	0.012293	0.236668
21	0.220839	0.018133	0.102337	0.116963	0.112754	0.058405	0.116001	0.011451	0.243117
22	0.220317	0.017015	0.097623	0.115824	0.119606	0.055677	0.114470	0.011051	0.248417
23	0.220587	0.016157	0.093604	0.113742	0.126249	0.053184	0.112555	0.010494	0.253428
24	0.219689	0.015127	0.089480	0.112451	0.133820	0.050544	0.110311	0.009943	0.258635
25	0.219098	0.014424	0.085331	0.110922	0.141109	0.048187	0.107742	0.009409	0.263778
26	0.217761	0.013550	0.081939	0.109296	0.148569	0.046047	0.105599	0.008839	0.268400
27	0.216682	0.012816	0.077858	0.107936	0.156928	0.043916	0.103316	0.008491	0.272057
28	0.215600	0.012043	0.074071	0.106279	0.164846	0.041986	0.101278	0.008171	0.275726
29	0.213726	0.011352	0.070655	0.104853	0.173584	0.040240	0.098492	0.007739	0.279359
30	0.211817	0.010722	0.067026	0.103308	0.182926	0.038054	0.096271	0.007420	0.282456
31	0.210164	0.010058	0.063673	0.102600	0.191809	0.036303	0.093555	0.006999	0.284839
32	0.207943	0.009528	0.060340	0.101409	0.201546	0.034665	0.090895	0.006580	0.287094
33	0.205923	0.008921	0.057307	0.100824	0.210979	0.033204	0.088287	0.006178	0.288377
34	0.203356	0.008421	0.054394	0.099715	0.220664	0.031988	0.086025	0.005773	0.289664
35	0.200879	0.007909	0.051591	0.098560	0.231141	0.030527	0.083054	0.005597	0.290742
36	0.198030	0.007347	0.048956	0.097461	0.240894	0.029176	0.080475	0.005279	0.292382
37	0.194992	0.006928	0.045861	0.096354	0.251583	0.028121	0.077991	0.004979	0.293191
38	0.191944	0.006389	0.043254	0.095701	0.261866	0.026620	0.075441	0.004501	0.294284
39	0.188465	0.006023	0.040783	0.095240	0.272903	0.025481	0.072974	0.004439	0.293692
40	0.185523	0.005652	0.038194	0.094460	0.283654	0.024392	0.070180	0.004127	0.293818
41	0.182056	0.005351	0.035916	0.093892	0.294687	0.023341	0.067464	0.003994	0.293299
42	0.178747	0.004949	0.033528	0.092817	0.305941	0.022547	0.064686	0.003731	0.293054
43	0.175317	0.004668	0.031451	0.092234	0.317517	0.021650	0.062447	0.003420	0.291296
44	0.171921	0.004290	0.029555	0.091431	0.329294	0.020971	0.060057	0.003311	0.289170
45	0.168023	0.003928	0.027783	0.090846	0.340716	0.020356	0.057903	0.003146	0.287299
46	0.164306	0.003737	0.025919	0.090300	0.352861	0.019506	0.055213	0.002921	0.285237
47	0.160484	0.003436	0.023956	0.090055	0.364795	0.018963	0.052963	0.002755	0.282593
48	0.156312	0.003295	0.022330	0.089117	0.376855	0.018278	0.050792	0.002550	0.280471
49	0.152345	0.003012	0.020689	0.088647	0.388926	0.017918	0.048680	0.002428	0.277355
50	0.147745	0.002718	0.019412	0.088267	0.400714	0.017195	0.046746	0.002258	0.274945
51	0.143328	0.002613	0.018058	0.088229	0.413060	0.016713	0.044535	0.002069	0.271395
52	0.139017	0.002375	0.016806	0.088255	0.425504	0.016320	0.042408	0.001913	0.267402
53	0.134972	0.002259	0.015667	0.088206	0.437489	0.015842	0.040416	0.001780	0.263369
54	0.130900	0.002130	0.014492	0.087730	0.449511	0.015395	0.038431	0.001712	0.259699
55	0.126946	0.002033	0.013460	0.087043	0.461877	0.015115	0.036634	0.001536	0.255356
56	0.122849	0.001898	0.012413	0.086876	0.473878	0.014816	0.034665	0.001400	0.251205
57	0.118110	0.001808	0.011335	0.086923	0.486262	0.014440	0.033011	0.001325	0.246786
58	0.114089	0.001654	0.010535	0.087212	0.497432	0.014071	0.031342	0.001230	0.242435
59	0.109778	0.001597	0.009669	0.087301	0.509532	0.013798	0.029550	0.001114	0.237661
60	0.105424	0.001416	0.008830	0.087314	0.521813	0.013439	0.028185	0.001044	0.232535
61	0.101204	0.001346	0.008203	0.087390	0.533010	0.013119	0.026710	0.001024	0.227994
62	0.096936	0.001222	0.007622	0.087515	0.545152	0.012952	0.025102	0.000941	0.222558
63	0.092677	0.001129	0.007065	0.087597	0.556536	0.012816	0.023862	0.000859	0.217459
64	0.088489	0.001063	0.006514	0.087917	0.567884	0.012650	0.022605	0.000807	0.212071
65	0.084688	0.000977	0.006073	0.087854	0.579278	0.012463	0.021445	0.000752	0.206470
66	0.081212	0.000859	0.005529	0.087469	0.591018	0.012345	0.020411	0.000701	0.200456
67	0.077660	0.000749	0.004985	0.087121	0.602486	0.012109	0.019317	0.000643	0.194930
68	0.074209	0.000701	0.004572	0.087103	0.612781	0.011915	0.018232	0.000587	0.189900
69	0.070741	0.000641	0.004062	0.087128	0.623234	0.011806	0.016988	0.000575	0.184825
70	0.067311	0.000607	0.003673	0.087402	0.633476	0.011477	0.016125	0.000581	0.179348
71	0.063465	0.000553	0.003346	0.087494	0.643826	0.011299	0.015438	0.000561	0.174018
72	0.060248	0.000522	0.003102	0.087634	0.653751	0.011229	0.014612	0.000536	0.168366
73	0.057374	0.000451	0.002780	0.087824	0.663386	0.010976	0.013785	0.000489	0.162935
74	0.054074	0.000442	0.002474	0.088181	0.673178	0.010801	0.012919	0.000448	0.157483
75	0.051268	0.000403	0.002206	0.088357	0.682627	0.010660	0.012129	0.000416	0.151934
76	0.048552	0.000358	0.002028	0.088183	0.691931	0.010442	0.011339	0.000412	0.146755
77	0.046055	0.000347	0.001770	0.088418	0.700477	0.010332	0.010786	0.000374	0.141441
78	0.043655	0.000297	0.001634	0.088567	0.708707	0.010182	0.010070	0.000376	0.136512
79	0.041259	0.000256	0.001481	0.088477	0.717627	0.009954	0.009439	0.000349	0.131158
80	0.038989	0.000213	0.001383	0.089064	0.725070	0.009743	0.008745	0.000321	0.126472
81	0.036561	0.000201	0.001246	0.089005	0.733422	0.009730	0.008133	0.000275	0.121427
82	0.034378	0.000189	0.001110	0.089203	0.741246	0.009749	0.007569	0.000249	0.116307
83	0.032338	0.000173	0.000989	0.089471	0.748552	0.009674	0.006948	0.000229	0.111626
84	0.030288	0.000158	0.000925	0.089875	0.755249	0.009599	0.006507	0.000216	0.107183
85	0.028343	0.000175	0.000828	0.089784	0.762059	0.009483	0.006093	0.000185	0.103050
86	0.026555	0.000150	0.000757	0.090050	0.768412	0.009560	0.005673	0.000195	0.098648
87	0.024923	0.000141	0.000720	0.090306	0.774890	0.009461	0.005285	0.000179	0.094095
88	0.023302	0.000126	0.000652	0.090362	0.780923	0.009449	0.004895	0.000177	0.090114
89	0.021590	0.000128	0.000619	0.090365	0.786978	0.009343	0.004595	0.000167	0.086215
90	0.020388	0.000121	0.000528	0.090693	0.792545	0.009173	0.004245	0.000168	0.082139
91	0.019142	0.000105	0.000497	0.091309	0.797014	0.009240	0.003838	0.000160	0.078695
92	0.017771	0.000114	0.000467	0.091591	0.802432	0.009031	0.003509	0.000148	0.074937
93	0.016364	0.000114	0.000403	0.092023	0.807166	0.008951	0.003340	0.000139	0.071500
94	0.015352	0.000099	0.000376	0.091927	0.811948	0.008854	0.003094	0.000122	0.068228
95	0.014310	0.000102	0.000357	0.092455	0.815933	0.008785	0.002917	0.000111	0.065030
96	0.013436	0.000093	0.000338	0.092238	0.820501	0.008840	0.002702	0.000104	0.061748
97	0.012360	0.000084	0.000283	0.092318	0.824981	0.008686	0.002510	0.000085	0.058693
98	0.011352	0.000087	0.000230	0.092490	0.829011	0.008676	0.002279	0.000079	0.055796
99	0.010489	0.000067	0.000218	0.092899	0.832610	0.008719	0.002151	0.000073	0.052774
100	0.009747	0.000077	0.000200	0.093248	0.835675	0.008717	0.001956	0.000074	0.050306
101	0.008940	0.000067	0.000169	0.093311	0.839191	0.008686	0.001831	0.000066	0.047739
102	0.008345	0.000062	0.000155	0.093572	0.842238	0.008681	0.001685	0.000068	0.045194
103	0.007802	0.000058	0.000144	0.093053	0.845605	0.008770	0.001597	0.000057	0.042914
104	0.007216	0.000051	0.000139	0.093459	0.848292	0.008670	0.001459	0.000060	0.040654
105	0.006632	0.000043	0.000128	0.093679	0.851045	0.008545	0.001348	0.000059	0.038521
106	0.005992	0.000043	0.000110	0.093539	0.853946	0.008651	0.001293	0.000052	0.036374
107	0.005540	0.000035	0.000099	0.093349	0.856599	0.008699	0.001160	0.000066	0.034453
108	0.005074	0.000032	0.000099	0.093707	0.858749	0.008703	0.001077	0.000057	0.032502
109	0.004695	0.000027	0.000084	0.093713	0.860941	0.008854	0.000994	0.000060	0.030632
110	0.004257	0.000028	0.000076	0.093687	0.863303	0.008710	0.000952	0.000057	0.028930
111	0.003892	0.000020	0.000073	0.093745	0.865431	0.008702	0.000918	0.000065	0.027154
112	0.003490	0.000022	0.000067	0.093500	0.867624	0.008759	0.000851	0.000056	0.025631
113	0.003219	0.000021	0.000056	0.093644	0.869402	0.008770	0.000756	0.000060	0.024072
114	0.002898	0.000022	0.000051	0.093719	0.871053	0.008744	0.000740	0.000051	0.022722
115	0.002623	0.000021	0.000055	0.093807	0.872690	0.008693	0.000672	0.000054	0.021385
116	0.002378	0.000021	0.000039	0.093509	0.874635	0.008609	0.000634	0.000053	0.020122
117	0.002230	0.000024	0.000039	0.093415	0.876177	0.008629	0.000579	0.000052	0.018855
118	0.002046	0.000027	0.000033	0.093246	0.877742	0.008628	0.000547	0.000042	0.017689
119	0.001857	0.000023	0.000021	0.093218	0.879224	0.008434	0.000519	0.000045	0.016659
120	0.001693	0.000022	0.000023	0.092762	0.880786	0.008635	0.000502	0.000035	0.015542
121	0.001494	0.000013	0.000019	0.092569	0.882119	0.008697	0.000453	0.000034	0.014602
122	0.001419	0.000011	0.000020	0.092736	0.883106	0.008655	0.000433	0.000031	0.013589
123	0.001306	0.000011	0.000017	0.092792	0.883801	0.008725	0.000410	0.000034	0.012904
124	0.001226	0.000007	0.000013	0.092871	0.884830	0.008647	0.000383	0.000040	0.011983
125	0.001095	0.000005	0.000013	0.092827	0.885778	0.008611	0.000319	0.000035	0.011317
126	0.001005	0.000005	0.000012	0.092589	0.887005	0.008554	0.000295	0.000019	0.010516
127	0.000893	0.000001	0.000012	0.092968	0.887400	0.008660	0.000273	0.000015	0.009778
128	0.000780	0.000001	0.000009	0.092624	0.888632	0.008587	0.000252	0.000014	0.009101
129	0.000696	0.000002	0.000009	0.092648	0.889184	0.008718	0.000233	0.000011	0.008499
130	0.000644	0.000002	0.000012	0.092490	0.890083	0.008617	0.000216	0.000012	0.007924
131	0.000573	0.000003	0.000006	0.092526	0.890639	0.008636	0.000196	0.000008	0.007413
132	0.000512	0.000002	0.000007	0.092710	0.891061	0.008626	0.000170	0.000007	0.006905
133	0.000447	0.000002	0.000004	0.092424	0.892099	0.008538	0.000157	0.000004	0.006325
134	0.000434	0.000003	0.000006	0.092522	0.892463	0.008492	0.000128	0.000004	0.005948
135	0.000357	0.000002	0.000005	0.092571	0.892872	0.008526	0.000119	0.000001	0.005547
136	0.000328	0.000003	0.000005	0.092686	0.893295	0.008423	0.000101	0.000002	0.005157
137	0.000304	0.000003	0.000003	0.092573	0.893872	0.008306	0.000087	0.000001	0.004851
138	0.000294	0.000001	0.000003	0.092872	0.894019	0.008285	0.000071	0.000000	0.004455
139	0.000277	0.000000	0.000002	0.092953	0.894210	0.008331	0.000068	0.000000	0.004159
140	0.000269	0.000000	0.000002	0.093263	0.894248	0.008306	0.000068	0.000000	0.003844
141	0.000231	0.000000	0.000001	0.093540	0.894173	0.008407	0.000067	0.000000	0.003581
142	0.000229	0.000000	0.000003	0.093580	0.894416	0.008401	0.000052	0.000000	0.003319
143	0.000193	0.000000	0.000002	0.093318	0.894954	0.008457	0.000039	0.000000	0.003037
144	0.000173	0.000000	0.000003	0.092869	0.895727	0.008409	0.000035	0.000000	0.002784
145	0.000156	0.000000	0.000002	0.092866	0.895869	0.008531	0.000042	0.000000	0.002534
146	0.000138	0.000000	0.000002	0.092497	0.896561	0.008450	0.000031	0.000000	0.002321
147	0.000113	0.000000	0.000000	0.092400	0.896703	0.008582	0.000029	0.000000	0.002173
148	0.000101	0.000000	0.000000	0.092282	0.896948	0.008687	0.000019	0.000000	0.001963
149	0.000091	0.000000	0.000000	0.092002	0.897378	0.008718	0.000022	0.000000	0.001789
150	0.000070	0.000000	0.000000	0.091922	0.897826	0.008523	0.000019	0.000000	0.001640
151	0.000067	0.000000	0.000000	0.091958	0.897976	0.008443	0.000017	0.000000	0.001539
152	0.000056	0.000000	0.000000	0.092112	0.898023	0.008391	0.000014	0.000000	0.001404
153	0.000049	0.000000	0.000000	0.092016	0.898210	0.008442	0.000010	0.000000	0.001273
154	0.000039	0.000000	0.000000	0.091479	0.898845	0.008419	0.000010	0.000000	0.001208
155	0.000036	0.000000	0.000000	0.091680	0.898614	0.008560	0.000004	0.000000	0.001106
156	0.000028	0.000000	0.000000	0.091501	0.899110	0.008358	0.000004	0.000000	0.000999
157	0.000023	0.000000	0.000000	0.091503	0.899213	0.008375	0.000003	0.000000	0.000883
158	0.000019	0.000000	0.000000	0.091343	0.899449	0.008366	0.000001	0.000000	0.000822
159	0.000017	0.000000	0.000000	0.091651	0.899303	0.008275	0.000001	0.000000	0.000753
160	0.000017	0.000000	0.000000	0.091441	0.899558	0.008327	0.000000	0.000000	0.000657
161	0.000019	0.000000	0.000000	0.091518	0.899382	0.008487	0.000000	0.000000	0.000594
162	0.000015	0.000000	0.000000	0.091593	0.899584	0.008258	0.000000	0.000000	0.000550
163	0.000017	0.000000	0.000000	0.091783	0.899372	0.008336	0.000000	0.000000	0.000492
164	0.000017	0.000000	0.000000	0.091458	0.899879	0.008198	0.000000	0.000000	0.000448
165	0.000015	0.000000	0.000000	0.091426	0.899991	0.008159	0.000000	0.000000	0.000409
166	0.000020	0.000000	0.000000	0.091546	0.899913	0.008160	0.000000	0.000000	0.000361
167	0.000025	0.000000	0.000000	0.091951	0.899603	0.008104	0.000000	0.000000	0.000317
168	0.000028	0.000000	0.000000	0.091735	0.899805	0.008132	0.000000	0.000000	0.000300
169	0.000034	0.000000	0.000000	0.092169	0.899367	0.008143	0.000000	0.000000	0.000287
170	0.000035	0.000000	0.000000	0.092008	0.899483	0.008227	0.000000	0.000000	0.000247
171	0.000037	0.000000	0.000000	0.091869	0.899631	0.008240	0.000000	0.000000	0.000223
172	0.000042	0.000000	0.000000	0.092028	0.899450	0.008294	0.000000	0.000000	0.000186
173	0.000043	0.000000	0.000000	0.091952	0.899571	0.008259	0.000000	0.000000	0.000175
174	0.000046	0.000000	0.000000	0.091817	0.899756	0.008218	0.000000	0.000000	0.000163
175	0.000050	0.000000	0.000000	0.091650	0.899920	0.008237	0.000000	0.000000	0.000143
176	0.000050	0.000000	0.000000	0.091799	0.899888	0.008132	0.000000	0.000000	0.000131
177	0.000059	0.000000	0.000000	0.091465	0.900265	0.008109	0.000000	0.000000	0.000102
178	0.000059	0.000000	0.000000	0.091426	0.900088	0.008331	0.000000	0.000000	0.000096
179	0.000063	0.000000	0.000000	0.091489	0.900125	0.008247	0.000000	0.000000	0.000076
180	0.000061	0.000000	0.000000	0.091546	0.899972	0.008349	0.000000	0.000000	0.000072
181	0.000063	0.000000	0.000000	0.091422	0.900081	0.008380	0.000000	0.000000	0.000054
182	0.000059	0.000000	0.000000	0.091543	0.900026	0.008325	0.000000	0.000000	0.000047
183	0.000067	0.000000	0.000000	0.091674	0.899874	0.008348	0.000000	0.000000	0.000037
184	0.000063	0.000000	0.000000	0.091650	0.899870	0.008385	0.000000	0.000000	0.000032
185	0.000057	0.000000	0.000000	0.091510	0.899978	0.008431	0.000000	0.000000	0.000024
186	0.000056	0.000000	0.000000	0.091751	0.899809	0.008353	0.000000	0.000000	0.000031
187	0.000061	0.000000	0.000000	0.091799	0.899775	0.008342	0.000000	0.000000	0.000023
188	0.000061	0.000000	0.000000	0.091777	0.899795	0.008348	0.000000	0.000000	0.000019
189	0.000061	0.000000	0.000000	0.091809	0.899825	0.008288	0.000000	0.000000	0.000017
190	0.000059	0.000000	0.000000	0.091758	0.899830	0.008340	0.000000	0.000000	0.000013
191	0.000064	0.000000	0.000000	0.091791	0.899687	0.008444	0.000000	0.000000	0.000014
192	0.000071	0.000000	0.000000	0.091721	0.899875	0.008322	0.000000	0.000000	0.000011
193	0.000067	0.000000	0.000000	0.091805	0.899701	0.008418	0.000000	0.000000	0.000009
194	0.000067	0.000000	0.000000	0.091687	0.899771	0.008466	0.000000	0.000000	0.000009
195	0.000055	0.000000	0.000000	0.091476	0.899895	0.008567	0.000000	0.000000	0.000007
196	0.000061	0.000000	0.000000	0.091267	0.900008	0.008660	0.000000	0.000000	0.000004
197	0.000056	0.000000	0.000000	0.091245	0.900177	0.008517	0.000000	0.000000	0.000005
198	0.000047	0.000000	0.000000	0.091234	0.900180	0.008533	0.000000	0.000000	0.000006
199	0.000046	0.000000	0.000000	0.091324	0.900078	0.008543	0.000000	0.000000	0.000009
200	0.000041	0.000000	0.000000	0.091348	0.899929	0.008676	0.000000	0.000000	0.000006
201	0.000050	0.000000	0.000000	0.091254	0.900079	0.008608	0.000000	0.000000	0.000009
202	0.000049	0.000000	0.000000	0.091328	0.900101	0.008516	0.000000	0.000000	0.000006
203	0.000053	0.000000	0.000000	0.091392	0.899964	0.008581	0.000000	0.000000	0.000010
204	0.000052	0.000000	0.000000	0.091325	0.900071	0.008545	0.000000	0.000000	0.000007
205	0.000057	0.000000	0.000000	0.091297	0.900087	0.008552	0.000000	0.000000	0.000007
206	0.000048	0.000000	0.000000	0.091367	0.899892	0.008682	0.000000	0.000000	0.000011
207	0.000044	0.000000	0.000000	0.091153	0.900178	0.008609	0.000000	0.000000	0.000016
208	0.000039	0.000000	0.000000	0.091130	0.900188	0.008627	0.000000	0.000000	0.000016
209	0.000037	0.000000	0.000000	0.091057	0.900200	0.008683	0.000000	0.000000	0.000023
210	0.000037	0.000000	0.000000	0.090993	0.900145	0.008807	0.000000	0.000000	0.000018
211	0.000027	0.000000	0.000000	0.091071	0.900128	0.008752	0.000000	0.000000	0.000022
212	0.000023	0.000000	0.000000	0.091239	0.899842	0.008876	0.000000	0.000000	0.000020
213	0.000024	0.000000	0.000000	0.091389	0.899791	0.008776	0.000000	0.000000	0.000020
214	0.000027	0.000000	0.000000	0.091201	0.899946	0.008807	0.000000	0.000000	0.000019
215	0.000025	0.000000	0.000000	0.091170	0.900117	0.008666	0.000000	0.000000	0.000022
216	0.000020	0.000000	0.000000	0.091312	0.899948	0.008701	0.000000	0.000000	0.000019
217	0.000011	0.000000	0.000000	0.091519	0.899856	0.008597	0.000000	0.000000	0.000017
218	0.000009	0.000000	0.000000	0.091097	0.900214	0.008659	0.000000	0.000000	0.000021
219	0.000010	0.000000	0.000000	0.090656	0.900615	0.008693	0.000000	0.000000	0.000026
220	0.000010	0.000000	0.000000	0.090324	0.900895	0.008753	0.000000	0.000000	0.000018
221	0.000005	0.000000	0.000000	0.090181	0.901235	0.008563	0.000000	0.000000	0.000016
222	0.000008	0.000000	0.000000	0.089838	0.901486	0.008652	0.000000	0.000000	0.000016
223	0.000012	0.000000	0.000000	0.089445	0.902047	0.008485	0.000000	0.000000	0.000011
224	0.000010	0.000000	0.000000	0.089489	0.901969	0.008517	0.000000	0.000000	0.000015
225	0.000010	0.000000	0.000000	0.089007	0.902500	0.008463	0.000000	0.000000	0.000020
226	0.000008	0.000000	0.000000	0.089204	0.902405	0.008369	0.000000	0.000000	0.000014
227	0.000008	0.000000	0.000000	0.089087	0.902439	0.008449	0.000000	0.000000	0.000017
228	0.000005	0.000000	0.000000	0.089346	0.902217	0.008415	0.000000	0.000000	0.000017
229	0.000008	0.000000	0.000000	0.089271	0.902173	0.008526	0.000000	0.000000	0.000022
230	0.000008	0.000000	0.000000	0.088952	0.902468	0.008551	0.000000	0.000000	0.000021
231	0.000008	0.000000	0.000000	0.088756	0.902653	0.008567	0.000000	0.000000	0.000016
232	0.000007	0.000000	0.000000	0.088939	0.902603	0.008435	0.000000	0.000000	0.000016
233	0.000008	0.000000	0.000000	0.088864	0.902629	0.008483	0.000000	0.000000	0.000016
234	0.000011	0.000000	0.000000	0.088812	0.902820	0.008345	0.000000	0.000000	0.000012
235	0.000012	0.000000	0.000000	0.089247	0.902383	0.008343	0.000000	0.000000	0.000015
236	0.000011	0.000000	0.000000	0.088984	0.902732	0.008258	0.000000	0.000000	0.000015
237	0.000012	0.000000	0.000000	0.089270	0.902434	0.008271	0.000000	0.000000	0.000013
238	0.000010	0.000000	0.000000	0.089045	0.902685	0.008249	0.000000	0.000000	0.000011
239	0.000013	0.000000	0.000000	0.089345	0.902469	0.008167	0.000000	0.000000	0.000006
240	0.000009	0.000000	0.000000	0.089286	0.902466	0.008232	0.000000	0.000000	0.000007
241	0.000009	0.000000	0.000000	0.089179	0.902514	0.008290	0.000000	0.000000	0.000008
242	0.000005	0.000000	0.000000	0.088940	0.902707	0.008342	0.000000	0.000000	0.000006
243	0.000003	0.000000	0.000000	0.088960	0.902736	0.008294	0.000000	0.000000	0.000007
244	0.000000	0.000000	0.000000	0.088800	0.902765	0.008434	0.000000	0.000000	0.000001
245	0.000000	0.000000	0.000000	0.088954	0.902723	0.008319	0.000000	0.000000	0.000004
246	0.000000	0.000000	0.000000	0.088840	0.902700	0.008459	0.000000	0.000000	0.000001
247	0.000000	0.000000	0.000000	0.089036	0.902474	0.008489	0.000000	0.000000	0.000001
248	0.000000	0.000000	0.000000	0.088914	0.902651	0.008435	0.000000	0.000000	0.000000
249	0.000000	0.000000	0.000000	0.088411	0.903072	0.008515	0.000000	0.000000	0.000002
250	0.000000	0.000000	0.000000	0.088493	0.902989	0.008516	0.000000	0.000000	0.000002
251	0.000000	0.000000	0.000000	0.088794	0.902776	0.008428	0.000000	0.000000	0.000002
252	0.000000	0.000000	0.000000	0.088692	0.903005	0.008302	0.000000	0.000000	0.000001
253	0.000000	0.000000	0.000000	0.088966	0.902690	0.008344	0.000000	0.000000	0.000000
254	0.000000	0.000000	0.000000	0.088819	0.902794	0.008387	0.000000	0.000000	0.000000
255	0.000000	0.000000	0.000000	0.088691	0.902801	0.008507	0.000000	0.000000	0.000001
256	0.000000	0.000000	0.000000	0.088685	0.902909	0.008406	0.000000	0.000000	0.000000
257	0.000000	0.000000	0.000000	0.088633	0.903016	0.008351	0.000000	0.000000	0.000000
258	0.000000	0.000000	0.000000	0.088833	0.902750	0.008417	0.000000	0.000000	0.000000
259	0.000000	0.000000	0.000000	0.088783	0.902849	0.008368	0.000000	0.000000	0.000000
260	0.000000	0.000000	0.000000	0.088901	0.902615	0.008484	0.000000	0.000000	0.000000
261	0.000000	0.000000	0.000000	0.088737	0.902878	0.008385	0.000000	0.000000	0.000000
262	0.000000	0.000000	0.000000	0.088862	0.902781	0.008357	0.000000	0.000000	0.000000
263	0.000000	0.000000	0.000000	0.088722	0.902897	0.008381	0.000000	0.000000	0.000000
264	0.000000	0.000000	0.000000	0.088741	0.902804	0.008455	0.000000	0.000000	0.000000
265	0.000000	0.000000	0.000000	0.088545	0.902999	0.008456	0.000000	0.000000	0.000000
266	0.000000	0.000000	0.000000	0.088214	0.903302	0.008484	0.000000	0.000000	0.000000
267	0.000000	0.000000	0.000000	0.088148	0.903540	0.008312	0.000000	0.000000	0.000000
268	0.000000	0.000000	0.000000	0.088304	0.903369	0.008327	0.000000	0.000000	0.000000
269	0.000000	0.000000	0.000000	0.088445	0.903303	0.008252	0.000000	0.000000	0.000000
270	0.000000	0.000000	0.000000	0.088572	0.903067	0.008361	0.000000	0.000000	0.000000
271	0.000000	0.000000	0.000000	0.088643	0.902873	0.008484	0.000000	0.000000	0.000000
272	0.000000	0.000000	0.000000	0.088231	0.903345	0.008424	0.000000	0.000000	0.000000
273	0.000000	0.000000	0.000000	0.088257	0.903338	0.008405	0.000000	0.000000	0.000000
274	0.000000	0.000000	0.000000	0.088482	0.903099	0.008419	0.000000	0.000000	0.000000
275	0.000000	0.000000	0.000000	0.088615	0.902975	0.008410	0.000000	0.000000	0.000000
276	0.000000	0.000000	0.000000	0.088934	0.902657	0.008409	0.000000	0.000000	0.000000
277	0.000000	0.000000	0.000000	0.088623	0.903100	0.008277	0.000000	0.000000	0.000000
278	0.000000	0.000000	0.000000	0.088913	0.902756	0.008331	0.000000	0.000000	0.000000
279	0.000000	0.000000	0.000000	0.088565	0.902976	0.008459	0.000000	0.000000	0.000000
280	0.000000	0.000000	0.000000	0.088483	0.903069	0.008448	0.000000	0.000000	0.000000
281	0.000000	0.000000	0.000000	0.088357	0.903330	0.008313	0.000000	0.000000	0.000000
282	0.000000	0.000000	0.000000	0.088433	0.903290	0.008277	0.000000	0.000000	0.000000
283	0.000000	0.000000	0.000000	0.088500	0.903106	0.008394	0.000000	0.000000	0.000000
284	0.000000	0.000000	0.000000	0.088609	0.902991	0.008400	0.000000	0.000000	0.000000
285	0.000000	0.000000	0.000000	0.088656	0.903033	0.008311	0.000000	0.000000	0.000000
286	0.000000	0.000000	0.000000	0.089035	0.902662	0.008303	0.000000	0.000000	0.000000
287	0.000000	0.000000	0.000000	0.089240	0.902458	0.008302	0.000000	0.000000	0.000000
288	0.000000	0.000000	0.000000	0.089074	0.902564	0.008362	0.000000	0.000000	0.000000
289	0.000000	0.000000	0.000000	0.089035	0.902577	0.008388	0.000000	0.000000	0.000000
290	0.000000	0.000000	0.000000	0.088962	0.902648	0.008390	0.000000	0.000000	0.000000
291	0.000000	0.000000	0.000000	0.089441	0.902099	0.008460	0.000000	0.000000	0.000000
292	0.000000	0.000000	0.000000	0.089654	0.901859	0.008487	0.000000	0.000000	0.000000
293	0.000000	0.000000	0.000000	0.089796	0.901654	0.008550	0.000000	0.000000	0.000000
294	0.000000	0.000000	0.000000	0.089516	0.902005	0.008479	0.000000	0.000000	0.000000
295	0.000000	0.000000	0.000000	0.090039	0.901507	0.008454	0.000000	0.000000	0.000000
296	0.000000	0.000000	0.000000	0.089974	0.901595	0.008431	0.000000	0.000000	0.000000
297	0.000000	0.000000	0.000000	0.089665	0.902032	0.008303	0.000000	0.000000	0.000000
298	0.000000	0.000000	0.000000	0.089705	0.901913	0.008382	0.000000	0.000000	0.000000
299	0.000000	0.000000	0.000000	0.089741	0.901870	0.008389	0.000000	0.000000	0.000000
300	0.000000	0.000000	0.000000	0.089671	0.902016	0.008313	0.000000	0.000000	0.000000
301	0.000000	0.000000	0.000000	0.089776	0.901973	0.008251	0.000000	0.000000	0.000000
302	0.000000	0.000000	0.000000	0.089629	0.902041	0.008330	0.000000	0.000000	0.000000
303	0.000000	0.000000	0.000000	0.089677	0.902134	0.008189	0.000000	0.000000	0.000000
304	0.000000	0.000000	0.000000	0.089583	0.902096	0.008321	0.000000	0.000000	0.000000
305	0.000000	0.000000	0.000000	0.089369	0.902431	0.008200	0.000000	0.000000	0.000000
306	0.000000	0.000000	0.000000	0.089189	0.902556	0.008255	0.000000	0.000000	0.000000
307	0.000000	0.000000	0.000000	0.089378	0.902266	0.008356	0.000000	0.000000	0.000000
308	0.000000	0.000000	0.000000	0.089132	0.902426	0.008442	0.000000	0.000000	0.000000
309	0.000000	0.000000	0.000000	0.089461	0.902063	0.008476	0.000000	0.000000	0.000000
310	0.000000	0.000000	0.000000	0.089280	0.902211	0.008509	0.000000	0.000000	0.000000
311	0.000000	0.000000	0.000000	0.089231	0.902291	0.008478	0.000000	0.000000	0.000000
312	0.000000	0.000000	0.000000	0.088743	0.902830	0.008427	0.000000	0.000000	0.000000
313	0.000000	0.000000	0.000000	0.088734	0.902803	0.008463	0.000000	0.000000	0.000000
314	0.000000	0.000000	0.000000	0.088958	0.902523	0.008519	0.000000	0.000000	0.000000
315	0.000000	0.000000	0.000000	0.088874	0.902589	0.008537	0.000000	0.000000	0.000000
316	0.000000	0.000000	0.000000	0.089039	0.902412	0.008549	0.000000	0.000000	0.000000
317	0.000000	0.000000	0.000000	0.089148	0.902223	0.008629	0.000000	0.000000	0.000000
318	0.000000	0.000000	0.000000	0.089086	0.902390	0.008524	0.000000	0.000000	0.000000
319	0.000000	0.000000	0.000000	0.088869	0.902541	0.008590	0.000000	0.000000	0.000000
320	0.000000	0.000000	0.000000	0.088666	0.902849	0.008485	0.000000	0.000000	0.000000
321	0.000000	0.000000	0.000000	0.088562	0.902940	0.008498	0.000000	0.000000	0.000000
322	0.000000	0.000000	0.000000	0.088666	0.902839	0.008495	0.000000	0.000000	0.000000
323	0.000000	0.000000	0.000000	0.088407	0.903247	0.008346	0.000000	0.000000	0.000000
324	0.000000	0.000000	0.000000	0.088262	0.903513	0.008225	0.000000	0.000000	0.000000
325	0.000000	0.000000	0.000000	0.088041	0.903667	0.008292	0.000000	0.000000	0.000000
326	0.000000	0.000000	0.000000	0.087990	0.903620	0.008390	0.000000	0.000000	0.000000
327	0.000000	0.000000	0.000000	0.087943	0.903679	0.008378	0.000000	0.000000	0.000000
328	0.000000	0.000000	0.000000	0.088123	0.903539	0.008338	0.000000	0.000000	0.000000
329	0.000000	0.000000	0.000000	0.087776	0.903879	0.008345	0.000000	0.000000	0.000000
330	0.000000	0.000000	0.000000	0.087812	0.903965	0.008223	0.000000	0.000000	0.000000
331	0.000000	0.000000	0.000000	0.087843	0.904023	0.008134	0.000000	0.000000	0.000000
332	0.000000	0.000000	0.000000	0.087720	0.904070	0.008210	0.000000	0.000000	0.000000
333	0.000000	0.000000	0.000000	0.087517	0.904232	0.008251	0.000000	0.000000	0.000000
334	0.000000	0.000000	0.000000	0.087550	0.904316	0.008134	0.000000	0.000000	0.000000
335	0.000000	0.000000	0.000000	0.087883	0.903992	0.008125	0.000000	0.000000	0.000000
336	0.000000	0.000000	0.000000	0.088066	0.903785	0.008149	0.000000	0.000000	0.000000
337	0.000000	0.000000	0.000000	0.088029	0.903840	0.008131	0.000000	0.000000	0.000000
338	0.000000	0.000000	0.000000	0.087798	0.904073	0.008129	0.000000	0.000000	0.000000
339	0.000000	0.000000	0.000000	0.087924	0.903941	0.008135	0.000000	0.000000	0.000000
340	0.000000	0.000000	0.000000	0.087661	0.904270	0.008069	0.000000	0.000000	0.000000
341	0.000000	0.000000	0.000000	0.087792	0.904315	0.007893	0.000000	0.000000	0.000000
342	0.000000	0.000000	0.000000	0.087863	0.904131	0.008006	0.000000	0.000000	0.000000
343	0.000000	0.000000	0.000000	0.087988	0.904053	0.007959	0.000000	0.000000	0.000000
344	0.000000	0.000000	0.000000	0.088248	0.903862	0.007890	0.000000	0.000000	0.000000
345	0.000000	0.000000	0.000000	0.088422	0.903578	0.008000	0.000000	0.000000	0.000000
346	0.000000	0.000000	0.000000	0.088408	0.903621	0.007971	0.000000	0.000000	0.000000
347	0.000000	0.000000	0.000000	0.088391	0.903544	0.008065	0.000000	0.000000	0.000000
348	0.000000	0.000000	0.000000	0.088554	0.903372	0.008074	0.000000	0.000000	0.000000
349	0.000000	0.000000	0.000000	0.088773	0.903109	0.008118	0.000000	0.000000	0.000000
350	0.000000	0.000000	0.000000	0.088534	0.903402	0.008064	0.000000	0.000000	0.000000
351	0.000000	0.000000	0.000000	0.088240	0.903782	0.007978	0.000000	0.000000	0.000000
352	0.000000	0.000000	0.000000	0.088299	0.903696	0.008005	0.000000	0.000000	0.000000
353	0.000000	0.000000	0.000000	0.087969	0.904192	0.007839	0.000000	0.000000	0.000000
354	0.000000	0.000000	0.000000	0.087740	0.904438	0.007822	0.000000	0.000000	0.000000
355	0.000000	0.000000	0.000000	0.087928	0.904257	0.007815	0.000000	0.000000	0.000000
356	0.000000	0.000000	0.000000	0.088044	0.904259	0.007697	0.000000	0.000000	0.000000
357	0.000000	0.000000	0.000000	0.087926	0.904406	0.007668	0.000000	0.000000	0.000000
358	0.000000	0.000000	0.000000	0.088161	0.904219	0.007620	0.000000	0.000000	0.000000
359	0.000000	0.000000	0.000000	0.088213	0.904152	0.007635	0.000000	0.000000	0.000000
360	0.000000	0.000000	0.000000	0.087935	0.904398	0.007667	0.000000	0.000000	0.000000
361	0.000000	0.000000	0.000000	0.087766	0.904632	0.007602	0.000000	0.000000	0.000000
362	0.000000	0.000000	0.000000	0.088161	0.904067	0.007772	0.000000	0.000000	0.000000
363	0.000000	0.000000	0.000000	0.088285	0.904013	0.007702	0.000000	0.000000	0.000000
364	0.000000	0.000000	0.000000	0.088423	0.903768	0.007809	0.000000	0.000000	0.000000
365	0.000000	0.000000	0.000000	0.088378	0.903839	0.007783	0.000000	0.000000	0.000000
366	0.000000	0.000000	0.000000	0.088319	0.903898	0.007783	0.000000	0.000000	0.000000
367	0.000000	0.000000	0.000000	0.088397	0.903768	0.007835	0.000000	0.000000	0.000000
368	0.000000	0.000000	0.000000	0.088312	0.903943	0.007745	0.000000	0.000000	0.000000
369	0.000000	0.000000	0.000000	0.088366	0.903802	0.007832	0.000000	0.000000	0.000000
370	0.000000	0.000000	0.000000	0.088034	0.904161	0.007805	0.000000	0.000000	0.000000
371	0.000000	0.000000	0.000000	0.088101	0.904151	0.007748	0.000000	0.000000	0.000000
372	0.000000	0.000000	0.000000	0.088086	0.904142	0.007772	0.000000	0.000000	0.000000
373	0.000000	0.000000	0.000000	0.088236	0.904081	0.007683	0.000000	0.000000	0.000000
374	0.000000	0.000000	0.000000	0.088216	0.903996	0.007788	0.000000	0.000000	0.000000
375	0.000000	0.000000	0.000000	0.088497	0.903620	0.007883	0.000000	0.000000	0.000000
376	0.000000	0.000000	0.000000	0.088892	0.903328	0.007780	0.000000	0.000000	0.000000
377	0.000000	0.000000	0.000000	0.088726	0.903546	0.007728	0.000000	0.000000	0.000000
378	0.000000	0.000000	0.000000	0.088956	0.903321	0.007723	0.000000	0.000000	0.000000
379	0.000000	0.000000	0.000000	0.088896	0.903496	0.007608	0.000000	0.000000	0.000000
380	0.000000	0.000000	0.000000	0.088971	0.903328	0.007701	0.000000	0.000000	0.000000
381	0.000000	0.000000	0.000000	0.089208	0.903075	0.007717	0.000000	0.000000	0.000000
382	0.000000	0.000000	0.000000	0.089372	0.902787	0.007841	0.000000	0.000000	0.000000
383	0.000000	0.000000	0.000000	0.089354	0.902984	0.007662	0.000000	0.000000	0.000000
384	0.000000	0.000000	0.000000	0.088830	0.903460	0.007710	0.000000	0.000000	0.000000
385	0.000000	0.000000	0.000000	0.088706	0.903495	0.007799	0.000000	0.000000	0.000000
386	0.000000	0.000000	0.000000	0.088643	0.903544	0.007813	0.000000	0.000000	0.000000
387	0.000000	0.000000	0.000000	0.088782	0.903468	0.007750	0.000000	0.000000	0.000000
388	0.000000	0.000000	0.000000	0.088567	0.903555	0.007878	0.000000	0.000000	0.000000
389	0.000000	0.000000	0.000000	0.088662	0.903399	0.007939	0.000000	0.000000	0.000000
390	0.000000	0.000000	0.000000	0.088524	0.903672	0.007804	0.000000	0.000000	0.000000
391	0.000000	0.000000	0.000000	0.088647	0.903499	0.007854	0.000000	0.000000	0.000000
392	0.000000	0.000000	0.000000	0.088526	0.903523	0.007951	0.000000	0.000000	0.000000
393	0.000000	0.000000	0.000000	0.088464	0.903715	0.007821	0.000000	0.000000	0.000000
394	0.000000	0.000000	0.000000	0.088680	0.903521	0.007799	0.000000	0.000000	0.000000
395	0.000000	0.000000	0.000000	0.088826	0.903222	0.007952	0.000000	0.000000	0.000000
396	0.000000	0.000000	0.000000	0.088670	0.903367	0.007963	0.000000	0.000000	0.000000
397	0.000000	0.000000	0.000000	0.089025	0.903062	0.007913	0.000000	0.000000	0.000000
398	0.000000	0.000000	0.000000	0.089119	0.903037	0.007844	0.000000	0.000000	0.000000
399	0.000000	0.000000	0.000000	0.089463	0.902657	0.007880	0.000000	0.000000	0.000000
400	0.000000	0.000000	0.000000	0.089384	0.902603	0.008013	0.000000	0.000000	0.000000
401	0.000000	0.000000	0.000000	0.089215	0.902835	0.007950	0.000000	0.000000	0.000000
402	0.000000	0.000000	0.000000	0.088984	0.903149	0.007867	0.000000	0.000000	0.000000
403	0.000000	0.000000	0.000000	0.089081	0.903009	0.007910	0.000000	0.000000	0.000000
404	0.000000	0.000000	0.000000	0.089081	0.902946	0.007973	0.000000	0.000000	0.000000
405	0.000000	0.000000	0.000000	0.089307	0.902703	0.007990	0.000000	0.000000	0.000000
406	0.000000	0.000000	0.000000	0.088919	0.903047	0.008034	0.000000	0.000000	0.000000
407	0.000000	0.000000	0.000000	0.089096	0.903048	0.007856	0.000000	0.000000	0.000000
408	0.000000	0.000000	0.000000	0.089081	0.903020	0.007899	0.000000	0.000000	0.000000
409	0.000000	0.000000	0.000000	0.089147	0.902995	0.007858	0.000000	0.000000	0.000000
410	0.000000	0.000000	0.000000	0.089132	0.903021	0.007847	0.000000	0.000000	0.000000
411	0.000000	0.000000	0.000000	0.088837	0.903288	0.007875	0.000000	0.000000	0.000000
412	0.000000	0.000000	0.000000	0.089239	0.902858	0.007903	0.000000	0.000000	0.000000
413	0.000000	0.000000	0.000000	0.089058	0.903049	0.007893	0.000000	0.000000	0.000000
414	0.000000	0.000000	0.000000	0.089165	0.902904	0.007931	0.000000	0.000000	0.000000
415	0.000000	0.000000	0.000000	0.089156	0.902847	0.007997	0.000000	0.000000	0.000000
416	0.000000	0.000000	0.000000	0.088946	0.903026	0.008028	0.000000	0.000000	0.000000
417	0.000000	0.000000	0.000000	0.089152	0.902925	0.007923	0.000000	0.000000	0.000000
418	0.000000	0.000000	0.000000	0.088970	0.903205	0.007825	0.000000	0.000000	0.000000
419	0.000000	0.000000	0.000000	0.088623	0.903529	0.007848	0.000000	0.000000	0.000000
420	0.000000	0.000000	0.000000	0.088756	0.903333	0.007911	0.000000	0.000000	0.000000
421	0.000000	0.000000	0.000000	0.088693	0.903392	0.007915	0.000000	0.000000	0.000000
422	0.000000	0.000000	0.000000	0.088851	0.903327	0.007822	0.000000	0.000000	0.000000
423	0.000000	0.000000	0.000000	0.089207	0.903085	0.007708	0.000000	0.000000	0.000000
424	0.000000	0.000000	0.000000	0.089014	0.903225	0.007761	0.000000	0.000000	0.000000
425	0.000000	0.000000	0.000000	0.089409	0.902901	0.007690	0.000000	0.000000	0.000000
426	0.000000	0.000000	0.000000	0.089239	0.902995	0.007766	0.000000	0.000000	0.000000
427	0.000000	0.000000	0.000000	0.089210	0.903039	0.007751	0.000000	0.000000	0.000000
428	0.000000	0.000000	0.000000	0.089048	0.903205	0.007747	0.000000	0.000000	0.000000
429	0.000000	0.000000	0.000000	0.088814	0.903434	0.007752	0.000000	0.000000	0.000000
430	0.000000	0.000000	0.000000	0.088998	0.903178	0.007824	0.000000	0.000000	0.000000
431	0.000000	0.000000	0.000000	0.088857	0.903332	0.007811	0.000000	0.000000	0.000000
432	0.000000	0.000000	0.000000	0.089026	0.903114	0.007860	0.000000	0.000000	0.000000
433	0.000000	0.000000	0.000000	0.088879	0.903236	0.007885	0.000000	0.000000	0.000000
434	0.000000	0.000000	0.000000	0.088872	0.903167	0.007961	0.000000	0.000000	0.000000
435	0.000000	0.000000	0.000000	0.089056	0.902973	0.007971	0.000000	0.000000	0.000000
436	0.000000	0.000000	0.000000	0.088966	0.903073	0.007961	0.000000	0.000000	0.000000
437	0.000000	0.000000	0.000000	0.089192	0.902793	0.008015	0.000000	0.000000	0.000000
438	0.000000	0.000000	0.000000	0.088892	0.903108	0.008000	0.000000	0.000000	0.000000
439	0.000000	0.000000	0.000000	0.089372	0.902616	0.008012	0.000000	0.000000	0.000000
440	0.000000	0.000000	0.000000	0.089328	0.902653	0.008019	0.000000	0.000000	0.000000
441	0.000000	0.000000	0.000000	0.089685	0.902326	0.007989	0.000000	0.000000	0.000000
442	0.000000	0.000000	0.000000	0.089609	0.902383	0.008008	0.000000	0.000000	0.000000
443	0.000000	0.000000	0.000000	0.089598	0.902293	0.008109	0.000000	0.000000	0.000000
444	0.000000	0.000000	0.000000	0.089537	0.902373	0.008090	0.000000	0.000000	0.000000
445	0.000000	0.000000	0.000000	0.089823	0.902184	0.007993	0.000000	0.000000	0.000000
446	0.000000	0.000000	0.000000	0.089583	0.902377	0.008040	0.000000	0.000000	0.000000
447	0.000000	0.000000	0.000000	0.089349	0.902817	0.007834	0.000000	0.000000	0.000000
448	0.000000	0.000000	0.000000	0.089424	0.902824	0.007752	0.000000	0.000000	0.000000
449	0.000000	0.000000	0.000000	0.089326	0.902801	0.007873	0.000000	0.000000	0.000000
450	0.000000	0.000000	0.000000	0.089219	0.903002	0.007779	0.000000	0.000000	0.000000
451	0.000000	0.000000	0.000000	0.089171	0.903035	0.007794	0.000000	0.000000	0.000000
452	0.000000	0.000000	0.000000	0.089356	0.902916	0.007728	0.000000	0.000000	0.000000
453	0.000000	0.000000	0.000000	0.089455	0.902816	0.007729	0.000000	0.000000	0.000000
454	0.000000	0.000000	0.000000	0.089154	0.903181	0.007665	0.000000	0.000000	0.000000
455	0.000000	0.000000	0.000000	0.089293	0.903047	0.007660	0.000000	0.000000	0.000000
456	0.000000	0.000000	0.000000	0.089256	0.903065	0.007679	0.000000	0.000000	0.000000
457	0.000000	0.000000	0.000000	0.089216	0.903097	0.007687	0.000000	0.000000	0.000000
458	0.000000	0.000000	0.000000	0.089314	0.903016	0.007670	0.000000	0.000000	0.000000
459	0.000000	0.000000	0.000000	0.088877	0.903537	0.007586	0.000000	0.000000	0.000000
460	0.000000	0.000000	0.000000	0.088918	0.903652	0.007430	0.000000	0.000000	0.000000
461	0.000000	0.000000	0.000000	0.088916	0.903621	0.007463	0.000000	0.000000	0.000000
462	0.000000	0.000000	0.000000	0.088424	0.904051	0.007525	0.000000	0.000000	0.000000
463	0.000000	0.000000	0.000000	0.088447	0.904078	0.007475	0.000000	0.000000	0.000000
464	0.000000	0.000000	0.000000	0.088285	0.904266	0.007449	0.000000	0.000000	0.000000
465	0.000000	0.000000	0.000000	0.087732	0.904827	0.007441	0.000000	0.000000	0.000000
466	0.000000	0.000000	0.000000	0.087889	0.904563	0.007548	0.000000	0.000000	0.000000
467	0.000000	0.000000	0.000000	0.087568	0.904921	0.007511	0.000000	0.000000	0.000000
468	0.000000	0.000000	0.000000	0.087645	0.904872	0.007483	0.000000	0.000000	0.000000
469	0.000000	0.000000	0.000000	0.087508	0.904957	0.007535	0.000000	0.000000	0.000000
470	0.000000	0.000000	0.000000	0.087273	0.905254	0.007473	0.000000	0.000000	0.000000
