0	0.290663	0.057897	0.229473	0.157588	0.029913	0.111872	0.085455	0.012259	0.024880
1	0.234067	0.048815	0.200940	0.135756	0.028052	0.117241	0.120449	0.023305	0.091375
2	0.235979	0.048849	0.201963	0.127233	0.027711	0.111241	0.122966	0.023858	0.100200
3	0.243668	0.048623	0.205923	0.119762	0.027763	0.104990	0.121659	0.023216	0.104396
4	0.252413	0.049003	0.210323	0.112700	0.027862	0.097947	0.119494	0.022538	0.107720
5	0.261621	0.049603	0.214059	0.106382	0.027798	0.091972	0.117037	0.021687	0.109841
6	0.271503	0.050225	0.217075	0.099965	0.028371	0.085549	0.114553	0.020947	0.111812
7	0.281290	0.050514	0.220109	0.094419	0.028872	0.079825	0.111358	0.020029	0.113584
8	0.290825	0.051142	0.223137	0.089364	0.029062	0.074065	0.108123	0.019228	0.115054
9	0.299805	0.051797	0.226470	0.083934	0.029510	0.069146	0.104360	0.018506	0.116472
10	0.309292	0.052204	0.229072	0.078966	0.029984	0.063570	0.101427	0.017575	0.117910
11	0.318028	0.052260	0.231072	0.074167	0.030677	0.059514	0.097917	0.016916	0.119449
12	0.326572	0.052432	0.233039	0.070011	0.031523	0.055320	0.094797	0.016212	0.120094
13	0.335949	0.052657	0.234269	0.065355	0.032152	0.051678	0.091508	0.015577	0.120855
14	0.343596	0.052991	0.235553	0.061703	0.032854	0.048324	0.088501	0.014777	0.121701
15	0.352266	0.053401	0.236730	0.057680	0.033596	0.044633	0.085549	0.014108	0.122037
16	0.360067	0.053953	0.237652	0.054429	0.034175	0.041109	0.081786	0.013513	0.123316
17	0.367854	0.054242	0.239045	0.051207	0.034935	0.038026	0.078469	0.012733	0.123489
18	0.375219	0.054305	0.239449	0.048161	0.035624	0.035512	0.075331	0.012042	0.124357
19	0.382880	0.054598	0.239417	0.045485	0.036266	0.032994	0.072521	0.011551	0.124288
20	0.390302	0.054509	0.239850	0.042635	0.037134	0.030629	0.069632	0.010967	0.124342
21	0.396894	0.054376	0.239813	0.039943	0.038151	0.028376	0.066288	0.010671	0.125488
22	0.403306	0.054690	0.240009	0.037413	0.038774	0.026391	0.063729	0.010090	0.125598
23	0.409438	0.054902	0.239663	0.035429	0.039511	0.024703	0.060868	0.009552	0.125934
24	0.415624	0.054700	0.239905	0.033448	0.040584	0.022965	0.058352	0.008935	0.125487
25	0.422030	0.054469	0.239850	0.031336	0.041424	0.021275	0.055494	0.008598	0.125524
26	0.428092	0.054487	0.239241	0.029299	0.042689	0.019754	0.052831	0.008204	0.125403
27	0.433800	0.054511	0.239193	0.027308	0.043623	0.018302	0.050616	0.007781	0.124866
28	0.439153	0.054177	0.238213	0.025776	0.044846	0.017123	0.048267	0.007384	0.125061
29	0.444424	0.053918	0.237897	0.024254	0.046101	0.015776	0.046038	0.007022	0.124570
30	0.449859	0.053761	0.236815	0.022834	0.047173	0.014677	0.043839	0.006745	0.124297
31	0.454656	0.053472	0.236584	0.021378	0.048276	0.013653	0.041798	0.006402	0.123781
32	0.459541	0.053087	0.235663	0.020384	0.049319	0.012739	0.039724	0.006036	0.123507
33	0.463937	0.053392	0.234134	0.018968	0.050712	0.011983	0.037962	0.005819	0.123093
34	0.468573	0.053161	0.233095	0.018175	0.051669	0.011037	0.035951	0.005566	0.122773
35	0.472721	0.052777	0.231881	0.017057	0.052780	0.010342	0.034586	0.005143	0.122713
36	0.475931	0.052822	0.230927	0.016188	0.054412	0.009648	0.032786	0.004927	0.122359
37	0.479940	0.052708	0.229420	0.015344	0.055742	0.009052	0.031376	0.004599	0.121819
38	0.483700	0.052627	0.228149	0.014420	0.057112	0.008550	0.029790	0.004264	0.121388
39	0.487311	0.052420	0.226973	0.013485	0.058548	0.007972	0.028303	0.004039	0.120949
40	0.491131	0.051960	0.226458	0.012825	0.059669	0.007330	0.026717	0.003752	0.120158
41	0.493774	0.051733	0.225393	0.012127	0.061352	0.006917	0.025580	0.003468	0.119656
42	0.496460	0.051814	0.223870	0.011523	0.062559	0.006481	0.024152	0.003373	0.119768
43	0.499319	0.051367	0.222717	0.010925	0.064491	0.006067	0.022923	0.003180	0.119011
44	0.501390	0.050982	0.221823	0.010375	0.065777	0.005817	0.021881	0.003074	0.118881
45	0.504502	0.050720	0.220372	0.009887	0.067283	0.005429	0.020567	0.002927	0.118313
46	0.506965	0.050620	0.218262	0.009359	0.069408	0.005214	0.019421	0.002762	0.117989
47	0.508971	0.050349	0.217763	0.009064	0.070778	0.004876	0.018510	0.002616	0.117073
48	0.511693	0.050016	0.215948	0.008622	0.072443	0.004604	0.017515	0.002372	0.116787
49	0.514354	0.049461	0.214309	0.008174	0.074153	0.004350	0.016797	0.002248	0.116154
50	0.516049	0.049211	0.213190	0.007781	0.076001	0.004168	0.015834	0.002124	0.115642
51	0.518643	0.048850	0.211696	0.007325	0.077510	0.003970	0.015227	0.002005	0.114774
52	0.521245	0.048328	0.210174	0.007015	0.079408	0.003759	0.014414	0.001884	0.113773
53	0.522726	0.048103	0.208780	0.006757	0.081602	0.003528	0.013741	0.001806	0.112957
54	0.524335	0.047687	0.207075	0.006600	0.083697	0.003353	0.013277	0.001647	0.112329
55	0.526310	0.047351	0.205984	0.006405	0.085608	0.003173	0.012470	0.001543	0.111156
56	0.527813	0.047093	0.204539	0.006237	0.087466	0.003151	0.012075	0.001452	0.110174
57	0.529751	0.046574	0.202927	0.005917	0.089775	0.002989	0.011255	0.001353	0.109459
58	0.531319	0.046306	0.201647	0.005604	0.092101	0.002829	0.010735	0.001326	0.108133
59	0.532251	0.046306	0.200171	0.005369	0.094266	0.002736	0.010205	0.001280	0.107416
60	0.533878	0.045859	0.198436	0.005162	0.096307	0.002685	0.009660	0.001221	0.106792
61	0.535084	0.045648	0.197334	0.005078	0.098498	0.002567	0.009119	0.001121	0.105551
62	0.535744	0.045357	0.196203	0.004838	0.100626	0.002506	0.008627	0.001054	0.105045
63	0.537037	0.044711	0.194956	0.004679	0.102971	0.002389	0.008229	0.000979	0.104049
64	0.538704	0.044557	0.193009	0.004596	0.105163	0.002289	0.007826	0.000918	0.102938
65	0.540134	0.044230	0.191113	0.004404	0.107587	0.002168	0.007431	0.000879	0.102054
66	0.541285	0.044062	0.189468	0.004315	0.110226	0.002096	0.007195	0.000792	0.100561
67	0.541923	0.043601	0.188203	0.004212	0.112884	0.001962	0.006761	0.000769	0.099685
68	0.542623	0.042974	0.186647	0.004112	0.115534	0.001923	0.006594	0.000741	0.098852
69	0.543331	0.042642	0.185751	0.003957	0.117873	0.001792	0.006205	0.000682	0.097767
70	0.544368	0.042288	0.184524	0.003902	0.120094	0.001768	0.005896	0.000610	0.096550
71	0.544662	0.041884	0.183738	0.003731	0.122694	0.001779	0.005484	0.000587	0.095441
72	0.545189	0.041536	0.182081	0.003769	0.125440	0.001769	0.005249	0.000564	0.094403
73	0.545702	0.041341	0.180882	0.003631	0.127989	0.001662	0.005023	0.000527	0.093243
74	0.545999	0.040904	0.179753	0.003577	0.130888	0.001616	0.004724	0.000488	0.092051
75	0.546612	0.040704	0.178324	0.003412	0.133463	0.001532	0.004516	0.000486	0.090951
76	0.547554	0.040164	0.176977	0.003299	0.135963	0.001461	0.004238	0.000475	0.089869
77	0.547579	0.039793	0.175891	0.003285	0.138900	0.001399	0.004035	0.000406	0.088712
78	0.547516	0.039400	0.175112	0.003240	0.141560	0.001355	0.003815	0.000414	0.087588
79	0.547252	0.039027	0.173795	0.003128	0.144493	0.001358	0.003637	0.000407	0.086903
80	0.547262	0.038610	0.172874	0.003096	0.147573	0.001340	0.003517	0.000377	0.085351
81	0.547182	0.038337	0.171595	0.002975	0.150725	0.001297	0.003372	0.000326	0.084191
82	0.547157	0.037908	0.170186	0.002921	0.153777	0.001273	0.003136	0.000305	0.083337
83	0.546623	0.037854	0.169297	0.002901	0.156635	0.001252	0.002990	0.000295	0.082153
84	0.546066	0.037553	0.168072	0.002777	0.159985	0.001201	0.002828	0.000290	0.081228
85	0.545493	0.036815	0.167150	0.002780	0.163318	0.001158	0.002779	0.000266	0.080241
86	0.545615	0.036400	0.165431	0.002792	0.166520	0.001090	0.002644	0.000247	0.079261
87	0.544892	0.036276	0.164344	0.002750	0.169511	0.001052	0.002525	0.000233	0.078417
88	0.544281	0.035844	0.162875	0.002667	0.173119	0.001028	0.002387	0.000196	0.077603
89	0.543362	0.035570	0.162147	0.002621	0.176373	0.001054	0.002279	0.000192	0.076402
90	0.542725	0.035268	0.160865	0.002600	0.179449	0.001019	0.002216	0.000173	0.075685
91	0.542417	0.034880	0.159304	0.002539	0.183118	0.000965	0.002062	0.000180	0.074535
92	0.541992	0.034212	0.158299	0.002488	0.186386	0.000970	0.002026	0.000159	0.073468
93	0.540999	0.034058	0.157177	0.002439	0.189874	0.000923	0.001944	0.000157	0.072429
94	0.540076	0.033675	0.155916	0.002417	0.193544	0.000931	0.001804	0.000144	0.071493
95	0.539848	0.033412	0.154204	0.002459	0.196900	0.000909	0.001690	0.000120	0.070458
96	0.538764	0.033031	0.153243	0.002399	0.200481	0.000919	0.001595	0.000121	0.069447
97	0.538120	0.032758	0.152056	0.002359	0.203621	0.000869	0.001548	0.000128	0.068541
98	0.536754	0.032473	0.151259	0.002325	0.207057	0.000886	0.001519	0.000114	0.067613
99	0.535792	0.032007	0.150398	0.002315	0.210784	0.000857	0.001450	0.000111	0.066286
100	0.534913	0.031676	0.149124	0.002311	0.214364	0.000887	0.001390	0.000102	0.065233
101	0.533368	0.031130	0.148363	0.002270	0.218133	0.000812	0.001328	0.000096	0.064500
102	0.532368	0.030958	0.147157	0.002254	0.221726	0.000791	0.001312	0.000089	0.063345
103	0.531145	0.030471	0.146202	0.002266	0.225204	0.000814	0.001253	0.000076	0.062569
104	0.529699	0.030246	0.144719	0.002237	0.229158	0.000789	0.001192	0.000081	0.061879
105	0.528256	0.029813	0.144166	0.002177	0.232776	0.000807	0.001144	0.000077	0.060784
106	0.527287	0.029516	0.142769	0.002157	0.236193	0.000776	0.001104	0.000083	0.060115
107	0.526211	0.029228	0.141435	0.002103	0.239991	0.000776	0.001006	0.000073	0.059177
108	0.524278	0.028920	0.140695	0.002087	0.243811	0.000753	0.000943	0.000070	0.058443
109	0.523484	0.028357	0.139370	0.002090	0.247574	0.000742	0.000905	0.000065	0.057413
110	0.521914	0.027911	0.138402	0.002045	0.251708	0.000732	0.000831	0.000062	0.056395
111	0.520249	0.027605	0.137355	0.001975	0.255623	0.000707	0.000804	0.000056	0.055626
112	0.518448	0.027304	0.136557	0.001931	0.259480	0.000682	0.000770	0.000049	0.054779
113	0.516773	0.026860	0.135594	0.001921	0.263538	0.000685	0.000700	0.000044	0.053885
114	0.515298	0.026379	0.134623	0.001882	0.267390	0.000687	0.000706	0.000058	0.052977
115	0.513155	0.025988	0.133769	0.001849	0.271613	0.000670	0.000688	0.000066	0.052202
116	0.511420	0.025469	0.132561	0.001765	0.275981	0.000674	0.000638	0.000062	0.051430
117	0.509733	0.024986	0.131475	0.001701	0.280104	0.000663	0.000586	0.000054	0.050698
118	0.507820	0.024778	0.130771	0.001653	0.283850	0.000711	0.000546	0.000050	0.049821
119	0.505774	0.024464	0.129722	0.001582	0.288221	0.000704	0.000529	0.000061	0.048943
120	0.503670	0.024172	0.128338	0.001592	0.292874	0.000638	0.000520	0.000054	0.048142
121	0.502171	0.023774	0.126935	0.001608	0.296917	0.000617	0.000459	0.000044	0.047475
122	0.500360	0.023403	0.125954	0.001588	0.301157	0.000583	0.000446	0.000034	0.046475
123	0.498326	0.022968	0.125480	0.001554	0.305045	0.000577	0.000416	0.000036	0.045598
124	0.495987	0.022630	0.124201	0.001577	0.309698	0.000581	0.000390	0.000051	0.044885
125	0.493859	0.022194	0.123534	0.001560	0.313797	0.000591	0.000347	0.000045	0.044073
126	0.491928	0.021968	0.122299	0.001581	0.318014	0.000548	0.000332	0.000044	0.043286
127	0.489445	0.021877	0.121445	0.001497	0.322428	0.000563	0.000318	0.000041	0.042386
128	0.487516	0.021428	0.120814	0.001476	0.326211	0.000531	0.000315	0.000036	0.041673
129	0.485579	0.020979	0.119472	0.001455	0.330863	0.000559	0.000311	0.000033	0.040749
130	0.483059	0.020542	0.118598	0.001459	0.335257	0.000532	0.000269	0.000040	0.040244
131	0.480943	0.020152	0.117646	0.001440	0.339456	0.000530	0.000267	0.000036	0.039530
132	0.479144	0.019981	0.116063	0.001385	0.344158	0.000503	0.000236	0.000031	0.038499
133	0.476706	0.019600	0.115315	0.001342	0.348418	0.000511	0.000234	0.000037	0.037837
134	0.473646	0.019195	0.114554	0.001328	0.353445	0.000520	0.000227	0.000044	0.037041
135	0.471530	0.018861	0.113643	0.001320	0.357462	0.000524	0.000203	0.000040	0.036417
136	0.469089	0.018547	0.112749	0.001317	0.361739	0.000534	0.000201	0.000041	0.035783
137	0.466857	0.018315	0.111461	0.001347	0.366200	0.000497	0.000189	0.000031	0.035103
138	0.464681	0.018095	0.110384	0.001301	0.370648	0.000503	0.000185	0.000038	0.034165
139	0.462056	0.017811	0.109025	0.001329	0.375329	0.000513	0.000182	0.000033	0.033722
140	0.460041	0.017456	0.108175	0.001365	0.379370	0.000501	0.000196	0.000034	0.032862
141	0.457243	0.017194	0.107358	0.001371	0.383855	0.000518	0.000166	0.000030	0.032265
142	0.455293	0.016966	0.105883	0.001365	0.388383	0.000485	0.000141	0.000031	0.031453
143	0.452829	0.016599	0.104999	0.001316	0.392938	0.000477	0.000127	0.000024	0.030691
144	0.450214	0.016306	0.103925	0.001283	0.397694	0.000460	0.000137	0.000012	0.029969
145	0.447612	0.016079	0.103332	0.001299	0.401904	0.000457	0.000113	0.000007	0.029197
146	0.445063	0.015889	0.102647	0.001329	0.406122	0.000438	0.000119	0.000009	0.028384
147	0.442547	0.015519	0.101807	0.001315	0.410516	0.000457	0.000127	0.000006	0.027706
148	0.439655	0.015200	0.100978	0.001296	0.415067	0.000477	0.000116	0.000006	0.027205
149	0.437298	0.014884	0.099984	0.001313	0.419276	0.000497	0.000103	0.000006	0.026639
150	0.434049	0.014668	0.099356	0.001306	0.423755	0.000465	0.000123	0.000004	0.026274
151	0.431219	0.014480	0.098603	0.001232	0.428261	0.000436	0.000097	0.000006	0.025666
152	0.428680	0.014135	0.097802	0.001209	0.432363	0.000459	0.000095	0.000008	0.025249
153	0.425518	0.013823	0.097106	0.001202	0.437235	0.000450	0.000081	0.000007	0.024578
154	0.422561	0.013600	0.095967	0.001173	0.442012	0.000466	0.000083	0.000007	0.024131
155	0.419897	0.013372	0.094634	0.001162	0.446905	0.000459	0.000078	0.000004	0.023489
156	0.416689	0.013253	0.094032	0.001139	0.451455	0.000463	0.000076	0.000007	0.022886
157	0.414469	0.012911	0.092736	0.001139	0.455997	0.000469	0.000078	0.000006	0.022195
158	0.411810	0.012680	0.091942	0.001152	0.460246	0.000438	0.000078	0.000008	0.021646
159	0.408921	0.012512	0.090895	0.001156	0.464683	0.000435	0.000068	0.000010	0.021320
160	0.406282	0.012370	0.089600	0.001112	0.469500	0.000456	0.000062	0.000007	0.020611
161	0.402975	0.012105	0.088959	0.001138	0.474057	0.000440	0.000070	0.000008	0.020248
162	0.400917	0.011896	0.087963	0.001102	0.477842	0.000414	0.000067	0.000006	0.019793
163	0.398609	0.011694	0.086756	0.001094	0.482219	0.000455	0.000070	0.000006	0.019097
164	0.395275	0.011553	0.085876	0.001111	0.486950	0.000439	0.000053	0.000007	0.018736
165	0.392480	0.011242	0.084958	0.001111	0.491499	0.000457	0.000048	0.000005	0.018200
166	0.390025	0.010973	0.084142	0.001125	0.495424	0.000426	0.000040	0.000003	0.017842
167	0.387143	0.010774	0.083305	0.001109	0.499872	0.000433	0.000041	0.000005	0.017318
168	0.384127	0.010597	0.082627	0.001111	0.504080	0.000437	0.000031	0.000005	0.016985
169	0.381249	0.010256	0.081466	0.001144	0.508808	0.000431	0.000029	0.000005	0.016612
170	0.378236	0.010091	0.080336	0.001159	0.513695	0.000437	0.000021	0.000005	0.016020
171	0.374838	0.009993	0.079633	0.001169	0.518384	0.000417	0.000016	0.000006	0.015544
172	0.371688	0.009835	0.078663	0.001146	0.522929	0.000405	0.000024	0.000004	0.015306
173	0.368541	0.009582	0.077951	0.001124	0.527518	0.000393	0.000026	0.000002	0.014863
174	0.365274	0.009489	0.077383	0.001093	0.531875	0.000382	0.000017	0.000000	0.014487
175	0.362177	0.009373	0.076398	0.001084	0.536458	0.000379	0.000026	0.000001	0.014104
176	0.358851	0.009151	0.075518	0.001072	0.541202	0.000365	0.000024	0.000001	0.013816
177	0.355649	0.008868	0.075066	0.001064	0.545593	0.000354	0.000021	0.000001	0.013384
178	0.352763	0.008676	0.074447	0.001059	0.549637	0.000345	0.000022	0.000001	0.013050
179	0.349731	0.008593	0.073605	0.001043	0.554130	0.000362	0.000017	0.000000	0.012519
180	0.346680	0.008537	0.072904	0.001014	0.558208	0.000385	0.000019	0.000000	0.012253
181	0.343590	0.008372	0.071836	0.001017	0.562875	0.000366	0.000014	0.000000	0.011930
182	0.341123	0.008187	0.071320	0.001002	0.566505	0.000361	0.000016	0.000000	0.011486
183	0.337920	0.008112	0.070663	0.001011	0.570760	0.000319	0.000021	0.000000	0.011194
184	0.335020	0.007951	0.069624	0.001003	0.575035	0.000326	0.000022	0.000000	0.011019
185	0.331944	0.007780	0.069024	0.001006	0.579320	0.000301	0.000023	0.000000	0.010602
186	0.329046	0.007468	0.068201	0.000999	0.583498	0.000312	0.000017	0.000000	0.010459
187	0.326297	0.007320	0.067340	0.001017	0.587566	0.000308	0.000022	0.000000	0.010130
188	0.322730	0.007141	0.066952	0.000997	0.591970	0.000323	0.000015	0.000000	0.009872
189	0.319786	0.006929	0.065880	0.000992	0.596471	0.000325	0.000013	0.000000	0.009604
190	0.316957	0.006899	0.065202	0.000985	0.600196	0.000325	0.000014	0.000000	0.009422
191	0.314140	0.006713	0.064177	0.001002	0.604572	0.000310	0.000014	0.000000	0.009072
192	0.310804	0.006651	0.063300	0.000981	0.608984	0.000322	0.000014	0.000000	0.008944
193	0.307987	0.006471	0.062511	0.000980	0.612927	0.000317	0.000010	0.000000	0.008797
194	0.305545	0.006378	0.061655	0.000969	0.616631	0.000317	0.000007	0.000000	0.008498
195	0.302565	0.006263	0.060583	0.000981	0.621031	0.000317	0.000011	0.000000	0.008249
196	0.299539	0.006088	0.059728	0.000944	0.625258	0.000334	0.000015	0.000000	0.008094
197	0.296569	0.005921	0.059176	0.000975	0.629198	0.000309	0.000018	0.000000	0.007834
198	0.293278	0.005877	0.058512	0.000977	0.633384	0.000336	0.000018	0.000000	0.007618
199	0.290116	0.005760	0.057925	0.001023	0.637431	0.000293	0.000016	0.000000	0.007436
200	0.287224	0.005517	0.057287	0.000981	0.641470	0.000314	0.000011	0.000000	0.007196
201	0.284276	0.005326	0.056520	0.000974	0.645482	0.000319	0.000013	0.000000	0.007090
202	0.281418	0.005198	0.055677	0.000961	0.649577	0.000322	0.000009	0.000000	0.006838
203	0.278749	0.005205	0.054848	0.000982	0.653352	0.000314	0.000011	0.000000	0.006539
204	0.275503	0.005073	0.054563	0.000976	0.657263	0.000319	0.000009	0.000000	0.006294
205	0.272504	0.005061	0.053594	0.000963	0.661342	0.000324	0.000010	0.000000	0.006202
206	0.269694	0.005014	0.052961	0.000957	0.665034	0.000311	0.000007	0.000000	0.006022
207	0.266769	0.004951	0.052360	0.000965	0.668872	0.000301	0.000009	0.000000	0.005773
208	0.263944	0.004851	0.051479	0.000964	0.672839	0.000280	0.000009	0.000000	0.005634
209	0.260867	0.004773	0.050994	0.000960	0.676698	0.000281	0.000010	0.000000	0.005417
210	0.257516	0.004700	0.050476	0.000985	0.680763	0.000295	0.000012	0.000000	0.005253
211	0.254884	0.004597	0.049731	0.001038	0.684412	0.000271	0.000007	0.000000	0.005060
212	0.251802	0.004480	0.049368	0.001047	0.688054	0.000255	0.000010	0.000000	0.004984
213	0.249020	0.004449	0.048830	0.001008	0.691683	0.000262	0.000012	0.000000	0.004736
214	0.246090	0.004402	0.048046	0.001027	0.695565	0.000271	0.000012	0.000000	0.004587
215	0.243503	0.004259	0.047202	0.001031	0.699273	0.000252	0.000008	0.000000	0.004472
216	0.240829	0.004116	0.046324	0.001056	0.703161	0.000218	0.000008	0.000000	0.004288
217	0.237590	0.004016	0.045687	0.001021	0.707306	0.000223	0.000013	0.000000	0.004144
218	0.234821	0.003831	0.044835	0.001011	0.711256	0.000252	0.000017	0.000000	0.003977
219	0.231793	0.003731	0.044314	0.001036	0.714947	0.000256	0.000013	0.000000	0.003910
220	0.228525	0.003652	0.043833	0.001043	0.718890	0.000240	0.000012	0.000000	0.003805
221	0.225276	0.003557	0.043224	0.001028	0.722872	0.000256	0.000014	0.000000	0.003773
222	0.222628	0.003468	0.042750	0.001024	0.726223	0.000252	0.000012	0.000000	0.003643
223	0.220155	0.003404	0.042324	0.001015	0.729305	0.000245	0.000010	0.000000	0.003542
224	0.217326	0.003349	0.041501	0.001012	0.733027	0.000255	0.000019	0.000000	0.003511
225	0.214604	0.003277	0.041030	0.001004	0.736425	0.000269	0.000021	0.000000	0.003370
226	0.211898	0.003230	0.040442	0.000993	0.739879	0.000268	0.000017	0.000000	0.003273
227	0.209046	0.003174	0.039780	0.001018	0.743509	0.000264	0.000011	0.000000	0.003198
228	0.206596	0.003083	0.039101	0.001031	0.746820	0.000244	0.000012	0.000000	0.003113
229	0.204237	0.003025	0.038455	0.001025	0.749936	0.000254	0.000012	0.000000	0.003056
230	0.201556	0.002915	0.037985	0.001015	0.753250	0.000256	0.000009	0.000000	0.003014
231	0.199223	0.002849	0.037640	0.000994	0.756138	0.000245	0.000012	0.000000	0.002899
232	0.196357	0.002848	0.036817	0.001001	0.759885	0.000262	0.000012	0.000000	0.002818
233	0.193881	0.002713	0.036030	0.001012	0.763291	0.000256	0.000011	0.000000	0.002806
234	0.191133	0.002676	0.035679	0.000976	0.766566	0.000278	0.000013	0.000000	0.002679
235	0.188698	0.002651	0.035124	0.000967	0.769665	0.000302	0.000011	0.000000	0.002582
236	0.186426	0.002557	0.034666	0.000946	0.772645	0.000307	0.000014	0.000000	0.002439
237	0.183758	0.002504	0.033970	0.000929	0.776135	0.000307	0.000009	0.000000	0.002388
238	0.181308	0.002439	0.033595	0.000931	0.779071	0.000315	0.000010	0.000000	0.002331
239	0.178733	0.002406	0.033189	0.000938	0.782228	0.000302	0.000010	0.000000	0.002194
240	0.175919	0.002293	0.032844	0.000931	0.785579	0.000300	0.000018	0.000000	0.002116
241	0.173982	0.002189	0.032184	0.000920	0.788350	0.000312	0.000016	0.000000	0.002047
242	0.171461	0.002136	0.031585	0.000911	0.791609	0.000314	0.000010	0.000000	0.001974
243	0.168836	0.002134	0.031192	0.000917	0.794732	0.000288	0.000013	0.000000	0.001888
244	0.166439	0.002072	0.030847	0.000934	0.797576	0.000290	0.000012	0.000000	0.001830
245	0.164004	0.002003	0.030453	0.000938	0.800576	0.000305	0.000010	0.000000	0.001711
246	0.161546	0.001946	0.029894	0.000941	0.803664	0.000292	0.000013	0.000000	0.001704
247	0.158917	0.001910	0.029391	0.000969	0.806840	0.000308	0.000012	0.000000	0.001653
248	0.156951	0.001859	0.028929	0.000939	0.809361	0.000332	0.000009	0.000000	0.001620
249	0.154327	0.001875	0.028694	0.000904	0.812295	0.000342	0.000012	0.000000	0.001551
250	0.152013	0.001829	0.028452	0.000932	0.814891	0.000348	0.000014	0.000000	0.001521
251	0.149600	0.001770	0.028034	0.000903	0.817885	0.000327	0.000011	0.000000	0.001470
252	0.147450	0.001719	0.027780	0.000907	0.820312	0.000332	0.000014	0.000000	0.001486
253	0.145213	0.001657	0.027381	0.000944	0.823109	0.000296	0.000007	0.000000	0.001393
254	0.143064	0.001591	0.027047	0.000961	0.825696	0.000298	0.000010	0.000000	0.001333
255	0.140878	0.001527	0.026707	0.000982	0.828326	0.000289	0.000010	0.000000	0.001281
256	0.138705	0.001493	0.026410	0.000969	0.830892	0.000281	0.000009	0.000000	0.001241
257	0.136692	0.001438	0.026088	0.001002	0.833282	0.000299	0.000008	0.000000	0.001191
258	0.134751	0.001352	0.025444	0.001016	0.835991	0.000299	0.000004	0.000000	0.001143
259	0.132911	0.001275	0.025110	0.000991	0.838294	0.000290	0.000003	0.000000	0.001126
260	0.131009	0.001180	0.024576	0.001007	0.840837	0.000303	0.000004	0.000000	0.001084
261	0.128922	0.001155	0.024134	0.001021	0.843388	0.000291	0.000006	0.000000	0.001083
262	0.126757	0.001153	0.024030	0.001059	0.845653	0.000308	0.000001	0.000000	0.001039
263	0.124640	0.001113	0.023650	0.001054	0.848259	0.000299	0.000001	0.000000	0.000984
264	0.122868	0.001057	0.023299	0.001035	0.850514	0.000312	0.000002	0.000000	0.000913
265	0.121122	0.000992	0.022917	0.001030	0.852742	0.000319	0.000002	0.000000	0.000876
266	0.119017	0.001024	0.022576	0.001038	0.855192	0.000314	0.000001	0.000000	0.000838
267	0.117097	0.001000	0.022301	0.001061	0.857398	0.000307	0.000002	0.000000	0.000834
268	0.114977	0.001009	0.021744	0.001017	0.860124	0.000326	0.000001	0.000000	0.000802
269	0.113164	0.000968	0.021351	0.001031	0.862406	0.000307	0.000002	0.000000	0.000771
270	0.111034	0.000880	0.021179	0.001030	0.864817	0.000314	0.000002	0.000000	0.000744
271	0.108977	0.000830	0.020920	0.001089	0.867147	0.000333	0.000002	0.000000	0.000702
272	0.107112	0.000856	0.020592	0.001042	0.869437	0.000325	0.000002	0.000000	0.000634
273	0.105332	0.000801	0.020089	0.001082	0.871737	0.000342	0.000001	0.000000	0.000616
274	0.103483	0.000764	0.019823	0.001107	0.873900	0.000316	0.000000	0.000000	0.000607
275	0.101652	0.000738	0.019338	0.001104	0.876281	0.000322	0.000000	0.000000	0.000565
276	0.099836	0.000686	0.019088	0.001082	0.878449	0.000314	0.000000	0.000000	0.000545
277	0.098301	0.000695	0.018710	0.001078	0.880360	0.000318	0.000000	0.000000	0.000538
278	0.096830	0.000642	0.018274	0.001081	0.882322	0.000335	0.000000	0.000000	0.000516
279	0.094862	0.000597	0.018001	0.001059	0.884658	0.000324	0.000000	0.000000	0.000499
280	0.093265	0.000573	0.017645	0.001063	0.886653	0.000318	0.000000	0.000000	0.000483
281	0.091424	0.000548	0.017429	0.001068	0.888740	0.000334	0.000000	0.000000	0.000457
282	0.089814	0.000545	0.017212	0.001063	0.890611	0.000323	0.000000	0.000000	0.000432
283	0.088282	0.000533	0.016871	0.001070	0.892510	0.000312	0.000000	0.000000	0.000422
284	0.086873	0.000483	0.016637	0.001079	0.894217	0.000318	0.000000	0.000000	0.000393
285	0.085342	0.000458	0.016400	0.001098	0.896010	0.000326	0.000000	0.000000	0.000366
286	0.083373	0.000430	0.016221	0.001068	0.898227	0.000329	0.000000	0.000000	0.000352
287	0.081645	0.000424	0.016001	0.001054	0.900229	0.000314	0.000000	0.000000	0.000333
288	0.080621	0.000415	0.015537	0.001056	0.901759	0.000316	0.000000	0.000000	0.000296
289	0.078986	0.000418	0.015383	0.001046	0.903598	0.000316	0.000000	0.000000	0.000253
290	0.077623	0.000391	0.015148	0.001071	0.905237	0.000296	0.000000	0.000000	0.000234
291	0.076309	0.000394	0.014792	0.001088	0.906878	0.000310	0.000000	0.000000	0.000229
292	0.074870	0.000394	0.014467	0.001133	0.908612	0.000300	0.000000	0.000000	0.000224
293	0.073361	0.000382	0.014131	0.001134	0.910456	0.000324	0.000000	0.000000	0.000212
294	0.071798	0.000403	0.014045	0.001143	0.912075	0.000338	0.000000	0.000000	0.000198
295	0.070607	0.000392	0.013614	0.001135	0.913727	0.000337	0.000000	0.000000	0.000188
296	0.069286	0.000391	0.013367	0.001113	0.915340	0.000340	0.000000	0.000000	0.000163
297	0.067986	0.000335	0.013092	0.001116	0.917011	0.000317	0.000000	0.000000	0.000143
298	0.066634	0.000343	0.012847	0.001113	0.918590	0.000334	0.000000	0.000000	0.000139
299	0.065372	0.000328	0.012668	0.001104	0.920064	0.000349	0.000000	0.000000	0.000115
300	0.064092	0.000303	0.012444	0.001090	0.921672	0.000309	0.000000	0.000000	0.000090
301	0.062921	0.000298	0.012289	0.001054	0.923058	0.000304	0.000000	0.000000	0.000076
302	0.061989	0.000280	0.011933	0.001064	0.924374	0.000298	0.000000	0.000000	0.000062
303	0.060892	0.000250	0.011616	0.001060	0.925797	0.000303	0.000000	0.000000	0.000082
304	0.060012	0.000249	0.011392	0.001066	0.926920	0.000278	0.000000	0.000000	0.000083
305	0.058734	0.000253	0.011347	0.001084	0.928237	0.000264	0.000000	0.000000	0.000081
306	0.057694	0.000215	0.011124	0.001044	0.929551	0.000290	0.000000	0.000000	0.000082
307	0.056516	0.000221	0.010902	0.001010	0.930985	0.000288	0.000000	0.000000	0.000078
308	0.055416	0.000218	0.010566	0.000979	0.932449	0.000305	0.000000	0.000000	0.000067
309	0.054356	0.000196	0.010339	0.000976	0.933735	0.000319	0.000000	0.000000	0.000079
310	0.053365	0.000184	0.010120	0.000990	0.934970	0.000302	0.000000	0.000000	0.000069
311	0.052510	0.000183	0.009941	0.000991	0.936018	0.000295	0.000000	0.000000	0.000062
312	0.051451	0.000162	0.009694	0.000960	0.937375	0.000305	0.000000	0.000000	0.000053
313	0.050600	0.000165	0.009464	0.000934	0.938498	0.000287	0.000000	0.000000	0.000052
314	0.049660	0.000161	0.009181	0.000911	0.939760	0.000273	0.000000	0.000000	0.000054
315	0.048566	0.000148	0.009066	0.000886	0.940992	0.000294	0.000000	0.000000	0.000048
316	0.047741	0.000130	0.008878	0.000897	0.942003	0.000305	0.000000	0.000000	0.000046
317	0.046804	0.000125	0.008873	0.000878	0.942970	0.000297	0.000000	0.000000	0.000053
318	0.045784	0.000119	0.008719	0.000878	0.944160	0.000299	0.000000	0.000000	0.000041
319	0.044702	0.000117	0.008510	0.000857	0.945470	0.000293	0.000000	0.000000	0.000051
320	0.044079	0.000102	0.008275	0.000869	0.946346	0.000291	0.000000	0.000000	0.000038
321	0.043166	0.000082	0.008120	0.000881	0.947432	0.000287	0.000000	0.000000	0.000032
322	0.042365	0.000087	0.007830	0.000852	0.948553	0.000290	0.000000	0.000000	0.000023
323	0.041473	0.000086	0.007727	0.000843	0.949564	0.000279	0.000000	0.000000	0.000028
324	0.040488	0.000079	0.007554	0.000901	0.950672	0.000278	0.000000	0.000000	0.000028
325	0.039651	0.000087	0.007440	0.000898	0.951618	0.000280	0.000000	0.000000	0.000026
326	0.038800	0.000101	0.007298	0.000839	0.952649	0.000284	0.000000	0.000000	0.000029
327	0.037816	0.000089	0.007152	0.000837	0.953781	0.000302	0.000000	0.000000	0.000023
328	0.037080	0.000082	0.007014	0.000841	0.954671	0.000288	0.000000	0.000000	0.000024
329	0.036292	0.000081	0.006869	0.000822	0.955637	0.000273	0.000000	0.000000	0.000026
330	0.035313	0.000071	0.006840	0.000830	0.956630	0.000292	0.000000	0.000000	0.000024
331	0.034700	0.000067	0.006715	0.000854	0.957371	0.000272	0.000000	0.000000	0.000021
332	0.033931	0.000058	0.006664	0.000845	0.958201	0.000283	0.000000	0.000000	0.000018
333	0.033205	0.000053	0.006453	0.000846	0.959133	0.000288	0.000000	0.000000	0.000022
334	0.032457	0.000052	0.006400	0.000803	0.959992	0.000279	0.000000	0.000000	0.000017
335	0.031892	0.000053	0.006198	0.000820	0.960755	0.000263	0.000000	0.000000	0.000019
336	0.031215	0.000050	0.006129	0.000813	0.961507	0.000263	0.000000	0.000000	0.000023
337	0.030664	0.000039	0.005924	0.000812	0.962287	0.000249	0.000000	0.000000	0.000025
338	0.030124	0.000046	0.005793	0.000829	0.962908	0.000274	0.000000	0.000000	0.000026
339	0.029572	0.000056	0.005670	0.000811	0.963597	0.000266	0.000000	0.000000	0.000028
340	0.028758	0.000053	0.005582	0.000803	0.964484	0.000284	0.000000	0.000000	0.000036
341	0.028200	0.000044	0.005427	0.000787	0.965187	0.000319	0.000000	0.000000	0.000036
342	0.027612	0.000046	0.005302	0.000762	0.965928	0.000317	0.000000	0.000000	0.000033
343	0.027060	0.000047	0.005106	0.000755	0.966669	0.000323	0.000000	0.000000	0.000040
344	0.026299	0.000045	0.005133	0.000723	0.967457	0.000300	0.000000	0.000000	0.000043
345	0.025757	0.000049	0.005067	0.000712	0.968068	0.000306	0.000000	0.000000	0.000041
346	0.025287	0.000050	0.004828	0.000719	0.968770	0.000311	0.000000	0.000000	0.000035
347	0.024721	0.000043	0.004767	0.000716	0.969386	0.000323	0.000000	0.000000	0.000044
348	0.024214	0.000038	0.004687	0.000719	0.969971	0.000329	0.000000	0.000000	0.000042
349	0.023669	0.000040	0.004535	0.000707	0.970705	0.000307	0.000000	0.000000	0.000037
350	0.023215	0.000045	0.004469	0.000701	0.971225	0.000312	0.000000	0.000000	0.000033
351	0.022626	0.000049	0.004427	0.000639	0.971927	0.000302	0.000000	0.000000	0.000030
352	0.022099	0.000057	0.004352	0.000632	0.972516	0.000311	0.000000	0.000000	0.000033
353	0.021534	0.000057	0.004362	0.000623	0.973090	0.000300	0.000000	0.000000	0.000034
354	0.021186	0.000055	0.004239	0.000630	0.973548	0.000306	0.000000	0.000000	0.000036
355	0.020680	0.000063	0.004161	0.000646	0.974112	0.000308	0.000000	0.000000	0.000030
356	0.020182	0.000057	0.004084	0.000674	0.974655	0.000317	0.000000	0.000000	0.000031
357	0.019688	0.000062	0.004043	0.000667	0.975194	0.000315	0.000000	0.000000	0.000031
358	0.019300	0.000052	0.003872	0.000699	0.975743	0.000303	0.000000	0.000000	0.000031
359	0.018841	0.000047	0.003826	0.000699	0.976261	0.000303	0.000000	0.000000	0.000023
360	0.018389	0.000048	0.003764	0.000706	0.976754	0.000313	0.000000	0.000000	0.000026
361	0.018054	0.000045	0.003612	0.000738	0.977211	0.000311	0.000000	0.000000	0.000029
362	0.017659	0.000035	0.003562	0.000723	0.977681	0.000309	0.000000	0.000000	0.000031
363	0.017310	0.000035	0.003462	0.000721	0.978124	0.000317	0.000000	0.000000	0.000031
364	0.016936	0.000029	0.003425	0.000712	0.978577	0.000286	0.000000	0.000000	0.000035
365	0.016577	0.000032	0.003336	0.000690	0.979049	0.000291	0.000000	0.000000	0.000025
366	0.016231	0.000034	0.003295	0.000673	0.979442	0.000303	0.000000	0.000000	0.000022
367	0.015793	0.000031	0.003270	0.000649	0.979934	0.000296	0.000000	0.000000	0.000027
368	0.015435	0.000036	0.003181	0.000676	0.980358	0.000291	0.000000	0.000000	0.000023
369	0.015115	0.000025	0.003156	0.000672	0.980711	0.000297	0.000000	0.000000	0.000024
370	0.014750	0.000024	0.003073	0.000672	0.981191	0.000276	0.000000	0.000000	0.000014
371	0.014307	0.000023	0.003041	0.000654	0.981667	0.000294	0.000000	0.000000	0.000014
372	0.014059	0.000023	0.002986	0.000624	0.981976	0.000313	0.000000	0.000000	0.000019
373	0.013814	0.000021	0.002830	0.000594	0.982408	0.000319	0.000000	0.000000	0.000014
374	0.013585	0.000020	0.002775	0.000591	0.982705	0.000311	0.000000	0.000000	0.000013
375	0.013295	0.000017	0.002726	0.000580	0.983061	0.000309	0.000000	0.000000	0.000012
376	0.013083	0.000013	0.002669	0.000579	0.983349	0.000300	0.000000	0.000000	0.000007
377	0.012772	0.000017	0.002633	0.000582	0.983694	0.000301	0.000000	0.000000	0.000001
378	0.012389	0.000012	0.002599	0.000597	0.984070	0.000333	0.000000	0.000000	0.000000
379	0.012130	0.000014	0.002602	0.000576	0.984342	0.000336	0.000000	0.000000	0.000000
380	0.011847	0.000010	0.002545	0.000573	0.984668	0.000357	0.000000	0.000000	0.000000
381	0.011615	0.000007	0.002516	0.000593	0.984901	0.000368	0.000000	0.000000	0.000000
382	0.011376	0.000008	0.002449	0.000618	0.985181	0.000368	0.000000	0.000000	0.000000
383	0.011164	0.000009	0.002380	0.000630	0.985455	0.000362	0.000000	0.000000	0.000000
384	0.010996	0.000008	0.002311	0.000605	0.985727	0.000353	0.000000	0.000000	0.000000
385	0.010650	0.000009	0.002259	0.000608	0.986131	0.000343	0.000000	0.000000	0.000000
386	0.010448	0.000010	0.002220	0.000574	0.986421	0.000327	0.000000	0.000000	0.000000
387	0.010210	0.000013	0.002178	0.000582	0.986693	0.000324	0.000000	0.000000	0.000000
388	0.009983	0.000008	0.002143	0.000574	0.986944	0.000348	0.000000	0.000000	0.000000
389	0.009723	0.000009	0.002116	0.000544	0.987273	0.000335	0.000000	0.000000	0.000000
390	0.009560	0.000007	0.002038	0.000524	0.987542	0.000329	0.000000	0.000000	0.000000
391	0.009467	0.000007	0.001970	0.000547	0.987679	0.000330	0.000000	0.000000	0.000000
392	0.009239	0.000005	0.001935	0.000517	0.987959	0.000345	0.000000	0.000000	0.000000
393	0.009011	0.000001	0.001891	0.000539	0.988204	0.000354	0.000000	0.000000	0.000000
394	0.008809	0.000002	0.001860	0.000535	0.988431	0.000363	0.000000	0.000000	0.000000
395	0.008628	0.000000	0.001809	0.000517	0.988696	0.000350	0.000000	0.000000	0.000000
396	0.008392	0.000000	0.001822	0.000536	0.988923	0.000327	0.000000	0.000000	0.000000
397	0.008234	0.000000	0.001739	0.000553	0.989141	0.000333	0.000000	0.000000	0.000000
398	0.008051	0.000000	0.001679	0.000540	0.989365	0.000365	0.000000	0.000000	0.000000
399	0.007797	0.000000	0.001655	0.000535	0.989653	0.000360	0.000000	0.000000	0.000000
400	0.007601	0.000000	0.001651	0.000503	0.989892	0.000353	0.000000	0.000000	0.000000
401	0.007413	0.000000	0.001587	0.000506	0.990135	0.000359	0.000000	0.000000	0.000000
402	0.007292	0.000000	0.001556	0.000519	0.990270	0.000363	0.000000	0.000000	0.000000
403	0.007054	0.000000	0.001497	0.000553	0.990531	0.000365	0.000000	0.000000	0.000000
404	0.006867	0.000000	0.001486	0.000531	0.990761	0.000355	0.000000	0.000000	0.000000
405	0.006663	0.000000	0.001443	0.000519	0.991005	0.000370	0.000000	0.000000	0.000000
406	0.006434	0.000000	0.001429	0.000515	0.991234	0.000388	0.000000	0.000000	0.000000
407	0.006238	0.000000	0.001360	0.000489	0.991524	0.000389	0.000000	0.000000	0.000000
408	0.006128	0.000000	0.001373	0.000450	0.991657	0.000392	0.000000	0.000000	0.000000
409	0.005926	0.000000	0.001329	0.000469	0.991900	0.000376	0.000000	0.000000	0.000000
410	0.005820	0.000000	0.001299	0.000460	0.992091	0.000330	0.000000	0.000000	0.000000
411	0.005677	0.000000	0.001259	0.000470	0.992250	0.000344	0.000000	0.000000	0.000000
412	0.005641	0.000000	0.001205	0.000475	0.992350	0.000329	0.000000	0.000000	0.000000
413	0.005592	0.000000	0.001174	0.000466	0.992416	0.000352	0.000000	0.000000	0.000000
414	0.005503	0.000000	0.001148	0.000445	0.992565	0.000339	0.000000	0.000000	0.000000
415	0.005282	0.000000	0.001119	0.000438	0.992815	0.000346	0.000000	0.000000	0.000000
416	0.005143	0.000000	0.001071	0.000419	0.993029	0.000338	0.000000	0.000000	0.000000
417	0.004972	0.000000	0.001010	0.000405	0.993278	0.000335	0.000000	0.000000	0.000000
418	0.004859	0.000000	0.000973	0.000427	0.993392	0.000349	0.000000	0.000000	0.000000
419	0.004784	0.000000	0.000947	0.000410	0.993510	0.000349	0.000000	0.000000	0.000000
420	0.004618	0.000000	0.000956	0.000429	0.993632	0.000365	0.000000	0.000000	0.000000
421	0.004505	0.000000	0.000930	0.000441	0.993748	0.000376	0.000000	0.000000	0.000000
422	0.004361	0.000000	0.000883	0.000450	0.993925	0.000381	0.000000	0.000000	0.000000
423	0.004180	0.000000	0.000858	0.000451	0.994122	0.000389	0.000000	0.000000	0.000000
424	0.004154	0.000000	0.000807	0.000448	0.994190	0.000401	0.000000	0.000000	0.000000
425	0.004041	0.000000	0.000762	0.000443	0.994353	0.000401	0.000000	0.000000	0.000000
426	0.003855	0.000000	0.000776	0.000457	0.994498	0.000414	0.000000	0.000000	0.000000
427	0.003756	0.000000	0.000736	0.000486	0.994603	0.000419	0.000000	0.000000	0.000000
428	0.003643	0.000000	0.000726	0.000508	0.994725	0.000398	0.000000	0.000000	0.000000
429	0.003507	0.000000	0.000741	0.000478	0.994892	0.000382	0.000000	0.000000	0.000000
430	0.003466	0.000000	0.000713	0.000515	0.994939	0.000367	0.000000	0.000000	0.000000
431	0.003380	0.000000	0.000706	0.000494	0.995018	0.000402	0.000000	0.000000	0.000000
432	0.003279	0.000000	0.000668	0.000489	0.995158	0.000406	0.000000	0.000000	0.000000
433	0.003137	0.000000	0.000632	0.000495	0.995337	0.000399	0.000000	0.000000	0.000000
434	0.003018	0.000000	0.000635	0.000473	0.995464	0.000410	0.000000	0.000000	0.000000
435	0.002915	0.000000	0.000606	0.000497	0.995568	0.000414	0.000000	0.000000	0.000000
436	0.002817	0.000000	0.000594	0.000521	0.995650	0.000418	0.000000	0.000000	0.000000
437	0.002689	0.000000	0.000589	0.000523	0.995773	0.000426	0.000000	0.000000	0.000000
438	0.002637	0.000000	0.000566	0.000490	0.995913	0.000394	0.000000	0.000000	0.000000
439	0.002527	0.000000	0.000546	0.000489	0.996032	0.000406	0.000000	0.000000	0.000000
440	0.002475	0.000000	0.000521	0.000480	0.996122	0.000402	0.000000	0.000000	0.000000
441	0.002412	0.000000	0.000509	0.000462	0.996200	0.000417	0.000000	0.000000	0.000000
442	0.002361	0.000000	0.000496	0.000469	0.996260	0.000414	0.000000	0.000000	0.000000
443	0.002260	0.000000	0.000481	0.000499	0.996354	0.000406	0.000000	0.000000	0.000000
444	0.002225	0.000000	0.000476	0.000497	0.996424	0.000378	0.000000	0.000000	0.000000
445	0.002148	0.000000	0.000479	0.000504	0.996471	0.000398	0.000000	0.000000	0.000000
446	0.002054	0.000000	0.000475	0.000502	0.996549	0.000420	0.000000	0.000000	0.000000
447	0.001989	0.000000	0.000453	0.000521	0.996605	0.000432	0.000000	0.000000	0.000000
448	0.001968	0.000000	0.000447	0.000514	0.996685	0.000386	0.000000	0.000000	0.000000
449	0.001901	0.000000	0.000428	0.000540	0.996742	0.000389	0.000000	0.000000	0.000000
450	0.001859	0.000000	0.000394	0.000564	0.996789	0.000394	0.000000	0.000000	0.000000
451	0.001767	0.000000	0.000416	0.000566	0.996845	0.000406	0.000000	0.000000	0.000000
452	0.001696	0.000000	0.000384	0.000549	0.996982	0.000389	0.000000	0.000000	0.000000
453	0.001659	0.000000	0.000399	0.000566	0.996995	0.000381	0.000000	0.000000	0.000000
454	0.001633	0.000000	0.000375	0.000539	0.997064	0.000389	0.000000	0.000000	0.000000
455	0.001587	0.000000	0.000363	0.000527	0.997112	0.000411	0.000000	0.000000	0.000000
456	0.001558	0.000000	0.000348	0.000530	0.997165	0.000399	0.000000	0.000000	0.000000
457	0.001508	0.000000	0.000351	0.000524	0.997210	0.000407	0.000000	0.000000	0.000000
458	0.001457	0.000000	0.000349	0.000497	0.997311	0.000386	0.000000	0.000000	0.000000
459	0.001443	0.000000	0.000333	0.000507	0.997350	0.000367	0.000000	0.000000	0.000000
460	0.001358	0.000000	0.000342	0.000493	0.997410	0.000397	0.000000	0.000000	0.000000
461	0.001316	0.000000	0.000314	0.000505	0.997463	0.000402	0.000000	0.000000	0.000000
462	0.001241	0.000000	0.000298	0.000511	0.997547	0.000403	0.000000	0.000000	0.000000
463	0.001205	0.000000	0.000271	0.000498	0.997649	0.000377	0.000000	0.000000	0.000000
464	0.001142	0.000000	0.000257	0.000482	0.997731	0.000388	0.000000	0.000000	0.000000
465	0.001066	0.000000	0.000250	0.000515	0.997778	0.000391	0.000000	0.000000	0.000000
466	0.001033	0.000000	0.000244	0.000517	0.997793	0.000413	0.000000	0.000000	0.000000
467	0.000984	0.000000	0.000228	0.000516	0.997850	0.000422	0.000000	0.000000	0.000000
468	0.000950	0.000000	0.000230	0.000505	0.997935	0.000380	0.000000	0.000000	0.000000
469	0.000921	0.000000	0.000219	0.000500	0.997945	0.000415	0.000000	0.000000	0.000000
470	0.000902	0.000000	0.000210	0.000504	0.997990	0.000394	0.000000	0.000000	0.000000
