0	0.290663	0.057897	0.229473	0.157588	0.029913	0.111872	0.085455	0.012259	0.024880
1	0.221850	0.045960	0.192412	0.145296	0.029823	0.124677	0.122648	0.023794	0.093540
2	0.213077	0.043460	0.184439	0.144642	0.031241	0.124814	0.127671	0.024841	0.105815
3	0.210394	0.041984	0.179306	0.144893	0.032683	0.123733	0.128693	0.024446	0.113868
4	0.209241	0.040337	0.174262	0.145533	0.034505	0.122225	0.128744	0.024244	0.120909
5	0.208636	0.039267	0.169950	0.146016	0.036492	0.119398	0.128416	0.023625	0.128200
6	0.208642	0.038042	0.165885	0.146285	0.038396	0.116513	0.127834	0.023154	0.135249
7	0.209127	0.036955	0.161144	0.146448	0.040979	0.113485	0.127216	0.022313	0.142333
8	0.209624	0.035516	0.156477	0.147650	0.043059	0.110900	0.125973	0.021664	0.149137
9	0.209128	0.034423	0.152478	0.148297	0.045566	0.107843	0.125522	0.021030	0.155713
10	0.209276	0.033288	0.147652	0.148411	0.048472	0.105213	0.124532	0.020638	0.162518
11	0.209754	0.032210	0.142780	0.148871	0.051184	0.102617	0.123818	0.019771	0.168995
12	0.210179	0.031359	0.138485	0.149209	0.054043	0.099530	0.122084	0.019072	0.176039
13	0.210962	0.030546	0.134101	0.149462	0.056707	0.096514	0.120665	0.018376	0.182667
14	0.211052	0.029425	0.129634	0.150346	0.059892	0.093280	0.119254	0.017774	0.189343
15	0.211217	0.028431	0.124671	0.150817	0.063210	0.090436	0.118016	0.017080	0.196122
16	0.211790	0.027233	0.120007	0.151002	0.066426	0.087647	0.116148	0.016438	0.203309
17	0.212069	0.026141	0.115738	0.151425	0.069690	0.084869	0.114436	0.015839	0.209793
18	0.212593	0.025234	0.111193	0.151342	0.072935	0.082089	0.112751	0.015184	0.216679
19	0.211788	0.024233	0.107589	0.151835	0.076930	0.079465	0.110794	0.014677	0.222689
20	0.211676	0.023264	0.103612	0.151545	0.081045	0.076765	0.109019	0.014019	0.229055
21	0.211795	0.022377	0.099573	0.151555	0.084414	0.073876	0.107590	0.013711	0.235109
22	0.211384	0.021566	0.096125	0.151429	0.088425	0.071135	0.105323	0.013063	0.241550
23	0.210915	0.020819	0.093028	0.151199	0.092388	0.068450	0.103251	0.012525	0.247425
24	0.211069	0.020019	0.089157	0.151194	0.096740	0.065534	0.101311	0.012093	0.252883
25	0.210179	0.019272	0.085751	0.151001	0.101187	0.062967	0.099401	0.011604	0.258638
26	0.209996	0.018242	0.081912	0.150966	0.105601	0.060853	0.097252	0.011117	0.264061
27	0.209390	0.017424	0.078416	0.150592	0.109979	0.058907	0.095414	0.010528	0.269350
28	0.208173	0.016748	0.075050	0.150276	0.114962	0.056432	0.093786	0.010040	0.274533
29	0.207193	0.016045	0.071588	0.149683	0.120014	0.054109	0.092038	0.009635	0.279695
30	0.206620	0.015509	0.068710	0.149092	0.124700	0.052032	0.089968	0.009136	0.284233
31	0.205202	0.014794	0.065891	0.148626	0.129934	0.050065	0.087594	0.008750	0.289144
32	0.203904	0.014139	0.063278	0.148286	0.134783	0.047997	0.085578	0.008210	0.293825
33	0.202506	0.013571	0.060407	0.147566	0.140529	0.046247	0.083385	0.007841	0.297948
34	0.201119	0.012895	0.057358	0.146887	0.146126	0.044449	0.081733	0.007468	0.301965
35	0.199881	0.012303	0.054761	0.146946	0.151504	0.042523	0.079406	0.007399	0.305277
36	0.198266	0.011767	0.052147	0.146381	0.156954	0.040820	0.077483	0.006972	0.309210
37	0.196495	0.011118	0.050028	0.146530	0.162228	0.039157	0.075347	0.006675	0.312422
38	0.194783	0.010679	0.047573	0.146146	0.168209	0.037544	0.073417	0.006340	0.315309
39	0.193338	0.010220	0.045192	0.145370	0.174039	0.036388	0.071238	0.005989	0.318226
40	0.191361	0.009849	0.042942	0.144110	0.180383	0.034959	0.069401	0.005798	0.321197
41	0.189266	0.009459	0.040846	0.144041	0.186395	0.033594	0.067293	0.005663	0.323443
42	0.187316	0.008936	0.038936	0.143283	0.192876	0.032582	0.065353	0.005429	0.325289
43	0.184978	0.008458	0.036857	0.143004	0.199549	0.031260	0.063847	0.005074	0.326973
44	0.182704	0.008067	0.035328	0.142503	0.205867	0.030038	0.062095	0.004783	0.328615
45	0.180686	0.007534	0.033372	0.141915	0.212168	0.028821	0.060442	0.004555	0.330507
46	0.178275	0.007296	0.031854	0.141472	0.218613	0.027661	0.058746	0.004369	0.331714
47	0.175571	0.006944	0.030157	0.141591	0.225240	0.026913	0.056698	0.004078	0.332808
48	0.173562	0.006631	0.028380	0.140552	0.232185	0.025815	0.055081	0.003899	0.333895
49	0.171095	0.006349	0.026741	0.140341	0.239440	0.024725	0.053356	0.003697	0.334256
50	0.168272	0.005965	0.025423	0.139859	0.246579	0.023597	0.051653	0.003563	0.335089
51	0.165593	0.005701	0.024028	0.139621	0.252827	0.023069	0.050260	0.003433	0.335468
52	0.162584	0.005403	0.022700	0.139410	0.259645	0.022333	0.048807	0.003263	0.335855
53	0.160227	0.005099	0.021425	0.138598	0.266924	0.021360	0.047628	0.003149	0.335590
54	0.157415	0.004798	0.020264	0.138162	0.274607	0.020620	0.045805	0.002982	0.335347
55	0.154596	0.004621	0.019005	0.137928	0.281468	0.020107	0.044007	0.002848	0.335420
56	0.151625	0.004346	0.017886	0.137586	0.288747	0.019388	0.042697	0.002699	0.335026
57	0.148786	0.004191	0.016668	0.137061	0.296283	0.018765	0.041098	0.002557	0.334591
58	0.145810	0.003904	0.015591	0.136524	0.303749	0.018324	0.039816	0.002496	0.333786
59	0.142779	0.003732	0.014547	0.135764	0.311567	0.017755	0.038673	0.002407	0.332776
60	0.140115	0.003620	0.013734	0.135494	0.319243	0.017199	0.037305	0.002208	0.331082
61	0.136983	0.003417	0.013015	0.134752	0.327015	0.016746	0.036045	0.002018	0.330009
62	0.134111	0.003153	0.012260	0.134494	0.334646	0.016089	0.034668	0.001896	0.328683
63	0.131282	0.002935	0.011549	0.134548	0.341625	0.015718	0.033543	0.001809	0.326991
64	0.128402	0.002831	0.010905	0.134361	0.349476	0.015298	0.032365	0.001678	0.324684
65	0.125492	0.002643	0.010241	0.134235	0.357095	0.014769	0.031520	0.001581	0.322424
66	0.122675	0.002475	0.009567	0.134771	0.364345	0.014455	0.030311	0.001513	0.319888
67	0.120081	0.002234	0.008970	0.134245	0.372105	0.014017	0.029063	0.001415	0.317870
68	0.116918	0.002051	0.008405	0.133908	0.379717	0.013779	0.027929	0.001264	0.316029
69	0.113712	0.001922	0.007909	0.134089	0.387864	0.013327	0.027159	0.001203	0.312815
70	0.110521	0.001829	0.007511	0.133871	0.395480	0.013115	0.026091	0.001132	0.310450
71	0.107845	0.001685	0.007002	0.133988	0.402938	0.012874	0.025337	0.001095	0.307236
72	0.104552	0.001647	0.006519	0.133545	0.410934	0.012585	0.024266	0.001019	0.304933
73	0.101780	0.001491	0.006119	0.133439	0.418418	0.012339	0.023377	0.000996	0.302041
74	0.098935	0.001365	0.005707	0.133980	0.425528	0.012085	0.022612	0.000949	0.298839
75	0.095895	0.001340	0.005406	0.134121	0.433623	0.011747	0.021539	0.000913	0.295416
76	0.092778	0.001259	0.005129	0.134199	0.440920	0.011604	0.020857	0.000833	0.292421
77	0.089935	0.001194	0.004748	0.134077	0.448608	0.011371	0.020135	0.000800	0.289132
78	0.087160	0.001093	0.004405	0.134533	0.456251	0.011108	0.019219	0.000772	0.285459
79	0.084609	0.001024	0.004106	0.134492	0.464092	0.010838	0.018558	0.000716	0.281565
80	0.081992	0.000930	0.003827	0.134535	0.471796	0.010662	0.017739	0.000673	0.277846
81	0.079328	0.000886	0.003589	0.134851	0.478937	0.010540	0.017034	0.000639	0.274196
82	0.076538	0.000826	0.003340	0.134533	0.487126	0.010296	0.016273	0.000587	0.270481
83	0.074035	0.000759	0.003080	0.134613	0.494390	0.010202	0.015651	0.000540	0.266730
84	0.071541	0.000682	0.002872	0.135073	0.501720	0.010054	0.014982	0.000478	0.262598
85	0.069106	0.000691	0.002642	0.135465	0.509144	0.009864	0.014212	0.000426	0.258450
86	0.067043	0.000635	0.002496	0.135246	0.516538	0.009615	0.013607	0.000362	0.254458
87	0.064933	0.000617	0.002371	0.135244	0.523993	0.009517	0.012823	0.000347	0.250155
88	0.062493	0.000617	0.002232	0.135631	0.530905	0.009320	0.012318	0.000307	0.246177
89	0.060051	0.000571	0.002080	0.135488	0.538148	0.009175	0.011809	0.000286	0.242392
90	0.057970	0.000558	0.001937	0.136012	0.545409	0.008948	0.011323	0.000247	0.237596
91	0.055769	0.000496	0.001804	0.136062	0.552293	0.008817	0.010928	0.000234	0.233597
92	0.053691	0.000456	0.001629	0.136055	0.559153	0.008784	0.010540	0.000191	0.229501
93	0.051854	0.000437	0.001550	0.135856	0.566191	0.008732	0.010118	0.000180	0.225082
94	0.049988	0.000412	0.001445	0.136040	0.573023	0.008450	0.009520	0.000173	0.220949
95	0.048044	0.000384	0.001316	0.135768	0.580098	0.008248	0.009115	0.000166	0.216861
96	0.046070	0.000358	0.001196	0.135567	0.587237	0.008267	0.008763	0.000156	0.212386
97	0.044118	0.000323	0.001087	0.136057	0.593212	0.008182	0.008400	0.000131	0.208490
98	0.042786	0.000295	0.001026	0.136249	0.599507	0.008061	0.007941	0.000133	0.204002
99	0.041178	0.000270	0.000941	0.136280	0.605877	0.008104	0.007606	0.000129	0.199615
100	0.039557	0.000247	0.000858	0.136597	0.612196	0.008010	0.007197	0.000126	0.195212
101	0.038044	0.000229	0.000832	0.136812	0.618154	0.008004	0.006920	0.000133	0.190872
102	0.036571	0.000225	0.000775	0.136768	0.624637	0.007997	0.006499	0.000128	0.186400
103	0.034957	0.000206	0.000703	0.136795	0.630672	0.007949	0.006221	0.000123	0.182374
104	0.033512	0.000198	0.000670	0.136575	0.636737	0.007922	0.005930	0.000096	0.178360
105	0.032163	0.000192	0.000620	0.136506	0.642893	0.007864	0.005607	0.000097	0.174058
106	0.030712	0.000193	0.000593	0.136843	0.648429	0.007819	0.005340	0.000083	0.169988
107	0.029263	0.000160	0.000560	0.136817	0.654501	0.007779	0.005084	0.000070	0.165766
108	0.027996	0.000144	0.000523	0.137227	0.660019	0.007754	0.004828	0.000061	0.161448
109	0.026726	0.000151	0.000513	0.137694	0.664935	0.007727	0.004538	0.000063	0.157653
110	0.025256	0.000155	0.000486	0.138086	0.670383	0.007738	0.004336	0.000060	0.153500
111	0.024172	0.000137	0.000454	0.138321	0.675575	0.007617	0.004086	0.000053	0.149585
112	0.023175	0.000111	0.000406	0.138638	0.680778	0.007531	0.003861	0.000047	0.145453
113	0.021978	0.000099	0.000396	0.138581	0.686055	0.007458	0.003649	0.000044	0.141740
114	0.021033	0.000080	0.000360	0.138565	0.691501	0.007321	0.003452	0.000040	0.137648
115	0.019996	0.000082	0.000359	0.138738	0.696142	0.007267	0.003248	0.000045	0.134123
116	0.019055	0.000078	0.000357	0.139070	0.700549	0.007263	0.003063	0.000038	0.130527
117	0.018197	0.000066	0.000327	0.139419	0.705063	0.007139	0.002838	0.000040	0.126911
118	0.017340	0.000066	0.000293	0.139801	0.709230	0.007200	0.002654	0.000035	0.123381
119	0.016536	0.000047	0.000273	0.140236	0.713459	0.007151	0.002528	0.000040	0.119730
120	0.015852	0.000045	0.000259	0.140616	0.717812	0.007226	0.002388	0.000039	0.115763
121	0.014960	0.000041	0.000256	0.140853	0.722179	0.007043	0.002222	0.000041	0.112405
122	0.014146	0.000047	0.000231	0.140926	0.726148	0.007119	0.002077	0.000042	0.109264
123	0.013279	0.000049	0.000227	0.141101	0.730248	0.006960	0.001966	0.000031	0.106139
124	0.012720	0.000056	0.000219	0.141230	0.734277	0.006831	0.001923	0.000035	0.102709
125	0.012128	0.000059	0.000198	0.140971	0.738470	0.006903	0.001832	0.000039	0.099400
126	0.011303	0.000050	0.000172	0.141109	0.742435	0.006725	0.001715	0.000037	0.096454
127	0.010610	0.000042	0.000151	0.141705	0.745900	0.006772	0.001617	0.000032	0.093171
128	0.010095	0.000038	0.000141	0.142149	0.749224	0.006758	0.001521	0.000039	0.090035
129	0.009454	0.000042	0.000148	0.142338	0.752649	0.006901	0.001418	0.000032	0.087018
130	0.009020	0.000036	0.000136	0.142218	0.756321	0.006722	0.001358	0.000033	0.084156
131	0.008459	0.000034	0.000126	0.142486	0.759765	0.006707	0.001363	0.000034	0.081026
132	0.008063	0.000032	0.000119	0.142841	0.762409	0.006749	0.001275	0.000029	0.078483
133	0.007570	0.000033	0.000111	0.142993	0.765269	0.006768	0.001184	0.000022	0.076050
134	0.007181	0.000028	0.000110	0.142712	0.768482	0.006784	0.001101	0.000017	0.073585
135	0.006758	0.000028	0.000096	0.142707	0.771782	0.006777	0.000999	0.000016	0.070837
136	0.006369	0.000035	0.000085	0.142681	0.774736	0.006728	0.000912	0.000017	0.068437
137	0.005942	0.000026	0.000070	0.142275	0.778307	0.006805	0.000827	0.000020	0.065728
138	0.005533	0.000026	0.000060	0.142972	0.780319	0.006742	0.000764	0.000016	0.063568
139	0.005173	0.000021	0.000055	0.143112	0.782928	0.006717	0.000691	0.000011	0.061292
140	0.004776	0.000023	0.000050	0.143834	0.785043	0.006657	0.000677	0.000012	0.058928
141	0.004441	0.000018	0.000049	0.143807	0.787847	0.006684	0.000614	0.000006	0.056534
142	0.004163	0.000025	0.000037	0.143813	0.790189	0.006669	0.000564	0.000007	0.054533
143	0.003904	0.000012	0.000033	0.144029	0.792713	0.006504	0.000555	0.000005	0.052245
144	0.003688	0.000009	0.000037	0.144115	0.794687	0.006548	0.000503	0.000006	0.050407
145	0.003447	0.000011	0.000038	0.144219	0.796777	0.006573	0.000465	0.000007	0.048463
146	0.003234	0.000008	0.000042	0.144172	0.798859	0.006538	0.000425	0.000004	0.046718
147	0.003011	0.000007	0.000046	0.144254	0.801011	0.006481	0.000382	0.000006	0.044802
148	0.002836	0.000004	0.000042	0.144261	0.802975	0.006366	0.000367	0.000005	0.043144
149	0.002638	0.000003	0.000041	0.144342	0.804823	0.006528	0.000334	0.000003	0.041288
150	0.002471	0.000004	0.000040	0.144385	0.806626	0.006507	0.000312	0.000004	0.039651
151	0.002216	0.000006	0.000043	0.144554	0.808505	0.006477	0.000303	0.000004	0.037892
152	0.002051	0.000006	0.000035	0.144835	0.810152	0.006404	0.000284	0.000002	0.036231
153	0.001913	0.000005	0.000029	0.145015	0.811690	0.006392	0.000267	0.000002	0.034687
154	0.001797	0.000003	0.000020	0.145348	0.813110	0.006444	0.000243	0.000005	0.033030
155	0.001667	0.000003	0.000015	0.145773	0.814217	0.006338	0.000210	0.000006	0.031771
156	0.001530	0.000003	0.000011	0.145870	0.815680	0.006377	0.000217	0.000006	0.030306
157	0.001444	0.000002	0.000008	0.146218	0.816782	0.006453	0.000214	0.000007	0.028872
158	0.001333	0.000001	0.000010	0.145995	0.818545	0.006489	0.000182	0.000006	0.027439
159	0.001267	0.000000	0.000008	0.146282	0.819517	0.006488	0.000173	0.000007	0.026258
160	0.001195	0.000000	0.000010	0.146334	0.820739	0.006497	0.000152	0.000010	0.025063
161	0.001106	0.000000	0.000007	0.146386	0.821913	0.006364	0.000123	0.000010	0.024091
162	0.001051	0.000000	0.000006	0.146536	0.822980	0.006447	0.000112	0.000006	0.022862
163	0.000975	0.000000	0.000007	0.146762	0.823935	0.006288	0.000098	0.000006	0.021929
164	0.000959	0.000000	0.000008	0.147037	0.824607	0.006308	0.000096	0.000004	0.020981
165	0.000912	0.000000	0.000007	0.146879	0.825951	0.006242	0.000078	0.000003	0.019928
166	0.000883	0.000000	0.000004	0.147403	0.826398	0.006097	0.000074	0.000003	0.019138
167	0.000815	0.000000	0.000005	0.147429	0.827381	0.006149	0.000066	0.000000	0.018155
168	0.000784	0.000000	0.000001	0.147398	0.828358	0.006229	0.000057	0.000000	0.017173
169	0.000738	0.000000	0.000000	0.147575	0.828977	0.006231	0.000057	0.000000	0.016422
170	0.000706	0.000000	0.000000	0.147634	0.829675	0.006242	0.000051	0.000000	0.015692
171	0.000680	0.000000	0.000000	0.147510	0.830558	0.006303	0.000036	0.000000	0.014913
172	0.000653	0.000000	0.000000	0.146907	0.832143	0.006236	0.000039	0.000000	0.014022
173	0.000602	0.000000	0.000000	0.147032	0.832728	0.006216	0.000034	0.000000	0.013388
174	0.000557	0.000000	0.000000	0.146764	0.833522	0.006297	0.000038	0.000000	0.012822
175	0.000523	0.000000	0.000000	0.146484	0.834479	0.006250	0.000035	0.000000	0.012229
176	0.000470	0.000000	0.000000	0.146577	0.835186	0.006234	0.000028	0.000000	0.011505
177	0.000422	0.000000	0.000000	0.146375	0.835997	0.006277	0.000026	0.000000	0.010903
178	0.000390	0.000000	0.000000	0.146585	0.836301	0.006282	0.000014	0.000000	0.010428
179	0.000337	0.000000	0.000000	0.146662	0.836783	0.006245	0.000019	0.000000	0.009954
180	0.000300	0.000000	0.000000	0.146714	0.837392	0.006263	0.000017	0.000000	0.009314
181	0.000280	0.000000	0.000000	0.146611	0.837943	0.006348	0.000018	0.000000	0.008800
182	0.000257	0.000000	0.000000	0.146540	0.838353	0.006373	0.000014	0.000000	0.008463
183	0.000241	0.000000	0.000000	0.146654	0.838700	0.006354	0.000008	0.000000	0.008043
184	0.000208	0.000000	0.000000	0.146567	0.839262	0.006387	0.000009	0.000000	0.007567
185	0.000205	0.000000	0.000000	0.146435	0.839754	0.006467	0.000001	0.000000	0.007138
186	0.000203	0.000000	0.000000	0.145975	0.840545	0.006469	0.000003	0.000000	0.006805
187	0.000188	0.000000	0.000000	0.145735	0.841161	0.006494	0.000001	0.000000	0.006421
188	0.000173	0.000000	0.000000	0.145316	0.841866	0.006613	0.000001	0.000000	0.006031
189	0.000165	0.000000	0.000000	0.145376	0.842160	0.006605	0.000001	0.000000	0.005693
190	0.000141	0.000000	0.000000	0.145350	0.842594	0.006558	0.000000	0.000000	0.005357
191	0.000137	0.000000	0.000000	0.145788	0.842597	0.006522	0.000000	0.000000	0.004956
192	0.000130	0.000000	0.000000	0.145853	0.842933	0.006452	0.000000	0.000000	0.004632
193	0.000127	0.000000	0.000000	0.145703	0.843265	0.006482	0.000000	0.000000	0.004423
194	0.000121	0.000000	0.000000	0.145798	0.843402	0.006518	0.000000	0.000000	0.004161
195	0.000114	0.000000	0.000000	0.145910	0.843586	0.006487	0.000000	0.000000	0.003903
196	0.000104	0.000000	0.000000	0.145622	0.844097	0.006562	0.000000	0.000000	0.003615
197	0.000083	0.000000	0.000000	0.145972	0.844090	0.006472	0.000000	0.000000	0.003383
198	0.000079	0.000000	0.000000	0.146345	0.843948	0.006486	0.000000	0.000000	0.003142
199	0.000072	0.000000	0.000000	0.145970	0.844628	0.006401	0.000000	0.000000	0.002929
200	0.000052	0.000000	0.000000	0.145682	0.845278	0.006324	0.000000	0.000000	0.002664
201	0.000052	0.000000	0.000000	0.145651	0.845552	0.006231	0.000000	0.000000	0.002514
202	0.000047	0.000000	0.000000	0.145663	0.845650	0.006300	0.000000	0.000000	0.002340
203	0.000049	0.000000	0.000000	0.145508	0.845988	0.006262	0.000000	0.000000	0.002193
204	0.000050	0.000000	0.000000	0.145576	0.846058	0.006256	0.000000	0.000000	0.002060
205	0.000053	0.000000	0.000000	0.145330	0.846399	0.006295	0.000000	0.000000	0.001923
206	0.000050	0.000000	0.000000	0.145517	0.846490	0.006213	0.000000	0.000000	0.001730
207	0.000045	0.000000	0.000000	0.145653	0.846577	0.006131	0.000000	0.000000	0.001594
208	0.000039	0.000000	0.000000	0.145698	0.846706	0.006087	0.000000	0.000000	0.001470
209	0.000032	0.000000	0.000000	0.145662	0.846751	0.006217	0.000000	0.000000	0.001338
210	0.000035	0.000000	0.000000	0.145280	0.847205	0.006236	0.000000	0.000000	0.001244
211	0.000038	0.000000	0.000000	0.145220	0.847395	0.006172	0.000000	0.000000	0.001175
212	0.000039	0.000000	0.000000	0.145657	0.847082	0.006117	0.000000	0.000000	0.001105
213	0.000040	0.000000	0.000000	0.145600	0.847137	0.006180	0.000000	0.000000	0.001043
214	0.000037	0.000000	0.000000	0.145911	0.847026	0.006080	0.000000	0.000000	0.000946
215	0.000036	0.000000	0.000000	0.145664	0.847352	0.006069	0.000000	0.000000	0.000879
216	0.000044	0.000000	0.000000	0.145502	0.847661	0.005991	0.000000	0.000000	0.000802
217	0.000041	0.000000	0.000000	0.145326	0.847824	0.006073	0.000000	0.000000	0.000736
218	0.000046	0.000000	0.000000	0.145532	0.847587	0.006155	0.000000	0.000000	0.000680
219	0.000044	0.000000	0.000000	0.145059	0.848141	0.006129	0.000000	0.000000	0.000627
220	0.000033	0.000000	0.000000	0.144925	0.848346	0.006124	0.000000	0.000000	0.000572
221	0.000037	0.000000	0.000000	0.144925	0.848419	0.006097	0.000000	0.000000	0.000522
222	0.000036	0.000000	0.000000	0.145098	0.848259	0.006121	0.000000	0.000000	0.000486
223	0.000034	0.000000	0.000000	0.145270	0.848075	0.006177	0.000000	0.000000	0.000444
224	0.000031	0.000000	0.000000	0.145244	0.848210	0.006112	0.000000	0.000000	0.000403
225	0.000028	0.000000	0.000000	0.144936	0.848657	0.006024	0.000000	0.000000	0.000355
226	0.000031	0.000000	0.000000	0.144942	0.848622	0.006054	0.000000	0.000000	0.000351
227	0.000028	0.000000	0.000000	0.145029	0.848528	0.006108	0.000000	0.000000	0.000307
228	0.000030	0.000000	0.000000	0.145265	0.848406	0.006027	0.000000	0.000000	0.000272
229	0.000027	0.000000	0.000000	0.145467	0.848262	0.005987	0.000000	0.000000	0.000257
230	0.000027	0.000000	0.000000	0.145518	0.848178	0.006026	0.000000	0.000000	0.000251
231	0.000036	0.000000	0.000000	0.145717	0.848059	0.005960	0.000000	0.000000	0.000228
232	0.000035	0.000000	0.000000	0.145405	0.848445	0.005912	0.000000	0.000000	0.000203
233	0.000039	0.000000	0.000000	0.145827	0.847994	0.005955	0.000000	0.000000	0.000185
234	0.000034	0.000000	0.000000	0.145433	0.848423	0.005963	0.000000	0.000000	0.000147
235	0.000035	0.000000	0.000000	0.145320	0.848626	0.005863	0.000000	0.000000	0.000156
236	0.000038	0.000000	0.000000	0.145392	0.848539	0.005894	0.000000	0.000000	0.000137
237	0.000030	0.000000	0.000000	0.145224	0.848715	0.005904	0.000000	0.000000	0.000127
238	0.000032	0.000000	0.000000	0.145485	0.848526	0.005829	0.000000	0.000000	0.000128
239	0.000030	0.000000	0.000000	0.145772	0.848175	0.005893	0.000000	0.000000	0.000130
240	0.000029	0.000000	0.000000	0.145984	0.848022	0.005835	0.000000	0.000000	0.000130
241	0.000030	0.000000	0.000000	0.146013	0.848027	0.005815	0.000000	0.000000	0.000115
242	0.000028	0.000000	0.000000	0.145926	0.848079	0.005856	0.000000	0.000000	0.000111
243	0.000025	0.000000	0.000000	0.145691	0.848439	0.005746	0.000000	0.000000	0.000099
244	0.000033	0.000000	0.000000	0.145297	0.848811	0.005755	0.000000	0.000000	0.000104
245	0.000032	0.000000	0.000000	0.145335	0.848856	0.005673	0.000000	0.000000	0.000104
246	0.000029	0.000000	0.000000	0.145259	0.848927	0.005682	0.000000	0.000000	0.000103
247	0.000033	0.000000	0.000000	0.145244	0.848973	0.005640	0.000000	0.000000	0.000110
248	0.000029	0.000000	0.000000	0.145164	0.848982	0.005737	0.000000	0.000000	0.000088
249	0.000031	0.000000	0.000000	0.145595	0.848589	0.005706	0.000000	0.000000	0.000079
250	0.000027	0.000000	0.000000	0.145461	0.848806	0.005627	0.000000	0.000000	0.000079
251	0.000029	0.000000	0.000000	0.145089	0.849080	0.005737	0.000000	0.000000	0.000065
252	0.000026	0.000000	0.000000	0.145319	0.848883	0.005709	0.000000	0.000000	0.000063
253	0.000020	0.000000	0.000000	0.145447	0.848816	0.005644	0.000000	0.000000	0.000073
254	0.000020	0.000000	0.000000	0.145097	0.849237	0.005572	0.000000	0.000000	0.000074
255	0.000018	0.000000	0.000000	0.145393	0.848929	0.005603	0.000000	0.000000	0.000057
256	0.000015	0.000000	0.000000	0.145451	0.848835	0.005642	0.000000	0.000000	0.000057
257	0.000017	0.000000	0.000000	0.145191	0.849054	0.005681	0.000000	0.000000	0.000057
258	0.000016	0.000000	0.000000	0.144935	0.849212	0.005774	0.000000	0.000000	0.000063
259	0.000015	0.000000	0.000000	0.145094	0.849112	0.005718	0.000000	0.000000	0.000061
260	0.000015	0.000000	0.000000	0.145098	0.849265	0.005558	0.000000	0.000000	0.000064
261	0.000014	0.000000	0.000000	0.144609	0.849713	0.005606	0.000000	0.000000	0.000058
262	0.000018	0.000000	0.000000	0.144710	0.849687	0.005538	0.000000	0.000000	0.000047
263	0.000018	0.000000	0.000000	0.144767	0.849556	0.005618	0.000000	0.000000	0.000041
264	0.000018	0.000000	0.000000	0.145183	0.849149	0.005620	0.000000	0.000000	0.000030
265	0.000020	0.000000	0.000000	0.145226	0.849085	0.005634	0.000000	0.000000	0.000035
266	0.000016	0.000000	0.000000	0.145255	0.849011	0.005686	0.000000	0.000000	0.000032
267	0.000012	0.000000	0.000000	0.145151	0.849034	0.005775	0.000000	0.000000	0.000028
268	0.000010	0.000000	0.000000	0.144928	0.849324	0.005717	0.000000	0.000000	0.000021
269	0.000010	0.000000	0.000000	0.144341	0.849876	0.005758	0.000000	0.000000	0.000015
270	0.000012	0.000000	0.000000	0.144363	0.849827	0.005787	0.000000	0.000000	0.000011
271	0.000010	0.000000	0.000000	0.144246	0.849900	0.005838	0.000000	0.000000	0.000006
272	0.000011	0.000000	0.000000	0.144110	0.850098	0.005774	0.000000	0.000000	0.000007
273	0.000008	0.000000	0.000000	0.144249	0.849971	0.005770	0.000000	0.000000	0.000002
274	0.000008	0.000000	0.000000	0.144473	0.849747	0.005772	0.000000	0.000000	0.000000
275	0.000010	0.000000	0.000000	0.144417	0.849936	0.005636	0.000000	0.000000	0.000001
276	0.000011	0.000000	0.000000	0.144625	0.849690	0.005671	0.000000	0.000000	0.000003
277	0.000010	0.000000	0.000000	0.144791	0.849444	0.005752	0.000000	0.000000	0.000003
278	0.000012	0.000000	0.000000	0.144278	0.849894	0.005812	0.000000	0.000000	0.000004
279	0.000010	0.000000	0.000000	0.144487	0.849757	0.005742	0.000000	0.000000	0.000004
280	0.000007	0.000000	0.000000	0.144379	0.849707	0.005907	0.000000	0.000000	0.000000
281	0.000008	0.000000	0.000000	0.144100	0.850004	0.005886	0.000000	0.000000	0.000002
282	0.000003	0.000000	0.000000	0.144059	0.850046	0.005888	0.000000	0.000000	0.000004
283	0.000002	0.000000	0.000000	0.144015	0.850083	0.005896	0.000000	0.000000	0.000004
284	0.000001	0.000000	0.000000	0.144007	0.850099	0.005886	0.000000	0.000000	0.000007
285	0.000000	0.000000	0.000000	0.143922	0.850208	0.005864	0.000000	0.000000	0.000006
286	0.000000	0.000000	0.000000	0.143774	0.850319	0.005901	0.000000	0.000000	0.000006
287	0.000000	0.000000	0.000000	0.143348	0.850719	0.005928	0.000000	0.000000	0.000005
288	0.000000	0.000000	0.000000	0.143635	0.850401	0.005958	0.000000	0.000000	0.000006
289	0.000000	0.000000	0.000000	0.143146	0.850878	0.005969	0.000000	0.000000	0.000007
290	0.000000	0.000000	0.000000	0.143204	0.850805	0.005984	0.000000	0.000000	0.000007
291	0.000000	0.000000	0.000000	0.143336	0.850720	0.005937	0.000000	0.000000	0.000007
292	0.000000	0.000000	0.000000	0.143403	0.850613	0.005978	0.000000	0.000000	0.000006
293	0.000000	0.000000	0.000000	0.143300	0.850727	0.005964	0.000000	0.000000	0.000009
294	0.000000	0.000000	0.000000	0.143831	0.850244	0.005914	0.000000	0.000000	0.000011
295	0.000000	0.000000	0.000000	0.143853	0.850227	0.005905	0.000000	0.000000	0.000015
296	0.000000	0.000000	0.000000	0.143835	0.850256	0.005898	0.000000	0.000000	0.000011
297	0.000000	0.000000	0.000000	0.143909	0.850192	0.005880	0.000000	0.000000	0.000019
298	0.000000	0.000000	0.000000	0.143827	0.850330	0.005830	0.000000	0.000000	0.000013
299	0.000000	0.000000	0.000000	0.143587	0.850640	0.005759	0.000000	0.000000	0.000014
300	0.000000	0.000000	0.000000	0.143356	0.850866	0.005764	0.000000	0.000000	0.000014
301	0.000000	0.000000	0.000000	0.143195	0.850982	0.005810	0.000000	0.000000	0.000013
302	0.000000	0.000000	0.000000	0.143042	0.851124	0.005822	0.000000	0.000000	0.000012
303	0.000000	0.000000	0.000000	0.143319	0.850902	0.005765	0.000000	0.000000	0.000014
304	0.000000	0.000000	0.000000	0.143375	0.850734	0.005877	0.000000	0.000000	0.000014
305	0.000000	0.000000	0.000000	0.143558	0.850504	0.005918	0.000000	0.000000	0.000020
306	0.000000	0.000000	0.000000	0.143352	0.850647	0.005981	0.000000	0.000000	0.000020
307	0.000000	0.000000	0.000000	0.143336	0.850737	0.005902	0.000000	0.000000	0.000025
308	0.000000	0.000000	0.000000	0.143743	0.850383	0.005856	0.000000	0.000000	0.000018
309	0.000000	0.000000	0.000000	0.144031	0.850054	0.005893	0.000000	0.000000	0.000022
310	0.000000	0.000000	0.000000	0.144109	0.850003	0.005858	0.000000	0.000000	0.000030
311	0.000000	0.000000	0.000000	0.144379	0.849712	0.005882	0.000000	0.000000	0.000027
312	0.000000	0.000000	0.000000	0.144656	0.849446	0.005873	0.000000	0.000000	0.000025
313	0.000000	0.000000	0.000000	0.144754	0.849527	0.005689	0.000000	0.000000	0.000030
314	0.000000	0.000000	0.000000	0.144636	0.849529	0.005799	0.000000	0.000000	0.000036
315	0.000000	0.000000	0.000000	0.144346	0.849848	0.005771	0.000000	0.000000	0.000035
316	0.000000	0.000000	0.000000	0.144679	0.849554	0.005728	0.000000	0.000000	0.000039
317	0.000000	0.000000	0.000000	0.144687	0.849496	0.005778	0.000000	0.000000	0.000039
318	0.000000	0.000000	0.000000	0.144463	0.849703	0.005796	0.000000	0.000000	0.000038
319	0.000000	0.000000	0.000000	0.144560	0.849739	0.005666	0.000000	0.000000	0.000035
320	0.000000	0.000000	0.000000	0.144393	0.849898	0.005682	0.000000	0.000000	0.000027
321	0.000000	0.000000	0.000000	0.144486	0.849782	0.005705	0.000000	0.000000	0.000027
322	0.000000	0.000000	0.000000	0.144803	0.849419	0.005754	0.000000	0.000000	0.000024
323	0.000000	0.000000	0.000000	0.144581	0.849595	0.005800	0.000000	0.000000	0.000024
324	0.000000	0.000000	0.000000	0.144278	0.849939	0.005755	0.000000	0.000000	0.000028
325	0.000000	0.000000	0.000000	0.144440	0.849901	0.005637	0.000000	0.000000	0.000022
326	0.000000	0.000000	0.000000	0.144455	0.849936	0.005589	0.000000	0.000000	0.000020
327	0.000000	0.000000	0.000000	0.144591	0.849750	0.005639	0.000000	0.000000	0.000020
328	0.000000	0.000000	0.000000	0.144728	0.849715	0.005536	0.000000	0.000000	0.000021
329	0.000000	0.000000	0.000000	0.144630	0.849734	0.005613	0.000000	0.000000	0.000023
330	0.000000	0.000000	0.000000	0.144310	0.850062	0.005604	0.000000	0.000000	0.000024
331	0.000000	0.000000	0.000000	0.143899	0.850457	0.005622	0.000000	0.000000	0.000022
332	0.000000	0.000000	0.000000	0.143948	0.850360	0.005661	0.000000	0.000000	0.000031
333	0.000000	0.000000	0.000000	0.143703	0.850524	0.005738	0.000000	0.000000	0.000035
334	0.000000	0.000000	0.000000	0.143701	0.850595	0.005668	0.000000	0.000000	0.000036
335	0.000000	0.000000	0.000000	0.143338	0.850910	0.005719	0.000000	0.000000	0.000033
336	0.000000	0.000000	0.000000	0.143866	0.850442	0.005664	0.000000	0.000000	0.000028
337	0.000000	0.000000	0.000000	0.144082	0.850238	0.005649	0.000000	0.000000	0.000031
338	0.000000	0.000000	0.000000	0.144158	0.850105	0.005704	0.000000	0.000000	0.000033
339	0.000000	0.000000	0.000000	0.144158	0.850079	0.005733	0.000000	0.000000	0.000030
340	0.000000	0.000000	0.000000	0.144696	0.849664	0.005610	0.000000	0.000000	0.000030
341	0.000000	0.000000	0.000000	0.144793	0.849566	0.005615	0.000000	0.000000	0.000026
342	0.000000	0.000000	0.000000	0.145015	0.849280	0.005675	0.000000	0.000000	0.000030
343	0.000000	0.000000	0.000000	0.144926	0.849339	0.005707	0.000000	0.000000	0.000028
344	0.000000	0.000000	0.000000	0.144925	0.849372	0.005672	0.000000	0.000000	0.000031
345	0.000000	0.000000	0.000000	0.145170	0.849205	0.005597	0.000000	0.000000	0.000028
346	0.000000	0.000000	0.000000	0.144824	0.849521	0.005637	0.000000	0.000000	0.000018
347	0.000000	0.000000	0.000000	0.145126	0.849211	0.005645	0.000000	0.000000	0.000018
348	0.000000	0.000000	0.000000	0.145090	0.849219	0.005674	0.000000	0.000000	0.000017
349	0.000000	0.000000	0.000000	0.145229	0.849087	0.005670	0.000000	0.000000	0.000014
350	0.000000	0.000000	0.000000	0.145288	0.848993	0.005700	0.000000	0.000000	0.000019
351	0.000000	0.000000	0.000000	0.145524	0.848807	0.005655	0.000000	0.000000	0.000014
352	0.000000	0.000000	0.000000	0.145173	0.849123	0.005695	0.000000	0.000000	0.000009
353	0.000000	0.000000	0.000000	0.145312	0.849011	0.005663	0.000000	0.000000	0.000014
354	0.000000	0.000000	0.000000	0.145452	0.848919	0.005611	0.000000	0.000000	0.000018
355	0.000000	0.000000	0.000000	0.145534	0.848826	0.005625	0.000000	0.000000	0.000015
356	0.000000	0.000000	0.000000	0.145463	0.848814	0.005709	0.000000	0.000000	0.000014
357	0.000000	0.000000	0.000000	0.145428	0.848828	0.005732	0.000000	0.000000	0.000012
358	0.000000	0.000000	0.000000	0.145304	0.848919	0.005763	0.000000	0.000000	0.000014
359	0.000000	0.000000	0.000000	0.145278	0.848866	0.005842	0.000000	0.000000	0.000014
360	0.000000	0.000000	0.000000	0.145157	0.849043	0.005786	0.000000	0.000000	0.000014
361	0.000000	0.000000	0.000000	0.145030	0.849233	0.005726	0.000000	0.000000	0.000011
362	0.000000	0.000000	0.000000	0.144727	0.849455	0.005807	0.000000	0.000000	0.000011
363	0.000000	0.000000	0.000000	0.144520	0.849662	0.005806	0.000000	0.000000	0.000012
364	0.000000	0.000000	0.000000	0.144677	0.849479	0.005833	0.000000	0.000000	0.000011
365	0.000000	0.000000	0.000000	0.144932	0.849227	0.005832	0.000000	0.000000	0.000009
366	0.000000	0.000000	0.000000	0.144962	0.849196	0.005836	0.000000	0.000000	0.000006
367	0.000000	0.000000	0.000000	0.144951	0.849164	0.005878	0.000000	0.000000	0.000007
368	0.000000	0.000000	0.000000	0.145349	0.848766	0.005877	0.000000	0.000000	0.000008
369	0.000000	0.000000	0.000000	0.145338	0.848734	0.005916	0.000000	0.000000	0.000012
370	0.000000	0.000000	0.000000	0.145635	0.848452	0.005901	0.000000	0.000000	0.000012
371	0.000000	0.000000	0.000000	0.145515	0.848593	0.005880	0.000000	0.000000	0.000012
372	0.000000	0.000000	0.000000	0.145500	0.848539	0.005951	0.000000	0.000000	0.000010
373	0.000000	0.000000	0.000000	0.145911	0.848090	0.005987	0.000000	0.000000	0.000012
374	0.000000	0.000000	0.000000	0.146162	0.847930	0.005900	0.000000	0.000000	0.000008
375	0.000000	0.000000	0.000000	0.146132	0.847937	0.005926	0.000000	0.000000	0.000005
376	0.000000	0.000000	0.000000	0.146362	0.847698	0.005933	0.000000	0.000000	0.000007
377	0.000000	0.000000	0.000000	0.146356	0.847768	0.005870	0.000000	0.000000	0.000006
378	0.000000	0.000000	0.000000	0.145776	0.848427	0.005789	0.000000	0.000000	0.000008
379	0.000000	0.000000	0.000000	0.145920	0.848258	0.005813	0.000000	0.000000	0.000009
380	0.000000	0.000000	0.000000	0.145894	0.848245	0.005854	0.000000	0.000000	0.000007
381	0.000000	0.000000	0.000000	0.145445	0.848661	0.005887	0.000000	0.000000	0.000007
382	0.000000	0.000000	0.000000	0.145179	0.849055	0.005760	0.000000	0.000000	0.000006
383	0.000000	0.000000	0.000000	0.145288	0.848975	0.005733	0.000000	0.000000	0.000004
384	0.000000	0.000000	0.000000	0.145605	0.848694	0.005697	0.000000	0.000000	0.000004
385	0.000000	0.000000	0.000000	0.145977	0.848301	0.005721	0.000000	0.000000	0.000001
386	0.000000	0.000000	0.000000	0.145970	0.848329	0.005700	0.000000	0.000000	0.000001
387	0.000000	0.000000	0.000000	0.146046	0.848262	0.005691	0.000000	0.000000	0.000001
388	0.000000	0.000000	0.000000	0.146071	0.848236	0.005691	0.000000	0.000000	0.000002
389	0.000000	0.000000	0.000000	0.146049	0.848320	0.005631	0.000000	0.000000	0.000000
390	0.000000	0.000000	0.000000	0.145853	0.848480	0.005667	0.000000	0.000000	0.000000
391	0.000000	0.000000	0.000000	0.145714	0.848581	0.005705	0.000000	0.000000	0.000000
392	0.000000	0.000000	0.000000	0.145577	0.848827	0.005596	0.000000	0.000000	0.000000
393	0.000000	0.000000	0.000000	0.145648	0.848857	0.005495	0.000000	0.000000	0.000000
394	0.000000	0.000000	0.000000	0.145801	0.848640	0.005559	0.000000	0.000000	0.000000
395	0.000000	0.000000	0.000000	0.145471	0.849038	0.005491	0.000000	0.000000	0.000000
396	0.000000	0.000000	0.000000	0.145314	0.849206	0.005480	0.000000	0.000000	0.000000
397	0.000000	0.000000	0.000000	0.144781	0.849746	0.005473	0.000000	0.000000	0.000000
398	0.000000	0.000000	0.000000	0.144643	0.849834	0.005523	0.000000	0.000000	0.000000
399	0.000000	0.000000	0.000000	0.144867	0.849647	0.005486	0.000000	0.000000	0.000000
400	0.000000	0.000000	0.000000	0.145195	0.849229	0.005576	0.000000	0.000000	0.000000
401	0.000000	0.000000	0.000000	0.145482	0.849060	0.005458	0.000000	0.000000	0.000000
402	0.000000	0.000000	0.000000	0.145644	0.848862	0.005494	0.000000	0.000000	0.000000
403	0.000000	0.000000	0.000000	0.146041	0.848488	0.005471	0.000000	0.000000	0.000000
404	0.000000	0.000000	0.000000	0.146019	0.848518	0.005463	0.000000	0.000000	0.000000
405	0.000000	0.000000	0.000000	0.146067	0.848395	0.005538	0.000000	0.000000	0.000000
406	0.000000	0.000000	0.000000	0.146138	0.848279	0.005583	0.000000	0.000000	0.000000
407	0.000000	0.000000	0.000000	0.145975	0.848540	0.005485	0.000000	0.000000	0.000000
408	0.000000	0.000000	0.000000	0.145997	0.848432	0.005571	0.000000	0.000000	0.000000
409	0.000000	0.000000	0.000000	0.145933	0.848487	0.005580	0.000000	0.000000	0.000000
410	0.000000	0.000000	0.000000	0.145959	0.848523	0.005518	0.000000	0.000000	0.000000
411	0.000000	0.000000	0.000000	0.146299	0.848252	0.005449	0.000000	0.000000	0.000000
412	0.000000	0.000000	0.000000	0.146407	0.848202	0.005391	0.000000	0.000000	0.000000
413	0.000000	0.000000	0.000000	0.146461	0.848163	0.005376	0.000000	0.000000	0.000000
414	0.000000	0.000000	0.000000	0.146759	0.847840	0.005401	0.000000	0.000000	0.000000
415	0.000000	0.000000	0.000000	0.146745	0.847760	0.005495	0.000000	0.000000	0.000000
416	0.000000	0.000000	0.000000	0.147055	0.847532	0.005413	0.000000	0.000000	0.000000
417	0.000000	0.000000	0.000000	0.147044	0.847643	0.005313	0.000000	0.000000	0.000000
418	0.000000	0.000000	0.000000	0.147047	0.847593	0.005360	0.000000	0.000000	0.000000
419	0.000000	0.000000	0.000000	0.146939	0.847750	0.005311	0.000000	0.000000	0.000000
420	0.000000	0.000000	0.000000	0.146606	0.848132	0.005262	0.000000	0.000000	0.000000
421	0.000000	0.000000	0.000000	0.147115	0.847587	0.005298	0.000000	0.000000	0.000000
422	0.000000	0.000000	0.000000	0.147009	0.847741	0.005250	0.000000	0.000000	0.000000
423	0.000000	0.000000	0.000000	0.146569	0.848218	0.005213	0.000000	0.000000	0.000000
424	0.000000	0.000000	0.000000	0.146366	0.848436	0.005198	0.000000	0.000000	0.000000
425	0.000000	0.000000	0.000000	0.146178	0.848597	0.005225	0.000000	0.000000	0.000000
426	0.000000	0.000000	0.000000	0.146350	0.848441	0.005209	0.000000	0.000000	0.000000
427	0.000000	0.000000	0.000000	0.145986	0.848811	0.005203	0.000000	0.000000	0.000000
428	0.000000	0.000000	0.000000	0.145770	0.849064	0.005166	0.000000	0.000000	0.000000
429	0.000000	0.000000	0.000000	0.145619	0.849160	0.005221	0.000000	0.000000	0.000000
430	0.000000	0.000000	0.000000	0.145893	0.848868	0.005239	0.000000	0.000000	0.000000
431	0.000000	0.000000	0.000000	0.145508	0.849235	0.005257	0.000000	0.000000	0.000000
432	0.000000	0.000000	0.000000	0.145652	0.849200	0.005148	0.000000	0.000000	0.000000
433	0.000000	0.000000	0.000000	0.145810	0.849108	0.005082	0.000000	0.000000	0.000000
434	0.000000	0.000000	0.000000	0.146248	0.848622	0.005130	0.000000	0.000000	0.000000
435	0.000000	0.000000	0.000000	0.146384	0.848534	0.005082	0.000000	0.000000	0.000000
436	0.000000	0.000000	0.000000	0.146731	0.848169	0.005100	0.000000	0.000000	0.000000
437	0.000000	0.000000	0.000000	0.146576	0.848253	0.005171	0.000000	0.000000	0.000000
438	0.000000	0.000000	0.000000	0.146395	0.848481	0.005124	0.000000	0.000000	0.000000
439	0.000000	0.000000	0.000000	0.146091	0.848718	0.005191	0.000000	0.000000	0.000000
440	0.000000	0.000000	0.000000	0.145871	0.848851	0.005278	0.000000	0.000000	0.000000
441	0.000000	0.000000	0.000000	0.145898	0.848893	0.005209	0.000000	0.000000	0.000000
442	0.000000	0.000000	0.000000	0.146242	0.848548	0.005210	0.000000	0.000000	0.000000
443	0.000000	0.000000	0.000000	0.146647	0.848207	0.005146	0.000000	0.000000	0.000000
444	0.000000	0.000000	0.000000	0.146556	0.848240	0.005204	0.000000	0.000000	0.000000
445	0.000000	0.000000	0.000000	0.146810	0.848115	0.005075	0.000000	0.000000	0.000000
446	0.000000	0.000000	0.000000	0.146520	0.848247	0.005233	0.000000	0.000000	0.000000
447	0.000000	0.000000	0.000000	0.146359	0.848458	0.005183	0.000000	0.000000	0.000000
448	0.000000	0.000000	0.000000	0.146354	0.848425	0.005221	0.000000	0.000000	0.000000
449	0.000000	0.000000	0.000000	0.146344	0.848434	0.005222	0.000000	0.000000	0.000000
450	0.000000	0.000000	0.000000	0.146420	0.848334	0.005246	0.000000	0.000000	0.000000
451	0.000000	0.000000	0.000000	0.145992	0.848741	0.005267	0.000000	0.000000	0.000000
452	0.000000	0.000000	0.000000	0.145894	0.848935	0.005171	0.000000	0.000000	0.000000
453	0.000000	0.000000	0.000000	0.146145	0.848772	0.005083	0.000000	0.000000	0.000000
454	0.000000	0.000000	0.000000	0.146170	0.848734	0.005096	0.000000	0.000000	0.000000
455	0.000000	0.000000	0.000000	0.146400	0.848449	0.005151	0.000000	0.000000	0.000000
456	0.000000	0.000000	0.000000	0.146663	0.848134	0.005203	0.000000	0.000000	0.000000
457	0.000000	0.000000	0.000000	0.146696	0.848141	0.005163	0.000000	0.000000	0.000000
458	0.000000	0.000000	0.000000	0.146240	0.848515	0.005245	0.000000	0.000000	0.000000
459	0.000000	0.000000	0.000000	0.146243	0.848590	0.005167	0.000000	0.000000	0.000000
460	0.000000	0.000000	0.000000	0.146315	0.848485	0.005200	0.000000	0.000000	0.000000
461	0.000000	0.000000	0.000000	0.146011	0.848801	0.005188	0.000000	0.000000	0.000000
462	0.000000	0.000000	0.000000	0.146424	0.848515	0.005061	0.000000	0.000000	0.000000
463	0.000000	0.000000	0.000000	0.146589	0.848336	0.005075	0.000000	0.000000	0.000000
464	0.000000	0.000000	0.000000	0.146558	0.848370	0.005072	0.000000	0.000000	0.000000
465	0.000000	0.000000	0.000000	0.146625	0.848381	0.004994	0.000000	0.000000	0.000000
466	0.000000	0.000000	0.000000	0.146659	0.848364	0.004977	0.000000	0.000000	0.000000
467	0.000000	0.000000	0.000000	0.147024	0.847969	0.005007	0.000000	0.000000	0.000000
468	0.000000	0.000000	0.000000	0.147154	0.847860	0.004986	0.000000	0.000000	0.000000
469	0.000000	0.000000	0.000000	0.147428	0.847541	0.005031	0.000000	0.000000	0.000000
470	0.000000	0.000000	0.000000	0.147634	0.847368	0.004998	0.000000	0.000000	0.000000
