0	0.290663	0.057897	0.229473	0.157588	0.029913	0.111872	0.085455	0.012259	0.024880
1	0.217494	0.045240	0.190104	0.143191	0.029462	0.124488	0.127701	0.024857	0.097463
2	0.205565	0.042138	0.179177	0.140571	0.030693	0.122584	0.137778	0.026547	0.114947
3	0.199650	0.040534	0.170828	0.139444	0.031986	0.119108	0.143467	0.027510	0.127473
4	0.195810	0.039050	0.162346	0.138759	0.033846	0.115246	0.146888	0.027572	0.140483
5	0.192986	0.037339	0.154238	0.138272	0.035487	0.111074	0.150132	0.027605	0.152867
6	0.190455	0.035683	0.146539	0.137916	0.037631	0.106320	0.153284	0.027569	0.164603
7	0.188145	0.034465	0.139145	0.136840	0.039564	0.102083	0.155905	0.027494	0.176359
8	0.185981	0.033050	0.131184	0.136680	0.041828	0.097654	0.158273	0.027124	0.188226
9	0.184069	0.031858	0.124033	0.136288	0.044199	0.092721	0.159505	0.027092	0.200235
10	0.182218	0.030753	0.117006	0.135667	0.046679	0.088582	0.161098	0.026589	0.211408
11	0.180385	0.029371	0.110442	0.135398	0.049138	0.084203	0.162391	0.026237	0.222435
12	0.178833	0.028453	0.103572	0.134646	0.051945	0.080018	0.162527	0.026017	0.233989
13	0.177515	0.027096	0.097603	0.134258	0.054731	0.075833	0.162778	0.025516	0.244670
14	0.175533	0.025904	0.091858	0.133352	0.057816	0.072472	0.162788	0.025041	0.255236
15	0.174043	0.024694	0.085925	0.132623	0.060906	0.068645	0.162685	0.024406	0.266073
16	0.172860	0.023517	0.080212	0.132522	0.063712	0.064807	0.162792	0.023864	0.275714
17	0.171567	0.022367	0.074922	0.131720	0.066900	0.060963	0.162573	0.023311	0.285677
18	0.170417	0.021591	0.070466	0.130715	0.070020	0.057714	0.161571	0.022400	0.295106
19	0.168796	0.020672	0.065600	0.130466	0.073526	0.054441	0.160052	0.021825	0.304622
20	0.167456	0.019789	0.061498	0.129351	0.076919	0.051242	0.158846	0.021124	0.313775
21	0.165895	0.019036	0.057811	0.128094	0.080536	0.047916	0.157360	0.020741	0.322611
22	0.163822	0.018174	0.054201	0.126886	0.084182	0.045040	0.156283	0.020039	0.331373
23	0.162179	0.017407	0.050398	0.125469	0.087788	0.042350	0.155139	0.019589	0.339681
24	0.160819	0.016581	0.047100	0.124729	0.092019	0.039978	0.152560	0.019086	0.347128
25	0.159290	0.015709	0.043787	0.123431	0.095816	0.037586	0.150341	0.018630	0.355410
26	0.156810	0.015059	0.040687	0.122703	0.099887	0.035500	0.148794	0.017952	0.362608
27	0.154975	0.014462	0.037949	0.121469	0.104346	0.033327	0.146595	0.017358	0.369519
28	0.152671	0.013654	0.035434	0.120421	0.108586	0.031585	0.144302	0.016751	0.376596
29	0.150401	0.013047	0.033038	0.119351	0.112627	0.029723	0.142373	0.016148	0.383292
30	0.148386	0.012407	0.030588	0.118026	0.117217	0.027775	0.139919	0.015650	0.390032
31	0.145810	0.011911	0.028325	0.117310	0.121383	0.026028	0.138126	0.015231	0.395876
32	0.143896	0.011213	0.026184	0.116027	0.126306	0.024602	0.135694	0.014567	0.401511
33	0.141700	0.010652	0.024111	0.114635	0.131248	0.023117	0.133086	0.014283	0.407168
34	0.139278	0.009945	0.022316	0.113604	0.135853	0.021887	0.131271	0.013790	0.412056
35	0.136776	0.009454	0.020566	0.112168	0.140455	0.020570	0.128936	0.013389	0.417686
36	0.134120	0.008951	0.019124	0.110521	0.145244	0.019430	0.127039	0.012814	0.422757
37	0.131545	0.008547	0.017384	0.109188	0.150603	0.018290	0.124217	0.012468	0.427758
38	0.128860	0.008103	0.016125	0.107616	0.155666	0.017186	0.122165	0.011896	0.432383
39	0.126300	0.007647	0.014816	0.106473	0.160706	0.016086	0.119628	0.011498	0.436846
40	0.124062	0.007254	0.013678	0.104815	0.165439	0.015235	0.117262	0.011113	0.441142
41	0.121388	0.006958	0.012415	0.103327	0.170820	0.014196	0.114928	0.010614	0.445354
42	0.118571	0.006601	0.011438	0.101792	0.176463	0.013318	0.112498	0.010151	0.449168
43	0.115892	0.006352	0.010392	0.100806	0.181502	0.012375	0.110326	0.009873	0.452482
44	0.113176	0.006053	0.009530	0.099647	0.187132	0.011690	0.107891	0.009412	0.455469
45	0.110353	0.005748	0.008896	0.098525	0.192064	0.011078	0.105394	0.009194	0.458748
46	0.107412	0.005446	0.008161	0.097426	0.197752	0.010445	0.103179	0.008930	0.461249
47	0.105037	0.005168	0.007541	0.095332	0.203455	0.009820	0.101121	0.008601	0.463925
48	0.102385	0.004922	0.006841	0.093752	0.208924	0.009083	0.098970	0.008300	0.466823
49	0.099410	0.004618	0.006326	0.092672	0.214264	0.008582	0.097014	0.008145	0.468969
50	0.096698	0.004285	0.005704	0.091463	0.220126	0.008215	0.094904	0.007872	0.470733
51	0.094007	0.004103	0.005274	0.090214	0.225808	0.007699	0.092830	0.007542	0.472523
52	0.091242	0.003825	0.004792	0.089051	0.231804	0.007332	0.090927	0.007271	0.473756
53	0.088462	0.003624	0.004454	0.087656	0.237370	0.007064	0.088954	0.006922	0.475494
54	0.085471	0.003417	0.004013	0.086294	0.243386	0.006731	0.087407	0.006644	0.476637
55	0.082691	0.003164	0.003673	0.084998	0.248910	0.006425	0.085517	0.006524	0.478098
56	0.079810	0.002944	0.003356	0.083857	0.254476	0.006166	0.083508	0.006440	0.479443
57	0.077009	0.002785	0.003051	0.082737	0.260259	0.005838	0.081785	0.006183	0.480353
58	0.074336	0.002547	0.002864	0.081799	0.266074	0.005478	0.080431	0.006084	0.480387
59	0.071892	0.002376	0.002638	0.080922	0.271724	0.005134	0.078434	0.005858	0.481022
60	0.069020	0.002192	0.002426	0.080189	0.277743	0.004935	0.076906	0.005569	0.481020
61	0.066416	0.002025	0.002214	0.079218	0.283589	0.004662	0.075130	0.005347	0.481399
62	0.064312	0.001866	0.002025	0.077548	0.289648	0.004388	0.073695	0.005343	0.481175
63	0.062060	0.001791	0.001811	0.076425	0.295398	0.004143	0.071799	0.005205	0.481368
64	0.059840	0.001675	0.001689	0.075745	0.300720	0.003925	0.070213	0.005084	0.481109
65	0.057435	0.001553	0.001487	0.074762	0.306250	0.003782	0.068771	0.004789	0.481171
66	0.055520	0.001444	0.001381	0.073931	0.312177	0.003649	0.067149	0.004620	0.480129
67	0.053237	0.001298	0.001231	0.072944	0.317606	0.003601	0.065714	0.004527	0.479842
68	0.051187	0.001251	0.001096	0.072257	0.323344	0.003525	0.064410	0.004331	0.478599
69	0.049152	0.001175	0.000989	0.071328	0.329444	0.003259	0.062966	0.004187	0.477500
70	0.047087	0.001167	0.000880	0.070451	0.334772	0.003206	0.061335	0.004012	0.477090
71	0.045265	0.001103	0.000766	0.069476	0.340455	0.003073	0.059857	0.003937	0.476068
72	0.043354	0.001004	0.000733	0.068656	0.346451	0.002958	0.058437	0.003793	0.474614
73	0.041730	0.000908	0.000640	0.068019	0.352495	0.002782	0.057212	0.003665	0.472549
74	0.039998	0.000893	0.000576	0.067331	0.357993	0.002668	0.056147	0.003458	0.470936
75	0.038213	0.000822	0.000531	0.066446	0.363960	0.002544	0.054919	0.003323	0.469242
76	0.036495	0.000745	0.000489	0.065846	0.370022	0.002448	0.053487	0.003150	0.467318
77	0.034900	0.000711	0.000434	0.065145	0.375994	0.002257	0.052345	0.003114	0.465100
78	0.033447	0.000627	0.000406	0.064562	0.381554	0.002170	0.051120	0.003026	0.463088
79	0.031837	0.000567	0.000355	0.063817	0.387082	0.002068	0.050194	0.002942	0.461138
80	0.030521	0.000559	0.000327	0.063455	0.392079	0.002002	0.048944	0.002810	0.459303
81	0.029259	0.000509	0.000296	0.062810	0.397492	0.001875	0.047989	0.002770	0.457000
82	0.028013	0.000471	0.000251	0.062380	0.403278	0.001812	0.046703	0.002707	0.454385
83	0.026646	0.000449	0.000221	0.061778	0.408784	0.001802	0.045431	0.002659	0.452230
84	0.025350	0.000397	0.000207	0.061556	0.414587	0.001741	0.044419	0.002498	0.449245
85	0.024081	0.000354	0.000189	0.061266	0.419939	0.001688	0.043335	0.002440	0.446708
86	0.023012	0.000331	0.000156	0.060714	0.425318	0.001637	0.042227	0.002349	0.444256
87	0.021882	0.000312	0.000137	0.060102	0.431321	0.001540	0.041249	0.002264	0.441193
88	0.020816	0.000259	0.000113	0.059510	0.436938	0.001467	0.040106	0.002140	0.438651
89	0.019779	0.000221	0.000098	0.058778	0.442916	0.001455	0.038998	0.002043	0.435712
90	0.018633	0.000219	0.000084	0.058441	0.448788	0.001354	0.038011	0.001975	0.432495
91	0.017671	0.000184	0.000075	0.058144	0.454048	0.001309	0.037046	0.001816	0.429707
92	0.016553	0.000179	0.000072	0.057460	0.460191	0.001251	0.036080	0.001732	0.426482
93	0.015541	0.000150	0.000069	0.056930	0.465867	0.001227	0.035016	0.001690	0.423510
94	0.014718	0.000112	0.000069	0.056508	0.471106	0.001167	0.034141	0.001646	0.420533
95	0.013975	0.000100	0.000054	0.056453	0.476031	0.001116	0.033268	0.001627	0.417376
96	0.013073	0.000098	0.000043	0.055861	0.482160	0.001119	0.032381	0.001523	0.413742
97	0.012424	0.000108	0.000030	0.055426	0.487388	0.001085	0.031569	0.001479	0.410491
98	0.011575	0.000103	0.000028	0.055148	0.492555	0.001092	0.030685	0.001517	0.407297
99	0.010854	0.000086	0.000023	0.054704	0.498132	0.001125	0.029857	0.001472	0.403747
100	0.010230	0.000077	0.000021	0.054169	0.503758	0.001109	0.029148	0.001420	0.400068
101	0.009593	0.000077	0.000017	0.053833	0.508807	0.001104	0.028513	0.001350	0.396706
102	0.009028	0.000063	0.000020	0.053661	0.514329	0.001060	0.027618	0.001284	0.392937
103	0.008442	0.000065	0.000020	0.053442	0.519439	0.001102	0.026927	0.001252	0.389311
104	0.007923	0.000062	0.000017	0.053281	0.524658	0.001048	0.026270	0.001195	0.385546
105	0.007421	0.000048	0.000016	0.053330	0.529709	0.001016	0.025771	0.001113	0.381576
106	0.006965	0.000044	0.000010	0.052853	0.535150	0.000931	0.024969	0.001054	0.378024
107	0.006605	0.000040	0.000006	0.052402	0.540346	0.000935	0.024280	0.001005	0.374381
108	0.006063	0.000036	0.000007	0.051946	0.545649	0.000922	0.023614	0.000953	0.370810
109	0.005740	0.000037	0.000006	0.051657	0.550148	0.000908	0.022876	0.000925	0.367703
110	0.005421	0.000032	0.000006	0.051953	0.555085	0.000893	0.022419	0.000895	0.363296
111	0.005067	0.000041	0.000006	0.051566	0.560440	0.000876	0.022029	0.000844	0.359131
112	0.004809	0.000051	0.000009	0.051586	0.564964	0.000821	0.021297	0.000779	0.355684
113	0.004503	0.000040	0.000006	0.051197	0.570223	0.000805	0.020802	0.000758	0.351666
114	0.004231	0.000040	0.000007	0.051029	0.575188	0.000790	0.020205	0.000754	0.347756
115	0.003837	0.000033	0.000005	0.050792	0.580027	0.000766	0.019617	0.000658	0.344265
116	0.003594	0.000029	0.000007	0.050837	0.584393	0.000778	0.019313	0.000619	0.340430
117	0.003374	0.000037	0.000007	0.050722	0.589402	0.000779	0.018744	0.000614	0.336321
118	0.003180	0.000034	0.000001	0.050316	0.594160	0.000754	0.018243	0.000598	0.332714
119	0.002899	0.000041	0.000002	0.050033	0.599071	0.000713	0.017690	0.000592	0.328959
120	0.002749	0.000033	0.000001	0.049908	0.603725	0.000688	0.017185	0.000591	0.325120
121	0.002545	0.000031	0.000001	0.049601	0.608460	0.000725	0.016660	0.000584	0.321393
122	0.002368	0.000025	0.000000	0.049323	0.613064	0.000671	0.016196	0.000607	0.317746
123	0.002236	0.000025	0.000000	0.049189	0.617721	0.000704	0.015753	0.000601	0.313771
124	0.002062	0.000023	0.000000	0.049002	0.622424	0.000700	0.015435	0.000546	0.309808
125	0.001903	0.000025	0.000000	0.048776	0.626882	0.000660	0.015086	0.000527	0.306141
126	0.001821	0.000020	0.000000	0.048648	0.631249	0.000613	0.014562	0.000499	0.302588
127	0.001633	0.000021	0.000000	0.048279	0.635726	0.000643	0.014129	0.000487	0.299082
128	0.001442	0.000024	0.000000	0.048240	0.640288	0.000634	0.013732	0.000467	0.295173
129	0.001339	0.000025	0.000000	0.048024	0.645128	0.000633	0.013300	0.000445	0.291106
130	0.001233	0.000025	0.000000	0.047707	0.649689	0.000631	0.012920	0.000441	0.287354
131	0.001172	0.000017	0.000000	0.047370	0.654144	0.000636	0.012644	0.000389	0.283628
132	0.001098	0.000019	0.000000	0.047163	0.658861	0.000605	0.012320	0.000430	0.279504
133	0.001043	0.000019	0.000000	0.046964	0.662998	0.000627	0.011890	0.000413	0.276046
134	0.000958	0.000018	0.000000	0.046996	0.667105	0.000588	0.011613	0.000421	0.272301
135	0.000897	0.000013	0.000000	0.046821	0.671447	0.000573	0.011389	0.000435	0.268425
136	0.000816	0.000019	0.000000	0.046825	0.675903	0.000587	0.011089	0.000412	0.264349
137	0.000790	0.000017	0.000000	0.046915	0.680113	0.000561	0.010712	0.000383	0.260509
138	0.000703	0.000020	0.000000	0.046826	0.684110	0.000548	0.010431	0.000351	0.257011
139	0.000646	0.000017	0.000000	0.046796	0.688074	0.000551	0.010301	0.000342	0.253273
140	0.000602	0.000015	0.000000	0.046736	0.691791	0.000564	0.009971	0.000315	0.250006
141	0.000538	0.000014	0.000000	0.046819	0.695859	0.000558	0.009655	0.000317	0.246240
142	0.000479	0.000008	0.000000	0.046636	0.699764	0.000541	0.009375	0.000286	0.242911
143	0.000408	0.000008	0.000000	0.046388	0.703787	0.000514	0.009313	0.000265	0.239317
144	0.000379	0.000008	0.000000	0.046030	0.708072	0.000528	0.009125	0.000254	0.235604
145	0.000365	0.000008	0.000000	0.046021	0.711635	0.000511	0.008833	0.000242	0.232385
146	0.000357	0.000006	0.000000	0.045812	0.715744	0.000516	0.008545	0.000225	0.228795
147	0.000305	0.000006	0.000000	0.046012	0.719366	0.000493	0.008261	0.000198	0.225359
148	0.000280	0.000004	0.000000	0.045712	0.723600	0.000489	0.008027	0.000197	0.221691
149	0.000284	0.000003	0.000000	0.045979	0.726917	0.000448	0.007707	0.000189	0.218473
150	0.000283	0.000004	0.000000	0.046245	0.730423	0.000454	0.007402	0.000170	0.215019
151	0.000264	0.000006	0.000000	0.046274	0.733883	0.000454	0.007249	0.000168	0.211702
152	0.000248	0.000005	0.000000	0.046106	0.737815	0.000480	0.006909	0.000147	0.208290
153	0.000220	0.000008	0.000000	0.046225	0.741392	0.000486	0.006764	0.000141	0.204764
154	0.000219	0.000003	0.000000	0.046371	0.745093	0.000456	0.006602	0.000132	0.201124
155	0.000218	0.000004	0.000000	0.046088	0.748637	0.000470	0.006375	0.000120	0.198088
156	0.000209	0.000004	0.000000	0.045795	0.752471	0.000491	0.006203	0.000115	0.194712
157	0.000196	0.000003	0.000000	0.045750	0.755852	0.000490	0.005946	0.000110	0.191653
158	0.000178	0.000001	0.000000	0.045449	0.759417	0.000496	0.005799	0.000081	0.188579
159	0.000173	0.000000	0.000000	0.045573	0.762757	0.000451	0.005582	0.000072	0.185392
160	0.000161	0.000000	0.000000	0.045519	0.766020	0.000461	0.005420	0.000073	0.182346
161	0.000143	0.000000	0.000000	0.045491	0.769179	0.000484	0.005138	0.000066	0.179499
162	0.000127	0.000000	0.000000	0.045612	0.772594	0.000469	0.004953	0.000049	0.176196
163	0.000113	0.000000	0.000000	0.045679	0.775728	0.000455	0.004771	0.000051	0.173203
164	0.000107	0.000000	0.000000	0.045669	0.779104	0.000458	0.004606	0.000042	0.170014
165	0.000097	0.000000	0.000000	0.045482	0.782797	0.000443	0.004533	0.000048	0.166600
166	0.000082	0.000000	0.000000	0.045379	0.785713	0.000449	0.004382	0.000036	0.163959
167	0.000067	0.000000	0.000000	0.045261	0.788644	0.000441	0.004235	0.000040	0.161312
168	0.000073	0.000000	0.000000	0.045288	0.791324	0.000460	0.003984	0.000031	0.158840
169	0.000057	0.000000	0.000000	0.045231	0.794313	0.000438	0.003912	0.000027	0.156022
170	0.000049	0.000000	0.000000	0.045053	0.797106	0.000482	0.003743	0.000027	0.153540
171	0.000059	0.000000	0.000000	0.045191	0.800015	0.000476	0.003625	0.000023	0.150611
172	0.000070	0.000000	0.000000	0.044992	0.803067	0.000470	0.003474	0.000019	0.147908
173	0.000057	0.000000	0.000000	0.045018	0.805810	0.000469	0.003367	0.000014	0.145265
174	0.000061	0.000000	0.000000	0.044932	0.808875	0.000456	0.003262	0.000018	0.142396
175	0.000055	0.000000	0.000000	0.044919	0.811605	0.000460	0.003114	0.000016	0.139831
176	0.000055	0.000000	0.000000	0.044772	0.814556	0.000449	0.003041	0.000013	0.137114
177	0.000048	0.000000	0.000000	0.044531	0.817459	0.000438	0.002871	0.000010	0.134643
178	0.000050	0.000000	0.000000	0.044551	0.819949	0.000477	0.002713	0.000009	0.132251
179	0.000038	0.000000	0.000000	0.044399	0.822527	0.000470	0.002579	0.000005	0.129982
180	0.000036	0.000000	0.000000	0.044377	0.825180	0.000476	0.002535	0.000004	0.127392
181	0.000033	0.000000	0.000000	0.044235	0.827583	0.000468	0.002463	0.000003	0.125215
182	0.000033	0.000000	0.000000	0.044297	0.829951	0.000466	0.002303	0.000001	0.122949
183	0.000027	0.000000	0.000000	0.044321	0.832195	0.000458	0.002206	0.000000	0.120793
184	0.000024	0.000000	0.000000	0.044616	0.834416	0.000454	0.002124	0.000000	0.118366
185	0.000023	0.000000	0.000000	0.044653	0.836470	0.000452	0.001998	0.000000	0.116404
186	0.000020	0.000000	0.000000	0.044622	0.839045	0.000432	0.001894	0.000000	0.113987
187	0.000021	0.000000	0.000000	0.044407	0.841538	0.000412	0.001875	0.000000	0.111747
188	0.000020	0.000000	0.000000	0.044328	0.844095	0.000398	0.001820	0.000000	0.109339
189	0.000023	0.000000	0.000000	0.044015	0.846523	0.000397	0.001799	0.000000	0.107243
190	0.000020	0.000000	0.000000	0.043973	0.848729	0.000409	0.001769	0.000000	0.105100
191	0.000031	0.000000	0.000000	0.044045	0.850920	0.000382	0.001646	0.000000	0.102976
192	0.000028	0.000000	0.000000	0.044028	0.852935	0.000391	0.001630	0.000000	0.100988
193	0.000027	0.000000	0.000000	0.043988	0.854871	0.000402	0.001593	0.000000	0.099119
194	0.000029	0.000000	0.000000	0.044068	0.856839	0.000411	0.001511	0.000000	0.097142
195	0.000030	0.000000	0.000000	0.043940	0.858956	0.000378	0.001422	0.000000	0.095274
196	0.000036	0.000000	0.000000	0.043829	0.861134	0.000390	0.001384	0.000000	0.093227
197	0.000035	0.000000	0.000000	0.043805	0.862907	0.000394	0.001376	0.000000	0.091483
198	0.000033	0.000000	0.000000	0.043812	0.864974	0.000358	0.001322	0.000000	0.089501
199	0.000039	0.000000	0.000000	0.043847	0.866793	0.000359	0.001278	0.000000	0.087684
200	0.000035	0.000000	0.000000	0.043706	0.868747	0.000348	0.001277	0.000000	0.085887
201	0.000028	0.000000	0.000000	0.043780	0.870521	0.000343	0.001216	0.000000	0.084112
202	0.000023	0.000000	0.000000	0.043461	0.872575	0.000340	0.001176	0.000000	0.082425
203	0.000023	0.000000	0.000000	0.043346	0.874670	0.000339	0.001164	0.000000	0.080458
204	0.000015	0.000000	0.000000	0.043427	0.876277	0.000334	0.001127	0.000000	0.078820
205	0.000012	0.000000	0.000000	0.043433	0.878176	0.000310	0.001048	0.000000	0.077021
206	0.000009	0.000000	0.000000	0.043523	0.879740	0.000326	0.001039	0.000000	0.075363
207	0.000007	0.000000	0.000000	0.043380	0.881559	0.000333	0.001009	0.000000	0.073712
208	0.000007	0.000000	0.000000	0.043490	0.882913	0.000331	0.000988	0.000000	0.072271
209	0.000008	0.000000	0.000000	0.043228	0.884967	0.000345	0.000936	0.000000	0.070516
210	0.000003	0.000000	0.000000	0.043330	0.886422	0.000348	0.000960	0.000000	0.068937
211	0.000003	0.000000	0.000000	0.043353	0.888217	0.000319	0.000964	0.000000	0.067144
212	0.000002	0.000000	0.000000	0.043300	0.889811	0.000335	0.000893	0.000000	0.065659
213	0.000002	0.000000	0.000000	0.043251	0.891357	0.000329	0.000838	0.000000	0.064223
214	0.000000	0.000000	0.000000	0.043351	0.892877	0.000330	0.000816	0.000000	0.062626
215	0.000000	0.000000	0.000000	0.043354	0.894379	0.000328	0.000763	0.000000	0.061176
216	0.000000	0.000000	0.000000	0.043131	0.895915	0.000338	0.000759	0.000000	0.059857
217	0.000000	0.000000	0.000000	0.043134	0.897404	0.000338	0.000757	0.000000	0.058367
218	0.000000	0.000000	0.000000	0.042997	0.898894	0.000324	0.000736	0.000000	0.057049
219	0.000000	0.000000	0.000000	0.043069	0.900291	0.000329	0.000703	0.000000	0.055608
220	0.000000	0.000000	0.000000	0.043073	0.901720	0.000294	0.000692	0.000000	0.054221
221	0.000000	0.000000	0.000000	0.042996	0.902962	0.000315	0.000693	0.000000	0.053034
222	0.000000	0.000000	0.000000	0.043048	0.904021	0.000306	0.000619	0.000000	0.052006
223	0.000000	0.000000	0.000000	0.042851	0.905480	0.000287	0.000600	0.000000	0.050782
224	0.000000	0.000000	0.000000	0.042687	0.906704	0.000283	0.000589	0.000000	0.049737
225	0.000000	0.000000	0.000000	0.042557	0.908262	0.000299	0.000587	0.000000	0.048295
226	0.000000	0.000000	0.000000	0.042350	0.909737	0.000298	0.000552	0.000000	0.047063
227	0.000000	0.000000	0.000000	0.042371	0.910895	0.000280	0.000514	0.000000	0.045940
228	0.000000	0.000000	0.000000	0.042461	0.911936	0.000264	0.000492	0.000000	0.044847
229	0.000000	0.000000	0.000000	0.042495	0.912842	0.000262	0.000496	0.000000	0.043905
230	0.000000	0.000000	0.000000	0.042491	0.913931	0.000253	0.000491	0.000000	0.042834
231	0.000000	0.000000	0.000000	0.042420	0.915157	0.000225	0.000478	0.000000	0.041720
232	0.000000	0.000000	0.000000	0.042403	0.916158	0.000228	0.000473	0.000000	0.040738
233	0.000000	0.000000	0.000000	0.042346	0.917242	0.000206	0.000429	0.000000	0.039777
234	0.000000	0.000000	0.000000	0.042198	0.918419	0.000243	0.000402	0.000000	0.038738
235	0.000000	0.000000	0.000000	0.042281	0.919173	0.000242	0.000362	0.000000	0.037942
236	0.000000	0.000000	0.000000	0.042599	0.919911	0.000253	0.000336	0.000000	0.036901
237	0.000000	0.000000	0.000000	0.042695	0.920784	0.000248	0.000309	0.000000	0.035964
238	0.000000	0.000000	0.000000	0.042952	0.921337	0.000255	0.000311	0.000000	0.035145
239	0.000000	0.000000	0.000000	0.043090	0.922054	0.000227	0.000288	0.000000	0.034341
240	0.000000	0.000000	0.000000	0.043023	0.922959	0.000243	0.000270	0.000000	0.033505
241	0.000000	0.000000	0.000000	0.042740	0.924261	0.000232	0.000248	0.000000	0.032519
242	0.000000	0.000000	0.000000	0.042868	0.925019	0.000247	0.000221	0.000000	0.031645
243	0.000000	0.000000	0.000000	0.042667	0.926030	0.000249	0.000230	0.000000	0.030824
244	0.000000	0.000000	0.000000	0.042737	0.926636	0.000268	0.000210	0.000000	0.030149
245	0.000000	0.000000	0.000000	0.042737	0.927436	0.000258	0.000205	0.000000	0.029364
246	0.000000	0.000000	0.000000	0.042932	0.928135	0.000277	0.000190	0.000000	0.028466
247	0.000000	0.000000	0.000000	0.043129	0.928743	0.000287	0.000188	0.000000	0.027653
248	0.000000	0.000000	0.000000	0.042971	0.929501	0.000299	0.000187	0.000000	0.027042
249	0.000000	0.000000	0.000000	0.043094	0.929996	0.000313	0.000172	0.000000	0.026425
250	0.000000	0.000000	0.000000	0.042802	0.930877	0.000322	0.000182	0.000000	0.025817
251	0.000000	0.000000	0.000000	0.043247	0.931176	0.000337	0.000170	0.000000	0.025070
252	0.000000	0.000000	0.000000	0.043175	0.931917	0.000337	0.000157	0.000000	0.024414
253	0.000000	0.000000	0.000000	0.042997	0.932827	0.000317	0.000129	0.000000	0.023730
254	0.000000	0.000000	0.000000	0.043040	0.933415	0.000331	0.000124	0.000000	0.023090
255	0.000000	0.000000	0.000000	0.042984	0.934164	0.000318	0.000118	0.000000	0.022416
256	0.000000	0.000000	0.000000	0.042822	0.934961	0.000304	0.000121	0.000000	0.021792
257	0.000000	0.000000	0.000000	0.042808	0.935582	0.000280	0.000124	0.000000	0.021206
258	0.000000	0.000000	0.000000	0.042635	0.936237	0.000279	0.000126	0.000000	0.020723
259	0.000000	0.000000	0.000000	0.042963	0.936546	0.000295	0.000095	0.000000	0.020101
260	0.000000	0.000000	0.000000	0.042844	0.937202	0.000296	0.000092	0.000000	0.019566
261	0.000000	0.000000	0.000000	0.043005	0.937638	0.000295	0.000091	0.000000	0.018971
262	0.000000	0.000000	0.000000	0.042724	0.938433	0.000290	0.000102	0.000000	0.018451
263	0.000000	0.000000	0.000000	0.042743	0.938992	0.000300	0.000093	0.000000	0.017872
264	0.000000	0.000000	0.000000	0.042794	0.939414	0.000317	0.000096	0.000000	0.017379
265	0.000000	0.000000	0.000000	0.042598	0.940141	0.000330	0.000088	0.000000	0.016843
266	0.000000	0.000000	0.000000	0.042757	0.940433	0.000325	0.000080	0.000000	0.016405
267	0.000000	0.000000	0.000000	0.042714	0.941073	0.000312	0.000076	0.000000	0.015825
268	0.000000	0.000000	0.000000	0.042728	0.941543	0.000310	0.000070	0.000000	0.015349
269	0.000000	0.000000	0.000000	0.042548	0.942139	0.000312	0.000078	0.000000	0.014923
270	0.000000	0.000000	0.000000	0.042651	0.942667	0.000305	0.000080	0.000000	0.014297
271	0.000000	0.000000	0.000000	0.042641	0.943118	0.000308	0.000069	0.000000	0.013864
272	0.000000	0.000000	0.000000	0.042502	0.943709	0.000312	0.000068	0.000000	0.013409
273	0.000000	0.000000	0.000000	0.042464	0.944080	0.000311	0.000067	0.000000	0.013078
274	0.000000	0.000000	0.000000	0.042532	0.944489	0.000316	0.000061	0.000000	0.012602
275	0.000000	0.000000	0.000000	0.042680	0.944742	0.000304	0.000053	0.000000	0.012221
276	0.000000	0.000000	0.000000	0.042979	0.944829	0.000306	0.000064	0.000000	0.011822
277	0.000000	0.000000	0.000000	0.042781	0.945367	0.000314	0.000066	0.000000	0.011472
278	0.000000	0.000000	0.000000	0.042873	0.945555	0.000337	0.000071	0.000000	0.011164
279	0.000000	0.000000	0.000000	0.042924	0.945845	0.000343	0.000070	0.000000	0.010818
280	0.000000	0.000000	0.000000	0.043012	0.946157	0.000342	0.000071	0.000000	0.010418
281	0.000000	0.000000	0.000000	0.043021	0.946582	0.000356	0.000079	0.000000	0.009962
282	0.000000	0.000000	0.000000	0.042973	0.947009	0.000351	0.000072	0.000000	0.009595
283	0.000000	0.000000	0.000000	0.042876	0.947399	0.000353	0.000062	0.000000	0.009310
284	0.000000	0.000000	0.000000	0.042923	0.947702	0.000335	0.000060	0.000000	0.008980
285	0.000000	0.000000	0.000000	0.042842	0.948073	0.000332	0.000057	0.000000	0.008696
286	0.000000	0.000000	0.000000	0.042688	0.948539	0.000325	0.000065	0.000000	0.008383
287	0.000000	0.000000	0.000000	0.042841	0.948649	0.000341	0.000064	0.000000	0.008105
288	0.000000	0.000000	0.000000	0.042711	0.949059	0.000351	0.000060	0.000000	0.007819
289	0.000000	0.000000	0.000000	0.042526	0.949535	0.000352	0.000049	0.000000	0.007538
290	0.000000	0.000000	0.000000	0.042558	0.949788	0.000365	0.000056	0.000000	0.007233
291	0.000000	0.000000	0.000000	0.042524	0.950059	0.000382	0.000053	0.000000	0.006982
292	0.000000	0.000000	0.000000	0.042447	0.950422	0.000403	0.000049	0.000000	0.006679
293	0.000000	0.000000	0.000000	0.042309	0.950762	0.000399	0.000036	0.000000	0.006494
294	0.000000	0.000000	0.000000	0.042430	0.950876	0.000401	0.000040	0.000000	0.006253
295	0.000000	0.000000	0.000000	0.042335	0.951218	0.000408	0.000038	0.000000	0.006001
296	0.000000	0.000000	0.000000	0.042526	0.951171	0.000372	0.000041	0.000000	0.005890
297	0.000000	0.000000	0.000000	0.042644	0.951270	0.000372	0.000031	0.000000	0.005683
298	0.000000	0.000000	0.000000	0.042682	0.951385	0.000372	0.000032	0.000000	0.005529
299	0.000000	0.000000	0.000000	0.042726	0.951520	0.000371	0.000033	0.000000	0.005350
300	0.000000	0.000000	0.000000	0.042501	0.951971	0.000339	0.000033	0.000000	0.005156
301	0.000000	0.000000	0.000000	0.042590	0.952033	0.000337	0.000034	0.000000	0.005006
302	0.000000	0.000000	0.000000	0.042776	0.952013	0.000351	0.000037	0.000000	0.004823
303	0.000000	0.000000	0.000000	0.042630	0.952322	0.000355	0.000035	0.000000	0.004658
304	0.000000	0.000000	0.000000	0.042712	0.952412	0.000344	0.000031	0.000000	0.004501
305	0.000000	0.000000	0.000000	0.042785	0.952525	0.000355	0.000032	0.000000	0.004303
306	0.000000	0.000000	0.000000	0.042825	0.952610	0.000378	0.000030	0.000000	0.004157
307	0.000000	0.000000	0.000000	0.042868	0.952733	0.000394	0.000029	0.000000	0.003976
308	0.000000	0.000000	0.000000	0.042850	0.952906	0.000418	0.000027	0.000000	0.003799
309	0.000000	0.000000	0.000000	0.043131	0.952747	0.000408	0.000028	0.000000	0.003686
310	0.000000	0.000000	0.000000	0.043168	0.952909	0.000396	0.000033	0.000000	0.003494
311	0.000000	0.000000	0.000000	0.043256	0.952901	0.000429	0.000026	0.000000	0.003388
312	0.000000	0.000000	0.000000	0.043363	0.952938	0.000412	0.000026	0.000000	0.003261
313	0.000000	0.000000	0.000000	0.043391	0.953040	0.000401	0.000024	0.000000	0.003144
314	0.000000	0.000000	0.000000	0.043337	0.953189	0.000399	0.000024	0.000000	0.003051
315	0.000000	0.000000	0.000000	0.043309	0.953390	0.000389	0.000025	0.000000	0.002887
316	0.000000	0.000000	0.000000	0.043299	0.953540	0.000395	0.000021	0.000000	0.002745
317	0.000000	0.000000	0.000000	0.043265	0.953646	0.000405	0.000025	0.000000	0.002659
318	0.000000	0.000000	0.000000	0.043161	0.953842	0.000420	0.000029	0.000000	0.002548
319	0.000000	0.000000	0.000000	0.043094	0.954034	0.000397	0.000028	0.000000	0.002447
320	0.000000	0.000000	0.000000	0.043064	0.954145	0.000394	0.000019	0.000000	0.002378
321	0.000000	0.000000	0.000000	0.043150	0.954119	0.000398	0.000019	0.000000	0.002314
322	0.000000	0.000000	0.000000	0.043176	0.954191	0.000405	0.000022	0.000000	0.002206
323	0.000000	0.000000	0.000000	0.042991	0.954462	0.000440	0.000018	0.000000	0.002089
324	0.000000	0.000000	0.000000	0.043023	0.954536	0.000436	0.000015	0.000000	0.001990
325	0.000000	0.000000	0.000000	0.042960	0.954697	0.000453	0.000017	0.000000	0.001873
326	0.000000	0.000000	0.000000	0.043086	0.954679	0.000454	0.000020	0.000000	0.001761
327	0.000000	0.000000	0.000000	0.042970	0.954884	0.000462	0.000023	0.000000	0.001661
328	0.000000	0.000000	0.000000	0.042914	0.954988	0.000477	0.000017	0.000000	0.001604
329	0.000000	0.000000	0.000000	0.043090	0.954827	0.000453	0.000016	0.000000	0.001614
330	0.000000	0.000000	0.000000	0.043114	0.954878	0.000437	0.000021	0.000000	0.001550
331	0.000000	0.000000	0.000000	0.043120	0.954928	0.000441	0.000022	0.000000	0.001489
332	0.000000	0.000000	0.000000	0.043178	0.954906	0.000453	0.000026	0.000000	0.001437
333	0.000000	0.000000	0.000000	0.043248	0.954895	0.000451	0.000032	0.000000	0.001374
334	0.000000	0.000000	0.000000	0.043074	0.955180	0.000412	0.000027	0.000000	0.001307
335	0.000000	0.000000	0.000000	0.043065	0.955247	0.000410	0.000032	0.000000	0.001246
336	0.000000	0.000000	0.000000	0.042887	0.955532	0.000417	0.000027	0.000000	0.001137
337	0.000000	0.000000	0.000000	0.043043	0.955402	0.000408	0.000024	0.000000	0.001123
338	0.000000	0.000000	0.000000	0.042899	0.955650	0.000371	0.000017	0.000000	0.001063
339	0.000000	0.000000	0.000000	0.042968	0.955629	0.000385	0.000013	0.000000	0.001005
340	0.000000	0.000000	0.000000	0.042967	0.955685	0.000353	0.000011	0.000000	0.000984
341	0.000000	0.000000	0.000000	0.042877	0.955827	0.000370	0.000008	0.000000	0.000918
342	0.000000	0.000000	0.000000	0.042670	0.956069	0.000366	0.000008	0.000000	0.000887
343	0.000000	0.000000	0.000000	0.042583	0.956198	0.000375	0.000003	0.000000	0.000841
344	0.000000	0.000000	0.000000	0.042794	0.956051	0.000374	0.000004	0.000000	0.000777
345	0.000000	0.000000	0.000000	0.043092	0.955768	0.000361	0.000004	0.000000	0.000775
346	0.000000	0.000000	0.000000	0.043201	0.955692	0.000370	0.000004	0.000000	0.000733
347	0.000000	0.000000	0.000000	0.043227	0.955730	0.000349	0.000003	0.000000	0.000691
348	0.000000	0.000000	0.000000	0.043243	0.955747	0.000329	0.000002	0.000000	0.000679
349	0.000000	0.000000	0.000000	0.043245	0.955798	0.000318	0.000001	0.000000	0.000638
350	0.000000	0.000000	0.000000	0.042869	0.956166	0.000351	0.000001	0.000000	0.000613
351	0.000000	0.000000	0.000000	0.042639	0.956401	0.000363	0.000000	0.000000	0.000597
352	0.000000	0.000000	0.000000	0.042782	0.956286	0.000342	0.000000	0.000000	0.000590
353	0.000000	0.000000	0.000000	0.042837	0.956243	0.000339	0.000000	0.000000	0.000581
354	0.000000	0.000000	0.000000	0.042811	0.956264	0.000351	0.000000	0.000000	0.000574
355	0.000000	0.000000	0.000000	0.042903	0.956185	0.000352	0.000000	0.000000	0.000560
356	0.000000	0.000000	0.000000	0.042789	0.956303	0.000366	0.000000	0.000000	0.000542
357	0.000000	0.000000	0.000000	0.042741	0.956385	0.000351	0.000000	0.000000	0.000523
358	0.000000	0.000000	0.000000	0.042842	0.956298	0.000368	0.000000	0.000000	0.000492
359	0.000000	0.000000	0.000000	0.043050	0.956116	0.000357	0.000000	0.000000	0.000477
360	0.000000	0.000000	0.000000	0.043082	0.956082	0.000362	0.000000	0.000000	0.000474
361	0.000000	0.000000	0.000000	0.042945	0.956257	0.000357	0.000000	0.000000	0.000441
362	0.000000	0.000000	0.000000	0.042992	0.956238	0.000349	0.000000	0.000000	0.000421
363	0.000000	0.000000	0.000000	0.043023	0.956221	0.000351	0.000000	0.000000	0.000405
364	0.000000	0.000000	0.000000	0.042990	0.956271	0.000347	0.000000	0.000000	0.000392
365	0.000000	0.000000	0.000000	0.043117	0.956191	0.000319	0.000000	0.000000	0.000373
366	0.000000	0.000000	0.000000	0.043142	0.956151	0.000344	0.000000	0.000000	0.000363
367	0.000000	0.000000	0.000000	0.043197	0.956127	0.000324	0.000000	0.000000	0.000352
368	0.000000	0.000000	0.000000	0.043019	0.956298	0.000344	0.000000	0.000000	0.000339
369	0.000000	0.000000	0.000000	0.043017	0.956308	0.000335	0.000000	0.000000	0.000340
370	0.000000	0.000000	0.000000	0.042839	0.956504	0.000333	0.000000	0.000000	0.000324
371	0.000000	0.000000	0.000000	0.042873	0.956450	0.000360	0.000000	0.000000	0.000317
372	0.000000	0.000000	0.000000	0.042882	0.956476	0.000344	0.000000	0.000000	0.000298
373	0.000000	0.000000	0.000000	0.042752	0.956622	0.000343	0.000000	0.000000	0.000283
374	0.000000	0.000000	0.000000	0.042952	0.956436	0.000345	0.000000	0.000000	0.000267
375	0.000000	0.000000	0.000000	0.042797	0.956612	0.000335	0.000000	0.000000	0.000256
376	0.000000	0.000000	0.000000	0.042948	0.956483	0.000349	0.000000	0.000000	0.000220
377	0.000000	0.000000	0.000000	0.042901	0.956569	0.000347	0.000000	0.000000	0.000183
378	0.000000	0.000000	0.000000	0.042857	0.956642	0.000338	0.000000	0.000000	0.000163
379	0.000000	0.000000	0.000000	0.043201	0.956270	0.000364	0.000000	0.000000	0.000165
380	0.000000	0.000000	0.000000	0.043370	0.956115	0.000357	0.000000	0.000000	0.000158
381	0.000000	0.000000	0.000000	0.043500	0.956005	0.000357	0.000000	0.000000	0.000138
382	0.000000	0.000000	0.000000	0.043582	0.955933	0.000352	0.000000	0.000000	0.000133
383	0.000000	0.000000	0.000000	0.043396	0.956135	0.000344	0.000000	0.000000	0.000125
384	0.000000	0.000000	0.000000	0.043448	0.956103	0.000333	0.000000	0.000000	0.000116
385	0.000000	0.000000	0.000000	0.043648	0.955882	0.000364	0.000000	0.000000	0.000106
386	0.000000	0.000000	0.000000	0.043823	0.955703	0.000380	0.000000	0.000000	0.000094
387	0.000000	0.000000	0.000000	0.043637	0.955877	0.000392	0.000000	0.000000	0.000094
388	0.000000	0.000000	0.000000	0.043560	0.955958	0.000385	0.000000	0.000000	0.000097
389	0.000000	0.000000	0.000000	0.043525	0.956008	0.000373	0.000000	0.000000	0.000094
390	0.000000	0.000000	0.000000	0.043420	0.956133	0.000357	0.000000	0.000000	0.000090
391	0.000000	0.000000	0.000000	0.042986	0.956554	0.000370	0.000000	0.000000	0.000090
392	0.000000	0.000000	0.000000	0.043218	0.956322	0.000379	0.000000	0.000000	0.000081
393	0.000000	0.000000	0.000000	0.043299	0.956248	0.000366	0.000000	0.000000	0.000087
394	0.000000	0.000000	0.000000	0.043209	0.956319	0.000391	0.000000	0.000000	0.000081
395	0.000000	0.000000	0.000000	0.043123	0.956430	0.000370	0.000000	0.000000	0.000077
396	0.000000	0.000000	0.000000	0.043086	0.956470	0.000372	0.000000	0.000000	0.000072
397	0.000000	0.000000	0.000000	0.043143	0.956424	0.000363	0.000000	0.000000	0.000070
398	0.000000	0.000000	0.000000	0.043125	0.956430	0.000383	0.000000	0.000000	0.000062
399	0.000000	0.000000	0.000000	0.043171	0.956390	0.000379	0.000000	0.000000	0.000060
400	0.000000	0.000000	0.000000	0.043193	0.956377	0.000368	0.000000	0.000000	0.000062
401	0.000000	0.000000	0.000000	0.043150	0.956433	0.000367	0.000000	0.000000	0.000050
402	0.000000	0.000000	0.000000	0.042979	0.956611	0.000361	0.000000	0.000000	0.000049
403	0.000000	0.000000	0.000000	0.043016	0.956574	0.000356	0.000000	0.000000	0.000054
404	0.000000	0.000000	0.000000	0.043059	0.956543	0.000349	0.000000	0.000000	0.000049
405	0.000000	0.000000	0.000000	0.043103	0.956522	0.000328	0.000000	0.000000	0.000047
406	0.000000	0.000000	0.000000	0.043085	0.956523	0.000358	0.000000	0.000000	0.000034
407	0.000000	0.000000	0.000000	0.042947	0.956686	0.000336	0.000000	0.000000	0.000031
408	0.000000	0.000000	0.000000	0.042910	0.956741	0.000323	0.000000	0.000000	0.000026
409	0.000000	0.000000	0.000000	0.042587	0.957050	0.000332	0.000000	0.000000	0.000031
410	0.000000	0.000000	0.000000	0.042610	0.957027	0.000337	0.000000	0.000000	0.000026
411	0.000000	0.000000	0.000000	0.042601	0.957047	0.000331	0.000000	0.000000	0.000021
412	0.000000	0.000000	0.000000	0.042752	0.956893	0.000337	0.000000	0.000000	0.000018
413	0.000000	0.000000	0.000000	0.042835	0.956815	0.000337	0.000000	0.000000	0.000013
414	0.000000	0.000000	0.000000	0.042854	0.956753	0.000381	0.000000	0.000000	0.000012
415	0.000000	0.000000	0.000000	0.042730	0.956900	0.000359	0.000000	0.000000	0.000011
416	0.000000	0.000000	0.000000	0.042711	0.956933	0.000347	0.000000	0.000000	0.000009
417	0.000000	0.000000	0.000000	0.042810	0.956831	0.000351	0.000000	0.000000	0.000008
418	0.000000	0.000000	0.000000	0.042829	0.956802	0.000360	0.000000	0.000000	0.000009
419	0.000000	0.000000	0.000000	0.042714	0.956930	0.000349	0.000000	0.000000	0.000007
420	0.000000	0.000000	0.000000	0.042872	0.956786	0.000338	0.000000	0.000000	0.000004
421	0.000000	0.000000	0.000000	0.042789	0.956850	0.000357	0.000000	0.000000	0.000004
422	0.000000	0.000000	0.000000	0.042811	0.956813	0.000375	0.000000	0.000000	0.000001
423	0.000000	0.000000	0.000000	0.042973	0.956660	0.000366	0.000000	0.000000	0.000001
424	0.000000	0.000000	0.000000	0.043047	0.956602	0.000350	0.000000	0.000000	0.000001
425	0.000000	0.000000	0.000000	0.042867	0.956743	0.000389	0.000000	0.000000	0.000001
426	0.000000	0.000000	0.000000	0.042976	0.956656	0.000368	0.000000	0.000000	0.000000
427	0.000000	0.000000	0.000000	0.042930	0.956707	0.000363	0.000000	0.000000	0.000000
428	0.000000	0.000000	0.000000	0.042951	0.956727	0.000322	0.000000	0.000000	0.000000
429	0.000000	0.000000	0.000000	0.042904	0.956748	0.000348	0.000000	0.000000	0.000000
430	0.000000	0.000000	0.000000	0.042956	0.956695	0.000349	0.000000	0.000000	0.000000
431	0.000000	0.000000	0.000000	0.042951	0.956694	0.000355	0.000000	0.000000	0.000000
432	0.000000	0.000000	0.000000	0.042686	0.956955	0.000359	0.000000	0.000000	0.000000
433	0.000000	0.000000	0.000000	0.042670	0.956957	0.000373	0.000000	0.000000	0.000000
434	0.000000	0.000000	0.000000	0.042639	0.956996	0.000365	0.000000	0.000000	0.000000
435	0.000000	0.000000	0.000000	0.042667	0.956973	0.000360	0.000000	0.000000	0.000000
436	0.000000	0.000000	0.000000	0.042496	0.957101	0.000403	0.000000	0.000000	0.000000
437	0.000000	0.000000	0.000000	0.042900	0.956707	0.000393	0.000000	0.000000	0.000000
438	0.000000	0.000000	0.000000	0.042704	0.956916	0.000380	0.000000	0.000000	0.000000
439	0.000000	0.000000	0.000000	0.042791	0.956789	0.000420	0.000000	0.000000	0.000000
440	0.000000	0.000000	0.000000	0.042864	0.956751	0.000385	0.000000	0.000000	0.000000
441	0.000000	0.000000	0.000000	0.042823	0.956796	0.000381	0.000000	0.000000	0.000000
442	0.000000	0.000000	0.000000	0.043061	0.956550	0.000389	0.000000	0.000000	0.000000
443	0.000000	0.000000	0.000000	0.042862	0.956743	0.000395	0.000000	0.000000	0.000000
444	0.000000	0.000000	0.000000	0.042971	0.956647	0.000382	0.000000	0.000000	0.000000
445	0.000000	0.000000	0.000000	0.042998	0.956617	0.000385	0.000000	0.000000	0.000000
446	0.000000	0.000000	0.000000	0.043105	0.956489	0.000406	0.000000	0.000000	0.000000
447	0.000000	0.000000	0.000000	0.043257	0.956363	0.000380	0.000000	0.000000	0.000000
448	0.000000	0.000000	0.000000	0.043440	0.956187	0.000373	0.000000	0.000000	0.000000
449	0.000000	0.000000	0.000000	0.043411	0.956215	0.000374	0.000000	0.000000	0.000000
450	0.000000	0.000000	0.000000	0.043362	0.956256	0.000382	0.000000	0.000000	0.000000
451	0.000000	0.000000	0.000000	0.043265	0.956342	0.000393	0.000000	0.000000	0.000000
452	0.000000	0.000000	0.000000	0.043401	0.956195	0.000404	0.000000	0.000000	0.000000
453	0.000000	0.000000	0.000000	0.043415	0.956201	0.000384	0.000000	0.000000	0.000000
454	0.000000	0.000000	0.000000	0.043408	0.956204	0.000388	0.000000	0.000000	0.000000
455	0.000000	0.000000	0.000000	0.043272	0.956332	0.000396	0.000000	0.000000	0.000000
456	0.000000	0.000000	0.000000	0.043309	0.956297	0.000394	0.000000	0.000000	0.000000
457	0.000000	0.000000	0.000000	0.043201	0.956405	0.000394	0.000000	0.000000	0.000000
458	0.000000	0.000000	0.000000	0.043203	0.956405	0.000392	0.000000	0.000000	0.000000
459	0.000000	0.000000	0.000000	0.043284	0.956307	0.000409	0.000000	0.000000	0.000000
460	0.000000	0.000000	0.000000	0.043399	0.956188	0.000413	0.000000	0.000000	0.000000
461	0.000000	0.000000	0.000000	0.043482	0.956098	0.000420	0.000000	0.000000	0.000000
462	0.000000	0.000000	0.000000	0.043725	0.955872	0.000403	0.000000	0.000000	0.000000
463	0.000000	0.000000	0.000000	0.043913	0.955704	0.000383	0.000000	0.000000	0.000000
464	0.000000	0.000000	0.000000	0.044020	0.955571	0.000409	0.000000	0.000000	0.000000
465	0.000000	0.000000	0.000000	0.043835	0.955763	0.000402	0.000000	0.000000	0.000000
466	0.000000	0.000000	0.000000	0.043995	0.955626	0.000379	0.000000	0.000000	0.000000
467	0.000000	0.000000	0.000000	0.043790	0.955831	0.000379	0.000000	0.000000	0.000000
468	0.000000	0.000000	0.000000	0.043835	0.955772	0.000393	0.000000	0.000000	0.000000
469	0.000000	0.000000	0.000000	0.043869	0.955743	0.000388	0.000000	0.000000	0.000000
470	0.000000	0.000000	0.000000	0.043631	0.955997	0.000372	0.000000	0.000000	0.000000
