0	0.290663	0.057897	0.229473	0.157588	0.029913	0.111872	0.085455	0.012259	0.024880
1	0.239991	0.049675	0.206315	0.141802	0.028870	0.120147	0.108471	0.021061	0.083668
2	0.246924	0.050666	0.212416	0.136979	0.029175	0.117411	0.101513	0.019855	0.085061
3	0.259772	0.051924	0.220396	0.132556	0.029946	0.112723	0.092167	0.018058	0.082458
4	0.273009	0.053038	0.227943	0.128449	0.030758	0.108477	0.083124	0.016116	0.079086
5	0.286568	0.054237	0.235382	0.123627	0.031559	0.104023	0.074764	0.014257	0.075583
6	0.300679	0.055340	0.242969	0.118779	0.032236	0.098908	0.067074	0.012647	0.071368
7	0.314141	0.056287	0.248918	0.114083	0.032936	0.094557	0.060051	0.011041	0.067986
8	0.327068	0.056915	0.255271	0.108971	0.033698	0.089565	0.054031	0.009808	0.064673
9	0.339837	0.057890	0.260685	0.103742	0.034313	0.085468	0.048012	0.008571	0.061482
10	0.352128	0.058064	0.265448	0.099509	0.035215	0.080802	0.043139	0.007465	0.058230
11	0.363719	0.058546	0.269716	0.094980	0.036040	0.076808	0.038430	0.006597	0.055164
12	0.375351	0.058397	0.273932	0.090312	0.036958	0.072955	0.034231	0.005772	0.052092
13	0.385833	0.058642	0.278717	0.086101	0.037829	0.068745	0.030425	0.004938	0.048770
14	0.395833	0.058813	0.283682	0.081297	0.038499	0.064739	0.026948	0.004277	0.045912
15	0.405088	0.059041	0.287480	0.077437	0.039435	0.060733	0.023743	0.003813	0.043230
16	0.414488	0.058805	0.290019	0.073535	0.040278	0.057282	0.021213	0.003336	0.041044
17	0.422546	0.058454	0.294274	0.070116	0.041016	0.053913	0.018442	0.002890	0.038349
18	0.431023	0.058005	0.297483	0.066204	0.041552	0.051000	0.016418	0.002490	0.035825
19	0.438248	0.057531	0.300320	0.062307	0.042862	0.048087	0.014495	0.002095	0.034055
20	0.445213	0.057268	0.302928	0.058732	0.043619	0.045492	0.012991	0.001875	0.031882
21	0.452243	0.056735	0.304959	0.055555	0.044410	0.042845	0.011558	0.001591	0.030104
22	0.458200	0.056306	0.306873	0.052724	0.045416	0.040511	0.010249	0.001445	0.028276
23	0.464416	0.055565	0.308383	0.049992	0.046799	0.038018	0.009080	0.001240	0.026507
24	0.469926	0.054973	0.310942	0.047245	0.047487	0.035612	0.007952	0.001086	0.024777
25	0.474903	0.054669	0.312516	0.044349	0.048853	0.033434	0.007072	0.001002	0.023202
26	0.480126	0.054205	0.313224	0.041964	0.049820	0.031607	0.006381	0.000829	0.021844
27	0.484017	0.053998	0.314887	0.039985	0.050625	0.029759	0.005614	0.000764	0.020351
28	0.488041	0.053340	0.315707	0.037995	0.052056	0.028216	0.004894	0.000634	0.019117
29	0.491437	0.052977	0.317326	0.035959	0.052873	0.026650	0.004370	0.000594	0.017814
30	0.495087	0.052277	0.317858	0.034147	0.054121	0.025289	0.003855	0.000524	0.016842
31	0.498332	0.051672	0.318893	0.032258	0.055424	0.023865	0.003403	0.000494	0.015659
32	0.501150	0.051169	0.319778	0.030464	0.056684	0.022608	0.003063	0.000456	0.014628
33	0.503856	0.050719	0.320563	0.028772	0.057977	0.021272	0.002713	0.000406	0.013722
34	0.505690	0.050223	0.321676	0.027407	0.059211	0.020246	0.002404	0.000388	0.012755
35	0.508022	0.049521	0.322238	0.026167	0.060513	0.019172	0.002128	0.000316	0.011923
36	0.509142	0.049004	0.323609	0.024830	0.061695	0.018401	0.001855	0.000282	0.011182
37	0.510873	0.048616	0.324214	0.023611	0.063111	0.017435	0.001581	0.000228	0.010331
38	0.511639	0.048331	0.324894	0.022440	0.064749	0.016556	0.001382	0.000206	0.009803
39	0.512677	0.047947	0.324843	0.021401	0.066699	0.015926	0.001185	0.000163	0.009159
40	0.514168	0.047141	0.324759	0.020610	0.068225	0.015360	0.001074	0.000163	0.008500
41	0.514610	0.046687	0.325329	0.019645	0.069991	0.014615	0.000953	0.000153	0.008017
42	0.515677	0.046229	0.325278	0.018755	0.071771	0.013683	0.000869	0.000150	0.007588
43	0.515731	0.045519	0.325881	0.017887	0.073569	0.013373	0.000812	0.000128	0.007100
44	0.516325	0.045057	0.325997	0.016918	0.075513	0.012661	0.000724	0.000123	0.006682
45	0.516422	0.044724	0.325772	0.016209	0.077786	0.012038	0.000603	0.000095	0.006351
46	0.516251	0.044278	0.326142	0.015684	0.079372	0.011575	0.000563	0.000087	0.006048
47	0.516848	0.043547	0.325808	0.015243	0.081322	0.011014	0.000485	0.000095	0.005638
48	0.516123	0.043068	0.326312	0.014542	0.083499	0.010582	0.000441	0.000061	0.005372
49	0.515936	0.042250	0.326551	0.013924	0.085963	0.009948	0.000391	0.000052	0.004985
50	0.515756	0.041728	0.326686	0.013535	0.087580	0.009624	0.000339	0.000051	0.004701
51	0.515285	0.040858	0.326499	0.013006	0.090177	0.009298	0.000314	0.000036	0.004527
52	0.515635	0.040231	0.325984	0.012396	0.092216	0.008983	0.000264	0.000031	0.004260
53	0.514797	0.039567	0.325775	0.012157	0.094698	0.008728	0.000215	0.000017	0.004046
54	0.514467	0.039112	0.325388	0.011685	0.096982	0.008371	0.000186	0.000015	0.003794
55	0.513570	0.038858	0.325243	0.011178	0.099258	0.008116	0.000167	0.000019	0.003591
56	0.513011	0.038577	0.324746	0.010741	0.101550	0.007793	0.000157	0.000017	0.003408
57	0.512398	0.037964	0.324413	0.010353	0.104027	0.007455	0.000150	0.000015	0.003225
58	0.511515	0.037508	0.324324	0.009990	0.106419	0.007123	0.000136	0.000013	0.002972
59	0.511497	0.036656	0.323428	0.009677	0.108977	0.006791	0.000121	0.000018	0.002835
60	0.510972	0.036194	0.322237	0.009319	0.111866	0.006608	0.000108	0.000010	0.002686
61	0.509552	0.035398	0.322602	0.009054	0.114376	0.006359	0.000112	0.000008	0.002539
62	0.508578	0.035054	0.321781	0.008610	0.117463	0.006039	0.000076	0.000005	0.002394
63	0.507500	0.034776	0.321189	0.008335	0.120023	0.005790	0.000079	0.000008	0.002300
64	0.507386	0.034065	0.319890	0.008055	0.122707	0.005688	0.000079	0.000004	0.002126
65	0.505936	0.033698	0.319059	0.007902	0.125839	0.005411	0.000067	0.000004	0.002084
66	0.505060	0.033192	0.318224	0.007706	0.128616	0.005215	0.000063	0.000003	0.001921
67	0.503536	0.032897	0.317816	0.007313	0.131461	0.005102	0.000054	0.000001	0.001820
68	0.501661	0.032656	0.317289	0.007066	0.134617	0.004909	0.000048	0.000001	0.001753
69	0.500223	0.032078	0.316973	0.006936	0.137445	0.004721	0.000036	0.000001	0.001587
70	0.499783	0.031586	0.315396	0.006685	0.140473	0.004535	0.000032	0.000000	0.001510
71	0.499162	0.031069	0.314018	0.006471	0.143533	0.004295	0.000027	0.000000	0.001425
72	0.497291	0.030711	0.313466	0.006251	0.146808	0.004096	0.000019	0.000000	0.001358
73	0.495118	0.030270	0.312848	0.006021	0.150397	0.004023	0.000017	0.000000	0.001306
74	0.492822	0.030062	0.311858	0.005891	0.154232	0.003885	0.000017	0.000000	0.001233
75	0.491319	0.029609	0.310652	0.005748	0.157767	0.003801	0.000011	0.000000	0.001093
76	0.489282	0.029349	0.309794	0.005579	0.161248	0.003635	0.000010	0.000000	0.001103
77	0.487403	0.028986	0.308746	0.005448	0.164786	0.003572	0.000022	0.000000	0.001037
78	0.484851	0.028713	0.308112	0.005430	0.168473	0.003423	0.000020	0.000000	0.000978
79	0.483438	0.028464	0.306348	0.005250	0.172319	0.003244	0.000014	0.000000	0.000923
80	0.481066	0.028123	0.305064	0.005173	0.176564	0.003129	0.000011	0.000000	0.000870
81	0.478627	0.027561	0.304139	0.005125	0.180577	0.003121	0.000008	0.000000	0.000842
82	0.475759	0.027380	0.303067	0.005047	0.184969	0.003006	0.000004	0.000000	0.000768
83	0.473329	0.027117	0.302108	0.004863	0.188965	0.002901	0.000004	0.000000	0.000713
84	0.470638	0.026950	0.300916	0.004811	0.193188	0.002830	0.000005	0.000000	0.000662
85	0.468801	0.026418	0.299440	0.004798	0.197167	0.002772	0.000003	0.000000	0.000601
86	0.466752	0.026113	0.298092	0.004645	0.201032	0.002807	0.000002	0.000000	0.000557
87	0.464438	0.025692	0.296683	0.004547	0.205413	0.002699	0.000001	0.000000	0.000527
88	0.461886	0.025432	0.295047	0.004514	0.209926	0.002683	0.000001	0.000000	0.000511
89	0.459664	0.025040	0.293496	0.004476	0.214184	0.002632	0.000000	0.000000	0.000508
90	0.457373	0.024694	0.292230	0.004412	0.218252	0.002577	0.000000	0.000000	0.000462
91	0.454646	0.024275	0.290871	0.004264	0.222996	0.002503	0.000000	0.000000	0.000445
92	0.452078	0.023900	0.289332	0.004220	0.227538	0.002530	0.000000	0.000000	0.000402
93	0.448947	0.023633	0.287978	0.004171	0.232459	0.002408	0.000000	0.000000	0.000404
94	0.445843	0.023171	0.287130	0.004099	0.236991	0.002401	0.000000	0.000000	0.000365
95	0.443285	0.022781	0.285156	0.004140	0.241851	0.002430	0.000000	0.000000	0.000357
96	0.440584	0.022324	0.283844	0.004189	0.246330	0.002414	0.000000	0.000000	0.000315
97	0.438237	0.021991	0.281753	0.004092	0.251252	0.002329	0.000000	0.000000	0.000346
98	0.435132	0.021440	0.280540	0.004077	0.256174	0.002291	0.000000	0.000000	0.000346
99	0.432437	0.021128	0.279195	0.004037	0.260656	0.002231	0.000000	0.000000	0.000316
100	0.429629	0.020790	0.277618	0.004007	0.265550	0.002123	0.000000	0.000000	0.000283
101	0.426314	0.020469	0.276101	0.004016	0.270689	0.002145	0.000000	0.000000	0.000266
102	0.423900	0.020128	0.274139	0.003952	0.275537	0.002086	0.000000	0.000000	0.000258
103	0.421651	0.019619	0.271595	0.003979	0.280894	0.002018	0.000000	0.000000	0.000244
104	0.418707	0.019192	0.270227	0.003994	0.285645	0.002010	0.000000	0.000000	0.000225
105	0.415351	0.018739	0.268381	0.003954	0.291384	0.001978	0.000000	0.000000	0.000213
106	0.412423	0.018348	0.266719	0.003938	0.296415	0.001941	0.000000	0.000000	0.000216
107	0.409102	0.017849	0.265737	0.003851	0.301303	0.001962	0.000000	0.000000	0.000196
108	0.406077	0.017650	0.263770	0.003833	0.306566	0.001918	0.000000	0.000000	0.000186
109	0.403273	0.017264	0.261806	0.003865	0.311716	0.001896	0.000000	0.000000	0.000180
110	0.399903	0.016946	0.260311	0.003787	0.316985	0.001915	0.000000	0.000000	0.000153
111	0.396300	0.016558	0.259237	0.003726	0.322196	0.001832	0.000000	0.000000	0.000151
112	0.392669	0.016292	0.257761	0.003699	0.327617	0.001819	0.000000	0.000000	0.000143
113	0.389718	0.015993	0.255656	0.003635	0.333093	0.001785	0.000000	0.000000	0.000120
114	0.385949	0.015790	0.254227	0.003618	0.338460	0.001818	0.000000	0.000000	0.000138
115	0.383319	0.015607	0.252174	0.003599	0.343416	0.001766	0.000000	0.000000	0.000119
116	0.379916	0.015455	0.249985	0.003605	0.349105	0.001809	0.000000	0.000000	0.000125
117	0.377119	0.015095	0.247661	0.003523	0.354668	0.001824	0.000000	0.000000	0.000110
118	0.373497	0.014771	0.246172	0.003531	0.360162	0.001761	0.000000	0.000000	0.000106
119	0.369933	0.014712	0.244377	0.003449	0.365700	0.001743	0.000000	0.000000	0.000086
120	0.366595	0.014255	0.242239	0.003467	0.371614	0.001739	0.000000	0.000000	0.000091
121	0.363212	0.013992	0.240334	0.003503	0.377152	0.001722	0.000000	0.000000	0.000085
122	0.359959	0.013804	0.238461	0.003532	0.382414	0.001769	0.000000	0.000000	0.000061
123	0.356450	0.013428	0.236734	0.003505	0.388080	0.001747	0.000000	0.000000	0.000056
124	0.352484	0.013265	0.235119	0.003535	0.393760	0.001794	0.000000	0.000000	0.000043
125	0.349443	0.013122	0.232702	0.003509	0.399446	0.001729	0.000000	0.000000	0.000049
126	0.346330	0.012774	0.230468	0.003506	0.405172	0.001705	0.000000	0.000000	0.000045
127	0.343394	0.012420	0.228547	0.003466	0.410459	0.001675	0.000000	0.000000	0.000039
128	0.340217	0.012177	0.226434	0.003465	0.415942	0.001731	0.000000	0.000000	0.000034
129	0.337354	0.011881	0.223969	0.003458	0.421556	0.001748	0.000000	0.000000	0.000034
130	0.334131	0.011595	0.221773	0.003454	0.427310	0.001702	0.000000	0.000000	0.000035
131	0.331291	0.011324	0.219386	0.003460	0.432824	0.001682	0.000000	0.000000	0.000033
132	0.328170	0.010925	0.217166	0.003427	0.438689	0.001591	0.000000	0.000000	0.000032
133	0.324590	0.010702	0.215153	0.003258	0.444662	0.001608	0.000000	0.000000	0.000027
134	0.322063	0.010499	0.212638	0.003244	0.449902	0.001625	0.000000	0.000000	0.000029
135	0.318478	0.010493	0.210536	0.003287	0.455546	0.001627	0.000000	0.000000	0.000033
136	0.314803	0.010286	0.208887	0.003267	0.461133	0.001585	0.000000	0.000000	0.000039
137	0.310791	0.009869	0.206992	0.003254	0.467510	0.001544	0.000000	0.000000	0.000040
138	0.307728	0.009775	0.204289	0.003138	0.473489	0.001550	0.000000	0.000000	0.000031
139	0.304275	0.009561	0.202342	0.003141	0.479114	0.001535	0.000000	0.000000	0.000032
140	0.300165	0.009370	0.200831	0.003132	0.484914	0.001559	0.000000	0.000000	0.000029
141	0.297395	0.009146	0.198456	0.003137	0.490339	0.001501	0.000000	0.000000	0.000026
142	0.294192	0.008899	0.196218	0.003168	0.495981	0.001513	0.000000	0.000000	0.000029
143	0.291340	0.008773	0.193704	0.003234	0.501421	0.001505	0.000000	0.000000	0.000023
144	0.287759	0.008597	0.191484	0.003206	0.507356	0.001569	0.000000	0.000000	0.000029
145	0.284031	0.008399	0.189625	0.003227	0.513176	0.001513	0.000000	0.000000	0.000029
146	0.280460	0.008221	0.187489	0.003214	0.519067	0.001520	0.000000	0.000000	0.000029
147	0.277063	0.007923	0.185200	0.003259	0.525048	0.001485	0.000000	0.000000	0.000022
148	0.274015	0.007724	0.183085	0.003203	0.530455	0.001501	0.000000	0.000000	0.000017
149	0.270514	0.007620	0.181174	0.003217	0.535927	0.001525	0.000000	0.000000	0.000023
150	0.266457	0.007507	0.179691	0.003192	0.541666	0.001460	0.000000	0.000000	0.000027
151	0.262968	0.007293	0.177871	0.003292	0.547092	0.001464	0.000000	0.000000	0.000020
152	0.259759	0.006922	0.175664	0.003170	0.553078	0.001387	0.000000	0.000000	0.000020
153	0.256428	0.006842	0.173050	0.003184	0.559039	0.001438	0.000000	0.000000	0.000019
154	0.253504	0.006686	0.170861	0.003219	0.564333	0.001384	0.000000	0.000000	0.000013
155	0.249998	0.006488	0.168873	0.003238	0.569976	0.001409	0.000000	0.000000	0.000018
156	0.246266	0.006136	0.167057	0.003259	0.575894	0.001376	0.000000	0.000000	0.000012
157	0.243036	0.006075	0.165019	0.003238	0.581243	0.001374	0.000000	0.000000	0.000015
158	0.239817	0.005837	0.162625	0.003245	0.587097	0.001369	0.000000	0.000000	0.000010
159	0.236280	0.005716	0.160635	0.003261	0.592732	0.001366	0.000000	0.000000	0.000010
160	0.233372	0.005655	0.158280	0.003199	0.598134	0.001347	0.000000	0.000000	0.000013
161	0.229928	0.005500	0.156104	0.003193	0.603902	0.001359	0.000000	0.000000	0.000014
162	0.226781	0.005375	0.154033	0.003191	0.609250	0.001353	0.000000	0.000000	0.000017
163	0.223434	0.005244	0.151920	0.003181	0.614874	0.001339	0.000000	0.000000	0.000008
164	0.220292	0.005062	0.149882	0.003223	0.620174	0.001358	0.000000	0.000000	0.000009
165	0.217427	0.004903	0.147496	0.003170	0.625636	0.001360	0.000000	0.000000	0.000008
166	0.214427	0.004753	0.145378	0.003176	0.630924	0.001339	0.000000	0.000000	0.000003
167	0.211535	0.004717	0.143502	0.003092	0.635790	0.001360	0.000000	0.000000	0.000004
168	0.207969	0.004576	0.141578	0.003094	0.641351	0.001422	0.000000	0.000000	0.000010
169	0.205118	0.004475	0.139529	0.003055	0.646383	0.001432	0.000000	0.000000	0.000008
170	0.202614	0.004259	0.137272	0.003026	0.651424	0.001392	0.000000	0.000000	0.000013
171	0.199313	0.004176	0.135489	0.002996	0.656601	0.001411	0.000000	0.000000	0.000014
172	0.196376	0.004083	0.133370	0.003053	0.661701	0.001404	0.000000	0.000000	0.000013
173	0.193566	0.004020	0.131324	0.003085	0.666592	0.001401	0.000000	0.000000	0.000012
174	0.190217	0.003989	0.129775	0.003069	0.671471	0.001461	0.000000	0.000000	0.000018
175	0.187439	0.003802	0.128109	0.003046	0.676108	0.001480	0.000000	0.000000	0.000016
176	0.184350	0.003683	0.126048	0.002997	0.681469	0.001441	0.000000	0.000000	0.000012
177	0.181508	0.003636	0.124150	0.002983	0.686266	0.001443	0.000000	0.000000	0.000014
178	0.178436	0.003546	0.122526	0.002950	0.691110	0.001419	0.000000	0.000000	0.000013
179	0.175642	0.003455	0.120797	0.002969	0.695674	0.001450	0.000000	0.000000	0.000013
180	0.173070	0.003380	0.118701	0.003000	0.700423	0.001411	0.000000	0.000000	0.000015
181	0.170149	0.003370	0.116489	0.002975	0.705622	0.001382	0.000000	0.000000	0.000013
182	0.166932	0.003271	0.114968	0.002961	0.710439	0.001416	0.000000	0.000000	0.000013
183	0.163963	0.003270	0.113470	0.002902	0.714988	0.001396	0.000000	0.000000	0.000011
184	0.161512	0.003162	0.111593	0.002923	0.719381	0.001418	0.000000	0.000000	0.000011
185	0.158807	0.003018	0.109612	0.002925	0.724245	0.001385	0.000000	0.000000	0.000008
186	0.156020	0.002890	0.107792	0.002888	0.729007	0.001394	0.000000	0.000000	0.000009
187	0.153397	0.002743	0.106313	0.002860	0.733311	0.001369	0.000000	0.000000	0.000007
188	0.150777	0.002691	0.104561	0.002905	0.737681	0.001377	0.000000	0.000000	0.000008
189	0.148360	0.002584	0.102526	0.002850	0.742308	0.001367	0.000000	0.000000	0.000005
190	0.145868	0.002511	0.100588	0.002899	0.746795	0.001336	0.000000	0.000000	0.000003
191	0.143312	0.002420	0.098834	0.002926	0.751197	0.001311	0.000000	0.000000	0.000000
192	0.140800	0.002359	0.097203	0.002935	0.755357	0.001344	0.000000	0.000000	0.000002
193	0.138217	0.002346	0.095714	0.002950	0.759467	0.001305	0.000000	0.000000	0.000001
194	0.135988	0.002286	0.093833	0.002887	0.763672	0.001334	0.000000	0.000000	0.000000
195	0.133870	0.002270	0.092044	0.002908	0.767556	0.001351	0.000000	0.000000	0.000001
196	0.131288	0.002193	0.090505	0.002906	0.771735	0.001373	0.000000	0.000000	0.000000
197	0.128971	0.002155	0.088683	0.002830	0.775962	0.001398	0.000000	0.000000	0.000001
198	0.126493	0.002078	0.087071	0.002834	0.780120	0.001403	0.000000	0.000000	0.000001
199	0.124300	0.001987	0.085614	0.002837	0.783915	0.001346	0.000000	0.000000	0.000001
200	0.122223	0.001916	0.084170	0.002779	0.787581	0.001330	0.000000	0.000000	0.000001
201	0.120233	0.001894	0.082523	0.002829	0.791109	0.001412	0.000000	0.000000	0.000000
202	0.118111	0.001831	0.080926	0.002846	0.794911	0.001375	0.000000	0.000000	0.000000
203	0.116044	0.001764	0.079380	0.002861	0.798604	0.001347	0.000000	0.000000	0.000000
204	0.113731	0.001717	0.077840	0.002911	0.802450	0.001351	0.000000	0.000000	0.000000
205	0.111524	0.001652	0.076581	0.002918	0.805932	0.001393	0.000000	0.000000	0.000000
206	0.109281	0.001554	0.075109	0.002900	0.809794	0.001362	0.000000	0.000000	0.000000
207	0.107142	0.001518	0.073536	0.002883	0.813534	0.001387	0.000000	0.000000	0.000000
208	0.104719	0.001502	0.072185	0.002855	0.817339	0.001400	0.000000	0.000000	0.000000
209	0.102585	0.001465	0.070748	0.002851	0.821003	0.001348	0.000000	0.000000	0.000000
210	0.100577	0.001455	0.069164	0.002951	0.824505	0.001348	0.000000	0.000000	0.000000
211	0.098720	0.001381	0.067545	0.002895	0.828083	0.001376	0.000000	0.000000	0.000000
212	0.096718	0.001328	0.066095	0.002863	0.831665	0.001331	0.000000	0.000000	0.000000
213	0.094808	0.001279	0.064849	0.002841	0.834860	0.001363	0.000000	0.000000	0.000000
214	0.092855	0.001246	0.063633	0.002891	0.838016	0.001359	0.000000	0.000000	0.000000
215	0.091222	0.001154	0.062354	0.002915	0.840962	0.001393	0.000000	0.000000	0.000000
216	0.089306	0.001119	0.060948	0.002908	0.844374	0.001345	0.000000	0.000000	0.000000
217	0.087505	0.001092	0.059850	0.002929	0.847323	0.001301	0.000000	0.000000	0.000000
218	0.085540	0.001039	0.058817	0.002978	0.850305	0.001321	0.000000	0.000000	0.000000
219	0.083690	0.000972	0.057686	0.002981	0.853319	0.001352	0.000000	0.000000	0.000000
220	0.081775	0.001000	0.056538	0.002966	0.856369	0.001352	0.000000	0.000000	0.000000
221	0.079960	0.000984	0.055481	0.002957	0.859277	0.001341	0.000000	0.000000	0.000000
222	0.078195	0.000941	0.054566	0.002926	0.862031	0.001341	0.000000	0.000000	0.000000
223	0.076230	0.000838	0.053555	0.002949	0.865092	0.001336	0.000000	0.000000	0.000000
224	0.074504	0.000839	0.052740	0.002943	0.867647	0.001327	0.000000	0.000000	0.000000
225	0.073108	0.000825	0.051697	0.002915	0.870152	0.001303	0.000000	0.000000	0.000000
226	0.071659	0.000769	0.050700	0.003001	0.872523	0.001348	0.000000	0.000000	0.000000
227	0.070124	0.000771	0.049551	0.002986	0.875247	0.001321	0.000000	0.000000	0.000000
228	0.068573	0.000705	0.048268	0.003054	0.878039	0.001361	0.000000	0.000000	0.000000
229	0.066964	0.000661	0.047172	0.003075	0.880791	0.001337	0.000000	0.000000	0.000000
230	0.065510	0.000628	0.046154	0.003028	0.883314	0.001366	0.000000	0.000000	0.000000
231	0.063908	0.000605	0.045251	0.003031	0.885829	0.001376	0.000000	0.000000	0.000000
232	0.062523	0.000596	0.044289	0.003052	0.888198	0.001342	0.000000	0.000000	0.000000
233	0.060943	0.000585	0.043479	0.003012	0.890632	0.001349	0.000000	0.000000	0.000000
234	0.059595	0.000548	0.042418	0.002995	0.893093	0.001351	0.000000	0.000000	0.000000
235	0.058074	0.000544	0.041405	0.003071	0.895479	0.001427	0.000000	0.000000	0.000000
236	0.056983	0.000525	0.040502	0.003138	0.897373	0.001479	0.000000	0.000000	0.000000
237	0.055874	0.000494	0.039362	0.003163	0.899619	0.001488	0.000000	0.000000	0.000000
238	0.054471	0.000490	0.038209	0.003200	0.902140	0.001490	0.000000	0.000000	0.000000
239	0.053277	0.000484	0.037418	0.003151	0.904227	0.001443	0.000000	0.000000	0.000000
240	0.051880	0.000477	0.036498	0.003115	0.906511	0.001519	0.000000	0.000000	0.000000
241	0.050360	0.000459	0.035715	0.003118	0.908824	0.001524	0.000000	0.000000	0.000000
242	0.048990	0.000428	0.035028	0.003120	0.910883	0.001551	0.000000	0.000000	0.000000
243	0.047985	0.000411	0.034130	0.003158	0.912748	0.001568	0.000000	0.000000	0.000000
244	0.046858	0.000384	0.033301	0.003167	0.914714	0.001576	0.000000	0.000000	0.000000
245	0.045713	0.000330	0.032411	0.003132	0.916864	0.001550	0.000000	0.000000	0.000000
246	0.044563	0.000321	0.031583	0.003191	0.918755	0.001587	0.000000	0.000000	0.000000
247	0.043270	0.000289	0.030873	0.003210	0.920711	0.001647	0.000000	0.000000	0.000000
248	0.041952	0.000287	0.030301	0.003209	0.922653	0.001598	0.000000	0.000000	0.000000
249	0.040641	0.000258	0.029644	0.003176	0.924620	0.001661	0.000000	0.000000	0.000000
250	0.039742	0.000248	0.028973	0.003168	0.926229	0.001640	0.000000	0.000000	0.000000
251	0.038578	0.000245	0.028328	0.003149	0.928054	0.001646	0.000000	0.000000	0.000000
252	0.037427	0.000204	0.027662	0.003174	0.929932	0.001601	0.000000	0.000000	0.000000
253	0.036485	0.000214	0.026898	0.003106	0.931685	0.001612	0.000000	0.000000	0.000000
254	0.035629	0.000178	0.026238	0.003150	0.933203	0.001602	0.000000	0.000000	0.000000
255	0.034989	0.000173	0.025613	0.003219	0.934362	0.001644	0.000000	0.000000	0.000000
256	0.034061	0.000177	0.025030	0.003224	0.935936	0.001572	0.000000	0.000000	0.000000
257	0.033144	0.000181	0.024373	0.003197	0.937514	0.001591	0.000000	0.000000	0.000000
258	0.032402	0.000184	0.023738	0.003292	0.938771	0.001613	0.000000	0.000000	0.000000
259	0.031519	0.000170	0.023208	0.003239	0.940271	0.001593	0.000000	0.000000	0.000000
260	0.030636	0.000174	0.022636	0.003240	0.941723	0.001591	0.000000	0.000000	0.000000
261	0.029993	0.000153	0.022009	0.003323	0.942934	0.001588	0.000000	0.000000	0.000000
262	0.029159	0.000129	0.021531	0.003351	0.944256	0.001574	0.000000	0.000000	0.000000
263	0.028246	0.000123	0.020922	0.003335	0.945840	0.001534	0.000000	0.000000	0.000000
264	0.027419	0.000113	0.020559	0.003352	0.946929	0.001628	0.000000	0.000000	0.000000
265	0.026746	0.000097	0.020020	0.003281	0.948231	0.001625	0.000000	0.000000	0.000000
266	0.026120	0.000096	0.019539	0.003265	0.949349	0.001631	0.000000	0.000000	0.000000
267	0.025359	0.000084	0.019000	0.003283	0.950659	0.001615	0.000000	0.000000	0.000000
268	0.024509	0.000075	0.018524	0.003179	0.952135	0.001578	0.000000	0.000000	0.000000
269	0.023694	0.000054	0.018114	0.003183	0.953349	0.001606	0.000000	0.000000	0.000000
270	0.023325	0.000044	0.017529	0.003173	0.954294	0.001635	0.000000	0.000000	0.000000
271	0.022649	0.000040	0.017115	0.003207	0.955359	0.001630	0.000000	0.000000	0.000000
272	0.022188	0.000037	0.016472	0.003255	0.956465	0.001583	0.000000	0.000000	0.000000
273	0.021512	0.000025	0.015981	0.003152	0.957699	0.001631	0.000000	0.000000	0.000000
274	0.020916	0.000031	0.015614	0.003115	0.958677	0.001647	0.000000	0.000000	0.000000
275	0.020330	0.000032	0.015062	0.003081	0.959886	0.001609	0.000000	0.000000	0.000000
276	0.019828	0.000035	0.014502	0.003020	0.961080	0.001535	0.000000	0.000000	0.000000
277	0.019250	0.000026	0.014009	0.002999	0.962140	0.001576	0.000000	0.000000	0.000000
278	0.018890	0.000038	0.013586	0.003077	0.962847	0.001562	0.000000	0.000000	0.000000
279	0.018320	0.000030	0.013098	0.003082	0.963913	0.001557	0.000000	0.000000	0.000000
280	0.017886	0.000030	0.012551	0.003113	0.964836	0.001584	0.000000	0.000000	0.000000
281	0.017486	0.000033	0.012207	0.003127	0.965536	0.001611	0.000000	0.000000	0.000000
282	0.017008	0.000033	0.011816	0.003166	0.966344	0.001633	0.000000	0.000000	0.000000
283	0.016341	0.000032	0.011442	0.003146	0.967459	0.001580	0.000000	0.000000	0.000000
284	0.015994	0.000026	0.011226	0.003168	0.968016	0.001570	0.000000	0.000000	0.000000
285	0.015540	0.000030	0.010809	0.003131	0.968907	0.001583	0.000000	0.000000	0.000000
286	0.015095	0.000023	0.010475	0.003184	0.969657	0.001566	0.000000	0.000000	0.000000
287	0.014510	0.000026	0.010090	0.003158	0.970669	0.001547	0.000000	0.000000	0.000000
288	0.014056	0.000016	0.009723	0.003169	0.971448	0.001588	0.000000	0.000000	0.000000
289	0.013632	0.000014	0.009339	0.003163	0.972306	0.001546	0.000000	0.000000	0.000000
290	0.013229	0.000014	0.009106	0.003146	0.972933	0.001572	0.000000	0.000000	0.000000
291	0.012857	0.000017	0.008763	0.003151	0.973682	0.001530	0.000000	0.000000	0.000000
292	0.012549	0.000010	0.008564	0.003125	0.974250	0.001502	0.000000	0.000000	0.000000
293	0.012018	0.000013	0.008257	0.003114	0.975109	0.001489	0.000000	0.000000	0.000000
294	0.011566	0.000009	0.007973	0.003085	0.975876	0.001491	0.000000	0.000000	0.000000
295	0.011240	0.000011	0.007680	0.003099	0.976452	0.001518	0.000000	0.000000	0.000000
296	0.010739	0.000016	0.007420	0.003070	0.977219	0.001536	0.000000	0.000000	0.000000
297	0.010373	0.000014	0.007240	0.003068	0.977786	0.001519	0.000000	0.000000	0.000000
298	0.010082	0.000011	0.006841	0.003056	0.978518	0.001492	0.000000	0.000000	0.000000
299	0.009729	0.000003	0.006585	0.003097	0.979093	0.001493	0.000000	0.000000	0.000000
300	0.009323	0.000002	0.006471	0.003089	0.979650	0.001465	0.000000	0.000000	0.000000
301	0.008860	0.000001	0.006193	0.003058	0.980402	0.001486	0.000000	0.000000	0.000000
302	0.008640	0.000000	0.006029	0.003118	0.980741	0.001472	0.000000	0.000000	0.000000
303	0.008236	0.000000	0.005874	0.003064	0.981324	0.001502	0.000000	0.000000	0.000000
304	0.007991	0.000000	0.005674	0.003122	0.981720	0.001493	0.000000	0.000000	0.000000
305	0.007625	0.000000	0.005471	0.003146	0.982235	0.001523	0.000000	0.000000	0.000000
306	0.007401	0.000000	0.005324	0.003193	0.982599	0.001483	0.000000	0.000000	0.000000
307	0.007147	0.000000	0.005046	0.003215	0.983066	0.001526	0.000000	0.000000	0.000000
308	0.006938	0.000000	0.004882	0.003212	0.983468	0.001500	0.000000	0.000000	0.000000
309	0.006766	0.000000	0.004723	0.003224	0.983804	0.001483	0.000000	0.000000	0.000000
310	0.006442	0.000000	0.004524	0.003259	0.984260	0.001515	0.000000	0.000000	0.000000
311	0.006200	0.000000	0.004406	0.003273	0.984620	0.001501	0.000000	0.000000	0.000000
312	0.005906	0.000000	0.004304	0.003219	0.985062	0.001509	0.000000	0.000000	0.000000
313	0.005734	0.000000	0.004186	0.003205	0.985325	0.001550	0.000000	0.000000	0.000000
314	0.005556	0.000000	0.003971	0.003181	0.985718	0.001574	0.000000	0.000000	0.000000
315	0.005383	0.000000	0.003814	0.003166	0.986065	0.001572	0.000000	0.000000	0.000000
316	0.005151	0.000000	0.003658	0.003248	0.986404	0.001539	0.000000	0.000000	0.000000
317	0.005013	0.000000	0.003506	0.003326	0.986594	0.001561	0.000000	0.000000	0.000000
318	0.004802	0.000000	0.003437	0.003333	0.986852	0.001576	0.000000	0.000000	0.000000
319	0.004613	0.000000	0.003349	0.003346	0.987178	0.001514	0.000000	0.000000	0.000000
320	0.004403	0.000000	0.003262	0.003344	0.987496	0.001495	0.000000	0.000000	0.000000
321	0.004240	0.000000	0.003077	0.003328	0.987802	0.001553	0.000000	0.000000	0.000000
322	0.004113	0.000000	0.002915	0.003356	0.988096	0.001520	0.000000	0.000000	0.000000
323	0.003971	0.000000	0.002876	0.003423	0.988223	0.001507	0.000000	0.000000	0.000000
324	0.003858	0.000000	0.002724	0.003375	0.988555	0.001488	0.000000	0.000000	0.000000
325	0.003678	0.000000	0.002631	0.003402	0.988810	0.001479	0.000000	0.000000	0.000000
326	0.003553	0.000000	0.002541	0.003402	0.989024	0.001480	0.000000	0.000000	0.000000
327	0.003352	0.000000	0.002449	0.003448	0.989303	0.001448	0.000000	0.000000	0.000000
328	0.003272	0.000000	0.002339	0.003463	0.989478	0.001448	0.000000	0.000000	0.000000
329	0.003151	0.000000	0.002216	0.003424	0.989762	0.001447	0.000000	0.000000	0.000000
330	0.003086	0.000000	0.002103	0.003450	0.989932	0.001429	0.000000	0.000000	0.000000
331	0.003023	0.000000	0.002003	0.003458	0.990003	0.001513	0.000000	0.000000	0.000000
332	0.002916	0.000000	0.001891	0.003479	0.990153	0.001561	0.000000	0.000000	0.000000
333	0.002736	0.000000	0.001860	0.003518	0.990326	0.001560	0.000000	0.000000	0.000000
334	0.002609	0.000000	0.001760	0.003509	0.990571	0.001551	0.000000	0.000000	0.000000
335	0.002535	0.000000	0.001673	0.003557	0.990656	0.001579	0.000000	0.000000	0.000000
336	0.002462	0.000000	0.001597	0.003551	0.990776	0.001614	0.000000	0.000000	0.000000
337	0.002358	0.000000	0.001537	0.003604	0.990942	0.001559	0.000000	0.000000	0.000000
338	0.002258	0.000000	0.001519	0.003588	0.991058	0.001577	0.000000	0.000000	0.000000
339	0.002147	0.000000	0.001483	0.003658	0.991110	0.001602	0.000000	0.000000	0.000000
340	0.002102	0.000000	0.001429	0.003616	0.991213	0.001640	0.000000	0.000000	0.000000
341	0.002034	0.000000	0.001377	0.003652	0.991305	0.001632	0.000000	0.000000	0.000000
342	0.001935	0.000000	0.001333	0.003662	0.991454	0.001616	0.000000	0.000000	0.000000
343	0.001843	0.000000	0.001253	0.003650	0.991597	0.001657	0.000000	0.000000	0.000000
344	0.001781	0.000000	0.001181	0.003700	0.991665	0.001673	0.000000	0.000000	0.000000
345	0.001676	0.000000	0.001156	0.003689	0.991771	0.001708	0.000000	0.000000	0.000000
346	0.001586	0.000000	0.001143	0.003576	0.991953	0.001742	0.000000	0.000000	0.000000
347	0.001494	0.000000	0.001091	0.003585	0.992106	0.001724	0.000000	0.000000	0.000000
348	0.001380	0.000000	0.001064	0.003567	0.992256	0.001733	0.000000	0.000000	0.000000
349	0.001340	0.000000	0.001019	0.003592	0.992324	0.001725	0.000000	0.000000	0.000000
350	0.001254	0.000000	0.000970	0.003563	0.992437	0.001776	0.000000	0.000000	0.000000
351	0.001169	0.000000	0.000909	0.003579	0.992561	0.001782	0.000000	0.000000	0.000000
352	0.001142	0.000000	0.000840	0.003571	0.992631	0.001816	0.000000	0.000000	0.000000
353	0.001103	0.000000	0.000811	0.003529	0.992788	0.001769	0.000000	0.000000	0.000000
354	0.001034	0.000000	0.000792	0.003553	0.992853	0.001768	0.000000	0.000000	0.000000
355	0.000944	0.000000	0.000739	0.003541	0.993009	0.001767	0.000000	0.000000	0.000000
356	0.000910	0.000000	0.000693	0.003443	0.993179	0.001775	0.000000	0.000000	0.000000
357	0.000868	0.000000	0.000655	0.003501	0.993123	0.001853	0.000000	0.000000	0.000000
358	0.000808	0.000000	0.000597	0.003538	0.993251	0.001806	0.000000	0.000000	0.000000
359	0.000732	0.000000	0.000572	0.003616	0.993266	0.001814	0.000000	0.000000	0.000000
360	0.000698	0.000000	0.000551	0.003642	0.993302	0.001807	0.000000	0.000000	0.000000
361	0.000661	0.000000	0.000548	0.003608	0.993338	0.001845	0.000000	0.000000	0.000000
362	0.000630	0.000000	0.000528	0.003580	0.993432	0.001830	0.000000	0.000000	0.000000
363	0.000621	0.000000	0.000497	0.003641	0.993430	0.001811	0.000000	0.000000	0.000000
364	0.000603	0.000000	0.000471	0.003649	0.993496	0.001781	0.000000	0.000000	0.000000
365	0.000576	0.000000	0.000454	0.003676	0.993531	0.001763	0.000000	0.000000	0.000000
366	0.000569	0.000000	0.000431	0.003664	0.993590	0.001746	0.000000	0.000000	0.000000
367	0.000522	0.000000	0.000417	0.003647	0.993698	0.001716	0.000000	0.000000	0.000000
368	0.000501	0.000000	0.000413	0.003673	0.993681	0.001732	0.000000	0.000000	0.000000
369	0.000466	0.000000	0.000372	0.003644	0.993729	0.001789	0.000000	0.000000	0.000000
370	0.000448	0.000000	0.000348	0.003597	0.993855	0.001752	0.000000	0.000000	0.000000
371	0.000440	0.000000	0.000322	0.003588	0.993888	0.001762	0.000000	0.000000	0.000000
372	0.000442	0.000000	0.000311	0.003601	0.993849	0.001797	0.000000	0.000000	0.000000
373	0.000398	0.000000	0.000310	0.003664	0.993781	0.001847	0.000000	0.000000	0.000000
374	0.000353	0.000000	0.000313	0.003685	0.993806	0.001843	0.000000	0.000000	0.000000
375	0.000351	0.000000	0.000303	0.003673	0.993834	0.001839	0.000000	0.000000	0.000000
376	0.000340	0.000000	0.000294	0.003618	0.993928	0.001820	0.000000	0.000000	0.000000
377	0.000319	0.000000	0.000289	0.003541	0.994032	0.001819	0.000000	0.000000	0.000000
378	0.000305	0.000000	0.000280	0.003584	0.994037	0.001794	0.000000	0.000000	0.000000
379	0.000284	0.000000	0.000270	0.003609	0.994026	0.001811	0.000000	0.000000	0.000000
380	0.000273	0.000000	0.000241	0.003595	0.994024	0.001867	0.000000	0.000000	0.000000
381	0.000266	0.000000	0.000234	0.003591	0.994027	0.001882	0.000000	0.000000	0.000000
382	0.000255	0.000000	0.000222	0.003594	0.994038	0.001891	0.000000	0.000000	0.000000
383	0.000253	0.000000	0.000204	0.003606	0.993967	0.001970	0.000000	0.000000	0.000000
384	0.000216	0.000000	0.000190	0.003567	0.994080	0.001947	0.000000	0.000000	0.000000
385	0.000205	0.000000	0.000170	0.003510	0.994202	0.001913	0.000000	0.000000	0.000000
386	0.000194	0.000000	0.000164	0.003569	0.994168	0.001905	0.000000	0.000000	0.000000
387	0.000173	0.000000	0.000138	0.003562	0.994207	0.001920	0.000000	0.000000	0.000000
388	0.000169	0.000000	0.000132	0.003545	0.994259	0.001895	0.000000	0.000000	0.000000
389	0.000161	0.000000	0.000111	0.003599	0.994244	0.001885	0.000000	0.000000	0.000000
390	0.000154	0.000000	0.000093	0.003600	0.994248	0.001905	0.000000	0.000000	0.000000
391	0.000150	0.000000	0.000090	0.003567	0.994245	0.001948	0.000000	0.000000	0.000000
392	0.000144	0.000000	0.000088	0.003551	0.994283	0.001934	0.000000	0.000000	0.000000
393	0.000132	0.000000	0.000087	0.003525	0.994273	0.001983	0.000000	0.000000	0.000000
394	0.000109	0.000000	0.000085	0.003458	0.994402	0.001946	0.000000	0.000000	0.000000
395	0.000077	0.000000	0.000065	0.003475	0.994409	0.001974	0.000000	0.000000	0.000000
396	0.000061	0.000000	0.000068	0.003450	0.994445	0.001976	0.000000	0.000000	0.000000
397	0.000059	0.000000	0.000055	0.003429	0.994469	0.001988	0.000000	0.000000	0.000000
398	0.000051	0.000000	0.000056	0.003414	0.994506	0.001973	0.000000	0.000000	0.000000
399	0.000054	0.000000	0.000053	0.003481	0.994459	0.001953	0.000000	0.000000	0.000000
400	0.000043	0.000000	0.000049	0.003443	0.994540	0.001925	0.000000	0.000000	0.000000
401	0.000035	0.000000	0.000044	0.003479	0.994444	0.001998	0.000000	0.000000	0.000000
402	0.000030	0.000000	0.000050	0.003446	0.994472	0.002002	0.000000	0.000000	0.000000
403	0.000021	0.000000	0.000045	0.003391	0.994493	0.002050	0.000000	0.000000	0.000000
404	0.000021	0.000000	0.000055	0.003416	0.994465	0.002043	0.000000	0.000000	0.000000
405	0.000017	0.000000	0.000056	0.003408	0.994444	0.002075	0.000000	0.000000	0.000000
406	0.000024	0.000000	0.000063	0.003440	0.994416	0.002057	0.000000	0.000000	0.000000
407	0.000020	0.000000	0.000057	0.003384	0.994492	0.002047	0.000000	0.000000	0.000000
408	0.000019	0.000000	0.000048	0.003391	0.994504	0.002038	0.000000	0.000000	0.000000
409	0.000017	0.000000	0.000049	0.003421	0.994466	0.002047	0.000000	0.000000	0.000000
410	0.000019	0.000000	0.000038	0.003458	0.994464	0.002021	0.000000	0.000000	0.000000
411	0.000013	0.000000	0.000036	0.003446	0.994469	0.002036	0.000000	0.000000	0.000000
412	0.000008	0.000000	0.000032	0.003535	0.994357	0.002068	0.000000	0.000000	0.000000
413	0.000007	0.000000	0.000030	0.003553	0.994313	0.002097	0.000000	0.000000	0.000000
414	0.000005	0.000000	0.000036	0.003545	0.994380	0.002034	0.000000	0.000000	0.000000
415	0.000006	0.000000	0.000033	0.003522	0.994464	0.001975	0.000000	0.000000	0.000000
416	0.000003	0.000000	0.000033	0.003478	0.994525	0.001961	0.000000	0.000000	0.000000
417	0.000003	0.000000	0.000031	0.003458	0.994576	0.001932	0.000000	0.000000	0.000000
418	0.000004	0.000000	0.000023	0.003519	0.994519	0.001935	0.000000	0.000000	0.000000
419	0.000005	0.000000	0.000026	0.003571	0.994474	0.001924	0.000000	0.000000	0.000000
420	0.000006	0.000000	0.000017	0.003512	0.994532	0.001933	0.000000	0.000000	0.000000
421	0.000005	0.000000	0.000017	0.003474	0.994595	0.001909	0.000000	0.000000	0.000000
422	0.000004	0.000000	0.000016	0.003498	0.994608	0.001874	0.000000	0.000000	0.000000
423	0.000002	0.000000	0.000011	0.003496	0.994617	0.001874	0.000000	0.000000	0.000000
424	0.000002	0.000000	0.000007	0.003535	0.994606	0.001850	0.000000	0.000000	0.000000
425	0.000003	0.000000	0.000007	0.003534	0.994588	0.001868	0.000000	0.000000	0.000000
426	0.000004	0.000000	0.000005	0.003506	0.994628	0.001857	0.000000	0.000000	0.000000
427	0.000000	0.000000	0.000006	0.003442	0.994731	0.001821	0.000000	0.000000	0.000000
428	0.000000	0.000000	0.000005	0.003403	0.994800	0.001792	0.000000	0.000000	0.000000
429	0.000000	0.000000	0.000003	0.003404	0.994835	0.001758	0.000000	0.000000	0.000000
430	0.000000	0.000000	0.000002	0.003386	0.994849	0.001763	0.000000	0.000000	0.000000
431	0.000000	0.000000	0.000004	0.003357	0.994868	0.001771	0.000000	0.000000	0.000000
432	0.000000	0.000000	0.000002	0.003312	0.994967	0.001719	0.000000	0.000000	0.000000
433	0.000000	0.000000	0.000002	0.003371	0.994898	0.001729	0.000000	0.000000	0.000000
434	0.000000	0.000000	0.000004	0.003323	0.995017	0.001656	0.000000	0.000000	0.000000
435	0.000000	0.000000	0.000004	0.003396	0.994965	0.001635	0.000000	0.000000	0.000000
436	0.000000	0.000000	0.000005	0.003382	0.994937	0.001676	0.000000	0.000000	0.000000
437	0.000000	0.000000	0.000003	0.003361	0.994983	0.001653	0.000000	0.000000	0.000000
438	0.000000	0.000000	0.000003	0.003380	0.994928	0.001689	0.000000	0.000000	0.000000
439	0.000000	0.000000	0.000006	0.003440	0.994904	0.001650	0.000000	0.000000	0.000000
440	0.000000	0.000000	0.000006	0.003409	0.994889	0.001696	0.000000	0.000000	0.000000
441	0.000000	0.000000	0.000004	0.003484	0.994835	0.001677	0.000000	0.000000	0.000000
442	0.000000	0.000000	0.000002	0.003493	0.994806	0.001699	0.000000	0.000000	0.000000
443	0.000000	0.000000	0.000002	0.003472	0.994818	0.001708	0.000000	0.000000	0.000000
444	0.000000	0.000000	0.000002	0.003472	0.994886	0.001640	0.000000	0.000000	0.000000
445	0.000000	0.000000	0.000000	0.003456	0.994866	0.001678	0.000000	0.000000	0.000000
446	0.000000	0.000000	0.000000	0.003437	0.994922	0.001641	0.000000	0.000000	0.000000
447	0.000000	0.000000	0.000000	0.003388	0.994970	0.001642	0.000000	0.000000	0.000000
448	0.000000	0.000000	0.000000	0.003370	0.995005	0.001625	0.000000	0.000000	0.000000
449	0.000000	0.000000	0.000000	0.003400	0.994962	0.001638	0.000000	0.000000	0.000000
450	0.000000	0.000000	0.000000	0.003340	0.995049	0.001611	0.000000	0.000000	0.000000
451	0.000000	0.000000	0.000000	0.003406	0.994981	0.001613	0.000000	0.000000	0.000000
452	0.000000	0.000000	0.000000	0.003414	0.994992	0.001594	0.000000	0.000000	0.000000
453	0.000000	0.000000	0.000000	0.003455	0.994943	0.001602	0.000000	0.000000	0.000000
454	0.000000	0.000000	0.000000	0.003405	0.994969	0.001626	0.000000	0.000000	0.000000
455	0.000000	0.000000	0.000000	0.003402	0.994991	0.001607	0.000000	0.000000	0.000000
456	0.000000	0.000000	0.000000	0.003324	0.995077	0.001599	0.000000	0.000000	0.000000
457	0.000000	0.000000	0.000000	0.003384	0.994999	0.001617	0.000000	0.000000	0.000000
458	0.000000	0.000000	0.000000	0.003392	0.994977	0.001631	0.000000	0.000000	0.000000
459	0.000000	0.000000	0.000000	0.003401	0.994968	0.001631	0.000000	0.000000	0.000000
460	0.000000	0.000000	0.000000	0.003420	0.994943	0.001637	0.000000	0.000000	0.000000
461	0.000000	0.000000	0.000000	0.003424	0.994880	0.001696	0.000000	0.000000	0.000000
462	0.000000	0.000000	0.000000	0.003410	0.994913	0.001677	0.000000	0.000000	0.000000
463	0.000000	0.000000	0.000000	0.003410	0.994898	0.001692	0.000000	0.000000	0.000000
464	0.000000	0.000000	0.000000	0.003387	0.994918	0.001695	0.000000	0.000000	0.000000
465	0.000000	0.000000	0.000000	0.003362	0.994942	0.001696	0.000000	0.000000	0.000000
466	0.000000	0.000000	0.000000	0.003403	0.994883	0.001714	0.000000	0.000000	0.000000
467	0.000000	0.000000	0.000000	0.003348	0.994885	0.001767	0.000000	0.000000	0.000000
468	0.000000	0.000000	0.000000	0.003395	0.994894	0.001711	0.000000	0.000000	0.000000
469	0.000000	0.000000	0.000000	0.003372	0.994920	0.001708	0.000000	0.000000	0.000000
470	0.000000	0.000000	0.000000	0.003361	0.994934	0.001705	0.000000	0.000000	0.000000
