0	0.290663	0.057897	0.229473	0.157588	0.029913	0.111872	0.085455	0.012259	0.024880
1	0.233040	0.048334	0.201110	0.141492	0.029098	0.120894	0.115161	0.022414	0.088457
2	0.233960	0.048026	0.201769	0.137963	0.029351	0.118619	0.112788	0.021973	0.095551
3	0.240955	0.048792	0.203975	0.135199	0.029598	0.115177	0.107379	0.020950	0.097975
4	0.249085	0.049770	0.205980	0.132847	0.030158	0.110804	0.102295	0.019762	0.099299
5	0.258128	0.050482	0.208072	0.129879	0.030863	0.106504	0.096593	0.018703	0.100776
6	0.267148	0.051275	0.210031	0.127069	0.031286	0.102488	0.091017	0.017480	0.102206
7	0.275497	0.052017	0.211960	0.124324	0.031640	0.098164	0.086162	0.016549	0.103687
8	0.284660	0.052681	0.213699	0.121577	0.032191	0.093647	0.081541	0.015493	0.104511
9	0.293486	0.053017	0.214829	0.118420	0.032902	0.090080	0.076713	0.014505	0.106048
10	0.302113	0.053525	0.215582	0.115888	0.033545	0.086173	0.072470	0.013396	0.107308
11	0.310705	0.053877	0.216065	0.113092	0.034352	0.082346	0.068717	0.012530	0.108316
12	0.319026	0.054401	0.216901	0.110774	0.034855	0.078501	0.064622	0.011603	0.109317
13	0.327599	0.054793	0.217786	0.107992	0.035519	0.074877	0.060564	0.010755	0.110115
14	0.335617	0.055389	0.218049	0.105114	0.036103	0.071262	0.057214	0.010171	0.111081
15	0.343316	0.055474	0.218269	0.102569	0.036745	0.068049	0.053725	0.009464	0.112389
16	0.351079	0.055807	0.217585	0.099935	0.037312	0.064944	0.050551	0.008995	0.113792
17	0.358907	0.055912	0.217567	0.097167	0.038127	0.062186	0.047446	0.008226	0.114462
18	0.366600	0.055996	0.216670	0.094338	0.038978	0.059607	0.044773	0.007656	0.115382
19	0.373946	0.056505	0.216654	0.091558	0.039620	0.056693	0.042277	0.007236	0.115511
20	0.380857	0.056558	0.216538	0.088828	0.040401	0.053752	0.039730	0.006764	0.116572
21	0.388075	0.056781	0.215301	0.086149	0.040995	0.051296	0.037457	0.006350	0.117596
22	0.395310	0.056936	0.214569	0.083550	0.042012	0.048488	0.035246	0.005960	0.117929
23	0.401385	0.057033	0.214096	0.080893	0.042823	0.046630	0.033386	0.005576	0.118178
24	0.408550	0.057066	0.213021	0.078449	0.043300	0.044236	0.031433	0.005124	0.118821
25	0.414664	0.057102	0.212340	0.076071	0.044079	0.042162	0.029465	0.004827	0.119290
26	0.421432	0.057045	0.210773	0.073783	0.045050	0.040090	0.027781	0.004512	0.119534
27	0.427591	0.056862	0.209268	0.071784	0.045697	0.038528	0.026280	0.004340	0.119650
28	0.433940	0.056654	0.208290	0.069481	0.046730	0.036424	0.024777	0.004009	0.119695
29	0.439867	0.056600	0.207388	0.066944	0.047559	0.034962	0.023200	0.003801	0.119679
30	0.444586	0.056507	0.206296	0.065257	0.048457	0.033214	0.021920	0.003443	0.120320
31	0.450070	0.056398	0.204707	0.063238	0.049555	0.031662	0.020683	0.003246	0.120441
32	0.455955	0.056213	0.203004	0.061210	0.050221	0.030336	0.019354	0.003120	0.120587
33	0.461157	0.056081	0.201604	0.059309	0.051311	0.029005	0.018314	0.002949	0.120270
34	0.466770	0.055728	0.200300	0.057160	0.052464	0.027407	0.017397	0.002745	0.120029
35	0.471695	0.055194	0.198944	0.055644	0.053332	0.026237	0.016205	0.002584	0.120165
36	0.476646	0.054927	0.197952	0.054118	0.054060	0.024695	0.015373	0.002357	0.119872
37	0.481615	0.054881	0.196073	0.052851	0.055001	0.023505	0.014396	0.002170	0.119508
38	0.487388	0.054454	0.194361	0.050721	0.056033	0.022172	0.013666	0.002034	0.119171
39	0.491907	0.054266	0.192615	0.049189	0.057218	0.021056	0.012786	0.001924	0.119039
40	0.495678	0.053984	0.191247	0.047681	0.058633	0.019976	0.012176	0.001841	0.118784
41	0.499813	0.053767	0.189900	0.046253	0.059899	0.019180	0.011365	0.001700	0.118123
42	0.504009	0.053670	0.187937	0.044827	0.061105	0.018412	0.010807	0.001583	0.117650
43	0.508035	0.053252	0.186202	0.043481	0.062159	0.017517	0.010153	0.001455	0.117746
44	0.512505	0.053343	0.184827	0.042043	0.063423	0.016579	0.009465	0.001336	0.116479
45	0.516446	0.053128	0.182859	0.040676	0.064717	0.015792	0.008857	0.001255	0.116270
46	0.520748	0.052514	0.181551	0.039160	0.066176	0.015004	0.008278	0.001160	0.115409
47	0.524023	0.052353	0.179689	0.038110	0.067591	0.014322	0.007689	0.001120	0.115103
48	0.527783	0.051931	0.177954	0.036945	0.068639	0.013811	0.007211	0.001097	0.114629
49	0.531445	0.051760	0.176574	0.035904	0.069847	0.013388	0.006778	0.001036	0.113268
50	0.534805	0.052004	0.174475	0.034738	0.071497	0.012782	0.006468	0.000980	0.112251
51	0.538573	0.051399	0.172829	0.033676	0.072685	0.012344	0.006072	0.000948	0.111474
52	0.541692	0.051118	0.170896	0.032569	0.074828	0.011773	0.005677	0.000854	0.110593
53	0.544475	0.051021	0.169565	0.031752	0.076166	0.011415	0.005444	0.000835	0.109327
54	0.548239	0.050553	0.167528	0.030901	0.077715	0.010746	0.005050	0.000792	0.108476
55	0.550442	0.050578	0.165766	0.030050	0.079415	0.010346	0.004740	0.000796	0.107867
56	0.554019	0.050249	0.163719	0.029495	0.080913	0.009875	0.004416	0.000745	0.106569
57	0.557259	0.050144	0.162038	0.028543	0.082278	0.009466	0.004106	0.000683	0.105483
58	0.560344	0.049804	0.160392	0.027633	0.084074	0.009067	0.003745	0.000585	0.104356
59	0.563533	0.049388	0.158963	0.026882	0.085503	0.008543	0.003532	0.000564	0.103092
60	0.564783	0.049535	0.157849	0.026179	0.087094	0.008355	0.003250	0.000560	0.102395
61	0.567984	0.049163	0.156036	0.025820	0.088626	0.007954	0.003131	0.000508	0.100778
62	0.570555	0.048835	0.154431	0.025233	0.090326	0.007612	0.002931	0.000472	0.099605
63	0.573508	0.048397	0.152681	0.024525	0.092208	0.007444	0.002777	0.000440	0.098020
64	0.575979	0.048060	0.150905	0.023850	0.094573	0.007103	0.002589	0.000411	0.096530
65	0.578143	0.047724	0.149373	0.023207	0.096591	0.006851	0.002498	0.000377	0.095236
66	0.579930	0.047679	0.148486	0.022556	0.098430	0.006640	0.002353	0.000341	0.093585
67	0.581762	0.047607	0.146596	0.022303	0.100472	0.006448	0.002242	0.000301	0.092269
68	0.583888	0.047610	0.145208	0.021759	0.102284	0.006166	0.002139	0.000296	0.090650
69	0.585623	0.047193	0.144186	0.021421	0.104154	0.005961	0.002068	0.000260	0.089134
70	0.588204	0.046659	0.142885	0.020683	0.106049	0.005783	0.001902	0.000255	0.087580
71	0.589879	0.046239	0.141216	0.020495	0.107922	0.005636	0.001870	0.000246	0.086497
72	0.591235	0.045964	0.140616	0.020030	0.109331	0.005477	0.001798	0.000233	0.085316
73	0.592838	0.045545	0.139011	0.019775	0.111637	0.005341	0.001722	0.000199	0.083932
74	0.594217	0.045149	0.138166	0.019538	0.113659	0.005155	0.001587	0.000169	0.082360
75	0.596152	0.044842	0.136667	0.019044	0.115534	0.005024	0.001503	0.000165	0.081069
76	0.597893	0.044642	0.134968	0.018558	0.117691	0.004834	0.001438	0.000159	0.079817
77	0.599291	0.044399	0.133714	0.017985	0.120006	0.004648	0.001403	0.000152	0.078402
78	0.600391	0.044304	0.132584	0.017655	0.122280	0.004491	0.001291	0.000161	0.076843
79	0.602160	0.043712	0.131400	0.017111	0.124531	0.004319	0.001242	0.000141	0.075384
80	0.603185	0.043488	0.130427	0.016612	0.126903	0.004275	0.001154	0.000129	0.073827
81	0.604269	0.043203	0.129031	0.016424	0.128876	0.004198	0.001100	0.000116	0.072783
82	0.605739	0.043227	0.127605	0.016357	0.131032	0.004033	0.001039	0.000129	0.070839
83	0.606300	0.042743	0.126793	0.016085	0.133575	0.003873	0.000985	0.000099	0.069547
84	0.607391	0.042312	0.125661	0.015915	0.135739	0.003790	0.000936	0.000099	0.068157
85	0.608349	0.041972	0.124545	0.015459	0.138211	0.003615	0.000855	0.000083	0.066911
86	0.608703	0.041808	0.123353	0.015313	0.140739	0.003561	0.000851	0.000083	0.065589
87	0.609381	0.041462	0.122168	0.015022	0.143382	0.003569	0.000761	0.000074	0.064181
88	0.609861	0.041536	0.120795	0.014710	0.146077	0.003485	0.000717	0.000064	0.062755
89	0.610322	0.041272	0.119611	0.014521	0.148639	0.003417	0.000647	0.000067	0.061504
90	0.610306	0.040749	0.118779	0.014332	0.151500	0.003349	0.000603	0.000058	0.060324
91	0.610699	0.040385	0.118127	0.014104	0.153774	0.003222	0.000542	0.000055	0.059092
92	0.610764	0.039901	0.116934	0.013989	0.156924	0.003229	0.000523	0.000050	0.057686
93	0.611237	0.039622	0.115656	0.013841	0.159734	0.003140	0.000485	0.000052	0.056233
94	0.611078	0.039241	0.114783	0.013694	0.162502	0.003088	0.000458	0.000040	0.055116
95	0.611205	0.038568	0.114073	0.013514	0.165403	0.003018	0.000445	0.000039	0.053735
96	0.611669	0.038384	0.113158	0.013317	0.167933	0.002930	0.000340	0.000038	0.052231
97	0.611411	0.037959	0.112573	0.013011	0.170873	0.002947	0.000358	0.000030	0.050838
98	0.612373	0.037253	0.111169	0.012723	0.173590	0.002850	0.000319	0.000018	0.049705
99	0.612479	0.036878	0.110039	0.012571	0.176519	0.002741	0.000309	0.000018	0.048446
100	0.612385	0.036297	0.108974	0.012380	0.179676	0.002697	0.000304	0.000017	0.047270
101	0.612281	0.035913	0.108291	0.012269	0.182328	0.002572	0.000276	0.000012	0.046058
102	0.611752	0.035629	0.107547	0.012060	0.185311	0.002536	0.000262	0.000008	0.044895
103	0.611451	0.035412	0.106494	0.011899	0.188427	0.002526	0.000251	0.000006	0.043534
104	0.611388	0.034997	0.105403	0.011901	0.191321	0.002481	0.000247	0.000005	0.042257
105	0.611238	0.034747	0.104363	0.011692	0.194139	0.002486	0.000236	0.000003	0.041096
106	0.610691	0.034512	0.103434	0.011648	0.197195	0.002455	0.000209	0.000004	0.039852
107	0.609943	0.034076	0.103039	0.011577	0.200089	0.002375	0.000210	0.000003	0.038688
108	0.608770	0.034036	0.102632	0.011433	0.203069	0.002262	0.000197	0.000002	0.037599
109	0.607583	0.033775	0.101987	0.011136	0.206189	0.002321	0.000179	0.000000	0.036830
110	0.606389	0.033441	0.101429	0.011091	0.209625	0.002203	0.000164	0.000000	0.035658
111	0.605927	0.033255	0.100172	0.011067	0.212597	0.002167	0.000167	0.000000	0.034648
112	0.604513	0.032847	0.099739	0.010870	0.216045	0.002174	0.000136	0.000000	0.033676
113	0.603951	0.032489	0.098881	0.010652	0.219180	0.002064	0.000127	0.000000	0.032656
114	0.602350	0.032181	0.098420	0.010435	0.222698	0.002069	0.000126	0.000000	0.031721
115	0.600694	0.031857	0.097948	0.010241	0.226354	0.002065	0.000097	0.000000	0.030744
116	0.599575	0.031600	0.097050	0.009977	0.229646	0.002037	0.000109	0.000000	0.030006
117	0.598413	0.031078	0.096204	0.009776	0.233323	0.002105	0.000100	0.000000	0.029001
118	0.597440	0.030842	0.095604	0.009677	0.236128	0.002011	0.000100	0.000000	0.028198
119	0.595998	0.030324	0.095236	0.009634	0.239221	0.001948	0.000076	0.000000	0.027563
120	0.594474	0.029984	0.094609	0.009692	0.242562	0.001915	0.000077	0.000000	0.026687
121	0.593036	0.029616	0.093732	0.009580	0.246292	0.001959	0.000076	0.000000	0.025709
122	0.591797	0.029362	0.092898	0.009636	0.249333	0.001978	0.000069	0.000000	0.024927
123	0.589937	0.029135	0.092598	0.009477	0.252792	0.001959	0.000066	0.000000	0.024036
124	0.588116	0.028820	0.092225	0.009392	0.256302	0.001849	0.000070	0.000000	0.023226
125	0.586521	0.028857	0.091445	0.009381	0.259385	0.001901	0.000068	0.000000	0.022442
126	0.584334	0.028379	0.091101	0.009223	0.263404	0.001842	0.000049	0.000000	0.021668
127	0.582741	0.028060	0.090467	0.009131	0.266615	0.001838	0.000053	0.000000	0.021095
128	0.580727	0.027615	0.089616	0.009053	0.270720	0.001761	0.000040	0.000000	0.020468
129	0.578943	0.027113	0.089552	0.008905	0.274018	0.001698	0.000038	0.000000	0.019733
130	0.577825	0.026799	0.088368	0.008794	0.277388	0.001677	0.000038	0.000000	0.019111
131	0.575227	0.026461	0.087949	0.008631	0.281392	0.001700	0.000038	0.000000	0.018602
132	0.573832	0.026332	0.087146	0.008589	0.284631	0.001673	0.000040	0.000000	0.017757
133	0.571665	0.026073	0.086398	0.008553	0.288506	0.001630	0.000040	0.000000	0.017135
134	0.569888	0.025662	0.085789	0.008545	0.291799	0.001666	0.000037	0.000000	0.016614
135	0.568501	0.025259	0.084523	0.008416	0.295537	0.001642	0.000040	0.000000	0.016082
136	0.566655	0.024837	0.084035	0.008390	0.298942	0.001541	0.000020	0.000000	0.015580
137	0.564865	0.024622	0.083083	0.008328	0.302334	0.001582	0.000029	0.000000	0.015157
138	0.562143	0.024537	0.082702	0.008379	0.305936	0.001513	0.000031	0.000000	0.014759
139	0.559772	0.024063	0.082172	0.008310	0.310021	0.001505	0.000032	0.000000	0.014125
140	0.557420	0.023560	0.081421	0.008199	0.314288	0.001473	0.000019	0.000000	0.013620
141	0.555063	0.023365	0.080870	0.008099	0.317921	0.001532	0.000021	0.000000	0.013129
142	0.552694	0.023167	0.080049	0.008011	0.321738	0.001530	0.000015	0.000000	0.012796
143	0.551043	0.022845	0.079199	0.007920	0.325227	0.001524	0.000014	0.000000	0.012228
144	0.547950	0.022496	0.079129	0.007919	0.329293	0.001497	0.000011	0.000000	0.011705
145	0.545087	0.022191	0.078571	0.007889	0.333437	0.001549	0.000012	0.000000	0.011264
146	0.542776	0.021720	0.078051	0.007832	0.337173	0.001548	0.000009	0.000000	0.010891
147	0.539761	0.021495	0.077372	0.007769	0.341328	0.001559	0.000005	0.000000	0.010711
148	0.536811	0.021157	0.077268	0.007739	0.345172	0.001546	0.000004	0.000000	0.010303
149	0.534647	0.020748	0.076668	0.007650	0.348893	0.001485	0.000006	0.000000	0.009903
150	0.531613	0.020681	0.076134	0.007448	0.353209	0.001409	0.000009	0.000000	0.009497
151	0.529105	0.020392	0.075585	0.007420	0.356852	0.001448	0.000010	0.000000	0.009188
152	0.526562	0.020038	0.074709	0.007368	0.360943	0.001449	0.000006	0.000000	0.008925
153	0.523251	0.019923	0.074321	0.007272	0.365121	0.001448	0.000007	0.000000	0.008657
154	0.520631	0.019461	0.073972	0.007360	0.368787	0.001418	0.000005	0.000000	0.008366
155	0.517506	0.019324	0.073484	0.007418	0.372796	0.001359	0.000003	0.000000	0.008110
156	0.514505	0.019001	0.073329	0.007343	0.376561	0.001346	0.000007	0.000000	0.007908
157	0.512015	0.018807	0.072379	0.007178	0.380626	0.001369	0.000006	0.000000	0.007620
158	0.509314	0.018560	0.072062	0.007272	0.384111	0.001358	0.000005	0.000000	0.007318
159	0.506045	0.018299	0.071521	0.007130	0.388531	0.001351	0.000009	0.000000	0.007114
160	0.503263	0.017968	0.070844	0.007075	0.392570	0.001385	0.000004	0.000000	0.006891
161	0.500246	0.017600	0.070309	0.006999	0.396826	0.001386	0.000003	0.000000	0.006631
162	0.497349	0.017542	0.069543	0.006950	0.400839	0.001345	0.000003	0.000000	0.006429
163	0.494084	0.017416	0.069046	0.006869	0.404967	0.001386	0.000001	0.000000	0.006231
164	0.491262	0.016911	0.068673	0.006870	0.408864	0.001389	0.000001	0.000000	0.006030
165	0.487894	0.016773	0.067843	0.006863	0.413361	0.001423	0.000002	0.000000	0.005841
166	0.484947	0.016555	0.067264	0.006809	0.417408	0.001380	0.000002	0.000000	0.005635
167	0.481701	0.016116	0.066940	0.006739	0.421629	0.001396	0.000001	0.000000	0.005478
168	0.478985	0.015858	0.066576	0.006733	0.425176	0.001390	0.000000	0.000000	0.005282
169	0.475534	0.015766	0.066000	0.006717	0.429537	0.001363	0.000000	0.000000	0.005083
170	0.472470	0.015526	0.065793	0.006628	0.433324	0.001374	0.000000	0.000000	0.004885
171	0.469322	0.015216	0.065046	0.006622	0.437642	0.001394	0.000000	0.000000	0.004758
172	0.466617	0.015026	0.064950	0.006552	0.440814	0.001403	0.000000	0.000000	0.004638
173	0.463555	0.014791	0.063769	0.006600	0.445424	0.001365	0.000000	0.000000	0.004496
174	0.460234	0.014481	0.063535	0.006678	0.449424	0.001298	0.000000	0.000000	0.004350
175	0.456880	0.014312	0.063083	0.006642	0.453602	0.001332	0.000000	0.000000	0.004149
176	0.453678	0.014097	0.062584	0.006642	0.457622	0.001357	0.000000	0.000000	0.004020
177	0.450922	0.013888	0.061855	0.006671	0.461453	0.001324	0.000000	0.000000	0.003887
178	0.446965	0.013925	0.061557	0.006620	0.465870	0.001304	0.000000	0.000000	0.003759
179	0.443462	0.013712	0.061118	0.006511	0.470251	0.001292	0.000000	0.000000	0.003654
180	0.440215	0.013477	0.060612	0.006427	0.474534	0.001319	0.000000	0.000000	0.003416
181	0.437117	0.013383	0.060227	0.006436	0.478269	0.001236	0.000000	0.000000	0.003332
182	0.433811	0.013047	0.059754	0.006334	0.482587	0.001263	0.000000	0.000000	0.003204
183	0.430817	0.012980	0.059154	0.006329	0.486392	0.001267	0.000000	0.000000	0.003061
184	0.427237	0.012889	0.058513	0.006339	0.490779	0.001326	0.000000	0.000000	0.002917
185	0.424614	0.012468	0.057740	0.006322	0.494748	0.001266	0.000000	0.000000	0.002842
186	0.421281	0.012277	0.057244	0.006300	0.498815	0.001273	0.000000	0.000000	0.002810
187	0.417162	0.012187	0.056772	0.006238	0.503663	0.001231	0.000000	0.000000	0.002747
188	0.414256	0.011872	0.056107	0.006307	0.507590	0.001248	0.000000	0.000000	0.002620
189	0.411007	0.011596	0.055567	0.006190	0.511852	0.001266	0.000000	0.000000	0.002522
190	0.407826	0.011392	0.054976	0.006209	0.515866	0.001283	0.000000	0.000000	0.002448
191	0.404083	0.011317	0.054510	0.006181	0.520280	0.001277	0.000000	0.000000	0.002352
192	0.400428	0.011129	0.053953	0.006133	0.524848	0.001287	0.000000	0.000000	0.002222
193	0.396980	0.010975	0.053630	0.006132	0.528829	0.001279	0.000000	0.000000	0.002175
194	0.393998	0.010621	0.052953	0.006052	0.532997	0.001276	0.000000	0.000000	0.002103
195	0.390730	0.010476	0.052402	0.006011	0.537095	0.001276	0.000000	0.000000	0.002010
196	0.387533	0.010281	0.052126	0.005959	0.540880	0.001252	0.000000	0.000000	0.001969
197	0.384538	0.010059	0.051671	0.005910	0.544696	0.001247	0.000000	0.000000	0.001879
198	0.381210	0.009886	0.051233	0.005845	0.548742	0.001227	0.000000	0.000000	0.001857
199	0.377311	0.009610	0.050993	0.005916	0.553211	0.001202	0.000000	0.000000	0.001757
200	0.374709	0.009474	0.050419	0.005824	0.556684	0.001173	0.000000	0.000000	0.001717
201	0.371288	0.009367	0.050110	0.005810	0.560560	0.001208	0.000000	0.000000	0.001657
202	0.367970	0.009224	0.049521	0.005769	0.564734	0.001234	0.000000	0.000000	0.001548
203	0.364397	0.009053	0.049193	0.005811	0.568875	0.001200	0.000000	0.000000	0.001471
204	0.361426	0.008776	0.048645	0.005786	0.572694	0.001203	0.000000	0.000000	0.001470
205	0.358065	0.008665	0.047935	0.005658	0.577065	0.001198	0.000000	0.000000	0.001414
206	0.354241	0.008507	0.047625	0.005692	0.581396	0.001198	0.000000	0.000000	0.001341
207	0.350601	0.008304	0.047317	0.005768	0.585551	0.001209	0.000000	0.000000	0.001250
208	0.347646	0.008163	0.046603	0.005681	0.589502	0.001214	0.000000	0.000000	0.001191
209	0.344244	0.008018	0.046450	0.005624	0.593346	0.001162	0.000000	0.000000	0.001156
210	0.340981	0.007909	0.045863	0.005703	0.597296	0.001140	0.000000	0.000000	0.001108
211	0.337343	0.007670	0.045491	0.005683	0.601564	0.001191	0.000000	0.000000	0.001058
212	0.334589	0.007573	0.044773	0.005556	0.605301	0.001193	0.000000	0.000000	0.001015
213	0.331431	0.007326	0.044311	0.005574	0.609257	0.001169	0.000000	0.000000	0.000932
214	0.328538	0.007120	0.043572	0.005553	0.613137	0.001164	0.000000	0.000000	0.000916
215	0.325317	0.007007	0.043083	0.005535	0.617022	0.001165	0.000000	0.000000	0.000871
216	0.322032	0.006876	0.042672	0.005479	0.620940	0.001181	0.000000	0.000000	0.000820
217	0.318823	0.006674	0.042251	0.005402	0.624882	0.001185	0.000000	0.000000	0.000783
218	0.315448	0.006517	0.041684	0.005304	0.629120	0.001169	0.000000	0.000000	0.000758
219	0.312524	0.006250	0.041191	0.005398	0.632768	0.001144	0.000000	0.000000	0.000725
220	0.309261	0.006095	0.040699	0.005453	0.636589	0.001184	0.000000	0.000000	0.000719
221	0.306447	0.005822	0.039900	0.005438	0.640513	0.001186	0.000000	0.000000	0.000694
222	0.302255	0.005709	0.039652	0.005509	0.644991	0.001199	0.000000	0.000000	0.000685
223	0.299496	0.005517	0.039124	0.005498	0.648510	0.001208	0.000000	0.000000	0.000647
224	0.296192	0.005492	0.038835	0.005522	0.652150	0.001202	0.000000	0.000000	0.000607
225	0.292941	0.005332	0.038494	0.005522	0.655937	0.001227	0.000000	0.000000	0.000547
226	0.289726	0.005186	0.038025	0.005628	0.659619	0.001288	0.000000	0.000000	0.000528
227	0.286581	0.005021	0.037708	0.005588	0.663332	0.001255	0.000000	0.000000	0.000515
228	0.283116	0.004869	0.037314	0.005540	0.667418	0.001238	0.000000	0.000000	0.000505
229	0.280068	0.004786	0.036919	0.005612	0.670876	0.001267	0.000000	0.000000	0.000472
230	0.276674	0.004726	0.036026	0.005556	0.675323	0.001249	0.000000	0.000000	0.000446
231	0.273529	0.004561	0.035543	0.005632	0.679021	0.001292	0.000000	0.000000	0.000422
232	0.270391	0.004452	0.035132	0.005528	0.682848	0.001239	0.000000	0.000000	0.000410
233	0.267131	0.004363	0.034628	0.005600	0.686625	0.001278	0.000000	0.000000	0.000375
234	0.264434	0.004302	0.034207	0.005605	0.689837	0.001276	0.000000	0.000000	0.000339
235	0.261396	0.004261	0.033644	0.005608	0.693452	0.001298	0.000000	0.000000	0.000341
236	0.258328	0.004218	0.033281	0.005577	0.696949	0.001308	0.000000	0.000000	0.000339
237	0.254919	0.004174	0.032964	0.005591	0.700748	0.001280	0.000000	0.000000	0.000324
238	0.251979	0.004025	0.032634	0.005435	0.704273	0.001333	0.000000	0.000000	0.000321
239	0.248733	0.003864	0.032708	0.005502	0.707538	0.001366	0.000000	0.000000	0.000289
240	0.245619	0.003824	0.032054	0.005514	0.711307	0.001388	0.000000	0.000000	0.000294
241	0.242201	0.003764	0.031620	0.005477	0.715266	0.001390	0.000000	0.000000	0.000282
242	0.239264	0.003676	0.031439	0.005531	0.718445	0.001377	0.000000	0.000000	0.000268
243	0.235898	0.003567	0.031329	0.005527	0.722074	0.001340	0.000000	0.000000	0.000265
244	0.233513	0.003446	0.030774	0.005528	0.725114	0.001342	0.000000	0.000000	0.000283
245	0.230713	0.003387	0.030330	0.005511	0.728453	0.001323	0.000000	0.000000	0.000283
246	0.227483	0.003453	0.029681	0.005441	0.732341	0.001326	0.000000	0.000000	0.000275
247	0.224211	0.003374	0.029393	0.005467	0.735933	0.001364	0.000000	0.000000	0.000258
248	0.221344	0.003213	0.029063	0.005448	0.739337	0.001354	0.000000	0.000000	0.000241
249	0.218517	0.003200	0.028493	0.005419	0.742800	0.001341	0.000000	0.000000	0.000230
250	0.215839	0.003179	0.028119	0.005483	0.745807	0.001341	0.000000	0.000000	0.000232
251	0.213177	0.003116	0.027617	0.005389	0.749151	0.001313	0.000000	0.000000	0.000237
252	0.210522	0.003037	0.027203	0.005425	0.752249	0.001339	0.000000	0.000000	0.000225
253	0.207859	0.003008	0.026961	0.005291	0.755298	0.001347	0.000000	0.000000	0.000236
254	0.205005	0.002925	0.026829	0.005288	0.758350	0.001380	0.000000	0.000000	0.000223
255	0.202625	0.002882	0.026220	0.005300	0.761461	0.001312	0.000000	0.000000	0.000200
256	0.199569	0.002800	0.025932	0.005277	0.764842	0.001375	0.000000	0.000000	0.000205
257	0.197134	0.002731	0.025510	0.005294	0.767790	0.001344	0.000000	0.000000	0.000197
258	0.194465	0.002675	0.025130	0.005268	0.770892	0.001366	0.000000	0.000000	0.000204
259	0.191757	0.002616	0.024881	0.005287	0.773919	0.001358	0.000000	0.000000	0.000182
260	0.189376	0.002568	0.024421	0.005278	0.776793	0.001388	0.000000	0.000000	0.000176
261	0.186590	0.002424	0.024307	0.005355	0.779789	0.001369	0.000000	0.000000	0.000166
262	0.184315	0.002482	0.024022	0.005318	0.782341	0.001352	0.000000	0.000000	0.000170
263	0.182231	0.002423	0.023772	0.005272	0.784770	0.001367	0.000000	0.000000	0.000165
264	0.179540	0.002382	0.023309	0.005201	0.788070	0.001332	0.000000	0.000000	0.000166
265	0.177414	0.002300	0.023012	0.005196	0.790502	0.001401	0.000000	0.000000	0.000175
266	0.174914	0.002234	0.022666	0.005267	0.793368	0.001367	0.000000	0.000000	0.000184
267	0.172601	0.002153	0.022262	0.005281	0.796162	0.001372	0.000000	0.000000	0.000169
268	0.170262	0.002119	0.021896	0.005261	0.798948	0.001347	0.000000	0.000000	0.000167
269	0.167997	0.002121	0.021578	0.005219	0.801608	0.001319	0.000000	0.000000	0.000158
270	0.165677	0.002080	0.020987	0.005331	0.804410	0.001367	0.000000	0.000000	0.000148
271	0.163185	0.001996	0.020732	0.005453	0.807176	0.001337	0.000000	0.000000	0.000121
272	0.160460	0.001984	0.020296	0.005468	0.810311	0.001371	0.000000	0.000000	0.000110
273	0.158060	0.001878	0.020189	0.005378	0.813042	0.001337	0.000000	0.000000	0.000116
274	0.155709	0.001851	0.019855	0.005377	0.815703	0.001383	0.000000	0.000000	0.000122
275	0.153462	0.001809	0.019622	0.005329	0.818315	0.001346	0.000000	0.000000	0.000117
276	0.151577	0.001753	0.019260	0.005348	0.820559	0.001376	0.000000	0.000000	0.000127
277	0.149523	0.001723	0.018886	0.005381	0.823005	0.001363	0.000000	0.000000	0.000119
278	0.147394	0.001672	0.018683	0.005441	0.825342	0.001358	0.000000	0.000000	0.000110
279	0.145399	0.001597	0.018288	0.005435	0.827805	0.001375	0.000000	0.000000	0.000101
280	0.142937	0.001563	0.018023	0.005532	0.830508	0.001340	0.000000	0.000000	0.000097
281	0.141001	0.001527	0.017736	0.005573	0.832696	0.001376	0.000000	0.000000	0.000091
282	0.138677	0.001506	0.017445	0.005601	0.835298	0.001388	0.000000	0.000000	0.000085
283	0.136488	0.001509	0.017027	0.005551	0.838019	0.001326	0.000000	0.000000	0.000080
284	0.134713	0.001498	0.016914	0.005478	0.839959	0.001371	0.000000	0.000000	0.000067
285	0.132631	0.001425	0.016684	0.005456	0.842373	0.001370	0.000000	0.000000	0.000061
286	0.130593	0.001390	0.016217	0.005467	0.844975	0.001301	0.000000	0.000000	0.000057
287	0.128500	0.001341	0.016072	0.005441	0.847234	0.001360	0.000000	0.000000	0.000052
288	0.126469	0.001263	0.015837	0.005479	0.849571	0.001331	0.000000	0.000000	0.000050
289	0.123996	0.001221	0.015550	0.005461	0.852437	0.001292	0.000000	0.000000	0.000043
290	0.121881	0.001169	0.015372	0.005404	0.854832	0.001301	0.000000	0.000000	0.000041
291	0.119717	0.001174	0.015295	0.005487	0.856970	0.001323	0.000000	0.000000	0.000034
292	0.117676	0.001158	0.014990	0.005567	0.859301	0.001282	0.000000	0.000000	0.000026
293	0.115603	0.001106	0.014941	0.005553	0.861479	0.001291	0.000000	0.000000	0.000027
294	0.113749	0.001114	0.014658	0.005522	0.863626	0.001299	0.000000	0.000000	0.000032
295	0.111833	0.001071	0.014394	0.005596	0.865767	0.001306	0.000000	0.000000	0.000033
296	0.110047	0.001026	0.014112	0.005710	0.867789	0.001284	0.000000	0.000000	0.000032
297	0.108048	0.000994	0.013981	0.005749	0.869902	0.001297	0.000000	0.000000	0.000029
298	0.106436	0.001003	0.013731	0.005735	0.871788	0.001278	0.000000	0.000000	0.000029
299	0.104526	0.000985	0.013401	0.005782	0.874028	0.001245	0.000000	0.000000	0.000033
300	0.102650	0.000921	0.013114	0.005711	0.876318	0.001255	0.000000	0.000000	0.000031
301	0.101018	0.000920	0.012825	0.005604	0.878367	0.001239	0.000000	0.000000	0.000027
302	0.099759	0.000822	0.012651	0.005640	0.879841	0.001263	0.000000	0.000000	0.000024
303	0.097975	0.000788	0.012424	0.005625	0.881900	0.001268	0.000000	0.000000	0.000020
304	0.096313	0.000774	0.012205	0.005740	0.883689	0.001263	0.000000	0.000000	0.000016
305	0.094714	0.000754	0.011995	0.005656	0.885642	0.001226	0.000000	0.000000	0.000013
306	0.093261	0.000701	0.011631	0.005767	0.887430	0.001201	0.000000	0.000000	0.000009
307	0.091668	0.000644	0.011361	0.005759	0.889342	0.001222	0.000000	0.000000	0.000004
308	0.090400	0.000645	0.011203	0.005719	0.890838	0.001190	0.000000	0.000000	0.000005
309	0.088910	0.000630	0.010971	0.005684	0.892637	0.001164	0.000000	0.000000	0.000004
310	0.087656	0.000631	0.010825	0.005770	0.893969	0.001145	0.000000	0.000000	0.000004
311	0.085765	0.000648	0.010704	0.005727	0.896035	0.001117	0.000000	0.000000	0.000004
312	0.084111	0.000605	0.010471	0.005772	0.897926	0.001110	0.000000	0.000000	0.000005
313	0.082626	0.000562	0.010246	0.005767	0.899718	0.001079	0.000000	0.000000	0.000002
314	0.080931	0.000536	0.010184	0.005750	0.901514	0.001082	0.000000	0.000000	0.000003
315	0.079433	0.000563	0.010053	0.005823	0.903011	0.001114	0.000000	0.000000	0.000003
316	0.077962	0.000544	0.009760	0.005739	0.904927	0.001065	0.000000	0.000000	0.000003
317	0.076680	0.000521	0.009562	0.005691	0.906498	0.001047	0.000000	0.000000	0.000001
318	0.075478	0.000525	0.009364	0.005751	0.907853	0.001028	0.000000	0.000000	0.000001
319	0.074045	0.000525	0.009259	0.005665	0.909425	0.001078	0.000000	0.000000	0.000003
320	0.072567	0.000505	0.009002	0.005733	0.911123	0.001066	0.000000	0.000000	0.000004
321	0.071160	0.000508	0.008867	0.005656	0.912732	0.001076	0.000000	0.000000	0.000001
322	0.069570	0.000492	0.008772	0.005610	0.914472	0.001081	0.000000	0.000000	0.000003
323	0.067984	0.000480	0.008566	0.005600	0.916322	0.001045	0.000000	0.000000	0.000003
324	0.066612	0.000465	0.008421	0.005598	0.917886	0.001017	0.000000	0.000000	0.000001
325	0.065449	0.000473	0.008218	0.005606	0.919183	0.001070	0.000000	0.000000	0.000001
326	0.064168	0.000444	0.008244	0.005594	0.920461	0.001089	0.000000	0.000000	0.000000
327	0.063066	0.000449	0.008049	0.005600	0.921689	0.001146	0.000000	0.000000	0.000001
328	0.061889	0.000442	0.007996	0.005602	0.922935	0.001136	0.000000	0.000000	0.000000
329	0.060770	0.000429	0.007766	0.005700	0.924202	0.001133	0.000000	0.000000	0.000000
330	0.059506	0.000426	0.007534	0.005716	0.925702	0.001116	0.000000	0.000000	0.000000
331	0.058572	0.000413	0.007338	0.005733	0.926773	0.001171	0.000000	0.000000	0.000000
332	0.057310	0.000402	0.007120	0.005773	0.928234	0.001161	0.000000	0.000000	0.000000
333	0.055865	0.000375	0.007001	0.005713	0.929849	0.001197	0.000000	0.000000	0.000000
334	0.054849	0.000370	0.006766	0.005587	0.931229	0.001199	0.000000	0.000000	0.000000
335	0.053453	0.000369	0.006640	0.005629	0.932728	0.001181	0.000000	0.000000	0.000000
336	0.052517	0.000313	0.006479	0.005625	0.933901	0.001165	0.000000	0.000000	0.000000
337	0.051408	0.000321	0.006429	0.005533	0.935163	0.001146	0.000000	0.000000	0.000000
338	0.050459	0.000312	0.006203	0.005610	0.936275	0.001141	0.000000	0.000000	0.000000
339	0.049405	0.000319	0.006228	0.005577	0.937353	0.001118	0.000000	0.000000	0.000000
340	0.048374	0.000285	0.006077	0.005546	0.938545	0.001173	0.000000	0.000000	0.000000
341	0.047629	0.000276	0.005953	0.005521	0.939452	0.001169	0.000000	0.000000	0.000000
342	0.046636	0.000253	0.005845	0.005539	0.940609	0.001118	0.000000	0.000000	0.000000
343	0.045663	0.000226	0.005683	0.005517	0.941747	0.001164	0.000000	0.000000	0.000000
344	0.044821	0.000213	0.005489	0.005513	0.942819	0.001145	0.000000	0.000000	0.000000
345	0.043804	0.000228	0.005427	0.005500	0.943895	0.001146	0.000000	0.000000	0.000000
346	0.042915	0.000228	0.005226	0.005502	0.944962	0.001167	0.000000	0.000000	0.000000
347	0.042016	0.000212	0.005057	0.005506	0.946074	0.001135	0.000000	0.000000	0.000000
348	0.041115	0.000215	0.004938	0.005468	0.947115	0.001149	0.000000	0.000000	0.000000
349	0.040377	0.000189	0.004878	0.005482	0.947956	0.001118	0.000000	0.000000	0.000000
350	0.039705	0.000189	0.004746	0.005475	0.948833	0.001052	0.000000	0.000000	0.000000
351	0.038665	0.000196	0.004688	0.005473	0.949900	0.001078	0.000000	0.000000	0.000000
352	0.037791	0.000203	0.004455	0.005496	0.950972	0.001083	0.000000	0.000000	0.000000
353	0.037158	0.000205	0.004344	0.005459	0.951784	0.001050	0.000000	0.000000	0.000000
354	0.036482	0.000185	0.004225	0.005492	0.952570	0.001046	0.000000	0.000000	0.000000
355	0.035836	0.000186	0.004123	0.005459	0.953312	0.001084	0.000000	0.000000	0.000000
356	0.035050	0.000175	0.004079	0.005487	0.954146	0.001063	0.000000	0.000000	0.000000
357	0.034351	0.000181	0.003946	0.005400	0.955039	0.001083	0.000000	0.000000	0.000000
358	0.033587	0.000193	0.003914	0.005405	0.955836	0.001065	0.000000	0.000000	0.000000
359	0.032859	0.000182	0.003904	0.005447	0.956534	0.001074	0.000000	0.000000	0.000000
360	0.032268	0.000168	0.003865	0.005396	0.957210	0.001093	0.000000	0.000000	0.000000
361	0.031413	0.000177	0.003828	0.005332	0.958153	0.001097	0.000000	0.000000	0.000000
362	0.030907	0.000157	0.003696	0.005344	0.958819	0.001077	0.000000	0.000000	0.000000
363	0.030253	0.000151	0.003594	0.005402	0.959504	0.001096	0.000000	0.000000	0.000000
364	0.029676	0.000158	0.003461	0.005449	0.960173	0.001083	0.000000	0.000000	0.000000
365	0.029067	0.000159	0.003371	0.005464	0.960916	0.001023	0.000000	0.000000	0.000000
366	0.028432	0.000141	0.003334	0.005512	0.961549	0.001032	0.000000	0.000000	0.000000
367	0.027569	0.000144	0.003347	0.005481	0.962430	0.001029	0.000000	0.000000	0.000000
368	0.027015	0.000149	0.003344	0.005397	0.963065	0.001030	0.000000	0.000000	0.000000
369	0.026431	0.000141	0.003221	0.005384	0.963793	0.001030	0.000000	0.000000	0.000000
370	0.025966	0.000143	0.003147	0.005384	0.964355	0.001005	0.000000	0.000000	0.000000
371	0.025416	0.000133	0.002992	0.005405	0.965070	0.000984	0.000000	0.000000	0.000000
372	0.024859	0.000147	0.002971	0.005364	0.965704	0.000955	0.000000	0.000000	0.000000
373	0.024356	0.000147	0.002857	0.005421	0.966256	0.000963	0.000000	0.000000	0.000000
374	0.023851	0.000144	0.002788	0.005502	0.966753	0.000962	0.000000	0.000000	0.000000
375	0.023254	0.000142	0.002755	0.005592	0.967286	0.000971	0.000000	0.000000	0.000000
376	0.022708	0.000141	0.002664	0.005609	0.967934	0.000944	0.000000	0.000000	0.000000
377	0.022296	0.000137	0.002570	0.005607	0.968423	0.000967	0.000000	0.000000	0.000000
378	0.021697	0.000144	0.002491	0.005548	0.969111	0.001009	0.000000	0.000000	0.000000
379	0.021332	0.000149	0.002434	0.005468	0.969628	0.000989	0.000000	0.000000	0.000000
380	0.020830	0.000153	0.002361	0.005548	0.970130	0.000978	0.000000	0.000000	0.000000
381	0.020367	0.000144	0.002323	0.005567	0.970640	0.000959	0.000000	0.000000	0.000000
382	0.019734	0.000135	0.002276	0.005611	0.971293	0.000951	0.000000	0.000000	0.000000
383	0.019181	0.000140	0.002229	0.005569	0.971937	0.000944	0.000000	0.000000	0.000000
384	0.018630	0.000124	0.002220	0.005500	0.972589	0.000937	0.000000	0.000000	0.000000
385	0.018157	0.000123	0.002241	0.005514	0.973046	0.000919	0.000000	0.000000	0.000000
386	0.017776	0.000125	0.002148	0.005522	0.973506	0.000923	0.000000	0.000000	0.000000
387	0.017544	0.000114	0.002122	0.005478	0.973816	0.000926	0.000000	0.000000	0.000000
388	0.017160	0.000119	0.002081	0.005482	0.974185	0.000973	0.000000	0.000000	0.000000
389	0.016734	0.000118	0.002045	0.005468	0.974684	0.000951	0.000000	0.000000	0.000000
390	0.016225	0.000091	0.002004	0.005523	0.975233	0.000924	0.000000	0.000000	0.000000
391	0.015832	0.000096	0.001964	0.005539	0.975636	0.000933	0.000000	0.000000	0.000000
392	0.015512	0.000100	0.001883	0.005432	0.976176	0.000897	0.000000	0.000000	0.000000
393	0.015190	0.000093	0.001942	0.005447	0.976373	0.000955	0.000000	0.000000	0.000000
394	0.014834	0.000085	0.001858	0.005452	0.976817	0.000954	0.000000	0.000000	0.000000
395	0.014457	0.000089	0.001805	0.005532	0.977158	0.000959	0.000000	0.000000	0.000000
396	0.014079	0.000080	0.001795	0.005573	0.977517	0.000956	0.000000	0.000000	0.000000
397	0.013701	0.000074	0.001754	0.005614	0.977871	0.000986	0.000000	0.000000	0.000000
398	0.013278	0.000070	0.001744	0.005581	0.978373	0.000954	0.000000	0.000000	0.000000
399	0.012944	0.000074	0.001722	0.005567	0.978714	0.000979	0.000000	0.000000	0.000000
400	0.012654	0.000058	0.001679	0.005592	0.979027	0.000990	0.000000	0.000000	0.000000
401	0.012471	0.000065	0.001593	0.005595	0.979282	0.000994	0.000000	0.000000	0.000000
402	0.012159	0.000062	0.001543	0.005537	0.979694	0.001005	0.000000	0.000000	0.000000
403	0.011868	0.000065	0.001467	0.005577	0.980021	0.001002	0.000000	0.000000	0.000000
404	0.011608	0.000078	0.001484	0.005519	0.980307	0.001004	0.000000	0.000000	0.000000
405	0.011271	0.000069	0.001464	0.005596	0.980579	0.001021	0.000000	0.000000	0.000000
406	0.011005	0.000064	0.001430	0.005605	0.980867	0.001029	0.000000	0.000000	0.000000
407	0.010804	0.000067	0.001372	0.005571	0.981196	0.000990	0.000000	0.000000	0.000000
408	0.010645	0.000057	0.001377	0.005523	0.981395	0.001003	0.000000	0.000000	0.000000
409	0.010456	0.000043	0.001305	0.005484	0.981746	0.000966	0.000000	0.000000	0.000000
410	0.010223	0.000054	0.001317	0.005500	0.981930	0.000976	0.000000	0.000000	0.000000
411	0.009856	0.000050	0.001278	0.005484	0.982392	0.000940	0.000000	0.000000	0.000000
412	0.009688	0.000049	0.001232	0.005467	0.982619	0.000945	0.000000	0.000000	0.000000
413	0.009458	0.000045	0.001227	0.005409	0.982920	0.000941	0.000000	0.000000	0.000000
414	0.009241	0.000053	0.001200	0.005381	0.983201	0.000924	0.000000	0.000000	0.000000
415	0.008993	0.000045	0.001150	0.005443	0.983429	0.000940	0.000000	0.000000	0.000000
416	0.008655	0.000032	0.001140	0.005490	0.983760	0.000923	0.000000	0.000000	0.000000
417	0.008491	0.000026	0.001108	0.005581	0.983859	0.000935	0.000000	0.000000	0.000000
418	0.008227	0.000020	0.001102	0.005582	0.984165	0.000904	0.000000	0.000000	0.000000
419	0.008069	0.000016	0.001039	0.005621	0.984336	0.000919	0.000000	0.000000	0.000000
420	0.007778	0.000019	0.000990	0.005588	0.984658	0.000967	0.000000	0.000000	0.000000
421	0.007632	0.000015	0.000983	0.005583	0.984786	0.001001	0.000000	0.000000	0.000000
422	0.007422	0.000011	0.000946	0.005563	0.985071	0.000987	0.000000	0.000000	0.000000
423	0.007248	0.000011	0.000917	0.005607	0.985219	0.000998	0.000000	0.000000	0.000000
424	0.006998	0.000013	0.000926	0.005606	0.985453	0.001004	0.000000	0.000000	0.000000
425	0.006793	0.000010	0.000898	0.005630	0.985677	0.000992	0.000000	0.000000	0.000000
426	0.006621	0.000013	0.000862	0.005654	0.985886	0.000964	0.000000	0.000000	0.000000
427	0.006469	0.000013	0.000842	0.005644	0.986060	0.000972	0.000000	0.000000	0.000000
428	0.006268	0.000016	0.000824	0.005617	0.986290	0.000985	0.000000	0.000000	0.000000
429	0.006164	0.000009	0.000770	0.005699	0.986383	0.000975	0.000000	0.000000	0.000000
430	0.005890	0.000009	0.000696	0.005701	0.986723	0.000981	0.000000	0.000000	0.000000
431	0.005717	0.000011	0.000680	0.005706	0.986920	0.000966	0.000000	0.000000	0.000000
432	0.005614	0.000009	0.000633	0.005791	0.986989	0.000964	0.000000	0.000000	0.000000
433	0.005436	0.000006	0.000606	0.005799	0.987200	0.000953	0.000000	0.000000	0.000000
434	0.005388	0.000008	0.000614	0.005769	0.987288	0.000933	0.000000	0.000000	0.000000
435	0.005154	0.000008	0.000596	0.005752	0.987579	0.000911	0.000000	0.000000	0.000000
436	0.005036	0.000008	0.000557	0.005716	0.987771	0.000912	0.000000	0.000000	0.000000
437	0.004905	0.000009	0.000526	0.005786	0.987868	0.000906	0.000000	0.000000	0.000000
438	0.004708	0.000012	0.000500	0.005803	0.988081	0.000896	0.000000	0.000000	0.000000
439	0.004495	0.000011	0.000472	0.005808	0.988300	0.000914	0.000000	0.000000	0.000000
440	0.004340	0.000010	0.000475	0.005875	0.988401	0.000899	0.000000	0.000000	0.000000
441	0.004294	0.000010	0.000476	0.005818	0.988474	0.000928	0.000000	0.000000	0.000000
442	0.004237	0.000008	0.000455	0.005800	0.988606	0.000894	0.000000	0.000000	0.000000
443	0.004072	0.000006	0.000431	0.005710	0.988905	0.000876	0.000000	0.000000	0.000000
444	0.003922	0.000009	0.000427	0.005698	0.989043	0.000901	0.000000	0.000000	0.000000
445	0.003798	0.000006	0.000412	0.005759	0.989108	0.000917	0.000000	0.000000	0.000000
446	0.003672	0.000008	0.000424	0.005835	0.989133	0.000928	0.000000	0.000000	0.000000
447	0.003511	0.000011	0.000424	0.005813	0.989305	0.000936	0.000000	0.000000	0.000000
448	0.003446	0.000002	0.000394	0.005783	0.989408	0.000967	0.000000	0.000000	0.000000
449	0.003318	0.000001	0.000376	0.005754	0.989520	0.001031	0.000000	0.000000	0.000000
450	0.003223	0.000000	0.000386	0.005809	0.989521	0.001061	0.000000	0.000000	0.000000
451	0.003142	0.000000	0.000378	0.005812	0.989671	0.000997	0.000000	0.000000	0.000000
452	0.003086	0.000000	0.000369	0.005756	0.989768	0.001021	0.000000	0.000000	0.000000
453	0.003021	0.000000	0.000384	0.005781	0.989764	0.001050	0.000000	0.000000	0.000000
454	0.002853	0.000000	0.000347	0.005835	0.989890	0.001075	0.000000	0.000000	0.000000
455	0.002761	0.000000	0.000329	0.005833	0.989979	0.001098	0.000000	0.000000	0.000000
456	0.002665	0.000000	0.000314	0.005871	0.990074	0.001076	0.000000	0.000000	0.000000
457	0.002625	0.000000	0.000267	0.005796	0.990269	0.001043	0.000000	0.000000	0.000000
458	0.002582	0.000000	0.000234	0.005847	0.990281	0.001056	0.000000	0.000000	0.000000
459	0.002531	0.000000	0.000239	0.005864	0.990297	0.001069	0.000000	0.000000	0.000000
460	0.002423	0.000000	0.000254	0.005861	0.990412	0.001050	0.000000	0.000000	0.000000
461	0.002342	0.000000	0.000251	0.005852	0.990551	0.001004	0.000000	0.000000	0.000000
462	0.002311	0.000000	0.000247	0.005798	0.990628	0.001016	0.000000	0.000000	0.000000
463	0.002234	0.000000	0.000247	0.005813	0.990720	0.000986	0.000000	0.000000	0.000000
464	0.002144	0.000000	0.000247	0.005790	0.990819	0.001000	0.000000	0.000000	0.000000
465	0.002064	0.000000	0.000229	0.005847	0.990862	0.000998	0.000000	0.000000	0.000000
466	0.001988	0.000000	0.000221	0.005834	0.990906	0.001051	0.000000	0.000000	0.000000
467	0.001934	0.000000	0.000214	0.005824	0.990967	0.001061	0.000000	0.000000	0.000000
468	0.001844	0.000000	0.000223	0.005773	0.991135	0.001025	0.000000	0.000000	0.000000
469	0.001749	0.000000	0.000219	0.005779	0.991184	0.001069	0.000000	0.000000	0.000000
470	0.001732	0.000000	0.000215	0.005893	0.991113	0.001047	0.000000	0.000000	0.000000
