0	0.290663	0.057897	0.229473	0.157588	0.029913	0.111872	0.085455	0.012259	0.024880
1	0.236431	0.048900	0.204759	0.139620	0.028555	0.121309	0.111792	0.021939	0.086695
2	0.242533	0.049737	0.206935	0.133245	0.028797	0.116710	0.107254	0.020803	0.093986
3	0.254187	0.051070	0.210496	0.127954	0.029064	0.110781	0.099892	0.019415	0.097141
4	0.266749	0.052277	0.213812	0.122377	0.029567	0.103972	0.093821	0.017749	0.099676
5	0.279521	0.053278	0.216433	0.117412	0.030361	0.097004	0.087848	0.016239	0.101904
6	0.292987	0.054407	0.218607	0.112166	0.031106	0.090443	0.081478	0.015151	0.103655
7	0.305785	0.055389	0.220016	0.107533	0.031830	0.084323	0.076120	0.013879	0.105125
8	0.317668	0.056441	0.220951	0.102668	0.032478	0.078657	0.071227	0.012641	0.107269
9	0.330779	0.057348	0.220653	0.097833	0.033137	0.073058	0.066105	0.011774	0.109313
10	0.343305	0.057802	0.221172	0.093100	0.033944	0.067657	0.061334	0.010875	0.110811
11	0.355144	0.058799	0.220898	0.088433	0.034620	0.062986	0.057191	0.009999	0.111930
12	0.367209	0.059101	0.219726	0.084296	0.035736	0.058206	0.053079	0.009166	0.113481
13	0.377656	0.059441	0.219682	0.079488	0.036943	0.053931	0.049551	0.008503	0.114805
14	0.388877	0.059926	0.218719	0.075393	0.038003	0.049914	0.045779	0.007647	0.115742
15	0.399718	0.059926	0.217287	0.071441	0.038803	0.046518	0.042329	0.007124	0.116854
16	0.409673	0.059999	0.215932	0.067805	0.039714	0.042966	0.039345	0.006561	0.118005
17	0.419795	0.060226	0.214016	0.064362	0.040694	0.039706	0.036451	0.006092	0.118658
18	0.429464	0.060237	0.212535	0.061017	0.041888	0.036585	0.033859	0.005561	0.118854
19	0.438831	0.060407	0.209949	0.057701	0.043332	0.033884	0.031376	0.005214	0.119306
20	0.447795	0.060235	0.207693	0.054684	0.044601	0.031416	0.029128	0.004730	0.119718
21	0.457190	0.059845	0.205060	0.051806	0.046036	0.028683	0.027205	0.004414	0.119761
22	0.465895	0.060127	0.202295	0.049077	0.047127	0.026576	0.024968	0.004012	0.119923
23	0.474297	0.059918	0.199216	0.046546	0.048487	0.024744	0.023295	0.003665	0.119832
24	0.482356	0.059732	0.196874	0.043955	0.050028	0.022922	0.021439	0.003405	0.119289
25	0.490539	0.059503	0.194353	0.041591	0.051453	0.021269	0.019759	0.003119	0.118414
26	0.498108	0.058921	0.191240	0.039823	0.053165	0.019731	0.018398	0.002781	0.117833
27	0.504719	0.058764	0.188582	0.038012	0.054708	0.018263	0.017110	0.002621	0.117221
28	0.511805	0.058523	0.186242	0.036226	0.055862	0.016926	0.015858	0.002379	0.116179
29	0.518279	0.058312	0.183263	0.034653	0.057313	0.015717	0.014804	0.002181	0.115478
30	0.524439	0.058084	0.180344	0.032984	0.059103	0.014712	0.013679	0.002017	0.114638
31	0.530190	0.057837	0.177905	0.031488	0.060535	0.013568	0.012749	0.001871	0.113857
32	0.535910	0.057693	0.175159	0.030085	0.062101	0.012654	0.011668	0.001647	0.113083
33	0.541689	0.057337	0.172105	0.028758	0.064045	0.011900	0.010963	0.001560	0.111643
34	0.547179	0.056816	0.170003	0.027507	0.065746	0.011116	0.009988	0.001378	0.110267
35	0.553391	0.056517	0.166672	0.025808	0.067836	0.010514	0.009359	0.001278	0.108625
36	0.558377	0.056504	0.163718	0.024825	0.069797	0.009642	0.008520	0.001213	0.107404
37	0.563474	0.055787	0.161374	0.023624	0.071629	0.008941	0.008003	0.001121	0.106047
38	0.568169	0.055719	0.158462	0.022854	0.073379	0.008282	0.007490	0.001000	0.104645
39	0.572689	0.055401	0.155600	0.021810	0.075461	0.007802	0.006820	0.000945	0.103472
40	0.577878	0.054871	0.152466	0.020916	0.077481	0.007385	0.006341	0.000881	0.101781
41	0.582866	0.054428	0.150122	0.019960	0.079610	0.006917	0.005888	0.000833	0.099376
42	0.586433	0.054157	0.147915	0.019374	0.082015	0.006477	0.005325	0.000765	0.097539
43	0.590454	0.053626	0.145367	0.018482	0.084270	0.006195	0.004941	0.000652	0.096013
44	0.594290	0.053180	0.143458	0.017775	0.086784	0.005649	0.004491	0.000604	0.093769
45	0.598289	0.052926	0.140772	0.017134	0.088848	0.005288	0.004168	0.000550	0.092025
46	0.602667	0.052423	0.138265	0.016492	0.090862	0.005153	0.003953	0.000531	0.089654
47	0.605932	0.052257	0.136088	0.015835	0.093329	0.004828	0.003623	0.000476	0.087632
48	0.609648	0.051741	0.133621	0.015330	0.095599	0.004572	0.003346	0.000388	0.085755
49	0.612290	0.051419	0.131717	0.014878	0.098353	0.004387	0.003104	0.000359	0.083493
50	0.615654	0.050944	0.129433	0.014397	0.100797	0.004090	0.002920	0.000334	0.081431
51	0.618289	0.050498	0.127429	0.013771	0.103355	0.003962	0.002715	0.000307	0.079674
52	0.620992	0.050169	0.125217	0.013282	0.106368	0.003836	0.002521	0.000297	0.077318
53	0.623805	0.049498	0.123470	0.012872	0.108970	0.003663	0.002336	0.000267	0.075119
54	0.625756	0.049268	0.121411	0.012431	0.111965	0.003561	0.002146	0.000262	0.073200
55	0.627146	0.048813	0.120267	0.012241	0.114931	0.003453	0.002035	0.000229	0.070885
56	0.629771	0.048514	0.118165	0.011930	0.117297	0.003389	0.001855	0.000227	0.068852
57	0.631186	0.047832	0.117023	0.011668	0.120396	0.003233	0.001762	0.000215	0.066685
58	0.633643	0.047334	0.115028	0.011344	0.123267	0.003041	0.001628	0.000200	0.064515
59	0.635193	0.046827	0.113943	0.010933	0.126169	0.002968	0.001478	0.000178	0.062311
60	0.636615	0.046045	0.112602	0.010780	0.129534	0.002841	0.001378	0.000165	0.060040
61	0.638931	0.045581	0.110524	0.010628	0.132440	0.002644	0.001248	0.000157	0.057847
62	0.640120	0.045045	0.108811	0.010384	0.135750	0.002496	0.001164	0.000140	0.056090
63	0.641277	0.044461	0.107436	0.010258	0.138625	0.002508	0.001077	0.000116	0.054242
64	0.642415	0.043911	0.105621	0.010092	0.142256	0.002377	0.000977	0.000099	0.052252
65	0.643702	0.043476	0.104213	0.009724	0.145466	0.002277	0.000870	0.000081	0.050191
66	0.644076	0.043111	0.103754	0.009420	0.148477	0.002151	0.000843	0.000073	0.048095
67	0.644889	0.042711	0.102051	0.009010	0.152221	0.002120	0.000707	0.000064	0.046227
68	0.645382	0.042192	0.101024	0.008648	0.155586	0.002106	0.000640	0.000066	0.044356
69	0.645749	0.041893	0.099947	0.008464	0.158865	0.002032	0.000591	0.000069	0.042390
70	0.645765	0.041361	0.098692	0.008394	0.162316	0.001943	0.000524	0.000054	0.040951
71	0.645908	0.040774	0.097711	0.008278	0.165661	0.001919	0.000516	0.000044	0.039189
72	0.645773	0.039873	0.096868	0.008060	0.169288	0.001834	0.000479	0.000049	0.037776
73	0.645609	0.039456	0.095376	0.007851	0.173193	0.001826	0.000433	0.000044	0.036212
74	0.645989	0.038933	0.093920	0.007747	0.176559	0.001768	0.000418	0.000033	0.034633
75	0.645494	0.038341	0.093062	0.007517	0.180219	0.001714	0.000387	0.000025	0.033241
76	0.644781	0.038008	0.092320	0.007291	0.183754	0.001710	0.000347	0.000023	0.031766
77	0.644185	0.037709	0.091471	0.007267	0.186928	0.001682	0.000325	0.000021	0.030412
78	0.643796	0.037184	0.090397	0.007014	0.190466	0.001602	0.000279	0.000012	0.029250
79	0.642868	0.036802	0.089025	0.006890	0.194590	0.001545	0.000266	0.000012	0.028002
80	0.641584	0.036347	0.088108	0.006950	0.198456	0.001488	0.000224	0.000012	0.026831
81	0.640567	0.035773	0.087162	0.006762	0.202438	0.001528	0.000224	0.000011	0.025535
82	0.639239	0.035183	0.086224	0.006643	0.206357	0.001494	0.000209	0.000014	0.024637
83	0.637356	0.034649	0.085680	0.006501	0.210712	0.001397	0.000201	0.000012	0.023492
84	0.636185	0.033883	0.084930	0.006377	0.214449	0.001317	0.000169	0.000014	0.022676
85	0.634600	0.033298	0.084004	0.006288	0.218354	0.001345	0.000142	0.000011	0.021958
86	0.632318	0.033115	0.083288	0.006153	0.222521	0.001317	0.000123	0.000008	0.021157
87	0.631017	0.032438	0.082077	0.006152	0.226419	0.001300	0.000126	0.000008	0.020463
88	0.629833	0.031864	0.080991	0.005964	0.230327	0.001270	0.000115	0.000002	0.019634
89	0.627744	0.031343	0.080277	0.005894	0.234740	0.001248	0.000101	0.000004	0.018649
90	0.625747	0.030949	0.079323	0.005774	0.238823	0.001245	0.000077	0.000004	0.018058
91	0.623545	0.030272	0.078832	0.005700	0.243157	0.001221	0.000069	0.000006	0.017198
92	0.621374	0.029769	0.078141	0.005662	0.247325	0.001210	0.000064	0.000003	0.016452
93	0.619193	0.029102	0.077487	0.005528	0.251497	0.001176	0.000050	0.000004	0.015963
94	0.616639	0.028797	0.076636	0.005414	0.255812	0.001183	0.000044	0.000003	0.015472
95	0.614473	0.028390	0.075913	0.005356	0.260000	0.001141	0.000047	0.000002	0.014678
96	0.611790	0.028111	0.075228	0.005345	0.264191	0.001139	0.000034	0.000001	0.014161
97	0.609408	0.027648	0.074643	0.005214	0.268526	0.001129	0.000024	0.000002	0.013406
98	0.606815	0.027250	0.074011	0.005150	0.272778	0.001114	0.000021	0.000001	0.012860
99	0.604450	0.026584	0.073315	0.005145	0.276931	0.001083	0.000009	0.000001	0.012482
100	0.601853	0.025956	0.072404	0.005077	0.281698	0.001078	0.000015	0.000000	0.011919
101	0.598885	0.025746	0.071648	0.005088	0.286165	0.001022	0.000007	0.000000	0.011439
102	0.596337	0.025422	0.070971	0.004998	0.290245	0.001045	0.000014	0.000000	0.010968
103	0.593100	0.024896	0.070713	0.004882	0.295048	0.000982	0.000011	0.000000	0.010368
104	0.590574	0.024502	0.069977	0.004899	0.299164	0.000953	0.000009	0.000000	0.009922
105	0.587686	0.024023	0.069392	0.004882	0.303599	0.000954	0.000008	0.000000	0.009456
106	0.584424	0.023514	0.069191	0.004922	0.307902	0.000937	0.000006	0.000000	0.009104
107	0.581024	0.023108	0.068429	0.004846	0.312960	0.000974	0.000006	0.000000	0.008653
108	0.577991	0.022868	0.067620	0.004736	0.317609	0.000978	0.000004	0.000000	0.008194
109	0.575000	0.022635	0.066962	0.004741	0.321891	0.000919	0.000005	0.000000	0.007847
110	0.571664	0.022015	0.066272	0.004625	0.326843	0.000908	0.000005	0.000000	0.007668
111	0.568665	0.021571	0.065405	0.004510	0.331625	0.000899	0.000004	0.000000	0.007321
112	0.565746	0.020995	0.064724	0.004456	0.336216	0.000866	0.000003	0.000000	0.006994
113	0.562932	0.020565	0.064204	0.004361	0.340477	0.000841	0.000005	0.000000	0.006615
114	0.559497	0.020213	0.063649	0.004369	0.345070	0.000862	0.000005	0.000000	0.006335
115	0.556872	0.019790	0.062850	0.004312	0.349344	0.000811	0.000001	0.000000	0.006020
116	0.553676	0.019526	0.062059	0.004211	0.354069	0.000805	0.000002	0.000000	0.005652
117	0.550620	0.019097	0.061609	0.004222	0.358265	0.000767	0.000002	0.000000	0.005418
118	0.547715	0.018506	0.061006	0.004132	0.362635	0.000740	0.000001	0.000000	0.005265
119	0.544250	0.018066	0.060350	0.004087	0.367469	0.000715	0.000003	0.000000	0.005060
120	0.540620	0.017752	0.059767	0.004154	0.372134	0.000741	0.000005	0.000000	0.004827
121	0.537443	0.017452	0.059081	0.004095	0.376650	0.000686	0.000002	0.000000	0.004591
122	0.533584	0.017216	0.058808	0.004121	0.381285	0.000683	0.000001	0.000000	0.004302
123	0.530344	0.016828	0.057977	0.004106	0.385928	0.000713	0.000001	0.000000	0.004103
124	0.527269	0.016376	0.057359	0.004118	0.390318	0.000655	0.000001	0.000000	0.003904
125	0.524273	0.015913	0.056635	0.004084	0.394677	0.000693	0.000000	0.000000	0.003725
126	0.520618	0.015598	0.056300	0.004018	0.399185	0.000717	0.000000	0.000000	0.003564
127	0.517377	0.015339	0.055600	0.004042	0.403464	0.000715	0.000000	0.000000	0.003463
128	0.513420	0.014993	0.055168	0.004025	0.408401	0.000708	0.000000	0.000000	0.003285
129	0.509707	0.014708	0.054747	0.004005	0.412957	0.000693	0.000000	0.000000	0.003183
130	0.506137	0.014297	0.054059	0.003833	0.417887	0.000686	0.000000	0.000000	0.003101
131	0.502100	0.013857	0.053820	0.003781	0.422788	0.000650	0.000000	0.000000	0.003004
132	0.498076	0.013619	0.053190	0.003711	0.427906	0.000615	0.000000	0.000000	0.002883
133	0.494534	0.013220	0.052716	0.003746	0.432421	0.000598	0.000000	0.000000	0.002765
134	0.490859	0.012898	0.052455	0.003763	0.436761	0.000629	0.000000	0.000000	0.002635
135	0.486753	0.012537	0.052214	0.003599	0.441798	0.000599	0.000000	0.000000	0.002500
136	0.482644	0.012391	0.051542	0.003634	0.446686	0.000600	0.000000	0.000000	0.002503
137	0.478859	0.012236	0.051019	0.003670	0.451224	0.000567	0.000000	0.000000	0.002425
138	0.475049	0.011907	0.050821	0.003698	0.455607	0.000594	0.000000	0.000000	0.002324
139	0.470789	0.011762	0.050595	0.003706	0.460369	0.000593	0.000000	0.000000	0.002186
140	0.467198	0.011420	0.049827	0.003684	0.465172	0.000579	0.000000	0.000000	0.002120
141	0.463173	0.011201	0.049592	0.003658	0.469774	0.000580	0.000000	0.000000	0.002022
142	0.459664	0.010888	0.049150	0.003700	0.473989	0.000623	0.000000	0.000000	0.001986
143	0.455771	0.010788	0.048583	0.003677	0.478650	0.000593	0.000000	0.000000	0.001938
144	0.451103	0.010475	0.048302	0.003619	0.483994	0.000588	0.000000	0.000000	0.001919
145	0.446934	0.010251	0.047825	0.003577	0.488986	0.000605	0.000000	0.000000	0.001822
146	0.442585	0.010307	0.047188	0.003613	0.493981	0.000576	0.000000	0.000000	0.001750
147	0.438308	0.009994	0.046809	0.003506	0.499113	0.000579	0.000000	0.000000	0.001691
148	0.434465	0.009845	0.046091	0.003574	0.503874	0.000574	0.000000	0.000000	0.001577
149	0.430398	0.009636	0.045795	0.003461	0.508572	0.000591	0.000000	0.000000	0.001547
150	0.426050	0.009433	0.045513	0.003412	0.513481	0.000605	0.000000	0.000000	0.001506
151	0.421820	0.009232	0.044929	0.003367	0.518558	0.000607	0.000000	0.000000	0.001487
152	0.417409	0.009069	0.044771	0.003349	0.523329	0.000625	0.000000	0.000000	0.001448
153	0.413382	0.008777	0.044374	0.003378	0.528087	0.000611	0.000000	0.000000	0.001391
154	0.409908	0.008584	0.043949	0.003372	0.532254	0.000586	0.000000	0.000000	0.001347
155	0.405796	0.008289	0.043728	0.003402	0.536937	0.000586	0.000000	0.000000	0.001262
156	0.401630	0.008153	0.043301	0.003408	0.541674	0.000573	0.000000	0.000000	0.001261
157	0.397838	0.007895	0.042640	0.003429	0.546387	0.000605	0.000000	0.000000	0.001206
158	0.394029	0.007689	0.041997	0.003363	0.551126	0.000592	0.000000	0.000000	0.001204
159	0.389905	0.007469	0.041490	0.003371	0.556064	0.000562	0.000000	0.000000	0.001139
160	0.385737	0.007303	0.041011	0.003362	0.560904	0.000548	0.000000	0.000000	0.001135
161	0.382098	0.007204	0.040669	0.003404	0.564943	0.000559	0.000000	0.000000	0.001123
162	0.378457	0.006944	0.040239	0.003385	0.569303	0.000558	0.000000	0.000000	0.001114
163	0.374204	0.006818	0.040139	0.003437	0.573769	0.000560	0.000000	0.000000	0.001073
164	0.370746	0.006602	0.039451	0.003469	0.578133	0.000564	0.000000	0.000000	0.001035
165	0.366624	0.006469	0.039280	0.003346	0.582746	0.000525	0.000000	0.000000	0.001010
166	0.362826	0.006251	0.038518	0.003329	0.587522	0.000525	0.000000	0.000000	0.001029
167	0.358953	0.006133	0.038098	0.003228	0.592017	0.000552	0.000000	0.000000	0.001019
168	0.355132	0.006067	0.037612	0.003176	0.596478	0.000542	0.000000	0.000000	0.000993
169	0.351639	0.005931	0.037246	0.003162	0.600510	0.000556	0.000000	0.000000	0.000956
170	0.347766	0.005771	0.036754	0.003170	0.605068	0.000558	0.000000	0.000000	0.000913
171	0.343952	0.005734	0.036412	0.003106	0.609368	0.000529	0.000000	0.000000	0.000899
172	0.340228	0.005604	0.035894	0.003061	0.613797	0.000549	0.000000	0.000000	0.000867
173	0.336367	0.005475	0.035534	0.003111	0.618118	0.000533	0.000000	0.000000	0.000862
174	0.332499	0.005426	0.035116	0.003142	0.622405	0.000539	0.000000	0.000000	0.000873
175	0.328809	0.005396	0.034558	0.003202	0.626633	0.000556	0.000000	0.000000	0.000846
176	0.324751	0.005250	0.034047	0.003136	0.631451	0.000555	0.000000	0.000000	0.000810
177	0.321203	0.005087	0.033619	0.003141	0.635639	0.000549	0.000000	0.000000	0.000762
178	0.317375	0.004949	0.033345	0.003102	0.639913	0.000562	0.000000	0.000000	0.000754
179	0.313989	0.004892	0.032888	0.003105	0.643825	0.000575	0.000000	0.000000	0.000726
180	0.310372	0.004763	0.032440	0.003102	0.648011	0.000587	0.000000	0.000000	0.000725
181	0.306625	0.004685	0.031954	0.003059	0.652409	0.000574	0.000000	0.000000	0.000694
182	0.303285	0.004548	0.031640	0.003099	0.656156	0.000609	0.000000	0.000000	0.000663
183	0.299398	0.004430	0.031300	0.003113	0.660529	0.000602	0.000000	0.000000	0.000628
184	0.295887	0.004364	0.031077	0.003153	0.664314	0.000574	0.000000	0.000000	0.000631
185	0.291988	0.004259	0.030926	0.003179	0.668413	0.000595	0.000000	0.000000	0.000640
186	0.289055	0.004083	0.030391	0.003138	0.672132	0.000602	0.000000	0.000000	0.000599
187	0.285280	0.003936	0.030204	0.003143	0.676237	0.000618	0.000000	0.000000	0.000582
188	0.281538	0.003822	0.029973	0.003146	0.680371	0.000616	0.000000	0.000000	0.000534
189	0.278217	0.003769	0.029638	0.003144	0.684114	0.000601	0.000000	0.000000	0.000517
190	0.274487	0.003656	0.029217	0.003152	0.688363	0.000625	0.000000	0.000000	0.000500
191	0.270975	0.003577	0.028901	0.003211	0.692218	0.000625	0.000000	0.000000	0.000493
192	0.267483	0.003451	0.028505	0.003170	0.696294	0.000612	0.000000	0.000000	0.000485
193	0.263818	0.003465	0.028115	0.003156	0.700372	0.000623	0.000000	0.000000	0.000451
194	0.260339	0.003408	0.027507	0.003207	0.704470	0.000609	0.000000	0.000000	0.000460
195	0.257173	0.003278	0.027036	0.003185	0.708299	0.000613	0.000000	0.000000	0.000416
196	0.253727	0.003242	0.026728	0.003217	0.712109	0.000589	0.000000	0.000000	0.000388
197	0.250503	0.003152	0.026268	0.003176	0.715907	0.000612	0.000000	0.000000	0.000382
198	0.247390	0.003050	0.025976	0.003214	0.719377	0.000625	0.000000	0.000000	0.000368
199	0.244330	0.002994	0.025569	0.003227	0.722895	0.000636	0.000000	0.000000	0.000349
200	0.240914	0.002882	0.025216	0.003246	0.726812	0.000606	0.000000	0.000000	0.000324
201	0.237457	0.002825	0.025047	0.003281	0.730468	0.000613	0.000000	0.000000	0.000309
202	0.234302	0.002683	0.024667	0.003297	0.734174	0.000603	0.000000	0.000000	0.000274
203	0.231272	0.002580	0.024229	0.003308	0.737725	0.000618	0.000000	0.000000	0.000268
204	0.227982	0.002603	0.023877	0.003260	0.741431	0.000632	0.000000	0.000000	0.000215
205	0.225120	0.002455	0.023709	0.003301	0.744585	0.000621	0.000000	0.000000	0.000209
206	0.222026	0.002418	0.023516	0.003283	0.747951	0.000614	0.000000	0.000000	0.000192
207	0.218754	0.002394	0.023164	0.003267	0.751637	0.000607	0.000000	0.000000	0.000177
208	0.215681	0.002325	0.022755	0.003224	0.755221	0.000620	0.000000	0.000000	0.000174
209	0.212510	0.002193	0.022451	0.003192	0.758917	0.000583	0.000000	0.000000	0.000154
210	0.209607	0.002105	0.022184	0.003141	0.762229	0.000588	0.000000	0.000000	0.000146
211	0.206142	0.002120	0.021952	0.003129	0.765938	0.000600	0.000000	0.000000	0.000119
212	0.203441	0.001980	0.021395	0.003138	0.769389	0.000549	0.000000	0.000000	0.000108
213	0.200330	0.001931	0.021218	0.003119	0.772734	0.000562	0.000000	0.000000	0.000106
214	0.197507	0.001839	0.020952	0.003084	0.775966	0.000567	0.000000	0.000000	0.000085
215	0.194132	0.001807	0.020700	0.003066	0.779625	0.000573	0.000000	0.000000	0.000097
216	0.191269	0.001708	0.020430	0.003050	0.782849	0.000601	0.000000	0.000000	0.000093
217	0.188424	0.001645	0.020210	0.003039	0.786015	0.000590	0.000000	0.000000	0.000077
218	0.185504	0.001584	0.019875	0.003063	0.789290	0.000616	0.000000	0.000000	0.000068
219	0.182339	0.001536	0.019572	0.003014	0.792843	0.000619	0.000000	0.000000	0.000077
220	0.179373	0.001585	0.019279	0.003072	0.796022	0.000601	0.000000	0.000000	0.000068
221	0.176400	0.001515	0.019069	0.003066	0.799273	0.000600	0.000000	0.000000	0.000077
222	0.173439	0.001464	0.018706	0.003096	0.802601	0.000625	0.000000	0.000000	0.000069
223	0.171137	0.001428	0.018287	0.003134	0.805361	0.000591	0.000000	0.000000	0.000062
224	0.168736	0.001356	0.017932	0.003066	0.808254	0.000595	0.000000	0.000000	0.000061
225	0.165672	0.001343	0.017592	0.003119	0.811622	0.000600	0.000000	0.000000	0.000052
226	0.163155	0.001297	0.017131	0.003159	0.814611	0.000596	0.000000	0.000000	0.000051
227	0.160760	0.001216	0.016774	0.003182	0.817433	0.000574	0.000000	0.000000	0.000061
228	0.158348	0.001169	0.016482	0.003185	0.820174	0.000581	0.000000	0.000000	0.000061
229	0.155680	0.001215	0.016176	0.003252	0.823044	0.000573	0.000000	0.000000	0.000060
230	0.153282	0.001166	0.015974	0.003288	0.825651	0.000591	0.000000	0.000000	0.000048
231	0.150694	0.001123	0.015965	0.003261	0.828325	0.000586	0.000000	0.000000	0.000046
232	0.147911	0.001123	0.015937	0.003325	0.831075	0.000595	0.000000	0.000000	0.000034
233	0.145532	0.001087	0.015701	0.003312	0.833716	0.000615	0.000000	0.000000	0.000037
234	0.143109	0.001034	0.015443	0.003426	0.836356	0.000597	0.000000	0.000000	0.000035
235	0.140643	0.001042	0.015123	0.003376	0.839190	0.000582	0.000000	0.000000	0.000044
236	0.138250	0.000998	0.014796	0.003366	0.841923	0.000633	0.000000	0.000000	0.000034
237	0.135886	0.000951	0.014478	0.003340	0.844706	0.000599	0.000000	0.000000	0.000040
238	0.133622	0.000894	0.014321	0.003347	0.847151	0.000626	0.000000	0.000000	0.000039
239	0.131387	0.000858	0.014089	0.003327	0.849682	0.000621	0.000000	0.000000	0.000036
240	0.129189	0.000835	0.013851	0.003316	0.852148	0.000628	0.000000	0.000000	0.000033
241	0.126833	0.000802	0.013611	0.003325	0.854778	0.000623	0.000000	0.000000	0.000028
242	0.124498	0.000782	0.013439	0.003344	0.857312	0.000600	0.000000	0.000000	0.000025
243	0.122571	0.000746	0.013200	0.003376	0.859469	0.000613	0.000000	0.000000	0.000025
244	0.120471	0.000768	0.012918	0.003348	0.861883	0.000589	0.000000	0.000000	0.000023
245	0.118154	0.000741	0.012738	0.003372	0.864374	0.000605	0.000000	0.000000	0.000016
246	0.116026	0.000662	0.012662	0.003324	0.866719	0.000579	0.000000	0.000000	0.000028
247	0.113951	0.000645	0.012511	0.003319	0.868923	0.000620	0.000000	0.000000	0.000031
248	0.111801	0.000641	0.012193	0.003347	0.871360	0.000630	0.000000	0.000000	0.000028
249	0.109764	0.000614	0.012046	0.003333	0.873592	0.000627	0.000000	0.000000	0.000024
250	0.107725	0.000563	0.011906	0.003368	0.875822	0.000590	0.000000	0.000000	0.000026
251	0.105832	0.000556	0.011572	0.003341	0.878034	0.000635	0.000000	0.000000	0.000030
252	0.103756	0.000534	0.011454	0.003353	0.880244	0.000637	0.000000	0.000000	0.000022
253	0.102032	0.000522	0.011210	0.003397	0.882185	0.000636	0.000000	0.000000	0.000018
254	0.100037	0.000502	0.011084	0.003397	0.884311	0.000654	0.000000	0.000000	0.000015
255	0.098163	0.000493	0.011079	0.003384	0.886251	0.000621	0.000000	0.000000	0.000009
256	0.096151	0.000495	0.010825	0.003381	0.888520	0.000621	0.000000	0.000000	0.000007
257	0.094341	0.000482	0.010738	0.003428	0.890401	0.000604	0.000000	0.000000	0.000006
258	0.092588	0.000464	0.010411	0.003462	0.892407	0.000661	0.000000	0.000000	0.000007
259	0.090858	0.000442	0.010086	0.003514	0.894423	0.000669	0.000000	0.000000	0.000008
260	0.089063	0.000437	0.009956	0.003508	0.896353	0.000673	0.000000	0.000000	0.000010
261	0.087297	0.000419	0.009757	0.003531	0.898303	0.000679	0.000000	0.000000	0.000014
262	0.085570	0.000396	0.009634	0.003526	0.900189	0.000670	0.000000	0.000000	0.000015
263	0.083823	0.000403	0.009336	0.003472	0.902257	0.000695	0.000000	0.000000	0.000014
264	0.082254	0.000400	0.009045	0.003495	0.904133	0.000665	0.000000	0.000000	0.000008
265	0.080643	0.000362	0.008901	0.003417	0.906021	0.000649	0.000000	0.000000	0.000007
266	0.079102	0.000338	0.008615	0.003404	0.907905	0.000623	0.000000	0.000000	0.000013
267	0.077566	0.000369	0.008385	0.003341	0.909687	0.000645	0.000000	0.000000	0.000007
268	0.076019	0.000336	0.008203	0.003372	0.911444	0.000618	0.000000	0.000000	0.000008
269	0.074486	0.000351	0.007993	0.003392	0.913152	0.000618	0.000000	0.000000	0.000008
270	0.073284	0.000314	0.007722	0.003352	0.914685	0.000630	0.000000	0.000000	0.000013
271	0.071740	0.000318	0.007641	0.003365	0.916315	0.000609	0.000000	0.000000	0.000012
272	0.070293	0.000315	0.007525	0.003418	0.917825	0.000608	0.000000	0.000000	0.000016
273	0.068951	0.000319	0.007341	0.003373	0.919403	0.000599	0.000000	0.000000	0.000014
274	0.067417	0.000309	0.007103	0.003349	0.921206	0.000603	0.000000	0.000000	0.000013
275	0.065639	0.000305	0.007004	0.003381	0.923056	0.000601	0.000000	0.000000	0.000014
276	0.064135	0.000285	0.006905	0.003384	0.924690	0.000585	0.000000	0.000000	0.000016
277	0.062954	0.000273	0.006761	0.003419	0.926002	0.000572	0.000000	0.000000	0.000019
278	0.061456	0.000273	0.006692	0.003374	0.927610	0.000581	0.000000	0.000000	0.000014
279	0.060211	0.000262	0.006593	0.003357	0.928996	0.000568	0.000000	0.000000	0.000013
280	0.059163	0.000251	0.006285	0.003335	0.930375	0.000584	0.000000	0.000000	0.000007
281	0.058258	0.000238	0.005905	0.003403	0.931609	0.000580	0.000000	0.000000	0.000007
282	0.056823	0.000210	0.005745	0.003376	0.933227	0.000613	0.000000	0.000000	0.000006
283	0.055576	0.000222	0.005613	0.003445	0.934504	0.000637	0.000000	0.000000	0.000003
284	0.054452	0.000205	0.005565	0.003415	0.935762	0.000600	0.000000	0.000000	0.000001
285	0.053487	0.000205	0.005493	0.003427	0.936790	0.000595	0.000000	0.000000	0.000003
286	0.052453	0.000178	0.005264	0.003394	0.938110	0.000597	0.000000	0.000000	0.000004
287	0.051384	0.000172	0.005255	0.003424	0.939196	0.000567	0.000000	0.000000	0.000002
288	0.050510	0.000154	0.005098	0.003396	0.940268	0.000571	0.000000	0.000000	0.000003
289	0.049264	0.000149	0.004993	0.003409	0.941650	0.000532	0.000000	0.000000	0.000003
290	0.048161	0.000124	0.004871	0.003405	0.942892	0.000546	0.000000	0.000000	0.000001
291	0.047287	0.000146	0.004832	0.003432	0.943749	0.000550	0.000000	0.000000	0.000004
292	0.046185	0.000137	0.004710	0.003382	0.945065	0.000519	0.000000	0.000000	0.000002
293	0.045100	0.000133	0.004682	0.003355	0.946211	0.000518	0.000000	0.000000	0.000001
294	0.043819	0.000141	0.004635	0.003293	0.947591	0.000517	0.000000	0.000000	0.000004
295	0.042825	0.000134	0.004566	0.003335	0.948620	0.000515	0.000000	0.000000	0.000005
296	0.041521	0.000138	0.004535	0.003246	0.950046	0.000509	0.000000	0.000000	0.000005
297	0.040554	0.000126	0.004455	0.003250	0.951096	0.000510	0.000000	0.000000	0.000009
298	0.039568	0.000124	0.004381	0.003219	0.952198	0.000504	0.000000	0.000000	0.000006
299	0.038700	0.000105	0.004134	0.003215	0.953369	0.000474	0.000000	0.000000	0.000003
300	0.037757	0.000100	0.004122	0.003255	0.954291	0.000469	0.000000	0.000000	0.000006
301	0.036759	0.000095	0.004006	0.003215	0.955425	0.000495	0.000000	0.000000	0.000005
302	0.035727	0.000093	0.003936	0.003189	0.956565	0.000484	0.000000	0.000000	0.000006
303	0.034955	0.000096	0.003871	0.003196	0.957355	0.000522	0.000000	0.000000	0.000005
304	0.033975	0.000106	0.003785	0.003198	0.958432	0.000497	0.000000	0.000000	0.000007
305	0.033456	0.000095	0.003670	0.003173	0.959081	0.000512	0.000000	0.000000	0.000013
306	0.032487	0.000095	0.003576	0.003233	0.960110	0.000488	0.000000	0.000000	0.000011
307	0.031617	0.000083	0.003507	0.003175	0.961090	0.000513	0.000000	0.000000	0.000015
308	0.030855	0.000082	0.003426	0.003182	0.961932	0.000507	0.000000	0.000000	0.000016
309	0.030031	0.000079	0.003361	0.003229	0.962772	0.000511	0.000000	0.000000	0.000017
310	0.029147	0.000071	0.003334	0.003205	0.963726	0.000501	0.000000	0.000000	0.000016
311	0.028355	0.000072	0.003295	0.003253	0.964525	0.000487	0.000000	0.000000	0.000013
312	0.027780	0.000071	0.003172	0.003278	0.965191	0.000494	0.000000	0.000000	0.000014
313	0.027079	0.000057	0.003087	0.003234	0.966032	0.000504	0.000000	0.000000	0.000007
314	0.026433	0.000043	0.003030	0.003288	0.966702	0.000502	0.000000	0.000000	0.000002
315	0.025786	0.000040	0.003010	0.003158	0.967487	0.000514	0.000000	0.000000	0.000005
316	0.025142	0.000035	0.002911	0.003199	0.968165	0.000543	0.000000	0.000000	0.000005
317	0.024547	0.000027	0.002800	0.003228	0.968887	0.000508	0.000000	0.000000	0.000003
318	0.023800	0.000025	0.002750	0.003244	0.969643	0.000535	0.000000	0.000000	0.000003
319	0.023148	0.000024	0.002748	0.003261	0.970263	0.000553	0.000000	0.000000	0.000003
320	0.022575	0.000016	0.002711	0.003270	0.970861	0.000563	0.000000	0.000000	0.000004
321	0.021936	0.000016	0.002644	0.003306	0.971555	0.000543	0.000000	0.000000	0.000000
322	0.021321	0.000018	0.002576	0.003271	0.972272	0.000540	0.000000	0.000000	0.000002
323	0.020721	0.000013	0.002539	0.003292	0.972909	0.000523	0.000000	0.000000	0.000003
324	0.020148	0.000012	0.002473	0.003355	0.973514	0.000498	0.000000	0.000000	0.000000
325	0.019468	0.000013	0.002376	0.003345	0.974279	0.000519	0.000000	0.000000	0.000000
326	0.018937	0.000007	0.002326	0.003338	0.974917	0.000475	0.000000	0.000000	0.000000
327	0.018372	0.000008	0.002292	0.003357	0.975505	0.000466	0.000000	0.000000	0.000000
328	0.017861	0.000003	0.002193	0.003383	0.976075	0.000485	0.000000	0.000000	0.000000
329	0.017413	0.000003	0.002100	0.003325	0.976699	0.000460	0.000000	0.000000	0.000000
330	0.016882	0.000003	0.002056	0.003332	0.977243	0.000484	0.000000	0.000000	0.000000
331	0.016413	0.000003	0.001966	0.003367	0.977805	0.000446	0.000000	0.000000	0.000000
332	0.016013	0.000002	0.001917	0.003414	0.978197	0.000457	0.000000	0.000000	0.000000
333	0.015645	0.000002	0.001889	0.003452	0.978570	0.000442	0.000000	0.000000	0.000000
334	0.015201	0.000001	0.001821	0.003508	0.979031	0.000438	0.000000	0.000000	0.000000
335	0.014851	0.000001	0.001794	0.003567	0.979339	0.000448	0.000000	0.000000	0.000000
336	0.014472	0.000001	0.001750	0.003591	0.979754	0.000432	0.000000	0.000000	0.000000
337	0.014114	0.000001	0.001736	0.003579	0.980152	0.000418	0.000000	0.000000	0.000000
338	0.013662	0.000000	0.001662	0.003595	0.980636	0.000445	0.000000	0.000000	0.000000
339	0.013365	0.000000	0.001615	0.003546	0.981025	0.000449	0.000000	0.000000	0.000000
340	0.012958	0.000000	0.001571	0.003537	0.981449	0.000485	0.000000	0.000000	0.000000
341	0.012527	0.000000	0.001508	0.003530	0.981971	0.000464	0.000000	0.000000	0.000000
342	0.012258	0.000000	0.001388	0.003612	0.982297	0.000445	0.000000	0.000000	0.000000
343	0.011890	0.000000	0.001405	0.003627	0.982614	0.000464	0.000000	0.000000	0.000000
344	0.011472	0.000000	0.001369	0.003607	0.983088	0.000464	0.000000	0.000000	0.000000
345	0.011114	0.000000	0.001374	0.003557	0.983480	0.000475	0.000000	0.000000	0.000000
346	0.010871	0.000000	0.001291	0.003526	0.983837	0.000475	0.000000	0.000000	0.000000
347	0.010565	0.000000	0.001213	0.003561	0.984174	0.000487	0.000000	0.000000	0.000000
348	0.010178	0.000000	0.001168	0.003534	0.984664	0.000456	0.000000	0.000000	0.000000
349	0.009879	0.000000	0.001107	0.003434	0.985133	0.000447	0.000000	0.000000	0.000000
350	0.009501	0.000000	0.001104	0.003518	0.985424	0.000453	0.000000	0.000000	0.000000
351	0.009188	0.000000	0.001089	0.003558	0.985726	0.000439	0.000000	0.000000	0.000000
352	0.008993	0.000000	0.001001	0.003608	0.985941	0.000457	0.000000	0.000000	0.000000
353	0.008655	0.000000	0.000980	0.003566	0.986341	0.000458	0.000000	0.000000	0.000000
354	0.008388	0.000000	0.000974	0.003555	0.986615	0.000468	0.000000	0.000000	0.000000
355	0.008162	0.000000	0.000947	0.003553	0.986867	0.000471	0.000000	0.000000	0.000000
356	0.007922	0.000000	0.000946	0.003538	0.987129	0.000465	0.000000	0.000000	0.000000
357	0.007779	0.000000	0.000929	0.003628	0.987190	0.000474	0.000000	0.000000	0.000000
358	0.007549	0.000000	0.000891	0.003624	0.987452	0.000484	0.000000	0.000000	0.000000
359	0.007288	0.000000	0.000896	0.003565	0.987754	0.000497	0.000000	0.000000	0.000000
360	0.007040	0.000000	0.000877	0.003529	0.988047	0.000507	0.000000	0.000000	0.000000
361	0.006817	0.000000	0.000870	0.003479	0.988332	0.000502	0.000000	0.000000	0.000000
362	0.006494	0.000000	0.000823	0.003391	0.988796	0.000496	0.000000	0.000000	0.000000
363	0.006232	0.000000	0.000787	0.003416	0.989075	0.000490	0.000000	0.000000	0.000000
364	0.006089	0.000000	0.000752	0.003368	0.989284	0.000507	0.000000	0.000000	0.000000
365	0.005882	0.000000	0.000739	0.003312	0.989552	0.000515	0.000000	0.000000	0.000000
366	0.005606	0.000000	0.000712	0.003370	0.989797	0.000515	0.000000	0.000000	0.000000
367	0.005400	0.000000	0.000691	0.003284	0.990105	0.000520	0.000000	0.000000	0.000000
368	0.005170	0.000000	0.000678	0.003311	0.990310	0.000531	0.000000	0.000000	0.000000
369	0.004997	0.000000	0.000641	0.003215	0.990582	0.000565	0.000000	0.000000	0.000000
370	0.004817	0.000000	0.000650	0.003269	0.990698	0.000566	0.000000	0.000000	0.000000
371	0.004555	0.000000	0.000616	0.003242	0.991060	0.000527	0.000000	0.000000	0.000000
372	0.004412	0.000000	0.000595	0.003266	0.991203	0.000524	0.000000	0.000000	0.000000
373	0.004231	0.000000	0.000525	0.003219	0.991477	0.000548	0.000000	0.000000	0.000000
374	0.004057	0.000000	0.000465	0.003221	0.991710	0.000547	0.000000	0.000000	0.000000
375	0.003887	0.000000	0.000449	0.003233	0.991905	0.000526	0.000000	0.000000	0.000000
376	0.003706	0.000000	0.000443	0.003195	0.992147	0.000509	0.000000	0.000000	0.000000
377	0.003493	0.000000	0.000435	0.003262	0.992296	0.000514	0.000000	0.000000	0.000000
378	0.003416	0.000000	0.000392	0.003218	0.992472	0.000502	0.000000	0.000000	0.000000
379	0.003269	0.000000	0.000369	0.003171	0.992677	0.000514	0.000000	0.000000	0.000000
380	0.003187	0.000000	0.000368	0.003134	0.992792	0.000519	0.000000	0.000000	0.000000
381	0.002965	0.000000	0.000348	0.003151	0.993045	0.000491	0.000000	0.000000	0.000000
382	0.002812	0.000000	0.000339	0.003139	0.993210	0.000500	0.000000	0.000000	0.000000
383	0.002725	0.000000	0.000348	0.003148	0.993278	0.000501	0.000000	0.000000	0.000000
384	0.002614	0.000000	0.000324	0.003151	0.993382	0.000529	0.000000	0.000000	0.000000
385	0.002509	0.000000	0.000327	0.003082	0.993551	0.000531	0.000000	0.000000	0.000000
386	0.002372	0.000000	0.000339	0.003129	0.993636	0.000524	0.000000	0.000000	0.000000
387	0.002276	0.000000	0.000336	0.003113	0.993732	0.000543	0.000000	0.000000	0.000000
388	0.002170	0.000000	0.000340	0.003105	0.993813	0.000572	0.000000	0.000000	0.000000
389	0.002105	0.000000	0.000296	0.003102	0.993936	0.000561	0.000000	0.000000	0.000000
390	0.002009	0.000000	0.000287	0.003060	0.994078	0.000566	0.000000	0.000000	0.000000
391	0.001977	0.000000	0.000300	0.003059	0.994100	0.000564	0.000000	0.000000	0.000000
392	0.001854	0.000000	0.000295	0.003062	0.994240	0.000549	0.000000	0.000000	0.000000
393	0.001801	0.000000	0.000304	0.003099	0.994226	0.000570	0.000000	0.000000	0.000000
394	0.001738	0.000000	0.000301	0.002999	0.994412	0.000550	0.000000	0.000000	0.000000
395	0.001649	0.000000	0.000255	0.003031	0.994526	0.000539	0.000000	0.000000	0.000000
396	0.001583	0.000000	0.000259	0.003082	0.994539	0.000537	0.000000	0.000000	0.000000
397	0.001580	0.000000	0.000251	0.003068	0.994573	0.000528	0.000000	0.000000	0.000000
398	0.001532	0.000000	0.000229	0.003038	0.994703	0.000498	0.000000	0.000000	0.000000
399	0.001452	0.000000	0.000232	0.003025	0.994809	0.000482	0.000000	0.000000	0.000000
400	0.001379	0.000000	0.000238	0.002923	0.994973	0.000487	0.000000	0.000000	0.000000
401	0.001378	0.000000	0.000186	0.002994	0.994956	0.000486	0.000000	0.000000	0.000000
402	0.001319	0.000000	0.000173	0.003015	0.995020	0.000473	0.000000	0.000000	0.000000
403	0.001327	0.000000	0.000146	0.002979	0.995079	0.000469	0.000000	0.000000	0.000000
404	0.001286	0.000000	0.000147	0.002973	0.995112	0.000482	0.000000	0.000000	0.000000
405	0.001228	0.000000	0.000164	0.002990	0.995149	0.000469	0.000000	0.000000	0.000000
406	0.001206	0.000000	0.000146	0.002996	0.995181	0.000471	0.000000	0.000000	0.000000
407	0.001141	0.000000	0.000149	0.002951	0.995271	0.000488	0.000000	0.000000	0.000000
408	0.001093	0.000000	0.000153	0.002978	0.995259	0.000517	0.000000	0.000000	0.000000
409	0.001052	0.000000	0.000136	0.003050	0.995278	0.000484	0.000000	0.000000	0.000000
410	0.000996	0.000000	0.000128	0.003011	0.995344	0.000521	0.000000	0.000000	0.000000
411	0.000968	0.000000	0.000099	0.003015	0.995416	0.000502	0.000000	0.000000	0.000000
412	0.000938	0.000000	0.000081	0.003003	0.995459	0.000519	0.000000	0.000000	0.000000
413	0.000863	0.000000	0.000075	0.003025	0.995499	0.000538	0.000000	0.000000	0.000000
414	0.000822	0.000000	0.000061	0.003046	0.995524	0.000547	0.000000	0.000000	0.000000
415	0.000769	0.000000	0.000065	0.003034	0.995593	0.000539	0.000000	0.000000	0.000000
416	0.000752	0.000000	0.000060	0.003075	0.995520	0.000593	0.000000	0.000000	0.000000
417	0.000702	0.000000	0.000056	0.003048	0.995615	0.000579	0.000000	0.000000	0.000000
418	0.000679	0.000000	0.000055	0.003020	0.995694	0.000552	0.000000	0.000000	0.000000
419	0.000643	0.000000	0.000049	0.002940	0.995768	0.000600	0.000000	0.000000	0.000000
420	0.000632	0.000000	0.000047	0.002962	0.995811	0.000548	0.000000	0.000000	0.000000
421	0.000616	0.000000	0.000045	0.002956	0.995828	0.000555	0.000000	0.000000	0.000000
422	0.000573	0.000000	0.000039	0.002999	0.995840	0.000549	0.000000	0.000000	0.000000
423	0.000558	0.000000	0.000040	0.002966	0.995877	0.000559	0.000000	0.000000	0.000000
424	0.000538	0.000000	0.000035	0.002975	0.995948	0.000504	0.000000	0.000000	0.000000
425	0.000531	0.000000	0.000046	0.003015	0.995892	0.000516	0.000000	0.000000	0.000000
426	0.000514	0.000000	0.000043	0.003053	0.995858	0.000532	0.000000	0.000000	0.000000
427	0.000500	0.000000	0.000041	0.003077	0.995837	0.000545	0.000000	0.000000	0.000000
428	0.000453	0.000000	0.000036	0.003020	0.995930	0.000561	0.000000	0.000000	0.000000
429	0.000432	0.000000	0.000024	0.002987	0.995966	0.000591	0.000000	0.000000	0.000000
430	0.000385	0.000000	0.000026	0.003007	0.996002	0.000580	0.000000	0.000000	0.000000
431	0.000372	0.000000	0.000021	0.002925	0.996141	0.000541	0.000000	0.000000	0.000000
432	0.000353	0.000000	0.000019	0.002877	0.996202	0.000549	0.000000	0.000000	0.000000
433	0.000335	0.000000	0.000023	0.002904	0.996182	0.000556	0.000000	0.000000	0.000000
434	0.000311	0.000000	0.000029	0.002906	0.996170	0.000584	0.000000	0.000000	0.000000
435	0.000283	0.000000	0.000028	0.002887	0.996220	0.000582	0.000000	0.000000	0.000000
436	0.000274	0.000000	0.000027	0.002867	0.996288	0.000544	0.000000	0.000000	0.000000
437	0.000248	0.000000	0.000030	0.002959	0.996190	0.000573	0.000000	0.000000	0.000000
438	0.000216	0.000000	0.000030	0.003014	0.996208	0.000532	0.000000	0.000000	0.000000
439	0.000194	0.000000	0.000031	0.002992	0.996269	0.000514	0.000000	0.000000	0.000000
440	0.000207	0.000000	0.000022	0.002997	0.996258	0.000516	0.000000	0.000000	0.000000
441	0.000198	0.000000	0.000021	0.002943	0.996304	0.000534	0.000000	0.000000	0.000000
442	0.000209	0.000000	0.000021	0.002947	0.996283	0.000540	0.000000	0.000000	0.000000
443	0.000191	0.000000	0.000023	0.003010	0.996277	0.000499	0.000000	0.000000	0.000000
444	0.000193	0.000000	0.000018	0.002954	0.996367	0.000468	0.000000	0.000000	0.000000
445	0.000184	0.000000	0.000019	0.002952	0.996377	0.000468	0.000000	0.000000	0.000000
446	0.000173	0.000000	0.000025	0.002986	0.996319	0.000497	0.000000	0.000000	0.000000
447	0.000158	0.000000	0.000018	0.002986	0.996351	0.000487	0.000000	0.000000	0.000000
448	0.000154	0.000000	0.000016	0.002946	0.996391	0.000493	0.000000	0.000000	0.000000
449	0.000139	0.000000	0.000011	0.002900	0.996461	0.000489	0.000000	0.000000	0.000000
450	0.000129	0.000000	0.000011	0.002929	0.996456	0.000475	0.000000	0.000000	0.000000
451	0.000118	0.000000	0.000008	0.002885	0.996517	0.000472	0.000000	0.000000	0.000000
452	0.000117	0.000000	0.000007	0.002884	0.996518	0.000474	0.000000	0.000000	0.000000
453	0.000106	0.000000	0.000004	0.002903	0.996528	0.000459	0.000000	0.000000	0.000000
454	0.000099	0.000000	0.000004	0.002909	0.996513	0.000475	0.000000	0.000000	0.000000
455	0.000084	0.000000	0.000004	0.002896	0.996530	0.000486	0.000000	0.000000	0.000000
456	0.000082	0.000000	0.000005	0.002935	0.996480	0.000498	0.000000	0.000000	0.000000
457	0.000083	0.000000	0.000005	0.002968	0.996453	0.000491	0.000000	0.000000	0.000000
458	0.000068	0.000000	0.000006	0.002886	0.996541	0.000499	0.000000	0.000000	0.000000
459	0.000067	0.000000	0.000005	0.002849	0.996587	0.000492	0.000000	0.000000	0.000000
460	0.000053	0.000000	0.000005	0.002834	0.996617	0.000491	0.000000	0.000000	0.000000
461	0.000054	0.000000	0.000005	0.002863	0.996599	0.000479	0.000000	0.000000	0.000000
462	0.000051	0.000000	0.000002	0.002846	0.996634	0.000467	0.000000	0.000000	0.000000
463	0.000044	0.000000	0.000002	0.002851	0.996661	0.000442	0.000000	0.000000	0.000000
464	0.000032	0.000000	0.000001	0.002853	0.996692	0.000422	0.000000	0.000000	0.000000
465	0.000026	0.000000	0.000000	0.002863	0.996675	0.000436	0.000000	0.000000	0.000000
466	0.000029	0.000000	0.000000	0.002840	0.996692	0.000439	0.000000	0.000000	0.000000
467	0.000029	0.000000	0.000000	0.002921	0.996614	0.000436	0.000000	0.000000	0.000000
468	0.000022	0.000000	0.000000	0.002908	0.996655	0.000415	0.000000	0.000000	0.000000
469	0.000017	0.000000	0.000000	0.002887	0.996672	0.000424	0.000000	0.000000	0.000000
470	0.000016	0.000000	0.000000	0.002881	0.996674	0.000429	0.000000	0.000000	0.000000
