0	0.290663	0.057897	0.229473	0.157588	0.029913	0.111872	0.085455	0.012259	0.024880
1	0.240704	0.049603	0.205898	0.140347	0.028879	0.121375	0.107497	0.021298	0.084399
2	0.247980	0.050656	0.210937	0.135326	0.028996	0.117242	0.100883	0.019873	0.088107
3	0.261676	0.052110	0.216898	0.129746	0.029625	0.111582	0.092036	0.018248	0.088079
4	0.276124	0.053327	0.222643	0.124635	0.030492	0.105516	0.083470	0.016252	0.087541
5	0.290542	0.054745	0.227535	0.119405	0.031038	0.099028	0.076104	0.014619	0.086984
6	0.304830	0.055897	0.231875	0.114516	0.031643	0.092763	0.069245	0.013196	0.086035
7	0.318794	0.057107	0.235901	0.109275	0.032344	0.086757	0.062365	0.011756	0.085701
8	0.331735	0.058168	0.239462	0.104029	0.033010	0.081480	0.056852	0.010476	0.084788
9	0.344699	0.058841	0.242336	0.099074	0.033736	0.076033	0.051886	0.009427	0.083968
10	0.357513	0.059158	0.244838	0.093976	0.034576	0.071034	0.047168	0.008447	0.083290
11	0.369778	0.059754	0.246523	0.089000	0.035219	0.066474	0.042875	0.007530	0.082847
12	0.382160	0.060419	0.247136	0.084129	0.035989	0.062018	0.039213	0.006744	0.082192
13	0.393487	0.060860	0.248310	0.080014	0.036459	0.057596	0.035996	0.006112	0.081166
14	0.404455	0.061036	0.249802	0.075206	0.037132	0.053936	0.032592	0.005424	0.080417
15	0.414913	0.061256	0.251113	0.070665	0.038043	0.050125	0.029500	0.004937	0.079448
16	0.425471	0.061391	0.251277	0.066639	0.038785	0.046544	0.026922	0.004523	0.078448
17	0.435102	0.061095	0.251101	0.063151	0.039642	0.043287	0.024629	0.004036	0.077957
18	0.444431	0.060844	0.251656	0.059463	0.040573	0.040256	0.022315	0.003595	0.076867
19	0.453995	0.061012	0.250905	0.055832	0.041370	0.037468	0.020253	0.003284	0.075881
20	0.461888	0.060904	0.250293	0.052774	0.042270	0.034625	0.018676	0.003058	0.075512
21	0.469267	0.060304	0.250136	0.050195	0.043233	0.032465	0.017260	0.002843	0.074297
22	0.477339	0.060122	0.249559	0.047350	0.043795	0.029976	0.015621	0.002613	0.073625
23	0.484767	0.059875	0.249157	0.044402	0.044673	0.028057	0.014361	0.002343	0.072365
24	0.492148	0.059567	0.247907	0.041695	0.045703	0.025979	0.013088	0.002186	0.071727
25	0.499666	0.059427	0.246320	0.039213	0.046927	0.023992	0.012001	0.001964	0.070490
26	0.505866	0.059095	0.245006	0.037029	0.048327	0.022339	0.010906	0.001800	0.069632
27	0.512009	0.058630	0.244192	0.034912	0.049159	0.020789	0.010027	0.001682	0.068600
28	0.517618	0.058334	0.243214	0.032706	0.050528	0.019151	0.009102	0.001517	0.067830
29	0.522990	0.058195	0.241613	0.030959	0.051487	0.018098	0.008486	0.001327	0.066845
30	0.527851	0.058142	0.240821	0.029175	0.052436	0.016853	0.007727	0.001185	0.065810
31	0.532913	0.057696	0.239350	0.027574	0.053511	0.015820	0.007145	0.001075	0.064916
32	0.537266	0.057632	0.237849	0.026001	0.054868	0.014978	0.006556	0.000987	0.063863
33	0.541780	0.057068	0.236850	0.024562	0.056095	0.014028	0.005881	0.000931	0.062805
34	0.546062	0.056891	0.235436	0.023215	0.056797	0.013327	0.005481	0.000828	0.061963
35	0.550181	0.056556	0.233974	0.022157	0.058394	0.012567	0.005197	0.000742	0.060232
36	0.553797	0.056438	0.232378	0.021056	0.059866	0.011811	0.004691	0.000682	0.059281
37	0.557545	0.055569	0.231141	0.019945	0.061352	0.011083	0.004356	0.000606	0.058403
38	0.561560	0.055024	0.229475	0.018915	0.062934	0.010429	0.003913	0.000561	0.057189
39	0.564577	0.054617	0.227910	0.018151	0.064504	0.009923	0.003640	0.000527	0.056151
40	0.567682	0.053941	0.226553	0.017306	0.066078	0.009144	0.003295	0.000486	0.055515
41	0.570741	0.053388	0.224970	0.016548	0.067857	0.008649	0.003061	0.000457	0.054329
42	0.572799	0.053305	0.224070	0.015644	0.069170	0.008247	0.002801	0.000404	0.053560
43	0.575878	0.052808	0.222310	0.014829	0.070829	0.007637	0.002679	0.000339	0.052691
44	0.578623	0.051821	0.221296	0.014083	0.072624	0.007280	0.002413	0.000322	0.051538
45	0.580568	0.051590	0.219798	0.013544	0.074237	0.006830	0.002243	0.000277	0.050913
46	0.582450	0.051129	0.218640	0.012857	0.076171	0.006528	0.002047	0.000270	0.049908
47	0.584908	0.050792	0.216785	0.012167	0.078195	0.006118	0.001941	0.000224	0.048870
48	0.586529	0.050404	0.215719	0.011649	0.080025	0.005808	0.001796	0.000228	0.047842
49	0.587863	0.050021	0.214463	0.011177	0.082212	0.005537	0.001628	0.000161	0.046938
50	0.589322	0.049615	0.213158	0.010668	0.084185	0.005306	0.001523	0.000169	0.046054
51	0.591292	0.049155	0.211039	0.010328	0.086323	0.004992	0.001462	0.000132	0.045277
52	0.592802	0.048721	0.209812	0.009983	0.087921	0.004938	0.001361	0.000135	0.044327
53	0.594446	0.047712	0.208975	0.009621	0.089986	0.004625	0.001238	0.000138	0.043259
54	0.595642	0.047264	0.207459	0.009257	0.092214	0.004373	0.001151	0.000122	0.042518
55	0.596854	0.046994	0.206008	0.008959	0.094224	0.004218	0.001069	0.000110	0.041564
56	0.598592	0.046278	0.204283	0.008453	0.096370	0.004019	0.001031	0.000117	0.040857
57	0.599274	0.045933	0.203142	0.008258	0.098357	0.003835	0.000936	0.000099	0.040166
58	0.599516	0.045760	0.202161	0.007937	0.100591	0.003723	0.000878	0.000112	0.039322
59	0.600745	0.045352	0.200588	0.007622	0.102933	0.003544	0.000821	0.000092	0.038303
60	0.601675	0.044845	0.199231	0.007418	0.105273	0.003418	0.000730	0.000074	0.037336
61	0.602371	0.044464	0.197998	0.007203	0.107548	0.003166	0.000651	0.000061	0.036538
62	0.603011	0.044404	0.196581	0.006925	0.109630	0.002916	0.000636	0.000060	0.035837
63	0.603102	0.043986	0.195427	0.006678	0.112323	0.002779	0.000571	0.000044	0.035090
64	0.603601	0.043606	0.193897	0.006541	0.114739	0.002754	0.000495	0.000038	0.034329
65	0.603825	0.043055	0.192784	0.006289	0.117439	0.002651	0.000466	0.000029	0.033462
66	0.603976	0.042362	0.192027	0.006162	0.119957	0.002520	0.000439	0.000034	0.032523
67	0.604686	0.042129	0.190505	0.005880	0.122401	0.002391	0.000395	0.000036	0.031577
68	0.605085	0.041836	0.189015	0.005645	0.124803	0.002376	0.000381	0.000019	0.030840
69	0.605325	0.041090	0.188001	0.005524	0.127536	0.002286	0.000344	0.000020	0.029874
70	0.605789	0.040682	0.186569	0.005371	0.130087	0.002131	0.000309	0.000015	0.029047
71	0.605493	0.040206	0.185550	0.005182	0.132814	0.002055	0.000280	0.000018	0.028402
72	0.605545	0.039543	0.184370	0.005067	0.135481	0.002048	0.000261	0.000020	0.027665
73	0.605409	0.038953	0.183031	0.004902	0.138533	0.001925	0.000260	0.000017	0.026970
74	0.605259	0.038703	0.181398	0.004781	0.141345	0.001876	0.000244	0.000017	0.026377
75	0.604734	0.038297	0.180296	0.004683	0.144324	0.001802	0.000235	0.000015	0.025614
76	0.603606	0.038166	0.179355	0.004531	0.147498	0.001742	0.000210	0.000015	0.024877
77	0.603446	0.037636	0.178126	0.004326	0.150521	0.001634	0.000188	0.000015	0.024108
78	0.602606	0.037307	0.177147	0.004136	0.153576	0.001576	0.000179	0.000011	0.023462
79	0.602055	0.037137	0.176046	0.004033	0.156375	0.001551	0.000164	0.000009	0.022630
80	0.601350	0.036560	0.174487	0.003997	0.159896	0.001552	0.000159	0.000012	0.021987
81	0.600569	0.036215	0.173711	0.003922	0.162542	0.001515	0.000154	0.000010	0.021362
82	0.599463	0.035784	0.172782	0.003944	0.165715	0.001422	0.000150	0.000009	0.020731
83	0.598214	0.035254	0.171718	0.003840	0.169373	0.001340	0.000139	0.000007	0.020115
84	0.596559	0.034854	0.170909	0.003812	0.172767	0.001291	0.000113	0.000007	0.019688
85	0.595232	0.034445	0.169876	0.003827	0.176037	0.001263	0.000104	0.000007	0.019209
86	0.594182	0.033779	0.169074	0.003712	0.179282	0.001227	0.000095	0.000012	0.018637
87	0.592708	0.033392	0.168647	0.003606	0.182394	0.001210	0.000096	0.000009	0.017938
88	0.591787	0.032972	0.167514	0.003548	0.185339	0.001182	0.000089	0.000008	0.017561
89	0.590930	0.032311	0.166172	0.003521	0.188639	0.001168	0.000073	0.000007	0.017179
90	0.589669	0.031929	0.165171	0.003454	0.191946	0.001133	0.000061	0.000010	0.016627
91	0.588544	0.031332	0.163539	0.003396	0.195766	0.001085	0.000070	0.000005	0.016263
92	0.587103	0.031001	0.162707	0.003395	0.198793	0.000997	0.000067	0.000008	0.015929
93	0.585416	0.030387	0.161571	0.003381	0.202888	0.000999	0.000065	0.000005	0.015288
94	0.583603	0.030121	0.160418	0.003310	0.206556	0.000978	0.000060	0.000007	0.014947
95	0.582162	0.029734	0.159589	0.003218	0.209919	0.000939	0.000045	0.000008	0.014386
96	0.580744	0.029096	0.158756	0.003182	0.213271	0.000904	0.000057	0.000003	0.013987
97	0.578444	0.028768	0.157577	0.003077	0.217479	0.000874	0.000053	0.000003	0.013725
98	0.576728	0.028384	0.156353	0.002990	0.221224	0.000854	0.000043	0.000003	0.013421
99	0.574782	0.028263	0.155330	0.002904	0.224855	0.000805	0.000042	0.000003	0.013016
100	0.572318	0.028105	0.154221	0.002849	0.228834	0.000788	0.000035	0.000003	0.012847
101	0.571034	0.027517	0.153404	0.002849	0.231943	0.000805	0.000031	0.000002	0.012415
102	0.569263	0.027130	0.152277	0.002794	0.235730	0.000784	0.000021	0.000003	0.011998
103	0.566873	0.026625	0.151636	0.002755	0.239683	0.000735	0.000021	0.000002	0.011670
104	0.564726	0.026147	0.151090	0.002703	0.243219	0.000734	0.000016	0.000003	0.011362
105	0.561949	0.025841	0.150365	0.002708	0.247263	0.000712	0.000010	0.000000	0.011152
106	0.559003	0.025562	0.149607	0.002694	0.251635	0.000664	0.000013	0.000000	0.010822
107	0.557014	0.025100	0.148611	0.002741	0.255275	0.000686	0.000009	0.000000	0.010564
108	0.554802	0.024824	0.147884	0.002705	0.258802	0.000660	0.000008	0.000000	0.010315
109	0.552543	0.024307	0.146866	0.002658	0.262832	0.000658	0.000010	0.000000	0.010126
110	0.550138	0.023969	0.145990	0.002698	0.266708	0.000624	0.000008	0.000000	0.009865
111	0.547557	0.023623	0.144970	0.002698	0.270893	0.000620	0.000005	0.000000	0.009634
112	0.545028	0.023275	0.143735	0.002681	0.275316	0.000636	0.000006	0.000000	0.009323
113	0.543032	0.022821	0.142380	0.002671	0.279266	0.000597	0.000005	0.000000	0.009228
114	0.540256	0.022605	0.141610	0.002568	0.283579	0.000561	0.000003	0.000000	0.008818
115	0.537154	0.022370	0.140951	0.002531	0.287772	0.000571	0.000002	0.000000	0.008649
116	0.534392	0.021950	0.139898	0.002480	0.292350	0.000555	0.000004	0.000000	0.008371
117	0.531639	0.021937	0.139003	0.002454	0.296255	0.000547	0.000003	0.000000	0.008162
118	0.528998	0.021401	0.137971	0.002415	0.300784	0.000536	0.000003	0.000000	0.007892
119	0.526347	0.020973	0.136716	0.002435	0.305146	0.000525	0.000000	0.000000	0.007858
120	0.523398	0.020632	0.135855	0.002461	0.309495	0.000510	0.000003	0.000000	0.007646
121	0.520536	0.020398	0.135213	0.002434	0.313449	0.000513	0.000002	0.000000	0.007455
122	0.517847	0.020158	0.134302	0.002341	0.317640	0.000517	0.000003	0.000000	0.007192
123	0.514999	0.020003	0.133215	0.002345	0.322012	0.000489	0.000002	0.000000	0.006935
124	0.512265	0.019459	0.132154	0.002328	0.326576	0.000503	0.000000	0.000000	0.006715
125	0.509294	0.019151	0.131375	0.002285	0.330868	0.000533	0.000003	0.000000	0.006491
126	0.506268	0.018818	0.130617	0.002177	0.335358	0.000531	0.000002	0.000000	0.006229
127	0.503705	0.018633	0.129185	0.002145	0.339700	0.000530	0.000002	0.000000	0.006100
128	0.500263	0.018533	0.128206	0.002154	0.344457	0.000481	0.000003	0.000000	0.005903
129	0.497283	0.018033	0.127418	0.002050	0.349038	0.000508	0.000000	0.000000	0.005670
130	0.494121	0.017751	0.126905	0.002032	0.353150	0.000500	0.000000	0.000000	0.005541
131	0.491380	0.017377	0.125879	0.002039	0.357599	0.000449	0.000000	0.000000	0.005277
132	0.487806	0.017253	0.125262	0.002019	0.362182	0.000439	0.000000	0.000000	0.005039
133	0.484483	0.017102	0.124478	0.002030	0.366585	0.000475	0.000000	0.000000	0.004847
134	0.480928	0.016951	0.123579	0.002032	0.371325	0.000470	0.000000	0.000000	0.004715
135	0.478098	0.016445	0.122406	0.001934	0.376129	0.000439	0.000000	0.000000	0.004549
136	0.475140	0.016039	0.121185	0.001942	0.380854	0.000435	0.000000	0.000000	0.004405
137	0.471595	0.015731	0.120259	0.001928	0.385760	0.000473	0.000000	0.000000	0.004254
138	0.468112	0.015546	0.119095	0.001869	0.390864	0.000449	0.000000	0.000000	0.004065
139	0.465013	0.015144	0.118349	0.001863	0.395328	0.000424	0.000000	0.000000	0.003879
140	0.462519	0.014747	0.117448	0.001862	0.399246	0.000441	0.000000	0.000000	0.003737
141	0.458747	0.014434	0.116622	0.001877	0.404240	0.000442	0.000000	0.000000	0.003638
142	0.455374	0.014301	0.115836	0.001850	0.408682	0.000458	0.000000	0.000000	0.003499
143	0.452088	0.014215	0.114777	0.001782	0.413358	0.000447	0.000000	0.000000	0.003333
144	0.448925	0.013851	0.113975	0.001773	0.417809	0.000448	0.000000	0.000000	0.003219
145	0.445458	0.013770	0.113259	0.001731	0.422228	0.000439	0.000000	0.000000	0.003115
146	0.441442	0.013637	0.112348	0.001761	0.427412	0.000413	0.000000	0.000000	0.002987
147	0.437658	0.013366	0.111793	0.001768	0.432082	0.000430	0.000000	0.000000	0.002903
148	0.434402	0.013196	0.110611	0.001707	0.436888	0.000404	0.000000	0.000000	0.002792
149	0.431159	0.012873	0.109980	0.001683	0.441250	0.000399	0.000000	0.000000	0.002656
150	0.427604	0.012683	0.109403	0.001630	0.445644	0.000410	0.000000	0.000000	0.002626
151	0.424339	0.012437	0.108873	0.001626	0.449796	0.000411	0.000000	0.000000	0.002518
152	0.421323	0.012165	0.107813	0.001623	0.454221	0.000411	0.000000	0.000000	0.002444
153	0.417491	0.011986	0.106795	0.001581	0.459384	0.000394	0.000000	0.000000	0.002369
154	0.413889	0.011725	0.105797	0.001583	0.464327	0.000378	0.000000	0.000000	0.002301
155	0.410256	0.011588	0.104843	0.001596	0.469085	0.000385	0.000000	0.000000	0.002247
156	0.407028	0.011380	0.103798	0.001565	0.473666	0.000393	0.000000	0.000000	0.002170
157	0.403437	0.010961	0.103046	0.001564	0.478553	0.000370	0.000000	0.000000	0.002069
158	0.400155	0.010771	0.101863	0.001500	0.483373	0.000355	0.000000	0.000000	0.001983
159	0.396337	0.010564	0.101218	0.001491	0.488080	0.000376	0.000000	0.000000	0.001934
160	0.392982	0.010347	0.100260	0.001507	0.492676	0.000372	0.000000	0.000000	0.001856
161	0.389945	0.010204	0.099399	0.001503	0.496797	0.000397	0.000000	0.000000	0.001755
162	0.386546	0.009972	0.098620	0.001523	0.501259	0.000353	0.000000	0.000000	0.001727
163	0.383746	0.009688	0.097432	0.001549	0.505563	0.000369	0.000000	0.000000	0.001653
164	0.379911	0.009428	0.096970	0.001605	0.510099	0.000384	0.000000	0.000000	0.001603
165	0.376595	0.009291	0.096285	0.001591	0.514266	0.000360	0.000000	0.000000	0.001612
166	0.373549	0.009019	0.094978	0.001599	0.518884	0.000357	0.000000	0.000000	0.001614
167	0.370172	0.008850	0.094171	0.001620	0.523288	0.000361	0.000000	0.000000	0.001538
168	0.367714	0.008587	0.093154	0.001591	0.527139	0.000340	0.000000	0.000000	0.001475
169	0.364324	0.008426	0.092089	0.001623	0.531736	0.000336	0.000000	0.000000	0.001466
170	0.360806	0.008270	0.091218	0.001609	0.536366	0.000358	0.000000	0.000000	0.001373
171	0.357257	0.008078	0.090322	0.001569	0.541117	0.000364	0.000000	0.000000	0.001293
172	0.353643	0.007991	0.089428	0.001575	0.545793	0.000363	0.000000	0.000000	0.001207
173	0.350357	0.007701	0.088566	0.001533	0.550307	0.000366	0.000000	0.000000	0.001170
174	0.347113	0.007549	0.087274	0.001572	0.555024	0.000381	0.000000	0.000000	0.001087
175	0.343445	0.007396	0.086580	0.001577	0.559619	0.000369	0.000000	0.000000	0.001014
176	0.339978	0.007285	0.085911	0.001558	0.563907	0.000377	0.000000	0.000000	0.000984
177	0.336433	0.007008	0.085198	0.001514	0.568546	0.000337	0.000000	0.000000	0.000964
178	0.332896	0.006857	0.084633	0.001506	0.572865	0.000374	0.000000	0.000000	0.000869
179	0.329880	0.006727	0.083669	0.001531	0.576945	0.000393	0.000000	0.000000	0.000855
180	0.326408	0.006617	0.082915	0.001529	0.581366	0.000353	0.000000	0.000000	0.000812
181	0.322745	0.006557	0.082161	0.001523	0.585904	0.000341	0.000000	0.000000	0.000769
182	0.319990	0.006381	0.080551	0.001527	0.590478	0.000365	0.000000	0.000000	0.000708
183	0.316616	0.006211	0.079663	0.001503	0.594955	0.000353	0.000000	0.000000	0.000699
184	0.313358	0.006002	0.078656	0.001555	0.599406	0.000346	0.000000	0.000000	0.000677
185	0.310117	0.005908	0.077871	0.001629	0.603502	0.000340	0.000000	0.000000	0.000633
186	0.306611	0.005734	0.077019	0.001646	0.608047	0.000323	0.000000	0.000000	0.000620
187	0.303246	0.005564	0.076024	0.001628	0.612591	0.000336	0.000000	0.000000	0.000611
188	0.299897	0.005512	0.075297	0.001640	0.616734	0.000331	0.000000	0.000000	0.000589
189	0.296685	0.005318	0.074699	0.001667	0.620765	0.000307	0.000000	0.000000	0.000559
190	0.293249	0.005249	0.073926	0.001691	0.625018	0.000306	0.000000	0.000000	0.000561
191	0.290309	0.005026	0.073047	0.001684	0.629090	0.000307	0.000000	0.000000	0.000537
192	0.287067	0.004869	0.072125	0.001680	0.633408	0.000322	0.000000	0.000000	0.000529
193	0.283909	0.004674	0.071456	0.001634	0.637497	0.000301	0.000000	0.000000	0.000529
194	0.281074	0.004499	0.070341	0.001651	0.641628	0.000300	0.000000	0.000000	0.000507
195	0.277920	0.004456	0.069541	0.001648	0.645678	0.000275	0.000000	0.000000	0.000482
196	0.274350	0.004364	0.068628	0.001679	0.650248	0.000278	0.000000	0.000000	0.000453
197	0.271064	0.004232	0.067853	0.001666	0.654439	0.000283	0.000000	0.000000	0.000463
198	0.267894	0.004179	0.067113	0.001687	0.658434	0.000265	0.000000	0.000000	0.000428
199	0.265095	0.004027	0.066186	0.001684	0.662357	0.000271	0.000000	0.000000	0.000380
200	0.261662	0.003902	0.065398	0.001688	0.666705	0.000259	0.000000	0.000000	0.000386
201	0.258795	0.003752	0.064822	0.001683	0.670290	0.000270	0.000000	0.000000	0.000388
202	0.255871	0.003614	0.064096	0.001705	0.674059	0.000288	0.000000	0.000000	0.000367
203	0.252943	0.003485	0.063308	0.001719	0.677926	0.000266	0.000000	0.000000	0.000353
204	0.249939	0.003480	0.062332	0.001723	0.681892	0.000273	0.000000	0.000000	0.000361
205	0.246701	0.003372	0.061720	0.001786	0.685784	0.000275	0.000000	0.000000	0.000362
206	0.244101	0.003114	0.060678	0.001735	0.689762	0.000255	0.000000	0.000000	0.000355
207	0.240942	0.003080	0.059829	0.001664	0.693883	0.000271	0.000000	0.000000	0.000331
208	0.237963	0.002944	0.059133	0.001724	0.697650	0.000266	0.000000	0.000000	0.000320
209	0.234860	0.002880	0.058335	0.001691	0.701679	0.000258	0.000000	0.000000	0.000297
210	0.231932	0.002808	0.057558	0.001688	0.705506	0.000252	0.000000	0.000000	0.000256
211	0.229094	0.002713	0.056727	0.001694	0.709240	0.000283	0.000000	0.000000	0.000249
212	0.226177	0.002666	0.055926	0.001687	0.712999	0.000284	0.000000	0.000000	0.000261
213	0.223427	0.002640	0.055050	0.001673	0.716692	0.000282	0.000000	0.000000	0.000236
214	0.220636	0.002656	0.054305	0.001676	0.720227	0.000284	0.000000	0.000000	0.000216
215	0.217548	0.002574	0.053662	0.001720	0.723988	0.000295	0.000000	0.000000	0.000213
216	0.214709	0.002496	0.052958	0.001696	0.727646	0.000306	0.000000	0.000000	0.000189
217	0.211942	0.002462	0.052130	0.001702	0.731266	0.000310	0.000000	0.000000	0.000188
218	0.208898	0.002450	0.051635	0.001680	0.734852	0.000305	0.000000	0.000000	0.000180
219	0.206233	0.002423	0.050899	0.001692	0.738288	0.000306	0.000000	0.000000	0.000159
220	0.203065	0.002315	0.050373	0.001670	0.742120	0.000297	0.000000	0.000000	0.000160
221	0.200590	0.002226	0.049683	0.001709	0.745304	0.000327	0.000000	0.000000	0.000161
222	0.197944	0.002185	0.049025	0.001672	0.748697	0.000326	0.000000	0.000000	0.000151
223	0.195273	0.002142	0.048355	0.001715	0.752046	0.000306	0.000000	0.000000	0.000163
224	0.192753	0.002101	0.047835	0.001688	0.755154	0.000319	0.000000	0.000000	0.000150
225	0.190359	0.002009	0.046997	0.001709	0.758486	0.000288	0.000000	0.000000	0.000152
226	0.187818	0.002002	0.046385	0.001687	0.761675	0.000292	0.000000	0.000000	0.000141
227	0.185325	0.001931	0.045688	0.001694	0.764929	0.000277	0.000000	0.000000	0.000156
228	0.182988	0.001867	0.045307	0.001675	0.767770	0.000242	0.000000	0.000000	0.000151
229	0.180760	0.001794	0.044393	0.001635	0.771033	0.000231	0.000000	0.000000	0.000154
230	0.178298	0.001757	0.043788	0.001603	0.774151	0.000246	0.000000	0.000000	0.000157
231	0.175882	0.001715	0.043249	0.001567	0.777175	0.000252	0.000000	0.000000	0.000160
232	0.173511	0.001681	0.042621	0.001596	0.780156	0.000273	0.000000	0.000000	0.000162
233	0.171155	0.001662	0.041918	0.001573	0.783254	0.000289	0.000000	0.000000	0.000149
234	0.168810	0.001684	0.041236	0.001588	0.786277	0.000269	0.000000	0.000000	0.000136
235	0.166039	0.001602	0.040765	0.001581	0.789609	0.000272	0.000000	0.000000	0.000132
236	0.163820	0.001521	0.040053	0.001518	0.792705	0.000267	0.000000	0.000000	0.000116
237	0.161592	0.001478	0.039653	0.001532	0.795374	0.000259	0.000000	0.000000	0.000112
238	0.159479	0.001423	0.039126	0.001541	0.798063	0.000261	0.000000	0.000000	0.000107
239	0.157151	0.001369	0.038804	0.001521	0.800788	0.000271	0.000000	0.000000	0.000096
240	0.154831	0.001417	0.038069	0.001511	0.803803	0.000283	0.000000	0.000000	0.000086
241	0.152268	0.001335	0.037583	0.001532	0.806920	0.000274	0.000000	0.000000	0.000088
242	0.150017	0.001308	0.036907	0.001578	0.809842	0.000259	0.000000	0.000000	0.000089
243	0.147928	0.001249	0.036523	0.001512	0.812438	0.000255	0.000000	0.000000	0.000095
244	0.145648	0.001231	0.035952	0.001551	0.815262	0.000258	0.000000	0.000000	0.000098
245	0.143127	0.001186	0.035723	0.001518	0.818106	0.000259	0.000000	0.000000	0.000081
246	0.140987	0.001187	0.035110	0.001534	0.820849	0.000247	0.000000	0.000000	0.000086
247	0.138637	0.001139	0.034705	0.001500	0.823696	0.000256	0.000000	0.000000	0.000067
248	0.136650	0.001069	0.034216	0.001557	0.826168	0.000259	0.000000	0.000000	0.000081
249	0.134388	0.001035	0.033711	0.001568	0.828967	0.000260	0.000000	0.000000	0.000071
250	0.132446	0.001006	0.033298	0.001582	0.831335	0.000261	0.000000	0.000000	0.000072
251	0.130666	0.000958	0.032664	0.001574	0.833799	0.000267	0.000000	0.000000	0.000072
252	0.128484	0.000939	0.032417	0.001597	0.836228	0.000262	0.000000	0.000000	0.000073
253	0.126609	0.000904	0.031770	0.001626	0.838792	0.000249	0.000000	0.000000	0.000050
254	0.124781	0.000889	0.031088	0.001633	0.841292	0.000266	0.000000	0.000000	0.000051
255	0.123167	0.000870	0.030573	0.001594	0.843472	0.000276	0.000000	0.000000	0.000048
256	0.121391	0.000887	0.030244	0.001626	0.845512	0.000301	0.000000	0.000000	0.000039
257	0.119266	0.000885	0.029801	0.001635	0.848071	0.000300	0.000000	0.000000	0.000042
258	0.117381	0.000817	0.029585	0.001626	0.850260	0.000302	0.000000	0.000000	0.000029
259	0.115657	0.000752	0.029002	0.001653	0.852588	0.000314	0.000000	0.000000	0.000034
260	0.114094	0.000777	0.028538	0.001617	0.854643	0.000302	0.000000	0.000000	0.000029
261	0.112522	0.000783	0.028014	0.001644	0.856709	0.000300	0.000000	0.000000	0.000028
262	0.110790	0.000755	0.027456	0.001629	0.859054	0.000290	0.000000	0.000000	0.000026
263	0.109124	0.000738	0.027209	0.001647	0.860971	0.000283	0.000000	0.000000	0.000028
264	0.107206	0.000699	0.026787	0.001707	0.863264	0.000317	0.000000	0.000000	0.000020
265	0.105543	0.000655	0.026346	0.001697	0.865415	0.000327	0.000000	0.000000	0.000017
266	0.103878	0.000620	0.025823	0.001654	0.867674	0.000337	0.000000	0.000000	0.000014
267	0.101896	0.000606	0.025647	0.001655	0.869855	0.000322	0.000000	0.000000	0.000019
268	0.100254	0.000592	0.025232	0.001624	0.871953	0.000333	0.000000	0.000000	0.000012
269	0.098579	0.000587	0.024770	0.001625	0.874121	0.000308	0.000000	0.000000	0.000010
270	0.096993	0.000555	0.024396	0.001644	0.876101	0.000297	0.000000	0.000000	0.000014
271	0.095222	0.000555	0.024001	0.001654	0.878277	0.000273	0.000000	0.000000	0.000018
272	0.093712	0.000525	0.023641	0.001626	0.880194	0.000285	0.000000	0.000000	0.000017
273	0.091922	0.000506	0.023389	0.001599	0.882274	0.000290	0.000000	0.000000	0.000020
274	0.090568	0.000546	0.022776	0.001623	0.884179	0.000291	0.000000	0.000000	0.000017
275	0.089158	0.000515	0.022327	0.001632	0.886069	0.000285	0.000000	0.000000	0.000014
276	0.087181	0.000479	0.022297	0.001624	0.888115	0.000293	0.000000	0.000000	0.000011
277	0.085645	0.000485	0.021846	0.001607	0.890132	0.000272	0.000000	0.000000	0.000013
278	0.084019	0.000476	0.021429	0.001591	0.892215	0.000258	0.000000	0.000000	0.000012
279	0.082599	0.000456	0.020996	0.001626	0.894071	0.000241	0.000000	0.000000	0.000011
280	0.081382	0.000430	0.020604	0.001606	0.895735	0.000229	0.000000	0.000000	0.000014
281	0.079977	0.000407	0.020366	0.001607	0.897397	0.000236	0.000000	0.000000	0.000010
282	0.078522	0.000383	0.019941	0.001676	0.899229	0.000242	0.000000	0.000000	0.000007
283	0.077296	0.000381	0.019421	0.001655	0.900995	0.000244	0.000000	0.000000	0.000008
284	0.075957	0.000381	0.019155	0.001606	0.902649	0.000239	0.000000	0.000000	0.000013
285	0.074829	0.000405	0.018851	0.001588	0.904088	0.000229	0.000000	0.000000	0.000010
286	0.073447	0.000370	0.018537	0.001564	0.905840	0.000232	0.000000	0.000000	0.000010
287	0.072316	0.000364	0.018259	0.001582	0.907246	0.000219	0.000000	0.000000	0.000014
288	0.071039	0.000338	0.017848	0.001668	0.908861	0.000231	0.000000	0.000000	0.000015
289	0.069786	0.000337	0.017557	0.001693	0.910354	0.000255	0.000000	0.000000	0.000018
290	0.068442	0.000305	0.017230	0.001684	0.912071	0.000248	0.000000	0.000000	0.000020
291	0.067181	0.000327	0.016831	0.001652	0.913749	0.000242	0.000000	0.000000	0.000018
292	0.066149	0.000313	0.016330	0.001650	0.915278	0.000257	0.000000	0.000000	0.000023
293	0.064931	0.000294	0.016031	0.001678	0.916798	0.000247	0.000000	0.000000	0.000021
294	0.063803	0.000272	0.015842	0.001678	0.918141	0.000245	0.000000	0.000000	0.000019
295	0.062601	0.000285	0.015507	0.001630	0.919717	0.000241	0.000000	0.000000	0.000019
296	0.061612	0.000294	0.015265	0.001662	0.920905	0.000242	0.000000	0.000000	0.000020
297	0.060547	0.000290	0.015065	0.001621	0.922248	0.000218	0.000000	0.000000	0.000011
298	0.059222	0.000280	0.014660	0.001623	0.923977	0.000226	0.000000	0.000000	0.000012
299	0.058189	0.000265	0.014340	0.001594	0.925389	0.000210	0.000000	0.000000	0.000013
300	0.057176	0.000250	0.014013	0.001598	0.926732	0.000218	0.000000	0.000000	0.000013
301	0.056279	0.000235	0.013729	0.001589	0.927930	0.000229	0.000000	0.000000	0.000009
302	0.055387	0.000221	0.013320	0.001614	0.929242	0.000207	0.000000	0.000000	0.000009
303	0.054066	0.000239	0.013210	0.001658	0.930595	0.000224	0.000000	0.000000	0.000008
304	0.053194	0.000234	0.013023	0.001641	0.931690	0.000212	0.000000	0.000000	0.000006
305	0.052370	0.000227	0.012714	0.001644	0.932834	0.000206	0.000000	0.000000	0.000005
306	0.051431	0.000234	0.012467	0.001623	0.934037	0.000203	0.000000	0.000000	0.000005
307	0.050380	0.000223	0.012153	0.001648	0.935375	0.000219	0.000000	0.000000	0.000002
308	0.049572	0.000211	0.011930	0.001663	0.936411	0.000209	0.000000	0.000000	0.000004
309	0.048534	0.000196	0.011788	0.001637	0.937607	0.000232	0.000000	0.000000	0.000006
310	0.047629	0.000218	0.011618	0.001607	0.938699	0.000222	0.000000	0.000000	0.000007
311	0.046555	0.000216	0.011414	0.001630	0.939962	0.000218	0.000000	0.000000	0.000005
312	0.045587	0.000200	0.011206	0.001662	0.941133	0.000209	0.000000	0.000000	0.000003
313	0.044680	0.000220	0.010985	0.001708	0.942210	0.000196	0.000000	0.000000	0.000001
314	0.043828	0.000208	0.010825	0.001751	0.943188	0.000199	0.000000	0.000000	0.000001
315	0.042997	0.000215	0.010506	0.001758	0.944329	0.000193	0.000000	0.000000	0.000002
316	0.042022	0.000226	0.010257	0.001792	0.945504	0.000195	0.000000	0.000000	0.000004
317	0.041271	0.000229	0.010054	0.001753	0.946492	0.000199	0.000000	0.000000	0.000002
318	0.040381	0.000216	0.009856	0.001738	0.947611	0.000194	0.000000	0.000000	0.000004
319	0.039618	0.000202	0.009691	0.001701	0.948588	0.000198	0.000000	0.000000	0.000002
320	0.038903	0.000200	0.009517	0.001691	0.949467	0.000220	0.000000	0.000000	0.000002
321	0.038091	0.000185	0.009202	0.001684	0.950614	0.000223	0.000000	0.000000	0.000001
322	0.037256	0.000199	0.009098	0.001698	0.951548	0.000200	0.000000	0.000000	0.000001
323	0.036365	0.000196	0.009043	0.001720	0.952434	0.000242	0.000000	0.000000	0.000000
324	0.035715	0.000197	0.008802	0.001648	0.953394	0.000244	0.000000	0.000000	0.000000
325	0.034861	0.000210	0.008680	0.001671	0.954363	0.000215	0.000000	0.000000	0.000000
326	0.034012	0.000215	0.008539	0.001718	0.955281	0.000235	0.000000	0.000000	0.000000
327	0.033382	0.000201	0.008259	0.001686	0.956240	0.000232	0.000000	0.000000	0.000000
328	0.032764	0.000194	0.008066	0.001685	0.957053	0.000238	0.000000	0.000000	0.000000
329	0.032267	0.000186	0.007910	0.001670	0.957732	0.000235	0.000000	0.000000	0.000000
330	0.031694	0.000160	0.007738	0.001654	0.958521	0.000233	0.000000	0.000000	0.000000
331	0.031087	0.000164	0.007578	0.001629	0.959281	0.000261	0.000000	0.000000	0.000000
332	0.030403	0.000164	0.007384	0.001590	0.960199	0.000260	0.000000	0.000000	0.000000
333	0.029661	0.000174	0.007193	0.001644	0.961070	0.000258	0.000000	0.000000	0.000000
334	0.029085	0.000167	0.007090	0.001703	0.961708	0.000247	0.000000	0.000000	0.000000
335	0.028481	0.000169	0.007005	0.001721	0.962368	0.000256	0.000000	0.000000	0.000000
336	0.027750	0.000150	0.006926	0.001703	0.963193	0.000278	0.000000	0.000000	0.000000
337	0.027133	0.000153	0.006835	0.001657	0.963944	0.000278	0.000000	0.000000	0.000000
338	0.026563	0.000140	0.006659	0.001687	0.964673	0.000278	0.000000	0.000000	0.000000
339	0.025879	0.000125	0.006551	0.001663	0.965491	0.000291	0.000000	0.000000	0.000000
340	0.025304	0.000131	0.006290	0.001651	0.966352	0.000272	0.000000	0.000000	0.000000
341	0.024838	0.000124	0.006165	0.001677	0.966892	0.000304	0.000000	0.000000	0.000000
342	0.024273	0.000100	0.006046	0.001677	0.967625	0.000279	0.000000	0.000000	0.000000
343	0.023885	0.000098	0.005831	0.001705	0.968189	0.000292	0.000000	0.000000	0.000000
344	0.023340	0.000094	0.005723	0.001766	0.968784	0.000293	0.000000	0.000000	0.000000
345	0.023000	0.000081	0.005587	0.001757	0.969262	0.000313	0.000000	0.000000	0.000000
346	0.022475	0.000078	0.005535	0.001698	0.969907	0.000307	0.000000	0.000000	0.000000
347	0.021872	0.000082	0.005477	0.001657	0.970609	0.000303	0.000000	0.000000	0.000000
348	0.021388	0.000078	0.005350	0.001657	0.971229	0.000298	0.000000	0.000000	0.000000
349	0.020992	0.000075	0.005186	0.001650	0.971792	0.000305	0.000000	0.000000	0.000000
350	0.020635	0.000067	0.005049	0.001683	0.972251	0.000315	0.000000	0.000000	0.000000
351	0.020221	0.000060	0.004866	0.001684	0.972852	0.000317	0.000000	0.000000	0.000000
352	0.019878	0.000065	0.004763	0.001717	0.973259	0.000318	0.000000	0.000000	0.000000
353	0.019644	0.000055	0.004710	0.001722	0.973556	0.000313	0.000000	0.000000	0.000000
354	0.019250	0.000056	0.004565	0.001757	0.974059	0.000313	0.000000	0.000000	0.000000
355	0.018935	0.000056	0.004421	0.001722	0.974582	0.000284	0.000000	0.000000	0.000000
356	0.018550	0.000057	0.004274	0.001711	0.975118	0.000290	0.000000	0.000000	0.000000
357	0.018295	0.000050	0.004149	0.001714	0.975484	0.000308	0.000000	0.000000	0.000000
358	0.017856	0.000040	0.004116	0.001743	0.975920	0.000325	0.000000	0.000000	0.000000
359	0.017410	0.000037	0.004064	0.001731	0.976422	0.000336	0.000000	0.000000	0.000000
360	0.017043	0.000032	0.003916	0.001699	0.976993	0.000317	0.000000	0.000000	0.000000
361	0.016686	0.000024	0.003729	0.001705	0.977555	0.000301	0.000000	0.000000	0.000000
362	0.016310	0.000030	0.003724	0.001719	0.977923	0.000294	0.000000	0.000000	0.000000
363	0.015999	0.000033	0.003616	0.001661	0.978401	0.000290	0.000000	0.000000	0.000000
364	0.015619	0.000035	0.003585	0.001639	0.978824	0.000298	0.000000	0.000000	0.000000
365	0.015268	0.000034	0.003493	0.001601	0.979302	0.000302	0.000000	0.000000	0.000000
366	0.014943	0.000034	0.003426	0.001570	0.979744	0.000283	0.000000	0.000000	0.000000
367	0.014612	0.000031	0.003368	0.001575	0.980133	0.000281	0.000000	0.000000	0.000000
368	0.014207	0.000032	0.003296	0.001601	0.980584	0.000280	0.000000	0.000000	0.000000
369	0.013829	0.000029	0.003241	0.001575	0.981049	0.000277	0.000000	0.000000	0.000000
370	0.013645	0.000019	0.003159	0.001611	0.981307	0.000259	0.000000	0.000000	0.000000
371	0.013436	0.000018	0.003044	0.001579	0.981629	0.000294	0.000000	0.000000	0.000000
372	0.013234	0.000013	0.002922	0.001616	0.981948	0.000267	0.000000	0.000000	0.000000
373	0.013038	0.000010	0.002915	0.001611	0.982164	0.000262	0.000000	0.000000	0.000000
374	0.012773	0.000006	0.002869	0.001635	0.982448	0.000269	0.000000	0.000000	0.000000
375	0.012458	0.000004	0.002857	0.001636	0.982757	0.000288	0.000000	0.000000	0.000000
376	0.012203	0.000005	0.002848	0.001624	0.983043	0.000277	0.000000	0.000000	0.000000
377	0.011863	0.000004	0.002724	0.001614	0.983490	0.000305	0.000000	0.000000	0.000000
378	0.011636	0.000003	0.002718	0.001602	0.983733	0.000308	0.000000	0.000000	0.000000
379	0.011479	0.000007	0.002639	0.001547	0.983997	0.000331	0.000000	0.000000	0.000000
380	0.011218	0.000003	0.002599	0.001507	0.984355	0.000318	0.000000	0.000000	0.000000
381	0.010862	0.000004	0.002540	0.001543	0.984719	0.000332	0.000000	0.000000	0.000000
382	0.010632	0.000002	0.002476	0.001513	0.985045	0.000332	0.000000	0.000000	0.000000
383	0.010383	0.000002	0.002415	0.001539	0.985337	0.000324	0.000000	0.000000	0.000000
384	0.010144	0.000001	0.002365	0.001532	0.985598	0.000360	0.000000	0.000000	0.000000
385	0.009925	0.000000	0.002259	0.001566	0.985908	0.000342	0.000000	0.000000	0.000000
386	0.009711	0.000000	0.002221	0.001564	0.986172	0.000332	0.000000	0.000000	0.000000
387	0.009374	0.000000	0.002191	0.001556	0.986542	0.000337	0.000000	0.000000	0.000000
388	0.009115	0.000000	0.002153	0.001572	0.986829	0.000331	0.000000	0.000000	0.000000
389	0.008812	0.000000	0.002154	0.001591	0.987095	0.000348	0.000000	0.000000	0.000000
390	0.008645	0.000000	0.002088	0.001590	0.987342	0.000335	0.000000	0.000000	0.000000
391	0.008580	0.000000	0.001993	0.001585	0.987488	0.000354	0.000000	0.000000	0.000000
392	0.008393	0.000000	0.001982	0.001585	0.987680	0.000360	0.000000	0.000000	0.000000
393	0.008142	0.000000	0.001945	0.001601	0.987950	0.000362	0.000000	0.000000	0.000000
394	0.007945	0.000000	0.001885	0.001563	0.988238	0.000369	0.000000	0.000000	0.000000
395	0.007800	0.000000	0.001808	0.001609	0.988408	0.000375	0.000000	0.000000	0.000000
396	0.007625	0.000000	0.001755	0.001639	0.988587	0.000394	0.000000	0.000000	0.000000
397	0.007397	0.000000	0.001740	0.001666	0.988806	0.000391	0.000000	0.000000	0.000000
398	0.007307	0.000000	0.001654	0.001669	0.988968	0.000402	0.000000	0.000000	0.000000
399	0.007045	0.000000	0.001649	0.001656	0.989236	0.000414	0.000000	0.000000	0.000000
400	0.006886	0.000000	0.001606	0.001598	0.989519	0.000391	0.000000	0.000000	0.000000
401	0.006718	0.000000	0.001593	0.001610	0.989681	0.000398	0.000000	0.000000	0.000000
402	0.006596	0.000000	0.001516	0.001629	0.989884	0.000375	0.000000	0.000000	0.000000
403	0.006480	0.000000	0.001503	0.001614	0.989997	0.000406	0.000000	0.000000	0.000000
404	0.006341	0.000000	0.001508	0.001691	0.990064	0.000396	0.000000	0.000000	0.000000
405	0.006196	0.000000	0.001466	0.001695	0.990269	0.000374	0.000000	0.000000	0.000000
406	0.006062	0.000000	0.001440	0.001674	0.990472	0.000352	0.000000	0.000000	0.000000
407	0.005866	0.000000	0.001415	0.001691	0.990650	0.000378	0.000000	0.000000	0.000000
408	0.005840	0.000000	0.001342	0.001709	0.990709	0.000400	0.000000	0.000000	0.000000
409	0.005642	0.000000	0.001319	0.001685	0.990961	0.000393	0.000000	0.000000	0.000000
410	0.005490	0.000000	0.001291	0.001708	0.991114	0.000397	0.000000	0.000000	0.000000
411	0.005286	0.000000	0.001290	0.001701	0.991351	0.000372	0.000000	0.000000	0.000000
412	0.005124	0.000000	0.001239	0.001705	0.991565	0.000367	0.000000	0.000000	0.000000
413	0.005032	0.000000	0.001197	0.001709	0.991708	0.000354	0.000000	0.000000	0.000000
414	0.004954	0.000000	0.001143	0.001686	0.991886	0.000331	0.000000	0.000000	0.000000
415	0.004832	0.000000	0.001110	0.001740	0.991971	0.000347	0.000000	0.000000	0.000000
416	0.004663	0.000000	0.001079	0.001768	0.992159	0.000331	0.000000	0.000000	0.000000
417	0.004602	0.000000	0.001091	0.001743	0.992246	0.000318	0.000000	0.000000	0.000000
418	0.004477	0.000000	0.001051	0.001808	0.992333	0.000331	0.000000	0.000000	0.000000
419	0.004375	0.000000	0.001028	0.001770	0.992493	0.000334	0.000000	0.000000	0.000000
420	0.004255	0.000000	0.000997	0.001753	0.992680	0.000315	0.000000	0.000000	0.000000
421	0.004148	0.000000	0.000957	0.001727	0.992850	0.000318	0.000000	0.000000	0.000000
422	0.003993	0.000000	0.000935	0.001756	0.992981	0.000335	0.000000	0.000000	0.000000
423	0.003924	0.000000	0.000886	0.001761	0.993085	0.000344	0.000000	0.000000	0.000000
424	0.003806	0.000000	0.000865	0.001790	0.993199	0.000340	0.000000	0.000000	0.000000
425	0.003733	0.000000	0.000866	0.001844	0.993241	0.000316	0.000000	0.000000	0.000000
426	0.003628	0.000000	0.000841	0.001807	0.993411	0.000313	0.000000	0.000000	0.000000
427	0.003538	0.000000	0.000796	0.001761	0.993592	0.000313	0.000000	0.000000	0.000000
428	0.003475	0.000000	0.000792	0.001748	0.993650	0.000335	0.000000	0.000000	0.000000
429	0.003410	0.000000	0.000743	0.001728	0.993796	0.000323	0.000000	0.000000	0.000000
430	0.003314	0.000000	0.000717	0.001775	0.993846	0.000348	0.000000	0.000000	0.000000
431	0.003248	0.000000	0.000689	0.001752	0.993971	0.000340	0.000000	0.000000	0.000000
432	0.003153	0.000000	0.000678	0.001716	0.994110	0.000343	0.000000	0.000000	0.000000
433	0.003063	0.000000	0.000653	0.001763	0.994192	0.000329	0.000000	0.000000	0.000000
434	0.003020	0.000000	0.000649	0.001798	0.994235	0.000298	0.000000	0.000000	0.000000
435	0.002947	0.000000	0.000634	0.001797	0.994307	0.000315	0.000000	0.000000	0.000000
436	0.002853	0.000000	0.000605	0.001761	0.994465	0.000316	0.000000	0.000000	0.000000
437	0.002772	0.000000	0.000582	0.001734	0.994614	0.000298	0.000000	0.000000	0.000000
438	0.002673	0.000000	0.000537	0.001769	0.994738	0.000283	0.000000	0.000000	0.000000
439	0.002588	0.000000	0.000542	0.001738	0.994845	0.000287	0.000000	0.000000	0.000000
440	0.002527	0.000000	0.000535	0.001693	0.994964	0.000281	0.000000	0.000000	0.000000
441	0.002435	0.000000	0.000523	0.001700	0.995035	0.000307	0.000000	0.000000	0.000000
442	0.002356	0.000000	0.000495	0.001726	0.995094	0.000329	0.000000	0.000000	0.000000
443	0.002304	0.000000	0.000453	0.001750	0.995159	0.000334	0.000000	0.000000	0.000000
444	0.002246	0.000000	0.000447	0.001771	0.995194	0.000342	0.000000	0.000000	0.000000
445	0.002140	0.000000	0.000425	0.001771	0.995299	0.000365	0.000000	0.000000	0.000000
446	0.002063	0.000000	0.000419	0.001782	0.995399	0.000337	0.000000	0.000000	0.000000
447	0.001991	0.000000	0.000385	0.001808	0.995469	0.000347	0.000000	0.000000	0.000000
448	0.001956	0.000000	0.000362	0.001765	0.995577	0.000340	0.000000	0.000000	0.000000
449	0.001939	0.000000	0.000333	0.001725	0.995655	0.000348	0.000000	0.000000	0.000000
450	0.001859	0.000000	0.000325	0.001741	0.995713	0.000362	0.000000	0.000000	0.000000
451	0.001785	0.000000	0.000314	0.001728	0.995823	0.000350	0.000000	0.000000	0.000000
452	0.001710	0.000000	0.000296	0.001708	0.995933	0.000353	0.000000	0.000000	0.000000
453	0.001662	0.000000	0.000273	0.001701	0.996019	0.000345	0.000000	0.000000	0.000000
454	0.001595	0.000000	0.000265	0.001752	0.996058	0.000330	0.000000	0.000000	0.000000
455	0.001581	0.000000	0.000263	0.001722	0.996097	0.000337	0.000000	0.000000	0.000000
456	0.001530	0.000000	0.000244	0.001713	0.996169	0.000344	0.000000	0.000000	0.000000
457	0.001469	0.000000	0.000215	0.001702	0.996264	0.000350	0.000000	0.000000	0.000000
458	0.001388	0.000000	0.000212	0.001711	0.996345	0.000344	0.000000	0.000000	0.000000
459	0.001319	0.000000	0.000194	0.001698	0.996472	0.000317	0.000000	0.000000	0.000000
460	0.001230	0.000000	0.000206	0.001710	0.996536	0.000318	0.000000	0.000000	0.000000
461	0.001185	0.000000	0.000209	0.001684	0.996590	0.000332	0.000000	0.000000	0.000000
462	0.001180	0.000000	0.000180	0.001685	0.996607	0.000348	0.000000	0.000000	0.000000
463	0.001127	0.000000	0.000165	0.001713	0.996669	0.000326	0.000000	0.000000	0.000000
464	0.001074	0.000000	0.000164	0.001715	0.996680	0.000367	0.000000	0.000000	0.000000
465	0.001054	0.000000	0.000161	0.001788	0.996625	0.000372	0.000000	0.000000	0.000000
466	0.000979	0.000000	0.000151	0.001755	0.996746	0.000369	0.000000	0.000000	0.000000
467	0.000912	0.000000	0.000149	0.001761	0.996800	0.000378	0.000000	0.000000	0.000000
468	0.000847	0.000000	0.000146	0.001780	0.996859	0.000368	0.000000	0.000000	0.000000
469	0.000817	0.000000	0.000137	0.001813	0.996868	0.000365	0.000000	0.000000	0.000000
470	0.000795	0.000000	0.000136	0.001818	0.996878	0.000373	0.000000	0.000000	0.000000
