0	0.290663	0.057897	0.229473	0.157588	0.029913	0.111872	0.085455	0.012259	0.024880
1	0.250280	0.051606	0.214890	0.119461	0.024632	0.104956	0.119043	0.023226	0.091906
2	0.267061	0.054476	0.226125	0.097906	0.021456	0.087638	0.118894	0.023411	0.103033
3	0.288214	0.057730	0.236817	0.080971	0.018967	0.071527	0.114755	0.022556	0.108463
4	0.310287	0.060961	0.244891	0.066666	0.016857	0.058025	0.109277	0.021158	0.111878
5	0.331498	0.064161	0.250951	0.054589	0.014952	0.046473	0.102625	0.019912	0.114839
6	0.351449	0.066869	0.255475	0.044542	0.013324	0.037312	0.095627	0.018638	0.116764
7	0.370113	0.069441	0.257677	0.036374	0.012040	0.029643	0.088769	0.017135	0.118808
8	0.388088	0.071486	0.259250	0.029435	0.010853	0.023522	0.082297	0.015688	0.119381
9	0.404386	0.073381	0.259646	0.023797	0.009747	0.018787	0.075566	0.014482	0.120208
10	0.419354	0.075405	0.259160	0.019267	0.008895	0.014728	0.069620	0.013216	0.120355
11	0.432787	0.077049	0.257628	0.015644	0.008049	0.011654	0.064210	0.012360	0.120619
12	0.446167	0.078925	0.255222	0.012445	0.007142	0.009044	0.058688	0.011371	0.120996
13	0.458315	0.080175	0.253166	0.009990	0.006516	0.007118	0.053742	0.010257	0.120721
14	0.469586	0.081864	0.249757	0.007932	0.005938	0.005647	0.049341	0.009440	0.120495
15	0.479249	0.083021	0.247033	0.006400	0.005274	0.004429	0.045358	0.008647	0.120589
16	0.488891	0.084067	0.244363	0.005242	0.004870	0.003536	0.041537	0.008037	0.119457
17	0.498751	0.084801	0.241019	0.004199	0.004376	0.002803	0.038145	0.007288	0.118618
18	0.506763	0.086010	0.237367	0.003508	0.003965	0.002295	0.035201	0.006705	0.118186
19	0.515117	0.086694	0.233220	0.002919	0.003528	0.001757	0.032230	0.006351	0.118184
20	0.522489	0.088007	0.229251	0.002313	0.003167	0.001474	0.029725	0.005850	0.117724
21	0.529787	0.088643	0.225475	0.001951	0.002900	0.001196	0.027448	0.005352	0.117248
22	0.536556	0.089438	0.222186	0.001646	0.002658	0.000972	0.025251	0.004945	0.116348
23	0.542897	0.090589	0.217781	0.001397	0.002460	0.000809	0.023163	0.004571	0.116333
24	0.548863	0.091599	0.213934	0.001174	0.002172	0.000641	0.021485	0.004286	0.115846
25	0.554780	0.092399	0.210625	0.000991	0.002004	0.000498	0.019749	0.003924	0.115030
26	0.560677	0.092892	0.206982	0.000858	0.001859	0.000427	0.018405	0.003678	0.114222
27	0.566784	0.093240	0.203271	0.000746	0.001742	0.000328	0.016905	0.003389	0.113595
28	0.572561	0.093696	0.200090	0.000574	0.001642	0.000278	0.015672	0.003106	0.112381
29	0.577666	0.094571	0.196476	0.000499	0.001492	0.000253	0.014613	0.002830	0.111600
30	0.582991	0.095287	0.193023	0.000428	0.001373	0.000205	0.013492	0.002572	0.110629
31	0.587720	0.095812	0.189906	0.000356	0.001332	0.000170	0.012479	0.002456	0.109769
32	0.592683	0.096267	0.186580	0.000339	0.001219	0.000145	0.011767	0.002255	0.108745
33	0.597394	0.096655	0.184005	0.000281	0.001135	0.000140	0.010813	0.002136	0.107441
34	0.601989	0.097162	0.180945	0.000234	0.001071	0.000105	0.009970	0.002013	0.106511
35	0.606605	0.098003	0.177866	0.000232	0.001003	0.000084	0.009206	0.001844	0.105157
36	0.610975	0.098665	0.175376	0.000194	0.000899	0.000073	0.008488	0.001748	0.103582
37	0.616042	0.099110	0.171902	0.000166	0.000791	0.000070	0.007968	0.001623	0.102328
38	0.619932	0.099826	0.169361	0.000158	0.000787	0.000070	0.007280	0.001536	0.101050
39	0.623748	0.100500	0.167176	0.000135	0.000760	0.000061	0.006743	0.001379	0.099498
40	0.628463	0.100508	0.164387	0.000104	0.000673	0.000062	0.006257	0.001269	0.098277
41	0.631999	0.101339	0.161646	0.000089	0.000678	0.000057	0.005746	0.001206	0.097240
42	0.635927	0.101802	0.159231	0.000076	0.000628	0.000045	0.005379	0.001146	0.095766
43	0.640337	0.102057	0.156567	0.000064	0.000623	0.000043	0.005013	0.001014	0.094282
44	0.644133	0.102734	0.154175	0.000064	0.000583	0.000042	0.004488	0.000939	0.092842
45	0.648377	0.103228	0.151705	0.000060	0.000523	0.000039	0.004136	0.000847	0.091085
46	0.651628	0.103892	0.149280	0.000054	0.000533	0.000042	0.003890	0.000789	0.089892
47	0.655696	0.104495	0.146698	0.000045	0.000482	0.000042	0.003544	0.000725	0.088273
48	0.659602	0.104586	0.145219	0.000043	0.000451	0.000030	0.003274	0.000691	0.086104
49	0.663244	0.105750	0.142895	0.000027	0.000444	0.000025	0.002997	0.000637	0.083981
50	0.667224	0.105923	0.140662	0.000033	0.000413	0.000018	0.002780	0.000590	0.082357
51	0.670297	0.106604	0.138978	0.000022	0.000430	0.000014	0.002630	0.000566	0.080459
52	0.673256	0.107158	0.137549	0.000020	0.000433	0.000022	0.002388	0.000459	0.078715
53	0.676591	0.107688	0.135466	0.000019	0.000359	0.000021	0.002319	0.000403	0.077134
54	0.679729	0.107941	0.133900	0.000027	0.000329	0.000019	0.002078	0.000384	0.075593
55	0.682946	0.108209	0.132714	0.000016	0.000316	0.000018	0.001928	0.000320	0.073533
56	0.686894	0.108338	0.130483	0.000014	0.000313	0.000011	0.001767	0.000303	0.071877
57	0.690539	0.108869	0.128640	0.000016	0.000276	0.000006	0.001612	0.000251	0.069791
58	0.693953	0.109027	0.126774	0.000015	0.000277	0.000003	0.001471	0.000242	0.068238
59	0.696398	0.109401	0.125700	0.000017	0.000270	0.000003	0.001395	0.000204	0.066612
60	0.699830	0.109554	0.124138	0.000009	0.000236	0.000004	0.001265	0.000184	0.064780
61	0.702327	0.110341	0.122817	0.000009	0.000237	0.000002	0.001145	0.000186	0.062936
62	0.705300	0.110528	0.121586	0.000007	0.000226	0.000000	0.001117	0.000172	0.061064
63	0.707872	0.110866	0.120255	0.000004	0.000219	0.000000	0.000998	0.000152	0.059634
64	0.710493	0.111126	0.119267	0.000006	0.000203	0.000000	0.000905	0.000121	0.057879
65	0.712747	0.111661	0.118358	0.000005	0.000206	0.000000	0.000838	0.000116	0.056069
66	0.715996	0.111764	0.117013	0.000005	0.000192	0.000000	0.000728	0.000109	0.054193
67	0.718198	0.112096	0.116079	0.000005	0.000200	0.000000	0.000693	0.000104	0.052625
68	0.721520	0.112114	0.114350	0.000003	0.000189	0.000000	0.000640	0.000083	0.051101
69	0.723779	0.112297	0.113585	0.000006	0.000199	0.000000	0.000636	0.000069	0.049429
70	0.726703	0.112329	0.112092	0.000005	0.000198	0.000000	0.000550	0.000053	0.048070
71	0.728881	0.112032	0.111279	0.000005	0.000192	0.000000	0.000514	0.000060	0.047037
72	0.731499	0.112392	0.110337	0.000010	0.000192	0.000000	0.000475	0.000061	0.045034
73	0.733267	0.112758	0.109545	0.000008	0.000162	0.000000	0.000441	0.000064	0.043755
74	0.735558	0.112737	0.108814	0.000005	0.000165	0.000000	0.000394	0.000057	0.042270
75	0.737069	0.113220	0.107952	0.000006	0.000152	0.000000	0.000377	0.000049	0.041175
76	0.739072	0.113348	0.107081	0.000009	0.000144	0.000000	0.000352	0.000037	0.039957
77	0.740962	0.113569	0.106326	0.000009	0.000144	0.000000	0.000308	0.000037	0.038645
78	0.743202	0.113266	0.105571	0.000007	0.000142	0.000000	0.000309	0.000025	0.037478
79	0.744893	0.113326	0.105041	0.000007	0.000147	0.000000	0.000266	0.000025	0.036295
80	0.746582	0.113265	0.104581	0.000006	0.000157	0.000000	0.000247	0.000027	0.035135
81	0.748675	0.113002	0.103752	0.000007	0.000137	0.000000	0.000235	0.000020	0.034172
82	0.750682	0.113107	0.102974	0.000006	0.000123	0.000000	0.000200	0.000020	0.032888
83	0.752377	0.113005	0.102168	0.000005	0.000103	0.000000	0.000189	0.000020	0.032133
84	0.753990	0.112993	0.101715	0.000005	0.000108	0.000000	0.000184	0.000022	0.030983
85	0.755419	0.113473	0.100547	0.000006	0.000094	0.000000	0.000155	0.000020	0.030286
86	0.756572	0.113902	0.099661	0.000007	0.000097	0.000000	0.000158	0.000021	0.029582
87	0.757761	0.114182	0.099089	0.000007	0.000087	0.000000	0.000133	0.000021	0.028720
88	0.759127	0.114042	0.098704	0.000007	0.000082	0.000000	0.000129	0.000021	0.027888
89	0.761261	0.113676	0.098077	0.000001	0.000084	0.000000	0.000126	0.000020	0.026755
90	0.762430	0.114133	0.097376	0.000003	0.000070	0.000000	0.000098	0.000031	0.025859
91	0.763548	0.114442	0.096575	0.000005	0.000066	0.000000	0.000103	0.000027	0.025234
92	0.764587	0.114796	0.096322	0.000001	0.000051	0.000000	0.000092	0.000022	0.024129
93	0.765610	0.115062	0.095825	0.000002	0.000059	0.000000	0.000088	0.000018	0.023336
94	0.767435	0.114922	0.094728	0.000003	0.000053	0.000000	0.000082	0.000015	0.022762
95	0.768475	0.114941	0.094409	0.000002	0.000047	0.000000	0.000070	0.000019	0.022037
96	0.769306	0.115004	0.094345	0.000001	0.000054	0.000000	0.000064	0.000022	0.021204
97	0.770554	0.115340	0.093654	0.000001	0.000044	0.000000	0.000055	0.000011	0.020341
98	0.771343	0.115361	0.093291	0.000002	0.000034	0.000000	0.000049	0.000016	0.019904
99	0.773224	0.114982	0.092595	0.000002	0.000031	0.000000	0.000042	0.000023	0.019101
100	0.774217	0.114979	0.092192	0.000000	0.000029	0.000000	0.000035	0.000012	0.018536
101	0.774975	0.115297	0.091963	0.000001	0.000037	0.000000	0.000029	0.000017	0.017681
102	0.776191	0.115067	0.091411	0.000001	0.000037	0.000000	0.000030	0.000020	0.017243
103	0.777173	0.115049	0.091001	0.000001	0.000037	0.000000	0.000030	0.000017	0.016692
104	0.778040	0.115176	0.090517	0.000005	0.000031	0.000000	0.000023	0.000013	0.016195
105	0.778567	0.115352	0.090557	0.000002	0.000036	0.000000	0.000011	0.000010	0.015465
106	0.778887	0.115858	0.090113	0.000001	0.000026	0.000000	0.000008	0.000007	0.015100
107	0.780033	0.115571	0.090000	0.000003	0.000030	0.000000	0.000011	0.000009	0.014343
108	0.780816	0.115603	0.089603	0.000002	0.000022	0.000000	0.000015	0.000005	0.013934
109	0.781508	0.115534	0.089504	0.000000	0.000026	0.000000	0.000010	0.000010	0.013408
110	0.781446	0.115924	0.089560	0.000000	0.000024	0.000000	0.000009	0.000008	0.013029
111	0.782623	0.115951	0.088763	0.000000	0.000026	0.000000	0.000006	0.000008	0.012623
112	0.782687	0.116229	0.088676	0.000000	0.000026	0.000000	0.000009	0.000005	0.012368
113	0.783251	0.116101	0.088624	0.000000	0.000021	0.000000	0.000004	0.000007	0.011992
114	0.783988	0.116232	0.088137	0.000000	0.000021	0.000000	0.000003	0.000010	0.011609
115	0.784363	0.116055	0.088357	0.000000	0.000015	0.000000	0.000006	0.000014	0.011190
116	0.784546	0.116423	0.088128	0.000000	0.000016	0.000000	0.000007	0.000013	0.010867
117	0.785352	0.116088	0.087853	0.000000	0.000015	0.000000	0.000008	0.000015	0.010669
118	0.785610	0.116024	0.088059	0.000000	0.000010	0.000000	0.000002	0.000011	0.010284
119	0.786734	0.115820	0.087340	0.000000	0.000008	0.000000	0.000002	0.000018	0.010078
120	0.786590	0.115861	0.087695	0.000000	0.000010	0.000000	0.000003	0.000014	0.009827
121	0.787095	0.116057	0.087425	0.000000	0.000010	0.000000	0.000004	0.000010	0.009399
122	0.787133	0.115972	0.087594	0.000000	0.000011	0.000000	0.000002	0.000009	0.009279
123	0.787386	0.116355	0.087232	0.000000	0.000010	0.000000	0.000004	0.000007	0.009006
124	0.787802	0.116493	0.087018	0.000000	0.000014	0.000000	0.000003	0.000008	0.008662
125	0.788556	0.116577	0.086407	0.000000	0.000011	0.000000	0.000003	0.000008	0.008438
126	0.788344	0.116812	0.086728	0.000000	0.000010	0.000000	0.000004	0.000003	0.008099
127	0.788802	0.116928	0.086429	0.000000	0.000007	0.000000	0.000001	0.000006	0.007827
128	0.788400	0.117372	0.086595	0.000000	0.000015	0.000000	0.000002	0.000004	0.007612
129	0.788696	0.117551	0.086336	0.000000	0.000008	0.000000	0.000001	0.000003	0.007405
130	0.788916	0.117365	0.086405	0.000000	0.000009	0.000000	0.000001	0.000001	0.007303
131	0.788929	0.117289	0.086579	0.000000	0.000011	0.000000	0.000001	0.000001	0.007190
132	0.789120	0.117587	0.086358	0.000000	0.000010	0.000000	0.000000	0.000000	0.006925
133	0.789407	0.117640	0.086186	0.000000	0.000008	0.000000	0.000000	0.000000	0.006759
134	0.789883	0.117502	0.086066	0.000000	0.000010	0.000000	0.000000	0.000000	0.006539
135	0.790421	0.117472	0.085750	0.000000	0.000010	0.000000	0.000000	0.000000	0.006347
136	0.790333	0.117623	0.085891	0.000000	0.000016	0.000000	0.000000	0.000000	0.006137
137	0.791183	0.117072	0.085662	0.000000	0.000013	0.000000	0.000000	0.000000	0.006070
138	0.791061	0.117565	0.085420	0.000000	0.000012	0.000000	0.000000	0.000000	0.005942
139	0.790836	0.117904	0.085362	0.000000	0.000013	0.000000	0.000000	0.000000	0.005885
140	0.791166	0.117661	0.085469	0.000000	0.000014	0.000000	0.000000	0.000000	0.005690
141	0.791656	0.117462	0.085329	0.000000	0.000017	0.000000	0.000000	0.000000	0.005536
142	0.791465	0.118053	0.085090	0.000000	0.000017	0.000000	0.000000	0.000000	0.005375
143	0.792300	0.117680	0.084807	0.000000	0.000010	0.000000	0.000000	0.000000	0.005203
144	0.791736	0.117912	0.085236	0.000000	0.000011	0.000000	0.000000	0.000000	0.005105
145	0.792181	0.117774	0.085126	0.000000	0.000011	0.000000	0.000000	0.000000	0.004908
146	0.792466	0.117426	0.085116	0.000000	0.000016	0.000000	0.000000	0.000000	0.004976
147	0.792612	0.117592	0.085067	0.000000	0.000016	0.000000	0.000000	0.000000	0.004713
148	0.793165	0.117487	0.084798	0.000000	0.000013	0.000000	0.000000	0.000000	0.004537
149	0.793166	0.117644	0.084691	0.000000	0.000019	0.000000	0.000000	0.000000	0.004480
150	0.793264	0.117540	0.084799	0.000000	0.000022	0.000000	0.000000	0.000000	0.004375
151	0.793310	0.117689	0.084814	0.000000	0.000020	0.000000	0.000000	0.000000	0.004167
152	0.793468	0.117839	0.084546	0.000000	0.000020	0.000000	0.000000	0.000000	0.004127
153	0.794427	0.117704	0.083856	0.000000	0.000025	0.000000	0.000000	0.000000	0.003988
154	0.794209	0.117822	0.084112	0.000000	0.000030	0.000000	0.000000	0.000000	0.003827
155	0.794370	0.118103	0.083882	0.000000	0.000034	0.000000	0.000000	0.000000	0.003611
156	0.794618	0.118022	0.083754	0.000000	0.000037	0.000000	0.000000	0.000000	0.003569
157	0.794313	0.118085	0.084035	0.000000	0.000037	0.000000	0.000000	0.000000	0.003530
158	0.793940	0.118375	0.084283	0.000000	0.000029	0.000000	0.000000	0.000000	0.003373
159	0.794286	0.118458	0.083897	0.000000	0.000033	0.000000	0.000000	0.000000	0.003326
160	0.794444	0.118349	0.083873	0.000000	0.000025	0.000000	0.000000	0.000000	0.003309
161	0.794706	0.118526	0.083498	0.000000	0.000028	0.000000	0.000000	0.000000	0.003242
162	0.794567	0.118774	0.083441	0.000000	0.000024	0.000000	0.000000	0.000000	0.003194
163	0.794710	0.118664	0.083552	0.000000	0.000023	0.000000	0.000000	0.000000	0.003051
164	0.794532	0.118736	0.083758	0.000000	0.000021	0.000000	0.000000	0.000000	0.002953
165	0.794681	0.118939	0.083503	0.000000	0.000016	0.000000	0.000000	0.000000	0.002861
166	0.794419	0.118955	0.083833	0.000000	0.000021	0.000000	0.000000	0.000000	0.002772
167	0.794650	0.118724	0.083941	0.000000	0.000028	0.000000	0.000000	0.000000	0.002657
168	0.794259	0.119132	0.083940	0.000000	0.000021	0.000000	0.000000	0.000000	0.002648
169	0.794607	0.119157	0.083676	0.000000	0.000023	0.000000	0.000000	0.000000	0.002537
170	0.794404	0.119314	0.083777	0.000000	0.000033	0.000000	0.000000	0.000000	0.002472
171	0.794858	0.119208	0.083535	0.000000	0.000027	0.000000	0.000000	0.000000	0.002372
172	0.795369	0.118580	0.083730	0.000000	0.000030	0.000000	0.000000	0.000000	0.002291
173	0.795163	0.119067	0.083464	0.000000	0.000030	0.000000	0.000000	0.000000	0.002276
174	0.794607	0.119620	0.083552	0.000000	0.000029	0.000000	0.000000	0.000000	0.002192
175	0.794529	0.119915	0.083310	0.000000	0.000036	0.000000	0.000000	0.000000	0.002210
176	0.794739	0.119797	0.083232	0.000000	0.000043	0.000000	0.000000	0.000000	0.002189
177	0.794359	0.120107	0.083342	0.000000	0.000040	0.000000	0.000000	0.000000	0.002152
178	0.793998	0.120336	0.083546	0.000000	0.000033	0.000000	0.000000	0.000000	0.002087
179	0.793961	0.120500	0.083448	0.000000	0.000033	0.000000	0.000000	0.000000	0.002058
180	0.793739	0.120611	0.083558	0.000000	0.000038	0.000000	0.000000	0.000000	0.002054
181	0.793932	0.120479	0.083499	0.000000	0.000037	0.000000	0.000000	0.000000	0.002053
182	0.794317	0.120349	0.083302	0.000000	0.000044	0.000000	0.000000	0.000000	0.001988
183	0.793995	0.120546	0.083494	0.000000	0.000035	0.000000	0.000000	0.000000	0.001930
184	0.793998	0.120990	0.083056	0.000000	0.000043	0.000000	0.000000	0.000000	0.001913
185	0.794206	0.121049	0.082850	0.000000	0.000046	0.000000	0.000000	0.000000	0.001849
186	0.794380	0.120939	0.082859	0.000000	0.000050	0.000000	0.000000	0.000000	0.001772
187	0.794287	0.121113	0.082814	0.000000	0.000052	0.000000	0.000000	0.000000	0.001734
188	0.793808	0.121591	0.082814	0.000000	0.000053	0.000000	0.000000	0.000000	0.001734
189	0.794229	0.121033	0.082933	0.000000	0.000049	0.000000	0.000000	0.000000	0.001756
190	0.794433	0.120788	0.082977	0.000000	0.000060	0.000000	0.000000	0.000000	0.001742
191	0.794478	0.120776	0.083021	0.000000	0.000051	0.000000	0.000000	0.000000	0.001674
192	0.794659	0.120601	0.083038	0.000000	0.000052	0.000000	0.000000	0.000000	0.001650
193	0.795134	0.120274	0.082899	0.000000	0.000052	0.000000	0.000000	0.000000	0.001641
194	0.795023	0.120473	0.082835	0.000000	0.000060	0.000000	0.000000	0.000000	0.001609
195	0.795020	0.120331	0.083031	0.000000	0.000056	0.000000	0.000000	0.000000	0.001562
196	0.794780	0.120241	0.083422	0.000000	0.000048	0.000000	0.000000	0.000000	0.001509
197	0.794853	0.120532	0.083081	0.000000	0.000051	0.000000	0.000000	0.000000	0.001483
198	0.795016	0.120489	0.082998	0.000000	0.000051	0.000000	0.000000	0.000000	0.001446
199	0.795120	0.120188	0.083199	0.000000	0.000058	0.000000	0.000000	0.000000	0.001435
200	0.795306	0.120216	0.083031	0.000000	0.000050	0.000000	0.000000	0.000000	0.001397
201	0.794981	0.120592	0.082975	0.000000	0.000052	0.000000	0.000000	0.000000	0.001400
202	0.795054	0.120740	0.082821	0.000000	0.000048	0.000000	0.000000	0.000000	0.001337
203	0.794544	0.121135	0.082957	0.000000	0.000045	0.000000	0.000000	0.000000	0.001319
204	0.794515	0.121237	0.082906	0.000000	0.000040	0.000000	0.000000	0.000000	0.001302
205	0.794991	0.120915	0.082794	0.000000	0.000035	0.000000	0.000000	0.000000	0.001265
206	0.795291	0.120648	0.082833	0.000000	0.000042	0.000000	0.000000	0.000000	0.001186
207	0.795437	0.120670	0.082712	0.000000	0.000043	0.000000	0.000000	0.000000	0.001138
208	0.795063	0.121072	0.082708	0.000000	0.000053	0.000000	0.000000	0.000000	0.001104
209	0.795775	0.120688	0.082412	0.000000	0.000047	0.000000	0.000000	0.000000	0.001078
210	0.795570	0.120848	0.082462	0.000000	0.000055	0.000000	0.000000	0.000000	0.001065
211	0.795305	0.120793	0.082822	0.000000	0.000053	0.000000	0.000000	0.000000	0.001027
212	0.795756	0.120060	0.083080	0.000000	0.000056	0.000000	0.000000	0.000000	0.001048
213	0.795885	0.120013	0.083011	0.000000	0.000061	0.000000	0.000000	0.000000	0.001030
214	0.796096	0.119808	0.083028	0.000000	0.000062	0.000000	0.000000	0.000000	0.001006
215	0.795873	0.119968	0.083117	0.000000	0.000057	0.000000	0.000000	0.000000	0.000985
216	0.795719	0.119930	0.083314	0.000000	0.000068	0.000000	0.000000	0.000000	0.000969
217	0.795662	0.119992	0.083311	0.000000	0.000065	0.000000	0.000000	0.000000	0.000970
218	0.795826	0.119941	0.083255	0.000000	0.000068	0.000000	0.000000	0.000000	0.000910
219	0.795763	0.120085	0.083179	0.000000	0.000066	0.000000	0.000000	0.000000	0.000907
220	0.795944	0.119962	0.083149	0.000000	0.000066	0.000000	0.000000	0.000000	0.000879
221	0.796007	0.119995	0.083073	0.000000	0.000064	0.000000	0.000000	0.000000	0.000861
222	0.795972	0.119999	0.083129	0.000000	0.000052	0.000000	0.000000	0.000000	0.000848
223	0.795713	0.119895	0.083530	0.000000	0.000056	0.000000	0.000000	0.000000	0.000806
224	0.795333	0.120313	0.083517	0.000000	0.000055	0.000000	0.000000	0.000000	0.000782
225	0.794879	0.121015	0.083246	0.000000	0.000049	0.000000	0.000000	0.000000	0.000811
226	0.795334	0.120744	0.083116	0.000000	0.000048	0.000000	0.000000	0.000000	0.000758
227	0.795367	0.120633	0.083204	0.000000	0.000045	0.000000	0.000000	0.000000	0.000751
228	0.794943	0.121051	0.083227	0.000000	0.000047	0.000000	0.000000	0.000000	0.000732
229	0.795233	0.120927	0.083090	0.000000	0.000036	0.000000	0.000000	0.000000	0.000714
230	0.795221	0.120904	0.083136	0.000000	0.000042	0.000000	0.000000	0.000000	0.000697
231	0.794463	0.121103	0.083692	0.000000	0.000045	0.000000	0.000000	0.000000	0.000697
232	0.794382	0.121162	0.083738	0.000000	0.000043	0.000000	0.000000	0.000000	0.000675
233	0.794638	0.121270	0.083398	0.000000	0.000047	0.000000	0.000000	0.000000	0.000647
234	0.794441	0.121194	0.083667	0.000000	0.000042	0.000000	0.000000	0.000000	0.000656
235	0.794964	0.120881	0.083483	0.000000	0.000047	0.000000	0.000000	0.000000	0.000625
236	0.794471	0.121351	0.083509	0.000000	0.000039	0.000000	0.000000	0.000000	0.000630
237	0.794959	0.120855	0.083499	0.000000	0.000042	0.000000	0.000000	0.000000	0.000645
238	0.794644	0.120834	0.083881	0.000000	0.000037	0.000000	0.000000	0.000000	0.000604
239	0.794621	0.120979	0.083770	0.000000	0.000041	0.000000	0.000000	0.000000	0.000589
240	0.794446	0.121170	0.083744	0.000000	0.000049	0.000000	0.000000	0.000000	0.000591
241	0.794716	0.120963	0.083705	0.000000	0.000046	0.000000	0.000000	0.000000	0.000570
242	0.794386	0.121012	0.083974	0.000000	0.000045	0.000000	0.000000	0.000000	0.000583
243	0.794768	0.120954	0.083669	0.000000	0.000045	0.000000	0.000000	0.000000	0.000564
244	0.794246	0.121344	0.083857	0.000000	0.000046	0.000000	0.000000	0.000000	0.000507
245	0.794861	0.120866	0.083739	0.000000	0.000051	0.000000	0.000000	0.000000	0.000483
246	0.794899	0.120632	0.083959	0.000000	0.000053	0.000000	0.000000	0.000000	0.000457
247	0.795426	0.120179	0.083887	0.000000	0.000046	0.000000	0.000000	0.000000	0.000462
248	0.795216	0.120190	0.084147	0.000000	0.000040	0.000000	0.000000	0.000000	0.000407
249	0.795119	0.120489	0.083947	0.000000	0.000034	0.000000	0.000000	0.000000	0.000411
250	0.795430	0.120290	0.083855	0.000000	0.000038	0.000000	0.000000	0.000000	0.000387
251	0.795563	0.119980	0.084040	0.000000	0.000034	0.000000	0.000000	0.000000	0.000383
252	0.795427	0.120147	0.084037	0.000000	0.000032	0.000000	0.000000	0.000000	0.000357
253	0.795265	0.120161	0.084207	0.000000	0.000030	0.000000	0.000000	0.000000	0.000337
254	0.795186	0.120181	0.084280	0.000000	0.000029	0.000000	0.000000	0.000000	0.000324
255	0.795165	0.120156	0.084336	0.000000	0.000028	0.000000	0.000000	0.000000	0.000315
256	0.795323	0.120185	0.084171	0.000000	0.000036	0.000000	0.000000	0.000000	0.000285
257	0.795171	0.120182	0.084317	0.000000	0.000034	0.000000	0.000000	0.000000	0.000296
258	0.794533	0.120450	0.084690	0.000000	0.000028	0.000000	0.000000	0.000000	0.000299
259	0.794885	0.120248	0.084559	0.000000	0.000036	0.000000	0.000000	0.000000	0.000272
260	0.794925	0.120045	0.084728	0.000000	0.000028	0.000000	0.000000	0.000000	0.000274
261	0.794780	0.120300	0.084606	0.000000	0.000030	0.000000	0.000000	0.000000	0.000284
262	0.794453	0.120424	0.084826	0.000000	0.000034	0.000000	0.000000	0.000000	0.000263
263	0.794492	0.120260	0.084948	0.000000	0.000034	0.000000	0.000000	0.000000	0.000266
264	0.794735	0.120081	0.084880	0.000000	0.000027	0.000000	0.000000	0.000000	0.000277
265	0.794449	0.120068	0.085187	0.000000	0.000024	0.000000	0.000000	0.000000	0.000272
266	0.794294	0.120415	0.085010	0.000000	0.000021	0.000000	0.000000	0.000000	0.000260
267	0.794319	0.120237	0.085172	0.000000	0.000021	0.000000	0.000000	0.000000	0.000251
268	0.794377	0.120197	0.085137	0.000000	0.000020	0.000000	0.000000	0.000000	0.000269
269	0.794393	0.120324	0.085001	0.000000	0.000016	0.000000	0.000000	0.000000	0.000266
270	0.794248	0.120308	0.085149	0.000000	0.000013	0.000000	0.000000	0.000000	0.000282
271	0.794182	0.120489	0.085060	0.000000	0.000012	0.000000	0.000000	0.000000	0.000257
272	0.794053	0.120603	0.085094	0.000000	0.000013	0.000000	0.000000	0.000000	0.000237
273	0.793551	0.121039	0.085189	0.000000	0.000013	0.000000	0.000000	0.000000	0.000208
274	0.793742	0.121115	0.084923	0.000000	0.000012	0.000000	0.000000	0.000000	0.000208
275	0.793888	0.120878	0.085019	0.000000	0.000015	0.000000	0.000000	0.000000	0.000200
276	0.793716	0.120948	0.085115	0.000000	0.000013	0.000000	0.000000	0.000000	0.000208
277	0.793999	0.120705	0.085054	0.000000	0.000017	0.000000	0.000000	0.000000	0.000225
278	0.794223	0.120719	0.084824	0.000000	0.000018	0.000000	0.000000	0.000000	0.000216
279	0.794212	0.120540	0.085017	0.000000	0.000016	0.000000	0.000000	0.000000	0.000215
280	0.794545	0.120158	0.085057	0.000000	0.000015	0.000000	0.000000	0.000000	0.000225
281	0.794421	0.119861	0.085465	0.000000	0.000017	0.000000	0.000000	0.000000	0.000236
282	0.794937	0.119581	0.085226	0.000000	0.000012	0.000000	0.000000	0.000000	0.000244
283	0.795397	0.119044	0.085308	0.000000	0.000015	0.000000	0.000000	0.000000	0.000236
284	0.795489	0.119078	0.085190	0.000000	0.000015	0.000000	0.000000	0.000000	0.000228
285	0.795862	0.118689	0.085206	0.000000	0.000015	0.000000	0.000000	0.000000	0.000228
286	0.795516	0.118658	0.085593	0.000000	0.000008	0.000000	0.000000	0.000000	0.000225
287	0.795567	0.118484	0.085678	0.000000	0.000010	0.000000	0.000000	0.000000	0.000261
288	0.795553	0.118593	0.085578	0.000000	0.000009	0.000000	0.000000	0.000000	0.000267
289	0.795770	0.118509	0.085449	0.000000	0.000008	0.000000	0.000000	0.000000	0.000264
290	0.795676	0.118281	0.085768	0.000000	0.000015	0.000000	0.000000	0.000000	0.000260
291	0.795016	0.118634	0.086094	0.000000	0.000016	0.000000	0.000000	0.000000	0.000240
292	0.794262	0.118943	0.086508	0.000000	0.000013	0.000000	0.000000	0.000000	0.000274
293	0.794791	0.118621	0.086309	0.000000	0.000009	0.000000	0.000000	0.000000	0.000270
294	0.794662	0.118670	0.086393	0.000000	0.000009	0.000000	0.000000	0.000000	0.000266
295	0.794774	0.118687	0.086277	0.000000	0.000008	0.000000	0.000000	0.000000	0.000254
296	0.794513	0.118795	0.086444	0.000000	0.000005	0.000000	0.000000	0.000000	0.000243
297	0.794965	0.118376	0.086404	0.000000	0.000003	0.000000	0.000000	0.000000	0.000252
298	0.794961	0.118114	0.086680	0.000000	0.000002	0.000000	0.000000	0.000000	0.000243
299	0.794987	0.118247	0.086504	0.000000	0.000005	0.000000	0.000000	0.000000	0.000257
300	0.794781	0.118153	0.086815	0.000000	0.000003	0.000000	0.000000	0.000000	0.000248
301	0.794743	0.118205	0.086819	0.000000	0.000001	0.000000	0.000000	0.000000	0.000232
302	0.794828	0.118195	0.086740	0.000000	0.000001	0.000000	0.000000	0.000000	0.000236
303	0.794813	0.117942	0.087008	0.000000	0.000000	0.000000	0.000000	0.000000	0.000237
304	0.795400	0.117532	0.086825	0.000000	0.000001	0.000000	0.000000	0.000000	0.000242
305	0.795350	0.117697	0.086713	0.000000	0.000000	0.000000	0.000000	0.000000	0.000240
306	0.795191	0.117721	0.086843	0.000000	0.000000	0.000000	0.000000	0.000000	0.000245
307	0.795199	0.117428	0.087130	0.000000	0.000000	0.000000	0.000000	0.000000	0.000243
308	0.795737	0.117163	0.086843	0.000000	0.000000	0.000000	0.000000	0.000000	0.000257
309	0.795515	0.117274	0.086975	0.000000	0.000000	0.000000	0.000000	0.000000	0.000236
310	0.795438	0.117256	0.087073	0.000000	0.000000	0.000000	0.000000	0.000000	0.000233
311	0.795366	0.117362	0.087043	0.000000	0.000000	0.000000	0.000000	0.000000	0.000229
312	0.795634	0.117453	0.086702	0.000000	0.000000	0.000000	0.000000	0.000000	0.000211
313	0.795751	0.117390	0.086653	0.000000	0.000000	0.000000	0.000000	0.000000	0.000206
314	0.795699	0.117338	0.086756	0.000000	0.000000	0.000000	0.000000	0.000000	0.000207
315	0.796023	0.117020	0.086756	0.000000	0.000000	0.000000	0.000000	0.000000	0.000201
316	0.796059	0.117069	0.086675	0.000000	0.000000	0.000000	0.000000	0.000000	0.000197
317	0.796653	0.116501	0.086648	0.000000	0.000000	0.000000	0.000000	0.000000	0.000198
318	0.796639	0.116422	0.086740	0.000000	0.000000	0.000000	0.000000	0.000000	0.000199
319	0.796479	0.116458	0.086867	0.000000	0.000000	0.000000	0.000000	0.000000	0.000196
320	0.796750	0.116199	0.086861	0.000000	0.000000	0.000000	0.000000	0.000000	0.000190
321	0.796888	0.116251	0.086678	0.000000	0.000000	0.000000	0.000000	0.000000	0.000183
322	0.796969	0.115940	0.086923	0.000000	0.000000	0.000000	0.000000	0.000000	0.000168
323	0.797054	0.115822	0.086956	0.000000	0.000000	0.000000	0.000000	0.000000	0.000168
324	0.796499	0.116101	0.087231	0.000000	0.000000	0.000000	0.000000	0.000000	0.000169
325	0.796575	0.115841	0.087410	0.000000	0.000000	0.000000	0.000000	0.000000	0.000174
326	0.796577	0.115837	0.087414	0.000000	0.000000	0.000000	0.000000	0.000000	0.000172
327	0.796548	0.115827	0.087448	0.000000	0.000000	0.000000	0.000000	0.000000	0.000177
328	0.796491	0.115854	0.087484	0.000000	0.000000	0.000000	0.000000	0.000000	0.000171
329	0.796550	0.115878	0.087393	0.000000	0.000000	0.000000	0.000000	0.000000	0.000179
330	0.796457	0.115930	0.087440	0.000000	0.000000	0.000000	0.000000	0.000000	0.000173
331	0.796723	0.115926	0.087174	0.000000	0.000000	0.000000	0.000000	0.000000	0.000177
332	0.796743	0.115836	0.087250	0.000000	0.000000	0.000000	0.000000	0.000000	0.000171
333	0.797236	0.115822	0.086760	0.000000	0.000000	0.000000	0.000000	0.000000	0.000182
334	0.796957	0.116266	0.086586	0.000000	0.000000	0.000000	0.000000	0.000000	0.000191
335	0.796706	0.116288	0.086828	0.000000	0.000000	0.000000	0.000000	0.000000	0.000178
336	0.797055	0.116116	0.086653	0.000000	0.000000	0.000000	0.000000	0.000000	0.000176
337	0.797288	0.116338	0.086211	0.000000	0.000000	0.000000	0.000000	0.000000	0.000163
338	0.797388	0.116546	0.085902	0.000000	0.000000	0.000000	0.000000	0.000000	0.000164
339	0.797009	0.116801	0.086045	0.000000	0.000000	0.000000	0.000000	0.000000	0.000145
340	0.796435	0.117140	0.086297	0.000000	0.000000	0.000000	0.000000	0.000000	0.000128
341	0.795998	0.117220	0.086674	0.000000	0.000000	0.000000	0.000000	0.000000	0.000108
342	0.795749	0.117501	0.086632	0.000000	0.000000	0.000000	0.000000	0.000000	0.000118
343	0.795648	0.117335	0.086897	0.000000	0.000000	0.000000	0.000000	0.000000	0.000120
344	0.795135	0.118119	0.086623	0.000000	0.000000	0.000000	0.000000	0.000000	0.000123
345	0.794986	0.118086	0.086804	0.000000	0.000000	0.000000	0.000000	0.000000	0.000124
346	0.794646	0.118238	0.086988	0.000000	0.000000	0.000000	0.000000	0.000000	0.000128
347	0.795217	0.117626	0.087038	0.000000	0.000000	0.000000	0.000000	0.000000	0.000119
348	0.795716	0.117372	0.086788	0.000000	0.000000	0.000000	0.000000	0.000000	0.000124
349	0.795245	0.117744	0.086902	0.000000	0.000000	0.000000	0.000000	0.000000	0.000109
350	0.795300	0.117692	0.086905	0.000000	0.000000	0.000000	0.000000	0.000000	0.000103
351	0.795732	0.117691	0.086472	0.000000	0.000000	0.000000	0.000000	0.000000	0.000105
352	0.795267	0.117971	0.086657	0.000000	0.000000	0.000000	0.000000	0.000000	0.000105
353	0.795182	0.118316	0.086404	0.000000	0.000000	0.000000	0.000000	0.000000	0.000098
354	0.795001	0.118614	0.086294	0.000000	0.000000	0.000000	0.000000	0.000000	0.000091
355	0.794837	0.118513	0.086560	0.000000	0.000000	0.000000	0.000000	0.000000	0.000090
356	0.794992	0.118479	0.086440	0.000000	0.000000	0.000000	0.000000	0.000000	0.000089
357	0.795379	0.118144	0.086384	0.000000	0.000000	0.000000	0.000000	0.000000	0.000093
358	0.795296	0.118234	0.086376	0.000000	0.000000	0.000000	0.000000	0.000000	0.000094
359	0.795583	0.117782	0.086539	0.000000	0.000000	0.000000	0.000000	0.000000	0.000096
360	0.796057	0.117739	0.086115	0.000000	0.000000	0.000000	0.000000	0.000000	0.000089
361	0.795628	0.117917	0.086361	0.000000	0.000000	0.000000	0.000000	0.000000	0.000094
362	0.795689	0.117778	0.086444	0.000000	0.000000	0.000000	0.000000	0.000000	0.000089
363	0.795767	0.117914	0.086249	0.000000	0.000000	0.000000	0.000000	0.000000	0.000070
364	0.795715	0.117676	0.086537	0.000000	0.000000	0.000000	0.000000	0.000000	0.000072
365	0.795777	0.117566	0.086592	0.000000	0.000000	0.000000	0.000000	0.000000	0.000065
366	0.795905	0.117777	0.086252	0.000000	0.000000	0.000000	0.000000	0.000000	0.000066
367	0.795435	0.117952	0.086540	0.000000	0.000000	0.000000	0.000000	0.000000	0.000073
368	0.795946	0.117922	0.086061	0.000000	0.000000	0.000000	0.000000	0.000000	0.000071
369	0.796132	0.117822	0.085981	0.000000	0.000000	0.000000	0.000000	0.000000	0.000065
370	0.795957	0.117810	0.086169	0.000000	0.000000	0.000000	0.000000	0.000000	0.000064
371	0.796169	0.117564	0.086207	0.000000	0.000000	0.000000	0.000000	0.000000	0.000060
372	0.796791	0.117291	0.085860	0.000000	0.000000	0.000000	0.000000	0.000000	0.000058
373	0.796920	0.116888	0.086138	0.000000	0.000000	0.000000	0.000000	0.000000	0.000054
374	0.796984	0.116878	0.086075	0.000000	0.000000	0.000000	0.000000	0.000000	0.000063
375	0.797623	0.116398	0.085911	0.000000	0.000000	0.000000	0.000000	0.000000	0.000068
376	0.797392	0.116228	0.086314	0.000000	0.000000	0.000000	0.000000	0.000000	0.000066
377	0.797055	0.116502	0.086380	0.000000	0.000000	0.000000	0.000000	0.000000	0.000063
378	0.796849	0.116816	0.086273	0.000000	0.000000	0.000000	0.000000	0.000000	0.000062
379	0.796638	0.116787	0.086522	0.000000	0.000000	0.000000	0.000000	0.000000	0.000053
380	0.796722	0.117017	0.086200	0.000000	0.000000	0.000000	0.000000	0.000000	0.000061
381	0.797054	0.116938	0.085930	0.000000	0.000000	0.000000	0.000000	0.000000	0.000078
382	0.796679	0.117228	0.086023	0.000000	0.000000	0.000000	0.000000	0.000000	0.000070
383	0.797013	0.116848	0.086075	0.000000	0.000000	0.000000	0.000000	0.000000	0.000064
384	0.796733	0.116909	0.086297	0.000000	0.000000	0.000000	0.000000	0.000000	0.000061
385	0.796710	0.116883	0.086345	0.000000	0.000000	0.000000	0.000000	0.000000	0.000062
386	0.796444	0.117061	0.086438	0.000000	0.000000	0.000000	0.000000	0.000000	0.000057
387	0.796195	0.117326	0.086422	0.000000	0.000000	0.000000	0.000000	0.000000	0.000057
388	0.796839	0.117222	0.085887	0.000000	0.000000	0.000000	0.000000	0.000000	0.000052
389	0.796193	0.117512	0.086248	0.000000	0.000000	0.000000	0.000000	0.000000	0.000047
390	0.796375	0.117555	0.086021	0.000000	0.000000	0.000000	0.000000	0.000000	0.000049
391	0.795911	0.117716	0.086322	0.000000	0.000000	0.000000	0.000000	0.000000	0.000051
392	0.795780	0.117783	0.086379	0.000000	0.000000	0.000000	0.000000	0.000000	0.000058
393	0.796083	0.117632	0.086243	0.000000	0.000000	0.000000	0.000000	0.000000	0.000042
394	0.795927	0.117814	0.086212	0.000000	0.000000	0.000000	0.000000	0.000000	0.000047
395	0.796198	0.117832	0.085925	0.000000	0.000000	0.000000	0.000000	0.000000	0.000045
396	0.795674	0.118244	0.086035	0.000000	0.000000	0.000000	0.000000	0.000000	0.000047
397	0.795567	0.117945	0.086436	0.000000	0.000000	0.000000	0.000000	0.000000	0.000052
398	0.795083	0.118342	0.086519	0.000000	0.000000	0.000000	0.000000	0.000000	0.000056
399	0.795333	0.118334	0.086284	0.000000	0.000000	0.000000	0.000000	0.000000	0.000049
400	0.795307	0.118117	0.086533	0.000000	0.000000	0.000000	0.000000	0.000000	0.000043
401	0.795345	0.118043	0.086571	0.000000	0.000000	0.000000	0.000000	0.000000	0.000041
402	0.795264	0.117951	0.086740	0.000000	0.000000	0.000000	0.000000	0.000000	0.000045
403	0.795007	0.118115	0.086838	0.000000	0.000000	0.000000	0.000000	0.000000	0.000040
404	0.794817	0.118330	0.086819	0.000000	0.000000	0.000000	0.000000	0.000000	0.000034
405	0.794666	0.118408	0.086896	0.000000	0.000000	0.000000	0.000000	0.000000	0.000030
406	0.795119	0.118475	0.086374	0.000000	0.000000	0.000000	0.000000	0.000000	0.000032
407	0.795943	0.118080	0.085946	0.000000	0.000000	0.000000	0.000000	0.000000	0.000031
408	0.795653	0.118335	0.085983	0.000000	0.000000	0.000000	0.000000	0.000000	0.000029
409	0.795922	0.118207	0.085841	0.000000	0.000000	0.000000	0.000000	0.000000	0.000030
410	0.795670	0.118229	0.086074	0.000000	0.000000	0.000000	0.000000	0.000000	0.000027
411	0.796228	0.118073	0.085675	0.000000	0.000000	0.000000	0.000000	0.000000	0.000024
412	0.796995	0.117871	0.085111	0.000000	0.000000	0.000000	0.000000	0.000000	0.000023
413	0.797142	0.117539	0.085295	0.000000	0.000000	0.000000	0.000000	0.000000	0.000024
414	0.797157	0.117481	0.085343	0.000000	0.000000	0.000000	0.000000	0.000000	0.000019
415	0.797366	0.117062	0.085552	0.000000	0.000000	0.000000	0.000000	0.000000	0.000020
416	0.797218	0.117103	0.085655	0.000000	0.000000	0.000000	0.000000	0.000000	0.000024
417	0.797127	0.117109	0.085745	0.000000	0.000000	0.000000	0.000000	0.000000	0.000019
418	0.797016	0.117366	0.085596	0.000000	0.000000	0.000000	0.000000	0.000000	0.000022
419	0.796990	0.117104	0.085886	0.000000	0.000000	0.000000	0.000000	0.000000	0.000020
420	0.796818	0.117476	0.085688	0.000000	0.000000	0.000000	0.000000	0.000000	0.000018
421	0.797115	0.117200	0.085672	0.000000	0.000000	0.000000	0.000000	0.000000	0.000013
422	0.796971	0.117094	0.085922	0.000000	0.000000	0.000000	0.000000	0.000000	0.000013
423	0.797204	0.117072	0.085711	0.000000	0.000000	0.000000	0.000000	0.000000	0.000013
424	0.796781	0.117486	0.085721	0.000000	0.000000	0.000000	0.000000	0.000000	0.000012
425	0.797224	0.117220	0.085541	0.000000	0.000000	0.000000	0.000000	0.000000	0.000015
426	0.797190	0.117482	0.085316	0.000000	0.000000	0.000000	0.000000	0.000000	0.000012
427	0.796788	0.117456	0.085747	0.000000	0.000000	0.000000	0.000000	0.000000	0.000009
428	0.796687	0.117675	0.085626	0.000000	0.000000	0.000000	0.000000	0.000000	0.000012
429	0.796572	0.117993	0.085426	0.000000	0.000000	0.000000	0.000000	0.000000	0.000009
430	0.795937	0.118400	0.085655	0.000000	0.000000	0.000000	0.000000	0.000000	0.000008
431	0.796040	0.118023	0.085926	0.000000	0.000000	0.000000	0.000000	0.000000	0.000011
432	0.796753	0.117717	0.085520	0.000000	0.000000	0.000000	0.000000	0.000000	0.000010
433	0.796455	0.118116	0.085421	0.000000	0.000000	0.000000	0.000000	0.000000	0.000008
434	0.796216	0.118111	0.085668	0.000000	0.000000	0.000000	0.000000	0.000000	0.000005
435	0.796434	0.118338	0.085220	0.000000	0.000000	0.000000	0.000000	0.000000	0.000008
436	0.796229	0.118301	0.085461	0.000000	0.000000	0.000000	0.000000	0.000000	0.000009
437	0.796391	0.118346	0.085255	0.000000	0.000000	0.000000	0.000000	0.000000	0.000008
438	0.796341	0.118171	0.085481	0.000000	0.000000	0.000000	0.000000	0.000000	0.000007
439	0.796090	0.118367	0.085534	0.000000	0.000000	0.000000	0.000000	0.000000	0.000009
440	0.796732	0.118026	0.085234	0.000000	0.000000	0.000000	0.000000	0.000000	0.000008
441	0.796557	0.117895	0.085539	0.000000	0.000000	0.000000	0.000000	0.000000	0.000009
442	0.796443	0.117863	0.085678	0.000000	0.000000	0.000000	0.000000	0.000000	0.000016
443	0.796340	0.118288	0.085364	0.000000	0.000000	0.000000	0.000000	0.000000	0.000008
444	0.796559	0.117876	0.085554	0.000000	0.000000	0.000000	0.000000	0.000000	0.000011
445	0.796245	0.117671	0.086070	0.000000	0.000000	0.000000	0.000000	0.000000	0.000014
446	0.796499	0.117925	0.085570	0.000000	0.000000	0.000000	0.000000	0.000000	0.000006
447	0.795969	0.118202	0.085826	0.000000	0.000000	0.000000	0.000000	0.000000	0.000003
448	0.795767	0.118541	0.085688	0.000000	0.000000	0.000000	0.000000	0.000000	0.000004
449	0.796033	0.118504	0.085461	0.000000	0.000000	0.000000	0.000000	0.000000	0.000002
450	0.795522	0.118908	0.085568	0.000000	0.000000	0.000000	0.000000	0.000000	0.000002
451	0.796102	0.118431	0.085467	0.000000	0.000000	0.000000	0.000000	0.000000	0.000000
452	0.796429	0.118298	0.085273	0.000000	0.000000	0.000000	0.000000	0.000000	0.000000
453	0.796379	0.118555	0.085066	0.000000	0.000000	0.000000	0.000000	0.000000	0.000000
454	0.796152	0.118826	0.085022	0.000000	0.000000	0.000000	0.000000	0.000000	0.000000
455	0.796214	0.118550	0.085236	0.000000	0.000000	0.000000	0.000000	0.000000	0.000000
456	0.796233	0.118504	0.085263	0.000000	0.000000	0.000000	0.000000	0.000000	0.000000
457	0.795978	0.118508	0.085514	0.000000	0.000000	0.000000	0.000000	0.000000	0.000000
458	0.796460	0.118360	0.085180	0.000000	0.000000	0.000000	0.000000	0.000000	0.000000
459	0.796814	0.118133	0.085053	0.000000	0.000000	0.000000	0.000000	0.000000	0.000000
460	0.796270	0.118407	0.085323	0.000000	0.000000	0.000000	0.000000	0.000000	0.000000
461	0.796754	0.118230	0.085016	0.000000	0.000000	0.000000	0.000000	0.000000	0.000000
462	0.797015	0.117976	0.085009	0.000000	0.000000	0.000000	0.000000	0.000000	0.000000
463	0.796933	0.118077	0.084990	0.000000	0.000000	0.000000	0.000000	0.000000	0.000000
464	0.797112	0.117986	0.084902	0.000000	0.000000	0.000000	0.000000	0.000000	0.000000
465	0.796973	0.118081	0.084946	0.000000	0.000000	0.000000	0.000000	0.000000	0.000000
466	0.796794	0.118346	0.084860	0.000000	0.000000	0.000000	0.000000	0.000000	0.000000
467	0.796814	0.118429	0.084757	0.000000	0.000000	0.000000	0.000000	0.000000	0.000000
468	0.797187	0.117888	0.084925	0.000000	0.000000	0.000000	0.000000	0.000000	0.000000
469	0.797150	0.118147	0.084703	0.000000	0.000000	0.000000	0.000000	0.000000	0.000000
470	0.796888	0.118198	0.084914	0.000000	0.000000	0.000000	0.000000	0.000000	0.000000
