0	0.290663	0.057897	0.229473	0.157588	0.029913	0.111872	0.085455	0.012259	0.024880
1	0.221550	0.045988	0.193324	0.144625	0.029755	0.124734	0.123070	0.023655	0.093299
2	0.213132	0.043264	0.185521	0.143694	0.031151	0.124541	0.127960	0.024351	0.106386
3	0.211592	0.041428	0.180190	0.143138	0.033428	0.122228	0.129507	0.024436	0.114053
4	0.210232	0.039946	0.176113	0.142804	0.035556	0.120395	0.130034	0.023624	0.121296
5	0.210134	0.038766	0.171249	0.142561	0.037749	0.116978	0.130129	0.023214	0.129220
6	0.210133	0.037311	0.166904	0.142617	0.040077	0.114175	0.129948	0.022861	0.135974
7	0.210372	0.035945	0.162442	0.143083	0.043061	0.110707	0.129348	0.022046	0.142996
8	0.210523	0.034581	0.158146	0.142868	0.046058	0.107947	0.128652	0.021272	0.149953
9	0.211055	0.033221	0.154143	0.142812	0.048825	0.104574	0.127565	0.020449	0.157356
10	0.211215	0.031776	0.148830	0.142732	0.052339	0.101555	0.127055	0.019802	0.164696
11	0.211151	0.030639	0.144505	0.143126	0.055496	0.098373	0.125980	0.018988	0.171742
12	0.211409	0.029195	0.139959	0.143356	0.058883	0.095034	0.125201	0.018274	0.178689
13	0.211826	0.027879	0.135455	0.143217	0.062836	0.091962	0.123624	0.017339	0.185862
14	0.212346	0.026616	0.131045	0.142650	0.066684	0.088549	0.122753	0.016745	0.192612
15	0.212552	0.025674	0.126090	0.142314	0.070837	0.085622	0.121281	0.016115	0.199515
16	0.212563	0.024636	0.122148	0.141785	0.074903	0.082511	0.119726	0.015344	0.206384
17	0.212495	0.023653	0.117394	0.141027	0.079598	0.079512	0.118290	0.014779	0.213252
18	0.212809	0.022511	0.112852	0.140824	0.084504	0.076393	0.116324	0.014238	0.219545
19	0.212424	0.021478	0.108728	0.140492	0.089273	0.073399	0.114565	0.013713	0.225928
20	0.211891	0.020636	0.104460	0.140251	0.093731	0.070677	0.112792	0.013291	0.232271
21	0.211966	0.019731	0.100618	0.139394	0.099255	0.067839	0.110347	0.012534	0.238316
22	0.211967	0.018732	0.096544	0.138456	0.104611	0.064739	0.108715	0.012048	0.244188
23	0.211423	0.018035	0.092450	0.138113	0.109890	0.062385	0.106901	0.011342	0.249461
24	0.210896	0.017106	0.088880	0.137434	0.115225	0.060034	0.104715	0.010890	0.254820
25	0.209938	0.016425	0.085084	0.137126	0.121392	0.057220	0.102306	0.010456	0.260053
26	0.209110	0.015665	0.080972	0.137125	0.127519	0.054828	0.100340	0.009926	0.264515
27	0.208446	0.015171	0.077698	0.136494	0.133107	0.052426	0.098399	0.009479	0.268780
28	0.207143	0.014422	0.074165	0.135426	0.139631	0.050331	0.096394	0.009137	0.273351
29	0.205994	0.013708	0.070446	0.134713	0.145965	0.048309	0.094511	0.008663	0.277691
30	0.204645	0.013024	0.067213	0.133902	0.152666	0.046212	0.092122	0.008217	0.281999
31	0.202839	0.012465	0.064698	0.133367	0.158992	0.044099	0.090331	0.007797	0.285412
32	0.201098	0.011716	0.061496	0.133104	0.165476	0.042449	0.088374	0.007402	0.288885
33	0.199763	0.011192	0.058483	0.131836	0.172669	0.040734	0.086411	0.007052	0.291860
34	0.198150	0.010660	0.055637	0.130908	0.179479	0.039042	0.084014	0.006712	0.295398
35	0.196567	0.010107	0.053222	0.129919	0.186853	0.037408	0.081488	0.006408	0.298028
36	0.194620	0.009427	0.050323	0.129244	0.194567	0.035905	0.079522	0.006054	0.300338
37	0.192154	0.008956	0.047613	0.128043	0.202847	0.034370	0.076993	0.005813	0.303211
38	0.189832	0.008388	0.045109	0.127184	0.210571	0.032913	0.075154	0.005542	0.305307
39	0.187083	0.007877	0.042852	0.127135	0.218536	0.031796	0.072947	0.005200	0.306574
40	0.184214	0.007393	0.040595	0.126786	0.226113	0.030756	0.070678	0.004901	0.308564
41	0.182184	0.006860	0.038375	0.125999	0.234269	0.029403	0.068564	0.004729	0.309617
42	0.179095	0.006500	0.036509	0.125639	0.242678	0.028177	0.066382	0.004582	0.310438
43	0.176359	0.006198	0.034623	0.124814	0.251207	0.027133	0.064605	0.004313	0.310748
44	0.173742	0.005878	0.032725	0.124357	0.259690	0.026156	0.062303	0.004156	0.310993
45	0.170997	0.005487	0.031069	0.123460	0.268132	0.025326	0.060167	0.004019	0.311343
46	0.168496	0.005193	0.029267	0.122674	0.277190	0.024092	0.058476	0.003739	0.310873
47	0.165619	0.004869	0.027469	0.122231	0.286011	0.023419	0.056217	0.003586	0.310579
48	0.163034	0.004571	0.025873	0.121692	0.294728	0.022436	0.054192	0.003486	0.309988
49	0.159877	0.004270	0.024401	0.121344	0.303577	0.021887	0.052430	0.003310	0.308904
50	0.157117	0.003938	0.023080	0.120354	0.312998	0.021048	0.050596	0.003119	0.307750
51	0.153149	0.003700	0.021579	0.120259	0.322341	0.020466	0.049377	0.002972	0.306157
52	0.149922	0.003573	0.020280	0.120161	0.331402	0.019746	0.047233	0.002775	0.304908
53	0.146873	0.003311	0.019029	0.119826	0.340798	0.019162	0.045525	0.002580	0.302896
54	0.143284	0.002996	0.017859	0.119717	0.350561	0.018548	0.044154	0.002360	0.300521
55	0.139557	0.002858	0.016698	0.119394	0.360323	0.017827	0.042291	0.002229	0.298823
56	0.136472	0.002692	0.015744	0.118590	0.370083	0.017433	0.040576	0.002115	0.296295
57	0.132759	0.002544	0.014456	0.118642	0.379575	0.016800	0.039024	0.001995	0.294205
58	0.130119	0.002372	0.013259	0.118024	0.389391	0.016501	0.037358	0.001826	0.291150
59	0.126884	0.002262	0.012250	0.117537	0.398798	0.016108	0.035822	0.001715	0.288624
60	0.123785	0.002112	0.011449	0.117120	0.408241	0.015782	0.034208	0.001639	0.285664
61	0.120228	0.001950	0.010524	0.117158	0.418238	0.015371	0.032800	0.001517	0.282214
62	0.116765	0.001835	0.009849	0.116898	0.427644	0.015066	0.031371	0.001407	0.279165
63	0.113214	0.001676	0.009237	0.116440	0.437611	0.014517	0.030135	0.001360	0.275810
64	0.109947	0.001599	0.008503	0.115955	0.447244	0.014352	0.028882	0.001263	0.272255
65	0.106875	0.001518	0.007925	0.116174	0.456255	0.014010	0.027748	0.001173	0.268322
66	0.103321	0.001420	0.007361	0.116280	0.465814	0.013703	0.026580	0.001064	0.264457
67	0.100251	0.001317	0.006763	0.115843	0.475772	0.013531	0.025578	0.000975	0.259970
68	0.097192	0.001250	0.006416	0.115542	0.485355	0.013117	0.024431	0.000906	0.255791
69	0.093745	0.001183	0.005953	0.115746	0.494550	0.012891	0.023258	0.000816	0.251858
70	0.090614	0.001138	0.005435	0.115284	0.504346	0.012704	0.022111	0.000804	0.247564
71	0.087898	0.001041	0.005070	0.115583	0.513101	0.012418	0.021190	0.000707	0.242992
72	0.084975	0.000932	0.004759	0.115334	0.522526	0.012246	0.020314	0.000670	0.238244
73	0.081972	0.000851	0.004395	0.115668	0.531369	0.012066	0.019359	0.000634	0.233686
74	0.078905	0.000807	0.004001	0.115607	0.540586	0.011852	0.018277	0.000581	0.229384
75	0.076022	0.000745	0.003648	0.115538	0.549254	0.011722	0.017328	0.000553	0.225190
76	0.073476	0.000725	0.003387	0.115332	0.558238	0.011485	0.016408	0.000498	0.220451
77	0.070718	0.000651	0.003160	0.115379	0.567108	0.011271	0.015680	0.000433	0.215600
78	0.068024	0.000581	0.002931	0.115740	0.575596	0.011078	0.014847	0.000432	0.210771
79	0.065380	0.000533	0.002736	0.115961	0.584157	0.010886	0.014128	0.000389	0.205830
80	0.062631	0.000515	0.002560	0.115923	0.592469	0.010671	0.013377	0.000375	0.201479
81	0.060168	0.000469	0.002445	0.115748	0.600868	0.010510	0.012633	0.000342	0.196817
82	0.057579	0.000433	0.002244	0.116134	0.608724	0.010354	0.011930	0.000321	0.192281
83	0.054993	0.000415	0.002062	0.116037	0.617039	0.010245	0.011308	0.000286	0.187615
84	0.052574	0.000403	0.001975	0.116160	0.624828	0.010114	0.010757	0.000269	0.182920
85	0.049859	0.000390	0.001854	0.116428	0.632856	0.009892	0.010211	0.000229	0.178281
86	0.047484	0.000364	0.001686	0.116324	0.640390	0.009878	0.009580	0.000210	0.174084
87	0.045441	0.000353	0.001523	0.116439	0.647951	0.009793	0.009122	0.000185	0.169193
88	0.043221	0.000351	0.001426	0.116234	0.655551	0.009609	0.008699	0.000191	0.164718
89	0.041228	0.000346	0.001263	0.116550	0.662491	0.009635	0.008261	0.000184	0.160042
90	0.039385	0.000335	0.001150	0.116656	0.669230	0.009503	0.007843	0.000167	0.155731
91	0.037649	0.000300	0.001027	0.116764	0.676256	0.009394	0.007354	0.000136	0.151120
92	0.035731	0.000288	0.000952	0.117251	0.682840	0.009260	0.006823	0.000125	0.146730
93	0.033992	0.000262	0.000858	0.117496	0.689713	0.009268	0.006427	0.000121	0.141863
94	0.032318	0.000220	0.000801	0.117525	0.696238	0.009172	0.006064	0.000108	0.137554
95	0.030689	0.000218	0.000722	0.118156	0.701909	0.009069	0.005714	0.000112	0.133411
96	0.029135	0.000210	0.000670	0.118662	0.707447	0.009038	0.005357	0.000111	0.129370
97	0.027630	0.000184	0.000624	0.118456	0.713988	0.008929	0.005006	0.000088	0.125095
98	0.026337	0.000167	0.000546	0.118533	0.719749	0.008899	0.004717	0.000069	0.120983
99	0.024815	0.000127	0.000497	0.118533	0.725723	0.008780	0.004398	0.000064	0.117063
100	0.023434	0.000124	0.000439	0.118547	0.731347	0.008723	0.004128	0.000055	0.113203
101	0.022005	0.000123	0.000388	0.118906	0.736787	0.008691	0.003813	0.000048	0.109239
102	0.020920	0.000123	0.000357	0.119513	0.741317	0.008729	0.003644	0.000050	0.105347
103	0.019600	0.000136	0.000336	0.119692	0.746554	0.008543	0.003411	0.000053	0.101675
104	0.018440	0.000117	0.000319	0.120225	0.751365	0.008526	0.003156	0.000048	0.097804
105	0.017416	0.000123	0.000286	0.120355	0.756004	0.008462	0.003015	0.000042	0.094297
106	0.016504	0.000111	0.000257	0.120586	0.760672	0.008350	0.002821	0.000047	0.090652
107	0.015626	0.000117	0.000234	0.121108	0.764608	0.008456	0.002675	0.000040	0.087136
108	0.014664	0.000096	0.000236	0.121216	0.769281	0.008405	0.002421	0.000035	0.083646
109	0.013842	0.000090	0.000216	0.120920	0.773461	0.008313	0.002402	0.000034	0.080722
110	0.013036	0.000074	0.000190	0.121128	0.777742	0.008185	0.002257	0.000037	0.077351
111	0.012328	0.000075	0.000152	0.121458	0.781558	0.008163	0.002026	0.000028	0.074212
112	0.011565	0.000069	0.000152	0.121989	0.784569	0.008292	0.001894	0.000035	0.071435
113	0.010804	0.000066	0.000130	0.121837	0.788349	0.008384	0.001873	0.000039	0.068518
114	0.010065	0.000061	0.000123	0.121937	0.791817	0.008321	0.001720	0.000039	0.065917
115	0.009501	0.000052	0.000091	0.122408	0.795024	0.008261	0.001582	0.000035	0.063046
116	0.008949	0.000045	0.000097	0.122519	0.798132	0.008185	0.001462	0.000033	0.060578
117	0.008299	0.000039	0.000090	0.122835	0.801151	0.008079	0.001386	0.000030	0.058091
118	0.007692	0.000039	0.000079	0.122737	0.804363	0.008039	0.001212	0.000023	0.055816
119	0.007227	0.000040	0.000084	0.122745	0.807240	0.008010	0.001129	0.000019	0.053506
120	0.006750	0.000037	0.000076	0.123152	0.810015	0.007984	0.001034	0.000016	0.050936
121	0.006242	0.000037	0.000074	0.123020	0.812997	0.007971	0.000952	0.000020	0.048687
122	0.005708	0.000036	0.000071	0.123226	0.815529	0.007977	0.000820	0.000017	0.046616
123	0.005246	0.000029	0.000066	0.123442	0.817996	0.007949	0.000755	0.000022	0.044495
124	0.004863	0.000019	0.000068	0.123919	0.820255	0.007915	0.000699	0.000018	0.042244
125	0.004625	0.000018	0.000056	0.124048	0.822342	0.007856	0.000661	0.000012	0.040382
126	0.004231	0.000014	0.000062	0.124150	0.824539	0.007999	0.000580	0.000010	0.038415
127	0.003928	0.000014	0.000057	0.124432	0.826700	0.007909	0.000517	0.000007	0.036436
128	0.003595	0.000015	0.000055	0.124384	0.828714	0.007915	0.000465	0.000006	0.034851
129	0.003380	0.000013	0.000033	0.124685	0.830270	0.007986	0.000430	0.000004	0.033199
130	0.003115	0.000013	0.000037	0.124704	0.832357	0.007902	0.000374	0.000005	0.031493
131	0.002855	0.000011	0.000025	0.124861	0.833850	0.008070	0.000363	0.000005	0.029960
132	0.002603	0.000009	0.000017	0.125450	0.835248	0.007988	0.000349	0.000005	0.028331
133	0.002460	0.000008	0.000019	0.125338	0.836853	0.008101	0.000333	0.000003	0.026885
134	0.002232	0.000009	0.000013	0.125449	0.838362	0.008155	0.000284	0.000001	0.025495
135	0.002075	0.000006	0.000013	0.125258	0.840135	0.008000	0.000264	0.000000	0.024249
136	0.001916	0.000008	0.000014	0.125077	0.841831	0.008005	0.000250	0.000000	0.022899
137	0.001797	0.000002	0.000009	0.125253	0.843125	0.007881	0.000226	0.000000	0.021707
138	0.001671	0.000001	0.000009	0.125237	0.844413	0.007953	0.000197	0.000000	0.020519
139	0.001557	0.000000	0.000008	0.125264	0.845701	0.007849	0.000186	0.000000	0.019435
140	0.001410	0.000000	0.000005	0.125261	0.846748	0.008001	0.000170	0.000000	0.018405
141	0.001300	0.000000	0.000004	0.125430	0.847788	0.008140	0.000146	0.000000	0.017192
142	0.001238	0.000000	0.000003	0.125384	0.848939	0.008136	0.000138	0.000000	0.016162
143	0.001148	0.000000	0.000004	0.125867	0.849340	0.008177	0.000134	0.000000	0.015330
144	0.001084	0.000000	0.000003	0.125755	0.850547	0.008070	0.000112	0.000000	0.014429
145	0.000971	0.000000	0.000004	0.125663	0.851531	0.008150	0.000106	0.000000	0.013575
146	0.000912	0.000000	0.000008	0.125812	0.852178	0.008236	0.000110	0.000000	0.012744
147	0.000835	0.000000	0.000007	0.125683	0.852999	0.008289	0.000092	0.000000	0.012095
148	0.000724	0.000000	0.000008	0.126250	0.853304	0.008368	0.000086	0.000000	0.011260
149	0.000660	0.000000	0.000007	0.125636	0.854633	0.008275	0.000071	0.000000	0.010718
150	0.000608	0.000000	0.000005	0.125601	0.855532	0.008136	0.000064	0.000000	0.010054
151	0.000579	0.000000	0.000006	0.125666	0.856057	0.008042	0.000073	0.000000	0.009577
152	0.000514	0.000000	0.000006	0.125818	0.856514	0.008129	0.000058	0.000000	0.008961
153	0.000450	0.000000	0.000005	0.125820	0.857176	0.008036	0.000062	0.000000	0.008451
154	0.000400	0.000000	0.000007	0.125520	0.858067	0.008031	0.000057	0.000000	0.007918
155	0.000366	0.000000	0.000003	0.125644	0.858600	0.007912	0.000054	0.000000	0.007421
156	0.000326	0.000000	0.000004	0.125541	0.859183	0.007947	0.000049	0.000000	0.006950
157	0.000276	0.000000	0.000006	0.125227	0.860192	0.007733	0.000046	0.000000	0.006520
158	0.000240	0.000000	0.000004	0.125203	0.860555	0.007791	0.000037	0.000000	0.006170
159	0.000217	0.000000	0.000005	0.125217	0.860898	0.007807	0.000033	0.000000	0.005823
160	0.000216	0.000000	0.000003	0.125291	0.861327	0.007700	0.000026	0.000000	0.005437
161	0.000209	0.000000	0.000002	0.125367	0.861528	0.007761	0.000023	0.000000	0.005110
162	0.000195	0.000000	0.000001	0.124999	0.862428	0.007582	0.000018	0.000000	0.004777
163	0.000162	0.000000	0.000001	0.125072	0.862697	0.007574	0.000021	0.000000	0.004473
164	0.000145	0.000000	0.000000	0.124993	0.863073	0.007592	0.000017	0.000000	0.004180
165	0.000131	0.000000	0.000000	0.124985	0.863329	0.007642	0.000017	0.000000	0.003896
166	0.000139	0.000000	0.000000	0.124804	0.863690	0.007699	0.000015	0.000000	0.003653
167	0.000119	0.000000	0.000000	0.124533	0.864073	0.007795	0.000016	0.000000	0.003464
168	0.000116	0.000000	0.000000	0.124680	0.864206	0.007693	0.000013	0.000000	0.003292
169	0.000109	0.000000	0.000000	0.124463	0.864628	0.007734	0.000006	0.000000	0.003060
170	0.000091	0.000000	0.000000	0.124580	0.864755	0.007641	0.000001	0.000000	0.002932
171	0.000078	0.000000	0.000000	0.124634	0.864813	0.007759	0.000001	0.000000	0.002715
172	0.000073	0.000000	0.000000	0.124811	0.864876	0.007734	0.000003	0.000000	0.002503
173	0.000055	0.000000	0.000000	0.124551	0.865296	0.007757	0.000003	0.000000	0.002338
174	0.000054	0.000000	0.000000	0.124318	0.865789	0.007689	0.000002	0.000000	0.002148
175	0.000050	0.000000	0.000000	0.124113	0.866279	0.007587	0.000000	0.000000	0.001971
176	0.000052	0.000000	0.000000	0.124132	0.866397	0.007602	0.000001	0.000000	0.001816
177	0.000038	0.000000	0.000000	0.123781	0.866800	0.007662	0.000000	0.000000	0.001719
178	0.000037	0.000000	0.000000	0.123743	0.866989	0.007600	0.000000	0.000000	0.001631
179	0.000036	0.000000	0.000000	0.123936	0.867013	0.007509	0.000000	0.000000	0.001506
180	0.000032	0.000000	0.000000	0.123780	0.867284	0.007482	0.000000	0.000000	0.001422
181	0.000027	0.000000	0.000000	0.123304	0.867717	0.007610	0.000000	0.000000	0.001342
182	0.000024	0.000000	0.000000	0.123311	0.867872	0.007518	0.000000	0.000000	0.001275
183	0.000021	0.000000	0.000000	0.123396	0.867816	0.007578	0.000000	0.000000	0.001189
184	0.000020	0.000000	0.000000	0.123411	0.867889	0.007530	0.000000	0.000000	0.001150
185	0.000017	0.000000	0.000000	0.123408	0.867930	0.007562	0.000000	0.000000	0.001083
186	0.000017	0.000000	0.000000	0.123364	0.868210	0.007427	0.000000	0.000000	0.000982
187	0.000014	0.000000	0.000000	0.123215	0.868429	0.007420	0.000000	0.000000	0.000922
188	0.000018	0.000000	0.000000	0.123407	0.868295	0.007400	0.000000	0.000000	0.000880
189	0.000020	0.000000	0.000000	0.123272	0.868383	0.007511	0.000000	0.000000	0.000814
190	0.000019	0.000000	0.000000	0.123029	0.868666	0.007505	0.000000	0.000000	0.000781
191	0.000022	0.000000	0.000000	0.123198	0.868624	0.007442	0.000000	0.000000	0.000714
192	0.000023	0.000000	0.000000	0.123153	0.868790	0.007330	0.000000	0.000000	0.000704
193	0.000027	0.000000	0.000000	0.123100	0.868881	0.007328	0.000000	0.000000	0.000664
194	0.000026	0.000000	0.000000	0.122872	0.869249	0.007213	0.000000	0.000000	0.000640
195	0.000028	0.000000	0.000000	0.123111	0.869159	0.007121	0.000000	0.000000	0.000581
196	0.000033	0.000000	0.000000	0.123278	0.869047	0.007074	0.000000	0.000000	0.000568
197	0.000031	0.000000	0.000000	0.123515	0.868787	0.007121	0.000000	0.000000	0.000546
198	0.000032	0.000000	0.000000	0.123062	0.869276	0.007096	0.000000	0.000000	0.000534
199	0.000026	0.000000	0.000000	0.123271	0.869163	0.007048	0.000000	0.000000	0.000492
200	0.000031	0.000000	0.000000	0.123024	0.869488	0.006995	0.000000	0.000000	0.000462
201	0.000032	0.000000	0.000000	0.123165	0.869428	0.006924	0.000000	0.000000	0.000451
202	0.000038	0.000000	0.000000	0.123199	0.869437	0.006908	0.000000	0.000000	0.000418
203	0.000040	0.000000	0.000000	0.123250	0.869521	0.006807	0.000000	0.000000	0.000382
204	0.000032	0.000000	0.000000	0.123239	0.869546	0.006844	0.000000	0.000000	0.000339
205	0.000028	0.000000	0.000000	0.123129	0.869717	0.006820	0.000000	0.000000	0.000306
206	0.000022	0.000000	0.000000	0.123537	0.869259	0.006892	0.000000	0.000000	0.000290
207	0.000018	0.000000	0.000000	0.123412	0.869374	0.006934	0.000000	0.000000	0.000262
208	0.000006	0.000000	0.000000	0.123351	0.869511	0.006905	0.000000	0.000000	0.000227
209	0.000005	0.000000	0.000000	0.123701	0.869319	0.006761	0.000000	0.000000	0.000214
210	0.000002	0.000000	0.000000	0.123702	0.869203	0.006901	0.000000	0.000000	0.000192
211	0.000001	0.000000	0.000000	0.123779	0.869067	0.006978	0.000000	0.000000	0.000175
212	0.000001	0.000000	0.000000	0.123642	0.869194	0.006987	0.000000	0.000000	0.000176
213	0.000000	0.000000	0.000000	0.123680	0.869132	0.007036	0.000000	0.000000	0.000152
214	0.000000	0.000000	0.000000	0.123363	0.869590	0.006906	0.000000	0.000000	0.000141
215	0.000000	0.000000	0.000000	0.123372	0.869465	0.007038	0.000000	0.000000	0.000125
216	0.000000	0.000000	0.000000	0.122760	0.870070	0.007048	0.000000	0.000000	0.000122
217	0.000000	0.000000	0.000000	0.122584	0.870292	0.007021	0.000000	0.000000	0.000103
218	0.000000	0.000000	0.000000	0.122645	0.870129	0.007127	0.000000	0.000000	0.000099
219	0.000000	0.000000	0.000000	0.122788	0.869980	0.007151	0.000000	0.000000	0.000081
220	0.000000	0.000000	0.000000	0.122573	0.870167	0.007190	0.000000	0.000000	0.000070
221	0.000000	0.000000	0.000000	0.122596	0.870130	0.007198	0.000000	0.000000	0.000076
222	0.000000	0.000000	0.000000	0.122392	0.870307	0.007234	0.000000	0.000000	0.000067
223	0.000000	0.000000	0.000000	0.122472	0.870260	0.007202	0.000000	0.000000	0.000066
224	0.000000	0.000000	0.000000	0.122371	0.870287	0.007280	0.000000	0.000000	0.000062
225	0.000000	0.000000	0.000000	0.122338	0.870318	0.007286	0.000000	0.000000	0.000058
226	0.000000	0.000000	0.000000	0.122611	0.870021	0.007306	0.000000	0.000000	0.000062
227	0.000000	0.000000	0.000000	0.122822	0.869844	0.007277	0.000000	0.000000	0.000057
228	0.000000	0.000000	0.000000	0.122488	0.870190	0.007275	0.000000	0.000000	0.000047
229	0.000000	0.000000	0.000000	0.122528	0.870152	0.007275	0.000000	0.000000	0.000045
230	0.000000	0.000000	0.000000	0.122696	0.869977	0.007284	0.000000	0.000000	0.000043
231	0.000000	0.000000	0.000000	0.122610	0.869938	0.007415	0.000000	0.000000	0.000037
232	0.000000	0.000000	0.000000	0.122241	0.870252	0.007463	0.000000	0.000000	0.000044
233	0.000000	0.000000	0.000000	0.122494	0.870079	0.007392	0.000000	0.000000	0.000035
234	0.000000	0.000000	0.000000	0.122332	0.870343	0.007297	0.000000	0.000000	0.000028
235	0.000000	0.000000	0.000000	0.122130	0.870607	0.007229	0.000000	0.000000	0.000034
236	0.000000	0.000000	0.000000	0.121787	0.870902	0.007278	0.000000	0.000000	0.000033
237	0.000000	0.000000	0.000000	0.121751	0.870857	0.007363	0.000000	0.000000	0.000029
238	0.000000	0.000000	0.000000	0.122120	0.870495	0.007352	0.000000	0.000000	0.000033
239	0.000000	0.000000	0.000000	0.122188	0.870388	0.007401	0.000000	0.000000	0.000023
240	0.000000	0.000000	0.000000	0.122311	0.870286	0.007379	0.000000	0.000000	0.000024
241	0.000000	0.000000	0.000000	0.122315	0.870272	0.007390	0.000000	0.000000	0.000023
242	0.000000	0.000000	0.000000	0.122127	0.870528	0.007329	0.000000	0.000000	0.000016
243	0.000000	0.000000	0.000000	0.122335	0.870363	0.007286	0.000000	0.000000	0.000016
244	0.000000	0.000000	0.000000	0.122251	0.870474	0.007264	0.000000	0.000000	0.000011
245	0.000000	0.000000	0.000000	0.122492	0.870141	0.007351	0.000000	0.000000	0.000016
246	0.000000	0.000000	0.000000	0.122564	0.870068	0.007352	0.000000	0.000000	0.000016
247	0.000000	0.000000	0.000000	0.122807	0.869796	0.007381	0.000000	0.000000	0.000016
248	0.000000	0.000000	0.000000	0.122678	0.869999	0.007307	0.000000	0.000000	0.000016
249	0.000000	0.000000	0.000000	0.122598	0.870013	0.007374	0.000000	0.000000	0.000015
250	0.000000	0.000000	0.000000	0.122872	0.869894	0.007221	0.000000	0.000000	0.000013
251	0.000000	0.000000	0.000000	0.123123	0.869689	0.007176	0.000000	0.000000	0.000012
252	0.000000	0.000000	0.000000	0.122976	0.869690	0.007320	0.000000	0.000000	0.000014
253	0.000000	0.000000	0.000000	0.123496	0.869099	0.007393	0.000000	0.000000	0.000012
254	0.000000	0.000000	0.000000	0.123707	0.869025	0.007255	0.000000	0.000000	0.000013
255	0.000000	0.000000	0.000000	0.123543	0.869249	0.007196	0.000000	0.000000	0.000012
256	0.000000	0.000000	0.000000	0.124053	0.868674	0.007253	0.000000	0.000000	0.000020
257	0.000000	0.000000	0.000000	0.123970	0.868784	0.007229	0.000000	0.000000	0.000017
258	0.000000	0.000000	0.000000	0.124103	0.868684	0.007199	0.000000	0.000000	0.000014
259	0.000000	0.000000	0.000000	0.123782	0.868868	0.007330	0.000000	0.000000	0.000020
260	0.000000	0.000000	0.000000	0.123982	0.868707	0.007289	0.000000	0.000000	0.000022
261	0.000000	0.000000	0.000000	0.123769	0.868873	0.007337	0.000000	0.000000	0.000021
262	0.000000	0.000000	0.000000	0.123997	0.868576	0.007408	0.000000	0.000000	0.000019
263	0.000000	0.000000	0.000000	0.124178	0.868446	0.007360	0.000000	0.000000	0.000016
264	0.000000	0.000000	0.000000	0.124494	0.868255	0.007236	0.000000	0.000000	0.000015
265	0.000000	0.000000	0.000000	0.124460	0.868278	0.007246	0.000000	0.000000	0.000016
266	0.000000	0.000000	0.000000	0.124118	0.868671	0.007197	0.000000	0.000000	0.000014
267	0.000000	0.000000	0.000000	0.124229	0.868508	0.007252	0.000000	0.000000	0.000011
268	0.000000	0.000000	0.000000	0.124238	0.868477	0.007277	0.000000	0.000000	0.000008
269	0.000000	0.000000	0.000000	0.124308	0.868441	0.007242	0.000000	0.000000	0.000009
270	0.000000	0.000000	0.000000	0.124473	0.868277	0.007241	0.000000	0.000000	0.000009
271	0.000000	0.000000	0.000000	0.124356	0.868407	0.007236	0.000000	0.000000	0.000001
272	0.000000	0.000000	0.000000	0.124140	0.868521	0.007339	0.000000	0.000000	0.000000
273	0.000000	0.000000	0.000000	0.124383	0.868344	0.007273	0.000000	0.000000	0.000000
274	0.000000	0.000000	0.000000	0.124340	0.868378	0.007282	0.000000	0.000000	0.000000
275	0.000000	0.000000	0.000000	0.124577	0.868167	0.007256	0.000000	0.000000	0.000000
276	0.000000	0.000000	0.000000	0.124770	0.867917	0.007313	0.000000	0.000000	0.000000
277	0.000000	0.000000	0.000000	0.124588	0.868138	0.007274	0.000000	0.000000	0.000000
278	0.000000	0.000000	0.000000	0.124287	0.868389	0.007324	0.000000	0.000000	0.000000
279	0.000000	0.000000	0.000000	0.124515	0.868262	0.007223	0.000000	0.000000	0.000000
280	0.000000	0.000000	0.000000	0.124341	0.868413	0.007246	0.000000	0.000000	0.000000
281	0.000000	0.000000	0.000000	0.124243	0.868477	0.007280	0.000000	0.000000	0.000000
282	0.000000	0.000000	0.000000	0.124295	0.868282	0.007423	0.000000	0.000000	0.000000
283	0.000000	0.000000	0.000000	0.123839	0.868756	0.007405	0.000000	0.000000	0.000000
284	0.000000	0.000000	0.000000	0.123686	0.869014	0.007300	0.000000	0.000000	0.000000
285	0.000000	0.000000	0.000000	0.123729	0.868961	0.007310	0.000000	0.000000	0.000000
286	0.000000	0.000000	0.000000	0.123618	0.869247	0.007135	0.000000	0.000000	0.000000
287	0.000000	0.000000	0.000000	0.123736	0.869173	0.007091	0.000000	0.000000	0.000000
288	0.000000	0.000000	0.000000	0.124147	0.868791	0.007062	0.000000	0.000000	0.000000
289	0.000000	0.000000	0.000000	0.123753	0.869096	0.007151	0.000000	0.000000	0.000000
290	0.000000	0.000000	0.000000	0.123973	0.868996	0.007031	0.000000	0.000000	0.000000
291	0.000000	0.000000	0.000000	0.123660	0.869365	0.006975	0.000000	0.000000	0.000000
292	0.000000	0.000000	0.000000	0.123529	0.869431	0.007040	0.000000	0.000000	0.000000
293	0.000000	0.000000	0.000000	0.123438	0.869448	0.007114	0.000000	0.000000	0.000000
294	0.000000	0.000000	0.000000	0.123294	0.869758	0.006948	0.000000	0.000000	0.000000
295	0.000000	0.000000	0.000000	0.123416	0.869541	0.007043	0.000000	0.000000	0.000000
296	0.000000	0.000000	0.000000	0.122654	0.870286	0.007060	0.000000	0.000000	0.000000
297	0.000000	0.000000	0.000000	0.122800	0.870225	0.006975	0.000000	0.000000	0.000000
298	0.000000	0.000000	0.000000	0.122940	0.870098	0.006962	0.000000	0.000000	0.000000
299	0.000000	0.000000	0.000000	0.122710	0.870267	0.007023	0.000000	0.000000	0.000000
300	0.000000	0.000000	0.000000	0.122988	0.869937	0.007075	0.000000	0.000000	0.000000
301	0.000000	0.000000	0.000000	0.122911	0.870174	0.006915	0.000000	0.000000	0.000000
302	0.000000	0.000000	0.000000	0.122451	0.870612	0.006937	0.000000	0.000000	0.000000
303	0.000000	0.000000	0.000000	0.122112	0.870904	0.006984	0.000000	0.000000	0.000000
304	0.000000	0.000000	0.000000	0.122225	0.870905	0.006870	0.000000	0.000000	0.000000
305	0.000000	0.000000	0.000000	0.122140	0.870898	0.006962	0.000000	0.000000	0.000000
306	0.000000	0.000000	0.000000	0.121967	0.871159	0.006874	0.000000	0.000000	0.000000
307	0.000000	0.000000	0.000000	0.122203	0.870968	0.006829	0.000000	0.000000	0.000000
308	0.000000	0.000000	0.000000	0.122640	0.870556	0.006804	0.000000	0.000000	0.000000
309	0.000000	0.000000	0.000000	0.122791	0.870319	0.006890	0.000000	0.000000	0.000000
310	0.000000	0.000000	0.000000	0.122604	0.870495	0.006901	0.000000	0.000000	0.000000
311	0.000000	0.000000	0.000000	0.122597	0.870437	0.006966	0.000000	0.000000	0.000000
312	0.000000	0.000000	0.000000	0.122542	0.870587	0.006871	0.000000	0.000000	0.000000
313	0.000000	0.000000	0.000000	0.122781	0.870388	0.006831	0.000000	0.000000	0.000000
314	0.000000	0.000000	0.000000	0.122824	0.870332	0.006844	0.000000	0.000000	0.000000
315	0.000000	0.000000	0.000000	0.123031	0.870158	0.006811	0.000000	0.000000	0.000000
316	0.000000	0.000000	0.000000	0.122562	0.870586	0.006852	0.000000	0.000000	0.000000
317	0.000000	0.000000	0.000000	0.122122	0.870922	0.006956	0.000000	0.000000	0.000000
318	0.000000	0.000000	0.000000	0.122120	0.870860	0.007020	0.000000	0.000000	0.000000
319	0.000000	0.000000	0.000000	0.121945	0.871052	0.007003	0.000000	0.000000	0.000000
320	0.000000	0.000000	0.000000	0.121873	0.871135	0.006992	0.000000	0.000000	0.000000
321	0.000000	0.000000	0.000000	0.122425	0.870510	0.007065	0.000000	0.000000	0.000000
322	0.000000	0.000000	0.000000	0.122271	0.870709	0.007020	0.000000	0.000000	0.000000
323	0.000000	0.000000	0.000000	0.121983	0.870906	0.007111	0.000000	0.000000	0.000000
324	0.000000	0.000000	0.000000	0.121738	0.871152	0.007110	0.000000	0.000000	0.000000
325	0.000000	0.000000	0.000000	0.121587	0.871308	0.007105	0.000000	0.000000	0.000000
326	0.000000	0.000000	0.000000	0.121478	0.871456	0.007066	0.000000	0.000000	0.000000
327	0.000000	0.000000	0.000000	0.121560	0.871458	0.006982	0.000000	0.000000	0.000000
328	0.000000	0.000000	0.000000	0.121615	0.871431	0.006954	0.000000	0.000000	0.000000
329	0.000000	0.000000	0.000000	0.121344	0.871702	0.006954	0.000000	0.000000	0.000000
330	0.000000	0.000000	0.000000	0.121515	0.871473	0.007012	0.000000	0.000000	0.000000
331	0.000000	0.000000	0.000000	0.121515	0.871509	0.006976	0.000000	0.000000	0.000000
332	0.000000	0.000000	0.000000	0.121600	0.871457	0.006943	0.000000	0.000000	0.000000
333	0.000000	0.000000	0.000000	0.121560	0.871413	0.007027	0.000000	0.000000	0.000000
334	0.000000	0.000000	0.000000	0.121874	0.870969	0.007157	0.000000	0.000000	0.000000
335	0.000000	0.000000	0.000000	0.121338	0.871560	0.007102	0.000000	0.000000	0.000000
336	0.000000	0.000000	0.000000	0.121078	0.871806	0.007116	0.000000	0.000000	0.000000
337	0.000000	0.000000	0.000000	0.120719	0.872217	0.007064	0.000000	0.000000	0.000000
338	0.000000	0.000000	0.000000	0.120533	0.872422	0.007045	0.000000	0.000000	0.000000
339	0.000000	0.000000	0.000000	0.120515	0.872480	0.007005	0.000000	0.000000	0.000000
340	0.000000	0.000000	0.000000	0.120928	0.871989	0.007083	0.000000	0.000000	0.000000
341	0.000000	0.000000	0.000000	0.121034	0.871909	0.007057	0.000000	0.000000	0.000000
342	0.000000	0.000000	0.000000	0.121207	0.871684	0.007109	0.000000	0.000000	0.000000
343	0.000000	0.000000	0.000000	0.121249	0.871763	0.006988	0.000000	0.000000	0.000000
344	0.000000	0.000000	0.000000	0.120803	0.872212	0.006985	0.000000	0.000000	0.000000
345	0.000000	0.000000	0.000000	0.120976	0.871935	0.007089	0.000000	0.000000	0.000000
346	0.000000	0.000000	0.000000	0.120903	0.871924	0.007173	0.000000	0.000000	0.000000
347	0.000000	0.000000	0.000000	0.120667	0.872187	0.007146	0.000000	0.000000	0.000000
348	0.000000	0.000000	0.000000	0.120723	0.872124	0.007153	0.000000	0.000000	0.000000
349	0.000000	0.000000	0.000000	0.120721	0.872074	0.007205	0.000000	0.000000	0.000000
350	0.000000	0.000000	0.000000	0.120807	0.871956	0.007237	0.000000	0.000000	0.000000
351	0.000000	0.000000	0.000000	0.121065	0.871677	0.007258	0.000000	0.000000	0.000000
352	0.000000	0.000000	0.000000	0.121068	0.871603	0.007329	0.000000	0.000000	0.000000
353	0.000000	0.000000	0.000000	0.121085	0.871704	0.007211	0.000000	0.000000	0.000000
354	0.000000	0.000000	0.000000	0.121008	0.871770	0.007222	0.000000	0.000000	0.000000
355	0.000000	0.000000	0.000000	0.120615	0.872168	0.007217	0.000000	0.000000	0.000000
356	0.000000	0.000000	0.000000	0.120430	0.872319	0.007251	0.000000	0.000000	0.000000
357	0.000000	0.000000	0.000000	0.120308	0.872460	0.007232	0.000000	0.000000	0.000000
358	0.000000	0.000000	0.000000	0.120320	0.872529	0.007151	0.000000	0.000000	0.000000
359	0.000000	0.000000	0.000000	0.120215	0.872559	0.007226	0.000000	0.000000	0.000000
360	0.000000	0.000000	0.000000	0.120448	0.872326	0.007226	0.000000	0.000000	0.000000
361	0.000000	0.000000	0.000000	0.120614	0.872158	0.007228	0.000000	0.000000	0.000000
362	0.000000	0.000000	0.000000	0.120718	0.872102	0.007180	0.000000	0.000000	0.000000
363	0.000000	0.000000	0.000000	0.120593	0.872132	0.007275	0.000000	0.000000	0.000000
364	0.000000	0.000000	0.000000	0.120608	0.872022	0.007370	0.000000	0.000000	0.000000
365	0.000000	0.000000	0.000000	0.120773	0.871822	0.007405	0.000000	0.000000	0.000000
366	0.000000	0.000000	0.000000	0.121027	0.871578	0.007395	0.000000	0.000000	0.000000
367	0.000000	0.000000	0.000000	0.121055	0.871446	0.007499	0.000000	0.000000	0.000000
368	0.000000	0.000000	0.000000	0.121129	0.871398	0.007473	0.000000	0.000000	0.000000
369	0.000000	0.000000	0.000000	0.121061	0.871533	0.007406	0.000000	0.000000	0.000000
370	0.000000	0.000000	0.000000	0.121397	0.871100	0.007503	0.000000	0.000000	0.000000
371	0.000000	0.000000	0.000000	0.121155	0.871452	0.007393	0.000000	0.000000	0.000000
372	0.000000	0.000000	0.000000	0.121597	0.871180	0.007223	0.000000	0.000000	0.000000
373	0.000000	0.000000	0.000000	0.121484	0.871416	0.007100	0.000000	0.000000	0.000000
374	0.000000	0.000000	0.000000	0.121256	0.871614	0.007130	0.000000	0.000000	0.000000
375	0.000000	0.000000	0.000000	0.121553	0.871361	0.007086	0.000000	0.000000	0.000000
376	0.000000	0.000000	0.000000	0.121521	0.871376	0.007103	0.000000	0.000000	0.000000
377	0.000000	0.000000	0.000000	0.121417	0.871537	0.007046	0.000000	0.000000	0.000000
378	0.000000	0.000000	0.000000	0.121276	0.871717	0.007007	0.000000	0.000000	0.000000
379	0.000000	0.000000	0.000000	0.121328	0.871605	0.007067	0.000000	0.000000	0.000000
380	0.000000	0.000000	0.000000	0.121057	0.871859	0.007084	0.000000	0.000000	0.000000
381	0.000000	0.000000	0.000000	0.120614	0.872393	0.006993	0.000000	0.000000	0.000000
382	0.000000	0.000000	0.000000	0.120681	0.872284	0.007035	0.000000	0.000000	0.000000
383	0.000000	0.000000	0.000000	0.120740	0.872186	0.007074	0.000000	0.000000	0.000000
384	0.000000	0.000000	0.000000	0.120675	0.872236	0.007089	0.000000	0.000000	0.000000
385	0.000000	0.000000	0.000000	0.120565	0.872318	0.007117	0.000000	0.000000	0.000000
386	0.000000	0.000000	0.000000	0.120715	0.872267	0.007018	0.000000	0.000000	0.000000
387	0.000000	0.000000	0.000000	0.120763	0.872177	0.007060	0.000000	0.000000	0.000000
388	0.000000	0.000000	0.000000	0.121193	0.871809	0.006998	0.000000	0.000000	0.000000
389	0.000000	0.000000	0.000000	0.121389	0.871555	0.007056	0.000000	0.000000	0.000000
390	0.000000	0.000000	0.000000	0.121185	0.871832	0.006983	0.000000	0.000000	0.000000
391	0.000000	0.000000	0.000000	0.121478	0.871499	0.007023	0.000000	0.000000	0.000000
392	0.000000	0.000000	0.000000	0.121685	0.871302	0.007013	0.000000	0.000000	0.000000
393	0.000000	0.000000	0.000000	0.121580	0.871388	0.007032	0.000000	0.000000	0.000000
394	0.000000	0.000000	0.000000	0.121705	0.871387	0.006908	0.000000	0.000000	0.000000
395	0.000000	0.000000	0.000000	0.121481	0.871560	0.006959	0.000000	0.000000	0.000000
396	0.000000	0.000000	0.000000	0.121691	0.871275	0.007034	0.000000	0.000000	0.000000
397	0.000000	0.000000	0.000000	0.121971	0.870909	0.007120	0.000000	0.000000	0.000000
398	0.000000	0.000000	0.000000	0.121986	0.870879	0.007135	0.000000	0.000000	0.000000
399	0.000000	0.000000	0.000000	0.122314	0.870594	0.007092	0.000000	0.000000	0.000000
400	0.000000	0.000000	0.000000	0.122324	0.870601	0.007075	0.000000	0.000000	0.000000
401	0.000000	0.000000	0.000000	0.122405	0.870566	0.007029	0.000000	0.000000	0.000000
402	0.000000	0.000000	0.000000	0.122180	0.870738	0.007082	0.000000	0.000000	0.000000
403	0.000000	0.000000	0.000000	0.122469	0.870395	0.007136	0.000000	0.000000	0.000000
404	0.000000	0.000000	0.000000	0.122229	0.870644	0.007127	0.000000	0.000000	0.000000
405	0.000000	0.000000	0.000000	0.122002	0.870822	0.007176	0.000000	0.000000	0.000000
406	0.000000	0.000000	0.000000	0.121770	0.871124	0.007106	0.000000	0.000000	0.000000
407	0.000000	0.000000	0.000000	0.121712	0.871181	0.007107	0.000000	0.000000	0.000000
408	0.000000	0.000000	0.000000	0.121922	0.871056	0.007022	0.000000	0.000000	0.000000
409	0.000000	0.000000	0.000000	0.122044	0.870887	0.007069	0.000000	0.000000	0.000000
410	0.000000	0.000000	0.000000	0.122023	0.871008	0.006969	0.000000	0.000000	0.000000
411	0.000000	0.000000	0.000000	0.122280	0.870761	0.006959	0.000000	0.000000	0.000000
412	0.000000	0.000000	0.000000	0.122245	0.870905	0.006850	0.000000	0.000000	0.000000
413	0.000000	0.000000	0.000000	0.121899	0.871232	0.006869	0.000000	0.000000	0.000000
414	0.000000	0.000000	0.000000	0.121727	0.871353	0.006920	0.000000	0.000000	0.000000
415	0.000000	0.000000	0.000000	0.121740	0.871450	0.006810	0.000000	0.000000	0.000000
416	0.000000	0.000000	0.000000	0.121765	0.871361	0.006874	0.000000	0.000000	0.000000
417	0.000000	0.000000	0.000000	0.121856	0.871264	0.006880	0.000000	0.000000	0.000000
418	0.000000	0.000000	0.000000	0.121430	0.871786	0.006784	0.000000	0.000000	0.000000
419	0.000000	0.000000	0.000000	0.121656	0.871621	0.006723	0.000000	0.000000	0.000000
420	0.000000	0.000000	0.000000	0.121493	0.871716	0.006791	0.000000	0.000000	0.000000
421	0.000000	0.000000	0.000000	0.121558	0.871647	0.006795	0.000000	0.000000	0.000000
422	0.000000	0.000000	0.000000	0.121479	0.871761	0.006760	0.000000	0.000000	0.000000
423	0.000000	0.000000	0.000000	0.121745	0.871506	0.006749	0.000000	0.000000	0.000000
424	0.000000	0.000000	0.000000	0.122151	0.871212	0.006637	0.000000	0.000000	0.000000
425	0.000000	0.000000	0.000000	0.122241	0.871081	0.006678	0.000000	0.000000	0.000000
426	0.000000	0.000000	0.000000	0.122144	0.871198	0.006658	0.000000	0.000000	0.000000
427	0.000000	0.000000	0.000000	0.122058	0.871289	0.006653	0.000000	0.000000	0.000000
428	0.000000	0.000000	0.000000	0.122424	0.870852	0.006724	0.000000	0.000000	0.000000
429	0.000000	0.000000	0.000000	0.122206	0.871086	0.006708	0.000000	0.000000	0.000000
430	0.000000	0.000000	0.000000	0.122402	0.870936	0.006662	0.000000	0.000000	0.000000
431	0.000000	0.000000	0.000000	0.122402	0.870902	0.006696	0.000000	0.000000	0.000000
432	0.000000	0.000000	0.000000	0.122297	0.871011	0.006692	0.000000	0.000000	0.000000
433	0.000000	0.000000	0.000000	0.122310	0.871066	0.006624	0.000000	0.000000	0.000000
434	0.000000	0.000000	0.000000	0.122101	0.871211	0.006688	0.000000	0.000000	0.000000
435	0.000000	0.000000	0.000000	0.121846	0.871332	0.006822	0.000000	0.000000	0.000000
436	0.000000	0.000000	0.000000	0.122187	0.870958	0.006855	0.000000	0.000000	0.000000
437	0.000000	0.000000	0.000000	0.122226	0.870894	0.006880	0.000000	0.000000	0.000000
438	0.000000	0.000000	0.000000	0.122568	0.870486	0.006946	0.000000	0.000000	0.000000
439	0.000000	0.000000	0.000000	0.122594	0.870415	0.006991	0.000000	0.000000	0.000000
440	0.000000	0.000000	0.000000	0.122242	0.870788	0.006970	0.000000	0.000000	0.000000
441	0.000000	0.000000	0.000000	0.122303	0.870832	0.006865	0.000000	0.000000	0.000000
442	0.000000	0.000000	0.000000	0.122542	0.870623	0.006835	0.000000	0.000000	0.000000
443	0.000000	0.000000	0.000000	0.122327	0.870808	0.006865	0.000000	0.000000	0.000000
444	0.000000	0.000000	0.000000	0.122241	0.870940	0.006819	0.000000	0.000000	0.000000
445	0.000000	0.000000	0.000000	0.122026	0.871166	0.006808	0.000000	0.000000	0.000000
446	0.000000	0.000000	0.000000	0.122106	0.871130	0.006764	0.000000	0.000000	0.000000
447	0.000000	0.000000	0.000000	0.122078	0.871143	0.006779	0.000000	0.000000	0.000000
448	0.000000	0.000000	0.000000	0.122530	0.870704	0.006766	0.000000	0.000000	0.000000
449	0.000000	0.000000	0.000000	0.122459	0.870800	0.006741	0.000000	0.000000	0.000000
450	0.000000	0.000000	0.000000	0.122818	0.870389	0.006793	0.000000	0.000000	0.000000
451	0.000000	0.000000	0.000000	0.122938	0.870424	0.006638	0.000000	0.000000	0.000000
452	0.000000	0.000000	0.000000	0.123333	0.870102	0.006565	0.000000	0.000000	0.000000
453	0.000000	0.000000	0.000000	0.123255	0.870140	0.006605	0.000000	0.000000	0.000000
454	0.000000	0.000000	0.000000	0.123182	0.870265	0.006553	0.000000	0.000000	0.000000
455	0.000000	0.000000	0.000000	0.123089	0.870263	0.006648	0.000000	0.000000	0.000000
456	0.000000	0.000000	0.000000	0.123055	0.870317	0.006628	0.000000	0.000000	0.000000
457	0.000000	0.000000	0.000000	0.123014	0.870325	0.006661	0.000000	0.000000	0.000000
458	0.000000	0.000000	0.000000	0.122774	0.870536	0.006690	0.000000	0.000000	0.000000
459	0.000000	0.000000	0.000000	0.122923	0.870440	0.006637	0.000000	0.000000	0.000000
460	0.000000	0.000000	0.000000	0.122752	0.870560	0.006688	0.000000	0.000000	0.000000
461	0.000000	0.000000	0.000000	0.122666	0.870759	0.006575	0.000000	0.000000	0.000000
462	0.000000	0.000000	0.000000	0.122744	0.870651	0.006605	0.000000	0.000000	0.000000
463	0.000000	0.000000	0.000000	0.122790	0.870557	0.006653	0.000000	0.000000	0.000000
464	0.000000	0.000000	0.000000	0.122401	0.870958	0.006641	0.000000	0.000000	0.000000
465	0.000000	0.000000	0.000000	0.122569	0.870734	0.006697	0.000000	0.000000	0.000000
466	0.000000	0.000000	0.000000	0.122128	0.871283	0.006589	0.000000	0.000000	0.000000
467	0.000000	0.000000	0.000000	0.121779	0.871655	0.006566	0.000000	0.000000	0.000000
468	0.000000	0.000000	0.000000	0.122151	0.871362	0.006487	0.000000	0.000000	0.000000
469	0.000000	0.000000	0.000000	0.122370	0.871123	0.006507	0.000000	0.000000	0.000000
470	0.000000	0.000000	0.000000	0.122321	0.871254	0.006425	0.000000	0.000000	0.000000
