0	0.290663	0.057897	0.229473	0.157588	0.029913	0.111872	0.085455	0.012259	0.024880
1	0.234468	0.048350	0.203506	0.138482	0.028422	0.121563	0.113999	0.022385	0.088825
2	0.238155	0.048418	0.203920	0.132417	0.028311	0.116845	0.111761	0.022260	0.097913
3	0.247832	0.049262	0.205457	0.126319	0.028739	0.110407	0.107079	0.020881	0.104024
4	0.258840	0.050299	0.207350	0.120707	0.029608	0.103500	0.102005	0.019547	0.108144
5	0.270473	0.051071	0.208041	0.115848	0.030235	0.096730	0.096870	0.018363	0.112369
6	0.282977	0.051677	0.208504	0.111357	0.031066	0.090235	0.090777	0.016990	0.116417
7	0.295015	0.052120	0.207576	0.106582	0.031746	0.083643	0.086475	0.015916	0.120927
8	0.307164	0.052739	0.206599	0.102034	0.032425	0.077899	0.081387	0.014675	0.125078
9	0.318985	0.053218	0.204965	0.097390	0.033187	0.072503	0.077077	0.013857	0.128818
10	0.330330	0.053572	0.203969	0.093283	0.034290	0.066829	0.072327	0.013059	0.132341
11	0.341471	0.053823	0.201858	0.088772	0.035239	0.062182	0.068581	0.012100	0.135974
12	0.353112	0.054349	0.199910	0.084736	0.036095	0.057305	0.064554	0.011324	0.138615
13	0.364131	0.054540	0.197002	0.080738	0.037041	0.053396	0.060693	0.010627	0.141832
14	0.374981	0.055533	0.194119	0.076853	0.038052	0.048789	0.057106	0.009943	0.144624
15	0.385457	0.055685	0.191299	0.073482	0.039001	0.045229	0.053590	0.009185	0.147072
16	0.395941	0.055894	0.188139	0.069604	0.039795	0.041874	0.050376	0.008588	0.149789
17	0.405810	0.056136	0.184867	0.066286	0.040766	0.038580	0.047305	0.008067	0.152183
18	0.415596	0.056514	0.181358	0.063024	0.042058	0.035576	0.044452	0.007614	0.153808
19	0.425647	0.056437	0.178241	0.060363	0.043339	0.032662	0.041479	0.006788	0.155044
20	0.433960	0.056417	0.175075	0.057594	0.044622	0.030021	0.038799	0.006489	0.157023
21	0.443227	0.056604	0.171543	0.054627	0.046337	0.027694	0.036600	0.005936	0.157432
22	0.452091	0.056445	0.168259	0.051637	0.047878	0.025166	0.034219	0.005448	0.158857
23	0.460726	0.056317	0.164599	0.049256	0.049388	0.023442	0.031973	0.004986	0.159313
24	0.469110	0.056437	0.161015	0.046885	0.050981	0.021813	0.029722	0.004606	0.159431
25	0.476975	0.056245	0.158083	0.044568	0.052950	0.020157	0.027594	0.004182	0.159246
26	0.485451	0.055934	0.153919	0.042347	0.054625	0.018690	0.025695	0.003974	0.159365
27	0.493495	0.055898	0.150166	0.040444	0.056349	0.017183	0.023976	0.003627	0.158862
28	0.501063	0.055540	0.146748	0.038787	0.058008	0.015906	0.022237	0.003329	0.158382
29	0.508558	0.055280	0.143447	0.036861	0.059842	0.014661	0.020632	0.003153	0.157566
30	0.515444	0.054863	0.139960	0.035169	0.061974	0.013699	0.019308	0.002844	0.156739
31	0.522622	0.054387	0.136823	0.033543	0.063615	0.012648	0.017847	0.002614	0.155901
32	0.529937	0.054048	0.133469	0.032032	0.065525	0.011605	0.016678	0.002449	0.154257
33	0.535466	0.053848	0.130432	0.030975	0.067543	0.010741	0.015450	0.002216	0.153329
34	0.542056	0.053593	0.127114	0.029465	0.069907	0.009940	0.014420	0.002020	0.151485
35	0.548377	0.053756	0.124146	0.028069	0.072011	0.009186	0.013321	0.001808	0.149326
36	0.554501	0.053347	0.121464	0.026911	0.074084	0.008635	0.012326	0.001628	0.147104
37	0.560604	0.053116	0.118570	0.025972	0.076492	0.007970	0.011415	0.001530	0.144331
38	0.566201	0.053016	0.115171	0.024517	0.078971	0.007510	0.010492	0.001393	0.142729
39	0.571924	0.052738	0.111874	0.023407	0.081613	0.006955	0.009613	0.001291	0.140585
40	0.577819	0.052463	0.109108	0.022695	0.084180	0.006492	0.008784	0.001129	0.137330
41	0.582438	0.052296	0.106579	0.021755	0.086598	0.006066	0.008133	0.001053	0.135082
42	0.586833	0.052183	0.104389	0.021101	0.089159	0.005698	0.007422	0.000935	0.132280
43	0.591891	0.051627	0.101778	0.020235	0.091860	0.005251	0.006885	0.000847	0.129626
44	0.597227	0.051215	0.098962	0.019468	0.094307	0.004997	0.006422	0.000815	0.126587
45	0.601524	0.050766	0.096571	0.018994	0.097532	0.004727	0.005937	0.000722	0.123227
46	0.606560	0.050650	0.094081	0.018196	0.099953	0.004536	0.005315	0.000669	0.120040
47	0.611112	0.049950	0.091919	0.017853	0.103047	0.004192	0.004900	0.000633	0.116394
48	0.615767	0.049422	0.089430	0.017117	0.105650	0.003926	0.004349	0.000579	0.113760
49	0.619337	0.049321	0.087647	0.016537	0.108670	0.003752	0.003995	0.000496	0.110245
50	0.623301	0.048644	0.085892	0.016189	0.111553	0.003533	0.003700	0.000477	0.106711
51	0.626765	0.048676	0.083902	0.015666	0.114417	0.003361	0.003356	0.000420	0.103437
52	0.630301	0.048201	0.082033	0.015311	0.117246	0.003196	0.003018	0.000376	0.100318
53	0.633305	0.047907	0.080032	0.014562	0.120473	0.003000	0.002779	0.000343	0.097599
54	0.636511	0.047567	0.078540	0.014060	0.123726	0.002843	0.002484	0.000312	0.093957
55	0.639342	0.047170	0.077118	0.013555	0.126809	0.002732	0.002266	0.000290	0.090718
56	0.641633	0.046856	0.075375	0.013129	0.130222	0.002586	0.002056	0.000233	0.087910
57	0.644485	0.046634	0.073389	0.012871	0.133452	0.002467	0.001927	0.000208	0.084567
58	0.646958	0.046426	0.071693	0.012449	0.136695	0.002235	0.001717	0.000212	0.081615
59	0.649043	0.045992	0.070364	0.012137	0.139679	0.002222	0.001581	0.000178	0.078804
60	0.651383	0.045656	0.068539	0.011733	0.143167	0.002107	0.001499	0.000144	0.075772
61	0.652909	0.045350	0.067492	0.011365	0.146633	0.001993	0.001385	0.000125	0.072748
62	0.654452	0.044579	0.066383	0.010929	0.150158	0.001920	0.001282	0.000118	0.070179
63	0.655752	0.044167	0.064914	0.010701	0.153997	0.001833	0.001154	0.000106	0.067376
64	0.656880	0.043735	0.063781	0.010543	0.157303	0.001701	0.001081	0.000095	0.064881
65	0.658151	0.042942	0.062718	0.010223	0.160994	0.001683	0.000996	0.000074	0.062219
66	0.659292	0.042523	0.061883	0.010007	0.164370	0.001600	0.000904	0.000067	0.059354
67	0.660378	0.042159	0.060495	0.009874	0.167897	0.001507	0.000809	0.000066	0.056815
68	0.660713	0.041674	0.059326	0.009838	0.171781	0.001437	0.000705	0.000056	0.054470
69	0.661181	0.041157	0.058606	0.009603	0.175366	0.001413	0.000645	0.000053	0.051976
70	0.661207	0.040633	0.057651	0.009364	0.179206	0.001311	0.000599	0.000047	0.049982
71	0.661481	0.040196	0.056500	0.009147	0.183001	0.001305	0.000585	0.000035	0.047750
72	0.661681	0.039629	0.055305	0.009118	0.187326	0.001262	0.000528	0.000042	0.045109
73	0.661779	0.039133	0.054352	0.008903	0.191047	0.001268	0.000511	0.000031	0.042976
74	0.661642	0.038665	0.053671	0.008868	0.194397	0.001244	0.000483	0.000027	0.041003
75	0.661366	0.038158	0.052858	0.008734	0.198141	0.001255	0.000460	0.000033	0.038995
76	0.659982	0.037637	0.052347	0.008689	0.202507	0.001215	0.000405	0.000022	0.037196
77	0.659184	0.037337	0.051570	0.008433	0.206788	0.001135	0.000358	0.000021	0.035174
78	0.657956	0.036834	0.050847	0.008364	0.210889	0.001092	0.000279	0.000021	0.033718
79	0.657100	0.036201	0.050160	0.008186	0.215026	0.001074	0.000235	0.000015	0.032003
80	0.655879	0.035752	0.049401	0.008083	0.219255	0.001031	0.000203	0.000016	0.030380
81	0.654960	0.035237	0.048430	0.007912	0.223385	0.000962	0.000184	0.000013	0.028917
82	0.653615	0.034731	0.047636	0.007860	0.227659	0.000941	0.000159	0.000014	0.027385
83	0.651987	0.034133	0.047086	0.007696	0.232120	0.000934	0.000143	0.000008	0.025893
84	0.649981	0.033749	0.046562	0.007419	0.236693	0.000862	0.000135	0.000006	0.024593
85	0.648091	0.033094	0.046145	0.007335	0.240950	0.000841	0.000116	0.000007	0.023421
86	0.646778	0.032677	0.045291	0.007297	0.245013	0.000825	0.000101	0.000006	0.022012
87	0.645227	0.032013	0.044561	0.007132	0.249377	0.000817	0.000080	0.000006	0.020787
88	0.642449	0.031481	0.044288	0.007065	0.253952	0.000820	0.000077	0.000003	0.019865
89	0.640658	0.030884	0.043722	0.006982	0.257989	0.000811	0.000076	0.000005	0.018873
90	0.637917	0.030366	0.043266	0.006886	0.262779	0.000737	0.000074	0.000002	0.017973
91	0.635426	0.029751	0.042951	0.006685	0.267305	0.000713	0.000061	0.000003	0.017105
92	0.632549	0.029109	0.042322	0.006706	0.272316	0.000691	0.000053	0.000000	0.016254
93	0.629506	0.028708	0.041926	0.006607	0.276954	0.000679	0.000063	0.000001	0.015556
94	0.627009	0.027973	0.041336	0.006587	0.281545	0.000646	0.000057	0.000000	0.014847
95	0.625102	0.027507	0.040669	0.006546	0.285410	0.000714	0.000039	0.000000	0.014013
96	0.622783	0.026941	0.039932	0.006507	0.289673	0.000685	0.000042	0.000000	0.013437
97	0.619658	0.026370	0.039564	0.006358	0.294578	0.000646	0.000042	0.000000	0.012784
98	0.616375	0.025780	0.038993	0.006290	0.299655	0.000634	0.000046	0.000000	0.012227
99	0.613979	0.025410	0.038633	0.006246	0.303619	0.000635	0.000040	0.000000	0.011438
100	0.610762	0.025130	0.038207	0.006151	0.308154	0.000563	0.000035	0.000000	0.010998
101	0.607821	0.024714	0.037772	0.006156	0.312554	0.000558	0.000029	0.000000	0.010396
102	0.604929	0.024131	0.037331	0.006137	0.317077	0.000548	0.000032	0.000000	0.009815
103	0.601531	0.023881	0.037140	0.006038	0.321406	0.000576	0.000027	0.000000	0.009401
104	0.598043	0.023431	0.036604	0.005834	0.326334	0.000579	0.000023	0.000000	0.009152
105	0.594710	0.023002	0.036137	0.005832	0.330913	0.000587	0.000030	0.000000	0.008789
106	0.591433	0.022579	0.035701	0.005840	0.335443	0.000540	0.000036	0.000000	0.008428
107	0.587648	0.022200	0.035395	0.005869	0.340280	0.000524	0.000025	0.000000	0.008059
108	0.583711	0.021881	0.035357	0.005854	0.345056	0.000501	0.000024	0.000000	0.007616
109	0.580443	0.021313	0.034858	0.005838	0.349889	0.000496	0.000030	0.000000	0.007133
110	0.576986	0.020996	0.034375	0.005724	0.354627	0.000468	0.000032	0.000000	0.006792
111	0.572958	0.020509	0.034008	0.005807	0.359842	0.000450	0.000028	0.000000	0.006398
112	0.568895	0.020097	0.033797	0.005663	0.364938	0.000444	0.000029	0.000000	0.006137
113	0.565493	0.019761	0.033130	0.005478	0.369902	0.000438	0.000021	0.000000	0.005777
114	0.562084	0.019437	0.032787	0.005582	0.374275	0.000415	0.000024	0.000000	0.005396
115	0.558552	0.018908	0.032485	0.005539	0.378901	0.000381	0.000019	0.000000	0.005215
116	0.554636	0.018638	0.032022	0.005452	0.383880	0.000385	0.000014	0.000000	0.004973
117	0.550572	0.018439	0.031765	0.005436	0.388693	0.000384	0.000020	0.000000	0.004691
118	0.546327	0.018167	0.031520	0.005435	0.393673	0.000344	0.000023	0.000000	0.004511
119	0.542370	0.017720	0.031125	0.005419	0.398728	0.000348	0.000017	0.000000	0.004273
120	0.538615	0.017410	0.030721	0.005394	0.403365	0.000334	0.000020	0.000000	0.004141
121	0.534451	0.017058	0.030511	0.005373	0.408353	0.000365	0.000019	0.000000	0.003870
122	0.530641	0.016793	0.030006	0.005406	0.413010	0.000364	0.000021	0.000000	0.003759
123	0.526302	0.016498	0.029724	0.005378	0.418162	0.000350	0.000014	0.000000	0.003572
124	0.522684	0.016020	0.029280	0.005334	0.422819	0.000356	0.000017	0.000000	0.003490
125	0.518572	0.015785	0.028991	0.005269	0.427628	0.000370	0.000020	0.000000	0.003365
126	0.514593	0.015308	0.028697	0.005198	0.432568	0.000364	0.000019	0.000000	0.003253
127	0.510594	0.014879	0.028397	0.005140	0.437538	0.000326	0.000021	0.000000	0.003105
128	0.506258	0.014661	0.028202	0.005103	0.442496	0.000328	0.000017	0.000000	0.002935
129	0.502048	0.014482	0.027886	0.005038	0.447410	0.000324	0.000014	0.000000	0.002798
130	0.498032	0.014280	0.027678	0.005149	0.451848	0.000320	0.000017	0.000000	0.002676
131	0.494009	0.013993	0.027102	0.005171	0.456815	0.000337	0.000013	0.000000	0.002560
132	0.489550	0.013655	0.026836	0.005073	0.462108	0.000302	0.000014	0.000000	0.002462
133	0.485190	0.013434	0.026508	0.005127	0.467071	0.000314	0.000010	0.000000	0.002346
134	0.480958	0.013155	0.026168	0.005084	0.472120	0.000327	0.000011	0.000000	0.002177
135	0.477800	0.012718	0.025740	0.005091	0.476234	0.000339	0.000008	0.000000	0.002070
136	0.473302	0.012447	0.025521	0.005011	0.481418	0.000314	0.000009	0.000000	0.001978
137	0.468903	0.012208	0.025028	0.005005	0.486662	0.000323	0.000005	0.000000	0.001866
138	0.464925	0.011855	0.024894	0.004980	0.491209	0.000317	0.000001	0.000000	0.001819
139	0.459774	0.011694	0.024675	0.004862	0.496932	0.000316	0.000006	0.000000	0.001741
140	0.455422	0.011321	0.024478	0.004871	0.501930	0.000294	0.000007	0.000000	0.001677
141	0.451491	0.011084	0.024331	0.004797	0.506424	0.000297	0.000005	0.000000	0.001571
142	0.447571	0.010818	0.023992	0.004759	0.511052	0.000310	0.000010	0.000000	0.001488
143	0.442978	0.010644	0.023806	0.004566	0.516265	0.000288	0.000010	0.000000	0.001443
144	0.438741	0.010402	0.023381	0.004601	0.521255	0.000273	0.000006	0.000000	0.001341
145	0.434465	0.010166	0.023110	0.004597	0.526063	0.000259	0.000004	0.000000	0.001336
146	0.430296	0.009916	0.023001	0.004575	0.530706	0.000248	0.000006	0.000000	0.001252
147	0.426032	0.009710	0.022720	0.004498	0.535597	0.000232	0.000004	0.000000	0.001207
148	0.421363	0.009513	0.022606	0.004475	0.540645	0.000243	0.000003	0.000000	0.001152
149	0.417146	0.009238	0.022258	0.004449	0.545624	0.000235	0.000001	0.000000	0.001049
150	0.413340	0.009059	0.021806	0.004372	0.550170	0.000249	0.000000	0.000000	0.001004
151	0.408290	0.008880	0.021739	0.004334	0.555560	0.000248	0.000001	0.000000	0.000948
152	0.404085	0.008759	0.021322	0.004311	0.560364	0.000240	0.000000	0.000000	0.000919
153	0.399600	0.008619	0.020851	0.004239	0.565529	0.000246	0.000000	0.000000	0.000916
154	0.395852	0.008410	0.020653	0.004196	0.569784	0.000243	0.000000	0.000000	0.000862
155	0.391184	0.008159	0.020322	0.004182	0.575073	0.000254	0.000000	0.000000	0.000826
156	0.387016	0.007937	0.020153	0.004217	0.579650	0.000261	0.000000	0.000000	0.000766
157	0.382833	0.007831	0.019837	0.004210	0.584281	0.000262	0.000000	0.000000	0.000746
158	0.378154	0.007844	0.019645	0.004200	0.589217	0.000257	0.000000	0.000000	0.000683
159	0.373890	0.007563	0.019530	0.004258	0.593825	0.000266	0.000000	0.000000	0.000668
160	0.370351	0.007444	0.019129	0.004177	0.598037	0.000241	0.000000	0.000000	0.000621
161	0.366045	0.007267	0.018905	0.004115	0.602845	0.000222	0.000000	0.000000	0.000601
162	0.361828	0.006966	0.018638	0.004133	0.607631	0.000237	0.000000	0.000000	0.000567
163	0.357929	0.006893	0.018300	0.004047	0.612069	0.000228	0.000000	0.000000	0.000534
164	0.353792	0.006829	0.017944	0.004080	0.616581	0.000249	0.000000	0.000000	0.000525
165	0.349375	0.006729	0.017796	0.004008	0.621379	0.000226	0.000000	0.000000	0.000487
166	0.344702	0.006691	0.017609	0.004029	0.626229	0.000252	0.000000	0.000000	0.000488
167	0.340721	0.006563	0.017402	0.004089	0.630506	0.000253	0.000000	0.000000	0.000466
168	0.336681	0.006593	0.017280	0.004103	0.634632	0.000280	0.000000	0.000000	0.000431
169	0.332899	0.006400	0.017082	0.004109	0.638860	0.000246	0.000000	0.000000	0.000404
170	0.329479	0.006263	0.016654	0.004105	0.642864	0.000253	0.000000	0.000000	0.000382
171	0.325648	0.006107	0.016409	0.004020	0.647195	0.000245	0.000000	0.000000	0.000376
172	0.321871	0.005929	0.016326	0.004060	0.651197	0.000267	0.000000	0.000000	0.000350
173	0.317199	0.005720	0.016205	0.004100	0.656174	0.000257	0.000000	0.000000	0.000345
174	0.313297	0.005549	0.015968	0.004000	0.660549	0.000281	0.000000	0.000000	0.000356
175	0.309293	0.005443	0.015841	0.004008	0.664809	0.000285	0.000000	0.000000	0.000321
176	0.305504	0.005207	0.015716	0.004054	0.668944	0.000280	0.000000	0.000000	0.000295
177	0.301613	0.004990	0.015284	0.003965	0.673602	0.000289	0.000000	0.000000	0.000257
178	0.297472	0.004930	0.015145	0.003923	0.677951	0.000302	0.000000	0.000000	0.000277
179	0.293866	0.004833	0.014737	0.003940	0.682031	0.000326	0.000000	0.000000	0.000267
180	0.289687	0.004714	0.014424	0.003919	0.686698	0.000312	0.000000	0.000000	0.000246
181	0.285988	0.004523	0.014270	0.003959	0.690692	0.000314	0.000000	0.000000	0.000254
182	0.282598	0.004307	0.013959	0.003919	0.694698	0.000292	0.000000	0.000000	0.000227
183	0.279301	0.004220	0.013923	0.003963	0.698100	0.000302	0.000000	0.000000	0.000191
184	0.275756	0.004135	0.013733	0.003932	0.701953	0.000307	0.000000	0.000000	0.000184
185	0.272015	0.004002	0.013495	0.003993	0.706011	0.000290	0.000000	0.000000	0.000194
186	0.268089	0.003971	0.013317	0.004012	0.710122	0.000316	0.000000	0.000000	0.000173
187	0.264780	0.003894	0.013047	0.004022	0.713771	0.000309	0.000000	0.000000	0.000177
188	0.260959	0.003804	0.012780	0.004027	0.717970	0.000308	0.000000	0.000000	0.000152
189	0.257004	0.003654	0.012634	0.004050	0.722209	0.000301	0.000000	0.000000	0.000148
190	0.253617	0.003553	0.012374	0.004041	0.725936	0.000345	0.000000	0.000000	0.000134
191	0.250153	0.003476	0.012137	0.004118	0.729672	0.000321	0.000000	0.000000	0.000123
192	0.246253	0.003401	0.012086	0.004069	0.733733	0.000335	0.000000	0.000000	0.000123
193	0.242619	0.003316	0.011861	0.004028	0.737735	0.000327	0.000000	0.000000	0.000114
194	0.238833	0.003232	0.011678	0.004016	0.741784	0.000340	0.000000	0.000000	0.000117
195	0.235320	0.003239	0.011529	0.004037	0.745422	0.000353	0.000000	0.000000	0.000100
196	0.231933	0.003178	0.011290	0.004094	0.749061	0.000345	0.000000	0.000000	0.000099
197	0.228463	0.003093	0.011266	0.004062	0.752677	0.000353	0.000000	0.000000	0.000086
198	0.225027	0.002953	0.010961	0.004058	0.756541	0.000381	0.000000	0.000000	0.000079
199	0.221508	0.002823	0.010757	0.004077	0.760421	0.000345	0.000000	0.000000	0.000069
200	0.218653	0.002714	0.010457	0.004056	0.763713	0.000346	0.000000	0.000000	0.000061
201	0.215106	0.002690	0.010074	0.004025	0.767707	0.000341	0.000000	0.000000	0.000057
202	0.211992	0.002706	0.009906	0.004001	0.771017	0.000333	0.000000	0.000000	0.000045
203	0.208714	0.002620	0.009666	0.003990	0.774620	0.000345	0.000000	0.000000	0.000045
204	0.205644	0.002540	0.009677	0.003931	0.777834	0.000339	0.000000	0.000000	0.000035
205	0.202411	0.002472	0.009400	0.003896	0.781451	0.000335	0.000000	0.000000	0.000035
206	0.199101	0.002422	0.009333	0.003883	0.784899	0.000338	0.000000	0.000000	0.000024
207	0.195771	0.002313	0.009323	0.003909	0.788330	0.000330	0.000000	0.000000	0.000024
208	0.192933	0.002268	0.009192	0.003897	0.791394	0.000294	0.000000	0.000000	0.000022
209	0.189796	0.002221	0.009028	0.003882	0.794773	0.000280	0.000000	0.000000	0.000020
210	0.186650	0.002179	0.008973	0.003910	0.797988	0.000280	0.000000	0.000000	0.000020
211	0.183805	0.002107	0.008853	0.003842	0.801085	0.000286	0.000000	0.000000	0.000022
212	0.180988	0.002004	0.008772	0.003847	0.804084	0.000284	0.000000	0.000000	0.000021
213	0.177920	0.001954	0.008626	0.003858	0.807369	0.000250	0.000000	0.000000	0.000023
214	0.174760	0.001908	0.008542	0.003878	0.810630	0.000256	0.000000	0.000000	0.000026
215	0.171760	0.001887	0.008355	0.003848	0.813887	0.000241	0.000000	0.000000	0.000022
216	0.169203	0.001783	0.008241	0.003876	0.816635	0.000240	0.000000	0.000000	0.000022
217	0.166537	0.001688	0.008153	0.003901	0.819464	0.000238	0.000000	0.000000	0.000019
218	0.163972	0.001625	0.007907	0.003925	0.822321	0.000231	0.000000	0.000000	0.000019
219	0.161022	0.001591	0.007836	0.003934	0.825364	0.000236	0.000000	0.000000	0.000017
220	0.158536	0.001476	0.007755	0.003932	0.828080	0.000207	0.000000	0.000000	0.000014
221	0.155832	0.001413	0.007568	0.003937	0.831019	0.000213	0.000000	0.000000	0.000018
222	0.153210	0.001419	0.007551	0.003951	0.833647	0.000207	0.000000	0.000000	0.000015
223	0.150625	0.001380	0.007381	0.003917	0.836467	0.000218	0.000000	0.000000	0.000012
224	0.148346	0.001318	0.007128	0.003854	0.839128	0.000214	0.000000	0.000000	0.000012
225	0.145468	0.001321	0.006938	0.003924	0.842122	0.000215	0.000000	0.000000	0.000012
226	0.142852	0.001280	0.006905	0.003844	0.844899	0.000210	0.000000	0.000000	0.000010
227	0.140349	0.001240	0.006840	0.003830	0.847512	0.000223	0.000000	0.000000	0.000006
228	0.137798	0.001205	0.006747	0.003769	0.850242	0.000234	0.000000	0.000000	0.000005
229	0.135344	0.001155	0.006568	0.003786	0.852922	0.000220	0.000000	0.000000	0.000005
230	0.132681	0.001152	0.006557	0.003796	0.855595	0.000215	0.000000	0.000000	0.000004
231	0.130297	0.001154	0.006389	0.003778	0.858143	0.000235	0.000000	0.000000	0.000004
232	0.127982	0.001120	0.006252	0.003838	0.860569	0.000236	0.000000	0.000000	0.000003
233	0.125494	0.001076	0.006093	0.003829	0.863293	0.000211	0.000000	0.000000	0.000004
234	0.122919	0.001042	0.006022	0.003852	0.865936	0.000225	0.000000	0.000000	0.000004
235	0.120656	0.001002	0.005906	0.003856	0.868364	0.000214	0.000000	0.000000	0.000002
236	0.118683	0.000943	0.005865	0.003843	0.870449	0.000214	0.000000	0.000000	0.000003
237	0.116394	0.000963	0.005775	0.003878	0.872786	0.000201	0.000000	0.000000	0.000003
238	0.114157	0.000891	0.005704	0.003833	0.875203	0.000209	0.000000	0.000000	0.000003
239	0.112087	0.000854	0.005570	0.003867	0.877395	0.000223	0.000000	0.000000	0.000004
240	0.110278	0.000795	0.005460	0.003847	0.879406	0.000213	0.000000	0.000000	0.000001
241	0.108192	0.000787	0.005397	0.003815	0.881586	0.000222	0.000000	0.000000	0.000001
242	0.106340	0.000769	0.005220	0.003781	0.883668	0.000222	0.000000	0.000000	0.000000
243	0.104080	0.000767	0.005029	0.003810	0.886088	0.000226	0.000000	0.000000	0.000000
244	0.102319	0.000770	0.004963	0.003842	0.887883	0.000223	0.000000	0.000000	0.000000
245	0.100457	0.000721	0.004892	0.003788	0.889890	0.000252	0.000000	0.000000	0.000000
246	0.098545	0.000710	0.004799	0.003788	0.891936	0.000222	0.000000	0.000000	0.000000
247	0.096616	0.000672	0.004755	0.003763	0.893977	0.000217	0.000000	0.000000	0.000000
248	0.094682	0.000622	0.004650	0.003688	0.896135	0.000223	0.000000	0.000000	0.000000
249	0.093150	0.000577	0.004544	0.003694	0.897817	0.000218	0.000000	0.000000	0.000000
250	0.091331	0.000551	0.004467	0.003790	0.899643	0.000218	0.000000	0.000000	0.000000
251	0.089603	0.000536	0.004430	0.003802	0.901396	0.000233	0.000000	0.000000	0.000000
252	0.087689	0.000568	0.004275	0.003813	0.903427	0.000228	0.000000	0.000000	0.000000
253	0.085943	0.000550	0.004218	0.003793	0.905248	0.000248	0.000000	0.000000	0.000000
254	0.084306	0.000533	0.004108	0.003723	0.907083	0.000247	0.000000	0.000000	0.000000
255	0.082589	0.000527	0.003977	0.003731	0.908912	0.000264	0.000000	0.000000	0.000000
256	0.080667	0.000537	0.003979	0.003770	0.910795	0.000252	0.000000	0.000000	0.000000
257	0.078896	0.000505	0.003960	0.003745	0.912656	0.000238	0.000000	0.000000	0.000000
258	0.077127	0.000495	0.003867	0.003760	0.914519	0.000232	0.000000	0.000000	0.000000
259	0.075561	0.000502	0.003855	0.003833	0.916003	0.000246	0.000000	0.000000	0.000000
260	0.073875	0.000507	0.003745	0.003803	0.917828	0.000242	0.000000	0.000000	0.000000
261	0.072389	0.000483	0.003706	0.003817	0.919371	0.000234	0.000000	0.000000	0.000000
262	0.070879	0.000490	0.003681	0.003845	0.920884	0.000221	0.000000	0.000000	0.000000
263	0.069560	0.000477	0.003534	0.003839	0.922382	0.000208	0.000000	0.000000	0.000000
264	0.068242	0.000464	0.003498	0.003800	0.923775	0.000221	0.000000	0.000000	0.000000
265	0.066815	0.000441	0.003425	0.003772	0.925305	0.000242	0.000000	0.000000	0.000000
266	0.065386	0.000404	0.003331	0.003755	0.926899	0.000225	0.000000	0.000000	0.000000
267	0.063921	0.000384	0.003312	0.003771	0.928385	0.000227	0.000000	0.000000	0.000000
268	0.062435	0.000403	0.003261	0.003807	0.929868	0.000226	0.000000	0.000000	0.000000
269	0.061101	0.000375	0.003192	0.003820	0.931274	0.000238	0.000000	0.000000	0.000000
270	0.059558	0.000379	0.003207	0.003816	0.932813	0.000227	0.000000	0.000000	0.000000
271	0.058454	0.000364	0.003134	0.003810	0.934003	0.000235	0.000000	0.000000	0.000000
272	0.057020	0.000375	0.003104	0.003830	0.935441	0.000230	0.000000	0.000000	0.000000
273	0.055895	0.000350	0.003007	0.003836	0.936681	0.000231	0.000000	0.000000	0.000000
274	0.054632	0.000330	0.002954	0.003764	0.938099	0.000221	0.000000	0.000000	0.000000
275	0.053380	0.000337	0.002872	0.003798	0.939402	0.000211	0.000000	0.000000	0.000000
276	0.052383	0.000329	0.002817	0.003803	0.940459	0.000209	0.000000	0.000000	0.000000
277	0.050896	0.000304	0.002785	0.003750	0.942046	0.000219	0.000000	0.000000	0.000000
278	0.049895	0.000294	0.002645	0.003652	0.943288	0.000226	0.000000	0.000000	0.000000
279	0.048898	0.000287	0.002614	0.003691	0.944278	0.000232	0.000000	0.000000	0.000000
280	0.047711	0.000278	0.002613	0.003660	0.945521	0.000217	0.000000	0.000000	0.000000
281	0.046548	0.000246	0.002525	0.003708	0.946775	0.000198	0.000000	0.000000	0.000000
282	0.045352	0.000243	0.002488	0.003707	0.948013	0.000197	0.000000	0.000000	0.000000
283	0.044355	0.000213	0.002445	0.003714	0.949073	0.000200	0.000000	0.000000	0.000000
284	0.043484	0.000221	0.002301	0.003724	0.950061	0.000209	0.000000	0.000000	0.000000
285	0.042352	0.000246	0.002242	0.003709	0.951242	0.000209	0.000000	0.000000	0.000000
286	0.041371	0.000238	0.002280	0.003728	0.952201	0.000182	0.000000	0.000000	0.000000
287	0.040262	0.000197	0.002184	0.003772	0.953396	0.000189	0.000000	0.000000	0.000000
288	0.039245	0.000212	0.002080	0.003761	0.954501	0.000201	0.000000	0.000000	0.000000
289	0.038281	0.000224	0.002042	0.003722	0.955533	0.000198	0.000000	0.000000	0.000000
290	0.037265	0.000243	0.001999	0.003720	0.956579	0.000194	0.000000	0.000000	0.000000
291	0.036653	0.000209	0.002001	0.003745	0.957198	0.000194	0.000000	0.000000	0.000000
292	0.035986	0.000218	0.002001	0.003711	0.957888	0.000196	0.000000	0.000000	0.000000
293	0.035102	0.000211	0.002007	0.003667	0.958815	0.000198	0.000000	0.000000	0.000000
294	0.034000	0.000203	0.001971	0.003611	0.960016	0.000199	0.000000	0.000000	0.000000
295	0.033118	0.000200	0.001910	0.003598	0.960978	0.000196	0.000000	0.000000	0.000000
296	0.032298	0.000170	0.001876	0.003660	0.961802	0.000194	0.000000	0.000000	0.000000
297	0.031546	0.000179	0.001821	0.003705	0.962540	0.000209	0.000000	0.000000	0.000000
298	0.030791	0.000176	0.001806	0.003632	0.963382	0.000213	0.000000	0.000000	0.000000
299	0.029966	0.000168	0.001788	0.003697	0.964174	0.000207	0.000000	0.000000	0.000000
300	0.029231	0.000159	0.001746	0.003718	0.964948	0.000198	0.000000	0.000000	0.000000
301	0.028591	0.000137	0.001691	0.003782	0.965600	0.000199	0.000000	0.000000	0.000000
302	0.027910	0.000140	0.001664	0.003808	0.966272	0.000206	0.000000	0.000000	0.000000
303	0.027259	0.000132	0.001654	0.003832	0.966926	0.000197	0.000000	0.000000	0.000000
304	0.026592	0.000106	0.001595	0.003776	0.967711	0.000220	0.000000	0.000000	0.000000
305	0.025939	0.000107	0.001573	0.003768	0.968404	0.000209	0.000000	0.000000	0.000000
306	0.025319	0.000102	0.001577	0.003749	0.969030	0.000223	0.000000	0.000000	0.000000
307	0.024778	0.000079	0.001554	0.003684	0.969665	0.000240	0.000000	0.000000	0.000000
308	0.024230	0.000087	0.001498	0.003657	0.970279	0.000249	0.000000	0.000000	0.000000
309	0.023647	0.000088	0.001460	0.003697	0.970858	0.000250	0.000000	0.000000	0.000000
310	0.023046	0.000083	0.001429	0.003702	0.971498	0.000242	0.000000	0.000000	0.000000
311	0.022481	0.000083	0.001368	0.003693	0.972133	0.000242	0.000000	0.000000	0.000000
312	0.021899	0.000103	0.001282	0.003693	0.972793	0.000230	0.000000	0.000000	0.000000
313	0.021257	0.000089	0.001231	0.003694	0.973508	0.000221	0.000000	0.000000	0.000000
314	0.020692	0.000087	0.001200	0.003732	0.974079	0.000210	0.000000	0.000000	0.000000
315	0.020016	0.000082	0.001166	0.003750	0.974771	0.000215	0.000000	0.000000	0.000000
316	0.019376	0.000074	0.001132	0.003755	0.975450	0.000213	0.000000	0.000000	0.000000
317	0.018921	0.000081	0.001107	0.003802	0.975883	0.000206	0.000000	0.000000	0.000000
318	0.018388	0.000079	0.001082	0.003837	0.976391	0.000223	0.000000	0.000000	0.000000
319	0.017915	0.000076	0.000997	0.003892	0.976898	0.000222	0.000000	0.000000	0.000000
320	0.017443	0.000076	0.000983	0.003888	0.977384	0.000226	0.000000	0.000000	0.000000
321	0.016916	0.000072	0.000956	0.003843	0.977969	0.000244	0.000000	0.000000	0.000000
322	0.016465	0.000066	0.000909	0.003909	0.978406	0.000245	0.000000	0.000000	0.000000
323	0.015913	0.000064	0.000914	0.003980	0.978888	0.000241	0.000000	0.000000	0.000000
324	0.015465	0.000058	0.000907	0.003930	0.979418	0.000222	0.000000	0.000000	0.000000
325	0.015035	0.000053	0.000881	0.003929	0.979866	0.000236	0.000000	0.000000	0.000000
326	0.014538	0.000047	0.000888	0.003984	0.980315	0.000228	0.000000	0.000000	0.000000
327	0.014107	0.000054	0.000881	0.004016	0.980721	0.000221	0.000000	0.000000	0.000000
328	0.013738	0.000049	0.000830	0.003972	0.981165	0.000246	0.000000	0.000000	0.000000
329	0.013333	0.000047	0.000827	0.003926	0.981612	0.000255	0.000000	0.000000	0.000000
330	0.013003	0.000037	0.000789	0.003908	0.982008	0.000255	0.000000	0.000000	0.000000
331	0.012615	0.000034	0.000791	0.003868	0.982428	0.000264	0.000000	0.000000	0.000000
332	0.012274	0.000032	0.000776	0.003874	0.982787	0.000257	0.000000	0.000000	0.000000
333	0.011926	0.000032	0.000741	0.003915	0.983143	0.000243	0.000000	0.000000	0.000000
334	0.011647	0.000031	0.000717	0.003788	0.983576	0.000241	0.000000	0.000000	0.000000
335	0.011258	0.000032	0.000676	0.003795	0.983989	0.000250	0.000000	0.000000	0.000000
336	0.010939	0.000033	0.000679	0.003808	0.984288	0.000253	0.000000	0.000000	0.000000
337	0.010517	0.000028	0.000668	0.003857	0.984675	0.000255	0.000000	0.000000	0.000000
338	0.010279	0.000027	0.000641	0.003872	0.984953	0.000228	0.000000	0.000000	0.000000
339	0.010016	0.000027	0.000642	0.003878	0.985201	0.000236	0.000000	0.000000	0.000000
340	0.009788	0.000029	0.000617	0.003896	0.985432	0.000238	0.000000	0.000000	0.000000
341	0.009511	0.000032	0.000614	0.003983	0.985630	0.000230	0.000000	0.000000	0.000000
342	0.009247	0.000033	0.000564	0.004015	0.985921	0.000220	0.000000	0.000000	0.000000
343	0.009030	0.000021	0.000551	0.004059	0.986117	0.000222	0.000000	0.000000	0.000000
344	0.008749	0.000023	0.000562	0.004089	0.986375	0.000202	0.000000	0.000000	0.000000
345	0.008489	0.000029	0.000553	0.004086	0.986642	0.000201	0.000000	0.000000	0.000000
346	0.008260	0.000034	0.000551	0.004126	0.986836	0.000193	0.000000	0.000000	0.000000
347	0.007993	0.000028	0.000535	0.004166	0.987091	0.000187	0.000000	0.000000	0.000000
348	0.007747	0.000023	0.000506	0.004206	0.987340	0.000178	0.000000	0.000000	0.000000
349	0.007519	0.000014	0.000489	0.004225	0.987567	0.000186	0.000000	0.000000	0.000000
350	0.007275	0.000009	0.000490	0.004229	0.987803	0.000194	0.000000	0.000000	0.000000
351	0.007089	0.000008	0.000469	0.004203	0.988055	0.000176	0.000000	0.000000	0.000000
352	0.006877	0.000005	0.000480	0.004168	0.988284	0.000186	0.000000	0.000000	0.000000
353	0.006700	0.000003	0.000464	0.004136	0.988516	0.000181	0.000000	0.000000	0.000000
354	0.006500	0.000005	0.000431	0.004157	0.988725	0.000182	0.000000	0.000000	0.000000
355	0.006291	0.000006	0.000465	0.004223	0.988836	0.000179	0.000000	0.000000	0.000000
356	0.006157	0.000006	0.000453	0.004257	0.988921	0.000206	0.000000	0.000000	0.000000
357	0.005953	0.000006	0.000442	0.004287	0.989088	0.000224	0.000000	0.000000	0.000000
358	0.005743	0.000007	0.000447	0.004253	0.989357	0.000193	0.000000	0.000000	0.000000
359	0.005533	0.000007	0.000432	0.004262	0.989552	0.000214	0.000000	0.000000	0.000000
360	0.005406	0.000004	0.000416	0.004314	0.989661	0.000199	0.000000	0.000000	0.000000
361	0.005230	0.000007	0.000415	0.004404	0.989740	0.000204	0.000000	0.000000	0.000000
362	0.005082	0.000004	0.000406	0.004403	0.989892	0.000213	0.000000	0.000000	0.000000
363	0.004862	0.000002	0.000391	0.004465	0.990056	0.000224	0.000000	0.000000	0.000000
364	0.004698	0.000002	0.000395	0.004465	0.990219	0.000221	0.000000	0.000000	0.000000
365	0.004489	0.000002	0.000387	0.004477	0.990426	0.000219	0.000000	0.000000	0.000000
366	0.004318	0.000002	0.000364	0.004420	0.990673	0.000223	0.000000	0.000000	0.000000
367	0.004100	0.000001	0.000349	0.004444	0.990887	0.000219	0.000000	0.000000	0.000000
368	0.004028	0.000001	0.000327	0.004417	0.990997	0.000230	0.000000	0.000000	0.000000
369	0.003911	0.000001	0.000330	0.004440	0.991105	0.000213	0.000000	0.000000	0.000000
370	0.003742	0.000002	0.000328	0.004433	0.991287	0.000208	0.000000	0.000000	0.000000
371	0.003557	0.000002	0.000321	0.004461	0.991455	0.000204	0.000000	0.000000	0.000000
372	0.003437	0.000002	0.000293	0.004475	0.991596	0.000197	0.000000	0.000000	0.000000
373	0.003262	0.000001	0.000312	0.004538	0.991687	0.000200	0.000000	0.000000	0.000000
374	0.003170	0.000001	0.000286	0.004599	0.991743	0.000201	0.000000	0.000000	0.000000
375	0.003077	0.000001	0.000283	0.004522	0.991925	0.000192	0.000000	0.000000	0.000000
376	0.002962	0.000000	0.000253	0.004555	0.992020	0.000210	0.000000	0.000000	0.000000
377	0.002851	0.000000	0.000248	0.004492	0.992200	0.000209	0.000000	0.000000	0.000000
378	0.002727	0.000000	0.000230	0.004463	0.992363	0.000217	0.000000	0.000000	0.000000
379	0.002608	0.000000	0.000227	0.004435	0.992530	0.000200	0.000000	0.000000	0.000000
380	0.002508	0.000000	0.000221	0.004398	0.992686	0.000187	0.000000	0.000000	0.000000
381	0.002404	0.000000	0.000197	0.004369	0.992834	0.000196	0.000000	0.000000	0.000000
382	0.002333	0.000000	0.000188	0.004348	0.992913	0.000218	0.000000	0.000000	0.000000
383	0.002233	0.000000	0.000207	0.004331	0.993031	0.000198	0.000000	0.000000	0.000000
384	0.002135	0.000000	0.000200	0.004414	0.993045	0.000206	0.000000	0.000000	0.000000
385	0.002064	0.000000	0.000188	0.004398	0.993152	0.000198	0.000000	0.000000	0.000000
386	0.001982	0.000000	0.000185	0.004472	0.993166	0.000195	0.000000	0.000000	0.000000
387	0.001906	0.000000	0.000164	0.004521	0.993201	0.000208	0.000000	0.000000	0.000000
388	0.001825	0.000000	0.000168	0.004499	0.993280	0.000228	0.000000	0.000000	0.000000
389	0.001778	0.000000	0.000160	0.004506	0.993343	0.000213	0.000000	0.000000	0.000000
390	0.001695	0.000000	0.000149	0.004541	0.993385	0.000230	0.000000	0.000000	0.000000
391	0.001635	0.000000	0.000133	0.004520	0.993489	0.000223	0.000000	0.000000	0.000000
392	0.001554	0.000000	0.000123	0.004529	0.993590	0.000204	0.000000	0.000000	0.000000
393	0.001554	0.000000	0.000119	0.004527	0.993583	0.000217	0.000000	0.000000	0.000000
394	0.001443	0.000000	0.000123	0.004495	0.993720	0.000219	0.000000	0.000000	0.000000
395	0.001395	0.000000	0.000123	0.004450	0.993828	0.000204	0.000000	0.000000	0.000000
396	0.001381	0.000000	0.000106	0.004534	0.993770	0.000209	0.000000	0.000000	0.000000
397	0.001351	0.000000	0.000109	0.004528	0.993814	0.000198	0.000000	0.000000	0.000000
398	0.001345	0.000000	0.000114	0.004529	0.993797	0.000215	0.000000	0.000000	0.000000
399	0.001314	0.000000	0.000086	0.004439	0.993937	0.000224	0.000000	0.000000	0.000000
400	0.001274	0.000000	0.000085	0.004407	0.994010	0.000224	0.000000	0.000000	0.000000
401	0.001222	0.000000	0.000070	0.004462	0.994015	0.000231	0.000000	0.000000	0.000000
402	0.001184	0.000000	0.000072	0.004341	0.994193	0.000210	0.000000	0.000000	0.000000
403	0.001125	0.000000	0.000060	0.004351	0.994243	0.000221	0.000000	0.000000	0.000000
404	0.001061	0.000000	0.000064	0.004444	0.994198	0.000233	0.000000	0.000000	0.000000
405	0.001023	0.000000	0.000068	0.004369	0.994301	0.000239	0.000000	0.000000	0.000000
406	0.000988	0.000000	0.000068	0.004353	0.994354	0.000237	0.000000	0.000000	0.000000
407	0.000959	0.000000	0.000071	0.004373	0.994369	0.000228	0.000000	0.000000	0.000000
408	0.000906	0.000000	0.000059	0.004354	0.994457	0.000224	0.000000	0.000000	0.000000
409	0.000891	0.000000	0.000050	0.004393	0.994436	0.000230	0.000000	0.000000	0.000000
410	0.000824	0.000000	0.000045	0.004372	0.994510	0.000249	0.000000	0.000000	0.000000
411	0.000816	0.000000	0.000039	0.004336	0.994578	0.000231	0.000000	0.000000	0.000000
412	0.000803	0.000000	0.000033	0.004255	0.994670	0.000239	0.000000	0.000000	0.000000
413	0.000770	0.000000	0.000030	0.004277	0.994699	0.000224	0.000000	0.000000	0.000000
414	0.000736	0.000000	0.000025	0.004285	0.994737	0.000217	0.000000	0.000000	0.000000
415	0.000693	0.000000	0.000016	0.004219	0.994852	0.000220	0.000000	0.000000	0.000000
416	0.000642	0.000000	0.000015	0.004185	0.994959	0.000199	0.000000	0.000000	0.000000
417	0.000638	0.000000	0.000015	0.004139	0.995028	0.000180	0.000000	0.000000	0.000000
418	0.000617	0.000000	0.000012	0.004137	0.995058	0.000176	0.000000	0.000000	0.000000
419	0.000603	0.000000	0.000005	0.004212	0.994982	0.000198	0.000000	0.000000	0.000000
420	0.000589	0.000000	0.000007	0.004214	0.995016	0.000174	0.000000	0.000000	0.000000
421	0.000527	0.000000	0.000008	0.004252	0.995033	0.000180	0.000000	0.000000	0.000000
422	0.000497	0.000000	0.000007	0.004224	0.995084	0.000188	0.000000	0.000000	0.000000
423	0.000473	0.000000	0.000008	0.004277	0.995057	0.000185	0.000000	0.000000	0.000000
424	0.000447	0.000000	0.000006	0.004236	0.995117	0.000194	0.000000	0.000000	0.000000
425	0.000466	0.000000	0.000006	0.004143	0.995190	0.000195	0.000000	0.000000	0.000000
426	0.000437	0.000000	0.000003	0.004155	0.995228	0.000177	0.000000	0.000000	0.000000
427	0.000403	0.000000	0.000003	0.004124	0.995276	0.000194	0.000000	0.000000	0.000000
428	0.000385	0.000000	0.000002	0.004151	0.995277	0.000185	0.000000	0.000000	0.000000
429	0.000367	0.000000	0.000002	0.004222	0.995210	0.000199	0.000000	0.000000	0.000000
430	0.000361	0.000000	0.000002	0.004214	0.995220	0.000203	0.000000	0.000000	0.000000
431	0.000342	0.000000	0.000000	0.004240	0.995226	0.000192	0.000000	0.000000	0.000000
432	0.000319	0.000000	0.000000	0.004240	0.995224	0.000217	0.000000	0.000000	0.000000
433	0.000300	0.000000	0.000000	0.004236	0.995248	0.000216	0.000000	0.000000	0.000000
434	0.000298	0.000000	0.000000	0.004170	0.995316	0.000216	0.000000	0.000000	0.000000
435	0.000273	0.000000	0.000000	0.004194	0.995314	0.000219	0.000000	0.000000	0.000000
436	0.000253	0.000000	0.000000	0.004222	0.995291	0.000234	0.000000	0.000000	0.000000
437	0.000234	0.000000	0.000000	0.004174	0.995380	0.000212	0.000000	0.000000	0.000000
438	0.000221	0.000000	0.000000	0.004163	0.995390	0.000226	0.000000	0.000000	0.000000
439	0.000212	0.000000	0.000000	0.004192	0.995358	0.000238	0.000000	0.000000	0.000000
440	0.000200	0.000000	0.000000	0.004245	0.995337	0.000218	0.000000	0.000000	0.000000
441	0.000198	0.000000	0.000000	0.004254	0.995333	0.000215	0.000000	0.000000	0.000000
442	0.000182	0.000000	0.000000	0.004247	0.995367	0.000204	0.000000	0.000000	0.000000
443	0.000156	0.000000	0.000000	0.004217	0.995426	0.000201	0.000000	0.000000	0.000000
444	0.000137	0.000000	0.000000	0.004256	0.995407	0.000200	0.000000	0.000000	0.000000
445	0.000119	0.000000	0.000000	0.004309	0.995377	0.000195	0.000000	0.000000	0.000000
446	0.000120	0.000000	0.000000	0.004343	0.995331	0.000206	0.000000	0.000000	0.000000
447	0.000112	0.000000	0.000000	0.004351	0.995312	0.000225	0.000000	0.000000	0.000000
448	0.000103	0.000000	0.000000	0.004402	0.995247	0.000248	0.000000	0.000000	0.000000
449	0.000079	0.000000	0.000000	0.004383	0.995314	0.000224	0.000000	0.000000	0.000000
450	0.000066	0.000000	0.000000	0.004384	0.995318	0.000232	0.000000	0.000000	0.000000
451	0.000063	0.000000	0.000000	0.004398	0.995315	0.000224	0.000000	0.000000	0.000000
452	0.000057	0.000000	0.000000	0.004369	0.995358	0.000216	0.000000	0.000000	0.000000
453	0.000048	0.000000	0.000000	0.004342	0.995400	0.000210	0.000000	0.000000	0.000000
454	0.000038	0.000000	0.000000	0.004354	0.995404	0.000204	0.000000	0.000000	0.000000
455	0.000035	0.000000	0.000000	0.004445	0.995316	0.000204	0.000000	0.000000	0.000000
456	0.000038	0.000000	0.000000	0.004444	0.995328	0.000190	0.000000	0.000000	0.000000
457	0.000038	0.000000	0.000000	0.004402	0.995373	0.000187	0.000000	0.000000	0.000000
458	0.000035	0.000000	0.000000	0.004407	0.995370	0.000188	0.000000	0.000000	0.000000
459	0.000027	0.000000	0.000000	0.004363	0.995425	0.000185	0.000000	0.000000	0.000000
460	0.000023	0.000000	0.000000	0.004340	0.995471	0.000166	0.000000	0.000000	0.000000
461	0.000021	0.000000	0.000000	0.004359	0.995436	0.000184	0.000000	0.000000	0.000000
462	0.000018	0.000000	0.000000	0.004372	0.995412	0.000198	0.000000	0.000000	0.000000
463	0.000018	0.000000	0.000000	0.004449	0.995346	0.000187	0.000000	0.000000	0.000000
464	0.000012	0.000000	0.000000	0.004433	0.995366	0.000189	0.000000	0.000000	0.000000
465	0.000009	0.000000	0.000000	0.004485	0.995313	0.000193	0.000000	0.000000	0.000000
466	0.000006	0.000000	0.000000	0.004511	0.995309	0.000174	0.000000	0.000000	0.000000
467	0.000005	0.000000	0.000000	0.004521	0.995281	0.000193	0.000000	0.000000	0.000000
468	0.000008	0.000000	0.000000	0.004564	0.995246	0.000182	0.000000	0.000000	0.000000
469	0.000004	0.000000	0.000000	0.004652	0.995160	0.000184	0.000000	0.000000	0.000000
470	0.000003	0.000000	0.000000	0.004662	0.995156	0.000179	0.000000	0.000000	0.000000
