0	0.290663	0.057897	0.229473	0.157588	0.029913	0.111872	0.085455	0.012259	0.024880
1	0.251314	0.051673	0.215508	0.131436	0.027019	0.112732	0.106512	0.021055	0.082751
2	0.269180	0.054272	0.228123	0.119605	0.026075	0.102657	0.097338	0.019264	0.083486
3	0.291753	0.057586	0.240572	0.108291	0.025444	0.092975	0.086045	0.016892	0.080442
4	0.314800	0.060369	0.252501	0.097602	0.024888	0.082973	0.075531	0.014618	0.076718
5	0.337174	0.062670	0.263267	0.087760	0.024193	0.073716	0.065718	0.012502	0.073000
6	0.357908	0.064540	0.272357	0.078510	0.023657	0.065497	0.057655	0.010823	0.069053
7	0.377793	0.066365	0.280478	0.069836	0.023295	0.058059	0.050052	0.009229	0.064893
8	0.396727	0.067543	0.287461	0.062257	0.022903	0.050765	0.042973	0.007943	0.061428
9	0.413867	0.068992	0.293091	0.054938	0.022561	0.044704	0.036936	0.006804	0.058107
10	0.429077	0.069837	0.298350	0.048680	0.022269	0.039150	0.031917	0.005878	0.054842
11	0.443394	0.070528	0.302542	0.042945	0.021927	0.034376	0.027487	0.005056	0.051745
12	0.457116	0.071016	0.304964	0.038381	0.021871	0.030171	0.023521	0.004307	0.048653
13	0.468998	0.071052	0.308227	0.034162	0.021458	0.026542	0.020621	0.003615	0.045325
14	0.479153	0.071076	0.311222	0.030187	0.021249	0.023307	0.017831	0.003111	0.042864
15	0.489220	0.071239	0.313250	0.026626	0.021091	0.020481	0.015399	0.002714	0.039980
16	0.498782	0.070646	0.314847	0.023519	0.020698	0.018056	0.013380	0.002370	0.037702
17	0.506295	0.070839	0.316556	0.020800	0.020527	0.016020	0.011590	0.002081	0.035292
18	0.513558	0.070514	0.318040	0.018594	0.020314	0.014213	0.010005	0.001765	0.032997
19	0.520296	0.070091	0.318601	0.016630	0.020359	0.012702	0.008657	0.001518	0.031146
20	0.526021	0.069545	0.319742	0.014930	0.020253	0.011223	0.007539	0.001304	0.029443
21	0.531408	0.069203	0.320430	0.013745	0.020074	0.009907	0.006678	0.001140	0.027415
22	0.536120	0.069052	0.320888	0.012032	0.020275	0.008847	0.005693	0.001041	0.026052
23	0.540061	0.068893	0.321130	0.010704	0.020436	0.008128	0.005039	0.000928	0.024681
24	0.544190	0.068208	0.321778	0.009674	0.020327	0.007366	0.004401	0.000813	0.023243
25	0.547605	0.067526	0.322758	0.008735	0.020229	0.006523	0.003885	0.000743	0.021996
26	0.550834	0.067342	0.322500	0.008074	0.020302	0.005941	0.003473	0.000648	0.020886
27	0.553811	0.067148	0.322487	0.007260	0.020353	0.005297	0.003071	0.000542	0.020031
28	0.556207	0.066783	0.323109	0.006768	0.020083	0.004782	0.002735	0.000461	0.019072
29	0.558826	0.066480	0.323442	0.005980	0.020118	0.004299	0.002395	0.000435	0.018025
30	0.561255	0.066057	0.323177	0.005516	0.020301	0.003927	0.002152	0.000383	0.017232
31	0.563434	0.065571	0.323555	0.005057	0.020216	0.003511	0.001907	0.000325	0.016424
32	0.565788	0.065021	0.323274	0.004669	0.020360	0.003187	0.001773	0.000327	0.015601
33	0.567843	0.064600	0.323385	0.004270	0.020200	0.002919	0.001589	0.000299	0.014895
34	0.569162	0.064409	0.323669	0.003861	0.020245	0.002624	0.001460	0.000254	0.014316
35	0.570860	0.063689	0.323653	0.003587	0.020473	0.002465	0.001250	0.000254	0.013769
36	0.572174	0.063250	0.323675	0.003334	0.020696	0.002262	0.001140	0.000232	0.013237
37	0.572763	0.063015	0.324425	0.003016	0.020862	0.002093	0.000997	0.000197	0.012632
38	0.573973	0.062614	0.324609	0.002832	0.021011	0.001940	0.000877	0.000164	0.011980
39	0.574775	0.062053	0.325416	0.002617	0.020978	0.001776	0.000767	0.000123	0.011495
40	0.575775	0.061661	0.325727	0.002317	0.021085	0.001623	0.000675	0.000095	0.011042
41	0.576481	0.061491	0.325847	0.002174	0.021196	0.001531	0.000629	0.000080	0.010571
42	0.577275	0.061217	0.325938	0.001993	0.021374	0.001396	0.000557	0.000081	0.010169
43	0.578024	0.060576	0.326327	0.001857	0.021649	0.001352	0.000505	0.000068	0.009642
44	0.579134	0.060436	0.325983	0.001725	0.021757	0.001250	0.000422	0.000069	0.009224
45	0.580252	0.059866	0.326081	0.001572	0.021625	0.001160	0.000393	0.000058	0.008993
46	0.580495	0.059461	0.326958	0.001469	0.021509	0.001065	0.000377	0.000056	0.008610
47	0.581285	0.059036	0.327148	0.001432	0.021524	0.000971	0.000347	0.000045	0.008212
48	0.581490	0.058752	0.327382	0.001317	0.021829	0.000912	0.000346	0.000044	0.007928
49	0.582114	0.058409	0.327267	0.001302	0.022054	0.000836	0.000292	0.000053	0.007673
50	0.583253	0.058193	0.326578	0.001196	0.022183	0.000813	0.000238	0.000041	0.007505
51	0.583841	0.058012	0.326519	0.001134	0.022383	0.000762	0.000219	0.000032	0.007098
52	0.584563	0.057637	0.326668	0.001077	0.022373	0.000702	0.000190	0.000027	0.006763
53	0.584704	0.057301	0.327199	0.001036	0.022424	0.000642	0.000178	0.000030	0.006486
54	0.584990	0.057380	0.327137	0.001027	0.022384	0.000605	0.000156	0.000022	0.006299
55	0.585501	0.056551	0.327887	0.000963	0.022323	0.000592	0.000145	0.000026	0.006012
56	0.586555	0.056133	0.327245	0.000870	0.022578	0.000541	0.000162	0.000025	0.005891
57	0.587339	0.055961	0.326871	0.000885	0.022513	0.000525	0.000133	0.000026	0.005747
58	0.587863	0.055638	0.326784	0.000811	0.022682	0.000519	0.000126	0.000020	0.005557
59	0.587896	0.055434	0.326918	0.000837	0.022886	0.000443	0.000117	0.000027	0.005442
60	0.588356	0.055418	0.326600	0.000774	0.022982	0.000415	0.000102	0.000018	0.005335
61	0.588248	0.054979	0.327371	0.000724	0.023125	0.000372	0.000101	0.000014	0.005066
62	0.588533	0.054666	0.327663	0.000668	0.022956	0.000384	0.000089	0.000008	0.005033
63	0.589888	0.053942	0.327170	0.000650	0.023076	0.000342	0.000076	0.000011	0.004845
64	0.590225	0.053701	0.327039	0.000630	0.023213	0.000340	0.000090	0.000010	0.004752
65	0.590123	0.053789	0.327417	0.000594	0.023068	0.000309	0.000079	0.000007	0.004614
66	0.589754	0.053190	0.328448	0.000566	0.023093	0.000277	0.000070	0.000008	0.004594
67	0.589428	0.052778	0.329167	0.000533	0.023293	0.000274	0.000063	0.000001	0.004463
68	0.589600	0.052475	0.329257	0.000501	0.023483	0.000256	0.000052	0.000003	0.004373
69	0.590497	0.052293	0.328516	0.000470	0.023755	0.000244	0.000038	0.000006	0.004181
70	0.591022	0.052089	0.328484	0.000432	0.023661	0.000240	0.000039	0.000003	0.004030
71	0.591408	0.051885	0.328254	0.000429	0.023767	0.000227	0.000047	0.000006	0.003977
72	0.592172	0.051509	0.328075	0.000430	0.023742	0.000199	0.000055	0.000007	0.003811
73	0.592755	0.051284	0.327839	0.000394	0.023787	0.000196	0.000042	0.000003	0.003700
74	0.593543	0.050611	0.327583	0.000355	0.023995	0.000221	0.000036	0.000005	0.003651
75	0.593304	0.050450	0.327947	0.000369	0.024080	0.000224	0.000035	0.000004	0.003587
76	0.593630	0.050220	0.327827	0.000311	0.024327	0.000190	0.000027	0.000001	0.003467
77	0.593786	0.049931	0.328139	0.000328	0.024210	0.000194	0.000043	0.000001	0.003368
78	0.593870	0.049695	0.328316	0.000318	0.024293	0.000184	0.000037	0.000002	0.003285
79	0.593653	0.049604	0.328668	0.000287	0.024300	0.000161	0.000035	0.000004	0.003288
80	0.593960	0.049511	0.328704	0.000287	0.024176	0.000156	0.000035	0.000003	0.003168
81	0.593447	0.049239	0.329419	0.000259	0.024344	0.000158	0.000031	0.000002	0.003101
82	0.593551	0.048805	0.329725	0.000239	0.024358	0.000162	0.000026	0.000003	0.003131
83	0.594054	0.048578	0.329729	0.000218	0.024279	0.000143	0.000024	0.000002	0.002973
84	0.593730	0.048315	0.330393	0.000205	0.024376	0.000146	0.000025	0.000003	0.002807
85	0.593528	0.048165	0.330646	0.000196	0.024489	0.000135	0.000023	0.000004	0.002814
86	0.593529	0.047884	0.330794	0.000180	0.024720	0.000129	0.000021	0.000003	0.002740
87	0.593903	0.047635	0.330815	0.000161	0.024678	0.000103	0.000023	0.000001	0.002681
88	0.594492	0.047373	0.330480	0.000150	0.024767	0.000090	0.000017	0.000000	0.002631
89	0.595265	0.046947	0.330086	0.000136	0.024860	0.000086	0.000019	0.000001	0.002600
90	0.595412	0.046811	0.330195	0.000134	0.024808	0.000092	0.000020	0.000001	0.002527
91	0.595487	0.046919	0.330066	0.000128	0.024822	0.000086	0.000016	0.000000	0.002476
92	0.595899	0.046735	0.329859	0.000126	0.024815	0.000080	0.000015	0.000001	0.002470
93	0.595369	0.046508	0.330604	0.000104	0.024873	0.000080	0.000015	0.000000	0.002447
94	0.595951	0.046523	0.329905	0.000101	0.024955	0.000084	0.000015	0.000000	0.002466
95	0.595885	0.046230	0.330235	0.000094	0.025026	0.000088	0.000009	0.000000	0.002433
96	0.595766	0.046066	0.330276	0.000103	0.025285	0.000083	0.000006	0.000000	0.002415
97	0.596073	0.046060	0.330213	0.000080	0.025137	0.000075	0.000009	0.000000	0.002353
98	0.596708	0.045842	0.329752	0.000088	0.025148	0.000067	0.000007	0.000000	0.002388
99	0.596478	0.045452	0.330431	0.000085	0.025178	0.000066	0.000010	0.000000	0.002300
100	0.596524	0.045464	0.330286	0.000080	0.025293	0.000058	0.000008	0.000000	0.002287
101	0.596406	0.045344	0.330463	0.000071	0.025382	0.000064	0.000003	0.000000	0.002267
102	0.595996	0.045215	0.331103	0.000059	0.025414	0.000050	0.000003	0.000000	0.002160
103	0.596158	0.045208	0.330972	0.000069	0.025365	0.000058	0.000004	0.000000	0.002166
104	0.595911	0.044685	0.331708	0.000069	0.025426	0.000042	0.000002	0.000000	0.002157
105	0.596020	0.044715	0.331814	0.000061	0.025191	0.000035	0.000002	0.000000	0.002162
106	0.595849	0.044438	0.332171	0.000061	0.025326	0.000036	0.000002	0.000000	0.002117
107	0.595523	0.044274	0.332828	0.000049	0.025258	0.000030	0.000001	0.000000	0.002037
108	0.595728	0.044170	0.332834	0.000053	0.025190	0.000023	0.000001	0.000000	0.002001
109	0.595594	0.044095	0.333054	0.000047	0.025202	0.000025	0.000000	0.000000	0.001983
110	0.595473	0.043943	0.333173	0.000042	0.025387	0.000022	0.000000	0.000000	0.001960
111	0.595100	0.044025	0.333501	0.000048	0.025339	0.000027	0.000000	0.000000	0.001960
112	0.595987	0.043752	0.333081	0.000043	0.025305	0.000025	0.000000	0.000000	0.001807
113	0.596070	0.043745	0.333118	0.000044	0.025220	0.000026	0.000000	0.000000	0.001777
114	0.595627	0.043948	0.333482	0.000041	0.025151	0.000019	0.000000	0.000000	0.001732
115	0.596048	0.043820	0.333205	0.000054	0.025202	0.000021	0.000000	0.000000	0.001650
116	0.595861	0.043719	0.333400	0.000048	0.025248	0.000016	0.000000	0.000000	0.001708
117	0.596360	0.043531	0.333108	0.000051	0.025213	0.000014	0.000000	0.000000	0.001723
118	0.596763	0.043338	0.332969	0.000050	0.025159	0.000012	0.000000	0.000000	0.001709
119	0.596767	0.043261	0.333044	0.000054	0.025179	0.000014	0.000000	0.000000	0.001681
120	0.596886	0.043121	0.333055	0.000051	0.025225	0.000013	0.000000	0.000000	0.001649
121	0.597390	0.042940	0.332849	0.000063	0.025088	0.000017	0.000000	0.000000	0.001653
122	0.597784	0.042929	0.332681	0.000052	0.024966	0.000015	0.000000	0.000000	0.001573
123	0.597768	0.042811	0.332783	0.000064	0.024977	0.000014	0.000000	0.000000	0.001583
124	0.597883	0.042605	0.333020	0.000066	0.024878	0.000011	0.000000	0.000000	0.001537
125	0.597899	0.042621	0.332964	0.000066	0.024927	0.000016	0.000000	0.000000	0.001507
126	0.597980	0.042174	0.333516	0.000060	0.024840	0.000011	0.000000	0.000000	0.001419
127	0.597398	0.042016	0.334218	0.000055	0.024919	0.000010	0.000000	0.000000	0.001384
128	0.597606	0.041836	0.334423	0.000047	0.024739	0.000008	0.000000	0.000000	0.001341
129	0.597599	0.041621	0.334591	0.000050	0.024765	0.000006	0.000000	0.000000	0.001368
130	0.597402	0.041210	0.335155	0.000038	0.024851	0.000006	0.000000	0.000000	0.001338
131	0.597060	0.041429	0.335075	0.000034	0.025050	0.000006	0.000000	0.000000	0.001346
132	0.597404	0.041533	0.334819	0.000035	0.024892	0.000004	0.000000	0.000000	0.001313
133	0.597999	0.041567	0.334308	0.000034	0.024818	0.000007	0.000000	0.000000	0.001267
134	0.598283	0.041309	0.334346	0.000032	0.024778	0.000007	0.000000	0.000000	0.001245
135	0.598253	0.040929	0.334814	0.000028	0.024710	0.000006	0.000000	0.000000	0.001260
136	0.597762	0.040771	0.335468	0.000030	0.024726	0.000002	0.000000	0.000000	0.001241
137	0.597891	0.040925	0.335186	0.000029	0.024767	0.000006	0.000000	0.000000	0.001196
138	0.598062	0.040707	0.335254	0.000024	0.024800	0.000007	0.000000	0.000000	0.001146
139	0.598498	0.040266	0.335234	0.000025	0.024812	0.000008	0.000000	0.000000	0.001157
140	0.598739	0.040081	0.335269	0.000024	0.024794	0.000005	0.000000	0.000000	0.001088
141	0.598306	0.040126	0.335715	0.000027	0.024749	0.000004	0.000000	0.000000	0.001073
142	0.598585	0.040194	0.335150	0.000023	0.024951	0.000005	0.000000	0.000000	0.001092
143	0.598623	0.039955	0.335629	0.000023	0.024675	0.000005	0.000000	0.000000	0.001090
144	0.598844	0.039688	0.335545	0.000016	0.024852	0.000007	0.000000	0.000000	0.001048
145	0.598957	0.039400	0.335758	0.000015	0.024847	0.000002	0.000000	0.000000	0.001021
146	0.598997	0.039637	0.335585	0.000008	0.024735	0.000003	0.000000	0.000000	0.001035
147	0.599082	0.039385	0.335755	0.000008	0.024771	0.000002	0.000000	0.000000	0.000997
148	0.599260	0.039254	0.335691	0.000007	0.024805	0.000004	0.000000	0.000000	0.000979
149	0.599653	0.038984	0.335772	0.000008	0.024609	0.000005	0.000000	0.000000	0.000969
150	0.599387	0.038752	0.336149	0.000006	0.024743	0.000005	0.000000	0.000000	0.000958
151	0.599613	0.038802	0.335904	0.000007	0.024744	0.000006	0.000000	0.000000	0.000924
152	0.599577	0.038746	0.335998	0.000007	0.024738	0.000005	0.000000	0.000000	0.000929
153	0.599578	0.038766	0.335862	0.000010	0.024810	0.000002	0.000000	0.000000	0.000972
154	0.600108	0.038354	0.336120	0.000010	0.024490	0.000001	0.000000	0.000000	0.000917
155	0.600370	0.038383	0.335865	0.000009	0.024415	0.000001	0.000000	0.000000	0.000957
156	0.600279	0.038131	0.336299	0.000007	0.024302	0.000001	0.000000	0.000000	0.000981
157	0.599942	0.037922	0.336932	0.000005	0.024245	0.000000	0.000000	0.000000	0.000954
158	0.600332	0.037911	0.336727	0.000003	0.024148	0.000000	0.000000	0.000000	0.000879
159	0.600501	0.037841	0.336704	0.000002	0.024063	0.000000	0.000000	0.000000	0.000889
160	0.600698	0.037748	0.336608	0.000004	0.024071	0.000000	0.000000	0.000000	0.000871
161	0.600599	0.037712	0.336820	0.000003	0.024003	0.000000	0.000000	0.000000	0.000863
162	0.600829	0.037307	0.336890	0.000004	0.024153	0.000000	0.000000	0.000000	0.000817
163	0.601264	0.037091	0.336726	0.000006	0.024099	0.000000	0.000000	0.000000	0.000814
164	0.600719	0.037094	0.337470	0.000006	0.023934	0.000000	0.000000	0.000000	0.000777
165	0.600727	0.036844	0.337800	0.000005	0.023834	0.000000	0.000000	0.000000	0.000790
166	0.600709	0.036692	0.338038	0.000005	0.023750	0.000000	0.000000	0.000000	0.000806
167	0.600919	0.036611	0.337982	0.000004	0.023735	0.000000	0.000000	0.000000	0.000749
168	0.601173	0.036660	0.337826	0.000002	0.023588	0.000000	0.000000	0.000000	0.000751
169	0.601647	0.036412	0.337544	0.000003	0.023660	0.000000	0.000000	0.000000	0.000734
170	0.601041	0.036369	0.338362	0.000004	0.023475	0.000000	0.000000	0.000000	0.000749
171	0.600761	0.036105	0.338737	0.000001	0.023654	0.000000	0.000000	0.000000	0.000742
172	0.600998	0.036088	0.338630	0.000001	0.023565	0.000000	0.000000	0.000000	0.000718
173	0.601339	0.035977	0.338430	0.000000	0.023562	0.000000	0.000000	0.000000	0.000692
174	0.601393	0.036058	0.338406	0.000000	0.023447	0.000000	0.000000	0.000000	0.000696
175	0.602181	0.036002	0.337876	0.000000	0.023258	0.000000	0.000000	0.000000	0.000683
176	0.602347	0.035805	0.337860	0.000000	0.023321	0.000000	0.000000	0.000000	0.000667
177	0.603114	0.035698	0.337347	0.000000	0.023186	0.000000	0.000000	0.000000	0.000655
178	0.603323	0.035515	0.337359	0.000000	0.023172	0.000000	0.000000	0.000000	0.000631
179	0.603418	0.035338	0.337487	0.000000	0.023110	0.000000	0.000000	0.000000	0.000647
180	0.603761	0.034993	0.337588	0.000000	0.023015	0.000000	0.000000	0.000000	0.000643
181	0.603839	0.034809	0.337696	0.000000	0.023026	0.000000	0.000000	0.000000	0.000630
182	0.603623	0.034684	0.338169	0.000000	0.022884	0.000000	0.000000	0.000000	0.000640
183	0.604292	0.034480	0.337744	0.000000	0.022818	0.000000	0.000000	0.000000	0.000666
184	0.603673	0.034504	0.338356	0.000000	0.022780	0.000000	0.000000	0.000000	0.000687
185	0.603706	0.034589	0.338286	0.000000	0.022748	0.000000	0.000000	0.000000	0.000671
186	0.603595	0.034400	0.338525	0.000000	0.022840	0.000000	0.000000	0.000000	0.000640
187	0.604010	0.034230	0.338387	0.000000	0.022742	0.000000	0.000000	0.000000	0.000631
188	0.603767	0.034106	0.338761	0.000000	0.022767	0.000000	0.000000	0.000000	0.000599
189	0.604137	0.034202	0.338440	0.000000	0.022656	0.000000	0.000000	0.000000	0.000565
190	0.604080	0.034005	0.338835	0.000000	0.022513	0.000000	0.000000	0.000000	0.000567
191	0.604408	0.033758	0.338649	0.000000	0.022600	0.000000	0.000000	0.000000	0.000585
192	0.605139	0.033511	0.338237	0.000000	0.022518	0.000000	0.000000	0.000000	0.000595
193	0.604741	0.033408	0.338802	0.000000	0.022445	0.000000	0.000000	0.000000	0.000604
194	0.604432	0.033217	0.339437	0.000000	0.022311	0.000000	0.000000	0.000000	0.000603
195	0.604722	0.033354	0.339165	0.000000	0.022153	0.000000	0.000000	0.000000	0.000606
196	0.604342	0.033315	0.339482	0.000000	0.022255	0.000000	0.000000	0.000000	0.000606
197	0.604223	0.033427	0.339494	0.000000	0.022228	0.000000	0.000000	0.000000	0.000628
198	0.604807	0.033469	0.338884	0.000000	0.022205	0.000000	0.000000	0.000000	0.000635
199	0.604401	0.033583	0.339128	0.000000	0.022238	0.000000	0.000000	0.000000	0.000650
200	0.605012	0.033580	0.338773	0.000000	0.021973	0.000000	0.000000	0.000000	0.000662
201	0.605250	0.033380	0.338845	0.000000	0.021866	0.000000	0.000000	0.000000	0.000659
202	0.605481	0.033243	0.338955	0.000000	0.021710	0.000000	0.000000	0.000000	0.000611
203	0.605454	0.033137	0.339264	0.000000	0.021540	0.000000	0.000000	0.000000	0.000605
204	0.605821	0.032952	0.339261	0.000000	0.021383	0.000000	0.000000	0.000000	0.000583
205	0.606038	0.033000	0.339262	0.000000	0.021135	0.000000	0.000000	0.000000	0.000565
206	0.605920	0.033002	0.339325	0.000000	0.021158	0.000000	0.000000	0.000000	0.000595
207	0.606270	0.033036	0.339044	0.000000	0.021072	0.000000	0.000000	0.000000	0.000578
208	0.606342	0.032989	0.339079	0.000000	0.021031	0.000000	0.000000	0.000000	0.000559
209	0.606555	0.032595	0.339390	0.000000	0.020908	0.000000	0.000000	0.000000	0.000552
210	0.606419	0.032585	0.339506	0.000000	0.020926	0.000000	0.000000	0.000000	0.000564
211	0.606637	0.032545	0.339393	0.000000	0.020854	0.000000	0.000000	0.000000	0.000571
212	0.606458	0.032696	0.339487	0.000000	0.020782	0.000000	0.000000	0.000000	0.000577
213	0.606617	0.032836	0.339282	0.000000	0.020680	0.000000	0.000000	0.000000	0.000585
214	0.607156	0.032710	0.339063	0.000000	0.020498	0.000000	0.000000	0.000000	0.000573
215	0.607590	0.032644	0.338602	0.000000	0.020615	0.000000	0.000000	0.000000	0.000549
216	0.608029	0.032462	0.338429	0.000000	0.020479	0.000000	0.000000	0.000000	0.000601
217	0.608956	0.032680	0.337348	0.000000	0.020435	0.000000	0.000000	0.000000	0.000581
218	0.609668	0.032417	0.337212	0.000000	0.020110	0.000000	0.000000	0.000000	0.000593
219	0.609007	0.032486	0.337759	0.000000	0.020199	0.000000	0.000000	0.000000	0.000549
220	0.609361	0.032465	0.337586	0.000000	0.020026	0.000000	0.000000	0.000000	0.000562
221	0.609753	0.032178	0.337603	0.000000	0.019912	0.000000	0.000000	0.000000	0.000554
222	0.607972	0.032165	0.339541	0.000000	0.019805	0.000000	0.000000	0.000000	0.000517
223	0.608307	0.032057	0.339445	0.000000	0.019650	0.000000	0.000000	0.000000	0.000541
224	0.608375	0.031867	0.339749	0.000000	0.019502	0.000000	0.000000	0.000000	0.000507
225	0.608583	0.031779	0.339488	0.000000	0.019625	0.000000	0.000000	0.000000	0.000525
226	0.608970	0.031817	0.339245	0.000000	0.019441	0.000000	0.000000	0.000000	0.000527
227	0.609286	0.031771	0.339116	0.000000	0.019340	0.000000	0.000000	0.000000	0.000487
228	0.609441	0.031759	0.338979	0.000000	0.019324	0.000000	0.000000	0.000000	0.000497
229	0.609327	0.031633	0.339179	0.000000	0.019384	0.000000	0.000000	0.000000	0.000477
230	0.609714	0.031383	0.339233	0.000000	0.019183	0.000000	0.000000	0.000000	0.000487
231	0.609964	0.031659	0.338697	0.000000	0.019197	0.000000	0.000000	0.000000	0.000483
232	0.610568	0.031594	0.338264	0.000000	0.019082	0.000000	0.000000	0.000000	0.000492
233	0.611091	0.031526	0.338084	0.000000	0.018825	0.000000	0.000000	0.000000	0.000474
234	0.611739	0.031541	0.337406	0.000000	0.018838	0.000000	0.000000	0.000000	0.000476
235	0.611256	0.031461	0.338041	0.000000	0.018746	0.000000	0.000000	0.000000	0.000496
236	0.611964	0.031314	0.337544	0.000000	0.018711	0.000000	0.000000	0.000000	0.000467
237	0.612008	0.031296	0.337508	0.000000	0.018739	0.000000	0.000000	0.000000	0.000449
238	0.611932	0.031102	0.337731	0.000000	0.018778	0.000000	0.000000	0.000000	0.000457
239	0.611727	0.030968	0.338033	0.000000	0.018803	0.000000	0.000000	0.000000	0.000469
240	0.611773	0.030912	0.338348	0.000000	0.018528	0.000000	0.000000	0.000000	0.000439
241	0.612071	0.030847	0.338215	0.000000	0.018484	0.000000	0.000000	0.000000	0.000383
242	0.612031	0.030785	0.338459	0.000000	0.018314	0.000000	0.000000	0.000000	0.000411
243	0.611811	0.030862	0.338704	0.000000	0.018231	0.000000	0.000000	0.000000	0.000392
244	0.612412	0.030909	0.338170	0.000000	0.018136	0.000000	0.000000	0.000000	0.000373
245	0.613158	0.030967	0.337233	0.000000	0.018252	0.000000	0.000000	0.000000	0.000390
246	0.613003	0.030492	0.337836	0.000000	0.018254	0.000000	0.000000	0.000000	0.000415
247	0.613208	0.030774	0.337335	0.000000	0.018277	0.000000	0.000000	0.000000	0.000406
248	0.613293	0.030801	0.337258	0.000000	0.018246	0.000000	0.000000	0.000000	0.000402
249	0.613036	0.030328	0.338139	0.000000	0.018118	0.000000	0.000000	0.000000	0.000379
250	0.612836	0.030244	0.338565	0.000000	0.017972	0.000000	0.000000	0.000000	0.000383
251	0.613199	0.030096	0.338596	0.000000	0.017755	0.000000	0.000000	0.000000	0.000354
252	0.613063	0.029972	0.339030	0.000000	0.017551	0.000000	0.000000	0.000000	0.000384
253	0.613458	0.029990	0.338756	0.000000	0.017433	0.000000	0.000000	0.000000	0.000363
254	0.613107	0.030093	0.338950	0.000000	0.017482	0.000000	0.000000	0.000000	0.000368
255	0.613488	0.030284	0.338657	0.000000	0.017221	0.000000	0.000000	0.000000	0.000350
256	0.613202	0.030249	0.339114	0.000000	0.017090	0.000000	0.000000	0.000000	0.000345
257	0.612986	0.029978	0.339919	0.000000	0.016755	0.000000	0.000000	0.000000	0.000362
258	0.613642	0.029738	0.339590	0.000000	0.016696	0.000000	0.000000	0.000000	0.000334
259	0.613545	0.029492	0.340019	0.000000	0.016631	0.000000	0.000000	0.000000	0.000313
260	0.613490	0.029709	0.339915	0.000000	0.016548	0.000000	0.000000	0.000000	0.000338
261	0.613114	0.029511	0.340578	0.000000	0.016446	0.000000	0.000000	0.000000	0.000351
262	0.612978	0.029613	0.340553	0.000000	0.016539	0.000000	0.000000	0.000000	0.000317
263	0.613176	0.029670	0.340326	0.000000	0.016487	0.000000	0.000000	0.000000	0.000341
264	0.613170	0.029461	0.340728	0.000000	0.016323	0.000000	0.000000	0.000000	0.000318
265	0.613523	0.029392	0.340517	0.000000	0.016253	0.000000	0.000000	0.000000	0.000315
266	0.612753	0.029291	0.341491	0.000000	0.016126	0.000000	0.000000	0.000000	0.000339
267	0.612628	0.029121	0.341913	0.000000	0.016038	0.000000	0.000000	0.000000	0.000300
268	0.612824	0.029214	0.341769	0.000000	0.015918	0.000000	0.000000	0.000000	0.000275
269	0.612779	0.029197	0.341831	0.000000	0.015924	0.000000	0.000000	0.000000	0.000269
270	0.613039	0.029009	0.341848	0.000000	0.015828	0.000000	0.000000	0.000000	0.000276
271	0.612984	0.029005	0.342059	0.000000	0.015697	0.000000	0.000000	0.000000	0.000255
272	0.613059	0.028959	0.342131	0.000000	0.015593	0.000000	0.000000	0.000000	0.000258
273	0.613555	0.028879	0.341734	0.000000	0.015568	0.000000	0.000000	0.000000	0.000264
274	0.613585	0.028917	0.341773	0.000000	0.015459	0.000000	0.000000	0.000000	0.000266
275	0.613658	0.028864	0.341691	0.000000	0.015522	0.000000	0.000000	0.000000	0.000265
276	0.613648	0.028735	0.341803	0.000000	0.015550	0.000000	0.000000	0.000000	0.000264
277	0.613644	0.028986	0.341758	0.000000	0.015353	0.000000	0.000000	0.000000	0.000259
278	0.614196	0.028736	0.341524	0.000000	0.015300	0.000000	0.000000	0.000000	0.000244
279	0.614181	0.028995	0.341420	0.000000	0.015162	0.000000	0.000000	0.000000	0.000242
280	0.614408	0.028853	0.341341	0.000000	0.015155	0.000000	0.000000	0.000000	0.000243
281	0.614532	0.028719	0.341506	0.000000	0.015005	0.000000	0.000000	0.000000	0.000238
282	0.614341	0.028712	0.341745	0.000000	0.014956	0.000000	0.000000	0.000000	0.000246
283	0.614464	0.028706	0.341777	0.000000	0.014806	0.000000	0.000000	0.000000	0.000247
284	0.614170	0.028714	0.342174	0.000000	0.014690	0.000000	0.000000	0.000000	0.000252
285	0.614180	0.028696	0.342319	0.000000	0.014563	0.000000	0.000000	0.000000	0.000242
286	0.614397	0.028549	0.342161	0.000000	0.014654	0.000000	0.000000	0.000000	0.000239
287	0.614695	0.028230	0.342338	0.000000	0.014490	0.000000	0.000000	0.000000	0.000247
288	0.615279	0.028107	0.341971	0.000000	0.014413	0.000000	0.000000	0.000000	0.000230
289	0.615420	0.028106	0.341953	0.000000	0.014299	0.000000	0.000000	0.000000	0.000222
290	0.615752	0.028094	0.341792	0.000000	0.014129	0.000000	0.000000	0.000000	0.000233
291	0.615628	0.028212	0.341823	0.000000	0.014074	0.000000	0.000000	0.000000	0.000263
292	0.615824	0.028221	0.341740	0.000000	0.013959	0.000000	0.000000	0.000000	0.000256
293	0.616238	0.028079	0.341548	0.000000	0.013898	0.000000	0.000000	0.000000	0.000237
294	0.615933	0.027969	0.342088	0.000000	0.013790	0.000000	0.000000	0.000000	0.000220
295	0.615523	0.028043	0.342306	0.000000	0.013880	0.000000	0.000000	0.000000	0.000248
296	0.615471	0.027899	0.342681	0.000000	0.013702	0.000000	0.000000	0.000000	0.000247
297	0.615642	0.027696	0.342783	0.000000	0.013652	0.000000	0.000000	0.000000	0.000227
298	0.615857	0.027645	0.342628	0.000000	0.013652	0.000000	0.000000	0.000000	0.000218
299	0.615085	0.027587	0.343638	0.000000	0.013499	0.000000	0.000000	0.000000	0.000191
300	0.615241	0.027667	0.343475	0.000000	0.013417	0.000000	0.000000	0.000000	0.000200
301	0.615137	0.027510	0.343803	0.000000	0.013353	0.000000	0.000000	0.000000	0.000197
302	0.615173	0.027776	0.343452	0.000000	0.013417	0.000000	0.000000	0.000000	0.000182
303	0.614780	0.027635	0.344119	0.000000	0.013272	0.000000	0.000000	0.000000	0.000194
304	0.614650	0.027707	0.344305	0.000000	0.013153	0.000000	0.000000	0.000000	0.000185
305	0.614446	0.027627	0.344571	0.000000	0.013184	0.000000	0.000000	0.000000	0.000172
306	0.615089	0.027692	0.343942	0.000000	0.013118	0.000000	0.000000	0.000000	0.000159
307	0.615140	0.027594	0.344068	0.000000	0.013037	0.000000	0.000000	0.000000	0.000161
308	0.614697	0.027701	0.344427	0.000000	0.013040	0.000000	0.000000	0.000000	0.000135
309	0.614771	0.027672	0.344418	0.000000	0.013004	0.000000	0.000000	0.000000	0.000135
310	0.614943	0.027564	0.344398	0.000000	0.012962	0.000000	0.000000	0.000000	0.000133
311	0.615016	0.027697	0.344060	0.000000	0.013102	0.000000	0.000000	0.000000	0.000125
312	0.614787	0.027440	0.344660	0.000000	0.012990	0.000000	0.000000	0.000000	0.000123
313	0.615102	0.027633	0.344215	0.000000	0.012911	0.000000	0.000000	0.000000	0.000139
314	0.615649	0.027444	0.344038	0.000000	0.012736	0.000000	0.000000	0.000000	0.000133
315	0.615977	0.027380	0.343948	0.000000	0.012570	0.000000	0.000000	0.000000	0.000125
316	0.616420	0.027153	0.343669	0.000000	0.012639	0.000000	0.000000	0.000000	0.000119
317	0.616723	0.027227	0.343385	0.000000	0.012538	0.000000	0.000000	0.000000	0.000127
318	0.616860	0.027151	0.343377	0.000000	0.012461	0.000000	0.000000	0.000000	0.000151
319	0.616634	0.027080	0.343763	0.000000	0.012384	0.000000	0.000000	0.000000	0.000139
320	0.617010	0.026952	0.343645	0.000000	0.012271	0.000000	0.000000	0.000000	0.000122
321	0.616971	0.026767	0.343936	0.000000	0.012203	0.000000	0.000000	0.000000	0.000123
322	0.617468	0.026669	0.343493	0.000000	0.012230	0.000000	0.000000	0.000000	0.000140
323	0.617080	0.026688	0.344029	0.000000	0.012054	0.000000	0.000000	0.000000	0.000149
324	0.616747	0.026611	0.344528	0.000000	0.011967	0.000000	0.000000	0.000000	0.000147
325	0.616752	0.026563	0.344677	0.000000	0.011867	0.000000	0.000000	0.000000	0.000141
326	0.617052	0.026500	0.344592	0.000000	0.011719	0.000000	0.000000	0.000000	0.000137
327	0.616526	0.026422	0.345168	0.000000	0.011716	0.000000	0.000000	0.000000	0.000168
328	0.616247	0.026456	0.345589	0.000000	0.011563	0.000000	0.000000	0.000000	0.000145
329	0.616575	0.026583	0.345178	0.000000	0.011512	0.000000	0.000000	0.000000	0.000152
330	0.616828	0.026371	0.345259	0.000000	0.011391	0.000000	0.000000	0.000000	0.000151
331	0.616988	0.026479	0.345057	0.000000	0.011316	0.000000	0.000000	0.000000	0.000160
332	0.617487	0.026410	0.344523	0.000000	0.011419	0.000000	0.000000	0.000000	0.000161
333	0.617606	0.026288	0.344619	0.000000	0.011309	0.000000	0.000000	0.000000	0.000178
334	0.618464	0.026216	0.343950	0.000000	0.011199	0.000000	0.000000	0.000000	0.000171
335	0.617907	0.026105	0.344643	0.000000	0.011180	0.000000	0.000000	0.000000	0.000165
336	0.618626	0.025936	0.344202	0.000000	0.011072	0.000000	0.000000	0.000000	0.000164
337	0.619118	0.026044	0.343663	0.000000	0.011009	0.000000	0.000000	0.000000	0.000166
338	0.619176	0.025900	0.343873	0.000000	0.010893	0.000000	0.000000	0.000000	0.000158
339	0.619920	0.025973	0.342968	0.000000	0.010997	0.000000	0.000000	0.000000	0.000142
340	0.619438	0.026169	0.343312	0.000000	0.010923	0.000000	0.000000	0.000000	0.000158
341	0.619347	0.026097	0.343651	0.000000	0.010752	0.000000	0.000000	0.000000	0.000153
342	0.619372	0.026057	0.343685	0.000000	0.010720	0.000000	0.000000	0.000000	0.000166
343	0.619294	0.025903	0.343820	0.000000	0.010819	0.000000	0.000000	0.000000	0.000164
344	0.619116	0.025751	0.344232	0.000000	0.010763	0.000000	0.000000	0.000000	0.000138
345	0.618577	0.025822	0.344807	0.000000	0.010652	0.000000	0.000000	0.000000	0.000142
346	0.619346	0.025828	0.344050	0.000000	0.010646	0.000000	0.000000	0.000000	0.000130
347	0.619420	0.025841	0.344149	0.000000	0.010456	0.000000	0.000000	0.000000	0.000134
348	0.619742	0.025826	0.343876	0.000000	0.010441	0.000000	0.000000	0.000000	0.000115
349	0.619836	0.025701	0.343886	0.000000	0.010462	0.000000	0.000000	0.000000	0.000115
350	0.620230	0.025671	0.343557	0.000000	0.010433	0.000000	0.000000	0.000000	0.000109
351	0.619671	0.025781	0.344067	0.000000	0.010363	0.000000	0.000000	0.000000	0.000118
352	0.619059	0.025814	0.344753	0.000000	0.010262	0.000000	0.000000	0.000000	0.000112
353	0.619237	0.025670	0.344694	0.000000	0.010303	0.000000	0.000000	0.000000	0.000096
354	0.619659	0.025577	0.344354	0.000000	0.010305	0.000000	0.000000	0.000000	0.000105
355	0.619144	0.025560	0.344889	0.000000	0.010316	0.000000	0.000000	0.000000	0.000091
356	0.619078	0.025363	0.345153	0.000000	0.010339	0.000000	0.000000	0.000000	0.000067
357	0.619520	0.025375	0.344745	0.000000	0.010285	0.000000	0.000000	0.000000	0.000075
358	0.619503	0.025439	0.344753	0.000000	0.010239	0.000000	0.000000	0.000000	0.000066
359	0.620112	0.025300	0.344293	0.000000	0.010229	0.000000	0.000000	0.000000	0.000066
360	0.620090	0.025378	0.344401	0.000000	0.010067	0.000000	0.000000	0.000000	0.000064
361	0.620288	0.025417	0.344229	0.000000	0.010010	0.000000	0.000000	0.000000	0.000056
362	0.620507	0.025228	0.344210	0.000000	0.009990	0.000000	0.000000	0.000000	0.000065
363	0.620451	0.025155	0.344371	0.000000	0.009957	0.000000	0.000000	0.000000	0.000066
364	0.619910	0.025428	0.344615	0.000000	0.009977	0.000000	0.000000	0.000000	0.000070
365	0.619580	0.025522	0.345011	0.000000	0.009814	0.000000	0.000000	0.000000	0.000073
366	0.620421	0.025458	0.344279	0.000000	0.009773	0.000000	0.000000	0.000000	0.000069
367	0.620260	0.025558	0.344459	0.000000	0.009657	0.000000	0.000000	0.000000	0.000066
368	0.620146	0.025612	0.344519	0.000000	0.009658	0.000000	0.000000	0.000000	0.000065
369	0.620396	0.025608	0.344261	0.000000	0.009678	0.000000	0.000000	0.000000	0.000057
370	0.620845	0.025442	0.344283	0.000000	0.009364	0.000000	0.000000	0.000000	0.000066
371	0.620647	0.025383	0.344650	0.000000	0.009256	0.000000	0.000000	0.000000	0.000064
372	0.621047	0.025379	0.344324	0.000000	0.009192	0.000000	0.000000	0.000000	0.000058
373	0.620812	0.025410	0.344555	0.000000	0.009160	0.000000	0.000000	0.000000	0.000063
374	0.620819	0.025486	0.344501	0.000000	0.009135	0.000000	0.000000	0.000000	0.000059
375	0.620491	0.025386	0.345079	0.000000	0.008991	0.000000	0.000000	0.000000	0.000053
376	0.620896	0.025394	0.344704	0.000000	0.008944	0.000000	0.000000	0.000000	0.000062
377	0.620779	0.025458	0.344777	0.000000	0.008927	0.000000	0.000000	0.000000	0.000059
378	0.620959	0.025447	0.344753	0.000000	0.008792	0.000000	0.000000	0.000000	0.000049
379	0.620467	0.025363	0.345372	0.000000	0.008752	0.000000	0.000000	0.000000	0.000046
380	0.620322	0.025322	0.345637	0.000000	0.008681	0.000000	0.000000	0.000000	0.000038
381	0.620334	0.025387	0.345461	0.000000	0.008770	0.000000	0.000000	0.000000	0.000048
382	0.619713	0.025635	0.345816	0.000000	0.008798	0.000000	0.000000	0.000000	0.000038
383	0.619734	0.025617	0.345889	0.000000	0.008721	0.000000	0.000000	0.000000	0.000039
384	0.620216	0.025618	0.345410	0.000000	0.008709	0.000000	0.000000	0.000000	0.000047
385	0.620552	0.025508	0.345271	0.000000	0.008623	0.000000	0.000000	0.000000	0.000046
386	0.620052	0.025495	0.345808	0.000000	0.008592	0.000000	0.000000	0.000000	0.000053
387	0.619895	0.025322	0.346129	0.000000	0.008607	0.000000	0.000000	0.000000	0.000047
388	0.619064	0.025496	0.346752	0.000000	0.008637	0.000000	0.000000	0.000000	0.000051
389	0.618620	0.025395	0.347414	0.000000	0.008524	0.000000	0.000000	0.000000	0.000047
390	0.618213	0.025495	0.347714	0.000000	0.008532	0.000000	0.000000	0.000000	0.000046
391	0.618505	0.025343	0.347669	0.000000	0.008436	0.000000	0.000000	0.000000	0.000047
392	0.618510	0.025402	0.347705	0.000000	0.008342	0.000000	0.000000	0.000000	0.000041
393	0.617803	0.025486	0.348289	0.000000	0.008388	0.000000	0.000000	0.000000	0.000034
394	0.618032	0.025403	0.348215	0.000000	0.008321	0.000000	0.000000	0.000000	0.000029
395	0.617614	0.025405	0.348521	0.000000	0.008426	0.000000	0.000000	0.000000	0.000034
396	0.617352	0.025524	0.348747	0.000000	0.008341	0.000000	0.000000	0.000000	0.000036
397	0.617463	0.025753	0.348504	0.000000	0.008242	0.000000	0.000000	0.000000	0.000038
398	0.618049	0.025600	0.348101	0.000000	0.008217	0.000000	0.000000	0.000000	0.000033
399	0.618332	0.025607	0.347821	0.000000	0.008208	0.000000	0.000000	0.000000	0.000032
400	0.618118	0.025726	0.347960	0.000000	0.008166	0.000000	0.000000	0.000000	0.000030
401	0.618256	0.025659	0.348011	0.000000	0.008048	0.000000	0.000000	0.000000	0.000026
402	0.618393	0.025566	0.348005	0.000000	0.008009	0.000000	0.000000	0.000000	0.000027
403	0.618094	0.025463	0.348488	0.000000	0.007936	0.000000	0.000000	0.000000	0.000019
404	0.617987	0.025536	0.348603	0.000000	0.007857	0.000000	0.000000	0.000000	0.000017
405	0.618142	0.025424	0.348592	0.000000	0.007826	0.000000	0.000000	0.000000	0.000016
406	0.618488	0.025596	0.348062	0.000000	0.007836	0.000000	0.000000	0.000000	0.000018
407	0.618769	0.025484	0.348039	0.000000	0.007685	0.000000	0.000000	0.000000	0.000023
408	0.619519	0.025546	0.347200	0.000000	0.007719	0.000000	0.000000	0.000000	0.000016
409	0.619423	0.025469	0.347375	0.000000	0.007714	0.000000	0.000000	0.000000	0.000019
410	0.619867	0.025117	0.347312	0.000000	0.007696	0.000000	0.000000	0.000000	0.000008
411	0.620142	0.025021	0.347191	0.000000	0.007632	0.000000	0.000000	0.000000	0.000014
412	0.620240	0.025107	0.346986	0.000000	0.007654	0.000000	0.000000	0.000000	0.000013
413	0.620097	0.025115	0.347191	0.000000	0.007581	0.000000	0.000000	0.000000	0.000016
414	0.620346	0.024999	0.347078	0.000000	0.007561	0.000000	0.000000	0.000000	0.000016
415	0.620586	0.025188	0.346654	0.000000	0.007561	0.000000	0.000000	0.000000	0.000011
416	0.620401	0.025282	0.346746	0.000000	0.007555	0.000000	0.000000	0.000000	0.000016
417	0.621039	0.025253	0.346210	0.000000	0.007482	0.000000	0.000000	0.000000	0.000016
418	0.621321	0.025191	0.345978	0.000000	0.007494	0.000000	0.000000	0.000000	0.000016
419	0.620929	0.025214	0.346296	0.000000	0.007543	0.000000	0.000000	0.000000	0.000018
420	0.620979	0.025113	0.346336	0.000000	0.007547	0.000000	0.000000	0.000000	0.000025
421	0.620858	0.025226	0.346394	0.000000	0.007497	0.000000	0.000000	0.000000	0.000025
422	0.620997	0.025519	0.345963	0.000000	0.007505	0.000000	0.000000	0.000000	0.000016
423	0.620888	0.025396	0.346193	0.000000	0.007509	0.000000	0.000000	0.000000	0.000014
424	0.620819	0.025354	0.346370	0.000000	0.007439	0.000000	0.000000	0.000000	0.000018
425	0.620388	0.025242	0.346940	0.000000	0.007412	0.000000	0.000000	0.000000	0.000018
426	0.620443	0.025206	0.346996	0.000000	0.007341	0.000000	0.000000	0.000000	0.000014
427	0.620523	0.025295	0.346927	0.000000	0.007239	0.000000	0.000000	0.000000	0.000016
428	0.620738	0.025446	0.346661	0.000000	0.007140	0.000000	0.000000	0.000000	0.000015
429	0.620814	0.025184	0.346885	0.000000	0.007106	0.000000	0.000000	0.000000	0.000011
430	0.621329	0.025130	0.346416	0.000000	0.007111	0.000000	0.000000	0.000000	0.000014
431	0.621338	0.024949	0.346647	0.000000	0.007053	0.000000	0.000000	0.000000	0.000013
432	0.621240	0.024988	0.346785	0.000000	0.006974	0.000000	0.000000	0.000000	0.000013
433	0.620885	0.025153	0.346992	0.000000	0.006950	0.000000	0.000000	0.000000	0.000020
434	0.621179	0.025042	0.346829	0.000000	0.006930	0.000000	0.000000	0.000000	0.000020
435	0.621228	0.024950	0.346865	0.000000	0.006938	0.000000	0.000000	0.000000	0.000019
436	0.621666	0.024730	0.346689	0.000000	0.006895	0.000000	0.000000	0.000000	0.000020
437	0.621811	0.024776	0.346573	0.000000	0.006820	0.000000	0.000000	0.000000	0.000020
438	0.621688	0.024407	0.347061	0.000000	0.006831	0.000000	0.000000	0.000000	0.000013
439	0.621813	0.024115	0.347204	0.000000	0.006852	0.000000	0.000000	0.000000	0.000016
440	0.621776	0.024208	0.347176	0.000000	0.006828	0.000000	0.000000	0.000000	0.000012
441	0.621548	0.024167	0.347580	0.000000	0.006695	0.000000	0.000000	0.000000	0.000010
442	0.621243	0.024147	0.347893	0.000000	0.006698	0.000000	0.000000	0.000000	0.000019
443	0.621437	0.024274	0.347614	0.000000	0.006652	0.000000	0.000000	0.000000	0.000023
444	0.621596	0.024150	0.347652	0.000000	0.006579	0.000000	0.000000	0.000000	0.000023
445	0.622003	0.024280	0.347093	0.000000	0.006607	0.000000	0.000000	0.000000	0.000017
446	0.621937	0.024261	0.347130	0.000000	0.006650	0.000000	0.000000	0.000000	0.000022
447	0.622020	0.024356	0.346969	0.000000	0.006638	0.000000	0.000000	0.000000	0.000017
448	0.621997	0.024305	0.346985	0.000000	0.006700	0.000000	0.000000	0.000000	0.000013
449	0.621847	0.024290	0.347276	0.000000	0.006577	0.000000	0.000000	0.000000	0.000010
450	0.621927	0.024438	0.347070	0.000000	0.006554	0.000000	0.000000	0.000000	0.000011
451	0.622671	0.024320	0.346434	0.000000	0.006564	0.000000	0.000000	0.000000	0.000011
452	0.622939	0.024123	0.346456	0.000000	0.006473	0.000000	0.000000	0.000000	0.000009
453	0.622757	0.024079	0.346671	0.000000	0.006483	0.000000	0.000000	0.000000	0.000010
454	0.622070	0.024358	0.347000	0.000000	0.006561	0.000000	0.000000	0.000000	0.000011
455	0.622674	0.024323	0.346531	0.000000	0.006460	0.000000	0.000000	0.000000	0.000012
456	0.623500	0.024254	0.345839	0.000000	0.006393	0.000000	0.000000	0.000000	0.000014
457	0.622977	0.024011	0.346639	0.000000	0.006359	0.000000	0.000000	0.000000	0.000014
458	0.623449	0.023831	0.346429	0.000000	0.006281	0.000000	0.000000	0.000000	0.000010
459	0.623251	0.023821	0.346638	0.000000	0.006278	0.000000	0.000000	0.000000	0.000012
460	0.623130	0.023810	0.346780	0.000000	0.006267	0.000000	0.000000	0.000000	0.000013
461	0.622821	0.023903	0.347016	0.000000	0.006247	0.000000	0.000000	0.000000	0.000013
462	0.622622	0.023854	0.347370	0.000000	0.006141	0.000000	0.000000	0.000000	0.000013
463	0.622398	0.023710	0.347746	0.000000	0.006134	0.000000	0.000000	0.000000	0.000012
464	0.622752	0.023808	0.347311	0.000000	0.006114	0.000000	0.000000	0.000000	0.000015
465	0.622386	0.023795	0.347768	0.000000	0.006040	0.000000	0.000000	0.000000	0.000011
466	0.622466	0.023694	0.347854	0.000000	0.005981	0.000000	0.000000	0.000000	0.000005
467	0.622602	0.023360	0.348084	0.000000	0.005951	0.000000	0.000000	0.000000	0.000003
468	0.622673	0.023401	0.347926	0.000000	0.005993	0.000000	0.000000	0.000000	0.000007
469	0.622835	0.023229	0.347941	0.000000	0.005990	0.000000	0.000000	0.000000	0.000005
470	0.622746	0.023126	0.348185	0.000000	0.005932	0.000000	0.000000	0.000000	0.000011
