0	0.290663	0.057897	0.229473	0.157588	0.029913	0.111872	0.085455	0.012259	0.024880
1	0.221324	0.045860	0.191659	0.146618	0.029981	0.125502	0.122584	0.023482	0.092990
2	0.213004	0.042959	0.183268	0.146782	0.031956	0.126241	0.126425	0.023911	0.105454
3	0.209776	0.041179	0.177600	0.148461	0.034506	0.125095	0.127133	0.023295	0.112955
4	0.207688	0.039239	0.171932	0.149606	0.037452	0.123400	0.127368	0.022649	0.120666
5	0.206574	0.037506	0.166983	0.150644	0.040514	0.121138	0.127061	0.021929	0.127651
6	0.205617	0.035641	0.162497	0.151438	0.043887	0.118843	0.126377	0.020944	0.134756
7	0.205542	0.033999	0.157425	0.152482	0.047551	0.115920	0.125557	0.020213	0.141311
8	0.205375	0.032034	0.152362	0.153135	0.051726	0.113612	0.124863	0.019360	0.147533
9	0.205446	0.030242	0.147746	0.153262	0.055684	0.110707	0.123459	0.018594	0.154860
10	0.205767	0.028608	0.142906	0.153703	0.060207	0.107902	0.121768	0.017770	0.161369
11	0.205528	0.026680	0.137516	0.154661	0.065032	0.104971	0.120354	0.016718	0.168540
12	0.204963	0.025331	0.132958	0.154463	0.069562	0.102117	0.118933	0.015887	0.175786
13	0.204382	0.023764	0.128484	0.154936	0.074336	0.099083	0.117242	0.015373	0.182400
14	0.203500	0.022384	0.123788	0.155187	0.079533	0.096158	0.115867	0.014810	0.188773
15	0.203300	0.021044	0.118553	0.155159	0.085330	0.092977	0.114246	0.013948	0.195443
16	0.202363	0.019786	0.113969	0.155574	0.090523	0.090510	0.112398	0.013159	0.201718
17	0.201681	0.018287	0.109309	0.155270	0.096451	0.087539	0.110663	0.012473	0.208327
18	0.201229	0.017183	0.105126	0.155523	0.101835	0.085329	0.108412	0.011917	0.213446
19	0.199710	0.016045	0.100514	0.155601	0.108066	0.082232	0.106544	0.011360	0.219928
20	0.198490	0.015349	0.096319	0.155277	0.114795	0.079354	0.104673	0.010693	0.225050
21	0.197782	0.014313	0.091820	0.155184	0.120989	0.076201	0.102695	0.010127	0.230889
22	0.196570	0.013520	0.087858	0.155041	0.127608	0.073589	0.100165	0.009581	0.236068
23	0.195129	0.012684	0.084163	0.155095	0.134365	0.070469	0.098403	0.009031	0.240661
24	0.193899	0.011893	0.080131	0.155323	0.141342	0.067804	0.095896	0.008578	0.245134
25	0.192237	0.011128	0.076298	0.155245	0.148929	0.065207	0.093591	0.008044	0.249321
26	0.190585	0.010492	0.072885	0.154759	0.156463	0.062664	0.091400	0.007725	0.253027
27	0.187577	0.009914	0.069652	0.154998	0.164148	0.060313	0.088829	0.007247	0.257322
28	0.186044	0.009257	0.066145	0.154702	0.171887	0.058083	0.086611	0.006836	0.260435
29	0.183612	0.008648	0.062377	0.154536	0.179886	0.055948	0.084044	0.006551	0.264398
30	0.181477	0.008088	0.059243	0.153581	0.188556	0.053961	0.081461	0.006262	0.267371
31	0.179045	0.007529	0.056096	0.153438	0.197033	0.051763	0.079439	0.005827	0.269830
32	0.176348	0.007100	0.053230	0.152470	0.205876	0.050048	0.077372	0.005365	0.272191
33	0.173838	0.006512	0.050937	0.152682	0.214746	0.048096	0.074787	0.005080	0.273322
34	0.171001	0.005946	0.048246	0.152417	0.223967	0.046375	0.072252	0.004829	0.274967
35	0.168392	0.005513	0.045683	0.152777	0.232862	0.044765	0.069327	0.004600	0.276081
36	0.165692	0.005118	0.042997	0.152130	0.242474	0.042858	0.067230	0.004304	0.277197
37	0.162533	0.004773	0.040798	0.151875	0.252031	0.041355	0.064903	0.004031	0.277701
38	0.159203	0.004467	0.038890	0.151555	0.261565	0.039900	0.062483	0.003802	0.278135
39	0.156583	0.004110	0.036581	0.151258	0.271743	0.038400	0.059695	0.003549	0.278081
40	0.153519	0.003827	0.034531	0.150359	0.281771	0.037172	0.057758	0.003298	0.277765
41	0.150479	0.003553	0.032511	0.149968	0.291876	0.035895	0.055545	0.003096	0.277077
42	0.147030	0.003325	0.030228	0.149984	0.302266	0.034839	0.053391	0.002872	0.276065
43	0.143338	0.003087	0.028342	0.149722	0.312881	0.033622	0.051259	0.002621	0.275128
44	0.140011	0.002918	0.026635	0.149599	0.323472	0.032391	0.049466	0.002423	0.273085
45	0.136081	0.002675	0.025151	0.149819	0.333627	0.031459	0.047258	0.002255	0.271675
46	0.132570	0.002545	0.023420	0.150205	0.344078	0.030299	0.045105	0.002098	0.269680
47	0.129114	0.002372	0.021939	0.150081	0.355027	0.028985	0.043107	0.001943	0.267432
48	0.125351	0.002187	0.020471	0.150218	0.365571	0.027920	0.041311	0.001838	0.265133
49	0.122218	0.002025	0.018899	0.150041	0.375871	0.027140	0.039328	0.001685	0.262793
50	0.118457	0.001867	0.017542	0.149996	0.386777	0.026544	0.037589	0.001604	0.259624
51	0.114720	0.001706	0.016383	0.150513	0.397571	0.025903	0.035643	0.001566	0.255995
52	0.111357	0.001527	0.015149	0.150188	0.407870	0.025524	0.034220	0.001433	0.252732
53	0.107696	0.001379	0.014063	0.150608	0.418881	0.024768	0.032628	0.001382	0.248595
54	0.104441	0.001294	0.013117	0.150431	0.429513	0.024160	0.031144	0.001288	0.244612
55	0.100789	0.001203	0.012243	0.150751	0.440453	0.023461	0.029342	0.001188	0.240570
56	0.097067	0.001128	0.011409	0.151116	0.450553	0.023027	0.027954	0.001180	0.236566
57	0.093528	0.001034	0.010675	0.150826	0.461105	0.022584	0.026350	0.001116	0.232782
58	0.090488	0.000922	0.009816	0.151164	0.471315	0.022233	0.024988	0.001017	0.228057
59	0.086888	0.000850	0.009086	0.151127	0.481892	0.021920	0.023575	0.000976	0.223686
60	0.083734	0.000793	0.008309	0.151257	0.492055	0.021660	0.022135	0.000927	0.219130
61	0.080208	0.000679	0.007543	0.151638	0.502428	0.021112	0.021060	0.000841	0.214491
62	0.076581	0.000638	0.007024	0.151779	0.512514	0.020783	0.020025	0.000763	0.209893
63	0.073025	0.000549	0.006449	0.152222	0.522575	0.020280	0.018967	0.000702	0.205231
64	0.070150	0.000491	0.005982	0.152413	0.532433	0.020013	0.017966	0.000652	0.199900
65	0.067108	0.000444	0.005478	0.152490	0.542558	0.019520	0.016786	0.000601	0.195015
66	0.063988	0.000397	0.005130	0.152441	0.552562	0.019176	0.015754	0.000509	0.190043
67	0.061014	0.000357	0.004690	0.152961	0.561979	0.018915	0.014773	0.000458	0.184853
68	0.058090	0.000347	0.004256	0.153048	0.571569	0.018418	0.013984	0.000413	0.179875
69	0.055148	0.000278	0.003905	0.153790	0.580642	0.018311	0.013243	0.000378	0.174305
70	0.052651	0.000269	0.003574	0.154054	0.589788	0.017855	0.012434	0.000328	0.169047
71	0.049993	0.000248	0.003295	0.154190	0.598639	0.017662	0.011590	0.000342	0.164041
72	0.047612	0.000208	0.003041	0.154210	0.607355	0.017500	0.011027	0.000281	0.158766
73	0.044899	0.000173	0.002761	0.155148	0.615841	0.017121	0.010298	0.000247	0.153512
74	0.042727	0.000171	0.002475	0.155557	0.624233	0.016744	0.009726	0.000239	0.148128
75	0.040300	0.000142	0.002300	0.155424	0.632437	0.016757	0.009124	0.000217	0.143299
76	0.038197	0.000119	0.002063	0.155674	0.640272	0.016449	0.008566	0.000205	0.138455
77	0.036180	0.000114	0.001911	0.155415	0.648689	0.016341	0.008027	0.000198	0.133125
78	0.034136	0.000102	0.001747	0.156288	0.655688	0.016127	0.007345	0.000168	0.128399
79	0.032066	0.000089	0.001648	0.156673	0.662696	0.015968	0.006962	0.000161	0.123737
80	0.030105	0.000078	0.001474	0.157313	0.669733	0.015836	0.006474	0.000147	0.118840
81	0.028476	0.000070	0.001344	0.157509	0.676514	0.015623	0.006054	0.000144	0.114266
82	0.026770	0.000056	0.001243	0.157758	0.683328	0.015565	0.005679	0.000121	0.109480
83	0.025196	0.000047	0.001086	0.158045	0.689796	0.015541	0.005287	0.000120	0.104882
84	0.023830	0.000033	0.000969	0.158310	0.695989	0.015432	0.004914	0.000108	0.100415
85	0.022496	0.000030	0.000858	0.158397	0.702082	0.015273	0.004545	0.000094	0.096225
86	0.020873	0.000025	0.000767	0.159348	0.707446	0.015325	0.004229	0.000077	0.091910
87	0.019588	0.000022	0.000642	0.159545	0.712969	0.015244	0.003883	0.000065	0.088042
88	0.018316	0.000022	0.000544	0.159821	0.718489	0.015047	0.003510	0.000069	0.084182
89	0.017257	0.000017	0.000495	0.160146	0.723486	0.014996	0.003172	0.000060	0.080371
90	0.015860	0.000011	0.000422	0.160883	0.728318	0.014951	0.002925	0.000066	0.076564
91	0.014756	0.000007	0.000367	0.161047	0.733258	0.014917	0.002672	0.000052	0.072924
92	0.013759	0.000007	0.000306	0.161526	0.737788	0.014787	0.002501	0.000054	0.069272
93	0.012614	0.000008	0.000298	0.162067	0.741976	0.014694	0.002307	0.000054	0.065982
94	0.011720	0.000010	0.000265	0.162460	0.746031	0.014667	0.002109	0.000040	0.062698
95	0.010794	0.000007	0.000235	0.162570	0.749986	0.014754	0.001955	0.000027	0.059672
96	0.009881	0.000009	0.000224	0.162615	0.754089	0.014694	0.001767	0.000028	0.056693
97	0.009075	0.000007	0.000219	0.162875	0.757780	0.014716	0.001626	0.000025	0.053677
98	0.008424	0.000007	0.000214	0.163255	0.761109	0.014536	0.001436	0.000033	0.050986
99	0.007811	0.000007	0.000213	0.163898	0.763728	0.014687	0.001314	0.000026	0.048316
100	0.007238	0.000006	0.000178	0.164167	0.766750	0.014799	0.001198	0.000020	0.045644
101	0.006756	0.000006	0.000172	0.164089	0.770099	0.014676	0.001071	0.000026	0.043105
102	0.006108	0.000005	0.000165	0.164001	0.773105	0.014739	0.000990	0.000022	0.040865
103	0.005609	0.000003	0.000127	0.164114	0.775631	0.014881	0.000867	0.000015	0.038753
104	0.005077	0.000002	0.000119	0.164470	0.778172	0.014822	0.000799	0.000012	0.036527
105	0.004700	0.000001	0.000112	0.164604	0.780544	0.014835	0.000716	0.000009	0.034479
106	0.004363	0.000000	0.000109	0.164497	0.783295	0.014679	0.000683	0.000011	0.032363
107	0.003973	0.000000	0.000109	0.164361	0.785840	0.014712	0.000609	0.000007	0.030389
108	0.003654	0.000000	0.000100	0.164495	0.788087	0.014721	0.000502	0.000010	0.028431
109	0.003306	0.000000	0.000099	0.164610	0.790339	0.014572	0.000447	0.000010	0.026617
110	0.003013	0.000000	0.000085	0.165070	0.791893	0.014601	0.000451	0.000003	0.024884
111	0.002752	0.000000	0.000077	0.164843	0.793862	0.014553	0.000400	0.000001	0.023512
112	0.002528	0.000000	0.000067	0.164988	0.795789	0.014472	0.000359	0.000001	0.021796
113	0.002261	0.000000	0.000067	0.165486	0.797145	0.014521	0.000341	0.000001	0.020178
114	0.002083	0.000000	0.000058	0.165518	0.798590	0.014508	0.000314	0.000000	0.018929
115	0.001927	0.000000	0.000044	0.165541	0.800198	0.014484	0.000267	0.000001	0.017538
116	0.001792	0.000000	0.000042	0.165529	0.801440	0.014469	0.000255	0.000001	0.016472
117	0.001634	0.000000	0.000034	0.165457	0.802822	0.014533	0.000213	0.000001	0.015306
118	0.001500	0.000000	0.000038	0.165129	0.804352	0.014545	0.000184	0.000000	0.014252
119	0.001363	0.000000	0.000036	0.164924	0.805621	0.014419	0.000177	0.000000	0.013460
120	0.001163	0.000000	0.000025	0.164987	0.806658	0.014503	0.000148	0.000000	0.012516
121	0.001060	0.000000	0.000012	0.165102	0.807576	0.014500	0.000137	0.000000	0.011613
122	0.000901	0.000000	0.000015	0.164654	0.808944	0.014476	0.000112	0.000000	0.010898
123	0.000790	0.000000	0.000011	0.164450	0.809957	0.014604	0.000101	0.000000	0.010087
124	0.000730	0.000000	0.000010	0.164572	0.810907	0.014353	0.000092	0.000000	0.009336
125	0.000647	0.000000	0.000005	0.164453	0.811985	0.014308	0.000074	0.000000	0.008528
126	0.000583	0.000000	0.000002	0.164472	0.812432	0.014339	0.000072	0.000000	0.008100
127	0.000528	0.000000	0.000004	0.164421	0.813161	0.014266	0.000072	0.000000	0.007548
128	0.000485	0.000000	0.000006	0.164131	0.814047	0.014206	0.000059	0.000000	0.007066
129	0.000440	0.000000	0.000006	0.164113	0.814674	0.014176	0.000056	0.000000	0.006535
130	0.000403	0.000000	0.000006	0.164541	0.814720	0.014195	0.000051	0.000000	0.006084
131	0.000389	0.000000	0.000004	0.164434	0.815336	0.014199	0.000050	0.000000	0.005588
132	0.000341	0.000000	0.000004	0.163955	0.816453	0.014040	0.000042	0.000000	0.005165
133	0.000316	0.000000	0.000003	0.163656	0.817076	0.014172	0.000044	0.000000	0.004733
134	0.000289	0.000000	0.000004	0.163249	0.817948	0.014068	0.000040	0.000000	0.004402
135	0.000269	0.000000	0.000002	0.163355	0.818314	0.013990	0.000032	0.000000	0.004038
136	0.000220	0.000000	0.000000	0.163521	0.818503	0.013922	0.000037	0.000000	0.003797
137	0.000183	0.000000	0.000000	0.163274	0.819038	0.013943	0.000029	0.000000	0.003533
138	0.000164	0.000000	0.000000	0.163011	0.819504	0.014004	0.000033	0.000000	0.003284
139	0.000161	0.000000	0.000000	0.163620	0.819109	0.014024	0.000026	0.000000	0.003060
140	0.000127	0.000000	0.000000	0.163823	0.819205	0.013996	0.000027	0.000000	0.002822
141	0.000124	0.000000	0.000000	0.163602	0.819650	0.013906	0.000028	0.000000	0.002690
142	0.000114	0.000000	0.000000	0.163513	0.820080	0.013800	0.000028	0.000000	0.002465
143	0.000115	0.000000	0.000000	0.162845	0.820805	0.013897	0.000026	0.000000	0.002312
144	0.000094	0.000000	0.000000	0.163107	0.820796	0.013895	0.000023	0.000000	0.002085
145	0.000076	0.000000	0.000000	0.162530	0.821572	0.013863	0.000022	0.000000	0.001937
146	0.000063	0.000000	0.000000	0.162737	0.821684	0.013718	0.000017	0.000000	0.001781
147	0.000050	0.000000	0.000000	0.162537	0.821812	0.013930	0.000013	0.000000	0.001658
148	0.000047	0.000000	0.000000	0.162481	0.822017	0.013928	0.000012	0.000000	0.001515
149	0.000038	0.000000	0.000000	0.162384	0.822456	0.013716	0.000009	0.000000	0.001397
150	0.000037	0.000000	0.000000	0.162646	0.822243	0.013744	0.000003	0.000000	0.001327
151	0.000033	0.000000	0.000000	0.162874	0.822161	0.013743	0.000000	0.000000	0.001189
152	0.000026	0.000000	0.000000	0.162891	0.822418	0.013576	0.000000	0.000000	0.001089
153	0.000032	0.000000	0.000000	0.163338	0.822097	0.013525	0.000000	0.000000	0.001008
154	0.000026	0.000000	0.000000	0.163583	0.821830	0.013619	0.000000	0.000000	0.000942
155	0.000031	0.000000	0.000000	0.163268	0.822227	0.013620	0.000000	0.000000	0.000854
156	0.000029	0.000000	0.000000	0.163463	0.821810	0.013938	0.000000	0.000000	0.000760
157	0.000027	0.000000	0.000000	0.163818	0.821565	0.013905	0.000000	0.000000	0.000685
158	0.000028	0.000000	0.000000	0.163872	0.821737	0.013729	0.000000	0.000000	0.000634
159	0.000026	0.000000	0.000000	0.163639	0.822062	0.013734	0.000000	0.000000	0.000539
160	0.000025	0.000000	0.000000	0.163521	0.822446	0.013498	0.000000	0.000000	0.000510
161	0.000019	0.000000	0.000000	0.163653	0.822116	0.013719	0.000000	0.000000	0.000493
162	0.000010	0.000000	0.000000	0.163888	0.821915	0.013733	0.000000	0.000000	0.000454
163	0.000010	0.000000	0.000000	0.163812	0.821944	0.013791	0.000000	0.000000	0.000443
164	0.000011	0.000000	0.000000	0.163357	0.822492	0.013748	0.000000	0.000000	0.000392
165	0.000014	0.000000	0.000000	0.163857	0.821986	0.013792	0.000000	0.000000	0.000351
166	0.000016	0.000000	0.000000	0.164418	0.821385	0.013849	0.000000	0.000000	0.000332
167	0.000017	0.000000	0.000000	0.164002	0.821938	0.013736	0.000000	0.000000	0.000307
168	0.000015	0.000000	0.000000	0.163943	0.822142	0.013593	0.000000	0.000000	0.000307
169	0.000014	0.000000	0.000000	0.164350	0.821860	0.013480	0.000000	0.000000	0.000296
170	0.000016	0.000000	0.000000	0.164067	0.822078	0.013562	0.000000	0.000000	0.000277
171	0.000017	0.000000	0.000000	0.163746	0.822395	0.013559	0.000000	0.000000	0.000283
172	0.000013	0.000000	0.000000	0.163867	0.822329	0.013507	0.000000	0.000000	0.000284
173	0.000012	0.000000	0.000000	0.163944	0.822282	0.013478	0.000000	0.000000	0.000284
174	0.000014	0.000000	0.000000	0.163945	0.822235	0.013532	0.000000	0.000000	0.000274
175	0.000010	0.000000	0.000000	0.163726	0.822379	0.013639	0.000000	0.000000	0.000246
176	0.000012	0.000000	0.000000	0.163843	0.822344	0.013564	0.000000	0.000000	0.000237
177	0.000014	0.000000	0.000000	0.164101	0.822166	0.013496	0.000000	0.000000	0.000223
178	0.000016	0.000000	0.000000	0.164047	0.822002	0.013716	0.000000	0.000000	0.000219
179	0.000016	0.000000	0.000000	0.164594	0.821629	0.013559	0.000000	0.000000	0.000202
180	0.000015	0.000000	0.000000	0.164504	0.821616	0.013667	0.000000	0.000000	0.000198
181	0.000019	0.000000	0.000000	0.164398	0.821667	0.013729	0.000000	0.000000	0.000187
182	0.000015	0.000000	0.000000	0.163711	0.822532	0.013565	0.000000	0.000000	0.000177
183	0.000019	0.000000	0.000000	0.163021	0.823059	0.013743	0.000000	0.000000	0.000158
184	0.000021	0.000000	0.000000	0.162994	0.823084	0.013743	0.000000	0.000000	0.000158
185	0.000025	0.000000	0.000000	0.163342	0.822536	0.013934	0.000000	0.000000	0.000163
186	0.000030	0.000000	0.000000	0.163441	0.822455	0.013914	0.000000	0.000000	0.000160
187	0.000032	0.000000	0.000000	0.163269	0.822478	0.014057	0.000000	0.000000	0.000164
188	0.000028	0.000000	0.000000	0.163471	0.822264	0.014079	0.000000	0.000000	0.000158
189	0.000022	0.000000	0.000000	0.163357	0.822359	0.014099	0.000000	0.000000	0.000163
190	0.000024	0.000000	0.000000	0.163137	0.822504	0.014175	0.000000	0.000000	0.000160
191	0.000022	0.000000	0.000000	0.163060	0.822523	0.014234	0.000000	0.000000	0.000161
192	0.000025	0.000000	0.000000	0.162837	0.822772	0.014209	0.000000	0.000000	0.000157
193	0.000020	0.000000	0.000000	0.162939	0.822364	0.014527	0.000000	0.000000	0.000150
194	0.000020	0.000000	0.000000	0.162575	0.822728	0.014510	0.000000	0.000000	0.000167
195	0.000023	0.000000	0.000000	0.162387	0.822984	0.014446	0.000000	0.000000	0.000160
196	0.000018	0.000000	0.000000	0.162366	0.822989	0.014478	0.000000	0.000000	0.000149
197	0.000017	0.000000	0.000000	0.162574	0.822917	0.014345	0.000000	0.000000	0.000147
198	0.000016	0.000000	0.000000	0.162466	0.823201	0.014176	0.000000	0.000000	0.000141
199	0.000016	0.000000	0.000000	0.162434	0.823236	0.014169	0.000000	0.000000	0.000145
200	0.000013	0.000000	0.000000	0.162387	0.823290	0.014166	0.000000	0.000000	0.000144
201	0.000013	0.000000	0.000000	0.162529	0.823115	0.014194	0.000000	0.000000	0.000149
202	0.000007	0.000000	0.000000	0.162431	0.823381	0.014030	0.000000	0.000000	0.000151
203	0.000006	0.000000	0.000000	0.162853	0.822852	0.014131	0.000000	0.000000	0.000158
204	0.000006	0.000000	0.000000	0.162969	0.822764	0.014105	0.000000	0.000000	0.000156
205	0.000007	0.000000	0.000000	0.162690	0.823108	0.014045	0.000000	0.000000	0.000150
206	0.000005	0.000000	0.000000	0.162460	0.823372	0.014015	0.000000	0.000000	0.000148
207	0.000005	0.000000	0.000000	0.162346	0.823382	0.014121	0.000000	0.000000	0.000146
208	0.000008	0.000000	0.000000	0.162482	0.823252	0.014118	0.000000	0.000000	0.000140
209	0.000011	0.000000	0.000000	0.162401	0.823241	0.014199	0.000000	0.000000	0.000148
210	0.000010	0.000000	0.000000	0.161995	0.823776	0.014070	0.000000	0.000000	0.000149
211	0.000007	0.000000	0.000000	0.161811	0.824003	0.014034	0.000000	0.000000	0.000145
212	0.000004	0.000000	0.000000	0.161465	0.824438	0.013948	0.000000	0.000000	0.000145
213	0.000001	0.000000	0.000000	0.161322	0.824430	0.014105	0.000000	0.000000	0.000142
214	0.000001	0.000000	0.000000	0.161492	0.824255	0.014117	0.000000	0.000000	0.000135
215	0.000000	0.000000	0.000000	0.161321	0.824472	0.014084	0.000000	0.000000	0.000123
216	0.000000	0.000000	0.000000	0.161935	0.823902	0.014038	0.000000	0.000000	0.000125
217	0.000000	0.000000	0.000000	0.162206	0.823624	0.014044	0.000000	0.000000	0.000126
218	0.000000	0.000000	0.000000	0.162284	0.823628	0.013968	0.000000	0.000000	0.000120
219	0.000000	0.000000	0.000000	0.162147	0.823778	0.013953	0.000000	0.000000	0.000122
220	0.000000	0.000000	0.000000	0.161720	0.824189	0.013970	0.000000	0.000000	0.000121
221	0.000000	0.000000	0.000000	0.161954	0.824003	0.013926	0.000000	0.000000	0.000117
222	0.000000	0.000000	0.000000	0.161988	0.824051	0.013852	0.000000	0.000000	0.000109
223	0.000000	0.000000	0.000000	0.161813	0.824367	0.013705	0.000000	0.000000	0.000115
224	0.000000	0.000000	0.000000	0.161944	0.824321	0.013618	0.000000	0.000000	0.000117
225	0.000000	0.000000	0.000000	0.161409	0.824757	0.013728	0.000000	0.000000	0.000106
226	0.000000	0.000000	0.000000	0.161383	0.824741	0.013772	0.000000	0.000000	0.000104
227	0.000000	0.000000	0.000000	0.161327	0.824938	0.013629	0.000000	0.000000	0.000106
228	0.000000	0.000000	0.000000	0.161264	0.825047	0.013573	0.000000	0.000000	0.000116
229	0.000000	0.000000	0.000000	0.161566	0.824771	0.013557	0.000000	0.000000	0.000106
230	0.000000	0.000000	0.000000	0.161310	0.824835	0.013753	0.000000	0.000000	0.000102
231	0.000000	0.000000	0.000000	0.161308	0.824923	0.013681	0.000000	0.000000	0.000088
232	0.000000	0.000000	0.000000	0.161549	0.824758	0.013611	0.000000	0.000000	0.000082
233	0.000000	0.000000	0.000000	0.161604	0.824668	0.013652	0.000000	0.000000	0.000076
234	0.000000	0.000000	0.000000	0.161464	0.824793	0.013662	0.000000	0.000000	0.000081
235	0.000000	0.000000	0.000000	0.161331	0.825001	0.013594	0.000000	0.000000	0.000074
236	0.000000	0.000000	0.000000	0.161450	0.824730	0.013739	0.000000	0.000000	0.000081
237	0.000000	0.000000	0.000000	0.161465	0.824614	0.013841	0.000000	0.000000	0.000080
238	0.000000	0.000000	0.000000	0.161764	0.824313	0.013850	0.000000	0.000000	0.000073
239	0.000000	0.000000	0.000000	0.161389	0.824717	0.013827	0.000000	0.000000	0.000067
240	0.000000	0.000000	0.000000	0.161594	0.824497	0.013836	0.000000	0.000000	0.000073
241	0.000000	0.000000	0.000000	0.161109	0.825031	0.013792	0.000000	0.000000	0.000068
242	0.000000	0.000000	0.000000	0.160784	0.825469	0.013679	0.000000	0.000000	0.000068
243	0.000000	0.000000	0.000000	0.160768	0.825433	0.013737	0.000000	0.000000	0.000062
244	0.000000	0.000000	0.000000	0.160973	0.825298	0.013664	0.000000	0.000000	0.000065
245	0.000000	0.000000	0.000000	0.160939	0.825321	0.013680	0.000000	0.000000	0.000060
246	0.000000	0.000000	0.000000	0.160847	0.825401	0.013698	0.000000	0.000000	0.000054
247	0.000000	0.000000	0.000000	0.161038	0.825125	0.013784	0.000000	0.000000	0.000053
248	0.000000	0.000000	0.000000	0.160770	0.825359	0.013821	0.000000	0.000000	0.000050
249	0.000000	0.000000	0.000000	0.160857	0.825100	0.013993	0.000000	0.000000	0.000050
250	0.000000	0.000000	0.000000	0.161089	0.825038	0.013831	0.000000	0.000000	0.000042
251	0.000000	0.000000	0.000000	0.161139	0.824868	0.013956	0.000000	0.000000	0.000037
252	0.000000	0.000000	0.000000	0.161109	0.824989	0.013865	0.000000	0.000000	0.000037
253	0.000000	0.000000	0.000000	0.161147	0.824896	0.013921	0.000000	0.000000	0.000036
254	0.000000	0.000000	0.000000	0.161418	0.824628	0.013916	0.000000	0.000000	0.000038
255	0.000000	0.000000	0.000000	0.161022	0.824953	0.013990	0.000000	0.000000	0.000035
256	0.000000	0.000000	0.000000	0.160907	0.825019	0.014050	0.000000	0.000000	0.000024
257	0.000000	0.000000	0.000000	0.161371	0.824550	0.014057	0.000000	0.000000	0.000022
258	0.000000	0.000000	0.000000	0.161005	0.825120	0.013854	0.000000	0.000000	0.000021
259	0.000000	0.000000	0.000000	0.161296	0.824736	0.013949	0.000000	0.000000	0.000019
260	0.000000	0.000000	0.000000	0.161625	0.824719	0.013637	0.000000	0.000000	0.000019
261	0.000000	0.000000	0.000000	0.161160	0.825049	0.013773	0.000000	0.000000	0.000018
262	0.000000	0.000000	0.000000	0.160772	0.825551	0.013663	0.000000	0.000000	0.000014
263	0.000000	0.000000	0.000000	0.160816	0.825564	0.013610	0.000000	0.000000	0.000010
264	0.000000	0.000000	0.000000	0.160864	0.825280	0.013846	0.000000	0.000000	0.000010
265	0.000000	0.000000	0.000000	0.160877	0.825147	0.013969	0.000000	0.000000	0.000007
266	0.000000	0.000000	0.000000	0.160879	0.825114	0.014001	0.000000	0.000000	0.000006
267	0.000000	0.000000	0.000000	0.161065	0.824954	0.013977	0.000000	0.000000	0.000004
268	0.000000	0.000000	0.000000	0.161301	0.824803	0.013892	0.000000	0.000000	0.000004
269	0.000000	0.000000	0.000000	0.160638	0.825354	0.014006	0.000000	0.000000	0.000002
270	0.000000	0.000000	0.000000	0.160487	0.825439	0.014072	0.000000	0.000000	0.000002
271	0.000000	0.000000	0.000000	0.160517	0.825541	0.013939	0.000000	0.000000	0.000003
272	0.000000	0.000000	0.000000	0.160517	0.825376	0.014107	0.000000	0.000000	0.000000
273	0.000000	0.000000	0.000000	0.160760	0.825195	0.014045	0.000000	0.000000	0.000000
274	0.000000	0.000000	0.000000	0.160808	0.825156	0.014036	0.000000	0.000000	0.000000
275	0.000000	0.000000	0.000000	0.160896	0.825069	0.014035	0.000000	0.000000	0.000000
276	0.000000	0.000000	0.000000	0.160640	0.825415	0.013945	0.000000	0.000000	0.000000
277	0.000000	0.000000	0.000000	0.160407	0.825757	0.013836	0.000000	0.000000	0.000000
278	0.000000	0.000000	0.000000	0.160338	0.825815	0.013847	0.000000	0.000000	0.000000
279	0.000000	0.000000	0.000000	0.160458	0.825649	0.013893	0.000000	0.000000	0.000000
280	0.000000	0.000000	0.000000	0.160399	0.825836	0.013765	0.000000	0.000000	0.000000
281	0.000000	0.000000	0.000000	0.160872	0.825308	0.013820	0.000000	0.000000	0.000000
282	0.000000	0.000000	0.000000	0.161149	0.825041	0.013810	0.000000	0.000000	0.000000
283	0.000000	0.000000	0.000000	0.161442	0.824813	0.013745	0.000000	0.000000	0.000000
284	0.000000	0.000000	0.000000	0.161701	0.824484	0.013815	0.000000	0.000000	0.000000
285	0.000000	0.000000	0.000000	0.161956	0.824135	0.013909	0.000000	0.000000	0.000000
286	0.000000	0.000000	0.000000	0.161660	0.824319	0.014021	0.000000	0.000000	0.000000
287	0.000000	0.000000	0.000000	0.161988	0.823932	0.014080	0.000000	0.000000	0.000000
288	0.000000	0.000000	0.000000	0.162019	0.823787	0.014194	0.000000	0.000000	0.000000
289	0.000000	0.000000	0.000000	0.161730	0.823883	0.014387	0.000000	0.000000	0.000000
290	0.000000	0.000000	0.000000	0.161818	0.823987	0.014195	0.000000	0.000000	0.000000
291	0.000000	0.000000	0.000000	0.161577	0.824277	0.014146	0.000000	0.000000	0.000000
292	0.000000	0.000000	0.000000	0.162054	0.824010	0.013936	0.000000	0.000000	0.000000
293	0.000000	0.000000	0.000000	0.162106	0.823936	0.013958	0.000000	0.000000	0.000000
294	0.000000	0.000000	0.000000	0.162081	0.823930	0.013989	0.000000	0.000000	0.000000
295	0.000000	0.000000	0.000000	0.162277	0.823759	0.013964	0.000000	0.000000	0.000000
296	0.000000	0.000000	0.000000	0.162432	0.823514	0.014054	0.000000	0.000000	0.000000
297	0.000000	0.000000	0.000000	0.162549	0.823325	0.014126	0.000000	0.000000	0.000000
298	0.000000	0.000000	0.000000	0.162700	0.823288	0.014012	0.000000	0.000000	0.000000
299	0.000000	0.000000	0.000000	0.162491	0.823521	0.013988	0.000000	0.000000	0.000000
300	0.000000	0.000000	0.000000	0.162609	0.823452	0.013939	0.000000	0.000000	0.000000
301	0.000000	0.000000	0.000000	0.162673	0.823494	0.013833	0.000000	0.000000	0.000000
302	0.000000	0.000000	0.000000	0.162851	0.823322	0.013827	0.000000	0.000000	0.000000
303	0.000000	0.000000	0.000000	0.162654	0.823591	0.013755	0.000000	0.000000	0.000000
304	0.000000	0.000000	0.000000	0.162698	0.823620	0.013682	0.000000	0.000000	0.000000
305	0.000000	0.000000	0.000000	0.162632	0.823504	0.013864	0.000000	0.000000	0.000000
306	0.000000	0.000000	0.000000	0.163143	0.823001	0.013856	0.000000	0.000000	0.000000
307	0.000000	0.000000	0.000000	0.162917	0.823230	0.013853	0.000000	0.000000	0.000000
308	0.000000	0.000000	0.000000	0.162956	0.823085	0.013959	0.000000	0.000000	0.000000
309	0.000000	0.000000	0.000000	0.162850	0.823181	0.013969	0.000000	0.000000	0.000000
310	0.000000	0.000000	0.000000	0.163036	0.823085	0.013879	0.000000	0.000000	0.000000
311	0.000000	0.000000	0.000000	0.163056	0.823067	0.013877	0.000000	0.000000	0.000000
312	0.000000	0.000000	0.000000	0.163371	0.822713	0.013916	0.000000	0.000000	0.000000
313	0.000000	0.000000	0.000000	0.162872	0.823204	0.013924	0.000000	0.000000	0.000000
314	0.000000	0.000000	0.000000	0.162825	0.823304	0.013871	0.000000	0.000000	0.000000
315	0.000000	0.000000	0.000000	0.163025	0.823000	0.013975	0.000000	0.000000	0.000000
316	0.000000	0.000000	0.000000	0.163378	0.822685	0.013937	0.000000	0.000000	0.000000
317	0.000000	0.000000	0.000000	0.163273	0.822795	0.013932	0.000000	0.000000	0.000000
318	0.000000	0.000000	0.000000	0.163271	0.822780	0.013949	0.000000	0.000000	0.000000
319	0.000000	0.000000	0.000000	0.163526	0.822493	0.013981	0.000000	0.000000	0.000000
320	0.000000	0.000000	0.000000	0.163380	0.822701	0.013919	0.000000	0.000000	0.000000
321	0.000000	0.000000	0.000000	0.163249	0.822798	0.013953	0.000000	0.000000	0.000000
322	0.000000	0.000000	0.000000	0.163031	0.823113	0.013856	0.000000	0.000000	0.000000
323	0.000000	0.000000	0.000000	0.162388	0.823524	0.014088	0.000000	0.000000	0.000000
324	0.000000	0.000000	0.000000	0.163006	0.822928	0.014066	0.000000	0.000000	0.000000
325	0.000000	0.000000	0.000000	0.162721	0.823287	0.013992	0.000000	0.000000	0.000000
326	0.000000	0.000000	0.000000	0.162394	0.823517	0.014089	0.000000	0.000000	0.000000
327	0.000000	0.000000	0.000000	0.162406	0.823440	0.014154	0.000000	0.000000	0.000000
328	0.000000	0.000000	0.000000	0.161765	0.824198	0.014037	0.000000	0.000000	0.000000
329	0.000000	0.000000	0.000000	0.161913	0.824049	0.014038	0.000000	0.000000	0.000000
330	0.000000	0.000000	0.000000	0.162160	0.823637	0.014203	0.000000	0.000000	0.000000
331	0.000000	0.000000	0.000000	0.162238	0.823631	0.014131	0.000000	0.000000	0.000000
332	0.000000	0.000000	0.000000	0.162751	0.823134	0.014115	0.000000	0.000000	0.000000
333	0.000000	0.000000	0.000000	0.162389	0.823559	0.014052	0.000000	0.000000	0.000000
334	0.000000	0.000000	0.000000	0.162571	0.823460	0.013969	0.000000	0.000000	0.000000
335	0.000000	0.000000	0.000000	0.162583	0.823376	0.014041	0.000000	0.000000	0.000000
336	0.000000	0.000000	0.000000	0.162541	0.823399	0.014060	0.000000	0.000000	0.000000
337	0.000000	0.000000	0.000000	0.162451	0.823336	0.014213	0.000000	0.000000	0.000000
338	0.000000	0.000000	0.000000	0.162521	0.823323	0.014156	0.000000	0.000000	0.000000
339	0.000000	0.000000	0.000000	0.162009	0.823836	0.014155	0.000000	0.000000	0.000000
340	0.000000	0.000000	0.000000	0.161877	0.823782	0.014341	0.000000	0.000000	0.000000
341	0.000000	0.000000	0.000000	0.161827	0.823901	0.014272	0.000000	0.000000	0.000000
342	0.000000	0.000000	0.000000	0.161718	0.824134	0.014148	0.000000	0.000000	0.000000
343	0.000000	0.000000	0.000000	0.162460	0.823335	0.014205	0.000000	0.000000	0.000000
344	0.000000	0.000000	0.000000	0.162293	0.823430	0.014277	0.000000	0.000000	0.000000
345	0.000000	0.000000	0.000000	0.162626	0.823068	0.014306	0.000000	0.000000	0.000000
346	0.000000	0.000000	0.000000	0.162326	0.823521	0.014153	0.000000	0.000000	0.000000
347	0.000000	0.000000	0.000000	0.162019	0.823790	0.014191	0.000000	0.000000	0.000000
348	0.000000	0.000000	0.000000	0.162322	0.823475	0.014203	0.000000	0.000000	0.000000
349	0.000000	0.000000	0.000000	0.162062	0.823855	0.014083	0.000000	0.000000	0.000000
350	0.000000	0.000000	0.000000	0.162112	0.823823	0.014065	0.000000	0.000000	0.000000
351	0.000000	0.000000	0.000000	0.162041	0.823905	0.014054	0.000000	0.000000	0.000000
352	0.000000	0.000000	0.000000	0.162159	0.823706	0.014135	0.000000	0.000000	0.000000
353	0.000000	0.000000	0.000000	0.162380	0.823590	0.014030	0.000000	0.000000	0.000000
354	0.000000	0.000000	0.000000	0.162630	0.823330	0.014040	0.000000	0.000000	0.000000
355	0.000000	0.000000	0.000000	0.162308	0.823590	0.014102	0.000000	0.000000	0.000000
356	0.000000	0.000000	0.000000	0.162238	0.823800	0.013962	0.000000	0.000000	0.000000
357	0.000000	0.000000	0.000000	0.161853	0.824087	0.014060	0.000000	0.000000	0.000000
358	0.000000	0.000000	0.000000	0.162142	0.823707	0.014151	0.000000	0.000000	0.000000
359	0.000000	0.000000	0.000000	0.161834	0.824039	0.014127	0.000000	0.000000	0.000000
360	0.000000	0.000000	0.000000	0.161797	0.823962	0.014241	0.000000	0.000000	0.000000
361	0.000000	0.000000	0.000000	0.161440	0.824297	0.014263	0.000000	0.000000	0.000000
362	0.000000	0.000000	0.000000	0.161361	0.824535	0.014104	0.000000	0.000000	0.000000
363	0.000000	0.000000	0.000000	0.161442	0.824472	0.014086	0.000000	0.000000	0.000000
364	0.000000	0.000000	0.000000	0.161693	0.824138	0.014169	0.000000	0.000000	0.000000
365	0.000000	0.000000	0.000000	0.162071	0.823817	0.014112	0.000000	0.000000	0.000000
366	0.000000	0.000000	0.000000	0.162351	0.823603	0.014046	0.000000	0.000000	0.000000
367	0.000000	0.000000	0.000000	0.162635	0.823389	0.013976	0.000000	0.000000	0.000000
368	0.000000	0.000000	0.000000	0.162704	0.823280	0.014016	0.000000	0.000000	0.000000
369	0.000000	0.000000	0.000000	0.162771	0.823115	0.014114	0.000000	0.000000	0.000000
370	0.000000	0.000000	0.000000	0.162928	0.823029	0.014043	0.000000	0.000000	0.000000
371	0.000000	0.000000	0.000000	0.162875	0.823101	0.014024	0.000000	0.000000	0.000000
372	0.000000	0.000000	0.000000	0.162123	0.823897	0.013980	0.000000	0.000000	0.000000
373	0.000000	0.000000	0.000000	0.162160	0.823752	0.014088	0.000000	0.000000	0.000000
374	0.000000	0.000000	0.000000	0.162168	0.823638	0.014194	0.000000	0.000000	0.000000
375	0.000000	0.000000	0.000000	0.161972	0.823780	0.014248	0.000000	0.000000	0.000000
376	0.000000	0.000000	0.000000	0.162176	0.823455	0.014369	0.000000	0.000000	0.000000
377	0.000000	0.000000	0.000000	0.162164	0.823413	0.014423	0.000000	0.000000	0.000000
378	0.000000	0.000000	0.000000	0.161786	0.823725	0.014489	0.000000	0.000000	0.000000
379	0.000000	0.000000	0.000000	0.161872	0.823756	0.014372	0.000000	0.000000	0.000000
380	0.000000	0.000000	0.000000	0.161949	0.823587	0.014464	0.000000	0.000000	0.000000
381	0.000000	0.000000	0.000000	0.161713	0.823872	0.014415	0.000000	0.000000	0.000000
382	0.000000	0.000000	0.000000	0.161476	0.824034	0.014490	0.000000	0.000000	0.000000
383	0.000000	0.000000	0.000000	0.161143	0.824450	0.014407	0.000000	0.000000	0.000000
384	0.000000	0.000000	0.000000	0.161340	0.824336	0.014324	0.000000	0.000000	0.000000
385	0.000000	0.000000	0.000000	0.161664	0.824148	0.014188	0.000000	0.000000	0.000000
386	0.000000	0.000000	0.000000	0.161919	0.823625	0.014456	0.000000	0.000000	0.000000
387	0.000000	0.000000	0.000000	0.162119	0.823543	0.014338	0.000000	0.000000	0.000000
388	0.000000	0.000000	0.000000	0.162471	0.823279	0.014250	0.000000	0.000000	0.000000
389	0.000000	0.000000	0.000000	0.162387	0.823415	0.014198	0.000000	0.000000	0.000000
390	0.000000	0.000000	0.000000	0.162665	0.823078	0.014257	0.000000	0.000000	0.000000
391	0.000000	0.000000	0.000000	0.162589	0.823166	0.014245	0.000000	0.000000	0.000000
392	0.000000	0.000000	0.000000	0.162102	0.823652	0.014246	0.000000	0.000000	0.000000
393	0.000000	0.000000	0.000000	0.162371	0.823383	0.014246	0.000000	0.000000	0.000000
394	0.000000	0.000000	0.000000	0.162251	0.823436	0.014313	0.000000	0.000000	0.000000
395	0.000000	0.000000	0.000000	0.162490	0.823387	0.014123	0.000000	0.000000	0.000000
396	0.000000	0.000000	0.000000	0.162215	0.823606	0.014179	0.000000	0.000000	0.000000
397	0.000000	0.000000	0.000000	0.162027	0.823781	0.014192	0.000000	0.000000	0.000000
398	0.000000	0.000000	0.000000	0.161819	0.824017	0.014164	0.000000	0.000000	0.000000
399	0.000000	0.000000	0.000000	0.161674	0.824350	0.013976	0.000000	0.000000	0.000000
400	0.000000	0.000000	0.000000	0.162078	0.823963	0.013959	0.000000	0.000000	0.000000
401	0.000000	0.000000	0.000000	0.161995	0.823942	0.014063	0.000000	0.000000	0.000000
402	0.000000	0.000000	0.000000	0.161862	0.824058	0.014080	0.000000	0.000000	0.000000
403	0.000000	0.000000	0.000000	0.161751	0.824462	0.013787	0.000000	0.000000	0.000000
404	0.000000	0.000000	0.000000	0.162348	0.823786	0.013866	0.000000	0.000000	0.000000
405	0.000000	0.000000	0.000000	0.162027	0.824129	0.013844	0.000000	0.000000	0.000000
406	0.000000	0.000000	0.000000	0.162265	0.823773	0.013962	0.000000	0.000000	0.000000
407	0.000000	0.000000	0.000000	0.162143	0.824030	0.013827	0.000000	0.000000	0.000000
408	0.000000	0.000000	0.000000	0.162055	0.824233	0.013712	0.000000	0.000000	0.000000
409	0.000000	0.000000	0.000000	0.162306	0.823849	0.013845	0.000000	0.000000	0.000000
410	0.000000	0.000000	0.000000	0.162169	0.824083	0.013748	0.000000	0.000000	0.000000
411	0.000000	0.000000	0.000000	0.162316	0.824040	0.013644	0.000000	0.000000	0.000000
412	0.000000	0.000000	0.000000	0.162146	0.824123	0.013731	0.000000	0.000000	0.000000
413	0.000000	0.000000	0.000000	0.162123	0.824037	0.013840	0.000000	0.000000	0.000000
414	0.000000	0.000000	0.000000	0.162535	0.823627	0.013838	0.000000	0.000000	0.000000
415	0.000000	0.000000	0.000000	0.162250	0.823849	0.013901	0.000000	0.000000	0.000000
416	0.000000	0.000000	0.000000	0.162719	0.823387	0.013894	0.000000	0.000000	0.000000
417	0.000000	0.000000	0.000000	0.162419	0.823691	0.013890	0.000000	0.000000	0.000000
418	0.000000	0.000000	0.000000	0.162813	0.823602	0.013585	0.000000	0.000000	0.000000
419	0.000000	0.000000	0.000000	0.163277	0.823202	0.013521	0.000000	0.000000	0.000000
420	0.000000	0.000000	0.000000	0.163361	0.822879	0.013760	0.000000	0.000000	0.000000
421	0.000000	0.000000	0.000000	0.163336	0.822859	0.013805	0.000000	0.000000	0.000000
422	0.000000	0.000000	0.000000	0.163515	0.822763	0.013722	0.000000	0.000000	0.000000
423	0.000000	0.000000	0.000000	0.163457	0.823020	0.013523	0.000000	0.000000	0.000000
424	0.000000	0.000000	0.000000	0.163584	0.822762	0.013654	0.000000	0.000000	0.000000
425	0.000000	0.000000	0.000000	0.163390	0.822963	0.013647	0.000000	0.000000	0.000000
426	0.000000	0.000000	0.000000	0.163840	0.822536	0.013624	0.000000	0.000000	0.000000
427	0.000000	0.000000	0.000000	0.163595	0.822891	0.013514	0.000000	0.000000	0.000000
428	0.000000	0.000000	0.000000	0.163736	0.822734	0.013530	0.000000	0.000000	0.000000
429	0.000000	0.000000	0.000000	0.163396	0.823269	0.013335	0.000000	0.000000	0.000000
430	0.000000	0.000000	0.000000	0.163255	0.823524	0.013221	0.000000	0.000000	0.000000
431	0.000000	0.000000	0.000000	0.162935	0.823740	0.013325	0.000000	0.000000	0.000000
432	0.000000	0.000000	0.000000	0.163068	0.823721	0.013211	0.000000	0.000000	0.000000
433	0.000000	0.000000	0.000000	0.163122	0.823657	0.013221	0.000000	0.000000	0.000000
434	0.000000	0.000000	0.000000	0.163363	0.823374	0.013263	0.000000	0.000000	0.000000
435	0.000000	0.000000	0.000000	0.163805	0.823006	0.013189	0.000000	0.000000	0.000000
436	0.000000	0.000000	0.000000	0.163998	0.822696	0.013306	0.000000	0.000000	0.000000
437	0.000000	0.000000	0.000000	0.164068	0.822730	0.013202	0.000000	0.000000	0.000000
438	0.000000	0.000000	0.000000	0.164345	0.822464	0.013191	0.000000	0.000000	0.000000
439	0.000000	0.000000	0.000000	0.164548	0.822198	0.013254	0.000000	0.000000	0.000000
440	0.000000	0.000000	0.000000	0.164098	0.822500	0.013402	0.000000	0.000000	0.000000
441	0.000000	0.000000	0.000000	0.164510	0.822206	0.013284	0.000000	0.000000	0.000000
442	0.000000	0.000000	0.000000	0.164165	0.822535	0.013300	0.000000	0.000000	0.000000
443	0.000000	0.000000	0.000000	0.163855	0.822797	0.013348	0.000000	0.000000	0.000000
444	0.000000	0.000000	0.000000	0.163937	0.822773	0.013290	0.000000	0.000000	0.000000
445	0.000000	0.000000	0.000000	0.164213	0.822526	0.013261	0.000000	0.000000	0.000000
446	0.000000	0.000000	0.000000	0.163984	0.822709	0.013307	0.000000	0.000000	0.000000
447	0.000000	0.000000	0.000000	0.164099	0.822702	0.013199	0.000000	0.000000	0.000000
448	0.000000	0.000000	0.000000	0.164098	0.822592	0.013310	0.000000	0.000000	0.000000
449	0.000000	0.000000	0.000000	0.164275	0.822671	0.013054	0.000000	0.000000	0.000000
450	0.000000	0.000000	0.000000	0.163926	0.822817	0.013257	0.000000	0.000000	0.000000
451	0.000000	0.000000	0.000000	0.164197	0.822583	0.013220	0.000000	0.000000	0.000000
452	0.000000	0.000000	0.000000	0.163874	0.822902	0.013224	0.000000	0.000000	0.000000
453	0.000000	0.000000	0.000000	0.163848	0.822868	0.013284	0.000000	0.000000	0.000000
454	0.000000	0.000000	0.000000	0.163653	0.823049	0.013298	0.000000	0.000000	0.000000
455	0.000000	0.000000	0.000000	0.163420	0.823282	0.013298	0.000000	0.000000	0.000000
456	0.000000	0.000000	0.000000	0.163323	0.823476	0.013201	0.000000	0.000000	0.000000
457	0.000000	0.000000	0.000000	0.163261	0.823394	0.013345	0.000000	0.000000	0.000000
458	0.000000	0.000000	0.000000	0.162984	0.823844	0.013172	0.000000	0.000000	0.000000
459	0.000000	0.000000	0.000000	0.162996	0.823874	0.013130	0.000000	0.000000	0.000000
460	0.000000	0.000000	0.000000	0.163186	0.823545	0.013269	0.000000	0.000000	0.000000
461	0.000000	0.000000	0.000000	0.162955	0.823876	0.013169	0.000000	0.000000	0.000000
462	0.000000	0.000000	0.000000	0.163279	0.823461	0.013260	0.000000	0.000000	0.000000
463	0.000000	0.000000	0.000000	0.163351	0.823467	0.013182	0.000000	0.000000	0.000000
464	0.000000	0.000000	0.000000	0.163880	0.822959	0.013161	0.000000	0.000000	0.000000
465	0.000000	0.000000	0.000000	0.163882	0.823027	0.013091	0.000000	0.000000	0.000000
466	0.000000	0.000000	0.000000	0.163806	0.823159	0.013035	0.000000	0.000000	0.000000
467	0.000000	0.000000	0.000000	0.163871	0.823113	0.013016	0.000000	0.000000	0.000000
468	0.000000	0.000000	0.000000	0.164287	0.822617	0.013096	0.000000	0.000000	0.000000
469	0.000000	0.000000	0.000000	0.164092	0.822967	0.012941	0.000000	0.000000	0.000000
470	0.000000	0.000000	0.000000	0.164260	0.822731	0.013009	0.000000	0.000000	0.000000
