0	0.290663	0.057897	0.229473	0.157588	0.029913	0.111872	0.085455	0.012259	0.024880
1	0.223717	0.046878	0.194454	0.141278	0.028980	0.121666	0.124615	0.023992	0.094420
2	0.217407	0.044847	0.187954	0.137359	0.029758	0.118239	0.131066	0.024935	0.108435
3	0.216338	0.043531	0.184403	0.133842	0.031354	0.114168	0.133519	0.024972	0.117873
4	0.216965	0.042140	0.180678	0.130694	0.033242	0.110269	0.135041	0.024503	0.126468
5	0.218801	0.041071	0.177132	0.127740	0.035273	0.105173	0.136417	0.023979	0.134414
6	0.220821	0.039537	0.172952	0.124606	0.037553	0.100449	0.137415	0.023521	0.143146
7	0.223271	0.038482	0.168384	0.121468	0.039912	0.095852	0.138436	0.023150	0.151045
8	0.225482	0.037157	0.163887	0.119569	0.042635	0.091364	0.138389	0.022503	0.159014
9	0.227287	0.036052	0.159424	0.116891	0.045568	0.087096	0.138836	0.021885	0.166961
10	0.229329	0.034749	0.155353	0.115123	0.048562	0.082677	0.138524	0.021100	0.174583
11	0.231688	0.033421	0.150803	0.113544	0.051518	0.078724	0.137722	0.020599	0.181981
12	0.233419	0.032430	0.146895	0.111293	0.054397	0.074769	0.137378	0.019822	0.189597
13	0.235501	0.031406	0.142268	0.109076	0.058066	0.071135	0.136182	0.019082	0.197284
14	0.237820	0.030304	0.137328	0.106849	0.061873	0.067180	0.135275	0.018533	0.204838
15	0.239571	0.029273	0.133039	0.104942	0.065702	0.063375	0.134012	0.018120	0.211966
16	0.241465	0.028089	0.128790	0.102442	0.070232	0.060465	0.132403	0.017469	0.218645
17	0.243026	0.026925	0.124265	0.100354	0.074413	0.057201	0.131034	0.016926	0.225856
18	0.244963	0.026048	0.119300	0.098417	0.079064	0.054295	0.129197	0.016220	0.232496
19	0.245297	0.024946	0.115626	0.096677	0.083751	0.051580	0.127280	0.015381	0.239462
20	0.246442	0.024203	0.111510	0.094445	0.088441	0.048829	0.125419	0.014816	0.245895
21	0.246921	0.023295	0.107161	0.092964	0.093773	0.046155	0.123307	0.014202	0.252222
22	0.247495	0.022507	0.103005	0.091221	0.099103	0.043669	0.121034	0.013734	0.258232
23	0.248139	0.021601	0.099071	0.089709	0.104398	0.041133	0.118588	0.013150	0.264211
24	0.248340	0.020722	0.095505	0.087996	0.109623	0.038985	0.116705	0.012704	0.269420
25	0.248345	0.019767	0.091612	0.086140	0.115685	0.036807	0.114364	0.012319	0.274961
26	0.247850	0.018889	0.087577	0.084797	0.121896	0.034818	0.112389	0.011666	0.280118
27	0.247616	0.018015	0.083625	0.083171	0.128609	0.033130	0.110386	0.011054	0.284394
28	0.247208	0.017449	0.080187	0.081316	0.134890	0.031190	0.107823	0.010504	0.289433
29	0.245630	0.016634	0.077030	0.079825	0.142296	0.029515	0.105449	0.010253	0.293368
30	0.245094	0.016035	0.073590	0.078053	0.149400	0.027858	0.103540	0.009731	0.296699
31	0.243936	0.015382	0.070142	0.076692	0.156759	0.026379	0.100996	0.009432	0.300282
32	0.242620	0.014842	0.067003	0.075644	0.163717	0.025016	0.098551	0.008961	0.303646
33	0.240991	0.014307	0.063854	0.074121	0.171191	0.023834	0.096230	0.008529	0.306943
34	0.239583	0.013781	0.060846	0.072692	0.178744	0.022614	0.093601	0.008219	0.309920
35	0.237493	0.013276	0.057493	0.071509	0.187221	0.021459	0.090960	0.007839	0.312750
36	0.235798	0.012543	0.054894	0.070036	0.195748	0.020109	0.088434	0.007498	0.314940
37	0.232962	0.011964	0.052284	0.068871	0.204184	0.019133	0.085767	0.007206	0.317629
38	0.231290	0.011427	0.049257	0.068058	0.212639	0.018115	0.083238	0.006893	0.319083
39	0.229508	0.010808	0.046619	0.066896	0.221896	0.017165	0.080588	0.006508	0.320012
40	0.226642	0.010379	0.044074	0.065746	0.230986	0.016246	0.078118	0.006371	0.321438
41	0.223551	0.009856	0.041540	0.065278	0.240099	0.015460	0.075795	0.006080	0.322341
42	0.220351	0.009460	0.039197	0.064625	0.249719	0.014758	0.073293	0.005738	0.322859
43	0.216875	0.009022	0.037225	0.063424	0.259874	0.014228	0.070704	0.005496	0.323152
44	0.213589	0.008587	0.034978	0.062403	0.270175	0.013787	0.068740	0.005236	0.322505
45	0.210522	0.008152	0.033078	0.061592	0.280071	0.013126	0.066325	0.004917	0.322217
46	0.206799	0.007650	0.031204	0.060997	0.290127	0.012736	0.063870	0.004656	0.321961
47	0.203602	0.007342	0.029269	0.060347	0.300416	0.012299	0.061675	0.004386	0.320664
48	0.199412	0.006951	0.027340	0.059833	0.310582	0.011792	0.059559	0.004171	0.320360
49	0.196036	0.006652	0.025513	0.059395	0.320690	0.011237	0.057268	0.003983	0.319226
50	0.191668	0.006211	0.024077	0.059119	0.331305	0.010606	0.055284	0.003735	0.317995
51	0.187775	0.005906	0.022439	0.058807	0.341901	0.010188	0.052918	0.003545	0.316521
52	0.183308	0.005632	0.021106	0.058110	0.352471	0.009889	0.051132	0.003316	0.315036
53	0.179231	0.005411	0.019763	0.057597	0.363572	0.009568	0.049050	0.003157	0.312651
54	0.175491	0.005053	0.018387	0.057197	0.374360	0.009210	0.047059	0.002915	0.310328
55	0.171348	0.004813	0.017055	0.056637	0.385162	0.008957	0.045308	0.002729	0.307991
56	0.167000	0.004547	0.016014	0.056093	0.396949	0.008475	0.043493	0.002632	0.304797
57	0.162592	0.004240	0.014837	0.055774	0.408539	0.008279	0.041385	0.002457	0.301897
58	0.158313	0.004018	0.013865	0.055774	0.419345	0.008003	0.039504	0.002405	0.298773
59	0.154252	0.003758	0.012980	0.055611	0.430519	0.007704	0.037869	0.002244	0.295063
60	0.149445	0.003598	0.012268	0.055607	0.441548	0.007413	0.036281	0.002158	0.291682
61	0.145201	0.003354	0.011394	0.055254	0.452924	0.007317	0.034648	0.002033	0.287875
62	0.140540	0.003182	0.010598	0.055091	0.464257	0.007194	0.033207	0.001837	0.284094
63	0.135607	0.002989	0.009873	0.054882	0.475404	0.007084	0.031951	0.001811	0.280399
64	0.131124	0.002811	0.009143	0.054556	0.487149	0.006855	0.030396	0.001700	0.276266
65	0.126844	0.002671	0.008339	0.054529	0.498243	0.006727	0.029005	0.001590	0.272052
66	0.122526	0.002512	0.007598	0.054364	0.509466	0.006656	0.027678	0.001483	0.267717
67	0.117849	0.002409	0.007007	0.054473	0.520939	0.006458	0.026478	0.001440	0.262947
68	0.114335	0.002243	0.006528	0.054424	0.531670	0.006250	0.025154	0.001385	0.258011
69	0.110652	0.002016	0.006017	0.054323	0.542271	0.006183	0.024102	0.001287	0.253149
70	0.106392	0.001900	0.005600	0.054222	0.552697	0.006038	0.023080	0.001226	0.248845
71	0.102509	0.001809	0.005258	0.054029	0.563203	0.006047	0.021613	0.001109	0.244423
72	0.098744	0.001686	0.004787	0.053806	0.573874	0.005847	0.020602	0.001053	0.239601
73	0.095173	0.001464	0.004425	0.053531	0.584168	0.005755	0.019607	0.001009	0.234868
74	0.091000	0.001418	0.004104	0.053582	0.594555	0.005708	0.018612	0.000940	0.230081
75	0.087151	0.001329	0.003763	0.053188	0.605038	0.005483	0.017750	0.000878	0.225420
76	0.083525	0.001266	0.003451	0.053032	0.615301	0.005432	0.016650	0.000837	0.220506
77	0.079957	0.001196	0.003167	0.053233	0.625100	0.005368	0.015722	0.000765	0.215492
78	0.076733	0.001066	0.002900	0.053405	0.634144	0.005320	0.014962	0.000732	0.210738
79	0.073250	0.001006	0.002672	0.053293	0.643984	0.005311	0.014120	0.000676	0.205688
80	0.070037	0.000950	0.002446	0.052923	0.653612	0.005193	0.013311	0.000587	0.200941
81	0.066932	0.000874	0.002267	0.052908	0.663237	0.005170	0.012527	0.000557	0.195528
82	0.064260	0.000830	0.002030	0.052902	0.671790	0.005153	0.011812	0.000521	0.190702
83	0.061360	0.000761	0.001829	0.052705	0.680619	0.005102	0.011090	0.000466	0.186068
84	0.058350	0.000722	0.001615	0.052878	0.688726	0.005064	0.010433	0.000437	0.181775
85	0.055571	0.000664	0.001461	0.053010	0.697047	0.005030	0.009744	0.000429	0.177044
86	0.052702	0.000628	0.001342	0.053114	0.705166	0.005032	0.009331	0.000382	0.172303
87	0.050092	0.000553	0.001247	0.053061	0.713264	0.004942	0.008656	0.000381	0.167804
88	0.047438	0.000494	0.001137	0.052856	0.721587	0.004844	0.008388	0.000354	0.162902
89	0.044936	0.000421	0.001019	0.053044	0.729570	0.004753	0.007913	0.000329	0.158015
90	0.042802	0.000357	0.000940	0.053129	0.737175	0.004629	0.007444	0.000314	0.153210
91	0.040583	0.000307	0.000798	0.053036	0.744712	0.004596	0.007187	0.000283	0.148498
92	0.038261	0.000291	0.000773	0.052950	0.751724	0.004520	0.006754	0.000243	0.144484
93	0.036220	0.000258	0.000739	0.053002	0.758710	0.004529	0.006330	0.000220	0.139992
94	0.034137	0.000222	0.000654	0.053130	0.765459	0.004494	0.006042	0.000206	0.135656
95	0.032289	0.000200	0.000617	0.052872	0.772324	0.004374	0.005788	0.000195	0.131341
96	0.030432	0.000176	0.000537	0.052888	0.779012	0.004356	0.005440	0.000211	0.126948
97	0.028555	0.000156	0.000475	0.053133	0.785471	0.004306	0.005085	0.000222	0.122597
98	0.026806	0.000138	0.000426	0.053062	0.791622	0.004180	0.004864	0.000199	0.118703
99	0.025226	0.000115	0.000387	0.053309	0.797508	0.004157	0.004583	0.000192	0.114523
100	0.023885	0.000106	0.000331	0.053114	0.803606	0.004233	0.004326	0.000183	0.110216
101	0.022480	0.000103	0.000295	0.053181	0.809293	0.004102	0.004180	0.000164	0.106202
102	0.021060	0.000087	0.000254	0.053309	0.814728	0.004100	0.003907	0.000162	0.102393
103	0.019830	0.000074	0.000237	0.053245	0.820081	0.004098	0.003664	0.000151	0.098620
104	0.018562	0.000065	0.000196	0.053311	0.825146	0.004126	0.003417	0.000135	0.095042
105	0.017434	0.000052	0.000173	0.053475	0.829811	0.004148	0.003123	0.000130	0.091654
106	0.016365	0.000046	0.000171	0.053116	0.835109	0.004083	0.002933	0.000121	0.088056
107	0.015428	0.000042	0.000145	0.053227	0.839421	0.004156	0.002751	0.000112	0.084718
108	0.014340	0.000036	0.000134	0.053598	0.843810	0.004094	0.002573	0.000098	0.081317
109	0.013479	0.000037	0.000122	0.053467	0.848264	0.004078	0.002515	0.000091	0.077947
110	0.012695	0.000027	0.000101	0.053624	0.852003	0.004058	0.002346	0.000084	0.075062
111	0.011831	0.000024	0.000102	0.053724	0.855777	0.004065	0.002184	0.000086	0.072207
112	0.010876	0.000024	0.000102	0.053928	0.859533	0.003997	0.002084	0.000078	0.069378
113	0.010108	0.000018	0.000103	0.054152	0.863227	0.003995	0.001945	0.000058	0.066394
114	0.009479	0.000017	0.000097	0.053737	0.867101	0.003882	0.001820	0.000062	0.063805
115	0.008804	0.000013	0.000086	0.053865	0.870447	0.003873	0.001735	0.000056	0.061121
116	0.008277	0.000014	0.000079	0.053867	0.873784	0.003838	0.001644	0.000043	0.058454
117	0.007640	0.000009	0.000069	0.053974	0.876813	0.003754	0.001552	0.000035	0.056154
118	0.007112	0.000007	0.000074	0.053882	0.879921	0.003866	0.001450	0.000040	0.053648
119	0.006659	0.000004	0.000084	0.053816	0.882995	0.003800	0.001274	0.000032	0.051336
120	0.006124	0.000006	0.000081	0.053582	0.886238	0.003688	0.001198	0.000031	0.049052
121	0.005660	0.000004	0.000072	0.053644	0.888912	0.003667	0.001143	0.000024	0.046874
122	0.005222	0.000007	0.000073	0.053618	0.891507	0.003562	0.001065	0.000023	0.044923
123	0.004916	0.000002	0.000066	0.053404	0.893969	0.003628	0.000962	0.000016	0.043037
124	0.004524	0.000001	0.000064	0.053596	0.896162	0.003615	0.000940	0.000010	0.041088
125	0.004177	0.000001	0.000053	0.053610	0.898499	0.003555	0.000898	0.000011	0.039196
126	0.003927	0.000001	0.000053	0.053662	0.900662	0.003605	0.000873	0.000005	0.037212
127	0.003664	0.000000	0.000033	0.053676	0.902669	0.003525	0.000789	0.000004	0.035640
128	0.003413	0.000000	0.000031	0.053614	0.904720	0.003491	0.000777	0.000006	0.033948
129	0.003137	0.000000	0.000025	0.053328	0.906906	0.003472	0.000720	0.000006	0.032406
130	0.002907	0.000000	0.000018	0.053345	0.908705	0.003446	0.000665	0.000006	0.030908
131	0.002659	0.000000	0.000013	0.053585	0.910285	0.003476	0.000598	0.000006	0.029378
132	0.002436	0.000000	0.000013	0.053461	0.912129	0.003450	0.000577	0.000007	0.027927
133	0.002300	0.000000	0.000014	0.053413	0.913561	0.003482	0.000548	0.000003	0.026679
134	0.002128	0.000000	0.000010	0.053630	0.915054	0.003367	0.000518	0.000001	0.025292
135	0.001961	0.000000	0.000007	0.053550	0.916577	0.003385	0.000475	0.000002	0.024043
136	0.001838	0.000000	0.000014	0.053031	0.918419	0.003365	0.000471	0.000002	0.022860
137	0.001653	0.000000	0.000008	0.053270	0.919481	0.003387	0.000449	0.000004	0.021748
138	0.001517	0.000000	0.000004	0.053151	0.921096	0.003327	0.000393	0.000004	0.020508
139	0.001350	0.000000	0.000003	0.053155	0.922369	0.003287	0.000325	0.000006	0.019505
140	0.001237	0.000000	0.000000	0.053098	0.923574	0.003316	0.000300	0.000007	0.018468
141	0.001154	0.000000	0.000000	0.053064	0.924719	0.003267	0.000265	0.000007	0.017524
142	0.001069	0.000000	0.000000	0.053116	0.925644	0.003295	0.000267	0.000006	0.016603
143	0.001009	0.000000	0.000000	0.052980	0.926881	0.003214	0.000230	0.000005	0.015681
144	0.000926	0.000000	0.000000	0.052652	0.928113	0.003215	0.000215	0.000004	0.014875
145	0.000848	0.000000	0.000000	0.052710	0.928887	0.003240	0.000206	0.000004	0.014105
146	0.000787	0.000000	0.000000	0.052650	0.929812	0.003185	0.000186	0.000003	0.013377
147	0.000721	0.000000	0.000000	0.052575	0.930632	0.003262	0.000188	0.000001	0.012621
148	0.000679	0.000000	0.000000	0.052600	0.931370	0.003212	0.000176	0.000002	0.011961
149	0.000593	0.000000	0.000000	0.052295	0.932280	0.003225	0.000172	0.000003	0.011432
150	0.000562	0.000000	0.000000	0.052255	0.932971	0.003271	0.000150	0.000003	0.010788
151	0.000496	0.000000	0.000000	0.052152	0.933768	0.003259	0.000122	0.000003	0.010200
152	0.000473	0.000000	0.000000	0.051913	0.934677	0.003122	0.000124	0.000003	0.009688
153	0.000450	0.000000	0.000000	0.051975	0.935115	0.003185	0.000108	0.000002	0.009165
154	0.000407	0.000000	0.000000	0.051916	0.935816	0.003090	0.000096	0.000002	0.008673
155	0.000364	0.000000	0.000000	0.052108	0.936189	0.003049	0.000094	0.000001	0.008195
156	0.000334	0.000000	0.000000	0.052057	0.936783	0.003050	0.000086	0.000001	0.007689
157	0.000327	0.000000	0.000000	0.051723	0.937533	0.003021	0.000079	0.000002	0.007315
158	0.000306	0.000000	0.000000	0.051867	0.937814	0.003093	0.000074	0.000001	0.006845
159	0.000292	0.000000	0.000000	0.051761	0.938342	0.003061	0.000067	0.000001	0.006476
160	0.000259	0.000000	0.000000	0.051939	0.938445	0.003073	0.000059	0.000001	0.006224
161	0.000228	0.000000	0.000000	0.051882	0.939086	0.002946	0.000053	0.000001	0.005804
162	0.000219	0.000000	0.000000	0.051855	0.939463	0.002956	0.000051	0.000003	0.005453
163	0.000178	0.000000	0.000000	0.051993	0.939738	0.002888	0.000043	0.000001	0.005159
164	0.000166	0.000000	0.000000	0.051784	0.940103	0.002994	0.000047	0.000001	0.004905
165	0.000138	0.000000	0.000000	0.051599	0.940515	0.002992	0.000048	0.000001	0.004707
166	0.000127	0.000000	0.000000	0.051592	0.940745	0.003009	0.000051	0.000000	0.004476
167	0.000103	0.000000	0.000000	0.051628	0.940922	0.003082	0.000049	0.000000	0.004216
168	0.000095	0.000000	0.000000	0.051739	0.940985	0.003121	0.000048	0.000000	0.004012
169	0.000077	0.000000	0.000000	0.051571	0.941400	0.003084	0.000054	0.000000	0.003814
170	0.000066	0.000000	0.000000	0.051201	0.941969	0.003141	0.000053	0.000000	0.003570
171	0.000044	0.000000	0.000000	0.051182	0.942162	0.003116	0.000061	0.000000	0.003435
172	0.000045	0.000000	0.000000	0.051070	0.942459	0.003106	0.000062	0.000000	0.003258
173	0.000040	0.000000	0.000000	0.051158	0.942497	0.003148	0.000057	0.000000	0.003100
174	0.000039	0.000000	0.000000	0.051198	0.942659	0.003101	0.000060	0.000000	0.002943
175	0.000036	0.000000	0.000000	0.051099	0.942920	0.003138	0.000052	0.000000	0.002755
176	0.000023	0.000000	0.000000	0.051065	0.943112	0.003143	0.000047	0.000000	0.002610
177	0.000018	0.000000	0.000000	0.051026	0.943352	0.003097	0.000052	0.000000	0.002455
178	0.000015	0.000000	0.000000	0.050992	0.943465	0.003137	0.000053	0.000000	0.002338
179	0.000008	0.000000	0.000000	0.050807	0.943740	0.003181	0.000056	0.000000	0.002208
180	0.000007	0.000000	0.000000	0.050892	0.943841	0.003113	0.000045	0.000000	0.002102
181	0.000006	0.000000	0.000000	0.050856	0.943951	0.003137	0.000038	0.000000	0.002012
182	0.000002	0.000000	0.000000	0.050795	0.944076	0.003137	0.000036	0.000000	0.001954
183	0.000001	0.000000	0.000000	0.050749	0.944138	0.003205	0.000031	0.000000	0.001876
184	0.000002	0.000000	0.000000	0.050826	0.944112	0.003265	0.000028	0.000000	0.001767
185	0.000002	0.000000	0.000000	0.050701	0.944377	0.003245	0.000023	0.000000	0.001652
186	0.000002	0.000000	0.000000	0.050431	0.944653	0.003322	0.000021	0.000000	0.001571
187	0.000000	0.000000	0.000000	0.050433	0.944844	0.003234	0.000021	0.000000	0.001468
188	0.000000	0.000000	0.000000	0.050406	0.944913	0.003216	0.000017	0.000000	0.001448
189	0.000000	0.000000	0.000000	0.050224	0.945213	0.003170	0.000014	0.000000	0.001379
190	0.000000	0.000000	0.000000	0.050214	0.945233	0.003228	0.000013	0.000000	0.001312
191	0.000000	0.000000	0.000000	0.050096	0.945387	0.003271	0.000017	0.000000	0.001229
192	0.000000	0.000000	0.000000	0.049827	0.945710	0.003273	0.000017	0.000000	0.001173
193	0.000000	0.000000	0.000000	0.049757	0.945860	0.003233	0.000020	0.000000	0.001130
194	0.000000	0.000000	0.000000	0.049895	0.945799	0.003218	0.000016	0.000000	0.001072
195	0.000000	0.000000	0.000000	0.049881	0.945888	0.003215	0.000015	0.000000	0.001001
196	0.000000	0.000000	0.000000	0.049672	0.946108	0.003248	0.000014	0.000000	0.000958
197	0.000000	0.000000	0.000000	0.049686	0.946117	0.003261	0.000013	0.000000	0.000923
198	0.000000	0.000000	0.000000	0.049554	0.946237	0.003347	0.000014	0.000000	0.000848
199	0.000000	0.000000	0.000000	0.049530	0.946344	0.003314	0.000012	0.000000	0.000800
200	0.000000	0.000000	0.000000	0.049471	0.946476	0.003287	0.000014	0.000000	0.000752
201	0.000000	0.000000	0.000000	0.049335	0.946600	0.003334	0.000012	0.000000	0.000719
202	0.000000	0.000000	0.000000	0.049218	0.946810	0.003307	0.000009	0.000000	0.000656
203	0.000000	0.000000	0.000000	0.049259	0.946851	0.003261	0.000010	0.000000	0.000619
204	0.000000	0.000000	0.000000	0.049282	0.946892	0.003230	0.000006	0.000000	0.000590
205	0.000000	0.000000	0.000000	0.049277	0.946861	0.003281	0.000006	0.000000	0.000575
206	0.000000	0.000000	0.000000	0.049265	0.946867	0.003333	0.000005	0.000000	0.000530
207	0.000000	0.000000	0.000000	0.049160	0.946982	0.003364	0.000005	0.000000	0.000489
208	0.000000	0.000000	0.000000	0.049051	0.947107	0.003372	0.000003	0.000000	0.000467
209	0.000000	0.000000	0.000000	0.049494	0.946728	0.003346	0.000000	0.000000	0.000432
210	0.000000	0.000000	0.000000	0.049416	0.946834	0.003349	0.000000	0.000000	0.000401
211	0.000000	0.000000	0.000000	0.049230	0.947064	0.003338	0.000000	0.000000	0.000368
212	0.000000	0.000000	0.000000	0.049038	0.947214	0.003382	0.000000	0.000000	0.000366
213	0.000000	0.000000	0.000000	0.048920	0.947363	0.003366	0.000000	0.000000	0.000351
214	0.000000	0.000000	0.000000	0.048883	0.947424	0.003363	0.000000	0.000000	0.000330
215	0.000000	0.000000	0.000000	0.048909	0.947394	0.003385	0.000000	0.000000	0.000312
216	0.000000	0.000000	0.000000	0.048726	0.947593	0.003392	0.000000	0.000000	0.000289
217	0.000000	0.000000	0.000000	0.048521	0.947890	0.003315	0.000000	0.000000	0.000274
218	0.000000	0.000000	0.000000	0.048554	0.947792	0.003401	0.000000	0.000000	0.000253
219	0.000000	0.000000	0.000000	0.048397	0.948042	0.003341	0.000000	0.000000	0.000220
220	0.000000	0.000000	0.000000	0.048587	0.947833	0.003375	0.000000	0.000000	0.000205
221	0.000000	0.000000	0.000000	0.048562	0.947778	0.003469	0.000000	0.000000	0.000191
222	0.000000	0.000000	0.000000	0.048320	0.948091	0.003426	0.000000	0.000000	0.000163
223	0.000000	0.000000	0.000000	0.048394	0.948075	0.003397	0.000000	0.000000	0.000134
224	0.000000	0.000000	0.000000	0.048463	0.948003	0.003407	0.000000	0.000000	0.000127
225	0.000000	0.000000	0.000000	0.048608	0.947832	0.003451	0.000000	0.000000	0.000109
226	0.000000	0.000000	0.000000	0.048649	0.947799	0.003440	0.000000	0.000000	0.000112
227	0.000000	0.000000	0.000000	0.048659	0.947814	0.003429	0.000000	0.000000	0.000098
228	0.000000	0.000000	0.000000	0.048830	0.947715	0.003373	0.000000	0.000000	0.000082
229	0.000000	0.000000	0.000000	0.048611	0.947950	0.003369	0.000000	0.000000	0.000070
230	0.000000	0.000000	0.000000	0.048645	0.947957	0.003328	0.000000	0.000000	0.000070
231	0.000000	0.000000	0.000000	0.048707	0.947792	0.003434	0.000000	0.000000	0.000067
232	0.000000	0.000000	0.000000	0.048801	0.947687	0.003452	0.000000	0.000000	0.000060
233	0.000000	0.000000	0.000000	0.048788	0.947623	0.003543	0.000000	0.000000	0.000046
234	0.000000	0.000000	0.000000	0.048735	0.947697	0.003518	0.000000	0.000000	0.000050
235	0.000000	0.000000	0.000000	0.048622	0.947881	0.003448	0.000000	0.000000	0.000049
236	0.000000	0.000000	0.000000	0.048644	0.947803	0.003505	0.000000	0.000000	0.000048
237	0.000000	0.000000	0.000000	0.048602	0.947883	0.003476	0.000000	0.000000	0.000039
238	0.000000	0.000000	0.000000	0.048795	0.947682	0.003486	0.000000	0.000000	0.000037
239	0.000000	0.000000	0.000000	0.048695	0.947746	0.003530	0.000000	0.000000	0.000029
240	0.000000	0.000000	0.000000	0.048838	0.947669	0.003465	0.000000	0.000000	0.000028
241	0.000000	0.000000	0.000000	0.049201	0.947325	0.003451	0.000000	0.000000	0.000023
242	0.000000	0.000000	0.000000	0.049007	0.947453	0.003518	0.000000	0.000000	0.000022
243	0.000000	0.000000	0.000000	0.049100	0.947443	0.003433	0.000000	0.000000	0.000024
244	0.000000	0.000000	0.000000	0.049202	0.947345	0.003434	0.000000	0.000000	0.000019
245	0.000000	0.000000	0.000000	0.049133	0.947444	0.003404	0.000000	0.000000	0.000019
246	0.000000	0.000000	0.000000	0.048960	0.947585	0.003441	0.000000	0.000000	0.000014
247	0.000000	0.000000	0.000000	0.049090	0.947489	0.003405	0.000000	0.000000	0.000016
248	0.000000	0.000000	0.000000	0.048871	0.947679	0.003437	0.000000	0.000000	0.000013
249	0.000000	0.000000	0.000000	0.048936	0.947691	0.003366	0.000000	0.000000	0.000007
250	0.000000	0.000000	0.000000	0.048993	0.947686	0.003316	0.000000	0.000000	0.000005
251	0.000000	0.000000	0.000000	0.048875	0.947807	0.003315	0.000000	0.000000	0.000003
252	0.000000	0.000000	0.000000	0.048839	0.947839	0.003318	0.000000	0.000000	0.000004
253	0.000000	0.000000	0.000000	0.048716	0.947922	0.003357	0.000000	0.000000	0.000005
254	0.000000	0.000000	0.000000	0.048771	0.947861	0.003364	0.000000	0.000000	0.000004
255	0.000000	0.000000	0.000000	0.048576	0.948081	0.003342	0.000000	0.000000	0.000001
256	0.000000	0.000000	0.000000	0.048274	0.948334	0.003391	0.000000	0.000000	0.000001
257	0.000000	0.000000	0.000000	0.048302	0.948258	0.003439	0.000000	0.000000	0.000001
258	0.000000	0.000000	0.000000	0.048389	0.948187	0.003424	0.000000	0.000000	0.000000
259	0.000000	0.000000	0.000000	0.048135	0.948428	0.003436	0.000000	0.000000	0.000001
260	0.000000	0.000000	0.000000	0.048019	0.948605	0.003376	0.000000	0.000000	0.000000
261	0.000000	0.000000	0.000000	0.047943	0.948655	0.003402	0.000000	0.000000	0.000000
262	0.000000	0.000000	0.000000	0.048038	0.948511	0.003451	0.000000	0.000000	0.000000
263	0.000000	0.000000	0.000000	0.047902	0.948656	0.003442	0.000000	0.000000	0.000000
264	0.000000	0.000000	0.000000	0.047733	0.948740	0.003527	0.000000	0.000000	0.000000
265	0.000000	0.000000	0.000000	0.047763	0.948714	0.003523	0.000000	0.000000	0.000000
266	0.000000	0.000000	0.000000	0.047814	0.948684	0.003502	0.000000	0.000000	0.000000
267	0.000000	0.000000	0.000000	0.047586	0.948867	0.003547	0.000000	0.000000	0.000000
268	0.000000	0.000000	0.000000	0.047586	0.948890	0.003524	0.000000	0.000000	0.000000
269	0.000000	0.000000	0.000000	0.047440	0.948892	0.003668	0.000000	0.000000	0.000000
270	0.000000	0.000000	0.000000	0.047676	0.948668	0.003656	0.000000	0.000000	0.000000
271	0.000000	0.000000	0.000000	0.047746	0.948681	0.003573	0.000000	0.000000	0.000000
272	0.000000	0.000000	0.000000	0.047293	0.949183	0.003524	0.000000	0.000000	0.000000
273	0.000000	0.000000	0.000000	0.047415	0.949037	0.003548	0.000000	0.000000	0.000000
274	0.000000	0.000000	0.000000	0.047346	0.949149	0.003505	0.000000	0.000000	0.000000
275	0.000000	0.000000	0.000000	0.047083	0.949306	0.003611	0.000000	0.000000	0.000000
276	0.000000	0.000000	0.000000	0.046703	0.949684	0.003613	0.000000	0.000000	0.000000
277	0.000000	0.000000	0.000000	0.046778	0.949503	0.003719	0.000000	0.000000	0.000000
278	0.000000	0.000000	0.000000	0.046947	0.949374	0.003679	0.000000	0.000000	0.000000
279	0.000000	0.000000	0.000000	0.046887	0.949473	0.003640	0.000000	0.000000	0.000000
280	0.000000	0.000000	0.000000	0.046876	0.949453	0.003671	0.000000	0.000000	0.000000
281	0.000000	0.000000	0.000000	0.047063	0.949276	0.003661	0.000000	0.000000	0.000000
282	0.000000	0.000000	0.000000	0.047278	0.949008	0.003714	0.000000	0.000000	0.000000
283	0.000000	0.000000	0.000000	0.047272	0.949012	0.003716	0.000000	0.000000	0.000000
284	0.000000	0.000000	0.000000	0.047299	0.948994	0.003707	0.000000	0.000000	0.000000
285	0.000000	0.000000	0.000000	0.047260	0.948991	0.003749	0.000000	0.000000	0.000000
286	0.000000	0.000000	0.000000	0.047180	0.949190	0.003630	0.000000	0.000000	0.000000
287	0.000000	0.000000	0.000000	0.047168	0.949277	0.003555	0.000000	0.000000	0.000000
288	0.000000	0.000000	0.000000	0.047303	0.949058	0.003639	0.000000	0.000000	0.000000
289	0.000000	0.000000	0.000000	0.047402	0.949003	0.003595	0.000000	0.000000	0.000000
290	0.000000	0.000000	0.000000	0.046908	0.949449	0.003643	0.000000	0.000000	0.000000
291	0.000000	0.000000	0.000000	0.047056	0.949265	0.003679	0.000000	0.000000	0.000000
292	0.000000	0.000000	0.000000	0.047333	0.948947	0.003720	0.000000	0.000000	0.000000
293	0.000000	0.000000	0.000000	0.047341	0.949023	0.003636	0.000000	0.000000	0.000000
294	0.000000	0.000000	0.000000	0.047215	0.949158	0.003627	0.000000	0.000000	0.000000
295	0.000000	0.000000	0.000000	0.047086	0.949239	0.003675	0.000000	0.000000	0.000000
296	0.000000	0.000000	0.000000	0.046879	0.949532	0.003589	0.000000	0.000000	0.000000
297	0.000000	0.000000	0.000000	0.046705	0.949676	0.003619	0.000000	0.000000	0.000000
298	0.000000	0.000000	0.000000	0.046564	0.949877	0.003559	0.000000	0.000000	0.000000
299	0.000000	0.000000	0.000000	0.046668	0.949731	0.003601	0.000000	0.000000	0.000000
300	0.000000	0.000000	0.000000	0.046717	0.949725	0.003558	0.000000	0.000000	0.000000
301	0.000000	0.000000	0.000000	0.046680	0.949702	0.003618	0.000000	0.000000	0.000000
302	0.000000	0.000000	0.000000	0.046704	0.949668	0.003628	0.000000	0.000000	0.000000
303	0.000000	0.000000	0.000000	0.046903	0.949514	0.003583	0.000000	0.000000	0.000000
304	0.000000	0.000000	0.000000	0.046643	0.949624	0.003733	0.000000	0.000000	0.000000
305	0.000000	0.000000	0.000000	0.046699	0.949585	0.003716	0.000000	0.000000	0.000000
306	0.000000	0.000000	0.000000	0.046891	0.949419	0.003690	0.000000	0.000000	0.000000
307	0.000000	0.000000	0.000000	0.046599	0.949676	0.003725	0.000000	0.000000	0.000000
308	0.000000	0.000000	0.000000	0.046843	0.949451	0.003706	0.000000	0.000000	0.000000
309	0.000000	0.000000	0.000000	0.046738	0.949575	0.003687	0.000000	0.000000	0.000000
310	0.000000	0.000000	0.000000	0.046722	0.949587	0.003691	0.000000	0.000000	0.000000
311	0.000000	0.000000	0.000000	0.046747	0.949532	0.003721	0.000000	0.000000	0.000000
312	0.000000	0.000000	0.000000	0.046745	0.949464	0.003791	0.000000	0.000000	0.000000
313	0.000000	0.000000	0.000000	0.046767	0.949469	0.003764	0.000000	0.000000	0.000000
314	0.000000	0.000000	0.000000	0.046726	0.949483	0.003791	0.000000	0.000000	0.000000
315	0.000000	0.000000	0.000000	0.046971	0.949298	0.003731	0.000000	0.000000	0.000000
316	0.000000	0.000000	0.000000	0.046967	0.949361	0.003672	0.000000	0.000000	0.000000
317	0.000000	0.000000	0.000000	0.046997	0.949282	0.003721	0.000000	0.000000	0.000000
318	0.000000	0.000000	0.000000	0.047025	0.949175	0.003800	0.000000	0.000000	0.000000
319	0.000000	0.000000	0.000000	0.046813	0.949394	0.003793	0.000000	0.000000	0.000000
320	0.000000	0.000000	0.000000	0.046999	0.949167	0.003834	0.000000	0.000000	0.000000
321	0.000000	0.000000	0.000000	0.047220	0.948915	0.003865	0.000000	0.000000	0.000000
322	0.000000	0.000000	0.000000	0.047452	0.948731	0.003817	0.000000	0.000000	0.000000
323	0.000000	0.000000	0.000000	0.047257	0.948979	0.003764	0.000000	0.000000	0.000000
324	0.000000	0.000000	0.000000	0.047407	0.948795	0.003798	0.000000	0.000000	0.000000
325	0.000000	0.000000	0.000000	0.047472	0.948712	0.003816	0.000000	0.000000	0.000000
326	0.000000	0.000000	0.000000	0.047258	0.948892	0.003850	0.000000	0.000000	0.000000
327	0.000000	0.000000	0.000000	0.047445	0.948764	0.003791	0.000000	0.000000	0.000000
328	0.000000	0.000000	0.000000	0.047442	0.948721	0.003837	0.000000	0.000000	0.000000
329	0.000000	0.000000	0.000000	0.047433	0.948772	0.003795	0.000000	0.000000	0.000000
330	0.000000	0.000000	0.000000	0.047675	0.948576	0.003749	0.000000	0.000000	0.000000
331	0.000000	0.000000	0.000000	0.047558	0.948654	0.003788	0.000000	0.000000	0.000000
332	0.000000	0.000000	0.000000	0.047713	0.948538	0.003749	0.000000	0.000000	0.000000
333	0.000000	0.000000	0.000000	0.047713	0.948483	0.003804	0.000000	0.000000	0.000000
334	0.000000	0.000000	0.000000	0.047330	0.948840	0.003830	0.000000	0.000000	0.000000
335	0.000000	0.000000	0.000000	0.046974	0.949150	0.003876	0.000000	0.000000	0.000000
336	0.000000	0.000000	0.000000	0.046906	0.949192	0.003902	0.000000	0.000000	0.000000
337	0.000000	0.000000	0.000000	0.046689	0.949487	0.003824	0.000000	0.000000	0.000000
338	0.000000	0.000000	0.000000	0.046831	0.949401	0.003768	0.000000	0.000000	0.000000
339	0.000000	0.000000	0.000000	0.046713	0.949552	0.003735	0.000000	0.000000	0.000000
340	0.000000	0.000000	0.000000	0.046564	0.949599	0.003837	0.000000	0.000000	0.000000
341	0.000000	0.000000	0.000000	0.046837	0.949371	0.003792	0.000000	0.000000	0.000000
342	0.000000	0.000000	0.000000	0.046812	0.949477	0.003711	0.000000	0.000000	0.000000
343	0.000000	0.000000	0.000000	0.046832	0.949400	0.003768	0.000000	0.000000	0.000000
344	0.000000	0.000000	0.000000	0.046765	0.949496	0.003739	0.000000	0.000000	0.000000
345	0.000000	0.000000	0.000000	0.046692	0.949618	0.003690	0.000000	0.000000	0.000000
346	0.000000	0.000000	0.000000	0.047077	0.949161	0.003762	0.000000	0.000000	0.000000
347	0.000000	0.000000	0.000000	0.047099	0.949069	0.003832	0.000000	0.000000	0.000000
348	0.000000	0.000000	0.000000	0.047130	0.949043	0.003827	0.000000	0.000000	0.000000
349	0.000000	0.000000	0.000000	0.047079	0.949098	0.003823	0.000000	0.000000	0.000000
350	0.000000	0.000000	0.000000	0.047184	0.949057	0.003759	0.000000	0.000000	0.000000
351	0.000000	0.000000	0.000000	0.047229	0.949007	0.003764	0.000000	0.000000	0.000000
352	0.000000	0.000000	0.000000	0.047250	0.948906	0.003844	0.000000	0.000000	0.000000
353	0.000000	0.000000	0.000000	0.047124	0.949084	0.003792	0.000000	0.000000	0.000000
354	0.000000	0.000000	0.000000	0.047256	0.948908	0.003836	0.000000	0.000000	0.000000
355	0.000000	0.000000	0.000000	0.047195	0.949001	0.003804	0.000000	0.000000	0.000000
356	0.000000	0.000000	0.000000	0.047351	0.948860	0.003789	0.000000	0.000000	0.000000
357	0.000000	0.000000	0.000000	0.047477	0.948787	0.003736	0.000000	0.000000	0.000000
358	0.000000	0.000000	0.000000	0.047480	0.948772	0.003748	0.000000	0.000000	0.000000
359	0.000000	0.000000	0.000000	0.047554	0.948659	0.003787	0.000000	0.000000	0.000000
360	0.000000	0.000000	0.000000	0.047271	0.948924	0.003805	0.000000	0.000000	0.000000
361	0.000000	0.000000	0.000000	0.047377	0.948833	0.003790	0.000000	0.000000	0.000000
362	0.000000	0.000000	0.000000	0.047297	0.948877	0.003826	0.000000	0.000000	0.000000
363	0.000000	0.000000	0.000000	0.047101	0.949016	0.003883	0.000000	0.000000	0.000000
364	0.000000	0.000000	0.000000	0.047417	0.948688	0.003895	0.000000	0.000000	0.000000
365	0.000000	0.000000	0.000000	0.047430	0.948662	0.003908	0.000000	0.000000	0.000000
366	0.000000	0.000000	0.000000	0.047557	0.948574	0.003869	0.000000	0.000000	0.000000
367	0.000000	0.000000	0.000000	0.047665	0.948440	0.003895	0.000000	0.000000	0.000000
368	0.000000	0.000000	0.000000	0.047628	0.948569	0.003803	0.000000	0.000000	0.000000
369	0.000000	0.000000	0.000000	0.047742	0.948432	0.003826	0.000000	0.000000	0.000000
370	0.000000	0.000000	0.000000	0.047663	0.948532	0.003805	0.000000	0.000000	0.000000
371	0.000000	0.000000	0.000000	0.047812	0.948384	0.003804	0.000000	0.000000	0.000000
372	0.000000	0.000000	0.000000	0.047670	0.948496	0.003834	0.000000	0.000000	0.000000
373	0.000000	0.000000	0.000000	0.047741	0.948491	0.003768	0.000000	0.000000	0.000000
374	0.000000	0.000000	0.000000	0.047748	0.948469	0.003783	0.000000	0.000000	0.000000
375	0.000000	0.000000	0.000000	0.047764	0.948446	0.003790	0.000000	0.000000	0.000000
376	0.000000	0.000000	0.000000	0.047858	0.948322	0.003820	0.000000	0.000000	0.000000
377	0.000000	0.000000	0.000000	0.047783	0.948350	0.003867	0.000000	0.000000	0.000000
378	0.000000	0.000000	0.000000	0.047684	0.948435	0.003881	0.000000	0.000000	0.000000
379	0.000000	0.000000	0.000000	0.047795	0.948357	0.003848	0.000000	0.000000	0.000000
380	0.000000	0.000000	0.000000	0.047712	0.948404	0.003884	0.000000	0.000000	0.000000
381	0.000000	0.000000	0.000000	0.047634	0.948521	0.003845	0.000000	0.000000	0.000000
382	0.000000	0.000000	0.000000	0.047333	0.948878	0.003789	0.000000	0.000000	0.000000
383	0.000000	0.000000	0.000000	0.047249	0.948904	0.003847	0.000000	0.000000	0.000000
384	0.000000	0.000000	0.000000	0.047063	0.949197	0.003740	0.000000	0.000000	0.000000
385	0.000000	0.000000	0.000000	0.047048	0.949241	0.003711	0.000000	0.000000	0.000000
386	0.000000	0.000000	0.000000	0.047320	0.948966	0.003714	0.000000	0.000000	0.000000
387	0.000000	0.000000	0.000000	0.047191	0.948991	0.003818	0.000000	0.000000	0.000000
388	0.000000	0.000000	0.000000	0.047446	0.948681	0.003873	0.000000	0.000000	0.000000
389	0.000000	0.000000	0.000000	0.047263	0.948891	0.003846	0.000000	0.000000	0.000000
390	0.000000	0.000000	0.000000	0.047211	0.948957	0.003832	0.000000	0.000000	0.000000
391	0.000000	0.000000	0.000000	0.047089	0.949011	0.003900	0.000000	0.000000	0.000000
392	0.000000	0.000000	0.000000	0.047415	0.948784	0.003801	0.000000	0.000000	0.000000
393	0.000000	0.000000	0.000000	0.047315	0.948823	0.003862	0.000000	0.000000	0.000000
394	0.000000	0.000000	0.000000	0.047272	0.948865	0.003863	0.000000	0.000000	0.000000
395	0.000000	0.000000	0.000000	0.047141	0.949012	0.003847	0.000000	0.000000	0.000000
396	0.000000	0.000000	0.000000	0.047053	0.949142	0.003805	0.000000	0.000000	0.000000
397	0.000000	0.000000	0.000000	0.047117	0.949013	0.003870	0.000000	0.000000	0.000000
398	0.000000	0.000000	0.000000	0.047240	0.948959	0.003801	0.000000	0.000000	0.000000
399	0.000000	0.000000	0.000000	0.047256	0.949043	0.003701	0.000000	0.000000	0.000000
400	0.000000	0.000000	0.000000	0.047467	0.948763	0.003770	0.000000	0.000000	0.000000
401	0.000000	0.000000	0.000000	0.047337	0.948939	0.003724	0.000000	0.000000	0.000000
402	0.000000	0.000000	0.000000	0.047220	0.949200	0.003580	0.000000	0.000000	0.000000
403	0.000000	0.000000	0.000000	0.047313	0.949012	0.003675	0.000000	0.000000	0.000000
404	0.000000	0.000000	0.000000	0.046945	0.949298	0.003757	0.000000	0.000000	0.000000
405	0.000000	0.000000	0.000000	0.047080	0.949102	0.003818	0.000000	0.000000	0.000000
406	0.000000	0.000000	0.000000	0.047057	0.949147	0.003796	0.000000	0.000000	0.000000
407	0.000000	0.000000	0.000000	0.047375	0.948849	0.003776	0.000000	0.000000	0.000000
408	0.000000	0.000000	0.000000	0.047195	0.949061	0.003744	0.000000	0.000000	0.000000
409	0.000000	0.000000	0.000000	0.047067	0.949244	0.003689	0.000000	0.000000	0.000000
410	0.000000	0.000000	0.000000	0.047089	0.949209	0.003702	0.000000	0.000000	0.000000
411	0.000000	0.000000	0.000000	0.047135	0.949185	0.003680	0.000000	0.000000	0.000000
412	0.000000	0.000000	0.000000	0.047231	0.949088	0.003681	0.000000	0.000000	0.000000
413	0.000000	0.000000	0.000000	0.047183	0.949167	0.003650	0.000000	0.000000	0.000000
414	0.000000	0.000000	0.000000	0.047257	0.949070	0.003673	0.000000	0.000000	0.000000
415	0.000000	0.000000	0.000000	0.047335	0.949094	0.003571	0.000000	0.000000	0.000000
416	0.000000	0.000000	0.000000	0.047575	0.948791	0.003634	0.000000	0.000000	0.000000
417	0.000000	0.000000	0.000000	0.047454	0.948945	0.003601	0.000000	0.000000	0.000000
418	0.000000	0.000000	0.000000	0.047345	0.949101	0.003554	0.000000	0.000000	0.000000
419	0.000000	0.000000	0.000000	0.047257	0.949137	0.003606	0.000000	0.000000	0.000000
420	0.000000	0.000000	0.000000	0.047225	0.949270	0.003505	0.000000	0.000000	0.000000
421	0.000000	0.000000	0.000000	0.047043	0.949436	0.003521	0.000000	0.000000	0.000000
422	0.000000	0.000000	0.000000	0.047187	0.949247	0.003566	0.000000	0.000000	0.000000
423	0.000000	0.000000	0.000000	0.047199	0.949197	0.003604	0.000000	0.000000	0.000000
424	0.000000	0.000000	0.000000	0.047379	0.949095	0.003526	0.000000	0.000000	0.000000
425	0.000000	0.000000	0.000000	0.047264	0.949225	0.003511	0.000000	0.000000	0.000000
426	0.000000	0.000000	0.000000	0.047278	0.949257	0.003465	0.000000	0.000000	0.000000
427	0.000000	0.000000	0.000000	0.047172	0.949402	0.003426	0.000000	0.000000	0.000000
428	0.000000	0.000000	0.000000	0.047165	0.949363	0.003472	0.000000	0.000000	0.000000
429	0.000000	0.000000	0.000000	0.047154	0.949359	0.003487	0.000000	0.000000	0.000000
430	0.000000	0.000000	0.000000	0.047158	0.949449	0.003393	0.000000	0.000000	0.000000
431	0.000000	0.000000	0.000000	0.047378	0.949184	0.003438	0.000000	0.000000	0.000000
432	0.000000	0.000000	0.000000	0.047214	0.949388	0.003398	0.000000	0.000000	0.000000
433	0.000000	0.000000	0.000000	0.047498	0.949057	0.003445	0.000000	0.000000	0.000000
434	0.000000	0.000000	0.000000	0.047259	0.949314	0.003427	0.000000	0.000000	0.000000
435	0.000000	0.000000	0.000000	0.047198	0.949438	0.003364	0.000000	0.000000	0.000000
436	0.000000	0.000000	0.000000	0.047301	0.949309	0.003390	0.000000	0.000000	0.000000
437	0.000000	0.000000	0.000000	0.047194	0.949373	0.003433	0.000000	0.000000	0.000000
438	0.000000	0.000000	0.000000	0.047306	0.949256	0.003438	0.000000	0.000000	0.000000
439	0.000000	0.000000	0.000000	0.047074	0.949536	0.003390	0.000000	0.000000	0.000000
440	0.000000	0.000000	0.000000	0.047306	0.949337	0.003357	0.000000	0.000000	0.000000
441	0.000000	0.000000	0.000000	0.047174	0.949546	0.003280	0.000000	0.000000	0.000000
442	0.000000	0.000000	0.000000	0.047505	0.949141	0.003354	0.000000	0.000000	0.000000
443	0.000000	0.000000	0.000000	0.047289	0.949358	0.003353	0.000000	0.000000	0.000000
444	0.000000	0.000000	0.000000	0.047096	0.949462	0.003442	0.000000	0.000000	0.000000
445	0.000000	0.000000	0.000000	0.047005	0.949487	0.003508	0.000000	0.000000	0.000000
446	0.000000	0.000000	0.000000	0.047202	0.949328	0.003470	0.000000	0.000000	0.000000
447	0.000000	0.000000	0.000000	0.047137	0.949353	0.003510	0.000000	0.000000	0.000000
448	0.000000	0.000000	0.000000	0.046935	0.949555	0.003510	0.000000	0.000000	0.000000
449	0.000000	0.000000	0.000000	0.046803	0.949674	0.003523	0.000000	0.000000	0.000000
450	0.000000	0.000000	0.000000	0.046875	0.949586	0.003539	0.000000	0.000000	0.000000
451	0.000000	0.000000	0.000000	0.046702	0.949780	0.003518	0.000000	0.000000	0.000000
452	0.000000	0.000000	0.000000	0.046601	0.949835	0.003564	0.000000	0.000000	0.000000
453	0.000000	0.000000	0.000000	0.046558	0.949796	0.003646	0.000000	0.000000	0.000000
454	0.000000	0.000000	0.000000	0.046528	0.949813	0.003659	0.000000	0.000000	0.000000
455	0.000000	0.000000	0.000000	0.046551	0.949865	0.003584	0.000000	0.000000	0.000000
456	0.000000	0.000000	0.000000	0.046610	0.949779	0.003611	0.000000	0.000000	0.000000
457	0.000000	0.000000	0.000000	0.046703	0.949676	0.003621	0.000000	0.000000	0.000000
458	0.000000	0.000000	0.000000	0.046571	0.949877	0.003552	0.000000	0.000000	0.000000
459	0.000000	0.000000	0.000000	0.046733	0.949715	0.003552	0.000000	0.000000	0.000000
460	0.000000	0.000000	0.000000	0.046597	0.949796	0.003607	0.000000	0.000000	0.000000
461	0.000000	0.000000	0.000000	0.046589	0.949814	0.003597	0.000000	0.000000	0.000000
462	0.000000	0.000000	0.000000	0.046767	0.949673	0.003560	0.000000	0.000000	0.000000
463	0.000000	0.000000	0.000000	0.046689	0.949789	0.003522	0.000000	0.000000	0.000000
464	0.000000	0.000000	0.000000	0.046762	0.949721	0.003517	0.000000	0.000000	0.000000
465	0.000000	0.000000	0.000000	0.046953	0.949457	0.003590	0.000000	0.000000	0.000000
466	0.000000	0.000000	0.000000	0.046912	0.949622	0.003466	0.000000	0.000000	0.000000
467	0.000000	0.000000	0.000000	0.046760	0.949761	0.003479	0.000000	0.000000	0.000000
468	0.000000	0.000000	0.000000	0.046783	0.949681	0.003536	0.000000	0.000000	0.000000
469	0.000000	0.000000	0.000000	0.046724	0.949730	0.003546	0.000000	0.000000	0.000000
470	0.000000	0.000000	0.000000	0.046736	0.949752	0.003512	0.000000	0.000000	0.000000
