0	0.290663	0.057897	0.229473	0.157588	0.029913	0.111872	0.085455	0.012259	0.024880
1	0.255527	0.052733	0.218367	0.123741	0.025419	0.107013	0.110460	0.021380	0.085360
2	0.277376	0.055858	0.235155	0.105499	0.023326	0.092574	0.102929	0.019949	0.087334
3	0.304002	0.059607	0.250551	0.089752	0.021510	0.078842	0.092769	0.017733	0.085234
4	0.331174	0.062925	0.263219	0.075468	0.020316	0.065979	0.082344	0.015762	0.082813
5	0.356783	0.065668	0.274675	0.063169	0.019058	0.054930	0.072862	0.013689	0.079166
6	0.381087	0.067870	0.284187	0.052650	0.017880	0.045283	0.063452	0.012104	0.075487
7	0.402403	0.069899	0.292736	0.043826	0.016927	0.037251	0.055577	0.010388	0.070993
8	0.422005	0.071680	0.299449	0.036179	0.016082	0.030607	0.047829	0.009012	0.067157
9	0.439827	0.072940	0.304578	0.029917	0.015337	0.025196	0.041110	0.007860	0.063235
10	0.455984	0.074198	0.308548	0.024767	0.014539	0.020670	0.035475	0.006784	0.059035
11	0.469535	0.075334	0.312413	0.020376	0.014002	0.016965	0.030528	0.005861	0.054986
12	0.481484	0.076067	0.315885	0.016830	0.013176	0.013685	0.026209	0.004946	0.051718
13	0.493079	0.077035	0.317382	0.013904	0.012402	0.011458	0.022492	0.004186	0.048062
14	0.503229	0.077421	0.318420	0.011375	0.011971	0.009581	0.019334	0.003637	0.045032
15	0.512003	0.077696	0.319850	0.009647	0.011571	0.007904	0.016361	0.003200	0.041768
16	0.520014	0.077978	0.320308	0.008139	0.011055	0.006553	0.014334	0.002666	0.038953
17	0.526636	0.078519	0.320929	0.006783	0.010469	0.005485	0.012354	0.002332	0.036493
18	0.532805	0.078188	0.321261	0.005899	0.010187	0.004641	0.010661	0.002042	0.034316
19	0.538522	0.078363	0.321237	0.004887	0.009783	0.004019	0.009259	0.001792	0.032138
20	0.542572	0.077916	0.322572	0.004241	0.009399	0.003501	0.008006	0.001540	0.030253
21	0.547779	0.078072	0.321969	0.003540	0.009162	0.002998	0.006904	0.001374	0.028202
22	0.550699	0.077955	0.322927	0.003153	0.008770	0.002571	0.006142	0.001199	0.026584
23	0.554095	0.077853	0.322813	0.002772	0.008530	0.002224	0.005385	0.001053	0.025275
24	0.557046	0.077597	0.323389	0.002387	0.008221	0.001902	0.004758	0.000936	0.023764
25	0.559682	0.077613	0.323152	0.002191	0.008067	0.001671	0.004187	0.000849	0.022588
26	0.562264	0.077534	0.323065	0.001941	0.007884	0.001425	0.003644	0.000729	0.021514
27	0.564706	0.077578	0.322828	0.001680	0.007735	0.001275	0.003235	0.000659	0.020304
28	0.567243	0.077607	0.322216	0.001521	0.007611	0.001098	0.002904	0.000575	0.019225
29	0.569586	0.077207	0.322490	0.001322	0.007307	0.000980	0.002538	0.000527	0.018043
30	0.571031	0.077367	0.322533	0.001215	0.007053	0.000865	0.002310	0.000429	0.017197
31	0.572673	0.076716	0.322934	0.001111	0.007004	0.000789	0.001988	0.000396	0.016389
32	0.574166	0.076575	0.323110	0.000931	0.006894	0.000666	0.001758	0.000348	0.015552
33	0.575667	0.076780	0.322422	0.000887	0.006790	0.000645	0.001563	0.000282	0.014964
34	0.577094	0.076958	0.321869	0.000783	0.006632	0.000582	0.001407	0.000254	0.014421
35	0.578663	0.076734	0.321769	0.000721	0.006422	0.000538	0.001245	0.000272	0.013636
36	0.579804	0.076607	0.321861	0.000674	0.006313	0.000481	0.001128	0.000211	0.012921
37	0.581329	0.076449	0.321386	0.000613	0.006243	0.000446	0.001007	0.000177	0.012350
38	0.581769	0.076774	0.321437	0.000529	0.006147	0.000406	0.000835	0.000139	0.011964
39	0.582871	0.076665	0.321207	0.000555	0.006020	0.000379	0.000772	0.000135	0.011396
40	0.582456	0.077151	0.321750	0.000494	0.005952	0.000328	0.000724	0.000144	0.011001
41	0.583559	0.077151	0.321327	0.000485	0.005885	0.000320	0.000620	0.000113	0.010540
42	0.584870	0.076708	0.321103	0.000458	0.005744	0.000288	0.000555	0.000086	0.010188
43	0.585592	0.076525	0.321262	0.000426	0.005691	0.000247	0.000510	0.000060	0.009687
44	0.586182	0.076263	0.321180	0.000382	0.005709	0.000251	0.000467	0.000045	0.009521
45	0.586445	0.076312	0.321278	0.000341	0.005612	0.000229	0.000432	0.000047	0.009304
46	0.587301	0.076413	0.320953	0.000352	0.005470	0.000216	0.000360	0.000037	0.008898
47	0.587491	0.076583	0.321049	0.000306	0.005411	0.000187	0.000340	0.000032	0.008601
48	0.587990	0.076166	0.321220	0.000320	0.005402	0.000171	0.000315	0.000032	0.008384
49	0.588789	0.076020	0.321007	0.000274	0.005397	0.000185	0.000288	0.000037	0.008003
50	0.589259	0.075847	0.321176	0.000264	0.005257	0.000162	0.000271	0.000033	0.007731
51	0.589765	0.075703	0.321305	0.000227	0.005218	0.000146	0.000246	0.000030	0.007360
52	0.589928	0.075408	0.321657	0.000213	0.005214	0.000159	0.000216	0.000027	0.007178
53	0.590387	0.075289	0.321697	0.000201	0.005232	0.000140	0.000176	0.000025	0.006853
54	0.590318	0.075575	0.321839	0.000167	0.005117	0.000128	0.000160	0.000026	0.006670
55	0.590132	0.075748	0.322314	0.000163	0.005024	0.000124	0.000145	0.000032	0.006318
56	0.590328	0.075571	0.322473	0.000155	0.005052	0.000105	0.000120	0.000026	0.006170
57	0.590351	0.075639	0.322515	0.000137	0.005052	0.000096	0.000100	0.000016	0.006094
58	0.590303	0.075403	0.322929	0.000128	0.005073	0.000102	0.000096	0.000015	0.005951
59	0.590839	0.075564	0.322385	0.000098	0.005098	0.000091	0.000086	0.000023	0.005816
60	0.590696	0.075429	0.322776	0.000094	0.005102	0.000091	0.000084	0.000012	0.005716
61	0.590849	0.075447	0.322863	0.000097	0.005056	0.000098	0.000078	0.000014	0.005498
62	0.590724	0.075503	0.323043	0.000094	0.005081	0.000100	0.000087	0.000019	0.005349
63	0.590926	0.075443	0.323182	0.000092	0.005013	0.000095	0.000058	0.000019	0.005172
64	0.591639	0.075645	0.322469	0.000085	0.005015	0.000072	0.000060	0.000011	0.005004
65	0.592215	0.075248	0.322431	0.000077	0.004930	0.000080	0.000061	0.000011	0.004947
66	0.592473	0.075178	0.322393	0.000075	0.004882	0.000077	0.000046	0.000014	0.004862
67	0.592972	0.075205	0.322206	0.000070	0.004789	0.000085	0.000035	0.000006	0.004632
68	0.592523	0.074817	0.323220	0.000066	0.004745	0.000097	0.000037	0.000004	0.004491
69	0.592498	0.074940	0.323241	0.000062	0.004648	0.000079	0.000033	0.000004	0.004495
70	0.592102	0.074972	0.323761	0.000054	0.004714	0.000096	0.000029	0.000005	0.004267
71	0.592334	0.074746	0.323912	0.000051	0.004713	0.000098	0.000020	0.000002	0.004124
72	0.592684	0.074587	0.323919	0.000052	0.004664	0.000097	0.000022	0.000005	0.003970
73	0.593318	0.074477	0.323530	0.000053	0.004674	0.000104	0.000024	0.000005	0.003815
74	0.593398	0.074198	0.323789	0.000047	0.004706	0.000097	0.000027	0.000007	0.003731
75	0.593118	0.074304	0.324108	0.000047	0.004674	0.000096	0.000024	0.000011	0.003618
76	0.593434	0.074584	0.323698	0.000054	0.004542	0.000082	0.000015	0.000012	0.003579
77	0.593470	0.074340	0.324146	0.000038	0.004433	0.000082	0.000021	0.000004	0.003466
78	0.593330	0.074145	0.324488	0.000028	0.004473	0.000079	0.000013	0.000005	0.003439
79	0.593415	0.073928	0.324703	0.000036	0.004429	0.000080	0.000014	0.000003	0.003392
80	0.593804	0.074311	0.324048	0.000034	0.004443	0.000068	0.000009	0.000001	0.003282
81	0.594239	0.073995	0.323917	0.000038	0.004453	0.000065	0.000010	0.000001	0.003282
82	0.594187	0.073957	0.324122	0.000039	0.004461	0.000057	0.000011	0.000001	0.003165
83	0.594961	0.073573	0.323843	0.000035	0.004369	0.000052	0.000008	0.000000	0.003159
84	0.594806	0.073546	0.324058	0.000036	0.004371	0.000051	0.000007	0.000000	0.003125
85	0.595255	0.073304	0.324004	0.000036	0.004353	0.000045	0.000006	0.000000	0.002997
86	0.595174	0.073108	0.324371	0.000041	0.004248	0.000049	0.000006	0.000000	0.003003
87	0.595654	0.072969	0.324262	0.000024	0.004169	0.000053	0.000005	0.000000	0.002864
88	0.595963	0.072678	0.324411	0.000025	0.004080	0.000045	0.000004	0.000000	0.002794
89	0.595615	0.073014	0.324435	0.000022	0.004112	0.000051	0.000004	0.000000	0.002747
90	0.595891	0.072824	0.324259	0.000025	0.004118	0.000051	0.000002	0.000000	0.002830
91	0.596412	0.072495	0.324197	0.000022	0.004073	0.000052	0.000004	0.000000	0.002745
92	0.597000	0.072305	0.323929	0.000028	0.003965	0.000050	0.000003	0.000000	0.002720
93	0.596901	0.072195	0.324243	0.000022	0.003932	0.000047	0.000002	0.000000	0.002658
94	0.596687	0.071814	0.324985	0.000026	0.003860	0.000039	0.000005	0.000000	0.002584
95	0.597233	0.071533	0.324783	0.000023	0.003782	0.000030	0.000003	0.000000	0.002613
96	0.597989	0.071715	0.323872	0.000018	0.003781	0.000024	0.000002	0.000000	0.002599
97	0.598020	0.071448	0.324107	0.000020	0.003840	0.000023	0.000000	0.000000	0.002542
98	0.597597	0.071655	0.324469	0.000013	0.003815	0.000025	0.000000	0.000000	0.002426
99	0.598356	0.071321	0.324085	0.000020	0.003780	0.000033	0.000000	0.000000	0.002405
100	0.598393	0.071402	0.324032	0.000022	0.003739	0.000033	0.000000	0.000000	0.002379
101	0.599388	0.071213	0.323330	0.000024	0.003692	0.000031	0.000000	0.000000	0.002322
102	0.599983	0.070856	0.323159	0.000022	0.003624	0.000040	0.000000	0.000000	0.002316
103	0.600026	0.070727	0.323352	0.000022	0.003597	0.000031	0.000000	0.000000	0.002245
104	0.600114	0.070761	0.323345	0.000029	0.003505	0.000030	0.000000	0.000000	0.002216
105	0.599924	0.070916	0.323523	0.000031	0.003482	0.000035	0.000000	0.000000	0.002089
106	0.600457	0.070844	0.323151	0.000016	0.003473	0.000040	0.000000	0.000000	0.002019
107	0.600563	0.071015	0.322982	0.000024	0.003384	0.000040	0.000000	0.000000	0.001992
108	0.601246	0.070837	0.322661	0.000027	0.003304	0.000029	0.000000	0.000000	0.001896
109	0.601234	0.070879	0.322729	0.000020	0.003186	0.000038	0.000000	0.000000	0.001914
110	0.601257	0.070512	0.323070	0.000026	0.003179	0.000044	0.000000	0.000000	0.001912
111	0.600732	0.070410	0.323877	0.000022	0.003047	0.000045	0.000000	0.000000	0.001867
112	0.600951	0.070446	0.323721	0.000025	0.002981	0.000035	0.000000	0.000000	0.001841
113	0.601736	0.070023	0.323400	0.000022	0.002964	0.000039	0.000000	0.000000	0.001816
114	0.600799	0.070341	0.324062	0.000025	0.002955	0.000035	0.000000	0.000000	0.001783
115	0.601162	0.070219	0.323856	0.000018	0.002905	0.000039	0.000000	0.000000	0.001801
116	0.601361	0.070138	0.323906	0.000021	0.002826	0.000044	0.000000	0.000000	0.001704
117	0.602022	0.069954	0.323447	0.000025	0.002768	0.000040	0.000000	0.000000	0.001744
118	0.601874	0.070028	0.323617	0.000031	0.002728	0.000032	0.000000	0.000000	0.001690
119	0.601826	0.070167	0.323534	0.000025	0.002735	0.000031	0.000000	0.000000	0.001682
120	0.602039	0.070115	0.323546	0.000021	0.002644	0.000032	0.000000	0.000000	0.001603
121	0.601246	0.070452	0.323987	0.000025	0.002668	0.000030	0.000000	0.000000	0.001592
122	0.600814	0.070319	0.324637	0.000024	0.002597	0.000028	0.000000	0.000000	0.001581
123	0.600988	0.070313	0.324514	0.000024	0.002598	0.000031	0.000000	0.000000	0.001532
124	0.601714	0.070215	0.323967	0.000028	0.002517	0.000028	0.000000	0.000000	0.001531
125	0.601773	0.070286	0.323897	0.000028	0.002464	0.000023	0.000000	0.000000	0.001529
126	0.601371	0.070320	0.324325	0.000029	0.002442	0.000025	0.000000	0.000000	0.001488
127	0.601131	0.070365	0.324588	0.000020	0.002421	0.000026	0.000000	0.000000	0.001449
128	0.600870	0.070702	0.324650	0.000016	0.002321	0.000024	0.000000	0.000000	0.001417
129	0.601192	0.070608	0.324455	0.000023	0.002308	0.000016	0.000000	0.000000	0.001398
130	0.600783	0.070472	0.325117	0.000018	0.002217	0.000012	0.000000	0.000000	0.001381
131	0.601045	0.070349	0.325005	0.000021	0.002203	0.000022	0.000000	0.000000	0.001355
132	0.600476	0.070619	0.325355	0.000019	0.002194	0.000022	0.000000	0.000000	0.001315
133	0.600171	0.070652	0.325721	0.000018	0.002107	0.000022	0.000000	0.000000	0.001309
134	0.600661	0.070972	0.324950	0.000016	0.002046	0.000019	0.000000	0.000000	0.001336
135	0.600602	0.071086	0.324965	0.000018	0.001998	0.000026	0.000000	0.000000	0.001305
136	0.600310	0.071204	0.325135	0.000013	0.002029	0.000023	0.000000	0.000000	0.001286
137	0.600608	0.071394	0.324722	0.000011	0.002025	0.000016	0.000000	0.000000	0.001224
138	0.600233	0.071024	0.325520	0.000017	0.001947	0.000016	0.000000	0.000000	0.001243
139	0.600042	0.070900	0.325901	0.000020	0.001931	0.000014	0.000000	0.000000	0.001192
140	0.600121	0.070899	0.325837	0.000024	0.001916	0.000018	0.000000	0.000000	0.001185
141	0.600404	0.070712	0.325721	0.000022	0.001903	0.000017	0.000000	0.000000	0.001221
142	0.600480	0.070668	0.325789	0.000016	0.001863	0.000014	0.000000	0.000000	0.001170
143	0.600414	0.071155	0.325532	0.000014	0.001766	0.000018	0.000000	0.000000	0.001101
144	0.600288	0.071160	0.325668	0.000013	0.001754	0.000014	0.000000	0.000000	0.001103
145	0.600501	0.071171	0.325513	0.000022	0.001707	0.000014	0.000000	0.000000	0.001072
146	0.600122	0.071358	0.325733	0.000020	0.001684	0.000014	0.000000	0.000000	0.001069
147	0.600144	0.071149	0.325945	0.000023	0.001663	0.000012	0.000000	0.000000	0.001064
148	0.600759	0.071426	0.325150	0.000015	0.001572	0.000006	0.000000	0.000000	0.001072
149	0.600361	0.071411	0.325657	0.000011	0.001528	0.000007	0.000000	0.000000	0.001025
150	0.600801	0.071232	0.325399	0.000011	0.001506	0.000007	0.000000	0.000000	0.001044
151	0.600916	0.071315	0.325308	0.000012	0.001439	0.000007	0.000000	0.000000	0.001003
152	0.601620	0.071419	0.324514	0.000006	0.001439	0.000003	0.000000	0.000000	0.000999
153	0.601609	0.071485	0.324471	0.000007	0.001400	0.000003	0.000000	0.000000	0.001025
154	0.602146	0.071500	0.324001	0.000006	0.001351	0.000005	0.000000	0.000000	0.000991
155	0.602888	0.071043	0.323738	0.000006	0.001333	0.000004	0.000000	0.000000	0.000988
156	0.603253	0.070799	0.323675	0.000005	0.001286	0.000003	0.000000	0.000000	0.000979
157	0.603748	0.070607	0.323375	0.000005	0.001272	0.000001	0.000000	0.000000	0.000992
158	0.603963	0.070831	0.322961	0.000007	0.001246	0.000001	0.000000	0.000000	0.000991
159	0.603690	0.070963	0.323075	0.000006	0.001264	0.000003	0.000000	0.000000	0.000999
160	0.603275	0.071024	0.323474	0.000008	0.001214	0.000004	0.000000	0.000000	0.001001
161	0.602711	0.071000	0.324149	0.000006	0.001148	0.000006	0.000000	0.000000	0.000980
162	0.603202	0.071073	0.323594	0.000006	0.001150	0.000006	0.000000	0.000000	0.000969
163	0.602947	0.071261	0.323696	0.000004	0.001155	0.000005	0.000000	0.000000	0.000932
164	0.602633	0.071281	0.324020	0.000004	0.001106	0.000003	0.000000	0.000000	0.000953
165	0.602667	0.071205	0.324091	0.000003	0.001084	0.000005	0.000000	0.000000	0.000945
166	0.602640	0.071431	0.323970	0.000004	0.001032	0.000001	0.000000	0.000000	0.000922
167	0.601994	0.071214	0.324832	0.000002	0.001038	0.000003	0.000000	0.000000	0.000917
168	0.602470	0.071052	0.324500	0.000003	0.001045	0.000002	0.000000	0.000000	0.000928
169	0.601805	0.070872	0.325353	0.000001	0.001044	0.000001	0.000000	0.000000	0.000924
170	0.602319	0.071106	0.324675	0.000001	0.001031	0.000003	0.000000	0.000000	0.000865
171	0.602639	0.070941	0.324491	0.000002	0.001037	0.000001	0.000000	0.000000	0.000889
172	0.602168	0.070940	0.325039	0.000001	0.000992	0.000002	0.000000	0.000000	0.000858
173	0.601574	0.071252	0.325370	0.000001	0.000942	0.000002	0.000000	0.000000	0.000859
174	0.601504	0.070823	0.325924	0.000002	0.000926	0.000000	0.000000	0.000000	0.000821
175	0.601505	0.070841	0.325924	0.000002	0.000912	0.000000	0.000000	0.000000	0.000816
176	0.601450	0.071267	0.325576	0.000001	0.000901	0.000000	0.000000	0.000000	0.000805
177	0.601369	0.071106	0.325867	0.000002	0.000864	0.000000	0.000000	0.000000	0.000792
178	0.601235	0.071290	0.325867	0.000001	0.000843	0.000000	0.000000	0.000000	0.000764
179	0.601298	0.071346	0.325774	0.000002	0.000799	0.000000	0.000000	0.000000	0.000781
180	0.601498	0.071237	0.325722	0.000001	0.000798	0.000000	0.000000	0.000000	0.000744
181	0.601703	0.071299	0.325464	0.000002	0.000772	0.000000	0.000000	0.000000	0.000760
182	0.601369	0.071155	0.325972	0.000003	0.000771	0.000000	0.000000	0.000000	0.000730
183	0.601645	0.071265	0.325629	0.000001	0.000767	0.000000	0.000000	0.000000	0.000693
184	0.601576	0.071394	0.325606	0.000001	0.000731	0.000000	0.000000	0.000000	0.000692
185	0.600656	0.071554	0.326402	0.000000	0.000749	0.000000	0.000000	0.000000	0.000639
186	0.601019	0.071410	0.326173	0.000000	0.000737	0.000000	0.000000	0.000000	0.000661
187	0.600802	0.071652	0.326140	0.000001	0.000732	0.000000	0.000000	0.000000	0.000673
188	0.600822	0.071484	0.326275	0.000000	0.000738	0.000000	0.000000	0.000000	0.000681
189	0.601374	0.071406	0.325830	0.000001	0.000721	0.000000	0.000000	0.000000	0.000668
190	0.600259	0.071268	0.327149	0.000001	0.000716	0.000000	0.000000	0.000000	0.000607
191	0.601143	0.071443	0.326130	0.000002	0.000689	0.000000	0.000000	0.000000	0.000593
192	0.601364	0.071313	0.326073	0.000001	0.000646	0.000000	0.000000	0.000000	0.000603
193	0.601223	0.071243	0.326268	0.000000	0.000672	0.000000	0.000000	0.000000	0.000594
194	0.601006	0.071338	0.326435	0.000000	0.000653	0.000000	0.000000	0.000000	0.000568
195	0.600560	0.071410	0.326803	0.000001	0.000660	0.000000	0.000000	0.000000	0.000566
196	0.600524	0.071225	0.327025	0.000000	0.000659	0.000000	0.000000	0.000000	0.000567
197	0.600644	0.071033	0.327065	0.000001	0.000681	0.000000	0.000000	0.000000	0.000576
198	0.599764	0.070916	0.328069	0.000001	0.000676	0.000000	0.000000	0.000000	0.000574
199	0.599811	0.071037	0.327995	0.000000	0.000661	0.000000	0.000000	0.000000	0.000496
200	0.600402	0.071194	0.327212	0.000000	0.000662	0.000000	0.000000	0.000000	0.000530
201	0.599697	0.071183	0.327957	0.000000	0.000643	0.000000	0.000000	0.000000	0.000520
202	0.599629	0.071550	0.327643	0.000000	0.000641	0.000000	0.000000	0.000000	0.000537
203	0.599827	0.071407	0.327583	0.000000	0.000655	0.000000	0.000000	0.000000	0.000528
204	0.599817	0.071695	0.327324	0.000000	0.000662	0.000000	0.000000	0.000000	0.000502
205	0.600004	0.071572	0.327256	0.000000	0.000648	0.000000	0.000000	0.000000	0.000520
206	0.599365	0.071465	0.327972	0.000000	0.000672	0.000000	0.000000	0.000000	0.000526
207	0.599152	0.071353	0.328270	0.000000	0.000715	0.000000	0.000000	0.000000	0.000510
208	0.599834	0.071170	0.327778	0.000000	0.000722	0.000000	0.000000	0.000000	0.000496
209	0.599744	0.071387	0.327629	0.000000	0.000721	0.000000	0.000000	0.000000	0.000519
210	0.600014	0.071652	0.327123	0.000000	0.000721	0.000000	0.000000	0.000000	0.000490
211	0.599696	0.071607	0.327487	0.000000	0.000722	0.000000	0.000000	0.000000	0.000488
212	0.599812	0.071621	0.327382	0.000000	0.000716	0.000000	0.000000	0.000000	0.000469
213	0.600616	0.071442	0.326788	0.000000	0.000708	0.000000	0.000000	0.000000	0.000446
214	0.601003	0.071564	0.326270	0.000000	0.000719	0.000000	0.000000	0.000000	0.000444
215	0.601088	0.071594	0.326184	0.000000	0.000693	0.000000	0.000000	0.000000	0.000441
216	0.601031	0.071545	0.326303	0.000000	0.000688	0.000000	0.000000	0.000000	0.000433
217	0.600799	0.071764	0.326326	0.000000	0.000708	0.000000	0.000000	0.000000	0.000403
218	0.601129	0.071494	0.326332	0.000000	0.000685	0.000000	0.000000	0.000000	0.000360
219	0.600905	0.071316	0.326718	0.000000	0.000688	0.000000	0.000000	0.000000	0.000373
220	0.600767	0.071155	0.327032	0.000000	0.000690	0.000000	0.000000	0.000000	0.000356
221	0.600717	0.071457	0.326757	0.000000	0.000706	0.000000	0.000000	0.000000	0.000363
222	0.600160	0.071274	0.327518	0.000000	0.000696	0.000000	0.000000	0.000000	0.000352
223	0.599418	0.071505	0.327996	0.000000	0.000708	0.000000	0.000000	0.000000	0.000373
224	0.599116	0.071805	0.328003	0.000000	0.000710	0.000000	0.000000	0.000000	0.000366
225	0.599243	0.071532	0.328174	0.000000	0.000681	0.000000	0.000000	0.000000	0.000370
226	0.598764	0.071753	0.328427	0.000000	0.000698	0.000000	0.000000	0.000000	0.000358
227	0.598656	0.071734	0.328553	0.000000	0.000687	0.000000	0.000000	0.000000	0.000370
228	0.599220	0.071581	0.328160	0.000000	0.000701	0.000000	0.000000	0.000000	0.000338
229	0.598502	0.071536	0.328944	0.000000	0.000705	0.000000	0.000000	0.000000	0.000313
230	0.598642	0.071594	0.328760	0.000000	0.000689	0.000000	0.000000	0.000000	0.000315
231	0.599254	0.071306	0.328457	0.000000	0.000681	0.000000	0.000000	0.000000	0.000302
232	0.599808	0.071429	0.327768	0.000000	0.000704	0.000000	0.000000	0.000000	0.000291
233	0.599388	0.071486	0.328168	0.000000	0.000677	0.000000	0.000000	0.000000	0.000281
234	0.599590	0.071216	0.328186	0.000000	0.000724	0.000000	0.000000	0.000000	0.000284
235	0.599890	0.070983	0.328138	0.000000	0.000701	0.000000	0.000000	0.000000	0.000288
236	0.599566	0.071315	0.328173	0.000000	0.000681	0.000000	0.000000	0.000000	0.000265
237	0.599101	0.071716	0.328208	0.000000	0.000689	0.000000	0.000000	0.000000	0.000286
238	0.598948	0.071681	0.328393	0.000000	0.000710	0.000000	0.000000	0.000000	0.000268
239	0.598490	0.071997	0.328505	0.000000	0.000736	0.000000	0.000000	0.000000	0.000272
240	0.599167	0.072107	0.327684	0.000000	0.000774	0.000000	0.000000	0.000000	0.000268
241	0.599337	0.071891	0.327714	0.000000	0.000793	0.000000	0.000000	0.000000	0.000265
242	0.599216	0.071932	0.327819	0.000000	0.000794	0.000000	0.000000	0.000000	0.000239
243	0.598914	0.072215	0.327813	0.000000	0.000795	0.000000	0.000000	0.000000	0.000263
244	0.598368	0.072393	0.328153	0.000000	0.000809	0.000000	0.000000	0.000000	0.000277
245	0.598441	0.072639	0.327856	0.000000	0.000796	0.000000	0.000000	0.000000	0.000268
246	0.599064	0.072250	0.327643	0.000000	0.000771	0.000000	0.000000	0.000000	0.000272
247	0.599121	0.072377	0.327452	0.000000	0.000765	0.000000	0.000000	0.000000	0.000285
248	0.599009	0.072248	0.327719	0.000000	0.000760	0.000000	0.000000	0.000000	0.000264
249	0.599089	0.072339	0.327575	0.000000	0.000730	0.000000	0.000000	0.000000	0.000267
250	0.599128	0.072545	0.327343	0.000000	0.000727	0.000000	0.000000	0.000000	0.000257
251	0.598895	0.072717	0.327391	0.000000	0.000740	0.000000	0.000000	0.000000	0.000257
252	0.598281	0.073008	0.327712	0.000000	0.000759	0.000000	0.000000	0.000000	0.000240
253	0.598749	0.072673	0.327574	0.000000	0.000750	0.000000	0.000000	0.000000	0.000254
254	0.598901	0.072503	0.327560	0.000000	0.000774	0.000000	0.000000	0.000000	0.000262
255	0.598345	0.072624	0.328011	0.000000	0.000759	0.000000	0.000000	0.000000	0.000261
256	0.598852	0.072668	0.327435	0.000000	0.000771	0.000000	0.000000	0.000000	0.000274
257	0.598216	0.072514	0.328277	0.000000	0.000732	0.000000	0.000000	0.000000	0.000261
258	0.598790	0.072321	0.327880	0.000000	0.000757	0.000000	0.000000	0.000000	0.000252
259	0.598418	0.072433	0.328144	0.000000	0.000729	0.000000	0.000000	0.000000	0.000276
260	0.598768	0.072180	0.328057	0.000000	0.000716	0.000000	0.000000	0.000000	0.000279
261	0.598434	0.072190	0.328393	0.000000	0.000742	0.000000	0.000000	0.000000	0.000241
262	0.598397	0.072266	0.328381	0.000000	0.000716	0.000000	0.000000	0.000000	0.000240
263	0.598213	0.072439	0.328439	0.000000	0.000684	0.000000	0.000000	0.000000	0.000225
264	0.598315	0.072394	0.328363	0.000000	0.000700	0.000000	0.000000	0.000000	0.000228
265	0.597761	0.072324	0.329022	0.000000	0.000660	0.000000	0.000000	0.000000	0.000233
266	0.598362	0.072028	0.328750	0.000000	0.000644	0.000000	0.000000	0.000000	0.000216
267	0.597935	0.072161	0.329023	0.000000	0.000648	0.000000	0.000000	0.000000	0.000233
268	0.597951	0.072126	0.329066	0.000000	0.000630	0.000000	0.000000	0.000000	0.000227
269	0.597978	0.072127	0.329044	0.000000	0.000628	0.000000	0.000000	0.000000	0.000223
270	0.597223	0.072275	0.329669	0.000000	0.000628	0.000000	0.000000	0.000000	0.000205
271	0.597148	0.072267	0.329780	0.000000	0.000593	0.000000	0.000000	0.000000	0.000212
272	0.597096	0.072295	0.329798	0.000000	0.000602	0.000000	0.000000	0.000000	0.000209
273	0.597788	0.071974	0.329427	0.000000	0.000606	0.000000	0.000000	0.000000	0.000205
274	0.597644	0.072095	0.329505	0.000000	0.000568	0.000000	0.000000	0.000000	0.000188
275	0.597787	0.072213	0.329300	0.000000	0.000521	0.000000	0.000000	0.000000	0.000179
276	0.597449	0.072002	0.329814	0.000000	0.000544	0.000000	0.000000	0.000000	0.000191
277	0.597359	0.072062	0.329906	0.000000	0.000486	0.000000	0.000000	0.000000	0.000187
278	0.597976	0.071801	0.329531	0.000000	0.000485	0.000000	0.000000	0.000000	0.000207
279	0.597621	0.071584	0.330137	0.000000	0.000471	0.000000	0.000000	0.000000	0.000187
280	0.597427	0.071244	0.330675	0.000000	0.000483	0.000000	0.000000	0.000000	0.000171
281	0.596735	0.071458	0.331138	0.000000	0.000486	0.000000	0.000000	0.000000	0.000183
282	0.596314	0.071605	0.331450	0.000000	0.000475	0.000000	0.000000	0.000000	0.000156
283	0.596059	0.071672	0.331651	0.000000	0.000442	0.000000	0.000000	0.000000	0.000176
284	0.595595	0.071911	0.331832	0.000000	0.000468	0.000000	0.000000	0.000000	0.000194
285	0.595940	0.071998	0.331376	0.000000	0.000505	0.000000	0.000000	0.000000	0.000181
286	0.595786	0.072005	0.331523	0.000000	0.000510	0.000000	0.000000	0.000000	0.000176
287	0.595702	0.072133	0.331506	0.000000	0.000478	0.000000	0.000000	0.000000	0.000181
288	0.595969	0.072249	0.331130	0.000000	0.000476	0.000000	0.000000	0.000000	0.000176
289	0.595715	0.072266	0.331366	0.000000	0.000464	0.000000	0.000000	0.000000	0.000189
290	0.595522	0.072468	0.331372	0.000000	0.000436	0.000000	0.000000	0.000000	0.000202
291	0.594888	0.072602	0.331866	0.000000	0.000444	0.000000	0.000000	0.000000	0.000200
292	0.595833	0.072246	0.331323	0.000000	0.000418	0.000000	0.000000	0.000000	0.000180
293	0.595504	0.072260	0.331635	0.000000	0.000416	0.000000	0.000000	0.000000	0.000185
294	0.596176	0.071871	0.331371	0.000000	0.000393	0.000000	0.000000	0.000000	0.000189
295	0.596451	0.071734	0.331235	0.000000	0.000385	0.000000	0.000000	0.000000	0.000195
296	0.596347	0.071494	0.331612	0.000000	0.000361	0.000000	0.000000	0.000000	0.000186
297	0.597181	0.071481	0.330787	0.000000	0.000369	0.000000	0.000000	0.000000	0.000182
298	0.597046	0.071511	0.330934	0.000000	0.000338	0.000000	0.000000	0.000000	0.000171
299	0.597510	0.071328	0.330654	0.000000	0.000324	0.000000	0.000000	0.000000	0.000184
300	0.597588	0.071278	0.330680	0.000000	0.000282	0.000000	0.000000	0.000000	0.000172
301	0.597558	0.071134	0.330883	0.000000	0.000276	0.000000	0.000000	0.000000	0.000149
302	0.597430	0.071211	0.330937	0.000000	0.000281	0.000000	0.000000	0.000000	0.000141
303	0.597660	0.071411	0.330505	0.000000	0.000267	0.000000	0.000000	0.000000	0.000157
304	0.598234	0.071004	0.330344	0.000000	0.000274	0.000000	0.000000	0.000000	0.000144
305	0.598522	0.071020	0.330064	0.000000	0.000259	0.000000	0.000000	0.000000	0.000135
306	0.598975	0.070901	0.329706	0.000000	0.000278	0.000000	0.000000	0.000000	0.000140
307	0.599065	0.071053	0.329504	0.000000	0.000255	0.000000	0.000000	0.000000	0.000123
308	0.598746	0.070915	0.329947	0.000000	0.000244	0.000000	0.000000	0.000000	0.000148
309	0.598707	0.071085	0.329833	0.000000	0.000229	0.000000	0.000000	0.000000	0.000146
310	0.599209	0.071150	0.329270	0.000000	0.000231	0.000000	0.000000	0.000000	0.000140
311	0.598948	0.071008	0.329704	0.000000	0.000211	0.000000	0.000000	0.000000	0.000129
312	0.599167	0.071250	0.329267	0.000000	0.000201	0.000000	0.000000	0.000000	0.000115
313	0.599544	0.071362	0.328778	0.000000	0.000197	0.000000	0.000000	0.000000	0.000119
314	0.599416	0.071516	0.328746	0.000000	0.000198	0.000000	0.000000	0.000000	0.000124
315	0.600070	0.071280	0.328329	0.000000	0.000199	0.000000	0.000000	0.000000	0.000122
316	0.600459	0.071215	0.328037	0.000000	0.000177	0.000000	0.000000	0.000000	0.000112
317	0.600050	0.071177	0.328494	0.000000	0.000169	0.000000	0.000000	0.000000	0.000110
318	0.600483	0.071091	0.328176	0.000000	0.000157	0.000000	0.000000	0.000000	0.000093
319	0.600136	0.071080	0.328543	0.000000	0.000148	0.000000	0.000000	0.000000	0.000093
320	0.600086	0.071139	0.328531	0.000000	0.000164	0.000000	0.000000	0.000000	0.000080
321	0.599076	0.071124	0.329567	0.000000	0.000149	0.000000	0.000000	0.000000	0.000084
322	0.599118	0.071315	0.329298	0.000000	0.000167	0.000000	0.000000	0.000000	0.000102
323	0.599031	0.071244	0.329480	0.000000	0.000150	0.000000	0.000000	0.000000	0.000095
324	0.598712	0.071425	0.329609	0.000000	0.000155	0.000000	0.000000	0.000000	0.000099
325	0.598919	0.071290	0.329543	0.000000	0.000147	0.000000	0.000000	0.000000	0.000101
326	0.599733	0.071073	0.328931	0.000000	0.000157	0.000000	0.000000	0.000000	0.000106
327	0.600091	0.071066	0.328595	0.000000	0.000144	0.000000	0.000000	0.000000	0.000104
328	0.600309	0.070769	0.328694	0.000000	0.000139	0.000000	0.000000	0.000000	0.000089
329	0.600622	0.070565	0.328590	0.000000	0.000133	0.000000	0.000000	0.000000	0.000090
330	0.600818	0.070524	0.328439	0.000000	0.000126	0.000000	0.000000	0.000000	0.000093
331	0.600490	0.070539	0.328766	0.000000	0.000125	0.000000	0.000000	0.000000	0.000080
332	0.600830	0.070197	0.328774	0.000000	0.000129	0.000000	0.000000	0.000000	0.000070
333	0.601096	0.070393	0.328316	0.000000	0.000129	0.000000	0.000000	0.000000	0.000066
334	0.600979	0.070453	0.328358	0.000000	0.000127	0.000000	0.000000	0.000000	0.000083
335	0.601516	0.070309	0.327993	0.000000	0.000115	0.000000	0.000000	0.000000	0.000067
336	0.601840	0.070168	0.327820	0.000000	0.000097	0.000000	0.000000	0.000000	0.000075
337	0.601523	0.069904	0.328407	0.000000	0.000101	0.000000	0.000000	0.000000	0.000065
338	0.601352	0.070132	0.328345	0.000000	0.000099	0.000000	0.000000	0.000000	0.000072
339	0.601434	0.070204	0.328196	0.000000	0.000101	0.000000	0.000000	0.000000	0.000065
340	0.601145	0.070444	0.328253	0.000000	0.000091	0.000000	0.000000	0.000000	0.000067
341	0.600935	0.070466	0.328435	0.000000	0.000093	0.000000	0.000000	0.000000	0.000071
342	0.600685	0.070519	0.328641	0.000000	0.000086	0.000000	0.000000	0.000000	0.000069
343	0.600556	0.070594	0.328694	0.000000	0.000086	0.000000	0.000000	0.000000	0.000070
344	0.599997	0.070967	0.328881	0.000000	0.000088	0.000000	0.000000	0.000000	0.000067
345	0.600507	0.070885	0.328467	0.000000	0.000077	0.000000	0.000000	0.000000	0.000064
346	0.600328	0.071153	0.328357	0.000000	0.000091	0.000000	0.000000	0.000000	0.000071
347	0.600938	0.071091	0.327821	0.000000	0.000087	0.000000	0.000000	0.000000	0.000063
348	0.600829	0.071093	0.327944	0.000000	0.000075	0.000000	0.000000	0.000000	0.000059
349	0.601706	0.070819	0.327330	0.000000	0.000076	0.000000	0.000000	0.000000	0.000069
350	0.601420	0.071053	0.327392	0.000000	0.000084	0.000000	0.000000	0.000000	0.000051
351	0.600976	0.071233	0.327665	0.000000	0.000083	0.000000	0.000000	0.000000	0.000043
352	0.600564	0.071257	0.328054	0.000000	0.000067	0.000000	0.000000	0.000000	0.000058
353	0.600822	0.071270	0.327775	0.000000	0.000069	0.000000	0.000000	0.000000	0.000064
354	0.600961	0.070935	0.327959	0.000000	0.000073	0.000000	0.000000	0.000000	0.000072
355	0.600149	0.071109	0.328610	0.000000	0.000069	0.000000	0.000000	0.000000	0.000063
356	0.600341	0.071126	0.328401	0.000000	0.000070	0.000000	0.000000	0.000000	0.000062
357	0.600008	0.071036	0.328831	0.000000	0.000060	0.000000	0.000000	0.000000	0.000065
358	0.600108	0.070895	0.328860	0.000000	0.000066	0.000000	0.000000	0.000000	0.000071
359	0.599904	0.071037	0.328919	0.000000	0.000068	0.000000	0.000000	0.000000	0.000072
360	0.600032	0.071062	0.328781	0.000000	0.000058	0.000000	0.000000	0.000000	0.000067
361	0.599660	0.071169	0.329047	0.000000	0.000063	0.000000	0.000000	0.000000	0.000061
362	0.599816	0.070554	0.329487	0.000000	0.000065	0.000000	0.000000	0.000000	0.000078
363	0.599609	0.070722	0.329520	0.000000	0.000065	0.000000	0.000000	0.000000	0.000084
364	0.599347	0.071018	0.329503	0.000000	0.000055	0.000000	0.000000	0.000000	0.000077
365	0.599480	0.070825	0.329569	0.000000	0.000056	0.000000	0.000000	0.000000	0.000070
366	0.598917	0.070738	0.330223	0.000000	0.000057	0.000000	0.000000	0.000000	0.000065
367	0.599178	0.070794	0.329919	0.000000	0.000050	0.000000	0.000000	0.000000	0.000059
368	0.598897	0.070849	0.330138	0.000000	0.000048	0.000000	0.000000	0.000000	0.000068
369	0.598409	0.070840	0.330651	0.000000	0.000041	0.000000	0.000000	0.000000	0.000059
370	0.598435	0.070947	0.330516	0.000000	0.000040	0.000000	0.000000	0.000000	0.000062
371	0.598724	0.070504	0.330658	0.000000	0.000047	0.000000	0.000000	0.000000	0.000067
372	0.598719	0.070662	0.330513	0.000000	0.000035	0.000000	0.000000	0.000000	0.000071
373	0.598911	0.070506	0.330482	0.000000	0.000044	0.000000	0.000000	0.000000	0.000057
374	0.598853	0.070235	0.330800	0.000000	0.000046	0.000000	0.000000	0.000000	0.000066
375	0.599711	0.069891	0.330291	0.000000	0.000048	0.000000	0.000000	0.000000	0.000059
376	0.599113	0.070175	0.330607	0.000000	0.000050	0.000000	0.000000	0.000000	0.000055
377	0.598710	0.069848	0.331333	0.000000	0.000045	0.000000	0.000000	0.000000	0.000064
378	0.598714	0.069773	0.331406	0.000000	0.000047	0.000000	0.000000	0.000000	0.000060
379	0.599220	0.069944	0.330728	0.000000	0.000042	0.000000	0.000000	0.000000	0.000066
380	0.599101	0.069806	0.330984	0.000000	0.000041	0.000000	0.000000	0.000000	0.000068
381	0.599163	0.069716	0.331000	0.000000	0.000036	0.000000	0.000000	0.000000	0.000085
382	0.598863	0.069801	0.331216	0.000000	0.000032	0.000000	0.000000	0.000000	0.000088
383	0.599024	0.069761	0.331089	0.000000	0.000029	0.000000	0.000000	0.000000	0.000097
384	0.599069	0.069619	0.331182	0.000000	0.000037	0.000000	0.000000	0.000000	0.000093
385	0.598843	0.069744	0.331292	0.000000	0.000032	0.000000	0.000000	0.000000	0.000089
386	0.598935	0.069591	0.331337	0.000000	0.000031	0.000000	0.000000	0.000000	0.000106
387	0.599204	0.069701	0.330980	0.000000	0.000023	0.000000	0.000000	0.000000	0.000092
388	0.599308	0.069601	0.330963	0.000000	0.000030	0.000000	0.000000	0.000000	0.000098
389	0.598937	0.069425	0.331500	0.000000	0.000033	0.000000	0.000000	0.000000	0.000105
390	0.599260	0.069120	0.331479	0.000000	0.000034	0.000000	0.000000	0.000000	0.000107
391	0.598537	0.069630	0.331685	0.000000	0.000034	0.000000	0.000000	0.000000	0.000114
392	0.598632	0.069458	0.331776	0.000000	0.000033	0.000000	0.000000	0.000000	0.000101
393	0.598509	0.069853	0.331507	0.000000	0.000034	0.000000	0.000000	0.000000	0.000097
394	0.598318	0.070003	0.331541	0.000000	0.000032	0.000000	0.000000	0.000000	0.000106
395	0.598565	0.070043	0.331243	0.000000	0.000033	0.000000	0.000000	0.000000	0.000116
396	0.599233	0.069772	0.330842	0.000000	0.000034	0.000000	0.000000	0.000000	0.000119
397	0.599091	0.069940	0.330816	0.000000	0.000027	0.000000	0.000000	0.000000	0.000126
398	0.599214	0.070072	0.330561	0.000000	0.000019	0.000000	0.000000	0.000000	0.000134
399	0.598565	0.070523	0.330760	0.000000	0.000019	0.000000	0.000000	0.000000	0.000133
400	0.598627	0.070370	0.330850	0.000000	0.000021	0.000000	0.000000	0.000000	0.000132
401	0.598397	0.070218	0.331221	0.000000	0.000018	0.000000	0.000000	0.000000	0.000146
402	0.598089	0.070061	0.331693	0.000000	0.000015	0.000000	0.000000	0.000000	0.000142
403	0.598483	0.070164	0.331200	0.000000	0.000012	0.000000	0.000000	0.000000	0.000141
404	0.599053	0.070242	0.330540	0.000000	0.000013	0.000000	0.000000	0.000000	0.000152
405	0.599187	0.070056	0.330609	0.000000	0.000014	0.000000	0.000000	0.000000	0.000134
406	0.599456	0.070420	0.329949	0.000000	0.000014	0.000000	0.000000	0.000000	0.000161
407	0.599066	0.070325	0.330440	0.000000	0.000014	0.000000	0.000000	0.000000	0.000155
408	0.598675	0.070028	0.331136	0.000000	0.000010	0.000000	0.000000	0.000000	0.000151
409	0.598303	0.069922	0.331598	0.000000	0.000011	0.000000	0.000000	0.000000	0.000166
410	0.597752	0.070202	0.331891	0.000000	0.000010	0.000000	0.000000	0.000000	0.000145
411	0.597985	0.070146	0.331737	0.000000	0.000010	0.000000	0.000000	0.000000	0.000122
412	0.598654	0.069981	0.331224	0.000000	0.000012	0.000000	0.000000	0.000000	0.000129
413	0.597856	0.070138	0.331860	0.000000	0.000011	0.000000	0.000000	0.000000	0.000135
414	0.597611	0.070338	0.331903	0.000000	0.000011	0.000000	0.000000	0.000000	0.000137
415	0.597359	0.070535	0.331941	0.000000	0.000014	0.000000	0.000000	0.000000	0.000151
416	0.597531	0.070374	0.331932	0.000000	0.000011	0.000000	0.000000	0.000000	0.000152
417	0.597704	0.070537	0.331586	0.000000	0.000012	0.000000	0.000000	0.000000	0.000161
418	0.598240	0.070736	0.330842	0.000000	0.000010	0.000000	0.000000	0.000000	0.000172
419	0.598684	0.070374	0.330759	0.000000	0.000009	0.000000	0.000000	0.000000	0.000174
420	0.597831	0.070300	0.331693	0.000000	0.000009	0.000000	0.000000	0.000000	0.000167
421	0.598497	0.070356	0.330976	0.000000	0.000011	0.000000	0.000000	0.000000	0.000160
422	0.598256	0.070667	0.330900	0.000000	0.000008	0.000000	0.000000	0.000000	0.000169
423	0.598661	0.070253	0.330911	0.000000	0.000008	0.000000	0.000000	0.000000	0.000167
424	0.598785	0.070268	0.330763	0.000000	0.000008	0.000000	0.000000	0.000000	0.000176
425	0.598473	0.070265	0.331077	0.000000	0.000009	0.000000	0.000000	0.000000	0.000176
426	0.598517	0.070501	0.330814	0.000000	0.000002	0.000000	0.000000	0.000000	0.000166
427	0.598338	0.070722	0.330773	0.000000	0.000002	0.000000	0.000000	0.000000	0.000165
428	0.598087	0.070818	0.330919	0.000000	0.000001	0.000000	0.000000	0.000000	0.000175
429	0.598134	0.070590	0.331119	0.000000	0.000001	0.000000	0.000000	0.000000	0.000156
430	0.598455	0.070541	0.330830	0.000000	0.000003	0.000000	0.000000	0.000000	0.000171
431	0.598533	0.070694	0.330601	0.000000	0.000002	0.000000	0.000000	0.000000	0.000170
432	0.598575	0.070243	0.331022	0.000000	0.000000	0.000000	0.000000	0.000000	0.000160
433	0.598433	0.070353	0.331030	0.000000	0.000002	0.000000	0.000000	0.000000	0.000182
434	0.598758	0.070523	0.330548	0.000000	0.000002	0.000000	0.000000	0.000000	0.000169
435	0.598659	0.070643	0.330505	0.000000	0.000000	0.000000	0.000000	0.000000	0.000193
436	0.598166	0.070426	0.331226	0.000000	0.000001	0.000000	0.000000	0.000000	0.000181
437	0.598532	0.070739	0.330532	0.000000	0.000001	0.000000	0.000000	0.000000	0.000196
438	0.598991	0.071004	0.329811	0.000000	0.000000	0.000000	0.000000	0.000000	0.000194
439	0.599294	0.070515	0.330004	0.000000	0.000000	0.000000	0.000000	0.000000	0.000187
440	0.598616	0.070606	0.330583	0.000000	0.000000	0.000000	0.000000	0.000000	0.000195
441	0.598122	0.070655	0.331044	0.000000	0.000000	0.000000	0.000000	0.000000	0.000179
442	0.598368	0.070422	0.331031	0.000000	0.000000	0.000000	0.000000	0.000000	0.000179
443	0.598952	0.070662	0.330192	0.000000	0.000000	0.000000	0.000000	0.000000	0.000194
444	0.598913	0.070828	0.330064	0.000000	0.000000	0.000000	0.000000	0.000000	0.000195
445	0.599579	0.070607	0.329631	0.000000	0.000000	0.000000	0.000000	0.000000	0.000183
446	0.599435	0.070822	0.329546	0.000000	0.000000	0.000000	0.000000	0.000000	0.000197
447	0.599430	0.070748	0.329629	0.000000	0.000000	0.000000	0.000000	0.000000	0.000193
448	0.599879	0.070604	0.329296	0.000000	0.000000	0.000000	0.000000	0.000000	0.000221
449	0.599276	0.070813	0.329706	0.000000	0.000000	0.000000	0.000000	0.000000	0.000205
450	0.599053	0.070716	0.330042	0.000000	0.000000	0.000000	0.000000	0.000000	0.000189
451	0.599000	0.071026	0.329783	0.000000	0.000000	0.000000	0.000000	0.000000	0.000191
452	0.598927	0.071425	0.329474	0.000000	0.000000	0.000000	0.000000	0.000000	0.000174
453	0.599226	0.071358	0.329252	0.000000	0.000000	0.000000	0.000000	0.000000	0.000164
454	0.598805	0.071629	0.329362	0.000000	0.000000	0.000000	0.000000	0.000000	0.000204
455	0.599021	0.071509	0.329279	0.000000	0.000000	0.000000	0.000000	0.000000	0.000191
456	0.599832	0.071270	0.328697	0.000000	0.000000	0.000000	0.000000	0.000000	0.000201
457	0.600265	0.070990	0.328544	0.000000	0.000000	0.000000	0.000000	0.000000	0.000201
458	0.600373	0.071244	0.328170	0.000000	0.000000	0.000000	0.000000	0.000000	0.000213
459	0.600181	0.070904	0.328707	0.000000	0.000000	0.000000	0.000000	0.000000	0.000208
460	0.599988	0.070772	0.329048	0.000000	0.000000	0.000000	0.000000	0.000000	0.000192
461	0.599527	0.070922	0.329364	0.000000	0.000000	0.000000	0.000000	0.000000	0.000187
462	0.599490	0.070632	0.329678	0.000000	0.000000	0.000000	0.000000	0.000000	0.000200
463	0.599594	0.070669	0.329549	0.000000	0.000000	0.000000	0.000000	0.000000	0.000188
464	0.599779	0.070583	0.329456	0.000000	0.000000	0.000000	0.000000	0.000000	0.000182
465	0.599174	0.070594	0.330055	0.000000	0.000000	0.000000	0.000000	0.000000	0.000177
466	0.598537	0.070584	0.330687	0.000000	0.000000	0.000000	0.000000	0.000000	0.000192
467	0.598785	0.070881	0.330159	0.000000	0.000000	0.000000	0.000000	0.000000	0.000175
468	0.598602	0.070819	0.330403	0.000000	0.000000	0.000000	0.000000	0.000000	0.000176
469	0.598645	0.070762	0.330421	0.000000	0.000000	0.000000	0.000000	0.000000	0.000172
470	0.598233	0.070834	0.330767	0.000000	0.000000	0.000000	0.000000	0.000000	0.000166
