0	0.290663	0.057897	0.229473	0.157588	0.029913	0.111872	0.085455	0.012259	0.024880
1	0.240656	0.049773	0.207340	0.129360	0.026887	0.114495	0.117626	0.022821	0.091042
2	0.249591	0.051244	0.212486	0.115652	0.024940	0.103193	0.118210	0.022687	0.101997
3	0.264487	0.053264	0.218004	0.103883	0.023932	0.090692	0.114504	0.022054	0.109180
4	0.281204	0.055419	0.221963	0.093149	0.023176	0.079729	0.109597	0.021020	0.114743
5	0.297596	0.057205	0.224951	0.084015	0.022422	0.069660	0.104310	0.019743	0.120098
6	0.313822	0.058824	0.226716	0.075346	0.021884	0.060881	0.099316	0.018594	0.124617
7	0.329754	0.060755	0.227533	0.067165	0.021447	0.052886	0.094259	0.017515	0.128686
8	0.345528	0.062219	0.227300	0.059997	0.020971	0.046511	0.088300	0.016508	0.132666
9	0.360848	0.063774	0.226494	0.053214	0.020623	0.040356	0.083204	0.015508	0.135979
10	0.375169	0.065101	0.225701	0.047313	0.020046	0.034688	0.077951	0.014667	0.139364
11	0.389259	0.066436	0.223147	0.042287	0.019450	0.030193	0.073688	0.013462	0.142078
12	0.402642	0.067360	0.220897	0.037858	0.019109	0.025997	0.068769	0.012713	0.144655
13	0.415271	0.068350	0.218155	0.033731	0.018546	0.022408	0.064465	0.011923	0.147151
14	0.427107	0.069467	0.214921	0.030116	0.018174	0.019460	0.060481	0.011143	0.149131
15	0.438448	0.070588	0.211818	0.026814	0.017759	0.016792	0.055991	0.010365	0.151425
16	0.448985	0.071603	0.207794	0.023937	0.017532	0.014464	0.052450	0.009658	0.153577
17	0.459454	0.072452	0.204169	0.021064	0.017293	0.012338	0.049076	0.008914	0.155240
18	0.470261	0.073034	0.199890	0.018878	0.016944	0.010641	0.045683	0.008348	0.156321
19	0.479519	0.074160	0.195328	0.016872	0.016588	0.009263	0.042965	0.007804	0.157501
20	0.488810	0.074780	0.191194	0.015087	0.016308	0.007904	0.040025	0.007264	0.158628
21	0.498568	0.075725	0.186462	0.013433	0.016152	0.006797	0.037297	0.006762	0.158804
22	0.506916	0.076479	0.181973	0.012070	0.016036	0.005858	0.034797	0.006264	0.159607
23	0.515803	0.076779	0.177478	0.010889	0.015793	0.005166	0.032395	0.005717	0.159980
24	0.523523	0.077364	0.173730	0.009769	0.015637	0.004523	0.030151	0.005432	0.159871
25	0.531107	0.077978	0.170214	0.008799	0.015338	0.004010	0.028104	0.005078	0.159372
26	0.538934	0.078409	0.166344	0.007904	0.015270	0.003498	0.026189	0.004725	0.158727
27	0.546586	0.078970	0.162064	0.007092	0.015131	0.003056	0.024432	0.004372	0.158297
28	0.553881	0.079392	0.158269	0.006437	0.014910	0.002685	0.022580	0.004047	0.157799
29	0.561142	0.080036	0.154333	0.005797	0.014634	0.002381	0.021123	0.003656	0.156898
30	0.567840	0.080434	0.150317	0.005189	0.014535	0.002030	0.019588	0.003382	0.156685
31	0.574717	0.080856	0.146722	0.004655	0.014442	0.001747	0.018152	0.003181	0.155528
32	0.581156	0.081647	0.142937	0.004252	0.014358	0.001565	0.016688	0.002969	0.154428
33	0.587999	0.082412	0.138975	0.003785	0.014350	0.001393	0.015571	0.002746	0.152769
34	0.594573	0.082581	0.135585	0.003433	0.014213	0.001313	0.014399	0.002487	0.151416
35	0.601145	0.082582	0.132146	0.003144	0.014134	0.001253	0.013272	0.002283	0.150041
36	0.607041	0.083248	0.128758	0.002842	0.014195	0.001082	0.012324	0.002017	0.148493
37	0.613546	0.083136	0.125389	0.002613	0.014207	0.000968	0.011553	0.001854	0.146734
38	0.619729	0.083852	0.122022	0.002328	0.014253	0.000890	0.010756	0.001770	0.144400
39	0.626111	0.084253	0.118325	0.002153	0.014114	0.000786	0.009938	0.001623	0.142697
40	0.631991	0.084816	0.115507	0.001997	0.013920	0.000734	0.009140	0.001530	0.140365
41	0.637722	0.085003	0.112782	0.001865	0.013878	0.000664	0.008418	0.001397	0.138271
42	0.642762	0.085504	0.109908	0.001737	0.014000	0.000605	0.007908	0.001313	0.136263
43	0.648742	0.086055	0.107217	0.001580	0.013927	0.000535	0.007286	0.001153	0.133505
44	0.654196	0.086550	0.104621	0.001462	0.013873	0.000520	0.006674	0.001091	0.131013
45	0.659674	0.086905	0.102359	0.001398	0.013776	0.000462	0.006129	0.001011	0.128286
46	0.665551	0.087282	0.099907	0.001310	0.013576	0.000433	0.005640	0.000892	0.125409
47	0.671242	0.087605	0.097521	0.001174	0.013628	0.000358	0.005169	0.000830	0.122473
48	0.676521	0.087922	0.095273	0.001118	0.013653	0.000315	0.004823	0.000771	0.119604
49	0.681683	0.087886	0.093478	0.000983	0.013761	0.000304	0.004462	0.000716	0.116727
50	0.686660	0.088482	0.091175	0.000925	0.013662	0.000294	0.004088	0.000627	0.114087
51	0.692065	0.088474	0.089160	0.000912	0.013608	0.000243	0.003674	0.000562	0.111302
52	0.697858	0.088285	0.086858	0.000850	0.013552	0.000216	0.003418	0.000550	0.108413
53	0.702556	0.088548	0.085013	0.000805	0.013632	0.000211	0.003182	0.000503	0.105550
54	0.707789	0.088351	0.083301	0.000763	0.013440	0.000191	0.002888	0.000433	0.102844
55	0.712578	0.088491	0.081780	0.000728	0.013550	0.000176	0.002575	0.000385	0.099737
56	0.717583	0.088882	0.080251	0.000668	0.013464	0.000152	0.002370	0.000333	0.096297
57	0.722478	0.089021	0.078453	0.000627	0.013632	0.000153	0.002172	0.000294	0.093170
58	0.726591	0.089246	0.077144	0.000554	0.013711	0.000142	0.001971	0.000254	0.090387
59	0.731065	0.089296	0.075700	0.000545	0.013708	0.000140	0.001787	0.000223	0.087536
60	0.735009	0.089390	0.074287	0.000525	0.013735	0.000119	0.001628	0.000188	0.085119
61	0.739286	0.089447	0.072771	0.000493	0.013654	0.000115	0.001540	0.000194	0.082500
62	0.743932	0.089338	0.071271	0.000450	0.013690	0.000110	0.001430	0.000165	0.079614
63	0.748104	0.089336	0.069871	0.000451	0.013771	0.000116	0.001321	0.000136	0.076894
64	0.751726	0.089510	0.068864	0.000415	0.013743	0.000109	0.001285	0.000101	0.074247
65	0.755750	0.089811	0.067813	0.000391	0.013591	0.000099	0.001150	0.000088	0.071307
66	0.759581	0.090129	0.066624	0.000371	0.013628	0.000091	0.001023	0.000060	0.068493
67	0.763448	0.090141	0.065325	0.000338	0.013777	0.000074	0.000948	0.000067	0.065882
68	0.766990	0.090270	0.064295	0.000336	0.013811	0.000067	0.000857	0.000067	0.063307
69	0.770254	0.090345	0.063434	0.000300	0.013801	0.000072	0.000774	0.000054	0.060966
70	0.773251	0.090322	0.062498	0.000264	0.013808	0.000076	0.000712	0.000052	0.059017
71	0.775918	0.090474	0.061676	0.000250	0.013796	0.000059	0.000650	0.000050	0.057127
72	0.778711	0.090682	0.060890	0.000246	0.013819	0.000051	0.000622	0.000050	0.054929
73	0.781632	0.090730	0.059876	0.000231	0.013886	0.000049	0.000524	0.000036	0.053036
74	0.784942	0.090530	0.059052	0.000252	0.013830	0.000047	0.000475	0.000032	0.050840
75	0.788021	0.090126	0.058350	0.000228	0.013946	0.000038	0.000413	0.000026	0.048852
76	0.790773	0.090038	0.057469	0.000205	0.014020	0.000035	0.000370	0.000031	0.047059
77	0.793611	0.089847	0.056614	0.000202	0.014088	0.000045	0.000348	0.000019	0.045226
78	0.796437	0.089863	0.056113	0.000179	0.014007	0.000033	0.000316	0.000017	0.043035
79	0.798486	0.090199	0.055211	0.000185	0.013861	0.000031	0.000278	0.000021	0.041728
80	0.801418	0.089641	0.054663	0.000169	0.013828	0.000029	0.000244	0.000013	0.039995
81	0.803562	0.089912	0.053944	0.000181	0.013885	0.000043	0.000238	0.000008	0.038227
82	0.806126	0.089799	0.053082	0.000174	0.013905	0.000036	0.000205	0.000006	0.036667
83	0.808313	0.089983	0.052693	0.000151	0.013720	0.000033	0.000183	0.000010	0.034914
84	0.810867	0.089546	0.052233	0.000174	0.013783	0.000030	0.000150	0.000007	0.033210
85	0.812534	0.089691	0.051697	0.000162	0.013744	0.000032	0.000148	0.000007	0.031985
86	0.814520	0.089559	0.051202	0.000143	0.013757	0.000031	0.000141	0.000004	0.030643
87	0.816221	0.089616	0.050802	0.000144	0.013757	0.000028	0.000120	0.000002	0.029310
88	0.817842	0.089538	0.050649	0.000148	0.013669	0.000028	0.000102	0.000002	0.028022
89	0.819874	0.089204	0.049986	0.000147	0.013711	0.000039	0.000112	0.000002	0.026925
90	0.821505	0.089186	0.049811	0.000165	0.013671	0.000030	0.000113	0.000002	0.025517
91	0.823438	0.088873	0.049164	0.000166	0.013635	0.000031	0.000098	0.000002	0.024593
92	0.825038	0.088823	0.048678	0.000154	0.013599	0.000036	0.000081	0.000002	0.023589
93	0.826816	0.088619	0.048318	0.000135	0.013613	0.000033	0.000082	0.000002	0.022382
94	0.828404	0.088407	0.047836	0.000124	0.013642	0.000027	0.000061	0.000000	0.021499
95	0.829891	0.088649	0.047075	0.000122	0.013574	0.000024	0.000048	0.000001	0.020616
96	0.831584	0.088556	0.046696	0.000124	0.013454	0.000034	0.000047	0.000000	0.019505
97	0.832908	0.088499	0.046269	0.000118	0.013479	0.000024	0.000038	0.000001	0.018664
98	0.834200	0.088053	0.046637	0.000121	0.013454	0.000022	0.000037	0.000000	0.017476
99	0.835144	0.087821	0.046353	0.000116	0.013453	0.000020	0.000046	0.000000	0.017047
100	0.836643	0.087612	0.045951	0.000106	0.013427	0.000023	0.000030	0.000000	0.016208
101	0.837379	0.087835	0.045881	0.000115	0.013191	0.000025	0.000028	0.000000	0.015546
102	0.838966	0.087224	0.045483	0.000112	0.013280	0.000022	0.000027	0.000000	0.014886
103	0.839805	0.087320	0.045090	0.000106	0.013260	0.000017	0.000024	0.000000	0.014378
104	0.840698	0.087141	0.044959	0.000103	0.013348	0.000013	0.000021	0.000000	0.013717
105	0.841796	0.087009	0.044464	0.000097	0.013408	0.000014	0.000016	0.000000	0.013196
106	0.842544	0.087122	0.044076	0.000090	0.013478	0.000013	0.000011	0.000000	0.012666
107	0.843362	0.087200	0.043836	0.000091	0.013440	0.000006	0.000012	0.000000	0.012053
108	0.843997	0.086951	0.043909	0.000100	0.013489	0.000011	0.000010	0.000000	0.011533
109	0.845037	0.086892	0.043378	0.000096	0.013426	0.000006	0.000005	0.000000	0.011160
110	0.846469	0.086268	0.043073	0.000104	0.013399	0.000005	0.000001	0.000000	0.010681
111	0.846864	0.086257	0.043212	0.000115	0.013444	0.000004	0.000004	0.000000	0.010100
112	0.847347	0.086373	0.043094	0.000112	0.013351	0.000003	0.000002	0.000000	0.009718
113	0.847690	0.086511	0.042917	0.000087	0.013429	0.000003	0.000002	0.000000	0.009361
114	0.848906	0.086201	0.042555	0.000087	0.013275	0.000005	0.000000	0.000000	0.008971
115	0.849446	0.086048	0.042645	0.000092	0.013254	0.000005	0.000000	0.000000	0.008510
116	0.849422	0.086531	0.042471	0.000095	0.013258	0.000007	0.000000	0.000000	0.008216
117	0.850033	0.086651	0.042261	0.000075	0.013102	0.000003	0.000000	0.000000	0.007875
118	0.850397	0.086692	0.042227	0.000080	0.013129	0.000003	0.000000	0.000000	0.007472
119	0.851154	0.086229	0.042241	0.000081	0.013134	0.000002	0.000000	0.000000	0.007159
120	0.851578	0.086239	0.042037	0.000092	0.013160	0.000004	0.000000	0.000000	0.006890
121	0.851988	0.086529	0.041763	0.000086	0.013004	0.000004	0.000000	0.000000	0.006626
122	0.852488	0.086696	0.041422	0.000077	0.012931	0.000000	0.000000	0.000000	0.006386
123	0.852856	0.086766	0.041356	0.000072	0.012852	0.000001	0.000000	0.000000	0.006097
124	0.853576	0.086696	0.041001	0.000070	0.012757	0.000001	0.000000	0.000000	0.005899
125	0.853946	0.086395	0.041310	0.000062	0.012668	0.000000	0.000000	0.000000	0.005619
126	0.854363	0.086264	0.041162	0.000062	0.012688	0.000000	0.000000	0.000000	0.005461
127	0.854752	0.086114	0.041329	0.000058	0.012520	0.000000	0.000000	0.000000	0.005227
128	0.855294	0.086075	0.041196	0.000047	0.012372	0.000000	0.000000	0.000000	0.005016
129	0.855466	0.086111	0.040996	0.000058	0.012488	0.000000	0.000000	0.000000	0.004881
130	0.855615	0.085944	0.041177	0.000038	0.012472	0.000000	0.000000	0.000000	0.004754
131	0.856533	0.085508	0.040928	0.000037	0.012396	0.000000	0.000000	0.000000	0.004598
132	0.857077	0.085142	0.040954	0.000043	0.012332	0.000000	0.000000	0.000000	0.004452
133	0.857577	0.084989	0.040845	0.000041	0.012362	0.000000	0.000000	0.000000	0.004186
134	0.857838	0.085040	0.040678	0.000047	0.012258	0.000000	0.000000	0.000000	0.004139
135	0.857870	0.084947	0.040763	0.000038	0.012411	0.000000	0.000000	0.000000	0.003971
136	0.858294	0.084736	0.040744	0.000037	0.012287	0.000000	0.000000	0.000000	0.003902
137	0.858824	0.084484	0.040732	0.000033	0.012196	0.000000	0.000000	0.000000	0.003731
138	0.859134	0.084302	0.040659	0.000032	0.012182	0.000000	0.000000	0.000000	0.003691
139	0.859625	0.084225	0.040617	0.000028	0.011943	0.000000	0.000000	0.000000	0.003562
140	0.859736	0.084138	0.040558	0.000020	0.012097	0.000000	0.000000	0.000000	0.003451
141	0.859703	0.084394	0.040571	0.000021	0.011933	0.000000	0.000000	0.000000	0.003378
142	0.860785	0.083791	0.040249	0.000027	0.011885	0.000000	0.000000	0.000000	0.003263
143	0.860830	0.083905	0.040188	0.000022	0.011817	0.000000	0.000000	0.000000	0.003238
144	0.860424	0.083859	0.040649	0.000014	0.011869	0.000000	0.000000	0.000000	0.003185
145	0.860778	0.083763	0.040610	0.000019	0.011749	0.000000	0.000000	0.000000	0.003081
146	0.861389	0.083614	0.040329	0.000015	0.011669	0.000000	0.000000	0.000000	0.002984
147	0.861554	0.083630	0.040320	0.000010	0.011614	0.000000	0.000000	0.000000	0.002872
148	0.861449	0.083830	0.040305	0.000009	0.011571	0.000000	0.000000	0.000000	0.002836
149	0.862005	0.083647	0.039986	0.000010	0.011535	0.000000	0.000000	0.000000	0.002817
150	0.861926	0.083645	0.040113	0.000013	0.011589	0.000000	0.000000	0.000000	0.002714
151	0.862199	0.083630	0.040036	0.000005	0.011539	0.000000	0.000000	0.000000	0.002591
152	0.862384	0.083716	0.039884	0.000009	0.011440	0.000000	0.000000	0.000000	0.002567
153	0.863074	0.082965	0.039978	0.000009	0.011538	0.000000	0.000000	0.000000	0.002436
154	0.863666	0.082920	0.039544	0.000008	0.011439	0.000000	0.000000	0.000000	0.002423
155	0.863899	0.082654	0.039610	0.000009	0.011466	0.000000	0.000000	0.000000	0.002362
156	0.864069	0.082493	0.039737	0.000002	0.011414	0.000000	0.000000	0.000000	0.002285
157	0.864321	0.082636	0.039500	0.000003	0.011335	0.000000	0.000000	0.000000	0.002205
158	0.864444	0.082476	0.039671	0.000005	0.011248	0.000000	0.000000	0.000000	0.002156
159	0.864528	0.082284	0.039790	0.000005	0.011253	0.000000	0.000000	0.000000	0.002140
160	0.864692	0.082215	0.039814	0.000002	0.011162	0.000000	0.000000	0.000000	0.002115
161	0.864989	0.082207	0.039560	0.000002	0.011148	0.000000	0.000000	0.000000	0.002094
162	0.865313	0.081837	0.039618	0.000001	0.011210	0.000000	0.000000	0.000000	0.002021
163	0.865297	0.081946	0.039580	0.000000	0.011233	0.000000	0.000000	0.000000	0.001944
164	0.865309	0.081906	0.039704	0.000000	0.011207	0.000000	0.000000	0.000000	0.001874
165	0.866051	0.081378	0.039631	0.000000	0.011053	0.000000	0.000000	0.000000	0.001887
166	0.866706	0.081149	0.039405	0.000000	0.010880	0.000000	0.000000	0.000000	0.001860
167	0.866662	0.081116	0.039530	0.000000	0.010847	0.000000	0.000000	0.000000	0.001845
168	0.866710	0.081408	0.039402	0.000000	0.010734	0.000000	0.000000	0.000000	0.001746
169	0.867407	0.081055	0.039069	0.000000	0.010749	0.000000	0.000000	0.000000	0.001720
170	0.867419	0.081076	0.039141	0.000000	0.010697	0.000000	0.000000	0.000000	0.001667
171	0.867311	0.081269	0.039141	0.000000	0.010641	0.000000	0.000000	0.000000	0.001638
172	0.867558	0.081093	0.039213	0.000000	0.010507	0.000000	0.000000	0.000000	0.001629
173	0.868132	0.080597	0.039244	0.000000	0.010463	0.000000	0.000000	0.000000	0.001564
174	0.868414	0.080454	0.039244	0.000000	0.010338	0.000000	0.000000	0.000000	0.001550
175	0.868150	0.080678	0.039382	0.000000	0.010287	0.000000	0.000000	0.000000	0.001503
176	0.868498	0.080454	0.039361	0.000000	0.010183	0.000000	0.000000	0.000000	0.001504
177	0.868722	0.080421	0.039439	0.000000	0.009952	0.000000	0.000000	0.000000	0.001466
178	0.869041	0.080384	0.039257	0.000000	0.009853	0.000000	0.000000	0.000000	0.001465
179	0.869171	0.080308	0.039111	0.000000	0.010021	0.000000	0.000000	0.000000	0.001389
180	0.869035	0.080207	0.039418	0.000000	0.010017	0.000000	0.000000	0.000000	0.001323
181	0.868975	0.080312	0.039476	0.000000	0.009940	0.000000	0.000000	0.000000	0.001297
182	0.869279	0.080297	0.039361	0.000000	0.009855	0.000000	0.000000	0.000000	0.001208
183	0.869371	0.080176	0.039423	0.000000	0.009880	0.000000	0.000000	0.000000	0.001150
184	0.869502	0.080205	0.039305	0.000000	0.009856	0.000000	0.000000	0.000000	0.001132
185	0.869929	0.079940	0.039274	0.000000	0.009739	0.000000	0.000000	0.000000	0.001118
186	0.869528	0.080503	0.039315	0.000000	0.009640	0.000000	0.000000	0.000000	0.001014
187	0.869829	0.080305	0.039157	0.000000	0.009669	0.000000	0.000000	0.000000	0.001040
188	0.869741	0.080393	0.039359	0.000000	0.009568	0.000000	0.000000	0.000000	0.000939
189	0.870325	0.080012	0.039307	0.000000	0.009450	0.000000	0.000000	0.000000	0.000906
190	0.870930	0.079464	0.039374	0.000000	0.009374	0.000000	0.000000	0.000000	0.000858
191	0.870930	0.079302	0.039547	0.000000	0.009351	0.000000	0.000000	0.000000	0.000870
192	0.870550	0.079766	0.039596	0.000000	0.009252	0.000000	0.000000	0.000000	0.000836
193	0.870981	0.079476	0.039532	0.000000	0.009240	0.000000	0.000000	0.000000	0.000771
194	0.871271	0.079457	0.039244	0.000000	0.009234	0.000000	0.000000	0.000000	0.000794
195	0.871224	0.079410	0.039333	0.000000	0.009240	0.000000	0.000000	0.000000	0.000793
196	0.871555	0.079381	0.039054	0.000000	0.009211	0.000000	0.000000	0.000000	0.000799
197	0.871547	0.079501	0.039150	0.000000	0.009020	0.000000	0.000000	0.000000	0.000782
198	0.871539	0.079538	0.039227	0.000000	0.008925	0.000000	0.000000	0.000000	0.000771
199	0.871572	0.079643	0.039222	0.000000	0.008833	0.000000	0.000000	0.000000	0.000730
200	0.871892	0.079619	0.038953	0.000000	0.008822	0.000000	0.000000	0.000000	0.000714
201	0.871923	0.079445	0.039150	0.000000	0.008747	0.000000	0.000000	0.000000	0.000735
202	0.871991	0.079273	0.039341	0.000000	0.008647	0.000000	0.000000	0.000000	0.000748
203	0.872117	0.079258	0.039255	0.000000	0.008626	0.000000	0.000000	0.000000	0.000744
204	0.872065	0.079515	0.039091	0.000000	0.008613	0.000000	0.000000	0.000000	0.000716
205	0.872546	0.079134	0.039052	0.000000	0.008604	0.000000	0.000000	0.000000	0.000664
206	0.872608	0.079019	0.039203	0.000000	0.008537	0.000000	0.000000	0.000000	0.000633
207	0.873149	0.079036	0.038720	0.000000	0.008438	0.000000	0.000000	0.000000	0.000657
208	0.873363	0.079040	0.038674	0.000000	0.008335	0.000000	0.000000	0.000000	0.000588
209	0.873511	0.078979	0.038558	0.000000	0.008380	0.000000	0.000000	0.000000	0.000572
210	0.873392	0.079003	0.038667	0.000000	0.008367	0.000000	0.000000	0.000000	0.000571
211	0.873138	0.079292	0.038620	0.000000	0.008414	0.000000	0.000000	0.000000	0.000536
212	0.873428	0.078978	0.038709	0.000000	0.008342	0.000000	0.000000	0.000000	0.000543
213	0.873552	0.078985	0.038671	0.000000	0.008295	0.000000	0.000000	0.000000	0.000497
214	0.873440	0.078782	0.038990	0.000000	0.008288	0.000000	0.000000	0.000000	0.000500
215	0.873911	0.078439	0.038901	0.000000	0.008261	0.000000	0.000000	0.000000	0.000488
216	0.873931	0.078482	0.038960	0.000000	0.008149	0.000000	0.000000	0.000000	0.000478
217	0.873728	0.078746	0.038901	0.000000	0.008136	0.000000	0.000000	0.000000	0.000489
218	0.873733	0.078697	0.039055	0.000000	0.008072	0.000000	0.000000	0.000000	0.000443
219	0.873272	0.079077	0.039244	0.000000	0.007977	0.000000	0.000000	0.000000	0.000430
220	0.873161	0.079170	0.039367	0.000000	0.007888	0.000000	0.000000	0.000000	0.000414
221	0.873202	0.079027	0.039453	0.000000	0.007928	0.000000	0.000000	0.000000	0.000390
222	0.873489	0.078941	0.039343	0.000000	0.007861	0.000000	0.000000	0.000000	0.000366
223	0.873572	0.078930	0.039395	0.000000	0.007766	0.000000	0.000000	0.000000	0.000337
224	0.873372	0.079079	0.039427	0.000000	0.007764	0.000000	0.000000	0.000000	0.000358
225	0.873138	0.079266	0.039503	0.000000	0.007747	0.000000	0.000000	0.000000	0.000346
226	0.873296	0.079204	0.039516	0.000000	0.007689	0.000000	0.000000	0.000000	0.000295
227	0.873561	0.079193	0.039337	0.000000	0.007621	0.000000	0.000000	0.000000	0.000288
228	0.873253	0.079787	0.039053	0.000000	0.007603	0.000000	0.000000	0.000000	0.000304
229	0.873497	0.079658	0.039044	0.000000	0.007524	0.000000	0.000000	0.000000	0.000277
230	0.873372	0.079642	0.039184	0.000000	0.007523	0.000000	0.000000	0.000000	0.000279
231	0.873430	0.079558	0.039227	0.000000	0.007517	0.000000	0.000000	0.000000	0.000268
232	0.873374	0.079645	0.039286	0.000000	0.007418	0.000000	0.000000	0.000000	0.000277
233	0.872934	0.079707	0.039615	0.000000	0.007469	0.000000	0.000000	0.000000	0.000275
234	0.872946	0.079985	0.039486	0.000000	0.007314	0.000000	0.000000	0.000000	0.000269
235	0.872957	0.080007	0.039467	0.000000	0.007307	0.000000	0.000000	0.000000	0.000262
236	0.873024	0.080050	0.039299	0.000000	0.007349	0.000000	0.000000	0.000000	0.000278
237	0.873016	0.080062	0.039392	0.000000	0.007257	0.000000	0.000000	0.000000	0.000273
238	0.873137	0.079774	0.039643	0.000000	0.007155	0.000000	0.000000	0.000000	0.000291
239	0.873221	0.079671	0.039582	0.000000	0.007233	0.000000	0.000000	0.000000	0.000293
240	0.873340	0.079526	0.039722	0.000000	0.007127	0.000000	0.000000	0.000000	0.000285
241	0.873428	0.079699	0.039442	0.000000	0.007164	0.000000	0.000000	0.000000	0.000267
242	0.873631	0.079396	0.039622	0.000000	0.007086	0.000000	0.000000	0.000000	0.000265
243	0.874048	0.079288	0.039414	0.000000	0.007011	0.000000	0.000000	0.000000	0.000239
244	0.873956	0.079240	0.039621	0.000000	0.006961	0.000000	0.000000	0.000000	0.000222
245	0.874558	0.078740	0.039567	0.000000	0.006906	0.000000	0.000000	0.000000	0.000229
246	0.874142	0.079037	0.039777	0.000000	0.006818	0.000000	0.000000	0.000000	0.000226
247	0.874189	0.079106	0.039720	0.000000	0.006777	0.000000	0.000000	0.000000	0.000208
248	0.874137	0.079108	0.039870	0.000000	0.006689	0.000000	0.000000	0.000000	0.000196
249	0.874065	0.079135	0.039912	0.000000	0.006680	0.000000	0.000000	0.000000	0.000208
250	0.874095	0.079194	0.039848	0.000000	0.006656	0.000000	0.000000	0.000000	0.000207
251	0.874134	0.079277	0.039815	0.000000	0.006584	0.000000	0.000000	0.000000	0.000190
252	0.874373	0.078992	0.039980	0.000000	0.006452	0.000000	0.000000	0.000000	0.000203
253	0.874270	0.079068	0.039988	0.000000	0.006479	0.000000	0.000000	0.000000	0.000195
254	0.874649	0.078721	0.040020	0.000000	0.006422	0.000000	0.000000	0.000000	0.000188
255	0.874577	0.078831	0.039962	0.000000	0.006461	0.000000	0.000000	0.000000	0.000169
256	0.874678	0.078644	0.040093	0.000000	0.006418	0.000000	0.000000	0.000000	0.000167
257	0.874717	0.078393	0.040420	0.000000	0.006310	0.000000	0.000000	0.000000	0.000160
258	0.874623	0.078798	0.040164	0.000000	0.006250	0.000000	0.000000	0.000000	0.000165
259	0.874498	0.078778	0.040311	0.000000	0.006231	0.000000	0.000000	0.000000	0.000182
260	0.874571	0.078747	0.040333	0.000000	0.006162	0.000000	0.000000	0.000000	0.000187
261	0.874893	0.078481	0.040335	0.000000	0.006113	0.000000	0.000000	0.000000	0.000178
262	0.874674	0.078602	0.040459	0.000000	0.006098	0.000000	0.000000	0.000000	0.000167
263	0.874862	0.078607	0.040339	0.000000	0.006033	0.000000	0.000000	0.000000	0.000159
264	0.874653	0.078753	0.040330	0.000000	0.006108	0.000000	0.000000	0.000000	0.000156
265	0.874409	0.078782	0.040610	0.000000	0.006043	0.000000	0.000000	0.000000	0.000156
266	0.874141	0.079309	0.040483	0.000000	0.005924	0.000000	0.000000	0.000000	0.000143
267	0.874551	0.078972	0.040371	0.000000	0.005960	0.000000	0.000000	0.000000	0.000146
268	0.874385	0.079045	0.040440	0.000000	0.005968	0.000000	0.000000	0.000000	0.000162
269	0.874953	0.078703	0.040324	0.000000	0.005863	0.000000	0.000000	0.000000	0.000157
270	0.875316	0.078407	0.040269	0.000000	0.005855	0.000000	0.000000	0.000000	0.000153
271	0.875079	0.078547	0.040326	0.000000	0.005889	0.000000	0.000000	0.000000	0.000159
272	0.874931	0.078726	0.040307	0.000000	0.005871	0.000000	0.000000	0.000000	0.000165
273	0.875256	0.078622	0.040180	0.000000	0.005770	0.000000	0.000000	0.000000	0.000172
274	0.874862	0.078682	0.040498	0.000000	0.005785	0.000000	0.000000	0.000000	0.000173
275	0.875052	0.078728	0.040344	0.000000	0.005693	0.000000	0.000000	0.000000	0.000183
276	0.875064	0.078781	0.040335	0.000000	0.005651	0.000000	0.000000	0.000000	0.000169
277	0.875259	0.078698	0.040288	0.000000	0.005575	0.000000	0.000000	0.000000	0.000180
278	0.874932	0.078939	0.040475	0.000000	0.005485	0.000000	0.000000	0.000000	0.000169
279	0.874373	0.078954	0.040894	0.000000	0.005604	0.000000	0.000000	0.000000	0.000175
280	0.874800	0.078921	0.040611	0.000000	0.005501	0.000000	0.000000	0.000000	0.000167
281	0.874714	0.079325	0.040320	0.000000	0.005481	0.000000	0.000000	0.000000	0.000160
282	0.874336	0.079717	0.040429	0.000000	0.005368	0.000000	0.000000	0.000000	0.000150
283	0.873859	0.080250	0.040362	0.000000	0.005392	0.000000	0.000000	0.000000	0.000137
284	0.874215	0.079921	0.040359	0.000000	0.005379	0.000000	0.000000	0.000000	0.000126
285	0.874546	0.079544	0.040457	0.000000	0.005339	0.000000	0.000000	0.000000	0.000114
286	0.874525	0.079573	0.040478	0.000000	0.005314	0.000000	0.000000	0.000000	0.000110
287	0.874392	0.079702	0.040557	0.000000	0.005249	0.000000	0.000000	0.000000	0.000100
288	0.874693	0.079708	0.040301	0.000000	0.005205	0.000000	0.000000	0.000000	0.000093
289	0.874437	0.079832	0.040443	0.000000	0.005199	0.000000	0.000000	0.000000	0.000089
290	0.874896	0.079616	0.040247	0.000000	0.005145	0.000000	0.000000	0.000000	0.000096
291	0.874722	0.079875	0.040317	0.000000	0.005002	0.000000	0.000000	0.000000	0.000084
292	0.874783	0.079487	0.040617	0.000000	0.005017	0.000000	0.000000	0.000000	0.000096
293	0.874749	0.079569	0.040591	0.000000	0.005012	0.000000	0.000000	0.000000	0.000079
294	0.874835	0.079388	0.040764	0.000000	0.004933	0.000000	0.000000	0.000000	0.000080
295	0.874776	0.079287	0.040874	0.000000	0.004978	0.000000	0.000000	0.000000	0.000085
296	0.875256	0.079265	0.040443	0.000000	0.004949	0.000000	0.000000	0.000000	0.000087
297	0.874864	0.079513	0.040689	0.000000	0.004849	0.000000	0.000000	0.000000	0.000085
298	0.874748	0.079409	0.040959	0.000000	0.004818	0.000000	0.000000	0.000000	0.000066
299	0.875109	0.079058	0.040985	0.000000	0.004784	0.000000	0.000000	0.000000	0.000064
300	0.875184	0.079051	0.041014	0.000000	0.004685	0.000000	0.000000	0.000000	0.000066
301	0.875449	0.078691	0.041073	0.000000	0.004712	0.000000	0.000000	0.000000	0.000075
302	0.875310	0.078852	0.041074	0.000000	0.004698	0.000000	0.000000	0.000000	0.000066
303	0.875521	0.078638	0.041118	0.000000	0.004654	0.000000	0.000000	0.000000	0.000069
304	0.874713	0.079286	0.041282	0.000000	0.004653	0.000000	0.000000	0.000000	0.000066
305	0.875089	0.079270	0.040939	0.000000	0.004635	0.000000	0.000000	0.000000	0.000067
306	0.875498	0.079198	0.040722	0.000000	0.004512	0.000000	0.000000	0.000000	0.000070
307	0.875358	0.079284	0.040753	0.000000	0.004529	0.000000	0.000000	0.000000	0.000076
308	0.875124	0.079494	0.040880	0.000000	0.004432	0.000000	0.000000	0.000000	0.000070
309	0.875146	0.079208	0.041103	0.000000	0.004487	0.000000	0.000000	0.000000	0.000056
310	0.875452	0.079014	0.041014	0.000000	0.004450	0.000000	0.000000	0.000000	0.000070
311	0.875628	0.079093	0.040746	0.000000	0.004463	0.000000	0.000000	0.000000	0.000070
312	0.875908	0.078916	0.040735	0.000000	0.004368	0.000000	0.000000	0.000000	0.000073
313	0.876191	0.078577	0.040764	0.000000	0.004387	0.000000	0.000000	0.000000	0.000081
314	0.876085	0.078622	0.040945	0.000000	0.004272	0.000000	0.000000	0.000000	0.000076
315	0.876293	0.078598	0.040805	0.000000	0.004223	0.000000	0.000000	0.000000	0.000081
316	0.875715	0.078956	0.041100	0.000000	0.004143	0.000000	0.000000	0.000000	0.000086
317	0.875627	0.079157	0.041084	0.000000	0.004033	0.000000	0.000000	0.000000	0.000099
318	0.876000	0.078855	0.040924	0.000000	0.004123	0.000000	0.000000	0.000000	0.000098
319	0.875842	0.078867	0.041100	0.000000	0.004096	0.000000	0.000000	0.000000	0.000095
320	0.875838	0.078904	0.041083	0.000000	0.004062	0.000000	0.000000	0.000000	0.000113
321	0.876503	0.078552	0.040846	0.000000	0.003979	0.000000	0.000000	0.000000	0.000120
322	0.876436	0.078480	0.041046	0.000000	0.003929	0.000000	0.000000	0.000000	0.000109
323	0.876118	0.078821	0.041032	0.000000	0.003918	0.000000	0.000000	0.000000	0.000111
324	0.876251	0.078633	0.041116	0.000000	0.003882	0.000000	0.000000	0.000000	0.000118
325	0.876057	0.078723	0.041294	0.000000	0.003808	0.000000	0.000000	0.000000	0.000118
326	0.875975	0.078706	0.041375	0.000000	0.003832	0.000000	0.000000	0.000000	0.000112
327	0.876246	0.078565	0.041298	0.000000	0.003769	0.000000	0.000000	0.000000	0.000122
328	0.876338	0.078517	0.041336	0.000000	0.003698	0.000000	0.000000	0.000000	0.000111
329	0.875696	0.078899	0.041519	0.000000	0.003782	0.000000	0.000000	0.000000	0.000104
330	0.875810	0.079012	0.041352	0.000000	0.003700	0.000000	0.000000	0.000000	0.000126
331	0.875714	0.079171	0.041260	0.000000	0.003733	0.000000	0.000000	0.000000	0.000122
332	0.875886	0.078819	0.041455	0.000000	0.003705	0.000000	0.000000	0.000000	0.000135
333	0.875751	0.078578	0.041839	0.000000	0.003684	0.000000	0.000000	0.000000	0.000148
334	0.875760	0.078689	0.041781	0.000000	0.003624	0.000000	0.000000	0.000000	0.000146
335	0.875899	0.078794	0.041571	0.000000	0.003596	0.000000	0.000000	0.000000	0.000140
336	0.876035	0.078380	0.041881	0.000000	0.003552	0.000000	0.000000	0.000000	0.000152
337	0.876181	0.078251	0.041911	0.000000	0.003506	0.000000	0.000000	0.000000	0.000151
338	0.876098	0.078537	0.041765	0.000000	0.003455	0.000000	0.000000	0.000000	0.000145
339	0.876076	0.078529	0.041843	0.000000	0.003400	0.000000	0.000000	0.000000	0.000152
340	0.875982	0.078601	0.041881	0.000000	0.003391	0.000000	0.000000	0.000000	0.000145
341	0.876142	0.078604	0.041799	0.000000	0.003310	0.000000	0.000000	0.000000	0.000145
342	0.875622	0.078773	0.042144	0.000000	0.003301	0.000000	0.000000	0.000000	0.000160
343	0.875660	0.078630	0.042256	0.000000	0.003309	0.000000	0.000000	0.000000	0.000145
344	0.875934	0.078437	0.042213	0.000000	0.003276	0.000000	0.000000	0.000000	0.000140
345	0.875659	0.078763	0.042189	0.000000	0.003249	0.000000	0.000000	0.000000	0.000140
346	0.875352	0.079060	0.042178	0.000000	0.003294	0.000000	0.000000	0.000000	0.000116
347	0.875250	0.079290	0.042101	0.000000	0.003238	0.000000	0.000000	0.000000	0.000121
348	0.875525	0.078952	0.042185	0.000000	0.003210	0.000000	0.000000	0.000000	0.000128
349	0.875235	0.079271	0.042180	0.000000	0.003178	0.000000	0.000000	0.000000	0.000136
350	0.874989	0.078976	0.042713	0.000000	0.003175	0.000000	0.000000	0.000000	0.000147
351	0.874722	0.079533	0.042529	0.000000	0.003075	0.000000	0.000000	0.000000	0.000141
352	0.874703	0.079245	0.042815	0.000000	0.003074	0.000000	0.000000	0.000000	0.000163
353	0.874736	0.079061	0.042961	0.000000	0.003076	0.000000	0.000000	0.000000	0.000166
354	0.874513	0.079223	0.043018	0.000000	0.003074	0.000000	0.000000	0.000000	0.000172
355	0.874742	0.079300	0.042703	0.000000	0.003096	0.000000	0.000000	0.000000	0.000159
356	0.874694	0.079192	0.042890	0.000000	0.003058	0.000000	0.000000	0.000000	0.000166
357	0.874871	0.079114	0.042869	0.000000	0.002981	0.000000	0.000000	0.000000	0.000165
358	0.874988	0.078934	0.042955	0.000000	0.002969	0.000000	0.000000	0.000000	0.000154
359	0.874983	0.079081	0.042848	0.000000	0.002943	0.000000	0.000000	0.000000	0.000145
360	0.875194	0.078894	0.042798	0.000000	0.002962	0.000000	0.000000	0.000000	0.000152
361	0.875335	0.078936	0.042610	0.000000	0.002947	0.000000	0.000000	0.000000	0.000172
362	0.875533	0.078871	0.042517	0.000000	0.002922	0.000000	0.000000	0.000000	0.000157
363	0.875837	0.078626	0.042438	0.000000	0.002931	0.000000	0.000000	0.000000	0.000168
364	0.875428	0.079052	0.042486	0.000000	0.002865	0.000000	0.000000	0.000000	0.000169
365	0.875212	0.079334	0.042484	0.000000	0.002810	0.000000	0.000000	0.000000	0.000160
366	0.875669	0.078838	0.042548	0.000000	0.002810	0.000000	0.000000	0.000000	0.000135
367	0.876014	0.078602	0.042477	0.000000	0.002772	0.000000	0.000000	0.000000	0.000135
368	0.876183	0.078622	0.042274	0.000000	0.002778	0.000000	0.000000	0.000000	0.000143
369	0.876175	0.078396	0.042548	0.000000	0.002746	0.000000	0.000000	0.000000	0.000135
370	0.876598	0.078215	0.042292	0.000000	0.002762	0.000000	0.000000	0.000000	0.000133
371	0.876529	0.078194	0.042408	0.000000	0.002745	0.000000	0.000000	0.000000	0.000124
372	0.876645	0.078150	0.042345	0.000000	0.002741	0.000000	0.000000	0.000000	0.000119
373	0.876879	0.077867	0.042428	0.000000	0.002691	0.000000	0.000000	0.000000	0.000135
374	0.876596	0.078102	0.042487	0.000000	0.002678	0.000000	0.000000	0.000000	0.000137
375	0.876736	0.077923	0.042540	0.000000	0.002657	0.000000	0.000000	0.000000	0.000144
376	0.876687	0.077986	0.042509	0.000000	0.002685	0.000000	0.000000	0.000000	0.000133
377	0.876306	0.078145	0.042743	0.000000	0.002672	0.000000	0.000000	0.000000	0.000134
378	0.876452	0.078179	0.042578	0.000000	0.002661	0.000000	0.000000	0.000000	0.000130
379	0.876432	0.077934	0.042871	0.000000	0.002625	0.000000	0.000000	0.000000	0.000138
380	0.876456	0.077755	0.042991	0.000000	0.002662	0.000000	0.000000	0.000000	0.000136
381	0.876514	0.077723	0.043007	0.000000	0.002638	0.000000	0.000000	0.000000	0.000118
382	0.876315	0.077964	0.043006	0.000000	0.002600	0.000000	0.000000	0.000000	0.000115
383	0.876612	0.077421	0.043227	0.000000	0.002618	0.000000	0.000000	0.000000	0.000122
384	0.876559	0.077472	0.043281	0.000000	0.002571	0.000000	0.000000	0.000000	0.000117
385	0.876709	0.077323	0.043266	0.000000	0.002583	0.000000	0.000000	0.000000	0.000119
386	0.877136	0.077107	0.043103	0.000000	0.002550	0.000000	0.000000	0.000000	0.000104
387	0.877389	0.077013	0.042922	0.000000	0.002567	0.000000	0.000000	0.000000	0.000109
388	0.877686	0.076968	0.042715	0.000000	0.002518	0.000000	0.000000	0.000000	0.000113
389	0.877619	0.077074	0.042742	0.000000	0.002475	0.000000	0.000000	0.000000	0.000090
390	0.877995	0.076772	0.042631	0.000000	0.002513	0.000000	0.000000	0.000000	0.000089
391	0.877920	0.076977	0.042503	0.000000	0.002517	0.000000	0.000000	0.000000	0.000083
392	0.877737	0.076991	0.042653	0.000000	0.002549	0.000000	0.000000	0.000000	0.000070
393	0.878096	0.076797	0.042531	0.000000	0.002500	0.000000	0.000000	0.000000	0.000076
394	0.877771	0.076790	0.042869	0.000000	0.002503	0.000000	0.000000	0.000000	0.000067
395	0.878021	0.076692	0.042776	0.000000	0.002444	0.000000	0.000000	0.000000	0.000067
396	0.877983	0.076839	0.042619	0.000000	0.002502	0.000000	0.000000	0.000000	0.000057
397	0.878184	0.076506	0.042775	0.000000	0.002476	0.000000	0.000000	0.000000	0.000059
398	0.877989	0.076583	0.042895	0.000000	0.002482	0.000000	0.000000	0.000000	0.000051
399	0.878038	0.076687	0.042782	0.000000	0.002452	0.000000	0.000000	0.000000	0.000041
400	0.878260	0.076408	0.042778	0.000000	0.002502	0.000000	0.000000	0.000000	0.000052
401	0.878522	0.076235	0.042753	0.000000	0.002440	0.000000	0.000000	0.000000	0.000050
402	0.878311	0.076222	0.042997	0.000000	0.002423	0.000000	0.000000	0.000000	0.000047
403	0.877832	0.076722	0.042954	0.000000	0.002448	0.000000	0.000000	0.000000	0.000044
404	0.877640	0.076931	0.042911	0.000000	0.002476	0.000000	0.000000	0.000000	0.000042
405	0.878183	0.076577	0.042702	0.000000	0.002489	0.000000	0.000000	0.000000	0.000049
406	0.878038	0.076699	0.042738	0.000000	0.002481	0.000000	0.000000	0.000000	0.000044
407	0.877902	0.076638	0.042866	0.000000	0.002547	0.000000	0.000000	0.000000	0.000047
408	0.877874	0.076826	0.042699	0.000000	0.002565	0.000000	0.000000	0.000000	0.000036
409	0.877943	0.077033	0.042410	0.000000	0.002588	0.000000	0.000000	0.000000	0.000026
410	0.877872	0.076923	0.042624	0.000000	0.002561	0.000000	0.000000	0.000000	0.000020
411	0.878128	0.076735	0.042578	0.000000	0.002543	0.000000	0.000000	0.000000	0.000016
412	0.878170	0.076525	0.042705	0.000000	0.002582	0.000000	0.000000	0.000000	0.000018
413	0.877840	0.076650	0.042940	0.000000	0.002557	0.000000	0.000000	0.000000	0.000013
414	0.878231	0.076510	0.042694	0.000000	0.002549	0.000000	0.000000	0.000000	0.000016
415	0.877846	0.076890	0.042725	0.000000	0.002521	0.000000	0.000000	0.000000	0.000018
416	0.877469	0.077039	0.042957	0.000000	0.002516	0.000000	0.000000	0.000000	0.000019
417	0.877120	0.077502	0.042847	0.000000	0.002509	0.000000	0.000000	0.000000	0.000022
418	0.877225	0.077445	0.042796	0.000000	0.002520	0.000000	0.000000	0.000000	0.000014
419	0.877580	0.077147	0.042742	0.000000	0.002512	0.000000	0.000000	0.000000	0.000019
420	0.877671	0.077104	0.042701	0.000000	0.002513	0.000000	0.000000	0.000000	0.000011
421	0.877620	0.077198	0.042612	0.000000	0.002559	0.000000	0.000000	0.000000	0.000011
422	0.877692	0.077188	0.042579	0.000000	0.002532	0.000000	0.000000	0.000000	0.000009
423	0.877838	0.076904	0.042671	0.000000	0.002580	0.000000	0.000000	0.000000	0.000007
424	0.877416	0.077289	0.042724	0.000000	0.002566	0.000000	0.000000	0.000000	0.000005
425	0.877686	0.077336	0.042380	0.000000	0.002591	0.000000	0.000000	0.000000	0.000007
426	0.877467	0.077394	0.042516	0.000000	0.002620	0.000000	0.000000	0.000000	0.000003
427	0.877429	0.077342	0.042636	0.000000	0.002587	0.000000	0.000000	0.000000	0.000006
428	0.877131	0.077462	0.042803	0.000000	0.002599	0.000000	0.000000	0.000000	0.000005
429	0.877500	0.077477	0.042418	0.000000	0.002601	0.000000	0.000000	0.000000	0.000004
430	0.877263	0.077598	0.042521	0.000000	0.002616	0.000000	0.000000	0.000000	0.000002
431	0.876813	0.078072	0.042514	0.000000	0.002601	0.000000	0.000000	0.000000	0.000000
432	0.877168	0.077748	0.042451	0.000000	0.002632	0.000000	0.000000	0.000000	0.000001
433	0.877092	0.077936	0.042365	0.000000	0.002606	0.000000	0.000000	0.000000	0.000001
434	0.877120	0.077875	0.042402	0.000000	0.002603	0.000000	0.000000	0.000000	0.000000
435	0.877371	0.077588	0.042413	0.000000	0.002628	0.000000	0.000000	0.000000	0.000000
436	0.877616	0.077560	0.042163	0.000000	0.002661	0.000000	0.000000	0.000000	0.000000
437	0.877643	0.077442	0.042272	0.000000	0.002643	0.000000	0.000000	0.000000	0.000000
438	0.878460	0.076945	0.041945	0.000000	0.002650	0.000000	0.000000	0.000000	0.000000
439	0.878478	0.076940	0.041986	0.000000	0.002596	0.000000	0.000000	0.000000	0.000000
440	0.878235	0.076951	0.042182	0.000000	0.002632	0.000000	0.000000	0.000000	0.000000
441	0.878415	0.076747	0.042203	0.000000	0.002635	0.000000	0.000000	0.000000	0.000000
442	0.878501	0.076603	0.042310	0.000000	0.002586	0.000000	0.000000	0.000000	0.000000
443	0.877871	0.076689	0.042870	0.000000	0.002570	0.000000	0.000000	0.000000	0.000000
444	0.878216	0.076387	0.042857	0.000000	0.002540	0.000000	0.000000	0.000000	0.000000
445	0.877929	0.076619	0.042882	0.000000	0.002570	0.000000	0.000000	0.000000	0.000000
446	0.878223	0.076533	0.042681	0.000000	0.002563	0.000000	0.000000	0.000000	0.000000
447	0.878336	0.076193	0.042898	0.000000	0.002573	0.000000	0.000000	0.000000	0.000000
448	0.878206	0.076266	0.042933	0.000000	0.002595	0.000000	0.000000	0.000000	0.000000
449	0.878631	0.076043	0.042776	0.000000	0.002550	0.000000	0.000000	0.000000	0.000000
450	0.878381	0.076278	0.042813	0.000000	0.002528	0.000000	0.000000	0.000000	0.000000
451	0.878981	0.075866	0.042671	0.000000	0.002482	0.000000	0.000000	0.000000	0.000000
452	0.878666	0.075893	0.042937	0.000000	0.002504	0.000000	0.000000	0.000000	0.000000
453	0.878215	0.076331	0.042959	0.000000	0.002495	0.000000	0.000000	0.000000	0.000000
454	0.878162	0.076605	0.042760	0.000000	0.002473	0.000000	0.000000	0.000000	0.000000
455	0.878438	0.076305	0.042790	0.000000	0.002467	0.000000	0.000000	0.000000	0.000000
456	0.878337	0.076392	0.042838	0.000000	0.002433	0.000000	0.000000	0.000000	0.000000
457	0.878269	0.076296	0.042978	0.000000	0.002457	0.000000	0.000000	0.000000	0.000000
458	0.878402	0.076013	0.043168	0.000000	0.002417	0.000000	0.000000	0.000000	0.000000
459	0.878608	0.075956	0.043067	0.000000	0.002369	0.000000	0.000000	0.000000	0.000000
460	0.878468	0.076104	0.043076	0.000000	0.002352	0.000000	0.000000	0.000000	0.000000
461	0.878387	0.076074	0.043193	0.000000	0.002346	0.000000	0.000000	0.000000	0.000000
462	0.878877	0.075756	0.043070	0.000000	0.002297	0.000000	0.000000	0.000000	0.000000
463	0.878918	0.075685	0.043151	0.000000	0.002246	0.000000	0.000000	0.000000	0.000000
464	0.878902	0.075758	0.043116	0.000000	0.002224	0.000000	0.000000	0.000000	0.000000
465	0.878710	0.075875	0.043222	0.000000	0.002193	0.000000	0.000000	0.000000	0.000000
466	0.878950	0.075767	0.043102	0.000000	0.002181	0.000000	0.000000	0.000000	0.000000
467	0.879058	0.075645	0.043161	0.000000	0.002136	0.000000	0.000000	0.000000	0.000000
468	0.879076	0.075669	0.043118	0.000000	0.002137	0.000000	0.000000	0.000000	0.000000
469	0.879174	0.075775	0.042896	0.000000	0.002155	0.000000	0.000000	0.000000	0.000000
470	0.878803	0.075945	0.043091	0.000000	0.002161	0.000000	0.000000	0.000000	0.000000
