0	0.290663	0.057897	0.229473	0.157588	0.029913	0.111872	0.085455	0.012259	0.024880
1	0.230889	0.047441	0.200606	0.130776	0.027091	0.114443	0.127348	0.024647	0.096759
2	0.230440	0.047109	0.198638	0.118587	0.025942	0.103513	0.135328	0.026462	0.113981
3	0.236546	0.047217	0.197367	0.108030	0.025389	0.092832	0.138631	0.027154	0.126834
4	0.242850	0.047775	0.196323	0.099205	0.025011	0.082988	0.140607	0.026920	0.138321
5	0.250696	0.048576	0.193287	0.090695	0.024476	0.073587	0.142232	0.026842	0.149609
6	0.258084	0.049031	0.189797	0.083596	0.024375	0.065530	0.142674	0.026586	0.160327
7	0.265660	0.049377	0.186668	0.077012	0.023970	0.058169	0.142082	0.026235	0.170827
8	0.273786	0.049441	0.182166	0.071159	0.024000	0.051495	0.141277	0.025918	0.180758
9	0.280999	0.050212	0.178532	0.065838	0.023946	0.045449	0.140149	0.025389	0.189486
10	0.288155	0.050501	0.173915	0.060635	0.024085	0.040058	0.138679	0.025009	0.198963
11	0.294952	0.050870	0.169442	0.055919	0.024180	0.035376	0.136154	0.024720	0.208387
12	0.302449	0.051161	0.164589	0.051691	0.024467	0.031169	0.133985	0.024107	0.216382
13	0.309482	0.051746	0.159342	0.047817	0.024630	0.027477	0.131431	0.023510	0.224565
14	0.317209	0.052215	0.153873	0.044044	0.024829	0.024375	0.128280	0.022862	0.232313
15	0.323430	0.052578	0.148948	0.040821	0.025000	0.021410	0.125550	0.022320	0.239943
16	0.330495	0.052877	0.143416	0.037532	0.025626	0.019041	0.122198	0.021617	0.247198
17	0.336524	0.053300	0.138563	0.034949	0.026046	0.016754	0.118508	0.021110	0.254246
18	0.342887	0.053615	0.133096	0.032707	0.026288	0.014858	0.115627	0.020447	0.260475
19	0.348534	0.053461	0.128574	0.030268	0.026408	0.013214	0.112795	0.019777	0.266969
20	0.354952	0.053616	0.123636	0.028015	0.026656	0.011927	0.109123	0.019197	0.272878
21	0.360525	0.054200	0.118521	0.025799	0.026915	0.010775	0.105904	0.018575	0.278786
22	0.366061	0.054402	0.113780	0.023939	0.027360	0.009405	0.102836	0.017927	0.284290
23	0.371967	0.054651	0.109460	0.022148	0.027757	0.008223	0.098768	0.017295	0.289731
24	0.377641	0.054870	0.104941	0.020463	0.028266	0.007229	0.095292	0.016752	0.294546
25	0.383022	0.055019	0.100361	0.018840	0.028693	0.006583	0.092277	0.015918	0.299287
26	0.387982	0.054870	0.096038	0.017551	0.029226	0.005839	0.089365	0.015430	0.303699
27	0.392615	0.055045	0.091861	0.016156	0.029808	0.005221	0.085937	0.014716	0.308641
28	0.397098	0.054997	0.087523	0.015079	0.030166	0.004852	0.082363	0.014285	0.313637
29	0.401113	0.055094	0.083891	0.014300	0.030402	0.004310	0.079251	0.013904	0.317735
30	0.405462	0.055019	0.079874	0.013178	0.030837	0.003831	0.076560	0.013468	0.321771
31	0.409755	0.055133	0.076542	0.012347	0.031309	0.003503	0.073495	0.012623	0.325293
32	0.413761	0.055335	0.073087	0.011549	0.031460	0.003206	0.070751	0.012272	0.328579
33	0.417289	0.055540	0.069776	0.010928	0.032091	0.002850	0.067725	0.011730	0.332071
34	0.420457	0.055084	0.066556	0.010303	0.032410	0.002600	0.065517	0.011279	0.335794
35	0.423901	0.055007	0.063569	0.009475	0.033168	0.002390	0.063083	0.010946	0.338461
36	0.427265	0.054591	0.060870	0.008823	0.033469	0.002111	0.060693	0.010460	0.341718
37	0.430486	0.054589	0.058181	0.008331	0.033885	0.001910	0.057853	0.010149	0.344616
38	0.433192	0.054273	0.055824	0.007771	0.034465	0.001805	0.055685	0.009537	0.347448
39	0.436075	0.054501	0.053217	0.007368	0.034708	0.001667	0.053362	0.009202	0.349900
40	0.438464	0.054306	0.050767	0.006813	0.035077	0.001449	0.051524	0.008891	0.352709
41	0.440680	0.054395	0.048513	0.006337	0.035632	0.001337	0.049597	0.008655	0.354854
42	0.443088	0.054118	0.046109	0.005895	0.036308	0.001182	0.047690	0.008189	0.357421
43	0.445567	0.053866	0.043984	0.005521	0.036623	0.001038	0.045830	0.007852	0.359719
44	0.448291	0.053667	0.042029	0.005229	0.037099	0.001018	0.043910	0.007418	0.361339
45	0.450338	0.053522	0.040071	0.004834	0.037301	0.000952	0.042146	0.007186	0.363650
46	0.451956	0.053263	0.038340	0.004597	0.037818	0.000832	0.040415	0.006697	0.366082
47	0.453906	0.053041	0.036349	0.004304	0.038451	0.000764	0.038735	0.006539	0.367911
48	0.455716	0.052962	0.034800	0.004085	0.038926	0.000700	0.037120	0.006329	0.369362
49	0.457088	0.052536	0.033116	0.003943	0.039651	0.000628	0.035283	0.006168	0.371587
50	0.459296	0.052068	0.031514	0.003784	0.040038	0.000560	0.034102	0.005929	0.372709
51	0.461132	0.051936	0.030134	0.003605	0.040514	0.000475	0.032579	0.005656	0.373969
52	0.462759	0.051680	0.028862	0.003388	0.040968	0.000406	0.031297	0.005448	0.375192
53	0.464522	0.051402	0.027394	0.003265	0.041207	0.000385	0.030133	0.005263	0.376429
54	0.466114	0.051204	0.026178	0.003146	0.041533	0.000309	0.028874	0.005047	0.377595
55	0.467377	0.051267	0.024986	0.003021	0.042144	0.000313	0.027923	0.004846	0.378123
56	0.468936	0.050913	0.023779	0.002878	0.042379	0.000260	0.026645	0.004674	0.379536
57	0.469691	0.050812	0.022758	0.002794	0.042884	0.000236	0.025676	0.004407	0.380742
58	0.470816	0.050719	0.021679	0.002605	0.043569	0.000206	0.024837	0.004204	0.381365
59	0.472148	0.050525	0.020522	0.002487	0.043976	0.000190	0.023824	0.003976	0.382352
60	0.473108	0.050362	0.019391	0.002301	0.044467	0.000182	0.022899	0.003831	0.383459
61	0.474471	0.050297	0.018496	0.002192	0.044780	0.000199	0.021888	0.003715	0.383962
62	0.475599	0.050002	0.017674	0.002046	0.045215	0.000169	0.020974	0.003467	0.384854
63	0.475521	0.050022	0.016974	0.001985	0.045824	0.000177	0.020212	0.003377	0.385908
64	0.476253	0.049887	0.016120	0.001831	0.046033	0.000180	0.019637	0.003237	0.386822
65	0.476845	0.049660	0.015276	0.001725	0.046436	0.000169	0.018913	0.003103	0.387873
66	0.477957	0.049434	0.014725	0.001697	0.046763	0.000153	0.018071	0.002941	0.388259
67	0.478812	0.049014	0.013789	0.001625	0.047438	0.000163	0.017205	0.002836	0.389118
68	0.479233	0.048698	0.013230	0.001611	0.047956	0.000155	0.016599	0.002726	0.389792
69	0.479644	0.048390	0.012445	0.001562	0.048494	0.000154	0.015864	0.002606	0.390841
70	0.480584	0.047758	0.011802	0.001561	0.048682	0.000144	0.015189	0.002491	0.391789
71	0.481249	0.047409	0.011357	0.001551	0.049200	0.000143	0.014661	0.002392	0.392038
72	0.482095	0.047217	0.010721	0.001519	0.049741	0.000124	0.014165	0.002321	0.392097
73	0.482704	0.047033	0.010340	0.001491	0.049847	0.000127	0.013540	0.002284	0.392634
74	0.483557	0.046799	0.009778	0.001369	0.050357	0.000101	0.013064	0.002213	0.392762
75	0.484071	0.046555	0.009438	0.001332	0.051052	0.000110	0.012661	0.002127	0.392654
76	0.484576	0.046549	0.008939	0.001261	0.051447	0.000080	0.012347	0.002066	0.392735
77	0.484757	0.046486	0.008568	0.001248	0.051836	0.000089	0.011770	0.001909	0.393337
78	0.485668	0.046329	0.008061	0.001184	0.052314	0.000063	0.011423	0.001865	0.393093
79	0.486047	0.046089	0.007709	0.001211	0.052875	0.000069	0.010778	0.001782	0.393440
80	0.486216	0.045713	0.007396	0.001160	0.053336	0.000062	0.010322	0.001700	0.394095
81	0.486535	0.045547	0.007017	0.001095	0.053684	0.000067	0.009964	0.001686	0.394405
82	0.487703	0.045434	0.006651	0.000996	0.054131	0.000046	0.009391	0.001612	0.394036
83	0.488120	0.045283	0.006478	0.001005	0.054611	0.000038	0.009101	0.001579	0.393785
84	0.488916	0.044866	0.006087	0.000984	0.054939	0.000047	0.008741	0.001491	0.393929
85	0.489350	0.044604	0.005865	0.000932	0.055366	0.000042	0.008349	0.001473	0.394019
86	0.490039	0.044403	0.005537	0.000947	0.055918	0.000039	0.007933	0.001396	0.393788
87	0.489994	0.043817	0.005362	0.000865	0.056405	0.000042	0.007745	0.001345	0.394425
88	0.490486	0.043562	0.005237	0.000819	0.056780	0.000040	0.007440	0.001287	0.394349
89	0.490809	0.043610	0.005119	0.000838	0.057142	0.000036	0.007174	0.001221	0.394051
90	0.491228	0.043127	0.004810	0.000800	0.057604	0.000037	0.006938	0.001156	0.394300
91	0.491654	0.042841	0.004462	0.000822	0.058130	0.000024	0.006683	0.001124	0.394260
92	0.492549	0.042400	0.004313	0.000770	0.058764	0.000022	0.006380	0.001123	0.393679
93	0.492348	0.042151	0.004191	0.000755	0.059162	0.000021	0.006204	0.001051	0.394117
94	0.492672	0.041934	0.004004	0.000732	0.059531	0.000026	0.005841	0.000987	0.394273
95	0.493077	0.041494	0.003765	0.000715	0.060175	0.000025	0.005581	0.000950	0.394218
96	0.492757	0.041355	0.003656	0.000665	0.060717	0.000021	0.005413	0.000906	0.394510
97	0.492997	0.041181	0.003486	0.000676	0.061244	0.000025	0.005125	0.000871	0.394395
98	0.492977	0.041013	0.003363	0.000651	0.061653	0.000015	0.005022	0.000837	0.394469
99	0.493120	0.040624	0.003197	0.000646	0.062027	0.000016	0.004845	0.000810	0.394715
100	0.493524	0.040077	0.003041	0.000579	0.062599	0.000011	0.004661	0.000797	0.394711
101	0.493665	0.039872	0.002876	0.000564	0.062927	0.000012	0.004470	0.000798	0.394816
102	0.493127	0.039847	0.002810	0.000516	0.063536	0.000008	0.004270	0.000803	0.395083
103	0.493536	0.039670	0.002701	0.000522	0.064053	0.000010	0.004121	0.000778	0.394609
104	0.493573	0.039563	0.002649	0.000493	0.064675	0.000016	0.003967	0.000769	0.394295
105	0.493883	0.039261	0.002508	0.000513	0.065232	0.000019	0.003941	0.000749	0.393894
106	0.494326	0.038879	0.002413	0.000482	0.065618	0.000014	0.003818	0.000712	0.393738
107	0.494461	0.038554	0.002303	0.000466	0.066073	0.000014	0.003609	0.000674	0.393846
108	0.495059	0.038380	0.002201	0.000438	0.066708	0.000015	0.003524	0.000637	0.393038
109	0.495513	0.038229	0.002122	0.000396	0.067180	0.000009	0.003420	0.000622	0.392509
110	0.495512	0.038046	0.002066	0.000390	0.067642	0.000006	0.003290	0.000595	0.392453
111	0.495258	0.038022	0.002021	0.000362	0.068274	0.000007	0.003212	0.000551	0.392293
112	0.495552	0.037710	0.001999	0.000354	0.068824	0.000009	0.003082	0.000525	0.391945
113	0.495810	0.037390	0.001999	0.000354	0.069277	0.000008	0.002998	0.000511	0.391653
114	0.495403	0.037481	0.001926	0.000360	0.069758	0.000011	0.002944	0.000491	0.391626
115	0.495331	0.037411	0.001848	0.000357	0.070422	0.000008	0.002826	0.000496	0.391301
116	0.495610	0.037014	0.001840	0.000367	0.070851	0.000007	0.002795	0.000459	0.391057
117	0.495609	0.036731	0.001840	0.000380	0.071255	0.000007	0.002745	0.000435	0.390998
118	0.495977	0.036720	0.001793	0.000352	0.071606	0.000008	0.002678	0.000422	0.390444
119	0.496216	0.036538	0.001741	0.000353	0.071988	0.000006	0.002604	0.000407	0.390147
120	0.496607	0.036246	0.001744	0.000367	0.072594	0.000008	0.002535	0.000395	0.389504
121	0.496427	0.036060	0.001666	0.000371	0.073107	0.000006	0.002478	0.000398	0.389487
122	0.496564	0.035751	0.001628	0.000377	0.073613	0.000009	0.002421	0.000389	0.389248
123	0.497341	0.035495	0.001574	0.000361	0.074115	0.000009	0.002282	0.000378	0.388445
124	0.497315	0.035320	0.001526	0.000342	0.074886	0.000011	0.002237	0.000336	0.388027
125	0.497095	0.035034	0.001518	0.000368	0.075363	0.000012	0.002113	0.000380	0.388117
126	0.496900	0.035029	0.001492	0.000381	0.076012	0.000010	0.002077	0.000371	0.387728
127	0.496949	0.035193	0.001448	0.000393	0.076241	0.000010	0.002070	0.000347	0.387349
128	0.497208	0.034866	0.001409	0.000360	0.077016	0.000013	0.001930	0.000315	0.386883
129	0.496956	0.034520	0.001366	0.000360	0.077613	0.000015	0.001922	0.000310	0.386938
130	0.497168	0.034119	0.001319	0.000358	0.078056	0.000011	0.001905	0.000291	0.386773
131	0.496772	0.034141	0.001242	0.000342	0.078500	0.000004	0.001937	0.000291	0.386771
132	0.497007	0.033974	0.001216	0.000343	0.079235	0.000006	0.001849	0.000287	0.386083
133	0.497067	0.033691	0.001153	0.000328	0.079435	0.000005	0.001819	0.000268	0.386234
134	0.496706	0.033526	0.001179	0.000325	0.079747	0.000008	0.001777	0.000274	0.386458
135	0.497630	0.033187	0.001123	0.000339	0.080270	0.000007	0.001760	0.000258	0.385426
136	0.497238	0.032946	0.001114	0.000322	0.080759	0.000006	0.001762	0.000237	0.385616
137	0.497711	0.032931	0.001105	0.000316	0.081373	0.000005	0.001766	0.000215	0.384578
138	0.497241	0.032791	0.001059	0.000318	0.081964	0.000008	0.001700	0.000219	0.384700
139	0.497681	0.032241	0.001082	0.000294	0.082595	0.000005	0.001705	0.000217	0.384180
140	0.497682	0.032140	0.001064	0.000281	0.083056	0.000004	0.001663	0.000236	0.383874
141	0.497624	0.032017	0.001040	0.000285	0.083235	0.000009	0.001694	0.000236	0.383860
142	0.497170	0.032067	0.001019	0.000294	0.083754	0.000004	0.001667	0.000228	0.383797
143	0.497312	0.031629	0.001022	0.000310	0.084420	0.000002	0.001622	0.000210	0.383473
144	0.497367	0.031439	0.000943	0.000290	0.085028	0.000001	0.001595	0.000202	0.383135
145	0.497025	0.031156	0.000977	0.000278	0.085811	0.000002	0.001575	0.000192	0.382984
146	0.496899	0.031068	0.000949	0.000271	0.086275	0.000003	0.001510	0.000200	0.382825
147	0.497345	0.030883	0.000942	0.000277	0.086425	0.000003	0.001457	0.000191	0.382477
148	0.497470	0.030646	0.000912	0.000259	0.086805	0.000004	0.001481	0.000196	0.382227
149	0.497077	0.030388	0.000893	0.000261	0.087559	0.000007	0.001438	0.000187	0.382190
150	0.497339	0.030171	0.000845	0.000247	0.087837	0.000004	0.001404	0.000166	0.381987
151	0.497198	0.030246	0.000835	0.000245	0.088340	0.000005	0.001334	0.000159	0.381638
152	0.497088	0.030293	0.000863	0.000239	0.088717	0.000006	0.001297	0.000153	0.381344
153	0.497143	0.030007	0.000875	0.000233	0.089136	0.000007	0.001298	0.000148	0.381153
154	0.497217	0.029928	0.000862	0.000231	0.089710	0.000006	0.001272	0.000150	0.380624
155	0.497252	0.029703	0.000881	0.000221	0.090201	0.000003	0.001238	0.000149	0.380352
156	0.497548	0.029482	0.000853	0.000219	0.090755	0.000001	0.001203	0.000143	0.379796
157	0.497309	0.029292	0.000818	0.000222	0.091098	0.000002	0.001156	0.000137	0.379966
158	0.496160	0.029356	0.000807	0.000198	0.091692	0.000001	0.001126	0.000119	0.380541
159	0.496348	0.029047	0.000807	0.000210	0.092192	0.000000	0.001071	0.000122	0.380203
160	0.495829	0.028981	0.000769	0.000205	0.092862	0.000000	0.001022	0.000138	0.380194
161	0.495875	0.028582	0.000725	0.000178	0.093542	0.000000	0.000987	0.000118	0.379993
162	0.495723	0.028669	0.000701	0.000187	0.094423	0.000000	0.000964	0.000118	0.379215
163	0.495374	0.028500	0.000684	0.000176	0.095226	0.000000	0.001005	0.000112	0.378923
164	0.495245	0.028444	0.000692	0.000171	0.095723	0.000000	0.000990	0.000110	0.378625
165	0.495315	0.028141	0.000676	0.000153	0.095895	0.000000	0.001003	0.000120	0.378697
166	0.495221	0.027844	0.000657	0.000152	0.096600	0.000000	0.000998	0.000111	0.378417
167	0.495564	0.027883	0.000687	0.000141	0.096965	0.000000	0.000943	0.000103	0.377714
168	0.495737	0.027695	0.000653	0.000127	0.097074	0.000000	0.000845	0.000103	0.377766
169	0.495595	0.027552	0.000647	0.000116	0.097762	0.000000	0.000861	0.000110	0.377357
170	0.495468	0.027317	0.000643	0.000118	0.098491	0.000000	0.000837	0.000105	0.377021
171	0.494990	0.027294	0.000617	0.000106	0.099183	0.000000	0.000853	0.000107	0.376850
172	0.494676	0.027379	0.000634	0.000103	0.099680	0.000000	0.000840	0.000110	0.376578
173	0.494191	0.027380	0.000591	0.000096	0.100391	0.000000	0.000819	0.000109	0.376423
174	0.494060	0.027529	0.000578	0.000093	0.101204	0.000000	0.000793	0.000099	0.375644
175	0.493503	0.027331	0.000591	0.000087	0.101760	0.000000	0.000752	0.000097	0.375879
176	0.493968	0.027287	0.000570	0.000090	0.102104	0.000000	0.000711	0.000088	0.375182
177	0.493692	0.027005	0.000552	0.000094	0.102607	0.000000	0.000677	0.000078	0.375295
178	0.493110	0.026874	0.000550	0.000087	0.103451	0.000000	0.000691	0.000081	0.375156
179	0.493397	0.026912	0.000535	0.000104	0.103803	0.000000	0.000665	0.000082	0.374502
180	0.493128	0.026737	0.000542	0.000113	0.104506	0.000000	0.000651	0.000076	0.374247
181	0.493375	0.026683	0.000537	0.000121	0.105159	0.000000	0.000643	0.000079	0.373403
182	0.492732	0.026815	0.000532	0.000108	0.105893	0.000000	0.000625	0.000084	0.373211
183	0.492692	0.026768	0.000560	0.000109	0.106442	0.000000	0.000590	0.000082	0.372757
184	0.492784	0.026422	0.000556	0.000105	0.107035	0.000000	0.000563	0.000077	0.372458
185	0.492622	0.026544	0.000498	0.000101	0.107468	0.000000	0.000520	0.000075	0.372172
186	0.492346	0.026414	0.000501	0.000100	0.107982	0.000000	0.000502	0.000072	0.372083
187	0.492395	0.026198	0.000470	0.000105	0.108475	0.000000	0.000521	0.000074	0.371762
188	0.491863	0.026368	0.000470	0.000092	0.108946	0.000000	0.000476	0.000076	0.371709
189	0.491425	0.026223	0.000449	0.000084	0.109446	0.000000	0.000463	0.000073	0.371837
190	0.491443	0.026201	0.000441	0.000080	0.109855	0.000000	0.000463	0.000083	0.371434
191	0.491326	0.026203	0.000439	0.000070	0.110481	0.000000	0.000465	0.000076	0.370940
192	0.491633	0.026054	0.000446	0.000077	0.110887	0.000000	0.000452	0.000075	0.370376
193	0.491337	0.025860	0.000413	0.000081	0.111466	0.000000	0.000466	0.000077	0.370300
194	0.491608	0.025537	0.000395	0.000069	0.112158	0.000000	0.000466	0.000077	0.369690
195	0.491278	0.025454	0.000386	0.000072	0.112568	0.000000	0.000488	0.000078	0.369676
196	0.490876	0.025265	0.000378	0.000067	0.113428	0.000000	0.000478	0.000082	0.369426
197	0.490610	0.025337	0.000370	0.000057	0.114032	0.000000	0.000458	0.000077	0.369059
198	0.490634	0.025287	0.000357	0.000058	0.114584	0.000000	0.000437	0.000074	0.368569
199	0.490010	0.025225	0.000341	0.000063	0.115428	0.000000	0.000450	0.000066	0.368417
200	0.489700	0.025189	0.000338	0.000051	0.116050	0.000000	0.000418	0.000073	0.368181
201	0.490437	0.025051	0.000316	0.000046	0.116445	0.000000	0.000422	0.000063	0.367220
202	0.490178	0.024915	0.000310	0.000047	0.117126	0.000000	0.000399	0.000055	0.366970
203	0.490406	0.024629	0.000290	0.000056	0.117477	0.000000	0.000395	0.000046	0.366701
204	0.489535	0.024568	0.000304	0.000060	0.118167	0.000000	0.000410	0.000053	0.366903
205	0.489407	0.024529	0.000287	0.000047	0.118452	0.000000	0.000403	0.000057	0.366818
206	0.488998	0.024257	0.000303	0.000049	0.119147	0.000000	0.000389	0.000052	0.366805
207	0.488666	0.024183	0.000315	0.000039	0.119936	0.000000	0.000380	0.000063	0.366418
208	0.488231	0.024066	0.000322	0.000038	0.120301	0.000000	0.000383	0.000062	0.366597
209	0.488273	0.023920	0.000341	0.000044	0.121131	0.000000	0.000381	0.000068	0.365842
210	0.487665	0.023656	0.000333	0.000035	0.121820	0.000000	0.000353	0.000060	0.366078
211	0.487187	0.023374	0.000319	0.000032	0.122407	0.000000	0.000336	0.000063	0.366282
212	0.487253	0.023241	0.000283	0.000024	0.122728	0.000000	0.000330	0.000057	0.366084
213	0.487066	0.023143	0.000309	0.000020	0.123225	0.000000	0.000311	0.000063	0.365863
214	0.486414	0.023055	0.000334	0.000024	0.123980	0.000000	0.000318	0.000066	0.365809
215	0.486235	0.022921	0.000287	0.000027	0.124628	0.000000	0.000315	0.000073	0.365514
216	0.485252	0.023001	0.000297	0.000022	0.125473	0.000000	0.000318	0.000061	0.365576
217	0.485477	0.022791	0.000272	0.000029	0.125894	0.000000	0.000314	0.000071	0.365152
218	0.485160	0.022731	0.000257	0.000034	0.126427	0.000000	0.000338	0.000064	0.364989
219	0.484707	0.022667	0.000274	0.000035	0.126812	0.000000	0.000341	0.000062	0.365102
220	0.484329	0.022455	0.000286	0.000031	0.127566	0.000000	0.000320	0.000065	0.364948
221	0.484836	0.022303	0.000296	0.000031	0.128002	0.000000	0.000342	0.000053	0.364137
222	0.484288	0.022478	0.000270	0.000032	0.128701	0.000000	0.000352	0.000059	0.363820
223	0.483895	0.022343	0.000254	0.000025	0.129428	0.000000	0.000342	0.000061	0.363652
224	0.483436	0.022194	0.000274	0.000033	0.130414	0.000000	0.000342	0.000068	0.363239
225	0.483246	0.022171	0.000269	0.000030	0.130879	0.000000	0.000317	0.000077	0.363011
226	0.483019	0.022084	0.000269	0.000023	0.131155	0.000000	0.000331	0.000078	0.363041
227	0.482752	0.021994	0.000273	0.000018	0.131637	0.000000	0.000311	0.000077	0.362938
228	0.482679	0.021877	0.000253	0.000016	0.132559	0.000000	0.000304	0.000095	0.362217
229	0.481987	0.022059	0.000237	0.000020	0.133253	0.000000	0.000294	0.000092	0.362058
230	0.481812	0.021885	0.000253	0.000017	0.133747	0.000000	0.000283	0.000090	0.361913
231	0.481449	0.021714	0.000236	0.000021	0.134419	0.000000	0.000284	0.000096	0.361781
232	0.481436	0.021685	0.000259	0.000020	0.134881	0.000000	0.000278	0.000084	0.361357
233	0.481139	0.021707	0.000230	0.000019	0.135838	0.000000	0.000267	0.000085	0.360715
234	0.480972	0.021570	0.000248	0.000016	0.136453	0.000000	0.000240	0.000089	0.360412
235	0.480722	0.021400	0.000220	0.000023	0.136820	0.000000	0.000260	0.000095	0.360460
236	0.480546	0.021362	0.000234	0.000015	0.137135	0.000000	0.000251	0.000101	0.360356
237	0.480621	0.021183	0.000225	0.000006	0.137977	0.000000	0.000276	0.000097	0.359615
238	0.480249	0.021092	0.000231	0.000006	0.138623	0.000000	0.000299	0.000102	0.359398
239	0.479807	0.020956	0.000253	0.000008	0.139358	0.000000	0.000262	0.000105	0.359251
240	0.479434	0.020922	0.000244	0.000007	0.139865	0.000000	0.000264	0.000117	0.359147
241	0.479885	0.020588	0.000245	0.000010	0.140535	0.000000	0.000233	0.000107	0.358397
242	0.479703	0.020463	0.000227	0.000007	0.141083	0.000000	0.000235	0.000109	0.358173
243	0.479543	0.020361	0.000243	0.000001	0.141735	0.000000	0.000222	0.000096	0.357799
244	0.479325	0.020087	0.000249	0.000003	0.142500	0.000000	0.000225	0.000096	0.357515
245	0.479020	0.020132	0.000248	0.000003	0.142792	0.000000	0.000233	0.000085	0.357487
246	0.478863	0.020096	0.000241	0.000006	0.143396	0.000000	0.000240	0.000075	0.357083
247	0.478709	0.020085	0.000210	0.000010	0.144088	0.000000	0.000215	0.000073	0.356610
248	0.478251	0.020026	0.000221	0.000006	0.144776	0.000000	0.000217	0.000078	0.356425
249	0.478226	0.019951	0.000221	0.000005	0.145207	0.000000	0.000203	0.000086	0.356101
250	0.478389	0.019700	0.000222	0.000006	0.145684	0.000000	0.000188	0.000078	0.355733
251	0.477860	0.019471	0.000182	0.000007	0.146602	0.000000	0.000184	0.000067	0.355627
252	0.477660	0.019633	0.000174	0.000007	0.147104	0.000000	0.000201	0.000069	0.355152
253	0.477274	0.019476	0.000182	0.000006	0.148114	0.000000	0.000207	0.000066	0.354675
254	0.476868	0.019449	0.000183	0.000011	0.148237	0.000000	0.000197	0.000072	0.354983
255	0.476831	0.019339	0.000174	0.000010	0.148805	0.000000	0.000196	0.000068	0.354577
256	0.477015	0.019124	0.000159	0.000008	0.149420	0.000000	0.000195	0.000058	0.354021
257	0.476452	0.018977	0.000156	0.000006	0.149900	0.000000	0.000212	0.000062	0.354235
258	0.475821	0.019008	0.000158	0.000009	0.150800	0.000000	0.000206	0.000061	0.353937
259	0.475684	0.018837	0.000151	0.000010	0.151416	0.000000	0.000207	0.000059	0.353636
260	0.475641	0.018814	0.000143	0.000010	0.151741	0.000000	0.000195	0.000075	0.353381
261	0.475441	0.018734	0.000142	0.000011	0.152537	0.000000	0.000185	0.000076	0.352874
262	0.475499	0.018648	0.000142	0.000008	0.153113	0.000000	0.000175	0.000078	0.352337
263	0.474884	0.018707	0.000112	0.000012	0.153558	0.000000	0.000175	0.000074	0.352478
264	0.474713	0.018469	0.000113	0.000012	0.154246	0.000000	0.000171	0.000081	0.352195
265	0.474301	0.018379	0.000125	0.000009	0.155140	0.000000	0.000160	0.000077	0.351809
266	0.473861	0.018239	0.000145	0.000010	0.155611	0.000000	0.000168	0.000067	0.351899
267	0.473677	0.018144	0.000144	0.000011	0.156284	0.000000	0.000160	0.000071	0.351509
268	0.473074	0.018004	0.000151	0.000014	0.157093	0.000000	0.000155	0.000068	0.351441
269	0.473384	0.017952	0.000163	0.000010	0.157350	0.000000	0.000146	0.000070	0.350925
270	0.473305	0.017708	0.000178	0.000006	0.157686	0.000000	0.000140	0.000076	0.350901
271	0.472462	0.017686	0.000159	0.000012	0.158472	0.000000	0.000135	0.000077	0.350997
272	0.472089	0.017567	0.000158	0.000012	0.159184	0.000000	0.000109	0.000076	0.350805
273	0.471758	0.017728	0.000146	0.000008	0.159691	0.000000	0.000100	0.000069	0.350500
274	0.471187	0.017760	0.000156	0.000007	0.160528	0.000000	0.000117	0.000062	0.350183
275	0.470625	0.017621	0.000146	0.000003	0.161066	0.000000	0.000112	0.000060	0.350367
276	0.470107	0.017715	0.000142	0.000001	0.161876	0.000000	0.000120	0.000064	0.349975
277	0.469678	0.017715	0.000148	0.000002	0.162572	0.000000	0.000106	0.000061	0.349718
278	0.469676	0.017265	0.000159	0.000001	0.163290	0.000000	0.000112	0.000065	0.349432
279	0.470073	0.017033	0.000158	0.000001	0.163535	0.000000	0.000117	0.000062	0.349021
280	0.469312	0.017145	0.000147	0.000000	0.164228	0.000000	0.000118	0.000066	0.348984
281	0.469216	0.017134	0.000148	0.000000	0.164755	0.000000	0.000122	0.000068	0.348557
282	0.468971	0.017139	0.000151	0.000000	0.165397	0.000000	0.000111	0.000073	0.348158
283	0.468729	0.016972	0.000160	0.000000	0.165715	0.000000	0.000106	0.000075	0.348243
284	0.468478	0.017004	0.000166	0.000000	0.166001	0.000000	0.000104	0.000067	0.348180
285	0.468385	0.016814	0.000156	0.000000	0.166460	0.000000	0.000100	0.000066	0.348019
286	0.468251	0.016668	0.000160	0.000000	0.167153	0.000000	0.000092	0.000061	0.347615
287	0.467902	0.016646	0.000161	0.000000	0.167774	0.000000	0.000088	0.000067	0.347362
288	0.467841	0.016491	0.000158	0.000000	0.168393	0.000000	0.000093	0.000072	0.346952
289	0.467593	0.016484	0.000149	0.000000	0.169018	0.000000	0.000073	0.000071	0.346612
290	0.467173	0.016381	0.000137	0.000000	0.169829	0.000000	0.000068	0.000067	0.346345
291	0.467334	0.016212	0.000122	0.000000	0.170269	0.000000	0.000068	0.000073	0.345922
292	0.466572	0.016169	0.000147	0.000000	0.170726	0.000000	0.000070	0.000068	0.346248
293	0.466367	0.016066	0.000145	0.000000	0.171104	0.000000	0.000076	0.000067	0.346175
294	0.466059	0.016045	0.000152	0.000000	0.171728	0.000000	0.000063	0.000067	0.345886
295	0.465959	0.015974	0.000149	0.000000	0.172121	0.000000	0.000060	0.000073	0.345664
296	0.465447	0.015924	0.000149	0.000000	0.172882	0.000000	0.000039	0.000089	0.345470
297	0.465396	0.015834	0.000143	0.000000	0.173511	0.000000	0.000035	0.000083	0.344998
298	0.464512	0.015904	0.000144	0.000000	0.174330	0.000000	0.000035	0.000085	0.344990
299	0.464601	0.015939	0.000143	0.000000	0.174735	0.000000	0.000031	0.000077	0.344474
300	0.464250	0.015940	0.000133	0.000000	0.175175	0.000000	0.000023	0.000079	0.344400
301	0.463497	0.015890	0.000135	0.000000	0.175946	0.000000	0.000022	0.000086	0.344424
302	0.462970	0.015920	0.000129	0.000000	0.176732	0.000000	0.000018	0.000093	0.344138
303	0.462557	0.015807	0.000141	0.000000	0.177489	0.000000	0.000016	0.000096	0.343894
304	0.462233	0.015835	0.000146	0.000000	0.178241	0.000000	0.000011	0.000103	0.343431
305	0.461931	0.015763	0.000145	0.000000	0.178971	0.000000	0.000013	0.000105	0.343072
306	0.461101	0.015676	0.000128	0.000000	0.179713	0.000000	0.000013	0.000093	0.343276
307	0.460885	0.015687	0.000125	0.000000	0.180499	0.000000	0.000012	0.000102	0.342690
308	0.460613	0.015601	0.000128	0.000000	0.180990	0.000000	0.000014	0.000107	0.342547
309	0.460146	0.015458	0.000109	0.000000	0.181586	0.000000	0.000016	0.000104	0.342581
310	0.459769	0.015456	0.000122	0.000000	0.182286	0.000000	0.000013	0.000096	0.342258
311	0.459494	0.015408	0.000136	0.000000	0.182832	0.000000	0.000014	0.000098	0.342018
312	0.459516	0.015342	0.000131	0.000000	0.183617	0.000000	0.000011	0.000103	0.341280
313	0.458278	0.015262	0.000158	0.000000	0.184679	0.000000	0.000018	0.000107	0.341498
314	0.457912	0.015129	0.000169	0.000000	0.185279	0.000000	0.000021	0.000115	0.341375
315	0.457441	0.015170	0.000160	0.000000	0.185696	0.000000	0.000019	0.000123	0.341391
316	0.457758	0.014849	0.000163	0.000000	0.186309	0.000000	0.000018	0.000120	0.340783
317	0.456933	0.014824	0.000163	0.000000	0.187227	0.000000	0.000017	0.000102	0.340734
318	0.456848	0.014745	0.000177	0.000000	0.187762	0.000000	0.000019	0.000097	0.340352
319	0.456408	0.014656	0.000162	0.000000	0.188410	0.000000	0.000021	0.000109	0.340234
320	0.455991	0.014660	0.000164	0.000000	0.189027	0.000000	0.000015	0.000106	0.340037
321	0.455580	0.014433	0.000175	0.000000	0.189900	0.000000	0.000012	0.000111	0.339789
322	0.455064	0.014235	0.000173	0.000000	0.190881	0.000000	0.000009	0.000102	0.339536
323	0.454492	0.014277	0.000185	0.000000	0.191410	0.000000	0.000012	0.000100	0.339524
324	0.454142	0.014274	0.000176	0.000000	0.191917	0.000000	0.000009	0.000088	0.339394
325	0.453666	0.014040	0.000179	0.000000	0.192781	0.000000	0.000008	0.000092	0.339234
326	0.453709	0.013976	0.000186	0.000000	0.193464	0.000000	0.000009	0.000093	0.338563
327	0.453111	0.013956	0.000171	0.000000	0.194154	0.000000	0.000009	0.000097	0.338502
328	0.452891	0.013908	0.000181	0.000000	0.194920	0.000000	0.000010	0.000089	0.338001
329	0.452677	0.013884	0.000185	0.000000	0.195642	0.000000	0.000013	0.000096	0.337503
330	0.452374	0.013940	0.000167	0.000000	0.196160	0.000000	0.000015	0.000089	0.337255
331	0.452068	0.013806	0.000165	0.000000	0.196757	0.000000	0.000018	0.000089	0.337097
332	0.451825	0.013765	0.000171	0.000000	0.197562	0.000000	0.000019	0.000089	0.336569
333	0.451544	0.013663	0.000163	0.000000	0.198228	0.000000	0.000017	0.000085	0.336300
334	0.450639	0.013767	0.000171	0.000000	0.199227	0.000000	0.000022	0.000084	0.336090
335	0.450279	0.013756	0.000171	0.000000	0.199758	0.000000	0.000021	0.000077	0.335938
336	0.450472	0.013696	0.000144	0.000000	0.200619	0.000000	0.000019	0.000085	0.334965
337	0.450018	0.013562	0.000150	0.000000	0.201480	0.000000	0.000017	0.000078	0.334695
338	0.449601	0.013445	0.000160	0.000000	0.202066	0.000000	0.000022	0.000089	0.334617
339	0.449157	0.013371	0.000159	0.000000	0.202679	0.000000	0.000019	0.000084	0.334531
340	0.449144	0.013368	0.000152	0.000000	0.203289	0.000000	0.000016	0.000086	0.333945
341	0.448723	0.013217	0.000151	0.000000	0.204076	0.000000	0.000018	0.000087	0.333728
342	0.448118	0.013290	0.000147	0.000000	0.204863	0.000000	0.000019	0.000093	0.333470
343	0.448088	0.013247	0.000143	0.000000	0.205277	0.000000	0.000023	0.000087	0.333135
344	0.447216	0.013277	0.000137	0.000000	0.205830	0.000000	0.000029	0.000096	0.333415
345	0.446954	0.013132	0.000126	0.000000	0.206485	0.000000	0.000030	0.000111	0.333162
346	0.446170	0.013188	0.000129	0.000000	0.207611	0.000000	0.000033	0.000113	0.332756
347	0.445776	0.013066	0.000137	0.000000	0.208060	0.000000	0.000035	0.000110	0.332816
348	0.445069	0.013032	0.000129	0.000000	0.208787	0.000000	0.000034	0.000108	0.332841
349	0.445157	0.013044	0.000134	0.000000	0.209276	0.000000	0.000035	0.000106	0.332248
350	0.444657	0.012995	0.000134	0.000000	0.210054	0.000000	0.000035	0.000114	0.332011
351	0.444325	0.013033	0.000126	0.000000	0.210556	0.000000	0.000030	0.000118	0.331812
352	0.443712	0.013105	0.000143	0.000000	0.211512	0.000000	0.000031	0.000114	0.331383
353	0.443388	0.012955	0.000135	0.000000	0.212318	0.000000	0.000036	0.000106	0.331062
354	0.442911	0.012864	0.000149	0.000000	0.212976	0.000000	0.000043	0.000107	0.330950
355	0.442797	0.012704	0.000153	0.000000	0.213837	0.000000	0.000041	0.000131	0.330337
356	0.442025	0.012696	0.000159	0.000000	0.214696	0.000000	0.000041	0.000126	0.330257
357	0.441481	0.012748	0.000146	0.000000	0.215509	0.000000	0.000048	0.000115	0.329953
358	0.440920	0.012685	0.000139	0.000000	0.216352	0.000000	0.000052	0.000106	0.329746
359	0.440530	0.012540	0.000133	0.000000	0.217292	0.000000	0.000048	0.000114	0.329343
360	0.439961	0.012416	0.000134	0.000000	0.217802	0.000000	0.000040	0.000096	0.329551
361	0.439392	0.012519	0.000128	0.000000	0.218512	0.000000	0.000037	0.000098	0.329314
362	0.438994	0.012499	0.000120	0.000000	0.219118	0.000000	0.000041	0.000107	0.329121
363	0.438650	0.012548	0.000136	0.000000	0.219693	0.000000	0.000037	0.000106	0.328830
364	0.438466	0.012397	0.000125	0.000000	0.220163	0.000000	0.000039	0.000106	0.328704
365	0.438183	0.012262	0.000128	0.000000	0.220895	0.000000	0.000034	0.000110	0.328388
366	0.437942	0.012160	0.000122	0.000000	0.221743	0.000000	0.000033	0.000102	0.327898
367	0.437760	0.011996	0.000125	0.000000	0.222404	0.000000	0.000033	0.000106	0.327576
368	0.437592	0.011897	0.000127	0.000000	0.222939	0.000000	0.000028	0.000104	0.327313
369	0.436882	0.011872	0.000121	0.000000	0.223572	0.000000	0.000029	0.000091	0.327433
370	0.436762	0.011780	0.000123	0.000000	0.224139	0.000000	0.000026	0.000104	0.327066
371	0.436540	0.011672	0.000104	0.000000	0.224597	0.000000	0.000027	0.000106	0.326954
372	0.436148	0.011644	0.000112	0.000000	0.225266	0.000000	0.000028	0.000111	0.326691
373	0.435544	0.011684	0.000106	0.000000	0.226119	0.000000	0.000032	0.000109	0.326406
374	0.435506	0.011495	0.000102	0.000000	0.226765	0.000000	0.000036	0.000116	0.325980
375	0.435463	0.011382	0.000100	0.000000	0.227482	0.000000	0.000031	0.000110	0.325432
376	0.435010	0.011307	0.000097	0.000000	0.228120	0.000000	0.000033	0.000114	0.325319
377	0.434520	0.011130	0.000105	0.000000	0.228875	0.000000	0.000026	0.000119	0.325225
378	0.433962	0.010966	0.000098	0.000000	0.229566	0.000000	0.000021	0.000119	0.325268
379	0.433322	0.010936	0.000114	0.000000	0.230511	0.000000	0.000017	0.000118	0.324982
380	0.433103	0.010637	0.000112	0.000000	0.231254	0.000000	0.000017	0.000116	0.324761
381	0.432706	0.010486	0.000115	0.000000	0.232028	0.000000	0.000015	0.000120	0.324530
382	0.432296	0.010457	0.000110	0.000000	0.232615	0.000000	0.000024	0.000121	0.324377
383	0.431586	0.010358	0.000111	0.000000	0.233362	0.000000	0.000028	0.000126	0.324429
384	0.431458	0.010414	0.000121	0.000000	0.233678	0.000000	0.000027	0.000126	0.324176
385	0.430912	0.010378	0.000127	0.000000	0.234581	0.000000	0.000024	0.000139	0.323839
386	0.430909	0.010245	0.000104	0.000000	0.234828	0.000000	0.000027	0.000126	0.323761
387	0.430388	0.010241	0.000098	0.000000	0.235499	0.000000	0.000021	0.000114	0.323639
388	0.430316	0.010130	0.000108	0.000000	0.236149	0.000000	0.000019	0.000100	0.323178
389	0.430368	0.010068	0.000094	0.000000	0.236612	0.000000	0.000021	0.000083	0.322754
390	0.429306	0.010066	0.000089	0.000000	0.237810	0.000000	0.000021	0.000082	0.322626
391	0.429224	0.010004	0.000094	0.000000	0.238215	0.000000	0.000016	0.000072	0.322375
392	0.429060	0.009930	0.000078	0.000000	0.238934	0.000000	0.000018	0.000073	0.321907
393	0.428560	0.009949	0.000089	0.000000	0.239762	0.000000	0.000013	0.000076	0.321551
394	0.427919	0.009887	0.000088	0.000000	0.240455	0.000000	0.000014	0.000069	0.321568
395	0.427591	0.009967	0.000089	0.000000	0.241096	0.000000	0.000014	0.000065	0.321178
396	0.427209	0.009896	0.000103	0.000000	0.241641	0.000000	0.000011	0.000061	0.321079
397	0.426988	0.009831	0.000093	0.000000	0.242199	0.000000	0.000009	0.000055	0.320825
398	0.426910	0.009757	0.000104	0.000000	0.242697	0.000000	0.000009	0.000061	0.320462
399	0.426411	0.009872	0.000123	0.000000	0.243449	0.000000	0.000011	0.000055	0.320079
400	0.425972	0.009909	0.000120	0.000000	0.244025	0.000000	0.000008	0.000048	0.319918
401	0.425674	0.009836	0.000125	0.000000	0.244786	0.000000	0.000006	0.000050	0.319523
402	0.425262	0.009671	0.000126	0.000000	0.245630	0.000000	0.000008	0.000049	0.319254
403	0.424749	0.009654	0.000122	0.000000	0.246253	0.000000	0.000007	0.000039	0.319176
404	0.424368	0.009521	0.000115	0.000000	0.247005	0.000000	0.000006	0.000038	0.318947
405	0.423804	0.009331	0.000124	0.000000	0.247634	0.000000	0.000006	0.000041	0.319060
406	0.423682	0.009347	0.000116	0.000000	0.248198	0.000000	0.000003	0.000039	0.318615
407	0.423380	0.009436	0.000133	0.000000	0.248753	0.000000	0.000002	0.000037	0.318259
408	0.423097	0.009420	0.000119	0.000000	0.249433	0.000000	0.000002	0.000035	0.317894
409	0.422678	0.009266	0.000117	0.000000	0.250341	0.000000	0.000002	0.000047	0.317549
410	0.422493	0.009240	0.000124	0.000000	0.250681	0.000000	0.000002	0.000047	0.317413
411	0.422298	0.009257	0.000125	0.000000	0.251291	0.000000	0.000002	0.000050	0.316977
412	0.422262	0.009177	0.000124	0.000000	0.251953	0.000000	0.000003	0.000042	0.316439
413	0.422117	0.009031	0.000131	0.000000	0.252682	0.000000	0.000002	0.000039	0.315998
414	0.421592	0.008927	0.000133	0.000000	0.253383	0.000000	0.000002	0.000046	0.315917
415	0.421260	0.008932	0.000141	0.000000	0.254115	0.000000	0.000001	0.000049	0.315502
416	0.420909	0.008941	0.000143	0.000000	0.254688	0.000000	0.000002	0.000035	0.315282
417	0.420567	0.008824	0.000146	0.000000	0.255211	0.000000	0.000003	0.000035	0.315214
418	0.420188	0.008836	0.000138	0.000000	0.255825	0.000000	0.000005	0.000035	0.314973
419	0.419691	0.008789	0.000146	0.000000	0.256507	0.000000	0.000004	0.000043	0.314820
420	0.419397	0.008699	0.000145	0.000000	0.257302	0.000000	0.000005	0.000044	0.314408
421	0.419067	0.008584	0.000160	0.000000	0.257943	0.000000	0.000006	0.000034	0.314206
422	0.419089	0.008574	0.000171	0.000000	0.258690	0.000000	0.000005	0.000028	0.313443
423	0.418494	0.008593	0.000173	0.000000	0.259449	0.000000	0.000005	0.000020	0.313266
424	0.417996	0.008639	0.000174	0.000000	0.260182	0.000000	0.000006	0.000016	0.312987
425	0.417574	0.008645	0.000182	0.000000	0.260880	0.000000	0.000002	0.000013	0.312704
426	0.417100	0.008628	0.000160	0.000000	0.261377	0.000000	0.000001	0.000012	0.312722
427	0.416608	0.008564	0.000151	0.000000	0.262062	0.000000	0.000000	0.000010	0.312605
428	0.416649	0.008655	0.000154	0.000000	0.262738	0.000000	0.000000	0.000008	0.311796
429	0.415962	0.008675	0.000158	0.000000	0.263598	0.000000	0.000000	0.000006	0.311601
430	0.415489	0.008558	0.000169	0.000000	0.264396	0.000000	0.000000	0.000009	0.311379
431	0.415315	0.008468	0.000170	0.000000	0.265012	0.000000	0.000000	0.000011	0.311024
432	0.415167	0.008491	0.000188	0.000000	0.265410	0.000000	0.000000	0.000013	0.310731
433	0.414530	0.008490	0.000177	0.000000	0.266306	0.000000	0.000000	0.000013	0.310484
434	0.414238	0.008482	0.000186	0.000000	0.266926	0.000000	0.000000	0.000012	0.310156
435	0.413565	0.008482	0.000202	0.000000	0.267820	0.000000	0.000000	0.000008	0.309923
436	0.413182	0.008397	0.000201	0.000000	0.268878	0.000000	0.000000	0.000012	0.309330
437	0.412927	0.008277	0.000210	0.000000	0.269539	0.000000	0.000000	0.000010	0.309037
438	0.412427	0.008282	0.000217	0.000000	0.270375	0.000000	0.000000	0.000011	0.308688
439	0.412004	0.008316	0.000197	0.000000	0.270773	0.000000	0.000000	0.000008	0.308702
440	0.411632	0.008256	0.000217	0.000000	0.271564	0.000000	0.000000	0.000007	0.308324
441	0.411402	0.008318	0.000221	0.000000	0.272209	0.000000	0.000000	0.000004	0.307846
442	0.410724	0.008213	0.000223	0.000000	0.272974	0.000000	0.000000	0.000007	0.307859
443	0.410557	0.008128	0.000242	0.000000	0.273582	0.000000	0.000000	0.000006	0.307485
444	0.410371	0.008201	0.000234	0.000000	0.273953	0.000000	0.000000	0.000006	0.307235
445	0.409861	0.008144	0.000234	0.000000	0.274612	0.000000	0.000000	0.000006	0.307143
446	0.409576	0.008160	0.000237	0.000000	0.275004	0.000000	0.000000	0.000005	0.307018
447	0.409408	0.008164	0.000227	0.000000	0.275487	0.000000	0.000000	0.000006	0.306708
448	0.408870	0.008118	0.000214	0.000000	0.276100	0.000000	0.000000	0.000012	0.306686
449	0.408160	0.008068	0.000225	0.000000	0.276978	0.000000	0.000000	0.000012	0.306557
450	0.407599	0.007996	0.000226	0.000000	0.277799	0.000000	0.000000	0.000009	0.306371
451	0.407034	0.007969	0.000224	0.000000	0.278574	0.000000	0.000000	0.000009	0.306190
452	0.406267	0.008001	0.000206	0.000000	0.279404	0.000000	0.000000	0.000011	0.306111
453	0.405704	0.008018	0.000209	0.000000	0.280268	0.000000	0.000000	0.000012	0.305789
454	0.405128	0.007999	0.000205	0.000000	0.281184	0.000000	0.000000	0.000009	0.305475
455	0.405172	0.008000	0.000203	0.000000	0.281675	0.000000	0.000000	0.000008	0.304942
456	0.404319	0.008011	0.000212	0.000000	0.282823	0.000000	0.000000	0.000008	0.304627
457	0.403469	0.008001	0.000219	0.000000	0.283704	0.000000	0.000000	0.000007	0.304600
458	0.403168	0.008034	0.000223	0.000000	0.284378	0.000000	0.000000	0.000009	0.304188
459	0.402842	0.008032	0.000203	0.000000	0.284986	0.000000	0.000000	0.000008	0.303929
460	0.402296	0.007995	0.000203	0.000000	0.285695	0.000000	0.000000	0.000007	0.303804
461	0.401920	0.007845	0.000195	0.000000	0.286569	0.000000	0.000000	0.000004	0.303467
462	0.401399	0.007860	0.000195	0.000000	0.287402	0.000000	0.000000	0.000010	0.303134
463	0.400704	0.007801	0.000196	0.000000	0.288141	0.000000	0.000000	0.000010	0.303148
464	0.400041	0.007817	0.000199	0.000000	0.288950	0.000000	0.000000	0.000008	0.302985
465	0.399929	0.007858	0.000168	0.000000	0.289450	0.000000	0.000000	0.000009	0.302586
466	0.399386	0.007878	0.000176	0.000000	0.290361	0.000000	0.000000	0.000006	0.302193
467	0.398922	0.007758	0.000190	0.000000	0.291180	0.000000	0.000000	0.000005	0.301945
468	0.398085	0.007758	0.000204	0.000000	0.292245	0.000000	0.000000	0.000005	0.301703
469	0.397724	0.007836	0.000203	0.000000	0.292888	0.000000	0.000000	0.000009	0.301340
470	0.397496	0.007833	0.000207	0.000000	0.293666	0.000000	0.000000	0.000009	0.300789
