0	0.290663	0.057897	0.229473	0.157588	0.029913	0.111872	0.085455	0.012259	0.024880
1	0.228258	0.047468	0.197623	0.146869	0.029942	0.123727	0.115737	0.022380	0.087996
2	0.224790	0.046268	0.195104	0.146500	0.030902	0.124850	0.114732	0.022068	0.094786
3	0.227008	0.045907	0.195176	0.147313	0.032568	0.124319	0.111030	0.020852	0.095827
4	0.230799	0.045351	0.195611	0.147929	0.034673	0.122992	0.106210	0.019855	0.096580
5	0.235100	0.045103	0.195982	0.148173	0.036780	0.122068	0.101517	0.018237	0.097040
6	0.238604	0.044607	0.197032	0.148731	0.038900	0.120965	0.096277	0.017161	0.097723
7	0.242494	0.043793	0.197384	0.149660	0.041294	0.119763	0.091800	0.015988	0.097824
8	0.246639	0.043023	0.197781	0.149867	0.043238	0.118663	0.087974	0.015015	0.097800
9	0.250788	0.042461	0.198813	0.149505	0.045737	0.116949	0.084080	0.013938	0.097729
10	0.255253	0.041551	0.198918	0.149467	0.048343	0.115371	0.079933	0.013057	0.098107
11	0.259469	0.040965	0.198426	0.149711	0.051128	0.114196	0.076254	0.012069	0.097782
12	0.263625	0.040287	0.198351	0.149957	0.054052	0.112382	0.072743	0.011225	0.097378
13	0.267574	0.039213	0.198544	0.149873	0.056736	0.110882	0.069435	0.010587	0.097156
14	0.270973	0.038324	0.198156	0.149681	0.059730	0.109572	0.066354	0.009896	0.097314
15	0.274990	0.037243	0.198425	0.149119	0.062529	0.107886	0.063180	0.009205	0.097423
16	0.277804	0.036352	0.198366	0.148816	0.066038	0.106256	0.060387	0.008558	0.097423
17	0.281049	0.035483	0.198640	0.148270	0.069123	0.104771	0.057342	0.007949	0.097373
18	0.284630	0.034654	0.198435	0.147966	0.072195	0.103008	0.054476	0.007416	0.097220
19	0.288109	0.033664	0.198264	0.147740	0.075328	0.101108	0.051796	0.006855	0.097136
20	0.291451	0.032983	0.197360	0.146749	0.078824	0.100016	0.049168	0.006367	0.097082
21	0.293923	0.031830	0.197542	0.146168	0.082596	0.098089	0.046484	0.005944	0.097424
22	0.297098	0.031013	0.197131	0.145649	0.085812	0.096041	0.044167	0.005555	0.097534
23	0.300329	0.030171	0.195983	0.144994	0.089824	0.094441	0.042038	0.005103	0.097117
24	0.302828	0.029162	0.195564	0.144597	0.093473	0.092388	0.040383	0.004803	0.096802
25	0.305290	0.028251	0.194690	0.144197	0.097451	0.090716	0.038474	0.004494	0.096437
26	0.307812	0.027545	0.193937	0.143352	0.100892	0.089294	0.036545	0.004191	0.096432
27	0.309148	0.026782	0.193355	0.142929	0.105059	0.087867	0.034670	0.003959	0.096231
28	0.311539	0.025888	0.191816	0.142354	0.109314	0.086650	0.033207	0.003682	0.095550
29	0.313904	0.025078	0.190807	0.142075	0.113254	0.084659	0.031309	0.003405	0.095509
30	0.315866	0.024331	0.189832	0.140774	0.117323	0.083588	0.029867	0.003066	0.095353
31	0.317564	0.023375	0.189009	0.140664	0.121254	0.082154	0.028264	0.002886	0.094830
32	0.318756	0.022821	0.188083	0.139920	0.125719	0.080717	0.026944	0.002682	0.094358
33	0.319601	0.021951	0.187669	0.139253	0.130143	0.079524	0.025580	0.002466	0.093813
34	0.319950	0.021260	0.186809	0.138728	0.134932	0.078247	0.024274	0.002251	0.093549
35	0.321113	0.020507	0.185671	0.137777	0.139399	0.077125	0.023116	0.002238	0.093054
36	0.322185	0.019773	0.184125	0.136723	0.144569	0.075955	0.021867	0.002021	0.092782
37	0.322900	0.019127	0.182620	0.136167	0.149643	0.074584	0.020845	0.001969	0.092145
38	0.323506	0.018546	0.181501	0.135531	0.154690	0.073149	0.019564	0.001818	0.091695
39	0.324382	0.017743	0.179940	0.135152	0.159332	0.072048	0.018608	0.001675	0.091120
40	0.324167	0.016956	0.178816	0.134440	0.165063	0.071056	0.017669	0.001597	0.090236
41	0.324062	0.016327	0.177349	0.133659	0.170489	0.070126	0.016570	0.001477	0.089941
42	0.323757	0.015832	0.175840	0.133306	0.175925	0.068998	0.015774	0.001370	0.089198
43	0.323063	0.015396	0.174186	0.133370	0.181558	0.068076	0.014875	0.001235	0.088241
44	0.322386	0.014706	0.172348	0.132607	0.187958	0.067062	0.013982	0.001180	0.087771
45	0.322416	0.014308	0.170122	0.132686	0.193623	0.065945	0.013250	0.001042	0.086608
46	0.321424	0.013663	0.168569	0.132462	0.199139	0.065280	0.012801	0.001005	0.085657
47	0.320854	0.013364	0.166791	0.132276	0.204994	0.064257	0.011852	0.000935	0.084677
48	0.320164	0.012937	0.164979	0.131642	0.210996	0.063547	0.011215	0.000828	0.083692
49	0.319876	0.012408	0.162928	0.131137	0.216831	0.062464	0.010703	0.000819	0.082834
50	0.319317	0.011906	0.160526	0.130805	0.222726	0.061789	0.010219	0.000734	0.081978
51	0.318364	0.011556	0.158104	0.130883	0.228810	0.060919	0.009710	0.000678	0.080976
52	0.317285	0.011087	0.156326	0.130467	0.235248	0.060184	0.009130	0.000588	0.079685
53	0.315692	0.010689	0.154409	0.130386	0.241530	0.059408	0.008567	0.000554	0.078765
54	0.313754	0.010212	0.152599	0.130569	0.248264	0.058645	0.008131	0.000491	0.077335
55	0.312205	0.009909	0.150053	0.130278	0.254943	0.058012	0.007674	0.000464	0.076462
56	0.310642	0.009525	0.147539	0.130095	0.261962	0.057280	0.007378	0.000428	0.075151
57	0.309015	0.009248	0.145361	0.129289	0.268870	0.056638	0.007033	0.000431	0.074115
58	0.307044	0.008987	0.143624	0.128720	0.275940	0.056017	0.006628	0.000406	0.072634
59	0.305833	0.008580	0.140959	0.129029	0.282002	0.055337	0.006197	0.000378	0.071685
60	0.303599	0.008248	0.138803	0.128657	0.289526	0.054885	0.005707	0.000357	0.070218
61	0.301307	0.007874	0.136642	0.128408	0.296411	0.054440	0.005324	0.000319	0.069275
62	0.299156	0.007471	0.134555	0.128435	0.303407	0.053899	0.004963	0.000274	0.067840
63	0.296743	0.007223	0.132422	0.128367	0.310228	0.053296	0.004658	0.000235	0.066828
64	0.293223	0.006891	0.130796	0.128176	0.318039	0.052936	0.004369	0.000218	0.065352
65	0.290594	0.006502	0.128247	0.127912	0.325883	0.052465	0.004202	0.000217	0.063978
66	0.287633	0.006315	0.125735	0.127797	0.333212	0.052145	0.003974	0.000205	0.062984
67	0.284484	0.006050	0.123939	0.127534	0.340505	0.052007	0.003764	0.000173	0.061544
68	0.281902	0.005711	0.121708	0.127428	0.348157	0.051483	0.003562	0.000152	0.059897
69	0.278020	0.005530	0.119428	0.127831	0.356184	0.051188	0.003271	0.000134	0.058414
70	0.274633	0.005264	0.117477	0.128060	0.363444	0.050698	0.003059	0.000133	0.057232
71	0.271107	0.004997	0.115340	0.128059	0.370851	0.050516	0.002941	0.000122	0.056067
72	0.268327	0.004678	0.112774	0.127911	0.378334	0.050162	0.002772	0.000095	0.054947
73	0.265007	0.004568	0.110224	0.127938	0.386296	0.049632	0.002659	0.000089	0.053587
74	0.261505	0.004412	0.107907	0.128101	0.393982	0.049425	0.002508	0.000089	0.052071
75	0.257386	0.004151	0.105910	0.128034	0.402170	0.048969	0.002313	0.000083	0.050984
76	0.253124	0.003961	0.103677	0.128370	0.409899	0.048881	0.002221	0.000067	0.049800
77	0.249319	0.003756	0.101665	0.128463	0.417729	0.048559	0.002074	0.000064	0.048371
78	0.245290	0.003583	0.099322	0.128746	0.425811	0.048246	0.001854	0.000056	0.047092
79	0.241424	0.003453	0.097437	0.128799	0.433621	0.047880	0.001753	0.000048	0.045585
80	0.236858	0.003311	0.095474	0.129052	0.441366	0.047761	0.001693	0.000044	0.044441
81	0.232585	0.003008	0.093173	0.129674	0.449322	0.047602	0.001590	0.000040	0.043006
82	0.228411	0.002891	0.091123	0.129880	0.457040	0.047482	0.001437	0.000040	0.041696
83	0.224011	0.002795	0.088924	0.130306	0.465022	0.047055	0.001313	0.000036	0.040538
84	0.219637	0.002658	0.086700	0.130725	0.472650	0.047140	0.001197	0.000033	0.039260
85	0.215272	0.002519	0.084441	0.131321	0.480050	0.047027	0.001164	0.000030	0.038176
86	0.211126	0.002410	0.081919	0.131362	0.488237	0.047102	0.001100	0.000036	0.036708
87	0.207042	0.002218	0.079423	0.132114	0.495161	0.047297	0.001070	0.000034	0.035641
88	0.202921	0.002150	0.077697	0.132750	0.502094	0.046883	0.000982	0.000025	0.034498
89	0.198453	0.001984	0.075548	0.132747	0.510264	0.046751	0.000914	0.000020	0.033319
90	0.194384	0.001884	0.073451	0.132420	0.517694	0.046860	0.000897	0.000019	0.032391
91	0.189888	0.001758	0.071324	0.132857	0.525226	0.046641	0.000806	0.000017	0.031483
92	0.185768	0.001713	0.069568	0.133007	0.531920	0.046825	0.000738	0.000011	0.030450
93	0.181580	0.001645	0.067553	0.133416	0.539032	0.046743	0.000707	0.000012	0.029312
94	0.177496	0.001546	0.065577	0.133804	0.545830	0.046888	0.000619	0.000012	0.028228
95	0.173488	0.001499	0.064058	0.133783	0.552390	0.046954	0.000590	0.000008	0.027230
96	0.169560	0.001452	0.062009	0.134351	0.559221	0.046631	0.000514	0.000007	0.026255
97	0.165552	0.001367	0.060124	0.134209	0.566337	0.046459	0.000508	0.000005	0.025439
98	0.161616	0.001314	0.058512	0.134755	0.572903	0.046004	0.000458	0.000003	0.024435
99	0.157257	0.001286	0.056863	0.135242	0.579560	0.045986	0.000413	0.000001	0.023392
100	0.153346	0.001236	0.054988	0.135459	0.585982	0.046169	0.000389	0.000003	0.022428
101	0.149607	0.001101	0.053320	0.135401	0.592703	0.046122	0.000341	0.000002	0.021403
102	0.145064	0.001061	0.051673	0.135909	0.599079	0.046172	0.000295	0.000001	0.020746
103	0.141192	0.001025	0.049971	0.136454	0.605033	0.046190	0.000258	0.000000	0.019877
104	0.137083	0.000966	0.048518	0.136414	0.611222	0.046281	0.000254	0.000000	0.019262
105	0.133094	0.000922	0.046971	0.137125	0.617271	0.046104	0.000249	0.000000	0.018264
106	0.129358	0.000852	0.045146	0.137204	0.623420	0.046120	0.000242	0.000000	0.017658
107	0.125472	0.000754	0.043790	0.137803	0.628985	0.045880	0.000257	0.000000	0.017059
108	0.121685	0.000702	0.041868	0.138177	0.634960	0.045866	0.000244	0.000000	0.016498
109	0.118199	0.000630	0.040311	0.138289	0.640630	0.045897	0.000192	0.000000	0.015852
110	0.114253	0.000602	0.038870	0.139117	0.645631	0.046211	0.000167	0.000000	0.015149
111	0.110750	0.000586	0.037110	0.139477	0.651460	0.046018	0.000147	0.000000	0.014452
112	0.107489	0.000520	0.035660	0.139929	0.656398	0.046028	0.000132	0.000000	0.013844
113	0.103919	0.000480	0.034357	0.140397	0.661100	0.046330	0.000134	0.000000	0.013283
114	0.100092	0.000448	0.033255	0.141224	0.665920	0.046182	0.000120	0.000000	0.012759
115	0.096850	0.000417	0.031969	0.140989	0.671659	0.045920	0.000138	0.000000	0.012058
116	0.093603	0.000374	0.031016	0.141247	0.676355	0.045775	0.000120	0.000000	0.011510
117	0.090545	0.000342	0.029727	0.141865	0.680494	0.045907	0.000123	0.000000	0.010997
118	0.087599	0.000320	0.028694	0.142024	0.685048	0.045719	0.000116	0.000000	0.010480
119	0.084417	0.000341	0.027472	0.142584	0.689241	0.045819	0.000101	0.000000	0.010025
120	0.081428	0.000307	0.026174	0.142907	0.693911	0.045588	0.000092	0.000000	0.009593
121	0.078532	0.000291	0.025002	0.143454	0.698000	0.045520	0.000091	0.000000	0.009110
122	0.075606	0.000269	0.023926	0.144190	0.701478	0.045788	0.000081	0.000000	0.008662
123	0.073068	0.000226	0.022883	0.144142	0.705715	0.045717	0.000082	0.000000	0.008167
124	0.070288	0.000207	0.021917	0.144450	0.709857	0.045428	0.000067	0.000000	0.007786
125	0.067575	0.000187	0.021109	0.144861	0.713299	0.045508	0.000060	0.000000	0.007401
126	0.065290	0.000177	0.020113	0.145086	0.716789	0.045530	0.000070	0.000000	0.006945
127	0.062874	0.000196	0.019310	0.145283	0.719898	0.045827	0.000064	0.000000	0.006548
128	0.060278	0.000189	0.018478	0.146067	0.723278	0.045524	0.000053	0.000000	0.006133
129	0.057978	0.000172	0.017625	0.146110	0.726668	0.045510	0.000049	0.000000	0.005888
130	0.055297	0.000139	0.016832	0.146612	0.729909	0.045503	0.000047	0.000000	0.005661
131	0.052996	0.000130	0.016058	0.147248	0.732862	0.045349	0.000041	0.000000	0.005316
132	0.050724	0.000116	0.015185	0.146890	0.736625	0.045348	0.000039	0.000000	0.005073
133	0.048519	0.000113	0.014601	0.146924	0.739816	0.045264	0.000039	0.000000	0.004724
134	0.046140	0.000094	0.013986	0.147119	0.742699	0.045435	0.000042	0.000000	0.004485
135	0.044187	0.000086	0.013166	0.147257	0.745560	0.045470	0.000032	0.000000	0.004242
136	0.042102	0.000085	0.012485	0.147532	0.748139	0.045584	0.000037	0.000000	0.004036
137	0.040314	0.000068	0.011928	0.148231	0.750074	0.045607	0.000028	0.000000	0.003750
138	0.038239	0.000062	0.011355	0.148076	0.752787	0.045971	0.000031	0.000000	0.003479
139	0.036438	0.000049	0.010835	0.148188	0.755003	0.046159	0.000035	0.000000	0.003293
140	0.034701	0.000042	0.010266	0.148495	0.757307	0.046100	0.000034	0.000000	0.003055
141	0.032964	0.000032	0.009619	0.149072	0.759302	0.046138	0.000025	0.000000	0.002848
142	0.031330	0.000029	0.009261	0.149672	0.761055	0.045991	0.000018	0.000000	0.002644
143	0.029679	0.000030	0.008787	0.149350	0.763384	0.046322	0.000018	0.000000	0.002430
144	0.028337	0.000018	0.008214	0.148939	0.765942	0.046245	0.000016	0.000000	0.002289
145	0.026956	0.000017	0.007760	0.148949	0.768110	0.046045	0.000010	0.000000	0.002153
146	0.025526	0.000020	0.007352	0.149234	0.769994	0.045853	0.000017	0.000000	0.002004
147	0.024106	0.000017	0.006991	0.149459	0.771259	0.046319	0.000014	0.000000	0.001835
148	0.022958	0.000016	0.006625	0.149145	0.773206	0.046310	0.000014	0.000000	0.001726
149	0.021621	0.000015	0.006248	0.149594	0.774660	0.046159	0.000020	0.000000	0.001683
150	0.020395	0.000011	0.005965	0.149655	0.776091	0.046319	0.000017	0.000000	0.001547
151	0.019387	0.000009	0.005702	0.149472	0.777814	0.046147	0.000011	0.000000	0.001458
152	0.018192	0.000007	0.005342	0.149226	0.779551	0.046326	0.000006	0.000000	0.001350
153	0.017287	0.000011	0.005071	0.149430	0.780761	0.046185	0.000006	0.000000	0.001249
154	0.016317	0.000004	0.004772	0.149509	0.782293	0.045918	0.000006	0.000000	0.001181
155	0.015485	0.000002	0.004530	0.149821	0.783082	0.045967	0.000010	0.000000	0.001103
156	0.014649	0.000005	0.004245	0.150558	0.783220	0.046319	0.000009	0.000000	0.000995
157	0.013696	0.000002	0.004007	0.150451	0.784338	0.046547	0.000003	0.000000	0.000956
158	0.012935	0.000004	0.003759	0.150471	0.785333	0.046618	0.000004	0.000000	0.000876
159	0.012223	0.000002	0.003542	0.150208	0.786304	0.046919	0.000001	0.000000	0.000801
160	0.011663	0.000002	0.003320	0.150040	0.787078	0.047140	0.000004	0.000000	0.000753
161	0.011023	0.000002	0.003190	0.150175	0.787911	0.047028	0.000001	0.000000	0.000670
162	0.010389	0.000001	0.003014	0.150231	0.788843	0.046893	0.000001	0.000000	0.000628
163	0.009842	0.000001	0.002796	0.150834	0.789094	0.046855	0.000001	0.000000	0.000577
164	0.009287	0.000001	0.002664	0.150514	0.790338	0.046652	0.000000	0.000000	0.000544
165	0.008740	0.000001	0.002543	0.150555	0.790878	0.046778	0.000000	0.000000	0.000505
166	0.008288	0.000000	0.002382	0.150982	0.791135	0.046770	0.000000	0.000000	0.000443
167	0.007899	0.000000	0.002199	0.150904	0.791878	0.046714	0.000000	0.000000	0.000406
168	0.007397	0.000000	0.002053	0.150673	0.792676	0.046834	0.000000	0.000000	0.000367
169	0.007056	0.000000	0.001986	0.150740	0.792831	0.046999	0.000000	0.000000	0.000388
170	0.006647	0.000000	0.001895	0.151184	0.793315	0.046622	0.000000	0.000000	0.000337
171	0.006274	0.000000	0.001752	0.151026	0.793839	0.046814	0.000000	0.000000	0.000295
172	0.005899	0.000000	0.001655	0.150943	0.794243	0.046998	0.000000	0.000000	0.000262
173	0.005583	0.000000	0.001544	0.151045	0.794432	0.047151	0.000000	0.000000	0.000245
174	0.005306	0.000000	0.001451	0.151109	0.794647	0.047244	0.000000	0.000000	0.000243
175	0.004961	0.000000	0.001419	0.150824	0.795168	0.047409	0.000000	0.000000	0.000219
176	0.004696	0.000000	0.001317	0.151048	0.795501	0.047236	0.000000	0.000000	0.000202
177	0.004440	0.000000	0.001236	0.151220	0.795649	0.047269	0.000000	0.000000	0.000186
178	0.004321	0.000000	0.001154	0.151113	0.796222	0.047021	0.000000	0.000000	0.000169
179	0.004043	0.000000	0.001102	0.151171	0.796698	0.046838	0.000000	0.000000	0.000148
180	0.003801	0.000000	0.001054	0.150559	0.797497	0.046967	0.000000	0.000000	0.000122
181	0.003607	0.000000	0.001026	0.150932	0.797223	0.047095	0.000000	0.000000	0.000117
182	0.003405	0.000000	0.000942	0.150765	0.797963	0.046810	0.000000	0.000000	0.000115
183	0.003191	0.000000	0.000930	0.150696	0.798289	0.046796	0.000000	0.000000	0.000098
184	0.003039	0.000000	0.000914	0.150862	0.798050	0.047053	0.000000	0.000000	0.000082
185	0.002867	0.000000	0.000855	0.150971	0.798610	0.046613	0.000000	0.000000	0.000084
186	0.002707	0.000000	0.000802	0.150997	0.798600	0.046821	0.000000	0.000000	0.000073
187	0.002563	0.000000	0.000741	0.151278	0.798716	0.046639	0.000000	0.000000	0.000063
188	0.002397	0.000000	0.000696	0.150933	0.798918	0.046991	0.000000	0.000000	0.000065
189	0.002266	0.000000	0.000659	0.150750	0.799092	0.047171	0.000000	0.000000	0.000062
190	0.002052	0.000000	0.000575	0.150577	0.799722	0.047018	0.000000	0.000000	0.000056
191	0.001927	0.000000	0.000558	0.150665	0.799633	0.047169	0.000000	0.000000	0.000048
192	0.001794	0.000000	0.000555	0.150991	0.799533	0.047087	0.000000	0.000000	0.000040
193	0.001659	0.000000	0.000552	0.150806	0.799908	0.047033	0.000000	0.000000	0.000042
194	0.001608	0.000000	0.000481	0.150543	0.800132	0.047190	0.000000	0.000000	0.000046
195	0.001586	0.000000	0.000467	0.150534	0.800211	0.047158	0.000000	0.000000	0.000044
196	0.001480	0.000000	0.000424	0.150558	0.800062	0.047434	0.000000	0.000000	0.000042
197	0.001408	0.000000	0.000421	0.150933	0.799720	0.047482	0.000000	0.000000	0.000036
198	0.001307	0.000000	0.000411	0.150960	0.799695	0.047586	0.000000	0.000000	0.000041
199	0.001268	0.000000	0.000377	0.150865	0.799909	0.047541	0.000000	0.000000	0.000040
200	0.001218	0.000000	0.000378	0.151173	0.799853	0.047343	0.000000	0.000000	0.000035
201	0.001140	0.000000	0.000333	0.151310	0.799671	0.047510	0.000000	0.000000	0.000036
202	0.001060	0.000000	0.000309	0.151455	0.799701	0.047437	0.000000	0.000000	0.000038
203	0.001033	0.000000	0.000311	0.151481	0.799760	0.047379	0.000000	0.000000	0.000036
204	0.000989	0.000000	0.000276	0.151096	0.800126	0.047486	0.000000	0.000000	0.000027
205	0.000916	0.000000	0.000275	0.151301	0.799917	0.047568	0.000000	0.000000	0.000023
206	0.000908	0.000000	0.000271	0.151303	0.799726	0.047774	0.000000	0.000000	0.000018
207	0.000854	0.000000	0.000244	0.151267	0.800020	0.047600	0.000000	0.000000	0.000015
208	0.000802	0.000000	0.000229	0.151130	0.800353	0.047472	0.000000	0.000000	0.000014
209	0.000783	0.000000	0.000222	0.150888	0.800307	0.047786	0.000000	0.000000	0.000014
210	0.000770	0.000000	0.000221	0.150832	0.800562	0.047598	0.000000	0.000000	0.000017
211	0.000728	0.000000	0.000206	0.150792	0.800811	0.047452	0.000000	0.000000	0.000011
212	0.000698	0.000000	0.000195	0.150443	0.801159	0.047498	0.000000	0.000000	0.000007
213	0.000629	0.000000	0.000187	0.150187	0.801101	0.047888	0.000000	0.000000	0.000008
214	0.000642	0.000000	0.000172	0.150424	0.801029	0.047730	0.000000	0.000000	0.000003
215	0.000638	0.000000	0.000168	0.150402	0.800964	0.047826	0.000000	0.000000	0.000002
216	0.000587	0.000000	0.000153	0.150291	0.801149	0.047814	0.000000	0.000000	0.000006
217	0.000519	0.000000	0.000158	0.150280	0.801378	0.047662	0.000000	0.000000	0.000003
218	0.000501	0.000000	0.000150	0.150260	0.801323	0.047765	0.000000	0.000000	0.000001
219	0.000485	0.000000	0.000142	0.150459	0.801167	0.047747	0.000000	0.000000	0.000000
220	0.000449	0.000000	0.000139	0.150403	0.801230	0.047779	0.000000	0.000000	0.000000
221	0.000423	0.000000	0.000157	0.150183	0.801563	0.047674	0.000000	0.000000	0.000000
222	0.000407	0.000000	0.000158	0.150086	0.801642	0.047707	0.000000	0.000000	0.000000
223	0.000378	0.000000	0.000147	0.149876	0.801962	0.047637	0.000000	0.000000	0.000000
224	0.000356	0.000000	0.000140	0.150024	0.801830	0.047650	0.000000	0.000000	0.000000
225	0.000362	0.000000	0.000134	0.149830	0.801766	0.047908	0.000000	0.000000	0.000000
226	0.000343	0.000000	0.000139	0.149585	0.802062	0.047871	0.000000	0.000000	0.000000
227	0.000339	0.000000	0.000135	0.149714	0.801666	0.048146	0.000000	0.000000	0.000000
228	0.000324	0.000000	0.000132	0.149840	0.801502	0.048202	0.000000	0.000000	0.000000
229	0.000283	0.000000	0.000144	0.149981	0.801697	0.047895	0.000000	0.000000	0.000000
230	0.000268	0.000000	0.000153	0.149770	0.801692	0.048117	0.000000	0.000000	0.000000
231	0.000270	0.000000	0.000143	0.149586	0.802207	0.047794	0.000000	0.000000	0.000000
232	0.000250	0.000000	0.000151	0.149394	0.802441	0.047764	0.000000	0.000000	0.000000
233	0.000251	0.000000	0.000141	0.149664	0.802322	0.047622	0.000000	0.000000	0.000000
234	0.000251	0.000000	0.000127	0.149835	0.802504	0.047283	0.000000	0.000000	0.000000
235	0.000240	0.000000	0.000139	0.149595	0.802278	0.047748	0.000000	0.000000	0.000000
236	0.000198	0.000000	0.000121	0.149710	0.801756	0.048215	0.000000	0.000000	0.000000
237	0.000194	0.000000	0.000100	0.149506	0.802042	0.048158	0.000000	0.000000	0.000000
238	0.000192	0.000000	0.000094	0.149802	0.801673	0.048239	0.000000	0.000000	0.000000
239	0.000203	0.000000	0.000088	0.149106	0.802498	0.048105	0.000000	0.000000	0.000000
240	0.000188	0.000000	0.000076	0.149195	0.802591	0.047950	0.000000	0.000000	0.000000
241	0.000180	0.000000	0.000079	0.149578	0.802114	0.048049	0.000000	0.000000	0.000000
242	0.000169	0.000000	0.000068	0.149219	0.802491	0.048053	0.000000	0.000000	0.000000
243	0.000172	0.000000	0.000067	0.149273	0.802307	0.048181	0.000000	0.000000	0.000000
244	0.000156	0.000000	0.000072	0.149267	0.802436	0.048069	0.000000	0.000000	0.000000
245	0.000148	0.000000	0.000065	0.149633	0.802114	0.048040	0.000000	0.000000	0.000000
246	0.000138	0.000000	0.000060	0.149664	0.802239	0.047899	0.000000	0.000000	0.000000
247	0.000150	0.000000	0.000066	0.149492	0.802395	0.047897	0.000000	0.000000	0.000000
248	0.000149	0.000000	0.000061	0.149509	0.802509	0.047772	0.000000	0.000000	0.000000
249	0.000141	0.000000	0.000058	0.149523	0.802471	0.047807	0.000000	0.000000	0.000000
250	0.000135	0.000000	0.000054	0.150122	0.801792	0.047897	0.000000	0.000000	0.000000
251	0.000123	0.000000	0.000043	0.150075	0.801990	0.047769	0.000000	0.000000	0.000000
252	0.000114	0.000000	0.000049	0.149634	0.802547	0.047656	0.000000	0.000000	0.000000
253	0.000111	0.000000	0.000046	0.149374	0.802559	0.047910	0.000000	0.000000	0.000000
254	0.000118	0.000000	0.000047	0.149736	0.802557	0.047542	0.000000	0.000000	0.000000
255	0.000107	0.000000	0.000046	0.149854	0.802349	0.047644	0.000000	0.000000	0.000000
256	0.000100	0.000000	0.000043	0.149502	0.802873	0.047482	0.000000	0.000000	0.000000
257	0.000097	0.000000	0.000037	0.149455	0.803191	0.047220	0.000000	0.000000	0.000000
258	0.000099	0.000000	0.000031	0.149381	0.803234	0.047255	0.000000	0.000000	0.000000
259	0.000104	0.000000	0.000034	0.149647	0.802626	0.047589	0.000000	0.000000	0.000000
260	0.000110	0.000000	0.000030	0.149469	0.802641	0.047750	0.000000	0.000000	0.000000
261	0.000117	0.000000	0.000030	0.149336	0.803132	0.047385	0.000000	0.000000	0.000000
262	0.000122	0.000000	0.000031	0.149652	0.802567	0.047628	0.000000	0.000000	0.000000
263	0.000119	0.000000	0.000030	0.149699	0.802375	0.047777	0.000000	0.000000	0.000000
264	0.000125	0.000000	0.000027	0.149826	0.802488	0.047534	0.000000	0.000000	0.000000
265	0.000131	0.000000	0.000027	0.149667	0.802679	0.047496	0.000000	0.000000	0.000000
266	0.000116	0.000000	0.000024	0.149752	0.802685	0.047423	0.000000	0.000000	0.000000
267	0.000114	0.000000	0.000025	0.149928	0.802315	0.047618	0.000000	0.000000	0.000000
268	0.000126	0.000000	0.000027	0.150151	0.801792	0.047904	0.000000	0.000000	0.000000
269	0.000136	0.000000	0.000034	0.150248	0.801826	0.047756	0.000000	0.000000	0.000000
270	0.000141	0.000000	0.000028	0.150175	0.801699	0.047957	0.000000	0.000000	0.000000
271	0.000124	0.000000	0.000029	0.149887	0.801982	0.047978	0.000000	0.000000	0.000000
272	0.000140	0.000000	0.000026	0.150310	0.801725	0.047799	0.000000	0.000000	0.000000
273	0.000151	0.000000	0.000031	0.150225	0.801830	0.047763	0.000000	0.000000	0.000000
274	0.000152	0.000000	0.000027	0.150146	0.802025	0.047650	0.000000	0.000000	0.000000
275	0.000137	0.000000	0.000023	0.150315	0.801517	0.048008	0.000000	0.000000	0.000000
276	0.000128	0.000000	0.000024	0.150403	0.801478	0.047967	0.000000	0.000000	0.000000
277	0.000126	0.000000	0.000028	0.150247	0.801575	0.048024	0.000000	0.000000	0.000000
278	0.000113	0.000000	0.000029	0.150613	0.801274	0.047971	0.000000	0.000000	0.000000
279	0.000109	0.000000	0.000027	0.150617	0.801044	0.048203	0.000000	0.000000	0.000000
280	0.000098	0.000000	0.000025	0.150723	0.801208	0.047946	0.000000	0.000000	0.000000
281	0.000096	0.000000	0.000023	0.150595	0.801052	0.048234	0.000000	0.000000	0.000000
282	0.000076	0.000000	0.000020	0.150514	0.801342	0.048048	0.000000	0.000000	0.000000
283	0.000079	0.000000	0.000017	0.150574	0.801484	0.047846	0.000000	0.000000	0.000000
284	0.000076	0.000000	0.000019	0.150523	0.801419	0.047963	0.000000	0.000000	0.000000
285	0.000078	0.000000	0.000019	0.150169	0.801669	0.048065	0.000000	0.000000	0.000000
286	0.000078	0.000000	0.000021	0.150065	0.801688	0.048148	0.000000	0.000000	0.000000
287	0.000072	0.000000	0.000019	0.149983	0.801774	0.048152	0.000000	0.000000	0.000000
288	0.000070	0.000000	0.000014	0.150031	0.802192	0.047693	0.000000	0.000000	0.000000
289	0.000072	0.000000	0.000015	0.150016	0.802071	0.047826	0.000000	0.000000	0.000000
290	0.000061	0.000000	0.000017	0.149745	0.802098	0.048079	0.000000	0.000000	0.000000
291	0.000064	0.000000	0.000014	0.149660	0.802319	0.047943	0.000000	0.000000	0.000000
292	0.000076	0.000000	0.000009	0.149881	0.801987	0.048047	0.000000	0.000000	0.000000
293	0.000083	0.000000	0.000007	0.149318	0.802814	0.047778	0.000000	0.000000	0.000000
294	0.000093	0.000000	0.000005	0.149405	0.802634	0.047863	0.000000	0.000000	0.000000
295	0.000091	0.000000	0.000007	0.149190	0.802777	0.047935	0.000000	0.000000	0.000000
296	0.000096	0.000000	0.000002	0.149406	0.802543	0.047953	0.000000	0.000000	0.000000
297	0.000114	0.000000	0.000000	0.149323	0.802607	0.047956	0.000000	0.000000	0.000000
298	0.000111	0.000000	0.000000	0.149189	0.802857	0.047843	0.000000	0.000000	0.000000
299	0.000116	0.000000	0.000000	0.149134	0.803005	0.047745	0.000000	0.000000	0.000000
300	0.000121	0.000000	0.000000	0.148966	0.803523	0.047390	0.000000	0.000000	0.000000
301	0.000122	0.000000	0.000000	0.148423	0.804297	0.047158	0.000000	0.000000	0.000000
302	0.000115	0.000000	0.000000	0.148041	0.804684	0.047160	0.000000	0.000000	0.000000
303	0.000104	0.000000	0.000000	0.148256	0.804374	0.047266	0.000000	0.000000	0.000000
304	0.000107	0.000000	0.000000	0.148186	0.804660	0.047047	0.000000	0.000000	0.000000
305	0.000100	0.000000	0.000000	0.147902	0.804828	0.047170	0.000000	0.000000	0.000000
306	0.000108	0.000000	0.000000	0.147907	0.804757	0.047228	0.000000	0.000000	0.000000
307	0.000110	0.000000	0.000000	0.147845	0.804662	0.047383	0.000000	0.000000	0.000000
308	0.000109	0.000000	0.000000	0.147973	0.804678	0.047240	0.000000	0.000000	0.000000
309	0.000113	0.000000	0.000000	0.148006	0.804618	0.047263	0.000000	0.000000	0.000000
310	0.000105	0.000000	0.000000	0.147788	0.804522	0.047585	0.000000	0.000000	0.000000
311	0.000105	0.000000	0.000000	0.148098	0.804515	0.047282	0.000000	0.000000	0.000000
312	0.000099	0.000000	0.000000	0.148288	0.804410	0.047203	0.000000	0.000000	0.000000
313	0.000109	0.000000	0.000000	0.148534	0.803952	0.047405	0.000000	0.000000	0.000000
314	0.000100	0.000000	0.000000	0.148170	0.804601	0.047129	0.000000	0.000000	0.000000
315	0.000098	0.000000	0.000000	0.148154	0.804662	0.047086	0.000000	0.000000	0.000000
316	0.000097	0.000000	0.000000	0.148083	0.804873	0.046947	0.000000	0.000000	0.000000
317	0.000091	0.000000	0.000000	0.147745	0.804997	0.047167	0.000000	0.000000	0.000000
318	0.000091	0.000000	0.000000	0.147502	0.805166	0.047241	0.000000	0.000000	0.000000
319	0.000088	0.000000	0.000000	0.147522	0.804871	0.047519	0.000000	0.000000	0.000000
320	0.000083	0.000000	0.000000	0.147755	0.805023	0.047139	0.000000	0.000000	0.000000
321	0.000083	0.000000	0.000000	0.147813	0.804701	0.047403	0.000000	0.000000	0.000000
322	0.000089	0.000000	0.000000	0.147530	0.804740	0.047641	0.000000	0.000000	0.000000
323	0.000089	0.000000	0.000000	0.147924	0.804442	0.047545	0.000000	0.000000	0.000000
324	0.000092	0.000000	0.000000	0.148096	0.804489	0.047323	0.000000	0.000000	0.000000
325	0.000087	0.000000	0.000000	0.147958	0.804754	0.047201	0.000000	0.000000	0.000000
326	0.000095	0.000000	0.000000	0.148058	0.804871	0.046976	0.000000	0.000000	0.000000
327	0.000100	0.000000	0.000000	0.148099	0.804674	0.047127	0.000000	0.000000	0.000000
328	0.000085	0.000000	0.000000	0.148562	0.804283	0.047070	0.000000	0.000000	0.000000
329	0.000081	0.000000	0.000000	0.148559	0.804027	0.047333	0.000000	0.000000	0.000000
330	0.000076	0.000000	0.000000	0.148305	0.804058	0.047561	0.000000	0.000000	0.000000
331	0.000065	0.000000	0.000000	0.147825	0.804650	0.047460	0.000000	0.000000	0.000000
332	0.000066	0.000000	0.000000	0.147735	0.804228	0.047971	0.000000	0.000000	0.000000
333	0.000078	0.000000	0.000000	0.147797	0.804482	0.047643	0.000000	0.000000	0.000000
334	0.000078	0.000000	0.000000	0.147426	0.804881	0.047615	0.000000	0.000000	0.000000
335	0.000081	0.000000	0.000000	0.147325	0.804834	0.047760	0.000000	0.000000	0.000000
336	0.000072	0.000000	0.000000	0.147447	0.804967	0.047514	0.000000	0.000000	0.000000
337	0.000078	0.000000	0.000000	0.146923	0.805416	0.047583	0.000000	0.000000	0.000000
338	0.000081	0.000000	0.000000	0.147149	0.804973	0.047797	0.000000	0.000000	0.000000
339	0.000083	0.000000	0.000000	0.147434	0.804713	0.047770	0.000000	0.000000	0.000000
340	0.000078	0.000000	0.000000	0.147442	0.804821	0.047659	0.000000	0.000000	0.000000
341	0.000094	0.000000	0.000000	0.147467	0.804529	0.047910	0.000000	0.000000	0.000000
342	0.000094	0.000000	0.000000	0.147745	0.804322	0.047839	0.000000	0.000000	0.000000
343	0.000087	0.000000	0.000000	0.147397	0.804640	0.047876	0.000000	0.000000	0.000000
344	0.000093	0.000000	0.000000	0.147444	0.804739	0.047724	0.000000	0.000000	0.000000
345	0.000096	0.000000	0.000000	0.147623	0.804349	0.047932	0.000000	0.000000	0.000000
346	0.000092	0.000000	0.000000	0.147563	0.804473	0.047872	0.000000	0.000000	0.000000
347	0.000090	0.000000	0.000000	0.147353	0.804902	0.047655	0.000000	0.000000	0.000000
348	0.000081	0.000000	0.000000	0.146975	0.805051	0.047893	0.000000	0.000000	0.000000
349	0.000083	0.000000	0.000000	0.146867	0.805215	0.047835	0.000000	0.000000	0.000000
350	0.000088	0.000000	0.000000	0.147094	0.805098	0.047720	0.000000	0.000000	0.000000
351	0.000085	0.000000	0.000000	0.146960	0.805374	0.047581	0.000000	0.000000	0.000000
352	0.000085	0.000000	0.000000	0.147025	0.805282	0.047608	0.000000	0.000000	0.000000
353	0.000074	0.000000	0.000000	0.147277	0.805159	0.047490	0.000000	0.000000	0.000000
354	0.000079	0.000000	0.000000	0.147109	0.805485	0.047327	0.000000	0.000000	0.000000
355	0.000071	0.000000	0.000000	0.146963	0.805115	0.047851	0.000000	0.000000	0.000000
356	0.000068	0.000000	0.000000	0.146634	0.805856	0.047442	0.000000	0.000000	0.000000
357	0.000082	0.000000	0.000000	0.146076	0.805906	0.047936	0.000000	0.000000	0.000000
358	0.000076	0.000000	0.000000	0.146216	0.805884	0.047824	0.000000	0.000000	0.000000
359	0.000084	0.000000	0.000000	0.146230	0.806016	0.047670	0.000000	0.000000	0.000000
360	0.000093	0.000000	0.000000	0.146373	0.805968	0.047566	0.000000	0.000000	0.000000
361	0.000088	0.000000	0.000000	0.145625	0.806866	0.047421	0.000000	0.000000	0.000000
362	0.000092	0.000000	0.000000	0.145951	0.806519	0.047438	0.000000	0.000000	0.000000
363	0.000083	0.000000	0.000000	0.146021	0.806407	0.047489	0.000000	0.000000	0.000000
364	0.000083	0.000000	0.000000	0.146552	0.805931	0.047434	0.000000	0.000000	0.000000
365	0.000081	0.000000	0.000000	0.146995	0.805623	0.047301	0.000000	0.000000	0.000000
366	0.000078	0.000000	0.000000	0.146892	0.805730	0.047300	0.000000	0.000000	0.000000
367	0.000082	0.000000	0.000000	0.146435	0.806147	0.047336	0.000000	0.000000	0.000000
368	0.000095	0.000000	0.000000	0.146573	0.805960	0.047372	0.000000	0.000000	0.000000
369	0.000096	0.000000	0.000000	0.146679	0.805709	0.047516	0.000000	0.000000	0.000000
370	0.000096	0.000000	0.000000	0.147023	0.805326	0.047555	0.000000	0.000000	0.000000
371	0.000097	0.000000	0.000000	0.147009	0.805435	0.047459	0.000000	0.000000	0.000000
372	0.000096	0.000000	0.000000	0.146608	0.806125	0.047171	0.000000	0.000000	0.000000
373	0.000080	0.000000	0.000000	0.146802	0.805811	0.047307	0.000000	0.000000	0.000000
374	0.000074	0.000000	0.000000	0.147228	0.805033	0.047665	0.000000	0.000000	0.000000
375	0.000074	0.000000	0.000000	0.147258	0.805159	0.047509	0.000000	0.000000	0.000000
376	0.000057	0.000000	0.000000	0.147471	0.805120	0.047352	0.000000	0.000000	0.000000
377	0.000054	0.000000	0.000000	0.147387	0.804842	0.047717	0.000000	0.000000	0.000000
378	0.000055	0.000000	0.000000	0.147767	0.804788	0.047390	0.000000	0.000000	0.000000
379	0.000063	0.000000	0.000000	0.148152	0.804257	0.047528	0.000000	0.000000	0.000000
380	0.000050	0.000000	0.000000	0.147992	0.804596	0.047362	0.000000	0.000000	0.000000
381	0.000045	0.000000	0.000000	0.147862	0.804495	0.047598	0.000000	0.000000	0.000000
382	0.000040	0.000000	0.000000	0.147733	0.804653	0.047574	0.000000	0.000000	0.000000
383	0.000040	0.000000	0.000000	0.147897	0.804390	0.047673	0.000000	0.000000	0.000000
384	0.000040	0.000000	0.000000	0.148280	0.804010	0.047670	0.000000	0.000000	0.000000
385	0.000040	0.000000	0.000000	0.148251	0.804221	0.047488	0.000000	0.000000	0.000000
386	0.000043	0.000000	0.000000	0.148126	0.804428	0.047403	0.000000	0.000000	0.000000
387	0.000040	0.000000	0.000000	0.148056	0.804360	0.047544	0.000000	0.000000	0.000000
388	0.000044	0.000000	0.000000	0.147788	0.804404	0.047764	0.000000	0.000000	0.000000
389	0.000042	0.000000	0.000000	0.148036	0.804148	0.047774	0.000000	0.000000	0.000000
390	0.000049	0.000000	0.000000	0.147919	0.804516	0.047516	0.000000	0.000000	0.000000
391	0.000046	0.000000	0.000000	0.147674	0.804356	0.047924	0.000000	0.000000	0.000000
392	0.000048	0.000000	0.000000	0.147289	0.804570	0.048093	0.000000	0.000000	0.000000
393	0.000056	0.000000	0.000000	0.147282	0.804659	0.048003	0.000000	0.000000	0.000000
394	0.000060	0.000000	0.000000	0.147717	0.804348	0.047875	0.000000	0.000000	0.000000
395	0.000056	0.000000	0.000000	0.147480	0.804654	0.047810	0.000000	0.000000	0.000000
396	0.000061	0.000000	0.000000	0.147351	0.804876	0.047712	0.000000	0.000000	0.000000
397	0.000062	0.000000	0.000000	0.147110	0.804831	0.047997	0.000000	0.000000	0.000000
398	0.000056	0.000000	0.000000	0.147287	0.804625	0.048032	0.000000	0.000000	0.000000
399	0.000050	0.000000	0.000000	0.147513	0.804303	0.048134	0.000000	0.000000	0.000000
400	0.000046	0.000000	0.000000	0.147664	0.804108	0.048182	0.000000	0.000000	0.000000
401	0.000051	0.000000	0.000000	0.147766	0.804157	0.048026	0.000000	0.000000	0.000000
402	0.000055	0.000000	0.000000	0.147317	0.804434	0.048194	0.000000	0.000000	0.000000
403	0.000051	0.000000	0.000000	0.147655	0.804080	0.048214	0.000000	0.000000	0.000000
404	0.000049	0.000000	0.000000	0.147815	0.803889	0.048247	0.000000	0.000000	0.000000
405	0.000051	0.000000	0.000000	0.147816	0.804105	0.048028	0.000000	0.000000	0.000000
406	0.000048	0.000000	0.000000	0.147858	0.804061	0.048033	0.000000	0.000000	0.000000
407	0.000033	0.000000	0.000000	0.147732	0.803854	0.048381	0.000000	0.000000	0.000000
408	0.000025	0.000000	0.000000	0.147754	0.803753	0.048468	0.000000	0.000000	0.000000
409	0.000023	0.000000	0.000000	0.147949	0.803506	0.048522	0.000000	0.000000	0.000000
410	0.000015	0.000000	0.000000	0.147485	0.803941	0.048559	0.000000	0.000000	0.000000
411	0.000009	0.000000	0.000000	0.147546	0.804061	0.048384	0.000000	0.000000	0.000000
412	0.000006	0.000000	0.000000	0.147779	0.803714	0.048501	0.000000	0.000000	0.000000
413	0.000007	0.000000	0.000000	0.147859	0.803673	0.048461	0.000000	0.000000	0.000000
414	0.000007	0.000000	0.000000	0.148407	0.802904	0.048682	0.000000	0.000000	0.000000
415	0.000006	0.000000	0.000000	0.148211	0.803367	0.048416	0.000000	0.000000	0.000000
416	0.000002	0.000000	0.000000	0.148569	0.803242	0.048187	0.000000	0.000000	0.000000
417	0.000000	0.000000	0.000000	0.148418	0.803310	0.048272	0.000000	0.000000	0.000000
418	0.000000	0.000000	0.000000	0.148735	0.803138	0.048127	0.000000	0.000000	0.000000
419	0.000000	0.000000	0.000000	0.148641	0.802867	0.048492	0.000000	0.000000	0.000000
420	0.000000	0.000000	0.000000	0.149553	0.802186	0.048261	0.000000	0.000000	0.000000
421	0.000000	0.000000	0.000000	0.149293	0.802349	0.048358	0.000000	0.000000	0.000000
422	0.000000	0.000000	0.000000	0.148962	0.802600	0.048438	0.000000	0.000000	0.000000
423	0.000000	0.000000	0.000000	0.148918	0.802852	0.048230	0.000000	0.000000	0.000000
424	0.000000	0.000000	0.000000	0.149015	0.802890	0.048095	0.000000	0.000000	0.000000
425	0.000000	0.000000	0.000000	0.148851	0.802989	0.048160	0.000000	0.000000	0.000000
426	0.000000	0.000000	0.000000	0.148870	0.803062	0.048068	0.000000	0.000000	0.000000
427	0.000000	0.000000	0.000000	0.148409	0.803266	0.048325	0.000000	0.000000	0.000000
428	0.000000	0.000000	0.000000	0.148603	0.803289	0.048108	0.000000	0.000000	0.000000
429	0.000000	0.000000	0.000000	0.148886	0.803435	0.047679	0.000000	0.000000	0.000000
430	0.000000	0.000000	0.000000	0.148590	0.803362	0.048048	0.000000	0.000000	0.000000
431	0.000000	0.000000	0.000000	0.148879	0.803116	0.048005	0.000000	0.000000	0.000000
432	0.000000	0.000000	0.000000	0.148623	0.803442	0.047935	0.000000	0.000000	0.000000
433	0.000000	0.000000	0.000000	0.149074	0.803222	0.047704	0.000000	0.000000	0.000000
434	0.000000	0.000000	0.000000	0.149151	0.803095	0.047754	0.000000	0.000000	0.000000
435	0.000000	0.000000	0.000000	0.149200	0.802839	0.047961	0.000000	0.000000	0.000000
436	0.000000	0.000000	0.000000	0.149468	0.802623	0.047909	0.000000	0.000000	0.000000
437	0.000000	0.000000	0.000000	0.149749	0.802381	0.047870	0.000000	0.000000	0.000000
438	0.000000	0.000000	0.000000	0.149680	0.802664	0.047656	0.000000	0.000000	0.000000
439	0.000000	0.000000	0.000000	0.149408	0.802726	0.047866	0.000000	0.000000	0.000000
440	0.000000	0.000000	0.000000	0.150019	0.802181	0.047800	0.000000	0.000000	0.000000
441	0.000000	0.000000	0.000000	0.149645	0.802618	0.047737	0.000000	0.000000	0.000000
442	0.000000	0.000000	0.000000	0.149460	0.802394	0.048146	0.000000	0.000000	0.000000
443	0.000000	0.000000	0.000000	0.149438	0.802716	0.047846	0.000000	0.000000	0.000000
444	0.000000	0.000000	0.000000	0.149649	0.802486	0.047865	0.000000	0.000000	0.000000
445	0.000000	0.000000	0.000000	0.149984	0.802545	0.047471	0.000000	0.000000	0.000000
446	0.000000	0.000000	0.000000	0.150345	0.802089	0.047566	0.000000	0.000000	0.000000
447	0.000000	0.000000	0.000000	0.150100	0.802050	0.047850	0.000000	0.000000	0.000000
448	0.000000	0.000000	0.000000	0.150352	0.801720	0.047928	0.000000	0.000000	0.000000
449	0.000000	0.000000	0.000000	0.150473	0.801610	0.047917	0.000000	0.000000	0.000000
450	0.000000	0.000000	0.000000	0.150856	0.801108	0.048036	0.000000	0.000000	0.000000
451	0.000000	0.000000	0.000000	0.150440	0.801540	0.048020	0.000000	0.000000	0.000000
452	0.000000	0.000000	0.000000	0.150472	0.801112	0.048416	0.000000	0.000000	0.000000
453	0.000000	0.000000	0.000000	0.150587	0.801232	0.048181	0.000000	0.000000	0.000000
454	0.000000	0.000000	0.000000	0.150934	0.800675	0.048391	0.000000	0.000000	0.000000
455	0.000000	0.000000	0.000000	0.150915	0.800625	0.048460	0.000000	0.000000	0.000000
456	0.000000	0.000000	0.000000	0.151125	0.800364	0.048511	0.000000	0.000000	0.000000
457	0.000000	0.000000	0.000000	0.151103	0.800569	0.048328	0.000000	0.000000	0.000000
458	0.000000	0.000000	0.000000	0.151219	0.800387	0.048394	0.000000	0.000000	0.000000
459	0.000000	0.000000	0.000000	0.151242	0.800430	0.048328	0.000000	0.000000	0.000000
460	0.000000	0.000000	0.000000	0.151278	0.800672	0.048050	0.000000	0.000000	0.000000
461	0.000000	0.000000	0.000000	0.151270	0.800609	0.048121	0.000000	0.000000	0.000000
462	0.000000	0.000000	0.000000	0.151153	0.800597	0.048250	0.000000	0.000000	0.000000
463	0.000000	0.000000	0.000000	0.151664	0.799943	0.048393	0.000000	0.000000	0.000000
464	0.000000	0.000000	0.000000	0.151531	0.799941	0.048528	0.000000	0.000000	0.000000
465	0.000000	0.000000	0.000000	0.151462	0.799820	0.048718	0.000000	0.000000	0.000000
466	0.000000	0.000000	0.000000	0.151243	0.800048	0.048709	0.000000	0.000000	0.000000
467	0.000000	0.000000	0.000000	0.150979	0.800022	0.048999	0.000000	0.000000	0.000000
468	0.000000	0.000000	0.000000	0.150838	0.800117	0.049045	0.000000	0.000000	0.000000
469	0.000000	0.000000	0.000000	0.150466	0.800565	0.048969	0.000000	0.000000	0.000000
470	0.000000	0.000000	0.000000	0.150569	0.800373	0.049058	0.000000	0.000000	0.000000
