0	0.290663	0.057897	0.229473	0.157588	0.029913	0.111872	0.085455	0.012259	0.024880
1	0.226603	0.046832	0.195895	0.137518	0.028339	0.118723	0.125818	0.024269	0.096003
2	0.221601	0.045234	0.191053	0.128777	0.028341	0.113477	0.133996	0.025890	0.111631
3	0.223113	0.044339	0.188248	0.121928	0.029044	0.106815	0.138450	0.026049	0.122014
4	0.226075	0.043582	0.185120	0.116158	0.029530	0.100107	0.141483	0.026225	0.131720
5	0.229983	0.042961	0.181981	0.110816	0.030514	0.093126	0.144086	0.025547	0.140986
6	0.233975	0.042092	0.178842	0.105168	0.031577	0.086684	0.146009	0.025434	0.150219
7	0.236836	0.041239	0.175762	0.100511	0.032655	0.080925	0.147250	0.025129	0.159693
8	0.240769	0.040725	0.172678	0.096037	0.033781	0.075178	0.148076	0.024746	0.168010
9	0.244274	0.040062	0.168436	0.092037	0.035375	0.069591	0.148655	0.024406	0.177164
10	0.247659	0.039269	0.165082	0.087635	0.036953	0.064892	0.148549	0.024031	0.185930
11	0.250717	0.038642	0.161178	0.083939	0.038690	0.059933	0.148848	0.023560	0.194493
12	0.253743	0.038019	0.157278	0.080346	0.040526	0.055440	0.148959	0.022992	0.202697
13	0.256909	0.037378	0.153140	0.077240	0.042320	0.051797	0.148190	0.022728	0.210298
14	0.259909	0.036499	0.148822	0.074219	0.044297	0.047970	0.147761	0.022099	0.218424
15	0.262830	0.035694	0.144525	0.070764	0.046598	0.044211	0.147495	0.021766	0.226117
16	0.265963	0.035305	0.140176	0.067649	0.048882	0.040868	0.146604	0.021284	0.233269
17	0.268727	0.034674	0.135887	0.064680	0.051314	0.037590	0.145519	0.020512	0.241097
18	0.270721	0.034371	0.131661	0.062286	0.053889	0.034750	0.144564	0.020072	0.247686
19	0.273147	0.033809	0.127389	0.059577	0.056393	0.032310	0.143150	0.019589	0.254636
20	0.275450	0.033218	0.123044	0.057024	0.059278	0.029745	0.141307	0.019157	0.261777
21	0.277523	0.032430	0.118535	0.054767	0.062103	0.027818	0.139237	0.018827	0.268760
22	0.279534	0.031918	0.114331	0.052765	0.064818	0.025689	0.137077	0.018415	0.275453
23	0.281268	0.031312	0.110914	0.050580	0.067853	0.023859	0.135249	0.018079	0.280886
24	0.282701	0.030699	0.106295	0.049051	0.070961	0.021899	0.133224	0.017719	0.287451
25	0.284271	0.030083	0.102565	0.047163	0.074318	0.020342	0.130625	0.017207	0.293426
26	0.285276	0.029582	0.098628	0.045020	0.078213	0.018903	0.127970	0.016683	0.299725
27	0.285713	0.029271	0.094830	0.043074	0.082042	0.017495	0.125960	0.016307	0.305308
28	0.286608	0.028851	0.090908	0.041522	0.085562	0.016208	0.123716	0.015763	0.310862
29	0.287417	0.028347	0.087279	0.039972	0.089076	0.015383	0.121187	0.015361	0.315978
30	0.287509	0.027931	0.083915	0.038327	0.093004	0.014130	0.119108	0.015163	0.320913
31	0.287773	0.027556	0.080394	0.037068	0.097122	0.013085	0.116441	0.014641	0.325920
32	0.287557	0.027217	0.076731	0.035422	0.101296	0.012349	0.114053	0.014217	0.331158
33	0.287684	0.026544	0.073080	0.034627	0.105482	0.011412	0.111778	0.013700	0.335693
34	0.288046	0.025872	0.069718	0.033216	0.109946	0.010606	0.109460	0.013279	0.339857
35	0.287837	0.025396	0.066475	0.032141	0.114781	0.009839	0.107034	0.012911	0.343586
36	0.287199	0.024811	0.063521	0.031104	0.119459	0.009302	0.104830	0.012502	0.347272
37	0.287084	0.024174	0.060665	0.030248	0.123663	0.008678	0.102374	0.012005	0.351109
38	0.286099	0.023538	0.057631	0.029404	0.128962	0.008226	0.100298	0.011644	0.354198
39	0.285299	0.023048	0.054515	0.028211	0.134362	0.007704	0.098050	0.011205	0.357606
40	0.283717	0.022312	0.051761	0.027776	0.139847	0.007314	0.095793	0.010838	0.360642
41	0.282238	0.021857	0.049312	0.027012	0.145149	0.006963	0.093640	0.010372	0.363457
42	0.281405	0.021316	0.047045	0.026112	0.150387	0.006621	0.091185	0.009987	0.365942
43	0.280295	0.020718	0.044645	0.025401	0.155683	0.006139	0.089219	0.009678	0.368222
44	0.278588	0.020112	0.042588	0.024797	0.161591	0.005831	0.087028	0.009369	0.370096
45	0.276673	0.019698	0.040671	0.024183	0.167170	0.005588	0.084752	0.009112	0.372153
46	0.274437	0.019283	0.038734	0.023247	0.173086	0.005236	0.082952	0.008835	0.374190
47	0.272853	0.018660	0.036764	0.022566	0.179117	0.004834	0.080786	0.008419	0.376001
48	0.271192	0.018010	0.034568	0.022093	0.185176	0.004649	0.078548	0.007970	0.377794
49	0.268851	0.017464	0.032707	0.021354	0.191341	0.004328	0.076652	0.007767	0.379536
50	0.266076	0.016976	0.031126	0.020936	0.197812	0.004083	0.074828	0.007531	0.380632
51	0.263845	0.016523	0.029721	0.020463	0.204168	0.003968	0.073048	0.007223	0.381041
52	0.261189	0.016011	0.028219	0.019834	0.210799	0.003719	0.071338	0.006839	0.382052
53	0.258663	0.015437	0.026712	0.019467	0.217611	0.003635	0.068928	0.006577	0.382970
54	0.256272	0.014984	0.025509	0.019200	0.223829	0.003368	0.067193	0.006383	0.383262
55	0.253125	0.014474	0.024232	0.018873	0.231130	0.003210	0.065364	0.006218	0.383374
56	0.250238	0.014023	0.022849	0.018352	0.238356	0.003075	0.063488	0.006013	0.383606
57	0.247692	0.013585	0.021547	0.017951	0.244934	0.002843	0.061509	0.005843	0.384096
58	0.244658	0.013181	0.020284	0.017615	0.252007	0.002665	0.059913	0.005546	0.384131
59	0.241869	0.012696	0.019232	0.017383	0.258973	0.002510	0.058156	0.005374	0.383807
60	0.238138	0.012160	0.018238	0.017035	0.265830	0.002409	0.056507	0.005119	0.384564
61	0.235317	0.011765	0.017362	0.016630	0.273074	0.002396	0.055000	0.004911	0.383545
62	0.232206	0.011324	0.016541	0.016324	0.280393	0.002295	0.053248	0.004759	0.382910
63	0.228479	0.010902	0.015595	0.015832	0.287936	0.002202	0.051766	0.004586	0.382702
64	0.225053	0.010596	0.014768	0.015695	0.295017	0.002116	0.050468	0.004431	0.381856
65	0.221415	0.010330	0.014027	0.015496	0.302532	0.002031	0.049004	0.004240	0.380925
66	0.218184	0.009974	0.013036	0.015245	0.309913	0.001938	0.047526	0.004108	0.380076
67	0.214349	0.009731	0.012214	0.014999	0.317734	0.001798	0.046443	0.003938	0.378794
68	0.210720	0.009420	0.011404	0.014699	0.325504	0.001756	0.044973	0.003794	0.377730
69	0.207578	0.008997	0.010830	0.014493	0.333325	0.001680	0.043728	0.003588	0.375781
70	0.203667	0.008632	0.010297	0.014464	0.340866	0.001577	0.041988	0.003453	0.375056
71	0.200454	0.008325	0.009706	0.014271	0.348433	0.001578	0.040478	0.003296	0.373459
72	0.196675	0.007982	0.009151	0.014102	0.355850	0.001477	0.039253	0.003136	0.372374
73	0.192777	0.007660	0.008575	0.013874	0.363566	0.001400	0.038120	0.003052	0.370976
74	0.188922	0.007335	0.008054	0.013633	0.371820	0.001330	0.037016	0.002959	0.368931
75	0.185428	0.007085	0.007490	0.013399	0.379780	0.001297	0.035883	0.002752	0.366886
76	0.181570	0.006831	0.007027	0.013224	0.387457	0.001306	0.034529	0.002581	0.365475
77	0.177832	0.006644	0.006566	0.013058	0.395010	0.001277	0.033296	0.002515	0.363802
78	0.174098	0.006486	0.006145	0.012912	0.402686	0.001190	0.032269	0.002428	0.361786
79	0.170034	0.006229	0.005701	0.012857	0.410715	0.001155	0.031300	0.002327	0.359682
80	0.166316	0.005903	0.005233	0.012850	0.418565	0.001114	0.030283	0.002167	0.357569
81	0.162356	0.005709	0.004902	0.012864	0.426947	0.001086	0.029151	0.002053	0.354932
82	0.158737	0.005582	0.004633	0.012559	0.434610	0.001025	0.028049	0.001938	0.352867
83	0.155172	0.005309	0.004388	0.012501	0.442455	0.000972	0.027153	0.001824	0.350226
84	0.151596	0.005063	0.004101	0.012399	0.450110	0.000929	0.026362	0.001799	0.347641
85	0.148334	0.004963	0.003754	0.012264	0.458264	0.000876	0.025404	0.001699	0.344442
86	0.144935	0.004697	0.003578	0.012324	0.465637	0.000855	0.024702	0.001610	0.341662
87	0.140929	0.004550	0.003402	0.012158	0.473439	0.000818	0.024139	0.001588	0.338977
88	0.137881	0.004392	0.003186	0.012179	0.480798	0.000824	0.023224	0.001567	0.335949
89	0.134029	0.004285	0.002889	0.011825	0.488724	0.000808	0.022346	0.001537	0.333557
90	0.130667	0.004166	0.002711	0.011648	0.496562	0.000777	0.021721	0.001522	0.330226
91	0.127322	0.003969	0.002517	0.011535	0.503887	0.000790	0.021102	0.001468	0.327410
92	0.124034	0.003790	0.002320	0.011519	0.511482	0.000737	0.020539	0.001358	0.324221
93	0.120575	0.003604	0.002196	0.011442	0.519019	0.000711	0.020187	0.001296	0.320970
94	0.117050	0.003431	0.002047	0.011363	0.526479	0.000737	0.019469	0.001195	0.318229
95	0.113801	0.003289	0.001938	0.011295	0.533591	0.000699	0.018853	0.001164	0.315370
96	0.110570	0.003044	0.001789	0.011178	0.540932	0.000676	0.018241	0.001146	0.312424
97	0.107328	0.002823	0.001745	0.011123	0.548194	0.000681	0.017736	0.001107	0.309263
98	0.104489	0.002704	0.001644	0.011235	0.554989	0.000643	0.017110	0.001069	0.306117
99	0.101257	0.002550	0.001491	0.011037	0.562426	0.000627	0.016680	0.001049	0.302883
100	0.098188	0.002503	0.001450	0.011076	0.569341	0.000602	0.016190	0.001009	0.299641
101	0.095560	0.002439	0.001363	0.011129	0.576055	0.000568	0.015541	0.000929	0.296416
102	0.092642	0.002395	0.001265	0.011210	0.583051	0.000561	0.015073	0.000908	0.292895
103	0.089899	0.002323	0.001159	0.011119	0.589917	0.000555	0.014592	0.000847	0.289589
104	0.087019	0.002262	0.001081	0.011064	0.596976	0.000553	0.014278	0.000776	0.285991
105	0.084492	0.002188	0.000986	0.011003	0.603611	0.000526	0.013798	0.000716	0.282680
106	0.081717	0.002066	0.000934	0.011035	0.610254	0.000514	0.013259	0.000667	0.279554
107	0.078917	0.001926	0.000862	0.010907	0.616978	0.000533	0.012814	0.000627	0.276436
108	0.076391	0.001834	0.000833	0.010826	0.623803	0.000553	0.012424	0.000611	0.272725
109	0.073835	0.001784	0.000811	0.010772	0.630288	0.000543	0.012094	0.000630	0.269243
110	0.071464	0.001730	0.000794	0.010768	0.636888	0.000514	0.011662	0.000620	0.265560
111	0.069020	0.001703	0.000749	0.010728	0.643015	0.000502	0.011333	0.000582	0.262368
112	0.066698	0.001648	0.000748	0.010547	0.649333	0.000495	0.010934	0.000580	0.259017
113	0.064519	0.001538	0.000711	0.010493	0.655698	0.000499	0.010450	0.000581	0.255511
114	0.062526	0.001478	0.000665	0.010519	0.661758	0.000483	0.010130	0.000586	0.251855
115	0.060388	0.001375	0.000653	0.010475	0.668000	0.000497	0.009766	0.000551	0.248295
116	0.058296	0.001295	0.000606	0.010328	0.674216	0.000526	0.009588	0.000532	0.244613
117	0.055994	0.001245	0.000566	0.010273	0.680454	0.000504	0.009340	0.000487	0.241137
118	0.053686	0.001204	0.000567	0.010197	0.687089	0.000465	0.009006	0.000464	0.237322
119	0.051766	0.001198	0.000504	0.010153	0.692356	0.000459	0.008699	0.000479	0.234386
120	0.050063	0.001112	0.000512	0.010150	0.698288	0.000475	0.008383	0.000458	0.230559
121	0.048057	0.001027	0.000447	0.010166	0.703691	0.000470	0.008055	0.000484	0.227603
122	0.046166	0.000946	0.000412	0.010090	0.709325	0.000445	0.007854	0.000448	0.224314
123	0.044436	0.000899	0.000378	0.009967	0.715132	0.000447	0.007660	0.000434	0.220647
124	0.042845	0.000835	0.000332	0.010017	0.720927	0.000412	0.007366	0.000444	0.216822
125	0.041167	0.000784	0.000333	0.010041	0.726186	0.000408	0.007058	0.000396	0.213627
126	0.039585	0.000743	0.000309	0.010033	0.731670	0.000395	0.006878	0.000377	0.210010
127	0.038118	0.000713	0.000257	0.009932	0.736628	0.000413	0.006745	0.000397	0.206797
128	0.036625	0.000626	0.000255	0.009899	0.741807	0.000406	0.006443	0.000401	0.203538
129	0.035049	0.000589	0.000235	0.009846	0.746792	0.000412	0.006269	0.000378	0.200430
130	0.033664	0.000580	0.000239	0.009886	0.752115	0.000402	0.006033	0.000344	0.196737
131	0.032382	0.000571	0.000231	0.009859	0.757566	0.000387	0.005939	0.000353	0.192712
132	0.030999	0.000526	0.000216	0.009808	0.762291	0.000400	0.005642	0.000345	0.189773
133	0.029729	0.000511	0.000209	0.009804	0.766997	0.000380	0.005512	0.000356	0.186502
134	0.028642	0.000514	0.000178	0.009751	0.771789	0.000361	0.005247	0.000336	0.183182
135	0.027533	0.000485	0.000170	0.009746	0.776373	0.000382	0.005078	0.000315	0.179918
136	0.026541	0.000443	0.000150	0.009636	0.780917	0.000385	0.004927	0.000327	0.176674
137	0.025335	0.000436	0.000145	0.009581	0.785553	0.000390	0.004783	0.000314	0.173463
138	0.024111	0.000396	0.000144	0.009596	0.790069	0.000383	0.004669	0.000292	0.170340
139	0.023060	0.000381	0.000120	0.009331	0.794554	0.000390	0.004472	0.000281	0.167411
140	0.022029	0.000359	0.000124	0.009320	0.798972	0.000365	0.004407	0.000271	0.164153
141	0.020939	0.000319	0.000104	0.009304	0.803090	0.000352	0.004341	0.000259	0.161292
142	0.019979	0.000277	0.000098	0.009418	0.806818	0.000360	0.004212	0.000249	0.158589
143	0.019163	0.000248	0.000091	0.009433	0.811172	0.000370	0.004136	0.000232	0.155155
144	0.018475	0.000230	0.000094	0.009430	0.815230	0.000356	0.004022	0.000213	0.151950
145	0.017525	0.000238	0.000084	0.009493	0.818603	0.000393	0.003869	0.000197	0.149598
146	0.016709	0.000221	0.000083	0.009437	0.822617	0.000381	0.003826	0.000199	0.146527
147	0.016148	0.000190	0.000081	0.009459	0.826350	0.000383	0.003735	0.000160	0.143494
148	0.015357	0.000184	0.000071	0.009499	0.830021	0.000394	0.003593	0.000143	0.140738
149	0.014754	0.000176	0.000060	0.009468	0.833548	0.000405	0.003617	0.000126	0.137846
150	0.014043	0.000153	0.000056	0.009292	0.837380	0.000374	0.003565	0.000122	0.135015
151	0.013440	0.000141	0.000040	0.009304	0.840595	0.000383	0.003480	0.000126	0.132491
152	0.012822	0.000144	0.000026	0.009264	0.844431	0.000378	0.003339	0.000105	0.129491
153	0.012260	0.000137	0.000026	0.009191	0.848001	0.000403	0.003308	0.000084	0.126590
154	0.011651	0.000116	0.000024	0.009205	0.851340	0.000395	0.003240	0.000094	0.123935
155	0.011161	0.000121	0.000021	0.009293	0.854630	0.000398	0.003156	0.000094	0.121126
156	0.010617	0.000121	0.000016	0.009191	0.857971	0.000398	0.003067	0.000096	0.118523
157	0.010121	0.000108	0.000012	0.009169	0.861273	0.000388	0.002949	0.000089	0.115891
158	0.009577	0.000091	0.000008	0.009181	0.864670	0.000414	0.002821	0.000084	0.113154
159	0.009117	0.000080	0.000007	0.009254	0.867767	0.000380	0.002766	0.000079	0.110550
160	0.008619	0.000069	0.000007	0.009321	0.870595	0.000370	0.002745	0.000067	0.108207
161	0.008247	0.000067	0.000003	0.009387	0.873676	0.000367	0.002703	0.000081	0.105469
162	0.007743	0.000073	0.000004	0.009394	0.876157	0.000346	0.002610	0.000075	0.103598
163	0.007299	0.000064	0.000003	0.009406	0.879121	0.000334	0.002548	0.000072	0.101153
164	0.006969	0.000058	0.000004	0.009474	0.881865	0.000369	0.002456	0.000070	0.098735
165	0.006585	0.000059	0.000002	0.009477	0.884646	0.000369	0.002409	0.000080	0.096373
166	0.006263	0.000055	0.000002	0.009429	0.887433	0.000339	0.002382	0.000076	0.094021
167	0.006012	0.000054	0.000001	0.009502	0.889801	0.000337	0.002240	0.000073	0.091980
168	0.005661	0.000048	0.000001	0.009596	0.892188	0.000329	0.002157	0.000069	0.089951
169	0.005454	0.000051	0.000001	0.009601	0.894569	0.000330	0.002076	0.000077	0.087841
170	0.005267	0.000044	0.000000	0.009564	0.897095	0.000325	0.001997	0.000084	0.085624
171	0.005016	0.000037	0.000000	0.009521	0.899654	0.000336	0.001944	0.000075	0.083417
172	0.004783	0.000036	0.000000	0.009611	0.901574	0.000329	0.001853	0.000079	0.081735
173	0.004485	0.000030	0.000000	0.009506	0.903935	0.000326	0.001861	0.000083	0.079774
174	0.004287	0.000024	0.000000	0.009518	0.906436	0.000325	0.001742	0.000089	0.077579
175	0.003948	0.000023	0.000000	0.009560	0.908387	0.000347	0.001682	0.000078	0.075975
176	0.003801	0.000016	0.000000	0.009558	0.910375	0.000313	0.001634	0.000085	0.074218
177	0.003591	0.000011	0.000000	0.009506	0.912557	0.000290	0.001567	0.000081	0.072397
178	0.003460	0.000008	0.000000	0.009589	0.914400	0.000286	0.001529	0.000090	0.070638
179	0.003312	0.000002	0.000000	0.009615	0.916478	0.000286	0.001440	0.000084	0.068783
180	0.003154	0.000000	0.000000	0.009588	0.918510	0.000272	0.001415	0.000086	0.066975
181	0.002994	0.000000	0.000000	0.009629	0.920366	0.000281	0.001360	0.000076	0.065294
182	0.002880	0.000000	0.000000	0.009556	0.922288	0.000285	0.001333	0.000083	0.063575
183	0.002745	0.000000	0.000000	0.009532	0.924309	0.000286	0.001244	0.000077	0.061807
184	0.002638	0.000000	0.000000	0.009569	0.925989	0.000267	0.001217	0.000064	0.060256
185	0.002480	0.000000	0.000000	0.009571	0.927721	0.000286	0.001159	0.000061	0.058722
186	0.002425	0.000000	0.000000	0.009498	0.929436	0.000292	0.001135	0.000055	0.057159
187	0.002268	0.000000	0.000000	0.009518	0.931387	0.000303	0.001092	0.000055	0.055377
188	0.002143	0.000000	0.000000	0.009429	0.933166	0.000318	0.001044	0.000052	0.053848
189	0.002094	0.000000	0.000000	0.009355	0.934698	0.000298	0.000998	0.000048	0.052509
190	0.002000	0.000000	0.000000	0.009307	0.936196	0.000305	0.000963	0.000043	0.051186
191	0.001833	0.000000	0.000000	0.009357	0.937675	0.000269	0.000941	0.000052	0.049873
192	0.001814	0.000000	0.000000	0.009288	0.939125	0.000264	0.000900	0.000039	0.048570
193	0.001754	0.000000	0.000000	0.009184	0.940435	0.000270	0.000837	0.000039	0.047481
194	0.001675	0.000000	0.000000	0.009122	0.942042	0.000274	0.000761	0.000035	0.046091
195	0.001585	0.000000	0.000000	0.009186	0.943184	0.000266	0.000730	0.000033	0.045016
196	0.001544	0.000000	0.000000	0.009052	0.944830	0.000257	0.000678	0.000031	0.043608
197	0.001458	0.000000	0.000000	0.009037	0.946209	0.000233	0.000666	0.000025	0.042372
198	0.001402	0.000000	0.000000	0.008958	0.947505	0.000234	0.000642	0.000020	0.041239
199	0.001346	0.000000	0.000000	0.008907	0.948947	0.000232	0.000608	0.000016	0.039944
200	0.001283	0.000000	0.000000	0.008866	0.950302	0.000237	0.000550	0.000010	0.038752
201	0.001248	0.000000	0.000000	0.008949	0.951432	0.000229	0.000513	0.000006	0.037623
202	0.001214	0.000000	0.000000	0.008970	0.952766	0.000223	0.000480	0.000009	0.036338
203	0.001192	0.000000	0.000000	0.008974	0.953712	0.000221	0.000428	0.000007	0.035466
204	0.001130	0.000000	0.000000	0.008967	0.954904	0.000195	0.000381	0.000007	0.034416
205	0.001107	0.000000	0.000000	0.008965	0.955935	0.000200	0.000356	0.000006	0.033431
206	0.001077	0.000000	0.000000	0.009007	0.956992	0.000207	0.000380	0.000007	0.032330
207	0.001028	0.000000	0.000000	0.008944	0.958031	0.000205	0.000364	0.000007	0.031421
208	0.000989	0.000000	0.000000	0.008925	0.959110	0.000188	0.000355	0.000005	0.030428
209	0.000950	0.000000	0.000000	0.008925	0.960086	0.000200	0.000356	0.000004	0.029479
210	0.000891	0.000000	0.000000	0.009113	0.960929	0.000209	0.000324	0.000001	0.028533
211	0.000863	0.000000	0.000000	0.009143	0.961798	0.000218	0.000306	0.000002	0.027670
212	0.000817	0.000000	0.000000	0.009192	0.962666	0.000215	0.000279	0.000001	0.026830
213	0.000793	0.000000	0.000000	0.009148	0.963722	0.000203	0.000269	0.000001	0.025864
214	0.000760	0.000000	0.000000	0.009078	0.964536	0.000205	0.000242	0.000002	0.025177
215	0.000715	0.000000	0.000000	0.009179	0.965334	0.000210	0.000267	0.000001	0.024294
216	0.000639	0.000000	0.000000	0.009250	0.966033	0.000207	0.000233	0.000001	0.023637
217	0.000628	0.000000	0.000000	0.009186	0.966910	0.000203	0.000226	0.000001	0.022846
218	0.000598	0.000000	0.000000	0.009209	0.967670	0.000218	0.000204	0.000001	0.022100
219	0.000604	0.000000	0.000000	0.009278	0.968225	0.000228	0.000200	0.000000	0.021465
220	0.000578	0.000000	0.000000	0.009197	0.968931	0.000229	0.000207	0.000000	0.020858
221	0.000592	0.000000	0.000000	0.009058	0.969838	0.000204	0.000211	0.000000	0.020097
222	0.000568	0.000000	0.000000	0.009034	0.970556	0.000221	0.000228	0.000000	0.019393
223	0.000548	0.000000	0.000000	0.008986	0.971148	0.000239	0.000196	0.000000	0.018883
224	0.000531	0.000000	0.000000	0.009032	0.971675	0.000243	0.000167	0.000000	0.018352
225	0.000493	0.000000	0.000000	0.008952	0.972331	0.000245	0.000169	0.000000	0.017810
226	0.000468	0.000000	0.000000	0.009012	0.972901	0.000252	0.000181	0.000000	0.017186
227	0.000435	0.000000	0.000000	0.009091	0.973550	0.000242	0.000151	0.000000	0.016531
228	0.000411	0.000000	0.000000	0.009105	0.974003	0.000253	0.000132	0.000000	0.016096
229	0.000395	0.000000	0.000000	0.009094	0.974514	0.000247	0.000127	0.000000	0.015623
230	0.000359	0.000000	0.000000	0.009085	0.975194	0.000237	0.000111	0.000000	0.015014
231	0.000340	0.000000	0.000000	0.009006	0.975731	0.000210	0.000110	0.000000	0.014603
232	0.000320	0.000000	0.000000	0.009089	0.975943	0.000189	0.000098	0.000000	0.014361
233	0.000323	0.000000	0.000000	0.009093	0.976435	0.000194	0.000091	0.000000	0.013864
234	0.000305	0.000000	0.000000	0.009083	0.976912	0.000195	0.000082	0.000000	0.013423
235	0.000296	0.000000	0.000000	0.009021	0.977443	0.000213	0.000076	0.000000	0.012951
236	0.000253	0.000000	0.000000	0.009010	0.977977	0.000206	0.000085	0.000000	0.012469
237	0.000248	0.000000	0.000000	0.009019	0.978306	0.000212	0.000083	0.000000	0.012132
238	0.000238	0.000000	0.000000	0.009192	0.978594	0.000200	0.000076	0.000000	0.011700
239	0.000219	0.000000	0.000000	0.009116	0.979080	0.000207	0.000073	0.000000	0.011305
240	0.000223	0.000000	0.000000	0.009066	0.979515	0.000216	0.000076	0.000000	0.010904
241	0.000204	0.000000	0.000000	0.009274	0.979725	0.000214	0.000073	0.000000	0.010510
242	0.000184	0.000000	0.000000	0.009230	0.980112	0.000206	0.000078	0.000000	0.010190
243	0.000175	0.000000	0.000000	0.009261	0.980479	0.000216	0.000071	0.000000	0.009798
244	0.000175	0.000000	0.000000	0.009329	0.980732	0.000203	0.000067	0.000000	0.009494
245	0.000161	0.000000	0.000000	0.009278	0.981154	0.000212	0.000064	0.000000	0.009131
246	0.000150	0.000000	0.000000	0.009207	0.981568	0.000220	0.000066	0.000000	0.008789
247	0.000127	0.000000	0.000000	0.009131	0.982025	0.000218	0.000064	0.000000	0.008435
248	0.000121	0.000000	0.000000	0.009071	0.982392	0.000238	0.000051	0.000000	0.008127
249	0.000116	0.000000	0.000000	0.008984	0.982707	0.000256	0.000046	0.000000	0.007891
250	0.000111	0.000000	0.000000	0.008859	0.983163	0.000262	0.000039	0.000000	0.007566
251	0.000110	0.000000	0.000000	0.008878	0.983374	0.000270	0.000031	0.000000	0.007337
252	0.000098	0.000000	0.000000	0.008966	0.983554	0.000277	0.000029	0.000000	0.007076
253	0.000080	0.000000	0.000000	0.008941	0.983853	0.000258	0.000030	0.000000	0.006838
254	0.000078	0.000000	0.000000	0.008933	0.984060	0.000260	0.000024	0.000000	0.006645
255	0.000063	0.000000	0.000000	0.008860	0.984379	0.000272	0.000023	0.000000	0.006403
256	0.000062	0.000000	0.000000	0.008971	0.984561	0.000269	0.000022	0.000000	0.006115
257	0.000052	0.000000	0.000000	0.008933	0.984844	0.000273	0.000019	0.000000	0.005879
258	0.000050	0.000000	0.000000	0.008983	0.984992	0.000277	0.000017	0.000000	0.005681
259	0.000044	0.000000	0.000000	0.009008	0.985244	0.000286	0.000011	0.000000	0.005407
260	0.000033	0.000000	0.000000	0.009012	0.985439	0.000288	0.000009	0.000000	0.005219
261	0.000031	0.000000	0.000000	0.008936	0.985622	0.000319	0.000010	0.000000	0.005082
262	0.000026	0.000000	0.000000	0.008939	0.985925	0.000315	0.000011	0.000000	0.004784
263	0.000025	0.000000	0.000000	0.008947	0.986082	0.000314	0.000009	0.000000	0.004623
264	0.000020	0.000000	0.000000	0.009055	0.986257	0.000295	0.000010	0.000000	0.004363
265	0.000013	0.000000	0.000000	0.008998	0.986508	0.000300	0.000009	0.000000	0.004172
266	0.000010	0.000000	0.000000	0.009056	0.986612	0.000291	0.000012	0.000000	0.004019
267	0.000013	0.000000	0.000000	0.009085	0.986733	0.000312	0.000010	0.000000	0.003847
268	0.000007	0.000000	0.000000	0.009183	0.986825	0.000330	0.000007	0.000000	0.003648
269	0.000007	0.000000	0.000000	0.009239	0.986929	0.000329	0.000009	0.000000	0.003487
270	0.000009	0.000000	0.000000	0.009289	0.987058	0.000336	0.000008	0.000000	0.003300
271	0.000008	0.000000	0.000000	0.009334	0.987187	0.000324	0.000008	0.000000	0.003139
272	0.000008	0.000000	0.000000	0.009426	0.987229	0.000323	0.000005	0.000000	0.003009
273	0.000006	0.000000	0.000000	0.009357	0.987382	0.000343	0.000007	0.000000	0.002905
274	0.000005	0.000000	0.000000	0.009236	0.987613	0.000321	0.000005	0.000000	0.002820
275	0.000003	0.000000	0.000000	0.009162	0.987832	0.000331	0.000005	0.000000	0.002667
276	0.000003	0.000000	0.000000	0.009113	0.988045	0.000347	0.000004	0.000000	0.002488
277	0.000003	0.000000	0.000000	0.009064	0.988203	0.000336	0.000001	0.000000	0.002393
278	0.000004	0.000000	0.000000	0.009184	0.988175	0.000339	0.000000	0.000000	0.002298
279	0.000003	0.000000	0.000000	0.008998	0.988524	0.000315	0.000000	0.000000	0.002160
280	0.000002	0.000000	0.000000	0.009040	0.988624	0.000287	0.000000	0.000000	0.002047
281	0.000001	0.000000	0.000000	0.009113	0.988620	0.000292	0.000000	0.000000	0.001974
282	0.000000	0.000000	0.000000	0.009101	0.988731	0.000302	0.000000	0.000000	0.001866
283	0.000000	0.000000	0.000000	0.009198	0.988714	0.000308	0.000000	0.000000	0.001780
284	0.000000	0.000000	0.000000	0.009305	0.988690	0.000298	0.000000	0.000000	0.001707
285	0.000000	0.000000	0.000000	0.009379	0.988727	0.000300	0.000000	0.000000	0.001594
286	0.000000	0.000000	0.000000	0.009414	0.988749	0.000308	0.000000	0.000000	0.001529
287	0.000000	0.000000	0.000000	0.009411	0.988857	0.000316	0.000000	0.000000	0.001416
288	0.000000	0.000000	0.000000	0.009555	0.988766	0.000333	0.000000	0.000000	0.001346
289	0.000000	0.000000	0.000000	0.009608	0.988784	0.000330	0.000000	0.000000	0.001278
290	0.000000	0.000000	0.000000	0.009601	0.988870	0.000316	0.000000	0.000000	0.001213
291	0.000000	0.000000	0.000000	0.009614	0.988944	0.000312	0.000000	0.000000	0.001130
292	0.000000	0.000000	0.000000	0.009589	0.989052	0.000298	0.000000	0.000000	0.001061
293	0.000000	0.000000	0.000000	0.009592	0.989088	0.000298	0.000000	0.000000	0.001022
294	0.000000	0.000000	0.000000	0.009623	0.989131	0.000281	0.000000	0.000000	0.000965
295	0.000000	0.000000	0.000000	0.009590	0.989192	0.000292	0.000000	0.000000	0.000926
296	0.000000	0.000000	0.000000	0.009493	0.989346	0.000285	0.000000	0.000000	0.000876
297	0.000000	0.000000	0.000000	0.009529	0.989343	0.000285	0.000000	0.000000	0.000843
298	0.000000	0.000000	0.000000	0.009572	0.989346	0.000301	0.000000	0.000000	0.000781
299	0.000000	0.000000	0.000000	0.009479	0.989478	0.000278	0.000000	0.000000	0.000765
300	0.000000	0.000000	0.000000	0.009467	0.989512	0.000315	0.000000	0.000000	0.000706
301	0.000000	0.000000	0.000000	0.009613	0.989391	0.000323	0.000000	0.000000	0.000673
302	0.000000	0.000000	0.000000	0.009572	0.989496	0.000305	0.000000	0.000000	0.000627
303	0.000000	0.000000	0.000000	0.009687	0.989393	0.000311	0.000000	0.000000	0.000609
304	0.000000	0.000000	0.000000	0.009771	0.989318	0.000339	0.000000	0.000000	0.000572
305	0.000000	0.000000	0.000000	0.009888	0.989266	0.000325	0.000000	0.000000	0.000521
306	0.000000	0.000000	0.000000	0.009755	0.989451	0.000301	0.000000	0.000000	0.000493
307	0.000000	0.000000	0.000000	0.009765	0.989466	0.000289	0.000000	0.000000	0.000480
308	0.000000	0.000000	0.000000	0.009727	0.989513	0.000294	0.000000	0.000000	0.000466
309	0.000000	0.000000	0.000000	0.009832	0.989418	0.000302	0.000000	0.000000	0.000448
310	0.000000	0.000000	0.000000	0.009855	0.989412	0.000316	0.000000	0.000000	0.000417
311	0.000000	0.000000	0.000000	0.009861	0.989409	0.000311	0.000000	0.000000	0.000419
312	0.000000	0.000000	0.000000	0.009868	0.989418	0.000297	0.000000	0.000000	0.000417
313	0.000000	0.000000	0.000000	0.009766	0.989516	0.000333	0.000000	0.000000	0.000385
314	0.000000	0.000000	0.000000	0.009647	0.989700	0.000307	0.000000	0.000000	0.000346
315	0.000000	0.000000	0.000000	0.009695	0.989689	0.000290	0.000000	0.000000	0.000326
316	0.000000	0.000000	0.000000	0.009666	0.989719	0.000297	0.000000	0.000000	0.000318
317	0.000000	0.000000	0.000000	0.009769	0.989650	0.000300	0.000000	0.000000	0.000281
318	0.000000	0.000000	0.000000	0.009827	0.989583	0.000331	0.000000	0.000000	0.000259
319	0.000000	0.000000	0.000000	0.009921	0.989501	0.000338	0.000000	0.000000	0.000240
320	0.000000	0.000000	0.000000	0.009992	0.989435	0.000338	0.000000	0.000000	0.000235
321	0.000000	0.000000	0.000000	0.009926	0.989527	0.000327	0.000000	0.000000	0.000220
322	0.000000	0.000000	0.000000	0.009925	0.989542	0.000335	0.000000	0.000000	0.000198
323	0.000000	0.000000	0.000000	0.009976	0.989508	0.000319	0.000000	0.000000	0.000197
324	0.000000	0.000000	0.000000	0.010002	0.989506	0.000304	0.000000	0.000000	0.000188
325	0.000000	0.000000	0.000000	0.009880	0.989619	0.000324	0.000000	0.000000	0.000177
326	0.000000	0.000000	0.000000	0.010006	0.989524	0.000305	0.000000	0.000000	0.000165
327	0.000000	0.000000	0.000000	0.009838	0.989707	0.000312	0.000000	0.000000	0.000143
328	0.000000	0.000000	0.000000	0.009913	0.989610	0.000335	0.000000	0.000000	0.000142
329	0.000000	0.000000	0.000000	0.010001	0.989548	0.000322	0.000000	0.000000	0.000129
330	0.000000	0.000000	0.000000	0.010011	0.989534	0.000333	0.000000	0.000000	0.000122
331	0.000000	0.000000	0.000000	0.009953	0.989621	0.000313	0.000000	0.000000	0.000113
332	0.000000	0.000000	0.000000	0.009851	0.989734	0.000314	0.000000	0.000000	0.000101
333	0.000000	0.000000	0.000000	0.009824	0.989761	0.000322	0.000000	0.000000	0.000093
334	0.000000	0.000000	0.000000	0.009894	0.989660	0.000359	0.000000	0.000000	0.000087
335	0.000000	0.000000	0.000000	0.009898	0.989673	0.000347	0.000000	0.000000	0.000082
336	0.000000	0.000000	0.000000	0.009856	0.989729	0.000338	0.000000	0.000000	0.000077
337	0.000000	0.000000	0.000000	0.009858	0.989700	0.000367	0.000000	0.000000	0.000075
338	0.000000	0.000000	0.000000	0.009770	0.989795	0.000348	0.000000	0.000000	0.000087
339	0.000000	0.000000	0.000000	0.009794	0.989755	0.000369	0.000000	0.000000	0.000082
340	0.000000	0.000000	0.000000	0.009751	0.989815	0.000361	0.000000	0.000000	0.000073
341	0.000000	0.000000	0.000000	0.009891	0.989708	0.000334	0.000000	0.000000	0.000067
342	0.000000	0.000000	0.000000	0.009810	0.989766	0.000363	0.000000	0.000000	0.000061
343	0.000000	0.000000	0.000000	0.009882	0.989728	0.000332	0.000000	0.000000	0.000058
344	0.000000	0.000000	0.000000	0.009821	0.989795	0.000334	0.000000	0.000000	0.000050
345	0.000000	0.000000	0.000000	0.009796	0.989802	0.000358	0.000000	0.000000	0.000044
346	0.000000	0.000000	0.000000	0.009968	0.989648	0.000353	0.000000	0.000000	0.000031
347	0.000000	0.000000	0.000000	0.009916	0.989716	0.000333	0.000000	0.000000	0.000035
348	0.000000	0.000000	0.000000	0.010061	0.989558	0.000341	0.000000	0.000000	0.000040
349	0.000000	0.000000	0.000000	0.010030	0.989593	0.000342	0.000000	0.000000	0.000035
350	0.000000	0.000000	0.000000	0.009998	0.989615	0.000353	0.000000	0.000000	0.000034
351	0.000000	0.000000	0.000000	0.010029	0.989562	0.000381	0.000000	0.000000	0.000028
352	0.000000	0.000000	0.000000	0.010021	0.989562	0.000387	0.000000	0.000000	0.000030
353	0.000000	0.000000	0.000000	0.010018	0.989577	0.000373	0.000000	0.000000	0.000032
354	0.000000	0.000000	0.000000	0.010116	0.989481	0.000369	0.000000	0.000000	0.000034
355	0.000000	0.000000	0.000000	0.010262	0.989343	0.000369	0.000000	0.000000	0.000026
356	0.000000	0.000000	0.000000	0.010190	0.989439	0.000348	0.000000	0.000000	0.000023
357	0.000000	0.000000	0.000000	0.010164	0.989503	0.000315	0.000000	0.000000	0.000018
358	0.000000	0.000000	0.000000	0.010046	0.989594	0.000342	0.000000	0.000000	0.000018
359	0.000000	0.000000	0.000000	0.010052	0.989583	0.000347	0.000000	0.000000	0.000018
360	0.000000	0.000000	0.000000	0.010137	0.989486	0.000355	0.000000	0.000000	0.000022
361	0.000000	0.000000	0.000000	0.010166	0.989458	0.000357	0.000000	0.000000	0.000019
362	0.000000	0.000000	0.000000	0.010073	0.989544	0.000362	0.000000	0.000000	0.000021
363	0.000000	0.000000	0.000000	0.009985	0.989640	0.000358	0.000000	0.000000	0.000017
364	0.000000	0.000000	0.000000	0.009891	0.989726	0.000369	0.000000	0.000000	0.000014
365	0.000000	0.000000	0.000000	0.010018	0.989587	0.000384	0.000000	0.000000	0.000011
366	0.000000	0.000000	0.000000	0.009867	0.989742	0.000381	0.000000	0.000000	0.000010
367	0.000000	0.000000	0.000000	0.009888	0.989701	0.000398	0.000000	0.000000	0.000013
368	0.000000	0.000000	0.000000	0.009915	0.989705	0.000370	0.000000	0.000000	0.000010
369	0.000000	0.000000	0.000000	0.009971	0.989666	0.000356	0.000000	0.000000	0.000007
370	0.000000	0.000000	0.000000	0.009944	0.989704	0.000346	0.000000	0.000000	0.000006
371	0.000000	0.000000	0.000000	0.009969	0.989664	0.000361	0.000000	0.000000	0.000006
372	0.000000	0.000000	0.000000	0.010080	0.989559	0.000358	0.000000	0.000000	0.000003
373	0.000000	0.000000	0.000000	0.010176	0.989472	0.000350	0.000000	0.000000	0.000002
374	0.000000	0.000000	0.000000	0.010209	0.989418	0.000368	0.000000	0.000000	0.000005
375	0.000000	0.000000	0.000000	0.010237	0.989378	0.000379	0.000000	0.000000	0.000006
376	0.000000	0.000000	0.000000	0.010218	0.989409	0.000371	0.000000	0.000000	0.000002
377	0.000000	0.000000	0.000000	0.010178	0.989453	0.000368	0.000000	0.000000	0.000001
378	0.000000	0.000000	0.000000	0.010312	0.989320	0.000366	0.000000	0.000000	0.000002
379	0.000000	0.000000	0.000000	0.010287	0.989326	0.000385	0.000000	0.000000	0.000002
380	0.000000	0.000000	0.000000	0.010345	0.989292	0.000362	0.000000	0.000000	0.000001
381	0.000000	0.000000	0.000000	0.010302	0.989301	0.000396	0.000000	0.000000	0.000001
382	0.000000	0.000000	0.000000	0.010364	0.989247	0.000389	0.000000	0.000000	0.000000
383	0.000000	0.000000	0.000000	0.010262	0.989330	0.000406	0.000000	0.000000	0.000002
384	0.000000	0.000000	0.000000	0.010362	0.989233	0.000405	0.000000	0.000000	0.000000
385	0.000000	0.000000	0.000000	0.010274	0.989315	0.000411	0.000000	0.000000	0.000000
386	0.000000	0.000000	0.000000	0.010297	0.989299	0.000404	0.000000	0.000000	0.000000
387	0.000000	0.000000	0.000000	0.010428	0.989147	0.000425	0.000000	0.000000	0.000000
388	0.000000	0.000000	0.000000	0.010377	0.989193	0.000430	0.000000	0.000000	0.000000
389	0.000000	0.000000	0.000000	0.010569	0.988993	0.000438	0.000000	0.000000	0.000000
390	0.000000	0.000000	0.000000	0.010472	0.989131	0.000397	0.000000	0.000000	0.000000
391	0.000000	0.000000	0.000000	0.010454	0.989128	0.000418	0.000000	0.000000	0.000000
392	0.000000	0.000000	0.000000	0.010412	0.989183	0.000405	0.000000	0.000000	0.000000
393	0.000000	0.000000	0.000000	0.010367	0.989232	0.000401	0.000000	0.000000	0.000000
394	0.000000	0.000000	0.000000	0.010353	0.989250	0.000397	0.000000	0.000000	0.000000
395	0.000000	0.000000	0.000000	0.010347	0.989274	0.000379	0.000000	0.000000	0.000000
396	0.000000	0.000000	0.000000	0.010449	0.989174	0.000377	0.000000	0.000000	0.000000
397	0.000000	0.000000	0.000000	0.010385	0.989241	0.000374	0.000000	0.000000	0.000000
398	0.000000	0.000000	0.000000	0.010404	0.989242	0.000354	0.000000	0.000000	0.000000
399	0.000000	0.000000	0.000000	0.010263	0.989398	0.000339	0.000000	0.000000	0.000000
400	0.000000	0.000000	0.000000	0.010284	0.989343	0.000373	0.000000	0.000000	0.000000
401	0.000000	0.000000	0.000000	0.010370	0.989251	0.000379	0.000000	0.000000	0.000000
402	0.000000	0.000000	0.000000	0.010447	0.989175	0.000378	0.000000	0.000000	0.000000
403	0.000000	0.000000	0.000000	0.010587	0.989074	0.000339	0.000000	0.000000	0.000000
404	0.000000	0.000000	0.000000	0.010471	0.989208	0.000321	0.000000	0.000000	0.000000
405	0.000000	0.000000	0.000000	0.010586	0.989091	0.000323	0.000000	0.000000	0.000000
406	0.000000	0.000000	0.000000	0.010605	0.989075	0.000320	0.000000	0.000000	0.000000
407	0.000000	0.000000	0.000000	0.010658	0.989011	0.000331	0.000000	0.000000	0.000000
408	0.000000	0.000000	0.000000	0.010811	0.988866	0.000323	0.000000	0.000000	0.000000
409	0.000000	0.000000	0.000000	0.010773	0.988897	0.000330	0.000000	0.000000	0.000000
410	0.000000	0.000000	0.000000	0.010677	0.988994	0.000329	0.000000	0.000000	0.000000
411	0.000000	0.000000	0.000000	0.010652	0.989038	0.000310	0.000000	0.000000	0.000000
412	0.000000	0.000000	0.000000	0.010715	0.988983	0.000302	0.000000	0.000000	0.000000
413	0.000000	0.000000	0.000000	0.010844	0.988848	0.000308	0.000000	0.000000	0.000000
414	0.000000	0.000000	0.000000	0.010845	0.988849	0.000306	0.000000	0.000000	0.000000
415	0.000000	0.000000	0.000000	0.010863	0.988846	0.000291	0.000000	0.000000	0.000000
416	0.000000	0.000000	0.000000	0.010848	0.988866	0.000286	0.000000	0.000000	0.000000
417	0.000000	0.000000	0.000000	0.010835	0.988848	0.000317	0.000000	0.000000	0.000000
418	0.000000	0.000000	0.000000	0.010809	0.988906	0.000285	0.000000	0.000000	0.000000
419	0.000000	0.000000	0.000000	0.010825	0.988893	0.000282	0.000000	0.000000	0.000000
420	0.000000	0.000000	0.000000	0.010975	0.988735	0.000290	0.000000	0.000000	0.000000
421	0.000000	0.000000	0.000000	0.011034	0.988687	0.000279	0.000000	0.000000	0.000000
422	0.000000	0.000000	0.000000	0.011055	0.988646	0.000299	0.000000	0.000000	0.000000
423	0.000000	0.000000	0.000000	0.010897	0.988819	0.000284	0.000000	0.000000	0.000000
424	0.000000	0.000000	0.000000	0.010960	0.988745	0.000295	0.000000	0.000000	0.000000
425	0.000000	0.000000	0.000000	0.010975	0.988733	0.000292	0.000000	0.000000	0.000000
426	0.000000	0.000000	0.000000	0.011110	0.988596	0.000294	0.000000	0.000000	0.000000
427	0.000000	0.000000	0.000000	0.011086	0.988645	0.000269	0.000000	0.000000	0.000000
428	0.000000	0.000000	0.000000	0.011016	0.988681	0.000303	0.000000	0.000000	0.000000
429	0.000000	0.000000	0.000000	0.011013	0.988678	0.000309	0.000000	0.000000	0.000000
430	0.000000	0.000000	0.000000	0.010982	0.988705	0.000313	0.000000	0.000000	0.000000
431	0.000000	0.000000	0.000000	0.010825	0.988872	0.000303	0.000000	0.000000	0.000000
432	0.000000	0.000000	0.000000	0.010810	0.988904	0.000286	0.000000	0.000000	0.000000
433	0.000000	0.000000	0.000000	0.010814	0.988889	0.000297	0.000000	0.000000	0.000000
434	0.000000	0.000000	0.000000	0.010754	0.988957	0.000289	0.000000	0.000000	0.000000
435	0.000000	0.000000	0.000000	0.010894	0.988806	0.000300	0.000000	0.000000	0.000000
436	0.000000	0.000000	0.000000	0.010926	0.988770	0.000304	0.000000	0.000000	0.000000
437	0.000000	0.000000	0.000000	0.010992	0.988695	0.000313	0.000000	0.000000	0.000000
438	0.000000	0.000000	0.000000	0.010893	0.988799	0.000308	0.000000	0.000000	0.000000
439	0.000000	0.000000	0.000000	0.010981	0.988740	0.000279	0.000000	0.000000	0.000000
440	0.000000	0.000000	0.000000	0.010884	0.988844	0.000272	0.000000	0.000000	0.000000
441	0.000000	0.000000	0.000000	0.010855	0.988879	0.000266	0.000000	0.000000	0.000000
442	0.000000	0.000000	0.000000	0.010927	0.988816	0.000257	0.000000	0.000000	0.000000
443	0.000000	0.000000	0.000000	0.010993	0.988766	0.000241	0.000000	0.000000	0.000000
444	0.000000	0.000000	0.000000	0.010928	0.988832	0.000240	0.000000	0.000000	0.000000
445	0.000000	0.000000	0.000000	0.010898	0.988861	0.000241	0.000000	0.000000	0.000000
446	0.000000	0.000000	0.000000	0.010977	0.988793	0.000230	0.000000	0.000000	0.000000
447	0.000000	0.000000	0.000000	0.010994	0.988781	0.000225	0.000000	0.000000	0.000000
448	0.000000	0.000000	0.000000	0.010794	0.988978	0.000228	0.000000	0.000000	0.000000
449	0.000000	0.000000	0.000000	0.010949	0.988828	0.000223	0.000000	0.000000	0.000000
450	0.000000	0.000000	0.000000	0.011054	0.988715	0.000231	0.000000	0.000000	0.000000
451	0.000000	0.000000	0.000000	0.011033	0.988737	0.000230	0.000000	0.000000	0.000000
452	0.000000	0.000000	0.000000	0.011002	0.988754	0.000244	0.000000	0.000000	0.000000
453	0.000000	0.000000	0.000000	0.010950	0.988827	0.000223	0.000000	0.000000	0.000000
454	0.000000	0.000000	0.000000	0.010939	0.988841	0.000220	0.000000	0.000000	0.000000
455	0.000000	0.000000	0.000000	0.010998	0.988784	0.000218	0.000000	0.000000	0.000000
456	0.000000	0.000000	0.000000	0.010914	0.988863	0.000223	0.000000	0.000000	0.000000
457	0.000000	0.000000	0.000000	0.010789	0.989004	0.000207	0.000000	0.000000	0.000000
458	0.000000	0.000000	0.000000	0.010837	0.988946	0.000217	0.000000	0.000000	0.000000
459	0.000000	0.000000	0.000000	0.010752	0.989037	0.000211	0.000000	0.000000	0.000000
460	0.000000	0.000000	0.000000	0.010731	0.989053	0.000216	0.000000	0.000000	0.000000
461	0.000000	0.000000	0.000000	0.010739	0.989040	0.000221	0.000000	0.000000	0.000000
462	0.000000	0.000000	0.000000	0.010829	0.988952	0.000219	0.000000	0.000000	0.000000
463	0.000000	0.000000	0.000000	0.010814	0.988948	0.000238	0.000000	0.000000	0.000000
464	0.000000	0.000000	0.000000	0.010796	0.988956	0.000248	0.000000	0.000000	0.000000
465	0.000000	0.000000	0.000000	0.010801	0.988938	0.000261	0.000000	0.000000	0.000000
466	0.000000	0.000000	0.000000	0.010785	0.988937	0.000278	0.000000	0.000000	0.000000
467	0.000000	0.000000	0.000000	0.010859	0.988884	0.000257	0.000000	0.000000	0.000000
468	0.000000	0.000000	0.000000	0.010922	0.988833	0.000245	0.000000	0.000000	0.000000
469	0.000000	0.000000	0.000000	0.010924	0.988827	0.000249	0.000000	0.000000	0.000000
470	0.000000	0.000000	0.000000	0.010910	0.988844	0.000246	0.000000	0.000000	0.000000
