0	0.290663	0.057897	0.229473	0.157588	0.029913	0.111872	0.085455	0.012259	0.024880
1	0.245205	0.050503	0.210477	0.140965	0.029232	0.119931	0.103066	0.020107	0.080514
2	0.256237	0.052132	0.218784	0.136483	0.029724	0.116752	0.092086	0.017913	0.079889
3	0.272599	0.054021	0.228530	0.132316	0.030364	0.112279	0.079753	0.015341	0.074797
4	0.289216	0.055569	0.237179	0.128109	0.031028	0.106707	0.068853	0.012972	0.070367
5	0.305275	0.057131	0.245097	0.123115	0.031496	0.101252	0.059316	0.011161	0.066157
6	0.321658	0.058262	0.251794	0.118018	0.031817	0.095578	0.051271	0.009449	0.062153
7	0.336903	0.059432	0.258074	0.112464	0.032255	0.090644	0.044122	0.008013	0.058093
8	0.350947	0.060113	0.263682	0.107257	0.032730	0.085468	0.038172	0.006793	0.054838
9	0.363909	0.060802	0.269524	0.101824	0.033169	0.080407	0.033059	0.005759	0.051547
10	0.376946	0.061307	0.274127	0.096713	0.033867	0.075286	0.028370	0.004864	0.048520
11	0.389132	0.061644	0.278451	0.091653	0.034309	0.070753	0.024370	0.004163	0.045525
12	0.399885	0.061478	0.282495	0.086645	0.035103	0.066089	0.021446	0.003624	0.043235
13	0.410875	0.061509	0.285670	0.081437	0.036068	0.062417	0.018615	0.003044	0.040365
14	0.420480	0.061331	0.289359	0.076868	0.036671	0.058466	0.016038	0.002527	0.038260
15	0.430226	0.061044	0.291913	0.072715	0.037275	0.054940	0.013973	0.002277	0.035637
16	0.439063	0.060958	0.294585	0.068405	0.037743	0.051298	0.012336	0.001941	0.033671
17	0.447048	0.060896	0.297048	0.064429	0.038236	0.048078	0.010655	0.001700	0.031910
18	0.454686	0.060284	0.299223	0.060932	0.039035	0.045090	0.009177	0.001445	0.030128
19	0.461598	0.060075	0.301605	0.057105	0.039578	0.042207	0.008043	0.001263	0.028526
20	0.468384	0.059317	0.303400	0.053900	0.040299	0.039748	0.006875	0.001086	0.026991
21	0.474363	0.058768	0.304749	0.051119	0.041210	0.037344	0.006051	0.000930	0.025466
22	0.480128	0.058395	0.306122	0.048238	0.041946	0.034897	0.005375	0.000810	0.024089
23	0.485699	0.057819	0.307077	0.045495	0.042761	0.032770	0.004628	0.000727	0.023024
24	0.490407	0.057128	0.309231	0.042745	0.043232	0.030633	0.004200	0.000596	0.021828
25	0.495098	0.056667	0.310025	0.040260	0.044116	0.028934	0.003716	0.000494	0.020690
26	0.499269	0.056015	0.311131	0.037981	0.045137	0.027256	0.003295	0.000419	0.019497
27	0.503053	0.055465	0.312286	0.035587	0.046014	0.025667	0.002883	0.000379	0.018666
28	0.507075	0.054871	0.313276	0.033652	0.046812	0.023881	0.002597	0.000334	0.017502
29	0.510592	0.053849	0.314158	0.031865	0.047687	0.022513	0.002259	0.000310	0.016767
30	0.514030	0.053240	0.314076	0.030053	0.048997	0.021250	0.002082	0.000259	0.016013
31	0.517474	0.052718	0.314497	0.028211	0.049990	0.019922	0.001807	0.000243	0.015138
32	0.519957	0.051981	0.315406	0.026683	0.050934	0.018858	0.001622	0.000201	0.014358
33	0.522274	0.051484	0.315869	0.025243	0.052190	0.017549	0.001398	0.000185	0.013808
34	0.524328	0.050908	0.316340	0.023750	0.053395	0.016703	0.001229	0.000179	0.013168
35	0.526395	0.050291	0.316510	0.022599	0.054715	0.015711	0.001103	0.000143	0.012533
36	0.528074	0.049729	0.316745	0.021464	0.055833	0.014902	0.001043	0.000159	0.012051
37	0.529254	0.048832	0.317927	0.020405	0.056852	0.014007	0.000914	0.000116	0.011693
38	0.529741	0.048238	0.319064	0.019437	0.058197	0.013211	0.000858	0.000093	0.011161
39	0.530295	0.047728	0.319841	0.018390	0.059492	0.012579	0.000756	0.000090	0.010829
40	0.531889	0.047150	0.319442	0.017469	0.060866	0.011955	0.000669	0.000081	0.010479
41	0.532260	0.046830	0.319996	0.016417	0.062257	0.011567	0.000650	0.000070	0.009953
42	0.533532	0.046020	0.320134	0.015596	0.063802	0.010788	0.000581	0.000062	0.009485
43	0.534503	0.045523	0.320098	0.014928	0.065179	0.009997	0.000529	0.000055	0.009188
44	0.535191	0.044840	0.320176	0.014412	0.066742	0.009350	0.000458	0.000049	0.008782
45	0.536240	0.044289	0.319542	0.013621	0.068208	0.008946	0.000402	0.000047	0.008705
46	0.536601	0.043900	0.319321	0.012946	0.070069	0.008460	0.000333	0.000042	0.008328
47	0.537381	0.043181	0.318995	0.012403	0.071463	0.008050	0.000312	0.000046	0.008169
48	0.537269	0.042771	0.318867	0.011890	0.073120	0.007841	0.000281	0.000041	0.007920
49	0.537209	0.042324	0.319074	0.011451	0.074700	0.007364	0.000224	0.000044	0.007610
50	0.537636	0.041929	0.318839	0.011001	0.076082	0.007030	0.000227	0.000038	0.007218
51	0.538210	0.041343	0.318067	0.010354	0.078037	0.006677	0.000222	0.000032	0.007058
52	0.538607	0.040648	0.317751	0.009873	0.079665	0.006386	0.000191	0.000035	0.006844
53	0.538439	0.040197	0.317372	0.009507	0.081624	0.006047	0.000170	0.000032	0.006612
54	0.538079	0.039526	0.317417	0.008954	0.083676	0.005861	0.000166	0.000027	0.006294
55	0.538081	0.039191	0.316907	0.008573	0.085448	0.005480	0.000144	0.000021	0.006155
56	0.538326	0.038577	0.315907	0.008304	0.087731	0.005152	0.000134	0.000023	0.005846
57	0.537510	0.038056	0.316188	0.007858	0.089645	0.004969	0.000110	0.000019	0.005645
58	0.536782	0.037511	0.316102	0.007564	0.091584	0.004778	0.000104	0.000023	0.005552
59	0.536296	0.036914	0.315467	0.007300	0.093831	0.004611	0.000078	0.000014	0.005489
60	0.535813	0.036584	0.315102	0.007011	0.095738	0.004410	0.000075	0.000014	0.005253
61	0.534859	0.036011	0.315107	0.006714	0.097845	0.004326	0.000075	0.000012	0.005051
62	0.534762	0.035583	0.314128	0.006445	0.099938	0.004134	0.000064	0.000011	0.004935
63	0.533875	0.035201	0.314042	0.006200	0.102019	0.003969	0.000053	0.000012	0.004629
64	0.532943	0.034599	0.313631	0.005926	0.104379	0.003878	0.000056	0.000014	0.004574
65	0.532543	0.034122	0.312640	0.005714	0.106674	0.003722	0.000047	0.000012	0.004526
66	0.532004	0.033807	0.311876	0.005593	0.108585	0.003632	0.000048	0.000015	0.004440
67	0.530571	0.033758	0.311646	0.005416	0.110882	0.003365	0.000041	0.000008	0.004313
68	0.529633	0.033077	0.311173	0.005215	0.113315	0.003299	0.000037	0.000012	0.004239
69	0.529106	0.032756	0.309812	0.004982	0.116072	0.003174	0.000037	0.000013	0.004048
70	0.528139	0.032364	0.308758	0.004758	0.118879	0.003082	0.000038	0.000007	0.003975
71	0.527865	0.032097	0.307510	0.004526	0.121313	0.002847	0.000033	0.000007	0.003802
72	0.526105	0.031545	0.307596	0.004384	0.123820	0.002729	0.000031	0.000004	0.003786
73	0.525392	0.030946	0.306235	0.004297	0.126672	0.002661	0.000023	0.000005	0.003769
74	0.523900	0.030441	0.306103	0.004151	0.129158	0.002568	0.000017	0.000002	0.003660
75	0.522045	0.030088	0.305625	0.004049	0.132080	0.002467	0.000029	0.000003	0.003614
76	0.520755	0.029708	0.304685	0.003891	0.135005	0.002428	0.000025	0.000002	0.003501
77	0.519235	0.029408	0.303945	0.003764	0.137972	0.002313	0.000016	0.000001	0.003346
78	0.517962	0.028691	0.303515	0.003680	0.140599	0.002243	0.000018	0.000002	0.003290
79	0.516399	0.028238	0.302660	0.003499	0.143830	0.002174	0.000020	0.000003	0.003177
80	0.515026	0.027804	0.301481	0.003474	0.147049	0.002067	0.000013	0.000003	0.003083
81	0.513437	0.027227	0.300669	0.003371	0.150344	0.001939	0.000010	0.000002	0.003001
82	0.511553	0.026964	0.299862	0.003247	0.153586	0.001903	0.000009	0.000003	0.002873
83	0.509277	0.026586	0.299413	0.003171	0.156784	0.001854	0.000011	0.000003	0.002901
84	0.507953	0.026253	0.298292	0.003097	0.159858	0.001773	0.000013	0.000001	0.002760
85	0.506295	0.025854	0.297251	0.003074	0.163028	0.001761	0.000012	0.000000	0.002725
86	0.504854	0.025736	0.295801	0.002925	0.166270	0.001741	0.000009	0.000000	0.002664
87	0.503686	0.025449	0.294175	0.002820	0.169618	0.001664	0.000008	0.000000	0.002580
88	0.502061	0.024874	0.293103	0.002775	0.173066	0.001627	0.000010	0.000000	0.002484
89	0.499985	0.024589	0.292100	0.002687	0.176551	0.001631	0.000014	0.000000	0.002443
90	0.498272	0.024299	0.290644	0.002704	0.180099	0.001597	0.000006	0.000000	0.002379
91	0.496293	0.024276	0.289493	0.002684	0.183376	0.001513	0.000005	0.000000	0.002360
92	0.494671	0.024006	0.288511	0.002596	0.186380	0.001484	0.000005	0.000000	0.002347
93	0.493185	0.023424	0.287166	0.002595	0.189892	0.001468	0.000008	0.000000	0.002262
94	0.491026	0.023053	0.286043	0.002457	0.193761	0.001413	0.000004	0.000000	0.002243
95	0.488557	0.022602	0.285386	0.002384	0.197488	0.001370	0.000006	0.000000	0.002207
96	0.486846	0.022457	0.283602	0.002330	0.201258	0.001366	0.000001	0.000000	0.002140
97	0.485067	0.022005	0.282172	0.002350	0.205053	0.001312	0.000003	0.000000	0.002038
98	0.483045	0.021866	0.280899	0.002303	0.208581	0.001241	0.000004	0.000000	0.002061
99	0.481220	0.021431	0.279541	0.002241	0.212346	0.001221	0.000002	0.000000	0.001998
100	0.479024	0.021148	0.278609	0.002189	0.216003	0.001133	0.000003	0.000000	0.001891
101	0.476691	0.020845	0.277174	0.002108	0.220159	0.001109	0.000004	0.000000	0.001910
102	0.474668	0.020779	0.275594	0.002048	0.223951	0.001119	0.000002	0.000000	0.001839
103	0.471870	0.020394	0.274530	0.002026	0.228293	0.001068	0.000001	0.000000	0.001818
104	0.469760	0.020044	0.273367	0.001929	0.232115	0.001013	0.000000	0.000000	0.001772
105	0.467988	0.019835	0.271410	0.001912	0.236134	0.000968	0.000000	0.000000	0.001753
106	0.465220	0.019384	0.270587	0.001839	0.240295	0.000962	0.000000	0.000000	0.001713
107	0.462742	0.018966	0.269749	0.001782	0.244213	0.000939	0.000000	0.000000	0.001609
108	0.460642	0.018721	0.267584	0.001701	0.248845	0.000935	0.000000	0.000000	0.001572
109	0.458057	0.018425	0.266725	0.001650	0.252740	0.000881	0.000000	0.000000	0.001522
110	0.455285	0.018075	0.265225	0.001600	0.257455	0.000876	0.000000	0.000000	0.001484
111	0.452521	0.017743	0.264248	0.001597	0.261502	0.000930	0.000000	0.000000	0.001459
112	0.449807	0.017529	0.262727	0.001581	0.266097	0.000843	0.000000	0.000000	0.001416
113	0.447660	0.017038	0.261226	0.001577	0.270257	0.000845	0.000000	0.000000	0.001397
114	0.445253	0.016849	0.259523	0.001549	0.274672	0.000835	0.000000	0.000000	0.001319
115	0.442569	0.016671	0.257786	0.001535	0.279297	0.000853	0.000000	0.000000	0.001289
116	0.439661	0.016237	0.256986	0.001512	0.283524	0.000815	0.000000	0.000000	0.001265
117	0.437075	0.016161	0.255210	0.001514	0.288046	0.000800	0.000000	0.000000	0.001194
118	0.434222	0.015823	0.254022	0.001502	0.292500	0.000763	0.000000	0.000000	0.001168
119	0.431531	0.015572	0.252440	0.001461	0.297108	0.000736	0.000000	0.000000	0.001152
120	0.428709	0.015207	0.250945	0.001467	0.301868	0.000667	0.000000	0.000000	0.001137
121	0.425865	0.014815	0.249696	0.001458	0.306362	0.000712	0.000000	0.000000	0.001092
122	0.423275	0.014681	0.247290	0.001418	0.311608	0.000733	0.000000	0.000000	0.000995
123	0.419917	0.014543	0.246288	0.001425	0.316102	0.000740	0.000000	0.000000	0.000985
124	0.417346	0.014172	0.244497	0.001385	0.320889	0.000725	0.000000	0.000000	0.000986
125	0.414390	0.013921	0.243013	0.001363	0.325586	0.000766	0.000000	0.000000	0.000961
126	0.412002	0.013640	0.241122	0.001342	0.330176	0.000748	0.000000	0.000000	0.000970
127	0.408802	0.013368	0.240230	0.001368	0.334611	0.000713	0.000000	0.000000	0.000908
128	0.405926	0.012991	0.238386	0.001316	0.339841	0.000650	0.000000	0.000000	0.000890
129	0.403169	0.012711	0.236436	0.001261	0.344939	0.000649	0.000000	0.000000	0.000835
130	0.400848	0.012412	0.234150	0.001258	0.349947	0.000642	0.000000	0.000000	0.000743
131	0.398709	0.012092	0.232281	0.001240	0.354304	0.000624	0.000000	0.000000	0.000750
132	0.396097	0.011938	0.230265	0.001226	0.359111	0.000632	0.000000	0.000000	0.000731
133	0.392989	0.011806	0.228884	0.001183	0.363829	0.000603	0.000000	0.000000	0.000706
134	0.390052	0.011493	0.227155	0.001192	0.368827	0.000590	0.000000	0.000000	0.000691
135	0.386661	0.011321	0.225378	0.001167	0.374238	0.000570	0.000000	0.000000	0.000665
136	0.383727	0.011136	0.224169	0.001194	0.378564	0.000549	0.000000	0.000000	0.000661
137	0.380589	0.010931	0.222515	0.001190	0.383592	0.000538	0.000000	0.000000	0.000645
138	0.377430	0.010745	0.220956	0.001161	0.388550	0.000532	0.000000	0.000000	0.000626
139	0.374553	0.010531	0.219306	0.001151	0.393301	0.000541	0.000000	0.000000	0.000617
140	0.371813	0.010354	0.217341	0.001105	0.398242	0.000543	0.000000	0.000000	0.000602
141	0.368809	0.010106	0.215389	0.001092	0.403447	0.000546	0.000000	0.000000	0.000611
142	0.364684	0.009888	0.214619	0.001108	0.408540	0.000557	0.000000	0.000000	0.000604
143	0.361848	0.009811	0.212790	0.001087	0.413265	0.000596	0.000000	0.000000	0.000603
144	0.359073	0.009587	0.211080	0.001104	0.417973	0.000600	0.000000	0.000000	0.000583
145	0.355524	0.009394	0.209721	0.001080	0.423126	0.000584	0.000000	0.000000	0.000571
146	0.352549	0.009232	0.208393	0.001060	0.427630	0.000577	0.000000	0.000000	0.000559
147	0.349547	0.008866	0.206437	0.001099	0.432885	0.000600	0.000000	0.000000	0.000566
148	0.346484	0.008660	0.205343	0.001045	0.437313	0.000591	0.000000	0.000000	0.000564
149	0.343538	0.008465	0.203587	0.001030	0.442280	0.000558	0.000000	0.000000	0.000542
150	0.340663	0.008383	0.202009	0.000981	0.446902	0.000542	0.000000	0.000000	0.000520
151	0.337315	0.008153	0.200314	0.000915	0.452243	0.000546	0.000000	0.000000	0.000514
152	0.334080	0.007901	0.198735	0.000939	0.457320	0.000542	0.000000	0.000000	0.000483
153	0.331491	0.007794	0.196552	0.000873	0.462344	0.000503	0.000000	0.000000	0.000443
154	0.328151	0.007691	0.194730	0.000863	0.467588	0.000501	0.000000	0.000000	0.000476
155	0.324290	0.007574	0.193594	0.000910	0.472722	0.000475	0.000000	0.000000	0.000435
156	0.321692	0.007309	0.191328	0.000929	0.477835	0.000468	0.000000	0.000000	0.000439
157	0.318703	0.007250	0.189348	0.000926	0.482849	0.000476	0.000000	0.000000	0.000448
158	0.315300	0.007131	0.187686	0.000954	0.488010	0.000474	0.000000	0.000000	0.000445
159	0.311617	0.006895	0.186109	0.000940	0.493535	0.000484	0.000000	0.000000	0.000420
160	0.308720	0.006712	0.184134	0.000901	0.498623	0.000467	0.000000	0.000000	0.000443
161	0.305620	0.006630	0.182465	0.000888	0.503495	0.000486	0.000000	0.000000	0.000416
162	0.302284	0.006582	0.181059	0.000847	0.508347	0.000477	0.000000	0.000000	0.000404
163	0.298850	0.006541	0.179620	0.000856	0.513259	0.000458	0.000000	0.000000	0.000416
164	0.295591	0.006280	0.177995	0.000818	0.518420	0.000489	0.000000	0.000000	0.000407
165	0.292693	0.006102	0.176681	0.000820	0.522849	0.000477	0.000000	0.000000	0.000378
166	0.290614	0.006013	0.174239	0.000865	0.527412	0.000474	0.000000	0.000000	0.000383
167	0.287566	0.005787	0.172555	0.000858	0.532407	0.000465	0.000000	0.000000	0.000362
168	0.283913	0.005611	0.170994	0.000794	0.537881	0.000447	0.000000	0.000000	0.000360
169	0.280539	0.005541	0.168920	0.000770	0.543390	0.000466	0.000000	0.000000	0.000374
170	0.277041	0.005494	0.167371	0.000758	0.548496	0.000469	0.000000	0.000000	0.000371
171	0.274566	0.005345	0.165066	0.000766	0.553427	0.000496	0.000000	0.000000	0.000334
172	0.271058	0.005290	0.163332	0.000728	0.558770	0.000474	0.000000	0.000000	0.000348
173	0.267521	0.005232	0.162088	0.000724	0.563623	0.000484	0.000000	0.000000	0.000328
174	0.264521	0.005121	0.160415	0.000730	0.568395	0.000521	0.000000	0.000000	0.000297
175	0.261457	0.004930	0.158820	0.000753	0.573227	0.000504	0.000000	0.000000	0.000309
176	0.258647	0.004901	0.156931	0.000779	0.577918	0.000519	0.000000	0.000000	0.000305
177	0.255946	0.004805	0.154839	0.000805	0.582765	0.000530	0.000000	0.000000	0.000310
178	0.252525	0.004698	0.153252	0.000813	0.587846	0.000540	0.000000	0.000000	0.000326
179	0.249517	0.004721	0.151516	0.000803	0.592591	0.000547	0.000000	0.000000	0.000305
180	0.246713	0.004598	0.150211	0.000830	0.596797	0.000554	0.000000	0.000000	0.000297
181	0.243701	0.004506	0.148963	0.000803	0.601191	0.000537	0.000000	0.000000	0.000299
182	0.240582	0.004459	0.147107	0.000812	0.606226	0.000521	0.000000	0.000000	0.000293
183	0.237647	0.004284	0.145419	0.000818	0.611038	0.000536	0.000000	0.000000	0.000258
184	0.234690	0.004182	0.143954	0.000808	0.615581	0.000524	0.000000	0.000000	0.000261
185	0.231880	0.004106	0.142170	0.000765	0.620287	0.000512	0.000000	0.000000	0.000280
186	0.229058	0.004081	0.140317	0.000764	0.624960	0.000531	0.000000	0.000000	0.000289
187	0.226445	0.003931	0.138491	0.000772	0.629605	0.000486	0.000000	0.000000	0.000270
188	0.223199	0.003820	0.137204	0.000726	0.634280	0.000495	0.000000	0.000000	0.000276
189	0.220580	0.003822	0.135507	0.000767	0.638562	0.000488	0.000000	0.000000	0.000274
190	0.218054	0.003739	0.133628	0.000724	0.643080	0.000508	0.000000	0.000000	0.000267
191	0.215027	0.003631	0.132161	0.000714	0.647685	0.000509	0.000000	0.000000	0.000273
192	0.212078	0.003551	0.130738	0.000741	0.652092	0.000503	0.000000	0.000000	0.000297
193	0.209766	0.003365	0.128790	0.000704	0.656616	0.000504	0.000000	0.000000	0.000255
194	0.207539	0.003280	0.127271	0.000743	0.660374	0.000530	0.000000	0.000000	0.000263
195	0.204505	0.003198	0.125695	0.000703	0.665098	0.000533	0.000000	0.000000	0.000268
196	0.201907	0.003125	0.124334	0.000729	0.669139	0.000521	0.000000	0.000000	0.000245
197	0.199264	0.003022	0.122717	0.000760	0.673480	0.000515	0.000000	0.000000	0.000242
198	0.196736	0.002920	0.121162	0.000788	0.677606	0.000542	0.000000	0.000000	0.000246
199	0.194268	0.002869	0.119297	0.000796	0.681963	0.000558	0.000000	0.000000	0.000249
200	0.191437	0.002816	0.117918	0.000820	0.686220	0.000563	0.000000	0.000000	0.000226
201	0.189109	0.002695	0.116307	0.000818	0.690293	0.000557	0.000000	0.000000	0.000221
202	0.186183	0.002516	0.114904	0.000834	0.694774	0.000562	0.000000	0.000000	0.000227
203	0.183461	0.002478	0.113220	0.000817	0.699232	0.000570	0.000000	0.000000	0.000222
204	0.181235	0.002383	0.111144	0.000806	0.703629	0.000586	0.000000	0.000000	0.000217
205	0.178923	0.002294	0.109346	0.000809	0.707823	0.000574	0.000000	0.000000	0.000231
206	0.176339	0.002275	0.107917	0.000825	0.711903	0.000524	0.000000	0.000000	0.000217
207	0.173678	0.002212	0.106559	0.000821	0.715963	0.000540	0.000000	0.000000	0.000227
208	0.171379	0.002096	0.105284	0.000800	0.719679	0.000543	0.000000	0.000000	0.000219
209	0.168886	0.002129	0.103760	0.000796	0.723671	0.000516	0.000000	0.000000	0.000242
210	0.166668	0.002061	0.102067	0.000773	0.727683	0.000520	0.000000	0.000000	0.000228
211	0.164305	0.001994	0.100547	0.000772	0.731642	0.000516	0.000000	0.000000	0.000224
212	0.162096	0.001943	0.099096	0.000769	0.735384	0.000501	0.000000	0.000000	0.000211
213	0.159344	0.001863	0.097917	0.000778	0.739423	0.000480	0.000000	0.000000	0.000195
214	0.157130	0.001801	0.096378	0.000797	0.743187	0.000527	0.000000	0.000000	0.000180
215	0.154932	0.001781	0.094871	0.000807	0.746973	0.000473	0.000000	0.000000	0.000163
216	0.152738	0.001751	0.093179	0.000844	0.750835	0.000499	0.000000	0.000000	0.000154
217	0.150825	0.001676	0.091875	0.000790	0.754205	0.000498	0.000000	0.000000	0.000131
218	0.148615	0.001572	0.089963	0.000786	0.758408	0.000508	0.000000	0.000000	0.000148
219	0.146657	0.001476	0.088763	0.000804	0.761656	0.000511	0.000000	0.000000	0.000133
220	0.144163	0.001473	0.087774	0.000799	0.765139	0.000513	0.000000	0.000000	0.000139
221	0.141862	0.001459	0.086351	0.000827	0.768871	0.000484	0.000000	0.000000	0.000146
222	0.139342	0.001448	0.085169	0.000782	0.772611	0.000485	0.000000	0.000000	0.000163
223	0.137025	0.001383	0.083737	0.000773	0.776413	0.000503	0.000000	0.000000	0.000166
224	0.134775	0.001329	0.082510	0.000767	0.779963	0.000502	0.000000	0.000000	0.000154
225	0.132733	0.001264	0.081105	0.000748	0.783507	0.000505	0.000000	0.000000	0.000138
226	0.130793	0.001194	0.079666	0.000782	0.786956	0.000487	0.000000	0.000000	0.000122
227	0.129050	0.001110	0.078169	0.000796	0.790266	0.000498	0.000000	0.000000	0.000111
228	0.127286	0.001094	0.076591	0.000823	0.793584	0.000508	0.000000	0.000000	0.000114
229	0.125039	0.001055	0.075330	0.000841	0.797082	0.000538	0.000000	0.000000	0.000115
230	0.123006	0.001022	0.074023	0.000846	0.800447	0.000543	0.000000	0.000000	0.000113
231	0.120796	0.001029	0.073064	0.000833	0.803624	0.000546	0.000000	0.000000	0.000108
232	0.118583	0.001027	0.071753	0.000818	0.807193	0.000509	0.000000	0.000000	0.000117
233	0.116318	0.000978	0.070737	0.000814	0.810507	0.000510	0.000000	0.000000	0.000136
234	0.114091	0.000937	0.069855	0.000827	0.813656	0.000514	0.000000	0.000000	0.000120
235	0.112171	0.000941	0.068552	0.000831	0.816863	0.000528	0.000000	0.000000	0.000114
236	0.110287	0.000886	0.067411	0.000821	0.819966	0.000529	0.000000	0.000000	0.000100
237	0.107957	0.000881	0.066285	0.000837	0.823409	0.000538	0.000000	0.000000	0.000093
238	0.105824	0.000859	0.065129	0.000832	0.826703	0.000553	0.000000	0.000000	0.000100
239	0.104079	0.000842	0.064020	0.000836	0.829573	0.000550	0.000000	0.000000	0.000100
240	0.102389	0.000804	0.063095	0.000843	0.832207	0.000570	0.000000	0.000000	0.000092
241	0.100672	0.000803	0.061949	0.000850	0.835070	0.000556	0.000000	0.000000	0.000100
242	0.098984	0.000761	0.060814	0.000844	0.837942	0.000564	0.000000	0.000000	0.000091
243	0.096872	0.000774	0.059913	0.000829	0.840971	0.000540	0.000000	0.000000	0.000101
244	0.095203	0.000714	0.058781	0.000829	0.843831	0.000545	0.000000	0.000000	0.000097
245	0.093375	0.000717	0.057858	0.000795	0.846647	0.000522	0.000000	0.000000	0.000086
246	0.091324	0.000670	0.056712	0.000788	0.849889	0.000529	0.000000	0.000000	0.000088
247	0.089865	0.000678	0.055456	0.000765	0.852598	0.000549	0.000000	0.000000	0.000089
248	0.088210	0.000666	0.054549	0.000765	0.855195	0.000530	0.000000	0.000000	0.000085
249	0.086269	0.000640	0.053529	0.000779	0.858203	0.000505	0.000000	0.000000	0.000075
250	0.084645	0.000637	0.052480	0.000787	0.860884	0.000505	0.000000	0.000000	0.000062
251	0.083038	0.000598	0.051476	0.000746	0.863543	0.000536	0.000000	0.000000	0.000063
252	0.081586	0.000590	0.050725	0.000755	0.865772	0.000511	0.000000	0.000000	0.000061
253	0.079914	0.000579	0.049547	0.000742	0.868682	0.000465	0.000000	0.000000	0.000071
254	0.078037	0.000553	0.048767	0.000738	0.871369	0.000467	0.000000	0.000000	0.000069
255	0.076437	0.000571	0.048006	0.000712	0.873729	0.000482	0.000000	0.000000	0.000063
256	0.075185	0.000541	0.047022	0.000689	0.876031	0.000474	0.000000	0.000000	0.000058
257	0.073456	0.000514	0.046161	0.000691	0.878662	0.000463	0.000000	0.000000	0.000053
258	0.071903	0.000456	0.045254	0.000723	0.881192	0.000424	0.000000	0.000000	0.000048
259	0.070303	0.000450	0.044540	0.000728	0.883480	0.000454	0.000000	0.000000	0.000045
260	0.069039	0.000437	0.043555	0.000750	0.885725	0.000445	0.000000	0.000000	0.000049
261	0.067664	0.000427	0.042890	0.000738	0.887752	0.000475	0.000000	0.000000	0.000054
262	0.066450	0.000406	0.041944	0.000784	0.889938	0.000433	0.000000	0.000000	0.000045
263	0.065042	0.000401	0.041476	0.000791	0.891820	0.000437	0.000000	0.000000	0.000033
264	0.063462	0.000389	0.040861	0.000801	0.894009	0.000442	0.000000	0.000000	0.000036
265	0.062345	0.000371	0.040201	0.000801	0.895812	0.000437	0.000000	0.000000	0.000033
266	0.061379	0.000329	0.039304	0.000820	0.897704	0.000435	0.000000	0.000000	0.000029
267	0.060177	0.000314	0.038415	0.000805	0.899789	0.000464	0.000000	0.000000	0.000036
268	0.058889	0.000319	0.037648	0.000809	0.901818	0.000484	0.000000	0.000000	0.000033
269	0.057927	0.000288	0.036594	0.000781	0.903892	0.000493	0.000000	0.000000	0.000025
270	0.056845	0.000256	0.035771	0.000745	0.905891	0.000475	0.000000	0.000000	0.000017
271	0.055639	0.000276	0.035354	0.000738	0.907505	0.000464	0.000000	0.000000	0.000024
272	0.054627	0.000288	0.034758	0.000712	0.909130	0.000461	0.000000	0.000000	0.000024
273	0.053229	0.000290	0.034198	0.000700	0.911089	0.000460	0.000000	0.000000	0.000034
274	0.052163	0.000273	0.033339	0.000718	0.912983	0.000490	0.000000	0.000000	0.000034
275	0.050886	0.000255	0.032586	0.000744	0.915018	0.000480	0.000000	0.000000	0.000031
276	0.049709	0.000288	0.031993	0.000712	0.916795	0.000472	0.000000	0.000000	0.000031
277	0.048403	0.000282	0.031542	0.000735	0.918523	0.000491	0.000000	0.000000	0.000024
278	0.047346	0.000277	0.030979	0.000706	0.920174	0.000502	0.000000	0.000000	0.000016
279	0.046336	0.000250	0.030281	0.000711	0.921892	0.000505	0.000000	0.000000	0.000025
280	0.045416	0.000255	0.029563	0.000716	0.923553	0.000470	0.000000	0.000000	0.000027
281	0.044547	0.000242	0.028868	0.000717	0.925155	0.000448	0.000000	0.000000	0.000023
282	0.043553	0.000213	0.028347	0.000686	0.926740	0.000436	0.000000	0.000000	0.000025
283	0.042805	0.000203	0.027822	0.000660	0.928058	0.000424	0.000000	0.000000	0.000028
284	0.041730	0.000191	0.027209	0.000648	0.929770	0.000427	0.000000	0.000000	0.000025
285	0.040770	0.000182	0.026563	0.000709	0.931324	0.000431	0.000000	0.000000	0.000021
286	0.039646	0.000161	0.026141	0.000711	0.932849	0.000469	0.000000	0.000000	0.000023
287	0.038723	0.000150	0.025568	0.000708	0.934402	0.000434	0.000000	0.000000	0.000015
288	0.037744	0.000141	0.025024	0.000666	0.935962	0.000447	0.000000	0.000000	0.000016
289	0.036915	0.000137	0.024439	0.000661	0.937388	0.000447	0.000000	0.000000	0.000013
290	0.036074	0.000117	0.023678	0.000656	0.938979	0.000480	0.000000	0.000000	0.000016
291	0.035345	0.000118	0.023256	0.000657	0.940147	0.000458	0.000000	0.000000	0.000019
292	0.034507	0.000117	0.022670	0.000666	0.941573	0.000446	0.000000	0.000000	0.000021
293	0.033669	0.000119	0.022317	0.000665	0.942753	0.000451	0.000000	0.000000	0.000026
294	0.032746	0.000125	0.021752	0.000672	0.944225	0.000464	0.000000	0.000000	0.000016
295	0.031904	0.000112	0.021415	0.000639	0.945454	0.000457	0.000000	0.000000	0.000019
296	0.031245	0.000101	0.020902	0.000618	0.946642	0.000476	0.000000	0.000000	0.000016
297	0.030593	0.000102	0.020363	0.000617	0.947792	0.000514	0.000000	0.000000	0.000019
298	0.029730	0.000083	0.020037	0.000617	0.949029	0.000489	0.000000	0.000000	0.000015
299	0.028924	0.000086	0.019516	0.000584	0.950353	0.000520	0.000000	0.000000	0.000017
300	0.028233	0.000097	0.018982	0.000601	0.951549	0.000516	0.000000	0.000000	0.000022
301	0.027632	0.000097	0.018527	0.000571	0.952630	0.000524	0.000000	0.000000	0.000019
302	0.027006	0.000097	0.018131	0.000550	0.953687	0.000503	0.000000	0.000000	0.000026
303	0.026124	0.000096	0.017651	0.000574	0.955010	0.000527	0.000000	0.000000	0.000018
304	0.025424	0.000095	0.017247	0.000595	0.956061	0.000556	0.000000	0.000000	0.000022
305	0.024641	0.000080	0.016776	0.000573	0.957354	0.000552	0.000000	0.000000	0.000024
306	0.024044	0.000060	0.016365	0.000553	0.958405	0.000550	0.000000	0.000000	0.000023
307	0.023596	0.000053	0.016163	0.000563	0.959079	0.000529	0.000000	0.000000	0.000017
308	0.023224	0.000055	0.015658	0.000561	0.959928	0.000560	0.000000	0.000000	0.000014
309	0.022532	0.000060	0.015309	0.000540	0.960988	0.000556	0.000000	0.000000	0.000015
310	0.021809	0.000062	0.015075	0.000533	0.961958	0.000546	0.000000	0.000000	0.000017
311	0.021178	0.000057	0.014781	0.000556	0.962876	0.000541	0.000000	0.000000	0.000011
312	0.020708	0.000054	0.014337	0.000533	0.963832	0.000525	0.000000	0.000000	0.000011
313	0.020216	0.000055	0.014100	0.000557	0.964495	0.000565	0.000000	0.000000	0.000012
314	0.019862	0.000050	0.013756	0.000535	0.965215	0.000572	0.000000	0.000000	0.000010
315	0.019317	0.000053	0.013526	0.000531	0.965985	0.000580	0.000000	0.000000	0.000008
316	0.018835	0.000051	0.013125	0.000553	0.966867	0.000564	0.000000	0.000000	0.000005
317	0.018363	0.000048	0.012780	0.000560	0.967685	0.000560	0.000000	0.000000	0.000004
318	0.018047	0.000043	0.012354	0.000564	0.968405	0.000582	0.000000	0.000000	0.000005
319	0.017550	0.000048	0.011977	0.000560	0.969276	0.000583	0.000000	0.000000	0.000006
320	0.017112	0.000042	0.011751	0.000561	0.969922	0.000604	0.000000	0.000000	0.000008
321	0.016711	0.000049	0.011524	0.000592	0.970520	0.000601	0.000000	0.000000	0.000003
322	0.016287	0.000043	0.011237	0.000605	0.971246	0.000579	0.000000	0.000000	0.000003
323	0.016026	0.000040	0.010901	0.000638	0.971829	0.000564	0.000000	0.000000	0.000002
324	0.015669	0.000041	0.010640	0.000629	0.972445	0.000574	0.000000	0.000000	0.000002
325	0.015267	0.000039	0.010525	0.000632	0.972952	0.000584	0.000000	0.000000	0.000001
326	0.014886	0.000034	0.010253	0.000626	0.973613	0.000587	0.000000	0.000000	0.000001
327	0.014444	0.000022	0.010085	0.000640	0.974189	0.000620	0.000000	0.000000	0.000000
328	0.014042	0.000028	0.009876	0.000634	0.974832	0.000587	0.000000	0.000000	0.000001
329	0.013607	0.000026	0.009697	0.000627	0.975466	0.000577	0.000000	0.000000	0.000000
330	0.013320	0.000022	0.009536	0.000621	0.975912	0.000589	0.000000	0.000000	0.000000
331	0.012968	0.000031	0.009326	0.000611	0.976498	0.000566	0.000000	0.000000	0.000000
332	0.012520	0.000033	0.009136	0.000585	0.977137	0.000589	0.000000	0.000000	0.000000
333	0.012295	0.000028	0.008849	0.000603	0.977666	0.000559	0.000000	0.000000	0.000000
334	0.011919	0.000027	0.008737	0.000597	0.978142	0.000578	0.000000	0.000000	0.000000
335	0.011628	0.000029	0.008465	0.000590	0.978700	0.000588	0.000000	0.000000	0.000000
336	0.011421	0.000026	0.008235	0.000590	0.979137	0.000591	0.000000	0.000000	0.000000
337	0.011130	0.000023	0.008020	0.000574	0.979660	0.000593	0.000000	0.000000	0.000000
338	0.010883	0.000026	0.007765	0.000556	0.980220	0.000550	0.000000	0.000000	0.000000
339	0.010572	0.000025	0.007690	0.000517	0.980656	0.000540	0.000000	0.000000	0.000000
340	0.010306	0.000025	0.007438	0.000510	0.981184	0.000537	0.000000	0.000000	0.000000
341	0.010006	0.000031	0.007317	0.000533	0.981603	0.000510	0.000000	0.000000	0.000000
342	0.009759	0.000023	0.007143	0.000531	0.982054	0.000490	0.000000	0.000000	0.000000
343	0.009653	0.000022	0.006880	0.000506	0.982414	0.000525	0.000000	0.000000	0.000000
344	0.009432	0.000019	0.006683	0.000534	0.982796	0.000536	0.000000	0.000000	0.000000
345	0.009275	0.000020	0.006547	0.000522	0.983116	0.000520	0.000000	0.000000	0.000000
346	0.009027	0.000017	0.006366	0.000531	0.983508	0.000551	0.000000	0.000000	0.000000
347	0.008850	0.000014	0.006220	0.000523	0.983828	0.000565	0.000000	0.000000	0.000000
348	0.008630	0.000018	0.006182	0.000535	0.984050	0.000585	0.000000	0.000000	0.000000
349	0.008460	0.000018	0.005966	0.000544	0.984421	0.000591	0.000000	0.000000	0.000000
350	0.008262	0.000016	0.005899	0.000557	0.984683	0.000583	0.000000	0.000000	0.000000
351	0.008107	0.000021	0.005766	0.000543	0.984962	0.000601	0.000000	0.000000	0.000000
352	0.007828	0.000013	0.005616	0.000546	0.985402	0.000595	0.000000	0.000000	0.000000
353	0.007703	0.000012	0.005368	0.000555	0.985779	0.000583	0.000000	0.000000	0.000000
354	0.007544	0.000012	0.005296	0.000557	0.986024	0.000567	0.000000	0.000000	0.000000
355	0.007276	0.000013	0.005094	0.000529	0.986510	0.000578	0.000000	0.000000	0.000000
356	0.007093	0.000009	0.004982	0.000525	0.986838	0.000553	0.000000	0.000000	0.000000
357	0.007033	0.000011	0.004903	0.000542	0.986936	0.000575	0.000000	0.000000	0.000000
358	0.006904	0.000009	0.004703	0.000566	0.987240	0.000578	0.000000	0.000000	0.000000
359	0.006743	0.000009	0.004661	0.000583	0.987426	0.000578	0.000000	0.000000	0.000000
360	0.006549	0.000008	0.004581	0.000578	0.987709	0.000575	0.000000	0.000000	0.000000
361	0.006374	0.000006	0.004468	0.000568	0.988012	0.000572	0.000000	0.000000	0.000000
362	0.006140	0.000005	0.004458	0.000567	0.988252	0.000578	0.000000	0.000000	0.000000
363	0.005892	0.000007	0.004382	0.000576	0.988568	0.000575	0.000000	0.000000	0.000000
364	0.005746	0.000009	0.004285	0.000559	0.988812	0.000589	0.000000	0.000000	0.000000
365	0.005590	0.000002	0.004154	0.000554	0.989067	0.000633	0.000000	0.000000	0.000000
366	0.005446	0.000003	0.004083	0.000584	0.989255	0.000629	0.000000	0.000000	0.000000
367	0.005250	0.000000	0.003969	0.000545	0.989603	0.000633	0.000000	0.000000	0.000000
368	0.005132	0.000000	0.003855	0.000544	0.989859	0.000610	0.000000	0.000000	0.000000
369	0.005073	0.000000	0.003691	0.000531	0.990067	0.000638	0.000000	0.000000	0.000000
370	0.004898	0.000000	0.003600	0.000534	0.990325	0.000643	0.000000	0.000000	0.000000
371	0.004841	0.000000	0.003510	0.000551	0.990430	0.000668	0.000000	0.000000	0.000000
372	0.004663	0.000000	0.003550	0.000547	0.990584	0.000656	0.000000	0.000000	0.000000
373	0.004499	0.000000	0.003446	0.000553	0.990836	0.000666	0.000000	0.000000	0.000000
374	0.004328	0.000000	0.003380	0.000550	0.991077	0.000665	0.000000	0.000000	0.000000
375	0.004262	0.000000	0.003283	0.000534	0.991233	0.000688	0.000000	0.000000	0.000000
376	0.004069	0.000000	0.003154	0.000511	0.991586	0.000680	0.000000	0.000000	0.000000
377	0.003939	0.000000	0.003063	0.000526	0.991756	0.000716	0.000000	0.000000	0.000000
378	0.003831	0.000000	0.002938	0.000535	0.991997	0.000699	0.000000	0.000000	0.000000
379	0.003738	0.000000	0.002861	0.000570	0.992104	0.000727	0.000000	0.000000	0.000000
380	0.003582	0.000000	0.002795	0.000539	0.992375	0.000709	0.000000	0.000000	0.000000
381	0.003504	0.000000	0.002698	0.000557	0.992580	0.000661	0.000000	0.000000	0.000000
382	0.003341	0.000000	0.002704	0.000544	0.992738	0.000673	0.000000	0.000000	0.000000
383	0.003307	0.000000	0.002562	0.000553	0.992928	0.000650	0.000000	0.000000	0.000000
384	0.003280	0.000000	0.002472	0.000529	0.993087	0.000632	0.000000	0.000000	0.000000
385	0.003195	0.000000	0.002356	0.000510	0.993269	0.000670	0.000000	0.000000	0.000000
386	0.003117	0.000000	0.002344	0.000536	0.993368	0.000635	0.000000	0.000000	0.000000
387	0.003004	0.000000	0.002255	0.000520	0.993577	0.000644	0.000000	0.000000	0.000000
388	0.002944	0.000000	0.002215	0.000530	0.993657	0.000654	0.000000	0.000000	0.000000
389	0.002868	0.000000	0.002132	0.000534	0.993836	0.000630	0.000000	0.000000	0.000000
390	0.002746	0.000000	0.002094	0.000510	0.994009	0.000641	0.000000	0.000000	0.000000
391	0.002680	0.000000	0.002016	0.000510	0.994132	0.000662	0.000000	0.000000	0.000000
392	0.002628	0.000000	0.001969	0.000512	0.994222	0.000669	0.000000	0.000000	0.000000
393	0.002488	0.000000	0.001936	0.000484	0.994405	0.000687	0.000000	0.000000	0.000000
394	0.002415	0.000000	0.001899	0.000476	0.994575	0.000635	0.000000	0.000000	0.000000
395	0.002298	0.000000	0.001843	0.000468	0.994721	0.000670	0.000000	0.000000	0.000000
396	0.002249	0.000000	0.001846	0.000494	0.994747	0.000664	0.000000	0.000000	0.000000
397	0.002175	0.000000	0.001757	0.000459	0.994952	0.000657	0.000000	0.000000	0.000000
398	0.002108	0.000000	0.001667	0.000467	0.995133	0.000625	0.000000	0.000000	0.000000
399	0.002117	0.000000	0.001554	0.000457	0.995236	0.000636	0.000000	0.000000	0.000000
400	0.002032	0.000000	0.001517	0.000452	0.995365	0.000634	0.000000	0.000000	0.000000
401	0.001990	0.000000	0.001464	0.000454	0.995459	0.000633	0.000000	0.000000	0.000000
402	0.001941	0.000000	0.001405	0.000454	0.995552	0.000648	0.000000	0.000000	0.000000
403	0.001895	0.000000	0.001370	0.000449	0.995650	0.000636	0.000000	0.000000	0.000000
404	0.001855	0.000000	0.001276	0.000485	0.995748	0.000636	0.000000	0.000000	0.000000
405	0.001778	0.000000	0.001221	0.000471	0.995891	0.000639	0.000000	0.000000	0.000000
406	0.001740	0.000000	0.001183	0.000441	0.995997	0.000639	0.000000	0.000000	0.000000
407	0.001655	0.000000	0.001113	0.000435	0.996165	0.000632	0.000000	0.000000	0.000000
408	0.001569	0.000000	0.001058	0.000424	0.996328	0.000621	0.000000	0.000000	0.000000
409	0.001508	0.000000	0.001052	0.000417	0.996368	0.000655	0.000000	0.000000	0.000000
410	0.001459	0.000000	0.000986	0.000435	0.996487	0.000633	0.000000	0.000000	0.000000
411	0.001392	0.000000	0.000951	0.000441	0.996595	0.000621	0.000000	0.000000	0.000000
412	0.001328	0.000000	0.000895	0.000450	0.996693	0.000634	0.000000	0.000000	0.000000
413	0.001314	0.000000	0.000831	0.000439	0.996734	0.000682	0.000000	0.000000	0.000000
414	0.001221	0.000000	0.000797	0.000434	0.996862	0.000686	0.000000	0.000000	0.000000
415	0.001186	0.000000	0.000771	0.000430	0.996915	0.000698	0.000000	0.000000	0.000000
416	0.001115	0.000000	0.000736	0.000427	0.997014	0.000708	0.000000	0.000000	0.000000
417	0.001052	0.000000	0.000710	0.000445	0.997125	0.000668	0.000000	0.000000	0.000000
418	0.001044	0.000000	0.000653	0.000431	0.997194	0.000678	0.000000	0.000000	0.000000
419	0.000968	0.000000	0.000632	0.000412	0.997295	0.000693	0.000000	0.000000	0.000000
420	0.000947	0.000000	0.000591	0.000406	0.997359	0.000697	0.000000	0.000000	0.000000
421	0.000894	0.000000	0.000574	0.000411	0.997443	0.000678	0.000000	0.000000	0.000000
422	0.000840	0.000000	0.000557	0.000396	0.997548	0.000659	0.000000	0.000000	0.000000
423	0.000794	0.000000	0.000541	0.000387	0.997636	0.000642	0.000000	0.000000	0.000000
424	0.000759	0.000000	0.000501	0.000399	0.997669	0.000672	0.000000	0.000000	0.000000
425	0.000694	0.000000	0.000494	0.000422	0.997708	0.000682	0.000000	0.000000	0.000000
426	0.000701	0.000000	0.000441	0.000416	0.997790	0.000652	0.000000	0.000000	0.000000
427	0.000690	0.000000	0.000430	0.000403	0.997878	0.000599	0.000000	0.000000	0.000000
428	0.000670	0.000000	0.000409	0.000403	0.997898	0.000620	0.000000	0.000000	0.000000
429	0.000661	0.000000	0.000410	0.000414	0.997945	0.000570	0.000000	0.000000	0.000000
430	0.000644	0.000000	0.000377	0.000391	0.998043	0.000545	0.000000	0.000000	0.000000
431	0.000620	0.000000	0.000353	0.000381	0.998084	0.000562	0.000000	0.000000	0.000000
432	0.000612	0.000000	0.000309	0.000374	0.998172	0.000533	0.000000	0.000000	0.000000
433	0.000592	0.000000	0.000304	0.000355	0.998201	0.000548	0.000000	0.000000	0.000000
434	0.000560	0.000000	0.000278	0.000361	0.998246	0.000555	0.000000	0.000000	0.000000
435	0.000503	0.000000	0.000272	0.000338	0.998316	0.000571	0.000000	0.000000	0.000000
436	0.000472	0.000000	0.000240	0.000327	0.998368	0.000593	0.000000	0.000000	0.000000
437	0.000456	0.000000	0.000229	0.000317	0.998422	0.000576	0.000000	0.000000	0.000000
438	0.000413	0.000000	0.000224	0.000323	0.998425	0.000615	0.000000	0.000000	0.000000
439	0.000414	0.000000	0.000211	0.000319	0.998474	0.000582	0.000000	0.000000	0.000000
440	0.000394	0.000000	0.000213	0.000330	0.998441	0.000622	0.000000	0.000000	0.000000
441	0.000362	0.000000	0.000210	0.000362	0.998467	0.000599	0.000000	0.000000	0.000000
442	0.000360	0.000000	0.000199	0.000344	0.998456	0.000641	0.000000	0.000000	0.000000
443	0.000333	0.000000	0.000201	0.000342	0.998479	0.000645	0.000000	0.000000	0.000000
444	0.000301	0.000000	0.000197	0.000349	0.998482	0.000671	0.000000	0.000000	0.000000
445	0.000273	0.000000	0.000196	0.000342	0.998513	0.000676	0.000000	0.000000	0.000000
446	0.000253	0.000000	0.000172	0.000314	0.998600	0.000661	0.000000	0.000000	0.000000
447	0.000241	0.000000	0.000153	0.000310	0.998608	0.000688	0.000000	0.000000	0.000000
448	0.000214	0.000000	0.000156	0.000308	0.998655	0.000667	0.000000	0.000000	0.000000
449	0.000200	0.000000	0.000150	0.000334	0.998671	0.000645	0.000000	0.000000	0.000000
450	0.000194	0.000000	0.000140	0.000336	0.998668	0.000662	0.000000	0.000000	0.000000
451	0.000181	0.000000	0.000147	0.000351	0.998691	0.000630	0.000000	0.000000	0.000000
452	0.000175	0.000000	0.000117	0.000358	0.998696	0.000654	0.000000	0.000000	0.000000
453	0.000160	0.000000	0.000099	0.000346	0.998737	0.000658	0.000000	0.000000	0.000000
454	0.000148	0.000000	0.000096	0.000343	0.998772	0.000641	0.000000	0.000000	0.000000
455	0.000132	0.000000	0.000100	0.000318	0.998836	0.000614	0.000000	0.000000	0.000000
456	0.000115	0.000000	0.000105	0.000325	0.998819	0.000636	0.000000	0.000000	0.000000
457	0.000111	0.000000	0.000114	0.000331	0.998818	0.000626	0.000000	0.000000	0.000000
458	0.000108	0.000000	0.000101	0.000337	0.998837	0.000617	0.000000	0.000000	0.000000
459	0.000089	0.000000	0.000092	0.000339	0.998861	0.000619	0.000000	0.000000	0.000000
460	0.000096	0.000000	0.000082	0.000342	0.998881	0.000599	0.000000	0.000000	0.000000
461	0.000095	0.000000	0.000074	0.000312	0.998921	0.000598	0.000000	0.000000	0.000000
462	0.000087	0.000000	0.000069	0.000302	0.998977	0.000565	0.000000	0.000000	0.000000
463	0.000073	0.000000	0.000072	0.000290	0.998993	0.000572	0.000000	0.000000	0.000000
464	0.000070	0.000000	0.000070	0.000292	0.999037	0.000531	0.000000	0.000000	0.000000
465	0.000063	0.000000	0.000069	0.000286	0.999049	0.000533	0.000000	0.000000	0.000000
466	0.000059	0.000000	0.000061	0.000277	0.999095	0.000508	0.000000	0.000000	0.000000
467	0.000067	0.000000	0.000059	0.000274	0.999093	0.000507	0.000000	0.000000	0.000000
468	0.000068	0.000000	0.000062	0.000264	0.999089	0.000517	0.000000	0.000000	0.000000
469	0.000058	0.000000	0.000056	0.000260	0.999113	0.000513	0.000000	0.000000	0.000000
470	0.000051	0.000000	0.000053	0.000243	0.999145	0.000508	0.000000	0.000000	0.000000
