0	0.290663	0.057897	0.229473	0.157588	0.029913	0.111872	0.085455	0.012259	0.024880
1	0.235592	0.049154	0.203135	0.136019	0.027860	0.117650	0.117962	0.022574	0.090054
2	0.239826	0.049151	0.205708	0.127130	0.027804	0.111746	0.117282	0.022178	0.099175
3	0.249723	0.049642	0.209664	0.120220	0.028396	0.104488	0.113921	0.021074	0.102872
4	0.260495	0.050196	0.214012	0.113463	0.029387	0.097429	0.109303	0.019768	0.105947
5	0.272570	0.050708	0.217476	0.106825	0.030142	0.090488	0.104828	0.018431	0.108532
6	0.284634	0.050792	0.220300	0.100235	0.031324	0.083820	0.100446	0.017455	0.110994
7	0.295579	0.051320	0.222591	0.094397	0.032664	0.077545	0.096185	0.016173	0.113546
8	0.307007	0.051300	0.224724	0.089335	0.033745	0.071763	0.091683	0.015235	0.115208
9	0.318990	0.050948	0.226196	0.083697	0.035278	0.066221	0.087362	0.014234	0.117074
10	0.330421	0.051068	0.227530	0.078880	0.036608	0.061254	0.082495	0.013052	0.118692
11	0.341310	0.050991	0.227816	0.073974	0.038062	0.056661	0.078446	0.012225	0.120515
12	0.352064	0.050548	0.228748	0.069519	0.039438	0.052449	0.074088	0.011300	0.121846
13	0.361962	0.050625	0.229199	0.065696	0.040973	0.048082	0.070086	0.010675	0.122702
14	0.371907	0.050414	0.228900	0.061583	0.042628	0.044405	0.066227	0.009834	0.124102
15	0.381532	0.050136	0.228442	0.057780	0.044575	0.041064	0.062650	0.009183	0.124638
16	0.390528	0.049785	0.227763	0.054479	0.046617	0.037940	0.058816	0.008461	0.125611
17	0.399503	0.049345	0.226848	0.051618	0.048384	0.035082	0.055524	0.007986	0.125710
18	0.407986	0.049211	0.225484	0.048691	0.050435	0.032175	0.051983	0.007430	0.126605
19	0.416969	0.048897	0.224494	0.045665	0.052586	0.029796	0.048579	0.006816	0.126198
20	0.424765	0.048283	0.223055	0.043113	0.054845	0.027593	0.045800	0.006252	0.126294
21	0.432125	0.047501	0.221229	0.040630	0.057268	0.025495	0.043141	0.005851	0.126760
22	0.439351	0.047242	0.219829	0.038304	0.059698	0.023570	0.040318	0.005368	0.126320
23	0.444816	0.046711	0.218217	0.036303	0.062550	0.021806	0.037861	0.004894	0.126842
24	0.451083	0.046028	0.216373	0.034088	0.065046	0.020226	0.035902	0.004533	0.126721
25	0.456515	0.045360	0.214273	0.032494	0.068062	0.018824	0.033324	0.004196	0.126952
26	0.462841	0.044661	0.211993	0.030721	0.071304	0.017130	0.031521	0.003930	0.125899
27	0.467762	0.044021	0.209950	0.028967	0.074699	0.016158	0.029558	0.003699	0.125186
28	0.472957	0.043252	0.207969	0.027797	0.077483	0.014957	0.027422	0.003445	0.124718
29	0.478100	0.042497	0.205134	0.026366	0.080745	0.014060	0.025758	0.003178	0.124162
30	0.482718	0.041673	0.202966	0.025018	0.083975	0.013116	0.024095	0.002938	0.123501
31	0.486537	0.041244	0.199885	0.023930	0.087934	0.012250	0.022554	0.002758	0.122908
32	0.490584	0.040344	0.197493	0.022702	0.091813	0.011607	0.020985	0.002528	0.121944
33	0.494438	0.039684	0.194915	0.021641	0.095873	0.010634	0.019741	0.002354	0.120720
34	0.497183	0.038923	0.192290	0.020922	0.100228	0.010139	0.018483	0.002190	0.119642
35	0.499866	0.038431	0.189980	0.019727	0.104316	0.009520	0.017507	0.002029	0.118624
36	0.503088	0.038049	0.186718	0.018877	0.108630	0.009037	0.016235	0.001883	0.117483
37	0.505564	0.037167	0.184617	0.018185	0.112885	0.008421	0.015077	0.001765	0.116319
38	0.507828	0.036485	0.182221	0.017584	0.117085	0.008051	0.014088	0.001561	0.115097
39	0.509870	0.035738	0.179681	0.016882	0.122045	0.007557	0.013239	0.001449	0.113539
40	0.511467	0.035135	0.177146	0.016367	0.126382	0.007085	0.012416	0.001347	0.112655
41	0.512552	0.034506	0.174969	0.015760	0.131331	0.006648	0.011545	0.001228	0.111461
42	0.514528	0.033737	0.171890	0.015322	0.136119	0.006400	0.011029	0.001128	0.109847
43	0.515417	0.033363	0.169261	0.014776	0.141385	0.006040	0.010195	0.001092	0.108471
44	0.516176	0.032746	0.167004	0.014290	0.147058	0.005838	0.009400	0.000992	0.106496
45	0.517144	0.032253	0.164062	0.013824	0.152413	0.005573	0.008692	0.000922	0.105117
46	0.517799	0.031588	0.161520	0.013522	0.158080	0.005223	0.008182	0.000829	0.103257
47	0.517925	0.030987	0.158982	0.012966	0.164084	0.004963	0.007533	0.000741	0.101819
48	0.517639	0.030842	0.156791	0.012677	0.169764	0.004820	0.006950	0.000717	0.099800
49	0.517972	0.030086	0.154539	0.012478	0.175326	0.004568	0.006337	0.000708	0.097986
50	0.517673	0.029429	0.151655	0.012116	0.181705	0.004317	0.006060	0.000631	0.096414
51	0.517630	0.028685	0.149052	0.011894	0.187877	0.004200	0.005518	0.000599	0.094545
52	0.516662	0.028091	0.146612	0.011570	0.194396	0.003996	0.005016	0.000583	0.093074
53	0.515949	0.027475	0.143807	0.011223	0.201010	0.003867	0.004744	0.000540	0.091385
54	0.514794	0.026658	0.141483	0.011020	0.207734	0.003709	0.004399	0.000505	0.089698
55	0.513413	0.026136	0.139180	0.010890	0.214579	0.003565	0.004149	0.000485	0.087603
56	0.512913	0.025595	0.136308	0.010744	0.220940	0.003356	0.003775	0.000439	0.085930
57	0.511078	0.025059	0.134060	0.010601	0.227980	0.003281	0.003486	0.000413	0.084042
58	0.509568	0.024448	0.131219	0.010377	0.235402	0.003164	0.003241	0.000356	0.082225
59	0.507681	0.023732	0.128871	0.010194	0.242610	0.003098	0.003008	0.000303	0.080503
60	0.505842	0.023214	0.126812	0.009921	0.249801	0.003066	0.002675	0.000284	0.078385
61	0.504001	0.022528	0.124625	0.009849	0.257143	0.002884	0.002464	0.000258	0.076248
62	0.501735	0.022108	0.122263	0.009677	0.264552	0.002800	0.002278	0.000238	0.074349
63	0.499710	0.021631	0.119389	0.009628	0.272062	0.002645	0.002120	0.000225	0.072590
64	0.496535	0.021177	0.117779	0.009570	0.279762	0.002540	0.001975	0.000222	0.070440
65	0.493264	0.020591	0.116216	0.009373	0.287529	0.002494	0.001872	0.000211	0.068450
66	0.490342	0.020040	0.113703	0.009225	0.295471	0.002457	0.001747	0.000181	0.066834
67	0.487301	0.019524	0.111889	0.009133	0.303214	0.002393	0.001584	0.000173	0.064789
68	0.483795	0.019123	0.109829	0.009205	0.311087	0.002393	0.001425	0.000176	0.062967
69	0.479977	0.018656	0.108167	0.009123	0.319452	0.002344	0.001365	0.000177	0.060739
70	0.475996	0.018307	0.106328	0.009074	0.327831	0.002340	0.001216	0.000151	0.058757
71	0.472141	0.017651	0.104507	0.008913	0.335979	0.002310	0.001127	0.000163	0.057209
72	0.468012	0.017161	0.102725	0.008930	0.344379	0.002283	0.001023	0.000178	0.055309
73	0.464510	0.016767	0.100659	0.008896	0.352592	0.002312	0.000937	0.000138	0.053189
74	0.459568	0.016215	0.099002	0.008972	0.361512	0.002180	0.000868	0.000120	0.051563
75	0.455326	0.015650	0.096708	0.008803	0.370522	0.002110	0.000830	0.000098	0.049953
76	0.451160	0.015239	0.094869	0.008736	0.378806	0.002152	0.000765	0.000102	0.048171
77	0.446523	0.014709	0.092901	0.008656	0.387628	0.002119	0.000698	0.000082	0.046684
78	0.441966	0.014381	0.091082	0.008573	0.396313	0.002056	0.000625	0.000083	0.044921
79	0.437124	0.014037	0.089643	0.008567	0.404846	0.002096	0.000553	0.000069	0.043065
80	0.432328	0.013718	0.087638	0.008377	0.413811	0.002006	0.000528	0.000064	0.041530
81	0.427307	0.013413	0.085939	0.008455	0.422421	0.002000	0.000471	0.000058	0.039936
82	0.422204	0.012828	0.084492	0.008369	0.431346	0.001882	0.000416	0.000059	0.038404
83	0.417327	0.012521	0.082596	0.008258	0.440297	0.001809	0.000388	0.000058	0.036746
84	0.412296	0.012073	0.081007	0.008192	0.448605	0.001868	0.000374	0.000042	0.035543
85	0.407074	0.011723	0.079574	0.008137	0.457295	0.001837	0.000307	0.000054	0.033999
86	0.401625	0.011470	0.078023	0.008090	0.465888	0.001793	0.000275	0.000049	0.032787
87	0.396354	0.010992	0.076488	0.008013	0.474720	0.001734	0.000244	0.000046	0.031409
88	0.391325	0.010527	0.074636	0.007906	0.483422	0.001726	0.000239	0.000046	0.030173
89	0.385969	0.010205	0.072686	0.007885	0.492262	0.001669	0.000217	0.000047	0.029060
90	0.380255	0.009803	0.071157	0.007852	0.501297	0.001612	0.000206	0.000042	0.027776
91	0.374577	0.009548	0.069897	0.007711	0.509751	0.001618	0.000167	0.000035	0.026696
92	0.369551	0.009162	0.067918	0.007825	0.518113	0.001549	0.000143	0.000033	0.025706
93	0.363874	0.008767	0.066378	0.007629	0.527174	0.001544	0.000138	0.000031	0.024465
94	0.357221	0.008433	0.065322	0.007678	0.536223	0.001482	0.000115	0.000032	0.023494
95	0.351470	0.008210	0.063648	0.007765	0.544793	0.001540	0.000112	0.000029	0.022433
96	0.345651	0.007889	0.062084	0.007637	0.553618	0.001532	0.000090	0.000029	0.021470
97	0.339779	0.007587	0.060314	0.007530	0.562526	0.001487	0.000089	0.000027	0.020661
98	0.333834	0.007227	0.059051	0.007541	0.570940	0.001523	0.000077	0.000014	0.019793
99	0.328055	0.007004	0.057749	0.007458	0.579147	0.001560	0.000071	0.000019	0.018937
100	0.322683	0.006571	0.056551	0.007416	0.587206	0.001496	0.000047	0.000018	0.018012
101	0.316443	0.006269	0.055447	0.007338	0.595967	0.001520	0.000044	0.000016	0.016956
102	0.310700	0.006172	0.054030	0.007440	0.603925	0.001501	0.000053	0.000015	0.016164
103	0.304766	0.005988	0.052850	0.007434	0.611850	0.001526	0.000043	0.000017	0.015526
104	0.298358	0.005800	0.051873	0.007509	0.620162	0.001491	0.000036	0.000012	0.014759
105	0.292552	0.005563	0.050919	0.007539	0.627978	0.001413	0.000030	0.000008	0.013998
106	0.286601	0.005381	0.049716	0.007512	0.636072	0.001393	0.000023	0.000009	0.013293
107	0.280480	0.005166	0.048386	0.007449	0.644376	0.001407	0.000025	0.000007	0.012704
108	0.274932	0.004920	0.047126	0.007314	0.652191	0.001406	0.000019	0.000007	0.012085
109	0.268913	0.004757	0.045865	0.007360	0.660123	0.001373	0.000014	0.000004	0.011591
110	0.263274	0.004461	0.044726	0.007433	0.667760	0.001365	0.000015	0.000005	0.010961
111	0.258027	0.004343	0.043610	0.007377	0.674964	0.001322	0.000012	0.000003	0.010342
112	0.252350	0.004083	0.042090	0.007196	0.683082	0.001329	0.000006	0.000000	0.009864
113	0.246899	0.003873	0.040975	0.007194	0.690437	0.001370	0.000011	0.000001	0.009240
114	0.241240	0.003787	0.039848	0.007173	0.697973	0.001329	0.000006	0.000002	0.008642
115	0.235850	0.003671	0.038603	0.007245	0.705139	0.001332	0.000007	0.000001	0.008152
116	0.230124	0.003415	0.037632	0.007262	0.712523	0.001311	0.000005	0.000002	0.007726
117	0.224799	0.003257	0.036528	0.007254	0.719650	0.001280	0.000004	0.000001	0.007227
118	0.219179	0.003130	0.035378	0.007233	0.726940	0.001298	0.000003	0.000000	0.006839
119	0.213893	0.003041	0.034104	0.007208	0.733890	0.001317	0.000004	0.000000	0.006543
120	0.208557	0.002851	0.033212	0.007093	0.740824	0.001288	0.000007	0.000000	0.006168
121	0.202654	0.002614	0.032592	0.007170	0.748008	0.001241	0.000005	0.000000	0.005716
122	0.198181	0.002458	0.031625	0.007183	0.753985	0.001277	0.000003	0.000000	0.005288
123	0.192799	0.002360	0.030515	0.007164	0.760866	0.001206	0.000001	0.000000	0.005089
124	0.187804	0.002245	0.029723	0.007143	0.767021	0.001258	0.000003	0.000000	0.004803
125	0.182260	0.002124	0.029009	0.007116	0.773625	0.001264	0.000001	0.000000	0.004601
126	0.177631	0.002045	0.028162	0.007179	0.779437	0.001286	0.000001	0.000000	0.004259
127	0.172883	0.001856	0.027427	0.007138	0.785357	0.001259	0.000000	0.000000	0.004080
128	0.168204	0.001760	0.026657	0.007036	0.791232	0.001261	0.000000	0.000000	0.003850
129	0.163499	0.001682	0.025803	0.007031	0.797025	0.001282	0.000000	0.000000	0.003678
130	0.159172	0.001553	0.024941	0.006996	0.802645	0.001300	0.000000	0.000000	0.003393
131	0.154963	0.001529	0.024054	0.007057	0.807811	0.001328	0.000000	0.000000	0.003258
132	0.150446	0.001451	0.023391	0.007017	0.813243	0.001348	0.000000	0.000000	0.003104
133	0.146195	0.001369	0.022615	0.007017	0.818530	0.001349	0.000000	0.000000	0.002925
134	0.141465	0.001319	0.022105	0.006969	0.824006	0.001327	0.000000	0.000000	0.002809
135	0.137252	0.001238	0.021452	0.006889	0.829140	0.001363	0.000000	0.000000	0.002666
136	0.133352	0.001198	0.020687	0.006916	0.834013	0.001304	0.000000	0.000000	0.002530
137	0.129671	0.001131	0.019982	0.006927	0.838687	0.001299	0.000000	0.000000	0.002303
138	0.125768	0.001064	0.019312	0.006839	0.843521	0.001293	0.000000	0.000000	0.002203
139	0.121756	0.000986	0.018995	0.006920	0.847981	0.001278	0.000000	0.000000	0.002084
140	0.117934	0.000995	0.018533	0.006950	0.852360	0.001281	0.000000	0.000000	0.001947
141	0.114329	0.000903	0.017801	0.006875	0.856957	0.001279	0.000000	0.000000	0.001856
142	0.110988	0.000881	0.017108	0.006898	0.861014	0.001310	0.000000	0.000000	0.001801
143	0.107387	0.000830	0.016492	0.006960	0.865349	0.001290	0.000000	0.000000	0.001692
144	0.104204	0.000787	0.015894	0.006806	0.869487	0.001293	0.000000	0.000000	0.001529
145	0.100872	0.000713	0.015429	0.006866	0.873426	0.001271	0.000000	0.000000	0.001423
146	0.097878	0.000676	0.014764	0.006906	0.877179	0.001232	0.000000	0.000000	0.001365
147	0.094745	0.000626	0.014103	0.006848	0.881166	0.001225	0.000000	0.000000	0.001287
148	0.091543	0.000553	0.013541	0.006841	0.885064	0.001273	0.000000	0.000000	0.001185
149	0.088279	0.000541	0.013075	0.006810	0.888869	0.001296	0.000000	0.000000	0.001130
150	0.085212	0.000488	0.012747	0.006837	0.892392	0.001269	0.000000	0.000000	0.001055
151	0.082406	0.000499	0.012255	0.006872	0.895678	0.001289	0.000000	0.000000	0.001001
152	0.079695	0.000441	0.011774	0.006818	0.899005	0.001315	0.000000	0.000000	0.000952
153	0.076386	0.000411	0.011447	0.006886	0.902631	0.001324	0.000000	0.000000	0.000915
154	0.073801	0.000369	0.010995	0.006885	0.905828	0.001308	0.000000	0.000000	0.000814
155	0.071193	0.000342	0.010515	0.006882	0.909002	0.001321	0.000000	0.000000	0.000745
156	0.068679	0.000314	0.010100	0.006747	0.912190	0.001320	0.000000	0.000000	0.000650
157	0.066281	0.000298	0.009700	0.006758	0.915058	0.001285	0.000000	0.000000	0.000620
158	0.063729	0.000297	0.009425	0.006768	0.917984	0.001264	0.000000	0.000000	0.000533
159	0.061375	0.000282	0.009036	0.006770	0.920782	0.001260	0.000000	0.000000	0.000495
160	0.059344	0.000257	0.008632	0.006607	0.923486	0.001235	0.000000	0.000000	0.000439
161	0.057313	0.000240	0.008231	0.006547	0.926052	0.001206	0.000000	0.000000	0.000411
162	0.055143	0.000194	0.007888	0.006562	0.928643	0.001183	0.000000	0.000000	0.000387
163	0.053107	0.000184	0.007517	0.006468	0.931152	0.001227	0.000000	0.000000	0.000345
164	0.051138	0.000170	0.007198	0.006407	0.933503	0.001263	0.000000	0.000000	0.000321
165	0.049110	0.000173	0.006952	0.006411	0.935745	0.001305	0.000000	0.000000	0.000304
166	0.047335	0.000156	0.006736	0.006420	0.937796	0.001281	0.000000	0.000000	0.000276
167	0.045532	0.000161	0.006329	0.006436	0.940038	0.001229	0.000000	0.000000	0.000275
168	0.043733	0.000151	0.006101	0.006313	0.942178	0.001260	0.000000	0.000000	0.000264
169	0.041787	0.000143	0.005802	0.006390	0.944387	0.001244	0.000000	0.000000	0.000247
170	0.040197	0.000127	0.005451	0.006355	0.946374	0.001270	0.000000	0.000000	0.000226
171	0.038470	0.000109	0.005180	0.006389	0.948352	0.001289	0.000000	0.000000	0.000211
172	0.036606	0.000097	0.004983	0.006437	0.950411	0.001278	0.000000	0.000000	0.000188
173	0.035353	0.000086	0.004822	0.006483	0.951772	0.001302	0.000000	0.000000	0.000182
174	0.033767	0.000087	0.004734	0.006419	0.953511	0.001325	0.000000	0.000000	0.000157
175	0.032223	0.000076	0.004522	0.006356	0.955370	0.001305	0.000000	0.000000	0.000148
176	0.030700	0.000072	0.004391	0.006351	0.957049	0.001281	0.000000	0.000000	0.000156
177	0.029421	0.000067	0.004165	0.006310	0.958603	0.001304	0.000000	0.000000	0.000130
178	0.028117	0.000065	0.004001	0.006278	0.960073	0.001348	0.000000	0.000000	0.000118
179	0.026799	0.000055	0.003859	0.006301	0.961561	0.001310	0.000000	0.000000	0.000115
180	0.025552	0.000065	0.003628	0.006388	0.962934	0.001343	0.000000	0.000000	0.000090
181	0.024493	0.000048	0.003491	0.006345	0.964207	0.001336	0.000000	0.000000	0.000080
182	0.023387	0.000050	0.003340	0.006388	0.965443	0.001325	0.000000	0.000000	0.000067
183	0.022376	0.000051	0.003204	0.006401	0.966623	0.001268	0.000000	0.000000	0.000077
184	0.021297	0.000043	0.003126	0.006474	0.967705	0.001294	0.000000	0.000000	0.000061
185	0.020324	0.000040	0.003044	0.006403	0.968831	0.001300	0.000000	0.000000	0.000058
186	0.019265	0.000039	0.002868	0.006415	0.970097	0.001263	0.000000	0.000000	0.000053
187	0.018418	0.000043	0.002721	0.006395	0.971126	0.001258	0.000000	0.000000	0.000039
188	0.017520	0.000048	0.002602	0.006441	0.972098	0.001245	0.000000	0.000000	0.000046
189	0.016559	0.000037	0.002499	0.006458	0.973139	0.001261	0.000000	0.000000	0.000047
190	0.015742	0.000027	0.002361	0.006470	0.974088	0.001277	0.000000	0.000000	0.000035
191	0.014943	0.000030	0.002295	0.006419	0.974988	0.001285	0.000000	0.000000	0.000040
192	0.014253	0.000029	0.002209	0.006416	0.975806	0.001247	0.000000	0.000000	0.000040
193	0.013588	0.000027	0.002105	0.006423	0.976573	0.001248	0.000000	0.000000	0.000036
194	0.012781	0.000027	0.002017	0.006489	0.977433	0.001227	0.000000	0.000000	0.000026
195	0.012076	0.000027	0.001884	0.006407	0.978369	0.001219	0.000000	0.000000	0.000018
196	0.011405	0.000028	0.001821	0.006488	0.979014	0.001220	0.000000	0.000000	0.000024
197	0.010755	0.000027	0.001725	0.006575	0.979726	0.001173	0.000000	0.000000	0.000019
198	0.010160	0.000023	0.001645	0.006622	0.980362	0.001174	0.000000	0.000000	0.000014
199	0.009659	0.000026	0.001582	0.006563	0.980994	0.001162	0.000000	0.000000	0.000014
200	0.009149	0.000021	0.001488	0.006590	0.981565	0.001176	0.000000	0.000000	0.000011
201	0.008675	0.000020	0.001419	0.006604	0.982084	0.001190	0.000000	0.000000	0.000008
202	0.008162	0.000014	0.001347	0.006662	0.982604	0.001203	0.000000	0.000000	0.000008
203	0.007706	0.000014	0.001308	0.006724	0.983064	0.001178	0.000000	0.000000	0.000006
204	0.007272	0.000017	0.001254	0.006893	0.983418	0.001139	0.000000	0.000000	0.000007
205	0.006867	0.000014	0.001215	0.006872	0.983835	0.001191	0.000000	0.000000	0.000006
206	0.006501	0.000007	0.001149	0.006872	0.984308	0.001158	0.000000	0.000000	0.000005
207	0.006126	0.000008	0.001039	0.006875	0.984791	0.001157	0.000000	0.000000	0.000004
208	0.005767	0.000010	0.000938	0.006806	0.985324	0.001153	0.000000	0.000000	0.000002
209	0.005488	0.000005	0.000853	0.006741	0.985751	0.001159	0.000000	0.000000	0.000003
210	0.005220	0.000004	0.000829	0.006704	0.986104	0.001137	0.000000	0.000000	0.000002
211	0.004836	0.000004	0.000821	0.006758	0.986406	0.001173	0.000000	0.000000	0.000002
212	0.004588	0.000004	0.000781	0.006755	0.986747	0.001124	0.000000	0.000000	0.000001
213	0.004369	0.000002	0.000733	0.006831	0.986972	0.001092	0.000000	0.000000	0.000001
214	0.004174	0.000001	0.000722	0.006867	0.987129	0.001107	0.000000	0.000000	0.000000
215	0.003870	0.000001	0.000657	0.006881	0.987506	0.001085	0.000000	0.000000	0.000000
216	0.003677	0.000001	0.000616	0.006898	0.987697	0.001111	0.000000	0.000000	0.000000
217	0.003441	0.000002	0.000556	0.006880	0.987999	0.001122	0.000000	0.000000	0.000000
218	0.003221	0.000002	0.000539	0.006913	0.988216	0.001109	0.000000	0.000000	0.000000
219	0.003025	0.000002	0.000536	0.006862	0.988486	0.001089	0.000000	0.000000	0.000000
220	0.002881	0.000001	0.000495	0.006787	0.988764	0.001072	0.000000	0.000000	0.000000
221	0.002737	0.000001	0.000474	0.006794	0.988898	0.001096	0.000000	0.000000	0.000000
222	0.002594	0.000001	0.000440	0.006845	0.989017	0.001103	0.000000	0.000000	0.000000
223	0.002448	0.000000	0.000394	0.006852	0.989192	0.001114	0.000000	0.000000	0.000000
224	0.002264	0.000000	0.000373	0.006834	0.989381	0.001148	0.000000	0.000000	0.000000
225	0.002088	0.000000	0.000366	0.006859	0.989561	0.001126	0.000000	0.000000	0.000000
226	0.001941	0.000000	0.000344	0.006947	0.989655	0.001113	0.000000	0.000000	0.000000
227	0.001809	0.000000	0.000326	0.006999	0.989757	0.001109	0.000000	0.000000	0.000000
228	0.001654	0.000000	0.000305	0.006990	0.989949	0.001102	0.000000	0.000000	0.000000
229	0.001587	0.000000	0.000282	0.006947	0.990065	0.001119	0.000000	0.000000	0.000000
230	0.001461	0.000000	0.000287	0.006936	0.990183	0.001133	0.000000	0.000000	0.000000
231	0.001370	0.000000	0.000278	0.006873	0.990373	0.001106	0.000000	0.000000	0.000000
232	0.001298	0.000000	0.000251	0.006914	0.990405	0.001132	0.000000	0.000000	0.000000
233	0.001220	0.000000	0.000233	0.006974	0.990441	0.001132	0.000000	0.000000	0.000000
234	0.001102	0.000000	0.000218	0.006974	0.990583	0.001123	0.000000	0.000000	0.000000
235	0.000988	0.000000	0.000213	0.007122	0.990554	0.001123	0.000000	0.000000	0.000000
236	0.000922	0.000000	0.000207	0.007012	0.990681	0.001178	0.000000	0.000000	0.000000
237	0.000888	0.000000	0.000179	0.007044	0.990718	0.001171	0.000000	0.000000	0.000000
238	0.000832	0.000000	0.000169	0.007080	0.990765	0.001154	0.000000	0.000000	0.000000
239	0.000799	0.000000	0.000152	0.007019	0.990795	0.001235	0.000000	0.000000	0.000000
240	0.000727	0.000000	0.000141	0.007122	0.990775	0.001235	0.000000	0.000000	0.000000
241	0.000665	0.000000	0.000115	0.007161	0.990785	0.001274	0.000000	0.000000	0.000000
242	0.000585	0.000000	0.000100	0.007260	0.990788	0.001267	0.000000	0.000000	0.000000
243	0.000554	0.000000	0.000092	0.007255	0.990800	0.001299	0.000000	0.000000	0.000000
244	0.000494	0.000000	0.000093	0.007173	0.990990	0.001250	0.000000	0.000000	0.000000
245	0.000445	0.000000	0.000083	0.007221	0.990981	0.001270	0.000000	0.000000	0.000000
246	0.000397	0.000000	0.000080	0.007171	0.991113	0.001239	0.000000	0.000000	0.000000
247	0.000358	0.000000	0.000069	0.007233	0.991108	0.001232	0.000000	0.000000	0.000000
248	0.000331	0.000000	0.000060	0.007248	0.991112	0.001249	0.000000	0.000000	0.000000
249	0.000285	0.000000	0.000050	0.007231	0.991172	0.001262	0.000000	0.000000	0.000000
250	0.000255	0.000000	0.000045	0.007203	0.991258	0.001239	0.000000	0.000000	0.000000
251	0.000236	0.000000	0.000042	0.007223	0.991258	0.001241	0.000000	0.000000	0.000000
252	0.000217	0.000000	0.000041	0.007280	0.991174	0.001288	0.000000	0.000000	0.000000
253	0.000205	0.000000	0.000028	0.007155	0.991367	0.001245	0.000000	0.000000	0.000000
254	0.000183	0.000000	0.000022	0.007194	0.991357	0.001244	0.000000	0.000000	0.000000
255	0.000165	0.000000	0.000015	0.007201	0.991349	0.001270	0.000000	0.000000	0.000000
256	0.000129	0.000000	0.000013	0.007176	0.991417	0.001265	0.000000	0.000000	0.000000
257	0.000115	0.000000	0.000010	0.007235	0.991350	0.001290	0.000000	0.000000	0.000000
258	0.000112	0.000000	0.000005	0.007360	0.991230	0.001293	0.000000	0.000000	0.000000
259	0.000109	0.000000	0.000003	0.007402	0.991246	0.001240	0.000000	0.000000	0.000000
260	0.000094	0.000000	0.000002	0.007370	0.991322	0.001212	0.000000	0.000000	0.000000
261	0.000091	0.000000	0.000000	0.007333	0.991361	0.001215	0.000000	0.000000	0.000000
262	0.000085	0.000000	0.000000	0.007389	0.991325	0.001201	0.000000	0.000000	0.000000
263	0.000078	0.000000	0.000000	0.007353	0.991389	0.001180	0.000000	0.000000	0.000000
264	0.000070	0.000000	0.000000	0.007400	0.991343	0.001187	0.000000	0.000000	0.000000
265	0.000067	0.000000	0.000000	0.007399	0.991350	0.001184	0.000000	0.000000	0.000000
266	0.000054	0.000000	0.000000	0.007389	0.991388	0.001169	0.000000	0.000000	0.000000
267	0.000044	0.000000	0.000000	0.007477	0.991281	0.001198	0.000000	0.000000	0.000000
268	0.000036	0.000000	0.000000	0.007444	0.991345	0.001175	0.000000	0.000000	0.000000
269	0.000030	0.000000	0.000000	0.007400	0.991424	0.001146	0.000000	0.000000	0.000000
270	0.000019	0.000000	0.000000	0.007337	0.991497	0.001147	0.000000	0.000000	0.000000
271	0.000014	0.000000	0.000000	0.007282	0.991517	0.001187	0.000000	0.000000	0.000000
272	0.000014	0.000000	0.000000	0.007250	0.991524	0.001212	0.000000	0.000000	0.000000
273	0.000012	0.000000	0.000000	0.007157	0.991627	0.001204	0.000000	0.000000	0.000000
274	0.000011	0.000000	0.000000	0.007192	0.991601	0.001196	0.000000	0.000000	0.000000
275	0.000010	0.000000	0.000000	0.007144	0.991652	0.001194	0.000000	0.000000	0.000000
276	0.000011	0.000000	0.000000	0.007129	0.991676	0.001184	0.000000	0.000000	0.000000
277	0.000007	0.000000	0.000000	0.007271	0.991538	0.001184	0.000000	0.000000	0.000000
278	0.000005	0.000000	0.000000	0.007261	0.991542	0.001192	0.000000	0.000000	0.000000
279	0.000004	0.000000	0.000000	0.007180	0.991598	0.001218	0.000000	0.000000	0.000000
280	0.000004	0.000000	0.000000	0.007223	0.991573	0.001200	0.000000	0.000000	0.000000
281	0.000004	0.000000	0.000000	0.007196	0.991565	0.001235	0.000000	0.000000	0.000000
282	0.000003	0.000000	0.000000	0.007335	0.991395	0.001267	0.000000	0.000000	0.000000
283	0.000002	0.000000	0.000000	0.007412	0.991359	0.001227	0.000000	0.000000	0.000000
284	0.000003	0.000000	0.000000	0.007341	0.991381	0.001275	0.000000	0.000000	0.000000
285	0.000001	0.000000	0.000000	0.007401	0.991321	0.001277	0.000000	0.000000	0.000000
286	0.000001	0.000000	0.000000	0.007453	0.991270	0.001276	0.000000	0.000000	0.000000
287	0.000001	0.000000	0.000000	0.007454	0.991273	0.001272	0.000000	0.000000	0.000000
288	0.000002	0.000000	0.000000	0.007573	0.991107	0.001318	0.000000	0.000000	0.000000
289	0.000001	0.000000	0.000000	0.007527	0.991145	0.001327	0.000000	0.000000	0.000000
290	0.000001	0.000000	0.000000	0.007513	0.991148	0.001338	0.000000	0.000000	0.000000
291	0.000001	0.000000	0.000000	0.007418	0.991216	0.001365	0.000000	0.000000	0.000000
292	0.000001	0.000000	0.000000	0.007487	0.991149	0.001363	0.000000	0.000000	0.000000
293	0.000001	0.000000	0.000000	0.007467	0.991165	0.001367	0.000000	0.000000	0.000000
294	0.000002	0.000000	0.000000	0.007441	0.991174	0.001383	0.000000	0.000000	0.000000
295	0.000001	0.000000	0.000000	0.007418	0.991253	0.001328	0.000000	0.000000	0.000000
296	0.000001	0.000000	0.000000	0.007455	0.991173	0.001371	0.000000	0.000000	0.000000
297	0.000000	0.000000	0.000000	0.007375	0.991227	0.001398	0.000000	0.000000	0.000000
298	0.000000	0.000000	0.000000	0.007347	0.991277	0.001376	0.000000	0.000000	0.000000
299	0.000000	0.000000	0.000000	0.007333	0.991293	0.001374	0.000000	0.000000	0.000000
300	0.000000	0.000000	0.000000	0.007370	0.991222	0.001408	0.000000	0.000000	0.000000
301	0.000000	0.000000	0.000000	0.007403	0.991156	0.001441	0.000000	0.000000	0.000000
302	0.000000	0.000000	0.000000	0.007242	0.991322	0.001436	0.000000	0.000000	0.000000
303	0.000000	0.000000	0.000000	0.007235	0.991313	0.001452	0.000000	0.000000	0.000000
304	0.000000	0.000000	0.000000	0.007262	0.991252	0.001486	0.000000	0.000000	0.000000
305	0.000000	0.000000	0.000000	0.007209	0.991309	0.001482	0.000000	0.000000	0.000000
306	0.000000	0.000000	0.000000	0.007200	0.991346	0.001454	0.000000	0.000000	0.000000
307	0.000000	0.000000	0.000000	0.007208	0.991364	0.001428	0.000000	0.000000	0.000000
308	0.000000	0.000000	0.000000	0.007201	0.991381	0.001418	0.000000	0.000000	0.000000
309	0.000000	0.000000	0.000000	0.007206	0.991369	0.001425	0.000000	0.000000	0.000000
310	0.000000	0.000000	0.000000	0.007236	0.991335	0.001429	0.000000	0.000000	0.000000
311	0.000000	0.000000	0.000000	0.007195	0.991357	0.001448	0.000000	0.000000	0.000000
312	0.000000	0.000000	0.000000	0.007238	0.991329	0.001433	0.000000	0.000000	0.000000
313	0.000000	0.000000	0.000000	0.007191	0.991410	0.001399	0.000000	0.000000	0.000000
314	0.000000	0.000000	0.000000	0.007242	0.991346	0.001412	0.000000	0.000000	0.000000
315	0.000000	0.000000	0.000000	0.007233	0.991332	0.001435	0.000000	0.000000	0.000000
316	0.000000	0.000000	0.000000	0.007282	0.991297	0.001421	0.000000	0.000000	0.000000
317	0.000000	0.000000	0.000000	0.007244	0.991334	0.001422	0.000000	0.000000	0.000000
318	0.000000	0.000000	0.000000	0.007251	0.991378	0.001371	0.000000	0.000000	0.000000
319	0.000000	0.000000	0.000000	0.007332	0.991260	0.001408	0.000000	0.000000	0.000000
320	0.000000	0.000000	0.000000	0.007323	0.991240	0.001437	0.000000	0.000000	0.000000
321	0.000000	0.000000	0.000000	0.007382	0.991163	0.001455	0.000000	0.000000	0.000000
322	0.000000	0.000000	0.000000	0.007383	0.991182	0.001435	0.000000	0.000000	0.000000
323	0.000000	0.000000	0.000000	0.007470	0.991075	0.001455	0.000000	0.000000	0.000000
324	0.000000	0.000000	0.000000	0.007526	0.991053	0.001421	0.000000	0.000000	0.000000
325	0.000000	0.000000	0.000000	0.007532	0.991059	0.001409	0.000000	0.000000	0.000000
326	0.000000	0.000000	0.000000	0.007558	0.991037	0.001405	0.000000	0.000000	0.000000
327	0.000000	0.000000	0.000000	0.007625	0.990970	0.001405	0.000000	0.000000	0.000000
328	0.000000	0.000000	0.000000	0.007579	0.991049	0.001372	0.000000	0.000000	0.000000
329	0.000000	0.000000	0.000000	0.007568	0.991094	0.001338	0.000000	0.000000	0.000000
330	0.000000	0.000000	0.000000	0.007604	0.991066	0.001330	0.000000	0.000000	0.000000
331	0.000000	0.000000	0.000000	0.007575	0.991083	0.001342	0.000000	0.000000	0.000000
332	0.000000	0.000000	0.000000	0.007578	0.991082	0.001340	0.000000	0.000000	0.000000
333	0.000000	0.000000	0.000000	0.007614	0.991109	0.001277	0.000000	0.000000	0.000000
334	0.000000	0.000000	0.000000	0.007537	0.991185	0.001278	0.000000	0.000000	0.000000
335	0.000000	0.000000	0.000000	0.007437	0.991281	0.001282	0.000000	0.000000	0.000000
336	0.000000	0.000000	0.000000	0.007360	0.991327	0.001313	0.000000	0.000000	0.000000
337	0.000000	0.000000	0.000000	0.007436	0.991264	0.001300	0.000000	0.000000	0.000000
338	0.000000	0.000000	0.000000	0.007445	0.991225	0.001330	0.000000	0.000000	0.000000
339	0.000000	0.000000	0.000000	0.007456	0.991175	0.001369	0.000000	0.000000	0.000000
340	0.000000	0.000000	0.000000	0.007427	0.991194	0.001379	0.000000	0.000000	0.000000
341	0.000000	0.000000	0.000000	0.007491	0.991073	0.001436	0.000000	0.000000	0.000000
342	0.000000	0.000000	0.000000	0.007426	0.991153	0.001421	0.000000	0.000000	0.000000
343	0.000000	0.000000	0.000000	0.007441	0.991121	0.001438	0.000000	0.000000	0.000000
344	0.000000	0.000000	0.000000	0.007350	0.991198	0.001452	0.000000	0.000000	0.000000
345	0.000000	0.000000	0.000000	0.007170	0.991396	0.001434	0.000000	0.000000	0.000000
346	0.000000	0.000000	0.000000	0.007117	0.991414	0.001469	0.000000	0.000000	0.000000
347	0.000000	0.000000	0.000000	0.007051	0.991464	0.001485	0.000000	0.000000	0.000000
348	0.000000	0.000000	0.000000	0.006915	0.991569	0.001516	0.000000	0.000000	0.000000
349	0.000000	0.000000	0.000000	0.006879	0.991584	0.001537	0.000000	0.000000	0.000000
350	0.000000	0.000000	0.000000	0.006849	0.991650	0.001501	0.000000	0.000000	0.000000
351	0.000000	0.000000	0.000000	0.006868	0.991651	0.001481	0.000000	0.000000	0.000000
352	0.000000	0.000000	0.000000	0.006850	0.991711	0.001439	0.000000	0.000000	0.000000
353	0.000000	0.000000	0.000000	0.006826	0.991724	0.001450	0.000000	0.000000	0.000000
354	0.000000	0.000000	0.000000	0.006788	0.991749	0.001463	0.000000	0.000000	0.000000
355	0.000000	0.000000	0.000000	0.006888	0.991649	0.001463	0.000000	0.000000	0.000000
356	0.000000	0.000000	0.000000	0.006847	0.991708	0.001445	0.000000	0.000000	0.000000
357	0.000000	0.000000	0.000000	0.006834	0.991751	0.001415	0.000000	0.000000	0.000000
358	0.000000	0.000000	0.000000	0.006895	0.991644	0.001461	0.000000	0.000000	0.000000
359	0.000000	0.000000	0.000000	0.006852	0.991668	0.001480	0.000000	0.000000	0.000000
360	0.000000	0.000000	0.000000	0.006736	0.991801	0.001463	0.000000	0.000000	0.000000
361	0.000000	0.000000	0.000000	0.006850	0.991677	0.001473	0.000000	0.000000	0.000000
362	0.000000	0.000000	0.000000	0.006821	0.991748	0.001431	0.000000	0.000000	0.000000
363	0.000000	0.000000	0.000000	0.006844	0.991697	0.001459	0.000000	0.000000	0.000000
364	0.000000	0.000000	0.000000	0.006741	0.991751	0.001508	0.000000	0.000000	0.000000
365	0.000000	0.000000	0.000000	0.006820	0.991698	0.001482	0.000000	0.000000	0.000000
366	0.000000	0.000000	0.000000	0.006871	0.991651	0.001478	0.000000	0.000000	0.000000
367	0.000000	0.000000	0.000000	0.006880	0.991734	0.001386	0.000000	0.000000	0.000000
368	0.000000	0.000000	0.000000	0.006922	0.991632	0.001446	0.000000	0.000000	0.000000
369	0.000000	0.000000	0.000000	0.006970	0.991631	0.001399	0.000000	0.000000	0.000000
370	0.000000	0.000000	0.000000	0.006984	0.991571	0.001445	0.000000	0.000000	0.000000
371	0.000000	0.000000	0.000000	0.007011	0.991522	0.001467	0.000000	0.000000	0.000000
372	0.000000	0.000000	0.000000	0.007069	0.991456	0.001475	0.000000	0.000000	0.000000
373	0.000000	0.000000	0.000000	0.007090	0.991413	0.001497	0.000000	0.000000	0.000000
374	0.000000	0.000000	0.000000	0.007057	0.991441	0.001502	0.000000	0.000000	0.000000
375	0.000000	0.000000	0.000000	0.007088	0.991373	0.001539	0.000000	0.000000	0.000000
376	0.000000	0.000000	0.000000	0.007133	0.991395	0.001472	0.000000	0.000000	0.000000
377	0.000000	0.000000	0.000000	0.007172	0.991380	0.001448	0.000000	0.000000	0.000000
378	0.000000	0.000000	0.000000	0.007200	0.991293	0.001507	0.000000	0.000000	0.000000
379	0.000000	0.000000	0.000000	0.007246	0.991271	0.001483	0.000000	0.000000	0.000000
380	0.000000	0.000000	0.000000	0.007201	0.991314	0.001485	0.000000	0.000000	0.000000
381	0.000000	0.000000	0.000000	0.007172	0.991364	0.001464	0.000000	0.000000	0.000000
382	0.000000	0.000000	0.000000	0.007226	0.991245	0.001529	0.000000	0.000000	0.000000
383	0.000000	0.000000	0.000000	0.007170	0.991318	0.001512	0.000000	0.000000	0.000000
384	0.000000	0.000000	0.000000	0.007048	0.991437	0.001515	0.000000	0.000000	0.000000
385	0.000000	0.000000	0.000000	0.007071	0.991353	0.001576	0.000000	0.000000	0.000000
386	0.000000	0.000000	0.000000	0.007157	0.991242	0.001601	0.000000	0.000000	0.000000
387	0.000000	0.000000	0.000000	0.007194	0.991211	0.001595	0.000000	0.000000	0.000000
388	0.000000	0.000000	0.000000	0.007164	0.991284	0.001552	0.000000	0.000000	0.000000
389	0.000000	0.000000	0.000000	0.007180	0.991270	0.001550	0.000000	0.000000	0.000000
390	0.000000	0.000000	0.000000	0.007167	0.991286	0.001547	0.000000	0.000000	0.000000
391	0.000000	0.000000	0.000000	0.007167	0.991257	0.001576	0.000000	0.000000	0.000000
392	0.000000	0.000000	0.000000	0.007203	0.991239	0.001558	0.000000	0.000000	0.000000
393	0.000000	0.000000	0.000000	0.007210	0.991253	0.001537	0.000000	0.000000	0.000000
394	0.000000	0.000000	0.000000	0.007146	0.991339	0.001515	0.000000	0.000000	0.000000
395	0.000000	0.000000	0.000000	0.007056	0.991440	0.001504	0.000000	0.000000	0.000000
396	0.000000	0.000000	0.000000	0.006976	0.991557	0.001467	0.000000	0.000000	0.000000
397	0.000000	0.000000	0.000000	0.006979	0.991555	0.001466	0.000000	0.000000	0.000000
398	0.000000	0.000000	0.000000	0.006909	0.991619	0.001472	0.000000	0.000000	0.000000
399	0.000000	0.000000	0.000000	0.006981	0.991534	0.001485	0.000000	0.000000	0.000000
400	0.000000	0.000000	0.000000	0.006944	0.991595	0.001461	0.000000	0.000000	0.000000
401	0.000000	0.000000	0.000000	0.006979	0.991502	0.001519	0.000000	0.000000	0.000000
402	0.000000	0.000000	0.000000	0.006965	0.991508	0.001527	0.000000	0.000000	0.000000
403	0.000000	0.000000	0.000000	0.006939	0.991486	0.001575	0.000000	0.000000	0.000000
404	0.000000	0.000000	0.000000	0.006939	0.991508	0.001553	0.000000	0.000000	0.000000
405	0.000000	0.000000	0.000000	0.006867	0.991544	0.001589	0.000000	0.000000	0.000000
406	0.000000	0.000000	0.000000	0.006839	0.991561	0.001600	0.000000	0.000000	0.000000
407	0.000000	0.000000	0.000000	0.006725	0.991651	0.001624	0.000000	0.000000	0.000000
408	0.000000	0.000000	0.000000	0.006741	0.991560	0.001699	0.000000	0.000000	0.000000
409	0.000000	0.000000	0.000000	0.006741	0.991532	0.001727	0.000000	0.000000	0.000000
410	0.000000	0.000000	0.000000	0.006631	0.991627	0.001742	0.000000	0.000000	0.000000
411	0.000000	0.000000	0.000000	0.006652	0.991581	0.001767	0.000000	0.000000	0.000000
412	0.000000	0.000000	0.000000	0.006537	0.991688	0.001775	0.000000	0.000000	0.000000
413	0.000000	0.000000	0.000000	0.006558	0.991628	0.001814	0.000000	0.000000	0.000000
414	0.000000	0.000000	0.000000	0.006662	0.991575	0.001763	0.000000	0.000000	0.000000
415	0.000000	0.000000	0.000000	0.006533	0.991715	0.001752	0.000000	0.000000	0.000000
416	0.000000	0.000000	0.000000	0.006489	0.991736	0.001775	0.000000	0.000000	0.000000
417	0.000000	0.000000	0.000000	0.006420	0.991795	0.001785	0.000000	0.000000	0.000000
418	0.000000	0.000000	0.000000	0.006458	0.991724	0.001818	0.000000	0.000000	0.000000
419	0.000000	0.000000	0.000000	0.006393	0.991743	0.001864	0.000000	0.000000	0.000000
420	0.000000	0.000000	0.000000	0.006447	0.991649	0.001904	0.000000	0.000000	0.000000
421	0.000000	0.000000	0.000000	0.006457	0.991666	0.001877	0.000000	0.000000	0.000000
422	0.000000	0.000000	0.000000	0.006432	0.991713	0.001855	0.000000	0.000000	0.000000
423	0.000000	0.000000	0.000000	0.006506	0.991674	0.001820	0.000000	0.000000	0.000000
424	0.000000	0.000000	0.000000	0.006436	0.991749	0.001815	0.000000	0.000000	0.000000
425	0.000000	0.000000	0.000000	0.006559	0.991648	0.001793	0.000000	0.000000	0.000000
426	0.000000	0.000000	0.000000	0.006591	0.991619	0.001790	0.000000	0.000000	0.000000
427	0.000000	0.000000	0.000000	0.006577	0.991626	0.001797	0.000000	0.000000	0.000000
428	0.000000	0.000000	0.000000	0.006492	0.991755	0.001753	0.000000	0.000000	0.000000
429	0.000000	0.000000	0.000000	0.006575	0.991683	0.001742	0.000000	0.000000	0.000000
430	0.000000	0.000000	0.000000	0.006520	0.991711	0.001769	0.000000	0.000000	0.000000
431	0.000000	0.000000	0.000000	0.006504	0.991789	0.001707	0.000000	0.000000	0.000000
432	0.000000	0.000000	0.000000	0.006486	0.991787	0.001727	0.000000	0.000000	0.000000
433	0.000000	0.000000	0.000000	0.006538	0.991756	0.001706	0.000000	0.000000	0.000000
434	0.000000	0.000000	0.000000	0.006550	0.991728	0.001722	0.000000	0.000000	0.000000
435	0.000000	0.000000	0.000000	0.006489	0.991782	0.001729	0.000000	0.000000	0.000000
436	0.000000	0.000000	0.000000	0.006500	0.991789	0.001711	0.000000	0.000000	0.000000
437	0.000000	0.000000	0.000000	0.006500	0.991815	0.001685	0.000000	0.000000	0.000000
438	0.000000	0.000000	0.000000	0.006497	0.991846	0.001657	0.000000	0.000000	0.000000
439	0.000000	0.000000	0.000000	0.006574	0.991734	0.001692	0.000000	0.000000	0.000000
440	0.000000	0.000000	0.000000	0.006534	0.991758	0.001708	0.000000	0.000000	0.000000
441	0.000000	0.000000	0.000000	0.006514	0.991799	0.001687	0.000000	0.000000	0.000000
442	0.000000	0.000000	0.000000	0.006555	0.991815	0.001630	0.000000	0.000000	0.000000
443	0.000000	0.000000	0.000000	0.006572	0.991734	0.001694	0.000000	0.000000	0.000000
444	0.000000	0.000000	0.000000	0.006516	0.991809	0.001675	0.000000	0.000000	0.000000
445	0.000000	0.000000	0.000000	0.006518	0.991752	0.001730	0.000000	0.000000	0.000000
446	0.000000	0.000000	0.000000	0.006557	0.991683	0.001760	0.000000	0.000000	0.000000
447	0.000000	0.000000	0.000000	0.006623	0.991571	0.001806	0.000000	0.000000	0.000000
448	0.000000	0.000000	0.000000	0.006639	0.991504	0.001857	0.000000	0.000000	0.000000
449	0.000000	0.000000	0.000000	0.006555	0.991631	0.001814	0.000000	0.000000	0.000000
450	0.000000	0.000000	0.000000	0.006554	0.991643	0.001803	0.000000	0.000000	0.000000
451	0.000000	0.000000	0.000000	0.006532	0.991714	0.001754	0.000000	0.000000	0.000000
452	0.000000	0.000000	0.000000	0.006565	0.991742	0.001693	0.000000	0.000000	0.000000
453	0.000000	0.000000	0.000000	0.006451	0.991862	0.001687	0.000000	0.000000	0.000000
454	0.000000	0.000000	0.000000	0.006330	0.991953	0.001717	0.000000	0.000000	0.000000
455	0.000000	0.000000	0.000000	0.006350	0.991942	0.001708	0.000000	0.000000	0.000000
456	0.000000	0.000000	0.000000	0.006400	0.991879	0.001721	0.000000	0.000000	0.000000
457	0.000000	0.000000	0.000000	0.006378	0.991871	0.001751	0.000000	0.000000	0.000000
458	0.000000	0.000000	0.000000	0.006411	0.991887	0.001702	0.000000	0.000000	0.000000
459	0.000000	0.000000	0.000000	0.006380	0.991907	0.001713	0.000000	0.000000	0.000000
460	0.000000	0.000000	0.000000	0.006330	0.991932	0.001738	0.000000	0.000000	0.000000
461	0.000000	0.000000	0.000000	0.006355	0.991894	0.001751	0.000000	0.000000	0.000000
462	0.000000	0.000000	0.000000	0.006275	0.991993	0.001732	0.000000	0.000000	0.000000
463	0.000000	0.000000	0.000000	0.006391	0.991963	0.001646	0.000000	0.000000	0.000000
464	0.000000	0.000000	0.000000	0.006429	0.991935	0.001636	0.000000	0.000000	0.000000
465	0.000000	0.000000	0.000000	0.006343	0.992065	0.001592	0.000000	0.000000	0.000000
466	0.000000	0.000000	0.000000	0.006376	0.991989	0.001635	0.000000	0.000000	0.000000
467	0.000000	0.000000	0.000000	0.006375	0.992018	0.001607	0.000000	0.000000	0.000000
468	0.000000	0.000000	0.000000	0.006428	0.991933	0.001639	0.000000	0.000000	0.000000
469	0.000000	0.000000	0.000000	0.006427	0.991856	0.001717	0.000000	0.000000	0.000000
470	0.000000	0.000000	0.000000	0.006397	0.991936	0.001667	0.000000	0.000000	0.000000
