0	0.290663	0.057897	0.229473	0.157588	0.029913	0.111872	0.085455	0.012259	0.024880
1	0.214094	0.044303	0.186697	0.138340	0.028465	0.122407	0.136673	0.026396	0.102625
2	0.199432	0.041036	0.171708	0.131923	0.028435	0.116485	0.153233	0.029778	0.127970
3	0.191638	0.038529	0.159374	0.127185	0.028865	0.108735	0.165626	0.032087	0.147961
4	0.185535	0.036686	0.147069	0.123320	0.029537	0.101416	0.175667	0.033400	0.167370
5	0.180832	0.034702	0.135932	0.119386	0.029983	0.094162	0.184441	0.034309	0.186253
6	0.176644	0.032827	0.125037	0.114949	0.031009	0.087044	0.192320	0.034842	0.205328
7	0.172806	0.030980	0.114648	0.111552	0.031931	0.079798	0.199405	0.035717	0.223163
8	0.169046	0.029434	0.105088	0.108236	0.033170	0.073201	0.205361	0.036059	0.240405
9	0.165757	0.028308	0.096031	0.105290	0.034327	0.066684	0.210944	0.036335	0.256324
10	0.162717	0.027280	0.087490	0.101938	0.035792	0.060799	0.214923	0.036684	0.272377
11	0.159737	0.026007	0.079341	0.098922	0.037447	0.055913	0.218504	0.036501	0.287628
12	0.156971	0.025104	0.072579	0.096059	0.039068	0.050454	0.221673	0.036565	0.301527
13	0.154652	0.024049	0.065728	0.093147	0.040903	0.045910	0.223497	0.036577	0.315537
14	0.151909	0.022994	0.059922	0.090607	0.042643	0.041531	0.226027	0.036357	0.328010
15	0.149298	0.021746	0.054460	0.088151	0.044335	0.037936	0.227334	0.036128	0.340612
16	0.147046	0.020660	0.049659	0.085632	0.045969	0.034467	0.228144	0.035664	0.352759
17	0.145049	0.019689	0.045201	0.083336	0.047750	0.031364	0.228816	0.035496	0.363299
18	0.142971	0.018837	0.041104	0.080734	0.049861	0.028341	0.228776	0.034828	0.374548
19	0.140068	0.018083	0.037385	0.078736	0.051815	0.025646	0.229225	0.034522	0.384520
20	0.138106	0.017338	0.034055	0.076225	0.054156	0.023408	0.228356	0.034019	0.394337
21	0.135584	0.016442	0.030977	0.074033	0.056373	0.021386	0.228134	0.033392	0.403679
22	0.133512	0.015726	0.028284	0.071910	0.058150	0.019639	0.227731	0.032935	0.412113
23	0.131447	0.015183	0.025950	0.070011	0.060088	0.017860	0.226821	0.032318	0.420322
24	0.129495	0.014537	0.023460	0.068231	0.061974	0.016271	0.225599	0.031785	0.428648
25	0.127144	0.013976	0.021421	0.066481	0.064210	0.014994	0.224132	0.031039	0.436603
26	0.125463	0.013555	0.019418	0.064261	0.066426	0.013601	0.222673	0.030421	0.444182
27	0.122785	0.012891	0.017838	0.062368	0.068799	0.012214	0.220809	0.029863	0.452433
28	0.120209	0.012489	0.016202	0.060672	0.070922	0.011231	0.219346	0.029243	0.459686
29	0.117682	0.011954	0.014638	0.058842	0.073299	0.010254	0.217965	0.028709	0.466657
30	0.114984	0.011491	0.013433	0.056997	0.075465	0.009315	0.216506	0.028275	0.473534
31	0.112342	0.011054	0.012246	0.055309	0.077981	0.008581	0.214521	0.027583	0.480383
32	0.110190	0.010639	0.011055	0.053527	0.080399	0.007680	0.213181	0.026765	0.486564
33	0.107872	0.010214	0.010005	0.051671	0.082673	0.007019	0.211694	0.026391	0.492461
34	0.105377	0.009701	0.009050	0.050012	0.085106	0.006504	0.209662	0.025739	0.498849
35	0.102890	0.009259	0.008174	0.048193	0.087449	0.005928	0.208017	0.025107	0.504983
36	0.100326	0.008811	0.007373	0.046430	0.089969	0.005394	0.206210	0.024756	0.510731
37	0.098130	0.008352	0.006562	0.044935	0.092025	0.004853	0.203909	0.024578	0.516656
38	0.095280	0.007974	0.005925	0.043620	0.094269	0.004478	0.202503	0.024191	0.521760
39	0.093064	0.007703	0.005415	0.041930	0.096554	0.004035	0.200549	0.023727	0.527023
40	0.090669	0.007359	0.004895	0.040535	0.098709	0.003688	0.198667	0.023318	0.532160
41	0.088703	0.006906	0.004378	0.039382	0.101365	0.003371	0.196881	0.022846	0.536168
42	0.085727	0.006605	0.003969	0.038238	0.103537	0.003013	0.194547	0.022491	0.541873
43	0.083290	0.006358	0.003556	0.036998	0.105842	0.002851	0.192907	0.022298	0.545900
44	0.080826	0.006091	0.003283	0.035687	0.107949	0.002619	0.191297	0.021841	0.550407
45	0.078407	0.005790	0.002991	0.034264	0.110317	0.002475	0.189774	0.021635	0.554347
46	0.076133	0.005527	0.002701	0.033144	0.112636	0.002269	0.188194	0.021205	0.558191
47	0.073508	0.005116	0.002432	0.032155	0.114732	0.002098	0.186239	0.020692	0.563028
48	0.071491	0.004882	0.002166	0.030851	0.116872	0.001931	0.184107	0.020318	0.567382
49	0.068995	0.004607	0.001975	0.029834	0.118890	0.001772	0.182386	0.019938	0.571603
50	0.067028	0.004465	0.001771	0.028847	0.121114	0.001683	0.180735	0.019598	0.574759
51	0.064770	0.004265	0.001594	0.027777	0.123575	0.001510	0.179137	0.019254	0.578118
52	0.062628	0.004074	0.001455	0.026698	0.125678	0.001407	0.177218	0.019086	0.581756
53	0.060732	0.003873	0.001328	0.025745	0.127650	0.001308	0.175065	0.018654	0.585645
54	0.058681	0.003659	0.001219	0.024898	0.129635	0.001197	0.173445	0.018372	0.588894
55	0.056577	0.003481	0.001105	0.023900	0.132164	0.001086	0.171421	0.018052	0.592214
56	0.054656	0.003336	0.001015	0.023068	0.133914	0.001046	0.169593	0.017755	0.595617
57	0.052712	0.003203	0.000958	0.022192	0.136088	0.000952	0.167874	0.017387	0.598634
58	0.050570	0.003040	0.000894	0.021189	0.138122	0.000875	0.166261	0.017153	0.601896
59	0.048496	0.002918	0.000795	0.020419	0.140083	0.000759	0.164786	0.016770	0.604974
60	0.046462	0.002763	0.000710	0.019699	0.141931	0.000663	0.163295	0.016301	0.608176
61	0.044429	0.002593	0.000652	0.019180	0.144148	0.000616	0.161819	0.016192	0.610371
62	0.042606	0.002492	0.000587	0.018562	0.145826	0.000573	0.160202	0.015992	0.613160
63	0.040880	0.002301	0.000514	0.018012	0.147797	0.000554	0.158661	0.015724	0.615557
64	0.039142	0.002194	0.000450	0.017255	0.149701	0.000532	0.157069	0.015658	0.617999
65	0.037600	0.002139	0.000421	0.016578	0.151540	0.000478	0.155797	0.015422	0.620025
66	0.036142	0.001991	0.000381	0.015787	0.153624	0.000482	0.154880	0.015146	0.621567
67	0.034356	0.001829	0.000370	0.015294	0.155368	0.000461	0.153401	0.015012	0.623909
68	0.033036	0.001699	0.000320	0.014695	0.157209	0.000425	0.152233	0.014890	0.625493
69	0.031855	0.001579	0.000290	0.014246	0.158863	0.000392	0.151093	0.014592	0.627090
70	0.030434	0.001480	0.000284	0.013701	0.160505	0.000368	0.149377	0.014602	0.629249
71	0.028988	0.001391	0.000256	0.013164	0.162387	0.000343	0.147798	0.014349	0.631324
72	0.027932	0.001262	0.000207	0.012763	0.164156	0.000312	0.146230	0.014259	0.632879
73	0.026550	0.001163	0.000199	0.012306	0.165522	0.000303	0.144613	0.013922	0.635422
74	0.025482	0.001105	0.000180	0.011839	0.167575	0.000285	0.143051	0.013927	0.636556
75	0.024353	0.001054	0.000157	0.011491	0.169072	0.000250	0.142107	0.013747	0.637769
76	0.023209	0.000990	0.000140	0.011059	0.170676	0.000199	0.141046	0.013634	0.639047
77	0.022031	0.000940	0.000119	0.010696	0.172118	0.000178	0.139450	0.013249	0.641219
78	0.021104	0.000860	0.000107	0.010273	0.173744	0.000180	0.137751	0.013062	0.642919
79	0.019955	0.000833	0.000111	0.010042	0.174675	0.000172	0.136278	0.013019	0.644915
80	0.018983	0.000788	0.000099	0.009696	0.176218	0.000146	0.134794	0.012814	0.646462
81	0.018135	0.000748	0.000075	0.009340	0.177518	0.000137	0.133510	0.012711	0.647826
82	0.017358	0.000735	0.000060	0.009143	0.178703	0.000132	0.132192	0.012354	0.649323
83	0.016469	0.000694	0.000053	0.008779	0.179820	0.000114	0.130705	0.012243	0.651123
84	0.015675	0.000670	0.000046	0.008642	0.181101	0.000100	0.129688	0.012018	0.652060
85	0.014977	0.000671	0.000041	0.008303	0.182421	0.000087	0.128613	0.011857	0.653030
86	0.014221	0.000653	0.000042	0.008048	0.183896	0.000085	0.126733	0.011671	0.654651
87	0.013417	0.000614	0.000033	0.007753	0.184682	0.000076	0.125549	0.011712	0.656164
88	0.012770	0.000610	0.000030	0.007513	0.185837	0.000063	0.124618	0.011608	0.656951
89	0.012178	0.000592	0.000025	0.007327	0.186897	0.000069	0.123810	0.011598	0.657504
90	0.011599	0.000547	0.000026	0.007136	0.187471	0.000057	0.122750	0.011469	0.658945
91	0.011105	0.000506	0.000026	0.006930	0.188562	0.000054	0.121131	0.011113	0.660573
92	0.010533	0.000513	0.000028	0.006813	0.189807	0.000039	0.120103	0.010950	0.661214
93	0.010136	0.000495	0.000025	0.006538	0.190840	0.000039	0.119548	0.010752	0.661627
94	0.009467	0.000462	0.000019	0.006434	0.191612	0.000038	0.118572	0.010560	0.662836
95	0.009090	0.000446	0.000017	0.006272	0.192776	0.000034	0.117309	0.010370	0.663686
96	0.008643	0.000430	0.000021	0.006075	0.193563	0.000036	0.116851	0.010290	0.664091
97	0.008144	0.000394	0.000022	0.005863	0.194726	0.000022	0.116075	0.009994	0.664760
98	0.007833	0.000364	0.000023	0.005716	0.195353	0.000028	0.114914	0.009795	0.665974
99	0.007337	0.000336	0.000022	0.005557	0.196400	0.000020	0.114249	0.009685	0.666394
100	0.006920	0.000342	0.000014	0.005326	0.197466	0.000018	0.113486	0.009494	0.666934
101	0.006510	0.000329	0.000021	0.005213	0.198356	0.000014	0.112340	0.009279	0.667938
102	0.006205	0.000285	0.000022	0.005150	0.198742	0.000016	0.112071	0.009106	0.668403
103	0.005809	0.000278	0.000018	0.004995	0.199574	0.000012	0.111412	0.008959	0.668943
104	0.005526	0.000251	0.000019	0.004861	0.200236	0.000017	0.110366	0.008741	0.669983
105	0.005299	0.000226	0.000009	0.004854	0.201342	0.000016	0.109698	0.008613	0.669943
106	0.005023	0.000205	0.000011	0.004782	0.201901	0.000019	0.108682	0.008426	0.670951
107	0.004807	0.000208	0.000009	0.004592	0.202074	0.000017	0.108143	0.008317	0.671833
108	0.004683	0.000199	0.000006	0.004461	0.202999	0.000023	0.107082	0.008131	0.672416
109	0.004425	0.000178	0.000009	0.004317	0.203822	0.000023	0.106482	0.008078	0.672666
110	0.004240	0.000152	0.000006	0.004240	0.204520	0.000019	0.105568	0.007945	0.673310
111	0.004039	0.000150	0.000003	0.004090	0.205061	0.000017	0.104518	0.007833	0.674289
112	0.003902	0.000141	0.000003	0.003898	0.205771	0.000018	0.103691	0.007802	0.674774
113	0.003710	0.000124	0.000000	0.003721	0.206499	0.000019	0.102949	0.007771	0.675207
114	0.003445	0.000109	0.000000	0.003565	0.206953	0.000017	0.102104	0.007608	0.676199
115	0.003362	0.000094	0.000000	0.003433	0.207832	0.000016	0.101326	0.007524	0.676413
116	0.003181	0.000090	0.000000	0.003287	0.208658	0.000017	0.100264	0.007329	0.677174
117	0.003056	0.000105	0.000000	0.003239	0.209112	0.000009	0.099436	0.007160	0.677883
118	0.002935	0.000090	0.000000	0.003153	0.209630	0.000008	0.098584	0.007063	0.678537
119	0.002852	0.000106	0.000000	0.003088	0.210070	0.000007	0.098093	0.007067	0.678717
120	0.002741	0.000099	0.000000	0.003047	0.210457	0.000008	0.097550	0.007034	0.679064
121	0.002624	0.000087	0.000000	0.003045	0.210824	0.000004	0.096677	0.006931	0.679808
122	0.002549	0.000088	0.000000	0.002965	0.211524	0.000004	0.095756	0.006760	0.680354
123	0.002389	0.000082	0.000000	0.002900	0.211772	0.000007	0.095021	0.006725	0.681104
124	0.002320	0.000070	0.000000	0.002885	0.212070	0.000009	0.094927	0.006645	0.681074
125	0.002196	0.000064	0.000000	0.002861	0.212674	0.000010	0.094283	0.006591	0.681321
126	0.002127	0.000061	0.000000	0.002820	0.213286	0.000006	0.093500	0.006461	0.681739
127	0.002092	0.000051	0.000000	0.002726	0.213554	0.000005	0.092894	0.006325	0.682353
128	0.001965	0.000051	0.000000	0.002645	0.214510	0.000004	0.092327	0.006351	0.682147
129	0.001900	0.000051	0.000000	0.002560	0.214881	0.000007	0.091266	0.006258	0.683077
130	0.001810	0.000049	0.000000	0.002441	0.215334	0.000006	0.090558	0.006208	0.683594
131	0.001768	0.000053	0.000000	0.002390	0.215726	0.000005	0.089889	0.006130	0.684039
132	0.001722	0.000047	0.000000	0.002275	0.216347	0.000005	0.088964	0.006109	0.684531
133	0.001640	0.000042	0.000000	0.002160	0.216643	0.000004	0.088409	0.005963	0.685139
134	0.001557	0.000052	0.000000	0.002077	0.217204	0.000004	0.088126	0.005867	0.685113
135	0.001526	0.000053	0.000000	0.002020	0.217702	0.000001	0.087530	0.005790	0.685378
136	0.001508	0.000046	0.000000	0.001970	0.218167	0.000000	0.087006	0.005784	0.685519
137	0.001431	0.000047	0.000000	0.001920	0.218490	0.000000	0.086276	0.005765	0.686071
138	0.001358	0.000041	0.000000	0.001827	0.218646	0.000000	0.086157	0.005655	0.686316
139	0.001321	0.000038	0.000000	0.001769	0.218948	0.000000	0.085659	0.005603	0.686662
140	0.001207	0.000034	0.000000	0.001713	0.219193	0.000000	0.085108	0.005503	0.687242
141	0.001187	0.000037	0.000000	0.001709	0.219597	0.000000	0.084476	0.005428	0.687566
142	0.001153	0.000043	0.000000	0.001619	0.219584	0.000000	0.083801	0.005281	0.688519
143	0.001091	0.000036	0.000000	0.001612	0.219766	0.000000	0.082887	0.005343	0.689265
144	0.001061	0.000042	0.000000	0.001567	0.220300	0.000000	0.082397	0.005307	0.689326
145	0.001031	0.000052	0.000000	0.001558	0.220419	0.000000	0.081886	0.005274	0.689780
146	0.000964	0.000056	0.000000	0.001509	0.221098	0.000000	0.081865	0.005296	0.689212
147	0.000928	0.000055	0.000000	0.001488	0.221573	0.000000	0.081334	0.005212	0.689410
148	0.000883	0.000056	0.000000	0.001420	0.222091	0.000000	0.080618	0.005149	0.689783
149	0.000842	0.000064	0.000000	0.001332	0.222326	0.000000	0.079780	0.005129	0.690527
150	0.000840	0.000065	0.000000	0.001254	0.222465	0.000000	0.079471	0.005038	0.690867
151	0.000800	0.000057	0.000000	0.001221	0.222946	0.000000	0.078264	0.004980	0.691732
152	0.000773	0.000055	0.000000	0.001150	0.223434	0.000000	0.077665	0.005045	0.691878
153	0.000742	0.000047	0.000000	0.001124	0.223716	0.000000	0.076745	0.005013	0.692613
154	0.000745	0.000047	0.000000	0.001092	0.224166	0.000000	0.076169	0.004963	0.692818
155	0.000677	0.000044	0.000000	0.001011	0.224528	0.000000	0.075668	0.004864	0.693208
156	0.000667	0.000043	0.000000	0.000971	0.224629	0.000000	0.075281	0.004919	0.693490
157	0.000631	0.000040	0.000000	0.000943	0.224887	0.000000	0.074703	0.004763	0.694033
158	0.000609	0.000037	0.000000	0.000927	0.224879	0.000000	0.074082	0.004732	0.694734
159	0.000593	0.000037	0.000000	0.000933	0.225745	0.000000	0.073410	0.004645	0.694637
160	0.000582	0.000034	0.000000	0.000914	0.226116	0.000000	0.072954	0.004635	0.694765
161	0.000531	0.000035	0.000000	0.000913	0.226000	0.000000	0.072448	0.004683	0.695390
162	0.000537	0.000041	0.000000	0.000850	0.226336	0.000000	0.071809	0.004551	0.695876
163	0.000495	0.000043	0.000000	0.000809	0.226657	0.000000	0.071374	0.004573	0.696049
164	0.000509	0.000039	0.000000	0.000804	0.226787	0.000000	0.070681	0.004530	0.696650
165	0.000504	0.000047	0.000000	0.000778	0.227328	0.000000	0.070348	0.004495	0.696500
166	0.000460	0.000055	0.000000	0.000728	0.227501	0.000000	0.069930	0.004517	0.696809
167	0.000457	0.000053	0.000000	0.000739	0.227206	0.000000	0.068960	0.004394	0.698191
168	0.000431	0.000059	0.000000	0.000723	0.227291	0.000000	0.068661	0.004390	0.698445
169	0.000422	0.000070	0.000000	0.000730	0.227433	0.000000	0.068170	0.004265	0.698910
170	0.000427	0.000076	0.000000	0.000713	0.228012	0.000000	0.067870	0.004251	0.698651
171	0.000453	0.000077	0.000000	0.000699	0.228081	0.000000	0.067293	0.004143	0.699254
172	0.000463	0.000085	0.000000	0.000692	0.228478	0.000000	0.066758	0.004090	0.699434
173	0.000468	0.000085	0.000000	0.000667	0.228528	0.000000	0.066281	0.004058	0.699913
174	0.000459	0.000083	0.000000	0.000666	0.228987	0.000000	0.066183	0.004024	0.699598
175	0.000448	0.000079	0.000000	0.000618	0.229400	0.000000	0.065697	0.003986	0.699772
176	0.000453	0.000069	0.000000	0.000580	0.229522	0.000000	0.065334	0.003972	0.700070
177	0.000443	0.000079	0.000000	0.000569	0.229693	0.000000	0.064955	0.003855	0.700406
178	0.000409	0.000072	0.000000	0.000573	0.229820	0.000000	0.064438	0.003803	0.700885
179	0.000400	0.000079	0.000000	0.000574	0.229766	0.000000	0.064101	0.003768	0.701312
180	0.000388	0.000078	0.000000	0.000573	0.230106	0.000000	0.063443	0.003702	0.701710
181	0.000370	0.000087	0.000000	0.000540	0.229913	0.000000	0.062983	0.003675	0.702432
182	0.000367	0.000086	0.000000	0.000531	0.229995	0.000000	0.062697	0.003615	0.702709
183	0.000384	0.000081	0.000000	0.000541	0.230092	0.000000	0.062214	0.003573	0.703115
184	0.000372	0.000085	0.000000	0.000536	0.230109	0.000000	0.061599	0.003620	0.703679
185	0.000371	0.000082	0.000000	0.000512	0.230417	0.000000	0.061073	0.003599	0.703946
186	0.000373	0.000071	0.000000	0.000490	0.230244	0.000000	0.060545	0.003644	0.704633
187	0.000354	0.000069	0.000000	0.000479	0.230619	0.000000	0.060080	0.003674	0.704725
188	0.000360	0.000072	0.000000	0.000467	0.230877	0.000000	0.059460	0.003633	0.705131
189	0.000357	0.000065	0.000000	0.000434	0.231052	0.000000	0.059088	0.003605	0.705399
190	0.000351	0.000060	0.000000	0.000413	0.231285	0.000000	0.058667	0.003576	0.705648
191	0.000366	0.000054	0.000000	0.000426	0.231086	0.000000	0.058485	0.003515	0.706068
192	0.000376	0.000055	0.000000	0.000428	0.231629	0.000000	0.057876	0.003553	0.706083
193	0.000373	0.000054	0.000000	0.000420	0.231550	0.000000	0.057642	0.003424	0.706537
194	0.000354	0.000051	0.000000	0.000400	0.231487	0.000000	0.057117	0.003342	0.707249
195	0.000361	0.000048	0.000000	0.000406	0.231702	0.000000	0.056852	0.003318	0.707313
196	0.000363	0.000050	0.000000	0.000381	0.231817	0.000000	0.056352	0.003290	0.707747
197	0.000375	0.000046	0.000000	0.000388	0.231778	0.000000	0.055853	0.003193	0.708367
198	0.000358	0.000036	0.000000	0.000380	0.232039	0.000000	0.055297	0.003160	0.708730
199	0.000355	0.000027	0.000000	0.000390	0.232208	0.000000	0.055231	0.003113	0.708676
200	0.000344	0.000029	0.000000	0.000406	0.232364	0.000000	0.054915	0.003059	0.708883
201	0.000339	0.000027	0.000000	0.000411	0.232406	0.000000	0.054363	0.003009	0.709445
202	0.000344	0.000021	0.000000	0.000381	0.232432	0.000000	0.054022	0.003017	0.709783
203	0.000315	0.000023	0.000000	0.000406	0.232296	0.000000	0.053700	0.003059	0.710201
204	0.000309	0.000018	0.000000	0.000420	0.232224	0.000000	0.053252	0.003052	0.710725
205	0.000303	0.000016	0.000000	0.000416	0.232512	0.000000	0.053048	0.002994	0.710711
206	0.000288	0.000007	0.000000	0.000408	0.232268	0.000000	0.053033	0.002941	0.711055
207	0.000288	0.000006	0.000000	0.000419	0.232488	0.000000	0.052983	0.002916	0.710900
208	0.000279	0.000004	0.000000	0.000408	0.232338	0.000000	0.052897	0.002894	0.711180
209	0.000293	0.000001	0.000000	0.000419	0.232539	0.000000	0.052508	0.002866	0.711374
210	0.000260	0.000000	0.000000	0.000428	0.232345	0.000000	0.052364	0.002873	0.711730
211	0.000259	0.000000	0.000000	0.000407	0.232354	0.000000	0.052033	0.002909	0.712038
212	0.000253	0.000000	0.000000	0.000410	0.232359	0.000000	0.051616	0.002871	0.712491
213	0.000236	0.000000	0.000000	0.000381	0.232158	0.000000	0.051610	0.002925	0.712690
214	0.000224	0.000000	0.000000	0.000374	0.232255	0.000000	0.051181	0.002821	0.713145
215	0.000243	0.000000	0.000000	0.000362	0.232349	0.000000	0.050834	0.002777	0.713435
216	0.000245	0.000000	0.000000	0.000350	0.232167	0.000000	0.050287	0.002729	0.714222
217	0.000249	0.000000	0.000000	0.000336	0.232210	0.000000	0.050074	0.002692	0.714439
218	0.000252	0.000000	0.000000	0.000311	0.232201	0.000000	0.049887	0.002680	0.714669
219	0.000262	0.000000	0.000000	0.000313	0.232519	0.000000	0.049569	0.002642	0.714695
220	0.000251	0.000000	0.000000	0.000295	0.232297	0.000000	0.049502	0.002651	0.715004
221	0.000241	0.000000	0.000000	0.000279	0.232110	0.000000	0.049160	0.002572	0.715638
222	0.000220	0.000000	0.000000	0.000266	0.232144	0.000000	0.048970	0.002546	0.715854
223	0.000217	0.000000	0.000000	0.000258	0.232312	0.000000	0.048632	0.002515	0.716066
224	0.000204	0.000000	0.000000	0.000267	0.232319	0.000000	0.048547	0.002588	0.716075
225	0.000207	0.000000	0.000000	0.000284	0.232089	0.000000	0.048525	0.002601	0.716294
226	0.000197	0.000000	0.000000	0.000253	0.232193	0.000000	0.048287	0.002601	0.716469
227	0.000187	0.000000	0.000000	0.000236	0.232250	0.000000	0.048028	0.002606	0.716693
228	0.000173	0.000000	0.000000	0.000221	0.232047	0.000000	0.048053	0.002599	0.716907
229	0.000151	0.000000	0.000000	0.000196	0.232317	0.000000	0.047410	0.002593	0.717333
230	0.000135	0.000000	0.000000	0.000185	0.232078	0.000000	0.047843	0.002545	0.717214
231	0.000135	0.000000	0.000000	0.000173	0.232105	0.000000	0.047769	0.002459	0.717359
232	0.000128	0.000000	0.000000	0.000148	0.231916	0.000000	0.047463	0.002487	0.717858
233	0.000128	0.000000	0.000000	0.000129	0.231894	0.000000	0.047149	0.002446	0.718254
234	0.000115	0.000000	0.000000	0.000131	0.231817	0.000000	0.047059	0.002356	0.718522
235	0.000098	0.000000	0.000000	0.000145	0.231412	0.000000	0.046941	0.002367	0.719037
236	0.000088	0.000000	0.000000	0.000148	0.231073	0.000000	0.046422	0.002305	0.719964
237	0.000082	0.000000	0.000000	0.000142	0.230964	0.000000	0.046058	0.002268	0.720486
238	0.000079	0.000000	0.000000	0.000156	0.230925	0.000000	0.045971	0.002222	0.720647
239	0.000084	0.000000	0.000000	0.000171	0.230655	0.000000	0.045805	0.002257	0.721028
240	0.000072	0.000000	0.000000	0.000169	0.230821	0.000000	0.045463	0.002293	0.721182
241	0.000074	0.000000	0.000000	0.000175	0.230916	0.000000	0.045143	0.002286	0.721406
242	0.000076	0.000000	0.000000	0.000186	0.230645	0.000000	0.044832	0.002293	0.721968
243	0.000073	0.000000	0.000000	0.000189	0.230464	0.000000	0.044505	0.002222	0.722547
244	0.000067	0.000000	0.000000	0.000197	0.230312	0.000000	0.044249	0.002250	0.722925
245	0.000068	0.000000	0.000000	0.000189	0.230130	0.000000	0.044072	0.002241	0.723300
246	0.000067	0.000000	0.000000	0.000192	0.230163	0.000000	0.043808	0.002269	0.723501
247	0.000044	0.000000	0.000000	0.000183	0.230384	0.000000	0.043485	0.002202	0.723702
248	0.000047	0.000000	0.000000	0.000173	0.230649	0.000000	0.043057	0.002212	0.723862
249	0.000038	0.000000	0.000000	0.000181	0.230237	0.000000	0.042814	0.002243	0.724487
250	0.000034	0.000000	0.000000	0.000188	0.230325	0.000000	0.042687	0.002250	0.724516
251	0.000029	0.000000	0.000000	0.000177	0.230441	0.000000	0.042767	0.002224	0.724362
252	0.000034	0.000000	0.000000	0.000165	0.230379	0.000000	0.042724	0.002193	0.724505
253	0.000028	0.000000	0.000000	0.000164	0.230183	0.000000	0.042484	0.002176	0.724965
254	0.000028	0.000000	0.000000	0.000165	0.229997	0.000000	0.042262	0.002138	0.725410
255	0.000025	0.000000	0.000000	0.000157	0.230079	0.000000	0.042068	0.002228	0.725443
256	0.000023	0.000000	0.000000	0.000149	0.229843	0.000000	0.041931	0.002136	0.725918
257	0.000023	0.000000	0.000000	0.000133	0.230029	0.000000	0.041650	0.002115	0.726050
258	0.000023	0.000000	0.000000	0.000124	0.229702	0.000000	0.041234	0.002150	0.726767
259	0.000019	0.000000	0.000000	0.000125	0.229439	0.000000	0.041113	0.002123	0.727181
260	0.000025	0.000000	0.000000	0.000111	0.229720	0.000000	0.040905	0.002128	0.727111
261	0.000022	0.000000	0.000000	0.000098	0.229803	0.000000	0.040685	0.002064	0.727328
262	0.000021	0.000000	0.000000	0.000088	0.229665	0.000000	0.040567	0.002097	0.727562
263	0.000018	0.000000	0.000000	0.000092	0.229598	0.000000	0.040454	0.002105	0.727733
264	0.000017	0.000000	0.000000	0.000088	0.229390	0.000000	0.040173	0.002096	0.728236
265	0.000019	0.000000	0.000000	0.000085	0.229408	0.000000	0.040226	0.002052	0.728210
266	0.000015	0.000000	0.000000	0.000080	0.229115	0.000000	0.039858	0.001981	0.728951
267	0.000022	0.000000	0.000000	0.000076	0.229069	0.000000	0.039602	0.001931	0.729300
268	0.000026	0.000000	0.000000	0.000076	0.228756	0.000000	0.039491	0.002007	0.729644
269	0.000027	0.000000	0.000000	0.000079	0.228629	0.000000	0.039278	0.001989	0.729998
270	0.000021	0.000000	0.000000	0.000076	0.228280	0.000000	0.039139	0.001996	0.730488
271	0.000018	0.000000	0.000000	0.000073	0.228393	0.000000	0.039065	0.002008	0.730443
272	0.000023	0.000000	0.000000	0.000075	0.228379	0.000000	0.038875	0.002009	0.730639
273	0.000020	0.000000	0.000000	0.000069	0.228320	0.000000	0.038693	0.002012	0.730886
274	0.000020	0.000000	0.000000	0.000051	0.228187	0.000000	0.038516	0.001993	0.731233
275	0.000018	0.000000	0.000000	0.000067	0.228032	0.000000	0.038216	0.002016	0.731651
276	0.000014	0.000000	0.000000	0.000068	0.227790	0.000000	0.038068	0.002009	0.732051
277	0.000012	0.000000	0.000000	0.000076	0.227819	0.000000	0.037968	0.001965	0.732160
278	0.000009	0.000000	0.000000	0.000058	0.227465	0.000000	0.037880	0.001889	0.732699
279	0.000012	0.000000	0.000000	0.000057	0.227172	0.000000	0.037769	0.001952	0.733038
280	0.000015	0.000000	0.000000	0.000057	0.227145	0.000000	0.037681	0.001950	0.733152
281	0.000015	0.000000	0.000000	0.000054	0.227121	0.000000	0.037480	0.001944	0.733386
282	0.000013	0.000000	0.000000	0.000053	0.226941	0.000000	0.037550	0.001980	0.733463
283	0.000016	0.000000	0.000000	0.000060	0.226793	0.000000	0.037396	0.001929	0.733806
284	0.000020	0.000000	0.000000	0.000055	0.226681	0.000000	0.037158	0.001920	0.734166
285	0.000016	0.000000	0.000000	0.000046	0.226364	0.000000	0.037105	0.001933	0.734536
286	0.000017	0.000000	0.000000	0.000050	0.226504	0.000000	0.037004	0.001941	0.734484
287	0.000014	0.000000	0.000000	0.000045	0.226184	0.000000	0.036751	0.001949	0.735057
288	0.000015	0.000000	0.000000	0.000047	0.226076	0.000000	0.036840	0.001937	0.735085
289	0.000015	0.000000	0.000000	0.000039	0.225744	0.000000	0.036787	0.001959	0.735456
290	0.000011	0.000000	0.000000	0.000040	0.225671	0.000000	0.036554	0.001955	0.735769
291	0.000015	0.000000	0.000000	0.000037	0.225723	0.000000	0.036451	0.001969	0.735805
292	0.000015	0.000000	0.000000	0.000034	0.225514	0.000000	0.036411	0.001949	0.736077
293	0.000011	0.000000	0.000000	0.000031	0.225381	0.000000	0.036277	0.001987	0.736313
294	0.000009	0.000000	0.000000	0.000033	0.225163	0.000000	0.036163	0.001925	0.736707
295	0.000014	0.000000	0.000000	0.000033	0.224765	0.000000	0.036062	0.001905	0.737221
296	0.000019	0.000000	0.000000	0.000035	0.224581	0.000000	0.035774	0.001890	0.737701
297	0.000022	0.000000	0.000000	0.000033	0.224446	0.000000	0.035832	0.001897	0.737770
298	0.000020	0.000000	0.000000	0.000032	0.224608	0.000000	0.035551	0.001895	0.737894
299	0.000015	0.000000	0.000000	0.000038	0.224668	0.000000	0.035393	0.001894	0.737992
300	0.000016	0.000000	0.000000	0.000034	0.224681	0.000000	0.035218	0.001892	0.738159
301	0.000018	0.000000	0.000000	0.000033	0.224742	0.000000	0.035129	0.001869	0.738209
302	0.000016	0.000000	0.000000	0.000033	0.224905	0.000000	0.034974	0.001861	0.738211
303	0.000019	0.000000	0.000000	0.000032	0.225052	0.000000	0.034940	0.001864	0.738093
304	0.000021	0.000000	0.000000	0.000034	0.224844	0.000000	0.034707	0.001896	0.738498
305	0.000020	0.000000	0.000000	0.000030	0.224945	0.000000	0.034558	0.001933	0.738514
306	0.000023	0.000000	0.000000	0.000032	0.224618	0.000000	0.034284	0.001884	0.739159
307	0.000018	0.000000	0.000000	0.000035	0.224718	0.000000	0.034413	0.001880	0.738936
308	0.000028	0.000000	0.000000	0.000035	0.224824	0.000000	0.034283	0.001873	0.738957
309	0.000025	0.000000	0.000000	0.000032	0.224651	0.000000	0.033884	0.001927	0.739481
310	0.000027	0.000000	0.000000	0.000036	0.224766	0.000000	0.033828	0.001882	0.739461
311	0.000030	0.000000	0.000000	0.000041	0.224790	0.000000	0.033730	0.001895	0.739514
312	0.000029	0.000000	0.000000	0.000038	0.224493	0.000000	0.033574	0.001902	0.739964
313	0.000033	0.000000	0.000000	0.000038	0.224270	0.000000	0.033299	0.001872	0.740488
314	0.000039	0.000000	0.000000	0.000036	0.223979	0.000000	0.032975	0.001845	0.741126
315	0.000036	0.000000	0.000000	0.000032	0.223556	0.000000	0.032931	0.001831	0.741614
316	0.000041	0.000000	0.000000	0.000031	0.223384	0.000000	0.032864	0.001818	0.741862
317	0.000041	0.000000	0.000000	0.000032	0.223340	0.000000	0.032910	0.001777	0.741900
318	0.000035	0.000000	0.000000	0.000032	0.223009	0.000000	0.032741	0.001717	0.742466
319	0.000032	0.000000	0.000000	0.000035	0.223038	0.000000	0.032425	0.001768	0.742702
320	0.000031	0.000000	0.000000	0.000031	0.222769	0.000000	0.032319	0.001784	0.743066
321	0.000029	0.000000	0.000000	0.000033	0.223066	0.000000	0.032270	0.001800	0.742802
322	0.000029	0.000000	0.000000	0.000031	0.222910	0.000000	0.031963	0.001825	0.743242
323	0.000032	0.000000	0.000000	0.000025	0.222978	0.000000	0.031814	0.001843	0.743308
324	0.000030	0.000000	0.000000	0.000020	0.222742	0.000000	0.031604	0.001867	0.743737
325	0.000026	0.000000	0.000000	0.000017	0.222882	0.000000	0.031340	0.001861	0.743874
326	0.000033	0.000000	0.000000	0.000014	0.222715	0.000000	0.031345	0.001889	0.744004
327	0.000031	0.000000	0.000000	0.000011	0.222911	0.000000	0.031147	0.001888	0.744012
328	0.000031	0.000000	0.000000	0.000008	0.222612	0.000000	0.031029	0.001904	0.744416
329	0.000029	0.000000	0.000000	0.000007	0.222659	0.000000	0.030866	0.001845	0.744594
330	0.000029	0.000000	0.000000	0.000006	0.222604	0.000000	0.030719	0.001849	0.744793
331	0.000032	0.000000	0.000000	0.000005	0.222186	0.000000	0.030586	0.001790	0.745401
332	0.000033	0.000000	0.000000	0.000004	0.221886	0.000000	0.030374	0.001786	0.745917
333	0.000026	0.000000	0.000000	0.000000	0.221623	0.000000	0.030489	0.001740	0.746122
334	0.000032	0.000000	0.000000	0.000000	0.221536	0.000000	0.030526	0.001738	0.746168
335	0.000030	0.000000	0.000000	0.000000	0.221479	0.000000	0.030433	0.001721	0.746337
336	0.000027	0.000000	0.000000	0.000000	0.221178	0.000000	0.030366	0.001716	0.746713
337	0.000025	0.000000	0.000000	0.000000	0.221330	0.000000	0.030207	0.001671	0.746767
338	0.000023	0.000000	0.000000	0.000000	0.221178	0.000000	0.030171	0.001690	0.746938
339	0.000019	0.000000	0.000000	0.000000	0.221155	0.000000	0.030002	0.001681	0.747143
340	0.000021	0.000000	0.000000	0.000000	0.221325	0.000000	0.029798	0.001724	0.747132
341	0.000022	0.000000	0.000000	0.000000	0.221105	0.000000	0.029772	0.001708	0.747393
342	0.000022	0.000000	0.000000	0.000000	0.221024	0.000000	0.029745	0.001710	0.747499
343	0.000021	0.000000	0.000000	0.000000	0.220834	0.000000	0.029712	0.001674	0.747759
344	0.000022	0.000000	0.000000	0.000000	0.220353	0.000000	0.029583	0.001658	0.748384
345	0.000019	0.000000	0.000000	0.000000	0.219809	0.000000	0.029639	0.001636	0.748897
346	0.000020	0.000000	0.000000	0.000000	0.219685	0.000000	0.029431	0.001650	0.749214
347	0.000020	0.000000	0.000000	0.000000	0.219590	0.000000	0.029220	0.001641	0.749529
348	0.000013	0.000000	0.000000	0.000000	0.219476	0.000000	0.028796	0.001642	0.750073
349	0.000010	0.000000	0.000000	0.000000	0.219316	0.000000	0.028831	0.001640	0.750203
350	0.000011	0.000000	0.000000	0.000000	0.219236	0.000000	0.028714	0.001645	0.750394
351	0.000008	0.000000	0.000000	0.000000	0.219112	0.000000	0.028617	0.001605	0.750658
352	0.000007	0.000000	0.000000	0.000000	0.219255	0.000000	0.028680	0.001603	0.750455
353	0.000008	0.000000	0.000000	0.000000	0.219110	0.000000	0.028682	0.001599	0.750601
354	0.000007	0.000000	0.000000	0.000000	0.219012	0.000000	0.028772	0.001617	0.750592
355	0.000007	0.000000	0.000000	0.000000	0.219049	0.000000	0.028717	0.001594	0.750633
356	0.000008	0.000000	0.000000	0.000000	0.219045	0.000000	0.028439	0.001603	0.750905
357	0.000008	0.000000	0.000000	0.000000	0.219231	0.000000	0.028287	0.001595	0.750879
358	0.000008	0.000000	0.000000	0.000000	0.219001	0.000000	0.028300	0.001542	0.751149
359	0.000007	0.000000	0.000000	0.000000	0.218920	0.000000	0.027987	0.001549	0.751537
360	0.000007	0.000000	0.000000	0.000000	0.218660	0.000000	0.027830	0.001515	0.751988
361	0.000011	0.000000	0.000000	0.000000	0.218573	0.000000	0.027373	0.001511	0.752532
362	0.000008	0.000000	0.000000	0.000000	0.218542	0.000000	0.027328	0.001467	0.752655
363	0.000006	0.000000	0.000000	0.000000	0.218615	0.000000	0.027050	0.001418	0.752911
364	0.000005	0.000000	0.000000	0.000000	0.218486	0.000000	0.027055	0.001386	0.753068
365	0.000004	0.000000	0.000000	0.000000	0.218408	0.000000	0.026966	0.001372	0.753250
366	0.000002	0.000000	0.000000	0.000000	0.218114	0.000000	0.026990	0.001367	0.753527
367	0.000001	0.000000	0.000000	0.000000	0.217820	0.000000	0.026870	0.001371	0.753938
368	0.000000	0.000000	0.000000	0.000000	0.218193	0.000000	0.026857	0.001357	0.753593
369	0.000000	0.000000	0.000000	0.000000	0.218075	0.000000	0.026880	0.001335	0.753710
370	0.000000	0.000000	0.000000	0.000000	0.218219	0.000000	0.026765	0.001311	0.753705
371	0.000000	0.000000	0.000000	0.000000	0.218119	0.000000	0.026727	0.001277	0.753877
372	0.000000	0.000000	0.000000	0.000000	0.217743	0.000000	0.026611	0.001278	0.754368
373	0.000000	0.000000	0.000000	0.000000	0.217442	0.000000	0.026517	0.001293	0.754748
374	0.000000	0.000000	0.000000	0.000000	0.217421	0.000000	0.026323	0.001282	0.754974
375	0.000000	0.000000	0.000000	0.000000	0.217487	0.000000	0.026287	0.001286	0.754940
376	0.000000	0.000000	0.000000	0.000000	0.217401	0.000000	0.026326	0.001241	0.755032
377	0.000000	0.000000	0.000000	0.000000	0.217221	0.000000	0.026355	0.001247	0.755177
378	0.000000	0.000000	0.000000	0.000000	0.217065	0.000000	0.026287	0.001198	0.755450
379	0.000000	0.000000	0.000000	0.000000	0.216765	0.000000	0.026121	0.001165	0.755949
380	0.000000	0.000000	0.000000	0.000000	0.216322	0.000000	0.025865	0.001154	0.756659
381	0.000000	0.000000	0.000000	0.000000	0.216488	0.000000	0.025850	0.001138	0.756524
382	0.000000	0.000000	0.000000	0.000000	0.216259	0.000000	0.025903	0.001128	0.756710
383	0.000000	0.000000	0.000000	0.000000	0.216006	0.000000	0.025846	0.001098	0.757050
384	0.000000	0.000000	0.000000	0.000000	0.216012	0.000000	0.025557	0.001105	0.757326
385	0.000000	0.000000	0.000000	0.000000	0.215761	0.000000	0.025556	0.001114	0.757569
386	0.000000	0.000000	0.000000	0.000000	0.215696	0.000000	0.025646	0.001098	0.757560
387	0.000000	0.000000	0.000000	0.000000	0.215796	0.000000	0.025474	0.001068	0.757662
388	0.000000	0.000000	0.000000	0.000000	0.215656	0.000000	0.025236	0.001147	0.757961
389	0.000000	0.000000	0.000000	0.000000	0.215617	0.000000	0.025123	0.001116	0.758144
390	0.000000	0.000000	0.000000	0.000000	0.215443	0.000000	0.024856	0.001137	0.758564
391	0.000000	0.000000	0.000000	0.000000	0.215184	0.000000	0.024682	0.001145	0.758989
392	0.000000	0.000000	0.000000	0.000000	0.214763	0.000000	0.024582	0.001194	0.759461
393	0.000000	0.000000	0.000000	0.000000	0.214747	0.000000	0.024726	0.001163	0.759364
394	0.000000	0.000000	0.000000	0.000000	0.214568	0.000000	0.024688	0.001180	0.759564
395	0.000000	0.000000	0.000000	0.000000	0.214646	0.000000	0.024760	0.001173	0.759421
396	0.000000	0.000000	0.000000	0.000000	0.214455	0.000000	0.024883	0.001181	0.759481
397	0.000000	0.000000	0.000000	0.000000	0.214160	0.000000	0.024976	0.001159	0.759705
398	0.000000	0.000000	0.000000	0.000000	0.214162	0.000000	0.024724	0.001134	0.759980
399	0.000000	0.000000	0.000000	0.000000	0.214328	0.000000	0.024752	0.001149	0.759771
400	0.000000	0.000000	0.000000	0.000000	0.214060	0.000000	0.024517	0.001130	0.760293
401	0.000000	0.000000	0.000000	0.000000	0.213862	0.000000	0.024369	0.001127	0.760642
402	0.000000	0.000000	0.000000	0.000000	0.213614	0.000000	0.024306	0.001080	0.761000
403	0.000000	0.000000	0.000000	0.000000	0.213296	0.000000	0.024309	0.001079	0.761316
404	0.000000	0.000000	0.000000	0.000000	0.213208	0.000000	0.024261	0.001045	0.761486
405	0.000000	0.000000	0.000000	0.000000	0.213206	0.000000	0.023915	0.001006	0.761873
406	0.000000	0.000000	0.000000	0.000000	0.213147	0.000000	0.023826	0.000994	0.762033
407	0.000000	0.000000	0.000000	0.000000	0.213018	0.000000	0.023759	0.001014	0.762209
408	0.000000	0.000000	0.000000	0.000000	0.212439	0.000000	0.023811	0.000985	0.762765
409	0.000000	0.000000	0.000000	0.000000	0.212419	0.000000	0.023702	0.001003	0.762876
410	0.000000	0.000000	0.000000	0.000000	0.212435	0.000000	0.023629	0.000997	0.762939
411	0.000000	0.000000	0.000000	0.000000	0.212441	0.000000	0.023539	0.000976	0.763044
412	0.000000	0.000000	0.000000	0.000000	0.212421	0.000000	0.023659	0.000965	0.762955
413	0.000000	0.000000	0.000000	0.000000	0.212258	0.000000	0.023546	0.000982	0.763214
414	0.000000	0.000000	0.000000	0.000000	0.211941	0.000000	0.023545	0.000971	0.763543
415	0.000000	0.000000	0.000000	0.000000	0.211806	0.000000	0.023480	0.000965	0.763749
416	0.000000	0.000000	0.000000	0.000000	0.211491	0.000000	0.023375	0.000992	0.764142
417	0.000000	0.000000	0.000000	0.000000	0.211440	0.000000	0.023227	0.000987	0.764346
418	0.000000	0.000000	0.000000	0.000000	0.211429	0.000000	0.023177	0.000966	0.764428
419	0.000000	0.000000	0.000000	0.000000	0.211076	0.000000	0.023248	0.000936	0.764740
420	0.000000	0.000000	0.000000	0.000000	0.210752	0.000000	0.023350	0.000933	0.764965
421	0.000000	0.000000	0.000000	0.000000	0.210650	0.000000	0.023330	0.000914	0.765106
422	0.000000	0.000000	0.000000	0.000000	0.210622	0.000000	0.023564	0.000939	0.764875
423	0.000000	0.000000	0.000000	0.000000	0.210564	0.000000	0.023392	0.000935	0.765109
424	0.000000	0.000000	0.000000	0.000000	0.210355	0.000000	0.023409	0.000931	0.765305
425	0.000000	0.000000	0.000000	0.000000	0.210450	0.000000	0.023183	0.000961	0.765406
426	0.000000	0.000000	0.000000	0.000000	0.210261	0.000000	0.023251	0.000937	0.765551
427	0.000000	0.000000	0.000000	0.000000	0.210040	0.000000	0.023037	0.000965	0.765958
428	0.000000	0.000000	0.000000	0.000000	0.209726	0.000000	0.022929	0.000976	0.766369
429	0.000000	0.000000	0.000000	0.000000	0.209452	0.000000	0.022979	0.000957	0.766612
430	0.000000	0.000000	0.000000	0.000000	0.209373	0.000000	0.022800	0.000931	0.766896
431	0.000000	0.000000	0.000000	0.000000	0.209190	0.000000	0.022653	0.000954	0.767203
432	0.000000	0.000000	0.000000	0.000000	0.209161	0.000000	0.022684	0.000951	0.767204
433	0.000000	0.000000	0.000000	0.000000	0.208760	0.000000	0.022594	0.000917	0.767729
434	0.000000	0.000000	0.000000	0.000000	0.208748	0.000000	0.022444	0.000868	0.767940
435	0.000000	0.000000	0.000000	0.000000	0.208493	0.000000	0.022467	0.000886	0.768154
436	0.000000	0.000000	0.000000	0.000000	0.208255	0.000000	0.022324	0.000852	0.768569
437	0.000000	0.000000	0.000000	0.000000	0.207947	0.000000	0.022335	0.000837	0.768881
438	0.000000	0.000000	0.000000	0.000000	0.208160	0.000000	0.022193	0.000864	0.768783
439	0.000000	0.000000	0.000000	0.000000	0.207725	0.000000	0.022105	0.000847	0.769323
440	0.000000	0.000000	0.000000	0.000000	0.207587	0.000000	0.022069	0.000855	0.769489
441	0.000000	0.000000	0.000000	0.000000	0.207396	0.000000	0.022005	0.000830	0.769769
442	0.000000	0.000000	0.000000	0.000000	0.207111	0.000000	0.022037	0.000813	0.770039
443	0.000000	0.000000	0.000000	0.000000	0.207023	0.000000	0.021916	0.000812	0.770249
444	0.000000	0.000000	0.000000	0.000000	0.206839	0.000000	0.021900	0.000823	0.770438
445	0.000000	0.000000	0.000000	0.000000	0.206829	0.000000	0.021923	0.000805	0.770443
446	0.000000	0.000000	0.000000	0.000000	0.206815	0.000000	0.021822	0.000820	0.770543
447	0.000000	0.000000	0.000000	0.000000	0.206540	0.000000	0.021880	0.000823	0.770757
448	0.000000	0.000000	0.000000	0.000000	0.206471	0.000000	0.021778	0.000833	0.770918
449	0.000000	0.000000	0.000000	0.000000	0.206279	0.000000	0.021757	0.000812	0.771152
450	0.000000	0.000000	0.000000	0.000000	0.206198	0.000000	0.021751	0.000819	0.771232
451	0.000000	0.000000	0.000000	0.000000	0.205921	0.000000	0.021538	0.000820	0.771721
452	0.000000	0.000000	0.000000	0.000000	0.205758	0.000000	0.021588	0.000811	0.771843
453	0.000000	0.000000	0.000000	0.000000	0.205627	0.000000	0.021497	0.000807	0.772069
454	0.000000	0.000000	0.000000	0.000000	0.205482	0.000000	0.021366	0.000767	0.772385
455	0.000000	0.000000	0.000000	0.000000	0.205176	0.000000	0.021499	0.000746	0.772579
456	0.000000	0.000000	0.000000	0.000000	0.205175	0.000000	0.021579	0.000750	0.772496
457	0.000000	0.000000	0.000000	0.000000	0.204775	0.000000	0.021670	0.000785	0.772770
458	0.000000	0.000000	0.000000	0.000000	0.205002	0.000000	0.021713	0.000810	0.772475
459	0.000000	0.000000	0.000000	0.000000	0.204658	0.000000	0.021633	0.000796	0.772913
460	0.000000	0.000000	0.000000	0.000000	0.204505	0.000000	0.021621	0.000781	0.773093
461	0.000000	0.000000	0.000000	0.000000	0.204435	0.000000	0.021533	0.000770	0.773262
462	0.000000	0.000000	0.000000	0.000000	0.204298	0.000000	0.021496	0.000796	0.773410
463	0.000000	0.000000	0.000000	0.000000	0.204378	0.000000	0.021286	0.000793	0.773543
464	0.000000	0.000000	0.000000	0.000000	0.204325	0.000000	0.021172	0.000782	0.773721
465	0.000000	0.000000	0.000000	0.000000	0.203827	0.000000	0.021233	0.000790	0.774150
466	0.000000	0.000000	0.000000	0.000000	0.203612	0.000000	0.021319	0.000810	0.774259
467	0.000000	0.000000	0.000000	0.000000	0.203450	0.000000	0.021259	0.000822	0.774469
468	0.000000	0.000000	0.000000	0.000000	0.203317	0.000000	0.021232	0.000810	0.774641
469	0.000000	0.000000	0.000000	0.000000	0.203094	0.000000	0.021046	0.000806	0.775054
470	0.000000	0.000000	0.000000	0.000000	0.202832	0.000000	0.021172	0.000791	0.775205
