0	0.290663	0.057897	0.229473	0.157588	0.029913	0.111872	0.085455	0.012259	0.024880
1	0.237588	0.049416	0.204753	0.133476	0.027547	0.115203	0.118732	0.022926	0.090359
2	0.243928	0.050174	0.208187	0.122743	0.026772	0.107017	0.118697	0.023046	0.099436
3	0.255632	0.051290	0.213596	0.113336	0.026355	0.098005	0.115988	0.022030	0.103768
4	0.267923	0.052698	0.218497	0.105036	0.026049	0.089788	0.111757	0.020847	0.107405
5	0.281336	0.053805	0.222698	0.096984	0.025734	0.081790	0.107368	0.019899	0.110386
6	0.294600	0.054734	0.226995	0.089469	0.025679	0.074282	0.102476	0.018886	0.112879
7	0.308034	0.055959	0.229418	0.082666	0.025646	0.067402	0.098180	0.017852	0.114843
8	0.321458	0.057216	0.232012	0.076111	0.025746	0.060505	0.093142	0.016706	0.117104
9	0.334088	0.058490	0.233734	0.070135	0.025593	0.054700	0.088737	0.015603	0.118920
10	0.346109	0.059268	0.234372	0.064665	0.025819	0.049643	0.084263	0.014736	0.121125
11	0.357737	0.060108	0.235674	0.059801	0.025976	0.044885	0.079958	0.013679	0.122182
12	0.369630	0.061129	0.236603	0.054716	0.025898	0.040250	0.075542	0.012889	0.123343
13	0.380650	0.061515	0.237177	0.050467	0.025927	0.036351	0.071266	0.012215	0.124432
14	0.391762	0.061833	0.237271	0.046426	0.026117	0.032653	0.067117	0.011530	0.125291
15	0.401718	0.062589	0.237119	0.042875	0.026217	0.029455	0.063257	0.010762	0.126008
16	0.411813	0.062915	0.236765	0.039230	0.026336	0.026740	0.059881	0.010019	0.126301
17	0.420942	0.063112	0.236566	0.036067	0.026308	0.023809	0.056540	0.009435	0.127221
18	0.430862	0.063236	0.235573	0.032775	0.026768	0.021202	0.053251	0.008798	0.127535
19	0.439153	0.063461	0.234934	0.030291	0.027125	0.019230	0.050117	0.008298	0.127391
20	0.446628	0.064015	0.234130	0.027838	0.027312	0.017466	0.047026	0.007764	0.127821
21	0.454386	0.064157	0.232327	0.025406	0.027632	0.015970	0.044436	0.007331	0.128355
22	0.462228	0.064398	0.231022	0.023782	0.027870	0.014226	0.041429	0.006992	0.128053
23	0.470353	0.064465	0.229252	0.021696	0.028038	0.012808	0.038776	0.006565	0.128047
24	0.478119	0.064510	0.227182	0.019975	0.027995	0.011485	0.036478	0.006052	0.128204
25	0.485778	0.064764	0.225637	0.018301	0.028166	0.010347	0.033758	0.005582	0.127667
26	0.492561	0.064565	0.223628	0.016740	0.028400	0.009552	0.032014	0.005132	0.127408
27	0.499310	0.064542	0.221461	0.015478	0.028732	0.008588	0.029906	0.004837	0.127146
28	0.505414	0.064888	0.219395	0.014130	0.028807	0.007827	0.028059	0.004469	0.127011
29	0.511592	0.065053	0.216666	0.013129	0.029073	0.007220	0.026261	0.004156	0.126850
30	0.516930	0.065092	0.214684	0.012293	0.029598	0.006516	0.024406	0.003870	0.126611
31	0.522124	0.065115	0.212992	0.011206	0.029963	0.006070	0.023020	0.003643	0.125867
32	0.527940	0.065095	0.210767	0.010194	0.030239	0.005519	0.021414	0.003405	0.125427
33	0.533116	0.064995	0.208158	0.009553	0.030630	0.004944	0.020043	0.003285	0.125276
34	0.537778	0.065021	0.206126	0.008960	0.031124	0.004556	0.018980	0.003087	0.124368
35	0.543326	0.064535	0.203810	0.008402	0.031503	0.004151	0.017588	0.002940	0.123745
36	0.548632	0.064179	0.201428	0.007841	0.031791	0.003836	0.016632	0.002815	0.122846
37	0.552835	0.064019	0.199501	0.007372	0.032043	0.003457	0.015801	0.002598	0.122374
38	0.557077	0.064174	0.197501	0.006886	0.032531	0.003162	0.014785	0.002392	0.121492
39	0.560563	0.064126	0.195901	0.006392	0.032742	0.003033	0.013897	0.002208	0.121138
40	0.565255	0.064224	0.193433	0.005965	0.032931	0.002800	0.012981	0.002083	0.120328
41	0.569070	0.064112	0.191708	0.005529	0.033273	0.002538	0.012267	0.001957	0.119546
42	0.572599	0.064300	0.189710	0.005146	0.033439	0.002402	0.011440	0.001883	0.119081
43	0.576256	0.064117	0.187725	0.004679	0.034032	0.002278	0.010584	0.001819	0.118510
44	0.580046	0.063797	0.186059	0.004408	0.034329	0.002148	0.010097	0.001678	0.117438
45	0.584218	0.064064	0.183744	0.004160	0.034742	0.001956	0.009330	0.001546	0.116240
46	0.587282	0.064143	0.182052	0.004025	0.034979	0.001806	0.008793	0.001425	0.115495
47	0.590991	0.064142	0.180121	0.003741	0.035453	0.001679	0.008335	0.001376	0.114162
48	0.594829	0.063924	0.178102	0.003521	0.036111	0.001546	0.007878	0.001288	0.112801
49	0.598326	0.063525	0.176172	0.003340	0.036888	0.001457	0.007440	0.001170	0.111682
50	0.601610	0.063625	0.174374	0.003162	0.037245	0.001382	0.006917	0.001179	0.110506
51	0.604933	0.063860	0.172423	0.003056	0.037420	0.001299	0.006506	0.001108	0.109395
52	0.607936	0.064043	0.170657	0.002864	0.037836	0.001193	0.006110	0.001051	0.108310
53	0.610539	0.064034	0.169662	0.002757	0.038286	0.001155	0.005667	0.001019	0.106881
54	0.613617	0.064246	0.167529	0.002630	0.038733	0.001098	0.005288	0.001023	0.105836
55	0.616771	0.064418	0.165354	0.002462	0.039264	0.001032	0.004959	0.000933	0.104807
56	0.619989	0.064160	0.164175	0.002314	0.039510	0.000932	0.004592	0.000894	0.103434
57	0.623671	0.064020	0.161762	0.002259	0.039829	0.000819	0.004347	0.000787	0.102506
58	0.626630	0.063701	0.160480	0.002113	0.040170	0.000790	0.004102	0.000781	0.101233
59	0.629321	0.063477	0.159090	0.002084	0.040656	0.000733	0.003996	0.000681	0.099962
60	0.632032	0.062928	0.157965	0.002027	0.040912	0.000690	0.003706	0.000619	0.099121
61	0.634525	0.063229	0.156262	0.001936	0.041562	0.000665	0.003430	0.000577	0.097814
62	0.637207	0.062496	0.155162	0.001856	0.042247	0.000623	0.003241	0.000539	0.096629
63	0.640171	0.062428	0.153367	0.001740	0.042693	0.000567	0.003124	0.000532	0.095378
64	0.643424	0.062035	0.152134	0.001665	0.043121	0.000521	0.002958	0.000483	0.093659
65	0.646080	0.061670	0.150871	0.001564	0.043667	0.000500	0.002694	0.000471	0.092483
66	0.648398	0.061286	0.149516	0.001493	0.044483	0.000440	0.002561	0.000398	0.091425
67	0.650305	0.061348	0.148674	0.001402	0.044857	0.000422	0.002477	0.000395	0.090120
68	0.652951	0.061221	0.147450	0.001341	0.045519	0.000412	0.002305	0.000371	0.088430
69	0.654855	0.061155	0.146348	0.001235	0.045925	0.000431	0.002148	0.000372	0.087531
70	0.658388	0.061040	0.144669	0.001245	0.046162	0.000377	0.001976	0.000354	0.085789
71	0.659988	0.060892	0.143910	0.001183	0.046959	0.000377	0.001898	0.000317	0.084476
72	0.662732	0.060677	0.142538	0.001100	0.047668	0.000330	0.001825	0.000298	0.082832
73	0.665066	0.060584	0.141482	0.001041	0.048376	0.000347	0.001679	0.000284	0.081141
74	0.667221	0.060635	0.140258	0.000995	0.048981	0.000359	0.001613	0.000267	0.079671
75	0.669516	0.060400	0.139011	0.000987	0.049620	0.000331	0.001537	0.000268	0.078330
76	0.672063	0.060137	0.138021	0.000910	0.050137	0.000311	0.001416	0.000240	0.076765
77	0.673954	0.059733	0.137352	0.000932	0.050726	0.000287	0.001305	0.000213	0.075498
78	0.675967	0.059514	0.136046	0.000910	0.051291	0.000285	0.001210	0.000235	0.074542
79	0.678031	0.059513	0.135252	0.000864	0.051696	0.000281	0.001192	0.000201	0.072970
80	0.680502	0.058920	0.134467	0.000791	0.052276	0.000268	0.001129	0.000189	0.071458
81	0.682074	0.058861	0.133594	0.000810	0.052743	0.000249	0.001072	0.000174	0.070423
82	0.684229	0.058607	0.132510	0.000824	0.053303	0.000242	0.000999	0.000160	0.069126
83	0.685555	0.058461	0.131673	0.000752	0.054110	0.000219	0.000920	0.000166	0.068144
84	0.686957	0.058637	0.131272	0.000723	0.054605	0.000208	0.000825	0.000173	0.066600
85	0.689215	0.058143	0.130218	0.000712	0.055006	0.000210	0.000805	0.000137	0.065554
86	0.691420	0.057938	0.129357	0.000708	0.055594	0.000194	0.000708	0.000135	0.063946
87	0.692881	0.057878	0.128734	0.000737	0.056067	0.000203	0.000644	0.000122	0.062734
88	0.694194	0.057745	0.128038	0.000748	0.056472	0.000198	0.000611	0.000118	0.061876
89	0.695675	0.057172	0.127556	0.000733	0.057251	0.000183	0.000569	0.000105	0.060756
90	0.697224	0.057127	0.126478	0.000774	0.058057	0.000184	0.000507	0.000090	0.059559
91	0.698228	0.057008	0.126176	0.000702	0.058748	0.000178	0.000484	0.000084	0.058392
92	0.699724	0.056749	0.125522	0.000661	0.059454	0.000180	0.000447	0.000071	0.057192
93	0.701167	0.056628	0.125270	0.000631	0.059868	0.000199	0.000415	0.000079	0.055743
94	0.702650	0.056243	0.124893	0.000655	0.060368	0.000212	0.000377	0.000076	0.054526
95	0.703654	0.056094	0.124293	0.000570	0.061244	0.000203	0.000385	0.000063	0.053494
96	0.705287	0.055677	0.123758	0.000572	0.061837	0.000183	0.000355	0.000069	0.052262
97	0.706666	0.055303	0.123180	0.000579	0.062381	0.000192	0.000315	0.000079	0.051305
98	0.708095	0.054993	0.122713	0.000567	0.063181	0.000176	0.000286	0.000072	0.049917
99	0.709525	0.054776	0.121919	0.000573	0.063955	0.000210	0.000263	0.000061	0.048718
100	0.711589	0.054507	0.120821	0.000525	0.064621	0.000196	0.000269	0.000058	0.047414
101	0.712614	0.054272	0.120603	0.000499	0.065239	0.000181	0.000249	0.000066	0.046277
102	0.714034	0.054125	0.119841	0.000457	0.066019	0.000170	0.000230	0.000066	0.045058
103	0.715301	0.053940	0.119200	0.000437	0.066873	0.000172	0.000219	0.000066	0.043792
104	0.716742	0.053480	0.118483	0.000422	0.067464	0.000162	0.000214	0.000060	0.042973
105	0.718418	0.053034	0.117978	0.000419	0.067879	0.000181	0.000177	0.000051	0.041863
106	0.719547	0.052467	0.117638	0.000419	0.068684	0.000154	0.000165	0.000057	0.040869
107	0.720622	0.052362	0.116858	0.000416	0.069360	0.000147	0.000163	0.000048	0.040024
108	0.722053	0.052333	0.115785	0.000442	0.069892	0.000153	0.000143	0.000047	0.039152
109	0.723512	0.052012	0.115298	0.000407	0.070388	0.000154	0.000128	0.000038	0.038063
110	0.724987	0.051448	0.114960	0.000418	0.070904	0.000139	0.000132	0.000032	0.036980
111	0.726008	0.051282	0.114243	0.000413	0.071561	0.000144	0.000142	0.000028	0.036179
112	0.726588	0.051043	0.113836	0.000389	0.072588	0.000146	0.000126	0.000027	0.035257
113	0.727602	0.050794	0.113475	0.000386	0.073217	0.000130	0.000105	0.000018	0.034273
114	0.728374	0.050275	0.113250	0.000344	0.073760	0.000133	0.000096	0.000021	0.033747
115	0.729153	0.050326	0.112546	0.000351	0.074413	0.000144	0.000083	0.000020	0.032964
116	0.729891	0.050033	0.111942	0.000332	0.075373	0.000129	0.000097	0.000022	0.032181
117	0.731245	0.049849	0.110980	0.000318	0.076016	0.000133	0.000083	0.000016	0.031360
118	0.731937	0.049533	0.110682	0.000314	0.076720	0.000123	0.000073	0.000017	0.030601
119	0.732970	0.049050	0.110104	0.000321	0.077242	0.000136	0.000073	0.000010	0.030094
120	0.733394	0.048934	0.109909	0.000299	0.077949	0.000136	0.000074	0.000009	0.029296
121	0.733717	0.048739	0.109949	0.000279	0.078667	0.000127	0.000064	0.000011	0.028447
122	0.734140	0.048367	0.109783	0.000273	0.079234	0.000131	0.000056	0.000007	0.028009
123	0.734840	0.047997	0.109458	0.000268	0.080082	0.000124	0.000047	0.000004	0.027180
124	0.735519	0.047525	0.109576	0.000259	0.080626	0.000128	0.000043	0.000007	0.026317
125	0.735987	0.047234	0.109346	0.000255	0.081378	0.000118	0.000029	0.000009	0.025644
126	0.736865	0.047347	0.108834	0.000249	0.081697	0.000123	0.000043	0.000005	0.024837
127	0.737386	0.046690	0.109056	0.000252	0.082301	0.000135	0.000047	0.000003	0.024130
128	0.738147	0.046473	0.108466	0.000263	0.082988	0.000132	0.000040	0.000005	0.023486
129	0.738513	0.046297	0.108315	0.000230	0.083611	0.000135	0.000032	0.000005	0.022862
130	0.738560	0.045919	0.108536	0.000232	0.084430	0.000120	0.000030	0.000006	0.022167
131	0.738867	0.045811	0.107939	0.000210	0.085395	0.000111	0.000024	0.000008	0.021635
132	0.739331	0.045571	0.107999	0.000203	0.085912	0.000098	0.000026	0.000006	0.020854
133	0.739274	0.045445	0.107813	0.000202	0.086540	0.000094	0.000027	0.000008	0.020597
134	0.739530	0.045428	0.107403	0.000189	0.087281	0.000087	0.000022	0.000006	0.020054
135	0.740208	0.045183	0.107274	0.000206	0.087718	0.000085	0.000018	0.000006	0.019302
136	0.740360	0.044859	0.107151	0.000192	0.088553	0.000099	0.000024	0.000007	0.018755
137	0.740783	0.044718	0.106807	0.000207	0.089056	0.000087	0.000028	0.000002	0.018312
138	0.741337	0.044354	0.106714	0.000196	0.089631	0.000076	0.000034	0.000003	0.017655
139	0.741775	0.044329	0.106126	0.000187	0.090244	0.000091	0.000027	0.000005	0.017216
140	0.742401	0.044088	0.105412	0.000161	0.090953	0.000072	0.000017	0.000006	0.016890
141	0.742231	0.043574	0.105702	0.000153	0.091881	0.000080	0.000018	0.000004	0.016357
142	0.741924	0.043452	0.105915	0.000154	0.092602	0.000071	0.000019	0.000003	0.015860
143	0.742402	0.043279	0.105587	0.000139	0.093120	0.000076	0.000015	0.000001	0.015381
144	0.742979	0.042979	0.105382	0.000128	0.093603	0.000075	0.000018	0.000000	0.014836
145	0.742836	0.042964	0.105200	0.000132	0.094303	0.000079	0.000011	0.000000	0.014475
146	0.742851	0.042905	0.104960	0.000128	0.094798	0.000078	0.000010	0.000000	0.014270
147	0.743540	0.042520	0.104417	0.000120	0.095596	0.000069	0.000011	0.000000	0.013727
148	0.744084	0.042104	0.104298	0.000106	0.096030	0.000069	0.000011	0.000000	0.013298
149	0.744159	0.041995	0.104183	0.000098	0.096494	0.000066	0.000011	0.000000	0.012994
150	0.744291	0.042040	0.103822	0.000089	0.097103	0.000066	0.000008	0.000000	0.012581
151	0.744358	0.041640	0.104101	0.000082	0.097493	0.000074	0.000007	0.000000	0.012245
152	0.744500	0.041486	0.103928	0.000079	0.098031	0.000070	0.000010	0.000000	0.011896
153	0.744244	0.041003	0.104241	0.000066	0.098890	0.000064	0.000014	0.000000	0.011478
154	0.744400	0.040765	0.104016	0.000070	0.099496	0.000052	0.000016	0.000000	0.011185
155	0.744355	0.040616	0.103791	0.000061	0.100190	0.000052	0.000016	0.000000	0.010919
156	0.744912	0.040201	0.103273	0.000067	0.100862	0.000051	0.000016	0.000000	0.010618
157	0.744633	0.040147	0.102908	0.000053	0.101712	0.000054	0.000020	0.000000	0.010473
158	0.744247	0.040325	0.102894	0.000059	0.102359	0.000055	0.000021	0.000000	0.010040
159	0.743996	0.040089	0.103288	0.000046	0.102785	0.000061	0.000021	0.000000	0.009714
160	0.744449	0.039667	0.102791	0.000034	0.103573	0.000047	0.000021	0.000000	0.009418
161	0.745463	0.039402	0.101962	0.000043	0.103910	0.000039	0.000015	0.000000	0.009166
162	0.744824	0.039090	0.102604	0.000046	0.104437	0.000049	0.000011	0.000000	0.008939
163	0.745203	0.038732	0.102164	0.000033	0.105053	0.000044	0.000009	0.000000	0.008762
164	0.745663	0.038692	0.101604	0.000033	0.105454	0.000047	0.000005	0.000000	0.008502
165	0.745267	0.038411	0.101866	0.000032	0.106085	0.000041	0.000007	0.000000	0.008291
166	0.745783	0.038103	0.101198	0.000029	0.106824	0.000027	0.000006	0.000000	0.008030
167	0.745348	0.038230	0.101273	0.000025	0.107286	0.000031	0.000003	0.000000	0.007804
168	0.745244	0.037759	0.101180	0.000026	0.108134	0.000037	0.000001	0.000000	0.007619
169	0.744575	0.037815	0.101276	0.000026	0.108747	0.000036	0.000001	0.000000	0.007524
170	0.744721	0.037657	0.101036	0.000027	0.109208	0.000028	0.000000	0.000000	0.007323
171	0.744773	0.037620	0.100667	0.000023	0.109818	0.000036	0.000000	0.000000	0.007063
172	0.744308	0.037629	0.100804	0.000021	0.110378	0.000032	0.000000	0.000000	0.006828
173	0.743741	0.037296	0.101265	0.000019	0.110943	0.000032	0.000002	0.000000	0.006702
174	0.743951	0.037130	0.100889	0.000024	0.111402	0.000031	0.000002	0.000000	0.006571
175	0.743522	0.036953	0.100850	0.000026	0.112111	0.000024	0.000002	0.000000	0.006512
176	0.743663	0.036626	0.100881	0.000026	0.112524	0.000022	0.000001	0.000000	0.006257
177	0.743662	0.036539	0.100469	0.000020	0.113112	0.000034	0.000000	0.000000	0.006164
178	0.743935	0.036284	0.099828	0.000026	0.113780	0.000026	0.000000	0.000000	0.006121
179	0.743362	0.036194	0.099838	0.000019	0.114483	0.000024	0.000000	0.000000	0.006080
180	0.742790	0.036060	0.100000	0.000020	0.115116	0.000022	0.000000	0.000000	0.005992
181	0.742823	0.035847	0.099715	0.000016	0.115690	0.000022	0.000000	0.000000	0.005887
182	0.742740	0.035791	0.099422	0.000021	0.116267	0.000020	0.000000	0.000000	0.005739
183	0.742864	0.035569	0.099082	0.000024	0.116793	0.000021	0.000000	0.000000	0.005647
184	0.742421	0.035527	0.099380	0.000011	0.117237	0.000019	0.000000	0.000000	0.005405
185	0.742128	0.035347	0.099063	0.000010	0.118163	0.000021	0.000000	0.000000	0.005268
186	0.741458	0.035239	0.099248	0.000015	0.118794	0.000015	0.000000	0.000000	0.005231
187	0.741784	0.035044	0.098710	0.000011	0.119371	0.000013	0.000000	0.000000	0.005067
188	0.741384	0.034801	0.098827	0.000012	0.120062	0.000015	0.000000	0.000000	0.004899
189	0.741120	0.034477	0.098935	0.000018	0.120542	0.000013	0.000000	0.000000	0.004895
190	0.740899	0.034501	0.098549	0.000011	0.121109	0.000018	0.000000	0.000000	0.004913
191	0.740811	0.034293	0.098328	0.000007	0.121759	0.000017	0.000000	0.000000	0.004785
192	0.740515	0.033943	0.098289	0.000005	0.122530	0.000018	0.000000	0.000000	0.004700
193	0.740877	0.033429	0.097965	0.000007	0.123137	0.000014	0.000000	0.000000	0.004571
194	0.740142	0.033214	0.098078	0.000005	0.123991	0.000011	0.000000	0.000000	0.004559
195	0.740105	0.033079	0.097728	0.000002	0.124487	0.000013	0.000000	0.000000	0.004586
196	0.739578	0.032829	0.097594	0.000003	0.125474	0.000012	0.000000	0.000000	0.004510
197	0.739259	0.032661	0.097781	0.000000	0.125834	0.000012	0.000000	0.000000	0.004453
198	0.738700	0.032732	0.097596	0.000000	0.126645	0.000007	0.000000	0.000000	0.004320
199	0.738567	0.032494	0.097558	0.000001	0.127133	0.000014	0.000000	0.000000	0.004233
200	0.738430	0.032257	0.097349	0.000002	0.127879	0.000009	0.000000	0.000000	0.004074
201	0.738043	0.032215	0.097201	0.000003	0.128522	0.000005	0.000000	0.000000	0.004011
202	0.737266	0.032329	0.097267	0.000001	0.129164	0.000004	0.000000	0.000000	0.003969
203	0.737326	0.032283	0.096635	0.000000	0.129854	0.000004	0.000000	0.000000	0.003898
204	0.736816	0.032106	0.096895	0.000000	0.130274	0.000004	0.000000	0.000000	0.003905
205	0.736097	0.032308	0.096712	0.000000	0.131051	0.000002	0.000000	0.000000	0.003830
206	0.736376	0.031814	0.096175	0.000000	0.131844	0.000002	0.000000	0.000000	0.003789
207	0.735962	0.031732	0.095874	0.000000	0.132668	0.000003	0.000000	0.000000	0.003761
208	0.734998	0.031671	0.095945	0.000000	0.133700	0.000007	0.000000	0.000000	0.003679
209	0.734794	0.031595	0.095679	0.000000	0.134379	0.000007	0.000000	0.000000	0.003546
210	0.734637	0.031343	0.095465	0.000000	0.135007	0.000005	0.000000	0.000000	0.003543
211	0.733820	0.031469	0.095459	0.000000	0.135710	0.000009	0.000000	0.000000	0.003533
212	0.734039	0.031003	0.095530	0.000000	0.136019	0.000010	0.000000	0.000000	0.003399
213	0.733793	0.030852	0.095246	0.000000	0.136710	0.000014	0.000000	0.000000	0.003385
214	0.733625	0.030541	0.095401	0.000000	0.137257	0.000014	0.000000	0.000000	0.003162
215	0.733330	0.030179	0.095250	0.000000	0.138058	0.000012	0.000000	0.000000	0.003171
216	0.733299	0.030124	0.094970	0.000000	0.138472	0.000010	0.000000	0.000000	0.003125
217	0.733035	0.030083	0.094538	0.000000	0.139203	0.000011	0.000000	0.000000	0.003130
218	0.732570	0.029644	0.094566	0.000000	0.140128	0.000011	0.000000	0.000000	0.003081
219	0.732040	0.029530	0.094326	0.000000	0.141045	0.000011	0.000000	0.000000	0.003048
220	0.731470	0.029677	0.094395	0.000000	0.141401	0.000011	0.000000	0.000000	0.003046
221	0.731199	0.029540	0.094125	0.000000	0.142133	0.000009	0.000000	0.000000	0.002994
222	0.730404	0.029471	0.094164	0.000000	0.142936	0.000006	0.000000	0.000000	0.003019
223	0.729775	0.029216	0.094292	0.000000	0.143767	0.000007	0.000000	0.000000	0.002943
224	0.729380	0.029185	0.094259	0.000000	0.144258	0.000007	0.000000	0.000000	0.002911
225	0.728606	0.029034	0.094371	0.000000	0.145106	0.000007	0.000000	0.000000	0.002876
226	0.728216	0.028717	0.094366	0.000000	0.145892	0.000010	0.000000	0.000000	0.002799
227	0.727719	0.028642	0.094432	0.000000	0.146359	0.000012	0.000000	0.000000	0.002836
228	0.727466	0.028629	0.094241	0.000000	0.146899	0.000006	0.000000	0.000000	0.002759
229	0.727697	0.028512	0.093748	0.000000	0.147249	0.000009	0.000000	0.000000	0.002785
230	0.726484	0.028521	0.093890	0.000000	0.148369	0.000013	0.000000	0.000000	0.002723
231	0.726415	0.028378	0.093706	0.000000	0.148814	0.000014	0.000000	0.000000	0.002673
232	0.725932	0.028214	0.093673	0.000000	0.149600	0.000012	0.000000	0.000000	0.002569
233	0.725857	0.028009	0.093317	0.000000	0.150195	0.000012	0.000000	0.000000	0.002610
234	0.725117	0.027916	0.093327	0.000000	0.151073	0.000010	0.000000	0.000000	0.002557
235	0.724858	0.028243	0.092960	0.000000	0.151462	0.000014	0.000000	0.000000	0.002463
236	0.723972	0.028011	0.093067	0.000000	0.152482	0.000017	0.000000	0.000000	0.002451
237	0.723780	0.027925	0.092844	0.000000	0.153111	0.000017	0.000000	0.000000	0.002323
238	0.723953	0.027551	0.092381	0.000000	0.153790	0.000022	0.000000	0.000000	0.002303
239	0.723017	0.027486	0.092583	0.000000	0.154582	0.000017	0.000000	0.000000	0.002315
240	0.722331	0.027479	0.092446	0.000000	0.155455	0.000017	0.000000	0.000000	0.002272
241	0.721223	0.027304	0.092770	0.000000	0.156442	0.000014	0.000000	0.000000	0.002247
242	0.721168	0.026995	0.092689	0.000000	0.156870	0.000018	0.000000	0.000000	0.002260
243	0.720509	0.026706	0.092716	0.000000	0.157815	0.000019	0.000000	0.000000	0.002235
244	0.720145	0.026779	0.092624	0.000000	0.158279	0.000022	0.000000	0.000000	0.002151
245	0.719382	0.026731	0.092561	0.000000	0.159150	0.000020	0.000000	0.000000	0.002156
246	0.718677	0.026622	0.092710	0.000000	0.159942	0.000021	0.000000	0.000000	0.002028
247	0.718145	0.026663	0.092347	0.000000	0.160827	0.000025	0.000000	0.000000	0.001993
248	0.717392	0.026496	0.092374	0.000000	0.161690	0.000021	0.000000	0.000000	0.002027
249	0.716794	0.026733	0.091840	0.000000	0.162670	0.000026	0.000000	0.000000	0.001937
250	0.716182	0.026288	0.091897	0.000000	0.163644	0.000017	0.000000	0.000000	0.001972
251	0.715512	0.026277	0.091830	0.000000	0.164457	0.000012	0.000000	0.000000	0.001912
252	0.714999	0.025998	0.091923	0.000000	0.165151	0.000021	0.000000	0.000000	0.001908
253	0.714023	0.025909	0.092231	0.000000	0.165974	0.000020	0.000000	0.000000	0.001843
254	0.713457	0.025773	0.092175	0.000000	0.166757	0.000026	0.000000	0.000000	0.001812
255	0.713070	0.025926	0.091924	0.000000	0.167271	0.000024	0.000000	0.000000	0.001785
256	0.712259	0.025775	0.091941	0.000000	0.168199	0.000021	0.000000	0.000000	0.001805
257	0.711808	0.025497	0.091770	0.000000	0.169182	0.000017	0.000000	0.000000	0.001726
258	0.711423	0.025372	0.091544	0.000000	0.169940	0.000020	0.000000	0.000000	0.001701
259	0.710645	0.025315	0.091553	0.000000	0.170809	0.000020	0.000000	0.000000	0.001658
260	0.710122	0.025200	0.091408	0.000000	0.171545	0.000021	0.000000	0.000000	0.001704
261	0.709268	0.024993	0.091638	0.000000	0.172352	0.000026	0.000000	0.000000	0.001723
262	0.708840	0.024813	0.091422	0.000000	0.173196	0.000024	0.000000	0.000000	0.001705
263	0.708250	0.024771	0.091338	0.000000	0.173926	0.000023	0.000000	0.000000	0.001692
264	0.707991	0.024680	0.091146	0.000000	0.174442	0.000018	0.000000	0.000000	0.001723
265	0.707561	0.024666	0.091096	0.000000	0.175039	0.000019	0.000000	0.000000	0.001619
266	0.707475	0.024600	0.090854	0.000000	0.175444	0.000015	0.000000	0.000000	0.001612
267	0.707332	0.024484	0.090602	0.000000	0.175979	0.000019	0.000000	0.000000	0.001584
268	0.706193	0.024317	0.090990	0.000000	0.176901	0.000020	0.000000	0.000000	0.001579
269	0.705290	0.024160	0.091194	0.000000	0.177713	0.000018	0.000000	0.000000	0.001625
270	0.705081	0.024094	0.091063	0.000000	0.178147	0.000021	0.000000	0.000000	0.001594
271	0.704062	0.024134	0.091024	0.000000	0.179194	0.000019	0.000000	0.000000	0.001567
272	0.703763	0.023937	0.090799	0.000000	0.179977	0.000015	0.000000	0.000000	0.001509
273	0.703610	0.023711	0.090342	0.000000	0.180805	0.000017	0.000000	0.000000	0.001515
274	0.702405	0.023689	0.090753	0.000000	0.181630	0.000019	0.000000	0.000000	0.001504
275	0.701752	0.023616	0.090560	0.000000	0.182609	0.000018	0.000000	0.000000	0.001445
276	0.700748	0.023540	0.090484	0.000000	0.183778	0.000016	0.000000	0.000000	0.001434
277	0.700071	0.023413	0.090713	0.000000	0.184396	0.000016	0.000000	0.000000	0.001391
278	0.699751	0.023277	0.090456	0.000000	0.185104	0.000013	0.000000	0.000000	0.001399
279	0.699340	0.023189	0.090386	0.000000	0.185694	0.000012	0.000000	0.000000	0.001379
280	0.698602	0.023175	0.090253	0.000000	0.186615	0.000016	0.000000	0.000000	0.001339
281	0.698311	0.022943	0.089975	0.000000	0.187438	0.000022	0.000000	0.000000	0.001311
282	0.698251	0.022874	0.089653	0.000000	0.187962	0.000016	0.000000	0.000000	0.001244
283	0.697717	0.022633	0.089737	0.000000	0.188649	0.000016	0.000000	0.000000	0.001248
284	0.697185	0.022339	0.089641	0.000000	0.189607	0.000012	0.000000	0.000000	0.001216
285	0.696430	0.022143	0.089715	0.000000	0.190496	0.000014	0.000000	0.000000	0.001202
286	0.695239	0.021951	0.090028	0.000000	0.191562	0.000010	0.000000	0.000000	0.001210
287	0.694746	0.022031	0.089878	0.000000	0.192144	0.000020	0.000000	0.000000	0.001181
288	0.694045	0.022092	0.089566	0.000000	0.193115	0.000025	0.000000	0.000000	0.001157
289	0.693905	0.021944	0.089262	0.000000	0.193681	0.000024	0.000000	0.000000	0.001184
290	0.693561	0.021835	0.088949	0.000000	0.194463	0.000020	0.000000	0.000000	0.001172
291	0.693588	0.021631	0.088631	0.000000	0.194958	0.000027	0.000000	0.000000	0.001165
292	0.693161	0.021397	0.088263	0.000000	0.196044	0.000021	0.000000	0.000000	0.001114
293	0.692628	0.021391	0.088253	0.000000	0.196596	0.000022	0.000000	0.000000	0.001110
294	0.691872	0.021126	0.088257	0.000000	0.197612	0.000017	0.000000	0.000000	0.001116
295	0.691176	0.020912	0.088198	0.000000	0.198577	0.000014	0.000000	0.000000	0.001123
296	0.690473	0.020944	0.088427	0.000000	0.199035	0.000021	0.000000	0.000000	0.001100
297	0.689842	0.020755	0.088231	0.000000	0.200018	0.000023	0.000000	0.000000	0.001131
298	0.689627	0.020545	0.087859	0.000000	0.200829	0.000016	0.000000	0.000000	0.001124
299	0.688784	0.020425	0.088058	0.000000	0.201642	0.000016	0.000000	0.000000	0.001075
300	0.688682	0.020238	0.087414	0.000000	0.202587	0.000015	0.000000	0.000000	0.001064
301	0.687956	0.020220	0.087463	0.000000	0.203265	0.000011	0.000000	0.000000	0.001085
302	0.687765	0.020155	0.087129	0.000000	0.203862	0.000017	0.000000	0.000000	0.001072
303	0.686854	0.020227	0.087481	0.000000	0.204363	0.000015	0.000000	0.000000	0.001060
304	0.686376	0.020062	0.087385	0.000000	0.205103	0.000018	0.000000	0.000000	0.001056
305	0.686122	0.019827	0.087263	0.000000	0.205747	0.000019	0.000000	0.000000	0.001022
306	0.685840	0.019892	0.086818	0.000000	0.206416	0.000016	0.000000	0.000000	0.001018
307	0.685156	0.019828	0.086918	0.000000	0.207142	0.000021	0.000000	0.000000	0.000935
308	0.684574	0.019790	0.086830	0.000000	0.207869	0.000025	0.000000	0.000000	0.000912
309	0.683541	0.019610	0.087323	0.000000	0.208649	0.000022	0.000000	0.000000	0.000855
310	0.682595	0.019645	0.087344	0.000000	0.209497	0.000027	0.000000	0.000000	0.000892
311	0.682358	0.019445	0.087190	0.000000	0.210074	0.000024	0.000000	0.000000	0.000909
312	0.682091	0.019237	0.087078	0.000000	0.210684	0.000034	0.000000	0.000000	0.000876
313	0.681567	0.019212	0.086872	0.000000	0.211454	0.000031	0.000000	0.000000	0.000864
314	0.681068	0.019091	0.086982	0.000000	0.212010	0.000037	0.000000	0.000000	0.000812
315	0.680287	0.019017	0.087086	0.000000	0.212793	0.000031	0.000000	0.000000	0.000786
316	0.679919	0.018930	0.086882	0.000000	0.213497	0.000038	0.000000	0.000000	0.000734
317	0.679716	0.018784	0.086589	0.000000	0.214181	0.000029	0.000000	0.000000	0.000701
318	0.678862	0.018678	0.086663	0.000000	0.215047	0.000040	0.000000	0.000000	0.000710
319	0.677960	0.018643	0.086831	0.000000	0.215856	0.000028	0.000000	0.000000	0.000682
320	0.677111	0.018605	0.086940	0.000000	0.216669	0.000030	0.000000	0.000000	0.000645
321	0.676191	0.018724	0.087078	0.000000	0.217348	0.000040	0.000000	0.000000	0.000619
322	0.675266	0.018670	0.086983	0.000000	0.218419	0.000034	0.000000	0.000000	0.000628
323	0.674730	0.018607	0.086875	0.000000	0.219129	0.000029	0.000000	0.000000	0.000630
324	0.674289	0.018439	0.086749	0.000000	0.219867	0.000033	0.000000	0.000000	0.000623
325	0.674116	0.018440	0.086348	0.000000	0.220460	0.000041	0.000000	0.000000	0.000595
326	0.673415	0.018083	0.086406	0.000000	0.221449	0.000044	0.000000	0.000000	0.000603
327	0.672782	0.018213	0.086120	0.000000	0.222245	0.000047	0.000000	0.000000	0.000593
328	0.672144	0.018180	0.085889	0.000000	0.223150	0.000041	0.000000	0.000000	0.000596
329	0.671671	0.018018	0.085860	0.000000	0.223853	0.000048	0.000000	0.000000	0.000550
330	0.671136	0.018035	0.085737	0.000000	0.224488	0.000052	0.000000	0.000000	0.000552
331	0.670261	0.018093	0.085688	0.000000	0.225389	0.000052	0.000000	0.000000	0.000517
332	0.669508	0.018068	0.085929	0.000000	0.225928	0.000047	0.000000	0.000000	0.000520
333	0.668449	0.017881	0.086122	0.000000	0.226974	0.000049	0.000000	0.000000	0.000525
334	0.667687	0.017880	0.085993	0.000000	0.227871	0.000053	0.000000	0.000000	0.000516
335	0.667036	0.017953	0.086151	0.000000	0.228330	0.000050	0.000000	0.000000	0.000480
336	0.665972	0.017900	0.086338	0.000000	0.229261	0.000049	0.000000	0.000000	0.000480
337	0.665725	0.017737	0.086068	0.000000	0.229941	0.000056	0.000000	0.000000	0.000473
338	0.664604	0.017756	0.086048	0.000000	0.231053	0.000055	0.000000	0.000000	0.000484
339	0.664489	0.017752	0.085650	0.000000	0.231559	0.000066	0.000000	0.000000	0.000484
340	0.664060	0.017659	0.085200	0.000000	0.232544	0.000056	0.000000	0.000000	0.000481
341	0.662948	0.017517	0.085347	0.000000	0.233661	0.000053	0.000000	0.000000	0.000474
342	0.662576	0.017371	0.085461	0.000000	0.234072	0.000044	0.000000	0.000000	0.000476
343	0.661987	0.017329	0.085057	0.000000	0.235114	0.000039	0.000000	0.000000	0.000474
344	0.661263	0.017391	0.085294	0.000000	0.235577	0.000040	0.000000	0.000000	0.000435
345	0.660474	0.017243	0.085480	0.000000	0.236299	0.000043	0.000000	0.000000	0.000461
346	0.659912	0.017257	0.085130	0.000000	0.237231	0.000042	0.000000	0.000000	0.000428
347	0.659406	0.017214	0.085034	0.000000	0.237888	0.000034	0.000000	0.000000	0.000424
348	0.658966	0.016962	0.084916	0.000000	0.238713	0.000031	0.000000	0.000000	0.000412
349	0.657908	0.017067	0.084784	0.000000	0.239770	0.000023	0.000000	0.000000	0.000448
350	0.656903	0.016954	0.084863	0.000000	0.240846	0.000026	0.000000	0.000000	0.000408
351	0.656597	0.016811	0.084566	0.000000	0.241577	0.000023	0.000000	0.000000	0.000426
352	0.655681	0.016716	0.084487	0.000000	0.242673	0.000016	0.000000	0.000000	0.000427
353	0.654809	0.016642	0.084617	0.000000	0.243466	0.000020	0.000000	0.000000	0.000446
354	0.654401	0.016538	0.084307	0.000000	0.244293	0.000023	0.000000	0.000000	0.000438
355	0.653847	0.016460	0.084273	0.000000	0.244955	0.000024	0.000000	0.000000	0.000441
356	0.653148	0.016370	0.084207	0.000000	0.245823	0.000018	0.000000	0.000000	0.000434
357	0.652257	0.016245	0.084325	0.000000	0.246727	0.000018	0.000000	0.000000	0.000428
358	0.651775	0.016072	0.084259	0.000000	0.247445	0.000020	0.000000	0.000000	0.000429
359	0.651172	0.015918	0.084199	0.000000	0.248263	0.000016	0.000000	0.000000	0.000432
360	0.650363	0.015881	0.084079	0.000000	0.249265	0.000014	0.000000	0.000000	0.000398
361	0.649311	0.015704	0.084170	0.000000	0.250399	0.000014	0.000000	0.000000	0.000402
362	0.648785	0.015536	0.084281	0.000000	0.250985	0.000015	0.000000	0.000000	0.000398
363	0.647929	0.015610	0.084074	0.000000	0.251981	0.000013	0.000000	0.000000	0.000393
364	0.646976	0.015586	0.084080	0.000000	0.252960	0.000012	0.000000	0.000000	0.000386
365	0.645836	0.015505	0.084330	0.000000	0.253951	0.000011	0.000000	0.000000	0.000367
366	0.645535	0.015286	0.084299	0.000000	0.254518	0.000010	0.000000	0.000000	0.000352
367	0.645064	0.015125	0.083963	0.000000	0.255498	0.000011	0.000000	0.000000	0.000339
368	0.644243	0.015185	0.083980	0.000000	0.256254	0.000012	0.000000	0.000000	0.000326
369	0.643462	0.015158	0.083987	0.000000	0.257054	0.000014	0.000000	0.000000	0.000325
370	0.642969	0.015098	0.083661	0.000000	0.257929	0.000016	0.000000	0.000000	0.000327
371	0.642060	0.014965	0.083634	0.000000	0.259009	0.000024	0.000000	0.000000	0.000308
372	0.641707	0.014993	0.083062	0.000000	0.259919	0.000024	0.000000	0.000000	0.000295
373	0.640551	0.014998	0.083359	0.000000	0.260787	0.000022	0.000000	0.000000	0.000283
374	0.640076	0.014982	0.083096	0.000000	0.261545	0.000020	0.000000	0.000000	0.000281
375	0.639447	0.014781	0.082896	0.000000	0.262596	0.000021	0.000000	0.000000	0.000259
376	0.638642	0.014788	0.082602	0.000000	0.263686	0.000025	0.000000	0.000000	0.000257
377	0.637765	0.014578	0.082694	0.000000	0.264691	0.000031	0.000000	0.000000	0.000241
378	0.637154	0.014596	0.082449	0.000000	0.265533	0.000030	0.000000	0.000000	0.000238
379	0.636371	0.014525	0.082300	0.000000	0.266550	0.000026	0.000000	0.000000	0.000228
380	0.635655	0.014387	0.082340	0.000000	0.267331	0.000034	0.000000	0.000000	0.000253
381	0.635028	0.014425	0.082402	0.000000	0.267878	0.000027	0.000000	0.000000	0.000240
382	0.634341	0.014433	0.082060	0.000000	0.268892	0.000026	0.000000	0.000000	0.000248
383	0.633098	0.014379	0.082252	0.000000	0.269996	0.000026	0.000000	0.000000	0.000249
384	0.632726	0.014412	0.081704	0.000000	0.270910	0.000025	0.000000	0.000000	0.000223
385	0.632156	0.014284	0.081464	0.000000	0.271859	0.000025	0.000000	0.000000	0.000212
386	0.631372	0.014263	0.081133	0.000000	0.272988	0.000025	0.000000	0.000000	0.000219
387	0.631116	0.014240	0.080936	0.000000	0.273480	0.000026	0.000000	0.000000	0.000202
388	0.630501	0.013944	0.081030	0.000000	0.274310	0.000021	0.000000	0.000000	0.000194
389	0.630310	0.013874	0.080611	0.000000	0.274993	0.000018	0.000000	0.000000	0.000194
390	0.630081	0.013734	0.080596	0.000000	0.275373	0.000023	0.000000	0.000000	0.000193
391	0.629715	0.013548	0.080452	0.000000	0.276081	0.000019	0.000000	0.000000	0.000185
392	0.629043	0.013561	0.080304	0.000000	0.276885	0.000022	0.000000	0.000000	0.000185
393	0.628594	0.013455	0.079953	0.000000	0.277791	0.000020	0.000000	0.000000	0.000187
394	0.628199	0.013414	0.079753	0.000000	0.278428	0.000020	0.000000	0.000000	0.000186
395	0.627703	0.013391	0.079713	0.000000	0.278991	0.000020	0.000000	0.000000	0.000182
396	0.627238	0.013347	0.079454	0.000000	0.279749	0.000017	0.000000	0.000000	0.000195
397	0.626302	0.013215	0.079718	0.000000	0.280553	0.000025	0.000000	0.000000	0.000187
398	0.625719	0.013056	0.079739	0.000000	0.281287	0.000017	0.000000	0.000000	0.000182
399	0.625001	0.012958	0.079633	0.000000	0.282213	0.000014	0.000000	0.000000	0.000181
400	0.624212	0.012987	0.079411	0.000000	0.283209	0.000010	0.000000	0.000000	0.000171
401	0.623635	0.013051	0.079188	0.000000	0.283949	0.000011	0.000000	0.000000	0.000166
402	0.622990	0.013000	0.079161	0.000000	0.284659	0.000012	0.000000	0.000000	0.000178
403	0.622337	0.013055	0.078986	0.000000	0.285435	0.000011	0.000000	0.000000	0.000176
404	0.621429	0.012951	0.078966	0.000000	0.286453	0.000014	0.000000	0.000000	0.000187
405	0.620998	0.012954	0.079006	0.000000	0.286856	0.000018	0.000000	0.000000	0.000168
406	0.619441	0.012957	0.079385	0.000000	0.288036	0.000018	0.000000	0.000000	0.000163
407	0.618863	0.012767	0.079362	0.000000	0.288840	0.000014	0.000000	0.000000	0.000154
408	0.617810	0.012881	0.079358	0.000000	0.289782	0.000012	0.000000	0.000000	0.000157
409	0.617104	0.012946	0.079004	0.000000	0.290762	0.000016	0.000000	0.000000	0.000168
410	0.616321	0.012925	0.078951	0.000000	0.291622	0.000014	0.000000	0.000000	0.000167
411	0.615671	0.012899	0.078670	0.000000	0.292565	0.000013	0.000000	0.000000	0.000182
412	0.615186	0.012884	0.078540	0.000000	0.293200	0.000018	0.000000	0.000000	0.000172
413	0.614291	0.012909	0.078288	0.000000	0.294328	0.000017	0.000000	0.000000	0.000167
414	0.613308	0.012749	0.078389	0.000000	0.295402	0.000019	0.000000	0.000000	0.000133
415	0.612595	0.012794	0.078169	0.000000	0.296289	0.000016	0.000000	0.000000	0.000137
416	0.612235	0.012691	0.077890	0.000000	0.297029	0.000018	0.000000	0.000000	0.000137
417	0.611275	0.012528	0.077785	0.000000	0.298262	0.000018	0.000000	0.000000	0.000132
418	0.610944	0.012364	0.077751	0.000000	0.298790	0.000011	0.000000	0.000000	0.000140
419	0.610484	0.012307	0.077807	0.000000	0.299248	0.000014	0.000000	0.000000	0.000140
420	0.609792	0.012161	0.077670	0.000000	0.300231	0.000012	0.000000	0.000000	0.000134
421	0.608786	0.012229	0.077729	0.000000	0.301097	0.000015	0.000000	0.000000	0.000144
422	0.608018	0.012158	0.077505	0.000000	0.302151	0.000014	0.000000	0.000000	0.000154
423	0.607529	0.012070	0.077160	0.000000	0.303086	0.000011	0.000000	0.000000	0.000144
424	0.606617	0.012034	0.077407	0.000000	0.303803	0.000008	0.000000	0.000000	0.000131
425	0.605369	0.012007	0.077499	0.000000	0.304972	0.000005	0.000000	0.000000	0.000148
426	0.604577	0.011844	0.077528	0.000000	0.305898	0.000004	0.000000	0.000000	0.000149
427	0.603399	0.011855	0.077544	0.000000	0.307044	0.000005	0.000000	0.000000	0.000153
428	0.602687	0.011839	0.077681	0.000000	0.307627	0.000008	0.000000	0.000000	0.000158
429	0.602132	0.011727	0.077238	0.000000	0.308741	0.000004	0.000000	0.000000	0.000158
430	0.601250	0.011552	0.077125	0.000000	0.309907	0.000002	0.000000	0.000000	0.000164
431	0.600396	0.011532	0.077257	0.000000	0.310641	0.000003	0.000000	0.000000	0.000171
432	0.599708	0.011579	0.077227	0.000000	0.311326	0.000002	0.000000	0.000000	0.000158
433	0.599378	0.011484	0.076961	0.000000	0.312024	0.000001	0.000000	0.000000	0.000152
434	0.598795	0.011406	0.076768	0.000000	0.312868	0.000005	0.000000	0.000000	0.000158
435	0.598158	0.011363	0.076573	0.000000	0.313757	0.000002	0.000000	0.000000	0.000147
436	0.597037	0.011201	0.076824	0.000000	0.314797	0.000002	0.000000	0.000000	0.000139
437	0.596437	0.011244	0.076588	0.000000	0.315582	0.000001	0.000000	0.000000	0.000148
438	0.595170	0.011206	0.076553	0.000000	0.316936	0.000001	0.000000	0.000000	0.000134
439	0.594616	0.011180	0.076799	0.000000	0.317275	0.000000	0.000000	0.000000	0.000130
440	0.593078	0.011150	0.076952	0.000000	0.318694	0.000001	0.000000	0.000000	0.000125
441	0.591871	0.011031	0.077025	0.000000	0.319956	0.000001	0.000000	0.000000	0.000116
442	0.591077	0.011183	0.076804	0.000000	0.320824	0.000002	0.000000	0.000000	0.000110
443	0.590477	0.011206	0.076900	0.000000	0.321299	0.000001	0.000000	0.000000	0.000117
444	0.590193	0.010942	0.076855	0.000000	0.321902	0.000002	0.000000	0.000000	0.000106
445	0.588764	0.010818	0.077091	0.000000	0.323208	0.000006	0.000000	0.000000	0.000113
446	0.587891	0.010808	0.076910	0.000000	0.324267	0.000003	0.000000	0.000000	0.000121
447	0.587015	0.010744	0.076611	0.000000	0.325504	0.000002	0.000000	0.000000	0.000124
448	0.586641	0.010543	0.076384	0.000000	0.326318	0.000004	0.000000	0.000000	0.000110
449	0.585562	0.010385	0.076654	0.000000	0.327291	0.000001	0.000000	0.000000	0.000107
450	0.584847	0.010313	0.076503	0.000000	0.328239	0.000000	0.000000	0.000000	0.000098
451	0.584014	0.010129	0.076300	0.000000	0.329454	0.000001	0.000000	0.000000	0.000102
452	0.582822	0.010218	0.076391	0.000000	0.330477	0.000003	0.000000	0.000000	0.000089
453	0.582091	0.010177	0.076501	0.000000	0.331141	0.000001	0.000000	0.000000	0.000089
454	0.581462	0.010156	0.076245	0.000000	0.332056	0.000003	0.000000	0.000000	0.000078
455	0.580448	0.010223	0.076004	0.000000	0.333247	0.000002	0.000000	0.000000	0.000076
456	0.580020	0.010144	0.075963	0.000000	0.333791	0.000000	0.000000	0.000000	0.000082
457	0.578743	0.010289	0.075938	0.000000	0.334960	0.000000	0.000000	0.000000	0.000070
458	0.578102	0.010330	0.075706	0.000000	0.335794	0.000002	0.000000	0.000000	0.000066
459	0.577089	0.010228	0.075878	0.000000	0.336733	0.000003	0.000000	0.000000	0.000069
460	0.576721	0.010123	0.075521	0.000000	0.337571	0.000001	0.000000	0.000000	0.000063
461	0.575474	0.010143	0.075663	0.000000	0.338650	0.000001	0.000000	0.000000	0.000069
462	0.574823	0.010190	0.075339	0.000000	0.339589	0.000002	0.000000	0.000000	0.000057
463	0.574110	0.010074	0.075144	0.000000	0.340615	0.000002	0.000000	0.000000	0.000055
464	0.573221	0.010019	0.075234	0.000000	0.341474	0.000002	0.000000	0.000000	0.000050
465	0.572666	0.009795	0.074919	0.000000	0.342583	0.000000	0.000000	0.000000	0.000037
466	0.571287	0.009811	0.075360	0.000000	0.343497	0.000000	0.000000	0.000000	0.000045
467	0.570402	0.009896	0.075229	0.000000	0.344432	0.000000	0.000000	0.000000	0.000041
468	0.569596	0.009972	0.075053	0.000000	0.345340	0.000000	0.000000	0.000000	0.000039
469	0.569197	0.009906	0.075008	0.000000	0.345852	0.000000	0.000000	0.000000	0.000037
470	0.568578	0.009926	0.074611	0.000000	0.346845	0.000000	0.000000	0.000000	0.000040
