0	0.290663	0.057897	0.229473	0.157588	0.029913	0.111872	0.085455	0.012259	0.024880
1	0.235806	0.048266	0.203044	0.137749	0.028388	0.118372	0.116748	0.022542	0.089085
2	0.239565	0.048406	0.204714	0.130545	0.028500	0.113082	0.115362	0.022537	0.097289
3	0.248707	0.049274	0.207908	0.125066	0.028738	0.106918	0.111298	0.021550	0.100541
4	0.258927	0.050242	0.211666	0.119231	0.029365	0.101157	0.106170	0.020286	0.102956
5	0.269924	0.051295	0.214722	0.113806	0.029631	0.095067	0.101278	0.019101	0.105176
6	0.281225	0.052275	0.217018	0.108589	0.030018	0.089528	0.096121	0.017783	0.107443
7	0.292102	0.053094	0.219074	0.104160	0.030575	0.083511	0.091747	0.016749	0.108988
8	0.303180	0.053532	0.221352	0.099720	0.031222	0.078330	0.086250	0.015663	0.110751
9	0.313842	0.054150	0.222865	0.095411	0.032022	0.073225	0.081577	0.014594	0.112314
10	0.324547	0.054520	0.224248	0.090679	0.032923	0.068091	0.077517	0.013615	0.113860
11	0.334395	0.054760	0.225686	0.086718	0.033910	0.063297	0.073194	0.012709	0.115331
12	0.343464	0.055228	0.226639	0.083064	0.034915	0.059272	0.069008	0.012076	0.116334
13	0.353169	0.055672	0.227476	0.078934	0.035586	0.055237	0.065204	0.011364	0.117358
14	0.362211	0.055823	0.228540	0.074897	0.036604	0.051387	0.061591	0.010558	0.118389
15	0.371438	0.055690	0.229192	0.071047	0.037306	0.048036	0.058038	0.009877	0.119376
16	0.380219	0.055863	0.228392	0.067662	0.038088	0.045084	0.055055	0.009266	0.120371
17	0.388255	0.055915	0.227776	0.064739	0.038998	0.042360	0.052009	0.008532	0.121416
18	0.396984	0.055921	0.227522	0.061500	0.040316	0.039128	0.048836	0.008076	0.121717
19	0.405368	0.055476	0.226802	0.058713	0.041294	0.036387	0.046347	0.007502	0.122111
20	0.412963	0.055307	0.226401	0.055364	0.042418	0.033866	0.043771	0.006969	0.122941
21	0.420813	0.055055	0.225193	0.052533	0.043702	0.031304	0.041497	0.006523	0.123380
22	0.427872	0.054751	0.224960	0.049942	0.044632	0.029244	0.038987	0.006031	0.123581
23	0.434536	0.054325	0.223356	0.047447	0.045889	0.027330	0.037066	0.005673	0.124378
24	0.441222	0.054247	0.221926	0.045193	0.047179	0.025645	0.034900	0.005250	0.124438
25	0.448457	0.054177	0.220446	0.042932	0.048117	0.023836	0.032861	0.004910	0.124264
26	0.454537	0.053886	0.219325	0.040822	0.049504	0.022260	0.030770	0.004610	0.124286
27	0.460323	0.053807	0.217382	0.038832	0.051014	0.020757	0.028632	0.004401	0.124852
28	0.466711	0.053610	0.215630	0.037007	0.052493	0.019400	0.026900	0.004060	0.124189
29	0.472875	0.053320	0.213336	0.035082	0.054014	0.018066	0.025557	0.003788	0.123962
30	0.477863	0.052982	0.212243	0.033161	0.055564	0.016968	0.023862	0.003539	0.123818
31	0.483046	0.052514	0.210703	0.031558	0.056954	0.015788	0.022521	0.003263	0.123653
32	0.488053	0.052328	0.208937	0.030360	0.058379	0.014829	0.021152	0.003013	0.122949
33	0.492740	0.052205	0.206442	0.028728	0.059984	0.013917	0.019822	0.002839	0.123323
34	0.497131	0.051867	0.204306	0.027491	0.061830	0.013140	0.018644	0.002707	0.122884
35	0.501374	0.051191	0.202196	0.026490	0.063368	0.012517	0.017515	0.002504	0.122845
36	0.505600	0.050843	0.200396	0.025235	0.065494	0.011705	0.016578	0.002311	0.121838
37	0.509207	0.050803	0.198039	0.024162	0.067456	0.010988	0.015568	0.002172	0.121605
38	0.513275	0.050535	0.195661	0.023265	0.069551	0.010459	0.014384	0.001999	0.120871
39	0.516819	0.050252	0.194334	0.022227	0.071342	0.009664	0.013511	0.001845	0.120006
40	0.521241	0.049347	0.192217	0.021365	0.073050	0.009223	0.012744	0.001807	0.119006
41	0.524202	0.049001	0.190191	0.020306	0.075347	0.008702	0.011950	0.001710	0.118591
42	0.526659	0.048751	0.188342	0.019718	0.077546	0.008196	0.011159	0.001538	0.118091
43	0.529961	0.048346	0.186073	0.019010	0.079464	0.007755	0.010351	0.001500	0.117540
44	0.533212	0.047880	0.183817	0.018409	0.081701	0.007388	0.009643	0.001368	0.116582
45	0.535569	0.047419	0.181966	0.017710	0.084117	0.006991	0.008998	0.001338	0.115892
46	0.538308	0.046583	0.180514	0.017112	0.086344	0.006578	0.008580	0.001256	0.114725
47	0.541035	0.046044	0.178908	0.016601	0.088253	0.006178	0.008158	0.001155	0.113668
48	0.543607	0.045369	0.176677	0.016061	0.090559	0.005923	0.007731	0.001060	0.113013
49	0.546183	0.044979	0.174940	0.015347	0.092875	0.005662	0.007268	0.001032	0.111714
50	0.548831	0.044451	0.172580	0.014991	0.095513	0.005281	0.006789	0.000978	0.110586
51	0.551904	0.043910	0.170584	0.014378	0.097777	0.005066	0.006433	0.000864	0.109084
52	0.554174	0.043555	0.168629	0.013955	0.100163	0.004782	0.006120	0.000797	0.107825
53	0.557025	0.043116	0.166206	0.013474	0.102962	0.004638	0.005764	0.000784	0.106031
54	0.558900	0.042660	0.164259	0.013088	0.105751	0.004410	0.005393	0.000709	0.104830
55	0.560413	0.042223	0.162586	0.012777	0.108392	0.004215	0.005173	0.000671	0.103550
56	0.561704	0.041821	0.161086	0.012532	0.111036	0.004016	0.004787	0.000617	0.102401
57	0.562775	0.041494	0.159782	0.012001	0.113743	0.003850	0.004584	0.000590	0.101181
58	0.564725	0.041095	0.157761	0.011698	0.116488	0.003550	0.004326	0.000563	0.099794
59	0.566226	0.040607	0.155772	0.011423	0.119418	0.003458	0.004076	0.000562	0.098458
60	0.567916	0.040110	0.153881	0.010997	0.122206	0.003327	0.003728	0.000502	0.097333
61	0.569287	0.039821	0.151832	0.010820	0.125353	0.003117	0.003479	0.000444	0.095847
62	0.570641	0.039385	0.150239	0.010599	0.128562	0.002943	0.003260	0.000413	0.093958
63	0.571839	0.038801	0.148809	0.010157	0.131576	0.002810	0.003140	0.000395	0.092473
64	0.573064	0.038334	0.147201	0.009718	0.134764	0.002655	0.003002	0.000366	0.090896
65	0.574741	0.037522	0.145187	0.009561	0.137812	0.002594	0.002819	0.000340	0.089424
66	0.574562	0.036972	0.143695	0.009359	0.141548	0.002546	0.002626	0.000304	0.088388
67	0.575200	0.036615	0.142088	0.009229	0.144916	0.002420	0.002503	0.000279	0.086750
68	0.576202	0.036103	0.140577	0.008983	0.148101	0.002330	0.002375	0.000278	0.085051
69	0.576587	0.035503	0.139011	0.008637	0.151774	0.002284	0.002252	0.000242	0.083710
70	0.577423	0.034924	0.137510	0.008514	0.155387	0.002150	0.002082	0.000208	0.081802
71	0.577170	0.034336	0.136083	0.008194	0.159604	0.002022	0.001979	0.000195	0.080417
72	0.577030	0.034081	0.135253	0.008075	0.162848	0.001960	0.001858	0.000162	0.078733
73	0.576980	0.033569	0.133449	0.007804	0.166830	0.001869	0.001800	0.000138	0.077561
74	0.577374	0.033156	0.132204	0.007533	0.170172	0.001746	0.001579	0.000142	0.076094
75	0.577177	0.032780	0.130530	0.007370	0.174075	0.001708	0.001454	0.000124	0.074782
76	0.577018	0.032193	0.129132	0.007150	0.177676	0.001678	0.001418	0.000113	0.073622
77	0.577119	0.031697	0.128091	0.007079	0.181240	0.001591	0.001294	0.000117	0.071772
78	0.576493	0.031201	0.126535	0.006927	0.185447	0.001544	0.001244	0.000096	0.070513
79	0.575924	0.030776	0.125246	0.006633	0.189413	0.001517	0.001140	0.000102	0.069249
80	0.575314	0.030203	0.123811	0.006516	0.193793	0.001425	0.001107	0.000076	0.067755
81	0.575154	0.029948	0.122106	0.006360	0.197828	0.001408	0.001055	0.000081	0.066060
82	0.574583	0.029315	0.121069	0.006296	0.201881	0.001373	0.001029	0.000068	0.064386
83	0.574022	0.028911	0.119713	0.006143	0.206174	0.001325	0.000959	0.000051	0.062702
84	0.572897	0.028516	0.118337	0.005961	0.210856	0.001260	0.000848	0.000048	0.061277
85	0.571980	0.027989	0.117311	0.005850	0.215137	0.001196	0.000786	0.000044	0.059707
86	0.571016	0.027583	0.115881	0.005828	0.219302	0.001166	0.000752	0.000039	0.058433
87	0.570247	0.027055	0.114679	0.005730	0.223413	0.001114	0.000703	0.000037	0.057022
88	0.569489	0.026602	0.113319	0.005722	0.227847	0.001119	0.000626	0.000029	0.055247
89	0.568411	0.026217	0.111950	0.005613	0.232095	0.001135	0.000551	0.000034	0.053994
90	0.567209	0.025488	0.110473	0.005462	0.236760	0.001154	0.000522	0.000036	0.052896
91	0.566188	0.025118	0.109200	0.005336	0.241021	0.001131	0.000474	0.000034	0.051498
92	0.564811	0.024720	0.108159	0.005183	0.245215	0.001082	0.000434	0.000034	0.050362
93	0.563159	0.024382	0.106899	0.005014	0.250005	0.001031	0.000397	0.000031	0.049082
94	0.561704	0.023716	0.105457	0.004881	0.254833	0.001069	0.000399	0.000028	0.047913
95	0.559693	0.023326	0.104294	0.004887	0.259765	0.001015	0.000379	0.000022	0.046619
96	0.557040	0.023070	0.103294	0.004691	0.265118	0.000968	0.000350	0.000018	0.045451
97	0.555511	0.022531	0.102200	0.004705	0.269228	0.000996	0.000309	0.000017	0.044503
98	0.554190	0.022078	0.100874	0.004653	0.273719	0.000971	0.000301	0.000016	0.043198
99	0.551566	0.021872	0.100162	0.004535	0.278898	0.000919	0.000282	0.000009	0.041757
100	0.549166	0.021464	0.099465	0.004529	0.283371	0.000911	0.000260	0.000008	0.040826
101	0.546926	0.021155	0.098185	0.004485	0.288352	0.000926	0.000247	0.000009	0.039715
102	0.544216	0.020891	0.097134	0.004395	0.293634	0.000883	0.000234	0.000007	0.038606
103	0.542227	0.020421	0.096143	0.004368	0.298110	0.000928	0.000212	0.000012	0.037579
104	0.539424	0.020050	0.095202	0.004335	0.303429	0.000901	0.000154	0.000012	0.036493
105	0.537659	0.019528	0.093849	0.004319	0.308260	0.000875	0.000151	0.000014	0.035345
106	0.534537	0.019124	0.092922	0.004250	0.313846	0.000840	0.000137	0.000006	0.034338
107	0.532244	0.018608	0.092060	0.004250	0.318675	0.000856	0.000125	0.000007	0.033175
108	0.529368	0.018182	0.090904	0.004274	0.324093	0.000855	0.000108	0.000003	0.032213
109	0.526853	0.017851	0.089661	0.004344	0.329300	0.000790	0.000102	0.000000	0.031099
110	0.523784	0.017431	0.088614	0.004282	0.334777	0.000783	0.000100	0.000000	0.030229
111	0.520495	0.017245	0.087676	0.004227	0.340209	0.000775	0.000106	0.000000	0.029267
112	0.517432	0.016813	0.086982	0.004200	0.345572	0.000720	0.000108	0.000000	0.028173
113	0.514150	0.016669	0.086201	0.004186	0.350671	0.000730	0.000080	0.000001	0.027312
114	0.511246	0.016189	0.085061	0.004167	0.356162	0.000758	0.000071	0.000000	0.026346
115	0.508553	0.015811	0.084136	0.004027	0.361098	0.000741	0.000070	0.000000	0.025564
116	0.505724	0.015637	0.082594	0.004008	0.366479	0.000731	0.000070	0.000000	0.024757
117	0.502420	0.015361	0.081672	0.003907	0.371848	0.000726	0.000068	0.000000	0.023998
118	0.499247	0.015177	0.080687	0.003797	0.377103	0.000727	0.000059	0.000000	0.023203
119	0.495865	0.014765	0.079818	0.003864	0.382645	0.000683	0.000054	0.000000	0.022306
120	0.492528	0.014368	0.078859	0.003775	0.388400	0.000634	0.000054	0.000000	0.021382
121	0.488578	0.014129	0.078411	0.003768	0.393739	0.000628	0.000057	0.000000	0.020690
122	0.485365	0.013821	0.077278	0.003751	0.399129	0.000678	0.000057	0.000000	0.019921
123	0.482886	0.013298	0.076054	0.003698	0.404178	0.000639	0.000049	0.000000	0.019198
124	0.479569	0.013176	0.075045	0.003675	0.409588	0.000623	0.000042	0.000000	0.018282
125	0.476226	0.012868	0.074279	0.003592	0.414838	0.000608	0.000039	0.000000	0.017550
126	0.472192	0.012559	0.073451	0.003590	0.420542	0.000618	0.000024	0.000000	0.017024
127	0.468803	0.012241	0.072546	0.003540	0.425926	0.000627	0.000025	0.000000	0.016292
128	0.465191	0.011942	0.071607	0.003510	0.431582	0.000636	0.000022	0.000000	0.015510
129	0.461772	0.011794	0.070732	0.003511	0.436638	0.000631	0.000017	0.000000	0.014905
130	0.457835	0.011509	0.069860	0.003518	0.442420	0.000608	0.000022	0.000000	0.014228
131	0.453991	0.011317	0.069085	0.003532	0.447891	0.000606	0.000018	0.000000	0.013560
132	0.450636	0.010980	0.068206	0.003562	0.452960	0.000584	0.000023	0.000000	0.013049
133	0.447008	0.010710	0.067507	0.003445	0.458197	0.000576	0.000023	0.000000	0.012534
134	0.442757	0.010578	0.066620	0.003440	0.463841	0.000546	0.000030	0.000000	0.012188
135	0.438684	0.010301	0.065913	0.003456	0.469084	0.000573	0.000024	0.000000	0.011965
136	0.434384	0.010068	0.065075	0.003367	0.474882	0.000564	0.000017	0.000000	0.011643
137	0.430400	0.009652	0.064067	0.003381	0.480695	0.000554	0.000018	0.000000	0.011233
138	0.426774	0.009414	0.063014	0.003416	0.486060	0.000560	0.000016	0.000000	0.010746
139	0.422699	0.009001	0.062300	0.003386	0.491640	0.000587	0.000015	0.000000	0.010372
140	0.418942	0.008817	0.061703	0.003369	0.496756	0.000578	0.000015	0.000000	0.009820
141	0.415041	0.008580	0.060690	0.003316	0.502237	0.000602	0.000012	0.000000	0.009522
142	0.410621	0.008461	0.059636	0.003202	0.508323	0.000582	0.000011	0.000000	0.009164
143	0.406252	0.008386	0.058866	0.003283	0.513764	0.000572	0.000008	0.000000	0.008869
144	0.401997	0.008204	0.058335	0.003266	0.519088	0.000573	0.000006	0.000000	0.008531
145	0.398328	0.008129	0.057302	0.003319	0.524083	0.000592	0.000005	0.000000	0.008242
146	0.394428	0.007866	0.056463	0.003260	0.529462	0.000593	0.000009	0.000000	0.007919
147	0.389925	0.007594	0.055816	0.003219	0.535323	0.000565	0.000007	0.000000	0.007551
148	0.385855	0.007542	0.055371	0.003237	0.540200	0.000555	0.000005	0.000000	0.007235
149	0.382160	0.007256	0.054262	0.003211	0.545488	0.000546	0.000006	0.000000	0.007071
150	0.377548	0.007187	0.053971	0.003178	0.550810	0.000562	0.000009	0.000000	0.006735
151	0.373274	0.007049	0.053300	0.003246	0.555990	0.000588	0.000011	0.000000	0.006542
152	0.368963	0.006941	0.052750	0.003136	0.561466	0.000575	0.000008	0.000000	0.006161
153	0.364843	0.006779	0.051916	0.003094	0.566815	0.000578	0.000005	0.000000	0.005970
154	0.360393	0.006734	0.051490	0.003113	0.572009	0.000583	0.000008	0.000000	0.005670
155	0.356487	0.006574	0.050849	0.003146	0.576836	0.000561	0.000004	0.000000	0.005543
156	0.352653	0.006520	0.050062	0.003138	0.581863	0.000545	0.000003	0.000000	0.005216
157	0.348396	0.006197	0.049386	0.003133	0.587256	0.000546	0.000002	0.000000	0.005084
158	0.344433	0.006076	0.048725	0.003161	0.592291	0.000528	0.000003	0.000000	0.004783
159	0.340257	0.005841	0.048157	0.003145	0.597443	0.000528	0.000000	0.000000	0.004629
160	0.335840	0.005770	0.047565	0.003175	0.602736	0.000514	0.000001	0.000000	0.004399
161	0.331489	0.005591	0.046933	0.003132	0.608136	0.000526	0.000000	0.000000	0.004193
162	0.327401	0.005375	0.046441	0.003147	0.613232	0.000491	0.000000	0.000000	0.003913
163	0.323344	0.005334	0.045766	0.003074	0.618170	0.000547	0.000000	0.000000	0.003765
164	0.319077	0.005023	0.045432	0.003077	0.623260	0.000521	0.000000	0.000000	0.003610
165	0.315098	0.004999	0.044776	0.003009	0.628116	0.000514	0.000000	0.000000	0.003488
166	0.310999	0.004865	0.044534	0.002938	0.632759	0.000525	0.000000	0.000000	0.003380
167	0.307065	0.004600	0.043875	0.002943	0.637860	0.000505	0.000000	0.000000	0.003152
168	0.302600	0.004349	0.043552	0.002950	0.642994	0.000507	0.000000	0.000000	0.003048
169	0.298982	0.004211	0.042740	0.002959	0.647764	0.000488	0.000000	0.000000	0.002856
170	0.295152	0.004085	0.042107	0.002935	0.652415	0.000494	0.000000	0.000000	0.002812
171	0.290513	0.003957	0.041695	0.002939	0.657624	0.000520	0.000000	0.000000	0.002752
172	0.286931	0.003842	0.041030	0.002890	0.662220	0.000524	0.000000	0.000000	0.002563
173	0.282783	0.003785	0.040302	0.002882	0.667237	0.000542	0.000000	0.000000	0.002469
174	0.278676	0.003621	0.039750	0.002813	0.672231	0.000563	0.000000	0.000000	0.002346
175	0.274487	0.003552	0.039305	0.002857	0.677086	0.000546	0.000000	0.000000	0.002167
176	0.270350	0.003361	0.039197	0.002864	0.681622	0.000546	0.000000	0.000000	0.002060
177	0.266273	0.003366	0.038676	0.002866	0.686267	0.000550	0.000000	0.000000	0.002002
178	0.262250	0.003247	0.038222	0.002874	0.690928	0.000561	0.000000	0.000000	0.001918
179	0.258773	0.003106	0.037750	0.002883	0.695110	0.000562	0.000000	0.000000	0.001816
180	0.254836	0.002976	0.037092	0.002918	0.699938	0.000567	0.000000	0.000000	0.001673
181	0.250885	0.002889	0.036628	0.002981	0.704373	0.000555	0.000000	0.000000	0.001689
182	0.247004	0.002795	0.035988	0.002918	0.709119	0.000551	0.000000	0.000000	0.001625
183	0.243296	0.002612	0.035229	0.002960	0.713723	0.000583	0.000000	0.000000	0.001597
184	0.239544	0.002589	0.034606	0.002907	0.718290	0.000579	0.000000	0.000000	0.001485
185	0.236289	0.002432	0.034019	0.002869	0.722367	0.000572	0.000000	0.000000	0.001452
186	0.232989	0.002318	0.033410	0.002887	0.726420	0.000550	0.000000	0.000000	0.001426
187	0.229156	0.002187	0.032848	0.002821	0.731026	0.000581	0.000000	0.000000	0.001381
188	0.225374	0.002100	0.032451	0.002851	0.735332	0.000583	0.000000	0.000000	0.001309
189	0.221832	0.001953	0.031989	0.002789	0.739565	0.000588	0.000000	0.000000	0.001284
190	0.218207	0.001867	0.031544	0.002873	0.743699	0.000585	0.000000	0.000000	0.001225
191	0.215017	0.001783	0.031042	0.002799	0.747572	0.000587	0.000000	0.000000	0.001200
192	0.212024	0.001698	0.030554	0.002766	0.751285	0.000581	0.000000	0.000000	0.001092
193	0.209195	0.001578	0.030072	0.002720	0.754815	0.000565	0.000000	0.000000	0.001055
194	0.205615	0.001533	0.029577	0.002719	0.758920	0.000613	0.000000	0.000000	0.001023
195	0.202174	0.001458	0.029214	0.002729	0.762876	0.000611	0.000000	0.000000	0.000938
196	0.198496	0.001465	0.028695	0.002748	0.767061	0.000614	0.000000	0.000000	0.000921
197	0.195190	0.001369	0.028331	0.002718	0.770848	0.000641	0.000000	0.000000	0.000903
198	0.192303	0.001306	0.027707	0.002772	0.774465	0.000585	0.000000	0.000000	0.000862
199	0.188897	0.001221	0.027328	0.002818	0.778315	0.000583	0.000000	0.000000	0.000838
200	0.185879	0.001194	0.026673	0.002794	0.782117	0.000570	0.000000	0.000000	0.000773
201	0.182966	0.001127	0.026126	0.002793	0.785684	0.000574	0.000000	0.000000	0.000730
202	0.179865	0.001119	0.025584	0.002746	0.789391	0.000584	0.000000	0.000000	0.000711
203	0.176891	0.001054	0.025065	0.002732	0.792986	0.000589	0.000000	0.000000	0.000683
204	0.173842	0.001038	0.024523	0.002679	0.796711	0.000566	0.000000	0.000000	0.000641
205	0.170907	0.000970	0.024056	0.002701	0.800183	0.000589	0.000000	0.000000	0.000594
206	0.167873	0.000942	0.023711	0.002725	0.803650	0.000562	0.000000	0.000000	0.000537
207	0.165287	0.000895	0.023240	0.002670	0.806803	0.000559	0.000000	0.000000	0.000546
208	0.162387	0.000857	0.022676	0.002683	0.810295	0.000592	0.000000	0.000000	0.000510
209	0.159083	0.000784	0.022235	0.002706	0.814108	0.000582	0.000000	0.000000	0.000502
210	0.156070	0.000802	0.021569	0.002670	0.817878	0.000570	0.000000	0.000000	0.000441
211	0.153197	0.000796	0.021403	0.002586	0.821031	0.000560	0.000000	0.000000	0.000427
212	0.150289	0.000747	0.020973	0.002672	0.824331	0.000584	0.000000	0.000000	0.000404
213	0.147409	0.000718	0.020736	0.002646	0.827535	0.000559	0.000000	0.000000	0.000397
214	0.144779	0.000726	0.020314	0.002668	0.830572	0.000555	0.000000	0.000000	0.000386
215	0.141626	0.000742	0.020033	0.002621	0.834057	0.000569	0.000000	0.000000	0.000352
216	0.138885	0.000709	0.019490	0.002639	0.837351	0.000586	0.000000	0.000000	0.000340
217	0.136403	0.000667	0.019090	0.002581	0.840388	0.000555	0.000000	0.000000	0.000316
218	0.133564	0.000637	0.018723	0.002531	0.843691	0.000549	0.000000	0.000000	0.000305
219	0.131095	0.000621	0.018429	0.002556	0.846426	0.000577	0.000000	0.000000	0.000296
220	0.128800	0.000601	0.017891	0.002570	0.849311	0.000558	0.000000	0.000000	0.000269
221	0.126366	0.000579	0.017544	0.002508	0.852207	0.000543	0.000000	0.000000	0.000253
222	0.123649	0.000582	0.017226	0.002577	0.855187	0.000534	0.000000	0.000000	0.000245
223	0.120990	0.000558	0.016834	0.002639	0.858188	0.000557	0.000000	0.000000	0.000234
224	0.118443	0.000550	0.016536	0.002514	0.861197	0.000549	0.000000	0.000000	0.000211
225	0.116246	0.000515	0.016313	0.002611	0.863563	0.000546	0.000000	0.000000	0.000206
226	0.113878	0.000488	0.015961	0.002582	0.866336	0.000559	0.000000	0.000000	0.000196
227	0.111654	0.000437	0.015654	0.002610	0.868899	0.000552	0.000000	0.000000	0.000194
228	0.109209	0.000425	0.015406	0.002597	0.871636	0.000542	0.000000	0.000000	0.000185
229	0.106972	0.000421	0.014990	0.002566	0.874342	0.000539	0.000000	0.000000	0.000170
230	0.104902	0.000418	0.014551	0.002613	0.876809	0.000544	0.000000	0.000000	0.000163
231	0.102743	0.000390	0.014334	0.002661	0.879187	0.000530	0.000000	0.000000	0.000155
232	0.100539	0.000404	0.013991	0.002683	0.881692	0.000548	0.000000	0.000000	0.000143
233	0.098492	0.000368	0.013579	0.002703	0.884187	0.000528	0.000000	0.000000	0.000143
234	0.096399	0.000353	0.013153	0.002747	0.886717	0.000508	0.000000	0.000000	0.000123
235	0.094512	0.000347	0.012743	0.002865	0.888939	0.000475	0.000000	0.000000	0.000119
236	0.092587	0.000303	0.012607	0.002893	0.891027	0.000473	0.000000	0.000000	0.000110
237	0.090324	0.000299	0.012448	0.002900	0.893447	0.000474	0.000000	0.000000	0.000108
238	0.088034	0.000272	0.012215	0.002956	0.895921	0.000475	0.000000	0.000000	0.000127
239	0.085815	0.000270	0.011850	0.002952	0.898504	0.000479	0.000000	0.000000	0.000130
240	0.084155	0.000254	0.011636	0.003044	0.900299	0.000490	0.000000	0.000000	0.000122
241	0.082275	0.000256	0.011467	0.003022	0.902415	0.000461	0.000000	0.000000	0.000104
242	0.080378	0.000251	0.011159	0.002905	0.904750	0.000440	0.000000	0.000000	0.000117
243	0.078522	0.000242	0.010936	0.002914	0.906825	0.000440	0.000000	0.000000	0.000121
244	0.077003	0.000216	0.010734	0.002887	0.908581	0.000468	0.000000	0.000000	0.000111
245	0.075291	0.000218	0.010421	0.002899	0.910609	0.000440	0.000000	0.000000	0.000122
246	0.073511	0.000206	0.010230	0.002961	0.912532	0.000446	0.000000	0.000000	0.000114
247	0.071517	0.000195	0.009878	0.002978	0.914877	0.000443	0.000000	0.000000	0.000112
248	0.069958	0.000202	0.009658	0.002886	0.916730	0.000445	0.000000	0.000000	0.000121
249	0.068377	0.000193	0.009434	0.002929	0.918517	0.000428	0.000000	0.000000	0.000122
250	0.066812	0.000185	0.009149	0.002939	0.920394	0.000413	0.000000	0.000000	0.000108
251	0.065146	0.000163	0.008938	0.002929	0.922292	0.000425	0.000000	0.000000	0.000107
252	0.063723	0.000162	0.008645	0.002865	0.924084	0.000414	0.000000	0.000000	0.000107
253	0.062286	0.000167	0.008483	0.002909	0.925610	0.000448	0.000000	0.000000	0.000097
254	0.060800	0.000178	0.008277	0.002955	0.927264	0.000422	0.000000	0.000000	0.000104
255	0.059218	0.000149	0.007910	0.002929	0.929261	0.000432	0.000000	0.000000	0.000101
256	0.057834	0.000148	0.007742	0.002957	0.930797	0.000428	0.000000	0.000000	0.000094
257	0.056387	0.000152	0.007498	0.002947	0.932493	0.000421	0.000000	0.000000	0.000102
258	0.055128	0.000143	0.007307	0.002993	0.933886	0.000436	0.000000	0.000000	0.000107
259	0.053904	0.000139	0.007128	0.003000	0.935272	0.000462	0.000000	0.000000	0.000095
260	0.052348	0.000144	0.007053	0.002936	0.936964	0.000458	0.000000	0.000000	0.000097
261	0.050959	0.000135	0.006808	0.002928	0.938620	0.000466	0.000000	0.000000	0.000084
262	0.049702	0.000123	0.006576	0.002969	0.940066	0.000489	0.000000	0.000000	0.000075
263	0.048338	0.000125	0.006432	0.002983	0.941586	0.000467	0.000000	0.000000	0.000069
264	0.047081	0.000107	0.006282	0.002958	0.943028	0.000478	0.000000	0.000000	0.000066
265	0.045734	0.000103	0.006107	0.002979	0.944512	0.000492	0.000000	0.000000	0.000073
266	0.044665	0.000108	0.005968	0.003010	0.945685	0.000493	0.000000	0.000000	0.000071
267	0.043457	0.000101	0.005838	0.003046	0.947034	0.000462	0.000000	0.000000	0.000062
268	0.042197	0.000082	0.005683	0.003029	0.948483	0.000458	0.000000	0.000000	0.000068
269	0.041022	0.000077	0.005507	0.003064	0.949815	0.000446	0.000000	0.000000	0.000069
270	0.039873	0.000074	0.005455	0.003007	0.951088	0.000432	0.000000	0.000000	0.000071
271	0.038757	0.000077	0.005283	0.002964	0.952401	0.000453	0.000000	0.000000	0.000065
272	0.037893	0.000059	0.005201	0.002929	0.953390	0.000466	0.000000	0.000000	0.000062
273	0.036819	0.000048	0.005054	0.002964	0.954589	0.000462	0.000000	0.000000	0.000064
274	0.035709	0.000049	0.005016	0.002987	0.955711	0.000479	0.000000	0.000000	0.000049
275	0.034780	0.000042	0.004977	0.002999	0.956641	0.000511	0.000000	0.000000	0.000050
276	0.033831	0.000047	0.004765	0.003002	0.957743	0.000555	0.000000	0.000000	0.000057
277	0.032978	0.000037	0.004709	0.002998	0.958675	0.000541	0.000000	0.000000	0.000062
278	0.032104	0.000042	0.004563	0.002968	0.959756	0.000505	0.000000	0.000000	0.000062
279	0.031295	0.000039	0.004451	0.002985	0.960642	0.000526	0.000000	0.000000	0.000062
280	0.030398	0.000041	0.004300	0.002948	0.961747	0.000493	0.000000	0.000000	0.000073
281	0.029689	0.000045	0.004126	0.002974	0.962592	0.000501	0.000000	0.000000	0.000073
282	0.028914	0.000040	0.003993	0.002916	0.963543	0.000526	0.000000	0.000000	0.000068
283	0.028169	0.000038	0.003906	0.002892	0.964358	0.000550	0.000000	0.000000	0.000087
284	0.027408	0.000036	0.003707	0.002904	0.965323	0.000530	0.000000	0.000000	0.000092
285	0.026498	0.000035	0.003659	0.002943	0.966269	0.000522	0.000000	0.000000	0.000074
286	0.025757	0.000041	0.003595	0.002882	0.967135	0.000516	0.000000	0.000000	0.000074
287	0.024954	0.000042	0.003529	0.002834	0.968064	0.000512	0.000000	0.000000	0.000065
288	0.024292	0.000049	0.003445	0.002811	0.968810	0.000525	0.000000	0.000000	0.000068
289	0.023535	0.000050	0.003437	0.002782	0.969626	0.000502	0.000000	0.000000	0.000068
290	0.022925	0.000047	0.003368	0.002753	0.970342	0.000510	0.000000	0.000000	0.000055
291	0.022176	0.000050	0.003251	0.002835	0.971116	0.000522	0.000000	0.000000	0.000050
292	0.021525	0.000039	0.003096	0.002826	0.971948	0.000517	0.000000	0.000000	0.000049
293	0.020947	0.000033	0.002984	0.002835	0.972621	0.000532	0.000000	0.000000	0.000048
294	0.020426	0.000029	0.002904	0.002857	0.973223	0.000513	0.000000	0.000000	0.000048
295	0.019812	0.000034	0.002823	0.002816	0.973982	0.000498	0.000000	0.000000	0.000035
296	0.019157	0.000034	0.002767	0.002817	0.974729	0.000464	0.000000	0.000000	0.000032
297	0.018580	0.000035	0.002657	0.002807	0.975422	0.000472	0.000000	0.000000	0.000027
298	0.017964	0.000037	0.002616	0.002722	0.976182	0.000451	0.000000	0.000000	0.000028
299	0.017555	0.000038	0.002497	0.002715	0.976737	0.000435	0.000000	0.000000	0.000023
300	0.017103	0.000039	0.002396	0.002677	0.977345	0.000416	0.000000	0.000000	0.000024
301	0.016644	0.000045	0.002288	0.002695	0.977907	0.000402	0.000000	0.000000	0.000019
302	0.016218	0.000041	0.002171	0.002674	0.978504	0.000374	0.000000	0.000000	0.000018
303	0.015893	0.000032	0.002059	0.002588	0.979046	0.000364	0.000000	0.000000	0.000018
304	0.015384	0.000036	0.001956	0.002585	0.979621	0.000400	0.000000	0.000000	0.000018
305	0.014992	0.000037	0.001855	0.002581	0.980109	0.000411	0.000000	0.000000	0.000015
306	0.014469	0.000030	0.001787	0.002534	0.980777	0.000392	0.000000	0.000000	0.000011
307	0.014052	0.000043	0.001709	0.002501	0.981290	0.000395	0.000000	0.000000	0.000010
308	0.013666	0.000047	0.001651	0.002589	0.981642	0.000395	0.000000	0.000000	0.000010
309	0.013285	0.000049	0.001611	0.002540	0.982113	0.000396	0.000000	0.000000	0.000006
310	0.013002	0.000039	0.001536	0.002472	0.982531	0.000416	0.000000	0.000000	0.000004
311	0.012644	0.000031	0.001451	0.002494	0.982945	0.000430	0.000000	0.000000	0.000005
312	0.012363	0.000026	0.001379	0.002549	0.983223	0.000455	0.000000	0.000000	0.000005
313	0.011854	0.000034	0.001368	0.002538	0.983745	0.000454	0.000000	0.000000	0.000007
314	0.011498	0.000034	0.001309	0.002494	0.984224	0.000435	0.000000	0.000000	0.000006
315	0.011258	0.000029	0.001227	0.002545	0.984517	0.000421	0.000000	0.000000	0.000003
316	0.010789	0.000031	0.001168	0.002543	0.985081	0.000387	0.000000	0.000000	0.000001
317	0.010478	0.000029	0.001193	0.002541	0.985354	0.000405	0.000000	0.000000	0.000000
318	0.010181	0.000023	0.001146	0.002490	0.985764	0.000396	0.000000	0.000000	0.000000
319	0.009899	0.000022	0.001137	0.002498	0.985999	0.000445	0.000000	0.000000	0.000000
320	0.009653	0.000022	0.001136	0.002427	0.986334	0.000428	0.000000	0.000000	0.000000
321	0.009302	0.000022	0.001081	0.002454	0.986732	0.000409	0.000000	0.000000	0.000000
322	0.009010	0.000018	0.001049	0.002507	0.986991	0.000425	0.000000	0.000000	0.000000
323	0.008699	0.000014	0.001022	0.002537	0.987305	0.000423	0.000000	0.000000	0.000000
324	0.008358	0.000010	0.001026	0.002532	0.987678	0.000396	0.000000	0.000000	0.000000
325	0.008088	0.000012	0.001004	0.002468	0.988063	0.000365	0.000000	0.000000	0.000000
326	0.007824	0.000016	0.000960	0.002455	0.988382	0.000363	0.000000	0.000000	0.000000
327	0.007598	0.000020	0.000918	0.002470	0.988620	0.000374	0.000000	0.000000	0.000000
328	0.007217	0.000018	0.000876	0.002465	0.989065	0.000359	0.000000	0.000000	0.000000
329	0.006899	0.000016	0.000861	0.002511	0.989359	0.000354	0.000000	0.000000	0.000000
330	0.006704	0.000023	0.000843	0.002494	0.989585	0.000351	0.000000	0.000000	0.000000
331	0.006440	0.000024	0.000791	0.002540	0.989834	0.000371	0.000000	0.000000	0.000000
332	0.006290	0.000025	0.000780	0.002561	0.989966	0.000378	0.000000	0.000000	0.000000
333	0.006025	0.000028	0.000758	0.002560	0.990255	0.000374	0.000000	0.000000	0.000000
334	0.005855	0.000029	0.000713	0.002536	0.990476	0.000391	0.000000	0.000000	0.000000
335	0.005658	0.000026	0.000671	0.002568	0.990694	0.000383	0.000000	0.000000	0.000000
336	0.005423	0.000027	0.000668	0.002590	0.990929	0.000363	0.000000	0.000000	0.000000
337	0.005350	0.000021	0.000652	0.002566	0.991036	0.000375	0.000000	0.000000	0.000000
338	0.005201	0.000019	0.000591	0.002585	0.991234	0.000370	0.000000	0.000000	0.000000
339	0.005025	0.000018	0.000576	0.002579	0.991405	0.000397	0.000000	0.000000	0.000000
340	0.004882	0.000017	0.000538	0.002505	0.991653	0.000405	0.000000	0.000000	0.000000
341	0.004679	0.000017	0.000525	0.002512	0.991855	0.000412	0.000000	0.000000	0.000000
342	0.004540	0.000013	0.000512	0.002583	0.991938	0.000414	0.000000	0.000000	0.000000
343	0.004388	0.000013	0.000467	0.002640	0.992064	0.000428	0.000000	0.000000	0.000000
344	0.004220	0.000013	0.000430	0.002622	0.992318	0.000397	0.000000	0.000000	0.000000
345	0.004088	0.000012	0.000402	0.002636	0.992470	0.000392	0.000000	0.000000	0.000000
346	0.003985	0.000010	0.000387	0.002593	0.992598	0.000427	0.000000	0.000000	0.000000
347	0.003826	0.000012	0.000392	0.002582	0.992779	0.000409	0.000000	0.000000	0.000000
348	0.003698	0.000011	0.000374	0.002539	0.992917	0.000461	0.000000	0.000000	0.000000
349	0.003553	0.000007	0.000363	0.002494	0.993121	0.000462	0.000000	0.000000	0.000000
350	0.003459	0.000008	0.000308	0.002430	0.993346	0.000449	0.000000	0.000000	0.000000
351	0.003329	0.000011	0.000324	0.002441	0.993452	0.000443	0.000000	0.000000	0.000000
352	0.003187	0.000011	0.000305	0.002470	0.993567	0.000460	0.000000	0.000000	0.000000
353	0.003062	0.000007	0.000304	0.002507	0.993689	0.000431	0.000000	0.000000	0.000000
354	0.002983	0.000006	0.000292	0.002535	0.993763	0.000421	0.000000	0.000000	0.000000
355	0.002865	0.000004	0.000306	0.002482	0.993914	0.000429	0.000000	0.000000	0.000000
356	0.002703	0.000006	0.000304	0.002451	0.994120	0.000416	0.000000	0.000000	0.000000
357	0.002591	0.000003	0.000289	0.002482	0.994227	0.000408	0.000000	0.000000	0.000000
358	0.002420	0.000002	0.000277	0.002501	0.994367	0.000433	0.000000	0.000000	0.000000
359	0.002320	0.000003	0.000257	0.002446	0.994538	0.000436	0.000000	0.000000	0.000000
360	0.002257	0.000001	0.000264	0.002392	0.994612	0.000474	0.000000	0.000000	0.000000
361	0.002107	0.000001	0.000249	0.002373	0.994812	0.000458	0.000000	0.000000	0.000000
362	0.001996	0.000002	0.000235	0.002454	0.994869	0.000444	0.000000	0.000000	0.000000
363	0.001886	0.000003	0.000231	0.002467	0.994952	0.000461	0.000000	0.000000	0.000000
364	0.001826	0.000003	0.000225	0.002439	0.995060	0.000447	0.000000	0.000000	0.000000
365	0.001783	0.000004	0.000226	0.002469	0.995077	0.000441	0.000000	0.000000	0.000000
366	0.001690	0.000007	0.000208	0.002397	0.995276	0.000422	0.000000	0.000000	0.000000
367	0.001586	0.000005	0.000205	0.002418	0.995364	0.000422	0.000000	0.000000	0.000000
368	0.001499	0.000004	0.000197	0.002463	0.995443	0.000394	0.000000	0.000000	0.000000
369	0.001450	0.000005	0.000178	0.002457	0.995534	0.000376	0.000000	0.000000	0.000000
370	0.001393	0.000002	0.000172	0.002405	0.995657	0.000371	0.000000	0.000000	0.000000
371	0.001309	0.000003	0.000169	0.002368	0.995734	0.000417	0.000000	0.000000	0.000000
372	0.001259	0.000005	0.000154	0.002341	0.995804	0.000437	0.000000	0.000000	0.000000
373	0.001196	0.000005	0.000142	0.002336	0.995882	0.000439	0.000000	0.000000	0.000000
374	0.001173	0.000005	0.000139	0.002349	0.995896	0.000438	0.000000	0.000000	0.000000
375	0.001103	0.000005	0.000134	0.002260	0.996051	0.000447	0.000000	0.000000	0.000000
376	0.001067	0.000004	0.000134	0.002214	0.996165	0.000416	0.000000	0.000000	0.000000
377	0.001030	0.000006	0.000126	0.002237	0.996183	0.000418	0.000000	0.000000	0.000000
378	0.000986	0.000005	0.000106	0.002190	0.996292	0.000421	0.000000	0.000000	0.000000
379	0.000933	0.000002	0.000107	0.002211	0.996336	0.000411	0.000000	0.000000	0.000000
380	0.000890	0.000002	0.000100	0.002188	0.996431	0.000389	0.000000	0.000000	0.000000
381	0.000853	0.000002	0.000101	0.002206	0.996424	0.000414	0.000000	0.000000	0.000000
382	0.000832	0.000004	0.000095	0.002220	0.996445	0.000404	0.000000	0.000000	0.000000
383	0.000789	0.000005	0.000094	0.002214	0.996516	0.000382	0.000000	0.000000	0.000000
384	0.000756	0.000003	0.000066	0.002223	0.996584	0.000368	0.000000	0.000000	0.000000
385	0.000723	0.000001	0.000065	0.002199	0.996638	0.000374	0.000000	0.000000	0.000000
386	0.000675	0.000001	0.000058	0.002206	0.996675	0.000385	0.000000	0.000000	0.000000
387	0.000661	0.000001	0.000053	0.002238	0.996668	0.000379	0.000000	0.000000	0.000000
388	0.000621	0.000001	0.000061	0.002192	0.996740	0.000385	0.000000	0.000000	0.000000
389	0.000588	0.000000	0.000054	0.002178	0.996785	0.000395	0.000000	0.000000	0.000000
390	0.000562	0.000000	0.000052	0.002111	0.996872	0.000403	0.000000	0.000000	0.000000
391	0.000531	0.000000	0.000041	0.002090	0.996937	0.000401	0.000000	0.000000	0.000000
392	0.000496	0.000000	0.000047	0.002032	0.997006	0.000419	0.000000	0.000000	0.000000
393	0.000464	0.000000	0.000044	0.002039	0.997017	0.000436	0.000000	0.000000	0.000000
394	0.000476	0.000000	0.000050	0.002063	0.996956	0.000455	0.000000	0.000000	0.000000
395	0.000447	0.000000	0.000032	0.002073	0.997001	0.000447	0.000000	0.000000	0.000000
396	0.000440	0.000000	0.000026	0.002027	0.997053	0.000454	0.000000	0.000000	0.000000
397	0.000434	0.000000	0.000018	0.001978	0.997104	0.000466	0.000000	0.000000	0.000000
398	0.000437	0.000000	0.000022	0.001956	0.997111	0.000474	0.000000	0.000000	0.000000
399	0.000404	0.000000	0.000025	0.001985	0.997098	0.000488	0.000000	0.000000	0.000000
400	0.000388	0.000000	0.000025	0.001995	0.997113	0.000479	0.000000	0.000000	0.000000
401	0.000371	0.000000	0.000026	0.001951	0.997147	0.000505	0.000000	0.000000	0.000000
402	0.000364	0.000000	0.000024	0.001947	0.997163	0.000502	0.000000	0.000000	0.000000
403	0.000340	0.000000	0.000026	0.001946	0.997170	0.000518	0.000000	0.000000	0.000000
404	0.000320	0.000000	0.000023	0.001962	0.997189	0.000506	0.000000	0.000000	0.000000
405	0.000296	0.000000	0.000023	0.001977	0.997216	0.000488	0.000000	0.000000	0.000000
406	0.000300	0.000000	0.000021	0.001967	0.997261	0.000451	0.000000	0.000000	0.000000
407	0.000292	0.000000	0.000025	0.001922	0.997306	0.000455	0.000000	0.000000	0.000000
408	0.000275	0.000000	0.000022	0.001929	0.997316	0.000458	0.000000	0.000000	0.000000
409	0.000275	0.000000	0.000020	0.001881	0.997363	0.000461	0.000000	0.000000	0.000000
410	0.000258	0.000000	0.000024	0.001877	0.997383	0.000458	0.000000	0.000000	0.000000
411	0.000235	0.000000	0.000024	0.001874	0.997394	0.000473	0.000000	0.000000	0.000000
412	0.000223	0.000000	0.000020	0.001902	0.997375	0.000480	0.000000	0.000000	0.000000
413	0.000221	0.000000	0.000021	0.001937	0.997352	0.000469	0.000000	0.000000	0.000000
414	0.000219	0.000000	0.000025	0.001931	0.997376	0.000449	0.000000	0.000000	0.000000
415	0.000211	0.000000	0.000023	0.001933	0.997375	0.000458	0.000000	0.000000	0.000000
416	0.000188	0.000000	0.000023	0.001922	0.997451	0.000416	0.000000	0.000000	0.000000
417	0.000179	0.000000	0.000018	0.001885	0.997490	0.000428	0.000000	0.000000	0.000000
418	0.000173	0.000000	0.000028	0.001903	0.997479	0.000417	0.000000	0.000000	0.000000
419	0.000163	0.000000	0.000029	0.001929	0.997485	0.000394	0.000000	0.000000	0.000000
420	0.000160	0.000000	0.000030	0.001906	0.997503	0.000401	0.000000	0.000000	0.000000
421	0.000146	0.000000	0.000030	0.001902	0.997542	0.000380	0.000000	0.000000	0.000000
422	0.000151	0.000000	0.000021	0.001911	0.997536	0.000381	0.000000	0.000000	0.000000
423	0.000156	0.000000	0.000015	0.001908	0.997567	0.000354	0.000000	0.000000	0.000000
424	0.000137	0.000000	0.000016	0.001897	0.997577	0.000373	0.000000	0.000000	0.000000
425	0.000121	0.000000	0.000010	0.001903	0.997621	0.000345	0.000000	0.000000	0.000000
426	0.000116	0.000000	0.000007	0.001913	0.997634	0.000330	0.000000	0.000000	0.000000
427	0.000103	0.000000	0.000008	0.001918	0.997637	0.000334	0.000000	0.000000	0.000000
428	0.000098	0.000000	0.000005	0.001884	0.997651	0.000362	0.000000	0.000000	0.000000
429	0.000094	0.000000	0.000003	0.001822	0.997711	0.000370	0.000000	0.000000	0.000000
430	0.000082	0.000000	0.000003	0.001818	0.997703	0.000394	0.000000	0.000000	0.000000
431	0.000084	0.000000	0.000004	0.001808	0.997700	0.000404	0.000000	0.000000	0.000000
432	0.000090	0.000000	0.000004	0.001829	0.997706	0.000371	0.000000	0.000000	0.000000
433	0.000085	0.000000	0.000004	0.001815	0.997718	0.000378	0.000000	0.000000	0.000000
434	0.000080	0.000000	0.000000	0.001828	0.997712	0.000380	0.000000	0.000000	0.000000
435	0.000082	0.000000	0.000000	0.001787	0.997758	0.000373	0.000000	0.000000	0.000000
436	0.000095	0.000000	0.000000	0.001739	0.997796	0.000370	0.000000	0.000000	0.000000
437	0.000087	0.000000	0.000000	0.001730	0.997818	0.000365	0.000000	0.000000	0.000000
438	0.000068	0.000000	0.000000	0.001659	0.997903	0.000370	0.000000	0.000000	0.000000
439	0.000070	0.000000	0.000000	0.001593	0.997958	0.000379	0.000000	0.000000	0.000000
440	0.000065	0.000000	0.000000	0.001583	0.998019	0.000333	0.000000	0.000000	0.000000
441	0.000066	0.000000	0.000000	0.001532	0.998046	0.000356	0.000000	0.000000	0.000000
442	0.000071	0.000000	0.000000	0.001535	0.998057	0.000337	0.000000	0.000000	0.000000
443	0.000051	0.000000	0.000000	0.001591	0.998017	0.000341	0.000000	0.000000	0.000000
444	0.000051	0.000000	0.000000	0.001651	0.997959	0.000339	0.000000	0.000000	0.000000
445	0.000054	0.000000	0.000000	0.001675	0.997938	0.000333	0.000000	0.000000	0.000000
446	0.000054	0.000000	0.000000	0.001659	0.997932	0.000355	0.000000	0.000000	0.000000
447	0.000041	0.000000	0.000000	0.001666	0.997952	0.000341	0.000000	0.000000	0.000000
448	0.000033	0.000000	0.000000	0.001624	0.998017	0.000326	0.000000	0.000000	0.000000
449	0.000031	0.000000	0.000000	0.001664	0.997988	0.000317	0.000000	0.000000	0.000000
450	0.000024	0.000000	0.000000	0.001693	0.997952	0.000331	0.000000	0.000000	0.000000
451	0.000021	0.000000	0.000000	0.001682	0.997991	0.000306	0.000000	0.000000	0.000000
452	0.000016	0.000000	0.000000	0.001720	0.997925	0.000339	0.000000	0.000000	0.000000
453	0.000011	0.000000	0.000000	0.001725	0.997953	0.000311	0.000000	0.000000	0.000000
454	0.000010	0.000000	0.000000	0.001717	0.997977	0.000296	0.000000	0.000000	0.000000
455	0.000013	0.000000	0.000000	0.001710	0.997982	0.000295	0.000000	0.000000	0.000000
456	0.000011	0.000000	0.000000	0.001721	0.997986	0.000282	0.000000	0.000000	0.000000
457	0.000012	0.000000	0.000000	0.001657	0.998020	0.000311	0.000000	0.000000	0.000000
458	0.000015	0.000000	0.000000	0.001619	0.998057	0.000309	0.000000	0.000000	0.000000
459	0.000012	0.000000	0.000000	0.001598	0.998067	0.000323	0.000000	0.000000	0.000000
460	0.000014	0.000000	0.000000	0.001628	0.998042	0.000316	0.000000	0.000000	0.000000
461	0.000011	0.000000	0.000000	0.001597	0.998078	0.000314	0.000000	0.000000	0.000000
462	0.000007	0.000000	0.000000	0.001604	0.998082	0.000307	0.000000	0.000000	0.000000
463	0.000009	0.000000	0.000000	0.001636	0.998037	0.000318	0.000000	0.000000	0.000000
464	0.000002	0.000000	0.000000	0.001594	0.998081	0.000323	0.000000	0.000000	0.000000
465	0.000001	0.000000	0.000000	0.001609	0.998074	0.000316	0.000000	0.000000	0.000000
466	0.000000	0.000000	0.000000	0.001606	0.998062	0.000332	0.000000	0.000000	0.000000
467	0.000000	0.000000	0.000000	0.001600	0.998071	0.000329	0.000000	0.000000	0.000000
468	0.000000	0.000000	0.000000	0.001584	0.998073	0.000343	0.000000	0.000000	0.000000
469	0.000000	0.000000	0.000000	0.001576	0.998076	0.000348	0.000000	0.000000	0.000000
470	0.000000	0.000000	0.000000	0.001576	0.998068	0.000356	0.000000	0.000000	0.000000
