0	0.290663	0.057897	0.229473	0.157588	0.029913	0.111872	0.085455	0.012259	0.024880
1	0.220238	0.045741	0.191635	0.133012	0.027650	0.117444	0.136195	0.026222	0.101863
2	0.210226	0.043221	0.181003	0.122313	0.026719	0.107709	0.152141	0.029712	0.126956
3	0.206954	0.041649	0.172156	0.113449	0.026165	0.097691	0.164513	0.031460	0.145963
4	0.204687	0.040175	0.163443	0.105377	0.026072	0.088315	0.174628	0.033107	0.164196
5	0.202580	0.039148	0.154782	0.098229	0.026068	0.079229	0.184205	0.034219	0.181540
6	0.200620	0.038272	0.145614	0.091793	0.026140	0.071033	0.192264	0.035305	0.198959
7	0.199423	0.037372	0.136592	0.085999	0.026293	0.063011	0.199902	0.036001	0.215407
8	0.198516	0.036762	0.127567	0.080258	0.026631	0.056484	0.205754	0.036841	0.231187
9	0.197774	0.036231	0.118747	0.075240	0.026573	0.050275	0.211296	0.037462	0.246402
10	0.196724	0.035324	0.110349	0.070409	0.027171	0.044866	0.216111	0.037730	0.261316
11	0.195634	0.034598	0.102834	0.066108	0.027316	0.040016	0.219721	0.037701	0.276072
12	0.195083	0.033902	0.095161	0.062366	0.027937	0.035333	0.222768	0.037759	0.289691
13	0.194435	0.033140	0.088620	0.058677	0.028688	0.031206	0.225148	0.037818	0.302268
14	0.193959	0.032386	0.081750	0.055439	0.029282	0.027667	0.226923	0.037720	0.314874
15	0.193172	0.031851	0.075611	0.051907	0.030046	0.024787	0.228690	0.037564	0.326372
16	0.192288	0.031369	0.069855	0.048856	0.030739	0.022271	0.229753	0.037383	0.337486
17	0.190947	0.030896	0.064575	0.046320	0.031583	0.019879	0.230157	0.037428	0.348215
18	0.190081	0.030248	0.059821	0.043402	0.032216	0.017655	0.230757	0.037377	0.358443
19	0.189594	0.029490	0.055334	0.041059	0.033050	0.015675	0.230318	0.037122	0.368358
20	0.188245	0.029105	0.050972	0.038887	0.033818	0.013939	0.230261	0.036784	0.377989
21	0.187022	0.028468	0.047266	0.036551	0.034629	0.012473	0.229962	0.036309	0.387320
22	0.186364	0.027901	0.043527	0.034478	0.035531	0.011191	0.229424	0.035898	0.395686
23	0.185421	0.027504	0.040040	0.032717	0.036265	0.009900	0.228736	0.035624	0.403793
24	0.184072	0.026998	0.037000	0.030545	0.037212	0.008952	0.227847	0.035167	0.412207
25	0.182809	0.026363	0.033977	0.028515	0.038275	0.008097	0.226627	0.034725	0.420612
26	0.181226	0.025775	0.031474	0.027078	0.039128	0.007221	0.225792	0.034370	0.427936
27	0.179648	0.025392	0.028992	0.025401	0.040043	0.006594	0.224436	0.033800	0.435694
28	0.177889	0.024830	0.026758	0.023995	0.040913	0.005897	0.223097	0.033590	0.443031
29	0.176449	0.024196	0.024569	0.022695	0.042127	0.005198	0.221432	0.033372	0.449962
30	0.174582	0.023761	0.022824	0.021138	0.043373	0.004643	0.219460	0.033124	0.457095
31	0.172860	0.023119	0.020955	0.020014	0.044183	0.004260	0.218530	0.032719	0.463360
32	0.170929	0.022727	0.019492	0.019038	0.045107	0.003889	0.216645	0.032393	0.469780
33	0.169219	0.022331	0.017825	0.018096	0.045965	0.003525	0.215241	0.031957	0.475841
34	0.167384	0.022065	0.016525	0.017143	0.047010	0.003205	0.213490	0.031498	0.481680
35	0.165882	0.021504	0.015428	0.016349	0.047599	0.002911	0.210972	0.030691	0.488664
36	0.163940	0.021148	0.014365	0.015311	0.048683	0.002636	0.209282	0.030306	0.494329
37	0.161443	0.020409	0.013137	0.014581	0.049533	0.002364	0.207836	0.029912	0.500785
38	0.159190	0.019835	0.012060	0.013884	0.050408	0.002187	0.205880	0.029349	0.507207
39	0.157021	0.019113	0.010947	0.013194	0.051493	0.002025	0.203829	0.028772	0.513606
40	0.154630	0.018673	0.010031	0.012574	0.052426	0.001872	0.201862	0.028624	0.519308
41	0.152281	0.018240	0.009201	0.011988	0.053282	0.001679	0.200756	0.027860	0.524713
42	0.150337	0.017764	0.008464	0.011273	0.053870	0.001523	0.198766	0.027682	0.530321
43	0.148232	0.017212	0.007804	0.010716	0.054795	0.001407	0.196217	0.027529	0.536088
44	0.145511	0.016901	0.007183	0.010282	0.055701	0.001317	0.194460	0.027205	0.541440
45	0.143140	0.016345	0.006643	0.009809	0.056559	0.001168	0.192678	0.026740	0.546918
46	0.140749	0.015963	0.006103	0.009301	0.057336	0.001019	0.190906	0.026399	0.552224
47	0.138793	0.015518	0.005693	0.008817	0.058138	0.000921	0.188867	0.026051	0.557202
48	0.136048	0.015048	0.005211	0.008451	0.058908	0.000848	0.187184	0.025790	0.562512
49	0.133096	0.014717	0.004802	0.007955	0.059849	0.000791	0.185623	0.025504	0.567663
50	0.130643	0.014418	0.004385	0.007660	0.060476	0.000709	0.184462	0.025193	0.572054
51	0.128232	0.013955	0.003951	0.007301	0.061051	0.000639	0.183257	0.024946	0.576668
52	0.125859	0.013409	0.003671	0.006982	0.061650	0.000603	0.181354	0.024725	0.581747
53	0.122991	0.013001	0.003307	0.006597	0.062491	0.000551	0.180104	0.024471	0.586487
54	0.120524	0.012536	0.003075	0.006236	0.063167	0.000511	0.178358	0.024289	0.591304
55	0.118191	0.012153	0.002737	0.005896	0.063346	0.000478	0.176824	0.023955	0.596420
56	0.115724	0.011886	0.002495	0.005720	0.063981	0.000437	0.175339	0.023600	0.600818
57	0.113065	0.011403	0.002361	0.005455	0.064775	0.000389	0.173543	0.023237	0.605772
58	0.110274	0.010906	0.002053	0.005164	0.065336	0.000379	0.172511	0.022819	0.610558
59	0.107647	0.010533	0.001886	0.004882	0.065920	0.000337	0.171135	0.022722	0.614938
60	0.104531	0.010176	0.001747	0.004632	0.066361	0.000335	0.170579	0.022722	0.618917
61	0.101904	0.009776	0.001590	0.004385	0.066885	0.000285	0.169482	0.022577	0.623116
62	0.098701	0.009465	0.001431	0.004184	0.067433	0.000282	0.168568	0.022402	0.627534
63	0.095982	0.009165	0.001249	0.003988	0.067628	0.000258	0.167547	0.022063	0.632120
64	0.093608	0.008847	0.001154	0.003867	0.067845	0.000248	0.166735	0.021903	0.635793
65	0.090911	0.008546	0.001062	0.003642	0.068336	0.000226	0.166180	0.021559	0.639538
66	0.088229	0.008259	0.000976	0.003478	0.068652	0.000199	0.165255	0.021295	0.643657
67	0.085982	0.007939	0.000934	0.003367	0.069036	0.000193	0.163857	0.021025	0.647667
68	0.083263	0.007646	0.000877	0.003268	0.069284	0.000181	0.162529	0.020929	0.652023
69	0.080944	0.007349	0.000808	0.003157	0.069651	0.000155	0.161058	0.020772	0.656106
70	0.078583	0.007046	0.000769	0.002961	0.069942	0.000129	0.160580	0.020439	0.659551
71	0.076304	0.006675	0.000688	0.002819	0.070067	0.000145	0.159833	0.020311	0.663158
72	0.073830	0.006445	0.000615	0.002713	0.070456	0.000117	0.158878	0.020053	0.666893
73	0.071376	0.006214	0.000568	0.002558	0.070720	0.000106	0.158054	0.019863	0.670541
74	0.068932	0.005909	0.000520	0.002469	0.070743	0.000088	0.157500	0.019796	0.674043
75	0.066849	0.005710	0.000502	0.002353	0.070697	0.000095	0.156771	0.019571	0.677452
76	0.064795	0.005470	0.000451	0.002226	0.070871	0.000087	0.155858	0.019546	0.680696
77	0.062370	0.005257	0.000415	0.002087	0.071213	0.000069	0.155489	0.019405	0.683695
78	0.060538	0.005154	0.000336	0.002025	0.071067	0.000061	0.154655	0.019407	0.686757
79	0.058260	0.004981	0.000274	0.001935	0.071083	0.000053	0.153671	0.019308	0.690435
80	0.056275	0.004759	0.000233	0.001835	0.070891	0.000052	0.153070	0.019378	0.693507
81	0.054512	0.004600	0.000188	0.001759	0.070834	0.000049	0.151979	0.019218	0.696861
82	0.052622	0.004425	0.000185	0.001724	0.070858	0.000042	0.151484	0.019070	0.699590
83	0.051045	0.004274	0.000159	0.001626	0.070803	0.000037	0.150753	0.018762	0.702541
84	0.049039	0.004001	0.000130	0.001552	0.071041	0.000036	0.150508	0.018664	0.705029
85	0.047063	0.003753	0.000110	0.001439	0.070890	0.000034	0.150076	0.018491	0.708144
86	0.045508	0.003615	0.000114	0.001375	0.070811	0.000028	0.149148	0.018443	0.710958
87	0.043618	0.003389	0.000114	0.001289	0.070762	0.000034	0.148626	0.018110	0.714058
88	0.041947	0.003268	0.000111	0.001234	0.070711	0.000032	0.147845	0.017914	0.716938
89	0.040409	0.003116	0.000092	0.001185	0.070463	0.000027	0.147317	0.017819	0.719572
90	0.038933	0.002948	0.000100	0.001121	0.070403	0.000026	0.147159	0.017845	0.721465
91	0.037434	0.002847	0.000092	0.001042	0.070023	0.000022	0.146808	0.017764	0.723968
92	0.036309	0.002748	0.000097	0.000961	0.069826	0.000020	0.146444	0.017598	0.725997
93	0.035054	0.002648	0.000078	0.000911	0.069456	0.000021	0.146058	0.017503	0.728271
94	0.033730	0.002551	0.000069	0.000865	0.069216	0.000017	0.145961	0.017338	0.730253
95	0.032382	0.002487	0.000066	0.000834	0.069007	0.000016	0.145369	0.017088	0.732751
96	0.031126	0.002412	0.000062	0.000753	0.068855	0.000012	0.145244	0.016986	0.734550
97	0.030069	0.002415	0.000059	0.000707	0.068613	0.000018	0.144431	0.016863	0.736825
98	0.028765	0.002307	0.000051	0.000652	0.068257	0.000015	0.144073	0.016728	0.739152
99	0.027819	0.002196	0.000057	0.000611	0.067998	0.000015	0.143858	0.016482	0.740964
100	0.026741	0.002160	0.000055	0.000598	0.068015	0.000016	0.143472	0.016363	0.742580
101	0.025561	0.002104	0.000050	0.000579	0.067920	0.000013	0.142851	0.016395	0.744527
102	0.024462	0.002051	0.000039	0.000534	0.067650	0.000011	0.142451	0.016285	0.746517
103	0.023413	0.001981	0.000042	0.000522	0.067133	0.000012	0.142296	0.016026	0.748575
104	0.022453	0.001932	0.000044	0.000483	0.067018	0.000015	0.141748	0.015943	0.750364
105	0.021691	0.001852	0.000047	0.000470	0.066733	0.000014	0.140883	0.015795	0.752515
106	0.020975	0.001773	0.000043	0.000431	0.066583	0.000010	0.140472	0.015743	0.753970
107	0.020217	0.001709	0.000041	0.000418	0.066304	0.000010	0.140272	0.015801	0.755228
108	0.019325	0.001693	0.000037	0.000425	0.066155	0.000004	0.139948	0.015738	0.756675
109	0.018596	0.001676	0.000028	0.000412	0.065814	0.000007	0.139455	0.015753	0.758259
110	0.017822	0.001616	0.000025	0.000380	0.065681	0.000008	0.139144	0.015725	0.759599
111	0.017125	0.001564	0.000025	0.000348	0.065231	0.000003	0.138829	0.015647	0.761228
112	0.016364	0.001505	0.000022	0.000335	0.064827	0.000004	0.138219	0.015598	0.763126
113	0.015816	0.001466	0.000021	0.000305	0.064437	0.000003	0.137639	0.015464	0.764849
114	0.014986	0.001408	0.000022	0.000281	0.063782	0.000005	0.136787	0.015321	0.767408
115	0.014452	0.001400	0.000022	0.000260	0.063348	0.000004	0.136117	0.015365	0.769032
116	0.013940	0.001379	0.000028	0.000227	0.063106	0.000007	0.135717	0.015271	0.770325
117	0.013380	0.001370	0.000030	0.000218	0.062523	0.000008	0.135563	0.015120	0.771788
118	0.012809	0.001365	0.000028	0.000210	0.061952	0.000009	0.135244	0.015307	0.773076
119	0.012165	0.001330	0.000033	0.000187	0.061637	0.000008	0.135502	0.015295	0.773843
120	0.011585	0.001319	0.000032	0.000176	0.061174	0.000009	0.135252	0.015305	0.775148
121	0.011222	0.001262	0.000028	0.000185	0.060747	0.000010	0.135147	0.015201	0.776198
122	0.010856	0.001226	0.000018	0.000171	0.060336	0.000012	0.134472	0.015142	0.777767
123	0.010424	0.001204	0.000016	0.000161	0.060020	0.000011	0.133945	0.015179	0.779040
124	0.010023	0.001197	0.000013	0.000153	0.059673	0.000010	0.134007	0.015180	0.779744
125	0.009698	0.001164	0.000011	0.000143	0.059194	0.000011	0.133553	0.015211	0.781015
126	0.009425	0.001158	0.000013	0.000135	0.059017	0.000015	0.133018	0.015027	0.782192
127	0.009118	0.001111	0.000015	0.000124	0.058703	0.000008	0.132514	0.015129	0.783278
128	0.008818	0.001115	0.000018	0.000116	0.058328	0.000010	0.132321	0.015071	0.784203
129	0.008509	0.001048	0.000013	0.000101	0.057975	0.000014	0.131932	0.015145	0.785263
130	0.008152	0.001015	0.000008	0.000095	0.057590	0.000013	0.132313	0.015005	0.785809
131	0.007800	0.000987	0.000007	0.000082	0.057293	0.000016	0.132176	0.014778	0.786861
132	0.007517	0.000987	0.000005	0.000073	0.057003	0.000012	0.132271	0.014616	0.787516
133	0.007228	0.000991	0.000003	0.000081	0.056564	0.000011	0.131686	0.014465	0.788971
134	0.006903	0.000934	0.000003	0.000086	0.055791	0.000006	0.131190	0.014591	0.790496
135	0.006680	0.000921	0.000007	0.000081	0.055562	0.000003	0.130848	0.014571	0.791327
136	0.006461	0.000874	0.000009	0.000085	0.055266	0.000001	0.130699	0.014359	0.792246
137	0.006261	0.000864	0.000011	0.000081	0.054837	0.000000	0.130482	0.014388	0.793076
138	0.005949	0.000824	0.000013	0.000086	0.054521	0.000000	0.130092	0.014450	0.794065
139	0.005686	0.000799	0.000015	0.000089	0.053838	0.000000	0.129524	0.014348	0.795701
140	0.005492	0.000789	0.000010	0.000082	0.053594	0.000000	0.129336	0.014318	0.796379
141	0.005325	0.000761	0.000013	0.000093	0.053176	0.000000	0.129431	0.014135	0.797066
142	0.005157	0.000722	0.000012	0.000081	0.052783	0.000000	0.128958	0.014010	0.798277
143	0.004971	0.000733	0.000008	0.000080	0.052224	0.000000	0.128136	0.014005	0.799843
144	0.004837	0.000725	0.000005	0.000086	0.051863	0.000000	0.128244	0.013737	0.800503
145	0.004732	0.000708	0.000008	0.000087	0.051543	0.000000	0.127736	0.013631	0.801555
146	0.004588	0.000698	0.000010	0.000089	0.051267	0.000000	0.128129	0.013596	0.801623
147	0.004501	0.000671	0.000009	0.000083	0.050945	0.000000	0.127931	0.013632	0.802228
148	0.004372	0.000675	0.000015	0.000086	0.050236	0.000000	0.127754	0.013797	0.803065
149	0.004334	0.000643	0.000015	0.000087	0.049796	0.000000	0.127525	0.013731	0.803869
150	0.004256	0.000607	0.000014	0.000095	0.049554	0.000000	0.127267	0.013604	0.804603
151	0.004126	0.000585	0.000013	0.000090	0.049203	0.000000	0.127059	0.013465	0.805459
152	0.003977	0.000577	0.000012	0.000091	0.048910	0.000000	0.126685	0.013544	0.806204
153	0.003840	0.000569	0.000009	0.000090	0.048552	0.000000	0.126417	0.013462	0.807061
154	0.003802	0.000564	0.000007	0.000079	0.048122	0.000000	0.126050	0.013411	0.807965
155	0.003710	0.000532	0.000009	0.000092	0.047657	0.000000	0.125646	0.013457	0.808897
156	0.003611	0.000531	0.000008	0.000105	0.047077	0.000000	0.125231	0.013214	0.810223
157	0.003547	0.000508	0.000007	0.000101	0.046955	0.000000	0.124737	0.013218	0.810927
158	0.003410	0.000478	0.000008	0.000107	0.046540	0.000000	0.124189	0.013142	0.812126
159	0.003386	0.000481	0.000007	0.000109	0.046116	0.000000	0.123571	0.013061	0.813269
160	0.003306	0.000477	0.000004	0.000104	0.045804	0.000000	0.123548	0.013061	0.813696
161	0.003344	0.000483	0.000004	0.000114	0.045419	0.000000	0.123628	0.013041	0.813967
162	0.003241	0.000453	0.000001	0.000113	0.045059	0.000000	0.123627	0.013007	0.814499
163	0.003146	0.000427	0.000000	0.000120	0.044679	0.000000	0.123111	0.013077	0.815440
164	0.003174	0.000409	0.000000	0.000113	0.044398	0.000000	0.122681	0.013048	0.816177
165	0.003163	0.000394	0.000000	0.000091	0.043937	0.000000	0.122578	0.013242	0.816595
166	0.003005	0.000385	0.000000	0.000086	0.043666	0.000000	0.122299	0.013150	0.817409
167	0.002976	0.000381	0.000000	0.000087	0.043288	0.000000	0.122172	0.013001	0.818095
168	0.002942	0.000358	0.000000	0.000087	0.043127	0.000000	0.122001	0.013114	0.818371
169	0.002881	0.000325	0.000000	0.000078	0.042657	0.000000	0.121914	0.013049	0.819096
170	0.002808	0.000299	0.000000	0.000077	0.042458	0.000000	0.121513	0.012978	0.819867
171	0.002755	0.000273	0.000000	0.000063	0.042072	0.000000	0.121113	0.013015	0.820709
172	0.002707	0.000275	0.000000	0.000062	0.041784	0.000000	0.120746	0.012974	0.821452
173	0.002657	0.000253	0.000000	0.000064	0.041382	0.000000	0.120808	0.013057	0.821779
174	0.002584	0.000243	0.000000	0.000055	0.041134	0.000000	0.120328	0.012940	0.822716
175	0.002453	0.000240	0.000000	0.000048	0.040699	0.000000	0.120714	0.012781	0.823065
176	0.002404	0.000234	0.000000	0.000047	0.040322	0.000000	0.120452	0.012729	0.823812
177	0.002308	0.000230	0.000000	0.000050	0.039876	0.000000	0.120408	0.012723	0.824405
178	0.002246	0.000232	0.000000	0.000048	0.039491	0.000000	0.120567	0.012635	0.824781
179	0.002164	0.000222	0.000000	0.000050	0.039045	0.000000	0.120565	0.012477	0.825477
180	0.002165	0.000206	0.000000	0.000047	0.038826	0.000000	0.120177	0.012449	0.826130
181	0.002086	0.000192	0.000000	0.000055	0.038460	0.000000	0.120139	0.012439	0.826629
182	0.002033	0.000169	0.000000	0.000057	0.038071	0.000000	0.119986	0.012330	0.827354
183	0.001972	0.000174	0.000000	0.000060	0.037636	0.000000	0.119342	0.012221	0.828595
184	0.001912	0.000137	0.000000	0.000046	0.037297	0.000000	0.119207	0.012290	0.829111
185	0.001859	0.000138	0.000000	0.000058	0.036905	0.000000	0.118835	0.012234	0.829971
186	0.001836	0.000121	0.000000	0.000047	0.036614	0.000000	0.118765	0.012348	0.830269
187	0.001784	0.000126	0.000000	0.000042	0.036269	0.000000	0.118433	0.012347	0.830999
188	0.001750	0.000131	0.000000	0.000044	0.036099	0.000000	0.118663	0.012257	0.831056
189	0.001760	0.000120	0.000000	0.000041	0.035598	0.000000	0.118571	0.012232	0.831678
190	0.001708	0.000108	0.000000	0.000047	0.035303	0.000000	0.118697	0.012273	0.831864
191	0.001667	0.000101	0.000000	0.000043	0.034908	0.000000	0.118573	0.012347	0.832361
192	0.001610	0.000098	0.000000	0.000034	0.034626	0.000000	0.118523	0.012289	0.832820
193	0.001558	0.000090	0.000000	0.000031	0.034393	0.000000	0.118520	0.012246	0.833162
194	0.001532	0.000087	0.000000	0.000022	0.034092	0.000000	0.118564	0.012281	0.833422
195	0.001464	0.000076	0.000000	0.000021	0.033748	0.000000	0.118560	0.012175	0.833956
196	0.001397	0.000072	0.000000	0.000015	0.033464	0.000000	0.118820	0.012258	0.833974
197	0.001372	0.000079	0.000000	0.000015	0.033289	0.000000	0.118736	0.012234	0.834275
198	0.001377	0.000072	0.000000	0.000010	0.032857	0.000000	0.118315	0.012234	0.835135
199	0.001354	0.000070	0.000000	0.000012	0.032472	0.000000	0.118389	0.012123	0.835580
200	0.001296	0.000068	0.000000	0.000012	0.032170	0.000000	0.118375	0.012210	0.835869
201	0.001211	0.000073	0.000000	0.000012	0.031892	0.000000	0.118456	0.012184	0.836172
202	0.001193	0.000072	0.000000	0.000010	0.031562	0.000000	0.118133	0.012052	0.836978
203	0.001168	0.000075	0.000000	0.000011	0.031302	0.000000	0.118005	0.012064	0.837375
204	0.001124	0.000074	0.000000	0.000013	0.030945	0.000000	0.117723	0.011998	0.838123
205	0.001131	0.000078	0.000000	0.000013	0.030612	0.000000	0.117895	0.011892	0.838379
206	0.001064	0.000069	0.000000	0.000012	0.030230	0.000000	0.117826	0.011889	0.838910
207	0.001021	0.000069	0.000000	0.000015	0.029856	0.000000	0.117567	0.011907	0.839565
208	0.000988	0.000066	0.000000	0.000018	0.029743	0.000000	0.117188	0.011831	0.840166
209	0.000949	0.000058	0.000000	0.000021	0.029534	0.000000	0.117215	0.011637	0.840586
210	0.000871	0.000066	0.000000	0.000016	0.029244	0.000000	0.117322	0.011517	0.840964
211	0.000787	0.000067	0.000000	0.000018	0.028851	0.000000	0.117143	0.011503	0.841631
212	0.000771	0.000064	0.000000	0.000020	0.028565	0.000000	0.116836	0.011382	0.842362
213	0.000738	0.000067	0.000000	0.000022	0.028249	0.000000	0.116671	0.011452	0.842801
214	0.000748	0.000061	0.000000	0.000024	0.027998	0.000000	0.116487	0.011431	0.843251
215	0.000712	0.000062	0.000000	0.000019	0.027699	0.000000	0.116370	0.011411	0.843727
216	0.000686	0.000059	0.000000	0.000020	0.027447	0.000000	0.116332	0.011433	0.844023
217	0.000679	0.000055	0.000000	0.000018	0.027159	0.000000	0.116065	0.011531	0.844493
218	0.000640	0.000051	0.000000	0.000022	0.026958	0.000000	0.115925	0.011490	0.844914
219	0.000612	0.000048	0.000000	0.000022	0.026735	0.000000	0.115981	0.011525	0.845077
220	0.000607	0.000045	0.000000	0.000029	0.026548	0.000000	0.115704	0.011576	0.845491
221	0.000577	0.000040	0.000000	0.000033	0.026214	0.000000	0.115792	0.011534	0.845810
222	0.000566	0.000039	0.000000	0.000033	0.026098	0.000000	0.115621	0.011610	0.846033
223	0.000575	0.000032	0.000000	0.000028	0.025840	0.000000	0.115726	0.011522	0.846277
224	0.000565	0.000031	0.000000	0.000028	0.025465	0.000000	0.115458	0.011474	0.846979
225	0.000556	0.000036	0.000000	0.000026	0.025399	0.000000	0.114968	0.011482	0.847533
226	0.000519	0.000036	0.000000	0.000027	0.025020	0.000000	0.115060	0.011476	0.847862
227	0.000520	0.000034	0.000000	0.000028	0.024757	0.000000	0.115017	0.011332	0.848312
228	0.000481	0.000039	0.000000	0.000025	0.024438	0.000000	0.115282	0.011441	0.848294
229	0.000462	0.000036	0.000000	0.000024	0.024010	0.000000	0.115422	0.011308	0.848738
230	0.000446	0.000036	0.000000	0.000027	0.023695	0.000000	0.115718	0.011282	0.848796
231	0.000436	0.000035	0.000000	0.000022	0.023390	0.000000	0.115273	0.011302	0.849542
232	0.000427	0.000032	0.000000	0.000013	0.023151	0.000000	0.115290	0.011256	0.849831
233	0.000417	0.000032	0.000000	0.000015	0.022831	0.000000	0.115259	0.011302	0.850144
234	0.000383	0.000028	0.000000	0.000014	0.022469	0.000000	0.115154	0.011358	0.850594
235	0.000394	0.000031	0.000000	0.000014	0.022185	0.000000	0.115159	0.011323	0.850894
236	0.000384	0.000033	0.000000	0.000009	0.022013	0.000000	0.114712	0.011401	0.851448
237	0.000402	0.000029	0.000000	0.000011	0.021716	0.000000	0.114539	0.011608	0.851695
238	0.000384	0.000024	0.000000	0.000004	0.021486	0.000000	0.114541	0.011525	0.852036
239	0.000394	0.000015	0.000000	0.000004	0.021255	0.000000	0.114331	0.011597	0.852404
240	0.000404	0.000008	0.000000	0.000000	0.021152	0.000000	0.113925	0.011663	0.852848
241	0.000389	0.000007	0.000000	0.000000	0.020938	0.000000	0.113697	0.011558	0.853411
242	0.000373	0.000005	0.000000	0.000000	0.020721	0.000000	0.113759	0.011453	0.853689
243	0.000335	0.000006	0.000000	0.000000	0.020441	0.000000	0.113550	0.011350	0.854318
244	0.000317	0.000005	0.000000	0.000000	0.020239	0.000000	0.113219	0.011315	0.854905
245	0.000328	0.000004	0.000000	0.000000	0.020167	0.000000	0.112991	0.011349	0.855161
246	0.000315	0.000005	0.000000	0.000000	0.020076	0.000000	0.112914	0.011255	0.855435
247	0.000300	0.000005	0.000000	0.000000	0.019858	0.000000	0.112803	0.011197	0.855837
248	0.000294	0.000004	0.000000	0.000000	0.019690	0.000000	0.112694	0.011077	0.856241
249	0.000289	0.000002	0.000000	0.000000	0.019363	0.000000	0.112918	0.010994	0.856434
250	0.000275	0.000000	0.000000	0.000000	0.018963	0.000000	0.113076	0.011102	0.856584
251	0.000259	0.000000	0.000000	0.000000	0.018844	0.000000	0.113019	0.010932	0.856946
252	0.000258	0.000000	0.000000	0.000000	0.018669	0.000000	0.112732	0.010769	0.857572
253	0.000244	0.000000	0.000000	0.000000	0.018507	0.000000	0.112441	0.010737	0.858071
254	0.000240	0.000000	0.000000	0.000000	0.018314	0.000000	0.112401	0.010817	0.858228
255	0.000244	0.000000	0.000000	0.000000	0.018267	0.000000	0.111885	0.010680	0.858924
256	0.000233	0.000000	0.000000	0.000000	0.018165	0.000000	0.112074	0.010632	0.858896
257	0.000237	0.000000	0.000000	0.000000	0.017942	0.000000	0.112077	0.010613	0.859131
258	0.000237	0.000000	0.000000	0.000000	0.017666	0.000000	0.111848	0.010695	0.859554
259	0.000243	0.000000	0.000000	0.000000	0.017603	0.000000	0.111759	0.010526	0.859869
260	0.000253	0.000000	0.000000	0.000000	0.017431	0.000000	0.111534	0.010592	0.860190
261	0.000244	0.000000	0.000000	0.000000	0.017223	0.000000	0.111466	0.010610	0.860457
262	0.000244	0.000000	0.000000	0.000000	0.017144	0.000000	0.111657	0.010566	0.860389
263	0.000226	0.000000	0.000000	0.000000	0.017001	0.000000	0.111640	0.010626	0.860507
264	0.000241	0.000000	0.000000	0.000000	0.016707	0.000000	0.111229	0.010643	0.861180
265	0.000238	0.000000	0.000000	0.000000	0.016502	0.000000	0.111403	0.010628	0.861229
266	0.000222	0.000000	0.000000	0.000000	0.016403	0.000000	0.111099	0.010698	0.861578
267	0.000217	0.000000	0.000000	0.000000	0.016279	0.000000	0.110699	0.010634	0.862171
268	0.000225	0.000000	0.000000	0.000000	0.016245	0.000000	0.110859	0.010631	0.862040
269	0.000218	0.000000	0.000000	0.000000	0.015996	0.000000	0.110799	0.010629	0.862358
270	0.000218	0.000000	0.000000	0.000000	0.015831	0.000000	0.110960	0.010600	0.862391
271	0.000226	0.000000	0.000000	0.000000	0.015679	0.000000	0.111104	0.010742	0.862249
272	0.000217	0.000000	0.000000	0.000000	0.015556	0.000000	0.110907	0.010594	0.862726
273	0.000215	0.000000	0.000000	0.000000	0.015501	0.000000	0.110776	0.010447	0.863061
274	0.000211	0.000000	0.000000	0.000000	0.015387	0.000000	0.110799	0.010428	0.863175
275	0.000205	0.000000	0.000000	0.000000	0.015271	0.000000	0.110239	0.010506	0.863779
276	0.000208	0.000000	0.000000	0.000000	0.015117	0.000000	0.110275	0.010526	0.863874
277	0.000188	0.000000	0.000000	0.000000	0.014960	0.000000	0.109975	0.010662	0.864215
278	0.000181	0.000000	0.000000	0.000000	0.014855	0.000000	0.110018	0.010573	0.864373
279	0.000175	0.000000	0.000000	0.000000	0.014648	0.000000	0.109765	0.010567	0.864845
280	0.000163	0.000000	0.000000	0.000000	0.014591	0.000000	0.109526	0.010682	0.865038
281	0.000139	0.000000	0.000000	0.000000	0.014447	0.000000	0.109464	0.010733	0.865217
282	0.000138	0.000000	0.000000	0.000000	0.014369	0.000000	0.109273	0.010787	0.865433
283	0.000129	0.000000	0.000000	0.000000	0.014325	0.000000	0.108999	0.011025	0.865522
284	0.000125	0.000000	0.000000	0.000000	0.014152	0.000000	0.109292	0.010982	0.865449
285	0.000118	0.000000	0.000000	0.000000	0.014055	0.000000	0.108683	0.011004	0.866140
286	0.000116	0.000000	0.000000	0.000000	0.014097	0.000000	0.108802	0.011080	0.865905
287	0.000108	0.000000	0.000000	0.000000	0.013902	0.000000	0.108666	0.010987	0.866337
288	0.000101	0.000000	0.000000	0.000000	0.013769	0.000000	0.108635	0.011045	0.866450
289	0.000093	0.000000	0.000000	0.000000	0.013633	0.000000	0.108670	0.011132	0.866472
290	0.000083	0.000000	0.000000	0.000000	0.013432	0.000000	0.108723	0.011054	0.866708
291	0.000083	0.000000	0.000000	0.000000	0.013295	0.000000	0.108698	0.011078	0.866846
292	0.000069	0.000000	0.000000	0.000000	0.013255	0.000000	0.108743	0.011056	0.866877
293	0.000066	0.000000	0.000000	0.000000	0.013013	0.000000	0.108469	0.011109	0.867343
294	0.000067	0.000000	0.000000	0.000000	0.013008	0.000000	0.108489	0.011106	0.867330
295	0.000063	0.000000	0.000000	0.000000	0.012775	0.000000	0.108561	0.011162	0.867439
296	0.000066	0.000000	0.000000	0.000000	0.012587	0.000000	0.108426	0.011016	0.867905
297	0.000070	0.000000	0.000000	0.000000	0.012513	0.000000	0.108120	0.010885	0.868412
298	0.000064	0.000000	0.000000	0.000000	0.012361	0.000000	0.108236	0.010947	0.868392
299	0.000070	0.000000	0.000000	0.000000	0.012154	0.000000	0.107974	0.010992	0.868810
300	0.000067	0.000000	0.000000	0.000000	0.012021	0.000000	0.107785	0.010853	0.869274
301	0.000063	0.000000	0.000000	0.000000	0.011947	0.000000	0.107455	0.010920	0.869615
302	0.000060	0.000000	0.000000	0.000000	0.011762	0.000000	0.107546	0.011022	0.869610
303	0.000060	0.000000	0.000000	0.000000	0.011573	0.000000	0.107644	0.010907	0.869816
304	0.000062	0.000000	0.000000	0.000000	0.011497	0.000000	0.107412	0.010788	0.870241
305	0.000061	0.000000	0.000000	0.000000	0.011433	0.000000	0.107183	0.010736	0.870587
306	0.000054	0.000000	0.000000	0.000000	0.011434	0.000000	0.106742	0.010786	0.870984
307	0.000047	0.000000	0.000000	0.000000	0.011305	0.000000	0.106692	0.010833	0.871123
308	0.000045	0.000000	0.000000	0.000000	0.011100	0.000000	0.106547	0.010856	0.871452
309	0.000039	0.000000	0.000000	0.000000	0.010918	0.000000	0.106653	0.010825	0.871565
310	0.000032	0.000000	0.000000	0.000000	0.010717	0.000000	0.106742	0.010811	0.871698
311	0.000026	0.000000	0.000000	0.000000	0.010593	0.000000	0.106336	0.010798	0.872247
312	0.000027	0.000000	0.000000	0.000000	0.010391	0.000000	0.106187	0.010781	0.872614
313	0.000021	0.000000	0.000000	0.000000	0.010374	0.000000	0.106115	0.010750	0.872740
314	0.000015	0.000000	0.000000	0.000000	0.010231	0.000000	0.105721	0.010880	0.873153
315	0.000021	0.000000	0.000000	0.000000	0.010067	0.000000	0.105363	0.010923	0.873626
316	0.000017	0.000000	0.000000	0.000000	0.009879	0.000000	0.105260	0.011000	0.873844
317	0.000019	0.000000	0.000000	0.000000	0.009715	0.000000	0.105431	0.010937	0.873898
318	0.000015	0.000000	0.000000	0.000000	0.009596	0.000000	0.105424	0.010756	0.874209
319	0.000015	0.000000	0.000000	0.000000	0.009414	0.000000	0.105767	0.010778	0.874026
320	0.000016	0.000000	0.000000	0.000000	0.009384	0.000000	0.105280	0.010696	0.874624
321	0.000014	0.000000	0.000000	0.000000	0.009308	0.000000	0.105000	0.010746	0.874932
322	0.000014	0.000000	0.000000	0.000000	0.009261	0.000000	0.104806	0.010628	0.875291
323	0.000013	0.000000	0.000000	0.000000	0.009083	0.000000	0.104355	0.010672	0.875877
324	0.000009	0.000000	0.000000	0.000000	0.008992	0.000000	0.104646	0.010659	0.875694
325	0.000005	0.000000	0.000000	0.000000	0.008894	0.000000	0.104878	0.010693	0.875530
326	0.000002	0.000000	0.000000	0.000000	0.008805	0.000000	0.104606	0.010672	0.875915
327	0.000002	0.000000	0.000000	0.000000	0.008694	0.000000	0.104203	0.010598	0.876503
328	0.000002	0.000000	0.000000	0.000000	0.008602	0.000000	0.104497	0.010491	0.876408
329	0.000004	0.000000	0.000000	0.000000	0.008499	0.000000	0.104125	0.010525	0.876847
330	0.000003	0.000000	0.000000	0.000000	0.008363	0.000000	0.104024	0.010425	0.877185
331	0.000003	0.000000	0.000000	0.000000	0.008324	0.000000	0.104105	0.010437	0.877131
332	0.000001	0.000000	0.000000	0.000000	0.008280	0.000000	0.103781	0.010375	0.877563
333	0.000001	0.000000	0.000000	0.000000	0.008274	0.000000	0.103194	0.010423	0.878108
334	0.000000	0.000000	0.000000	0.000000	0.008150	0.000000	0.103188	0.010300	0.878362
335	0.000000	0.000000	0.000000	0.000000	0.008006	0.000000	0.103225	0.010298	0.878471
336	0.000000	0.000000	0.000000	0.000000	0.007947	0.000000	0.103186	0.010381	0.878486
337	0.000000	0.000000	0.000000	0.000000	0.007892	0.000000	0.103287	0.010372	0.878449
338	0.000000	0.000000	0.000000	0.000000	0.007731	0.000000	0.103293	0.010453	0.878523
339	0.000000	0.000000	0.000000	0.000000	0.007643	0.000000	0.103135	0.010518	0.878704
340	0.000000	0.000000	0.000000	0.000000	0.007548	0.000000	0.103118	0.010464	0.878870
341	0.000000	0.000000	0.000000	0.000000	0.007433	0.000000	0.102838	0.010498	0.879231
342	0.000000	0.000000	0.000000	0.000000	0.007451	0.000000	0.102682	0.010500	0.879367
343	0.000000	0.000000	0.000000	0.000000	0.007382	0.000000	0.102729	0.010535	0.879354
344	0.000000	0.000000	0.000000	0.000000	0.007287	0.000000	0.102632	0.010433	0.879648
345	0.000000	0.000000	0.000000	0.000000	0.007163	0.000000	0.103274	0.010325	0.879238
346	0.000000	0.000000	0.000000	0.000000	0.007120	0.000000	0.103529	0.010315	0.879036
347	0.000000	0.000000	0.000000	0.000000	0.007057	0.000000	0.103269	0.010292	0.879382
348	0.000000	0.000000	0.000000	0.000000	0.006982	0.000000	0.103300	0.010281	0.879437
349	0.000000	0.000000	0.000000	0.000000	0.006818	0.000000	0.103039	0.010319	0.879824
350	0.000000	0.000000	0.000000	0.000000	0.006737	0.000000	0.103142	0.010314	0.879807
351	0.000000	0.000000	0.000000	0.000000	0.006658	0.000000	0.102916	0.010394	0.880032
352	0.000000	0.000000	0.000000	0.000000	0.006579	0.000000	0.102583	0.010403	0.880435
353	0.000000	0.000000	0.000000	0.000000	0.006543	0.000000	0.102662	0.010294	0.880501
354	0.000000	0.000000	0.000000	0.000000	0.006455	0.000000	0.102455	0.010246	0.880844
355	0.000000	0.000000	0.000000	0.000000	0.006401	0.000000	0.102533	0.010228	0.880838
356	0.000000	0.000000	0.000000	0.000000	0.006328	0.000000	0.102499	0.010321	0.880852
357	0.000000	0.000000	0.000000	0.000000	0.006272	0.000000	0.101759	0.010174	0.881795
358	0.000000	0.000000	0.000000	0.000000	0.006211	0.000000	0.102242	0.010253	0.881294
359	0.000000	0.000000	0.000000	0.000000	0.006119	0.000000	0.102364	0.010237	0.881280
360	0.000000	0.000000	0.000000	0.000000	0.006036	0.000000	0.102545	0.010197	0.881222
361	0.000000	0.000000	0.000000	0.000000	0.005980	0.000000	0.102688	0.010297	0.881035
362	0.000000	0.000000	0.000000	0.000000	0.005979	0.000000	0.102472	0.010332	0.881217
363	0.000000	0.000000	0.000000	0.000000	0.005886	0.000000	0.102759	0.010403	0.880952
364	0.000000	0.000000	0.000000	0.000000	0.005822	0.000000	0.102625	0.010372	0.881181
365	0.000000	0.000000	0.000000	0.000000	0.005797	0.000000	0.102286	0.010385	0.881532
366	0.000000	0.000000	0.000000	0.000000	0.005700	0.000000	0.102020	0.010377	0.881903
367	0.000000	0.000000	0.000000	0.000000	0.005638	0.000000	0.101986	0.010385	0.881991
368	0.000000	0.000000	0.000000	0.000000	0.005546	0.000000	0.101825	0.010437	0.882192
369	0.000000	0.000000	0.000000	0.000000	0.005445	0.000000	0.101723	0.010356	0.882476
370	0.000000	0.000000	0.000000	0.000000	0.005362	0.000000	0.101987	0.010393	0.882258
371	0.000000	0.000000	0.000000	0.000000	0.005284	0.000000	0.101867	0.010492	0.882357
372	0.000000	0.000000	0.000000	0.000000	0.005197	0.000000	0.101451	0.010488	0.882864
373	0.000000	0.000000	0.000000	0.000000	0.005055	0.000000	0.101241	0.010531	0.883173
374	0.000000	0.000000	0.000000	0.000000	0.004995	0.000000	0.101161	0.010524	0.883320
375	0.000000	0.000000	0.000000	0.000000	0.004958	0.000000	0.100913	0.010562	0.883567
376	0.000000	0.000000	0.000000	0.000000	0.004859	0.000000	0.100973	0.010584	0.883584
377	0.000000	0.000000	0.000000	0.000000	0.004800	0.000000	0.101392	0.010548	0.883260
378	0.000000	0.000000	0.000000	0.000000	0.004704	0.000000	0.101117	0.010453	0.883726
379	0.000000	0.000000	0.000000	0.000000	0.004654	0.000000	0.101514	0.010404	0.883428
380	0.000000	0.000000	0.000000	0.000000	0.004548	0.000000	0.101631	0.010410	0.883411
381	0.000000	0.000000	0.000000	0.000000	0.004510	0.000000	0.101536	0.010445	0.883509
382	0.000000	0.000000	0.000000	0.000000	0.004474	0.000000	0.101526	0.010530	0.883470
383	0.000000	0.000000	0.000000	0.000000	0.004423	0.000000	0.101556	0.010652	0.883369
384	0.000000	0.000000	0.000000	0.000000	0.004422	0.000000	0.101768	0.010639	0.883171
385	0.000000	0.000000	0.000000	0.000000	0.004414	0.000000	0.102124	0.010700	0.882762
386	0.000000	0.000000	0.000000	0.000000	0.004353	0.000000	0.102286	0.010708	0.882653
387	0.000000	0.000000	0.000000	0.000000	0.004392	0.000000	0.102253	0.010772	0.882583
388	0.000000	0.000000	0.000000	0.000000	0.004363	0.000000	0.102624	0.010780	0.882233
389	0.000000	0.000000	0.000000	0.000000	0.004308	0.000000	0.102712	0.010852	0.882128
390	0.000000	0.000000	0.000000	0.000000	0.004309	0.000000	0.102696	0.010846	0.882149
391	0.000000	0.000000	0.000000	0.000000	0.004218	0.000000	0.102920	0.010771	0.882091
392	0.000000	0.000000	0.000000	0.000000	0.004141	0.000000	0.102887	0.010625	0.882347
393	0.000000	0.000000	0.000000	0.000000	0.004121	0.000000	0.102968	0.010543	0.882368
394	0.000000	0.000000	0.000000	0.000000	0.004056	0.000000	0.103102	0.010465	0.882377
395	0.000000	0.000000	0.000000	0.000000	0.004034	0.000000	0.102899	0.010575	0.882492
396	0.000000	0.000000	0.000000	0.000000	0.003919	0.000000	0.102901	0.010469	0.882711
397	0.000000	0.000000	0.000000	0.000000	0.003873	0.000000	0.103028	0.010656	0.882443
398	0.000000	0.000000	0.000000	0.000000	0.003822	0.000000	0.103045	0.010582	0.882551
399	0.000000	0.000000	0.000000	0.000000	0.003807	0.000000	0.103212	0.010587	0.882394
400	0.000000	0.000000	0.000000	0.000000	0.003797	0.000000	0.103077	0.010627	0.882499
401	0.000000	0.000000	0.000000	0.000000	0.003687	0.000000	0.103117	0.010483	0.882713
402	0.000000	0.000000	0.000000	0.000000	0.003597	0.000000	0.102914	0.010496	0.882993
403	0.000000	0.000000	0.000000	0.000000	0.003559	0.000000	0.103237	0.010553	0.882651
404	0.000000	0.000000	0.000000	0.000000	0.003507	0.000000	0.103256	0.010601	0.882636
405	0.000000	0.000000	0.000000	0.000000	0.003460	0.000000	0.103346	0.010621	0.882573
406	0.000000	0.000000	0.000000	0.000000	0.003416	0.000000	0.103472	0.010730	0.882382
407	0.000000	0.000000	0.000000	0.000000	0.003347	0.000000	0.103594	0.010691	0.882368
408	0.000000	0.000000	0.000000	0.000000	0.003266	0.000000	0.103848	0.010693	0.882193
409	0.000000	0.000000	0.000000	0.000000	0.003231	0.000000	0.104129	0.010648	0.881992
410	0.000000	0.000000	0.000000	0.000000	0.003152	0.000000	0.104010	0.010676	0.882162
411	0.000000	0.000000	0.000000	0.000000	0.003085	0.000000	0.104504	0.010653	0.881758
412	0.000000	0.000000	0.000000	0.000000	0.003047	0.000000	0.104713	0.010613	0.881627
413	0.000000	0.000000	0.000000	0.000000	0.002974	0.000000	0.104671	0.010609	0.881746
414	0.000000	0.000000	0.000000	0.000000	0.002904	0.000000	0.104948	0.010609	0.881539
415	0.000000	0.000000	0.000000	0.000000	0.002862	0.000000	0.104917	0.010689	0.881532
416	0.000000	0.000000	0.000000	0.000000	0.002838	0.000000	0.104776	0.010711	0.881675
417	0.000000	0.000000	0.000000	0.000000	0.002798	0.000000	0.104754	0.010846	0.881602
418	0.000000	0.000000	0.000000	0.000000	0.002759	0.000000	0.104838	0.010829	0.881574
419	0.000000	0.000000	0.000000	0.000000	0.002673	0.000000	0.104934	0.010795	0.881598
420	0.000000	0.000000	0.000000	0.000000	0.002670	0.000000	0.104605	0.010866	0.881859
421	0.000000	0.000000	0.000000	0.000000	0.002633	0.000000	0.104586	0.010895	0.881886
422	0.000000	0.000000	0.000000	0.000000	0.002589	0.000000	0.104595	0.010983	0.881833
423	0.000000	0.000000	0.000000	0.000000	0.002596	0.000000	0.104371	0.011058	0.881975
424	0.000000	0.000000	0.000000	0.000000	0.002523	0.000000	0.104260	0.011075	0.882142
425	0.000000	0.000000	0.000000	0.000000	0.002515	0.000000	0.104437	0.011110	0.881938
426	0.000000	0.000000	0.000000	0.000000	0.002528	0.000000	0.104468	0.011088	0.881916
427	0.000000	0.000000	0.000000	0.000000	0.002489	0.000000	0.104607	0.011137	0.881767
428	0.000000	0.000000	0.000000	0.000000	0.002478	0.000000	0.104827	0.011073	0.881622
429	0.000000	0.000000	0.000000	0.000000	0.002481	0.000000	0.104321	0.011112	0.882086
430	0.000000	0.000000	0.000000	0.000000	0.002437	0.000000	0.104476	0.011200	0.881887
431	0.000000	0.000000	0.000000	0.000000	0.002368	0.000000	0.104788	0.011186	0.881658
432	0.000000	0.000000	0.000000	0.000000	0.002346	0.000000	0.104617	0.011164	0.881873
433	0.000000	0.000000	0.000000	0.000000	0.002346	0.000000	0.104685	0.011277	0.881692
434	0.000000	0.000000	0.000000	0.000000	0.002313	0.000000	0.104682	0.011047	0.881958
435	0.000000	0.000000	0.000000	0.000000	0.002242	0.000000	0.104752	0.011093	0.881913
436	0.000000	0.000000	0.000000	0.000000	0.002225	0.000000	0.104723	0.010994	0.882058
437	0.000000	0.000000	0.000000	0.000000	0.002214	0.000000	0.104722	0.011049	0.882015
438	0.000000	0.000000	0.000000	0.000000	0.002182	0.000000	0.105091	0.011094	0.881633
439	0.000000	0.000000	0.000000	0.000000	0.002157	0.000000	0.105109	0.011248	0.881486
440	0.000000	0.000000	0.000000	0.000000	0.002164	0.000000	0.105026	0.011234	0.881576
441	0.000000	0.000000	0.000000	0.000000	0.002149	0.000000	0.104932	0.011235	0.881684
442	0.000000	0.000000	0.000000	0.000000	0.002099	0.000000	0.104675	0.011119	0.882107
443	0.000000	0.000000	0.000000	0.000000	0.002051	0.000000	0.104162	0.011175	0.882612
444	0.000000	0.000000	0.000000	0.000000	0.002051	0.000000	0.104156	0.011219	0.882574
445	0.000000	0.000000	0.000000	0.000000	0.002035	0.000000	0.103929	0.011174	0.882862
446	0.000000	0.000000	0.000000	0.000000	0.001935	0.000000	0.104129	0.011301	0.882635
447	0.000000	0.000000	0.000000	0.000000	0.001896	0.000000	0.103727	0.011194	0.883183
448	0.000000	0.000000	0.000000	0.000000	0.001875	0.000000	0.103839	0.011154	0.883132
449	0.000000	0.000000	0.000000	0.000000	0.001834	0.000000	0.103715	0.011049	0.883402
450	0.000000	0.000000	0.000000	0.000000	0.001787	0.000000	0.103812	0.011170	0.883231
451	0.000000	0.000000	0.000000	0.000000	0.001711	0.000000	0.103925	0.011094	0.883270
452	0.000000	0.000000	0.000000	0.000000	0.001667	0.000000	0.104014	0.011237	0.883082
453	0.000000	0.000000	0.000000	0.000000	0.001646	0.000000	0.103771	0.011321	0.883262
454	0.000000	0.000000	0.000000	0.000000	0.001594	0.000000	0.104141	0.011338	0.882927
455	0.000000	0.000000	0.000000	0.000000	0.001574	0.000000	0.104250	0.011380	0.882796
456	0.000000	0.000000	0.000000	0.000000	0.001498	0.000000	0.104621	0.011295	0.882586
457	0.000000	0.000000	0.000000	0.000000	0.001502	0.000000	0.104549	0.011386	0.882563
458	0.000000	0.000000	0.000000	0.000000	0.001471	0.000000	0.104401	0.011369	0.882759
459	0.000000	0.000000	0.000000	0.000000	0.001476	0.000000	0.104319	0.011329	0.882876
460	0.000000	0.000000	0.000000	0.000000	0.001453	0.000000	0.104002	0.011405	0.883140
461	0.000000	0.000000	0.000000	0.000000	0.001454	0.000000	0.104027	0.011395	0.883124
462	0.000000	0.000000	0.000000	0.000000	0.001388	0.000000	0.103822	0.011517	0.883273
463	0.000000	0.000000	0.000000	0.000000	0.001350	0.000000	0.103795	0.011559	0.883296
464	0.000000	0.000000	0.000000	0.000000	0.001301	0.000000	0.104162	0.011574	0.882963
465	0.000000	0.000000	0.000000	0.000000	0.001285	0.000000	0.103995	0.011582	0.883138
466	0.000000	0.000000	0.000000	0.000000	0.001265	0.000000	0.104245	0.011578	0.882912
467	0.000000	0.000000	0.000000	0.000000	0.001258	0.000000	0.103890	0.011608	0.883244
468	0.000000	0.000000	0.000000	0.000000	0.001234	0.000000	0.103832	0.011529	0.883405
469	0.000000	0.000000	0.000000	0.000000	0.001193	0.000000	0.103633	0.011428	0.883746
470	0.000000	0.000000	0.000000	0.000000	0.001205	0.000000	0.103362	0.011314	0.884119
