0	0.290663	0.057897	0.229473	0.157588	0.029913	0.111872	0.085455	0.012259	0.024880
1	0.248869	0.051082	0.213337	0.127944	0.026471	0.111153	0.112749	0.021918	0.086477
2	0.263658	0.053897	0.223527	0.113872	0.025003	0.100027	0.106959	0.020876	0.092181
3	0.284691	0.056655	0.233694	0.101657	0.023711	0.088409	0.098894	0.019260	0.093029
4	0.305417	0.059450	0.243453	0.090457	0.022794	0.077780	0.090336	0.017363	0.092950
5	0.326296	0.061655	0.250966	0.080193	0.021666	0.067886	0.082401	0.015829	0.093108
6	0.346164	0.063924	0.257668	0.070875	0.020857	0.058991	0.074721	0.014136	0.092664
7	0.364815	0.066198	0.262622	0.062872	0.020075	0.051105	0.067453	0.012785	0.092075
8	0.382796	0.068632	0.266694	0.055300	0.019326	0.044011	0.060899	0.011622	0.090720
9	0.399629	0.070154	0.270416	0.048495	0.018680	0.037792	0.055115	0.010366	0.089353
10	0.414922	0.071932	0.273163	0.042393	0.018181	0.032293	0.049562	0.009249	0.088305
11	0.429159	0.073244	0.274021	0.037605	0.017608	0.027967	0.044614	0.008190	0.087592
12	0.442773	0.074738	0.274810	0.032830	0.017034	0.024234	0.040346	0.007451	0.085784
13	0.455022	0.075723	0.275794	0.028785	0.016431	0.020834	0.036451	0.006622	0.084338
14	0.466745	0.076591	0.275633	0.025394	0.015999	0.018018	0.032866	0.006049	0.082705
15	0.477744	0.077312	0.275523	0.022348	0.015484	0.015389	0.029432	0.005590	0.081178
16	0.486795	0.078013	0.275790	0.019620	0.015021	0.013389	0.026811	0.005035	0.079526
17	0.496522	0.078819	0.274188	0.017234	0.014721	0.011492	0.023951	0.004589	0.078484
18	0.505744	0.079306	0.272984	0.015150	0.014117	0.010129	0.021566	0.004138	0.076866
19	0.513819	0.079795	0.271274	0.013344	0.013971	0.008907	0.019605	0.003717	0.075568
20	0.521378	0.080139	0.270183	0.011753	0.013415	0.007845	0.017814	0.003473	0.074000
21	0.528194	0.080649	0.268799	0.010439	0.013154	0.006846	0.016250	0.003149	0.072520
22	0.534290	0.080975	0.267336	0.009318	0.012797	0.006044	0.014891	0.002865	0.071484
23	0.540745	0.081131	0.265918	0.008204	0.012552	0.005366	0.013521	0.002563	0.070000
24	0.546515	0.081306	0.264281	0.007395	0.012298	0.004722	0.012374	0.002414	0.068695
25	0.551814	0.081258	0.263237	0.006488	0.012026	0.004248	0.011181	0.002203	0.067545
26	0.557423	0.081343	0.261325	0.005764	0.011864	0.003805	0.010284	0.002068	0.066124
27	0.562166	0.081502	0.259444	0.005053	0.011714	0.003380	0.009571	0.001851	0.065319
28	0.566919	0.081873	0.257784	0.004606	0.011405	0.002968	0.008765	0.001639	0.064041
29	0.571133	0.082224	0.255991	0.004234	0.011319	0.002633	0.007994	0.001560	0.062912
30	0.575069	0.082744	0.253897	0.003793	0.011022	0.002389	0.007344	0.001474	0.062268
31	0.579805	0.082880	0.251836	0.003419	0.010797	0.002239	0.006760	0.001336	0.060928
32	0.583759	0.082806	0.250594	0.003088	0.010494	0.002048	0.006042	0.001176	0.059993
33	0.587011	0.082838	0.248933	0.002823	0.010239	0.001859	0.005790	0.001150	0.059357
34	0.590675	0.082606	0.247439	0.002647	0.010122	0.001692	0.005539	0.001078	0.058202
35	0.593612	0.083367	0.245345	0.002391	0.010010	0.001561	0.005052	0.000974	0.057688
36	0.597068	0.083053	0.244406	0.002122	0.009825	0.001397	0.004557	0.000850	0.056722
37	0.600416	0.083630	0.242083	0.001953	0.009708	0.001285	0.004148	0.000784	0.055993
38	0.603989	0.083560	0.240491	0.001755	0.009426	0.001151	0.003811	0.000729	0.055088
39	0.606967	0.083594	0.239216	0.001536	0.009348	0.001090	0.003586	0.000661	0.054002
40	0.610668	0.084126	0.236534	0.001388	0.009141	0.000972	0.003281	0.000631	0.053259
41	0.613260	0.084100	0.235312	0.001324	0.009049	0.000863	0.003100	0.000584	0.052408
42	0.615351	0.084560	0.234260	0.001199	0.009047	0.000835	0.002812	0.000512	0.051424
43	0.618375	0.084838	0.232350	0.001115	0.008870	0.000751	0.002527	0.000448	0.050726
44	0.620652	0.084763	0.231324	0.001062	0.008709	0.000681	0.002358	0.000422	0.050029
45	0.622843	0.084807	0.230035	0.000946	0.008594	0.000593	0.002145	0.000386	0.049651
46	0.625632	0.084853	0.228311	0.000823	0.008543	0.000532	0.002009	0.000380	0.048917
47	0.627405	0.084811	0.227585	0.000775	0.008499	0.000526	0.001881	0.000356	0.048162
48	0.630781	0.084607	0.225577	0.000701	0.008403	0.000491	0.001703	0.000346	0.047391
49	0.632513	0.084710	0.224682	0.000675	0.008327	0.000431	0.001593	0.000320	0.046749
50	0.634455	0.085408	0.223530	0.000652	0.008317	0.000386	0.001495	0.000291	0.045466
51	0.636694	0.085750	0.221628	0.000623	0.008163	0.000363	0.001421	0.000262	0.045096
52	0.638962	0.085364	0.220496	0.000586	0.008192	0.000307	0.001328	0.000251	0.044514
53	0.641176	0.085213	0.219387	0.000517	0.008108	0.000292	0.001211	0.000239	0.043857
54	0.642843	0.085451	0.218284	0.000506	0.008118	0.000288	0.001114	0.000213	0.043183
55	0.645161	0.085677	0.216992	0.000431	0.008121	0.000291	0.001034	0.000184	0.042109
56	0.647459	0.085702	0.215782	0.000402	0.008037	0.000266	0.000976	0.000195	0.041181
57	0.648906	0.085482	0.215305	0.000376	0.007957	0.000233	0.000937	0.000168	0.040636
58	0.650413	0.085918	0.214609	0.000351	0.007826	0.000234	0.000840	0.000169	0.039640
59	0.653179	0.085558	0.212974	0.000364	0.007783	0.000202	0.000825	0.000152	0.038963
60	0.655667	0.085333	0.211826	0.000346	0.007603	0.000198	0.000793	0.000129	0.038105
61	0.657819	0.085448	0.210343	0.000342	0.007624	0.000176	0.000731	0.000118	0.037399
62	0.659091	0.085508	0.209769	0.000321	0.007740	0.000180	0.000683	0.000120	0.036588
63	0.660789	0.085847	0.208643	0.000302	0.007586	0.000154	0.000629	0.000112	0.035938
64	0.662181	0.085312	0.208618	0.000289	0.007644	0.000155	0.000591	0.000098	0.035112
65	0.664128	0.085365	0.207473	0.000279	0.007581	0.000146	0.000556	0.000104	0.034368
66	0.665853	0.085709	0.205984	0.000241	0.007555	0.000144	0.000497	0.000087	0.033930
67	0.667640	0.085983	0.204604	0.000246	0.007623	0.000132	0.000450	0.000080	0.033242
68	0.669755	0.085848	0.203131	0.000236	0.007592	0.000110	0.000438	0.000069	0.032821
69	0.671298	0.085967	0.202020	0.000204	0.007526	0.000112	0.000424	0.000066	0.032383
70	0.672587	0.086091	0.201431	0.000200	0.007464	0.000099	0.000409	0.000072	0.031647
71	0.673700	0.086219	0.200812	0.000189	0.007387	0.000100	0.000370	0.000052	0.031171
72	0.675426	0.085971	0.200249	0.000187	0.007257	0.000082	0.000367	0.000062	0.030399
73	0.676788	0.085467	0.199820	0.000183	0.007269	0.000091	0.000383	0.000062	0.029937
74	0.678202	0.085728	0.198735	0.000168	0.007228	0.000085	0.000341	0.000075	0.029438
75	0.679819	0.085856	0.197962	0.000154	0.007109	0.000064	0.000306	0.000056	0.028674
76	0.681105	0.085502	0.197409	0.000167	0.007146	0.000063	0.000284	0.000060	0.028264
77	0.681933	0.085981	0.196846	0.000169	0.007093	0.000064	0.000280	0.000064	0.027570
78	0.682911	0.085704	0.196888	0.000151	0.007004	0.000060	0.000274	0.000061	0.026947
79	0.683302	0.085851	0.196656	0.000136	0.007020	0.000068	0.000287	0.000059	0.026621
80	0.684930	0.085759	0.195586	0.000142	0.007104	0.000064	0.000244	0.000064	0.026107
81	0.686229	0.086259	0.194435	0.000122	0.006998	0.000056	0.000224	0.000037	0.025640
82	0.686959	0.086363	0.194083	0.000137	0.007019	0.000054	0.000220	0.000046	0.025119
83	0.687918	0.086518	0.193510	0.000139	0.006986	0.000059	0.000199	0.000042	0.024629
84	0.689056	0.086517	0.192672	0.000133	0.006954	0.000055	0.000196	0.000050	0.024367
85	0.690182	0.086665	0.191866	0.000123	0.006945	0.000033	0.000203	0.000039	0.023944
86	0.690889	0.086584	0.191860	0.000128	0.006866	0.000046	0.000189	0.000043	0.023395
87	0.692045	0.086551	0.191147	0.000117	0.006892	0.000044	0.000207	0.000038	0.022959
88	0.693098	0.086654	0.190322	0.000119	0.006816	0.000041	0.000181	0.000034	0.022735
89	0.694330	0.086407	0.189781	0.000137	0.006779	0.000046	0.000174	0.000033	0.022313
90	0.694895	0.086448	0.190044	0.000118	0.006755	0.000055	0.000164	0.000029	0.021492
91	0.696656	0.086477	0.188750	0.000101	0.006753	0.000048	0.000163	0.000038	0.021014
92	0.697620	0.086403	0.188250	0.000094	0.006832	0.000041	0.000168	0.000027	0.020565
93	0.698764	0.086459	0.187473	0.000083	0.006757	0.000050	0.000151	0.000022	0.020241
94	0.699895	0.086446	0.186876	0.000098	0.006703	0.000046	0.000145	0.000015	0.019776
95	0.700930	0.086556	0.186100	0.000086	0.006778	0.000036	0.000128	0.000015	0.019371
96	0.701982	0.086370	0.185621	0.000081	0.006696	0.000034	0.000117	0.000016	0.019083
97	0.702910	0.086376	0.185059	0.000074	0.006580	0.000028	0.000098	0.000015	0.018860
98	0.703981	0.086136	0.184857	0.000079	0.006508	0.000030	0.000100	0.000026	0.018283
99	0.704501	0.086436	0.184553	0.000079	0.006420	0.000036	0.000097	0.000018	0.017860
100	0.705564	0.086367	0.183879	0.000068	0.006418	0.000030	0.000093	0.000016	0.017565
101	0.706220	0.086291	0.183725	0.000070	0.006374	0.000033	0.000081	0.000013	0.017193
102	0.707452	0.086403	0.183063	0.000077	0.006206	0.000031	0.000078	0.000009	0.016681
103	0.707768	0.086537	0.183005	0.000065	0.006157	0.000032	0.000065	0.000009	0.016362
104	0.708181	0.086391	0.182986	0.000071	0.006141	0.000034	0.000060	0.000008	0.016128
105	0.709266	0.086445	0.182207	0.000070	0.006146	0.000035	0.000048	0.000004	0.015779
106	0.709969	0.086311	0.182015	0.000076	0.006072	0.000045	0.000039	0.000004	0.015469
107	0.711112	0.086143	0.181500	0.000072	0.006013	0.000041	0.000036	0.000005	0.015078
108	0.712317	0.085959	0.180770	0.000080	0.005969	0.000032	0.000031	0.000008	0.014834
109	0.712589	0.085988	0.180863	0.000070	0.006004	0.000035	0.000029	0.000009	0.014413
110	0.713720	0.085829	0.180149	0.000076	0.006101	0.000023	0.000038	0.000006	0.014058
111	0.714627	0.085804	0.179696	0.000074	0.005955	0.000038	0.000034	0.000005	0.013767
112	0.715276	0.085693	0.179383	0.000067	0.006048	0.000033	0.000030	0.000004	0.013466
113	0.716027	0.085332	0.179274	0.000069	0.005999	0.000037	0.000035	0.000009	0.013218
114	0.716621	0.085408	0.178934	0.000081	0.006073	0.000041	0.000035	0.000011	0.012796
115	0.717292	0.085338	0.178700	0.000074	0.006014	0.000037	0.000028	0.000004	0.012513
116	0.717610	0.085341	0.178589	0.000071	0.005995	0.000032	0.000033	0.000007	0.012322
117	0.718749	0.085174	0.177948	0.000072	0.005905	0.000025	0.000028	0.000009	0.012090
118	0.719673	0.085123	0.177334	0.000076	0.005980	0.000025	0.000026	0.000012	0.011751
119	0.720383	0.084972	0.177005	0.000059	0.005923	0.000025	0.000021	0.000011	0.011601
120	0.720489	0.085362	0.176534	0.000059	0.005895	0.000023	0.000022	0.000011	0.011605
121	0.721477	0.084788	0.176579	0.000054	0.005835	0.000025	0.000025	0.000007	0.011210
122	0.722406	0.084791	0.175964	0.000053	0.005817	0.000022	0.000019	0.000002	0.010926
123	0.722103	0.085029	0.176320	0.000057	0.005751	0.000019	0.000020	0.000003	0.010698
124	0.722331	0.085066	0.176317	0.000044	0.005692	0.000018	0.000018	0.000007	0.010507
125	0.723821	0.085017	0.175002	0.000042	0.005719	0.000019	0.000015	0.000006	0.010359
126	0.724001	0.084964	0.175160	0.000040	0.005637	0.000018	0.000014	0.000002	0.010164
127	0.723998	0.085076	0.175362	0.000034	0.005558	0.000020	0.000011	0.000001	0.009940
128	0.724325	0.085179	0.175088	0.000038	0.005592	0.000023	0.000015	0.000001	0.009739
129	0.724300	0.085202	0.175384	0.000022	0.005527	0.000026	0.000009	0.000000	0.009530
130	0.724603	0.085235	0.175343	0.000033	0.005507	0.000024	0.000009	0.000000	0.009246
131	0.724524	0.085340	0.175621	0.000029	0.005391	0.000029	0.000011	0.000000	0.009055
132	0.724379	0.085570	0.175695	0.000025	0.005370	0.000017	0.000011	0.000000	0.008933
133	0.724631	0.085569	0.175733	0.000027	0.005303	0.000020	0.000007	0.000000	0.008710
134	0.725485	0.085147	0.175525	0.000031	0.005259	0.000011	0.000010	0.000000	0.008532
135	0.726210	0.084940	0.175137	0.000026	0.005222	0.000018	0.000013	0.000000	0.008434
136	0.726394	0.084915	0.175320	0.000030	0.005065	0.000015	0.000013	0.000000	0.008248
137	0.727180	0.084768	0.174839	0.000025	0.005060	0.000017	0.000017	0.000000	0.008094
138	0.727459	0.084845	0.174566	0.000025	0.005061	0.000013	0.000015	0.000000	0.008016
139	0.728747	0.084505	0.173977	0.000026	0.004939	0.000018	0.000011	0.000000	0.007777
140	0.729299	0.084365	0.173705	0.000026	0.004923	0.000017	0.000012	0.000000	0.007653
141	0.729582	0.084237	0.173853	0.000022	0.004795	0.000015	0.000006	0.000000	0.007490
142	0.729846	0.084225	0.173732	0.000022	0.004776	0.000018	0.000010	0.000000	0.007371
143	0.730464	0.084103	0.173387	0.000016	0.004739	0.000019	0.000009	0.000000	0.007263
144	0.731052	0.083895	0.173268	0.000027	0.004599	0.000019	0.000008	0.000000	0.007132
145	0.731398	0.083887	0.172983	0.000023	0.004573	0.000014	0.000005	0.000000	0.007117
146	0.731636	0.083890	0.172981	0.000027	0.004588	0.000014	0.000007	0.000000	0.006857
147	0.732025	0.083641	0.172981	0.000021	0.004548	0.000016	0.000008	0.000000	0.006760
148	0.732340	0.083569	0.172850	0.000013	0.004529	0.000015	0.000006	0.000000	0.006678
149	0.732735	0.083394	0.172767	0.000013	0.004483	0.000013	0.000005	0.000000	0.006590
150	0.733173	0.083302	0.172622	0.000013	0.004343	0.000007	0.000002	0.000000	0.006538
151	0.733495	0.083417	0.172453	0.000014	0.004293	0.000007	0.000003	0.000000	0.006318
152	0.733991	0.083404	0.172272	0.000013	0.004167	0.000008	0.000006	0.000000	0.006139
153	0.734077	0.083429	0.172344	0.000019	0.004206	0.000006	0.000003	0.000000	0.005916
154	0.733885	0.083371	0.172671	0.000012	0.004234	0.000003	0.000006	0.000000	0.005818
155	0.734482	0.083174	0.172452	0.000017	0.004183	0.000002	0.000006	0.000000	0.005684
156	0.734609	0.083206	0.172461	0.000011	0.004102	0.000003	0.000007	0.000000	0.005601
157	0.734670	0.083381	0.172292	0.000013	0.004124	0.000003	0.000003	0.000000	0.005514
158	0.735265	0.083146	0.172042	0.000017	0.004028	0.000001	0.000008	0.000000	0.005493
159	0.735015	0.083376	0.172231	0.000023	0.003995	0.000003	0.000010	0.000000	0.005347
160	0.735032	0.083256	0.172447	0.000014	0.003950	0.000002	0.000010	0.000000	0.005289
161	0.735640	0.082933	0.172339	0.000013	0.003848	0.000001	0.000009	0.000000	0.005217
162	0.735358	0.083100	0.172620	0.000020	0.003856	0.000001	0.000005	0.000000	0.005040
163	0.736045	0.083186	0.171980	0.000020	0.003834	0.000000	0.000005	0.000000	0.004930
164	0.736076	0.082841	0.172194	0.000024	0.003930	0.000000	0.000004	0.000000	0.004931
165	0.736537	0.083160	0.171606	0.000010	0.003968	0.000000	0.000006	0.000000	0.004713
166	0.736818	0.082739	0.171913	0.000008	0.003860	0.000000	0.000006	0.000000	0.004656
167	0.736861	0.083105	0.171661	0.000009	0.003796	0.000000	0.000005	0.000000	0.004563
168	0.737193	0.083177	0.171405	0.000008	0.003805	0.000000	0.000006	0.000000	0.004406
169	0.737919	0.083012	0.171047	0.000006	0.003705	0.000000	0.000007	0.000000	0.004304
170	0.737930	0.082743	0.171445	0.000008	0.003695	0.000000	0.000009	0.000000	0.004170
171	0.738316	0.082623	0.171231	0.000003	0.003652	0.000000	0.000005	0.000000	0.004170
172	0.738375	0.082380	0.171601	0.000003	0.003640	0.000000	0.000009	0.000000	0.003992
173	0.738593	0.082584	0.171241	0.000003	0.003652	0.000000	0.000009	0.000000	0.003918
174	0.739219	0.082437	0.170868	0.000001	0.003646	0.000000	0.000008	0.000000	0.003821
175	0.738402	0.082781	0.171376	0.000000	0.003602	0.000000	0.000007	0.000000	0.003832
176	0.738484	0.082376	0.171876	0.000000	0.003507	0.000000	0.000005	0.000000	0.003752
177	0.738331	0.082648	0.171722	0.000000	0.003513	0.000000	0.000005	0.000000	0.003781
178	0.739051	0.082721	0.170988	0.000000	0.003473	0.000000	0.000004	0.000000	0.003763
179	0.739974	0.082563	0.170225	0.000000	0.003491	0.000000	0.000006	0.000000	0.003741
180	0.740339	0.082402	0.170037	0.000000	0.003526	0.000000	0.000008	0.000000	0.003688
181	0.739780	0.082646	0.170401	0.000000	0.003515	0.000000	0.000002	0.000000	0.003656
182	0.740520	0.082331	0.170093	0.000000	0.003449	0.000000	0.000003	0.000000	0.003604
183	0.740011	0.082240	0.170696	0.000000	0.003421	0.000000	0.000000	0.000000	0.003632
184	0.740472	0.082521	0.170085	0.000000	0.003415	0.000000	0.000000	0.000000	0.003507
185	0.740649	0.082199	0.170271	0.000000	0.003427	0.000000	0.000000	0.000000	0.003454
186	0.740874	0.082158	0.170267	0.000000	0.003373	0.000000	0.000000	0.000000	0.003328
187	0.741773	0.082163	0.169527	0.000000	0.003325	0.000000	0.000000	0.000000	0.003212
188	0.741720	0.082227	0.169475	0.000000	0.003378	0.000000	0.000000	0.000000	0.003200
189	0.742062	0.082115	0.169302	0.000000	0.003383	0.000000	0.000000	0.000000	0.003138
190	0.742008	0.082380	0.169152	0.000000	0.003378	0.000000	0.000000	0.000000	0.003082
191	0.742161	0.082300	0.169162	0.000000	0.003329	0.000000	0.000000	0.000000	0.003048
192	0.742784	0.082111	0.168862	0.000000	0.003230	0.000000	0.000000	0.000000	0.003013
193	0.741831	0.082487	0.169463	0.000000	0.003233	0.000000	0.000000	0.000000	0.002986
194	0.741529	0.082482	0.169810	0.000000	0.003126	0.000000	0.000000	0.000000	0.003053
195	0.741773	0.082561	0.169580	0.000000	0.003131	0.000000	0.000000	0.000000	0.002955
196	0.742242	0.082408	0.169361	0.000000	0.003067	0.000000	0.000000	0.000000	0.002922
197	0.742382	0.082327	0.169340	0.000000	0.003074	0.000000	0.000000	0.000000	0.002877
198	0.742875	0.082168	0.169147	0.000000	0.002989	0.000000	0.000000	0.000000	0.002821
199	0.743072	0.082088	0.169126	0.000000	0.002967	0.000000	0.000000	0.000000	0.002747
200	0.743556	0.082233	0.168483	0.000000	0.002979	0.000000	0.000000	0.000000	0.002749
201	0.743731	0.082461	0.168231	0.000000	0.002919	0.000000	0.000000	0.000000	0.002658
202	0.744120	0.082612	0.167809	0.000000	0.002860	0.000000	0.000000	0.000000	0.002599
203	0.743904	0.082960	0.167800	0.000000	0.002841	0.000000	0.000000	0.000000	0.002495
204	0.743394	0.082856	0.168419	0.000000	0.002870	0.000000	0.000000	0.000000	0.002461
205	0.743355	0.082506	0.168832	0.000000	0.002873	0.000000	0.000000	0.000000	0.002434
206	0.743996	0.082405	0.168357	0.000000	0.002895	0.000000	0.000000	0.000000	0.002347
207	0.743475	0.082408	0.168763	0.000000	0.003002	0.000000	0.000000	0.000000	0.002352
208	0.743158	0.082630	0.168973	0.000000	0.002968	0.000000	0.000000	0.000000	0.002271
209	0.744091	0.082427	0.168272	0.000000	0.002972	0.000000	0.000000	0.000000	0.002238
210	0.744198	0.082254	0.168449	0.000000	0.002931	0.000000	0.000000	0.000000	0.002168
211	0.744492	0.082299	0.168131	0.000000	0.002967	0.000000	0.000000	0.000000	0.002111
212	0.745161	0.082038	0.167825	0.000000	0.002945	0.000000	0.000000	0.000000	0.002031
213	0.745387	0.082162	0.167457	0.000000	0.002979	0.000000	0.000000	0.000000	0.002015
214	0.745601	0.082127	0.167361	0.000000	0.002937	0.000000	0.000000	0.000000	0.001974
215	0.746138	0.081532	0.167425	0.000000	0.003019	0.000000	0.000000	0.000000	0.001886
216	0.745668	0.081823	0.167711	0.000000	0.002949	0.000000	0.000000	0.000000	0.001849
217	0.745439	0.082019	0.167895	0.000000	0.002919	0.000000	0.000000	0.000000	0.001728
218	0.745629	0.081878	0.167896	0.000000	0.002911	0.000000	0.000000	0.000000	0.001686
219	0.745268	0.082210	0.167926	0.000000	0.002913	0.000000	0.000000	0.000000	0.001683
220	0.745538	0.082351	0.167582	0.000000	0.002879	0.000000	0.000000	0.000000	0.001650
221	0.745265	0.082339	0.167988	0.000000	0.002843	0.000000	0.000000	0.000000	0.001565
222	0.745121	0.082629	0.167901	0.000000	0.002817	0.000000	0.000000	0.000000	0.001532
223	0.746237	0.082352	0.167183	0.000000	0.002720	0.000000	0.000000	0.000000	0.001508
224	0.746895	0.082412	0.166462	0.000000	0.002710	0.000000	0.000000	0.000000	0.001521
225	0.746772	0.082419	0.166580	0.000000	0.002740	0.000000	0.000000	0.000000	0.001489
226	0.747089	0.082269	0.166560	0.000000	0.002673	0.000000	0.000000	0.000000	0.001409
227	0.746649	0.082473	0.166820	0.000000	0.002643	0.000000	0.000000	0.000000	0.001415
228	0.746311	0.082427	0.167254	0.000000	0.002620	0.000000	0.000000	0.000000	0.001388
229	0.746622	0.082139	0.167243	0.000000	0.002615	0.000000	0.000000	0.000000	0.001381
230	0.746079	0.082578	0.167369	0.000000	0.002612	0.000000	0.000000	0.000000	0.001362
231	0.746091	0.082814	0.167159	0.000000	0.002596	0.000000	0.000000	0.000000	0.001340
232	0.745935	0.082840	0.167292	0.000000	0.002644	0.000000	0.000000	0.000000	0.001289
233	0.746134	0.082905	0.167120	0.000000	0.002574	0.000000	0.000000	0.000000	0.001267
234	0.746202	0.082795	0.167177	0.000000	0.002582	0.000000	0.000000	0.000000	0.001244
235	0.746800	0.082483	0.166937	0.000000	0.002606	0.000000	0.000000	0.000000	0.001174
236	0.746482	0.082324	0.167405	0.000000	0.002638	0.000000	0.000000	0.000000	0.001151
237	0.746798	0.082305	0.167119	0.000000	0.002606	0.000000	0.000000	0.000000	0.001172
238	0.747215	0.081976	0.167037	0.000000	0.002623	0.000000	0.000000	0.000000	0.001149
239	0.747155	0.081998	0.167148	0.000000	0.002576	0.000000	0.000000	0.000000	0.001123
240	0.746530	0.082296	0.167484	0.000000	0.002604	0.000000	0.000000	0.000000	0.001086
241	0.746545	0.082269	0.167439	0.000000	0.002647	0.000000	0.000000	0.000000	0.001100
242	0.746752	0.081998	0.167542	0.000000	0.002599	0.000000	0.000000	0.000000	0.001109
243	0.746820	0.082282	0.167213	0.000000	0.002566	0.000000	0.000000	0.000000	0.001119
244	0.746818	0.082452	0.167037	0.000000	0.002554	0.000000	0.000000	0.000000	0.001139
245	0.746329	0.082717	0.167250	0.000000	0.002573	0.000000	0.000000	0.000000	0.001131
246	0.746923	0.082556	0.166796	0.000000	0.002591	0.000000	0.000000	0.000000	0.001134
247	0.746879	0.082353	0.167134	0.000000	0.002532	0.000000	0.000000	0.000000	0.001102
248	0.747148	0.082136	0.167179	0.000000	0.002520	0.000000	0.000000	0.000000	0.001017
249	0.747180	0.082143	0.167148	0.000000	0.002504	0.000000	0.000000	0.000000	0.001025
250	0.747580	0.082080	0.166826	0.000000	0.002500	0.000000	0.000000	0.000000	0.001014
251	0.747502	0.081925	0.167032	0.000000	0.002510	0.000000	0.000000	0.000000	0.001031
252	0.747151	0.082338	0.166986	0.000000	0.002535	0.000000	0.000000	0.000000	0.000990
253	0.746866	0.082417	0.167274	0.000000	0.002510	0.000000	0.000000	0.000000	0.000933
254	0.747045	0.082517	0.166989	0.000000	0.002539	0.000000	0.000000	0.000000	0.000910
255	0.747431	0.082303	0.166858	0.000000	0.002509	0.000000	0.000000	0.000000	0.000899
256	0.747100	0.082283	0.167219	0.000000	0.002495	0.000000	0.000000	0.000000	0.000903
257	0.747999	0.081858	0.166831	0.000000	0.002411	0.000000	0.000000	0.000000	0.000901
258	0.748338	0.081784	0.166626	0.000000	0.002392	0.000000	0.000000	0.000000	0.000860
259	0.748402	0.081527	0.166785	0.000000	0.002398	0.000000	0.000000	0.000000	0.000888
260	0.748599	0.081573	0.166540	0.000000	0.002384	0.000000	0.000000	0.000000	0.000904
261	0.749022	0.081688	0.166052	0.000000	0.002366	0.000000	0.000000	0.000000	0.000872
262	0.748721	0.081925	0.166172	0.000000	0.002368	0.000000	0.000000	0.000000	0.000814
263	0.748934	0.081658	0.166295	0.000000	0.002279	0.000000	0.000000	0.000000	0.000834
264	0.749204	0.081440	0.166209	0.000000	0.002295	0.000000	0.000000	0.000000	0.000852
265	0.748614	0.081480	0.166728	0.000000	0.002372	0.000000	0.000000	0.000000	0.000806
266	0.748729	0.081380	0.166741	0.000000	0.002362	0.000000	0.000000	0.000000	0.000788
267	0.748111	0.081469	0.167317	0.000000	0.002305	0.000000	0.000000	0.000000	0.000798
268	0.748361	0.081357	0.167247	0.000000	0.002276	0.000000	0.000000	0.000000	0.000759
269	0.748696	0.081381	0.166955	0.000000	0.002233	0.000000	0.000000	0.000000	0.000735
270	0.749613	0.081184	0.166261	0.000000	0.002204	0.000000	0.000000	0.000000	0.000738
271	0.748824	0.081424	0.166778	0.000000	0.002252	0.000000	0.000000	0.000000	0.000722
272	0.749126	0.081116	0.166767	0.000000	0.002274	0.000000	0.000000	0.000000	0.000717
273	0.748638	0.081225	0.167124	0.000000	0.002275	0.000000	0.000000	0.000000	0.000738
274	0.748971	0.081072	0.166947	0.000000	0.002287	0.000000	0.000000	0.000000	0.000723
275	0.748274	0.081174	0.167520	0.000000	0.002296	0.000000	0.000000	0.000000	0.000736
276	0.748339	0.080928	0.167769	0.000000	0.002255	0.000000	0.000000	0.000000	0.000709
277	0.748501	0.080780	0.167763	0.000000	0.002240	0.000000	0.000000	0.000000	0.000716
278	0.749202	0.080925	0.166939	0.000000	0.002229	0.000000	0.000000	0.000000	0.000705
279	0.749251	0.080884	0.166925	0.000000	0.002271	0.000000	0.000000	0.000000	0.000669
280	0.748759	0.081154	0.167258	0.000000	0.002164	0.000000	0.000000	0.000000	0.000665
281	0.749065	0.081110	0.166977	0.000000	0.002185	0.000000	0.000000	0.000000	0.000663
282	0.748981	0.080905	0.167350	0.000000	0.002160	0.000000	0.000000	0.000000	0.000604
283	0.748995	0.081144	0.167158	0.000000	0.002120	0.000000	0.000000	0.000000	0.000583
284	0.748807	0.081004	0.167453	0.000000	0.002129	0.000000	0.000000	0.000000	0.000607
285	0.749202	0.081009	0.167086	0.000000	0.002127	0.000000	0.000000	0.000000	0.000576
286	0.748947	0.081120	0.167277	0.000000	0.002100	0.000000	0.000000	0.000000	0.000556
287	0.749138	0.081261	0.167057	0.000000	0.002033	0.000000	0.000000	0.000000	0.000511
288	0.749407	0.081043	0.167013	0.000000	0.002025	0.000000	0.000000	0.000000	0.000512
289	0.748897	0.081163	0.167419	0.000000	0.002006	0.000000	0.000000	0.000000	0.000515
290	0.748817	0.081457	0.167205	0.000000	0.001984	0.000000	0.000000	0.000000	0.000537
291	0.748712	0.081261	0.167494	0.000000	0.002006	0.000000	0.000000	0.000000	0.000527
292	0.749091	0.081056	0.167352	0.000000	0.001994	0.000000	0.000000	0.000000	0.000507
293	0.748601	0.080931	0.167955	0.000000	0.002022	0.000000	0.000000	0.000000	0.000491
294	0.748310	0.080552	0.168652	0.000000	0.001994	0.000000	0.000000	0.000000	0.000492
295	0.748625	0.080525	0.168342	0.000000	0.001992	0.000000	0.000000	0.000000	0.000516
296	0.749003	0.080233	0.168234	0.000000	0.001995	0.000000	0.000000	0.000000	0.000535
297	0.749364	0.080062	0.168153	0.000000	0.001907	0.000000	0.000000	0.000000	0.000514
298	0.749885	0.079782	0.167924	0.000000	0.001883	0.000000	0.000000	0.000000	0.000526
299	0.749913	0.080007	0.167648	0.000000	0.001905	0.000000	0.000000	0.000000	0.000527
300	0.749582	0.080050	0.168043	0.000000	0.001845	0.000000	0.000000	0.000000	0.000480
301	0.749740	0.080096	0.167839	0.000000	0.001821	0.000000	0.000000	0.000000	0.000504
302	0.749950	0.080088	0.167629	0.000000	0.001810	0.000000	0.000000	0.000000	0.000523
303	0.749896	0.079985	0.167760	0.000000	0.001852	0.000000	0.000000	0.000000	0.000507
304	0.749600	0.079786	0.168309	0.000000	0.001810	0.000000	0.000000	0.000000	0.000495
305	0.750143	0.079549	0.167987	0.000000	0.001804	0.000000	0.000000	0.000000	0.000517
306	0.749701	0.079711	0.168304	0.000000	0.001787	0.000000	0.000000	0.000000	0.000497
307	0.749518	0.080298	0.167894	0.000000	0.001814	0.000000	0.000000	0.000000	0.000476
308	0.749229	0.080570	0.167986	0.000000	0.001778	0.000000	0.000000	0.000000	0.000437
309	0.749241	0.080545	0.168044	0.000000	0.001735	0.000000	0.000000	0.000000	0.000435
310	0.749217	0.080188	0.168373	0.000000	0.001787	0.000000	0.000000	0.000000	0.000435
311	0.749936	0.079778	0.168059	0.000000	0.001781	0.000000	0.000000	0.000000	0.000446
312	0.749461	0.079969	0.168344	0.000000	0.001788	0.000000	0.000000	0.000000	0.000438
313	0.749085	0.080040	0.168626	0.000000	0.001827	0.000000	0.000000	0.000000	0.000422
314	0.749099	0.079956	0.168748	0.000000	0.001789	0.000000	0.000000	0.000000	0.000408
315	0.748644	0.080197	0.168940	0.000000	0.001784	0.000000	0.000000	0.000000	0.000435
316	0.748553	0.080252	0.169001	0.000000	0.001751	0.000000	0.000000	0.000000	0.000443
317	0.748024	0.080545	0.169272	0.000000	0.001729	0.000000	0.000000	0.000000	0.000430
318	0.747769	0.080562	0.169461	0.000000	0.001796	0.000000	0.000000	0.000000	0.000412
319	0.748436	0.080298	0.169112	0.000000	0.001762	0.000000	0.000000	0.000000	0.000392
320	0.748421	0.080197	0.169222	0.000000	0.001789	0.000000	0.000000	0.000000	0.000371
321	0.748354	0.080038	0.169415	0.000000	0.001801	0.000000	0.000000	0.000000	0.000392
322	0.748962	0.079774	0.169094	0.000000	0.001771	0.000000	0.000000	0.000000	0.000399
323	0.748424	0.080029	0.169409	0.000000	0.001761	0.000000	0.000000	0.000000	0.000377
324	0.748224	0.080124	0.169524	0.000000	0.001739	0.000000	0.000000	0.000000	0.000389
325	0.748772	0.080021	0.169119	0.000000	0.001716	0.000000	0.000000	0.000000	0.000372
326	0.748227	0.080037	0.169695	0.000000	0.001697	0.000000	0.000000	0.000000	0.000344
327	0.748420	0.079753	0.169789	0.000000	0.001682	0.000000	0.000000	0.000000	0.000356
328	0.748717	0.079522	0.169700	0.000000	0.001689	0.000000	0.000000	0.000000	0.000372
329	0.749232	0.079331	0.169382	0.000000	0.001688	0.000000	0.000000	0.000000	0.000367
330	0.749730	0.079496	0.168727	0.000000	0.001684	0.000000	0.000000	0.000000	0.000363
331	0.750551	0.078761	0.168626	0.000000	0.001720	0.000000	0.000000	0.000000	0.000342
332	0.750828	0.078685	0.168381	0.000000	0.001752	0.000000	0.000000	0.000000	0.000354
333	0.750552	0.079030	0.168373	0.000000	0.001713	0.000000	0.000000	0.000000	0.000332
334	0.750665	0.078899	0.168414	0.000000	0.001708	0.000000	0.000000	0.000000	0.000314
335	0.750694	0.078875	0.168386	0.000000	0.001727	0.000000	0.000000	0.000000	0.000318
336	0.750569	0.078838	0.168529	0.000000	0.001735	0.000000	0.000000	0.000000	0.000329
337	0.750399	0.078925	0.168684	0.000000	0.001663	0.000000	0.000000	0.000000	0.000329
338	0.750562	0.078383	0.169015	0.000000	0.001727	0.000000	0.000000	0.000000	0.000313
339	0.750527	0.078641	0.168835	0.000000	0.001713	0.000000	0.000000	0.000000	0.000284
340	0.750355	0.078528	0.169067	0.000000	0.001738	0.000000	0.000000	0.000000	0.000312
341	0.750219	0.078388	0.169369	0.000000	0.001736	0.000000	0.000000	0.000000	0.000288
342	0.750397	0.078123	0.169496	0.000000	0.001704	0.000000	0.000000	0.000000	0.000280
343	0.749479	0.078171	0.170365	0.000000	0.001703	0.000000	0.000000	0.000000	0.000282
344	0.748729	0.078512	0.170787	0.000000	0.001714	0.000000	0.000000	0.000000	0.000258
345	0.749639	0.078104	0.170312	0.000000	0.001696	0.000000	0.000000	0.000000	0.000249
346	0.749858	0.078218	0.170050	0.000000	0.001631	0.000000	0.000000	0.000000	0.000243
347	0.749930	0.077904	0.170255	0.000000	0.001673	0.000000	0.000000	0.000000	0.000238
348	0.749698	0.077995	0.170350	0.000000	0.001710	0.000000	0.000000	0.000000	0.000247
349	0.749757	0.078171	0.170089	0.000000	0.001737	0.000000	0.000000	0.000000	0.000246
350	0.749591	0.078023	0.170469	0.000000	0.001696	0.000000	0.000000	0.000000	0.000221
351	0.749516	0.077882	0.170644	0.000000	0.001751	0.000000	0.000000	0.000000	0.000207
352	0.749907	0.078056	0.170103	0.000000	0.001734	0.000000	0.000000	0.000000	0.000200
353	0.750002	0.078279	0.169787	0.000000	0.001740	0.000000	0.000000	0.000000	0.000192
354	0.749791	0.077769	0.170516	0.000000	0.001732	0.000000	0.000000	0.000000	0.000192
355	0.749847	0.077890	0.170356	0.000000	0.001724	0.000000	0.000000	0.000000	0.000183
356	0.749493	0.077804	0.170806	0.000000	0.001730	0.000000	0.000000	0.000000	0.000167
357	0.749273	0.077747	0.171076	0.000000	0.001727	0.000000	0.000000	0.000000	0.000177
358	0.749190	0.077673	0.171196	0.000000	0.001765	0.000000	0.000000	0.000000	0.000176
359	0.749348	0.077433	0.171249	0.000000	0.001798	0.000000	0.000000	0.000000	0.000172
360	0.749571	0.077386	0.171108	0.000000	0.001770	0.000000	0.000000	0.000000	0.000165
361	0.749860	0.077486	0.170766	0.000000	0.001734	0.000000	0.000000	0.000000	0.000154
362	0.749703	0.077533	0.170864	0.000000	0.001750	0.000000	0.000000	0.000000	0.000150
363	0.749501	0.077623	0.171000	0.000000	0.001724	0.000000	0.000000	0.000000	0.000152
364	0.749078	0.077779	0.171235	0.000000	0.001764	0.000000	0.000000	0.000000	0.000144
365	0.749398	0.077829	0.170930	0.000000	0.001689	0.000000	0.000000	0.000000	0.000154
366	0.749632	0.077726	0.170797	0.000000	0.001707	0.000000	0.000000	0.000000	0.000138
367	0.749717	0.077711	0.170688	0.000000	0.001745	0.000000	0.000000	0.000000	0.000139
368	0.749182	0.077925	0.171041	0.000000	0.001720	0.000000	0.000000	0.000000	0.000132
369	0.749000	0.078016	0.171140	0.000000	0.001726	0.000000	0.000000	0.000000	0.000118
370	0.748764	0.078243	0.171137	0.000000	0.001733	0.000000	0.000000	0.000000	0.000123
371	0.748801	0.078105	0.171239	0.000000	0.001720	0.000000	0.000000	0.000000	0.000135
372	0.749165	0.078043	0.170921	0.000000	0.001747	0.000000	0.000000	0.000000	0.000124
373	0.749142	0.078027	0.171003	0.000000	0.001705	0.000000	0.000000	0.000000	0.000123
374	0.749016	0.078273	0.170902	0.000000	0.001698	0.000000	0.000000	0.000000	0.000111
375	0.749181	0.078047	0.170978	0.000000	0.001686	0.000000	0.000000	0.000000	0.000108
376	0.749333	0.078166	0.170742	0.000000	0.001659	0.000000	0.000000	0.000000	0.000100
377	0.749319	0.078238	0.170692	0.000000	0.001648	0.000000	0.000000	0.000000	0.000103
378	0.749542	0.077681	0.171022	0.000000	0.001654	0.000000	0.000000	0.000000	0.000101
379	0.749951	0.077441	0.170886	0.000000	0.001632	0.000000	0.000000	0.000000	0.000090
380	0.749816	0.077287	0.171224	0.000000	0.001583	0.000000	0.000000	0.000000	0.000090
381	0.750120	0.077343	0.170898	0.000000	0.001550	0.000000	0.000000	0.000000	0.000089
382	0.749958	0.077438	0.171042	0.000000	0.001480	0.000000	0.000000	0.000000	0.000082
383	0.749890	0.077533	0.170954	0.000000	0.001540	0.000000	0.000000	0.000000	0.000083
384	0.749977	0.077779	0.170617	0.000000	0.001549	0.000000	0.000000	0.000000	0.000078
385	0.750422	0.077368	0.170591	0.000000	0.001545	0.000000	0.000000	0.000000	0.000074
386	0.750089	0.077362	0.170961	0.000000	0.001527	0.000000	0.000000	0.000000	0.000061
387	0.750221	0.077568	0.170625	0.000000	0.001516	0.000000	0.000000	0.000000	0.000070
388	0.750343	0.077402	0.170751	0.000000	0.001448	0.000000	0.000000	0.000000	0.000056
389	0.750523	0.077321	0.170693	0.000000	0.001419	0.000000	0.000000	0.000000	0.000044
390	0.749897	0.077259	0.171331	0.000000	0.001464	0.000000	0.000000	0.000000	0.000049
391	0.749792	0.077426	0.171250	0.000000	0.001490	0.000000	0.000000	0.000000	0.000042
392	0.750068	0.076922	0.171511	0.000000	0.001461	0.000000	0.000000	0.000000	0.000038
393	0.749915	0.077039	0.171563	0.000000	0.001444	0.000000	0.000000	0.000000	0.000039
394	0.750006	0.077063	0.171465	0.000000	0.001430	0.000000	0.000000	0.000000	0.000036
395	0.749936	0.077297	0.171283	0.000000	0.001445	0.000000	0.000000	0.000000	0.000039
396	0.749886	0.077436	0.171237	0.000000	0.001404	0.000000	0.000000	0.000000	0.000037
397	0.750173	0.077497	0.170910	0.000000	0.001387	0.000000	0.000000	0.000000	0.000033
398	0.749745	0.077597	0.171299	0.000000	0.001329	0.000000	0.000000	0.000000	0.000030
399	0.749593	0.077564	0.171437	0.000000	0.001372	0.000000	0.000000	0.000000	0.000034
400	0.749239	0.078053	0.171344	0.000000	0.001335	0.000000	0.000000	0.000000	0.000029
401	0.749388	0.077990	0.171282	0.000000	0.001315	0.000000	0.000000	0.000000	0.000025
402	0.749379	0.077819	0.171485	0.000000	0.001290	0.000000	0.000000	0.000000	0.000027
403	0.748877	0.077723	0.172099	0.000000	0.001272	0.000000	0.000000	0.000000	0.000029
404	0.749082	0.077686	0.171990	0.000000	0.001214	0.000000	0.000000	0.000000	0.000028
405	0.749168	0.077903	0.171664	0.000000	0.001243	0.000000	0.000000	0.000000	0.000022
406	0.749192	0.077926	0.171670	0.000000	0.001198	0.000000	0.000000	0.000000	0.000014
407	0.749449	0.078493	0.170857	0.000000	0.001188	0.000000	0.000000	0.000000	0.000013
408	0.749081	0.078470	0.171247	0.000000	0.001188	0.000000	0.000000	0.000000	0.000014
409	0.749374	0.078353	0.171089	0.000000	0.001174	0.000000	0.000000	0.000000	0.000010
410	0.749118	0.078732	0.170995	0.000000	0.001149	0.000000	0.000000	0.000000	0.000006
411	0.749056	0.078753	0.171024	0.000000	0.001157	0.000000	0.000000	0.000000	0.000010
412	0.748678	0.078660	0.171507	0.000000	0.001146	0.000000	0.000000	0.000000	0.000009
413	0.748721	0.078735	0.171404	0.000000	0.001129	0.000000	0.000000	0.000000	0.000011
414	0.748938	0.078536	0.171419	0.000000	0.001098	0.000000	0.000000	0.000000	0.000009
415	0.749093	0.078369	0.171437	0.000000	0.001098	0.000000	0.000000	0.000000	0.000003
416	0.749373	0.078118	0.171441	0.000000	0.001063	0.000000	0.000000	0.000000	0.000005
417	0.749730	0.078008	0.171186	0.000000	0.001073	0.000000	0.000000	0.000000	0.000003
418	0.749668	0.078133	0.171125	0.000000	0.001070	0.000000	0.000000	0.000000	0.000004
419	0.749430	0.078147	0.171352	0.000000	0.001067	0.000000	0.000000	0.000000	0.000004
420	0.749750	0.078016	0.171180	0.000000	0.001051	0.000000	0.000000	0.000000	0.000003
421	0.749327	0.077839	0.171801	0.000000	0.001028	0.000000	0.000000	0.000000	0.000005
422	0.749723	0.077661	0.171619	0.000000	0.000992	0.000000	0.000000	0.000000	0.000005
423	0.750176	0.077323	0.171511	0.000000	0.000985	0.000000	0.000000	0.000000	0.000005
424	0.749789	0.077537	0.171684	0.000000	0.000985	0.000000	0.000000	0.000000	0.000005
425	0.749970	0.077478	0.171585	0.000000	0.000964	0.000000	0.000000	0.000000	0.000003
426	0.750106	0.077374	0.171584	0.000000	0.000935	0.000000	0.000000	0.000000	0.000001
427	0.750489	0.077437	0.171149	0.000000	0.000922	0.000000	0.000000	0.000000	0.000003
428	0.750732	0.077273	0.171117	0.000000	0.000875	0.000000	0.000000	0.000000	0.000003
429	0.750023	0.077627	0.171456	0.000000	0.000891	0.000000	0.000000	0.000000	0.000003
430	0.750100	0.077439	0.171579	0.000000	0.000881	0.000000	0.000000	0.000000	0.000001
431	0.750250	0.077196	0.171677	0.000000	0.000876	0.000000	0.000000	0.000000	0.000001
432	0.750293	0.077283	0.171572	0.000000	0.000850	0.000000	0.000000	0.000000	0.000002
433	0.750197	0.077799	0.171149	0.000000	0.000854	0.000000	0.000000	0.000000	0.000001
434	0.750290	0.077846	0.171012	0.000000	0.000852	0.000000	0.000000	0.000000	0.000000
435	0.750398	0.077637	0.171152	0.000000	0.000813	0.000000	0.000000	0.000000	0.000000
436	0.750862	0.077435	0.170863	0.000000	0.000839	0.000000	0.000000	0.000000	0.000001
437	0.750778	0.077580	0.170826	0.000000	0.000815	0.000000	0.000000	0.000000	0.000001
438	0.750758	0.077528	0.170918	0.000000	0.000796	0.000000	0.000000	0.000000	0.000000
439	0.751111	0.077583	0.170525	0.000000	0.000780	0.000000	0.000000	0.000000	0.000001
440	0.751402	0.077620	0.170203	0.000000	0.000775	0.000000	0.000000	0.000000	0.000000
441	0.750840	0.077633	0.170749	0.000000	0.000778	0.000000	0.000000	0.000000	0.000000
442	0.751206	0.077648	0.170391	0.000000	0.000755	0.000000	0.000000	0.000000	0.000000
443	0.750800	0.077975	0.170464	0.000000	0.000761	0.000000	0.000000	0.000000	0.000000
444	0.750557	0.077860	0.170806	0.000000	0.000777	0.000000	0.000000	0.000000	0.000000
445	0.750810	0.078142	0.170323	0.000000	0.000725	0.000000	0.000000	0.000000	0.000000
446	0.750977	0.078207	0.170073	0.000000	0.000743	0.000000	0.000000	0.000000	0.000000
447	0.750961	0.078022	0.170289	0.000000	0.000728	0.000000	0.000000	0.000000	0.000000
448	0.750928	0.078112	0.170198	0.000000	0.000762	0.000000	0.000000	0.000000	0.000000
449	0.751024	0.078177	0.170030	0.000000	0.000769	0.000000	0.000000	0.000000	0.000000
450	0.750957	0.077833	0.170454	0.000000	0.000756	0.000000	0.000000	0.000000	0.000000
451	0.750819	0.078216	0.170168	0.000000	0.000797	0.000000	0.000000	0.000000	0.000000
452	0.750782	0.078007	0.170406	0.000000	0.000805	0.000000	0.000000	0.000000	0.000000
453	0.750236	0.078111	0.170829	0.000000	0.000824	0.000000	0.000000	0.000000	0.000000
454	0.750152	0.077859	0.171192	0.000000	0.000797	0.000000	0.000000	0.000000	0.000000
455	0.750319	0.077664	0.171199	0.000000	0.000818	0.000000	0.000000	0.000000	0.000000
456	0.750950	0.077600	0.170610	0.000000	0.000840	0.000000	0.000000	0.000000	0.000000
457	0.750580	0.077587	0.170975	0.000000	0.000858	0.000000	0.000000	0.000000	0.000000
458	0.750427	0.077590	0.171139	0.000000	0.000844	0.000000	0.000000	0.000000	0.000000
459	0.750357	0.077468	0.171342	0.000000	0.000833	0.000000	0.000000	0.000000	0.000000
460	0.750394	0.077682	0.171102	0.000000	0.000822	0.000000	0.000000	0.000000	0.000000
461	0.750208	0.077698	0.171274	0.000000	0.000820	0.000000	0.000000	0.000000	0.000000
462	0.750719	0.077714	0.170752	0.000000	0.000815	0.000000	0.000000	0.000000	0.000000
463	0.750873	0.077508	0.170810	0.000000	0.000809	0.000000	0.000000	0.000000	0.000000
464	0.750570	0.077840	0.170761	0.000000	0.000829	0.000000	0.000000	0.000000	0.000000
465	0.750432	0.077838	0.170893	0.000000	0.000837	0.000000	0.000000	0.000000	0.000000
466	0.750725	0.077650	0.170808	0.000000	0.000817	0.000000	0.000000	0.000000	0.000000
467	0.750321	0.077727	0.171095	0.000000	0.000857	0.000000	0.000000	0.000000	0.000000
468	0.750094	0.077577	0.171466	0.000000	0.000863	0.000000	0.000000	0.000000	0.000000
469	0.749708	0.077737	0.171725	0.000000	0.000830	0.000000	0.000000	0.000000	0.000000
470	0.749344	0.078270	0.171594	0.000000	0.000792	0.000000	0.000000	0.000000	0.000000
