0	0.290663	0.057897	0.229473	0.157588	0.029913	0.111872	0.085455	0.012259	0.024880
1	0.247554	0.051430	0.213410	0.123411	0.025497	0.108399	0.117266	0.022690	0.090343
2	0.262096	0.054180	0.222546	0.105724	0.023143	0.093841	0.115318	0.023036	0.100116
3	0.282508	0.057247	0.231749	0.091016	0.021054	0.079823	0.109861	0.021723	0.105019
4	0.303048	0.060512	0.238987	0.078099	0.019667	0.067043	0.104412	0.020190	0.108042
5	0.322121	0.063158	0.245430	0.067021	0.018482	0.055795	0.098085	0.018761	0.111147
6	0.341933	0.065548	0.250175	0.056975	0.017109	0.046443	0.091218	0.017577	0.113022
7	0.360317	0.067828	0.252731	0.048466	0.015889	0.038833	0.084623	0.016372	0.114941
8	0.377657	0.069832	0.254522	0.041531	0.014829	0.032078	0.078261	0.015090	0.116200
9	0.394176	0.071611	0.255317	0.035185	0.013951	0.026579	0.072433	0.013833	0.116915
10	0.409338	0.073526	0.254621	0.029795	0.013174	0.021916	0.066753	0.012950	0.117927
11	0.423644	0.074763	0.253545	0.025128	0.012386	0.018049	0.061765	0.012018	0.118702
12	0.436667	0.076355	0.252106	0.021328	0.011721	0.014952	0.056745	0.011008	0.119118
13	0.449942	0.077693	0.249612	0.017960	0.010781	0.012318	0.052532	0.010095	0.119067
14	0.461403	0.078801	0.247989	0.015361	0.010156	0.010208	0.048023	0.009436	0.118623
15	0.472389	0.079844	0.244876	0.013003	0.009637	0.008501	0.044203	0.008600	0.118947
16	0.483468	0.080819	0.241644	0.011118	0.009072	0.006796	0.040430	0.007899	0.118754
17	0.493714	0.081562	0.238123	0.009417	0.008493	0.005679	0.037296	0.007181	0.118535
18	0.502817	0.082332	0.235003	0.008103	0.008093	0.004748	0.034376	0.006650	0.117878
19	0.511519	0.082998	0.231937	0.006805	0.007692	0.004023	0.031508	0.006146	0.117372
20	0.518756	0.083899	0.228800	0.005773	0.007347	0.003471	0.028929	0.005727	0.117298
21	0.526537	0.084390	0.225309	0.004944	0.007013	0.002844	0.026507	0.005320	0.117136
22	0.534167	0.085214	0.221575	0.004209	0.006630	0.002366	0.024533	0.004909	0.116397
23	0.540954	0.085806	0.218304	0.003608	0.006295	0.002009	0.022786	0.004620	0.115618
24	0.547219	0.087044	0.214545	0.003147	0.005886	0.001689	0.021129	0.004245	0.115096
25	0.553703	0.087614	0.211021	0.002710	0.005707	0.001397	0.019234	0.003962	0.114652
26	0.559834	0.088348	0.207509	0.002366	0.005411	0.001252	0.017868	0.003615	0.113797
27	0.565876	0.088817	0.204249	0.002072	0.005346	0.001068	0.016537	0.003460	0.112575
28	0.571601	0.089462	0.200718	0.001833	0.005060	0.000923	0.015315	0.003170	0.111918
29	0.577446	0.090097	0.197609	0.001574	0.004854	0.000780	0.014219	0.002961	0.110460
30	0.582809	0.090962	0.193571	0.001426	0.004635	0.000710	0.013426	0.002745	0.109716
31	0.588555	0.091355	0.190120	0.001233	0.004493	0.000590	0.012467	0.002536	0.108651
32	0.593720	0.091943	0.186728	0.001141	0.004389	0.000510	0.011552	0.002327	0.107690
33	0.598679	0.092616	0.183560	0.000984	0.004146	0.000461	0.010615	0.002092	0.106847
34	0.603553	0.092741	0.181067	0.000929	0.003919	0.000395	0.009789	0.001984	0.105623
35	0.608499	0.093373	0.177839	0.000841	0.003856	0.000354	0.009044	0.001815	0.104379
36	0.612875	0.094009	0.175338	0.000731	0.003688	0.000301	0.008297	0.001664	0.103097
37	0.618225	0.094069	0.172447	0.000692	0.003554	0.000289	0.007672	0.001552	0.101500
38	0.622715	0.094268	0.170009	0.000615	0.003405	0.000259	0.007091	0.001426	0.100212
39	0.626925	0.094704	0.167524	0.000552	0.003248	0.000225	0.006699	0.001326	0.098797
40	0.631283	0.094826	0.165138	0.000530	0.003155	0.000192	0.006120	0.001311	0.097445
41	0.635361	0.095129	0.162784	0.000508	0.003082	0.000178	0.005752	0.001236	0.095970
42	0.639139	0.095960	0.160295	0.000460	0.003039	0.000153	0.005321	0.001124	0.094509
43	0.643579	0.096262	0.157893	0.000408	0.002956	0.000137	0.004889	0.001010	0.092866
44	0.647586	0.096367	0.155913	0.000360	0.002861	0.000116	0.004600	0.000980	0.091217
45	0.651611	0.096691	0.153874	0.000352	0.002794	0.000093	0.004137	0.000942	0.089506
46	0.655347	0.097434	0.151192	0.000291	0.002743	0.000094	0.003857	0.000851	0.088191
47	0.658631	0.098376	0.149075	0.000280	0.002672	0.000099	0.003514	0.000751	0.086602
48	0.662367	0.098846	0.147074	0.000260	0.002647	0.000089	0.003269	0.000720	0.084728
49	0.666286	0.099193	0.144979	0.000263	0.002525	0.000081	0.003083	0.000635	0.082955
50	0.669961	0.099506	0.143165	0.000253	0.002494	0.000086	0.002850	0.000582	0.081103
51	0.673708	0.099886	0.141300	0.000223	0.002449	0.000078	0.002619	0.000544	0.079193
52	0.677801	0.100049	0.139090	0.000170	0.002393	0.000064	0.002421	0.000515	0.077497
53	0.681489	0.100435	0.136945	0.000208	0.002374	0.000051	0.002205	0.000495	0.075798
54	0.685014	0.100741	0.135326	0.000166	0.002360	0.000048	0.002073	0.000463	0.073809
55	0.688239	0.101344	0.133831	0.000162	0.002231	0.000055	0.001902	0.000411	0.071825
56	0.692018	0.101367	0.131981	0.000137	0.002172	0.000044	0.001790	0.000346	0.070145
57	0.695412	0.101859	0.130045	0.000155	0.002134	0.000040	0.001584	0.000326	0.068445
58	0.698263	0.102332	0.128895	0.000144	0.002109	0.000040	0.001436	0.000293	0.066488
59	0.701107	0.102587	0.127535	0.000123	0.002060	0.000034	0.001294	0.000272	0.064988
60	0.704498	0.102669	0.126037	0.000130	0.002103	0.000029	0.001157	0.000246	0.063131
61	0.707194	0.103233	0.124678	0.000113	0.002039	0.000029	0.001070	0.000242	0.061402
62	0.710716	0.103352	0.122720	0.000116	0.002037	0.000025	0.000972	0.000206	0.059856
63	0.713405	0.103710	0.121224	0.000116	0.002091	0.000030	0.000856	0.000205	0.058363
64	0.716180	0.104049	0.119689	0.000115	0.002095	0.000027	0.000777	0.000170	0.056898
65	0.719184	0.104575	0.117898	0.000101	0.002050	0.000027	0.000674	0.000185	0.055306
66	0.721518	0.104601	0.116823	0.000099	0.002034	0.000034	0.000643	0.000160	0.054088
67	0.724847	0.104779	0.115195	0.000082	0.002019	0.000029	0.000589	0.000147	0.052313
68	0.727607	0.104772	0.114283	0.000087	0.002038	0.000031	0.000520	0.000123	0.050539
69	0.730059	0.105482	0.112555	0.000083	0.002067	0.000027	0.000460	0.000121	0.049146
70	0.732171	0.105698	0.111824	0.000087	0.002023	0.000018	0.000418	0.000098	0.047663
71	0.734550	0.106001	0.110788	0.000088	0.001986	0.000020	0.000381	0.000087	0.046099
72	0.737099	0.105479	0.109978	0.000082	0.001985	0.000019	0.000361	0.000089	0.044908
73	0.738807	0.105888	0.109156	0.000088	0.001985	0.000011	0.000330	0.000068	0.043667
74	0.741062	0.106167	0.108109	0.000084	0.001945	0.000018	0.000313	0.000064	0.042238
75	0.742928	0.106654	0.107146	0.000091	0.001922	0.000014	0.000295	0.000049	0.040901
76	0.744995	0.106485	0.106400	0.000073	0.001924	0.000016	0.000254	0.000054	0.039799
77	0.747182	0.106721	0.105187	0.000073	0.001875	0.000012	0.000228	0.000041	0.038681
78	0.749204	0.106743	0.104316	0.000071	0.001851	0.000015	0.000197	0.000038	0.037565
79	0.750682	0.106997	0.103922	0.000062	0.001862	0.000010	0.000215	0.000043	0.036207
80	0.752388	0.107378	0.103177	0.000061	0.001825	0.000013	0.000195	0.000039	0.034924
81	0.753983	0.107483	0.102450	0.000060	0.001813	0.000009	0.000181	0.000036	0.033985
82	0.755917	0.107730	0.101840	0.000057	0.001799	0.000015	0.000164	0.000027	0.032451
83	0.757530	0.108130	0.100913	0.000061	0.001768	0.000012	0.000148	0.000022	0.031416
84	0.759718	0.107903	0.099860	0.000050	0.001802	0.000011	0.000140	0.000022	0.030494
85	0.761437	0.107809	0.099326	0.000049	0.001760	0.000014	0.000130	0.000020	0.029455
86	0.762315	0.108150	0.098983	0.000049	0.001737	0.000010	0.000116	0.000021	0.028619
87	0.764204	0.108201	0.098245	0.000041	0.001756	0.000007	0.000098	0.000019	0.027429
88	0.765365	0.108615	0.097567	0.000047	0.001668	0.000009	0.000084	0.000020	0.026625
89	0.767087	0.108429	0.096931	0.000033	0.001652	0.000010	0.000095	0.000014	0.025749
90	0.768792	0.108224	0.096277	0.000044	0.001657	0.000007	0.000104	0.000005	0.024890
91	0.769787	0.108507	0.095750	0.000044	0.001665	0.000004	0.000089	0.000006	0.024148
92	0.771190	0.108458	0.095444	0.000043	0.001591	0.000007	0.000073	0.000008	0.023186
93	0.772608	0.108798	0.094678	0.000044	0.001512	0.000006	0.000068	0.000008	0.022278
94	0.773895	0.108952	0.094058	0.000055	0.001517	0.000005	0.000064	0.000005	0.021449
95	0.775150	0.108773	0.093547	0.000047	0.001505	0.000005	0.000059	0.000005	0.020909
96	0.776309	0.108699	0.093244	0.000043	0.001480	0.000002	0.000066	0.000002	0.020155
97	0.777879	0.108699	0.092500	0.000041	0.001476	0.000001	0.000057	0.000002	0.019345
98	0.778606	0.109002	0.092383	0.000045	0.001406	0.000000	0.000038	0.000002	0.018518
99	0.779647	0.108773	0.092017	0.000049	0.001400	0.000000	0.000040	0.000002	0.018072
100	0.779941	0.109220	0.091992	0.000029	0.001409	0.000000	0.000024	0.000002	0.017383
101	0.781045	0.109406	0.091446	0.000031	0.001399	0.000000	0.000025	0.000002	0.016646
102	0.782268	0.109417	0.090703	0.000024	0.001401	0.000000	0.000022	0.000001	0.016164
103	0.783129	0.109445	0.090208	0.000030	0.001395	0.000000	0.000024	0.000002	0.015767
104	0.784142	0.109255	0.089710	0.000031	0.001323	0.000000	0.000022	0.000002	0.015515
105	0.784957	0.109378	0.089397	0.000044	0.001313	0.000000	0.000018	0.000002	0.014891
106	0.785749	0.109263	0.089009	0.000043	0.001340	0.000000	0.000016	0.000003	0.014577
107	0.786893	0.109094	0.088626	0.000042	0.001351	0.000000	0.000018	0.000002	0.013974
108	0.787318	0.109021	0.088776	0.000038	0.001292	0.000000	0.000014	0.000001	0.013540
109	0.787897	0.109117	0.088546	0.000031	0.001307	0.000000	0.000016	0.000001	0.013085
110	0.788654	0.108889	0.088492	0.000027	0.001287	0.000000	0.000015	0.000003	0.012633
111	0.789421	0.108805	0.088187	0.000024	0.001254	0.000000	0.000015	0.000000	0.012294
112	0.789903	0.108805	0.087999	0.000021	0.001313	0.000000	0.000020	0.000001	0.011938
113	0.790239	0.108714	0.088254	0.000021	0.001276	0.000000	0.000018	0.000000	0.011478
114	0.791283	0.108505	0.087776	0.000024	0.001287	0.000000	0.000016	0.000000	0.011109
115	0.791888	0.108463	0.087543	0.000017	0.001255	0.000000	0.000013	0.000000	0.010821
116	0.792557	0.108388	0.087238	0.000020	0.001265	0.000000	0.000013	0.000000	0.010519
117	0.793183	0.108160	0.087184	0.000014	0.001272	0.000000	0.000021	0.000000	0.010166
118	0.793776	0.108176	0.086963	0.000015	0.001242	0.000000	0.000027	0.000000	0.009801
119	0.794239	0.108368	0.086403	0.000014	0.001306	0.000000	0.000023	0.000000	0.009647
120	0.794292	0.108550	0.086414	0.000016	0.001337	0.000000	0.000021	0.000000	0.009370
121	0.794640	0.108507	0.086337	0.000010	0.001361	0.000000	0.000022	0.000000	0.009123
122	0.795267	0.108179	0.086125	0.000011	0.001325	0.000000	0.000025	0.000000	0.009068
123	0.795605	0.108218	0.086148	0.000010	0.001364	0.000000	0.000018	0.000000	0.008637
124	0.796380	0.108350	0.085493	0.000009	0.001299	0.000000	0.000016	0.000000	0.008453
125	0.796851	0.108479	0.085224	0.000005	0.001310	0.000000	0.000011	0.000000	0.008120
126	0.797270	0.108124	0.085373	0.000005	0.001278	0.000000	0.000006	0.000000	0.007944
127	0.797450	0.108009	0.085670	0.000005	0.001220	0.000000	0.000009	0.000000	0.007637
128	0.797812	0.108113	0.085394	0.000007	0.001223	0.000000	0.000005	0.000000	0.007446
129	0.797543	0.108484	0.085482	0.000010	0.001211	0.000000	0.000004	0.000000	0.007266
130	0.798161	0.108362	0.085212	0.000012	0.001211	0.000000	0.000010	0.000000	0.007032
131	0.798366	0.108469	0.085151	0.000011	0.001195	0.000000	0.000007	0.000000	0.006801
132	0.798555	0.108422	0.085061	0.000012	0.001190	0.000000	0.000012	0.000000	0.006748
133	0.798731	0.108438	0.085127	0.000011	0.001145	0.000000	0.000014	0.000000	0.006534
134	0.798894	0.108682	0.085100	0.000012	0.001087	0.000000	0.000013	0.000000	0.006212
135	0.799749	0.108524	0.084518	0.000012	0.001122	0.000000	0.000017	0.000000	0.006058
136	0.800086	0.108921	0.083958	0.000012	0.001071	0.000000	0.000010	0.000000	0.005942
137	0.800579	0.108703	0.083909	0.000010	0.001054	0.000000	0.000012	0.000000	0.005733
138	0.800786	0.108360	0.084156	0.000010	0.001049	0.000000	0.000012	0.000000	0.005627
139	0.800851	0.108483	0.084064	0.000004	0.001041	0.000000	0.000010	0.000000	0.005547
140	0.801538	0.108477	0.083605	0.000005	0.001038	0.000000	0.000008	0.000000	0.005329
141	0.801891	0.108208	0.083537	0.000009	0.001103	0.000000	0.000005	0.000000	0.005247
142	0.801842	0.108515	0.083421	0.000007	0.001086	0.000000	0.000004	0.000000	0.005125
143	0.802283	0.108387	0.083248	0.000011	0.001084	0.000000	0.000001	0.000000	0.004986
144	0.803180	0.108169	0.082693	0.000009	0.001081	0.000000	0.000001	0.000000	0.004867
145	0.803265	0.108002	0.082863	0.000007	0.001042	0.000000	0.000001	0.000000	0.004820
146	0.803238	0.108127	0.082927	0.000008	0.001024	0.000000	0.000002	0.000000	0.004674
147	0.803552	0.107836	0.082995	0.000006	0.000999	0.000000	0.000000	0.000000	0.004612
148	0.803877	0.108022	0.082554	0.000005	0.000995	0.000000	0.000003	0.000000	0.004544
149	0.804050	0.107929	0.082676	0.000006	0.000979	0.000000	0.000003	0.000000	0.004357
150	0.804126	0.108008	0.082631	0.000008	0.000958	0.000000	0.000002	0.000000	0.004267
151	0.804598	0.107697	0.082553	0.000005	0.000982	0.000000	0.000003	0.000000	0.004162
152	0.804870	0.107730	0.082376	0.000008	0.000931	0.000000	0.000001	0.000000	0.004084
153	0.805037	0.107688	0.082364	0.000008	0.000914	0.000000	0.000000	0.000000	0.003989
154	0.805147	0.107890	0.082127	0.000007	0.000914	0.000000	0.000000	0.000000	0.003915
155	0.805005	0.107911	0.082281	0.000013	0.000916	0.000000	0.000001	0.000000	0.003873
156	0.805445	0.107951	0.081884	0.000012	0.000898	0.000000	0.000000	0.000000	0.003810
157	0.805190	0.107698	0.082373	0.000016	0.000924	0.000000	0.000000	0.000000	0.003799
158	0.806159	0.107572	0.081624	0.000014	0.000902	0.000000	0.000000	0.000000	0.003729
159	0.806477	0.107414	0.081528	0.000012	0.000886	0.000000	0.000000	0.000000	0.003683
160	0.807280	0.107072	0.081236	0.000007	0.000874	0.000000	0.000000	0.000000	0.003531
161	0.807087	0.107072	0.081400	0.000008	0.000907	0.000000	0.000000	0.000000	0.003526
162	0.807178	0.107136	0.081405	0.000005	0.000868	0.000000	0.000000	0.000000	0.003408
163	0.807901	0.106912	0.080982	0.000004	0.000847	0.000000	0.000000	0.000000	0.003354
164	0.808051	0.107201	0.080654	0.000006	0.000859	0.000000	0.000000	0.000000	0.003229
165	0.807938	0.106967	0.081136	0.000002	0.000821	0.000000	0.000000	0.000000	0.003136
166	0.808051	0.107033	0.081072	0.000000	0.000801	0.000000	0.000000	0.000000	0.003043
167	0.808554	0.106891	0.080778	0.000001	0.000811	0.000000	0.000000	0.000000	0.002965
168	0.809064	0.106558	0.080674	0.000001	0.000772	0.000000	0.000000	0.000000	0.002931
169	0.809230	0.106578	0.080577	0.000001	0.000748	0.000000	0.000000	0.000000	0.002866
170	0.809489	0.106438	0.080444	0.000000	0.000736	0.000000	0.000000	0.000000	0.002893
171	0.809605	0.106444	0.080397	0.000000	0.000726	0.000000	0.000000	0.000000	0.002828
172	0.809386	0.106622	0.080559	0.000000	0.000752	0.000000	0.000000	0.000000	0.002681
173	0.809354	0.106633	0.080622	0.000000	0.000751	0.000000	0.000000	0.000000	0.002640
174	0.809112	0.106867	0.080645	0.000000	0.000737	0.000000	0.000000	0.000000	0.002639
175	0.809936	0.106276	0.080501	0.000000	0.000718	0.000000	0.000000	0.000000	0.002569
176	0.809316	0.106769	0.080689	0.000000	0.000729	0.000000	0.000000	0.000000	0.002497
177	0.809598	0.106946	0.080288	0.000000	0.000735	0.000000	0.000000	0.000000	0.002433
178	0.809608	0.106876	0.080370	0.000000	0.000765	0.000000	0.000000	0.000000	0.002381
179	0.809570	0.107050	0.080303	0.000000	0.000723	0.000000	0.000000	0.000000	0.002354
180	0.809412	0.107059	0.080533	0.000000	0.000734	0.000000	0.000000	0.000000	0.002262
181	0.809391	0.107305	0.080261	0.000000	0.000735	0.000000	0.000000	0.000000	0.002308
182	0.809742	0.107388	0.079884	0.000000	0.000729	0.000000	0.000000	0.000000	0.002257
183	0.810087	0.107183	0.079768	0.000000	0.000747	0.000000	0.000000	0.000000	0.002215
184	0.810522	0.106982	0.079628	0.000000	0.000742	0.000000	0.000000	0.000000	0.002126
185	0.809954	0.107351	0.079850	0.000000	0.000774	0.000000	0.000000	0.000000	0.002071
186	0.810542	0.106743	0.079869	0.000000	0.000734	0.000000	0.000000	0.000000	0.002112
187	0.811070	0.106249	0.079865	0.000000	0.000747	0.000000	0.000000	0.000000	0.002069
188	0.810758	0.106567	0.079967	0.000000	0.000698	0.000000	0.000000	0.000000	0.002010
189	0.810912	0.106082	0.080276	0.000000	0.000693	0.000000	0.000000	0.000000	0.002037
190	0.810722	0.106352	0.080177	0.000000	0.000688	0.000000	0.000000	0.000000	0.002061
191	0.810998	0.106330	0.079945	0.000000	0.000657	0.000000	0.000000	0.000000	0.002070
192	0.811178	0.106755	0.079384	0.000000	0.000680	0.000000	0.000000	0.000000	0.002003
193	0.811101	0.106713	0.079556	0.000000	0.000661	0.000000	0.000000	0.000000	0.001969
194	0.811436	0.106737	0.079336	0.000000	0.000627	0.000000	0.000000	0.000000	0.001864
195	0.811546	0.106779	0.079214	0.000000	0.000613	0.000000	0.000000	0.000000	0.001848
196	0.811636	0.106839	0.079134	0.000000	0.000587	0.000000	0.000000	0.000000	0.001804
197	0.811655	0.107016	0.078960	0.000000	0.000617	0.000000	0.000000	0.000000	0.001752
198	0.811744	0.107090	0.078838	0.000000	0.000575	0.000000	0.000000	0.000000	0.001753
199	0.812259	0.107140	0.078331	0.000000	0.000546	0.000000	0.000000	0.000000	0.001724
200	0.812363	0.106939	0.078491	0.000000	0.000513	0.000000	0.000000	0.000000	0.001694
201	0.812406	0.106927	0.078488	0.000000	0.000506	0.000000	0.000000	0.000000	0.001673
202	0.812920	0.106613	0.078319	0.000000	0.000486	0.000000	0.000000	0.000000	0.001662
203	0.813027	0.106264	0.078600	0.000000	0.000497	0.000000	0.000000	0.000000	0.001612
204	0.812847	0.106602	0.078500	0.000000	0.000503	0.000000	0.000000	0.000000	0.001548
205	0.812603	0.106859	0.078530	0.000000	0.000500	0.000000	0.000000	0.000000	0.001508
206	0.812432	0.106878	0.078759	0.000000	0.000485	0.000000	0.000000	0.000000	0.001446
207	0.812164	0.107307	0.078588	0.000000	0.000480	0.000000	0.000000	0.000000	0.001461
208	0.812082	0.107003	0.078926	0.000000	0.000490	0.000000	0.000000	0.000000	0.001499
209	0.812436	0.106946	0.078734	0.000000	0.000479	0.000000	0.000000	0.000000	0.001405
210	0.812381	0.107081	0.078737	0.000000	0.000495	0.000000	0.000000	0.000000	0.001306
211	0.812881	0.106879	0.078475	0.000000	0.000460	0.000000	0.000000	0.000000	0.001305
212	0.812558	0.107042	0.078670	0.000000	0.000435	0.000000	0.000000	0.000000	0.001295
213	0.812714	0.106936	0.078658	0.000000	0.000415	0.000000	0.000000	0.000000	0.001277
214	0.812828	0.106875	0.078674	0.000000	0.000412	0.000000	0.000000	0.000000	0.001211
215	0.812876	0.106800	0.078734	0.000000	0.000423	0.000000	0.000000	0.000000	0.001167
216	0.812785	0.106817	0.078860	0.000000	0.000415	0.000000	0.000000	0.000000	0.001123
217	0.812570	0.106817	0.079054	0.000000	0.000425	0.000000	0.000000	0.000000	0.001134
218	0.812681	0.106747	0.079058	0.000000	0.000380	0.000000	0.000000	0.000000	0.001134
219	0.812575	0.107176	0.078814	0.000000	0.000356	0.000000	0.000000	0.000000	0.001079
220	0.812665	0.107088	0.078763	0.000000	0.000348	0.000000	0.000000	0.000000	0.001136
221	0.813032	0.106594	0.078880	0.000000	0.000388	0.000000	0.000000	0.000000	0.001106
222	0.813498	0.106562	0.078464	0.000000	0.000382	0.000000	0.000000	0.000000	0.001094
223	0.813083	0.106963	0.078469	0.000000	0.000421	0.000000	0.000000	0.000000	0.001064
224	0.812889	0.106893	0.078792	0.000000	0.000401	0.000000	0.000000	0.000000	0.001025
225	0.813287	0.106668	0.078649	0.000000	0.000402	0.000000	0.000000	0.000000	0.000994
226	0.813417	0.106396	0.078832	0.000000	0.000410	0.000000	0.000000	0.000000	0.000945
227	0.813564	0.106446	0.078647	0.000000	0.000403	0.000000	0.000000	0.000000	0.000940
228	0.813795	0.106235	0.078670	0.000000	0.000389	0.000000	0.000000	0.000000	0.000911
229	0.813390	0.106348	0.079005	0.000000	0.000345	0.000000	0.000000	0.000000	0.000912
230	0.813409	0.106512	0.078868	0.000000	0.000323	0.000000	0.000000	0.000000	0.000888
231	0.814199	0.106219	0.078369	0.000000	0.000303	0.000000	0.000000	0.000000	0.000910
232	0.814267	0.105988	0.078550	0.000000	0.000313	0.000000	0.000000	0.000000	0.000882
233	0.813939	0.106294	0.078589	0.000000	0.000283	0.000000	0.000000	0.000000	0.000895
234	0.813984	0.106200	0.078628	0.000000	0.000270	0.000000	0.000000	0.000000	0.000918
235	0.814036	0.106312	0.078483	0.000000	0.000268	0.000000	0.000000	0.000000	0.000901
236	0.814126	0.106222	0.078507	0.000000	0.000266	0.000000	0.000000	0.000000	0.000879
237	0.813801	0.106174	0.078882	0.000000	0.000289	0.000000	0.000000	0.000000	0.000854
238	0.813541	0.106339	0.078984	0.000000	0.000277	0.000000	0.000000	0.000000	0.000859
239	0.814172	0.106235	0.078535	0.000000	0.000281	0.000000	0.000000	0.000000	0.000777
240	0.813665	0.106664	0.078612	0.000000	0.000276	0.000000	0.000000	0.000000	0.000783
241	0.813831	0.106381	0.078775	0.000000	0.000251	0.000000	0.000000	0.000000	0.000762
242	0.814073	0.106353	0.078547	0.000000	0.000267	0.000000	0.000000	0.000000	0.000760
243	0.813762	0.106834	0.078396	0.000000	0.000275	0.000000	0.000000	0.000000	0.000733
244	0.814513	0.106215	0.078325	0.000000	0.000264	0.000000	0.000000	0.000000	0.000683
245	0.814255	0.106484	0.078260	0.000000	0.000264	0.000000	0.000000	0.000000	0.000737
246	0.814364	0.106460	0.078190	0.000000	0.000240	0.000000	0.000000	0.000000	0.000746
247	0.814102	0.106786	0.078150	0.000000	0.000245	0.000000	0.000000	0.000000	0.000717
248	0.814754	0.106614	0.077677	0.000000	0.000251	0.000000	0.000000	0.000000	0.000704
249	0.814487	0.106886	0.077623	0.000000	0.000268	0.000000	0.000000	0.000000	0.000736
250	0.814562	0.106741	0.077753	0.000000	0.000250	0.000000	0.000000	0.000000	0.000694
251	0.814861	0.106500	0.077714	0.000000	0.000249	0.000000	0.000000	0.000000	0.000676
252	0.814854	0.106136	0.078113	0.000000	0.000257	0.000000	0.000000	0.000000	0.000640
253	0.814678	0.106578	0.077828	0.000000	0.000250	0.000000	0.000000	0.000000	0.000666
254	0.814634	0.106478	0.078005	0.000000	0.000258	0.000000	0.000000	0.000000	0.000625
255	0.814470	0.106341	0.078305	0.000000	0.000251	0.000000	0.000000	0.000000	0.000633
256	0.814561	0.106692	0.077882	0.000000	0.000252	0.000000	0.000000	0.000000	0.000613
257	0.814069	0.106877	0.078216	0.000000	0.000246	0.000000	0.000000	0.000000	0.000592
258	0.814232	0.106501	0.078451	0.000000	0.000249	0.000000	0.000000	0.000000	0.000567
259	0.814503	0.106405	0.078267	0.000000	0.000247	0.000000	0.000000	0.000000	0.000578
260	0.814500	0.106306	0.078403	0.000000	0.000254	0.000000	0.000000	0.000000	0.000537
261	0.814575	0.106275	0.078419	0.000000	0.000236	0.000000	0.000000	0.000000	0.000495
262	0.814341	0.106184	0.078788	0.000000	0.000222	0.000000	0.000000	0.000000	0.000465
263	0.814632	0.106093	0.078611	0.000000	0.000211	0.000000	0.000000	0.000000	0.000453
264	0.814352	0.106212	0.078774	0.000000	0.000214	0.000000	0.000000	0.000000	0.000448
265	0.813770	0.106539	0.079029	0.000000	0.000229	0.000000	0.000000	0.000000	0.000433
266	0.813481	0.106824	0.079059	0.000000	0.000222	0.000000	0.000000	0.000000	0.000414
267	0.813038	0.106913	0.079450	0.000000	0.000224	0.000000	0.000000	0.000000	0.000375
268	0.812892	0.107032	0.079491	0.000000	0.000216	0.000000	0.000000	0.000000	0.000369
269	0.812377	0.107182	0.079892	0.000000	0.000226	0.000000	0.000000	0.000000	0.000323
270	0.812386	0.107196	0.079853	0.000000	0.000222	0.000000	0.000000	0.000000	0.000343
271	0.812129	0.107308	0.080000	0.000000	0.000208	0.000000	0.000000	0.000000	0.000355
272	0.812051	0.107761	0.079638	0.000000	0.000208	0.000000	0.000000	0.000000	0.000342
273	0.811972	0.108088	0.079441	0.000000	0.000188	0.000000	0.000000	0.000000	0.000311
274	0.811644	0.107974	0.079881	0.000000	0.000186	0.000000	0.000000	0.000000	0.000315
275	0.811603	0.107885	0.080022	0.000000	0.000181	0.000000	0.000000	0.000000	0.000309
276	0.811960	0.107651	0.079902	0.000000	0.000185	0.000000	0.000000	0.000000	0.000302
277	0.812415	0.107753	0.079357	0.000000	0.000195	0.000000	0.000000	0.000000	0.000280
278	0.812181	0.108028	0.079328	0.000000	0.000220	0.000000	0.000000	0.000000	0.000243
279	0.812399	0.107992	0.079161	0.000000	0.000199	0.000000	0.000000	0.000000	0.000249
280	0.811882	0.108207	0.079450	0.000000	0.000208	0.000000	0.000000	0.000000	0.000253
281	0.811826	0.108484	0.079295	0.000000	0.000177	0.000000	0.000000	0.000000	0.000218
282	0.812242	0.108663	0.078693	0.000000	0.000183	0.000000	0.000000	0.000000	0.000219
283	0.812059	0.108642	0.078902	0.000000	0.000169	0.000000	0.000000	0.000000	0.000228
284	0.812285	0.108789	0.078527	0.000000	0.000164	0.000000	0.000000	0.000000	0.000235
285	0.811945	0.108920	0.078735	0.000000	0.000174	0.000000	0.000000	0.000000	0.000226
286	0.811604	0.109110	0.078892	0.000000	0.000169	0.000000	0.000000	0.000000	0.000225
287	0.811914	0.108832	0.078895	0.000000	0.000154	0.000000	0.000000	0.000000	0.000205
288	0.812135	0.108466	0.079025	0.000000	0.000144	0.000000	0.000000	0.000000	0.000230
289	0.812657	0.108008	0.078939	0.000000	0.000162	0.000000	0.000000	0.000000	0.000234
290	0.812985	0.107829	0.078824	0.000000	0.000133	0.000000	0.000000	0.000000	0.000229
291	0.813384	0.107411	0.078835	0.000000	0.000137	0.000000	0.000000	0.000000	0.000233
292	0.813221	0.107578	0.078831	0.000000	0.000143	0.000000	0.000000	0.000000	0.000227
293	0.813063	0.107697	0.078896	0.000000	0.000139	0.000000	0.000000	0.000000	0.000205
294	0.813765	0.107329	0.078582	0.000000	0.000134	0.000000	0.000000	0.000000	0.000190
295	0.813701	0.107478	0.078509	0.000000	0.000135	0.000000	0.000000	0.000000	0.000177
296	0.813444	0.107622	0.078664	0.000000	0.000112	0.000000	0.000000	0.000000	0.000158
297	0.813278	0.107924	0.078544	0.000000	0.000108	0.000000	0.000000	0.000000	0.000146
298	0.813091	0.107869	0.078797	0.000000	0.000107	0.000000	0.000000	0.000000	0.000136
299	0.813343	0.107455	0.078967	0.000000	0.000085	0.000000	0.000000	0.000000	0.000150
300	0.813456	0.107626	0.078701	0.000000	0.000078	0.000000	0.000000	0.000000	0.000139
301	0.813600	0.107534	0.078650	0.000000	0.000073	0.000000	0.000000	0.000000	0.000143
302	0.813907	0.107235	0.078643	0.000000	0.000083	0.000000	0.000000	0.000000	0.000132
303	0.813357	0.107510	0.078942	0.000000	0.000066	0.000000	0.000000	0.000000	0.000125
304	0.813317	0.107433	0.079078	0.000000	0.000064	0.000000	0.000000	0.000000	0.000108
305	0.813744	0.107219	0.078849	0.000000	0.000077	0.000000	0.000000	0.000000	0.000111
306	0.814157	0.107195	0.078483	0.000000	0.000074	0.000000	0.000000	0.000000	0.000091
307	0.814045	0.107278	0.078494	0.000000	0.000081	0.000000	0.000000	0.000000	0.000102
308	0.814395	0.106871	0.078565	0.000000	0.000073	0.000000	0.000000	0.000000	0.000096
309	0.814293	0.106679	0.078845	0.000000	0.000090	0.000000	0.000000	0.000000	0.000093
310	0.814382	0.106672	0.078782	0.000000	0.000075	0.000000	0.000000	0.000000	0.000089
311	0.814342	0.106361	0.079131	0.000000	0.000079	0.000000	0.000000	0.000000	0.000087
312	0.814260	0.106467	0.079108	0.000000	0.000076	0.000000	0.000000	0.000000	0.000089
313	0.814282	0.106556	0.078998	0.000000	0.000068	0.000000	0.000000	0.000000	0.000096
314	0.814556	0.106483	0.078784	0.000000	0.000082	0.000000	0.000000	0.000000	0.000095
315	0.814386	0.106507	0.078932	0.000000	0.000078	0.000000	0.000000	0.000000	0.000097
316	0.814436	0.106465	0.078937	0.000000	0.000071	0.000000	0.000000	0.000000	0.000091
317	0.814290	0.106772	0.078794	0.000000	0.000057	0.000000	0.000000	0.000000	0.000087
318	0.814296	0.106651	0.078909	0.000000	0.000052	0.000000	0.000000	0.000000	0.000092
319	0.814783	0.106332	0.078751	0.000000	0.000052	0.000000	0.000000	0.000000	0.000082
320	0.814686	0.106255	0.078934	0.000000	0.000050	0.000000	0.000000	0.000000	0.000075
321	0.814595	0.106022	0.079267	0.000000	0.000047	0.000000	0.000000	0.000000	0.000069
322	0.814744	0.106048	0.079103	0.000000	0.000044	0.000000	0.000000	0.000000	0.000061
323	0.814335	0.106278	0.079278	0.000000	0.000047	0.000000	0.000000	0.000000	0.000062
324	0.815036	0.106020	0.078839	0.000000	0.000047	0.000000	0.000000	0.000000	0.000058
325	0.815194	0.106065	0.078648	0.000000	0.000052	0.000000	0.000000	0.000000	0.000041
326	0.815017	0.106013	0.078875	0.000000	0.000052	0.000000	0.000000	0.000000	0.000043
327	0.814513	0.106177	0.079212	0.000000	0.000058	0.000000	0.000000	0.000000	0.000040
328	0.814872	0.106209	0.078828	0.000000	0.000056	0.000000	0.000000	0.000000	0.000035
329	0.814881	0.106161	0.078860	0.000000	0.000053	0.000000	0.000000	0.000000	0.000045
330	0.814803	0.106424	0.078686	0.000000	0.000049	0.000000	0.000000	0.000000	0.000038
331	0.814197	0.106714	0.079009	0.000000	0.000039	0.000000	0.000000	0.000000	0.000041
332	0.814080	0.106864	0.078978	0.000000	0.000036	0.000000	0.000000	0.000000	0.000042
333	0.814421	0.106792	0.078690	0.000000	0.000045	0.000000	0.000000	0.000000	0.000052
334	0.813796	0.107337	0.078769	0.000000	0.000044	0.000000	0.000000	0.000000	0.000054
335	0.814142	0.106861	0.078897	0.000000	0.000046	0.000000	0.000000	0.000000	0.000054
336	0.814036	0.107134	0.078747	0.000000	0.000037	0.000000	0.000000	0.000000	0.000046
337	0.814132	0.106906	0.078877	0.000000	0.000044	0.000000	0.000000	0.000000	0.000041
338	0.814176	0.107002	0.078734	0.000000	0.000041	0.000000	0.000000	0.000000	0.000047
339	0.814158	0.106990	0.078774	0.000000	0.000041	0.000000	0.000000	0.000000	0.000037
340	0.813811	0.107000	0.079113	0.000000	0.000040	0.000000	0.000000	0.000000	0.000036
341	0.813540	0.107160	0.079238	0.000000	0.000032	0.000000	0.000000	0.000000	0.000030
342	0.813223	0.107577	0.079120	0.000000	0.000043	0.000000	0.000000	0.000000	0.000037
343	0.813621	0.107088	0.079201	0.000000	0.000051	0.000000	0.000000	0.000000	0.000039
344	0.813911	0.106761	0.079238	0.000000	0.000046	0.000000	0.000000	0.000000	0.000044
345	0.813807	0.106979	0.079139	0.000000	0.000037	0.000000	0.000000	0.000000	0.000038
346	0.813612	0.106998	0.079326	0.000000	0.000030	0.000000	0.000000	0.000000	0.000034
347	0.814178	0.106701	0.079054	0.000000	0.000034	0.000000	0.000000	0.000000	0.000033
348	0.814032	0.106794	0.079110	0.000000	0.000035	0.000000	0.000000	0.000000	0.000029
349	0.813884	0.106402	0.079654	0.000000	0.000029	0.000000	0.000000	0.000000	0.000031
350	0.814180	0.106264	0.079488	0.000000	0.000036	0.000000	0.000000	0.000000	0.000032
351	0.814531	0.106164	0.079254	0.000000	0.000024	0.000000	0.000000	0.000000	0.000027
352	0.814149	0.106295	0.079520	0.000000	0.000024	0.000000	0.000000	0.000000	0.000012
353	0.814240	0.105936	0.079786	0.000000	0.000023	0.000000	0.000000	0.000000	0.000015
354	0.814371	0.105757	0.079835	0.000000	0.000025	0.000000	0.000000	0.000000	0.000012
355	0.813839	0.106254	0.079868	0.000000	0.000024	0.000000	0.000000	0.000000	0.000015
356	0.813703	0.106208	0.080047	0.000000	0.000031	0.000000	0.000000	0.000000	0.000011
357	0.813550	0.106407	0.079997	0.000000	0.000036	0.000000	0.000000	0.000000	0.000010
358	0.813748	0.106484	0.079722	0.000000	0.000033	0.000000	0.000000	0.000000	0.000013
359	0.813594	0.106484	0.079884	0.000000	0.000026	0.000000	0.000000	0.000000	0.000012
360	0.813782	0.106313	0.079870	0.000000	0.000025	0.000000	0.000000	0.000000	0.000010
361	0.813628	0.106210	0.080125	0.000000	0.000027	0.000000	0.000000	0.000000	0.000010
362	0.814141	0.105982	0.079846	0.000000	0.000019	0.000000	0.000000	0.000000	0.000012
363	0.814119	0.106006	0.079848	0.000000	0.000017	0.000000	0.000000	0.000000	0.000010
364	0.813756	0.106474	0.079748	0.000000	0.000013	0.000000	0.000000	0.000000	0.000009
365	0.813532	0.106767	0.079673	0.000000	0.000022	0.000000	0.000000	0.000000	0.000006
366	0.813321	0.106719	0.079931	0.000000	0.000021	0.000000	0.000000	0.000000	0.000008
367	0.812989	0.106826	0.080159	0.000000	0.000020	0.000000	0.000000	0.000000	0.000006
368	0.813661	0.106410	0.079900	0.000000	0.000025	0.000000	0.000000	0.000000	0.000004
369	0.813776	0.106227	0.079971	0.000000	0.000020	0.000000	0.000000	0.000000	0.000006
370	0.813552	0.106310	0.080112	0.000000	0.000022	0.000000	0.000000	0.000000	0.000004
371	0.813886	0.106144	0.079949	0.000000	0.000019	0.000000	0.000000	0.000000	0.000002
372	0.813874	0.106166	0.079941	0.000000	0.000015	0.000000	0.000000	0.000000	0.000004
373	0.813658	0.106414	0.079909	0.000000	0.000014	0.000000	0.000000	0.000000	0.000005
374	0.813555	0.106162	0.080271	0.000000	0.000011	0.000000	0.000000	0.000000	0.000001
375	0.813200	0.106303	0.080483	0.000000	0.000013	0.000000	0.000000	0.000000	0.000001
376	0.813415	0.106073	0.080498	0.000000	0.000012	0.000000	0.000000	0.000000	0.000002
377	0.813370	0.106130	0.080489	0.000000	0.000010	0.000000	0.000000	0.000000	0.000001
378	0.812883	0.106161	0.080944	0.000000	0.000011	0.000000	0.000000	0.000000	0.000001
379	0.813190	0.105970	0.080828	0.000000	0.000012	0.000000	0.000000	0.000000	0.000000
380	0.813272	0.105742	0.080974	0.000000	0.000012	0.000000	0.000000	0.000000	0.000000
381	0.812901	0.105905	0.081184	0.000000	0.000010	0.000000	0.000000	0.000000	0.000000
382	0.813058	0.105724	0.081205	0.000000	0.000013	0.000000	0.000000	0.000000	0.000000
383	0.813030	0.105723	0.081239	0.000000	0.000008	0.000000	0.000000	0.000000	0.000000
384	0.812992	0.105657	0.081343	0.000000	0.000008	0.000000	0.000000	0.000000	0.000000
385	0.812729	0.105843	0.081424	0.000000	0.000004	0.000000	0.000000	0.000000	0.000000
386	0.812543	0.106105	0.081351	0.000000	0.000001	0.000000	0.000000	0.000000	0.000000
387	0.812703	0.106455	0.080842	0.000000	0.000000	0.000000	0.000000	0.000000	0.000000
388	0.812991	0.105864	0.081144	0.000000	0.000001	0.000000	0.000000	0.000000	0.000000
389	0.812687	0.105982	0.081330	0.000000	0.000001	0.000000	0.000000	0.000000	0.000000
390	0.812471	0.106157	0.081372	0.000000	0.000000	0.000000	0.000000	0.000000	0.000000
391	0.813116	0.105659	0.081225	0.000000	0.000000	0.000000	0.000000	0.000000	0.000000
392	0.812514	0.105768	0.081718	0.000000	0.000000	0.000000	0.000000	0.000000	0.000000
393	0.812759	0.105951	0.081290	0.000000	0.000000	0.000000	0.000000	0.000000	0.000000
394	0.813032	0.105966	0.081002	0.000000	0.000000	0.000000	0.000000	0.000000	0.000000
395	0.812579	0.105986	0.081435	0.000000	0.000000	0.000000	0.000000	0.000000	0.000000
396	0.813055	0.106016	0.080929	0.000000	0.000000	0.000000	0.000000	0.000000	0.000000
397	0.813390	0.105927	0.080683	0.000000	0.000000	0.000000	0.000000	0.000000	0.000000
398	0.813463	0.106138	0.080399	0.000000	0.000000	0.000000	0.000000	0.000000	0.000000
399	0.813282	0.106166	0.080552	0.000000	0.000000	0.000000	0.000000	0.000000	0.000000
400	0.813425	0.106214	0.080361	0.000000	0.000000	0.000000	0.000000	0.000000	0.000000
401	0.813159	0.106328	0.080513	0.000000	0.000000	0.000000	0.000000	0.000000	0.000000
402	0.813278	0.106305	0.080417	0.000000	0.000000	0.000000	0.000000	0.000000	0.000000
403	0.813434	0.105898	0.080668	0.000000	0.000000	0.000000	0.000000	0.000000	0.000000
404	0.813308	0.105557	0.081135	0.000000	0.000000	0.000000	0.000000	0.000000	0.000000
405	0.813583	0.105479	0.080938	0.000000	0.000000	0.000000	0.000000	0.000000	0.000000
406	0.813179	0.105724	0.081097	0.000000	0.000000	0.000000	0.000000	0.000000	0.000000
407	0.813384	0.105686	0.080930	0.000000	0.000000	0.000000	0.000000	0.000000	0.000000
408	0.813184	0.105612	0.081204	0.000000	0.000000	0.000000	0.000000	0.000000	0.000000
409	0.813623	0.105635	0.080742	0.000000	0.000000	0.000000	0.000000	0.000000	0.000000
410	0.813255	0.105560	0.081185	0.000000	0.000000	0.000000	0.000000	0.000000	0.000000
411	0.813245	0.105433	0.081322	0.000000	0.000000	0.000000	0.000000	0.000000	0.000000
412	0.813418	0.105249	0.081333	0.000000	0.000000	0.000000	0.000000	0.000000	0.000000
413	0.813499	0.105213	0.081288	0.000000	0.000000	0.000000	0.000000	0.000000	0.000000
414	0.812660	0.105504	0.081836	0.000000	0.000000	0.000000	0.000000	0.000000	0.000000
415	0.813255	0.105427	0.081318	0.000000	0.000000	0.000000	0.000000	0.000000	0.000000
416	0.813067	0.105311	0.081622	0.000000	0.000000	0.000000	0.000000	0.000000	0.000000
417	0.813041	0.105405	0.081554	0.000000	0.000000	0.000000	0.000000	0.000000	0.000000
418	0.812836	0.105551	0.081613	0.000000	0.000000	0.000000	0.000000	0.000000	0.000000
419	0.813188	0.105188	0.081624	0.000000	0.000000	0.000000	0.000000	0.000000	0.000000
420	0.812723	0.105580	0.081697	0.000000	0.000000	0.000000	0.000000	0.000000	0.000000
421	0.813030	0.105180	0.081790	0.000000	0.000000	0.000000	0.000000	0.000000	0.000000
422	0.812782	0.105356	0.081862	0.000000	0.000000	0.000000	0.000000	0.000000	0.000000
423	0.812401	0.105067	0.082532	0.000000	0.000000	0.000000	0.000000	0.000000	0.000000
424	0.812612	0.104674	0.082714	0.000000	0.000000	0.000000	0.000000	0.000000	0.000000
425	0.813160	0.104394	0.082446	0.000000	0.000000	0.000000	0.000000	0.000000	0.000000
426	0.813283	0.104134	0.082583	0.000000	0.000000	0.000000	0.000000	0.000000	0.000000
427	0.813385	0.104354	0.082261	0.000000	0.000000	0.000000	0.000000	0.000000	0.000000
428	0.813173	0.104389	0.082438	0.000000	0.000000	0.000000	0.000000	0.000000	0.000000
429	0.813908	0.103892	0.082200	0.000000	0.000000	0.000000	0.000000	0.000000	0.000000
430	0.813759	0.104022	0.082219	0.000000	0.000000	0.000000	0.000000	0.000000	0.000000
431	0.813603	0.104364	0.082033	0.000000	0.000000	0.000000	0.000000	0.000000	0.000000
432	0.813764	0.104381	0.081855	0.000000	0.000000	0.000000	0.000000	0.000000	0.000000
433	0.813895	0.104364	0.081741	0.000000	0.000000	0.000000	0.000000	0.000000	0.000000
434	0.813917	0.104320	0.081763	0.000000	0.000000	0.000000	0.000000	0.000000	0.000000
435	0.814668	0.103903	0.081429	0.000000	0.000000	0.000000	0.000000	0.000000	0.000000
436	0.814568	0.104103	0.081329	0.000000	0.000000	0.000000	0.000000	0.000000	0.000000
437	0.814417	0.104160	0.081423	0.000000	0.000000	0.000000	0.000000	0.000000	0.000000
438	0.814429	0.104094	0.081477	0.000000	0.000000	0.000000	0.000000	0.000000	0.000000
439	0.814635	0.103671	0.081694	0.000000	0.000000	0.000000	0.000000	0.000000	0.000000
440	0.814860	0.103476	0.081664	0.000000	0.000000	0.000000	0.000000	0.000000	0.000000
441	0.814656	0.103488	0.081856	0.000000	0.000000	0.000000	0.000000	0.000000	0.000000
442	0.815050	0.103464	0.081486	0.000000	0.000000	0.000000	0.000000	0.000000	0.000000
443	0.814900	0.103438	0.081662	0.000000	0.000000	0.000000	0.000000	0.000000	0.000000
444	0.814901	0.103564	0.081535	0.000000	0.000000	0.000000	0.000000	0.000000	0.000000
445	0.815608	0.102854	0.081538	0.000000	0.000000	0.000000	0.000000	0.000000	0.000000
446	0.815478	0.103002	0.081520	0.000000	0.000000	0.000000	0.000000	0.000000	0.000000
447	0.816041	0.102714	0.081245	0.000000	0.000000	0.000000	0.000000	0.000000	0.000000
448	0.816143	0.102494	0.081363	0.000000	0.000000	0.000000	0.000000	0.000000	0.000000
449	0.816009	0.102661	0.081330	0.000000	0.000000	0.000000	0.000000	0.000000	0.000000
450	0.816023	0.102626	0.081351	0.000000	0.000000	0.000000	0.000000	0.000000	0.000000
451	0.816180	0.102812	0.081008	0.000000	0.000000	0.000000	0.000000	0.000000	0.000000
452	0.816282	0.102884	0.080834	0.000000	0.000000	0.000000	0.000000	0.000000	0.000000
453	0.816150	0.103110	0.080740	0.000000	0.000000	0.000000	0.000000	0.000000	0.000000
454	0.816461	0.102534	0.081005	0.000000	0.000000	0.000000	0.000000	0.000000	0.000000
455	0.815399	0.102992	0.081609	0.000000	0.000000	0.000000	0.000000	0.000000	0.000000
456	0.815807	0.103110	0.081083	0.000000	0.000000	0.000000	0.000000	0.000000	0.000000
457	0.815887	0.103028	0.081085	0.000000	0.000000	0.000000	0.000000	0.000000	0.000000
458	0.815695	0.103184	0.081121	0.000000	0.000000	0.000000	0.000000	0.000000	0.000000
459	0.815609	0.103143	0.081248	0.000000	0.000000	0.000000	0.000000	0.000000	0.000000
460	0.815452	0.103200	0.081348	0.000000	0.000000	0.000000	0.000000	0.000000	0.000000
461	0.815234	0.103407	0.081359	0.000000	0.000000	0.000000	0.000000	0.000000	0.000000
462	0.815461	0.103371	0.081168	0.000000	0.000000	0.000000	0.000000	0.000000	0.000000
463	0.814969	0.103730	0.081301	0.000000	0.000000	0.000000	0.000000	0.000000	0.000000
464	0.815094	0.103685	0.081221	0.000000	0.000000	0.000000	0.000000	0.000000	0.000000
465	0.815217	0.103792	0.080991	0.000000	0.000000	0.000000	0.000000	0.000000	0.000000
466	0.815015	0.104110	0.080875	0.000000	0.000000	0.000000	0.000000	0.000000	0.000000
467	0.814800	0.104187	0.081013	0.000000	0.000000	0.000000	0.000000	0.000000	0.000000
468	0.815115	0.104161	0.080724	0.000000	0.000000	0.000000	0.000000	0.000000	0.000000
469	0.815164	0.104255	0.080581	0.000000	0.000000	0.000000	0.000000	0.000000	0.000000
470	0.815251	0.104280	0.080469	0.000000	0.000000	0.000000	0.000000	0.000000	0.000000
