0	0.290663	0.057897	0.229473	0.157588	0.029913	0.111872	0.085455	0.012259	0.024880
1	0.223309	0.046136	0.192576	0.143325	0.029476	0.123976	0.124162	0.023802	0.093238
2	0.215765	0.043542	0.185878	0.140615	0.030504	0.122209	0.129452	0.024739	0.107296
3	0.214092	0.041985	0.181555	0.139129	0.032135	0.119309	0.131783	0.024369	0.115643
4	0.213532	0.040488	0.177836	0.137623	0.034071	0.116304	0.132773	0.023876	0.123497
5	0.213939	0.039261	0.173728	0.136166	0.035918	0.113185	0.133536	0.023329	0.130938
6	0.214683	0.038124	0.169286	0.135642	0.037990	0.109073	0.134180	0.022723	0.138299
7	0.215382	0.036795	0.165014	0.134344	0.040543	0.105412	0.134133	0.022135	0.146242
8	0.216588	0.035620	0.161128	0.133326	0.043214	0.101298	0.134038	0.021225	0.153563
9	0.218270	0.034406	0.156526	0.132189	0.045890	0.097640	0.133616	0.020544	0.160919
10	0.219364	0.033240	0.152527	0.130509	0.048898	0.094266	0.133576	0.019968	0.167652
11	0.219858	0.032177	0.148262	0.129264	0.052175	0.090703	0.133018	0.019268	0.175275
12	0.220875	0.031285	0.143766	0.128268	0.055417	0.087229	0.132039	0.018647	0.182474
13	0.222598	0.030382	0.139434	0.127127	0.058950	0.083564	0.130756	0.018018	0.189171
14	0.222855	0.029208	0.135118	0.126067	0.062664	0.080424	0.130044	0.017237	0.196383
15	0.223588	0.028168	0.130668	0.125230	0.066515	0.077030	0.128724	0.016813	0.203264
16	0.223893	0.027110	0.126556	0.123867	0.070584	0.073514	0.127668	0.015959	0.210849
17	0.224612	0.026240	0.122999	0.122322	0.074622	0.070527	0.126184	0.015342	0.217152
18	0.225648	0.025183	0.118819	0.120856	0.079424	0.067279	0.124640	0.014666	0.223485
19	0.226585	0.024248	0.114424	0.119679	0.084004	0.064196	0.122633	0.014085	0.230146
20	0.226674	0.023426	0.109716	0.118678	0.088748	0.061562	0.121060	0.013587	0.236549
21	0.227460	0.022390	0.105583	0.117205	0.093390	0.058913	0.119243	0.013113	0.242703
22	0.227252	0.021365	0.101261	0.116619	0.098887	0.056192	0.117479	0.012653	0.248292
23	0.227751	0.020633	0.097326	0.115154	0.104243	0.053705	0.115544	0.012021	0.253623
24	0.227838	0.019707	0.093498	0.114557	0.109922	0.050866	0.113615	0.011394	0.258603
25	0.227855	0.018871	0.089414	0.113461	0.115432	0.048731	0.111428	0.010866	0.263942
26	0.227228	0.018095	0.085588	0.112588	0.121605	0.046471	0.109285	0.010385	0.268755
27	0.226684	0.017186	0.081983	0.111806	0.127693	0.044674	0.106909	0.009873	0.273192
28	0.226063	0.016295	0.078222	0.110946	0.134131	0.043056	0.104398	0.009284	0.277605
29	0.224880	0.015672	0.075016	0.110004	0.140343	0.040797	0.102204	0.008901	0.282183
30	0.223988	0.014989	0.071357	0.109070	0.146874	0.038949	0.099736	0.008419	0.286618
31	0.222898	0.014310	0.068435	0.107986	0.153285	0.037280	0.097447	0.008015	0.290344
32	0.221661	0.013680	0.065031	0.106738	0.160081	0.035826	0.094947	0.007640	0.294396
33	0.220756	0.012977	0.061619	0.105857	0.167066	0.034158	0.092612	0.007297	0.297658
34	0.219032	0.012347	0.058999	0.104686	0.174497	0.032473	0.090266	0.007016	0.300684
35	0.217304	0.011777	0.056162	0.103740	0.182116	0.031086	0.087677	0.006660	0.303478
36	0.215283	0.011390	0.053115	0.103216	0.189647	0.029788	0.085313	0.006427	0.305821
37	0.213257	0.010782	0.050539	0.102565	0.197759	0.028294	0.083453	0.006077	0.307274
38	0.210969	0.010090	0.047710	0.101744	0.206189	0.027271	0.080840	0.005763	0.309424
39	0.208943	0.009596	0.045129	0.100722	0.214621	0.025904	0.078550	0.005556	0.310979
40	0.206746	0.009180	0.042397	0.099566	0.223127	0.024690	0.075880	0.005318	0.313096
41	0.204702	0.008647	0.040202	0.098831	0.231782	0.023631	0.073715	0.005031	0.313459
42	0.202155	0.008179	0.038071	0.098000	0.240304	0.022496	0.071031	0.004913	0.314851
43	0.199218	0.007838	0.036073	0.097299	0.248861	0.021518	0.068904	0.004652	0.315637
44	0.197180	0.007424	0.033942	0.096764	0.258039	0.020577	0.066312	0.004364	0.315398
45	0.194497	0.007076	0.031782	0.095985	0.267212	0.019736	0.064417	0.004135	0.315160
46	0.191045	0.006741	0.029973	0.095653	0.276179	0.018980	0.062101	0.003971	0.315357
47	0.188483	0.006522	0.027936	0.094888	0.285187	0.018408	0.059888	0.003600	0.315088
48	0.185424	0.006168	0.026495	0.094275	0.294599	0.017719	0.058009	0.003438	0.313873
49	0.182284	0.005913	0.024687	0.093838	0.303886	0.017125	0.056041	0.003308	0.312918
50	0.178718	0.005722	0.023037	0.093577	0.313699	0.016498	0.053620	0.003076	0.312053
51	0.175783	0.005384	0.021442	0.092761	0.323641	0.015984	0.052105	0.002923	0.309977
52	0.172307	0.005126	0.020107	0.092265	0.333150	0.015440	0.050207	0.002695	0.308703
53	0.168922	0.004971	0.018887	0.091999	0.342800	0.015023	0.048477	0.002501	0.306420
54	0.165236	0.004632	0.017974	0.091664	0.352660	0.014724	0.046570	0.002350	0.304190
55	0.161666	0.004354	0.016892	0.091425	0.362549	0.014214	0.044760	0.002225	0.301915
56	0.158402	0.004094	0.015689	0.091151	0.372482	0.013608	0.042959	0.002140	0.299475
57	0.154882	0.003875	0.014582	0.090404	0.382828	0.013242	0.041140	0.002048	0.296999
58	0.151418	0.003660	0.013613	0.089894	0.392974	0.012910	0.039420	0.002013	0.294098
59	0.147617	0.003468	0.012564	0.089711	0.402950	0.012382	0.037842	0.001861	0.291605
60	0.143870	0.003232	0.011869	0.089343	0.413589	0.011917	0.036076	0.001785	0.288319
61	0.139952	0.002988	0.011058	0.089227	0.423991	0.011615	0.034920	0.001722	0.284527
62	0.136109	0.002779	0.010458	0.089248	0.434176	0.011163	0.033338	0.001608	0.281121
63	0.132553	0.002624	0.009940	0.089012	0.444023	0.010924	0.032063	0.001548	0.277313
64	0.129180	0.002462	0.009240	0.088854	0.453753	0.010513	0.030657	0.001468	0.273873
65	0.125397	0.002340	0.008564	0.088985	0.464096	0.010110	0.029329	0.001379	0.269800
66	0.121232	0.002179	0.008035	0.089020	0.473874	0.009904	0.028062	0.001312	0.266382
67	0.117191	0.002069	0.007469	0.088964	0.484111	0.009681	0.026901	0.001250	0.262364
68	0.113331	0.001882	0.006972	0.088895	0.494263	0.009314	0.025705	0.001117	0.258521
69	0.109538	0.001801	0.006487	0.089204	0.503774	0.009280	0.024591	0.001083	0.254242
70	0.106062	0.001677	0.006046	0.089064	0.513865	0.009019	0.023243	0.001001	0.250023
71	0.102472	0.001563	0.005563	0.089352	0.522977	0.008956	0.022118	0.000948	0.246051
72	0.098941	0.001482	0.005177	0.089457	0.532425	0.008842	0.020950	0.000877	0.241849
73	0.095723	0.001406	0.004845	0.089165	0.542293	0.008571	0.019959	0.000821	0.237217
74	0.092118	0.001342	0.004520	0.089247	0.552031	0.008271	0.019103	0.000761	0.232607
75	0.088450	0.001272	0.004206	0.088968	0.561728	0.008185	0.018182	0.000715	0.228294
76	0.085129	0.001214	0.003917	0.089336	0.571432	0.007941	0.017313	0.000673	0.223045
77	0.081852	0.001206	0.003602	0.089460	0.581107	0.007769	0.016384	0.000640	0.217980
78	0.078918	0.001101	0.003333	0.089533	0.590136	0.007575	0.015500	0.000617	0.213287
79	0.075927	0.001086	0.003109	0.089528	0.599228	0.007413	0.014878	0.000579	0.208252
80	0.072766	0.001051	0.002984	0.089514	0.608088	0.007425	0.014090	0.000499	0.203583
81	0.069735	0.001002	0.002792	0.089644	0.616970	0.007170	0.013461	0.000506	0.198720
82	0.066875	0.000963	0.002483	0.089661	0.625380	0.007123	0.012664	0.000488	0.194363
83	0.063847	0.000886	0.002290	0.089900	0.634196	0.006985	0.012130	0.000461	0.189305
84	0.061083	0.000800	0.002123	0.089545	0.642649	0.006968	0.011569	0.000391	0.184872
85	0.058768	0.000756	0.002011	0.089828	0.650389	0.006853	0.010900	0.000345	0.180150
86	0.056012	0.000688	0.001791	0.090102	0.658817	0.006694	0.010233	0.000324	0.175339
87	0.053633	0.000628	0.001626	0.090264	0.666831	0.006732	0.009776	0.000313	0.170197
88	0.051152	0.000565	0.001508	0.090334	0.674510	0.006522	0.009280	0.000277	0.165852
89	0.048759	0.000538	0.001397	0.090505	0.682010	0.006571	0.008732	0.000268	0.161220
90	0.046335	0.000492	0.001319	0.090455	0.689840	0.006507	0.008200	0.000253	0.156599
91	0.044158	0.000406	0.001226	0.090600	0.697231	0.006251	0.007625	0.000226	0.152277
92	0.041807	0.000374	0.001110	0.090773	0.704805	0.006228	0.007269	0.000217	0.147417
93	0.039678	0.000341	0.001037	0.091004	0.711691	0.006106	0.006874	0.000189	0.143080
94	0.037751	0.000321	0.000975	0.090698	0.718944	0.006057	0.006412	0.000180	0.138662
95	0.035743	0.000283	0.000904	0.090901	0.725735	0.006070	0.006049	0.000169	0.134146
96	0.033916	0.000263	0.000821	0.090796	0.732730	0.005954	0.005771	0.000140	0.129609
97	0.031906	0.000246	0.000750	0.091072	0.738959	0.006035	0.005403	0.000137	0.125492
98	0.030170	0.000205	0.000694	0.091189	0.745009	0.005996	0.005093	0.000152	0.121492
99	0.028527	0.000193	0.000660	0.091382	0.750869	0.005922	0.004874	0.000140	0.117433
100	0.026961	0.000165	0.000569	0.091535	0.757002	0.005816	0.004544	0.000126	0.113282
101	0.025505	0.000144	0.000508	0.091459	0.762620	0.005770	0.004296	0.000124	0.109574
102	0.024127	0.000150	0.000467	0.091449	0.768358	0.005697	0.004056	0.000111	0.105585
103	0.022637	0.000145	0.000450	0.091438	0.773859	0.005743	0.003907	0.000103	0.101718
104	0.021447	0.000122	0.000435	0.091588	0.778624	0.005755	0.003694	0.000091	0.098244
105	0.020144	0.000120	0.000405	0.092147	0.783221	0.005775	0.003490	0.000084	0.094614
106	0.018961	0.000103	0.000366	0.092527	0.788198	0.005703	0.003264	0.000075	0.090803
107	0.017615	0.000092	0.000340	0.092540	0.793200	0.005691	0.003052	0.000072	0.087398
108	0.016575	0.000080	0.000322	0.092773	0.797777	0.005637	0.002893	0.000063	0.083880
109	0.015457	0.000079	0.000308	0.092668	0.802556	0.005641	0.002720	0.000057	0.080514
110	0.014621	0.000074	0.000265	0.092620	0.807212	0.005519	0.002549	0.000049	0.077091
111	0.013580	0.000057	0.000238	0.092532	0.811676	0.005533	0.002347	0.000042	0.073995
112	0.012830	0.000053	0.000213	0.092451	0.815826	0.005490	0.002211	0.000049	0.070877
113	0.011923	0.000043	0.000185	0.092504	0.819662	0.005468	0.002038	0.000042	0.068135
114	0.011148	0.000044	0.000147	0.092576	0.823503	0.005523	0.001933	0.000043	0.065083
115	0.010381	0.000040	0.000158	0.092526	0.827329	0.005646	0.001758	0.000035	0.062127
116	0.009714	0.000048	0.000132	0.092444	0.830869	0.005643	0.001621	0.000037	0.059492
117	0.009206	0.000038	0.000111	0.092614	0.833744	0.005549	0.001552	0.000027	0.057159
118	0.008569	0.000029	0.000106	0.092823	0.836900	0.005480	0.001461	0.000021	0.054611
119	0.007965	0.000024	0.000097	0.092782	0.840176	0.005391	0.001368	0.000013	0.052184
120	0.007309	0.000019	0.000092	0.092785	0.843014	0.005361	0.001283	0.000016	0.050121
121	0.006805	0.000020	0.000078	0.092855	0.845682	0.005388	0.001215	0.000017	0.047940
122	0.006377	0.000014	0.000082	0.093183	0.848095	0.005281	0.001110	0.000014	0.045844
123	0.005973	0.000017	0.000074	0.093192	0.850715	0.005236	0.001037	0.000013	0.043743
124	0.005590	0.000014	0.000052	0.093264	0.853396	0.005193	0.000965	0.000012	0.041514
125	0.005128	0.000012	0.000045	0.093477	0.855491	0.005273	0.000936	0.000016	0.039622
126	0.004719	0.000015	0.000048	0.093702	0.857883	0.005218	0.000859	0.000012	0.037544
127	0.004306	0.000013	0.000041	0.093621	0.860214	0.005079	0.000780	0.000016	0.035930
128	0.003921	0.000009	0.000037	0.093938	0.862233	0.005058	0.000717	0.000011	0.034076
129	0.003622	0.000009	0.000037	0.093907	0.864266	0.005140	0.000656	0.000005	0.032358
130	0.003354	0.000006	0.000041	0.094264	0.865652	0.005112	0.000626	0.000005	0.030940
131	0.003054	0.000008	0.000032	0.094459	0.867217	0.005172	0.000591	0.000003	0.029464
132	0.002882	0.000004	0.000026	0.094355	0.869133	0.005168	0.000555	0.000003	0.027874
133	0.002686	0.000005	0.000016	0.094562	0.870729	0.005112	0.000505	0.000003	0.026382
134	0.002465	0.000004	0.000012	0.094597	0.872210	0.005189	0.000471	0.000004	0.025048
135	0.002271	0.000005	0.000011	0.094361	0.874007	0.005228	0.000408	0.000003	0.023706
136	0.002094	0.000002	0.000013	0.094624	0.875088	0.005210	0.000380	0.000005	0.022584
137	0.001947	0.000001	0.000014	0.094838	0.876236	0.005158	0.000356	0.000006	0.021444
138	0.001804	0.000000	0.000008	0.094964	0.877431	0.005178	0.000310	0.000005	0.020300
139	0.001703	0.000000	0.000007	0.094767	0.878844	0.005203	0.000272	0.000006	0.019198
140	0.001564	0.000000	0.000004	0.094459	0.880245	0.005223	0.000279	0.000007	0.018219
141	0.001455	0.000000	0.000005	0.094387	0.881500	0.005260	0.000269	0.000009	0.017115
142	0.001379	0.000000	0.000004	0.094044	0.882882	0.005221	0.000225	0.000005	0.016240
143	0.001275	0.000000	0.000003	0.094127	0.883903	0.005161	0.000216	0.000004	0.015311
144	0.001181	0.000000	0.000002	0.094071	0.884943	0.005103	0.000207	0.000002	0.014491
145	0.001063	0.000000	0.000000	0.094070	0.885916	0.005012	0.000178	0.000002	0.013759
146	0.000963	0.000000	0.000000	0.093880	0.886973	0.004964	0.000157	0.000000	0.013063
147	0.000890	0.000000	0.000000	0.094147	0.887596	0.004994	0.000151	0.000000	0.012222
148	0.000798	0.000000	0.000000	0.093823	0.888626	0.005027	0.000139	0.000000	0.011587
149	0.000760	0.000000	0.000000	0.093965	0.889107	0.005006	0.000131	0.000000	0.011031
150	0.000685	0.000000	0.000000	0.093853	0.889899	0.005063	0.000114	0.000000	0.010386
151	0.000624	0.000000	0.000000	0.093636	0.890803	0.005061	0.000119	0.000000	0.009757
152	0.000565	0.000000	0.000000	0.094013	0.891083	0.005052	0.000103	0.000000	0.009184
153	0.000537	0.000000	0.000000	0.093881	0.891763	0.005032	0.000110	0.000000	0.008677
154	0.000448	0.000000	0.000000	0.093620	0.892500	0.005168	0.000112	0.000000	0.008152
155	0.000377	0.000000	0.000000	0.093696	0.892994	0.005129	0.000109	0.000000	0.007695
156	0.000352	0.000000	0.000000	0.093318	0.893880	0.005153	0.000100	0.000000	0.007197
157	0.000335	0.000000	0.000000	0.093121	0.894531	0.005108	0.000106	0.000000	0.006799
158	0.000309	0.000000	0.000000	0.093167	0.894865	0.005116	0.000110	0.000000	0.006433
159	0.000316	0.000000	0.000000	0.093317	0.895223	0.005056	0.000103	0.000000	0.005985
160	0.000285	0.000000	0.000000	0.093311	0.895643	0.005077	0.000094	0.000000	0.005590
161	0.000280	0.000000	0.000000	0.093171	0.896109	0.005088	0.000090	0.000000	0.005262
162	0.000275	0.000000	0.000000	0.093041	0.896669	0.005014	0.000092	0.000000	0.004909
163	0.000230	0.000000	0.000000	0.093205	0.896906	0.004913	0.000079	0.000000	0.004667
164	0.000193	0.000000	0.000000	0.093068	0.897459	0.004887	0.000075	0.000000	0.004318
165	0.000161	0.000000	0.000000	0.093124	0.897829	0.004808	0.000069	0.000000	0.004009
166	0.000138	0.000000	0.000000	0.093062	0.898187	0.004816	0.000059	0.000000	0.003738
167	0.000129	0.000000	0.000000	0.093165	0.898251	0.004839	0.000062	0.000000	0.003554
168	0.000116	0.000000	0.000000	0.093286	0.898368	0.004863	0.000049	0.000000	0.003318
169	0.000121	0.000000	0.000000	0.093583	0.898296	0.004908	0.000050	0.000000	0.003042
170	0.000099	0.000000	0.000000	0.093484	0.898730	0.004870	0.000049	0.000000	0.002768
171	0.000089	0.000000	0.000000	0.093548	0.898880	0.004828	0.000044	0.000000	0.002611
172	0.000076	0.000000	0.000000	0.093422	0.899174	0.004800	0.000049	0.000000	0.002479
173	0.000058	0.000000	0.000000	0.093538	0.899180	0.004851	0.000044	0.000000	0.002329
174	0.000063	0.000000	0.000000	0.093631	0.899314	0.004777	0.000046	0.000000	0.002169
175	0.000070	0.000000	0.000000	0.093493	0.899537	0.004810	0.000034	0.000000	0.002056
176	0.000061	0.000000	0.000000	0.093714	0.899412	0.004846	0.000038	0.000000	0.001929
177	0.000053	0.000000	0.000000	0.093755	0.899444	0.004933	0.000030	0.000000	0.001785
178	0.000051	0.000000	0.000000	0.093689	0.899608	0.004936	0.000024	0.000000	0.001692
179	0.000054	0.000000	0.000000	0.093741	0.899663	0.004915	0.000021	0.000000	0.001606
180	0.000046	0.000000	0.000000	0.093536	0.899980	0.004897	0.000017	0.000000	0.001524
181	0.000045	0.000000	0.000000	0.093465	0.900095	0.004937	0.000014	0.000000	0.001444
182	0.000039	0.000000	0.000000	0.093496	0.900132	0.004957	0.000009	0.000000	0.001367
183	0.000031	0.000000	0.000000	0.093301	0.900394	0.005042	0.000008	0.000000	0.001224
184	0.000031	0.000000	0.000000	0.093401	0.900329	0.005033	0.000007	0.000000	0.001199
185	0.000039	0.000000	0.000000	0.093385	0.900505	0.004956	0.000003	0.000000	0.001112
186	0.000036	0.000000	0.000000	0.093594	0.900302	0.005020	0.000003	0.000000	0.001045
187	0.000034	0.000000	0.000000	0.093932	0.900064	0.005011	0.000001	0.000000	0.000958
188	0.000037	0.000000	0.000000	0.093532	0.900542	0.005004	0.000000	0.000000	0.000885
189	0.000033	0.000000	0.000000	0.093462	0.900682	0.004998	0.000000	0.000000	0.000825
190	0.000038	0.000000	0.000000	0.093568	0.900523	0.005093	0.000000	0.000000	0.000778
191	0.000034	0.000000	0.000000	0.093466	0.900640	0.005113	0.000000	0.000000	0.000747
192	0.000031	0.000000	0.000000	0.093459	0.900708	0.005115	0.000000	0.000000	0.000687
193	0.000031	0.000000	0.000000	0.093351	0.900917	0.005105	0.000000	0.000000	0.000596
194	0.000034	0.000000	0.000000	0.093365	0.900954	0.005094	0.000000	0.000000	0.000553
195	0.000035	0.000000	0.000000	0.093432	0.900925	0.005089	0.000000	0.000000	0.000519
196	0.000033	0.000000	0.000000	0.093330	0.901072	0.005090	0.000000	0.000000	0.000475
197	0.000037	0.000000	0.000000	0.093389	0.900994	0.005148	0.000000	0.000000	0.000432
198	0.000039	0.000000	0.000000	0.093069	0.901323	0.005192	0.000000	0.000000	0.000377
199	0.000037	0.000000	0.000000	0.093146	0.901303	0.005170	0.000000	0.000000	0.000344
200	0.000035	0.000000	0.000000	0.092999	0.901378	0.005266	0.000000	0.000000	0.000322
201	0.000032	0.000000	0.000000	0.092667	0.901670	0.005324	0.000000	0.000000	0.000307
202	0.000030	0.000000	0.000000	0.092490	0.901814	0.005380	0.000000	0.000000	0.000286
203	0.000034	0.000000	0.000000	0.092277	0.902137	0.005299	0.000000	0.000000	0.000253
204	0.000036	0.000000	0.000000	0.092400	0.901998	0.005341	0.000000	0.000000	0.000225
205	0.000037	0.000000	0.000000	0.092689	0.901707	0.005360	0.000000	0.000000	0.000207
206	0.000039	0.000000	0.000000	0.092874	0.901505	0.005386	0.000000	0.000000	0.000196
207	0.000044	0.000000	0.000000	0.092292	0.902052	0.005437	0.000000	0.000000	0.000175
208	0.000040	0.000000	0.000000	0.092311	0.902152	0.005337	0.000000	0.000000	0.000160
209	0.000044	0.000000	0.000000	0.092089	0.902398	0.005332	0.000000	0.000000	0.000137
210	0.000036	0.000000	0.000000	0.091899	0.902663	0.005269	0.000000	0.000000	0.000133
211	0.000033	0.000000	0.000000	0.091634	0.902842	0.005383	0.000000	0.000000	0.000108
212	0.000034	0.000000	0.000000	0.091931	0.902636	0.005300	0.000000	0.000000	0.000099
213	0.000029	0.000000	0.000000	0.091708	0.902852	0.005304	0.000000	0.000000	0.000107
214	0.000029	0.000000	0.000000	0.091627	0.902851	0.005396	0.000000	0.000000	0.000097
215	0.000028	0.000000	0.000000	0.091679	0.902824	0.005385	0.000000	0.000000	0.000084
216	0.000034	0.000000	0.000000	0.091837	0.902649	0.005398	0.000000	0.000000	0.000082
217	0.000030	0.000000	0.000000	0.091402	0.903118	0.005384	0.000000	0.000000	0.000066
218	0.000026	0.000000	0.000000	0.091777	0.902735	0.005404	0.000000	0.000000	0.000058
219	0.000027	0.000000	0.000000	0.091757	0.902746	0.005421	0.000000	0.000000	0.000049
220	0.000023	0.000000	0.000000	0.091756	0.902795	0.005379	0.000000	0.000000	0.000047
221	0.000025	0.000000	0.000000	0.091408	0.903180	0.005352	0.000000	0.000000	0.000035
222	0.000022	0.000000	0.000000	0.091441	0.903101	0.005410	0.000000	0.000000	0.000026
223	0.000011	0.000000	0.000000	0.091278	0.903269	0.005412	0.000000	0.000000	0.000030
224	0.000009	0.000000	0.000000	0.091047	0.903448	0.005473	0.000000	0.000000	0.000023
225	0.000011	0.000000	0.000000	0.091242	0.903269	0.005459	0.000000	0.000000	0.000019
226	0.000009	0.000000	0.000000	0.091145	0.903319	0.005512	0.000000	0.000000	0.000015
227	0.000007	0.000000	0.000000	0.091303	0.903163	0.005515	0.000000	0.000000	0.000012
228	0.000009	0.000000	0.000000	0.091515	0.903012	0.005452	0.000000	0.000000	0.000012
229	0.000012	0.000000	0.000000	0.091651	0.902980	0.005346	0.000000	0.000000	0.000011
230	0.000014	0.000000	0.000000	0.091661	0.902997	0.005322	0.000000	0.000000	0.000006
231	0.000013	0.000000	0.000000	0.091495	0.903143	0.005343	0.000000	0.000000	0.000006
232	0.000010	0.000000	0.000000	0.091621	0.903001	0.005362	0.000000	0.000000	0.000006
233	0.000010	0.000000	0.000000	0.091146	0.903436	0.005403	0.000000	0.000000	0.000005
234	0.000010	0.000000	0.000000	0.090991	0.903627	0.005370	0.000000	0.000000	0.000002
235	0.000009	0.000000	0.000000	0.091161	0.903496	0.005332	0.000000	0.000000	0.000002
236	0.000012	0.000000	0.000000	0.091392	0.903215	0.005380	0.000000	0.000000	0.000001
237	0.000014	0.000000	0.000000	0.091235	0.903398	0.005353	0.000000	0.000000	0.000000
238	0.000014	0.000000	0.000000	0.091604	0.902969	0.005412	0.000000	0.000000	0.000001
239	0.000020	0.000000	0.000000	0.091476	0.903042	0.005461	0.000000	0.000000	0.000001
240	0.000021	0.000000	0.000000	0.091566	0.902977	0.005434	0.000000	0.000000	0.000002
241	0.000021	0.000000	0.000000	0.091459	0.903053	0.005467	0.000000	0.000000	0.000000
242	0.000023	0.000000	0.000000	0.091333	0.903097	0.005547	0.000000	0.000000	0.000000
243	0.000022	0.000000	0.000000	0.091539	0.902805	0.005634	0.000000	0.000000	0.000000
244	0.000016	0.000000	0.000000	0.091112	0.903238	0.005634	0.000000	0.000000	0.000000
245	0.000010	0.000000	0.000000	0.090923	0.903421	0.005646	0.000000	0.000000	0.000000
246	0.000010	0.000000	0.000000	0.090977	0.903390	0.005623	0.000000	0.000000	0.000000
247	0.000009	0.000000	0.000000	0.090829	0.903623	0.005539	0.000000	0.000000	0.000000
248	0.000006	0.000000	0.000000	0.090915	0.903437	0.005642	0.000000	0.000000	0.000000
249	0.000007	0.000000	0.000000	0.090663	0.903706	0.005624	0.000000	0.000000	0.000000
250	0.000006	0.000000	0.000000	0.090472	0.903899	0.005623	0.000000	0.000000	0.000000
251	0.000006	0.000000	0.000000	0.090297	0.903943	0.005754	0.000000	0.000000	0.000000
252	0.000004	0.000000	0.000000	0.090159	0.904071	0.005766	0.000000	0.000000	0.000000
253	0.000003	0.000000	0.000000	0.090158	0.904163	0.005676	0.000000	0.000000	0.000000
254	0.000001	0.000000	0.000000	0.090372	0.903905	0.005722	0.000000	0.000000	0.000000
255	0.000000	0.000000	0.000000	0.090197	0.904030	0.005773	0.000000	0.000000	0.000000
256	0.000000	0.000000	0.000000	0.090086	0.904178	0.005736	0.000000	0.000000	0.000000
257	0.000000	0.000000	0.000000	0.089891	0.904409	0.005700	0.000000	0.000000	0.000000
258	0.000000	0.000000	0.000000	0.089787	0.904429	0.005784	0.000000	0.000000	0.000000
259	0.000000	0.000000	0.000000	0.089430	0.904862	0.005708	0.000000	0.000000	0.000000
260	0.000000	0.000000	0.000000	0.089355	0.904805	0.005840	0.000000	0.000000	0.000000
261	0.000000	0.000000	0.000000	0.089235	0.904817	0.005948	0.000000	0.000000	0.000000
262	0.000000	0.000000	0.000000	0.089219	0.904845	0.005936	0.000000	0.000000	0.000000
263	0.000000	0.000000	0.000000	0.089181	0.904898	0.005921	0.000000	0.000000	0.000000
264	0.000000	0.000000	0.000000	0.089026	0.905044	0.005930	0.000000	0.000000	0.000000
265	0.000000	0.000000	0.000000	0.088828	0.905340	0.005832	0.000000	0.000000	0.000000
266	0.000000	0.000000	0.000000	0.088794	0.905332	0.005874	0.000000	0.000000	0.000000
267	0.000000	0.000000	0.000000	0.088609	0.905557	0.005834	0.000000	0.000000	0.000000
268	0.000000	0.000000	0.000000	0.088668	0.905473	0.005859	0.000000	0.000000	0.000000
269	0.000000	0.000000	0.000000	0.088879	0.905190	0.005931	0.000000	0.000000	0.000000
270	0.000000	0.000000	0.000000	0.088876	0.905240	0.005884	0.000000	0.000000	0.000000
271	0.000000	0.000000	0.000000	0.089079	0.905041	0.005880	0.000000	0.000000	0.000000
272	0.000000	0.000000	0.000000	0.089203	0.904947	0.005850	0.000000	0.000000	0.000000
273	0.000000	0.000000	0.000000	0.089226	0.904912	0.005862	0.000000	0.000000	0.000000
274	0.000000	0.000000	0.000000	0.089270	0.904795	0.005935	0.000000	0.000000	0.000000
275	0.000000	0.000000	0.000000	0.089455	0.904619	0.005926	0.000000	0.000000	0.000000
276	0.000000	0.000000	0.000000	0.089467	0.904545	0.005988	0.000000	0.000000	0.000000
277	0.000000	0.000000	0.000000	0.089754	0.904254	0.005992	0.000000	0.000000	0.000000
278	0.000000	0.000000	0.000000	0.089655	0.904319	0.006026	0.000000	0.000000	0.000000
279	0.000000	0.000000	0.000000	0.089538	0.904382	0.006080	0.000000	0.000000	0.000000
280	0.000000	0.000000	0.000000	0.089787	0.904145	0.006068	0.000000	0.000000	0.000000
281	0.000000	0.000000	0.000000	0.089794	0.904053	0.006153	0.000000	0.000000	0.000000
282	0.000000	0.000000	0.000000	0.089707	0.904149	0.006144	0.000000	0.000000	0.000000
283	0.000000	0.000000	0.000000	0.090062	0.903885	0.006053	0.000000	0.000000	0.000000
284	0.000000	0.000000	0.000000	0.089808	0.904196	0.005996	0.000000	0.000000	0.000000
285	0.000000	0.000000	0.000000	0.089776	0.904166	0.006058	0.000000	0.000000	0.000000
286	0.000000	0.000000	0.000000	0.089753	0.904170	0.006077	0.000000	0.000000	0.000000
287	0.000000	0.000000	0.000000	0.089813	0.904020	0.006167	0.000000	0.000000	0.000000
288	0.000000	0.000000	0.000000	0.089776	0.904090	0.006134	0.000000	0.000000	0.000000
289	0.000000	0.000000	0.000000	0.090242	0.903590	0.006168	0.000000	0.000000	0.000000
290	0.000000	0.000000	0.000000	0.089793	0.904046	0.006161	0.000000	0.000000	0.000000
291	0.000000	0.000000	0.000000	0.089718	0.904056	0.006226	0.000000	0.000000	0.000000
292	0.000000	0.000000	0.000000	0.089631	0.904230	0.006139	0.000000	0.000000	0.000000
293	0.000000	0.000000	0.000000	0.089370	0.904414	0.006216	0.000000	0.000000	0.000000
294	0.000000	0.000000	0.000000	0.089813	0.904015	0.006172	0.000000	0.000000	0.000000
295	0.000000	0.000000	0.000000	0.090083	0.903813	0.006104	0.000000	0.000000	0.000000
296	0.000000	0.000000	0.000000	0.090341	0.903572	0.006087	0.000000	0.000000	0.000000
297	0.000000	0.000000	0.000000	0.090424	0.903500	0.006076	0.000000	0.000000	0.000000
298	0.000000	0.000000	0.000000	0.090296	0.903594	0.006110	0.000000	0.000000	0.000000
299	0.000000	0.000000	0.000000	0.090227	0.903688	0.006085	0.000000	0.000000	0.000000
300	0.000000	0.000000	0.000000	0.090256	0.903672	0.006072	0.000000	0.000000	0.000000
301	0.000000	0.000000	0.000000	0.089996	0.903872	0.006132	0.000000	0.000000	0.000000
302	0.000000	0.000000	0.000000	0.089617	0.904389	0.005994	0.000000	0.000000	0.000000
303	0.000000	0.000000	0.000000	0.089651	0.904333	0.006016	0.000000	0.000000	0.000000
304	0.000000	0.000000	0.000000	0.089536	0.904322	0.006142	0.000000	0.000000	0.000000
305	0.000000	0.000000	0.000000	0.089247	0.904608	0.006145	0.000000	0.000000	0.000000
306	0.000000	0.000000	0.000000	0.088968	0.904947	0.006085	0.000000	0.000000	0.000000
307	0.000000	0.000000	0.000000	0.089187	0.904713	0.006100	0.000000	0.000000	0.000000
308	0.000000	0.000000	0.000000	0.089024	0.904897	0.006079	0.000000	0.000000	0.000000
309	0.000000	0.000000	0.000000	0.089245	0.904729	0.006026	0.000000	0.000000	0.000000
310	0.000000	0.000000	0.000000	0.089125	0.904844	0.006031	0.000000	0.000000	0.000000
311	0.000000	0.000000	0.000000	0.088575	0.905250	0.006175	0.000000	0.000000	0.000000
312	0.000000	0.000000	0.000000	0.089033	0.904756	0.006211	0.000000	0.000000	0.000000
313	0.000000	0.000000	0.000000	0.088917	0.904875	0.006208	0.000000	0.000000	0.000000
314	0.000000	0.000000	0.000000	0.089182	0.904650	0.006168	0.000000	0.000000	0.000000
315	0.000000	0.000000	0.000000	0.088936	0.904933	0.006131	0.000000	0.000000	0.000000
316	0.000000	0.000000	0.000000	0.088990	0.904880	0.006130	0.000000	0.000000	0.000000
317	0.000000	0.000000	0.000000	0.089123	0.904594	0.006283	0.000000	0.000000	0.000000
318	0.000000	0.000000	0.000000	0.089196	0.904503	0.006301	0.000000	0.000000	0.000000
319	0.000000	0.000000	0.000000	0.088664	0.905047	0.006289	0.000000	0.000000	0.000000
320	0.000000	0.000000	0.000000	0.088754	0.904906	0.006340	0.000000	0.000000	0.000000
321	0.000000	0.000000	0.000000	0.088696	0.905079	0.006225	0.000000	0.000000	0.000000
322	0.000000	0.000000	0.000000	0.088490	0.905140	0.006370	0.000000	0.000000	0.000000
323	0.000000	0.000000	0.000000	0.088310	0.905366	0.006324	0.000000	0.000000	0.000000
324	0.000000	0.000000	0.000000	0.088639	0.905020	0.006341	0.000000	0.000000	0.000000
325	0.000000	0.000000	0.000000	0.088806	0.904838	0.006356	0.000000	0.000000	0.000000
326	0.000000	0.000000	0.000000	0.088887	0.904714	0.006399	0.000000	0.000000	0.000000
327	0.000000	0.000000	0.000000	0.089155	0.904528	0.006317	0.000000	0.000000	0.000000
328	0.000000	0.000000	0.000000	0.089217	0.904451	0.006332	0.000000	0.000000	0.000000
329	0.000000	0.000000	0.000000	0.088936	0.904662	0.006402	0.000000	0.000000	0.000000
330	0.000000	0.000000	0.000000	0.088716	0.904875	0.006409	0.000000	0.000000	0.000000
331	0.000000	0.000000	0.000000	0.088787	0.904840	0.006373	0.000000	0.000000	0.000000
332	0.000000	0.000000	0.000000	0.088690	0.905031	0.006279	0.000000	0.000000	0.000000
333	0.000000	0.000000	0.000000	0.088930	0.904719	0.006351	0.000000	0.000000	0.000000
334	0.000000	0.000000	0.000000	0.088908	0.904764	0.006328	0.000000	0.000000	0.000000
335	0.000000	0.000000	0.000000	0.088631	0.905146	0.006223	0.000000	0.000000	0.000000
336	0.000000	0.000000	0.000000	0.088668	0.905060	0.006272	0.000000	0.000000	0.000000
337	0.000000	0.000000	0.000000	0.088649	0.905030	0.006321	0.000000	0.000000	0.000000
338	0.000000	0.000000	0.000000	0.088503	0.905264	0.006233	0.000000	0.000000	0.000000
339	0.000000	0.000000	0.000000	0.088384	0.905304	0.006312	0.000000	0.000000	0.000000
340	0.000000	0.000000	0.000000	0.088607	0.905152	0.006241	0.000000	0.000000	0.000000
341	0.000000	0.000000	0.000000	0.088955	0.904830	0.006215	0.000000	0.000000	0.000000
342	0.000000	0.000000	0.000000	0.089062	0.904692	0.006246	0.000000	0.000000	0.000000
343	0.000000	0.000000	0.000000	0.088955	0.904922	0.006123	0.000000	0.000000	0.000000
344	0.000000	0.000000	0.000000	0.088911	0.904924	0.006165	0.000000	0.000000	0.000000
345	0.000000	0.000000	0.000000	0.088771	0.905050	0.006179	0.000000	0.000000	0.000000
346	0.000000	0.000000	0.000000	0.089002	0.904923	0.006075	0.000000	0.000000	0.000000
347	0.000000	0.000000	0.000000	0.089052	0.904785	0.006163	0.000000	0.000000	0.000000
348	0.000000	0.000000	0.000000	0.089268	0.904604	0.006128	0.000000	0.000000	0.000000
349	0.000000	0.000000	0.000000	0.089158	0.904744	0.006098	0.000000	0.000000	0.000000
350	0.000000	0.000000	0.000000	0.089199	0.904665	0.006136	0.000000	0.000000	0.000000
351	0.000000	0.000000	0.000000	0.089205	0.904603	0.006192	0.000000	0.000000	0.000000
352	0.000000	0.000000	0.000000	0.089127	0.904649	0.006224	0.000000	0.000000	0.000000
353	0.000000	0.000000	0.000000	0.088713	0.905111	0.006176	0.000000	0.000000	0.000000
354	0.000000	0.000000	0.000000	0.088645	0.905176	0.006179	0.000000	0.000000	0.000000
355	0.000000	0.000000	0.000000	0.088438	0.905290	0.006272	0.000000	0.000000	0.000000
356	0.000000	0.000000	0.000000	0.088633	0.905126	0.006241	0.000000	0.000000	0.000000
357	0.000000	0.000000	0.000000	0.088654	0.905099	0.006247	0.000000	0.000000	0.000000
358	0.000000	0.000000	0.000000	0.088444	0.905407	0.006149	0.000000	0.000000	0.000000
359	0.000000	0.000000	0.000000	0.088531	0.905339	0.006130	0.000000	0.000000	0.000000
360	0.000000	0.000000	0.000000	0.088802	0.905092	0.006106	0.000000	0.000000	0.000000
361	0.000000	0.000000	0.000000	0.088497	0.905374	0.006129	0.000000	0.000000	0.000000
362	0.000000	0.000000	0.000000	0.088690	0.905056	0.006254	0.000000	0.000000	0.000000
363	0.000000	0.000000	0.000000	0.088857	0.904994	0.006149	0.000000	0.000000	0.000000
364	0.000000	0.000000	0.000000	0.088995	0.904916	0.006089	0.000000	0.000000	0.000000
365	0.000000	0.000000	0.000000	0.089005	0.904936	0.006059	0.000000	0.000000	0.000000
366	0.000000	0.000000	0.000000	0.088992	0.904911	0.006097	0.000000	0.000000	0.000000
367	0.000000	0.000000	0.000000	0.088902	0.905004	0.006094	0.000000	0.000000	0.000000
368	0.000000	0.000000	0.000000	0.089081	0.904831	0.006088	0.000000	0.000000	0.000000
369	0.000000	0.000000	0.000000	0.089244	0.904702	0.006054	0.000000	0.000000	0.000000
370	0.000000	0.000000	0.000000	0.089015	0.905055	0.005930	0.000000	0.000000	0.000000
371	0.000000	0.000000	0.000000	0.089098	0.904891	0.006011	0.000000	0.000000	0.000000
372	0.000000	0.000000	0.000000	0.088647	0.905364	0.005989	0.000000	0.000000	0.000000
373	0.000000	0.000000	0.000000	0.088742	0.905239	0.006019	0.000000	0.000000	0.000000
374	0.000000	0.000000	0.000000	0.089397	0.904601	0.006002	0.000000	0.000000	0.000000
375	0.000000	0.000000	0.000000	0.089143	0.904832	0.006025	0.000000	0.000000	0.000000
376	0.000000	0.000000	0.000000	0.088952	0.905080	0.005968	0.000000	0.000000	0.000000
377	0.000000	0.000000	0.000000	0.088847	0.905206	0.005947	0.000000	0.000000	0.000000
378	0.000000	0.000000	0.000000	0.088954	0.905172	0.005874	0.000000	0.000000	0.000000
379	0.000000	0.000000	0.000000	0.089100	0.905069	0.005831	0.000000	0.000000	0.000000
380	0.000000	0.000000	0.000000	0.088862	0.905289	0.005849	0.000000	0.000000	0.000000
381	0.000000	0.000000	0.000000	0.088887	0.905268	0.005845	0.000000	0.000000	0.000000
382	0.000000	0.000000	0.000000	0.089114	0.905094	0.005792	0.000000	0.000000	0.000000
383	0.000000	0.000000	0.000000	0.088784	0.905425	0.005791	0.000000	0.000000	0.000000
384	0.000000	0.000000	0.000000	0.088772	0.905448	0.005780	0.000000	0.000000	0.000000
385	0.000000	0.000000	0.000000	0.088707	0.905471	0.005822	0.000000	0.000000	0.000000
386	0.000000	0.000000	0.000000	0.088793	0.905401	0.005806	0.000000	0.000000	0.000000
387	0.000000	0.000000	0.000000	0.088758	0.905352	0.005890	0.000000	0.000000	0.000000
388	0.000000	0.000000	0.000000	0.088615	0.905491	0.005894	0.000000	0.000000	0.000000
389	0.000000	0.000000	0.000000	0.088504	0.905683	0.005813	0.000000	0.000000	0.000000
390	0.000000	0.000000	0.000000	0.088597	0.905593	0.005810	0.000000	0.000000	0.000000
391	0.000000	0.000000	0.000000	0.088558	0.905644	0.005798	0.000000	0.000000	0.000000
392	0.000000	0.000000	0.000000	0.088497	0.905819	0.005684	0.000000	0.000000	0.000000
393	0.000000	0.000000	0.000000	0.088714	0.905627	0.005659	0.000000	0.000000	0.000000
394	0.000000	0.000000	0.000000	0.088612	0.905773	0.005615	0.000000	0.000000	0.000000
395	0.000000	0.000000	0.000000	0.088771	0.905582	0.005647	0.000000	0.000000	0.000000
396	0.000000	0.000000	0.000000	0.089218	0.905079	0.005703	0.000000	0.000000	0.000000
397	0.000000	0.000000	0.000000	0.089165	0.905210	0.005625	0.000000	0.000000	0.000000
398	0.000000	0.000000	0.000000	0.089191	0.905144	0.005665	0.000000	0.000000	0.000000
399	0.000000	0.000000	0.000000	0.089402	0.904934	0.005664	0.000000	0.000000	0.000000
400	0.000000	0.000000	0.000000	0.089226	0.905089	0.005685	0.000000	0.000000	0.000000
401	0.000000	0.000000	0.000000	0.089089	0.905222	0.005689	0.000000	0.000000	0.000000
402	0.000000	0.000000	0.000000	0.089165	0.905117	0.005718	0.000000	0.000000	0.000000
403	0.000000	0.000000	0.000000	0.088926	0.905353	0.005721	0.000000	0.000000	0.000000
404	0.000000	0.000000	0.000000	0.088531	0.905729	0.005740	0.000000	0.000000	0.000000
405	0.000000	0.000000	0.000000	0.088447	0.905893	0.005660	0.000000	0.000000	0.000000
406	0.000000	0.000000	0.000000	0.088363	0.906047	0.005590	0.000000	0.000000	0.000000
407	0.000000	0.000000	0.000000	0.088405	0.905965	0.005630	0.000000	0.000000	0.000000
408	0.000000	0.000000	0.000000	0.088713	0.905633	0.005654	0.000000	0.000000	0.000000
409	0.000000	0.000000	0.000000	0.088757	0.905510	0.005733	0.000000	0.000000	0.000000
410	0.000000	0.000000	0.000000	0.088669	0.905579	0.005752	0.000000	0.000000	0.000000
411	0.000000	0.000000	0.000000	0.088988	0.905253	0.005759	0.000000	0.000000	0.000000
412	0.000000	0.000000	0.000000	0.088681	0.905550	0.005769	0.000000	0.000000	0.000000
413	0.000000	0.000000	0.000000	0.089014	0.905150	0.005836	0.000000	0.000000	0.000000
414	0.000000	0.000000	0.000000	0.088883	0.905412	0.005705	0.000000	0.000000	0.000000
415	0.000000	0.000000	0.000000	0.088879	0.905446	0.005675	0.000000	0.000000	0.000000
416	0.000000	0.000000	0.000000	0.088974	0.905291	0.005735	0.000000	0.000000	0.000000
417	0.000000	0.000000	0.000000	0.089070	0.905050	0.005880	0.000000	0.000000	0.000000
418	0.000000	0.000000	0.000000	0.089040	0.905076	0.005884	0.000000	0.000000	0.000000
419	0.000000	0.000000	0.000000	0.089387	0.904779	0.005834	0.000000	0.000000	0.000000
420	0.000000	0.000000	0.000000	0.089396	0.904734	0.005870	0.000000	0.000000	0.000000
421	0.000000	0.000000	0.000000	0.089668	0.904453	0.005879	0.000000	0.000000	0.000000
422	0.000000	0.000000	0.000000	0.089507	0.904569	0.005924	0.000000	0.000000	0.000000
423	0.000000	0.000000	0.000000	0.089359	0.904813	0.005828	0.000000	0.000000	0.000000
424	0.000000	0.000000	0.000000	0.089912	0.904312	0.005776	0.000000	0.000000	0.000000
425	0.000000	0.000000	0.000000	0.089900	0.904356	0.005744	0.000000	0.000000	0.000000
426	0.000000	0.000000	0.000000	0.089908	0.904198	0.005894	0.000000	0.000000	0.000000
427	0.000000	0.000000	0.000000	0.089937	0.904167	0.005896	0.000000	0.000000	0.000000
428	0.000000	0.000000	0.000000	0.090195	0.903923	0.005882	0.000000	0.000000	0.000000
429	0.000000	0.000000	0.000000	0.090274	0.903832	0.005894	0.000000	0.000000	0.000000
430	0.000000	0.000000	0.000000	0.090293	0.903756	0.005951	0.000000	0.000000	0.000000
431	0.000000	0.000000	0.000000	0.090108	0.903877	0.006015	0.000000	0.000000	0.000000
432	0.000000	0.000000	0.000000	0.090079	0.903867	0.006054	0.000000	0.000000	0.000000
433	0.000000	0.000000	0.000000	0.089990	0.903947	0.006063	0.000000	0.000000	0.000000
434	0.000000	0.000000	0.000000	0.089633	0.904309	0.006058	0.000000	0.000000	0.000000
435	0.000000	0.000000	0.000000	0.089839	0.904066	0.006095	0.000000	0.000000	0.000000
436	0.000000	0.000000	0.000000	0.089620	0.904397	0.005983	0.000000	0.000000	0.000000
437	0.000000	0.000000	0.000000	0.089872	0.904142	0.005986	0.000000	0.000000	0.000000
438	0.000000	0.000000	0.000000	0.089666	0.904368	0.005966	0.000000	0.000000	0.000000
439	0.000000	0.000000	0.000000	0.089653	0.904349	0.005998	0.000000	0.000000	0.000000
440	0.000000	0.000000	0.000000	0.089609	0.904515	0.005876	0.000000	0.000000	0.000000
441	0.000000	0.000000	0.000000	0.089723	0.904413	0.005864	0.000000	0.000000	0.000000
442	0.000000	0.000000	0.000000	0.089602	0.904516	0.005882	0.000000	0.000000	0.000000
443	0.000000	0.000000	0.000000	0.089744	0.904439	0.005817	0.000000	0.000000	0.000000
444	0.000000	0.000000	0.000000	0.089722	0.904538	0.005740	0.000000	0.000000	0.000000
445	0.000000	0.000000	0.000000	0.089512	0.904698	0.005790	0.000000	0.000000	0.000000
446	0.000000	0.000000	0.000000	0.089766	0.904499	0.005735	0.000000	0.000000	0.000000
447	0.000000	0.000000	0.000000	0.089872	0.904422	0.005706	0.000000	0.000000	0.000000
448	0.000000	0.000000	0.000000	0.090064	0.904167	0.005769	0.000000	0.000000	0.000000
449	0.000000	0.000000	0.000000	0.090272	0.904036	0.005692	0.000000	0.000000	0.000000
450	0.000000	0.000000	0.000000	0.090159	0.904170	0.005671	0.000000	0.000000	0.000000
451	0.000000	0.000000	0.000000	0.090078	0.904198	0.005724	0.000000	0.000000	0.000000
452	0.000000	0.000000	0.000000	0.089986	0.904218	0.005796	0.000000	0.000000	0.000000
453	0.000000	0.000000	0.000000	0.089965	0.904312	0.005723	0.000000	0.000000	0.000000
454	0.000000	0.000000	0.000000	0.090335	0.903980	0.005685	0.000000	0.000000	0.000000
455	0.000000	0.000000	0.000000	0.090606	0.903640	0.005754	0.000000	0.000000	0.000000
456	0.000000	0.000000	0.000000	0.090316	0.903933	0.005751	0.000000	0.000000	0.000000
457	0.000000	0.000000	0.000000	0.090524	0.903707	0.005769	0.000000	0.000000	0.000000
458	0.000000	0.000000	0.000000	0.090702	0.903618	0.005680	0.000000	0.000000	0.000000
459	0.000000	0.000000	0.000000	0.090674	0.903579	0.005747	0.000000	0.000000	0.000000
460	0.000000	0.000000	0.000000	0.090378	0.903868	0.005754	0.000000	0.000000	0.000000
461	0.000000	0.000000	0.000000	0.090177	0.904022	0.005801	0.000000	0.000000	0.000000
462	0.000000	0.000000	0.000000	0.090473	0.903763	0.005764	0.000000	0.000000	0.000000
463	0.000000	0.000000	0.000000	0.090111	0.904184	0.005705	0.000000	0.000000	0.000000
464	0.000000	0.000000	0.000000	0.090266	0.903979	0.005755	0.000000	0.000000	0.000000
465	0.000000	0.000000	0.000000	0.090301	0.903980	0.005719	0.000000	0.000000	0.000000
466	0.000000	0.000000	0.000000	0.090562	0.903796	0.005642	0.000000	0.000000	0.000000
467	0.000000	0.000000	0.000000	0.090446	0.903912	0.005642	0.000000	0.000000	0.000000
468	0.000000	0.000000	0.000000	0.090541	0.903819	0.005640	0.000000	0.000000	0.000000
469	0.000000	0.000000	0.000000	0.090735	0.903627	0.005638	0.000000	0.000000	0.000000
470	0.000000	0.000000	0.000000	0.090914	0.903516	0.005570	0.000000	0.000000	0.000000
