0	0.290663	0.057897	0.229473	0.157588	0.029913	0.111872	0.085455	0.012259	0.024880
1	0.225626	0.046072	0.196048	0.140149	0.028944	0.121402	0.123616	0.023816	0.094327
2	0.220798	0.044295	0.189780	0.135536	0.029260	0.118341	0.128714	0.024817	0.108459
3	0.221088	0.043759	0.185969	0.132504	0.029721	0.113986	0.129369	0.024608	0.118996
4	0.223676	0.043361	0.182109	0.129671	0.030942	0.108480	0.128966	0.024468	0.128327
5	0.226807	0.042948	0.177955	0.127178	0.032251	0.103030	0.128340	0.023839	0.137652
6	0.230413	0.042418	0.173389	0.124717	0.033729	0.097438	0.127258	0.023578	0.147060
7	0.234284	0.041814	0.169683	0.122484	0.035037	0.092211	0.125987	0.022930	0.155570
8	0.238227	0.041275	0.164596	0.120312	0.036907	0.087121	0.124738	0.022053	0.164771
9	0.243109	0.040299	0.159978	0.118256	0.038687	0.082296	0.122666	0.021485	0.173224
10	0.246898	0.040163	0.155063	0.116552	0.040493	0.077620	0.120586	0.020750	0.181875
11	0.250951	0.039824	0.150277	0.114452	0.042278	0.072877	0.118572	0.020427	0.190342
12	0.255670	0.039271	0.145668	0.112693	0.044354	0.068209	0.115957	0.019672	0.198506
13	0.260125	0.038478	0.140789	0.110700	0.046504	0.064211	0.113361	0.019086	0.206746
14	0.264222	0.038061	0.136219	0.108622	0.048768	0.060223	0.111180	0.018399	0.214306
15	0.267606	0.037558	0.131321	0.107061	0.051168	0.056493	0.108868	0.017824	0.222101
16	0.271860	0.036823	0.127441	0.105528	0.053606	0.052945	0.106088	0.016897	0.228812
17	0.275898	0.036456	0.122707	0.103122	0.056126	0.049375	0.103326	0.016340	0.236650
18	0.279552	0.035655	0.118461	0.101382	0.058491	0.046593	0.100513	0.015637	0.243716
19	0.282960	0.035128	0.113558	0.099842	0.061589	0.043375	0.097807	0.015068	0.250673
20	0.286155	0.034673	0.109530	0.098510	0.064305	0.040673	0.095144	0.014384	0.256626
21	0.289523	0.034346	0.105146	0.096340	0.067354	0.038287	0.091936	0.013795	0.263273
22	0.292896	0.033686	0.101182	0.094824	0.070081	0.035808	0.088914	0.013247	0.269362
23	0.295520	0.033135	0.096764	0.093180	0.073126	0.033773	0.086643	0.012620	0.275239
24	0.298736	0.032571	0.092990	0.091612	0.076186	0.031382	0.084098	0.012034	0.280391
25	0.301439	0.032117	0.089326	0.089645	0.079596	0.029221	0.081336	0.011451	0.285869
26	0.304204	0.031324	0.085547	0.087955	0.082990	0.027454	0.078275	0.010995	0.291256
27	0.307103	0.030615	0.081734	0.086468	0.086574	0.025517	0.075494	0.010430	0.296065
28	0.309729	0.030002	0.077704	0.084863	0.090273	0.023826	0.072982	0.009714	0.300907
29	0.311995	0.029489	0.073930	0.083523	0.093774	0.022544	0.071097	0.009216	0.304432
30	0.314536	0.028897	0.070515	0.081921	0.097673	0.021060	0.067809	0.008865	0.308724
31	0.317032	0.028038	0.067164	0.080322	0.101642	0.019715	0.065341	0.008389	0.312357
32	0.318670	0.027555	0.064242	0.078778	0.105650	0.018674	0.063027	0.007939	0.315465
33	0.320383	0.026709	0.061339	0.077445	0.109377	0.017510	0.060621	0.007553	0.319063
34	0.321648	0.026097	0.058432	0.075979	0.113575	0.016530	0.058235	0.007219	0.322285
35	0.322732	0.025422	0.055591	0.074419	0.118172	0.015267	0.056141	0.006855	0.325401
36	0.323769	0.024861	0.052698	0.072885	0.122913	0.014460	0.053756	0.006338	0.328320
37	0.324981	0.024534	0.050001	0.071259	0.126735	0.013479	0.051568	0.006048	0.331395
38	0.325458	0.023979	0.047349	0.069697	0.131854	0.012857	0.049539	0.005733	0.333534
39	0.326415	0.023151	0.045038	0.068520	0.136383	0.012129	0.047564	0.005630	0.335170
40	0.327305	0.022682	0.042654	0.066920	0.141602	0.011442	0.045177	0.005325	0.336893
41	0.327537	0.021967	0.040677	0.065797	0.146292	0.010868	0.043422	0.005129	0.338311
42	0.327805	0.021378	0.038583	0.064688	0.151614	0.010104	0.041681	0.004845	0.339302
43	0.327975	0.020692	0.036662	0.063221	0.156652	0.009699	0.039755	0.004548	0.340796
44	0.327348	0.020326	0.034813	0.062304	0.161800	0.009044	0.038129	0.004366	0.341870
45	0.327293	0.019813	0.032971	0.061539	0.167389	0.008427	0.036147	0.004179	0.342242
46	0.327371	0.019475	0.031070	0.060212	0.173196	0.008058	0.034660	0.003937	0.342021
47	0.326478	0.018936	0.029660	0.059773	0.178425	0.007513	0.033050	0.003774	0.342391
48	0.325707	0.018440	0.028056	0.059075	0.184170	0.007047	0.031876	0.003548	0.342081
49	0.325215	0.017862	0.026573	0.057759	0.190452	0.006699	0.030340	0.003461	0.341639
50	0.324563	0.017306	0.025264	0.056895	0.195797	0.006386	0.028760	0.003183	0.341846
51	0.323173	0.017088	0.023803	0.056327	0.201863	0.005994	0.027709	0.003009	0.341034
52	0.322150	0.016619	0.022567	0.055434	0.207927	0.005729	0.026273	0.002863	0.340438
53	0.321018	0.016133	0.021363	0.054747	0.213901	0.005423	0.024831	0.002592	0.339992
54	0.319660	0.015749	0.020087	0.053958	0.220570	0.005215	0.023723	0.002419	0.338619
55	0.318573	0.015255	0.018892	0.053155	0.227004	0.004931	0.022583	0.002261	0.337346
56	0.316777	0.014756	0.017731	0.052716	0.233562	0.004701	0.021224	0.002094	0.336439
57	0.314393	0.014321	0.016808	0.052207	0.240324	0.004402	0.020349	0.002001	0.335195
58	0.312569	0.013895	0.015755	0.051449	0.246723	0.004153	0.019412	0.001868	0.334176
59	0.310238	0.013596	0.014936	0.050911	0.253597	0.003987	0.018407	0.001762	0.332566
60	0.307945	0.013226	0.014056	0.050472	0.260252	0.003913	0.017580	0.001642	0.330914
61	0.305483	0.012808	0.013289	0.050028	0.267236	0.003711	0.016698	0.001594	0.329153
62	0.303006	0.012424	0.012474	0.049691	0.274400	0.003506	0.015837	0.001469	0.327193
63	0.300327	0.012101	0.011720	0.049072	0.281607	0.003416	0.015189	0.001384	0.325184
64	0.297694	0.011554	0.011174	0.048610	0.288665	0.003215	0.014406	0.001263	0.323419
65	0.295033	0.011140	0.010622	0.047818	0.296156	0.003075	0.013573	0.001224	0.321359
66	0.292575	0.010722	0.009906	0.047556	0.303330	0.002965	0.012942	0.001131	0.318873
67	0.289026	0.010349	0.009347	0.047278	0.311284	0.002862	0.012235	0.001053	0.316566
68	0.286800	0.010068	0.008769	0.046879	0.318271	0.002772	0.011612	0.000994	0.313835
69	0.283153	0.009881	0.008231	0.046327	0.326178	0.002677	0.011075	0.000993	0.311485
70	0.280743	0.009508	0.007752	0.045925	0.333772	0.002549	0.010420	0.000958	0.308373
71	0.277697	0.009250	0.007299	0.045568	0.341569	0.002429	0.009830	0.000892	0.305466
72	0.274791	0.008861	0.006872	0.045228	0.349260	0.002388	0.009337	0.000848	0.302415
73	0.272175	0.008520	0.006607	0.045027	0.357143	0.002262	0.008805	0.000796	0.298665
74	0.269141	0.008187	0.006313	0.044831	0.364750	0.002213	0.008292	0.000737	0.295536
75	0.265851	0.007969	0.005978	0.044490	0.372717	0.002245	0.007892	0.000731	0.292127
76	0.262564	0.007824	0.005583	0.044234	0.380238	0.002163	0.007408	0.000648	0.289338
77	0.258870	0.007538	0.005259	0.043989	0.388829	0.002041	0.007123	0.000649	0.285702
78	0.255044	0.007294	0.005002	0.044007	0.396552	0.001962	0.006826	0.000581	0.282732
79	0.251538	0.007161	0.004727	0.043549	0.404518	0.001967	0.006558	0.000554	0.279428
80	0.247671	0.006821	0.004532	0.043304	0.412727	0.001910	0.006174	0.000528	0.276333
81	0.244504	0.006700	0.004275	0.043425	0.420544	0.001894	0.005831	0.000513	0.272314
82	0.241013	0.006383	0.004104	0.043328	0.428365	0.001867	0.005525	0.000515	0.268900
83	0.236935	0.006188	0.003859	0.043050	0.436810	0.001825	0.005093	0.000500	0.265740
84	0.232634	0.005987	0.003683	0.042911	0.445339	0.001723	0.004891	0.000482	0.262350
85	0.229332	0.005788	0.003490	0.042774	0.453003	0.001715	0.004797	0.000470	0.258631
86	0.225796	0.005577	0.003350	0.043063	0.460971	0.001638	0.004576	0.000424	0.254605
87	0.221816	0.005270	0.003247	0.042894	0.469360	0.001618	0.004316	0.000410	0.251069
88	0.218051	0.005084	0.002955	0.042630	0.477381	0.001570	0.004159	0.000392	0.247778
89	0.214082	0.004935	0.002762	0.042601	0.485785	0.001523	0.003882	0.000348	0.244082
90	0.210569	0.004718	0.002584	0.042631	0.493669	0.001472	0.003679	0.000335	0.240343
91	0.206407	0.004567	0.002479	0.042436	0.501748	0.001506	0.003504	0.000313	0.237040
92	0.202571	0.004363	0.002352	0.042457	0.510179	0.001515	0.003295	0.000316	0.232952
93	0.198376	0.004160	0.002206	0.042455	0.518352	0.001494	0.003144	0.000295	0.229518
94	0.194732	0.004009	0.002075	0.042471	0.525896	0.001433	0.003067	0.000295	0.226022
95	0.191075	0.003800	0.002000	0.042220	0.533780	0.001387	0.002877	0.000276	0.222585
96	0.187705	0.003563	0.001873	0.042321	0.541243	0.001420	0.002792	0.000251	0.218832
97	0.184136	0.003384	0.001798	0.041997	0.549420	0.001453	0.002622	0.000262	0.214928
98	0.180714	0.003393	0.001633	0.041979	0.557077	0.001394	0.002453	0.000254	0.211103
99	0.176810	0.003206	0.001569	0.042028	0.564558	0.001385	0.002355	0.000231	0.207858
100	0.172747	0.003134	0.001481	0.041829	0.573132	0.001347	0.002220	0.000212	0.203898
101	0.168934	0.002987	0.001387	0.041768	0.581037	0.001303	0.002097	0.000208	0.200279
102	0.165539	0.002845	0.001339	0.041742	0.588452	0.001343	0.002079	0.000197	0.196464
103	0.161934	0.002701	0.001254	0.041571	0.596288	0.001339	0.001952	0.000163	0.192798
104	0.158623	0.002607	0.001160	0.041909	0.603121	0.001216	0.001822	0.000149	0.189393
105	0.154830	0.002432	0.001151	0.041948	0.610834	0.001225	0.001753	0.000131	0.185696
106	0.151513	0.002382	0.001058	0.042256	0.617762	0.001182	0.001718	0.000129	0.182000
107	0.147770	0.002263	0.000988	0.042286	0.625120	0.001151	0.001620	0.000133	0.178669
108	0.144372	0.002119	0.000899	0.042441	0.632274	0.001212	0.001544	0.000117	0.175022
109	0.140864	0.002075	0.000847	0.042605	0.639849	0.001117	0.001485	0.000130	0.171028
110	0.137346	0.001984	0.000825	0.042755	0.647221	0.001091	0.001436	0.000125	0.167217
111	0.133869	0.001920	0.000770	0.042756	0.654067	0.001117	0.001409	0.000140	0.163952
112	0.130404	0.001853	0.000733	0.042966	0.660773	0.001146	0.001332	0.000137	0.160656
113	0.127161	0.001786	0.000687	0.043124	0.667349	0.001117	0.001212	0.000133	0.157431
114	0.124201	0.001688	0.000677	0.043057	0.673959	0.001121	0.001171	0.000143	0.153983
115	0.121183	0.001547	0.000651	0.043203	0.680316	0.001093	0.001118	0.000120	0.150769
116	0.118200	0.001481	0.000624	0.043332	0.687046	0.001140	0.001017	0.000133	0.147027
117	0.114895	0.001433	0.000569	0.043380	0.693593	0.001123	0.000986	0.000128	0.143893
118	0.111667	0.001393	0.000566	0.043355	0.700241	0.001048	0.000953	0.000127	0.140650
119	0.108349	0.001367	0.000528	0.043298	0.706575	0.001065	0.000893	0.000118	0.137807
120	0.105196	0.001372	0.000501	0.043515	0.712941	0.001058	0.000863	0.000116	0.134438
121	0.102661	0.001260	0.000482	0.043447	0.719032	0.001083	0.000800	0.000105	0.131130
122	0.099420	0.001159	0.000464	0.043476	0.725463	0.001068	0.000739	0.000101	0.128110
123	0.096321	0.001175	0.000420	0.043588	0.731769	0.001045	0.000733	0.000085	0.124864
124	0.093234	0.001137	0.000392	0.043695	0.738006	0.001000	0.000698	0.000086	0.121752
125	0.090338	0.001065	0.000364	0.043751	0.743788	0.000969	0.000699	0.000078	0.118948
126	0.087438	0.001026	0.000319	0.043746	0.749847	0.000893	0.000679	0.000070	0.115982
127	0.084855	0.000989	0.000305	0.043698	0.755653	0.000893	0.000699	0.000061	0.112847
128	0.082068	0.000907	0.000295	0.043749	0.761362	0.000918	0.000685	0.000054	0.109962
129	0.079586	0.000922	0.000295	0.043835	0.766567	0.000928	0.000660	0.000054	0.107153
130	0.076974	0.000794	0.000255	0.043821	0.771767	0.000931	0.000599	0.000052	0.104807
131	0.074381	0.000769	0.000265	0.044139	0.776922	0.000887	0.000592	0.000051	0.101994
132	0.071885	0.000725	0.000249	0.043939	0.782371	0.000933	0.000585	0.000046	0.099267
133	0.069877	0.000655	0.000208	0.043874	0.787251	0.000897	0.000537	0.000043	0.096658
134	0.067485	0.000636	0.000187	0.043937	0.792188	0.000885	0.000531	0.000040	0.094111
135	0.065045	0.000580	0.000168	0.043899	0.797085	0.000818	0.000518	0.000026	0.091861
136	0.063068	0.000574	0.000165	0.043925	0.801689	0.000833	0.000525	0.000026	0.089195
137	0.060782	0.000546	0.000177	0.044000	0.806165	0.000854	0.000486	0.000018	0.086972
138	0.058318	0.000533	0.000146	0.044191	0.810971	0.000859	0.000462	0.000020	0.084500
139	0.056392	0.000531	0.000157	0.044260	0.815334	0.000872	0.000457	0.000015	0.081982
140	0.054373	0.000509	0.000160	0.044201	0.819584	0.000843	0.000467	0.000013	0.079850
141	0.052395	0.000447	0.000139	0.044444	0.823447	0.000867	0.000467	0.000008	0.077786
142	0.050359	0.000434	0.000135	0.044313	0.827816	0.000854	0.000435	0.000008	0.075646
143	0.048358	0.000443	0.000131	0.044613	0.831824	0.000817	0.000415	0.000010	0.073389
144	0.046622	0.000418	0.000120	0.044651	0.835841	0.000821	0.000397	0.000005	0.071125
145	0.044556	0.000388	0.000111	0.044680	0.839547	0.000824	0.000395	0.000004	0.069495
146	0.042740	0.000337	0.000102	0.044773	0.843260	0.000857	0.000366	0.000006	0.067559
147	0.041243	0.000297	0.000101	0.044894	0.846977	0.000870	0.000320	0.000006	0.065292
148	0.039618	0.000289	0.000088	0.044796	0.850553	0.000864	0.000306	0.000006	0.063480
149	0.038155	0.000281	0.000076	0.044804	0.854035	0.000850	0.000299	0.000005	0.061495
150	0.036688	0.000269	0.000062	0.044952	0.857302	0.000827	0.000269	0.000003	0.059628
151	0.035172	0.000285	0.000062	0.045005	0.860533	0.000855	0.000258	0.000006	0.057824
152	0.033763	0.000246	0.000059	0.044842	0.864049	0.000877	0.000220	0.000006	0.055938
153	0.032438	0.000199	0.000056	0.044802	0.867240	0.000871	0.000236	0.000009	0.054149
154	0.031378	0.000204	0.000059	0.044707	0.870237	0.000887	0.000196	0.000010	0.052322
155	0.030106	0.000191	0.000049	0.044731	0.873172	0.000865	0.000187	0.000007	0.050692
156	0.028933	0.000167	0.000052	0.044706	0.876021	0.000860	0.000171	0.000012	0.049078
157	0.027686	0.000157	0.000064	0.044993	0.878457	0.000867	0.000158	0.000011	0.047607
158	0.026626	0.000166	0.000076	0.045060	0.880861	0.000863	0.000159	0.000013	0.046176
159	0.025473	0.000165	0.000070	0.044987	0.883621	0.000868	0.000146	0.000014	0.044656
160	0.024340	0.000142	0.000068	0.044923	0.886371	0.000840	0.000158	0.000008	0.043150
161	0.023270	0.000147	0.000070	0.044969	0.888748	0.000815	0.000146	0.000008	0.041827
162	0.022122	0.000121	0.000069	0.045138	0.891189	0.000841	0.000123	0.000010	0.040387
163	0.021073	0.000104	0.000061	0.045225	0.893652	0.000853	0.000123	0.000012	0.038897
164	0.020266	0.000083	0.000065	0.045438	0.895627	0.000846	0.000114	0.000014	0.037547
165	0.019437	0.000080	0.000058	0.045505	0.897738	0.000835	0.000112	0.000014	0.036221
166	0.018647	0.000076	0.000056	0.045443	0.899789	0.000818	0.000105	0.000018	0.035048
167	0.017787	0.000076	0.000045	0.045736	0.901651	0.000789	0.000088	0.000017	0.033811
168	0.017005	0.000083	0.000039	0.045281	0.904005	0.000826	0.000075	0.000021	0.032665
169	0.016264	0.000081	0.000042	0.045479	0.905705	0.000844	0.000072	0.000016	0.031497
170	0.015390	0.000078	0.000035	0.045144	0.908007	0.000834	0.000059	0.000018	0.030435
171	0.014627	0.000067	0.000037	0.045124	0.909889	0.000808	0.000058	0.000023	0.029367
172	0.013895	0.000061	0.000032	0.045106	0.911732	0.000791	0.000049	0.000017	0.028317
173	0.013153	0.000067	0.000027	0.045214	0.913251	0.000779	0.000039	0.000017	0.027453
174	0.012461	0.000071	0.000032	0.045418	0.914750	0.000777	0.000033	0.000018	0.026440
175	0.011747	0.000070	0.000029	0.045625	0.916081	0.000754	0.000029	0.000019	0.025646
176	0.011233	0.000057	0.000032	0.045814	0.917362	0.000770	0.000034	0.000017	0.024681
177	0.010628	0.000058	0.000028	0.045756	0.918857	0.000767	0.000030	0.000014	0.023862
178	0.010117	0.000055	0.000032	0.045894	0.920142	0.000749	0.000034	0.000019	0.022958
179	0.009680	0.000052	0.000030	0.045882	0.921356	0.000757	0.000029	0.000017	0.022197
180	0.009194	0.000048	0.000030	0.045986	0.922485	0.000742	0.000017	0.000021	0.021477
181	0.008716	0.000045	0.000033	0.045875	0.923767	0.000720	0.000015	0.000027	0.020802
182	0.008230	0.000037	0.000029	0.045769	0.924992	0.000712	0.000007	0.000027	0.020197
183	0.007828	0.000038	0.000032	0.045892	0.926116	0.000694	0.000006	0.000027	0.019367
184	0.007510	0.000030	0.000027	0.045841	0.927309	0.000699	0.000003	0.000023	0.018558
185	0.007169	0.000037	0.000022	0.046138	0.928102	0.000715	0.000002	0.000024	0.017791
186	0.006729	0.000038	0.000025	0.045880	0.929494	0.000694	0.000000	0.000025	0.017115
187	0.006352	0.000038	0.000024	0.045610	0.930773	0.000704	0.000000	0.000025	0.016474
188	0.006053	0.000046	0.000028	0.045560	0.931740	0.000708	0.000000	0.000023	0.015842
189	0.005782	0.000035	0.000017	0.045237	0.932950	0.000680	0.000000	0.000023	0.015276
190	0.005544	0.000038	0.000012	0.045265	0.933763	0.000678	0.000000	0.000021	0.014679
191	0.005187	0.000039	0.000016	0.045449	0.934518	0.000699	0.000000	0.000025	0.014067
192	0.004980	0.000036	0.000017	0.045552	0.935344	0.000668	0.000000	0.000027	0.013376
193	0.004700	0.000045	0.000016	0.045709	0.936010	0.000667	0.000000	0.000027	0.012826
194	0.004471	0.000042	0.000019	0.045770	0.936674	0.000709	0.000000	0.000026	0.012289
195	0.004249	0.000043	0.000013	0.045839	0.937275	0.000722	0.000000	0.000021	0.011838
196	0.004062	0.000037	0.000013	0.045735	0.938123	0.000730	0.000000	0.000020	0.011280
197	0.003810	0.000030	0.000008	0.045795	0.938875	0.000728	0.000000	0.000016	0.010738
198	0.003558	0.000027	0.000009	0.045768	0.939573	0.000724	0.000000	0.000011	0.010330
199	0.003310	0.000030	0.000008	0.045854	0.940255	0.000707	0.000000	0.000014	0.009822
200	0.003110	0.000030	0.000012	0.046001	0.940875	0.000690	0.000000	0.000008	0.009274
201	0.002916	0.000029	0.000019	0.045891	0.941565	0.000661	0.000000	0.000009	0.008910
202	0.002851	0.000025	0.000021	0.045769	0.942110	0.000659	0.000000	0.000007	0.008558
203	0.002726	0.000025	0.000024	0.045722	0.942697	0.000652	0.000000	0.000004	0.008150
204	0.002543	0.000017	0.000025	0.045640	0.943278	0.000682	0.000000	0.000000	0.007815
205	0.002405	0.000010	0.000020	0.045712	0.943708	0.000679	0.000000	0.000001	0.007465
206	0.002233	0.000007	0.000022	0.045550	0.944457	0.000660	0.000000	0.000001	0.007070
207	0.002107	0.000009	0.000021	0.045728	0.944713	0.000645	0.000000	0.000000	0.006777
208	0.001982	0.000011	0.000023	0.045843	0.945086	0.000610	0.000000	0.000000	0.006445
209	0.001833	0.000014	0.000019	0.046014	0.945229	0.000642	0.000000	0.000000	0.006249
210	0.001683	0.000015	0.000020	0.045964	0.945746	0.000631	0.000000	0.000000	0.005941
211	0.001611	0.000010	0.000019	0.045867	0.946163	0.000628	0.000000	0.000000	0.005702
212	0.001502	0.000009	0.000014	0.045726	0.946721	0.000618	0.000000	0.000000	0.005410
213	0.001360	0.000008	0.000013	0.045585	0.947172	0.000651	0.000000	0.000000	0.005211
214	0.001286	0.000010	0.000013	0.045399	0.947771	0.000651	0.000000	0.000000	0.004870
215	0.001184	0.000005	0.000010	0.045647	0.947919	0.000611	0.000000	0.000000	0.004624
216	0.001081	0.000007	0.000007	0.045545	0.948236	0.000643	0.000000	0.000000	0.004481
217	0.001006	0.000006	0.000006	0.045853	0.948233	0.000632	0.000000	0.000000	0.004264
218	0.000950	0.000008	0.000003	0.045608	0.948704	0.000625	0.000000	0.000000	0.004102
219	0.000917	0.000007	0.000000	0.045667	0.948891	0.000644	0.000000	0.000000	0.003874
220	0.000843	0.000008	0.000000	0.045282	0.949534	0.000662	0.000000	0.000000	0.003671
221	0.000774	0.000005	0.000000	0.045214	0.949880	0.000664	0.000000	0.000000	0.003463
222	0.000722	0.000007	0.000000	0.045375	0.949965	0.000667	0.000000	0.000000	0.003264
223	0.000706	0.000007	0.000000	0.045539	0.949974	0.000676	0.000000	0.000000	0.003098
224	0.000657	0.000008	0.000000	0.045384	0.950396	0.000649	0.000000	0.000000	0.002906
225	0.000590	0.000006	0.000000	0.045301	0.950718	0.000609	0.000000	0.000000	0.002776
226	0.000516	0.000005	0.000000	0.045372	0.950868	0.000590	0.000000	0.000000	0.002649
227	0.000503	0.000003	0.000000	0.045067	0.951290	0.000607	0.000000	0.000000	0.002530
228	0.000471	0.000004	0.000000	0.044973	0.951558	0.000607	0.000000	0.000000	0.002387
229	0.000441	0.000004	0.000000	0.045113	0.951554	0.000605	0.000000	0.000000	0.002283
230	0.000404	0.000002	0.000000	0.045126	0.951682	0.000601	0.000000	0.000000	0.002185
231	0.000388	0.000001	0.000000	0.045183	0.951756	0.000611	0.000000	0.000000	0.002061
232	0.000367	0.000002	0.000000	0.045014	0.952036	0.000605	0.000000	0.000000	0.001976
233	0.000358	0.000002	0.000000	0.044959	0.952233	0.000588	0.000000	0.000000	0.001860
234	0.000341	0.000001	0.000000	0.044871	0.952454	0.000595	0.000000	0.000000	0.001738
235	0.000338	0.000002	0.000000	0.044729	0.952727	0.000577	0.000000	0.000000	0.001627
236	0.000324	0.000001	0.000000	0.044706	0.952824	0.000590	0.000000	0.000000	0.001555
237	0.000293	0.000001	0.000000	0.044817	0.952833	0.000595	0.000000	0.000000	0.001461
238	0.000284	0.000001	0.000000	0.044964	0.952761	0.000589	0.000000	0.000000	0.001401
239	0.000264	0.000000	0.000000	0.044956	0.952885	0.000587	0.000000	0.000000	0.001308
240	0.000256	0.000000	0.000000	0.045090	0.952846	0.000560	0.000000	0.000000	0.001248
241	0.000236	0.000000	0.000000	0.045091	0.952915	0.000588	0.000000	0.000000	0.001170
242	0.000210	0.000000	0.000000	0.045122	0.952988	0.000584	0.000000	0.000000	0.001096
243	0.000202	0.000000	0.000000	0.045283	0.952919	0.000603	0.000000	0.000000	0.000993
244	0.000180	0.000000	0.000000	0.045167	0.953067	0.000611	0.000000	0.000000	0.000975
245	0.000157	0.000000	0.000000	0.044892	0.953418	0.000615	0.000000	0.000000	0.000918
246	0.000143	0.000000	0.000000	0.045035	0.953314	0.000595	0.000000	0.000000	0.000913
247	0.000129	0.000000	0.000000	0.044945	0.953436	0.000608	0.000000	0.000000	0.000882
248	0.000111	0.000000	0.000000	0.045016	0.953428	0.000636	0.000000	0.000000	0.000809
249	0.000094	0.000000	0.000000	0.044806	0.953707	0.000635	0.000000	0.000000	0.000758
250	0.000075	0.000000	0.000000	0.044890	0.953696	0.000606	0.000000	0.000000	0.000733
251	0.000061	0.000000	0.000000	0.044960	0.953634	0.000632	0.000000	0.000000	0.000713
252	0.000052	0.000000	0.000000	0.045130	0.953552	0.000633	0.000000	0.000000	0.000633
253	0.000051	0.000000	0.000000	0.045217	0.953486	0.000635	0.000000	0.000000	0.000611
254	0.000051	0.000000	0.000000	0.045115	0.953589	0.000674	0.000000	0.000000	0.000571
255	0.000050	0.000000	0.000000	0.044915	0.953850	0.000641	0.000000	0.000000	0.000544
256	0.000048	0.000000	0.000000	0.045213	0.953617	0.000635	0.000000	0.000000	0.000487
257	0.000043	0.000000	0.000000	0.045197	0.953688	0.000629	0.000000	0.000000	0.000443
258	0.000044	0.000000	0.000000	0.045362	0.953577	0.000619	0.000000	0.000000	0.000398
259	0.000039	0.000000	0.000000	0.045308	0.953650	0.000644	0.000000	0.000000	0.000359
260	0.000035	0.000000	0.000000	0.045357	0.953615	0.000668	0.000000	0.000000	0.000325
261	0.000039	0.000000	0.000000	0.045527	0.953463	0.000655	0.000000	0.000000	0.000316
262	0.000038	0.000000	0.000000	0.045410	0.953607	0.000663	0.000000	0.000000	0.000282
263	0.000038	0.000000	0.000000	0.045346	0.953679	0.000668	0.000000	0.000000	0.000269
264	0.000042	0.000000	0.000000	0.045368	0.953645	0.000668	0.000000	0.000000	0.000277
265	0.000043	0.000000	0.000000	0.045117	0.953937	0.000653	0.000000	0.000000	0.000250
266	0.000044	0.000000	0.000000	0.045157	0.953902	0.000677	0.000000	0.000000	0.000220
267	0.000037	0.000000	0.000000	0.044992	0.954113	0.000657	0.000000	0.000000	0.000201
268	0.000041	0.000000	0.000000	0.045093	0.953978	0.000690	0.000000	0.000000	0.000198
269	0.000042	0.000000	0.000000	0.045068	0.954007	0.000686	0.000000	0.000000	0.000197
270	0.000040	0.000000	0.000000	0.045193	0.953936	0.000661	0.000000	0.000000	0.000170
271	0.000037	0.000000	0.000000	0.045211	0.953946	0.000644	0.000000	0.000000	0.000162
272	0.000036	0.000000	0.000000	0.045270	0.953901	0.000650	0.000000	0.000000	0.000143
273	0.000037	0.000000	0.000000	0.045267	0.953927	0.000622	0.000000	0.000000	0.000147
274	0.000035	0.000000	0.000000	0.045324	0.953864	0.000630	0.000000	0.000000	0.000147
275	0.000032	0.000000	0.000000	0.045318	0.953898	0.000616	0.000000	0.000000	0.000136
276	0.000031	0.000000	0.000000	0.045301	0.953887	0.000647	0.000000	0.000000	0.000134
277	0.000032	0.000000	0.000000	0.045346	0.953834	0.000655	0.000000	0.000000	0.000133
278	0.000028	0.000000	0.000000	0.045656	0.953564	0.000639	0.000000	0.000000	0.000113
279	0.000033	0.000000	0.000000	0.045782	0.953453	0.000633	0.000000	0.000000	0.000099
280	0.000032	0.000000	0.000000	0.045767	0.953488	0.000622	0.000000	0.000000	0.000091
281	0.000025	0.000000	0.000000	0.045920	0.953344	0.000630	0.000000	0.000000	0.000081
282	0.000024	0.000000	0.000000	0.045761	0.953506	0.000637	0.000000	0.000000	0.000072
283	0.000021	0.000000	0.000000	0.045860	0.953405	0.000648	0.000000	0.000000	0.000066
284	0.000020	0.000000	0.000000	0.045961	0.953320	0.000642	0.000000	0.000000	0.000057
285	0.000015	0.000000	0.000000	0.046185	0.953111	0.000642	0.000000	0.000000	0.000047
286	0.000019	0.000000	0.000000	0.046427	0.952874	0.000639	0.000000	0.000000	0.000041
287	0.000019	0.000000	0.000000	0.046551	0.952720	0.000674	0.000000	0.000000	0.000036
288	0.000022	0.000000	0.000000	0.046449	0.952811	0.000684	0.000000	0.000000	0.000034
289	0.000019	0.000000	0.000000	0.046387	0.952883	0.000681	0.000000	0.000000	0.000030
290	0.000016	0.000000	0.000000	0.046308	0.952981	0.000664	0.000000	0.000000	0.000031
291	0.000019	0.000000	0.000000	0.046346	0.952962	0.000646	0.000000	0.000000	0.000027
292	0.000021	0.000000	0.000000	0.046502	0.952817	0.000635	0.000000	0.000000	0.000025
293	0.000011	0.000000	0.000000	0.046707	0.952643	0.000619	0.000000	0.000000	0.000020
294	0.000014	0.000000	0.000000	0.046834	0.952499	0.000636	0.000000	0.000000	0.000017
295	0.000009	0.000000	0.000000	0.047072	0.952293	0.000609	0.000000	0.000000	0.000017
296	0.000007	0.000000	0.000000	0.046974	0.952386	0.000619	0.000000	0.000000	0.000014
297	0.000007	0.000000	0.000000	0.046902	0.952479	0.000599	0.000000	0.000000	0.000013
298	0.000006	0.000000	0.000000	0.046980	0.952411	0.000588	0.000000	0.000000	0.000015
299	0.000005	0.000000	0.000000	0.046842	0.952558	0.000582	0.000000	0.000000	0.000013
300	0.000003	0.000000	0.000000	0.046930	0.952443	0.000612	0.000000	0.000000	0.000012
301	0.000001	0.000000	0.000000	0.047019	0.952314	0.000655	0.000000	0.000000	0.000011
302	0.000001	0.000000	0.000000	0.047054	0.952268	0.000667	0.000000	0.000000	0.000010
303	0.000000	0.000000	0.000000	0.046973	0.952379	0.000643	0.000000	0.000000	0.000005
304	0.000000	0.000000	0.000000	0.046723	0.952622	0.000649	0.000000	0.000000	0.000006
305	0.000000	0.000000	0.000000	0.046648	0.952728	0.000622	0.000000	0.000000	0.000002
306	0.000000	0.000000	0.000000	0.046764	0.952638	0.000597	0.000000	0.000000	0.000001
307	0.000000	0.000000	0.000000	0.046894	0.952539	0.000566	0.000000	0.000000	0.000001
308	0.000000	0.000000	0.000000	0.046957	0.952457	0.000586	0.000000	0.000000	0.000000
309	0.000000	0.000000	0.000000	0.046805	0.952625	0.000570	0.000000	0.000000	0.000000
310	0.000000	0.000000	0.000000	0.047012	0.952450	0.000538	0.000000	0.000000	0.000000
311	0.000000	0.000000	0.000000	0.047047	0.952412	0.000541	0.000000	0.000000	0.000000
312	0.000000	0.000000	0.000000	0.047212	0.952273	0.000515	0.000000	0.000000	0.000000
313	0.000000	0.000000	0.000000	0.047351	0.952123	0.000526	0.000000	0.000000	0.000000
314	0.000000	0.000000	0.000000	0.047395	0.952048	0.000557	0.000000	0.000000	0.000000
315	0.000000	0.000000	0.000000	0.047329	0.952103	0.000568	0.000000	0.000000	0.000000
316	0.000000	0.000000	0.000000	0.047432	0.951981	0.000587	0.000000	0.000000	0.000000
317	0.000000	0.000000	0.000000	0.047297	0.952134	0.000569	0.000000	0.000000	0.000000
318	0.000000	0.000000	0.000000	0.047348	0.952062	0.000590	0.000000	0.000000	0.000000
319	0.000000	0.000000	0.000000	0.047219	0.952220	0.000561	0.000000	0.000000	0.000000
320	0.000000	0.000000	0.000000	0.047167	0.952267	0.000566	0.000000	0.000000	0.000000
321	0.000000	0.000000	0.000000	0.047575	0.951863	0.000562	0.000000	0.000000	0.000000
322	0.000000	0.000000	0.000000	0.047993	0.951432	0.000575	0.000000	0.000000	0.000000
323	0.000000	0.000000	0.000000	0.047727	0.951713	0.000560	0.000000	0.000000	0.000000
324	0.000000	0.000000	0.000000	0.047894	0.951507	0.000599	0.000000	0.000000	0.000000
325	0.000000	0.000000	0.000000	0.047477	0.951931	0.000592	0.000000	0.000000	0.000000
326	0.000000	0.000000	0.000000	0.047322	0.952073	0.000605	0.000000	0.000000	0.000000
327	0.000000	0.000000	0.000000	0.047442	0.952019	0.000539	0.000000	0.000000	0.000000
328	0.000000	0.000000	0.000000	0.047407	0.952032	0.000561	0.000000	0.000000	0.000000
329	0.000000	0.000000	0.000000	0.047496	0.951932	0.000572	0.000000	0.000000	0.000000
330	0.000000	0.000000	0.000000	0.047313	0.952112	0.000575	0.000000	0.000000	0.000000
331	0.000000	0.000000	0.000000	0.047362	0.952072	0.000566	0.000000	0.000000	0.000000
332	0.000000	0.000000	0.000000	0.047221	0.952235	0.000544	0.000000	0.000000	0.000000
333	0.000000	0.000000	0.000000	0.047409	0.952015	0.000576	0.000000	0.000000	0.000000
334	0.000000	0.000000	0.000000	0.047377	0.952072	0.000551	0.000000	0.000000	0.000000
335	0.000000	0.000000	0.000000	0.047405	0.952018	0.000577	0.000000	0.000000	0.000000
336	0.000000	0.000000	0.000000	0.047295	0.952128	0.000577	0.000000	0.000000	0.000000
337	0.000000	0.000000	0.000000	0.047501	0.951948	0.000551	0.000000	0.000000	0.000000
338	0.000000	0.000000	0.000000	0.047625	0.951801	0.000574	0.000000	0.000000	0.000000
339	0.000000	0.000000	0.000000	0.047762	0.951674	0.000564	0.000000	0.000000	0.000000
340	0.000000	0.000000	0.000000	0.047779	0.951651	0.000570	0.000000	0.000000	0.000000
341	0.000000	0.000000	0.000000	0.047645	0.951837	0.000518	0.000000	0.000000	0.000000
342	0.000000	0.000000	0.000000	0.047822	0.951671	0.000507	0.000000	0.000000	0.000000
343	0.000000	0.000000	0.000000	0.047800	0.951701	0.000499	0.000000	0.000000	0.000000
344	0.000000	0.000000	0.000000	0.048126	0.951391	0.000483	0.000000	0.000000	0.000000
345	0.000000	0.000000	0.000000	0.048143	0.951388	0.000469	0.000000	0.000000	0.000000
346	0.000000	0.000000	0.000000	0.048231	0.951293	0.000476	0.000000	0.000000	0.000000
347	0.000000	0.000000	0.000000	0.048432	0.951086	0.000482	0.000000	0.000000	0.000000
348	0.000000	0.000000	0.000000	0.048387	0.951130	0.000483	0.000000	0.000000	0.000000
349	0.000000	0.000000	0.000000	0.048077	0.951442	0.000481	0.000000	0.000000	0.000000
350	0.000000	0.000000	0.000000	0.048162	0.951356	0.000482	0.000000	0.000000	0.000000
351	0.000000	0.000000	0.000000	0.048088	0.951436	0.000476	0.000000	0.000000	0.000000
352	0.000000	0.000000	0.000000	0.048110	0.951419	0.000471	0.000000	0.000000	0.000000
353	0.000000	0.000000	0.000000	0.048037	0.951498	0.000465	0.000000	0.000000	0.000000
354	0.000000	0.000000	0.000000	0.048098	0.951413	0.000489	0.000000	0.000000	0.000000
355	0.000000	0.000000	0.000000	0.048198	0.951315	0.000487	0.000000	0.000000	0.000000
356	0.000000	0.000000	0.000000	0.048251	0.951220	0.000529	0.000000	0.000000	0.000000
357	0.000000	0.000000	0.000000	0.048342	0.951164	0.000494	0.000000	0.000000	0.000000
358	0.000000	0.000000	0.000000	0.048236	0.951230	0.000534	0.000000	0.000000	0.000000
359	0.000000	0.000000	0.000000	0.048105	0.951364	0.000531	0.000000	0.000000	0.000000
360	0.000000	0.000000	0.000000	0.048098	0.951389	0.000513	0.000000	0.000000	0.000000
361	0.000000	0.000000	0.000000	0.048173	0.951343	0.000484	0.000000	0.000000	0.000000
362	0.000000	0.000000	0.000000	0.048243	0.951270	0.000487	0.000000	0.000000	0.000000
363	0.000000	0.000000	0.000000	0.048252	0.951278	0.000470	0.000000	0.000000	0.000000
364	0.000000	0.000000	0.000000	0.048112	0.951431	0.000457	0.000000	0.000000	0.000000
365	0.000000	0.000000	0.000000	0.047876	0.951649	0.000475	0.000000	0.000000	0.000000
366	0.000000	0.000000	0.000000	0.047820	0.951696	0.000484	0.000000	0.000000	0.000000
367	0.000000	0.000000	0.000000	0.047996	0.951509	0.000495	0.000000	0.000000	0.000000
368	0.000000	0.000000	0.000000	0.048056	0.951476	0.000468	0.000000	0.000000	0.000000
369	0.000000	0.000000	0.000000	0.048123	0.951416	0.000461	0.000000	0.000000	0.000000
370	0.000000	0.000000	0.000000	0.048231	0.951350	0.000419	0.000000	0.000000	0.000000
371	0.000000	0.000000	0.000000	0.048224	0.951359	0.000417	0.000000	0.000000	0.000000
372	0.000000	0.000000	0.000000	0.048221	0.951375	0.000404	0.000000	0.000000	0.000000
373	0.000000	0.000000	0.000000	0.048270	0.951318	0.000412	0.000000	0.000000	0.000000
374	0.000000	0.000000	0.000000	0.048277	0.951326	0.000397	0.000000	0.000000	0.000000
375	0.000000	0.000000	0.000000	0.048272	0.951327	0.000401	0.000000	0.000000	0.000000
376	0.000000	0.000000	0.000000	0.048329	0.951247	0.000424	0.000000	0.000000	0.000000
377	0.000000	0.000000	0.000000	0.048414	0.951159	0.000427	0.000000	0.000000	0.000000
378	0.000000	0.000000	0.000000	0.048444	0.951135	0.000421	0.000000	0.000000	0.000000
379	0.000000	0.000000	0.000000	0.048538	0.951038	0.000424	0.000000	0.000000	0.000000
380	0.000000	0.000000	0.000000	0.048493	0.951081	0.000426	0.000000	0.000000	0.000000
381	0.000000	0.000000	0.000000	0.048594	0.950981	0.000425	0.000000	0.000000	0.000000
382	0.000000	0.000000	0.000000	0.048371	0.951192	0.000437	0.000000	0.000000	0.000000
383	0.000000	0.000000	0.000000	0.048582	0.950979	0.000439	0.000000	0.000000	0.000000
384	0.000000	0.000000	0.000000	0.048590	0.950985	0.000425	0.000000	0.000000	0.000000
385	0.000000	0.000000	0.000000	0.048686	0.950880	0.000434	0.000000	0.000000	0.000000
386	0.000000	0.000000	0.000000	0.048892	0.950677	0.000431	0.000000	0.000000	0.000000
387	0.000000	0.000000	0.000000	0.048883	0.950703	0.000414	0.000000	0.000000	0.000000
388	0.000000	0.000000	0.000000	0.048828	0.950757	0.000415	0.000000	0.000000	0.000000
389	0.000000	0.000000	0.000000	0.048834	0.950747	0.000419	0.000000	0.000000	0.000000
390	0.000000	0.000000	0.000000	0.048871	0.950720	0.000409	0.000000	0.000000	0.000000
391	0.000000	0.000000	0.000000	0.048573	0.951021	0.000406	0.000000	0.000000	0.000000
392	0.000000	0.000000	0.000000	0.048610	0.951010	0.000380	0.000000	0.000000	0.000000
393	0.000000	0.000000	0.000000	0.048489	0.951115	0.000396	0.000000	0.000000	0.000000
394	0.000000	0.000000	0.000000	0.048592	0.951013	0.000395	0.000000	0.000000	0.000000
395	0.000000	0.000000	0.000000	0.048547	0.951073	0.000380	0.000000	0.000000	0.000000
396	0.000000	0.000000	0.000000	0.048310	0.951300	0.000390	0.000000	0.000000	0.000000
397	0.000000	0.000000	0.000000	0.048568	0.951038	0.000394	0.000000	0.000000	0.000000
398	0.000000	0.000000	0.000000	0.048435	0.951158	0.000407	0.000000	0.000000	0.000000
399	0.000000	0.000000	0.000000	0.048461	0.951107	0.000432	0.000000	0.000000	0.000000
400	0.000000	0.000000	0.000000	0.048619	0.950943	0.000438	0.000000	0.000000	0.000000
401	0.000000	0.000000	0.000000	0.048406	0.951196	0.000398	0.000000	0.000000	0.000000
402	0.000000	0.000000	0.000000	0.048234	0.951386	0.000380	0.000000	0.000000	0.000000
403	0.000000	0.000000	0.000000	0.047821	0.951832	0.000347	0.000000	0.000000	0.000000
404	0.000000	0.000000	0.000000	0.048003	0.951632	0.000365	0.000000	0.000000	0.000000
405	0.000000	0.000000	0.000000	0.048252	0.951379	0.000369	0.000000	0.000000	0.000000
406	0.000000	0.000000	0.000000	0.048200	0.951437	0.000363	0.000000	0.000000	0.000000
407	0.000000	0.000000	0.000000	0.048274	0.951324	0.000402	0.000000	0.000000	0.000000
408	0.000000	0.000000	0.000000	0.048026	0.951590	0.000384	0.000000	0.000000	0.000000
409	0.000000	0.000000	0.000000	0.048035	0.951572	0.000393	0.000000	0.000000	0.000000
410	0.000000	0.000000	0.000000	0.048106	0.951502	0.000392	0.000000	0.000000	0.000000
411	0.000000	0.000000	0.000000	0.048160	0.951416	0.000424	0.000000	0.000000	0.000000
412	0.000000	0.000000	0.000000	0.048164	0.951438	0.000398	0.000000	0.000000	0.000000
413	0.000000	0.000000	0.000000	0.048110	0.951501	0.000389	0.000000	0.000000	0.000000
414	0.000000	0.000000	0.000000	0.048153	0.951455	0.000392	0.000000	0.000000	0.000000
415	0.000000	0.000000	0.000000	0.048161	0.951452	0.000387	0.000000	0.000000	0.000000
416	0.000000	0.000000	0.000000	0.048293	0.951336	0.000371	0.000000	0.000000	0.000000
417	0.000000	0.000000	0.000000	0.048233	0.951354	0.000413	0.000000	0.000000	0.000000
418	0.000000	0.000000	0.000000	0.048360	0.951253	0.000387	0.000000	0.000000	0.000000
419	0.000000	0.000000	0.000000	0.048239	0.951385	0.000376	0.000000	0.000000	0.000000
420	0.000000	0.000000	0.000000	0.048219	0.951404	0.000377	0.000000	0.000000	0.000000
421	0.000000	0.000000	0.000000	0.048322	0.951316	0.000362	0.000000	0.000000	0.000000
422	0.000000	0.000000	0.000000	0.048429	0.951220	0.000351	0.000000	0.000000	0.000000
423	0.000000	0.000000	0.000000	0.048191	0.951461	0.000348	0.000000	0.000000	0.000000
424	0.000000	0.000000	0.000000	0.048278	0.951377	0.000345	0.000000	0.000000	0.000000
425	0.000000	0.000000	0.000000	0.048175	0.951452	0.000373	0.000000	0.000000	0.000000
426	0.000000	0.000000	0.000000	0.048055	0.951567	0.000378	0.000000	0.000000	0.000000
427	0.000000	0.000000	0.000000	0.048108	0.951514	0.000378	0.000000	0.000000	0.000000
428	0.000000	0.000000	0.000000	0.048019	0.951613	0.000368	0.000000	0.000000	0.000000
429	0.000000	0.000000	0.000000	0.048239	0.951384	0.000377	0.000000	0.000000	0.000000
430	0.000000	0.000000	0.000000	0.048037	0.951574	0.000389	0.000000	0.000000	0.000000
431	0.000000	0.000000	0.000000	0.048375	0.951238	0.000387	0.000000	0.000000	0.000000
432	0.000000	0.000000	0.000000	0.048462	0.951196	0.000342	0.000000	0.000000	0.000000
433	0.000000	0.000000	0.000000	0.048636	0.951010	0.000354	0.000000	0.000000	0.000000
434	0.000000	0.000000	0.000000	0.048474	0.951203	0.000323	0.000000	0.000000	0.000000
435	0.000000	0.000000	0.000000	0.048368	0.951296	0.000336	0.000000	0.000000	0.000000
436	0.000000	0.000000	0.000000	0.048405	0.951275	0.000320	0.000000	0.000000	0.000000
437	0.000000	0.000000	0.000000	0.048269	0.951387	0.000344	0.000000	0.000000	0.000000
438	0.000000	0.000000	0.000000	0.048357	0.951326	0.000317	0.000000	0.000000	0.000000
439	0.000000	0.000000	0.000000	0.048411	0.951256	0.000333	0.000000	0.000000	0.000000
440	0.000000	0.000000	0.000000	0.048513	0.951160	0.000327	0.000000	0.000000	0.000000
441	0.000000	0.000000	0.000000	0.048598	0.951046	0.000356	0.000000	0.000000	0.000000
442	0.000000	0.000000	0.000000	0.048504	0.951138	0.000358	0.000000	0.000000	0.000000
443	0.000000	0.000000	0.000000	0.048279	0.951359	0.000362	0.000000	0.000000	0.000000
444	0.000000	0.000000	0.000000	0.048222	0.951443	0.000335	0.000000	0.000000	0.000000
445	0.000000	0.000000	0.000000	0.048219	0.951439	0.000342	0.000000	0.000000	0.000000
446	0.000000	0.000000	0.000000	0.048305	0.951349	0.000346	0.000000	0.000000	0.000000
447	0.000000	0.000000	0.000000	0.048053	0.951618	0.000329	0.000000	0.000000	0.000000
448	0.000000	0.000000	0.000000	0.048127	0.951504	0.000369	0.000000	0.000000	0.000000
449	0.000000	0.000000	0.000000	0.048295	0.951356	0.000349	0.000000	0.000000	0.000000
450	0.000000	0.000000	0.000000	0.048199	0.951470	0.000331	0.000000	0.000000	0.000000
451	0.000000	0.000000	0.000000	0.047957	0.951711	0.000332	0.000000	0.000000	0.000000
452	0.000000	0.000000	0.000000	0.048109	0.951548	0.000343	0.000000	0.000000	0.000000
453	0.000000	0.000000	0.000000	0.047842	0.951776	0.000382	0.000000	0.000000	0.000000
454	0.000000	0.000000	0.000000	0.047810	0.951819	0.000371	0.000000	0.000000	0.000000
455	0.000000	0.000000	0.000000	0.047954	0.951670	0.000376	0.000000	0.000000	0.000000
456	0.000000	0.000000	0.000000	0.047935	0.951693	0.000372	0.000000	0.000000	0.000000
457	0.000000	0.000000	0.000000	0.047999	0.951627	0.000374	0.000000	0.000000	0.000000
458	0.000000	0.000000	0.000000	0.048282	0.951349	0.000369	0.000000	0.000000	0.000000
459	0.000000	0.000000	0.000000	0.048138	0.951523	0.000339	0.000000	0.000000	0.000000
460	0.000000	0.000000	0.000000	0.047870	0.951777	0.000353	0.000000	0.000000	0.000000
461	0.000000	0.000000	0.000000	0.047866	0.951767	0.000367	0.000000	0.000000	0.000000
462	0.000000	0.000000	0.000000	0.048016	0.951590	0.000394	0.000000	0.000000	0.000000
463	0.000000	0.000000	0.000000	0.047887	0.951706	0.000407	0.000000	0.000000	0.000000
464	0.000000	0.000000	0.000000	0.047762	0.951843	0.000395	0.000000	0.000000	0.000000
465	0.000000	0.000000	0.000000	0.047834	0.951757	0.000409	0.000000	0.000000	0.000000
466	0.000000	0.000000	0.000000	0.047926	0.951695	0.000379	0.000000	0.000000	0.000000
467	0.000000	0.000000	0.000000	0.047767	0.951827	0.000406	0.000000	0.000000	0.000000
468	0.000000	0.000000	0.000000	0.047598	0.952013	0.000389	0.000000	0.000000	0.000000
469	0.000000	0.000000	0.000000	0.047651	0.951952	0.000397	0.000000	0.000000	0.000000
470	0.000000	0.000000	0.000000	0.047720	0.951862	0.000418	0.000000	0.000000	0.000000
