0	0.290663	0.057897	0.229473	0.157588	0.029913	0.111872	0.085455	0.012259	0.024880
1	0.226271	0.047322	0.195024	0.137826	0.028412	0.118855	0.126394	0.024251	0.095645
2	0.221414	0.045569	0.190315	0.129770	0.028746	0.113616	0.133919	0.025733	0.110918
3	0.222554	0.044491	0.187858	0.122731	0.029835	0.106732	0.138454	0.025704	0.121641
4	0.224548	0.043509	0.185003	0.116415	0.031287	0.100482	0.141632	0.025655	0.131469
5	0.228256	0.042289	0.182166	0.111252	0.032718	0.093157	0.144272	0.025373	0.140517
6	0.231328	0.041162	0.179452	0.106179	0.034426	0.087632	0.145668	0.025054	0.149099
7	0.234257	0.039942	0.175887	0.101177	0.036639	0.081620	0.147967	0.024533	0.157978
8	0.237169	0.038708	0.172204	0.097330	0.038918	0.076364	0.148456	0.023959	0.166892
9	0.240442	0.037704	0.168338	0.093461	0.041019	0.070900	0.149345	0.023325	0.175466
10	0.243699	0.037132	0.163551	0.089237	0.043668	0.065526	0.149716	0.022884	0.184587
11	0.246729	0.036599	0.158792	0.085938	0.046408	0.060497	0.149478	0.022293	0.193266
12	0.249805	0.035694	0.154197	0.082390	0.049359	0.055832	0.149536	0.021497	0.201690
13	0.252679	0.034441	0.149798	0.078971	0.052291	0.052204	0.148161	0.021242	0.210213
14	0.255520	0.033359	0.145757	0.076287	0.055376	0.049064	0.146895	0.020399	0.217343
15	0.258107	0.032142	0.141761	0.073058	0.058851	0.045575	0.146464	0.019686	0.224356
16	0.260215	0.031564	0.136912	0.070286	0.062318	0.042415	0.145065	0.019089	0.232136
17	0.262429	0.030452	0.132317	0.067574	0.066188	0.039513	0.143839	0.018449	0.239239
18	0.264432	0.029468	0.127843	0.064766	0.070351	0.036629	0.142261	0.017936	0.246314
19	0.266239	0.028622	0.123285	0.062164	0.074190	0.034331	0.140913	0.017393	0.252863
20	0.267938	0.027779	0.118567	0.059859	0.078550	0.031865	0.138853	0.016921	0.259668
21	0.269834	0.027013	0.114192	0.057183	0.082823	0.029740	0.136801	0.016419	0.265995
22	0.271151	0.026097	0.110409	0.055070	0.087481	0.027777	0.134592	0.015693	0.271730
23	0.272286	0.025283	0.106053	0.052797	0.092428	0.025821	0.132823	0.015077	0.277432
24	0.273305	0.024603	0.101695	0.050528	0.097813	0.023843	0.130791	0.014582	0.282840
25	0.273780	0.023552	0.097570	0.048792	0.103029	0.022371	0.128709	0.014082	0.288115
26	0.274702	0.022813	0.093494	0.046894	0.108472	0.020767	0.126157	0.013628	0.293073
27	0.274852	0.022070	0.089594	0.045293	0.114179	0.019480	0.123924	0.013221	0.297387
28	0.275317	0.021518	0.085349	0.043397	0.120172	0.017959	0.121664	0.012729	0.301895
29	0.274175	0.020851	0.081404	0.042145	0.126916	0.016816	0.119104	0.012273	0.306316
30	0.273977	0.020114	0.077836	0.040761	0.133686	0.015577	0.116309	0.011811	0.309929
31	0.273547	0.019226	0.074374	0.039597	0.140732	0.014725	0.113428	0.011404	0.312967
32	0.272577	0.018489	0.071011	0.038444	0.147657	0.013808	0.111050	0.010951	0.316013
33	0.271168	0.017954	0.068095	0.037566	0.154891	0.012931	0.108245	0.010604	0.318546
34	0.269618	0.017337	0.065170	0.036418	0.162588	0.011944	0.105161	0.010224	0.321540
35	0.268290	0.016740	0.061942	0.035233	0.170268	0.011319	0.102305	0.009773	0.324130
36	0.267017	0.016106	0.058727	0.034066	0.177960	0.010585	0.099720	0.009253	0.326566
37	0.264838	0.015542	0.056209	0.032881	0.185834	0.009978	0.096728	0.008796	0.329194
38	0.262874	0.014920	0.053241	0.031946	0.193722	0.009459	0.094166	0.008333	0.331339
39	0.260660	0.014326	0.050455	0.030667	0.201875	0.008765	0.091407	0.007888	0.333957
40	0.258246	0.013771	0.048081	0.029970	0.210212	0.008161	0.088505	0.007745	0.335309
41	0.256215	0.013360	0.045113	0.029035	0.218939	0.007751	0.086305	0.007360	0.335922
42	0.253898	0.012951	0.042716	0.028548	0.227539	0.007437	0.083624	0.007033	0.336254
43	0.250622	0.012614	0.040444	0.027702	0.237228	0.006976	0.080863	0.006736	0.336815
44	0.248020	0.012141	0.038291	0.026918	0.246119	0.006483	0.078548	0.006428	0.337052
45	0.244136	0.011587	0.035796	0.026693	0.255579	0.006179	0.076467	0.006086	0.337477
46	0.240707	0.011307	0.033770	0.026334	0.265346	0.005877	0.074122	0.005828	0.336709
47	0.237753	0.010889	0.031725	0.025719	0.274943	0.005549	0.071612	0.005455	0.336355
48	0.234302	0.010543	0.029550	0.025263	0.285043	0.005395	0.069097	0.005143	0.335664
49	0.230685	0.010085	0.027874	0.024997	0.294982	0.005114	0.066586	0.004880	0.334797
50	0.227201	0.009734	0.026003	0.024585	0.304741	0.004836	0.064330	0.004664	0.333906
51	0.223792	0.009322	0.024334	0.024174	0.314660	0.004676	0.061738	0.004481	0.332823
52	0.219878	0.008836	0.022910	0.023845	0.325520	0.004434	0.059590	0.004242	0.330745
53	0.216335	0.008590	0.021463	0.023579	0.335821	0.004225	0.057400	0.004004	0.328583
54	0.212544	0.008260	0.020120	0.023197	0.346133	0.004072	0.055197	0.003788	0.326689
55	0.208230	0.007932	0.018959	0.022846	0.357129	0.003937	0.052977	0.003562	0.324428
56	0.204075	0.007491	0.017638	0.022685	0.367756	0.003821	0.051198	0.003418	0.321918
57	0.199767	0.007124	0.016555	0.022537	0.378704	0.003678	0.049434	0.003232	0.318969
58	0.195531	0.006712	0.015401	0.022152	0.389623	0.003526	0.047301	0.002982	0.316772
59	0.190796	0.006418	0.014488	0.021920	0.400459	0.003319	0.045650	0.002874	0.314076
60	0.186334	0.006129	0.013480	0.021560	0.410827	0.003226	0.043989	0.002826	0.311629
61	0.181958	0.005796	0.012595	0.021246	0.421989	0.003135	0.042413	0.002651	0.308217
62	0.177696	0.005493	0.011560	0.020874	0.433287	0.003081	0.040298	0.002511	0.305200
63	0.173436	0.005228	0.010801	0.020852	0.444135	0.002896	0.038610	0.002347	0.301695
64	0.168989	0.004880	0.010101	0.020677	0.455306	0.002784	0.037245	0.002265	0.297753
65	0.164718	0.004511	0.009334	0.020466	0.466367	0.002714	0.035671	0.002095	0.294124
66	0.160090	0.004214	0.008539	0.020303	0.477531	0.002613	0.034138	0.002022	0.290550
67	0.155715	0.004040	0.008056	0.019984	0.488135	0.002544	0.032672	0.001977	0.286877
68	0.151212	0.003901	0.007584	0.019734	0.499412	0.002482	0.031194	0.001902	0.282579
69	0.146941	0.003676	0.007081	0.019540	0.510272	0.002411	0.029802	0.001766	0.278511
70	0.141877	0.003553	0.006474	0.019508	0.521234	0.002355	0.028305	0.001683	0.275011
71	0.137606	0.003383	0.006101	0.019340	0.532234	0.002222	0.026861	0.001642	0.270611
72	0.133471	0.003198	0.005659	0.019324	0.542516	0.002168	0.025690	0.001564	0.266410
73	0.129534	0.002990	0.005213	0.019119	0.552969	0.002164	0.024456	0.001470	0.262085
74	0.125233	0.002764	0.004823	0.019065	0.563701	0.002123	0.023107	0.001443	0.257741
75	0.120760	0.002635	0.004453	0.019040	0.574064	0.002070	0.022140	0.001353	0.253485
76	0.116614	0.002515	0.004081	0.018865	0.584824	0.001998	0.021135	0.001266	0.248702
77	0.112603	0.002375	0.003853	0.018875	0.594697	0.001925	0.020286	0.001159	0.244227
78	0.108669	0.002199	0.003557	0.018684	0.604760	0.001898	0.019326	0.001091	0.239816
79	0.104416	0.002098	0.003284	0.018644	0.614711	0.001881	0.018437	0.000998	0.235531
80	0.100562	0.001956	0.003071	0.018710	0.624476	0.001847	0.017637	0.000927	0.230814
81	0.096864	0.001897	0.002755	0.018739	0.634193	0.001890	0.016826	0.000822	0.226014
82	0.093363	0.001724	0.002538	0.018446	0.643981	0.001845	0.016047	0.000766	0.221290
83	0.089712	0.001658	0.002362	0.018449	0.653117	0.001774	0.015439	0.000737	0.216752
84	0.086447	0.001547	0.002217	0.018254	0.662405	0.001791	0.014704	0.000737	0.211898
85	0.082617	0.001460	0.002040	0.018179	0.671505	0.001757	0.013884	0.000665	0.207893
86	0.079320	0.001407	0.001856	0.018283	0.680054	0.001724	0.013240	0.000619	0.203497
87	0.076073	0.001342	0.001657	0.018154	0.689041	0.001722	0.012521	0.000579	0.198911
88	0.072717	0.001225	0.001561	0.018001	0.697968	0.001713	0.011882	0.000534	0.194399
89	0.069501	0.001150	0.001458	0.017942	0.706346	0.001737	0.011277	0.000512	0.190077
90	0.066426	0.001037	0.001285	0.017794	0.715217	0.001680	0.010698	0.000466	0.185397
91	0.063376	0.000988	0.001194	0.017655	0.723291	0.001662	0.010177	0.000438	0.181219
92	0.060412	0.000943	0.001122	0.017601	0.731898	0.001600	0.009577	0.000384	0.176463
93	0.057727	0.000886	0.001053	0.017618	0.739591	0.001648	0.009131	0.000365	0.171981
94	0.055235	0.000840	0.000960	0.017820	0.746681	0.001612	0.008760	0.000324	0.167768
95	0.052475	0.000812	0.000890	0.017738	0.754152	0.001565	0.008277	0.000299	0.163792
96	0.049964	0.000754	0.000792	0.017619	0.761689	0.001552	0.007807	0.000297	0.159526
97	0.047593	0.000697	0.000780	0.017559	0.768862	0.001637	0.007418	0.000261	0.155193
98	0.045377	0.000629	0.000732	0.017580	0.776551	0.001623	0.006921	0.000227	0.150360
99	0.042988	0.000569	0.000678	0.017355	0.783674	0.001566	0.006640	0.000184	0.146346
100	0.040739	0.000562	0.000588	0.017355	0.790419	0.001522	0.006369	0.000162	0.142284
101	0.038789	0.000526	0.000552	0.017377	0.797041	0.001556	0.006128	0.000143	0.137888
102	0.036977	0.000478	0.000479	0.017531	0.802849	0.001586	0.005709	0.000127	0.134264
103	0.035129	0.000464	0.000452	0.017676	0.809051	0.001512	0.005399	0.000117	0.130200
104	0.033290	0.000455	0.000412	0.017683	0.815433	0.001462	0.005193	0.000124	0.125948
105	0.031570	0.000400	0.000377	0.017754	0.820921	0.001477	0.004886	0.000113	0.122502
106	0.029805	0.000394	0.000355	0.017728	0.826792	0.001455	0.004607	0.000102	0.118762
107	0.028195	0.000351	0.000306	0.017768	0.832531	0.001423	0.004383	0.000085	0.114958
108	0.026548	0.000327	0.000280	0.017677	0.838429	0.001428	0.004129	0.000083	0.111099
109	0.025189	0.000327	0.000261	0.017623	0.843451	0.001397	0.003929	0.000090	0.107733
110	0.023653	0.000320	0.000243	0.017704	0.848327	0.001424	0.003749	0.000075	0.104505
111	0.022402	0.000296	0.000216	0.017786	0.853289	0.001447	0.003494	0.000080	0.100990
112	0.021121	0.000281	0.000184	0.017868	0.858190	0.001409	0.003297	0.000081	0.097569
113	0.019900	0.000247	0.000176	0.017940	0.862920	0.001445	0.003169	0.000068	0.094135
114	0.018701	0.000245	0.000158	0.017902	0.867697	0.001401	0.002934	0.000065	0.090897
115	0.017591	0.000227	0.000148	0.017883	0.872164	0.001349	0.002768	0.000075	0.087795
116	0.016496	0.000191	0.000126	0.017760	0.876576	0.001361	0.002641	0.000065	0.084784
117	0.015488	0.000181	0.000118	0.018066	0.880214	0.001395	0.002528	0.000051	0.081959
118	0.014595	0.000169	0.000116	0.018037	0.884367	0.001353	0.002381	0.000048	0.078934
119	0.013670	0.000152	0.000094	0.017985	0.888345	0.001341	0.002237	0.000039	0.076137
120	0.012906	0.000126	0.000085	0.018094	0.891854	0.001357	0.002113	0.000026	0.073439
121	0.012174	0.000099	0.000098	0.018138	0.895266	0.001418	0.002039	0.000019	0.070749
122	0.011433	0.000091	0.000080	0.018120	0.898951	0.001391	0.001908	0.000017	0.068009
123	0.010815	0.000083	0.000088	0.018058	0.902491	0.001352	0.001799	0.000011	0.065303
124	0.010087	0.000089	0.000076	0.017928	0.905783	0.001374	0.001738	0.000005	0.062920
125	0.009492	0.000071	0.000067	0.017995	0.908933	0.001374	0.001585	0.000003	0.060480
126	0.008865	0.000063	0.000072	0.017956	0.911699	0.001388	0.001490	0.000003	0.058464
127	0.008273	0.000056	0.000069	0.017845	0.914852	0.001367	0.001395	0.000004	0.056139
128	0.007770	0.000050	0.000053	0.017779	0.917572	0.001410	0.001301	0.000006	0.054059
129	0.007309	0.000039	0.000044	0.017759	0.920394	0.001413	0.001251	0.000005	0.051786
130	0.006836	0.000032	0.000041	0.017668	0.923145	0.001407	0.001187	0.000005	0.049679
131	0.006407	0.000023	0.000035	0.017856	0.925601	0.001437	0.001105	0.000001	0.047535
132	0.005920	0.000018	0.000030	0.017763	0.928239	0.001400	0.001063	0.000001	0.045566
133	0.005526	0.000018	0.000030	0.017866	0.930458	0.001422	0.000981	0.000000	0.043699
134	0.005127	0.000015	0.000030	0.017752	0.932922	0.001392	0.000896	0.000000	0.041866
135	0.004744	0.000011	0.000038	0.017863	0.934855	0.001407	0.000854	0.000000	0.040228
136	0.004373	0.000008	0.000038	0.017759	0.937028	0.001370	0.000772	0.000000	0.038652
137	0.004067	0.000010	0.000035	0.017778	0.939002	0.001424	0.000701	0.000000	0.036983
138	0.003773	0.000007	0.000024	0.017819	0.941016	0.001413	0.000658	0.000000	0.035290
139	0.003450	0.000007	0.000013	0.017851	0.942947	0.001385	0.000624	0.000000	0.033723
140	0.003223	0.000007	0.000008	0.017901	0.944592	0.001375	0.000550	0.000000	0.032344
141	0.002970	0.000002	0.000006	0.017873	0.946337	0.001413	0.000548	0.000000	0.030851
142	0.002771	0.000002	0.000004	0.017820	0.947874	0.001437	0.000472	0.000000	0.029620
143	0.002568	0.000000	0.000003	0.017741	0.949582	0.001446	0.000433	0.000000	0.028227
144	0.002372	0.000000	0.000001	0.017707	0.951101	0.001450	0.000421	0.000000	0.026948
145	0.002214	0.000000	0.000001	0.017673	0.952468	0.001435	0.000363	0.000000	0.025846
146	0.001996	0.000000	0.000001	0.017799	0.953774	0.001403	0.000350	0.000000	0.024677
147	0.001783	0.000000	0.000001	0.017754	0.955420	0.001429	0.000311	0.000000	0.023302
148	0.001587	0.000000	0.000000	0.017758	0.956683	0.001431	0.000272	0.000000	0.022269
149	0.001428	0.000000	0.000000	0.017795	0.957872	0.001398	0.000255	0.000000	0.021252
150	0.001314	0.000000	0.000000	0.017780	0.958938	0.001483	0.000227	0.000000	0.020258
151	0.001255	0.000000	0.000000	0.017777	0.960063	0.001459	0.000193	0.000000	0.019253
152	0.001142	0.000000	0.000000	0.017895	0.961111	0.001430	0.000182	0.000000	0.018240
153	0.001058	0.000000	0.000000	0.017717	0.962402	0.001399	0.000146	0.000000	0.017278
154	0.000943	0.000000	0.000000	0.017919	0.963222	0.001330	0.000142	0.000000	0.016444
155	0.000812	0.000000	0.000000	0.017926	0.964092	0.001374	0.000130	0.000000	0.015666
156	0.000739	0.000000	0.000000	0.017972	0.964880	0.001361	0.000118	0.000000	0.014930
157	0.000672	0.000000	0.000000	0.018044	0.965554	0.001367	0.000108	0.000000	0.014255
158	0.000618	0.000000	0.000000	0.018061	0.966227	0.001389	0.000084	0.000000	0.013621
159	0.000562	0.000000	0.000000	0.017930	0.967057	0.001413	0.000085	0.000000	0.012953
160	0.000503	0.000000	0.000000	0.017962	0.967579	0.001426	0.000077	0.000000	0.012453
161	0.000457	0.000000	0.000000	0.018079	0.968123	0.001431	0.000075	0.000000	0.011835
162	0.000396	0.000000	0.000000	0.018277	0.968732	0.001384	0.000069	0.000000	0.011142
163	0.000367	0.000000	0.000000	0.018340	0.969197	0.001433	0.000068	0.000000	0.010595
164	0.000319	0.000000	0.000000	0.018265	0.969704	0.001447	0.000075	0.000000	0.010190
165	0.000291	0.000000	0.000000	0.018160	0.970376	0.001512	0.000073	0.000000	0.009588
166	0.000250	0.000000	0.000000	0.018168	0.970882	0.001499	0.000076	0.000000	0.009125
167	0.000235	0.000000	0.000000	0.018219	0.971269	0.001510	0.000067	0.000000	0.008700
168	0.000200	0.000000	0.000000	0.018349	0.971606	0.001469	0.000065	0.000000	0.008311
169	0.000182	0.000000	0.000000	0.018266	0.972195	0.001396	0.000065	0.000000	0.007896
170	0.000158	0.000000	0.000000	0.018199	0.972636	0.001400	0.000051	0.000000	0.007556
171	0.000148	0.000000	0.000000	0.018290	0.972887	0.001413	0.000042	0.000000	0.007220
172	0.000131	0.000000	0.000000	0.018281	0.973272	0.001381	0.000046	0.000000	0.006889
173	0.000122	0.000000	0.000000	0.018228	0.973645	0.001406	0.000045	0.000000	0.006554
174	0.000121	0.000000	0.000000	0.018314	0.973853	0.001424	0.000044	0.000000	0.006244
175	0.000107	0.000000	0.000000	0.018241	0.974294	0.001479	0.000042	0.000000	0.005837
176	0.000111	0.000000	0.000000	0.018106	0.974705	0.001474	0.000045	0.000000	0.005559
177	0.000102	0.000000	0.000000	0.018050	0.975038	0.001433	0.000052	0.000000	0.005325
178	0.000086	0.000000	0.000000	0.018080	0.975274	0.001433	0.000050	0.000000	0.005077
179	0.000069	0.000000	0.000000	0.018112	0.975421	0.001478	0.000042	0.000000	0.004878
180	0.000067	0.000000	0.000000	0.018352	0.975455	0.001481	0.000046	0.000000	0.004599
181	0.000063	0.000000	0.000000	0.018307	0.975708	0.001465	0.000039	0.000000	0.004418
182	0.000068	0.000000	0.000000	0.018325	0.975977	0.001448	0.000033	0.000000	0.004149
183	0.000058	0.000000	0.000000	0.018267	0.976222	0.001455	0.000040	0.000000	0.003958
184	0.000057	0.000000	0.000000	0.018001	0.976697	0.001455	0.000038	0.000000	0.003752
185	0.000060	0.000000	0.000000	0.018193	0.976670	0.001460	0.000039	0.000000	0.003578
186	0.000056	0.000000	0.000000	0.018332	0.976720	0.001455	0.000036	0.000000	0.003401
187	0.000054	0.000000	0.000000	0.018252	0.976967	0.001474	0.000028	0.000000	0.003225
188	0.000049	0.000000	0.000000	0.018231	0.977227	0.001392	0.000029	0.000000	0.003072
189	0.000040	0.000000	0.000000	0.018163	0.977401	0.001424	0.000024	0.000000	0.002948
190	0.000033	0.000000	0.000000	0.018204	0.977554	0.001387	0.000020	0.000000	0.002802
191	0.000024	0.000000	0.000000	0.018050	0.977830	0.001396	0.000017	0.000000	0.002683
192	0.000023	0.000000	0.000000	0.018088	0.977959	0.001342	0.000017	0.000000	0.002571
193	0.000020	0.000000	0.000000	0.018075	0.978202	0.001305	0.000016	0.000000	0.002382
194	0.000014	0.000000	0.000000	0.018073	0.978239	0.001334	0.000015	0.000000	0.002325
195	0.000017	0.000000	0.000000	0.018176	0.978282	0.001299	0.000012	0.000000	0.002214
196	0.000014	0.000000	0.000000	0.018114	0.978448	0.001294	0.000009	0.000000	0.002121
197	0.000013	0.000000	0.000000	0.017983	0.978629	0.001338	0.000007	0.000000	0.002030
198	0.000010	0.000000	0.000000	0.018038	0.978608	0.001380	0.000006	0.000000	0.001958
199	0.000009	0.000000	0.000000	0.017952	0.978776	0.001377	0.000006	0.000000	0.001880
200	0.000008	0.000000	0.000000	0.017894	0.978903	0.001394	0.000002	0.000000	0.001799
201	0.000004	0.000000	0.000000	0.017814	0.979041	0.001400	0.000000	0.000000	0.001741
202	0.000006	0.000000	0.000000	0.017699	0.979265	0.001381	0.000000	0.000000	0.001649
203	0.000005	0.000000	0.000000	0.017759	0.979317	0.001358	0.000000	0.000000	0.001561
204	0.000003	0.000000	0.000000	0.017935	0.979158	0.001400	0.000000	0.000000	0.001504
205	0.000005	0.000000	0.000000	0.018003	0.979210	0.001318	0.000000	0.000000	0.001464
206	0.000003	0.000000	0.000000	0.018065	0.979216	0.001321	0.000000	0.000000	0.001395
207	0.000005	0.000000	0.000000	0.017995	0.979322	0.001359	0.000000	0.000000	0.001319
208	0.000002	0.000000	0.000000	0.018023	0.979324	0.001360	0.000000	0.000000	0.001291
209	0.000003	0.000000	0.000000	0.017876	0.979605	0.001298	0.000000	0.000000	0.001218
210	0.000004	0.000000	0.000000	0.017868	0.979657	0.001297	0.000000	0.000000	0.001174
211	0.000003	0.000000	0.000000	0.017797	0.979731	0.001331	0.000000	0.000000	0.001138
212	0.000003	0.000000	0.000000	0.017804	0.979800	0.001302	0.000000	0.000000	0.001091
213	0.000001	0.000000	0.000000	0.017692	0.979928	0.001328	0.000000	0.000000	0.001051
214	0.000000	0.000000	0.000000	0.017576	0.980093	0.001324	0.000000	0.000000	0.001007
215	0.000000	0.000000	0.000000	0.017550	0.980102	0.001360	0.000000	0.000000	0.000988
216	0.000000	0.000000	0.000000	0.017489	0.980244	0.001324	0.000000	0.000000	0.000943
217	0.000000	0.000000	0.000000	0.017408	0.980390	0.001290	0.000000	0.000000	0.000912
218	0.000000	0.000000	0.000000	0.017386	0.980497	0.001217	0.000000	0.000000	0.000900
219	0.000000	0.000000	0.000000	0.017309	0.980562	0.001253	0.000000	0.000000	0.000876
220	0.000000	0.000000	0.000000	0.017445	0.980512	0.001203	0.000000	0.000000	0.000840
221	0.000000	0.000000	0.000000	0.017370	0.980599	0.001218	0.000000	0.000000	0.000813
222	0.000000	0.000000	0.000000	0.017659	0.980403	0.001159	0.000000	0.000000	0.000779
223	0.000000	0.000000	0.000000	0.017556	0.980518	0.001187	0.000000	0.000000	0.000739
224	0.000000	0.000000	0.000000	0.017684	0.980442	0.001167	0.000000	0.000000	0.000707
225	0.000000	0.000000	0.000000	0.017771	0.980386	0.001153	0.000000	0.000000	0.000690
226	0.000000	0.000000	0.000000	0.017605	0.980605	0.001155	0.000000	0.000000	0.000635
227	0.000000	0.000000	0.000000	0.017670	0.980561	0.001158	0.000000	0.000000	0.000611
228	0.000000	0.000000	0.000000	0.017814	0.980421	0.001181	0.000000	0.000000	0.000584
229	0.000000	0.000000	0.000000	0.017830	0.980460	0.001150	0.000000	0.000000	0.000560
230	0.000000	0.000000	0.000000	0.017854	0.980476	0.001129	0.000000	0.000000	0.000541
231	0.000000	0.000000	0.000000	0.017905	0.980434	0.001143	0.000000	0.000000	0.000518
232	0.000000	0.000000	0.000000	0.017882	0.980382	0.001237	0.000000	0.000000	0.000499
233	0.000000	0.000000	0.000000	0.017954	0.980402	0.001173	0.000000	0.000000	0.000471
234	0.000000	0.000000	0.000000	0.017904	0.980536	0.001133	0.000000	0.000000	0.000427
235	0.000000	0.000000	0.000000	0.017814	0.980632	0.001132	0.000000	0.000000	0.000422
236	0.000000	0.000000	0.000000	0.017815	0.980710	0.001075	0.000000	0.000000	0.000400
237	0.000000	0.000000	0.000000	0.017925	0.980597	0.001091	0.000000	0.000000	0.000387
238	0.000000	0.000000	0.000000	0.017906	0.980628	0.001100	0.000000	0.000000	0.000366
239	0.000000	0.000000	0.000000	0.017855	0.980723	0.001080	0.000000	0.000000	0.000342
240	0.000000	0.000000	0.000000	0.017927	0.980602	0.001139	0.000000	0.000000	0.000332
241	0.000000	0.000000	0.000000	0.017928	0.980628	0.001128	0.000000	0.000000	0.000316
242	0.000000	0.000000	0.000000	0.017927	0.980651	0.001124	0.000000	0.000000	0.000298
243	0.000000	0.000000	0.000000	0.018093	0.980545	0.001083	0.000000	0.000000	0.000279
244	0.000000	0.000000	0.000000	0.018158	0.980464	0.001111	0.000000	0.000000	0.000267
245	0.000000	0.000000	0.000000	0.017965	0.980653	0.001116	0.000000	0.000000	0.000266
246	0.000000	0.000000	0.000000	0.018123	0.980536	0.001077	0.000000	0.000000	0.000264
247	0.000000	0.000000	0.000000	0.018156	0.980502	0.001100	0.000000	0.000000	0.000242
248	0.000000	0.000000	0.000000	0.018235	0.980455	0.001095	0.000000	0.000000	0.000215
249	0.000000	0.000000	0.000000	0.018314	0.980324	0.001164	0.000000	0.000000	0.000198
250	0.000000	0.000000	0.000000	0.018338	0.980363	0.001116	0.000000	0.000000	0.000183
251	0.000000	0.000000	0.000000	0.018439	0.980287	0.001100	0.000000	0.000000	0.000174
252	0.000000	0.000000	0.000000	0.018445	0.980315	0.001084	0.000000	0.000000	0.000156
253	0.000000	0.000000	0.000000	0.018526	0.980250	0.001080	0.000000	0.000000	0.000144
254	0.000000	0.000000	0.000000	0.018526	0.980256	0.001073	0.000000	0.000000	0.000145
255	0.000000	0.000000	0.000000	0.018586	0.980172	0.001115	0.000000	0.000000	0.000127
256	0.000000	0.000000	0.000000	0.018688	0.980081	0.001111	0.000000	0.000000	0.000120
257	0.000000	0.000000	0.000000	0.018601	0.980183	0.001105	0.000000	0.000000	0.000111
258	0.000000	0.000000	0.000000	0.018545	0.980234	0.001119	0.000000	0.000000	0.000102
259	0.000000	0.000000	0.000000	0.018600	0.980227	0.001075	0.000000	0.000000	0.000098
260	0.000000	0.000000	0.000000	0.018628	0.980199	0.001086	0.000000	0.000000	0.000087
261	0.000000	0.000000	0.000000	0.018478	0.980371	0.001067	0.000000	0.000000	0.000084
262	0.000000	0.000000	0.000000	0.018431	0.980418	0.001080	0.000000	0.000000	0.000071
263	0.000000	0.000000	0.000000	0.018313	0.980516	0.001104	0.000000	0.000000	0.000067
264	0.000000	0.000000	0.000000	0.018421	0.980423	0.001102	0.000000	0.000000	0.000054
265	0.000000	0.000000	0.000000	0.018446	0.980420	0.001084	0.000000	0.000000	0.000050
266	0.000000	0.000000	0.000000	0.018350	0.980474	0.001131	0.000000	0.000000	0.000045
267	0.000000	0.000000	0.000000	0.018514	0.980324	0.001124	0.000000	0.000000	0.000038
268	0.000000	0.000000	0.000000	0.018408	0.980432	0.001124	0.000000	0.000000	0.000036
269	0.000000	0.000000	0.000000	0.018474	0.980368	0.001114	0.000000	0.000000	0.000044
270	0.000000	0.000000	0.000000	0.018387	0.980457	0.001116	0.000000	0.000000	0.000040
271	0.000000	0.000000	0.000000	0.018422	0.980450	0.001101	0.000000	0.000000	0.000027
272	0.000000	0.000000	0.000000	0.018701	0.980169	0.001107	0.000000	0.000000	0.000023
273	0.000000	0.000000	0.000000	0.018675	0.980225	0.001079	0.000000	0.000000	0.000021
274	0.000000	0.000000	0.000000	0.018633	0.980303	0.001044	0.000000	0.000000	0.000020
275	0.000000	0.000000	0.000000	0.018569	0.980297	0.001116	0.000000	0.000000	0.000018
276	0.000000	0.000000	0.000000	0.018441	0.980446	0.001091	0.000000	0.000000	0.000022
277	0.000000	0.000000	0.000000	0.018501	0.980396	0.001083	0.000000	0.000000	0.000020
278	0.000000	0.000000	0.000000	0.018626	0.980290	0.001065	0.000000	0.000000	0.000019
279	0.000000	0.000000	0.000000	0.018520	0.980417	0.001049	0.000000	0.000000	0.000014
280	0.000000	0.000000	0.000000	0.018592	0.980287	0.001104	0.000000	0.000000	0.000017
281	0.000000	0.000000	0.000000	0.018419	0.980460	0.001107	0.000000	0.000000	0.000014
282	0.000000	0.000000	0.000000	0.018411	0.980508	0.001074	0.000000	0.000000	0.000007
283	0.000000	0.000000	0.000000	0.018271	0.980617	0.001103	0.000000	0.000000	0.000009
284	0.000000	0.000000	0.000000	0.018341	0.980560	0.001091	0.000000	0.000000	0.000008
285	0.000000	0.000000	0.000000	0.018556	0.980354	0.001085	0.000000	0.000000	0.000005
286	0.000000	0.000000	0.000000	0.018457	0.980487	0.001055	0.000000	0.000000	0.000001
287	0.000000	0.000000	0.000000	0.018393	0.980565	0.001041	0.000000	0.000000	0.000001
288	0.000000	0.000000	0.000000	0.018467	0.980495	0.001037	0.000000	0.000000	0.000001
289	0.000000	0.000000	0.000000	0.018434	0.980527	0.001038	0.000000	0.000000	0.000001
290	0.000000	0.000000	0.000000	0.018497	0.980486	0.001017	0.000000	0.000000	0.000000
291	0.000000	0.000000	0.000000	0.018514	0.980437	0.001049	0.000000	0.000000	0.000000
292	0.000000	0.000000	0.000000	0.018479	0.980486	0.001035	0.000000	0.000000	0.000000
293	0.000000	0.000000	0.000000	0.018388	0.980575	0.001037	0.000000	0.000000	0.000000
294	0.000000	0.000000	0.000000	0.018342	0.980579	0.001079	0.000000	0.000000	0.000000
295	0.000000	0.000000	0.000000	0.018256	0.980653	0.001091	0.000000	0.000000	0.000000
296	0.000000	0.000000	0.000000	0.018262	0.980604	0.001134	0.000000	0.000000	0.000000
297	0.000000	0.000000	0.000000	0.018324	0.980550	0.001126	0.000000	0.000000	0.000000
298	0.000000	0.000000	0.000000	0.018247	0.980577	0.001176	0.000000	0.000000	0.000000
299	0.000000	0.000000	0.000000	0.018127	0.980729	0.001144	0.000000	0.000000	0.000000
300	0.000000	0.000000	0.000000	0.018100	0.980731	0.001169	0.000000	0.000000	0.000000
301	0.000000	0.000000	0.000000	0.018111	0.980728	0.001161	0.000000	0.000000	0.000000
302	0.000000	0.000000	0.000000	0.018063	0.980797	0.001140	0.000000	0.000000	0.000000
303	0.000000	0.000000	0.000000	0.017867	0.980978	0.001155	0.000000	0.000000	0.000000
304	0.000000	0.000000	0.000000	0.017976	0.980917	0.001107	0.000000	0.000000	0.000000
305	0.000000	0.000000	0.000000	0.017987	0.980859	0.001154	0.000000	0.000000	0.000000
306	0.000000	0.000000	0.000000	0.017871	0.980962	0.001167	0.000000	0.000000	0.000000
307	0.000000	0.000000	0.000000	0.018084	0.980717	0.001199	0.000000	0.000000	0.000000
308	0.000000	0.000000	0.000000	0.018238	0.980607	0.001155	0.000000	0.000000	0.000000
309	0.000000	0.000000	0.000000	0.018392	0.980479	0.001129	0.000000	0.000000	0.000000
310	0.000000	0.000000	0.000000	0.018492	0.980404	0.001104	0.000000	0.000000	0.000000
311	0.000000	0.000000	0.000000	0.018291	0.980621	0.001088	0.000000	0.000000	0.000000
312	0.000000	0.000000	0.000000	0.018215	0.980673	0.001112	0.000000	0.000000	0.000000
313	0.000000	0.000000	0.000000	0.018394	0.980448	0.001158	0.000000	0.000000	0.000000
314	0.000000	0.000000	0.000000	0.018446	0.980394	0.001160	0.000000	0.000000	0.000000
315	0.000000	0.000000	0.000000	0.018375	0.980504	0.001121	0.000000	0.000000	0.000000
316	0.000000	0.000000	0.000000	0.018419	0.980429	0.001152	0.000000	0.000000	0.000000
317	0.000000	0.000000	0.000000	0.018414	0.980433	0.001153	0.000000	0.000000	0.000000
318	0.000000	0.000000	0.000000	0.018403	0.980420	0.001177	0.000000	0.000000	0.000000
319	0.000000	0.000000	0.000000	0.018428	0.980409	0.001163	0.000000	0.000000	0.000000
320	0.000000	0.000000	0.000000	0.018421	0.980465	0.001114	0.000000	0.000000	0.000000
321	0.000000	0.000000	0.000000	0.018257	0.980581	0.001162	0.000000	0.000000	0.000000
322	0.000000	0.000000	0.000000	0.018411	0.980495	0.001094	0.000000	0.000000	0.000000
323	0.000000	0.000000	0.000000	0.018599	0.980281	0.001120	0.000000	0.000000	0.000000
324	0.000000	0.000000	0.000000	0.018530	0.980301	0.001169	0.000000	0.000000	0.000000
325	0.000000	0.000000	0.000000	0.018494	0.980302	0.001204	0.000000	0.000000	0.000000
326	0.000000	0.000000	0.000000	0.018710	0.980076	0.001214	0.000000	0.000000	0.000000
327	0.000000	0.000000	0.000000	0.018692	0.980088	0.001220	0.000000	0.000000	0.000000
328	0.000000	0.000000	0.000000	0.018917	0.979882	0.001201	0.000000	0.000000	0.000000
329	0.000000	0.000000	0.000000	0.019031	0.979775	0.001194	0.000000	0.000000	0.000000
330	0.000000	0.000000	0.000000	0.018927	0.979860	0.001213	0.000000	0.000000	0.000000
331	0.000000	0.000000	0.000000	0.019007	0.979783	0.001210	0.000000	0.000000	0.000000
332	0.000000	0.000000	0.000000	0.018863	0.979875	0.001262	0.000000	0.000000	0.000000
333	0.000000	0.000000	0.000000	0.018914	0.979882	0.001204	0.000000	0.000000	0.000000
334	0.000000	0.000000	0.000000	0.018987	0.979777	0.001236	0.000000	0.000000	0.000000
335	0.000000	0.000000	0.000000	0.018969	0.979833	0.001198	0.000000	0.000000	0.000000
336	0.000000	0.000000	0.000000	0.018869	0.979932	0.001199	0.000000	0.000000	0.000000
337	0.000000	0.000000	0.000000	0.018829	0.979969	0.001202	0.000000	0.000000	0.000000
338	0.000000	0.000000	0.000000	0.018805	0.979991	0.001204	0.000000	0.000000	0.000000
339	0.000000	0.000000	0.000000	0.018874	0.979949	0.001177	0.000000	0.000000	0.000000
340	0.000000	0.000000	0.000000	0.018962	0.979851	0.001187	0.000000	0.000000	0.000000
341	0.000000	0.000000	0.000000	0.019000	0.979785	0.001215	0.000000	0.000000	0.000000
342	0.000000	0.000000	0.000000	0.019122	0.979643	0.001235	0.000000	0.000000	0.000000
343	0.000000	0.000000	0.000000	0.019121	0.979643	0.001236	0.000000	0.000000	0.000000
344	0.000000	0.000000	0.000000	0.019253	0.979559	0.001188	0.000000	0.000000	0.000000
345	0.000000	0.000000	0.000000	0.019184	0.979642	0.001174	0.000000	0.000000	0.000000
346	0.000000	0.000000	0.000000	0.019129	0.979667	0.001204	0.000000	0.000000	0.000000
347	0.000000	0.000000	0.000000	0.019120	0.979709	0.001171	0.000000	0.000000	0.000000
348	0.000000	0.000000	0.000000	0.019232	0.979619	0.001149	0.000000	0.000000	0.000000
349	0.000000	0.000000	0.000000	0.019348	0.979412	0.001240	0.000000	0.000000	0.000000
350	0.000000	0.000000	0.000000	0.019209	0.979556	0.001235	0.000000	0.000000	0.000000
351	0.000000	0.000000	0.000000	0.019350	0.979429	0.001221	0.000000	0.000000	0.000000
352	0.000000	0.000000	0.000000	0.019363	0.979388	0.001249	0.000000	0.000000	0.000000
353	0.000000	0.000000	0.000000	0.019382	0.979371	0.001247	0.000000	0.000000	0.000000
354	0.000000	0.000000	0.000000	0.019443	0.979344	0.001213	0.000000	0.000000	0.000000
355	0.000000	0.000000	0.000000	0.019494	0.979305	0.001201	0.000000	0.000000	0.000000
356	0.000000	0.000000	0.000000	0.019479	0.979319	0.001202	0.000000	0.000000	0.000000
357	0.000000	0.000000	0.000000	0.019501	0.979256	0.001243	0.000000	0.000000	0.000000
358	0.000000	0.000000	0.000000	0.019669	0.979101	0.001230	0.000000	0.000000	0.000000
359	0.000000	0.000000	0.000000	0.019556	0.979185	0.001259	0.000000	0.000000	0.000000
360	0.000000	0.000000	0.000000	0.019347	0.979397	0.001256	0.000000	0.000000	0.000000
361	0.000000	0.000000	0.000000	0.019470	0.979230	0.001300	0.000000	0.000000	0.000000
362	0.000000	0.000000	0.000000	0.019350	0.979350	0.001300	0.000000	0.000000	0.000000
363	0.000000	0.000000	0.000000	0.019401	0.979311	0.001288	0.000000	0.000000	0.000000
364	0.000000	0.000000	0.000000	0.019409	0.979274	0.001317	0.000000	0.000000	0.000000
365	0.000000	0.000000	0.000000	0.019343	0.979354	0.001303	0.000000	0.000000	0.000000
366	0.000000	0.000000	0.000000	0.019166	0.979523	0.001311	0.000000	0.000000	0.000000
367	0.000000	0.000000	0.000000	0.019112	0.979526	0.001362	0.000000	0.000000	0.000000
368	0.000000	0.000000	0.000000	0.019106	0.979567	0.001327	0.000000	0.000000	0.000000
369	0.000000	0.000000	0.000000	0.019005	0.979623	0.001372	0.000000	0.000000	0.000000
370	0.000000	0.000000	0.000000	0.019092	0.979467	0.001441	0.000000	0.000000	0.000000
371	0.000000	0.000000	0.000000	0.019043	0.979580	0.001377	0.000000	0.000000	0.000000
372	0.000000	0.000000	0.000000	0.019019	0.979568	0.001413	0.000000	0.000000	0.000000
373	0.000000	0.000000	0.000000	0.019090	0.979501	0.001409	0.000000	0.000000	0.000000
374	0.000000	0.000000	0.000000	0.019044	0.979569	0.001387	0.000000	0.000000	0.000000
375	0.000000	0.000000	0.000000	0.018995	0.979560	0.001445	0.000000	0.000000	0.000000
376	0.000000	0.000000	0.000000	0.019088	0.979469	0.001443	0.000000	0.000000	0.000000
377	0.000000	0.000000	0.000000	0.019092	0.979486	0.001422	0.000000	0.000000	0.000000
378	0.000000	0.000000	0.000000	0.019285	0.979335	0.001380	0.000000	0.000000	0.000000
379	0.000000	0.000000	0.000000	0.019187	0.979443	0.001370	0.000000	0.000000	0.000000
380	0.000000	0.000000	0.000000	0.019065	0.979607	0.001328	0.000000	0.000000	0.000000
381	0.000000	0.000000	0.000000	0.018970	0.979629	0.001401	0.000000	0.000000	0.000000
382	0.000000	0.000000	0.000000	0.018976	0.979652	0.001372	0.000000	0.000000	0.000000
383	0.000000	0.000000	0.000000	0.019020	0.979627	0.001353	0.000000	0.000000	0.000000
384	0.000000	0.000000	0.000000	0.018913	0.979746	0.001341	0.000000	0.000000	0.000000
385	0.000000	0.000000	0.000000	0.018806	0.979801	0.001393	0.000000	0.000000	0.000000
386	0.000000	0.000000	0.000000	0.018651	0.979994	0.001355	0.000000	0.000000	0.000000
387	0.000000	0.000000	0.000000	0.018634	0.980048	0.001318	0.000000	0.000000	0.000000
388	0.000000	0.000000	0.000000	0.018522	0.980095	0.001383	0.000000	0.000000	0.000000
389	0.000000	0.000000	0.000000	0.018543	0.980077	0.001380	0.000000	0.000000	0.000000
390	0.000000	0.000000	0.000000	0.018861	0.979814	0.001325	0.000000	0.000000	0.000000
391	0.000000	0.000000	0.000000	0.018740	0.979913	0.001347	0.000000	0.000000	0.000000
392	0.000000	0.000000	0.000000	0.018855	0.979828	0.001317	0.000000	0.000000	0.000000
393	0.000000	0.000000	0.000000	0.018858	0.979805	0.001337	0.000000	0.000000	0.000000
394	0.000000	0.000000	0.000000	0.018613	0.980088	0.001299	0.000000	0.000000	0.000000
395	0.000000	0.000000	0.000000	0.018662	0.980002	0.001336	0.000000	0.000000	0.000000
396	0.000000	0.000000	0.000000	0.018613	0.980067	0.001320	0.000000	0.000000	0.000000
397	0.000000	0.000000	0.000000	0.018613	0.980088	0.001299	0.000000	0.000000	0.000000
398	0.000000	0.000000	0.000000	0.018524	0.980158	0.001318	0.000000	0.000000	0.000000
399	0.000000	0.000000	0.000000	0.018519	0.980168	0.001313	0.000000	0.000000	0.000000
400	0.000000	0.000000	0.000000	0.018627	0.980040	0.001333	0.000000	0.000000	0.000000
401	0.000000	0.000000	0.000000	0.018663	0.979968	0.001369	0.000000	0.000000	0.000000
402	0.000000	0.000000	0.000000	0.018621	0.979970	0.001409	0.000000	0.000000	0.000000
403	0.000000	0.000000	0.000000	0.018613	0.980050	0.001337	0.000000	0.000000	0.000000
404	0.000000	0.000000	0.000000	0.018622	0.980038	0.001340	0.000000	0.000000	0.000000
405	0.000000	0.000000	0.000000	0.018635	0.979961	0.001404	0.000000	0.000000	0.000000
406	0.000000	0.000000	0.000000	0.018619	0.979996	0.001385	0.000000	0.000000	0.000000
407	0.000000	0.000000	0.000000	0.018637	0.980019	0.001344	0.000000	0.000000	0.000000
408	0.000000	0.000000	0.000000	0.018498	0.980141	0.001361	0.000000	0.000000	0.000000
409	0.000000	0.000000	0.000000	0.018453	0.980141	0.001406	0.000000	0.000000	0.000000
410	0.000000	0.000000	0.000000	0.018572	0.980041	0.001387	0.000000	0.000000	0.000000
411	0.000000	0.000000	0.000000	0.018374	0.980228	0.001398	0.000000	0.000000	0.000000
412	0.000000	0.000000	0.000000	0.018507	0.980083	0.001410	0.000000	0.000000	0.000000
413	0.000000	0.000000	0.000000	0.018575	0.980010	0.001415	0.000000	0.000000	0.000000
414	0.000000	0.000000	0.000000	0.018656	0.979927	0.001417	0.000000	0.000000	0.000000
415	0.000000	0.000000	0.000000	0.018636	0.979940	0.001424	0.000000	0.000000	0.000000
416	0.000000	0.000000	0.000000	0.018574	0.980055	0.001371	0.000000	0.000000	0.000000
417	0.000000	0.000000	0.000000	0.018477	0.980096	0.001427	0.000000	0.000000	0.000000
418	0.000000	0.000000	0.000000	0.018398	0.980198	0.001404	0.000000	0.000000	0.000000
419	0.000000	0.000000	0.000000	0.018336	0.980199	0.001465	0.000000	0.000000	0.000000
420	0.000000	0.000000	0.000000	0.018314	0.980237	0.001449	0.000000	0.000000	0.000000
421	0.000000	0.000000	0.000000	0.018326	0.980233	0.001441	0.000000	0.000000	0.000000
422	0.000000	0.000000	0.000000	0.018238	0.980328	0.001434	0.000000	0.000000	0.000000
423	0.000000	0.000000	0.000000	0.018266	0.980337	0.001397	0.000000	0.000000	0.000000
424	0.000000	0.000000	0.000000	0.018150	0.980407	0.001443	0.000000	0.000000	0.000000
425	0.000000	0.000000	0.000000	0.018166	0.980417	0.001417	0.000000	0.000000	0.000000
426	0.000000	0.000000	0.000000	0.018191	0.980429	0.001380	0.000000	0.000000	0.000000
427	0.000000	0.000000	0.000000	0.017970	0.980642	0.001388	0.000000	0.000000	0.000000
428	0.000000	0.000000	0.000000	0.017949	0.980701	0.001350	0.000000	0.000000	0.000000
429	0.000000	0.000000	0.000000	0.017915	0.980719	0.001366	0.000000	0.000000	0.000000
430	0.000000	0.000000	0.000000	0.018045	0.980592	0.001363	0.000000	0.000000	0.000000
431	0.000000	0.000000	0.000000	0.018085	0.980584	0.001331	0.000000	0.000000	0.000000
432	0.000000	0.000000	0.000000	0.018297	0.980366	0.001337	0.000000	0.000000	0.000000
433	0.000000	0.000000	0.000000	0.018216	0.980415	0.001369	0.000000	0.000000	0.000000
434	0.000000	0.000000	0.000000	0.018017	0.980591	0.001392	0.000000	0.000000	0.000000
435	0.000000	0.000000	0.000000	0.018134	0.980484	0.001382	0.000000	0.000000	0.000000
436	0.000000	0.000000	0.000000	0.018211	0.980454	0.001335	0.000000	0.000000	0.000000
437	0.000000	0.000000	0.000000	0.018410	0.980256	0.001334	0.000000	0.000000	0.000000
438	0.000000	0.000000	0.000000	0.018298	0.980403	0.001299	0.000000	0.000000	0.000000
439	0.000000	0.000000	0.000000	0.018355	0.980337	0.001308	0.000000	0.000000	0.000000
440	0.000000	0.000000	0.000000	0.018353	0.980367	0.001280	0.000000	0.000000	0.000000
441	0.000000	0.000000	0.000000	0.018346	0.980373	0.001281	0.000000	0.000000	0.000000
442	0.000000	0.000000	0.000000	0.018343	0.980424	0.001233	0.000000	0.000000	0.000000
443	0.000000	0.000000	0.000000	0.018311	0.980447	0.001242	0.000000	0.000000	0.000000
444	0.000000	0.000000	0.000000	0.018288	0.980472	0.001240	0.000000	0.000000	0.000000
445	0.000000	0.000000	0.000000	0.018203	0.980537	0.001260	0.000000	0.000000	0.000000
446	0.000000	0.000000	0.000000	0.018238	0.980507	0.001255	0.000000	0.000000	0.000000
447	0.000000	0.000000	0.000000	0.018203	0.980575	0.001222	0.000000	0.000000	0.000000
448	0.000000	0.000000	0.000000	0.018317	0.980457	0.001226	0.000000	0.000000	0.000000
449	0.000000	0.000000	0.000000	0.018341	0.980403	0.001256	0.000000	0.000000	0.000000
450	0.000000	0.000000	0.000000	0.018333	0.980413	0.001254	0.000000	0.000000	0.000000
451	0.000000	0.000000	0.000000	0.018368	0.980372	0.001260	0.000000	0.000000	0.000000
452	0.000000	0.000000	0.000000	0.018411	0.980343	0.001246	0.000000	0.000000	0.000000
453	0.000000	0.000000	0.000000	0.018426	0.980344	0.001230	0.000000	0.000000	0.000000
454	0.000000	0.000000	0.000000	0.018486	0.980284	0.001230	0.000000	0.000000	0.000000
455	0.000000	0.000000	0.000000	0.018393	0.980351	0.001256	0.000000	0.000000	0.000000
456	0.000000	0.000000	0.000000	0.018389	0.980355	0.001256	0.000000	0.000000	0.000000
457	0.000000	0.000000	0.000000	0.018443	0.980333	0.001224	0.000000	0.000000	0.000000
458	0.000000	0.000000	0.000000	0.018361	0.980373	0.001266	0.000000	0.000000	0.000000
459	0.000000	0.000000	0.000000	0.018339	0.980429	0.001232	0.000000	0.000000	0.000000
460	0.000000	0.000000	0.000000	0.018354	0.980447	0.001199	0.000000	0.000000	0.000000
461	0.000000	0.000000	0.000000	0.018160	0.980648	0.001192	0.000000	0.000000	0.000000
462	0.000000	0.000000	0.000000	0.018291	0.980511	0.001198	0.000000	0.000000	0.000000
463	0.000000	0.000000	0.000000	0.018286	0.980502	0.001212	0.000000	0.000000	0.000000
464	0.000000	0.000000	0.000000	0.018032	0.980794	0.001174	0.000000	0.000000	0.000000
465	0.000000	0.000000	0.000000	0.018123	0.980685	0.001192	0.000000	0.000000	0.000000
466	0.000000	0.000000	0.000000	0.018076	0.980698	0.001226	0.000000	0.000000	0.000000
467	0.000000	0.000000	0.000000	0.018249	0.980526	0.001225	0.000000	0.000000	0.000000
468	0.000000	0.000000	0.000000	0.018117	0.980667	0.001216	0.000000	0.000000	0.000000
469	0.000000	0.000000	0.000000	0.018132	0.980664	0.001204	0.000000	0.000000	0.000000
470	0.000000	0.000000	0.000000	0.018166	0.980616	0.001218	0.000000	0.000000	0.000000
