0	0.290663	0.057897	0.229473	0.157588	0.029913	0.111872	0.085455	0.012259	0.024880
1	0.221220	0.045731	0.192003	0.146626	0.029788	0.125515	0.122681	0.023472	0.092964
2	0.212370	0.043433	0.183806	0.147076	0.031562	0.125573	0.126484	0.024318	0.105378
3	0.208902	0.041550	0.178100	0.148526	0.033632	0.124923	0.127357	0.023886	0.113124
4	0.207517	0.040189	0.173819	0.149457	0.035916	0.123096	0.127148	0.023087	0.119771
5	0.207043	0.038620	0.168755	0.150486	0.038225	0.121159	0.126558	0.022446	0.126708
6	0.206892	0.036725	0.163585	0.151760	0.041129	0.119418	0.125614	0.021644	0.133233
7	0.206823	0.035112	0.158114	0.152807	0.044178	0.117492	0.124402	0.020844	0.140228
8	0.206979	0.033603	0.152583	0.153869	0.047632	0.115342	0.123682	0.019930	0.146380
9	0.206387	0.032047	0.147470	0.155398	0.051009	0.112753	0.122645	0.019110	0.153181
10	0.206127	0.030644	0.142547	0.156297	0.054292	0.110090	0.121374	0.018467	0.160162
11	0.205574	0.029457	0.137449	0.156739	0.057499	0.108116	0.120439	0.017861	0.166866
12	0.204999	0.028020	0.133265	0.157764	0.061820	0.104499	0.118812	0.017061	0.173760
13	0.204591	0.026998	0.128590	0.158565	0.065864	0.101938	0.117100	0.016087	0.180267
14	0.204330	0.025659	0.123484	0.159749	0.070165	0.099260	0.115483	0.015402	0.186468
15	0.204064	0.024386	0.119019	0.160469	0.074316	0.096492	0.113931	0.014955	0.192368
16	0.203781	0.023075	0.114577	0.161112	0.078816	0.093634	0.111839	0.014404	0.198762
17	0.203435	0.022037	0.110198	0.161572	0.083570	0.090459	0.110348	0.013652	0.204729
18	0.202779	0.021059	0.105966	0.162025	0.088282	0.087804	0.108257	0.012915	0.210913
19	0.202211	0.019861	0.102080	0.162484	0.093250	0.084627	0.106147	0.012408	0.216932
20	0.201133	0.018814	0.097725	0.162762	0.098272	0.082373	0.104333	0.011881	0.222707
21	0.200360	0.018064	0.094078	0.162532	0.103457	0.079772	0.102560	0.011210	0.227967
22	0.199194	0.017140	0.090301	0.162873	0.108610	0.076593	0.100717	0.010658	0.233914
23	0.197788	0.016071	0.086315	0.163716	0.114079	0.074193	0.098778	0.010154	0.238906
24	0.196826	0.015092	0.082584	0.163988	0.119843	0.071709	0.096720	0.009547	0.243691
25	0.195655	0.014228	0.078973	0.164257	0.125212	0.069387	0.094551	0.009093	0.248644
26	0.194482	0.013330	0.075401	0.164148	0.131595	0.066832	0.092104	0.008691	0.253417
27	0.193051	0.012617	0.072005	0.163956	0.138181	0.064139	0.089953	0.008194	0.257904
28	0.191580	0.011796	0.068411	0.163683	0.144543	0.061949	0.087657	0.007846	0.262535
29	0.189589	0.011056	0.065323	0.163824	0.150959	0.059820	0.085327	0.007428	0.266674
30	0.187695	0.010440	0.062126	0.164321	0.157155	0.057781	0.083086	0.007085	0.270311
31	0.186022	0.009992	0.058889	0.164155	0.163903	0.055515	0.081382	0.006674	0.273468
32	0.183912	0.009265	0.055872	0.163968	0.170577	0.053487	0.079266	0.006464	0.277189
33	0.181926	0.008793	0.053040	0.164000	0.177373	0.052161	0.077022	0.006092	0.279593
34	0.179505	0.008267	0.050706	0.163553	0.184458	0.050241	0.074720	0.005930	0.282620
35	0.177571	0.007812	0.048119	0.163447	0.191648	0.048421	0.072485	0.005656	0.284841
36	0.175376	0.007304	0.045493	0.163069	0.199333	0.046919	0.070074	0.005336	0.287096
37	0.172883	0.006800	0.043322	0.162968	0.207131	0.044943	0.067850	0.005098	0.289005
38	0.171119	0.006471	0.041048	0.163080	0.214164	0.043410	0.065783	0.004850	0.290075
39	0.168351	0.005933	0.038746	0.162999	0.221207	0.042157	0.063815	0.004546	0.292246
40	0.165540	0.005408	0.036593	0.162934	0.229289	0.040897	0.061673	0.004229	0.293437
41	0.163343	0.005068	0.034558	0.162488	0.237477	0.039549	0.059260	0.003931	0.294326
42	0.160679	0.004832	0.032244	0.162410	0.245543	0.037962	0.057441	0.003678	0.295211
43	0.158221	0.004446	0.030452	0.162320	0.253891	0.036453	0.055539	0.003511	0.295167
44	0.155601	0.004100	0.028545	0.162095	0.262418	0.035464	0.053847	0.003230	0.294700
45	0.152765	0.003807	0.026947	0.162102	0.270382	0.034352	0.051775	0.003008	0.294862
46	0.149621	0.003565	0.025322	0.162383	0.278766	0.033404	0.049824	0.002858	0.294257
47	0.146866	0.003453	0.024072	0.162139	0.287058	0.032074	0.048389	0.002614	0.293335
48	0.144144	0.003182	0.022630	0.161821	0.295802	0.030915	0.046586	0.002448	0.292472
49	0.141328	0.002953	0.021344	0.161894	0.304430	0.029760	0.044788	0.002375	0.291128
50	0.138279	0.002722	0.020022	0.161341	0.313330	0.028906	0.043043	0.002294	0.290063
51	0.135407	0.002592	0.018872	0.161211	0.321776	0.027955	0.041173	0.002146	0.288868
52	0.132244	0.002398	0.017636	0.161465	0.330619	0.027209	0.039602	0.002044	0.286783
53	0.129098	0.002247	0.016563	0.161514	0.339823	0.026523	0.037961	0.001899	0.284372
54	0.126154	0.002098	0.015465	0.161392	0.349009	0.025759	0.036579	0.001780	0.281764
55	0.123181	0.001985	0.014558	0.161535	0.357580	0.025039	0.035152	0.001640	0.279330
56	0.120086	0.001840	0.013734	0.161334	0.366863	0.024173	0.033591	0.001545	0.276834
57	0.117231	0.001639	0.012908	0.161354	0.376020	0.023565	0.031864	0.001441	0.273978
58	0.114259	0.001551	0.011985	0.161347	0.385066	0.022996	0.030549	0.001385	0.270862
59	0.110957	0.001427	0.011352	0.160922	0.394094	0.022484	0.029197	0.001264	0.268303
60	0.107794	0.001371	0.010572	0.161044	0.403101	0.021886	0.028124	0.001203	0.264905
61	0.104268	0.001279	0.009984	0.161176	0.412305	0.021348	0.026828	0.001138	0.261674
62	0.101160	0.001188	0.009321	0.161446	0.420645	0.020918	0.025593	0.001040	0.258689
63	0.098005	0.001062	0.008634	0.161313	0.430109	0.020391	0.024418	0.000973	0.255095
64	0.094925	0.000962	0.008142	0.161266	0.439269	0.019877	0.023344	0.000958	0.251257
65	0.091956	0.000887	0.007576	0.161727	0.448133	0.019368	0.022484	0.000927	0.246942
66	0.088997	0.000890	0.006979	0.161838	0.457065	0.018897	0.021450	0.000869	0.243015
67	0.085881	0.000808	0.006523	0.162115	0.465743	0.018632	0.020515	0.000829	0.238954
68	0.082819	0.000741	0.006004	0.162249	0.474519	0.018465	0.019574	0.000767	0.234862
69	0.079955	0.000720	0.005595	0.161900	0.483468	0.018120	0.018591	0.000735	0.230916
70	0.077305	0.000675	0.005158	0.162130	0.491968	0.017786	0.017691	0.000631	0.226656
71	0.074657	0.000629	0.004753	0.162551	0.500865	0.017266	0.016759	0.000569	0.221951
72	0.072104	0.000582	0.004315	0.162978	0.509100	0.017040	0.015919	0.000491	0.217471
73	0.069304	0.000536	0.004051	0.163417	0.517377	0.016781	0.015160	0.000414	0.212960
74	0.066504	0.000517	0.003791	0.163899	0.525446	0.016541	0.014404	0.000402	0.208496
75	0.063725	0.000465	0.003564	0.164095	0.533591	0.016232	0.013649	0.000378	0.204301
76	0.061146	0.000446	0.003298	0.164327	0.542048	0.015973	0.012815	0.000347	0.199600
77	0.058644	0.000400	0.003081	0.165113	0.549610	0.015617	0.012202	0.000335	0.194998
78	0.056267	0.000354	0.002799	0.165530	0.557315	0.015525	0.011681	0.000287	0.190242
79	0.053755	0.000313	0.002615	0.165707	0.565580	0.015097	0.011127	0.000274	0.185532
80	0.051305	0.000306	0.002462	0.166315	0.573144	0.015118	0.010322	0.000240	0.180788
81	0.049180	0.000297	0.002300	0.166345	0.581238	0.014697	0.009644	0.000203	0.176096
82	0.046914	0.000276	0.002148	0.166611	0.588383	0.014459	0.009054	0.000207	0.171948
83	0.044769	0.000269	0.001916	0.167138	0.595472	0.014185	0.008490	0.000211	0.167550
84	0.042763	0.000250	0.001821	0.167470	0.602356	0.014071	0.008003	0.000188	0.163078
85	0.040643	0.000230	0.001667	0.167614	0.609493	0.014033	0.007507	0.000177	0.158636
86	0.038657	0.000218	0.001469	0.167768	0.616869	0.013638	0.007052	0.000153	0.154176
87	0.036691	0.000184	0.001332	0.168308	0.623302	0.013731	0.006733	0.000150	0.149569
88	0.034962	0.000164	0.001256	0.168964	0.629577	0.013444	0.006370	0.000135	0.145128
89	0.033254	0.000160	0.001192	0.169028	0.636145	0.013257	0.005877	0.000118	0.140969
90	0.031569	0.000132	0.001125	0.169346	0.642434	0.013108	0.005525	0.000123	0.136638
91	0.030146	0.000103	0.000995	0.169326	0.648932	0.013056	0.005174	0.000111	0.132157
92	0.028706	0.000090	0.000933	0.169604	0.654757	0.012931	0.004784	0.000096	0.128099
93	0.027010	0.000066	0.000824	0.170386	0.660447	0.012894	0.004477	0.000099	0.123797
94	0.025411	0.000065	0.000730	0.170680	0.666465	0.012587	0.004170	0.000075	0.119817
95	0.024135	0.000057	0.000686	0.170871	0.672261	0.012374	0.003784	0.000061	0.115771
96	0.022870	0.000045	0.000601	0.171106	0.677563	0.012370	0.003582	0.000052	0.111811
97	0.021816	0.000041	0.000587	0.171224	0.683004	0.012319	0.003289	0.000044	0.107676
98	0.020536	0.000028	0.000540	0.171794	0.687816	0.012183	0.003105	0.000038	0.103960
99	0.019380	0.000020	0.000492	0.172250	0.692236	0.012210	0.002950	0.000030	0.100432
100	0.018275	0.000019	0.000461	0.172653	0.697127	0.012212	0.002748	0.000028	0.096477
101	0.017316	0.000021	0.000437	0.172994	0.702049	0.012097	0.002545	0.000027	0.092514
102	0.016270	0.000020	0.000407	0.173423	0.706350	0.012110	0.002352	0.000024	0.089044
103	0.015283	0.000021	0.000397	0.173691	0.710532	0.011994	0.002219	0.000027	0.085836
104	0.014383	0.000019	0.000354	0.173840	0.715073	0.012070	0.002068	0.000021	0.082172
105	0.013552	0.000017	0.000322	0.173583	0.719566	0.011842	0.001857	0.000016	0.079245
106	0.012690	0.000018	0.000294	0.173729	0.723571	0.011980	0.001707	0.000015	0.075996
107	0.011883	0.000013	0.000278	0.174160	0.727100	0.011924	0.001582	0.000015	0.073045
108	0.011192	0.000011	0.000263	0.174027	0.731129	0.011873	0.001421	0.000015	0.070069
109	0.010520	0.000008	0.000241	0.174178	0.734627	0.011807	0.001288	0.000012	0.067319
110	0.009982	0.000008	0.000247	0.173805	0.738206	0.011919	0.001195	0.000013	0.064625
111	0.009304	0.000006	0.000225	0.173734	0.741953	0.011888	0.001120	0.000014	0.061756
112	0.008686	0.000004	0.000213	0.173596	0.745723	0.011768	0.001023	0.000014	0.058973
113	0.008074	0.000004	0.000195	0.173985	0.748323	0.011836	0.000889	0.000008	0.056686
114	0.007478	0.000004	0.000174	0.174059	0.751792	0.011612	0.000808	0.000007	0.054066
115	0.006945	0.000005	0.000167	0.174099	0.754689	0.011601	0.000802	0.000006	0.051686
116	0.006445	0.000007	0.000153	0.174409	0.757262	0.011656	0.000719	0.000008	0.049341
117	0.006098	0.000006	0.000126	0.174727	0.759819	0.011629	0.000672	0.000008	0.046915
118	0.005670	0.000004	0.000124	0.174754	0.762253	0.011651	0.000602	0.000007	0.044935
119	0.005320	0.000003	0.000118	0.175227	0.764577	0.011572	0.000533	0.000004	0.042646
120	0.004989	0.000003	0.000119	0.175618	0.766311	0.011674	0.000463	0.000002	0.040821
121	0.004538	0.000001	0.000104	0.175962	0.768706	0.011575	0.000404	0.000004	0.038706
122	0.004282	0.000001	0.000125	0.176460	0.770319	0.011498	0.000375	0.000007	0.036933
123	0.004005	0.000000	0.000110	0.176199	0.772738	0.011526	0.000323	0.000005	0.035094
124	0.003790	0.000000	0.000109	0.176491	0.774630	0.011304	0.000282	0.000005	0.033389
125	0.003498	0.000000	0.000095	0.176795	0.776246	0.011503	0.000242	0.000002	0.031619
126	0.003217	0.000000	0.000084	0.177360	0.777915	0.011279	0.000220	0.000001	0.029924
127	0.002982	0.000000	0.000076	0.177802	0.779088	0.011454	0.000194	0.000001	0.028403
128	0.002844	0.000000	0.000067	0.177821	0.780585	0.011405	0.000145	0.000002	0.027131
129	0.002678	0.000000	0.000052	0.177880	0.782543	0.011232	0.000123	0.000001	0.025491
130	0.002484	0.000000	0.000044	0.178069	0.783965	0.011263	0.000107	0.000002	0.024066
131	0.002225	0.000000	0.000045	0.178638	0.785021	0.011252	0.000099	0.000005	0.022715
132	0.002082	0.000000	0.000042	0.178762	0.786391	0.011167	0.000090	0.000006	0.021460
133	0.002000	0.000000	0.000044	0.178357	0.787913	0.011198	0.000069	0.000005	0.020414
134	0.001843	0.000000	0.000038	0.178857	0.788604	0.011137	0.000061	0.000005	0.019455
135	0.001689	0.000000	0.000034	0.178717	0.790006	0.011154	0.000056	0.000002	0.018342
136	0.001608	0.000000	0.000027	0.178839	0.791030	0.011096	0.000043	0.000002	0.017355
137	0.001506	0.000000	0.000014	0.179020	0.791949	0.010989	0.000048	0.000002	0.016472
138	0.001384	0.000000	0.000007	0.179064	0.792954	0.010997	0.000029	0.000002	0.015563
139	0.001262	0.000000	0.000006	0.179493	0.793648	0.010758	0.000026	0.000000	0.014807
140	0.001161	0.000000	0.000004	0.179045	0.794882	0.010908	0.000028	0.000000	0.013972
141	0.001034	0.000000	0.000003	0.179281	0.795434	0.010951	0.000022	0.000000	0.013275
142	0.000977	0.000000	0.000001	0.179286	0.796337	0.010899	0.000021	0.000000	0.012479
143	0.000920	0.000000	0.000001	0.179119	0.797369	0.010782	0.000020	0.000000	0.011789
144	0.000890	0.000000	0.000001	0.179476	0.797747	0.010693	0.000021	0.000000	0.011172
145	0.000798	0.000000	0.000000	0.179582	0.798310	0.010774	0.000022	0.000000	0.010514
146	0.000720	0.000000	0.000000	0.179574	0.799001	0.010766	0.000024	0.000000	0.009915
147	0.000611	0.000000	0.000000	0.179938	0.799234	0.010910	0.000022	0.000000	0.009285
148	0.000561	0.000000	0.000000	0.180084	0.799810	0.010785	0.000016	0.000000	0.008744
149	0.000506	0.000000	0.000000	0.179727	0.800746	0.010783	0.000014	0.000000	0.008224
150	0.000461	0.000000	0.000000	0.180075	0.800955	0.010826	0.000009	0.000000	0.007674
151	0.000422	0.000000	0.000000	0.180296	0.801225	0.010791	0.000006	0.000000	0.007260
152	0.000353	0.000000	0.000000	0.180131	0.801641	0.011012	0.000009	0.000000	0.006854
153	0.000320	0.000000	0.000000	0.180076	0.802149	0.011035	0.000007	0.000000	0.006413
154	0.000293	0.000000	0.000000	0.180003	0.802493	0.011165	0.000002	0.000000	0.006044
155	0.000289	0.000000	0.000000	0.180157	0.802625	0.011229	0.000000	0.000000	0.005700
156	0.000273	0.000000	0.000000	0.179905	0.803284	0.011163	0.000000	0.000000	0.005375
157	0.000259	0.000000	0.000000	0.180111	0.803643	0.010995	0.000001	0.000000	0.004991
158	0.000237	0.000000	0.000000	0.180137	0.803880	0.011090	0.000000	0.000000	0.004656
159	0.000224	0.000000	0.000000	0.179567	0.804752	0.011072	0.000000	0.000000	0.004385
160	0.000200	0.000000	0.000000	0.178834	0.805960	0.010980	0.000000	0.000000	0.004026
161	0.000160	0.000000	0.000000	0.179075	0.805972	0.011034	0.000000	0.000000	0.003759
162	0.000152	0.000000	0.000000	0.178652	0.806529	0.011099	0.000000	0.000000	0.003568
163	0.000127	0.000000	0.000000	0.178691	0.806757	0.011152	0.000000	0.000000	0.003273
164	0.000118	0.000000	0.000000	0.179040	0.806592	0.011221	0.000000	0.000000	0.003029
165	0.000121	0.000000	0.000000	0.178722	0.807190	0.011162	0.000000	0.000000	0.002805
166	0.000100	0.000000	0.000000	0.178488	0.807765	0.010994	0.000000	0.000000	0.002653
167	0.000086	0.000000	0.000000	0.178095	0.808160	0.011162	0.000000	0.000000	0.002497
168	0.000080	0.000000	0.000000	0.177976	0.808517	0.011091	0.000000	0.000000	0.002336
169	0.000077	0.000000	0.000000	0.177647	0.808879	0.011184	0.000000	0.000000	0.002213
170	0.000070	0.000000	0.000000	0.177686	0.809054	0.011151	0.000000	0.000000	0.002039
171	0.000069	0.000000	0.000000	0.177732	0.809172	0.011145	0.000000	0.000000	0.001882
172	0.000071	0.000000	0.000000	0.178024	0.808947	0.011231	0.000000	0.000000	0.001727
173	0.000057	0.000000	0.000000	0.177917	0.809253	0.011208	0.000000	0.000000	0.001565
174	0.000042	0.000000	0.000000	0.177824	0.809393	0.011280	0.000000	0.000000	0.001461
175	0.000042	0.000000	0.000000	0.177623	0.809681	0.011263	0.000000	0.000000	0.001391
176	0.000033	0.000000	0.000000	0.177564	0.809990	0.011133	0.000000	0.000000	0.001280
177	0.000033	0.000000	0.000000	0.177431	0.810201	0.011164	0.000000	0.000000	0.001171
178	0.000029	0.000000	0.000000	0.177954	0.809641	0.011240	0.000000	0.000000	0.001136
179	0.000032	0.000000	0.000000	0.177782	0.809975	0.011181	0.000000	0.000000	0.001030
180	0.000027	0.000000	0.000000	0.178047	0.809787	0.011213	0.000000	0.000000	0.000926
181	0.000028	0.000000	0.000000	0.178150	0.809803	0.011163	0.000000	0.000000	0.000856
182	0.000025	0.000000	0.000000	0.177760	0.810207	0.011195	0.000000	0.000000	0.000813
183	0.000019	0.000000	0.000000	0.177339	0.810612	0.011253	0.000000	0.000000	0.000777
184	0.000016	0.000000	0.000000	0.177116	0.811048	0.011115	0.000000	0.000000	0.000705
185	0.000015	0.000000	0.000000	0.176969	0.811246	0.011100	0.000000	0.000000	0.000670
186	0.000019	0.000000	0.000000	0.177292	0.810982	0.011074	0.000000	0.000000	0.000633
187	0.000018	0.000000	0.000000	0.177264	0.810986	0.011122	0.000000	0.000000	0.000610
188	0.000019	0.000000	0.000000	0.177073	0.811422	0.010909	0.000000	0.000000	0.000577
189	0.000018	0.000000	0.000000	0.176928	0.811496	0.011025	0.000000	0.000000	0.000533
190	0.000016	0.000000	0.000000	0.176831	0.811647	0.011009	0.000000	0.000000	0.000497
191	0.000015	0.000000	0.000000	0.176835	0.811640	0.011039	0.000000	0.000000	0.000471
192	0.000016	0.000000	0.000000	0.176638	0.811921	0.010973	0.000000	0.000000	0.000452
193	0.000014	0.000000	0.000000	0.176594	0.811984	0.011003	0.000000	0.000000	0.000405
194	0.000014	0.000000	0.000000	0.176608	0.812108	0.010881	0.000000	0.000000	0.000389
195	0.000018	0.000000	0.000000	0.177288	0.811316	0.010997	0.000000	0.000000	0.000381
196	0.000016	0.000000	0.000000	0.176951	0.811740	0.010948	0.000000	0.000000	0.000345
197	0.000018	0.000000	0.000000	0.177022	0.811556	0.011079	0.000000	0.000000	0.000325
198	0.000020	0.000000	0.000000	0.177235	0.811523	0.010940	0.000000	0.000000	0.000282
199	0.000019	0.000000	0.000000	0.176758	0.812100	0.010852	0.000000	0.000000	0.000271
200	0.000021	0.000000	0.000000	0.176579	0.812197	0.010953	0.000000	0.000000	0.000250
201	0.000015	0.000000	0.000000	0.176237	0.812522	0.011001	0.000000	0.000000	0.000225
202	0.000010	0.000000	0.000000	0.176174	0.812494	0.011121	0.000000	0.000000	0.000201
203	0.000008	0.000000	0.000000	0.175925	0.812803	0.011073	0.000000	0.000000	0.000191
204	0.000003	0.000000	0.000000	0.175476	0.813277	0.011062	0.000000	0.000000	0.000182
205	0.000007	0.000000	0.000000	0.175698	0.813029	0.011089	0.000000	0.000000	0.000177
206	0.000007	0.000000	0.000000	0.175635	0.813034	0.011148	0.000000	0.000000	0.000176
207	0.000006	0.000000	0.000000	0.175512	0.813169	0.011162	0.000000	0.000000	0.000151
208	0.000008	0.000000	0.000000	0.175558	0.813309	0.011013	0.000000	0.000000	0.000112
209	0.000008	0.000000	0.000000	0.175464	0.813159	0.011237	0.000000	0.000000	0.000132
210	0.000005	0.000000	0.000000	0.175747	0.813096	0.011044	0.000000	0.000000	0.000108
211	0.000005	0.000000	0.000000	0.175914	0.812831	0.011149	0.000000	0.000000	0.000101
212	0.000004	0.000000	0.000000	0.175556	0.813105	0.011237	0.000000	0.000000	0.000098
213	0.000001	0.000000	0.000000	0.175346	0.813378	0.011185	0.000000	0.000000	0.000090
214	0.000000	0.000000	0.000000	0.175414	0.813359	0.011145	0.000000	0.000000	0.000082
215	0.000000	0.000000	0.000000	0.175463	0.813259	0.011206	0.000000	0.000000	0.000072
216	0.000000	0.000000	0.000000	0.175563	0.813168	0.011203	0.000000	0.000000	0.000066
217	0.000000	0.000000	0.000000	0.175398	0.813425	0.011116	0.000000	0.000000	0.000061
218	0.000000	0.000000	0.000000	0.175452	0.813424	0.011057	0.000000	0.000000	0.000067
219	0.000000	0.000000	0.000000	0.174975	0.813832	0.011109	0.000000	0.000000	0.000084
220	0.000000	0.000000	0.000000	0.174988	0.813798	0.011140	0.000000	0.000000	0.000074
221	0.000000	0.000000	0.000000	0.175884	0.812936	0.011117	0.000000	0.000000	0.000063
222	0.000000	0.000000	0.000000	0.175794	0.813110	0.011035	0.000000	0.000000	0.000061
223	0.000000	0.000000	0.000000	0.175798	0.813172	0.010965	0.000000	0.000000	0.000065
224	0.000000	0.000000	0.000000	0.175781	0.813177	0.010985	0.000000	0.000000	0.000057
225	0.000000	0.000000	0.000000	0.175693	0.813338	0.010917	0.000000	0.000000	0.000052
226	0.000000	0.000000	0.000000	0.176205	0.812745	0.010999	0.000000	0.000000	0.000051
227	0.000000	0.000000	0.000000	0.175788	0.813121	0.011040	0.000000	0.000000	0.000051
228	0.000000	0.000000	0.000000	0.175789	0.813069	0.011104	0.000000	0.000000	0.000038
229	0.000000	0.000000	0.000000	0.175906	0.812910	0.011139	0.000000	0.000000	0.000045
230	0.000000	0.000000	0.000000	0.176025	0.812830	0.011101	0.000000	0.000000	0.000044
231	0.000000	0.000000	0.000000	0.176011	0.812865	0.011088	0.000000	0.000000	0.000036
232	0.000000	0.000000	0.000000	0.175702	0.813048	0.011219	0.000000	0.000000	0.000031
233	0.000000	0.000000	0.000000	0.175732	0.813008	0.011230	0.000000	0.000000	0.000030
234	0.000000	0.000000	0.000000	0.175472	0.813288	0.011204	0.000000	0.000000	0.000036
235	0.000000	0.000000	0.000000	0.175390	0.813243	0.011337	0.000000	0.000000	0.000030
236	0.000000	0.000000	0.000000	0.175479	0.813227	0.011267	0.000000	0.000000	0.000027
237	0.000000	0.000000	0.000000	0.175556	0.813075	0.011338	0.000000	0.000000	0.000031
238	0.000000	0.000000	0.000000	0.175725	0.812995	0.011249	0.000000	0.000000	0.000031
239	0.000000	0.000000	0.000000	0.175583	0.813104	0.011277	0.000000	0.000000	0.000036
240	0.000000	0.000000	0.000000	0.175890	0.812755	0.011328	0.000000	0.000000	0.000027
241	0.000000	0.000000	0.000000	0.175968	0.812752	0.011247	0.000000	0.000000	0.000033
242	0.000000	0.000000	0.000000	0.176331	0.812392	0.011237	0.000000	0.000000	0.000040
243	0.000000	0.000000	0.000000	0.176064	0.812668	0.011226	0.000000	0.000000	0.000042
244	0.000000	0.000000	0.000000	0.175401	0.813422	0.011135	0.000000	0.000000	0.000042
245	0.000000	0.000000	0.000000	0.175549	0.813271	0.011141	0.000000	0.000000	0.000039
246	0.000000	0.000000	0.000000	0.175994	0.812904	0.011063	0.000000	0.000000	0.000039
247	0.000000	0.000000	0.000000	0.175614	0.813356	0.010983	0.000000	0.000000	0.000047
248	0.000000	0.000000	0.000000	0.175497	0.813410	0.011051	0.000000	0.000000	0.000042
249	0.000000	0.000000	0.000000	0.175603	0.813389	0.010966	0.000000	0.000000	0.000042
250	0.000000	0.000000	0.000000	0.175242	0.813770	0.010952	0.000000	0.000000	0.000036
251	0.000000	0.000000	0.000000	0.175119	0.813795	0.011051	0.000000	0.000000	0.000035
252	0.000000	0.000000	0.000000	0.175171	0.813853	0.010948	0.000000	0.000000	0.000028
253	0.000000	0.000000	0.000000	0.175203	0.813687	0.011081	0.000000	0.000000	0.000029
254	0.000000	0.000000	0.000000	0.175263	0.813664	0.011043	0.000000	0.000000	0.000030
255	0.000000	0.000000	0.000000	0.175569	0.813380	0.011021	0.000000	0.000000	0.000030
256	0.000000	0.000000	0.000000	0.175116	0.813841	0.011012	0.000000	0.000000	0.000031
257	0.000000	0.000000	0.000000	0.175091	0.813847	0.011033	0.000000	0.000000	0.000029
258	0.000000	0.000000	0.000000	0.175495	0.813617	0.010861	0.000000	0.000000	0.000027
259	0.000000	0.000000	0.000000	0.175311	0.813860	0.010806	0.000000	0.000000	0.000023
260	0.000000	0.000000	0.000000	0.174555	0.814677	0.010742	0.000000	0.000000	0.000026
261	0.000000	0.000000	0.000000	0.174925	0.814150	0.010906	0.000000	0.000000	0.000019
262	0.000000	0.000000	0.000000	0.175308	0.813829	0.010848	0.000000	0.000000	0.000015
263	0.000000	0.000000	0.000000	0.175152	0.814143	0.010692	0.000000	0.000000	0.000013
264	0.000000	0.000000	0.000000	0.174926	0.814424	0.010635	0.000000	0.000000	0.000015
265	0.000000	0.000000	0.000000	0.175397	0.814057	0.010532	0.000000	0.000000	0.000014
266	0.000000	0.000000	0.000000	0.175309	0.814191	0.010487	0.000000	0.000000	0.000013
267	0.000000	0.000000	0.000000	0.175038	0.814308	0.010640	0.000000	0.000000	0.000014
268	0.000000	0.000000	0.000000	0.175148	0.814192	0.010652	0.000000	0.000000	0.000008
269	0.000000	0.000000	0.000000	0.175070	0.814269	0.010654	0.000000	0.000000	0.000007
270	0.000000	0.000000	0.000000	0.174714	0.814658	0.010624	0.000000	0.000000	0.000004
271	0.000000	0.000000	0.000000	0.174563	0.814694	0.010739	0.000000	0.000000	0.000004
272	0.000000	0.000000	0.000000	0.174338	0.815020	0.010638	0.000000	0.000000	0.000004
273	0.000000	0.000000	0.000000	0.174615	0.814739	0.010639	0.000000	0.000000	0.000007
274	0.000000	0.000000	0.000000	0.174547	0.814863	0.010587	0.000000	0.000000	0.000003
275	0.000000	0.000000	0.000000	0.174334	0.814995	0.010668	0.000000	0.000000	0.000003
276	0.000000	0.000000	0.000000	0.174569	0.814751	0.010677	0.000000	0.000000	0.000003
277	0.000000	0.000000	0.000000	0.174772	0.814649	0.010578	0.000000	0.000000	0.000001
278	0.000000	0.000000	0.000000	0.174440	0.815105	0.010455	0.000000	0.000000	0.000000
279	0.000000	0.000000	0.000000	0.174469	0.814999	0.010532	0.000000	0.000000	0.000000
280	0.000000	0.000000	0.000000	0.174437	0.814952	0.010611	0.000000	0.000000	0.000000
281	0.000000	0.000000	0.000000	0.174434	0.815003	0.010563	0.000000	0.000000	0.000000
282	0.000000	0.000000	0.000000	0.174204	0.815200	0.010596	0.000000	0.000000	0.000000
283	0.000000	0.000000	0.000000	0.174039	0.815410	0.010551	0.000000	0.000000	0.000000
284	0.000000	0.000000	0.000000	0.174126	0.815210	0.010664	0.000000	0.000000	0.000000
285	0.000000	0.000000	0.000000	0.173712	0.815791	0.010497	0.000000	0.000000	0.000000
286	0.000000	0.000000	0.000000	0.174147	0.815260	0.010593	0.000000	0.000000	0.000000
287	0.000000	0.000000	0.000000	0.174216	0.815164	0.010620	0.000000	0.000000	0.000000
288	0.000000	0.000000	0.000000	0.174211	0.815122	0.010667	0.000000	0.000000	0.000000
289	0.000000	0.000000	0.000000	0.174008	0.815352	0.010640	0.000000	0.000000	0.000000
290	0.000000	0.000000	0.000000	0.173719	0.815604	0.010677	0.000000	0.000000	0.000000
291	0.000000	0.000000	0.000000	0.173963	0.815231	0.010806	0.000000	0.000000	0.000000
292	0.000000	0.000000	0.000000	0.173910	0.815387	0.010703	0.000000	0.000000	0.000000
293	0.000000	0.000000	0.000000	0.174200	0.815080	0.010720	0.000000	0.000000	0.000000
294	0.000000	0.000000	0.000000	0.174828	0.814532	0.010640	0.000000	0.000000	0.000000
295	0.000000	0.000000	0.000000	0.174784	0.814542	0.010674	0.000000	0.000000	0.000000
296	0.000000	0.000000	0.000000	0.175015	0.814337	0.010648	0.000000	0.000000	0.000000
297	0.000000	0.000000	0.000000	0.175376	0.813924	0.010700	0.000000	0.000000	0.000000
298	0.000000	0.000000	0.000000	0.175252	0.814017	0.010731	0.000000	0.000000	0.000000
299	0.000000	0.000000	0.000000	0.175306	0.813903	0.010791	0.000000	0.000000	0.000000
300	0.000000	0.000000	0.000000	0.175492	0.813599	0.010909	0.000000	0.000000	0.000000
301	0.000000	0.000000	0.000000	0.175552	0.813538	0.010910	0.000000	0.000000	0.000000
302	0.000000	0.000000	0.000000	0.175774	0.813253	0.010973	0.000000	0.000000	0.000000
303	0.000000	0.000000	0.000000	0.175705	0.813107	0.011188	0.000000	0.000000	0.000000
304	0.000000	0.000000	0.000000	0.175542	0.813422	0.011036	0.000000	0.000000	0.000000
305	0.000000	0.000000	0.000000	0.175621	0.813327	0.011052	0.000000	0.000000	0.000000
306	0.000000	0.000000	0.000000	0.175672	0.813181	0.011147	0.000000	0.000000	0.000000
307	0.000000	0.000000	0.000000	0.175810	0.813132	0.011058	0.000000	0.000000	0.000000
308	0.000000	0.000000	0.000000	0.175823	0.813035	0.011142	0.000000	0.000000	0.000000
309	0.000000	0.000000	0.000000	0.175873	0.812949	0.011178	0.000000	0.000000	0.000000
310	0.000000	0.000000	0.000000	0.175609	0.813167	0.011224	0.000000	0.000000	0.000000
311	0.000000	0.000000	0.000000	0.175658	0.813110	0.011232	0.000000	0.000000	0.000000
312	0.000000	0.000000	0.000000	0.175657	0.812994	0.011349	0.000000	0.000000	0.000000
313	0.000000	0.000000	0.000000	0.176145	0.812658	0.011197	0.000000	0.000000	0.000000
314	0.000000	0.000000	0.000000	0.176001	0.812660	0.011339	0.000000	0.000000	0.000000
315	0.000000	0.000000	0.000000	0.176102	0.812560	0.011338	0.000000	0.000000	0.000000
316	0.000000	0.000000	0.000000	0.176150	0.812591	0.011259	0.000000	0.000000	0.000000
317	0.000000	0.000000	0.000000	0.176209	0.812514	0.011277	0.000000	0.000000	0.000000
318	0.000000	0.000000	0.000000	0.176745	0.811943	0.011312	0.000000	0.000000	0.000000
319	0.000000	0.000000	0.000000	0.176904	0.811756	0.011340	0.000000	0.000000	0.000000
320	0.000000	0.000000	0.000000	0.177216	0.811417	0.011367	0.000000	0.000000	0.000000
321	0.000000	0.000000	0.000000	0.177182	0.811335	0.011483	0.000000	0.000000	0.000000
322	0.000000	0.000000	0.000000	0.177132	0.811379	0.011489	0.000000	0.000000	0.000000
323	0.000000	0.000000	0.000000	0.177480	0.811075	0.011445	0.000000	0.000000	0.000000
324	0.000000	0.000000	0.000000	0.177753	0.810742	0.011505	0.000000	0.000000	0.000000
325	0.000000	0.000000	0.000000	0.177160	0.811418	0.011422	0.000000	0.000000	0.000000
326	0.000000	0.000000	0.000000	0.177085	0.811541	0.011374	0.000000	0.000000	0.000000
327	0.000000	0.000000	0.000000	0.177339	0.811447	0.011214	0.000000	0.000000	0.000000
328	0.000000	0.000000	0.000000	0.177284	0.811554	0.011162	0.000000	0.000000	0.000000
329	0.000000	0.000000	0.000000	0.177687	0.811020	0.011293	0.000000	0.000000	0.000000
330	0.000000	0.000000	0.000000	0.177346	0.811518	0.011136	0.000000	0.000000	0.000000
331	0.000000	0.000000	0.000000	0.177348	0.811434	0.011218	0.000000	0.000000	0.000000
332	0.000000	0.000000	0.000000	0.177120	0.811698	0.011182	0.000000	0.000000	0.000000
333	0.000000	0.000000	0.000000	0.177133	0.811770	0.011097	0.000000	0.000000	0.000000
334	0.000000	0.000000	0.000000	0.176985	0.811926	0.011089	0.000000	0.000000	0.000000
335	0.000000	0.000000	0.000000	0.177218	0.811566	0.011216	0.000000	0.000000	0.000000
336	0.000000	0.000000	0.000000	0.176968	0.811852	0.011180	0.000000	0.000000	0.000000
337	0.000000	0.000000	0.000000	0.177022	0.811701	0.011277	0.000000	0.000000	0.000000
338	0.000000	0.000000	0.000000	0.177062	0.811734	0.011204	0.000000	0.000000	0.000000
339	0.000000	0.000000	0.000000	0.177273	0.811495	0.011232	0.000000	0.000000	0.000000
340	0.000000	0.000000	0.000000	0.176634	0.812275	0.011091	0.000000	0.000000	0.000000
341	0.000000	0.000000	0.000000	0.176698	0.812274	0.011028	0.000000	0.000000	0.000000
342	0.000000	0.000000	0.000000	0.176533	0.812438	0.011029	0.000000	0.000000	0.000000
343	0.000000	0.000000	0.000000	0.176558	0.812488	0.010954	0.000000	0.000000	0.000000
344	0.000000	0.000000	0.000000	0.176443	0.812637	0.010920	0.000000	0.000000	0.000000
345	0.000000	0.000000	0.000000	0.176150	0.812910	0.010940	0.000000	0.000000	0.000000
346	0.000000	0.000000	0.000000	0.176547	0.812389	0.011064	0.000000	0.000000	0.000000
347	0.000000	0.000000	0.000000	0.176709	0.812315	0.010976	0.000000	0.000000	0.000000
348	0.000000	0.000000	0.000000	0.176913	0.812015	0.011072	0.000000	0.000000	0.000000
349	0.000000	0.000000	0.000000	0.177303	0.811616	0.011081	0.000000	0.000000	0.000000
350	0.000000	0.000000	0.000000	0.177573	0.811371	0.011056	0.000000	0.000000	0.000000
351	0.000000	0.000000	0.000000	0.176953	0.811984	0.011063	0.000000	0.000000	0.000000
352	0.000000	0.000000	0.000000	0.176845	0.812185	0.010970	0.000000	0.000000	0.000000
353	0.000000	0.000000	0.000000	0.177001	0.811857	0.011142	0.000000	0.000000	0.000000
354	0.000000	0.000000	0.000000	0.176893	0.811830	0.011277	0.000000	0.000000	0.000000
355	0.000000	0.000000	0.000000	0.177089	0.811669	0.011242	0.000000	0.000000	0.000000
356	0.000000	0.000000	0.000000	0.176956	0.811734	0.011310	0.000000	0.000000	0.000000
357	0.000000	0.000000	0.000000	0.177747	0.810987	0.011266	0.000000	0.000000	0.000000
358	0.000000	0.000000	0.000000	0.177169	0.811630	0.011201	0.000000	0.000000	0.000000
359	0.000000	0.000000	0.000000	0.177050	0.811740	0.011210	0.000000	0.000000	0.000000
360	0.000000	0.000000	0.000000	0.176962	0.811909	0.011129	0.000000	0.000000	0.000000
361	0.000000	0.000000	0.000000	0.177084	0.811744	0.011172	0.000000	0.000000	0.000000
362	0.000000	0.000000	0.000000	0.176672	0.812285	0.011043	0.000000	0.000000	0.000000
363	0.000000	0.000000	0.000000	0.176909	0.812012	0.011079	0.000000	0.000000	0.000000
364	0.000000	0.000000	0.000000	0.176585	0.812427	0.010988	0.000000	0.000000	0.000000
365	0.000000	0.000000	0.000000	0.176757	0.812228	0.011015	0.000000	0.000000	0.000000
366	0.000000	0.000000	0.000000	0.176663	0.812169	0.011168	0.000000	0.000000	0.000000
367	0.000000	0.000000	0.000000	0.176737	0.812114	0.011149	0.000000	0.000000	0.000000
368	0.000000	0.000000	0.000000	0.177027	0.812016	0.010957	0.000000	0.000000	0.000000
369	0.000000	0.000000	0.000000	0.177347	0.811608	0.011045	0.000000	0.000000	0.000000
370	0.000000	0.000000	0.000000	0.177193	0.811739	0.011068	0.000000	0.000000	0.000000
371	0.000000	0.000000	0.000000	0.176492	0.812395	0.011113	0.000000	0.000000	0.000000
372	0.000000	0.000000	0.000000	0.176609	0.812401	0.010990	0.000000	0.000000	0.000000
373	0.000000	0.000000	0.000000	0.176325	0.812745	0.010930	0.000000	0.000000	0.000000
374	0.000000	0.000000	0.000000	0.176254	0.812719	0.011027	0.000000	0.000000	0.000000
375	0.000000	0.000000	0.000000	0.175923	0.812987	0.011090	0.000000	0.000000	0.000000
376	0.000000	0.000000	0.000000	0.175477	0.813528	0.010995	0.000000	0.000000	0.000000
377	0.000000	0.000000	0.000000	0.175010	0.813933	0.011057	0.000000	0.000000	0.000000
378	0.000000	0.000000	0.000000	0.174852	0.814175	0.010973	0.000000	0.000000	0.000000
379	0.000000	0.000000	0.000000	0.174907	0.814043	0.011050	0.000000	0.000000	0.000000
380	0.000000	0.000000	0.000000	0.174757	0.814271	0.010972	0.000000	0.000000	0.000000
381	0.000000	0.000000	0.000000	0.174492	0.814509	0.010999	0.000000	0.000000	0.000000
382	0.000000	0.000000	0.000000	0.173918	0.814940	0.011142	0.000000	0.000000	0.000000
383	0.000000	0.000000	0.000000	0.174300	0.814504	0.011196	0.000000	0.000000	0.000000
384	0.000000	0.000000	0.000000	0.173899	0.814904	0.011197	0.000000	0.000000	0.000000
385	0.000000	0.000000	0.000000	0.174110	0.814614	0.011276	0.000000	0.000000	0.000000
386	0.000000	0.000000	0.000000	0.173764	0.814993	0.011243	0.000000	0.000000	0.000000
387	0.000000	0.000000	0.000000	0.173255	0.815353	0.011392	0.000000	0.000000	0.000000
388	0.000000	0.000000	0.000000	0.173341	0.815336	0.011323	0.000000	0.000000	0.000000
389	0.000000	0.000000	0.000000	0.173594	0.815098	0.011308	0.000000	0.000000	0.000000
390	0.000000	0.000000	0.000000	0.173098	0.815606	0.011296	0.000000	0.000000	0.000000
391	0.000000	0.000000	0.000000	0.173407	0.815312	0.011281	0.000000	0.000000	0.000000
392	0.000000	0.000000	0.000000	0.173233	0.815474	0.011293	0.000000	0.000000	0.000000
393	0.000000	0.000000	0.000000	0.172659	0.815985	0.011356	0.000000	0.000000	0.000000
394	0.000000	0.000000	0.000000	0.173036	0.815490	0.011474	0.000000	0.000000	0.000000
395	0.000000	0.000000	0.000000	0.172707	0.815934	0.011359	0.000000	0.000000	0.000000
396	0.000000	0.000000	0.000000	0.172450	0.816150	0.011400	0.000000	0.000000	0.000000
397	0.000000	0.000000	0.000000	0.172649	0.815993	0.011358	0.000000	0.000000	0.000000
398	0.000000	0.000000	0.000000	0.172453	0.816285	0.011262	0.000000	0.000000	0.000000
399	0.000000	0.000000	0.000000	0.172423	0.816266	0.011311	0.000000	0.000000	0.000000
400	0.000000	0.000000	0.000000	0.172270	0.816275	0.011455	0.000000	0.000000	0.000000
401	0.000000	0.000000	0.000000	0.172586	0.816101	0.011313	0.000000	0.000000	0.000000
402	0.000000	0.000000	0.000000	0.172736	0.815991	0.011273	0.000000	0.000000	0.000000
403	0.000000	0.000000	0.000000	0.172808	0.815892	0.011300	0.000000	0.000000	0.000000
404	0.000000	0.000000	0.000000	0.173027	0.815607	0.011366	0.000000	0.000000	0.000000
405	0.000000	0.000000	0.000000	0.172412	0.816298	0.011290	0.000000	0.000000	0.000000
406	0.000000	0.000000	0.000000	0.171921	0.816818	0.011261	0.000000	0.000000	0.000000
407	0.000000	0.000000	0.000000	0.172011	0.816816	0.011173	0.000000	0.000000	0.000000
408	0.000000	0.000000	0.000000	0.171958	0.816829	0.011213	0.000000	0.000000	0.000000
409	0.000000	0.000000	0.000000	0.171716	0.816919	0.011365	0.000000	0.000000	0.000000
410	0.000000	0.000000	0.000000	0.172060	0.816738	0.011202	0.000000	0.000000	0.000000
411	0.000000	0.000000	0.000000	0.171813	0.817043	0.011144	0.000000	0.000000	0.000000
412	0.000000	0.000000	0.000000	0.172266	0.816490	0.011244	0.000000	0.000000	0.000000
413	0.000000	0.000000	0.000000	0.172356	0.816241	0.011403	0.000000	0.000000	0.000000
414	0.000000	0.000000	0.000000	0.171946	0.816721	0.011333	0.000000	0.000000	0.000000
415	0.000000	0.000000	0.000000	0.171486	0.817211	0.011303	0.000000	0.000000	0.000000
416	0.000000	0.000000	0.000000	0.171466	0.817356	0.011178	0.000000	0.000000	0.000000
417	0.000000	0.000000	0.000000	0.171949	0.816885	0.011166	0.000000	0.000000	0.000000
418	0.000000	0.000000	0.000000	0.171515	0.817364	0.011121	0.000000	0.000000	0.000000
419	0.000000	0.000000	0.000000	0.171318	0.817532	0.011150	0.000000	0.000000	0.000000
420	0.000000	0.000000	0.000000	0.170855	0.817934	0.011211	0.000000	0.000000	0.000000
421	0.000000	0.000000	0.000000	0.170854	0.817891	0.011255	0.000000	0.000000	0.000000
422	0.000000	0.000000	0.000000	0.171025	0.817820	0.011155	0.000000	0.000000	0.000000
423	0.000000	0.000000	0.000000	0.170712	0.818160	0.011128	0.000000	0.000000	0.000000
424	0.000000	0.000000	0.000000	0.170747	0.818121	0.011132	0.000000	0.000000	0.000000
425	0.000000	0.000000	0.000000	0.170901	0.817800	0.011299	0.000000	0.000000	0.000000
426	0.000000	0.000000	0.000000	0.170819	0.817812	0.011369	0.000000	0.000000	0.000000
427	0.000000	0.000000	0.000000	0.170795	0.817834	0.011371	0.000000	0.000000	0.000000
428	0.000000	0.000000	0.000000	0.170664	0.818018	0.011318	0.000000	0.000000	0.000000
429	0.000000	0.000000	0.000000	0.170834	0.817751	0.011415	0.000000	0.000000	0.000000
430	0.000000	0.000000	0.000000	0.171076	0.817442	0.011482	0.000000	0.000000	0.000000
431	0.000000	0.000000	0.000000	0.171157	0.817493	0.011350	0.000000	0.000000	0.000000
432	0.000000	0.000000	0.000000	0.170822	0.818012	0.011166	0.000000	0.000000	0.000000
433	0.000000	0.000000	0.000000	0.171133	0.817673	0.011194	0.000000	0.000000	0.000000
434	0.000000	0.000000	0.000000	0.171000	0.817774	0.011226	0.000000	0.000000	0.000000
435	0.000000	0.000000	0.000000	0.171356	0.817478	0.011166	0.000000	0.000000	0.000000
436	0.000000	0.000000	0.000000	0.171690	0.817278	0.011032	0.000000	0.000000	0.000000
437	0.000000	0.000000	0.000000	0.172022	0.816740	0.011238	0.000000	0.000000	0.000000
438	0.000000	0.000000	0.000000	0.171907	0.816678	0.011415	0.000000	0.000000	0.000000
439	0.000000	0.000000	0.000000	0.171793	0.816723	0.011484	0.000000	0.000000	0.000000
440	0.000000	0.000000	0.000000	0.171807	0.816714	0.011479	0.000000	0.000000	0.000000
441	0.000000	0.000000	0.000000	0.171241	0.817235	0.011524	0.000000	0.000000	0.000000
442	0.000000	0.000000	0.000000	0.171642	0.816697	0.011661	0.000000	0.000000	0.000000
443	0.000000	0.000000	0.000000	0.171474	0.816786	0.011740	0.000000	0.000000	0.000000
444	0.000000	0.000000	0.000000	0.171777	0.816511	0.011712	0.000000	0.000000	0.000000
445	0.000000	0.000000	0.000000	0.171731	0.816488	0.011781	0.000000	0.000000	0.000000
446	0.000000	0.000000	0.000000	0.171591	0.816536	0.011873	0.000000	0.000000	0.000000
447	0.000000	0.000000	0.000000	0.171719	0.816501	0.011780	0.000000	0.000000	0.000000
448	0.000000	0.000000	0.000000	0.171964	0.816248	0.011788	0.000000	0.000000	0.000000
449	0.000000	0.000000	0.000000	0.171873	0.816235	0.011892	0.000000	0.000000	0.000000
450	0.000000	0.000000	0.000000	0.172132	0.815946	0.011922	0.000000	0.000000	0.000000
451	0.000000	0.000000	0.000000	0.171841	0.816149	0.012010	0.000000	0.000000	0.000000
452	0.000000	0.000000	0.000000	0.172015	0.816022	0.011963	0.000000	0.000000	0.000000
453	0.000000	0.000000	0.000000	0.172063	0.815991	0.011946	0.000000	0.000000	0.000000
454	0.000000	0.000000	0.000000	0.172004	0.816115	0.011881	0.000000	0.000000	0.000000
455	0.000000	0.000000	0.000000	0.172441	0.815801	0.011758	0.000000	0.000000	0.000000
456	0.000000	0.000000	0.000000	0.172566	0.815591	0.011843	0.000000	0.000000	0.000000
457	0.000000	0.000000	0.000000	0.172378	0.815775	0.011847	0.000000	0.000000	0.000000
458	0.000000	0.000000	0.000000	0.172214	0.816023	0.011763	0.000000	0.000000	0.000000
459	0.000000	0.000000	0.000000	0.171893	0.816332	0.011775	0.000000	0.000000	0.000000
460	0.000000	0.000000	0.000000	0.172059	0.816208	0.011733	0.000000	0.000000	0.000000
461	0.000000	0.000000	0.000000	0.172325	0.815953	0.011722	0.000000	0.000000	0.000000
462	0.000000	0.000000	0.000000	0.172806	0.815460	0.011734	0.000000	0.000000	0.000000
463	0.000000	0.000000	0.000000	0.173092	0.815181	0.011727	0.000000	0.000000	0.000000
464	0.000000	0.000000	0.000000	0.172603	0.815757	0.011640	0.000000	0.000000	0.000000
465	0.000000	0.000000	0.000000	0.172747	0.815450	0.011803	0.000000	0.000000	0.000000
466	0.000000	0.000000	0.000000	0.172844	0.815450	0.011706	0.000000	0.000000	0.000000
467	0.000000	0.000000	0.000000	0.172893	0.815345	0.011762	0.000000	0.000000	0.000000
468	0.000000	0.000000	0.000000	0.173474	0.814789	0.011737	0.000000	0.000000	0.000000
469	0.000000	0.000000	0.000000	0.173494	0.814661	0.011845	0.000000	0.000000	0.000000
470	0.000000	0.000000	0.000000	0.173351	0.814941	0.011708	0.000000	0.000000	0.000000
