0	0.290663	0.057897	0.229473	0.157588	0.029913	0.111872	0.085455	0.012259	0.024880
1	0.227978	0.047142	0.196036	0.147951	0.029831	0.125280	0.115535	0.022482	0.087765
2	0.223933	0.045527	0.192718	0.148801	0.031501	0.127417	0.113791	0.022287	0.094025
3	0.225374	0.044516	0.192142	0.151161	0.033369	0.128158	0.109332	0.020923	0.095025
4	0.228861	0.043563	0.191552	0.152641	0.035361	0.128635	0.104166	0.019630	0.095591
5	0.231458	0.042647	0.191391	0.154582	0.037897	0.128475	0.098925	0.018399	0.096226
6	0.234965	0.042012	0.191526	0.155696	0.040332	0.128671	0.094081	0.016959	0.095758
7	0.237651	0.041173	0.191385	0.157287	0.042989	0.128049	0.089472	0.015744	0.096250
8	0.240809	0.040152	0.191759	0.159110	0.045559	0.126800	0.085115	0.014436	0.096260
9	0.243806	0.039634	0.191126	0.161372	0.048421	0.125785	0.080989	0.013444	0.095423
10	0.247092	0.038522	0.191345	0.161874	0.051215	0.125314	0.076923	0.012274	0.095441
11	0.250006	0.037618	0.191232	0.163482	0.054017	0.123672	0.073459	0.011451	0.095063
12	0.253313	0.036493	0.191155	0.164097	0.056992	0.122273	0.069810	0.010479	0.095388
13	0.255631	0.035600	0.191023	0.165632	0.059647	0.121483	0.066537	0.009568	0.094879
14	0.258333	0.034595	0.190156	0.166591	0.062979	0.120810	0.063140	0.008869	0.094527
15	0.261267	0.033492	0.190107	0.167026	0.066128	0.119407	0.060126	0.008141	0.094306
16	0.263615	0.032372	0.189391	0.168119	0.069814	0.118081	0.056652	0.007742	0.094214
17	0.265858	0.031534	0.189177	0.168529	0.073310	0.116793	0.053955	0.007167	0.093677
18	0.268138	0.030403	0.188812	0.168719	0.076753	0.115933	0.051297	0.006637	0.093308
19	0.270584	0.029526	0.188263	0.169384	0.080409	0.114625	0.048346	0.006028	0.092835
20	0.272552	0.028433	0.187511	0.169711	0.084324	0.113140	0.046383	0.005536	0.092410
21	0.274567	0.027496	0.186356	0.170177	0.087807	0.112080	0.044091	0.005212	0.092214
22	0.276272	0.026652	0.186173	0.170093	0.091512	0.111450	0.041366	0.004756	0.091726
23	0.278320	0.025592	0.185336	0.170142	0.095473	0.110100	0.039065	0.004430	0.091542
24	0.280612	0.024802	0.183797	0.170515	0.099550	0.108673	0.036913	0.004154	0.090984
25	0.281383	0.024051	0.182828	0.171125	0.103276	0.107408	0.035002	0.003941	0.090986
26	0.282846	0.023210	0.182025	0.171252	0.107457	0.106254	0.033295	0.003611	0.090050
27	0.283816	0.022199	0.180954	0.171588	0.111450	0.105046	0.031562	0.003348	0.090037
28	0.284634	0.021475	0.179906	0.171469	0.115782	0.104321	0.030108	0.003078	0.089227
29	0.285319	0.020702	0.178472	0.171557	0.120803	0.103374	0.028416	0.002776	0.088581
30	0.286258	0.020036	0.177332	0.171268	0.125246	0.102417	0.026788	0.002611	0.088044
31	0.286719	0.019224	0.175284	0.171766	0.130147	0.101358	0.025519	0.002427	0.087556
32	0.286867	0.018561	0.173713	0.171752	0.135561	0.099954	0.024245	0.002201	0.087146
33	0.287206	0.017810	0.172078	0.171868	0.140447	0.099213	0.022744	0.002038	0.086596
34	0.287322	0.017284	0.170794	0.171698	0.145227	0.097880	0.021714	0.001837	0.086244
35	0.287696	0.016453	0.169097	0.171826	0.150381	0.096697	0.020396	0.001670	0.085784
36	0.287484	0.015834	0.167830	0.171954	0.155176	0.095673	0.019553	0.001587	0.084909
37	0.286973	0.015164	0.166323	0.171701	0.160305	0.094988	0.018540	0.001492	0.084514
38	0.286358	0.014656	0.164956	0.171391	0.165618	0.094247	0.017695	0.001277	0.083802
39	0.285445	0.013857	0.163347	0.172346	0.171122	0.093152	0.016669	0.001168	0.082894
40	0.285508	0.013276	0.161509	0.172008	0.176035	0.092622	0.015880	0.001087	0.082075
41	0.284802	0.012800	0.159950	0.171672	0.181840	0.091543	0.014979	0.000997	0.081417
42	0.284233	0.012288	0.157928	0.172293	0.187411	0.090398	0.014130	0.000932	0.080387
43	0.282646	0.011877	0.156067	0.172577	0.193095	0.089767	0.013464	0.000857	0.079650
44	0.281479	0.011359	0.154396	0.173256	0.198336	0.088996	0.012649	0.000757	0.078772
45	0.280609	0.010928	0.152737	0.173107	0.204290	0.088051	0.011924	0.000698	0.077656
46	0.279443	0.010272	0.150499	0.173428	0.209835	0.087737	0.011069	0.000678	0.077039
47	0.278532	0.009789	0.148844	0.173167	0.215474	0.087111	0.010637	0.000608	0.075838
48	0.277039	0.009325	0.147177	0.173243	0.221494	0.086506	0.009954	0.000582	0.074680
49	0.275538	0.008895	0.145196	0.173892	0.226895	0.085950	0.009455	0.000546	0.073633
50	0.274350	0.008398	0.143295	0.173789	0.232811	0.085402	0.009081	0.000502	0.072372
51	0.272627	0.008169	0.141397	0.173777	0.239204	0.084677	0.008518	0.000449	0.071182
52	0.271003	0.007694	0.139352	0.174093	0.245576	0.083640	0.008018	0.000420	0.070204
53	0.269623	0.007397	0.136647	0.174097	0.251697	0.083256	0.007500	0.000370	0.069413
54	0.267294	0.006984	0.134555	0.174465	0.258195	0.082557	0.007029	0.000357	0.068564
55	0.264982	0.006671	0.132658	0.173903	0.264994	0.082322	0.006551	0.000312	0.067607
56	0.262572	0.006346	0.130425	0.174232	0.271799	0.081545	0.006229	0.000285	0.066567
57	0.260319	0.006042	0.128271	0.173891	0.278571	0.081213	0.005760	0.000268	0.065665
58	0.258527	0.005678	0.126420	0.174437	0.284385	0.080420	0.005612	0.000232	0.064289
59	0.256088	0.005445	0.124671	0.174678	0.291337	0.079280	0.005203	0.000201	0.063097
60	0.253244	0.005161	0.122481	0.175287	0.298038	0.078788	0.004801	0.000168	0.062032
61	0.250608	0.004966	0.120246	0.175248	0.304748	0.078435	0.004619	0.000176	0.060954
62	0.247620	0.004707	0.118222	0.175363	0.311985	0.078017	0.004244	0.000152	0.059690
63	0.245088	0.004506	0.115830	0.175714	0.318462	0.077679	0.003973	0.000136	0.058612
64	0.241965	0.004415	0.113509	0.176550	0.325687	0.076648	0.003729	0.000117	0.057380
65	0.239145	0.004139	0.111577	0.177210	0.331679	0.076407	0.003560	0.000090	0.056193
66	0.236788	0.003902	0.109225	0.177441	0.337782	0.076275	0.003363	0.000087	0.055137
67	0.233543	0.003683	0.106939	0.177798	0.344716	0.076337	0.003214	0.000080	0.053690
68	0.230319	0.003502	0.104458	0.178659	0.351233	0.076068	0.002961	0.000066	0.052734
69	0.226822	0.003277	0.102465	0.179184	0.357800	0.075764	0.002772	0.000065	0.051851
70	0.223008	0.003206	0.100258	0.180127	0.364620	0.075322	0.002568	0.000057	0.050834
71	0.220040	0.003028	0.097692	0.180694	0.371069	0.075107	0.002427	0.000057	0.049886
72	0.217090	0.002799	0.095544	0.181360	0.377676	0.074472	0.002243	0.000047	0.048769
73	0.214048	0.002684	0.093232	0.181336	0.384472	0.074540	0.002158	0.000046	0.047484
74	0.210833	0.002491	0.091226	0.181878	0.391187	0.074138	0.001998	0.000037	0.046212
75	0.207476	0.002481	0.089244	0.181791	0.398298	0.073806	0.001827	0.000031	0.045046
76	0.203508	0.002391	0.087709	0.182855	0.404272	0.073427	0.001778	0.000029	0.044031
77	0.199570	0.002273	0.085941	0.183634	0.411131	0.073097	0.001598	0.000034	0.042722
78	0.196463	0.002226	0.084036	0.184333	0.416978	0.072927	0.001504	0.000036	0.041497
79	0.192942	0.002163	0.082096	0.184804	0.423860	0.072368	0.001420	0.000029	0.040318
80	0.189459	0.002053	0.080093	0.185037	0.430741	0.072080	0.001365	0.000022	0.039150
81	0.185697	0.001947	0.078390	0.185327	0.437260	0.072235	0.001257	0.000019	0.037868
82	0.182191	0.001825	0.076457	0.186369	0.443480	0.071699	0.001196	0.000015	0.036768
83	0.178688	0.001675	0.074629	0.186735	0.450145	0.071517	0.001151	0.000014	0.035446
84	0.175189	0.001591	0.072862	0.187832	0.456148	0.070926	0.001026	0.000016	0.034410
85	0.171372	0.001491	0.070678	0.188542	0.462607	0.070910	0.000933	0.000012	0.033455
86	0.167894	0.001372	0.068706	0.189496	0.468437	0.070854	0.000886	0.000011	0.032344
87	0.164034	0.001248	0.066888	0.190047	0.474876	0.070853	0.000788	0.000017	0.031249
88	0.160987	0.001179	0.065280	0.190907	0.480013	0.070685	0.000743	0.000013	0.030193
89	0.157424	0.001067	0.063469	0.191394	0.486087	0.070577	0.000732	0.000017	0.029233
90	0.153717	0.000966	0.061667	0.191676	0.492895	0.070187	0.000680	0.000013	0.028199
91	0.150266	0.000903	0.060070	0.192113	0.499134	0.069806	0.000647	0.000020	0.027041
92	0.146601	0.000850	0.058686	0.192433	0.504848	0.069734	0.000618	0.000010	0.026220
93	0.142890	0.000765	0.056528	0.192565	0.511438	0.069810	0.000563	0.000013	0.025428
94	0.139505	0.000738	0.055172	0.192852	0.517522	0.069354	0.000506	0.000008	0.024343
95	0.136241	0.000720	0.053473	0.193859	0.522683	0.069277	0.000441	0.000008	0.023298
96	0.132922	0.000644	0.051890	0.194973	0.527557	0.069165	0.000417	0.000004	0.022428
97	0.128953	0.000619	0.050110	0.195752	0.533389	0.069142	0.000444	0.000005	0.021586
98	0.125631	0.000543	0.048581	0.196233	0.538576	0.069207	0.000419	0.000006	0.020804
99	0.122474	0.000523	0.047123	0.197022	0.543290	0.069329	0.000391	0.000005	0.019843
100	0.119247	0.000448	0.045780	0.197503	0.548262	0.069192	0.000374	0.000002	0.019192
101	0.116064	0.000427	0.044089	0.198415	0.553002	0.069214	0.000368	0.000001	0.018420
102	0.112880	0.000414	0.042794	0.198705	0.557823	0.069390	0.000335	0.000000	0.017659
103	0.109494	0.000410	0.041581	0.199150	0.562647	0.069528	0.000314	0.000000	0.016876
104	0.106113	0.000380	0.040076	0.199602	0.567975	0.069376	0.000281	0.000000	0.016197
105	0.103139	0.000366	0.038824	0.200352	0.571991	0.069452	0.000283	0.000000	0.015593
106	0.100178	0.000343	0.037343	0.201053	0.576775	0.069196	0.000249	0.000000	0.014863
107	0.097286	0.000338	0.036004	0.201761	0.580837	0.069373	0.000221	0.000000	0.014180
108	0.094427	0.000326	0.034580	0.202398	0.584959	0.069505	0.000217	0.000000	0.013588
109	0.091738	0.000297	0.033606	0.202624	0.589155	0.069376	0.000196	0.000000	0.013008
110	0.088906	0.000311	0.032418	0.202914	0.593726	0.069147	0.000171	0.000000	0.012407
111	0.085882	0.000290	0.031454	0.203583	0.597640	0.069168	0.000148	0.000000	0.011835
112	0.082951	0.000281	0.030377	0.204562	0.601151	0.069253	0.000137	0.000000	0.011288
113	0.080449	0.000279	0.029403	0.204687	0.605180	0.069163	0.000137	0.000000	0.010702
114	0.077903	0.000273	0.027966	0.205108	0.609187	0.069173	0.000118	0.000000	0.010272
115	0.075446	0.000282	0.026938	0.205586	0.612781	0.069087	0.000111	0.000000	0.009769
116	0.072489	0.000254	0.025984	0.205752	0.616969	0.069241	0.000090	0.000000	0.009221
117	0.069896	0.000215	0.025097	0.206339	0.620663	0.068932	0.000070	0.000000	0.008788
118	0.067261	0.000208	0.024218	0.206825	0.624029	0.069057	0.000073	0.000000	0.008329
119	0.064745	0.000203	0.023154	0.207028	0.627608	0.069224	0.000071	0.000000	0.007967
120	0.062383	0.000191	0.022109	0.207843	0.631144	0.068648	0.000063	0.000000	0.007619
121	0.060485	0.000190	0.021397	0.208191	0.633599	0.068854	0.000042	0.000000	0.007242
122	0.058640	0.000170	0.020616	0.208524	0.636270	0.068781	0.000041	0.000000	0.006958
123	0.056245	0.000176	0.019673	0.208804	0.639740	0.068750	0.000035	0.000000	0.006577
124	0.054121	0.000161	0.019130	0.208754	0.642558	0.069072	0.000034	0.000000	0.006170
125	0.051989	0.000153	0.018324	0.208903	0.645228	0.069399	0.000033	0.000000	0.005971
126	0.050187	0.000135	0.017551	0.209492	0.647444	0.069419	0.000025	0.000000	0.005747
127	0.048124	0.000125	0.016983	0.209881	0.649977	0.069535	0.000024	0.000000	0.005351
128	0.046308	0.000113	0.016318	0.210135	0.652233	0.069687	0.000021	0.000000	0.005185
129	0.044099	0.000107	0.015628	0.210761	0.654854	0.069630	0.000019	0.000000	0.004902
130	0.042238	0.000110	0.015083	0.211338	0.656999	0.069622	0.000014	0.000000	0.004596
131	0.040167	0.000093	0.014654	0.212137	0.659108	0.069520	0.000011	0.000000	0.004310
132	0.038564	0.000083	0.014109	0.212239	0.660940	0.069919	0.000010	0.000000	0.004136
133	0.036735	0.000084	0.013566	0.212740	0.662871	0.070084	0.000010	0.000000	0.003910
134	0.035117	0.000080	0.012952	0.213016	0.664757	0.070320	0.000009	0.000000	0.003749
135	0.033259	0.000083	0.012382	0.213563	0.666804	0.070278	0.000013	0.000000	0.003618
136	0.031938	0.000080	0.011845	0.214046	0.668377	0.070296	0.000014	0.000000	0.003404
137	0.030686	0.000081	0.011397	0.214071	0.670356	0.070244	0.000016	0.000000	0.003149
138	0.029398	0.000080	0.010727	0.213886	0.672495	0.070399	0.000013	0.000000	0.003002
139	0.028222	0.000064	0.010452	0.213586	0.674516	0.070267	0.000012	0.000000	0.002881
140	0.026978	0.000066	0.009985	0.213526	0.676504	0.070162	0.000014	0.000000	0.002765
141	0.025991	0.000067	0.009609	0.213413	0.678511	0.069789	0.000007	0.000000	0.002613
142	0.024577	0.000061	0.009085	0.213516	0.680396	0.069840	0.000004	0.000000	0.002521
143	0.023690	0.000051	0.008690	0.213594	0.681750	0.069854	0.000002	0.000000	0.002369
144	0.022716	0.000046	0.008283	0.213794	0.682913	0.069997	0.000002	0.000000	0.002249
145	0.021799	0.000046	0.007956	0.214011	0.684127	0.069907	0.000004	0.000000	0.002150
146	0.020851	0.000044	0.007596	0.213825	0.685397	0.070206	0.000000	0.000000	0.002081
147	0.019990	0.000045	0.007260	0.214269	0.686079	0.070365	0.000001	0.000000	0.001991
148	0.019063	0.000039	0.007021	0.214829	0.686979	0.070196	0.000001	0.000000	0.001872
149	0.018250	0.000043	0.006510	0.215063	0.688138	0.070209	0.000000	0.000000	0.001787
150	0.017540	0.000036	0.006162	0.214744	0.689266	0.070572	0.000000	0.000000	0.001680
151	0.016687	0.000027	0.005862	0.214673	0.690927	0.070223	0.000000	0.000000	0.001601
152	0.015884	0.000020	0.005600	0.215020	0.691611	0.070329	0.000000	0.000000	0.001536
153	0.015116	0.000020	0.005404	0.214633	0.693142	0.070186	0.000000	0.000000	0.001499
154	0.014448	0.000017	0.005106	0.215028	0.693812	0.070157	0.000000	0.000000	0.001432
155	0.013817	0.000012	0.004900	0.215095	0.694741	0.070121	0.000000	0.000000	0.001314
156	0.013242	0.000009	0.004764	0.215270	0.695237	0.070233	0.000000	0.000000	0.001245
157	0.012649	0.000007	0.004517	0.215364	0.696270	0.070015	0.000000	0.000000	0.001178
158	0.011985	0.000007	0.004271	0.215662	0.697014	0.069952	0.000000	0.000000	0.001109
159	0.011405	0.000005	0.004094	0.215873	0.697335	0.070228	0.000000	0.000000	0.001060
160	0.010890	0.000004	0.003939	0.216110	0.697865	0.070208	0.000000	0.000000	0.000984
161	0.010349	0.000007	0.003752	0.216211	0.698452	0.070288	0.000000	0.000000	0.000941
162	0.009824	0.000009	0.003657	0.215832	0.699555	0.070255	0.000000	0.000000	0.000868
163	0.009472	0.000004	0.003417	0.216168	0.699629	0.070513	0.000000	0.000000	0.000797
164	0.009019	0.000003	0.003251	0.216200	0.700131	0.070650	0.000000	0.000000	0.000746
165	0.008622	0.000006	0.003165	0.215892	0.701034	0.070576	0.000000	0.000000	0.000705
166	0.008142	0.000005	0.003041	0.215755	0.701282	0.071122	0.000000	0.000000	0.000653
167	0.007764	0.000002	0.002886	0.215677	0.702148	0.070902	0.000000	0.000000	0.000621
168	0.007451	0.000002	0.002723	0.215913	0.702308	0.070989	0.000000	0.000000	0.000614
169	0.007120	0.000000	0.002553	0.215810	0.702915	0.071025	0.000000	0.000000	0.000577
170	0.006778	0.000000	0.002486	0.215998	0.702948	0.071250	0.000000	0.000000	0.000540
171	0.006485	0.000000	0.002436	0.216108	0.703141	0.071308	0.000000	0.000000	0.000522
172	0.006153	0.000000	0.002244	0.216504	0.703437	0.071168	0.000000	0.000000	0.000494
173	0.005802	0.000000	0.002094	0.216702	0.703685	0.071245	0.000000	0.000000	0.000472
174	0.005583	0.000000	0.001993	0.216881	0.703830	0.071234	0.000000	0.000000	0.000479
175	0.005355	0.000000	0.001954	0.216595	0.704024	0.071603	0.000000	0.000000	0.000469
176	0.005154	0.000000	0.001913	0.216321	0.704625	0.071537	0.000000	0.000000	0.000450
177	0.004918	0.000000	0.001808	0.216497	0.704721	0.071624	0.000000	0.000000	0.000432
178	0.004685	0.000000	0.001743	0.216373	0.705116	0.071670	0.000000	0.000000	0.000413
179	0.004485	0.000000	0.001592	0.216076	0.706087	0.071383	0.000000	0.000000	0.000377
180	0.004222	0.000000	0.001525	0.215896	0.706475	0.071516	0.000000	0.000000	0.000366
181	0.003981	0.000000	0.001447	0.216224	0.706605	0.071377	0.000000	0.000000	0.000366
182	0.003806	0.000000	0.001392	0.216329	0.706613	0.071494	0.000000	0.000000	0.000366
183	0.003662	0.000000	0.001315	0.216468	0.706571	0.071627	0.000000	0.000000	0.000357
184	0.003510	0.000000	0.001281	0.216844	0.706726	0.071298	0.000000	0.000000	0.000341
185	0.003408	0.000000	0.001233	0.216651	0.707062	0.071316	0.000000	0.000000	0.000330
186	0.003243	0.000000	0.001186	0.216607	0.707190	0.071458	0.000000	0.000000	0.000316
187	0.003080	0.000000	0.001126	0.216780	0.707641	0.071061	0.000000	0.000000	0.000312
188	0.002961	0.000000	0.001082	0.217004	0.707718	0.070952	0.000000	0.000000	0.000283
189	0.002876	0.000000	0.001053	0.216739	0.707773	0.071286	0.000000	0.000000	0.000273
190	0.002710	0.000000	0.000993	0.216432	0.708428	0.071192	0.000000	0.000000	0.000245
191	0.002565	0.000000	0.000950	0.216591	0.708493	0.071148	0.000000	0.000000	0.000253
192	0.002415	0.000000	0.000902	0.216215	0.709123	0.071095	0.000000	0.000000	0.000250
193	0.002313	0.000000	0.000851	0.215948	0.709453	0.071216	0.000000	0.000000	0.000219
194	0.002173	0.000000	0.000804	0.215614	0.710370	0.070841	0.000000	0.000000	0.000198
195	0.002061	0.000000	0.000749	0.215570	0.710606	0.070839	0.000000	0.000000	0.000175
196	0.002019	0.000000	0.000701	0.215914	0.710396	0.070785	0.000000	0.000000	0.000185
197	0.001896	0.000000	0.000665	0.215750	0.710855	0.070659	0.000000	0.000000	0.000175
198	0.001792	0.000000	0.000602	0.216306	0.710451	0.070672	0.000000	0.000000	0.000177
199	0.001769	0.000000	0.000548	0.216023	0.710962	0.070519	0.000000	0.000000	0.000179
200	0.001680	0.000000	0.000517	0.216342	0.710932	0.070359	0.000000	0.000000	0.000170
201	0.001574	0.000000	0.000500	0.216293	0.710908	0.070562	0.000000	0.000000	0.000163
202	0.001514	0.000000	0.000455	0.215971	0.711538	0.070363	0.000000	0.000000	0.000159
203	0.001418	0.000000	0.000423	0.216568	0.711183	0.070248	0.000000	0.000000	0.000160
204	0.001378	0.000000	0.000390	0.216028	0.711900	0.070140	0.000000	0.000000	0.000164
205	0.001342	0.000000	0.000373	0.216011	0.711971	0.070137	0.000000	0.000000	0.000166
206	0.001303	0.000000	0.000332	0.215760	0.712397	0.070057	0.000000	0.000000	0.000151
207	0.001202	0.000000	0.000328	0.216252	0.712313	0.069760	0.000000	0.000000	0.000145
208	0.001172	0.000000	0.000311	0.215977	0.712831	0.069562	0.000000	0.000000	0.000147
209	0.001158	0.000000	0.000284	0.215935	0.712867	0.069610	0.000000	0.000000	0.000146
210	0.001084	0.000000	0.000279	0.215750	0.713012	0.069740	0.000000	0.000000	0.000135
211	0.001039	0.000000	0.000260	0.216005	0.712758	0.069822	0.000000	0.000000	0.000116
212	0.000984	0.000000	0.000241	0.215398	0.713413	0.069838	0.000000	0.000000	0.000126
213	0.000894	0.000000	0.000209	0.216229	0.712601	0.069958	0.000000	0.000000	0.000109
214	0.000844	0.000000	0.000179	0.216564	0.712184	0.070103	0.000000	0.000000	0.000126
215	0.000799	0.000000	0.000163	0.216485	0.712012	0.070417	0.000000	0.000000	0.000124
216	0.000801	0.000000	0.000153	0.216208	0.712188	0.070538	0.000000	0.000000	0.000112
217	0.000737	0.000000	0.000165	0.216208	0.712530	0.070254	0.000000	0.000000	0.000106
218	0.000686	0.000000	0.000141	0.216495	0.712220	0.070350	0.000000	0.000000	0.000108
219	0.000700	0.000000	0.000124	0.216407	0.712548	0.070128	0.000000	0.000000	0.000093
220	0.000689	0.000000	0.000122	0.216277	0.712262	0.070549	0.000000	0.000000	0.000101
221	0.000661	0.000000	0.000103	0.216625	0.712223	0.070305	0.000000	0.000000	0.000083
222	0.000646	0.000000	0.000103	0.216783	0.712031	0.070349	0.000000	0.000000	0.000088
223	0.000602	0.000000	0.000092	0.216732	0.711904	0.070573	0.000000	0.000000	0.000097
224	0.000576	0.000000	0.000099	0.216287	0.712448	0.070500	0.000000	0.000000	0.000090
225	0.000568	0.000000	0.000090	0.215972	0.713123	0.070169	0.000000	0.000000	0.000078
226	0.000555	0.000000	0.000088	0.215987	0.712896	0.070404	0.000000	0.000000	0.000070
227	0.000530	0.000000	0.000091	0.216146	0.712776	0.070382	0.000000	0.000000	0.000075
228	0.000549	0.000000	0.000071	0.216259	0.712396	0.070652	0.000000	0.000000	0.000073
229	0.000542	0.000000	0.000068	0.215997	0.712809	0.070516	0.000000	0.000000	0.000068
230	0.000513	0.000000	0.000056	0.215806	0.712700	0.070856	0.000000	0.000000	0.000069
231	0.000445	0.000000	0.000059	0.215735	0.712809	0.070891	0.000000	0.000000	0.000061
232	0.000420	0.000000	0.000048	0.215918	0.712730	0.070827	0.000000	0.000000	0.000057
233	0.000401	0.000000	0.000048	0.215468	0.713380	0.070661	0.000000	0.000000	0.000042
234	0.000378	0.000000	0.000051	0.216050	0.712982	0.070499	0.000000	0.000000	0.000040
235	0.000333	0.000000	0.000042	0.215557	0.713263	0.070765	0.000000	0.000000	0.000040
236	0.000313	0.000000	0.000042	0.215789	0.712970	0.070840	0.000000	0.000000	0.000046
237	0.000289	0.000000	0.000047	0.215724	0.712706	0.071198	0.000000	0.000000	0.000036
238	0.000293	0.000000	0.000041	0.215871	0.712549	0.071205	0.000000	0.000000	0.000041
239	0.000294	0.000000	0.000042	0.215652	0.712766	0.071211	0.000000	0.000000	0.000035
240	0.000278	0.000000	0.000044	0.215458	0.712765	0.071421	0.000000	0.000000	0.000034
241	0.000282	0.000000	0.000041	0.215274	0.712729	0.071636	0.000000	0.000000	0.000038
242	0.000277	0.000000	0.000037	0.215230	0.713045	0.071373	0.000000	0.000000	0.000038
243	0.000258	0.000000	0.000030	0.214663	0.713536	0.071471	0.000000	0.000000	0.000042
244	0.000264	0.000000	0.000030	0.215038	0.712952	0.071676	0.000000	0.000000	0.000040
245	0.000249	0.000000	0.000031	0.214839	0.713260	0.071578	0.000000	0.000000	0.000043
246	0.000255	0.000000	0.000034	0.214795	0.713373	0.071499	0.000000	0.000000	0.000044
247	0.000257	0.000000	0.000031	0.214287	0.713997	0.071386	0.000000	0.000000	0.000042
248	0.000240	0.000000	0.000033	0.213903	0.714663	0.071116	0.000000	0.000000	0.000045
249	0.000217	0.000000	0.000028	0.214080	0.714182	0.071449	0.000000	0.000000	0.000044
250	0.000210	0.000000	0.000026	0.213793	0.714667	0.071267	0.000000	0.000000	0.000037
251	0.000196	0.000000	0.000029	0.213878	0.714464	0.071409	0.000000	0.000000	0.000024
252	0.000170	0.000000	0.000034	0.213711	0.714491	0.071558	0.000000	0.000000	0.000036
253	0.000164	0.000000	0.000036	0.213064	0.715234	0.071469	0.000000	0.000000	0.000033
254	0.000172	0.000000	0.000030	0.212943	0.715178	0.071646	0.000000	0.000000	0.000031
255	0.000183	0.000000	0.000025	0.212776	0.715481	0.071507	0.000000	0.000000	0.000028
256	0.000189	0.000000	0.000026	0.212750	0.715352	0.071661	0.000000	0.000000	0.000022
257	0.000197	0.000000	0.000020	0.212622	0.715265	0.071874	0.000000	0.000000	0.000022
258	0.000199	0.000000	0.000025	0.212307	0.715790	0.071659	0.000000	0.000000	0.000020
259	0.000183	0.000000	0.000027	0.212077	0.715907	0.071784	0.000000	0.000000	0.000022
260	0.000188	0.000000	0.000027	0.212272	0.715970	0.071528	0.000000	0.000000	0.000015
261	0.000195	0.000000	0.000025	0.212176	0.715837	0.071752	0.000000	0.000000	0.000015
262	0.000175	0.000000	0.000034	0.211876	0.716263	0.071642	0.000000	0.000000	0.000010
263	0.000174	0.000000	0.000033	0.212233	0.715690	0.071860	0.000000	0.000000	0.000010
264	0.000172	0.000000	0.000036	0.212560	0.715016	0.072207	0.000000	0.000000	0.000009
265	0.000170	0.000000	0.000031	0.212408	0.715506	0.071874	0.000000	0.000000	0.000011
266	0.000161	0.000000	0.000028	0.212592	0.715483	0.071725	0.000000	0.000000	0.000011
267	0.000170	0.000000	0.000026	0.212616	0.715295	0.071881	0.000000	0.000000	0.000012
268	0.000165	0.000000	0.000021	0.212635	0.715281	0.071886	0.000000	0.000000	0.000012
269	0.000144	0.000000	0.000015	0.212713	0.715466	0.071655	0.000000	0.000000	0.000007
270	0.000135	0.000000	0.000019	0.212441	0.715819	0.071575	0.000000	0.000000	0.000011
271	0.000121	0.000000	0.000019	0.212230	0.716137	0.071487	0.000000	0.000000	0.000006
272	0.000116	0.000000	0.000021	0.211997	0.716355	0.071507	0.000000	0.000000	0.000004
273	0.000111	0.000000	0.000020	0.212047	0.716411	0.071407	0.000000	0.000000	0.000004
274	0.000106	0.000000	0.000015	0.212274	0.716363	0.071235	0.000000	0.000000	0.000007
275	0.000097	0.000000	0.000014	0.212550	0.716044	0.071289	0.000000	0.000000	0.000006
276	0.000100	0.000000	0.000012	0.212353	0.716051	0.071479	0.000000	0.000000	0.000005
277	0.000087	0.000000	0.000006	0.212276	0.716271	0.071352	0.000000	0.000000	0.000008
278	0.000081	0.000000	0.000007	0.212396	0.716125	0.071384	0.000000	0.000000	0.000007
279	0.000081	0.000000	0.000008	0.212417	0.716040	0.071451	0.000000	0.000000	0.000003
280	0.000082	0.000000	0.000010	0.212534	0.715770	0.071600	0.000000	0.000000	0.000004
281	0.000070	0.000000	0.000012	0.212328	0.715859	0.071728	0.000000	0.000000	0.000003
282	0.000070	0.000000	0.000013	0.212118	0.716114	0.071680	0.000000	0.000000	0.000005
283	0.000066	0.000000	0.000016	0.211902	0.716107	0.071903	0.000000	0.000000	0.000006
284	0.000074	0.000000	0.000017	0.212229	0.715650	0.072025	0.000000	0.000000	0.000005
285	0.000079	0.000000	0.000023	0.212400	0.715485	0.072007	0.000000	0.000000	0.000006
286	0.000074	0.000000	0.000028	0.212665	0.715102	0.072125	0.000000	0.000000	0.000006
287	0.000082	0.000000	0.000032	0.212340	0.715978	0.071561	0.000000	0.000000	0.000007
288	0.000078	0.000000	0.000038	0.212200	0.716180	0.071498	0.000000	0.000000	0.000006
289	0.000076	0.000000	0.000033	0.211912	0.716472	0.071501	0.000000	0.000000	0.000006
290	0.000063	0.000000	0.000031	0.211643	0.716346	0.071914	0.000000	0.000000	0.000003
291	0.000065	0.000000	0.000030	0.211781	0.716521	0.071601	0.000000	0.000000	0.000002
292	0.000062	0.000000	0.000029	0.212420	0.715915	0.071572	0.000000	0.000000	0.000002
293	0.000054	0.000000	0.000023	0.212476	0.715897	0.071543	0.000000	0.000000	0.000007
294	0.000057	0.000000	0.000023	0.212350	0.716138	0.071423	0.000000	0.000000	0.000009
295	0.000054	0.000000	0.000028	0.212620	0.715658	0.071632	0.000000	0.000000	0.000008
296	0.000056	0.000000	0.000029	0.212743	0.715519	0.071645	0.000000	0.000000	0.000008
297	0.000067	0.000000	0.000034	0.212534	0.715691	0.071665	0.000000	0.000000	0.000009
298	0.000061	0.000000	0.000038	0.212776	0.715556	0.071558	0.000000	0.000000	0.000011
299	0.000070	0.000000	0.000041	0.212438	0.716111	0.071329	0.000000	0.000000	0.000011
300	0.000081	0.000000	0.000036	0.212084	0.716280	0.071510	0.000000	0.000000	0.000009
301	0.000081	0.000000	0.000031	0.212450	0.715486	0.071937	0.000000	0.000000	0.000015
302	0.000080	0.000000	0.000028	0.212040	0.715818	0.072023	0.000000	0.000000	0.000011
303	0.000087	0.000000	0.000021	0.212175	0.715518	0.072187	0.000000	0.000000	0.000012
304	0.000087	0.000000	0.000020	0.211937	0.716042	0.071903	0.000000	0.000000	0.000011
305	0.000086	0.000000	0.000022	0.211632	0.716559	0.071689	0.000000	0.000000	0.000012
306	0.000101	0.000000	0.000024	0.211581	0.716459	0.071824	0.000000	0.000000	0.000011
307	0.000107	0.000000	0.000021	0.211516	0.716368	0.071977	0.000000	0.000000	0.000011
308	0.000100	0.000000	0.000023	0.210901	0.716472	0.072488	0.000000	0.000000	0.000016
309	0.000086	0.000000	0.000018	0.210552	0.717014	0.072316	0.000000	0.000000	0.000014
310	0.000087	0.000000	0.000019	0.210540	0.716809	0.072529	0.000000	0.000000	0.000016
311	0.000086	0.000000	0.000018	0.210396	0.717001	0.072477	0.000000	0.000000	0.000022
312	0.000067	0.000000	0.000014	0.210635	0.716674	0.072594	0.000000	0.000000	0.000016
313	0.000072	0.000000	0.000013	0.210950	0.716066	0.072880	0.000000	0.000000	0.000019
314	0.000084	0.000000	0.000013	0.210484	0.716663	0.072740	0.000000	0.000000	0.000016
315	0.000084	0.000000	0.000011	0.210256	0.716732	0.072901	0.000000	0.000000	0.000016
316	0.000093	0.000000	0.000008	0.210431	0.716604	0.072849	0.000000	0.000000	0.000015
317	0.000093	0.000000	0.000005	0.209892	0.717064	0.072927	0.000000	0.000000	0.000019
318	0.000093	0.000000	0.000006	0.209517	0.717386	0.072979	0.000000	0.000000	0.000019
319	0.000094	0.000000	0.000008	0.209143	0.717632	0.073105	0.000000	0.000000	0.000018
320	0.000087	0.000000	0.000005	0.209236	0.717655	0.073000	0.000000	0.000000	0.000017
321	0.000081	0.000000	0.000006	0.208971	0.718098	0.072829	0.000000	0.000000	0.000015
322	0.000072	0.000000	0.000004	0.208700	0.718462	0.072748	0.000000	0.000000	0.000014
323	0.000069	0.000000	0.000005	0.208944	0.718009	0.072962	0.000000	0.000000	0.000011
324	0.000060	0.000000	0.000006	0.209014	0.718117	0.072795	0.000000	0.000000	0.000008
325	0.000057	0.000000	0.000007	0.209077	0.717942	0.072911	0.000000	0.000000	0.000006
326	0.000069	0.000000	0.000005	0.209464	0.717621	0.072832	0.000000	0.000000	0.000009
327	0.000070	0.000000	0.000006	0.208972	0.718230	0.072718	0.000000	0.000000	0.000004
328	0.000056	0.000000	0.000008	0.209256	0.717870	0.072805	0.000000	0.000000	0.000005
329	0.000062	0.000000	0.000008	0.209415	0.717527	0.072983	0.000000	0.000000	0.000005
330	0.000060	0.000000	0.000007	0.209000	0.717962	0.072970	0.000000	0.000000	0.000001
331	0.000069	0.000000	0.000004	0.209796	0.717665	0.072463	0.000000	0.000000	0.000003
332	0.000072	0.000000	0.000008	0.209677	0.717554	0.072686	0.000000	0.000000	0.000003
333	0.000069	0.000000	0.000007	0.209703	0.717557	0.072661	0.000000	0.000000	0.000003
334	0.000057	0.000000	0.000010	0.210096	0.717370	0.072464	0.000000	0.000000	0.000003
335	0.000051	0.000000	0.000013	0.210031	0.717479	0.072423	0.000000	0.000000	0.000003
336	0.000048	0.000000	0.000014	0.209928	0.717533	0.072473	0.000000	0.000000	0.000004
337	0.000043	0.000000	0.000013	0.210022	0.717221	0.072698	0.000000	0.000000	0.000003
338	0.000040	0.000000	0.000016	0.209151	0.717805	0.072983	0.000000	0.000000	0.000005
339	0.000047	0.000000	0.000019	0.209399	0.717555	0.072975	0.000000	0.000000	0.000005
340	0.000040	0.000000	0.000024	0.209370	0.717186	0.073380	0.000000	0.000000	0.000000
341	0.000045	0.000000	0.000015	0.209198	0.717545	0.073197	0.000000	0.000000	0.000000
342	0.000050	0.000000	0.000016	0.209600	0.716906	0.073428	0.000000	0.000000	0.000000
343	0.000052	0.000000	0.000014	0.209207	0.717309	0.073418	0.000000	0.000000	0.000000
344	0.000043	0.000000	0.000013	0.209034	0.717754	0.073156	0.000000	0.000000	0.000000
345	0.000031	0.000000	0.000016	0.209011	0.717371	0.073571	0.000000	0.000000	0.000000
346	0.000022	0.000000	0.000015	0.208695	0.717648	0.073620	0.000000	0.000000	0.000000
347	0.000012	0.000000	0.000016	0.208503	0.717772	0.073697	0.000000	0.000000	0.000000
348	0.000011	0.000000	0.000016	0.208134	0.718249	0.073590	0.000000	0.000000	0.000000
349	0.000012	0.000000	0.000018	0.208358	0.717406	0.074206	0.000000	0.000000	0.000000
350	0.000023	0.000000	0.000013	0.207808	0.718221	0.073935	0.000000	0.000000	0.000000
351	0.000022	0.000000	0.000015	0.207818	0.718360	0.073785	0.000000	0.000000	0.000000
352	0.000026	0.000000	0.000015	0.208133	0.717854	0.073972	0.000000	0.000000	0.000000
353	0.000028	0.000000	0.000015	0.208047	0.718098	0.073812	0.000000	0.000000	0.000000
354	0.000028	0.000000	0.000020	0.208186	0.717989	0.073777	0.000000	0.000000	0.000000
355	0.000031	0.000000	0.000021	0.207889	0.718417	0.073642	0.000000	0.000000	0.000000
356	0.000027	0.000000	0.000016	0.208228	0.718032	0.073697	0.000000	0.000000	0.000000
357	0.000021	0.000000	0.000018	0.208181	0.718352	0.073428	0.000000	0.000000	0.000000
358	0.000019	0.000000	0.000020	0.207855	0.718585	0.073521	0.000000	0.000000	0.000000
359	0.000024	0.000000	0.000020	0.208211	0.718348	0.073397	0.000000	0.000000	0.000000
360	0.000022	0.000000	0.000014	0.208551	0.718343	0.073070	0.000000	0.000000	0.000000
361	0.000023	0.000000	0.000017	0.208192	0.718587	0.073181	0.000000	0.000000	0.000000
362	0.000024	0.000000	0.000014	0.208391	0.718018	0.073553	0.000000	0.000000	0.000000
363	0.000029	0.000000	0.000016	0.208735	0.717426	0.073794	0.000000	0.000000	0.000000
364	0.000033	0.000000	0.000021	0.209150	0.717477	0.073319	0.000000	0.000000	0.000000
365	0.000038	0.000000	0.000021	0.209220	0.717406	0.073315	0.000000	0.000000	0.000000
366	0.000038	0.000000	0.000021	0.209222	0.717275	0.073444	0.000000	0.000000	0.000000
367	0.000036	0.000000	0.000020	0.209247	0.717271	0.073426	0.000000	0.000000	0.000000
368	0.000036	0.000000	0.000020	0.209458	0.717208	0.073278	0.000000	0.000000	0.000000
369	0.000030	0.000000	0.000020	0.209737	0.716583	0.073630	0.000000	0.000000	0.000000
370	0.000027	0.000000	0.000022	0.209502	0.716895	0.073554	0.000000	0.000000	0.000000
371	0.000033	0.000000	0.000024	0.209778	0.716933	0.073232	0.000000	0.000000	0.000000
372	0.000027	0.000000	0.000019	0.210123	0.716365	0.073466	0.000000	0.000000	0.000000
373	0.000025	0.000000	0.000019	0.210087	0.716522	0.073347	0.000000	0.000000	0.000000
374	0.000024	0.000000	0.000018	0.210236	0.716508	0.073214	0.000000	0.000000	0.000000
375	0.000023	0.000000	0.000022	0.210354	0.716420	0.073181	0.000000	0.000000	0.000000
376	0.000023	0.000000	0.000014	0.210402	0.716031	0.073530	0.000000	0.000000	0.000000
377	0.000028	0.000000	0.000015	0.210040	0.716385	0.073532	0.000000	0.000000	0.000000
378	0.000030	0.000000	0.000014	0.210498	0.715924	0.073534	0.000000	0.000000	0.000000
379	0.000039	0.000000	0.000013	0.210590	0.715888	0.073470	0.000000	0.000000	0.000000
380	0.000033	0.000000	0.000008	0.210365	0.716181	0.073413	0.000000	0.000000	0.000000
381	0.000035	0.000000	0.000013	0.210220	0.716300	0.073432	0.000000	0.000000	0.000000
382	0.000033	0.000000	0.000011	0.210535	0.715819	0.073602	0.000000	0.000000	0.000000
383	0.000033	0.000000	0.000008	0.210897	0.715364	0.073698	0.000000	0.000000	0.000000
384	0.000031	0.000000	0.000007	0.210740	0.715312	0.073910	0.000000	0.000000	0.000000
385	0.000035	0.000000	0.000006	0.210564	0.715823	0.073572	0.000000	0.000000	0.000000
386	0.000023	0.000000	0.000007	0.210225	0.716278	0.073467	0.000000	0.000000	0.000000
387	0.000028	0.000000	0.000006	0.210867	0.715819	0.073280	0.000000	0.000000	0.000000
388	0.000029	0.000000	0.000008	0.210759	0.715930	0.073274	0.000000	0.000000	0.000000
389	0.000025	0.000000	0.000009	0.210826	0.715785	0.073355	0.000000	0.000000	0.000000
390	0.000017	0.000000	0.000007	0.210731	0.715891	0.073354	0.000000	0.000000	0.000000
391	0.000011	0.000000	0.000009	0.210684	0.715854	0.073442	0.000000	0.000000	0.000000
392	0.000010	0.000000	0.000007	0.210164	0.716271	0.073548	0.000000	0.000000	0.000000
393	0.000011	0.000000	0.000006	0.209998	0.716660	0.073325	0.000000	0.000000	0.000000
394	0.000012	0.000000	0.000007	0.209596	0.716878	0.073507	0.000000	0.000000	0.000000
395	0.000011	0.000000	0.000012	0.209808	0.716422	0.073747	0.000000	0.000000	0.000000
396	0.000011	0.000000	0.000009	0.209753	0.716595	0.073632	0.000000	0.000000	0.000000
397	0.000012	0.000000	0.000009	0.210144	0.716252	0.073583	0.000000	0.000000	0.000000
398	0.000007	0.000000	0.000013	0.210215	0.716158	0.073607	0.000000	0.000000	0.000000
399	0.000007	0.000000	0.000016	0.210204	0.716314	0.073459	0.000000	0.000000	0.000000
400	0.000008	0.000000	0.000019	0.209990	0.716328	0.073655	0.000000	0.000000	0.000000
401	0.000009	0.000000	0.000020	0.210330	0.716144	0.073497	0.000000	0.000000	0.000000
402	0.000006	0.000000	0.000022	0.210404	0.716336	0.073232	0.000000	0.000000	0.000000
403	0.000005	0.000000	0.000018	0.210844	0.715920	0.073213	0.000000	0.000000	0.000000
404	0.000005	0.000000	0.000015	0.210739	0.715673	0.073568	0.000000	0.000000	0.000000
405	0.000005	0.000000	0.000019	0.210977	0.715616	0.073383	0.000000	0.000000	0.000000
406	0.000007	0.000000	0.000015	0.211060	0.715608	0.073310	0.000000	0.000000	0.000000
407	0.000003	0.000000	0.000016	0.211314	0.715151	0.073516	0.000000	0.000000	0.000000
408	0.000003	0.000000	0.000020	0.210911	0.715475	0.073591	0.000000	0.000000	0.000000
409	0.000001	0.000000	0.000018	0.211133	0.715326	0.073522	0.000000	0.000000	0.000000
410	0.000001	0.000000	0.000019	0.211260	0.714914	0.073806	0.000000	0.000000	0.000000
411	0.000000	0.000000	0.000015	0.211152	0.714788	0.074045	0.000000	0.000000	0.000000
412	0.000000	0.000000	0.000017	0.211452	0.714078	0.074453	0.000000	0.000000	0.000000
413	0.000000	0.000000	0.000013	0.211520	0.714035	0.074432	0.000000	0.000000	0.000000
414	0.000000	0.000000	0.000018	0.212026	0.713979	0.073977	0.000000	0.000000	0.000000
415	0.000000	0.000000	0.000019	0.212143	0.713831	0.074007	0.000000	0.000000	0.000000
416	0.000000	0.000000	0.000027	0.211973	0.713882	0.074118	0.000000	0.000000	0.000000
417	0.000000	0.000000	0.000023	0.212070	0.713917	0.073990	0.000000	0.000000	0.000000
418	0.000000	0.000000	0.000024	0.212154	0.713586	0.074236	0.000000	0.000000	0.000000
419	0.000000	0.000000	0.000019	0.212273	0.712995	0.074713	0.000000	0.000000	0.000000
420	0.000000	0.000000	0.000017	0.212627	0.712891	0.074465	0.000000	0.000000	0.000000
421	0.000000	0.000000	0.000016	0.212780	0.712817	0.074387	0.000000	0.000000	0.000000
422	0.000000	0.000000	0.000021	0.212560	0.712766	0.074653	0.000000	0.000000	0.000000
423	0.000000	0.000000	0.000023	0.212705	0.712536	0.074736	0.000000	0.000000	0.000000
424	0.000000	0.000000	0.000024	0.212213	0.713151	0.074612	0.000000	0.000000	0.000000
425	0.000000	0.000000	0.000027	0.211975	0.713424	0.074574	0.000000	0.000000	0.000000
426	0.000000	0.000000	0.000024	0.211929	0.713716	0.074331	0.000000	0.000000	0.000000
427	0.000000	0.000000	0.000014	0.212159	0.713542	0.074285	0.000000	0.000000	0.000000
428	0.000000	0.000000	0.000012	0.212347	0.712988	0.074653	0.000000	0.000000	0.000000
429	0.000000	0.000000	0.000010	0.211812	0.713587	0.074591	0.000000	0.000000	0.000000
430	0.000000	0.000000	0.000009	0.211657	0.713767	0.074567	0.000000	0.000000	0.000000
431	0.000000	0.000000	0.000007	0.211617	0.713812	0.074564	0.000000	0.000000	0.000000
432	0.000000	0.000000	0.000006	0.211612	0.713731	0.074651	0.000000	0.000000	0.000000
433	0.000000	0.000000	0.000005	0.211999	0.713611	0.074385	0.000000	0.000000	0.000000
434	0.000000	0.000000	0.000003	0.211896	0.713615	0.074486	0.000000	0.000000	0.000000
435	0.000000	0.000000	0.000004	0.211714	0.713967	0.074315	0.000000	0.000000	0.000000
436	0.000000	0.000000	0.000003	0.211747	0.713733	0.074517	0.000000	0.000000	0.000000
437	0.000000	0.000000	0.000002	0.212065	0.713637	0.074296	0.000000	0.000000	0.000000
438	0.000000	0.000000	0.000002	0.212050	0.713907	0.074041	0.000000	0.000000	0.000000
439	0.000000	0.000000	0.000002	0.211644	0.713858	0.074496	0.000000	0.000000	0.000000
440	0.000000	0.000000	0.000003	0.211500	0.713655	0.074842	0.000000	0.000000	0.000000
441	0.000000	0.000000	0.000003	0.211127	0.713845	0.075025	0.000000	0.000000	0.000000
442	0.000000	0.000000	0.000000	0.211116	0.713869	0.075015	0.000000	0.000000	0.000000
443	0.000000	0.000000	0.000000	0.211394	0.713644	0.074962	0.000000	0.000000	0.000000
444	0.000000	0.000000	0.000000	0.211298	0.714113	0.074589	0.000000	0.000000	0.000000
445	0.000000	0.000000	0.000000	0.211538	0.713834	0.074628	0.000000	0.000000	0.000000
446	0.000000	0.000000	0.000000	0.211017	0.714351	0.074632	0.000000	0.000000	0.000000
447	0.000000	0.000000	0.000000	0.210747	0.714367	0.074886	0.000000	0.000000	0.000000
448	0.000000	0.000000	0.000000	0.210704	0.714115	0.075181	0.000000	0.000000	0.000000
449	0.000000	0.000000	0.000000	0.210618	0.714210	0.075172	0.000000	0.000000	0.000000
450	0.000000	0.000000	0.000000	0.210748	0.714159	0.075093	0.000000	0.000000	0.000000
451	0.000000	0.000000	0.000000	0.210544	0.714590	0.074866	0.000000	0.000000	0.000000
452	0.000000	0.000000	0.000000	0.209895	0.715036	0.075069	0.000000	0.000000	0.000000
453	0.000000	0.000000	0.000000	0.209608	0.715575	0.074817	0.000000	0.000000	0.000000
454	0.000000	0.000000	0.000000	0.209567	0.715607	0.074826	0.000000	0.000000	0.000000
455	0.000000	0.000000	0.000000	0.209900	0.715239	0.074861	0.000000	0.000000	0.000000
456	0.000000	0.000000	0.000000	0.209745	0.715212	0.075043	0.000000	0.000000	0.000000
457	0.000000	0.000000	0.000000	0.210206	0.714830	0.074964	0.000000	0.000000	0.000000
458	0.000000	0.000000	0.000000	0.210444	0.714695	0.074861	0.000000	0.000000	0.000000
459	0.000000	0.000000	0.000000	0.210489	0.714409	0.075102	0.000000	0.000000	0.000000
460	0.000000	0.000000	0.000000	0.210720	0.714265	0.075015	0.000000	0.000000	0.000000
461	0.000000	0.000000	0.000000	0.210923	0.714293	0.074784	0.000000	0.000000	0.000000
462	0.000000	0.000000	0.000000	0.210585	0.714726	0.074689	0.000000	0.000000	0.000000
463	0.000000	0.000000	0.000000	0.210655	0.714054	0.075291	0.000000	0.000000	0.000000
464	0.000000	0.000000	0.000000	0.210439	0.714533	0.075028	0.000000	0.000000	0.000000
465	0.000000	0.000000	0.000000	0.210832	0.714541	0.074627	0.000000	0.000000	0.000000
466	0.000000	0.000000	0.000000	0.210658	0.714642	0.074700	0.000000	0.000000	0.000000
467	0.000000	0.000000	0.000000	0.211030	0.714153	0.074817	0.000000	0.000000	0.000000
468	0.000000	0.000000	0.000000	0.210932	0.713998	0.075070	0.000000	0.000000	0.000000
469	0.000000	0.000000	0.000000	0.210563	0.714538	0.074899	0.000000	0.000000	0.000000
470	0.000000	0.000000	0.000000	0.210808	0.714446	0.074746	0.000000	0.000000	0.000000
