0	0.290663	0.057897	0.229473	0.157588	0.029913	0.111872	0.085455	0.012259	0.024880
1	0.233489	0.048597	0.201996	0.132147	0.026973	0.114679	0.124173	0.023816	0.094130
2	0.235561	0.048927	0.202509	0.120245	0.026393	0.105430	0.128461	0.024923	0.107551
3	0.243822	0.049684	0.203957	0.110106	0.025873	0.095843	0.129056	0.025154	0.116505
4	0.253169	0.050219	0.205456	0.101177	0.025373	0.086422	0.129025	0.024551	0.124608
5	0.263624	0.050790	0.206321	0.093308	0.025025	0.077610	0.127168	0.023894	0.132260
6	0.272746	0.051763	0.206436	0.086288	0.024930	0.069360	0.125246	0.023415	0.139816
7	0.282530	0.052208	0.204834	0.079822	0.024883	0.062047	0.123704	0.022895	0.147077
8	0.292425	0.052969	0.203582	0.073885	0.024757	0.055232	0.121460	0.022070	0.153620
9	0.302093	0.053471	0.201408	0.068420	0.024923	0.049785	0.118384	0.021303	0.160213
10	0.311645	0.054239	0.199428	0.063104	0.025067	0.044330	0.115275	0.020920	0.165992
11	0.320618	0.055117	0.197427	0.058147	0.025166	0.039201	0.111962	0.020311	0.172051
12	0.330193	0.055529	0.194894	0.053803	0.025378	0.034883	0.108582	0.019524	0.177214
13	0.339937	0.055708	0.192010	0.049272	0.025617	0.030839	0.104959	0.018816	0.182842
14	0.348534	0.056112	0.188435	0.045788	0.025981	0.027415	0.101346	0.018262	0.188127
15	0.356598	0.056483	0.184548	0.042159	0.026189	0.024428	0.098080	0.017550	0.193965
16	0.365037	0.056929	0.181440	0.038906	0.026561	0.021962	0.094461	0.016668	0.198036
17	0.373722	0.057249	0.177246	0.035817	0.026671	0.019392	0.090691	0.016096	0.203116
18	0.381846	0.057529	0.173487	0.033140	0.027135	0.017464	0.087313	0.015468	0.206618
19	0.388839	0.057788	0.169525	0.030572	0.027464	0.015761	0.084401	0.014972	0.210678
20	0.395786	0.058085	0.165858	0.028143	0.027815	0.013989	0.080680	0.014279	0.215365
21	0.403490	0.058327	0.161741	0.025957	0.027797	0.012533	0.077316	0.013682	0.219157
22	0.410168	0.058994	0.157689	0.023901	0.027929	0.011301	0.074559	0.013055	0.222404
23	0.417064	0.059108	0.153417	0.022335	0.028406	0.009974	0.071363	0.012296	0.226037
24	0.423879	0.059090	0.149160	0.020771	0.028542	0.009058	0.068802	0.011654	0.229044
25	0.431060	0.059496	0.144873	0.019351	0.028913	0.007994	0.065819	0.011110	0.231384
26	0.437168	0.059604	0.140907	0.017997	0.029238	0.007215	0.063364	0.010627	0.233880
27	0.442738	0.059447	0.137584	0.016537	0.029807	0.006499	0.060644	0.010106	0.236638
28	0.448681	0.059673	0.133553	0.015244	0.029985	0.005827	0.058310	0.009640	0.239087
29	0.454083	0.059424	0.129979	0.014223	0.030475	0.005326	0.055662	0.009127	0.241701
30	0.459186	0.059776	0.126096	0.013233	0.030769	0.004716	0.052993	0.008649	0.244582
31	0.464260	0.059910	0.122959	0.012387	0.031236	0.004153	0.050280	0.008358	0.246457
32	0.469147	0.059738	0.119562	0.011437	0.031578	0.003870	0.048131	0.007979	0.248558
33	0.474241	0.059720	0.116155	0.010722	0.032124	0.003534	0.046028	0.007586	0.249890
34	0.478645	0.059598	0.112710	0.009935	0.032667	0.003213	0.043801	0.007203	0.252228
35	0.483226	0.060144	0.109076	0.009365	0.032889	0.002984	0.041746	0.006851	0.253719
36	0.487651	0.060112	0.105904	0.008723	0.033321	0.002679	0.039940	0.006583	0.255087
37	0.491862	0.060132	0.102569	0.008214	0.033884	0.002392	0.038240	0.006190	0.256517
38	0.496366	0.060369	0.099271	0.007621	0.034245	0.002129	0.036113	0.005850	0.258036
39	0.500373	0.060477	0.095996	0.007121	0.034988	0.002042	0.034697	0.005636	0.258670
40	0.504553	0.060558	0.092841	0.006689	0.035520	0.001890	0.033131	0.005406	0.259412
41	0.508487	0.060420	0.090162	0.006299	0.036067	0.001788	0.031362	0.005104	0.260311
42	0.512110	0.060572	0.087168	0.005908	0.036686	0.001627	0.029989	0.004856	0.261084
43	0.515834	0.060642	0.084552	0.005530	0.037588	0.001466	0.028234	0.004605	0.261549
44	0.520112	0.060682	0.081555	0.005217	0.038140	0.001367	0.027146	0.004310	0.261471
45	0.523297	0.060626	0.079380	0.004965	0.038642	0.001306	0.025626	0.004030	0.262128
46	0.527260	0.060546	0.076708	0.004659	0.039325	0.001217	0.024238	0.003852	0.262195
47	0.530722	0.060966	0.074314	0.004452	0.039875	0.001142	0.023132	0.003556	0.261841
48	0.534207	0.060668	0.072185	0.004208	0.040467	0.001019	0.022078	0.003455	0.261713
49	0.537903	0.060340	0.069894	0.003902	0.041161	0.000998	0.020866	0.003305	0.261631
50	0.541054	0.060427	0.067510	0.003814	0.041964	0.000904	0.019918	0.003045	0.261364
51	0.545052	0.060147	0.065590	0.003634	0.042679	0.000842	0.018760	0.002857	0.260439
52	0.547801	0.060194	0.063596	0.003425	0.043370	0.000781	0.017858	0.002720	0.260255
53	0.552197	0.059463	0.061545	0.003387	0.044189	0.000710	0.017005	0.002589	0.258915
54	0.555314	0.059463	0.059725	0.003173	0.044918	0.000668	0.016194	0.002474	0.258071
55	0.559018	0.059455	0.057920	0.003020	0.045665	0.000622	0.015353	0.002333	0.256614
56	0.561596	0.059402	0.056372	0.002949	0.046265	0.000609	0.014497	0.002195	0.256115
57	0.565122	0.059416	0.054567	0.002823	0.046988	0.000548	0.013686	0.002105	0.254745
58	0.568890	0.059467	0.053142	0.002705	0.047421	0.000522	0.013125	0.001940	0.252788
59	0.571938	0.059405	0.051401	0.002583	0.048290	0.000523	0.012397	0.001815	0.251648
60	0.575171	0.059615	0.049480	0.002491	0.049008	0.000450	0.011799	0.001733	0.250253
61	0.578622	0.059409	0.048349	0.002395	0.049964	0.000429	0.011114	0.001607	0.248111
62	0.581682	0.059210	0.046830	0.002260	0.050661	0.000413	0.010370	0.001537	0.247037
63	0.585173	0.058925	0.045448	0.002226	0.051511	0.000364	0.010001	0.001418	0.244934
64	0.588194	0.058582	0.044310	0.002174	0.052177	0.000375	0.009503	0.001389	0.243296
65	0.591080	0.058699	0.043067	0.002135	0.052821	0.000348	0.009013	0.001333	0.241504
66	0.594408	0.058439	0.042034	0.002062	0.053436	0.000332	0.008562	0.001221	0.239506
67	0.597565	0.058085	0.040932	0.002069	0.053970	0.000316	0.008133	0.001173	0.237757
68	0.600349	0.058213	0.039545	0.002063	0.054733	0.000303	0.007448	0.001087	0.236259
69	0.603107	0.057863	0.038560	0.002063	0.055535	0.000296	0.007243	0.001068	0.234265
70	0.606384	0.057878	0.037170	0.002008	0.056406	0.000274	0.006824	0.001037	0.232019
71	0.609137	0.057915	0.036558	0.001922	0.057169	0.000275	0.006392	0.000979	0.229653
72	0.611866	0.057796	0.035452	0.001849	0.058008	0.000239	0.006181	0.000944	0.227665
73	0.614834	0.057597	0.034730	0.001811	0.058845	0.000229	0.005794	0.000917	0.225243
74	0.617749	0.057500	0.033657	0.001709	0.059602	0.000212	0.005447	0.000873	0.223251
75	0.620365	0.057337	0.033180	0.001715	0.060416	0.000189	0.005111	0.000802	0.220885
76	0.623281	0.057119	0.032326	0.001684	0.061334	0.000159	0.004857	0.000755	0.218485
77	0.626581	0.056822	0.031271	0.001672	0.062126	0.000151	0.004538	0.000717	0.216122
78	0.629616	0.056512	0.030406	0.001716	0.062661	0.000141	0.004242	0.000669	0.214037
79	0.632881	0.056043	0.029765	0.001639	0.063498	0.000126	0.004041	0.000636	0.211371
80	0.634450	0.056384	0.029309	0.001627	0.064473	0.000121	0.003798	0.000634	0.209204
81	0.636965	0.056082	0.028744	0.001632	0.065718	0.000101	0.003568	0.000581	0.206609
82	0.639540	0.056187	0.028111	0.001531	0.066390	0.000101	0.003369	0.000533	0.204238
83	0.642241	0.056133	0.027265	0.001508	0.067162	0.000091	0.003211	0.000502	0.201887
84	0.644413	0.056342	0.026842	0.001403	0.068064	0.000081	0.003063	0.000477	0.199315
85	0.646985	0.056106	0.025989	0.001381	0.069134	0.000071	0.002828	0.000466	0.197040
86	0.649667	0.055786	0.025517	0.001394	0.069833	0.000071	0.002634	0.000429	0.194669
87	0.651955	0.055722	0.024978	0.001332	0.070698	0.000076	0.002466	0.000392	0.192381
88	0.655484	0.055289	0.024264	0.001367	0.071609	0.000072	0.002385	0.000403	0.189127
89	0.657981	0.055323	0.023809	0.001288	0.072265	0.000070	0.002219	0.000369	0.186676
90	0.660782	0.055097	0.023478	0.001311	0.072860	0.000058	0.002042	0.000337	0.184035
91	0.663310	0.054993	0.023051	0.001239	0.073754	0.000061	0.001897	0.000308	0.181387
92	0.665502	0.054991	0.022530	0.001231	0.074653	0.000063	0.001818	0.000260	0.178952
93	0.667404	0.055093	0.022137	0.001203	0.075747	0.000051	0.001786	0.000253	0.176326
94	0.669275	0.054845	0.021648	0.001175	0.076881	0.000048	0.001618	0.000228	0.174282
95	0.672256	0.054551	0.021182	0.001194	0.077513	0.000041	0.001512	0.000224	0.171527
96	0.674436	0.054391	0.020940	0.001081	0.078381	0.000046	0.001417	0.000212	0.169096
97	0.676751	0.054439	0.020440	0.001092	0.079093	0.000033	0.001334	0.000204	0.166614
98	0.679317	0.054003	0.019973	0.001044	0.080217	0.000033	0.001241	0.000188	0.163984
99	0.681779	0.053658	0.019702	0.000987	0.081108	0.000033	0.001151	0.000164	0.161418
100	0.683844	0.053622	0.019396	0.000975	0.081859	0.000029	0.001093	0.000175	0.159007
101	0.686455	0.053143	0.018853	0.000950	0.083052	0.000029	0.001036	0.000174	0.156308
102	0.688509	0.052939	0.018633	0.000964	0.083744	0.000033	0.001002	0.000197	0.153979
103	0.691064	0.052924	0.018090	0.000916	0.084816	0.000028	0.000935	0.000192	0.151035
104	0.693406	0.052693	0.017595	0.000933	0.085810	0.000032	0.000920	0.000166	0.148445
105	0.695403	0.052575	0.017526	0.000936	0.086435	0.000025	0.000831	0.000155	0.146114
106	0.697558	0.052007	0.017518	0.000919	0.087265	0.000023	0.000795	0.000132	0.143783
107	0.699359	0.051795	0.017192	0.000865	0.088651	0.000023	0.000726	0.000123	0.141266
108	0.701510	0.051542	0.016708	0.000817	0.089720	0.000022	0.000703	0.000107	0.138871
109	0.703186	0.051261	0.016659	0.000778	0.090569	0.000022	0.000653	0.000106	0.136766
110	0.705340	0.050805	0.016489	0.000760	0.091562	0.000019	0.000651	0.000100	0.134274
111	0.707032	0.050814	0.016182	0.000724	0.092604	0.000014	0.000627	0.000093	0.131910
112	0.709554	0.050215	0.015734	0.000698	0.093642	0.000019	0.000584	0.000084	0.129470
113	0.711335	0.050179	0.015542	0.000719	0.094429	0.000014	0.000556	0.000083	0.127143
114	0.713281	0.049741	0.015386	0.000701	0.095329	0.000013	0.000546	0.000086	0.124917
115	0.714967	0.049611	0.015158	0.000673	0.096327	0.000013	0.000527	0.000077	0.122647
116	0.716719	0.049349	0.015150	0.000664	0.096966	0.000009	0.000462	0.000055	0.120626
117	0.718319	0.048963	0.014971	0.000647	0.098168	0.000012	0.000467	0.000055	0.118398
118	0.719770	0.048799	0.014758	0.000597	0.099386	0.000011	0.000444	0.000050	0.116185
119	0.721666	0.048438	0.014406	0.000599	0.100353	0.000010	0.000438	0.000040	0.114050
120	0.723931	0.048135	0.014210	0.000552	0.100896	0.000009	0.000382	0.000036	0.111849
121	0.725533	0.047888	0.014018	0.000568	0.101652	0.000009	0.000355	0.000037	0.109940
122	0.726449	0.047635	0.013915	0.000570	0.102911	0.000006	0.000327	0.000037	0.108150
123	0.727929	0.047514	0.013778	0.000550	0.103825	0.000006	0.000318	0.000034	0.106046
124	0.729182	0.047238	0.013840	0.000511	0.104799	0.000009	0.000300	0.000028	0.104093
125	0.730871	0.047122	0.013480	0.000515	0.105856	0.000008	0.000279	0.000024	0.101845
126	0.732243	0.046908	0.013423	0.000499	0.106596	0.000008	0.000255	0.000025	0.100043
127	0.733127	0.046656	0.013301	0.000497	0.107725	0.000008	0.000233	0.000022	0.098431
128	0.734999	0.046360	0.013105	0.000445	0.108441	0.000005	0.000199	0.000016	0.096430
129	0.736374	0.046194	0.012887	0.000418	0.109755	0.000005	0.000204	0.000017	0.094146
130	0.737418	0.045944	0.012798	0.000438	0.110616	0.000005	0.000190	0.000014	0.092577
131	0.738727	0.045698	0.012785	0.000388	0.111438	0.000006	0.000174	0.000014	0.090770
132	0.740105	0.045374	0.012521	0.000391	0.112445	0.000006	0.000148	0.000012	0.088998
133	0.741315	0.045072	0.012583	0.000386	0.113368	0.000003	0.000155	0.000014	0.087104
134	0.742616	0.044836	0.012450	0.000387	0.114277	0.000002	0.000149	0.000014	0.085269
135	0.743475	0.044556	0.012380	0.000382	0.115580	0.000007	0.000126	0.000012	0.083482
136	0.744835	0.044297	0.012245	0.000394	0.116443	0.000004	0.000115	0.000010	0.081657
137	0.745792	0.044188	0.012240	0.000388	0.117521	0.000004	0.000117	0.000008	0.079742
138	0.747096	0.044028	0.012031	0.000382	0.118488	0.000006	0.000096	0.000011	0.077862
139	0.748431	0.043637	0.012010	0.000363	0.119443	0.000005	0.000082	0.000011	0.076018
140	0.749613	0.043347	0.011989	0.000366	0.120354	0.000003	0.000067	0.000007	0.074254
141	0.750616	0.043249	0.011860	0.000369	0.121060	0.000004	0.000067	0.000007	0.072768
142	0.751574	0.043011	0.011739	0.000357	0.122118	0.000003	0.000060	0.000008	0.071130
143	0.752442	0.042856	0.011653	0.000343	0.123057	0.000002	0.000066	0.000006	0.069575
144	0.753653	0.042384	0.011499	0.000349	0.124074	0.000005	0.000055	0.000004	0.067977
145	0.754314	0.042294	0.011428	0.000333	0.125162	0.000005	0.000049	0.000004	0.066411
146	0.754996	0.042116	0.011323	0.000321	0.126094	0.000004	0.000045	0.000006	0.065095
147	0.755771	0.042149	0.011391	0.000317	0.126947	0.000003	0.000044	0.000006	0.063372
148	0.756673	0.041780	0.011249	0.000330	0.128104	0.000002	0.000038	0.000005	0.061819
149	0.757516	0.041603	0.011238	0.000301	0.128827	0.000004	0.000037	0.000005	0.060469
150	0.758282	0.041072	0.011066	0.000286	0.130205	0.000004	0.000035	0.000009	0.059041
151	0.759377	0.040804	0.011029	0.000281	0.130887	0.000001	0.000027	0.000008	0.057586
152	0.759580	0.040631	0.010946	0.000264	0.132150	0.000002	0.000025	0.000007	0.056395
153	0.760230	0.040291	0.010910	0.000276	0.133145	0.000003	0.000021	0.000008	0.055116
154	0.760612	0.040009	0.010766	0.000276	0.134466	0.000002	0.000019	0.000003	0.053847
155	0.761539	0.039633	0.010593	0.000295	0.135451	0.000001	0.000015	0.000003	0.052470
156	0.762175	0.039182	0.010599	0.000295	0.136293	0.000001	0.000012	0.000004	0.051439
157	0.763250	0.038656	0.010628	0.000304	0.137179	0.000002	0.000011	0.000005	0.049965
158	0.763907	0.038499	0.010616	0.000343	0.137917	0.000002	0.000008	0.000007	0.048701
159	0.764323	0.038270	0.010576	0.000353	0.138725	0.000003	0.000006	0.000008	0.047736
160	0.765002	0.037925	0.010601	0.000346	0.139630	0.000004	0.000004	0.000002	0.046486
161	0.765142	0.037702	0.010640	0.000322	0.140776	0.000002	0.000006	0.000002	0.045408
162	0.766082	0.037336	0.010561	0.000338	0.141613	0.000002	0.000005	0.000004	0.044059
163	0.766349	0.037477	0.010446	0.000332	0.142492	0.000001	0.000005	0.000001	0.042897
164	0.766623	0.037213	0.010428	0.000327	0.143770	0.000002	0.000003	0.000002	0.041632
165	0.766678	0.037016	0.010435	0.000333	0.144832	0.000001	0.000006	0.000000	0.040699
166	0.767158	0.036704	0.010294	0.000345	0.145634	0.000001	0.000007	0.000000	0.039857
167	0.767177	0.036625	0.010271	0.000349	0.146653	0.000002	0.000008	0.000004	0.038911
168	0.767354	0.036467	0.010258	0.000337	0.147710	0.000000	0.000006	0.000002	0.037866
169	0.767496	0.036109	0.010277	0.000325	0.148697	0.000000	0.000006	0.000001	0.037089
170	0.767537	0.035822	0.010117	0.000339	0.149865	0.000000	0.000002	0.000001	0.036317
171	0.767661	0.035471	0.010127	0.000340	0.150898	0.000000	0.000000	0.000001	0.035502
172	0.767699	0.035473	0.010192	0.000354	0.151710	0.000000	0.000001	0.000001	0.034570
173	0.767631	0.034936	0.010246	0.000362	0.152997	0.000000	0.000000	0.000001	0.033827
174	0.768638	0.034749	0.009950	0.000359	0.153546	0.000000	0.000000	0.000003	0.032755
175	0.768770	0.034555	0.009852	0.000360	0.154593	0.000000	0.000001	0.000002	0.031867
176	0.768847	0.034494	0.009765	0.000350	0.155443	0.000000	0.000000	0.000001	0.031100
177	0.769544	0.034292	0.009629	0.000343	0.155965	0.000000	0.000000	0.000000	0.030227
178	0.769017	0.034178	0.009551	0.000345	0.157499	0.000000	0.000000	0.000000	0.029410
179	0.769062	0.034162	0.009576	0.000358	0.158219	0.000000	0.000000	0.000000	0.028623
180	0.769273	0.033766	0.009445	0.000356	0.159233	0.000000	0.000000	0.000000	0.027927
181	0.768703	0.033650	0.009495	0.000350	0.160662	0.000000	0.000000	0.000000	0.027140
182	0.768443	0.033506	0.009335	0.000352	0.161889	0.000000	0.000000	0.000000	0.026475
183	0.768528	0.033016	0.009215	0.000339	0.163120	0.000000	0.000000	0.000000	0.025782
184	0.768127	0.032967	0.009292	0.000320	0.164228	0.000000	0.000000	0.000000	0.025066
185	0.768224	0.032641	0.009297	0.000339	0.165126	0.000000	0.000000	0.000000	0.024373
186	0.768105	0.032590	0.009238	0.000333	0.165958	0.000000	0.000000	0.000000	0.023776
187	0.768165	0.032385	0.009184	0.000322	0.166894	0.000000	0.000000	0.000000	0.023050
188	0.768314	0.032031	0.009256	0.000310	0.167862	0.000000	0.000000	0.000000	0.022227
189	0.768182	0.031829	0.009300	0.000309	0.168918	0.000000	0.000000	0.000000	0.021462
190	0.767591	0.032137	0.009244	0.000325	0.169680	0.000000	0.000000	0.000000	0.021023
191	0.767529	0.031918	0.009196	0.000288	0.170635	0.000000	0.000000	0.000000	0.020434
192	0.766994	0.031819	0.009071	0.000284	0.171944	0.000000	0.000000	0.000000	0.019888
193	0.766829	0.031803	0.009031	0.000275	0.172740	0.000000	0.000000	0.000000	0.019322
194	0.766991	0.031282	0.008945	0.000278	0.173800	0.000000	0.000000	0.000000	0.018704
195	0.766557	0.031116	0.009035	0.000285	0.174834	0.000000	0.000000	0.000000	0.018173
196	0.766306	0.030955	0.009043	0.000302	0.175818	0.000000	0.000000	0.000000	0.017576
197	0.766735	0.030689	0.008885	0.000278	0.176373	0.000000	0.000000	0.000000	0.017040
198	0.766296	0.030289	0.008878	0.000269	0.177846	0.000000	0.000000	0.000000	0.016422
199	0.765616	0.030177	0.008890	0.000276	0.179009	0.000000	0.000000	0.000000	0.016032
200	0.765590	0.030134	0.008705	0.000255	0.179737	0.000000	0.000000	0.000000	0.015579
201	0.765439	0.029814	0.008741	0.000225	0.180704	0.000000	0.000000	0.000000	0.015077
202	0.764680	0.029611	0.008837	0.000244	0.182102	0.000000	0.000000	0.000000	0.014526
203	0.764085	0.029592	0.008714	0.000230	0.183186	0.000000	0.000000	0.000000	0.014193
204	0.763814	0.029313	0.008825	0.000218	0.184124	0.000000	0.000000	0.000000	0.013706
205	0.763255	0.028961	0.008650	0.000213	0.185504	0.000000	0.000000	0.000000	0.013417
206	0.762938	0.028697	0.008681	0.000200	0.186519	0.000000	0.000000	0.000000	0.012965
207	0.762267	0.028557	0.008751	0.000207	0.187695	0.000000	0.000000	0.000000	0.012523
208	0.762039	0.028303	0.008695	0.000214	0.188684	0.000000	0.000000	0.000000	0.012065
209	0.761450	0.028124	0.008801	0.000201	0.189660	0.000000	0.000000	0.000000	0.011764
210	0.760845	0.027981	0.008716	0.000185	0.190873	0.000000	0.000000	0.000000	0.011400
211	0.759892	0.027788	0.008735	0.000170	0.192261	0.000000	0.000000	0.000000	0.011154
212	0.759686	0.027660	0.008634	0.000187	0.193058	0.000000	0.000000	0.000000	0.010775
213	0.758886	0.027562	0.008519	0.000178	0.194443	0.000000	0.000000	0.000000	0.010412
214	0.758354	0.027404	0.008588	0.000155	0.195361	0.000000	0.000000	0.000000	0.010138
215	0.757634	0.027175	0.008506	0.000159	0.196693	0.000000	0.000000	0.000000	0.009833
216	0.756763	0.027153	0.008384	0.000153	0.197983	0.000000	0.000000	0.000000	0.009564
217	0.756300	0.026861	0.008376	0.000166	0.199078	0.000000	0.000000	0.000000	0.009219
218	0.756226	0.026613	0.008159	0.000171	0.199820	0.000000	0.000000	0.000000	0.009011
219	0.755747	0.026152	0.008198	0.000166	0.200958	0.000000	0.000000	0.000000	0.008779
220	0.755236	0.025951	0.008246	0.000157	0.201888	0.000000	0.000000	0.000000	0.008522
221	0.754809	0.025784	0.008245	0.000145	0.202791	0.000000	0.000000	0.000000	0.008226
222	0.754390	0.025535	0.008140	0.000155	0.203865	0.000000	0.000000	0.000000	0.007915
223	0.753849	0.025395	0.008045	0.000154	0.204767	0.000000	0.000000	0.000000	0.007790
224	0.753407	0.025102	0.007979	0.000152	0.205886	0.000000	0.000000	0.000000	0.007474
225	0.752914	0.025174	0.007965	0.000147	0.206608	0.000000	0.000000	0.000000	0.007192
226	0.752255	0.024986	0.008020	0.000139	0.207687	0.000000	0.000000	0.000000	0.006913
227	0.751255	0.024928	0.008093	0.000135	0.208727	0.000000	0.000000	0.000000	0.006862
228	0.750322	0.024717	0.008237	0.000138	0.209960	0.000000	0.000000	0.000000	0.006626
229	0.749566	0.024713	0.008171	0.000133	0.210980	0.000000	0.000000	0.000000	0.006437
230	0.748863	0.024678	0.008228	0.000131	0.211844	0.000000	0.000000	0.000000	0.006256
231	0.748184	0.024429	0.008139	0.000132	0.213069	0.000000	0.000000	0.000000	0.006047
232	0.746981	0.024262	0.008065	0.000130	0.214681	0.000000	0.000000	0.000000	0.005881
233	0.746773	0.024076	0.008009	0.000120	0.215313	0.000000	0.000000	0.000000	0.005709
234	0.745831	0.024235	0.008113	0.000115	0.216304	0.000000	0.000000	0.000000	0.005402
235	0.745194	0.024188	0.008045	0.000115	0.217174	0.000000	0.000000	0.000000	0.005284
236	0.744426	0.023943	0.008056	0.000118	0.218316	0.000000	0.000000	0.000000	0.005141
237	0.743706	0.023797	0.007976	0.000127	0.219416	0.000000	0.000000	0.000000	0.004978
238	0.742449	0.023669	0.008064	0.000131	0.220912	0.000000	0.000000	0.000000	0.004775
239	0.742168	0.023460	0.007978	0.000112	0.221514	0.000000	0.000000	0.000000	0.004768
240	0.741955	0.023371	0.007911	0.000114	0.222000	0.000000	0.000000	0.000000	0.004649
241	0.741212	0.023262	0.007906	0.000114	0.223058	0.000000	0.000000	0.000000	0.004448
242	0.740610	0.023122	0.007918	0.000119	0.223922	0.000000	0.000000	0.000000	0.004309
243	0.740051	0.022935	0.007842	0.000112	0.224900	0.000000	0.000000	0.000000	0.004160
244	0.738970	0.022825	0.007859	0.000103	0.226206	0.000000	0.000000	0.000000	0.004037
245	0.738361	0.022656	0.007805	0.000096	0.227143	0.000000	0.000000	0.000000	0.003939
246	0.737755	0.022646	0.007737	0.000092	0.227958	0.000000	0.000000	0.000000	0.003812
247	0.737081	0.022511	0.007796	0.000108	0.228852	0.000000	0.000000	0.000000	0.003652
248	0.736075	0.022410	0.007789	0.000111	0.230062	0.000000	0.000000	0.000000	0.003553
249	0.735429	0.022191	0.007741	0.000121	0.231109	0.000000	0.000000	0.000000	0.003409
250	0.734883	0.021914	0.007780	0.000113	0.231955	0.000000	0.000000	0.000000	0.003355
251	0.734157	0.021813	0.007702	0.000116	0.232978	0.000000	0.000000	0.000000	0.003234
252	0.733074	0.021753	0.007687	0.000118	0.234243	0.000000	0.000000	0.000000	0.003125
253	0.732171	0.021604	0.007645	0.000111	0.235447	0.000000	0.000000	0.000000	0.003022
254	0.731121	0.021472	0.007605	0.000101	0.236814	0.000000	0.000000	0.000000	0.002887
255	0.730176	0.021491	0.007645	0.000106	0.237822	0.000000	0.000000	0.000000	0.002760
256	0.729855	0.021114	0.007633	0.000099	0.238600	0.000000	0.000000	0.000000	0.002699
257	0.728792	0.021156	0.007682	0.000092	0.239659	0.000000	0.000000	0.000000	0.002619
258	0.727896	0.021017	0.007619	0.000094	0.240884	0.000000	0.000000	0.000000	0.002490
259	0.727026	0.020892	0.007710	0.000086	0.241865	0.000000	0.000000	0.000000	0.002421
260	0.726449	0.020493	0.007702	0.000072	0.242913	0.000000	0.000000	0.000000	0.002371
261	0.725609	0.020355	0.007619	0.000071	0.244085	0.000000	0.000000	0.000000	0.002261
262	0.725059	0.020208	0.007518	0.000081	0.244948	0.000000	0.000000	0.000000	0.002186
263	0.724389	0.020050	0.007431	0.000087	0.245924	0.000000	0.000000	0.000000	0.002119
264	0.724016	0.019679	0.007282	0.000081	0.246870	0.000000	0.000000	0.000000	0.002072
265	0.723168	0.019719	0.007264	0.000074	0.247785	0.000000	0.000000	0.000000	0.001990
266	0.722542	0.019551	0.007247	0.000092	0.248659	0.000000	0.000000	0.000000	0.001909
267	0.721924	0.019297	0.007209	0.000092	0.249606	0.000000	0.000000	0.000000	0.001872
268	0.721164	0.019017	0.007168	0.000098	0.250777	0.000000	0.000000	0.000000	0.001776
269	0.720549	0.018817	0.007096	0.000090	0.251735	0.000000	0.000000	0.000000	0.001713
270	0.719543	0.018754	0.007060	0.000100	0.252897	0.000000	0.000000	0.000000	0.001646
271	0.718725	0.018617	0.007015	0.000088	0.253921	0.000000	0.000000	0.000000	0.001634
272	0.717902	0.018361	0.007032	0.000087	0.255051	0.000000	0.000000	0.000000	0.001567
273	0.717124	0.018260	0.007062	0.000090	0.255957	0.000000	0.000000	0.000000	0.001507
274	0.715801	0.018167	0.007168	0.000094	0.257274	0.000000	0.000000	0.000000	0.001496
275	0.715101	0.017864	0.007026	0.000093	0.258451	0.000000	0.000000	0.000000	0.001465
276	0.713926	0.017889	0.007052	0.000088	0.259613	0.000000	0.000000	0.000000	0.001432
277	0.713565	0.017646	0.006962	0.000083	0.260397	0.000000	0.000000	0.000000	0.001347
278	0.713095	0.017526	0.006937	0.000073	0.261074	0.000000	0.000000	0.000000	0.001295
279	0.712338	0.017389	0.006989	0.000069	0.261980	0.000000	0.000000	0.000000	0.001235
280	0.711311	0.017323	0.006926	0.000063	0.263172	0.000000	0.000000	0.000000	0.001205
281	0.710551	0.017250	0.006971	0.000066	0.264016	0.000000	0.000000	0.000000	0.001146
282	0.710001	0.017164	0.006847	0.000059	0.264832	0.000000	0.000000	0.000000	0.001097
283	0.709460	0.016806	0.006828	0.000047	0.265825	0.000000	0.000000	0.000000	0.001034
284	0.708253	0.016850	0.006932	0.000053	0.266875	0.000000	0.000000	0.000000	0.001037
285	0.707221	0.016806	0.006938	0.000045	0.268025	0.000000	0.000000	0.000000	0.000965
286	0.706364	0.016699	0.006990	0.000048	0.269005	0.000000	0.000000	0.000000	0.000894
287	0.705325	0.016664	0.007012	0.000037	0.270066	0.000000	0.000000	0.000000	0.000896
288	0.704664	0.016668	0.006873	0.000039	0.270904	0.000000	0.000000	0.000000	0.000852
289	0.704031	0.016168	0.006918	0.000036	0.272004	0.000000	0.000000	0.000000	0.000843
290	0.703435	0.016169	0.006783	0.000041	0.272780	0.000000	0.000000	0.000000	0.000792
291	0.702871	0.016047	0.006803	0.000036	0.273501	0.000000	0.000000	0.000000	0.000742
292	0.702033	0.016026	0.006604	0.000035	0.274624	0.000000	0.000000	0.000000	0.000678
293	0.701128	0.015958	0.006635	0.000043	0.275595	0.000000	0.000000	0.000000	0.000641
294	0.700399	0.015818	0.006685	0.000041	0.276450	0.000000	0.000000	0.000000	0.000607
295	0.699385	0.015845	0.006657	0.000037	0.277525	0.000000	0.000000	0.000000	0.000551
296	0.698712	0.015642	0.006665	0.000041	0.278403	0.000000	0.000000	0.000000	0.000537
297	0.697611	0.015610	0.006630	0.000041	0.279582	0.000000	0.000000	0.000000	0.000526
298	0.696241	0.015693	0.006654	0.000037	0.280839	0.000000	0.000000	0.000000	0.000536
299	0.695305	0.015570	0.006687	0.000041	0.281902	0.000000	0.000000	0.000000	0.000495
300	0.694293	0.015422	0.006609	0.000045	0.283154	0.000000	0.000000	0.000000	0.000477
301	0.693248	0.015510	0.006704	0.000044	0.284019	0.000000	0.000000	0.000000	0.000475
302	0.692372	0.015436	0.006730	0.000042	0.284965	0.000000	0.000000	0.000000	0.000455
303	0.691313	0.015479	0.006754	0.000045	0.285965	0.000000	0.000000	0.000000	0.000444
304	0.690213	0.015322	0.006755	0.000050	0.287198	0.000000	0.000000	0.000000	0.000462
305	0.689376	0.015222	0.006753	0.000046	0.288179	0.000000	0.000000	0.000000	0.000424
306	0.688361	0.014949	0.006709	0.000051	0.289501	0.000000	0.000000	0.000000	0.000429
307	0.687569	0.014950	0.006696	0.000046	0.290345	0.000000	0.000000	0.000000	0.000394
308	0.686985	0.014788	0.006665	0.000042	0.291135	0.000000	0.000000	0.000000	0.000385
309	0.686048	0.014622	0.006595	0.000041	0.292304	0.000000	0.000000	0.000000	0.000390
310	0.685393	0.014496	0.006655	0.000033	0.293061	0.000000	0.000000	0.000000	0.000362
311	0.684191	0.014540	0.006588	0.000035	0.294293	0.000000	0.000000	0.000000	0.000353
312	0.683077	0.014653	0.006778	0.000035	0.295102	0.000000	0.000000	0.000000	0.000355
313	0.682559	0.014451	0.006852	0.000041	0.295761	0.000000	0.000000	0.000000	0.000336
314	0.681874	0.014191	0.006922	0.000032	0.296647	0.000000	0.000000	0.000000	0.000334
315	0.680809	0.014211	0.006884	0.000035	0.297760	0.000000	0.000000	0.000000	0.000301
316	0.680149	0.013956	0.006809	0.000027	0.298762	0.000000	0.000000	0.000000	0.000297
317	0.679415	0.013696	0.006798	0.000026	0.299763	0.000000	0.000000	0.000000	0.000302
318	0.678498	0.013566	0.006749	0.000022	0.300878	0.000000	0.000000	0.000000	0.000287
319	0.677796	0.013554	0.006800	0.000019	0.301566	0.000000	0.000000	0.000000	0.000265
320	0.676758	0.013561	0.006780	0.000018	0.302629	0.000000	0.000000	0.000000	0.000254
321	0.676047	0.013398	0.006759	0.000020	0.303541	0.000000	0.000000	0.000000	0.000235
322	0.675066	0.013169	0.006850	0.000013	0.304679	0.000000	0.000000	0.000000	0.000223
323	0.674274	0.013118	0.006908	0.000023	0.305448	0.000000	0.000000	0.000000	0.000229
324	0.673278	0.013020	0.006977	0.000013	0.306485	0.000000	0.000000	0.000000	0.000227
325	0.672302	0.012900	0.007001	0.000010	0.307585	0.000000	0.000000	0.000000	0.000202
326	0.671636	0.012858	0.007046	0.000014	0.308253	0.000000	0.000000	0.000000	0.000193
327	0.670755	0.012748	0.006971	0.000020	0.309312	0.000000	0.000000	0.000000	0.000194
328	0.669519	0.012703	0.006932	0.000023	0.310628	0.000000	0.000000	0.000000	0.000195
329	0.668931	0.012636	0.006889	0.000025	0.311341	0.000000	0.000000	0.000000	0.000178
330	0.667620	0.012736	0.006933	0.000028	0.312509	0.000000	0.000000	0.000000	0.000174
331	0.667164	0.012378	0.006916	0.000026	0.313327	0.000000	0.000000	0.000000	0.000189
332	0.666132	0.012463	0.006851	0.000027	0.314359	0.000000	0.000000	0.000000	0.000168
333	0.665186	0.012347	0.006841	0.000027	0.315442	0.000000	0.000000	0.000000	0.000157
334	0.664666	0.012156	0.006820	0.000020	0.316173	0.000000	0.000000	0.000000	0.000165
335	0.663372	0.012278	0.006768	0.000020	0.317403	0.000000	0.000000	0.000000	0.000159
336	0.662419	0.012203	0.006725	0.000021	0.318483	0.000000	0.000000	0.000000	0.000149
337	0.661714	0.012103	0.006788	0.000018	0.319216	0.000000	0.000000	0.000000	0.000161
338	0.660837	0.012168	0.006817	0.000019	0.320006	0.000000	0.000000	0.000000	0.000153
339	0.659696	0.012033	0.006849	0.000023	0.321243	0.000000	0.000000	0.000000	0.000156
340	0.658939	0.011992	0.006873	0.000020	0.322033	0.000000	0.000000	0.000000	0.000143
341	0.658059	0.012020	0.006847	0.000025	0.322922	0.000000	0.000000	0.000000	0.000127
342	0.657261	0.011978	0.006816	0.000022	0.323801	0.000000	0.000000	0.000000	0.000122
343	0.656334	0.011870	0.006748	0.000022	0.324895	0.000000	0.000000	0.000000	0.000131
344	0.655116	0.011696	0.006822	0.000023	0.326209	0.000000	0.000000	0.000000	0.000134
345	0.654309	0.011691	0.006897	0.000017	0.326955	0.000000	0.000000	0.000000	0.000131
346	0.653109	0.011569	0.006979	0.000022	0.328191	0.000000	0.000000	0.000000	0.000130
347	0.652557	0.011432	0.006857	0.000024	0.328998	0.000000	0.000000	0.000000	0.000132
348	0.651653	0.011275	0.006850	0.000019	0.330077	0.000000	0.000000	0.000000	0.000126
349	0.650705	0.011307	0.006731	0.000011	0.331140	0.000000	0.000000	0.000000	0.000106
350	0.649742	0.011343	0.006681	0.000013	0.332115	0.000000	0.000000	0.000000	0.000106
351	0.648406	0.011211	0.006884	0.000014	0.333379	0.000000	0.000000	0.000000	0.000106
352	0.647610	0.011228	0.006876	0.000012	0.334170	0.000000	0.000000	0.000000	0.000104
353	0.646764	0.011233	0.006894	0.000010	0.335003	0.000000	0.000000	0.000000	0.000096
354	0.646108	0.011207	0.006757	0.000012	0.335810	0.000000	0.000000	0.000000	0.000106
355	0.644915	0.011152	0.006818	0.000010	0.336998	0.000000	0.000000	0.000000	0.000107
356	0.644173	0.011047	0.006825	0.000007	0.337846	0.000000	0.000000	0.000000	0.000102
357	0.643305	0.010970	0.006815	0.000007	0.338797	0.000000	0.000000	0.000000	0.000106
358	0.642371	0.010729	0.006848	0.000007	0.339947	0.000000	0.000000	0.000000	0.000098
359	0.641445	0.010723	0.006718	0.000009	0.341011	0.000000	0.000000	0.000000	0.000094
360	0.640145	0.010755	0.006743	0.000011	0.342250	0.000000	0.000000	0.000000	0.000096
361	0.639156	0.010737	0.006805	0.000007	0.343202	0.000000	0.000000	0.000000	0.000093
362	0.638279	0.010546	0.006787	0.000006	0.344295	0.000000	0.000000	0.000000	0.000087
363	0.637227	0.010525	0.006762	0.000008	0.345376	0.000000	0.000000	0.000000	0.000102
364	0.635987	0.010552	0.006827	0.000012	0.346515	0.000000	0.000000	0.000000	0.000107
365	0.634957	0.010435	0.006758	0.000010	0.347738	0.000000	0.000000	0.000000	0.000102
366	0.633878	0.010336	0.006669	0.000011	0.348997	0.000000	0.000000	0.000000	0.000109
367	0.633059	0.010279	0.006632	0.000010	0.349912	0.000000	0.000000	0.000000	0.000108
368	0.631927	0.010236	0.006696	0.000008	0.351035	0.000000	0.000000	0.000000	0.000098
369	0.630476	0.010142	0.006757	0.000007	0.352497	0.000000	0.000000	0.000000	0.000121
370	0.629658	0.010152	0.006782	0.000009	0.353279	0.000000	0.000000	0.000000	0.000120
371	0.628708	0.010029	0.006849	0.000008	0.354292	0.000000	0.000000	0.000000	0.000114
372	0.627771	0.009843	0.006741	0.000007	0.355535	0.000000	0.000000	0.000000	0.000103
373	0.626559	0.009894	0.006756	0.000009	0.356674	0.000000	0.000000	0.000000	0.000108
374	0.625848	0.009899	0.006788	0.000009	0.357352	0.000000	0.000000	0.000000	0.000104
375	0.624785	0.009870	0.006894	0.000006	0.358348	0.000000	0.000000	0.000000	0.000097
376	0.623938	0.009775	0.006808	0.000004	0.359376	0.000000	0.000000	0.000000	0.000099
377	0.623038	0.009715	0.006871	0.000008	0.360277	0.000000	0.000000	0.000000	0.000091
378	0.622104	0.009720	0.006776	0.000004	0.361308	0.000000	0.000000	0.000000	0.000088
379	0.621026	0.009810	0.006743	0.000004	0.362327	0.000000	0.000000	0.000000	0.000090
380	0.620083	0.009659	0.006693	0.000005	0.363463	0.000000	0.000000	0.000000	0.000097
381	0.619191	0.009543	0.006698	0.000003	0.364473	0.000000	0.000000	0.000000	0.000092
382	0.618386	0.009432	0.006697	0.000001	0.365390	0.000000	0.000000	0.000000	0.000094
383	0.617101	0.009388	0.006666	0.000000	0.366751	0.000000	0.000000	0.000000	0.000094
384	0.616107	0.009481	0.006696	0.000000	0.367622	0.000000	0.000000	0.000000	0.000094
385	0.615102	0.009373	0.006804	0.000001	0.368632	0.000000	0.000000	0.000000	0.000088
386	0.614391	0.009167	0.006800	0.000001	0.369566	0.000000	0.000000	0.000000	0.000075
387	0.612926	0.009197	0.006824	0.000000	0.370964	0.000000	0.000000	0.000000	0.000089
388	0.611981	0.009051	0.006779	0.000000	0.372092	0.000000	0.000000	0.000000	0.000097
389	0.610551	0.009027	0.006801	0.000000	0.373537	0.000000	0.000000	0.000000	0.000084
390	0.609630	0.009075	0.006748	0.000000	0.374462	0.000000	0.000000	0.000000	0.000085
391	0.609137	0.008941	0.006739	0.000000	0.375104	0.000000	0.000000	0.000000	0.000079
392	0.608247	0.008794	0.006807	0.000000	0.376070	0.000000	0.000000	0.000000	0.000082
393	0.607257	0.008755	0.006676	0.000000	0.377229	0.000000	0.000000	0.000000	0.000083
394	0.605671	0.008709	0.006759	0.000000	0.378783	0.000000	0.000000	0.000000	0.000078
395	0.604664	0.008705	0.006815	0.000000	0.379741	0.000000	0.000000	0.000000	0.000075
396	0.603809	0.008735	0.006811	0.000000	0.380569	0.000000	0.000000	0.000000	0.000076
397	0.602768	0.008690	0.006803	0.000000	0.381671	0.000000	0.000000	0.000000	0.000068
398	0.601351	0.008676	0.006965	0.000000	0.382941	0.000000	0.000000	0.000000	0.000067
399	0.600591	0.008476	0.007008	0.000000	0.383863	0.000000	0.000000	0.000000	0.000062
400	0.599210	0.008402	0.006979	0.000000	0.385355	0.000000	0.000000	0.000000	0.000054
401	0.598341	0.008390	0.007006	0.000000	0.386214	0.000000	0.000000	0.000000	0.000049
402	0.597652	0.008298	0.007073	0.000000	0.386930	0.000000	0.000000	0.000000	0.000047
403	0.596688	0.008229	0.007199	0.000000	0.387841	0.000000	0.000000	0.000000	0.000043
404	0.595883	0.008169	0.007209	0.000000	0.388689	0.000000	0.000000	0.000000	0.000050
405	0.595164	0.008154	0.007140	0.000000	0.389495	0.000000	0.000000	0.000000	0.000047
406	0.593860	0.008076	0.007074	0.000000	0.390952	0.000000	0.000000	0.000000	0.000038
407	0.593354	0.008003	0.006942	0.000000	0.391661	0.000000	0.000000	0.000000	0.000040
408	0.592190	0.007988	0.007009	0.000000	0.392777	0.000000	0.000000	0.000000	0.000036
409	0.591497	0.008033	0.007008	0.000000	0.393425	0.000000	0.000000	0.000000	0.000037
410	0.590528	0.007972	0.006974	0.000000	0.394484	0.000000	0.000000	0.000000	0.000042
411	0.589370	0.007857	0.006982	0.000000	0.395758	0.000000	0.000000	0.000000	0.000033
412	0.588259	0.007866	0.006992	0.000000	0.396853	0.000000	0.000000	0.000000	0.000030
413	0.587552	0.007713	0.006917	0.000000	0.397790	0.000000	0.000000	0.000000	0.000028
414	0.586496	0.007693	0.006924	0.000000	0.398856	0.000000	0.000000	0.000000	0.000031
415	0.585595	0.007632	0.006762	0.000000	0.399979	0.000000	0.000000	0.000000	0.000032
416	0.584686	0.007603	0.006824	0.000000	0.400845	0.000000	0.000000	0.000000	0.000042
417	0.583489	0.007656	0.006804	0.000000	0.402014	0.000000	0.000000	0.000000	0.000037
418	0.582659	0.007647	0.006795	0.000000	0.402863	0.000000	0.000000	0.000000	0.000036
419	0.581729	0.007458	0.006795	0.000000	0.403990	0.000000	0.000000	0.000000	0.000028
420	0.580479	0.007415	0.006821	0.000000	0.405257	0.000000	0.000000	0.000000	0.000028
421	0.579355	0.007306	0.006837	0.000000	0.406477	0.000000	0.000000	0.000000	0.000025
422	0.578393	0.007204	0.006919	0.000000	0.407463	0.000000	0.000000	0.000000	0.000021
423	0.577208	0.007195	0.006924	0.000000	0.408648	0.000000	0.000000	0.000000	0.000025
424	0.576607	0.007087	0.006900	0.000000	0.409382	0.000000	0.000000	0.000000	0.000024
425	0.575783	0.007003	0.006835	0.000000	0.410362	0.000000	0.000000	0.000000	0.000017
426	0.574786	0.006882	0.006883	0.000000	0.411433	0.000000	0.000000	0.000000	0.000016
427	0.574214	0.006849	0.006830	0.000000	0.412089	0.000000	0.000000	0.000000	0.000018
428	0.572832	0.006858	0.006831	0.000000	0.413459	0.000000	0.000000	0.000000	0.000020
429	0.572333	0.006834	0.006728	0.000000	0.414091	0.000000	0.000000	0.000000	0.000014
430	0.571289	0.006794	0.006742	0.000000	0.415167	0.000000	0.000000	0.000000	0.000008
431	0.570230	0.006715	0.006627	0.000000	0.416418	0.000000	0.000000	0.000000	0.000010
432	0.568987	0.006750	0.006565	0.000000	0.417692	0.000000	0.000000	0.000000	0.000006
433	0.567675	0.006744	0.006653	0.000000	0.418921	0.000000	0.000000	0.000000	0.000007
434	0.566823	0.006696	0.006539	0.000000	0.419939	0.000000	0.000000	0.000000	0.000003
435	0.565493	0.006554	0.006545	0.000000	0.421407	0.000000	0.000000	0.000000	0.000001
436	0.564890	0.006589	0.006526	0.000000	0.421993	0.000000	0.000000	0.000000	0.000002
437	0.563537	0.006535	0.006530	0.000000	0.423397	0.000000	0.000000	0.000000	0.000001
438	0.562175	0.006570	0.006496	0.000000	0.424757	0.000000	0.000000	0.000000	0.000002
439	0.561417	0.006464	0.006470	0.000000	0.425647	0.000000	0.000000	0.000000	0.000002
440	0.560412	0.006447	0.006434	0.000000	0.426705	0.000000	0.000000	0.000000	0.000002
441	0.559371	0.006366	0.006488	0.000000	0.427775	0.000000	0.000000	0.000000	0.000000
442	0.558343	0.006315	0.006529	0.000000	0.428812	0.000000	0.000000	0.000000	0.000001
443	0.557249	0.006206	0.006507	0.000000	0.430037	0.000000	0.000000	0.000000	0.000001
444	0.556013	0.006210	0.006555	0.000000	0.431220	0.000000	0.000000	0.000000	0.000002
445	0.555017	0.006137	0.006477	0.000000	0.432367	0.000000	0.000000	0.000000	0.000002
446	0.554140	0.006198	0.006441	0.000000	0.433220	0.000000	0.000000	0.000000	0.000001
447	0.553267	0.006206	0.006369	0.000000	0.434157	0.000000	0.000000	0.000000	0.000001
448	0.551952	0.006224	0.006368	0.000000	0.435456	0.000000	0.000000	0.000000	0.000000
449	0.550392	0.006114	0.006434	0.000000	0.437059	0.000000	0.000000	0.000000	0.000001
450	0.549548	0.006076	0.006371	0.000000	0.438005	0.000000	0.000000	0.000000	0.000000
451	0.548364	0.006062	0.006463	0.000000	0.439111	0.000000	0.000000	0.000000	0.000000
452	0.547437	0.006108	0.006403	0.000000	0.440052	0.000000	0.000000	0.000000	0.000000
453	0.546806	0.005991	0.006344	0.000000	0.440859	0.000000	0.000000	0.000000	0.000000
454	0.546204	0.005849	0.006305	0.000000	0.441642	0.000000	0.000000	0.000000	0.000000
455	0.545219	0.005808	0.006420	0.000000	0.442553	0.000000	0.000000	0.000000	0.000000
456	0.544778	0.005819	0.006405	0.000000	0.442998	0.000000	0.000000	0.000000	0.000000
457	0.543971	0.005859	0.006439	0.000000	0.443731	0.000000	0.000000	0.000000	0.000000
458	0.542721	0.005905	0.006555	0.000000	0.444819	0.000000	0.000000	0.000000	0.000000
459	0.541704	0.005770	0.006587	0.000000	0.445939	0.000000	0.000000	0.000000	0.000000
460	0.540735	0.005718	0.006611	0.000000	0.446936	0.000000	0.000000	0.000000	0.000000
461	0.539565	0.005694	0.006643	0.000000	0.448098	0.000000	0.000000	0.000000	0.000000
462	0.538771	0.005665	0.006659	0.000000	0.448905	0.000000	0.000000	0.000000	0.000000
463	0.537859	0.005768	0.006595	0.000000	0.449778	0.000000	0.000000	0.000000	0.000000
464	0.536632	0.005717	0.006544	0.000000	0.451107	0.000000	0.000000	0.000000	0.000000
465	0.536055	0.005643	0.006441	0.000000	0.451861	0.000000	0.000000	0.000000	0.000000
466	0.534869	0.005590	0.006486	0.000000	0.453055	0.000000	0.000000	0.000000	0.000000
467	0.533907	0.005485	0.006517	0.000000	0.454091	0.000000	0.000000	0.000000	0.000000
468	0.533036	0.005431	0.006501	0.000000	0.455032	0.000000	0.000000	0.000000	0.000000
469	0.531972	0.005455	0.006453	0.000000	0.456120	0.000000	0.000000	0.000000	0.000000
470	0.531063	0.005375	0.006422	0.000000	0.457140	0.000000	0.000000	0.000000	0.000000
