0	0.290663	0.057897	0.229473	0.157588	0.029913	0.111872	0.085455	0.012259	0.024880
1	0.250955	0.051891	0.214179	0.132962	0.027202	0.113221	0.106364	0.020682	0.082544
2	0.266718	0.054251	0.226537	0.122140	0.026805	0.105171	0.096607	0.018623	0.083148
3	0.289111	0.056810	0.238971	0.111793	0.026552	0.095326	0.085051	0.016199	0.080187
4	0.311277	0.058590	0.250359	0.102169	0.026879	0.085895	0.074399	0.013999	0.076433
5	0.332929	0.060341	0.260747	0.093356	0.026864	0.077046	0.064540	0.011806	0.072371
6	0.353744	0.061327	0.269661	0.084554	0.026904	0.068879	0.056138	0.010139	0.068654
7	0.372949	0.061865	0.277431	0.075975	0.027360	0.062275	0.048453	0.008740	0.064952
8	0.391218	0.062617	0.284280	0.068599	0.027558	0.055138	0.041893	0.007449	0.061248
9	0.407569	0.063419	0.290525	0.061207	0.027975	0.049451	0.036083	0.006341	0.057430
10	0.422672	0.063867	0.295436	0.055340	0.028285	0.043933	0.031306	0.005430	0.053731
11	0.436641	0.063809	0.299540	0.049810	0.028696	0.038865	0.026898	0.004792	0.050949
12	0.448577	0.063783	0.302903	0.045002	0.029178	0.035316	0.023104	0.004057	0.048080
13	0.460948	0.063494	0.305840	0.040290	0.029644	0.031470	0.019953	0.003456	0.044905
14	0.471309	0.062776	0.309059	0.036293	0.030196	0.028302	0.017136	0.002953	0.041976
15	0.481122	0.062291	0.310399	0.032889	0.030843	0.025260	0.014885	0.002587	0.039724
16	0.488346	0.061737	0.312983	0.029972	0.031505	0.022798	0.013076	0.002248	0.037335
17	0.495626	0.061127	0.314592	0.027184	0.032362	0.020466	0.011214	0.001914	0.035515
18	0.502981	0.060462	0.315536	0.024481	0.033310	0.018448	0.009778	0.001707	0.033297
19	0.510049	0.059753	0.315957	0.022157	0.033845	0.016531	0.008629	0.001427	0.031652
20	0.516266	0.058993	0.316293	0.020414	0.034574	0.014940	0.007499	0.001146	0.029875
21	0.521788	0.057857	0.317230	0.018611	0.035222	0.013599	0.006590	0.001045	0.028058
22	0.526116	0.057419	0.318072	0.016933	0.036018	0.012309	0.005740	0.000880	0.026513
23	0.529991	0.056913	0.318480	0.015451	0.037104	0.011225	0.005091	0.000738	0.025007
24	0.533935	0.056290	0.318469	0.014025	0.038084	0.010340	0.004358	0.000692	0.023807
25	0.536852	0.055532	0.318770	0.013047	0.039360	0.009352	0.003879	0.000624	0.022584
26	0.540043	0.054904	0.318666	0.011952	0.040482	0.008692	0.003451	0.000528	0.021282
27	0.542455	0.054073	0.318667	0.011106	0.041782	0.008008	0.003022	0.000436	0.020451
28	0.544569	0.053183	0.319295	0.010263	0.042791	0.007442	0.002654	0.000386	0.019417
29	0.546826	0.052670	0.319605	0.009363	0.043821	0.006848	0.002300	0.000316	0.018251
30	0.547989	0.051977	0.320409	0.008665	0.045092	0.006401	0.002017	0.000296	0.017154
31	0.550459	0.051154	0.319994	0.008114	0.045968	0.005976	0.001741	0.000255	0.016339
32	0.552076	0.050544	0.319549	0.007656	0.047309	0.005417	0.001599	0.000212	0.015638
33	0.553881	0.049853	0.318779	0.007224	0.048709	0.005140	0.001438	0.000190	0.014786
34	0.554969	0.049187	0.318580	0.006798	0.050266	0.004720	0.001333	0.000183	0.013964
35	0.555930	0.048274	0.318926	0.006491	0.051292	0.004415	0.001166	0.000171	0.013335
36	0.557237	0.047720	0.318386	0.006074	0.052671	0.004164	0.001027	0.000138	0.012583
37	0.557834	0.047059	0.318543	0.005689	0.053931	0.003837	0.000941	0.000115	0.012051
38	0.558751	0.046315	0.318012	0.005484	0.055300	0.003678	0.000794	0.000110	0.011556
39	0.558687	0.045736	0.318224	0.005130	0.056856	0.003393	0.000731	0.000097	0.011146
40	0.559514	0.044941	0.317989	0.004923	0.058072	0.003172	0.000618	0.000086	0.010685
41	0.559436	0.044159	0.318249	0.004550	0.059577	0.003000	0.000547	0.000080	0.010402
42	0.559506	0.043608	0.318282	0.004298	0.060794	0.002797	0.000499	0.000076	0.010140
43	0.559992	0.042849	0.318373	0.004020	0.062026	0.002688	0.000432	0.000066	0.009554
44	0.560277	0.042169	0.317722	0.003840	0.064004	0.002557	0.000403	0.000058	0.008970
45	0.559573	0.041681	0.318077	0.003660	0.065531	0.002452	0.000287	0.000042	0.008697
46	0.559132	0.041032	0.318104	0.003451	0.067440	0.002317	0.000256	0.000054	0.008214
47	0.558613	0.040426	0.317951	0.003334	0.069279	0.002156	0.000223	0.000044	0.007974
48	0.558461	0.039672	0.317810	0.003198	0.070815	0.002090	0.000202	0.000049	0.007703
49	0.557700	0.038630	0.318142	0.003047	0.072914	0.001922	0.000198	0.000046	0.007401
50	0.557184	0.038077	0.318030	0.002912	0.074640	0.001814	0.000168	0.000043	0.007132
51	0.557263	0.037370	0.317112	0.002747	0.076674	0.001750	0.000140	0.000044	0.006900
52	0.556587	0.036896	0.317150	0.002634	0.078486	0.001622	0.000133	0.000032	0.006460
53	0.555959	0.036379	0.316908	0.002440	0.080261	0.001544	0.000146	0.000027	0.006336
54	0.555900	0.035676	0.316282	0.002352	0.082139	0.001458	0.000122	0.000022	0.006049
55	0.555228	0.035189	0.316425	0.002222	0.083636	0.001405	0.000113	0.000021	0.005761
56	0.554486	0.034630	0.316014	0.002152	0.085530	0.001353	0.000100	0.000019	0.005716
57	0.553434	0.034431	0.315719	0.002090	0.087538	0.001276	0.000077	0.000024	0.005411
58	0.553040	0.033696	0.315530	0.002033	0.089195	0.001254	0.000084	0.000027	0.005141
59	0.552551	0.033372	0.314589	0.001917	0.091269	0.001141	0.000064	0.000020	0.005077
60	0.551982	0.032774	0.314486	0.001798	0.092897	0.001083	0.000069	0.000023	0.004888
61	0.552191	0.032260	0.313082	0.001771	0.094852	0.001040	0.000068	0.000018	0.004718
62	0.550990	0.032063	0.312877	0.001668	0.096743	0.000985	0.000051	0.000016	0.004607
63	0.550789	0.031347	0.312259	0.001638	0.098456	0.000962	0.000038	0.000013	0.004498
64	0.550054	0.030704	0.312128	0.001559	0.100355	0.000921	0.000037	0.000010	0.004232
65	0.549696	0.030131	0.311740	0.001470	0.101905	0.000880	0.000042	0.000008	0.004128
66	0.548231	0.029869	0.311362	0.001415	0.104238	0.000829	0.000035	0.000010	0.004011
67	0.547235	0.029427	0.310710	0.001291	0.106657	0.000785	0.000033	0.000009	0.003853
68	0.546172	0.029157	0.310042	0.001235	0.108759	0.000767	0.000023	0.000008	0.003837
69	0.544824	0.028900	0.309846	0.001205	0.110798	0.000712	0.000035	0.000009	0.003671
70	0.544153	0.028289	0.309188	0.001139	0.112955	0.000683	0.000030	0.000004	0.003559
71	0.544035	0.027681	0.307982	0.001100	0.115042	0.000670	0.000018	0.000004	0.003468
72	0.543189	0.027288	0.307514	0.001043	0.116988	0.000642	0.000031	0.000006	0.003299
73	0.541696	0.026779	0.307265	0.001007	0.119353	0.000589	0.000018	0.000010	0.003283
74	0.540599	0.026224	0.306847	0.001000	0.121523	0.000546	0.000021	0.000010	0.003230
75	0.539067	0.025967	0.306696	0.000947	0.123585	0.000540	0.000020	0.000007	0.003171
76	0.538168	0.025432	0.305709	0.000865	0.126267	0.000492	0.000017	0.000008	0.003042
77	0.536524	0.025059	0.305929	0.000845	0.128173	0.000470	0.000010	0.000007	0.002983
78	0.535723	0.024497	0.305166	0.000813	0.130431	0.000448	0.000012	0.000001	0.002909
79	0.534773	0.024155	0.304371	0.000773	0.132707	0.000422	0.000010	0.000002	0.002787
80	0.533666	0.023702	0.303823	0.000771	0.134986	0.000418	0.000012	0.000001	0.002621
81	0.533007	0.023200	0.302823	0.000727	0.137339	0.000422	0.000013	0.000001	0.002468
82	0.531262	0.022936	0.302716	0.000746	0.139510	0.000400	0.000010	0.000002	0.002418
83	0.529764	0.022433	0.302600	0.000702	0.141695	0.000417	0.000009	0.000000	0.002380
84	0.528271	0.022114	0.301811	0.000702	0.144380	0.000406	0.000009	0.000000	0.002307
85	0.527024	0.021926	0.300961	0.000694	0.146711	0.000407	0.000011	0.000000	0.002266
86	0.526374	0.021530	0.299423	0.000684	0.149491	0.000368	0.000010	0.000000	0.002120
87	0.524741	0.021321	0.298647	0.000663	0.152179	0.000362	0.000011	0.000000	0.002076
88	0.523208	0.020787	0.298270	0.000637	0.154689	0.000365	0.000015	0.000000	0.002029
89	0.521857	0.020640	0.296950	0.000618	0.157614	0.000312	0.000009	0.000000	0.002000
90	0.519972	0.020153	0.296964	0.000578	0.160090	0.000302	0.000012	0.000000	0.001929
91	0.518894	0.019913	0.295429	0.000533	0.163025	0.000281	0.000008	0.000000	0.001917
92	0.517663	0.019683	0.294583	0.000525	0.165371	0.000277	0.000007	0.000000	0.001891
93	0.516064	0.019152	0.293826	0.000520	0.168361	0.000276	0.000007	0.000000	0.001794
94	0.514687	0.018745	0.293397	0.000514	0.170617	0.000281	0.000012	0.000000	0.001747
95	0.512936	0.018447	0.292387	0.000481	0.173741	0.000278	0.000009	0.000000	0.001721
96	0.511244	0.018147	0.291756	0.000424	0.176420	0.000268	0.000007	0.000000	0.001734
97	0.509874	0.017763	0.291093	0.000434	0.178863	0.000276	0.000007	0.000000	0.001690
98	0.508875	0.017548	0.289999	0.000415	0.181270	0.000248	0.000010	0.000000	0.001635
99	0.507750	0.017112	0.288730	0.000374	0.184202	0.000245	0.000004	0.000000	0.001583
100	0.506371	0.016816	0.287429	0.000364	0.187231	0.000224	0.000003	0.000000	0.001562
101	0.504360	0.016548	0.286879	0.000342	0.190150	0.000223	0.000001	0.000000	0.001497
102	0.502047	0.016215	0.286762	0.000313	0.192938	0.000231	0.000001	0.000000	0.001493
103	0.500608	0.015987	0.285601	0.000311	0.195803	0.000224	0.000004	0.000000	0.001462
104	0.499132	0.015728	0.284558	0.000274	0.198612	0.000236	0.000004	0.000000	0.001456
105	0.497234	0.015584	0.283908	0.000255	0.201374	0.000236	0.000001	0.000000	0.001408
106	0.495928	0.015407	0.282843	0.000262	0.203935	0.000228	0.000004	0.000000	0.001393
107	0.494051	0.015132	0.282023	0.000239	0.206929	0.000232	0.000002	0.000000	0.001392
108	0.492680	0.014749	0.281023	0.000211	0.209750	0.000228	0.000002	0.000000	0.001357
109	0.490460	0.014625	0.280482	0.000201	0.212637	0.000206	0.000002	0.000000	0.001387
110	0.488628	0.014481	0.279670	0.000193	0.215481	0.000199	0.000003	0.000000	0.001345
111	0.487055	0.013946	0.278653	0.000188	0.218638	0.000204	0.000002	0.000000	0.001314
112	0.485160	0.013800	0.278032	0.000186	0.221371	0.000192	0.000001	0.000000	0.001258
113	0.483431	0.013522	0.277160	0.000165	0.224287	0.000198	0.000002	0.000000	0.001235
114	0.481822	0.013325	0.276026	0.000163	0.227264	0.000177	0.000002	0.000000	0.001221
115	0.480592	0.013068	0.274688	0.000151	0.230128	0.000194	0.000001	0.000000	0.001178
116	0.478329	0.012990	0.273933	0.000155	0.233297	0.000168	0.000000	0.000000	0.001128
117	0.476436	0.012657	0.273313	0.000140	0.236252	0.000140	0.000004	0.000000	0.001058
118	0.474066	0.012215	0.272737	0.000152	0.239661	0.000135	0.000004	0.000000	0.001030
119	0.472561	0.011973	0.271612	0.000157	0.242554	0.000122	0.000005	0.000000	0.001016
120	0.470394	0.011845	0.270843	0.000151	0.245648	0.000112	0.000004	0.000000	0.001003
121	0.468728	0.011570	0.269669	0.000127	0.248760	0.000115	0.000003	0.000000	0.001028
122	0.466636	0.011214	0.268976	0.000134	0.251944	0.000123	0.000004	0.000000	0.000969
123	0.464017	0.010821	0.268484	0.000123	0.255471	0.000118	0.000002	0.000000	0.000964
124	0.462320	0.010552	0.267335	0.000111	0.258657	0.000103	0.000005	0.000000	0.000917
125	0.460187	0.010528	0.266152	0.000119	0.262062	0.000092	0.000003	0.000000	0.000857
126	0.458732	0.010223	0.264962	0.000115	0.265065	0.000084	0.000006	0.000000	0.000813
127	0.457026	0.010091	0.263536	0.000096	0.268394	0.000085	0.000007	0.000000	0.000765
128	0.454568	0.009865	0.263266	0.000103	0.271321	0.000072	0.000011	0.000000	0.000794
129	0.453078	0.009580	0.262032	0.000086	0.274356	0.000060	0.000012	0.000000	0.000796
130	0.451401	0.009449	0.260615	0.000089	0.277591	0.000060	0.000008	0.000000	0.000787
131	0.449757	0.009345	0.259118	0.000089	0.280872	0.000065	0.000010	0.000000	0.000744
132	0.447747	0.009079	0.258109	0.000089	0.284202	0.000066	0.000007	0.000000	0.000701
133	0.445833	0.008964	0.256490	0.000102	0.287876	0.000060	0.000008	0.000000	0.000667
134	0.443449	0.008856	0.255762	0.000090	0.291107	0.000059	0.000008	0.000000	0.000669
135	0.441027	0.008714	0.254780	0.000100	0.294645	0.000052	0.000009	0.000000	0.000673
136	0.438840	0.008540	0.254182	0.000099	0.297666	0.000059	0.000005	0.000000	0.000609
137	0.436272	0.008416	0.253292	0.000105	0.301259	0.000056	0.000003	0.000000	0.000597
138	0.434401	0.008221	0.252457	0.000107	0.304199	0.000048	0.000003	0.000000	0.000564
139	0.432092	0.008051	0.251547	0.000099	0.307558	0.000055	0.000006	0.000000	0.000592
140	0.430274	0.007836	0.250267	0.000091	0.310901	0.000054	0.000004	0.000000	0.000573
141	0.428111	0.007739	0.249145	0.000098	0.314281	0.000066	0.000001	0.000000	0.000559
142	0.425695	0.007585	0.248231	0.000097	0.317785	0.000057	0.000003	0.000000	0.000547
143	0.423096	0.007581	0.247479	0.000090	0.321163	0.000052	0.000003	0.000000	0.000536
144	0.421249	0.007438	0.246230	0.000100	0.324447	0.000050	0.000002	0.000000	0.000484
145	0.418751	0.007324	0.245383	0.000101	0.327895	0.000050	0.000003	0.000000	0.000493
146	0.417140	0.007066	0.244097	0.000103	0.331085	0.000044	0.000001	0.000000	0.000464
147	0.414525	0.006945	0.243194	0.000105	0.334721	0.000035	0.000002	0.000000	0.000473
148	0.412571	0.006754	0.242138	0.000099	0.337955	0.000029	0.000001	0.000000	0.000453
149	0.411225	0.006612	0.239843	0.000102	0.341748	0.000031	0.000000	0.000000	0.000439
150	0.409227	0.006500	0.238865	0.000097	0.344825	0.000034	0.000000	0.000000	0.000452
151	0.407151	0.006350	0.237716	0.000085	0.348188	0.000029	0.000000	0.000000	0.000481
152	0.404969	0.006159	0.236514	0.000074	0.351778	0.000027	0.000000	0.000000	0.000479
153	0.402591	0.006041	0.235361	0.000081	0.355405	0.000025	0.000000	0.000000	0.000496
154	0.400294	0.005971	0.233979	0.000072	0.359193	0.000023	0.000000	0.000000	0.000468
155	0.398048	0.005843	0.232793	0.000087	0.362760	0.000028	0.000000	0.000000	0.000441
156	0.396199	0.005728	0.230818	0.000087	0.366679	0.000029	0.000000	0.000000	0.000460
157	0.394423	0.005533	0.229663	0.000076	0.369808	0.000024	0.000000	0.000000	0.000473
158	0.392547	0.005418	0.228316	0.000076	0.373166	0.000023	0.000000	0.000000	0.000454
159	0.389636	0.005397	0.227537	0.000072	0.376901	0.000021	0.000000	0.000000	0.000436
160	0.387550	0.005331	0.226298	0.000076	0.380313	0.000026	0.000000	0.000000	0.000406
161	0.385232	0.005334	0.224839	0.000074	0.384082	0.000028	0.000000	0.000000	0.000411
162	0.383217	0.005225	0.223240	0.000070	0.387796	0.000020	0.000000	0.000000	0.000432
163	0.380267	0.005119	0.222412	0.000082	0.391700	0.000016	0.000000	0.000000	0.000404
164	0.377983	0.005029	0.220901	0.000081	0.395573	0.000016	0.000000	0.000000	0.000417
165	0.375526	0.005022	0.219976	0.000075	0.398980	0.000019	0.000000	0.000000	0.000402
166	0.373769	0.004877	0.218051	0.000076	0.402819	0.000018	0.000000	0.000000	0.000390
167	0.371192	0.004835	0.217178	0.000071	0.406347	0.000011	0.000000	0.000000	0.000366
168	0.368791	0.004631	0.216615	0.000070	0.409546	0.000010	0.000000	0.000000	0.000337
169	0.366635	0.004580	0.215048	0.000068	0.413309	0.000008	0.000000	0.000000	0.000352
170	0.364122	0.004419	0.213871	0.000065	0.417169	0.000011	0.000000	0.000000	0.000343
171	0.362139	0.004305	0.212336	0.000065	0.420788	0.000014	0.000000	0.000000	0.000353
172	0.360020	0.004171	0.211118	0.000053	0.424284	0.000014	0.000000	0.000000	0.000340
173	0.357923	0.004136	0.209909	0.000056	0.427616	0.000013	0.000000	0.000000	0.000347
174	0.355875	0.004104	0.208414	0.000050	0.431185	0.000019	0.000000	0.000000	0.000353
175	0.353261	0.003984	0.207619	0.000051	0.434704	0.000014	0.000000	0.000000	0.000367
176	0.350824	0.003864	0.206636	0.000053	0.438219	0.000012	0.000000	0.000000	0.000392
177	0.348303	0.003771	0.205861	0.000049	0.441621	0.000010	0.000000	0.000000	0.000385
178	0.346111	0.003646	0.204160	0.000045	0.445655	0.000009	0.000000	0.000000	0.000374
179	0.343956	0.003547	0.202959	0.000049	0.449125	0.000009	0.000000	0.000000	0.000355
180	0.341368	0.003510	0.201627	0.000053	0.453065	0.000011	0.000000	0.000000	0.000366
181	0.338051	0.003398	0.201308	0.000045	0.456803	0.000012	0.000000	0.000000	0.000383
182	0.335789	0.003267	0.199927	0.000045	0.460570	0.000011	0.000000	0.000000	0.000391
183	0.333331	0.003189	0.198688	0.000050	0.464323	0.000013	0.000000	0.000000	0.000406
184	0.330909	0.003107	0.197778	0.000043	0.467785	0.000015	0.000000	0.000000	0.000363
185	0.328187	0.003055	0.197022	0.000042	0.471345	0.000011	0.000000	0.000000	0.000338
186	0.325777	0.002971	0.196096	0.000033	0.474765	0.000015	0.000000	0.000000	0.000343
187	0.323090	0.002945	0.194983	0.000031	0.478601	0.000013	0.000000	0.000000	0.000337
188	0.320359	0.002879	0.194033	0.000028	0.482347	0.000017	0.000000	0.000000	0.000337
189	0.317654	0.002845	0.192929	0.000023	0.486211	0.000011	0.000000	0.000000	0.000327
190	0.315208	0.002838	0.191457	0.000023	0.490141	0.000009	0.000000	0.000000	0.000324
191	0.312845	0.002803	0.190341	0.000027	0.493669	0.000015	0.000000	0.000000	0.000300
192	0.310642	0.002770	0.189013	0.000029	0.497252	0.000012	0.000000	0.000000	0.000282
193	0.308320	0.002661	0.187692	0.000029	0.501006	0.000014	0.000000	0.000000	0.000278
194	0.305747	0.002649	0.186528	0.000028	0.504751	0.000015	0.000000	0.000000	0.000282
195	0.303184	0.002565	0.185491	0.000027	0.508439	0.000014	0.000000	0.000000	0.000280
196	0.300609	0.002473	0.183843	0.000019	0.512782	0.000014	0.000000	0.000000	0.000260
197	0.298588	0.002453	0.182539	0.000024	0.516139	0.000011	0.000000	0.000000	0.000246
198	0.296428	0.002413	0.181345	0.000016	0.519530	0.000009	0.000000	0.000000	0.000259
199	0.294456	0.002363	0.179700	0.000017	0.523208	0.000011	0.000000	0.000000	0.000245
200	0.292078	0.002295	0.178528	0.000015	0.526852	0.000011	0.000000	0.000000	0.000221
201	0.289451	0.002160	0.177235	0.000016	0.530900	0.000014	0.000000	0.000000	0.000224
202	0.287207	0.002097	0.175753	0.000011	0.534705	0.000011	0.000000	0.000000	0.000216
203	0.284813	0.002035	0.174627	0.000008	0.538300	0.000008	0.000000	0.000000	0.000209
204	0.282739	0.001995	0.173124	0.000008	0.541909	0.000009	0.000000	0.000000	0.000216
205	0.280333	0.001922	0.171726	0.000006	0.545801	0.000006	0.000000	0.000000	0.000206
206	0.278173	0.001910	0.170784	0.000006	0.548916	0.000006	0.000000	0.000000	0.000205
207	0.276134	0.001819	0.169307	0.000005	0.552537	0.000008	0.000000	0.000000	0.000190
208	0.274169	0.001716	0.168057	0.000008	0.555868	0.000004	0.000000	0.000000	0.000178
209	0.271642	0.001681	0.166976	0.000005	0.559515	0.000004	0.000000	0.000000	0.000177
210	0.269732	0.001614	0.165947	0.000003	0.562520	0.000006	0.000000	0.000000	0.000178
211	0.267677	0.001543	0.164543	0.000002	0.566080	0.000007	0.000000	0.000000	0.000148
212	0.265558	0.001470	0.163432	0.000003	0.569387	0.000009	0.000000	0.000000	0.000141
213	0.263273	0.001450	0.162102	0.000005	0.573037	0.000008	0.000000	0.000000	0.000125
214	0.261022	0.001377	0.161023	0.000004	0.576461	0.000005	0.000000	0.000000	0.000108
215	0.258797	0.001387	0.159451	0.000002	0.580250	0.000004	0.000000	0.000000	0.000109
216	0.257075	0.001357	0.157469	0.000003	0.583999	0.000005	0.000000	0.000000	0.000092
217	0.254712	0.001299	0.156531	0.000002	0.587363	0.000006	0.000000	0.000000	0.000087
218	0.252953	0.001304	0.154887	0.000002	0.590744	0.000005	0.000000	0.000000	0.000105
219	0.250600	0.001275	0.153477	0.000001	0.594537	0.000005	0.000000	0.000000	0.000105
220	0.248770	0.001270	0.152514	0.000001	0.597333	0.000004	0.000000	0.000000	0.000108
221	0.246543	0.001302	0.150974	0.000002	0.601080	0.000004	0.000000	0.000000	0.000095
222	0.244378	0.001251	0.149668	0.000001	0.604591	0.000004	0.000000	0.000000	0.000107
223	0.242071	0.001284	0.148195	0.000000	0.608337	0.000003	0.000000	0.000000	0.000110
224	0.239617	0.001287	0.147321	0.000000	0.611665	0.000005	0.000000	0.000000	0.000105
225	0.237670	0.001295	0.145978	0.000000	0.614952	0.000005	0.000000	0.000000	0.000100
226	0.235356	0.001250	0.144410	0.000000	0.618881	0.000004	0.000000	0.000000	0.000099
227	0.233128	0.001172	0.143623	0.000000	0.621974	0.000005	0.000000	0.000000	0.000098
228	0.231128	0.001163	0.142238	0.000000	0.625375	0.000004	0.000000	0.000000	0.000092
229	0.229397	0.001130	0.140825	0.000000	0.628568	0.000001	0.000000	0.000000	0.000079
230	0.227023	0.001170	0.139785	0.000000	0.631945	0.000001	0.000000	0.000000	0.000076
231	0.224917	0.001120	0.138263	0.000000	0.635628	0.000002	0.000000	0.000000	0.000070
232	0.222692	0.001095	0.137333	0.000000	0.638818	0.000000	0.000000	0.000000	0.000062
233	0.220371	0.001096	0.136146	0.000000	0.642324	0.000002	0.000000	0.000000	0.000061
234	0.218347	0.001088	0.134723	0.000000	0.645789	0.000002	0.000000	0.000000	0.000051
235	0.216225	0.001082	0.133521	0.000000	0.649114	0.000001	0.000000	0.000000	0.000057
236	0.214227	0.001015	0.132260	0.000000	0.652439	0.000001	0.000000	0.000000	0.000058
237	0.212243	0.000991	0.130970	0.000000	0.655742	0.000000	0.000000	0.000000	0.000054
238	0.209957	0.001017	0.129771	0.000000	0.659196	0.000001	0.000000	0.000000	0.000058
239	0.207934	0.001046	0.128447	0.000000	0.662521	0.000000	0.000000	0.000000	0.000052
240	0.205714	0.001026	0.127245	0.000000	0.665964	0.000000	0.000000	0.000000	0.000051
241	0.203520	0.001008	0.126255	0.000000	0.669161	0.000000	0.000000	0.000000	0.000056
242	0.201741	0.000937	0.124720	0.000000	0.672557	0.000000	0.000000	0.000000	0.000045
243	0.200121	0.000913	0.123188	0.000000	0.675730	0.000000	0.000000	0.000000	0.000048
244	0.197808	0.000903	0.121867	0.000000	0.679376	0.000000	0.000000	0.000000	0.000046
245	0.196219	0.000890	0.120100	0.000000	0.682753	0.000000	0.000000	0.000000	0.000038
246	0.194073	0.000896	0.118845	0.000000	0.686144	0.000000	0.000000	0.000000	0.000042
247	0.191985	0.000852	0.117794	0.000000	0.689336	0.000000	0.000000	0.000000	0.000033
248	0.190064	0.000817	0.116655	0.000000	0.692426	0.000000	0.000000	0.000000	0.000038
249	0.188019	0.000797	0.115591	0.000000	0.695555	0.000000	0.000000	0.000000	0.000038
250	0.185871	0.000772	0.114613	0.000000	0.698708	0.000000	0.000000	0.000000	0.000036
251	0.183823	0.000713	0.113621	0.000000	0.701810	0.000000	0.000000	0.000000	0.000033
252	0.181619	0.000697	0.112487	0.000000	0.705159	0.000000	0.000000	0.000000	0.000038
253	0.179605	0.000682	0.111246	0.000000	0.708437	0.000000	0.000000	0.000000	0.000030
254	0.177990	0.000676	0.110007	0.000000	0.711285	0.000000	0.000000	0.000000	0.000042
255	0.176565	0.000688	0.108693	0.000000	0.714011	0.000000	0.000000	0.000000	0.000043
256	0.174935	0.000650	0.107663	0.000000	0.716717	0.000000	0.000000	0.000000	0.000035
257	0.172694	0.000638	0.106982	0.000000	0.719643	0.000000	0.000000	0.000000	0.000043
258	0.170751	0.000640	0.105736	0.000000	0.722835	0.000000	0.000000	0.000000	0.000038
259	0.168982	0.000622	0.104828	0.000000	0.725522	0.000000	0.000000	0.000000	0.000046
260	0.167189	0.000590	0.103407	0.000000	0.728775	0.000000	0.000000	0.000000	0.000039
261	0.165488	0.000576	0.102154	0.000000	0.731739	0.000000	0.000000	0.000000	0.000043
262	0.163549	0.000575	0.101130	0.000000	0.734701	0.000000	0.000000	0.000000	0.000045
263	0.161638	0.000572	0.099800	0.000000	0.737956	0.000000	0.000000	0.000000	0.000034
264	0.159898	0.000577	0.098895	0.000000	0.740587	0.000000	0.000000	0.000000	0.000043
265	0.158282	0.000582	0.097626	0.000000	0.743475	0.000000	0.000000	0.000000	0.000035
266	0.156039	0.000588	0.096879	0.000000	0.746470	0.000000	0.000000	0.000000	0.000024
267	0.154225	0.000565	0.095586	0.000000	0.749602	0.000000	0.000000	0.000000	0.000022
268	0.152652	0.000539	0.094320	0.000000	0.752470	0.000000	0.000000	0.000000	0.000019
269	0.150747	0.000561	0.093376	0.000000	0.755293	0.000000	0.000000	0.000000	0.000023
270	0.149416	0.000544	0.092040	0.000000	0.757979	0.000000	0.000000	0.000000	0.000021
271	0.148109	0.000567	0.090836	0.000000	0.760467	0.000000	0.000000	0.000000	0.000021
272	0.146776	0.000540	0.089516	0.000000	0.763149	0.000000	0.000000	0.000000	0.000019
273	0.144889	0.000521	0.088752	0.000000	0.765827	0.000000	0.000000	0.000000	0.000011
274	0.143425	0.000537	0.087430	0.000000	0.768598	0.000000	0.000000	0.000000	0.000010
275	0.141769	0.000533	0.086462	0.000000	0.771226	0.000000	0.000000	0.000000	0.000010
276	0.140104	0.000509	0.085509	0.000000	0.773869	0.000000	0.000000	0.000000	0.000009
277	0.138382	0.000494	0.084403	0.000000	0.776704	0.000000	0.000000	0.000000	0.000017
278	0.136553	0.000483	0.083137	0.000000	0.779816	0.000000	0.000000	0.000000	0.000011
279	0.135219	0.000481	0.081979	0.000000	0.782313	0.000000	0.000000	0.000000	0.000008
280	0.133908	0.000489	0.080731	0.000000	0.784859	0.000000	0.000000	0.000000	0.000013
281	0.132394	0.000506	0.080049	0.000000	0.787037	0.000000	0.000000	0.000000	0.000014
282	0.130690	0.000512	0.079044	0.000000	0.789741	0.000000	0.000000	0.000000	0.000013
283	0.129372	0.000487	0.077815	0.000000	0.792313	0.000000	0.000000	0.000000	0.000013
284	0.127685	0.000483	0.076854	0.000000	0.794966	0.000000	0.000000	0.000000	0.000012
285	0.126161	0.000453	0.075932	0.000000	0.797445	0.000000	0.000000	0.000000	0.000009
286	0.124522	0.000416	0.075007	0.000000	0.800041	0.000000	0.000000	0.000000	0.000014
287	0.123100	0.000432	0.074102	0.000000	0.802352	0.000000	0.000000	0.000000	0.000014
288	0.121717	0.000409	0.073106	0.000000	0.804755	0.000000	0.000000	0.000000	0.000013
289	0.120343	0.000430	0.071969	0.000000	0.807248	0.000000	0.000000	0.000000	0.000010
290	0.118915	0.000397	0.071046	0.000000	0.809634	0.000000	0.000000	0.000000	0.000008
291	0.117451	0.000388	0.070407	0.000000	0.811745	0.000000	0.000000	0.000000	0.000009
292	0.116372	0.000376	0.069245	0.000000	0.813996	0.000000	0.000000	0.000000	0.000011
293	0.114855	0.000376	0.068476	0.000000	0.816282	0.000000	0.000000	0.000000	0.000011
294	0.113840	0.000368	0.067459	0.000000	0.818319	0.000000	0.000000	0.000000	0.000014
295	0.112351	0.000358	0.066699	0.000000	0.820572	0.000000	0.000000	0.000000	0.000020
296	0.111040	0.000348	0.065887	0.000000	0.822705	0.000000	0.000000	0.000000	0.000020
297	0.109621	0.000323	0.064995	0.000000	0.825047	0.000000	0.000000	0.000000	0.000014
298	0.108306	0.000317	0.063961	0.000000	0.827397	0.000000	0.000000	0.000000	0.000019
299	0.106938	0.000307	0.063362	0.000000	0.829373	0.000000	0.000000	0.000000	0.000020
300	0.106151	0.000296	0.062348	0.000000	0.831188	0.000000	0.000000	0.000000	0.000017
301	0.104879	0.000275	0.061522	0.000000	0.833308	0.000000	0.000000	0.000000	0.000016
302	0.103132	0.000277	0.060990	0.000000	0.835585	0.000000	0.000000	0.000000	0.000016
303	0.102026	0.000285	0.059906	0.000000	0.837769	0.000000	0.000000	0.000000	0.000014
304	0.100730	0.000288	0.059171	0.000000	0.839799	0.000000	0.000000	0.000000	0.000012
305	0.099542	0.000285	0.058468	0.000000	0.841698	0.000000	0.000000	0.000000	0.000007
306	0.098328	0.000274	0.057628	0.000000	0.843760	0.000000	0.000000	0.000000	0.000010
307	0.097083	0.000271	0.056927	0.000000	0.845709	0.000000	0.000000	0.000000	0.000010
308	0.095548	0.000292	0.056184	0.000000	0.847969	0.000000	0.000000	0.000000	0.000007
309	0.094665	0.000264	0.055126	0.000000	0.849941	0.000000	0.000000	0.000000	0.000004
310	0.093650	0.000246	0.054350	0.000000	0.851750	0.000000	0.000000	0.000000	0.000004
311	0.092517	0.000249	0.053692	0.000000	0.853540	0.000000	0.000000	0.000000	0.000002
312	0.091382	0.000234	0.052903	0.000000	0.855479	0.000000	0.000000	0.000000	0.000002
313	0.090419	0.000244	0.052201	0.000000	0.857132	0.000000	0.000000	0.000000	0.000004
314	0.089175	0.000243	0.051549	0.000000	0.859029	0.000000	0.000000	0.000000	0.000004
315	0.088007	0.000231	0.050957	0.000000	0.860802	0.000000	0.000000	0.000000	0.000003
316	0.086882	0.000248	0.050401	0.000000	0.862466	0.000000	0.000000	0.000000	0.000003
317	0.085664	0.000240	0.049772	0.000000	0.864321	0.000000	0.000000	0.000000	0.000003
318	0.084460	0.000235	0.049100	0.000000	0.866199	0.000000	0.000000	0.000000	0.000006
319	0.083600	0.000221	0.048300	0.000000	0.867872	0.000000	0.000000	0.000000	0.000007
320	0.082190	0.000227	0.047582	0.000000	0.869998	0.000000	0.000000	0.000000	0.000003
321	0.080930	0.000242	0.046980	0.000000	0.871847	0.000000	0.000000	0.000000	0.000001
322	0.079891	0.000243	0.046519	0.000000	0.873346	0.000000	0.000000	0.000000	0.000001
323	0.078795	0.000223	0.045790	0.000000	0.875190	0.000000	0.000000	0.000000	0.000002
324	0.077606	0.000212	0.045289	0.000000	0.876892	0.000000	0.000000	0.000000	0.000001
325	0.076484	0.000209	0.044651	0.000000	0.878654	0.000000	0.000000	0.000000	0.000002
326	0.075225	0.000225	0.044310	0.000000	0.880240	0.000000	0.000000	0.000000	0.000000
327	0.074229	0.000205	0.043655	0.000000	0.881911	0.000000	0.000000	0.000000	0.000000
328	0.073118	0.000178	0.043114	0.000000	0.883589	0.000000	0.000000	0.000000	0.000001
329	0.072300	0.000160	0.042349	0.000000	0.885189	0.000000	0.000000	0.000000	0.000002
330	0.071465	0.000168	0.041560	0.000000	0.886806	0.000000	0.000000	0.000000	0.000001
331	0.070273	0.000175	0.040941	0.000000	0.888611	0.000000	0.000000	0.000000	0.000000
332	0.069337	0.000173	0.040237	0.000000	0.890253	0.000000	0.000000	0.000000	0.000000
333	0.068613	0.000171	0.039385	0.000000	0.891831	0.000000	0.000000	0.000000	0.000000
334	0.067677	0.000162	0.038906	0.000000	0.893255	0.000000	0.000000	0.000000	0.000000
335	0.066733	0.000171	0.038440	0.000000	0.894656	0.000000	0.000000	0.000000	0.000000
336	0.065718	0.000159	0.037814	0.000000	0.896309	0.000000	0.000000	0.000000	0.000000
337	0.064477	0.000165	0.037164	0.000000	0.898194	0.000000	0.000000	0.000000	0.000000
338	0.063169	0.000147	0.036712	0.000000	0.899972	0.000000	0.000000	0.000000	0.000000
339	0.062404	0.000138	0.036185	0.000000	0.901273	0.000000	0.000000	0.000000	0.000000
340	0.061416	0.000142	0.035659	0.000000	0.902783	0.000000	0.000000	0.000000	0.000000
341	0.060253	0.000148	0.035211	0.000000	0.904388	0.000000	0.000000	0.000000	0.000000
342	0.059563	0.000125	0.034359	0.000000	0.905953	0.000000	0.000000	0.000000	0.000000
343	0.058842	0.000128	0.033498	0.000000	0.907532	0.000000	0.000000	0.000000	0.000000
344	0.057763	0.000103	0.032997	0.000000	0.909137	0.000000	0.000000	0.000000	0.000000
345	0.057094	0.000112	0.032322	0.000000	0.910472	0.000000	0.000000	0.000000	0.000000
346	0.056253	0.000101	0.032069	0.000000	0.911577	0.000000	0.000000	0.000000	0.000000
347	0.055408	0.000100	0.031643	0.000000	0.912849	0.000000	0.000000	0.000000	0.000000
348	0.054635	0.000095	0.030925	0.000000	0.914345	0.000000	0.000000	0.000000	0.000000
349	0.053710	0.000095	0.030401	0.000000	0.915794	0.000000	0.000000	0.000000	0.000000
350	0.052817	0.000089	0.030006	0.000000	0.917088	0.000000	0.000000	0.000000	0.000000
351	0.052017	0.000079	0.029793	0.000000	0.918111	0.000000	0.000000	0.000000	0.000000
352	0.051375	0.000067	0.029196	0.000000	0.919362	0.000000	0.000000	0.000000	0.000000
353	0.050646	0.000071	0.028791	0.000000	0.920492	0.000000	0.000000	0.000000	0.000000
354	0.049848	0.000059	0.028287	0.000000	0.921806	0.000000	0.000000	0.000000	0.000000
355	0.049072	0.000059	0.027782	0.000000	0.923087	0.000000	0.000000	0.000000	0.000000
356	0.048254	0.000058	0.027298	0.000000	0.924390	0.000000	0.000000	0.000000	0.000000
357	0.047469	0.000057	0.026804	0.000000	0.925670	0.000000	0.000000	0.000000	0.000000
358	0.046963	0.000059	0.026070	0.000000	0.926908	0.000000	0.000000	0.000000	0.000000
359	0.046196	0.000054	0.025647	0.000000	0.928103	0.000000	0.000000	0.000000	0.000000
360	0.045452	0.000053	0.025176	0.000000	0.929319	0.000000	0.000000	0.000000	0.000000
361	0.044566	0.000045	0.025033	0.000000	0.930356	0.000000	0.000000	0.000000	0.000000
362	0.043891	0.000044	0.024398	0.000000	0.931667	0.000000	0.000000	0.000000	0.000000
363	0.043103	0.000034	0.024016	0.000000	0.932847	0.000000	0.000000	0.000000	0.000000
364	0.042338	0.000030	0.023472	0.000000	0.934160	0.000000	0.000000	0.000000	0.000000
365	0.041729	0.000021	0.023056	0.000000	0.935194	0.000000	0.000000	0.000000	0.000000
366	0.040881	0.000019	0.022690	0.000000	0.936410	0.000000	0.000000	0.000000	0.000000
367	0.040235	0.000018	0.022412	0.000000	0.937335	0.000000	0.000000	0.000000	0.000000
368	0.039640	0.000022	0.022067	0.000000	0.938271	0.000000	0.000000	0.000000	0.000000
369	0.038870	0.000019	0.021641	0.000000	0.939470	0.000000	0.000000	0.000000	0.000000
370	0.038138	0.000019	0.021286	0.000000	0.940557	0.000000	0.000000	0.000000	0.000000
371	0.037584	0.000018	0.020943	0.000000	0.941455	0.000000	0.000000	0.000000	0.000000
372	0.036990	0.000029	0.020614	0.000000	0.942367	0.000000	0.000000	0.000000	0.000000
373	0.036552	0.000027	0.020360	0.000000	0.943061	0.000000	0.000000	0.000000	0.000000
374	0.035764	0.000037	0.020218	0.000000	0.943981	0.000000	0.000000	0.000000	0.000000
375	0.035162	0.000030	0.019833	0.000000	0.944975	0.000000	0.000000	0.000000	0.000000
376	0.034499	0.000027	0.019545	0.000000	0.945929	0.000000	0.000000	0.000000	0.000000
377	0.033762	0.000022	0.019167	0.000000	0.947049	0.000000	0.000000	0.000000	0.000000
378	0.033204	0.000022	0.018909	0.000000	0.947865	0.000000	0.000000	0.000000	0.000000
379	0.032808	0.000020	0.018605	0.000000	0.948567	0.000000	0.000000	0.000000	0.000000
380	0.032201	0.000013	0.018311	0.000000	0.949475	0.000000	0.000000	0.000000	0.000000
381	0.031649	0.000011	0.017788	0.000000	0.950552	0.000000	0.000000	0.000000	0.000000
382	0.031159	0.000015	0.017485	0.000000	0.951341	0.000000	0.000000	0.000000	0.000000
383	0.030693	0.000013	0.017086	0.000000	0.952208	0.000000	0.000000	0.000000	0.000000
384	0.030293	0.000014	0.016800	0.000000	0.952893	0.000000	0.000000	0.000000	0.000000
385	0.029901	0.000017	0.016323	0.000000	0.953759	0.000000	0.000000	0.000000	0.000000
386	0.029255	0.000019	0.016130	0.000000	0.954596	0.000000	0.000000	0.000000	0.000000
387	0.028702	0.000024	0.015953	0.000000	0.955321	0.000000	0.000000	0.000000	0.000000
388	0.028171	0.000029	0.015702	0.000000	0.956098	0.000000	0.000000	0.000000	0.000000
389	0.027498	0.000031	0.015428	0.000000	0.957043	0.000000	0.000000	0.000000	0.000000
390	0.027170	0.000022	0.015155	0.000000	0.957653	0.000000	0.000000	0.000000	0.000000
391	0.026501	0.000015	0.015006	0.000000	0.958478	0.000000	0.000000	0.000000	0.000000
392	0.025896	0.000014	0.014778	0.000000	0.959312	0.000000	0.000000	0.000000	0.000000
393	0.025434	0.000009	0.014478	0.000000	0.960079	0.000000	0.000000	0.000000	0.000000
394	0.024952	0.000009	0.014135	0.000000	0.960904	0.000000	0.000000	0.000000	0.000000
395	0.024522	0.000008	0.013833	0.000000	0.961637	0.000000	0.000000	0.000000	0.000000
396	0.024163	0.000003	0.013490	0.000000	0.962344	0.000000	0.000000	0.000000	0.000000
397	0.023590	0.000004	0.013196	0.000000	0.963210	0.000000	0.000000	0.000000	0.000000
398	0.023111	0.000006	0.012914	0.000000	0.963969	0.000000	0.000000	0.000000	0.000000
399	0.022616	0.000007	0.012707	0.000000	0.964670	0.000000	0.000000	0.000000	0.000000
400	0.022291	0.000011	0.012528	0.000000	0.965170	0.000000	0.000000	0.000000	0.000000
401	0.021955	0.000006	0.012379	0.000000	0.965660	0.000000	0.000000	0.000000	0.000000
402	0.021548	0.000005	0.012098	0.000000	0.966349	0.000000	0.000000	0.000000	0.000000
403	0.021171	0.000004	0.011860	0.000000	0.966965	0.000000	0.000000	0.000000	0.000000
404	0.020812	0.000004	0.011612	0.000000	0.967572	0.000000	0.000000	0.000000	0.000000
405	0.020452	0.000006	0.011240	0.000000	0.968302	0.000000	0.000000	0.000000	0.000000
406	0.019967	0.000009	0.011201	0.000000	0.968823	0.000000	0.000000	0.000000	0.000000
407	0.019676	0.000010	0.010998	0.000000	0.969316	0.000000	0.000000	0.000000	0.000000
408	0.019465	0.000010	0.010717	0.000000	0.969808	0.000000	0.000000	0.000000	0.000000
409	0.019218	0.000014	0.010595	0.000000	0.970173	0.000000	0.000000	0.000000	0.000000
410	0.018906	0.000019	0.010237	0.000000	0.970838	0.000000	0.000000	0.000000	0.000000
411	0.018563	0.000019	0.010079	0.000000	0.971339	0.000000	0.000000	0.000000	0.000000
412	0.018245	0.000019	0.009809	0.000000	0.971927	0.000000	0.000000	0.000000	0.000000
413	0.017995	0.000015	0.009632	0.000000	0.972358	0.000000	0.000000	0.000000	0.000000
414	0.017725	0.000009	0.009370	0.000000	0.972896	0.000000	0.000000	0.000000	0.000000
415	0.017333	0.000007	0.009267	0.000000	0.973393	0.000000	0.000000	0.000000	0.000000
416	0.017050	0.000005	0.009107	0.000000	0.973838	0.000000	0.000000	0.000000	0.000000
417	0.016765	0.000006	0.008950	0.000000	0.974279	0.000000	0.000000	0.000000	0.000000
418	0.016338	0.000006	0.008750	0.000000	0.974906	0.000000	0.000000	0.000000	0.000000
419	0.016060	0.000002	0.008556	0.000000	0.975382	0.000000	0.000000	0.000000	0.000000
420	0.015766	0.000003	0.008357	0.000000	0.975874	0.000000	0.000000	0.000000	0.000000
421	0.015441	0.000002	0.008173	0.000000	0.976384	0.000000	0.000000	0.000000	0.000000
422	0.015182	0.000002	0.007960	0.000000	0.976856	0.000000	0.000000	0.000000	0.000000
423	0.015031	0.000003	0.007904	0.000000	0.977062	0.000000	0.000000	0.000000	0.000000
424	0.014834	0.000001	0.007719	0.000000	0.977446	0.000000	0.000000	0.000000	0.000000
425	0.014432	0.000001	0.007638	0.000000	0.977929	0.000000	0.000000	0.000000	0.000000
426	0.014041	0.000000	0.007534	0.000000	0.978425	0.000000	0.000000	0.000000	0.000000
427	0.013876	0.000000	0.007421	0.000000	0.978703	0.000000	0.000000	0.000000	0.000000
428	0.013604	0.000000	0.007247	0.000000	0.979149	0.000000	0.000000	0.000000	0.000000
429	0.013323	0.000000	0.007152	0.000000	0.979525	0.000000	0.000000	0.000000	0.000000
430	0.013074	0.000000	0.007052	0.000000	0.979874	0.000000	0.000000	0.000000	0.000000
431	0.012786	0.000000	0.006854	0.000000	0.980360	0.000000	0.000000	0.000000	0.000000
432	0.012465	0.000000	0.006735	0.000000	0.980800	0.000000	0.000000	0.000000	0.000000
433	0.012193	0.000000	0.006684	0.000000	0.981123	0.000000	0.000000	0.000000	0.000000
434	0.011928	0.000000	0.006511	0.000000	0.981561	0.000000	0.000000	0.000000	0.000000
435	0.011603	0.000000	0.006380	0.000000	0.982017	0.000000	0.000000	0.000000	0.000000
436	0.011359	0.000000	0.006242	0.000000	0.982399	0.000000	0.000000	0.000000	0.000000
437	0.011099	0.000000	0.006120	0.000000	0.982781	0.000000	0.000000	0.000000	0.000000
438	0.010891	0.000000	0.006040	0.000000	0.983069	0.000000	0.000000	0.000000	0.000000
439	0.010572	0.000000	0.005900	0.000000	0.983528	0.000000	0.000000	0.000000	0.000000
440	0.010272	0.000000	0.005767	0.000000	0.983961	0.000000	0.000000	0.000000	0.000000
441	0.010096	0.000000	0.005645	0.000000	0.984259	0.000000	0.000000	0.000000	0.000000
442	0.009881	0.000000	0.005516	0.000000	0.984603	0.000000	0.000000	0.000000	0.000000
443	0.009677	0.000000	0.005471	0.000000	0.984852	0.000000	0.000000	0.000000	0.000000
444	0.009399	0.000000	0.005352	0.000000	0.985249	0.000000	0.000000	0.000000	0.000000
445	0.009265	0.000000	0.005169	0.000000	0.985566	0.000000	0.000000	0.000000	0.000000
446	0.009230	0.000000	0.005145	0.000000	0.985625	0.000000	0.000000	0.000000	0.000000
447	0.009014	0.000000	0.005037	0.000000	0.985949	0.000000	0.000000	0.000000	0.000000
448	0.008705	0.000000	0.004858	0.000000	0.986437	0.000000	0.000000	0.000000	0.000000
449	0.008616	0.000000	0.004718	0.000000	0.986666	0.000000	0.000000	0.000000	0.000000
450	0.008300	0.000000	0.004593	0.000000	0.987107	0.000000	0.000000	0.000000	0.000000
451	0.008140	0.000000	0.004521	0.000000	0.987339	0.000000	0.000000	0.000000	0.000000
452	0.007822	0.000000	0.004469	0.000000	0.987709	0.000000	0.000000	0.000000	0.000000
453	0.007650	0.000000	0.004380	0.000000	0.987970	0.000000	0.000000	0.000000	0.000000
454	0.007391	0.000000	0.004299	0.000000	0.988310	0.000000	0.000000	0.000000	0.000000
455	0.007185	0.000000	0.004236	0.000000	0.988579	0.000000	0.000000	0.000000	0.000000
456	0.006992	0.000000	0.004150	0.000000	0.988858	0.000000	0.000000	0.000000	0.000000
457	0.006823	0.000000	0.003971	0.000000	0.989206	0.000000	0.000000	0.000000	0.000000
458	0.006622	0.000000	0.003953	0.000000	0.989425	0.000000	0.000000	0.000000	0.000000
459	0.006460	0.000000	0.003777	0.000000	0.989763	0.000000	0.000000	0.000000	0.000000
460	0.006362	0.000000	0.003696	0.000000	0.989942	0.000000	0.000000	0.000000	0.000000
461	0.006243	0.000000	0.003579	0.000000	0.990178	0.000000	0.000000	0.000000	0.000000
462	0.006031	0.000000	0.003524	0.000000	0.990445	0.000000	0.000000	0.000000	0.000000
463	0.005999	0.000000	0.003426	0.000000	0.990575	0.000000	0.000000	0.000000	0.000000
464	0.005827	0.000000	0.003344	0.000000	0.990829	0.000000	0.000000	0.000000	0.000000
465	0.005675	0.000000	0.003317	0.000000	0.991008	0.000000	0.000000	0.000000	0.000000
466	0.005577	0.000000	0.003291	0.000000	0.991132	0.000000	0.000000	0.000000	0.000000
467	0.005484	0.000000	0.003207	0.000000	0.991309	0.000000	0.000000	0.000000	0.000000
468	0.005403	0.000000	0.003148	0.000000	0.991449	0.000000	0.000000	0.000000	0.000000
469	0.005311	0.000000	0.003076	0.000000	0.991613	0.000000	0.000000	0.000000	0.000000
470	0.005233	0.000000	0.003037	0.000000	0.991730	0.000000	0.000000	0.000000	0.000000
