0	0.290663	0.057897	0.229473	0.157588	0.029913	0.111872	0.085455	0.012259	0.024880
1	0.214805	0.044485	0.188202	0.142536	0.029382	0.123841	0.132238	0.025328	0.099183
2	0.200731	0.041491	0.174998	0.138267	0.030028	0.121135	0.144916	0.027831	0.120603
3	0.193288	0.039042	0.164077	0.136064	0.031044	0.116151	0.153584	0.029170	0.137580
4	0.187999	0.037094	0.153439	0.133834	0.032324	0.110948	0.160939	0.029960	0.153463
5	0.183654	0.035380	0.143036	0.132852	0.033800	0.105029	0.166154	0.030623	0.169472
6	0.179858	0.033611	0.133319	0.131019	0.035695	0.099350	0.171336	0.031113	0.184699
7	0.176565	0.031966	0.123655	0.129490	0.037399	0.093917	0.176116	0.031313	0.199579
8	0.173091	0.030411	0.114533	0.127855	0.039418	0.088257	0.180773	0.031204	0.214458
9	0.169555	0.029334	0.106615	0.126634	0.041678	0.082731	0.183635	0.031316	0.228502
10	0.166345	0.027980	0.098307	0.125491	0.043792	0.077697	0.186524	0.031317	0.242547
11	0.163540	0.026679	0.090880	0.124848	0.046141	0.072436	0.188691	0.030765	0.256020
12	0.160781	0.025377	0.083849	0.123779	0.048454	0.067418	0.190766	0.030547	0.269029
13	0.157990	0.024222	0.077333	0.122345	0.051162	0.062934	0.191718	0.030277	0.282019
14	0.155550	0.023094	0.071168	0.120681	0.053693	0.058853	0.192200	0.029993	0.294768
15	0.153156	0.022099	0.065167	0.119634	0.056357	0.054944	0.192449	0.029437	0.306757
16	0.150630	0.021158	0.060270	0.118070	0.059262	0.050993	0.193026	0.028762	0.317829
17	0.147841	0.020127	0.055389	0.117286	0.062344	0.047395	0.192833	0.027916	0.328869
18	0.144945	0.019218	0.050556	0.115835	0.065418	0.044466	0.192869	0.027476	0.339217
19	0.142212	0.018272	0.046343	0.114686	0.068765	0.041059	0.192029	0.026811	0.349823
20	0.140093	0.017323	0.042468	0.113449	0.071841	0.038297	0.191011	0.026073	0.359445
21	0.137478	0.016645	0.038997	0.111836	0.075256	0.035766	0.189413	0.025436	0.369173
22	0.134930	0.016042	0.035763	0.110192	0.078551	0.033144	0.188029	0.024808	0.378541
23	0.132870	0.015058	0.032867	0.108973	0.081754	0.030618	0.186489	0.024347	0.387024
24	0.129767	0.014279	0.029889	0.107530	0.085355	0.028371	0.185203	0.023650	0.395956
25	0.127194	0.013578	0.027260	0.106330	0.088857	0.026192	0.183545	0.023147	0.403897
26	0.124282	0.012999	0.024979	0.104940	0.092014	0.024532	0.181875	0.022499	0.411880
27	0.121901	0.012311	0.022690	0.103273	0.095551	0.022787	0.180299	0.021753	0.419435
28	0.119474	0.011620	0.020780	0.102289	0.099013	0.020957	0.178268	0.020946	0.426653
29	0.116513	0.010942	0.018923	0.100819	0.102528	0.019620	0.176219	0.020288	0.434148
30	0.113972	0.010288	0.017395	0.098671	0.106453	0.018107	0.174100	0.019777	0.441237
31	0.111206	0.009761	0.015912	0.097364	0.110127	0.016805	0.171658	0.018958	0.448209
32	0.108604	0.009117	0.014746	0.095715	0.114107	0.015547	0.169567	0.018241	0.454356
33	0.106062	0.008623	0.013395	0.094070	0.117879	0.014160	0.167371	0.017991	0.460449
34	0.103536	0.008120	0.012239	0.092009	0.121906	0.013088	0.165133	0.017383	0.466586
35	0.101035	0.007666	0.010990	0.090117	0.125559	0.012057	0.163102	0.016783	0.472691
36	0.098268	0.007214	0.009885	0.088419	0.129240	0.011339	0.160952	0.016248	0.478435
37	0.095394	0.006827	0.008927	0.086704	0.133305	0.010535	0.159107	0.015713	0.483488
38	0.092732	0.006446	0.008080	0.084580	0.137393	0.009748	0.156679	0.015231	0.489111
39	0.090273	0.006102	0.007269	0.083312	0.141007	0.009077	0.154028	0.014947	0.493985
40	0.087832	0.005682	0.006706	0.081152	0.145111	0.008431	0.151693	0.014388	0.499005
41	0.085295	0.005354	0.006027	0.079755	0.148833	0.007710	0.149691	0.013978	0.503357
42	0.082631	0.004996	0.005432	0.078270	0.152745	0.007232	0.147631	0.013614	0.507449
43	0.080332	0.004728	0.004949	0.076563	0.156835	0.006647	0.145130	0.013249	0.511567
44	0.077798	0.004432	0.004427	0.075157	0.160968	0.006198	0.143043	0.012872	0.515105
45	0.075281	0.004167	0.004054	0.073706	0.164632	0.005787	0.140957	0.012405	0.519011
46	0.073160	0.003987	0.003646	0.071939	0.168343	0.005313	0.138976	0.012137	0.522499
47	0.070617	0.003802	0.003326	0.070056	0.172134	0.005030	0.136564	0.011817	0.526654
48	0.068215	0.003588	0.003013	0.068553	0.175978	0.004712	0.134590	0.011502	0.529849
49	0.066242	0.003318	0.002717	0.066982	0.179881	0.004465	0.132322	0.011280	0.532793
50	0.063592	0.003139	0.002399	0.065585	0.184297	0.004111	0.130653	0.010904	0.535320
51	0.061818	0.002977	0.002144	0.064071	0.187990	0.003826	0.128608	0.010517	0.538049
52	0.059459	0.002771	0.001903	0.062743	0.191785	0.003603	0.126796	0.010346	0.540594
53	0.057281	0.002675	0.001673	0.061225	0.195442	0.003329	0.124731	0.010039	0.543605
54	0.055070	0.002509	0.001448	0.060168	0.199438	0.003072	0.122989	0.009551	0.545755
55	0.052944	0.002373	0.001272	0.059017	0.202964	0.002745	0.120824	0.009206	0.548655
56	0.051070	0.002203	0.001130	0.057780	0.207387	0.002557	0.118590	0.008827	0.550456
57	0.049139	0.002029	0.000973	0.056513	0.210833	0.002407	0.116385	0.008646	0.553075
58	0.047180	0.001875	0.000904	0.055010	0.215012	0.002234	0.114392	0.008333	0.555060
59	0.045242	0.001738	0.000783	0.053902	0.218949	0.002079	0.112239	0.008108	0.556960
60	0.043113	0.001628	0.000701	0.052562	0.223455	0.001971	0.110749	0.008126	0.557695
61	0.041332	0.001534	0.000601	0.051204	0.227158	0.001842	0.109010	0.007876	0.559443
62	0.039495	0.001440	0.000534	0.050137	0.230933	0.001744	0.106995	0.007602	0.561120
63	0.037694	0.001373	0.000497	0.048971	0.234843	0.001589	0.105983	0.007436	0.561614
64	0.036176	0.001273	0.000442	0.047996	0.238728	0.001472	0.103546	0.007161	0.563206
65	0.034583	0.001189	0.000416	0.047245	0.242840	0.001398	0.102053	0.006935	0.563341
66	0.032709	0.001103	0.000367	0.046314	0.246509	0.001280	0.100385	0.006764	0.564569
67	0.031435	0.001005	0.000322	0.045169	0.249957	0.001169	0.099030	0.006585	0.565328
68	0.029897	0.000898	0.000276	0.044314	0.253666	0.001123	0.097090	0.006615	0.566121
69	0.028453	0.000837	0.000241	0.043599	0.257535	0.001034	0.095759	0.006449	0.566093
70	0.027066	0.000766	0.000228	0.042639	0.261743	0.000941	0.094151	0.006306	0.566160
71	0.025762	0.000709	0.000210	0.041498	0.265255	0.000896	0.093188	0.006128	0.566354
72	0.024531	0.000685	0.000202	0.040777	0.268986	0.000832	0.091874	0.005925	0.566188
73	0.023386	0.000629	0.000197	0.039866	0.272490	0.000751	0.090529	0.005778	0.566374
74	0.022286	0.000538	0.000181	0.038994	0.275757	0.000705	0.089113	0.005540	0.566886
75	0.021006	0.000483	0.000158	0.038344	0.279086	0.000654	0.087852	0.005350	0.567067
76	0.020016	0.000448	0.000138	0.037487	0.282725	0.000603	0.086736	0.005221	0.566626
77	0.018957	0.000441	0.000114	0.036869	0.286318	0.000599	0.085013	0.005075	0.566614
78	0.017931	0.000396	0.000101	0.036092	0.289952	0.000606	0.083456	0.004930	0.566536
79	0.016966	0.000396	0.000079	0.035071	0.293811	0.000552	0.082195	0.004762	0.566168
80	0.016109	0.000353	0.000066	0.034390	0.297300	0.000529	0.080955	0.004691	0.565607
81	0.015306	0.000361	0.000058	0.033682	0.301394	0.000467	0.079392	0.004682	0.564658
82	0.014414	0.000349	0.000049	0.033164	0.304561	0.000450	0.078017	0.004590	0.564406
83	0.013676	0.000344	0.000045	0.032511	0.307773	0.000413	0.076518	0.004570	0.564150
84	0.012842	0.000322	0.000037	0.031945	0.311507	0.000411	0.075389	0.004373	0.563174
85	0.012097	0.000280	0.000037	0.031433	0.314867	0.000380	0.073841	0.004304	0.562761
86	0.011484	0.000254	0.000036	0.030795	0.318155	0.000330	0.072417	0.004192	0.562337
87	0.010917	0.000232	0.000033	0.030303	0.321704	0.000312	0.071555	0.004045	0.560899
88	0.010264	0.000223	0.000029	0.029439	0.325197	0.000314	0.070534	0.003916	0.560084
89	0.009636	0.000206	0.000023	0.028977	0.328678	0.000302	0.069242	0.003866	0.559070
90	0.009020	0.000208	0.000015	0.028386	0.332023	0.000271	0.068143	0.003711	0.558223
91	0.008535	0.000183	0.000017	0.027857	0.335127	0.000273	0.067247	0.003602	0.557159
92	0.008027	0.000168	0.000016	0.027429	0.338339	0.000241	0.066330	0.003539	0.555911
93	0.007515	0.000154	0.000015	0.026970	0.341826	0.000241	0.065439	0.003511	0.554329
94	0.006996	0.000123	0.000018	0.026615	0.344881	0.000234	0.064296	0.003460	0.553377
95	0.006508	0.000117	0.000016	0.026206	0.348391	0.000262	0.063023	0.003307	0.552170
96	0.006101	0.000124	0.000015	0.025778	0.351552	0.000237	0.061975	0.003290	0.550928
97	0.005629	0.000116	0.000010	0.025283	0.354628	0.000230	0.061326	0.003161	0.549617
98	0.005357	0.000120	0.000008	0.024946	0.357959	0.000222	0.060059	0.003117	0.548212
99	0.004983	0.000121	0.000009	0.024727	0.360730	0.000209	0.059381	0.003083	0.546757
100	0.004642	0.000104	0.000007	0.024325	0.364418	0.000204	0.058304	0.003118	0.544878
101	0.004412	0.000091	0.000011	0.023911	0.367343	0.000182	0.057545	0.003003	0.543502
102	0.004189	0.000088	0.000009	0.023414	0.370616	0.000181	0.056622	0.002883	0.541998
103	0.003860	0.000089	0.000008	0.023173	0.373661	0.000197	0.055768	0.002852	0.540392
104	0.003642	0.000084	0.000006	0.022743	0.376831	0.000177	0.055036	0.002674	0.538807
105	0.003372	0.000086	0.000005	0.022555	0.379884	0.000154	0.054293	0.002682	0.536969
106	0.003147	0.000089	0.000006	0.022036	0.383371	0.000162	0.053117	0.002538	0.535534
107	0.003005	0.000092	0.000006	0.021483	0.386257	0.000150	0.052037	0.002529	0.534441
108	0.002811	0.000091	0.000004	0.021388	0.389169	0.000128	0.051251	0.002451	0.532707
109	0.002585	0.000086	0.000006	0.020909	0.393066	0.000129	0.050613	0.002398	0.530208
110	0.002459	0.000077	0.000006	0.020503	0.395968	0.000151	0.049461	0.002368	0.529007
111	0.002284	0.000077	0.000006	0.020299	0.398720	0.000130	0.048598	0.002290	0.527596
112	0.002120	0.000074	0.000007	0.020056	0.401663	0.000118	0.047936	0.002217	0.525809
113	0.001971	0.000058	0.000006	0.019781	0.404942	0.000122	0.046941	0.002149	0.524030
114	0.001868	0.000057	0.000004	0.019454	0.407882	0.000108	0.046452	0.002059	0.522116
115	0.001801	0.000047	0.000005	0.019297	0.410650	0.000107	0.045638	0.002020	0.520435
116	0.001686	0.000037	0.000006	0.018980	0.413733	0.000111	0.045082	0.001944	0.518421
117	0.001575	0.000038	0.000009	0.018728	0.416899	0.000108	0.044566	0.001902	0.516175
118	0.001538	0.000047	0.000009	0.018652	0.419440	0.000111	0.043869	0.001867	0.514467
119	0.001436	0.000055	0.000007	0.018354	0.422635	0.000128	0.043378	0.001836	0.512171
120	0.001347	0.000054	0.000007	0.018323	0.425194	0.000105	0.042761	0.001831	0.510378
121	0.001239	0.000051	0.000004	0.018209	0.428218	0.000119	0.041979	0.001792	0.508389
122	0.001160	0.000048	0.000006	0.017910	0.431210	0.000124	0.041297	0.001689	0.506556
123	0.001098	0.000050	0.000005	0.017780	0.433918	0.000113	0.040624	0.001663	0.504749
124	0.001056	0.000049	0.000003	0.017679	0.437191	0.000130	0.039625	0.001595	0.502672
125	0.000975	0.000048	0.000004	0.017378	0.440231	0.000127	0.039036	0.001602	0.500599
126	0.000883	0.000051	0.000006	0.017269	0.443155	0.000122	0.038296	0.001544	0.498674
127	0.000852	0.000054	0.000003	0.017111	0.446214	0.000144	0.037571	0.001540	0.496511
128	0.000792	0.000054	0.000005	0.017087	0.449392	0.000154	0.036600	0.001487	0.494429
129	0.000715	0.000048	0.000003	0.016956	0.452038	0.000146	0.035758	0.001432	0.492904
130	0.000668	0.000044	0.000006	0.016960	0.454789	0.000156	0.035171	0.001363	0.490843
131	0.000662	0.000051	0.000005	0.016725	0.457796	0.000134	0.034432	0.001295	0.488900
132	0.000611	0.000051	0.000006	0.016413	0.460562	0.000140	0.033767	0.001247	0.487203
133	0.000593	0.000050	0.000005	0.016388	0.463544	0.000134	0.033437	0.001205	0.484644
134	0.000558	0.000052	0.000006	0.016239	0.466360	0.000132	0.032499	0.001159	0.482995
135	0.000534	0.000050	0.000004	0.016059	0.468991	0.000127	0.031972	0.001141	0.481122
136	0.000486	0.000059	0.000001	0.015792	0.472158	0.000126	0.031514	0.001107	0.478757
137	0.000445	0.000060	0.000001	0.015809	0.474932	0.000124	0.031202	0.001073	0.476354
138	0.000420	0.000060	0.000000	0.015694	0.477361	0.000126	0.030634	0.001077	0.474628
139	0.000364	0.000050	0.000000	0.015653	0.479982	0.000145	0.030136	0.001002	0.472668
140	0.000336	0.000045	0.000000	0.015445	0.482604	0.000132	0.029765	0.000977	0.470696
141	0.000321	0.000038	0.000000	0.015336	0.485460	0.000135	0.029208	0.000999	0.468503
142	0.000298	0.000036	0.000000	0.015193	0.488255	0.000131	0.028742	0.000985	0.466360
143	0.000279	0.000027	0.000000	0.014915	0.491414	0.000153	0.028358	0.000970	0.463884
144	0.000267	0.000030	0.000000	0.014801	0.494669	0.000134	0.027851	0.000970	0.461278
145	0.000267	0.000031	0.000000	0.014635	0.497580	0.000132	0.027484	0.000948	0.458923
146	0.000235	0.000035	0.000000	0.014662	0.500566	0.000126	0.026797	0.000968	0.456611
147	0.000226	0.000027	0.000000	0.014589	0.503172	0.000146	0.026338	0.000951	0.454551
148	0.000212	0.000019	0.000000	0.014430	0.506276	0.000156	0.025941	0.000934	0.452032
149	0.000188	0.000022	0.000000	0.014158	0.509473	0.000161	0.025585	0.000892	0.449521
150	0.000185	0.000026	0.000000	0.013927	0.512201	0.000154	0.025199	0.000906	0.447402
151	0.000174	0.000021	0.000000	0.013867	0.514954	0.000155	0.024776	0.000865	0.445188
152	0.000150	0.000022	0.000000	0.013946	0.517262	0.000164	0.024237	0.000838	0.443381
153	0.000136	0.000023	0.000000	0.013770	0.520336	0.000150	0.023863	0.000833	0.440889
154	0.000131	0.000024	0.000000	0.013869	0.522759	0.000151	0.023340	0.000813	0.438913
155	0.000107	0.000020	0.000000	0.013790	0.525531	0.000148	0.022825	0.000800	0.436779
156	0.000092	0.000016	0.000000	0.013748	0.528169	0.000143	0.022252	0.000763	0.434817
157	0.000097	0.000012	0.000000	0.013678	0.530984	0.000138	0.021829	0.000743	0.432519
158	0.000098	0.000018	0.000000	0.013474	0.533339	0.000120	0.021411	0.000707	0.430833
159	0.000096	0.000018	0.000000	0.013387	0.536122	0.000118	0.021127	0.000702	0.428430
160	0.000084	0.000023	0.000000	0.013247	0.538782	0.000117	0.020759	0.000694	0.426294
161	0.000078	0.000025	0.000000	0.013178	0.541532	0.000121	0.020482	0.000660	0.423924
162	0.000069	0.000027	0.000000	0.013079	0.544339	0.000122	0.019969	0.000598	0.421797
163	0.000051	0.000028	0.000000	0.012990	0.547096	0.000109	0.019381	0.000590	0.419755
164	0.000049	0.000021	0.000000	0.013031	0.549918	0.000117	0.019161	0.000583	0.417120
165	0.000055	0.000024	0.000000	0.012870	0.552782	0.000118	0.018765	0.000562	0.414824
166	0.000050	0.000020	0.000000	0.012859	0.555088	0.000119	0.018289	0.000552	0.413023
167	0.000045	0.000015	0.000000	0.012805	0.557947	0.000109	0.018184	0.000553	0.410342
168	0.000038	0.000019	0.000000	0.012756	0.560384	0.000097	0.017806	0.000520	0.408380
169	0.000030	0.000013	0.000000	0.012650	0.563382	0.000086	0.017528	0.000556	0.405755
170	0.000027	0.000016	0.000000	0.012549	0.565983	0.000092	0.017189	0.000560	0.403584
171	0.000029	0.000015	0.000000	0.012604	0.568272	0.000092	0.016909	0.000533	0.401546
172	0.000021	0.000012	0.000000	0.012504	0.570520	0.000079	0.016705	0.000521	0.399638
173	0.000017	0.000013	0.000000	0.012442	0.573316	0.000078	0.016478	0.000507	0.397149
174	0.000017	0.000010	0.000000	0.012294	0.576211	0.000081	0.016189	0.000500	0.394698
175	0.000016	0.000009	0.000000	0.012230	0.578452	0.000087	0.015846	0.000497	0.392863
176	0.000010	0.000006	0.000000	0.012260	0.581202	0.000073	0.015560	0.000513	0.390376
177	0.000009	0.000007	0.000000	0.012236	0.584039	0.000078	0.015191	0.000486	0.387954
178	0.000008	0.000005	0.000000	0.012110	0.586525	0.000066	0.015022	0.000479	0.385785
179	0.000016	0.000003	0.000000	0.012035	0.588651	0.000062	0.014591	0.000494	0.384148
180	0.000015	0.000004	0.000000	0.011863	0.591345	0.000054	0.014194	0.000463	0.382062
181	0.000013	0.000003	0.000000	0.011931	0.593714	0.000052	0.013977	0.000438	0.379872
182	0.000010	0.000000	0.000000	0.011910	0.596361	0.000057	0.013802	0.000420	0.377440
183	0.000005	0.000000	0.000000	0.011842	0.599110	0.000057	0.013482	0.000412	0.375092
184	0.000004	0.000000	0.000000	0.011872	0.601597	0.000055	0.013134	0.000351	0.372987
185	0.000001	0.000000	0.000000	0.011853	0.604034	0.000055	0.012865	0.000339	0.370853
186	0.000001	0.000000	0.000000	0.011869	0.606372	0.000055	0.012660	0.000320	0.368723
187	0.000000	0.000000	0.000000	0.011770	0.608833	0.000065	0.012332	0.000311	0.366689
188	0.000000	0.000000	0.000000	0.011608	0.611664	0.000056	0.012041	0.000301	0.364330
189	0.000000	0.000000	0.000000	0.011645	0.613905	0.000064	0.011741	0.000270	0.362375
190	0.000000	0.000000	0.000000	0.011600	0.616249	0.000071	0.011480	0.000276	0.360324
191	0.000000	0.000000	0.000000	0.011372	0.618746	0.000065	0.011222	0.000274	0.358321
192	0.000000	0.000000	0.000000	0.011174	0.621555	0.000052	0.010884	0.000261	0.356074
193	0.000000	0.000000	0.000000	0.011027	0.624196	0.000048	0.010781	0.000268	0.353680
194	0.000000	0.000000	0.000000	0.011173	0.626371	0.000054	0.010487	0.000255	0.351660
195	0.000000	0.000000	0.000000	0.010984	0.628868	0.000066	0.010367	0.000239	0.349476
196	0.000000	0.000000	0.000000	0.011003	0.631001	0.000063	0.010142	0.000220	0.347571
197	0.000000	0.000000	0.000000	0.010861	0.633739	0.000059	0.009954	0.000213	0.345174
198	0.000000	0.000000	0.000000	0.010856	0.636472	0.000058	0.009813	0.000216	0.342585
199	0.000000	0.000000	0.000000	0.010881	0.638758	0.000062	0.009583	0.000208	0.340508
200	0.000000	0.000000	0.000000	0.010824	0.641290	0.000069	0.009519	0.000193	0.338105
201	0.000000	0.000000	0.000000	0.010867	0.643325	0.000085	0.009347	0.000169	0.336207
202	0.000000	0.000000	0.000000	0.010741	0.645911	0.000085	0.009013	0.000179	0.334071
203	0.000000	0.000000	0.000000	0.010625	0.648724	0.000087	0.008770	0.000164	0.331630
204	0.000000	0.000000	0.000000	0.010618	0.650686	0.000077	0.008577	0.000177	0.329865
205	0.000000	0.000000	0.000000	0.010480	0.653500	0.000083	0.008397	0.000189	0.327351
206	0.000000	0.000000	0.000000	0.010402	0.655602	0.000089	0.008145	0.000190	0.325572
207	0.000000	0.000000	0.000000	0.010351	0.657768	0.000080	0.007950	0.000182	0.323669
208	0.000000	0.000000	0.000000	0.010229	0.660322	0.000078	0.007755	0.000184	0.321432
209	0.000000	0.000000	0.000000	0.010168	0.662407	0.000082	0.007690	0.000186	0.319467
210	0.000000	0.000000	0.000000	0.010111	0.664942	0.000081	0.007526	0.000194	0.317146
211	0.000000	0.000000	0.000000	0.010138	0.666982	0.000077	0.007319	0.000184	0.315300
212	0.000000	0.000000	0.000000	0.010131	0.669343	0.000077	0.007200	0.000174	0.313075
213	0.000000	0.000000	0.000000	0.010234	0.671665	0.000071	0.007078	0.000175	0.310777
214	0.000000	0.000000	0.000000	0.010030	0.673906	0.000081	0.006936	0.000160	0.308887
215	0.000000	0.000000	0.000000	0.009993	0.676120	0.000074	0.006857	0.000170	0.306786
216	0.000000	0.000000	0.000000	0.009828	0.678316	0.000091	0.006635	0.000153	0.304977
217	0.000000	0.000000	0.000000	0.009702	0.680925	0.000091	0.006548	0.000149	0.302585
218	0.000000	0.000000	0.000000	0.009620	0.682825	0.000094	0.006399	0.000129	0.300933
219	0.000000	0.000000	0.000000	0.009487	0.685432	0.000095	0.006320	0.000114	0.298552
220	0.000000	0.000000	0.000000	0.009563	0.687834	0.000095	0.006136	0.000117	0.296255
221	0.000000	0.000000	0.000000	0.009528	0.690181	0.000093	0.006069	0.000113	0.294016
222	0.000000	0.000000	0.000000	0.009542	0.692098	0.000093	0.005967	0.000103	0.292197
223	0.000000	0.000000	0.000000	0.009595	0.694294	0.000088	0.005853	0.000105	0.290065
224	0.000000	0.000000	0.000000	0.009635	0.696757	0.000072	0.005826	0.000112	0.287598
225	0.000000	0.000000	0.000000	0.009613	0.699013	0.000088	0.005584	0.000095	0.285607
226	0.000000	0.000000	0.000000	0.009672	0.700710	0.000096	0.005557	0.000098	0.283867
227	0.000000	0.000000	0.000000	0.009532	0.703030	0.000098	0.005445	0.000088	0.281807
228	0.000000	0.000000	0.000000	0.009499	0.704902	0.000096	0.005366	0.000091	0.280046
229	0.000000	0.000000	0.000000	0.009486	0.707152	0.000091	0.005293	0.000088	0.277890
230	0.000000	0.000000	0.000000	0.009305	0.709214	0.000102	0.005166	0.000087	0.276126
231	0.000000	0.000000	0.000000	0.009274	0.711455	0.000117	0.005114	0.000093	0.273947
232	0.000000	0.000000	0.000000	0.009298	0.713575	0.000107	0.005028	0.000082	0.271910
233	0.000000	0.000000	0.000000	0.009186	0.715763	0.000103	0.004891	0.000098	0.269959
234	0.000000	0.000000	0.000000	0.009136	0.717915	0.000099	0.004784	0.000096	0.267970
235	0.000000	0.000000	0.000000	0.009242	0.719485	0.000102	0.004535	0.000086	0.266550
236	0.000000	0.000000	0.000000	0.009300	0.721385	0.000096	0.004490	0.000080	0.264649
237	0.000000	0.000000	0.000000	0.009303	0.723273	0.000094	0.004344	0.000078	0.262908
238	0.000000	0.000000	0.000000	0.009286	0.725243	0.000089	0.004352	0.000078	0.260952
239	0.000000	0.000000	0.000000	0.009262	0.727183	0.000093	0.004299	0.000074	0.259089
240	0.000000	0.000000	0.000000	0.009253	0.729169	0.000094	0.004248	0.000086	0.257150
241	0.000000	0.000000	0.000000	0.009289	0.731199	0.000083	0.004265	0.000079	0.255085
242	0.000000	0.000000	0.000000	0.009207	0.733643	0.000069	0.004219	0.000069	0.252793
243	0.000000	0.000000	0.000000	0.009316	0.735525	0.000080	0.004273	0.000080	0.250726
244	0.000000	0.000000	0.000000	0.009291	0.737764	0.000082	0.004200	0.000075	0.248588
245	0.000000	0.000000	0.000000	0.009386	0.739194	0.000076	0.004136	0.000062	0.247146
246	0.000000	0.000000	0.000000	0.009389	0.741077	0.000079	0.004111	0.000054	0.245290
247	0.000000	0.000000	0.000000	0.009303	0.743063	0.000073	0.004061	0.000062	0.243438
248	0.000000	0.000000	0.000000	0.009376	0.744851	0.000083	0.004017	0.000069	0.241604
249	0.000000	0.000000	0.000000	0.009253	0.747093	0.000088	0.003903	0.000059	0.239604
250	0.000000	0.000000	0.000000	0.009177	0.748616	0.000095	0.003870	0.000047	0.238195
251	0.000000	0.000000	0.000000	0.009112	0.750738	0.000081	0.003857	0.000047	0.236165
252	0.000000	0.000000	0.000000	0.009085	0.752485	0.000091	0.003812	0.000057	0.234470
253	0.000000	0.000000	0.000000	0.009057	0.754447	0.000095	0.003807	0.000054	0.232540
254	0.000000	0.000000	0.000000	0.009126	0.756127	0.000085	0.003734	0.000055	0.230873
255	0.000000	0.000000	0.000000	0.009073	0.758177	0.000077	0.003619	0.000044	0.229010
256	0.000000	0.000000	0.000000	0.009111	0.759999	0.000069	0.003526	0.000042	0.227253
257	0.000000	0.000000	0.000000	0.009153	0.761636	0.000076	0.003437	0.000051	0.225647
258	0.000000	0.000000	0.000000	0.009255	0.763745	0.000065	0.003376	0.000046	0.223513
259	0.000000	0.000000	0.000000	0.009153	0.765598	0.000073	0.003419	0.000041	0.221716
260	0.000000	0.000000	0.000000	0.009206	0.767038	0.000071	0.003347	0.000044	0.220294
261	0.000000	0.000000	0.000000	0.009145	0.768844	0.000060	0.003330	0.000037	0.218584
262	0.000000	0.000000	0.000000	0.009139	0.770756	0.000057	0.003291	0.000039	0.216718
263	0.000000	0.000000	0.000000	0.009214	0.772159	0.000064	0.003215	0.000038	0.215310
264	0.000000	0.000000	0.000000	0.009224	0.774167	0.000062	0.003160	0.000036	0.213351
265	0.000000	0.000000	0.000000	0.009115	0.776057	0.000052	0.003104	0.000039	0.211633
266	0.000000	0.000000	0.000000	0.009154	0.777461	0.000066	0.003075	0.000031	0.210213
267	0.000000	0.000000	0.000000	0.009000	0.779371	0.000062	0.003012	0.000030	0.208525
268	0.000000	0.000000	0.000000	0.008939	0.781254	0.000065	0.002901	0.000032	0.206809
269	0.000000	0.000000	0.000000	0.008961	0.782848	0.000061	0.002883	0.000038	0.205209
270	0.000000	0.000000	0.000000	0.009013	0.784311	0.000059	0.002806	0.000028	0.203783
271	0.000000	0.000000	0.000000	0.008971	0.786009	0.000076	0.002736	0.000024	0.202184
272	0.000000	0.000000	0.000000	0.008857	0.787868	0.000087	0.002675	0.000024	0.200489
273	0.000000	0.000000	0.000000	0.008865	0.789367	0.000085	0.002646	0.000019	0.199018
274	0.000000	0.000000	0.000000	0.008726	0.791390	0.000088	0.002539	0.000013	0.197244
275	0.000000	0.000000	0.000000	0.008786	0.793012	0.000083	0.002557	0.000016	0.195546
276	0.000000	0.000000	0.000000	0.008837	0.794660	0.000078	0.002533	0.000013	0.193879
277	0.000000	0.000000	0.000000	0.008995	0.796024	0.000068	0.002520	0.000011	0.192382
278	0.000000	0.000000	0.000000	0.008805	0.798023	0.000085	0.002496	0.000013	0.190578
279	0.000000	0.000000	0.000000	0.008826	0.799903	0.000088	0.002491	0.000015	0.188677
280	0.000000	0.000000	0.000000	0.008797	0.801380	0.000080	0.002470	0.000013	0.187260
281	0.000000	0.000000	0.000000	0.008664	0.803026	0.000085	0.002404	0.000009	0.185812
282	0.000000	0.000000	0.000000	0.008594	0.804453	0.000089	0.002440	0.000012	0.184412
283	0.000000	0.000000	0.000000	0.008524	0.806413	0.000082	0.002363	0.000012	0.182606
284	0.000000	0.000000	0.000000	0.008599	0.807835	0.000077	0.002328	0.000013	0.181148
285	0.000000	0.000000	0.000000	0.008630	0.809194	0.000077	0.002299	0.000009	0.179791
286	0.000000	0.000000	0.000000	0.008498	0.811016	0.000071	0.002221	0.000006	0.178188
287	0.000000	0.000000	0.000000	0.008436	0.812807	0.000063	0.002132	0.000004	0.176558
288	0.000000	0.000000	0.000000	0.008515	0.814306	0.000077	0.002068	0.000004	0.175030
289	0.000000	0.000000	0.000000	0.008554	0.815460	0.000063	0.002003	0.000002	0.173918
290	0.000000	0.000000	0.000000	0.008589	0.816777	0.000062	0.001971	0.000000	0.172601
291	0.000000	0.000000	0.000000	0.008452	0.818641	0.000058	0.001931	0.000000	0.170918
292	0.000000	0.000000	0.000000	0.008428	0.820037	0.000065	0.001882	0.000000	0.169588
293	0.000000	0.000000	0.000000	0.008512	0.821234	0.000058	0.001819	0.000000	0.168377
294	0.000000	0.000000	0.000000	0.008613	0.822554	0.000049	0.001805	0.000000	0.166979
295	0.000000	0.000000	0.000000	0.008608	0.823842	0.000050	0.001798	0.000000	0.165702
296	0.000000	0.000000	0.000000	0.008647	0.825320	0.000041	0.001800	0.000000	0.164192
297	0.000000	0.000000	0.000000	0.008523	0.826888	0.000046	0.001782	0.000000	0.162761
298	0.000000	0.000000	0.000000	0.008515	0.828334	0.000044	0.001749	0.000000	0.161358
299	0.000000	0.000000	0.000000	0.008559	0.830155	0.000045	0.001698	0.000000	0.159543
300	0.000000	0.000000	0.000000	0.008617	0.831415	0.000041	0.001650	0.000000	0.158277
301	0.000000	0.000000	0.000000	0.008523	0.833006	0.000045	0.001584	0.000000	0.156842
302	0.000000	0.000000	0.000000	0.008561	0.834527	0.000041	0.001579	0.000000	0.155292
303	0.000000	0.000000	0.000000	0.008480	0.836153	0.000035	0.001491	0.000000	0.153841
304	0.000000	0.000000	0.000000	0.008439	0.837663	0.000034	0.001467	0.000000	0.152397
305	0.000000	0.000000	0.000000	0.008500	0.838703	0.000032	0.001462	0.000000	0.151303
306	0.000000	0.000000	0.000000	0.008520	0.839725	0.000028	0.001413	0.000000	0.150314
307	0.000000	0.000000	0.000000	0.008551	0.841215	0.000025	0.001437	0.000000	0.148772
308	0.000000	0.000000	0.000000	0.008512	0.842353	0.000030	0.001423	0.000000	0.147682
309	0.000000	0.000000	0.000000	0.008444	0.843892	0.000032	0.001363	0.000000	0.146269
310	0.000000	0.000000	0.000000	0.008380	0.845075	0.000026	0.001368	0.000000	0.145151
311	0.000000	0.000000	0.000000	0.008418	0.846355	0.000033	0.001262	0.000000	0.143932
312	0.000000	0.000000	0.000000	0.008421	0.847513	0.000032	0.001257	0.000000	0.142777
313	0.000000	0.000000	0.000000	0.008342	0.848985	0.000034	0.001206	0.000000	0.141433
314	0.000000	0.000000	0.000000	0.008417	0.850153	0.000040	0.001193	0.000000	0.140197
315	0.000000	0.000000	0.000000	0.008368	0.851304	0.000036	0.001214	0.000000	0.139078
316	0.000000	0.000000	0.000000	0.008425	0.852465	0.000037	0.001163	0.000000	0.137910
317	0.000000	0.000000	0.000000	0.008520	0.853492	0.000035	0.001178	0.000000	0.136775
318	0.000000	0.000000	0.000000	0.008416	0.854743	0.000040	0.001147	0.000000	0.135654
319	0.000000	0.000000	0.000000	0.008444	0.855631	0.000032	0.001129	0.000000	0.134764
320	0.000000	0.000000	0.000000	0.008362	0.857144	0.000031	0.001086	0.000000	0.133377
321	0.000000	0.000000	0.000000	0.008356	0.858335	0.000030	0.001088	0.000000	0.132191
322	0.000000	0.000000	0.000000	0.008369	0.859732	0.000043	0.001062	0.000000	0.130794
323	0.000000	0.000000	0.000000	0.008274	0.861098	0.000033	0.001075	0.000000	0.129520
324	0.000000	0.000000	0.000000	0.008289	0.862186	0.000035	0.001089	0.000000	0.128401
325	0.000000	0.000000	0.000000	0.008304	0.863207	0.000037	0.001119	0.000000	0.127333
326	0.000000	0.000000	0.000000	0.008305	0.864575	0.000033	0.001075	0.000000	0.126012
327	0.000000	0.000000	0.000000	0.008287	0.865731	0.000031	0.001082	0.000000	0.124869
328	0.000000	0.000000	0.000000	0.008169	0.867134	0.000034	0.001040	0.000000	0.123623
329	0.000000	0.000000	0.000000	0.008180	0.868552	0.000035	0.001035	0.000000	0.122198
330	0.000000	0.000000	0.000000	0.008281	0.869413	0.000030	0.001010	0.000000	0.121266
331	0.000000	0.000000	0.000000	0.008222	0.870557	0.000025	0.000940	0.000000	0.120256
332	0.000000	0.000000	0.000000	0.008157	0.871752	0.000030	0.000916	0.000000	0.119145
333	0.000000	0.000000	0.000000	0.008193	0.872948	0.000032	0.000889	0.000000	0.117938
334	0.000000	0.000000	0.000000	0.008181	0.874229	0.000032	0.000865	0.000000	0.116693
335	0.000000	0.000000	0.000000	0.008281	0.875129	0.000029	0.000833	0.000000	0.115728
336	0.000000	0.000000	0.000000	0.008185	0.876339	0.000037	0.000795	0.000000	0.114644
337	0.000000	0.000000	0.000000	0.008186	0.877687	0.000034	0.000748	0.000000	0.113345
338	0.000000	0.000000	0.000000	0.008228	0.878716	0.000037	0.000732	0.000000	0.112287
339	0.000000	0.000000	0.000000	0.008178	0.879877	0.000040	0.000700	0.000000	0.111205
340	0.000000	0.000000	0.000000	0.008134	0.880874	0.000043	0.000675	0.000000	0.110274
341	0.000000	0.000000	0.000000	0.008161	0.881657	0.000034	0.000656	0.000000	0.109492
342	0.000000	0.000000	0.000000	0.008152	0.882900	0.000032	0.000668	0.000000	0.108248
343	0.000000	0.000000	0.000000	0.008108	0.883960	0.000024	0.000632	0.000000	0.107276
344	0.000000	0.000000	0.000000	0.008129	0.884785	0.000033	0.000670	0.000000	0.106383
345	0.000000	0.000000	0.000000	0.008138	0.885965	0.000030	0.000641	0.000000	0.105226
346	0.000000	0.000000	0.000000	0.008139	0.887489	0.000031	0.000603	0.000000	0.103738
347	0.000000	0.000000	0.000000	0.008241	0.888465	0.000026	0.000570	0.000000	0.102698
348	0.000000	0.000000	0.000000	0.008199	0.889516	0.000024	0.000550	0.000000	0.101711
349	0.000000	0.000000	0.000000	0.008073	0.890501	0.000025	0.000512	0.000000	0.100889
350	0.000000	0.000000	0.000000	0.008034	0.891767	0.000024	0.000524	0.000000	0.099651
351	0.000000	0.000000	0.000000	0.008002	0.892801	0.000024	0.000532	0.000000	0.098641
352	0.000000	0.000000	0.000000	0.007975	0.893554	0.000022	0.000504	0.000000	0.097945
353	0.000000	0.000000	0.000000	0.008016	0.894234	0.000019	0.000490	0.000000	0.097241
354	0.000000	0.000000	0.000000	0.007999	0.895361	0.000026	0.000475	0.000000	0.096139
355	0.000000	0.000000	0.000000	0.007945	0.896340	0.000019	0.000455	0.000000	0.095241
356	0.000000	0.000000	0.000000	0.007933	0.897347	0.000017	0.000439	0.000000	0.094264
357	0.000000	0.000000	0.000000	0.008003	0.898226	0.000018	0.000414	0.000000	0.093339
358	0.000000	0.000000	0.000000	0.007990	0.899102	0.000011	0.000393	0.000000	0.092504
359	0.000000	0.000000	0.000000	0.007961	0.899998	0.000015	0.000413	0.000000	0.091613
360	0.000000	0.000000	0.000000	0.007910	0.901145	0.000010	0.000406	0.000000	0.090529
361	0.000000	0.000000	0.000000	0.007927	0.901973	0.000015	0.000387	0.000000	0.089698
362	0.000000	0.000000	0.000000	0.007931	0.903066	0.000017	0.000335	0.000000	0.088651
363	0.000000	0.000000	0.000000	0.007903	0.904185	0.000012	0.000342	0.000000	0.087558
364	0.000000	0.000000	0.000000	0.007898	0.904968	0.000009	0.000323	0.000000	0.086802
365	0.000000	0.000000	0.000000	0.008044	0.905916	0.000010	0.000300	0.000000	0.085730
366	0.000000	0.000000	0.000000	0.008051	0.906478	0.000013	0.000274	0.000000	0.085184
367	0.000000	0.000000	0.000000	0.008063	0.907453	0.000010	0.000290	0.000000	0.084184
368	0.000000	0.000000	0.000000	0.007964	0.908350	0.000007	0.000295	0.000000	0.083384
369	0.000000	0.000000	0.000000	0.007863	0.909303	0.000006	0.000299	0.000000	0.082529
370	0.000000	0.000000	0.000000	0.007848	0.910361	0.000007	0.000301	0.000000	0.081483
371	0.000000	0.000000	0.000000	0.007894	0.911129	0.000002	0.000313	0.000000	0.080662
372	0.000000	0.000000	0.000000	0.007759	0.912111	0.000004	0.000297	0.000000	0.079829
373	0.000000	0.000000	0.000000	0.007864	0.912754	0.000003	0.000316	0.000000	0.079063
374	0.000000	0.000000	0.000000	0.007918	0.913739	0.000005	0.000311	0.000000	0.078027
375	0.000000	0.000000	0.000000	0.007933	0.914615	0.000005	0.000300	0.000000	0.077147
376	0.000000	0.000000	0.000000	0.007954	0.915402	0.000003	0.000302	0.000000	0.076339
377	0.000000	0.000000	0.000000	0.007931	0.916218	0.000005	0.000293	0.000000	0.075553
378	0.000000	0.000000	0.000000	0.007986	0.917037	0.000005	0.000296	0.000000	0.074676
379	0.000000	0.000000	0.000000	0.007898	0.917782	0.000006	0.000268	0.000000	0.074046
380	0.000000	0.000000	0.000000	0.007763	0.918852	0.000004	0.000263	0.000000	0.073118
381	0.000000	0.000000	0.000000	0.007829	0.919512	0.000005	0.000252	0.000000	0.072402
382	0.000000	0.000000	0.000000	0.007738	0.920509	0.000008	0.000258	0.000000	0.071487
383	0.000000	0.000000	0.000000	0.007798	0.921307	0.000005	0.000247	0.000000	0.070643
384	0.000000	0.000000	0.000000	0.007765	0.921865	0.000006	0.000244	0.000000	0.070120
385	0.000000	0.000000	0.000000	0.007782	0.922796	0.000009	0.000222	0.000000	0.069191
386	0.000000	0.000000	0.000000	0.007879	0.923545	0.000010	0.000220	0.000000	0.068346
387	0.000000	0.000000	0.000000	0.007821	0.924367	0.000009	0.000218	0.000000	0.067585
388	0.000000	0.000000	0.000000	0.007848	0.924978	0.000012	0.000207	0.000000	0.066955
389	0.000000	0.000000	0.000000	0.007893	0.925885	0.000010	0.000203	0.000000	0.066009
390	0.000000	0.000000	0.000000	0.007877	0.926622	0.000005	0.000205	0.000000	0.065291
391	0.000000	0.000000	0.000000	0.007802	0.927348	0.000008	0.000196	0.000000	0.064646
392	0.000000	0.000000	0.000000	0.007817	0.928079	0.000006	0.000188	0.000000	0.063910
393	0.000000	0.000000	0.000000	0.007875	0.928667	0.000009	0.000187	0.000000	0.063262
394	0.000000	0.000000	0.000000	0.007841	0.929387	0.000009	0.000189	0.000000	0.062574
395	0.000000	0.000000	0.000000	0.007705	0.930154	0.000009	0.000178	0.000000	0.061954
396	0.000000	0.000000	0.000000	0.007682	0.930864	0.000013	0.000189	0.000000	0.061252
397	0.000000	0.000000	0.000000	0.007769	0.931462	0.000012	0.000190	0.000000	0.060567
398	0.000000	0.000000	0.000000	0.007823	0.932076	0.000009	0.000169	0.000000	0.059923
399	0.000000	0.000000	0.000000	0.007788	0.932885	0.000011	0.000156	0.000000	0.059160
400	0.000000	0.000000	0.000000	0.007850	0.933555	0.000009	0.000146	0.000000	0.058440
401	0.000000	0.000000	0.000000	0.007892	0.934290	0.000014	0.000146	0.000000	0.057658
402	0.000000	0.000000	0.000000	0.007900	0.935097	0.000009	0.000139	0.000000	0.056855
403	0.000000	0.000000	0.000000	0.007985	0.935505	0.000008	0.000120	0.000000	0.056382
404	0.000000	0.000000	0.000000	0.008079	0.935992	0.000011	0.000107	0.000000	0.055811
405	0.000000	0.000000	0.000000	0.007998	0.936722	0.000014	0.000120	0.000000	0.055146
406	0.000000	0.000000	0.000000	0.007986	0.937422	0.000013	0.000127	0.000000	0.054452
407	0.000000	0.000000	0.000000	0.007890	0.938194	0.000012	0.000133	0.000000	0.053771
408	0.000000	0.000000	0.000000	0.007977	0.938678	0.000008	0.000133	0.000000	0.053204
409	0.000000	0.000000	0.000000	0.008026	0.939276	0.000008	0.000128	0.000000	0.052562
410	0.000000	0.000000	0.000000	0.007959	0.939975	0.000006	0.000134	0.000000	0.051926
411	0.000000	0.000000	0.000000	0.008031	0.940326	0.000006	0.000122	0.000000	0.051515
412	0.000000	0.000000	0.000000	0.007953	0.941112	0.000004	0.000119	0.000000	0.050812
413	0.000000	0.000000	0.000000	0.007985	0.941586	0.000004	0.000133	0.000000	0.050292
414	0.000000	0.000000	0.000000	0.007988	0.942116	0.000002	0.000130	0.000000	0.049764
415	0.000000	0.000000	0.000000	0.007924	0.942966	0.000004	0.000119	0.000000	0.048987
416	0.000000	0.000000	0.000000	0.007903	0.943462	0.000006	0.000109	0.000000	0.048520
417	0.000000	0.000000	0.000000	0.007849	0.943911	0.000006	0.000108	0.000000	0.048126
418	0.000000	0.000000	0.000000	0.007895	0.944417	0.000007	0.000095	0.000000	0.047586
419	0.000000	0.000000	0.000000	0.007968	0.944710	0.000007	0.000112	0.000000	0.047203
420	0.000000	0.000000	0.000000	0.007946	0.945407	0.000007	0.000116	0.000000	0.046524
421	0.000000	0.000000	0.000000	0.008064	0.945808	0.000010	0.000122	0.000000	0.045996
422	0.000000	0.000000	0.000000	0.008041	0.946350	0.000007	0.000112	0.000000	0.045490
423	0.000000	0.000000	0.000000	0.008016	0.947053	0.000012	0.000107	0.000000	0.044812
424	0.000000	0.000000	0.000000	0.008062	0.947727	0.000010	0.000119	0.000000	0.044082
425	0.000000	0.000000	0.000000	0.008047	0.948252	0.000011	0.000121	0.000000	0.043569
426	0.000000	0.000000	0.000000	0.008023	0.948885	0.000011	0.000109	0.000000	0.042972
427	0.000000	0.000000	0.000000	0.008094	0.949254	0.000014	0.000113	0.000000	0.042525
428	0.000000	0.000000	0.000000	0.008145	0.949571	0.000018	0.000123	0.000000	0.042143
429	0.000000	0.000000	0.000000	0.008099	0.950202	0.000013	0.000132	0.000000	0.041554
430	0.000000	0.000000	0.000000	0.008176	0.950770	0.000013	0.000127	0.000000	0.040914
431	0.000000	0.000000	0.000000	0.008179	0.951174	0.000017	0.000113	0.000000	0.040517
432	0.000000	0.000000	0.000000	0.008173	0.951648	0.000018	0.000100	0.000000	0.040061
433	0.000000	0.000000	0.000000	0.008186	0.952105	0.000015	0.000099	0.000000	0.039595
434	0.000000	0.000000	0.000000	0.008103	0.952632	0.000017	0.000093	0.000000	0.039155
435	0.000000	0.000000	0.000000	0.008099	0.953156	0.000019	0.000087	0.000000	0.038639
436	0.000000	0.000000	0.000000	0.008153	0.953512	0.000013	0.000079	0.000000	0.038243
437	0.000000	0.000000	0.000000	0.008203	0.953922	0.000022	0.000073	0.000000	0.037780
438	0.000000	0.000000	0.000000	0.008091	0.954524	0.000021	0.000071	0.000000	0.037293
439	0.000000	0.000000	0.000000	0.008033	0.955026	0.000018	0.000070	0.000000	0.036853
440	0.000000	0.000000	0.000000	0.008061	0.955639	0.000018	0.000067	0.000000	0.036215
441	0.000000	0.000000	0.000000	0.008095	0.956171	0.000016	0.000069	0.000000	0.035649
442	0.000000	0.000000	0.000000	0.008073	0.956564	0.000019	0.000075	0.000000	0.035269
443	0.000000	0.000000	0.000000	0.008029	0.957128	0.000020	0.000074	0.000000	0.034749
444	0.000000	0.000000	0.000000	0.008067	0.957411	0.000021	0.000069	0.000000	0.034432
445	0.000000	0.000000	0.000000	0.008077	0.957908	0.000024	0.000056	0.000000	0.033935
446	0.000000	0.000000	0.000000	0.008070	0.958308	0.000021	0.000051	0.000000	0.033550
447	0.000000	0.000000	0.000000	0.007961	0.958819	0.000017	0.000050	0.000000	0.033153
448	0.000000	0.000000	0.000000	0.007864	0.959381	0.000015	0.000053	0.000000	0.032687
449	0.000000	0.000000	0.000000	0.007900	0.959667	0.000012	0.000047	0.000000	0.032374
450	0.000000	0.000000	0.000000	0.007760	0.960176	0.000009	0.000047	0.000000	0.032008
451	0.000000	0.000000	0.000000	0.007827	0.960558	0.000011	0.000046	0.000000	0.031558
452	0.000000	0.000000	0.000000	0.007823	0.960892	0.000008	0.000045	0.000000	0.031232
453	0.000000	0.000000	0.000000	0.007775	0.961408	0.000012	0.000041	0.000000	0.030764
454	0.000000	0.000000	0.000000	0.007790	0.961706	0.000009	0.000036	0.000000	0.030459
455	0.000000	0.000000	0.000000	0.007890	0.962162	0.000011	0.000035	0.000000	0.029902
456	0.000000	0.000000	0.000000	0.007884	0.962594	0.000008	0.000030	0.000000	0.029484
457	0.000000	0.000000	0.000000	0.007933	0.963053	0.000017	0.000032	0.000000	0.028965
458	0.000000	0.000000	0.000000	0.007960	0.963393	0.000016	0.000031	0.000000	0.028600
459	0.000000	0.000000	0.000000	0.007987	0.963771	0.000014	0.000038	0.000000	0.028190
460	0.000000	0.000000	0.000000	0.007953	0.964171	0.000020	0.000034	0.000000	0.027822
461	0.000000	0.000000	0.000000	0.007946	0.964417	0.000019	0.000032	0.000000	0.027586
462	0.000000	0.000000	0.000000	0.007936	0.964762	0.000016	0.000023	0.000000	0.027263
463	0.000000	0.000000	0.000000	0.007909	0.965141	0.000015	0.000022	0.000000	0.026913
464	0.000000	0.000000	0.000000	0.007986	0.965436	0.000017	0.000026	0.000000	0.026535
465	0.000000	0.000000	0.000000	0.007997	0.965924	0.000024	0.000022	0.000000	0.026033
466	0.000000	0.000000	0.000000	0.008022	0.966301	0.000022	0.000016	0.000000	0.025639
467	0.000000	0.000000	0.000000	0.008017	0.966733	0.000021	0.000015	0.000000	0.025214
468	0.000000	0.000000	0.000000	0.008054	0.966994	0.000021	0.000017	0.000000	0.024914
469	0.000000	0.000000	0.000000	0.008123	0.967323	0.000014	0.000018	0.000000	0.024522
470	0.000000	0.000000	0.000000	0.008109	0.967665	0.000011	0.000018	0.000000	0.024197
