0	0.290663	0.057897	0.229473	0.157588	0.029913	0.111872	0.085455	0.012259	0.024880
1	0.244777	0.050093	0.208128	0.135479	0.027827	0.115533	0.111783	0.021521	0.084859
2	0.255159	0.051830	0.215930	0.126206	0.027503	0.109143	0.106059	0.020433	0.087737
3	0.271629	0.054233	0.226078	0.117780	0.027507	0.101218	0.097200	0.018487	0.085868
4	0.288354	0.055886	0.236132	0.109779	0.027077	0.093921	0.089157	0.016458	0.083236
5	0.305227	0.057474	0.245007	0.101851	0.027249	0.087192	0.081109	0.014910	0.079981
6	0.321890	0.058981	0.253341	0.094517	0.027270	0.080082	0.073925	0.013320	0.076674
7	0.337849	0.060566	0.260625	0.087813	0.027127	0.073906	0.066665	0.011883	0.073566
8	0.353387	0.061935	0.268542	0.080661	0.027086	0.067385	0.060128	0.010432	0.070444
9	0.368403	0.063209	0.275289	0.074186	0.027047	0.061681	0.053652	0.009289	0.067244
10	0.383792	0.064104	0.281145	0.068041	0.026762	0.055898	0.048363	0.008187	0.063708
11	0.397115	0.065087	0.286532	0.062263	0.026684	0.051290	0.043485	0.007284	0.060260
12	0.410141	0.065820	0.291880	0.056888	0.026516	0.046771	0.038721	0.006379	0.056884
13	0.422979	0.066885	0.295568	0.051758	0.026377	0.042540	0.034412	0.005590	0.053891
14	0.434574	0.067650	0.299591	0.047208	0.026135	0.038517	0.030530	0.004950	0.050845
15	0.445491	0.068114	0.303137	0.043231	0.026130	0.034930	0.027113	0.004451	0.047403
16	0.455319	0.068396	0.306182	0.039641	0.026052	0.031672	0.024023	0.003891	0.044824
17	0.464888	0.068419	0.309035	0.036245	0.025958	0.028849	0.021232	0.003452	0.041922
18	0.472840	0.068757	0.312114	0.033005	0.026110	0.026018	0.018772	0.002953	0.039431
19	0.481036	0.068758	0.314160	0.029988	0.025822	0.023754	0.016648	0.002610	0.037224
20	0.488004	0.068922	0.316374	0.027191	0.025981	0.021589	0.014708	0.002250	0.034981
21	0.494509	0.068698	0.318804	0.024946	0.025914	0.019679	0.012919	0.001986	0.032545
22	0.500731	0.068962	0.320323	0.022611	0.025776	0.017951	0.011457	0.001773	0.030416
23	0.505997	0.068840	0.322280	0.020623	0.025690	0.016432	0.009941	0.001552	0.028645
24	0.511366	0.068825	0.323694	0.018621	0.025619	0.014961	0.008616	0.001438	0.026860
25	0.515469	0.068939	0.325627	0.017093	0.025338	0.013442	0.007695	0.001264	0.025133
26	0.519651	0.068545	0.326680	0.015916	0.025294	0.012218	0.006982	0.001081	0.023633
27	0.523832	0.068011	0.327822	0.014558	0.025391	0.011209	0.006136	0.000979	0.022062
28	0.527796	0.067701	0.328799	0.013344	0.025339	0.010255	0.005379	0.000904	0.020483
29	0.531620	0.067551	0.329559	0.012163	0.025261	0.009272	0.004722	0.000785	0.019067
30	0.535067	0.067403	0.329879	0.011083	0.025494	0.008536	0.004160	0.000676	0.017702
31	0.537897	0.067253	0.330930	0.010144	0.025348	0.007682	0.003719	0.000553	0.016474
32	0.541373	0.066973	0.330683	0.009231	0.025426	0.007046	0.003295	0.000525	0.015448
33	0.544060	0.066809	0.331096	0.008354	0.025465	0.006511	0.002908	0.000464	0.014333
34	0.545666	0.066685	0.331804	0.007708	0.025653	0.006005	0.002564	0.000414	0.013501
35	0.547918	0.066285	0.332013	0.007233	0.025804	0.005599	0.002196	0.000380	0.012572
36	0.549809	0.065436	0.333368	0.006614	0.025660	0.005096	0.002000	0.000315	0.011702
37	0.551619	0.065330	0.333363	0.006141	0.025814	0.004642	0.001798	0.000283	0.011010
38	0.553065	0.065207	0.333799	0.005677	0.025808	0.004270	0.001590	0.000242	0.010342
39	0.554116	0.064727	0.334374	0.005326	0.026104	0.004077	0.001385	0.000228	0.009663
40	0.555709	0.064194	0.334967	0.004911	0.026083	0.003799	0.001213	0.000230	0.008894
41	0.556260	0.064136	0.335746	0.004527	0.026150	0.003510	0.001090	0.000198	0.008383
42	0.557869	0.063943	0.335247	0.004363	0.026262	0.003264	0.000939	0.000170	0.007943
43	0.558084	0.063997	0.336014	0.003985	0.026462	0.002966	0.000827	0.000148	0.007517
44	0.559645	0.063812	0.335485	0.003777	0.026534	0.002774	0.000747	0.000131	0.007095
45	0.560551	0.063304	0.336031	0.003430	0.026658	0.002615	0.000662	0.000111	0.006638
46	0.561099	0.063027	0.336454	0.003221	0.026764	0.002391	0.000547	0.000101	0.006396
47	0.561788	0.062678	0.336644	0.003081	0.026942	0.002277	0.000504	0.000081	0.006005
48	0.562449	0.062954	0.336486	0.002962	0.026784	0.002219	0.000467	0.000066	0.005613
49	0.563566	0.062584	0.336403	0.002724	0.026881	0.002126	0.000439	0.000071	0.005206
50	0.563236	0.062370	0.337182	0.002580	0.027290	0.001951	0.000361	0.000074	0.004956
51	0.564014	0.062103	0.336877	0.002360	0.027644	0.001872	0.000324	0.000060	0.004746
52	0.564575	0.061868	0.337213	0.002260	0.027701	0.001689	0.000288	0.000060	0.004346
53	0.565100	0.061765	0.337242	0.002142	0.027730	0.001632	0.000257	0.000056	0.004076
54	0.565766	0.061377	0.337155	0.002028	0.027895	0.001571	0.000240	0.000054	0.003914
55	0.565492	0.061298	0.337828	0.001914	0.028038	0.001477	0.000213	0.000055	0.003685
56	0.565604	0.060942	0.338157	0.001837	0.028392	0.001440	0.000188	0.000047	0.003393
57	0.566279	0.060378	0.338129	0.001749	0.028652	0.001310	0.000187	0.000033	0.003283
58	0.566527	0.060110	0.338481	0.001693	0.028725	0.001263	0.000166	0.000017	0.003018
59	0.566351	0.059606	0.339209	0.001599	0.029054	0.001185	0.000152	0.000023	0.002821
60	0.566765	0.059423	0.339150	0.001477	0.029195	0.001114	0.000147	0.000017	0.002712
61	0.567553	0.059278	0.338643	0.001405	0.029520	0.000990	0.000119	0.000014	0.002478
62	0.567377	0.059069	0.339176	0.001339	0.029571	0.000971	0.000098	0.000010	0.002389
63	0.567684	0.058572	0.339279	0.001208	0.029950	0.000936	0.000100	0.000009	0.002262
64	0.567134	0.058261	0.340035	0.001149	0.030261	0.000937	0.000088	0.000011	0.002124
65	0.567921	0.057837	0.339802	0.001114	0.030348	0.000823	0.000093	0.000011	0.002051
66	0.568332	0.057542	0.339449	0.001103	0.030809	0.000799	0.000081	0.000005	0.001880
67	0.567592	0.057668	0.340219	0.001004	0.030937	0.000728	0.000069	0.000007	0.001776
68	0.567749	0.057014	0.340705	0.001002	0.031098	0.000653	0.000064	0.000003	0.001712
69	0.568451	0.056447	0.340400	0.000999	0.031333	0.000683	0.000040	0.000006	0.001641
70	0.568399	0.056552	0.340531	0.000926	0.031409	0.000638	0.000044	0.000005	0.001496
71	0.568785	0.056060	0.340561	0.000852	0.031634	0.000615	0.000042	0.000003	0.001448
72	0.569874	0.055614	0.339749	0.000819	0.031965	0.000564	0.000035	0.000003	0.001377
73	0.570166	0.055019	0.340252	0.000817	0.031947	0.000536	0.000028	0.000008	0.001227
74	0.570928	0.054576	0.339943	0.000727	0.032105	0.000491	0.000021	0.000008	0.001201
75	0.570909	0.054150	0.340235	0.000699	0.032421	0.000484	0.000015	0.000007	0.001080
76	0.570530	0.053961	0.340778	0.000661	0.032563	0.000445	0.000017	0.000008	0.001037
77	0.569422	0.053759	0.341899	0.000689	0.032832	0.000394	0.000019	0.000008	0.000978
78	0.569617	0.053600	0.341842	0.000614	0.032962	0.000405	0.000011	0.000005	0.000944
79	0.570020	0.053024	0.341927	0.000564	0.033153	0.000416	0.000010	0.000008	0.000878
80	0.569807	0.052746	0.342384	0.000543	0.033286	0.000398	0.000011	0.000003	0.000822
81	0.569947	0.052466	0.342282	0.000550	0.033542	0.000391	0.000012	0.000003	0.000807
82	0.570057	0.052152	0.342387	0.000499	0.033765	0.000396	0.000011	0.000006	0.000727
83	0.569885	0.051850	0.342803	0.000462	0.033935	0.000380	0.000010	0.000006	0.000669
84	0.569745	0.051676	0.342968	0.000462	0.034133	0.000346	0.000008	0.000006	0.000656
85	0.570059	0.051439	0.342782	0.000445	0.034309	0.000323	0.000006	0.000005	0.000632
86	0.569749	0.051536	0.342894	0.000433	0.034483	0.000308	0.000006	0.000004	0.000587
87	0.568993	0.051617	0.343491	0.000379	0.034669	0.000280	0.000006	0.000004	0.000561
88	0.569178	0.051360	0.343207	0.000364	0.035081	0.000275	0.000002	0.000002	0.000531
89	0.568810	0.051119	0.343646	0.000381	0.035210	0.000260	0.000005	0.000001	0.000568
90	0.568980	0.051144	0.343505	0.000347	0.035173	0.000268	0.000006	0.000002	0.000575
91	0.568271	0.050872	0.344103	0.000325	0.035562	0.000277	0.000007	0.000001	0.000582
92	0.568131	0.050491	0.344612	0.000306	0.035661	0.000262	0.000004	0.000003	0.000530
93	0.567515	0.050475	0.344985	0.000288	0.035909	0.000266	0.000003	0.000003	0.000556
94	0.568100	0.050416	0.344296	0.000274	0.036090	0.000250	0.000005	0.000004	0.000565
95	0.568147	0.050169	0.344340	0.000259	0.036283	0.000247	0.000002	0.000001	0.000552
96	0.568216	0.049681	0.344643	0.000225	0.036461	0.000250	0.000001	0.000003	0.000520
97	0.567910	0.049701	0.344984	0.000201	0.036455	0.000247	0.000003	0.000003	0.000496
98	0.568390	0.049232	0.344917	0.000203	0.036515	0.000241	0.000001	0.000003	0.000498
99	0.568493	0.049068	0.344565	0.000191	0.036993	0.000240	0.000001	0.000002	0.000447
100	0.568832	0.048548	0.344707	0.000185	0.037079	0.000224	0.000000	0.000001	0.000424
101	0.568429	0.048639	0.344812	0.000183	0.037316	0.000219	0.000001	0.000000	0.000401
102	0.568914	0.048530	0.344134	0.000182	0.037643	0.000195	0.000003	0.000000	0.000399
103	0.568882	0.048208	0.344070	0.000185	0.038072	0.000191	0.000002	0.000000	0.000390
104	0.569240	0.048097	0.343581	0.000165	0.038347	0.000191	0.000004	0.000000	0.000375
105	0.569216	0.047921	0.343660	0.000155	0.038511	0.000187	0.000004	0.000000	0.000346
106	0.568832	0.047845	0.343963	0.000160	0.038653	0.000196	0.000003	0.000000	0.000348
107	0.568741	0.047335	0.344319	0.000164	0.038912	0.000179	0.000000	0.000000	0.000350
108	0.569143	0.047129	0.343933	0.000164	0.039176	0.000144	0.000001	0.000000	0.000310
109	0.569896	0.046924	0.343272	0.000125	0.039336	0.000142	0.000000	0.000000	0.000305
110	0.569621	0.046621	0.343482	0.000121	0.039727	0.000126	0.000000	0.000000	0.000302
111	0.569974	0.046368	0.342912	0.000128	0.040214	0.000126	0.000000	0.000000	0.000278
112	0.569228	0.046193	0.343804	0.000123	0.040261	0.000128	0.000000	0.000000	0.000263
113	0.569054	0.046078	0.343631	0.000121	0.040725	0.000137	0.000000	0.000000	0.000254
114	0.569312	0.045802	0.343468	0.000107	0.040929	0.000121	0.000000	0.000000	0.000261
115	0.570039	0.045628	0.342768	0.000100	0.041101	0.000122	0.000000	0.000000	0.000242
116	0.570099	0.045327	0.342486	0.000096	0.041651	0.000107	0.000000	0.000000	0.000234
117	0.570130	0.045126	0.342663	0.000093	0.041660	0.000099	0.000000	0.000000	0.000229
118	0.570109	0.044567	0.343072	0.000094	0.041848	0.000104	0.000000	0.000000	0.000206
119	0.569946	0.044174	0.343214	0.000091	0.042275	0.000099	0.000000	0.000000	0.000201
120	0.569927	0.044418	0.342786	0.000095	0.042500	0.000080	0.000000	0.000000	0.000194
121	0.569268	0.044507	0.343125	0.000094	0.042740	0.000090	0.000000	0.000000	0.000176
122	0.569225	0.044321	0.342962	0.000079	0.043151	0.000099	0.000000	0.000000	0.000163
123	0.569244	0.044003	0.343083	0.000070	0.043344	0.000099	0.000000	0.000000	0.000157
124	0.569155	0.043792	0.343091	0.000081	0.043604	0.000114	0.000000	0.000000	0.000163
125	0.568900	0.043632	0.343525	0.000093	0.043598	0.000107	0.000000	0.000000	0.000145
126	0.568762	0.043348	0.343786	0.000084	0.043776	0.000114	0.000000	0.000000	0.000130
127	0.568140	0.043449	0.344001	0.000069	0.044121	0.000096	0.000000	0.000000	0.000124
128	0.568403	0.043300	0.343894	0.000058	0.044163	0.000084	0.000000	0.000000	0.000098
129	0.568062	0.043003	0.343923	0.000073	0.044758	0.000078	0.000000	0.000000	0.000103
130	0.567448	0.042817	0.344550	0.000059	0.044949	0.000069	0.000000	0.000000	0.000108
131	0.567909	0.042468	0.343944	0.000053	0.045456	0.000064	0.000000	0.000000	0.000106
132	0.567589	0.042203	0.344466	0.000043	0.045543	0.000057	0.000000	0.000000	0.000099
133	0.567459	0.042247	0.344388	0.000048	0.045718	0.000042	0.000000	0.000000	0.000098
134	0.567899	0.041915	0.344206	0.000048	0.045793	0.000046	0.000000	0.000000	0.000093
135	0.567751	0.042028	0.343948	0.000044	0.046111	0.000040	0.000000	0.000000	0.000078
136	0.567477	0.041707	0.344182	0.000036	0.046479	0.000044	0.000000	0.000000	0.000075
137	0.567750	0.041809	0.343565	0.000038	0.046721	0.000043	0.000000	0.000000	0.000074
138	0.567529	0.041523	0.343806	0.000039	0.046981	0.000040	0.000000	0.000000	0.000082
139	0.567390	0.041584	0.343971	0.000035	0.046902	0.000034	0.000000	0.000000	0.000084
140	0.566759	0.041535	0.344213	0.000032	0.047346	0.000024	0.000000	0.000000	0.000091
141	0.566761	0.041238	0.344100	0.000032	0.047743	0.000031	0.000000	0.000000	0.000095
142	0.565921	0.041346	0.344415	0.000031	0.048163	0.000030	0.000000	0.000000	0.000094
143	0.566296	0.040908	0.344312	0.000030	0.048336	0.000025	0.000000	0.000000	0.000093
144	0.566343	0.040826	0.344179	0.000029	0.048510	0.000030	0.000000	0.000000	0.000083
145	0.565546	0.040602	0.344789	0.000031	0.048919	0.000030	0.000000	0.000000	0.000083
146	0.565765	0.040367	0.344648	0.000029	0.049085	0.000024	0.000000	0.000000	0.000082
147	0.566405	0.040249	0.343826	0.000021	0.049391	0.000022	0.000000	0.000000	0.000086
148	0.566414	0.039959	0.343758	0.000018	0.049736	0.000029	0.000000	0.000000	0.000086
149	0.566596	0.040003	0.343278	0.000017	0.049984	0.000033	0.000000	0.000000	0.000089
150	0.566665	0.039727	0.343146	0.000020	0.050315	0.000032	0.000000	0.000000	0.000095
151	0.566691	0.039456	0.343291	0.000012	0.050420	0.000030	0.000000	0.000000	0.000100
152	0.566027	0.039068	0.344106	0.000013	0.050663	0.000029	0.000000	0.000000	0.000094
153	0.566510	0.038858	0.343691	0.000016	0.050829	0.000019	0.000000	0.000000	0.000077
154	0.566507	0.038652	0.343626	0.000020	0.051083	0.000023	0.000000	0.000000	0.000089
155	0.566175	0.038778	0.343521	0.000022	0.051382	0.000030	0.000000	0.000000	0.000092
156	0.566442	0.038539	0.343095	0.000026	0.051795	0.000024	0.000000	0.000000	0.000079
157	0.566516	0.038697	0.342564	0.000019	0.052099	0.000026	0.000000	0.000000	0.000079
158	0.565833	0.038735	0.342714	0.000027	0.052604	0.000025	0.000000	0.000000	0.000062
159	0.565946	0.038212	0.342663	0.000031	0.053062	0.000024	0.000000	0.000000	0.000062
160	0.565352	0.038102	0.343073	0.000026	0.053356	0.000025	0.000000	0.000000	0.000066
161	0.564840	0.038061	0.343186	0.000027	0.053816	0.000018	0.000000	0.000000	0.000052
162	0.564396	0.037850	0.343628	0.000030	0.054031	0.000014	0.000000	0.000000	0.000051
163	0.564280	0.037687	0.343568	0.000033	0.054358	0.000013	0.000000	0.000000	0.000061
164	0.563646	0.037584	0.343957	0.000023	0.054724	0.000015	0.000000	0.000000	0.000051
165	0.564220	0.037718	0.342905	0.000025	0.055074	0.000015	0.000000	0.000000	0.000043
166	0.564377	0.037526	0.342603	0.000022	0.055426	0.000007	0.000000	0.000000	0.000039
167	0.564259	0.037460	0.342435	0.000021	0.055780	0.000007	0.000000	0.000000	0.000038
168	0.563973	0.037149	0.342756	0.000019	0.056053	0.000012	0.000000	0.000000	0.000038
169	0.563624	0.037171	0.342603	0.000013	0.056522	0.000012	0.000000	0.000000	0.000055
170	0.563935	0.036729	0.342435	0.000012	0.056831	0.000008	0.000000	0.000000	0.000050
171	0.564178	0.036505	0.342089	0.000010	0.057164	0.000006	0.000000	0.000000	0.000048
172	0.563905	0.036485	0.342217	0.000011	0.057332	0.000008	0.000000	0.000000	0.000042
173	0.563534	0.036450	0.342298	0.000017	0.057647	0.000008	0.000000	0.000000	0.000046
174	0.562942	0.036312	0.342820	0.000021	0.057853	0.000011	0.000000	0.000000	0.000041
175	0.562740	0.036083	0.342859	0.000018	0.058242	0.000013	0.000000	0.000000	0.000045
176	0.562887	0.035846	0.342838	0.000016	0.058355	0.000018	0.000000	0.000000	0.000040
177	0.561721	0.035923	0.343515	0.000012	0.058764	0.000021	0.000000	0.000000	0.000044
178	0.562032	0.035864	0.342863	0.000014	0.059158	0.000018	0.000000	0.000000	0.000051
179	0.561661	0.035517	0.343240	0.000014	0.059501	0.000017	0.000000	0.000000	0.000050
180	0.561865	0.035769	0.342405	0.000014	0.059880	0.000018	0.000000	0.000000	0.000049
181	0.561651	0.035302	0.342724	0.000016	0.060240	0.000018	0.000000	0.000000	0.000049
182	0.561190	0.035263	0.343013	0.000017	0.060453	0.000016	0.000000	0.000000	0.000048
183	0.560964	0.035129	0.342865	0.000024	0.060953	0.000019	0.000000	0.000000	0.000046
184	0.561036	0.034714	0.343218	0.000029	0.060939	0.000021	0.000000	0.000000	0.000043
185	0.560658	0.034598	0.343338	0.000025	0.061320	0.000028	0.000000	0.000000	0.000033
186	0.560560	0.034498	0.343402	0.000028	0.061437	0.000027	0.000000	0.000000	0.000048
187	0.559346	0.034185	0.344393	0.000021	0.061979	0.000024	0.000000	0.000000	0.000052
188	0.559338	0.034144	0.344315	0.000018	0.062124	0.000019	0.000000	0.000000	0.000042
189	0.559114	0.033871	0.344444	0.000022	0.062491	0.000015	0.000000	0.000000	0.000043
190	0.559018	0.033623	0.344316	0.000024	0.062964	0.000014	0.000000	0.000000	0.000041
191	0.559766	0.033582	0.343525	0.000024	0.063041	0.000016	0.000000	0.000000	0.000046
192	0.559638	0.033244	0.343659	0.000021	0.063388	0.000007	0.000000	0.000000	0.000043
193	0.559912	0.033111	0.343108	0.000020	0.063795	0.000011	0.000000	0.000000	0.000043
194	0.559755	0.032838	0.343208	0.000022	0.064120	0.000012	0.000000	0.000000	0.000045
195	0.559339	0.032746	0.343397	0.000018	0.064439	0.000011	0.000000	0.000000	0.000050
196	0.559178	0.032544	0.343783	0.000017	0.064418	0.000013	0.000000	0.000000	0.000047
197	0.559613	0.032438	0.343312	0.000016	0.064565	0.000010	0.000000	0.000000	0.000046
198	0.559038	0.032291	0.343710	0.000013	0.064890	0.000012	0.000000	0.000000	0.000046
199	0.559553	0.032319	0.342941	0.000013	0.065107	0.000016	0.000000	0.000000	0.000051
200	0.559797	0.032220	0.342381	0.000020	0.065521	0.000013	0.000000	0.000000	0.000048
201	0.559186	0.032174	0.343027	0.000019	0.065531	0.000016	0.000000	0.000000	0.000047
202	0.558947	0.032094	0.343078	0.000013	0.065806	0.000016	0.000000	0.000000	0.000046
203	0.559443	0.031702	0.342774	0.000011	0.066011	0.000018	0.000000	0.000000	0.000041
204	0.559830	0.031460	0.342226	0.000013	0.066410	0.000014	0.000000	0.000000	0.000047
205	0.559604	0.031336	0.342321	0.000012	0.066669	0.000012	0.000000	0.000000	0.000046
206	0.559392	0.031197	0.342258	0.000011	0.067089	0.000011	0.000000	0.000000	0.000042
207	0.558619	0.030866	0.342857	0.000011	0.067594	0.000011	0.000000	0.000000	0.000042
208	0.557794	0.030923	0.343344	0.000013	0.067866	0.000017	0.000000	0.000000	0.000043
209	0.557853	0.030810	0.343017	0.000011	0.068251	0.000020	0.000000	0.000000	0.000038
210	0.557841	0.030397	0.343140	0.000011	0.068551	0.000022	0.000000	0.000000	0.000038
211	0.557341	0.030681	0.343177	0.000012	0.068740	0.000015	0.000000	0.000000	0.000034
212	0.557495	0.030591	0.342581	0.000013	0.069267	0.000020	0.000000	0.000000	0.000033
213	0.556681	0.030562	0.343321	0.000008	0.069376	0.000021	0.000000	0.000000	0.000031
214	0.556431	0.030627	0.342968	0.000009	0.069911	0.000020	0.000000	0.000000	0.000034
215	0.556987	0.030229	0.342496	0.000006	0.070237	0.000015	0.000000	0.000000	0.000030
216	0.556344	0.030302	0.342766	0.000005	0.070537	0.000014	0.000000	0.000000	0.000032
217	0.556625	0.030114	0.342349	0.000005	0.070868	0.000014	0.000000	0.000000	0.000025
218	0.555952	0.029992	0.342685	0.000006	0.071327	0.000010	0.000000	0.000000	0.000028
219	0.555684	0.029837	0.342675	0.000006	0.071761	0.000011	0.000000	0.000000	0.000026
220	0.555173	0.029660	0.343065	0.000013	0.072054	0.000009	0.000000	0.000000	0.000026
221	0.555477	0.029557	0.342414	0.000015	0.072504	0.000010	0.000000	0.000000	0.000023
222	0.555412	0.029537	0.342524	0.000014	0.072482	0.000012	0.000000	0.000000	0.000019
223	0.555638	0.029165	0.342418	0.000013	0.072732	0.000014	0.000000	0.000000	0.000020
224	0.555299	0.029094	0.342712	0.000014	0.072850	0.000008	0.000000	0.000000	0.000023
225	0.554993	0.029019	0.342853	0.000010	0.073100	0.000009	0.000000	0.000000	0.000016
226	0.554841	0.029014	0.342754	0.000013	0.073349	0.000012	0.000000	0.000000	0.000017
227	0.554547	0.028859	0.342850	0.000010	0.073710	0.000008	0.000000	0.000000	0.000016
228	0.554227	0.028927	0.342758	0.000008	0.074056	0.000007	0.000000	0.000000	0.000017
229	0.553950	0.028844	0.342989	0.000007	0.074189	0.000010	0.000000	0.000000	0.000011
230	0.553231	0.028835	0.343406	0.000006	0.074507	0.000004	0.000000	0.000000	0.000011
231	0.553181	0.028547	0.343483	0.000001	0.074762	0.000010	0.000000	0.000000	0.000016
232	0.553406	0.028301	0.343349	0.000000	0.074923	0.000007	0.000000	0.000000	0.000014
233	0.553452	0.028162	0.343057	0.000001	0.075305	0.000008	0.000000	0.000000	0.000015
234	0.553265	0.027900	0.343207	0.000000	0.075604	0.000010	0.000000	0.000000	0.000014
235	0.552863	0.027798	0.343305	0.000000	0.076012	0.000012	0.000000	0.000000	0.000010
236	0.552514	0.027719	0.343431	0.000000	0.076310	0.000015	0.000000	0.000000	0.000011
237	0.552407	0.027736	0.343177	0.000000	0.076663	0.000008	0.000000	0.000000	0.000009
238	0.552427	0.027586	0.343026	0.000000	0.076948	0.000006	0.000000	0.000000	0.000007
239	0.552307	0.027588	0.342901	0.000000	0.077185	0.000011	0.000000	0.000000	0.000008
240	0.551763	0.027484	0.343079	0.000000	0.077658	0.000009	0.000000	0.000000	0.000007
241	0.551346	0.027588	0.343259	0.000000	0.077791	0.000010	0.000000	0.000000	0.000006
242	0.550682	0.027585	0.343704	0.000000	0.078017	0.000009	0.000000	0.000000	0.000003
243	0.550144	0.027517	0.343940	0.000000	0.078388	0.000008	0.000000	0.000000	0.000003
244	0.550675	0.027075	0.343400	0.000000	0.078841	0.000005	0.000000	0.000000	0.000004
245	0.550109	0.026953	0.343843	0.000000	0.079088	0.000002	0.000000	0.000000	0.000005
246	0.550819	0.026927	0.342880	0.000000	0.079369	0.000002	0.000000	0.000000	0.000003
247	0.550092	0.026732	0.343579	0.000000	0.079594	0.000002	0.000000	0.000000	0.000001
248	0.550270	0.026773	0.343261	0.000000	0.079694	0.000001	0.000000	0.000000	0.000001
249	0.549910	0.026520	0.343426	0.000000	0.080142	0.000000	0.000000	0.000000	0.000002
250	0.550496	0.026224	0.342704	0.000000	0.080574	0.000001	0.000000	0.000000	0.000001
251	0.549873	0.026291	0.343225	0.000000	0.080608	0.000001	0.000000	0.000000	0.000002
252	0.549549	0.026319	0.343058	0.000000	0.081074	0.000000	0.000000	0.000000	0.000000
253	0.549398	0.026112	0.343017	0.000000	0.081473	0.000000	0.000000	0.000000	0.000000
254	0.549550	0.025929	0.342683	0.000000	0.081838	0.000000	0.000000	0.000000	0.000000
255	0.549695	0.025978	0.342451	0.000000	0.081876	0.000000	0.000000	0.000000	0.000000
256	0.549528	0.025642	0.342404	0.000000	0.082426	0.000000	0.000000	0.000000	0.000000
257	0.549351	0.025673	0.342261	0.000000	0.082714	0.000000	0.000000	0.000000	0.000001
258	0.548883	0.025518	0.342366	0.000000	0.083233	0.000000	0.000000	0.000000	0.000000
259	0.549011	0.025552	0.341995	0.000000	0.083441	0.000000	0.000000	0.000000	0.000001
260	0.548344	0.025539	0.342248	0.000000	0.083868	0.000000	0.000000	0.000000	0.000001
261	0.548553	0.025396	0.341931	0.000000	0.084120	0.000000	0.000000	0.000000	0.000000
262	0.547987	0.025354	0.342049	0.000000	0.084610	0.000000	0.000000	0.000000	0.000000
263	0.547447	0.025375	0.342280	0.000000	0.084897	0.000000	0.000000	0.000000	0.000001
264	0.546635	0.025344	0.342723	0.000000	0.085297	0.000000	0.000000	0.000000	0.000001
265	0.546382	0.025229	0.342762	0.000000	0.085625	0.000000	0.000000	0.000000	0.000002
266	0.545951	0.025222	0.342624	0.000000	0.086202	0.000000	0.000000	0.000000	0.000001
267	0.546120	0.024891	0.342806	0.000000	0.086182	0.000000	0.000000	0.000000	0.000001
268	0.545974	0.024694	0.342711	0.000000	0.086620	0.000000	0.000000	0.000000	0.000001
269	0.545484	0.024700	0.342703	0.000000	0.087110	0.000000	0.000000	0.000000	0.000003
270	0.545203	0.024395	0.342704	0.000000	0.087694	0.000000	0.000000	0.000000	0.000004
271	0.544525	0.024307	0.343176	0.000000	0.087988	0.000000	0.000000	0.000000	0.000004
272	0.544237	0.024349	0.343286	0.000000	0.088121	0.000000	0.000000	0.000000	0.000007
273	0.543764	0.024261	0.343547	0.000000	0.088420	0.000000	0.000000	0.000000	0.000008
274	0.543925	0.024087	0.343260	0.000000	0.088726	0.000000	0.000000	0.000000	0.000002
275	0.543456	0.024111	0.343125	0.000000	0.089306	0.000000	0.000000	0.000000	0.000002
276	0.543109	0.023986	0.343205	0.000000	0.089697	0.000000	0.000000	0.000000	0.000003
277	0.542594	0.023988	0.343361	0.000000	0.090055	0.000000	0.000000	0.000000	0.000002
278	0.542143	0.023960	0.343671	0.000000	0.090226	0.000000	0.000000	0.000000	0.000000
279	0.541859	0.023958	0.343212	0.000000	0.090970	0.000000	0.000000	0.000000	0.000001
280	0.541262	0.023792	0.343893	0.000000	0.091052	0.000000	0.000000	0.000000	0.000001
281	0.541425	0.023673	0.343588	0.000000	0.091314	0.000000	0.000000	0.000000	0.000000
282	0.541658	0.023728	0.342915	0.000000	0.091699	0.000000	0.000000	0.000000	0.000000
283	0.541467	0.023584	0.342732	0.000000	0.092217	0.000000	0.000000	0.000000	0.000000
284	0.541575	0.023443	0.342331	0.000000	0.092651	0.000000	0.000000	0.000000	0.000000
285	0.541430	0.023304	0.342284	0.000000	0.092982	0.000000	0.000000	0.000000	0.000000
286	0.541840	0.023213	0.341699	0.000000	0.093248	0.000000	0.000000	0.000000	0.000000
287	0.541129	0.023205	0.341746	0.000000	0.093920	0.000000	0.000000	0.000000	0.000000
288	0.540389	0.023086	0.342525	0.000000	0.094000	0.000000	0.000000	0.000000	0.000000
289	0.539637	0.023084	0.342606	0.000000	0.094673	0.000000	0.000000	0.000000	0.000000
290	0.539730	0.022874	0.342467	0.000000	0.094929	0.000000	0.000000	0.000000	0.000000
291	0.539768	0.022445	0.342540	0.000000	0.095247	0.000000	0.000000	0.000000	0.000000
292	0.539419	0.022296	0.342398	0.000000	0.095887	0.000000	0.000000	0.000000	0.000000
293	0.538762	0.022365	0.342655	0.000000	0.096218	0.000000	0.000000	0.000000	0.000000
294	0.538607	0.022187	0.343007	0.000000	0.096199	0.000000	0.000000	0.000000	0.000000
295	0.538118	0.022161	0.343187	0.000000	0.096534	0.000000	0.000000	0.000000	0.000000
296	0.537792	0.022094	0.342929	0.000000	0.097185	0.000000	0.000000	0.000000	0.000000
297	0.537144	0.022010	0.343623	0.000000	0.097223	0.000000	0.000000	0.000000	0.000000
298	0.536987	0.022138	0.343251	0.000000	0.097624	0.000000	0.000000	0.000000	0.000000
299	0.536776	0.021973	0.343404	0.000000	0.097847	0.000000	0.000000	0.000000	0.000000
300	0.536338	0.021741	0.343899	0.000000	0.098022	0.000000	0.000000	0.000000	0.000000
301	0.536039	0.021735	0.343773	0.000000	0.098453	0.000000	0.000000	0.000000	0.000000
302	0.536031	0.021768	0.343439	0.000000	0.098762	0.000000	0.000000	0.000000	0.000000
303	0.536307	0.021513	0.343148	0.000000	0.099032	0.000000	0.000000	0.000000	0.000000
304	0.536067	0.021621	0.343102	0.000000	0.099210	0.000000	0.000000	0.000000	0.000000
305	0.536090	0.021655	0.342440	0.000000	0.099815	0.000000	0.000000	0.000000	0.000000
306	0.536043	0.021458	0.342416	0.000000	0.100083	0.000000	0.000000	0.000000	0.000000
307	0.536127	0.021528	0.341995	0.000000	0.100350	0.000000	0.000000	0.000000	0.000000
308	0.535791	0.021613	0.341773	0.000000	0.100823	0.000000	0.000000	0.000000	0.000000
309	0.535855	0.021484	0.341492	0.000000	0.101169	0.000000	0.000000	0.000000	0.000000
310	0.535850	0.021632	0.341159	0.000000	0.101359	0.000000	0.000000	0.000000	0.000000
311	0.535349	0.021779	0.341192	0.000000	0.101680	0.000000	0.000000	0.000000	0.000000
312	0.535668	0.021769	0.340555	0.000000	0.102008	0.000000	0.000000	0.000000	0.000000
313	0.535436	0.021752	0.340378	0.000000	0.102434	0.000000	0.000000	0.000000	0.000000
314	0.535635	0.021683	0.340202	0.000000	0.102480	0.000000	0.000000	0.000000	0.000000
315	0.535245	0.021519	0.340472	0.000000	0.102764	0.000000	0.000000	0.000000	0.000000
316	0.534321	0.021483	0.340866	0.000000	0.103330	0.000000	0.000000	0.000000	0.000000
317	0.534155	0.021494	0.340558	0.000000	0.103793	0.000000	0.000000	0.000000	0.000000
318	0.533596	0.021402	0.340410	0.000000	0.104592	0.000000	0.000000	0.000000	0.000000
319	0.533772	0.021271	0.340125	0.000000	0.104832	0.000000	0.000000	0.000000	0.000000
320	0.534036	0.021315	0.339539	0.000000	0.105110	0.000000	0.000000	0.000000	0.000000
321	0.534068	0.021135	0.339445	0.000000	0.105352	0.000000	0.000000	0.000000	0.000000
322	0.533315	0.021001	0.340045	0.000000	0.105639	0.000000	0.000000	0.000000	0.000000
323	0.532892	0.020716	0.340414	0.000000	0.105978	0.000000	0.000000	0.000000	0.000000
324	0.532280	0.020611	0.340499	0.000000	0.106610	0.000000	0.000000	0.000000	0.000000
325	0.532033	0.020530	0.340415	0.000000	0.107022	0.000000	0.000000	0.000000	0.000000
326	0.531765	0.020616	0.340408	0.000000	0.107211	0.000000	0.000000	0.000000	0.000000
327	0.531102	0.020435	0.340802	0.000000	0.107661	0.000000	0.000000	0.000000	0.000000
328	0.531356	0.020373	0.340036	0.000000	0.108235	0.000000	0.000000	0.000000	0.000000
329	0.531683	0.020290	0.339744	0.000000	0.108283	0.000000	0.000000	0.000000	0.000000
330	0.531178	0.020426	0.339557	0.000000	0.108839	0.000000	0.000000	0.000000	0.000000
331	0.531144	0.020269	0.339349	0.000000	0.109238	0.000000	0.000000	0.000000	0.000000
332	0.531542	0.020269	0.338382	0.000000	0.109807	0.000000	0.000000	0.000000	0.000000
333	0.531264	0.020141	0.338257	0.000000	0.110338	0.000000	0.000000	0.000000	0.000000
334	0.530855	0.020158	0.337948	0.000000	0.111039	0.000000	0.000000	0.000000	0.000000
335	0.530747	0.020028	0.337724	0.000000	0.111501	0.000000	0.000000	0.000000	0.000000
336	0.530378	0.019814	0.338008	0.000000	0.111800	0.000000	0.000000	0.000000	0.000000
337	0.530104	0.019712	0.337928	0.000000	0.112256	0.000000	0.000000	0.000000	0.000000
338	0.529615	0.019599	0.337812	0.000000	0.112974	0.000000	0.000000	0.000000	0.000000
339	0.528868	0.019633	0.338185	0.000000	0.113314	0.000000	0.000000	0.000000	0.000000
340	0.529218	0.019567	0.337561	0.000000	0.113654	0.000000	0.000000	0.000000	0.000000
341	0.528976	0.019408	0.337643	0.000000	0.113973	0.000000	0.000000	0.000000	0.000000
342	0.528832	0.019328	0.337474	0.000000	0.114366	0.000000	0.000000	0.000000	0.000000
343	0.528387	0.019312	0.337355	0.000000	0.114946	0.000000	0.000000	0.000000	0.000000
344	0.527776	0.019081	0.337916	0.000000	0.115227	0.000000	0.000000	0.000000	0.000000
345	0.527526	0.019088	0.337845	0.000000	0.115541	0.000000	0.000000	0.000000	0.000000
346	0.526888	0.019079	0.338169	0.000000	0.115864	0.000000	0.000000	0.000000	0.000000
347	0.526296	0.019259	0.337982	0.000000	0.116463	0.000000	0.000000	0.000000	0.000000
348	0.525547	0.019093	0.338400	0.000000	0.116960	0.000000	0.000000	0.000000	0.000000
349	0.525150	0.019044	0.338240	0.000000	0.117566	0.000000	0.000000	0.000000	0.000000
350	0.524621	0.019091	0.338522	0.000000	0.117766	0.000000	0.000000	0.000000	0.000000
351	0.524355	0.019021	0.338123	0.000000	0.118501	0.000000	0.000000	0.000000	0.000000
352	0.524290	0.018917	0.338237	0.000000	0.118556	0.000000	0.000000	0.000000	0.000000
353	0.524025	0.018954	0.337938	0.000000	0.119083	0.000000	0.000000	0.000000	0.000000
354	0.524146	0.018590	0.337917	0.000000	0.119347	0.000000	0.000000	0.000000	0.000000
355	0.523905	0.018663	0.337942	0.000000	0.119490	0.000000	0.000000	0.000000	0.000000
356	0.523555	0.018663	0.337779	0.000000	0.120003	0.000000	0.000000	0.000000	0.000000
357	0.523856	0.018594	0.337089	0.000000	0.120461	0.000000	0.000000	0.000000	0.000000
358	0.523445	0.018471	0.337153	0.000000	0.120931	0.000000	0.000000	0.000000	0.000000
359	0.523354	0.018343	0.337287	0.000000	0.121016	0.000000	0.000000	0.000000	0.000000
360	0.523101	0.018221	0.337149	0.000000	0.121529	0.000000	0.000000	0.000000	0.000000
361	0.522747	0.018275	0.336965	0.000000	0.122013	0.000000	0.000000	0.000000	0.000000
362	0.522445	0.018240	0.337034	0.000000	0.122281	0.000000	0.000000	0.000000	0.000000
363	0.522101	0.018166	0.336879	0.000000	0.122854	0.000000	0.000000	0.000000	0.000000
364	0.521473	0.017995	0.337048	0.000000	0.123484	0.000000	0.000000	0.000000	0.000000
365	0.521583	0.017875	0.336627	0.000000	0.123915	0.000000	0.000000	0.000000	0.000000
366	0.522190	0.017873	0.335433	0.000000	0.124504	0.000000	0.000000	0.000000	0.000000
367	0.522250	0.017746	0.335363	0.000000	0.124641	0.000000	0.000000	0.000000	0.000000
368	0.522453	0.017694	0.335023	0.000000	0.124830	0.000000	0.000000	0.000000	0.000000
369	0.522492	0.017609	0.334653	0.000000	0.125246	0.000000	0.000000	0.000000	0.000000
370	0.521346	0.017684	0.335191	0.000000	0.125779	0.000000	0.000000	0.000000	0.000000
371	0.521235	0.017532	0.334987	0.000000	0.126246	0.000000	0.000000	0.000000	0.000000
372	0.521065	0.017385	0.334951	0.000000	0.126599	0.000000	0.000000	0.000000	0.000000
373	0.520074	0.017494	0.335301	0.000000	0.127131	0.000000	0.000000	0.000000	0.000000
374	0.520198	0.017315	0.334999	0.000000	0.127488	0.000000	0.000000	0.000000	0.000000
375	0.519538	0.017181	0.335421	0.000000	0.127860	0.000000	0.000000	0.000000	0.000000
376	0.518841	0.017274	0.335609	0.000000	0.128276	0.000000	0.000000	0.000000	0.000000
377	0.518739	0.017290	0.335494	0.000000	0.128477	0.000000	0.000000	0.000000	0.000000
378	0.518246	0.017153	0.335428	0.000000	0.129173	0.000000	0.000000	0.000000	0.000000
379	0.518107	0.016884	0.335282	0.000000	0.129727	0.000000	0.000000	0.000000	0.000000
380	0.517659	0.016863	0.335346	0.000000	0.130132	0.000000	0.000000	0.000000	0.000000
381	0.517581	0.016841	0.334802	0.000000	0.130776	0.000000	0.000000	0.000000	0.000000
382	0.516765	0.016791	0.335112	0.000000	0.131332	0.000000	0.000000	0.000000	0.000000
383	0.516393	0.016885	0.335102	0.000000	0.131620	0.000000	0.000000	0.000000	0.000000
384	0.516242	0.016844	0.334983	0.000000	0.131931	0.000000	0.000000	0.000000	0.000000
385	0.516418	0.016709	0.334452	0.000000	0.132421	0.000000	0.000000	0.000000	0.000000
386	0.516114	0.016879	0.334374	0.000000	0.132633	0.000000	0.000000	0.000000	0.000000
387	0.515732	0.016844	0.334394	0.000000	0.133030	0.000000	0.000000	0.000000	0.000000
388	0.514999	0.016767	0.334664	0.000000	0.133570	0.000000	0.000000	0.000000	0.000000
389	0.514588	0.016784	0.334606	0.000000	0.134022	0.000000	0.000000	0.000000	0.000000
390	0.514814	0.016565	0.334067	0.000000	0.134554	0.000000	0.000000	0.000000	0.000000
391	0.514762	0.016518	0.333892	0.000000	0.134828	0.000000	0.000000	0.000000	0.000000
392	0.514555	0.016361	0.333637	0.000000	0.135447	0.000000	0.000000	0.000000	0.000000
393	0.514379	0.016405	0.333581	0.000000	0.135635	0.000000	0.000000	0.000000	0.000000
394	0.514738	0.016486	0.332622	0.000000	0.136154	0.000000	0.000000	0.000000	0.000000
395	0.514375	0.016273	0.333040	0.000000	0.136312	0.000000	0.000000	0.000000	0.000000
396	0.514223	0.016260	0.332290	0.000000	0.137227	0.000000	0.000000	0.000000	0.000000
397	0.514369	0.016167	0.332238	0.000000	0.137226	0.000000	0.000000	0.000000	0.000000
398	0.514412	0.016074	0.331986	0.000000	0.137528	0.000000	0.000000	0.000000	0.000000
399	0.514766	0.016116	0.331134	0.000000	0.137984	0.000000	0.000000	0.000000	0.000000
400	0.513893	0.016069	0.331560	0.000000	0.138478	0.000000	0.000000	0.000000	0.000000
401	0.513677	0.015865	0.331461	0.000000	0.138997	0.000000	0.000000	0.000000	0.000000
402	0.513182	0.015917	0.331703	0.000000	0.139198	0.000000	0.000000	0.000000	0.000000
403	0.512782	0.015980	0.331902	0.000000	0.139336	0.000000	0.000000	0.000000	0.000000
404	0.512772	0.015921	0.331723	0.000000	0.139584	0.000000	0.000000	0.000000	0.000000
405	0.512300	0.016024	0.331812	0.000000	0.139864	0.000000	0.000000	0.000000	0.000000
406	0.511928	0.015950	0.331614	0.000000	0.140508	0.000000	0.000000	0.000000	0.000000
407	0.511566	0.016092	0.331502	0.000000	0.140840	0.000000	0.000000	0.000000	0.000000
408	0.511831	0.016084	0.330807	0.000000	0.141278	0.000000	0.000000	0.000000	0.000000
409	0.510979	0.016144	0.331077	0.000000	0.141800	0.000000	0.000000	0.000000	0.000000
410	0.510657	0.016088	0.331115	0.000000	0.142140	0.000000	0.000000	0.000000	0.000000
411	0.510627	0.015965	0.330683	0.000000	0.142725	0.000000	0.000000	0.000000	0.000000
412	0.510639	0.015856	0.330071	0.000000	0.143434	0.000000	0.000000	0.000000	0.000000
413	0.509889	0.015896	0.330153	0.000000	0.144062	0.000000	0.000000	0.000000	0.000000
414	0.510064	0.015851	0.329587	0.000000	0.144498	0.000000	0.000000	0.000000	0.000000
415	0.509646	0.015867	0.329336	0.000000	0.145151	0.000000	0.000000	0.000000	0.000000
416	0.508954	0.015858	0.329572	0.000000	0.145616	0.000000	0.000000	0.000000	0.000000
417	0.508722	0.015764	0.329488	0.000000	0.146026	0.000000	0.000000	0.000000	0.000000
418	0.508494	0.015631	0.329775	0.000000	0.146100	0.000000	0.000000	0.000000	0.000000
419	0.508185	0.015534	0.329514	0.000000	0.146767	0.000000	0.000000	0.000000	0.000000
420	0.508357	0.015552	0.329010	0.000000	0.147081	0.000000	0.000000	0.000000	0.000000
421	0.507849	0.015560	0.329187	0.000000	0.147404	0.000000	0.000000	0.000000	0.000000
422	0.506783	0.015748	0.329298	0.000000	0.148171	0.000000	0.000000	0.000000	0.000000
423	0.506462	0.015616	0.329212	0.000000	0.148710	0.000000	0.000000	0.000000	0.000000
424	0.506412	0.015638	0.328797	0.000000	0.149153	0.000000	0.000000	0.000000	0.000000
425	0.506463	0.015603	0.328646	0.000000	0.149288	0.000000	0.000000	0.000000	0.000000
426	0.505502	0.015596	0.328893	0.000000	0.150009	0.000000	0.000000	0.000000	0.000000
427	0.505768	0.015450	0.328266	0.000000	0.150516	0.000000	0.000000	0.000000	0.000000
428	0.505414	0.015330	0.328360	0.000000	0.150896	0.000000	0.000000	0.000000	0.000000
429	0.504990	0.015375	0.328081	0.000000	0.151554	0.000000	0.000000	0.000000	0.000000
430	0.504966	0.015332	0.327971	0.000000	0.151731	0.000000	0.000000	0.000000	0.000000
431	0.505165	0.015209	0.327774	0.000000	0.151852	0.000000	0.000000	0.000000	0.000000
432	0.504216	0.015251	0.328420	0.000000	0.152113	0.000000	0.000000	0.000000	0.000000
433	0.503876	0.015071	0.328455	0.000000	0.152598	0.000000	0.000000	0.000000	0.000000
434	0.503794	0.015066	0.327986	0.000000	0.153154	0.000000	0.000000	0.000000	0.000000
435	0.503628	0.014930	0.327894	0.000000	0.153548	0.000000	0.000000	0.000000	0.000000
436	0.503128	0.014971	0.327863	0.000000	0.154038	0.000000	0.000000	0.000000	0.000000
437	0.502602	0.014978	0.327724	0.000000	0.154696	0.000000	0.000000	0.000000	0.000000
438	0.502629	0.014996	0.327338	0.000000	0.155037	0.000000	0.000000	0.000000	0.000000
439	0.502429	0.015093	0.327055	0.000000	0.155423	0.000000	0.000000	0.000000	0.000000
440	0.502383	0.014972	0.326771	0.000000	0.155874	0.000000	0.000000	0.000000	0.000000
441	0.501984	0.014947	0.326757	0.000000	0.156312	0.000000	0.000000	0.000000	0.000000
442	0.501444	0.014951	0.326620	0.000000	0.156985	0.000000	0.000000	0.000000	0.000000
443	0.501610	0.014877	0.326070	0.000000	0.157443	0.000000	0.000000	0.000000	0.000000
444	0.501747	0.014626	0.325628	0.000000	0.157999	0.000000	0.000000	0.000000	0.000000
445	0.501028	0.014614	0.325716	0.000000	0.158642	0.000000	0.000000	0.000000	0.000000
446	0.501130	0.014539	0.325272	0.000000	0.159059	0.000000	0.000000	0.000000	0.000000
447	0.500682	0.014555	0.325263	0.000000	0.159500	0.000000	0.000000	0.000000	0.000000
448	0.500533	0.014532	0.325311	0.000000	0.159624	0.000000	0.000000	0.000000	0.000000
449	0.500715	0.014492	0.324463	0.000000	0.160330	0.000000	0.000000	0.000000	0.000000
450	0.500881	0.014416	0.323950	0.000000	0.160753	0.000000	0.000000	0.000000	0.000000
451	0.500645	0.014397	0.323929	0.000000	0.161029	0.000000	0.000000	0.000000	0.000000
452	0.500913	0.014334	0.323118	0.000000	0.161635	0.000000	0.000000	0.000000	0.000000
453	0.500846	0.014252	0.322692	0.000000	0.162210	0.000000	0.000000	0.000000	0.000000
454	0.500986	0.014269	0.321910	0.000000	0.162835	0.000000	0.000000	0.000000	0.000000
455	0.500657	0.014325	0.321780	0.000000	0.163238	0.000000	0.000000	0.000000	0.000000
456	0.500633	0.014442	0.321359	0.000000	0.163566	0.000000	0.000000	0.000000	0.000000
457	0.499850	0.014248	0.321380	0.000000	0.164522	0.000000	0.000000	0.000000	0.000000
458	0.499718	0.014211	0.320998	0.000000	0.165073	0.000000	0.000000	0.000000	0.000000
459	0.499559	0.014158	0.320694	0.000000	0.165589	0.000000	0.000000	0.000000	0.000000
460	0.499186	0.014093	0.320444	0.000000	0.166277	0.000000	0.000000	0.000000	0.000000
461	0.498821	0.014065	0.320342	0.000000	0.166772	0.000000	0.000000	0.000000	0.000000
462	0.498198	0.013993	0.320462	0.000000	0.167347	0.000000	0.000000	0.000000	0.000000
463	0.497908	0.014007	0.320180	0.000000	0.167905	0.000000	0.000000	0.000000	0.000000
464	0.497384	0.013980	0.320217	0.000000	0.168419	0.000000	0.000000	0.000000	0.000000
465	0.497023	0.013937	0.320078	0.000000	0.168962	0.000000	0.000000	0.000000	0.000000
466	0.496427	0.013897	0.319903	0.000000	0.169773	0.000000	0.000000	0.000000	0.000000
467	0.495589	0.014013	0.320350	0.000000	0.170048	0.000000	0.000000	0.000000	0.000000
468	0.495416	0.014004	0.319759	0.000000	0.170821	0.000000	0.000000	0.000000	0.000000
469	0.495165	0.013965	0.319400	0.000000	0.171470	0.000000	0.000000	0.000000	0.000000
470	0.494751	0.013949	0.319444	0.000000	0.171856	0.000000	0.000000	0.000000	0.000000
