0	0.290663	0.057897	0.229473	0.157588	0.029913	0.111872	0.085455	0.012259	0.024880
1	0.229794	0.047431	0.198520	0.146600	0.030003	0.124991	0.113498	0.022118	0.087045
2	0.227485	0.046189	0.196397	0.147326	0.032384	0.126449	0.109226	0.021199	0.093345
3	0.231455	0.045359	0.196820	0.147859	0.034988	0.125901	0.102995	0.019709	0.094914
4	0.236469	0.044914	0.197407	0.148351	0.037855	0.124555	0.096599	0.017780	0.096070
5	0.242209	0.043905	0.197734	0.148993	0.040975	0.121557	0.091203	0.016206	0.097218
6	0.247344	0.042571	0.197455	0.149828	0.044560	0.120192	0.085549	0.014662	0.097839
7	0.253244	0.041140	0.197556	0.151026	0.048042	0.117568	0.079816	0.013057	0.098551
8	0.258886	0.039352	0.197675	0.150659	0.051997	0.115334	0.074927	0.011850	0.099320
9	0.264211	0.037808	0.197505	0.150955	0.055745	0.112308	0.070590	0.010781	0.100097
10	0.269581	0.036646	0.197026	0.150637	0.059457	0.109990	0.066214	0.009765	0.100684
11	0.274642	0.035575	0.196548	0.149702	0.063390	0.107009	0.062411	0.008882	0.101841
12	0.279677	0.034134	0.196008	0.148688	0.068241	0.104153	0.058515	0.008031	0.102553
13	0.284323	0.032881	0.195019	0.147860	0.073252	0.101329	0.054940	0.007272	0.103124
14	0.288646	0.031621	0.193785	0.147140	0.077821	0.099009	0.051368	0.006554	0.104056
15	0.292311	0.030312	0.192702	0.146490	0.082465	0.096404	0.048275	0.006054	0.104987
16	0.296642	0.029121	0.191458	0.145923	0.087837	0.093411	0.044881	0.005478	0.105249
17	0.300610	0.027646	0.190221	0.144900	0.093190	0.091052	0.042088	0.004903	0.105390
18	0.304066	0.026500	0.188640	0.143980	0.098555	0.088722	0.039451	0.004397	0.105689
19	0.307290	0.025292	0.186990	0.143018	0.104312	0.086093	0.037203	0.004104	0.105698
20	0.310755	0.024084	0.184819	0.141970	0.110321	0.083571	0.034641	0.003644	0.106195
21	0.313737	0.023021	0.182731	0.140938	0.116074	0.081346	0.032703	0.003421	0.106029
22	0.316379	0.021815	0.180278	0.139760	0.122510	0.079114	0.030786	0.003074	0.106284
23	0.318212	0.020895	0.178596	0.138598	0.129163	0.076982	0.028480	0.002780	0.106294
24	0.320244	0.019687	0.176097	0.137560	0.136154	0.075015	0.026520	0.002533	0.106190
25	0.322587	0.018677	0.173243	0.136768	0.142742	0.072715	0.025098	0.002268	0.105902
26	0.323722	0.017702	0.170937	0.135455	0.150110	0.071037	0.023522	0.002085	0.105430
27	0.324662	0.016794	0.168240	0.134444	0.157549	0.069770	0.021831	0.001944	0.104766
28	0.325219	0.016046	0.166014	0.132974	0.165358	0.067979	0.020615	0.001770	0.104025
29	0.325850	0.015393	0.163582	0.132012	0.173525	0.065771	0.019064	0.001610	0.103193
30	0.325990	0.014531	0.161518	0.130778	0.181608	0.064183	0.017744	0.001414	0.102234
31	0.325980	0.013742	0.158336	0.129627	0.190213	0.062626	0.016709	0.001333	0.101434
32	0.325361	0.012951	0.155679	0.129088	0.198627	0.061206	0.015499	0.001155	0.100434
33	0.324201	0.012124	0.152604	0.128509	0.208047	0.059563	0.014671	0.001037	0.099244
34	0.322770	0.011524	0.149783	0.128168	0.217138	0.058169	0.013641	0.000971	0.097836
35	0.321773	0.010897	0.146621	0.127504	0.226609	0.056516	0.012715	0.000848	0.096517
36	0.320312	0.010247	0.143330	0.127082	0.235652	0.055556	0.011991	0.000782	0.095048
37	0.317974	0.009825	0.140553	0.126669	0.245569	0.054153	0.010996	0.000700	0.093561
38	0.315805	0.009245	0.136977	0.126266	0.255409	0.053415	0.010260	0.000590	0.092033
39	0.313468	0.008551	0.133701	0.126241	0.265338	0.052457	0.009587	0.000501	0.090156
40	0.310220	0.008030	0.129792	0.126386	0.276009	0.051684	0.008923	0.000441	0.088515
41	0.307247	0.007641	0.126914	0.126155	0.286104	0.050430	0.008355	0.000388	0.086766
42	0.303872	0.007094	0.123017	0.126222	0.297026	0.049539	0.007800	0.000361	0.085069
43	0.300269	0.006646	0.119678	0.125963	0.307832	0.048866	0.007178	0.000332	0.083236
44	0.296759	0.006380	0.116479	0.126456	0.318378	0.047883	0.006538	0.000320	0.080807
45	0.292478	0.006017	0.113374	0.126288	0.329587	0.047051	0.006046	0.000243	0.078916
46	0.288699	0.005599	0.110072	0.126287	0.340498	0.046418	0.005514	0.000229	0.076684
47	0.284371	0.005297	0.106909	0.126025	0.351396	0.045864	0.005133	0.000209	0.074796
48	0.279636	0.005020	0.103818	0.126473	0.362442	0.045087	0.004788	0.000187	0.072549
49	0.275145	0.004617	0.100655	0.126508	0.374089	0.044206	0.004480	0.000160	0.070140
50	0.270753	0.004326	0.097396	0.126812	0.384883	0.043693	0.004029	0.000131	0.067977
51	0.265602	0.004073	0.094283	0.127055	0.396511	0.042868	0.003671	0.000110	0.065827
52	0.260578	0.003802	0.091332	0.126972	0.407916	0.042219	0.003321	0.000111	0.063749
53	0.255183	0.003634	0.088082	0.128194	0.418228	0.042174	0.003016	0.000094	0.061395
54	0.250149	0.003376	0.085156	0.128145	0.429933	0.041604	0.002803	0.000084	0.058750
55	0.244120	0.003143	0.081843	0.128977	0.441250	0.041364	0.002588	0.000086	0.056629
56	0.238501	0.002983	0.078554	0.129221	0.452863	0.041000	0.002342	0.000073	0.054463
57	0.233325	0.002759	0.075615	0.129627	0.464269	0.040287	0.002132	0.000075	0.051911
58	0.226928	0.002553	0.072544	0.130335	0.475549	0.040206	0.001967	0.000066	0.049852
59	0.221260	0.002359	0.069785	0.130633	0.486161	0.039985	0.001839	0.000062	0.047916
60	0.214707	0.002235	0.066996	0.130525	0.498472	0.039693	0.001689	0.000040	0.045643
61	0.208167	0.002050	0.064550	0.130925	0.509895	0.039547	0.001527	0.000038	0.043301
62	0.201685	0.002000	0.061856	0.131473	0.520444	0.039387	0.001427	0.000025	0.041703
63	0.195714	0.001842	0.059360	0.132147	0.530711	0.039501	0.001301	0.000033	0.039391
64	0.189359	0.001679	0.056705	0.132479	0.541627	0.039134	0.001205	0.000018	0.037794
65	0.183528	0.001506	0.054188	0.132826	0.551851	0.039157	0.001067	0.000020	0.035857
66	0.177686	0.001364	0.051948	0.133266	0.561957	0.038896	0.000947	0.000018	0.033918
67	0.171561	0.001272	0.049604	0.134052	0.571639	0.038735	0.000852	0.000024	0.032261
68	0.165671	0.001132	0.047558	0.134495	0.581207	0.038761	0.000821	0.000017	0.030338
69	0.159925	0.001014	0.045216	0.134722	0.591090	0.038607	0.000733	0.000021	0.028672
70	0.153956	0.000946	0.043063	0.135480	0.600768	0.038204	0.000627	0.000020	0.026936
71	0.148023	0.000911	0.040893	0.135573	0.610529	0.038246	0.000613	0.000016	0.025196
72	0.142168	0.000825	0.039049	0.136468	0.618926	0.038218	0.000541	0.000015	0.023790
73	0.135880	0.000785	0.036919	0.136873	0.628371	0.038061	0.000495	0.000013	0.022603
74	0.130177	0.000695	0.035128	0.137699	0.636741	0.038157	0.000432	0.000015	0.020956
75	0.124453	0.000664	0.033427	0.138360	0.645271	0.037903	0.000422	0.000013	0.019487
76	0.118860	0.000621	0.031577	0.138711	0.653483	0.037922	0.000392	0.000007	0.018427
77	0.113281	0.000579	0.029725	0.139427	0.661612	0.037909	0.000336	0.000003	0.017128
78	0.107880	0.000514	0.028239	0.140188	0.669281	0.037676	0.000283	0.000005	0.015934
79	0.102753	0.000446	0.026690	0.140855	0.676327	0.037772	0.000257	0.000002	0.014898
80	0.098033	0.000409	0.025063	0.141171	0.683775	0.037686	0.000216	0.000003	0.013644
81	0.093348	0.000375	0.023797	0.141327	0.690975	0.037549	0.000219	0.000001	0.012409
82	0.088429	0.000359	0.022084	0.141662	0.698065	0.037533	0.000197	0.000001	0.011670
83	0.083637	0.000327	0.020836	0.141935	0.704944	0.037291	0.000161	0.000000	0.010869
84	0.079048	0.000308	0.019530	0.142513	0.711089	0.037334	0.000157	0.000000	0.010021
85	0.074863	0.000285	0.018549	0.142795	0.716548	0.037513	0.000138	0.000000	0.009309
86	0.070960	0.000262	0.017564	0.142462	0.722274	0.037807	0.000108	0.000000	0.008563
87	0.067189	0.000238	0.016296	0.142685	0.727655	0.037830	0.000090	0.000000	0.008017
88	0.063439	0.000224	0.015332	0.142800	0.733036	0.037796	0.000066	0.000000	0.007307
89	0.059709	0.000200	0.014269	0.142823	0.738464	0.037732	0.000052	0.000000	0.006751
90	0.056082	0.000175	0.013404	0.143496	0.742755	0.037826	0.000050	0.000000	0.006212
91	0.052715	0.000169	0.012417	0.143755	0.747446	0.037748	0.000041	0.000000	0.005709
92	0.049578	0.000152	0.011643	0.143941	0.751864	0.037565	0.000046	0.000000	0.005211
93	0.046361	0.000137	0.010813	0.143882	0.756665	0.037417	0.000037	0.000000	0.004688
94	0.043239	0.000131	0.009929	0.144430	0.760704	0.037275	0.000034	0.000000	0.004258
95	0.040424	0.000128	0.009275	0.144943	0.763946	0.037335	0.000025	0.000000	0.003924
96	0.037660	0.000119	0.008588	0.144776	0.767715	0.037515	0.000021	0.000000	0.003606
97	0.035082	0.000109	0.008012	0.145608	0.770584	0.037371	0.000019	0.000000	0.003215
98	0.032804	0.000100	0.007414	0.146140	0.773188	0.037399	0.000009	0.000000	0.002946
99	0.030669	0.000076	0.006790	0.146354	0.776235	0.037169	0.000010	0.000000	0.002697
100	0.028579	0.000063	0.006344	0.146671	0.778690	0.037165	0.000008	0.000000	0.002480
101	0.026564	0.000066	0.005937	0.147080	0.780819	0.037266	0.000011	0.000000	0.002257
102	0.024495	0.000046	0.005534	0.147557	0.783241	0.037043	0.000005	0.000000	0.002079
103	0.022637	0.000045	0.005162	0.147832	0.785272	0.037130	0.000004	0.000000	0.001918
104	0.021047	0.000044	0.004677	0.148453	0.786951	0.037022	0.000004	0.000000	0.001802
105	0.019404	0.000026	0.004276	0.148811	0.788924	0.036992	0.000005	0.000000	0.001562
106	0.017989	0.000022	0.003974	0.148920	0.790858	0.036807	0.000001	0.000000	0.001429
107	0.016433	0.000024	0.003619	0.149105	0.792669	0.036900	0.000001	0.000000	0.001249
108	0.015056	0.000016	0.003357	0.149313	0.794289	0.036843	0.000000	0.000000	0.001126
109	0.013885	0.000015	0.003121	0.149559	0.795384	0.037017	0.000000	0.000000	0.001019
110	0.012828	0.000014	0.002916	0.149302	0.797099	0.036970	0.000000	0.000000	0.000871
111	0.012019	0.000012	0.002768	0.149573	0.798013	0.036855	0.000000	0.000000	0.000760
112	0.011191	0.000006	0.002496	0.150147	0.798880	0.036580	0.000000	0.000000	0.000700
113	0.010347	0.000004	0.002389	0.149981	0.800116	0.036516	0.000000	0.000000	0.000647
114	0.009585	0.000002	0.002186	0.149714	0.801296	0.036612	0.000000	0.000000	0.000605
115	0.008799	0.000001	0.002006	0.149552	0.802241	0.036827	0.000000	0.000000	0.000574
116	0.008136	0.000000	0.001825	0.149895	0.802924	0.036696	0.000000	0.000000	0.000524
117	0.007537	0.000000	0.001619	0.149767	0.803984	0.036607	0.000000	0.000000	0.000486
118	0.006939	0.000001	0.001476	0.149816	0.804651	0.036671	0.000000	0.000000	0.000446
119	0.006382	0.000002	0.001354	0.149964	0.805249	0.036633	0.000000	0.000000	0.000416
120	0.005861	0.000000	0.001271	0.149828	0.805919	0.036776	0.000000	0.000000	0.000345
121	0.005266	0.000000	0.001234	0.150489	0.805873	0.036816	0.000000	0.000000	0.000322
122	0.004812	0.000000	0.001104	0.150629	0.806256	0.036933	0.000000	0.000000	0.000266
123	0.004424	0.000000	0.001012	0.150331	0.807009	0.036977	0.000000	0.000000	0.000247
124	0.004093	0.000000	0.000911	0.150373	0.807451	0.036975	0.000000	0.000000	0.000197
125	0.003762	0.000000	0.000874	0.150116	0.807941	0.037132	0.000000	0.000000	0.000175
126	0.003384	0.000000	0.000826	0.149830	0.808785	0.037013	0.000000	0.000000	0.000162
127	0.003036	0.000000	0.000737	0.149906	0.808999	0.037168	0.000000	0.000000	0.000154
128	0.002743	0.000000	0.000662	0.149702	0.809603	0.037142	0.000000	0.000000	0.000148
129	0.002470	0.000000	0.000647	0.149685	0.809925	0.037139	0.000000	0.000000	0.000134
130	0.002255	0.000000	0.000600	0.149816	0.809831	0.037366	0.000000	0.000000	0.000132
131	0.002003	0.000000	0.000536	0.149869	0.810025	0.037460	0.000000	0.000000	0.000107
132	0.001795	0.000000	0.000493	0.149590	0.810883	0.037143	0.000000	0.000000	0.000096
133	0.001635	0.000000	0.000471	0.149957	0.810826	0.037030	0.000000	0.000000	0.000081
134	0.001455	0.000000	0.000447	0.150134	0.810883	0.037013	0.000000	0.000000	0.000068
135	0.001306	0.000000	0.000439	0.149657	0.811189	0.037349	0.000000	0.000000	0.000060
136	0.001215	0.000000	0.000407	0.149980	0.811207	0.037132	0.000000	0.000000	0.000059
137	0.001143	0.000000	0.000369	0.150154	0.811058	0.037222	0.000000	0.000000	0.000054
138	0.001010	0.000000	0.000361	0.150018	0.811157	0.037390	0.000000	0.000000	0.000064
139	0.000957	0.000000	0.000339	0.150189	0.811003	0.037468	0.000000	0.000000	0.000044
140	0.000907	0.000000	0.000333	0.150154	0.811137	0.037426	0.000000	0.000000	0.000043
141	0.000869	0.000000	0.000316	0.150759	0.810481	0.037542	0.000000	0.000000	0.000033
142	0.000828	0.000000	0.000305	0.151030	0.810398	0.037397	0.000000	0.000000	0.000042
143	0.000764	0.000000	0.000301	0.151212	0.810190	0.037493	0.000000	0.000000	0.000040
144	0.000705	0.000000	0.000297	0.151210	0.810365	0.037380	0.000000	0.000000	0.000043
145	0.000668	0.000000	0.000265	0.151237	0.810495	0.037297	0.000000	0.000000	0.000038
146	0.000620	0.000000	0.000250	0.150996	0.810608	0.037494	0.000000	0.000000	0.000032
147	0.000594	0.000000	0.000227	0.150853	0.810794	0.037488	0.000000	0.000000	0.000044
148	0.000541	0.000000	0.000239	0.151007	0.810434	0.037739	0.000000	0.000000	0.000040
149	0.000506	0.000000	0.000208	0.151109	0.810528	0.037616	0.000000	0.000000	0.000033
150	0.000479	0.000000	0.000203	0.151058	0.810548	0.037682	0.000000	0.000000	0.000030
151	0.000478	0.000000	0.000189	0.150730	0.810919	0.037659	0.000000	0.000000	0.000025
152	0.000423	0.000000	0.000169	0.150484	0.810890	0.038017	0.000000	0.000000	0.000017
153	0.000402	0.000000	0.000167	0.150443	0.811209	0.037763	0.000000	0.000000	0.000016
154	0.000363	0.000000	0.000172	0.150065	0.811705	0.037678	0.000000	0.000000	0.000017
155	0.000352	0.000000	0.000176	0.150176	0.811647	0.037635	0.000000	0.000000	0.000014
156	0.000337	0.000000	0.000152	0.149957	0.811844	0.037696	0.000000	0.000000	0.000014
157	0.000335	0.000000	0.000148	0.150245	0.811679	0.037578	0.000000	0.000000	0.000015
158	0.000329	0.000000	0.000142	0.150092	0.811811	0.037620	0.000000	0.000000	0.000006
159	0.000325	0.000000	0.000116	0.150123	0.811621	0.037804	0.000000	0.000000	0.000011
160	0.000326	0.000000	0.000107	0.149798	0.812283	0.037479	0.000000	0.000000	0.000007
161	0.000322	0.000000	0.000112	0.150138	0.811745	0.037676	0.000000	0.000000	0.000007
162	0.000301	0.000000	0.000100	0.150609	0.811204	0.037780	0.000000	0.000000	0.000006
163	0.000254	0.000000	0.000089	0.150629	0.811009	0.038016	0.000000	0.000000	0.000003
164	0.000227	0.000000	0.000094	0.150740	0.810890	0.038044	0.000000	0.000000	0.000005
165	0.000208	0.000000	0.000085	0.150321	0.811338	0.038045	0.000000	0.000000	0.000003
166	0.000206	0.000000	0.000087	0.150388	0.811369	0.037949	0.000000	0.000000	0.000001
167	0.000209	0.000000	0.000072	0.150505	0.811248	0.037966	0.000000	0.000000	0.000000
168	0.000192	0.000000	0.000070	0.150443	0.811227	0.038068	0.000000	0.000000	0.000000
169	0.000166	0.000000	0.000053	0.150561	0.811368	0.037852	0.000000	0.000000	0.000000
170	0.000141	0.000000	0.000046	0.150501	0.811551	0.037761	0.000000	0.000000	0.000000
171	0.000133	0.000000	0.000043	0.150480	0.811506	0.037838	0.000000	0.000000	0.000000
172	0.000144	0.000000	0.000038	0.150910	0.811127	0.037781	0.000000	0.000000	0.000000
173	0.000134	0.000000	0.000031	0.150780	0.811366	0.037689	0.000000	0.000000	0.000000
174	0.000117	0.000000	0.000023	0.150640	0.811640	0.037580	0.000000	0.000000	0.000000
175	0.000116	0.000000	0.000022	0.150694	0.811744	0.037424	0.000000	0.000000	0.000000
176	0.000114	0.000000	0.000021	0.150153	0.812418	0.037294	0.000000	0.000000	0.000000
177	0.000129	0.000000	0.000024	0.150452	0.812107	0.037288	0.000000	0.000000	0.000000
178	0.000126	0.000000	0.000018	0.150349	0.811966	0.037541	0.000000	0.000000	0.000000
179	0.000137	0.000000	0.000017	0.150064	0.812210	0.037572	0.000000	0.000000	0.000000
180	0.000127	0.000000	0.000011	0.150255	0.811906	0.037701	0.000000	0.000000	0.000000
181	0.000139	0.000000	0.000010	0.150240	0.811804	0.037807	0.000000	0.000000	0.000000
182	0.000139	0.000000	0.000010	0.149813	0.812194	0.037844	0.000000	0.000000	0.000000
183	0.000110	0.000000	0.000014	0.149951	0.812165	0.037760	0.000000	0.000000	0.000000
184	0.000111	0.000000	0.000010	0.150004	0.812305	0.037570	0.000000	0.000000	0.000000
185	0.000108	0.000000	0.000007	0.150292	0.811947	0.037646	0.000000	0.000000	0.000000
186	0.000112	0.000000	0.000004	0.149958	0.812464	0.037462	0.000000	0.000000	0.000000
187	0.000109	0.000000	0.000005	0.149735	0.812468	0.037683	0.000000	0.000000	0.000000
188	0.000102	0.000000	0.000004	0.149633	0.812732	0.037529	0.000000	0.000000	0.000000
189	0.000101	0.000000	0.000002	0.150055	0.812161	0.037681	0.000000	0.000000	0.000000
190	0.000091	0.000000	0.000002	0.149873	0.812407	0.037627	0.000000	0.000000	0.000000
191	0.000080	0.000000	0.000000	0.149938	0.812392	0.037590	0.000000	0.000000	0.000000
192	0.000063	0.000000	0.000000	0.150057	0.812464	0.037416	0.000000	0.000000	0.000000
193	0.000060	0.000000	0.000000	0.150207	0.812214	0.037519	0.000000	0.000000	0.000000
194	0.000054	0.000000	0.000000	0.149600	0.812608	0.037738	0.000000	0.000000	0.000000
195	0.000058	0.000000	0.000000	0.149166	0.812869	0.037907	0.000000	0.000000	0.000000
196	0.000065	0.000000	0.000000	0.148970	0.813057	0.037908	0.000000	0.000000	0.000000
197	0.000071	0.000000	0.000000	0.148803	0.813221	0.037905	0.000000	0.000000	0.000000
198	0.000066	0.000000	0.000000	0.148889	0.813284	0.037761	0.000000	0.000000	0.000000
199	0.000055	0.000000	0.000000	0.148859	0.813088	0.037998	0.000000	0.000000	0.000000
200	0.000046	0.000000	0.000000	0.148624	0.813440	0.037890	0.000000	0.000000	0.000000
201	0.000040	0.000000	0.000000	0.148324	0.813803	0.037833	0.000000	0.000000	0.000000
202	0.000036	0.000000	0.000000	0.148452	0.813650	0.037862	0.000000	0.000000	0.000000
203	0.000029	0.000000	0.000000	0.148460	0.813660	0.037851	0.000000	0.000000	0.000000
204	0.000026	0.000000	0.000000	0.148382	0.813633	0.037959	0.000000	0.000000	0.000000
205	0.000021	0.000000	0.000000	0.148052	0.813898	0.038029	0.000000	0.000000	0.000000
206	0.000018	0.000000	0.000000	0.147801	0.813889	0.038292	0.000000	0.000000	0.000000
207	0.000021	0.000000	0.000000	0.148372	0.813488	0.038119	0.000000	0.000000	0.000000
208	0.000020	0.000000	0.000000	0.148524	0.813613	0.037843	0.000000	0.000000	0.000000
209	0.000014	0.000000	0.000000	0.148648	0.813413	0.037925	0.000000	0.000000	0.000000
210	0.000015	0.000000	0.000000	0.148696	0.813402	0.037887	0.000000	0.000000	0.000000
211	0.000012	0.000000	0.000000	0.148500	0.813583	0.037905	0.000000	0.000000	0.000000
212	0.000012	0.000000	0.000000	0.148466	0.813514	0.038008	0.000000	0.000000	0.000000
213	0.000013	0.000000	0.000000	0.148822	0.813159	0.038006	0.000000	0.000000	0.000000
214	0.000018	0.000000	0.000000	0.148829	0.813055	0.038098	0.000000	0.000000	0.000000
215	0.000021	0.000000	0.000000	0.148809	0.813090	0.038080	0.000000	0.000000	0.000000
216	0.000019	0.000000	0.000000	0.148678	0.813214	0.038089	0.000000	0.000000	0.000000
217	0.000020	0.000000	0.000000	0.148612	0.813399	0.037969	0.000000	0.000000	0.000000
218	0.000018	0.000000	0.000000	0.148443	0.813839	0.037700	0.000000	0.000000	0.000000
219	0.000011	0.000000	0.000000	0.148609	0.813524	0.037856	0.000000	0.000000	0.000000
220	0.000012	0.000000	0.000000	0.148908	0.813150	0.037930	0.000000	0.000000	0.000000
221	0.000011	0.000000	0.000000	0.148823	0.813229	0.037937	0.000000	0.000000	0.000000
222	0.000009	0.000000	0.000000	0.149032	0.812985	0.037974	0.000000	0.000000	0.000000
223	0.000009	0.000000	0.000000	0.148662	0.813510	0.037819	0.000000	0.000000	0.000000
224	0.000009	0.000000	0.000000	0.148805	0.813350	0.037836	0.000000	0.000000	0.000000
225	0.000007	0.000000	0.000000	0.148592	0.813387	0.038014	0.000000	0.000000	0.000000
226	0.000010	0.000000	0.000000	0.148526	0.813493	0.037971	0.000000	0.000000	0.000000
227	0.000007	0.000000	0.000000	0.149149	0.813055	0.037789	0.000000	0.000000	0.000000
228	0.000011	0.000000	0.000000	0.148739	0.813488	0.037762	0.000000	0.000000	0.000000
229	0.000014	0.000000	0.000000	0.148726	0.813391	0.037869	0.000000	0.000000	0.000000
230	0.000012	0.000000	0.000000	0.148656	0.813584	0.037748	0.000000	0.000000	0.000000
231	0.000015	0.000000	0.000000	0.148595	0.813596	0.037794	0.000000	0.000000	0.000000
232	0.000014	0.000000	0.000000	0.148259	0.813944	0.037783	0.000000	0.000000	0.000000
233	0.000013	0.000000	0.000000	0.148572	0.813728	0.037687	0.000000	0.000000	0.000000
234	0.000015	0.000000	0.000000	0.148542	0.813894	0.037549	0.000000	0.000000	0.000000
235	0.000015	0.000000	0.000000	0.148492	0.814129	0.037364	0.000000	0.000000	0.000000
236	0.000016	0.000000	0.000000	0.148628	0.813723	0.037633	0.000000	0.000000	0.000000
237	0.000014	0.000000	0.000000	0.148468	0.813843	0.037675	0.000000	0.000000	0.000000
238	0.000020	0.000000	0.000000	0.147877	0.814571	0.037532	0.000000	0.000000	0.000000
239	0.000021	0.000000	0.000000	0.147957	0.814507	0.037515	0.000000	0.000000	0.000000
240	0.000024	0.000000	0.000000	0.147896	0.814786	0.037294	0.000000	0.000000	0.000000
241	0.000026	0.000000	0.000000	0.148312	0.814097	0.037565	0.000000	0.000000	0.000000
242	0.000028	0.000000	0.000000	0.148868	0.813579	0.037525	0.000000	0.000000	0.000000
243	0.000030	0.000000	0.000000	0.148959	0.813610	0.037401	0.000000	0.000000	0.000000
244	0.000034	0.000000	0.000000	0.148844	0.813528	0.037594	0.000000	0.000000	0.000000
245	0.000036	0.000000	0.000000	0.148992	0.813581	0.037391	0.000000	0.000000	0.000000
246	0.000043	0.000000	0.000000	0.148937	0.813585	0.037435	0.000000	0.000000	0.000000
247	0.000038	0.000000	0.000000	0.149069	0.813382	0.037511	0.000000	0.000000	0.000000
248	0.000037	0.000000	0.000000	0.148692	0.814153	0.037118	0.000000	0.000000	0.000000
249	0.000035	0.000000	0.000000	0.148325	0.814275	0.037365	0.000000	0.000000	0.000000
250	0.000036	0.000000	0.000000	0.148319	0.814640	0.037005	0.000000	0.000000	0.000000
251	0.000032	0.000000	0.000000	0.148316	0.814434	0.037218	0.000000	0.000000	0.000000
252	0.000028	0.000000	0.000000	0.148409	0.814581	0.036982	0.000000	0.000000	0.000000
253	0.000032	0.000000	0.000000	0.148400	0.814504	0.037064	0.000000	0.000000	0.000000
254	0.000029	0.000000	0.000000	0.148266	0.814591	0.037114	0.000000	0.000000	0.000000
255	0.000032	0.000000	0.000000	0.148232	0.814510	0.037226	0.000000	0.000000	0.000000
256	0.000028	0.000000	0.000000	0.148038	0.814735	0.037199	0.000000	0.000000	0.000000
257	0.000022	0.000000	0.000000	0.148390	0.814518	0.037070	0.000000	0.000000	0.000000
258	0.000021	0.000000	0.000000	0.147906	0.815112	0.036961	0.000000	0.000000	0.000000
259	0.000020	0.000000	0.000000	0.147671	0.815243	0.037066	0.000000	0.000000	0.000000
260	0.000017	0.000000	0.000000	0.147810	0.815389	0.036784	0.000000	0.000000	0.000000
261	0.000017	0.000000	0.000000	0.147177	0.815920	0.036886	0.000000	0.000000	0.000000
262	0.000022	0.000000	0.000000	0.147157	0.815861	0.036960	0.000000	0.000000	0.000000
263	0.000015	0.000000	0.000000	0.146700	0.816283	0.037002	0.000000	0.000000	0.000000
264	0.000016	0.000000	0.000000	0.146703	0.816330	0.036951	0.000000	0.000000	0.000000
265	0.000016	0.000000	0.000000	0.146416	0.816423	0.037145	0.000000	0.000000	0.000000
266	0.000016	0.000000	0.000000	0.146538	0.816138	0.037308	0.000000	0.000000	0.000000
267	0.000018	0.000000	0.000000	0.146683	0.815912	0.037387	0.000000	0.000000	0.000000
268	0.000018	0.000000	0.000000	0.146583	0.816147	0.037252	0.000000	0.000000	0.000000
269	0.000014	0.000000	0.000000	0.146160	0.816519	0.037307	0.000000	0.000000	0.000000
270	0.000016	0.000000	0.000000	0.145982	0.816917	0.037085	0.000000	0.000000	0.000000
271	0.000015	0.000000	0.000000	0.146140	0.816551	0.037294	0.000000	0.000000	0.000000
272	0.000012	0.000000	0.000000	0.146055	0.816795	0.037138	0.000000	0.000000	0.000000
273	0.000009	0.000000	0.000000	0.145947	0.816881	0.037163	0.000000	0.000000	0.000000
274	0.000013	0.000000	0.000000	0.145971	0.816789	0.037227	0.000000	0.000000	0.000000
275	0.000015	0.000000	0.000000	0.145842	0.816924	0.037219	0.000000	0.000000	0.000000
276	0.000016	0.000000	0.000000	0.145871	0.816977	0.037136	0.000000	0.000000	0.000000
277	0.000010	0.000000	0.000000	0.145546	0.817172	0.037272	0.000000	0.000000	0.000000
278	0.000010	0.000000	0.000000	0.145433	0.817304	0.037253	0.000000	0.000000	0.000000
279	0.000010	0.000000	0.000000	0.145153	0.817606	0.037231	0.000000	0.000000	0.000000
280	0.000012	0.000000	0.000000	0.145363	0.817269	0.037356	0.000000	0.000000	0.000000
281	0.000015	0.000000	0.000000	0.145281	0.817532	0.037172	0.000000	0.000000	0.000000
282	0.000013	0.000000	0.000000	0.145210	0.817530	0.037247	0.000000	0.000000	0.000000
283	0.000011	0.000000	0.000000	0.145318	0.817412	0.037259	0.000000	0.000000	0.000000
284	0.000006	0.000000	0.000000	0.145721	0.816637	0.037636	0.000000	0.000000	0.000000
285	0.000008	0.000000	0.000000	0.145701	0.816750	0.037541	0.000000	0.000000	0.000000
286	0.000009	0.000000	0.000000	0.146021	0.816691	0.037279	0.000000	0.000000	0.000000
287	0.000005	0.000000	0.000000	0.145963	0.816716	0.037316	0.000000	0.000000	0.000000
288	0.000006	0.000000	0.000000	0.146118	0.816573	0.037303	0.000000	0.000000	0.000000
289	0.000003	0.000000	0.000000	0.145823	0.816575	0.037599	0.000000	0.000000	0.000000
290	0.000005	0.000000	0.000000	0.146108	0.816382	0.037505	0.000000	0.000000	0.000000
291	0.000003	0.000000	0.000000	0.145498	0.816906	0.037593	0.000000	0.000000	0.000000
292	0.000004	0.000000	0.000000	0.145134	0.817249	0.037613	0.000000	0.000000	0.000000
293	0.000007	0.000000	0.000000	0.145027	0.817553	0.037413	0.000000	0.000000	0.000000
294	0.000004	0.000000	0.000000	0.145035	0.817535	0.037426	0.000000	0.000000	0.000000
295	0.000008	0.000000	0.000000	0.144861	0.817802	0.037329	0.000000	0.000000	0.000000
296	0.000005	0.000000	0.000000	0.144946	0.817575	0.037474	0.000000	0.000000	0.000000
297	0.000005	0.000000	0.000000	0.145167	0.817522	0.037306	0.000000	0.000000	0.000000
298	0.000001	0.000000	0.000000	0.144718	0.818115	0.037166	0.000000	0.000000	0.000000
299	0.000000	0.000000	0.000000	0.145050	0.817692	0.037258	0.000000	0.000000	0.000000
300	0.000000	0.000000	0.000000	0.144559	0.818091	0.037350	0.000000	0.000000	0.000000
301	0.000000	0.000000	0.000000	0.144681	0.817748	0.037571	0.000000	0.000000	0.000000
302	0.000000	0.000000	0.000000	0.144916	0.817609	0.037475	0.000000	0.000000	0.000000
303	0.000000	0.000000	0.000000	0.145183	0.817495	0.037322	0.000000	0.000000	0.000000
304	0.000000	0.000000	0.000000	0.145358	0.817156	0.037486	0.000000	0.000000	0.000000
305	0.000000	0.000000	0.000000	0.145221	0.817524	0.037255	0.000000	0.000000	0.000000
306	0.000000	0.000000	0.000000	0.145045	0.817501	0.037454	0.000000	0.000000	0.000000
307	0.000000	0.000000	0.000000	0.144613	0.818124	0.037263	0.000000	0.000000	0.000000
308	0.000000	0.000000	0.000000	0.144864	0.817851	0.037285	0.000000	0.000000	0.000000
309	0.000000	0.000000	0.000000	0.144865	0.817985	0.037150	0.000000	0.000000	0.000000
310	0.000000	0.000000	0.000000	0.144454	0.818346	0.037200	0.000000	0.000000	0.000000
311	0.000000	0.000000	0.000000	0.144511	0.818344	0.037145	0.000000	0.000000	0.000000
312	0.000000	0.000000	0.000000	0.144449	0.818618	0.036933	0.000000	0.000000	0.000000
313	0.000000	0.000000	0.000000	0.144336	0.818366	0.037298	0.000000	0.000000	0.000000
314	0.000000	0.000000	0.000000	0.144064	0.818488	0.037448	0.000000	0.000000	0.000000
315	0.000000	0.000000	0.000000	0.144206	0.818519	0.037275	0.000000	0.000000	0.000000
316	0.000000	0.000000	0.000000	0.144418	0.818248	0.037334	0.000000	0.000000	0.000000
317	0.000000	0.000000	0.000000	0.144187	0.818560	0.037253	0.000000	0.000000	0.000000
318	0.000000	0.000000	0.000000	0.144155	0.818676	0.037169	0.000000	0.000000	0.000000
319	0.000000	0.000000	0.000000	0.144353	0.818593	0.037054	0.000000	0.000000	0.000000
320	0.000000	0.000000	0.000000	0.144277	0.818848	0.036875	0.000000	0.000000	0.000000
321	0.000000	0.000000	0.000000	0.144038	0.818930	0.037032	0.000000	0.000000	0.000000
322	0.000000	0.000000	0.000000	0.143769	0.819048	0.037183	0.000000	0.000000	0.000000
323	0.000000	0.000000	0.000000	0.143503	0.819347	0.037150	0.000000	0.000000	0.000000
324	0.000000	0.000000	0.000000	0.143577	0.819111	0.037312	0.000000	0.000000	0.000000
325	0.000000	0.000000	0.000000	0.143459	0.819327	0.037214	0.000000	0.000000	0.000000
326	0.000000	0.000000	0.000000	0.143225	0.819502	0.037273	0.000000	0.000000	0.000000
327	0.000000	0.000000	0.000000	0.142655	0.819982	0.037363	0.000000	0.000000	0.000000
328	0.000000	0.000000	0.000000	0.142563	0.820096	0.037341	0.000000	0.000000	0.000000
329	0.000000	0.000000	0.000000	0.142733	0.820002	0.037265	0.000000	0.000000	0.000000
330	0.000000	0.000000	0.000000	0.142444	0.820241	0.037315	0.000000	0.000000	0.000000
331	0.000000	0.000000	0.000000	0.142393	0.820106	0.037501	0.000000	0.000000	0.000000
332	0.000000	0.000000	0.000000	0.142164	0.820279	0.037557	0.000000	0.000000	0.000000
333	0.000000	0.000000	0.000000	0.142245	0.819984	0.037771	0.000000	0.000000	0.000000
334	0.000000	0.000000	0.000000	0.142542	0.819888	0.037570	0.000000	0.000000	0.000000
335	0.000000	0.000000	0.000000	0.142300	0.820083	0.037617	0.000000	0.000000	0.000000
336	0.000000	0.000000	0.000000	0.142194	0.820192	0.037614	0.000000	0.000000	0.000000
337	0.000000	0.000000	0.000000	0.141834	0.820483	0.037683	0.000000	0.000000	0.000000
338	0.000000	0.000000	0.000000	0.141347	0.820954	0.037699	0.000000	0.000000	0.000000
339	0.000000	0.000000	0.000000	0.141829	0.820426	0.037745	0.000000	0.000000	0.000000
340	0.000000	0.000000	0.000000	0.141603	0.820666	0.037731	0.000000	0.000000	0.000000
341	0.000000	0.000000	0.000000	0.141739	0.820682	0.037579	0.000000	0.000000	0.000000
342	0.000000	0.000000	0.000000	0.141965	0.820531	0.037504	0.000000	0.000000	0.000000
343	0.000000	0.000000	0.000000	0.141714	0.820610	0.037676	0.000000	0.000000	0.000000
344	0.000000	0.000000	0.000000	0.141781	0.820611	0.037608	0.000000	0.000000	0.000000
345	0.000000	0.000000	0.000000	0.142073	0.820364	0.037563	0.000000	0.000000	0.000000
346	0.000000	0.000000	0.000000	0.141804	0.820819	0.037377	0.000000	0.000000	0.000000
347	0.000000	0.000000	0.000000	0.142157	0.820513	0.037330	0.000000	0.000000	0.000000
348	0.000000	0.000000	0.000000	0.142033	0.820726	0.037241	0.000000	0.000000	0.000000
349	0.000000	0.000000	0.000000	0.142278	0.820710	0.037012	0.000000	0.000000	0.000000
350	0.000000	0.000000	0.000000	0.142197	0.820799	0.037004	0.000000	0.000000	0.000000
351	0.000000	0.000000	0.000000	0.141786	0.821183	0.037031	0.000000	0.000000	0.000000
352	0.000000	0.000000	0.000000	0.141877	0.820832	0.037291	0.000000	0.000000	0.000000
353	0.000000	0.000000	0.000000	0.141996	0.820900	0.037104	0.000000	0.000000	0.000000
354	0.000000	0.000000	0.000000	0.141757	0.821255	0.036988	0.000000	0.000000	0.000000
355	0.000000	0.000000	0.000000	0.141578	0.821165	0.037257	0.000000	0.000000	0.000000
356	0.000000	0.000000	0.000000	0.141694	0.821011	0.037295	0.000000	0.000000	0.000000
357	0.000000	0.000000	0.000000	0.141629	0.820846	0.037525	0.000000	0.000000	0.000000
358	0.000000	0.000000	0.000000	0.141564	0.821054	0.037382	0.000000	0.000000	0.000000
359	0.000000	0.000000	0.000000	0.141640	0.820867	0.037493	0.000000	0.000000	0.000000
360	0.000000	0.000000	0.000000	0.141378	0.821201	0.037421	0.000000	0.000000	0.000000
361	0.000000	0.000000	0.000000	0.141105	0.821725	0.037170	0.000000	0.000000	0.000000
362	0.000000	0.000000	0.000000	0.141453	0.821366	0.037181	0.000000	0.000000	0.000000
363	0.000000	0.000000	0.000000	0.141298	0.821564	0.037138	0.000000	0.000000	0.000000
364	0.000000	0.000000	0.000000	0.141424	0.821511	0.037065	0.000000	0.000000	0.000000
365	0.000000	0.000000	0.000000	0.141553	0.821281	0.037166	0.000000	0.000000	0.000000
366	0.000000	0.000000	0.000000	0.141759	0.821222	0.037019	0.000000	0.000000	0.000000
367	0.000000	0.000000	0.000000	0.141611	0.821321	0.037068	0.000000	0.000000	0.000000
368	0.000000	0.000000	0.000000	0.141716	0.821152	0.037132	0.000000	0.000000	0.000000
369	0.000000	0.000000	0.000000	0.142010	0.820591	0.037399	0.000000	0.000000	0.000000
370	0.000000	0.000000	0.000000	0.141941	0.820761	0.037298	0.000000	0.000000	0.000000
371	0.000000	0.000000	0.000000	0.141611	0.820907	0.037482	0.000000	0.000000	0.000000
372	0.000000	0.000000	0.000000	0.141427	0.821229	0.037344	0.000000	0.000000	0.000000
373	0.000000	0.000000	0.000000	0.141305	0.821327	0.037368	0.000000	0.000000	0.000000
374	0.000000	0.000000	0.000000	0.141322	0.821192	0.037486	0.000000	0.000000	0.000000
375	0.000000	0.000000	0.000000	0.141582	0.820978	0.037440	0.000000	0.000000	0.000000
376	0.000000	0.000000	0.000000	0.141497	0.821073	0.037430	0.000000	0.000000	0.000000
377	0.000000	0.000000	0.000000	0.141398	0.821218	0.037384	0.000000	0.000000	0.000000
378	0.000000	0.000000	0.000000	0.141593	0.820841	0.037566	0.000000	0.000000	0.000000
379	0.000000	0.000000	0.000000	0.141194	0.821199	0.037607	0.000000	0.000000	0.000000
380	0.000000	0.000000	0.000000	0.140941	0.821348	0.037711	0.000000	0.000000	0.000000
381	0.000000	0.000000	0.000000	0.141179	0.821193	0.037628	0.000000	0.000000	0.000000
382	0.000000	0.000000	0.000000	0.141114	0.821020	0.037866	0.000000	0.000000	0.000000
383	0.000000	0.000000	0.000000	0.141106	0.821113	0.037781	0.000000	0.000000	0.000000
384	0.000000	0.000000	0.000000	0.141371	0.820730	0.037899	0.000000	0.000000	0.000000
385	0.000000	0.000000	0.000000	0.141238	0.820870	0.037892	0.000000	0.000000	0.000000
386	0.000000	0.000000	0.000000	0.141467	0.820337	0.038196	0.000000	0.000000	0.000000
387	0.000000	0.000000	0.000000	0.141873	0.820312	0.037815	0.000000	0.000000	0.000000
388	0.000000	0.000000	0.000000	0.141909	0.820333	0.037758	0.000000	0.000000	0.000000
389	0.000000	0.000000	0.000000	0.141939	0.820308	0.037753	0.000000	0.000000	0.000000
390	0.000000	0.000000	0.000000	0.141658	0.820619	0.037723	0.000000	0.000000	0.000000
391	0.000000	0.000000	0.000000	0.141706	0.820377	0.037917	0.000000	0.000000	0.000000
392	0.000000	0.000000	0.000000	0.141885	0.820632	0.037483	0.000000	0.000000	0.000000
393	0.000000	0.000000	0.000000	0.141832	0.820407	0.037761	0.000000	0.000000	0.000000
394	0.000000	0.000000	0.000000	0.141771	0.820802	0.037427	0.000000	0.000000	0.000000
395	0.000000	0.000000	0.000000	0.141401	0.821187	0.037412	0.000000	0.000000	0.000000
396	0.000000	0.000000	0.000000	0.141728	0.820964	0.037308	0.000000	0.000000	0.000000
397	0.000000	0.000000	0.000000	0.142257	0.820268	0.037475	0.000000	0.000000	0.000000
398	0.000000	0.000000	0.000000	0.142110	0.820487	0.037403	0.000000	0.000000	0.000000
399	0.000000	0.000000	0.000000	0.142070	0.820470	0.037460	0.000000	0.000000	0.000000
400	0.000000	0.000000	0.000000	0.142028	0.820622	0.037350	0.000000	0.000000	0.000000
401	0.000000	0.000000	0.000000	0.141825	0.820926	0.037249	0.000000	0.000000	0.000000
402	0.000000	0.000000	0.000000	0.141649	0.820935	0.037416	0.000000	0.000000	0.000000
403	0.000000	0.000000	0.000000	0.141881	0.820828	0.037291	0.000000	0.000000	0.000000
404	0.000000	0.000000	0.000000	0.142258	0.820699	0.037043	0.000000	0.000000	0.000000
405	0.000000	0.000000	0.000000	0.142228	0.820697	0.037075	0.000000	0.000000	0.000000
406	0.000000	0.000000	0.000000	0.142575	0.820229	0.037196	0.000000	0.000000	0.000000
407	0.000000	0.000000	0.000000	0.142256	0.820269	0.037475	0.000000	0.000000	0.000000
408	0.000000	0.000000	0.000000	0.142102	0.820679	0.037219	0.000000	0.000000	0.000000
409	0.000000	0.000000	0.000000	0.141919	0.820705	0.037376	0.000000	0.000000	0.000000
410	0.000000	0.000000	0.000000	0.141911	0.820844	0.037245	0.000000	0.000000	0.000000
411	0.000000	0.000000	0.000000	0.142134	0.820604	0.037262	0.000000	0.000000	0.000000
412	0.000000	0.000000	0.000000	0.142467	0.820268	0.037265	0.000000	0.000000	0.000000
413	0.000000	0.000000	0.000000	0.142713	0.820077	0.037210	0.000000	0.000000	0.000000
414	0.000000	0.000000	0.000000	0.142832	0.820102	0.037066	0.000000	0.000000	0.000000
415	0.000000	0.000000	0.000000	0.143390	0.819835	0.036775	0.000000	0.000000	0.000000
416	0.000000	0.000000	0.000000	0.143687	0.819580	0.036733	0.000000	0.000000	0.000000
417	0.000000	0.000000	0.000000	0.143463	0.819583	0.036954	0.000000	0.000000	0.000000
418	0.000000	0.000000	0.000000	0.143443	0.819506	0.037051	0.000000	0.000000	0.000000
419	0.000000	0.000000	0.000000	0.143366	0.819534	0.037100	0.000000	0.000000	0.000000
420	0.000000	0.000000	0.000000	0.143441	0.819434	0.037125	0.000000	0.000000	0.000000
421	0.000000	0.000000	0.000000	0.143396	0.819500	0.037104	0.000000	0.000000	0.000000
422	0.000000	0.000000	0.000000	0.143501	0.819448	0.037051	0.000000	0.000000	0.000000
423	0.000000	0.000000	0.000000	0.143582	0.819390	0.037028	0.000000	0.000000	0.000000
424	0.000000	0.000000	0.000000	0.143692	0.819255	0.037053	0.000000	0.000000	0.000000
425	0.000000	0.000000	0.000000	0.143666	0.819166	0.037168	0.000000	0.000000	0.000000
426	0.000000	0.000000	0.000000	0.143587	0.819334	0.037079	0.000000	0.000000	0.000000
427	0.000000	0.000000	0.000000	0.143480	0.819228	0.037292	0.000000	0.000000	0.000000
428	0.000000	0.000000	0.000000	0.143977	0.818707	0.037316	0.000000	0.000000	0.000000
429	0.000000	0.000000	0.000000	0.144116	0.818693	0.037191	0.000000	0.000000	0.000000
430	0.000000	0.000000	0.000000	0.143777	0.819060	0.037163	0.000000	0.000000	0.000000
431	0.000000	0.000000	0.000000	0.143937	0.818607	0.037456	0.000000	0.000000	0.000000
432	0.000000	0.000000	0.000000	0.143850	0.818603	0.037547	0.000000	0.000000	0.000000
433	0.000000	0.000000	0.000000	0.143872	0.818765	0.037363	0.000000	0.000000	0.000000
434	0.000000	0.000000	0.000000	0.143711	0.818640	0.037649	0.000000	0.000000	0.000000
435	0.000000	0.000000	0.000000	0.143783	0.818527	0.037690	0.000000	0.000000	0.000000
436	0.000000	0.000000	0.000000	0.143963	0.818360	0.037677	0.000000	0.000000	0.000000
437	0.000000	0.000000	0.000000	0.143322	0.819108	0.037570	0.000000	0.000000	0.000000
438	0.000000	0.000000	0.000000	0.143263	0.819207	0.037530	0.000000	0.000000	0.000000
439	0.000000	0.000000	0.000000	0.143081	0.819193	0.037726	0.000000	0.000000	0.000000
440	0.000000	0.000000	0.000000	0.142607	0.819589	0.037804	0.000000	0.000000	0.000000
441	0.000000	0.000000	0.000000	0.142630	0.819624	0.037746	0.000000	0.000000	0.000000
442	0.000000	0.000000	0.000000	0.143142	0.819176	0.037682	0.000000	0.000000	0.000000
443	0.000000	0.000000	0.000000	0.143348	0.818900	0.037752	0.000000	0.000000	0.000000
444	0.000000	0.000000	0.000000	0.143526	0.818618	0.037856	0.000000	0.000000	0.000000
445	0.000000	0.000000	0.000000	0.143909	0.818117	0.037974	0.000000	0.000000	0.000000
446	0.000000	0.000000	0.000000	0.143629	0.818341	0.038030	0.000000	0.000000	0.000000
447	0.000000	0.000000	0.000000	0.143530	0.818375	0.038095	0.000000	0.000000	0.000000
448	0.000000	0.000000	0.000000	0.143511	0.818432	0.038057	0.000000	0.000000	0.000000
449	0.000000	0.000000	0.000000	0.143321	0.818739	0.037940	0.000000	0.000000	0.000000
450	0.000000	0.000000	0.000000	0.143847	0.818100	0.038053	0.000000	0.000000	0.000000
451	0.000000	0.000000	0.000000	0.143819	0.818012	0.038169	0.000000	0.000000	0.000000
452	0.000000	0.000000	0.000000	0.143490	0.818513	0.037997	0.000000	0.000000	0.000000
453	0.000000	0.000000	0.000000	0.143387	0.819026	0.037587	0.000000	0.000000	0.000000
454	0.000000	0.000000	0.000000	0.143132	0.819318	0.037550	0.000000	0.000000	0.000000
455	0.000000	0.000000	0.000000	0.143252	0.819178	0.037570	0.000000	0.000000	0.000000
456	0.000000	0.000000	0.000000	0.143145	0.819160	0.037695	0.000000	0.000000	0.000000
457	0.000000	0.000000	0.000000	0.142911	0.819607	0.037482	0.000000	0.000000	0.000000
458	0.000000	0.000000	0.000000	0.143470	0.819040	0.037490	0.000000	0.000000	0.000000
459	0.000000	0.000000	0.000000	0.143809	0.818880	0.037311	0.000000	0.000000	0.000000
460	0.000000	0.000000	0.000000	0.143659	0.818914	0.037427	0.000000	0.000000	0.000000
461	0.000000	0.000000	0.000000	0.143679	0.818999	0.037322	0.000000	0.000000	0.000000
462	0.000000	0.000000	0.000000	0.143539	0.819077	0.037384	0.000000	0.000000	0.000000
463	0.000000	0.000000	0.000000	0.143838	0.818746	0.037416	0.000000	0.000000	0.000000
464	0.000000	0.000000	0.000000	0.143903	0.818766	0.037331	0.000000	0.000000	0.000000
465	0.000000	0.000000	0.000000	0.143744	0.818577	0.037679	0.000000	0.000000	0.000000
466	0.000000	0.000000	0.000000	0.143825	0.818372	0.037803	0.000000	0.000000	0.000000
467	0.000000	0.000000	0.000000	0.143767	0.818486	0.037747	0.000000	0.000000	0.000000
468	0.000000	0.000000	0.000000	0.143550	0.818538	0.037912	0.000000	0.000000	0.000000
469	0.000000	0.000000	0.000000	0.143550	0.818717	0.037733	0.000000	0.000000	0.000000
470	0.000000	0.000000	0.000000	0.143269	0.818638	0.038093	0.000000	0.000000	0.000000
