0	0.290663	0.057897	0.229473	0.157588	0.029913	0.111872	0.085455	0.012259	0.024880
1	0.239585	0.049380	0.205628	0.150239	0.030493	0.126610	0.099873	0.019747	0.078445
2	0.244478	0.049468	0.209131	0.154041	0.032683	0.130232	0.086707	0.017351	0.075909
3	0.254124	0.050443	0.213841	0.157269	0.034990	0.131773	0.073209	0.014242	0.070109
4	0.263636	0.050686	0.218200	0.159628	0.037086	0.132168	0.061582	0.011897	0.065117
5	0.272964	0.050762	0.221932	0.161587	0.039395	0.131012	0.051810	0.010098	0.060440
6	0.280848	0.050331	0.224669	0.164214	0.041582	0.129778	0.044136	0.008337	0.056105
7	0.288790	0.049611	0.227903	0.164731	0.043877	0.128742	0.037384	0.006949	0.052013
8	0.296120	0.049000	0.230472	0.165073	0.046185	0.127293	0.031816	0.005743	0.048298
9	0.302708	0.048224	0.232813	0.165524	0.048570	0.125782	0.026996	0.004747	0.044636
10	0.309021	0.047261	0.235128	0.165111	0.050778	0.123861	0.023267	0.003870	0.041703
11	0.314408	0.046144	0.236290	0.164713	0.053243	0.122700	0.020070	0.003233	0.039199
12	0.319674	0.045019	0.237819	0.163770	0.055842	0.121115	0.017158	0.002739	0.036864
13	0.323987	0.044108	0.239977	0.162964	0.058264	0.119162	0.014786	0.002286	0.034466
14	0.327152	0.042946	0.241832	0.162659	0.060450	0.117837	0.012704	0.001909	0.032511
15	0.331221	0.041538	0.243385	0.161534	0.063586	0.115898	0.010897	0.001637	0.030304
16	0.334744	0.040629	0.244462	0.160817	0.066075	0.113905	0.009342	0.001398	0.028628
17	0.338062	0.039659	0.245145	0.159742	0.068759	0.112193	0.008077	0.001160	0.027203
18	0.340904	0.038437	0.246018	0.158722	0.071362	0.111010	0.007099	0.001074	0.025374
19	0.343651	0.037177	0.247446	0.157697	0.074155	0.108773	0.006206	0.000883	0.024012
20	0.346629	0.036002	0.247707	0.156576	0.076756	0.107438	0.005439	0.000737	0.022716
21	0.348703	0.034958	0.248086	0.155264	0.079660	0.106321	0.004729	0.000658	0.021621
22	0.350224	0.033946	0.249349	0.153680	0.082747	0.105060	0.004143	0.000572	0.020279
23	0.352247	0.032759	0.249914	0.152389	0.085802	0.103532	0.003591	0.000467	0.019299
24	0.353907	0.031721	0.250365	0.151249	0.088916	0.102031	0.003174	0.000395	0.018242
25	0.355696	0.030586	0.251015	0.149857	0.092035	0.100182	0.002728	0.000353	0.017548
26	0.357813	0.029665	0.250647	0.148433	0.095191	0.098867	0.002496	0.000306	0.016582
27	0.359332	0.028811	0.251394	0.146556	0.098444	0.097172	0.002247	0.000241	0.015803
28	0.360848	0.027892	0.251351	0.145072	0.101776	0.096068	0.002010	0.000223	0.014760
29	0.361583	0.026910	0.251311	0.144269	0.105070	0.094813	0.001774	0.000183	0.014087
30	0.362880	0.025791	0.251603	0.142573	0.108202	0.093790	0.001555	0.000141	0.013465
31	0.363980	0.024671	0.251093	0.141190	0.112430	0.092350	0.001380	0.000125	0.012781
32	0.364384	0.023643	0.251258	0.139744	0.115951	0.091493	0.001192	0.000117	0.012218
33	0.365331	0.022791	0.250624	0.138605	0.119806	0.090034	0.001086	0.000105	0.011618
34	0.365438	0.021727	0.250748	0.137497	0.123514	0.088929	0.000938	0.000081	0.011128
35	0.365420	0.021119	0.250594	0.136308	0.127395	0.087564	0.000876	0.000082	0.010642
36	0.365228	0.020236	0.250835	0.134749	0.131590	0.086317	0.000777	0.000061	0.010207
37	0.365254	0.019402	0.250149	0.134030	0.135523	0.085172	0.000688	0.000050	0.009732
38	0.364710	0.018767	0.249538	0.133316	0.139808	0.083722	0.000606	0.000045	0.009488
39	0.364382	0.018107	0.248685	0.132168	0.143868	0.083300	0.000548	0.000039	0.008903
40	0.363410	0.017535	0.247654	0.131180	0.148532	0.082588	0.000500	0.000021	0.008580
41	0.363411	0.016896	0.246145	0.130259	0.153280	0.081273	0.000422	0.000021	0.008293
42	0.362492	0.016255	0.245251	0.129192	0.157798	0.080732	0.000372	0.000015	0.007893
43	0.361750	0.015669	0.244378	0.128024	0.162385	0.079854	0.000353	0.000017	0.007570
44	0.360913	0.015111	0.243062	0.126895	0.166915	0.079569	0.000295	0.000011	0.007229
45	0.360610	0.014399	0.241878	0.125693	0.171442	0.078819	0.000261	0.000013	0.006885
46	0.360016	0.013704	0.240189	0.125280	0.176141	0.077818	0.000223	0.000012	0.006617
47	0.357941	0.013143	0.239132	0.124198	0.181673	0.077308	0.000200	0.000006	0.006399
48	0.356136	0.012609	0.237845	0.123445	0.186889	0.076735	0.000170	0.000002	0.006169
49	0.354260	0.012093	0.237050	0.122828	0.192353	0.075468	0.000153	0.000000	0.005795
50	0.352721	0.011547	0.235396	0.122189	0.197398	0.075041	0.000158	0.000000	0.005550
51	0.350660	0.011280	0.233874	0.121201	0.203313	0.074250	0.000124	0.000000	0.005298
52	0.348554	0.010990	0.231948	0.120745	0.208653	0.073774	0.000133	0.000001	0.005202
53	0.345652	0.010683	0.230357	0.120382	0.214692	0.073084	0.000118	0.000000	0.005032
54	0.343560	0.010299	0.229211	0.119583	0.219725	0.072739	0.000111	0.000001	0.004771
55	0.341419	0.009894	0.227200	0.118983	0.225969	0.071780	0.000106	0.000000	0.004649
56	0.338890	0.009427	0.225599	0.118398	0.232009	0.071066	0.000084	0.000000	0.004527
57	0.336469	0.009010	0.223701	0.118161	0.237949	0.070343	0.000082	0.000000	0.004285
58	0.333622	0.008633	0.221616	0.117709	0.244200	0.070097	0.000083	0.000000	0.004040
59	0.330724	0.008230	0.220123	0.117520	0.250222	0.069211	0.000081	0.000000	0.003889
60	0.327931	0.007921	0.217927	0.116842	0.256696	0.068814	0.000072	0.000000	0.003797
61	0.324630	0.007577	0.215925	0.116662	0.263621	0.067905	0.000068	0.000000	0.003612
62	0.321606	0.007306	0.213835	0.116034	0.269740	0.067965	0.000052	0.000000	0.003462
63	0.318107	0.006956	0.211873	0.116107	0.275880	0.067710	0.000046	0.000000	0.003321
64	0.314835	0.006729	0.209628	0.115618	0.282482	0.067440	0.000049	0.000000	0.003219
65	0.311654	0.006407	0.207373	0.115179	0.289198	0.067129	0.000060	0.000000	0.003000
66	0.307794	0.006247	0.204803	0.115163	0.295994	0.067011	0.000045	0.000000	0.002943
67	0.304224	0.005963	0.202461	0.114751	0.302806	0.066884	0.000055	0.000000	0.002856
68	0.301232	0.005689	0.200472	0.114239	0.309556	0.065936	0.000059	0.000000	0.002817
69	0.297914	0.005444	0.197622	0.114491	0.316146	0.065663	0.000048	0.000000	0.002672
70	0.294147	0.005184	0.195443	0.114048	0.323243	0.065384	0.000041	0.000000	0.002510
71	0.290425	0.004953	0.192715	0.113896	0.330887	0.064676	0.000037	0.000000	0.002411
72	0.286769	0.004688	0.190231	0.113481	0.338260	0.064273	0.000027	0.000000	0.002271
73	0.282673	0.004453	0.187360	0.113534	0.345545	0.064177	0.000032	0.000000	0.002226
74	0.278038	0.004286	0.185109	0.113662	0.352800	0.064000	0.000027	0.000000	0.002078
75	0.274168	0.004134	0.182296	0.113896	0.360262	0.063251	0.000021	0.000000	0.001972
76	0.269938	0.003938	0.179344	0.113801	0.368203	0.062896	0.000019	0.000000	0.001861
77	0.265830	0.003722	0.176664	0.114067	0.375059	0.062835	0.000013	0.000000	0.001810
78	0.261416	0.003590	0.174352	0.113886	0.382412	0.062634	0.000019	0.000000	0.001691
79	0.257295	0.003498	0.171647	0.114135	0.389740	0.062034	0.000016	0.000000	0.001635
80	0.253014	0.003319	0.168864	0.114444	0.396863	0.061955	0.000017	0.000000	0.001524
81	0.248308	0.003243	0.165610	0.114889	0.404536	0.061901	0.000013	0.000000	0.001500
82	0.243509	0.003112	0.162670	0.114983	0.412260	0.062066	0.000007	0.000000	0.001393
83	0.239568	0.002895	0.159803	0.115327	0.419477	0.061611	0.000009	0.000000	0.001310
84	0.235561	0.002730	0.156759	0.115429	0.426510	0.061761	0.000006	0.000000	0.001244
85	0.231049	0.002646	0.153626	0.115697	0.433760	0.062041	0.000007	0.000000	0.001174
86	0.226666	0.002498	0.150954	0.115595	0.441455	0.061728	0.000005	0.000000	0.001099
87	0.222636	0.002349	0.147891	0.115905	0.448664	0.061511	0.000004	0.000000	0.001040
88	0.217497	0.002246	0.145614	0.116133	0.455879	0.061640	0.000004	0.000000	0.000987
89	0.213100	0.002164	0.142660	0.116223	0.463644	0.061246	0.000005	0.000000	0.000958
90	0.208866	0.002060	0.139703	0.116250	0.471008	0.061204	0.000005	0.000000	0.000904
91	0.204212	0.002035	0.136997	0.116535	0.478095	0.061216	0.000005	0.000000	0.000905
92	0.199659	0.001942	0.134500	0.116686	0.485093	0.061278	0.000004	0.000000	0.000838
93	0.195377	0.001835	0.131534	0.116890	0.492230	0.061348	0.000003	0.000000	0.000783
94	0.191157	0.001682	0.128178	0.117390	0.499348	0.061504	0.000005	0.000000	0.000736
95	0.186575	0.001613	0.125054	0.117666	0.506907	0.061469	0.000004	0.000000	0.000712
96	0.182295	0.001605	0.122191	0.117843	0.514084	0.061276	0.000002	0.000000	0.000704
97	0.177658	0.001499	0.119447	0.118064	0.521127	0.061536	0.000000	0.000000	0.000669
98	0.173634	0.001465	0.116676	0.118272	0.527861	0.061439	0.000001	0.000000	0.000652
99	0.169422	0.001399	0.113790	0.118551	0.534401	0.061839	0.000001	0.000000	0.000597
100	0.165673	0.001356	0.111042	0.118763	0.540913	0.061650	0.000002	0.000000	0.000601
101	0.161671	0.001210	0.107925	0.119104	0.547369	0.062152	0.000001	0.000000	0.000568
102	0.157062	0.001180	0.105347	0.119874	0.553814	0.062189	0.000001	0.000000	0.000533
103	0.152820	0.001147	0.102438	0.120037	0.560570	0.062518	0.000002	0.000000	0.000468
104	0.149188	0.001108	0.099280	0.120409	0.566871	0.062681	0.000002	0.000000	0.000461
105	0.145382	0.001039	0.096446	0.120958	0.573278	0.062469	0.000003	0.000000	0.000425
106	0.141283	0.001013	0.093763	0.120926	0.580042	0.062560	0.000002	0.000000	0.000411
107	0.137142	0.001006	0.091173	0.121116	0.586574	0.062614	0.000002	0.000000	0.000373
108	0.132962	0.000986	0.088458	0.121180	0.593642	0.062439	0.000001	0.000000	0.000332
109	0.129515	0.000925	0.085957	0.120936	0.599896	0.062417	0.000000	0.000000	0.000354
110	0.125267	0.000878	0.083477	0.121693	0.605955	0.062403	0.000000	0.000000	0.000327
111	0.121736	0.000874	0.080666	0.122149	0.611965	0.062317	0.000000	0.000000	0.000293
112	0.117783	0.000807	0.078288	0.122817	0.617501	0.062523	0.000000	0.000000	0.000281
113	0.114526	0.000736	0.075912	0.122966	0.622969	0.062636	0.000000	0.000000	0.000255
114	0.111095	0.000703	0.073346	0.123202	0.628610	0.062802	0.000000	0.000000	0.000242
115	0.107366	0.000650	0.070989	0.123508	0.634756	0.062511	0.000000	0.000000	0.000220
116	0.103657	0.000589	0.068675	0.123670	0.640604	0.062594	0.000000	0.000000	0.000211
117	0.100189	0.000580	0.066162	0.124057	0.645711	0.063106	0.000000	0.000000	0.000195
118	0.096649	0.000569	0.064333	0.124280	0.651004	0.062995	0.000000	0.000000	0.000170
119	0.093641	0.000544	0.061657	0.124837	0.656205	0.062957	0.000000	0.000000	0.000159
120	0.090322	0.000493	0.059496	0.125328	0.660979	0.063229	0.000000	0.000000	0.000153
121	0.086972	0.000465	0.057296	0.125459	0.666393	0.063287	0.000000	0.000000	0.000128
122	0.083809	0.000424	0.055300	0.125444	0.671414	0.063477	0.000000	0.000000	0.000132
123	0.080926	0.000439	0.053148	0.125720	0.676709	0.062927	0.000000	0.000000	0.000131
124	0.077697	0.000391	0.051196	0.125782	0.681911	0.062910	0.000000	0.000000	0.000113
125	0.074833	0.000327	0.049492	0.126090	0.685948	0.063201	0.000000	0.000000	0.000109
126	0.072031	0.000295	0.047878	0.126109	0.690520	0.063071	0.000000	0.000000	0.000096
127	0.069139	0.000258	0.046005	0.126987	0.694454	0.063073	0.000000	0.000000	0.000084
128	0.066432	0.000225	0.044164	0.127285	0.698692	0.063124	0.000000	0.000000	0.000078
129	0.063994	0.000188	0.042410	0.127107	0.703225	0.063010	0.000000	0.000000	0.000066
130	0.061208	0.000172	0.040682	0.127368	0.707189	0.063321	0.000000	0.000000	0.000060
131	0.058825	0.000162	0.039240	0.127295	0.711495	0.062926	0.000000	0.000000	0.000057
132	0.056383	0.000155	0.037718	0.127432	0.715243	0.063008	0.000000	0.000000	0.000061
133	0.053803	0.000145	0.035985	0.127904	0.719030	0.063074	0.000000	0.000000	0.000059
134	0.051347	0.000128	0.034679	0.127875	0.722552	0.063370	0.000000	0.000000	0.000049
135	0.049079	0.000129	0.033178	0.127988	0.725913	0.063671	0.000000	0.000000	0.000042
136	0.046944	0.000116	0.031669	0.128135	0.729205	0.063879	0.000000	0.000000	0.000052
137	0.044748	0.000110	0.030343	0.128869	0.732243	0.063640	0.000000	0.000000	0.000047
138	0.042689	0.000105	0.029202	0.128974	0.735453	0.063540	0.000000	0.000000	0.000037
139	0.040881	0.000092	0.027841	0.128898	0.738467	0.063780	0.000000	0.000000	0.000041
140	0.039288	0.000088	0.026493	0.129220	0.741174	0.063710	0.000000	0.000000	0.000027
141	0.037647	0.000087	0.025128	0.129459	0.744048	0.063598	0.000000	0.000000	0.000033
142	0.035843	0.000072	0.024082	0.129668	0.746534	0.063769	0.000000	0.000000	0.000032
143	0.034280	0.000073	0.022893	0.129543	0.749325	0.063861	0.000000	0.000000	0.000025
144	0.032870	0.000067	0.021618	0.129916	0.751618	0.063889	0.000000	0.000000	0.000022
145	0.031234	0.000065	0.020844	0.130538	0.753856	0.063441	0.000000	0.000000	0.000022
146	0.029794	0.000051	0.019708	0.130525	0.756451	0.063454	0.000000	0.000000	0.000017
147	0.028376	0.000039	0.018687	0.131089	0.758561	0.063232	0.000000	0.000000	0.000016
148	0.027086	0.000039	0.017785	0.131471	0.759875	0.063730	0.000000	0.000000	0.000014
149	0.025837	0.000035	0.016987	0.131325	0.762183	0.063625	0.000000	0.000000	0.000008
150	0.024416	0.000030	0.016091	0.131990	0.763655	0.063809	0.000000	0.000000	0.000009
151	0.023280	0.000036	0.015328	0.132118	0.765324	0.063903	0.000000	0.000000	0.000011
152	0.022161	0.000034	0.014601	0.132630	0.767020	0.063538	0.000000	0.000000	0.000016
153	0.021220	0.000023	0.013829	0.132727	0.768862	0.063326	0.000000	0.000000	0.000013
154	0.020350	0.000014	0.013165	0.132746	0.770550	0.063166	0.000000	0.000000	0.000009
155	0.019484	0.000011	0.012467	0.132553	0.772215	0.063263	0.000000	0.000000	0.000007
156	0.018642	0.000012	0.011988	0.132604	0.773489	0.063251	0.000000	0.000000	0.000014
157	0.017608	0.000018	0.011307	0.133212	0.774399	0.063443	0.000000	0.000000	0.000013
158	0.016707	0.000014	0.010681	0.133176	0.776087	0.063323	0.000000	0.000000	0.000012
159	0.016069	0.000007	0.010161	0.133197	0.777315	0.063241	0.000000	0.000000	0.000010
160	0.015136	0.000005	0.009578	0.133500	0.778167	0.063600	0.000000	0.000000	0.000014
161	0.014316	0.000003	0.009110	0.133543	0.779135	0.063882	0.000000	0.000000	0.000011
162	0.013448	0.000001	0.008662	0.133793	0.780115	0.063965	0.000000	0.000000	0.000016
163	0.012872	0.000001	0.008247	0.134115	0.780937	0.063808	0.000000	0.000000	0.000020
164	0.012204	0.000001	0.007840	0.134108	0.781858	0.063971	0.000000	0.000000	0.000018
165	0.011634	0.000001	0.007466	0.134070	0.783114	0.063699	0.000000	0.000000	0.000016
166	0.011008	0.000000	0.006971	0.133879	0.784734	0.063397	0.000000	0.000000	0.000011
167	0.010359	0.000000	0.006622	0.133876	0.785389	0.063738	0.000000	0.000000	0.000016
168	0.009799	0.000000	0.006217	0.134222	0.786061	0.063685	0.000000	0.000000	0.000016
169	0.009279	0.000000	0.005822	0.134688	0.786421	0.063780	0.000000	0.000000	0.000010
170	0.008717	0.000000	0.005569	0.134939	0.787127	0.063640	0.000000	0.000000	0.000008
171	0.008226	0.000000	0.005246	0.134791	0.788165	0.063561	0.000000	0.000000	0.000011
172	0.007749	0.000000	0.005058	0.134910	0.788388	0.063889	0.000000	0.000000	0.000006
173	0.007398	0.000000	0.004793	0.135209	0.789042	0.063556	0.000000	0.000000	0.000002
174	0.006936	0.000000	0.004506	0.135521	0.789242	0.063793	0.000000	0.000000	0.000002
175	0.006529	0.000000	0.004284	0.136170	0.789230	0.063786	0.000000	0.000000	0.000001
176	0.006127	0.000000	0.004029	0.136350	0.789833	0.063659	0.000000	0.000000	0.000002
177	0.005758	0.000000	0.003777	0.136672	0.790066	0.063726	0.000000	0.000000	0.000001
178	0.005356	0.000000	0.003593	0.136823	0.790326	0.063901	0.000000	0.000000	0.000001
179	0.005043	0.000000	0.003474	0.136111	0.791417	0.063953	0.000000	0.000000	0.000002
180	0.004773	0.000000	0.003299	0.136124	0.791979	0.063824	0.000000	0.000000	0.000001
181	0.004436	0.000000	0.003203	0.135818	0.792523	0.064020	0.000000	0.000000	0.000000
182	0.004181	0.000000	0.002937	0.135980	0.792730	0.064170	0.000000	0.000000	0.000002
183	0.003897	0.000000	0.002782	0.136414	0.792853	0.064052	0.000000	0.000000	0.000002
184	0.003694	0.000000	0.002598	0.136450	0.793292	0.063965	0.000000	0.000000	0.000001
185	0.003437	0.000000	0.002455	0.135892	0.794124	0.064091	0.000000	0.000000	0.000001
186	0.003163	0.000000	0.002375	0.136150	0.794422	0.063889	0.000000	0.000000	0.000001
187	0.003032	0.000000	0.002262	0.135820	0.794816	0.064069	0.000000	0.000000	0.000001
188	0.002843	0.000000	0.002114	0.135386	0.795458	0.064199	0.000000	0.000000	0.000000
189	0.002676	0.000000	0.001981	0.135259	0.795924	0.064160	0.000000	0.000000	0.000000
190	0.002443	0.000000	0.001952	0.135205	0.795976	0.064424	0.000000	0.000000	0.000000
191	0.002333	0.000000	0.001827	0.135382	0.795878	0.064580	0.000000	0.000000	0.000000
192	0.002178	0.000000	0.001751	0.135407	0.796477	0.064187	0.000000	0.000000	0.000000
193	0.002132	0.000000	0.001632	0.135423	0.796439	0.064374	0.000000	0.000000	0.000000
194	0.002008	0.000000	0.001583	0.135343	0.796092	0.064974	0.000000	0.000000	0.000000
195	0.001929	0.000000	0.001540	0.134999	0.796732	0.064800	0.000000	0.000000	0.000000
196	0.001761	0.000000	0.001471	0.135349	0.796558	0.064861	0.000000	0.000000	0.000000
197	0.001626	0.000000	0.001376	0.135563	0.797076	0.064359	0.000000	0.000000	0.000000
198	0.001515	0.000000	0.001329	0.135267	0.797351	0.064538	0.000000	0.000000	0.000000
199	0.001479	0.000000	0.001253	0.135312	0.797209	0.064747	0.000000	0.000000	0.000000
200	0.001398	0.000000	0.001236	0.135285	0.797396	0.064685	0.000000	0.000000	0.000000
201	0.001265	0.000000	0.001177	0.135371	0.797231	0.064956	0.000000	0.000000	0.000000
202	0.001130	0.000000	0.001104	0.135064	0.797491	0.065211	0.000000	0.000000	0.000000
203	0.001070	0.000000	0.001036	0.135215	0.797752	0.064927	0.000000	0.000000	0.000000
204	0.000965	0.000000	0.001031	0.135345	0.797376	0.065283	0.000000	0.000000	0.000000
205	0.000937	0.000000	0.000990	0.135574	0.797430	0.065069	0.000000	0.000000	0.000000
206	0.000875	0.000000	0.000960	0.135527	0.797684	0.064954	0.000000	0.000000	0.000000
207	0.000808	0.000000	0.000966	0.135516	0.797538	0.065172	0.000000	0.000000	0.000000
208	0.000755	0.000000	0.000886	0.135434	0.797800	0.065125	0.000000	0.000000	0.000000
209	0.000736	0.000000	0.000842	0.135000	0.798597	0.064825	0.000000	0.000000	0.000000
210	0.000698	0.000000	0.000819	0.134483	0.799002	0.064998	0.000000	0.000000	0.000000
211	0.000639	0.000000	0.000772	0.134413	0.799623	0.064553	0.000000	0.000000	0.000000
212	0.000597	0.000000	0.000725	0.134299	0.799959	0.064420	0.000000	0.000000	0.000000
213	0.000556	0.000000	0.000680	0.133938	0.800614	0.064212	0.000000	0.000000	0.000000
214	0.000536	0.000000	0.000633	0.133997	0.800524	0.064310	0.000000	0.000000	0.000000
215	0.000505	0.000000	0.000617	0.134529	0.799650	0.064699	0.000000	0.000000	0.000000
216	0.000506	0.000000	0.000582	0.134433	0.799895	0.064584	0.000000	0.000000	0.000000
217	0.000465	0.000000	0.000579	0.134382	0.800130	0.064444	0.000000	0.000000	0.000000
218	0.000438	0.000000	0.000582	0.134136	0.800549	0.064295	0.000000	0.000000	0.000000
219	0.000419	0.000000	0.000550	0.133982	0.800546	0.064503	0.000000	0.000000	0.000000
220	0.000403	0.000000	0.000544	0.134070	0.800566	0.064417	0.000000	0.000000	0.000000
221	0.000369	0.000000	0.000533	0.133944	0.800329	0.064825	0.000000	0.000000	0.000000
222	0.000368	0.000000	0.000506	0.134110	0.800298	0.064718	0.000000	0.000000	0.000000
223	0.000350	0.000000	0.000498	0.133897	0.800683	0.064572	0.000000	0.000000	0.000000
224	0.000345	0.000000	0.000488	0.134180	0.800669	0.064318	0.000000	0.000000	0.000000
225	0.000324	0.000000	0.000457	0.134269	0.800734	0.064216	0.000000	0.000000	0.000000
226	0.000312	0.000000	0.000479	0.133900	0.800995	0.064314	0.000000	0.000000	0.000000
227	0.000302	0.000000	0.000450	0.133741	0.801125	0.064382	0.000000	0.000000	0.000000
228	0.000283	0.000000	0.000433	0.133771	0.801005	0.064508	0.000000	0.000000	0.000000
229	0.000257	0.000000	0.000444	0.133475	0.801497	0.064327	0.000000	0.000000	0.000000
230	0.000233	0.000000	0.000442	0.133614	0.801287	0.064424	0.000000	0.000000	0.000000
231	0.000234	0.000000	0.000406	0.133871	0.801309	0.064180	0.000000	0.000000	0.000000
232	0.000242	0.000000	0.000391	0.133471	0.801655	0.064241	0.000000	0.000000	0.000000
233	0.000238	0.000000	0.000368	0.133482	0.801724	0.064188	0.000000	0.000000	0.000000
234	0.000227	0.000000	0.000348	0.133485	0.801703	0.064237	0.000000	0.000000	0.000000
235	0.000234	0.000000	0.000335	0.133596	0.801272	0.064563	0.000000	0.000000	0.000000
236	0.000238	0.000000	0.000324	0.133698	0.800826	0.064914	0.000000	0.000000	0.000000
237	0.000250	0.000000	0.000330	0.134108	0.800345	0.064967	0.000000	0.000000	0.000000
238	0.000255	0.000000	0.000342	0.134133	0.800547	0.064723	0.000000	0.000000	0.000000
239	0.000241	0.000000	0.000327	0.134412	0.800273	0.064747	0.000000	0.000000	0.000000
240	0.000248	0.000000	0.000319	0.133956	0.800853	0.064624	0.000000	0.000000	0.000000
241	0.000222	0.000000	0.000311	0.133907	0.801024	0.064536	0.000000	0.000000	0.000000
242	0.000220	0.000000	0.000292	0.133900	0.801004	0.064584	0.000000	0.000000	0.000000
243	0.000213	0.000000	0.000267	0.133975	0.801385	0.064160	0.000000	0.000000	0.000000
244	0.000187	0.000000	0.000288	0.134241	0.800907	0.064377	0.000000	0.000000	0.000000
245	0.000195	0.000000	0.000276	0.134149	0.800870	0.064510	0.000000	0.000000	0.000000
246	0.000181	0.000000	0.000270	0.134033	0.800915	0.064601	0.000000	0.000000	0.000000
247	0.000180	0.000000	0.000279	0.134099	0.800822	0.064620	0.000000	0.000000	0.000000
248	0.000183	0.000000	0.000256	0.134270	0.801090	0.064201	0.000000	0.000000	0.000000
249	0.000167	0.000000	0.000265	0.134067	0.800741	0.064760	0.000000	0.000000	0.000000
250	0.000170	0.000000	0.000264	0.133972	0.800905	0.064689	0.000000	0.000000	0.000000
251	0.000162	0.000000	0.000243	0.134002	0.801022	0.064571	0.000000	0.000000	0.000000
252	0.000154	0.000000	0.000233	0.133707	0.801176	0.064730	0.000000	0.000000	0.000000
253	0.000163	0.000000	0.000240	0.133561	0.801518	0.064518	0.000000	0.000000	0.000000
254	0.000157	0.000000	0.000240	0.133449	0.801425	0.064729	0.000000	0.000000	0.000000
255	0.000144	0.000000	0.000224	0.133493	0.801489	0.064650	0.000000	0.000000	0.000000
256	0.000151	0.000000	0.000225	0.133096	0.801806	0.064722	0.000000	0.000000	0.000000
257	0.000157	0.000000	0.000224	0.133135	0.801607	0.064877	0.000000	0.000000	0.000000
258	0.000154	0.000000	0.000223	0.133181	0.801307	0.065135	0.000000	0.000000	0.000000
259	0.000149	0.000000	0.000220	0.133184	0.801637	0.064810	0.000000	0.000000	0.000000
260	0.000136	0.000000	0.000211	0.133592	0.801375	0.064686	0.000000	0.000000	0.000000
261	0.000139	0.000000	0.000202	0.133491	0.801581	0.064587	0.000000	0.000000	0.000000
262	0.000123	0.000000	0.000210	0.133059	0.802198	0.064410	0.000000	0.000000	0.000000
263	0.000129	0.000000	0.000219	0.133099	0.801745	0.064808	0.000000	0.000000	0.000000
264	0.000130	0.000000	0.000190	0.132899	0.801943	0.064838	0.000000	0.000000	0.000000
265	0.000107	0.000000	0.000202	0.133068	0.801961	0.064662	0.000000	0.000000	0.000000
266	0.000116	0.000000	0.000187	0.132641	0.801954	0.065102	0.000000	0.000000	0.000000
267	0.000113	0.000000	0.000177	0.132399	0.802365	0.064946	0.000000	0.000000	0.000000
268	0.000093	0.000000	0.000165	0.132323	0.802573	0.064846	0.000000	0.000000	0.000000
269	0.000099	0.000000	0.000161	0.132141	0.802529	0.065070	0.000000	0.000000	0.000000
270	0.000098	0.000000	0.000145	0.132184	0.802868	0.064705	0.000000	0.000000	0.000000
271	0.000086	0.000000	0.000125	0.132021	0.802752	0.065016	0.000000	0.000000	0.000000
272	0.000084	0.000000	0.000118	0.131998	0.803031	0.064769	0.000000	0.000000	0.000000
273	0.000085	0.000000	0.000113	0.132015	0.802688	0.065099	0.000000	0.000000	0.000000
274	0.000090	0.000000	0.000108	0.131746	0.802991	0.065065	0.000000	0.000000	0.000000
275	0.000096	0.000000	0.000111	0.131542	0.802977	0.065274	0.000000	0.000000	0.000000
276	0.000094	0.000000	0.000113	0.131732	0.803053	0.065008	0.000000	0.000000	0.000000
277	0.000100	0.000000	0.000122	0.131493	0.803426	0.064859	0.000000	0.000000	0.000000
278	0.000097	0.000000	0.000123	0.131442	0.803409	0.064929	0.000000	0.000000	0.000000
279	0.000104	0.000000	0.000115	0.131558	0.803200	0.065023	0.000000	0.000000	0.000000
280	0.000095	0.000000	0.000118	0.131187	0.803544	0.065056	0.000000	0.000000	0.000000
281	0.000081	0.000000	0.000124	0.130741	0.804017	0.065037	0.000000	0.000000	0.000000
282	0.000073	0.000000	0.000125	0.130214	0.804483	0.065105	0.000000	0.000000	0.000000
283	0.000068	0.000000	0.000129	0.130029	0.804494	0.065280	0.000000	0.000000	0.000000
284	0.000058	0.000000	0.000131	0.130173	0.804245	0.065393	0.000000	0.000000	0.000000
285	0.000058	0.000000	0.000137	0.129950	0.804790	0.065065	0.000000	0.000000	0.000000
286	0.000048	0.000000	0.000124	0.130047	0.804758	0.065023	0.000000	0.000000	0.000000
287	0.000052	0.000000	0.000127	0.130530	0.804240	0.065051	0.000000	0.000000	0.000000
288	0.000043	0.000000	0.000122	0.130544	0.803866	0.065425	0.000000	0.000000	0.000000
289	0.000050	0.000000	0.000122	0.130312	0.804151	0.065365	0.000000	0.000000	0.000000
290	0.000048	0.000000	0.000132	0.130387	0.803821	0.065612	0.000000	0.000000	0.000000
291	0.000052	0.000000	0.000128	0.130366	0.804350	0.065104	0.000000	0.000000	0.000000
292	0.000055	0.000000	0.000125	0.130277	0.804377	0.065166	0.000000	0.000000	0.000000
293	0.000062	0.000000	0.000119	0.130486	0.804088	0.065245	0.000000	0.000000	0.000000
294	0.000064	0.000000	0.000110	0.130560	0.804256	0.065010	0.000000	0.000000	0.000000
295	0.000059	0.000000	0.000115	0.131028	0.803687	0.065111	0.000000	0.000000	0.000000
296	0.000067	0.000000	0.000121	0.130890	0.803765	0.065157	0.000000	0.000000	0.000000
297	0.000076	0.000000	0.000118	0.130914	0.803721	0.065171	0.000000	0.000000	0.000000
298	0.000074	0.000000	0.000121	0.130828	0.803823	0.065154	0.000000	0.000000	0.000000
299	0.000070	0.000000	0.000113	0.131150	0.803561	0.065106	0.000000	0.000000	0.000000
300	0.000068	0.000000	0.000109	0.131336	0.803382	0.065105	0.000000	0.000000	0.000000
301	0.000072	0.000000	0.000116	0.131755	0.802894	0.065163	0.000000	0.000000	0.000000
302	0.000072	0.000000	0.000109	0.131664	0.803265	0.064890	0.000000	0.000000	0.000000
303	0.000077	0.000000	0.000127	0.131886	0.802656	0.065254	0.000000	0.000000	0.000000
304	0.000074	0.000000	0.000120	0.131491	0.803023	0.065292	0.000000	0.000000	0.000000
305	0.000072	0.000000	0.000118	0.131446	0.803164	0.065200	0.000000	0.000000	0.000000
306	0.000066	0.000000	0.000118	0.131683	0.802893	0.065240	0.000000	0.000000	0.000000
307	0.000049	0.000000	0.000121	0.131600	0.803107	0.065123	0.000000	0.000000	0.000000
308	0.000050	0.000000	0.000128	0.131516	0.803420	0.064886	0.000000	0.000000	0.000000
309	0.000052	0.000000	0.000123	0.131805	0.803285	0.064735	0.000000	0.000000	0.000000
310	0.000053	0.000000	0.000138	0.132002	0.803017	0.064790	0.000000	0.000000	0.000000
311	0.000049	0.000000	0.000154	0.132105	0.803244	0.064448	0.000000	0.000000	0.000000
312	0.000044	0.000000	0.000142	0.132074	0.803436	0.064304	0.000000	0.000000	0.000000
313	0.000036	0.000000	0.000138	0.131587	0.803907	0.064332	0.000000	0.000000	0.000000
314	0.000034	0.000000	0.000133	0.131610	0.803690	0.064533	0.000000	0.000000	0.000000
315	0.000034	0.000000	0.000135	0.131679	0.803828	0.064324	0.000000	0.000000	0.000000
316	0.000036	0.000000	0.000136	0.131739	0.803880	0.064209	0.000000	0.000000	0.000000
317	0.000031	0.000000	0.000128	0.131446	0.803937	0.064458	0.000000	0.000000	0.000000
318	0.000027	0.000000	0.000131	0.131160	0.804529	0.064153	0.000000	0.000000	0.000000
319	0.000030	0.000000	0.000124	0.131233	0.803930	0.064683	0.000000	0.000000	0.000000
320	0.000029	0.000000	0.000139	0.130878	0.804187	0.064767	0.000000	0.000000	0.000000
321	0.000024	0.000000	0.000134	0.131431	0.803697	0.064714	0.000000	0.000000	0.000000
322	0.000023	0.000000	0.000128	0.131505	0.803670	0.064674	0.000000	0.000000	0.000000
323	0.000017	0.000000	0.000125	0.131591	0.803584	0.064683	0.000000	0.000000	0.000000
324	0.000017	0.000000	0.000135	0.131243	0.803621	0.064984	0.000000	0.000000	0.000000
325	0.000016	0.000000	0.000118	0.131442	0.803469	0.064955	0.000000	0.000000	0.000000
326	0.000015	0.000000	0.000120	0.131740	0.803060	0.065065	0.000000	0.000000	0.000000
327	0.000017	0.000000	0.000114	0.131447	0.803436	0.064986	0.000000	0.000000	0.000000
328	0.000019	0.000000	0.000095	0.131337	0.803696	0.064853	0.000000	0.000000	0.000000
329	0.000020	0.000000	0.000088	0.131421	0.803562	0.064909	0.000000	0.000000	0.000000
330	0.000024	0.000000	0.000075	0.131356	0.803421	0.065124	0.000000	0.000000	0.000000
331	0.000026	0.000000	0.000078	0.131558	0.803319	0.065019	0.000000	0.000000	0.000000
332	0.000027	0.000000	0.000063	0.131565	0.803606	0.064739	0.000000	0.000000	0.000000
333	0.000027	0.000000	0.000048	0.131817	0.803461	0.064647	0.000000	0.000000	0.000000
334	0.000034	0.000000	0.000038	0.131787	0.803425	0.064716	0.000000	0.000000	0.000000
335	0.000036	0.000000	0.000034	0.132215	0.802922	0.064793	0.000000	0.000000	0.000000
336	0.000035	0.000000	0.000029	0.131985	0.803319	0.064632	0.000000	0.000000	0.000000
337	0.000037	0.000000	0.000019	0.131734	0.803586	0.064624	0.000000	0.000000	0.000000
338	0.000039	0.000000	0.000023	0.131814	0.803260	0.064864	0.000000	0.000000	0.000000
339	0.000033	0.000000	0.000020	0.132108	0.802824	0.065015	0.000000	0.000000	0.000000
340	0.000029	0.000000	0.000018	0.131994	0.803174	0.064785	0.000000	0.000000	0.000000
341	0.000040	0.000000	0.000020	0.131805	0.802954	0.065181	0.000000	0.000000	0.000000
342	0.000041	0.000000	0.000020	0.131599	0.803311	0.065029	0.000000	0.000000	0.000000
343	0.000035	0.000000	0.000019	0.131356	0.803858	0.064732	0.000000	0.000000	0.000000
344	0.000034	0.000000	0.000013	0.131773	0.803131	0.065049	0.000000	0.000000	0.000000
345	0.000034	0.000000	0.000009	0.131905	0.802796	0.065256	0.000000	0.000000	0.000000
346	0.000026	0.000000	0.000011	0.132129	0.802825	0.065009	0.000000	0.000000	0.000000
347	0.000025	0.000000	0.000004	0.132117	0.802914	0.064940	0.000000	0.000000	0.000000
348	0.000026	0.000000	0.000003	0.132580	0.802662	0.064729	0.000000	0.000000	0.000000
349	0.000025	0.000000	0.000004	0.132144	0.802773	0.065054	0.000000	0.000000	0.000000
350	0.000017	0.000000	0.000003	0.132240	0.802462	0.065278	0.000000	0.000000	0.000000
351	0.000021	0.000000	0.000005	0.132403	0.802558	0.065013	0.000000	0.000000	0.000000
352	0.000024	0.000000	0.000003	0.132297	0.802422	0.065254	0.000000	0.000000	0.000000
353	0.000016	0.000000	0.000002	0.132090	0.802612	0.065280	0.000000	0.000000	0.000000
354	0.000015	0.000000	0.000002	0.131895	0.802620	0.065468	0.000000	0.000000	0.000000
355	0.000014	0.000000	0.000000	0.132234	0.802406	0.065346	0.000000	0.000000	0.000000
356	0.000011	0.000000	0.000000	0.132337	0.802368	0.065284	0.000000	0.000000	0.000000
357	0.000008	0.000000	0.000000	0.132572	0.802347	0.065073	0.000000	0.000000	0.000000
358	0.000008	0.000000	0.000000	0.132425	0.802552	0.065015	0.000000	0.000000	0.000000
359	0.000011	0.000000	0.000000	0.132223	0.802428	0.065338	0.000000	0.000000	0.000000
360	0.000012	0.000000	0.000000	0.132536	0.802264	0.065188	0.000000	0.000000	0.000000
361	0.000008	0.000000	0.000000	0.132516	0.802519	0.064957	0.000000	0.000000	0.000000
362	0.000004	0.000000	0.000000	0.132275	0.802979	0.064742	0.000000	0.000000	0.000000
363	0.000000	0.000000	0.000000	0.132615	0.802827	0.064558	0.000000	0.000000	0.000000
364	0.000000	0.000000	0.000000	0.132555	0.803047	0.064398	0.000000	0.000000	0.000000
365	0.000000	0.000000	0.000000	0.132239	0.803099	0.064662	0.000000	0.000000	0.000000
366	0.000000	0.000000	0.000000	0.132260	0.803069	0.064671	0.000000	0.000000	0.000000
367	0.000000	0.000000	0.000000	0.132035	0.803544	0.064421	0.000000	0.000000	0.000000
368	0.000000	0.000000	0.000000	0.132434	0.802761	0.064805	0.000000	0.000000	0.000000
369	0.000000	0.000000	0.000000	0.132120	0.803111	0.064769	0.000000	0.000000	0.000000
370	0.000000	0.000000	0.000000	0.132152	0.803111	0.064737	0.000000	0.000000	0.000000
371	0.000000	0.000000	0.000000	0.132381	0.802700	0.064919	0.000000	0.000000	0.000000
372	0.000000	0.000000	0.000000	0.132022	0.803191	0.064787	0.000000	0.000000	0.000000
373	0.000000	0.000000	0.000000	0.132202	0.802826	0.064972	0.000000	0.000000	0.000000
374	0.000000	0.000000	0.000000	0.132303	0.802672	0.065025	0.000000	0.000000	0.000000
375	0.000000	0.000000	0.000000	0.131997	0.802831	0.065172	0.000000	0.000000	0.000000
376	0.000000	0.000000	0.000000	0.132447	0.801925	0.065628	0.000000	0.000000	0.000000
377	0.000000	0.000000	0.000000	0.132495	0.802159	0.065346	0.000000	0.000000	0.000000
378	0.000000	0.000000	0.000000	0.132712	0.801882	0.065406	0.000000	0.000000	0.000000
379	0.000000	0.000000	0.000000	0.133078	0.801756	0.065166	0.000000	0.000000	0.000000
380	0.000000	0.000000	0.000000	0.132943	0.801754	0.065303	0.000000	0.000000	0.000000
381	0.000000	0.000000	0.000000	0.132854	0.801704	0.065442	0.000000	0.000000	0.000000
382	0.000000	0.000000	0.000000	0.133000	0.801550	0.065450	0.000000	0.000000	0.000000
383	0.000000	0.000000	0.000000	0.133244	0.801180	0.065576	0.000000	0.000000	0.000000
384	0.000000	0.000000	0.000000	0.133268	0.801108	0.065624	0.000000	0.000000	0.000000
385	0.000000	0.000000	0.000000	0.133224	0.801239	0.065537	0.000000	0.000000	0.000000
386	0.000000	0.000000	0.000000	0.133001	0.801673	0.065326	0.000000	0.000000	0.000000
387	0.000000	0.000000	0.000000	0.132783	0.801695	0.065522	0.000000	0.000000	0.000000
388	0.000000	0.000000	0.000000	0.132503	0.801955	0.065542	0.000000	0.000000	0.000000
389	0.000000	0.000000	0.000000	0.131889	0.802644	0.065467	0.000000	0.000000	0.000000
390	0.000000	0.000000	0.000000	0.131979	0.802398	0.065623	0.000000	0.000000	0.000000
391	0.000000	0.000000	0.000000	0.132041	0.801994	0.065965	0.000000	0.000000	0.000000
392	0.000000	0.000000	0.000000	0.132309	0.802072	0.065619	0.000000	0.000000	0.000000
393	0.000000	0.000000	0.000000	0.132766	0.801562	0.065672	0.000000	0.000000	0.000000
394	0.000000	0.000000	0.000000	0.132955	0.801565	0.065480	0.000000	0.000000	0.000000
395	0.000000	0.000000	0.000000	0.132568	0.801704	0.065728	0.000000	0.000000	0.000000
396	0.000000	0.000000	0.000000	0.132303	0.802099	0.065598	0.000000	0.000000	0.000000
397	0.000000	0.000000	0.000000	0.132389	0.801660	0.065951	0.000000	0.000000	0.000000
398	0.000000	0.000000	0.000000	0.131979	0.802166	0.065855	0.000000	0.000000	0.000000
399	0.000000	0.000000	0.000000	0.131843	0.802365	0.065792	0.000000	0.000000	0.000000
400	0.000000	0.000000	0.000000	0.131871	0.802246	0.065883	0.000000	0.000000	0.000000
401	0.000000	0.000000	0.000000	0.131900	0.802229	0.065871	0.000000	0.000000	0.000000
402	0.000000	0.000000	0.000000	0.132344	0.801760	0.065896	0.000000	0.000000	0.000000
403	0.000000	0.000000	0.000000	0.132155	0.801911	0.065934	0.000000	0.000000	0.000000
404	0.000000	0.000000	0.000000	0.132481	0.801583	0.065936	0.000000	0.000000	0.000000
405	0.000000	0.000000	0.000000	0.132766	0.801094	0.066140	0.000000	0.000000	0.000000
406	0.000000	0.000000	0.000000	0.132506	0.801415	0.066079	0.000000	0.000000	0.000000
407	0.000000	0.000000	0.000000	0.132436	0.801324	0.066240	0.000000	0.000000	0.000000
408	0.000000	0.000000	0.000000	0.132612	0.801005	0.066383	0.000000	0.000000	0.000000
409	0.000000	0.000000	0.000000	0.132652	0.800754	0.066594	0.000000	0.000000	0.000000
410	0.000000	0.000000	0.000000	0.132540	0.800865	0.066595	0.000000	0.000000	0.000000
411	0.000000	0.000000	0.000000	0.132934	0.800806	0.066260	0.000000	0.000000	0.000000
412	0.000000	0.000000	0.000000	0.133250	0.800567	0.066183	0.000000	0.000000	0.000000
413	0.000000	0.000000	0.000000	0.133515	0.800100	0.066385	0.000000	0.000000	0.000000
414	0.000000	0.000000	0.000000	0.133062	0.800520	0.066418	0.000000	0.000000	0.000000
415	0.000000	0.000000	0.000000	0.133346	0.800527	0.066127	0.000000	0.000000	0.000000
416	0.000000	0.000000	0.000000	0.133944	0.799638	0.066418	0.000000	0.000000	0.000000
417	0.000000	0.000000	0.000000	0.134276	0.799219	0.066505	0.000000	0.000000	0.000000
418	0.000000	0.000000	0.000000	0.134286	0.799042	0.066672	0.000000	0.000000	0.000000
419	0.000000	0.000000	0.000000	0.134162	0.799668	0.066170	0.000000	0.000000	0.000000
420	0.000000	0.000000	0.000000	0.134563	0.799137	0.066300	0.000000	0.000000	0.000000
421	0.000000	0.000000	0.000000	0.134439	0.799179	0.066382	0.000000	0.000000	0.000000
422	0.000000	0.000000	0.000000	0.134329	0.799083	0.066588	0.000000	0.000000	0.000000
423	0.000000	0.000000	0.000000	0.134467	0.798858	0.066675	0.000000	0.000000	0.000000
424	0.000000	0.000000	0.000000	0.134392	0.799144	0.066464	0.000000	0.000000	0.000000
425	0.000000	0.000000	0.000000	0.135023	0.798651	0.066326	0.000000	0.000000	0.000000
426	0.000000	0.000000	0.000000	0.135092	0.798439	0.066469	0.000000	0.000000	0.000000
427	0.000000	0.000000	0.000000	0.135240	0.798545	0.066215	0.000000	0.000000	0.000000
428	0.000000	0.000000	0.000000	0.135592	0.797964	0.066444	0.000000	0.000000	0.000000
429	0.000000	0.000000	0.000000	0.135263	0.798294	0.066443	0.000000	0.000000	0.000000
430	0.000000	0.000000	0.000000	0.135425	0.798141	0.066434	0.000000	0.000000	0.000000
431	0.000000	0.000000	0.000000	0.135474	0.797971	0.066555	0.000000	0.000000	0.000000
432	0.000000	0.000000	0.000000	0.135136	0.798259	0.066605	0.000000	0.000000	0.000000
433	0.000000	0.000000	0.000000	0.135189	0.798421	0.066390	0.000000	0.000000	0.000000
434	0.000000	0.000000	0.000000	0.135657	0.797613	0.066730	0.000000	0.000000	0.000000
435	0.000000	0.000000	0.000000	0.135608	0.797784	0.066608	0.000000	0.000000	0.000000
436	0.000000	0.000000	0.000000	0.135534	0.797961	0.066505	0.000000	0.000000	0.000000
437	0.000000	0.000000	0.000000	0.135789	0.797666	0.066545	0.000000	0.000000	0.000000
438	0.000000	0.000000	0.000000	0.135850	0.798082	0.066068	0.000000	0.000000	0.000000
439	0.000000	0.000000	0.000000	0.135875	0.798057	0.066068	0.000000	0.000000	0.000000
440	0.000000	0.000000	0.000000	0.135827	0.798420	0.065753	0.000000	0.000000	0.000000
441	0.000000	0.000000	0.000000	0.136085	0.797732	0.066183	0.000000	0.000000	0.000000
442	0.000000	0.000000	0.000000	0.136165	0.797657	0.066178	0.000000	0.000000	0.000000
443	0.000000	0.000000	0.000000	0.135810	0.798147	0.066043	0.000000	0.000000	0.000000
444	0.000000	0.000000	0.000000	0.136053	0.797692	0.066255	0.000000	0.000000	0.000000
445	0.000000	0.000000	0.000000	0.136201	0.798033	0.065766	0.000000	0.000000	0.000000
446	0.000000	0.000000	0.000000	0.135754	0.798768	0.065478	0.000000	0.000000	0.000000
447	0.000000	0.000000	0.000000	0.135886	0.798403	0.065711	0.000000	0.000000	0.000000
448	0.000000	0.000000	0.000000	0.135623	0.798667	0.065710	0.000000	0.000000	0.000000
449	0.000000	0.000000	0.000000	0.135790	0.798440	0.065770	0.000000	0.000000	0.000000
450	0.000000	0.000000	0.000000	0.136434	0.797974	0.065592	0.000000	0.000000	0.000000
451	0.000000	0.000000	0.000000	0.136344	0.797765	0.065891	0.000000	0.000000	0.000000
452	0.000000	0.000000	0.000000	0.136306	0.797788	0.065906	0.000000	0.000000	0.000000
453	0.000000	0.000000	0.000000	0.136554	0.797624	0.065822	0.000000	0.000000	0.000000
454	0.000000	0.000000	0.000000	0.136535	0.797380	0.066085	0.000000	0.000000	0.000000
455	0.000000	0.000000	0.000000	0.136633	0.797304	0.066063	0.000000	0.000000	0.000000
456	0.000000	0.000000	0.000000	0.136290	0.797768	0.065942	0.000000	0.000000	0.000000
457	0.000000	0.000000	0.000000	0.136407	0.797550	0.066043	0.000000	0.000000	0.000000
458	0.000000	0.000000	0.000000	0.136637	0.797123	0.066240	0.000000	0.000000	0.000000
459	0.000000	0.000000	0.000000	0.136882	0.796797	0.066321	0.000000	0.000000	0.000000
460	0.000000	0.000000	0.000000	0.136916	0.796997	0.066087	0.000000	0.000000	0.000000
461	0.000000	0.000000	0.000000	0.137214	0.796639	0.066147	0.000000	0.000000	0.000000
462	0.000000	0.000000	0.000000	0.137434	0.796604	0.065962	0.000000	0.000000	0.000000
463	0.000000	0.000000	0.000000	0.137387	0.796234	0.066379	0.000000	0.000000	0.000000
464	0.000000	0.000000	0.000000	0.137312	0.796233	0.066455	0.000000	0.000000	0.000000
465	0.000000	0.000000	0.000000	0.137421	0.796092	0.066487	0.000000	0.000000	0.000000
466	0.000000	0.000000	0.000000	0.137360	0.795838	0.066802	0.000000	0.000000	0.000000
467	0.000000	0.000000	0.000000	0.137523	0.795797	0.066680	0.000000	0.000000	0.000000
468	0.000000	0.000000	0.000000	0.137296	0.796108	0.066596	0.000000	0.000000	0.000000
469	0.000000	0.000000	0.000000	0.137422	0.795987	0.066591	0.000000	0.000000	0.000000
470	0.000000	0.000000	0.000000	0.137200	0.796097	0.066703	0.000000	0.000000	0.000000
