0	0.290663	0.057897	0.229473	0.157588	0.029913	0.111872	0.085455	0.012259	0.024880
1	0.225368	0.046396	0.195778	0.146567	0.029833	0.125661	0.117552	0.023058	0.089787
2	0.219978	0.045101	0.190520	0.147217	0.031604	0.126739	0.117074	0.023036	0.098731
3	0.220772	0.044107	0.186865	0.148873	0.033354	0.125873	0.113668	0.021837	0.104651
4	0.222052	0.043299	0.183916	0.150751	0.035645	0.124716	0.110017	0.020704	0.108900
5	0.224515	0.042266	0.180642	0.152815	0.038107	0.122211	0.106120	0.019493	0.113831
6	0.226534	0.041275	0.177056	0.154880	0.040485	0.120696	0.102629	0.018279	0.118166
7	0.229099	0.040607	0.173481	0.156910	0.043017	0.118625	0.098511	0.017320	0.122430
8	0.231827	0.039947	0.170125	0.158768	0.046000	0.116223	0.094173	0.016143	0.126794
9	0.233820	0.039029	0.166290	0.160195	0.048808	0.114000	0.090969	0.015229	0.131660
10	0.236847	0.038049	0.162667	0.161648	0.051852	0.110995	0.087547	0.014216	0.136179
11	0.239749	0.037092	0.158533	0.162971	0.054844	0.108498	0.084273	0.013314	0.140726
12	0.241921	0.035822	0.154560	0.165071	0.057922	0.106147	0.080563	0.012732	0.145262
13	0.244587	0.034761	0.150797	0.165956	0.061316	0.103542	0.077362	0.011972	0.149707
14	0.246536	0.033757	0.147111	0.167454	0.064841	0.101036	0.074442	0.011230	0.153593
15	0.248840	0.032730	0.143297	0.168658	0.068267	0.098271	0.071509	0.010546	0.157882
16	0.250870	0.031778	0.139603	0.169587	0.071884	0.095594	0.068641	0.009918	0.162125
17	0.252639	0.030665	0.136207	0.170684	0.075625	0.092970	0.065714	0.009298	0.166198
18	0.254428	0.030103	0.131974	0.172043	0.079337	0.090298	0.062823	0.008871	0.170123
19	0.255478	0.029323	0.128527	0.173107	0.083693	0.088053	0.060021	0.008139	0.173659
20	0.257252	0.028144	0.125032	0.173263	0.088057	0.085843	0.057645	0.007700	0.177064
21	0.259177	0.027236	0.121118	0.174091	0.092679	0.083286	0.055238	0.007099	0.180076
22	0.260136	0.026573	0.117426	0.175062	0.097136	0.081112	0.052524	0.006750	0.183281
23	0.261571	0.025657	0.113381	0.176374	0.101531	0.078402	0.050551	0.006328	0.186205
24	0.262461	0.024579	0.110222	0.177484	0.106379	0.076116	0.048162	0.005902	0.188695
25	0.263602	0.023713	0.106886	0.177962	0.111154	0.073705	0.045796	0.005508	0.191674
26	0.263790	0.022751	0.103520	0.179468	0.116029	0.071679	0.043966	0.005195	0.193602
27	0.264505	0.021947	0.100169	0.180265	0.120770	0.069531	0.041875	0.004959	0.195979
28	0.265588	0.020986	0.097168	0.180974	0.125832	0.066872	0.040194	0.004574	0.197812
29	0.265963	0.020154	0.094011	0.181459	0.131292	0.064825	0.038119	0.004294	0.199883
30	0.266454	0.019391	0.090699	0.181909	0.136446	0.063046	0.036481	0.004005	0.201569
31	0.266893	0.018574	0.087586	0.182271	0.141924	0.061578	0.034506	0.003833	0.202835
32	0.266911	0.017811	0.084222	0.182720	0.147696	0.059678	0.033139	0.003460	0.204363
33	0.267296	0.017148	0.081088	0.183273	0.153352	0.057852	0.031429	0.003203	0.205359
34	0.267084	0.016583	0.078516	0.183533	0.158916	0.056415	0.029815	0.002999	0.206139
35	0.266884	0.015887	0.075628	0.184251	0.165029	0.054394	0.028527	0.002761	0.206639
36	0.266268	0.015153	0.073066	0.184237	0.171452	0.052488	0.027233	0.002647	0.207456
37	0.265428	0.014640	0.070331	0.184772	0.177894	0.050943	0.025920	0.002296	0.207776
38	0.265279	0.013924	0.067638	0.185527	0.184129	0.049550	0.024561	0.002194	0.207198
39	0.264543	0.013111	0.065073	0.185973	0.190823	0.048178	0.023354	0.002073	0.206872
40	0.263615	0.012468	0.062637	0.186186	0.197182	0.047113	0.022100	0.001951	0.206748
41	0.262803	0.011783	0.060031	0.186787	0.203948	0.045552	0.020884	0.001778	0.206434
42	0.262520	0.011144	0.057558	0.187157	0.210724	0.044036	0.019717	0.001606	0.205538
43	0.261220	0.010762	0.055285	0.187419	0.217721	0.042955	0.018660	0.001472	0.204506
44	0.260096	0.010186	0.053103	0.187690	0.224708	0.042067	0.017558	0.001344	0.203248
45	0.258792	0.009749	0.051169	0.188352	0.231828	0.040739	0.016372	0.001273	0.201726
46	0.257271	0.009316	0.049565	0.189037	0.238649	0.039671	0.015317	0.001205	0.199969
47	0.255982	0.008907	0.047607	0.188952	0.245936	0.038964	0.014269	0.001077	0.198306
48	0.254121	0.008526	0.045874	0.189346	0.253554	0.037853	0.013514	0.001052	0.196160
49	0.252283	0.008173	0.044115	0.190001	0.260972	0.036582	0.012576	0.000999	0.194299
50	0.250868	0.007835	0.042021	0.191045	0.267954	0.035568	0.011920	0.000865	0.191924
51	0.248327	0.007305	0.040265	0.192115	0.275354	0.034836	0.011304	0.000768	0.189726
52	0.246552	0.006981	0.038402	0.193087	0.282286	0.034003	0.010534	0.000697	0.187458
53	0.244235	0.006633	0.036745	0.193349	0.290219	0.033122	0.009972	0.000634	0.185091
54	0.242209	0.006336	0.035442	0.194205	0.297343	0.032509	0.009346	0.000572	0.182038
55	0.239915	0.006002	0.034079	0.194762	0.305141	0.031461	0.008698	0.000528	0.179414
56	0.237532	0.005755	0.032855	0.195436	0.312921	0.030644	0.008096	0.000474	0.176287
57	0.234515	0.005384	0.031615	0.195930	0.321155	0.029646	0.007690	0.000454	0.173611
58	0.231755	0.005214	0.029876	0.196740	0.328854	0.029180	0.007107	0.000414	0.170860
59	0.229667	0.004982	0.028846	0.197434	0.336309	0.028512	0.006545	0.000409	0.167296
60	0.226833	0.004742	0.027603	0.198126	0.344228	0.028223	0.006055	0.000361	0.163829
61	0.223702	0.004531	0.026424	0.199185	0.352138	0.027759	0.005585	0.000367	0.160309
62	0.221019	0.004288	0.025167	0.199566	0.360403	0.027210	0.005255	0.000293	0.156799
63	0.217521	0.004190	0.023962	0.200819	0.368184	0.026824	0.004820	0.000285	0.153395
64	0.214387	0.003984	0.023252	0.201682	0.375883	0.026367	0.004483	0.000272	0.149690
65	0.211259	0.003895	0.022120	0.202410	0.384034	0.025731	0.004201	0.000252	0.146098
66	0.208213	0.003622	0.021238	0.203471	0.391674	0.025335	0.003912	0.000209	0.142326
67	0.204943	0.003444	0.020156	0.204559	0.399396	0.024939	0.003648	0.000190	0.138725
68	0.201503	0.003258	0.019350	0.205299	0.407529	0.024510	0.003365	0.000175	0.135011
69	0.198325	0.003131	0.018655	0.205857	0.415530	0.024118	0.003156	0.000131	0.131097
70	0.194787	0.002908	0.017802	0.207056	0.423266	0.023981	0.002753	0.000121	0.127326
71	0.191494	0.002713	0.017061	0.207737	0.430813	0.023593	0.002628	0.000096	0.123865
72	0.187761	0.002569	0.016497	0.208459	0.438628	0.023325	0.002435	0.000071	0.120255
73	0.183955	0.002409	0.015747	0.209999	0.445980	0.023113	0.002250	0.000058	0.116489
74	0.180799	0.002274	0.015002	0.211228	0.453307	0.022698	0.002002	0.000050	0.112640
75	0.177200	0.002213	0.014378	0.212158	0.460802	0.022532	0.001815	0.000045	0.108857
76	0.173801	0.002091	0.013757	0.212957	0.468246	0.022327	0.001696	0.000037	0.105088
77	0.170344	0.001982	0.013237	0.213980	0.475114	0.022051	0.001554	0.000036	0.101702
78	0.166927	0.001909	0.012564	0.215235	0.481794	0.021723	0.001490	0.000027	0.098331
79	0.163448	0.001760	0.012041	0.216480	0.488693	0.021438	0.001373	0.000025	0.094742
80	0.159715	0.001603	0.011452	0.217505	0.495484	0.021199	0.001303	0.000018	0.091721
81	0.156369	0.001506	0.011066	0.218992	0.501615	0.021034	0.001132	0.000018	0.088268
82	0.152774	0.001409	0.010548	0.219707	0.508725	0.020704	0.001002	0.000017	0.085114
83	0.148848	0.001293	0.010072	0.220853	0.515196	0.020584	0.000958	0.000017	0.082179
84	0.145630	0.001256	0.009700	0.221281	0.521762	0.020296	0.000909	0.000019	0.079147
85	0.142387	0.001161	0.009411	0.222332	0.527525	0.020106	0.000815	0.000016	0.076247
86	0.139069	0.001067	0.008973	0.223521	0.533364	0.019843	0.000786	0.000010	0.073367
87	0.135399	0.000980	0.008551	0.223868	0.540429	0.019556	0.000729	0.000010	0.070478
88	0.131791	0.000930	0.008140	0.225166	0.546229	0.019497	0.000677	0.000010	0.067560
89	0.128688	0.000937	0.007850	0.225957	0.551727	0.019445	0.000600	0.000004	0.064792
90	0.125222	0.000851	0.007418	0.226776	0.557421	0.019307	0.000526	0.000005	0.062474
91	0.122102	0.000843	0.007104	0.227364	0.562985	0.019281	0.000476	0.000001	0.059844
92	0.118835	0.000810	0.006765	0.228138	0.568403	0.019309	0.000462	0.000002	0.057276
93	0.115667	0.000772	0.006481	0.229231	0.573227	0.019181	0.000409	0.000001	0.055031
94	0.112509	0.000744	0.006090	0.230083	0.578201	0.019236	0.000334	0.000000	0.052803
95	0.109568	0.000681	0.005809	0.230588	0.583630	0.018995	0.000297	0.000000	0.050432
96	0.106333	0.000644	0.005512	0.231740	0.588612	0.018926	0.000234	0.000000	0.047999
97	0.103705	0.000575	0.005317	0.231892	0.593461	0.018847	0.000214	0.000000	0.045989
98	0.100805	0.000516	0.005033	0.232663	0.598473	0.018597	0.000214	0.000000	0.043699
99	0.098126	0.000474	0.004876	0.233584	0.602416	0.018602	0.000201	0.000000	0.041721
100	0.095221	0.000451	0.004711	0.234536	0.606668	0.018350	0.000178	0.000000	0.039885
101	0.092527	0.000416	0.004442	0.235396	0.611001	0.018182	0.000167	0.000000	0.037869
102	0.089960	0.000404	0.004167	0.236367	0.614714	0.018103	0.000186	0.000000	0.036099
103	0.087078	0.000379	0.003960	0.237782	0.618086	0.018050	0.000162	0.000000	0.034503
104	0.084448	0.000382	0.003762	0.238690	0.621767	0.018134	0.000137	0.000000	0.032680
105	0.081684	0.000320	0.003624	0.238582	0.626529	0.018062	0.000128	0.000000	0.031071
106	0.079257	0.000305	0.003502	0.239137	0.630340	0.017778	0.000127	0.000000	0.029554
107	0.076583	0.000289	0.003372	0.239574	0.634060	0.017970	0.000129	0.000000	0.028023
108	0.074082	0.000273	0.003207	0.240160	0.637985	0.017773	0.000112	0.000000	0.026408
109	0.071584	0.000244	0.003042	0.240993	0.641281	0.017748	0.000099	0.000000	0.025009
110	0.069005	0.000235	0.002980	0.242219	0.644487	0.017575	0.000089	0.000000	0.023410
111	0.066825	0.000220	0.002821	0.243015	0.647370	0.017553	0.000083	0.000000	0.022113
112	0.064743	0.000191	0.002635	0.243298	0.650936	0.017364	0.000072	0.000000	0.020761
113	0.062719	0.000195	0.002464	0.244180	0.653416	0.017397	0.000063	0.000000	0.019566
114	0.060230	0.000194	0.002350	0.245061	0.656318	0.017263	0.000050	0.000000	0.018534
115	0.058007	0.000171	0.002218	0.245895	0.659080	0.017120	0.000048	0.000000	0.017461
116	0.055871	0.000177	0.002136	0.246146	0.661900	0.017172	0.000038	0.000000	0.016560
117	0.053848	0.000158	0.002071	0.246499	0.664590	0.017306	0.000027	0.000000	0.015501
118	0.051674	0.000149	0.002022	0.247200	0.667210	0.017150	0.000027	0.000000	0.014568
119	0.049660	0.000129	0.001940	0.247816	0.669600	0.017140	0.000026	0.000000	0.013689
120	0.047305	0.000138	0.001828	0.248146	0.672421	0.017220	0.000023	0.000000	0.012919
121	0.045528	0.000121	0.001746	0.248646	0.674571	0.017093	0.000021	0.000000	0.012274
122	0.043808	0.000120	0.001599	0.249277	0.676634	0.017077	0.000024	0.000000	0.011461
123	0.041886	0.000120	0.001553	0.249640	0.678906	0.017038	0.000025	0.000000	0.010832
124	0.040280	0.000106	0.001482	0.250033	0.680885	0.017025	0.000025	0.000000	0.010164
125	0.038506	0.000092	0.001376	0.250595	0.682744	0.017102	0.000027	0.000000	0.009558
126	0.036696	0.000082	0.001333	0.250945	0.684978	0.016926	0.000026	0.000000	0.009014
127	0.035010	0.000071	0.001255	0.251368	0.687053	0.016880	0.000028	0.000000	0.008335
128	0.033535	0.000071	0.001201	0.251670	0.688830	0.016762	0.000022	0.000000	0.007909
129	0.031982	0.000059	0.001150	0.251791	0.690787	0.016706	0.000017	0.000000	0.007508
130	0.030700	0.000063	0.001110	0.252196	0.692352	0.016586	0.000019	0.000000	0.006974
131	0.029273	0.000049	0.001036	0.252567	0.693837	0.016667	0.000012	0.000000	0.006559
132	0.028136	0.000041	0.001025	0.252828	0.695112	0.016663	0.000008	0.000000	0.006187
133	0.026776	0.000041	0.001012	0.253611	0.696037	0.016683	0.000004	0.000000	0.005836
134	0.025711	0.000033	0.000954	0.253532	0.697561	0.016742	0.000004	0.000000	0.005463
135	0.024507	0.000032	0.000905	0.253469	0.699312	0.016634	0.000001	0.000000	0.005140
136	0.023155	0.000030	0.000845	0.254856	0.699719	0.016536	0.000004	0.000000	0.004855
137	0.022070	0.000018	0.000818	0.255457	0.700476	0.016611	0.000002	0.000000	0.004548
138	0.020971	0.000011	0.000751	0.255684	0.701490	0.016788	0.000002	0.000000	0.004303
139	0.019982	0.000013	0.000687	0.255606	0.702872	0.016792	0.000002	0.000000	0.004046
140	0.019035	0.000011	0.000608	0.256094	0.703688	0.016797	0.000003	0.000000	0.003764
141	0.018223	0.000010	0.000594	0.256506	0.704162	0.016935	0.000001	0.000000	0.003569
142	0.017400	0.000010	0.000548	0.256863	0.704756	0.017072	0.000000	0.000000	0.003351
143	0.016725	0.000008	0.000510	0.257181	0.705625	0.016850	0.000001	0.000000	0.003100
144	0.015934	0.000005	0.000468	0.257311	0.706492	0.016869	0.000000	0.000000	0.002921
145	0.015168	0.000004	0.000443	0.257172	0.707689	0.016774	0.000000	0.000000	0.002750
146	0.014284	0.000002	0.000386	0.257593	0.708288	0.016900	0.000000	0.000000	0.002547
147	0.013648	0.000001	0.000355	0.257715	0.709021	0.016852	0.000000	0.000000	0.002408
148	0.012993	0.000000	0.000305	0.257727	0.709953	0.016732	0.000000	0.000000	0.002290
149	0.012344	0.000000	0.000266	0.258201	0.710474	0.016613	0.000000	0.000000	0.002102
150	0.011805	0.000000	0.000265	0.258618	0.710584	0.016698	0.000000	0.000000	0.002030
151	0.011259	0.000000	0.000254	0.258991	0.710974	0.016655	0.000000	0.000000	0.001867
152	0.010693	0.000000	0.000243	0.258898	0.711801	0.016681	0.000000	0.000000	0.001684
153	0.010092	0.000000	0.000222	0.259121	0.712216	0.016769	0.000000	0.000000	0.001580
154	0.009695	0.000000	0.000201	0.258969	0.712964	0.016683	0.000000	0.000000	0.001488
155	0.009200	0.000000	0.000185	0.259199	0.713442	0.016577	0.000000	0.000000	0.001397
156	0.008777	0.000000	0.000163	0.259027	0.714011	0.016750	0.000000	0.000000	0.001272
157	0.008427	0.000000	0.000149	0.259298	0.714047	0.016886	0.000000	0.000000	0.001193
158	0.008028	0.000000	0.000142	0.259238	0.714744	0.016721	0.000000	0.000000	0.001127
159	0.007664	0.000000	0.000133	0.259567	0.714949	0.016660	0.000000	0.000000	0.001027
160	0.007320	0.000000	0.000133	0.260022	0.714808	0.016759	0.000000	0.000000	0.000958
161	0.007048	0.000000	0.000112	0.260199	0.714907	0.016817	0.000000	0.000000	0.000917
162	0.006598	0.000000	0.000120	0.260210	0.715358	0.016882	0.000000	0.000000	0.000832
163	0.006235	0.000000	0.000104	0.259981	0.715937	0.016974	0.000000	0.000000	0.000769
164	0.005941	0.000000	0.000118	0.259735	0.716473	0.017058	0.000000	0.000000	0.000675
165	0.005640	0.000000	0.000110	0.260659	0.715797	0.017173	0.000000	0.000000	0.000621
166	0.005308	0.000000	0.000105	0.260512	0.716437	0.017089	0.000000	0.000000	0.000549
167	0.005065	0.000000	0.000107	0.260365	0.716767	0.017206	0.000000	0.000000	0.000490
168	0.004809	0.000000	0.000097	0.260394	0.716767	0.017474	0.000000	0.000000	0.000459
169	0.004580	0.000000	0.000092	0.260024	0.717456	0.017409	0.000000	0.000000	0.000439
170	0.004398	0.000000	0.000087	0.259749	0.717963	0.017383	0.000000	0.000000	0.000420
171	0.004159	0.000000	0.000086	0.259275	0.718672	0.017405	0.000000	0.000000	0.000403
172	0.003960	0.000000	0.000089	0.259278	0.718814	0.017506	0.000000	0.000000	0.000353
173	0.003808	0.000000	0.000080	0.259456	0.718784	0.017500	0.000000	0.000000	0.000372
174	0.003630	0.000000	0.000068	0.259086	0.719431	0.017464	0.000000	0.000000	0.000321
175	0.003499	0.000000	0.000065	0.258858	0.719925	0.017351	0.000000	0.000000	0.000302
176	0.003316	0.000000	0.000060	0.258842	0.720187	0.017309	0.000000	0.000000	0.000286
177	0.003251	0.000000	0.000065	0.258903	0.720214	0.017285	0.000000	0.000000	0.000282
178	0.003163	0.000000	0.000056	0.258442	0.720628	0.017445	0.000000	0.000000	0.000266
179	0.003046	0.000000	0.000055	0.258567	0.720714	0.017368	0.000000	0.000000	0.000250
180	0.002959	0.000000	0.000051	0.258511	0.720990	0.017263	0.000000	0.000000	0.000226
181	0.002847	0.000000	0.000045	0.258370	0.721136	0.017393	0.000000	0.000000	0.000209
182	0.002711	0.000000	0.000044	0.258669	0.721046	0.017315	0.000000	0.000000	0.000215
183	0.002579	0.000000	0.000040	0.258554	0.721283	0.017308	0.000000	0.000000	0.000236
184	0.002422	0.000000	0.000039	0.258557	0.721425	0.017343	0.000000	0.000000	0.000214
185	0.002345	0.000000	0.000035	0.258132	0.721901	0.017397	0.000000	0.000000	0.000190
186	0.002237	0.000000	0.000032	0.257760	0.722466	0.017335	0.000000	0.000000	0.000170
187	0.002136	0.000000	0.000028	0.257515	0.722753	0.017391	0.000000	0.000000	0.000177
188	0.002070	0.000000	0.000025	0.257318	0.722907	0.017519	0.000000	0.000000	0.000161
189	0.001960	0.000000	0.000026	0.257207	0.723136	0.017509	0.000000	0.000000	0.000162
190	0.001862	0.000000	0.000026	0.257525	0.722730	0.017718	0.000000	0.000000	0.000139
191	0.001876	0.000000	0.000027	0.257436	0.722859	0.017667	0.000000	0.000000	0.000135
192	0.001715	0.000000	0.000028	0.257677	0.722741	0.017702	0.000000	0.000000	0.000137
193	0.001607	0.000000	0.000031	0.257013	0.723513	0.017714	0.000000	0.000000	0.000122
194	0.001581	0.000000	0.000032	0.257151	0.723268	0.017840	0.000000	0.000000	0.000128
195	0.001527	0.000000	0.000033	0.257130	0.723304	0.017875	0.000000	0.000000	0.000131
196	0.001453	0.000000	0.000034	0.256848	0.723706	0.017808	0.000000	0.000000	0.000151
197	0.001397	0.000000	0.000040	0.256846	0.723689	0.017874	0.000000	0.000000	0.000154
198	0.001311	0.000000	0.000043	0.256428	0.724065	0.017989	0.000000	0.000000	0.000164
199	0.001239	0.000000	0.000041	0.256550	0.724141	0.017868	0.000000	0.000000	0.000161
200	0.001163	0.000000	0.000038	0.256755	0.724087	0.017786	0.000000	0.000000	0.000171
201	0.001118	0.000000	0.000036	0.257011	0.723771	0.017893	0.000000	0.000000	0.000171
202	0.001054	0.000000	0.000038	0.256676	0.724274	0.017784	0.000000	0.000000	0.000174
203	0.001020	0.000000	0.000040	0.256858	0.724015	0.017895	0.000000	0.000000	0.000172
204	0.000961	0.000000	0.000041	0.256509	0.724163	0.018165	0.000000	0.000000	0.000161
205	0.000932	0.000000	0.000038	0.256829	0.724008	0.018055	0.000000	0.000000	0.000138
206	0.000884	0.000000	0.000042	0.256913	0.723796	0.018222	0.000000	0.000000	0.000143
207	0.000859	0.000000	0.000038	0.256802	0.724032	0.018131	0.000000	0.000000	0.000138
208	0.000826	0.000000	0.000042	0.256887	0.724061	0.018047	0.000000	0.000000	0.000137
209	0.000780	0.000000	0.000039	0.257068	0.723908	0.018085	0.000000	0.000000	0.000120
210	0.000743	0.000000	0.000037	0.256965	0.724164	0.017970	0.000000	0.000000	0.000121
211	0.000705	0.000000	0.000030	0.256704	0.724535	0.017920	0.000000	0.000000	0.000106
212	0.000677	0.000000	0.000037	0.257068	0.724180	0.017938	0.000000	0.000000	0.000100
213	0.000636	0.000000	0.000035	0.257485	0.723711	0.018034	0.000000	0.000000	0.000099
214	0.000613	0.000000	0.000030	0.257397	0.723783	0.018092	0.000000	0.000000	0.000085
215	0.000570	0.000000	0.000030	0.257327	0.723947	0.018043	0.000000	0.000000	0.000083
216	0.000528	0.000000	0.000027	0.257445	0.723805	0.018125	0.000000	0.000000	0.000070
217	0.000487	0.000000	0.000032	0.256593	0.724718	0.018097	0.000000	0.000000	0.000073
218	0.000475	0.000000	0.000022	0.256705	0.724684	0.018038	0.000000	0.000000	0.000076
219	0.000432	0.000000	0.000021	0.256515	0.725013	0.017965	0.000000	0.000000	0.000054
220	0.000407	0.000000	0.000020	0.257173	0.724468	0.017881	0.000000	0.000000	0.000051
221	0.000403	0.000000	0.000019	0.256759	0.725031	0.017749	0.000000	0.000000	0.000039
222	0.000360	0.000000	0.000014	0.256589	0.725295	0.017699	0.000000	0.000000	0.000043
223	0.000351	0.000000	0.000015	0.256590	0.725215	0.017793	0.000000	0.000000	0.000036
224	0.000354	0.000000	0.000014	0.256903	0.724751	0.017946	0.000000	0.000000	0.000032
225	0.000343	0.000000	0.000009	0.257356	0.724172	0.018094	0.000000	0.000000	0.000026
226	0.000326	0.000000	0.000007	0.257234	0.724486	0.017918	0.000000	0.000000	0.000029
227	0.000319	0.000000	0.000006	0.257934	0.723828	0.017880	0.000000	0.000000	0.000033
228	0.000328	0.000000	0.000008	0.257362	0.724209	0.018066	0.000000	0.000000	0.000027
229	0.000314	0.000000	0.000006	0.257184	0.724561	0.017903	0.000000	0.000000	0.000032
230	0.000315	0.000000	0.000008	0.257151	0.724526	0.017973	0.000000	0.000000	0.000027
231	0.000299	0.000000	0.000010	0.257088	0.724579	0.017995	0.000000	0.000000	0.000029
232	0.000299	0.000000	0.000013	0.257839	0.723879	0.017943	0.000000	0.000000	0.000027
233	0.000284	0.000000	0.000012	0.257404	0.724321	0.017947	0.000000	0.000000	0.000032
234	0.000295	0.000000	0.000012	0.257031	0.724612	0.018033	0.000000	0.000000	0.000017
235	0.000302	0.000000	0.000006	0.256610	0.725071	0.017996	0.000000	0.000000	0.000015
236	0.000308	0.000000	0.000005	0.257281	0.724375	0.018018	0.000000	0.000000	0.000013
237	0.000339	0.000000	0.000005	0.257026	0.724640	0.017980	0.000000	0.000000	0.000010
238	0.000306	0.000000	0.000004	0.256471	0.725225	0.017985	0.000000	0.000000	0.000009
239	0.000307	0.000000	0.000002	0.256631	0.725072	0.017977	0.000000	0.000000	0.000011
240	0.000318	0.000000	0.000002	0.256868	0.724762	0.018038	0.000000	0.000000	0.000012
241	0.000284	0.000000	0.000002	0.256730	0.724876	0.018100	0.000000	0.000000	0.000008
242	0.000265	0.000000	0.000000	0.256652	0.724853	0.018223	0.000000	0.000000	0.000007
243	0.000258	0.000000	0.000000	0.257145	0.724510	0.018080	0.000000	0.000000	0.000007
244	0.000253	0.000000	0.000000	0.256699	0.724970	0.018068	0.000000	0.000000	0.000010
245	0.000245	0.000000	0.000000	0.256853	0.724745	0.018145	0.000000	0.000000	0.000012
246	0.000234	0.000000	0.000000	0.256583	0.725027	0.018145	0.000000	0.000000	0.000011
247	0.000220	0.000000	0.000000	0.256935	0.724689	0.018146	0.000000	0.000000	0.000010
248	0.000203	0.000000	0.000000	0.257118	0.724617	0.018057	0.000000	0.000000	0.000005
249	0.000195	0.000000	0.000000	0.257126	0.724709	0.017966	0.000000	0.000000	0.000004
250	0.000186	0.000000	0.000000	0.257158	0.724555	0.018099	0.000000	0.000000	0.000002
251	0.000173	0.000000	0.000000	0.257200	0.724603	0.018024	0.000000	0.000000	0.000000
252	0.000173	0.000000	0.000000	0.257314	0.724382	0.018131	0.000000	0.000000	0.000000
253	0.000163	0.000000	0.000000	0.257391	0.724441	0.018005	0.000000	0.000000	0.000000
254	0.000169	0.000000	0.000000	0.257130	0.724463	0.018238	0.000000	0.000000	0.000000
255	0.000169	0.000000	0.000000	0.257141	0.724345	0.018345	0.000000	0.000000	0.000000
256	0.000163	0.000000	0.000000	0.257346	0.724200	0.018291	0.000000	0.000000	0.000000
257	0.000153	0.000000	0.000000	0.258003	0.723800	0.018044	0.000000	0.000000	0.000000
258	0.000154	0.000000	0.000000	0.258019	0.723475	0.018352	0.000000	0.000000	0.000000
259	0.000132	0.000000	0.000000	0.258136	0.723379	0.018353	0.000000	0.000000	0.000000
260	0.000135	0.000000	0.000000	0.257721	0.723801	0.018343	0.000000	0.000000	0.000000
261	0.000129	0.000000	0.000000	0.257435	0.724107	0.018329	0.000000	0.000000	0.000000
262	0.000129	0.000000	0.000000	0.258032	0.723395	0.018444	0.000000	0.000000	0.000000
263	0.000110	0.000000	0.000000	0.257978	0.723538	0.018374	0.000000	0.000000	0.000000
264	0.000103	0.000000	0.000000	0.257481	0.724123	0.018293	0.000000	0.000000	0.000000
265	0.000097	0.000000	0.000000	0.257744	0.723873	0.018286	0.000000	0.000000	0.000000
266	0.000101	0.000000	0.000000	0.257495	0.724191	0.018213	0.000000	0.000000	0.000000
267	0.000102	0.000000	0.000000	0.257121	0.724591	0.018186	0.000000	0.000000	0.000000
268	0.000117	0.000000	0.000000	0.256861	0.724728	0.018294	0.000000	0.000000	0.000000
269	0.000134	0.000000	0.000000	0.257040	0.724530	0.018296	0.000000	0.000000	0.000000
270	0.000128	0.000000	0.000000	0.256519	0.725168	0.018185	0.000000	0.000000	0.000000
271	0.000126	0.000000	0.000000	0.256993	0.724505	0.018376	0.000000	0.000000	0.000000
272	0.000137	0.000000	0.000000	0.256538	0.724999	0.018326	0.000000	0.000000	0.000000
273	0.000129	0.000000	0.000000	0.256267	0.725226	0.018378	0.000000	0.000000	0.000000
274	0.000118	0.000000	0.000000	0.256477	0.725224	0.018181	0.000000	0.000000	0.000000
275	0.000105	0.000000	0.000000	0.256219	0.725499	0.018177	0.000000	0.000000	0.000000
276	0.000114	0.000000	0.000000	0.256294	0.725295	0.018297	0.000000	0.000000	0.000000
277	0.000121	0.000000	0.000000	0.255688	0.725704	0.018487	0.000000	0.000000	0.000000
278	0.000120	0.000000	0.000000	0.256519	0.725051	0.018310	0.000000	0.000000	0.000000
279	0.000117	0.000000	0.000000	0.256010	0.725474	0.018399	0.000000	0.000000	0.000000
280	0.000107	0.000000	0.000000	0.256235	0.725350	0.018308	0.000000	0.000000	0.000000
281	0.000098	0.000000	0.000000	0.256365	0.725379	0.018158	0.000000	0.000000	0.000000
282	0.000093	0.000000	0.000000	0.255896	0.725782	0.018229	0.000000	0.000000	0.000000
283	0.000089	0.000000	0.000000	0.256131	0.725429	0.018351	0.000000	0.000000	0.000000
284	0.000087	0.000000	0.000000	0.256291	0.725157	0.018465	0.000000	0.000000	0.000000
285	0.000103	0.000000	0.000000	0.256221	0.725038	0.018638	0.000000	0.000000	0.000000
286	0.000102	0.000000	0.000000	0.255649	0.725549	0.018700	0.000000	0.000000	0.000000
287	0.000101	0.000000	0.000000	0.255223	0.725923	0.018753	0.000000	0.000000	0.000000
288	0.000105	0.000000	0.000000	0.255823	0.725222	0.018850	0.000000	0.000000	0.000000
289	0.000097	0.000000	0.000000	0.255676	0.725369	0.018858	0.000000	0.000000	0.000000
290	0.000108	0.000000	0.000000	0.255681	0.725520	0.018691	0.000000	0.000000	0.000000
291	0.000109	0.000000	0.000000	0.255149	0.726204	0.018538	0.000000	0.000000	0.000000
292	0.000101	0.000000	0.000000	0.255294	0.726167	0.018438	0.000000	0.000000	0.000000
293	0.000094	0.000000	0.000000	0.254953	0.726057	0.018896	0.000000	0.000000	0.000000
294	0.000088	0.000000	0.000000	0.254966	0.726125	0.018821	0.000000	0.000000	0.000000
295	0.000098	0.000000	0.000000	0.255368	0.725680	0.018854	0.000000	0.000000	0.000000
296	0.000085	0.000000	0.000000	0.255317	0.725694	0.018904	0.000000	0.000000	0.000000
297	0.000083	0.000000	0.000000	0.255225	0.725803	0.018889	0.000000	0.000000	0.000000
298	0.000061	0.000000	0.000000	0.255199	0.725642	0.019098	0.000000	0.000000	0.000000
299	0.000063	0.000000	0.000000	0.254945	0.725937	0.019055	0.000000	0.000000	0.000000
300	0.000054	0.000000	0.000000	0.254796	0.726233	0.018917	0.000000	0.000000	0.000000
301	0.000057	0.000000	0.000000	0.255023	0.725872	0.019048	0.000000	0.000000	0.000000
302	0.000057	0.000000	0.000000	0.255190	0.725672	0.019081	0.000000	0.000000	0.000000
303	0.000047	0.000000	0.000000	0.254550	0.726315	0.019088	0.000000	0.000000	0.000000
304	0.000039	0.000000	0.000000	0.254466	0.726356	0.019139	0.000000	0.000000	0.000000
305	0.000032	0.000000	0.000000	0.254458	0.726210	0.019300	0.000000	0.000000	0.000000
306	0.000033	0.000000	0.000000	0.254309	0.726573	0.019085	0.000000	0.000000	0.000000
307	0.000036	0.000000	0.000000	0.254615	0.726309	0.019040	0.000000	0.000000	0.000000
308	0.000035	0.000000	0.000000	0.254927	0.726082	0.018956	0.000000	0.000000	0.000000
309	0.000033	0.000000	0.000000	0.254992	0.725934	0.019041	0.000000	0.000000	0.000000
310	0.000031	0.000000	0.000000	0.254724	0.726068	0.019177	0.000000	0.000000	0.000000
311	0.000027	0.000000	0.000000	0.254700	0.726325	0.018948	0.000000	0.000000	0.000000
312	0.000037	0.000000	0.000000	0.254610	0.726434	0.018919	0.000000	0.000000	0.000000
313	0.000035	0.000000	0.000000	0.254431	0.726555	0.018979	0.000000	0.000000	0.000000
314	0.000043	0.000000	0.000000	0.254529	0.726504	0.018924	0.000000	0.000000	0.000000
315	0.000035	0.000000	0.000000	0.254611	0.726297	0.019057	0.000000	0.000000	0.000000
316	0.000036	0.000000	0.000000	0.254817	0.726009	0.019138	0.000000	0.000000	0.000000
317	0.000039	0.000000	0.000000	0.254849	0.726321	0.018791	0.000000	0.000000	0.000000
318	0.000043	0.000000	0.000000	0.254812	0.726285	0.018860	0.000000	0.000000	0.000000
319	0.000042	0.000000	0.000000	0.254553	0.726559	0.018846	0.000000	0.000000	0.000000
320	0.000037	0.000000	0.000000	0.255128	0.726078	0.018757	0.000000	0.000000	0.000000
321	0.000034	0.000000	0.000000	0.254830	0.726299	0.018837	0.000000	0.000000	0.000000
322	0.000038	0.000000	0.000000	0.255185	0.725968	0.018809	0.000000	0.000000	0.000000
323	0.000037	0.000000	0.000000	0.254945	0.726015	0.019003	0.000000	0.000000	0.000000
324	0.000038	0.000000	0.000000	0.255172	0.725732	0.019058	0.000000	0.000000	0.000000
325	0.000038	0.000000	0.000000	0.255074	0.725851	0.019037	0.000000	0.000000	0.000000
326	0.000033	0.000000	0.000000	0.255106	0.725745	0.019116	0.000000	0.000000	0.000000
327	0.000029	0.000000	0.000000	0.255178	0.725853	0.018940	0.000000	0.000000	0.000000
328	0.000026	0.000000	0.000000	0.254924	0.726017	0.019033	0.000000	0.000000	0.000000
329	0.000018	0.000000	0.000000	0.254796	0.726235	0.018951	0.000000	0.000000	0.000000
330	0.000010	0.000000	0.000000	0.254169	0.726773	0.019048	0.000000	0.000000	0.000000
331	0.000010	0.000000	0.000000	0.253949	0.726824	0.019217	0.000000	0.000000	0.000000
332	0.000012	0.000000	0.000000	0.254367	0.726444	0.019177	0.000000	0.000000	0.000000
333	0.000011	0.000000	0.000000	0.254220	0.726523	0.019246	0.000000	0.000000	0.000000
334	0.000013	0.000000	0.000000	0.254075	0.726665	0.019247	0.000000	0.000000	0.000000
335	0.000012	0.000000	0.000000	0.253617	0.727068	0.019303	0.000000	0.000000	0.000000
336	0.000012	0.000000	0.000000	0.253250	0.727417	0.019321	0.000000	0.000000	0.000000
337	0.000010	0.000000	0.000000	0.253188	0.727736	0.019066	0.000000	0.000000	0.000000
338	0.000008	0.000000	0.000000	0.253536	0.727201	0.019255	0.000000	0.000000	0.000000
339	0.000009	0.000000	0.000000	0.253569	0.727282	0.019140	0.000000	0.000000	0.000000
340	0.000005	0.000000	0.000000	0.253131	0.727701	0.019163	0.000000	0.000000	0.000000
341	0.000002	0.000000	0.000000	0.253417	0.727550	0.019031	0.000000	0.000000	0.000000
342	0.000002	0.000000	0.000000	0.253707	0.727343	0.018948	0.000000	0.000000	0.000000
343	0.000001	0.000000	0.000000	0.253581	0.727419	0.018999	0.000000	0.000000	0.000000
344	0.000001	0.000000	0.000000	0.253606	0.727314	0.019079	0.000000	0.000000	0.000000
345	0.000000	0.000000	0.000000	0.253544	0.727382	0.019074	0.000000	0.000000	0.000000
346	0.000000	0.000000	0.000000	0.253794	0.727137	0.019069	0.000000	0.000000	0.000000
347	0.000000	0.000000	0.000000	0.253309	0.727697	0.018994	0.000000	0.000000	0.000000
348	0.000000	0.000000	0.000000	0.253546	0.727361	0.019093	0.000000	0.000000	0.000000
349	0.000000	0.000000	0.000000	0.253491	0.727328	0.019181	0.000000	0.000000	0.000000
350	0.000000	0.000000	0.000000	0.253911	0.727011	0.019078	0.000000	0.000000	0.000000
351	0.000000	0.000000	0.000000	0.253482	0.727401	0.019117	0.000000	0.000000	0.000000
352	0.000000	0.000000	0.000000	0.252956	0.728069	0.018975	0.000000	0.000000	0.000000
353	0.000000	0.000000	0.000000	0.252820	0.728288	0.018892	0.000000	0.000000	0.000000
354	0.000000	0.000000	0.000000	0.252568	0.728434	0.018998	0.000000	0.000000	0.000000
355	0.000000	0.000000	0.000000	0.252537	0.728501	0.018962	0.000000	0.000000	0.000000
356	0.000000	0.000000	0.000000	0.251725	0.729324	0.018951	0.000000	0.000000	0.000000
357	0.000000	0.000000	0.000000	0.251849	0.729176	0.018975	0.000000	0.000000	0.000000
358	0.000000	0.000000	0.000000	0.251830	0.729227	0.018943	0.000000	0.000000	0.000000
359	0.000000	0.000000	0.000000	0.252020	0.728911	0.019069	0.000000	0.000000	0.000000
360	0.000000	0.000000	0.000000	0.251913	0.729027	0.019060	0.000000	0.000000	0.000000
361	0.000000	0.000000	0.000000	0.252115	0.728619	0.019266	0.000000	0.000000	0.000000
362	0.000000	0.000000	0.000000	0.252095	0.728710	0.019195	0.000000	0.000000	0.000000
363	0.000000	0.000000	0.000000	0.251742	0.729058	0.019200	0.000000	0.000000	0.000000
364	0.000000	0.000000	0.000000	0.251869	0.728865	0.019266	0.000000	0.000000	0.000000
365	0.000000	0.000000	0.000000	0.251975	0.728646	0.019379	0.000000	0.000000	0.000000
366	0.000000	0.000000	0.000000	0.252379	0.728518	0.019103	0.000000	0.000000	0.000000
367	0.000000	0.000000	0.000000	0.252294	0.728510	0.019196	0.000000	0.000000	0.000000
368	0.000000	0.000000	0.000000	0.252080	0.728759	0.019161	0.000000	0.000000	0.000000
369	0.000000	0.000000	0.000000	0.252016	0.728740	0.019244	0.000000	0.000000	0.000000
370	0.000000	0.000000	0.000000	0.252076	0.728716	0.019208	0.000000	0.000000	0.000000
371	0.000000	0.000000	0.000000	0.251819	0.728861	0.019320	0.000000	0.000000	0.000000
372	0.000000	0.000000	0.000000	0.252014	0.728548	0.019438	0.000000	0.000000	0.000000
373	0.000000	0.000000	0.000000	0.252293	0.728474	0.019233	0.000000	0.000000	0.000000
374	0.000000	0.000000	0.000000	0.252917	0.728057	0.019026	0.000000	0.000000	0.000000
375	0.000000	0.000000	0.000000	0.253067	0.728074	0.018859	0.000000	0.000000	0.000000
376	0.000000	0.000000	0.000000	0.253088	0.727869	0.019043	0.000000	0.000000	0.000000
377	0.000000	0.000000	0.000000	0.253165	0.727751	0.019084	0.000000	0.000000	0.000000
378	0.000000	0.000000	0.000000	0.253424	0.727676	0.018900	0.000000	0.000000	0.000000
379	0.000000	0.000000	0.000000	0.253163	0.727753	0.019084	0.000000	0.000000	0.000000
380	0.000000	0.000000	0.000000	0.253157	0.727858	0.018985	0.000000	0.000000	0.000000
381	0.000000	0.000000	0.000000	0.252554	0.728521	0.018925	0.000000	0.000000	0.000000
382	0.000000	0.000000	0.000000	0.252582	0.728424	0.018994	0.000000	0.000000	0.000000
383	0.000000	0.000000	0.000000	0.252675	0.728414	0.018911	0.000000	0.000000	0.000000
384	0.000000	0.000000	0.000000	0.252493	0.728733	0.018774	0.000000	0.000000	0.000000
385	0.000000	0.000000	0.000000	0.252156	0.729092	0.018752	0.000000	0.000000	0.000000
386	0.000000	0.000000	0.000000	0.252260	0.729024	0.018716	0.000000	0.000000	0.000000
387	0.000000	0.000000	0.000000	0.252000	0.729113	0.018887	0.000000	0.000000	0.000000
388	0.000000	0.000000	0.000000	0.251929	0.729074	0.018997	0.000000	0.000000	0.000000
389	0.000000	0.000000	0.000000	0.251967	0.729104	0.018929	0.000000	0.000000	0.000000
390	0.000000	0.000000	0.000000	0.252063	0.729009	0.018928	0.000000	0.000000	0.000000
391	0.000000	0.000000	0.000000	0.252268	0.728700	0.019032	0.000000	0.000000	0.000000
392	0.000000	0.000000	0.000000	0.252339	0.728875	0.018786	0.000000	0.000000	0.000000
393	0.000000	0.000000	0.000000	0.252420	0.728833	0.018747	0.000000	0.000000	0.000000
394	0.000000	0.000000	0.000000	0.252657	0.728460	0.018883	0.000000	0.000000	0.000000
395	0.000000	0.000000	0.000000	0.253120	0.728040	0.018840	0.000000	0.000000	0.000000
396	0.000000	0.000000	0.000000	0.253280	0.727989	0.018731	0.000000	0.000000	0.000000
397	0.000000	0.000000	0.000000	0.253234	0.728062	0.018704	0.000000	0.000000	0.000000
398	0.000000	0.000000	0.000000	0.253269	0.727809	0.018922	0.000000	0.000000	0.000000
399	0.000000	0.000000	0.000000	0.252695	0.728386	0.018919	0.000000	0.000000	0.000000
400	0.000000	0.000000	0.000000	0.252455	0.728850	0.018695	0.000000	0.000000	0.000000
401	0.000000	0.000000	0.000000	0.252000	0.729259	0.018741	0.000000	0.000000	0.000000
402	0.000000	0.000000	0.000000	0.251928	0.729165	0.018907	0.000000	0.000000	0.000000
403	0.000000	0.000000	0.000000	0.251562	0.729590	0.018848	0.000000	0.000000	0.000000
404	0.000000	0.000000	0.000000	0.251616	0.729642	0.018742	0.000000	0.000000	0.000000
405	0.000000	0.000000	0.000000	0.251904	0.729045	0.019051	0.000000	0.000000	0.000000
406	0.000000	0.000000	0.000000	0.252150	0.728928	0.018922	0.000000	0.000000	0.000000
407	0.000000	0.000000	0.000000	0.251558	0.729335	0.019107	0.000000	0.000000	0.000000
408	0.000000	0.000000	0.000000	0.252152	0.728985	0.018863	0.000000	0.000000	0.000000
409	0.000000	0.000000	0.000000	0.251971	0.729125	0.018904	0.000000	0.000000	0.000000
410	0.000000	0.000000	0.000000	0.251880	0.729212	0.018908	0.000000	0.000000	0.000000
411	0.000000	0.000000	0.000000	0.252073	0.728851	0.019076	0.000000	0.000000	0.000000
412	0.000000	0.000000	0.000000	0.251983	0.728958	0.019059	0.000000	0.000000	0.000000
413	0.000000	0.000000	0.000000	0.251758	0.729336	0.018906	0.000000	0.000000	0.000000
414	0.000000	0.000000	0.000000	0.251825	0.729206	0.018969	0.000000	0.000000	0.000000
415	0.000000	0.000000	0.000000	0.252034	0.729095	0.018871	0.000000	0.000000	0.000000
416	0.000000	0.000000	0.000000	0.252616	0.728385	0.018999	0.000000	0.000000	0.000000
417	0.000000	0.000000	0.000000	0.252067	0.728841	0.019092	0.000000	0.000000	0.000000
418	0.000000	0.000000	0.000000	0.252202	0.728822	0.018976	0.000000	0.000000	0.000000
419	0.000000	0.000000	0.000000	0.252439	0.728504	0.019057	0.000000	0.000000	0.000000
420	0.000000	0.000000	0.000000	0.252717	0.728406	0.018877	0.000000	0.000000	0.000000
421	0.000000	0.000000	0.000000	0.253167	0.727823	0.019010	0.000000	0.000000	0.000000
422	0.000000	0.000000	0.000000	0.252752	0.728243	0.019005	0.000000	0.000000	0.000000
423	0.000000	0.000000	0.000000	0.252283	0.728675	0.019042	0.000000	0.000000	0.000000
424	0.000000	0.000000	0.000000	0.252500	0.728265	0.019235	0.000000	0.000000	0.000000
425	0.000000	0.000000	0.000000	0.252547	0.728269	0.019184	0.000000	0.000000	0.000000
426	0.000000	0.000000	0.000000	0.252294	0.728467	0.019239	0.000000	0.000000	0.000000
427	0.000000	0.000000	0.000000	0.252005	0.728685	0.019310	0.000000	0.000000	0.000000
428	0.000000	0.000000	0.000000	0.252611	0.728002	0.019387	0.000000	0.000000	0.000000
429	0.000000	0.000000	0.000000	0.252656	0.728012	0.019332	0.000000	0.000000	0.000000
430	0.000000	0.000000	0.000000	0.252824	0.727849	0.019327	0.000000	0.000000	0.000000
431	0.000000	0.000000	0.000000	0.252962	0.727668	0.019370	0.000000	0.000000	0.000000
432	0.000000	0.000000	0.000000	0.253072	0.727653	0.019275	0.000000	0.000000	0.000000
433	0.000000	0.000000	0.000000	0.253083	0.727709	0.019208	0.000000	0.000000	0.000000
434	0.000000	0.000000	0.000000	0.253069	0.727676	0.019255	0.000000	0.000000	0.000000
435	0.000000	0.000000	0.000000	0.252737	0.727923	0.019340	0.000000	0.000000	0.000000
436	0.000000	0.000000	0.000000	0.253127	0.727770	0.019103	0.000000	0.000000	0.000000
437	0.000000	0.000000	0.000000	0.253394	0.727409	0.019197	0.000000	0.000000	0.000000
438	0.000000	0.000000	0.000000	0.253856	0.726833	0.019311	0.000000	0.000000	0.000000
439	0.000000	0.000000	0.000000	0.253652	0.727194	0.019154	0.000000	0.000000	0.000000
440	0.000000	0.000000	0.000000	0.253520	0.727178	0.019302	0.000000	0.000000	0.000000
441	0.000000	0.000000	0.000000	0.253594	0.727152	0.019254	0.000000	0.000000	0.000000
442	0.000000	0.000000	0.000000	0.253546	0.727222	0.019232	0.000000	0.000000	0.000000
443	0.000000	0.000000	0.000000	0.253299	0.727185	0.019516	0.000000	0.000000	0.000000
444	0.000000	0.000000	0.000000	0.253293	0.727243	0.019464	0.000000	0.000000	0.000000
445	0.000000	0.000000	0.000000	0.252709	0.727916	0.019375	0.000000	0.000000	0.000000
446	0.000000	0.000000	0.000000	0.252673	0.727713	0.019614	0.000000	0.000000	0.000000
447	0.000000	0.000000	0.000000	0.252301	0.728102	0.019597	0.000000	0.000000	0.000000
448	0.000000	0.000000	0.000000	0.252127	0.728363	0.019510	0.000000	0.000000	0.000000
449	0.000000	0.000000	0.000000	0.251831	0.728517	0.019652	0.000000	0.000000	0.000000
450	0.000000	0.000000	0.000000	0.252051	0.728309	0.019640	0.000000	0.000000	0.000000
451	0.000000	0.000000	0.000000	0.252399	0.728161	0.019440	0.000000	0.000000	0.000000
452	0.000000	0.000000	0.000000	0.252580	0.728000	0.019420	0.000000	0.000000	0.000000
453	0.000000	0.000000	0.000000	0.252454	0.728120	0.019426	0.000000	0.000000	0.000000
454	0.000000	0.000000	0.000000	0.252592	0.727868	0.019540	0.000000	0.000000	0.000000
455	0.000000	0.000000	0.000000	0.252456	0.728073	0.019471	0.000000	0.000000	0.000000
456	0.000000	0.000000	0.000000	0.251973	0.728465	0.019562	0.000000	0.000000	0.000000
457	0.000000	0.000000	0.000000	0.251950	0.728607	0.019443	0.000000	0.000000	0.000000
458	0.000000	0.000000	0.000000	0.252002	0.728531	0.019467	0.000000	0.000000	0.000000
459	0.000000	0.000000	0.000000	0.251725	0.728870	0.019405	0.000000	0.000000	0.000000
460	0.000000	0.000000	0.000000	0.252265	0.728335	0.019400	0.000000	0.000000	0.000000
461	0.000000	0.000000	0.000000	0.251484	0.729075	0.019441	0.000000	0.000000	0.000000
462	0.000000	0.000000	0.000000	0.251756	0.728609	0.019635	0.000000	0.000000	0.000000
463	0.000000	0.000000	0.000000	0.251921	0.728470	0.019609	0.000000	0.000000	0.000000
464	0.000000	0.000000	0.000000	0.251909	0.728547	0.019544	0.000000	0.000000	0.000000
465	0.000000	0.000000	0.000000	0.251794	0.728640	0.019566	0.000000	0.000000	0.000000
466	0.000000	0.000000	0.000000	0.251558	0.728791	0.019651	0.000000	0.000000	0.000000
467	0.000000	0.000000	0.000000	0.251682	0.728622	0.019696	0.000000	0.000000	0.000000
468	0.000000	0.000000	0.000000	0.252146	0.728168	0.019686	0.000000	0.000000	0.000000
469	0.000000	0.000000	0.000000	0.251819	0.728577	0.019604	0.000000	0.000000	0.000000
470	0.000000	0.000000	0.000000	0.252180	0.728257	0.019563	0.000000	0.000000	0.000000
