0	0.290663	0.057897	0.229473	0.157588	0.029913	0.111872	0.085455	0.012259	0.024880
1	0.221189	0.045529	0.191766	0.132132	0.027136	0.115457	0.137515	0.026640	0.102636
2	0.211771	0.043539	0.181304	0.120105	0.025802	0.105135	0.154603	0.030110	0.127631
3	0.208886	0.042183	0.172815	0.109787	0.025277	0.094486	0.167288	0.032201	0.147077
4	0.206780	0.041334	0.163899	0.100588	0.024895	0.084481	0.177869	0.033841	0.166313
5	0.206356	0.040163	0.154482	0.092813	0.024665	0.074529	0.187634	0.035464	0.183894
6	0.206058	0.039032	0.145124	0.085868	0.024421	0.065926	0.196107	0.036386	0.201078
7	0.205318	0.038120	0.136131	0.079336	0.024440	0.058126	0.203492	0.037067	0.217970
8	0.204574	0.037018	0.127285	0.072846	0.024820	0.051466	0.209689	0.037670	0.234632
9	0.203778	0.036171	0.119310	0.067689	0.024807	0.045668	0.214972	0.038197	0.249408
10	0.203291	0.035637	0.110663	0.063151	0.025233	0.040055	0.219868	0.038470	0.263632
11	0.202705	0.034858	0.103016	0.058645	0.025296	0.035441	0.224064	0.038565	0.277410
12	0.202176	0.034441	0.095785	0.054618	0.025645	0.030982	0.227687	0.038725	0.289941
13	0.202070	0.033879	0.088775	0.050607	0.026092	0.027311	0.229865	0.038868	0.302533
14	0.201356	0.033408	0.082840	0.046947	0.026306	0.024339	0.231787	0.038905	0.314112
15	0.201215	0.032991	0.077031	0.043963	0.026763	0.021156	0.233228	0.038950	0.324703
16	0.200933	0.032526	0.071477	0.040819	0.027265	0.018566	0.234352	0.038677	0.335385
17	0.200641	0.031873	0.066261	0.038161	0.027819	0.016312	0.235169	0.038560	0.345204
18	0.199895	0.031572	0.061052	0.035354	0.028170	0.014570	0.235565	0.038184	0.355638
19	0.198878	0.031249	0.056569	0.033024	0.028648	0.012671	0.236262	0.037834	0.364865
20	0.198073	0.030783	0.052302	0.031127	0.028929	0.011224	0.235792	0.037523	0.374247
21	0.196918	0.030108	0.048447	0.029263	0.029581	0.009914	0.235447	0.037199	0.383123
22	0.196320	0.029627	0.044870	0.027426	0.030111	0.008668	0.234383	0.036836	0.391759
23	0.195393	0.029100	0.041563	0.025501	0.030678	0.007793	0.233564	0.036419	0.399989
24	0.194338	0.028494	0.038183	0.023751	0.031476	0.006960	0.231990	0.036258	0.408550
25	0.193202	0.028096	0.035206	0.022406	0.031922	0.006165	0.231539	0.035645	0.415819
26	0.192029	0.027608	0.032795	0.020887	0.032579	0.005399	0.229976	0.035030	0.423697
27	0.190645	0.027229	0.030321	0.019787	0.033284	0.004878	0.228573	0.034608	0.430675
28	0.189555	0.026610	0.028240	0.018316	0.033785	0.004303	0.226576	0.034274	0.438341
29	0.188023	0.026289	0.026124	0.017033	0.034374	0.003847	0.225276	0.034064	0.444970
30	0.186587	0.025680	0.024210	0.016108	0.035012	0.003511	0.223380	0.033607	0.451905
31	0.184896	0.025238	0.022135	0.015021	0.035519	0.003225	0.221874	0.033097	0.458995
32	0.183467	0.024799	0.020401	0.014052	0.036198	0.002929	0.220151	0.032527	0.465476
33	0.181820	0.024320	0.018729	0.013046	0.036718	0.002581	0.218007	0.032368	0.472411
34	0.180067	0.023748	0.017234	0.012254	0.037367	0.002292	0.216386	0.032161	0.478491
35	0.177846	0.023367	0.015887	0.011396	0.037925	0.002108	0.214162	0.031751	0.485558
36	0.175522	0.022806	0.014538	0.010720	0.038433	0.001925	0.212393	0.031286	0.492377
37	0.173375	0.022530	0.013272	0.010086	0.038792	0.001695	0.210508	0.031234	0.498508
38	0.171153	0.022280	0.012176	0.009421	0.039388	0.001504	0.208322	0.030983	0.504773
39	0.169060	0.021723	0.011281	0.008877	0.039827	0.001338	0.206520	0.030735	0.510639
40	0.166814	0.021332	0.010472	0.008404	0.040315	0.001225	0.204841	0.030443	0.516154
41	0.164409	0.020920	0.009558	0.007790	0.040974	0.001083	0.203127	0.029842	0.522297
42	0.162182	0.020730	0.008827	0.007447	0.041359	0.000987	0.201446	0.029707	0.527315
43	0.160002	0.020522	0.008131	0.006942	0.041730	0.000859	0.199560	0.029529	0.532725
44	0.157759	0.020115	0.007444	0.006513	0.042015	0.000773	0.197817	0.029191	0.538373
45	0.155464	0.019505	0.006919	0.006153	0.042331	0.000702	0.196502	0.028948	0.543476
46	0.152983	0.019212	0.006313	0.005685	0.042852	0.000616	0.194362	0.028792	0.549185
47	0.150412	0.018744	0.005829	0.005316	0.043159	0.000549	0.192537	0.028549	0.554905
48	0.147985	0.018318	0.005317	0.004995	0.043532	0.000515	0.191024	0.028350	0.559964
49	0.145793	0.017980	0.004800	0.004666	0.043645	0.000479	0.189465	0.027954	0.565218
50	0.143411	0.017479	0.004352	0.004388	0.043782	0.000451	0.188114	0.027660	0.570363
51	0.140959	0.016895	0.004087	0.004095	0.044136	0.000439	0.187168	0.027540	0.574681
52	0.138143	0.016527	0.003700	0.003771	0.044284	0.000379	0.185714	0.027004	0.580478
53	0.135331	0.016016	0.003336	0.003551	0.044488	0.000345	0.184493	0.026778	0.585662
54	0.132524	0.015636	0.003092	0.003358	0.044739	0.000324	0.183047	0.026313	0.590967
55	0.130113	0.015275	0.002717	0.003169	0.045130	0.000274	0.181799	0.026078	0.595445
56	0.127247	0.014815	0.002470	0.002976	0.045567	0.000246	0.180283	0.025810	0.600586
57	0.123915	0.014410	0.002278	0.002762	0.045825	0.000213	0.178905	0.025490	0.606202
58	0.121162	0.013938	0.002032	0.002627	0.046151	0.000199	0.177722	0.025289	0.610880
59	0.118510	0.013473	0.001808	0.002429	0.046425	0.000183	0.177137	0.025135	0.614900
60	0.115267	0.013062	0.001667	0.002280	0.046587	0.000160	0.176306	0.024881	0.619790
61	0.113075	0.012726	0.001512	0.002118	0.046873	0.000134	0.175192	0.024779	0.623591
62	0.110481	0.012306	0.001387	0.001999	0.046693	0.000114	0.173863	0.024590	0.628567
63	0.107985	0.011877	0.001197	0.001861	0.046840	0.000116	0.172980	0.024322	0.632822
64	0.104792	0.011452	0.001084	0.001753	0.047158	0.000105	0.171486	0.024112	0.638058
65	0.102182	0.011014	0.000944	0.001650	0.047014	0.000105	0.170604	0.023885	0.642602
66	0.099420	0.010738	0.000874	0.001604	0.047125	0.000128	0.168920	0.023643	0.647548
67	0.096548	0.010164	0.000777	0.001440	0.047302	0.000112	0.168637	0.023502	0.651518
68	0.093954	0.009917	0.000713	0.001353	0.047305	0.000108	0.167681	0.023410	0.655559
69	0.091453	0.009623	0.000631	0.001300	0.047222	0.000093	0.166779	0.023154	0.659745
70	0.089073	0.009487	0.000607	0.001227	0.047324	0.000099	0.165912	0.023036	0.663235
71	0.086473	0.009170	0.000556	0.001126	0.047278	0.000088	0.164998	0.022524	0.667787
72	0.084025	0.008910	0.000491	0.001065	0.047479	0.000093	0.164221	0.022426	0.671290
73	0.081652	0.008712	0.000476	0.001048	0.047149	0.000077	0.163945	0.022327	0.674614
74	0.079207	0.008473	0.000425	0.001036	0.047043	0.000061	0.162856	0.022105	0.678794
75	0.077002	0.008300	0.000386	0.000971	0.047161	0.000053	0.161898	0.022124	0.682105
76	0.074496	0.007942	0.000352	0.000907	0.047069	0.000046	0.161419	0.021820	0.685949
77	0.072445	0.007499	0.000287	0.000873	0.046943	0.000045	0.161026	0.021677	0.689205
78	0.070158	0.007318	0.000282	0.000831	0.046676	0.000048	0.160234	0.021474	0.692979
79	0.068248	0.007003	0.000248	0.000775	0.046530	0.000048	0.159334	0.021269	0.696545
80	0.065930	0.006730	0.000214	0.000754	0.046384	0.000041	0.158513	0.021118	0.700316
81	0.063994	0.006502	0.000182	0.000735	0.046161	0.000034	0.158033	0.020892	0.703467
82	0.062046	0.006339	0.000173	0.000710	0.045854	0.000023	0.157536	0.020985	0.706334
83	0.059968	0.006149	0.000153	0.000687	0.045685	0.000025	0.156703	0.021085	0.709545
84	0.058260	0.005971	0.000127	0.000635	0.045432	0.000024	0.156181	0.020972	0.712398
85	0.056364	0.005786	0.000131	0.000586	0.044964	0.000017	0.155507	0.020912	0.715733
86	0.054569	0.005659	0.000119	0.000549	0.044800	0.000011	0.154620	0.020740	0.718933
87	0.052672	0.005442	0.000092	0.000500	0.044488	0.000010	0.154335	0.020715	0.721746
88	0.051090	0.005121	0.000072	0.000476	0.044132	0.000011	0.153840	0.020742	0.724516
89	0.049471	0.005004	0.000069	0.000428	0.043491	0.000012	0.153416	0.020627	0.727482
90	0.047937	0.004783	0.000062	0.000422	0.043194	0.000010	0.152701	0.020512	0.730379
91	0.046256	0.004524	0.000060	0.000397	0.042938	0.000010	0.152167	0.020383	0.733265
92	0.044759	0.004288	0.000054	0.000381	0.042742	0.000010	0.151405	0.020276	0.736085
93	0.043387	0.004062	0.000034	0.000342	0.042337	0.000006	0.150788	0.020050	0.738994
94	0.042050	0.003882	0.000024	0.000332	0.041774	0.000008	0.150623	0.019978	0.741329
95	0.040527	0.003755	0.000023	0.000325	0.041563	0.000008	0.149951	0.019896	0.743952
96	0.039286	0.003617	0.000020	0.000318	0.041348	0.000009	0.149083	0.019743	0.746576
97	0.038022	0.003489	0.000017	0.000314	0.040844	0.000011	0.148391	0.019794	0.749118
98	0.036542	0.003237	0.000011	0.000269	0.040532	0.000010	0.147908	0.019698	0.751793
99	0.035340	0.003130	0.000015	0.000250	0.040347	0.000007	0.147725	0.019682	0.753504
100	0.034078	0.003016	0.000011	0.000236	0.039935	0.000006	0.147616	0.019706	0.755396
101	0.032791	0.002885	0.000009	0.000208	0.039480	0.000002	0.147338	0.019482	0.757805
102	0.031698	0.002766	0.000006	0.000202	0.039019	0.000001	0.146730	0.019329	0.760249
103	0.030566	0.002598	0.000004	0.000184	0.038570	0.000001	0.146505	0.019142	0.762430
104	0.029341	0.002513	0.000003	0.000165	0.038140	0.000001	0.145716	0.019179	0.764942
105	0.028247	0.002390	0.000005	0.000167	0.037794	0.000001	0.145976	0.019030	0.766390
106	0.027150	0.002327	0.000004	0.000139	0.037297	0.000000	0.145571	0.018799	0.768713
107	0.026426	0.002235	0.000005	0.000142	0.037041	0.000000	0.144749	0.018724	0.770678
108	0.025470	0.002135	0.000005	0.000115	0.036663	0.000000	0.144362	0.018436	0.772814
109	0.024433	0.002051	0.000002	0.000123	0.036362	0.000000	0.143650	0.018292	0.775087
110	0.023518	0.001952	0.000004	0.000120	0.035878	0.000000	0.143307	0.018173	0.777048
111	0.022688	0.001907	0.000002	0.000114	0.035413	0.000000	0.142607	0.018087	0.779182
112	0.021695	0.001882	0.000002	0.000100	0.034960	0.000000	0.141879	0.018090	0.781392
113	0.020887	0.001801	0.000001	0.000100	0.034438	0.000000	0.141930	0.017927	0.782916
114	0.020117	0.001752	0.000001	0.000107	0.034047	0.000000	0.141102	0.017918	0.784956
115	0.019451	0.001705	0.000003	0.000097	0.033627	0.000000	0.140741	0.017763	0.786613
116	0.018613	0.001680	0.000006	0.000090	0.033144	0.000000	0.140550	0.017662	0.788255
117	0.018023	0.001610	0.000002	0.000073	0.032899	0.000000	0.140523	0.017460	0.789410
118	0.017291	0.001584	0.000003	0.000074	0.032435	0.000000	0.140442	0.017472	0.790699
119	0.016738	0.001487	0.000001	0.000073	0.032077	0.000000	0.140264	0.017484	0.791876
120	0.016037	0.001453	0.000002	0.000068	0.031604	0.000000	0.140673	0.017329	0.792834
121	0.015502	0.001430	0.000002	0.000058	0.031246	0.000000	0.140076	0.017235	0.794451
122	0.014992	0.001337	0.000003	0.000051	0.030484	0.000000	0.139980	0.017074	0.796079
123	0.014492	0.001273	0.000004	0.000046	0.030057	0.000000	0.139577	0.017042	0.797509
124	0.014047	0.001227	0.000003	0.000043	0.029635	0.000000	0.139221	0.017124	0.798700
125	0.013521	0.001188	0.000001	0.000038	0.029233	0.000000	0.139448	0.017129	0.799442
126	0.013070	0.001152	0.000003	0.000028	0.028971	0.000000	0.139321	0.016951	0.800504
127	0.012559	0.001103	0.000002	0.000032	0.028568	0.000000	0.139151	0.016988	0.801597
128	0.012230	0.001068	0.000000	0.000025	0.028302	0.000000	0.138703	0.016892	0.802780
129	0.011738	0.001044	0.000000	0.000018	0.027770	0.000000	0.138871	0.016807	0.803752
130	0.011309	0.000987	0.000000	0.000015	0.027514	0.000000	0.138607	0.016886	0.804682
131	0.010953	0.000928	0.000000	0.000012	0.027092	0.000000	0.138678	0.016647	0.805690
132	0.010532	0.000903	0.000000	0.000006	0.026852	0.000000	0.138221	0.016591	0.806895
133	0.010144	0.000874	0.000000	0.000004	0.026333	0.000000	0.138064	0.016504	0.808077
134	0.009795	0.000819	0.000000	0.000002	0.025883	0.000000	0.137886	0.016623	0.808992
135	0.009531	0.000787	0.000000	0.000001	0.025372	0.000000	0.137697	0.016784	0.809828
136	0.009286	0.000750	0.000000	0.000000	0.025020	0.000000	0.137389	0.016559	0.810996
137	0.008998	0.000718	0.000000	0.000000	0.024701	0.000000	0.136967	0.016697	0.811919
138	0.008840	0.000671	0.000000	0.000000	0.024308	0.000000	0.136656	0.016572	0.812953
139	0.008420	0.000648	0.000000	0.000000	0.023968	0.000000	0.135870	0.016590	0.814504
140	0.008116	0.000667	0.000000	0.000000	0.023593	0.000000	0.135788	0.016403	0.815433
141	0.007871	0.000662	0.000000	0.000000	0.023160	0.000000	0.135390	0.016209	0.816708
142	0.007588	0.000614	0.000000	0.000000	0.022931	0.000000	0.135055	0.016262	0.817550
143	0.007292	0.000570	0.000000	0.000000	0.022586	0.000000	0.134732	0.016157	0.818663
144	0.007117	0.000527	0.000000	0.000000	0.022220	0.000000	0.134484	0.016160	0.819492
145	0.006807	0.000525	0.000000	0.000000	0.021778	0.000000	0.134638	0.016129	0.820123
146	0.006675	0.000540	0.000000	0.000000	0.021400	0.000000	0.134271	0.016190	0.820924
147	0.006482	0.000505	0.000000	0.000000	0.021092	0.000000	0.134338	0.016038	0.821545
148	0.006219	0.000471	0.000000	0.000000	0.020685	0.000000	0.134193	0.016041	0.822391
149	0.005962	0.000486	0.000000	0.000000	0.020410	0.000000	0.134210	0.016141	0.822791
150	0.005845	0.000440	0.000000	0.000000	0.019960	0.000000	0.134530	0.015996	0.823229
151	0.005591	0.000429	0.000000	0.000000	0.019753	0.000000	0.134451	0.016048	0.823728
152	0.005466	0.000468	0.000000	0.000000	0.019483	0.000000	0.134032	0.016011	0.824540
153	0.005284	0.000450	0.000000	0.000000	0.019114	0.000000	0.133939	0.016116	0.825097
154	0.005138	0.000406	0.000000	0.000000	0.018694	0.000000	0.134297	0.015966	0.825499
155	0.004990	0.000381	0.000000	0.000000	0.018417	0.000000	0.134300	0.015787	0.826125
156	0.004816	0.000350	0.000000	0.000000	0.018041	0.000000	0.134124	0.015888	0.826781
157	0.004688	0.000303	0.000000	0.000000	0.017603	0.000000	0.133899	0.015786	0.827721
158	0.004512	0.000277	0.000000	0.000000	0.017315	0.000000	0.133614	0.015657	0.828625
159	0.004395	0.000257	0.000000	0.000000	0.017115	0.000000	0.133404	0.015614	0.829215
160	0.004187	0.000243	0.000000	0.000000	0.016664	0.000000	0.133566	0.015706	0.829634
161	0.004029	0.000227	0.000000	0.000000	0.016537	0.000000	0.133144	0.015597	0.830466
162	0.003920	0.000215	0.000000	0.000000	0.016254	0.000000	0.132995	0.015572	0.831044
163	0.003690	0.000193	0.000000	0.000000	0.016041	0.000000	0.132762	0.015590	0.831724
164	0.003566	0.000184	0.000000	0.000000	0.015817	0.000000	0.132368	0.015416	0.832649
165	0.003395	0.000190	0.000000	0.000000	0.015683	0.000000	0.132677	0.015494	0.832561
166	0.003173	0.000193	0.000000	0.000000	0.015423	0.000000	0.132967	0.015540	0.832704
167	0.002990	0.000176	0.000000	0.000000	0.015120	0.000000	0.131883	0.015613	0.834218
168	0.002931	0.000173	0.000000	0.000000	0.014811	0.000000	0.132117	0.015773	0.834195
169	0.002822	0.000160	0.000000	0.000000	0.014469	0.000000	0.132514	0.015543	0.834492
170	0.002744	0.000161	0.000000	0.000000	0.014105	0.000000	0.132144	0.015384	0.835462
171	0.002621	0.000168	0.000000	0.000000	0.013913	0.000000	0.131792	0.015302	0.836204
172	0.002607	0.000163	0.000000	0.000000	0.013761	0.000000	0.131162	0.015240	0.837067
173	0.002489	0.000163	0.000000	0.000000	0.013634	0.000000	0.130956	0.015167	0.837591
174	0.002428	0.000170	0.000000	0.000000	0.013386	0.000000	0.130956	0.015150	0.837910
175	0.002395	0.000170	0.000000	0.000000	0.013302	0.000000	0.131386	0.015020	0.837727
176	0.002294	0.000173	0.000000	0.000000	0.013050	0.000000	0.131012	0.015062	0.838409
177	0.002291	0.000167	0.000000	0.000000	0.012880	0.000000	0.130989	0.014927	0.838746
178	0.002197	0.000175	0.000000	0.000000	0.012726	0.000000	0.131178	0.014887	0.838837
179	0.002158	0.000179	0.000000	0.000000	0.012384	0.000000	0.130674	0.014835	0.839770
180	0.002121	0.000151	0.000000	0.000000	0.012058	0.000000	0.130477	0.014898	0.840295
181	0.002045	0.000141	0.000000	0.000000	0.011888	0.000000	0.130275	0.014905	0.840746
182	0.001964	0.000139	0.000000	0.000000	0.011765	0.000000	0.130424	0.014965	0.840743
183	0.001985	0.000130	0.000000	0.000000	0.011482	0.000000	0.130906	0.014959	0.840538
184	0.001920	0.000135	0.000000	0.000000	0.011215	0.000000	0.130590	0.014951	0.841189
185	0.001915	0.000133	0.000000	0.000000	0.010945	0.000000	0.130311	0.014845	0.841851
186	0.001880	0.000133	0.000000	0.000000	0.010708	0.000000	0.130138	0.014793	0.842348
187	0.001885	0.000128	0.000000	0.000000	0.010507	0.000000	0.130279	0.014799	0.842402
188	0.001866	0.000121	0.000000	0.000000	0.010293	0.000000	0.129691	0.014856	0.843173
189	0.001813	0.000119	0.000000	0.000000	0.010231	0.000000	0.129843	0.014822	0.843172
190	0.001772	0.000123	0.000000	0.000000	0.009991	0.000000	0.129994	0.014952	0.843168
191	0.001657	0.000131	0.000000	0.000000	0.009715	0.000000	0.130040	0.015039	0.843418
192	0.001609	0.000116	0.000000	0.000000	0.009510	0.000000	0.129971	0.014984	0.843810
193	0.001570	0.000110	0.000000	0.000000	0.009314	0.000000	0.129627	0.014975	0.844404
194	0.001538	0.000105	0.000000	0.000000	0.009117	0.000000	0.130047	0.014946	0.844247
195	0.001527	0.000104	0.000000	0.000000	0.008882	0.000000	0.129964	0.015051	0.844472
196	0.001501	0.000095	0.000000	0.000000	0.008764	0.000000	0.130018	0.015041	0.844581
197	0.001512	0.000087	0.000000	0.000000	0.008615	0.000000	0.130328	0.015012	0.844446
198	0.001495	0.000091	0.000000	0.000000	0.008385	0.000000	0.130278	0.014928	0.844823
199	0.001441	0.000093	0.000000	0.000000	0.008306	0.000000	0.130056	0.014840	0.845264
200	0.001435	0.000094	0.000000	0.000000	0.008068	0.000000	0.129841	0.014757	0.845805
201	0.001392	0.000092	0.000000	0.000000	0.008049	0.000000	0.129443	0.014769	0.846255
202	0.001365	0.000084	0.000000	0.000000	0.007844	0.000000	0.129805	0.014715	0.846187
203	0.001353	0.000080	0.000000	0.000000	0.007709	0.000000	0.129994	0.014659	0.846205
204	0.001298	0.000070	0.000000	0.000000	0.007613	0.000000	0.129628	0.014489	0.846902
205	0.001329	0.000072	0.000000	0.000000	0.007473	0.000000	0.129538	0.014407	0.847181
206	0.001247	0.000065	0.000000	0.000000	0.007388	0.000000	0.129526	0.014470	0.847304
207	0.001235	0.000061	0.000000	0.000000	0.007300	0.000000	0.129382	0.014246	0.847776
208	0.001198	0.000052	0.000000	0.000000	0.007194	0.000000	0.129169	0.014367	0.848020
209	0.001129	0.000052	0.000000	0.000000	0.007079	0.000000	0.129239	0.014419	0.848082
210	0.001077	0.000042	0.000000	0.000000	0.007054	0.000000	0.129089	0.014335	0.848403
211	0.001090	0.000036	0.000000	0.000000	0.006931	0.000000	0.128749	0.014462	0.848732
212	0.001076	0.000030	0.000000	0.000000	0.006732	0.000000	0.128927	0.014463	0.848772
213	0.001060	0.000026	0.000000	0.000000	0.006620	0.000000	0.128672	0.014534	0.849088
214	0.001039	0.000022	0.000000	0.000000	0.006457	0.000000	0.128835	0.014464	0.849183
215	0.000984	0.000020	0.000000	0.000000	0.006342	0.000000	0.128411	0.014623	0.849620
216	0.000977	0.000021	0.000000	0.000000	0.006262	0.000000	0.128471	0.014595	0.849674
217	0.000946	0.000023	0.000000	0.000000	0.006175	0.000000	0.128652	0.014583	0.849621
218	0.000874	0.000019	0.000000	0.000000	0.006079	0.000000	0.128627	0.014606	0.849795
219	0.000862	0.000023	0.000000	0.000000	0.005931	0.000000	0.128758	0.014510	0.849916
220	0.000806	0.000016	0.000000	0.000000	0.005778	0.000000	0.129248	0.014582	0.849570
221	0.000764	0.000014	0.000000	0.000000	0.005658	0.000000	0.129060	0.014617	0.849887
222	0.000749	0.000010	0.000000	0.000000	0.005556	0.000000	0.128881	0.014727	0.850077
223	0.000708	0.000013	0.000000	0.000000	0.005434	0.000000	0.128394	0.014720	0.850731
224	0.000689	0.000010	0.000000	0.000000	0.005365	0.000000	0.128363	0.014585	0.850988
225	0.000673	0.000008	0.000000	0.000000	0.005267	0.000000	0.128223	0.014567	0.851262
226	0.000662	0.000008	0.000000	0.000000	0.005193	0.000000	0.127769	0.014638	0.851730
227	0.000628	0.000009	0.000000	0.000000	0.005052	0.000000	0.127329	0.014601	0.852381
228	0.000629	0.000006	0.000000	0.000000	0.004962	0.000000	0.127381	0.014621	0.852401
229	0.000620	0.000006	0.000000	0.000000	0.004943	0.000000	0.127883	0.014534	0.852014
230	0.000574	0.000004	0.000000	0.000000	0.004964	0.000000	0.128084	0.014458	0.851916
231	0.000596	0.000003	0.000000	0.000000	0.004877	0.000000	0.128189	0.014370	0.851965
232	0.000595	0.000002	0.000000	0.000000	0.004723	0.000000	0.127952	0.014393	0.852335
233	0.000605	0.000001	0.000000	0.000000	0.004644	0.000000	0.127896	0.014350	0.852504
234	0.000563	0.000002	0.000000	0.000000	0.004642	0.000000	0.127813	0.014231	0.852749
235	0.000535	0.000003	0.000000	0.000000	0.004566	0.000000	0.127663	0.014155	0.853078
236	0.000528	0.000000	0.000000	0.000000	0.004473	0.000000	0.127342	0.014039	0.853618
237	0.000518	0.000000	0.000000	0.000000	0.004412	0.000000	0.127275	0.013997	0.853798
238	0.000513	0.000000	0.000000	0.000000	0.004385	0.000000	0.127000	0.013851	0.854251
239	0.000502	0.000000	0.000000	0.000000	0.004288	0.000000	0.126957	0.013945	0.854308
240	0.000479	0.000000	0.000000	0.000000	0.004200	0.000000	0.126666	0.013803	0.854852
241	0.000457	0.000000	0.000000	0.000000	0.004076	0.000000	0.126840	0.013752	0.854875
242	0.000441	0.000000	0.000000	0.000000	0.004046	0.000000	0.126848	0.013642	0.855023
243	0.000437	0.000000	0.000000	0.000000	0.003989	0.000000	0.126654	0.013769	0.855151
244	0.000448	0.000000	0.000000	0.000000	0.003887	0.000000	0.127020	0.013704	0.854941
245	0.000421	0.000000	0.000000	0.000000	0.003822	0.000000	0.127120	0.013651	0.854986
246	0.000426	0.000000	0.000000	0.000000	0.003817	0.000000	0.127412	0.013576	0.854769
247	0.000424	0.000000	0.000000	0.000000	0.003779	0.000000	0.127674	0.013540	0.854583
248	0.000408	0.000000	0.000000	0.000000	0.003670	0.000000	0.127429	0.013492	0.855001
249	0.000379	0.000000	0.000000	0.000000	0.003648	0.000000	0.127716	0.013611	0.854646
250	0.000367	0.000000	0.000000	0.000000	0.003616	0.000000	0.127527	0.013699	0.854791
251	0.000385	0.000000	0.000000	0.000000	0.003567	0.000000	0.127426	0.013663	0.854959
252	0.000378	0.000000	0.000000	0.000000	0.003521	0.000000	0.127454	0.013554	0.855093
253	0.000349	0.000000	0.000000	0.000000	0.003512	0.000000	0.127371	0.013612	0.855156
254	0.000322	0.000000	0.000000	0.000000	0.003451	0.000000	0.127802	0.013559	0.854866
255	0.000319	0.000000	0.000000	0.000000	0.003334	0.000000	0.127993	0.013586	0.854768
256	0.000306	0.000000	0.000000	0.000000	0.003246	0.000000	0.127749	0.013612	0.855087
257	0.000267	0.000000	0.000000	0.000000	0.003154	0.000000	0.127550	0.013635	0.855394
258	0.000262	0.000000	0.000000	0.000000	0.003070	0.000000	0.127704	0.013829	0.855135
259	0.000285	0.000000	0.000000	0.000000	0.003077	0.000000	0.128000	0.013690	0.854948
260	0.000285	0.000000	0.000000	0.000000	0.003045	0.000000	0.127972	0.013674	0.855024
261	0.000292	0.000000	0.000000	0.000000	0.003026	0.000000	0.128156	0.013779	0.854747
262	0.000290	0.000000	0.000000	0.000000	0.003009	0.000000	0.128235	0.013635	0.854831
263	0.000269	0.000000	0.000000	0.000000	0.002974	0.000000	0.128664	0.013729	0.854364
264	0.000266	0.000000	0.000000	0.000000	0.003010	0.000000	0.128367	0.013701	0.854656
265	0.000273	0.000000	0.000000	0.000000	0.002981	0.000000	0.128184	0.013787	0.854775
266	0.000269	0.000000	0.000000	0.000000	0.002904	0.000000	0.127907	0.013981	0.854939
267	0.000242	0.000000	0.000000	0.000000	0.002904	0.000000	0.127589	0.014013	0.855252
268	0.000236	0.000000	0.000000	0.000000	0.002865	0.000000	0.127981	0.014118	0.854800
269	0.000217	0.000000	0.000000	0.000000	0.002825	0.000000	0.127776	0.013973	0.855209
270	0.000219	0.000000	0.000000	0.000000	0.002770	0.000000	0.127824	0.013982	0.855205
271	0.000219	0.000000	0.000000	0.000000	0.002738	0.000000	0.128053	0.014036	0.854954
272	0.000217	0.000000	0.000000	0.000000	0.002709	0.000000	0.127867	0.013997	0.855210
273	0.000198	0.000000	0.000000	0.000000	0.002657	0.000000	0.127570	0.013937	0.855638
274	0.000194	0.000000	0.000000	0.000000	0.002615	0.000000	0.127596	0.013963	0.855632
275	0.000183	0.000000	0.000000	0.000000	0.002601	0.000000	0.127192	0.013943	0.856081
276	0.000176	0.000000	0.000000	0.000000	0.002564	0.000000	0.127444	0.013830	0.855986
277	0.000172	0.000000	0.000000	0.000000	0.002530	0.000000	0.126809	0.013813	0.856676
278	0.000168	0.000000	0.000000	0.000000	0.002492	0.000000	0.126989	0.013887	0.856464
279	0.000176	0.000000	0.000000	0.000000	0.002461	0.000000	0.126496	0.013859	0.857008
280	0.000153	0.000000	0.000000	0.000000	0.002404	0.000000	0.126705	0.013819	0.856919
281	0.000144	0.000000	0.000000	0.000000	0.002361	0.000000	0.126244	0.013984	0.857267
282	0.000146	0.000000	0.000000	0.000000	0.002366	0.000000	0.126381	0.013914	0.857193
283	0.000146	0.000000	0.000000	0.000000	0.002334	0.000000	0.126373	0.013842	0.857305
284	0.000155	0.000000	0.000000	0.000000	0.002253	0.000000	0.125936	0.013911	0.857745
285	0.000144	0.000000	0.000000	0.000000	0.002263	0.000000	0.126189	0.013890	0.857514
286	0.000131	0.000000	0.000000	0.000000	0.002272	0.000000	0.125826	0.014067	0.857704
287	0.000132	0.000000	0.000000	0.000000	0.002244	0.000000	0.125384	0.014051	0.858189
288	0.000132	0.000000	0.000000	0.000000	0.002241	0.000000	0.125095	0.014129	0.858403
289	0.000121	0.000000	0.000000	0.000000	0.002199	0.000000	0.125086	0.014063	0.858531
290	0.000112	0.000000	0.000000	0.000000	0.002217	0.000000	0.125182	0.014048	0.858441
291	0.000119	0.000000	0.000000	0.000000	0.002179	0.000000	0.125393	0.014201	0.858108
292	0.000116	0.000000	0.000000	0.000000	0.002153	0.000000	0.125216	0.014161	0.858354
293	0.000099	0.000000	0.000000	0.000000	0.002118	0.000000	0.124812	0.013968	0.859003
294	0.000096	0.000000	0.000000	0.000000	0.002037	0.000000	0.125000	0.014032	0.858835
295	0.000106	0.000000	0.000000	0.000000	0.001990	0.000000	0.125181	0.014101	0.858622
296	0.000099	0.000000	0.000000	0.000000	0.001920	0.000000	0.125252	0.014219	0.858510
297	0.000100	0.000000	0.000000	0.000000	0.001926	0.000000	0.125400	0.014014	0.858560
298	0.000095	0.000000	0.000000	0.000000	0.001897	0.000000	0.125789	0.014038	0.858181
299	0.000096	0.000000	0.000000	0.000000	0.001869	0.000000	0.125357	0.013931	0.858747
300	0.000096	0.000000	0.000000	0.000000	0.001867	0.000000	0.125239	0.013926	0.858872
301	0.000080	0.000000	0.000000	0.000000	0.001823	0.000000	0.125237	0.013924	0.858936
302	0.000081	0.000000	0.000000	0.000000	0.001768	0.000000	0.124753	0.013949	0.859449
303	0.000078	0.000000	0.000000	0.000000	0.001719	0.000000	0.124810	0.014025	0.859368
304	0.000075	0.000000	0.000000	0.000000	0.001708	0.000000	0.124889	0.014032	0.859296
305	0.000072	0.000000	0.000000	0.000000	0.001678	0.000000	0.124659	0.014031	0.859560
306	0.000063	0.000000	0.000000	0.000000	0.001612	0.000000	0.124789	0.014112	0.859424
307	0.000070	0.000000	0.000000	0.000000	0.001618	0.000000	0.125002	0.014280	0.859030
308	0.000067	0.000000	0.000000	0.000000	0.001583	0.000000	0.125037	0.014267	0.859046
309	0.000074	0.000000	0.000000	0.000000	0.001523	0.000000	0.125285	0.014293	0.858825
310	0.000083	0.000000	0.000000	0.000000	0.001494	0.000000	0.124852	0.014579	0.858992
311	0.000080	0.000000	0.000000	0.000000	0.001478	0.000000	0.124850	0.014623	0.858969
312	0.000082	0.000000	0.000000	0.000000	0.001465	0.000000	0.124834	0.014600	0.859019
313	0.000088	0.000000	0.000000	0.000000	0.001434	0.000000	0.124593	0.014688	0.859197
314	0.000085	0.000000	0.000000	0.000000	0.001401	0.000000	0.124450	0.014657	0.859407
315	0.000074	0.000000	0.000000	0.000000	0.001394	0.000000	0.124469	0.014727	0.859336
316	0.000075	0.000000	0.000000	0.000000	0.001371	0.000000	0.124442	0.014651	0.859461
317	0.000064	0.000000	0.000000	0.000000	0.001337	0.000000	0.124467	0.014697	0.859435
318	0.000060	0.000000	0.000000	0.000000	0.001322	0.000000	0.124418	0.014765	0.859435
319	0.000057	0.000000	0.000000	0.000000	0.001296	0.000000	0.124614	0.014641	0.859392
320	0.000059	0.000000	0.000000	0.000000	0.001265	0.000000	0.124540	0.014662	0.859474
321	0.000067	0.000000	0.000000	0.000000	0.001260	0.000000	0.124014	0.014771	0.859888
322	0.000053	0.000000	0.000000	0.000000	0.001261	0.000000	0.124249	0.014753	0.859684
323	0.000043	0.000000	0.000000	0.000000	0.001265	0.000000	0.124118	0.014751	0.859823
324	0.000044	0.000000	0.000000	0.000000	0.001241	0.000000	0.123761	0.014814	0.860140
325	0.000042	0.000000	0.000000	0.000000	0.001245	0.000000	0.123903	0.014844	0.859966
326	0.000044	0.000000	0.000000	0.000000	0.001252	0.000000	0.124173	0.014872	0.859659
327	0.000040	0.000000	0.000000	0.000000	0.001227	0.000000	0.123956	0.014962	0.859815
328	0.000032	0.000000	0.000000	0.000000	0.001179	0.000000	0.124344	0.014976	0.859469
329	0.000028	0.000000	0.000000	0.000000	0.001163	0.000000	0.124071	0.015229	0.859509
330	0.000023	0.000000	0.000000	0.000000	0.001170	0.000000	0.124239	0.015236	0.859332
331	0.000024	0.000000	0.000000	0.000000	0.001133	0.000000	0.124693	0.015233	0.858917
332	0.000022	0.000000	0.000000	0.000000	0.001090	0.000000	0.124465	0.015246	0.859177
333	0.000027	0.000000	0.000000	0.000000	0.001103	0.000000	0.124097	0.015393	0.859380
334	0.000028	0.000000	0.000000	0.000000	0.001057	0.000000	0.123737	0.015469	0.859709
335	0.000028	0.000000	0.000000	0.000000	0.001041	0.000000	0.123577	0.015387	0.859967
336	0.000027	0.000000	0.000000	0.000000	0.001008	0.000000	0.123388	0.015469	0.860108
337	0.000027	0.000000	0.000000	0.000000	0.000948	0.000000	0.123545	0.015380	0.860100
338	0.000029	0.000000	0.000000	0.000000	0.000928	0.000000	0.123252	0.015533	0.860258
339	0.000024	0.000000	0.000000	0.000000	0.000932	0.000000	0.123438	0.015488	0.860118
340	0.000024	0.000000	0.000000	0.000000	0.000912	0.000000	0.123437	0.015508	0.860119
341	0.000017	0.000000	0.000000	0.000000	0.000884	0.000000	0.123829	0.015678	0.859592
342	0.000015	0.000000	0.000000	0.000000	0.000875	0.000000	0.123604	0.015881	0.859625
343	0.000008	0.000000	0.000000	0.000000	0.000843	0.000000	0.123495	0.015797	0.859857
344	0.000010	0.000000	0.000000	0.000000	0.000821	0.000000	0.123567	0.015717	0.859885
345	0.000008	0.000000	0.000000	0.000000	0.000846	0.000000	0.123784	0.015625	0.859737
346	0.000008	0.000000	0.000000	0.000000	0.000822	0.000000	0.123608	0.015667	0.859895
347	0.000006	0.000000	0.000000	0.000000	0.000806	0.000000	0.124059	0.015548	0.859581
348	0.000007	0.000000	0.000000	0.000000	0.000806	0.000000	0.123858	0.015647	0.859682
349	0.000007	0.000000	0.000000	0.000000	0.000777	0.000000	0.123807	0.015606	0.859803
350	0.000013	0.000000	0.000000	0.000000	0.000800	0.000000	0.123624	0.015676	0.859887
351	0.000012	0.000000	0.000000	0.000000	0.000770	0.000000	0.123783	0.015670	0.859765
352	0.000016	0.000000	0.000000	0.000000	0.000729	0.000000	0.123375	0.015792	0.860088
353	0.000013	0.000000	0.000000	0.000000	0.000719	0.000000	0.123489	0.015777	0.860002
354	0.000012	0.000000	0.000000	0.000000	0.000695	0.000000	0.123546	0.015768	0.859979
355	0.000007	0.000000	0.000000	0.000000	0.000667	0.000000	0.123369	0.015662	0.860295
356	0.000005	0.000000	0.000000	0.000000	0.000643	0.000000	0.123374	0.015662	0.860316
357	0.000004	0.000000	0.000000	0.000000	0.000623	0.000000	0.123579	0.015515	0.860279
358	0.000002	0.000000	0.000000	0.000000	0.000611	0.000000	0.123232	0.015626	0.860529
359	0.000001	0.000000	0.000000	0.000000	0.000624	0.000000	0.122983	0.015538	0.860854
360	0.000000	0.000000	0.000000	0.000000	0.000627	0.000000	0.123196	0.015558	0.860619
361	0.000000	0.000000	0.000000	0.000000	0.000599	0.000000	0.123333	0.015579	0.860489
362	0.000000	0.000000	0.000000	0.000000	0.000590	0.000000	0.123337	0.015597	0.860476
363	0.000000	0.000000	0.000000	0.000000	0.000564	0.000000	0.123240	0.015466	0.860730
364	0.000000	0.000000	0.000000	0.000000	0.000559	0.000000	0.123056	0.015342	0.861043
365	0.000000	0.000000	0.000000	0.000000	0.000532	0.000000	0.123153	0.015371	0.860944
366	0.000000	0.000000	0.000000	0.000000	0.000519	0.000000	0.122592	0.015384	0.861505
367	0.000000	0.000000	0.000000	0.000000	0.000511	0.000000	0.122386	0.015413	0.861690
368	0.000000	0.000000	0.000000	0.000000	0.000497	0.000000	0.122452	0.015469	0.861582
369	0.000000	0.000000	0.000000	0.000000	0.000471	0.000000	0.122050	0.015391	0.862088
370	0.000000	0.000000	0.000000	0.000000	0.000488	0.000000	0.122071	0.015447	0.861994
371	0.000000	0.000000	0.000000	0.000000	0.000493	0.000000	0.122425	0.015253	0.861829
372	0.000000	0.000000	0.000000	0.000000	0.000476	0.000000	0.122641	0.015243	0.861640
373	0.000000	0.000000	0.000000	0.000000	0.000490	0.000000	0.122537	0.015196	0.861777
374	0.000000	0.000000	0.000000	0.000000	0.000489	0.000000	0.122500	0.015327	0.861684
375	0.000000	0.000000	0.000000	0.000000	0.000497	0.000000	0.122727	0.015423	0.861353
376	0.000000	0.000000	0.000000	0.000000	0.000513	0.000000	0.122157	0.015498	0.861832
377	0.000000	0.000000	0.000000	0.000000	0.000494	0.000000	0.122070	0.015437	0.861999
378	0.000000	0.000000	0.000000	0.000000	0.000462	0.000000	0.122385	0.015552	0.861601
379	0.000000	0.000000	0.000000	0.000000	0.000457	0.000000	0.122565	0.015640	0.861338
380	0.000000	0.000000	0.000000	0.000000	0.000449	0.000000	0.122788	0.015517	0.861246
381	0.000000	0.000000	0.000000	0.000000	0.000446	0.000000	0.122512	0.015550	0.861492
382	0.000000	0.000000	0.000000	0.000000	0.000447	0.000000	0.122445	0.015593	0.861515
383	0.000000	0.000000	0.000000	0.000000	0.000441	0.000000	0.122875	0.015758	0.860926
384	0.000000	0.000000	0.000000	0.000000	0.000454	0.000000	0.122951	0.015784	0.860811
385	0.000000	0.000000	0.000000	0.000000	0.000469	0.000000	0.123036	0.015915	0.860580
386	0.000000	0.000000	0.000000	0.000000	0.000443	0.000000	0.123014	0.016047	0.860496
387	0.000000	0.000000	0.000000	0.000000	0.000444	0.000000	0.123383	0.015943	0.860230
388	0.000000	0.000000	0.000000	0.000000	0.000445	0.000000	0.122992	0.015874	0.860689
389	0.000000	0.000000	0.000000	0.000000	0.000462	0.000000	0.123375	0.015891	0.860272
390	0.000000	0.000000	0.000000	0.000000	0.000474	0.000000	0.123139	0.015858	0.860529
391	0.000000	0.000000	0.000000	0.000000	0.000480	0.000000	0.122899	0.015799	0.860822
392	0.000000	0.000000	0.000000	0.000000	0.000471	0.000000	0.123124	0.015683	0.860722
393	0.000000	0.000000	0.000000	0.000000	0.000463	0.000000	0.123224	0.015642	0.860671
394	0.000000	0.000000	0.000000	0.000000	0.000462	0.000000	0.123311	0.015802	0.860425
395	0.000000	0.000000	0.000000	0.000000	0.000473	0.000000	0.123674	0.015733	0.860120
396	0.000000	0.000000	0.000000	0.000000	0.000481	0.000000	0.123657	0.015744	0.860118
397	0.000000	0.000000	0.000000	0.000000	0.000467	0.000000	0.123778	0.015706	0.860049
398	0.000000	0.000000	0.000000	0.000000	0.000482	0.000000	0.123665	0.015862	0.859991
399	0.000000	0.000000	0.000000	0.000000	0.000477	0.000000	0.123859	0.015730	0.859934
400	0.000000	0.000000	0.000000	0.000000	0.000466	0.000000	0.123689	0.015823	0.860022
401	0.000000	0.000000	0.000000	0.000000	0.000464	0.000000	0.123671	0.015756	0.860109
402	0.000000	0.000000	0.000000	0.000000	0.000478	0.000000	0.123370	0.015814	0.860338
403	0.000000	0.000000	0.000000	0.000000	0.000456	0.000000	0.123377	0.015746	0.860421
404	0.000000	0.000000	0.000000	0.000000	0.000455	0.000000	0.123326	0.015626	0.860593
405	0.000000	0.000000	0.000000	0.000000	0.000445	0.000000	0.123319	0.015493	0.860743
406	0.000000	0.000000	0.000000	0.000000	0.000419	0.000000	0.123400	0.015402	0.860779
407	0.000000	0.000000	0.000000	0.000000	0.000399	0.000000	0.123895	0.015283	0.860423
408	0.000000	0.000000	0.000000	0.000000	0.000385	0.000000	0.123932	0.015221	0.860462
409	0.000000	0.000000	0.000000	0.000000	0.000390	0.000000	0.124008	0.015122	0.860480
410	0.000000	0.000000	0.000000	0.000000	0.000393	0.000000	0.124119	0.015228	0.860260
411	0.000000	0.000000	0.000000	0.000000	0.000412	0.000000	0.124337	0.015186	0.860065
412	0.000000	0.000000	0.000000	0.000000	0.000399	0.000000	0.124249	0.014992	0.860360
413	0.000000	0.000000	0.000000	0.000000	0.000403	0.000000	0.124301	0.014988	0.860308
414	0.000000	0.000000	0.000000	0.000000	0.000383	0.000000	0.124309	0.015168	0.860140
415	0.000000	0.000000	0.000000	0.000000	0.000382	0.000000	0.124258	0.015065	0.860295
416	0.000000	0.000000	0.000000	0.000000	0.000377	0.000000	0.124009	0.015203	0.860411
417	0.000000	0.000000	0.000000	0.000000	0.000371	0.000000	0.123686	0.015278	0.860665
418	0.000000	0.000000	0.000000	0.000000	0.000367	0.000000	0.123680	0.015348	0.860605
419	0.000000	0.000000	0.000000	0.000000	0.000369	0.000000	0.123852	0.015485	0.860294
420	0.000000	0.000000	0.000000	0.000000	0.000369	0.000000	0.124095	0.015427	0.860109
421	0.000000	0.000000	0.000000	0.000000	0.000375	0.000000	0.124006	0.015374	0.860245
422	0.000000	0.000000	0.000000	0.000000	0.000383	0.000000	0.123737	0.015390	0.860490
423	0.000000	0.000000	0.000000	0.000000	0.000364	0.000000	0.123938	0.015321	0.860377
424	0.000000	0.000000	0.000000	0.000000	0.000359	0.000000	0.123990	0.015106	0.860545
425	0.000000	0.000000	0.000000	0.000000	0.000366	0.000000	0.124505	0.015075	0.860054
426	0.000000	0.000000	0.000000	0.000000	0.000368	0.000000	0.124592	0.015004	0.860036
427	0.000000	0.000000	0.000000	0.000000	0.000361	0.000000	0.124806	0.015001	0.859832
428	0.000000	0.000000	0.000000	0.000000	0.000371	0.000000	0.124496	0.015116	0.860017
429	0.000000	0.000000	0.000000	0.000000	0.000381	0.000000	0.124907	0.015110	0.859602
430	0.000000	0.000000	0.000000	0.000000	0.000372	0.000000	0.124881	0.015233	0.859514
431	0.000000	0.000000	0.000000	0.000000	0.000353	0.000000	0.124896	0.015164	0.859587
432	0.000000	0.000000	0.000000	0.000000	0.000347	0.000000	0.125060	0.015132	0.859461
433	0.000000	0.000000	0.000000	0.000000	0.000335	0.000000	0.124648	0.015169	0.859848
434	0.000000	0.000000	0.000000	0.000000	0.000334	0.000000	0.124784	0.015279	0.859603
435	0.000000	0.000000	0.000000	0.000000	0.000337	0.000000	0.124640	0.015363	0.859660
436	0.000000	0.000000	0.000000	0.000000	0.000330	0.000000	0.124579	0.015355	0.859736
437	0.000000	0.000000	0.000000	0.000000	0.000329	0.000000	0.123970	0.015370	0.860331
438	0.000000	0.000000	0.000000	0.000000	0.000329	0.000000	0.124347	0.015467	0.859857
439	0.000000	0.000000	0.000000	0.000000	0.000343	0.000000	0.124376	0.015480	0.859801
440	0.000000	0.000000	0.000000	0.000000	0.000335	0.000000	0.124474	0.015542	0.859649
441	0.000000	0.000000	0.000000	0.000000	0.000347	0.000000	0.124439	0.015456	0.859758
442	0.000000	0.000000	0.000000	0.000000	0.000344	0.000000	0.124377	0.015459	0.859820
443	0.000000	0.000000	0.000000	0.000000	0.000319	0.000000	0.124415	0.015487	0.859779
444	0.000000	0.000000	0.000000	0.000000	0.000306	0.000000	0.124381	0.015525	0.859788
445	0.000000	0.000000	0.000000	0.000000	0.000310	0.000000	0.124378	0.015615	0.859697
446	0.000000	0.000000	0.000000	0.000000	0.000323	0.000000	0.124524	0.015557	0.859596
447	0.000000	0.000000	0.000000	0.000000	0.000313	0.000000	0.124301	0.015658	0.859728
448	0.000000	0.000000	0.000000	0.000000	0.000311	0.000000	0.124772	0.015937	0.858980
449	0.000000	0.000000	0.000000	0.000000	0.000309	0.000000	0.124407	0.016004	0.859280
450	0.000000	0.000000	0.000000	0.000000	0.000316	0.000000	0.123961	0.015911	0.859812
451	0.000000	0.000000	0.000000	0.000000	0.000323	0.000000	0.124156	0.015791	0.859730
452	0.000000	0.000000	0.000000	0.000000	0.000331	0.000000	0.123746	0.015734	0.860189
453	0.000000	0.000000	0.000000	0.000000	0.000311	0.000000	0.123845	0.015744	0.860100
454	0.000000	0.000000	0.000000	0.000000	0.000298	0.000000	0.124131	0.015547	0.860024
455	0.000000	0.000000	0.000000	0.000000	0.000290	0.000000	0.124166	0.015513	0.860031
456	0.000000	0.000000	0.000000	0.000000	0.000299	0.000000	0.124260	0.015551	0.859890
457	0.000000	0.000000	0.000000	0.000000	0.000294	0.000000	0.124104	0.015578	0.860024
458	0.000000	0.000000	0.000000	0.000000	0.000301	0.000000	0.124464	0.015537	0.859698
459	0.000000	0.000000	0.000000	0.000000	0.000305	0.000000	0.124231	0.015666	0.859798
460	0.000000	0.000000	0.000000	0.000000	0.000307	0.000000	0.124294	0.015793	0.859606
461	0.000000	0.000000	0.000000	0.000000	0.000306	0.000000	0.124176	0.015838	0.859680
462	0.000000	0.000000	0.000000	0.000000	0.000315	0.000000	0.124325	0.015835	0.859525
463	0.000000	0.000000	0.000000	0.000000	0.000311	0.000000	0.124673	0.015904	0.859112
464	0.000000	0.000000	0.000000	0.000000	0.000312	0.000000	0.124223	0.015983	0.859482
465	0.000000	0.000000	0.000000	0.000000	0.000304	0.000000	0.124502	0.015957	0.859237
466	0.000000	0.000000	0.000000	0.000000	0.000292	0.000000	0.124639	0.016118	0.858951
467	0.000000	0.000000	0.000000	0.000000	0.000286	0.000000	0.124605	0.016172	0.858937
468	0.000000	0.000000	0.000000	0.000000	0.000292	0.000000	0.124284	0.016134	0.859290
469	0.000000	0.000000	0.000000	0.000000	0.000284	0.000000	0.124211	0.016105	0.859400
470	0.000000	0.000000	0.000000	0.000000	0.000268	0.000000	0.124262	0.016065	0.859405
