0	0.290663	0.057897	0.229473	0.157588	0.029913	0.111872	0.085455	0.012259	0.024880
1	0.252935	0.052331	0.215736	0.128357	0.026531	0.111289	0.107974	0.021149	0.083698
2	0.271814	0.054878	0.229123	0.114108	0.025521	0.099625	0.099715	0.019383	0.085833
3	0.296186	0.057802	0.243764	0.100978	0.024701	0.087818	0.089067	0.016911	0.082773
4	0.319794	0.060553	0.255862	0.089751	0.023986	0.077263	0.078881	0.014723	0.079187
5	0.342759	0.062651	0.267302	0.078394	0.023604	0.067426	0.069531	0.012515	0.075818
6	0.365065	0.064346	0.277221	0.068529	0.023083	0.058599	0.060703	0.010942	0.071512
7	0.385235	0.065977	0.285460	0.059743	0.022928	0.050723	0.052965	0.009381	0.067588
8	0.404004	0.067304	0.291817	0.052331	0.022832	0.043854	0.045853	0.008121	0.063884
9	0.421489	0.067942	0.297552	0.045576	0.022661	0.037772	0.039903	0.006857	0.060248
10	0.437043	0.068519	0.302858	0.039756	0.022493	0.032371	0.034428	0.005904	0.056628
11	0.451585	0.068857	0.306680	0.034647	0.022461	0.028143	0.029635	0.004968	0.053024
12	0.463998	0.068933	0.310036	0.030101	0.022373	0.024369	0.025691	0.004418	0.050081
13	0.476084	0.068793	0.312683	0.026448	0.022345	0.021071	0.022047	0.003718	0.046811
14	0.486965	0.068738	0.314245	0.023140	0.022357	0.018268	0.019040	0.003171	0.044076
15	0.496189	0.068615	0.316166	0.020387	0.022529	0.015978	0.016416	0.002670	0.041050
16	0.505134	0.068154	0.316972	0.017962	0.022577	0.013753	0.014084	0.002397	0.038967
17	0.512782	0.067990	0.318169	0.015946	0.022673	0.012115	0.012148	0.001982	0.036195
18	0.519233	0.067442	0.319716	0.014072	0.022867	0.010599	0.010393	0.001712	0.033966
19	0.525987	0.066865	0.319605	0.012478	0.023084	0.009586	0.009099	0.001540	0.031756
20	0.531099	0.066456	0.320242	0.011257	0.023486	0.008422	0.007846	0.001327	0.029865
21	0.535964	0.066048	0.320638	0.009995	0.023816	0.007354	0.006767	0.001155	0.028263
22	0.541016	0.065480	0.320619	0.008871	0.023978	0.006673	0.005906	0.001001	0.026456
23	0.544402	0.064740	0.321593	0.008021	0.024282	0.005973	0.005236	0.000885	0.024868
24	0.547992	0.064285	0.321530	0.007307	0.024478	0.005463	0.004614	0.000771	0.023560
25	0.550631	0.063467	0.322435	0.006692	0.025133	0.004884	0.003924	0.000692	0.022142
26	0.553560	0.062977	0.322443	0.006175	0.025394	0.004382	0.003421	0.000600	0.021048
27	0.556810	0.062436	0.322220	0.005653	0.025477	0.004036	0.002992	0.000508	0.019868
28	0.559044	0.061804	0.322314	0.005065	0.025990	0.003688	0.002686	0.000416	0.018993
29	0.560854	0.061600	0.322430	0.004622	0.026360	0.003351	0.002353	0.000361	0.018069
30	0.562880	0.060975	0.322605	0.004331	0.026504	0.003075	0.002107	0.000311	0.017212
31	0.564885	0.060312	0.322813	0.004032	0.026839	0.002754	0.001893	0.000274	0.016198
32	0.566862	0.059713	0.322740	0.003753	0.027170	0.002531	0.001622	0.000212	0.015397
33	0.568661	0.059304	0.321972	0.003459	0.027858	0.002401	0.001491	0.000198	0.014656
34	0.569246	0.059223	0.322558	0.003268	0.028008	0.002321	0.001301	0.000176	0.013899
35	0.570401	0.058488	0.322770	0.003116	0.028358	0.002096	0.001166	0.000139	0.013466
36	0.571844	0.058241	0.322539	0.002990	0.028482	0.001906	0.001018	0.000127	0.012853
37	0.572627	0.057925	0.322875	0.002703	0.028652	0.001870	0.000892	0.000114	0.012342
38	0.573727	0.057301	0.322963	0.002509	0.029018	0.001692	0.000811	0.000105	0.011874
39	0.574210	0.056849	0.323157	0.002350	0.029575	0.001634	0.000733	0.000098	0.011394
40	0.574793	0.056074	0.323761	0.002183	0.030016	0.001496	0.000688	0.000082	0.010907
41	0.575920	0.055535	0.323632	0.002052	0.030259	0.001422	0.000648	0.000083	0.010449
42	0.577393	0.055231	0.322582	0.001906	0.030688	0.001297	0.000574	0.000071	0.010258
43	0.577399	0.055031	0.323058	0.001782	0.031138	0.001266	0.000531	0.000070	0.009725
44	0.578181	0.054291	0.323432	0.001695	0.031334	0.001187	0.000470	0.000052	0.009358
45	0.578853	0.053724	0.323529	0.001624	0.031728	0.001106	0.000413	0.000048	0.008975
46	0.579581	0.053217	0.323469	0.001506	0.032194	0.001058	0.000357	0.000035	0.008583
47	0.579857	0.052580	0.324014	0.001444	0.032409	0.000999	0.000315	0.000031	0.008351
48	0.580480	0.052027	0.323773	0.001400	0.033066	0.000902	0.000268	0.000050	0.008034
49	0.580862	0.051648	0.324139	0.001234	0.033267	0.000864	0.000268	0.000040	0.007678
50	0.581849	0.051420	0.323511	0.001194	0.033431	0.000872	0.000228	0.000030	0.007465
51	0.582569	0.050884	0.323466	0.001131	0.033838	0.000784	0.000211	0.000029	0.007088
52	0.583250	0.050429	0.323293	0.001081	0.034066	0.000773	0.000194	0.000028	0.006886
53	0.584006	0.049819	0.323327	0.001049	0.034199	0.000744	0.000164	0.000023	0.006669
54	0.584678	0.049660	0.322756	0.000977	0.034685	0.000691	0.000159	0.000016	0.006378
55	0.584275	0.049496	0.323277	0.000950	0.034975	0.000670	0.000144	0.000008	0.006205
56	0.584588	0.049197	0.323490	0.000916	0.035054	0.000610	0.000135	0.000005	0.006005
57	0.584977	0.048889	0.323338	0.000857	0.035437	0.000533	0.000132	0.000004	0.005833
58	0.585484	0.048296	0.323434	0.000832	0.035733	0.000515	0.000110	0.000005	0.005591
59	0.585139	0.047987	0.324170	0.000745	0.036074	0.000443	0.000088	0.000007	0.005347
60	0.585457	0.047312	0.324433	0.000712	0.036428	0.000416	0.000074	0.000006	0.005162
61	0.585565	0.047157	0.324519	0.000665	0.036586	0.000409	0.000067	0.000004	0.005028
62	0.585896	0.046634	0.324902	0.000608	0.036604	0.000399	0.000075	0.000001	0.004881
63	0.586521	0.046130	0.324754	0.000582	0.036854	0.000344	0.000061	0.000002	0.004752
64	0.586474	0.046074	0.324870	0.000579	0.037015	0.000347	0.000055	0.000000	0.004586
65	0.586924	0.045975	0.324747	0.000530	0.036981	0.000326	0.000054	0.000000	0.004463
66	0.587049	0.045512	0.324856	0.000485	0.037367	0.000325	0.000039	0.000000	0.004367
67	0.587137	0.045387	0.325080	0.000470	0.037483	0.000293	0.000036	0.000000	0.004114
68	0.587989	0.045050	0.324271	0.000455	0.037837	0.000277	0.000036	0.000000	0.004085
69	0.587496	0.045044	0.324468	0.000450	0.038252	0.000280	0.000026	0.000000	0.003984
70	0.588317	0.044623	0.324047	0.000447	0.038447	0.000263	0.000018	0.000000	0.003838
71	0.588299	0.044399	0.323793	0.000434	0.039080	0.000253	0.000026	0.000000	0.003716
72	0.589026	0.043917	0.323381	0.000430	0.039323	0.000272	0.000022	0.000000	0.003629
73	0.588799	0.043720	0.323515	0.000428	0.039741	0.000275	0.000022	0.000000	0.003500
74	0.588481	0.043585	0.323521	0.000409	0.040293	0.000273	0.000020	0.000000	0.003418
75	0.589005	0.043095	0.323253	0.000393	0.040666	0.000265	0.000018	0.000000	0.003305
76	0.589263	0.042509	0.323381	0.000351	0.040935	0.000259	0.000026	0.000000	0.003276
77	0.588849	0.042204	0.323837	0.000327	0.041248	0.000239	0.000024	0.000000	0.003272
78	0.588870	0.041738	0.323872	0.000383	0.041757	0.000190	0.000016	0.000000	0.003174
79	0.588744	0.041519	0.324152	0.000361	0.041895	0.000190	0.000014	0.000000	0.003125
80	0.589475	0.040982	0.323802	0.000348	0.042166	0.000195	0.000011	0.000000	0.003021
81	0.589519	0.040418	0.323887	0.000346	0.042630	0.000209	0.000015	0.000000	0.002976
82	0.589460	0.040203	0.323883	0.000304	0.043014	0.000208	0.000008	0.000000	0.002920
83	0.590022	0.039852	0.323712	0.000290	0.043074	0.000204	0.000003	0.000000	0.002843
84	0.589728	0.039441	0.324332	0.000285	0.043230	0.000176	0.000006	0.000000	0.002802
85	0.589947	0.039070	0.324410	0.000267	0.043450	0.000145	0.000003	0.000000	0.002708
86	0.589595	0.039137	0.324333	0.000253	0.043935	0.000135	0.000003	0.000000	0.002609
87	0.590341	0.038497	0.324236	0.000254	0.044027	0.000116	0.000006	0.000000	0.002523
88	0.590616	0.038160	0.324146	0.000231	0.044201	0.000114	0.000005	0.000000	0.002527
89	0.590996	0.038001	0.323846	0.000223	0.044340	0.000095	0.000003	0.000000	0.002496
90	0.591222	0.037843	0.323522	0.000216	0.044585	0.000111	0.000005	0.000000	0.002496
91	0.591589	0.037705	0.323272	0.000210	0.044664	0.000127	0.000002	0.000000	0.002431
92	0.590953	0.037758	0.323723	0.000209	0.044771	0.000105	0.000000	0.000000	0.002481
93	0.590775	0.037527	0.324252	0.000184	0.044819	0.000081	0.000001	0.000000	0.002361
94	0.590544	0.037247	0.324485	0.000172	0.045229	0.000092	0.000002	0.000000	0.002229
95	0.590723	0.036666	0.324835	0.000203	0.045250	0.000089	0.000000	0.000000	0.002234
96	0.590494	0.036556	0.324940	0.000180	0.045535	0.000080	0.000001	0.000000	0.002214
97	0.591233	0.036450	0.324434	0.000152	0.045499	0.000078	0.000001	0.000000	0.002153
98	0.591814	0.036212	0.324045	0.000153	0.045563	0.000072	0.000001	0.000000	0.002140
99	0.592310	0.035937	0.323585	0.000146	0.045849	0.000092	0.000000	0.000000	0.002081
100	0.591904	0.035611	0.324114	0.000152	0.046010	0.000086	0.000001	0.000000	0.002122
101	0.592232	0.035378	0.324187	0.000149	0.045959	0.000078	0.000000	0.000000	0.002017
102	0.592073	0.035277	0.324340	0.000143	0.046151	0.000065	0.000002	0.000000	0.001949
103	0.591891	0.034886	0.324700	0.000155	0.046353	0.000074	0.000001	0.000000	0.001940
104	0.592141	0.034785	0.324694	0.000139	0.046349	0.000053	0.000001	0.000000	0.001838
105	0.592212	0.034643	0.324291	0.000146	0.046740	0.000047	0.000004	0.000000	0.001917
106	0.591957	0.034288	0.324827	0.000139	0.046844	0.000053	0.000003	0.000000	0.001889
107	0.591928	0.033905	0.325270	0.000123	0.046980	0.000062	0.000003	0.000000	0.001729
108	0.592053	0.033560	0.325443	0.000120	0.047022	0.000056	0.000002	0.000000	0.001744
109	0.592335	0.033402	0.325227	0.000109	0.047171	0.000053	0.000000	0.000000	0.001703
110	0.592088	0.033196	0.325206	0.000115	0.047634	0.000047	0.000000	0.000000	0.001714
111	0.592678	0.032880	0.324950	0.000104	0.047768	0.000051	0.000000	0.000000	0.001569
112	0.592862	0.032661	0.325136	0.000094	0.047630	0.000066	0.000000	0.000000	0.001551
113	0.592836	0.032624	0.324843	0.000106	0.047998	0.000069	0.000000	0.000000	0.001524
114	0.593117	0.032313	0.324939	0.000091	0.047967	0.000076	0.000000	0.000000	0.001497
115	0.592682	0.032344	0.325454	0.000074	0.047903	0.000059	0.000000	0.000000	0.001484
116	0.592873	0.032162	0.325445	0.000089	0.047943	0.000049	0.000000	0.000000	0.001439
117	0.592951	0.031807	0.325686	0.000072	0.048062	0.000053	0.000000	0.000000	0.001369
118	0.592888	0.031770	0.325650	0.000064	0.048159	0.000044	0.000000	0.000000	0.001425
119	0.593441	0.031676	0.324876	0.000069	0.048559	0.000056	0.000000	0.000000	0.001323
120	0.593804	0.031323	0.324959	0.000068	0.048477	0.000058	0.000000	0.000000	0.001311
121	0.594065	0.031147	0.324432	0.000054	0.048909	0.000050	0.000000	0.000000	0.001343
122	0.593910	0.030948	0.324635	0.000053	0.049124	0.000058	0.000000	0.000000	0.001272
123	0.593532	0.030766	0.324926	0.000044	0.049404	0.000064	0.000000	0.000000	0.001264
124	0.593671	0.030518	0.324840	0.000049	0.049642	0.000066	0.000000	0.000000	0.001214
125	0.593332	0.030289	0.325231	0.000038	0.049824	0.000054	0.000000	0.000000	0.001232
126	0.594039	0.030295	0.324450	0.000038	0.049915	0.000069	0.000000	0.000000	0.001194
127	0.594266	0.030248	0.324309	0.000028	0.049941	0.000056	0.000000	0.000000	0.001152
128	0.594072	0.030327	0.324637	0.000035	0.049795	0.000059	0.000000	0.000000	0.001075
129	0.594355	0.029966	0.324689	0.000036	0.049826	0.000053	0.000000	0.000000	0.001075
130	0.593789	0.029997	0.325060	0.000032	0.050004	0.000052	0.000000	0.000000	0.001066
131	0.593762	0.029848	0.325062	0.000035	0.050225	0.000054	0.000000	0.000000	0.001014
132	0.593313	0.029644	0.325521	0.000032	0.050401	0.000059	0.000000	0.000000	0.001030
133	0.592634	0.029226	0.326512	0.000025	0.050525	0.000055	0.000000	0.000000	0.001023
134	0.592790	0.028977	0.326567	0.000030	0.050634	0.000047	0.000000	0.000000	0.000955
135	0.592783	0.029087	0.326359	0.000032	0.050788	0.000040	0.000000	0.000000	0.000911
136	0.592707	0.028938	0.326394	0.000036	0.050988	0.000037	0.000000	0.000000	0.000900
137	0.593162	0.028567	0.326181	0.000031	0.051130	0.000032	0.000000	0.000000	0.000897
138	0.593134	0.028589	0.326296	0.000027	0.051066	0.000042	0.000000	0.000000	0.000846
139	0.593102	0.028420	0.326372	0.000022	0.051188	0.000040	0.000000	0.000000	0.000856
140	0.593464	0.028170	0.326197	0.000021	0.051265	0.000032	0.000000	0.000000	0.000851
141	0.593442	0.028050	0.326422	0.000022	0.051196	0.000037	0.000000	0.000000	0.000831
142	0.593463	0.028176	0.326121	0.000021	0.051375	0.000031	0.000000	0.000000	0.000813
143	0.593434	0.028127	0.326176	0.000024	0.051394	0.000038	0.000000	0.000000	0.000807
144	0.593532	0.028040	0.326230	0.000024	0.051375	0.000029	0.000000	0.000000	0.000770
145	0.593170	0.027929	0.326609	0.000028	0.051472	0.000036	0.000000	0.000000	0.000756
146	0.593316	0.027746	0.326771	0.000025	0.051377	0.000032	0.000000	0.000000	0.000733
147	0.593245	0.027834	0.326881	0.000030	0.051243	0.000029	0.000000	0.000000	0.000738
148	0.593526	0.027323	0.326915	0.000025	0.051449	0.000029	0.000000	0.000000	0.000733
149	0.593778	0.027252	0.326659	0.000023	0.051529	0.000033	0.000000	0.000000	0.000726
150	0.594251	0.027166	0.326089	0.000027	0.051732	0.000027	0.000000	0.000000	0.000708
151	0.594205	0.027156	0.326070	0.000021	0.051826	0.000030	0.000000	0.000000	0.000692
152	0.594621	0.026979	0.325575	0.000019	0.052042	0.000027	0.000000	0.000000	0.000737
153	0.594407	0.027004	0.325622	0.000021	0.052212	0.000021	0.000000	0.000000	0.000713
154	0.594370	0.026864	0.325675	0.000017	0.052357	0.000022	0.000000	0.000000	0.000695
155	0.594291	0.026644	0.325926	0.000021	0.052388	0.000019	0.000000	0.000000	0.000711
156	0.594648	0.026596	0.325564	0.000016	0.052465	0.000019	0.000000	0.000000	0.000692
157	0.594844	0.026443	0.325450	0.000013	0.052566	0.000023	0.000000	0.000000	0.000661
158	0.594509	0.026395	0.325703	0.000017	0.052691	0.000018	0.000000	0.000000	0.000667
159	0.594227	0.026162	0.326206	0.000013	0.052689	0.000017	0.000000	0.000000	0.000686
160	0.594285	0.026246	0.326019	0.000011	0.052768	0.000017	0.000000	0.000000	0.000654
161	0.593985	0.026227	0.326309	0.000015	0.052816	0.000012	0.000000	0.000000	0.000636
162	0.593743	0.026135	0.326643	0.000010	0.052846	0.000015	0.000000	0.000000	0.000608
163	0.593572	0.026142	0.326944	0.000008	0.052687	0.000009	0.000000	0.000000	0.000638
164	0.593397	0.025921	0.327266	0.000014	0.052775	0.000008	0.000000	0.000000	0.000619
165	0.593596	0.026016	0.327006	0.000021	0.052745	0.000009	0.000000	0.000000	0.000607
166	0.593948	0.025800	0.326948	0.000015	0.052676	0.000008	0.000000	0.000000	0.000605
167	0.593607	0.025860	0.327503	0.000010	0.052373	0.000006	0.000000	0.000000	0.000641
168	0.593594	0.025531	0.327829	0.000011	0.052379	0.000010	0.000000	0.000000	0.000646
169	0.593884	0.025486	0.327448	0.000007	0.052556	0.000010	0.000000	0.000000	0.000609
170	0.594241	0.025488	0.327099	0.000008	0.052574	0.000012	0.000000	0.000000	0.000578
171	0.593585	0.025538	0.327873	0.000003	0.052408	0.000009	0.000000	0.000000	0.000584
172	0.593477	0.025426	0.328011	0.000005	0.052515	0.000007	0.000000	0.000000	0.000559
173	0.594006	0.025351	0.327761	0.000004	0.052347	0.000010	0.000000	0.000000	0.000521
174	0.593819	0.025208	0.328351	0.000005	0.052100	0.000005	0.000000	0.000000	0.000512
175	0.592993	0.025144	0.329138	0.000005	0.052244	0.000003	0.000000	0.000000	0.000473
176	0.592767	0.025191	0.329052	0.000003	0.052500	0.000002	0.000000	0.000000	0.000485
177	0.592972	0.025132	0.329053	0.000002	0.052385	0.000003	0.000000	0.000000	0.000453
178	0.593663	0.024850	0.328701	0.000001	0.052339	0.000001	0.000000	0.000000	0.000445
179	0.593310	0.024873	0.328970	0.000001	0.052397	0.000002	0.000000	0.000000	0.000447
180	0.592936	0.024885	0.329347	0.000000	0.052383	0.000000	0.000000	0.000000	0.000449
181	0.593028	0.024801	0.329320	0.000000	0.052423	0.000000	0.000000	0.000000	0.000428
182	0.592473	0.024612	0.329889	0.000000	0.052604	0.000000	0.000000	0.000000	0.000422
183	0.592190	0.024454	0.330489	0.000000	0.052442	0.000000	0.000000	0.000000	0.000425
184	0.592625	0.024274	0.330198	0.000000	0.052509	0.000000	0.000000	0.000000	0.000394
185	0.592785	0.023979	0.330174	0.000000	0.052634	0.000000	0.000000	0.000000	0.000428
186	0.592559	0.023910	0.330484	0.000000	0.052631	0.000000	0.000000	0.000000	0.000416
187	0.592799	0.023645	0.330549	0.000000	0.052603	0.000000	0.000000	0.000000	0.000404
188	0.592492	0.023615	0.331029	0.000000	0.052468	0.000000	0.000000	0.000000	0.000396
189	0.592410	0.023444	0.331334	0.000000	0.052427	0.000000	0.000000	0.000000	0.000385
190	0.593028	0.023370	0.330910	0.000000	0.052325	0.000000	0.000000	0.000000	0.000367
191	0.593168	0.023473	0.330689	0.000000	0.052302	0.000000	0.000000	0.000000	0.000368
192	0.592981	0.023388	0.330752	0.000000	0.052508	0.000000	0.000000	0.000000	0.000371
193	0.592920	0.023101	0.331006	0.000000	0.052608	0.000000	0.000000	0.000000	0.000365
194	0.592354	0.023185	0.331557	0.000000	0.052574	0.000000	0.000000	0.000000	0.000330
195	0.592565	0.023090	0.331428	0.000000	0.052569	0.000000	0.000000	0.000000	0.000348
196	0.592965	0.022903	0.331244	0.000000	0.052554	0.000000	0.000000	0.000000	0.000334
197	0.592763	0.022999	0.331193	0.000000	0.052727	0.000000	0.000000	0.000000	0.000318
198	0.592463	0.022811	0.331622	0.000000	0.052771	0.000000	0.000000	0.000000	0.000333
199	0.592298	0.022989	0.331631	0.000000	0.052763	0.000000	0.000000	0.000000	0.000319
200	0.592399	0.022918	0.331413	0.000000	0.052960	0.000000	0.000000	0.000000	0.000310
201	0.592813	0.022635	0.331559	0.000000	0.052697	0.000000	0.000000	0.000000	0.000296
202	0.592187	0.022542	0.331919	0.000000	0.053020	0.000000	0.000000	0.000000	0.000332
203	0.592841	0.022365	0.331507	0.000000	0.052954	0.000000	0.000000	0.000000	0.000333
204	0.592695	0.022309	0.331421	0.000000	0.053237	0.000000	0.000000	0.000000	0.000338
205	0.592249	0.022110	0.331933	0.000000	0.053373	0.000000	0.000000	0.000000	0.000335
206	0.591968	0.022174	0.332247	0.000000	0.053289	0.000000	0.000000	0.000000	0.000322
207	0.592418	0.022050	0.331987	0.000000	0.053211	0.000000	0.000000	0.000000	0.000334
208	0.591832	0.021842	0.332708	0.000000	0.053273	0.000000	0.000000	0.000000	0.000345
209	0.591490	0.021546	0.333157	0.000000	0.053477	0.000000	0.000000	0.000000	0.000330
210	0.591518	0.021624	0.332854	0.000000	0.053697	0.000000	0.000000	0.000000	0.000307
211	0.591179	0.021610	0.333321	0.000000	0.053579	0.000000	0.000000	0.000000	0.000311
212	0.591208	0.021347	0.333446	0.000000	0.053666	0.000000	0.000000	0.000000	0.000333
213	0.591890	0.021148	0.333006	0.000000	0.053633	0.000000	0.000000	0.000000	0.000323
214	0.592402	0.021015	0.332446	0.000000	0.053847	0.000000	0.000000	0.000000	0.000290
215	0.591779	0.021034	0.332714	0.000000	0.054180	0.000000	0.000000	0.000000	0.000293
216	0.592256	0.021030	0.332287	0.000000	0.054143	0.000000	0.000000	0.000000	0.000284
217	0.592306	0.020890	0.332191	0.000000	0.054373	0.000000	0.000000	0.000000	0.000240
218	0.592210	0.020938	0.332467	0.000000	0.054151	0.000000	0.000000	0.000000	0.000234
219	0.591564	0.020902	0.332906	0.000000	0.054369	0.000000	0.000000	0.000000	0.000259
220	0.591670	0.020849	0.332902	0.000000	0.054356	0.000000	0.000000	0.000000	0.000223
221	0.591938	0.020879	0.332554	0.000000	0.054447	0.000000	0.000000	0.000000	0.000182
222	0.591969	0.020747	0.332550	0.000000	0.054542	0.000000	0.000000	0.000000	0.000192
223	0.592195	0.020642	0.332567	0.000000	0.054387	0.000000	0.000000	0.000000	0.000209
224	0.592144	0.020647	0.332634	0.000000	0.054373	0.000000	0.000000	0.000000	0.000202
225	0.591806	0.020594	0.333000	0.000000	0.054392	0.000000	0.000000	0.000000	0.000208
226	0.591532	0.020659	0.333326	0.000000	0.054274	0.000000	0.000000	0.000000	0.000209
227	0.591636	0.020602	0.333184	0.000000	0.054372	0.000000	0.000000	0.000000	0.000206
228	0.591591	0.020764	0.333206	0.000000	0.054244	0.000000	0.000000	0.000000	0.000195
229	0.591941	0.020714	0.332961	0.000000	0.054198	0.000000	0.000000	0.000000	0.000186
230	0.592624	0.020597	0.332323	0.000000	0.054263	0.000000	0.000000	0.000000	0.000193
231	0.593269	0.020418	0.331983	0.000000	0.054140	0.000000	0.000000	0.000000	0.000190
232	0.593557	0.020269	0.331769	0.000000	0.054231	0.000000	0.000000	0.000000	0.000174
233	0.593262	0.020411	0.331629	0.000000	0.054511	0.000000	0.000000	0.000000	0.000187
234	0.593311	0.020373	0.331445	0.000000	0.054664	0.000000	0.000000	0.000000	0.000207
235	0.593548	0.020245	0.331399	0.000000	0.054627	0.000000	0.000000	0.000000	0.000181
236	0.593271	0.020215	0.331773	0.000000	0.054571	0.000000	0.000000	0.000000	0.000170
237	0.593215	0.020168	0.331902	0.000000	0.054532	0.000000	0.000000	0.000000	0.000183
238	0.593467	0.020190	0.331604	0.000000	0.054559	0.000000	0.000000	0.000000	0.000180
239	0.593811	0.020071	0.331190	0.000000	0.054739	0.000000	0.000000	0.000000	0.000189
240	0.593648	0.020093	0.331076	0.000000	0.054968	0.000000	0.000000	0.000000	0.000215
241	0.593496	0.020009	0.331155	0.000000	0.055103	0.000000	0.000000	0.000000	0.000237
242	0.593833	0.019903	0.330845	0.000000	0.055183	0.000000	0.000000	0.000000	0.000236
243	0.593885	0.019633	0.331180	0.000000	0.055080	0.000000	0.000000	0.000000	0.000222
244	0.594361	0.019670	0.330688	0.000000	0.055086	0.000000	0.000000	0.000000	0.000195
245	0.594175	0.019524	0.330932	0.000000	0.055167	0.000000	0.000000	0.000000	0.000202
246	0.594761	0.019514	0.330224	0.000000	0.055317	0.000000	0.000000	0.000000	0.000184
247	0.594433	0.019344	0.330494	0.000000	0.055544	0.000000	0.000000	0.000000	0.000185
248	0.594113	0.019532	0.330697	0.000000	0.055491	0.000000	0.000000	0.000000	0.000167
249	0.593796	0.019671	0.330844	0.000000	0.055518	0.000000	0.000000	0.000000	0.000171
250	0.593646	0.019738	0.330716	0.000000	0.055728	0.000000	0.000000	0.000000	0.000172
251	0.593670	0.019721	0.330721	0.000000	0.055700	0.000000	0.000000	0.000000	0.000188
252	0.593946	0.019468	0.330889	0.000000	0.055521	0.000000	0.000000	0.000000	0.000176
253	0.594161	0.019432	0.330657	0.000000	0.055576	0.000000	0.000000	0.000000	0.000174
254	0.594460	0.019229	0.330548	0.000000	0.055584	0.000000	0.000000	0.000000	0.000179
255	0.593680	0.019366	0.331260	0.000000	0.055535	0.000000	0.000000	0.000000	0.000159
256	0.594013	0.019205	0.331084	0.000000	0.055529	0.000000	0.000000	0.000000	0.000169
257	0.593903	0.019310	0.331151	0.000000	0.055475	0.000000	0.000000	0.000000	0.000161
258	0.593318	0.019150	0.331703	0.000000	0.055670	0.000000	0.000000	0.000000	0.000159
259	0.593671	0.019161	0.331496	0.000000	0.055510	0.000000	0.000000	0.000000	0.000162
260	0.593598	0.019048	0.331833	0.000000	0.055375	0.000000	0.000000	0.000000	0.000146
261	0.594352	0.018790	0.331526	0.000000	0.055182	0.000000	0.000000	0.000000	0.000150
262	0.594035	0.018800	0.331584	0.000000	0.055429	0.000000	0.000000	0.000000	0.000152
263	0.594331	0.018759	0.331310	0.000000	0.055453	0.000000	0.000000	0.000000	0.000147
264	0.593929	0.018548	0.331972	0.000000	0.055405	0.000000	0.000000	0.000000	0.000146
265	0.594273	0.018568	0.331591	0.000000	0.055426	0.000000	0.000000	0.000000	0.000142
266	0.593953	0.018532	0.331814	0.000000	0.055551	0.000000	0.000000	0.000000	0.000150
267	0.593986	0.018449	0.331755	0.000000	0.055651	0.000000	0.000000	0.000000	0.000159
268	0.594372	0.018256	0.331662	0.000000	0.055555	0.000000	0.000000	0.000000	0.000155
269	0.594236	0.018399	0.331392	0.000000	0.055809	0.000000	0.000000	0.000000	0.000164
270	0.594077	0.018224	0.331662	0.000000	0.055877	0.000000	0.000000	0.000000	0.000160
271	0.594636	0.018281	0.331123	0.000000	0.055792	0.000000	0.000000	0.000000	0.000168
272	0.594419	0.018359	0.331283	0.000000	0.055786	0.000000	0.000000	0.000000	0.000153
273	0.593753	0.018252	0.331990	0.000000	0.055871	0.000000	0.000000	0.000000	0.000134
274	0.593967	0.018322	0.331930	0.000000	0.055617	0.000000	0.000000	0.000000	0.000164
275	0.593915	0.018225	0.331890	0.000000	0.055809	0.000000	0.000000	0.000000	0.000161
276	0.593629	0.018083	0.332246	0.000000	0.055883	0.000000	0.000000	0.000000	0.000159
277	0.593148	0.018068	0.332642	0.000000	0.055970	0.000000	0.000000	0.000000	0.000172
278	0.592411	0.018168	0.333308	0.000000	0.055944	0.000000	0.000000	0.000000	0.000169
279	0.592959	0.018093	0.332935	0.000000	0.055849	0.000000	0.000000	0.000000	0.000164
280	0.592726	0.018044	0.333047	0.000000	0.056008	0.000000	0.000000	0.000000	0.000175
281	0.593001	0.017982	0.333158	0.000000	0.055676	0.000000	0.000000	0.000000	0.000183
282	0.593441	0.018020	0.332576	0.000000	0.055795	0.000000	0.000000	0.000000	0.000168
283	0.593312	0.017891	0.332684	0.000000	0.055936	0.000000	0.000000	0.000000	0.000177
284	0.593269	0.017891	0.332660	0.000000	0.056010	0.000000	0.000000	0.000000	0.000170
285	0.592814	0.017940	0.333058	0.000000	0.056028	0.000000	0.000000	0.000000	0.000160
286	0.593281	0.017776	0.332870	0.000000	0.055893	0.000000	0.000000	0.000000	0.000180
287	0.593431	0.017967	0.332365	0.000000	0.056076	0.000000	0.000000	0.000000	0.000161
288	0.593333	0.018118	0.332235	0.000000	0.056159	0.000000	0.000000	0.000000	0.000155
289	0.592859	0.018029	0.332855	0.000000	0.056092	0.000000	0.000000	0.000000	0.000165
290	0.592946	0.018059	0.332912	0.000000	0.055910	0.000000	0.000000	0.000000	0.000173
291	0.593436	0.017928	0.332745	0.000000	0.055728	0.000000	0.000000	0.000000	0.000163
292	0.593242	0.018196	0.332537	0.000000	0.055855	0.000000	0.000000	0.000000	0.000170
293	0.593707	0.018137	0.332069	0.000000	0.055904	0.000000	0.000000	0.000000	0.000183
294	0.594345	0.018033	0.331642	0.000000	0.055797	0.000000	0.000000	0.000000	0.000183
295	0.593843	0.018040	0.331995	0.000000	0.055932	0.000000	0.000000	0.000000	0.000190
296	0.594069	0.018138	0.331393	0.000000	0.056219	0.000000	0.000000	0.000000	0.000181
297	0.594029	0.018206	0.331386	0.000000	0.056188	0.000000	0.000000	0.000000	0.000191
298	0.594262	0.018032	0.331262	0.000000	0.056250	0.000000	0.000000	0.000000	0.000194
299	0.594588	0.018071	0.331032	0.000000	0.056118	0.000000	0.000000	0.000000	0.000191
300	0.594134	0.018134	0.331342	0.000000	0.056199	0.000000	0.000000	0.000000	0.000191
301	0.594381	0.018271	0.330952	0.000000	0.056217	0.000000	0.000000	0.000000	0.000179
302	0.594285	0.018085	0.331074	0.000000	0.056396	0.000000	0.000000	0.000000	0.000160
303	0.594886	0.017997	0.330434	0.000000	0.056525	0.000000	0.000000	0.000000	0.000158
304	0.594670	0.017702	0.330830	0.000000	0.056649	0.000000	0.000000	0.000000	0.000149
305	0.594858	0.017577	0.330879	0.000000	0.056534	0.000000	0.000000	0.000000	0.000152
306	0.594648	0.017629	0.331066	0.000000	0.056506	0.000000	0.000000	0.000000	0.000151
307	0.593965	0.017660	0.331445	0.000000	0.056784	0.000000	0.000000	0.000000	0.000146
308	0.594242	0.017592	0.331442	0.000000	0.056578	0.000000	0.000000	0.000000	0.000146
309	0.593725	0.017412	0.331809	0.000000	0.056910	0.000000	0.000000	0.000000	0.000144
310	0.593434	0.017487	0.332054	0.000000	0.056886	0.000000	0.000000	0.000000	0.000139
311	0.593544	0.017494	0.331705	0.000000	0.057126	0.000000	0.000000	0.000000	0.000131
312	0.593611	0.017364	0.331807	0.000000	0.057063	0.000000	0.000000	0.000000	0.000155
313	0.594064	0.017404	0.331313	0.000000	0.057089	0.000000	0.000000	0.000000	0.000130
314	0.593849	0.017434	0.331522	0.000000	0.057062	0.000000	0.000000	0.000000	0.000133
315	0.593666	0.017461	0.331708	0.000000	0.057031	0.000000	0.000000	0.000000	0.000134
316	0.592776	0.017649	0.332395	0.000000	0.057067	0.000000	0.000000	0.000000	0.000113
317	0.593124	0.017563	0.332129	0.000000	0.057070	0.000000	0.000000	0.000000	0.000114
318	0.593208	0.017532	0.332194	0.000000	0.056951	0.000000	0.000000	0.000000	0.000115
319	0.593504	0.017416	0.332038	0.000000	0.056924	0.000000	0.000000	0.000000	0.000118
320	0.594033	0.017277	0.331687	0.000000	0.056889	0.000000	0.000000	0.000000	0.000114
321	0.594133	0.017241	0.331299	0.000000	0.057217	0.000000	0.000000	0.000000	0.000110
322	0.593390	0.017244	0.332168	0.000000	0.057108	0.000000	0.000000	0.000000	0.000090
323	0.593530	0.017270	0.332187	0.000000	0.056926	0.000000	0.000000	0.000000	0.000087
324	0.593252	0.017289	0.332478	0.000000	0.056884	0.000000	0.000000	0.000000	0.000097
325	0.593286	0.017272	0.332377	0.000000	0.056979	0.000000	0.000000	0.000000	0.000086
326	0.593595	0.017319	0.331951	0.000000	0.057056	0.000000	0.000000	0.000000	0.000079
327	0.593477	0.017355	0.332043	0.000000	0.057042	0.000000	0.000000	0.000000	0.000083
328	0.593630	0.017296	0.332007	0.000000	0.056987	0.000000	0.000000	0.000000	0.000080
329	0.593753	0.017213	0.331729	0.000000	0.057226	0.000000	0.000000	0.000000	0.000079
330	0.593733	0.017274	0.331539	0.000000	0.057385	0.000000	0.000000	0.000000	0.000069
331	0.594078	0.016988	0.331605	0.000000	0.057264	0.000000	0.000000	0.000000	0.000065
332	0.594382	0.016923	0.331281	0.000000	0.057352	0.000000	0.000000	0.000000	0.000062
333	0.594359	0.016893	0.331272	0.000000	0.057417	0.000000	0.000000	0.000000	0.000059
334	0.594194	0.016785	0.331400	0.000000	0.057569	0.000000	0.000000	0.000000	0.000052
335	0.594394	0.016913	0.330854	0.000000	0.057793	0.000000	0.000000	0.000000	0.000046
336	0.594222	0.016839	0.331079	0.000000	0.057806	0.000000	0.000000	0.000000	0.000054
337	0.594013	0.016770	0.331295	0.000000	0.057877	0.000000	0.000000	0.000000	0.000045
338	0.593768	0.016645	0.331693	0.000000	0.057854	0.000000	0.000000	0.000000	0.000040
339	0.593776	0.016462	0.331750	0.000000	0.057982	0.000000	0.000000	0.000000	0.000030
340	0.594372	0.016466	0.331463	0.000000	0.057677	0.000000	0.000000	0.000000	0.000022
341	0.594145	0.016321	0.331649	0.000000	0.057860	0.000000	0.000000	0.000000	0.000025
342	0.594319	0.016435	0.331328	0.000000	0.057894	0.000000	0.000000	0.000000	0.000024
343	0.594276	0.016267	0.331310	0.000000	0.058128	0.000000	0.000000	0.000000	0.000019
344	0.593839	0.016303	0.331612	0.000000	0.058228	0.000000	0.000000	0.000000	0.000018
345	0.594337	0.016186	0.331396	0.000000	0.058062	0.000000	0.000000	0.000000	0.000019
346	0.594600	0.016267	0.330987	0.000000	0.058122	0.000000	0.000000	0.000000	0.000024
347	0.594861	0.016004	0.330898	0.000000	0.058211	0.000000	0.000000	0.000000	0.000026
348	0.594490	0.016099	0.331136	0.000000	0.058250	0.000000	0.000000	0.000000	0.000025
349	0.593686	0.015919	0.331998	0.000000	0.058374	0.000000	0.000000	0.000000	0.000023
350	0.594002	0.015786	0.331859	0.000000	0.058335	0.000000	0.000000	0.000000	0.000018
351	0.593686	0.015746	0.332224	0.000000	0.058326	0.000000	0.000000	0.000000	0.000018
352	0.593350	0.015567	0.332745	0.000000	0.058324	0.000000	0.000000	0.000000	0.000014
353	0.592496	0.015628	0.333437	0.000000	0.058431	0.000000	0.000000	0.000000	0.000008
354	0.593127	0.015666	0.332787	0.000000	0.058413	0.000000	0.000000	0.000000	0.000007
355	0.593448	0.015733	0.332493	0.000000	0.058321	0.000000	0.000000	0.000000	0.000005
356	0.593654	0.015574	0.332315	0.000000	0.058451	0.000000	0.000000	0.000000	0.000006
357	0.593430	0.015468	0.332681	0.000000	0.058417	0.000000	0.000000	0.000000	0.000004
358	0.593197	0.015568	0.332612	0.000000	0.058620	0.000000	0.000000	0.000000	0.000003
359	0.593573	0.015504	0.332196	0.000000	0.058724	0.000000	0.000000	0.000000	0.000003
360	0.593376	0.015548	0.332302	0.000000	0.058772	0.000000	0.000000	0.000000	0.000002
361	0.593287	0.015659	0.332264	0.000000	0.058788	0.000000	0.000000	0.000000	0.000002
362	0.593181	0.015628	0.332360	0.000000	0.058830	0.000000	0.000000	0.000000	0.000001
363	0.592622	0.015513	0.332856	0.000000	0.059009	0.000000	0.000000	0.000000	0.000000
364	0.593032	0.015531	0.332473	0.000000	0.058964	0.000000	0.000000	0.000000	0.000000
365	0.593462	0.015569	0.331925	0.000000	0.059044	0.000000	0.000000	0.000000	0.000000
366	0.593217	0.015551	0.332190	0.000000	0.059042	0.000000	0.000000	0.000000	0.000000
367	0.592981	0.015517	0.332564	0.000000	0.058938	0.000000	0.000000	0.000000	0.000000
368	0.592614	0.015455	0.333024	0.000000	0.058907	0.000000	0.000000	0.000000	0.000000
369	0.592432	0.015404	0.333069	0.000000	0.059095	0.000000	0.000000	0.000000	0.000000
370	0.592722	0.015160	0.333086	0.000000	0.059032	0.000000	0.000000	0.000000	0.000000
371	0.592600	0.015127	0.332975	0.000000	0.059298	0.000000	0.000000	0.000000	0.000000
372	0.592264	0.015110	0.333642	0.000000	0.058984	0.000000	0.000000	0.000000	0.000000
373	0.591974	0.014952	0.333997	0.000000	0.059077	0.000000	0.000000	0.000000	0.000000
374	0.591910	0.014890	0.334252	0.000000	0.058948	0.000000	0.000000	0.000000	0.000000
375	0.591857	0.014976	0.334131	0.000000	0.059036	0.000000	0.000000	0.000000	0.000000
376	0.591878	0.014975	0.334022	0.000000	0.059125	0.000000	0.000000	0.000000	0.000000
377	0.591493	0.014857	0.334484	0.000000	0.059166	0.000000	0.000000	0.000000	0.000000
378	0.591547	0.014824	0.334265	0.000000	0.059364	0.000000	0.000000	0.000000	0.000000
379	0.592029	0.014809	0.333910	0.000000	0.059252	0.000000	0.000000	0.000000	0.000000
380	0.591650	0.014630	0.334287	0.000000	0.059433	0.000000	0.000000	0.000000	0.000000
381	0.591872	0.014554	0.334182	0.000000	0.059392	0.000000	0.000000	0.000000	0.000000
382	0.592254	0.014423	0.334052	0.000000	0.059271	0.000000	0.000000	0.000000	0.000000
383	0.592194	0.014388	0.334033	0.000000	0.059385	0.000000	0.000000	0.000000	0.000000
384	0.593257	0.014143	0.333536	0.000000	0.059064	0.000000	0.000000	0.000000	0.000000
385	0.593128	0.014236	0.333331	0.000000	0.059305	0.000000	0.000000	0.000000	0.000000
386	0.592953	0.014013	0.333648	0.000000	0.059386	0.000000	0.000000	0.000000	0.000000
387	0.593725	0.014268	0.332753	0.000000	0.059254	0.000000	0.000000	0.000000	0.000000
388	0.593664	0.014371	0.332659	0.000000	0.059306	0.000000	0.000000	0.000000	0.000000
389	0.594009	0.014290	0.332279	0.000000	0.059422	0.000000	0.000000	0.000000	0.000000
390	0.593550	0.014447	0.332384	0.000000	0.059619	0.000000	0.000000	0.000000	0.000000
391	0.593372	0.014445	0.332942	0.000000	0.059241	0.000000	0.000000	0.000000	0.000000
392	0.593532	0.014483	0.332645	0.000000	0.059340	0.000000	0.000000	0.000000	0.000000
393	0.593120	0.014498	0.332918	0.000000	0.059464	0.000000	0.000000	0.000000	0.000000
394	0.592551	0.014468	0.333562	0.000000	0.059419	0.000000	0.000000	0.000000	0.000000
395	0.592794	0.014371	0.333350	0.000000	0.059485	0.000000	0.000000	0.000000	0.000000
396	0.592871	0.014281	0.333460	0.000000	0.059388	0.000000	0.000000	0.000000	0.000000
397	0.593039	0.014398	0.333022	0.000000	0.059541	0.000000	0.000000	0.000000	0.000000
398	0.593017	0.014494	0.333038	0.000000	0.059451	0.000000	0.000000	0.000000	0.000000
399	0.592915	0.014513	0.332909	0.000000	0.059663	0.000000	0.000000	0.000000	0.000000
400	0.593347	0.014430	0.332480	0.000000	0.059743	0.000000	0.000000	0.000000	0.000000
401	0.593419	0.014410	0.332462	0.000000	0.059709	0.000000	0.000000	0.000000	0.000000
402	0.593270	0.014455	0.332525	0.000000	0.059750	0.000000	0.000000	0.000000	0.000000
403	0.592872	0.014543	0.332649	0.000000	0.059936	0.000000	0.000000	0.000000	0.000000
404	0.593583	0.014604	0.331885	0.000000	0.059928	0.000000	0.000000	0.000000	0.000000
405	0.593385	0.014659	0.332022	0.000000	0.059934	0.000000	0.000000	0.000000	0.000000
406	0.593408	0.014568	0.332156	0.000000	0.059868	0.000000	0.000000	0.000000	0.000000
407	0.593979	0.014359	0.331744	0.000000	0.059918	0.000000	0.000000	0.000000	0.000000
408	0.593428	0.014416	0.332269	0.000000	0.059887	0.000000	0.000000	0.000000	0.000000
409	0.592832	0.014413	0.332487	0.000000	0.060268	0.000000	0.000000	0.000000	0.000000
410	0.592930	0.014283	0.332601	0.000000	0.060186	0.000000	0.000000	0.000000	0.000000
411	0.592743	0.014190	0.332790	0.000000	0.060277	0.000000	0.000000	0.000000	0.000000
412	0.592147	0.014219	0.333246	0.000000	0.060388	0.000000	0.000000	0.000000	0.000000
413	0.592000	0.014088	0.333450	0.000000	0.060462	0.000000	0.000000	0.000000	0.000000
414	0.591538	0.014110	0.333908	0.000000	0.060444	0.000000	0.000000	0.000000	0.000000
415	0.592175	0.014120	0.333263	0.000000	0.060442	0.000000	0.000000	0.000000	0.000000
416	0.591765	0.014304	0.333387	0.000000	0.060544	0.000000	0.000000	0.000000	0.000000
417	0.591339	0.014180	0.333971	0.000000	0.060510	0.000000	0.000000	0.000000	0.000000
418	0.591425	0.014031	0.334003	0.000000	0.060541	0.000000	0.000000	0.000000	0.000000
419	0.591255	0.014002	0.333999	0.000000	0.060744	0.000000	0.000000	0.000000	0.000000
420	0.590604	0.014008	0.334293	0.000000	0.061095	0.000000	0.000000	0.000000	0.000000
421	0.590801	0.014007	0.334265	0.000000	0.060927	0.000000	0.000000	0.000000	0.000000
422	0.591097	0.014044	0.333903	0.000000	0.060956	0.000000	0.000000	0.000000	0.000000
423	0.591088	0.013923	0.334201	0.000000	0.060788	0.000000	0.000000	0.000000	0.000000
424	0.590309	0.013957	0.334771	0.000000	0.060963	0.000000	0.000000	0.000000	0.000000
425	0.590520	0.013904	0.334452	0.000000	0.061124	0.000000	0.000000	0.000000	0.000000
426	0.590681	0.013862	0.334228	0.000000	0.061229	0.000000	0.000000	0.000000	0.000000
427	0.591341	0.013729	0.333750	0.000000	0.061180	0.000000	0.000000	0.000000	0.000000
428	0.591442	0.013834	0.333434	0.000000	0.061290	0.000000	0.000000	0.000000	0.000000
429	0.590986	0.013935	0.333824	0.000000	0.061255	0.000000	0.000000	0.000000	0.000000
430	0.591082	0.014073	0.333761	0.000000	0.061084	0.000000	0.000000	0.000000	0.000000
431	0.591602	0.013896	0.333274	0.000000	0.061228	0.000000	0.000000	0.000000	0.000000
432	0.591674	0.013830	0.333324	0.000000	0.061172	0.000000	0.000000	0.000000	0.000000
433	0.591561	0.013921	0.333081	0.000000	0.061437	0.000000	0.000000	0.000000	0.000000
434	0.590627	0.014013	0.333949	0.000000	0.061411	0.000000	0.000000	0.000000	0.000000
435	0.591084	0.013981	0.333504	0.000000	0.061431	0.000000	0.000000	0.000000	0.000000
436	0.591999	0.014045	0.332513	0.000000	0.061443	0.000000	0.000000	0.000000	0.000000
437	0.591485	0.013863	0.332998	0.000000	0.061654	0.000000	0.000000	0.000000	0.000000
438	0.591707	0.013737	0.333221	0.000000	0.061335	0.000000	0.000000	0.000000	0.000000
439	0.591749	0.013726	0.333060	0.000000	0.061465	0.000000	0.000000	0.000000	0.000000
440	0.591451	0.013694	0.333407	0.000000	0.061448	0.000000	0.000000	0.000000	0.000000
441	0.592176	0.013665	0.332803	0.000000	0.061356	0.000000	0.000000	0.000000	0.000000
442	0.592133	0.013672	0.332591	0.000000	0.061604	0.000000	0.000000	0.000000	0.000000
443	0.592045	0.013578	0.332801	0.000000	0.061576	0.000000	0.000000	0.000000	0.000000
444	0.591973	0.013563	0.332773	0.000000	0.061691	0.000000	0.000000	0.000000	0.000000
445	0.591315	0.013547	0.333384	0.000000	0.061754	0.000000	0.000000	0.000000	0.000000
446	0.591667	0.013439	0.332896	0.000000	0.061998	0.000000	0.000000	0.000000	0.000000
447	0.591563	0.013444	0.332955	0.000000	0.062038	0.000000	0.000000	0.000000	0.000000
448	0.591780	0.013399	0.332923	0.000000	0.061898	0.000000	0.000000	0.000000	0.000000
449	0.591807	0.013305	0.332977	0.000000	0.061911	0.000000	0.000000	0.000000	0.000000
450	0.591219	0.013355	0.333408	0.000000	0.062018	0.000000	0.000000	0.000000	0.000000
451	0.591149	0.013516	0.333290	0.000000	0.062045	0.000000	0.000000	0.000000	0.000000
452	0.590968	0.013521	0.333429	0.000000	0.062082	0.000000	0.000000	0.000000	0.000000
453	0.591279	0.013530	0.333028	0.000000	0.062163	0.000000	0.000000	0.000000	0.000000
454	0.591119	0.013599	0.333018	0.000000	0.062264	0.000000	0.000000	0.000000	0.000000
455	0.591343	0.013474	0.332924	0.000000	0.062259	0.000000	0.000000	0.000000	0.000000
456	0.591266	0.013337	0.332918	0.000000	0.062479	0.000000	0.000000	0.000000	0.000000
457	0.591366	0.013507	0.332612	0.000000	0.062515	0.000000	0.000000	0.000000	0.000000
458	0.591285	0.013462	0.332745	0.000000	0.062508	0.000000	0.000000	0.000000	0.000000
459	0.590916	0.013417	0.333146	0.000000	0.062521	0.000000	0.000000	0.000000	0.000000
460	0.590629	0.013558	0.333253	0.000000	0.062560	0.000000	0.000000	0.000000	0.000000
461	0.591167	0.013379	0.332631	0.000000	0.062823	0.000000	0.000000	0.000000	0.000000
462	0.590928	0.013408	0.332819	0.000000	0.062845	0.000000	0.000000	0.000000	0.000000
463	0.589829	0.013450	0.333672	0.000000	0.063049	0.000000	0.000000	0.000000	0.000000
464	0.590000	0.013411	0.333554	0.000000	0.063035	0.000000	0.000000	0.000000	0.000000
465	0.590385	0.013372	0.333019	0.000000	0.063224	0.000000	0.000000	0.000000	0.000000
466	0.590165	0.013321	0.333151	0.000000	0.063363	0.000000	0.000000	0.000000	0.000000
467	0.590117	0.013198	0.333309	0.000000	0.063376	0.000000	0.000000	0.000000	0.000000
468	0.589666	0.013314	0.333493	0.000000	0.063527	0.000000	0.000000	0.000000	0.000000
469	0.589887	0.013326	0.333253	0.000000	0.063534	0.000000	0.000000	0.000000	0.000000
470	0.590285	0.013212	0.333000	0.000000	0.063503	0.000000	0.000000	0.000000	0.000000
