0	0.290663	0.057897	0.229473	0.157588	0.029913	0.111872	0.085455	0.012259	0.024880
1	0.245789	0.050698	0.211866	0.127171	0.026131	0.110834	0.115444	0.022702	0.089365
2	0.258484	0.053055	0.219554	0.113076	0.024229	0.098572	0.112750	0.022064	0.098216
3	0.276156	0.055575	0.227782	0.100271	0.023125	0.086471	0.106848	0.020931	0.102841
4	0.295016	0.058129	0.235200	0.088907	0.022026	0.075187	0.100872	0.019522	0.105141
5	0.313628	0.060142	0.240249	0.079277	0.021048	0.064878	0.094366	0.018222	0.108190
6	0.331959	0.062269	0.244535	0.070078	0.020179	0.055872	0.088147	0.016760	0.110201
7	0.348524	0.064747	0.247821	0.061785	0.019416	0.048270	0.081886	0.015565	0.111986
8	0.365265	0.066073	0.249731	0.054658	0.018752	0.041576	0.075955	0.014306	0.113684
9	0.380809	0.068052	0.250449	0.048039	0.018123	0.035694	0.070221	0.013284	0.115329
10	0.394846	0.069754	0.251363	0.042221	0.017619	0.030368	0.065189	0.012261	0.116379
11	0.408478	0.070816	0.251753	0.037264	0.017137	0.025896	0.059969	0.011338	0.117349
12	0.422062	0.072048	0.250607	0.032675	0.016649	0.022260	0.055376	0.010470	0.117853
13	0.433681	0.073272	0.249379	0.028969	0.016202	0.018895	0.051494	0.009674	0.118434
14	0.445253	0.074192	0.247588	0.025821	0.015728	0.016472	0.047235	0.009001	0.118710
15	0.455871	0.075179	0.245623	0.022794	0.015185	0.013896	0.043676	0.008330	0.119446
16	0.467249	0.075993	0.242913	0.020065	0.014693	0.011982	0.040291	0.007698	0.119116
17	0.476847	0.076805	0.240427	0.017729	0.014476	0.010279	0.037167	0.007160	0.119110
18	0.486257	0.077290	0.237632	0.015727	0.014058	0.009019	0.034121	0.006498	0.119398
19	0.495043	0.078252	0.234016	0.014054	0.013737	0.007722	0.031772	0.006024	0.119380
20	0.503596	0.078966	0.231359	0.012516	0.013355	0.006640	0.029232	0.005561	0.118775
21	0.511192	0.079656	0.227639	0.011025	0.013063	0.005851	0.026917	0.005303	0.119354
22	0.518799	0.080245	0.224315	0.009881	0.012876	0.005051	0.025067	0.004931	0.118835
23	0.526248	0.080683	0.221054	0.008800	0.012598	0.004396	0.023313	0.004537	0.118371
24	0.533241	0.081093	0.217660	0.007972	0.012231	0.003942	0.021316	0.004270	0.118275
25	0.539457	0.081655	0.214796	0.007162	0.012018	0.003427	0.019697	0.003974	0.117814
26	0.546488	0.082274	0.211202	0.006488	0.011823	0.003015	0.018087	0.003594	0.117029
27	0.551627	0.082940	0.208365	0.005820	0.011627	0.002711	0.016950	0.003301	0.116659
28	0.557204	0.083259	0.205487	0.005239	0.011348	0.002462	0.015594	0.003043	0.116364
29	0.564064	0.083872	0.201589	0.004854	0.011153	0.002131	0.014358	0.002771	0.115208
30	0.569577	0.084069	0.198341	0.004281	0.010984	0.001923	0.013404	0.002534	0.114887
31	0.575322	0.084224	0.194686	0.003850	0.011069	0.001737	0.012506	0.002412	0.114194
32	0.581146	0.084216	0.191777	0.003480	0.010928	0.001595	0.011449	0.002268	0.113141
33	0.586188	0.084531	0.188800	0.003271	0.010765	0.001483	0.010499	0.002135	0.112328
34	0.591622	0.084405	0.185756	0.002915	0.010645	0.001341	0.009735	0.001981	0.111600
35	0.596678	0.084789	0.182384	0.002777	0.010482	0.001238	0.008942	0.001875	0.110835
36	0.601614	0.084898	0.179442	0.002587	0.010429	0.001063	0.008421	0.001746	0.109800
37	0.606819	0.085226	0.176397	0.002321	0.010304	0.001006	0.007679	0.001635	0.108613
38	0.611743	0.085500	0.173300	0.002167	0.010054	0.000980	0.007126	0.001476	0.107654
39	0.616384	0.085947	0.170785	0.002043	0.010036	0.000882	0.006477	0.001397	0.106049
40	0.620875	0.086347	0.168194	0.001853	0.009865	0.000758	0.006024	0.001272	0.104812
41	0.625320	0.086428	0.165730	0.001766	0.009802	0.000710	0.005626	0.001241	0.103377
42	0.629195	0.086873	0.163542	0.001705	0.009626	0.000623	0.005198	0.001119	0.102119
43	0.633800	0.087425	0.160605	0.001550	0.009589	0.000598	0.004931	0.000993	0.100509
44	0.638341	0.088039	0.157534	0.001469	0.009603	0.000558	0.004493	0.000926	0.099037
45	0.643236	0.088303	0.154993	0.001378	0.009358	0.000500	0.004120	0.000912	0.097200
46	0.647232	0.088516	0.152830	0.001282	0.009198	0.000438	0.003790	0.000853	0.095861
47	0.651387	0.088617	0.150479	0.001246	0.009103	0.000401	0.003552	0.000722	0.094493
48	0.655697	0.089093	0.148020	0.001219	0.009125	0.000407	0.003267	0.000689	0.092483
49	0.660138	0.089131	0.145508	0.001116	0.009182	0.000371	0.003008	0.000618	0.090928
50	0.664419	0.089345	0.143114	0.001076	0.009224	0.000309	0.002828	0.000587	0.089098
51	0.668103	0.089612	0.140898	0.001030	0.009185	0.000304	0.002661	0.000536	0.087671
52	0.672802	0.089649	0.138641	0.000963	0.008995	0.000294	0.002423	0.000475	0.085758
53	0.676802	0.089959	0.136719	0.000916	0.009020	0.000298	0.002236	0.000419	0.083631
54	0.679799	0.090136	0.135336	0.000841	0.009112	0.000280	0.002100	0.000386	0.082010
55	0.683967	0.090340	0.133483	0.000814	0.009199	0.000256	0.001929	0.000368	0.079644
56	0.687706	0.090354	0.131862	0.000804	0.009225	0.000227	0.001766	0.000353	0.077703
57	0.691501	0.090674	0.129875	0.000753	0.009315	0.000241	0.001561	0.000355	0.075725
58	0.695142	0.090494	0.128719	0.000796	0.009418	0.000240	0.001495	0.000324	0.073372
59	0.699296	0.090433	0.126683	0.000760	0.009494	0.000213	0.001376	0.000303	0.071442
60	0.702945	0.090548	0.124813	0.000733	0.009295	0.000224	0.001244	0.000271	0.069927
61	0.706163	0.090875	0.123380	0.000719	0.009348	0.000212	0.001111	0.000240	0.067952
62	0.709094	0.091400	0.122033	0.000685	0.009387	0.000175	0.000985	0.000221	0.066020
63	0.712112	0.091620	0.120916	0.000652	0.009329	0.000171	0.000939	0.000197	0.064064
64	0.715941	0.091683	0.119197	0.000649	0.009401	0.000156	0.000852	0.000187	0.061934
65	0.718709	0.091722	0.118401	0.000650	0.009191	0.000152	0.000801	0.000162	0.060212
66	0.721685	0.091995	0.116960	0.000660	0.009321	0.000158	0.000730	0.000131	0.058360
67	0.724898	0.091878	0.116038	0.000581	0.009343	0.000142	0.000685	0.000136	0.056299
68	0.727266	0.092118	0.114754	0.000560	0.009315	0.000122	0.000658	0.000120	0.055087
69	0.729812	0.092492	0.113495	0.000539	0.009410	0.000118	0.000564	0.000124	0.053446
70	0.732184	0.092439	0.112701	0.000495	0.009496	0.000123	0.000526	0.000115	0.051921
71	0.734801	0.092691	0.111546	0.000465	0.009508	0.000121	0.000455	0.000112	0.050301
72	0.737557	0.092418	0.110926	0.000440	0.009507	0.000112	0.000430	0.000087	0.048523
73	0.740358	0.092532	0.109574	0.000407	0.009557	0.000116	0.000395	0.000079	0.046982
74	0.742272	0.092960	0.108570	0.000392	0.009524	0.000117	0.000377	0.000058	0.045730
75	0.744978	0.092800	0.107963	0.000390	0.009544	0.000106	0.000339	0.000042	0.043838
76	0.746963	0.093236	0.107129	0.000404	0.009575	0.000085	0.000326	0.000051	0.042231
77	0.749479	0.093169	0.105853	0.000404	0.009587	0.000079	0.000308	0.000041	0.041080
78	0.751492	0.093365	0.104975	0.000386	0.009749	0.000075	0.000285	0.000036	0.039637
79	0.753339	0.093303	0.104524	0.000376	0.009712	0.000083	0.000263	0.000035	0.038365
80	0.755303	0.093385	0.103586	0.000350	0.009762	0.000079	0.000238	0.000031	0.037266
81	0.757472	0.093410	0.102678	0.000362	0.009858	0.000083	0.000223	0.000033	0.035881
82	0.759669	0.093460	0.101654	0.000359	0.009727	0.000083	0.000215	0.000038	0.034795
83	0.761656	0.093195	0.100917	0.000323	0.009756	0.000071	0.000196	0.000030	0.033856
84	0.763394	0.093295	0.099836	0.000301	0.009809	0.000067	0.000161	0.000022	0.033115
85	0.765116	0.093428	0.099202	0.000291	0.009920	0.000065	0.000166	0.000026	0.031786
86	0.767701	0.093121	0.098341	0.000290	0.009927	0.000064	0.000154	0.000023	0.030379
87	0.769334	0.093093	0.097730	0.000311	0.009799	0.000048	0.000143	0.000028	0.029514
88	0.771833	0.092707	0.096831	0.000281	0.009802	0.000052	0.000126	0.000030	0.028338
89	0.773492	0.092747	0.096136	0.000245	0.009800	0.000049	0.000120	0.000025	0.027386
90	0.775553	0.092225	0.095596	0.000246	0.009696	0.000046	0.000108	0.000022	0.026508
91	0.776940	0.092459	0.094999	0.000253	0.009674	0.000041	0.000101	0.000034	0.025499
92	0.778652	0.092202	0.094165	0.000258	0.009829	0.000033	0.000086	0.000036	0.024739
93	0.780140	0.092240	0.093597	0.000253	0.009754	0.000035	0.000076	0.000035	0.023870
94	0.781757	0.092064	0.093022	0.000232	0.009786	0.000030	0.000078	0.000030	0.023001
95	0.783734	0.091842	0.092128	0.000221	0.009787	0.000036	0.000087	0.000023	0.022142
96	0.785077	0.091679	0.091954	0.000207	0.009825	0.000030	0.000079	0.000018	0.021131
97	0.786508	0.091624	0.091211	0.000190	0.009825	0.000027	0.000069	0.000018	0.020528
98	0.788043	0.091434	0.090658	0.000202	0.009784	0.000027	0.000058	0.000009	0.019785
99	0.788585	0.091715	0.090766	0.000203	0.009781	0.000023	0.000052	0.000012	0.018863
100	0.789859	0.091589	0.090273	0.000205	0.009832	0.000012	0.000047	0.000013	0.018170
101	0.790957	0.091597	0.089808	0.000237	0.009876	0.000008	0.000041	0.000012	0.017464
102	0.791660	0.091589	0.089520	0.000225	0.009916	0.000011	0.000054	0.000011	0.017014
103	0.793018	0.091123	0.089084	0.000212	0.009909	0.000013	0.000043	0.000011	0.016587
104	0.793339	0.091478	0.088794	0.000187	0.010021	0.000016	0.000037	0.000012	0.016116
105	0.794570	0.091257	0.088373	0.000187	0.010001	0.000014	0.000031	0.000012	0.015555
106	0.795607	0.091284	0.088075	0.000173	0.010029	0.000014	0.000034	0.000012	0.014772
107	0.796301	0.091096	0.088115	0.000179	0.009948	0.000016	0.000018	0.000008	0.014319
108	0.797443	0.090948	0.087615	0.000153	0.009857	0.000017	0.000026	0.000008	0.013933
109	0.798807	0.090237	0.087276	0.000150	0.009865	0.000023	0.000026	0.000009	0.013607
110	0.800161	0.089777	0.086896	0.000150	0.009817	0.000022	0.000019	0.000012	0.013146
111	0.800734	0.089834	0.087032	0.000131	0.009734	0.000023	0.000016	0.000007	0.012489
112	0.801547	0.089484	0.086823	0.000141	0.009690	0.000031	0.000015	0.000009	0.012260
113	0.802893	0.088770	0.086485	0.000133	0.009776	0.000023	0.000019	0.000015	0.011886
114	0.804112	0.088374	0.086152	0.000125	0.009749	0.000022	0.000015	0.000008	0.011443
115	0.805109	0.088189	0.085577	0.000126	0.009800	0.000016	0.000012	0.000012	0.011159
116	0.805951	0.087989	0.085514	0.000122	0.009626	0.000017	0.000013	0.000010	0.010758
117	0.807210	0.088071	0.084709	0.000121	0.009443	0.000012	0.000013	0.000004	0.010417
118	0.807352	0.088025	0.084992	0.000103	0.009360	0.000007	0.000019	0.000003	0.010139
119	0.808615	0.087768	0.084493	0.000117	0.009248	0.000011	0.000019	0.000004	0.009725
120	0.808900	0.087793	0.084505	0.000113	0.009130	0.000012	0.000022	0.000004	0.009521
121	0.809372	0.087497	0.084549	0.000105	0.009249	0.000008	0.000015	0.000004	0.009201
122	0.809832	0.087544	0.084482	0.000108	0.009034	0.000009	0.000014	0.000002	0.008975
123	0.810357	0.087853	0.083900	0.000101	0.009006	0.000010	0.000013	0.000002	0.008758
124	0.811398	0.087449	0.083340	0.000107	0.009091	0.000012	0.000017	0.000005	0.008581
125	0.811736	0.087158	0.083373	0.000121	0.009140	0.000013	0.000025	0.000004	0.008430
126	0.812383	0.086674	0.083575	0.000117	0.009050	0.000010	0.000016	0.000002	0.008173
127	0.812539	0.087036	0.083406	0.000108	0.009039	0.000009	0.000014	0.000000	0.007849
128	0.813075	0.086703	0.083500	0.000102	0.008864	0.000004	0.000015	0.000001	0.007736
129	0.814232	0.086395	0.082932	0.000105	0.008815	0.000003	0.000014	0.000001	0.007503
130	0.814553	0.086412	0.082846	0.000092	0.008880	0.000003	0.000013	0.000000	0.007201
131	0.815558	0.086352	0.082305	0.000079	0.008711	0.000004	0.000012	0.000001	0.006978
132	0.816140	0.086163	0.082076	0.000070	0.008744	0.000003	0.000012	0.000000	0.006792
133	0.815718	0.086608	0.082308	0.000074	0.008741	0.000004	0.000009	0.000000	0.006538
134	0.816621	0.085616	0.082610	0.000081	0.008669	0.000007	0.000011	0.000000	0.006385
135	0.817488	0.085749	0.081892	0.000068	0.008580	0.000006	0.000011	0.000000	0.006206
136	0.818065	0.085557	0.081748	0.000062	0.008430	0.000003	0.000005	0.000000	0.006130
137	0.817985	0.085479	0.082179	0.000068	0.008338	0.000002	0.000005	0.000000	0.005944
138	0.818629	0.085295	0.082041	0.000064	0.008236	0.000003	0.000006	0.000000	0.005726
139	0.818759	0.085553	0.081859	0.000061	0.008152	0.000004	0.000004	0.000000	0.005608
140	0.819313	0.085250	0.081805	0.000052	0.008110	0.000002	0.000004	0.000000	0.005464
141	0.819300	0.084970	0.082373	0.000044	0.008031	0.000002	0.000003	0.000000	0.005277
142	0.819169	0.085108	0.082395	0.000039	0.008049	0.000001	0.000007	0.000000	0.005232
143	0.819748	0.084963	0.082349	0.000036	0.007843	0.000000	0.000005	0.000000	0.005056
144	0.819671	0.085337	0.082257	0.000028	0.007816	0.000000	0.000007	0.000000	0.004884
145	0.820550	0.084864	0.082108	0.000034	0.007609	0.000000	0.000009	0.000000	0.004826
146	0.820747	0.085029	0.082030	0.000040	0.007555	0.000000	0.000009	0.000000	0.004590
147	0.821072	0.084588	0.082191	0.000037	0.007494	0.000000	0.000011	0.000000	0.004607
148	0.820627	0.084816	0.082584	0.000032	0.007357	0.000000	0.000011	0.000000	0.004573
149	0.820463	0.085142	0.082557	0.000027	0.007392	0.000000	0.000009	0.000000	0.004410
150	0.821119	0.085167	0.082127	0.000024	0.007332	0.000000	0.000006	0.000000	0.004225
151	0.821172	0.085208	0.082220	0.000021	0.007274	0.000000	0.000007	0.000000	0.004098
152	0.821059	0.085447	0.082153	0.000016	0.007168	0.000000	0.000007	0.000000	0.004150
153	0.821498	0.085440	0.081861	0.000015	0.007135	0.000000	0.000011	0.000000	0.004040
154	0.821821	0.085088	0.081874	0.000017	0.007175	0.000000	0.000011	0.000000	0.004014
155	0.822137	0.084899	0.081914	0.000015	0.007112	0.000000	0.000009	0.000000	0.003914
156	0.822070	0.085075	0.082013	0.000019	0.007003	0.000000	0.000008	0.000000	0.003812
157	0.822311	0.084901	0.081945	0.000017	0.007065	0.000000	0.000010	0.000000	0.003751
158	0.822710	0.084598	0.082017	0.000016	0.006923	0.000000	0.000010	0.000000	0.003726
159	0.823118	0.084440	0.081872	0.000019	0.006941	0.000000	0.000010	0.000000	0.003600
160	0.823260	0.084345	0.081863	0.000020	0.006946	0.000000	0.000008	0.000000	0.003558
161	0.823498	0.084577	0.081478	0.000029	0.006916	0.000000	0.000006	0.000000	0.003496
162	0.823408	0.084491	0.081690	0.000031	0.006962	0.000000	0.000008	0.000000	0.003410
163	0.824218	0.083978	0.081558	0.000024	0.006872	0.000000	0.000010	0.000000	0.003340
164	0.824039	0.083902	0.081936	0.000020	0.006893	0.000000	0.000009	0.000000	0.003201
165	0.824513	0.083669	0.081867	0.000031	0.006745	0.000000	0.000005	0.000000	0.003170
166	0.825012	0.083631	0.081466	0.000030	0.006705	0.000000	0.000004	0.000000	0.003152
167	0.825296	0.083207	0.081706	0.000028	0.006636	0.000000	0.000004	0.000000	0.003123
168	0.826157	0.083001	0.081354	0.000021	0.006469	0.000000	0.000006	0.000000	0.002992
169	0.825885	0.083249	0.081605	0.000019	0.006421	0.000000	0.000002	0.000000	0.002819
170	0.826332	0.083115	0.081262	0.000024	0.006440	0.000000	0.000005	0.000000	0.002822
171	0.826262	0.083004	0.081539	0.000022	0.006409	0.000000	0.000004	0.000000	0.002760
172	0.826553	0.083154	0.081294	0.000023	0.006285	0.000000	0.000004	0.000000	0.002687
173	0.827137	0.082727	0.081171	0.000024	0.006306	0.000000	0.000005	0.000000	0.002630
174	0.827409	0.082590	0.081268	0.000031	0.006157	0.000000	0.000003	0.000000	0.002542
175	0.826870	0.082799	0.081492	0.000026	0.006292	0.000000	0.000000	0.000000	0.002521
176	0.826962	0.082684	0.081465	0.000030	0.006325	0.000000	0.000000	0.000000	0.002534
177	0.827401	0.082359	0.081545	0.000039	0.006204	0.000000	0.000000	0.000000	0.002452
178	0.827631	0.082278	0.081564	0.000030	0.006123	0.000000	0.000000	0.000000	0.002374
179	0.828348	0.081760	0.081554	0.000030	0.006003	0.000000	0.000000	0.000000	0.002305
180	0.828348	0.081779	0.081513	0.000028	0.006011	0.000000	0.000000	0.000000	0.002321
181	0.828110	0.081674	0.081920	0.000024	0.005977	0.000000	0.000000	0.000000	0.002295
182	0.828849	0.081608	0.081310	0.000022	0.005954	0.000000	0.000000	0.000000	0.002257
183	0.828936	0.081379	0.081446	0.000025	0.005925	0.000000	0.000000	0.000000	0.002289
184	0.829311	0.081384	0.081145	0.000025	0.005892	0.000000	0.000000	0.000000	0.002243
185	0.829535	0.081396	0.080951	0.000030	0.005881	0.000000	0.000000	0.000000	0.002207
186	0.829734	0.081180	0.081055	0.000029	0.005888	0.000000	0.000000	0.000000	0.002114
187	0.829805	0.081194	0.081057	0.000033	0.005799	0.000000	0.000000	0.000000	0.002112
188	0.829505	0.081348	0.081161	0.000023	0.005820	0.000000	0.000000	0.000000	0.002143
189	0.829132	0.081827	0.081222	0.000023	0.005742	0.000000	0.000000	0.000000	0.002054
190	0.829956	0.081424	0.080896	0.000023	0.005687	0.000000	0.000000	0.000000	0.002014
191	0.829906	0.081379	0.081024	0.000036	0.005664	0.000000	0.000000	0.000000	0.001991
192	0.830039	0.081336	0.081010	0.000034	0.005653	0.000000	0.000000	0.000000	0.001928
193	0.829582	0.081694	0.081122	0.000034	0.005698	0.000000	0.000000	0.000000	0.001870
194	0.829824	0.081753	0.080826	0.000031	0.005645	0.000000	0.000000	0.000000	0.001921
195	0.829691	0.081674	0.080949	0.000026	0.005757	0.000000	0.000000	0.000000	0.001903
196	0.830230	0.081465	0.080774	0.000028	0.005640	0.000000	0.000000	0.000000	0.001863
197	0.831067	0.081422	0.080198	0.000021	0.005450	0.000000	0.000000	0.000000	0.001842
198	0.830853	0.081560	0.080380	0.000021	0.005407	0.000000	0.000000	0.000000	0.001779
199	0.831370	0.081218	0.080312	0.000018	0.005341	0.000000	0.000000	0.000000	0.001741
200	0.831715	0.080904	0.080322	0.000017	0.005323	0.000000	0.000000	0.000000	0.001719
201	0.831687	0.080963	0.080282	0.000025	0.005362	0.000000	0.000000	0.000000	0.001681
202	0.831911	0.080855	0.080174	0.000025	0.005320	0.000000	0.000000	0.000000	0.001715
203	0.831984	0.080464	0.080484	0.000022	0.005376	0.000000	0.000000	0.000000	0.001670
204	0.831776	0.080440	0.080679	0.000016	0.005452	0.000000	0.000000	0.000000	0.001637
205	0.831808	0.080390	0.080780	0.000014	0.005398	0.000000	0.000000	0.000000	0.001610
206	0.831630	0.080921	0.080550	0.000011	0.005354	0.000000	0.000000	0.000000	0.001534
207	0.832228	0.080512	0.080372	0.000007	0.005343	0.000000	0.000000	0.000000	0.001538
208	0.832345	0.080645	0.080220	0.000007	0.005329	0.000000	0.000000	0.000000	0.001454
209	0.832869	0.080549	0.079850	0.000004	0.005240	0.000000	0.000000	0.000000	0.001488
210	0.833178	0.080443	0.079766	0.000005	0.005146	0.000000	0.000000	0.000000	0.001462
211	0.833286	0.080298	0.079952	0.000005	0.005047	0.000000	0.000000	0.000000	0.001412
212	0.833995	0.079781	0.079728	0.000006	0.005087	0.000000	0.000000	0.000000	0.001403
213	0.834385	0.079575	0.079565	0.000003	0.005095	0.000000	0.000000	0.000000	0.001377
214	0.834713	0.079481	0.079307	0.000005	0.005069	0.000000	0.000000	0.000000	0.001425
215	0.834609	0.079280	0.079651	0.000002	0.005116	0.000000	0.000000	0.000000	0.001342
216	0.834625	0.079199	0.079764	0.000001	0.005084	0.000000	0.000000	0.000000	0.001327
217	0.834734	0.079530	0.079320	0.000000	0.005094	0.000000	0.000000	0.000000	0.001322
218	0.834709	0.079752	0.079169	0.000000	0.005084	0.000000	0.000000	0.000000	0.001286
219	0.835155	0.079704	0.078866	0.000000	0.005030	0.000000	0.000000	0.000000	0.001245
220	0.834587	0.080096	0.079065	0.000000	0.004999	0.000000	0.000000	0.000000	0.001253
221	0.834856	0.079826	0.079129	0.000000	0.004978	0.000000	0.000000	0.000000	0.001211
222	0.834726	0.079808	0.079264	0.000000	0.004972	0.000000	0.000000	0.000000	0.001230
223	0.834863	0.079649	0.079442	0.000000	0.004803	0.000000	0.000000	0.000000	0.001243
224	0.835290	0.079242	0.079397	0.000000	0.004905	0.000000	0.000000	0.000000	0.001166
225	0.834933	0.079264	0.079857	0.000000	0.004859	0.000000	0.000000	0.000000	0.001087
226	0.835671	0.078927	0.079431	0.000000	0.004878	0.000000	0.000000	0.000000	0.001093
227	0.835579	0.079259	0.079339	0.000000	0.004728	0.000000	0.000000	0.000000	0.001095
228	0.835873	0.079141	0.079220	0.000000	0.004706	0.000000	0.000000	0.000000	0.001060
229	0.835964	0.079427	0.078824	0.000000	0.004715	0.000000	0.000000	0.000000	0.001070
230	0.835543	0.079608	0.079101	0.000000	0.004662	0.000000	0.000000	0.000000	0.001086
231	0.836177	0.079461	0.078687	0.000000	0.004607	0.000000	0.000000	0.000000	0.001068
232	0.836270	0.079326	0.078848	0.000000	0.004503	0.000000	0.000000	0.000000	0.001053
233	0.836154	0.079004	0.079257	0.000000	0.004559	0.000000	0.000000	0.000000	0.001026
234	0.836392	0.078763	0.079422	0.000000	0.004440	0.000000	0.000000	0.000000	0.000983
235	0.836165	0.079076	0.079287	0.000000	0.004482	0.000000	0.000000	0.000000	0.000990
236	0.835948	0.079239	0.079439	0.000000	0.004405	0.000000	0.000000	0.000000	0.000969
237	0.836536	0.078915	0.079233	0.000000	0.004335	0.000000	0.000000	0.000000	0.000981
238	0.836783	0.078720	0.079305	0.000000	0.004294	0.000000	0.000000	0.000000	0.000898
239	0.836678	0.078451	0.079786	0.000000	0.004216	0.000000	0.000000	0.000000	0.000869
240	0.836890	0.078270	0.079791	0.000000	0.004212	0.000000	0.000000	0.000000	0.000837
241	0.836416	0.078731	0.079790	0.000000	0.004254	0.000000	0.000000	0.000000	0.000809
242	0.836561	0.078745	0.079684	0.000000	0.004245	0.000000	0.000000	0.000000	0.000765
243	0.836805	0.078336	0.079917	0.000000	0.004196	0.000000	0.000000	0.000000	0.000746
244	0.836671	0.078328	0.080067	0.000000	0.004207	0.000000	0.000000	0.000000	0.000727
245	0.837118	0.077921	0.080093	0.000000	0.004134	0.000000	0.000000	0.000000	0.000734
246	0.837314	0.077875	0.080000	0.000000	0.004097	0.000000	0.000000	0.000000	0.000714
247	0.836962	0.078240	0.080006	0.000000	0.004086	0.000000	0.000000	0.000000	0.000706
248	0.836414	0.078542	0.080241	0.000000	0.004079	0.000000	0.000000	0.000000	0.000724
249	0.836543	0.078384	0.080385	0.000000	0.003991	0.000000	0.000000	0.000000	0.000697
250	0.836824	0.078370	0.080135	0.000000	0.004031	0.000000	0.000000	0.000000	0.000640
251	0.836663	0.078551	0.080219	0.000000	0.003969	0.000000	0.000000	0.000000	0.000598
252	0.837059	0.078278	0.080178	0.000000	0.003923	0.000000	0.000000	0.000000	0.000562
253	0.837094	0.078416	0.079999	0.000000	0.003914	0.000000	0.000000	0.000000	0.000577
254	0.837626	0.078285	0.079589	0.000000	0.003938	0.000000	0.000000	0.000000	0.000562
255	0.838076	0.077988	0.079490	0.000000	0.003876	0.000000	0.000000	0.000000	0.000570
256	0.838304	0.077625	0.079583	0.000000	0.003971	0.000000	0.000000	0.000000	0.000517
257	0.838235	0.077663	0.079739	0.000000	0.003840	0.000000	0.000000	0.000000	0.000523
258	0.838431	0.077737	0.079398	0.000000	0.003916	0.000000	0.000000	0.000000	0.000518
259	0.837943	0.077642	0.080074	0.000000	0.003840	0.000000	0.000000	0.000000	0.000501
260	0.838004	0.077721	0.080025	0.000000	0.003774	0.000000	0.000000	0.000000	0.000476
261	0.838098	0.077553	0.080161	0.000000	0.003729	0.000000	0.000000	0.000000	0.000459
262	0.838329	0.077275	0.080377	0.000000	0.003602	0.000000	0.000000	0.000000	0.000417
263	0.838030	0.077642	0.080363	0.000000	0.003553	0.000000	0.000000	0.000000	0.000412
264	0.838111	0.077811	0.080168	0.000000	0.003511	0.000000	0.000000	0.000000	0.000399
265	0.838319	0.077530	0.080305	0.000000	0.003475	0.000000	0.000000	0.000000	0.000371
266	0.838086	0.077562	0.080489	0.000000	0.003499	0.000000	0.000000	0.000000	0.000364
267	0.837923	0.077697	0.080598	0.000000	0.003415	0.000000	0.000000	0.000000	0.000367
268	0.837863	0.077681	0.080696	0.000000	0.003394	0.000000	0.000000	0.000000	0.000366
269	0.837876	0.077541	0.080989	0.000000	0.003236	0.000000	0.000000	0.000000	0.000358
270	0.837892	0.077276	0.081219	0.000000	0.003273	0.000000	0.000000	0.000000	0.000340
271	0.838216	0.077153	0.081133	0.000000	0.003158	0.000000	0.000000	0.000000	0.000340
272	0.837536	0.077541	0.081488	0.000000	0.003100	0.000000	0.000000	0.000000	0.000335
273	0.837996	0.077224	0.081419	0.000000	0.003015	0.000000	0.000000	0.000000	0.000346
274	0.837649	0.077305	0.081680	0.000000	0.003043	0.000000	0.000000	0.000000	0.000323
275	0.837281	0.077640	0.081709	0.000000	0.003057	0.000000	0.000000	0.000000	0.000313
276	0.837748	0.077519	0.081397	0.000000	0.003032	0.000000	0.000000	0.000000	0.000304
277	0.837986	0.077677	0.081071	0.000000	0.002965	0.000000	0.000000	0.000000	0.000301
278	0.838147	0.077464	0.081158	0.000000	0.002938	0.000000	0.000000	0.000000	0.000293
279	0.838611	0.077129	0.081101	0.000000	0.002869	0.000000	0.000000	0.000000	0.000290
280	0.838510	0.077109	0.081371	0.000000	0.002775	0.000000	0.000000	0.000000	0.000235
281	0.838410	0.077069	0.081572	0.000000	0.002718	0.000000	0.000000	0.000000	0.000231
282	0.838498	0.077105	0.081506	0.000000	0.002647	0.000000	0.000000	0.000000	0.000244
283	0.837858	0.077410	0.081813	0.000000	0.002673	0.000000	0.000000	0.000000	0.000246
284	0.837890	0.077402	0.081768	0.000000	0.002686	0.000000	0.000000	0.000000	0.000254
285	0.837623	0.077528	0.081946	0.000000	0.002671	0.000000	0.000000	0.000000	0.000232
286	0.837769	0.077452	0.081913	0.000000	0.002631	0.000000	0.000000	0.000000	0.000235
287	0.837992	0.077249	0.081931	0.000000	0.002597	0.000000	0.000000	0.000000	0.000231
288	0.837785	0.077443	0.082012	0.000000	0.002539	0.000000	0.000000	0.000000	0.000221
289	0.837995	0.077442	0.081814	0.000000	0.002515	0.000000	0.000000	0.000000	0.000234
290	0.838385	0.077197	0.081683	0.000000	0.002504	0.000000	0.000000	0.000000	0.000231
291	0.838354	0.077309	0.081687	0.000000	0.002427	0.000000	0.000000	0.000000	0.000223
292	0.838359	0.076980	0.082039	0.000000	0.002419	0.000000	0.000000	0.000000	0.000203
293	0.837990	0.077086	0.082391	0.000000	0.002331	0.000000	0.000000	0.000000	0.000202
294	0.838449	0.076863	0.082175	0.000000	0.002314	0.000000	0.000000	0.000000	0.000199
295	0.838457	0.076940	0.082099	0.000000	0.002296	0.000000	0.000000	0.000000	0.000208
296	0.838301	0.077160	0.082085	0.000000	0.002250	0.000000	0.000000	0.000000	0.000204
297	0.838479	0.076967	0.082136	0.000000	0.002231	0.000000	0.000000	0.000000	0.000187
298	0.838379	0.077032	0.082203	0.000000	0.002188	0.000000	0.000000	0.000000	0.000198
299	0.838551	0.076936	0.082162	0.000000	0.002156	0.000000	0.000000	0.000000	0.000195
300	0.838347	0.076956	0.082344	0.000000	0.002163	0.000000	0.000000	0.000000	0.000190
301	0.838039	0.077176	0.082411	0.000000	0.002178	0.000000	0.000000	0.000000	0.000196
302	0.837971	0.077225	0.082466	0.000000	0.002145	0.000000	0.000000	0.000000	0.000193
303	0.837960	0.077438	0.082295	0.000000	0.002118	0.000000	0.000000	0.000000	0.000189
304	0.837868	0.077602	0.082268	0.000000	0.002101	0.000000	0.000000	0.000000	0.000161
305	0.837743	0.077764	0.082227	0.000000	0.002113	0.000000	0.000000	0.000000	0.000153
306	0.837888	0.077712	0.082096	0.000000	0.002163	0.000000	0.000000	0.000000	0.000141
307	0.838055	0.077855	0.081820	0.000000	0.002099	0.000000	0.000000	0.000000	0.000171
308	0.838407	0.077644	0.081694	0.000000	0.002086	0.000000	0.000000	0.000000	0.000169
309	0.838413	0.077869	0.081520	0.000000	0.002026	0.000000	0.000000	0.000000	0.000172
310	0.838846	0.077412	0.081538	0.000000	0.002035	0.000000	0.000000	0.000000	0.000169
311	0.838792	0.077454	0.081586	0.000000	0.001984	0.000000	0.000000	0.000000	0.000184
312	0.838891	0.077311	0.081667	0.000000	0.001959	0.000000	0.000000	0.000000	0.000172
313	0.839265	0.076917	0.081679	0.000000	0.001970	0.000000	0.000000	0.000000	0.000169
314	0.839801	0.076808	0.081263	0.000000	0.001955	0.000000	0.000000	0.000000	0.000173
315	0.839171	0.076759	0.081957	0.000000	0.001926	0.000000	0.000000	0.000000	0.000187
316	0.839254	0.076752	0.081942	0.000000	0.001876	0.000000	0.000000	0.000000	0.000176
317	0.839842	0.076372	0.081748	0.000000	0.001842	0.000000	0.000000	0.000000	0.000196
318	0.839971	0.076681	0.081332	0.000000	0.001821	0.000000	0.000000	0.000000	0.000195
319	0.840367	0.076512	0.081151	0.000000	0.001770	0.000000	0.000000	0.000000	0.000200
320	0.840446	0.076489	0.081120	0.000000	0.001740	0.000000	0.000000	0.000000	0.000205
321	0.840645	0.076337	0.081061	0.000000	0.001757	0.000000	0.000000	0.000000	0.000200
322	0.840862	0.076341	0.080826	0.000000	0.001758	0.000000	0.000000	0.000000	0.000213
323	0.840965	0.076285	0.080843	0.000000	0.001693	0.000000	0.000000	0.000000	0.000214
324	0.841315	0.076000	0.080759	0.000000	0.001725	0.000000	0.000000	0.000000	0.000201
325	0.841804	0.075988	0.080309	0.000000	0.001717	0.000000	0.000000	0.000000	0.000182
326	0.841363	0.076403	0.080366	0.000000	0.001685	0.000000	0.000000	0.000000	0.000183
327	0.841016	0.076257	0.080841	0.000000	0.001677	0.000000	0.000000	0.000000	0.000209
328	0.841083	0.076289	0.080770	0.000000	0.001658	0.000000	0.000000	0.000000	0.000200
329	0.841217	0.076098	0.080907	0.000000	0.001588	0.000000	0.000000	0.000000	0.000190
330	0.841185	0.076326	0.080713	0.000000	0.001606	0.000000	0.000000	0.000000	0.000170
331	0.841116	0.076373	0.080746	0.000000	0.001597	0.000000	0.000000	0.000000	0.000168
332	0.841002	0.076241	0.081033	0.000000	0.001558	0.000000	0.000000	0.000000	0.000166
333	0.840626	0.076268	0.081382	0.000000	0.001563	0.000000	0.000000	0.000000	0.000161
334	0.841203	0.075952	0.081105	0.000000	0.001573	0.000000	0.000000	0.000000	0.000167
335	0.840903	0.076301	0.081052	0.000000	0.001589	0.000000	0.000000	0.000000	0.000155
336	0.841949	0.075827	0.080444	0.000000	0.001621	0.000000	0.000000	0.000000	0.000159
337	0.842115	0.075558	0.080636	0.000000	0.001534	0.000000	0.000000	0.000000	0.000157
338	0.841391	0.076132	0.080757	0.000000	0.001549	0.000000	0.000000	0.000000	0.000171
339	0.841374	0.076149	0.080762	0.000000	0.001551	0.000000	0.000000	0.000000	0.000164
340	0.840974	0.076475	0.080887	0.000000	0.001489	0.000000	0.000000	0.000000	0.000175
341	0.841457	0.076612	0.080278	0.000000	0.001490	0.000000	0.000000	0.000000	0.000163
342	0.841700	0.076605	0.080032	0.000000	0.001486	0.000000	0.000000	0.000000	0.000177
343	0.841833	0.076862	0.079647	0.000000	0.001486	0.000000	0.000000	0.000000	0.000172
344	0.841636	0.076951	0.079820	0.000000	0.001427	0.000000	0.000000	0.000000	0.000166
345	0.841599	0.077047	0.079735	0.000000	0.001440	0.000000	0.000000	0.000000	0.000179
346	0.841874	0.076980	0.079493	0.000000	0.001471	0.000000	0.000000	0.000000	0.000182
347	0.841540	0.077210	0.079679	0.000000	0.001396	0.000000	0.000000	0.000000	0.000175
348	0.841850	0.077129	0.079470	0.000000	0.001393	0.000000	0.000000	0.000000	0.000158
349	0.841698	0.077109	0.079661	0.000000	0.001361	0.000000	0.000000	0.000000	0.000171
350	0.841831	0.077243	0.079386	0.000000	0.001353	0.000000	0.000000	0.000000	0.000187
351	0.842056	0.076969	0.079450	0.000000	0.001368	0.000000	0.000000	0.000000	0.000157
352	0.841697	0.077354	0.079413	0.000000	0.001391	0.000000	0.000000	0.000000	0.000145
353	0.841433	0.077353	0.079729	0.000000	0.001336	0.000000	0.000000	0.000000	0.000149
354	0.841252	0.077443	0.079805	0.000000	0.001367	0.000000	0.000000	0.000000	0.000133
355	0.841423	0.077475	0.079621	0.000000	0.001346	0.000000	0.000000	0.000000	0.000135
356	0.841708	0.077217	0.079636	0.000000	0.001290	0.000000	0.000000	0.000000	0.000149
357	0.842093	0.077011	0.079503	0.000000	0.001244	0.000000	0.000000	0.000000	0.000149
358	0.842310	0.076902	0.079353	0.000000	0.001266	0.000000	0.000000	0.000000	0.000169
359	0.842708	0.076751	0.079074	0.000000	0.001294	0.000000	0.000000	0.000000	0.000173
360	0.842616	0.076643	0.079336	0.000000	0.001241	0.000000	0.000000	0.000000	0.000164
361	0.842607	0.076705	0.079285	0.000000	0.001219	0.000000	0.000000	0.000000	0.000184
362	0.843195	0.076516	0.078902	0.000000	0.001215	0.000000	0.000000	0.000000	0.000172
363	0.842691	0.076633	0.079336	0.000000	0.001181	0.000000	0.000000	0.000000	0.000159
364	0.842736	0.076757	0.079162	0.000000	0.001184	0.000000	0.000000	0.000000	0.000161
365	0.842472	0.076461	0.079684	0.000000	0.001216	0.000000	0.000000	0.000000	0.000167
366	0.842724	0.076480	0.079415	0.000000	0.001204	0.000000	0.000000	0.000000	0.000177
367	0.842798	0.076698	0.079105	0.000000	0.001224	0.000000	0.000000	0.000000	0.000175
368	0.843030	0.076583	0.079034	0.000000	0.001174	0.000000	0.000000	0.000000	0.000179
369	0.842645	0.076598	0.079450	0.000000	0.001125	0.000000	0.000000	0.000000	0.000182
370	0.842496	0.076295	0.079871	0.000000	0.001151	0.000000	0.000000	0.000000	0.000187
371	0.842818	0.076356	0.079523	0.000000	0.001118	0.000000	0.000000	0.000000	0.000185
372	0.842687	0.076579	0.079440	0.000000	0.001107	0.000000	0.000000	0.000000	0.000187
373	0.842847	0.076676	0.079223	0.000000	0.001080	0.000000	0.000000	0.000000	0.000174
374	0.843054	0.076357	0.079399	0.000000	0.001037	0.000000	0.000000	0.000000	0.000153
375	0.843761	0.076412	0.078629	0.000000	0.001057	0.000000	0.000000	0.000000	0.000141
376	0.843446	0.076299	0.079057	0.000000	0.001048	0.000000	0.000000	0.000000	0.000150
377	0.843302	0.076485	0.078979	0.000000	0.001080	0.000000	0.000000	0.000000	0.000154
378	0.843297	0.076663	0.078834	0.000000	0.001068	0.000000	0.000000	0.000000	0.000138
379	0.843640	0.076309	0.078840	0.000000	0.001068	0.000000	0.000000	0.000000	0.000143
380	0.843541	0.076364	0.078933	0.000000	0.001021	0.000000	0.000000	0.000000	0.000141
381	0.843483	0.076549	0.078823	0.000000	0.001002	0.000000	0.000000	0.000000	0.000143
382	0.843941	0.076316	0.078621	0.000000	0.000997	0.000000	0.000000	0.000000	0.000125
383	0.844103	0.076435	0.078352	0.000000	0.000998	0.000000	0.000000	0.000000	0.000112
384	0.844229	0.076439	0.078202	0.000000	0.001018	0.000000	0.000000	0.000000	0.000112
385	0.844108	0.076474	0.078321	0.000000	0.000990	0.000000	0.000000	0.000000	0.000107
386	0.843799	0.076732	0.078402	0.000000	0.000952	0.000000	0.000000	0.000000	0.000115
387	0.844015	0.076885	0.078020	0.000000	0.000971	0.000000	0.000000	0.000000	0.000109
388	0.844101	0.076875	0.077978	0.000000	0.000948	0.000000	0.000000	0.000000	0.000098
389	0.843948	0.076674	0.078347	0.000000	0.000935	0.000000	0.000000	0.000000	0.000096
390	0.843685	0.076738	0.078570	0.000000	0.000919	0.000000	0.000000	0.000000	0.000088
391	0.843920	0.076686	0.078374	0.000000	0.000925	0.000000	0.000000	0.000000	0.000095
392	0.843581	0.077008	0.078407	0.000000	0.000916	0.000000	0.000000	0.000000	0.000088
393	0.843381	0.077089	0.078558	0.000000	0.000899	0.000000	0.000000	0.000000	0.000073
394	0.843258	0.077095	0.078727	0.000000	0.000858	0.000000	0.000000	0.000000	0.000062
395	0.843118	0.077227	0.078749	0.000000	0.000840	0.000000	0.000000	0.000000	0.000066
396	0.843747	0.076758	0.078582	0.000000	0.000850	0.000000	0.000000	0.000000	0.000063
397	0.843444	0.077136	0.078524	0.000000	0.000838	0.000000	0.000000	0.000000	0.000058
398	0.843487	0.077124	0.078502	0.000000	0.000833	0.000000	0.000000	0.000000	0.000054
399	0.843553	0.076699	0.078866	0.000000	0.000830	0.000000	0.000000	0.000000	0.000052
400	0.843736	0.076871	0.078508	0.000000	0.000830	0.000000	0.000000	0.000000	0.000055
401	0.843529	0.076818	0.078780	0.000000	0.000831	0.000000	0.000000	0.000000	0.000042
402	0.843758	0.076389	0.079021	0.000000	0.000793	0.000000	0.000000	0.000000	0.000039
403	0.843442	0.076734	0.078961	0.000000	0.000825	0.000000	0.000000	0.000000	0.000038
404	0.843636	0.076733	0.078835	0.000000	0.000763	0.000000	0.000000	0.000000	0.000033
405	0.843428	0.076766	0.078993	0.000000	0.000778	0.000000	0.000000	0.000000	0.000035
406	0.843356	0.076867	0.079010	0.000000	0.000736	0.000000	0.000000	0.000000	0.000031
407	0.843717	0.076571	0.078921	0.000000	0.000754	0.000000	0.000000	0.000000	0.000037
408	0.843545	0.076738	0.078955	0.000000	0.000730	0.000000	0.000000	0.000000	0.000032
409	0.843567	0.076812	0.078865	0.000000	0.000724	0.000000	0.000000	0.000000	0.000032
410	0.843692	0.076841	0.078680	0.000000	0.000757	0.000000	0.000000	0.000000	0.000030
411	0.844189	0.076669	0.078370	0.000000	0.000740	0.000000	0.000000	0.000000	0.000032
412	0.844388	0.076169	0.078664	0.000000	0.000754	0.000000	0.000000	0.000000	0.000025
413	0.844274	0.075993	0.078967	0.000000	0.000737	0.000000	0.000000	0.000000	0.000029
414	0.844257	0.076117	0.078839	0.000000	0.000755	0.000000	0.000000	0.000000	0.000032
415	0.844427	0.075978	0.078815	0.000000	0.000758	0.000000	0.000000	0.000000	0.000022
416	0.844494	0.075818	0.078917	0.000000	0.000748	0.000000	0.000000	0.000000	0.000023
417	0.844435	0.075963	0.078850	0.000000	0.000731	0.000000	0.000000	0.000000	0.000021
418	0.844570	0.075825	0.078860	0.000000	0.000721	0.000000	0.000000	0.000000	0.000024
419	0.844064	0.075979	0.079228	0.000000	0.000712	0.000000	0.000000	0.000000	0.000017
420	0.844190	0.076010	0.079085	0.000000	0.000703	0.000000	0.000000	0.000000	0.000012
421	0.844100	0.075979	0.079247	0.000000	0.000661	0.000000	0.000000	0.000000	0.000013
422	0.844152	0.075963	0.079182	0.000000	0.000691	0.000000	0.000000	0.000000	0.000012
423	0.843805	0.075906	0.079557	0.000000	0.000714	0.000000	0.000000	0.000000	0.000018
424	0.843849	0.075629	0.079769	0.000000	0.000733	0.000000	0.000000	0.000000	0.000020
425	0.843664	0.075932	0.079674	0.000000	0.000713	0.000000	0.000000	0.000000	0.000017
426	0.843808	0.075731	0.079772	0.000000	0.000671	0.000000	0.000000	0.000000	0.000018
427	0.843452	0.075893	0.079982	0.000000	0.000656	0.000000	0.000000	0.000000	0.000017
428	0.843325	0.075822	0.080181	0.000000	0.000652	0.000000	0.000000	0.000000	0.000020
429	0.843306	0.075808	0.080196	0.000000	0.000677	0.000000	0.000000	0.000000	0.000013
430	0.843512	0.075643	0.080176	0.000000	0.000658	0.000000	0.000000	0.000000	0.000011
431	0.843505	0.075595	0.080235	0.000000	0.000653	0.000000	0.000000	0.000000	0.000012
432	0.843132	0.075734	0.080472	0.000000	0.000650	0.000000	0.000000	0.000000	0.000012
433	0.842976	0.075851	0.080484	0.000000	0.000679	0.000000	0.000000	0.000000	0.000010
434	0.843311	0.075564	0.080450	0.000000	0.000664	0.000000	0.000000	0.000000	0.000011
435	0.843162	0.075938	0.080236	0.000000	0.000656	0.000000	0.000000	0.000000	0.000008
436	0.842799	0.075900	0.080634	0.000000	0.000657	0.000000	0.000000	0.000000	0.000010
437	0.842830	0.076167	0.080359	0.000000	0.000636	0.000000	0.000000	0.000000	0.000008
438	0.843156	0.075913	0.080277	0.000000	0.000648	0.000000	0.000000	0.000000	0.000006
439	0.843319	0.075715	0.080311	0.000000	0.000647	0.000000	0.000000	0.000000	0.000008
440	0.843238	0.075663	0.080466	0.000000	0.000628	0.000000	0.000000	0.000000	0.000005
441	0.843254	0.075585	0.080548	0.000000	0.000605	0.000000	0.000000	0.000000	0.000008
442	0.842532	0.076036	0.080839	0.000000	0.000584	0.000000	0.000000	0.000000	0.000009
443	0.842614	0.075733	0.081055	0.000000	0.000591	0.000000	0.000000	0.000000	0.000007
444	0.842643	0.075998	0.080733	0.000000	0.000616	0.000000	0.000000	0.000000	0.000010
445	0.842191	0.076192	0.081003	0.000000	0.000605	0.000000	0.000000	0.000000	0.000009
446	0.842902	0.075882	0.080591	0.000000	0.000616	0.000000	0.000000	0.000000	0.000009
447	0.843126	0.075972	0.080285	0.000000	0.000609	0.000000	0.000000	0.000000	0.000008
448	0.843703	0.075697	0.079967	0.000000	0.000627	0.000000	0.000000	0.000000	0.000006
449	0.843477	0.075807	0.080075	0.000000	0.000637	0.000000	0.000000	0.000000	0.000004
450	0.843254	0.076152	0.079954	0.000000	0.000631	0.000000	0.000000	0.000000	0.000009
451	0.843206	0.076143	0.080020	0.000000	0.000622	0.000000	0.000000	0.000000	0.000009
452	0.843367	0.075883	0.080130	0.000000	0.000616	0.000000	0.000000	0.000000	0.000004
453	0.843310	0.075900	0.080127	0.000000	0.000657	0.000000	0.000000	0.000000	0.000006
454	0.842923	0.076092	0.080328	0.000000	0.000653	0.000000	0.000000	0.000000	0.000004
455	0.842851	0.076000	0.080486	0.000000	0.000660	0.000000	0.000000	0.000000	0.000003
456	0.842677	0.075841	0.080809	0.000000	0.000669	0.000000	0.000000	0.000000	0.000004
457	0.842521	0.075763	0.081068	0.000000	0.000646	0.000000	0.000000	0.000000	0.000002
458	0.842449	0.075843	0.081022	0.000000	0.000680	0.000000	0.000000	0.000000	0.000006
459	0.842827	0.075699	0.080770	0.000000	0.000701	0.000000	0.000000	0.000000	0.000003
460	0.842950	0.075624	0.080705	0.000000	0.000716	0.000000	0.000000	0.000000	0.000005
461	0.843096	0.075518	0.080653	0.000000	0.000729	0.000000	0.000000	0.000000	0.000004
462	0.842725	0.075812	0.080748	0.000000	0.000713	0.000000	0.000000	0.000000	0.000002
463	0.843107	0.075521	0.080659	0.000000	0.000711	0.000000	0.000000	0.000000	0.000002
464	0.843895	0.075043	0.080366	0.000000	0.000695	0.000000	0.000000	0.000000	0.000001
465	0.843963	0.075149	0.080215	0.000000	0.000672	0.000000	0.000000	0.000000	0.000001
466	0.843979	0.075184	0.080144	0.000000	0.000692	0.000000	0.000000	0.000000	0.000001
467	0.844773	0.074415	0.080127	0.000000	0.000684	0.000000	0.000000	0.000000	0.000001
468	0.844907	0.074444	0.079944	0.000000	0.000705	0.000000	0.000000	0.000000	0.000000
469	0.844464	0.074808	0.080066	0.000000	0.000662	0.000000	0.000000	0.000000	0.000000
470	0.844825	0.074547	0.079966	0.000000	0.000662	0.000000	0.000000	0.000000	0.000000
