0	0.290663	0.057897	0.229473	0.157588	0.029913	0.111872	0.085455	0.012259	0.024880
1	0.225932	0.047207	0.197474	0.134136	0.027746	0.116539	0.128587	0.024871	0.097508
2	0.221860	0.045706	0.192419	0.123570	0.027147	0.108530	0.137764	0.026426	0.116578
3	0.224180	0.045605	0.187381	0.116092	0.027136	0.099192	0.142239	0.027164	0.131011
4	0.228084	0.045311	0.182514	0.109274	0.027286	0.090804	0.144707	0.027313	0.144707
5	0.232624	0.045166	0.177306	0.103097	0.027461	0.081968	0.147296	0.027583	0.157499
6	0.237218	0.045361	0.171928	0.097571	0.027743	0.074461	0.148955	0.027265	0.169498
7	0.242005	0.045104	0.166695	0.092407	0.027973	0.067491	0.149411	0.027016	0.181898
8	0.247382	0.044913	0.160530	0.087612	0.028334	0.060764	0.149964	0.026707	0.193794
9	0.252302	0.044690	0.154453	0.083310	0.029230	0.055072	0.149786	0.026426	0.204731
10	0.257840	0.044238	0.149168	0.078717	0.029623	0.049391	0.148889	0.026031	0.216103
11	0.262823	0.043957	0.143474	0.074585	0.030662	0.044535	0.147361	0.025571	0.227032
12	0.268418	0.043853	0.137727	0.070521	0.031470	0.040022	0.145424	0.024987	0.237578
13	0.273130	0.043783	0.132304	0.067064	0.032442	0.035960	0.143628	0.024572	0.247117
14	0.277888	0.043644	0.127020	0.063735	0.033152	0.032425	0.141599	0.024056	0.256481
15	0.282876	0.043774	0.121525	0.060562	0.034025	0.029084	0.138776	0.023355	0.266023
16	0.288290	0.043628	0.116172	0.057418	0.035097	0.026403	0.135725	0.022522	0.274745
17	0.292845	0.043639	0.111038	0.054646	0.036192	0.023641	0.133017	0.022064	0.282918
18	0.297368	0.043551	0.105552	0.051523	0.037410	0.021410	0.130336	0.021584	0.291266
19	0.301688	0.043141	0.100893	0.049044	0.038484	0.019195	0.127096	0.021247	0.299212
20	0.306099	0.042841	0.095718	0.046640	0.039752	0.017253	0.124454	0.020523	0.306720
21	0.309789	0.042778	0.091043	0.044321	0.040890	0.015502	0.121279	0.019873	0.314525
22	0.313400	0.042656	0.086749	0.042243	0.042436	0.013907	0.118235	0.019173	0.321201
23	0.317576	0.042512	0.082572	0.039961	0.043944	0.012641	0.114525	0.018663	0.327606
24	0.321129	0.042295	0.078529	0.038088	0.044867	0.011293	0.111230	0.018164	0.334405
25	0.324500	0.042143	0.074733	0.036243	0.046098	0.010152	0.107784	0.017595	0.340752
26	0.327515	0.041805	0.071006	0.034383	0.047336	0.009161	0.104489	0.016901	0.347404
27	0.330533	0.041300	0.067031	0.032834	0.048883	0.008224	0.101261	0.016218	0.353716
28	0.333285	0.041185	0.063116	0.031121	0.050536	0.007353	0.098444	0.015648	0.359312
29	0.336230	0.040731	0.059577	0.029492	0.051811	0.006590	0.095188	0.014963	0.365418
30	0.338210	0.040589	0.056068	0.028250	0.053305	0.006031	0.092136	0.014518	0.370893
31	0.340078	0.039990	0.052777	0.027000	0.054757	0.005540	0.089457	0.014121	0.376280
32	0.342163	0.039850	0.049845	0.025526	0.056145	0.004879	0.087011	0.013589	0.380992
33	0.344234	0.039465	0.047023	0.024316	0.057435	0.004470	0.084269	0.013172	0.385616
34	0.345830	0.038897	0.044429	0.022997	0.059401	0.003988	0.081554	0.012675	0.390229
35	0.347090	0.038704	0.041616	0.021969	0.060767	0.003677	0.079066	0.012222	0.394889
36	0.347934	0.038591	0.039107	0.020808	0.062564	0.003266	0.076078	0.011862	0.399790
37	0.348842	0.038248	0.036930	0.019907	0.064225	0.002965	0.073384	0.011473	0.404026
38	0.349860	0.037955	0.034754	0.019144	0.065962	0.002744	0.070470	0.011042	0.408069
39	0.350657	0.037659	0.032881	0.018011	0.067272	0.002364	0.068096	0.010566	0.412494
40	0.351462	0.037390	0.031070	0.016929	0.068761	0.002219	0.065656	0.010177	0.416336
41	0.351641	0.036735	0.029331	0.016203	0.070292	0.002112	0.063556	0.009702	0.420428
42	0.351663	0.036535	0.027509	0.015499	0.071746	0.001928	0.061554	0.009344	0.424222
43	0.352039	0.036038	0.025653	0.014829	0.073514	0.001806	0.059582	0.008957	0.427582
44	0.351806	0.035516	0.024214	0.014156	0.075228	0.001637	0.057742	0.008534	0.431167
45	0.351144	0.035166	0.022745	0.013499	0.076813	0.001550	0.055740	0.008171	0.435172
46	0.350846	0.034517	0.021361	0.012928	0.078614	0.001409	0.053640	0.007961	0.438724
47	0.350152	0.033975	0.020072	0.012348	0.080010	0.001289	0.052026	0.007828	0.442300
48	0.349766	0.033497	0.018647	0.011851	0.081574	0.001201	0.050560	0.007518	0.445386
49	0.349921	0.033021	0.017634	0.011297	0.082851	0.001095	0.048806	0.007276	0.448099
50	0.348770	0.032525	0.016508	0.010920	0.084722	0.001013	0.046714	0.006999	0.451829
51	0.348114	0.031911	0.015584	0.010542	0.086673	0.000952	0.045197	0.006618	0.454409
52	0.346951	0.031497	0.014749	0.010017	0.088521	0.000930	0.043511	0.006347	0.457477
53	0.345007	0.031093	0.013797	0.009602	0.090073	0.000854	0.041923	0.006064	0.461587
54	0.343816	0.030544	0.012854	0.009276	0.092020	0.000797	0.040380	0.005800	0.464513
55	0.342142	0.029957	0.011912	0.009118	0.093765	0.000715	0.039016	0.005714	0.467661
56	0.340708	0.029516	0.011199	0.008691	0.095722	0.000660	0.037749	0.005537	0.470218
57	0.338639	0.029023	0.010640	0.008384	0.097294	0.000596	0.036558	0.005306	0.473560
58	0.337095	0.028434	0.009837	0.008013	0.099156	0.000538	0.035139	0.005078	0.476710
59	0.335836	0.027791	0.009394	0.007779	0.100865	0.000531	0.034025	0.004948	0.478831
60	0.333666	0.027485	0.008850	0.007400	0.102373	0.000481	0.033034	0.004885	0.481826
61	0.331827	0.027010	0.008286	0.007103	0.104374	0.000446	0.031954	0.004727	0.484273
62	0.329488	0.026332	0.007837	0.006932	0.106286	0.000436	0.030810	0.004555	0.487324
63	0.327673	0.025546	0.007375	0.006654	0.108233	0.000388	0.029800	0.004376	0.489955
64	0.325121	0.025252	0.006863	0.006323	0.110235	0.000363	0.029055	0.004201	0.492587
65	0.323305	0.025029	0.006245	0.005954	0.111807	0.000367	0.028234	0.004062	0.494997
66	0.321186	0.024601	0.005809	0.005702	0.113576	0.000317	0.027279	0.003887	0.497643
67	0.318702	0.024083	0.005356	0.005471	0.115370	0.000253	0.026289	0.003786	0.500690
68	0.316731	0.023567	0.005026	0.005232	0.117005	0.000243	0.025460	0.003696	0.503040
69	0.314197	0.023212	0.004682	0.005073	0.118741	0.000256	0.024885	0.003505	0.505449
70	0.311634	0.022757	0.004433	0.004917	0.120371	0.000252	0.024426	0.003442	0.507768
71	0.309245	0.022365	0.004152	0.004726	0.122208	0.000211	0.023853	0.003409	0.509831
72	0.306525	0.022095	0.003885	0.004626	0.123597	0.000203	0.023238	0.003300	0.512531
73	0.303901	0.021693	0.003536	0.004551	0.125579	0.000186	0.022494	0.003203	0.514857
74	0.301141	0.021271	0.003189	0.004475	0.127509	0.000151	0.021785	0.003174	0.517305
75	0.298245	0.021014	0.002995	0.004359	0.129541	0.000143	0.021274	0.003070	0.519359
76	0.295565	0.020274	0.002771	0.004166	0.131632	0.000141	0.020696	0.002971	0.521784
77	0.293160	0.019884	0.002629	0.004066	0.132676	0.000126	0.020206	0.002948	0.524305
78	0.290017	0.019456	0.002461	0.003916	0.134668	0.000119	0.019888	0.002818	0.526657
79	0.287218	0.018937	0.002282	0.003744	0.136728	0.000101	0.019194	0.002760	0.529036
80	0.284464	0.018429	0.002158	0.003561	0.138601	0.000106	0.018835	0.002627	0.531219
81	0.281149	0.018200	0.002023	0.003430	0.140233	0.000101	0.018139	0.002534	0.534191
82	0.278106	0.017914	0.001876	0.003317	0.141969	0.000089	0.017671	0.002477	0.536581
83	0.275680	0.017492	0.001750	0.003249	0.143720	0.000081	0.017144	0.002419	0.538465
84	0.272762	0.016971	0.001666	0.003132	0.145857	0.000070	0.016565	0.002446	0.540531
85	0.269875	0.016585	0.001491	0.003089	0.147293	0.000080	0.016089	0.002389	0.543109
86	0.266798	0.016189	0.001400	0.002943	0.149340	0.000067	0.015599	0.002319	0.545345
87	0.264257	0.015875	0.001329	0.002900	0.151126	0.000055	0.015325	0.002299	0.546834
88	0.261382	0.015531	0.001197	0.002856	0.153103	0.000044	0.015139	0.002254	0.548494
89	0.258096	0.015106	0.001177	0.002758	0.154752	0.000054	0.014762	0.002204	0.551091
90	0.255353	0.014795	0.001133	0.002675	0.156583	0.000049	0.014374	0.002118	0.552920
91	0.252712	0.014357	0.001038	0.002626	0.158179	0.000049	0.014196	0.002076	0.554767
92	0.249670	0.014129	0.000958	0.002516	0.159889	0.000037	0.013920	0.002004	0.556877
93	0.246863	0.013871	0.000887	0.002481	0.161865	0.000039	0.013573	0.001932	0.558489
94	0.243784	0.013657	0.000823	0.002454	0.163876	0.000030	0.013224	0.001945	0.560207
95	0.241144	0.013354	0.000768	0.002400	0.165573	0.000028	0.012840	0.001932	0.561961
96	0.238357	0.012964	0.000701	0.002381	0.166673	0.000025	0.012620	0.001915	0.564364
97	0.235668	0.012623	0.000654	0.002308	0.168430	0.000024	0.012375	0.001826	0.566092
98	0.233139	0.012405	0.000615	0.002283	0.169975	0.000025	0.012141	0.001802	0.567615
99	0.230299	0.012153	0.000581	0.002269	0.171619	0.000020	0.011752	0.001751	0.569556
100	0.227735	0.011830	0.000547	0.002216	0.173168	0.000025	0.011493	0.001745	0.571241
101	0.224574	0.011544	0.000518	0.002155	0.175100	0.000020	0.011198	0.001682	0.573209
102	0.221827	0.011176	0.000464	0.002072	0.176885	0.000023	0.010949	0.001707	0.574897
103	0.219290	0.010939	0.000438	0.001981	0.178793	0.000024	0.010908	0.001677	0.575950
104	0.216393	0.010646	0.000409	0.001887	0.180522	0.000023	0.010761	0.001752	0.577607
105	0.213651	0.010420	0.000363	0.001858	0.182093	0.000023	0.010568	0.001735	0.579289
106	0.211037	0.010257	0.000364	0.001703	0.183939	0.000022	0.010554	0.001716	0.580408
107	0.208072	0.009897	0.000324	0.001715	0.185789	0.000023	0.010191	0.001683	0.582306
108	0.204958	0.009642	0.000314	0.001764	0.187758	0.000021	0.010057	0.001689	0.583797
109	0.202426	0.009411	0.000279	0.001731	0.189333	0.000015	0.009921	0.001621	0.585263
110	0.199367	0.009287	0.000258	0.001766	0.190956	0.000015	0.009817	0.001670	0.586864
111	0.196845	0.009145	0.000223	0.001735	0.192522	0.000014	0.009708	0.001624	0.588184
112	0.193865	0.008974	0.000185	0.001661	0.194012	0.000012	0.009575	0.001569	0.590147
113	0.191229	0.008786	0.000161	0.001608	0.195925	0.000014	0.009337	0.001497	0.591443
114	0.188525	0.008498	0.000171	0.001602	0.197533	0.000010	0.009105	0.001477	0.593079
115	0.185680	0.008344	0.000149	0.001583	0.199265	0.000008	0.009012	0.001456	0.594503
116	0.183262	0.008254	0.000123	0.001509	0.200724	0.000010	0.008770	0.001445	0.595903
117	0.180687	0.007994	0.000122	0.001521	0.202225	0.000009	0.008592	0.001432	0.597418
118	0.177457	0.007793	0.000124	0.001430	0.204096	0.000010	0.008484	0.001400	0.599206
119	0.174980	0.007497	0.000104	0.001413	0.205495	0.000003	0.008275	0.001384	0.600849
120	0.172484	0.007330	0.000104	0.001346	0.207062	0.000006	0.008161	0.001340	0.602167
121	0.169806	0.007244	0.000091	0.001325	0.208684	0.000004	0.008037	0.001306	0.603503
122	0.167147	0.007041	0.000081	0.001281	0.210601	0.000003	0.007972	0.001269	0.604605
123	0.164029	0.006890	0.000084	0.001326	0.212360	0.000003	0.007849	0.001277	0.606182
124	0.161958	0.006714	0.000087	0.001266	0.214202	0.000001	0.007741	0.001252	0.606779
125	0.159265	0.006610	0.000090	0.001278	0.215766	0.000003	0.007613	0.001266	0.608109
126	0.156696	0.006286	0.000081	0.001267	0.216983	0.000002	0.007458	0.001239	0.609988
127	0.154548	0.006144	0.000076	0.001242	0.218739	0.000002	0.007385	0.001185	0.610679
128	0.151832	0.005890	0.000068	0.001237	0.220107	0.000002	0.007349	0.001156	0.612359
129	0.149334	0.005829	0.000072	0.001190	0.221472	0.000004	0.007295	0.001154	0.613650
130	0.147495	0.005622	0.000050	0.001140	0.222794	0.000005	0.007180	0.001106	0.614608
131	0.144676	0.005522	0.000052	0.001125	0.224471	0.000002	0.006992	0.001088	0.616072
132	0.142465	0.005393	0.000048	0.001093	0.225822	0.000000	0.006938	0.001085	0.617156
133	0.140107	0.005270	0.000045	0.001075	0.226971	0.000000	0.006876	0.001087	0.618569
134	0.137827	0.005148	0.000038	0.001054	0.228507	0.000000	0.006736	0.001114	0.619576
135	0.136177	0.005005	0.000032	0.001043	0.229845	0.000000	0.006642	0.001098	0.620158
136	0.133882	0.004880	0.000029	0.001018	0.231563	0.000000	0.006564	0.001055	0.621009
137	0.132050	0.004706	0.000026	0.000979	0.232899	0.000000	0.006371	0.001028	0.621941
138	0.129775	0.004596	0.000020	0.000935	0.234681	0.000000	0.006283	0.001039	0.622671
139	0.127362	0.004475	0.000022	0.000925	0.236003	0.000000	0.006265	0.001054	0.623894
140	0.125112	0.004320	0.000020	0.000934	0.237772	0.000000	0.006245	0.001001	0.624596
141	0.123033	0.004238	0.000018	0.000930	0.239356	0.000000	0.006190	0.001009	0.625226
142	0.120779	0.004202	0.000016	0.000973	0.240651	0.000000	0.006159	0.000991	0.626229
143	0.118929	0.004041	0.000014	0.000944	0.241845	0.000000	0.006095	0.000970	0.627162
144	0.116461	0.003857	0.000009	0.000952	0.243568	0.000000	0.005915	0.000926	0.628312
145	0.114661	0.003752	0.000007	0.000937	0.245028	0.000000	0.005935	0.000905	0.628775
146	0.112696	0.003654	0.000009	0.000915	0.246598	0.000000	0.005828	0.000869	0.629431
147	0.110658	0.003515	0.000007	0.000920	0.247992	0.000000	0.005854	0.000875	0.630179
148	0.108465	0.003415	0.000009	0.000905	0.249679	0.000000	0.005797	0.000873	0.630857
149	0.107119	0.003282	0.000009	0.000893	0.251120	0.000000	0.005809	0.000873	0.630895
150	0.104763	0.003164	0.000007	0.000848	0.252342	0.000000	0.005704	0.000850	0.632322
151	0.102967	0.003074	0.000005	0.000871	0.253753	0.000000	0.005625	0.000788	0.632917
152	0.100899	0.003011	0.000005	0.000885	0.254861	0.000000	0.005590	0.000768	0.633981
153	0.099096	0.003017	0.000002	0.000880	0.256305	0.000000	0.005581	0.000754	0.634365
154	0.097089	0.002967	0.000001	0.000867	0.257518	0.000000	0.005570	0.000743	0.635245
155	0.095288	0.002890	0.000000	0.000886	0.258503	0.000000	0.005533	0.000726	0.636174
156	0.093614	0.002929	0.000000	0.000844	0.259506	0.000000	0.005557	0.000705	0.636845
157	0.091625	0.002806	0.000000	0.000826	0.261091	0.000000	0.005487	0.000700	0.637465
158	0.090081	0.002761	0.000000	0.000771	0.262046	0.000000	0.005437	0.000699	0.638205
159	0.088333	0.002614	0.000000	0.000773	0.263660	0.000000	0.005357	0.000666	0.638597
160	0.086738	0.002592	0.000000	0.000763	0.264919	0.000000	0.005273	0.000644	0.639071
161	0.085343	0.002488	0.000000	0.000719	0.266266	0.000000	0.005164	0.000639	0.639381
162	0.083753	0.002422	0.000000	0.000699	0.267188	0.000000	0.005137	0.000643	0.640158
163	0.081777	0.002417	0.000000	0.000700	0.268535	0.000000	0.005050	0.000637	0.640884
164	0.080187	0.002376	0.000000	0.000691	0.269647	0.000000	0.004985	0.000657	0.641457
165	0.078610	0.002341	0.000000	0.000671	0.270844	0.000000	0.004987	0.000665	0.641882
166	0.077302	0.002264	0.000000	0.000665	0.271899	0.000000	0.004933	0.000658	0.642279
167	0.075675	0.002252	0.000000	0.000690	0.273165	0.000000	0.004911	0.000645	0.642662
168	0.074212	0.002185	0.000000	0.000668	0.274216	0.000000	0.004884	0.000687	0.643148
169	0.072797	0.002186	0.000000	0.000695	0.275288	0.000000	0.004729	0.000683	0.643622
170	0.071228	0.002104	0.000000	0.000675	0.276509	0.000000	0.004693	0.000673	0.644118
171	0.069905	0.002083	0.000000	0.000683	0.277756	0.000000	0.004588	0.000644	0.644341
172	0.068800	0.002039	0.000000	0.000687	0.279142	0.000000	0.004546	0.000644	0.644142
173	0.067181	0.001920	0.000000	0.000700	0.280487	0.000000	0.004432	0.000644	0.644636
174	0.066075	0.001801	0.000000	0.000687	0.281343	0.000000	0.004425	0.000656	0.645013
175	0.064648	0.001772	0.000000	0.000689	0.282545	0.000000	0.004391	0.000663	0.645292
176	0.063393	0.001726	0.000000	0.000699	0.283525	0.000000	0.004414	0.000634	0.645609
177	0.062109	0.001667	0.000000	0.000670	0.284885	0.000000	0.004474	0.000638	0.645557
178	0.060608	0.001606	0.000000	0.000686	0.286046	0.000000	0.004374	0.000584	0.646096
179	0.059559	0.001573	0.000000	0.000683	0.287178	0.000000	0.004246	0.000598	0.646163
180	0.058409	0.001482	0.000000	0.000678	0.288414	0.000000	0.004275	0.000601	0.646141
181	0.057233	0.001454	0.000000	0.000669	0.289486	0.000000	0.004218	0.000597	0.646343
182	0.055933	0.001331	0.000000	0.000668	0.290429	0.000000	0.004115	0.000573	0.646951
183	0.054812	0.001278	0.000000	0.000637	0.291397	0.000000	0.004075	0.000561	0.647240
184	0.053797	0.001254	0.000000	0.000637	0.292433	0.000000	0.004043	0.000553	0.647283
185	0.052639	0.001210	0.000000	0.000637	0.293356	0.000000	0.003999	0.000544	0.647615
186	0.051524	0.001172	0.000000	0.000650	0.294360	0.000000	0.004007	0.000518	0.647769
187	0.050401	0.001114	0.000000	0.000665	0.295395	0.000000	0.003952	0.000536	0.647937
188	0.049339	0.001106	0.000000	0.000648	0.296614	0.000000	0.003931	0.000537	0.647825
189	0.048290	0.001051	0.000000	0.000669	0.297724	0.000000	0.003897	0.000558	0.647811
190	0.047263	0.000998	0.000000	0.000653	0.298956	0.000000	0.003869	0.000538	0.647723
191	0.046243	0.000952	0.000000	0.000674	0.300126	0.000000	0.003917	0.000547	0.647541
192	0.045295	0.000931	0.000000	0.000664	0.301000	0.000000	0.003932	0.000530	0.647648
193	0.044264	0.000903	0.000000	0.000668	0.302061	0.000000	0.003868	0.000507	0.647729
194	0.043591	0.000901	0.000000	0.000683	0.302654	0.000000	0.003865	0.000518	0.647788
195	0.042678	0.000856	0.000000	0.000651	0.303421	0.000000	0.003834	0.000490	0.648070
196	0.041689	0.000829	0.000000	0.000655	0.304310	0.000000	0.003790	0.000504	0.648223
197	0.040761	0.000759	0.000000	0.000668	0.305131	0.000000	0.003757	0.000496	0.648428
198	0.039970	0.000720	0.000000	0.000652	0.306109	0.000000	0.003807	0.000460	0.648282
199	0.039250	0.000718	0.000000	0.000672	0.307106	0.000000	0.003778	0.000420	0.648056
200	0.038272	0.000709	0.000000	0.000661	0.307718	0.000000	0.003748	0.000433	0.648459
201	0.037642	0.000685	0.000000	0.000669	0.308957	0.000000	0.003709	0.000437	0.647901
202	0.036889	0.000684	0.000000	0.000681	0.309755	0.000000	0.003649	0.000414	0.647928
203	0.036072	0.000671	0.000000	0.000700	0.310891	0.000000	0.003551	0.000422	0.647693
204	0.035516	0.000625	0.000000	0.000698	0.312110	0.000000	0.003504	0.000384	0.647163
205	0.034915	0.000626	0.000000	0.000660	0.312872	0.000000	0.003524	0.000392	0.647011
206	0.034004	0.000569	0.000000	0.000680	0.313807	0.000000	0.003450	0.000376	0.647114
207	0.033469	0.000563	0.000000	0.000682	0.314594	0.000000	0.003451	0.000359	0.646882
208	0.032738	0.000543	0.000000	0.000664	0.315701	0.000000	0.003375	0.000357	0.646622
209	0.032143	0.000527	0.000000	0.000672	0.316483	0.000000	0.003398	0.000314	0.646463
210	0.031625	0.000531	0.000000	0.000670	0.317561	0.000000	0.003433	0.000303	0.645877
211	0.031153	0.000520	0.000000	0.000676	0.318196	0.000000	0.003353	0.000301	0.645801
212	0.030617	0.000518	0.000000	0.000680	0.319483	0.000000	0.003320	0.000276	0.645106
213	0.030253	0.000478	0.000000	0.000681	0.319985	0.000000	0.003306	0.000268	0.645029
214	0.029479	0.000476	0.000000	0.000625	0.320764	0.000000	0.003259	0.000244	0.645153
215	0.028786	0.000452	0.000000	0.000625	0.322134	0.000000	0.003171	0.000241	0.644591
216	0.028116	0.000469	0.000000	0.000612	0.323270	0.000000	0.003149	0.000248	0.644136
217	0.027561	0.000448	0.000000	0.000631	0.324036	0.000000	0.003115	0.000234	0.643975
218	0.027216	0.000448	0.000000	0.000638	0.324810	0.000000	0.003027	0.000226	0.643635
219	0.026629	0.000426	0.000000	0.000600	0.325418	0.000000	0.003027	0.000213	0.643687
220	0.026298	0.000396	0.000000	0.000619	0.326374	0.000000	0.003059	0.000203	0.643051
221	0.025378	0.000358	0.000000	0.000627	0.327253	0.000000	0.003025	0.000201	0.643158
222	0.024782	0.000344	0.000000	0.000607	0.328149	0.000000	0.003001	0.000181	0.642936
223	0.024258	0.000344	0.000000	0.000591	0.328848	0.000000	0.003033	0.000178	0.642748
224	0.023673	0.000304	0.000000	0.000607	0.329645	0.000000	0.002971	0.000178	0.642622
225	0.023271	0.000289	0.000000	0.000595	0.330151	0.000000	0.002963	0.000199	0.642532
226	0.022780	0.000303	0.000000	0.000598	0.330689	0.000000	0.002940	0.000206	0.642484
227	0.022217	0.000307	0.000000	0.000599	0.331828	0.000000	0.002948	0.000198	0.641903
228	0.021922	0.000279	0.000000	0.000615	0.332279	0.000000	0.002923	0.000188	0.641794
229	0.021298	0.000251	0.000000	0.000613	0.333100	0.000000	0.002867	0.000195	0.641676
230	0.020948	0.000259	0.000000	0.000599	0.334111	0.000000	0.002809	0.000184	0.641090
231	0.020330	0.000252	0.000000	0.000589	0.334657	0.000000	0.002842	0.000175	0.641155
232	0.019899	0.000252	0.000000	0.000584	0.335810	0.000000	0.002828	0.000181	0.640446
233	0.019401	0.000269	0.000000	0.000603	0.336717	0.000000	0.002799	0.000156	0.640055
234	0.018992	0.000264	0.000000	0.000611	0.337348	0.000000	0.002797	0.000139	0.639849
235	0.018539	0.000260	0.000000	0.000607	0.338068	0.000000	0.002788	0.000151	0.639587
236	0.018176	0.000214	0.000000	0.000567	0.339015	0.000000	0.002748	0.000150	0.639130
237	0.017892	0.000218	0.000000	0.000523	0.339868	0.000000	0.002690	0.000150	0.638659
238	0.017513	0.000204	0.000000	0.000548	0.340998	0.000000	0.002592	0.000143	0.638002
239	0.017073	0.000202	0.000000	0.000537	0.341729	0.000000	0.002609	0.000132	0.637718
240	0.016567	0.000187	0.000000	0.000545	0.342718	0.000000	0.002614	0.000129	0.637240
241	0.016120	0.000168	0.000000	0.000543	0.343601	0.000000	0.002656	0.000129	0.636783
242	0.015808	0.000150	0.000000	0.000545	0.344057	0.000000	0.002581	0.000114	0.636745
243	0.015415	0.000149	0.000000	0.000537	0.345041	0.000000	0.002566	0.000118	0.636174
244	0.015022	0.000152	0.000000	0.000534	0.345667	0.000000	0.002483	0.000117	0.636025
245	0.014694	0.000141	0.000000	0.000531	0.346772	0.000000	0.002480	0.000117	0.635265
246	0.014281	0.000135	0.000000	0.000537	0.347402	0.000000	0.002485	0.000119	0.635041
247	0.013941	0.000134	0.000000	0.000530	0.348398	0.000000	0.002470	0.000117	0.634410
248	0.013606	0.000121	0.000000	0.000492	0.348974	0.000000	0.002464	0.000139	0.634204
249	0.013293	0.000117	0.000000	0.000525	0.349688	0.000000	0.002440	0.000113	0.633824
250	0.013016	0.000113	0.000000	0.000528	0.350558	0.000000	0.002377	0.000114	0.633294
251	0.012593	0.000109	0.000000	0.000543	0.351400	0.000000	0.002356	0.000103	0.632896
252	0.012280	0.000098	0.000000	0.000548	0.352424	0.000000	0.002309	0.000099	0.632242
253	0.011993	0.000093	0.000000	0.000524	0.352731	0.000000	0.002278	0.000095	0.632286
254	0.011577	0.000091	0.000000	0.000527	0.353763	0.000000	0.002258	0.000101	0.631683
255	0.011367	0.000087	0.000000	0.000516	0.354190	0.000000	0.002289	0.000095	0.631456
256	0.011200	0.000077	0.000000	0.000493	0.354885	0.000000	0.002320	0.000105	0.630920
257	0.010860	0.000083	0.000000	0.000476	0.355718	0.000000	0.002301	0.000099	0.630463
258	0.010624	0.000071	0.000000	0.000462	0.356448	0.000000	0.002296	0.000093	0.630006
259	0.010388	0.000073	0.000000	0.000465	0.356949	0.000000	0.002315	0.000107	0.629703
260	0.010223	0.000076	0.000000	0.000485	0.357831	0.000000	0.002284	0.000109	0.628992
261	0.009871	0.000073	0.000000	0.000463	0.358436	0.000000	0.002244	0.000100	0.628813
262	0.009694	0.000067	0.000000	0.000455	0.359141	0.000000	0.002309	0.000093	0.628241
263	0.009498	0.000060	0.000000	0.000474	0.359261	0.000000	0.002303	0.000085	0.628319
264	0.009248	0.000062	0.000000	0.000478	0.359832	0.000000	0.002264	0.000083	0.628033
265	0.009034	0.000064	0.000000	0.000459	0.360473	0.000000	0.002194	0.000075	0.627701
266	0.008797	0.000063	0.000000	0.000475	0.361126	0.000000	0.002224	0.000078	0.627237
267	0.008679	0.000064	0.000000	0.000490	0.361889	0.000000	0.002209	0.000081	0.626588
268	0.008431	0.000047	0.000000	0.000491	0.362541	0.000000	0.002173	0.000080	0.626237
269	0.008260	0.000051	0.000000	0.000500	0.363375	0.000000	0.002142	0.000076	0.625596
270	0.007964	0.000051	0.000000	0.000515	0.364139	0.000000	0.002131	0.000082	0.625118
271	0.007756	0.000035	0.000000	0.000531	0.364789	0.000000	0.002121	0.000080	0.624688
272	0.007422	0.000032	0.000000	0.000528	0.365386	0.000000	0.002097	0.000096	0.624439
273	0.007211	0.000029	0.000000	0.000504	0.365834	0.000000	0.002081	0.000085	0.624256
274	0.007053	0.000025	0.000000	0.000507	0.366532	0.000000	0.001992	0.000082	0.623809
275	0.006884	0.000022	0.000000	0.000513	0.367015	0.000000	0.001965	0.000084	0.623517
276	0.006718	0.000026	0.000000	0.000508	0.367395	0.000000	0.001954	0.000081	0.623318
277	0.006570	0.000020	0.000000	0.000492	0.368150	0.000000	0.001918	0.000076	0.622774
278	0.006429	0.000022	0.000000	0.000491	0.368837	0.000000	0.001940	0.000075	0.622206
279	0.006339	0.000020	0.000000	0.000489	0.369628	0.000000	0.001909	0.000065	0.621550
280	0.006124	0.000021	0.000000	0.000476	0.370394	0.000000	0.001841	0.000063	0.621081
281	0.005941	0.000028	0.000000	0.000483	0.371103	0.000000	0.001853	0.000060	0.620532
282	0.005822	0.000022	0.000000	0.000480	0.371852	0.000000	0.001829	0.000062	0.619933
283	0.005657	0.000021	0.000000	0.000436	0.372530	0.000000	0.001765	0.000052	0.619539
284	0.005564	0.000023	0.000000	0.000421	0.372985	0.000000	0.001793	0.000040	0.619174
285	0.005398	0.000027	0.000000	0.000435	0.373935	0.000000	0.001749	0.000040	0.618416
286	0.005279	0.000020	0.000000	0.000419	0.374780	0.000000	0.001672	0.000042	0.617788
287	0.005125	0.000023	0.000000	0.000407	0.375153	0.000000	0.001670	0.000048	0.617574
288	0.005034	0.000027	0.000000	0.000422	0.375743	0.000000	0.001687	0.000048	0.617039
289	0.004908	0.000027	0.000000	0.000398	0.376833	0.000000	0.001684	0.000049	0.616101
290	0.004726	0.000024	0.000000	0.000405	0.377668	0.000000	0.001714	0.000051	0.615412
291	0.004618	0.000026	0.000000	0.000403	0.378046	0.000000	0.001656	0.000063	0.615188
292	0.004456	0.000030	0.000000	0.000365	0.378935	0.000000	0.001703	0.000063	0.614448
293	0.004319	0.000030	0.000000	0.000347	0.379722	0.000000	0.001671	0.000060	0.613851
294	0.004208	0.000031	0.000000	0.000341	0.380500	0.000000	0.001692	0.000076	0.613152
295	0.004087	0.000029	0.000000	0.000345	0.381316	0.000000	0.001657	0.000072	0.612494
296	0.004024	0.000026	0.000000	0.000357	0.381808	0.000000	0.001603	0.000068	0.612114
297	0.003843	0.000028	0.000000	0.000340	0.382494	0.000000	0.001568	0.000065	0.611662
298	0.003716	0.000028	0.000000	0.000328	0.383114	0.000000	0.001577	0.000061	0.611176
299	0.003523	0.000032	0.000000	0.000329	0.383602	0.000000	0.001578	0.000066	0.610870
300	0.003405	0.000029	0.000000	0.000333	0.384288	0.000000	0.001556	0.000079	0.610310
301	0.003340	0.000025	0.000000	0.000328	0.385086	0.000000	0.001528	0.000083	0.609610
302	0.003197	0.000025	0.000000	0.000304	0.385847	0.000000	0.001513	0.000074	0.609040
303	0.003036	0.000021	0.000000	0.000282	0.386795	0.000000	0.001510	0.000077	0.608279
304	0.002906	0.000019	0.000000	0.000294	0.387402	0.000000	0.001476	0.000075	0.607828
305	0.002778	0.000019	0.000000	0.000293	0.388122	0.000000	0.001542	0.000086	0.607160
306	0.002731	0.000019	0.000000	0.000298	0.388546	0.000000	0.001510	0.000096	0.606800
307	0.002650	0.000019	0.000000	0.000308	0.389152	0.000000	0.001532	0.000088	0.606251
308	0.002618	0.000015	0.000000	0.000319	0.390007	0.000000	0.001517	0.000092	0.605432
309	0.002478	0.000020	0.000000	0.000318	0.390823	0.000000	0.001496	0.000104	0.604761
310	0.002453	0.000022	0.000000	0.000313	0.391535	0.000000	0.001477	0.000100	0.604100
311	0.002407	0.000020	0.000000	0.000315	0.392232	0.000000	0.001459	0.000100	0.603467
312	0.002327	0.000017	0.000000	0.000308	0.392879	0.000000	0.001539	0.000107	0.602823
313	0.002265	0.000012	0.000000	0.000317	0.393160	0.000000	0.001554	0.000100	0.602592
314	0.002250	0.000010	0.000000	0.000307	0.393795	0.000000	0.001584	0.000093	0.601961
315	0.002164	0.000011	0.000000	0.000304	0.394439	0.000000	0.001614	0.000096	0.601372
316	0.002186	0.000008	0.000000	0.000292	0.394663	0.000000	0.001628	0.000100	0.601123
317	0.002129	0.000004	0.000000	0.000277	0.395308	0.000000	0.001633	0.000096	0.600553
318	0.002038	0.000004	0.000000	0.000265	0.395935	0.000000	0.001597	0.000095	0.600066
319	0.001991	0.000002	0.000000	0.000259	0.396417	0.000000	0.001649	0.000104	0.599578
320	0.001910	0.000001	0.000000	0.000261	0.396743	0.000000	0.001585	0.000103	0.599397
321	0.001866	0.000001	0.000000	0.000248	0.397466	0.000000	0.001535	0.000100	0.598784
322	0.001797	0.000000	0.000000	0.000237	0.398158	0.000000	0.001504	0.000094	0.598210
323	0.001808	0.000000	0.000000	0.000232	0.398782	0.000000	0.001515	0.000092	0.597571
324	0.001777	0.000000	0.000000	0.000241	0.399437	0.000000	0.001483	0.000088	0.596974
325	0.001742	0.000000	0.000000	0.000233	0.399966	0.000000	0.001464	0.000083	0.596512
326	0.001732	0.000000	0.000000	0.000218	0.400610	0.000000	0.001466	0.000085	0.595889
327	0.001655	0.000000	0.000000	0.000241	0.401351	0.000000	0.001446	0.000088	0.595219
328	0.001618	0.000000	0.000000	0.000243	0.402075	0.000000	0.001468	0.000082	0.594514
329	0.001550	0.000000	0.000000	0.000243	0.402807	0.000000	0.001458	0.000088	0.593854
330	0.001468	0.000000	0.000000	0.000264	0.403420	0.000000	0.001465	0.000083	0.593300
331	0.001393	0.000000	0.000000	0.000261	0.403604	0.000000	0.001443	0.000087	0.593212
332	0.001382	0.000000	0.000000	0.000257	0.404158	0.000000	0.001391	0.000074	0.592738
333	0.001311	0.000000	0.000000	0.000253	0.405138	0.000000	0.001408	0.000074	0.591816
334	0.001255	0.000000	0.000000	0.000266	0.405688	0.000000	0.001402	0.000080	0.591309
335	0.001230	0.000000	0.000000	0.000263	0.406466	0.000000	0.001436	0.000085	0.590520
336	0.001231	0.000000	0.000000	0.000280	0.406854	0.000000	0.001417	0.000069	0.590149
337	0.001178	0.000000	0.000000	0.000284	0.407502	0.000000	0.001422	0.000060	0.589554
338	0.001171	0.000000	0.000000	0.000286	0.408132	0.000000	0.001451	0.000065	0.588895
339	0.001131	0.000000	0.000000	0.000289	0.409012	0.000000	0.001427	0.000068	0.588073
340	0.001097	0.000000	0.000000	0.000283	0.409772	0.000000	0.001475	0.000071	0.587302
341	0.001067	0.000000	0.000000	0.000286	0.410599	0.000000	0.001444	0.000076	0.586528
342	0.001006	0.000000	0.000000	0.000271	0.411348	0.000000	0.001438	0.000081	0.585856
343	0.000949	0.000000	0.000000	0.000270	0.412040	0.000000	0.001356	0.000078	0.585307
344	0.000880	0.000000	0.000000	0.000272	0.412795	0.000000	0.001355	0.000080	0.584618
345	0.000861	0.000000	0.000000	0.000287	0.413516	0.000000	0.001335	0.000087	0.583914
346	0.000785	0.000000	0.000000	0.000287	0.414185	0.000000	0.001294	0.000088	0.583361
347	0.000744	0.000000	0.000000	0.000281	0.414632	0.000000	0.001318	0.000085	0.582940
348	0.000696	0.000000	0.000000	0.000289	0.415637	0.000000	0.001331	0.000083	0.581964
349	0.000673	0.000000	0.000000	0.000275	0.416176	0.000000	0.001307	0.000094	0.581475
350	0.000641	0.000000	0.000000	0.000289	0.416725	0.000000	0.001346	0.000095	0.580904
351	0.000631	0.000000	0.000000	0.000285	0.417449	0.000000	0.001389	0.000098	0.580148
352	0.000619	0.000000	0.000000	0.000287	0.417997	0.000000	0.001377	0.000093	0.579627
353	0.000589	0.000000	0.000000	0.000247	0.418551	0.000000	0.001339	0.000095	0.579179
354	0.000568	0.000000	0.000000	0.000263	0.419348	0.000000	0.001336	0.000094	0.578391
355	0.000558	0.000000	0.000000	0.000239	0.419844	0.000000	0.001348	0.000090	0.577921
356	0.000518	0.000000	0.000000	0.000229	0.420462	0.000000	0.001308	0.000088	0.577395
357	0.000535	0.000000	0.000000	0.000205	0.421188	0.000000	0.001303	0.000091	0.576678
358	0.000512	0.000000	0.000000	0.000199	0.422048	0.000000	0.001327	0.000080	0.575834
359	0.000505	0.000000	0.000000	0.000207	0.422649	0.000000	0.001299	0.000080	0.575260
360	0.000476	0.000000	0.000000	0.000212	0.423537	0.000000	0.001329	0.000074	0.574372
361	0.000472	0.000000	0.000000	0.000202	0.424109	0.000000	0.001363	0.000078	0.573776
362	0.000427	0.000000	0.000000	0.000190	0.424693	0.000000	0.001353	0.000070	0.573267
363	0.000404	0.000000	0.000000	0.000196	0.425340	0.000000	0.001363	0.000070	0.572627
364	0.000390	0.000000	0.000000	0.000210	0.426021	0.000000	0.001316	0.000069	0.571994
365	0.000373	0.000000	0.000000	0.000206	0.427034	0.000000	0.001316	0.000064	0.571007
366	0.000368	0.000000	0.000000	0.000213	0.427820	0.000000	0.001331	0.000065	0.570203
367	0.000376	0.000000	0.000000	0.000220	0.428058	0.000000	0.001310	0.000070	0.569966
368	0.000367	0.000000	0.000000	0.000222	0.428596	0.000000	0.001294	0.000064	0.569457
369	0.000355	0.000000	0.000000	0.000227	0.429413	0.000000	0.001262	0.000055	0.568688
370	0.000358	0.000000	0.000000	0.000234	0.430062	0.000000	0.001247	0.000054	0.568045
371	0.000350	0.000000	0.000000	0.000211	0.430801	0.000000	0.001245	0.000060	0.567333
372	0.000356	0.000000	0.000000	0.000208	0.431986	0.000000	0.001226	0.000054	0.566170
373	0.000347	0.000000	0.000000	0.000213	0.432938	0.000000	0.001231	0.000049	0.565222
374	0.000339	0.000000	0.000000	0.000221	0.433336	0.000000	0.001216	0.000046	0.564842
375	0.000318	0.000000	0.000000	0.000213	0.434213	0.000000	0.001219	0.000047	0.563990
376	0.000308	0.000000	0.000000	0.000200	0.434898	0.000000	0.001216	0.000042	0.563336
377	0.000288	0.000000	0.000000	0.000196	0.435425	0.000000	0.001239	0.000041	0.562811
378	0.000280	0.000000	0.000000	0.000195	0.435724	0.000000	0.001267	0.000050	0.562484
379	0.000282	0.000000	0.000000	0.000207	0.436599	0.000000	0.001232	0.000047	0.561633
380	0.000287	0.000000	0.000000	0.000204	0.437520	0.000000	0.001247	0.000049	0.560693
381	0.000258	0.000000	0.000000	0.000207	0.438410	0.000000	0.001220	0.000058	0.559847
382	0.000235	0.000000	0.000000	0.000202	0.439269	0.000000	0.001244	0.000065	0.558985
383	0.000201	0.000000	0.000000	0.000194	0.439902	0.000000	0.001220	0.000075	0.558408
384	0.000188	0.000000	0.000000	0.000206	0.440496	0.000000	0.001221	0.000074	0.557815
385	0.000178	0.000000	0.000000	0.000181	0.440956	0.000000	0.001223	0.000068	0.557394
386	0.000175	0.000000	0.000000	0.000195	0.441765	0.000000	0.001210	0.000070	0.556585
387	0.000160	0.000000	0.000000	0.000181	0.442467	0.000000	0.001215	0.000061	0.555916
388	0.000151	0.000000	0.000000	0.000175	0.443114	0.000000	0.001201	0.000069	0.555290
389	0.000148	0.000000	0.000000	0.000175	0.443676	0.000000	0.001222	0.000063	0.554716
390	0.000122	0.000000	0.000000	0.000184	0.444459	0.000000	0.001200	0.000069	0.553966
391	0.000120	0.000000	0.000000	0.000175	0.445015	0.000000	0.001173	0.000069	0.553448
392	0.000108	0.000000	0.000000	0.000171	0.445736	0.000000	0.001192	0.000070	0.552723
393	0.000101	0.000000	0.000000	0.000177	0.446496	0.000000	0.001169	0.000073	0.551984
394	0.000084	0.000000	0.000000	0.000169	0.446805	0.000000	0.001208	0.000074	0.551660
395	0.000075	0.000000	0.000000	0.000167	0.447501	0.000000	0.001201	0.000075	0.550981
396	0.000071	0.000000	0.000000	0.000166	0.448092	0.000000	0.001205	0.000075	0.550391
397	0.000064	0.000000	0.000000	0.000166	0.448896	0.000000	0.001172	0.000064	0.549638
398	0.000057	0.000000	0.000000	0.000154	0.449353	0.000000	0.001191	0.000061	0.549184
399	0.000058	0.000000	0.000000	0.000174	0.450305	0.000000	0.001182	0.000058	0.548223
400	0.000052	0.000000	0.000000	0.000157	0.450508	0.000000	0.001159	0.000049	0.548075
401	0.000059	0.000000	0.000000	0.000137	0.451257	0.000000	0.001165	0.000044	0.547338
402	0.000050	0.000000	0.000000	0.000137	0.451780	0.000000	0.001148	0.000051	0.546834
403	0.000048	0.000000	0.000000	0.000142	0.452639	0.000000	0.001139	0.000049	0.545983
404	0.000040	0.000000	0.000000	0.000145	0.453148	0.000000	0.001085	0.000052	0.545530
405	0.000042	0.000000	0.000000	0.000143	0.453800	0.000000	0.001070	0.000052	0.544893
406	0.000037	0.000000	0.000000	0.000153	0.454363	0.000000	0.001062	0.000054	0.544331
407	0.000033	0.000000	0.000000	0.000135	0.455144	0.000000	0.001051	0.000046	0.543591
408	0.000031	0.000000	0.000000	0.000151	0.455965	0.000000	0.001059	0.000052	0.542742
409	0.000026	0.000000	0.000000	0.000148	0.456590	0.000000	0.001035	0.000060	0.542141
410	0.000029	0.000000	0.000000	0.000153	0.457414	0.000000	0.001049	0.000059	0.541296
411	0.000023	0.000000	0.000000	0.000133	0.457918	0.000000	0.001076	0.000051	0.540799
412	0.000016	0.000000	0.000000	0.000122	0.458725	0.000000	0.001084	0.000056	0.539997
413	0.000021	0.000000	0.000000	0.000116	0.459228	0.000000	0.001059	0.000062	0.539514
414	0.000019	0.000000	0.000000	0.000110	0.460161	0.000000	0.001093	0.000066	0.538551
415	0.000017	0.000000	0.000000	0.000107	0.460744	0.000000	0.001102	0.000061	0.537969
416	0.000023	0.000000	0.000000	0.000108	0.461446	0.000000	0.001083	0.000055	0.537285
417	0.000024	0.000000	0.000000	0.000102	0.461960	0.000000	0.001036	0.000063	0.536815
418	0.000025	0.000000	0.000000	0.000090	0.462371	0.000000	0.001035	0.000060	0.536419
419	0.000030	0.000000	0.000000	0.000096	0.463309	0.000000	0.001076	0.000066	0.535423
420	0.000029	0.000000	0.000000	0.000091	0.464322	0.000000	0.001050	0.000062	0.534446
421	0.000032	0.000000	0.000000	0.000084	0.464932	0.000000	0.001024	0.000065	0.533863
422	0.000034	0.000000	0.000000	0.000092	0.465648	0.000000	0.001013	0.000060	0.533153
423	0.000030	0.000000	0.000000	0.000095	0.466441	0.000000	0.001031	0.000058	0.532345
424	0.000024	0.000000	0.000000	0.000099	0.466605	0.000000	0.001031	0.000062	0.532179
425	0.000022	0.000000	0.000000	0.000108	0.467394	0.000000	0.001028	0.000070	0.531378
426	0.000022	0.000000	0.000000	0.000109	0.468177	0.000000	0.001016	0.000067	0.530609
427	0.000019	0.000000	0.000000	0.000124	0.468626	0.000000	0.000981	0.000067	0.530183
428	0.000020	0.000000	0.000000	0.000134	0.469454	0.000000	0.000974	0.000074	0.529344
429	0.000021	0.000000	0.000000	0.000132	0.470132	0.000000	0.000972	0.000073	0.528670
430	0.000023	0.000000	0.000000	0.000120	0.470540	0.000000	0.000975	0.000075	0.528267
431	0.000018	0.000000	0.000000	0.000128	0.471366	0.000000	0.000977	0.000069	0.527442
432	0.000018	0.000000	0.000000	0.000138	0.471754	0.000000	0.000983	0.000061	0.527046
433	0.000018	0.000000	0.000000	0.000146	0.472593	0.000000	0.000948	0.000056	0.526239
434	0.000012	0.000000	0.000000	0.000139	0.473125	0.000000	0.000959	0.000062	0.525703
435	0.000010	0.000000	0.000000	0.000134	0.473759	0.000000	0.000982	0.000053	0.525062
436	0.000014	0.000000	0.000000	0.000134	0.474477	0.000000	0.000962	0.000051	0.524362
437	0.000009	0.000000	0.000000	0.000127	0.475414	0.000000	0.000957	0.000054	0.523439
438	0.000003	0.000000	0.000000	0.000121	0.476107	0.000000	0.000959	0.000052	0.522758
439	0.000002	0.000000	0.000000	0.000125	0.476769	0.000000	0.000953	0.000050	0.522101
440	0.000000	0.000000	0.000000	0.000129	0.477304	0.000000	0.000925	0.000057	0.521585
441	0.000000	0.000000	0.000000	0.000118	0.477955	0.000000	0.000907	0.000059	0.520961
442	0.000000	0.000000	0.000000	0.000122	0.478595	0.000000	0.000898	0.000048	0.520337
443	0.000000	0.000000	0.000000	0.000113	0.479125	0.000000	0.000885	0.000046	0.519831
444	0.000000	0.000000	0.000000	0.000118	0.479561	0.000000	0.000898	0.000048	0.519375
445	0.000000	0.000000	0.000000	0.000130	0.480100	0.000000	0.000910	0.000050	0.518810
446	0.000000	0.000000	0.000000	0.000124	0.480620	0.000000	0.000882	0.000039	0.518335
447	0.000000	0.000000	0.000000	0.000138	0.481358	0.000000	0.000884	0.000038	0.517582
448	0.000000	0.000000	0.000000	0.000138	0.481901	0.000000	0.000879	0.000045	0.517037
449	0.000000	0.000000	0.000000	0.000143	0.482442	0.000000	0.000898	0.000044	0.516473
450	0.000000	0.000000	0.000000	0.000144	0.483251	0.000000	0.000900	0.000030	0.515675
451	0.000000	0.000000	0.000000	0.000142	0.483990	0.000000	0.000900	0.000026	0.514942
452	0.000000	0.000000	0.000000	0.000140	0.484707	0.000000	0.000917	0.000032	0.514204
453	0.000000	0.000000	0.000000	0.000136	0.485312	0.000000	0.000912	0.000036	0.513604
454	0.000000	0.000000	0.000000	0.000135	0.485889	0.000000	0.000921	0.000037	0.513018
455	0.000000	0.000000	0.000000	0.000127	0.486763	0.000000	0.000905	0.000036	0.512169
456	0.000000	0.000000	0.000000	0.000123	0.487284	0.000000	0.000912	0.000039	0.511642
457	0.000000	0.000000	0.000000	0.000117	0.488162	0.000000	0.000887	0.000033	0.510801
458	0.000000	0.000000	0.000000	0.000128	0.489078	0.000000	0.000862	0.000026	0.509906
459	0.000000	0.000000	0.000000	0.000127	0.489875	0.000000	0.000853	0.000020	0.509125
460	0.000000	0.000000	0.000000	0.000121	0.490951	0.000000	0.000856	0.000022	0.508050
461	0.000000	0.000000	0.000000	0.000108	0.491635	0.000000	0.000852	0.000024	0.507381
462	0.000000	0.000000	0.000000	0.000108	0.492429	0.000000	0.000855	0.000024	0.506584
463	0.000000	0.000000	0.000000	0.000099	0.493003	0.000000	0.000887	0.000021	0.505990
464	0.000000	0.000000	0.000000	0.000110	0.493831	0.000000	0.000861	0.000024	0.505174
465	0.000000	0.000000	0.000000	0.000111	0.494426	0.000000	0.000828	0.000024	0.504611
466	0.000000	0.000000	0.000000	0.000117	0.495191	0.000000	0.000786	0.000020	0.503886
467	0.000000	0.000000	0.000000	0.000115	0.495993	0.000000	0.000771	0.000021	0.503100
468	0.000000	0.000000	0.000000	0.000117	0.496714	0.000000	0.000785	0.000023	0.502361
469	0.000000	0.000000	0.000000	0.000122	0.497299	0.000000	0.000730	0.000020	0.501829
470	0.000000	0.000000	0.000000	0.000107	0.498063	0.000000	0.000717	0.000021	0.501092
