0	0.112313	0.112705	0.112246	0.112163	0.099932	0.112777	0.112658	0.112742	0.112464
0	0.112313	0.112705	0.112246	0.112163	0.099932	0.112777	0.112658	0.112742	0.112464
1	0.114605	0.114220	0.113793	0.115811	0.102853	0.115885	0.107473	0.107850	0.107510
2	0.115611	0.114008	0.112465	0.119782	0.106843	0.117203	0.105307	0.104324	0.104457
3	0.116759	0.112222	0.109872	0.123598	0.111230	0.117787	0.104483	0.101244	0.102805
4	0.117645	0.109517	0.106840	0.127593	0.116468	0.117695	0.103828	0.098551	0.101863
5	0.117992	0.106890	0.103237	0.131887	0.121562	0.117667	0.103395	0.096111	0.101259
6	0.118340	0.104732	0.099359	0.136179	0.126338	0.117234	0.103423	0.093490	0.100905
7	0.118895	0.102004	0.096021	0.140437	0.131669	0.116502	0.103391	0.090282	0.100799
8	0.119642	0.099300	0.092729	0.144356	0.137270	0.115361	0.102833	0.087875	0.100634
9	0.120522	0.096325	0.089198	0.149101	0.142466	0.114310	0.102582	0.085112	0.100384
10	0.121257	0.094119	0.085654	0.153316	0.147932	0.113217	0.102103	0.082142	0.100260
11	0.121767	0.091459	0.082512	0.157227	0.153008	0.111911	0.101796	0.079755	0.100565
12	0.122396	0.088881	0.079802	0.161496	0.158150	0.110468	0.101463	0.076781	0.100563
13	0.123082	0.086273	0.077112	0.165635	0.163860	0.108998	0.100533	0.073963	0.100544
14	0.123821	0.083695	0.074263	0.169172	0.169822	0.107421	0.100010	0.071429	0.100367
15	0.124380	0.081303	0.072069	0.172978	0.175670	0.105881	0.098759	0.068677	0.100283
16	0.125040	0.078800	0.069686	0.176595	0.180805	0.104769	0.098264	0.065921	0.100120
17	0.125412	0.076229	0.067393	0.180452	0.186204	0.103153	0.097483	0.063369	0.100305
18	0.125995	0.074050	0.065081	0.183746	0.191618	0.101661	0.096711	0.060876	0.100262
19	0.126286	0.071707	0.063076	0.187174	0.196651	0.100263	0.096025	0.058598	0.100220
20	0.126582	0.069326	0.060887	0.191477	0.201607	0.098778	0.094980	0.056409	0.099954
21	0.126975	0.067141	0.058816	0.194403	0.207352	0.096902	0.094195	0.054187	0.100029
22	0.127627	0.064815	0.056594	0.197860	0.212569	0.095391	0.093364	0.051655	0.100125
23	0.128123	0.062888	0.054731	0.201240	0.218049	0.093425	0.092154	0.049474	0.099916
24	0.128433	0.060544	0.052797	0.204810	0.223452	0.091915	0.091039	0.047147	0.099863
25	0.128636	0.058570	0.051136	0.207603	0.228653	0.090308	0.089992	0.045364	0.099738
26	0.129013	0.056574	0.049267	0.211188	0.233626	0.088737	0.088770	0.043243	0.099582
27	0.129413	0.054755	0.047287	0.214302	0.238701	0.086869	0.087724	0.041447	0.099502
28	0.130314	0.052740	0.045606	0.217407	0.243840	0.085198	0.086537	0.039303	0.099055
29	0.130333	0.051209	0.043911	0.220560	0.248652	0.083759	0.085483	0.037333	0.098760
30	0.130830	0.049318	0.042125	0.223486	0.253245	0.082074	0.084636	0.035773	0.098513
31	0.130977	0.047784	0.040506	0.226070	0.257968	0.080684	0.083660	0.034037	0.098314
32	0.131082	0.046033	0.039116	0.229401	0.262264	0.078968	0.082461	0.032350	0.098325
33	0.131428	0.044489	0.037789	0.232609	0.266457	0.076999	0.081514	0.030793	0.097922
34	0.131681	0.042865	0.036558	0.235266	0.271083	0.075581	0.079999	0.029227	0.097740
35	0.131885	0.041304	0.035151	0.237952	0.275663	0.074038	0.078549	0.027930	0.097528
36	0.132020	0.039743	0.033737	0.240848	0.280044	0.072437	0.077465	0.026488	0.097218
37	0.132165	0.038259	0.032651	0.243219	0.284328	0.071000	0.076123	0.025444	0.096811
38	0.132273	0.036966	0.031487	0.245655	0.288447	0.069736	0.074655	0.024389	0.096392
39	0.132475	0.035306	0.030461	0.248644	0.292410	0.068310	0.073630	0.022953	0.095811
40	0.132786	0.034039	0.029351	0.251067	0.296160	0.066897	0.072246	0.021836	0.095618
41	0.132913	0.032646	0.028633	0.253606	0.299924	0.065386	0.071015	0.020827	0.095050
42	0.132868	0.031515	0.027685	0.255583	0.304093	0.064165	0.069469	0.019907	0.094715
43	0.133100	0.030528	0.026841	0.258015	0.307007	0.062956	0.068466	0.018826	0.094261
44	0.133384	0.029179	0.025874	0.260721	0.310210	0.061754	0.067295	0.017912	0.093671
45	0.133559	0.027978	0.024927	0.263383	0.313437	0.060372	0.065839	0.017058	0.093447
46	0.133585	0.026859	0.023947	0.265499	0.317273	0.058645	0.064699	0.016235	0.093258
47	0.133576	0.025838	0.023152	0.268139	0.320293	0.057344	0.063315	0.015402	0.092941
48	0.133791	0.024831	0.022418	0.270285	0.323760	0.056075	0.061809	0.014467	0.092564
49	0.134057	0.023942	0.021528	0.272217	0.326996	0.054687	0.060629	0.013705	0.092239
50	0.133977	0.023013	0.020817	0.274574	0.330240	0.053353	0.059536	0.013114	0.091376
51	0.134307	0.022100	0.020134	0.276176	0.333254	0.052291	0.058477	0.012517	0.090744
52	0.134128	0.021271	0.019495	0.278245	0.336123	0.051327	0.057454	0.011917	0.090040
53	0.134144	0.020399	0.018635	0.280761	0.338549	0.050097	0.056366	0.011306	0.089743
54	0.134217	0.019570	0.018209	0.282595	0.341519	0.048713	0.055153	0.010801	0.089223
55	0.134164	0.018904	0.017621	0.284158	0.344588	0.047640	0.054013	0.010260	0.088652
56	0.134303	0.018252	0.017125	0.285990	0.347409	0.046602	0.052633	0.009631	0.088055
57	0.134044	0.017497	0.016427	0.287852	0.350378	0.045703	0.051230	0.009319	0.087550
58	0.134082	0.016795	0.015760	0.290125	0.352500	0.044701	0.050052	0.008844	0.087141
59	0.133906	0.016153	0.015249	0.292218	0.355383	0.043484	0.048741	0.008436	0.086430
60	0.133785	0.015486	0.014800	0.294330	0.357637	0.042440	0.047683	0.008044	0.085795
61	0.133416	0.015025	0.014218	0.296685	0.359770	0.041629	0.046650	0.007452	0.085155
62	0.133448	0.014524	0.013766	0.298617	0.361927	0.040826	0.045427	0.006973	0.084492
63	0.133162	0.014084	0.013354	0.300522	0.364120	0.039938	0.044371	0.006603	0.083846
64	0.133169	0.013498	0.012886	0.302000	0.366119	0.039183	0.043568	0.006294	0.083283
65	0.133226	0.012937	0.012351	0.304068	0.368055	0.038274	0.042418	0.005867	0.082804
66	0.132958	0.012532	0.011967	0.305449	0.370209	0.037515	0.041311	0.005544	0.082515
67	0.132873	0.012090	0.011575	0.306756	0.372716	0.036814	0.039995	0.005269	0.081912
68	0.132724	0.011671	0.011282	0.308331	0.374615	0.035976	0.039133	0.004942	0.081326
69	0.132791	0.011211	0.010929	0.309970	0.376462	0.035131	0.038359	0.004650	0.080497
70	0.132735	0.010893	0.010540	0.311276	0.378406	0.034316	0.037534	0.004440	0.079860
71	0.132161	0.010482	0.010113	0.313056	0.380447	0.033775	0.036448	0.004159	0.079359
72	0.131588	0.010053	0.009769	0.315125	0.382297	0.032871	0.035445	0.003971	0.078881
73	0.131531	0.009726	0.009487	0.316856	0.383515	0.032256	0.034734	0.003696	0.078199
74	0.131376	0.009335	0.009274	0.318855	0.385243	0.031275	0.033578	0.003517	0.077547
75	0.131017	0.009038	0.008927	0.320544	0.386700	0.030662	0.032673	0.003336	0.077103
76	0.131087	0.008601	0.008546	0.321751	0.388500	0.029828	0.031856	0.003234	0.076597
77	0.130713	0.008185	0.008201	0.323082	0.390284	0.029325	0.031335	0.003097	0.075778
78	0.130430	0.007928	0.007961	0.325079	0.391455	0.028683	0.030524	0.002839	0.075101
79	0.130048	0.007605	0.007691	0.326849	0.392524	0.028046	0.029798	0.002689	0.074750
80	0.129738	0.007381	0.007451	0.328404	0.393572	0.027423	0.028971	0.002570	0.074490
81	0.129444	0.006961	0.007217	0.330186	0.394745	0.026598	0.028192	0.002467	0.074190
82	0.129340	0.006688	0.006992	0.331323	0.396516	0.025902	0.027545	0.002334	0.073360
83	0.129153	0.006328	0.006803	0.333304	0.397212	0.025460	0.026858	0.002224	0.072658
84	0.128727	0.006207	0.006592	0.335115	0.398175	0.024849	0.025998	0.002118	0.072219
85	0.128577	0.005860	0.006372	0.336547	0.399399	0.024288	0.025445	0.001977	0.071535
86	0.128059	0.005645	0.006173	0.338038	0.400614	0.023692	0.024667	0.001924	0.071188
87	0.128016	0.005444	0.005997	0.339893	0.401168	0.023054	0.023835	0.001828	0.070765
88	0.127620	0.005168	0.005804	0.341452	0.402356	0.022554	0.023280	0.001669	0.070097
89	0.127159	0.004961	0.005570	0.343135	0.403524	0.022076	0.022548	0.001583	0.069444
90	0.127127	0.004812	0.005361	0.344759	0.403838	0.021873	0.021813	0.001504	0.068913
91	0.126510	0.004543	0.005267	0.346271	0.405280	0.021176	0.021284	0.001423	0.068246
92	0.126179	0.004387	0.005034	0.347572	0.406191	0.020668	0.020774	0.001353	0.067842
93	0.125721	0.004305	0.004976	0.348873	0.406901	0.020230	0.020244	0.001277	0.067473
94	0.125548	0.004121	0.004793	0.350199	0.407932	0.019728	0.019583	0.001144	0.066952
95	0.125363	0.003921	0.004617	0.351327	0.408595	0.019342	0.019110	0.001073	0.066652
96	0.124559	0.003784	0.004585	0.352887	0.409430	0.018889	0.018648	0.001041	0.066177
97	0.124111	0.003623	0.004514	0.354235	0.410236	0.018465	0.018116	0.001001	0.065699
98	0.124094	0.003473	0.004409	0.356188	0.410375	0.018004	0.017552	0.000943	0.064962
99	0.123931	0.003341	0.004236	0.357172	0.411318	0.017721	0.017001	0.000871	0.064409
0	0.099185	0.100141	0.099713	0.100157	0.200368	0.100010	0.100465	0.100042	0.099919
0	0.099185	0.100141	0.099713	0.100157	0.200368	0.100010	0.100465	0.100042	0.099919
1	0.099998	0.100921	0.100775	0.103849	0.206948	0.103536	0.095014	0.094582	0.094377
2	0.100379	0.099738	0.098932	0.107595	0.214869	0.105367	0.091781	0.090239	0.091100
3	0.100879	0.097452	0.095842	0.111605	0.223870	0.105925	0.089920	0.086031	0.088476
4	0.100753	0.094596	0.092020	0.116106	0.233046	0.106423	0.088178	0.082365	0.086513
5	0.100104	0.091058	0.088631	0.120453	0.242254	0.105980	0.087060	0.078959	0.085501
6	0.099481	0.087729	0.084784	0.123750	0.251685	0.106096	0.085912	0.076094	0.084469
7	0.099373	0.084368	0.081034	0.127554	0.261081	0.105690	0.084624	0.072746	0.083530
8	0.098960	0.081209	0.077562	0.131152	0.270641	0.104915	0.083299	0.069826	0.082436
9	0.098680	0.078279	0.073989	0.134924	0.279681	0.103856	0.082036	0.066593	0.081962
10	0.098332	0.075186	0.070485	0.139018	0.289027	0.103040	0.080716	0.063121	0.081075
11	0.098084	0.071972	0.067293	0.142451	0.298471	0.102238	0.079366	0.059787	0.080338
12	0.098018	0.069039	0.064332	0.145618	0.306543	0.101591	0.078050	0.056848	0.079961
13	0.097332	0.065884	0.061350	0.149172	0.315452	0.100554	0.076899	0.054165	0.079192
14	0.096785	0.063147	0.058603	0.153033	0.324081	0.099340	0.075304	0.051087	0.078620
15	0.096130	0.060571	0.055757	0.156486	0.333188	0.098175	0.073756	0.048257	0.077680
16	0.095485	0.058033	0.053126	0.160118	0.341317	0.096908	0.072337	0.045573	0.077103
17	0.094941	0.055315	0.050539	0.163447	0.349405	0.095879	0.071024	0.043000	0.076450
18	0.094754	0.052302	0.048291	0.166508	0.357306	0.094452	0.069626	0.040777	0.075984
19	0.094134	0.049963	0.046276	0.169813	0.365193	0.093385	0.068032	0.038118	0.075086
20	0.093511	0.047667	0.044031	0.172882	0.372610	0.091965	0.066787	0.035986	0.074561
21	0.092794	0.045227	0.042079	0.176011	0.379756	0.090641	0.065654	0.033862	0.073976
22	0.092160	0.043232	0.040134	0.179115	0.387033	0.089102	0.063887	0.031838	0.073499
23	0.091693	0.040931	0.038093	0.182199	0.393955	0.087880	0.062114	0.030247	0.072888
24	0.091077	0.038710	0.036452	0.185105	0.400600	0.086402	0.060879	0.028475	0.072300
25	0.090183	0.036701	0.034842	0.187614	0.407415	0.085145	0.059753	0.026730	0.071617
26	0.089267	0.034837	0.033180	0.190706	0.414055	0.083902	0.058052	0.025001	0.071000
27	0.088635	0.033019	0.031788	0.193231	0.420416	0.082326	0.056566	0.023476	0.070543
28	0.087493	0.031331	0.030195	0.196428	0.425982	0.081078	0.055430	0.022008	0.070055
29	0.086775	0.029743	0.028757	0.199222	0.432040	0.079545	0.053908	0.020735	0.069275
30	0.085849	0.028226	0.027528	0.201660	0.437811	0.078478	0.052335	0.019465	0.068648
31	0.085042	0.026770	0.026399	0.203938	0.443417	0.077058	0.051091	0.018447	0.067838
32	0.084341	0.025255	0.025324	0.206322	0.448413	0.075824	0.049711	0.017445	0.067365
33	0.083753	0.023946	0.024258	0.208884	0.453497	0.074438	0.048356	0.016147	0.066721
34	0.083234	0.022724	0.023322	0.211290	0.457477	0.073263	0.047109	0.015182	0.066399
35	0.082749	0.021605	0.022185	0.213681	0.462302	0.071802	0.045802	0.014141	0.065733
36	0.081840	0.020321	0.021217	0.216212	0.467103	0.070521	0.044540	0.013310	0.064936
37	0.081091	0.019221	0.020338	0.218524	0.471645	0.068963	0.043197	0.012510	0.064511
38	0.080414	0.018128	0.019299	0.221454	0.475470	0.067787	0.041857	0.011634	0.063957
39	0.079835	0.017040	0.018541	0.223418	0.479733	0.066842	0.040511	0.010756	0.063324
40	0.079107	0.016267	0.017653	0.225509	0.483367	0.065770	0.039368	0.010173	0.062786
41	0.078245	0.015252	0.016945	0.227752	0.487498	0.064442	0.038110	0.009521	0.062235
42	0.077433	0.014331	0.016193	0.229899	0.491279	0.063115	0.037001	0.008890	0.061859
43	0.076859	0.013588	0.015507	0.232543	0.493961	0.061880	0.035980	0.008331	0.061351
44	0.075918	0.012774	0.014895	0.234999	0.497423	0.060669	0.034862	0.007906	0.060554
45	0.075022	0.012154	0.014113	0.236952	0.500945	0.059640	0.033904	0.007403	0.059867
46	0.074566	0.011463	0.013509	0.239666	0.503502	0.058264	0.032784	0.006909	0.059337
47	0.073865	0.010865	0.012849	0.242246	0.506142	0.057347	0.031746	0.006461	0.058479
48	0.073233	0.010289	0.012263	0.243959	0.509228	0.056406	0.030693	0.005971	0.057958
49	0.072244	0.009654	0.011655	0.246365	0.511540	0.055262	0.029852	0.005587	0.057841
50	0.071593	0.009047	0.011239	0.248858	0.513760	0.054100	0.028978	0.005243	0.057182
51	0.070831	0.008562	0.010754	0.250994	0.516346	0.053145	0.028025	0.004845	0.056498
52	0.069935	0.008171	0.010256	0.253241	0.518875	0.052179	0.027020	0.004442	0.055881
53	0.069612	0.007789	0.009857	0.255087	0.521064	0.051130	0.026016	0.004173	0.055272
54	0.068817	0.007250	0.009463	0.257342	0.523152	0.050175	0.025144	0.003924	0.054733
55	0.068283	0.006749	0.009094	0.259616	0.525047	0.049071	0.024404	0.003713	0.054023
56	0.067529	0.006403	0.008590	0.261473	0.526949	0.048366	0.023714	0.003463	0.053513
57	0.066937	0.006052	0.008174	0.263473	0.528715	0.047555	0.022900	0.003252	0.052942
58	0.066183	0.005791	0.007803	0.265682	0.530575	0.046493	0.022026	0.003005	0.052442
59	0.065832	0.005441	0.007411	0.267960	0.532231	0.045507	0.021155	0.002808	0.051655
60	0.065105	0.005176	0.007161	0.269973	0.533744	0.044589	0.020464	0.002628	0.051160
61	0.064505	0.004851	0.006889	0.271857	0.535408	0.043728	0.019747	0.002418	0.050597
62	0.063672	0.004585	0.006593	0.273791	0.536828	0.043018	0.019056	0.002275	0.050182
63	0.063041	0.004370	0.006379	0.275890	0.538148	0.042029	0.018415	0.002129	0.049599
64	0.062551	0.004206	0.006060	0.277982	0.539271	0.041412	0.017688	0.002007	0.048823
65	0.061943	0.004044	0.005855	0.279890	0.540585	0.040556	0.017024	0.001833	0.048270
66	0.061316	0.003832	0.005643	0.281948	0.541558	0.039937	0.016393	0.001675	0.047698
67	0.060690	0.003615	0.005357	0.284336	0.542222	0.039238	0.015806	0.001518	0.047218
68	0.060105	0.003364	0.005157	0.286032	0.543552	0.038423	0.015375	0.001446	0.046546
69	0.059198	0.003205	0.004927	0.288203	0.544663	0.037461	0.015004	0.001392	0.045947
70	0.058361	0.003010	0.004706	0.290264	0.545595	0.036773	0.014472	0.001281	0.045538
71	0.057739	0.002903	0.004437	0.292578	0.546193	0.035924	0.013941	0.001242	0.045043
72	0.057153	0.002807	0.004241	0.294855	0.546277	0.035475	0.013572	0.001157	0.044463
73	0.056575	0.002543	0.004116	0.296636	0.547283	0.034693	0.013050	0.001100	0.044004
74	0.056134	0.002455	0.003948	0.298911	0.547787	0.033740	0.012518	0.001041	0.043466
75	0.055652	0.002427	0.003821	0.300639	0.548300	0.032992	0.012105	0.000972	0.043092
76	0.054997	0.002265	0.003664	0.302621	0.548926	0.032340	0.011631	0.000915	0.042641
77	0.054292	0.002154	0.003553	0.305006	0.549133	0.031796	0.011217	0.000886	0.041963
78	0.053630	0.001999	0.003433	0.307228	0.549396	0.031276	0.010802	0.000821	0.041415
79	0.053355	0.001885	0.003357	0.309065	0.549685	0.030708	0.010420	0.000767	0.040758
80	0.052810	0.001802	0.003214	0.310366	0.550359	0.030328	0.009969	0.000695	0.040457
81	0.052347	0.001709	0.003131	0.312562	0.550160	0.029930	0.009615	0.000652	0.039894
82	0.051788	0.001602	0.002918	0.314563	0.550285	0.029305	0.009314	0.000578	0.039647
83	0.051201	0.001558	0.002790	0.316363	0.550482	0.028863	0.008984	0.000531	0.039228
84	0.050949	0.001470	0.002734	0.318006	0.550738	0.028388	0.008537	0.000509	0.038669
85	0.050508	0.001387	0.002603	0.319899	0.550698	0.027860	0.008253	0.000470	0.038322
86	0.050012	0.001344	0.002592	0.321837	0.550602	0.027373	0.008006	0.000427	0.037807
87	0.049565	0.001249	0.002452	0.324570	0.549806	0.026881	0.007734	0.000410	0.037333
88	0.049045	0.001197	0.002365	0.326861	0.549518	0.026246	0.007388	0.000391	0.036989
89	0.048474	0.001151	0.002279	0.328758	0.549511	0.025775	0.007024	0.000344	0.036684
90	0.048021	0.001114	0.002195	0.330333	0.549542	0.025330	0.006822	0.000327	0.036316
91	0.047731	0.001055	0.002090	0.332282	0.549293	0.024804	0.006537	0.000285	0.035923
92	0.047127	0.001046	0.002045	0.334309	0.549089	0.024322	0.006291	0.000272	0.035499
93	0.046834	0.000964	0.001959	0.335834	0.548899	0.023932	0.006060	0.000273	0.035245
94	0.046301	0.000905	0.001909	0.338000	0.548448	0.023529	0.005818	0.000265	0.034825
95	0.045785	0.000864	0.001904	0.339918	0.547941	0.023216	0.005671	0.000254	0.034447
96	0.045423	0.000776	0.001798	0.342247	0.547296	0.022868	0.005402	0.000237	0.033953
97	0.045153	0.000752	0.001743	0.343697	0.547192	0.022500	0.005153	0.000219	0.033591
98	0.044877	0.000729	0.001676	0.345404	0.546634	0.022175	0.005000	0.000184	0.033321
99	0.044375	0.000694	0.001610	0.347595	0.546041	0.021744	0.004809	0.000196	0.032936
0	0.087310	0.087769	0.087682	0.087193	0.300165	0.087571	0.087699	0.087464	0.087147
0	0.087310	0.087769	0.087682	0.087193	0.300165	0.087571	0.087699	0.087464	0.087147
1	0.087448	0.088116	0.087519	0.090270	0.311293	0.090830	0.081801	0.081200	0.081523
2	0.086821	0.085966	0.084913	0.094130	0.323966	0.092877	0.077630	0.075811	0.077886
3	0.086506	0.082728	0.081455	0.097810	0.336799	0.093635	0.074746	0.071586	0.074735
4	0.085412	0.079330	0.077340	0.101530	0.349823	0.094189	0.072510	0.067424	0.072442
5	0.084336	0.075549	0.073398	0.104982	0.362694	0.094155	0.070856	0.063515	0.070515
6	0.083631	0.071722	0.069644	0.108331	0.375200	0.093742	0.068922	0.059939	0.068869
7	0.082003	0.067876	0.066193	0.111899	0.387350	0.093574	0.067255	0.056364	0.067486
8	0.080848	0.064511	0.062691	0.115263	0.399682	0.092755	0.065285	0.053036	0.065929
9	0.079440	0.061314	0.059299	0.118336	0.411590	0.092222	0.063319	0.049826	0.064654
10	0.078220	0.057838	0.056202	0.121502	0.422908	0.091471	0.061702	0.046674	0.063483
11	0.077117	0.054762	0.052959	0.124854	0.434095	0.090531	0.059920	0.043433	0.062329
12	0.075832	0.051516	0.050214	0.127927	0.444363	0.089861	0.058214	0.040630	0.061443
13	0.074670	0.048572	0.047431	0.130896	0.454551	0.088970	0.056465	0.038080	0.060365
14	0.073018	0.045722	0.044997	0.133683	0.464875	0.088238	0.054702	0.035356	0.059409
15	0.071949	0.042888	0.042454	0.136664	0.474213	0.087407	0.053150	0.032936	0.058339
16	0.070608	0.040548	0.040014	0.139571	0.483736	0.085971	0.051574	0.030736	0.057242
17	0.069214	0.038204	0.038012	0.142421	0.492940	0.084519	0.049957	0.028655	0.056078
18	0.068013	0.035878	0.036040	0.144981	0.501570	0.083827	0.048170	0.026500	0.055021
19	0.066940	0.033609	0.033892	0.147728	0.510125	0.082909	0.046392	0.024472	0.053933
20	0.065556	0.031577	0.032021	0.150607	0.518153	0.081668	0.044639	0.022615	0.053164
21	0.064481	0.029716	0.030434	0.152962	0.525950	0.080440	0.043083	0.020863	0.052071
22	0.063275	0.027611	0.028858	0.155648	0.533194	0.079590	0.041374	0.019235	0.051215
23	0.062209	0.025846	0.027298	0.158617	0.539584	0.078403	0.040042	0.017745	0.050256
24	0.061001	0.024198	0.025819	0.160951	0.546357	0.077334	0.038544	0.016334	0.049462
25	0.059924	0.022502	0.024289	0.163212	0.553243	0.076220	0.037033	0.015148	0.048429
26	0.058705	0.021050	0.022969	0.165560	0.558937	0.075196	0.035660	0.013971	0.047952
27	0.057171	0.019467	0.021835	0.167884	0.564966	0.074391	0.034361	0.013005	0.046920
28	0.055930	0.018169	0.020358	0.170436	0.570336	0.073808	0.033162	0.011990	0.045811
29	0.054971	0.016957	0.019225	0.173215	0.575257	0.072492	0.031718	0.011044	0.045121
30	0.054215	0.015899	0.018186	0.175293	0.580234	0.071352	0.030476	0.010128	0.044217
31	0.052998	0.014871	0.017260	0.177493	0.585041	0.070264	0.029262	0.009396	0.043415
32	0.052027	0.013778	0.016316	0.180319	0.588929	0.068826	0.028393	0.008683	0.042729
33	0.050803	0.012852	0.015471	0.182135	0.593409	0.068081	0.027274	0.007909	0.042066
34	0.049691	0.012055	0.014615	0.184643	0.597611	0.066843	0.025985	0.007311	0.041246
35	0.048475	0.011197	0.013822	0.186891	0.601431	0.065738	0.025104	0.006832	0.040510
36	0.047626	0.010304	0.013059	0.189266	0.604513	0.064800	0.024215	0.006293	0.039924
37	0.046705	0.009714	0.012290	0.191062	0.607879	0.063938	0.023381	0.005752	0.039279
38	0.045787	0.009072	0.011650	0.193193	0.611230	0.062900	0.022312	0.005369	0.038487
39	0.044587	0.008583	0.011070	0.195172	0.613927	0.062140	0.021663	0.005018	0.037840
40	0.043830	0.008044	0.010386	0.197166	0.616793	0.061346	0.020667	0.004677	0.037091
41	0.042890	0.007489	0.009957	0.199072	0.619423	0.060286	0.019968	0.004268	0.036647
42	0.042171	0.006987	0.009510	0.201238	0.621668	0.059529	0.018979	0.003845	0.036073
43	0.041395	0.006498	0.008916	0.203556	0.624165	0.058399	0.018161	0.003538	0.035372
44	0.040597	0.006098	0.008443	0.205630	0.626394	0.057351	0.017372	0.003222	0.034893
45	0.039778	0.005722	0.007933	0.207855	0.628158	0.056492	0.016907	0.002943	0.034212
46	0.039097	0.005373	0.007526	0.209771	0.630216	0.055478	0.016129	0.002810	0.033600
47	0.038353	0.005010	0.007169	0.211616	0.632116	0.054691	0.015446	0.002568	0.033031
48	0.037546	0.004683	0.006773	0.213686	0.633918	0.053856	0.014698	0.002384	0.032456
49	0.036573	0.004349	0.006502	0.215734	0.635425	0.052955	0.014139	0.002189	0.032134
50	0.035942	0.004042	0.006175	0.217391	0.637278	0.052002	0.013633	0.002021	0.031516
51	0.035240	0.003710	0.005806	0.219900	0.638330	0.051030	0.013124	0.001837	0.031023
52	0.034534	0.003491	0.005457	0.221697	0.639882	0.050250	0.012598	0.001736	0.030355
53	0.033873	0.003354	0.005130	0.224142	0.640700	0.049313	0.012010	0.001588	0.029890
54	0.033238	0.003123	0.004868	0.226375	0.641123	0.048722	0.011624	0.001501	0.029426
55	0.032731	0.002911	0.004576	0.228474	0.642184	0.047806	0.011080	0.001380	0.028858
56	0.032052	0.002717	0.004256	0.229983	0.643485	0.047141	0.010564	0.001246	0.028556
57	0.031306	0.002551	0.004070	0.231945	0.644666	0.046257	0.010067	0.001160	0.027978
58	0.030798	0.002402	0.003897	0.233852	0.645231	0.045725	0.009708	0.001040	0.027347
59	0.030231	0.002244	0.003659	0.236074	0.645847	0.044753	0.009330	0.000982	0.026880
60	0.029562	0.002128	0.003486	0.237948	0.646308	0.044231	0.008986	0.000944	0.026407
61	0.029089	0.002020	0.003263	0.240300	0.646563	0.043199	0.008671	0.000864	0.026031
62	0.028459	0.001829	0.003069	0.242226	0.647503	0.042252	0.008282	0.000821	0.025559
63	0.027826	0.001726	0.002933	0.243902	0.647898	0.041849	0.007917	0.000749	0.025200
64	0.027370	0.001632	0.002833	0.245733	0.648420	0.041175	0.007511	0.000673	0.024653
65	0.026804	0.001542	0.002680	0.247760	0.648566	0.040627	0.007231	0.000631	0.024159
66	0.026358	0.001441	0.002551	0.249755	0.648649	0.039854	0.006962	0.000568	0.023862
67	0.025915	0.001380	0.002443	0.251721	0.648732	0.039078	0.006647	0.000543	0.023541
68	0.025397	0.001246	0.002397	0.253303	0.649102	0.038525	0.006417	0.000516	0.023097
69	0.024953	0.001175	0.002284	0.255199	0.649384	0.037737	0.006098	0.000451	0.022719
70	0.024573	0.001100	0.002187	0.257184	0.649488	0.037007	0.005765	0.000403	0.022293
71	0.024194	0.001038	0.002117	0.259501	0.648809	0.036476	0.005529	0.000375	0.021961
72	0.023799	0.000993	0.002003	0.261012	0.649052	0.035911	0.005310	0.000350	0.021570
73	0.023367	0.000902	0.001944	0.263103	0.648630	0.035385	0.005077	0.000322	0.021270
74	0.022811	0.000834	0.001866	0.265155	0.648243	0.034924	0.004911	0.000281	0.020975
75	0.022282	0.000798	0.001778	0.267039	0.648161	0.034326	0.004759	0.000260	0.020597
76	0.022029	0.000741	0.001656	0.268909	0.647840	0.033818	0.004535	0.000255	0.020217
77	0.021713	0.000708	0.001558	0.271109	0.647104	0.033289	0.004283	0.000243	0.019993
78	0.021200	0.000681	0.001511	0.273171	0.646828	0.032677	0.004107	0.000233	0.019592
79	0.020961	0.000633	0.001446	0.274746	0.646452	0.032449	0.003908	0.000199	0.019206
80	0.020647	0.000586	0.001395	0.276392	0.646308	0.031801	0.003783	0.000193	0.018895
81	0.020248	0.000539	0.001338	0.278478	0.645774	0.031151	0.003618	0.000168	0.018686
82	0.019940	0.000493	0.001285	0.280709	0.644903	0.030568	0.003473	0.000138	0.018491
83	0.019546	0.000469	0.001217	0.283244	0.643794	0.030135	0.003292	0.000129	0.018174
84	0.019144	0.000442	0.001160	0.285631	0.643029	0.029531	0.003204	0.000124	0.017735
85	0.018907	0.000438	0.001102	0.287532	0.641989	0.029311	0.003069	0.000116	0.017536
86	0.018497	0.000382	0.001048	0.288979	0.641982	0.028708	0.002965	0.000100	0.017339
87	0.018264	0.000354	0.000978	0.290853	0.641143	0.028495	0.002767	0.000103	0.017043
88	0.018002	0.000330	0.000951	0.292799	0.640569	0.027873	0.002642	0.000078	0.016756
89	0.017752	0.000317	0.000944	0.294981	0.639445	0.027421	0.002523	0.000073	0.016544
90	0.017516	0.000291	0.000912	0.296798	0.638673	0.027105	0.002405	0.000078	0.016222
91	0.017228	0.000272	0.000877	0.298273	0.638296	0.026689	0.002379	0.000066	0.015920
92	0.016945	0.000263	0.000859	0.299655	0.637950	0.026348	0.002224	0.000060	0.015696
93	0.016696	0.000249	0.000807	0.302330	0.636683	0.025664	0.002131	0.000054	0.015386
94	0.016526	0.000236	0.000763	0.305275	0.634866	0.025097	0.002038	0.000048	0.015151
95	0.016353	0.000206	0.000711	0.307496	0.633543	0.024768	0.001959	0.000046	0.014918
96	0.016100	0.000194	0.000670	0.309619	0.632281	0.024545	0.001865	0.000050	0.014676
97	0.015865	0.000180	0.000656	0.311749	0.631356	0.024088	0.001731	0.000044	0.014331
98	0.015650	0.000159	0.000656	0.314059	0.629925	0.023861	0.001703	0.000032	0.013955
99	0.015524	0.000148	0.000635	0.316210	0.628378	0.023634	0.001679	0.000032	0.013760
0	0.075051	0.075125	0.074772	0.074833	0.399974	0.075630	0.075178	0.074957	0.074480
0	0.075051	0.075125	0.074772	0.074833	0.399974	0.075630	0.075178	0.074957	0.074480
1	0.074510	0.074206	0.073867	0.077677	0.414972	0.078889	0.068908	0.068606	0.068365
2	0.073355	0.071688	0.070984	0.080361	0.431348	0.080226	0.064525	0.063544	0.063969
3	0.071806	0.068197	0.067021	0.083728	0.447639	0.080650	0.061191	0.058943	0.060825
4	0.070000	0.064496	0.063453	0.086672	0.463604	0.080979	0.058232	0.054710	0.057854
5	0.068714	0.060792	0.059581	0.089755	0.477766	0.080827	0.056224	0.050662	0.055679
6	0.066892	0.057109	0.055826	0.092497	0.492529	0.080652	0.053944	0.046808	0.053743
7	0.065198	0.053614	0.052310	0.095475	0.505923	0.080357	0.052046	0.043431	0.051646
8	0.063644	0.049724	0.048958	0.098472	0.519226	0.080117	0.049934	0.040018	0.049907
9	0.061982	0.046264	0.045878	0.101182	0.531801	0.079252	0.048240	0.037057	0.048344
10	0.060502	0.043160	0.042938	0.103755	0.544495	0.078509	0.046016	0.033985	0.046640
11	0.058690	0.040347	0.040233	0.106264	0.555922	0.077927	0.044016	0.031448	0.045153
12	0.056672	0.037747	0.037525	0.108596	0.567405	0.077230	0.042106	0.028726	0.043993
13	0.055404	0.034959	0.035260	0.111035	0.578168	0.076463	0.040230	0.025972	0.042509
14	0.053981	0.032474	0.032873	0.113546	0.587594	0.075735	0.038601	0.023767	0.041429
15	0.052444	0.030162	0.030793	0.115899	0.597107	0.074685	0.036810	0.021803	0.040297
16	0.050902	0.028057	0.028648	0.118049	0.606514	0.073864	0.035164	0.019838	0.038964
17	0.049383	0.025791	0.026892	0.120151	0.615200	0.073029	0.033434	0.018240	0.037880
18	0.047935	0.023827	0.025318	0.122263	0.623455	0.072037	0.031699	0.016619	0.036847
19	0.046593	0.022232	0.023642	0.124191	0.631117	0.071032	0.030330	0.015039	0.035824
20	0.045423	0.020469	0.022092	0.126160	0.638351	0.070097	0.028852	0.013726	0.034830
21	0.044367	0.018642	0.020608	0.128315	0.645064	0.069356	0.027375	0.012411	0.033862
22	0.042947	0.017234	0.019352	0.130570	0.651275	0.068399	0.026046	0.011256	0.032921
23	0.041581	0.015836	0.018116	0.132952	0.656879	0.067570	0.024673	0.010336	0.032057
24	0.040330	0.014638	0.016954	0.134919	0.662669	0.066496	0.023285	0.009373	0.031336
25	0.038911	0.013465	0.015983	0.136948	0.668029	0.065602	0.021964	0.008556	0.030542
26	0.037813	0.012418	0.014943	0.138897	0.672780	0.064534	0.021121	0.007787	0.029707
27	0.036598	0.011399	0.014002	0.140689	0.677682	0.063718	0.020109	0.006999	0.028804
28	0.035630	0.010555	0.013056	0.143139	0.681219	0.062994	0.019039	0.006318	0.028050
29	0.034734	0.009667	0.012301	0.144886	0.685195	0.061827	0.018110	0.005778	0.027502
30	0.033547	0.008833	0.011640	0.147034	0.688411	0.061176	0.017347	0.005285	0.026727
31	0.032567	0.008161	0.010720	0.148497	0.692493	0.060152	0.016462	0.004812	0.026136
32	0.031556	0.007480	0.010103	0.150124	0.696017	0.059321	0.015684	0.004374	0.025341
33	0.030431	0.007002	0.009391	0.152166	0.698846	0.058625	0.014819	0.003988	0.024732
34	0.029422	0.006337	0.008829	0.154133	0.701682	0.057657	0.014070	0.003675	0.024195
35	0.028448	0.005847	0.008224	0.155841	0.704711	0.057012	0.013230	0.003239	0.023448
36	0.027711	0.005449	0.007746	0.157541	0.706889	0.056290	0.012452	0.003021	0.022901
37	0.027099	0.005013	0.007269	0.159785	0.708880	0.055260	0.011720	0.002726	0.022248
38	0.026365	0.004572	0.006826	0.161217	0.711159	0.054446	0.011154	0.002547	0.021714
39	0.025572	0.004295	0.006369	0.163255	0.712749	0.053605	0.010685	0.002280	0.021190
40	0.024667	0.003857	0.005986	0.165299	0.714546	0.052700	0.010162	0.002065	0.020718
41	0.024073	0.003510	0.005575	0.166636	0.716509	0.051947	0.009620	0.001893	0.020237
42	0.023462	0.003251	0.005189	0.167800	0.718673	0.051199	0.009096	0.001718	0.019612
43	0.022661	0.002970	0.004880	0.169649	0.720287	0.050374	0.008612	0.001538	0.019029
44	0.021964	0.002771	0.004557	0.171426	0.721613	0.049468	0.008159	0.001419	0.018623
45	0.021228	0.002487	0.004232	0.173098	0.722917	0.048775	0.007792	0.001287	0.018184
46	0.020598	0.002344	0.003994	0.174902	0.724082	0.047886	0.007319	0.001195	0.017680
47	0.020004	0.002126	0.003776	0.176411	0.725267	0.046988	0.007067	0.001099	0.017262
48	0.019415	0.001994	0.003535	0.178484	0.725622	0.046497	0.006626	0.000990	0.016837
49	0.018933	0.001827	0.003272	0.179877	0.726845	0.045738	0.006243	0.000913	0.016352
50	0.018495	0.001678	0.003100	0.181727	0.727266	0.044991	0.006006	0.000800	0.015937
51	0.017947	0.001540	0.002977	0.183057	0.728276	0.044277	0.005659	0.000716	0.015551
52	0.017290	0.001393	0.002811	0.184827	0.729016	0.043443	0.005401	0.000644	0.015175
53	0.016741	0.001322	0.002578	0.186688	0.729212	0.042908	0.005102	0.000584	0.014865
54	0.016279	0.001188	0.002415	0.188586	0.729342	0.042258	0.004887	0.000522	0.014523
55	0.015785	0.001089	0.002247	0.190638	0.729410	0.041627	0.004624	0.000496	0.014084
56	0.015377	0.001024	0.002090	0.192407	0.729736	0.040810	0.004368	0.000445	0.013743
57	0.015099	0.000946	0.001995	0.194278	0.729517	0.040275	0.004089	0.000415	0.013386
58	0.014665	0.000885	0.001925	0.196009	0.729829	0.039424	0.003897	0.000399	0.012967
59	0.014274	0.000842	0.001807	0.197970	0.729325	0.039083	0.003715	0.000359	0.012625
60	0.013904	0.000782	0.001700	0.199554	0.729158	0.038534	0.003570	0.000349	0.012449
61	0.013534	0.000726	0.001651	0.201397	0.729006	0.037905	0.003366	0.000301	0.012114
62	0.013125	0.000664	0.001581	0.203342	0.728674	0.037319	0.003178	0.000252	0.011865
63	0.012721	0.000613	0.001458	0.205140	0.728320	0.036850	0.003017	0.000217	0.011664
64	0.012421	0.000576	0.001419	0.206799	0.728118	0.036252	0.002829	0.000204	0.011382
65	0.012075	0.000509	0.001346	0.208455	0.727954	0.035678	0.002713	0.000185	0.011085
66	0.011704	0.000468	0.001262	0.210045	0.727570	0.035306	0.002615	0.000179	0.010851
67	0.011437	0.000440	0.001176	0.211562	0.727417	0.034643	0.002433	0.000183	0.010709
68	0.011203	0.000394	0.001087	0.213321	0.727028	0.033998	0.002351	0.000157	0.010461
69	0.010938	0.000393	0.001041	0.215153	0.726303	0.033507	0.002232	0.000141	0.010292
70	0.010773	0.000369	0.000965	0.216482	0.726076	0.033048	0.002128	0.000136	0.010023
71	0.010351	0.000342	0.000875	0.218725	0.725291	0.032652	0.001976	0.000132	0.009656
72	0.010097	0.000313	0.000824	0.220343	0.725205	0.031835	0.001916	0.000129	0.009338
73	0.009934	0.000285	0.000797	0.221991	0.724660	0.031167	0.001859	0.000124	0.009183
74	0.009657	0.000268	0.000768	0.223776	0.723889	0.030780	0.001762	0.000123	0.008977
75	0.009478	0.000254	0.000768	0.225481	0.723154	0.030318	0.001674	0.000112	0.008761
76	0.009249	0.000240	0.000711	0.227713	0.722023	0.029807	0.001575	0.000093	0.008589
77	0.009139	0.000213	0.000649	0.229314	0.721377	0.029338	0.001489	0.000093	0.008388
78	0.008908	0.000202	0.000630	0.231415	0.720357	0.028770	0.001431	0.000087	0.008200
79	0.008733	0.000175	0.000623	0.232840	0.719826	0.028353	0.001370	0.000075	0.008005
80	0.008548	0.000177	0.000590	0.234796	0.718582	0.028091	0.001350	0.000072	0.007794
81	0.008409	0.000156	0.000563	0.236695	0.717679	0.027637	0.001239	0.000064	0.007558
82	0.008230	0.000143	0.000553	0.238971	0.716259	0.027202	0.001180	0.000056	0.007406
83	0.008082	0.000131	0.000515	0.240970	0.715068	0.026679	0.001172	0.000054	0.007329
84	0.007804	0.000121	0.000472	0.242980	0.713869	0.026404	0.001109	0.000041	0.007200
85	0.007610	0.000120	0.000446	0.244742	0.713045	0.025956	0.001027	0.000035	0.007019
86	0.007396	0.000117	0.000418	0.246917	0.711661	0.025556	0.001009	0.000032	0.006894
87	0.007308	0.000101	0.000405	0.248551	0.710625	0.025296	0.000954	0.000031	0.006729
88	0.007224	0.000099	0.000388	0.250390	0.709512	0.024842	0.000932	0.000032	0.006581
89	0.006986	0.000082	0.000362	0.252275	0.708485	0.024445	0.000913	0.000026	0.006426
90	0.006912	0.000073	0.000334	0.253932	0.707469	0.024089	0.000860	0.000019	0.006312
91	0.006709	0.000066	0.000288	0.255685	0.706482	0.023749	0.000794	0.000020	0.006207
92	0.006549	0.000066	0.000287	0.257532	0.705296	0.023394	0.000799	0.000018	0.006059
93	0.006505	0.000069	0.000269	0.259678	0.703683	0.023060	0.000768	0.000014	0.005954
94	0.006426	0.000072	0.000247	0.261583	0.702380	0.022708	0.000711	0.000020	0.005853
95	0.006308	0.000068	0.000232	0.263610	0.700749	0.022566	0.000688	0.000016	0.005763
96	0.006156	0.000059	0.000218	0.265224	0.699785	0.022148	0.000642	0.000014	0.005754
97	0.006034	0.000065	0.000218	0.267443	0.698286	0.021670	0.000630	0.000015	0.005639
98	0.005947	0.000062	0.000204	0.269525	0.696707	0.021449	0.000584	0.000017	0.005505
99	0.005861	0.000057	0.000192	0.270872	0.695866	0.021208	0.000532	0.000008	0.005404
0	0.062888	0.062292	0.062548	0.062336	0.499796	0.062435	0.062669	0.062604	0.062432
0	0.062888	0.062292	0.062548	0.062336	0.499796	0.062435	0.062669	0.062604	0.062432
1	0.061208	0.060978	0.061384	0.064903	0.518699	0.064754	0.055987	0.056087	0.056000
2	0.059443	0.058306	0.057849	0.067576	0.536793	0.065778	0.051778	0.050828	0.051649
3	0.057545	0.055015	0.054330	0.069909	0.554193	0.066336	0.048385	0.046057	0.048230
4	0.055346	0.051410	0.050754	0.072379	0.570537	0.066678	0.045647	0.041829	0.045420
5	0.053506	0.047763	0.047132	0.074569	0.586205	0.066657	0.043155	0.038253	0.042760
6	0.051728	0.044441	0.043981	0.076908	0.600218	0.066724	0.040710	0.034651	0.040639
7	0.049726	0.041211	0.040516	0.079127	0.614209	0.066569	0.038408	0.031582	0.038652
8	0.047863	0.037923	0.037618	0.081230	0.627374	0.066187	0.036286	0.028555	0.036964
9	0.046141	0.035011	0.034677	0.083496	0.639276	0.066286	0.034204	0.025753	0.035156
10	0.044323	0.032189	0.032316	0.085406	0.651181	0.065429	0.032291	0.023240	0.033625
11	0.042743	0.029465	0.029787	0.087161	0.661862	0.065053	0.030487	0.021145	0.032297
12	0.041319	0.026983	0.027583	0.089255	0.671767	0.064385	0.028823	0.018996	0.030889
13	0.039891	0.024628	0.025365	0.091099	0.681204	0.063782	0.027115	0.017156	0.029760
14	0.038202	0.022541	0.023611	0.093131	0.689500	0.063114	0.025653	0.015524	0.028724
15	0.036579	0.020751	0.021965	0.094785	0.698103	0.062403	0.024064	0.013755	0.027595
16	0.035289	0.018931	0.020376	0.096598	0.705926	0.061665	0.022464	0.012400	0.026351
17	0.033979	0.017406	0.018801	0.098387	0.712788	0.061207	0.021168	0.011079	0.025185
18	0.032632	0.015908	0.017234	0.099959	0.719875	0.060496	0.019711	0.009950	0.024235
19	0.031420	0.014498	0.016037	0.101411	0.726173	0.059685	0.018528	0.008871	0.023377
20	0.030102	0.013305	0.014902	0.103027	0.731929	0.058787	0.017627	0.007925	0.022396
21	0.028984	0.012021	0.013948	0.104588	0.737606	0.057671	0.016628	0.007144	0.021410
22	0.027616	0.010998	0.012928	0.106143	0.742675	0.056961	0.015529	0.006410	0.020740
23	0.026360	0.009965	0.012007	0.107890	0.747129	0.056356	0.014499	0.005810	0.019984
24	0.025538	0.009115	0.011130	0.109262	0.751336	0.055725	0.013595	0.005171	0.019128
25	0.024477	0.008327	0.010275	0.110950	0.754955	0.055160	0.012751	0.004588	0.018517
26	0.023400	0.007588	0.009526	0.112218	0.758921	0.054316	0.011978	0.004142	0.017911
27	0.022425	0.006909	0.008760	0.113762	0.762292	0.053637	0.011255	0.003710	0.017250
28	0.021542	0.006308	0.008156	0.115472	0.765468	0.052731	0.010451	0.003335	0.016537
29	0.020783	0.005764	0.007575	0.116609	0.768215	0.052133	0.009856	0.002963	0.016102
30	0.019960	0.005237	0.006965	0.118156	0.770823	0.051384	0.009257	0.002677	0.015541
31	0.019212	0.004753	0.006443	0.119596	0.772999	0.050773	0.008736	0.002423	0.015065
32	0.018423	0.004321	0.005979	0.121137	0.774911	0.050166	0.008314	0.002214	0.014535
33	0.017780	0.003889	0.005549	0.122113	0.777464	0.049308	0.007768	0.001999	0.014130
34	0.017096	0.003631	0.005136	0.123481	0.779341	0.048665	0.007201	0.001777	0.013672
35	0.016496	0.003247	0.004848	0.125235	0.780460	0.048052	0.006786	0.001643	0.013233
36	0.015732	0.002994	0.004507	0.126234	0.782212	0.047445	0.006453	0.001511	0.012912
37	0.015178	0.002745	0.004135	0.127912	0.783346	0.046854	0.006106	0.001342	0.012382
38	0.014532	0.002540	0.003901	0.129530	0.784209	0.046309	0.005699	0.001211	0.012069
39	0.013958	0.002282	0.003585	0.130599	0.786035	0.045429	0.005377	0.001098	0.011637
40	0.013417	0.002044	0.003388	0.132253	0.786827	0.044947	0.005059	0.001004	0.011061
41	0.012989	0.001827	0.003118	0.133775	0.787646	0.044263	0.004710	0.000902	0.010770
42	0.012411	0.001693	0.002867	0.135103	0.788492	0.043727	0.004403	0.000841	0.010463
43	0.012060	0.001499	0.002699	0.136373	0.789203	0.043103	0.004210	0.000773	0.010080
44	0.011622	0.001350	0.002464	0.137700	0.789706	0.042660	0.003923	0.000721	0.009854
45	0.011141	0.001256	0.002293	0.139040	0.790127	0.042203	0.003770	0.000648	0.009522
46	0.010741	0.001159	0.002163	0.140357	0.790859	0.041421	0.003496	0.000570	0.009234
47	0.010420	0.001105	0.002012	0.141868	0.791056	0.040738	0.003273	0.000512	0.009016
48	0.010104	0.001026	0.001862	0.143370	0.791136	0.040122	0.003160	0.000457	0.008763
49	0.009651	0.000933	0.001789	0.144767	0.791213	0.039693	0.002971	0.000424	0.008559
50	0.009308	0.000853	0.001657	0.146271	0.791296	0.039126	0.002785	0.000385	0.008319
51	0.009004	0.000781	0.001567	0.147909	0.791085	0.038632	0.002622	0.000358	0.008042
52	0.008638	0.000704	0.001457	0.149521	0.790817	0.038214	0.002438	0.000314	0.007897
53	0.008349	0.000634	0.001377	0.150560	0.791229	0.037538	0.002289	0.000302	0.007722
54	0.008068	0.000573	0.001259	0.151817	0.791408	0.036980	0.002186	0.000271	0.007438
55	0.007745	0.000513	0.001183	0.153409	0.791188	0.036413	0.002053	0.000224	0.007272
56	0.007515	0.000480	0.001126	0.154943	0.790504	0.036155	0.001930	0.000213	0.007134
57	0.007311	0.000428	0.001050	0.156388	0.790216	0.035647	0.001825	0.000214	0.006921
58	0.007098	0.000387	0.001002	0.157994	0.789706	0.035187	0.001725	0.000183	0.006718
59	0.006765	0.000365	0.000955	0.159519	0.789226	0.034897	0.001623	0.000172	0.006478
60	0.006562	0.000333	0.000902	0.161593	0.788378	0.034212	0.001460	0.000163	0.006397
61	0.006340	0.000280	0.000826	0.163021	0.788193	0.033565	0.001390	0.000141	0.006244
62	0.006222	0.000262	0.000775	0.164115	0.788057	0.033036	0.001348	0.000121	0.006064
63	0.006020	0.000243	0.000718	0.165419	0.787669	0.032665	0.001246	0.000107	0.005913
64	0.005788	0.000226	0.000670	0.166374	0.787693	0.032154	0.001218	0.000090	0.005787
65	0.005611	0.000224	0.000626	0.168093	0.786799	0.031770	0.001146	0.000080	0.005651
66	0.005477	0.000207	0.000592	0.169602	0.786332	0.031185	0.001041	0.000078	0.005486
67	0.005253	0.000176	0.000576	0.170871	0.785826	0.030818	0.001020	0.000082	0.005378
68	0.005061	0.000158	0.000515	0.172456	0.785338	0.030220	0.000981	0.000061	0.005210
69	0.004865	0.000146	0.000464	0.174027	0.784558	0.029912	0.000916	0.000060	0.005052
70	0.004764	0.000125	0.000458	0.175785	0.783478	0.029576	0.000834	0.000045	0.004935
