0	0.290663	0.057897	0.229473	0.157588	0.029913	0.111872	0.085455	0.012259	0.024880
1	0.230294	0.047372	0.199144	0.131668	0.027502	0.115743	0.127011	0.024690	0.096576
2	0.229528	0.046755	0.196336	0.119943	0.026238	0.105823	0.135230	0.026293	0.113854
3	0.235028	0.046787	0.195679	0.109975	0.025393	0.095555	0.138848	0.026785	0.125950
4	0.241790	0.047039	0.192842	0.101212	0.024731	0.085767	0.141603	0.027093	0.137923
5	0.249748	0.047215	0.190025	0.092928	0.024601	0.076874	0.142957	0.027045	0.148607
6	0.257295	0.047414	0.186965	0.085728	0.024523	0.069285	0.143629	0.026517	0.158644
7	0.264240	0.047638	0.183818	0.079310	0.024798	0.061975	0.143805	0.026215	0.168201
8	0.271776	0.048054	0.180142	0.073222	0.024763	0.055140	0.142806	0.025817	0.178280
9	0.279601	0.048297	0.175528	0.067796	0.025121	0.048889	0.142107	0.025218	0.187443
10	0.287723	0.049032	0.171101	0.062611	0.025357	0.043734	0.139632	0.024582	0.196228
11	0.294746	0.049545	0.166282	0.058013	0.025828	0.038882	0.137231	0.024248	0.205225
12	0.302634	0.049977	0.161199	0.053651	0.025902	0.034529	0.134663	0.023648	0.213797
13	0.309829	0.050030	0.155983	0.049787	0.026536	0.030602	0.132126	0.023156	0.221951
14	0.317557	0.050050	0.151143	0.046048	0.026964	0.027029	0.129154	0.022438	0.229617
15	0.324042	0.050454	0.145777	0.042876	0.027697	0.024177	0.126238	0.021898	0.236841
16	0.331228	0.050919	0.140944	0.040074	0.027864	0.021616	0.123010	0.021061	0.243284
17	0.337971	0.051116	0.136443	0.036873	0.028519	0.019005	0.119466	0.020438	0.250169
18	0.344498	0.051368	0.131992	0.034078	0.028882	0.017004	0.115845	0.019872	0.256461
19	0.350113	0.051819	0.126956	0.031837	0.029388	0.015160	0.112662	0.019279	0.262786
20	0.356250	0.052041	0.122208	0.029671	0.029685	0.013694	0.108994	0.018639	0.268818
21	0.362597	0.051792	0.118080	0.027332	0.030126	0.012099	0.105280	0.017972	0.274722
22	0.368517	0.051851	0.113652	0.025458	0.030928	0.010623	0.101544	0.017099	0.280328
23	0.373230	0.051965	0.109529	0.023605	0.031535	0.009630	0.098451	0.016681	0.285374
24	0.378480	0.052279	0.105056	0.021902	0.031992	0.008494	0.095757	0.016068	0.289972
25	0.382829	0.052216	0.101362	0.020467	0.032472	0.007568	0.092494	0.015522	0.295070
26	0.387667	0.052222	0.097037	0.019133	0.033277	0.006791	0.089742	0.014896	0.299235
27	0.393031	0.052208	0.092936	0.017752	0.033872	0.006067	0.086412	0.014444	0.303278
28	0.397103	0.052165	0.088886	0.016454	0.034589	0.005440	0.083728	0.013959	0.307676
29	0.401786	0.052231	0.084810	0.015291	0.035383	0.004867	0.080538	0.013412	0.311682
30	0.406190	0.051964	0.081616	0.014044	0.036096	0.004282	0.077552	0.012922	0.315334
31	0.409716	0.051900	0.077901	0.013075	0.036793	0.003722	0.074689	0.012404	0.319800
32	0.413621	0.052054	0.074323	0.012344	0.037547	0.003431	0.071953	0.012058	0.322669
33	0.417420	0.051931	0.071404	0.011575	0.038111	0.002998	0.069318	0.011467	0.325776
34	0.420412	0.051888	0.068255	0.010748	0.038739	0.002713	0.066832	0.011121	0.329292
35	0.423938	0.051896	0.065085	0.010049	0.039584	0.002457	0.064281	0.010775	0.331935
36	0.427170	0.051737	0.062442	0.009426	0.040361	0.002191	0.061714	0.010254	0.334705
37	0.430323	0.051502	0.059653	0.008799	0.041209	0.001969	0.059005	0.009944	0.337596
38	0.433180	0.051247	0.056926	0.008377	0.041877	0.001734	0.056656	0.009422	0.340581
39	0.435801	0.051037	0.054295	0.007903	0.042602	0.001595	0.054270	0.009034	0.343463
40	0.437733	0.051201	0.051853	0.007331	0.043434	0.001441	0.052144	0.008653	0.346210
41	0.440696	0.050812	0.049671	0.007032	0.044144	0.001317	0.049890	0.008351	0.348087
42	0.442547	0.050523	0.047253	0.006680	0.044942	0.001203	0.047898	0.007979	0.350975
43	0.444611	0.050555	0.044956	0.006260	0.045804	0.001131	0.046306	0.007577	0.352800
44	0.446826	0.050545	0.042777	0.005862	0.046448	0.000971	0.044809	0.007361	0.354401
45	0.449011	0.050247	0.040822	0.005491	0.047481	0.000880	0.042896	0.007132	0.356040
46	0.450484	0.050173	0.038717	0.005204	0.048273	0.000844	0.040916	0.006742	0.358647
47	0.452360	0.050182	0.036941	0.004917	0.049127	0.000735	0.039494	0.006417	0.359827
48	0.454347	0.049700	0.035226	0.004789	0.050418	0.000708	0.037979	0.006074	0.360759
49	0.455640	0.049478	0.033311	0.004456	0.051239	0.000626	0.036263	0.005859	0.363128
50	0.457519	0.049395	0.032066	0.004198	0.052125	0.000599	0.035022	0.005598	0.363478
51	0.459050	0.049216	0.030226	0.003966	0.052757	0.000537	0.033819	0.005283	0.365146
52	0.460973	0.048910	0.028861	0.003825	0.053529	0.000486	0.032252	0.005094	0.366070
53	0.462499	0.048566	0.027534	0.003694	0.054399	0.000499	0.030900	0.004868	0.367041
54	0.463829	0.048548	0.026280	0.003605	0.055202	0.000451	0.029567	0.004712	0.367806
55	0.465686	0.048285	0.024949	0.003456	0.056056	0.000399	0.028401	0.004487	0.368281
56	0.466828	0.047908	0.023965	0.003352	0.056976	0.000369	0.027294	0.004246	0.369062
57	0.468008	0.047801	0.022822	0.003191	0.057934	0.000335	0.026270	0.003968	0.369671
58	0.469391	0.047699	0.021588	0.003112	0.058627	0.000329	0.024996	0.003767	0.370491
59	0.470377	0.047419	0.020589	0.002884	0.059749	0.000303	0.023985	0.003505	0.371189
60	0.471186	0.047296	0.019537	0.002863	0.060695	0.000287	0.022795	0.003285	0.372056
61	0.472453	0.046757	0.018627	0.002723	0.061759	0.000256	0.021813	0.003152	0.372460
62	0.473164	0.046713	0.017726	0.002584	0.062778	0.000230	0.020943	0.002965	0.372897
63	0.474110	0.046306	0.017045	0.002488	0.063675	0.000224	0.020004	0.002818	0.373330
64	0.474541	0.046254	0.016277	0.002358	0.064765	0.000206	0.019215	0.002686	0.373698
65	0.475298	0.045996	0.015484	0.002194	0.065718	0.000215	0.018359	0.002672	0.374064
66	0.476841	0.045651	0.014799	0.002106	0.066569	0.000191	0.017342	0.002545	0.373956
67	0.477383	0.045501	0.013939	0.001937	0.067597	0.000183	0.016662	0.002356	0.374442
68	0.477958	0.045479	0.013296	0.001837	0.068531	0.000152	0.015895	0.002245	0.374607
69	0.478393	0.045008	0.012560	0.001790	0.069525	0.000143	0.015351	0.002187	0.375043
70	0.478566	0.044737	0.012110	0.001654	0.070518	0.000135	0.014714	0.002110	0.375456
71	0.479358	0.044600	0.011453	0.001601	0.071163	0.000129	0.014045	0.002019	0.375632
72	0.479740	0.044342	0.010936	0.001548	0.071869	0.000114	0.013542	0.001956	0.375953
73	0.480238	0.044231	0.010389	0.001568	0.072872	0.000106	0.012996	0.001875	0.375725
74	0.480239	0.044120	0.009839	0.001469	0.073950	0.000112	0.012460	0.001790	0.376021
75	0.480538	0.043649	0.009397	0.001400	0.075050	0.000108	0.011921	0.001725	0.376212
76	0.480939	0.043461	0.009041	0.001362	0.075987	0.000098	0.011351	0.001604	0.376157
77	0.481202	0.043121	0.008703	0.001330	0.077106	0.000096	0.010859	0.001516	0.376067
78	0.481404	0.042909	0.008391	0.001232	0.078147	0.000088	0.010378	0.001409	0.376042
79	0.481315	0.042290	0.008071	0.001254	0.079097	0.000057	0.010083	0.001369	0.376464
80	0.481789	0.042121	0.007759	0.001228	0.080102	0.000059	0.009718	0.001284	0.375940
81	0.482437	0.041661	0.007385	0.001201	0.081161	0.000057	0.009333	0.001219	0.375546
82	0.482998	0.041306	0.007001	0.001142	0.081830	0.000052	0.008962	0.001196	0.375513
83	0.483433	0.041126	0.006804	0.001129	0.082733	0.000060	0.008626	0.001148	0.374941
84	0.484338	0.040570	0.006504	0.001100	0.083395	0.000059	0.008264	0.001133	0.374637
85	0.484300	0.040367	0.006236	0.001087	0.084255	0.000051	0.007871	0.001075	0.374758
86	0.484200	0.040045	0.006019	0.001049	0.085283	0.000050	0.007518	0.001009	0.374827
87	0.484427	0.039596	0.005773	0.000994	0.086328	0.000038	0.007224	0.000985	0.374635
88	0.484749	0.039522	0.005527	0.000954	0.087479	0.000032	0.006885	0.000992	0.373860
89	0.485737	0.039283	0.005245	0.000936	0.088396	0.000032	0.006587	0.000948	0.372836
90	0.486207	0.038929	0.005038	0.000970	0.089524	0.000028	0.006359	0.000951	0.371994
91	0.486325	0.038542	0.004814	0.000935	0.090423	0.000028	0.006101	0.000895	0.371937
92	0.486966	0.038127	0.004631	0.000913	0.091563	0.000029	0.005884	0.000860	0.371027
93	0.486877	0.037828	0.004475	0.000911	0.092480	0.000025	0.005610	0.000806	0.370988
94	0.487266	0.037276	0.004386	0.000863	0.093655	0.000018	0.005384	0.000749	0.370403
95	0.486835	0.037058	0.004253	0.000808	0.094758	0.000023	0.005257	0.000706	0.370302
96	0.486532	0.036886	0.004052	0.000778	0.095820	0.000025	0.005022	0.000663	0.370222
97	0.486718	0.036242	0.003880	0.000725	0.096910	0.000020	0.004823	0.000614	0.370068
98	0.486375	0.036082	0.003809	0.000725	0.098217	0.000017	0.004748	0.000562	0.369465
99	0.485886	0.036141	0.003583	0.000690	0.099310	0.000018	0.004626	0.000536	0.369210
100	0.485630	0.035910	0.003465	0.000646	0.100461	0.000016	0.004428	0.000481	0.368963
101	0.485495	0.035564	0.003332	0.000634	0.101543	0.000018	0.004193	0.000446	0.368775
102	0.485844	0.035242	0.003152	0.000607	0.102563	0.000016	0.004103	0.000428	0.368045
103	0.485735	0.034922	0.003017	0.000572	0.103566	0.000018	0.004002	0.000405	0.367763
104	0.486101	0.034610	0.002941	0.000535	0.104551	0.000016	0.003918	0.000373	0.366955
105	0.486062	0.034203	0.002817	0.000520	0.105599	0.000018	0.003777	0.000358	0.366646
106	0.485709	0.033937	0.002751	0.000528	0.106592	0.000020	0.003641	0.000364	0.366458
107	0.484892	0.033755	0.002661	0.000507	0.107830	0.000012	0.003528	0.000346	0.366469
108	0.484238	0.033640	0.002610	0.000510	0.109216	0.000013	0.003353	0.000314	0.366106
109	0.483950	0.033463	0.002505	0.000525	0.110331	0.000010	0.003279	0.000303	0.365634
110	0.484067	0.033282	0.002430	0.000514	0.111490	0.000013	0.003160	0.000278	0.364766
111	0.484264	0.032965	0.002350	0.000496	0.112486	0.000012	0.003000	0.000279	0.364148
112	0.483938	0.032991	0.002342	0.000476	0.113682	0.000016	0.002875	0.000255	0.363425
113	0.483325	0.033095	0.002234	0.000457	0.114506	0.000009	0.002736	0.000249	0.363389
114	0.483144	0.032742	0.002108	0.000422	0.115692	0.000010	0.002737	0.000226	0.362919
115	0.482893	0.032498	0.002074	0.000420	0.117002	0.000010	0.002649	0.000228	0.362226
116	0.482883	0.032374	0.002037	0.000361	0.117885	0.000008	0.002567	0.000214	0.361671
117	0.482424	0.032351	0.001931	0.000359	0.119178	0.000011	0.002550	0.000198	0.360998
118	0.482385	0.032051	0.001886	0.000375	0.120321	0.000009	0.002583	0.000194	0.360196
119	0.482265	0.031782	0.001820	0.000378	0.121227	0.000010	0.002471	0.000173	0.359874
120	0.482361	0.031550	0.001746	0.000377	0.122171	0.000011	0.002366	0.000169	0.359249
121	0.482331	0.031300	0.001712	0.000391	0.122933	0.000008	0.002273	0.000164	0.358888
122	0.482066	0.031050	0.001639	0.000404	0.124069	0.000007	0.002168	0.000154	0.358443
123	0.482084	0.031140	0.001573	0.000388	0.125171	0.000003	0.002145	0.000158	0.357338
124	0.482005	0.031006	0.001531	0.000371	0.126559	0.000009	0.002101	0.000162	0.356256
125	0.481702	0.030713	0.001484	0.000365	0.127789	0.000010	0.002029	0.000145	0.355763
126	0.481251	0.030406	0.001464	0.000350	0.129345	0.000007	0.002013	0.000129	0.355035
127	0.480848	0.030419	0.001454	0.000366	0.130387	0.000006	0.001901	0.000119	0.354500
128	0.480547	0.030157	0.001392	0.000335	0.131318	0.000004	0.001869	0.000120	0.354258
129	0.480559	0.029931	0.001346	0.000321	0.132550	0.000012	0.001854	0.000107	0.353320
130	0.480385	0.029778	0.001294	0.000293	0.133959	0.000011	0.001791	0.000088	0.352401
131	0.480551	0.029602	0.001270	0.000306	0.134786	0.000014	0.001767	0.000087	0.351617
132	0.480207	0.029453	0.001228	0.000305	0.135961	0.000010	0.001704	0.000079	0.351053
133	0.479997	0.029277	0.001196	0.000274	0.137397	0.000013	0.001656	0.000075	0.350115
134	0.479864	0.029245	0.001194	0.000282	0.138692	0.000007	0.001612	0.000075	0.349029
135	0.479837	0.029055	0.001145	0.000258	0.139750	0.000007	0.001546	0.000073	0.348329
136	0.479871	0.028747	0.001137	0.000261	0.141073	0.000004	0.001503	0.000066	0.347338
137	0.480258	0.028430	0.001119	0.000269	0.142234	0.000004	0.001489	0.000065	0.346132
138	0.479595	0.028300	0.001121	0.000288	0.143648	0.000009	0.001409	0.000067	0.345563
139	0.479514	0.028116	0.001082	0.000301	0.144722	0.000005	0.001399	0.000073	0.344788
140	0.478898	0.028041	0.001107	0.000316	0.145803	0.000003	0.001355	0.000085	0.344392
141	0.478833	0.027715	0.001043	0.000311	0.146700	0.000005	0.001282	0.000087	0.344024
142	0.477717	0.027533	0.001046	0.000305	0.148153	0.000007	0.001236	0.000082	0.343921
143	0.477802	0.027391	0.001004	0.000304	0.149328	0.000006	0.001236	0.000077	0.342852
144	0.477393	0.027023	0.000963	0.000309	0.150679	0.000010	0.001223	0.000070	0.342330
145	0.477012	0.026668	0.000952	0.000313	0.152004	0.000007	0.001239	0.000065	0.341740
146	0.476708	0.026420	0.000923	0.000298	0.153080	0.000010	0.001232	0.000062	0.341267
147	0.476228	0.026381	0.000856	0.000299	0.154637	0.000014	0.001248	0.000057	0.340280
148	0.475624	0.026147	0.000872	0.000294	0.155803	0.000014	0.001246	0.000063	0.339937
149	0.475626	0.025986	0.000875	0.000287	0.156949	0.000009	0.001182	0.000063	0.339023
150	0.475292	0.025580	0.000850	0.000281	0.158518	0.000012	0.001161	0.000050	0.338256
151	0.474746	0.025454	0.000797	0.000286	0.160125	0.000009	0.001086	0.000043	0.337454
152	0.474166	0.025425	0.000800	0.000286	0.161382	0.000013	0.001106	0.000045	0.336777
153	0.474078	0.025180	0.000791	0.000303	0.162330	0.000010	0.001058	0.000043	0.336207
154	0.473327	0.025116	0.000782	0.000307	0.163760	0.000011	0.001058	0.000045	0.335594
155	0.472792	0.025114	0.000758	0.000315	0.165112	0.000011	0.001023	0.000042	0.334833
156	0.473069	0.024799	0.000705	0.000306	0.166229	0.000011	0.000972	0.000035	0.333874
157	0.472560	0.024607	0.000703	0.000298	0.167406	0.000012	0.000898	0.000039	0.333477
158	0.472188	0.024291	0.000695	0.000309	0.168904	0.000012	0.000839	0.000035	0.332727
159	0.471580	0.024035	0.000700	0.000300	0.170279	0.000008	0.000838	0.000047	0.332213
160	0.471077	0.023944	0.000676	0.000287	0.171552	0.000009	0.000870	0.000039	0.331546
161	0.470533	0.023814	0.000625	0.000279	0.172863	0.000010	0.000819	0.000038	0.331019
162	0.470531	0.023761	0.000615	0.000281	0.174127	0.000011	0.000787	0.000049	0.329838
163	0.469897	0.023515	0.000566	0.000283	0.175517	0.000008	0.000745	0.000047	0.329422
164	0.469363	0.023274	0.000562	0.000286	0.176700	0.000012	0.000730	0.000045	0.329028
165	0.469234	0.023120	0.000519	0.000272	0.177843	0.000008	0.000708	0.000054	0.328242
166	0.469277	0.022899	0.000507	0.000271	0.178612	0.000012	0.000723	0.000046	0.327653
167	0.468957	0.022934	0.000500	0.000304	0.179668	0.000010	0.000692	0.000054	0.326881
168	0.468264	0.022819	0.000503	0.000295	0.181131	0.000014	0.000692	0.000053	0.326229
169	0.468087	0.022645	0.000484	0.000286	0.182219	0.000010	0.000677	0.000050	0.325542
170	0.467334	0.022263	0.000474	0.000278	0.183560	0.000009	0.000668	0.000039	0.325375
171	0.466575	0.022211	0.000439	0.000279	0.185001	0.000009	0.000684	0.000040	0.324762
172	0.466668	0.021927	0.000413	0.000285	0.185901	0.000011	0.000674	0.000043	0.324078
173	0.465979	0.021888	0.000390	0.000283	0.187552	0.000013	0.000642	0.000046	0.323207
174	0.465175	0.021710	0.000383	0.000283	0.188988	0.000011	0.000623	0.000052	0.322775
175	0.465527	0.021404	0.000367	0.000286	0.189905	0.000012	0.000633	0.000045	0.321821
176	0.464560	0.021455	0.000372	0.000277	0.191498	0.000016	0.000610	0.000041	0.321171
177	0.463899	0.021213	0.000345	0.000267	0.192909	0.000016	0.000587	0.000030	0.320734
178	0.463376	0.021100	0.000325	0.000282	0.194054	0.000014	0.000582	0.000021	0.320246
179	0.462930	0.020750	0.000320	0.000283	0.195652	0.000016	0.000536	0.000019	0.319494
180	0.462452	0.020672	0.000315	0.000271	0.196892	0.000014	0.000495	0.000019	0.318870
181	0.462280	0.020548	0.000298	0.000278	0.198179	0.000012	0.000491	0.000026	0.317888
182	0.461572	0.020297	0.000304	0.000276	0.199831	0.000016	0.000502	0.000027	0.317175
183	0.461052	0.020085	0.000294	0.000264	0.201122	0.000017	0.000502	0.000029	0.316635
184	0.461066	0.019697	0.000277	0.000252	0.202553	0.000016	0.000476	0.000028	0.315635
185	0.460175	0.019771	0.000272	0.000261	0.204118	0.000013	0.000456	0.000021	0.314913
186	0.459901	0.019450	0.000294	0.000237	0.205528	0.000014	0.000448	0.000020	0.314108
187	0.459251	0.019552	0.000296	0.000261	0.206734	0.000016	0.000425	0.000021	0.313444
188	0.458931	0.019292	0.000280	0.000223	0.208288	0.000012	0.000449	0.000019	0.312506
189	0.458611	0.019267	0.000283	0.000206	0.209514	0.000020	0.000451	0.000023	0.311625
190	0.458268	0.018944	0.000244	0.000204	0.210708	0.000023	0.000455	0.000017	0.311137
191	0.457908	0.018697	0.000262	0.000203	0.211999	0.000018	0.000437	0.000018	0.310458
192	0.457040	0.018660	0.000262	0.000192	0.213423	0.000024	0.000419	0.000021	0.309959
193	0.456602	0.018506	0.000251	0.000183	0.214642	0.000025	0.000411	0.000024	0.309356
194	0.456152	0.018416	0.000254	0.000171	0.215969	0.000025	0.000399	0.000025	0.308589
195	0.456017	0.018090	0.000251	0.000186	0.217510	0.000023	0.000409	0.000023	0.307491
196	0.455629	0.018078	0.000248	0.000185	0.218766	0.000030	0.000370	0.000018	0.306676
197	0.454740	0.017876	0.000256	0.000182	0.220457	0.000028	0.000370	0.000017	0.306074
198	0.454112	0.017800	0.000225	0.000201	0.221590	0.000032	0.000358	0.000016	0.305666
199	0.453759	0.017796	0.000234	0.000217	0.222553	0.000037	0.000358	0.000014	0.305032
200	0.453508	0.017687	0.000224	0.000175	0.224027	0.000049	0.000336	0.000014	0.303980
201	0.452562	0.017492	0.000233	0.000202	0.225551	0.000038	0.000358	0.000011	0.303553
202	0.452186	0.017202	0.000234	0.000189	0.227224	0.000038	0.000354	0.000006	0.302567
203	0.451939	0.017184	0.000231	0.000195	0.228480	0.000031	0.000351	0.000008	0.301581
204	0.451062	0.017253	0.000255	0.000181	0.230037	0.000024	0.000364	0.000011	0.300813
205	0.450494	0.017164	0.000244	0.000178	0.231673	0.000029	0.000340	0.000011	0.299867
206	0.450114	0.017105	0.000225	0.000175	0.232925	0.000032	0.000331	0.000018	0.299075
207	0.449701	0.016920	0.000219	0.000163	0.234531	0.000030	0.000325	0.000017	0.298094
208	0.449086	0.016765	0.000223	0.000159	0.235564	0.000036	0.000325	0.000019	0.297823
209	0.448775	0.016631	0.000224	0.000148	0.237111	0.000031	0.000325	0.000021	0.296734
210	0.448386	0.016517	0.000216	0.000155	0.238608	0.000023	0.000305	0.000019	0.295771
211	0.447897	0.016513	0.000199	0.000159	0.239842	0.000024	0.000322	0.000021	0.295023
212	0.447924	0.016364	0.000201	0.000167	0.241097	0.000025	0.000307	0.000020	0.293895
213	0.447046	0.016172	0.000214	0.000172	0.242282	0.000024	0.000279	0.000020	0.293791
214	0.446636	0.016014	0.000205	0.000165	0.243937	0.000020	0.000282	0.000017	0.292724
215	0.445925	0.015993	0.000192	0.000177	0.245427	0.000018	0.000289	0.000016	0.291963
216	0.445235	0.015749	0.000173	0.000157	0.247102	0.000013	0.000267	0.000017	0.291287
217	0.444341	0.015561	0.000179	0.000138	0.248426	0.000002	0.000259	0.000017	0.291077
218	0.443727	0.015477	0.000178	0.000153	0.249888	0.000006	0.000251	0.000021	0.290299
219	0.443100	0.015262	0.000169	0.000158	0.251362	0.000006	0.000225	0.000025	0.289693
220	0.442301	0.015119	0.000175	0.000174	0.252944	0.000006	0.000221	0.000021	0.289039
221	0.441526	0.014959	0.000171	0.000149	0.254748	0.000004	0.000229	0.000024	0.288190
222	0.440830	0.014737	0.000136	0.000150	0.256181	0.000003	0.000245	0.000023	0.287695
223	0.439906	0.014402	0.000133	0.000155	0.257866	0.000003	0.000243	0.000025	0.287267
224	0.439358	0.014319	0.000122	0.000146	0.259389	0.000002	0.000244	0.000025	0.286395
225	0.438804	0.014242	0.000119	0.000139	0.261015	0.000004	0.000239	0.000030	0.285408
226	0.437688	0.014107	0.000125	0.000138	0.262724	0.000003	0.000238	0.000031	0.284946
227	0.437182	0.013848	0.000127	0.000133	0.264293	0.000002	0.000226	0.000032	0.284157
228	0.436914	0.013666	0.000115	0.000145	0.265655	0.000003	0.000226	0.000029	0.283247
229	0.436134	0.013501	0.000117	0.000155	0.267222	0.000003	0.000233	0.000036	0.282599
230	0.435534	0.013418	0.000125	0.000130	0.268643	0.000004	0.000220	0.000033	0.281893
231	0.434926	0.013516	0.000130	0.000117	0.269911	0.000004	0.000206	0.000032	0.281158
232	0.434710	0.013249	0.000133	0.000133	0.271077	0.000006	0.000206	0.000038	0.280448
233	0.434436	0.013173	0.000132	0.000125	0.272327	0.000006	0.000208	0.000037	0.279556
234	0.433930	0.013118	0.000126	0.000124	0.273852	0.000003	0.000202	0.000030	0.278615
235	0.433179	0.013064	0.000115	0.000124	0.275396	0.000005	0.000181	0.000027	0.277909
236	0.432364	0.012861	0.000134	0.000113	0.277238	0.000007	0.000179	0.000037	0.277067
237	0.431302	0.012732	0.000136	0.000119	0.278732	0.000005	0.000180	0.000030	0.276764
238	0.431192	0.012454	0.000142	0.000116	0.280275	0.000006	0.000160	0.000033	0.275622
239	0.430489	0.012428	0.000132	0.000134	0.281870	0.000005	0.000161	0.000030	0.274751
240	0.429770	0.012067	0.000122	0.000129	0.283453	0.000001	0.000155	0.000027	0.274276
241	0.429215	0.011974	0.000120	0.000128	0.285028	0.000000	0.000152	0.000033	0.273350
242	0.428464	0.011824	0.000108	0.000141	0.286746	0.000000	0.000145	0.000024	0.272548
243	0.427247	0.011703	0.000114	0.000134	0.288541	0.000000	0.000134	0.000018	0.272109
244	0.426786	0.011589	0.000108	0.000134	0.290123	0.000000	0.000143	0.000026	0.271091
245	0.426105	0.011528	0.000106	0.000129	0.291778	0.000000	0.000142	0.000023	0.270189
246	0.425379	0.011473	0.000090	0.000144	0.293124	0.000000	0.000143	0.000021	0.269626
247	0.424953	0.011481	0.000084	0.000139	0.294172	0.000000	0.000133	0.000025	0.269013
248	0.423940	0.011351	0.000084	0.000138	0.295815	0.000000	0.000126	0.000029	0.268517
249	0.423313	0.011421	0.000082	0.000113	0.297542	0.000000	0.000131	0.000034	0.267364
250	0.422560	0.011199	0.000083	0.000123	0.299140	0.000000	0.000131	0.000029	0.266735
251	0.421801	0.011201	0.000070	0.000127	0.300600	0.000000	0.000123	0.000028	0.266050
252	0.421658	0.011014	0.000075	0.000126	0.301860	0.000000	0.000128	0.000030	0.265109
253	0.420963	0.010916	0.000084	0.000131	0.303519	0.000000	0.000111	0.000033	0.264243
254	0.420233	0.011050	0.000084	0.000120	0.304913	0.000000	0.000115	0.000039	0.263446
255	0.419348	0.011075	0.000088	0.000120	0.306349	0.000000	0.000102	0.000041	0.262877
256	0.418712	0.010854	0.000075	0.000135	0.307935	0.000000	0.000100	0.000037	0.262152
257	0.418152	0.010720	0.000087	0.000111	0.309698	0.000000	0.000097	0.000046	0.261089
258	0.417586	0.010562	0.000082	0.000113	0.311038	0.000000	0.000103	0.000047	0.260469
259	0.417419	0.010390	0.000079	0.000115	0.312247	0.000000	0.000109	0.000048	0.259593
260	0.416333	0.010373	0.000075	0.000108	0.313822	0.000000	0.000093	0.000043	0.259153
261	0.415823	0.010180	0.000064	0.000099	0.315174	0.000000	0.000081	0.000040	0.258539
262	0.415065	0.010253	0.000070	0.000098	0.316513	0.000000	0.000079	0.000037	0.257885
263	0.414316	0.010051	0.000076	0.000097	0.317867	0.000000	0.000077	0.000034	0.257482
264	0.414101	0.009882	0.000071	0.000081	0.319403	0.000000	0.000073	0.000029	0.256360
265	0.413437	0.009803	0.000075	0.000073	0.320900	0.000000	0.000075	0.000035	0.255602
266	0.412708	0.009715	0.000078	0.000085	0.322529	0.000000	0.000072	0.000036	0.254777
267	0.411942	0.009505	0.000066	0.000077	0.324231	0.000000	0.000073	0.000034	0.254072
268	0.411369	0.009485	0.000073	0.000070	0.325649	0.000000	0.000071	0.000030	0.253253
269	0.410488	0.009367	0.000065	0.000059	0.327342	0.000000	0.000084	0.000025	0.252570
270	0.409735	0.009327	0.000062	0.000052	0.329029	0.000000	0.000075	0.000024	0.251696
271	0.409062	0.009353	0.000084	0.000061	0.330443	0.000000	0.000075	0.000022	0.250900
272	0.408522	0.009239	0.000081	0.000065	0.331842	0.000000	0.000065	0.000020	0.250166
273	0.407737	0.009298	0.000081	0.000064	0.333554	0.000000	0.000059	0.000020	0.249187
274	0.407192	0.009183	0.000071	0.000070	0.335069	0.000000	0.000062	0.000029	0.248324
275	0.406140	0.009213	0.000064	0.000062	0.336675	0.000000	0.000064	0.000028	0.247754
276	0.405305	0.009009	0.000070	0.000057	0.338419	0.000000	0.000055	0.000026	0.247059
277	0.404392	0.008929	0.000079	0.000052	0.339968	0.000000	0.000044	0.000021	0.246515
278	0.404060	0.008949	0.000072	0.000051	0.341355	0.000000	0.000039	0.000016	0.245458
279	0.403605	0.008829	0.000060	0.000061	0.342534	0.000000	0.000041	0.000015	0.244855
280	0.402705	0.008784	0.000068	0.000069	0.343951	0.000000	0.000047	0.000014	0.244362
281	0.401970	0.008691	0.000060	0.000069	0.345778	0.000000	0.000048	0.000015	0.243369
282	0.401101	0.008582	0.000055	0.000071	0.346971	0.000000	0.000045	0.000013	0.243162
283	0.400347	0.008324	0.000055	0.000072	0.348607	0.000000	0.000043	0.000011	0.242541
284	0.399690	0.008248	0.000046	0.000072	0.350344	0.000000	0.000048	0.000007	0.241545
285	0.398742	0.008255	0.000042	0.000075	0.352087	0.000000	0.000046	0.000008	0.240745
286	0.398150	0.008234	0.000041	0.000070	0.353452	0.000000	0.000048	0.000006	0.239999
287	0.397285	0.008353	0.000038	0.000063	0.354943	0.000000	0.000048	0.000006	0.239264
288	0.396906	0.008255	0.000038	0.000068	0.356277	0.000000	0.000045	0.000005	0.238406
289	0.396236	0.008151	0.000040	0.000063	0.357949	0.000000	0.000042	0.000005	0.237514
290	0.395165	0.008098	0.000035	0.000061	0.359642	0.000000	0.000033	0.000002	0.236964
291	0.394438	0.008044	0.000036	0.000050	0.361180	0.000000	0.000033	0.000002	0.236217
292	0.393633	0.008027	0.000037	0.000049	0.362614	0.000000	0.000032	0.000002	0.235606
293	0.392558	0.008028	0.000046	0.000055	0.364189	0.000000	0.000032	0.000002	0.235090
294	0.391470	0.007943	0.000042	0.000047	0.365848	0.000000	0.000030	0.000002	0.234618
295	0.390456	0.007906	0.000042	0.000050	0.367662	0.000000	0.000027	0.000001	0.233856
296	0.389829	0.007807	0.000036	0.000053	0.369045	0.000000	0.000032	0.000001	0.233197
297	0.389232	0.007678	0.000044	0.000049	0.370431	0.000000	0.000023	0.000001	0.232542
298	0.388357	0.007686	0.000037	0.000045	0.372206	0.000000	0.000022	0.000000	0.231647
299	0.387586	0.007446	0.000035	0.000048	0.374039	0.000000	0.000024	0.000000	0.230822
300	0.387242	0.007408	0.000036	0.000050	0.375510	0.000000	0.000020	0.000000	0.229734
301	0.386450	0.007293	0.000037	0.000047	0.376962	0.000000	0.000026	0.000000	0.229185
302	0.385235	0.007130	0.000038	0.000050	0.378852	0.000000	0.000019	0.000000	0.228676
303	0.384578	0.007149	0.000035	0.000050	0.380450	0.000000	0.000013	0.000000	0.227725
304	0.383418	0.007176	0.000035	0.000039	0.382184	0.000000	0.000012	0.000000	0.227136
305	0.382298	0.007137	0.000030	0.000041	0.384036	0.000000	0.000012	0.000000	0.226446
306	0.381437	0.007076	0.000028	0.000036	0.385732	0.000000	0.000008	0.000000	0.225683
307	0.380013	0.006977	0.000033	0.000034	0.387733	0.000000	0.000007	0.000000	0.225203
308	0.379513	0.006945	0.000036	0.000038	0.389293	0.000000	0.000007	0.000000	0.224168
309	0.378518	0.006826	0.000037	0.000045	0.390804	0.000000	0.000004	0.000000	0.223766
310	0.377792	0.006639	0.000033	0.000043	0.392426	0.000000	0.000005	0.000000	0.223062
311	0.376959	0.006589	0.000028	0.000044	0.394253	0.000000	0.000008	0.000000	0.222119
312	0.376057	0.006566	0.000025	0.000046	0.395755	0.000000	0.000007	0.000000	0.221544
313	0.375552	0.006478	0.000038	0.000042	0.397285	0.000000	0.000002	0.000000	0.220603
314	0.375125	0.006415	0.000038	0.000040	0.398384	0.000000	0.000001	0.000000	0.219997
315	0.374368	0.006432	0.000033	0.000040	0.399844	0.000000	0.000002	0.000000	0.219281
316	0.374076	0.006315	0.000033	0.000039	0.401121	0.000000	0.000004	0.000000	0.218412
317	0.373038	0.006370	0.000032	0.000034	0.402870	0.000000	0.000001	0.000000	0.217655
318	0.372374	0.006302	0.000028	0.000041	0.404199	0.000000	0.000001	0.000000	0.217055
319	0.371201	0.006392	0.000036	0.000036	0.405866	0.000000	0.000001	0.000000	0.216468
320	0.370727	0.006352	0.000029	0.000034	0.407257	0.000000	0.000002	0.000000	0.215599
321	0.369689	0.006365	0.000032	0.000037	0.408892	0.000000	0.000003	0.000000	0.214982
322	0.368489	0.006389	0.000030	0.000042	0.410755	0.000000	0.000002	0.000000	0.214293
323	0.367983	0.006264	0.000025	0.000046	0.412391	0.000000	0.000003	0.000000	0.213288
324	0.366919	0.006293	0.000032	0.000040	0.414077	0.000000	0.000005	0.000000	0.212634
325	0.366241	0.006184	0.000029	0.000041	0.415489	0.000000	0.000005	0.000000	0.212011
326	0.365340	0.006158	0.000026	0.000046	0.417166	0.000000	0.000004	0.000000	0.211260
327	0.364950	0.006118	0.000023	0.000048	0.418293	0.000000	0.000004	0.000000	0.210564
328	0.364198	0.006136	0.000027	0.000047	0.419596	0.000000	0.000003	0.000000	0.209993
329	0.363661	0.006100	0.000025	0.000043	0.421146	0.000000	0.000003	0.000000	0.209022
330	0.362743	0.006179	0.000023	0.000048	0.422608	0.000000	0.000003	0.000000	0.208396
331	0.362076	0.006175	0.000025	0.000050	0.424114	0.000000	0.000001	0.000000	0.207559
332	0.360975	0.006112	0.000031	0.000043	0.425898	0.000000	0.000000	0.000000	0.206941
333	0.360309	0.006012	0.000037	0.000037	0.427402	0.000000	0.000000	0.000000	0.206203
334	0.359289	0.005994	0.000041	0.000031	0.428948	0.000000	0.000000	0.000000	0.205697
335	0.358384	0.005943	0.000037	0.000028	0.430598	0.000000	0.000000	0.000000	0.205010
336	0.357508	0.005908	0.000046	0.000034	0.431996	0.000000	0.000000	0.000000	0.204508
337	0.357001	0.005865	0.000049	0.000028	0.433547	0.000000	0.000000	0.000000	0.203510
338	0.355763	0.005721	0.000038	0.000024	0.435368	0.000000	0.000000	0.000000	0.203086
339	0.354881	0.005770	0.000032	0.000026	0.436812	0.000000	0.000000	0.000000	0.202479
340	0.354050	0.005682	0.000041	0.000029	0.438748	0.000000	0.000000	0.000000	0.201450
341	0.352845	0.005691	0.000037	0.000026	0.440578	0.000000	0.000000	0.000000	0.200823
342	0.352002	0.005696	0.000043	0.000031	0.441754	0.000000	0.000000	0.000000	0.200474
343	0.351343	0.005675	0.000035	0.000029	0.443204	0.000000	0.000000	0.000000	0.199714
344	0.350752	0.005632	0.000029	0.000037	0.444805	0.000000	0.000000	0.000000	0.198745
345	0.349912	0.005597	0.000028	0.000034	0.446353	0.000000	0.000000	0.000000	0.198076
346	0.349032	0.005651	0.000032	0.000029	0.448086	0.000000	0.000000	0.000000	0.197170
347	0.348308	0.005584	0.000032	0.000026	0.449323	0.000000	0.000000	0.000000	0.196727
348	0.347809	0.005465	0.000028	0.000033	0.450833	0.000000	0.000000	0.000000	0.195832
349	0.346948	0.005488	0.000027	0.000034	0.452476	0.000000	0.000000	0.000000	0.195027
350	0.345855	0.005518	0.000031	0.000035	0.454001	0.000000	0.000000	0.000000	0.194560
351	0.345005	0.005324	0.000028	0.000034	0.455821	0.000000	0.000000	0.000000	0.193788
352	0.343747	0.005326	0.000027	0.000040	0.457536	0.000000	0.000000	0.000000	0.193324
353	0.343154	0.005322	0.000032	0.000038	0.458724	0.000000	0.000000	0.000000	0.192730
354	0.342225	0.005249	0.000022	0.000038	0.460319	0.000000	0.000000	0.000000	0.192147
355	0.341128	0.005223	0.000022	0.000040	0.462290	0.000000	0.000000	0.000000	0.191297
356	0.340633	0.005211	0.000030	0.000047	0.463645	0.000000	0.000000	0.000000	0.190434
357	0.339981	0.005195	0.000026	0.000043	0.465090	0.000000	0.000000	0.000000	0.189665
358	0.339096	0.005229	0.000021	0.000054	0.466620	0.000000	0.000000	0.000000	0.188980
359	0.338182	0.005226	0.000025	0.000052	0.468175	0.000000	0.000000	0.000000	0.188340
360	0.337457	0.005143	0.000026	0.000048	0.469698	0.000000	0.000000	0.000000	0.187628
361	0.336918	0.005201	0.000030	0.000052	0.470788	0.000000	0.000000	0.000000	0.187011
362	0.336012	0.005133	0.000023	0.000061	0.472391	0.000000	0.000000	0.000000	0.186380
363	0.335269	0.005198	0.000019	0.000061	0.473788	0.000000	0.000000	0.000000	0.185665
364	0.334537	0.005135	0.000025	0.000055	0.475276	0.000000	0.000000	0.000000	0.184972
365	0.333572	0.005125	0.000027	0.000066	0.476983	0.000000	0.000000	0.000000	0.184227
366	0.332532	0.005136	0.000027	0.000067	0.478460	0.000000	0.000000	0.000000	0.183778
367	0.331441	0.005072	0.000018	0.000068	0.480395	0.000000	0.000000	0.000000	0.183006
368	0.330421	0.005041	0.000021	0.000059	0.481941	0.000000	0.000000	0.000000	0.182517
369	0.329719	0.005114	0.000019	0.000069	0.483004	0.000000	0.000000	0.000000	0.182075
370	0.329283	0.005019	0.000021	0.000068	0.484199	0.000000	0.000000	0.000000	0.181410
371	0.328553	0.004997	0.000016	0.000069	0.485418	0.000000	0.000000	0.000000	0.180947
372	0.327374	0.004947	0.000015	0.000084	0.487119	0.000000	0.000000	0.000000	0.180461
373	0.326769	0.004905	0.000012	0.000075	0.488166	0.000000	0.000000	0.000000	0.180073
374	0.326315	0.004826	0.000010	0.000081	0.489485	0.000000	0.000000	0.000000	0.179283
375	0.325306	0.004832	0.000013	0.000089	0.491034	0.000000	0.000000	0.000000	0.178726
376	0.324603	0.004776	0.000010	0.000093	0.492450	0.000000	0.000000	0.000000	0.178068
377	0.323710	0.004691	0.000007	0.000088	0.494067	0.000000	0.000000	0.000000	0.177437
378	0.322917	0.004687	0.000015	0.000091	0.495574	0.000000	0.000000	0.000000	0.176716
379	0.322006	0.004675	0.000009	0.000086	0.497432	0.000000	0.000000	0.000000	0.175792
380	0.321463	0.004585	0.000009	0.000082	0.498787	0.000000	0.000000	0.000000	0.175074
381	0.320338	0.004571	0.000009	0.000089	0.500481	0.000000	0.000000	0.000000	0.174512
382	0.319349	0.004554	0.000005	0.000078	0.501751	0.000000	0.000000	0.000000	0.174263
383	0.318741	0.004539	0.000007	0.000076	0.502929	0.000000	0.000000	0.000000	0.173708
384	0.318419	0.004389	0.000010	0.000071	0.504534	0.000000	0.000000	0.000000	0.172577
385	0.317551	0.004328	0.000006	0.000068	0.506113	0.000000	0.000000	0.000000	0.171934
386	0.316359	0.004269	0.000008	0.000078	0.507744	0.000000	0.000000	0.000000	0.171542
387	0.315601	0.004214	0.000005	0.000083	0.509236	0.000000	0.000000	0.000000	0.170861
388	0.314870	0.004142	0.000006	0.000090	0.510537	0.000000	0.000000	0.000000	0.170355
389	0.314111	0.004182	0.000006	0.000095	0.511844	0.000000	0.000000	0.000000	0.169762
390	0.313027	0.004095	0.000006	0.000087	0.513497	0.000000	0.000000	0.000000	0.169288
391	0.312274	0.004082	0.000006	0.000087	0.514966	0.000000	0.000000	0.000000	0.168585
392	0.311408	0.004058	0.000008	0.000089	0.516554	0.000000	0.000000	0.000000	0.167883
393	0.310378	0.004036	0.000006	0.000089	0.518180	0.000000	0.000000	0.000000	0.167311
394	0.309668	0.003993	0.000003	0.000082	0.519791	0.000000	0.000000	0.000000	0.166463
395	0.308826	0.003856	0.000010	0.000083	0.521379	0.000000	0.000000	0.000000	0.165846
396	0.307732	0.003848	0.000006	0.000080	0.523104	0.000000	0.000000	0.000000	0.165230
397	0.306565	0.003831	0.000007	0.000068	0.524766	0.000000	0.000000	0.000000	0.164763
398	0.305640	0.003728	0.000005	0.000068	0.526832	0.000000	0.000000	0.000000	0.163727
399	0.304603	0.003701	0.000003	0.000066	0.528492	0.000000	0.000000	0.000000	0.163135
400	0.303777	0.003681	0.000004	0.000073	0.529933	0.000000	0.000000	0.000000	0.162532
401	0.302482	0.003620	0.000007	0.000065	0.531663	0.000000	0.000000	0.000000	0.162163
402	0.301926	0.003609	0.000010	0.000052	0.533045	0.000000	0.000000	0.000000	0.161358
403	0.301194	0.003557	0.000007	0.000051	0.534310	0.000000	0.000000	0.000000	0.160881
404	0.300000	0.003655	0.000008	0.000046	0.536157	0.000000	0.000000	0.000000	0.160134
405	0.299015	0.003657	0.000010	0.000045	0.537755	0.000000	0.000000	0.000000	0.159518
406	0.298034	0.003657	0.000007	0.000043	0.539423	0.000000	0.000000	0.000000	0.158836
407	0.296582	0.003686	0.000012	0.000050	0.541427	0.000000	0.000000	0.000000	0.158243
408	0.295994	0.003633	0.000011	0.000044	0.542786	0.000000	0.000000	0.000000	0.157532
409	0.294879	0.003564	0.000008	0.000047	0.544320	0.000000	0.000000	0.000000	0.157182
410	0.293917	0.003633	0.000006	0.000049	0.546015	0.000000	0.000000	0.000000	0.156380
411	0.292972	0.003596	0.000009	0.000057	0.547671	0.000000	0.000000	0.000000	0.155695
412	0.292046	0.003560	0.000007	0.000052	0.549314	0.000000	0.000000	0.000000	0.155021
413	0.291428	0.003515	0.000007	0.000047	0.550372	0.000000	0.000000	0.000000	0.154631
414	0.290525	0.003500	0.000009	0.000049	0.551868	0.000000	0.000000	0.000000	0.154049
415	0.289680	0.003423	0.000007	0.000057	0.553297	0.000000	0.000000	0.000000	0.153536
416	0.288843	0.003356	0.000006	0.000074	0.554831	0.000000	0.000000	0.000000	0.152890
417	0.288083	0.003300	0.000011	0.000074	0.556439	0.000000	0.000000	0.000000	0.152093
418	0.287726	0.003188	0.000009	0.000072	0.557262	0.000000	0.000000	0.000000	0.151743
419	0.286393	0.003272	0.000015	0.000064	0.559116	0.000000	0.000000	0.000000	0.151140
420	0.285564	0.003150	0.000003	0.000068	0.560578	0.000000	0.000000	0.000000	0.150637
421	0.284558	0.003170	0.000003	0.000064	0.562122	0.000000	0.000000	0.000000	0.150083
422	0.283416	0.003068	0.000006	0.000066	0.563951	0.000000	0.000000	0.000000	0.149493
423	0.282645	0.003000	0.000002	0.000057	0.565085	0.000000	0.000000	0.000000	0.149211
424	0.281443	0.002985	0.000002	0.000061	0.566997	0.000000	0.000000	0.000000	0.148512
425	0.280519	0.002952	0.000004	0.000068	0.568351	0.000000	0.000000	0.000000	0.148106
426	0.279318	0.002985	0.000001	0.000061	0.570212	0.000000	0.000000	0.000000	0.147423
427	0.278731	0.002941	0.000002	0.000063	0.571495	0.000000	0.000000	0.000000	0.146768
428	0.277692	0.002928	0.000002	0.000059	0.572893	0.000000	0.000000	0.000000	0.146426
429	0.276378	0.002974	0.000003	0.000045	0.574700	0.000000	0.000000	0.000000	0.145900
430	0.275712	0.002970	0.000002	0.000046	0.575986	0.000000	0.000000	0.000000	0.145284
431	0.274728	0.002902	0.000003	0.000044	0.577767	0.000000	0.000000	0.000000	0.144556
432	0.273799	0.002897	0.000001	0.000044	0.579219	0.000000	0.000000	0.000000	0.144040
433	0.272806	0.002882	0.000004	0.000044	0.580752	0.000000	0.000000	0.000000	0.143512
434	0.272088	0.002790	0.000004	0.000046	0.582127	0.000000	0.000000	0.000000	0.142945
435	0.271000	0.002724	0.000003	0.000052	0.583740	0.000000	0.000000	0.000000	0.142481
436	0.270278	0.002694	0.000002	0.000048	0.585103	0.000000	0.000000	0.000000	0.141875
437	0.269765	0.002665	0.000002	0.000042	0.586466	0.000000	0.000000	0.000000	0.141060
438	0.268914	0.002629	0.000001	0.000035	0.587709	0.000000	0.000000	0.000000	0.140712
439	0.268018	0.002510	0.000000	0.000030	0.588962	0.000000	0.000000	0.000000	0.140480
440	0.267205	0.002590	0.000002	0.000029	0.590444	0.000000	0.000000	0.000000	0.139730
441	0.266100	0.002522	0.000000	0.000040	0.591812	0.000000	0.000000	0.000000	0.139526
442	0.265495	0.002464	0.000001	0.000038	0.593085	0.000000	0.000000	0.000000	0.138917
443	0.264267	0.002483	0.000000	0.000037	0.594718	0.000000	0.000000	0.000000	0.138495
444	0.263755	0.002417	0.000000	0.000043	0.595900	0.000000	0.000000	0.000000	0.137885
445	0.262833	0.002412	0.000000	0.000037	0.597500	0.000000	0.000000	0.000000	0.137218
446	0.262126	0.002403	0.000000	0.000044	0.598813	0.000000	0.000000	0.000000	0.136614
447	0.261612	0.002440	0.000000	0.000045	0.599786	0.000000	0.000000	0.000000	0.136117
448	0.260721	0.002420	0.000000	0.000054	0.601128	0.000000	0.000000	0.000000	0.135677
449	0.259494	0.002405	0.000000	0.000051	0.602950	0.000000	0.000000	0.000000	0.135100
450	0.258756	0.002413	0.000000	0.000052	0.604145	0.000000	0.000000	0.000000	0.134634
451	0.258161	0.002311	0.000000	0.000052	0.605327	0.000000	0.000000	0.000000	0.134149
452	0.257316	0.002383	0.000000	0.000052	0.606667	0.000000	0.000000	0.000000	0.133582
453	0.256309	0.002347	0.000000	0.000060	0.608408	0.000000	0.000000	0.000000	0.132876
454	0.255178	0.002329	0.000000	0.000052	0.610069	0.000000	0.000000	0.000000	0.132372
455	0.254066	0.002282	0.000000	0.000048	0.611729	0.000000	0.000000	0.000000	0.131875
456	0.253054	0.002302	0.000000	0.000047	0.613484	0.000000	0.000000	0.000000	0.131113
457	0.252408	0.002271	0.000000	0.000049	0.614832	0.000000	0.000000	0.000000	0.130440
458	0.251690	0.002319	0.000000	0.000057	0.616031	0.000000	0.000000	0.000000	0.129903
459	0.250650	0.002209	0.000000	0.000056	0.617695	0.000000	0.000000	0.000000	0.129390
460	0.249498	0.002161	0.000000	0.000056	0.619584	0.000000	0.000000	0.000000	0.128701
461	0.248680	0.002167	0.000000	0.000057	0.620980	0.000000	0.000000	0.000000	0.128116
462	0.247581	0.002174	0.000000	0.000059	0.622308	0.000000	0.000000	0.000000	0.127878
463	0.246682	0.002147	0.000000	0.000054	0.623857	0.000000	0.000000	0.000000	0.127260
464	0.245861	0.002149	0.000000	0.000067	0.625251	0.000000	0.000000	0.000000	0.126672
465	0.244833	0.002090	0.000000	0.000077	0.626775	0.000000	0.000000	0.000000	0.126225
466	0.243555	0.002120	0.000000	0.000074	0.628251	0.000000	0.000000	0.000000	0.126000
467	0.242957	0.002071	0.000000	0.000075	0.629287	0.000000	0.000000	0.000000	0.125610
468	0.241851	0.002020	0.000000	0.000072	0.630939	0.000000	0.000000	0.000000	0.125118
469	0.240981	0.002012	0.000000	0.000068	0.632213	0.000000	0.000000	0.000000	0.124726
470	0.239955	0.002046	0.000000	0.000065	0.633592	0.000000	0.000000	0.000000	0.124342
