0	0.290663	0.057897	0.229473	0.157588	0.029913	0.111872	0.085455	0.012259	0.024880
1	0.216565	0.045075	0.189259	0.134010	0.027603	0.118366	0.138797	0.026585	0.103740
2	0.204433	0.041885	0.176094	0.123358	0.026752	0.108929	0.157639	0.030377	0.130533
3	0.198203	0.040253	0.164966	0.114457	0.026618	0.099149	0.171887	0.032700	0.151767
4	0.193650	0.038523	0.153529	0.107608	0.026584	0.089409	0.183925	0.034409	0.172363
5	0.190197	0.037040	0.143044	0.100953	0.026715	0.080153	0.194261	0.035738	0.191899
6	0.187422	0.035527	0.132819	0.094165	0.027145	0.071886	0.203541	0.037154	0.210341
7	0.184758	0.034371	0.122772	0.088657	0.027669	0.064261	0.211127	0.037859	0.228526
8	0.182095	0.033128	0.112798	0.083222	0.028212	0.057148	0.218735	0.038670	0.245992
9	0.179975	0.032009	0.103857	0.078330	0.028593	0.050411	0.224743	0.039277	0.262805
10	0.177486	0.031073	0.094955	0.073811	0.028983	0.045081	0.230951	0.039500	0.278160
11	0.174886	0.030086	0.086920	0.069601	0.029907	0.040261	0.235355	0.039803	0.293181
12	0.173054	0.029395	0.079520	0.065731	0.030575	0.035676	0.238819	0.039859	0.307371
13	0.171289	0.028537	0.072636	0.062074	0.031608	0.031871	0.241922	0.039996	0.320067
14	0.169352	0.027813	0.066750	0.058613	0.032498	0.028499	0.244309	0.040051	0.332115
15	0.167478	0.026956	0.060882	0.055618	0.033442	0.025463	0.246042	0.040097	0.344022
16	0.165847	0.026108	0.055606	0.052827	0.034326	0.022560	0.247583	0.039720	0.355423
17	0.164015	0.025487	0.050371	0.049919	0.035153	0.020211	0.249845	0.039566	0.365433
18	0.162234	0.024828	0.045919	0.047367	0.036273	0.018085	0.249628	0.039410	0.376256
19	0.160574	0.024289	0.042095	0.044761	0.037610	0.016003	0.249510	0.039254	0.385904
20	0.159121	0.023963	0.038132	0.042385	0.038773	0.014368	0.249513	0.039185	0.394560
21	0.157485	0.023357	0.034654	0.040304	0.039718	0.012986	0.249452	0.039149	0.402895
22	0.155887	0.022650	0.031726	0.038452	0.040859	0.011649	0.248937	0.038796	0.411044
23	0.154271	0.022164	0.028946	0.036474	0.041997	0.010435	0.247865	0.038432	0.419416
24	0.152101	0.021311	0.026525	0.034514	0.043202	0.009398	0.247127	0.038104	0.427718
25	0.150648	0.020906	0.024161	0.032629	0.044284	0.008350	0.246132	0.037834	0.435056
26	0.148483	0.020496	0.022234	0.031063	0.045410	0.007498	0.244117	0.037370	0.443329
27	0.146513	0.019963	0.020096	0.029447	0.046832	0.006841	0.242817	0.036831	0.450660
28	0.144341	0.019516	0.018301	0.028208	0.048114	0.006060	0.241293	0.036716	0.457451
29	0.142457	0.018967	0.016553	0.026651	0.049304	0.005508	0.239380	0.036294	0.464886
30	0.140075	0.018531	0.015145	0.025365	0.050651	0.005016	0.237668	0.036069	0.471480
31	0.137880	0.018119	0.013762	0.024187	0.052044	0.004533	0.236081	0.035505	0.477889
32	0.135541	0.017468	0.012372	0.023020	0.053329	0.004091	0.234901	0.034991	0.484287
33	0.133451	0.017114	0.011291	0.021893	0.054533	0.003724	0.232980	0.034665	0.490349
34	0.130907	0.016599	0.010388	0.020969	0.055699	0.003441	0.231847	0.034264	0.495886
35	0.128589	0.015980	0.009366	0.020050	0.057054	0.003136	0.230425	0.033727	0.501673
36	0.126121	0.015589	0.008563	0.019065	0.058110	0.002873	0.228508	0.033484	0.507687
37	0.123458	0.015020	0.007790	0.018059	0.059497	0.002572	0.226783	0.032971	0.513850
38	0.120771	0.014721	0.007021	0.017284	0.060299	0.002328	0.225506	0.032768	0.519302
39	0.118193	0.014206	0.006418	0.016310	0.061518	0.002152	0.223767	0.032447	0.524989
40	0.116133	0.013839	0.005857	0.015423	0.062627	0.001992	0.221503	0.032064	0.530562
41	0.113414	0.013459	0.005320	0.014707	0.064108	0.001885	0.220322	0.031798	0.534987
42	0.110775	0.013194	0.004879	0.014190	0.065250	0.001697	0.218166	0.031451	0.540398
43	0.108204	0.012767	0.004462	0.013522	0.066419	0.001540	0.216650	0.031112	0.545324
44	0.105609	0.012416	0.004113	0.012887	0.067601	0.001419	0.214978	0.030726	0.550251
45	0.103445	0.011988	0.003692	0.012405	0.068525	0.001290	0.213237	0.030485	0.554933
46	0.101350	0.011690	0.003377	0.011787	0.069610	0.001195	0.211653	0.029966	0.559372
47	0.099206	0.011221	0.003002	0.011224	0.070641	0.001078	0.209453	0.029601	0.564574
48	0.096932	0.010767	0.002726	0.010725	0.071641	0.000999	0.208106	0.029090	0.569014
49	0.094432	0.010267	0.002460	0.010186	0.072574	0.000938	0.207138	0.028707	0.573298
50	0.092077	0.009857	0.002267	0.009681	0.073627	0.000903	0.205918	0.028398	0.577272
51	0.089737	0.009688	0.002025	0.009149	0.074636	0.000830	0.204646	0.027861	0.581428
52	0.087442	0.009184	0.001858	0.008753	0.075477	0.000757	0.203050	0.027760	0.585719
53	0.084737	0.008927	0.001697	0.008390	0.076265	0.000706	0.201754	0.027451	0.590073
54	0.082461	0.008528	0.001589	0.007973	0.077263	0.000629	0.200382	0.026780	0.594395
55	0.080425	0.008208	0.001430	0.007589	0.078085	0.000575	0.198997	0.026381	0.598310
56	0.077777	0.007933	0.001299	0.007217	0.078746	0.000550	0.197964	0.026135	0.602379
57	0.075334	0.007524	0.001211	0.006838	0.079614	0.000498	0.197065	0.025727	0.606189
58	0.072856	0.007272	0.001078	0.006549	0.080258	0.000514	0.195975	0.025561	0.609937
59	0.070438	0.006909	0.000943	0.006190	0.080961	0.000503	0.195194	0.025261	0.613601
60	0.068212	0.006727	0.000884	0.005945	0.081804	0.000459	0.194213	0.025116	0.616640
61	0.065987	0.006450	0.000820	0.005705	0.082405	0.000415	0.192909	0.024746	0.620563
62	0.063729	0.006189	0.000773	0.005416	0.083203	0.000386	0.191874	0.024413	0.624017
63	0.061586	0.005952	0.000697	0.005154	0.083467	0.000339	0.190895	0.024282	0.627628
64	0.059416	0.005585	0.000597	0.004903	0.083887	0.000326	0.189556	0.024049	0.631681
65	0.057658	0.005376	0.000524	0.004750	0.084487	0.000282	0.188736	0.023786	0.634401
66	0.055611	0.005214	0.000469	0.004488	0.084783	0.000247	0.187881	0.023421	0.637886
67	0.053860	0.004910	0.000420	0.004388	0.085066	0.000232	0.186557	0.023155	0.641412
68	0.052035	0.004707	0.000379	0.004096	0.085561	0.000211	0.185677	0.023020	0.644314
69	0.050116	0.004534	0.000334	0.003901	0.086076	0.000182	0.185025	0.022967	0.646865
70	0.048392	0.004251	0.000318	0.003775	0.086468	0.000153	0.183721	0.022679	0.650243
71	0.046576	0.004084	0.000271	0.003569	0.086731	0.000136	0.182137	0.022402	0.654094
72	0.045193	0.003835	0.000247	0.003375	0.087126	0.000117	0.181125	0.022138	0.656844
73	0.043563	0.003598	0.000230	0.003343	0.087436	0.000097	0.180553	0.021894	0.659286
74	0.041918	0.003424	0.000195	0.003139	0.087637	0.000101	0.179770	0.021695	0.662121
75	0.040458	0.003298	0.000202	0.003060	0.087614	0.000089	0.178845	0.021472	0.664962
76	0.039117	0.003207	0.000190	0.002875	0.087812	0.000073	0.177704	0.021331	0.667691
77	0.037714	0.003023	0.000166	0.002736	0.087996	0.000075	0.176310	0.020990	0.670990
78	0.036502	0.002981	0.000141	0.002610	0.088115	0.000066	0.175523	0.020843	0.673219
79	0.035177	0.002843	0.000124	0.002527	0.088225	0.000059	0.174670	0.020719	0.675656
80	0.033942	0.002765	0.000123	0.002382	0.088248	0.000061	0.173939	0.020429	0.678111
81	0.032819	0.002597	0.000109	0.002227	0.088490	0.000049	0.172877	0.020243	0.680589
82	0.031502	0.002524	0.000107	0.002208	0.088679	0.000045	0.172090	0.020017	0.682828
83	0.030385	0.002440	0.000087	0.002076	0.088708	0.000033	0.171533	0.019770	0.684968
84	0.029200	0.002327	0.000078	0.001937	0.088723	0.000031	0.170470	0.019720	0.687514
85	0.028103	0.002223	0.000077	0.001872	0.088808	0.000020	0.169868	0.019561	0.689468
86	0.026886	0.002120	0.000082	0.001784	0.088731	0.000018	0.169287	0.019466	0.691626
87	0.025980	0.002036	0.000080	0.001686	0.088555	0.000018	0.168239	0.019249	0.694157
88	0.024976	0.001998	0.000074	0.001594	0.088700	0.000021	0.166981	0.019252	0.696404
89	0.023883	0.001906	0.000070	0.001437	0.088620	0.000014	0.166558	0.019161	0.698351
90	0.023129	0.001754	0.000052	0.001386	0.088539	0.000012	0.165834	0.019030	0.700264
91	0.022211	0.001723	0.000052	0.001311	0.088785	0.000013	0.164858	0.018814	0.702233
92	0.021240	0.001636	0.000053	0.001264	0.088652	0.000014	0.164637	0.018549	0.703955
93	0.020460	0.001570	0.000045	0.001219	0.088532	0.000009	0.163852	0.018341	0.705972
94	0.019566	0.001480	0.000039	0.001136	0.088225	0.000004	0.163087	0.018298	0.708165
95	0.018773	0.001422	0.000039	0.001098	0.088084	0.000003	0.162132	0.018133	0.710316
96	0.018132	0.001436	0.000040	0.001027	0.088444	0.000006	0.161389	0.017993	0.711533
97	0.017307	0.001330	0.000033	0.001015	0.088133	0.000003	0.160839	0.017756	0.713584
98	0.016678	0.001272	0.000038	0.000977	0.087872	0.000006	0.160176	0.017579	0.715402
99	0.015979	0.001205	0.000030	0.000955	0.087680	0.000006	0.159756	0.017423	0.716966
100	0.015272	0.001119	0.000024	0.000878	0.087094	0.000005	0.159472	0.017412	0.718724
101	0.014644	0.001074	0.000027	0.000860	0.086906	0.000004	0.158481	0.017217	0.720787
102	0.013994	0.001002	0.000020	0.000804	0.086664	0.000007	0.158450	0.017327	0.721732
103	0.013502	0.000938	0.000018	0.000755	0.086198	0.000010	0.158159	0.017115	0.723305
104	0.012995	0.000931	0.000015	0.000717	0.085923	0.000007	0.157388	0.017109	0.724915
105	0.012543	0.000865	0.000020	0.000677	0.085719	0.000011	0.156738	0.017096	0.726331
106	0.012062	0.000872	0.000018	0.000629	0.085652	0.000012	0.156052	0.016813	0.727890
107	0.011494	0.000877	0.000017	0.000563	0.085274	0.000013	0.155312	0.016874	0.729576
108	0.011261	0.000865	0.000022	0.000539	0.085039	0.000013	0.154579	0.016683	0.730999
109	0.010734	0.000792	0.000023	0.000508	0.084573	0.000010	0.154018	0.016746	0.732596
110	0.010294	0.000747	0.000021	0.000472	0.084349	0.000007	0.153467	0.016659	0.733984
111	0.010033	0.000739	0.000022	0.000463	0.083718	0.000004	0.152799	0.016450	0.735772
112	0.009602	0.000657	0.000024	0.000434	0.083624	0.000007	0.151871	0.016447	0.737334
113	0.009148	0.000631	0.000017	0.000433	0.083233	0.000005	0.150885	0.016418	0.739230
114	0.008799	0.000613	0.000015	0.000413	0.083061	0.000004	0.150346	0.016211	0.740538
115	0.008477	0.000609	0.000016	0.000390	0.082528	0.000004	0.149796	0.016232	0.741948
116	0.008185	0.000593	0.000016	0.000373	0.082488	0.000005	0.149671	0.016120	0.742549
117	0.007949	0.000592	0.000013	0.000331	0.082335	0.000007	0.148797	0.016200	0.743776
118	0.007655	0.000587	0.000016	0.000331	0.081882	0.000005	0.148149	0.016096	0.745279
119	0.007254	0.000582	0.000018	0.000330	0.081571	0.000006	0.147439	0.016052	0.746748
120	0.006943	0.000581	0.000016	0.000323	0.081334	0.000004	0.147315	0.015738	0.747746
121	0.006606	0.000561	0.000012	0.000307	0.080969	0.000003	0.146761	0.015483	0.749298
122	0.006433	0.000509	0.000008	0.000286	0.080707	0.000003	0.145914	0.015368	0.750772
123	0.006204	0.000491	0.000004	0.000272	0.080435	0.000002	0.145273	0.015228	0.752091
124	0.005921	0.000484	0.000003	0.000256	0.080074	0.000001	0.144620	0.015088	0.753553
125	0.005634	0.000483	0.000005	0.000246	0.079768	0.000001	0.143892	0.015023	0.754948
126	0.005480	0.000482	0.000006	0.000257	0.079180	0.000001	0.143112	0.015194	0.756288
127	0.005319	0.000435	0.000006	0.000246	0.078586	0.000003	0.142862	0.015147	0.757396
128	0.005140	0.000415	0.000008	0.000221	0.077909	0.000001	0.142553	0.015010	0.758743
129	0.004944	0.000403	0.000005	0.000200	0.077535	0.000002	0.141817	0.014995	0.760099
130	0.004731	0.000356	0.000004	0.000206	0.077183	0.000001	0.141189	0.014879	0.761451
131	0.004486	0.000359	0.000004	0.000186	0.076826	0.000000	0.140625	0.014886	0.762628
132	0.004354	0.000347	0.000003	0.000174	0.076293	0.000000	0.140472	0.014723	0.763634
133	0.004219	0.000329	0.000005	0.000159	0.075822	0.000000	0.139755	0.014595	0.765116
134	0.004055	0.000303	0.000005	0.000141	0.075394	0.000000	0.139537	0.014613	0.765952
135	0.003966	0.000300	0.000007	0.000135	0.075125	0.000000	0.139349	0.014652	0.766466
136	0.003779	0.000309	0.000007	0.000113	0.074472	0.000000	0.139117	0.014596	0.767607
137	0.003727	0.000304	0.000010	0.000108	0.074176	0.000000	0.138607	0.014511	0.768557
138	0.003643	0.000294	0.000010	0.000103	0.073529	0.000000	0.138195	0.014454	0.769772
139	0.003487	0.000307	0.000011	0.000102	0.073156	0.000000	0.138033	0.014452	0.770452
140	0.003395	0.000276	0.000015	0.000105	0.072761	0.000000	0.137609	0.014611	0.771228
141	0.003223	0.000254	0.000020	0.000101	0.072155	0.000000	0.137497	0.014476	0.772274
142	0.003175	0.000228	0.000018	0.000096	0.071989	0.000000	0.137413	0.014466	0.772615
143	0.003026	0.000203	0.000014	0.000088	0.071658	0.000000	0.136831	0.014247	0.773933
144	0.002943	0.000176	0.000020	0.000067	0.071045	0.000000	0.136224	0.014191	0.775334
145	0.002860	0.000190	0.000022	0.000065	0.070956	0.000000	0.136308	0.014187	0.775412
146	0.002809	0.000196	0.000012	0.000047	0.070397	0.000000	0.135824	0.014100	0.776615
147	0.002754	0.000177	0.000012	0.000052	0.070015	0.000000	0.135544	0.013953	0.777493
148	0.002687	0.000173	0.000013	0.000052	0.069384	0.000000	0.135073	0.014049	0.778569
149	0.002616	0.000176	0.000006	0.000055	0.069002	0.000000	0.134864	0.014033	0.779248
150	0.002527	0.000156	0.000004	0.000056	0.068580	0.000000	0.134748	0.014030	0.779899
151	0.002484	0.000159	0.000002	0.000050	0.068109	0.000000	0.134197	0.013934	0.781065
152	0.002430	0.000149	0.000002	0.000042	0.067731	0.000000	0.133515	0.013828	0.782303
153	0.002318	0.000133	0.000000	0.000036	0.067411	0.000000	0.133363	0.013726	0.783013
154	0.002306	0.000127	0.000000	0.000033	0.067058	0.000000	0.132901	0.013786	0.783789
155	0.002201	0.000123	0.000000	0.000032	0.066563	0.000000	0.132411	0.013609	0.785061
156	0.002146	0.000121	0.000000	0.000038	0.066050	0.000000	0.132015	0.013527	0.786103
157	0.002042	0.000110	0.000000	0.000033	0.065536	0.000000	0.131716	0.013369	0.787194
158	0.001970	0.000104	0.000000	0.000034	0.064895	0.000000	0.131056	0.013293	0.788648
159	0.001883	0.000095	0.000000	0.000031	0.064354	0.000000	0.130706	0.013205	0.789726
160	0.001802	0.000092	0.000000	0.000039	0.063944	0.000000	0.130479	0.013227	0.790417
161	0.001741	0.000076	0.000000	0.000041	0.063671	0.000000	0.130081	0.013104	0.791286
162	0.001682	0.000078	0.000000	0.000042	0.063175	0.000000	0.129281	0.012943	0.792799
163	0.001583	0.000067	0.000000	0.000039	0.062687	0.000000	0.129136	0.013016	0.793472
164	0.001546	0.000053	0.000000	0.000035	0.062024	0.000000	0.128823	0.012896	0.794623
165	0.001458	0.000051	0.000000	0.000034	0.061601	0.000000	0.128809	0.012818	0.795229
166	0.001351	0.000059	0.000000	0.000034	0.061160	0.000000	0.128186	0.012805	0.796405
167	0.001292	0.000057	0.000000	0.000032	0.060807	0.000000	0.127917	0.012628	0.797267
168	0.001260	0.000053	0.000000	0.000031	0.060163	0.000000	0.127691	0.012565	0.798237
169	0.001190	0.000060	0.000000	0.000031	0.059763	0.000000	0.127395	0.012550	0.799011
170	0.001147	0.000057	0.000000	0.000032	0.059030	0.000000	0.126843	0.012640	0.800251
171	0.001106	0.000057	0.000000	0.000038	0.058591	0.000000	0.126775	0.012573	0.800860
172	0.001035	0.000055	0.000000	0.000033	0.058062	0.000000	0.126200	0.012488	0.802127
173	0.001003	0.000048	0.000000	0.000031	0.057715	0.000000	0.126090	0.012595	0.802518
174	0.000983	0.000047	0.000000	0.000028	0.056940	0.000000	0.125553	0.012521	0.803928
175	0.000962	0.000050	0.000000	0.000027	0.056450	0.000000	0.125094	0.012531	0.804886
176	0.000950	0.000041	0.000000	0.000026	0.055706	0.000000	0.124872	0.012496	0.805909
177	0.000953	0.000038	0.000000	0.000018	0.055133	0.000000	0.124215	0.012393	0.807250
178	0.000899	0.000032	0.000000	0.000018	0.054554	0.000000	0.124389	0.012325	0.807783
179	0.000866	0.000030	0.000000	0.000020	0.053930	0.000000	0.124086	0.012328	0.808740
180	0.000868	0.000033	0.000000	0.000020	0.053569	0.000000	0.123561	0.012375	0.809574
181	0.000834	0.000028	0.000000	0.000016	0.053167	0.000000	0.123094	0.012399	0.810462
182	0.000822	0.000025	0.000000	0.000015	0.052562	0.000000	0.122669	0.012273	0.811634
183	0.000815	0.000020	0.000000	0.000013	0.052259	0.000000	0.122682	0.012301	0.811910
184	0.000814	0.000020	0.000000	0.000010	0.051795	0.000000	0.122731	0.012217	0.812413
185	0.000792	0.000017	0.000000	0.000010	0.051115	0.000000	0.122844	0.012249	0.812973
186	0.000802	0.000014	0.000000	0.000004	0.050861	0.000000	0.122810	0.012084	0.813425
187	0.000799	0.000012	0.000000	0.000005	0.050455	0.000000	0.122409	0.012191	0.814129
188	0.000764	0.000013	0.000000	0.000005	0.049930	0.000000	0.122014	0.012272	0.815002
189	0.000747	0.000016	0.000000	0.000004	0.049301	0.000000	0.121995	0.012276	0.815661
190	0.000756	0.000014	0.000000	0.000004	0.048938	0.000000	0.121702	0.012197	0.816389
191	0.000755	0.000014	0.000000	0.000004	0.048648	0.000000	0.121864	0.012192	0.816523
192	0.000684	0.000006	0.000000	0.000003	0.048422	0.000000	0.121317	0.012136	0.817432
193	0.000689	0.000005	0.000000	0.000003	0.047891	0.000000	0.121345	0.012169	0.817898
194	0.000666	0.000004	0.000000	0.000003	0.047520	0.000000	0.120600	0.012082	0.819125
195	0.000642	0.000003	0.000000	0.000003	0.047058	0.000000	0.120675	0.011960	0.819659
196	0.000636	0.000001	0.000000	0.000004	0.046548	0.000000	0.120532	0.011987	0.820292
197	0.000597	0.000000	0.000000	0.000003	0.046178	0.000000	0.120516	0.011917	0.820789
198	0.000593	0.000000	0.000000	0.000004	0.045601	0.000000	0.120274	0.011898	0.821630
199	0.000575	0.000000	0.000000	0.000001	0.045241	0.000000	0.120435	0.011837	0.821911
200	0.000534	0.000000	0.000000	0.000000	0.044784	0.000000	0.120244	0.011778	0.822660
201	0.000499	0.000000	0.000000	0.000000	0.044340	0.000000	0.120623	0.011703	0.822835
202	0.000499	0.000000	0.000000	0.000000	0.044101	0.000000	0.120358	0.011774	0.823268
203	0.000475	0.000000	0.000000	0.000000	0.043658	0.000000	0.120060	0.011743	0.824064
204	0.000462	0.000000	0.000000	0.000000	0.043103	0.000000	0.120043	0.011655	0.824737
205	0.000437	0.000000	0.000000	0.000000	0.042500	0.000000	0.119734	0.011660	0.825669
206	0.000422	0.000000	0.000000	0.000000	0.042138	0.000000	0.119424	0.011618	0.826398
207	0.000406	0.000000	0.000000	0.000000	0.041617	0.000000	0.119210	0.011581	0.827186
208	0.000407	0.000000	0.000000	0.000000	0.041194	0.000000	0.119510	0.011615	0.827274
209	0.000380	0.000000	0.000000	0.000000	0.040807	0.000000	0.119051	0.011422	0.828340
210	0.000393	0.000000	0.000000	0.000000	0.040490	0.000000	0.119437	0.011440	0.828240
211	0.000385	0.000000	0.000000	0.000000	0.039941	0.000000	0.119204	0.011327	0.829143
212	0.000373	0.000000	0.000000	0.000000	0.039509	0.000000	0.119015	0.011253	0.829850
213	0.000365	0.000000	0.000000	0.000000	0.039000	0.000000	0.118984	0.011403	0.830248
214	0.000398	0.000000	0.000000	0.000000	0.038477	0.000000	0.118947	0.011447	0.830731
215	0.000403	0.000000	0.000000	0.000000	0.038289	0.000000	0.118832	0.011357	0.831119
216	0.000374	0.000000	0.000000	0.000000	0.037854	0.000000	0.118142	0.011316	0.832314
217	0.000393	0.000000	0.000000	0.000000	0.037539	0.000000	0.117934	0.011360	0.832774
218	0.000388	0.000000	0.000000	0.000000	0.037082	0.000000	0.117698	0.011263	0.833569
219	0.000399	0.000000	0.000000	0.000000	0.036741	0.000000	0.117955	0.011268	0.833637
220	0.000362	0.000000	0.000000	0.000000	0.036398	0.000000	0.117830	0.011369	0.834041
221	0.000329	0.000000	0.000000	0.000000	0.036162	0.000000	0.117761	0.011327	0.834421
222	0.000317	0.000000	0.000000	0.000000	0.035860	0.000000	0.117232	0.011319	0.835272
223	0.000307	0.000000	0.000000	0.000000	0.035528	0.000000	0.117217	0.011289	0.835659
224	0.000305	0.000000	0.000000	0.000000	0.035212	0.000000	0.117250	0.011345	0.835888
225	0.000318	0.000000	0.000000	0.000000	0.034845	0.000000	0.117066	0.011238	0.836533
226	0.000304	0.000000	0.000000	0.000000	0.034612	0.000000	0.117080	0.011202	0.836802
227	0.000313	0.000000	0.000000	0.000000	0.034225	0.000000	0.116807	0.011118	0.837537
228	0.000297	0.000000	0.000000	0.000000	0.033682	0.000000	0.116801	0.010972	0.838248
229	0.000297	0.000000	0.000000	0.000000	0.033335	0.000000	0.116668	0.011016	0.838684
230	0.000299	0.000000	0.000000	0.000000	0.033047	0.000000	0.116360	0.010950	0.839344
231	0.000287	0.000000	0.000000	0.000000	0.032844	0.000000	0.116203	0.011020	0.839646
232	0.000288	0.000000	0.000000	0.000000	0.032596	0.000000	0.115908	0.011013	0.840195
233	0.000277	0.000000	0.000000	0.000000	0.032301	0.000000	0.115703	0.010898	0.840821
234	0.000285	0.000000	0.000000	0.000000	0.031957	0.000000	0.115775	0.010882	0.841101
235	0.000284	0.000000	0.000000	0.000000	0.031707	0.000000	0.115779	0.010874	0.841356
236	0.000266	0.000000	0.000000	0.000000	0.031307	0.000000	0.115831	0.010913	0.841683
237	0.000247	0.000000	0.000000	0.000000	0.031126	0.000000	0.115668	0.010793	0.842166
238	0.000211	0.000000	0.000000	0.000000	0.030820	0.000000	0.115591	0.010800	0.842578
239	0.000202	0.000000	0.000000	0.000000	0.030555	0.000000	0.115305	0.010801	0.843137
240	0.000201	0.000000	0.000000	0.000000	0.030198	0.000000	0.115406	0.010680	0.843515
241	0.000178	0.000000	0.000000	0.000000	0.029897	0.000000	0.115484	0.010602	0.843839
242	0.000166	0.000000	0.000000	0.000000	0.029642	0.000000	0.115224	0.010592	0.844376
243	0.000156	0.000000	0.000000	0.000000	0.029360	0.000000	0.115046	0.010518	0.844920
244	0.000155	0.000000	0.000000	0.000000	0.028945	0.000000	0.114628	0.010655	0.845617
245	0.000162	0.000000	0.000000	0.000000	0.028671	0.000000	0.114794	0.010581	0.845792
246	0.000169	0.000000	0.000000	0.000000	0.028435	0.000000	0.114758	0.010571	0.846067
247	0.000172	0.000000	0.000000	0.000000	0.028254	0.000000	0.114823	0.010673	0.846078
248	0.000177	0.000000	0.000000	0.000000	0.027957	0.000000	0.114849	0.010743	0.846274
249	0.000172	0.000000	0.000000	0.000000	0.027638	0.000000	0.114888	0.010718	0.846584
250	0.000174	0.000000	0.000000	0.000000	0.027616	0.000000	0.114627	0.010734	0.846849
251	0.000179	0.000000	0.000000	0.000000	0.027376	0.000000	0.114261	0.010562	0.847622
252	0.000179	0.000000	0.000000	0.000000	0.027186	0.000000	0.114146	0.010546	0.847943
253	0.000167	0.000000	0.000000	0.000000	0.027004	0.000000	0.113994	0.010419	0.848416
254	0.000164	0.000000	0.000000	0.000000	0.026707	0.000000	0.113716	0.010498	0.848915
255	0.000146	0.000000	0.000000	0.000000	0.026470	0.000000	0.113628	0.010487	0.849269
256	0.000141	0.000000	0.000000	0.000000	0.026182	0.000000	0.113363	0.010484	0.849830
257	0.000115	0.000000	0.000000	0.000000	0.025964	0.000000	0.112937	0.010439	0.850545
258	0.000101	0.000000	0.000000	0.000000	0.025853	0.000000	0.112972	0.010322	0.850752
259	0.000101	0.000000	0.000000	0.000000	0.025511	0.000000	0.112703	0.010297	0.851388
260	0.000091	0.000000	0.000000	0.000000	0.025198	0.000000	0.112804	0.010286	0.851621
261	0.000084	0.000000	0.000000	0.000000	0.025084	0.000000	0.112702	0.010347	0.851783
262	0.000087	0.000000	0.000000	0.000000	0.024860	0.000000	0.112573	0.010334	0.852146
263	0.000086	0.000000	0.000000	0.000000	0.024530	0.000000	0.112237	0.010226	0.852921
264	0.000086	0.000000	0.000000	0.000000	0.024326	0.000000	0.112223	0.010141	0.853224
265	0.000075	0.000000	0.000000	0.000000	0.023998	0.000000	0.112106	0.010134	0.853687
266	0.000075	0.000000	0.000000	0.000000	0.023641	0.000000	0.112322	0.010045	0.853917
267	0.000064	0.000000	0.000000	0.000000	0.023466	0.000000	0.112241	0.010021	0.854208
268	0.000059	0.000000	0.000000	0.000000	0.023264	0.000000	0.111630	0.010079	0.854968
269	0.000059	0.000000	0.000000	0.000000	0.023082	0.000000	0.111563	0.010043	0.855253
270	0.000055	0.000000	0.000000	0.000000	0.022831	0.000000	0.111532	0.010073	0.855509
271	0.000051	0.000000	0.000000	0.000000	0.022763	0.000000	0.111372	0.009898	0.855916
272	0.000047	0.000000	0.000000	0.000000	0.022391	0.000000	0.111425	0.009894	0.856243
273	0.000048	0.000000	0.000000	0.000000	0.022201	0.000000	0.111410	0.009863	0.856478
274	0.000050	0.000000	0.000000	0.000000	0.022051	0.000000	0.111906	0.009977	0.856016
275	0.000049	0.000000	0.000000	0.000000	0.021722	0.000000	0.111927	0.009898	0.856404
276	0.000045	0.000000	0.000000	0.000000	0.021636	0.000000	0.111693	0.009852	0.856774
277	0.000044	0.000000	0.000000	0.000000	0.021402	0.000000	0.111641	0.009865	0.857048
278	0.000047	0.000000	0.000000	0.000000	0.021312	0.000000	0.111578	0.009784	0.857279
279	0.000037	0.000000	0.000000	0.000000	0.020902	0.000000	0.111540	0.009835	0.857686
280	0.000037	0.000000	0.000000	0.000000	0.020716	0.000000	0.111092	0.009733	0.858422
281	0.000033	0.000000	0.000000	0.000000	0.020424	0.000000	0.111045	0.009698	0.858800
282	0.000037	0.000000	0.000000	0.000000	0.020209	0.000000	0.110884	0.009629	0.859241
283	0.000041	0.000000	0.000000	0.000000	0.020025	0.000000	0.111437	0.009720	0.858777
284	0.000045	0.000000	0.000000	0.000000	0.019852	0.000000	0.111138	0.009719	0.859246
285	0.000043	0.000000	0.000000	0.000000	0.019752	0.000000	0.111034	0.009634	0.859537
286	0.000046	0.000000	0.000000	0.000000	0.019599	0.000000	0.110816	0.009663	0.859876
287	0.000044	0.000000	0.000000	0.000000	0.019481	0.000000	0.110767	0.009651	0.860057
288	0.000043	0.000000	0.000000	0.000000	0.019334	0.000000	0.110766	0.009602	0.860255
289	0.000038	0.000000	0.000000	0.000000	0.019294	0.000000	0.110686	0.009679	0.860303
290	0.000042	0.000000	0.000000	0.000000	0.019041	0.000000	0.110833	0.009615	0.860469
291	0.000040	0.000000	0.000000	0.000000	0.018978	0.000000	0.110681	0.009558	0.860743
292	0.000033	0.000000	0.000000	0.000000	0.018813	0.000000	0.110408	0.009467	0.861279
293	0.000038	0.000000	0.000000	0.000000	0.018652	0.000000	0.110210	0.009353	0.861747
294	0.000034	0.000000	0.000000	0.000000	0.018496	0.000000	0.110152	0.009482	0.861836
295	0.000030	0.000000	0.000000	0.000000	0.018415	0.000000	0.109820	0.009322	0.862413
296	0.000022	0.000000	0.000000	0.000000	0.018311	0.000000	0.110189	0.009329	0.862149
297	0.000026	0.000000	0.000000	0.000000	0.018126	0.000000	0.110136	0.009224	0.862488
298	0.000023	0.000000	0.000000	0.000000	0.017928	0.000000	0.109863	0.009184	0.863002
299	0.000021	0.000000	0.000000	0.000000	0.017798	0.000000	0.109841	0.009129	0.863211
300	0.000018	0.000000	0.000000	0.000000	0.017515	0.000000	0.110124	0.009099	0.863244
301	0.000017	0.000000	0.000000	0.000000	0.017386	0.000000	0.110374	0.009138	0.863085
302	0.000012	0.000000	0.000000	0.000000	0.017183	0.000000	0.110722	0.009160	0.862923
303	0.000015	0.000000	0.000000	0.000000	0.017045	0.000000	0.110034	0.009253	0.863653
304	0.000012	0.000000	0.000000	0.000000	0.016768	0.000000	0.109993	0.009174	0.864053
305	0.000012	0.000000	0.000000	0.000000	0.016593	0.000000	0.109701	0.009184	0.864510
306	0.000009	0.000000	0.000000	0.000000	0.016398	0.000000	0.109285	0.008978	0.865330
307	0.000011	0.000000	0.000000	0.000000	0.016203	0.000000	0.109281	0.008984	0.865521
308	0.000009	0.000000	0.000000	0.000000	0.016028	0.000000	0.109624	0.008982	0.865357
309	0.000005	0.000000	0.000000	0.000000	0.015876	0.000000	0.109291	0.009043	0.865785
310	0.000002	0.000000	0.000000	0.000000	0.015661	0.000000	0.108908	0.009039	0.866390
311	0.000002	0.000000	0.000000	0.000000	0.015535	0.000000	0.108981	0.008952	0.866530
312	0.000004	0.000000	0.000000	0.000000	0.015339	0.000000	0.108559	0.008923	0.867175
313	0.000005	0.000000	0.000000	0.000000	0.015252	0.000000	0.108709	0.008902	0.867132
314	0.000007	0.000000	0.000000	0.000000	0.015120	0.000000	0.108509	0.008927	0.867437
315	0.000005	0.000000	0.000000	0.000000	0.014947	0.000000	0.109043	0.008929	0.867076
316	0.000004	0.000000	0.000000	0.000000	0.014799	0.000000	0.108600	0.008972	0.867625
317	0.000006	0.000000	0.000000	0.000000	0.014713	0.000000	0.108860	0.009043	0.867378
318	0.000004	0.000000	0.000000	0.000000	0.014459	0.000000	0.108999	0.009115	0.867423
319	0.000006	0.000000	0.000000	0.000000	0.014299	0.000000	0.108672	0.009058	0.867965
320	0.000001	0.000000	0.000000	0.000000	0.014102	0.000000	0.108413	0.009058	0.868426
321	0.000002	0.000000	0.000000	0.000000	0.013985	0.000000	0.108228	0.009198	0.868587
322	0.000002	0.000000	0.000000	0.000000	0.013829	0.000000	0.108217	0.009220	0.868732
323	0.000002	0.000000	0.000000	0.000000	0.013626	0.000000	0.108072	0.009138	0.869162
324	0.000002	0.000000	0.000000	0.000000	0.013390	0.000000	0.108349	0.009032	0.869227
325	0.000002	0.000000	0.000000	0.000000	0.013244	0.000000	0.108110	0.008969	0.869675
326	0.000001	0.000000	0.000000	0.000000	0.013139	0.000000	0.108052	0.008864	0.869944
327	0.000000	0.000000	0.000000	0.000000	0.012985	0.000000	0.108114	0.008906	0.869995
328	0.000000	0.000000	0.000000	0.000000	0.012836	0.000000	0.107905	0.008945	0.870314
329	0.000000	0.000000	0.000000	0.000000	0.012626	0.000000	0.107959	0.009009	0.870406
330	0.000000	0.000000	0.000000	0.000000	0.012404	0.000000	0.108168	0.009084	0.870344
331	0.000000	0.000000	0.000000	0.000000	0.012380	0.000000	0.108504	0.008949	0.870167
332	0.000000	0.000000	0.000000	0.000000	0.012235	0.000000	0.108412	0.009002	0.870351
333	0.000000	0.000000	0.000000	0.000000	0.012112	0.000000	0.107970	0.009012	0.870906
334	0.000000	0.000000	0.000000	0.000000	0.011975	0.000000	0.107476	0.008985	0.871564
335	0.000000	0.000000	0.000000	0.000000	0.011788	0.000000	0.107795	0.009052	0.871365
336	0.000000	0.000000	0.000000	0.000000	0.011595	0.000000	0.107494	0.009010	0.871901
337	0.000000	0.000000	0.000000	0.000000	0.011390	0.000000	0.107478	0.009018	0.872114
338	0.000000	0.000000	0.000000	0.000000	0.011208	0.000000	0.107800	0.008868	0.872124
339	0.000000	0.000000	0.000000	0.000000	0.011155	0.000000	0.107409	0.008792	0.872644
340	0.000000	0.000000	0.000000	0.000000	0.011003	0.000000	0.107539	0.008827	0.872631
341	0.000000	0.000000	0.000000	0.000000	0.010819	0.000000	0.107524	0.008784	0.872873
342	0.000000	0.000000	0.000000	0.000000	0.010652	0.000000	0.107184	0.008741	0.873423
343	0.000000	0.000000	0.000000	0.000000	0.010416	0.000000	0.107051	0.008701	0.873832
344	0.000000	0.000000	0.000000	0.000000	0.010303	0.000000	0.107370	0.008785	0.873542
345	0.000000	0.000000	0.000000	0.000000	0.010188	0.000000	0.107558	0.008764	0.873490
346	0.000000	0.000000	0.000000	0.000000	0.010042	0.000000	0.107169	0.008594	0.874195
347	0.000000	0.000000	0.000000	0.000000	0.009956	0.000000	0.107200	0.008477	0.874367
348	0.000000	0.000000	0.000000	0.000000	0.009842	0.000000	0.107103	0.008483	0.874572
349	0.000000	0.000000	0.000000	0.000000	0.009727	0.000000	0.107154	0.008501	0.874618
350	0.000000	0.000000	0.000000	0.000000	0.009617	0.000000	0.107180	0.008567	0.874636
351	0.000000	0.000000	0.000000	0.000000	0.009540	0.000000	0.107033	0.008533	0.874894
352	0.000000	0.000000	0.000000	0.000000	0.009453	0.000000	0.107020	0.008573	0.874954
353	0.000000	0.000000	0.000000	0.000000	0.009191	0.000000	0.106679	0.008526	0.875604
354	0.000000	0.000000	0.000000	0.000000	0.009134	0.000000	0.106769	0.008553	0.875544
355	0.000000	0.000000	0.000000	0.000000	0.008992	0.000000	0.107022	0.008399	0.875587
356	0.000000	0.000000	0.000000	0.000000	0.008880	0.000000	0.106697	0.008349	0.876074
357	0.000000	0.000000	0.000000	0.000000	0.008831	0.000000	0.106680	0.008423	0.876066
358	0.000000	0.000000	0.000000	0.000000	0.008726	0.000000	0.106418	0.008340	0.876516
359	0.000000	0.000000	0.000000	0.000000	0.008610	0.000000	0.106757	0.008395	0.876238
360	0.000000	0.000000	0.000000	0.000000	0.008557	0.000000	0.106912	0.008428	0.876103
361	0.000000	0.000000	0.000000	0.000000	0.008384	0.000000	0.106969	0.008529	0.876118
362	0.000000	0.000000	0.000000	0.000000	0.008255	0.000000	0.107086	0.008362	0.876297
363	0.000000	0.000000	0.000000	0.000000	0.008121	0.000000	0.107165	0.008219	0.876495
364	0.000000	0.000000	0.000000	0.000000	0.008079	0.000000	0.107224	0.008131	0.876566
365	0.000000	0.000000	0.000000	0.000000	0.007977	0.000000	0.106960	0.008139	0.876924
366	0.000000	0.000000	0.000000	0.000000	0.007891	0.000000	0.106777	0.008128	0.877204
367	0.000000	0.000000	0.000000	0.000000	0.007867	0.000000	0.106572	0.008165	0.877396
368	0.000000	0.000000	0.000000	0.000000	0.007817	0.000000	0.106136	0.008299	0.877748
369	0.000000	0.000000	0.000000	0.000000	0.007698	0.000000	0.105865	0.008343	0.878094
370	0.000000	0.000000	0.000000	0.000000	0.007576	0.000000	0.106237	0.008391	0.877796
371	0.000000	0.000000	0.000000	0.000000	0.007475	0.000000	0.106219	0.008458	0.877848
372	0.000000	0.000000	0.000000	0.000000	0.007312	0.000000	0.106369	0.008463	0.877856
373	0.000000	0.000000	0.000000	0.000000	0.007229	0.000000	0.106259	0.008487	0.878025
374	0.000000	0.000000	0.000000	0.000000	0.007070	0.000000	0.106147	0.008511	0.878272
375	0.000000	0.000000	0.000000	0.000000	0.007012	0.000000	0.106145	0.008521	0.878322
376	0.000000	0.000000	0.000000	0.000000	0.006917	0.000000	0.106116	0.008565	0.878402
377	0.000000	0.000000	0.000000	0.000000	0.006831	0.000000	0.106205	0.008606	0.878358
378	0.000000	0.000000	0.000000	0.000000	0.006737	0.000000	0.106347	0.008450	0.878466
379	0.000000	0.000000	0.000000	0.000000	0.006680	0.000000	0.106143	0.008386	0.878791
380	0.000000	0.000000	0.000000	0.000000	0.006526	0.000000	0.105628	0.008410	0.879436
381	0.000000	0.000000	0.000000	0.000000	0.006453	0.000000	0.105619	0.008362	0.879566
382	0.000000	0.000000	0.000000	0.000000	0.006375	0.000000	0.105575	0.008413	0.879637
383	0.000000	0.000000	0.000000	0.000000	0.006305	0.000000	0.105173	0.008472	0.880050
384	0.000000	0.000000	0.000000	0.000000	0.006215	0.000000	0.105284	0.008473	0.880028
385	0.000000	0.000000	0.000000	0.000000	0.006040	0.000000	0.105658	0.008376	0.879926
386	0.000000	0.000000	0.000000	0.000000	0.005961	0.000000	0.105502	0.008442	0.880095
387	0.000000	0.000000	0.000000	0.000000	0.005849	0.000000	0.105169	0.008521	0.880461
388	0.000000	0.000000	0.000000	0.000000	0.005780	0.000000	0.105009	0.008528	0.880683
389	0.000000	0.000000	0.000000	0.000000	0.005664	0.000000	0.105415	0.008443	0.880478
390	0.000000	0.000000	0.000000	0.000000	0.005568	0.000000	0.105402	0.008443	0.880587
391	0.000000	0.000000	0.000000	0.000000	0.005518	0.000000	0.105562	0.008549	0.880371
392	0.000000	0.000000	0.000000	0.000000	0.005417	0.000000	0.105193	0.008617	0.880773
393	0.000000	0.000000	0.000000	0.000000	0.005337	0.000000	0.105633	0.008622	0.880408
394	0.000000	0.000000	0.000000	0.000000	0.005253	0.000000	0.105681	0.008688	0.880378
395	0.000000	0.000000	0.000000	0.000000	0.005177	0.000000	0.105410	0.008801	0.880612
396	0.000000	0.000000	0.000000	0.000000	0.005097	0.000000	0.105447	0.008910	0.880546
397	0.000000	0.000000	0.000000	0.000000	0.005054	0.000000	0.105284	0.008859	0.880803
398	0.000000	0.000000	0.000000	0.000000	0.005069	0.000000	0.105204	0.008950	0.880777
399	0.000000	0.000000	0.000000	0.000000	0.004926	0.000000	0.105305	0.008988	0.880781
400	0.000000	0.000000	0.000000	0.000000	0.004857	0.000000	0.105232	0.008971	0.880940
401	0.000000	0.000000	0.000000	0.000000	0.004764	0.000000	0.105356	0.008993	0.880887
402	0.000000	0.000000	0.000000	0.000000	0.004803	0.000000	0.105727	0.009026	0.880444
403	0.000000	0.000000	0.000000	0.000000	0.004712	0.000000	0.105350	0.008865	0.881073
404	0.000000	0.000000	0.000000	0.000000	0.004693	0.000000	0.105238	0.008906	0.881163
405	0.000000	0.000000	0.000000	0.000000	0.004644	0.000000	0.105420	0.008922	0.881014
406	0.000000	0.000000	0.000000	0.000000	0.004522	0.000000	0.105259	0.008975	0.881244
407	0.000000	0.000000	0.000000	0.000000	0.004412	0.000000	0.105270	0.008894	0.881424
408	0.000000	0.000000	0.000000	0.000000	0.004354	0.000000	0.105552	0.008838	0.881256
409	0.000000	0.000000	0.000000	0.000000	0.004280	0.000000	0.105732	0.008739	0.881249
410	0.000000	0.000000	0.000000	0.000000	0.004254	0.000000	0.105483	0.008611	0.881652
411	0.000000	0.000000	0.000000	0.000000	0.004215	0.000000	0.105305	0.008563	0.881917
412	0.000000	0.000000	0.000000	0.000000	0.004140	0.000000	0.105271	0.008503	0.882086
413	0.000000	0.000000	0.000000	0.000000	0.004064	0.000000	0.105166	0.008509	0.882261
414	0.000000	0.000000	0.000000	0.000000	0.003975	0.000000	0.105303	0.008599	0.882123
415	0.000000	0.000000	0.000000	0.000000	0.003897	0.000000	0.105291	0.008589	0.882223
416	0.000000	0.000000	0.000000	0.000000	0.003818	0.000000	0.105197	0.008584	0.882401
417	0.000000	0.000000	0.000000	0.000000	0.003843	0.000000	0.105377	0.008597	0.882183
418	0.000000	0.000000	0.000000	0.000000	0.003748	0.000000	0.105082	0.008478	0.882692
419	0.000000	0.000000	0.000000	0.000000	0.003665	0.000000	0.104784	0.008580	0.882971
420	0.000000	0.000000	0.000000	0.000000	0.003603	0.000000	0.105101	0.008541	0.882755
421	0.000000	0.000000	0.000000	0.000000	0.003516	0.000000	0.104870	0.008609	0.883005
422	0.000000	0.000000	0.000000	0.000000	0.003483	0.000000	0.104692	0.008685	0.883140
423	0.000000	0.000000	0.000000	0.000000	0.003428	0.000000	0.104729	0.008667	0.883176
424	0.000000	0.000000	0.000000	0.000000	0.003394	0.000000	0.104609	0.008743	0.883254
425	0.000000	0.000000	0.000000	0.000000	0.003344	0.000000	0.104588	0.008823	0.883245
426	0.000000	0.000000	0.000000	0.000000	0.003268	0.000000	0.104240	0.008858	0.883634
427	0.000000	0.000000	0.000000	0.000000	0.003235	0.000000	0.103966	0.008932	0.883867
428	0.000000	0.000000	0.000000	0.000000	0.003182	0.000000	0.104174	0.008935	0.883709
429	0.000000	0.000000	0.000000	0.000000	0.003165	0.000000	0.104425	0.009076	0.883334
430	0.000000	0.000000	0.000000	0.000000	0.003115	0.000000	0.104434	0.008958	0.883493
431	0.000000	0.000000	0.000000	0.000000	0.003058	0.000000	0.104290	0.009000	0.883652
432	0.000000	0.000000	0.000000	0.000000	0.003017	0.000000	0.104338	0.009169	0.883476
433	0.000000	0.000000	0.000000	0.000000	0.002932	0.000000	0.104017	0.009283	0.883768
434	0.000000	0.000000	0.000000	0.000000	0.002892	0.000000	0.103975	0.009130	0.884003
435	0.000000	0.000000	0.000000	0.000000	0.002824	0.000000	0.104186	0.009119	0.883871
436	0.000000	0.000000	0.000000	0.000000	0.002787	0.000000	0.104369	0.009164	0.883680
437	0.000000	0.000000	0.000000	0.000000	0.002816	0.000000	0.104098	0.009340	0.883746
438	0.000000	0.000000	0.000000	0.000000	0.002710	0.000000	0.104403	0.009343	0.883544
439	0.000000	0.000000	0.000000	0.000000	0.002683	0.000000	0.104554	0.009329	0.883434
440	0.000000	0.000000	0.000000	0.000000	0.002639	0.000000	0.104663	0.009335	0.883363
441	0.000000	0.000000	0.000000	0.000000	0.002579	0.000000	0.104811	0.009414	0.883196
442	0.000000	0.000000	0.000000	0.000000	0.002513	0.000000	0.104667	0.009345	0.883475
443	0.000000	0.000000	0.000000	0.000000	0.002482	0.000000	0.104397	0.009369	0.883752
444	0.000000	0.000000	0.000000	0.000000	0.002411	0.000000	0.103864	0.009446	0.884279
445	0.000000	0.000000	0.000000	0.000000	0.002337	0.000000	0.103768	0.009358	0.884537
446	0.000000	0.000000	0.000000	0.000000	0.002322	0.000000	0.103521	0.009314	0.884843
447	0.000000	0.000000	0.000000	0.000000	0.002278	0.000000	0.103662	0.009300	0.884760
448	0.000000	0.000000	0.000000	0.000000	0.002182	0.000000	0.103662	0.009209	0.884947
449	0.000000	0.000000	0.000000	0.000000	0.002123	0.000000	0.103722	0.009112	0.885043
450	0.000000	0.000000	0.000000	0.000000	0.002074	0.000000	0.103887	0.009058	0.884981
451	0.000000	0.000000	0.000000	0.000000	0.002034	0.000000	0.103660	0.009145	0.885161
452	0.000000	0.000000	0.000000	0.000000	0.002024	0.000000	0.103525	0.009087	0.885364
453	0.000000	0.000000	0.000000	0.000000	0.001989	0.000000	0.103809	0.009111	0.885091
454	0.000000	0.000000	0.000000	0.000000	0.001949	0.000000	0.103695	0.009135	0.885221
455	0.000000	0.000000	0.000000	0.000000	0.001952	0.000000	0.103752	0.009111	0.885185
456	0.000000	0.000000	0.000000	0.000000	0.001932	0.000000	0.103127	0.008946	0.885995
457	0.000000	0.000000	0.000000	0.000000	0.001891	0.000000	0.102807	0.008921	0.886381
458	0.000000	0.000000	0.000000	0.000000	0.001897	0.000000	0.102894	0.008937	0.886272
459	0.000000	0.000000	0.000000	0.000000	0.001883	0.000000	0.102920	0.009021	0.886176
460	0.000000	0.000000	0.000000	0.000000	0.001864	0.000000	0.102788	0.009068	0.886280
461	0.000000	0.000000	0.000000	0.000000	0.001857	0.000000	0.102256	0.009087	0.886800
462	0.000000	0.000000	0.000000	0.000000	0.001849	0.000000	0.102194	0.009141	0.886816
463	0.000000	0.000000	0.000000	0.000000	0.001830	0.000000	0.102185	0.009079	0.886906
464	0.000000	0.000000	0.000000	0.000000	0.001813	0.000000	0.102375	0.008969	0.886843
465	0.000000	0.000000	0.000000	0.000000	0.001803	0.000000	0.102216	0.008900	0.887081
466	0.000000	0.000000	0.000000	0.000000	0.001780	0.000000	0.102108	0.008843	0.887269
467	0.000000	0.000000	0.000000	0.000000	0.001780	0.000000	0.102304	0.008813	0.887103
468	0.000000	0.000000	0.000000	0.000000	0.001731	0.000000	0.102007	0.008858	0.887404
469	0.000000	0.000000	0.000000	0.000000	0.001733	0.000000	0.101651	0.009011	0.887605
470	0.000000	0.000000	0.000000	0.000000	0.001724	0.000000	0.101540	0.008854	0.887882
