0	0.290663	0.057897	0.229473	0.157588	0.029913	0.111872	0.085455	0.012259	0.024880
1	0.247252	0.051315	0.211889	0.137112	0.028037	0.116966	0.105160	0.020404	0.081865
2	0.261444	0.053530	0.221745	0.128823	0.027630	0.111028	0.095311	0.018504	0.081985
3	0.280898	0.055938	0.232707	0.121121	0.027466	0.103417	0.083476	0.016288	0.078689
4	0.300576	0.058295	0.242626	0.113182	0.027430	0.096298	0.072704	0.014011	0.074878
5	0.319797	0.060562	0.251641	0.105210	0.027204	0.088806	0.063784	0.012161	0.070835
6	0.338087	0.062380	0.260530	0.098125	0.026963	0.081134	0.055199	0.010575	0.067007
7	0.355814	0.064058	0.268092	0.090679	0.026939	0.074217	0.047720	0.009051	0.063430
8	0.373060	0.065249	0.274866	0.083447	0.026589	0.067685	0.041306	0.007804	0.059994
9	0.389042	0.066321	0.280763	0.076363	0.026616	0.061417	0.035971	0.006709	0.056798
10	0.403558	0.067452	0.286027	0.070172	0.026394	0.055908	0.031181	0.005688	0.053620
11	0.417024	0.068369	0.290503	0.064368	0.026176	0.050872	0.027078	0.004900	0.050710
12	0.429703	0.069015	0.294499	0.058478	0.026193	0.046127	0.023741	0.004148	0.048096
13	0.441785	0.069984	0.297878	0.053619	0.026078	0.041372	0.020558	0.003529	0.045197
14	0.453172	0.069901	0.301283	0.048809	0.025917	0.037585	0.017670	0.003061	0.042602
15	0.463595	0.069914	0.303344	0.044653	0.025905	0.034126	0.015582	0.002650	0.040231
16	0.472555	0.070342	0.305816	0.040729	0.025923	0.030807	0.013661	0.002293	0.037874
17	0.481777	0.070244	0.307722	0.036968	0.025574	0.028278	0.011809	0.001964	0.035664
18	0.490096	0.070078	0.309529	0.033686	0.025401	0.025657	0.010194	0.001684	0.033675
19	0.498158	0.070179	0.310732	0.030466	0.025356	0.022974	0.008896	0.001470	0.031769
20	0.505518	0.070274	0.311824	0.027756	0.025206	0.020409	0.007689	0.001358	0.029966
21	0.512089	0.070305	0.312207	0.025245	0.025205	0.018719	0.006746	0.001154	0.028330
22	0.518224	0.069865	0.312948	0.023090	0.025311	0.016878	0.005970	0.001026	0.026688
23	0.522742	0.069677	0.314370	0.021083	0.025259	0.015493	0.005236	0.000842	0.025298
24	0.528324	0.069571	0.313974	0.019297	0.025537	0.013999	0.004429	0.000758	0.024111
25	0.532625	0.069510	0.314712	0.017453	0.025698	0.012725	0.003924	0.000708	0.022645
26	0.536642	0.068890	0.315825	0.015703	0.025761	0.011765	0.003516	0.000618	0.021280
27	0.540403	0.068713	0.316329	0.014387	0.025601	0.010734	0.003019	0.000562	0.020252
28	0.544051	0.068425	0.316643	0.013028	0.025701	0.009762	0.002653	0.000476	0.019261
29	0.547971	0.068248	0.316438	0.011746	0.025777	0.008816	0.002337	0.000406	0.018261
30	0.550907	0.067969	0.316568	0.010799	0.025802	0.008082	0.002141	0.000372	0.017360
31	0.553298	0.067686	0.317574	0.009763	0.025578	0.007373	0.001829	0.000356	0.016543
32	0.555809	0.067443	0.317280	0.008959	0.025841	0.006850	0.001616	0.000304	0.015898
33	0.557820	0.067601	0.317178	0.008270	0.026026	0.006296	0.001452	0.000254	0.015103
34	0.559359	0.067154	0.317837	0.007581	0.026161	0.005842	0.001332	0.000225	0.014509
35	0.560816	0.066491	0.318653	0.007109	0.026379	0.005449	0.001190	0.000188	0.013725
36	0.562772	0.066170	0.318637	0.006551	0.026451	0.004989	0.001053	0.000196	0.013181
37	0.564257	0.065490	0.319006	0.006144	0.026630	0.004644	0.000916	0.000186	0.012727
38	0.565980	0.064833	0.319229	0.005688	0.026681	0.004363	0.000871	0.000150	0.012205
39	0.567080	0.064760	0.319351	0.005275	0.026886	0.004036	0.000749	0.000145	0.011718
40	0.568194	0.064508	0.319495	0.004973	0.026936	0.003752	0.000653	0.000146	0.011343
41	0.568883	0.064111	0.320326	0.004603	0.027221	0.003507	0.000565	0.000127	0.010657
42	0.570473	0.063773	0.319978	0.004352	0.027416	0.003224	0.000504	0.000120	0.010160
43	0.571451	0.063758	0.320056	0.003932	0.027456	0.003068	0.000451	0.000109	0.009719
44	0.572051	0.063661	0.320281	0.003674	0.027600	0.002777	0.000436	0.000088	0.009432
45	0.572573	0.063397	0.320636	0.003518	0.027683	0.002565	0.000392	0.000082	0.009154
46	0.573481	0.062941	0.320779	0.003279	0.027890	0.002405	0.000382	0.000065	0.008778
47	0.573948	0.062439	0.321176	0.003101	0.028101	0.002268	0.000331	0.000075	0.008561
48	0.574362	0.062001	0.321485	0.002895	0.028541	0.002170	0.000272	0.000064	0.008210
49	0.574739	0.061675	0.321532	0.002770	0.028847	0.002058	0.000241	0.000049	0.008089
50	0.576148	0.061106	0.321397	0.002562	0.028914	0.001939	0.000214	0.000046	0.007674
51	0.575796	0.060956	0.322097	0.002389	0.029146	0.001848	0.000204	0.000044	0.007520
52	0.576297	0.060962	0.322108	0.002198	0.029244	0.001737	0.000184	0.000044	0.007226
53	0.577319	0.060747	0.321583	0.002049	0.029547	0.001617	0.000176	0.000034	0.006928
54	0.577118	0.060566	0.321943	0.001937	0.029979	0.001527	0.000165	0.000036	0.006729
55	0.577353	0.060498	0.322093	0.001820	0.030042	0.001396	0.000147	0.000036	0.006615
56	0.577951	0.060177	0.321978	0.001735	0.030262	0.001321	0.000139	0.000026	0.006411
57	0.579406	0.060066	0.320880	0.001655	0.030400	0.001275	0.000129	0.000028	0.006161
58	0.580247	0.059748	0.320475	0.001536	0.030660	0.001213	0.000131	0.000037	0.005953
59	0.580686	0.059141	0.320748	0.001472	0.031032	0.001112	0.000115	0.000030	0.005664
60	0.580814	0.058918	0.320774	0.001402	0.031310	0.001045	0.000115	0.000036	0.005586
61	0.581688	0.058489	0.320583	0.001317	0.031408	0.001010	0.000101	0.000029	0.005375
62	0.581754	0.058377	0.320646	0.001220	0.031733	0.000972	0.000090	0.000033	0.005175
63	0.581852	0.058076	0.321060	0.001116	0.031781	0.000928	0.000079	0.000037	0.005071
64	0.582230	0.057728	0.320926	0.001097	0.032111	0.000900	0.000068	0.000028	0.004912
65	0.581774	0.057454	0.321897	0.001006	0.032151	0.000834	0.000068	0.000032	0.004784
66	0.582044	0.057232	0.321577	0.000980	0.032570	0.000793	0.000066	0.000023	0.004715
67	0.582333	0.057001	0.321479	0.000874	0.032852	0.000757	0.000067	0.000019	0.004618
68	0.583097	0.056348	0.321561	0.000816	0.032967	0.000704	0.000054	0.000014	0.004439
69	0.582758	0.056076	0.322210	0.000778	0.033182	0.000682	0.000049	0.000006	0.004259
70	0.583352	0.055733	0.321769	0.000777	0.033498	0.000634	0.000035	0.000008	0.004194
71	0.583668	0.055351	0.321694	0.000723	0.033842	0.000597	0.000032	0.000011	0.004082
72	0.584312	0.054973	0.321421	0.000680	0.033999	0.000579	0.000029	0.000008	0.003999
73	0.584540	0.054726	0.321526	0.000655	0.034071	0.000538	0.000035	0.000006	0.003903
74	0.585075	0.054362	0.321184	0.000614	0.034351	0.000493	0.000041	0.000008	0.003872
75	0.585159	0.054220	0.321344	0.000607	0.034440	0.000460	0.000039	0.000007	0.003724
76	0.584598	0.053942	0.322156	0.000588	0.034616	0.000440	0.000035	0.000003	0.003622
77	0.584336	0.054120	0.322066	0.000528	0.034921	0.000460	0.000027	0.000003	0.003539
78	0.584741	0.053820	0.322055	0.000515	0.034948	0.000440	0.000021	0.000003	0.003457
79	0.584323	0.053503	0.322620	0.000482	0.035291	0.000407	0.000032	0.000002	0.003340
80	0.584855	0.053210	0.322107	0.000443	0.035694	0.000403	0.000028	0.000000	0.003260
81	0.584696	0.053246	0.321859	0.000427	0.036160	0.000391	0.000023	0.000000	0.003198
82	0.584452	0.053066	0.322040	0.000420	0.036548	0.000373	0.000016	0.000001	0.003084
83	0.584637	0.052743	0.321921	0.000426	0.036808	0.000360	0.000013	0.000001	0.003091
84	0.584724	0.052548	0.322074	0.000365	0.036956	0.000363	0.000007	0.000000	0.002963
85	0.584934	0.052111	0.322195	0.000382	0.037121	0.000341	0.000009	0.000000	0.002907
86	0.584571	0.051580	0.322681	0.000359	0.037627	0.000352	0.000011	0.000000	0.002819
87	0.584790	0.051599	0.322175	0.000339	0.037971	0.000347	0.000014	0.000000	0.002765
88	0.585068	0.051262	0.321709	0.000359	0.038482	0.000358	0.000012	0.000000	0.002750
89	0.585397	0.051153	0.321791	0.000308	0.038315	0.000338	0.000011	0.000000	0.002687
90	0.585174	0.050886	0.321881	0.000299	0.038779	0.000321	0.000008	0.000000	0.002652
91	0.585655	0.050367	0.321579	0.000280	0.039167	0.000306	0.000016	0.000000	0.002630
92	0.585158	0.050200	0.321939	0.000271	0.039527	0.000278	0.000013	0.000000	0.002614
93	0.585287	0.050002	0.321790	0.000256	0.039841	0.000295	0.000017	0.000000	0.002512
94	0.585817	0.049483	0.321688	0.000238	0.039994	0.000261	0.000015	0.000000	0.002504
95	0.585615	0.049312	0.321758	0.000248	0.040326	0.000266	0.000017	0.000000	0.002458
96	0.585247	0.049036	0.321984	0.000227	0.040801	0.000275	0.000018	0.000000	0.002412
97	0.585613	0.048885	0.321617	0.000238	0.041029	0.000227	0.000013	0.000000	0.002378
98	0.585771	0.048663	0.321418	0.000223	0.041325	0.000251	0.000010	0.000000	0.002339
99	0.585993	0.048265	0.321289	0.000220	0.041668	0.000225	0.000009	0.000000	0.002331
100	0.586067	0.047991	0.321275	0.000193	0.041963	0.000213	0.000008	0.000000	0.002290
101	0.585661	0.047751	0.321776	0.000191	0.042187	0.000204	0.000006	0.000000	0.002224
102	0.585314	0.047454	0.322004	0.000197	0.042561	0.000178	0.000004	0.000000	0.002288
103	0.585376	0.047185	0.321841	0.000183	0.043021	0.000168	0.000010	0.000000	0.002216
104	0.585647	0.047502	0.321030	0.000195	0.043211	0.000179	0.000005	0.000000	0.002231
105	0.585685	0.047226	0.320857	0.000166	0.043718	0.000154	0.000011	0.000000	0.002183
106	0.584999	0.046959	0.321615	0.000172	0.043973	0.000158	0.000009	0.000000	0.002115
107	0.585446	0.046745	0.320871	0.000151	0.044477	0.000174	0.000006	0.000000	0.002130
108	0.585226	0.046539	0.321201	0.000132	0.044671	0.000149	0.000003	0.000000	0.002079
109	0.585216	0.046036	0.321372	0.000144	0.045054	0.000145	0.000004	0.000000	0.002029
110	0.584976	0.045980	0.321266	0.000135	0.045535	0.000135	0.000006	0.000000	0.001967
111	0.584661	0.045645	0.321789	0.000149	0.045643	0.000129	0.000007	0.000000	0.001977
112	0.584380	0.045472	0.321864	0.000151	0.046122	0.000114	0.000009	0.000000	0.001888
113	0.584733	0.045341	0.321741	0.000159	0.046046	0.000110	0.000003	0.000000	0.001867
114	0.583928	0.045381	0.322114	0.000147	0.046484	0.000112	0.000007	0.000000	0.001827
115	0.583357	0.045266	0.322301	0.000130	0.046999	0.000130	0.000005	0.000000	0.001812
116	0.583341	0.044907	0.322617	0.000133	0.047068	0.000119	0.000004	0.000000	0.001811
117	0.583706	0.044652	0.322145	0.000131	0.047454	0.000104	0.000005	0.000000	0.001803
118	0.584283	0.044576	0.321537	0.000130	0.047625	0.000102	0.000009	0.000000	0.001738
119	0.583792	0.044392	0.321931	0.000137	0.047942	0.000090	0.000009	0.000000	0.001707
120	0.584131	0.043855	0.321853	0.000151	0.048261	0.000102	0.000007	0.000000	0.001640
121	0.584304	0.043575	0.321952	0.000151	0.048356	0.000082	0.000006	0.000000	0.001574
122	0.584904	0.043475	0.321041	0.000159	0.048753	0.000070	0.000013	0.000000	0.001585
123	0.584912	0.043186	0.321023	0.000145	0.049104	0.000056	0.000008	0.000000	0.001566
124	0.585048	0.042989	0.320950	0.000149	0.049234	0.000063	0.000008	0.000000	0.001559
125	0.584936	0.042677	0.321214	0.000137	0.049459	0.000066	0.000007	0.000000	0.001504
126	0.585211	0.042437	0.320948	0.000118	0.049767	0.000061	0.000007	0.000000	0.001451
127	0.585689	0.042217	0.320368	0.000129	0.050063	0.000067	0.000006	0.000000	0.001461
128	0.585455	0.042130	0.320345	0.000124	0.050427	0.000063	0.000010	0.000000	0.001446
129	0.585011	0.042040	0.320447	0.000126	0.050907	0.000057	0.000008	0.000000	0.001404
130	0.585423	0.041661	0.320053	0.000106	0.051268	0.000044	0.000010	0.000000	0.001435
131	0.585141	0.041918	0.319840	0.000100	0.051525	0.000049	0.000004	0.000000	0.001423
132	0.583898	0.041785	0.320833	0.000099	0.051972	0.000049	0.000012	0.000000	0.001352
133	0.583863	0.041596	0.321048	0.000106	0.052032	0.000057	0.000010	0.000000	0.001288
134	0.583066	0.041598	0.321549	0.000096	0.052328	0.000043	0.000006	0.000000	0.001314
135	0.583125	0.041260	0.321703	0.000087	0.052440	0.000041	0.000012	0.000000	0.001332
136	0.583121	0.040922	0.322046	0.000087	0.052530	0.000032	0.000008	0.000000	0.001254
137	0.582947	0.040857	0.321688	0.000085	0.053067	0.000037	0.000012	0.000000	0.001307
138	0.583376	0.040573	0.321291	0.000088	0.053385	0.000029	0.000012	0.000000	0.001246
139	0.582818	0.040308	0.321727	0.000077	0.053865	0.000028	0.000013	0.000000	0.001164
140	0.582559	0.040097	0.321708	0.000084	0.054348	0.000020	0.000011	0.000000	0.001173
141	0.583064	0.039916	0.321422	0.000080	0.054351	0.000023	0.000014	0.000000	0.001130
142	0.582983	0.039705	0.321403	0.000069	0.054759	0.000027	0.000009	0.000000	0.001045
143	0.583222	0.039754	0.320804	0.000062	0.055062	0.000029	0.000006	0.000000	0.001061
144	0.582918	0.039725	0.320826	0.000053	0.055425	0.000028	0.000008	0.000000	0.001017
145	0.582576	0.039501	0.320962	0.000044	0.055889	0.000027	0.000009	0.000000	0.000992
146	0.582212	0.039440	0.320996	0.000045	0.056257	0.000029	0.000011	0.000000	0.001010
147	0.582202	0.039257	0.320962	0.000050	0.056493	0.000029	0.000015	0.000000	0.000992
148	0.582376	0.038900	0.320711	0.000043	0.056944	0.000024	0.000012	0.000000	0.000990
149	0.581874	0.038774	0.321045	0.000046	0.057249	0.000032	0.000018	0.000000	0.000962
150	0.581496	0.038392	0.321453	0.000045	0.057565	0.000035	0.000012	0.000000	0.001002
151	0.580595	0.038458	0.322035	0.000047	0.057883	0.000034	0.000011	0.000000	0.000937
152	0.581277	0.038135	0.321416	0.000032	0.058163	0.000034	0.000010	0.000000	0.000933
153	0.580722	0.037982	0.322001	0.000035	0.058309	0.000029	0.000014	0.000000	0.000908
154	0.580486	0.037745	0.321919	0.000026	0.058883	0.000022	0.000010	0.000000	0.000909
155	0.579531	0.037666	0.322481	0.000038	0.059366	0.000034	0.000013	0.000000	0.000871
156	0.579698	0.037733	0.321819	0.000029	0.059840	0.000036	0.000011	0.000000	0.000834
157	0.579606	0.037392	0.322180	0.000028	0.059882	0.000036	0.000011	0.000000	0.000865
158	0.579348	0.037210	0.322514	0.000024	0.059996	0.000032	0.000011	0.000000	0.000865
159	0.579276	0.037026	0.322329	0.000028	0.060450	0.000035	0.000016	0.000000	0.000840
160	0.578859	0.036889	0.322423	0.000030	0.060887	0.000027	0.000014	0.000000	0.000871
161	0.578196	0.036697	0.322710	0.000027	0.061488	0.000020	0.000011	0.000000	0.000851
162	0.578135	0.036593	0.322632	0.000032	0.061793	0.000016	0.000013	0.000000	0.000786
163	0.577389	0.036633	0.323004	0.000022	0.062144	0.000015	0.000009	0.000000	0.000784
164	0.577568	0.036625	0.322566	0.000023	0.062431	0.000020	0.000008	0.000000	0.000759
165	0.577653	0.036213	0.322557	0.000020	0.062773	0.000015	0.000008	0.000000	0.000761
166	0.576756	0.036267	0.322737	0.000024	0.063443	0.000012	0.000011	0.000000	0.000750
167	0.576388	0.036402	0.322894	0.000019	0.063554	0.000016	0.000012	0.000000	0.000715
168	0.576341	0.036186	0.322708	0.000018	0.064001	0.000014	0.000010	0.000000	0.000722
169	0.575865	0.035851	0.323272	0.000019	0.064259	0.000014	0.000008	0.000000	0.000712
170	0.575587	0.035751	0.323283	0.000023	0.064598	0.000013	0.000016	0.000000	0.000729
171	0.575129	0.035682	0.323476	0.000020	0.064932	0.000015	0.000014	0.000000	0.000732
172	0.575260	0.035755	0.322940	0.000018	0.065282	0.000010	0.000014	0.000000	0.000721
173	0.574946	0.035393	0.323333	0.000013	0.065580	0.000009	0.000016	0.000000	0.000710
174	0.574613	0.035100	0.323394	0.000018	0.066153	0.000004	0.000009	0.000000	0.000709
175	0.575047	0.035014	0.322877	0.000017	0.066310	0.000005	0.000009	0.000000	0.000721
176	0.574617	0.034613	0.323072	0.000019	0.066964	0.000006	0.000008	0.000000	0.000701
177	0.574957	0.034463	0.322736	0.000015	0.067108	0.000010	0.000012	0.000000	0.000699
178	0.574808	0.034313	0.322729	0.000012	0.067412	0.000012	0.000014	0.000000	0.000700
179	0.574081	0.034552	0.322765	0.000021	0.067824	0.000009	0.000009	0.000000	0.000739
180	0.574647	0.034302	0.322110	0.000019	0.068154	0.000013	0.000011	0.000000	0.000744
181	0.574250	0.034220	0.322321	0.000013	0.068454	0.000013	0.000010	0.000000	0.000719
182	0.575075	0.033912	0.321339	0.000011	0.068954	0.000014	0.000007	0.000000	0.000688
183	0.574551	0.034066	0.321205	0.000016	0.069484	0.000016	0.000005	0.000000	0.000657
184	0.574764	0.034015	0.321105	0.000015	0.069403	0.000021	0.000006	0.000000	0.000671
185	0.574232	0.033909	0.321311	0.000013	0.069850	0.000018	0.000002	0.000000	0.000665
186	0.574004	0.033687	0.321255	0.000013	0.070353	0.000007	0.000004	0.000000	0.000677
187	0.573968	0.033764	0.320755	0.000009	0.070840	0.000011	0.000002	0.000000	0.000651
188	0.573449	0.033416	0.320998	0.000008	0.071459	0.000007	0.000002	0.000000	0.000661
189	0.573465	0.033363	0.320893	0.000003	0.071615	0.000008	0.000001	0.000000	0.000652
190	0.573157	0.033262	0.321066	0.000006	0.071858	0.000009	0.000002	0.000000	0.000640
191	0.573109	0.032978	0.321126	0.000003	0.072141	0.000005	0.000001	0.000000	0.000637
192	0.573130	0.032892	0.320706	0.000005	0.072644	0.000004	0.000004	0.000000	0.000615
193	0.572436	0.032849	0.320975	0.000006	0.073106	0.000005	0.000002	0.000000	0.000621
194	0.572530	0.032646	0.320690	0.000002	0.073510	0.000004	0.000004	0.000000	0.000614
195	0.572530	0.032601	0.320630	0.000003	0.073608	0.000007	0.000001	0.000000	0.000620
196	0.571871	0.032365	0.320925	0.000003	0.074212	0.000005	0.000007	0.000000	0.000612
197	0.571778	0.032122	0.321332	0.000002	0.074161	0.000003	0.000004	0.000000	0.000598
198	0.571755	0.031965	0.320955	0.000001	0.074737	0.000006	0.000009	0.000000	0.000572
199	0.571125	0.031984	0.320956	0.000001	0.075340	0.000000	0.000010	0.000000	0.000584
200	0.570746	0.031885	0.321007	0.000002	0.075784	0.000002	0.000010	0.000000	0.000564
201	0.570743	0.031783	0.320860	0.000003	0.076030	0.000005	0.000008	0.000000	0.000568
202	0.570211	0.031841	0.320845	0.000001	0.076487	0.000003	0.000006	0.000000	0.000606
203	0.570037	0.031786	0.320681	0.000002	0.076904	0.000005	0.000006	0.000000	0.000579
204	0.570242	0.031515	0.320308	0.000001	0.077347	0.000004	0.000008	0.000000	0.000575
205	0.570071	0.031447	0.320192	0.000000	0.077690	0.000006	0.000007	0.000000	0.000587
206	0.569996	0.031304	0.320111	0.000000	0.077969	0.000008	0.000008	0.000000	0.000604
207	0.569031	0.031131	0.321035	0.000000	0.078204	0.000009	0.000009	0.000000	0.000581
208	0.568249	0.031016	0.321661	0.000000	0.078495	0.000011	0.000008	0.000000	0.000560
209	0.568187	0.030842	0.321347	0.000000	0.079083	0.000012	0.000004	0.000000	0.000525
210	0.567634	0.030593	0.321851	0.000000	0.079352	0.000013	0.000000	0.000000	0.000557
211	0.568223	0.030509	0.321077	0.000000	0.079644	0.000010	0.000003	0.000000	0.000534
212	0.567742	0.030654	0.321230	0.000000	0.079852	0.000012	0.000002	0.000000	0.000508
213	0.567753	0.030602	0.320700	0.000000	0.080410	0.000007	0.000001	0.000000	0.000527
214	0.567620	0.030571	0.320361	0.000000	0.080918	0.000006	0.000001	0.000000	0.000523
215	0.567162	0.030456	0.320153	0.000000	0.081697	0.000008	0.000000	0.000000	0.000524
216	0.567333	0.030140	0.320189	0.000000	0.081815	0.000006	0.000000	0.000000	0.000517
217	0.566649	0.029983	0.320771	0.000000	0.082057	0.000010	0.000001	0.000000	0.000529
218	0.566851	0.029783	0.320219	0.000000	0.082614	0.000008	0.000000	0.000000	0.000525
219	0.566565	0.029878	0.319842	0.000000	0.083175	0.000014	0.000000	0.000000	0.000526
220	0.566324	0.029636	0.319836	0.000000	0.083700	0.000013	0.000000	0.000000	0.000491
221	0.566250	0.029505	0.319529	0.000000	0.084215	0.000012	0.000000	0.000000	0.000489
222	0.566120	0.029417	0.319241	0.000000	0.084706	0.000014	0.000000	0.000000	0.000502
223	0.565353	0.029199	0.319998	0.000000	0.084953	0.000012	0.000000	0.000000	0.000485
224	0.564762	0.029153	0.320230	0.000000	0.085361	0.000010	0.000000	0.000000	0.000484
225	0.564402	0.028941	0.320048	0.000000	0.086109	0.000013	0.000000	0.000000	0.000487
226	0.564082	0.029064	0.319965	0.000000	0.086421	0.000011	0.000000	0.000000	0.000457
227	0.563568	0.028867	0.320321	0.000000	0.086770	0.000008	0.000000	0.000000	0.000466
228	0.563511	0.028765	0.320111	0.000000	0.087139	0.000010	0.000000	0.000000	0.000464
229	0.563362	0.028762	0.319943	0.000000	0.087463	0.000013	0.000000	0.000000	0.000457
230	0.562757	0.028857	0.320083	0.000000	0.087841	0.000015	0.000000	0.000000	0.000447
231	0.562927	0.028712	0.319758	0.000000	0.088126	0.000010	0.000000	0.000000	0.000467
232	0.563201	0.028620	0.319484	0.000000	0.088219	0.000007	0.000000	0.000000	0.000469
233	0.562581	0.028514	0.319821	0.000000	0.088614	0.000011	0.000000	0.000000	0.000459
234	0.562227	0.028586	0.319594	0.000000	0.089108	0.000012	0.000000	0.000000	0.000473
235	0.561957	0.028377	0.319660	0.000000	0.089528	0.000010	0.000000	0.000000	0.000468
236	0.561558	0.028331	0.319527	0.000000	0.090104	0.000009	0.000000	0.000000	0.000471
237	0.560878	0.028143	0.319988	0.000000	0.090521	0.000012	0.000000	0.000000	0.000458
238	0.559923	0.027917	0.320670	0.000000	0.091044	0.000012	0.000000	0.000000	0.000434
239	0.560393	0.027822	0.319975	0.000000	0.091371	0.000010	0.000000	0.000000	0.000429
240	0.559153	0.027878	0.320535	0.000000	0.092025	0.000011	0.000000	0.000000	0.000398
241	0.559194	0.027737	0.320545	0.000000	0.092136	0.000007	0.000000	0.000000	0.000381
242	0.559240	0.027683	0.320180	0.000000	0.092511	0.000006	0.000000	0.000000	0.000380
243	0.558882	0.027816	0.320177	0.000000	0.092746	0.000007	0.000000	0.000000	0.000372
244	0.559064	0.027643	0.319832	0.000000	0.093077	0.000008	0.000000	0.000000	0.000376
245	0.559092	0.027665	0.319371	0.000000	0.093504	0.000006	0.000000	0.000000	0.000362
246	0.558941	0.027506	0.319295	0.000000	0.093911	0.000006	0.000000	0.000000	0.000341
247	0.558560	0.027681	0.319042	0.000000	0.094341	0.000002	0.000000	0.000000	0.000374
248	0.558286	0.027574	0.318824	0.000000	0.094954	0.000003	0.000000	0.000000	0.000359
249	0.557315	0.027507	0.319612	0.000000	0.095191	0.000002	0.000000	0.000000	0.000373
250	0.556774	0.027554	0.319496	0.000000	0.095795	0.000001	0.000000	0.000000	0.000380
251	0.556615	0.027296	0.319618	0.000000	0.096100	0.000001	0.000000	0.000000	0.000370
252	0.556654	0.027159	0.319315	0.000000	0.096512	0.000001	0.000000	0.000000	0.000359
253	0.556519	0.026959	0.319149	0.000000	0.097013	0.000000	0.000000	0.000000	0.000360
254	0.556810	0.026920	0.318488	0.000000	0.097433	0.000000	0.000000	0.000000	0.000349
255	0.556560	0.026820	0.318594	0.000000	0.097694	0.000001	0.000000	0.000000	0.000331
256	0.556472	0.026807	0.318525	0.000000	0.097865	0.000000	0.000000	0.000000	0.000331
257	0.556034	0.026589	0.318695	0.000000	0.098361	0.000000	0.000000	0.000000	0.000321
258	0.555984	0.026609	0.318228	0.000000	0.098846	0.000000	0.000000	0.000000	0.000333
259	0.555377	0.026458	0.318760	0.000000	0.099072	0.000000	0.000000	0.000000	0.000333
260	0.555580	0.026087	0.318439	0.000000	0.099599	0.000000	0.000000	0.000000	0.000295
261	0.555606	0.025954	0.318092	0.000000	0.100052	0.000000	0.000000	0.000000	0.000296
262	0.555165	0.025862	0.318382	0.000000	0.100291	0.000000	0.000000	0.000000	0.000300
263	0.554696	0.025834	0.318213	0.000000	0.100935	0.000000	0.000000	0.000000	0.000322
264	0.554171	0.025711	0.318564	0.000000	0.101246	0.000000	0.000000	0.000000	0.000308
265	0.553949	0.025678	0.318489	0.000000	0.101594	0.000000	0.000000	0.000000	0.000290
266	0.553913	0.025629	0.318206	0.000000	0.101976	0.000000	0.000000	0.000000	0.000276
267	0.552997	0.025735	0.318647	0.000000	0.102340	0.000000	0.000000	0.000000	0.000281
268	0.552661	0.025701	0.318290	0.000000	0.103071	0.000000	0.000000	0.000000	0.000277
269	0.551739	0.025966	0.318507	0.000000	0.103529	0.000000	0.000000	0.000000	0.000259
270	0.551153	0.025772	0.318662	0.000000	0.104154	0.000000	0.000000	0.000000	0.000259
271	0.550758	0.025598	0.318567	0.000000	0.104815	0.000000	0.000000	0.000000	0.000262
272	0.550287	0.025447	0.319159	0.000000	0.104849	0.000000	0.000000	0.000000	0.000258
273	0.549597	0.025489	0.319411	0.000000	0.105258	0.000000	0.000000	0.000000	0.000245
274	0.548973	0.025373	0.319727	0.000000	0.105696	0.000000	0.000000	0.000000	0.000231
275	0.548831	0.025171	0.319447	0.000000	0.106332	0.000000	0.000000	0.000000	0.000219
276	0.548384	0.025132	0.319810	0.000000	0.106464	0.000000	0.000000	0.000000	0.000210
277	0.548457	0.024932	0.319277	0.000000	0.107116	0.000000	0.000000	0.000000	0.000218
278	0.548398	0.024773	0.319260	0.000000	0.107356	0.000000	0.000000	0.000000	0.000213
279	0.547708	0.024776	0.319454	0.000000	0.107852	0.000000	0.000000	0.000000	0.000210
280	0.548292	0.024595	0.318532	0.000000	0.108364	0.000000	0.000000	0.000000	0.000217
281	0.547604	0.024484	0.318948	0.000000	0.108754	0.000000	0.000000	0.000000	0.000210
282	0.547266	0.024349	0.318869	0.000000	0.109295	0.000000	0.000000	0.000000	0.000221
283	0.546848	0.024086	0.319062	0.000000	0.109788	0.000000	0.000000	0.000000	0.000216
284	0.547077	0.024034	0.318469	0.000000	0.110214	0.000000	0.000000	0.000000	0.000206
285	0.546932	0.024011	0.318338	0.000000	0.110505	0.000000	0.000000	0.000000	0.000214
286	0.546171	0.024083	0.318485	0.000000	0.111047	0.000000	0.000000	0.000000	0.000214
287	0.546074	0.024051	0.317941	0.000000	0.111707	0.000000	0.000000	0.000000	0.000227
288	0.545655	0.023945	0.318150	0.000000	0.112023	0.000000	0.000000	0.000000	0.000227
289	0.545425	0.023949	0.317945	0.000000	0.112472	0.000000	0.000000	0.000000	0.000209
290	0.546104	0.023533	0.317153	0.000000	0.113004	0.000000	0.000000	0.000000	0.000206
291	0.546191	0.023501	0.316483	0.000000	0.113603	0.000000	0.000000	0.000000	0.000222
292	0.545991	0.023613	0.316107	0.000000	0.114072	0.000000	0.000000	0.000000	0.000217
293	0.545871	0.023566	0.315776	0.000000	0.114557	0.000000	0.000000	0.000000	0.000230
294	0.545825	0.023594	0.315348	0.000000	0.115004	0.000000	0.000000	0.000000	0.000229
295	0.545605	0.023523	0.315117	0.000000	0.115556	0.000000	0.000000	0.000000	0.000199
296	0.545109	0.023555	0.315348	0.000000	0.115782	0.000000	0.000000	0.000000	0.000206
297	0.544936	0.023426	0.315046	0.000000	0.116400	0.000000	0.000000	0.000000	0.000192
298	0.544270	0.023335	0.315234	0.000000	0.116949	0.000000	0.000000	0.000000	0.000212
299	0.543337	0.023150	0.315852	0.000000	0.117414	0.000000	0.000000	0.000000	0.000247
300	0.542247	0.023228	0.316180	0.000000	0.118097	0.000000	0.000000	0.000000	0.000248
301	0.542446	0.023251	0.315465	0.000000	0.118578	0.000000	0.000000	0.000000	0.000260
302	0.542312	0.023222	0.315279	0.000000	0.118928	0.000000	0.000000	0.000000	0.000259
303	0.542394	0.023180	0.314695	0.000000	0.119457	0.000000	0.000000	0.000000	0.000274
304	0.541993	0.023115	0.314594	0.000000	0.120046	0.000000	0.000000	0.000000	0.000252
305	0.541250	0.023079	0.314938	0.000000	0.120481	0.000000	0.000000	0.000000	0.000252
306	0.540700	0.022851	0.315325	0.000000	0.120873	0.000000	0.000000	0.000000	0.000251
307	0.539948	0.022951	0.315220	0.000000	0.121637	0.000000	0.000000	0.000000	0.000244
308	0.539462	0.022970	0.315294	0.000000	0.122022	0.000000	0.000000	0.000000	0.000252
309	0.539699	0.022743	0.314811	0.000000	0.122507	0.000000	0.000000	0.000000	0.000240
310	0.539829	0.022627	0.314384	0.000000	0.122927	0.000000	0.000000	0.000000	0.000233
311	0.538819	0.022763	0.314550	0.000000	0.123645	0.000000	0.000000	0.000000	0.000223
312	0.538645	0.022747	0.314366	0.000000	0.124014	0.000000	0.000000	0.000000	0.000228
313	0.538611	0.022391	0.314517	0.000000	0.124268	0.000000	0.000000	0.000000	0.000213
314	0.538478	0.022339	0.314234	0.000000	0.124760	0.000000	0.000000	0.000000	0.000189
315	0.537912	0.022381	0.314157	0.000000	0.125343	0.000000	0.000000	0.000000	0.000207
316	0.537524	0.022220	0.314386	0.000000	0.125665	0.000000	0.000000	0.000000	0.000205
317	0.537732	0.022252	0.313604	0.000000	0.126217	0.000000	0.000000	0.000000	0.000195
318	0.537669	0.022107	0.313571	0.000000	0.126464	0.000000	0.000000	0.000000	0.000189
319	0.537689	0.022112	0.313180	0.000000	0.126861	0.000000	0.000000	0.000000	0.000158
320	0.537435	0.022207	0.312852	0.000000	0.127350	0.000000	0.000000	0.000000	0.000156
321	0.537238	0.021981	0.312918	0.000000	0.127714	0.000000	0.000000	0.000000	0.000149
322	0.536664	0.021956	0.312970	0.000000	0.128278	0.000000	0.000000	0.000000	0.000132
323	0.536647	0.021853	0.312350	0.000000	0.129002	0.000000	0.000000	0.000000	0.000148
324	0.535972	0.021812	0.312630	0.000000	0.129435	0.000000	0.000000	0.000000	0.000151
325	0.535746	0.021542	0.312856	0.000000	0.129712	0.000000	0.000000	0.000000	0.000144
326	0.535862	0.021445	0.312379	0.000000	0.130181	0.000000	0.000000	0.000000	0.000133
327	0.535094	0.021421	0.312589	0.000000	0.130760	0.000000	0.000000	0.000000	0.000136
328	0.534989	0.021243	0.312331	0.000000	0.131320	0.000000	0.000000	0.000000	0.000117
329	0.534565	0.021218	0.312373	0.000000	0.131721	0.000000	0.000000	0.000000	0.000123
330	0.534563	0.021196	0.311907	0.000000	0.132200	0.000000	0.000000	0.000000	0.000134
331	0.534482	0.021268	0.311455	0.000000	0.132682	0.000000	0.000000	0.000000	0.000113
332	0.533589	0.021253	0.311793	0.000000	0.133255	0.000000	0.000000	0.000000	0.000110
333	0.533304	0.021089	0.311634	0.000000	0.133856	0.000000	0.000000	0.000000	0.000117
334	0.533094	0.021163	0.311476	0.000000	0.134161	0.000000	0.000000	0.000000	0.000106
335	0.532454	0.021157	0.311369	0.000000	0.134912	0.000000	0.000000	0.000000	0.000108
336	0.532695	0.020899	0.310860	0.000000	0.135441	0.000000	0.000000	0.000000	0.000105
337	0.532651	0.020992	0.310472	0.000000	0.135774	0.000000	0.000000	0.000000	0.000111
338	0.531916	0.020814	0.310720	0.000000	0.136447	0.000000	0.000000	0.000000	0.000103
339	0.531200	0.020732	0.311147	0.000000	0.136821	0.000000	0.000000	0.000000	0.000100
340	0.531152	0.020712	0.310679	0.000000	0.137355	0.000000	0.000000	0.000000	0.000102
341	0.530563	0.020633	0.310903	0.000000	0.137809	0.000000	0.000000	0.000000	0.000092
342	0.530117	0.020662	0.310825	0.000000	0.138305	0.000000	0.000000	0.000000	0.000091
343	0.529212	0.020699	0.310998	0.000000	0.138991	0.000000	0.000000	0.000000	0.000100
344	0.528944	0.020566	0.310854	0.000000	0.139520	0.000000	0.000000	0.000000	0.000116
345	0.528757	0.020521	0.310661	0.000000	0.139966	0.000000	0.000000	0.000000	0.000095
346	0.528002	0.020460	0.311190	0.000000	0.140252	0.000000	0.000000	0.000000	0.000096
347	0.527623	0.020420	0.310951	0.000000	0.140911	0.000000	0.000000	0.000000	0.000095
348	0.527910	0.020311	0.310314	0.000000	0.141366	0.000000	0.000000	0.000000	0.000099
349	0.527844	0.020310	0.309996	0.000000	0.141778	0.000000	0.000000	0.000000	0.000072
350	0.526816	0.020213	0.310681	0.000000	0.142219	0.000000	0.000000	0.000000	0.000071
351	0.527180	0.020207	0.309744	0.000000	0.142797	0.000000	0.000000	0.000000	0.000072
352	0.527444	0.020023	0.309295	0.000000	0.143168	0.000000	0.000000	0.000000	0.000070
353	0.526467	0.020018	0.309950	0.000000	0.143506	0.000000	0.000000	0.000000	0.000059
354	0.525890	0.019918	0.309676	0.000000	0.144453	0.000000	0.000000	0.000000	0.000063
355	0.526227	0.019895	0.308790	0.000000	0.145023	0.000000	0.000000	0.000000	0.000065
356	0.526383	0.019855	0.308134	0.000000	0.145569	0.000000	0.000000	0.000000	0.000059
357	0.525989	0.019768	0.308274	0.000000	0.145907	0.000000	0.000000	0.000000	0.000062
358	0.526407	0.019730	0.307401	0.000000	0.146402	0.000000	0.000000	0.000000	0.000060
359	0.525878	0.019663	0.307510	0.000000	0.146884	0.000000	0.000000	0.000000	0.000065
360	0.526011	0.019705	0.306598	0.000000	0.147612	0.000000	0.000000	0.000000	0.000074
361	0.525735	0.019602	0.306505	0.000000	0.148085	0.000000	0.000000	0.000000	0.000073
362	0.525351	0.019270	0.306936	0.000000	0.148365	0.000000	0.000000	0.000000	0.000078
363	0.525164	0.019310	0.306718	0.000000	0.148730	0.000000	0.000000	0.000000	0.000078
364	0.524557	0.019344	0.306679	0.000000	0.149347	0.000000	0.000000	0.000000	0.000073
365	0.524320	0.019109	0.306701	0.000000	0.149794	0.000000	0.000000	0.000000	0.000076
366	0.523563	0.019028	0.306773	0.000000	0.150565	0.000000	0.000000	0.000000	0.000071
367	0.523472	0.018890	0.306496	0.000000	0.151065	0.000000	0.000000	0.000000	0.000077
368	0.522917	0.018867	0.306800	0.000000	0.151336	0.000000	0.000000	0.000000	0.000080
369	0.522390	0.018736	0.307002	0.000000	0.151809	0.000000	0.000000	0.000000	0.000063
370	0.521670	0.018752	0.307208	0.000000	0.152312	0.000000	0.000000	0.000000	0.000058
371	0.521265	0.018725	0.307235	0.000000	0.152713	0.000000	0.000000	0.000000	0.000062
372	0.521145	0.018521	0.306831	0.000000	0.153447	0.000000	0.000000	0.000000	0.000056
373	0.520725	0.018364	0.306631	0.000000	0.154223	0.000000	0.000000	0.000000	0.000057
374	0.520416	0.018383	0.306694	0.000000	0.154442	0.000000	0.000000	0.000000	0.000065
375	0.520374	0.018422	0.306070	0.000000	0.155068	0.000000	0.000000	0.000000	0.000066
376	0.520092	0.018430	0.305861	0.000000	0.155547	0.000000	0.000000	0.000000	0.000070
377	0.520166	0.018198	0.305574	0.000000	0.155985	0.000000	0.000000	0.000000	0.000077
378	0.518964	0.017996	0.306382	0.000000	0.156568	0.000000	0.000000	0.000000	0.000090
379	0.518385	0.018171	0.306466	0.000000	0.156889	0.000000	0.000000	0.000000	0.000089
380	0.518407	0.018202	0.306012	0.000000	0.157288	0.000000	0.000000	0.000000	0.000091
381	0.517970	0.018150	0.305987	0.000000	0.157803	0.000000	0.000000	0.000000	0.000090
382	0.517848	0.018182	0.305732	0.000000	0.158156	0.000000	0.000000	0.000000	0.000082
383	0.517530	0.017914	0.305733	0.000000	0.158719	0.000000	0.000000	0.000000	0.000104
384	0.517710	0.017967	0.305146	0.000000	0.159088	0.000000	0.000000	0.000000	0.000089
385	0.517808	0.017909	0.304537	0.000000	0.159651	0.000000	0.000000	0.000000	0.000095
386	0.517517	0.017976	0.304438	0.000000	0.159967	0.000000	0.000000	0.000000	0.000102
387	0.516904	0.017948	0.304490	0.000000	0.160549	0.000000	0.000000	0.000000	0.000109
388	0.515774	0.018001	0.304969	0.000000	0.161144	0.000000	0.000000	0.000000	0.000112
389	0.515981	0.017888	0.304526	0.000000	0.161489	0.000000	0.000000	0.000000	0.000116
390	0.514684	0.018036	0.305275	0.000000	0.161882	0.000000	0.000000	0.000000	0.000123
391	0.514317	0.017854	0.305259	0.000000	0.162421	0.000000	0.000000	0.000000	0.000149
392	0.514076	0.017852	0.304924	0.000000	0.163011	0.000000	0.000000	0.000000	0.000137
393	0.514034	0.017793	0.304560	0.000000	0.163486	0.000000	0.000000	0.000000	0.000127
394	0.513697	0.017757	0.304365	0.000000	0.164040	0.000000	0.000000	0.000000	0.000141
395	0.513584	0.017455	0.304379	0.000000	0.164455	0.000000	0.000000	0.000000	0.000127
396	0.513628	0.017520	0.303706	0.000000	0.164999	0.000000	0.000000	0.000000	0.000147
397	0.513774	0.017482	0.303239	0.000000	0.165345	0.000000	0.000000	0.000000	0.000160
398	0.513575	0.017396	0.303042	0.000000	0.165819	0.000000	0.000000	0.000000	0.000168
399	0.512914	0.017494	0.302902	0.000000	0.166505	0.000000	0.000000	0.000000	0.000185
400	0.512389	0.017357	0.303310	0.000000	0.166780	0.000000	0.000000	0.000000	0.000164
401	0.512163	0.017584	0.302813	0.000000	0.167263	0.000000	0.000000	0.000000	0.000177
402	0.511997	0.017514	0.302448	0.000000	0.167872	0.000000	0.000000	0.000000	0.000169
403	0.511594	0.017485	0.302352	0.000000	0.168394	0.000000	0.000000	0.000000	0.000175
404	0.511139	0.017418	0.302439	0.000000	0.168816	0.000000	0.000000	0.000000	0.000188
405	0.510732	0.017319	0.302088	0.000000	0.169685	0.000000	0.000000	0.000000	0.000176
406	0.510362	0.017200	0.301923	0.000000	0.170342	0.000000	0.000000	0.000000	0.000173
407	0.510563	0.017312	0.300929	0.000000	0.171030	0.000000	0.000000	0.000000	0.000166
408	0.510315	0.017479	0.300549	0.000000	0.171504	0.000000	0.000000	0.000000	0.000153
409	0.509347	0.017278	0.301019	0.000000	0.172204	0.000000	0.000000	0.000000	0.000152
410	0.508826	0.017243	0.300921	0.000000	0.172861	0.000000	0.000000	0.000000	0.000149
411	0.508183	0.017113	0.301214	0.000000	0.173332	0.000000	0.000000	0.000000	0.000158
412	0.507879	0.017124	0.301100	0.000000	0.173759	0.000000	0.000000	0.000000	0.000138
413	0.507577	0.017158	0.300750	0.000000	0.174361	0.000000	0.000000	0.000000	0.000154
414	0.507400	0.016982	0.300666	0.000000	0.174792	0.000000	0.000000	0.000000	0.000160
415	0.507211	0.017099	0.299786	0.000000	0.175725	0.000000	0.000000	0.000000	0.000179
416	0.507218	0.017258	0.299549	0.000000	0.175802	0.000000	0.000000	0.000000	0.000173
417	0.506635	0.017143	0.299637	0.000000	0.176419	0.000000	0.000000	0.000000	0.000166
418	0.506758	0.017160	0.298849	0.000000	0.177083	0.000000	0.000000	0.000000	0.000150
419	0.506475	0.017064	0.298896	0.000000	0.177399	0.000000	0.000000	0.000000	0.000166
420	0.506155	0.017053	0.298803	0.000000	0.177827	0.000000	0.000000	0.000000	0.000162
421	0.505706	0.017065	0.298596	0.000000	0.178453	0.000000	0.000000	0.000000	0.000180
422	0.505764	0.017123	0.298055	0.000000	0.178877	0.000000	0.000000	0.000000	0.000181
423	0.505605	0.017032	0.297458	0.000000	0.179719	0.000000	0.000000	0.000000	0.000186
424	0.505822	0.016807	0.296946	0.000000	0.180228	0.000000	0.000000	0.000000	0.000197
425	0.505312	0.016800	0.296976	0.000000	0.180709	0.000000	0.000000	0.000000	0.000203
426	0.505111	0.016589	0.296633	0.000000	0.181455	0.000000	0.000000	0.000000	0.000212
427	0.504787	0.016572	0.296677	0.000000	0.181763	0.000000	0.000000	0.000000	0.000201
428	0.504249	0.016424	0.296823	0.000000	0.182283	0.000000	0.000000	0.000000	0.000221
429	0.504246	0.016478	0.296405	0.000000	0.182641	0.000000	0.000000	0.000000	0.000230
430	0.504221	0.016470	0.295917	0.000000	0.183175	0.000000	0.000000	0.000000	0.000217
431	0.503435	0.016361	0.296262	0.000000	0.183716	0.000000	0.000000	0.000000	0.000226
432	0.503024	0.016202	0.296259	0.000000	0.184284	0.000000	0.000000	0.000000	0.000231
433	0.502646	0.016205	0.295532	0.000000	0.185381	0.000000	0.000000	0.000000	0.000236
434	0.502651	0.016156	0.294984	0.000000	0.185977	0.000000	0.000000	0.000000	0.000232
435	0.501887	0.016155	0.294882	0.000000	0.186835	0.000000	0.000000	0.000000	0.000241
436	0.501991	0.016148	0.294479	0.000000	0.187139	0.000000	0.000000	0.000000	0.000243
437	0.502147	0.015775	0.294367	0.000000	0.187479	0.000000	0.000000	0.000000	0.000232
438	0.501988	0.015776	0.293646	0.000000	0.188368	0.000000	0.000000	0.000000	0.000222
439	0.501312	0.015591	0.294026	0.000000	0.188832	0.000000	0.000000	0.000000	0.000239
440	0.500600	0.015610	0.294233	0.000000	0.189335	0.000000	0.000000	0.000000	0.000222
441	0.499946	0.015632	0.294389	0.000000	0.189801	0.000000	0.000000	0.000000	0.000232
442	0.500263	0.015614	0.293466	0.000000	0.190415	0.000000	0.000000	0.000000	0.000242
443	0.500008	0.015596	0.293516	0.000000	0.190645	0.000000	0.000000	0.000000	0.000235
444	0.499607	0.015538	0.293160	0.000000	0.191443	0.000000	0.000000	0.000000	0.000252
445	0.499187	0.015555	0.293240	0.000000	0.191777	0.000000	0.000000	0.000000	0.000241
446	0.498635	0.015457	0.293519	0.000000	0.192173	0.000000	0.000000	0.000000	0.000216
447	0.498376	0.015491	0.293109	0.000000	0.192797	0.000000	0.000000	0.000000	0.000227
448	0.498388	0.015484	0.292832	0.000000	0.193081	0.000000	0.000000	0.000000	0.000215
449	0.498012	0.015432	0.292698	0.000000	0.193632	0.000000	0.000000	0.000000	0.000226
450	0.497078	0.015421	0.293301	0.000000	0.194002	0.000000	0.000000	0.000000	0.000198
451	0.496595	0.015520	0.293091	0.000000	0.194595	0.000000	0.000000	0.000000	0.000199
452	0.496537	0.015458	0.292996	0.000000	0.194810	0.000000	0.000000	0.000000	0.000199
453	0.495906	0.015561	0.292978	0.000000	0.195341	0.000000	0.000000	0.000000	0.000214
454	0.495475	0.015368	0.292992	0.000000	0.195973	0.000000	0.000000	0.000000	0.000192
455	0.495190	0.015439	0.292903	0.000000	0.196282	0.000000	0.000000	0.000000	0.000186
456	0.494204	0.015345	0.293327	0.000000	0.196951	0.000000	0.000000	0.000000	0.000173
457	0.493802	0.015299	0.292986	0.000000	0.197732	0.000000	0.000000	0.000000	0.000181
458	0.493118	0.015426	0.292956	0.000000	0.198324	0.000000	0.000000	0.000000	0.000176
459	0.493168	0.015310	0.292562	0.000000	0.198803	0.000000	0.000000	0.000000	0.000157
460	0.492439	0.015164	0.292891	0.000000	0.199332	0.000000	0.000000	0.000000	0.000174
461	0.491851	0.015115	0.293279	0.000000	0.199578	0.000000	0.000000	0.000000	0.000177
462	0.491556	0.014910	0.292927	0.000000	0.200442	0.000000	0.000000	0.000000	0.000165
463	0.490452	0.015019	0.293464	0.000000	0.200895	0.000000	0.000000	0.000000	0.000170
464	0.490642	0.014890	0.292630	0.000000	0.201686	0.000000	0.000000	0.000000	0.000152
465	0.490028	0.014734	0.293022	0.000000	0.202067	0.000000	0.000000	0.000000	0.000149
466	0.490093	0.014622	0.292447	0.000000	0.202693	0.000000	0.000000	0.000000	0.000145
467	0.489785	0.014682	0.292491	0.000000	0.202896	0.000000	0.000000	0.000000	0.000146
468	0.489437	0.014604	0.292161	0.000000	0.203643	0.000000	0.000000	0.000000	0.000155
469	0.488877	0.014648	0.292173	0.000000	0.204143	0.000000	0.000000	0.000000	0.000159
470	0.487971	0.014640	0.292414	0.000000	0.204830	0.000000	0.000000	0.000000	0.000145
