0	0.290663	0.057897	0.229473	0.157588	0.029913	0.111872	0.085455	0.012259	0.024880
1	0.246935	0.050744	0.210744	0.138012	0.028249	0.118228	0.104615	0.020500	0.081973
2	0.260451	0.052500	0.220369	0.131251	0.028169	0.112621	0.094451	0.018412	0.081776
3	0.278989	0.054996	0.231469	0.123955	0.028454	0.105682	0.082679	0.015600	0.078176
4	0.298527	0.056844	0.241039	0.116669	0.028699	0.098512	0.071607	0.013591	0.074512
5	0.317422	0.058425	0.250115	0.109203	0.029206	0.090780	0.062646	0.011533	0.070670
6	0.335409	0.059756	0.257777	0.102196	0.029592	0.084067	0.054291	0.009907	0.067005
7	0.352557	0.060566	0.265157	0.095189	0.030284	0.077393	0.047231	0.008450	0.063173
8	0.368602	0.061291	0.271564	0.088432	0.030852	0.071414	0.041073	0.007145	0.059627
9	0.384355	0.061853	0.276928	0.082194	0.031125	0.065770	0.035527	0.006191	0.056057
10	0.399600	0.062006	0.282001	0.075594	0.031676	0.059995	0.030872	0.005325	0.052931
11	0.413187	0.062317	0.286187	0.070089	0.032035	0.054652	0.026872	0.004507	0.050154
12	0.425122	0.062835	0.289812	0.064767	0.032510	0.050290	0.023566	0.003816	0.047282
13	0.436842	0.062431	0.293806	0.059447	0.033028	0.045807	0.020392	0.003353	0.044894
14	0.447356	0.061887	0.297504	0.054879	0.033633	0.042115	0.017483	0.002871	0.042272
15	0.457457	0.061749	0.299762	0.050885	0.034231	0.038462	0.015203	0.002488	0.039763
16	0.466602	0.061497	0.302024	0.046895	0.034860	0.035103	0.013381	0.002081	0.037557
17	0.475118	0.060930	0.304246	0.043109	0.035592	0.031960	0.011618	0.001808	0.035619
18	0.482159	0.061064	0.306280	0.039764	0.036301	0.029054	0.010108	0.001566	0.033704
19	0.489231	0.060714	0.307731	0.036757	0.037033	0.026454	0.008862	0.001361	0.031857
20	0.495604	0.060034	0.309447	0.033519	0.038025	0.024414	0.007799	0.001188	0.029970
21	0.501573	0.059285	0.310328	0.031070	0.039044	0.022312	0.006746	0.000965	0.028677
22	0.506778	0.058731	0.311809	0.028570	0.039905	0.020457	0.005845	0.000839	0.027066
23	0.511856	0.058157	0.312761	0.026491	0.040782	0.018742	0.005116	0.000763	0.025332
24	0.515975	0.057527	0.314329	0.024529	0.041439	0.017183	0.004409	0.000667	0.023942
25	0.520159	0.057024	0.314413	0.022884	0.042592	0.015852	0.003903	0.000594	0.022579
26	0.524134	0.056655	0.314189	0.021347	0.043503	0.014512	0.003546	0.000491	0.021623
27	0.527163	0.055965	0.315343	0.019823	0.044517	0.013344	0.003052	0.000437	0.020356
28	0.530104	0.055242	0.315789	0.018527	0.045765	0.012359	0.002637	0.000357	0.019220
29	0.533185	0.054366	0.315649	0.017268	0.046758	0.011609	0.002294	0.000345	0.018526
30	0.536295	0.053768	0.315056	0.015845	0.048174	0.010782	0.002053	0.000271	0.017756
31	0.538390	0.053015	0.315318	0.014953	0.049548	0.009857	0.001732	0.000251	0.016936
32	0.540063	0.052655	0.315731	0.013871	0.050722	0.009200	0.001527	0.000233	0.015998
33	0.542311	0.051883	0.315159	0.013009	0.052196	0.008696	0.001393	0.000196	0.015157
34	0.543601	0.051514	0.315172	0.012145	0.053489	0.008158	0.001258	0.000176	0.014487
35	0.544865	0.050658	0.315761	0.011426	0.054668	0.007594	0.001062	0.000147	0.013819
36	0.545954	0.050164	0.315379	0.010872	0.055969	0.007273	0.000995	0.000131	0.013263
37	0.547336	0.049457	0.315180	0.010334	0.057368	0.006724	0.000883	0.000097	0.012621
38	0.547643	0.049030	0.315362	0.009661	0.058910	0.006395	0.000738	0.000095	0.012166
39	0.549418	0.048512	0.314048	0.009192	0.060303	0.005980	0.000683	0.000072	0.011792
40	0.549818	0.047881	0.314373	0.008636	0.061919	0.005543	0.000623	0.000061	0.011146
41	0.550321	0.046847	0.314566	0.008069	0.063573	0.005238	0.000600	0.000054	0.010732
42	0.550785	0.046158	0.314321	0.007730	0.065234	0.004966	0.000506	0.000040	0.010260
43	0.551159	0.045809	0.313923	0.007231	0.066962	0.004690	0.000499	0.000041	0.009686
44	0.550989	0.045294	0.313957	0.006947	0.068509	0.004474	0.000440	0.000040	0.009350
45	0.550850	0.045001	0.313670	0.006565	0.070382	0.004055	0.000389	0.000028	0.009060
46	0.550475	0.044637	0.313688	0.006244	0.071918	0.003899	0.000309	0.000024	0.008806
47	0.550761	0.043660	0.313433	0.005966	0.073820	0.003649	0.000306	0.000020	0.008385
48	0.549894	0.043263	0.313451	0.005641	0.075803	0.003477	0.000266	0.000029	0.008176
49	0.549871	0.042523	0.312599	0.005447	0.078051	0.003239	0.000248	0.000032	0.007990
50	0.549586	0.042187	0.312095	0.005187	0.079917	0.003123	0.000230	0.000031	0.007644
51	0.548780	0.041423	0.312623	0.004898	0.081661	0.002970	0.000214	0.000019	0.007412
52	0.548639	0.040723	0.312678	0.004612	0.083286	0.002774	0.000176	0.000021	0.007091
53	0.547887	0.040314	0.312035	0.004568	0.085621	0.002687	0.000165	0.000020	0.006703
54	0.547281	0.039527	0.312246	0.004336	0.087377	0.002523	0.000153	0.000011	0.006546
55	0.547159	0.038769	0.311868	0.004118	0.089264	0.002419	0.000135	0.000013	0.006255
56	0.546769	0.038435	0.310995	0.004019	0.091451	0.002258	0.000110	0.000008	0.005955
57	0.546113	0.037828	0.310152	0.003826	0.093886	0.002222	0.000091	0.000006	0.005876
58	0.545299	0.037347	0.309877	0.003596	0.095978	0.002094	0.000094	0.000004	0.005711
59	0.544700	0.036634	0.308914	0.003507	0.098510	0.002090	0.000083	0.000004	0.005558
60	0.543579	0.036143	0.308628	0.003367	0.100753	0.001980	0.000084	0.000001	0.005465
61	0.542953	0.035638	0.307813	0.003242	0.103114	0.001853	0.000060	0.000003	0.005324
62	0.541896	0.035125	0.307102	0.003078	0.105863	0.001768	0.000059	0.000002	0.005107
63	0.541024	0.034523	0.306357	0.003013	0.108295	0.001684	0.000046	0.000001	0.005057
64	0.539986	0.033710	0.305855	0.002924	0.110816	0.001685	0.000040	0.000000	0.004984
65	0.539087	0.033350	0.305079	0.002831	0.113078	0.001645	0.000026	0.000000	0.004904
66	0.538402	0.032767	0.304250	0.002668	0.115630	0.001590	0.000022	0.000000	0.004671
67	0.537199	0.032134	0.303930	0.002552	0.118229	0.001444	0.000018	0.000000	0.004494
68	0.536682	0.031531	0.302844	0.002398	0.120824	0.001438	0.000023	0.000000	0.004260
69	0.536079	0.031002	0.301829	0.002342	0.123287	0.001328	0.000019	0.000000	0.004114
70	0.534623	0.030332	0.301107	0.002189	0.126359	0.001327	0.000019	0.000000	0.004044
71	0.533057	0.029956	0.300219	0.002130	0.129423	0.001292	0.000019	0.000000	0.003904
72	0.532576	0.029460	0.298654	0.002024	0.132188	0.001231	0.000017	0.000000	0.003850
73	0.531367	0.029192	0.297826	0.001954	0.134763	0.001195	0.000014	0.000000	0.003689
74	0.529165	0.028868	0.297462	0.001843	0.137876	0.001165	0.000010	0.000000	0.003611
75	0.528071	0.028417	0.296262	0.001839	0.140916	0.001088	0.000006	0.000000	0.003401
76	0.526727	0.028046	0.295482	0.001770	0.143643	0.001034	0.000005	0.000000	0.003293
77	0.525387	0.027620	0.294084	0.001703	0.146970	0.001019	0.000003	0.000000	0.003214
78	0.522951	0.027127	0.294039	0.001620	0.150134	0.000965	0.000004	0.000000	0.003160
79	0.521510	0.026889	0.293053	0.001549	0.152998	0.000880	0.000001	0.000000	0.003120
80	0.520272	0.026390	0.292071	0.001517	0.155985	0.000821	0.000002	0.000000	0.002942
81	0.518567	0.026286	0.290945	0.001469	0.159172	0.000777	0.000003	0.000000	0.002781
82	0.517080	0.025921	0.289884	0.001337	0.162393	0.000726	0.000003	0.000000	0.002656
83	0.515505	0.025666	0.288859	0.001386	0.165273	0.000692	0.000005	0.000000	0.002614
84	0.514061	0.025185	0.287681	0.001346	0.168590	0.000653	0.000001	0.000000	0.002483
85	0.512011	0.024875	0.286815	0.001300	0.171935	0.000664	0.000002	0.000000	0.002398
86	0.510186	0.024278	0.286048	0.001258	0.175183	0.000659	0.000002	0.000000	0.002386
87	0.508113	0.023887	0.285422	0.001218	0.178361	0.000637	0.000002	0.000000	0.002360
88	0.506319	0.023456	0.284396	0.001152	0.181746	0.000603	0.000001	0.000000	0.002327
89	0.504096	0.023054	0.283857	0.001209	0.184905	0.000627	0.000000	0.000000	0.002252
90	0.502566	0.022808	0.282444	0.001185	0.188231	0.000590	0.000000	0.000000	0.002176
91	0.500871	0.022386	0.281309	0.001159	0.191571	0.000584	0.000001	0.000000	0.002119
92	0.498882	0.022057	0.280430	0.001121	0.194789	0.000625	0.000001	0.000000	0.002095
93	0.496877	0.021553	0.279870	0.001115	0.198015	0.000560	0.000000	0.000000	0.002010
94	0.494809	0.021173	0.278253	0.001073	0.202190	0.000542	0.000000	0.000000	0.001960
95	0.492868	0.020987	0.276987	0.001068	0.205667	0.000528	0.000003	0.000000	0.001892
96	0.491772	0.020658	0.275238	0.001042	0.208905	0.000523	0.000002	0.000000	0.001860
97	0.488846	0.020294	0.274894	0.001025	0.212610	0.000490	0.000001	0.000000	0.001840
98	0.486911	0.020085	0.274360	0.000969	0.215418	0.000462	0.000001	0.000000	0.001794
99	0.484458	0.019767	0.273650	0.000934	0.219041	0.000426	0.000004	0.000000	0.001720
100	0.482187	0.019498	0.272316	0.000906	0.222957	0.000433	0.000002	0.000000	0.001701
101	0.480220	0.019073	0.270887	0.000866	0.226856	0.000418	0.000002	0.000000	0.001678
102	0.477946	0.018838	0.270001	0.000861	0.230381	0.000401	0.000002	0.000000	0.001570
103	0.475415	0.018589	0.269242	0.000810	0.234019	0.000401	0.000001	0.000000	0.001523
104	0.473513	0.018374	0.267617	0.000825	0.237784	0.000378	0.000001	0.000000	0.001508
105	0.470705	0.018005	0.266590	0.000789	0.242086	0.000381	0.000000	0.000000	0.001444
106	0.468846	0.017801	0.265032	0.000755	0.245756	0.000403	0.000000	0.000000	0.001407
107	0.466491	0.017431	0.264051	0.000759	0.249557	0.000379	0.000000	0.000000	0.001332
108	0.464003	0.017050	0.262413	0.000744	0.254048	0.000383	0.000000	0.000000	0.001359
109	0.461537	0.016760	0.261619	0.000717	0.257691	0.000370	0.000000	0.000000	0.001306
110	0.459104	0.016531	0.260524	0.000745	0.261489	0.000362	0.000000	0.000000	0.001245
111	0.456787	0.016339	0.259269	0.000738	0.265272	0.000348	0.000000	0.000000	0.001247
112	0.454402	0.015904	0.257628	0.000723	0.269772	0.000345	0.000000	0.000000	0.001226
113	0.451417	0.015679	0.256696	0.000750	0.273914	0.000354	0.000000	0.000000	0.001190
114	0.448805	0.015224	0.255339	0.000744	0.278294	0.000367	0.000000	0.000000	0.001227
115	0.445459	0.015065	0.254563	0.000725	0.282702	0.000357	0.000000	0.000000	0.001129
116	0.442839	0.014910	0.252965	0.000727	0.287126	0.000349	0.000000	0.000000	0.001084
117	0.440246	0.014556	0.251690	0.000740	0.291370	0.000368	0.000000	0.000000	0.001030
118	0.437852	0.014285	0.250106	0.000735	0.295666	0.000361	0.000000	0.000000	0.000995
119	0.434659	0.013955	0.249551	0.000727	0.299808	0.000344	0.000000	0.000000	0.000956
120	0.432171	0.013589	0.247910	0.000703	0.304292	0.000349	0.000000	0.000000	0.000986
121	0.429987	0.013220	0.246450	0.000694	0.308359	0.000347	0.000000	0.000000	0.000943
122	0.427597	0.013073	0.244434	0.000716	0.312900	0.000336	0.000000	0.000000	0.000944
123	0.424399	0.012669	0.243316	0.000699	0.317615	0.000338	0.000000	0.000000	0.000964
124	0.421640	0.012474	0.241428	0.000667	0.322548	0.000334	0.000000	0.000000	0.000909
125	0.418784	0.012375	0.239844	0.000639	0.327197	0.000303	0.000000	0.000000	0.000858
126	0.416162	0.012237	0.238204	0.000625	0.331646	0.000280	0.000000	0.000000	0.000846
127	0.413496	0.011980	0.237012	0.000627	0.335733	0.000301	0.000000	0.000000	0.000851
128	0.410401	0.011909	0.235593	0.000597	0.340332	0.000327	0.000000	0.000000	0.000841
129	0.407473	0.011594	0.234282	0.000577	0.344991	0.000325	0.000000	0.000000	0.000758
130	0.405530	0.011369	0.232482	0.000549	0.348991	0.000323	0.000000	0.000000	0.000756
131	0.402285	0.011224	0.231333	0.000555	0.353615	0.000305	0.000000	0.000000	0.000683
132	0.399264	0.011183	0.229946	0.000523	0.358104	0.000297	0.000000	0.000000	0.000683
133	0.396293	0.011065	0.228002	0.000546	0.363144	0.000318	0.000000	0.000000	0.000632
134	0.393468	0.010948	0.226422	0.000541	0.367636	0.000320	0.000000	0.000000	0.000665
135	0.390762	0.010700	0.224972	0.000508	0.372117	0.000304	0.000000	0.000000	0.000637
136	0.387708	0.010528	0.223270	0.000515	0.377062	0.000287	0.000000	0.000000	0.000630
137	0.384906	0.010367	0.221770	0.000495	0.381572	0.000265	0.000000	0.000000	0.000625
138	0.381753	0.010205	0.220024	0.000482	0.386684	0.000249	0.000000	0.000000	0.000603
139	0.379746	0.010070	0.217788	0.000494	0.391085	0.000224	0.000000	0.000000	0.000593
140	0.376804	0.009803	0.216176	0.000502	0.395905	0.000227	0.000000	0.000000	0.000583
141	0.373932	0.009606	0.214718	0.000501	0.400454	0.000222	0.000000	0.000000	0.000567
142	0.370834	0.009405	0.213694	0.000517	0.404728	0.000223	0.000000	0.000000	0.000599
143	0.367974	0.009160	0.212758	0.000530	0.408785	0.000217	0.000000	0.000000	0.000576
144	0.365112	0.008981	0.211435	0.000532	0.413201	0.000221	0.000000	0.000000	0.000518
145	0.362583	0.008856	0.209443	0.000510	0.417886	0.000195	0.000000	0.000000	0.000527
146	0.359433	0.008641	0.208099	0.000502	0.422603	0.000197	0.000000	0.000000	0.000525
147	0.357252	0.008510	0.206253	0.000494	0.426731	0.000215	0.000000	0.000000	0.000545
148	0.354191	0.008305	0.204484	0.000496	0.431756	0.000221	0.000000	0.000000	0.000547
149	0.351604	0.008002	0.202672	0.000466	0.436536	0.000213	0.000000	0.000000	0.000507
150	0.347992	0.007834	0.201507	0.000476	0.441459	0.000233	0.000000	0.000000	0.000499
151	0.345036	0.007603	0.199785	0.000474	0.446400	0.000215	0.000000	0.000000	0.000487
152	0.342002	0.007393	0.197991	0.000485	0.451439	0.000228	0.000000	0.000000	0.000462
153	0.338938	0.007363	0.196117	0.000454	0.456440	0.000242	0.000000	0.000000	0.000446
154	0.335561	0.007221	0.194841	0.000471	0.461199	0.000267	0.000000	0.000000	0.000440
155	0.332820	0.006990	0.193189	0.000467	0.465859	0.000257	0.000000	0.000000	0.000418
156	0.329851	0.006833	0.191248	0.000464	0.470896	0.000270	0.000000	0.000000	0.000438
157	0.327150	0.006715	0.189451	0.000450	0.475560	0.000276	0.000000	0.000000	0.000398
158	0.323874	0.006571	0.188200	0.000471	0.480205	0.000268	0.000000	0.000000	0.000411
159	0.321337	0.006312	0.186569	0.000451	0.484692	0.000274	0.000000	0.000000	0.000365
160	0.318230	0.006200	0.185601	0.000472	0.488876	0.000274	0.000000	0.000000	0.000347
161	0.315136	0.005932	0.184414	0.000469	0.493453	0.000238	0.000000	0.000000	0.000358
162	0.311938	0.005776	0.183170	0.000509	0.497995	0.000254	0.000000	0.000000	0.000358
163	0.308950	0.005646	0.181598	0.000502	0.502697	0.000270	0.000000	0.000000	0.000337
164	0.306250	0.005564	0.179635	0.000499	0.507486	0.000253	0.000000	0.000000	0.000313
165	0.303075	0.005323	0.178065	0.000479	0.512491	0.000269	0.000000	0.000000	0.000298
166	0.300566	0.005203	0.176107	0.000502	0.517072	0.000279	0.000000	0.000000	0.000271
167	0.297678	0.005045	0.174475	0.000487	0.521797	0.000254	0.000000	0.000000	0.000264
168	0.294671	0.004947	0.172871	0.000521	0.526477	0.000265	0.000000	0.000000	0.000248
169	0.291532	0.004777	0.171478	0.000512	0.531184	0.000264	0.000000	0.000000	0.000253
170	0.288551	0.004731	0.170039	0.000516	0.535685	0.000259	0.000000	0.000000	0.000219
171	0.286115	0.004630	0.167840	0.000539	0.540408	0.000263	0.000000	0.000000	0.000205
172	0.283252	0.004614	0.166012	0.000531	0.545112	0.000275	0.000000	0.000000	0.000204
173	0.280473	0.004482	0.164777	0.000544	0.549223	0.000289	0.000000	0.000000	0.000212
174	0.277642	0.004482	0.163444	0.000533	0.553414	0.000291	0.000000	0.000000	0.000194
175	0.274765	0.004413	0.161832	0.000492	0.558001	0.000299	0.000000	0.000000	0.000198
176	0.271583	0.004275	0.160861	0.000488	0.562295	0.000294	0.000000	0.000000	0.000204
177	0.268457	0.004306	0.159258	0.000491	0.567007	0.000302	0.000000	0.000000	0.000179
178	0.265466	0.004300	0.157676	0.000483	0.571613	0.000303	0.000000	0.000000	0.000159
179	0.263190	0.004263	0.156088	0.000503	0.575501	0.000309	0.000000	0.000000	0.000146
180	0.260587	0.004201	0.154805	0.000508	0.579406	0.000332	0.000000	0.000000	0.000161
181	0.257550	0.004227	0.153362	0.000507	0.583916	0.000289	0.000000	0.000000	0.000149
182	0.254696	0.004123	0.151725	0.000526	0.588501	0.000290	0.000000	0.000000	0.000139
183	0.252159	0.003852	0.150426	0.000517	0.592617	0.000303	0.000000	0.000000	0.000126
184	0.249490	0.003830	0.148836	0.000508	0.596930	0.000291	0.000000	0.000000	0.000115
185	0.246959	0.003746	0.147629	0.000512	0.600747	0.000294	0.000000	0.000000	0.000113
186	0.243930	0.003650	0.146556	0.000499	0.604972	0.000291	0.000000	0.000000	0.000102
187	0.241388	0.003547	0.144942	0.000525	0.609222	0.000288	0.000000	0.000000	0.000088
188	0.238626	0.003396	0.143353	0.000531	0.613709	0.000286	0.000000	0.000000	0.000099
189	0.236324	0.003244	0.141786	0.000530	0.617738	0.000293	0.000000	0.000000	0.000085
190	0.233960	0.003222	0.140032	0.000546	0.621865	0.000298	0.000000	0.000000	0.000077
191	0.231501	0.003113	0.138554	0.000568	0.625918	0.000283	0.000000	0.000000	0.000063
192	0.228674	0.003091	0.137322	0.000536	0.630022	0.000279	0.000000	0.000000	0.000076
193	0.225961	0.002962	0.135661	0.000578	0.634467	0.000290	0.000000	0.000000	0.000081
194	0.223159	0.002888	0.134368	0.000558	0.638659	0.000290	0.000000	0.000000	0.000078
195	0.220512	0.002884	0.132654	0.000572	0.643010	0.000292	0.000000	0.000000	0.000076
196	0.218158	0.002717	0.131136	0.000567	0.647055	0.000299	0.000000	0.000000	0.000068
197	0.215645	0.002622	0.129775	0.000590	0.651023	0.000270	0.000000	0.000000	0.000075
198	0.212545	0.002589	0.128667	0.000585	0.655266	0.000273	0.000000	0.000000	0.000075
199	0.210125	0.002576	0.127393	0.000606	0.658982	0.000247	0.000000	0.000000	0.000071
200	0.207772	0.002467	0.125955	0.000616	0.662868	0.000257	0.000000	0.000000	0.000065
201	0.205496	0.002347	0.124333	0.000624	0.666909	0.000223	0.000000	0.000000	0.000068
202	0.202586	0.002298	0.123248	0.000609	0.670959	0.000235	0.000000	0.000000	0.000065
203	0.200157	0.002338	0.121706	0.000595	0.674907	0.000235	0.000000	0.000000	0.000062
204	0.197881	0.002311	0.120204	0.000587	0.678736	0.000230	0.000000	0.000000	0.000051
205	0.195074	0.002243	0.119025	0.000580	0.682793	0.000230	0.000000	0.000000	0.000055
206	0.192370	0.002206	0.117819	0.000608	0.686725	0.000225	0.000000	0.000000	0.000047
207	0.190104	0.002153	0.116371	0.000621	0.690477	0.000228	0.000000	0.000000	0.000046
208	0.187650	0.002058	0.114995	0.000583	0.694431	0.000236	0.000000	0.000000	0.000047
209	0.185687	0.001970	0.113229	0.000614	0.698209	0.000248	0.000000	0.000000	0.000043
210	0.182927	0.001959	0.112039	0.000631	0.702193	0.000210	0.000000	0.000000	0.000041
211	0.180366	0.001849	0.110734	0.000626	0.706170	0.000215	0.000000	0.000000	0.000040
212	0.178661	0.001772	0.109153	0.000639	0.709529	0.000209	0.000000	0.000000	0.000037
213	0.176119	0.001716	0.107924	0.000688	0.713312	0.000214	0.000000	0.000000	0.000027
214	0.173961	0.001737	0.106626	0.000661	0.716771	0.000218	0.000000	0.000000	0.000026
215	0.171721	0.001625	0.105276	0.000667	0.720464	0.000222	0.000000	0.000000	0.000025
216	0.169553	0.001628	0.103685	0.000666	0.724222	0.000228	0.000000	0.000000	0.000018
217	0.167372	0.001619	0.102422	0.000679	0.727667	0.000227	0.000000	0.000000	0.000014
218	0.165264	0.001525	0.101216	0.000686	0.731070	0.000226	0.000000	0.000000	0.000013
219	0.163011	0.001495	0.099713	0.000668	0.734879	0.000224	0.000000	0.000000	0.000010
220	0.160954	0.001416	0.098300	0.000673	0.738434	0.000215	0.000000	0.000000	0.000008
221	0.158997	0.001321	0.096661	0.000698	0.742098	0.000219	0.000000	0.000000	0.000006
222	0.157231	0.001265	0.095065	0.000735	0.745485	0.000214	0.000000	0.000000	0.000005
223	0.154865	0.001240	0.093987	0.000757	0.748942	0.000204	0.000000	0.000000	0.000005
224	0.152453	0.001202	0.092608	0.000778	0.752740	0.000212	0.000000	0.000000	0.000007
225	0.150070	0.001169	0.091590	0.000769	0.756183	0.000213	0.000000	0.000000	0.000006
226	0.147872	0.001146	0.090309	0.000769	0.759695	0.000202	0.000000	0.000000	0.000007
227	0.146325	0.001061	0.088709	0.000804	0.762900	0.000196	0.000000	0.000000	0.000005
228	0.144312	0.000978	0.087773	0.000801	0.765921	0.000211	0.000000	0.000000	0.000004
229	0.142207	0.001023	0.086467	0.000813	0.769256	0.000231	0.000000	0.000000	0.000003
230	0.140072	0.000928	0.085385	0.000812	0.772601	0.000200	0.000000	0.000000	0.000002
231	0.138220	0.000918	0.084212	0.000804	0.775642	0.000200	0.000000	0.000000	0.000004
232	0.136958	0.000908	0.082464	0.000839	0.778627	0.000199	0.000000	0.000000	0.000005
233	0.135296	0.000811	0.081337	0.000819	0.781530	0.000206	0.000000	0.000000	0.000001
234	0.133508	0.000753	0.080197	0.000789	0.784539	0.000211	0.000000	0.000000	0.000003
235	0.131161	0.000708	0.079419	0.000779	0.787725	0.000207	0.000000	0.000000	0.000001
236	0.129285	0.000680	0.078134	0.000792	0.790890	0.000219	0.000000	0.000000	0.000000
237	0.127273	0.000662	0.076958	0.000782	0.794081	0.000244	0.000000	0.000000	0.000000
238	0.125347	0.000618	0.075747	0.000768	0.797291	0.000229	0.000000	0.000000	0.000000
239	0.123462	0.000635	0.074480	0.000781	0.800393	0.000249	0.000000	0.000000	0.000000
240	0.121811	0.000607	0.073493	0.000791	0.803051	0.000247	0.000000	0.000000	0.000000
241	0.119917	0.000625	0.072522	0.000800	0.805893	0.000243	0.000000	0.000000	0.000000
242	0.117775	0.000660	0.071264	0.000791	0.809266	0.000244	0.000000	0.000000	0.000000
243	0.116043	0.000648	0.069883	0.000799	0.812382	0.000245	0.000000	0.000000	0.000000
244	0.114277	0.000635	0.068840	0.000769	0.815224	0.000255	0.000000	0.000000	0.000000
245	0.112127	0.000636	0.068223	0.000797	0.817951	0.000266	0.000000	0.000000	0.000000
246	0.109998	0.000644	0.067173	0.000784	0.821172	0.000229	0.000000	0.000000	0.000000
247	0.108556	0.000633	0.065998	0.000746	0.823819	0.000248	0.000000	0.000000	0.000000
248	0.107280	0.000606	0.064549	0.000744	0.826563	0.000258	0.000000	0.000000	0.000000
249	0.105527	0.000605	0.063410	0.000771	0.829432	0.000255	0.000000	0.000000	0.000000
250	0.104033	0.000566	0.062260	0.000753	0.832128	0.000260	0.000000	0.000000	0.000000
251	0.102547	0.000525	0.061349	0.000771	0.834540	0.000268	0.000000	0.000000	0.000000
252	0.100757	0.000537	0.060554	0.000754	0.837145	0.000253	0.000000	0.000000	0.000000
253	0.099231	0.000520	0.059427	0.000755	0.839813	0.000254	0.000000	0.000000	0.000000
254	0.097900	0.000547	0.058210	0.000765	0.842327	0.000251	0.000000	0.000000	0.000000
255	0.096376	0.000535	0.057278	0.000789	0.844782	0.000240	0.000000	0.000000	0.000000
256	0.095106	0.000515	0.056348	0.000804	0.846967	0.000260	0.000000	0.000000	0.000000
257	0.093507	0.000496	0.055463	0.000791	0.849479	0.000264	0.000000	0.000000	0.000000
258	0.092029	0.000462	0.054709	0.000810	0.851716	0.000274	0.000000	0.000000	0.000000
259	0.090727	0.000461	0.053751	0.000759	0.854037	0.000265	0.000000	0.000000	0.000000
260	0.089269	0.000467	0.052605	0.000756	0.856648	0.000255	0.000000	0.000000	0.000000
261	0.087667	0.000456	0.051746	0.000778	0.859090	0.000263	0.000000	0.000000	0.000000
262	0.086107	0.000435	0.051181	0.000753	0.861282	0.000242	0.000000	0.000000	0.000000
263	0.084550	0.000438	0.050324	0.000766	0.863660	0.000262	0.000000	0.000000	0.000000
264	0.082907	0.000429	0.049379	0.000751	0.866287	0.000247	0.000000	0.000000	0.000000
265	0.081367	0.000394	0.048600	0.000757	0.868646	0.000236	0.000000	0.000000	0.000000
266	0.079958	0.000369	0.048025	0.000770	0.870634	0.000244	0.000000	0.000000	0.000000
267	0.078522	0.000368	0.047389	0.000763	0.872737	0.000221	0.000000	0.000000	0.000000
268	0.076928	0.000356	0.046837	0.000786	0.874854	0.000239	0.000000	0.000000	0.000000
269	0.075731	0.000356	0.046006	0.000781	0.876889	0.000237	0.000000	0.000000	0.000000
270	0.074547	0.000323	0.045275	0.000793	0.878832	0.000230	0.000000	0.000000	0.000000
271	0.072917	0.000316	0.044747	0.000806	0.880994	0.000220	0.000000	0.000000	0.000000
272	0.071514	0.000309	0.043944	0.000827	0.883170	0.000236	0.000000	0.000000	0.000000
273	0.070197	0.000313	0.043318	0.000795	0.885123	0.000254	0.000000	0.000000	0.000000
274	0.068832	0.000303	0.042768	0.000757	0.887087	0.000253	0.000000	0.000000	0.000000
275	0.067338	0.000301	0.042278	0.000770	0.889062	0.000251	0.000000	0.000000	0.000000
276	0.066176	0.000297	0.041617	0.000790	0.890874	0.000246	0.000000	0.000000	0.000000
277	0.064787	0.000292	0.040915	0.000768	0.892994	0.000244	0.000000	0.000000	0.000000
278	0.063558	0.000274	0.040204	0.000797	0.894931	0.000236	0.000000	0.000000	0.000000
279	0.062198	0.000265	0.039514	0.000782	0.897003	0.000238	0.000000	0.000000	0.000000
280	0.061135	0.000278	0.038642	0.000747	0.898945	0.000253	0.000000	0.000000	0.000000
281	0.060179	0.000258	0.037683	0.000772	0.900857	0.000251	0.000000	0.000000	0.000000
282	0.059401	0.000257	0.037054	0.000765	0.902267	0.000256	0.000000	0.000000	0.000000
283	0.058146	0.000251	0.036365	0.000783	0.904200	0.000255	0.000000	0.000000	0.000000
284	0.056950	0.000254	0.035877	0.000772	0.905883	0.000264	0.000000	0.000000	0.000000
285	0.055819	0.000225	0.035227	0.000776	0.907690	0.000263	0.000000	0.000000	0.000000
286	0.054757	0.000228	0.034460	0.000720	0.909569	0.000266	0.000000	0.000000	0.000000
287	0.053471	0.000240	0.033878	0.000725	0.911448	0.000238	0.000000	0.000000	0.000000
288	0.052623	0.000230	0.033288	0.000732	0.912875	0.000252	0.000000	0.000000	0.000000
289	0.051776	0.000251	0.032439	0.000712	0.914585	0.000237	0.000000	0.000000	0.000000
290	0.050873	0.000247	0.031689	0.000686	0.916267	0.000238	0.000000	0.000000	0.000000
291	0.049846	0.000221	0.031059	0.000688	0.917936	0.000250	0.000000	0.000000	0.000000
292	0.048829	0.000229	0.030392	0.000665	0.919629	0.000256	0.000000	0.000000	0.000000
293	0.047808	0.000221	0.029992	0.000666	0.921053	0.000260	0.000000	0.000000	0.000000
294	0.046745	0.000209	0.029398	0.000661	0.922695	0.000292	0.000000	0.000000	0.000000
295	0.045983	0.000221	0.028818	0.000658	0.924020	0.000300	0.000000	0.000000	0.000000
296	0.045154	0.000222	0.028287	0.000672	0.925360	0.000305	0.000000	0.000000	0.000000
297	0.044288	0.000226	0.027817	0.000707	0.926639	0.000323	0.000000	0.000000	0.000000
298	0.043228	0.000210	0.027299	0.000742	0.928219	0.000302	0.000000	0.000000	0.000000
299	0.042342	0.000195	0.026636	0.000729	0.929790	0.000308	0.000000	0.000000	0.000000
300	0.041859	0.000190	0.025959	0.000747	0.930915	0.000330	0.000000	0.000000	0.000000
301	0.040971	0.000187	0.025312	0.000721	0.932465	0.000344	0.000000	0.000000	0.000000
302	0.040137	0.000189	0.024805	0.000702	0.933808	0.000359	0.000000	0.000000	0.000000
303	0.039329	0.000179	0.024308	0.000728	0.935095	0.000361	0.000000	0.000000	0.000000
304	0.038734	0.000176	0.023682	0.000669	0.936356	0.000383	0.000000	0.000000	0.000000
305	0.037795	0.000166	0.023210	0.000689	0.937775	0.000365	0.000000	0.000000	0.000000
306	0.037005	0.000158	0.022625	0.000690	0.939135	0.000387	0.000000	0.000000	0.000000
307	0.036249	0.000146	0.022169	0.000646	0.940427	0.000363	0.000000	0.000000	0.000000
308	0.035554	0.000145	0.021679	0.000660	0.941572	0.000390	0.000000	0.000000	0.000000
309	0.034755	0.000136	0.021307	0.000665	0.942761	0.000376	0.000000	0.000000	0.000000
310	0.033937	0.000132	0.020971	0.000652	0.943918	0.000390	0.000000	0.000000	0.000000
311	0.033135	0.000116	0.020515	0.000661	0.945196	0.000377	0.000000	0.000000	0.000000
312	0.032311	0.000116	0.020247	0.000676	0.946262	0.000388	0.000000	0.000000	0.000000
313	0.031651	0.000125	0.019644	0.000663	0.947553	0.000364	0.000000	0.000000	0.000000
314	0.031051	0.000122	0.019183	0.000653	0.948629	0.000362	0.000000	0.000000	0.000000
315	0.030507	0.000127	0.018738	0.000650	0.949647	0.000331	0.000000	0.000000	0.000000
316	0.029746	0.000125	0.018394	0.000655	0.950758	0.000322	0.000000	0.000000	0.000000
317	0.029150	0.000140	0.017920	0.000682	0.951798	0.000310	0.000000	0.000000	0.000000
318	0.028382	0.000145	0.017598	0.000671	0.952895	0.000309	0.000000	0.000000	0.000000
319	0.027656	0.000145	0.017228	0.000659	0.954006	0.000306	0.000000	0.000000	0.000000
320	0.027011	0.000135	0.016971	0.000640	0.954939	0.000304	0.000000	0.000000	0.000000
321	0.026508	0.000122	0.016659	0.000667	0.955718	0.000326	0.000000	0.000000	0.000000
322	0.025929	0.000115	0.016201	0.000662	0.956783	0.000310	0.000000	0.000000	0.000000
323	0.025365	0.000099	0.015953	0.000654	0.957617	0.000312	0.000000	0.000000	0.000000
324	0.024792	0.000090	0.015634	0.000655	0.958509	0.000320	0.000000	0.000000	0.000000
325	0.024228	0.000079	0.015360	0.000622	0.959412	0.000299	0.000000	0.000000	0.000000
326	0.023586	0.000073	0.015200	0.000616	0.960202	0.000323	0.000000	0.000000	0.000000
327	0.023097	0.000063	0.014852	0.000644	0.961036	0.000308	0.000000	0.000000	0.000000
328	0.022645	0.000067	0.014409	0.000668	0.961890	0.000321	0.000000	0.000000	0.000000
329	0.022266	0.000064	0.013984	0.000657	0.962698	0.000331	0.000000	0.000000	0.000000
330	0.021740	0.000053	0.013726	0.000621	0.963536	0.000324	0.000000	0.000000	0.000000
331	0.021322	0.000043	0.013373	0.000632	0.964299	0.000331	0.000000	0.000000	0.000000
332	0.020958	0.000038	0.012975	0.000647	0.965045	0.000337	0.000000	0.000000	0.000000
333	0.020444	0.000033	0.012734	0.000652	0.965805	0.000332	0.000000	0.000000	0.000000
334	0.020035	0.000030	0.012406	0.000650	0.966536	0.000343	0.000000	0.000000	0.000000
335	0.019641	0.000026	0.012164	0.000646	0.967193	0.000330	0.000000	0.000000	0.000000
336	0.019083	0.000024	0.011965	0.000640	0.967954	0.000334	0.000000	0.000000	0.000000
337	0.018846	0.000021	0.011618	0.000658	0.968508	0.000349	0.000000	0.000000	0.000000
338	0.018323	0.000025	0.011457	0.000662	0.969195	0.000338	0.000000	0.000000	0.000000
339	0.018017	0.000030	0.011201	0.000698	0.969706	0.000348	0.000000	0.000000	0.000000
340	0.017637	0.000028	0.011017	0.000706	0.970265	0.000347	0.000000	0.000000	0.000000
341	0.017020	0.000027	0.010887	0.000689	0.971018	0.000359	0.000000	0.000000	0.000000
342	0.016526	0.000028	0.010758	0.000700	0.971643	0.000345	0.000000	0.000000	0.000000
343	0.016290	0.000024	0.010426	0.000716	0.972190	0.000354	0.000000	0.000000	0.000000
344	0.016035	0.000026	0.010208	0.000720	0.972651	0.000360	0.000000	0.000000	0.000000
345	0.015717	0.000025	0.009899	0.000736	0.973282	0.000341	0.000000	0.000000	0.000000
346	0.015453	0.000016	0.009513	0.000726	0.973945	0.000347	0.000000	0.000000	0.000000
347	0.015125	0.000020	0.009287	0.000738	0.974491	0.000339	0.000000	0.000000	0.000000
348	0.014786	0.000017	0.009081	0.000729	0.975047	0.000340	0.000000	0.000000	0.000000
349	0.014468	0.000015	0.008844	0.000703	0.975610	0.000360	0.000000	0.000000	0.000000
350	0.014185	0.000017	0.008688	0.000717	0.976029	0.000364	0.000000	0.000000	0.000000
351	0.013812	0.000017	0.008510	0.000711	0.976575	0.000375	0.000000	0.000000	0.000000
352	0.013461	0.000015	0.008427	0.000698	0.977017	0.000382	0.000000	0.000000	0.000000
353	0.013114	0.000018	0.008160	0.000705	0.977634	0.000369	0.000000	0.000000	0.000000
354	0.012954	0.000022	0.007900	0.000690	0.978063	0.000371	0.000000	0.000000	0.000000
355	0.012687	0.000013	0.007755	0.000687	0.978483	0.000375	0.000000	0.000000	0.000000
356	0.012308	0.000015	0.007603	0.000701	0.978995	0.000378	0.000000	0.000000	0.000000
357	0.012010	0.000017	0.007393	0.000736	0.979479	0.000365	0.000000	0.000000	0.000000
358	0.011716	0.000012	0.007240	0.000723	0.979938	0.000371	0.000000	0.000000	0.000000
359	0.011480	0.000015	0.006941	0.000741	0.980435	0.000388	0.000000	0.000000	0.000000
360	0.011262	0.000013	0.006772	0.000719	0.980845	0.000389	0.000000	0.000000	0.000000
361	0.011048	0.000014	0.006671	0.000735	0.981158	0.000374	0.000000	0.000000	0.000000
362	0.010730	0.000011	0.006586	0.000743	0.981551	0.000379	0.000000	0.000000	0.000000
363	0.010537	0.000009	0.006332	0.000776	0.981965	0.000381	0.000000	0.000000	0.000000
364	0.010227	0.000006	0.006153	0.000759	0.982475	0.000380	0.000000	0.000000	0.000000
365	0.009876	0.000004	0.006004	0.000762	0.982974	0.000380	0.000000	0.000000	0.000000
366	0.009669	0.000004	0.005849	0.000780	0.983317	0.000381	0.000000	0.000000	0.000000
367	0.009413	0.000002	0.005758	0.000785	0.983650	0.000392	0.000000	0.000000	0.000000
368	0.009134	0.000002	0.005572	0.000830	0.984091	0.000371	0.000000	0.000000	0.000000
369	0.008925	0.000001	0.005394	0.000849	0.984446	0.000385	0.000000	0.000000	0.000000
370	0.008627	0.000002	0.005229	0.000886	0.984862	0.000394	0.000000	0.000000	0.000000
371	0.008375	0.000001	0.005072	0.000920	0.985249	0.000383	0.000000	0.000000	0.000000
372	0.008191	0.000000	0.004974	0.000885	0.985565	0.000385	0.000000	0.000000	0.000000
373	0.008059	0.000001	0.004828	0.000868	0.985854	0.000390	0.000000	0.000000	0.000000
374	0.007811	0.000000	0.004708	0.000891	0.986202	0.000388	0.000000	0.000000	0.000000
375	0.007542	0.000000	0.004513	0.000933	0.986634	0.000378	0.000000	0.000000	0.000000
376	0.007413	0.000000	0.004442	0.000932	0.986812	0.000401	0.000000	0.000000	0.000000
377	0.007296	0.000000	0.004299	0.000947	0.987057	0.000401	0.000000	0.000000	0.000000
378	0.007133	0.000000	0.004198	0.000927	0.987339	0.000403	0.000000	0.000000	0.000000
379	0.006933	0.000000	0.004165	0.000931	0.987576	0.000395	0.000000	0.000000	0.000000
380	0.006775	0.000000	0.004031	0.000955	0.987850	0.000389	0.000000	0.000000	0.000000
381	0.006601	0.000000	0.003863	0.000955	0.988173	0.000408	0.000000	0.000000	0.000000
382	0.006472	0.000000	0.003697	0.000934	0.988511	0.000386	0.000000	0.000000	0.000000
383	0.006323	0.000000	0.003599	0.000973	0.988709	0.000396	0.000000	0.000000	0.000000
384	0.006118	0.000000	0.003519	0.000959	0.988985	0.000419	0.000000	0.000000	0.000000
385	0.005986	0.000000	0.003485	0.000930	0.989191	0.000408	0.000000	0.000000	0.000000
386	0.005873	0.000000	0.003319	0.000938	0.989467	0.000403	0.000000	0.000000	0.000000
387	0.005721	0.000000	0.003200	0.000962	0.989698	0.000419	0.000000	0.000000	0.000000
388	0.005588	0.000000	0.003127	0.000993	0.989872	0.000420	0.000000	0.000000	0.000000
389	0.005495	0.000000	0.002939	0.000955	0.990205	0.000406	0.000000	0.000000	0.000000
390	0.005350	0.000000	0.002890	0.000966	0.990385	0.000409	0.000000	0.000000	0.000000
391	0.005158	0.000000	0.002796	0.001008	0.990625	0.000413	0.000000	0.000000	0.000000
392	0.004995	0.000000	0.002710	0.000976	0.990909	0.000410	0.000000	0.000000	0.000000
393	0.004857	0.000000	0.002621	0.000953	0.991160	0.000409	0.000000	0.000000	0.000000
394	0.004738	0.000000	0.002590	0.000975	0.991303	0.000394	0.000000	0.000000	0.000000
395	0.004622	0.000000	0.002504	0.000977	0.991523	0.000374	0.000000	0.000000	0.000000
396	0.004574	0.000000	0.002393	0.000978	0.991673	0.000382	0.000000	0.000000	0.000000
397	0.004463	0.000000	0.002337	0.000949	0.991853	0.000398	0.000000	0.000000	0.000000
398	0.004328	0.000000	0.002267	0.000934	0.992094	0.000377	0.000000	0.000000	0.000000
399	0.004149	0.000000	0.002192	0.000925	0.992359	0.000375	0.000000	0.000000	0.000000
400	0.004026	0.000000	0.002139	0.000920	0.992530	0.000385	0.000000	0.000000	0.000000
401	0.003859	0.000000	0.002087	0.000934	0.992707	0.000413	0.000000	0.000000	0.000000
402	0.003709	0.000000	0.002053	0.000951	0.992874	0.000413	0.000000	0.000000	0.000000
403	0.003578	0.000000	0.002011	0.000952	0.993050	0.000409	0.000000	0.000000	0.000000
404	0.003480	0.000000	0.001950	0.000972	0.993190	0.000408	0.000000	0.000000	0.000000
405	0.003450	0.000000	0.001908	0.000962	0.993250	0.000430	0.000000	0.000000	0.000000
406	0.003350	0.000000	0.001877	0.000971	0.993368	0.000434	0.000000	0.000000	0.000000
407	0.003186	0.000000	0.001845	0.000977	0.993567	0.000425	0.000000	0.000000	0.000000
408	0.003087	0.000000	0.001783	0.001008	0.993702	0.000420	0.000000	0.000000	0.000000
409	0.002992	0.000000	0.001689	0.001043	0.993851	0.000425	0.000000	0.000000	0.000000
410	0.002913	0.000000	0.001634	0.001051	0.993996	0.000406	0.000000	0.000000	0.000000
411	0.002820	0.000000	0.001574	0.001052	0.994153	0.000401	0.000000	0.000000	0.000000
412	0.002732	0.000000	0.001562	0.001043	0.994248	0.000415	0.000000	0.000000	0.000000
413	0.002650	0.000000	0.001496	0.001013	0.994436	0.000405	0.000000	0.000000	0.000000
414	0.002591	0.000000	0.001484	0.001016	0.994499	0.000410	0.000000	0.000000	0.000000
415	0.002449	0.000000	0.001427	0.001010	0.994724	0.000390	0.000000	0.000000	0.000000
416	0.002390	0.000000	0.001386	0.001039	0.994768	0.000417	0.000000	0.000000	0.000000
417	0.002321	0.000000	0.001358	0.001025	0.994879	0.000417	0.000000	0.000000	0.000000
418	0.002208	0.000000	0.001370	0.001041	0.994967	0.000414	0.000000	0.000000	0.000000
419	0.002118	0.000000	0.001345	0.001018	0.995103	0.000416	0.000000	0.000000	0.000000
420	0.002059	0.000000	0.001308	0.000999	0.995219	0.000415	0.000000	0.000000	0.000000
421	0.001984	0.000000	0.001278	0.000979	0.995344	0.000415	0.000000	0.000000	0.000000
422	0.001901	0.000000	0.001285	0.000975	0.995427	0.000412	0.000000	0.000000	0.000000
423	0.001889	0.000000	0.001244	0.000983	0.995486	0.000398	0.000000	0.000000	0.000000
424	0.001853	0.000000	0.001175	0.000974	0.995602	0.000396	0.000000	0.000000	0.000000
425	0.001755	0.000000	0.001111	0.001006	0.995756	0.000372	0.000000	0.000000	0.000000
426	0.001676	0.000000	0.001145	0.001007	0.995813	0.000359	0.000000	0.000000	0.000000
427	0.001614	0.000000	0.001085	0.000980	0.995925	0.000396	0.000000	0.000000	0.000000
428	0.001554	0.000000	0.001057	0.000948	0.996029	0.000412	0.000000	0.000000	0.000000
429	0.001553	0.000000	0.001030	0.000958	0.996054	0.000405	0.000000	0.000000	0.000000
430	0.001477	0.000000	0.000993	0.000936	0.996185	0.000409	0.000000	0.000000	0.000000
431	0.001437	0.000000	0.000955	0.000989	0.996208	0.000411	0.000000	0.000000	0.000000
432	0.001419	0.000000	0.000900	0.001010	0.996262	0.000409	0.000000	0.000000	0.000000
433	0.001350	0.000000	0.000869	0.001001	0.996337	0.000443	0.000000	0.000000	0.000000
434	0.001341	0.000000	0.000825	0.000981	0.996436	0.000417	0.000000	0.000000	0.000000
435	0.001268	0.000000	0.000804	0.001009	0.996502	0.000417	0.000000	0.000000	0.000000
436	0.001276	0.000000	0.000770	0.001003	0.996532	0.000419	0.000000	0.000000	0.000000
437	0.001224	0.000000	0.000712	0.000983	0.996673	0.000408	0.000000	0.000000	0.000000
438	0.001192	0.000000	0.000724	0.000960	0.996727	0.000397	0.000000	0.000000	0.000000
439	0.001177	0.000000	0.000679	0.000905	0.996856	0.000383	0.000000	0.000000	0.000000
440	0.001130	0.000000	0.000667	0.000925	0.996881	0.000397	0.000000	0.000000	0.000000
441	0.001060	0.000000	0.000641	0.000928	0.996995	0.000376	0.000000	0.000000	0.000000
442	0.001001	0.000000	0.000597	0.000947	0.997073	0.000382	0.000000	0.000000	0.000000
443	0.000964	0.000000	0.000592	0.000977	0.997098	0.000369	0.000000	0.000000	0.000000
444	0.000930	0.000000	0.000558	0.000981	0.997131	0.000400	0.000000	0.000000	0.000000
445	0.000909	0.000000	0.000547	0.000975	0.997197	0.000372	0.000000	0.000000	0.000000
446	0.000906	0.000000	0.000490	0.000993	0.997219	0.000392	0.000000	0.000000	0.000000
447	0.000871	0.000000	0.000496	0.000967	0.997262	0.000404	0.000000	0.000000	0.000000
448	0.000811	0.000000	0.000484	0.000957	0.997344	0.000404	0.000000	0.000000	0.000000
449	0.000790	0.000000	0.000452	0.000951	0.997433	0.000374	0.000000	0.000000	0.000000
450	0.000767	0.000000	0.000431	0.000935	0.997486	0.000381	0.000000	0.000000	0.000000
451	0.000760	0.000000	0.000413	0.000938	0.997502	0.000387	0.000000	0.000000	0.000000
452	0.000733	0.000000	0.000417	0.000922	0.997543	0.000385	0.000000	0.000000	0.000000
453	0.000756	0.000000	0.000369	0.000907	0.997585	0.000383	0.000000	0.000000	0.000000
454	0.000732	0.000000	0.000369	0.000892	0.997641	0.000366	0.000000	0.000000	0.000000
455	0.000705	0.000000	0.000337	0.000868	0.997703	0.000387	0.000000	0.000000	0.000000
456	0.000702	0.000000	0.000340	0.000888	0.997680	0.000390	0.000000	0.000000	0.000000
457	0.000681	0.000000	0.000332	0.000859	0.997769	0.000359	0.000000	0.000000	0.000000
458	0.000649	0.000000	0.000319	0.000888	0.997770	0.000374	0.000000	0.000000	0.000000
459	0.000650	0.000000	0.000291	0.000870	0.997803	0.000386	0.000000	0.000000	0.000000
460	0.000647	0.000000	0.000257	0.000844	0.997872	0.000380	0.000000	0.000000	0.000000
461	0.000649	0.000000	0.000253	0.000856	0.997852	0.000390	0.000000	0.000000	0.000000
462	0.000643	0.000000	0.000236	0.000845	0.997893	0.000383	0.000000	0.000000	0.000000
463	0.000626	0.000000	0.000223	0.000831	0.997922	0.000398	0.000000	0.000000	0.000000
464	0.000616	0.000000	0.000191	0.000817	0.997985	0.000391	0.000000	0.000000	0.000000
465	0.000593	0.000000	0.000186	0.000811	0.998024	0.000386	0.000000	0.000000	0.000000
466	0.000556	0.000000	0.000191	0.000794	0.998062	0.000397	0.000000	0.000000	0.000000
467	0.000546	0.000000	0.000175	0.000787	0.998075	0.000417	0.000000	0.000000	0.000000
468	0.000549	0.000000	0.000168	0.000787	0.998086	0.000410	0.000000	0.000000	0.000000
469	0.000552	0.000000	0.000158	0.000746	0.998129	0.000415	0.000000	0.000000	0.000000
470	0.000525	0.000000	0.000152	0.000759	0.998155	0.000409	0.000000	0.000000	0.000000
