0	0.290663	0.057897	0.229473	0.157588	0.029913	0.111872	0.085455	0.012259	0.024880
1	0.238957	0.049220	0.205194	0.132093	0.026941	0.114449	0.119052	0.023503	0.090591
2	0.245204	0.050155	0.208909	0.120253	0.025599	0.105399	0.119774	0.023940	0.100767
3	0.257613	0.052095	0.213875	0.110060	0.024428	0.095918	0.117348	0.023493	0.105170
4	0.270602	0.053983	0.219115	0.101089	0.023370	0.087174	0.113659	0.022630	0.108378
5	0.284597	0.055952	0.223252	0.092554	0.022252	0.078283	0.110055	0.021527	0.111528
6	0.298279	0.057573	0.226988	0.084488	0.021442	0.070415	0.105869	0.020714	0.114232
7	0.312225	0.059327	0.230175	0.077465	0.020471	0.063496	0.100786	0.019737	0.116318
8	0.325159	0.061016	0.233216	0.070965	0.019694	0.056918	0.096043	0.018497	0.118492
9	0.338579	0.062662	0.235295	0.064737	0.018887	0.051036	0.091155	0.017506	0.120143
10	0.351799	0.063878	0.236689	0.058809	0.018088	0.045648	0.086673	0.016751	0.121665
11	0.363893	0.065281	0.238071	0.053290	0.017567	0.041034	0.081908	0.015896	0.123060
12	0.376044	0.067085	0.238334	0.048335	0.016839	0.036561	0.077661	0.014963	0.124178
13	0.387623	0.068395	0.238653	0.044006	0.016244	0.032450	0.073337	0.014232	0.125060
14	0.398884	0.069545	0.238779	0.039939	0.015644	0.028704	0.068967	0.013463	0.126075
15	0.410265	0.070438	0.237762	0.036224	0.015195	0.025708	0.065186	0.012545	0.126677
16	0.420220	0.071840	0.237561	0.032586	0.014681	0.022686	0.061107	0.011771	0.127548
17	0.430213	0.072786	0.236557	0.029708	0.014131	0.020287	0.057198	0.011123	0.127997
18	0.440607	0.073419	0.235308	0.026772	0.013689	0.017836	0.053621	0.010318	0.128430
19	0.450018	0.074376	0.234023	0.024313	0.013121	0.015644	0.050225	0.009693	0.128587
20	0.459413	0.075221	0.232249	0.021995	0.012543	0.013725	0.046983	0.009141	0.128730
21	0.467651	0.075727	0.231150	0.019806	0.011997	0.012139	0.044309	0.008378	0.128843
22	0.476425	0.076553	0.228679	0.017908	0.011673	0.010820	0.041643	0.007913	0.128386
23	0.484561	0.077129	0.227294	0.015948	0.011144	0.009575	0.038896	0.007348	0.128105
24	0.491620	0.077808	0.225864	0.014341	0.010750	0.008359	0.036485	0.006918	0.127855
25	0.498383	0.078333	0.224411	0.012868	0.010407	0.007456	0.034353	0.006422	0.127367
26	0.504825	0.079751	0.222187	0.011484	0.009896	0.006628	0.032249	0.006032	0.126948
27	0.511868	0.080232	0.220441	0.010278	0.009538	0.005878	0.030117	0.005634	0.126014
28	0.517507	0.080555	0.218992	0.009321	0.009099	0.005046	0.028326	0.005334	0.125820
29	0.523265	0.081342	0.217150	0.008364	0.008831	0.004526	0.026635	0.004920	0.124967
30	0.529855	0.081736	0.214682	0.007540	0.008441	0.004048	0.024909	0.004558	0.124231
31	0.535727	0.082263	0.212163	0.006683	0.008121	0.003620	0.023372	0.004240	0.123811
32	0.541323	0.082734	0.209927	0.006002	0.007771	0.003128	0.022083	0.004023	0.123009
33	0.547102	0.083084	0.207552	0.005323	0.007441	0.002847	0.020704	0.003787	0.122160
34	0.551027	0.083919	0.206139	0.004738	0.007192	0.002477	0.019317	0.003454	0.121737
35	0.556246	0.084245	0.203582	0.004257	0.006920	0.002202	0.018280	0.003153	0.121115
36	0.560707	0.084619	0.201719	0.003812	0.006577	0.002002	0.017163	0.002964	0.120437
37	0.565479	0.084961	0.198987	0.003392	0.006365	0.001796	0.016147	0.002775	0.120098
38	0.570183	0.085359	0.196992	0.003112	0.006184	0.001627	0.015051	0.002679	0.118813
39	0.574537	0.085825	0.194823	0.002761	0.005870	0.001431	0.014192	0.002501	0.118060
40	0.579051	0.086079	0.193041	0.002448	0.005577	0.001297	0.013269	0.002288	0.116950
41	0.581839	0.086320	0.191602	0.002201	0.005367	0.001189	0.012511	0.002228	0.116743
42	0.585722	0.086956	0.189257	0.001982	0.005194	0.001017	0.011978	0.002114	0.115780
43	0.589473	0.087234	0.187226	0.001775	0.005043	0.000888	0.011173	0.002009	0.115179
44	0.593742	0.087559	0.185357	0.001692	0.004839	0.000794	0.010526	0.001832	0.113659
45	0.596656	0.088005	0.184033	0.001531	0.004783	0.000689	0.009719	0.001766	0.112818
46	0.601146	0.088341	0.181554	0.001385	0.004581	0.000629	0.009066	0.001591	0.111707
47	0.604102	0.088648	0.180040	0.001265	0.004400	0.000574	0.008593	0.001514	0.110864
48	0.608067	0.088968	0.177932	0.001110	0.004296	0.000508	0.007968	0.001440	0.109711
49	0.611322	0.089296	0.176515	0.001027	0.004104	0.000447	0.007471	0.001353	0.108465
50	0.614687	0.089634	0.174284	0.000942	0.004019	0.000439	0.006892	0.001269	0.107834
51	0.617833	0.090609	0.172227	0.000860	0.003847	0.000404	0.006390	0.001249	0.106581
52	0.621195	0.090901	0.170176	0.000821	0.003813	0.000349	0.006002	0.001192	0.105551
53	0.624554	0.091074	0.168518	0.000714	0.003581	0.000320	0.005626	0.001105	0.104508
54	0.627866	0.091267	0.166555	0.000625	0.003467	0.000308	0.005229	0.001068	0.103615
55	0.631281	0.091433	0.164749	0.000560	0.003351	0.000293	0.004944	0.001046	0.102343
56	0.634248	0.091365	0.163235	0.000548	0.003391	0.000227	0.004664	0.000941	0.101381
57	0.637272	0.091608	0.161918	0.000499	0.003300	0.000202	0.004324	0.000916	0.099961
58	0.639982	0.092179	0.160303	0.000463	0.003157	0.000201	0.004110	0.000827	0.098778
59	0.643078	0.092232	0.159029	0.000403	0.003035	0.000199	0.003891	0.000775	0.097358
60	0.645927	0.092642	0.157803	0.000391	0.003028	0.000175	0.003666	0.000709	0.095659
61	0.648040	0.093287	0.156680	0.000347	0.002875	0.000149	0.003471	0.000684	0.094467
62	0.651456	0.093627	0.154802	0.000330	0.002783	0.000134	0.003316	0.000630	0.092922
63	0.653722	0.093643	0.154015	0.000294	0.002672	0.000129	0.003126	0.000594	0.091805
64	0.656396	0.093918	0.152638	0.000255	0.002573	0.000118	0.002934	0.000570	0.090598
65	0.659121	0.094410	0.151252	0.000250	0.002482	0.000088	0.002698	0.000544	0.089155
66	0.661868	0.094692	0.150157	0.000237	0.002382	0.000084	0.002456	0.000470	0.087654
67	0.665438	0.094724	0.148367	0.000210	0.002343	0.000066	0.002249	0.000457	0.086146
68	0.667985	0.095141	0.147081	0.000200	0.002240	0.000072	0.002107	0.000411	0.084763
69	0.670256	0.095523	0.146158	0.000205	0.002093	0.000059	0.001887	0.000372	0.083447
70	0.672074	0.096047	0.145240	0.000188	0.002008	0.000052	0.001822	0.000366	0.082203
71	0.674807	0.096222	0.143750	0.000169	0.001939	0.000048	0.001688	0.000337	0.081040
72	0.677523	0.096662	0.141839	0.000164	0.001942	0.000048	0.001595	0.000294	0.079933
73	0.679758	0.096998	0.140979	0.000150	0.001896	0.000041	0.001477	0.000282	0.078419
74	0.682188	0.097471	0.139726	0.000139	0.001807	0.000038	0.001377	0.000278	0.076976
75	0.684255	0.097830	0.138918	0.000128	0.001755	0.000044	0.001264	0.000258	0.075548
76	0.686109	0.098378	0.137462	0.000119	0.001712	0.000041	0.001222	0.000243	0.074714
77	0.688113	0.098368	0.136748	0.000119	0.001774	0.000046	0.001124	0.000233	0.073475
78	0.690843	0.098449	0.135597	0.000122	0.001739	0.000038	0.001080	0.000228	0.071904
79	0.693108	0.098612	0.134390	0.000110	0.001739	0.000038	0.001029	0.000212	0.070762
80	0.694725	0.098963	0.134074	0.000090	0.001651	0.000029	0.000977	0.000197	0.069294
81	0.697487	0.098947	0.132899	0.000094	0.001626	0.000022	0.000915	0.000188	0.067822
82	0.699413	0.099180	0.131904	0.000085	0.001570	0.000024	0.000800	0.000155	0.066869
83	0.701591	0.099469	0.131226	0.000082	0.001554	0.000026	0.000774	0.000121	0.065157
84	0.703170	0.099965	0.130530	0.000074	0.001546	0.000026	0.000754	0.000116	0.063819
85	0.704707	0.100528	0.129779	0.000073	0.001459	0.000031	0.000684	0.000120	0.062619
86	0.706519	0.100776	0.129379	0.000065	0.001405	0.000021	0.000626	0.000103	0.061106
87	0.709023	0.101135	0.128087	0.000064	0.001368	0.000026	0.000548	0.000114	0.059635
88	0.710666	0.101363	0.127563	0.000054	0.001316	0.000024	0.000489	0.000092	0.058433
89	0.712223	0.101500	0.126767	0.000060	0.001246	0.000027	0.000521	0.000091	0.057565
90	0.714104	0.101414	0.126344	0.000043	0.001220	0.000031	0.000454	0.000097	0.056293
91	0.716477	0.101385	0.125454	0.000047	0.001154	0.000028	0.000418	0.000096	0.054941
92	0.717373	0.101775	0.125211	0.000041	0.001127	0.000020	0.000375	0.000068	0.054010
93	0.718735	0.102220	0.124147	0.000036	0.001194	0.000016	0.000343	0.000055	0.053254
94	0.720440	0.102602	0.123340	0.000037	0.001142	0.000013	0.000328	0.000071	0.052027
95	0.721729	0.102745	0.123023	0.000043	0.001143	0.000011	0.000297	0.000065	0.050944
96	0.723359	0.103441	0.122057	0.000028	0.001133	0.000010	0.000275	0.000064	0.049633
97	0.724761	0.103848	0.121352	0.000030	0.001169	0.000013	0.000256	0.000058	0.048513
98	0.726606	0.103757	0.120499	0.000019	0.001108	0.000016	0.000245	0.000057	0.047693
99	0.727652	0.104192	0.120063	0.000029	0.001076	0.000015	0.000227	0.000053	0.046693
100	0.729681	0.104068	0.119563	0.000025	0.001040	0.000014	0.000196	0.000049	0.045364
101	0.730761	0.104364	0.119156	0.000028	0.001048	0.000010	0.000188	0.000046	0.044399
102	0.732230	0.104638	0.118318	0.000025	0.001040	0.000011	0.000204	0.000036	0.043498
103	0.733626	0.104753	0.117531	0.000020	0.001016	0.000006	0.000191	0.000036	0.042821
104	0.735219	0.104890	0.116971	0.000014	0.000963	0.000007	0.000160	0.000026	0.041750
105	0.736563	0.104958	0.116852	0.000012	0.000962	0.000007	0.000145	0.000028	0.040473
106	0.737947	0.105154	0.116410	0.000013	0.000976	0.000005	0.000147	0.000025	0.039323
107	0.739597	0.105399	0.115711	0.000017	0.000934	0.000006	0.000137	0.000034	0.038165
108	0.740765	0.105855	0.115100	0.000011	0.000892	0.000003	0.000125	0.000033	0.037216
109	0.741445	0.105733	0.115129	0.000013	0.000867	0.000002	0.000120	0.000032	0.036659
110	0.742945	0.105785	0.114363	0.000011	0.000898	0.000001	0.000115	0.000039	0.035843
111	0.743414	0.106268	0.114317	0.000012	0.000861	0.000002	0.000096	0.000029	0.035001
112	0.744395	0.106646	0.113906	0.000006	0.000805	0.000004	0.000106	0.000031	0.034101
113	0.745498	0.106708	0.113660	0.000007	0.000741	0.000005	0.000097	0.000035	0.033249
114	0.747385	0.106362	0.113117	0.000006	0.000738	0.000006	0.000093	0.000031	0.032262
115	0.748161	0.106649	0.112983	0.000004	0.000698	0.000008	0.000088	0.000022	0.031387
116	0.749022	0.107107	0.112338	0.000003	0.000765	0.000008	0.000085	0.000027	0.030645
117	0.750383	0.106909	0.112188	0.000001	0.000735	0.000005	0.000080	0.000021	0.029678
118	0.750862	0.106976	0.112180	0.000002	0.000756	0.000007	0.000078	0.000025	0.029114
119	0.752063	0.106662	0.111836	0.000003	0.000738	0.000005	0.000064	0.000020	0.028609
120	0.752748	0.106872	0.111775	0.000001	0.000717	0.000006	0.000068	0.000029	0.027784
121	0.753994	0.106846	0.111326	0.000003	0.000708	0.000005	0.000069	0.000027	0.027022
122	0.754086	0.107297	0.111199	0.000003	0.000700	0.000003	0.000054	0.000020	0.026638
123	0.755039	0.107245	0.111042	0.000003	0.000694	0.000005	0.000040	0.000016	0.025916
124	0.755785	0.107319	0.110849	0.000002	0.000698	0.000007	0.000040	0.000016	0.025284
125	0.756441	0.107751	0.110311	0.000002	0.000680	0.000002	0.000036	0.000014	0.024763
126	0.756822	0.107538	0.110529	0.000001	0.000685	0.000004	0.000037	0.000016	0.024368
127	0.757572	0.107369	0.110379	0.000002	0.000673	0.000004	0.000033	0.000014	0.023954
128	0.758082	0.107639	0.110420	0.000001	0.000641	0.000003	0.000032	0.000013	0.023169
129	0.759218	0.107623	0.109920	0.000000	0.000617	0.000004	0.000037	0.000010	0.022571
130	0.759530	0.107772	0.109848	0.000002	0.000614	0.000006	0.000027	0.000009	0.022192
131	0.760932	0.107566	0.109064	0.000003	0.000614	0.000009	0.000023	0.000010	0.021779
132	0.761591	0.107695	0.108885	0.000001	0.000624	0.000007	0.000017	0.000008	0.021172
133	0.762762	0.107757	0.108155	0.000001	0.000596	0.000004	0.000013	0.000004	0.020708
134	0.763602	0.107278	0.108141	0.000002	0.000601	0.000001	0.000009	0.000004	0.020362
135	0.764215	0.107355	0.107981	0.000000	0.000543	0.000001	0.000005	0.000002	0.019898
136	0.764824	0.107573	0.107614	0.000000	0.000521	0.000000	0.000008	0.000002	0.019458
137	0.765734	0.107473	0.107384	0.000001	0.000533	0.000000	0.000008	0.000002	0.018865
138	0.765802	0.107832	0.107334	0.000002	0.000509	0.000000	0.000006	0.000003	0.018512
139	0.766636	0.107824	0.106924	0.000000	0.000492	0.000000	0.000006	0.000005	0.018113
140	0.767303	0.107992	0.106703	0.000002	0.000456	0.000000	0.000008	0.000002	0.017534
141	0.768489	0.107812	0.106116	0.000003	0.000484	0.000000	0.000003	0.000003	0.017090
142	0.768682	0.108309	0.105820	0.000002	0.000485	0.000000	0.000004	0.000003	0.016695
143	0.769265	0.108047	0.105944	0.000002	0.000455	0.000000	0.000002	0.000004	0.016281
144	0.770191	0.107986	0.105631	0.000001	0.000436	0.000000	0.000001	0.000004	0.015750
145	0.771275	0.107841	0.105209	0.000001	0.000421	0.000000	0.000001	0.000001	0.015251
146	0.771752	0.108175	0.104786	0.000000	0.000393	0.000000	0.000000	0.000001	0.014893
147	0.771983	0.108584	0.104486	0.000001	0.000370	0.000000	0.000000	0.000000	0.014576
148	0.772003	0.108946	0.104578	0.000003	0.000401	0.000000	0.000000	0.000000	0.014069
149	0.772978	0.108392	0.104521	0.000000	0.000375	0.000000	0.000000	0.000000	0.013734
150	0.773991	0.108011	0.104317	0.000000	0.000397	0.000000	0.000000	0.000000	0.013284
151	0.774632	0.108357	0.103625	0.000000	0.000359	0.000000	0.000000	0.000000	0.013027
152	0.775092	0.108495	0.103381	0.000000	0.000372	0.000000	0.000000	0.000000	0.012660
153	0.775813	0.108426	0.103191	0.000000	0.000353	0.000000	0.000000	0.000000	0.012217
154	0.775998	0.108614	0.103047	0.000000	0.000358	0.000000	0.000000	0.000000	0.011983
155	0.776521	0.108713	0.102626	0.000000	0.000336	0.000000	0.000000	0.000000	0.011804
156	0.776762	0.108800	0.102613	0.000000	0.000342	0.000000	0.000000	0.000000	0.011483
157	0.776705	0.108759	0.103035	0.000000	0.000331	0.000000	0.000000	0.000000	0.011170
158	0.777522	0.108570	0.102496	0.000000	0.000336	0.000000	0.000000	0.000000	0.011076
159	0.777808	0.108780	0.102160	0.000000	0.000330	0.000000	0.000000	0.000000	0.010922
160	0.778470	0.108769	0.101739	0.000000	0.000326	0.000000	0.000000	0.000000	0.010696
161	0.778742	0.108769	0.101790	0.000000	0.000300	0.000000	0.000000	0.000000	0.010399
162	0.779009	0.108551	0.101917	0.000000	0.000300	0.000000	0.000000	0.000000	0.010223
163	0.779859	0.108531	0.101450	0.000000	0.000285	0.000000	0.000000	0.000000	0.009875
164	0.780077	0.108508	0.101379	0.000000	0.000284	0.000000	0.000000	0.000000	0.009752
165	0.780188	0.108786	0.101256	0.000000	0.000304	0.000000	0.000000	0.000000	0.009466
166	0.780758	0.108919	0.100847	0.000000	0.000273	0.000000	0.000000	0.000000	0.009203
167	0.781385	0.108643	0.100674	0.000000	0.000260	0.000000	0.000000	0.000000	0.009038
168	0.781509	0.108847	0.100588	0.000000	0.000256	0.000000	0.000000	0.000000	0.008800
169	0.781710	0.108811	0.100641	0.000000	0.000234	0.000000	0.000000	0.000000	0.008604
170	0.781748	0.109156	0.100470	0.000000	0.000242	0.000000	0.000000	0.000000	0.008384
171	0.781837	0.109137	0.100484	0.000000	0.000237	0.000000	0.000000	0.000000	0.008305
172	0.781996	0.108788	0.100816	0.000000	0.000238	0.000000	0.000000	0.000000	0.008162
173	0.782126	0.109249	0.100376	0.000000	0.000215	0.000000	0.000000	0.000000	0.008034
174	0.782162	0.109604	0.100140	0.000000	0.000210	0.000000	0.000000	0.000000	0.007884
175	0.782193	0.109444	0.100533	0.000000	0.000207	0.000000	0.000000	0.000000	0.007623
176	0.782447	0.109433	0.100520	0.000000	0.000193	0.000000	0.000000	0.000000	0.007407
177	0.782513	0.109615	0.100408	0.000000	0.000191	0.000000	0.000000	0.000000	0.007273
178	0.782328	0.109765	0.100605	0.000000	0.000182	0.000000	0.000000	0.000000	0.007120
179	0.782905	0.109395	0.100536	0.000000	0.000177	0.000000	0.000000	0.000000	0.006987
180	0.783598	0.109502	0.099848	0.000000	0.000189	0.000000	0.000000	0.000000	0.006863
181	0.783364	0.109941	0.099869	0.000000	0.000180	0.000000	0.000000	0.000000	0.006646
182	0.783362	0.110321	0.099721	0.000000	0.000180	0.000000	0.000000	0.000000	0.006416
183	0.783191	0.110473	0.099842	0.000000	0.000173	0.000000	0.000000	0.000000	0.006321
184	0.783862	0.110190	0.099605	0.000000	0.000177	0.000000	0.000000	0.000000	0.006166
185	0.783964	0.110332	0.099551	0.000000	0.000161	0.000000	0.000000	0.000000	0.005992
186	0.783668	0.110834	0.099292	0.000000	0.000166	0.000000	0.000000	0.000000	0.006040
187	0.783950	0.110734	0.099258	0.000000	0.000169	0.000000	0.000000	0.000000	0.005889
188	0.783308	0.111265	0.099488	0.000000	0.000158	0.000000	0.000000	0.000000	0.005781
189	0.783755	0.111034	0.099442	0.000000	0.000135	0.000000	0.000000	0.000000	0.005634
190	0.783983	0.110809	0.099439	0.000000	0.000144	0.000000	0.000000	0.000000	0.005625
191	0.784028	0.110612	0.099786	0.000000	0.000152	0.000000	0.000000	0.000000	0.005422
192	0.784011	0.110376	0.100104	0.000000	0.000135	0.000000	0.000000	0.000000	0.005374
193	0.784131	0.110414	0.099962	0.000000	0.000124	0.000000	0.000000	0.000000	0.005369
194	0.784528	0.110009	0.100128	0.000000	0.000125	0.000000	0.000000	0.000000	0.005210
195	0.784713	0.110219	0.099799	0.000000	0.000139	0.000000	0.000000	0.000000	0.005130
196	0.784793	0.110155	0.099854	0.000000	0.000122	0.000000	0.000000	0.000000	0.005076
197	0.785400	0.110247	0.099383	0.000000	0.000112	0.000000	0.000000	0.000000	0.004858
198	0.785687	0.109762	0.099617	0.000000	0.000115	0.000000	0.000000	0.000000	0.004819
199	0.785715	0.109401	0.100128	0.000000	0.000103	0.000000	0.000000	0.000000	0.004653
200	0.785791	0.109746	0.099756	0.000000	0.000108	0.000000	0.000000	0.000000	0.004599
201	0.786323	0.109435	0.099645	0.000000	0.000105	0.000000	0.000000	0.000000	0.004492
202	0.786595	0.109327	0.099555	0.000000	0.000099	0.000000	0.000000	0.000000	0.004424
203	0.786705	0.109213	0.099665	0.000000	0.000098	0.000000	0.000000	0.000000	0.004319
204	0.786851	0.109009	0.099784	0.000000	0.000103	0.000000	0.000000	0.000000	0.004253
205	0.787104	0.109272	0.099320	0.000000	0.000113	0.000000	0.000000	0.000000	0.004191
206	0.787218	0.109033	0.099498	0.000000	0.000108	0.000000	0.000000	0.000000	0.004143
207	0.787824	0.108983	0.099075	0.000000	0.000095	0.000000	0.000000	0.000000	0.004023
208	0.787680	0.109111	0.099167	0.000000	0.000096	0.000000	0.000000	0.000000	0.003946
209	0.787645	0.108839	0.099464	0.000000	0.000102	0.000000	0.000000	0.000000	0.003950
210	0.787759	0.109077	0.099276	0.000000	0.000110	0.000000	0.000000	0.000000	0.003778
211	0.787485	0.109254	0.099410	0.000000	0.000085	0.000000	0.000000	0.000000	0.003766
212	0.787659	0.108967	0.099577	0.000000	0.000087	0.000000	0.000000	0.000000	0.003710
213	0.787568	0.109302	0.099378	0.000000	0.000088	0.000000	0.000000	0.000000	0.003664
214	0.787475	0.109661	0.099142	0.000000	0.000093	0.000000	0.000000	0.000000	0.003629
215	0.787238	0.110083	0.099063	0.000000	0.000098	0.000000	0.000000	0.000000	0.003518
216	0.787184	0.109805	0.099505	0.000000	0.000099	0.000000	0.000000	0.000000	0.003407
217	0.786892	0.110146	0.099429	0.000000	0.000104	0.000000	0.000000	0.000000	0.003429
218	0.787026	0.110103	0.099397	0.000000	0.000102	0.000000	0.000000	0.000000	0.003372
219	0.787124	0.110322	0.099113	0.000000	0.000105	0.000000	0.000000	0.000000	0.003336
220	0.787703	0.109912	0.098981	0.000000	0.000106	0.000000	0.000000	0.000000	0.003298
221	0.787790	0.110091	0.098760	0.000000	0.000097	0.000000	0.000000	0.000000	0.003262
222	0.787668	0.110063	0.099022	0.000000	0.000098	0.000000	0.000000	0.000000	0.003149
223	0.788093	0.110117	0.098588	0.000000	0.000099	0.000000	0.000000	0.000000	0.003103
224	0.787829	0.110400	0.098579	0.000000	0.000082	0.000000	0.000000	0.000000	0.003110
225	0.787923	0.110548	0.098468	0.000000	0.000087	0.000000	0.000000	0.000000	0.002974
226	0.788152	0.110491	0.098304	0.000000	0.000089	0.000000	0.000000	0.000000	0.002964
227	0.788205	0.110603	0.098209	0.000000	0.000073	0.000000	0.000000	0.000000	0.002910
228	0.788766	0.110725	0.097508	0.000000	0.000084	0.000000	0.000000	0.000000	0.002917
229	0.788995	0.110477	0.097554	0.000000	0.000084	0.000000	0.000000	0.000000	0.002890
230	0.788915	0.110570	0.097536	0.000000	0.000092	0.000000	0.000000	0.000000	0.002887
231	0.788942	0.110163	0.098005	0.000000	0.000095	0.000000	0.000000	0.000000	0.002795
232	0.788759	0.110196	0.098191	0.000000	0.000097	0.000000	0.000000	0.000000	0.002757
233	0.789354	0.109779	0.098084	0.000000	0.000100	0.000000	0.000000	0.000000	0.002683
234	0.789141	0.110016	0.098122	0.000000	0.000084	0.000000	0.000000	0.000000	0.002637
235	0.789411	0.109944	0.098027	0.000000	0.000070	0.000000	0.000000	0.000000	0.002548
236	0.789262	0.109998	0.098197	0.000000	0.000071	0.000000	0.000000	0.000000	0.002472
237	0.789568	0.110109	0.097804	0.000000	0.000079	0.000000	0.000000	0.000000	0.002440
238	0.790292	0.109707	0.097441	0.000000	0.000086	0.000000	0.000000	0.000000	0.002474
239	0.790218	0.109881	0.097402	0.000000	0.000088	0.000000	0.000000	0.000000	0.002411
240	0.790087	0.109882	0.097561	0.000000	0.000090	0.000000	0.000000	0.000000	0.002380
241	0.789752	0.110370	0.097453	0.000000	0.000090	0.000000	0.000000	0.000000	0.002335
242	0.790030	0.110272	0.097328	0.000000	0.000096	0.000000	0.000000	0.000000	0.002274
243	0.790414	0.109870	0.097421	0.000000	0.000087	0.000000	0.000000	0.000000	0.002208
244	0.790584	0.110014	0.097122	0.000000	0.000088	0.000000	0.000000	0.000000	0.002192
245	0.790572	0.110270	0.096937	0.000000	0.000085	0.000000	0.000000	0.000000	0.002136
246	0.790767	0.110046	0.097021	0.000000	0.000092	0.000000	0.000000	0.000000	0.002074
247	0.790097	0.110202	0.097548	0.000000	0.000087	0.000000	0.000000	0.000000	0.002066
248	0.790455	0.109991	0.097459	0.000000	0.000083	0.000000	0.000000	0.000000	0.002012
249	0.790317	0.110236	0.097325	0.000000	0.000081	0.000000	0.000000	0.000000	0.002041
250	0.790460	0.110209	0.097284	0.000000	0.000098	0.000000	0.000000	0.000000	0.001949
251	0.790553	0.110379	0.096988	0.000000	0.000108	0.000000	0.000000	0.000000	0.001972
252	0.790969	0.110084	0.096918	0.000000	0.000112	0.000000	0.000000	0.000000	0.001917
253	0.791235	0.109767	0.096940	0.000000	0.000128	0.000000	0.000000	0.000000	0.001930
254	0.791415	0.109505	0.096980	0.000000	0.000132	0.000000	0.000000	0.000000	0.001968
255	0.791222	0.109873	0.096819	0.000000	0.000128	0.000000	0.000000	0.000000	0.001958
256	0.790341	0.110131	0.097500	0.000000	0.000133	0.000000	0.000000	0.000000	0.001895
257	0.790215	0.110161	0.097625	0.000000	0.000124	0.000000	0.000000	0.000000	0.001875
258	0.789697	0.110521	0.097805	0.000000	0.000138	0.000000	0.000000	0.000000	0.001839
259	0.789961	0.110304	0.097695	0.000000	0.000144	0.000000	0.000000	0.000000	0.001896
260	0.789947	0.110123	0.097861	0.000000	0.000129	0.000000	0.000000	0.000000	0.001940
261	0.790195	0.110187	0.097598	0.000000	0.000141	0.000000	0.000000	0.000000	0.001879
262	0.789647	0.110489	0.097841	0.000000	0.000147	0.000000	0.000000	0.000000	0.001876
263	0.789959	0.110066	0.097956	0.000000	0.000148	0.000000	0.000000	0.000000	0.001871
264	0.789890	0.110134	0.098015	0.000000	0.000150	0.000000	0.000000	0.000000	0.001811
265	0.789959	0.110214	0.097831	0.000000	0.000145	0.000000	0.000000	0.000000	0.001851
266	0.789720	0.110079	0.098192	0.000000	0.000150	0.000000	0.000000	0.000000	0.001859
267	0.789588	0.110362	0.098036	0.000000	0.000155	0.000000	0.000000	0.000000	0.001859
268	0.790022	0.110102	0.097852	0.000000	0.000150	0.000000	0.000000	0.000000	0.001874
269	0.790212	0.110148	0.097680	0.000000	0.000146	0.000000	0.000000	0.000000	0.001814
270	0.789857	0.110249	0.097960	0.000000	0.000141	0.000000	0.000000	0.000000	0.001793
271	0.789989	0.110154	0.097928	0.000000	0.000124	0.000000	0.000000	0.000000	0.001805
272	0.789902	0.110341	0.097837	0.000000	0.000133	0.000000	0.000000	0.000000	0.001787
273	0.789903	0.110302	0.097938	0.000000	0.000138	0.000000	0.000000	0.000000	0.001719
274	0.790327	0.109976	0.097814	0.000000	0.000140	0.000000	0.000000	0.000000	0.001743
275	0.790770	0.109459	0.097904	0.000000	0.000135	0.000000	0.000000	0.000000	0.001732
276	0.790873	0.109427	0.097825	0.000000	0.000138	0.000000	0.000000	0.000000	0.001737
277	0.791207	0.109646	0.097248	0.000000	0.000136	0.000000	0.000000	0.000000	0.001763
278	0.791136	0.109866	0.097125	0.000000	0.000151	0.000000	0.000000	0.000000	0.001722
279	0.790965	0.110036	0.097086	0.000000	0.000156	0.000000	0.000000	0.000000	0.001757
280	0.790845	0.110325	0.096947	0.000000	0.000162	0.000000	0.000000	0.000000	0.001721
281	0.791370	0.110032	0.096746	0.000000	0.000162	0.000000	0.000000	0.000000	0.001690
282	0.791137	0.110065	0.096940	0.000000	0.000173	0.000000	0.000000	0.000000	0.001685
283	0.791467	0.110036	0.096655	0.000000	0.000183	0.000000	0.000000	0.000000	0.001659
284	0.791735	0.110208	0.096238	0.000000	0.000177	0.000000	0.000000	0.000000	0.001642
285	0.791899	0.109796	0.096501	0.000000	0.000188	0.000000	0.000000	0.000000	0.001616
286	0.791554	0.109833	0.096874	0.000000	0.000190	0.000000	0.000000	0.000000	0.001549
287	0.791947	0.109975	0.096392	0.000000	0.000203	0.000000	0.000000	0.000000	0.001483
288	0.791398	0.110007	0.096861	0.000000	0.000209	0.000000	0.000000	0.000000	0.001525
289	0.791531	0.109712	0.097052	0.000000	0.000212	0.000000	0.000000	0.000000	0.001493
290	0.791558	0.109913	0.096860	0.000000	0.000214	0.000000	0.000000	0.000000	0.001455
291	0.791506	0.110024	0.096837	0.000000	0.000208	0.000000	0.000000	0.000000	0.001425
292	0.791379	0.109836	0.097220	0.000000	0.000196	0.000000	0.000000	0.000000	0.001369
293	0.791779	0.109937	0.096735	0.000000	0.000195	0.000000	0.000000	0.000000	0.001354
294	0.791928	0.109781	0.096748	0.000000	0.000192	0.000000	0.000000	0.000000	0.001351
295	0.791846	0.109847	0.096716	0.000000	0.000202	0.000000	0.000000	0.000000	0.001389
296	0.791948	0.110035	0.096429	0.000000	0.000185	0.000000	0.000000	0.000000	0.001403
297	0.791807	0.109934	0.096714	0.000000	0.000168	0.000000	0.000000	0.000000	0.001377
298	0.791781	0.110216	0.096477	0.000000	0.000166	0.000000	0.000000	0.000000	0.001360
299	0.791926	0.110131	0.096447	0.000000	0.000167	0.000000	0.000000	0.000000	0.001329
300	0.791752	0.110303	0.096528	0.000000	0.000158	0.000000	0.000000	0.000000	0.001259
301	0.791843	0.110013	0.096742	0.000000	0.000172	0.000000	0.000000	0.000000	0.001230
302	0.791530	0.110219	0.096891	0.000000	0.000149	0.000000	0.000000	0.000000	0.001211
303	0.791485	0.109940	0.097204	0.000000	0.000159	0.000000	0.000000	0.000000	0.001212
304	0.791597	0.109883	0.097175	0.000000	0.000147	0.000000	0.000000	0.000000	0.001198
305	0.791594	0.110002	0.097058	0.000000	0.000152	0.000000	0.000000	0.000000	0.001194
306	0.791896	0.109792	0.097059	0.000000	0.000133	0.000000	0.000000	0.000000	0.001120
307	0.791475	0.109979	0.097261	0.000000	0.000133	0.000000	0.000000	0.000000	0.001152
308	0.791312	0.110060	0.097356	0.000000	0.000125	0.000000	0.000000	0.000000	0.001147
309	0.791196	0.109760	0.097814	0.000000	0.000122	0.000000	0.000000	0.000000	0.001108
310	0.790870	0.109908	0.097993	0.000000	0.000119	0.000000	0.000000	0.000000	0.001110
311	0.790676	0.110202	0.097911	0.000000	0.000124	0.000000	0.000000	0.000000	0.001087
312	0.790158	0.110327	0.098330	0.000000	0.000124	0.000000	0.000000	0.000000	0.001061
313	0.790406	0.109959	0.098482	0.000000	0.000122	0.000000	0.000000	0.000000	0.001031
314	0.790697	0.109880	0.098222	0.000000	0.000126	0.000000	0.000000	0.000000	0.001075
315	0.790863	0.109712	0.098256	0.000000	0.000122	0.000000	0.000000	0.000000	0.001047
316	0.790446	0.109992	0.098382	0.000000	0.000121	0.000000	0.000000	0.000000	0.001059
317	0.790795	0.109974	0.098055	0.000000	0.000116	0.000000	0.000000	0.000000	0.001060
318	0.790511	0.110054	0.098339	0.000000	0.000116	0.000000	0.000000	0.000000	0.000980
319	0.789961	0.110535	0.098407	0.000000	0.000124	0.000000	0.000000	0.000000	0.000973
320	0.790094	0.110297	0.098528	0.000000	0.000131	0.000000	0.000000	0.000000	0.000950
321	0.790245	0.110325	0.098378	0.000000	0.000130	0.000000	0.000000	0.000000	0.000922
322	0.790712	0.109848	0.098421	0.000000	0.000127	0.000000	0.000000	0.000000	0.000892
323	0.790707	0.109765	0.098513	0.000000	0.000121	0.000000	0.000000	0.000000	0.000894
324	0.790929	0.109323	0.098722	0.000000	0.000121	0.000000	0.000000	0.000000	0.000905
325	0.790823	0.109359	0.098783	0.000000	0.000117	0.000000	0.000000	0.000000	0.000918
326	0.790957	0.109176	0.098775	0.000000	0.000117	0.000000	0.000000	0.000000	0.000975
327	0.790678	0.109616	0.098665	0.000000	0.000108	0.000000	0.000000	0.000000	0.000933
328	0.790421	0.109981	0.098562	0.000000	0.000108	0.000000	0.000000	0.000000	0.000928
329	0.790288	0.109871	0.098817	0.000000	0.000105	0.000000	0.000000	0.000000	0.000919
330	0.789899	0.110347	0.098780	0.000000	0.000084	0.000000	0.000000	0.000000	0.000890
331	0.790016	0.110053	0.098998	0.000000	0.000076	0.000000	0.000000	0.000000	0.000857
332	0.790119	0.110269	0.098673	0.000000	0.000077	0.000000	0.000000	0.000000	0.000862
333	0.790036	0.110318	0.098717	0.000000	0.000079	0.000000	0.000000	0.000000	0.000850
334	0.790081	0.110213	0.098818	0.000000	0.000095	0.000000	0.000000	0.000000	0.000793
335	0.790180	0.110109	0.098810	0.000000	0.000086	0.000000	0.000000	0.000000	0.000815
336	0.790254	0.110071	0.098808	0.000000	0.000090	0.000000	0.000000	0.000000	0.000777
337	0.790610	0.109753	0.098769	0.000000	0.000095	0.000000	0.000000	0.000000	0.000773
338	0.790475	0.109876	0.098767	0.000000	0.000087	0.000000	0.000000	0.000000	0.000795
339	0.790121	0.109896	0.099100	0.000000	0.000086	0.000000	0.000000	0.000000	0.000797
340	0.790195	0.110052	0.098886	0.000000	0.000080	0.000000	0.000000	0.000000	0.000787
341	0.789682	0.110182	0.099278	0.000000	0.000074	0.000000	0.000000	0.000000	0.000784
342	0.789681	0.110118	0.099346	0.000000	0.000075	0.000000	0.000000	0.000000	0.000780
343	0.789626	0.109937	0.099549	0.000000	0.000070	0.000000	0.000000	0.000000	0.000818
344	0.790136	0.109927	0.099055	0.000000	0.000065	0.000000	0.000000	0.000000	0.000817
345	0.790189	0.110039	0.098931	0.000000	0.000063	0.000000	0.000000	0.000000	0.000778
346	0.789760	0.109942	0.099432	0.000000	0.000077	0.000000	0.000000	0.000000	0.000789
347	0.789796	0.109911	0.099425	0.000000	0.000093	0.000000	0.000000	0.000000	0.000775
348	0.790055	0.109894	0.099172	0.000000	0.000083	0.000000	0.000000	0.000000	0.000796
349	0.789992	0.109916	0.099243	0.000000	0.000084	0.000000	0.000000	0.000000	0.000765
350	0.789553	0.110087	0.099515	0.000000	0.000090	0.000000	0.000000	0.000000	0.000755
351	0.789583	0.109859	0.099725	0.000000	0.000069	0.000000	0.000000	0.000000	0.000764
352	0.790053	0.109727	0.099380	0.000000	0.000080	0.000000	0.000000	0.000000	0.000760
353	0.789940	0.109859	0.099382	0.000000	0.000091	0.000000	0.000000	0.000000	0.000728
354	0.790523	0.109897	0.098771	0.000000	0.000096	0.000000	0.000000	0.000000	0.000713
355	0.791034	0.109392	0.098789	0.000000	0.000085	0.000000	0.000000	0.000000	0.000700
356	0.790698	0.109831	0.098688	0.000000	0.000079	0.000000	0.000000	0.000000	0.000704
357	0.790640	0.109989	0.098616	0.000000	0.000086	0.000000	0.000000	0.000000	0.000669
358	0.791250	0.109549	0.098438	0.000000	0.000074	0.000000	0.000000	0.000000	0.000689
359	0.791314	0.109406	0.098536	0.000000	0.000072	0.000000	0.000000	0.000000	0.000672
360	0.791611	0.109117	0.098553	0.000000	0.000072	0.000000	0.000000	0.000000	0.000647
361	0.792054	0.108860	0.098367	0.000000	0.000064	0.000000	0.000000	0.000000	0.000655
362	0.792029	0.108854	0.098422	0.000000	0.000052	0.000000	0.000000	0.000000	0.000643
363	0.792199	0.108838	0.098216	0.000000	0.000069	0.000000	0.000000	0.000000	0.000678
364	0.792093	0.108763	0.098398	0.000000	0.000073	0.000000	0.000000	0.000000	0.000673
365	0.792336	0.108531	0.098394	0.000000	0.000075	0.000000	0.000000	0.000000	0.000664
366	0.792739	0.108611	0.097926	0.000000	0.000076	0.000000	0.000000	0.000000	0.000648
367	0.792577	0.108628	0.098084	0.000000	0.000066	0.000000	0.000000	0.000000	0.000645
368	0.792691	0.108616	0.097967	0.000000	0.000063	0.000000	0.000000	0.000000	0.000663
369	0.792485	0.108920	0.097903	0.000000	0.000056	0.000000	0.000000	0.000000	0.000636
370	0.792837	0.108581	0.097904	0.000000	0.000064	0.000000	0.000000	0.000000	0.000614
371	0.792513	0.109003	0.097814	0.000000	0.000057	0.000000	0.000000	0.000000	0.000613
372	0.792791	0.108914	0.097614	0.000000	0.000062	0.000000	0.000000	0.000000	0.000619
373	0.792574	0.108989	0.097763	0.000000	0.000066	0.000000	0.000000	0.000000	0.000608
374	0.792619	0.108945	0.097774	0.000000	0.000050	0.000000	0.000000	0.000000	0.000612
375	0.792867	0.108518	0.097936	0.000000	0.000049	0.000000	0.000000	0.000000	0.000630
376	0.792781	0.108559	0.098008	0.000000	0.000044	0.000000	0.000000	0.000000	0.000608
377	0.792545	0.108360	0.098463	0.000000	0.000046	0.000000	0.000000	0.000000	0.000586
378	0.792744	0.108218	0.098390	0.000000	0.000051	0.000000	0.000000	0.000000	0.000597
379	0.792613	0.108366	0.098366	0.000000	0.000047	0.000000	0.000000	0.000000	0.000608
380	0.793313	0.107942	0.098105	0.000000	0.000053	0.000000	0.000000	0.000000	0.000587
381	0.792928	0.107831	0.098598	0.000000	0.000054	0.000000	0.000000	0.000000	0.000589
382	0.793395	0.107754	0.098225	0.000000	0.000055	0.000000	0.000000	0.000000	0.000571
383	0.793474	0.107808	0.098109	0.000000	0.000051	0.000000	0.000000	0.000000	0.000558
384	0.793414	0.107575	0.098433	0.000000	0.000046	0.000000	0.000000	0.000000	0.000532
385	0.793982	0.107231	0.098201	0.000000	0.000053	0.000000	0.000000	0.000000	0.000533
386	0.793967	0.106977	0.098473	0.000000	0.000057	0.000000	0.000000	0.000000	0.000526
387	0.793372	0.107390	0.098665	0.000000	0.000061	0.000000	0.000000	0.000000	0.000512
388	0.793424	0.107383	0.098605	0.000000	0.000067	0.000000	0.000000	0.000000	0.000521
389	0.793865	0.106880	0.098673	0.000000	0.000068	0.000000	0.000000	0.000000	0.000514
390	0.792953	0.107399	0.099114	0.000000	0.000061	0.000000	0.000000	0.000000	0.000473
391	0.793275	0.107252	0.098916	0.000000	0.000063	0.000000	0.000000	0.000000	0.000494
392	0.793333	0.107461	0.098665	0.000000	0.000057	0.000000	0.000000	0.000000	0.000484
393	0.793169	0.107389	0.098938	0.000000	0.000055	0.000000	0.000000	0.000000	0.000449
394	0.793100	0.107507	0.098892	0.000000	0.000057	0.000000	0.000000	0.000000	0.000444
395	0.793377	0.107184	0.098924	0.000000	0.000057	0.000000	0.000000	0.000000	0.000458
396	0.792810	0.107608	0.099065	0.000000	0.000073	0.000000	0.000000	0.000000	0.000444
397	0.792805	0.107527	0.099145	0.000000	0.000074	0.000000	0.000000	0.000000	0.000449
398	0.793035	0.107282	0.099154	0.000000	0.000077	0.000000	0.000000	0.000000	0.000452
399	0.792654	0.107663	0.099155	0.000000	0.000071	0.000000	0.000000	0.000000	0.000457
400	0.792691	0.107828	0.098984	0.000000	0.000072	0.000000	0.000000	0.000000	0.000425
401	0.792398	0.107826	0.099267	0.000000	0.000072	0.000000	0.000000	0.000000	0.000437
402	0.792531	0.107374	0.099600	0.000000	0.000070	0.000000	0.000000	0.000000	0.000425
403	0.792216	0.107496	0.099789	0.000000	0.000071	0.000000	0.000000	0.000000	0.000428
404	0.791900	0.107540	0.100039	0.000000	0.000071	0.000000	0.000000	0.000000	0.000450
405	0.791749	0.107826	0.099907	0.000000	0.000080	0.000000	0.000000	0.000000	0.000438
406	0.791785	0.107834	0.099853	0.000000	0.000089	0.000000	0.000000	0.000000	0.000439
407	0.792137	0.107631	0.099704	0.000000	0.000096	0.000000	0.000000	0.000000	0.000432
408	0.792016	0.107631	0.099828	0.000000	0.000100	0.000000	0.000000	0.000000	0.000425
409	0.792121	0.107632	0.099714	0.000000	0.000094	0.000000	0.000000	0.000000	0.000439
410	0.792518	0.107288	0.099643	0.000000	0.000100	0.000000	0.000000	0.000000	0.000451
411	0.792239	0.107440	0.099796	0.000000	0.000089	0.000000	0.000000	0.000000	0.000436
412	0.792294	0.107516	0.099670	0.000000	0.000100	0.000000	0.000000	0.000000	0.000420
413	0.792208	0.107469	0.099799	0.000000	0.000109	0.000000	0.000000	0.000000	0.000415
414	0.792071	0.107476	0.099893	0.000000	0.000109	0.000000	0.000000	0.000000	0.000451
415	0.792037	0.107635	0.099766	0.000000	0.000117	0.000000	0.000000	0.000000	0.000445
416	0.791599	0.108064	0.099786	0.000000	0.000119	0.000000	0.000000	0.000000	0.000432
417	0.792045	0.107900	0.099510	0.000000	0.000110	0.000000	0.000000	0.000000	0.000435
418	0.791680	0.107981	0.099804	0.000000	0.000123	0.000000	0.000000	0.000000	0.000412
419	0.792117	0.107846	0.099474	0.000000	0.000110	0.000000	0.000000	0.000000	0.000453
420	0.792132	0.107572	0.099766	0.000000	0.000111	0.000000	0.000000	0.000000	0.000419
421	0.792450	0.107328	0.099705	0.000000	0.000101	0.000000	0.000000	0.000000	0.000416
422	0.792753	0.107370	0.099346	0.000000	0.000098	0.000000	0.000000	0.000000	0.000433
423	0.792466	0.107349	0.099668	0.000000	0.000105	0.000000	0.000000	0.000000	0.000412
424	0.792641	0.107140	0.099710	0.000000	0.000110	0.000000	0.000000	0.000000	0.000399
425	0.792836	0.107020	0.099626	0.000000	0.000110	0.000000	0.000000	0.000000	0.000408
426	0.793408	0.106570	0.099508	0.000000	0.000106	0.000000	0.000000	0.000000	0.000408
427	0.793014	0.106744	0.099774	0.000000	0.000101	0.000000	0.000000	0.000000	0.000367
428	0.793106	0.106554	0.099894	0.000000	0.000099	0.000000	0.000000	0.000000	0.000347
429	0.793279	0.106409	0.099886	0.000000	0.000104	0.000000	0.000000	0.000000	0.000322
430	0.792923	0.106622	0.100051	0.000000	0.000096	0.000000	0.000000	0.000000	0.000308
431	0.793347	0.106443	0.099813	0.000000	0.000096	0.000000	0.000000	0.000000	0.000301
432	0.793076	0.106395	0.100125	0.000000	0.000097	0.000000	0.000000	0.000000	0.000307
433	0.792930	0.106173	0.100525	0.000000	0.000090	0.000000	0.000000	0.000000	0.000282
434	0.792675	0.106497	0.100420	0.000000	0.000114	0.000000	0.000000	0.000000	0.000294
435	0.792949	0.106030	0.100630	0.000000	0.000107	0.000000	0.000000	0.000000	0.000284
436	0.793208	0.105973	0.100439	0.000000	0.000102	0.000000	0.000000	0.000000	0.000278
437	0.793430	0.105556	0.100644	0.000000	0.000100	0.000000	0.000000	0.000000	0.000270
438	0.793489	0.105150	0.101023	0.000000	0.000094	0.000000	0.000000	0.000000	0.000244
439	0.793029	0.105326	0.101309	0.000000	0.000087	0.000000	0.000000	0.000000	0.000249
440	0.793044	0.105384	0.101240	0.000000	0.000084	0.000000	0.000000	0.000000	0.000248
441	0.792873	0.105317	0.101485	0.000000	0.000079	0.000000	0.000000	0.000000	0.000246
442	0.793013	0.105226	0.101465	0.000000	0.000074	0.000000	0.000000	0.000000	0.000222
443	0.792999	0.105436	0.101276	0.000000	0.000075	0.000000	0.000000	0.000000	0.000214
444	0.792663	0.105432	0.101628	0.000000	0.000070	0.000000	0.000000	0.000000	0.000207
445	0.793361	0.105203	0.101140	0.000000	0.000073	0.000000	0.000000	0.000000	0.000223
446	0.792763	0.105286	0.101676	0.000000	0.000069	0.000000	0.000000	0.000000	0.000206
447	0.792344	0.105606	0.101775	0.000000	0.000059	0.000000	0.000000	0.000000	0.000216
448	0.792463	0.105594	0.101679	0.000000	0.000061	0.000000	0.000000	0.000000	0.000203
449	0.791985	0.105721	0.102019	0.000000	0.000069	0.000000	0.000000	0.000000	0.000206
450	0.791867	0.105665	0.102201	0.000000	0.000056	0.000000	0.000000	0.000000	0.000211
451	0.792315	0.105666	0.101753	0.000000	0.000054	0.000000	0.000000	0.000000	0.000212
452	0.792039	0.105392	0.102306	0.000000	0.000047	0.000000	0.000000	0.000000	0.000216
453	0.791793	0.105602	0.102356	0.000000	0.000038	0.000000	0.000000	0.000000	0.000211
454	0.792103	0.105880	0.101758	0.000000	0.000046	0.000000	0.000000	0.000000	0.000213
455	0.791632	0.106017	0.102095	0.000000	0.000045	0.000000	0.000000	0.000000	0.000211
456	0.791701	0.105722	0.102340	0.000000	0.000045	0.000000	0.000000	0.000000	0.000192
457	0.791094	0.105920	0.102744	0.000000	0.000045	0.000000	0.000000	0.000000	0.000197
458	0.791755	0.105526	0.102469	0.000000	0.000042	0.000000	0.000000	0.000000	0.000208
459	0.791721	0.105679	0.102334	0.000000	0.000043	0.000000	0.000000	0.000000	0.000223
460	0.791284	0.106103	0.102357	0.000000	0.000043	0.000000	0.000000	0.000000	0.000213
461	0.790875	0.105881	0.102992	0.000000	0.000043	0.000000	0.000000	0.000000	0.000209
462	0.790636	0.106231	0.102875	0.000000	0.000044	0.000000	0.000000	0.000000	0.000214
463	0.790554	0.106105	0.103090	0.000000	0.000041	0.000000	0.000000	0.000000	0.000210
464	0.790582	0.105917	0.103250	0.000000	0.000043	0.000000	0.000000	0.000000	0.000208
465	0.790437	0.106245	0.103076	0.000000	0.000049	0.000000	0.000000	0.000000	0.000193
466	0.791089	0.105935	0.102731	0.000000	0.000046	0.000000	0.000000	0.000000	0.000199
467	0.791102	0.105941	0.102695	0.000000	0.000047	0.000000	0.000000	0.000000	0.000215
468	0.790787	0.105864	0.103111	0.000000	0.000044	0.000000	0.000000	0.000000	0.000194
469	0.790792	0.105694	0.103291	0.000000	0.000043	0.000000	0.000000	0.000000	0.000180
470	0.790594	0.105653	0.103547	0.000000	0.000038	0.000000	0.000000	0.000000	0.000168
