0	0.290663	0.057897	0.229473	0.157588	0.029913	0.111872	0.085455	0.012259	0.024880
1	0.219687	0.045798	0.191892	0.139114	0.028539	0.121599	0.130144	0.025394	0.097833
2	0.209574	0.043112	0.182490	0.132914	0.028859	0.116892	0.141352	0.027741	0.117066
3	0.206107	0.041600	0.175290	0.128005	0.029235	0.110821	0.148551	0.028710	0.131681
4	0.204532	0.040251	0.168359	0.123154	0.030025	0.104993	0.154235	0.029272	0.145179
5	0.203950	0.039298	0.160815	0.119081	0.030725	0.097850	0.159349	0.029847	0.159085
6	0.202711	0.038458	0.153909	0.115876	0.031763	0.091429	0.164077	0.030248	0.171529
7	0.202586	0.037262	0.146546	0.112244	0.032586	0.085539	0.167898	0.030624	0.184715
8	0.202536	0.036241	0.139384	0.108770	0.034219	0.079848	0.170902	0.030601	0.197499
9	0.202008	0.035222	0.132812	0.105553	0.035346	0.074342	0.173284	0.030645	0.210788
10	0.202117	0.033974	0.125625	0.102639	0.037075	0.069379	0.176074	0.030468	0.222649
11	0.201422	0.033109	0.119433	0.099970	0.038660	0.064229	0.177521	0.030657	0.234999
12	0.201587	0.031865	0.112979	0.096925	0.040448	0.059540	0.179405	0.030135	0.247116
13	0.201478	0.031090	0.106906	0.094036	0.042187	0.055097	0.180980	0.029843	0.258383
14	0.201814	0.030394	0.100653	0.091805	0.043810	0.051367	0.181010	0.029416	0.269731
15	0.201552	0.029331	0.094836	0.089412	0.045698	0.047414	0.181618	0.029430	0.280709
16	0.201678	0.028374	0.088987	0.087314	0.047705	0.044160	0.181524	0.028815	0.291443
17	0.201418	0.027398	0.083842	0.084725	0.049984	0.040981	0.181296	0.028288	0.302068
18	0.201010	0.026897	0.078830	0.082163	0.051737	0.037856	0.181020	0.027873	0.312614
19	0.199982	0.026326	0.073915	0.080201	0.053993	0.035008	0.180424	0.027631	0.322520
20	0.199748	0.025670	0.069142	0.078191	0.056375	0.032165	0.179843	0.027310	0.331556
21	0.199012	0.025048	0.064892	0.075914	0.058849	0.029584	0.178604	0.026927	0.341170
22	0.198721	0.024317	0.060695	0.073934	0.061006	0.027407	0.178028	0.026500	0.349392
23	0.198276	0.023662	0.056563	0.072198	0.063655	0.025182	0.176821	0.025768	0.357875
24	0.197258	0.022929	0.052979	0.070254	0.066335	0.023494	0.175173	0.025363	0.366215
25	0.196039	0.022287	0.049809	0.068498	0.069031	0.021620	0.173634	0.024874	0.374208
26	0.195028	0.021844	0.046399	0.066417	0.072064	0.020146	0.172472	0.024432	0.381198
27	0.194561	0.021212	0.043053	0.064108	0.075020	0.018832	0.170508	0.023847	0.388859
28	0.193701	0.020528	0.040185	0.062791	0.077773	0.017356	0.167714	0.023437	0.396515
29	0.192430	0.019689	0.037601	0.061221	0.080761	0.016018	0.165639	0.023030	0.403611
30	0.191107	0.018868	0.035033	0.059475	0.083586	0.014722	0.164010	0.022212	0.410987
31	0.189625	0.018394	0.032682	0.057804	0.086625	0.013703	0.161534	0.021779	0.417854
32	0.187844	0.017845	0.030475	0.056019	0.089510	0.012571	0.159978	0.021454	0.424304
33	0.186331	0.017170	0.028615	0.054440	0.092532	0.011612	0.157670	0.020857	0.430773
34	0.184812	0.016529	0.026733	0.053106	0.095720	0.010929	0.156033	0.020412	0.435726
35	0.182487	0.015887	0.024922	0.051365	0.099003	0.010080	0.154399	0.019886	0.441971
36	0.180605	0.015314	0.023425	0.049712	0.102230	0.009414	0.152016	0.019354	0.447930
37	0.178053	0.014804	0.021952	0.048195	0.105827	0.008665	0.149860	0.018866	0.453778
38	0.176255	0.014420	0.020014	0.046835	0.109128	0.008026	0.147532	0.018510	0.459280
39	0.174052	0.014047	0.018623	0.045466	0.112651	0.007513	0.145358	0.017844	0.464446
40	0.172039	0.013556	0.017259	0.044142	0.116244	0.007022	0.143335	0.017454	0.468949
41	0.169997	0.013011	0.016249	0.042924	0.119613	0.006497	0.141488	0.016867	0.473354
42	0.167667	0.012467	0.015001	0.041777	0.123071	0.006008	0.139502	0.016688	0.477819
43	0.165217	0.012101	0.013942	0.040593	0.126818	0.005516	0.137483	0.016372	0.481958
44	0.162480	0.011669	0.013024	0.039538	0.130370	0.005026	0.135631	0.015794	0.486468
45	0.159965	0.011249	0.011983	0.038634	0.133933	0.004755	0.133398	0.015563	0.490520
46	0.157142	0.010860	0.011163	0.037456	0.137652	0.004441	0.131427	0.015202	0.494657
47	0.154659	0.010590	0.010295	0.036288	0.141177	0.004117	0.129497	0.014774	0.498603
48	0.151701	0.010141	0.009443	0.035271	0.145104	0.003749	0.127413	0.014311	0.502867
49	0.148982	0.009726	0.008643	0.034479	0.148697	0.003417	0.125327	0.013939	0.506790
50	0.145636	0.009450	0.008036	0.033072	0.152855	0.003209	0.123356	0.013578	0.510808
51	0.143272	0.009219	0.007422	0.032212	0.156539	0.002883	0.121312	0.013325	0.513816
52	0.140560	0.008867	0.006792	0.031201	0.160511	0.002637	0.119404	0.012978	0.517050
53	0.137598	0.008648	0.006286	0.030377	0.164053	0.002428	0.117553	0.012759	0.520298
54	0.134469	0.008466	0.005751	0.029696	0.167876	0.002305	0.115892	0.012422	0.523123
55	0.131345	0.008170	0.005345	0.028945	0.171425	0.002188	0.113981	0.012067	0.526534
56	0.128739	0.007863	0.004824	0.027953	0.175382	0.002123	0.112370	0.011800	0.528946
57	0.126015	0.007590	0.004495	0.027316	0.179006	0.001971	0.110021	0.011490	0.532096
58	0.123195	0.007330	0.004129	0.026521	0.182555	0.001815	0.108446	0.011290	0.534719
59	0.120320	0.007096	0.003753	0.025734	0.186547	0.001748	0.106935	0.011132	0.536735
60	0.117178	0.006822	0.003397	0.025029	0.190662	0.001610	0.105311	0.010784	0.539207
61	0.114580	0.006554	0.003146	0.024319	0.194516	0.001457	0.103547	0.010608	0.541273
62	0.111671	0.006339	0.002910	0.023571	0.198807	0.001307	0.101486	0.010408	0.543501
63	0.108857	0.006112	0.002650	0.022888	0.202863	0.001231	0.099983	0.010152	0.545264
64	0.106120	0.005936	0.002425	0.022316	0.206669	0.001120	0.098421	0.009979	0.547014
65	0.102863	0.005622	0.002215	0.021713	0.211021	0.001080	0.096872	0.009862	0.548752
66	0.100381	0.005404	0.001974	0.021023	0.214624	0.000979	0.095237	0.009738	0.550640
67	0.097418	0.005264	0.001764	0.020523	0.218273	0.000924	0.093826	0.009565	0.552443
68	0.094509	0.005042	0.001635	0.019872	0.222402	0.000857	0.092268	0.009493	0.553922
69	0.091803	0.004862	0.001488	0.019322	0.226023	0.000819	0.090659	0.009307	0.555717
70	0.089385	0.004708	0.001328	0.018816	0.229307	0.000802	0.089325	0.009095	0.557234
71	0.086195	0.004515	0.001303	0.018547	0.233110	0.000742	0.088163	0.008898	0.558527
72	0.083757	0.004410	0.001158	0.018208	0.236562	0.000726	0.086969	0.008754	0.559456
73	0.081134	0.004261	0.001039	0.017826	0.240614	0.000677	0.085493	0.008504	0.560452
74	0.078797	0.004070	0.000930	0.017559	0.244495	0.000603	0.084194	0.008375	0.560977
75	0.076071	0.003816	0.000842	0.017131	0.248231	0.000586	0.082975	0.008056	0.562292
76	0.073792	0.003704	0.000840	0.016675	0.252098	0.000565	0.081853	0.007859	0.562614
77	0.071392	0.003643	0.000797	0.016368	0.255629	0.000541	0.080233	0.007667	0.563730
78	0.069073	0.003543	0.000712	0.015922	0.259139	0.000480	0.079064	0.007462	0.564605
79	0.066644	0.003388	0.000623	0.015417	0.262732	0.000478	0.078133	0.007484	0.565101
80	0.063965	0.003204	0.000544	0.015057	0.266611	0.000461	0.077101	0.007219	0.565838
81	0.061793	0.002978	0.000487	0.014724	0.270443	0.000424	0.076051	0.007102	0.565998
82	0.059700	0.002834	0.000461	0.014327	0.274048	0.000394	0.075094	0.006952	0.566190
83	0.057717	0.002684	0.000414	0.014078	0.277950	0.000380	0.073892	0.006817	0.566068
84	0.055654	0.002600	0.000385	0.013970	0.281452	0.000371	0.072831	0.006629	0.566108
85	0.053406	0.002444	0.000371	0.013844	0.285253	0.000344	0.071815	0.006492	0.566031
86	0.051299	0.002307	0.000339	0.013457	0.289193	0.000334	0.070735	0.006354	0.565982
87	0.049393	0.002242	0.000307	0.013182	0.292596	0.000311	0.069770	0.006177	0.566022
88	0.047659	0.002113	0.000285	0.012918	0.295931	0.000296	0.069183	0.006003	0.565612
89	0.045718	0.002011	0.000283	0.012787	0.299422	0.000253	0.067802	0.005894	0.565830
90	0.043910	0.001938	0.000239	0.012486	0.303321	0.000249	0.066968	0.005754	0.565135
91	0.042331	0.001791	0.000227	0.012310	0.306620	0.000225	0.065896	0.005667	0.564933
92	0.040679	0.001732	0.000219	0.012051	0.310347	0.000211	0.064617	0.005601	0.564543
93	0.039223	0.001672	0.000218	0.011765	0.313458	0.000222	0.063364	0.005367	0.564711
94	0.037843	0.001654	0.000192	0.011497	0.316904	0.000201	0.062345	0.005335	0.564029
95	0.036051	0.001512	0.000181	0.011407	0.320554	0.000194	0.061619	0.005254	0.563228
96	0.034520	0.001411	0.000163	0.011130	0.324378	0.000169	0.060455	0.005159	0.562615
97	0.033237	0.001281	0.000147	0.011003	0.327887	0.000160	0.059423	0.005158	0.561704
98	0.031726	0.001224	0.000133	0.010751	0.330908	0.000157	0.058576	0.005062	0.561463
99	0.030199	0.001142	0.000126	0.010467	0.334839	0.000155	0.057771	0.004931	0.560370
100	0.028967	0.001074	0.000101	0.010315	0.338317	0.000137	0.057010	0.004910	0.559169
101	0.027743	0.001047	0.000121	0.010213	0.341315	0.000123	0.056090	0.004771	0.558577
102	0.026387	0.001008	0.000113	0.010104	0.344555	0.000110	0.055221	0.004726	0.557776
103	0.025220	0.000954	0.000109	0.009873	0.348115	0.000114	0.054090	0.004726	0.556799
104	0.024138	0.000896	0.000098	0.009687	0.351273	0.000105	0.053021	0.004666	0.556116
105	0.022998	0.000848	0.000089	0.009452	0.354630	0.000106	0.052248	0.004647	0.554982
106	0.021836	0.000795	0.000071	0.009463	0.357876	0.000108	0.051319	0.004540	0.553992
107	0.020906	0.000794	0.000057	0.009198	0.361115	0.000102	0.050594	0.004508	0.552726
108	0.020240	0.000733	0.000047	0.009075	0.364068	0.000084	0.049899	0.004421	0.551433
109	0.019131	0.000687	0.000052	0.008969	0.367414	0.000078	0.048966	0.004366	0.550337
110	0.018077	0.000647	0.000048	0.008866	0.370935	0.000080	0.048251	0.004187	0.548909
111	0.017157	0.000635	0.000051	0.008774	0.374212	0.000075	0.047463	0.004054	0.547579
112	0.016422	0.000608	0.000039	0.008583	0.377316	0.000066	0.046522	0.003978	0.546466
113	0.015719	0.000583	0.000030	0.008588	0.380169	0.000065	0.045798	0.003921	0.545127
114	0.014922	0.000546	0.000025	0.008473	0.383306	0.000075	0.045261	0.003838	0.543554
115	0.014211	0.000482	0.000015	0.008345	0.386408	0.000065	0.044572	0.003727	0.542175
116	0.013358	0.000440	0.000016	0.008198	0.389601	0.000072	0.043918	0.003666	0.540731
117	0.012678	0.000419	0.000012	0.007920	0.392754	0.000071	0.043618	0.003539	0.538989
118	0.012075	0.000375	0.000015	0.007912	0.395631	0.000069	0.042986	0.003481	0.537456
119	0.011642	0.000388	0.000009	0.007927	0.398665	0.000067	0.042336	0.003414	0.535552
120	0.010980	0.000381	0.000012	0.007850	0.401337	0.000062	0.041961	0.003371	0.534046
121	0.010438	0.000360	0.000009	0.007677	0.404678	0.000054	0.041281	0.003307	0.532196
122	0.009977	0.000365	0.000008	0.007636	0.407431	0.000063	0.040837	0.003222	0.530461
123	0.009399	0.000350	0.000006	0.007611	0.410160	0.000062	0.040446	0.003139	0.528827
124	0.008901	0.000311	0.000004	0.007566	0.413105	0.000042	0.039625	0.003086	0.527360
125	0.008620	0.000289	0.000003	0.007538	0.416008	0.000041	0.038895	0.002961	0.525645
126	0.008155	0.000304	0.000001	0.007510	0.419094	0.000031	0.038505	0.002919	0.523481
127	0.007666	0.000296	0.000001	0.007456	0.421657	0.000034	0.037950	0.002859	0.522081
128	0.007239	0.000283	0.000000	0.007464	0.424650	0.000043	0.037348	0.002862	0.520111
129	0.006867	0.000278	0.000000	0.007362	0.427625	0.000032	0.036945	0.002802	0.518089
130	0.006563	0.000279	0.000000	0.007244	0.430568	0.000029	0.036456	0.002725	0.516136
131	0.006193	0.000266	0.000000	0.007203	0.433271	0.000031	0.035791	0.002643	0.514602
132	0.005931	0.000242	0.000000	0.007095	0.436188	0.000027	0.035405	0.002548	0.512564
133	0.005572	0.000237	0.000000	0.007035	0.439059	0.000029	0.034881	0.002483	0.510704
134	0.005344	0.000256	0.000000	0.006948	0.441728	0.000032	0.034615	0.002463	0.508614
135	0.005026	0.000254	0.000000	0.006855	0.444475	0.000021	0.034079	0.002395	0.506895
136	0.004718	0.000233	0.000000	0.006834	0.447376	0.000025	0.033490	0.002350	0.504974
137	0.004509	0.000210	0.000000	0.006806	0.450259	0.000023	0.033114	0.002289	0.502790
138	0.004238	0.000211	0.000000	0.006769	0.452825	0.000021	0.032724	0.002249	0.500963
139	0.004054	0.000198	0.000000	0.006783	0.455899	0.000019	0.032075	0.002220	0.498752
140	0.003799	0.000176	0.000000	0.006779	0.458248	0.000020	0.031548	0.002128	0.497302
141	0.003557	0.000146	0.000000	0.006713	0.460787	0.000018	0.031213	0.002075	0.495491
142	0.003441	0.000137	0.000000	0.006606	0.463355	0.000011	0.030899	0.002082	0.493469
143	0.003245	0.000124	0.000000	0.006652	0.466288	0.000007	0.029965	0.002074	0.491645
144	0.003059	0.000110	0.000000	0.006509	0.468840	0.000012	0.029531	0.001998	0.489941
145	0.002915	0.000091	0.000000	0.006439	0.471495	0.000008	0.029330	0.001970	0.487752
146	0.002791	0.000093	0.000000	0.006275	0.474613	0.000010	0.028976	0.001941	0.485301
147	0.002639	0.000095	0.000000	0.006216	0.477180	0.000010	0.028327	0.001883	0.483650
148	0.002534	0.000072	0.000000	0.006147	0.479715	0.000009	0.027881	0.001858	0.481784
149	0.002381	0.000062	0.000000	0.006103	0.482805	0.000009	0.027511	0.001815	0.479314
150	0.002215	0.000054	0.000000	0.006047	0.485728	0.000008	0.026969	0.001748	0.477231
151	0.002127	0.000045	0.000000	0.006043	0.488329	0.000009	0.026564	0.001698	0.475185
152	0.002055	0.000043	0.000000	0.005941	0.491192	0.000009	0.026191	0.001631	0.472938
153	0.001939	0.000042	0.000000	0.005853	0.493844	0.000011	0.025738	0.001589	0.470984
154	0.001805	0.000038	0.000000	0.005789	0.496651	0.000008	0.025127	0.001593	0.468989
155	0.001711	0.000035	0.000000	0.005866	0.499079	0.000010	0.024782	0.001557	0.466960
156	0.001616	0.000036	0.000000	0.005831	0.501444	0.000009	0.024515	0.001499	0.465050
157	0.001491	0.000020	0.000000	0.005691	0.504059	0.000006	0.023924	0.001454	0.463355
158	0.001422	0.000022	0.000000	0.005625	0.506762	0.000006	0.023604	0.001410	0.461149
159	0.001353	0.000018	0.000000	0.005629	0.509494	0.000005	0.023333	0.001392	0.458776
160	0.001299	0.000012	0.000000	0.005546	0.511845	0.000007	0.022992	0.001337	0.456962
161	0.001223	0.000014	0.000000	0.005469	0.514486	0.000006	0.022563	0.001282	0.454957
162	0.001178	0.000011	0.000000	0.005417	0.517169	0.000007	0.022121	0.001262	0.452835
163	0.001122	0.000012	0.000000	0.005410	0.519771	0.000007	0.021705	0.001193	0.450780
164	0.001079	0.000011	0.000000	0.005348	0.522495	0.000008	0.021395	0.001174	0.448490
165	0.001017	0.000009	0.000000	0.005323	0.525186	0.000006	0.020814	0.001125	0.446520
166	0.000960	0.000010	0.000000	0.005339	0.527767	0.000005	0.020562	0.001087	0.444270
167	0.000900	0.000009	0.000000	0.005275	0.530405	0.000005	0.020390	0.001064	0.441952
168	0.000859	0.000010	0.000000	0.005242	0.532967	0.000004	0.020056	0.001007	0.439855
169	0.000843	0.000009	0.000000	0.005217	0.535472	0.000002	0.019760	0.001014	0.437683
170	0.000794	0.000005	0.000000	0.005166	0.537858	0.000002	0.019483	0.001011	0.435681
171	0.000780	0.000006	0.000000	0.005051	0.540040	0.000002	0.019119	0.001001	0.434001
172	0.000712	0.000005	0.000000	0.005064	0.542226	0.000003	0.018892	0.000940	0.432158
173	0.000684	0.000005	0.000000	0.004984	0.544536	0.000006	0.018613	0.000896	0.430276
174	0.000674	0.000003	0.000000	0.004943	0.546879	0.000005	0.018332	0.000917	0.428247
175	0.000641	0.000002	0.000000	0.004995	0.549342	0.000007	0.017930	0.000853	0.426230
176	0.000564	0.000003	0.000000	0.004951	0.551715	0.000005	0.017539	0.000859	0.424364
177	0.000504	0.000003	0.000000	0.005021	0.553544	0.000005	0.017520	0.000796	0.422607
178	0.000454	0.000004	0.000000	0.005054	0.555977	0.000008	0.017326	0.000782	0.420395
179	0.000442	0.000005	0.000000	0.005153	0.558543	0.000009	0.017042	0.000772	0.418034
180	0.000426	0.000006	0.000000	0.005112	0.560870	0.000007	0.016929	0.000720	0.415930
181	0.000397	0.000005	0.000000	0.005098	0.563668	0.000008	0.016640	0.000728	0.413456
182	0.000359	0.000002	0.000000	0.005088	0.566327	0.000011	0.016443	0.000732	0.411038
183	0.000345	0.000000	0.000000	0.005091	0.568545	0.000009	0.016204	0.000658	0.409148
184	0.000328	0.000000	0.000000	0.004947	0.571493	0.000013	0.015896	0.000635	0.406688
185	0.000301	0.000000	0.000000	0.004933	0.574143	0.000014	0.015753	0.000626	0.404230
186	0.000266	0.000000	0.000000	0.004876	0.575586	0.000016	0.015536	0.000631	0.403089
187	0.000253	0.000000	0.000000	0.004880	0.577729	0.000018	0.015308	0.000603	0.401209
188	0.000239	0.000000	0.000000	0.004804	0.580025	0.000010	0.014943	0.000624	0.399355
189	0.000235	0.000000	0.000000	0.004854	0.582022	0.000011	0.014903	0.000614	0.397361
190	0.000223	0.000000	0.000000	0.004928	0.584441	0.000017	0.014745	0.000583	0.395063
191	0.000217	0.000000	0.000000	0.004928	0.586598	0.000012	0.014562	0.000562	0.393121
192	0.000197	0.000000	0.000000	0.004920	0.589026	0.000023	0.014356	0.000561	0.390917
193	0.000186	0.000000	0.000000	0.005027	0.591265	0.000018	0.014222	0.000572	0.388710
194	0.000183	0.000000	0.000000	0.004938	0.593819	0.000013	0.014019	0.000578	0.386450
195	0.000171	0.000000	0.000000	0.004907	0.596455	0.000011	0.013797	0.000590	0.384069
196	0.000168	0.000000	0.000000	0.004809	0.598789	0.000015	0.013595	0.000599	0.382025
197	0.000150	0.000000	0.000000	0.004829	0.601176	0.000015	0.013404	0.000598	0.379828
198	0.000150	0.000000	0.000000	0.004814	0.603295	0.000012	0.013250	0.000601	0.377878
199	0.000142	0.000000	0.000000	0.004783	0.605550	0.000012	0.012935	0.000583	0.375995
200	0.000150	0.000000	0.000000	0.004843	0.608277	0.000014	0.012842	0.000578	0.373296
201	0.000128	0.000000	0.000000	0.004887	0.610361	0.000011	0.012687	0.000585	0.371341
202	0.000134	0.000000	0.000000	0.004808	0.613026	0.000008	0.012502	0.000595	0.368927
203	0.000121	0.000000	0.000000	0.004724	0.615463	0.000014	0.012356	0.000606	0.366716
204	0.000126	0.000000	0.000000	0.004669	0.617389	0.000008	0.012267	0.000572	0.364969
205	0.000125	0.000000	0.000000	0.004767	0.619302	0.000009	0.012140	0.000560	0.363097
206	0.000119	0.000000	0.000000	0.004756	0.621613	0.000007	0.011912	0.000574	0.361019
207	0.000120	0.000000	0.000000	0.004786	0.623925	0.000004	0.011807	0.000588	0.358770
208	0.000120	0.000000	0.000000	0.004726	0.626292	0.000006	0.011724	0.000601	0.356531
209	0.000118	0.000000	0.000000	0.004719	0.628559	0.000005	0.011474	0.000601	0.354524
210	0.000117	0.000000	0.000000	0.004667	0.630694	0.000004	0.011280	0.000621	0.352617
211	0.000123	0.000000	0.000000	0.004634	0.633255	0.000005	0.011107	0.000591	0.350285
212	0.000119	0.000000	0.000000	0.004729	0.635224	0.000004	0.010897	0.000562	0.348465
213	0.000122	0.000000	0.000000	0.004714	0.637347	0.000003	0.010742	0.000566	0.346506
214	0.000115	0.000000	0.000000	0.004716	0.639736	0.000004	0.010750	0.000568	0.344111
215	0.000119	0.000000	0.000000	0.004665	0.642133	0.000004	0.010478	0.000529	0.342072
216	0.000121	0.000000	0.000000	0.004693	0.644097	0.000007	0.010354	0.000519	0.340209
217	0.000123	0.000000	0.000000	0.004672	0.646875	0.000004	0.010104	0.000500	0.337722
218	0.000109	0.000000	0.000000	0.004718	0.648772	0.000008	0.010121	0.000481	0.335791
219	0.000123	0.000000	0.000000	0.004713	0.651106	0.000007	0.010092	0.000489	0.333470
220	0.000119	0.000000	0.000000	0.004734	0.653365	0.000010	0.009939	0.000466	0.331367
221	0.000124	0.000000	0.000000	0.004710	0.655409	0.000008	0.009760	0.000465	0.329524
222	0.000104	0.000000	0.000000	0.004788	0.657252	0.000005	0.009608	0.000460	0.327783
223	0.000105	0.000000	0.000000	0.004769	0.659175	0.000001	0.009431	0.000438	0.326081
224	0.000098	0.000000	0.000000	0.004717	0.661071	0.000002	0.009348	0.000451	0.324313
225	0.000096	0.000000	0.000000	0.004773	0.662747	0.000002	0.009345	0.000472	0.322565
226	0.000090	0.000000	0.000000	0.004815	0.665016	0.000000	0.009159	0.000450	0.320470
227	0.000092	0.000000	0.000000	0.004764	0.667072	0.000001	0.009081	0.000429	0.318561
228	0.000095	0.000000	0.000000	0.004782	0.668741	0.000002	0.008909	0.000438	0.317033
229	0.000091	0.000000	0.000000	0.004785	0.671144	0.000001	0.008841	0.000422	0.314716
230	0.000092	0.000000	0.000000	0.004769	0.673385	0.000001	0.008742	0.000424	0.312587
231	0.000093	0.000000	0.000000	0.004733	0.675340	0.000002	0.008703	0.000407	0.310722
232	0.000096	0.000000	0.000000	0.004857	0.677318	0.000000	0.008648	0.000412	0.308669
233	0.000093	0.000000	0.000000	0.004838	0.679174	0.000002	0.008501	0.000411	0.306981
234	0.000108	0.000000	0.000000	0.004831	0.681065	0.000005	0.008367	0.000432	0.305192
235	0.000094	0.000000	0.000000	0.004876	0.683186	0.000004	0.008312	0.000417	0.303111
236	0.000093	0.000000	0.000000	0.004969	0.685157	0.000005	0.008189	0.000421	0.301166
237	0.000083	0.000000	0.000000	0.004914	0.687454	0.000002	0.008033	0.000442	0.299072
238	0.000075	0.000000	0.000000	0.004949	0.689548	0.000001	0.007888	0.000446	0.297093
239	0.000054	0.000000	0.000000	0.004914	0.691598	0.000001	0.007805	0.000426	0.295202
240	0.000041	0.000000	0.000000	0.004825	0.693626	0.000004	0.007664	0.000435	0.293405
241	0.000032	0.000000	0.000000	0.004914	0.695404	0.000004	0.007607	0.000468	0.291571
242	0.000031	0.000000	0.000000	0.004865	0.697501	0.000005	0.007510	0.000417	0.289671
243	0.000028	0.000000	0.000000	0.004859	0.699254	0.000005	0.007385	0.000422	0.288047
244	0.000027	0.000000	0.000000	0.004898	0.701039	0.000003	0.007277	0.000416	0.286340
245	0.000022	0.000000	0.000000	0.004901	0.703259	0.000002	0.007130	0.000385	0.284301
246	0.000023	0.000000	0.000000	0.004825	0.705249	0.000003	0.006997	0.000380	0.282523
247	0.000024	0.000000	0.000000	0.004806	0.706974	0.000008	0.006871	0.000358	0.280959
248	0.000021	0.000000	0.000000	0.004814	0.709164	0.000003	0.006713	0.000366	0.278919
249	0.000019	0.000000	0.000000	0.004809	0.710936	0.000004	0.006640	0.000344	0.277248
250	0.000023	0.000000	0.000000	0.004787	0.713366	0.000003	0.006600	0.000337	0.274884
251	0.000020	0.000000	0.000000	0.004635	0.715233	0.000003	0.006569	0.000345	0.273195
252	0.000019	0.000000	0.000000	0.004753	0.717298	0.000003	0.006449	0.000335	0.271143
253	0.000015	0.000000	0.000000	0.004744	0.719345	0.000001	0.006226	0.000324	0.269345
254	0.000019	0.000000	0.000000	0.004770	0.721472	0.000003	0.006111	0.000328	0.267297
255	0.000017	0.000000	0.000000	0.004806	0.723377	0.000004	0.006053	0.000300	0.265443
256	0.000016	0.000000	0.000000	0.004777	0.725226	0.000003	0.005833	0.000302	0.263843
257	0.000018	0.000000	0.000000	0.004771	0.727214	0.000003	0.005724	0.000295	0.261975
258	0.000019	0.000000	0.000000	0.004749	0.729315	0.000004	0.005664	0.000296	0.259953
259	0.000017	0.000000	0.000000	0.004823	0.731148	0.000002	0.005579	0.000290	0.258141
260	0.000019	0.000000	0.000000	0.004854	0.732732	0.000001	0.005473	0.000283	0.256638
261	0.000020	0.000000	0.000000	0.004802	0.734643	0.000002	0.005389	0.000263	0.254881
262	0.000016	0.000000	0.000000	0.004868	0.736309	0.000003	0.005381	0.000268	0.253155
263	0.000016	0.000000	0.000000	0.004947	0.738110	0.000004	0.005232	0.000245	0.251446
264	0.000015	0.000000	0.000000	0.004930	0.739563	0.000005	0.005111	0.000245	0.250131
265	0.000017	0.000000	0.000000	0.004910	0.741488	0.000006	0.004984	0.000243	0.248352
266	0.000013	0.000000	0.000000	0.004936	0.743305	0.000004	0.004935	0.000236	0.246571
267	0.000014	0.000000	0.000000	0.004998	0.744812	0.000005	0.004862	0.000220	0.245089
268	0.000014	0.000000	0.000000	0.005074	0.746418	0.000003	0.004890	0.000229	0.243372
269	0.000012	0.000000	0.000000	0.004950	0.748489	0.000003	0.004902	0.000241	0.241403
270	0.000004	0.000000	0.000000	0.004965	0.750035	0.000004	0.004852	0.000234	0.239906
271	0.000003	0.000000	0.000000	0.004910	0.751817	0.000004	0.004781	0.000228	0.238257
272	0.000004	0.000000	0.000000	0.005027	0.753477	0.000001	0.004707	0.000217	0.236567
273	0.000005	0.000000	0.000000	0.004980	0.755217	0.000003	0.004651	0.000212	0.234932
274	0.000005	0.000000	0.000000	0.005025	0.756643	0.000001	0.004535	0.000200	0.233591
275	0.000009	0.000000	0.000000	0.004991	0.758176	0.000001	0.004534	0.000188	0.232101
276	0.000008	0.000000	0.000000	0.004987	0.759729	0.000002	0.004391	0.000186	0.230697
277	0.000007	0.000000	0.000000	0.005034	0.761703	0.000003	0.004242	0.000199	0.228812
278	0.000007	0.000000	0.000000	0.005056	0.763527	0.000003	0.004100	0.000185	0.227122
279	0.000005	0.000000	0.000000	0.005040	0.765118	0.000005	0.004053	0.000187	0.225592
280	0.000004	0.000000	0.000000	0.004930	0.766811	0.000006	0.003940	0.000176	0.224133
281	0.000004	0.000000	0.000000	0.004941	0.768487	0.000005	0.003870	0.000161	0.222532
282	0.000005	0.000000	0.000000	0.004823	0.770250	0.000003	0.003828	0.000151	0.220940
283	0.000006	0.000000	0.000000	0.004902	0.772133	0.000003	0.003803	0.000156	0.218997
284	0.000006	0.000000	0.000000	0.004846	0.773853	0.000006	0.003847	0.000159	0.217283
285	0.000005	0.000000	0.000000	0.004853	0.775375	0.000003	0.003834	0.000169	0.215761
286	0.000005	0.000000	0.000000	0.004802	0.776962	0.000007	0.003799	0.000148	0.214277
287	0.000006	0.000000	0.000000	0.004789	0.778761	0.000004	0.003711	0.000140	0.212589
288	0.000006	0.000000	0.000000	0.004783	0.780376	0.000001	0.003594	0.000142	0.211098
289	0.000002	0.000000	0.000000	0.004807	0.782124	0.000002	0.003432	0.000157	0.209476
290	0.000002	0.000000	0.000000	0.004773	0.783301	0.000001	0.003369	0.000165	0.208389
291	0.000000	0.000000	0.000000	0.004804	0.784694	0.000001	0.003329	0.000167	0.207005
292	0.000000	0.000000	0.000000	0.004837	0.786280	0.000002	0.003245	0.000173	0.205463
293	0.000000	0.000000	0.000000	0.004833	0.788183	0.000000	0.003184	0.000160	0.203640
294	0.000000	0.000000	0.000000	0.004792	0.789543	0.000000	0.003165	0.000143	0.202357
295	0.000000	0.000000	0.000000	0.004872	0.791182	0.000002	0.003092	0.000144	0.200708
296	0.000000	0.000000	0.000000	0.004887	0.792985	0.000001	0.003108	0.000133	0.198886
297	0.000000	0.000000	0.000000	0.004969	0.794344	0.000000	0.003035	0.000141	0.197511
298	0.000000	0.000000	0.000000	0.005037	0.795598	0.000002	0.003033	0.000131	0.196199
299	0.000000	0.000000	0.000000	0.005059	0.796998	0.000003	0.002988	0.000145	0.194807
300	0.000000	0.000000	0.000000	0.005075	0.798693	0.000003	0.002963	0.000163	0.193103
301	0.000000	0.000000	0.000000	0.005066	0.800244	0.000007	0.002928	0.000144	0.191611
302	0.000000	0.000000	0.000000	0.005094	0.801827	0.000005	0.002893	0.000144	0.190037
303	0.000000	0.000000	0.000000	0.005025	0.803459	0.000009	0.002823	0.000132	0.188552
304	0.000000	0.000000	0.000000	0.005054	0.804827	0.000006	0.002788	0.000138	0.187187
305	0.000000	0.000000	0.000000	0.005035	0.806390	0.000006	0.002838	0.000140	0.185591
306	0.000000	0.000000	0.000000	0.004980	0.807886	0.000010	0.002795	0.000131	0.184198
307	0.000000	0.000000	0.000000	0.004987	0.809184	0.000014	0.002729	0.000126	0.182960
308	0.000000	0.000000	0.000000	0.004962	0.810538	0.000017	0.002690	0.000119	0.181674
309	0.000000	0.000000	0.000000	0.004968	0.812041	0.000012	0.002639	0.000112	0.180228
310	0.000000	0.000000	0.000000	0.004983	0.813303	0.000009	0.002609	0.000108	0.178988
311	0.000000	0.000000	0.000000	0.005026	0.814460	0.000013	0.002543	0.000109	0.177849
312	0.000000	0.000000	0.000000	0.005015	0.816006	0.000011	0.002496	0.000104	0.176368
313	0.000000	0.000000	0.000000	0.005036	0.817431	0.000009	0.002485	0.000087	0.174952
314	0.000000	0.000000	0.000000	0.004967	0.818829	0.000006	0.002495	0.000087	0.173616
315	0.000000	0.000000	0.000000	0.004916	0.820639	0.000006	0.002382	0.000088	0.171969
316	0.000000	0.000000	0.000000	0.004962	0.821759	0.000007	0.002395	0.000087	0.170790
317	0.000000	0.000000	0.000000	0.004921	0.823419	0.000011	0.002385	0.000084	0.169180
318	0.000000	0.000000	0.000000	0.004904	0.824400	0.000010	0.002397	0.000081	0.168208
319	0.000000	0.000000	0.000000	0.004884	0.825894	0.000016	0.002353	0.000067	0.166786
320	0.000000	0.000000	0.000000	0.004808	0.827282	0.000019	0.002307	0.000073	0.165511
321	0.000000	0.000000	0.000000	0.004851	0.828729	0.000015	0.002284	0.000066	0.164055
322	0.000000	0.000000	0.000000	0.004863	0.829810	0.000019	0.002271	0.000064	0.162973
323	0.000000	0.000000	0.000000	0.004822	0.831088	0.000021	0.002319	0.000061	0.161689
324	0.000000	0.000000	0.000000	0.004885	0.832178	0.000024	0.002261	0.000067	0.160585
325	0.000000	0.000000	0.000000	0.004904	0.833341	0.000021	0.002195	0.000065	0.159474
326	0.000000	0.000000	0.000000	0.004911	0.834806	0.000025	0.002147	0.000064	0.158047
327	0.000000	0.000000	0.000000	0.004873	0.835940	0.000021	0.002116	0.000078	0.156972
328	0.000000	0.000000	0.000000	0.004882	0.837397	0.000021	0.002105	0.000084	0.155511
329	0.000000	0.000000	0.000000	0.004915	0.838669	0.000022	0.002054	0.000090	0.154250
330	0.000000	0.000000	0.000000	0.004853	0.840005	0.000025	0.002018	0.000089	0.153010
331	0.000000	0.000000	0.000000	0.004874	0.841292	0.000032	0.002015	0.000091	0.151696
332	0.000000	0.000000	0.000000	0.004859	0.842419	0.000034	0.001957	0.000092	0.150639
333	0.000000	0.000000	0.000000	0.004939	0.843713	0.000034	0.001948	0.000081	0.149285
334	0.000000	0.000000	0.000000	0.004904	0.844680	0.000029	0.001879	0.000076	0.148432
335	0.000000	0.000000	0.000000	0.004862	0.846069	0.000033	0.001825	0.000070	0.147141
336	0.000000	0.000000	0.000000	0.004881	0.847073	0.000042	0.001798	0.000064	0.146142
337	0.000000	0.000000	0.000000	0.004874	0.848231	0.000040	0.001691	0.000060	0.145104
338	0.000000	0.000000	0.000000	0.004874	0.849304	0.000032	0.001647	0.000047	0.144096
339	0.000000	0.000000	0.000000	0.004802	0.850869	0.000029	0.001623	0.000048	0.142629
340	0.000000	0.000000	0.000000	0.004881	0.852045	0.000031	0.001589	0.000039	0.141415
341	0.000000	0.000000	0.000000	0.004892	0.853181	0.000031	0.001567	0.000037	0.140292
342	0.000000	0.000000	0.000000	0.004913	0.854313	0.000024	0.001527	0.000042	0.139181
343	0.000000	0.000000	0.000000	0.004926	0.855476	0.000029	0.001505	0.000047	0.138017
344	0.000000	0.000000	0.000000	0.004931	0.856395	0.000025	0.001514	0.000036	0.137099
345	0.000000	0.000000	0.000000	0.004956	0.857733	0.000032	0.001460	0.000047	0.135772
346	0.000000	0.000000	0.000000	0.004970	0.858906	0.000034	0.001450	0.000040	0.134600
347	0.000000	0.000000	0.000000	0.005012	0.860070	0.000038	0.001428	0.000039	0.133413
348	0.000000	0.000000	0.000000	0.004977	0.861108	0.000042	0.001434	0.000030	0.132409
349	0.000000	0.000000	0.000000	0.005000	0.862304	0.000042	0.001396	0.000039	0.131219
350	0.000000	0.000000	0.000000	0.004984	0.863458	0.000041	0.001425	0.000038	0.130054
351	0.000000	0.000000	0.000000	0.005027	0.864607	0.000040	0.001399	0.000038	0.128889
352	0.000000	0.000000	0.000000	0.004983	0.865805	0.000036	0.001345	0.000038	0.127793
353	0.000000	0.000000	0.000000	0.004917	0.866696	0.000043	0.001344	0.000038	0.126962
354	0.000000	0.000000	0.000000	0.004898	0.867999	0.000048	0.001287	0.000041	0.125727
355	0.000000	0.000000	0.000000	0.004950	0.869186	0.000052	0.001305	0.000047	0.124460
356	0.000000	0.000000	0.000000	0.004966	0.870150	0.000052	0.001249	0.000048	0.123535
357	0.000000	0.000000	0.000000	0.004942	0.871122	0.000049	0.001205	0.000039	0.122643
358	0.000000	0.000000	0.000000	0.004977	0.872121	0.000045	0.001208	0.000040	0.121609
359	0.000000	0.000000	0.000000	0.005017	0.873221	0.000049	0.001176	0.000038	0.120499
360	0.000000	0.000000	0.000000	0.005001	0.874283	0.000045	0.001173	0.000036	0.119462
361	0.000000	0.000000	0.000000	0.005004	0.875433	0.000042	0.001183	0.000042	0.118296
362	0.000000	0.000000	0.000000	0.004952	0.876553	0.000043	0.001164	0.000054	0.117234
363	0.000000	0.000000	0.000000	0.004914	0.877603	0.000047	0.001085	0.000058	0.116293
364	0.000000	0.000000	0.000000	0.004854	0.878650	0.000051	0.001069	0.000060	0.115316
365	0.000000	0.000000	0.000000	0.004865	0.879680	0.000047	0.001027	0.000064	0.114317
366	0.000000	0.000000	0.000000	0.004843	0.880997	0.000051	0.001007	0.000071	0.113031
367	0.000000	0.000000	0.000000	0.004835	0.881740	0.000051	0.000990	0.000070	0.112314
368	0.000000	0.000000	0.000000	0.004807	0.882990	0.000058	0.000980	0.000067	0.111098
369	0.000000	0.000000	0.000000	0.004813	0.884207	0.000056	0.000985	0.000066	0.109873
370	0.000000	0.000000	0.000000	0.004788	0.885457	0.000061	0.000989	0.000068	0.108637
371	0.000000	0.000000	0.000000	0.004721	0.886741	0.000060	0.000961	0.000060	0.107457
372	0.000000	0.000000	0.000000	0.004692	0.887721	0.000059	0.000928	0.000050	0.106550
373	0.000000	0.000000	0.000000	0.004726	0.888762	0.000059	0.000911	0.000049	0.105493
374	0.000000	0.000000	0.000000	0.004681	0.889855	0.000057	0.000882	0.000049	0.104476
375	0.000000	0.000000	0.000000	0.004657	0.890883	0.000056	0.000878	0.000052	0.103474
376	0.000000	0.000000	0.000000	0.004602	0.892076	0.000052	0.000904	0.000051	0.102315
377	0.000000	0.000000	0.000000	0.004612	0.893018	0.000055	0.000888	0.000055	0.101372
378	0.000000	0.000000	0.000000	0.004518	0.894053	0.000057	0.000858	0.000064	0.100450
379	0.000000	0.000000	0.000000	0.004427	0.895136	0.000055	0.000814	0.000055	0.099513
380	0.000000	0.000000	0.000000	0.004409	0.896152	0.000047	0.000817	0.000050	0.098525
381	0.000000	0.000000	0.000000	0.004435	0.897107	0.000042	0.000809	0.000045	0.097562
382	0.000000	0.000000	0.000000	0.004309	0.898263	0.000040	0.000780	0.000039	0.096569
383	0.000000	0.000000	0.000000	0.004301	0.899152	0.000034	0.000769	0.000026	0.095718
384	0.000000	0.000000	0.000000	0.004353	0.899950	0.000038	0.000740	0.000029	0.094890
385	0.000000	0.000000	0.000000	0.004476	0.900895	0.000035	0.000726	0.000023	0.093845
386	0.000000	0.000000	0.000000	0.004466	0.902007	0.000028	0.000716	0.000020	0.092763
387	0.000000	0.000000	0.000000	0.004502	0.902789	0.000032	0.000682	0.000023	0.091972
388	0.000000	0.000000	0.000000	0.004526	0.903747	0.000030	0.000689	0.000029	0.090979
389	0.000000	0.000000	0.000000	0.004513	0.904724	0.000038	0.000687	0.000025	0.090013
390	0.000000	0.000000	0.000000	0.004582	0.905708	0.000041	0.000658	0.000023	0.088988
391	0.000000	0.000000	0.000000	0.004582	0.906513	0.000049	0.000660	0.000013	0.088183
392	0.000000	0.000000	0.000000	0.004575	0.907409	0.000043	0.000640	0.000013	0.087320
393	0.000000	0.000000	0.000000	0.004509	0.908369	0.000051	0.000585	0.000010	0.086476
394	0.000000	0.000000	0.000000	0.004628	0.909157	0.000049	0.000600	0.000016	0.085550
395	0.000000	0.000000	0.000000	0.004661	0.909937	0.000058	0.000583	0.000012	0.084749
396	0.000000	0.000000	0.000000	0.004598	0.910965	0.000064	0.000564	0.000014	0.083795
397	0.000000	0.000000	0.000000	0.004563	0.911886	0.000065	0.000551	0.000006	0.082929
398	0.000000	0.000000	0.000000	0.004550	0.912725	0.000066	0.000531	0.000006	0.082122
399	0.000000	0.000000	0.000000	0.004593	0.913576	0.000065	0.000541	0.000004	0.081221
400	0.000000	0.000000	0.000000	0.004563	0.914353	0.000073	0.000508	0.000006	0.080497
401	0.000000	0.000000	0.000000	0.004525	0.914966	0.000072	0.000475	0.000008	0.079954
402	0.000000	0.000000	0.000000	0.004541	0.915757	0.000074	0.000466	0.000003	0.079159
403	0.000000	0.000000	0.000000	0.004536	0.916492	0.000070	0.000465	0.000004	0.078433
404	0.000000	0.000000	0.000000	0.004469	0.917349	0.000078	0.000431	0.000006	0.077667
405	0.000000	0.000000	0.000000	0.004501	0.918004	0.000070	0.000465	0.000010	0.076950
406	0.000000	0.000000	0.000000	0.004503	0.918907	0.000072	0.000460	0.000003	0.076055
407	0.000000	0.000000	0.000000	0.004446	0.919819	0.000073	0.000474	0.000004	0.075184
408	0.000000	0.000000	0.000000	0.004407	0.920468	0.000076	0.000437	0.000007	0.074605
409	0.000000	0.000000	0.000000	0.004379	0.921230	0.000076	0.000447	0.000003	0.073865
410	0.000000	0.000000	0.000000	0.004350	0.922170	0.000087	0.000451	0.000001	0.072941
411	0.000000	0.000000	0.000000	0.004324	0.922968	0.000097	0.000465	0.000000	0.072146
412	0.000000	0.000000	0.000000	0.004300	0.923610	0.000088	0.000448	0.000000	0.071554
413	0.000000	0.000000	0.000000	0.004326	0.924647	0.000089	0.000446	0.000000	0.070492
414	0.000000	0.000000	0.000000	0.004354	0.925232	0.000086	0.000455	0.000000	0.069873
415	0.000000	0.000000	0.000000	0.004409	0.926048	0.000090	0.000414	0.000000	0.069039
416	0.000000	0.000000	0.000000	0.004364	0.926908	0.000087	0.000384	0.000000	0.068257
417	0.000000	0.000000	0.000000	0.004359	0.927679	0.000095	0.000374	0.000000	0.067493
418	0.000000	0.000000	0.000000	0.004302	0.928302	0.000114	0.000357	0.000000	0.066925
419	0.000000	0.000000	0.000000	0.004330	0.929044	0.000111	0.000338	0.000000	0.066177
420	0.000000	0.000000	0.000000	0.004272	0.929822	0.000117	0.000379	0.000000	0.065410
421	0.000000	0.000000	0.000000	0.004287	0.930345	0.000113	0.000363	0.000000	0.064892
422	0.000000	0.000000	0.000000	0.004330	0.930786	0.000105	0.000361	0.000000	0.064418
423	0.000000	0.000000	0.000000	0.004417	0.931420	0.000114	0.000346	0.000000	0.063703
424	0.000000	0.000000	0.000000	0.004463	0.932066	0.000107	0.000320	0.000000	0.063044
425	0.000000	0.000000	0.000000	0.004474	0.932723	0.000105	0.000307	0.000000	0.062391
426	0.000000	0.000000	0.000000	0.004508	0.933427	0.000106	0.000304	0.000000	0.061655
427	0.000000	0.000000	0.000000	0.004525	0.934021	0.000102	0.000285	0.000000	0.061067
428	0.000000	0.000000	0.000000	0.004512	0.934600	0.000089	0.000300	0.000000	0.060499
429	0.000000	0.000000	0.000000	0.004504	0.935378	0.000089	0.000297	0.000000	0.059732
430	0.000000	0.000000	0.000000	0.004544	0.935752	0.000089	0.000302	0.000000	0.059313
431	0.000000	0.000000	0.000000	0.004548	0.936439	0.000086	0.000305	0.000000	0.058622
432	0.000000	0.000000	0.000000	0.004606	0.937091	0.000079	0.000293	0.000000	0.057931
433	0.000000	0.000000	0.000000	0.004567	0.937913	0.000088	0.000299	0.000000	0.057133
434	0.000000	0.000000	0.000000	0.004528	0.938446	0.000089	0.000276	0.000000	0.056661
435	0.000000	0.000000	0.000000	0.004524	0.939167	0.000087	0.000277	0.000000	0.055945
436	0.000000	0.000000	0.000000	0.004492	0.939895	0.000079	0.000232	0.000000	0.055302
437	0.000000	0.000000	0.000000	0.004556	0.940506	0.000085	0.000220	0.000000	0.054633
438	0.000000	0.000000	0.000000	0.004652	0.941000	0.000094	0.000208	0.000000	0.054046
439	0.000000	0.000000	0.000000	0.004630	0.941570	0.000095	0.000195	0.000000	0.053510
440	0.000000	0.000000	0.000000	0.004689	0.942082	0.000096	0.000206	0.000000	0.052927
441	0.000000	0.000000	0.000000	0.004591	0.942736	0.000113	0.000208	0.000000	0.052352
442	0.000000	0.000000	0.000000	0.004513	0.943292	0.000109	0.000202	0.000000	0.051884
443	0.000000	0.000000	0.000000	0.004591	0.943808	0.000098	0.000191	0.000000	0.051312
444	0.000000	0.000000	0.000000	0.004605	0.944400	0.000112	0.000173	0.000000	0.050710
445	0.000000	0.000000	0.000000	0.004670	0.944671	0.000124	0.000170	0.000000	0.050365
446	0.000000	0.000000	0.000000	0.004625	0.945455	0.000117	0.000189	0.000000	0.049614
447	0.000000	0.000000	0.000000	0.004635	0.945910	0.000123	0.000171	0.000000	0.049161
448	0.000000	0.000000	0.000000	0.004648	0.946331	0.000127	0.000169	0.000000	0.048725
449	0.000000	0.000000	0.000000	0.004680	0.946902	0.000122	0.000188	0.000000	0.048108
450	0.000000	0.000000	0.000000	0.004607	0.947455	0.000136	0.000181	0.000000	0.047621
451	0.000000	0.000000	0.000000	0.004584	0.947992	0.000127	0.000177	0.000000	0.047120
452	0.000000	0.000000	0.000000	0.004637	0.948529	0.000127	0.000159	0.000000	0.046548
453	0.000000	0.000000	0.000000	0.004626	0.949035	0.000133	0.000136	0.000000	0.046070
454	0.000000	0.000000	0.000000	0.004704	0.949534	0.000126	0.000133	0.000000	0.045503
455	0.000000	0.000000	0.000000	0.004736	0.950126	0.000119	0.000123	0.000000	0.044896
456	0.000000	0.000000	0.000000	0.004648	0.950751	0.000125	0.000126	0.000000	0.044350
457	0.000000	0.000000	0.000000	0.004702	0.951159	0.000126	0.000121	0.000000	0.043892
458	0.000000	0.000000	0.000000	0.004711	0.951539	0.000134	0.000119	0.000000	0.043497
459	0.000000	0.000000	0.000000	0.004741	0.951923	0.000133	0.000112	0.000000	0.043091
460	0.000000	0.000000	0.000000	0.004722	0.952465	0.000129	0.000111	0.000000	0.042573
461	0.000000	0.000000	0.000000	0.004719	0.952816	0.000129	0.000101	0.000000	0.042235
462	0.000000	0.000000	0.000000	0.004676	0.953351	0.000121	0.000108	0.000000	0.041744
463	0.000000	0.000000	0.000000	0.004713	0.953769	0.000127	0.000108	0.000000	0.041283
464	0.000000	0.000000	0.000000	0.004830	0.954140	0.000130	0.000105	0.000000	0.040795
465	0.000000	0.000000	0.000000	0.004781	0.954636	0.000125	0.000107	0.000000	0.040351
466	0.000000	0.000000	0.000000	0.004829	0.955161	0.000128	0.000119	0.000000	0.039763
467	0.000000	0.000000	0.000000	0.004865	0.955490	0.000115	0.000114	0.000000	0.039416
468	0.000000	0.000000	0.000000	0.004791	0.955984	0.000117	0.000116	0.000000	0.038992
469	0.000000	0.000000	0.000000	0.004856	0.956369	0.000117	0.000114	0.000000	0.038544
470	0.000000	0.000000	0.000000	0.004877	0.956675	0.000119	0.000116	0.000000	0.038213
