0	0.290663	0.057897	0.229473	0.157588	0.029913	0.111872	0.085455	0.012259	0.024880
1	0.224440	0.046372	0.195592	0.136285	0.028026	0.120175	0.127569	0.024638	0.096903
2	0.219281	0.044794	0.188755	0.127677	0.027685	0.113435	0.136277	0.026875	0.115221
3	0.220365	0.044528	0.183558	0.120413	0.027487	0.105825	0.140778	0.027325	0.129721
4	0.223796	0.043973	0.178029	0.114686	0.027793	0.097340	0.143799	0.027662	0.142922
5	0.227776	0.043688	0.172280	0.109605	0.028069	0.089460	0.145837	0.027487	0.155798
6	0.231415	0.043434	0.166570	0.105324	0.028827	0.081945	0.147284	0.027382	0.167819
7	0.235731	0.043409	0.160425	0.100738	0.029452	0.075270	0.148048	0.027272	0.179655
8	0.240128	0.043104	0.155025	0.096048	0.030232	0.068716	0.148299	0.026757	0.191691
9	0.244944	0.042945	0.149072	0.092091	0.031408	0.062805	0.147739	0.026313	0.202683
10	0.249448	0.043016	0.143275	0.088416	0.032371	0.057114	0.147239	0.025769	0.213352
11	0.253910	0.042853	0.137803	0.084664	0.033373	0.052535	0.145956	0.025116	0.223790
12	0.258935	0.042731	0.132023	0.081330	0.034515	0.048022	0.144126	0.024416	0.233902
13	0.264014	0.042580	0.126331	0.078466	0.035426	0.043733	0.142554	0.023657	0.243239
14	0.268485	0.042364	0.120587	0.075340	0.036893	0.040270	0.140598	0.022804	0.252659
15	0.272706	0.042149	0.115159	0.072392	0.038299	0.036905	0.138246	0.022484	0.261660
16	0.277779	0.041949	0.110033	0.069528	0.039615	0.033768	0.135465	0.021825	0.270038
17	0.282506	0.041730	0.105352	0.066433	0.040892	0.030990	0.132498	0.021330	0.278269
18	0.287119	0.041391	0.100478	0.063988	0.042342	0.028178	0.129504	0.020560	0.286440
19	0.291014	0.041222	0.095668	0.061516	0.044135	0.025359	0.126926	0.019848	0.294312
20	0.295365	0.040756	0.091152	0.058993	0.045837	0.023231	0.123618	0.019294	0.301754
21	0.299226	0.040238	0.086718	0.056933	0.047145	0.021326	0.120901	0.018754	0.308759
22	0.303201	0.040041	0.082312	0.054589	0.048887	0.019301	0.117783	0.018020	0.315866
23	0.307222	0.039756	0.078063	0.052143	0.050735	0.017577	0.114588	0.017487	0.322429
24	0.310735	0.039428	0.074244	0.049969	0.052410	0.016085	0.111754	0.016794	0.328581
25	0.313935	0.039050	0.070026	0.048126	0.054380	0.014800	0.108693	0.016082	0.334908
26	0.317204	0.038773	0.066655	0.045989	0.056205	0.013272	0.105651	0.015593	0.340658
27	0.320698	0.038410	0.062922	0.044179	0.058395	0.012036	0.102177	0.015017	0.346166
28	0.323648	0.038134	0.059508	0.042444	0.060465	0.010922	0.099154	0.014520	0.351205
29	0.325715	0.037925	0.056362	0.040564	0.062199	0.010001	0.096416	0.013895	0.356923
30	0.328157	0.037489	0.053223	0.038552	0.064487	0.009131	0.093175	0.013243	0.362543
31	0.330212	0.037303	0.050090	0.037170	0.067026	0.008243	0.089975	0.012648	0.367333
32	0.332336	0.036783	0.047630	0.035499	0.069328	0.007510	0.086778	0.012141	0.371995
33	0.334423	0.036418	0.044707	0.033951	0.071304	0.006950	0.084349	0.011760	0.376138
34	0.336025	0.036013	0.042184	0.032476	0.073853	0.006287	0.081293	0.011294	0.380575
35	0.337164	0.035512	0.040071	0.031234	0.076285	0.005863	0.078284	0.010898	0.384689
36	0.338880	0.035098	0.037814	0.029775	0.078864	0.005265	0.075627	0.010594	0.388083
37	0.340099	0.034686	0.035573	0.028513	0.081631	0.004979	0.072808	0.010021	0.391690
38	0.340499	0.034095	0.033471	0.027711	0.084313	0.004539	0.070275	0.009574	0.395523
39	0.341178	0.033674	0.031699	0.026474	0.086643	0.004236	0.067688	0.009334	0.399074
40	0.341677	0.033405	0.029663	0.025257	0.089405	0.003968	0.065446	0.008861	0.402318
41	0.341450	0.033114	0.028068	0.024292	0.092220	0.003629	0.062993	0.008549	0.405685
42	0.342243	0.032487	0.026206	0.023249	0.095432	0.003241	0.060555	0.008052	0.408535
43	0.342570	0.031683	0.024612	0.022170	0.097990	0.002943	0.058401	0.007753	0.411878
44	0.341566	0.031352	0.023163	0.021373	0.101063	0.002745	0.056414	0.007388	0.414936
45	0.341320	0.030920	0.021662	0.020612	0.103936	0.002529	0.054368	0.007077	0.417576
46	0.341117	0.030441	0.020372	0.019650	0.107173	0.002363	0.052445	0.006619	0.419820
47	0.340025	0.029653	0.019147	0.019015	0.109945	0.002146	0.050290	0.006312	0.423467
48	0.339712	0.029087	0.017946	0.018441	0.112709	0.001948	0.048786	0.006030	0.425341
49	0.338654	0.028665	0.016950	0.017868	0.115976	0.001788	0.046811	0.005768	0.427520
50	0.337661	0.028115	0.015918	0.017089	0.119216	0.001630	0.044881	0.005583	0.429907
51	0.336346	0.027472	0.014900	0.016644	0.122627	0.001473	0.043243	0.005266	0.432029
52	0.335113	0.026988	0.013904	0.016129	0.125626	0.001333	0.041776	0.005000	0.434131
53	0.333462	0.026536	0.013030	0.015615	0.128761	0.001227	0.040215	0.004837	0.436317
54	0.332105	0.026178	0.012036	0.015191	0.132060	0.001124	0.038756	0.004707	0.437843
55	0.329746	0.025477	0.011145	0.014587	0.135907	0.001029	0.037403	0.004525	0.440181
56	0.328215	0.025225	0.010496	0.014136	0.139418	0.000939	0.036329	0.004208	0.441034
57	0.326131	0.024593	0.009665	0.013595	0.143024	0.000852	0.035038	0.004043	0.443059
58	0.324496	0.024063	0.008891	0.013228	0.146588	0.000781	0.033923	0.003848	0.444182
59	0.322191	0.023467	0.008333	0.012941	0.150316	0.000687	0.032754	0.003593	0.445718
60	0.320382	0.022799	0.007701	0.012605	0.153929	0.000674	0.031252	0.003497	0.447161
61	0.317746	0.022263	0.007112	0.012195	0.157685	0.000587	0.030357	0.003345	0.448710
62	0.315564	0.021800	0.006668	0.011783	0.161122	0.000533	0.029339	0.003148	0.450043
63	0.313404	0.021237	0.006308	0.011462	0.164401	0.000487	0.028602	0.003055	0.451044
64	0.310709	0.020703	0.005827	0.010960	0.168325	0.000462	0.027485	0.002908	0.452621
65	0.308610	0.020182	0.005483	0.010761	0.171736	0.000446	0.026444	0.002795	0.453543
66	0.306457	0.019870	0.005169	0.010459	0.175363	0.000422	0.025498	0.002651	0.454111
67	0.304522	0.019541	0.004815	0.010221	0.179132	0.000375	0.024573	0.002614	0.454207
68	0.302039	0.018849	0.004536	0.009984	0.182799	0.000378	0.023888	0.002588	0.454939
69	0.299729	0.018357	0.004305	0.009631	0.186568	0.000322	0.023043	0.002471	0.455574
70	0.296475	0.018081	0.004011	0.009342	0.190934	0.000314	0.022199	0.002337	0.456307
71	0.293862	0.017711	0.003725	0.009067	0.194526	0.000304	0.021488	0.002219	0.457098
72	0.290671	0.017255	0.003460	0.008715	0.198840	0.000301	0.020629	0.002156	0.457973
73	0.287870	0.016836	0.003257	0.008602	0.202654	0.000274	0.020170	0.002064	0.458273
74	0.285521	0.016491	0.003079	0.008407	0.206728	0.000250	0.019494	0.002009	0.458021
75	0.282318	0.015978	0.002895	0.008192	0.211104	0.000207	0.018944	0.001926	0.458436
76	0.279013	0.015662	0.002658	0.008037	0.215442	0.000199	0.018322	0.001831	0.458836
77	0.275822	0.015294	0.002440	0.007782	0.219497	0.000189	0.017809	0.001748	0.459419
78	0.272273	0.015035	0.002350	0.007640	0.224226	0.000189	0.017033	0.001657	0.459597
79	0.269540	0.014671	0.002124	0.007364	0.228837	0.000175	0.016571	0.001619	0.459099
80	0.266649	0.014302	0.002057	0.007128	0.232921	0.000185	0.016146	0.001646	0.458966
81	0.263117	0.014006	0.001913	0.006881	0.237423	0.000195	0.015842	0.001591	0.459032
82	0.260090	0.013701	0.001687	0.006682	0.242258	0.000193	0.015387	0.001537	0.458465
83	0.256935	0.013490	0.001570	0.006537	0.246685	0.000156	0.015045	0.001455	0.458127
84	0.253639	0.013082	0.001424	0.006347	0.251034	0.000146	0.014652	0.001423	0.458253
85	0.250310	0.012769	0.001341	0.006230	0.255547	0.000141	0.014211	0.001349	0.458102
86	0.247735	0.012500	0.001261	0.006146	0.259706	0.000136	0.013875	0.001320	0.457321
87	0.244898	0.012210	0.001183	0.005966	0.264170	0.000129	0.013423	0.001238	0.456783
88	0.241763	0.011713	0.001131	0.005856	0.268762	0.000111	0.012788	0.001207	0.456669
89	0.238168	0.011394	0.001097	0.005789	0.273150	0.000100	0.012549	0.001187	0.456566
90	0.234955	0.011142	0.001076	0.005682	0.277626	0.000086	0.012036	0.001129	0.456268
91	0.232049	0.010841	0.000970	0.005562	0.281758	0.000090	0.011693	0.001069	0.455968
92	0.229138	0.010522	0.000880	0.005457	0.286602	0.000102	0.011264	0.001057	0.454978
93	0.225743	0.010289	0.000834	0.005305	0.291790	0.000092	0.010911	0.001013	0.454023
94	0.222299	0.010051	0.000779	0.005194	0.296309	0.000082	0.010613	0.000959	0.453714
95	0.218922	0.009796	0.000737	0.005123	0.301091	0.000076	0.010383	0.000933	0.452939
96	0.216581	0.009548	0.000722	0.005025	0.305430	0.000065	0.009992	0.000895	0.451742
97	0.213934	0.009321	0.000650	0.004993	0.310132	0.000052	0.009641	0.000859	0.450418
98	0.210545	0.008996	0.000602	0.004877	0.314988	0.000057	0.009516	0.000832	0.449587
99	0.207312	0.008827	0.000590	0.004808	0.320082	0.000051	0.009189	0.000849	0.448292
100	0.204277	0.008568	0.000553	0.004744	0.324652	0.000048	0.008894	0.000811	0.447453
101	0.201460	0.008323	0.000477	0.004610	0.329723	0.000055	0.008656	0.000808	0.445888
102	0.198621	0.008058	0.000448	0.004545	0.334188	0.000047	0.008413	0.000761	0.444919
103	0.195869	0.007889	0.000376	0.004518	0.338851	0.000042	0.008146	0.000738	0.443571
104	0.193085	0.007520	0.000339	0.004486	0.343749	0.000039	0.007879	0.000731	0.442172
105	0.189711	0.007297	0.000372	0.004517	0.348382	0.000039	0.007559	0.000745	0.441378
106	0.187185	0.007106	0.000343	0.004398	0.352838	0.000026	0.007321	0.000736	0.440047
107	0.183735	0.006859	0.000356	0.004385	0.358157	0.000025	0.007145	0.000718	0.438620
108	0.180831	0.006621	0.000339	0.004285	0.363074	0.000033	0.006856	0.000670	0.437291
109	0.177532	0.006429	0.000324	0.004217	0.367928	0.000033	0.006731	0.000657	0.436149
110	0.174841	0.006240	0.000274	0.004168	0.372767	0.000035	0.006568	0.000610	0.434497
111	0.172029	0.006059	0.000253	0.004200	0.377550	0.000034	0.006362	0.000565	0.432948
112	0.169386	0.005820	0.000254	0.004175	0.382218	0.000033	0.006225	0.000558	0.431331
113	0.165947	0.005698	0.000244	0.004185	0.387456	0.000037	0.006133	0.000526	0.429774
114	0.163201	0.005539	0.000226	0.004190	0.391625	0.000042	0.005943	0.000486	0.428748
115	0.160485	0.005363	0.000225	0.004125	0.396617	0.000032	0.005700	0.000471	0.426982
116	0.158081	0.005144	0.000197	0.004080	0.401384	0.000032	0.005543	0.000445	0.425094
117	0.155412	0.005008	0.000178	0.003999	0.406340	0.000047	0.005389	0.000420	0.423207
118	0.152546	0.004840	0.000167	0.004016	0.411395	0.000035	0.005198	0.000432	0.421371
119	0.150063	0.004783	0.000142	0.003960	0.415919	0.000041	0.004989	0.000405	0.419698
120	0.147469	0.004556	0.000134	0.003959	0.421020	0.000032	0.004893	0.000366	0.417571
121	0.144930	0.004448	0.000116	0.003934	0.425676	0.000035	0.004768	0.000331	0.415762
122	0.141963	0.004301	0.000116	0.003884	0.430746	0.000038	0.004634	0.000328	0.413990
123	0.139710	0.004182	0.000109	0.003836	0.435518	0.000031	0.004571	0.000309	0.411734
124	0.136843	0.003998	0.000093	0.003859	0.440327	0.000030	0.004385	0.000297	0.410168
125	0.134092	0.003787	0.000083	0.003799	0.445466	0.000038	0.004222	0.000304	0.408209
126	0.131685	0.003703	0.000080	0.003885	0.450183	0.000029	0.004068	0.000321	0.406046
127	0.129324	0.003643	0.000097	0.003847	0.454895	0.000024	0.003948	0.000311	0.403911
128	0.126667	0.003536	0.000073	0.003816	0.459641	0.000032	0.003783	0.000315	0.402137
129	0.123761	0.003433	0.000068	0.003812	0.464367	0.000030	0.003762	0.000313	0.400454
130	0.121655	0.003261	0.000068	0.003795	0.468921	0.000033	0.003643	0.000303	0.398321
131	0.119101	0.003249	0.000060	0.003775	0.473836	0.000035	0.003617	0.000311	0.396016
132	0.116390	0.003163	0.000056	0.003752	0.478948	0.000032	0.003525	0.000289	0.393845
133	0.114063	0.003092	0.000042	0.003767	0.483697	0.000026	0.003520	0.000278	0.391515
134	0.111770	0.002988	0.000043	0.003752	0.488681	0.000028	0.003409	0.000287	0.389042
135	0.109366	0.002938	0.000040	0.003790	0.493820	0.000025	0.003374	0.000261	0.386386
136	0.107336	0.002795	0.000041	0.003764	0.498120	0.000024	0.003327	0.000244	0.384349
137	0.105149	0.002657	0.000030	0.003805	0.502945	0.000026	0.003247	0.000221	0.381920
138	0.103278	0.002594	0.000019	0.003881	0.507387	0.000018	0.003053	0.000225	0.379545
139	0.100999	0.002490	0.000021	0.003798	0.512255	0.000023	0.002952	0.000223	0.377239
140	0.098966	0.002344	0.000022	0.003770	0.516731	0.000017	0.002889	0.000176	0.375085
141	0.096825	0.002284	0.000022	0.003791	0.521343	0.000017	0.002835	0.000187	0.372696
142	0.094807	0.002211	0.000024	0.003779	0.525829	0.000017	0.002754	0.000158	0.370421
143	0.092459	0.002158	0.000020	0.003741	0.530348	0.000016	0.002656	0.000159	0.368443
144	0.090827	0.002060	0.000020	0.003773	0.534651	0.000016	0.002658	0.000162	0.365833
145	0.088898	0.002045	0.000022	0.003696	0.538914	0.000017	0.002541	0.000157	0.363710
146	0.086649	0.001963	0.000023	0.003666	0.543698	0.000014	0.002469	0.000150	0.361368
147	0.084411	0.001930	0.000018	0.003646	0.547842	0.000015	0.002385	0.000141	0.359612
148	0.082507	0.001853	0.000019	0.003553	0.552534	0.000015	0.002334	0.000130	0.357055
149	0.080868	0.001728	0.000017	0.003501	0.556943	0.000013	0.002257	0.000115	0.354558
150	0.078978	0.001744	0.000018	0.003485	0.561450	0.000012	0.002183	0.000117	0.352013
151	0.077132	0.001653	0.000020	0.003515	0.565557	0.000013	0.002181	0.000102	0.349827
152	0.075455	0.001637	0.000017	0.003449	0.570134	0.000010	0.002101	0.000095	0.347102
153	0.073963	0.001531	0.000020	0.003373	0.574833	0.000009	0.002096	0.000085	0.344090
154	0.072063	0.001506	0.000019	0.003396	0.579244	0.000018	0.002031	0.000068	0.341655
155	0.070158	0.001473	0.000018	0.003385	0.583669	0.000018	0.001955	0.000055	0.339269
156	0.068606	0.001357	0.000019	0.003378	0.587897	0.000013	0.001935	0.000046	0.336749
157	0.066830	0.001305	0.000018	0.003397	0.592092	0.000009	0.001908	0.000045	0.334396
158	0.065277	0.001313	0.000020	0.003438	0.596123	0.000008	0.001856	0.000052	0.331913
159	0.063949	0.001204	0.000018	0.003347	0.599914	0.000009	0.001811	0.000063	0.329685
160	0.062276	0.001227	0.000013	0.003407	0.604259	0.000010	0.001759	0.000061	0.326988
161	0.060690	0.001181	0.000009	0.003363	0.608347	0.000007	0.001779	0.000058	0.324566
162	0.059065	0.001149	0.000007	0.003460	0.612451	0.000009	0.001707	0.000062	0.322090
163	0.057815	0.001036	0.000004	0.003458	0.616005	0.000005	0.001677	0.000062	0.319938
164	0.056446	0.001007	0.000001	0.003421	0.619791	0.000009	0.001667	0.000066	0.317592
165	0.055051	0.000994	0.000002	0.003478	0.624138	0.000006	0.001647	0.000070	0.314614
166	0.053683	0.001002	0.000003	0.003448	0.628218	0.000010	0.001626	0.000060	0.311950
167	0.052339	0.000911	0.000004	0.003342	0.632539	0.000016	0.001595	0.000063	0.309191
168	0.050808	0.000885	0.000004	0.003457	0.636565	0.000017	0.001572	0.000057	0.306635
169	0.049645	0.000852	0.000003	0.003434	0.640216	0.000015	0.001537	0.000058	0.304240
170	0.048125	0.000813	0.000003	0.003378	0.644294	0.000011	0.001501	0.000063	0.301812
171	0.046858	0.000786	0.000001	0.003378	0.648131	0.000016	0.001466	0.000069	0.299295
172	0.045819	0.000734	0.000001	0.003390	0.651859	0.000016	0.001450	0.000060	0.296671
173	0.044535	0.000744	0.000003	0.003355	0.655804	0.000019	0.001497	0.000064	0.293979
174	0.043068	0.000739	0.000000	0.003315	0.659689	0.000019	0.001441	0.000064	0.291665
175	0.041679	0.000747	0.000000	0.003326	0.663620	0.000017	0.001402	0.000058	0.289151
176	0.040644	0.000701	0.000000	0.003289	0.667293	0.000015	0.001376	0.000059	0.286623
177	0.039763	0.000675	0.000000	0.003296	0.670837	0.000017	0.001331	0.000057	0.284024
178	0.038699	0.000692	0.000000	0.003284	0.674660	0.000012	0.001341	0.000060	0.281252
179	0.037678	0.000675	0.000000	0.003308	0.678237	0.000017	0.001292	0.000045	0.278748
180	0.036792	0.000631	0.000000	0.003265	0.681916	0.000017	0.001283	0.000035	0.276061
181	0.035782	0.000607	0.000000	0.003234	0.685554	0.000022	0.001275	0.000028	0.273498
182	0.034845	0.000565	0.000000	0.003244	0.689391	0.000021	0.001228	0.000025	0.270681
183	0.033729	0.000540	0.000000	0.003244	0.693186	0.000022	0.001249	0.000016	0.268014
184	0.032719	0.000515	0.000000	0.003281	0.696486	0.000024	0.001269	0.000014	0.265692
185	0.031794	0.000494	0.000000	0.003283	0.699930	0.000023	0.001244	0.000009	0.263223
186	0.031012	0.000465	0.000000	0.003307	0.703605	0.000023	0.001166	0.000006	0.260416
187	0.030016	0.000454	0.000000	0.003303	0.707163	0.000025	0.001127	0.000008	0.257904
188	0.029061	0.000433	0.000000	0.003296	0.710804	0.000035	0.001104	0.000006	0.255261
189	0.028255	0.000437	0.000000	0.003246	0.713971	0.000032	0.001057	0.000009	0.252993
190	0.027484	0.000470	0.000000	0.003280	0.717319	0.000029	0.001040	0.000004	0.250374
191	0.026651	0.000489	0.000000	0.003315	0.720658	0.000021	0.001072	0.000004	0.247790
192	0.025822	0.000463	0.000000	0.003333	0.724278	0.000026	0.001071	0.000004	0.245003
193	0.025175	0.000460	0.000000	0.003247	0.727648	0.000024	0.001068	0.000008	0.242370
194	0.024537	0.000448	0.000000	0.003231	0.730961	0.000028	0.001019	0.000008	0.239768
195	0.023740	0.000458	0.000000	0.003165	0.734463	0.000034	0.001000	0.000005	0.237135
196	0.023155	0.000412	0.000000	0.003194	0.737595	0.000033	0.000926	0.000005	0.234680
197	0.022315	0.000397	0.000000	0.003171	0.740765	0.000030	0.000930	0.000004	0.232388
198	0.021613	0.000393	0.000000	0.003141	0.744133	0.000028	0.000901	0.000004	0.229787
199	0.020868	0.000379	0.000000	0.003194	0.747236	0.000027	0.000871	0.000005	0.227420
200	0.020314	0.000349	0.000000	0.003256	0.750218	0.000021	0.000846	0.000006	0.224990
201	0.019715	0.000332	0.000000	0.003296	0.753657	0.000014	0.000845	0.000005	0.222136
202	0.019055	0.000308	0.000000	0.003318	0.756931	0.000021	0.000857	0.000005	0.219505
203	0.018455	0.000272	0.000000	0.003278	0.760208	0.000018	0.000862	0.000006	0.216901
204	0.017990	0.000265	0.000000	0.003278	0.763377	0.000021	0.000873	0.000002	0.214194
205	0.017503	0.000272	0.000000	0.003382	0.766178	0.000025	0.000838	0.000006	0.211796
206	0.016938	0.000242	0.000000	0.003347	0.769254	0.000023	0.000864	0.000002	0.209330
207	0.016528	0.000237	0.000000	0.003378	0.772133	0.000017	0.000845	0.000001	0.206861
208	0.015967	0.000254	0.000000	0.003392	0.775249	0.000017	0.000834	0.000001	0.204286
209	0.015652	0.000224	0.000000	0.003280	0.778224	0.000009	0.000817	0.000001	0.201793
210	0.015154	0.000209	0.000000	0.003273	0.781091	0.000007	0.000779	0.000001	0.199486
211	0.014765	0.000198	0.000000	0.003318	0.783726	0.000004	0.000755	0.000000	0.197234
212	0.014215	0.000198	0.000000	0.003303	0.786682	0.000003	0.000693	0.000000	0.194906
213	0.013682	0.000175	0.000000	0.003232	0.789303	0.000001	0.000704	0.000000	0.192903
214	0.013358	0.000166	0.000000	0.003209	0.792106	0.000002	0.000726	0.000000	0.190433
215	0.012846	0.000159	0.000000	0.003264	0.794713	0.000000	0.000725	0.000000	0.188293
216	0.012431	0.000133	0.000000	0.003360	0.797266	0.000000	0.000696	0.000000	0.186114
217	0.012125	0.000136	0.000000	0.003314	0.799766	0.000000	0.000669	0.000000	0.183990
218	0.011799	0.000129	0.000000	0.003285	0.802442	0.000000	0.000624	0.000000	0.181721
219	0.011365	0.000132	0.000000	0.003310	0.804951	0.000000	0.000621	0.000000	0.179621
220	0.011100	0.000119	0.000000	0.003285	0.807579	0.000000	0.000620	0.000000	0.177297
221	0.010729	0.000112	0.000000	0.003250	0.810439	0.000000	0.000580	0.000000	0.174890
222	0.010473	0.000097	0.000000	0.003337	0.812579	0.000000	0.000562	0.000000	0.172952
223	0.010021	0.000086	0.000000	0.003317	0.815218	0.000000	0.000532	0.000000	0.170826
224	0.009706	0.000091	0.000000	0.003236	0.817695	0.000000	0.000498	0.000000	0.168774
225	0.009338	0.000077	0.000000	0.003300	0.820431	0.000000	0.000494	0.000000	0.166360
226	0.008998	0.000073	0.000000	0.003274	0.822748	0.000000	0.000458	0.000000	0.164449
227	0.008742	0.000074	0.000000	0.003245	0.825252	0.000000	0.000439	0.000000	0.162248
228	0.008445	0.000064	0.000000	0.003214	0.827478	0.000000	0.000411	0.000000	0.160388
229	0.008184	0.000065	0.000000	0.003250	0.829713	0.000000	0.000395	0.000000	0.158393
230	0.008003	0.000061	0.000000	0.003258	0.831924	0.000000	0.000351	0.000000	0.156403
231	0.007772	0.000050	0.000000	0.003307	0.834236	0.000000	0.000340	0.000000	0.154295
232	0.007428	0.000059	0.000000	0.003229	0.836477	0.000000	0.000335	0.000000	0.152472
233	0.007178	0.000059	0.000000	0.003218	0.838860	0.000000	0.000326	0.000000	0.150359
234	0.007063	0.000051	0.000000	0.003201	0.841296	0.000000	0.000315	0.000000	0.148074
235	0.006840	0.000047	0.000000	0.003182	0.843536	0.000000	0.000283	0.000000	0.146112
236	0.006747	0.000038	0.000000	0.003178	0.845471	0.000000	0.000280	0.000000	0.144286
237	0.006568	0.000035	0.000000	0.003157	0.847636	0.000000	0.000252	0.000000	0.142352
238	0.006364	0.000029	0.000000	0.003125	0.849593	0.000000	0.000266	0.000000	0.140623
239	0.006025	0.000037	0.000000	0.003112	0.851812	0.000000	0.000270	0.000000	0.138744
240	0.005826	0.000033	0.000000	0.003098	0.854117	0.000000	0.000257	0.000000	0.136669
241	0.005613	0.000023	0.000000	0.003129	0.855893	0.000000	0.000228	0.000000	0.135114
242	0.005405	0.000030	0.000000	0.003171	0.858068	0.000000	0.000236	0.000000	0.133090
243	0.005200	0.000021	0.000000	0.003217	0.859997	0.000000	0.000222	0.000000	0.131343
244	0.005028	0.000017	0.000000	0.003169	0.861979	0.000000	0.000205	0.000000	0.129602
245	0.004852	0.000024	0.000000	0.003111	0.863899	0.000000	0.000229	0.000000	0.127885
246	0.004698	0.000018	0.000000	0.003099	0.865897	0.000000	0.000207	0.000000	0.126081
247	0.004592	0.000014	0.000000	0.003150	0.867604	0.000000	0.000206	0.000000	0.124434
248	0.004434	0.000015	0.000000	0.003126	0.869683	0.000000	0.000202	0.000000	0.122540
249	0.004404	0.000018	0.000000	0.003048	0.871589	0.000000	0.000199	0.000000	0.120742
250	0.004374	0.000022	0.000000	0.003063	0.873415	0.000000	0.000209	0.000000	0.118917
251	0.004283	0.000016	0.000000	0.003088	0.875342	0.000000	0.000203	0.000000	0.117068
252	0.004148	0.000014	0.000000	0.003107	0.877305	0.000000	0.000194	0.000000	0.115232
253	0.003977	0.000013	0.000000	0.003140	0.878896	0.000000	0.000184	0.000000	0.113790
254	0.003894	0.000007	0.000000	0.003111	0.880853	0.000000	0.000189	0.000000	0.111946
255	0.003786	0.000005	0.000000	0.003084	0.882520	0.000000	0.000195	0.000000	0.110410
256	0.003666	0.000003	0.000000	0.003071	0.884222	0.000000	0.000176	0.000000	0.108862
257	0.003568	0.000005	0.000000	0.003058	0.885966	0.000000	0.000173	0.000000	0.107230
258	0.003407	0.000005	0.000000	0.003091	0.887561	0.000000	0.000155	0.000000	0.105781
259	0.003246	0.000003	0.000000	0.003139	0.889159	0.000000	0.000138	0.000000	0.104315
260	0.003186	0.000002	0.000000	0.003137	0.891000	0.000000	0.000148	0.000000	0.102527
261	0.003017	0.000006	0.000000	0.003133	0.892618	0.000000	0.000125	0.000000	0.101101
262	0.002955	0.000004	0.000000	0.003120	0.894262	0.000000	0.000121	0.000000	0.099538
263	0.002841	0.000003	0.000000	0.003202	0.895734	0.000000	0.000121	0.000000	0.098099
264	0.002794	0.000003	0.000000	0.003160	0.897176	0.000000	0.000114	0.000000	0.096753
265	0.002752	0.000002	0.000000	0.003174	0.898385	0.000000	0.000091	0.000000	0.095596
266	0.002639	0.000003	0.000000	0.003225	0.900035	0.000000	0.000097	0.000000	0.094001
267	0.002572	0.000001	0.000000	0.003225	0.901890	0.000000	0.000102	0.000000	0.092210
268	0.002489	0.000003	0.000000	0.003182	0.903306	0.000000	0.000103	0.000000	0.090917
269	0.002367	0.000004	0.000000	0.003144	0.904870	0.000000	0.000099	0.000000	0.089516
270	0.002261	0.000001	0.000000	0.003136	0.906381	0.000000	0.000091	0.000000	0.088130
271	0.002170	0.000001	0.000000	0.003178	0.907945	0.000000	0.000088	0.000000	0.086618
272	0.002026	0.000000	0.000000	0.003157	0.909605	0.000000	0.000069	0.000000	0.085143
273	0.001950	0.000000	0.000000	0.003183	0.910853	0.000000	0.000066	0.000000	0.083948
274	0.001893	0.000000	0.000000	0.003161	0.912232	0.000000	0.000052	0.000000	0.082662
275	0.001808	0.000000	0.000000	0.003193	0.913675	0.000000	0.000055	0.000000	0.081269
276	0.001744	0.000000	0.000000	0.003228	0.914963	0.000000	0.000046	0.000000	0.080019
277	0.001644	0.000000	0.000000	0.003171	0.916476	0.000000	0.000058	0.000000	0.078651
278	0.001559	0.000000	0.000000	0.003262	0.917620	0.000000	0.000056	0.000000	0.077503
279	0.001471	0.000000	0.000000	0.003344	0.918945	0.000000	0.000067	0.000000	0.076173
280	0.001411	0.000000	0.000000	0.003326	0.920244	0.000000	0.000062	0.000000	0.074957
281	0.001385	0.000000	0.000000	0.003299	0.921492	0.000000	0.000052	0.000000	0.073772
282	0.001280	0.000000	0.000000	0.003283	0.922920	0.000000	0.000055	0.000000	0.072462
283	0.001204	0.000000	0.000000	0.003264	0.924238	0.000000	0.000050	0.000000	0.071244
284	0.001132	0.000000	0.000000	0.003225	0.925561	0.000000	0.000047	0.000000	0.070035
285	0.001056	0.000000	0.000000	0.003231	0.926605	0.000000	0.000049	0.000000	0.069059
286	0.000999	0.000000	0.000000	0.003279	0.927618	0.000000	0.000056	0.000000	0.068048
287	0.000970	0.000000	0.000000	0.003261	0.928747	0.000000	0.000053	0.000000	0.066969
288	0.000930	0.000000	0.000000	0.003267	0.930004	0.000000	0.000049	0.000000	0.065750
289	0.000882	0.000000	0.000000	0.003210	0.930975	0.000000	0.000053	0.000000	0.064880
290	0.000828	0.000000	0.000000	0.003259	0.932142	0.000000	0.000056	0.000000	0.063715
291	0.000799	0.000000	0.000000	0.003239	0.933147	0.000000	0.000056	0.000000	0.062759
292	0.000757	0.000000	0.000000	0.003268	0.934208	0.000000	0.000059	0.000000	0.061708
293	0.000712	0.000000	0.000000	0.003340	0.935002	0.000000	0.000057	0.000000	0.060889
294	0.000674	0.000000	0.000000	0.003352	0.936071	0.000000	0.000054	0.000000	0.059849
295	0.000629	0.000000	0.000000	0.003352	0.937164	0.000000	0.000068	0.000000	0.058787
296	0.000624	0.000000	0.000000	0.003345	0.938269	0.000000	0.000066	0.000000	0.057696
297	0.000573	0.000000	0.000000	0.003313	0.939402	0.000000	0.000067	0.000000	0.056645
298	0.000528	0.000000	0.000000	0.003315	0.940308	0.000000	0.000075	0.000000	0.055774
299	0.000499	0.000000	0.000000	0.003364	0.941134	0.000000	0.000072	0.000000	0.054931
300	0.000441	0.000000	0.000000	0.003382	0.942054	0.000000	0.000066	0.000000	0.054057
301	0.000406	0.000000	0.000000	0.003366	0.943093	0.000000	0.000073	0.000000	0.053062
302	0.000378	0.000000	0.000000	0.003406	0.943960	0.000000	0.000060	0.000000	0.052196
303	0.000386	0.000000	0.000000	0.003373	0.944841	0.000000	0.000058	0.000000	0.051342
304	0.000380	0.000000	0.000000	0.003328	0.946032	0.000000	0.000052	0.000000	0.050208
305	0.000363	0.000000	0.000000	0.003235	0.946954	0.000000	0.000064	0.000000	0.049384
306	0.000315	0.000000	0.000000	0.003197	0.948047	0.000000	0.000063	0.000000	0.048378
307	0.000306	0.000000	0.000000	0.003207	0.948880	0.000000	0.000061	0.000000	0.047546
308	0.000288	0.000000	0.000000	0.003248	0.949661	0.000000	0.000061	0.000000	0.046742
309	0.000280	0.000000	0.000000	0.003252	0.950636	0.000000	0.000058	0.000000	0.045774
310	0.000256	0.000000	0.000000	0.003272	0.951402	0.000000	0.000061	0.000000	0.045009
311	0.000236	0.000000	0.000000	0.003278	0.952131	0.000000	0.000060	0.000000	0.044295
312	0.000212	0.000000	0.000000	0.003228	0.953030	0.000000	0.000056	0.000000	0.043474
313	0.000215	0.000000	0.000000	0.003212	0.954071	0.000000	0.000051	0.000000	0.042451
314	0.000217	0.000000	0.000000	0.003172	0.954878	0.000000	0.000053	0.000000	0.041680
315	0.000229	0.000000	0.000000	0.003249	0.955645	0.000000	0.000053	0.000000	0.040824
316	0.000222	0.000000	0.000000	0.003266	0.956234	0.000000	0.000055	0.000000	0.040223
317	0.000196	0.000000	0.000000	0.003271	0.956936	0.000000	0.000060	0.000000	0.039537
318	0.000195	0.000000	0.000000	0.003280	0.957657	0.000000	0.000056	0.000000	0.038812
319	0.000182	0.000000	0.000000	0.003271	0.958409	0.000000	0.000056	0.000000	0.038082
320	0.000168	0.000000	0.000000	0.003237	0.959068	0.000000	0.000054	0.000000	0.037473
321	0.000158	0.000000	0.000000	0.003236	0.959795	0.000000	0.000046	0.000000	0.036765
322	0.000140	0.000000	0.000000	0.003258	0.960488	0.000000	0.000043	0.000000	0.036071
323	0.000131	0.000000	0.000000	0.003250	0.961320	0.000000	0.000039	0.000000	0.035260
324	0.000123	0.000000	0.000000	0.003199	0.962042	0.000000	0.000041	0.000000	0.034595
325	0.000126	0.000000	0.000000	0.003149	0.962719	0.000000	0.000038	0.000000	0.033968
326	0.000120	0.000000	0.000000	0.003116	0.963514	0.000000	0.000035	0.000000	0.033215
327	0.000120	0.000000	0.000000	0.003179	0.963922	0.000000	0.000036	0.000000	0.032743
328	0.000114	0.000000	0.000000	0.003246	0.964453	0.000000	0.000040	0.000000	0.032147
329	0.000119	0.000000	0.000000	0.003208	0.965133	0.000000	0.000031	0.000000	0.031509
330	0.000115	0.000000	0.000000	0.003239	0.965780	0.000000	0.000027	0.000000	0.030839
331	0.000098	0.000000	0.000000	0.003283	0.966289	0.000000	0.000032	0.000000	0.030298
332	0.000094	0.000000	0.000000	0.003267	0.966874	0.000000	0.000027	0.000000	0.029738
333	0.000083	0.000000	0.000000	0.003223	0.967464	0.000000	0.000022	0.000000	0.029208
334	0.000076	0.000000	0.000000	0.003163	0.968133	0.000000	0.000022	0.000000	0.028606
335	0.000072	0.000000	0.000000	0.003211	0.968626	0.000000	0.000022	0.000000	0.028069
336	0.000072	0.000000	0.000000	0.003238	0.969189	0.000000	0.000024	0.000000	0.027477
337	0.000074	0.000000	0.000000	0.003186	0.969894	0.000000	0.000028	0.000000	0.026818
338	0.000075	0.000000	0.000000	0.003264	0.970214	0.000000	0.000022	0.000000	0.026425
339	0.000075	0.000000	0.000000	0.003320	0.970754	0.000000	0.000019	0.000000	0.025832
340	0.000071	0.000000	0.000000	0.003329	0.971269	0.000000	0.000016	0.000000	0.025315
341	0.000057	0.000000	0.000000	0.003294	0.971788	0.000000	0.000011	0.000000	0.024850
342	0.000056	0.000000	0.000000	0.003296	0.972362	0.000000	0.000010	0.000000	0.024276
343	0.000054	0.000000	0.000000	0.003287	0.972782	0.000000	0.000010	0.000000	0.023867
344	0.000051	0.000000	0.000000	0.003369	0.973234	0.000000	0.000013	0.000000	0.023333
345	0.000056	0.000000	0.000000	0.003327	0.973719	0.000000	0.000014	0.000000	0.022884
346	0.000056	0.000000	0.000000	0.003393	0.974103	0.000000	0.000018	0.000000	0.022430
347	0.000053	0.000000	0.000000	0.003381	0.974488	0.000000	0.000013	0.000000	0.022065
348	0.000047	0.000000	0.000000	0.003329	0.974890	0.000000	0.000013	0.000000	0.021721
349	0.000050	0.000000	0.000000	0.003264	0.975618	0.000000	0.000011	0.000000	0.021057
350	0.000051	0.000000	0.000000	0.003254	0.976071	0.000000	0.000007	0.000000	0.020617
351	0.000054	0.000000	0.000000	0.003219	0.976562	0.000000	0.000008	0.000000	0.020157
352	0.000046	0.000000	0.000000	0.003167	0.976997	0.000000	0.000008	0.000000	0.019782
353	0.000052	0.000000	0.000000	0.003130	0.977539	0.000000	0.000005	0.000000	0.019274
354	0.000044	0.000000	0.000000	0.003141	0.977924	0.000000	0.000005	0.000000	0.018886
355	0.000045	0.000000	0.000000	0.003179	0.978253	0.000000	0.000007	0.000000	0.018516
356	0.000041	0.000000	0.000000	0.003181	0.978726	0.000000	0.000006	0.000000	0.018046
357	0.000040	0.000000	0.000000	0.003212	0.979131	0.000000	0.000006	0.000000	0.017611
358	0.000044	0.000000	0.000000	0.003151	0.979566	0.000000	0.000006	0.000000	0.017233
359	0.000038	0.000000	0.000000	0.003160	0.979919	0.000000	0.000011	0.000000	0.016872
360	0.000037	0.000000	0.000000	0.003131	0.980257	0.000000	0.000008	0.000000	0.016567
361	0.000040	0.000000	0.000000	0.003116	0.980584	0.000000	0.000008	0.000000	0.016252
362	0.000043	0.000000	0.000000	0.003131	0.981004	0.000000	0.000008	0.000000	0.015814
363	0.000043	0.000000	0.000000	0.003214	0.981116	0.000000	0.000007	0.000000	0.015620
364	0.000038	0.000000	0.000000	0.003164	0.981493	0.000000	0.000006	0.000000	0.015299
365	0.000037	0.000000	0.000000	0.003218	0.981828	0.000000	0.000002	0.000000	0.014915
366	0.000033	0.000000	0.000000	0.003210	0.982184	0.000000	0.000001	0.000000	0.014572
367	0.000040	0.000000	0.000000	0.003195	0.982427	0.000000	0.000000	0.000000	0.014338
368	0.000036	0.000000	0.000000	0.003166	0.982812	0.000000	0.000001	0.000000	0.013985
369	0.000034	0.000000	0.000000	0.003205	0.983030	0.000000	0.000000	0.000000	0.013731
370	0.000032	0.000000	0.000000	0.003234	0.983330	0.000000	0.000000	0.000000	0.013404
371	0.000029	0.000000	0.000000	0.003253	0.983658	0.000000	0.000000	0.000000	0.013060
372	0.000030	0.000000	0.000000	0.003259	0.983867	0.000000	0.000000	0.000000	0.012844
373	0.000028	0.000000	0.000000	0.003293	0.984150	0.000000	0.000000	0.000000	0.012529
374	0.000027	0.000000	0.000000	0.003331	0.984311	0.000000	0.000000	0.000000	0.012331
375	0.000031	0.000000	0.000000	0.003375	0.984538	0.000000	0.000000	0.000000	0.012056
376	0.000026	0.000000	0.000000	0.003363	0.984819	0.000000	0.000000	0.000000	0.011792
377	0.000027	0.000000	0.000000	0.003310	0.985127	0.000000	0.000000	0.000000	0.011536
378	0.000026	0.000000	0.000000	0.003248	0.985413	0.000000	0.000000	0.000000	0.011313
379	0.000027	0.000000	0.000000	0.003283	0.985627	0.000000	0.000000	0.000000	0.011063
380	0.000027	0.000000	0.000000	0.003296	0.985815	0.000000	0.000000	0.000000	0.010862
381	0.000023	0.000000	0.000000	0.003328	0.986061	0.000000	0.000000	0.000000	0.010588
382	0.000024	0.000000	0.000000	0.003303	0.986346	0.000000	0.000000	0.000000	0.010327
383	0.000026	0.000000	0.000000	0.003357	0.986517	0.000000	0.000000	0.000000	0.010100
384	0.000019	0.000000	0.000000	0.003324	0.986755	0.000000	0.000000	0.000000	0.009902
385	0.000021	0.000000	0.000000	0.003285	0.987056	0.000000	0.000000	0.000000	0.009638
386	0.000020	0.000000	0.000000	0.003282	0.987218	0.000000	0.000000	0.000000	0.009480
387	0.000019	0.000000	0.000000	0.003281	0.987440	0.000000	0.000000	0.000000	0.009260
388	0.000013	0.000000	0.000000	0.003382	0.987540	0.000000	0.000000	0.000000	0.009065
389	0.000010	0.000000	0.000000	0.003485	0.987656	0.000000	0.000000	0.000000	0.008849
390	0.000008	0.000000	0.000000	0.003467	0.987843	0.000000	0.000000	0.000000	0.008682
391	0.000008	0.000000	0.000000	0.003459	0.988053	0.000000	0.000000	0.000000	0.008480
392	0.000008	0.000000	0.000000	0.003478	0.988216	0.000000	0.000000	0.000000	0.008298
393	0.000003	0.000000	0.000000	0.003479	0.988422	0.000000	0.000000	0.000000	0.008096
394	0.000001	0.000000	0.000000	0.003529	0.988539	0.000000	0.000000	0.000000	0.007931
395	0.000002	0.000000	0.000000	0.003596	0.988659	0.000000	0.000000	0.000000	0.007743
396	0.000003	0.000000	0.000000	0.003586	0.988809	0.000000	0.000000	0.000000	0.007602
397	0.000003	0.000000	0.000000	0.003592	0.989024	0.000000	0.000000	0.000000	0.007381
398	0.000002	0.000000	0.000000	0.003610	0.989208	0.000000	0.000000	0.000000	0.007180
399	0.000001	0.000000	0.000000	0.003629	0.989372	0.000000	0.000000	0.000000	0.006998
400	0.000000	0.000000	0.000000	0.003596	0.989519	0.000000	0.000000	0.000000	0.006885
401	0.000000	0.000000	0.000000	0.003546	0.989712	0.000000	0.000000	0.000000	0.006742
402	0.000000	0.000000	0.000000	0.003565	0.989817	0.000000	0.000000	0.000000	0.006618
403	0.000000	0.000000	0.000000	0.003591	0.989955	0.000000	0.000000	0.000000	0.006454
404	0.000000	0.000000	0.000000	0.003609	0.990083	0.000000	0.000000	0.000000	0.006308
405	0.000000	0.000000	0.000000	0.003603	0.990222	0.000000	0.000000	0.000000	0.006175
406	0.000000	0.000000	0.000000	0.003588	0.990408	0.000000	0.000000	0.000000	0.006004
407	0.000000	0.000000	0.000000	0.003501	0.990633	0.000000	0.000000	0.000000	0.005866
408	0.000000	0.000000	0.000000	0.003603	0.990606	0.000000	0.000000	0.000000	0.005791
409	0.000000	0.000000	0.000000	0.003702	0.990630	0.000000	0.000000	0.000000	0.005668
410	0.000000	0.000000	0.000000	0.003662	0.990822	0.000000	0.000000	0.000000	0.005516
411	0.000000	0.000000	0.000000	0.003598	0.991060	0.000000	0.000000	0.000000	0.005342
412	0.000000	0.000000	0.000000	0.003526	0.991254	0.000000	0.000000	0.000000	0.005220
413	0.000000	0.000000	0.000000	0.003500	0.991472	0.000000	0.000000	0.000000	0.005028
414	0.000000	0.000000	0.000000	0.003521	0.991559	0.000000	0.000000	0.000000	0.004920
415	0.000000	0.000000	0.000000	0.003577	0.991620	0.000000	0.000000	0.000000	0.004803
416	0.000000	0.000000	0.000000	0.003579	0.991747	0.000000	0.000000	0.000000	0.004674
417	0.000000	0.000000	0.000000	0.003589	0.991840	0.000000	0.000000	0.000000	0.004571
418	0.000000	0.000000	0.000000	0.003595	0.991949	0.000000	0.000000	0.000000	0.004456
419	0.000000	0.000000	0.000000	0.003560	0.992104	0.000000	0.000000	0.000000	0.004336
420	0.000000	0.000000	0.000000	0.003603	0.992154	0.000000	0.000000	0.000000	0.004243
421	0.000000	0.000000	0.000000	0.003572	0.992258	0.000000	0.000000	0.000000	0.004170
422	0.000000	0.000000	0.000000	0.003510	0.992428	0.000000	0.000000	0.000000	0.004062
423	0.000000	0.000000	0.000000	0.003533	0.992534	0.000000	0.000000	0.000000	0.003933
424	0.000000	0.000000	0.000000	0.003469	0.992676	0.000000	0.000000	0.000000	0.003855
425	0.000000	0.000000	0.000000	0.003478	0.992719	0.000000	0.000000	0.000000	0.003803
426	0.000000	0.000000	0.000000	0.003476	0.992794	0.000000	0.000000	0.000000	0.003730
427	0.000000	0.000000	0.000000	0.003515	0.992860	0.000000	0.000000	0.000000	0.003625
428	0.000000	0.000000	0.000000	0.003465	0.993030	0.000000	0.000000	0.000000	0.003505
429	0.000000	0.000000	0.000000	0.003442	0.993140	0.000000	0.000000	0.000000	0.003418
430	0.000000	0.000000	0.000000	0.003482	0.993234	0.000000	0.000000	0.000000	0.003284
431	0.000000	0.000000	0.000000	0.003445	0.993343	0.000000	0.000000	0.000000	0.003212
432	0.000000	0.000000	0.000000	0.003535	0.993317	0.000000	0.000000	0.000000	0.003148
433	0.000000	0.000000	0.000000	0.003510	0.993447	0.000000	0.000000	0.000000	0.003043
434	0.000000	0.000000	0.000000	0.003475	0.993562	0.000000	0.000000	0.000000	0.002963
435	0.000000	0.000000	0.000000	0.003496	0.993602	0.000000	0.000000	0.000000	0.002902
436	0.000000	0.000000	0.000000	0.003432	0.993737	0.000000	0.000000	0.000000	0.002831
437	0.000000	0.000000	0.000000	0.003446	0.993864	0.000000	0.000000	0.000000	0.002690
438	0.000000	0.000000	0.000000	0.003445	0.993954	0.000000	0.000000	0.000000	0.002601
439	0.000000	0.000000	0.000000	0.003509	0.993986	0.000000	0.000000	0.000000	0.002505
440	0.000000	0.000000	0.000000	0.003617	0.993946	0.000000	0.000000	0.000000	0.002437
441	0.000000	0.000000	0.000000	0.003607	0.993961	0.000000	0.000000	0.000000	0.002432
442	0.000000	0.000000	0.000000	0.003569	0.994122	0.000000	0.000000	0.000000	0.002309
443	0.000000	0.000000	0.000000	0.003616	0.994160	0.000000	0.000000	0.000000	0.002224
444	0.000000	0.000000	0.000000	0.003547	0.994304	0.000000	0.000000	0.000000	0.002149
445	0.000000	0.000000	0.000000	0.003529	0.994375	0.000000	0.000000	0.000000	0.002096
446	0.000000	0.000000	0.000000	0.003534	0.994443	0.000000	0.000000	0.000000	0.002023
447	0.000000	0.000000	0.000000	0.003519	0.994526	0.000000	0.000000	0.000000	0.001955
448	0.000000	0.000000	0.000000	0.003556	0.994531	0.000000	0.000000	0.000000	0.001913
449	0.000000	0.000000	0.000000	0.003516	0.994615	0.000000	0.000000	0.000000	0.001869
450	0.000000	0.000000	0.000000	0.003450	0.994751	0.000000	0.000000	0.000000	0.001799
451	0.000000	0.000000	0.000000	0.003473	0.994773	0.000000	0.000000	0.000000	0.001754
452	0.000000	0.000000	0.000000	0.003425	0.994897	0.000000	0.000000	0.000000	0.001678
453	0.000000	0.000000	0.000000	0.003399	0.994994	0.000000	0.000000	0.000000	0.001607
454	0.000000	0.000000	0.000000	0.003333	0.995107	0.000000	0.000000	0.000000	0.001560
455	0.000000	0.000000	0.000000	0.003315	0.995179	0.000000	0.000000	0.000000	0.001506
456	0.000000	0.000000	0.000000	0.003309	0.995230	0.000000	0.000000	0.000000	0.001461
457	0.000000	0.000000	0.000000	0.003368	0.995217	0.000000	0.000000	0.000000	0.001415
458	0.000000	0.000000	0.000000	0.003332	0.995302	0.000000	0.000000	0.000000	0.001366
459	0.000000	0.000000	0.000000	0.003378	0.995338	0.000000	0.000000	0.000000	0.001284
460	0.000000	0.000000	0.000000	0.003353	0.995402	0.000000	0.000000	0.000000	0.001245
461	0.000000	0.000000	0.000000	0.003378	0.995424	0.000000	0.000000	0.000000	0.001198
462	0.000000	0.000000	0.000000	0.003441	0.995382	0.000000	0.000000	0.000000	0.001177
463	0.000000	0.000000	0.000000	0.003437	0.995439	0.000000	0.000000	0.000000	0.001124
464	0.000000	0.000000	0.000000	0.003443	0.995489	0.000000	0.000000	0.000000	0.001068
465	0.000000	0.000000	0.000000	0.003415	0.995541	0.000000	0.000000	0.000000	0.001044
466	0.000000	0.000000	0.000000	0.003498	0.995508	0.000000	0.000000	0.000000	0.000994
467	0.000000	0.000000	0.000000	0.003545	0.995491	0.000000	0.000000	0.000000	0.000964
468	0.000000	0.000000	0.000000	0.003558	0.995492	0.000000	0.000000	0.000000	0.000950
469	0.000000	0.000000	0.000000	0.003577	0.995517	0.000000	0.000000	0.000000	0.000906
470	0.000000	0.000000	0.000000	0.003627	0.995475	0.000000	0.000000	0.000000	0.000898
