0	0.290663	0.057897	0.229473	0.157588	0.029913	0.111872	0.085455	0.012259	0.024880
1	0.255780	0.052739	0.217269	0.124339	0.025743	0.107680	0.110334	0.021398	0.084718
2	0.277311	0.055831	0.232583	0.106542	0.023790	0.093377	0.102841	0.019936	0.087789
3	0.303356	0.059352	0.248036	0.091280	0.022310	0.079380	0.092823	0.017769	0.085694
4	0.329188	0.062242	0.262261	0.078116	0.021281	0.066513	0.082800	0.015335	0.082264
5	0.354665	0.065033	0.273422	0.065730	0.020257	0.055856	0.072760	0.013497	0.078780
6	0.377827	0.067374	0.283697	0.055455	0.019317	0.046534	0.063489	0.011522	0.074785
7	0.399385	0.069024	0.291879	0.046412	0.018656	0.038504	0.055396	0.009892	0.070852
8	0.419709	0.070491	0.298285	0.038815	0.017954	0.031908	0.047672	0.008613	0.066553
9	0.438295	0.071638	0.302817	0.032575	0.017560	0.026401	0.041045	0.007319	0.062350
10	0.454418	0.072651	0.306641	0.027170	0.016952	0.021905	0.035165	0.006341	0.058757
11	0.468548	0.073087	0.310083	0.023072	0.016432	0.018273	0.030413	0.005331	0.054761
12	0.481063	0.073782	0.312501	0.019173	0.016032	0.015284	0.026121	0.004516	0.051528
13	0.492682	0.074192	0.314070	0.016032	0.015628	0.012863	0.022477	0.003963	0.048093
14	0.502608	0.074732	0.315370	0.013463	0.015315	0.010721	0.019355	0.003302	0.045134
15	0.511165	0.074711	0.317096	0.011293	0.014938	0.009051	0.016704	0.002928	0.042114
16	0.518869	0.075168	0.317756	0.009633	0.014568	0.007628	0.014445	0.002500	0.039433
17	0.525140	0.075540	0.318636	0.008414	0.014401	0.006535	0.012255	0.002217	0.036862
18	0.531324	0.075976	0.318678	0.007278	0.014005	0.005651	0.010629	0.001960	0.034499
19	0.537169	0.075613	0.319166	0.006378	0.013846	0.004688	0.009300	0.001629	0.032211
20	0.541139	0.075586	0.320198	0.005516	0.013584	0.004127	0.008087	0.001431	0.030332
21	0.546095	0.075863	0.319326	0.004814	0.013631	0.003547	0.007070	0.001209	0.028445
22	0.548996	0.076212	0.319828	0.004382	0.013491	0.003184	0.006183	0.001028	0.026696
23	0.551889	0.076115	0.320040	0.003840	0.013425	0.002823	0.005450	0.000931	0.025487
24	0.555376	0.076080	0.319753	0.003476	0.013293	0.002496	0.004798	0.000752	0.023976
25	0.558081	0.075754	0.320162	0.003041	0.013140	0.002244	0.004281	0.000661	0.022636
26	0.560844	0.075327	0.320227	0.002798	0.013200	0.001970	0.003634	0.000585	0.021415
27	0.563588	0.075198	0.319954	0.002421	0.013163	0.001781	0.003146	0.000507	0.020242
28	0.565334	0.074938	0.320219	0.002266	0.013117	0.001594	0.002859	0.000439	0.019234
29	0.567391	0.074998	0.319815	0.002014	0.012973	0.001510	0.002614	0.000355	0.018330
30	0.569754	0.074717	0.319332	0.001785	0.012977	0.001350	0.002370	0.000321	0.017394
31	0.571870	0.074448	0.319121	0.001665	0.012931	0.001249	0.002044	0.000273	0.016399
32	0.573350	0.074282	0.318984	0.001600	0.012900	0.001169	0.001908	0.000243	0.015564
33	0.575418	0.073764	0.318756	0.001398	0.012884	0.001080	0.001698	0.000217	0.014785
34	0.577082	0.073171	0.318768	0.001340	0.012856	0.000953	0.001499	0.000175	0.014156
35	0.577851	0.073195	0.318799	0.001264	0.012910	0.000895	0.001337	0.000180	0.013569
36	0.578463	0.072480	0.319634	0.001214	0.012941	0.000797	0.001233	0.000177	0.013061
37	0.579311	0.072508	0.319688	0.001060	0.012915	0.000765	0.001054	0.000134	0.012565
38	0.580347	0.072187	0.319754	0.001020	0.012800	0.000746	0.000960	0.000135	0.012051
39	0.581807	0.072137	0.319093	0.000908	0.012858	0.000671	0.000836	0.000116	0.011574
40	0.582314	0.071733	0.319636	0.000801	0.012852	0.000598	0.000738	0.000097	0.011231
41	0.583872	0.071310	0.319198	0.000756	0.012882	0.000563	0.000658	0.000098	0.010663
42	0.584582	0.070711	0.319578	0.000652	0.012907	0.000536	0.000592	0.000073	0.010369
43	0.585622	0.070414	0.319447	0.000630	0.012819	0.000518	0.000538	0.000062	0.009950
44	0.586476	0.070194	0.319327	0.000546	0.012776	0.000496	0.000484	0.000067	0.009634
45	0.587059	0.069854	0.319592	0.000489	0.012691	0.000472	0.000446	0.000053	0.009344
46	0.587694	0.069691	0.319492	0.000466	0.012853	0.000430	0.000370	0.000047	0.008957
47	0.588185	0.069238	0.319651	0.000423	0.012982	0.000424	0.000348	0.000055	0.008694
48	0.588578	0.069000	0.320059	0.000405	0.012871	0.000401	0.000312	0.000045	0.008329
49	0.589108	0.069113	0.319894	0.000387	0.012808	0.000390	0.000268	0.000041	0.007991
50	0.589586	0.068885	0.319975	0.000330	0.012805	0.000359	0.000253	0.000035	0.007772
51	0.590280	0.068763	0.319782	0.000344	0.012794	0.000319	0.000250	0.000034	0.007434
52	0.590639	0.068197	0.320310	0.000351	0.012825	0.000296	0.000239	0.000028	0.007115
53	0.591118	0.067981	0.320281	0.000306	0.012859	0.000296	0.000200	0.000027	0.006932
54	0.590872	0.068222	0.320602	0.000304	0.012759	0.000265	0.000165	0.000025	0.006786
55	0.591514	0.067775	0.320688	0.000254	0.012787	0.000247	0.000163	0.000039	0.006533
56	0.592181	0.067765	0.320378	0.000249	0.012649	0.000238	0.000173	0.000033	0.006334
57	0.592754	0.067751	0.319939	0.000260	0.012774	0.000224	0.000133	0.000031	0.006134
58	0.592929	0.067694	0.320141	0.000249	0.012737	0.000221	0.000108	0.000030	0.005891
59	0.593142	0.067292	0.320471	0.000214	0.012724	0.000210	0.000103	0.000019	0.005825
60	0.592994	0.066920	0.321372	0.000223	0.012670	0.000199	0.000098	0.000018	0.005506
61	0.593142	0.066869	0.321378	0.000209	0.012726	0.000178	0.000086	0.000021	0.005391
62	0.594033	0.066274	0.321339	0.000218	0.012601	0.000185	0.000093	0.000015	0.005242
63	0.594347	0.066250	0.321067	0.000188	0.012698	0.000193	0.000093	0.000016	0.005148
64	0.594496	0.066216	0.321502	0.000183	0.012504	0.000157	0.000073	0.000013	0.004856
65	0.594736	0.066114	0.321501	0.000186	0.012511	0.000163	0.000080	0.000014	0.004695
66	0.595851	0.065883	0.320920	0.000178	0.012370	0.000134	0.000065	0.000010	0.004589
67	0.595470	0.065636	0.321564	0.000160	0.012557	0.000112	0.000054	0.000008	0.004439
68	0.595972	0.065297	0.321631	0.000152	0.012462	0.000115	0.000052	0.000010	0.004309
69	0.596496	0.065141	0.321488	0.000159	0.012392	0.000102	0.000035	0.000008	0.004179
70	0.596674	0.065239	0.321599	0.000134	0.012230	0.000096	0.000033	0.000005	0.003990
71	0.597344	0.065184	0.321320	0.000133	0.012070	0.000083	0.000031	0.000006	0.003829
72	0.597462	0.064902	0.321669	0.000130	0.011994	0.000096	0.000031	0.000004	0.003712
73	0.597529	0.064684	0.322132	0.000120	0.011872	0.000078	0.000019	0.000003	0.003563
74	0.598953	0.064185	0.321243	0.000114	0.011815	0.000083	0.000020	0.000006	0.003581
75	0.599500	0.064369	0.320878	0.000118	0.011635	0.000080	0.000020	0.000001	0.003399
76	0.599706	0.063983	0.321174	0.000117	0.011657	0.000081	0.000024	0.000005	0.003253
77	0.599284	0.064119	0.321745	0.000124	0.011425	0.000067	0.000026	0.000003	0.003207
78	0.599261	0.064095	0.321959	0.000128	0.011287	0.000066	0.000017	0.000001	0.003186
79	0.600013	0.064020	0.321550	0.000113	0.011071	0.000071	0.000017	0.000003	0.003142
80	0.600289	0.063972	0.321452	0.000108	0.011027	0.000064	0.000011	0.000004	0.003073
81	0.600084	0.063932	0.321878	0.000093	0.010988	0.000061	0.000012	0.000004	0.002948
82	0.600598	0.064095	0.321412	0.000098	0.010830	0.000065	0.000017	0.000002	0.002883
83	0.599881	0.064101	0.322265	0.000075	0.010779	0.000059	0.000015	0.000001	0.002824
84	0.599753	0.063946	0.322582	0.000081	0.010826	0.000051	0.000013	0.000003	0.002745
85	0.599441	0.063917	0.323017	0.000086	0.010810	0.000050	0.000014	0.000002	0.002663
86	0.599748	0.063742	0.323180	0.000080	0.010525	0.000050	0.000015	0.000001	0.002659
87	0.599816	0.063592	0.323565	0.000077	0.010314	0.000046	0.000017	0.000001	0.002572
88	0.599979	0.063083	0.324007	0.000065	0.010315	0.000043	0.000021	0.000000	0.002487
89	0.600494	0.062804	0.323876	0.000056	0.010270	0.000053	0.000015	0.000000	0.002432
90	0.601290	0.062662	0.323366	0.000058	0.010226	0.000047	0.000008	0.000000	0.002343
91	0.601143	0.062452	0.323851	0.000054	0.010162	0.000048	0.000010	0.000000	0.002280
92	0.601588	0.062428	0.323407	0.000062	0.010190	0.000036	0.000012	0.000000	0.002277
93	0.601606	0.061882	0.324104	0.000054	0.010130	0.000042	0.000010	0.000000	0.002172
94	0.600783	0.062153	0.324690	0.000044	0.010220	0.000038	0.000011	0.000000	0.002061
95	0.601217	0.061837	0.324635	0.000053	0.010159	0.000034	0.000008	0.000000	0.002057
96	0.601337	0.061781	0.324615	0.000044	0.010133	0.000031	0.000005	0.000000	0.002054
97	0.601246	0.061844	0.324713	0.000033	0.010096	0.000036	0.000009	0.000000	0.002023
98	0.601741	0.061760	0.324461	0.000044	0.010022	0.000022	0.000004	0.000000	0.001946
99	0.602345	0.061394	0.324398	0.000038	0.009962	0.000027	0.000005	0.000000	0.001831
100	0.602301	0.061302	0.324724	0.000033	0.009770	0.000030	0.000005	0.000000	0.001835
101	0.602885	0.061192	0.324284	0.000043	0.009773	0.000028	0.000004	0.000000	0.001791
102	0.602558	0.061007	0.324916	0.000047	0.009653	0.000021	0.000002	0.000000	0.001796
103	0.602929	0.060760	0.325038	0.000044	0.009534	0.000020	0.000003	0.000000	0.001672
104	0.602901	0.060696	0.325248	0.000034	0.009416	0.000022	0.000003	0.000000	0.001680
105	0.602638	0.060769	0.325488	0.000035	0.009385	0.000021	0.000002	0.000000	0.001662
106	0.603337	0.060502	0.325308	0.000040	0.009251	0.000018	0.000002	0.000000	0.001542
107	0.603791	0.060016	0.325439	0.000035	0.009167	0.000020	0.000000	0.000000	0.001532
108	0.604281	0.059832	0.325118	0.000042	0.009132	0.000021	0.000000	0.000000	0.001574
109	0.604451	0.059887	0.325073	0.000038	0.008996	0.000017	0.000000	0.000000	0.001538
110	0.604015	0.059877	0.325460	0.000035	0.009045	0.000015	0.000000	0.000000	0.001553
111	0.603473	0.059653	0.326337	0.000031	0.008912	0.000016	0.000000	0.000000	0.001578
112	0.604248	0.059364	0.325972	0.000029	0.008856	0.000017	0.000000	0.000000	0.001514
113	0.603908	0.059280	0.326640	0.000028	0.008702	0.000013	0.000000	0.000000	0.001429
114	0.604141	0.059274	0.326415	0.000025	0.008679	0.000015	0.000000	0.000000	0.001451
115	0.604555	0.059092	0.326193	0.000021	0.008698	0.000013	0.000000	0.000000	0.001428
116	0.604863	0.058935	0.326241	0.000018	0.008501	0.000009	0.000000	0.000000	0.001433
117	0.605034	0.058852	0.326268	0.000019	0.008463	0.000009	0.000000	0.000000	0.001355
118	0.605703	0.058383	0.326041	0.000018	0.008503	0.000004	0.000000	0.000000	0.001348
119	0.605142	0.058445	0.326668	0.000021	0.008407	0.000007	0.000000	0.000000	0.001310
120	0.605244	0.058235	0.326944	0.000015	0.008308	0.000003	0.000000	0.000000	0.001251
121	0.605767	0.058063	0.326622	0.000017	0.008297	0.000005	0.000000	0.000000	0.001229
122	0.604729	0.057908	0.327880	0.000023	0.008190	0.000005	0.000000	0.000000	0.001265
123	0.605100	0.058078	0.327462	0.000017	0.008107	0.000003	0.000000	0.000000	0.001233
124	0.605258	0.057917	0.327478	0.000015	0.008115	0.000004	0.000000	0.000000	0.001213
125	0.605846	0.057930	0.326876	0.000014	0.008139	0.000006	0.000000	0.000000	0.001189
126	0.606129	0.057842	0.326748	0.000022	0.008065	0.000004	0.000000	0.000000	0.001190
127	0.606013	0.058085	0.326750	0.000012	0.007976	0.000004	0.000000	0.000000	0.001160
128	0.606515	0.057864	0.326611	0.000006	0.007853	0.000005	0.000000	0.000000	0.001146
129	0.605791	0.057894	0.327422	0.000010	0.007795	0.000003	0.000000	0.000000	0.001085
130	0.606593	0.057705	0.326773	0.000007	0.007833	0.000004	0.000000	0.000000	0.001085
131	0.606201	0.057504	0.327455	0.000004	0.007691	0.000004	0.000000	0.000000	0.001141
132	0.606160	0.057572	0.327438	0.000003	0.007710	0.000003	0.000000	0.000000	0.001114
133	0.606589	0.057575	0.327089	0.000003	0.007669	0.000001	0.000000	0.000000	0.001074
134	0.606368	0.057374	0.327561	0.000005	0.007615	0.000003	0.000000	0.000000	0.001074
135	0.606265	0.056785	0.328331	0.000002	0.007542	0.000003	0.000000	0.000000	0.001072
136	0.606319	0.056665	0.328465	0.000001	0.007472	0.000002	0.000000	0.000000	0.001076
137	0.606230	0.056540	0.328742	0.000000	0.007433	0.000004	0.000000	0.000000	0.001051
138	0.606154	0.056121	0.329306	0.000000	0.007350	0.000002	0.000000	0.000000	0.001067
139	0.605531	0.056353	0.329695	0.000000	0.007379	0.000003	0.000000	0.000000	0.001039
140	0.605666	0.056208	0.329837	0.000000	0.007250	0.000003	0.000000	0.000000	0.001036
141	0.606029	0.056051	0.329790	0.000000	0.007097	0.000003	0.000000	0.000000	0.001030
142	0.606113	0.056095	0.329711	0.000000	0.007081	0.000006	0.000000	0.000000	0.000994
143	0.605904	0.056218	0.329714	0.000000	0.007131	0.000003	0.000000	0.000000	0.001030
144	0.605901	0.055947	0.330156	0.000000	0.006974	0.000003	0.000000	0.000000	0.001019
145	0.606239	0.055898	0.329852	0.000000	0.006975	0.000001	0.000000	0.000000	0.001035
146	0.606019	0.056100	0.329996	0.000000	0.006861	0.000003	0.000000	0.000000	0.001021
147	0.606216	0.056223	0.329827	0.000000	0.006699	0.000003	0.000000	0.000000	0.001032
148	0.606309	0.056267	0.329723	0.000000	0.006709	0.000002	0.000000	0.000000	0.000990
149	0.606321	0.056173	0.329869	0.000000	0.006657	0.000003	0.000000	0.000000	0.000977
150	0.606304	0.056331	0.329839	0.000000	0.006581	0.000002	0.000000	0.000000	0.000943
151	0.606607	0.056250	0.329637	0.000000	0.006576	0.000003	0.000000	0.000000	0.000927
152	0.606174	0.056444	0.329920	0.000000	0.006514	0.000004	0.000000	0.000000	0.000944
153	0.605819	0.056289	0.330518	0.000000	0.006445	0.000003	0.000000	0.000000	0.000926
154	0.606140	0.056218	0.330330	0.000000	0.006433	0.000006	0.000000	0.000000	0.000873
155	0.606008	0.056310	0.330444	0.000000	0.006354	0.000007	0.000000	0.000000	0.000877
156	0.607260	0.056140	0.329463	0.000000	0.006244	0.000007	0.000000	0.000000	0.000886
157	0.607403	0.056285	0.329247	0.000000	0.006177	0.000003	0.000000	0.000000	0.000885
158	0.607232	0.056160	0.329570	0.000000	0.006118	0.000008	0.000000	0.000000	0.000912
159	0.606934	0.056048	0.329990	0.000000	0.006139	0.000005	0.000000	0.000000	0.000884
160	0.607166	0.055758	0.330084	0.000000	0.006128	0.000002	0.000000	0.000000	0.000862
161	0.607846	0.055612	0.329682	0.000000	0.006013	0.000004	0.000000	0.000000	0.000843
162	0.607406	0.055505	0.330248	0.000000	0.005995	0.000003	0.000000	0.000000	0.000843
163	0.607567	0.055504	0.330126	0.000000	0.005954	0.000005	0.000000	0.000000	0.000844
164	0.608144	0.055258	0.329884	0.000000	0.005886	0.000006	0.000000	0.000000	0.000822
165	0.607334	0.055396	0.330532	0.000000	0.005921	0.000006	0.000000	0.000000	0.000811
166	0.606958	0.055278	0.330991	0.000000	0.005905	0.000004	0.000000	0.000000	0.000864
167	0.607169	0.055452	0.330756	0.000000	0.005806	0.000005	0.000000	0.000000	0.000812
168	0.607196	0.055290	0.330892	0.000000	0.005753	0.000006	0.000000	0.000000	0.000863
169	0.607644	0.054969	0.330906	0.000000	0.005681	0.000002	0.000000	0.000000	0.000798
170	0.607745	0.054964	0.330903	0.000000	0.005585	0.000002	0.000000	0.000000	0.000801
171	0.608298	0.054934	0.330483	0.000000	0.005473	0.000006	0.000000	0.000000	0.000806
172	0.608265	0.054783	0.330705	0.000000	0.005433	0.000008	0.000000	0.000000	0.000806
173	0.607857	0.054811	0.331079	0.000000	0.005413	0.000013	0.000000	0.000000	0.000827
174	0.607919	0.054752	0.331208	0.000000	0.005300	0.000010	0.000000	0.000000	0.000811
175	0.608017	0.054578	0.331334	0.000000	0.005236	0.000017	0.000000	0.000000	0.000818
176	0.608226	0.054418	0.331338	0.000000	0.005196	0.000018	0.000000	0.000000	0.000804
177	0.608065	0.054310	0.331662	0.000000	0.005148	0.000020	0.000000	0.000000	0.000795
178	0.608150	0.054340	0.331591	0.000000	0.005103	0.000019	0.000000	0.000000	0.000797
179	0.608406	0.054333	0.331422	0.000000	0.005053	0.000011	0.000000	0.000000	0.000775
180	0.608235	0.054349	0.331706	0.000000	0.004989	0.000011	0.000000	0.000000	0.000710
181	0.608108	0.054177	0.332055	0.000000	0.004895	0.000012	0.000000	0.000000	0.000753
182	0.608614	0.053848	0.331966	0.000000	0.004859	0.000009	0.000000	0.000000	0.000704
183	0.608157	0.053859	0.332398	0.000000	0.004828	0.000011	0.000000	0.000000	0.000747
184	0.608280	0.054050	0.332243	0.000000	0.004678	0.000007	0.000000	0.000000	0.000742
185	0.607869	0.053779	0.332978	0.000000	0.004636	0.000006	0.000000	0.000000	0.000732
186	0.607614	0.053820	0.333257	0.000000	0.004598	0.000004	0.000000	0.000000	0.000707
187	0.607761	0.053677	0.333261	0.000000	0.004611	0.000001	0.000000	0.000000	0.000689
188	0.607894	0.053797	0.333198	0.000000	0.004389	0.000001	0.000000	0.000000	0.000721
189	0.608339	0.053581	0.333010	0.000000	0.004362	0.000000	0.000000	0.000000	0.000708
190	0.608563	0.053439	0.333115	0.000000	0.004211	0.000000	0.000000	0.000000	0.000672
191	0.609064	0.053273	0.332818	0.000000	0.004168	0.000002	0.000000	0.000000	0.000675
192	0.608861	0.052967	0.333414	0.000000	0.004066	0.000002	0.000000	0.000000	0.000690
193	0.608558	0.052816	0.333996	0.000000	0.003975	0.000005	0.000000	0.000000	0.000650
194	0.608304	0.053027	0.334047	0.000000	0.003921	0.000005	0.000000	0.000000	0.000696
195	0.608831	0.052575	0.334048	0.000000	0.003881	0.000003	0.000000	0.000000	0.000662
196	0.608582	0.052688	0.334304	0.000000	0.003763	0.000001	0.000000	0.000000	0.000662
197	0.608760	0.052842	0.333991	0.000000	0.003753	0.000003	0.000000	0.000000	0.000651
198	0.608646	0.052773	0.334250	0.000000	0.003678	0.000001	0.000000	0.000000	0.000652
199	0.608260	0.052751	0.334708	0.000000	0.003640	0.000001	0.000000	0.000000	0.000640
200	0.607972	0.052657	0.335180	0.000000	0.003578	0.000003	0.000000	0.000000	0.000610
201	0.608376	0.052910	0.334547	0.000000	0.003541	0.000001	0.000000	0.000000	0.000625
202	0.608007	0.052550	0.335363	0.000000	0.003481	0.000000	0.000000	0.000000	0.000599
203	0.607865	0.052395	0.335707	0.000000	0.003422	0.000000	0.000000	0.000000	0.000611
204	0.607653	0.052307	0.336061	0.000000	0.003398	0.000001	0.000000	0.000000	0.000580
205	0.608171	0.052279	0.335680	0.000000	0.003300	0.000001	0.000000	0.000000	0.000569
206	0.608179	0.052010	0.336017	0.000000	0.003231	0.000003	0.000000	0.000000	0.000560
207	0.607924	0.052009	0.336222	0.000000	0.003240	0.000001	0.000000	0.000000	0.000604
208	0.608233	0.051855	0.336120	0.000000	0.003184	0.000001	0.000000	0.000000	0.000607
209	0.608289	0.051738	0.336172	0.000000	0.003172	0.000002	0.000000	0.000000	0.000627
210	0.608299	0.051545	0.336420	0.000000	0.003129	0.000004	0.000000	0.000000	0.000603
211	0.607674	0.051892	0.336792	0.000000	0.003033	0.000003	0.000000	0.000000	0.000606
212	0.607428	0.051793	0.337202	0.000000	0.002965	0.000002	0.000000	0.000000	0.000610
213	0.607006	0.051848	0.337607	0.000000	0.002903	0.000003	0.000000	0.000000	0.000633
214	0.606865	0.051902	0.337768	0.000000	0.002865	0.000006	0.000000	0.000000	0.000594
215	0.607243	0.052042	0.337299	0.000000	0.002800	0.000007	0.000000	0.000000	0.000609
216	0.606898	0.051886	0.337904	0.000000	0.002702	0.000007	0.000000	0.000000	0.000603
217	0.606694	0.052098	0.337988	0.000000	0.002618	0.000004	0.000000	0.000000	0.000598
218	0.607107	0.052046	0.337697	0.000000	0.002583	0.000007	0.000000	0.000000	0.000560
219	0.607026	0.051810	0.338012	0.000000	0.002560	0.000011	0.000000	0.000000	0.000581
220	0.606941	0.051896	0.338160	0.000000	0.002418	0.000011	0.000000	0.000000	0.000574
221	0.606542	0.052196	0.338305	0.000000	0.002339	0.000006	0.000000	0.000000	0.000612
222	0.606197	0.052286	0.338672	0.000000	0.002229	0.000006	0.000000	0.000000	0.000610
223	0.606223	0.052328	0.338643	0.000000	0.002218	0.000008	0.000000	0.000000	0.000580
224	0.606187	0.052562	0.338459	0.000000	0.002184	0.000002	0.000000	0.000000	0.000606
225	0.606702	0.052348	0.338196	0.000000	0.002131	0.000009	0.000000	0.000000	0.000614
226	0.606047	0.052697	0.338585	0.000000	0.002090	0.000007	0.000000	0.000000	0.000574
227	0.605681	0.052366	0.339332	0.000000	0.002023	0.000006	0.000000	0.000000	0.000592
228	0.606302	0.052435	0.338656	0.000000	0.001998	0.000007	0.000000	0.000000	0.000602
229	0.606815	0.052167	0.338420	0.000000	0.001971	0.000004	0.000000	0.000000	0.000623
230	0.607213	0.052164	0.338121	0.000000	0.001904	0.000001	0.000000	0.000000	0.000597
231	0.607233	0.052283	0.338013	0.000000	0.001878	0.000002	0.000000	0.000000	0.000591
232	0.607018	0.052197	0.338346	0.000000	0.001844	0.000000	0.000000	0.000000	0.000595
233	0.606881	0.052337	0.338378	0.000000	0.001796	0.000000	0.000000	0.000000	0.000608
234	0.606939	0.052240	0.338451	0.000000	0.001793	0.000000	0.000000	0.000000	0.000577
235	0.606245	0.052411	0.338995	0.000000	0.001751	0.000000	0.000000	0.000000	0.000598
236	0.606866	0.052180	0.338698	0.000000	0.001672	0.000000	0.000000	0.000000	0.000584
237	0.606798	0.052195	0.338758	0.000000	0.001695	0.000000	0.000000	0.000000	0.000554
238	0.606615	0.052375	0.338808	0.000000	0.001638	0.000000	0.000000	0.000000	0.000564
239	0.606837	0.052597	0.338332	0.000000	0.001663	0.000000	0.000000	0.000000	0.000571
240	0.607030	0.052794	0.338046	0.000000	0.001581	0.000000	0.000000	0.000000	0.000549
241	0.606569	0.052665	0.338620	0.000000	0.001599	0.000000	0.000000	0.000000	0.000547
242	0.607066	0.052598	0.338236	0.000000	0.001545	0.000000	0.000000	0.000000	0.000555
243	0.607164	0.052347	0.338317	0.000000	0.001565	0.000000	0.000000	0.000000	0.000607
244	0.607227	0.052065	0.338658	0.000000	0.001489	0.000000	0.000000	0.000000	0.000561
245	0.607550	0.052062	0.338404	0.000000	0.001421	0.000000	0.000000	0.000000	0.000563
246	0.606816	0.051993	0.339199	0.000000	0.001429	0.000000	0.000000	0.000000	0.000563
247	0.606578	0.052177	0.339278	0.000000	0.001431	0.000000	0.000000	0.000000	0.000536
248	0.606742	0.052012	0.339331	0.000000	0.001391	0.000000	0.000000	0.000000	0.000524
249	0.606944	0.051858	0.339315	0.000000	0.001357	0.000000	0.000000	0.000000	0.000526
250	0.607420	0.051755	0.339000	0.000000	0.001340	0.000000	0.000000	0.000000	0.000485
251	0.607375	0.051665	0.339199	0.000000	0.001280	0.000000	0.000000	0.000000	0.000481
252	0.607183	0.051661	0.339397	0.000000	0.001287	0.000000	0.000000	0.000000	0.000472
253	0.607342	0.051750	0.339190	0.000000	0.001258	0.000000	0.000000	0.000000	0.000460
254	0.607623	0.051666	0.338970	0.000000	0.001258	0.000000	0.000000	0.000000	0.000483
255	0.607582	0.051716	0.338985	0.000000	0.001270	0.000000	0.000000	0.000000	0.000447
256	0.607676	0.051867	0.338769	0.000000	0.001226	0.000000	0.000000	0.000000	0.000462
257	0.607803	0.051700	0.338850	0.000000	0.001193	0.000000	0.000000	0.000000	0.000454
258	0.607623	0.051542	0.339213	0.000000	0.001174	0.000000	0.000000	0.000000	0.000448
259	0.607648	0.051229	0.339491	0.000000	0.001173	0.000000	0.000000	0.000000	0.000459
260	0.607133	0.051538	0.339696	0.000000	0.001145	0.000000	0.000000	0.000000	0.000488
261	0.606574	0.051531	0.340245	0.000000	0.001159	0.000000	0.000000	0.000000	0.000491
262	0.606705	0.051722	0.339977	0.000000	0.001092	0.000000	0.000000	0.000000	0.000504
263	0.607032	0.051821	0.339565	0.000000	0.001086	0.000000	0.000000	0.000000	0.000496
264	0.606890	0.051982	0.339546	0.000000	0.001088	0.000000	0.000000	0.000000	0.000494
265	0.606849	0.051831	0.339737	0.000000	0.001084	0.000000	0.000000	0.000000	0.000499
266	0.606842	0.051750	0.339848	0.000000	0.001081	0.000000	0.000000	0.000000	0.000479
267	0.606560	0.052004	0.339914	0.000000	0.001037	0.000000	0.000000	0.000000	0.000485
268	0.606440	0.052121	0.339925	0.000000	0.001021	0.000000	0.000000	0.000000	0.000493
269	0.606640	0.051833	0.340030	0.000000	0.000999	0.000000	0.000000	0.000000	0.000498
270	0.606622	0.051779	0.340102	0.000000	0.000997	0.000000	0.000000	0.000000	0.000500
271	0.606010	0.052053	0.340440	0.000000	0.001009	0.000000	0.000000	0.000000	0.000488
272	0.605903	0.052153	0.340424	0.000000	0.001007	0.000000	0.000000	0.000000	0.000513
273	0.604996	0.052078	0.341380	0.000000	0.001030	0.000000	0.000000	0.000000	0.000516
274	0.605559	0.052290	0.340591	0.000000	0.001014	0.000000	0.000000	0.000000	0.000546
275	0.606027	0.052173	0.340237	0.000000	0.001000	0.000000	0.000000	0.000000	0.000563
276	0.606190	0.051907	0.340343	0.000000	0.000984	0.000000	0.000000	0.000000	0.000576
277	0.606156	0.052178	0.340153	0.000000	0.000971	0.000000	0.000000	0.000000	0.000542
278	0.606672	0.052069	0.339731	0.000000	0.000994	0.000000	0.000000	0.000000	0.000534
279	0.606654	0.051924	0.339909	0.000000	0.000946	0.000000	0.000000	0.000000	0.000567
280	0.606581	0.051847	0.340055	0.000000	0.000944	0.000000	0.000000	0.000000	0.000573
281	0.606269	0.051859	0.340347	0.000000	0.000938	0.000000	0.000000	0.000000	0.000587
282	0.606025	0.051634	0.340792	0.000000	0.000941	0.000000	0.000000	0.000000	0.000608
283	0.605653	0.051646	0.341175	0.000000	0.000919	0.000000	0.000000	0.000000	0.000607
284	0.606810	0.051472	0.340204	0.000000	0.000945	0.000000	0.000000	0.000000	0.000569
285	0.607034	0.051715	0.339751	0.000000	0.000932	0.000000	0.000000	0.000000	0.000568
286	0.606261	0.051998	0.340258	0.000000	0.000935	0.000000	0.000000	0.000000	0.000548
287	0.606069	0.051643	0.340781	0.000000	0.000955	0.000000	0.000000	0.000000	0.000552
288	0.605601	0.051640	0.341259	0.000000	0.000935	0.000000	0.000000	0.000000	0.000565
289	0.605175	0.051723	0.341620	0.000000	0.000921	0.000000	0.000000	0.000000	0.000561
290	0.605133	0.051578	0.341803	0.000000	0.000924	0.000000	0.000000	0.000000	0.000562
291	0.605677	0.051556	0.341291	0.000000	0.000907	0.000000	0.000000	0.000000	0.000569
292	0.605600	0.051775	0.341179	0.000000	0.000897	0.000000	0.000000	0.000000	0.000549
293	0.606069	0.051764	0.340712	0.000000	0.000913	0.000000	0.000000	0.000000	0.000542
294	0.605794	0.051791	0.341003	0.000000	0.000884	0.000000	0.000000	0.000000	0.000528
295	0.605710	0.051878	0.340969	0.000000	0.000905	0.000000	0.000000	0.000000	0.000538
296	0.605239	0.051952	0.341392	0.000000	0.000886	0.000000	0.000000	0.000000	0.000531
297	0.605112	0.051697	0.341701	0.000000	0.000948	0.000000	0.000000	0.000000	0.000542
298	0.605054	0.051821	0.341657	0.000000	0.000914	0.000000	0.000000	0.000000	0.000554
299	0.604681	0.051799	0.342060	0.000000	0.000914	0.000000	0.000000	0.000000	0.000546
300	0.605134	0.051506	0.341920	0.000000	0.000908	0.000000	0.000000	0.000000	0.000532
301	0.604789	0.051407	0.342336	0.000000	0.000917	0.000000	0.000000	0.000000	0.000551
302	0.605162	0.051627	0.341731	0.000000	0.000931	0.000000	0.000000	0.000000	0.000549
303	0.605665	0.051642	0.341223	0.000000	0.000913	0.000000	0.000000	0.000000	0.000557
304	0.605597	0.051419	0.341521	0.000000	0.000926	0.000000	0.000000	0.000000	0.000537
305	0.605618	0.051283	0.341647	0.000000	0.000914	0.000000	0.000000	0.000000	0.000538
306	0.605649	0.051279	0.341660	0.000000	0.000891	0.000000	0.000000	0.000000	0.000521
307	0.606069	0.051403	0.341076	0.000000	0.000896	0.000000	0.000000	0.000000	0.000556
308	0.605225	0.051370	0.342001	0.000000	0.000882	0.000000	0.000000	0.000000	0.000522
309	0.605871	0.051509	0.341202	0.000000	0.000905	0.000000	0.000000	0.000000	0.000513
310	0.605841	0.051529	0.341227	0.000000	0.000911	0.000000	0.000000	0.000000	0.000492
311	0.605668	0.051623	0.341282	0.000000	0.000931	0.000000	0.000000	0.000000	0.000496
312	0.604873	0.051543	0.342148	0.000000	0.000948	0.000000	0.000000	0.000000	0.000488
313	0.604821	0.051602	0.342189	0.000000	0.000921	0.000000	0.000000	0.000000	0.000467
314	0.605104	0.051390	0.342098	0.000000	0.000939	0.000000	0.000000	0.000000	0.000469
315	0.605377	0.051099	0.342102	0.000000	0.000939	0.000000	0.000000	0.000000	0.000483
316	0.605729	0.051299	0.341540	0.000000	0.000961	0.000000	0.000000	0.000000	0.000471
317	0.606386	0.051028	0.341162	0.000000	0.000956	0.000000	0.000000	0.000000	0.000468
318	0.606294	0.050860	0.341444	0.000000	0.000945	0.000000	0.000000	0.000000	0.000457
319	0.606717	0.050742	0.341114	0.000000	0.000970	0.000000	0.000000	0.000000	0.000457
320	0.606329	0.050911	0.341301	0.000000	0.000978	0.000000	0.000000	0.000000	0.000481
321	0.606368	0.050864	0.341319	0.000000	0.000982	0.000000	0.000000	0.000000	0.000467
322	0.606706	0.051069	0.340793	0.000000	0.000969	0.000000	0.000000	0.000000	0.000463
323	0.606394	0.050997	0.341227	0.000000	0.000932	0.000000	0.000000	0.000000	0.000450
324	0.606561	0.050830	0.341178	0.000000	0.000983	0.000000	0.000000	0.000000	0.000448
325	0.606917	0.050644	0.340959	0.000000	0.001019	0.000000	0.000000	0.000000	0.000461
326	0.607038	0.050723	0.340792	0.000000	0.001003	0.000000	0.000000	0.000000	0.000444
327	0.607092	0.050668	0.340771	0.000000	0.001000	0.000000	0.000000	0.000000	0.000469
328	0.607261	0.050888	0.340419	0.000000	0.000998	0.000000	0.000000	0.000000	0.000434
329	0.607143	0.051187	0.340244	0.000000	0.000971	0.000000	0.000000	0.000000	0.000455
330	0.607081	0.050874	0.340646	0.000000	0.000971	0.000000	0.000000	0.000000	0.000428
331	0.606676	0.050993	0.340931	0.000000	0.000955	0.000000	0.000000	0.000000	0.000445
332	0.606562	0.050882	0.341090	0.000000	0.000974	0.000000	0.000000	0.000000	0.000492
333	0.606465	0.050958	0.341116	0.000000	0.000971	0.000000	0.000000	0.000000	0.000490
334	0.606631	0.050937	0.341046	0.000000	0.000927	0.000000	0.000000	0.000000	0.000459
335	0.606861	0.051109	0.340640	0.000000	0.000918	0.000000	0.000000	0.000000	0.000472
336	0.607208	0.050934	0.340459	0.000000	0.000946	0.000000	0.000000	0.000000	0.000453
337	0.607818	0.050895	0.339897	0.000000	0.000911	0.000000	0.000000	0.000000	0.000479
338	0.607329	0.050971	0.340257	0.000000	0.000961	0.000000	0.000000	0.000000	0.000482
339	0.606809	0.050806	0.340924	0.000000	0.000961	0.000000	0.000000	0.000000	0.000500
340	0.606731	0.050996	0.340818	0.000000	0.000966	0.000000	0.000000	0.000000	0.000489
341	0.606671	0.050824	0.341075	0.000000	0.000977	0.000000	0.000000	0.000000	0.000453
342	0.606538	0.051204	0.340809	0.000000	0.000982	0.000000	0.000000	0.000000	0.000467
343	0.606725	0.051123	0.340683	0.000000	0.001016	0.000000	0.000000	0.000000	0.000453
344	0.606638	0.051068	0.340799	0.000000	0.001039	0.000000	0.000000	0.000000	0.000456
345	0.607375	0.050882	0.340277	0.000000	0.001020	0.000000	0.000000	0.000000	0.000446
346	0.607170	0.050801	0.340593	0.000000	0.001017	0.000000	0.000000	0.000000	0.000419
347	0.607728	0.050733	0.340127	0.000000	0.001003	0.000000	0.000000	0.000000	0.000409
348	0.607718	0.050442	0.340475	0.000000	0.000975	0.000000	0.000000	0.000000	0.000390
349	0.607038	0.050660	0.340928	0.000000	0.000980	0.000000	0.000000	0.000000	0.000394
350	0.606711	0.050608	0.341292	0.000000	0.000992	0.000000	0.000000	0.000000	0.000397
351	0.606154	0.050798	0.341672	0.000000	0.000991	0.000000	0.000000	0.000000	0.000385
352	0.606311	0.050980	0.341295	0.000000	0.001000	0.000000	0.000000	0.000000	0.000414
353	0.605880	0.050805	0.341875	0.000000	0.001016	0.000000	0.000000	0.000000	0.000424
354	0.605568	0.051008	0.342004	0.000000	0.000984	0.000000	0.000000	0.000000	0.000436
355	0.604906	0.051300	0.342343	0.000000	0.001024	0.000000	0.000000	0.000000	0.000427
356	0.604508	0.051368	0.342680	0.000000	0.001015	0.000000	0.000000	0.000000	0.000429
357	0.604717	0.051294	0.342574	0.000000	0.001010	0.000000	0.000000	0.000000	0.000405
358	0.604925	0.051365	0.342327	0.000000	0.000989	0.000000	0.000000	0.000000	0.000394
359	0.604592	0.051450	0.342540	0.000000	0.001008	0.000000	0.000000	0.000000	0.000410
360	0.604856	0.051516	0.342284	0.000000	0.000934	0.000000	0.000000	0.000000	0.000410
361	0.604580	0.051452	0.342653	0.000000	0.000919	0.000000	0.000000	0.000000	0.000396
362	0.604536	0.051451	0.342709	0.000000	0.000936	0.000000	0.000000	0.000000	0.000368
363	0.604218	0.051152	0.343338	0.000000	0.000929	0.000000	0.000000	0.000000	0.000363
364	0.603817	0.051234	0.343649	0.000000	0.000920	0.000000	0.000000	0.000000	0.000380
365	0.603626	0.051242	0.343836	0.000000	0.000945	0.000000	0.000000	0.000000	0.000351
366	0.604020	0.051268	0.343386	0.000000	0.000955	0.000000	0.000000	0.000000	0.000371
367	0.603985	0.050992	0.343731	0.000000	0.000932	0.000000	0.000000	0.000000	0.000360
368	0.604501	0.051275	0.342935	0.000000	0.000937	0.000000	0.000000	0.000000	0.000352
369	0.604355	0.051413	0.342995	0.000000	0.000888	0.000000	0.000000	0.000000	0.000349
370	0.604561	0.051412	0.342821	0.000000	0.000869	0.000000	0.000000	0.000000	0.000337
371	0.604957	0.051488	0.342351	0.000000	0.000865	0.000000	0.000000	0.000000	0.000339
372	0.604651	0.051625	0.342568	0.000000	0.000837	0.000000	0.000000	0.000000	0.000319
373	0.604727	0.051557	0.342509	0.000000	0.000865	0.000000	0.000000	0.000000	0.000342
374	0.605009	0.051388	0.342401	0.000000	0.000857	0.000000	0.000000	0.000000	0.000345
375	0.604987	0.051038	0.342776	0.000000	0.000859	0.000000	0.000000	0.000000	0.000340
376	0.605239	0.050731	0.342810	0.000000	0.000875	0.000000	0.000000	0.000000	0.000345
377	0.604756	0.050637	0.343375	0.000000	0.000884	0.000000	0.000000	0.000000	0.000348
378	0.604334	0.050811	0.343626	0.000000	0.000887	0.000000	0.000000	0.000000	0.000342
379	0.603972	0.050732	0.344067	0.000000	0.000898	0.000000	0.000000	0.000000	0.000331
380	0.603913	0.050738	0.344129	0.000000	0.000891	0.000000	0.000000	0.000000	0.000329
381	0.603851	0.050881	0.344072	0.000000	0.000872	0.000000	0.000000	0.000000	0.000324
382	0.603991	0.050959	0.343830	0.000000	0.000893	0.000000	0.000000	0.000000	0.000327
383	0.604170	0.050806	0.343828	0.000000	0.000878	0.000000	0.000000	0.000000	0.000318
384	0.603835	0.051003	0.343963	0.000000	0.000878	0.000000	0.000000	0.000000	0.000321
385	0.603664	0.050843	0.344339	0.000000	0.000840	0.000000	0.000000	0.000000	0.000314
386	0.603669	0.050796	0.344426	0.000000	0.000813	0.000000	0.000000	0.000000	0.000296
387	0.603474	0.050745	0.344644	0.000000	0.000843	0.000000	0.000000	0.000000	0.000294
388	0.603646	0.050605	0.344605	0.000000	0.000839	0.000000	0.000000	0.000000	0.000305
389	0.603318	0.050791	0.344776	0.000000	0.000833	0.000000	0.000000	0.000000	0.000282
390	0.603722	0.050688	0.344519	0.000000	0.000801	0.000000	0.000000	0.000000	0.000270
391	0.603065	0.050821	0.345048	0.000000	0.000796	0.000000	0.000000	0.000000	0.000270
392	0.602916	0.050677	0.345373	0.000000	0.000757	0.000000	0.000000	0.000000	0.000277
393	0.602716	0.050663	0.345609	0.000000	0.000764	0.000000	0.000000	0.000000	0.000248
394	0.602478	0.050751	0.345768	0.000000	0.000738	0.000000	0.000000	0.000000	0.000265
395	0.602852	0.051073	0.345071	0.000000	0.000755	0.000000	0.000000	0.000000	0.000249
396	0.602502	0.051131	0.345397	0.000000	0.000724	0.000000	0.000000	0.000000	0.000246
397	0.602567	0.050873	0.345559	0.000000	0.000755	0.000000	0.000000	0.000000	0.000246
398	0.602611	0.050829	0.345555	0.000000	0.000764	0.000000	0.000000	0.000000	0.000241
399	0.602276	0.050711	0.346053	0.000000	0.000731	0.000000	0.000000	0.000000	0.000229
400	0.602517	0.050831	0.345702	0.000000	0.000711	0.000000	0.000000	0.000000	0.000239
401	0.602098	0.050905	0.346061	0.000000	0.000708	0.000000	0.000000	0.000000	0.000228
402	0.602354	0.051226	0.345518	0.000000	0.000673	0.000000	0.000000	0.000000	0.000229
403	0.601946	0.051044	0.346122	0.000000	0.000665	0.000000	0.000000	0.000000	0.000223
404	0.601670	0.051043	0.346411	0.000000	0.000674	0.000000	0.000000	0.000000	0.000202
405	0.600984	0.051336	0.346789	0.000000	0.000681	0.000000	0.000000	0.000000	0.000210
406	0.600711	0.051285	0.347131	0.000000	0.000652	0.000000	0.000000	0.000000	0.000221
407	0.600764	0.051123	0.347243	0.000000	0.000658	0.000000	0.000000	0.000000	0.000212
408	0.600745	0.051124	0.347305	0.000000	0.000625	0.000000	0.000000	0.000000	0.000201
409	0.601176	0.051271	0.346707	0.000000	0.000639	0.000000	0.000000	0.000000	0.000207
410	0.600809	0.051253	0.347097	0.000000	0.000644	0.000000	0.000000	0.000000	0.000197
411	0.600864	0.051241	0.347028	0.000000	0.000667	0.000000	0.000000	0.000000	0.000200
412	0.600301	0.051347	0.347502	0.000000	0.000645	0.000000	0.000000	0.000000	0.000205
413	0.600532	0.051445	0.347178	0.000000	0.000627	0.000000	0.000000	0.000000	0.000218
414	0.600939	0.051490	0.346727	0.000000	0.000652	0.000000	0.000000	0.000000	0.000192
415	0.600762	0.051831	0.346572	0.000000	0.000669	0.000000	0.000000	0.000000	0.000166
416	0.600715	0.051769	0.346676	0.000000	0.000651	0.000000	0.000000	0.000000	0.000189
417	0.601129	0.051802	0.346227	0.000000	0.000658	0.000000	0.000000	0.000000	0.000184
418	0.601022	0.051779	0.346372	0.000000	0.000652	0.000000	0.000000	0.000000	0.000175
419	0.600892	0.051744	0.346547	0.000000	0.000652	0.000000	0.000000	0.000000	0.000165
420	0.601320	0.051864	0.346007	0.000000	0.000646	0.000000	0.000000	0.000000	0.000163
421	0.601589	0.052037	0.345604	0.000000	0.000611	0.000000	0.000000	0.000000	0.000159
422	0.601304	0.052185	0.345738	0.000000	0.000607	0.000000	0.000000	0.000000	0.000166
423	0.601144	0.052512	0.345553	0.000000	0.000628	0.000000	0.000000	0.000000	0.000163
424	0.600999	0.052693	0.345511	0.000000	0.000636	0.000000	0.000000	0.000000	0.000161
425	0.601563	0.052349	0.345319	0.000000	0.000610	0.000000	0.000000	0.000000	0.000159
426	0.602419	0.052193	0.344615	0.000000	0.000640	0.000000	0.000000	0.000000	0.000133
427	0.602085	0.052268	0.344868	0.000000	0.000637	0.000000	0.000000	0.000000	0.000142
428	0.601417	0.052422	0.345365	0.000000	0.000632	0.000000	0.000000	0.000000	0.000164
429	0.601738	0.052592	0.344895	0.000000	0.000617	0.000000	0.000000	0.000000	0.000158
430	0.601790	0.052504	0.344939	0.000000	0.000630	0.000000	0.000000	0.000000	0.000137
431	0.601185	0.052797	0.345263	0.000000	0.000619	0.000000	0.000000	0.000000	0.000136
432	0.601043	0.052700	0.345496	0.000000	0.000599	0.000000	0.000000	0.000000	0.000162
433	0.600904	0.052504	0.345831	0.000000	0.000599	0.000000	0.000000	0.000000	0.000162
434	0.601322	0.052420	0.345502	0.000000	0.000598	0.000000	0.000000	0.000000	0.000158
435	0.601039	0.052505	0.345730	0.000000	0.000568	0.000000	0.000000	0.000000	0.000158
436	0.601306	0.052578	0.345388	0.000000	0.000578	0.000000	0.000000	0.000000	0.000150
437	0.601353	0.052802	0.345138	0.000000	0.000569	0.000000	0.000000	0.000000	0.000138
438	0.600646	0.052773	0.345859	0.000000	0.000579	0.000000	0.000000	0.000000	0.000143
439	0.600491	0.052811	0.345975	0.000000	0.000568	0.000000	0.000000	0.000000	0.000155
440	0.600850	0.053010	0.345415	0.000000	0.000566	0.000000	0.000000	0.000000	0.000159
441	0.600592	0.053014	0.345685	0.000000	0.000561	0.000000	0.000000	0.000000	0.000148
442	0.600261	0.053334	0.345683	0.000000	0.000573	0.000000	0.000000	0.000000	0.000149
443	0.600454	0.053222	0.345615	0.000000	0.000547	0.000000	0.000000	0.000000	0.000162
444	0.600853	0.053288	0.345138	0.000000	0.000565	0.000000	0.000000	0.000000	0.000156
445	0.601006	0.053135	0.345130	0.000000	0.000563	0.000000	0.000000	0.000000	0.000166
446	0.600376	0.053314	0.345586	0.000000	0.000567	0.000000	0.000000	0.000000	0.000157
447	0.600242	0.053342	0.345698	0.000000	0.000548	0.000000	0.000000	0.000000	0.000170
448	0.601191	0.053195	0.344890	0.000000	0.000568	0.000000	0.000000	0.000000	0.000156
449	0.601092	0.053148	0.345042	0.000000	0.000546	0.000000	0.000000	0.000000	0.000172
450	0.601054	0.053192	0.345009	0.000000	0.000576	0.000000	0.000000	0.000000	0.000169
451	0.600889	0.053240	0.345162	0.000000	0.000553	0.000000	0.000000	0.000000	0.000156
452	0.600549	0.053459	0.345321	0.000000	0.000534	0.000000	0.000000	0.000000	0.000137
453	0.600676	0.053414	0.345228	0.000000	0.000554	0.000000	0.000000	0.000000	0.000128
454	0.600956	0.053452	0.344943	0.000000	0.000537	0.000000	0.000000	0.000000	0.000112
455	0.600915	0.053509	0.344950	0.000000	0.000512	0.000000	0.000000	0.000000	0.000114
456	0.600369	0.053776	0.345248	0.000000	0.000513	0.000000	0.000000	0.000000	0.000094
457	0.600548	0.054032	0.344810	0.000000	0.000511	0.000000	0.000000	0.000000	0.000099
458	0.600975	0.054019	0.344409	0.000000	0.000497	0.000000	0.000000	0.000000	0.000100
459	0.602132	0.053771	0.343495	0.000000	0.000496	0.000000	0.000000	0.000000	0.000106
460	0.602161	0.053754	0.343484	0.000000	0.000501	0.000000	0.000000	0.000000	0.000100
461	0.602479	0.053934	0.342974	0.000000	0.000494	0.000000	0.000000	0.000000	0.000119
462	0.602653	0.054014	0.342768	0.000000	0.000464	0.000000	0.000000	0.000000	0.000101
463	0.602475	0.053836	0.343141	0.000000	0.000451	0.000000	0.000000	0.000000	0.000097
464	0.602449	0.053822	0.343186	0.000000	0.000448	0.000000	0.000000	0.000000	0.000095
465	0.602335	0.053767	0.343381	0.000000	0.000415	0.000000	0.000000	0.000000	0.000102
466	0.602004	0.054062	0.343420	0.000000	0.000412	0.000000	0.000000	0.000000	0.000102
467	0.602295	0.053806	0.343357	0.000000	0.000421	0.000000	0.000000	0.000000	0.000121
468	0.602362	0.053583	0.343517	0.000000	0.000425	0.000000	0.000000	0.000000	0.000113
469	0.602004	0.053577	0.343882	0.000000	0.000425	0.000000	0.000000	0.000000	0.000112
470	0.602052	0.053637	0.343797	0.000000	0.000406	0.000000	0.000000	0.000000	0.000108
