0	0.290663	0.057897	0.229473	0.157588	0.029913	0.111872	0.085455	0.012259	0.024880
1	0.230767	0.047474	0.198035	0.146576	0.030277	0.125068	0.112888	0.021960	0.086955
2	0.228722	0.047231	0.195977	0.147073	0.031381	0.126502	0.109601	0.021553	0.091960
3	0.232789	0.047397	0.196066	0.148102	0.032818	0.126050	0.103501	0.020283	0.092994
4	0.237647	0.047441	0.196220	0.149869	0.034019	0.125223	0.096555	0.018892	0.094134
5	0.243949	0.047306	0.196248	0.151485	0.035528	0.123558	0.089820	0.017471	0.094635
6	0.249301	0.047196	0.196275	0.152793	0.036907	0.121966	0.083951	0.016162	0.095449
7	0.255246	0.047547	0.196000	0.153363	0.038317	0.120573	0.078641	0.014910	0.095403
8	0.260911	0.047630	0.195740	0.153828	0.039941	0.118839	0.073293	0.013787	0.096031
9	0.266668	0.047795	0.195334	0.155165	0.041330	0.116113	0.068189	0.012762	0.096644
10	0.271756	0.047505	0.195065	0.155881	0.042913	0.114387	0.063607	0.011897	0.096989
11	0.276693	0.047231	0.194554	0.156897	0.044367	0.112482	0.059184	0.010836	0.097756
12	0.281343	0.046889	0.193896	0.157493	0.046017	0.110971	0.054962	0.009956	0.098473
13	0.286686	0.046369	0.193451	0.158257	0.047731	0.108524	0.051435	0.009154	0.098393
14	0.291016	0.045850	0.193341	0.158155	0.049335	0.106847	0.048129	0.008599	0.098728
15	0.294499	0.045597	0.192654	0.158972	0.050845	0.104995	0.045191	0.008086	0.099161
16	0.298816	0.045133	0.191957	0.158792	0.052704	0.102844	0.042899	0.007623	0.099232
17	0.303110	0.044711	0.191458	0.158833	0.054240	0.100999	0.040025	0.006820	0.099804
18	0.306832	0.044364	0.190290	0.158800	0.056051	0.099723	0.037086	0.006343	0.100511
19	0.310878	0.043969	0.188798	0.159342	0.057543	0.098147	0.035265	0.005790	0.100268
20	0.314424	0.043497	0.188028	0.159007	0.059631	0.096149	0.033023	0.005392	0.100849
21	0.318144	0.042549	0.187281	0.158634	0.061870	0.094224	0.031026	0.004999	0.101273
22	0.322167	0.042367	0.185973	0.157867	0.063803	0.092399	0.028964	0.004673	0.101787
23	0.325774	0.041738	0.184873	0.157582	0.065696	0.090487	0.027214	0.004334	0.102302
24	0.329506	0.041177	0.183146	0.157138	0.067729	0.089104	0.025562	0.004177	0.102461
25	0.332802	0.040683	0.182094	0.156745	0.069839	0.087164	0.024253	0.003883	0.102537
26	0.336402	0.040021	0.180742	0.156344	0.071661	0.085906	0.022586	0.003588	0.102750
27	0.339761	0.039346	0.179092	0.155819	0.074284	0.084281	0.021258	0.003263	0.102896
28	0.342571	0.038804	0.177743	0.155445	0.076732	0.082745	0.020040	0.003100	0.102820
29	0.345920	0.038192	0.176200	0.154799	0.078905	0.080935	0.018932	0.002808	0.103309
30	0.348998	0.037826	0.174677	0.153934	0.080974	0.079304	0.017834	0.002577	0.103876
31	0.351561	0.037404	0.173693	0.153508	0.083108	0.078107	0.016676	0.002377	0.103566
32	0.354101	0.036866	0.172839	0.152873	0.085551	0.076621	0.015919	0.002247	0.102983
33	0.356755	0.036280	0.171303	0.152568	0.087649	0.075350	0.014908	0.001970	0.103217
34	0.358782	0.035571	0.170046	0.152362	0.090212	0.073887	0.013988	0.001870	0.103282
35	0.361724	0.035083	0.168637	0.151757	0.092411	0.072756	0.013009	0.001777	0.102846
36	0.364072	0.034749	0.166947	0.151209	0.095010	0.071182	0.012274	0.001567	0.102990
37	0.366602	0.034112	0.165235	0.150560	0.097591	0.069904	0.011601	0.001433	0.102962
38	0.368711	0.033726	0.163489	0.149875	0.100253	0.068905	0.011039	0.001331	0.102671
39	0.370342	0.033191	0.161998	0.149253	0.102959	0.068094	0.010282	0.001213	0.102668
40	0.372021	0.032634	0.161118	0.148680	0.105575	0.066850	0.009722	0.001086	0.102314
41	0.374175	0.031955	0.159349	0.148132	0.108675	0.065529	0.009155	0.001009	0.102021
42	0.375860	0.031437	0.157930	0.147109	0.111877	0.064356	0.008638	0.000960	0.101833
43	0.377311	0.030389	0.155932	0.147632	0.115187	0.063156	0.008129	0.000907	0.101357
44	0.378882	0.029903	0.154782	0.146902	0.118121	0.061927	0.007715	0.000860	0.100908
45	0.380321	0.029174	0.153497	0.146501	0.120996	0.061198	0.007339	0.000792	0.100182
46	0.382326	0.028506	0.151650	0.146176	0.124105	0.060029	0.006821	0.000754	0.099633
47	0.383452	0.027934	0.150403	0.145388	0.127659	0.059028	0.006479	0.000712	0.098945
48	0.384889	0.027478	0.148905	0.144726	0.130537	0.058330	0.005965	0.000654	0.098516
49	0.386367	0.027024	0.147226	0.144839	0.133472	0.057171	0.005667	0.000584	0.097650
50	0.387092	0.026536	0.146056	0.144262	0.137084	0.055925	0.005394	0.000515	0.097136
51	0.388659	0.025887	0.144870	0.143449	0.140113	0.055008	0.005098	0.000488	0.096428
52	0.389761	0.025369	0.143586	0.142834	0.143919	0.053825	0.004827	0.000451	0.095428
53	0.390648	0.024827	0.142129	0.142351	0.147586	0.052861	0.004407	0.000435	0.094756
54	0.391775	0.024481	0.140769	0.142202	0.151035	0.051949	0.004145	0.000376	0.093268
55	0.392638	0.023891	0.139293	0.141940	0.154617	0.051146	0.003854	0.000362	0.092259
56	0.393752	0.023229	0.137389	0.141286	0.158289	0.050297	0.003702	0.000317	0.091739
57	0.394622	0.022613	0.136243	0.140621	0.161910	0.049516	0.003407	0.000308	0.090760
58	0.395396	0.021984	0.134273	0.140396	0.165974	0.048588	0.003217	0.000289	0.089883
59	0.396191	0.021386	0.132756	0.140334	0.169881	0.047680	0.002900	0.000241	0.088631
60	0.396429	0.021089	0.131322	0.139808	0.173884	0.046779	0.002740	0.000230	0.087719
61	0.396952	0.020629	0.129671	0.139472	0.177572	0.046145	0.002620	0.000236	0.086703
62	0.397720	0.020151	0.128203	0.138665	0.181550	0.045790	0.002406	0.000193	0.085322
63	0.397465	0.019632	0.126220	0.138489	0.185909	0.045365	0.002281	0.000196	0.084443
64	0.398543	0.019200	0.124606	0.137894	0.190208	0.044328	0.002164	0.000189	0.082868
65	0.398450	0.018807	0.123569	0.137352	0.194423	0.043844	0.002032	0.000182	0.081341
66	0.398299	0.018431	0.121647	0.137705	0.198381	0.043327	0.001901	0.000176	0.080133
67	0.398489	0.018033	0.120261	0.137048	0.202490	0.042736	0.001731	0.000166	0.079046
68	0.398427	0.017514	0.118989	0.136513	0.207079	0.042045	0.001638	0.000162	0.077633
69	0.397738	0.017039	0.117484	0.136479	0.211555	0.041606	0.001585	0.000129	0.076385
70	0.397917	0.016556	0.116206	0.136098	0.215409	0.041172	0.001472	0.000128	0.075042
71	0.397559	0.016035	0.114849	0.135977	0.219676	0.040277	0.001365	0.000118	0.074144
72	0.396874	0.015728	0.113415	0.135513	0.224246	0.040168	0.001289	0.000108	0.072659
73	0.396502	0.015394	0.111545	0.135013	0.228677	0.040025	0.001244	0.000103	0.071497
74	0.395821	0.014997	0.110049	0.134892	0.233166	0.039380	0.001169	0.000104	0.070422
75	0.395153	0.014804	0.108286	0.134902	0.237684	0.038886	0.001073	0.000079	0.069133
76	0.394748	0.014667	0.106790	0.134613	0.242304	0.038222	0.000998	0.000078	0.067580
77	0.393672	0.014419	0.105215	0.134502	0.247157	0.037804	0.001039	0.000071	0.066121
78	0.392876	0.014115	0.103936	0.134687	0.251186	0.037403	0.000994	0.000060	0.064743
79	0.391588	0.013832	0.102286	0.134688	0.256528	0.036959	0.000957	0.000052	0.063110
80	0.391239	0.013573	0.100780	0.134206	0.261443	0.036448	0.000891	0.000043	0.061377
81	0.389762	0.013029	0.099443	0.133884	0.266349	0.036310	0.000852	0.000043	0.060328
82	0.389205	0.012589	0.097946	0.133700	0.271036	0.035943	0.000827	0.000033	0.058721
83	0.387342	0.012390	0.096647	0.133940	0.276217	0.035640	0.000760	0.000028	0.057036
84	0.385634	0.012103	0.095420	0.133983	0.280691	0.035651	0.000752	0.000025	0.055741
85	0.383830	0.011923	0.094363	0.133506	0.285997	0.035458	0.000649	0.000011	0.054263
86	0.382502	0.011466	0.092932	0.133525	0.291287	0.035013	0.000588	0.000014	0.052673
87	0.380923	0.011333	0.091347	0.133682	0.296223	0.034718	0.000539	0.000017	0.051218
88	0.379119	0.010934	0.090152	0.134019	0.300912	0.034323	0.000480	0.000023	0.050038
89	0.377056	0.010683	0.088882	0.134381	0.305448	0.034160	0.000454	0.000023	0.048913
90	0.375470	0.010418	0.087330	0.134412	0.310621	0.033782	0.000412	0.000013	0.047542
91	0.372982	0.010062	0.085997	0.133759	0.317086	0.033624	0.000352	0.000013	0.046125
92	0.370496	0.009827	0.084812	0.134317	0.322083	0.033459	0.000328	0.000018	0.044660
93	0.368301	0.009537	0.083571	0.133884	0.327730	0.033232	0.000289	0.000015	0.043441
94	0.365888	0.009294	0.082553	0.133803	0.333101	0.033029	0.000246	0.000016	0.042070
95	0.362967	0.009010	0.081578	0.134052	0.338645	0.032802	0.000240	0.000011	0.040695
96	0.361083	0.008770	0.080242	0.134420	0.343523	0.032353	0.000209	0.000016	0.039384
97	0.358662	0.008502	0.079120	0.134799	0.348366	0.032199	0.000187	0.000013	0.038152
98	0.356420	0.008165	0.077414	0.135090	0.353463	0.032308	0.000163	0.000019	0.036958
99	0.354460	0.007920	0.076291	0.135148	0.358703	0.031776	0.000144	0.000023	0.035535
100	0.351675	0.007732	0.075259	0.134732	0.364117	0.031894	0.000146	0.000015	0.034430
101	0.348785	0.007555	0.073973	0.134719	0.369463	0.031911	0.000146	0.000010	0.033438
102	0.346380	0.007216	0.072925	0.134612	0.374806	0.031654	0.000123	0.000005	0.032279
103	0.344281	0.007122	0.071513	0.134635	0.379831	0.031579	0.000111	0.000005	0.030923
104	0.341608	0.006852	0.070087	0.134732	0.385437	0.031478	0.000092	0.000005	0.029709
105	0.338818	0.006717	0.069002	0.134604	0.390851	0.031457	0.000080	0.000005	0.028466
106	0.335431	0.006664	0.067888	0.134448	0.396585	0.031398	0.000066	0.000004	0.027516
107	0.331686	0.006424	0.066968	0.134742	0.402229	0.031294	0.000044	0.000004	0.026609
108	0.329172	0.006233	0.065984	0.134560	0.407186	0.031243	0.000042	0.000006	0.025574
109	0.325868	0.006080	0.064580	0.134646	0.413061	0.031045	0.000029	0.000006	0.024685
110	0.322884	0.005981	0.063485	0.134238	0.418766	0.031036	0.000029	0.000008	0.023573
111	0.319548	0.005854	0.062313	0.134379	0.424366	0.030908	0.000025	0.000010	0.022597
112	0.316239	0.005725	0.060850	0.134542	0.429588	0.030967	0.000018	0.000006	0.022065
113	0.312890	0.005593	0.059912	0.134487	0.435299	0.030584	0.000014	0.000005	0.021216
114	0.309410	0.005426	0.058966	0.134501	0.440776	0.030585	0.000013	0.000003	0.020320
115	0.305796	0.005240	0.057694	0.134686	0.446366	0.030597	0.000016	0.000002	0.019603
116	0.301909	0.005104	0.056940	0.135519	0.451431	0.030467	0.000014	0.000001	0.018615
117	0.298512	0.005007	0.055809	0.135642	0.456725	0.030419	0.000010	0.000001	0.017875
118	0.294925	0.004815	0.054711	0.136389	0.461736	0.030173	0.000010	0.000000	0.017241
119	0.291586	0.004665	0.053488	0.136148	0.467741	0.029985	0.000005	0.000000	0.016382
120	0.287843	0.004578	0.052403	0.136799	0.472335	0.030275	0.000005	0.000000	0.015762
121	0.284156	0.004429	0.051142	0.136460	0.478591	0.030145	0.000004	0.000000	0.015073
122	0.280385	0.004387	0.050346	0.136799	0.483799	0.029963	0.000008	0.000000	0.014313
123	0.276798	0.004306	0.049082	0.137084	0.489259	0.029830	0.000010	0.000000	0.013631
124	0.272587	0.004078	0.048258	0.137700	0.494293	0.029920	0.000008	0.000000	0.013156
125	0.268874	0.003900	0.047559	0.137972	0.499442	0.029850	0.000006	0.000000	0.012397
126	0.265241	0.003787	0.046592	0.137887	0.504979	0.029643	0.000003	0.000000	0.011868
127	0.261301	0.003683	0.045918	0.137898	0.510490	0.029414	0.000008	0.000000	0.011288
128	0.257170	0.003687	0.045001	0.138727	0.515565	0.029141	0.000001	0.000000	0.010708
129	0.253491	0.003615	0.043916	0.138967	0.520341	0.029286	0.000002	0.000000	0.010382
130	0.250017	0.003478	0.042555	0.139256	0.525677	0.029083	0.000001	0.000000	0.009933
131	0.246019	0.003319	0.041577	0.139520	0.530926	0.029026	0.000001	0.000000	0.009612
132	0.242208	0.003112	0.040667	0.139881	0.536010	0.028910	0.000000	0.000000	0.009212
133	0.238293	0.002936	0.040023	0.140154	0.540901	0.028899	0.000000	0.000000	0.008794
134	0.234185	0.002813	0.039292	0.140474	0.545994	0.028885	0.000000	0.000000	0.008357
135	0.230370	0.002737	0.038493	0.140615	0.551022	0.028718	0.000000	0.000000	0.008045
136	0.226327	0.002577	0.037757	0.140769	0.556117	0.028763	0.000000	0.000000	0.007690
137	0.222181	0.002456	0.037182	0.140826	0.561157	0.028840	0.000000	0.000000	0.007358
138	0.218793	0.002331	0.036230	0.141609	0.565037	0.028879	0.000000	0.000000	0.007121
139	0.214646	0.002160	0.035464	0.141857	0.570190	0.028842	0.000000	0.000000	0.006841
140	0.210667	0.002123	0.034614	0.141636	0.575797	0.028723	0.000000	0.000000	0.006440
141	0.207054	0.002008	0.034032	0.141960	0.579944	0.028861	0.000000	0.000000	0.006141
142	0.203535	0.001990	0.033146	0.141745	0.584791	0.028804	0.000000	0.000000	0.005989
143	0.199692	0.001906	0.032358	0.142247	0.589392	0.028730	0.000000	0.000000	0.005675
144	0.195731	0.001816	0.031571	0.141904	0.594746	0.028835	0.000000	0.000000	0.005397
145	0.192109	0.001760	0.030813	0.141968	0.599005	0.029144	0.000000	0.000000	0.005201
146	0.188530	0.001725	0.030196	0.142439	0.603263	0.028970	0.000000	0.000000	0.004877
147	0.185041	0.001751	0.029465	0.142307	0.608001	0.028810	0.000000	0.000000	0.004625
148	0.181793	0.001685	0.028721	0.143052	0.611843	0.028447	0.000000	0.000000	0.004459
149	0.177952	0.001582	0.028115	0.142779	0.617031	0.028273	0.000000	0.000000	0.004268
150	0.174199	0.001501	0.027544	0.142939	0.621674	0.028121	0.000000	0.000000	0.004022
151	0.170306	0.001442	0.026905	0.143431	0.625898	0.028212	0.000000	0.000000	0.003806
152	0.166896	0.001409	0.026300	0.143584	0.629744	0.028421	0.000000	0.000000	0.003646
153	0.163603	0.001328	0.025659	0.143834	0.633659	0.028392	0.000000	0.000000	0.003525
154	0.159968	0.001246	0.025250	0.143578	0.638027	0.028546	0.000000	0.000000	0.003385
155	0.156620	0.001179	0.024615	0.143898	0.641717	0.028672	0.000000	0.000000	0.003299
156	0.153163	0.001132	0.023850	0.144648	0.645550	0.028521	0.000000	0.000000	0.003136
157	0.149679	0.001083	0.023237	0.145234	0.649421	0.028416	0.000000	0.000000	0.002930
158	0.146698	0.001041	0.022504	0.145490	0.653226	0.028217	0.000000	0.000000	0.002824
159	0.143324	0.000960	0.021870	0.145786	0.657039	0.028356	0.000000	0.000000	0.002665
160	0.140130	0.000950	0.021245	0.146265	0.660381	0.028475	0.000000	0.000000	0.002554
161	0.136821	0.000941	0.020787	0.146207	0.664250	0.028604	0.000000	0.000000	0.002390
162	0.134072	0.000880	0.020210	0.146423	0.667401	0.028729	0.000000	0.000000	0.002285
163	0.130908	0.000878	0.019661	0.146455	0.671114	0.028725	0.000000	0.000000	0.002259
164	0.127688	0.000885	0.019273	0.146790	0.674283	0.028970	0.000000	0.000000	0.002111
165	0.124575	0.000873	0.018881	0.147178	0.677848	0.028642	0.000000	0.000000	0.002003
166	0.121665	0.000846	0.018341	0.147406	0.681109	0.028703	0.000000	0.000000	0.001930
167	0.118776	0.000789	0.017914	0.147739	0.684211	0.028735	0.000000	0.000000	0.001836
168	0.115909	0.000742	0.017478	0.147950	0.687397	0.028799	0.000000	0.000000	0.001725
169	0.113357	0.000733	0.016980	0.148291	0.690385	0.028576	0.000000	0.000000	0.001678
170	0.110571	0.000671	0.016337	0.148445	0.693781	0.028566	0.000000	0.000000	0.001629
171	0.107984	0.000656	0.015818	0.148265	0.697043	0.028686	0.000000	0.000000	0.001548
172	0.105138	0.000621	0.015505	0.148230	0.700334	0.028719	0.000000	0.000000	0.001453
173	0.102333	0.000585	0.014976	0.149024	0.703005	0.028663	0.000000	0.000000	0.001414
174	0.099695	0.000582	0.014823	0.149304	0.705646	0.028634	0.000000	0.000000	0.001316
175	0.097003	0.000521	0.014545	0.149320	0.708691	0.028619	0.000000	0.000000	0.001301
176	0.094489	0.000539	0.014050	0.149668	0.711535	0.028505	0.000000	0.000000	0.001214
177	0.092129	0.000512	0.013681	0.149701	0.714141	0.028709	0.000000	0.000000	0.001127
178	0.089914	0.000495	0.013322	0.149337	0.717218	0.028685	0.000000	0.000000	0.001029
179	0.087766	0.000478	0.012979	0.149223	0.719895	0.028651	0.000000	0.000000	0.001008
180	0.085233	0.000440	0.012593	0.149559	0.722557	0.028667	0.000000	0.000000	0.000951
181	0.082895	0.000451	0.012270	0.149663	0.724935	0.028892	0.000000	0.000000	0.000894
182	0.080298	0.000400	0.012035	0.149778	0.727927	0.028664	0.000000	0.000000	0.000898
183	0.078277	0.000405	0.011798	0.149901	0.730106	0.028667	0.000000	0.000000	0.000846
184	0.076091	0.000396	0.011375	0.150018	0.732757	0.028590	0.000000	0.000000	0.000773
185	0.073787	0.000395	0.011007	0.150638	0.734829	0.028581	0.000000	0.000000	0.000763
186	0.071670	0.000360	0.010666	0.150851	0.737049	0.028676	0.000000	0.000000	0.000728
187	0.069317	0.000332	0.010296	0.150976	0.739805	0.028559	0.000000	0.000000	0.000715
188	0.067434	0.000325	0.009962	0.150851	0.742186	0.028593	0.000000	0.000000	0.000649
189	0.065525	0.000311	0.009515	0.151086	0.744382	0.028561	0.000000	0.000000	0.000620
190	0.063534	0.000308	0.009192	0.151128	0.746781	0.028474	0.000000	0.000000	0.000583
191	0.061881	0.000297	0.008922	0.151063	0.748685	0.028594	0.000000	0.000000	0.000558
192	0.059750	0.000280	0.008696	0.150793	0.751337	0.028617	0.000000	0.000000	0.000527
193	0.058068	0.000267	0.008439	0.150687	0.753323	0.028697	0.000000	0.000000	0.000519
194	0.056300	0.000249	0.008198	0.150881	0.755301	0.028581	0.000000	0.000000	0.000490
195	0.054752	0.000241	0.008009	0.150676	0.757293	0.028594	0.000000	0.000000	0.000435
196	0.052914	0.000246	0.007732	0.150684	0.759143	0.028863	0.000000	0.000000	0.000418
197	0.051247	0.000240	0.007537	0.150448	0.761459	0.028672	0.000000	0.000000	0.000397
198	0.049441	0.000239	0.007338	0.150382	0.763400	0.028818	0.000000	0.000000	0.000382
199	0.047968	0.000216	0.007085	0.151184	0.764348	0.028843	0.000000	0.000000	0.000356
200	0.046379	0.000210	0.006826	0.150747	0.766553	0.028955	0.000000	0.000000	0.000330
201	0.044868	0.000186	0.006567	0.150808	0.768523	0.028726	0.000000	0.000000	0.000322
202	0.043591	0.000164	0.006339	0.150516	0.770138	0.028952	0.000000	0.000000	0.000300
203	0.042310	0.000144	0.006155	0.150490	0.771723	0.028897	0.000000	0.000000	0.000281
204	0.041111	0.000140	0.005858	0.151217	0.772323	0.029095	0.000000	0.000000	0.000256
205	0.039665	0.000149	0.005642	0.150772	0.774424	0.029109	0.000000	0.000000	0.000239
206	0.038408	0.000138	0.005468	0.150869	0.775806	0.029073	0.000000	0.000000	0.000238
207	0.037222	0.000135	0.005261	0.151094	0.777222	0.028840	0.000000	0.000000	0.000226
208	0.035819	0.000139	0.005096	0.151236	0.778655	0.028844	0.000000	0.000000	0.000211
209	0.034529	0.000130	0.004927	0.151596	0.779646	0.028963	0.000000	0.000000	0.000209
210	0.033104	0.000111	0.004791	0.151375	0.781423	0.028992	0.000000	0.000000	0.000204
211	0.031834	0.000122	0.004552	0.151274	0.782897	0.029126	0.000000	0.000000	0.000195
212	0.030723	0.000106	0.004453	0.151445	0.783955	0.029144	0.000000	0.000000	0.000174
213	0.029833	0.000095	0.004345	0.150798	0.785457	0.029308	0.000000	0.000000	0.000164
214	0.028640	0.000094	0.004139	0.150924	0.786880	0.029167	0.000000	0.000000	0.000156
215	0.027640	0.000101	0.003989	0.151103	0.787694	0.029333	0.000000	0.000000	0.000140
216	0.026573	0.000106	0.003847	0.150891	0.788798	0.029662	0.000000	0.000000	0.000123
217	0.025710	0.000092	0.003755	0.150746	0.789872	0.029697	0.000000	0.000000	0.000128
218	0.024835	0.000059	0.003629	0.150411	0.791072	0.029862	0.000000	0.000000	0.000132
219	0.024012	0.000057	0.003505	0.150382	0.792124	0.029796	0.000000	0.000000	0.000124
220	0.022939	0.000049	0.003402	0.150644	0.792916	0.029937	0.000000	0.000000	0.000113
221	0.022036	0.000047	0.003300	0.150778	0.793818	0.029916	0.000000	0.000000	0.000105
222	0.021336	0.000044	0.003159	0.150595	0.794514	0.030231	0.000000	0.000000	0.000121
223	0.020532	0.000041	0.002994	0.151026	0.795242	0.030045	0.000000	0.000000	0.000120
224	0.019766	0.000042	0.002871	0.150163	0.796916	0.030136	0.000000	0.000000	0.000106
225	0.018981	0.000035	0.002731	0.149828	0.798171	0.030151	0.000000	0.000000	0.000103
226	0.018157	0.000029	0.002698	0.150266	0.798580	0.030176	0.000000	0.000000	0.000094
227	0.017352	0.000024	0.002642	0.149995	0.799701	0.030194	0.000000	0.000000	0.000092
228	0.016701	0.000025	0.002499	0.150361	0.800165	0.030181	0.000000	0.000000	0.000068
229	0.015911	0.000024	0.002406	0.151285	0.800360	0.029948	0.000000	0.000000	0.000066
230	0.015370	0.000025	0.002297	0.150886	0.801123	0.030233	0.000000	0.000000	0.000066
231	0.014662	0.000028	0.002236	0.151077	0.801745	0.030190	0.000000	0.000000	0.000062
232	0.014146	0.000023	0.002127	0.151099	0.802378	0.030181	0.000000	0.000000	0.000046
233	0.013601	0.000018	0.001958	0.151187	0.803084	0.030097	0.000000	0.000000	0.000055
234	0.013157	0.000016	0.001867	0.150905	0.803965	0.030042	0.000000	0.000000	0.000048
235	0.012552	0.000013	0.001732	0.150779	0.804786	0.030104	0.000000	0.000000	0.000034
236	0.011935	0.000016	0.001631	0.151867	0.804478	0.030038	0.000000	0.000000	0.000035
237	0.011415	0.000012	0.001553	0.151902	0.804944	0.030145	0.000000	0.000000	0.000029
238	0.010955	0.000006	0.001518	0.151858	0.805765	0.029878	0.000000	0.000000	0.000020
239	0.010436	0.000003	0.001401	0.152275	0.806028	0.029832	0.000000	0.000000	0.000025
240	0.010055	0.000004	0.001366	0.152339	0.806311	0.029900	0.000000	0.000000	0.000025
241	0.009615	0.000003	0.001297	0.152477	0.806749	0.029834	0.000000	0.000000	0.000025
242	0.009244	0.000003	0.001308	0.152333	0.807454	0.029633	0.000000	0.000000	0.000025
243	0.008897	0.000003	0.001239	0.152702	0.807594	0.029547	0.000000	0.000000	0.000018
244	0.008519	0.000003	0.001159	0.152739	0.807779	0.029785	0.000000	0.000000	0.000016
245	0.008136	0.000003	0.001145	0.152999	0.808022	0.029688	0.000000	0.000000	0.000007
246	0.007810	0.000002	0.001063	0.152605	0.808762	0.029749	0.000000	0.000000	0.000009
247	0.007544	0.000003	0.001035	0.152844	0.808988	0.029580	0.000000	0.000000	0.000006
248	0.007240	0.000003	0.000990	0.153114	0.808935	0.029707	0.000000	0.000000	0.000011
249	0.006989	0.000003	0.000945	0.153435	0.808909	0.029716	0.000000	0.000000	0.000003
250	0.006663	0.000006	0.000856	0.153416	0.809504	0.029549	0.000000	0.000000	0.000006
251	0.006363	0.000010	0.000810	0.153538	0.809626	0.029650	0.000000	0.000000	0.000003
252	0.006139	0.000008	0.000769	0.153152	0.810485	0.029445	0.000000	0.000000	0.000002
253	0.005894	0.000010	0.000725	0.152753	0.811223	0.029394	0.000000	0.000000	0.000001
254	0.005566	0.000005	0.000668	0.152700	0.811664	0.029396	0.000000	0.000000	0.000001
255	0.005301	0.000007	0.000633	0.152762	0.811876	0.029421	0.000000	0.000000	0.000000
256	0.005120	0.000004	0.000636	0.152515	0.812213	0.029511	0.000000	0.000000	0.000001
257	0.004927	0.000005	0.000607	0.152171	0.812729	0.029560	0.000000	0.000000	0.000001
258	0.004649	0.000003	0.000591	0.152622	0.812469	0.029665	0.000000	0.000000	0.000001
259	0.004501	0.000001	0.000546	0.152741	0.812577	0.029634	0.000000	0.000000	0.000000
260	0.004283	0.000000	0.000547	0.152416	0.813079	0.029675	0.000000	0.000000	0.000000
261	0.004077	0.000000	0.000536	0.152696	0.812895	0.029794	0.000000	0.000000	0.000002
262	0.003902	0.000000	0.000506	0.152638	0.813188	0.029766	0.000000	0.000000	0.000000
263	0.003675	0.000000	0.000492	0.152709	0.813114	0.030010	0.000000	0.000000	0.000000
264	0.003488	0.000000	0.000447	0.152636	0.813364	0.030065	0.000000	0.000000	0.000000
265	0.003346	0.000000	0.000430	0.152829	0.813338	0.030057	0.000000	0.000000	0.000000
266	0.003236	0.000000	0.000403	0.152628	0.813908	0.029825	0.000000	0.000000	0.000000
267	0.003113	0.000000	0.000394	0.152784	0.813800	0.029909	0.000000	0.000000	0.000000
268	0.003033	0.000000	0.000382	0.152636	0.814144	0.029805	0.000000	0.000000	0.000000
269	0.002927	0.000000	0.000398	0.152542	0.814074	0.030059	0.000000	0.000000	0.000000
270	0.002865	0.000000	0.000388	0.152531	0.814152	0.030064	0.000000	0.000000	0.000000
271	0.002837	0.000000	0.000359	0.152695	0.813887	0.030222	0.000000	0.000000	0.000000
272	0.002761	0.000000	0.000333	0.152557	0.814070	0.030279	0.000000	0.000000	0.000000
273	0.002682	0.000000	0.000329	0.152815	0.813968	0.030206	0.000000	0.000000	0.000000
274	0.002593	0.000000	0.000328	0.152939	0.813852	0.030288	0.000000	0.000000	0.000000
275	0.002562	0.000000	0.000317	0.152988	0.814127	0.030006	0.000000	0.000000	0.000000
276	0.002486	0.000000	0.000297	0.152693	0.814638	0.029886	0.000000	0.000000	0.000000
277	0.002382	0.000000	0.000306	0.153497	0.813853	0.029962	0.000000	0.000000	0.000000
278	0.002280	0.000000	0.000325	0.153370	0.814015	0.030010	0.000000	0.000000	0.000000
279	0.002225	0.000000	0.000281	0.153386	0.814256	0.029852	0.000000	0.000000	0.000000
280	0.002126	0.000000	0.000265	0.152778	0.814971	0.029860	0.000000	0.000000	0.000000
281	0.002095	0.000000	0.000241	0.152557	0.815287	0.029820	0.000000	0.000000	0.000000
282	0.002046	0.000000	0.000232	0.152920	0.814893	0.029909	0.000000	0.000000	0.000000
283	0.002015	0.000000	0.000214	0.153258	0.814813	0.029700	0.000000	0.000000	0.000000
284	0.001963	0.000000	0.000213	0.152993	0.814946	0.029885	0.000000	0.000000	0.000000
285	0.001903	0.000000	0.000199	0.152884	0.815043	0.029971	0.000000	0.000000	0.000000
286	0.001800	0.000000	0.000206	0.152633	0.815407	0.029954	0.000000	0.000000	0.000000
287	0.001744	0.000000	0.000205	0.152610	0.815560	0.029881	0.000000	0.000000	0.000000
288	0.001691	0.000000	0.000195	0.152594	0.815745	0.029775	0.000000	0.000000	0.000000
289	0.001692	0.000000	0.000178	0.152974	0.815364	0.029792	0.000000	0.000000	0.000000
290	0.001586	0.000000	0.000171	0.152699	0.815672	0.029872	0.000000	0.000000	0.000000
291	0.001527	0.000000	0.000178	0.152702	0.815912	0.029681	0.000000	0.000000	0.000000
292	0.001482	0.000000	0.000180	0.152750	0.815908	0.029680	0.000000	0.000000	0.000000
293	0.001422	0.000000	0.000181	0.152903	0.815856	0.029638	0.000000	0.000000	0.000000
294	0.001334	0.000000	0.000174	0.152711	0.815763	0.030018	0.000000	0.000000	0.000000
295	0.001320	0.000000	0.000183	0.152705	0.815885	0.029907	0.000000	0.000000	0.000000
296	0.001280	0.000000	0.000184	0.152952	0.815868	0.029716	0.000000	0.000000	0.000000
297	0.001256	0.000000	0.000197	0.152790	0.816173	0.029584	0.000000	0.000000	0.000000
298	0.001236	0.000000	0.000190	0.152883	0.816080	0.029611	0.000000	0.000000	0.000000
299	0.001170	0.000000	0.000179	0.152768	0.816367	0.029516	0.000000	0.000000	0.000000
300	0.001114	0.000000	0.000180	0.152115	0.816867	0.029724	0.000000	0.000000	0.000000
301	0.001074	0.000000	0.000172	0.151807	0.817088	0.029859	0.000000	0.000000	0.000000
302	0.001066	0.000000	0.000144	0.151933	0.817130	0.029727	0.000000	0.000000	0.000000
303	0.001023	0.000000	0.000141	0.151807	0.817403	0.029626	0.000000	0.000000	0.000000
304	0.000913	0.000000	0.000155	0.152034	0.817282	0.029616	0.000000	0.000000	0.000000
305	0.000918	0.000000	0.000140	0.152663	0.816658	0.029621	0.000000	0.000000	0.000000
306	0.000873	0.000000	0.000149	0.152509	0.816996	0.029473	0.000000	0.000000	0.000000
307	0.000800	0.000000	0.000134	0.152059	0.817484	0.029523	0.000000	0.000000	0.000000
308	0.000800	0.000000	0.000139	0.152062	0.817480	0.029519	0.000000	0.000000	0.000000
309	0.000773	0.000000	0.000124	0.152221	0.817303	0.029579	0.000000	0.000000	0.000000
310	0.000779	0.000000	0.000132	0.152568	0.816977	0.029544	0.000000	0.000000	0.000000
311	0.000774	0.000000	0.000124	0.152269	0.817404	0.029429	0.000000	0.000000	0.000000
312	0.000773	0.000000	0.000123	0.152038	0.817595	0.029471	0.000000	0.000000	0.000000
313	0.000756	0.000000	0.000115	0.152029	0.817549	0.029551	0.000000	0.000000	0.000000
314	0.000767	0.000000	0.000123	0.152138	0.817399	0.029573	0.000000	0.000000	0.000000
315	0.000761	0.000000	0.000125	0.152097	0.817393	0.029624	0.000000	0.000000	0.000000
316	0.000756	0.000000	0.000121	0.152516	0.816822	0.029785	0.000000	0.000000	0.000000
317	0.000713	0.000000	0.000116	0.152578	0.816690	0.029903	0.000000	0.000000	0.000000
318	0.000733	0.000000	0.000128	0.152513	0.816778	0.029848	0.000000	0.000000	0.000000
319	0.000706	0.000000	0.000127	0.152419	0.816961	0.029787	0.000000	0.000000	0.000000
320	0.000686	0.000000	0.000138	0.152263	0.816955	0.029958	0.000000	0.000000	0.000000
321	0.000669	0.000000	0.000136	0.152144	0.817081	0.029970	0.000000	0.000000	0.000000
322	0.000645	0.000000	0.000129	0.152095	0.817101	0.030030	0.000000	0.000000	0.000000
323	0.000630	0.000000	0.000135	0.152089	0.817086	0.030060	0.000000	0.000000	0.000000
324	0.000645	0.000000	0.000141	0.152215	0.817022	0.029977	0.000000	0.000000	0.000000
325	0.000622	0.000000	0.000138	0.152152	0.817080	0.030008	0.000000	0.000000	0.000000
326	0.000614	0.000000	0.000138	0.152201	0.816863	0.030184	0.000000	0.000000	0.000000
327	0.000603	0.000000	0.000123	0.152439	0.816826	0.030009	0.000000	0.000000	0.000000
328	0.000614	0.000000	0.000107	0.152280	0.817016	0.029983	0.000000	0.000000	0.000000
329	0.000623	0.000000	0.000104	0.152068	0.817061	0.030144	0.000000	0.000000	0.000000
330	0.000602	0.000000	0.000107	0.152757	0.816341	0.030193	0.000000	0.000000	0.000000
331	0.000580	0.000000	0.000097	0.152950	0.816043	0.030330	0.000000	0.000000	0.000000
332	0.000544	0.000000	0.000098	0.152910	0.816090	0.030358	0.000000	0.000000	0.000000
333	0.000536	0.000000	0.000087	0.152723	0.816102	0.030552	0.000000	0.000000	0.000000
334	0.000525	0.000000	0.000094	0.153039	0.815620	0.030722	0.000000	0.000000	0.000000
335	0.000518	0.000000	0.000084	0.153314	0.815531	0.030553	0.000000	0.000000	0.000000
336	0.000525	0.000000	0.000089	0.153242	0.815652	0.030492	0.000000	0.000000	0.000000
337	0.000507	0.000000	0.000088	0.153148	0.815650	0.030607	0.000000	0.000000	0.000000
338	0.000509	0.000000	0.000093	0.153363	0.815551	0.030484	0.000000	0.000000	0.000000
339	0.000507	0.000000	0.000078	0.153362	0.815340	0.030713	0.000000	0.000000	0.000000
340	0.000529	0.000000	0.000083	0.153772	0.815285	0.030331	0.000000	0.000000	0.000000
341	0.000524	0.000000	0.000092	0.153332	0.815522	0.030530	0.000000	0.000000	0.000000
342	0.000517	0.000000	0.000081	0.153454	0.815308	0.030640	0.000000	0.000000	0.000000
343	0.000499	0.000000	0.000071	0.153147	0.815887	0.030396	0.000000	0.000000	0.000000
344	0.000479	0.000000	0.000071	0.153288	0.815880	0.030282	0.000000	0.000000	0.000000
345	0.000474	0.000000	0.000075	0.153162	0.816179	0.030110	0.000000	0.000000	0.000000
346	0.000488	0.000000	0.000065	0.153296	0.816122	0.030029	0.000000	0.000000	0.000000
347	0.000461	0.000000	0.000064	0.152891	0.816584	0.030000	0.000000	0.000000	0.000000
348	0.000449	0.000000	0.000065	0.152708	0.816704	0.030074	0.000000	0.000000	0.000000
349	0.000452	0.000000	0.000057	0.152938	0.816370	0.030183	0.000000	0.000000	0.000000
350	0.000436	0.000000	0.000046	0.152732	0.816741	0.030045	0.000000	0.000000	0.000000
351	0.000438	0.000000	0.000036	0.152866	0.816507	0.030153	0.000000	0.000000	0.000000
352	0.000439	0.000000	0.000037	0.152746	0.816717	0.030061	0.000000	0.000000	0.000000
353	0.000452	0.000000	0.000038	0.153008	0.816539	0.029963	0.000000	0.000000	0.000000
354	0.000468	0.000000	0.000041	0.153157	0.816366	0.029968	0.000000	0.000000	0.000000
355	0.000446	0.000000	0.000034	0.153066	0.816504	0.029950	0.000000	0.000000	0.000000
356	0.000453	0.000000	0.000029	0.153024	0.816331	0.030163	0.000000	0.000000	0.000000
357	0.000408	0.000000	0.000034	0.153362	0.815923	0.030273	0.000000	0.000000	0.000000
358	0.000389	0.000000	0.000041	0.153124	0.816205	0.030241	0.000000	0.000000	0.000000
359	0.000395	0.000000	0.000038	0.152781	0.816481	0.030305	0.000000	0.000000	0.000000
360	0.000388	0.000000	0.000040	0.153015	0.816299	0.030258	0.000000	0.000000	0.000000
361	0.000388	0.000000	0.000044	0.152895	0.816576	0.030097	0.000000	0.000000	0.000000
362	0.000396	0.000000	0.000044	0.152567	0.816969	0.030024	0.000000	0.000000	0.000000
363	0.000388	0.000000	0.000041	0.152610	0.816789	0.030172	0.000000	0.000000	0.000000
364	0.000394	0.000000	0.000043	0.153352	0.816108	0.030103	0.000000	0.000000	0.000000
365	0.000381	0.000000	0.000049	0.153182	0.815930	0.030458	0.000000	0.000000	0.000000
366	0.000379	0.000000	0.000038	0.152782	0.816443	0.030358	0.000000	0.000000	0.000000
367	0.000359	0.000000	0.000042	0.153007	0.816133	0.030459	0.000000	0.000000	0.000000
368	0.000334	0.000000	0.000046	0.152743	0.816533	0.030344	0.000000	0.000000	0.000000
369	0.000292	0.000000	0.000046	0.152978	0.816340	0.030344	0.000000	0.000000	0.000000
370	0.000280	0.000000	0.000041	0.153345	0.815887	0.030447	0.000000	0.000000	0.000000
371	0.000266	0.000000	0.000037	0.153504	0.815969	0.030224	0.000000	0.000000	0.000000
372	0.000255	0.000000	0.000041	0.153697	0.815751	0.030256	0.000000	0.000000	0.000000
373	0.000226	0.000000	0.000039	0.153513	0.816036	0.030186	0.000000	0.000000	0.000000
374	0.000225	0.000000	0.000046	0.153335	0.816240	0.030154	0.000000	0.000000	0.000000
375	0.000217	0.000000	0.000057	0.153092	0.816385	0.030249	0.000000	0.000000	0.000000
376	0.000199	0.000000	0.000061	0.153029	0.816720	0.029991	0.000000	0.000000	0.000000
377	0.000178	0.000000	0.000052	0.153031	0.816579	0.030160	0.000000	0.000000	0.000000
378	0.000189	0.000000	0.000052	0.152939	0.816928	0.029892	0.000000	0.000000	0.000000
379	0.000164	0.000000	0.000058	0.152348	0.817564	0.029866	0.000000	0.000000	0.000000
380	0.000153	0.000000	0.000065	0.152243	0.817598	0.029941	0.000000	0.000000	0.000000
381	0.000139	0.000000	0.000053	0.151969	0.817795	0.030044	0.000000	0.000000	0.000000
382	0.000147	0.000000	0.000057	0.152152	0.817792	0.029852	0.000000	0.000000	0.000000
383	0.000150	0.000000	0.000053	0.152345	0.817321	0.030131	0.000000	0.000000	0.000000
384	0.000161	0.000000	0.000060	0.152051	0.817510	0.030218	0.000000	0.000000	0.000000
385	0.000151	0.000000	0.000054	0.152183	0.817259	0.030353	0.000000	0.000000	0.000000
386	0.000139	0.000000	0.000046	0.152656	0.816977	0.030182	0.000000	0.000000	0.000000
387	0.000129	0.000000	0.000046	0.152372	0.817264	0.030189	0.000000	0.000000	0.000000
388	0.000129	0.000000	0.000045	0.152621	0.816941	0.030264	0.000000	0.000000	0.000000
389	0.000121	0.000000	0.000047	0.153025	0.816493	0.030314	0.000000	0.000000	0.000000
390	0.000144	0.000000	0.000049	0.153258	0.816315	0.030234	0.000000	0.000000	0.000000
391	0.000139	0.000000	0.000047	0.153851	0.815788	0.030175	0.000000	0.000000	0.000000
392	0.000119	0.000000	0.000043	0.153967	0.815700	0.030171	0.000000	0.000000	0.000000
393	0.000111	0.000000	0.000044	0.154171	0.815528	0.030146	0.000000	0.000000	0.000000
394	0.000099	0.000000	0.000040	0.154403	0.815302	0.030156	0.000000	0.000000	0.000000
395	0.000101	0.000000	0.000034	0.154577	0.815224	0.030064	0.000000	0.000000	0.000000
396	0.000097	0.000000	0.000023	0.154290	0.815533	0.030057	0.000000	0.000000	0.000000
397	0.000093	0.000000	0.000025	0.154237	0.815548	0.030097	0.000000	0.000000	0.000000
398	0.000091	0.000000	0.000029	0.154147	0.815729	0.030004	0.000000	0.000000	0.000000
399	0.000082	0.000000	0.000035	0.154078	0.815932	0.029873	0.000000	0.000000	0.000000
400	0.000083	0.000000	0.000032	0.154254	0.815835	0.029796	0.000000	0.000000	0.000000
401	0.000086	0.000000	0.000029	0.153893	0.816213	0.029779	0.000000	0.000000	0.000000
402	0.000086	0.000000	0.000031	0.154284	0.815867	0.029732	0.000000	0.000000	0.000000
403	0.000089	0.000000	0.000034	0.153937	0.816155	0.029785	0.000000	0.000000	0.000000
404	0.000072	0.000000	0.000033	0.153866	0.816220	0.029809	0.000000	0.000000	0.000000
405	0.000078	0.000000	0.000030	0.153925	0.816158	0.029809	0.000000	0.000000	0.000000
406	0.000080	0.000000	0.000031	0.154255	0.815956	0.029678	0.000000	0.000000	0.000000
407	0.000090	0.000000	0.000030	0.154091	0.815962	0.029827	0.000000	0.000000	0.000000
408	0.000080	0.000000	0.000028	0.154087	0.815938	0.029867	0.000000	0.000000	0.000000
409	0.000080	0.000000	0.000022	0.154032	0.816128	0.029738	0.000000	0.000000	0.000000
410	0.000085	0.000000	0.000021	0.154189	0.815812	0.029893	0.000000	0.000000	0.000000
411	0.000080	0.000000	0.000013	0.154062	0.815838	0.030007	0.000000	0.000000	0.000000
412	0.000079	0.000000	0.000008	0.154256	0.815678	0.029979	0.000000	0.000000	0.000000
413	0.000076	0.000000	0.000010	0.154311	0.815508	0.030095	0.000000	0.000000	0.000000
414	0.000075	0.000000	0.000007	0.154534	0.815279	0.030105	0.000000	0.000000	0.000000
415	0.000083	0.000000	0.000006	0.154273	0.815583	0.030055	0.000000	0.000000	0.000000
416	0.000075	0.000000	0.000008	0.154299	0.815586	0.030032	0.000000	0.000000	0.000000
417	0.000074	0.000000	0.000006	0.153772	0.816131	0.030017	0.000000	0.000000	0.000000
418	0.000087	0.000000	0.000006	0.153865	0.816032	0.030010	0.000000	0.000000	0.000000
419	0.000082	0.000000	0.000007	0.153046	0.816778	0.030087	0.000000	0.000000	0.000000
420	0.000081	0.000000	0.000008	0.153103	0.816794	0.030014	0.000000	0.000000	0.000000
421	0.000080	0.000000	0.000004	0.153168	0.816712	0.030036	0.000000	0.000000	0.000000
422	0.000074	0.000000	0.000003	0.152585	0.817418	0.029920	0.000000	0.000000	0.000000
423	0.000065	0.000000	0.000001	0.152525	0.817325	0.030084	0.000000	0.000000	0.000000
424	0.000068	0.000000	0.000001	0.152034	0.817768	0.030129	0.000000	0.000000	0.000000
425	0.000073	0.000000	0.000000	0.151500	0.818340	0.030087	0.000000	0.000000	0.000000
426	0.000068	0.000000	0.000000	0.151305	0.818663	0.029964	0.000000	0.000000	0.000000
427	0.000075	0.000000	0.000000	0.151424	0.818640	0.029861	0.000000	0.000000	0.000000
428	0.000068	0.000000	0.000000	0.151304	0.818619	0.030009	0.000000	0.000000	0.000000
429	0.000068	0.000000	0.000000	0.151473	0.818165	0.030294	0.000000	0.000000	0.000000
430	0.000075	0.000000	0.000000	0.151402	0.818442	0.030081	0.000000	0.000000	0.000000
431	0.000073	0.000000	0.000000	0.151228	0.818627	0.030072	0.000000	0.000000	0.000000
432	0.000068	0.000000	0.000000	0.151185	0.818865	0.029882	0.000000	0.000000	0.000000
433	0.000061	0.000000	0.000000	0.151743	0.818237	0.029959	0.000000	0.000000	0.000000
434	0.000066	0.000000	0.000000	0.151870	0.818060	0.030004	0.000000	0.000000	0.000000
435	0.000072	0.000000	0.000000	0.152351	0.817671	0.029906	0.000000	0.000000	0.000000
436	0.000063	0.000000	0.000000	0.152627	0.817378	0.029932	0.000000	0.000000	0.000000
437	0.000058	0.000000	0.000000	0.152204	0.817507	0.030231	0.000000	0.000000	0.000000
438	0.000057	0.000000	0.000000	0.152302	0.817722	0.029919	0.000000	0.000000	0.000000
439	0.000052	0.000000	0.000000	0.152270	0.817724	0.029954	0.000000	0.000000	0.000000
440	0.000043	0.000000	0.000000	0.152315	0.817913	0.029729	0.000000	0.000000	0.000000
441	0.000034	0.000000	0.000000	0.152473	0.817715	0.029778	0.000000	0.000000	0.000000
442	0.000037	0.000000	0.000000	0.152129	0.818144	0.029690	0.000000	0.000000	0.000000
443	0.000040	0.000000	0.000000	0.151390	0.818799	0.029771	0.000000	0.000000	0.000000
444	0.000046	0.000000	0.000000	0.150999	0.819276	0.029679	0.000000	0.000000	0.000000
445	0.000042	0.000000	0.000000	0.150410	0.819710	0.029838	0.000000	0.000000	0.000000
446	0.000046	0.000000	0.000000	0.150635	0.819507	0.029812	0.000000	0.000000	0.000000
447	0.000048	0.000000	0.000000	0.150776	0.819353	0.029823	0.000000	0.000000	0.000000
448	0.000048	0.000000	0.000000	0.150560	0.819543	0.029849	0.000000	0.000000	0.000000
449	0.000035	0.000000	0.000000	0.150471	0.819729	0.029765	0.000000	0.000000	0.000000
450	0.000033	0.000000	0.000000	0.150424	0.820037	0.029506	0.000000	0.000000	0.000000
451	0.000036	0.000000	0.000000	0.150446	0.820126	0.029392	0.000000	0.000000	0.000000
452	0.000034	0.000000	0.000000	0.151169	0.819656	0.029141	0.000000	0.000000	0.000000
453	0.000035	0.000000	0.000000	0.150553	0.819951	0.029461	0.000000	0.000000	0.000000
454	0.000033	0.000000	0.000000	0.150461	0.820057	0.029449	0.000000	0.000000	0.000000
455	0.000033	0.000000	0.000000	0.150552	0.819980	0.029435	0.000000	0.000000	0.000000
456	0.000035	0.000000	0.000000	0.150391	0.820198	0.029376	0.000000	0.000000	0.000000
457	0.000033	0.000000	0.000000	0.150627	0.819901	0.029439	0.000000	0.000000	0.000000
458	0.000034	0.000000	0.000000	0.150845	0.819745	0.029376	0.000000	0.000000	0.000000
459	0.000026	0.000000	0.000000	0.150843	0.819724	0.029407	0.000000	0.000000	0.000000
460	0.000026	0.000000	0.000000	0.150643	0.819630	0.029701	0.000000	0.000000	0.000000
461	0.000022	0.000000	0.000000	0.150860	0.819438	0.029680	0.000000	0.000000	0.000000
462	0.000017	0.000000	0.000000	0.150412	0.819796	0.029775	0.000000	0.000000	0.000000
463	0.000015	0.000000	0.000000	0.150574	0.819636	0.029775	0.000000	0.000000	0.000000
464	0.000017	0.000000	0.000000	0.150022	0.820312	0.029649	0.000000	0.000000	0.000000
465	0.000014	0.000000	0.000000	0.150272	0.819780	0.029934	0.000000	0.000000	0.000000
466	0.000015	0.000000	0.000000	0.150591	0.819481	0.029913	0.000000	0.000000	0.000000
467	0.000012	0.000000	0.000000	0.150642	0.819404	0.029942	0.000000	0.000000	0.000000
468	0.000009	0.000000	0.000000	0.150547	0.819601	0.029843	0.000000	0.000000	0.000000
469	0.000006	0.000000	0.000000	0.150175	0.819959	0.029860	0.000000	0.000000	0.000000
470	0.000003	0.000000	0.000000	0.150080	0.820042	0.029875	0.000000	0.000000	0.000000
