0	0.290663	0.057897	0.229473	0.157588	0.029913	0.111872	0.085455	0.012259	0.024880
1	0.224008	0.046798	0.194339	0.140823	0.028850	0.121395	0.124674	0.024266	0.094847
2	0.217565	0.045049	0.187886	0.135074	0.029597	0.117867	0.131699	0.025261	0.110002
3	0.217858	0.043811	0.184559	0.130934	0.030664	0.112904	0.134573	0.025350	0.119347
4	0.218917	0.042798	0.180765	0.127699	0.032150	0.107623	0.136894	0.025259	0.127895
5	0.220668	0.041763	0.178013	0.124103	0.033754	0.102096	0.138046	0.024936	0.136621
6	0.223675	0.040655	0.173903	0.120935	0.035591	0.097434	0.138536	0.024441	0.144830
7	0.226372	0.039826	0.170069	0.117736	0.037634	0.092440	0.138922	0.023886	0.153115
8	0.228697	0.038662	0.166646	0.115256	0.039576	0.087627	0.139082	0.023284	0.161170
9	0.231079	0.037371	0.162573	0.112420	0.041872	0.083081	0.139295	0.022862	0.169447
10	0.232329	0.036521	0.158614	0.109873	0.044381	0.078702	0.139196	0.022255	0.178129
11	0.234666	0.035481	0.154217	0.107541	0.046756	0.074287	0.139348	0.021561	0.186143
12	0.236539	0.034669	0.150560	0.104827	0.049352	0.069847	0.138951	0.020999	0.194256
13	0.238912	0.033912	0.146303	0.101884	0.051939	0.066271	0.137836	0.020388	0.202555
14	0.240677	0.032866	0.142093	0.099543	0.055206	0.062359	0.136874	0.019728	0.210654
15	0.242385	0.032025	0.137704	0.097364	0.058005	0.058687	0.136005	0.019055	0.218770
16	0.244177	0.031015	0.132928	0.095109	0.061177	0.055687	0.134641	0.018650	0.226616
17	0.245774	0.030055	0.128673	0.093026	0.064698	0.052539	0.133835	0.018175	0.233225
18	0.247687	0.029314	0.124042	0.090859	0.068029	0.049525	0.132167	0.017485	0.240892
19	0.248963	0.028400	0.119952	0.088883	0.071350	0.046741	0.130936	0.016793	0.247982
20	0.250916	0.027548	0.115139	0.086610	0.075238	0.043823	0.129397	0.016279	0.255050
21	0.251853	0.026902	0.110867	0.084591	0.079259	0.041054	0.127766	0.015606	0.262102
22	0.252762	0.026220	0.106866	0.082494	0.083258	0.038535	0.126299	0.014899	0.268667
23	0.253973	0.025642	0.102867	0.080437	0.087313	0.036145	0.124380	0.014400	0.274843
24	0.254523	0.024843	0.098412	0.078680	0.092169	0.034130	0.122610	0.013813	0.280820
25	0.255293	0.024054	0.094615	0.076767	0.096756	0.032054	0.120682	0.013403	0.286376
26	0.255307	0.023365	0.090960	0.075075	0.101297	0.030248	0.118442	0.012864	0.292442
27	0.255725	0.022729	0.087371	0.073475	0.106122	0.028628	0.116034	0.012451	0.297465
28	0.256181	0.022082	0.083828	0.071913	0.111183	0.026766	0.113347	0.011974	0.302726
29	0.256144	0.021497	0.080003	0.069685	0.116735	0.025061	0.111284	0.011504	0.308087
30	0.255751	0.020908	0.076870	0.068086	0.121770	0.023844	0.109041	0.011266	0.312464
31	0.255860	0.020072	0.073146	0.066654	0.127359	0.022519	0.106923	0.010820	0.316647
32	0.255038	0.019412	0.069625	0.065198	0.132933	0.021224	0.104950	0.010529	0.321091
33	0.254288	0.018808	0.066524	0.063964	0.138505	0.020041	0.102423	0.010182	0.325265
34	0.252991	0.018294	0.063547	0.062510	0.144264	0.018834	0.100536	0.009782	0.329242
35	0.252105	0.017694	0.060405	0.061314	0.150439	0.018055	0.097957	0.009405	0.332626
36	0.250614	0.017181	0.057486	0.060011	0.156792	0.017302	0.095719	0.009011	0.335884
37	0.249021	0.016689	0.054858	0.058742	0.163198	0.016356	0.093731	0.008635	0.338770
38	0.247629	0.016044	0.052281	0.057387	0.169934	0.015479	0.091437	0.008320	0.341489
39	0.246091	0.015352	0.049784	0.056325	0.177041	0.014481	0.088694	0.007979	0.344253
40	0.243741	0.014813	0.047430	0.055080	0.184322	0.013834	0.086317	0.007681	0.346782
41	0.241568	0.014354	0.045054	0.054074	0.191568	0.012939	0.083979	0.007232	0.349232
42	0.239511	0.013677	0.042881	0.053075	0.198917	0.012239	0.081674	0.007013	0.351013
43	0.237349	0.013197	0.040548	0.052110	0.206238	0.011517	0.079543	0.006800	0.352698
44	0.235083	0.012643	0.038430	0.051000	0.214184	0.011021	0.077276	0.006691	0.353672
45	0.231892	0.012094	0.036443	0.050114	0.222138	0.010441	0.075497	0.006414	0.354967
46	0.229529	0.011635	0.034302	0.049194	0.230277	0.010002	0.073338	0.006159	0.355564
47	0.226596	0.011272	0.032462	0.048145	0.238463	0.009568	0.071233	0.005895	0.356366
48	0.223617	0.010739	0.030569	0.047281	0.247039	0.008993	0.069060	0.005623	0.357079
49	0.220589	0.010263	0.028926	0.046659	0.255238	0.008531	0.067154	0.005419	0.357221
50	0.217023	0.009828	0.027330	0.045810	0.263709	0.008218	0.064978	0.005154	0.357950
51	0.213807	0.009455	0.025965	0.045144	0.271815	0.007835	0.063311	0.004823	0.357845
52	0.210286	0.009040	0.024492	0.044585	0.280513	0.007593	0.061578	0.004579	0.357334
53	0.207275	0.008458	0.022975	0.043878	0.288945	0.007240	0.059527	0.004444	0.357258
54	0.204104	0.008082	0.021695	0.043484	0.297759	0.006938	0.057780	0.004331	0.355827
55	0.200509	0.007753	0.020341	0.043045	0.306439	0.006654	0.055896	0.004213	0.355150
56	0.197218	0.007406	0.019009	0.042423	0.315715	0.006469	0.054290	0.004012	0.353458
57	0.193405	0.007125	0.017897	0.041981	0.324924	0.006239	0.052516	0.003842	0.352071
58	0.189311	0.006722	0.016831	0.041408	0.334265	0.006006	0.050709	0.003740	0.351008
59	0.185132	0.006463	0.015663	0.040949	0.343549	0.005741	0.049167	0.003617	0.349719
60	0.181144	0.006124	0.014831	0.040548	0.353030	0.005468	0.047790	0.003470	0.347595
61	0.177631	0.005818	0.013861	0.040039	0.362044	0.005257	0.046250	0.003265	0.345835
62	0.173612	0.005569	0.012893	0.039693	0.371501	0.005109	0.044731	0.003153	0.343739
63	0.169800	0.005282	0.012214	0.039412	0.380548	0.004917	0.043382	0.003028	0.341417
64	0.165967	0.005032	0.011315	0.039238	0.389841	0.004840	0.042090	0.002829	0.338848
65	0.162327	0.004679	0.010599	0.038756	0.399030	0.004690	0.040633	0.002763	0.336523
66	0.158804	0.004484	0.009854	0.038317	0.408425	0.004471	0.039371	0.002619	0.333655
67	0.154439	0.004314	0.009214	0.038203	0.417844	0.004393	0.037915	0.002526	0.331152
68	0.150594	0.004163	0.008625	0.038010	0.426972	0.004392	0.036424	0.002400	0.328420
69	0.146737	0.003940	0.008032	0.037598	0.436074	0.004318	0.035143	0.002367	0.325791
70	0.143147	0.003756	0.007490	0.037315	0.445633	0.004143	0.033724	0.002171	0.322621
71	0.138977	0.003548	0.006975	0.037206	0.455338	0.004051	0.032514	0.002029	0.319362
72	0.135183	0.003324	0.006430	0.036936	0.464881	0.003891	0.031344	0.001931	0.316080
73	0.131336	0.003181	0.005944	0.036522	0.474311	0.003719	0.030501	0.001812	0.312674
74	0.127210	0.002993	0.005621	0.036240	0.483722	0.003682	0.029229	0.001711	0.309592
75	0.123525	0.002882	0.005204	0.035985	0.493047	0.003540	0.028070	0.001614	0.306133
76	0.119754	0.002756	0.004768	0.035947	0.502626	0.003400	0.027066	0.001529	0.302154
77	0.116085	0.002675	0.004416	0.035866	0.511728	0.003347	0.026133	0.001431	0.298319
78	0.112423	0.002489	0.003989	0.035747	0.520824	0.003315	0.025196	0.001365	0.294652
79	0.109210	0.002375	0.003735	0.035736	0.529537	0.003261	0.024340	0.001290	0.290516
80	0.105334	0.002227	0.003473	0.035596	0.539354	0.003349	0.023340	0.001255	0.286072
81	0.101764	0.002113	0.003256	0.035408	0.547983	0.003381	0.022429	0.001190	0.282476
82	0.098392	0.001990	0.003104	0.035444	0.556840	0.003183	0.021513	0.001179	0.278355
83	0.094869	0.001863	0.002917	0.035519	0.564946	0.003138	0.020613	0.001125	0.275010
84	0.091715	0.001776	0.002682	0.035338	0.573858	0.003042	0.019897	0.001054	0.270638
85	0.088551	0.001659	0.002474	0.035320	0.582435	0.002955	0.018953	0.000956	0.266697
86	0.085612	0.001623	0.002217	0.035359	0.590585	0.002904	0.018063	0.000906	0.262731
87	0.082639	0.001569	0.002081	0.035379	0.598752	0.002862	0.017486	0.000854	0.258378
88	0.079474	0.001481	0.001893	0.035533	0.607320	0.002775	0.016706	0.000844	0.253974
89	0.076267	0.001390	0.001730	0.035649	0.615810	0.002707	0.016069	0.000775	0.249603
90	0.073113	0.001318	0.001634	0.035602	0.624006	0.002639	0.015508	0.000713	0.245467
91	0.070215	0.001274	0.001448	0.035393	0.631978	0.002644	0.014925	0.000657	0.241466
92	0.067606	0.001252	0.001392	0.035339	0.640233	0.002566	0.014218	0.000648	0.236746
93	0.064715	0.001210	0.001272	0.035535	0.648198	0.002486	0.013565	0.000599	0.232420
94	0.062415	0.001146	0.001191	0.035323	0.655768	0.002496	0.013084	0.000561	0.228016
95	0.059954	0.001048	0.001088	0.035212	0.663564	0.002462	0.012523	0.000555	0.223594
96	0.057510	0.000990	0.000972	0.035202	0.671393	0.002445	0.012203	0.000561	0.218724
97	0.055021	0.000918	0.000929	0.035092	0.678933	0.002402	0.011605	0.000528	0.214572
98	0.052653	0.000856	0.000863	0.035072	0.685946	0.002388	0.011039	0.000526	0.210657
99	0.050271	0.000819	0.000786	0.034806	0.693260	0.002365	0.010547	0.000521	0.206625
100	0.048004	0.000794	0.000732	0.034816	0.700504	0.002325	0.010148	0.000503	0.202174
101	0.046070	0.000737	0.000693	0.034993	0.707205	0.002310	0.009643	0.000472	0.197877
102	0.043805	0.000691	0.000663	0.035052	0.714277	0.002258	0.009242	0.000492	0.193520
103	0.041722	0.000626	0.000629	0.034946	0.720942	0.002293	0.008865	0.000462	0.189515
104	0.039768	0.000601	0.000589	0.035147	0.727219	0.002319	0.008494	0.000438	0.185425
105	0.037722	0.000568	0.000506	0.035110	0.733729	0.002373	0.008196	0.000392	0.181404
106	0.036134	0.000527	0.000425	0.035132	0.740457	0.002245	0.007830	0.000341	0.176909
107	0.034628	0.000511	0.000384	0.035207	0.746629	0.002193	0.007456	0.000312	0.172680
108	0.033042	0.000480	0.000355	0.035152	0.752944	0.002210	0.007167	0.000290	0.168360
109	0.031503	0.000459	0.000337	0.035209	0.758910	0.002238	0.006764	0.000265	0.164315
110	0.030004	0.000461	0.000299	0.035409	0.764576	0.002253	0.006522	0.000244	0.160232
111	0.028675	0.000438	0.000254	0.035145	0.770149	0.002261	0.006210	0.000231	0.156637
112	0.027492	0.000412	0.000239	0.035166	0.775884	0.002294	0.006027	0.000204	0.152282
113	0.026367	0.000366	0.000227	0.035019	0.781538	0.002260	0.005727	0.000224	0.148272
114	0.025086	0.000336	0.000198	0.035122	0.786977	0.002198	0.005455	0.000226	0.144402
115	0.023833	0.000299	0.000169	0.035260	0.792120	0.002156	0.005379	0.000223	0.140561
116	0.022631	0.000269	0.000161	0.035025	0.797715	0.002126	0.005155	0.000212	0.136706
117	0.021597	0.000262	0.000157	0.035118	0.802633	0.002162	0.004940	0.000192	0.132939
118	0.020528	0.000243	0.000133	0.035247	0.807213	0.002125	0.004777	0.000189	0.129545
119	0.019602	0.000224	0.000124	0.035476	0.811706	0.002175	0.004577	0.000168	0.125948
120	0.018582	0.000212	0.000130	0.035601	0.816228	0.002172	0.004406	0.000156	0.122513
121	0.017864	0.000201	0.000129	0.035617	0.820554	0.002147	0.004265	0.000150	0.119073
122	0.017000	0.000188	0.000107	0.035614	0.825203	0.002216	0.004009	0.000149	0.115514
123	0.016130	0.000185	0.000102	0.035624	0.829500	0.002225	0.003805	0.000165	0.112264
124	0.015279	0.000181	0.000093	0.035637	0.833936	0.002156	0.003663	0.000150	0.108905
125	0.014427	0.000158	0.000071	0.035618	0.838405	0.002201	0.003507	0.000149	0.105464
126	0.013619	0.000134	0.000066	0.035501	0.842408	0.002227	0.003371	0.000134	0.102540
127	0.012926	0.000144	0.000055	0.035388	0.846636	0.002235	0.003211	0.000129	0.099276
128	0.012322	0.000136	0.000038	0.035235	0.850912	0.002134	0.002989	0.000135	0.096099
129	0.011609	0.000124	0.000042	0.035249	0.854667	0.002098	0.002851	0.000153	0.093207
130	0.010928	0.000106	0.000038	0.035113	0.858447	0.002059	0.002719	0.000138	0.090452
131	0.010238	0.000106	0.000032	0.035271	0.861997	0.002025	0.002557	0.000127	0.087647
132	0.009665	0.000112	0.000029	0.035369	0.865393	0.002092	0.002389	0.000116	0.084835
133	0.009080	0.000105	0.000022	0.035218	0.868933	0.002072	0.002261	0.000102	0.082207
134	0.008574	0.000085	0.000019	0.035173	0.872340	0.002053	0.002162	0.000089	0.079505
135	0.008022	0.000073	0.000014	0.035058	0.875756	0.002070	0.002046	0.000081	0.076880
136	0.007609	0.000077	0.000013	0.035119	0.878729	0.002069	0.001885	0.000073	0.074426
137	0.007085	0.000076	0.000010	0.034989	0.881773	0.002039	0.001733	0.000067	0.072228
138	0.006599	0.000075	0.000011	0.035067	0.884872	0.001995	0.001634	0.000054	0.069693
139	0.006169	0.000079	0.000010	0.035074	0.887530	0.002041	0.001577	0.000049	0.067471
140	0.005710	0.000084	0.000010	0.035003	0.890398	0.002002	0.001425	0.000040	0.065328
141	0.005324	0.000087	0.000006	0.034679	0.893511	0.001985	0.001327	0.000035	0.063046
142	0.004994	0.000087	0.000008	0.034625	0.895936	0.001925	0.001239	0.000030	0.061156
143	0.004730	0.000074	0.000009	0.034602	0.898005	0.001966	0.001179	0.000033	0.059402
144	0.004376	0.000068	0.000003	0.034592	0.900761	0.001891	0.001050	0.000029	0.057230
145	0.004085	0.000073	0.000003	0.034601	0.902649	0.001864	0.001038	0.000026	0.055661
146	0.003808	0.000077	0.000004	0.034490	0.905092	0.001887	0.000956	0.000024	0.053662
147	0.003596	0.000071	0.000006	0.034442	0.907152	0.001867	0.000879	0.000028	0.051959
148	0.003386	0.000076	0.000006	0.034257	0.909546	0.001860	0.000835	0.000032	0.050002
149	0.003207	0.000071	0.000007	0.034365	0.911265	0.001885	0.000823	0.000026	0.048351
150	0.002977	0.000072	0.000003	0.034410	0.913149	0.001875	0.000802	0.000037	0.046675
151	0.002793	0.000075	0.000002	0.034599	0.914840	0.001836	0.000778	0.000034	0.045043
152	0.002648	0.000066	0.000002	0.034606	0.916570	0.001851	0.000705	0.000034	0.043518
153	0.002409	0.000078	0.000000	0.034631	0.918260	0.001855	0.000674	0.000028	0.042065
154	0.002224	0.000078	0.000000	0.034482	0.920097	0.001845	0.000614	0.000028	0.040632
155	0.002038	0.000073	0.000000	0.034651	0.921559	0.001872	0.000591	0.000024	0.039192
156	0.001943	0.000071	0.000000	0.034561	0.923208	0.001910	0.000562	0.000033	0.037712
157	0.001827	0.000061	0.000000	0.034427	0.924984	0.001891	0.000506	0.000038	0.036266
158	0.001720	0.000056	0.000000	0.034343	0.926514	0.001854	0.000458	0.000037	0.035018
159	0.001602	0.000059	0.000000	0.034283	0.928056	0.001861	0.000417	0.000042	0.033680
160	0.001519	0.000061	0.000000	0.034447	0.929127	0.001877	0.000377	0.000036	0.032556
161	0.001416	0.000059	0.000000	0.034370	0.930522	0.001933	0.000322	0.000040	0.031338
162	0.001361	0.000050	0.000000	0.034506	0.931921	0.001959	0.000318	0.000036	0.029849
163	0.001294	0.000053	0.000000	0.034578	0.932946	0.001986	0.000287	0.000030	0.028826
164	0.001218	0.000050	0.000000	0.034510	0.934332	0.001979	0.000270	0.000036	0.027605
165	0.001139	0.000048	0.000000	0.034458	0.935580	0.001993	0.000253	0.000029	0.026500
166	0.001071	0.000041	0.000000	0.034468	0.936716	0.001953	0.000230	0.000026	0.025495
167	0.001029	0.000051	0.000000	0.034272	0.938216	0.001958	0.000212	0.000023	0.024239
168	0.000957	0.000049	0.000000	0.034242	0.939161	0.002055	0.000191	0.000022	0.023323
169	0.000914	0.000047	0.000000	0.033991	0.940504	0.002075	0.000163	0.000034	0.022272
170	0.000821	0.000043	0.000000	0.034042	0.941421	0.002018	0.000154	0.000034	0.021467
171	0.000736	0.000042	0.000000	0.034094	0.942318	0.002059	0.000133	0.000035	0.020583
172	0.000684	0.000034	0.000000	0.034091	0.943202	0.002047	0.000123	0.000030	0.019789
173	0.000659	0.000030	0.000000	0.034023	0.944229	0.001993	0.000104	0.000030	0.018932
174	0.000592	0.000030	0.000000	0.034034	0.945065	0.001969	0.000090	0.000026	0.018194
175	0.000576	0.000028	0.000000	0.034005	0.946017	0.001920	0.000095	0.000028	0.017331
176	0.000554	0.000024	0.000000	0.033952	0.946882	0.001955	0.000093	0.000027	0.016513
177	0.000508	0.000027	0.000000	0.033971	0.947548	0.001995	0.000081	0.000024	0.015846
178	0.000490	0.000020	0.000000	0.033836	0.948386	0.002039	0.000060	0.000027	0.015142
179	0.000462	0.000025	0.000000	0.033938	0.948950	0.002046	0.000055	0.000021	0.014503
180	0.000428	0.000022	0.000000	0.033764	0.949857	0.002069	0.000046	0.000018	0.013796
181	0.000394	0.000021	0.000000	0.034006	0.950376	0.002028	0.000039	0.000018	0.013118
182	0.000352	0.000015	0.000000	0.034139	0.950858	0.002039	0.000030	0.000024	0.012543
183	0.000335	0.000014	0.000000	0.034000	0.951601	0.001996	0.000028	0.000018	0.012008
184	0.000278	0.000011	0.000000	0.034042	0.952095	0.002044	0.000025	0.000019	0.011486
185	0.000254	0.000010	0.000000	0.033947	0.952798	0.002024	0.000020	0.000020	0.010927
186	0.000223	0.000011	0.000000	0.034078	0.953202	0.002051	0.000018	0.000013	0.010404
187	0.000194	0.000011	0.000000	0.033871	0.953867	0.002055	0.000011	0.000014	0.009977
188	0.000175	0.000010	0.000000	0.034028	0.954146	0.002038	0.000012	0.000012	0.009579
189	0.000131	0.000012	0.000000	0.033919	0.954685	0.002069	0.000008	0.000006	0.009170
190	0.000125	0.000010	0.000000	0.034074	0.954975	0.002008	0.000005	0.000007	0.008796
191	0.000099	0.000011	0.000000	0.034473	0.954997	0.001988	0.000003	0.000009	0.008420
192	0.000091	0.000012	0.000000	0.034426	0.955470	0.001974	0.000004	0.000007	0.008016
193	0.000088	0.000010	0.000000	0.034383	0.955967	0.001916	0.000005	0.000008	0.007623
194	0.000076	0.000004	0.000000	0.034480	0.956230	0.001917	0.000006	0.000005	0.007282
195	0.000064	0.000003	0.000000	0.034394	0.956648	0.001925	0.000007	0.000002	0.006957
196	0.000043	0.000000	0.000000	0.034342	0.957135	0.001884	0.000007	0.000003	0.006586
197	0.000045	0.000000	0.000000	0.034440	0.957352	0.001881	0.000010	0.000001	0.006271
198	0.000043	0.000000	0.000000	0.034140	0.957972	0.001860	0.000010	0.000000	0.005975
199	0.000037	0.000000	0.000000	0.034294	0.958012	0.001913	0.000012	0.000000	0.005732
200	0.000021	0.000000	0.000000	0.034287	0.958376	0.001861	0.000011	0.000000	0.005444
201	0.000015	0.000000	0.000000	0.034180	0.958683	0.001840	0.000009	0.000000	0.005273
202	0.000015	0.000000	0.000000	0.034164	0.958927	0.001896	0.000010	0.000000	0.004988
203	0.000010	0.000000	0.000000	0.034275	0.959050	0.001900	0.000009	0.000000	0.004756
204	0.000006	0.000000	0.000000	0.034376	0.959234	0.001903	0.000009	0.000000	0.004472
205	0.000002	0.000000	0.000000	0.034449	0.959372	0.001880	0.000005	0.000000	0.004292
206	0.000000	0.000000	0.000000	0.034414	0.959677	0.001826	0.000004	0.000000	0.004079
207	0.000000	0.000000	0.000000	0.034474	0.959787	0.001863	0.000006	0.000000	0.003870
208	0.000000	0.000000	0.000000	0.034402	0.960038	0.001815	0.000007	0.000000	0.003738
209	0.000000	0.000000	0.000000	0.034566	0.960049	0.001805	0.000006	0.000000	0.003574
210	0.000000	0.000000	0.000000	0.034624	0.960161	0.001756	0.000006	0.000000	0.003453
211	0.000000	0.000000	0.000000	0.034525	0.960410	0.001743	0.000006	0.000000	0.003316
212	0.000000	0.000000	0.000000	0.034353	0.960738	0.001713	0.000004	0.000000	0.003192
213	0.000000	0.000000	0.000000	0.034350	0.960920	0.001727	0.000002	0.000000	0.003001
214	0.000000	0.000000	0.000000	0.034191	0.961184	0.001741	0.000002	0.000000	0.002882
215	0.000000	0.000000	0.000000	0.034367	0.961195	0.001740	0.000001	0.000000	0.002697
216	0.000000	0.000000	0.000000	0.034482	0.961264	0.001724	0.000001	0.000000	0.002529
217	0.000000	0.000000	0.000000	0.034571	0.961271	0.001771	0.000000	0.000000	0.002387
218	0.000000	0.000000	0.000000	0.034595	0.961282	0.001842	0.000001	0.000000	0.002280
219	0.000000	0.000000	0.000000	0.034637	0.961396	0.001815	0.000002	0.000000	0.002150
220	0.000000	0.000000	0.000000	0.034822	0.961368	0.001843	0.000001	0.000000	0.001966
221	0.000000	0.000000	0.000000	0.034658	0.961635	0.001811	0.000000	0.000000	0.001896
222	0.000000	0.000000	0.000000	0.034617	0.961867	0.001758	0.000000	0.000000	0.001758
223	0.000000	0.000000	0.000000	0.034686	0.961903	0.001750	0.000000	0.000000	0.001661
224	0.000000	0.000000	0.000000	0.034649	0.961996	0.001795	0.000000	0.000000	0.001560
225	0.000000	0.000000	0.000000	0.034603	0.962109	0.001782	0.000000	0.000000	0.001506
226	0.000000	0.000000	0.000000	0.034543	0.962273	0.001804	0.000000	0.000000	0.001380
227	0.000000	0.000000	0.000000	0.034490	0.962423	0.001781	0.000000	0.000000	0.001306
228	0.000000	0.000000	0.000000	0.034410	0.962674	0.001738	0.000000	0.000000	0.001178
229	0.000000	0.000000	0.000000	0.034424	0.962740	0.001744	0.000000	0.000000	0.001092
230	0.000000	0.000000	0.000000	0.034498	0.962755	0.001700	0.000000	0.000000	0.001047
231	0.000000	0.000000	0.000000	0.034510	0.962782	0.001712	0.000000	0.000000	0.000996
232	0.000000	0.000000	0.000000	0.034573	0.962777	0.001768	0.000000	0.000000	0.000882
233	0.000000	0.000000	0.000000	0.034535	0.962868	0.001776	0.000000	0.000000	0.000821
234	0.000000	0.000000	0.000000	0.034480	0.962945	0.001799	0.000000	0.000000	0.000776
235	0.000000	0.000000	0.000000	0.034512	0.962972	0.001780	0.000000	0.000000	0.000736
236	0.000000	0.000000	0.000000	0.034650	0.962836	0.001852	0.000000	0.000000	0.000662
237	0.000000	0.000000	0.000000	0.034586	0.962949	0.001848	0.000000	0.000000	0.000617
238	0.000000	0.000000	0.000000	0.034634	0.962890	0.001895	0.000000	0.000000	0.000581
239	0.000000	0.000000	0.000000	0.034737	0.962868	0.001846	0.000000	0.000000	0.000549
240	0.000000	0.000000	0.000000	0.034689	0.962855	0.001931	0.000000	0.000000	0.000525
241	0.000000	0.000000	0.000000	0.034830	0.962835	0.001872	0.000000	0.000000	0.000463
242	0.000000	0.000000	0.000000	0.034857	0.962796	0.001905	0.000000	0.000000	0.000442
243	0.000000	0.000000	0.000000	0.034813	0.962864	0.001916	0.000000	0.000000	0.000407
244	0.000000	0.000000	0.000000	0.034889	0.962849	0.001879	0.000000	0.000000	0.000383
245	0.000000	0.000000	0.000000	0.034794	0.962970	0.001883	0.000000	0.000000	0.000353
246	0.000000	0.000000	0.000000	0.034650	0.963108	0.001916	0.000000	0.000000	0.000326
247	0.000000	0.000000	0.000000	0.034572	0.963241	0.001887	0.000000	0.000000	0.000300
248	0.000000	0.000000	0.000000	0.034377	0.963448	0.001887	0.000000	0.000000	0.000288
249	0.000000	0.000000	0.000000	0.034386	0.963517	0.001843	0.000000	0.000000	0.000254
250	0.000000	0.000000	0.000000	0.034261	0.963674	0.001828	0.000000	0.000000	0.000237
251	0.000000	0.000000	0.000000	0.034065	0.963911	0.001817	0.000000	0.000000	0.000207
252	0.000000	0.000000	0.000000	0.033859	0.964129	0.001821	0.000000	0.000000	0.000191
253	0.000000	0.000000	0.000000	0.033849	0.964120	0.001844	0.000000	0.000000	0.000187
254	0.000000	0.000000	0.000000	0.033956	0.964019	0.001844	0.000000	0.000000	0.000181
255	0.000000	0.000000	0.000000	0.033793	0.964149	0.001885	0.000000	0.000000	0.000173
256	0.000000	0.000000	0.000000	0.033735	0.964244	0.001865	0.000000	0.000000	0.000156
257	0.000000	0.000000	0.000000	0.033723	0.964246	0.001885	0.000000	0.000000	0.000146
258	0.000000	0.000000	0.000000	0.033657	0.964362	0.001852	0.000000	0.000000	0.000129
259	0.000000	0.000000	0.000000	0.033691	0.964333	0.001846	0.000000	0.000000	0.000130
260	0.000000	0.000000	0.000000	0.033407	0.964654	0.001827	0.000000	0.000000	0.000112
261	0.000000	0.000000	0.000000	0.033466	0.964661	0.001782	0.000000	0.000000	0.000091
262	0.000000	0.000000	0.000000	0.033472	0.964690	0.001757	0.000000	0.000000	0.000081
263	0.000000	0.000000	0.000000	0.033598	0.964509	0.001817	0.000000	0.000000	0.000076
264	0.000000	0.000000	0.000000	0.033439	0.964672	0.001821	0.000000	0.000000	0.000068
265	0.000000	0.000000	0.000000	0.033457	0.964606	0.001873	0.000000	0.000000	0.000064
266	0.000000	0.000000	0.000000	0.033179	0.964901	0.001866	0.000000	0.000000	0.000054
267	0.000000	0.000000	0.000000	0.033029	0.965102	0.001810	0.000000	0.000000	0.000059
268	0.000000	0.000000	0.000000	0.033179	0.964906	0.001857	0.000000	0.000000	0.000058
269	0.000000	0.000000	0.000000	0.032977	0.965156	0.001824	0.000000	0.000000	0.000043
270	0.000000	0.000000	0.000000	0.033091	0.965035	0.001833	0.000000	0.000000	0.000041
271	0.000000	0.000000	0.000000	0.032983	0.965155	0.001824	0.000000	0.000000	0.000038
272	0.000000	0.000000	0.000000	0.032845	0.965282	0.001836	0.000000	0.000000	0.000037
273	0.000000	0.000000	0.000000	0.032814	0.965361	0.001800	0.000000	0.000000	0.000025
274	0.000000	0.000000	0.000000	0.032801	0.965327	0.001850	0.000000	0.000000	0.000022
275	0.000000	0.000000	0.000000	0.032951	0.965161	0.001861	0.000000	0.000000	0.000027
276	0.000000	0.000000	0.000000	0.033082	0.964990	0.001908	0.000000	0.000000	0.000020
277	0.000000	0.000000	0.000000	0.032886	0.965171	0.001924	0.000000	0.000000	0.000019
278	0.000000	0.000000	0.000000	0.032896	0.965166	0.001923	0.000000	0.000000	0.000015
279	0.000000	0.000000	0.000000	0.032948	0.965078	0.001962	0.000000	0.000000	0.000012
280	0.000000	0.000000	0.000000	0.032870	0.965237	0.001888	0.000000	0.000000	0.000005
281	0.000000	0.000000	0.000000	0.032958	0.965107	0.001933	0.000000	0.000000	0.000002
282	0.000000	0.000000	0.000000	0.032958	0.965189	0.001850	0.000000	0.000000	0.000003
283	0.000000	0.000000	0.000000	0.033002	0.965153	0.001843	0.000000	0.000000	0.000002
284	0.000000	0.000000	0.000000	0.033068	0.965059	0.001873	0.000000	0.000000	0.000000
285	0.000000	0.000000	0.000000	0.033221	0.964961	0.001817	0.000000	0.000000	0.000001
286	0.000000	0.000000	0.000000	0.033186	0.965002	0.001812	0.000000	0.000000	0.000000
287	0.000000	0.000000	0.000000	0.033194	0.964941	0.001865	0.000000	0.000000	0.000000
288	0.000000	0.000000	0.000000	0.032939	0.965236	0.001825	0.000000	0.000000	0.000000
289	0.000000	0.000000	0.000000	0.032894	0.965214	0.001892	0.000000	0.000000	0.000000
290	0.000000	0.000000	0.000000	0.032823	0.965300	0.001877	0.000000	0.000000	0.000000
291	0.000000	0.000000	0.000000	0.032710	0.965431	0.001859	0.000000	0.000000	0.000000
292	0.000000	0.000000	0.000000	0.032658	0.965498	0.001844	0.000000	0.000000	0.000000
293	0.000000	0.000000	0.000000	0.032767	0.965453	0.001780	0.000000	0.000000	0.000000
294	0.000000	0.000000	0.000000	0.032517	0.965737	0.001746	0.000000	0.000000	0.000000
295	0.000000	0.000000	0.000000	0.032362	0.965893	0.001745	0.000000	0.000000	0.000000
296	0.000000	0.000000	0.000000	0.032318	0.965871	0.001811	0.000000	0.000000	0.000000
297	0.000000	0.000000	0.000000	0.032355	0.965869	0.001776	0.000000	0.000000	0.000000
298	0.000000	0.000000	0.000000	0.032411	0.965854	0.001735	0.000000	0.000000	0.000000
299	0.000000	0.000000	0.000000	0.032316	0.965917	0.001767	0.000000	0.000000	0.000000
300	0.000000	0.000000	0.000000	0.032269	0.965987	0.001744	0.000000	0.000000	0.000000
301	0.000000	0.000000	0.000000	0.032307	0.965963	0.001730	0.000000	0.000000	0.000000
302	0.000000	0.000000	0.000000	0.032379	0.965902	0.001719	0.000000	0.000000	0.000000
303	0.000000	0.000000	0.000000	0.032378	0.965886	0.001736	0.000000	0.000000	0.000000
304	0.000000	0.000000	0.000000	0.032352	0.965921	0.001727	0.000000	0.000000	0.000000
305	0.000000	0.000000	0.000000	0.032365	0.965910	0.001725	0.000000	0.000000	0.000000
306	0.000000	0.000000	0.000000	0.032071	0.966260	0.001669	0.000000	0.000000	0.000000
307	0.000000	0.000000	0.000000	0.031894	0.966374	0.001732	0.000000	0.000000	0.000000
308	0.000000	0.000000	0.000000	0.031905	0.966400	0.001695	0.000000	0.000000	0.000000
309	0.000000	0.000000	0.000000	0.031996	0.966291	0.001713	0.000000	0.000000	0.000000
310	0.000000	0.000000	0.000000	0.032179	0.966170	0.001651	0.000000	0.000000	0.000000
311	0.000000	0.000000	0.000000	0.031996	0.966308	0.001696	0.000000	0.000000	0.000000
312	0.000000	0.000000	0.000000	0.032013	0.966264	0.001723	0.000000	0.000000	0.000000
313	0.000000	0.000000	0.000000	0.031971	0.966307	0.001722	0.000000	0.000000	0.000000
314	0.000000	0.000000	0.000000	0.031676	0.966593	0.001731	0.000000	0.000000	0.000000
315	0.000000	0.000000	0.000000	0.031589	0.966724	0.001687	0.000000	0.000000	0.000000
316	0.000000	0.000000	0.000000	0.031638	0.966645	0.001717	0.000000	0.000000	0.000000
317	0.000000	0.000000	0.000000	0.031540	0.966658	0.001802	0.000000	0.000000	0.000000
318	0.000000	0.000000	0.000000	0.031572	0.966627	0.001801	0.000000	0.000000	0.000000
319	0.000000	0.000000	0.000000	0.031781	0.966478	0.001741	0.000000	0.000000	0.000000
320	0.000000	0.000000	0.000000	0.031763	0.966504	0.001733	0.000000	0.000000	0.000000
321	0.000000	0.000000	0.000000	0.031805	0.966495	0.001700	0.000000	0.000000	0.000000
322	0.000000	0.000000	0.000000	0.031683	0.966601	0.001716	0.000000	0.000000	0.000000
323	0.000000	0.000000	0.000000	0.031608	0.966680	0.001712	0.000000	0.000000	0.000000
324	0.000000	0.000000	0.000000	0.031716	0.966507	0.001777	0.000000	0.000000	0.000000
325	0.000000	0.000000	0.000000	0.031720	0.966489	0.001791	0.000000	0.000000	0.000000
326	0.000000	0.000000	0.000000	0.031586	0.966685	0.001729	0.000000	0.000000	0.000000
327	0.000000	0.000000	0.000000	0.031502	0.966767	0.001731	0.000000	0.000000	0.000000
328	0.000000	0.000000	0.000000	0.031522	0.966726	0.001752	0.000000	0.000000	0.000000
329	0.000000	0.000000	0.000000	0.031480	0.966766	0.001754	0.000000	0.000000	0.000000
330	0.000000	0.000000	0.000000	0.031592	0.966690	0.001718	0.000000	0.000000	0.000000
331	0.000000	0.000000	0.000000	0.031666	0.966624	0.001710	0.000000	0.000000	0.000000
332	0.000000	0.000000	0.000000	0.031576	0.966700	0.001724	0.000000	0.000000	0.000000
333	0.000000	0.000000	0.000000	0.031910	0.966351	0.001739	0.000000	0.000000	0.000000
334	0.000000	0.000000	0.000000	0.031812	0.966467	0.001721	0.000000	0.000000	0.000000
335	0.000000	0.000000	0.000000	0.031571	0.966666	0.001763	0.000000	0.000000	0.000000
336	0.000000	0.000000	0.000000	0.031616	0.966602	0.001782	0.000000	0.000000	0.000000
337	0.000000	0.000000	0.000000	0.031526	0.966692	0.001782	0.000000	0.000000	0.000000
338	0.000000	0.000000	0.000000	0.031821	0.966357	0.001822	0.000000	0.000000	0.000000
339	0.000000	0.000000	0.000000	0.032037	0.966129	0.001834	0.000000	0.000000	0.000000
340	0.000000	0.000000	0.000000	0.032118	0.966007	0.001875	0.000000	0.000000	0.000000
341	0.000000	0.000000	0.000000	0.032068	0.966041	0.001891	0.000000	0.000000	0.000000
342	0.000000	0.000000	0.000000	0.032302	0.965807	0.001891	0.000000	0.000000	0.000000
343	0.000000	0.000000	0.000000	0.032110	0.966017	0.001873	0.000000	0.000000	0.000000
344	0.000000	0.000000	0.000000	0.031757	0.966364	0.001879	0.000000	0.000000	0.000000
345	0.000000	0.000000	0.000000	0.031615	0.966513	0.001872	0.000000	0.000000	0.000000
346	0.000000	0.000000	0.000000	0.031625	0.966503	0.001872	0.000000	0.000000	0.000000
347	0.000000	0.000000	0.000000	0.031720	0.966417	0.001863	0.000000	0.000000	0.000000
348	0.000000	0.000000	0.000000	0.031673	0.966491	0.001836	0.000000	0.000000	0.000000
349	0.000000	0.000000	0.000000	0.031772	0.966385	0.001843	0.000000	0.000000	0.000000
350	0.000000	0.000000	0.000000	0.031711	0.966457	0.001832	0.000000	0.000000	0.000000
351	0.000000	0.000000	0.000000	0.031778	0.966420	0.001802	0.000000	0.000000	0.000000
352	0.000000	0.000000	0.000000	0.031718	0.966521	0.001761	0.000000	0.000000	0.000000
353	0.000000	0.000000	0.000000	0.031676	0.966542	0.001782	0.000000	0.000000	0.000000
354	0.000000	0.000000	0.000000	0.031767	0.966379	0.001854	0.000000	0.000000	0.000000
355	0.000000	0.000000	0.000000	0.031740	0.966456	0.001804	0.000000	0.000000	0.000000
356	0.000000	0.000000	0.000000	0.031699	0.966455	0.001846	0.000000	0.000000	0.000000
357	0.000000	0.000000	0.000000	0.031667	0.966510	0.001823	0.000000	0.000000	0.000000
358	0.000000	0.000000	0.000000	0.031682	0.966505	0.001813	0.000000	0.000000	0.000000
359	0.000000	0.000000	0.000000	0.031657	0.966508	0.001835	0.000000	0.000000	0.000000
360	0.000000	0.000000	0.000000	0.031516	0.966662	0.001822	0.000000	0.000000	0.000000
361	0.000000	0.000000	0.000000	0.031328	0.966876	0.001796	0.000000	0.000000	0.000000
362	0.000000	0.000000	0.000000	0.031331	0.966877	0.001792	0.000000	0.000000	0.000000
363	0.000000	0.000000	0.000000	0.031334	0.966873	0.001793	0.000000	0.000000	0.000000
364	0.000000	0.000000	0.000000	0.031494	0.966706	0.001800	0.000000	0.000000	0.000000
365	0.000000	0.000000	0.000000	0.031387	0.966782	0.001831	0.000000	0.000000	0.000000
366	0.000000	0.000000	0.000000	0.031504	0.966664	0.001832	0.000000	0.000000	0.000000
367	0.000000	0.000000	0.000000	0.031416	0.966764	0.001820	0.000000	0.000000	0.000000
368	0.000000	0.000000	0.000000	0.031482	0.966762	0.001756	0.000000	0.000000	0.000000
369	0.000000	0.000000	0.000000	0.031425	0.966780	0.001795	0.000000	0.000000	0.000000
370	0.000000	0.000000	0.000000	0.031655	0.966483	0.001862	0.000000	0.000000	0.000000
371	0.000000	0.000000	0.000000	0.031623	0.966509	0.001868	0.000000	0.000000	0.000000
372	0.000000	0.000000	0.000000	0.031785	0.966307	0.001908	0.000000	0.000000	0.000000
373	0.000000	0.000000	0.000000	0.031493	0.966620	0.001887	0.000000	0.000000	0.000000
374	0.000000	0.000000	0.000000	0.031272	0.966814	0.001914	0.000000	0.000000	0.000000
375	0.000000	0.000000	0.000000	0.031217	0.966842	0.001941	0.000000	0.000000	0.000000
376	0.000000	0.000000	0.000000	0.031259	0.966786	0.001955	0.000000	0.000000	0.000000
377	0.000000	0.000000	0.000000	0.031171	0.966876	0.001953	0.000000	0.000000	0.000000
378	0.000000	0.000000	0.000000	0.031091	0.966903	0.002006	0.000000	0.000000	0.000000
379	0.000000	0.000000	0.000000	0.031140	0.966808	0.002052	0.000000	0.000000	0.000000
380	0.000000	0.000000	0.000000	0.030797	0.967204	0.001999	0.000000	0.000000	0.000000
381	0.000000	0.000000	0.000000	0.030652	0.967389	0.001959	0.000000	0.000000	0.000000
382	0.000000	0.000000	0.000000	0.030554	0.967451	0.001995	0.000000	0.000000	0.000000
383	0.000000	0.000000	0.000000	0.030545	0.967400	0.002055	0.000000	0.000000	0.000000
384	0.000000	0.000000	0.000000	0.030571	0.967356	0.002073	0.000000	0.000000	0.000000
385	0.000000	0.000000	0.000000	0.030512	0.967408	0.002080	0.000000	0.000000	0.000000
386	0.000000	0.000000	0.000000	0.030421	0.967409	0.002170	0.000000	0.000000	0.000000
387	0.000000	0.000000	0.000000	0.030413	0.967423	0.002164	0.000000	0.000000	0.000000
388	0.000000	0.000000	0.000000	0.030331	0.967471	0.002198	0.000000	0.000000	0.000000
389	0.000000	0.000000	0.000000	0.030419	0.967413	0.002168	0.000000	0.000000	0.000000
390	0.000000	0.000000	0.000000	0.030512	0.967331	0.002157	0.000000	0.000000	0.000000
391	0.000000	0.000000	0.000000	0.030552	0.967332	0.002116	0.000000	0.000000	0.000000
392	0.000000	0.000000	0.000000	0.030663	0.967172	0.002165	0.000000	0.000000	0.000000
393	0.000000	0.000000	0.000000	0.030572	0.967335	0.002093	0.000000	0.000000	0.000000
394	0.000000	0.000000	0.000000	0.030405	0.967500	0.002095	0.000000	0.000000	0.000000
395	0.000000	0.000000	0.000000	0.030415	0.967548	0.002037	0.000000	0.000000	0.000000
396	0.000000	0.000000	0.000000	0.030438	0.967531	0.002031	0.000000	0.000000	0.000000
397	0.000000	0.000000	0.000000	0.030345	0.967608	0.002047	0.000000	0.000000	0.000000
398	0.000000	0.000000	0.000000	0.030404	0.967544	0.002052	0.000000	0.000000	0.000000
399	0.000000	0.000000	0.000000	0.030414	0.967587	0.001999	0.000000	0.000000	0.000000
400	0.000000	0.000000	0.000000	0.030321	0.967635	0.002044	0.000000	0.000000	0.000000
401	0.000000	0.000000	0.000000	0.030281	0.967669	0.002050	0.000000	0.000000	0.000000
402	0.000000	0.000000	0.000000	0.030264	0.967663	0.002073	0.000000	0.000000	0.000000
403	0.000000	0.000000	0.000000	0.030527	0.967417	0.002056	0.000000	0.000000	0.000000
404	0.000000	0.000000	0.000000	0.030556	0.967405	0.002039	0.000000	0.000000	0.000000
405	0.000000	0.000000	0.000000	0.030461	0.967592	0.001947	0.000000	0.000000	0.000000
406	0.000000	0.000000	0.000000	0.030394	0.967633	0.001973	0.000000	0.000000	0.000000
407	0.000000	0.000000	0.000000	0.030544	0.967526	0.001930	0.000000	0.000000	0.000000
408	0.000000	0.000000	0.000000	0.030693	0.967397	0.001910	0.000000	0.000000	0.000000
409	0.000000	0.000000	0.000000	0.030700	0.967319	0.001981	0.000000	0.000000	0.000000
410	0.000000	0.000000	0.000000	0.030935	0.967098	0.001967	0.000000	0.000000	0.000000
411	0.000000	0.000000	0.000000	0.030832	0.967209	0.001959	0.000000	0.000000	0.000000
412	0.000000	0.000000	0.000000	0.031041	0.967043	0.001916	0.000000	0.000000	0.000000
413	0.000000	0.000000	0.000000	0.031099	0.967058	0.001843	0.000000	0.000000	0.000000
414	0.000000	0.000000	0.000000	0.030947	0.967186	0.001867	0.000000	0.000000	0.000000
415	0.000000	0.000000	0.000000	0.031010	0.967153	0.001837	0.000000	0.000000	0.000000
416	0.000000	0.000000	0.000000	0.031140	0.967027	0.001833	0.000000	0.000000	0.000000
417	0.000000	0.000000	0.000000	0.031180	0.967024	0.001796	0.000000	0.000000	0.000000
418	0.000000	0.000000	0.000000	0.031335	0.966865	0.001800	0.000000	0.000000	0.000000
419	0.000000	0.000000	0.000000	0.031362	0.966872	0.001766	0.000000	0.000000	0.000000
420	0.000000	0.000000	0.000000	0.031366	0.966846	0.001788	0.000000	0.000000	0.000000
421	0.000000	0.000000	0.000000	0.031186	0.967062	0.001752	0.000000	0.000000	0.000000
422	0.000000	0.000000	0.000000	0.031142	0.967063	0.001795	0.000000	0.000000	0.000000
423	0.000000	0.000000	0.000000	0.031207	0.967044	0.001749	0.000000	0.000000	0.000000
424	0.000000	0.000000	0.000000	0.031300	0.966929	0.001771	0.000000	0.000000	0.000000
425	0.000000	0.000000	0.000000	0.031328	0.966981	0.001691	0.000000	0.000000	0.000000
426	0.000000	0.000000	0.000000	0.031411	0.966881	0.001708	0.000000	0.000000	0.000000
427	0.000000	0.000000	0.000000	0.031301	0.966950	0.001749	0.000000	0.000000	0.000000
428	0.000000	0.000000	0.000000	0.031273	0.966964	0.001763	0.000000	0.000000	0.000000
429	0.000000	0.000000	0.000000	0.031380	0.966849	0.001771	0.000000	0.000000	0.000000
430	0.000000	0.000000	0.000000	0.031153	0.967084	0.001763	0.000000	0.000000	0.000000
431	0.000000	0.000000	0.000000	0.031194	0.967044	0.001762	0.000000	0.000000	0.000000
432	0.000000	0.000000	0.000000	0.031197	0.967050	0.001753	0.000000	0.000000	0.000000
433	0.000000	0.000000	0.000000	0.031018	0.967222	0.001760	0.000000	0.000000	0.000000
434	0.000000	0.000000	0.000000	0.030930	0.967335	0.001735	0.000000	0.000000	0.000000
435	0.000000	0.000000	0.000000	0.031015	0.967276	0.001709	0.000000	0.000000	0.000000
436	0.000000	0.000000	0.000000	0.031024	0.967320	0.001656	0.000000	0.000000	0.000000
437	0.000000	0.000000	0.000000	0.031046	0.967238	0.001716	0.000000	0.000000	0.000000
438	0.000000	0.000000	0.000000	0.031102	0.967193	0.001705	0.000000	0.000000	0.000000
439	0.000000	0.000000	0.000000	0.031113	0.967213	0.001674	0.000000	0.000000	0.000000
440	0.000000	0.000000	0.000000	0.030942	0.967358	0.001700	0.000000	0.000000	0.000000
441	0.000000	0.000000	0.000000	0.031022	0.967282	0.001696	0.000000	0.000000	0.000000
442	0.000000	0.000000	0.000000	0.031062	0.967244	0.001694	0.000000	0.000000	0.000000
443	0.000000	0.000000	0.000000	0.030948	0.967339	0.001713	0.000000	0.000000	0.000000
444	0.000000	0.000000	0.000000	0.030923	0.967372	0.001705	0.000000	0.000000	0.000000
445	0.000000	0.000000	0.000000	0.030907	0.967320	0.001773	0.000000	0.000000	0.000000
446	0.000000	0.000000	0.000000	0.030694	0.967540	0.001766	0.000000	0.000000	0.000000
447	0.000000	0.000000	0.000000	0.030863	0.967364	0.001773	0.000000	0.000000	0.000000
448	0.000000	0.000000	0.000000	0.030848	0.967358	0.001794	0.000000	0.000000	0.000000
449	0.000000	0.000000	0.000000	0.030892	0.967402	0.001706	0.000000	0.000000	0.000000
450	0.000000	0.000000	0.000000	0.030824	0.967396	0.001780	0.000000	0.000000	0.000000
451	0.000000	0.000000	0.000000	0.030630	0.967619	0.001751	0.000000	0.000000	0.000000
452	0.000000	0.000000	0.000000	0.030482	0.967827	0.001691	0.000000	0.000000	0.000000
453	0.000000	0.000000	0.000000	0.030505	0.967809	0.001686	0.000000	0.000000	0.000000
454	0.000000	0.000000	0.000000	0.030721	0.967560	0.001719	0.000000	0.000000	0.000000
455	0.000000	0.000000	0.000000	0.030757	0.967496	0.001747	0.000000	0.000000	0.000000
456	0.000000	0.000000	0.000000	0.030843	0.967432	0.001725	0.000000	0.000000	0.000000
457	0.000000	0.000000	0.000000	0.030891	0.967398	0.001711	0.000000	0.000000	0.000000
458	0.000000	0.000000	0.000000	0.030831	0.967481	0.001688	0.000000	0.000000	0.000000
459	0.000000	0.000000	0.000000	0.030884	0.967422	0.001694	0.000000	0.000000	0.000000
460	0.000000	0.000000	0.000000	0.030821	0.967547	0.001632	0.000000	0.000000	0.000000
461	0.000000	0.000000	0.000000	0.031095	0.967199	0.001706	0.000000	0.000000	0.000000
462	0.000000	0.000000	0.000000	0.031004	0.967359	0.001637	0.000000	0.000000	0.000000
463	0.000000	0.000000	0.000000	0.030833	0.967532	0.001635	0.000000	0.000000	0.000000
464	0.000000	0.000000	0.000000	0.030756	0.967583	0.001661	0.000000	0.000000	0.000000
465	0.000000	0.000000	0.000000	0.030715	0.967625	0.001660	0.000000	0.000000	0.000000
466	0.000000	0.000000	0.000000	0.030460	0.967854	0.001686	0.000000	0.000000	0.000000
467	0.000000	0.000000	0.000000	0.030438	0.967863	0.001699	0.000000	0.000000	0.000000
468	0.000000	0.000000	0.000000	0.030308	0.968014	0.001678	0.000000	0.000000	0.000000
469	0.000000	0.000000	0.000000	0.029937	0.968415	0.001648	0.000000	0.000000	0.000000
470	0.000000	0.000000	0.000000	0.030012	0.968309	0.001679	0.000000	0.000000	0.000000
