0	0.290663	0.057897	0.229473	0.157588	0.029913	0.111872	0.085455	0.012259	0.024880
1	0.224635	0.046446	0.194650	0.140633	0.028617	0.121411	0.125523	0.024230	0.093855
2	0.218178	0.044613	0.188329	0.136239	0.029193	0.118908	0.131749	0.025136	0.107655
3	0.218774	0.043501	0.184746	0.131652	0.029989	0.113847	0.134477	0.025521	0.117493
4	0.219975	0.042807	0.180916	0.128003	0.031091	0.109333	0.136130	0.025299	0.126446
5	0.221612	0.042117	0.177209	0.125673	0.032173	0.104393	0.137336	0.025248	0.134239
6	0.223953	0.041087	0.173537	0.122591	0.033415	0.099722	0.138129	0.024963	0.142603
7	0.226290	0.040309	0.169540	0.120308	0.034584	0.095271	0.138885	0.024824	0.149989
8	0.228473	0.039973	0.165914	0.117872	0.035955	0.091086	0.138354	0.024153	0.158220
9	0.230225	0.039265	0.161777	0.115359	0.037429	0.086769	0.138809	0.023779	0.166588
10	0.232406	0.038789	0.157525	0.112996	0.039115	0.082324	0.138467	0.023422	0.174956
11	0.234734	0.038104	0.153598	0.110570	0.041020	0.078052	0.138211	0.022876	0.182835
12	0.237406	0.037345	0.148879	0.108334	0.042521	0.073730	0.137762	0.022468	0.191555
13	0.239690	0.036804	0.144636	0.106058	0.044565	0.069553	0.136472	0.022266	0.199956
14	0.241220	0.036338	0.140929	0.104185	0.046593	0.065447	0.135762	0.021500	0.208026
15	0.243141	0.035745	0.137497	0.101872	0.048481	0.061987	0.134633	0.020962	0.215682
16	0.244957	0.035079	0.133588	0.099456	0.050866	0.058561	0.133452	0.020640	0.223401
17	0.246547	0.034373	0.129526	0.097804	0.053138	0.055330	0.132123	0.019948	0.231211
18	0.248237	0.033884	0.125793	0.095758	0.055134	0.052363	0.130895	0.019659	0.238277
19	0.249935	0.033422	0.121242	0.093820	0.057728	0.049453	0.129419	0.019076	0.245905
20	0.251260	0.032957	0.117085	0.091723	0.060536	0.046540	0.128377	0.018789	0.252733
21	0.253186	0.032242	0.113307	0.089841	0.063361	0.043807	0.126844	0.018169	0.259243
22	0.254639	0.031399	0.109272	0.087823	0.066212	0.041733	0.125122	0.017744	0.266056
23	0.255929	0.030790	0.105775	0.085754	0.069140	0.039541	0.123122	0.017200	0.272749
24	0.257460	0.030121	0.101809	0.084147	0.072128	0.037106	0.121263	0.016673	0.279293
25	0.258537	0.029261	0.098281	0.082475	0.075208	0.035317	0.119970	0.016038	0.284913
26	0.259951	0.028656	0.094500	0.080343	0.078513	0.033157	0.118293	0.015822	0.290765
27	0.260711	0.028025	0.091105	0.078556	0.081737	0.031582	0.116400	0.015436	0.296448
28	0.261422	0.027234	0.088060	0.077123	0.084959	0.029685	0.114470	0.014935	0.302112
29	0.262463	0.026716	0.084553	0.075248	0.088373	0.028164	0.112386	0.014487	0.307610
30	0.263245	0.026237	0.081125	0.073519	0.092302	0.026375	0.110581	0.014013	0.312603
31	0.263400	0.025712	0.077356	0.072182	0.096068	0.024783	0.108712	0.013765	0.318022
32	0.263798	0.025188	0.073763	0.070918	0.099680	0.023675	0.106519	0.013321	0.323138
33	0.263726	0.024514	0.070845	0.069487	0.103547	0.022541	0.104589	0.012943	0.327808
34	0.263529	0.024093	0.067976	0.067967	0.107480	0.021495	0.103034	0.012571	0.331855
35	0.263339	0.023350	0.065287	0.066917	0.111593	0.020402	0.100615	0.012169	0.336328
36	0.263003	0.022798	0.062389	0.065567	0.115935	0.019247	0.098554	0.011859	0.340648
37	0.262660	0.022241	0.059476	0.064000	0.120207	0.018508	0.096715	0.011440	0.344753
38	0.262246	0.021628	0.056777	0.062502	0.124948	0.017399	0.094886	0.010999	0.348615
39	0.261725	0.020809	0.054088	0.061144	0.129752	0.016191	0.093140	0.010726	0.352425
40	0.260758	0.020255	0.051721	0.059949	0.134403	0.015167	0.091473	0.010338	0.355936
41	0.259903	0.019840	0.049428	0.058449	0.139545	0.014614	0.089352	0.009980	0.358889
42	0.258837	0.019416	0.047046	0.057429	0.144392	0.013687	0.087281	0.009548	0.362364
43	0.257605	0.018868	0.044873	0.056268	0.149209	0.012883	0.085076	0.009259	0.365959
44	0.256515	0.018271	0.042599	0.055184	0.154782	0.011968	0.083532	0.008993	0.368156
45	0.254969	0.017935	0.040685	0.054092	0.159899	0.011319	0.081870	0.008745	0.370486
46	0.253611	0.017455	0.038838	0.052972	0.165106	0.010941	0.079418	0.008571	0.373088
47	0.251876	0.016974	0.036699	0.052444	0.170232	0.010329	0.077451	0.008318	0.375677
48	0.250311	0.016606	0.034836	0.051444	0.175739	0.009815	0.075646	0.007998	0.377605
49	0.248712	0.016169	0.033140	0.050289	0.181405	0.009418	0.073430	0.007790	0.379647
50	0.246293	0.015655	0.031423	0.049444	0.186601	0.008975	0.071968	0.007571	0.382070
51	0.243796	0.015063	0.029904	0.048718	0.192777	0.008680	0.070384	0.007259	0.383419
52	0.241892	0.014452	0.028617	0.047751	0.198682	0.008233	0.068218	0.007104	0.385051
53	0.239608	0.014106	0.027158	0.046937	0.204992	0.007863	0.066364	0.006885	0.386087
54	0.238158	0.013637	0.025585	0.046127	0.211116	0.007469	0.064476	0.006606	0.386826
55	0.235912	0.013073	0.024173	0.044930	0.217439	0.007205	0.062884	0.006380	0.388004
56	0.233158	0.012666	0.022870	0.044298	0.223851	0.007009	0.060983	0.006185	0.388980
57	0.230600	0.012216	0.021667	0.043595	0.229666	0.006776	0.058812	0.005984	0.390684
58	0.228082	0.011630	0.020730	0.042724	0.235906	0.006420	0.056905	0.005891	0.391712
59	0.225387	0.011265	0.019777	0.041918	0.242206	0.006078	0.055288	0.005545	0.392536
60	0.222252	0.010814	0.018889	0.041506	0.248197	0.005966	0.053860	0.005470	0.393046
61	0.219225	0.010315	0.017904	0.040671	0.254984	0.005655	0.052624	0.005274	0.393348
62	0.215878	0.010017	0.017008	0.039930	0.262039	0.005407	0.051000	0.005135	0.393586
63	0.212619	0.009818	0.015914	0.039408	0.269053	0.005124	0.049599	0.004909	0.393556
64	0.209675	0.009463	0.015070	0.039257	0.275500	0.004782	0.048042	0.004838	0.393373
65	0.206125	0.009058	0.014374	0.038680	0.282929	0.004599	0.046706	0.004755	0.392774
66	0.203098	0.008575	0.013486	0.038113	0.289560	0.004474	0.045292	0.004554	0.392848
67	0.200033	0.008385	0.012726	0.037920	0.296339	0.004290	0.044184	0.004404	0.391719
68	0.196735	0.008059	0.011959	0.037460	0.303539	0.004204	0.042969	0.004206	0.390869
69	0.193379	0.007668	0.011194	0.036892	0.310671	0.004166	0.041772	0.004051	0.390207
70	0.190066	0.007416	0.010568	0.036446	0.317465	0.004006	0.040558	0.003966	0.389509
71	0.186596	0.007179	0.010051	0.036207	0.324750	0.003842	0.039410	0.003847	0.388118
72	0.183625	0.006821	0.009486	0.036009	0.331225	0.003716	0.038407	0.003788	0.386923
73	0.179761	0.006567	0.008815	0.035719	0.338151	0.003769	0.037382	0.003650	0.386186
74	0.176303	0.006307	0.008275	0.035607	0.345460	0.003642	0.036505	0.003502	0.384399
75	0.173303	0.006034	0.007574	0.035283	0.352369	0.003466	0.035625	0.003270	0.383076
76	0.169794	0.005899	0.007316	0.034830	0.359496	0.003493	0.034188	0.003207	0.381777
77	0.166623	0.005689	0.006842	0.034584	0.366791	0.003418	0.033154	0.003066	0.379833
78	0.163621	0.005448	0.006510	0.034498	0.373745	0.003271	0.031687	0.002985	0.378235
79	0.160191	0.005233	0.005947	0.034293	0.380990	0.003160	0.030913	0.002919	0.376354
80	0.157339	0.004955	0.005651	0.033788	0.388286	0.003001	0.029714	0.002803	0.374463
81	0.154372	0.004773	0.005186	0.033374	0.395502	0.002964	0.028609	0.002735	0.372485
82	0.150932	0.004624	0.004840	0.033172	0.402631	0.002886	0.027830	0.002638	0.370447
83	0.147560	0.004407	0.004590	0.033135	0.409827	0.002895	0.026779	0.002516	0.368291
84	0.144103	0.004257	0.004360	0.032843	0.417092	0.002808	0.025887	0.002427	0.366223
85	0.140927	0.004118	0.004051	0.032677	0.423799	0.002731	0.025187	0.002285	0.364225
86	0.137486	0.003942	0.003969	0.032397	0.431090	0.002642	0.024636	0.002223	0.361615
87	0.134217	0.003728	0.003728	0.032177	0.438454	0.002559	0.023829	0.002153	0.359155
88	0.131012	0.003591	0.003540	0.031940	0.445461	0.002557	0.023237	0.002117	0.356545
89	0.128414	0.003419	0.003267	0.031794	0.452543	0.002521	0.022455	0.002097	0.353490
90	0.125207	0.003238	0.003108	0.031461	0.459869	0.002455	0.021941	0.001988	0.350733
91	0.121838	0.003143	0.002965	0.031441	0.466838	0.002401	0.021111	0.001926	0.348337
92	0.118580	0.002933	0.002862	0.031201	0.473628	0.002317	0.020412	0.001843	0.346224
93	0.115687	0.002799	0.002747	0.031130	0.480567	0.002282	0.019769	0.001758	0.343261
94	0.112833	0.002735	0.002624	0.030922	0.487675	0.002246	0.019050	0.001616	0.340299
95	0.109523	0.002623	0.002426	0.030714	0.494479	0.002287	0.018768	0.001529	0.337651
96	0.106252	0.002481	0.002243	0.030523	0.502035	0.002220	0.018191	0.001470	0.334585
97	0.103291	0.002369	0.002159	0.030443	0.508621	0.002229	0.017536	0.001399	0.331953
98	0.100412	0.002204	0.001969	0.030300	0.515925	0.002104	0.017248	0.001399	0.328439
99	0.097413	0.002119	0.001841	0.030201	0.522606	0.002036	0.016895	0.001337	0.325552
100	0.094862	0.002030	0.001725	0.029934	0.530089	0.001930	0.016370	0.001252	0.321808
101	0.092086	0.001897	0.001611	0.029780	0.536521	0.001907	0.016144	0.001216	0.318838
102	0.089362	0.001770	0.001480	0.029749	0.543526	0.001887	0.015600	0.001141	0.315485
103	0.086463	0.001653	0.001376	0.029531	0.550611	0.001896	0.015046	0.001118	0.312306
104	0.083621	0.001613	0.001283	0.029564	0.557504	0.001875	0.014638	0.001046	0.308856
105	0.080752	0.001516	0.001198	0.029686	0.564168	0.001890	0.014195	0.001011	0.305584
106	0.077926	0.001404	0.001126	0.029699	0.571214	0.001788	0.013786	0.000967	0.302090
107	0.075754	0.001323	0.001074	0.029502	0.578006	0.001777	0.013388	0.000924	0.298252
108	0.073112	0.001262	0.000957	0.029502	0.584111	0.001805	0.013014	0.000885	0.295352
109	0.070662	0.001191	0.000890	0.029325	0.591062	0.001749	0.012634	0.000819	0.291668
110	0.068509	0.001190	0.000845	0.029207	0.597853	0.001719	0.012239	0.000793	0.287645
111	0.066348	0.001139	0.000786	0.029238	0.604054	0.001720	0.011919	0.000800	0.283996
112	0.064099	0.001098	0.000710	0.029191	0.610875	0.001656	0.011621	0.000709	0.280041
113	0.061717	0.001035	0.000661	0.029267	0.616948	0.001563	0.011332	0.000706	0.276771
114	0.059625	0.001003	0.000565	0.029400	0.622558	0.001563	0.010989	0.000676	0.273621
115	0.057442	0.000959	0.000529	0.029334	0.628665	0.001574	0.010805	0.000666	0.270026
116	0.055605	0.000884	0.000486	0.029439	0.634518	0.001575	0.010361	0.000609	0.266523
117	0.053607	0.000877	0.000448	0.029492	0.640515	0.001544	0.010120	0.000570	0.262827
118	0.051640	0.000802	0.000432	0.029363	0.646543	0.001588	0.009804	0.000557	0.259271
119	0.049577	0.000798	0.000404	0.029553	0.652303	0.001560	0.009518	0.000508	0.255779
120	0.047620	0.000802	0.000377	0.029565	0.657899	0.001489	0.009184	0.000503	0.252561
121	0.045734	0.000784	0.000361	0.029502	0.663654	0.001489	0.008850	0.000469	0.249157
122	0.044276	0.000683	0.000343	0.029510	0.669024	0.001432	0.008670	0.000460	0.245602
123	0.042590	0.000618	0.000343	0.029476	0.674519	0.001377	0.008463	0.000479	0.242135
124	0.041121	0.000586	0.000298	0.029232	0.680170	0.001394	0.008122	0.000449	0.238628
125	0.039646	0.000585	0.000292	0.029276	0.685669	0.001384	0.007869	0.000450	0.234829
126	0.038090	0.000530	0.000263	0.029178	0.691502	0.001349	0.007584	0.000445	0.231059
127	0.036586	0.000470	0.000228	0.029312	0.696662	0.001338	0.007498	0.000428	0.227478
128	0.035031	0.000427	0.000215	0.029285	0.702109	0.001327	0.007337	0.000421	0.223848
129	0.033797	0.000394	0.000221	0.029234	0.706862	0.001339	0.007100	0.000415	0.220638
130	0.032571	0.000384	0.000200	0.029227	0.712095	0.001371	0.006814	0.000381	0.216957
131	0.031432	0.000361	0.000181	0.029164	0.717342	0.001413	0.006581	0.000358	0.213168
132	0.030334	0.000341	0.000150	0.029197	0.722494	0.001369	0.006401	0.000335	0.209379
133	0.029051	0.000326	0.000130	0.029125	0.727626	0.001351	0.006154	0.000306	0.205931
134	0.028156	0.000335	0.000121	0.029263	0.732398	0.001394	0.005957	0.000306	0.202070
135	0.027094	0.000273	0.000107	0.029163	0.737258	0.001374	0.005682	0.000282	0.198767
136	0.026069	0.000262	0.000108	0.029114	0.741925	0.001338	0.005428	0.000262	0.195494
137	0.025100	0.000239	0.000104	0.028922	0.746774	0.001309	0.005291	0.000249	0.192012
138	0.023882	0.000232	0.000100	0.029041	0.751095	0.001325	0.005069	0.000229	0.189027
139	0.023115	0.000232	0.000096	0.028809	0.755745	0.001292	0.004850	0.000208	0.185653
140	0.022050	0.000196	0.000094	0.028733	0.760484	0.001261	0.004578	0.000188	0.182416
141	0.021124	0.000187	0.000077	0.028543	0.764724	0.001306	0.004449	0.000171	0.179419
142	0.020369	0.000154	0.000065	0.028688	0.768791	0.001285	0.004328	0.000172	0.176148
143	0.019386	0.000138	0.000065	0.028533	0.773339	0.001306	0.004207	0.000154	0.172872
144	0.018534	0.000137	0.000052	0.028473	0.777606	0.001276	0.004040	0.000137	0.169745
145	0.017756	0.000107	0.000042	0.028493	0.781503	0.001266	0.003923	0.000139	0.166771
146	0.016827	0.000090	0.000036	0.028463	0.785726	0.001286	0.003818	0.000136	0.163618
147	0.016184	0.000080	0.000030	0.028620	0.789536	0.001327	0.003665	0.000119	0.160439
148	0.015327	0.000071	0.000028	0.028794	0.793484	0.001311	0.003482	0.000131	0.157372
149	0.014757	0.000070	0.000024	0.028796	0.797552	0.001331	0.003342	0.000109	0.154019
150	0.014073	0.000068	0.000018	0.028684	0.801550	0.001367	0.003228	0.000111	0.150901
151	0.013388	0.000066	0.000021	0.029019	0.805152	0.001323	0.002997	0.000099	0.147935
152	0.012869	0.000053	0.000016	0.029035	0.808898	0.001309	0.002957	0.000096	0.144767
153	0.012341	0.000053	0.000016	0.028798	0.812699	0.001355	0.002847	0.000098	0.141793
154	0.011751	0.000039	0.000013	0.028618	0.816140	0.001330	0.002755	0.000096	0.139258
155	0.011316	0.000031	0.000014	0.028475	0.819780	0.001346	0.002677	0.000087	0.136274
156	0.010884	0.000024	0.000007	0.028672	0.822904	0.001398	0.002608	0.000090	0.133413
157	0.010398	0.000021	0.000008	0.028881	0.826450	0.001343	0.002473	0.000088	0.130338
158	0.009959	0.000024	0.000008	0.028841	0.829603	0.001384	0.002394	0.000080	0.127707
159	0.009515	0.000016	0.000007	0.028763	0.832798	0.001442	0.002278	0.000079	0.125102
160	0.009085	0.000014	0.000007	0.028664	0.835841	0.001435	0.002201	0.000082	0.122671
161	0.008704	0.000015	0.000004	0.028450	0.839323	0.001401	0.002129	0.000090	0.119884
162	0.008365	0.000012	0.000004	0.028465	0.842302	0.001423	0.002093	0.000093	0.117243
163	0.007927	0.000010	0.000002	0.028345	0.845521	0.001413	0.002050	0.000100	0.114632
164	0.007545	0.000011	0.000003	0.028445	0.848452	0.001393	0.001945	0.000111	0.112095
165	0.007097	0.000007	0.000002	0.028162	0.851650	0.001345	0.001836	0.000091	0.109810
166	0.006860	0.000008	0.000002	0.028215	0.854357	0.001400	0.001806	0.000087	0.107265
167	0.006641	0.000005	0.000001	0.028181	0.857125	0.001365	0.001717	0.000085	0.104880
168	0.006294	0.000004	0.000001	0.028305	0.859666	0.001400	0.001621	0.000085	0.102624
169	0.006128	0.000000	0.000001	0.028423	0.862163	0.001366	0.001532	0.000088	0.100299
170	0.005830	0.000000	0.000000	0.028524	0.864577	0.001350	0.001486	0.000096	0.098137
171	0.005526	0.000000	0.000000	0.028492	0.867119	0.001388	0.001414	0.000080	0.095981
172	0.005272	0.000000	0.000000	0.028359	0.869863	0.001300	0.001413	0.000074	0.093719
173	0.004992	0.000000	0.000000	0.028230	0.872358	0.001331	0.001416	0.000067	0.091606
174	0.004775	0.000000	0.000000	0.028280	0.874763	0.001290	0.001366	0.000072	0.089454
175	0.004594	0.000000	0.000000	0.028517	0.876682	0.001320	0.001354	0.000068	0.087465
176	0.004428	0.000000	0.000000	0.028512	0.878739	0.001344	0.001367	0.000065	0.085545
177	0.004176	0.000000	0.000000	0.028541	0.880969	0.001359	0.001290	0.000074	0.083591
178	0.003973	0.000000	0.000000	0.028459	0.883236	0.001344	0.001238	0.000082	0.081668
179	0.003745	0.000000	0.000000	0.028299	0.885648	0.001315	0.001196	0.000075	0.079722
180	0.003517	0.000000	0.000000	0.028225	0.888013	0.001303	0.001192	0.000077	0.077673
181	0.003444	0.000000	0.000000	0.028179	0.890088	0.001260	0.001159	0.000079	0.075791
182	0.003307	0.000000	0.000000	0.028139	0.892159	0.001252	0.001143	0.000083	0.073917
183	0.003069	0.000000	0.000000	0.028207	0.894211	0.001277	0.001060	0.000090	0.072086
184	0.002880	0.000000	0.000000	0.028199	0.896171	0.001235	0.001045	0.000100	0.070370
185	0.002742	0.000000	0.000000	0.028380	0.897968	0.001219	0.001024	0.000101	0.068566
186	0.002582	0.000000	0.000000	0.028314	0.900135	0.001196	0.001004	0.000103	0.066666
187	0.002415	0.000000	0.000000	0.028389	0.901922	0.001186	0.000997	0.000091	0.065000
188	0.002357	0.000000	0.000000	0.028394	0.903686	0.001207	0.000998	0.000093	0.063265
189	0.002250	0.000000	0.000000	0.028325	0.905721	0.001232	0.000949	0.000082	0.061441
190	0.002168	0.000000	0.000000	0.028095	0.907564	0.001196	0.000938	0.000085	0.059954
191	0.002076	0.000000	0.000000	0.028106	0.909250	0.001191	0.000899	0.000064	0.058414
192	0.001989	0.000000	0.000000	0.028169	0.910589	0.001194	0.000868	0.000063	0.057128
193	0.001909	0.000000	0.000000	0.028157	0.912042	0.001198	0.000855	0.000065	0.055774
194	0.001795	0.000000	0.000000	0.028166	0.913677	0.001209	0.000836	0.000065	0.054252
195	0.001729	0.000000	0.000000	0.028136	0.915279	0.001207	0.000801	0.000067	0.052781
196	0.001610	0.000000	0.000000	0.028203	0.916547	0.001235	0.000772	0.000066	0.051567
197	0.001491	0.000000	0.000000	0.028148	0.918296	0.001231	0.000756	0.000058	0.050020
198	0.001412	0.000000	0.000000	0.027956	0.919865	0.001249	0.000743	0.000059	0.048716
199	0.001291	0.000000	0.000000	0.027996	0.921275	0.001252	0.000707	0.000063	0.047416
200	0.001240	0.000000	0.000000	0.027896	0.922692	0.001272	0.000724	0.000063	0.046113
201	0.001178	0.000000	0.000000	0.027596	0.924085	0.001291	0.000675	0.000055	0.045120
202	0.001154	0.000000	0.000000	0.027736	0.925173	0.001277	0.000660	0.000045	0.043955
203	0.001128	0.000000	0.000000	0.027921	0.926201	0.001268	0.000641	0.000039	0.042802
204	0.001035	0.000000	0.000000	0.027826	0.927776	0.001212	0.000612	0.000045	0.041494
205	0.000990	0.000000	0.000000	0.028105	0.928703	0.001231	0.000615	0.000042	0.040314
206	0.000913	0.000000	0.000000	0.027995	0.929964	0.001248	0.000568	0.000045	0.039267
207	0.000874	0.000000	0.000000	0.028004	0.931163	0.001287	0.000563	0.000041	0.038068
208	0.000859	0.000000	0.000000	0.028031	0.932139	0.001296	0.000563	0.000043	0.037069
209	0.000805	0.000000	0.000000	0.028169	0.933275	0.001256	0.000544	0.000043	0.035908
210	0.000773	0.000000	0.000000	0.028164	0.934453	0.001233	0.000527	0.000043	0.034807
211	0.000752	0.000000	0.000000	0.028250	0.935371	0.001207	0.000498	0.000037	0.033885
212	0.000732	0.000000	0.000000	0.028406	0.936208	0.001238	0.000495	0.000035	0.032886
213	0.000731	0.000000	0.000000	0.028515	0.937007	0.001214	0.000496	0.000036	0.032001
214	0.000675	0.000000	0.000000	0.028485	0.937977	0.001198	0.000475	0.000045	0.031145
215	0.000631	0.000000	0.000000	0.028593	0.938957	0.001173	0.000481	0.000051	0.030114
216	0.000593	0.000000	0.000000	0.028641	0.939883	0.001138	0.000482	0.000049	0.029214
217	0.000559	0.000000	0.000000	0.028668	0.940752	0.001146	0.000441	0.000049	0.028385
218	0.000517	0.000000	0.000000	0.028534	0.941806	0.001142	0.000414	0.000049	0.027538
219	0.000477	0.000000	0.000000	0.028500	0.942617	0.001148	0.000410	0.000053	0.026795
220	0.000478	0.000000	0.000000	0.028474	0.943329	0.001128	0.000442	0.000060	0.026089
221	0.000453	0.000000	0.000000	0.028565	0.944055	0.001143	0.000420	0.000055	0.025309
222	0.000392	0.000000	0.000000	0.028510	0.944914	0.001149	0.000418	0.000050	0.024567
223	0.000386	0.000000	0.000000	0.028439	0.945747	0.001148	0.000424	0.000054	0.023802
224	0.000358	0.000000	0.000000	0.028269	0.946724	0.001140	0.000416	0.000054	0.023039
225	0.000352	0.000000	0.000000	0.028252	0.947610	0.001127	0.000406	0.000059	0.022194
226	0.000323	0.000000	0.000000	0.028335	0.948135	0.001138	0.000414	0.000061	0.021594
227	0.000288	0.000000	0.000000	0.028274	0.948919	0.001174	0.000402	0.000059	0.020884
228	0.000279	0.000000	0.000000	0.028281	0.949554	0.001135	0.000432	0.000063	0.020256
229	0.000277	0.000000	0.000000	0.028464	0.949887	0.001168	0.000403	0.000072	0.019729
230	0.000270	0.000000	0.000000	0.028235	0.950749	0.001178	0.000405	0.000065	0.019098
231	0.000272	0.000000	0.000000	0.028331	0.951155	0.001191	0.000402	0.000068	0.018581
232	0.000249	0.000000	0.000000	0.028345	0.951795	0.001190	0.000385	0.000059	0.017977
233	0.000256	0.000000	0.000000	0.028267	0.952445	0.001206	0.000380	0.000064	0.017382
234	0.000232	0.000000	0.000000	0.028600	0.952578	0.001226	0.000347	0.000053	0.016964
235	0.000213	0.000000	0.000000	0.028735	0.953023	0.001202	0.000349	0.000051	0.016427
236	0.000205	0.000000	0.000000	0.029141	0.953114	0.001180	0.000355	0.000057	0.015948
237	0.000196	0.000000	0.000000	0.029381	0.953372	0.001205	0.000328	0.000052	0.015466
238	0.000186	0.000000	0.000000	0.029114	0.954156	0.001198	0.000305	0.000058	0.014983
239	0.000170	0.000000	0.000000	0.029055	0.954768	0.001156	0.000279	0.000059	0.014513
240	0.000166	0.000000	0.000000	0.029096	0.955242	0.001115	0.000245	0.000066	0.014070
241	0.000157	0.000000	0.000000	0.028830	0.955913	0.001106	0.000236	0.000065	0.013693
242	0.000149	0.000000	0.000000	0.028717	0.956561	0.001124	0.000232	0.000061	0.013156
243	0.000148	0.000000	0.000000	0.028724	0.956835	0.001186	0.000226	0.000054	0.012827
244	0.000135	0.000000	0.000000	0.028608	0.957337	0.001240	0.000231	0.000047	0.012402
245	0.000118	0.000000	0.000000	0.028730	0.957624	0.001241	0.000201	0.000049	0.012037
246	0.000115	0.000000	0.000000	0.028771	0.958045	0.001209	0.000178	0.000048	0.011634
247	0.000116	0.000000	0.000000	0.028716	0.958458	0.001220	0.000175	0.000050	0.011265
248	0.000110	0.000000	0.000000	0.028772	0.958768	0.001201	0.000159	0.000035	0.010955
249	0.000108	0.000000	0.000000	0.028722	0.959318	0.001196	0.000147	0.000039	0.010470
250	0.000108	0.000000	0.000000	0.028916	0.959447	0.001201	0.000147	0.000043	0.010138
251	0.000100	0.000000	0.000000	0.028785	0.959991	0.001143	0.000130	0.000033	0.009818
252	0.000089	0.000000	0.000000	0.028934	0.960165	0.001202	0.000126	0.000027	0.009457
253	0.000080	0.000000	0.000000	0.028757	0.960619	0.001216	0.000107	0.000034	0.009187
254	0.000079	0.000000	0.000000	0.028751	0.960907	0.001252	0.000103	0.000033	0.008875
255	0.000068	0.000000	0.000000	0.028738	0.961354	0.001241	0.000081	0.000033	0.008485
256	0.000066	0.000000	0.000000	0.028599	0.961759	0.001255	0.000085	0.000028	0.008208
257	0.000066	0.000000	0.000000	0.028590	0.962111	0.001240	0.000069	0.000016	0.007908
258	0.000053	0.000000	0.000000	0.028595	0.962432	0.001240	0.000058	0.000021	0.007601
259	0.000054	0.000000	0.000000	0.028495	0.962920	0.001241	0.000063	0.000015	0.007212
260	0.000048	0.000000	0.000000	0.028363	0.963283	0.001240	0.000051	0.000017	0.006998
261	0.000041	0.000000	0.000000	0.028422	0.963411	0.001264	0.000039	0.000013	0.006810
262	0.000039	0.000000	0.000000	0.028301	0.963759	0.001271	0.000040	0.000014	0.006576
263	0.000043	0.000000	0.000000	0.028216	0.964076	0.001296	0.000046	0.000013	0.006310
264	0.000049	0.000000	0.000000	0.028168	0.964399	0.001287	0.000041	0.000012	0.006044
265	0.000042	0.000000	0.000000	0.028253	0.964569	0.001227	0.000038	0.000011	0.005860
266	0.000032	0.000000	0.000000	0.028419	0.964657	0.001219	0.000043	0.000008	0.005622
267	0.000034	0.000000	0.000000	0.028460	0.964831	0.001221	0.000032	0.000005	0.005417
268	0.000030	0.000000	0.000000	0.028457	0.965092	0.001204	0.000030	0.000006	0.005181
269	0.000022	0.000000	0.000000	0.028602	0.965130	0.001204	0.000033	0.000009	0.005000
270	0.000018	0.000000	0.000000	0.028635	0.965298	0.001239	0.000027	0.000013	0.004770
271	0.000020	0.000000	0.000000	0.028565	0.965475	0.001264	0.000035	0.000017	0.004624
272	0.000020	0.000000	0.000000	0.028566	0.965693	0.001245	0.000029	0.000018	0.004429
273	0.000020	0.000000	0.000000	0.028499	0.965954	0.001233	0.000028	0.000012	0.004254
274	0.000019	0.000000	0.000000	0.028629	0.966025	0.001212	0.000019	0.000015	0.004081
275	0.000020	0.000000	0.000000	0.028611	0.966123	0.001223	0.000020	0.000015	0.003988
276	0.000016	0.000000	0.000000	0.028628	0.966215	0.001234	0.000019	0.000012	0.003876
277	0.000018	0.000000	0.000000	0.028607	0.966422	0.001237	0.000021	0.000007	0.003688
278	0.000017	0.000000	0.000000	0.028779	0.966370	0.001248	0.000026	0.000007	0.003553
279	0.000020	0.000000	0.000000	0.028814	0.966499	0.001237	0.000018	0.000005	0.003407
280	0.000020	0.000000	0.000000	0.028682	0.966804	0.001220	0.000013	0.000007	0.003254
281	0.000017	0.000000	0.000000	0.028768	0.966855	0.001199	0.000018	0.000006	0.003137
282	0.000013	0.000000	0.000000	0.028774	0.967004	0.001192	0.000024	0.000004	0.002989
283	0.000017	0.000000	0.000000	0.029037	0.966840	0.001192	0.000026	0.000006	0.002882
284	0.000016	0.000000	0.000000	0.028799	0.967180	0.001206	0.000024	0.000003	0.002772
285	0.000019	0.000000	0.000000	0.028861	0.967234	0.001207	0.000029	0.000003	0.002647
286	0.000018	0.000000	0.000000	0.028864	0.967308	0.001222	0.000026	0.000004	0.002558
287	0.000017	0.000000	0.000000	0.028764	0.967501	0.001218	0.000030	0.000001	0.002469
288	0.000018	0.000000	0.000000	0.028718	0.967728	0.001153	0.000028	0.000001	0.002354
289	0.000020	0.000000	0.000000	0.028694	0.967832	0.001181	0.000030	0.000000	0.002243
290	0.000022	0.000000	0.000000	0.028621	0.967930	0.001218	0.000039	0.000000	0.002170
291	0.000021	0.000000	0.000000	0.028233	0.968424	0.001206	0.000040	0.000000	0.002076
292	0.000020	0.000000	0.000000	0.028289	0.968443	0.001238	0.000033	0.000000	0.001977
293	0.000020	0.000000	0.000000	0.028395	0.968447	0.001221	0.000029	0.000000	0.001888
294	0.000020	0.000000	0.000000	0.028319	0.968573	0.001220	0.000023	0.000000	0.001845
295	0.000021	0.000000	0.000000	0.028299	0.968694	0.001209	0.000024	0.000000	0.001753
296	0.000015	0.000000	0.000000	0.028266	0.968833	0.001209	0.000018	0.000000	0.001659
297	0.000010	0.000000	0.000000	0.028208	0.969020	0.001163	0.000010	0.000000	0.001589
298	0.000010	0.000000	0.000000	0.028330	0.968924	0.001194	0.000011	0.000000	0.001531
299	0.000005	0.000000	0.000000	0.028417	0.968946	0.001164	0.000002	0.000000	0.001466
300	0.000002	0.000000	0.000000	0.028253	0.969146	0.001171	0.000001	0.000000	0.001427
301	0.000001	0.000000	0.000000	0.027960	0.969485	0.001208	0.000002	0.000000	0.001344
302	0.000000	0.000000	0.000000	0.028082	0.969477	0.001162	0.000001	0.000000	0.001278
303	0.000000	0.000000	0.000000	0.028052	0.969539	0.001196	0.000002	0.000000	0.001211
304	0.000000	0.000000	0.000000	0.027979	0.969679	0.001182	0.000001	0.000000	0.001159
305	0.000000	0.000000	0.000000	0.027949	0.969690	0.001221	0.000002	0.000000	0.001138
306	0.000000	0.000000	0.000000	0.028105	0.969566	0.001229	0.000000	0.000000	0.001100
307	0.000000	0.000000	0.000000	0.028124	0.969626	0.001211	0.000000	0.000000	0.001039
308	0.000000	0.000000	0.000000	0.028298	0.969553	0.001202	0.000000	0.000000	0.000947
309	0.000000	0.000000	0.000000	0.028290	0.969604	0.001173	0.000000	0.000000	0.000933
310	0.000000	0.000000	0.000000	0.028186	0.969747	0.001171	0.000000	0.000000	0.000896
311	0.000000	0.000000	0.000000	0.028164	0.969832	0.001158	0.000000	0.000000	0.000846
312	0.000000	0.000000	0.000000	0.028076	0.969956	0.001137	0.000000	0.000000	0.000831
313	0.000000	0.000000	0.000000	0.028203	0.969854	0.001156	0.000000	0.000000	0.000787
314	0.000000	0.000000	0.000000	0.028128	0.969999	0.001156	0.000000	0.000000	0.000717
315	0.000000	0.000000	0.000000	0.028052	0.970096	0.001164	0.000000	0.000000	0.000688
316	0.000000	0.000000	0.000000	0.027971	0.970190	0.001188	0.000000	0.000000	0.000651
317	0.000000	0.000000	0.000000	0.027784	0.970466	0.001138	0.000000	0.000000	0.000612
318	0.000000	0.000000	0.000000	0.027704	0.970541	0.001169	0.000000	0.000000	0.000586
319	0.000000	0.000000	0.000000	0.027827	0.970447	0.001176	0.000000	0.000000	0.000550
320	0.000000	0.000000	0.000000	0.027938	0.970413	0.001132	0.000000	0.000000	0.000517
321	0.000000	0.000000	0.000000	0.027936	0.970442	0.001128	0.000000	0.000000	0.000494
322	0.000000	0.000000	0.000000	0.028004	0.970433	0.001121	0.000000	0.000000	0.000442
323	0.000000	0.000000	0.000000	0.028026	0.970408	0.001127	0.000000	0.000000	0.000439
324	0.000000	0.000000	0.000000	0.028133	0.970323	0.001130	0.000000	0.000000	0.000414
325	0.000000	0.000000	0.000000	0.028161	0.970347	0.001089	0.000000	0.000000	0.000403
326	0.000000	0.000000	0.000000	0.028154	0.970336	0.001123	0.000000	0.000000	0.000387
327	0.000000	0.000000	0.000000	0.028192	0.970354	0.001098	0.000000	0.000000	0.000356
328	0.000000	0.000000	0.000000	0.028127	0.970460	0.001081	0.000000	0.000000	0.000332
329	0.000000	0.000000	0.000000	0.028170	0.970443	0.001069	0.000000	0.000000	0.000318
330	0.000000	0.000000	0.000000	0.027963	0.970654	0.001085	0.000000	0.000000	0.000298
331	0.000000	0.000000	0.000000	0.028130	0.970536	0.001061	0.000000	0.000000	0.000273
332	0.000000	0.000000	0.000000	0.028059	0.970603	0.001082	0.000000	0.000000	0.000256
333	0.000000	0.000000	0.000000	0.028015	0.970689	0.001065	0.000000	0.000000	0.000231
334	0.000000	0.000000	0.000000	0.027907	0.970768	0.001106	0.000000	0.000000	0.000219
335	0.000000	0.000000	0.000000	0.027992	0.970729	0.001080	0.000000	0.000000	0.000199
336	0.000000	0.000000	0.000000	0.028189	0.970534	0.001078	0.000000	0.000000	0.000199
337	0.000000	0.000000	0.000000	0.027951	0.970750	0.001101	0.000000	0.000000	0.000198
338	0.000000	0.000000	0.000000	0.027897	0.970818	0.001095	0.000000	0.000000	0.000190
339	0.000000	0.000000	0.000000	0.027776	0.970911	0.001129	0.000000	0.000000	0.000184
340	0.000000	0.000000	0.000000	0.027645	0.971033	0.001135	0.000000	0.000000	0.000187
341	0.000000	0.000000	0.000000	0.027681	0.970983	0.001155	0.000000	0.000000	0.000181
342	0.000000	0.000000	0.000000	0.027500	0.971220	0.001129	0.000000	0.000000	0.000151
343	0.000000	0.000000	0.000000	0.027661	0.971018	0.001190	0.000000	0.000000	0.000131
344	0.000000	0.000000	0.000000	0.027795	0.970881	0.001183	0.000000	0.000000	0.000141
345	0.000000	0.000000	0.000000	0.027655	0.971036	0.001192	0.000000	0.000000	0.000117
346	0.000000	0.000000	0.000000	0.027578	0.971118	0.001198	0.000000	0.000000	0.000106
347	0.000000	0.000000	0.000000	0.027493	0.971216	0.001187	0.000000	0.000000	0.000104
348	0.000000	0.000000	0.000000	0.027782	0.970932	0.001184	0.000000	0.000000	0.000102
349	0.000000	0.000000	0.000000	0.027764	0.971007	0.001143	0.000000	0.000000	0.000086
350	0.000000	0.000000	0.000000	0.027783	0.970995	0.001141	0.000000	0.000000	0.000081
351	0.000000	0.000000	0.000000	0.027801	0.970994	0.001133	0.000000	0.000000	0.000072
352	0.000000	0.000000	0.000000	0.027867	0.970957	0.001117	0.000000	0.000000	0.000059
353	0.000000	0.000000	0.000000	0.027900	0.970900	0.001136	0.000000	0.000000	0.000064
354	0.000000	0.000000	0.000000	0.027906	0.970924	0.001117	0.000000	0.000000	0.000053
355	0.000000	0.000000	0.000000	0.027739	0.971099	0.001117	0.000000	0.000000	0.000045
356	0.000000	0.000000	0.000000	0.027689	0.971130	0.001143	0.000000	0.000000	0.000038
357	0.000000	0.000000	0.000000	0.027726	0.971123	0.001116	0.000000	0.000000	0.000035
358	0.000000	0.000000	0.000000	0.027691	0.971131	0.001153	0.000000	0.000000	0.000025
359	0.000000	0.000000	0.000000	0.027855	0.970948	0.001164	0.000000	0.000000	0.000033
360	0.000000	0.000000	0.000000	0.027842	0.970936	0.001191	0.000000	0.000000	0.000031
361	0.000000	0.000000	0.000000	0.027790	0.971013	0.001174	0.000000	0.000000	0.000023
362	0.000000	0.000000	0.000000	0.027943	0.970890	0.001147	0.000000	0.000000	0.000020
363	0.000000	0.000000	0.000000	0.028018	0.970802	0.001160	0.000000	0.000000	0.000020
364	0.000000	0.000000	0.000000	0.027898	0.970944	0.001142	0.000000	0.000000	0.000016
365	0.000000	0.000000	0.000000	0.027824	0.971030	0.001133	0.000000	0.000000	0.000013
366	0.000000	0.000000	0.000000	0.027798	0.971017	0.001174	0.000000	0.000000	0.000011
367	0.000000	0.000000	0.000000	0.027958	0.970916	0.001116	0.000000	0.000000	0.000010
368	0.000000	0.000000	0.000000	0.027859	0.971016	0.001118	0.000000	0.000000	0.000007
369	0.000000	0.000000	0.000000	0.027828	0.971006	0.001159	0.000000	0.000000	0.000007
370	0.000000	0.000000	0.000000	0.027801	0.971002	0.001192	0.000000	0.000000	0.000005
371	0.000000	0.000000	0.000000	0.027948	0.970845	0.001205	0.000000	0.000000	0.000002
372	0.000000	0.000000	0.000000	0.027815	0.970969	0.001216	0.000000	0.000000	0.000000
373	0.000000	0.000000	0.000000	0.027665	0.971120	0.001215	0.000000	0.000000	0.000000
374	0.000000	0.000000	0.000000	0.027764	0.971024	0.001212	0.000000	0.000000	0.000000
375	0.000000	0.000000	0.000000	0.027796	0.970983	0.001221	0.000000	0.000000	0.000000
376	0.000000	0.000000	0.000000	0.027767	0.971010	0.001223	0.000000	0.000000	0.000000
377	0.000000	0.000000	0.000000	0.027799	0.971016	0.001185	0.000000	0.000000	0.000000
378	0.000000	0.000000	0.000000	0.027635	0.971171	0.001194	0.000000	0.000000	0.000000
379	0.000000	0.000000	0.000000	0.027506	0.971252	0.001242	0.000000	0.000000	0.000000
380	0.000000	0.000000	0.000000	0.027406	0.971414	0.001180	0.000000	0.000000	0.000000
381	0.000000	0.000000	0.000000	0.027398	0.971420	0.001182	0.000000	0.000000	0.000000
382	0.000000	0.000000	0.000000	0.027434	0.971325	0.001241	0.000000	0.000000	0.000000
383	0.000000	0.000000	0.000000	0.027363	0.971391	0.001246	0.000000	0.000000	0.000000
384	0.000000	0.000000	0.000000	0.027239	0.971508	0.001253	0.000000	0.000000	0.000000
385	0.000000	0.000000	0.000000	0.027129	0.971633	0.001238	0.000000	0.000000	0.000000
386	0.000000	0.000000	0.000000	0.027265	0.971504	0.001231	0.000000	0.000000	0.000000
387	0.000000	0.000000	0.000000	0.027265	0.971509	0.001226	0.000000	0.000000	0.000000
388	0.000000	0.000000	0.000000	0.027070	0.971689	0.001241	0.000000	0.000000	0.000000
389	0.000000	0.000000	0.000000	0.027219	0.971574	0.001207	0.000000	0.000000	0.000000
390	0.000000	0.000000	0.000000	0.027120	0.971696	0.001184	0.000000	0.000000	0.000000
391	0.000000	0.000000	0.000000	0.026953	0.971864	0.001183	0.000000	0.000000	0.000000
392	0.000000	0.000000	0.000000	0.027038	0.971780	0.001182	0.000000	0.000000	0.000000
393	0.000000	0.000000	0.000000	0.027100	0.971740	0.001160	0.000000	0.000000	0.000000
394	0.000000	0.000000	0.000000	0.027107	0.971747	0.001146	0.000000	0.000000	0.000000
395	0.000000	0.000000	0.000000	0.027023	0.971818	0.001159	0.000000	0.000000	0.000000
396	0.000000	0.000000	0.000000	0.026893	0.971969	0.001138	0.000000	0.000000	0.000000
397	0.000000	0.000000	0.000000	0.026964	0.971923	0.001113	0.000000	0.000000	0.000000
398	0.000000	0.000000	0.000000	0.027017	0.971884	0.001099	0.000000	0.000000	0.000000
399	0.000000	0.000000	0.000000	0.026830	0.972065	0.001105	0.000000	0.000000	0.000000
400	0.000000	0.000000	0.000000	0.027055	0.971847	0.001098	0.000000	0.000000	0.000000
401	0.000000	0.000000	0.000000	0.026978	0.971875	0.001147	0.000000	0.000000	0.000000
402	0.000000	0.000000	0.000000	0.026974	0.971885	0.001141	0.000000	0.000000	0.000000
403	0.000000	0.000000	0.000000	0.026749	0.972076	0.001175	0.000000	0.000000	0.000000
404	0.000000	0.000000	0.000000	0.026969	0.971837	0.001194	0.000000	0.000000	0.000000
405	0.000000	0.000000	0.000000	0.026984	0.971837	0.001179	0.000000	0.000000	0.000000
406	0.000000	0.000000	0.000000	0.027039	0.971792	0.001169	0.000000	0.000000	0.000000
407	0.000000	0.000000	0.000000	0.026974	0.971845	0.001181	0.000000	0.000000	0.000000
408	0.000000	0.000000	0.000000	0.027049	0.971747	0.001204	0.000000	0.000000	0.000000
409	0.000000	0.000000	0.000000	0.026866	0.971920	0.001214	0.000000	0.000000	0.000000
410	0.000000	0.000000	0.000000	0.026961	0.971804	0.001235	0.000000	0.000000	0.000000
411	0.000000	0.000000	0.000000	0.027099	0.971677	0.001224	0.000000	0.000000	0.000000
412	0.000000	0.000000	0.000000	0.027188	0.971536	0.001276	0.000000	0.000000	0.000000
413	0.000000	0.000000	0.000000	0.027377	0.971332	0.001291	0.000000	0.000000	0.000000
414	0.000000	0.000000	0.000000	0.027540	0.971195	0.001265	0.000000	0.000000	0.000000
415	0.000000	0.000000	0.000000	0.027351	0.971361	0.001288	0.000000	0.000000	0.000000
416	0.000000	0.000000	0.000000	0.027388	0.971350	0.001262	0.000000	0.000000	0.000000
417	0.000000	0.000000	0.000000	0.027331	0.971374	0.001295	0.000000	0.000000	0.000000
418	0.000000	0.000000	0.000000	0.027170	0.971573	0.001257	0.000000	0.000000	0.000000
419	0.000000	0.000000	0.000000	0.027037	0.971698	0.001265	0.000000	0.000000	0.000000
420	0.000000	0.000000	0.000000	0.027175	0.971555	0.001270	0.000000	0.000000	0.000000
421	0.000000	0.000000	0.000000	0.027344	0.971406	0.001250	0.000000	0.000000	0.000000
422	0.000000	0.000000	0.000000	0.027215	0.971468	0.001317	0.000000	0.000000	0.000000
423	0.000000	0.000000	0.000000	0.027154	0.971520	0.001326	0.000000	0.000000	0.000000
424	0.000000	0.000000	0.000000	0.027358	0.971338	0.001304	0.000000	0.000000	0.000000
425	0.000000	0.000000	0.000000	0.027483	0.971227	0.001290	0.000000	0.000000	0.000000
426	0.000000	0.000000	0.000000	0.027381	0.971316	0.001303	0.000000	0.000000	0.000000
427	0.000000	0.000000	0.000000	0.027242	0.971432	0.001326	0.000000	0.000000	0.000000
428	0.000000	0.000000	0.000000	0.027260	0.971410	0.001330	0.000000	0.000000	0.000000
429	0.000000	0.000000	0.000000	0.027141	0.971589	0.001270	0.000000	0.000000	0.000000
430	0.000000	0.000000	0.000000	0.027226	0.971484	0.001290	0.000000	0.000000	0.000000
431	0.000000	0.000000	0.000000	0.027292	0.971395	0.001313	0.000000	0.000000	0.000000
432	0.000000	0.000000	0.000000	0.027250	0.971422	0.001328	0.000000	0.000000	0.000000
433	0.000000	0.000000	0.000000	0.027271	0.971410	0.001319	0.000000	0.000000	0.000000
434	0.000000	0.000000	0.000000	0.027255	0.971465	0.001280	0.000000	0.000000	0.000000
435	0.000000	0.000000	0.000000	0.027111	0.971625	0.001264	0.000000	0.000000	0.000000
436	0.000000	0.000000	0.000000	0.027052	0.971692	0.001256	0.000000	0.000000	0.000000
437	0.000000	0.000000	0.000000	0.027091	0.971631	0.001278	0.000000	0.000000	0.000000
438	0.000000	0.000000	0.000000	0.027051	0.971649	0.001300	0.000000	0.000000	0.000000
439	0.000000	0.000000	0.000000	0.027107	0.971622	0.001271	0.000000	0.000000	0.000000
440	0.000000	0.000000	0.000000	0.027067	0.971685	0.001248	0.000000	0.000000	0.000000
441	0.000000	0.000000	0.000000	0.027087	0.971683	0.001230	0.000000	0.000000	0.000000
442	0.000000	0.000000	0.000000	0.026934	0.971854	0.001212	0.000000	0.000000	0.000000
443	0.000000	0.000000	0.000000	0.026906	0.971901	0.001193	0.000000	0.000000	0.000000
444	0.000000	0.000000	0.000000	0.026826	0.972000	0.001174	0.000000	0.000000	0.000000
445	0.000000	0.000000	0.000000	0.026933	0.971901	0.001166	0.000000	0.000000	0.000000
446	0.000000	0.000000	0.000000	0.027031	0.971807	0.001162	0.000000	0.000000	0.000000
447	0.000000	0.000000	0.000000	0.026749	0.972054	0.001197	0.000000	0.000000	0.000000
448	0.000000	0.000000	0.000000	0.026757	0.972055	0.001188	0.000000	0.000000	0.000000
449	0.000000	0.000000	0.000000	0.026703	0.972129	0.001168	0.000000	0.000000	0.000000
450	0.000000	0.000000	0.000000	0.026775	0.972057	0.001168	0.000000	0.000000	0.000000
451	0.000000	0.000000	0.000000	0.026634	0.972181	0.001185	0.000000	0.000000	0.000000
452	0.000000	0.000000	0.000000	0.026465	0.972342	0.001193	0.000000	0.000000	0.000000
453	0.000000	0.000000	0.000000	0.026611	0.972155	0.001234	0.000000	0.000000	0.000000
454	0.000000	0.000000	0.000000	0.026684	0.972064	0.001252	0.000000	0.000000	0.000000
455	0.000000	0.000000	0.000000	0.026599	0.972166	0.001235	0.000000	0.000000	0.000000
456	0.000000	0.000000	0.000000	0.026537	0.972218	0.001245	0.000000	0.000000	0.000000
457	0.000000	0.000000	0.000000	0.026610	0.972162	0.001228	0.000000	0.000000	0.000000
458	0.000000	0.000000	0.000000	0.026554	0.972266	0.001180	0.000000	0.000000	0.000000
459	0.000000	0.000000	0.000000	0.026561	0.972239	0.001200	0.000000	0.000000	0.000000
460	0.000000	0.000000	0.000000	0.026494	0.972305	0.001201	0.000000	0.000000	0.000000
461	0.000000	0.000000	0.000000	0.026374	0.972419	0.001207	0.000000	0.000000	0.000000
462	0.000000	0.000000	0.000000	0.026492	0.972307	0.001201	0.000000	0.000000	0.000000
463	0.000000	0.000000	0.000000	0.026526	0.972288	0.001186	0.000000	0.000000	0.000000
464	0.000000	0.000000	0.000000	0.026469	0.972313	0.001218	0.000000	0.000000	0.000000
465	0.000000	0.000000	0.000000	0.026546	0.972193	0.001261	0.000000	0.000000	0.000000
466	0.000000	0.000000	0.000000	0.026553	0.972183	0.001264	0.000000	0.000000	0.000000
467	0.000000	0.000000	0.000000	0.026515	0.972238	0.001247	0.000000	0.000000	0.000000
468	0.000000	0.000000	0.000000	0.026513	0.972248	0.001239	0.000000	0.000000	0.000000
469	0.000000	0.000000	0.000000	0.026658	0.972116	0.001226	0.000000	0.000000	0.000000
470	0.000000	0.000000	0.000000	0.026672	0.972126	0.001202	0.000000	0.000000	0.000000
