0	0.290663	0.057897	0.229473	0.157588	0.029913	0.111872	0.085455	0.012259	0.024880
1	0.213934	0.044393	0.187613	0.144168	0.029307	0.124693	0.131737	0.025056	0.099099
2	0.200260	0.040726	0.173514	0.141432	0.030389	0.122652	0.143886	0.027457	0.119684
3	0.192145	0.038152	0.162104	0.140887	0.031757	0.118594	0.152084	0.028711	0.135566
4	0.185460	0.036047	0.151243	0.140617	0.033577	0.113664	0.158894	0.029504	0.150994
5	0.180617	0.033962	0.140487	0.139945	0.035204	0.109203	0.164055	0.029884	0.166643
6	0.175695	0.032173	0.130684	0.139456	0.037367	0.103914	0.169146	0.030430	0.181135
7	0.171269	0.030316	0.121555	0.138775	0.039570	0.098895	0.173537	0.030766	0.195317
8	0.167258	0.029044	0.112477	0.138703	0.041712	0.093701	0.176943	0.030733	0.209429
9	0.163602	0.027475	0.104002	0.138919	0.044386	0.088609	0.179493	0.030380	0.223134
10	0.160181	0.026197	0.096005	0.138903	0.046652	0.083913	0.181792	0.030003	0.236354
11	0.156745	0.024712	0.088091	0.139294	0.049314	0.078493	0.183680	0.029825	0.249846
12	0.154249	0.023618	0.080904	0.138339	0.052107	0.073869	0.186101	0.029263	0.261550
13	0.150976	0.022477	0.074385	0.137879	0.055135	0.069832	0.186064	0.029026	0.274226
14	0.147912	0.021249	0.068644	0.137828	0.058157	0.065811	0.185906	0.028415	0.286078
15	0.144771	0.020066	0.063291	0.137576	0.061576	0.061391	0.185963	0.028146	0.297220
16	0.142248	0.019160	0.058067	0.136720	0.064961	0.057780	0.185722	0.027495	0.307847
17	0.139197	0.018038	0.053545	0.136582	0.068272	0.054027	0.185579	0.026745	0.318015
18	0.136480	0.017136	0.049048	0.136116	0.071896	0.050535	0.184501	0.026146	0.328142
19	0.132943	0.016325	0.045074	0.135577	0.075214	0.047392	0.183439	0.025566	0.338470
20	0.130215	0.015353	0.041231	0.135206	0.078799	0.044434	0.182386	0.024826	0.347550
21	0.127583	0.014430	0.037534	0.134777	0.082266	0.041453	0.181323	0.024117	0.356517
22	0.125219	0.013768	0.034222	0.134110	0.086068	0.038589	0.179439	0.023503	0.365082
23	0.122393	0.013065	0.031194	0.133625	0.089941	0.036171	0.177672	0.022942	0.372997
24	0.120190	0.012298	0.028453	0.132310	0.093816	0.033768	0.175944	0.022266	0.380955
25	0.117250	0.011633	0.026217	0.131384	0.098205	0.031521	0.173235	0.021505	0.389050
26	0.114965	0.010918	0.024158	0.129912	0.102313	0.029163	0.171429	0.020669	0.396473
27	0.112089	0.010230	0.021961	0.128513	0.106380	0.027099	0.169532	0.020335	0.403861
28	0.109472	0.009783	0.020133	0.127208	0.110203	0.025340	0.167277	0.019642	0.410942
29	0.106623	0.009431	0.018439	0.126153	0.114302	0.023783	0.164944	0.018927	0.417398
30	0.103863	0.008912	0.016859	0.124342	0.118444	0.021940	0.163095	0.018492	0.424053
31	0.101136	0.008618	0.015386	0.122826	0.122623	0.020514	0.160467	0.018060	0.430370
32	0.098633	0.008105	0.013812	0.121830	0.126715	0.019252	0.158445	0.017384	0.435824
33	0.096415	0.007661	0.012461	0.120566	0.131311	0.017674	0.155531	0.016746	0.441635
34	0.093740	0.007170	0.011319	0.119175	0.135638	0.016461	0.153137	0.016254	0.447106
35	0.091019	0.006786	0.010250	0.117498	0.139864	0.015686	0.150899	0.015732	0.452266
36	0.088485	0.006364	0.009303	0.116075	0.144316	0.014600	0.148676	0.015344	0.456837
37	0.085830	0.006022	0.008499	0.114202	0.148891	0.013517	0.145814	0.014785	0.462440
38	0.082921	0.005758	0.007578	0.112116	0.153692	0.012753	0.143200	0.014282	0.467700
39	0.080110	0.005404	0.006788	0.110315	0.158509	0.011695	0.140951	0.013904	0.472324
40	0.077599	0.005032	0.006098	0.108735	0.163501	0.010834	0.138400	0.013326	0.476475
41	0.075157	0.004733	0.005482	0.107268	0.168124	0.010177	0.136074	0.012988	0.479997
42	0.072704	0.004473	0.004885	0.105836	0.172650	0.009406	0.133962	0.012412	0.483672
43	0.070104	0.004127	0.004429	0.104747	0.176948	0.008712	0.131160	0.012107	0.487666
44	0.067638	0.003922	0.003955	0.102771	0.181571	0.008095	0.129241	0.011710	0.491097
45	0.065199	0.003801	0.003584	0.100957	0.186342	0.007611	0.126933	0.011232	0.494341
46	0.062710	0.003453	0.003238	0.099575	0.190856	0.007234	0.124714	0.010742	0.497478
47	0.060600	0.003264	0.002906	0.097827	0.195286	0.006767	0.122629	0.010427	0.500294
48	0.058230	0.003081	0.002635	0.097108	0.200439	0.006182	0.119952	0.010230	0.502143
49	0.056049	0.002955	0.002301	0.095077	0.205131	0.005674	0.117771	0.009914	0.505128
50	0.053816	0.002768	0.002012	0.093415	0.210367	0.005237	0.115155	0.009558	0.507672
51	0.052014	0.002544	0.001876	0.091821	0.215112	0.004872	0.112903	0.009261	0.509597
52	0.049806	0.002417	0.001636	0.090384	0.219673	0.004431	0.110347	0.008954	0.512352
53	0.047590	0.002211	0.001433	0.088786	0.224549	0.004066	0.108310	0.008766	0.514289
54	0.045485	0.002043	0.001340	0.087370	0.229262	0.003762	0.105858	0.008392	0.516488
55	0.043580	0.001888	0.001188	0.086005	0.233673	0.003530	0.103773	0.008216	0.518147
56	0.041666	0.001840	0.001092	0.084581	0.238341	0.003279	0.101796	0.008064	0.519341
57	0.039858	0.001748	0.000995	0.082986	0.243034	0.003054	0.099947	0.007788	0.520590
58	0.038048	0.001620	0.000861	0.081090	0.248284	0.002786	0.097746	0.007675	0.521890
59	0.036282	0.001512	0.000819	0.079450	0.252397	0.002597	0.095981	0.007490	0.523472
60	0.034893	0.001445	0.000710	0.078030	0.257344	0.002402	0.094259	0.007283	0.523634
61	0.033111	0.001330	0.000622	0.077015	0.261226	0.002254	0.092539	0.006975	0.524928
62	0.031745	0.001226	0.000584	0.075488	0.266007	0.002162	0.090398	0.006663	0.525727
63	0.030109	0.001140	0.000506	0.074207	0.270973	0.002005	0.088840	0.006562	0.525658
64	0.028639	0.001066	0.000449	0.072810	0.275883	0.001884	0.086845	0.006331	0.526093
65	0.027437	0.000975	0.000395	0.071663	0.280498	0.001795	0.085269	0.006154	0.525814
66	0.026127	0.000873	0.000384	0.070448	0.285160	0.001677	0.083275	0.005937	0.526119
67	0.024790	0.000810	0.000353	0.069559	0.289913	0.001598	0.081313	0.005803	0.525861
68	0.023513	0.000773	0.000306	0.068267	0.293997	0.001516	0.079698	0.005647	0.526283
69	0.022396	0.000696	0.000268	0.067166	0.298932	0.001426	0.078170	0.005491	0.525455
70	0.021202	0.000619	0.000230	0.065915	0.303836	0.001354	0.076702	0.005329	0.524813
71	0.020004	0.000573	0.000204	0.064949	0.308534	0.001316	0.075157	0.005264	0.523999
72	0.019042	0.000534	0.000175	0.063890	0.313074	0.001297	0.073769	0.004997	0.523222
73	0.018091	0.000454	0.000150	0.062939	0.317793	0.001236	0.072061	0.004909	0.522367
74	0.017203	0.000412	0.000125	0.061737	0.322013	0.001199	0.070204	0.004798	0.522309
75	0.016283	0.000349	0.000128	0.060604	0.326512	0.001081	0.068870	0.004645	0.521528
76	0.015486	0.000328	0.000110	0.059690	0.330930	0.001055	0.067174	0.004554	0.520673
77	0.014742	0.000301	0.000114	0.058770	0.335381	0.001033	0.065908	0.004409	0.519342
78	0.013946	0.000272	0.000108	0.057614	0.340188	0.000957	0.064444	0.004286	0.518185
79	0.013146	0.000264	0.000096	0.056775	0.344612	0.000918	0.062861	0.004126	0.517202
80	0.012428	0.000245	0.000074	0.055941	0.349409	0.000860	0.061499	0.003994	0.515550
81	0.011640	0.000253	0.000067	0.055253	0.354214	0.000798	0.060392	0.003913	0.513470
82	0.010898	0.000230	0.000068	0.054622	0.358588	0.000751	0.059302	0.003779	0.511762
83	0.010155	0.000192	0.000064	0.053557	0.363050	0.000703	0.058143	0.003748	0.510388
84	0.009610	0.000176	0.000056	0.052778	0.367548	0.000662	0.056515	0.003576	0.509079
85	0.009060	0.000165	0.000049	0.052039	0.372296	0.000609	0.055288	0.003471	0.507023
86	0.008391	0.000131	0.000031	0.051050	0.376870	0.000563	0.054001	0.003396	0.505567
87	0.007791	0.000130	0.000035	0.050097	0.381540	0.000486	0.052973	0.003295	0.503653
88	0.007552	0.000128	0.000034	0.049368	0.385938	0.000474	0.051849	0.003177	0.501480
89	0.006936	0.000108	0.000031	0.048554	0.390585	0.000454	0.050871	0.003092	0.499369
90	0.006583	0.000125	0.000024	0.047751	0.394905	0.000448	0.049735	0.003024	0.497405
91	0.006141	0.000128	0.000028	0.047109	0.398840	0.000443	0.048555	0.002859	0.495897
92	0.005760	0.000117	0.000023	0.046559	0.403239	0.000415	0.047260	0.002770	0.493857
93	0.005505	0.000107	0.000019	0.045779	0.407965	0.000399	0.046249	0.002663	0.491314
94	0.005156	0.000116	0.000008	0.045334	0.412541	0.000387	0.045491	0.002575	0.488392
95	0.004915	0.000110	0.000003	0.044976	0.416424	0.000380	0.044460	0.002444	0.486288
96	0.004602	0.000098	0.000004	0.044509	0.420527	0.000399	0.043362	0.002344	0.484155
97	0.004351	0.000096	0.000003	0.043864	0.424449	0.000370	0.042301	0.002250	0.482316
98	0.004181	0.000084	0.000002	0.043377	0.428667	0.000376	0.041347	0.002171	0.479795
99	0.003875	0.000091	0.000002	0.042955	0.432829	0.000364	0.040529	0.002091	0.477264
100	0.003708	0.000095	0.000002	0.042465	0.437325	0.000324	0.039554	0.002050	0.474477
101	0.003430	0.000086	0.000001	0.042113	0.441914	0.000323	0.038314	0.001999	0.471820
102	0.003288	0.000082	0.000002	0.041671	0.445892	0.000292	0.037629	0.001953	0.469191
103	0.003102	0.000070	0.000003	0.041477	0.449930	0.000292	0.036869	0.001864	0.466393
104	0.002900	0.000058	0.000006	0.041112	0.454057	0.000288	0.036196	0.001795	0.463588
105	0.002701	0.000060	0.000007	0.040774	0.457847	0.000249	0.035245	0.001781	0.461336
106	0.002474	0.000058	0.000004	0.040451	0.461544	0.000248	0.034676	0.001715	0.458830
107	0.002426	0.000057	0.000005	0.039939	0.465546	0.000249	0.033865	0.001668	0.456245
108	0.002269	0.000044	0.000005	0.039939	0.468996	0.000230	0.033251	0.001549	0.453717
109	0.002108	0.000042	0.000004	0.039942	0.473182	0.000224	0.032505	0.001469	0.450524
110	0.002006	0.000041	0.000002	0.039770	0.477110	0.000243	0.031928	0.001397	0.447503
111	0.001850	0.000036	0.000003	0.039756	0.481010	0.000235	0.031213	0.001358	0.444539
112	0.001697	0.000035	0.000003	0.039430	0.485255	0.000222	0.030279	0.001313	0.441766
113	0.001523	0.000029	0.000003	0.039003	0.489247	0.000213	0.029876	0.001285	0.438821
114	0.001433	0.000029	0.000002	0.038560	0.493437	0.000222	0.029366	0.001286	0.435665
115	0.001397	0.000031	0.000003	0.038280	0.497707	0.000214	0.028655	0.001281	0.432432
116	0.001286	0.000029	0.000003	0.038027	0.501553	0.000220	0.028139	0.001250	0.429493
117	0.001200	0.000026	0.000001	0.037684	0.505639	0.000185	0.027450	0.001226	0.426589
118	0.001156	0.000021	0.000001	0.037417	0.509762	0.000185	0.026768	0.001224	0.423466
119	0.001132	0.000012	0.000002	0.037169	0.513300	0.000187	0.026208	0.001174	0.420816
120	0.001018	0.000010	0.000000	0.036837	0.517332	0.000168	0.025678	0.001099	0.417858
121	0.000942	0.000010	0.000000	0.036619	0.520873	0.000160	0.024991	0.001038	0.415367
122	0.000891	0.000009	0.000000	0.036582	0.524601	0.000154	0.024443	0.001009	0.412311
123	0.000853	0.000011	0.000000	0.036574	0.528414	0.000138	0.023825	0.000967	0.409218
124	0.000811	0.000006	0.000000	0.036339	0.532480	0.000131	0.023343	0.000924	0.405966
125	0.000770	0.000006	0.000000	0.035845	0.536317	0.000133	0.022789	0.000939	0.403201
126	0.000717	0.000004	0.000000	0.035386	0.540759	0.000131	0.022159	0.000901	0.399943
127	0.000617	0.000001	0.000000	0.035143	0.544624	0.000112	0.021783	0.000869	0.396851
128	0.000593	0.000000	0.000000	0.035002	0.548119	0.000112	0.021368	0.000827	0.393979
129	0.000532	0.000000	0.000000	0.034726	0.552374	0.000119	0.020882	0.000803	0.390564
130	0.000500	0.000000	0.000000	0.034549	0.556203	0.000108	0.020239	0.000777	0.387624
131	0.000451	0.000000	0.000000	0.034519	0.559916	0.000095	0.019832	0.000745	0.384442
132	0.000401	0.000000	0.000000	0.034277	0.563622	0.000103	0.019563	0.000723	0.381311
133	0.000361	0.000000	0.000000	0.033986	0.567309	0.000086	0.019148	0.000720	0.378390
134	0.000360	0.000000	0.000000	0.033708	0.571166	0.000077	0.018952	0.000708	0.375029
135	0.000335	0.000000	0.000000	0.033588	0.574844	0.000081	0.018513	0.000671	0.371968
136	0.000306	0.000000	0.000000	0.033365	0.578539	0.000075	0.017992	0.000636	0.369087
137	0.000300	0.000000	0.000000	0.033156	0.582518	0.000067	0.017610	0.000660	0.365689
138	0.000273	0.000000	0.000000	0.033118	0.585682	0.000074	0.017380	0.000669	0.362804
139	0.000239	0.000000	0.000000	0.033094	0.589310	0.000086	0.016814	0.000663	0.359794
140	0.000216	0.000000	0.000000	0.032732	0.593429	0.000079	0.016457	0.000651	0.356436
141	0.000205	0.000000	0.000000	0.032629	0.596584	0.000090	0.016072	0.000643	0.353777
142	0.000197	0.000000	0.000000	0.032618	0.600221	0.000084	0.015689	0.000640	0.350551
143	0.000198	0.000000	0.000000	0.032555	0.603845	0.000083	0.015299	0.000624	0.347396
144	0.000188	0.000000	0.000000	0.032430	0.607497	0.000087	0.014951	0.000620	0.344227
145	0.000168	0.000000	0.000000	0.032319	0.610822	0.000083	0.014659	0.000599	0.341350
146	0.000138	0.000000	0.000000	0.032233	0.614551	0.000079	0.014315	0.000604	0.338080
147	0.000114	0.000000	0.000000	0.032004	0.617967	0.000085	0.014032	0.000587	0.335211
148	0.000104	0.000000	0.000000	0.031769	0.621745	0.000091	0.013506	0.000544	0.332241
149	0.000099	0.000000	0.000000	0.031589	0.625274	0.000094	0.013148	0.000515	0.329281
150	0.000099	0.000000	0.000000	0.031411	0.628498	0.000093	0.012982	0.000563	0.326354
151	0.000091	0.000000	0.000000	0.031237	0.631640	0.000095	0.012721	0.000562	0.323654
152	0.000072	0.000000	0.000000	0.031140	0.635081	0.000094	0.012329	0.000570	0.320714
153	0.000071	0.000000	0.000000	0.031165	0.638194	0.000103	0.012023	0.000563	0.317881
154	0.000063	0.000000	0.000000	0.030757	0.641891	0.000102	0.011736	0.000537	0.314914
155	0.000053	0.000000	0.000000	0.030606	0.645557	0.000103	0.011454	0.000519	0.311708
156	0.000052	0.000000	0.000000	0.030310	0.648948	0.000120	0.011214	0.000533	0.308823
157	0.000052	0.000000	0.000000	0.030148	0.652111	0.000113	0.010883	0.000500	0.306193
158	0.000043	0.000000	0.000000	0.029999	0.655703	0.000128	0.010539	0.000491	0.303097
159	0.000050	0.000000	0.000000	0.029755	0.659057	0.000120	0.010314	0.000463	0.300241
160	0.000041	0.000000	0.000000	0.029678	0.662149	0.000117	0.009972	0.000458	0.297585
161	0.000042	0.000000	0.000000	0.029607	0.665548	0.000119	0.009851	0.000445	0.294388
162	0.000037	0.000000	0.000000	0.029337	0.668725	0.000122	0.009580	0.000421	0.291778
163	0.000039	0.000000	0.000000	0.029208	0.672017	0.000120	0.009289	0.000384	0.288943
164	0.000036	0.000000	0.000000	0.029170	0.674780	0.000123	0.008996	0.000380	0.286515
165	0.000039	0.000000	0.000000	0.029099	0.677938	0.000131	0.008729	0.000352	0.283712
166	0.000031	0.000000	0.000000	0.028939	0.681472	0.000131	0.008520	0.000353	0.280554
167	0.000030	0.000000	0.000000	0.028925	0.684137	0.000130	0.008412	0.000343	0.278023
168	0.000032	0.000000	0.000000	0.028721	0.687280	0.000138	0.008236	0.000350	0.275243
169	0.000027	0.000000	0.000000	0.028675	0.690264	0.000131	0.007992	0.000334	0.272577
170	0.000015	0.000000	0.000000	0.028435	0.693688	0.000131	0.007784	0.000334	0.269613
171	0.000014	0.000000	0.000000	0.028031	0.697400	0.000124	0.007600	0.000300	0.266531
172	0.000014	0.000000	0.000000	0.027901	0.700474	0.000112	0.007496	0.000325	0.263678
173	0.000005	0.000000	0.000000	0.027888	0.703494	0.000123	0.007320	0.000299	0.260871
174	0.000004	0.000000	0.000000	0.027812	0.706311	0.000102	0.007102	0.000303	0.258366
175	0.000001	0.000000	0.000000	0.027809	0.708902	0.000107	0.007051	0.000318	0.255812
176	0.000001	0.000000	0.000000	0.027762	0.711785	0.000102	0.006885	0.000293	0.253172
177	0.000001	0.000000	0.000000	0.027656	0.714635	0.000097	0.006736	0.000302	0.250573
178	0.000000	0.000000	0.000000	0.027518	0.717259	0.000119	0.006627	0.000290	0.248187
179	0.000000	0.000000	0.000000	0.027526	0.720075	0.000114	0.006552	0.000276	0.245457
180	0.000000	0.000000	0.000000	0.027548	0.723128	0.000116	0.006405	0.000267	0.242536
181	0.000000	0.000000	0.000000	0.027552	0.725982	0.000103	0.006239	0.000250	0.239874
182	0.000000	0.000000	0.000000	0.027541	0.728667	0.000094	0.006047	0.000240	0.237411
183	0.000000	0.000000	0.000000	0.027425	0.731831	0.000089	0.005817	0.000223	0.234615
184	0.000000	0.000000	0.000000	0.027211	0.734506	0.000078	0.005715	0.000225	0.232265
185	0.000000	0.000000	0.000000	0.027283	0.737218	0.000067	0.005500	0.000219	0.229713
186	0.000000	0.000000	0.000000	0.027285	0.739796	0.000070	0.005359	0.000217	0.227273
187	0.000000	0.000000	0.000000	0.027334	0.742571	0.000064	0.005309	0.000203	0.224519
188	0.000000	0.000000	0.000000	0.027391	0.745178	0.000066	0.005165	0.000188	0.222012
189	0.000000	0.000000	0.000000	0.027309	0.747832	0.000066	0.005058	0.000185	0.219550
190	0.000000	0.000000	0.000000	0.027436	0.750563	0.000065	0.004977	0.000166	0.216793
191	0.000000	0.000000	0.000000	0.027537	0.753143	0.000071	0.004814	0.000165	0.214270
192	0.000000	0.000000	0.000000	0.027595	0.755777	0.000080	0.004700	0.000144	0.211704
193	0.000000	0.000000	0.000000	0.027422	0.758536	0.000088	0.004635	0.000151	0.209168
194	0.000000	0.000000	0.000000	0.027433	0.760727	0.000080	0.004557	0.000158	0.207045
195	0.000000	0.000000	0.000000	0.027240	0.763462	0.000080	0.004338	0.000155	0.204725
196	0.000000	0.000000	0.000000	0.027398	0.765818	0.000077	0.004195	0.000141	0.202371
197	0.000000	0.000000	0.000000	0.027432	0.768261	0.000071	0.004107	0.000142	0.199987
198	0.000000	0.000000	0.000000	0.027458	0.770403	0.000085	0.004072	0.000133	0.197849
199	0.000000	0.000000	0.000000	0.027441	0.772663	0.000080	0.003950	0.000133	0.195733
200	0.000000	0.000000	0.000000	0.027255	0.775455	0.000078	0.003827	0.000139	0.193246
201	0.000000	0.000000	0.000000	0.027269	0.777862	0.000079	0.003792	0.000136	0.190862
202	0.000000	0.000000	0.000000	0.027392	0.780220	0.000072	0.003654	0.000125	0.188537
203	0.000000	0.000000	0.000000	0.027411	0.782425	0.000077	0.003571	0.000110	0.186406
204	0.000000	0.000000	0.000000	0.027381	0.785173	0.000066	0.003468	0.000111	0.183801
205	0.000000	0.000000	0.000000	0.027506	0.787401	0.000066	0.003433	0.000109	0.181485
206	0.000000	0.000000	0.000000	0.027352	0.789987	0.000063	0.003408	0.000089	0.179101
207	0.000000	0.000000	0.000000	0.027367	0.792264	0.000064	0.003312	0.000096	0.176897
208	0.000000	0.000000	0.000000	0.027495	0.794448	0.000059	0.003336	0.000087	0.174575
209	0.000000	0.000000	0.000000	0.027567	0.796565	0.000056	0.003265	0.000092	0.172455
210	0.000000	0.000000	0.000000	0.027596	0.799080	0.000052	0.003154	0.000097	0.170021
211	0.000000	0.000000	0.000000	0.027706	0.801536	0.000053	0.003074	0.000094	0.167537
212	0.000000	0.000000	0.000000	0.027715	0.803614	0.000050	0.003006	0.000076	0.165539
213	0.000000	0.000000	0.000000	0.027735	0.805660	0.000059	0.002993	0.000072	0.163481
214	0.000000	0.000000	0.000000	0.027891	0.807972	0.000049	0.002955	0.000068	0.161065
215	0.000000	0.000000	0.000000	0.028011	0.809976	0.000056	0.002875	0.000080	0.159002
216	0.000000	0.000000	0.000000	0.027742	0.812440	0.000044	0.002813	0.000068	0.156893
217	0.000000	0.000000	0.000000	0.027611	0.814652	0.000038	0.002721	0.000054	0.154924
218	0.000000	0.000000	0.000000	0.027609	0.816691	0.000040	0.002640	0.000053	0.152967
219	0.000000	0.000000	0.000000	0.027945	0.818550	0.000049	0.002629	0.000048	0.150779
220	0.000000	0.000000	0.000000	0.027730	0.820789	0.000045	0.002475	0.000045	0.148916
221	0.000000	0.000000	0.000000	0.027857	0.822600	0.000050	0.002404	0.000040	0.147049
222	0.000000	0.000000	0.000000	0.027770	0.824783	0.000049	0.002361	0.000040	0.144997
223	0.000000	0.000000	0.000000	0.027991	0.826487	0.000044	0.002276	0.000042	0.143160
224	0.000000	0.000000	0.000000	0.028033	0.828227	0.000047	0.002198	0.000041	0.141454
225	0.000000	0.000000	0.000000	0.027815	0.830116	0.000034	0.002156	0.000044	0.139835
226	0.000000	0.000000	0.000000	0.028049	0.831894	0.000048	0.002096	0.000049	0.137864
227	0.000000	0.000000	0.000000	0.027995	0.833964	0.000040	0.002071	0.000052	0.135878
228	0.000000	0.000000	0.000000	0.027900	0.836008	0.000044	0.001976	0.000044	0.134028
229	0.000000	0.000000	0.000000	0.027888	0.837683	0.000050	0.001879	0.000043	0.132457
230	0.000000	0.000000	0.000000	0.027797	0.839984	0.000044	0.001841	0.000029	0.130305
231	0.000000	0.000000	0.000000	0.027798	0.841800	0.000036	0.001791	0.000032	0.128543
232	0.000000	0.000000	0.000000	0.027721	0.843914	0.000042	0.001737	0.000020	0.126566
233	0.000000	0.000000	0.000000	0.027715	0.845855	0.000048	0.001692	0.000021	0.124669
234	0.000000	0.000000	0.000000	0.027606	0.847738	0.000044	0.001621	0.000018	0.122973
235	0.000000	0.000000	0.000000	0.027722	0.849560	0.000047	0.001595	0.000014	0.121062
236	0.000000	0.000000	0.000000	0.027732	0.851136	0.000040	0.001508	0.000006	0.119578
237	0.000000	0.000000	0.000000	0.027640	0.853155	0.000045	0.001521	0.000007	0.117632
238	0.000000	0.000000	0.000000	0.027558	0.855149	0.000032	0.001488	0.000011	0.115762
239	0.000000	0.000000	0.000000	0.027524	0.856843	0.000038	0.001441	0.000015	0.114139
240	0.000000	0.000000	0.000000	0.027380	0.858694	0.000039	0.001377	0.000013	0.112497
241	0.000000	0.000000	0.000000	0.027373	0.860250	0.000031	0.001387	0.000013	0.110946
242	0.000000	0.000000	0.000000	0.027371	0.862230	0.000042	0.001295	0.000016	0.109046
243	0.000000	0.000000	0.000000	0.027364	0.863592	0.000048	0.001273	0.000023	0.107700
244	0.000000	0.000000	0.000000	0.027287	0.865361	0.000044	0.001221	0.000023	0.106064
245	0.000000	0.000000	0.000000	0.027098	0.867260	0.000036	0.001191	0.000021	0.104394
246	0.000000	0.000000	0.000000	0.026907	0.868932	0.000034	0.001095	0.000023	0.103009
247	0.000000	0.000000	0.000000	0.026936	0.870461	0.000033	0.001105	0.000023	0.101442
248	0.000000	0.000000	0.000000	0.026875	0.872057	0.000027	0.001066	0.000016	0.099959
249	0.000000	0.000000	0.000000	0.026615	0.873586	0.000027	0.001070	0.000021	0.098681
250	0.000000	0.000000	0.000000	0.026430	0.875385	0.000031	0.001030	0.000017	0.097107
251	0.000000	0.000000	0.000000	0.026373	0.876821	0.000028	0.000964	0.000016	0.095798
252	0.000000	0.000000	0.000000	0.026232	0.878424	0.000023	0.000945	0.000015	0.094361
253	0.000000	0.000000	0.000000	0.026017	0.880128	0.000030	0.000942	0.000013	0.092870
254	0.000000	0.000000	0.000000	0.026028	0.881612	0.000040	0.000942	0.000014	0.091364
255	0.000000	0.000000	0.000000	0.026086	0.883171	0.000049	0.000951	0.000009	0.089734
256	0.000000	0.000000	0.000000	0.026167	0.884679	0.000037	0.000952	0.000013	0.088152
257	0.000000	0.000000	0.000000	0.026365	0.885876	0.000041	0.000911	0.000014	0.086793
258	0.000000	0.000000	0.000000	0.026165	0.887618	0.000034	0.000889	0.000016	0.085278
259	0.000000	0.000000	0.000000	0.026162	0.888908	0.000034	0.000891	0.000011	0.083994
260	0.000000	0.000000	0.000000	0.026059	0.890161	0.000025	0.000855	0.000008	0.082892
261	0.000000	0.000000	0.000000	0.026137	0.891370	0.000025	0.000829	0.000006	0.081633
262	0.000000	0.000000	0.000000	0.026172	0.892629	0.000032	0.000773	0.000004	0.080390
263	0.000000	0.000000	0.000000	0.026117	0.893987	0.000027	0.000736	0.000004	0.079129
264	0.000000	0.000000	0.000000	0.026061	0.895438	0.000022	0.000672	0.000004	0.077803
265	0.000000	0.000000	0.000000	0.026106	0.896750	0.000022	0.000676	0.000004	0.076442
266	0.000000	0.000000	0.000000	0.026130	0.897876	0.000015	0.000614	0.000003	0.075362
267	0.000000	0.000000	0.000000	0.026050	0.899207	0.000022	0.000589	0.000004	0.074128
268	0.000000	0.000000	0.000000	0.026027	0.900312	0.000023	0.000573	0.000000	0.073065
269	0.000000	0.000000	0.000000	0.025940	0.901577	0.000018	0.000546	0.000000	0.071919
270	0.000000	0.000000	0.000000	0.026051	0.902731	0.000017	0.000522	0.000000	0.070679
271	0.000000	0.000000	0.000000	0.025791	0.904226	0.000021	0.000492	0.000000	0.069470
272	0.000000	0.000000	0.000000	0.025898	0.905077	0.000022	0.000508	0.000000	0.068495
273	0.000000	0.000000	0.000000	0.025893	0.906143	0.000025	0.000506	0.000000	0.067433
274	0.000000	0.000000	0.000000	0.025779	0.907489	0.000026	0.000501	0.000000	0.066205
275	0.000000	0.000000	0.000000	0.025675	0.908599	0.000031	0.000479	0.000000	0.065216
276	0.000000	0.000000	0.000000	0.025403	0.910077	0.000030	0.000437	0.000000	0.064053
277	0.000000	0.000000	0.000000	0.025287	0.911251	0.000025	0.000436	0.000000	0.063001
278	0.000000	0.000000	0.000000	0.025457	0.912177	0.000025	0.000402	0.000000	0.061939
279	0.000000	0.000000	0.000000	0.025675	0.912904	0.000025	0.000396	0.000000	0.061000
280	0.000000	0.000000	0.000000	0.025711	0.913928	0.000019	0.000372	0.000000	0.059970
281	0.000000	0.000000	0.000000	0.025670	0.915070	0.000014	0.000371	0.000000	0.058875
282	0.000000	0.000000	0.000000	0.025670	0.916025	0.000013	0.000358	0.000000	0.057934
283	0.000000	0.000000	0.000000	0.025780	0.916874	0.000012	0.000354	0.000000	0.056980
284	0.000000	0.000000	0.000000	0.025815	0.917755	0.000011	0.000349	0.000000	0.056070
285	0.000000	0.000000	0.000000	0.025633	0.918958	0.000009	0.000341	0.000000	0.055059
286	0.000000	0.000000	0.000000	0.025579	0.919897	0.000014	0.000328	0.000000	0.054182
287	0.000000	0.000000	0.000000	0.025406	0.920934	0.000014	0.000295	0.000000	0.053351
288	0.000000	0.000000	0.000000	0.025331	0.922002	0.000010	0.000288	0.000000	0.052369
289	0.000000	0.000000	0.000000	0.025305	0.922838	0.000011	0.000291	0.000000	0.051555
290	0.000000	0.000000	0.000000	0.025171	0.924057	0.000011	0.000282	0.000000	0.050479
291	0.000000	0.000000	0.000000	0.025138	0.924859	0.000009	0.000265	0.000000	0.049729
292	0.000000	0.000000	0.000000	0.025301	0.925503	0.000009	0.000250	0.000000	0.048937
293	0.000000	0.000000	0.000000	0.025341	0.926318	0.000008	0.000256	0.000000	0.048077
294	0.000000	0.000000	0.000000	0.025304	0.927047	0.000011	0.000254	0.000000	0.047384
295	0.000000	0.000000	0.000000	0.025298	0.927730	0.000013	0.000235	0.000000	0.046724
296	0.000000	0.000000	0.000000	0.025221	0.928553	0.000019	0.000257	0.000000	0.045950
297	0.000000	0.000000	0.000000	0.025213	0.929301	0.000019	0.000250	0.000000	0.045217
298	0.000000	0.000000	0.000000	0.025293	0.930099	0.000015	0.000261	0.000000	0.044332
299	0.000000	0.000000	0.000000	0.025361	0.930779	0.000018	0.000256	0.000000	0.043586
300	0.000000	0.000000	0.000000	0.025434	0.931541	0.000016	0.000225	0.000000	0.042784
301	0.000000	0.000000	0.000000	0.025261	0.932310	0.000017	0.000215	0.000000	0.042197
302	0.000000	0.000000	0.000000	0.025120	0.933337	0.000019	0.000187	0.000000	0.041337
303	0.000000	0.000000	0.000000	0.025002	0.934310	0.000014	0.000187	0.000000	0.040487
304	0.000000	0.000000	0.000000	0.024867	0.935260	0.000015	0.000169	0.000000	0.039689
305	0.000000	0.000000	0.000000	0.024853	0.935844	0.000012	0.000144	0.000000	0.039147
306	0.000000	0.000000	0.000000	0.024826	0.936594	0.000016	0.000150	0.000000	0.038414
307	0.000000	0.000000	0.000000	0.024687	0.937369	0.000017	0.000138	0.000000	0.037789
308	0.000000	0.000000	0.000000	0.024680	0.938091	0.000015	0.000141	0.000000	0.037073
309	0.000000	0.000000	0.000000	0.024674	0.938639	0.000013	0.000137	0.000000	0.036537
310	0.000000	0.000000	0.000000	0.024704	0.939317	0.000017	0.000124	0.000000	0.035838
311	0.000000	0.000000	0.000000	0.024649	0.939853	0.000018	0.000125	0.000000	0.035355
312	0.000000	0.000000	0.000000	0.024590	0.940442	0.000016	0.000107	0.000000	0.034845
313	0.000000	0.000000	0.000000	0.024618	0.941068	0.000013	0.000091	0.000000	0.034210
314	0.000000	0.000000	0.000000	0.024667	0.941728	0.000015	0.000090	0.000000	0.033500
315	0.000000	0.000000	0.000000	0.024531	0.942414	0.000014	0.000089	0.000000	0.032952
316	0.000000	0.000000	0.000000	0.024563	0.942978	0.000007	0.000093	0.000000	0.032359
317	0.000000	0.000000	0.000000	0.024615	0.943540	0.000013	0.000090	0.000000	0.031742
318	0.000000	0.000000	0.000000	0.024501	0.944351	0.000013	0.000096	0.000000	0.031039
319	0.000000	0.000000	0.000000	0.024529	0.944995	0.000006	0.000096	0.000000	0.030374
320	0.000000	0.000000	0.000000	0.024439	0.945665	0.000011	0.000083	0.000000	0.029802
321	0.000000	0.000000	0.000000	0.024515	0.946239	0.000016	0.000085	0.000000	0.029145
322	0.000000	0.000000	0.000000	0.024516	0.946727	0.000010	0.000092	0.000000	0.028655
323	0.000000	0.000000	0.000000	0.024526	0.947269	0.000013	0.000085	0.000000	0.028107
324	0.000000	0.000000	0.000000	0.024491	0.947859	0.000013	0.000087	0.000000	0.027550
325	0.000000	0.000000	0.000000	0.024313	0.948593	0.000008	0.000089	0.000000	0.026997
326	0.000000	0.000000	0.000000	0.024245	0.949262	0.000008	0.000090	0.000000	0.026395
327	0.000000	0.000000	0.000000	0.024220	0.949895	0.000006	0.000087	0.000000	0.025792
328	0.000000	0.000000	0.000000	0.024549	0.950030	0.000005	0.000089	0.000000	0.025327
329	0.000000	0.000000	0.000000	0.024565	0.950550	0.000007	0.000070	0.000000	0.024808
330	0.000000	0.000000	0.000000	0.024526	0.951105	0.000007	0.000063	0.000000	0.024299
331	0.000000	0.000000	0.000000	0.024554	0.951603	0.000006	0.000054	0.000000	0.023783
332	0.000000	0.000000	0.000000	0.024423	0.952237	0.000004	0.000043	0.000000	0.023293
333	0.000000	0.000000	0.000000	0.024275	0.952830	0.000003	0.000046	0.000000	0.022846
334	0.000000	0.000000	0.000000	0.024293	0.953284	0.000002	0.000049	0.000000	0.022372
335	0.000000	0.000000	0.000000	0.024197	0.953821	0.000004	0.000038	0.000000	0.021940
336	0.000000	0.000000	0.000000	0.024096	0.954462	0.000002	0.000035	0.000000	0.021405
337	0.000000	0.000000	0.000000	0.024107	0.955059	0.000002	0.000041	0.000000	0.020791
338	0.000000	0.000000	0.000000	0.024131	0.955521	0.000003	0.000045	0.000000	0.020300
339	0.000000	0.000000	0.000000	0.023962	0.956082	0.000004	0.000058	0.000000	0.019894
340	0.000000	0.000000	0.000000	0.023786	0.956736	0.000002	0.000047	0.000000	0.019429
341	0.000000	0.000000	0.000000	0.023805	0.957233	0.000002	0.000056	0.000000	0.018904
342	0.000000	0.000000	0.000000	0.023870	0.957622	0.000000	0.000052	0.000000	0.018456
343	0.000000	0.000000	0.000000	0.023800	0.957970	0.000000	0.000055	0.000000	0.018175
344	0.000000	0.000000	0.000000	0.023832	0.958336	0.000001	0.000052	0.000000	0.017779
345	0.000000	0.000000	0.000000	0.023995	0.958578	0.000001	0.000041	0.000000	0.017385
346	0.000000	0.000000	0.000000	0.023886	0.959089	0.000001	0.000034	0.000000	0.016990
347	0.000000	0.000000	0.000000	0.023809	0.959628	0.000001	0.000030	0.000000	0.016532
348	0.000000	0.000000	0.000000	0.023815	0.960082	0.000003	0.000027	0.000000	0.016073
349	0.000000	0.000000	0.000000	0.023931	0.960323	0.000000	0.000022	0.000000	0.015724
350	0.000000	0.000000	0.000000	0.023915	0.960709	0.000001	0.000024	0.000000	0.015351
351	0.000000	0.000000	0.000000	0.023799	0.961119	0.000001	0.000025	0.000000	0.015056
352	0.000000	0.000000	0.000000	0.023754	0.961458	0.000001	0.000026	0.000000	0.014761
353	0.000000	0.000000	0.000000	0.023716	0.961899	0.000002	0.000019	0.000000	0.014364
354	0.000000	0.000000	0.000000	0.023561	0.962325	0.000003	0.000020	0.000000	0.014091
355	0.000000	0.000000	0.000000	0.023619	0.962581	0.000002	0.000010	0.000000	0.013788
356	0.000000	0.000000	0.000000	0.023613	0.962898	0.000002	0.000017	0.000000	0.013470
357	0.000000	0.000000	0.000000	0.023640	0.963176	0.000002	0.000017	0.000000	0.013165
358	0.000000	0.000000	0.000000	0.023328	0.963780	0.000003	0.000011	0.000000	0.012878
359	0.000000	0.000000	0.000000	0.023331	0.964131	0.000002	0.000011	0.000000	0.012525
360	0.000000	0.000000	0.000000	0.023317	0.964466	0.000003	0.000011	0.000000	0.012203
361	0.000000	0.000000	0.000000	0.023427	0.964629	0.000003	0.000008	0.000000	0.011933
362	0.000000	0.000000	0.000000	0.023516	0.964883	0.000002	0.000011	0.000000	0.011588
363	0.000000	0.000000	0.000000	0.023641	0.965014	0.000003	0.000010	0.000000	0.011332
364	0.000000	0.000000	0.000000	0.023635	0.965340	0.000001	0.000008	0.000000	0.011016
365	0.000000	0.000000	0.000000	0.023614	0.965673	0.000001	0.000011	0.000000	0.010701
366	0.000000	0.000000	0.000000	0.023592	0.965987	0.000003	0.000011	0.000000	0.010407
367	0.000000	0.000000	0.000000	0.023475	0.966348	0.000003	0.000010	0.000000	0.010164
368	0.000000	0.000000	0.000000	0.023475	0.966561	0.000001	0.000010	0.000000	0.009953
369	0.000000	0.000000	0.000000	0.023323	0.966976	0.000000	0.000003	0.000000	0.009698
370	0.000000	0.000000	0.000000	0.023298	0.967219	0.000004	0.000003	0.000000	0.009476
371	0.000000	0.000000	0.000000	0.023346	0.967343	0.000002	0.000003	0.000000	0.009306
372	0.000000	0.000000	0.000000	0.023296	0.967617	0.000002	0.000002	0.000000	0.009083
373	0.000000	0.000000	0.000000	0.023238	0.967973	0.000003	0.000000	0.000000	0.008786
374	0.000000	0.000000	0.000000	0.023353	0.967981	0.000003	0.000001	0.000000	0.008662
375	0.000000	0.000000	0.000000	0.023450	0.968203	0.000002	0.000001	0.000000	0.008344
376	0.000000	0.000000	0.000000	0.023362	0.968491	0.000004	0.000000	0.000000	0.008143
377	0.000000	0.000000	0.000000	0.023386	0.968636	0.000002	0.000000	0.000000	0.007976
378	0.000000	0.000000	0.000000	0.023099	0.969086	0.000004	0.000000	0.000000	0.007811
379	0.000000	0.000000	0.000000	0.023243	0.969154	0.000005	0.000000	0.000000	0.007598
380	0.000000	0.000000	0.000000	0.023205	0.969398	0.000004	0.000000	0.000000	0.007393
381	0.000000	0.000000	0.000000	0.023218	0.969569	0.000004	0.000000	0.000000	0.007209
382	0.000000	0.000000	0.000000	0.023209	0.969713	0.000004	0.000000	0.000000	0.007074
383	0.000000	0.000000	0.000000	0.023144	0.970014	0.000004	0.000000	0.000000	0.006838
384	0.000000	0.000000	0.000000	0.023001	0.970350	0.000002	0.000000	0.000000	0.006647
385	0.000000	0.000000	0.000000	0.023085	0.970493	0.000002	0.000000	0.000000	0.006420
386	0.000000	0.000000	0.000000	0.023160	0.970572	0.000002	0.000000	0.000000	0.006266
387	0.000000	0.000000	0.000000	0.023187	0.970749	0.000003	0.000000	0.000000	0.006061
388	0.000000	0.000000	0.000000	0.023332	0.970716	0.000004	0.000000	0.000000	0.005948
389	0.000000	0.000000	0.000000	0.023302	0.970932	0.000004	0.000000	0.000000	0.005762
390	0.000000	0.000000	0.000000	0.023275	0.971068	0.000005	0.000000	0.000000	0.005652
391	0.000000	0.000000	0.000000	0.023348	0.971078	0.000006	0.000000	0.000000	0.005568
392	0.000000	0.000000	0.000000	0.023337	0.971250	0.000012	0.000000	0.000000	0.005401
393	0.000000	0.000000	0.000000	0.023491	0.971263	0.000010	0.000000	0.000000	0.005236
394	0.000000	0.000000	0.000000	0.023497	0.971379	0.000010	0.000000	0.000000	0.005114
395	0.000000	0.000000	0.000000	0.023365	0.971642	0.000012	0.000000	0.000000	0.004981
396	0.000000	0.000000	0.000000	0.023133	0.971960	0.000012	0.000000	0.000000	0.004895
397	0.000000	0.000000	0.000000	0.023276	0.971929	0.000010	0.000000	0.000000	0.004785
398	0.000000	0.000000	0.000000	0.023200	0.972092	0.000008	0.000000	0.000000	0.004700
399	0.000000	0.000000	0.000000	0.023189	0.972198	0.000009	0.000000	0.000000	0.004604
400	0.000000	0.000000	0.000000	0.023288	0.972213	0.000011	0.000000	0.000000	0.004488
401	0.000000	0.000000	0.000000	0.023238	0.972343	0.000009	0.000000	0.000000	0.004410
402	0.000000	0.000000	0.000000	0.023143	0.972501	0.000010	0.000000	0.000000	0.004346
403	0.000000	0.000000	0.000000	0.023212	0.972530	0.000017	0.000000	0.000000	0.004241
404	0.000000	0.000000	0.000000	0.023224	0.972680	0.000014	0.000000	0.000000	0.004082
405	0.000000	0.000000	0.000000	0.023159	0.972855	0.000016	0.000000	0.000000	0.003970
406	0.000000	0.000000	0.000000	0.023189	0.972922	0.000019	0.000000	0.000000	0.003870
407	0.000000	0.000000	0.000000	0.023108	0.973075	0.000013	0.000000	0.000000	0.003804
408	0.000000	0.000000	0.000000	0.023052	0.973249	0.000016	0.000000	0.000000	0.003683
409	0.000000	0.000000	0.000000	0.023164	0.973247	0.000012	0.000000	0.000000	0.003577
410	0.000000	0.000000	0.000000	0.023275	0.973242	0.000014	0.000000	0.000000	0.003469
411	0.000000	0.000000	0.000000	0.023123	0.973445	0.000020	0.000000	0.000000	0.003412
412	0.000000	0.000000	0.000000	0.023248	0.973469	0.000020	0.000000	0.000000	0.003263
413	0.000000	0.000000	0.000000	0.023078	0.973745	0.000022	0.000000	0.000000	0.003155
414	0.000000	0.000000	0.000000	0.022977	0.973862	0.000024	0.000000	0.000000	0.003137
415	0.000000	0.000000	0.000000	0.023054	0.973891	0.000026	0.000000	0.000000	0.003029
416	0.000000	0.000000	0.000000	0.023114	0.973875	0.000024	0.000000	0.000000	0.002987
417	0.000000	0.000000	0.000000	0.023117	0.973981	0.000028	0.000000	0.000000	0.002874
418	0.000000	0.000000	0.000000	0.023255	0.973912	0.000026	0.000000	0.000000	0.002807
419	0.000000	0.000000	0.000000	0.023313	0.973908	0.000023	0.000000	0.000000	0.002756
420	0.000000	0.000000	0.000000	0.023147	0.974136	0.000017	0.000000	0.000000	0.002700
421	0.000000	0.000000	0.000000	0.023185	0.974195	0.000018	0.000000	0.000000	0.002602
422	0.000000	0.000000	0.000000	0.023283	0.974211	0.000017	0.000000	0.000000	0.002489
423	0.000000	0.000000	0.000000	0.023473	0.974052	0.000019	0.000000	0.000000	0.002456
424	0.000000	0.000000	0.000000	0.023347	0.974228	0.000021	0.000000	0.000000	0.002404
425	0.000000	0.000000	0.000000	0.023301	0.974365	0.000024	0.000000	0.000000	0.002310
426	0.000000	0.000000	0.000000	0.023297	0.974447	0.000021	0.000000	0.000000	0.002235
427	0.000000	0.000000	0.000000	0.023347	0.974462	0.000026	0.000000	0.000000	0.002165
428	0.000000	0.000000	0.000000	0.023347	0.974558	0.000027	0.000000	0.000000	0.002068
429	0.000000	0.000000	0.000000	0.023471	0.974470	0.000025	0.000000	0.000000	0.002034
430	0.000000	0.000000	0.000000	0.023299	0.974714	0.000025	0.000000	0.000000	0.001962
431	0.000000	0.000000	0.000000	0.023191	0.974885	0.000023	0.000000	0.000000	0.001901
432	0.000000	0.000000	0.000000	0.023320	0.974802	0.000020	0.000000	0.000000	0.001858
433	0.000000	0.000000	0.000000	0.023355	0.974813	0.000019	0.000000	0.000000	0.001813
434	0.000000	0.000000	0.000000	0.023376	0.974833	0.000022	0.000000	0.000000	0.001769
435	0.000000	0.000000	0.000000	0.023368	0.974877	0.000025	0.000000	0.000000	0.001730
436	0.000000	0.000000	0.000000	0.023263	0.975040	0.000028	0.000000	0.000000	0.001669
437	0.000000	0.000000	0.000000	0.023306	0.975074	0.000031	0.000000	0.000000	0.001589
438	0.000000	0.000000	0.000000	0.023295	0.975119	0.000026	0.000000	0.000000	0.001560
439	0.000000	0.000000	0.000000	0.023423	0.975017	0.000025	0.000000	0.000000	0.001535
440	0.000000	0.000000	0.000000	0.023593	0.974873	0.000023	0.000000	0.000000	0.001511
441	0.000000	0.000000	0.000000	0.023578	0.974932	0.000023	0.000000	0.000000	0.001467
442	0.000000	0.000000	0.000000	0.023625	0.974883	0.000028	0.000000	0.000000	0.001464
443	0.000000	0.000000	0.000000	0.023465	0.975054	0.000036	0.000000	0.000000	0.001445
444	0.000000	0.000000	0.000000	0.023441	0.975148	0.000032	0.000000	0.000000	0.001379
445	0.000000	0.000000	0.000000	0.023478	0.975130	0.000031	0.000000	0.000000	0.001361
446	0.000000	0.000000	0.000000	0.023475	0.975165	0.000036	0.000000	0.000000	0.001324
447	0.000000	0.000000	0.000000	0.023654	0.975024	0.000032	0.000000	0.000000	0.001290
448	0.000000	0.000000	0.000000	0.023686	0.975004	0.000031	0.000000	0.000000	0.001279
449	0.000000	0.000000	0.000000	0.023580	0.975122	0.000024	0.000000	0.000000	0.001274
450	0.000000	0.000000	0.000000	0.023512	0.975204	0.000022	0.000000	0.000000	0.001262
451	0.000000	0.000000	0.000000	0.023557	0.975188	0.000024	0.000000	0.000000	0.001231
452	0.000000	0.000000	0.000000	0.023437	0.975323	0.000021	0.000000	0.000000	0.001219
453	0.000000	0.000000	0.000000	0.023479	0.975295	0.000029	0.000000	0.000000	0.001197
454	0.000000	0.000000	0.000000	0.023405	0.975401	0.000025	0.000000	0.000000	0.001169
455	0.000000	0.000000	0.000000	0.023444	0.975365	0.000024	0.000000	0.000000	0.001167
456	0.000000	0.000000	0.000000	0.023537	0.975330	0.000019	0.000000	0.000000	0.001114
457	0.000000	0.000000	0.000000	0.023624	0.975270	0.000029	0.000000	0.000000	0.001077
458	0.000000	0.000000	0.000000	0.023795	0.975101	0.000031	0.000000	0.000000	0.001073
459	0.000000	0.000000	0.000000	0.023845	0.975100	0.000025	0.000000	0.000000	0.001030
460	0.000000	0.000000	0.000000	0.023805	0.975136	0.000031	0.000000	0.000000	0.001028
461	0.000000	0.000000	0.000000	0.023792	0.975190	0.000026	0.000000	0.000000	0.000992
462	0.000000	0.000000	0.000000	0.023953	0.975035	0.000021	0.000000	0.000000	0.000991
463	0.000000	0.000000	0.000000	0.024071	0.974937	0.000017	0.000000	0.000000	0.000975
464	0.000000	0.000000	0.000000	0.024173	0.974885	0.000018	0.000000	0.000000	0.000924
465	0.000000	0.000000	0.000000	0.024316	0.974744	0.000024	0.000000	0.000000	0.000916
466	0.000000	0.000000	0.000000	0.024329	0.974748	0.000026	0.000000	0.000000	0.000897
467	0.000000	0.000000	0.000000	0.024225	0.974881	0.000022	0.000000	0.000000	0.000872
468	0.000000	0.000000	0.000000	0.024286	0.974825	0.000024	0.000000	0.000000	0.000865
469	0.000000	0.000000	0.000000	0.024052	0.975081	0.000018	0.000000	0.000000	0.000849
470	0.000000	0.000000	0.000000	0.024111	0.975057	0.000023	0.000000	0.000000	0.000809
