0	0.290663	0.057897	0.229473	0.157588	0.029913	0.111872	0.085455	0.012259	0.024880
1	0.234410	0.048693	0.202884	0.143078	0.029466	0.124268	0.109745	0.021355	0.086101
2	0.237191	0.048840	0.203256	0.141307	0.030519	0.123187	0.103620	0.020376	0.091704
3	0.245892	0.049505	0.204907	0.140143	0.031571	0.119610	0.095921	0.018463	0.093988
4	0.255335	0.050007	0.206305	0.138004	0.033138	0.116271	0.088570	0.017082	0.095288
5	0.265227	0.050685	0.206623	0.136623	0.034660	0.111695	0.081547	0.015650	0.097290
6	0.274872	0.051580	0.206959	0.135062	0.036370	0.107291	0.074997	0.014235	0.098634
7	0.284412	0.051738	0.207526	0.133354	0.037990	0.102832	0.069327	0.012896	0.099925
8	0.293774	0.052220	0.207568	0.131758	0.039437	0.098537	0.063651	0.011679	0.101376
9	0.303230	0.052355	0.207860	0.129382	0.041356	0.093870	0.058663	0.010689	0.102595
10	0.312331	0.052346	0.206602	0.127164	0.042978	0.090015	0.054433	0.009849	0.104282
11	0.320503	0.051828	0.206558	0.124712	0.044831	0.086169	0.050651	0.008959	0.105789
12	0.329500	0.051910	0.205464	0.122283	0.046572	0.082622	0.046758	0.008196	0.106695
13	0.338069	0.051301	0.204263	0.119834	0.048698	0.078555	0.043615	0.007647	0.108018
14	0.346576	0.050591	0.203676	0.117009	0.050599	0.075079	0.040399	0.006978	0.109093
15	0.354643	0.049956	0.201737	0.114762	0.052677	0.071837	0.037632	0.006408	0.110348
16	0.362914	0.049395	0.200509	0.112383	0.054810	0.068063	0.034811	0.005899	0.111216
17	0.370274	0.048925	0.198644	0.109506	0.057419	0.064732	0.032506	0.005442	0.112552
18	0.378389	0.048102	0.196730	0.106750	0.059389	0.061987	0.030396	0.005043	0.113214
19	0.385095	0.047582	0.195488	0.104643	0.061856	0.058928	0.028142	0.004526	0.113740
20	0.392306	0.047055	0.193203	0.102655	0.064390	0.056007	0.026361	0.004288	0.113735
21	0.398997	0.046355	0.191598	0.100242	0.066932	0.053636	0.024298	0.003872	0.114070
22	0.406076	0.045680	0.188907	0.098035	0.069670	0.050979	0.022864	0.003639	0.114150
23	0.412505	0.045211	0.186920	0.095628	0.072106	0.048855	0.021116	0.003214	0.114445
24	0.419406	0.044704	0.183822	0.093254	0.074996	0.046608	0.019703	0.002997	0.114510
25	0.425948	0.043889	0.181553	0.090890	0.077720	0.044410	0.018352	0.002758	0.114480
26	0.431706	0.043626	0.178578	0.088776	0.080952	0.042487	0.017342	0.002534	0.113999
27	0.437528	0.042933	0.175848	0.086967	0.084369	0.040359	0.016131	0.002347	0.113518
28	0.442167	0.042516	0.173514	0.084912	0.087709	0.038900	0.015135	0.002161	0.112986
29	0.448004	0.041905	0.170911	0.083085	0.091090	0.036805	0.013913	0.002004	0.112283
30	0.452756	0.041173	0.168460	0.081310	0.094376	0.035156	0.012927	0.001857	0.111985
31	0.457676	0.040602	0.165872	0.079562	0.098017	0.033742	0.012008	0.001670	0.110851
32	0.462276	0.039831	0.163279	0.077884	0.101867	0.032336	0.011108	0.001539	0.109880
33	0.466266	0.039063	0.160657	0.076331	0.106099	0.030756	0.010464	0.001406	0.108958
34	0.470809	0.038634	0.158561	0.074357	0.109869	0.029477	0.009644	0.001329	0.107320
35	0.474952	0.037651	0.155916	0.072843	0.114568	0.028050	0.008963	0.001216	0.105841
36	0.478993	0.037126	0.153380	0.071288	0.118649	0.027060	0.008261	0.001119	0.104124
37	0.482643	0.036318	0.151157	0.069940	0.123009	0.025753	0.007600	0.001066	0.102514
38	0.485897	0.035564	0.148633	0.068990	0.127552	0.024441	0.007153	0.001002	0.100768
39	0.488986	0.035028	0.146287	0.067643	0.132144	0.023530	0.006478	0.000965	0.098939
40	0.491991	0.034258	0.143844	0.066391	0.137038	0.022584	0.006012	0.000848	0.097034
41	0.494750	0.033341	0.140977	0.065388	0.141923	0.021898	0.005532	0.000788	0.095403
42	0.497957	0.032792	0.138031	0.064155	0.146636	0.020954	0.005214	0.000705	0.093556
43	0.500551	0.032128	0.135705	0.063048	0.151505	0.020183	0.004757	0.000619	0.091504
44	0.502014	0.031560	0.133082	0.062388	0.156907	0.019668	0.004379	0.000594	0.089408
45	0.504030	0.030806	0.130647	0.061226	0.162485	0.018844	0.004160	0.000477	0.087325
46	0.505811	0.030059	0.128369	0.060351	0.167788	0.018030	0.003813	0.000432	0.085347
47	0.508143	0.029549	0.126178	0.059125	0.172692	0.017076	0.003426	0.000374	0.083437
48	0.509855	0.028754	0.123430	0.058375	0.178798	0.016690	0.003185	0.000356	0.080557
49	0.510843	0.028312	0.121015	0.057464	0.184670	0.016299	0.002920	0.000287	0.078190
50	0.511193	0.027710	0.118778	0.056564	0.190581	0.015672	0.002709	0.000282	0.076511
51	0.512140	0.027108	0.116319	0.055280	0.196878	0.015253	0.002451	0.000230	0.074341
52	0.512674	0.026550	0.114114	0.054763	0.202827	0.014753	0.002267	0.000224	0.071828
53	0.512584	0.026093	0.111825	0.054177	0.209187	0.014341	0.002053	0.000211	0.069529
54	0.512616	0.025475	0.109550	0.052977	0.215873	0.013980	0.001866	0.000191	0.067472
55	0.511841	0.024828	0.107740	0.052504	0.222510	0.013717	0.001654	0.000153	0.065053
56	0.511352	0.024360	0.105699	0.051547	0.229014	0.013577	0.001558	0.000136	0.062757
57	0.510832	0.023544	0.103394	0.051058	0.235560	0.013311	0.001440	0.000161	0.060700
58	0.510455	0.022995	0.101170	0.050402	0.242380	0.012921	0.001268	0.000140	0.058269
59	0.508981	0.022359	0.099504	0.050122	0.249166	0.012481	0.001149	0.000114	0.056124
60	0.507369	0.021756	0.097443	0.049910	0.256078	0.012094	0.001012	0.000107	0.054231
61	0.506440	0.021266	0.095411	0.049339	0.262526	0.011907	0.000891	0.000088	0.052132
62	0.504464	0.020799	0.093394	0.048772	0.269870	0.011494	0.000850	0.000080	0.050277
63	0.502096	0.020514	0.091518	0.048199	0.277315	0.011366	0.000698	0.000071	0.048223
64	0.499498	0.020109	0.089831	0.047636	0.284892	0.011025	0.000689	0.000063	0.046257
65	0.497256	0.019493	0.087934	0.046994	0.292250	0.010913	0.000615	0.000070	0.044475
66	0.494556	0.018976	0.086197	0.046397	0.300176	0.010514	0.000492	0.000042	0.042650
67	0.492246	0.018495	0.084271	0.046123	0.307399	0.010326	0.000458	0.000043	0.040639
68	0.488628	0.017889	0.082282	0.045612	0.315865	0.010207	0.000399	0.000056	0.039062
69	0.485055	0.017345	0.081072	0.045404	0.323643	0.009958	0.000369	0.000051	0.037103
70	0.481255	0.016623	0.079624	0.045217	0.331491	0.009824	0.000338	0.000044	0.035584
71	0.477719	0.016080	0.077857	0.044856	0.339667	0.009548	0.000310	0.000039	0.033924
72	0.474363	0.015544	0.076087	0.044317	0.347755	0.009423	0.000287	0.000032	0.032192
73	0.470650	0.015037	0.074532	0.043960	0.355818	0.009230	0.000276	0.000035	0.030462
74	0.466214	0.014611	0.073025	0.043379	0.364125	0.009104	0.000247	0.000029	0.029266
75	0.462627	0.014084	0.071296	0.042976	0.372048	0.009028	0.000220	0.000024	0.027697
76	0.457939	0.013780	0.069660	0.042814	0.380164	0.008958	0.000201	0.000026	0.026458
77	0.453600	0.013299	0.067767	0.042744	0.388529	0.008706	0.000203	0.000029	0.025123
78	0.448954	0.012767	0.066459	0.042717	0.396700	0.008596	0.000193	0.000025	0.023589
79	0.444009	0.012429	0.065434	0.042466	0.405020	0.008358	0.000186	0.000019	0.022079
80	0.439618	0.011849	0.063896	0.042317	0.412950	0.008258	0.000167	0.000021	0.020924
81	0.434320	0.011434	0.062729	0.041875	0.421651	0.008150	0.000146	0.000017	0.019678
82	0.429141	0.011057	0.061020	0.041874	0.430242	0.008098	0.000123	0.000012	0.018433
83	0.424364	0.010643	0.059422	0.041729	0.438392	0.008077	0.000108	0.000010	0.017255
84	0.419181	0.010322	0.057637	0.041678	0.446708	0.007915	0.000102	0.000005	0.016452
85	0.413061	0.009996	0.056518	0.041643	0.455251	0.007946	0.000094	0.000005	0.015486
86	0.407333	0.009791	0.055028	0.041591	0.463840	0.007809	0.000071	0.000003	0.014534
87	0.401819	0.009382	0.053613	0.041330	0.472211	0.007730	0.000051	0.000004	0.013860
88	0.395700	0.009153	0.052475	0.041310	0.480533	0.007797	0.000055	0.000003	0.012974
89	0.389330	0.008780	0.051139	0.041158	0.489812	0.007638	0.000058	0.000004	0.012081
90	0.383147	0.008638	0.049872	0.041208	0.497928	0.007723	0.000051	0.000001	0.011432
91	0.377126	0.008265	0.048479	0.041332	0.506254	0.007673	0.000046	0.000002	0.010823
92	0.370950	0.007979	0.047485	0.040982	0.514806	0.007659	0.000040	0.000001	0.010098
93	0.365069	0.007600	0.046559	0.040967	0.522516	0.007708	0.000035	0.000000	0.009546
94	0.358317	0.007464	0.045112	0.040927	0.531687	0.007554	0.000026	0.000000	0.008913
95	0.351849	0.007148	0.044137	0.040913	0.539803	0.007672	0.000019	0.000000	0.008459
96	0.345630	0.006865	0.042910	0.040992	0.548006	0.007562	0.000016	0.000000	0.008019
97	0.339144	0.006608	0.041879	0.040926	0.556444	0.007457	0.000019	0.000000	0.007523
98	0.332828	0.006433	0.040620	0.040890	0.564694	0.007461	0.000020	0.000000	0.007054
99	0.326754	0.006123	0.039556	0.041110	0.572483	0.007305	0.000016	0.000000	0.006653
100	0.320537	0.005768	0.038513	0.040960	0.580629	0.007385	0.000010	0.000000	0.006198
101	0.314648	0.005702	0.037441	0.040768	0.588273	0.007384	0.000014	0.000000	0.005770
102	0.307895	0.005437	0.036576	0.040761	0.596634	0.007329	0.000012	0.000000	0.005356
103	0.301819	0.005270	0.035531	0.040680	0.604382	0.007307	0.000011	0.000000	0.005000
104	0.295385	0.005218	0.034482	0.040359	0.612740	0.007215	0.000008	0.000000	0.004593
105	0.289255	0.004903	0.033483	0.040343	0.620319	0.007346	0.000009	0.000000	0.004342
106	0.282686	0.004747	0.032915	0.040137	0.628040	0.007404	0.000006	0.000000	0.004065
107	0.276557	0.004507	0.031568	0.040010	0.636174	0.007350	0.000004	0.000000	0.003830
108	0.270783	0.004255	0.030639	0.039925	0.643364	0.007426	0.000005	0.000000	0.003603
109	0.264235	0.004129	0.029774	0.039777	0.651369	0.007312	0.000007	0.000000	0.003397
110	0.257560	0.003935	0.028794	0.039831	0.659619	0.007183	0.000002	0.000000	0.003076
111	0.251010	0.003692	0.027997	0.039847	0.667299	0.007233	0.000002	0.000000	0.002920
112	0.245244	0.003536	0.027042	0.040191	0.673914	0.007278	0.000003	0.000000	0.002792
113	0.238576	0.003465	0.026346	0.040229	0.681696	0.007199	0.000002	0.000000	0.002487
114	0.232459	0.003302	0.025600	0.040302	0.688947	0.007052	0.000001	0.000000	0.002337
115	0.226558	0.003159	0.024999	0.040066	0.696004	0.007035	0.000001	0.000000	0.002178
116	0.221007	0.003004	0.024152	0.040252	0.702623	0.006961	0.000000	0.000000	0.002001
117	0.215358	0.002784	0.023241	0.040313	0.709558	0.006952	0.000000	0.000000	0.001794
118	0.209509	0.002641	0.022420	0.040406	0.716355	0.006941	0.000000	0.000000	0.001728
119	0.203554	0.002530	0.022015	0.040777	0.722668	0.006841	0.000000	0.000000	0.001615
120	0.197451	0.002372	0.021690	0.040808	0.729253	0.006920	0.000000	0.000000	0.001506
121	0.192131	0.002345	0.021001	0.040624	0.735550	0.006930	0.000000	0.000000	0.001419
122	0.186762	0.002159	0.020185	0.040954	0.741822	0.006781	0.000000	0.000000	0.001337
123	0.181183	0.002070	0.019444	0.041092	0.748190	0.006741	0.000000	0.000000	0.001280
124	0.176032	0.001982	0.018807	0.041001	0.754149	0.006835	0.000000	0.000000	0.001194
125	0.170846	0.001893	0.018157	0.041256	0.759822	0.006939	0.000000	0.000000	0.001087
126	0.165710	0.001811	0.017685	0.040873	0.766083	0.006783	0.000000	0.000000	0.001055
127	0.160506	0.001720	0.017217	0.040903	0.771892	0.006782	0.000000	0.000000	0.000980
128	0.155671	0.001661	0.016637	0.040974	0.777401	0.006777	0.000000	0.000000	0.000879
129	0.150697	0.001650	0.015970	0.041087	0.783003	0.006760	0.000000	0.000000	0.000833
130	0.145758	0.001538	0.015525	0.041030	0.788413	0.006953	0.000000	0.000000	0.000783
131	0.141027	0.001473	0.015152	0.040989	0.793775	0.006837	0.000000	0.000000	0.000747
132	0.136285	0.001477	0.014486	0.041176	0.798941	0.006885	0.000000	0.000000	0.000750
133	0.131843	0.001444	0.013803	0.041390	0.803959	0.006856	0.000000	0.000000	0.000705
134	0.127518	0.001425	0.013250	0.041231	0.809046	0.006838	0.000000	0.000000	0.000692
135	0.123166	0.001376	0.012804	0.041335	0.813851	0.006811	0.000000	0.000000	0.000657
136	0.118856	0.001340	0.012355	0.041049	0.819078	0.006706	0.000000	0.000000	0.000616
137	0.114655	0.001232	0.011908	0.041040	0.823954	0.006645	0.000000	0.000000	0.000566
138	0.110767	0.001154	0.011457	0.041096	0.828222	0.006770	0.000000	0.000000	0.000534
139	0.106987	0.001055	0.010824	0.040920	0.833001	0.006717	0.000000	0.000000	0.000496
140	0.103120	0.000991	0.010477	0.040914	0.837196	0.006838	0.000000	0.000000	0.000464
141	0.099575	0.000937	0.010034	0.040776	0.841448	0.006799	0.000000	0.000000	0.000431
142	0.096118	0.000890	0.009607	0.040840	0.845363	0.006789	0.000000	0.000000	0.000393
143	0.092406	0.000841	0.009120	0.040714	0.849817	0.006736	0.000000	0.000000	0.000366
144	0.088764	0.000801	0.008780	0.040740	0.853886	0.006657	0.000000	0.000000	0.000372
145	0.085633	0.000729	0.008414	0.040742	0.857446	0.006664	0.000000	0.000000	0.000372
146	0.082436	0.000646	0.008015	0.040934	0.860943	0.006694	0.000000	0.000000	0.000332
147	0.079115	0.000630	0.007730	0.040684	0.864872	0.006648	0.000000	0.000000	0.000321
148	0.075491	0.000569	0.007555	0.040641	0.868815	0.006617	0.000000	0.000000	0.000312
149	0.072700	0.000508	0.007234	0.040625	0.872100	0.006541	0.000000	0.000000	0.000292
150	0.070078	0.000456	0.007035	0.040592	0.875066	0.006510	0.000000	0.000000	0.000263
151	0.067283	0.000446	0.006565	0.040498	0.878305	0.006661	0.000000	0.000000	0.000242
152	0.064651	0.000391	0.006195	0.040647	0.881141	0.006754	0.000000	0.000000	0.000221
153	0.062012	0.000349	0.005892	0.040473	0.884299	0.006780	0.000000	0.000000	0.000195
154	0.059408	0.000334	0.005615	0.040533	0.887162	0.006767	0.000000	0.000000	0.000181
155	0.057126	0.000316	0.005271	0.040574	0.889736	0.006813	0.000000	0.000000	0.000164
156	0.054736	0.000310	0.005056	0.040483	0.892447	0.006815	0.000000	0.000000	0.000153
157	0.052114	0.000292	0.004941	0.040265	0.895436	0.006811	0.000000	0.000000	0.000141
158	0.049835	0.000271	0.004743	0.040128	0.898165	0.006725	0.000000	0.000000	0.000133
159	0.047635	0.000252	0.004527	0.040189	0.900362	0.006912	0.000000	0.000000	0.000123
160	0.045452	0.000224	0.004329	0.040146	0.903000	0.006729	0.000000	0.000000	0.000120
161	0.043174	0.000206	0.004124	0.040324	0.905315	0.006746	0.000000	0.000000	0.000111
162	0.041411	0.000195	0.003867	0.040277	0.907392	0.006748	0.000000	0.000000	0.000110
163	0.039423	0.000185	0.003731	0.040633	0.909301	0.006627	0.000000	0.000000	0.000100
164	0.037436	0.000168	0.003586	0.040654	0.911425	0.006647	0.000000	0.000000	0.000084
165	0.035902	0.000175	0.003390	0.040725	0.913099	0.006635	0.000000	0.000000	0.000074
166	0.034363	0.000163	0.003300	0.040939	0.914403	0.006763	0.000000	0.000000	0.000069
167	0.032654	0.000155	0.003167	0.040939	0.916225	0.006793	0.000000	0.000000	0.000067
168	0.031032	0.000135	0.002989	0.041238	0.917726	0.006820	0.000000	0.000000	0.000060
169	0.029429	0.000146	0.002912	0.041225	0.919378	0.006856	0.000000	0.000000	0.000054
170	0.027847	0.000134	0.002779	0.040925	0.921477	0.006794	0.000000	0.000000	0.000044
171	0.026519	0.000131	0.002697	0.041155	0.922688	0.006772	0.000000	0.000000	0.000038
172	0.025140	0.000130	0.002588	0.041268	0.923998	0.006842	0.000000	0.000000	0.000034
173	0.023953	0.000119	0.002484	0.041321	0.925181	0.006910	0.000000	0.000000	0.000032
174	0.022670	0.000112	0.002337	0.041580	0.926473	0.006802	0.000000	0.000000	0.000026
175	0.021419	0.000101	0.002292	0.041404	0.928007	0.006759	0.000000	0.000000	0.000018
176	0.020403	0.000092	0.002141	0.041239	0.929428	0.006686	0.000000	0.000000	0.000011
177	0.019425	0.000081	0.001993	0.041326	0.930575	0.006589	0.000000	0.000000	0.000011
178	0.018328	0.000069	0.001897	0.041207	0.931968	0.006523	0.000000	0.000000	0.000008
179	0.017436	0.000069	0.001805	0.041201	0.932898	0.006587	0.000000	0.000000	0.000004
180	0.016589	0.000060	0.001677	0.041343	0.933688	0.006638	0.000000	0.000000	0.000005
181	0.015748	0.000057	0.001591	0.041205	0.934715	0.006680	0.000000	0.000000	0.000004
182	0.014992	0.000054	0.001542	0.041128	0.935672	0.006610	0.000000	0.000000	0.000002
183	0.014110	0.000051	0.001475	0.041089	0.936605	0.006670	0.000000	0.000000	0.000000
184	0.013266	0.000049	0.001374	0.041082	0.937558	0.006671	0.000000	0.000000	0.000000
185	0.012586	0.000039	0.001307	0.041199	0.938224	0.006645	0.000000	0.000000	0.000000
186	0.011882	0.000050	0.001238	0.041316	0.938855	0.006659	0.000000	0.000000	0.000000
187	0.011260	0.000050	0.001162	0.041261	0.939592	0.006675	0.000000	0.000000	0.000000
188	0.010655	0.000055	0.001104	0.041595	0.939894	0.006697	0.000000	0.000000	0.000000
189	0.009982	0.000053	0.001030	0.041652	0.940462	0.006821	0.000000	0.000000	0.000000
190	0.009350	0.000048	0.000954	0.041850	0.940873	0.006925	0.000000	0.000000	0.000000
191	0.008755	0.000042	0.000918	0.041862	0.941548	0.006875	0.000000	0.000000	0.000000
192	0.008290	0.000043	0.000849	0.042044	0.941823	0.006951	0.000000	0.000000	0.000000
193	0.007714	0.000047	0.000788	0.041971	0.942540	0.006940	0.000000	0.000000	0.000000
194	0.007241	0.000043	0.000700	0.041994	0.943072	0.006950	0.000000	0.000000	0.000000
195	0.006890	0.000049	0.000665	0.041890	0.943566	0.006940	0.000000	0.000000	0.000000
196	0.006488	0.000053	0.000622	0.041902	0.943969	0.006966	0.000000	0.000000	0.000000
197	0.006082	0.000047	0.000576	0.041713	0.944654	0.006928	0.000000	0.000000	0.000000
198	0.005645	0.000042	0.000513	0.041710	0.945034	0.007056	0.000000	0.000000	0.000000
199	0.005292	0.000038	0.000467	0.041554	0.945540	0.007109	0.000000	0.000000	0.000000
200	0.004941	0.000040	0.000393	0.041791	0.945834	0.007001	0.000000	0.000000	0.000000
201	0.004588	0.000037	0.000387	0.041682	0.946256	0.007050	0.000000	0.000000	0.000000
202	0.004286	0.000040	0.000348	0.041589	0.946698	0.007039	0.000000	0.000000	0.000000
203	0.004027	0.000037	0.000320	0.041574	0.947019	0.007023	0.000000	0.000000	0.000000
204	0.003734	0.000041	0.000290	0.041446	0.947493	0.006996	0.000000	0.000000	0.000000
205	0.003475	0.000032	0.000276	0.041586	0.947617	0.007014	0.000000	0.000000	0.000000
206	0.003209	0.000033	0.000239	0.041517	0.948024	0.006978	0.000000	0.000000	0.000000
207	0.002991	0.000031	0.000214	0.041515	0.948311	0.006938	0.000000	0.000000	0.000000
208	0.002774	0.000036	0.000206	0.041515	0.948587	0.006882	0.000000	0.000000	0.000000
209	0.002562	0.000031	0.000194	0.041407	0.948970	0.006836	0.000000	0.000000	0.000000
210	0.002367	0.000023	0.000196	0.041090	0.949642	0.006682	0.000000	0.000000	0.000000
211	0.002220	0.000021	0.000183	0.041283	0.949535	0.006758	0.000000	0.000000	0.000000
212	0.002064	0.000014	0.000156	0.041143	0.949832	0.006791	0.000000	0.000000	0.000000
213	0.001895	0.000015	0.000148	0.041209	0.950047	0.006686	0.000000	0.000000	0.000000
214	0.001769	0.000011	0.000159	0.041027	0.950360	0.006674	0.000000	0.000000	0.000000
215	0.001617	0.000009	0.000137	0.040951	0.950634	0.006652	0.000000	0.000000	0.000000
216	0.001490	0.000008	0.000135	0.040985	0.950776	0.006606	0.000000	0.000000	0.000000
217	0.001412	0.000009	0.000129	0.040913	0.950909	0.006628	0.000000	0.000000	0.000000
218	0.001338	0.000002	0.000126	0.041006	0.950834	0.006694	0.000000	0.000000	0.000000
219	0.001258	0.000002	0.000121	0.040848	0.951042	0.006729	0.000000	0.000000	0.000000
220	0.001152	0.000006	0.000123	0.040821	0.951158	0.006740	0.000000	0.000000	0.000000
221	0.001040	0.000004	0.000109	0.040729	0.951308	0.006810	0.000000	0.000000	0.000000
222	0.000974	0.000000	0.000120	0.040798	0.951365	0.006743	0.000000	0.000000	0.000000
223	0.000907	0.000001	0.000121	0.040685	0.951513	0.006773	0.000000	0.000000	0.000000
224	0.000850	0.000001	0.000123	0.040630	0.951620	0.006776	0.000000	0.000000	0.000000
225	0.000785	0.000003	0.000115	0.040444	0.951946	0.006707	0.000000	0.000000	0.000000
226	0.000748	0.000003	0.000109	0.040441	0.952017	0.006682	0.000000	0.000000	0.000000
227	0.000705	0.000005	0.000109	0.040339	0.952113	0.006729	0.000000	0.000000	0.000000
228	0.000631	0.000003	0.000100	0.040542	0.952096	0.006628	0.000000	0.000000	0.000000
229	0.000587	0.000002	0.000107	0.040714	0.951886	0.006704	0.000000	0.000000	0.000000
230	0.000541	0.000003	0.000108	0.040750	0.951876	0.006722	0.000000	0.000000	0.000000
231	0.000499	0.000001	0.000097	0.040941	0.951737	0.006725	0.000000	0.000000	0.000000
232	0.000426	0.000001	0.000097	0.040750	0.952093	0.006633	0.000000	0.000000	0.000000
233	0.000381	0.000000	0.000098	0.040840	0.951937	0.006744	0.000000	0.000000	0.000000
234	0.000356	0.000000	0.000095	0.040755	0.952087	0.006707	0.000000	0.000000	0.000000
235	0.000311	0.000000	0.000093	0.040686	0.952298	0.006612	0.000000	0.000000	0.000000
236	0.000281	0.000000	0.000093	0.040829	0.952153	0.006644	0.000000	0.000000	0.000000
237	0.000273	0.000000	0.000081	0.040993	0.952042	0.006611	0.000000	0.000000	0.000000
238	0.000249	0.000000	0.000072	0.041028	0.952136	0.006515	0.000000	0.000000	0.000000
239	0.000226	0.000000	0.000073	0.041079	0.952073	0.006549	0.000000	0.000000	0.000000
240	0.000199	0.000000	0.000066	0.041086	0.952060	0.006589	0.000000	0.000000	0.000000
241	0.000167	0.000000	0.000063	0.040708	0.952463	0.006599	0.000000	0.000000	0.000000
242	0.000156	0.000000	0.000048	0.040763	0.952484	0.006549	0.000000	0.000000	0.000000
243	0.000132	0.000000	0.000046	0.040639	0.952604	0.006579	0.000000	0.000000	0.000000
244	0.000134	0.000000	0.000030	0.040623	0.952690	0.006523	0.000000	0.000000	0.000000
245	0.000137	0.000000	0.000023	0.040946	0.952392	0.006502	0.000000	0.000000	0.000000
246	0.000132	0.000000	0.000017	0.041107	0.952253	0.006491	0.000000	0.000000	0.000000
247	0.000101	0.000000	0.000015	0.040989	0.952375	0.006520	0.000000	0.000000	0.000000
248	0.000088	0.000000	0.000014	0.041052	0.952374	0.006472	0.000000	0.000000	0.000000
249	0.000092	0.000000	0.000013	0.040739	0.952617	0.006539	0.000000	0.000000	0.000000
250	0.000095	0.000000	0.000006	0.040892	0.952328	0.006679	0.000000	0.000000	0.000000
251	0.000098	0.000000	0.000005	0.040827	0.952328	0.006742	0.000000	0.000000	0.000000
252	0.000096	0.000000	0.000003	0.040782	0.952380	0.006739	0.000000	0.000000	0.000000
253	0.000085	0.000000	0.000003	0.040820	0.952389	0.006703	0.000000	0.000000	0.000000
254	0.000080	0.000000	0.000000	0.040897	0.952236	0.006787	0.000000	0.000000	0.000000
255	0.000072	0.000000	0.000000	0.041013	0.952227	0.006688	0.000000	0.000000	0.000000
256	0.000058	0.000000	0.000000	0.041014	0.952260	0.006668	0.000000	0.000000	0.000000
257	0.000067	0.000000	0.000000	0.041205	0.952068	0.006660	0.000000	0.000000	0.000000
258	0.000067	0.000000	0.000000	0.041352	0.951841	0.006740	0.000000	0.000000	0.000000
259	0.000050	0.000000	0.000000	0.041604	0.951530	0.006816	0.000000	0.000000	0.000000
260	0.000042	0.000000	0.000000	0.041543	0.951622	0.006793	0.000000	0.000000	0.000000
261	0.000033	0.000000	0.000000	0.041647	0.951489	0.006831	0.000000	0.000000	0.000000
262	0.000040	0.000000	0.000000	0.041474	0.951539	0.006947	0.000000	0.000000	0.000000
263	0.000039	0.000000	0.000000	0.041349	0.951787	0.006825	0.000000	0.000000	0.000000
264	0.000031	0.000000	0.000000	0.041381	0.951760	0.006828	0.000000	0.000000	0.000000
265	0.000029	0.000000	0.000000	0.041228	0.951845	0.006898	0.000000	0.000000	0.000000
266	0.000030	0.000000	0.000000	0.041070	0.952085	0.006815	0.000000	0.000000	0.000000
267	0.000035	0.000000	0.000000	0.041203	0.951866	0.006896	0.000000	0.000000	0.000000
268	0.000040	0.000000	0.000000	0.041100	0.951982	0.006878	0.000000	0.000000	0.000000
269	0.000047	0.000000	0.000000	0.041149	0.951974	0.006830	0.000000	0.000000	0.000000
270	0.000045	0.000000	0.000000	0.041557	0.951579	0.006819	0.000000	0.000000	0.000000
271	0.000044	0.000000	0.000000	0.041482	0.951701	0.006773	0.000000	0.000000	0.000000
272	0.000034	0.000000	0.000000	0.041538	0.951525	0.006903	0.000000	0.000000	0.000000
273	0.000026	0.000000	0.000000	0.041607	0.951448	0.006919	0.000000	0.000000	0.000000
274	0.000025	0.000000	0.000000	0.041536	0.951559	0.006880	0.000000	0.000000	0.000000
275	0.000025	0.000000	0.000000	0.041416	0.951612	0.006947	0.000000	0.000000	0.000000
276	0.000026	0.000000	0.000000	0.041407	0.951593	0.006974	0.000000	0.000000	0.000000
277	0.000026	0.000000	0.000000	0.041592	0.951352	0.007030	0.000000	0.000000	0.000000
278	0.000020	0.000000	0.000000	0.041561	0.951370	0.007049	0.000000	0.000000	0.000000
279	0.000018	0.000000	0.000000	0.041452	0.951502	0.007028	0.000000	0.000000	0.000000
280	0.000018	0.000000	0.000000	0.041352	0.951577	0.007053	0.000000	0.000000	0.000000
281	0.000023	0.000000	0.000000	0.041398	0.951560	0.007019	0.000000	0.000000	0.000000
282	0.000021	0.000000	0.000000	0.041391	0.951506	0.007082	0.000000	0.000000	0.000000
283	0.000024	0.000000	0.000000	0.041601	0.951333	0.007042	0.000000	0.000000	0.000000
284	0.000016	0.000000	0.000000	0.041523	0.951503	0.006958	0.000000	0.000000	0.000000
285	0.000012	0.000000	0.000000	0.041449	0.951495	0.007044	0.000000	0.000000	0.000000
286	0.000012	0.000000	0.000000	0.041433	0.951473	0.007082	0.000000	0.000000	0.000000
287	0.000012	0.000000	0.000000	0.041381	0.951543	0.007064	0.000000	0.000000	0.000000
288	0.000009	0.000000	0.000000	0.041206	0.951674	0.007111	0.000000	0.000000	0.000000
289	0.000009	0.000000	0.000000	0.041401	0.951469	0.007121	0.000000	0.000000	0.000000
290	0.000004	0.000000	0.000000	0.041274	0.951441	0.007281	0.000000	0.000000	0.000000
291	0.000005	0.000000	0.000000	0.041094	0.951671	0.007230	0.000000	0.000000	0.000000
292	0.000005	0.000000	0.000000	0.040864	0.951835	0.007296	0.000000	0.000000	0.000000
293	0.000002	0.000000	0.000000	0.040963	0.951693	0.007342	0.000000	0.000000	0.000000
294	0.000003	0.000000	0.000000	0.040876	0.951812	0.007309	0.000000	0.000000	0.000000
295	0.000002	0.000000	0.000000	0.041037	0.951692	0.007269	0.000000	0.000000	0.000000
296	0.000004	0.000000	0.000000	0.041102	0.951746	0.007148	0.000000	0.000000	0.000000
297	0.000006	0.000000	0.000000	0.041020	0.951860	0.007114	0.000000	0.000000	0.000000
298	0.000002	0.000000	0.000000	0.040945	0.951867	0.007186	0.000000	0.000000	0.000000
299	0.000001	0.000000	0.000000	0.040862	0.951800	0.007337	0.000000	0.000000	0.000000
300	0.000001	0.000000	0.000000	0.040877	0.951867	0.007255	0.000000	0.000000	0.000000
301	0.000001	0.000000	0.000000	0.040737	0.952076	0.007186	0.000000	0.000000	0.000000
302	0.000001	0.000000	0.000000	0.040713	0.952003	0.007283	0.000000	0.000000	0.000000
303	0.000001	0.000000	0.000000	0.040704	0.952050	0.007245	0.000000	0.000000	0.000000
304	0.000000	0.000000	0.000000	0.040845	0.952002	0.007153	0.000000	0.000000	0.000000
305	0.000000	0.000000	0.000000	0.040788	0.952039	0.007173	0.000000	0.000000	0.000000
306	0.000000	0.000000	0.000000	0.040629	0.952071	0.007300	0.000000	0.000000	0.000000
307	0.000000	0.000000	0.000000	0.040553	0.952160	0.007287	0.000000	0.000000	0.000000
308	0.000000	0.000000	0.000000	0.040669	0.952121	0.007210	0.000000	0.000000	0.000000
309	0.000000	0.000000	0.000000	0.040667	0.952179	0.007154	0.000000	0.000000	0.000000
310	0.000000	0.000000	0.000000	0.040697	0.952180	0.007123	0.000000	0.000000	0.000000
311	0.000000	0.000000	0.000000	0.040665	0.952385	0.006950	0.000000	0.000000	0.000000
312	0.000000	0.000000	0.000000	0.040633	0.952348	0.007019	0.000000	0.000000	0.000000
313	0.000000	0.000000	0.000000	0.040533	0.952464	0.007003	0.000000	0.000000	0.000000
314	0.000000	0.000000	0.000000	0.040739	0.952239	0.007022	0.000000	0.000000	0.000000
315	0.000000	0.000000	0.000000	0.040561	0.952308	0.007131	0.000000	0.000000	0.000000
316	0.000000	0.000000	0.000000	0.040525	0.952405	0.007070	0.000000	0.000000	0.000000
317	0.000000	0.000000	0.000000	0.040443	0.952471	0.007086	0.000000	0.000000	0.000000
318	0.000000	0.000000	0.000000	0.040427	0.952401	0.007172	0.000000	0.000000	0.000000
319	0.000000	0.000000	0.000000	0.040345	0.952462	0.007193	0.000000	0.000000	0.000000
320	0.000000	0.000000	0.000000	0.040261	0.952543	0.007196	0.000000	0.000000	0.000000
321	0.000000	0.000000	0.000000	0.040525	0.952221	0.007254	0.000000	0.000000	0.000000
322	0.000000	0.000000	0.000000	0.040664	0.952149	0.007187	0.000000	0.000000	0.000000
323	0.000000	0.000000	0.000000	0.040709	0.952164	0.007127	0.000000	0.000000	0.000000
324	0.000000	0.000000	0.000000	0.040626	0.952211	0.007163	0.000000	0.000000	0.000000
325	0.000000	0.000000	0.000000	0.040714	0.952041	0.007245	0.000000	0.000000	0.000000
326	0.000000	0.000000	0.000000	0.040693	0.952043	0.007264	0.000000	0.000000	0.000000
327	0.000000	0.000000	0.000000	0.040751	0.951971	0.007278	0.000000	0.000000	0.000000
328	0.000000	0.000000	0.000000	0.040693	0.951993	0.007314	0.000000	0.000000	0.000000
329	0.000000	0.000000	0.000000	0.040754	0.951935	0.007311	0.000000	0.000000	0.000000
330	0.000000	0.000000	0.000000	0.040723	0.952085	0.007192	0.000000	0.000000	0.000000
331	0.000000	0.000000	0.000000	0.040442	0.952245	0.007313	0.000000	0.000000	0.000000
332	0.000000	0.000000	0.000000	0.040574	0.952101	0.007325	0.000000	0.000000	0.000000
333	0.000000	0.000000	0.000000	0.040268	0.952474	0.007258	0.000000	0.000000	0.000000
334	0.000000	0.000000	0.000000	0.040417	0.952259	0.007324	0.000000	0.000000	0.000000
335	0.000000	0.000000	0.000000	0.040265	0.952455	0.007280	0.000000	0.000000	0.000000
336	0.000000	0.000000	0.000000	0.040167	0.952560	0.007273	0.000000	0.000000	0.000000
337	0.000000	0.000000	0.000000	0.039974	0.952686	0.007340	0.000000	0.000000	0.000000
338	0.000000	0.000000	0.000000	0.040155	0.952466	0.007379	0.000000	0.000000	0.000000
339	0.000000	0.000000	0.000000	0.040215	0.952411	0.007374	0.000000	0.000000	0.000000
340	0.000000	0.000000	0.000000	0.040186	0.952430	0.007384	0.000000	0.000000	0.000000
341	0.000000	0.000000	0.000000	0.040339	0.952245	0.007416	0.000000	0.000000	0.000000
342	0.000000	0.000000	0.000000	0.040059	0.952631	0.007310	0.000000	0.000000	0.000000
343	0.000000	0.000000	0.000000	0.040217	0.952366	0.007417	0.000000	0.000000	0.000000
344	0.000000	0.000000	0.000000	0.040117	0.952313	0.007570	0.000000	0.000000	0.000000
345	0.000000	0.000000	0.000000	0.039897	0.952648	0.007455	0.000000	0.000000	0.000000
346	0.000000	0.000000	0.000000	0.040017	0.952593	0.007390	0.000000	0.000000	0.000000
347	0.000000	0.000000	0.000000	0.039924	0.952714	0.007362	0.000000	0.000000	0.000000
348	0.000000	0.000000	0.000000	0.040121	0.952443	0.007436	0.000000	0.000000	0.000000
349	0.000000	0.000000	0.000000	0.040173	0.952351	0.007476	0.000000	0.000000	0.000000
350	0.000000	0.000000	0.000000	0.039993	0.952628	0.007379	0.000000	0.000000	0.000000
351	0.000000	0.000000	0.000000	0.039710	0.952910	0.007380	0.000000	0.000000	0.000000
352	0.000000	0.000000	0.000000	0.039977	0.952621	0.007402	0.000000	0.000000	0.000000
353	0.000000	0.000000	0.000000	0.039910	0.952713	0.007377	0.000000	0.000000	0.000000
354	0.000000	0.000000	0.000000	0.039913	0.952706	0.007381	0.000000	0.000000	0.000000
355	0.000000	0.000000	0.000000	0.040004	0.952447	0.007549	0.000000	0.000000	0.000000
356	0.000000	0.000000	0.000000	0.040140	0.952265	0.007595	0.000000	0.000000	0.000000
357	0.000000	0.000000	0.000000	0.040200	0.952218	0.007582	0.000000	0.000000	0.000000
358	0.000000	0.000000	0.000000	0.040460	0.952130	0.007410	0.000000	0.000000	0.000000
359	0.000000	0.000000	0.000000	0.040427	0.952164	0.007409	0.000000	0.000000	0.000000
360	0.000000	0.000000	0.000000	0.040340	0.952130	0.007530	0.000000	0.000000	0.000000
361	0.000000	0.000000	0.000000	0.040304	0.952277	0.007419	0.000000	0.000000	0.000000
362	0.000000	0.000000	0.000000	0.040228	0.952360	0.007412	0.000000	0.000000	0.000000
363	0.000000	0.000000	0.000000	0.040467	0.952060	0.007473	0.000000	0.000000	0.000000
364	0.000000	0.000000	0.000000	0.040223	0.952248	0.007529	0.000000	0.000000	0.000000
365	0.000000	0.000000	0.000000	0.040208	0.952334	0.007458	0.000000	0.000000	0.000000
366	0.000000	0.000000	0.000000	0.040219	0.952246	0.007535	0.000000	0.000000	0.000000
367	0.000000	0.000000	0.000000	0.040257	0.952202	0.007541	0.000000	0.000000	0.000000
368	0.000000	0.000000	0.000000	0.040495	0.951909	0.007596	0.000000	0.000000	0.000000
369	0.000000	0.000000	0.000000	0.040365	0.952053	0.007582	0.000000	0.000000	0.000000
370	0.000000	0.000000	0.000000	0.040399	0.951835	0.007766	0.000000	0.000000	0.000000
371	0.000000	0.000000	0.000000	0.040238	0.952028	0.007734	0.000000	0.000000	0.000000
372	0.000000	0.000000	0.000000	0.040529	0.951685	0.007786	0.000000	0.000000	0.000000
373	0.000000	0.000000	0.000000	0.040632	0.951596	0.007772	0.000000	0.000000	0.000000
374	0.000000	0.000000	0.000000	0.040388	0.951922	0.007690	0.000000	0.000000	0.000000
375	0.000000	0.000000	0.000000	0.040117	0.952067	0.007816	0.000000	0.000000	0.000000
376	0.000000	0.000000	0.000000	0.039927	0.952216	0.007857	0.000000	0.000000	0.000000
377	0.000000	0.000000	0.000000	0.039578	0.952560	0.007862	0.000000	0.000000	0.000000
378	0.000000	0.000000	0.000000	0.039522	0.952605	0.007873	0.000000	0.000000	0.000000
379	0.000000	0.000000	0.000000	0.039490	0.952629	0.007881	0.000000	0.000000	0.000000
380	0.000000	0.000000	0.000000	0.039645	0.952365	0.007990	0.000000	0.000000	0.000000
381	0.000000	0.000000	0.000000	0.039306	0.952735	0.007959	0.000000	0.000000	0.000000
382	0.000000	0.000000	0.000000	0.039386	0.952556	0.008058	0.000000	0.000000	0.000000
383	0.000000	0.000000	0.000000	0.039123	0.952747	0.008130	0.000000	0.000000	0.000000
384	0.000000	0.000000	0.000000	0.039013	0.952912	0.008075	0.000000	0.000000	0.000000
385	0.000000	0.000000	0.000000	0.039075	0.952788	0.008137	0.000000	0.000000	0.000000
386	0.000000	0.000000	0.000000	0.039177	0.952729	0.008094	0.000000	0.000000	0.000000
387	0.000000	0.000000	0.000000	0.039138	0.952809	0.008053	0.000000	0.000000	0.000000
388	0.000000	0.000000	0.000000	0.039162	0.952805	0.008033	0.000000	0.000000	0.000000
389	0.000000	0.000000	0.000000	0.039043	0.952880	0.008077	0.000000	0.000000	0.000000
390	0.000000	0.000000	0.000000	0.038942	0.952989	0.008069	0.000000	0.000000	0.000000
391	0.000000	0.000000	0.000000	0.038994	0.952921	0.008085	0.000000	0.000000	0.000000
392	0.000000	0.000000	0.000000	0.039091	0.952904	0.008005	0.000000	0.000000	0.000000
393	0.000000	0.000000	0.000000	0.038961	0.953018	0.008021	0.000000	0.000000	0.000000
394	0.000000	0.000000	0.000000	0.039094	0.952876	0.008030	0.000000	0.000000	0.000000
395	0.000000	0.000000	0.000000	0.039078	0.952959	0.007963	0.000000	0.000000	0.000000
396	0.000000	0.000000	0.000000	0.039306	0.952724	0.007970	0.000000	0.000000	0.000000
397	0.000000	0.000000	0.000000	0.039293	0.952727	0.007980	0.000000	0.000000	0.000000
398	0.000000	0.000000	0.000000	0.039293	0.952851	0.007856	0.000000	0.000000	0.000000
399	0.000000	0.000000	0.000000	0.039317	0.952893	0.007790	0.000000	0.000000	0.000000
400	0.000000	0.000000	0.000000	0.039490	0.952756	0.007754	0.000000	0.000000	0.000000
401	0.000000	0.000000	0.000000	0.039481	0.952812	0.007707	0.000000	0.000000	0.000000
402	0.000000	0.000000	0.000000	0.039407	0.952952	0.007641	0.000000	0.000000	0.000000
403	0.000000	0.000000	0.000000	0.039460	0.952986	0.007554	0.000000	0.000000	0.000000
404	0.000000	0.000000	0.000000	0.039424	0.952970	0.007606	0.000000	0.000000	0.000000
405	0.000000	0.000000	0.000000	0.039343	0.953052	0.007605	0.000000	0.000000	0.000000
406	0.000000	0.000000	0.000000	0.039356	0.953098	0.007546	0.000000	0.000000	0.000000
407	0.000000	0.000000	0.000000	0.039620	0.952795	0.007585	0.000000	0.000000	0.000000
408	0.000000	0.000000	0.000000	0.039420	0.953041	0.007539	0.000000	0.000000	0.000000
409	0.000000	0.000000	0.000000	0.039415	0.953093	0.007492	0.000000	0.000000	0.000000
410	0.000000	0.000000	0.000000	0.039420	0.953066	0.007514	0.000000	0.000000	0.000000
411	0.000000	0.000000	0.000000	0.039488	0.953127	0.007385	0.000000	0.000000	0.000000
412	0.000000	0.000000	0.000000	0.039272	0.953455	0.007273	0.000000	0.000000	0.000000
413	0.000000	0.000000	0.000000	0.039311	0.953311	0.007378	0.000000	0.000000	0.000000
414	0.000000	0.000000	0.000000	0.039434	0.953252	0.007314	0.000000	0.000000	0.000000
415	0.000000	0.000000	0.000000	0.039267	0.953481	0.007252	0.000000	0.000000	0.000000
416	0.000000	0.000000	0.000000	0.038887	0.953849	0.007264	0.000000	0.000000	0.000000
417	0.000000	0.000000	0.000000	0.038836	0.953770	0.007394	0.000000	0.000000	0.000000
418	0.000000	0.000000	0.000000	0.038737	0.953856	0.007407	0.000000	0.000000	0.000000
419	0.000000	0.000000	0.000000	0.038532	0.954144	0.007324	0.000000	0.000000	0.000000
420	0.000000	0.000000	0.000000	0.038493	0.954139	0.007368	0.000000	0.000000	0.000000
421	0.000000	0.000000	0.000000	0.038255	0.954369	0.007376	0.000000	0.000000	0.000000
422	0.000000	0.000000	0.000000	0.038082	0.954549	0.007369	0.000000	0.000000	0.000000
423	0.000000	0.000000	0.000000	0.038122	0.954482	0.007396	0.000000	0.000000	0.000000
424	0.000000	0.000000	0.000000	0.038176	0.954391	0.007433	0.000000	0.000000	0.000000
425	0.000000	0.000000	0.000000	0.037995	0.954591	0.007414	0.000000	0.000000	0.000000
426	0.000000	0.000000	0.000000	0.038282	0.954323	0.007395	0.000000	0.000000	0.000000
427	0.000000	0.000000	0.000000	0.037954	0.954652	0.007394	0.000000	0.000000	0.000000
428	0.000000	0.000000	0.000000	0.038000	0.954550	0.007450	0.000000	0.000000	0.000000
429	0.000000	0.000000	0.000000	0.037948	0.954584	0.007468	0.000000	0.000000	0.000000
430	0.000000	0.000000	0.000000	0.037957	0.954433	0.007610	0.000000	0.000000	0.000000
431	0.000000	0.000000	0.000000	0.037852	0.954692	0.007456	0.000000	0.000000	0.000000
432	0.000000	0.000000	0.000000	0.038203	0.954225	0.007572	0.000000	0.000000	0.000000
433	0.000000	0.000000	0.000000	0.038262	0.954223	0.007515	0.000000	0.000000	0.000000
434	0.000000	0.000000	0.000000	0.038322	0.954281	0.007397	0.000000	0.000000	0.000000
435	0.000000	0.000000	0.000000	0.038246	0.954365	0.007389	0.000000	0.000000	0.000000
436	0.000000	0.000000	0.000000	0.037985	0.954630	0.007385	0.000000	0.000000	0.000000
437	0.000000	0.000000	0.000000	0.037981	0.954589	0.007430	0.000000	0.000000	0.000000
438	0.000000	0.000000	0.000000	0.038181	0.954529	0.007290	0.000000	0.000000	0.000000
439	0.000000	0.000000	0.000000	0.038161	0.954515	0.007324	0.000000	0.000000	0.000000
440	0.000000	0.000000	0.000000	0.038103	0.954513	0.007384	0.000000	0.000000	0.000000
441	0.000000	0.000000	0.000000	0.038105	0.954549	0.007346	0.000000	0.000000	0.000000
442	0.000000	0.000000	0.000000	0.038126	0.954488	0.007386	0.000000	0.000000	0.000000
443	0.000000	0.000000	0.000000	0.037934	0.954642	0.007424	0.000000	0.000000	0.000000
444	0.000000	0.000000	0.000000	0.037787	0.954693	0.007520	0.000000	0.000000	0.000000
445	0.000000	0.000000	0.000000	0.037999	0.954492	0.007509	0.000000	0.000000	0.000000
446	0.000000	0.000000	0.000000	0.038026	0.954391	0.007583	0.000000	0.000000	0.000000
447	0.000000	0.000000	0.000000	0.038049	0.954430	0.007521	0.000000	0.000000	0.000000
448	0.000000	0.000000	0.000000	0.037916	0.954617	0.007467	0.000000	0.000000	0.000000
449	0.000000	0.000000	0.000000	0.037834	0.954720	0.007446	0.000000	0.000000	0.000000
450	0.000000	0.000000	0.000000	0.037769	0.954603	0.007628	0.000000	0.000000	0.000000
451	0.000000	0.000000	0.000000	0.037787	0.954504	0.007709	0.000000	0.000000	0.000000
452	0.000000	0.000000	0.000000	0.037861	0.954420	0.007719	0.000000	0.000000	0.000000
453	0.000000	0.000000	0.000000	0.037580	0.954726	0.007694	0.000000	0.000000	0.000000
454	0.000000	0.000000	0.000000	0.037569	0.954823	0.007608	0.000000	0.000000	0.000000
455	0.000000	0.000000	0.000000	0.037885	0.954569	0.007546	0.000000	0.000000	0.000000
456	0.000000	0.000000	0.000000	0.037821	0.954591	0.007588	0.000000	0.000000	0.000000
457	0.000000	0.000000	0.000000	0.037781	0.954613	0.007606	0.000000	0.000000	0.000000
458	0.000000	0.000000	0.000000	0.037794	0.954589	0.007617	0.000000	0.000000	0.000000
459	0.000000	0.000000	0.000000	0.037737	0.954642	0.007621	0.000000	0.000000	0.000000
460	0.000000	0.000000	0.000000	0.037803	0.954457	0.007740	0.000000	0.000000	0.000000
461	0.000000	0.000000	0.000000	0.037516	0.954887	0.007597	0.000000	0.000000	0.000000
462	0.000000	0.000000	0.000000	0.037372	0.954976	0.007652	0.000000	0.000000	0.000000
463	0.000000	0.000000	0.000000	0.037221	0.955096	0.007683	0.000000	0.000000	0.000000
464	0.000000	0.000000	0.000000	0.036987	0.955324	0.007689	0.000000	0.000000	0.000000
465	0.000000	0.000000	0.000000	0.036967	0.955391	0.007642	0.000000	0.000000	0.000000
466	0.000000	0.000000	0.000000	0.037013	0.955347	0.007640	0.000000	0.000000	0.000000
467	0.000000	0.000000	0.000000	0.037016	0.955184	0.007800	0.000000	0.000000	0.000000
468	0.000000	0.000000	0.000000	0.037061	0.955170	0.007769	0.000000	0.000000	0.000000
469	0.000000	0.000000	0.000000	0.037240	0.955035	0.007725	0.000000	0.000000	0.000000
470	0.000000	0.000000	0.000000	0.037194	0.955005	0.007801	0.000000	0.000000	0.000000
