0	0.290663	0.057897	0.229473	0.157588	0.029913	0.111872	0.085455	0.012259	0.024880
1	0.212041	0.044362	0.186559	0.141767	0.029014	0.123693	0.134506	0.026490	0.101568
2	0.196495	0.040684	0.171063	0.136949	0.029741	0.120102	0.149629	0.029343	0.125994
3	0.187614	0.037803	0.158166	0.133893	0.030682	0.114137	0.161235	0.031077	0.145393
4	0.180466	0.035372	0.146045	0.131125	0.032139	0.107426	0.171359	0.032537	0.163531
5	0.175224	0.033535	0.134567	0.128975	0.033285	0.100029	0.179486	0.033465	0.181434
6	0.170379	0.031720	0.123286	0.126824	0.034909	0.093761	0.186557	0.034101	0.198463
7	0.165363	0.029906	0.112514	0.125129	0.036605	0.087450	0.192469	0.034365	0.216199
8	0.161157	0.028088	0.102646	0.123310	0.038083	0.081545	0.197953	0.034674	0.232544
9	0.156793	0.026711	0.093749	0.121615	0.039795	0.075859	0.202438	0.034838	0.248202
10	0.152999	0.025445	0.085149	0.119845	0.041847	0.070015	0.206295	0.034745	0.263660
11	0.149415	0.024008	0.077404	0.118176	0.044215	0.064321	0.209295	0.034512	0.278654
12	0.146204	0.022710	0.070419	0.116653	0.046539	0.059228	0.211482	0.034179	0.292586
13	0.142873	0.021382	0.064095	0.114886	0.048985	0.054354	0.213973	0.033760	0.305692
14	0.139563	0.020275	0.058293	0.113148	0.051348	0.050256	0.215505	0.033369	0.318243
15	0.136377	0.019253	0.052735	0.111460	0.054046	0.046066	0.216474	0.033072	0.330517
16	0.134005	0.018214	0.047856	0.109951	0.056747	0.042079	0.216874	0.032782	0.341492
17	0.131163	0.017248	0.042995	0.108377	0.059548	0.038761	0.217190	0.032388	0.352330
18	0.128942	0.016177	0.038904	0.106475	0.062460	0.035793	0.216482	0.031831	0.362936
19	0.126262	0.015329	0.035242	0.105062	0.065370	0.032813	0.215817	0.031159	0.372946
20	0.123443	0.014602	0.032142	0.103491	0.068120	0.030129	0.215540	0.030574	0.381959
21	0.120848	0.014051	0.029058	0.101981	0.070898	0.027560	0.214397	0.029988	0.391219
22	0.117805	0.013360	0.026426	0.100660	0.073834	0.025692	0.212967	0.029428	0.399828
23	0.115378	0.012568	0.024020	0.098883	0.076752	0.023660	0.211484	0.028671	0.408584
24	0.112156	0.011871	0.021732	0.097158	0.079526	0.021723	0.210662	0.028363	0.416809
25	0.109477	0.011254	0.019743	0.095552	0.082814	0.020168	0.208674	0.027797	0.424521
26	0.106868	0.010544	0.017866	0.093943	0.086159	0.018828	0.206826	0.027155	0.431811
27	0.104086	0.010005	0.016196	0.092260	0.089122	0.017325	0.204981	0.026789	0.439236
28	0.101420	0.009376	0.014779	0.091046	0.092025	0.016108	0.203047	0.026257	0.445942
29	0.099182	0.008846	0.013416	0.089076	0.095147	0.014674	0.201209	0.025700	0.452750
30	0.096432	0.008320	0.012147	0.087190	0.098334	0.013470	0.199362	0.024836	0.459909
31	0.093978	0.007975	0.011102	0.085250	0.101915	0.012445	0.197116	0.024339	0.465880
32	0.091507	0.007541	0.010014	0.083130	0.105336	0.011646	0.195096	0.023408	0.472322
33	0.089332	0.007021	0.008962	0.081635	0.108728	0.010764	0.192291	0.022933	0.478334
34	0.086879	0.006726	0.008166	0.079553	0.111880	0.009889	0.189967	0.022601	0.484339
35	0.084735	0.006266	0.007366	0.077969	0.115164	0.008993	0.187433	0.021890	0.490184
36	0.082231	0.005985	0.006563	0.076367	0.118462	0.008212	0.184670	0.021585	0.495925
37	0.080002	0.005566	0.005975	0.074622	0.121116	0.007629	0.182162	0.020737	0.502191
38	0.077654	0.005332	0.005371	0.072896	0.124662	0.007013	0.179896	0.020343	0.506833
39	0.075225	0.004949	0.004903	0.071431	0.127870	0.006416	0.177636	0.019885	0.511685
40	0.072720	0.004726	0.004418	0.069766	0.131295	0.005885	0.175195	0.019446	0.516549
41	0.070507	0.004469	0.003938	0.068166	0.134580	0.005481	0.172479	0.018837	0.521543
42	0.068246	0.004057	0.003519	0.066608	0.137652	0.005031	0.169817	0.018689	0.526381
43	0.065694	0.003843	0.003167	0.065086	0.140843	0.004555	0.167037	0.018044	0.531731
44	0.063504	0.003594	0.002812	0.063489	0.144364	0.004166	0.164624	0.017647	0.535800
45	0.060965	0.003348	0.002495	0.061978	0.147871	0.003801	0.162568	0.017169	0.539805
46	0.058755	0.003095	0.002293	0.060324	0.151009	0.003452	0.160492	0.016683	0.543897
47	0.056775	0.002876	0.002051	0.058433	0.154032	0.003213	0.158217	0.016293	0.548110
48	0.054409	0.002626	0.001768	0.057158	0.156955	0.002968	0.156242	0.015933	0.551941
49	0.052243	0.002510	0.001539	0.055708	0.160119	0.002756	0.154080	0.015427	0.555618
50	0.050063	0.002348	0.001383	0.054212	0.163149	0.002543	0.152117	0.015023	0.559162
51	0.048087	0.002218	0.001254	0.052673	0.166328	0.002387	0.150110	0.014569	0.562374
52	0.046240	0.001952	0.001114	0.051265	0.169064	0.002213	0.148274	0.014165	0.565713
53	0.043993	0.001831	0.000994	0.049668	0.172152	0.002054	0.145960	0.013967	0.569381
54	0.041946	0.001692	0.000847	0.048464	0.174610	0.001914	0.144477	0.013552	0.572498
55	0.039826	0.001550	0.000724	0.047088	0.177711	0.001724	0.142289	0.013265	0.575823
56	0.038221	0.001498	0.000662	0.045497	0.180689	0.001664	0.140799	0.012903	0.578067
57	0.036522	0.001402	0.000558	0.044206	0.183524	0.001545	0.138985	0.012618	0.580640
58	0.034911	0.001308	0.000462	0.042983	0.186410	0.001431	0.137244	0.012263	0.582988
59	0.033330	0.001235	0.000408	0.041502	0.189182	0.001356	0.135135	0.011905	0.585947
60	0.031719	0.001117	0.000372	0.040141	0.192439	0.001212	0.133765	0.011549	0.587686
61	0.030196	0.001055	0.000351	0.038783	0.195273	0.001078	0.131996	0.011217	0.590051
62	0.028863	0.000977	0.000324	0.037632	0.197814	0.000988	0.130058	0.010979	0.592365
63	0.027603	0.000936	0.000288	0.036484	0.200279	0.000931	0.128253	0.010717	0.594509
64	0.026460	0.000853	0.000244	0.035491	0.202372	0.000805	0.126174	0.010633	0.596968
65	0.025083	0.000784	0.000221	0.034699	0.204564	0.000779	0.124087	0.010514	0.599269
66	0.023887	0.000701	0.000204	0.033788	0.206395	0.000727	0.122931	0.010290	0.601077
67	0.022711	0.000679	0.000186	0.032966	0.208963	0.000680	0.120846	0.010043	0.602926
68	0.021709	0.000620	0.000129	0.031823	0.211017	0.000639	0.119239	0.009912	0.604912
69	0.020503	0.000561	0.000107	0.030882	0.213593	0.000611	0.117915	0.009835	0.605993
70	0.019524	0.000521	0.000088	0.030046	0.215717	0.000520	0.116506	0.009495	0.607583
71	0.018525	0.000468	0.000071	0.029200	0.218064	0.000511	0.114841	0.009160	0.609160
72	0.017545	0.000421	0.000059	0.028286	0.220503	0.000474	0.113524	0.009063	0.610125
73	0.016469	0.000393	0.000058	0.027667	0.222419	0.000414	0.111665	0.008904	0.612011
74	0.015516	0.000355	0.000045	0.026995	0.224577	0.000367	0.110365	0.008647	0.613133
75	0.014731	0.000337	0.000042	0.026185	0.226732	0.000357	0.109110	0.008509	0.613997
76	0.013677	0.000331	0.000039	0.025402	0.229124	0.000301	0.107814	0.008316	0.614996
77	0.012967	0.000299	0.000035	0.024785	0.230972	0.000268	0.106393	0.008109	0.616172
78	0.012265	0.000286	0.000025	0.024084	0.232784	0.000241	0.105124	0.007942	0.617249
79	0.011611	0.000241	0.000014	0.023460	0.234598	0.000228	0.103813	0.007822	0.618213
80	0.010926	0.000211	0.000008	0.022952	0.236503	0.000207	0.102522	0.007587	0.619084
81	0.010202	0.000197	0.000011	0.022435	0.238905	0.000191	0.101183	0.007438	0.619438
82	0.009619	0.000181	0.000012	0.021776	0.240928	0.000193	0.099723	0.007326	0.620242
83	0.009182	0.000171	0.000011	0.021080	0.242326	0.000206	0.098308	0.007164	0.621552
84	0.008587	0.000148	0.000008	0.020490	0.244056	0.000176	0.097321	0.007040	0.622174
85	0.008164	0.000121	0.000008	0.019631	0.245765	0.000161	0.096097	0.006899	0.623154
86	0.007655	0.000090	0.000008	0.019068	0.247501	0.000137	0.094859	0.006671	0.624011
87	0.007166	0.000084	0.000005	0.018582	0.249242	0.000146	0.093320	0.006536	0.624919
88	0.006674	0.000081	0.000004	0.018010	0.251337	0.000136	0.092143	0.006494	0.625121
89	0.006333	0.000065	0.000004	0.017483	0.252810	0.000132	0.090932	0.006292	0.625949
90	0.005824	0.000046	0.000004	0.016896	0.254933	0.000121	0.090268	0.006216	0.625692
91	0.005504	0.000043	0.000003	0.016470	0.256813	0.000119	0.089236	0.006173	0.625639
92	0.005187	0.000033	0.000000	0.016013	0.258313	0.000105	0.087806	0.006015	0.626528
93	0.004867	0.000023	0.000000	0.015500	0.260255	0.000103	0.086386	0.005886	0.626980
94	0.004576	0.000011	0.000000	0.014972	0.262046	0.000099	0.085443	0.005803	0.627050
95	0.004231	0.000013	0.000000	0.014630	0.263487	0.000093	0.084165	0.005744	0.627637
96	0.003978	0.000012	0.000000	0.014249	0.265119	0.000095	0.083499	0.005651	0.627397
97	0.003778	0.000011	0.000000	0.013876	0.266810	0.000103	0.082397	0.005575	0.627450
98	0.003589	0.000010	0.000000	0.013498	0.268222	0.000094	0.081478	0.005505	0.627604
99	0.003362	0.000012	0.000000	0.013112	0.269882	0.000095	0.080564	0.005407	0.627566
100	0.003160	0.000006	0.000000	0.012747	0.271153	0.000082	0.079747	0.005367	0.627738
101	0.002944	0.000008	0.000000	0.012372	0.273261	0.000080	0.078267	0.005370	0.627698
102	0.002800	0.000005	0.000000	0.012113	0.274451	0.000070	0.077412	0.005313	0.627836
103	0.002666	0.000004	0.000000	0.011673	0.276122	0.000052	0.076682	0.005185	0.627616
104	0.002414	0.000001	0.000000	0.011491	0.277279	0.000040	0.075542	0.005244	0.627989
105	0.002254	0.000001	0.000000	0.011146	0.278764	0.000043	0.074843	0.005214	0.627735
106	0.002139	0.000000	0.000000	0.010877	0.280144	0.000040	0.074050	0.005179	0.627571
107	0.002073	0.000000	0.000000	0.010721	0.281834	0.000039	0.073254	0.005078	0.627001
108	0.001886	0.000000	0.000000	0.010433	0.282986	0.000037	0.072494	0.005028	0.627136
109	0.001793	0.000000	0.000000	0.010233	0.284574	0.000041	0.071162	0.004858	0.627339
110	0.001715	0.000000	0.000000	0.010049	0.285811	0.000043	0.070309	0.004735	0.627338
111	0.001624	0.000000	0.000000	0.009685	0.287657	0.000040	0.069216	0.004624	0.627154
112	0.001512	0.000000	0.000000	0.009425	0.288818	0.000038	0.068909	0.004565	0.626733
113	0.001469	0.000000	0.000000	0.009167	0.290690	0.000039	0.067740	0.004469	0.626426
114	0.001393	0.000000	0.000000	0.008977	0.291794	0.000034	0.067466	0.004384	0.625952
115	0.001334	0.000000	0.000000	0.008701	0.293340	0.000033	0.066658	0.004326	0.625608
116	0.001238	0.000000	0.000000	0.008493	0.294346	0.000040	0.066255	0.004263	0.625365
117	0.001163	0.000000	0.000000	0.008206	0.295707	0.000039	0.065727	0.004302	0.624856
118	0.001092	0.000000	0.000000	0.007977	0.297163	0.000039	0.065054	0.004277	0.624398
119	0.001046	0.000000	0.000000	0.007783	0.298508	0.000026	0.064201	0.004232	0.624204
120	0.000992	0.000000	0.000000	0.007610	0.300052	0.000026	0.063509	0.004110	0.623701
121	0.000935	0.000000	0.000000	0.007510	0.301129	0.000030	0.063075	0.004080	0.623241
122	0.000857	0.000000	0.000000	0.007336	0.302381	0.000023	0.062674	0.003953	0.622776
123	0.000780	0.000000	0.000000	0.007224	0.303637	0.000026	0.061873	0.003900	0.622560
124	0.000709	0.000000	0.000000	0.007097	0.304837	0.000021	0.061324	0.003857	0.622155
125	0.000616	0.000000	0.000000	0.006961	0.306034	0.000030	0.060705	0.003842	0.621812
126	0.000575	0.000000	0.000000	0.006868	0.306799	0.000026	0.060065	0.003776	0.621891
127	0.000535	0.000000	0.000000	0.006655	0.308294	0.000025	0.059411	0.003713	0.621367
128	0.000488	0.000000	0.000000	0.006512	0.309627	0.000029	0.058874	0.003702	0.620768
129	0.000464	0.000000	0.000000	0.006422	0.310703	0.000031	0.058289	0.003655	0.620436
130	0.000430	0.000000	0.000000	0.006301	0.312177	0.000023	0.057446	0.003638	0.619985
131	0.000426	0.000000	0.000000	0.006153	0.313400	0.000021	0.056733	0.003616	0.619651
132	0.000387	0.000000	0.000000	0.006033	0.314769	0.000015	0.056216	0.003688	0.618892
133	0.000361	0.000000	0.000000	0.005896	0.315898	0.000014	0.055619	0.003585	0.618627
134	0.000341	0.000000	0.000000	0.005755	0.317478	0.000016	0.055019	0.003468	0.617923
135	0.000321	0.000000	0.000000	0.005684	0.318916	0.000016	0.054375	0.003400	0.617288
136	0.000295	0.000000	0.000000	0.005532	0.319960	0.000019	0.053799	0.003429	0.616966
137	0.000259	0.000000	0.000000	0.005412	0.321108	0.000011	0.053095	0.003348	0.616767
138	0.000254	0.000000	0.000000	0.005267	0.322663	0.000004	0.052645	0.003377	0.615790
139	0.000236	0.000000	0.000000	0.005167	0.323780	0.000009	0.052008	0.003317	0.615483
140	0.000213	0.000000	0.000000	0.005006	0.324635	0.000010	0.051407	0.003209	0.615520
141	0.000205	0.000000	0.000000	0.004977	0.326101	0.000010	0.051025	0.003237	0.614445
142	0.000190	0.000000	0.000000	0.004807	0.327499	0.000009	0.050413	0.003199	0.613883
143	0.000181	0.000000	0.000000	0.004724	0.328892	0.000008	0.049863	0.003172	0.613160
144	0.000188	0.000000	0.000000	0.004656	0.329618	0.000007	0.049006	0.003158	0.613367
145	0.000169	0.000000	0.000000	0.004554	0.330819	0.000005	0.048369	0.003055	0.613029
146	0.000148	0.000000	0.000000	0.004512	0.332132	0.000004	0.047392	0.003022	0.612790
147	0.000155	0.000000	0.000000	0.004440	0.333032	0.000001	0.047035	0.002971	0.612366
148	0.000170	0.000000	0.000000	0.004397	0.333927	0.000000	0.046570	0.002926	0.612010
149	0.000143	0.000000	0.000000	0.004412	0.335039	0.000000	0.046018	0.002860	0.611528
150	0.000131	0.000000	0.000000	0.004375	0.336050	0.000000	0.045509	0.002802	0.611133
151	0.000123	0.000000	0.000000	0.004308	0.336922	0.000000	0.045224	0.002747	0.610676
152	0.000107	0.000000	0.000000	0.004241	0.338297	0.000000	0.044537	0.002705	0.610113
153	0.000092	0.000000	0.000000	0.004171	0.339285	0.000000	0.044051	0.002639	0.609762
154	0.000097	0.000000	0.000000	0.004123	0.340018	0.000000	0.043350	0.002628	0.609784
155	0.000081	0.000000	0.000000	0.004075	0.341112	0.000000	0.042807	0.002591	0.609334
156	0.000078	0.000000	0.000000	0.004019	0.342156	0.000000	0.042421	0.002660	0.608666
157	0.000070	0.000000	0.000000	0.003981	0.342899	0.000000	0.041818	0.002503	0.608729
158	0.000066	0.000000	0.000000	0.004015	0.344099	0.000000	0.041252	0.002468	0.608100
159	0.000062	0.000000	0.000000	0.003924	0.344981	0.000000	0.040684	0.002496	0.607853
160	0.000062	0.000000	0.000000	0.003944	0.345900	0.000000	0.040295	0.002490	0.607309
161	0.000061	0.000000	0.000000	0.003846	0.346850	0.000000	0.039654	0.002437	0.607152
162	0.000053	0.000000	0.000000	0.003824	0.347888	0.000000	0.039673	0.002432	0.606130
163	0.000054	0.000000	0.000000	0.003853	0.348540	0.000000	0.039005	0.002390	0.606158
164	0.000053	0.000000	0.000000	0.003821	0.349610	0.000000	0.038649	0.002341	0.605526
165	0.000039	0.000000	0.000000	0.003762	0.350939	0.000000	0.038032	0.002305	0.604923
166	0.000033	0.000000	0.000000	0.003720	0.352113	0.000000	0.037824	0.002211	0.604099
167	0.000032	0.000000	0.000000	0.003680	0.353312	0.000000	0.037656	0.002178	0.603142
168	0.000030	0.000000	0.000000	0.003636	0.354372	0.000000	0.037300	0.002225	0.602437
169	0.000034	0.000000	0.000000	0.003600	0.355499	0.000000	0.036908	0.002212	0.601747
170	0.000035	0.000000	0.000000	0.003622	0.356743	0.000000	0.036580	0.002221	0.600799
171	0.000028	0.000000	0.000000	0.003637	0.357919	0.000000	0.035890	0.002192	0.600334
172	0.000027	0.000000	0.000000	0.003609	0.358681	0.000000	0.035677	0.002176	0.599830
173	0.000024	0.000000	0.000000	0.003574	0.359603	0.000000	0.035377	0.002143	0.599279
174	0.000025	0.000000	0.000000	0.003555	0.360509	0.000000	0.034943	0.002173	0.598795
175	0.000026	0.000000	0.000000	0.003510	0.361733	0.000000	0.034628	0.002149	0.597954
176	0.000020	0.000000	0.000000	0.003418	0.362927	0.000000	0.034299	0.002143	0.597193
177	0.000017	0.000000	0.000000	0.003438	0.363693	0.000000	0.033997	0.002095	0.596760
178	0.000011	0.000000	0.000000	0.003371	0.364479	0.000000	0.033629	0.002022	0.596488
179	0.000007	0.000000	0.000000	0.003295	0.365493	0.000000	0.033403	0.001990	0.595812
180	0.000005	0.000000	0.000000	0.003311	0.366379	0.000000	0.033060	0.001934	0.595311
181	0.000003	0.000000	0.000000	0.003297	0.367348	0.000000	0.032672	0.001911	0.594769
182	0.000003	0.000000	0.000000	0.003277	0.368189	0.000000	0.032294	0.001861	0.594376
183	0.000003	0.000000	0.000000	0.003224	0.368913	0.000000	0.032063	0.001912	0.593885
184	0.000003	0.000000	0.000000	0.003162	0.370125	0.000000	0.031648	0.001908	0.593154
185	0.000004	0.000000	0.000000	0.003102	0.371383	0.000000	0.031296	0.001903	0.592312
186	0.000008	0.000000	0.000000	0.003048	0.372161	0.000000	0.030869	0.001886	0.592028
187	0.000005	0.000000	0.000000	0.002995	0.373308	0.000000	0.030336	0.001845	0.591511
188	0.000001	0.000000	0.000000	0.002906	0.373867	0.000000	0.030081	0.001759	0.591386
189	0.000000	0.000000	0.000000	0.002835	0.374668	0.000000	0.029656	0.001803	0.591038
190	0.000000	0.000000	0.000000	0.002807	0.375375	0.000000	0.029233	0.001768	0.590817
191	0.000000	0.000000	0.000000	0.002788	0.376570	0.000000	0.029125	0.001787	0.589730
192	0.000000	0.000000	0.000000	0.002688	0.377228	0.000000	0.028487	0.001744	0.589853
193	0.000000	0.000000	0.000000	0.002700	0.378092	0.000000	0.028264	0.001697	0.589247
194	0.000000	0.000000	0.000000	0.002745	0.378875	0.000000	0.027740	0.001631	0.589009
195	0.000000	0.000000	0.000000	0.002708	0.379907	0.000000	0.027569	0.001617	0.588199
196	0.000000	0.000000	0.000000	0.002711	0.380379	0.000000	0.027378	0.001647	0.587885
197	0.000000	0.000000	0.000000	0.002700	0.381246	0.000000	0.026972	0.001638	0.587444
198	0.000000	0.000000	0.000000	0.002622	0.382176	0.000000	0.026848	0.001602	0.586752
199	0.000000	0.000000	0.000000	0.002584	0.382890	0.000000	0.026566	0.001575	0.586385
200	0.000000	0.000000	0.000000	0.002606	0.383572	0.000000	0.026319	0.001551	0.585952
201	0.000000	0.000000	0.000000	0.002521	0.384532	0.000000	0.026054	0.001515	0.585378
202	0.000000	0.000000	0.000000	0.002486	0.385261	0.000000	0.025996	0.001462	0.584795
203	0.000000	0.000000	0.000000	0.002510	0.386173	0.000000	0.025899	0.001444	0.583974
204	0.000000	0.000000	0.000000	0.002489	0.387091	0.000000	0.025507	0.001425	0.583488
205	0.000000	0.000000	0.000000	0.002518	0.388032	0.000000	0.025162	0.001408	0.582880
206	0.000000	0.000000	0.000000	0.002467	0.388831	0.000000	0.024890	0.001404	0.582408
207	0.000000	0.000000	0.000000	0.002401	0.389664	0.000000	0.024632	0.001397	0.581906
208	0.000000	0.000000	0.000000	0.002378	0.390387	0.000000	0.024442	0.001387	0.581406
209	0.000000	0.000000	0.000000	0.002410	0.391198	0.000000	0.024225	0.001395	0.580772
210	0.000000	0.000000	0.000000	0.002447	0.392093	0.000000	0.024027	0.001345	0.580088
211	0.000000	0.000000	0.000000	0.002453	0.392804	0.000000	0.023950	0.001299	0.579494
212	0.000000	0.000000	0.000000	0.002448	0.393498	0.000000	0.023604	0.001255	0.579195
213	0.000000	0.000000	0.000000	0.002348	0.394014	0.000000	0.023407	0.001205	0.579026
214	0.000000	0.000000	0.000000	0.002347	0.394840	0.000000	0.023037	0.001147	0.578629
215	0.000000	0.000000	0.000000	0.002365	0.395538	0.000000	0.022958	0.001206	0.577933
216	0.000000	0.000000	0.000000	0.002348	0.395955	0.000000	0.022791	0.001153	0.577753
217	0.000000	0.000000	0.000000	0.002350	0.396730	0.000000	0.022493	0.001138	0.577289
218	0.000000	0.000000	0.000000	0.002319	0.397978	0.000000	0.022165	0.001130	0.576408
219	0.000000	0.000000	0.000000	0.002270	0.398881	0.000000	0.021919	0.001079	0.575851
220	0.000000	0.000000	0.000000	0.002216	0.399459	0.000000	0.021740	0.001061	0.575524
221	0.000000	0.000000	0.000000	0.002184	0.399817	0.000000	0.021317	0.001024	0.575658
222	0.000000	0.000000	0.000000	0.002173	0.400254	0.000000	0.021107	0.001028	0.575438
223	0.000000	0.000000	0.000000	0.002140	0.401205	0.000000	0.021012	0.001027	0.574616
224	0.000000	0.000000	0.000000	0.002101	0.401678	0.000000	0.020681	0.000973	0.574567
225	0.000000	0.000000	0.000000	0.002109	0.402185	0.000000	0.020574	0.000981	0.574151
226	0.000000	0.000000	0.000000	0.002083	0.402995	0.000000	0.020509	0.000963	0.573450
227	0.000000	0.000000	0.000000	0.002026	0.403788	0.000000	0.020278	0.000977	0.572931
228	0.000000	0.000000	0.000000	0.002007	0.404620	0.000000	0.020099	0.000958	0.572316
229	0.000000	0.000000	0.000000	0.002031	0.405028	0.000000	0.019967	0.000940	0.572034
230	0.000000	0.000000	0.000000	0.001952	0.406066	0.000000	0.019708	0.000924	0.571350
231	0.000000	0.000000	0.000000	0.001919	0.406946	0.000000	0.019446	0.000906	0.570783
232	0.000000	0.000000	0.000000	0.001885	0.407903	0.000000	0.019306	0.000865	0.570041
233	0.000000	0.000000	0.000000	0.001868	0.408509	0.000000	0.019132	0.000838	0.569653
234	0.000000	0.000000	0.000000	0.001824	0.409793	0.000000	0.018809	0.000835	0.568739
235	0.000000	0.000000	0.000000	0.001842	0.410211	0.000000	0.018608	0.000872	0.568467
236	0.000000	0.000000	0.000000	0.001854	0.410436	0.000000	0.018274	0.000854	0.568582
237	0.000000	0.000000	0.000000	0.001820	0.411140	0.000000	0.018130	0.000825	0.568085
238	0.000000	0.000000	0.000000	0.001796	0.411552	0.000000	0.018040	0.000807	0.567805
239	0.000000	0.000000	0.000000	0.001775	0.412327	0.000000	0.017853	0.000798	0.567247
240	0.000000	0.000000	0.000000	0.001780	0.413072	0.000000	0.017641	0.000792	0.566715
241	0.000000	0.000000	0.000000	0.001754	0.413803	0.000000	0.017414	0.000765	0.566264
242	0.000000	0.000000	0.000000	0.001696	0.414634	0.000000	0.017303	0.000757	0.565610
243	0.000000	0.000000	0.000000	0.001693	0.415631	0.000000	0.016983	0.000768	0.564925
244	0.000000	0.000000	0.000000	0.001721	0.416414	0.000000	0.016862	0.000743	0.564260
245	0.000000	0.000000	0.000000	0.001707	0.417156	0.000000	0.016560	0.000755	0.563822
246	0.000000	0.000000	0.000000	0.001716	0.417877	0.000000	0.016279	0.000752	0.563376
247	0.000000	0.000000	0.000000	0.001711	0.418822	0.000000	0.016195	0.000728	0.562544
248	0.000000	0.000000	0.000000	0.001727	0.419585	0.000000	0.016085	0.000744	0.561859
249	0.000000	0.000000	0.000000	0.001692	0.420026	0.000000	0.016072	0.000723	0.561487
250	0.000000	0.000000	0.000000	0.001693	0.420406	0.000000	0.015857	0.000692	0.561352
251	0.000000	0.000000	0.000000	0.001681	0.420766	0.000000	0.015741	0.000685	0.561127
252	0.000000	0.000000	0.000000	0.001672	0.421474	0.000000	0.015572	0.000673	0.560609
253	0.000000	0.000000	0.000000	0.001689	0.422325	0.000000	0.015343	0.000623	0.560020
254	0.000000	0.000000	0.000000	0.001656	0.423115	0.000000	0.015189	0.000616	0.559424
255	0.000000	0.000000	0.000000	0.001664	0.423638	0.000000	0.015022	0.000597	0.559079
256	0.000000	0.000000	0.000000	0.001669	0.424493	0.000000	0.014902	0.000595	0.558341
257	0.000000	0.000000	0.000000	0.001618	0.425151	0.000000	0.014711	0.000602	0.557918
258	0.000000	0.000000	0.000000	0.001602	0.425785	0.000000	0.014398	0.000582	0.557633
259	0.000000	0.000000	0.000000	0.001629	0.426473	0.000000	0.014339	0.000610	0.556949
260	0.000000	0.000000	0.000000	0.001642	0.427065	0.000000	0.014189	0.000597	0.556507
261	0.000000	0.000000	0.000000	0.001587	0.427684	0.000000	0.014153	0.000605	0.555971
262	0.000000	0.000000	0.000000	0.001625	0.428626	0.000000	0.014121	0.000578	0.555050
263	0.000000	0.000000	0.000000	0.001646	0.429473	0.000000	0.014116	0.000570	0.554195
264	0.000000	0.000000	0.000000	0.001686	0.430079	0.000000	0.013925	0.000547	0.553763
265	0.000000	0.000000	0.000000	0.001677	0.431022	0.000000	0.013777	0.000540	0.552984
266	0.000000	0.000000	0.000000	0.001649	0.431370	0.000000	0.013718	0.000533	0.552730
267	0.000000	0.000000	0.000000	0.001651	0.432313	0.000000	0.013605	0.000534	0.551897
268	0.000000	0.000000	0.000000	0.001595	0.433016	0.000000	0.013492	0.000512	0.551385
269	0.000000	0.000000	0.000000	0.001600	0.433639	0.000000	0.013482	0.000512	0.550767
270	0.000000	0.000000	0.000000	0.001592	0.434240	0.000000	0.013270	0.000496	0.550402
271	0.000000	0.000000	0.000000	0.001580	0.434811	0.000000	0.013090	0.000505	0.550014
272	0.000000	0.000000	0.000000	0.001555	0.435001	0.000000	0.013080	0.000494	0.549870
273	0.000000	0.000000	0.000000	0.001551	0.435336	0.000000	0.012928	0.000490	0.549695
274	0.000000	0.000000	0.000000	0.001579	0.436312	0.000000	0.012825	0.000469	0.548815
275	0.000000	0.000000	0.000000	0.001598	0.437279	0.000000	0.012726	0.000486	0.547911
276	0.000000	0.000000	0.000000	0.001593	0.437741	0.000000	0.012646	0.000492	0.547528
277	0.000000	0.000000	0.000000	0.001563	0.438218	0.000000	0.012651	0.000481	0.547087
278	0.000000	0.000000	0.000000	0.001574	0.438956	0.000000	0.012477	0.000487	0.546506
279	0.000000	0.000000	0.000000	0.001587	0.439276	0.000000	0.012261	0.000500	0.546376
280	0.000000	0.000000	0.000000	0.001576	0.440002	0.000000	0.012156	0.000476	0.545790
281	0.000000	0.000000	0.000000	0.001579	0.440926	0.000000	0.012112	0.000478	0.544905
282	0.000000	0.000000	0.000000	0.001582	0.441313	0.000000	0.012222	0.000472	0.544411
283	0.000000	0.000000	0.000000	0.001532	0.442118	0.000000	0.012020	0.000434	0.543896
284	0.000000	0.000000	0.000000	0.001464	0.442586	0.000000	0.011941	0.000456	0.543553
285	0.000000	0.000000	0.000000	0.001485	0.443369	0.000000	0.011753	0.000440	0.542953
286	0.000000	0.000000	0.000000	0.001465	0.444047	0.000000	0.011637	0.000430	0.542421
287	0.000000	0.000000	0.000000	0.001478	0.444959	0.000000	0.011563	0.000439	0.541561
288	0.000000	0.000000	0.000000	0.001459	0.445726	0.000000	0.011553	0.000418	0.540844
289	0.000000	0.000000	0.000000	0.001440	0.446579	0.000000	0.011448	0.000438	0.540095
290	0.000000	0.000000	0.000000	0.001421	0.446994	0.000000	0.011255	0.000432	0.539898
291	0.000000	0.000000	0.000000	0.001408	0.447929	0.000000	0.011066	0.000431	0.539166
292	0.000000	0.000000	0.000000	0.001382	0.448249	0.000000	0.010745	0.000432	0.539192
293	0.000000	0.000000	0.000000	0.001403	0.448879	0.000000	0.010593	0.000429	0.538696
294	0.000000	0.000000	0.000000	0.001388	0.449282	0.000000	0.010583	0.000436	0.538311
295	0.000000	0.000000	0.000000	0.001421	0.449956	0.000000	0.010464	0.000411	0.537748
296	0.000000	0.000000	0.000000	0.001428	0.450595	0.000000	0.010390	0.000436	0.537151
297	0.000000	0.000000	0.000000	0.001362	0.451183	0.000000	0.010251	0.000414	0.536790
298	0.000000	0.000000	0.000000	0.001338	0.451635	0.000000	0.010099	0.000383	0.536545
299	0.000000	0.000000	0.000000	0.001345	0.452242	0.000000	0.010164	0.000379	0.535870
300	0.000000	0.000000	0.000000	0.001270	0.452860	0.000000	0.010098	0.000386	0.535386
301	0.000000	0.000000	0.000000	0.001280	0.453297	0.000000	0.010092	0.000375	0.534956
302	0.000000	0.000000	0.000000	0.001276	0.453860	0.000000	0.009978	0.000350	0.534536
303	0.000000	0.000000	0.000000	0.001252	0.454502	0.000000	0.009946	0.000348	0.533952
304	0.000000	0.000000	0.000000	0.001260	0.455075	0.000000	0.009894	0.000348	0.533423
305	0.000000	0.000000	0.000000	0.001285	0.455466	0.000000	0.009962	0.000320	0.532967
306	0.000000	0.000000	0.000000	0.001257	0.456255	0.000000	0.009788	0.000290	0.532410
307	0.000000	0.000000	0.000000	0.001226	0.456624	0.000000	0.009691	0.000298	0.532161
308	0.000000	0.000000	0.000000	0.001199	0.457217	0.000000	0.009554	0.000310	0.531720
309	0.000000	0.000000	0.000000	0.001155	0.458083	0.000000	0.009495	0.000285	0.530982
310	0.000000	0.000000	0.000000	0.001152	0.458365	0.000000	0.009482	0.000282	0.530719
311	0.000000	0.000000	0.000000	0.001185	0.459281	0.000000	0.009415	0.000307	0.529812
312	0.000000	0.000000	0.000000	0.001195	0.460018	0.000000	0.009407	0.000304	0.529076
313	0.000000	0.000000	0.000000	0.001152	0.460492	0.000000	0.009230	0.000305	0.528821
314	0.000000	0.000000	0.000000	0.001175	0.460920	0.000000	0.009233	0.000323	0.528349
315	0.000000	0.000000	0.000000	0.001204	0.461483	0.000000	0.009033	0.000331	0.527949
316	0.000000	0.000000	0.000000	0.001179	0.461857	0.000000	0.008871	0.000311	0.527782
317	0.000000	0.000000	0.000000	0.001169	0.462765	0.000000	0.008893	0.000314	0.526859
318	0.000000	0.000000	0.000000	0.001162	0.462977	0.000000	0.008797	0.000325	0.526739
319	0.000000	0.000000	0.000000	0.001138	0.463702	0.000000	0.008771	0.000329	0.526060
320	0.000000	0.000000	0.000000	0.001134	0.464501	0.000000	0.008869	0.000328	0.525168
321	0.000000	0.000000	0.000000	0.001144	0.465064	0.000000	0.008724	0.000326	0.524742
322	0.000000	0.000000	0.000000	0.001127	0.465373	0.000000	0.008624	0.000332	0.524544
323	0.000000	0.000000	0.000000	0.001119	0.465879	0.000000	0.008625	0.000319	0.524058
324	0.000000	0.000000	0.000000	0.001113	0.466265	0.000000	0.008511	0.000299	0.523812
325	0.000000	0.000000	0.000000	0.001123	0.466997	0.000000	0.008477	0.000292	0.523111
326	0.000000	0.000000	0.000000	0.001107	0.467630	0.000000	0.008377	0.000311	0.522575
327	0.000000	0.000000	0.000000	0.001081	0.467990	0.000000	0.008291	0.000308	0.522330
328	0.000000	0.000000	0.000000	0.001097	0.468593	0.000000	0.008342	0.000314	0.521654
329	0.000000	0.000000	0.000000	0.001029	0.469108	0.000000	0.008224	0.000328	0.521311
330	0.000000	0.000000	0.000000	0.001011	0.469380	0.000000	0.008149	0.000330	0.521130
331	0.000000	0.000000	0.000000	0.001040	0.469965	0.000000	0.008137	0.000323	0.520535
332	0.000000	0.000000	0.000000	0.001016	0.470510	0.000000	0.007978	0.000298	0.520198
333	0.000000	0.000000	0.000000	0.001007	0.471041	0.000000	0.008009	0.000286	0.519657
334	0.000000	0.000000	0.000000	0.001000	0.471380	0.000000	0.007982	0.000278	0.519360
335	0.000000	0.000000	0.000000	0.000942	0.472307	0.000000	0.007963	0.000258	0.518530
336	0.000000	0.000000	0.000000	0.000944	0.472765	0.000000	0.007871	0.000247	0.518173
337	0.000000	0.000000	0.000000	0.000936	0.473405	0.000000	0.007856	0.000214	0.517589
338	0.000000	0.000000	0.000000	0.000922	0.474071	0.000000	0.007796	0.000213	0.516998
339	0.000000	0.000000	0.000000	0.000868	0.474870	0.000000	0.007797	0.000185	0.516280
340	0.000000	0.000000	0.000000	0.000854	0.475291	0.000000	0.007708	0.000158	0.515989
341	0.000000	0.000000	0.000000	0.000868	0.476156	0.000000	0.007711	0.000160	0.515105
342	0.000000	0.000000	0.000000	0.000842	0.476685	0.000000	0.007769	0.000167	0.514537
343	0.000000	0.000000	0.000000	0.000844	0.476983	0.000000	0.007729	0.000169	0.514275
344	0.000000	0.000000	0.000000	0.000828	0.477398	0.000000	0.007704	0.000165	0.513905
345	0.000000	0.000000	0.000000	0.000817	0.477955	0.000000	0.007688	0.000170	0.513370
346	0.000000	0.000000	0.000000	0.000830	0.478423	0.000000	0.007589	0.000149	0.513009
347	0.000000	0.000000	0.000000	0.000824	0.479068	0.000000	0.007522	0.000153	0.512433
348	0.000000	0.000000	0.000000	0.000797	0.479619	0.000000	0.007389	0.000159	0.512036
349	0.000000	0.000000	0.000000	0.000797	0.480103	0.000000	0.007434	0.000155	0.511511
350	0.000000	0.000000	0.000000	0.000744	0.481090	0.000000	0.007466	0.000146	0.510554
351	0.000000	0.000000	0.000000	0.000746	0.481630	0.000000	0.007395	0.000150	0.510079
352	0.000000	0.000000	0.000000	0.000755	0.482262	0.000000	0.007309	0.000144	0.509530
353	0.000000	0.000000	0.000000	0.000755	0.482781	0.000000	0.007196	0.000153	0.509115
354	0.000000	0.000000	0.000000	0.000790	0.483375	0.000000	0.007038	0.000161	0.508636
355	0.000000	0.000000	0.000000	0.000786	0.484055	0.000000	0.006902	0.000160	0.508097
356	0.000000	0.000000	0.000000	0.000787	0.484671	0.000000	0.006832	0.000168	0.507542
357	0.000000	0.000000	0.000000	0.000782	0.485110	0.000000	0.006881	0.000167	0.507060
358	0.000000	0.000000	0.000000	0.000742	0.485451	0.000000	0.006809	0.000177	0.506821
359	0.000000	0.000000	0.000000	0.000728	0.486021	0.000000	0.006832	0.000182	0.506237
360	0.000000	0.000000	0.000000	0.000724	0.486462	0.000000	0.006762	0.000171	0.505881
361	0.000000	0.000000	0.000000	0.000723	0.487011	0.000000	0.006568	0.000155	0.505543
362	0.000000	0.000000	0.000000	0.000720	0.487695	0.000000	0.006591	0.000141	0.504853
363	0.000000	0.000000	0.000000	0.000705	0.488188	0.000000	0.006530	0.000140	0.504437
364	0.000000	0.000000	0.000000	0.000673	0.488864	0.000000	0.006453	0.000161	0.503849
365	0.000000	0.000000	0.000000	0.000682	0.489437	0.000000	0.006345	0.000152	0.503384
366	0.000000	0.000000	0.000000	0.000679	0.490084	0.000000	0.006304	0.000160	0.502773
367	0.000000	0.000000	0.000000	0.000703	0.490779	0.000000	0.006290	0.000149	0.502079
368	0.000000	0.000000	0.000000	0.000709	0.491370	0.000000	0.006323	0.000141	0.501457
369	0.000000	0.000000	0.000000	0.000692	0.492133	0.000000	0.006261	0.000129	0.500785
370	0.000000	0.000000	0.000000	0.000710	0.492613	0.000000	0.006121	0.000120	0.500436
371	0.000000	0.000000	0.000000	0.000722	0.493714	0.000000	0.006177	0.000121	0.499266
372	0.000000	0.000000	0.000000	0.000694	0.494320	0.000000	0.006086	0.000127	0.498773
373	0.000000	0.000000	0.000000	0.000681	0.495116	0.000000	0.005943	0.000132	0.498128
374	0.000000	0.000000	0.000000	0.000653	0.495697	0.000000	0.005824	0.000122	0.497704
375	0.000000	0.000000	0.000000	0.000676	0.496733	0.000000	0.005755	0.000119	0.496717
376	0.000000	0.000000	0.000000	0.000645	0.497274	0.000000	0.005715	0.000116	0.496250
377	0.000000	0.000000	0.000000	0.000637	0.497750	0.000000	0.005698	0.000122	0.495793
378	0.000000	0.000000	0.000000	0.000600	0.498378	0.000000	0.005690	0.000119	0.495213
379	0.000000	0.000000	0.000000	0.000597	0.498929	0.000000	0.005693	0.000118	0.494663
380	0.000000	0.000000	0.000000	0.000579	0.499440	0.000000	0.005715	0.000114	0.494152
381	0.000000	0.000000	0.000000	0.000580	0.500367	0.000000	0.005617	0.000100	0.493336
382	0.000000	0.000000	0.000000	0.000595	0.500667	0.000000	0.005543	0.000101	0.493094
383	0.000000	0.000000	0.000000	0.000611	0.501197	0.000000	0.005408	0.000104	0.492680
384	0.000000	0.000000	0.000000	0.000638	0.501661	0.000000	0.005311	0.000108	0.492282
385	0.000000	0.000000	0.000000	0.000635	0.502413	0.000000	0.005347	0.000096	0.491509
386	0.000000	0.000000	0.000000	0.000626	0.503205	0.000000	0.005338	0.000110	0.490721
387	0.000000	0.000000	0.000000	0.000631	0.503482	0.000000	0.005204	0.000094	0.490589
388	0.000000	0.000000	0.000000	0.000612	0.504175	0.000000	0.005137	0.000102	0.489974
389	0.000000	0.000000	0.000000	0.000605	0.504737	0.000000	0.005003	0.000103	0.489552
390	0.000000	0.000000	0.000000	0.000617	0.505181	0.000000	0.005016	0.000094	0.489092
391	0.000000	0.000000	0.000000	0.000607	0.506020	0.000000	0.004896	0.000097	0.488380
392	0.000000	0.000000	0.000000	0.000586	0.506254	0.000000	0.004800	0.000091	0.488269
393	0.000000	0.000000	0.000000	0.000554	0.506950	0.000000	0.004687	0.000087	0.487722
394	0.000000	0.000000	0.000000	0.000542	0.507592	0.000000	0.004711	0.000092	0.487063
395	0.000000	0.000000	0.000000	0.000548	0.508119	0.000000	0.004668	0.000093	0.486572
396	0.000000	0.000000	0.000000	0.000556	0.508725	0.000000	0.004596	0.000087	0.486036
397	0.000000	0.000000	0.000000	0.000550	0.509352	0.000000	0.004551	0.000087	0.485460
398	0.000000	0.000000	0.000000	0.000575	0.510023	0.000000	0.004473	0.000095	0.484834
399	0.000000	0.000000	0.000000	0.000594	0.510305	0.000000	0.004453	0.000086	0.484562
400	0.000000	0.000000	0.000000	0.000585	0.511154	0.000000	0.004455	0.000075	0.483731
401	0.000000	0.000000	0.000000	0.000569	0.511804	0.000000	0.004388	0.000073	0.483166
402	0.000000	0.000000	0.000000	0.000566	0.512354	0.000000	0.004370	0.000072	0.482638
403	0.000000	0.000000	0.000000	0.000565	0.513020	0.000000	0.004381	0.000069	0.481965
404	0.000000	0.000000	0.000000	0.000549	0.513741	0.000000	0.004351	0.000069	0.481290
405	0.000000	0.000000	0.000000	0.000535	0.514093	0.000000	0.004315	0.000072	0.480985
406	0.000000	0.000000	0.000000	0.000532	0.514622	0.000000	0.004234	0.000068	0.480544
407	0.000000	0.000000	0.000000	0.000520	0.514903	0.000000	0.004150	0.000061	0.480366
408	0.000000	0.000000	0.000000	0.000505	0.515684	0.000000	0.004110	0.000065	0.479636
409	0.000000	0.000000	0.000000	0.000480	0.516234	0.000000	0.004061	0.000068	0.479157
410	0.000000	0.000000	0.000000	0.000495	0.516803	0.000000	0.004024	0.000061	0.478617
411	0.000000	0.000000	0.000000	0.000469	0.517476	0.000000	0.004028	0.000051	0.477976
412	0.000000	0.000000	0.000000	0.000477	0.517986	0.000000	0.003946	0.000050	0.477541
413	0.000000	0.000000	0.000000	0.000485	0.518582	0.000000	0.003950	0.000048	0.476935
414	0.000000	0.000000	0.000000	0.000489	0.519455	0.000000	0.003957	0.000048	0.476051
415	0.000000	0.000000	0.000000	0.000508	0.520092	0.000000	0.003971	0.000062	0.475367
416	0.000000	0.000000	0.000000	0.000506	0.520772	0.000000	0.003904	0.000050	0.474768
417	0.000000	0.000000	0.000000	0.000527	0.521368	0.000000	0.003933	0.000048	0.474124
418	0.000000	0.000000	0.000000	0.000531	0.521637	0.000000	0.003893	0.000039	0.473900
419	0.000000	0.000000	0.000000	0.000554	0.522234	0.000000	0.003804	0.000037	0.473371
420	0.000000	0.000000	0.000000	0.000544	0.522879	0.000000	0.003798	0.000031	0.472748
421	0.000000	0.000000	0.000000	0.000567	0.523541	0.000000	0.003735	0.000037	0.472120
422	0.000000	0.000000	0.000000	0.000578	0.524020	0.000000	0.003761	0.000040	0.471601
423	0.000000	0.000000	0.000000	0.000599	0.524361	0.000000	0.003741	0.000034	0.471265
424	0.000000	0.000000	0.000000	0.000569	0.525147	0.000000	0.003724	0.000034	0.470526
425	0.000000	0.000000	0.000000	0.000586	0.525848	0.000000	0.003602	0.000027	0.469937
426	0.000000	0.000000	0.000000	0.000555	0.526159	0.000000	0.003581	0.000025	0.469680
427	0.000000	0.000000	0.000000	0.000561	0.526890	0.000000	0.003543	0.000019	0.468987
428	0.000000	0.000000	0.000000	0.000566	0.527430	0.000000	0.003538	0.000023	0.468443
429	0.000000	0.000000	0.000000	0.000573	0.528133	0.000000	0.003489	0.000024	0.467781
430	0.000000	0.000000	0.000000	0.000551	0.528626	0.000000	0.003485	0.000023	0.467315
431	0.000000	0.000000	0.000000	0.000550	0.529478	0.000000	0.003443	0.000017	0.466512
432	0.000000	0.000000	0.000000	0.000568	0.530179	0.000000	0.003458	0.000017	0.465778
433	0.000000	0.000000	0.000000	0.000557	0.530618	0.000000	0.003452	0.000021	0.465352
434	0.000000	0.000000	0.000000	0.000555	0.531177	0.000000	0.003416	0.000023	0.464829
435	0.000000	0.000000	0.000000	0.000552	0.531794	0.000000	0.003321	0.000020	0.464313
436	0.000000	0.000000	0.000000	0.000546	0.532110	0.000000	0.003239	0.000021	0.464084
437	0.000000	0.000000	0.000000	0.000551	0.532741	0.000000	0.003186	0.000020	0.463502
438	0.000000	0.000000	0.000000	0.000552	0.533258	0.000000	0.003173	0.000017	0.463000
439	0.000000	0.000000	0.000000	0.000572	0.534043	0.000000	0.003248	0.000017	0.462120
440	0.000000	0.000000	0.000000	0.000566	0.534438	0.000000	0.003243	0.000019	0.461734
441	0.000000	0.000000	0.000000	0.000571	0.535108	0.000000	0.003269	0.000017	0.461035
442	0.000000	0.000000	0.000000	0.000561	0.535637	0.000000	0.003205	0.000020	0.460577
443	0.000000	0.000000	0.000000	0.000545	0.536206	0.000000	0.003159	0.000024	0.460066
444	0.000000	0.000000	0.000000	0.000539	0.536539	0.000000	0.003130	0.000022	0.459770
445	0.000000	0.000000	0.000000	0.000542	0.537118	0.000000	0.003058	0.000012	0.459270
446	0.000000	0.000000	0.000000	0.000570	0.537513	0.000000	0.003027	0.000013	0.458877
447	0.000000	0.000000	0.000000	0.000571	0.537795	0.000000	0.003066	0.000009	0.458559
448	0.000000	0.000000	0.000000	0.000561	0.538317	0.000000	0.003045	0.000008	0.458069
449	0.000000	0.000000	0.000000	0.000560	0.539268	0.000000	0.003006	0.000008	0.457158
450	0.000000	0.000000	0.000000	0.000584	0.539758	0.000000	0.003018	0.000015	0.456625
451	0.000000	0.000000	0.000000	0.000566	0.540226	0.000000	0.003006	0.000017	0.456185
452	0.000000	0.000000	0.000000	0.000584	0.540497	0.000000	0.003031	0.000024	0.455864
453	0.000000	0.000000	0.000000	0.000604	0.540845	0.000000	0.003039	0.000025	0.455487
454	0.000000	0.000000	0.000000	0.000590	0.541496	0.000000	0.002923	0.000023	0.454968
455	0.000000	0.000000	0.000000	0.000588	0.542163	0.000000	0.002904	0.000024	0.454321
456	0.000000	0.000000	0.000000	0.000584	0.542968	0.000000	0.002847	0.000019	0.453582
457	0.000000	0.000000	0.000000	0.000588	0.543736	0.000000	0.002835	0.000018	0.452823
458	0.000000	0.000000	0.000000	0.000605	0.544321	0.000000	0.002853	0.000019	0.452202
459	0.000000	0.000000	0.000000	0.000595	0.544569	0.000000	0.002861	0.000015	0.451960
460	0.000000	0.000000	0.000000	0.000596	0.544980	0.000000	0.002887	0.000015	0.451522
461	0.000000	0.000000	0.000000	0.000567	0.545486	0.000000	0.002822	0.000015	0.451110
462	0.000000	0.000000	0.000000	0.000557	0.545989	0.000000	0.002788	0.000012	0.450654
463	0.000000	0.000000	0.000000	0.000564	0.546596	0.000000	0.002758	0.000009	0.450073
464	0.000000	0.000000	0.000000	0.000559	0.547089	0.000000	0.002714	0.000005	0.449633
465	0.000000	0.000000	0.000000	0.000550	0.547711	0.000000	0.002707	0.000008	0.449024
466	0.000000	0.000000	0.000000	0.000535	0.548283	0.000000	0.002694	0.000004	0.448484
467	0.000000	0.000000	0.000000	0.000549	0.548671	0.000000	0.002622	0.000004	0.448154
468	0.000000	0.000000	0.000000	0.000535	0.549005	0.000000	0.002564	0.000002	0.447894
469	0.000000	0.000000	0.000000	0.000545	0.549519	0.000000	0.002588	0.000000	0.447348
470	0.000000	0.000000	0.000000	0.000530	0.550174	0.000000	0.002525	0.000000	0.446771
