0	0.290663	0.057897	0.229473	0.157588	0.029913	0.111872	0.085455	0.012259	0.024880
1	0.218986	0.045242	0.190707	0.141786	0.028899	0.122695	0.129738	0.024662	0.097285
2	0.208113	0.042737	0.180529	0.137724	0.029593	0.119954	0.139096	0.026664	0.115590
3	0.203914	0.041041	0.172420	0.135083	0.030617	0.115552	0.145039	0.027461	0.128873
4	0.200486	0.039637	0.164986	0.132644	0.031614	0.111392	0.149438	0.027741	0.142062
5	0.198355	0.038359	0.157109	0.130803	0.033125	0.106045	0.153167	0.027965	0.155072
6	0.196994	0.036508	0.149941	0.128829	0.034653	0.101018	0.156920	0.027778	0.167359
7	0.195032	0.035265	0.141487	0.127733	0.036595	0.095890	0.160302	0.027804	0.179892
8	0.193729	0.034021	0.133728	0.125889	0.038171	0.090778	0.163184	0.027882	0.192618
9	0.192010	0.032720	0.127202	0.124370	0.039973	0.085857	0.165547	0.027909	0.204412
10	0.190590	0.031648	0.120249	0.122705	0.042118	0.081454	0.167555	0.027385	0.216296
11	0.189210	0.030474	0.113724	0.121152	0.044144	0.076428	0.169179	0.027098	0.228591
12	0.187947	0.029816	0.107222	0.119677	0.046290	0.072310	0.169754	0.026949	0.240035
13	0.187095	0.028458	0.101491	0.118131	0.048850	0.068017	0.170272	0.026538	0.251148
14	0.186246	0.027462	0.095249	0.116220	0.050974	0.063851	0.170940	0.026220	0.262838
15	0.185154	0.026364	0.089501	0.114867	0.053690	0.060055	0.170941	0.025782	0.273646
16	0.184091	0.025802	0.083951	0.112987	0.056081	0.056317	0.171024	0.025645	0.284102
17	0.182786	0.024782	0.078188	0.111983	0.058616	0.052859	0.170869	0.025350	0.294567
18	0.181952	0.023872	0.073505	0.110673	0.061295	0.049521	0.170509	0.024691	0.303982
19	0.180329	0.023014	0.069102	0.108882	0.064137	0.046505	0.170137	0.024162	0.313732
20	0.178513	0.022075	0.064815	0.107184	0.067299	0.043749	0.169274	0.023581	0.323510
21	0.177727	0.021096	0.060475	0.105780	0.070056	0.040956	0.168224	0.022848	0.332838
22	0.176777	0.020438	0.056096	0.104361	0.073140	0.038044	0.166477	0.022355	0.342312
23	0.176060	0.019721	0.052470	0.102976	0.076083	0.035715	0.164690	0.021711	0.350574
24	0.174468	0.019097	0.049146	0.101416	0.079444	0.033545	0.163406	0.021028	0.358450
25	0.172996	0.018128	0.045758	0.099527	0.082977	0.031271	0.162255	0.020547	0.366541
26	0.171244	0.017344	0.042648	0.098212	0.086452	0.029314	0.160456	0.020071	0.374259
27	0.169346	0.016718	0.039808	0.096760	0.090005	0.027497	0.157980	0.019751	0.382135
28	0.167568	0.015880	0.037239	0.095209	0.093274	0.025704	0.156006	0.019180	0.389940
29	0.166243	0.015256	0.034671	0.093859	0.096702	0.023945	0.153850	0.018736	0.396738
30	0.164022	0.014753	0.032122	0.092308	0.100470	0.022230	0.152095	0.018247	0.403753
31	0.162050	0.014147	0.030024	0.090844	0.103647	0.020873	0.149970	0.017753	0.410692
32	0.160069	0.013627	0.027876	0.089402	0.107633	0.019429	0.148390	0.017144	0.416430
33	0.157814	0.013077	0.025648	0.087856	0.111747	0.018149	0.146795	0.016889	0.422025
34	0.155698	0.012531	0.023976	0.086354	0.115739	0.016888	0.143958	0.016348	0.428508
35	0.153334	0.012062	0.022384	0.084901	0.119535	0.015759	0.142248	0.015831	0.433946
36	0.151136	0.011544	0.020554	0.083571	0.123658	0.014879	0.139795	0.015567	0.439296
37	0.148927	0.010999	0.018960	0.081905	0.128050	0.013852	0.137652	0.014999	0.444656
38	0.146711	0.010537	0.017466	0.080523	0.132085	0.012895	0.135579	0.014627	0.449577
39	0.144009	0.010124	0.016207	0.078915	0.136425	0.012090	0.133220	0.014099	0.454911
40	0.141301	0.009689	0.015212	0.077821	0.141064	0.011192	0.130849	0.013679	0.459193
41	0.138584	0.009251	0.013981	0.076150	0.145535	0.010554	0.128668	0.013195	0.464082
42	0.136037	0.008747	0.012833	0.074853	0.149625	0.009735	0.126648	0.012906	0.468616
43	0.133709	0.008249	0.011942	0.073209	0.154371	0.009045	0.124199	0.012521	0.472755
44	0.131372	0.007860	0.011075	0.071543	0.158697	0.008555	0.121844	0.011969	0.477085
45	0.128851	0.007426	0.010255	0.070273	0.163072	0.007962	0.119970	0.011613	0.480578
46	0.126373	0.007015	0.009372	0.068952	0.167778	0.007411	0.117736	0.011225	0.484138
47	0.123767	0.006733	0.008723	0.067403	0.172279	0.006944	0.115800	0.010949	0.487402
48	0.120837	0.006490	0.008201	0.066096	0.176822	0.006518	0.113972	0.010589	0.490475
49	0.117976	0.006226	0.007570	0.064724	0.181208	0.006090	0.112171	0.010340	0.493695
50	0.114921	0.006019	0.006924	0.063361	0.186038	0.005722	0.110576	0.010066	0.496373
51	0.112278	0.005657	0.006332	0.062509	0.190664	0.005428	0.108710	0.009646	0.498776
52	0.109491	0.005322	0.005861	0.061474	0.195431	0.005125	0.106787	0.009396	0.501113
53	0.106126	0.005007	0.005427	0.060331	0.200208	0.004886	0.104995	0.009143	0.503877
54	0.103194	0.004749	0.005012	0.059238	0.204644	0.004507	0.102846	0.008900	0.506910
55	0.100240	0.004487	0.004548	0.058053	0.209687	0.004213	0.100919	0.008735	0.509118
56	0.097066	0.004342	0.004233	0.056978	0.214541	0.003990	0.098871	0.008523	0.511456
57	0.094215	0.004111	0.003853	0.055896	0.219991	0.003706	0.097231	0.008171	0.512826
58	0.091298	0.003884	0.003555	0.054539	0.225027	0.003471	0.095386	0.007993	0.514847
59	0.088694	0.003690	0.003232	0.053197	0.230198	0.003219	0.094170	0.007657	0.515943
60	0.085980	0.003456	0.002970	0.052234	0.235059	0.003039	0.092239	0.007508	0.517515
61	0.083041	0.003183	0.002778	0.051184	0.239705	0.002776	0.090737	0.007326	0.519270
62	0.080572	0.003069	0.002509	0.050062	0.244536	0.002654	0.089065	0.007167	0.520366
63	0.077357	0.002904	0.002260	0.049375	0.249008	0.002490	0.087545	0.007029	0.522032
64	0.074868	0.002722	0.002079	0.048513	0.253864	0.002341	0.086140	0.006855	0.522618
65	0.072413	0.002550	0.001930	0.047789	0.258821	0.002122	0.084581	0.006730	0.523064
66	0.069915	0.002394	0.001753	0.046843	0.263612	0.002115	0.082856	0.006628	0.523884
67	0.067260	0.002274	0.001580	0.046201	0.268251	0.001960	0.081611	0.006425	0.524438
68	0.064638	0.002065	0.001378	0.045383	0.273314	0.001838	0.079863	0.006273	0.525248
69	0.062481	0.001918	0.001263	0.044685	0.277845	0.001689	0.078328	0.006120	0.525671
70	0.060373	0.001800	0.001119	0.043839	0.282659	0.001627	0.076896	0.005963	0.525724
71	0.058218	0.001724	0.001002	0.043240	0.287551	0.001620	0.075617	0.005929	0.525099
72	0.055981	0.001653	0.000891	0.042550	0.292482	0.001516	0.073976	0.005725	0.525226
73	0.053873	0.001511	0.000806	0.041673	0.297198	0.001465	0.072644	0.005681	0.525149
74	0.051892	0.001422	0.000778	0.041166	0.302041	0.001389	0.071488	0.005520	0.524304
75	0.049816	0.001318	0.000691	0.040413	0.306943	0.001321	0.070145	0.005398	0.523955
76	0.047868	0.001245	0.000650	0.039786	0.311532	0.001201	0.069070	0.005181	0.523467
77	0.045794	0.001178	0.000570	0.039279	0.316185	0.001149	0.067991	0.005028	0.522826
78	0.043813	0.001094	0.000515	0.038533	0.321321	0.001086	0.066448	0.004859	0.522331
79	0.041976	0.001001	0.000473	0.038249	0.326028	0.001050	0.065262	0.004692	0.521269
80	0.040319	0.000995	0.000414	0.037685	0.330705	0.000975	0.063937	0.004630	0.520340
81	0.038593	0.000919	0.000372	0.037084	0.335147	0.000889	0.062684	0.004492	0.519820
82	0.037019	0.000847	0.000344	0.036209	0.340346	0.000838	0.061131	0.004328	0.518938
83	0.035337	0.000808	0.000319	0.035722	0.344911	0.000811	0.060203	0.004238	0.517651
84	0.033637	0.000768	0.000282	0.035147	0.349629	0.000737	0.059013	0.004106	0.516681
85	0.032222	0.000733	0.000239	0.034879	0.354308	0.000730	0.058359	0.004026	0.514504
86	0.030845	0.000693	0.000215	0.034254	0.359340	0.000693	0.057222	0.003937	0.512801
87	0.029459	0.000631	0.000166	0.033871	0.363405	0.000663	0.056176	0.003903	0.511726
88	0.028165	0.000567	0.000169	0.033356	0.368204	0.000640	0.055515	0.003759	0.509625
89	0.026896	0.000515	0.000132	0.033252	0.372848	0.000618	0.054712	0.003636	0.507391
90	0.025808	0.000487	0.000123	0.032832	0.377341	0.000599	0.053693	0.003507	0.505610
91	0.024834	0.000480	0.000114	0.032340	0.382085	0.000529	0.052696	0.003393	0.503529
92	0.023831	0.000434	0.000089	0.032141	0.386695	0.000488	0.052029	0.003212	0.501081
93	0.022764	0.000423	0.000069	0.031717	0.391062	0.000513	0.051125	0.003088	0.499239
94	0.021599	0.000393	0.000057	0.031409	0.395805	0.000479	0.050139	0.003043	0.497076
95	0.020746	0.000351	0.000055	0.031015	0.400267	0.000434	0.049185	0.002923	0.495024
96	0.019736	0.000309	0.000037	0.030727	0.404724	0.000416	0.048216	0.002860	0.492975
97	0.018996	0.000288	0.000035	0.030315	0.409038	0.000414	0.047318	0.002826	0.490770
98	0.018208	0.000279	0.000033	0.029886	0.413621	0.000414	0.046307	0.002717	0.488535
99	0.017306	0.000241	0.000030	0.029828	0.418145	0.000402	0.045482	0.002625	0.485941
100	0.016629	0.000228	0.000019	0.029425	0.422288	0.000375	0.044756	0.002585	0.483695
101	0.015838	0.000212	0.000017	0.029234	0.427094	0.000339	0.043946	0.002529	0.480791
102	0.014941	0.000188	0.000014	0.028922	0.431593	0.000387	0.043228	0.002489	0.478238
103	0.014266	0.000181	0.000008	0.028549	0.435657	0.000356	0.042379	0.002450	0.476154
104	0.013540	0.000149	0.000007	0.028276	0.439452	0.000364	0.041424	0.002404	0.474384
105	0.012769	0.000123	0.000008	0.028021	0.443914	0.000348	0.040620	0.002254	0.471943
106	0.012083	0.000109	0.000006	0.027564	0.448448	0.000344	0.039775	0.002139	0.469532
107	0.011385	0.000103	0.000003	0.027314	0.452631	0.000356	0.038926	0.002069	0.467213
108	0.010791	0.000097	0.000005	0.026776	0.457135	0.000358	0.038111	0.002045	0.464682
109	0.010202	0.000097	0.000005	0.026494	0.461532	0.000350	0.037242	0.002012	0.462066
110	0.009611	0.000102	0.000002	0.026275	0.465770	0.000358	0.036723	0.001904	0.459255
111	0.009120	0.000093	0.000004	0.026130	0.470014	0.000352	0.036086	0.001874	0.456327
112	0.008708	0.000095	0.000006	0.026031	0.474589	0.000307	0.035503	0.001781	0.452980
113	0.008341	0.000088	0.000004	0.026094	0.478268	0.000299	0.034924	0.001736	0.450246
114	0.007832	0.000091	0.000003	0.025810	0.482803	0.000299	0.034241	0.001733	0.447188
115	0.007343	0.000084	0.000000	0.025647	0.486773	0.000312	0.033735	0.001660	0.444446
116	0.006929	0.000077	0.000000	0.025254	0.491197	0.000318	0.033074	0.001635	0.441516
117	0.006590	0.000075	0.000000	0.025025	0.495243	0.000327	0.032239	0.001630	0.438871
118	0.006153	0.000063	0.000000	0.024819	0.499635	0.000320	0.031538	0.001543	0.435929
119	0.005898	0.000058	0.000000	0.024825	0.503795	0.000343	0.030926	0.001512	0.432643
120	0.005528	0.000061	0.000000	0.024601	0.507794	0.000319	0.030426	0.001458	0.429813
121	0.005187	0.000047	0.000000	0.024453	0.512333	0.000319	0.029917	0.001459	0.426285
122	0.004930	0.000031	0.000000	0.024230	0.516387	0.000314	0.029225	0.001413	0.423470
123	0.004709	0.000019	0.000000	0.024178	0.520333	0.000299	0.028446	0.001389	0.420627
124	0.004471	0.000018	0.000000	0.023989	0.524398	0.000277	0.027878	0.001348	0.417621
125	0.004263	0.000014	0.000000	0.023868	0.528546	0.000252	0.027153	0.001257	0.414647
126	0.004037	0.000015	0.000000	0.023775	0.532534	0.000254	0.026470	0.001213	0.411702
127	0.003831	0.000014	0.000000	0.023642	0.536279	0.000261	0.025882	0.001148	0.408943
128	0.003591	0.000014	0.000000	0.023545	0.540110	0.000246	0.025406	0.001122	0.405966
129	0.003419	0.000015	0.000000	0.023431	0.544443	0.000258	0.024986	0.001119	0.402329
130	0.003259	0.000017	0.000000	0.023310	0.548287	0.000234	0.024266	0.001130	0.399497
131	0.003037	0.000017	0.000000	0.023091	0.552546	0.000234	0.024047	0.001036	0.395992
132	0.002820	0.000009	0.000000	0.022744	0.556730	0.000222	0.023613	0.001033	0.392829
133	0.002668	0.000009	0.000000	0.022710	0.560743	0.000194	0.023026	0.001034	0.389616
134	0.002522	0.000007	0.000000	0.022765	0.564360	0.000200	0.022448	0.001014	0.386684
135	0.002349	0.000008	0.000000	0.022712	0.568111	0.000219	0.022053	0.000989	0.383559
136	0.002228	0.000010	0.000000	0.022472	0.572093	0.000216	0.021591	0.000949	0.380441
137	0.002052	0.000015	0.000000	0.022499	0.575586	0.000229	0.021132	0.000923	0.377564
138	0.001942	0.000015	0.000000	0.022582	0.579210	0.000217	0.020599	0.000907	0.374528
139	0.001846	0.000019	0.000000	0.022643	0.583258	0.000207	0.020308	0.000847	0.370872
140	0.001766	0.000018	0.000000	0.022545	0.586951	0.000206	0.019700	0.000859	0.367955
141	0.001626	0.000020	0.000000	0.022468	0.590364	0.000187	0.019305	0.000857	0.365173
142	0.001588	0.000018	0.000000	0.022280	0.594339	0.000183	0.018996	0.000826	0.361770
143	0.001489	0.000013	0.000000	0.022233	0.597953	0.000181	0.018501	0.000828	0.358802
144	0.001368	0.000007	0.000000	0.022335	0.601170	0.000200	0.018158	0.000855	0.355907
145	0.001323	0.000007	0.000000	0.022227	0.604913	0.000209	0.017778	0.000836	0.352707
146	0.001306	0.000006	0.000000	0.022300	0.608217	0.000193	0.017375	0.000823	0.349780
147	0.001257	0.000008	0.000000	0.022308	0.611659	0.000197	0.017148	0.000840	0.346583
148	0.001201	0.000009	0.000000	0.022340	0.614714	0.000190	0.016737	0.000821	0.343988
149	0.001148	0.000009	0.000000	0.022160	0.618649	0.000197	0.016335	0.000841	0.340661
150	0.001110	0.000007	0.000000	0.021907	0.622624	0.000188	0.016082	0.000789	0.337293
151	0.001035	0.000002	0.000000	0.021984	0.625917	0.000202	0.015673	0.000791	0.334396
152	0.000979	0.000002	0.000000	0.022266	0.629084	0.000221	0.015273	0.000763	0.331412
153	0.000899	0.000002	0.000000	0.022194	0.632410	0.000226	0.015014	0.000712	0.328543
154	0.000862	0.000000	0.000000	0.022128	0.635523	0.000211	0.014761	0.000672	0.325843
155	0.000833	0.000000	0.000000	0.021936	0.639260	0.000223	0.014558	0.000683	0.322507
156	0.000811	0.000000	0.000000	0.021703	0.642992	0.000227	0.014277	0.000661	0.319329
157	0.000737	0.000000	0.000000	0.021589	0.646411	0.000218	0.014005	0.000680	0.316360
158	0.000704	0.000000	0.000000	0.021683	0.649675	0.000214	0.013661	0.000691	0.313372
159	0.000660	0.000000	0.000000	0.021562	0.653179	0.000205	0.013558	0.000674	0.310162
160	0.000651	0.000000	0.000000	0.021459	0.656755	0.000231	0.013216	0.000665	0.307023
161	0.000587	0.000000	0.000000	0.021255	0.660470	0.000242	0.013079	0.000675	0.303692
162	0.000551	0.000000	0.000000	0.021311	0.663592	0.000241	0.012828	0.000656	0.300821
163	0.000529	0.000000	0.000000	0.021328	0.666776	0.000218	0.012547	0.000624	0.297978
164	0.000515	0.000000	0.000000	0.021335	0.669905	0.000216	0.012269	0.000589	0.295171
165	0.000479	0.000000	0.000000	0.021130	0.673588	0.000212	0.011954	0.000584	0.292053
166	0.000448	0.000000	0.000000	0.020995	0.676987	0.000194	0.011861	0.000566	0.288949
167	0.000412	0.000000	0.000000	0.020963	0.679708	0.000191	0.011572	0.000527	0.286627
168	0.000394	0.000000	0.000000	0.020849	0.683151	0.000189	0.011293	0.000537	0.283587
169	0.000358	0.000000	0.000000	0.020917	0.685908	0.000212	0.011023	0.000528	0.281054
170	0.000331	0.000000	0.000000	0.020841	0.689133	0.000195	0.010713	0.000472	0.278315
171	0.000315	0.000000	0.000000	0.020831	0.692211	0.000207	0.010514	0.000455	0.275467
172	0.000287	0.000000	0.000000	0.020755	0.694984	0.000195	0.010316	0.000452	0.273011
173	0.000273	0.000000	0.000000	0.020856	0.697759	0.000183	0.010185	0.000447	0.270297
174	0.000269	0.000000	0.000000	0.020726	0.701123	0.000199	0.009955	0.000441	0.267287
175	0.000251	0.000000	0.000000	0.020842	0.704417	0.000196	0.009767	0.000436	0.264091
176	0.000248	0.000000	0.000000	0.020847	0.707286	0.000183	0.009442	0.000414	0.261580
177	0.000225	0.000000	0.000000	0.020836	0.710344	0.000187	0.009288	0.000424	0.258696
178	0.000212	0.000000	0.000000	0.020950	0.713154	0.000207	0.009068	0.000405	0.256004
179	0.000206	0.000000	0.000000	0.021027	0.716397	0.000199	0.008867	0.000377	0.252927
180	0.000194	0.000000	0.000000	0.020923	0.719315	0.000205	0.008668	0.000397	0.250298
181	0.000178	0.000000	0.000000	0.020859	0.722338	0.000210	0.008516	0.000410	0.247489
182	0.000180	0.000000	0.000000	0.020849	0.725264	0.000229	0.008348	0.000403	0.244727
183	0.000175	0.000000	0.000000	0.020692	0.728400	0.000229	0.008209	0.000394	0.241901
184	0.000175	0.000000	0.000000	0.020744	0.731564	0.000222	0.008031	0.000372	0.238892
185	0.000169	0.000000	0.000000	0.020831	0.734342	0.000226	0.007886	0.000358	0.236188
186	0.000149	0.000000	0.000000	0.020743	0.737644	0.000204	0.007702	0.000353	0.233205
187	0.000153	0.000000	0.000000	0.020785	0.740384	0.000205	0.007536	0.000328	0.230609
188	0.000143	0.000000	0.000000	0.020713	0.743529	0.000195	0.007442	0.000325	0.227653
189	0.000137	0.000000	0.000000	0.020624	0.746158	0.000210	0.007248	0.000321	0.225302
190	0.000123	0.000000	0.000000	0.020633	0.749005	0.000187	0.006997	0.000313	0.222742
191	0.000107	0.000000	0.000000	0.020457	0.752094	0.000181	0.006778	0.000321	0.220062
192	0.000094	0.000000	0.000000	0.020377	0.754762	0.000168	0.006516	0.000297	0.217786
193	0.000079	0.000000	0.000000	0.020362	0.757379	0.000182	0.006418	0.000296	0.215284
194	0.000069	0.000000	0.000000	0.020466	0.759842	0.000163	0.006245	0.000288	0.212927
195	0.000073	0.000000	0.000000	0.020479	0.762442	0.000172	0.006074	0.000271	0.210489
196	0.000061	0.000000	0.000000	0.020460	0.765117	0.000157	0.005798	0.000271	0.208136
197	0.000048	0.000000	0.000000	0.020393	0.767569	0.000136	0.005586	0.000269	0.205999
198	0.000056	0.000000	0.000000	0.020452	0.770200	0.000141	0.005393	0.000270	0.203488
199	0.000046	0.000000	0.000000	0.020525	0.772675	0.000146	0.005313	0.000260	0.201035
200	0.000044	0.000000	0.000000	0.020415	0.775405	0.000151	0.005212	0.000271	0.198502
201	0.000044	0.000000	0.000000	0.020598	0.777880	0.000148	0.005053	0.000250	0.196027
202	0.000039	0.000000	0.000000	0.020726	0.780052	0.000147	0.004964	0.000252	0.193820
203	0.000032	0.000000	0.000000	0.020618	0.782734	0.000127	0.004846	0.000256	0.191387
204	0.000033	0.000000	0.000000	0.020669	0.785055	0.000118	0.004736	0.000224	0.189165
205	0.000027	0.000000	0.000000	0.020742	0.787443	0.000119	0.004622	0.000208	0.186839
206	0.000031	0.000000	0.000000	0.020652	0.790067	0.000109	0.004512	0.000187	0.184442
207	0.000028	0.000000	0.000000	0.020662	0.792350	0.000112	0.004459	0.000158	0.182231
208	0.000019	0.000000	0.000000	0.020478	0.794795	0.000109	0.004369	0.000157	0.180073
209	0.000020	0.000000	0.000000	0.020454	0.797330	0.000099	0.004265	0.000150	0.177682
210	0.000016	0.000000	0.000000	0.020402	0.799649	0.000107	0.004187	0.000155	0.175484
211	0.000013	0.000000	0.000000	0.020430	0.801788	0.000108	0.004035	0.000141	0.173485
212	0.000010	0.000000	0.000000	0.020536	0.803883	0.000107	0.003959	0.000153	0.171352
213	0.000008	0.000000	0.000000	0.020560	0.805937	0.000109	0.003763	0.000136	0.169487
214	0.000005	0.000000	0.000000	0.020499	0.808383	0.000116	0.003696	0.000130	0.167171
215	0.000003	0.000000	0.000000	0.020546	0.810638	0.000095	0.003674	0.000130	0.164914
216	0.000002	0.000000	0.000000	0.020612	0.812741	0.000094	0.003536	0.000125	0.162890
217	0.000002	0.000000	0.000000	0.020599	0.815193	0.000101	0.003441	0.000112	0.160552
218	0.000001	0.000000	0.000000	0.020682	0.817502	0.000097	0.003322	0.000114	0.158282
219	0.000000	0.000000	0.000000	0.020608	0.819641	0.000093	0.003181	0.000118	0.156359
220	0.000000	0.000000	0.000000	0.020527	0.821793	0.000085	0.003055	0.000106	0.154434
221	0.000000	0.000000	0.000000	0.020483	0.824173	0.000097	0.002961	0.000105	0.152181
222	0.000000	0.000000	0.000000	0.020600	0.826174	0.000094	0.002883	0.000117	0.150132
223	0.000000	0.000000	0.000000	0.020619	0.828202	0.000094	0.002794	0.000103	0.148188
224	0.000000	0.000000	0.000000	0.020694	0.830503	0.000085	0.002751	0.000085	0.145882
225	0.000000	0.000000	0.000000	0.020738	0.832470	0.000088	0.002672	0.000088	0.143944
226	0.000000	0.000000	0.000000	0.020526	0.834886	0.000096	0.002621	0.000086	0.141785
227	0.000000	0.000000	0.000000	0.020491	0.837077	0.000090	0.002596	0.000076	0.139670
228	0.000000	0.000000	0.000000	0.020611	0.838858	0.000092	0.002557	0.000079	0.137803
229	0.000000	0.000000	0.000000	0.020488	0.840615	0.000098	0.002437	0.000089	0.136273
230	0.000000	0.000000	0.000000	0.020386	0.842769	0.000096	0.002386	0.000082	0.134281
231	0.000000	0.000000	0.000000	0.020323	0.844896	0.000094	0.002345	0.000083	0.132259
232	0.000000	0.000000	0.000000	0.020268	0.846874	0.000098	0.002209	0.000086	0.130465
233	0.000000	0.000000	0.000000	0.020171	0.848809	0.000099	0.002138	0.000082	0.128701
234	0.000000	0.000000	0.000000	0.020146	0.850618	0.000104	0.002010	0.000079	0.127043
235	0.000000	0.000000	0.000000	0.020252	0.852597	0.000085	0.002007	0.000085	0.124974
236	0.000000	0.000000	0.000000	0.020258	0.854485	0.000075	0.001957	0.000075	0.123150
237	0.000000	0.000000	0.000000	0.020223	0.856698	0.000089	0.001872	0.000068	0.121050
238	0.000000	0.000000	0.000000	0.020233	0.858378	0.000087	0.001758	0.000060	0.119484
239	0.000000	0.000000	0.000000	0.020064	0.860222	0.000079	0.001728	0.000054	0.117853
240	0.000000	0.000000	0.000000	0.020207	0.861751	0.000086	0.001692	0.000063	0.116201
241	0.000000	0.000000	0.000000	0.020379	0.863206	0.000070	0.001706	0.000048	0.114591
242	0.000000	0.000000	0.000000	0.020365	0.865124	0.000062	0.001641	0.000034	0.112774
243	0.000000	0.000000	0.000000	0.020435	0.866766	0.000063	0.001604	0.000034	0.111098
244	0.000000	0.000000	0.000000	0.020475	0.868228	0.000066	0.001586	0.000029	0.109616
245	0.000000	0.000000	0.000000	0.020391	0.870102	0.000073	0.001576	0.000033	0.107825
246	0.000000	0.000000	0.000000	0.020519	0.871611	0.000065	0.001514	0.000040	0.106251
247	0.000000	0.000000	0.000000	0.020700	0.872935	0.000072	0.001471	0.000040	0.104782
248	0.000000	0.000000	0.000000	0.020551	0.874638	0.000072	0.001456	0.000037	0.103246
249	0.000000	0.000000	0.000000	0.020513	0.876134	0.000078	0.001445	0.000039	0.101791
250	0.000000	0.000000	0.000000	0.020433	0.877869	0.000077	0.001433	0.000029	0.100159
251	0.000000	0.000000	0.000000	0.020280	0.879545	0.000069	0.001390	0.000022	0.098694
252	0.000000	0.000000	0.000000	0.020169	0.881163	0.000075	0.001360	0.000028	0.097205
253	0.000000	0.000000	0.000000	0.020118	0.882756	0.000080	0.001355	0.000027	0.095664
254	0.000000	0.000000	0.000000	0.020134	0.884109	0.000076	0.001394	0.000027	0.094260
255	0.000000	0.000000	0.000000	0.020179	0.885635	0.000078	0.001302	0.000022	0.092784
256	0.000000	0.000000	0.000000	0.020033	0.887080	0.000079	0.001311	0.000018	0.091479
257	0.000000	0.000000	0.000000	0.020163	0.888443	0.000070	0.001296	0.000015	0.090013
258	0.000000	0.000000	0.000000	0.019924	0.890241	0.000069	0.001252	0.000016	0.088498
259	0.000000	0.000000	0.000000	0.019927	0.891545	0.000070	0.001263	0.000016	0.087179
260	0.000000	0.000000	0.000000	0.019930	0.892862	0.000069	0.001238	0.000011	0.085890
261	0.000000	0.000000	0.000000	0.019946	0.894030	0.000063	0.001202	0.000010	0.084749
262	0.000000	0.000000	0.000000	0.019941	0.895325	0.000055	0.001196	0.000005	0.083478
263	0.000000	0.000000	0.000000	0.020011	0.896750	0.000062	0.001159	0.000005	0.082013
264	0.000000	0.000000	0.000000	0.019892	0.898174	0.000069	0.001148	0.000005	0.080712
265	0.000000	0.000000	0.000000	0.019860	0.899385	0.000072	0.001122	0.000005	0.079556
266	0.000000	0.000000	0.000000	0.020032	0.900860	0.000061	0.001070	0.000005	0.077972
267	0.000000	0.000000	0.000000	0.020004	0.902065	0.000078	0.001072	0.000004	0.076777
268	0.000000	0.000000	0.000000	0.019967	0.903482	0.000068	0.001063	0.000004	0.075416
269	0.000000	0.000000	0.000000	0.019836	0.904613	0.000075	0.001002	0.000004	0.074470
270	0.000000	0.000000	0.000000	0.019858	0.905613	0.000071	0.000941	0.000002	0.073515
271	0.000000	0.000000	0.000000	0.019781	0.906753	0.000063	0.000964	0.000002	0.072437
272	0.000000	0.000000	0.000000	0.019726	0.907937	0.000067	0.000950	0.000004	0.071316
273	0.000000	0.000000	0.000000	0.019775	0.908911	0.000067	0.000939	0.000004	0.070304
274	0.000000	0.000000	0.000000	0.019816	0.910021	0.000075	0.000964	0.000006	0.069118
275	0.000000	0.000000	0.000000	0.019693	0.911061	0.000074	0.000931	0.000003	0.068238
276	0.000000	0.000000	0.000000	0.019908	0.912228	0.000061	0.000920	0.000007	0.066876
277	0.000000	0.000000	0.000000	0.019907	0.913486	0.000071	0.000890	0.000004	0.065642
278	0.000000	0.000000	0.000000	0.019785	0.914603	0.000064	0.000852	0.000004	0.064692
279	0.000000	0.000000	0.000000	0.019817	0.915653	0.000064	0.000820	0.000005	0.063641
280	0.000000	0.000000	0.000000	0.019778	0.916708	0.000052	0.000835	0.000003	0.062624
281	0.000000	0.000000	0.000000	0.019772	0.917720	0.000053	0.000845	0.000001	0.061609
282	0.000000	0.000000	0.000000	0.019837	0.918699	0.000039	0.000801	0.000001	0.060623
283	0.000000	0.000000	0.000000	0.019827	0.919707	0.000035	0.000789	0.000002	0.059640
284	0.000000	0.000000	0.000000	0.019813	0.920453	0.000046	0.000824	0.000002	0.058862
285	0.000000	0.000000	0.000000	0.019742	0.921634	0.000043	0.000799	0.000002	0.057780
286	0.000000	0.000000	0.000000	0.019798	0.922508	0.000034	0.000800	0.000002	0.056858
287	0.000000	0.000000	0.000000	0.019801	0.923502	0.000036	0.000766	0.000003	0.055892
288	0.000000	0.000000	0.000000	0.019838	0.924619	0.000032	0.000708	0.000001	0.054802
289	0.000000	0.000000	0.000000	0.019944	0.925440	0.000038	0.000682	0.000000	0.053896
290	0.000000	0.000000	0.000000	0.019971	0.926244	0.000041	0.000656	0.000000	0.053088
291	0.000000	0.000000	0.000000	0.020033	0.927122	0.000030	0.000659	0.000000	0.052156
292	0.000000	0.000000	0.000000	0.019840	0.928359	0.000028	0.000661	0.000000	0.051112
293	0.000000	0.000000	0.000000	0.019795	0.929367	0.000022	0.000609	0.000000	0.050207
294	0.000000	0.000000	0.000000	0.019736	0.930212	0.000029	0.000617	0.000000	0.049406
295	0.000000	0.000000	0.000000	0.019593	0.931245	0.000032	0.000589	0.000000	0.048541
296	0.000000	0.000000	0.000000	0.019742	0.932017	0.000031	0.000572	0.000000	0.047638
297	0.000000	0.000000	0.000000	0.019764	0.932927	0.000040	0.000566	0.000000	0.046703
298	0.000000	0.000000	0.000000	0.019833	0.933755	0.000033	0.000560	0.000000	0.045819
299	0.000000	0.000000	0.000000	0.019727	0.934635	0.000025	0.000559	0.000000	0.045054
300	0.000000	0.000000	0.000000	0.019706	0.935439	0.000022	0.000530	0.000000	0.044303
301	0.000000	0.000000	0.000000	0.019767	0.936074	0.000024	0.000501	0.000000	0.043634
302	0.000000	0.000000	0.000000	0.019746	0.936766	0.000023	0.000506	0.000000	0.042959
303	0.000000	0.000000	0.000000	0.019732	0.937621	0.000016	0.000512	0.000000	0.042119
304	0.000000	0.000000	0.000000	0.019627	0.938452	0.000011	0.000471	0.000000	0.041439
305	0.000000	0.000000	0.000000	0.019681	0.939129	0.000014	0.000459	0.000000	0.040717
306	0.000000	0.000000	0.000000	0.019768	0.939879	0.000008	0.000444	0.000000	0.039901
307	0.000000	0.000000	0.000000	0.019793	0.940598	0.000010	0.000446	0.000000	0.039153
308	0.000000	0.000000	0.000000	0.019707	0.941439	0.000011	0.000413	0.000000	0.038430
309	0.000000	0.000000	0.000000	0.019622	0.942274	0.000011	0.000389	0.000000	0.037704
310	0.000000	0.000000	0.000000	0.019701	0.942970	0.000006	0.000402	0.000000	0.036921
311	0.000000	0.000000	0.000000	0.019665	0.943742	0.000005	0.000369	0.000000	0.036219
312	0.000000	0.000000	0.000000	0.019716	0.944309	0.000005	0.000377	0.000000	0.035593
313	0.000000	0.000000	0.000000	0.019734	0.945025	0.000003	0.000368	0.000000	0.034870
314	0.000000	0.000000	0.000000	0.019853	0.945642	0.000002	0.000360	0.000000	0.034143
315	0.000000	0.000000	0.000000	0.019853	0.946151	0.000001	0.000348	0.000000	0.033647
316	0.000000	0.000000	0.000000	0.019856	0.946739	0.000002	0.000344	0.000000	0.033059
317	0.000000	0.000000	0.000000	0.019810	0.947323	0.000003	0.000341	0.000000	0.032523
318	0.000000	0.000000	0.000000	0.019904	0.947852	0.000004	0.000322	0.000000	0.031918
319	0.000000	0.000000	0.000000	0.019937	0.948512	0.000001	0.000320	0.000000	0.031230
320	0.000000	0.000000	0.000000	0.019735	0.949391	0.000001	0.000298	0.000000	0.030575
321	0.000000	0.000000	0.000000	0.019837	0.949834	0.000002	0.000294	0.000000	0.030033
322	0.000000	0.000000	0.000000	0.019885	0.950363	0.000003	0.000265	0.000000	0.029484
323	0.000000	0.000000	0.000000	0.019750	0.951111	0.000003	0.000286	0.000000	0.028850
324	0.000000	0.000000	0.000000	0.019706	0.951696	0.000004	0.000286	0.000000	0.028308
325	0.000000	0.000000	0.000000	0.019615	0.952436	0.000005	0.000283	0.000000	0.027661
326	0.000000	0.000000	0.000000	0.019822	0.952764	0.000008	0.000271	0.000000	0.027135
327	0.000000	0.000000	0.000000	0.019849	0.953419	0.000011	0.000274	0.000000	0.026447
328	0.000000	0.000000	0.000000	0.019841	0.954046	0.000011	0.000269	0.000000	0.025833
329	0.000000	0.000000	0.000000	0.019955	0.954506	0.000009	0.000263	0.000000	0.025267
330	0.000000	0.000000	0.000000	0.019803	0.955174	0.000009	0.000261	0.000000	0.024753
331	0.000000	0.000000	0.000000	0.019849	0.955626	0.000014	0.000236	0.000000	0.024275
332	0.000000	0.000000	0.000000	0.019846	0.956090	0.000013	0.000210	0.000000	0.023841
333	0.000000	0.000000	0.000000	0.019915	0.956458	0.000013	0.000231	0.000000	0.023383
334	0.000000	0.000000	0.000000	0.019888	0.956872	0.000012	0.000225	0.000000	0.023003
335	0.000000	0.000000	0.000000	0.020055	0.957163	0.000015	0.000213	0.000000	0.022554
336	0.000000	0.000000	0.000000	0.020087	0.957506	0.000013	0.000213	0.000000	0.022181
337	0.000000	0.000000	0.000000	0.020133	0.957896	0.000014	0.000201	0.000000	0.021756
338	0.000000	0.000000	0.000000	0.020026	0.958563	0.000012	0.000198	0.000000	0.021201
339	0.000000	0.000000	0.000000	0.020065	0.958902	0.000010	0.000191	0.000000	0.020832
340	0.000000	0.000000	0.000000	0.020027	0.959509	0.000009	0.000190	0.000000	0.020265
341	0.000000	0.000000	0.000000	0.020060	0.959891	0.000010	0.000186	0.000000	0.019853
342	0.000000	0.000000	0.000000	0.019961	0.960393	0.000009	0.000189	0.000000	0.019448
343	0.000000	0.000000	0.000000	0.019966	0.960784	0.000014	0.000171	0.000000	0.019065
344	0.000000	0.000000	0.000000	0.019897	0.961284	0.000011	0.000175	0.000000	0.018633
345	0.000000	0.000000	0.000000	0.019943	0.961582	0.000010	0.000153	0.000000	0.018312
346	0.000000	0.000000	0.000000	0.020040	0.961887	0.000009	0.000161	0.000000	0.017903
347	0.000000	0.000000	0.000000	0.020094	0.962206	0.000008	0.000151	0.000000	0.017541
348	0.000000	0.000000	0.000000	0.020216	0.962457	0.000007	0.000139	0.000000	0.017181
349	0.000000	0.000000	0.000000	0.020200	0.962753	0.000008	0.000137	0.000000	0.016902
350	0.000000	0.000000	0.000000	0.020286	0.963004	0.000006	0.000146	0.000000	0.016558
351	0.000000	0.000000	0.000000	0.020355	0.963268	0.000008	0.000152	0.000000	0.016217
352	0.000000	0.000000	0.000000	0.020344	0.963508	0.000009	0.000153	0.000000	0.015986
353	0.000000	0.000000	0.000000	0.020373	0.963726	0.000014	0.000154	0.000000	0.015733
354	0.000000	0.000000	0.000000	0.020340	0.964110	0.000015	0.000157	0.000000	0.015378
355	0.000000	0.000000	0.000000	0.020316	0.964534	0.000012	0.000151	0.000000	0.014987
356	0.000000	0.000000	0.000000	0.020237	0.964805	0.000017	0.000148	0.000000	0.014793
357	0.000000	0.000000	0.000000	0.020156	0.965252	0.000014	0.000152	0.000000	0.014426
358	0.000000	0.000000	0.000000	0.020186	0.965544	0.000013	0.000160	0.000000	0.014097
359	0.000000	0.000000	0.000000	0.020148	0.965858	0.000013	0.000150	0.000000	0.013831
360	0.000000	0.000000	0.000000	0.020115	0.966136	0.000018	0.000139	0.000000	0.013592
361	0.000000	0.000000	0.000000	0.020006	0.966421	0.000020	0.000137	0.000000	0.013416
362	0.000000	0.000000	0.000000	0.020085	0.966641	0.000017	0.000136	0.000000	0.013121
363	0.000000	0.000000	0.000000	0.020002	0.966957	0.000015	0.000135	0.000000	0.012891
364	0.000000	0.000000	0.000000	0.019939	0.967337	0.000012	0.000136	0.000000	0.012576
365	0.000000	0.000000	0.000000	0.019824	0.967631	0.000011	0.000128	0.000000	0.012406
366	0.000000	0.000000	0.000000	0.019790	0.967967	0.000013	0.000129	0.000000	0.012101
367	0.000000	0.000000	0.000000	0.019870	0.968104	0.000009	0.000114	0.000000	0.011903
368	0.000000	0.000000	0.000000	0.020006	0.968132	0.000014	0.000119	0.000000	0.011729
369	0.000000	0.000000	0.000000	0.019824	0.968489	0.000010	0.000138	0.000000	0.011539
370	0.000000	0.000000	0.000000	0.019740	0.968801	0.000011	0.000124	0.000000	0.011324
371	0.000000	0.000000	0.000000	0.019777	0.968917	0.000011	0.000134	0.000000	0.011161
372	0.000000	0.000000	0.000000	0.019659	0.969200	0.000013	0.000129	0.000000	0.010999
373	0.000000	0.000000	0.000000	0.019615	0.969439	0.000011	0.000128	0.000000	0.010807
374	0.000000	0.000000	0.000000	0.019568	0.969664	0.000015	0.000119	0.000000	0.010634
375	0.000000	0.000000	0.000000	0.019578	0.969899	0.000011	0.000117	0.000000	0.010395
376	0.000000	0.000000	0.000000	0.019654	0.970049	0.000013	0.000117	0.000000	0.010167
377	0.000000	0.000000	0.000000	0.019860	0.969998	0.000009	0.000120	0.000000	0.010013
378	0.000000	0.000000	0.000000	0.019921	0.970106	0.000011	0.000115	0.000000	0.009847
379	0.000000	0.000000	0.000000	0.019902	0.970327	0.000014	0.000108	0.000000	0.009649
380	0.000000	0.000000	0.000000	0.019989	0.970456	0.000014	0.000114	0.000000	0.009427
381	0.000000	0.000000	0.000000	0.019978	0.970783	0.000011	0.000112	0.000000	0.009116
382	0.000000	0.000000	0.000000	0.020038	0.970882	0.000013	0.000120	0.000000	0.008947
383	0.000000	0.000000	0.000000	0.020076	0.971116	0.000013	0.000124	0.000000	0.008671
384	0.000000	0.000000	0.000000	0.019988	0.971361	0.000013	0.000134	0.000000	0.008504
385	0.000000	0.000000	0.000000	0.020056	0.971369	0.000018	0.000125	0.000000	0.008432
386	0.000000	0.000000	0.000000	0.020000	0.971583	0.000021	0.000118	0.000000	0.008278
387	0.000000	0.000000	0.000000	0.020058	0.971696	0.000015	0.000105	0.000000	0.008126
388	0.000000	0.000000	0.000000	0.020116	0.971791	0.000016	0.000100	0.000000	0.007977
389	0.000000	0.000000	0.000000	0.020104	0.971941	0.000016	0.000105	0.000000	0.007834
390	0.000000	0.000000	0.000000	0.020136	0.972066	0.000013	0.000089	0.000000	0.007696
391	0.000000	0.000000	0.000000	0.020075	0.972283	0.000016	0.000095	0.000000	0.007531
392	0.000000	0.000000	0.000000	0.020070	0.972435	0.000015	0.000099	0.000000	0.007381
393	0.000000	0.000000	0.000000	0.020007	0.972581	0.000012	0.000101	0.000000	0.007299
394	0.000000	0.000000	0.000000	0.020152	0.972544	0.000012	0.000091	0.000000	0.007201
395	0.000000	0.000000	0.000000	0.020129	0.972700	0.000011	0.000094	0.000000	0.007066
396	0.000000	0.000000	0.000000	0.020042	0.972939	0.000016	0.000089	0.000000	0.006914
397	0.000000	0.000000	0.000000	0.020096	0.972971	0.000009	0.000084	0.000000	0.006840
398	0.000000	0.000000	0.000000	0.020088	0.973070	0.000006	0.000084	0.000000	0.006752
399	0.000000	0.000000	0.000000	0.020087	0.973158	0.000013	0.000084	0.000000	0.006658
400	0.000000	0.000000	0.000000	0.020059	0.973344	0.000009	0.000086	0.000000	0.006502
401	0.000000	0.000000	0.000000	0.020113	0.973374	0.000005	0.000099	0.000000	0.006409
402	0.000000	0.000000	0.000000	0.020100	0.973453	0.000005	0.000100	0.000000	0.006342
403	0.000000	0.000000	0.000000	0.020091	0.973554	0.000008	0.000090	0.000000	0.006257
404	0.000000	0.000000	0.000000	0.020132	0.973570	0.000008	0.000078	0.000000	0.006212
405	0.000000	0.000000	0.000000	0.020060	0.973717	0.000005	0.000083	0.000000	0.006135
406	0.000000	0.000000	0.000000	0.020168	0.973749	0.000009	0.000070	0.000000	0.006004
407	0.000000	0.000000	0.000000	0.020376	0.973586	0.000010	0.000072	0.000000	0.005956
408	0.000000	0.000000	0.000000	0.020290	0.973760	0.000005	0.000060	0.000000	0.005885
409	0.000000	0.000000	0.000000	0.020411	0.973759	0.000002	0.000055	0.000000	0.005773
410	0.000000	0.000000	0.000000	0.020449	0.973832	0.000005	0.000045	0.000000	0.005669
411	0.000000	0.000000	0.000000	0.020350	0.974014	0.000005	0.000038	0.000000	0.005593
412	0.000000	0.000000	0.000000	0.020246	0.974184	0.000005	0.000040	0.000000	0.005525
413	0.000000	0.000000	0.000000	0.020095	0.974514	0.000002	0.000039	0.000000	0.005350
414	0.000000	0.000000	0.000000	0.020085	0.974578	0.000006	0.000034	0.000000	0.005297
415	0.000000	0.000000	0.000000	0.020044	0.974693	0.000004	0.000035	0.000000	0.005224
416	0.000000	0.000000	0.000000	0.019986	0.974848	0.000001	0.000039	0.000000	0.005126
417	0.000000	0.000000	0.000000	0.019858	0.975039	0.000002	0.000035	0.000000	0.005066
418	0.000000	0.000000	0.000000	0.019856	0.975175	0.000001	0.000036	0.000000	0.004932
419	0.000000	0.000000	0.000000	0.019873	0.975213	0.000001	0.000035	0.000000	0.004878
420	0.000000	0.000000	0.000000	0.019777	0.975430	0.000000	0.000044	0.000000	0.004749
421	0.000000	0.000000	0.000000	0.019973	0.975320	0.000000	0.000038	0.000000	0.004669
422	0.000000	0.000000	0.000000	0.020003	0.975408	0.000001	0.000038	0.000000	0.004550
423	0.000000	0.000000	0.000000	0.020021	0.975482	0.000001	0.000036	0.000000	0.004460
424	0.000000	0.000000	0.000000	0.020106	0.975478	0.000002	0.000039	0.000000	0.004375
425	0.000000	0.000000	0.000000	0.020096	0.975565	0.000001	0.000041	0.000000	0.004297
426	0.000000	0.000000	0.000000	0.020110	0.975641	0.000001	0.000044	0.000000	0.004204
427	0.000000	0.000000	0.000000	0.020018	0.975813	0.000003	0.000053	0.000000	0.004113
428	0.000000	0.000000	0.000000	0.020000	0.975849	0.000003	0.000055	0.000000	0.004093
429	0.000000	0.000000	0.000000	0.019923	0.975989	0.000001	0.000057	0.000000	0.004030
430	0.000000	0.000000	0.000000	0.020038	0.975947	0.000002	0.000057	0.000000	0.003956
431	0.000000	0.000000	0.000000	0.020034	0.976043	0.000001	0.000048	0.000000	0.003874
432	0.000000	0.000000	0.000000	0.019910	0.976263	0.000002	0.000048	0.000000	0.003777
433	0.000000	0.000000	0.000000	0.019876	0.976413	0.000001	0.000038	0.000000	0.003672
434	0.000000	0.000000	0.000000	0.019802	0.976551	0.000001	0.000041	0.000000	0.003605
435	0.000000	0.000000	0.000000	0.019899	0.976488	0.000000	0.000038	0.000000	0.003575
436	0.000000	0.000000	0.000000	0.019980	0.976486	0.000000	0.000042	0.000000	0.003492
437	0.000000	0.000000	0.000000	0.019942	0.976572	0.000000	0.000036	0.000000	0.003450
438	0.000000	0.000000	0.000000	0.020078	0.976491	0.000000	0.000043	0.000000	0.003388
439	0.000000	0.000000	0.000000	0.020090	0.976512	0.000000	0.000043	0.000000	0.003355
440	0.000000	0.000000	0.000000	0.020188	0.976522	0.000000	0.000038	0.000000	0.003252
441	0.000000	0.000000	0.000000	0.020216	0.976557	0.000000	0.000037	0.000000	0.003190
442	0.000000	0.000000	0.000000	0.020105	0.976700	0.000000	0.000029	0.000000	0.003166
443	0.000000	0.000000	0.000000	0.020100	0.976780	0.000000	0.000030	0.000000	0.003090
444	0.000000	0.000000	0.000000	0.020183	0.976767	0.000000	0.000028	0.000000	0.003022
445	0.000000	0.000000	0.000000	0.020194	0.976782	0.000000	0.000023	0.000000	0.003001
446	0.000000	0.000000	0.000000	0.020082	0.976943	0.000000	0.000026	0.000000	0.002949
447	0.000000	0.000000	0.000000	0.020114	0.976976	0.000000	0.000024	0.000000	0.002886
448	0.000000	0.000000	0.000000	0.020198	0.976931	0.000000	0.000018	0.000000	0.002853
449	0.000000	0.000000	0.000000	0.020137	0.977058	0.000000	0.000017	0.000000	0.002788
450	0.000000	0.000000	0.000000	0.020147	0.977091	0.000000	0.000018	0.000000	0.002744
451	0.000000	0.000000	0.000000	0.020220	0.977058	0.000000	0.000017	0.000000	0.002705
452	0.000000	0.000000	0.000000	0.020268	0.977014	0.000000	0.000016	0.000000	0.002702
453	0.000000	0.000000	0.000000	0.020378	0.976972	0.000000	0.000018	0.000000	0.002632
454	0.000000	0.000000	0.000000	0.020224	0.977170	0.000000	0.000019	0.000000	0.002587
455	0.000000	0.000000	0.000000	0.020093	0.977381	0.000000	0.000021	0.000000	0.002505
456	0.000000	0.000000	0.000000	0.020136	0.977376	0.000000	0.000020	0.000000	0.002468
457	0.000000	0.000000	0.000000	0.020033	0.977494	0.000000	0.000015	0.000000	0.002458
458	0.000000	0.000000	0.000000	0.019971	0.977601	0.000000	0.000014	0.000000	0.002414
459	0.000000	0.000000	0.000000	0.020123	0.977469	0.000000	0.000011	0.000000	0.002397
460	0.000000	0.000000	0.000000	0.020121	0.977513	0.000000	0.000010	0.000000	0.002356
461	0.000000	0.000000	0.000000	0.020068	0.977573	0.000000	0.000014	0.000000	0.002345
462	0.000000	0.000000	0.000000	0.020102	0.977589	0.000000	0.000010	0.000000	0.002299
463	0.000000	0.000000	0.000000	0.019936	0.977792	0.000000	0.000011	0.000000	0.002261
464	0.000000	0.000000	0.000000	0.019958	0.977814	0.000000	0.000012	0.000000	0.002216
465	0.000000	0.000000	0.000000	0.019852	0.977937	0.000000	0.000013	0.000000	0.002198
466	0.000000	0.000000	0.000000	0.019928	0.977903	0.000000	0.000010	0.000000	0.002159
467	0.000000	0.000000	0.000000	0.019952	0.977939	0.000000	0.000013	0.000000	0.002096
468	0.000000	0.000000	0.000000	0.020214	0.977751	0.000000	0.000011	0.000000	0.002024
469	0.000000	0.000000	0.000000	0.020341	0.977622	0.000000	0.000008	0.000000	0.002029
470	0.000000	0.000000	0.000000	0.020385	0.977633	0.000000	0.000008	0.000000	0.001974
