0	0.290663	0.057897	0.229473	0.157588	0.029913	0.111872	0.085455	0.012259	0.024880
1	0.220170	0.046005	0.191276	0.148753	0.030231	0.126338	0.121058	0.023534	0.092635
2	0.210279	0.043239	0.182310	0.149923	0.032435	0.128407	0.124741	0.024055	0.104611
3	0.205461	0.041264	0.175977	0.152520	0.035183	0.129142	0.124786	0.023766	0.111901
4	0.202747	0.039638	0.170366	0.155120	0.037864	0.129007	0.124019	0.022805	0.118434
5	0.200845	0.037827	0.164755	0.158125	0.040787	0.128053	0.122720	0.021938	0.124950
6	0.199892	0.036234	0.159268	0.160860	0.043967	0.125823	0.121578	0.021352	0.131026
7	0.198401	0.034766	0.153278	0.163691	0.047563	0.124376	0.120906	0.020614	0.136405
8	0.197107	0.033073	0.147576	0.166207	0.051386	0.123055	0.119206	0.019677	0.142713
9	0.195756	0.031430	0.142893	0.168162	0.054994	0.121664	0.117526	0.018812	0.148763
10	0.194169	0.029891	0.137976	0.170632	0.058946	0.119669	0.115930	0.017931	0.154856
11	0.192416	0.028500	0.133056	0.172942	0.062971	0.117508	0.114265	0.017092	0.161250
12	0.191205	0.026932	0.128253	0.175293	0.067317	0.115907	0.112125	0.016240	0.166728
13	0.189887	0.025477	0.123560	0.177749	0.071498	0.113175	0.110423	0.015373	0.172858
14	0.188303	0.024038	0.119263	0.179112	0.076188	0.111000	0.108472	0.014817	0.178807
15	0.187175	0.022916	0.115099	0.180594	0.080782	0.108349	0.106548	0.013989	0.184548
16	0.185766	0.021623	0.109979	0.182666	0.085584	0.106251	0.105016	0.013230	0.189885
17	0.184787	0.020513	0.105574	0.184053	0.090369	0.103487	0.103077	0.012621	0.195519
18	0.183525	0.019280	0.101269	0.185996	0.095647	0.100812	0.100628	0.011875	0.200968
19	0.181580	0.018051	0.097474	0.187940	0.100861	0.098287	0.098345	0.011353	0.206109
20	0.179879	0.017182	0.093270	0.189217	0.106286	0.095454	0.096588	0.010776	0.211348
21	0.178032	0.016392	0.089505	0.190668	0.112006	0.092732	0.094416	0.010376	0.215873
22	0.176202	0.015568	0.085712	0.192484	0.117838	0.090275	0.091973	0.009820	0.220128
23	0.174838	0.014676	0.081388	0.194095	0.123175	0.087791	0.089519	0.009260	0.225258
24	0.172926	0.013986	0.078178	0.195369	0.128792	0.085018	0.087220	0.008852	0.229659
25	0.170727	0.012993	0.074565	0.196673	0.135029	0.082626	0.085064	0.008375	0.233948
26	0.168665	0.012120	0.071390	0.197589	0.141182	0.080543	0.082633	0.007940	0.237938
27	0.167285	0.011276	0.067902	0.198885	0.147378	0.077950	0.080584	0.007432	0.241308
28	0.165400	0.010523	0.064974	0.199820	0.153890	0.075452	0.078277	0.006997	0.244667
29	0.163498	0.009808	0.061248	0.201015	0.160282	0.073166	0.075852	0.006754	0.248377
30	0.161526	0.009111	0.058504	0.201771	0.166568	0.070806	0.073787	0.006482	0.251445
31	0.159422	0.008494	0.055442	0.202129	0.173604	0.068669	0.071616	0.006022	0.254602
32	0.157043	0.008010	0.052842	0.203191	0.180174	0.066248	0.069305	0.005654	0.257533
33	0.155054	0.007467	0.050180	0.204055	0.187250	0.064070	0.067281	0.005208	0.259435
34	0.152271	0.007019	0.047733	0.204444	0.194320	0.062275	0.065329	0.004960	0.261649
35	0.149388	0.006570	0.045234	0.205601	0.201442	0.060848	0.062905	0.004573	0.263439
36	0.146727	0.006104	0.042895	0.206231	0.208513	0.058677	0.060895	0.004357	0.265601
37	0.144165	0.005591	0.040458	0.206484	0.216094	0.057006	0.059092	0.004138	0.266972
38	0.141939	0.005216	0.038125	0.207378	0.222892	0.055648	0.056958	0.003958	0.267886
39	0.139368	0.004820	0.036082	0.207742	0.230204	0.053705	0.054926	0.003603	0.269550
40	0.136443	0.004468	0.034109	0.207940	0.237452	0.052208	0.053028	0.003360	0.270992
41	0.133663	0.004190	0.032312	0.208444	0.245374	0.050878	0.051039	0.003114	0.270986
42	0.131012	0.003909	0.030568	0.208344	0.252947	0.049293	0.049471	0.002948	0.271508
43	0.128465	0.003603	0.028681	0.209005	0.260999	0.047896	0.047503	0.002698	0.271150
44	0.125898	0.003395	0.027038	0.209550	0.269210	0.046340	0.045699	0.002494	0.270376
45	0.122947	0.003122	0.025446	0.210516	0.277223	0.045115	0.043791	0.002328	0.269512
46	0.120140	0.002977	0.023780	0.211679	0.285038	0.043473	0.042008	0.002124	0.268781
47	0.117896	0.002735	0.022368	0.211901	0.292508	0.042014	0.040225	0.002014	0.268339
48	0.115133	0.002511	0.020918	0.212087	0.300323	0.041089	0.038688	0.001971	0.267280
49	0.112631	0.002257	0.019843	0.212689	0.308485	0.039915	0.036704	0.001814	0.265662
50	0.109692	0.002102	0.018684	0.213230	0.316625	0.038785	0.035103	0.001698	0.264081
51	0.106914	0.001932	0.017581	0.213601	0.324683	0.037834	0.033771	0.001590	0.262094
52	0.104257	0.001729	0.016454	0.214024	0.333017	0.036609	0.032313	0.001469	0.260128
53	0.101553	0.001587	0.015412	0.215171	0.340426	0.035817	0.030678	0.001424	0.257932
54	0.098717	0.001483	0.014541	0.215991	0.348382	0.034794	0.029599	0.001277	0.255216
55	0.095921	0.001314	0.013461	0.216989	0.356017	0.034260	0.028083	0.001225	0.252730
56	0.093240	0.001196	0.012464	0.217482	0.363882	0.033367	0.026820	0.001132	0.250417
57	0.090553	0.001126	0.011637	0.218214	0.372322	0.032377	0.025536	0.001050	0.247185
58	0.087980	0.001087	0.010839	0.218352	0.380288	0.031544	0.024407	0.000956	0.244547
59	0.084950	0.001016	0.010189	0.218633	0.389094	0.031026	0.023140	0.000828	0.241124
60	0.082268	0.000955	0.009468	0.219406	0.397072	0.030364	0.021946	0.000776	0.237745
61	0.079941	0.000857	0.008833	0.219757	0.404981	0.029851	0.020742	0.000712	0.234326
62	0.077258	0.000796	0.008279	0.220017	0.413236	0.028950	0.019938	0.000665	0.230861
63	0.074471	0.000761	0.007677	0.220191	0.421163	0.028612	0.018785	0.000633	0.227707
64	0.072083	0.000712	0.007195	0.221149	0.429138	0.027966	0.017792	0.000555	0.223410
65	0.069664	0.000644	0.006787	0.221430	0.437150	0.027180	0.016732	0.000525	0.219888
66	0.067335	0.000599	0.006248	0.221807	0.445314	0.026608	0.015948	0.000495	0.215646
67	0.064901	0.000555	0.005694	0.222643	0.452637	0.026085	0.015290	0.000468	0.211727
68	0.062731	0.000516	0.005378	0.223468	0.459989	0.025736	0.014381	0.000455	0.207346
69	0.060394	0.000473	0.005038	0.223896	0.467314	0.025250	0.013565	0.000415	0.203655
70	0.058194	0.000479	0.004667	0.224396	0.474728	0.024802	0.013138	0.000381	0.199215
71	0.055994	0.000439	0.004308	0.225338	0.482142	0.024378	0.012294	0.000339	0.194768
72	0.053584	0.000399	0.003989	0.225893	0.489521	0.024381	0.011718	0.000285	0.190230
73	0.051445	0.000367	0.003747	0.226788	0.495966	0.024016	0.011098	0.000263	0.186310
74	0.049620	0.000328	0.003484	0.227742	0.502914	0.023598	0.010365	0.000239	0.181710
75	0.047632	0.000321	0.003254	0.227974	0.509908	0.023373	0.009769	0.000219	0.177550
76	0.045820	0.000266	0.003002	0.228327	0.516709	0.023096	0.009255	0.000201	0.173324
77	0.044024	0.000219	0.002706	0.229128	0.523385	0.022674	0.008847	0.000164	0.168853
78	0.042119	0.000207	0.002520	0.229902	0.529611	0.022367	0.008296	0.000136	0.164842
79	0.040331	0.000175	0.002346	0.230345	0.536074	0.022383	0.007797	0.000145	0.160404
80	0.038699	0.000154	0.002089	0.230543	0.542643	0.022127	0.007321	0.000126	0.156298
81	0.036827	0.000157	0.001956	0.231253	0.549171	0.021763	0.006882	0.000107	0.151884
82	0.035207	0.000155	0.001749	0.231874	0.555192	0.021537	0.006506	0.000099	0.147681
83	0.033660	0.000129	0.001570	0.232802	0.560963	0.021156	0.006158	0.000100	0.143462
84	0.032064	0.000115	0.001443	0.233560	0.566341	0.021132	0.005760	0.000085	0.139500
85	0.030648	0.000110	0.001374	0.233960	0.571634	0.020941	0.005294	0.000080	0.135959
86	0.029284	0.000104	0.001289	0.234990	0.576385	0.020800	0.005034	0.000079	0.132035
87	0.027987	0.000093	0.001184	0.234845	0.582801	0.020515	0.004724	0.000066	0.127785
88	0.026813	0.000089	0.001082	0.234649	0.588720	0.020322	0.004480	0.000063	0.123782
89	0.025705	0.000089	0.000984	0.235067	0.593695	0.020260	0.004274	0.000057	0.119869
90	0.024580	0.000075	0.000938	0.235680	0.598521	0.020152	0.003968	0.000047	0.116039
91	0.023237	0.000064	0.000869	0.236369	0.603808	0.019805	0.003659	0.000041	0.112148
92	0.022062	0.000058	0.000818	0.236557	0.608620	0.019542	0.003514	0.000044	0.108785
93	0.021015	0.000057	0.000773	0.237297	0.613188	0.019501	0.003270	0.000034	0.104865
94	0.020031	0.000048	0.000708	0.237781	0.617580	0.019362	0.003013	0.000025	0.101452
95	0.019022	0.000041	0.000667	0.238413	0.622203	0.019120	0.002867	0.000026	0.097641
96	0.018209	0.000041	0.000605	0.238243	0.627022	0.019007	0.002597	0.000023	0.094253
97	0.017295	0.000036	0.000588	0.238382	0.631708	0.018765	0.002474	0.000017	0.090735
98	0.016222	0.000037	0.000552	0.239100	0.635637	0.018774	0.002317	0.000012	0.087349
99	0.015462	0.000034	0.000559	0.239541	0.639452	0.018650	0.002050	0.000008	0.084244
100	0.014668	0.000022	0.000527	0.239550	0.643770	0.018597	0.001917	0.000009	0.080940
101	0.013959	0.000020	0.000492	0.239899	0.647787	0.018484	0.001758	0.000012	0.077589
102	0.013174	0.000022	0.000488	0.240521	0.651455	0.018388	0.001602	0.000011	0.074339
103	0.012517	0.000016	0.000455	0.240386	0.655457	0.018361	0.001525	0.000005	0.071278
104	0.011813	0.000016	0.000431	0.240415	0.659057	0.018243	0.001405	0.000004	0.068616
105	0.011129	0.000010	0.000373	0.240966	0.662401	0.018333	0.001307	0.000004	0.065477
106	0.010344	0.000008	0.000336	0.241574	0.665664	0.017909	0.001212	0.000002	0.062951
107	0.009794	0.000004	0.000344	0.242303	0.668226	0.018001	0.001139	0.000004	0.060185
108	0.009419	0.000006	0.000319	0.242838	0.670657	0.017878	0.001112	0.000004	0.057767
109	0.008851	0.000007	0.000301	0.242977	0.673568	0.017960	0.001065	0.000001	0.055270
110	0.008397	0.000010	0.000293	0.243624	0.676276	0.017782	0.000973	0.000003	0.052642
111	0.008001	0.000008	0.000287	0.244160	0.678576	0.017794	0.000915	0.000004	0.050255
112	0.007595	0.000008	0.000257	0.244461	0.681122	0.017679	0.000856	0.000006	0.048016
113	0.007144	0.000008	0.000255	0.244461	0.683833	0.017519	0.000793	0.000004	0.045983
114	0.006782	0.000009	0.000235	0.244291	0.686512	0.017447	0.000685	0.000003	0.044036
115	0.006443	0.000006	0.000222	0.244316	0.688877	0.017473	0.000613	0.000007	0.042043
116	0.006031	0.000005	0.000214	0.245181	0.690700	0.017195	0.000605	0.000004	0.040065
117	0.005692	0.000004	0.000202	0.245474	0.692665	0.017243	0.000550	0.000004	0.038166
118	0.005352	0.000007	0.000174	0.245532	0.694546	0.017305	0.000527	0.000002	0.036555
119	0.005100	0.000006	0.000169	0.245861	0.696251	0.017294	0.000511	0.000001	0.034807
120	0.004783	0.000008	0.000176	0.245673	0.698661	0.017167	0.000463	0.000001	0.033068
121	0.004615	0.000008	0.000166	0.245495	0.700512	0.017307	0.000446	0.000002	0.031449
122	0.004330	0.000009	0.000144	0.245692	0.702190	0.017310	0.000422	0.000002	0.029901
123	0.004100	0.000007	0.000132	0.245821	0.703882	0.017248	0.000381	0.000000	0.028429
124	0.003861	0.000007	0.000117	0.245332	0.706115	0.017399	0.000352	0.000000	0.026817
125	0.003565	0.000007	0.000119	0.245251	0.708184	0.017224	0.000332	0.000000	0.025318
126	0.003413	0.000006	0.000105	0.245581	0.709374	0.017201	0.000319	0.000000	0.024001
127	0.003269	0.000006	0.000093	0.245677	0.710433	0.017351	0.000288	0.000000	0.022883
128	0.003047	0.000007	0.000090	0.246290	0.711367	0.017169	0.000255	0.000000	0.021775
129	0.002836	0.000006	0.000078	0.247046	0.712012	0.017150	0.000228	0.000000	0.020644
130	0.002734	0.000006	0.000075	0.246910	0.713492	0.017100	0.000211	0.000000	0.019472
131	0.002614	0.000004	0.000073	0.246654	0.715051	0.016970	0.000184	0.000000	0.018450
132	0.002496	0.000004	0.000076	0.247241	0.715681	0.016812	0.000173	0.000000	0.017517
133	0.002353	0.000004	0.000052	0.247331	0.716940	0.016616	0.000145	0.000000	0.016559
134	0.002186	0.000004	0.000057	0.247357	0.718034	0.016610	0.000134	0.000000	0.015618
135	0.002092	0.000005	0.000052	0.247438	0.719038	0.016526	0.000109	0.000000	0.014740
136	0.001949	0.000001	0.000045	0.247064	0.720292	0.016557	0.000101	0.000000	0.013991
137	0.001855	0.000001	0.000049	0.247834	0.720458	0.016524	0.000082	0.000000	0.013197
138	0.001716	0.000002	0.000049	0.247965	0.721092	0.016595	0.000086	0.000000	0.012495
139	0.001655	0.000002	0.000040	0.247740	0.722196	0.016512	0.000066	0.000000	0.011789
140	0.001571	0.000004	0.000040	0.247843	0.723012	0.016393	0.000057	0.000000	0.011080
141	0.001477	0.000002	0.000034	0.247629	0.723918	0.016363	0.000051	0.000000	0.010526
142	0.001377	0.000003	0.000031	0.247940	0.724187	0.016435	0.000039	0.000000	0.009988
143	0.001292	0.000001	0.000034	0.248073	0.724590	0.016577	0.000033	0.000000	0.009400
144	0.001244	0.000000	0.000041	0.247966	0.725332	0.016577	0.000029	0.000000	0.008811
145	0.001128	0.000000	0.000035	0.247599	0.726082	0.016655	0.000022	0.000000	0.008479
146	0.001028	0.000000	0.000037	0.247448	0.726890	0.016619	0.000017	0.000000	0.007961
147	0.000956	0.000000	0.000025	0.247711	0.727286	0.016580	0.000015	0.000000	0.007427
148	0.000871	0.000000	0.000029	0.247704	0.728036	0.016350	0.000011	0.000000	0.006999
149	0.000818	0.000000	0.000023	0.247058	0.728991	0.016455	0.000008	0.000000	0.006647
150	0.000733	0.000000	0.000020	0.246737	0.729710	0.016607	0.000004	0.000000	0.006189
151	0.000702	0.000000	0.000014	0.247191	0.729588	0.016685	0.000003	0.000000	0.005817
152	0.000635	0.000000	0.000015	0.247056	0.730280	0.016568	0.000002	0.000000	0.005444
153	0.000593	0.000000	0.000012	0.247030	0.730656	0.016563	0.000001	0.000000	0.005145
154	0.000587	0.000000	0.000012	0.247712	0.730308	0.016554	0.000001	0.000000	0.004826
155	0.000559	0.000000	0.000009	0.247692	0.730756	0.016434	0.000000	0.000000	0.004550
156	0.000503	0.000000	0.000006	0.247676	0.730982	0.016566	0.000000	0.000000	0.004267
157	0.000483	0.000000	0.000008	0.248058	0.730820	0.016660	0.000000	0.000000	0.003971
158	0.000440	0.000000	0.000007	0.247977	0.730986	0.016844	0.000000	0.000000	0.003746
159	0.000429	0.000000	0.000005	0.248299	0.730849	0.016836	0.000000	0.000000	0.003582
160	0.000409	0.000000	0.000008	0.248554	0.730862	0.016804	0.000000	0.000000	0.003363
161	0.000391	0.000000	0.000008	0.248440	0.731068	0.016954	0.000000	0.000000	0.003139
162	0.000363	0.000000	0.000007	0.248699	0.731002	0.016936	0.000000	0.000000	0.002993
163	0.000368	0.000000	0.000005	0.248671	0.731213	0.016903	0.000000	0.000000	0.002840
164	0.000349	0.000000	0.000003	0.248669	0.731331	0.016942	0.000000	0.000000	0.002706
165	0.000328	0.000000	0.000005	0.248932	0.730995	0.017109	0.000000	0.000000	0.002631
166	0.000312	0.000000	0.000006	0.248610	0.731266	0.017362	0.000000	0.000000	0.002444
167	0.000290	0.000000	0.000006	0.249045	0.730920	0.017436	0.000000	0.000000	0.002303
168	0.000263	0.000000	0.000009	0.248773	0.731426	0.017356	0.000000	0.000000	0.002173
169	0.000225	0.000000	0.000008	0.248650	0.731712	0.017368	0.000000	0.000000	0.002037
170	0.000191	0.000000	0.000005	0.248928	0.731495	0.017456	0.000000	0.000000	0.001925
171	0.000165	0.000000	0.000007	0.248909	0.731633	0.017446	0.000000	0.000000	0.001840
172	0.000159	0.000000	0.000007	0.248429	0.732224	0.017452	0.000000	0.000000	0.001729
173	0.000145	0.000000	0.000006	0.248785	0.731877	0.017503	0.000000	0.000000	0.001684
174	0.000137	0.000000	0.000007	0.248613	0.732259	0.017374	0.000000	0.000000	0.001610
175	0.000130	0.000000	0.000003	0.248390	0.732553	0.017385	0.000000	0.000000	0.001539
176	0.000131	0.000000	0.000003	0.248011	0.733006	0.017428	0.000000	0.000000	0.001421
177	0.000110	0.000000	0.000003	0.248185	0.733139	0.017274	0.000000	0.000000	0.001289
178	0.000084	0.000000	0.000001	0.248303	0.733264	0.017102	0.000000	0.000000	0.001246
179	0.000079	0.000000	0.000001	0.247902	0.733483	0.017308	0.000000	0.000000	0.001227
180	0.000071	0.000000	0.000003	0.248339	0.733264	0.017156	0.000000	0.000000	0.001167
181	0.000057	0.000000	0.000004	0.248155	0.733605	0.017105	0.000000	0.000000	0.001074
182	0.000055	0.000000	0.000003	0.247912	0.734002	0.017039	0.000000	0.000000	0.000989
183	0.000045	0.000000	0.000006	0.247681	0.734169	0.017155	0.000000	0.000000	0.000944
184	0.000039	0.000000	0.000007	0.247740	0.734287	0.017030	0.000000	0.000000	0.000897
185	0.000026	0.000000	0.000007	0.247437	0.734545	0.017150	0.000000	0.000000	0.000835
186	0.000024	0.000000	0.000003	0.247572	0.734541	0.017077	0.000000	0.000000	0.000783
187	0.000024	0.000000	0.000003	0.247310	0.734738	0.017177	0.000000	0.000000	0.000748
188	0.000020	0.000000	0.000003	0.247168	0.734989	0.017105	0.000000	0.000000	0.000715
189	0.000015	0.000000	0.000002	0.247061	0.735144	0.017092	0.000000	0.000000	0.000686
190	0.000009	0.000000	0.000001	0.247001	0.735141	0.017207	0.000000	0.000000	0.000641
191	0.000007	0.000000	0.000000	0.247704	0.734584	0.017110	0.000000	0.000000	0.000595
192	0.000005	0.000000	0.000000	0.247442	0.734660	0.017318	0.000000	0.000000	0.000575
193	0.000002	0.000000	0.000000	0.246872	0.735271	0.017289	0.000000	0.000000	0.000566
194	0.000001	0.000000	0.000000	0.246894	0.735108	0.017441	0.000000	0.000000	0.000556
195	0.000000	0.000000	0.000000	0.246888	0.735120	0.017441	0.000000	0.000000	0.000551
196	0.000000	0.000000	0.000000	0.246623	0.735608	0.017230	0.000000	0.000000	0.000539
197	0.000000	0.000000	0.000000	0.246327	0.735997	0.017185	0.000000	0.000000	0.000491
198	0.000000	0.000000	0.000000	0.246355	0.735870	0.017297	0.000000	0.000000	0.000478
199	0.000000	0.000000	0.000000	0.246678	0.735609	0.017263	0.000000	0.000000	0.000450
200	0.000000	0.000000	0.000000	0.246710	0.735520	0.017335	0.000000	0.000000	0.000435
201	0.000000	0.000000	0.000000	0.246504	0.735695	0.017403	0.000000	0.000000	0.000398
202	0.000000	0.000000	0.000000	0.247019	0.735260	0.017316	0.000000	0.000000	0.000405
203	0.000000	0.000000	0.000000	0.246924	0.735490	0.017203	0.000000	0.000000	0.000383
204	0.000000	0.000000	0.000000	0.246833	0.735489	0.017288	0.000000	0.000000	0.000390
205	0.000000	0.000000	0.000000	0.246641	0.735595	0.017376	0.000000	0.000000	0.000388
206	0.000000	0.000000	0.000000	0.246846	0.735421	0.017378	0.000000	0.000000	0.000355
207	0.000000	0.000000	0.000000	0.246075	0.736081	0.017516	0.000000	0.000000	0.000328
208	0.000000	0.000000	0.000000	0.246083	0.736046	0.017566	0.000000	0.000000	0.000305
209	0.000000	0.000000	0.000000	0.245869	0.736337	0.017519	0.000000	0.000000	0.000275
210	0.000000	0.000000	0.000000	0.245431	0.736902	0.017424	0.000000	0.000000	0.000243
211	0.000000	0.000000	0.000000	0.245877	0.736448	0.017428	0.000000	0.000000	0.000247
212	0.000000	0.000000	0.000000	0.245734	0.736542	0.017490	0.000000	0.000000	0.000234
213	0.000000	0.000000	0.000000	0.245939	0.736272	0.017566	0.000000	0.000000	0.000223
214	0.000000	0.000000	0.000000	0.245549	0.736658	0.017590	0.000000	0.000000	0.000203
215	0.000000	0.000000	0.000000	0.245170	0.737009	0.017632	0.000000	0.000000	0.000189
216	0.000000	0.000000	0.000000	0.244559	0.737767	0.017505	0.000000	0.000000	0.000169
217	0.000000	0.000000	0.000000	0.244663	0.737833	0.017343	0.000000	0.000000	0.000161
218	0.000000	0.000000	0.000000	0.244697	0.737783	0.017383	0.000000	0.000000	0.000137
219	0.000000	0.000000	0.000000	0.244225	0.738343	0.017296	0.000000	0.000000	0.000136
220	0.000000	0.000000	0.000000	0.244045	0.738301	0.017529	0.000000	0.000000	0.000125
221	0.000000	0.000000	0.000000	0.243815	0.738553	0.017508	0.000000	0.000000	0.000124
222	0.000000	0.000000	0.000000	0.243509	0.738893	0.017490	0.000000	0.000000	0.000108
223	0.000000	0.000000	0.000000	0.243021	0.739277	0.017604	0.000000	0.000000	0.000098
224	0.000000	0.000000	0.000000	0.243051	0.739144	0.017707	0.000000	0.000000	0.000098
225	0.000000	0.000000	0.000000	0.243223	0.738902	0.017785	0.000000	0.000000	0.000090
226	0.000000	0.000000	0.000000	0.243168	0.739170	0.017571	0.000000	0.000000	0.000091
227	0.000000	0.000000	0.000000	0.242872	0.739406	0.017640	0.000000	0.000000	0.000082
228	0.000000	0.000000	0.000000	0.242864	0.739057	0.017997	0.000000	0.000000	0.000082
229	0.000000	0.000000	0.000000	0.242446	0.739483	0.018000	0.000000	0.000000	0.000071
230	0.000000	0.000000	0.000000	0.242506	0.739398	0.018031	0.000000	0.000000	0.000065
231	0.000000	0.000000	0.000000	0.242250	0.739700	0.017993	0.000000	0.000000	0.000057
232	0.000000	0.000000	0.000000	0.241987	0.739767	0.018197	0.000000	0.000000	0.000049
233	0.000000	0.000000	0.000000	0.241808	0.739806	0.018335	0.000000	0.000000	0.000051
234	0.000000	0.000000	0.000000	0.241993	0.739718	0.018238	0.000000	0.000000	0.000051
235	0.000000	0.000000	0.000000	0.242015	0.739740	0.018193	0.000000	0.000000	0.000052
236	0.000000	0.000000	0.000000	0.242353	0.739569	0.018035	0.000000	0.000000	0.000043
237	0.000000	0.000000	0.000000	0.242468	0.739467	0.018038	0.000000	0.000000	0.000027
238	0.000000	0.000000	0.000000	0.242519	0.739220	0.018235	0.000000	0.000000	0.000026
239	0.000000	0.000000	0.000000	0.242608	0.739248	0.018118	0.000000	0.000000	0.000026
240	0.000000	0.000000	0.000000	0.242129	0.739603	0.018245	0.000000	0.000000	0.000023
241	0.000000	0.000000	0.000000	0.242306	0.739538	0.018132	0.000000	0.000000	0.000024
242	0.000000	0.000000	0.000000	0.242098	0.739732	0.018145	0.000000	0.000000	0.000025
243	0.000000	0.000000	0.000000	0.241885	0.739935	0.018165	0.000000	0.000000	0.000015
244	0.000000	0.000000	0.000000	0.241774	0.740018	0.018199	0.000000	0.000000	0.000009
245	0.000000	0.000000	0.000000	0.241790	0.739866	0.018332	0.000000	0.000000	0.000012
246	0.000000	0.000000	0.000000	0.241807	0.739886	0.018300	0.000000	0.000000	0.000007
247	0.000000	0.000000	0.000000	0.242003	0.739783	0.018207	0.000000	0.000000	0.000007
248	0.000000	0.000000	0.000000	0.242318	0.739354	0.018325	0.000000	0.000000	0.000003
249	0.000000	0.000000	0.000000	0.242505	0.739249	0.018242	0.000000	0.000000	0.000004
250	0.000000	0.000000	0.000000	0.241991	0.739485	0.018523	0.000000	0.000000	0.000001
251	0.000000	0.000000	0.000000	0.241829	0.739633	0.018538	0.000000	0.000000	0.000000
252	0.000000	0.000000	0.000000	0.242663	0.738653	0.018684	0.000000	0.000000	0.000000
253	0.000000	0.000000	0.000000	0.242644	0.738663	0.018693	0.000000	0.000000	0.000000
254	0.000000	0.000000	0.000000	0.242318	0.739004	0.018677	0.000000	0.000000	0.000001
255	0.000000	0.000000	0.000000	0.242683	0.738608	0.018708	0.000000	0.000000	0.000001
256	0.000000	0.000000	0.000000	0.242794	0.738679	0.018525	0.000000	0.000000	0.000002
257	0.000000	0.000000	0.000000	0.242860	0.738492	0.018648	0.000000	0.000000	0.000000
258	0.000000	0.000000	0.000000	0.243840	0.737681	0.018479	0.000000	0.000000	0.000000
259	0.000000	0.000000	0.000000	0.243567	0.737784	0.018649	0.000000	0.000000	0.000000
260	0.000000	0.000000	0.000000	0.243514	0.737813	0.018673	0.000000	0.000000	0.000000
261	0.000000	0.000000	0.000000	0.243598	0.737722	0.018680	0.000000	0.000000	0.000000
262	0.000000	0.000000	0.000000	0.243725	0.737654	0.018621	0.000000	0.000000	0.000000
263	0.000000	0.000000	0.000000	0.243734	0.737698	0.018568	0.000000	0.000000	0.000000
264	0.000000	0.000000	0.000000	0.243549	0.737756	0.018695	0.000000	0.000000	0.000000
265	0.000000	0.000000	0.000000	0.243373	0.737960	0.018667	0.000000	0.000000	0.000000
266	0.000000	0.000000	0.000000	0.243038	0.738133	0.018829	0.000000	0.000000	0.000000
267	0.000000	0.000000	0.000000	0.243326	0.737858	0.018816	0.000000	0.000000	0.000000
268	0.000000	0.000000	0.000000	0.243684	0.737609	0.018707	0.000000	0.000000	0.000000
269	0.000000	0.000000	0.000000	0.243829	0.737287	0.018884	0.000000	0.000000	0.000000
270	0.000000	0.000000	0.000000	0.243485	0.737768	0.018747	0.000000	0.000000	0.000000
271	0.000000	0.000000	0.000000	0.243062	0.738135	0.018803	0.000000	0.000000	0.000000
272	0.000000	0.000000	0.000000	0.242863	0.738506	0.018631	0.000000	0.000000	0.000000
273	0.000000	0.000000	0.000000	0.242849	0.738505	0.018646	0.000000	0.000000	0.000000
274	0.000000	0.000000	0.000000	0.243394	0.738094	0.018512	0.000000	0.000000	0.000000
275	0.000000	0.000000	0.000000	0.243188	0.738426	0.018386	0.000000	0.000000	0.000000
276	0.000000	0.000000	0.000000	0.243487	0.738019	0.018494	0.000000	0.000000	0.000000
277	0.000000	0.000000	0.000000	0.243513	0.737972	0.018515	0.000000	0.000000	0.000000
278	0.000000	0.000000	0.000000	0.243032	0.738390	0.018578	0.000000	0.000000	0.000000
279	0.000000	0.000000	0.000000	0.243111	0.738385	0.018504	0.000000	0.000000	0.000000
280	0.000000	0.000000	0.000000	0.243228	0.738211	0.018561	0.000000	0.000000	0.000000
281	0.000000	0.000000	0.000000	0.242674	0.738872	0.018454	0.000000	0.000000	0.000000
282	0.000000	0.000000	0.000000	0.242756	0.738908	0.018336	0.000000	0.000000	0.000000
283	0.000000	0.000000	0.000000	0.242294	0.739167	0.018539	0.000000	0.000000	0.000000
284	0.000000	0.000000	0.000000	0.242461	0.739109	0.018430	0.000000	0.000000	0.000000
285	0.000000	0.000000	0.000000	0.242875	0.738717	0.018408	0.000000	0.000000	0.000000
286	0.000000	0.000000	0.000000	0.242758	0.738927	0.018315	0.000000	0.000000	0.000000
287	0.000000	0.000000	0.000000	0.242489	0.739087	0.018424	0.000000	0.000000	0.000000
288	0.000000	0.000000	0.000000	0.243083	0.738557	0.018360	0.000000	0.000000	0.000000
289	0.000000	0.000000	0.000000	0.243250	0.738375	0.018375	0.000000	0.000000	0.000000
290	0.000000	0.000000	0.000000	0.243529	0.737981	0.018490	0.000000	0.000000	0.000000
291	0.000000	0.000000	0.000000	0.243580	0.737922	0.018498	0.000000	0.000000	0.000000
292	0.000000	0.000000	0.000000	0.243452	0.738020	0.018528	0.000000	0.000000	0.000000
293	0.000000	0.000000	0.000000	0.243138	0.738253	0.018609	0.000000	0.000000	0.000000
294	0.000000	0.000000	0.000000	0.243091	0.738276	0.018633	0.000000	0.000000	0.000000
295	0.000000	0.000000	0.000000	0.243198	0.737935	0.018867	0.000000	0.000000	0.000000
296	0.000000	0.000000	0.000000	0.243583	0.737565	0.018852	0.000000	0.000000	0.000000
297	0.000000	0.000000	0.000000	0.243549	0.737673	0.018778	0.000000	0.000000	0.000000
298	0.000000	0.000000	0.000000	0.244110	0.737328	0.018562	0.000000	0.000000	0.000000
299	0.000000	0.000000	0.000000	0.243684	0.737827	0.018489	0.000000	0.000000	0.000000
300	0.000000	0.000000	0.000000	0.243096	0.738430	0.018474	0.000000	0.000000	0.000000
301	0.000000	0.000000	0.000000	0.242842	0.738699	0.018459	0.000000	0.000000	0.000000
302	0.000000	0.000000	0.000000	0.242889	0.738618	0.018493	0.000000	0.000000	0.000000
303	0.000000	0.000000	0.000000	0.243370	0.738053	0.018577	0.000000	0.000000	0.000000
304	0.000000	0.000000	0.000000	0.243882	0.737397	0.018721	0.000000	0.000000	0.000000
305	0.000000	0.000000	0.000000	0.244098	0.737084	0.018818	0.000000	0.000000	0.000000
306	0.000000	0.000000	0.000000	0.244206	0.737048	0.018746	0.000000	0.000000	0.000000
307	0.000000	0.000000	0.000000	0.244294	0.736918	0.018788	0.000000	0.000000	0.000000
308	0.000000	0.000000	0.000000	0.244527	0.736639	0.018834	0.000000	0.000000	0.000000
309	0.000000	0.000000	0.000000	0.244440	0.736661	0.018899	0.000000	0.000000	0.000000
310	0.000000	0.000000	0.000000	0.244273	0.736860	0.018867	0.000000	0.000000	0.000000
311	0.000000	0.000000	0.000000	0.244240	0.736931	0.018829	0.000000	0.000000	0.000000
312	0.000000	0.000000	0.000000	0.244498	0.736662	0.018840	0.000000	0.000000	0.000000
313	0.000000	0.000000	0.000000	0.244795	0.736417	0.018788	0.000000	0.000000	0.000000
314	0.000000	0.000000	0.000000	0.244902	0.736226	0.018872	0.000000	0.000000	0.000000
315	0.000000	0.000000	0.000000	0.244202	0.736842	0.018956	0.000000	0.000000	0.000000
316	0.000000	0.000000	0.000000	0.245020	0.736135	0.018845	0.000000	0.000000	0.000000
317	0.000000	0.000000	0.000000	0.244800	0.736242	0.018958	0.000000	0.000000	0.000000
318	0.000000	0.000000	0.000000	0.245171	0.736056	0.018773	0.000000	0.000000	0.000000
319	0.000000	0.000000	0.000000	0.244739	0.736385	0.018876	0.000000	0.000000	0.000000
320	0.000000	0.000000	0.000000	0.244869	0.736235	0.018896	0.000000	0.000000	0.000000
321	0.000000	0.000000	0.000000	0.244391	0.736716	0.018893	0.000000	0.000000	0.000000
322	0.000000	0.000000	0.000000	0.244189	0.736921	0.018890	0.000000	0.000000	0.000000
323	0.000000	0.000000	0.000000	0.244542	0.736562	0.018896	0.000000	0.000000	0.000000
324	0.000000	0.000000	0.000000	0.244035	0.736835	0.019130	0.000000	0.000000	0.000000
325	0.000000	0.000000	0.000000	0.243495	0.737473	0.019032	0.000000	0.000000	0.000000
326	0.000000	0.000000	0.000000	0.243512	0.737406	0.019082	0.000000	0.000000	0.000000
327	0.000000	0.000000	0.000000	0.243604	0.737241	0.019155	0.000000	0.000000	0.000000
328	0.000000	0.000000	0.000000	0.244208	0.736864	0.018928	0.000000	0.000000	0.000000
329	0.000000	0.000000	0.000000	0.243979	0.737099	0.018922	0.000000	0.000000	0.000000
330	0.000000	0.000000	0.000000	0.243728	0.737325	0.018947	0.000000	0.000000	0.000000
331	0.000000	0.000000	0.000000	0.244006	0.737186	0.018808	0.000000	0.000000	0.000000
332	0.000000	0.000000	0.000000	0.243992	0.737148	0.018860	0.000000	0.000000	0.000000
333	0.000000	0.000000	0.000000	0.243994	0.737244	0.018762	0.000000	0.000000	0.000000
334	0.000000	0.000000	0.000000	0.244472	0.736673	0.018855	0.000000	0.000000	0.000000
335	0.000000	0.000000	0.000000	0.244631	0.736551	0.018818	0.000000	0.000000	0.000000
336	0.000000	0.000000	0.000000	0.244769	0.736301	0.018930	0.000000	0.000000	0.000000
337	0.000000	0.000000	0.000000	0.245101	0.736159	0.018740	0.000000	0.000000	0.000000
338	0.000000	0.000000	0.000000	0.244744	0.736461	0.018795	0.000000	0.000000	0.000000
339	0.000000	0.000000	0.000000	0.243997	0.737192	0.018811	0.000000	0.000000	0.000000
340	0.000000	0.000000	0.000000	0.243665	0.737453	0.018882	0.000000	0.000000	0.000000
341	0.000000	0.000000	0.000000	0.243533	0.737522	0.018945	0.000000	0.000000	0.000000
342	0.000000	0.000000	0.000000	0.243414	0.737632	0.018954	0.000000	0.000000	0.000000
343	0.000000	0.000000	0.000000	0.243486	0.737557	0.018957	0.000000	0.000000	0.000000
344	0.000000	0.000000	0.000000	0.244128	0.737172	0.018700	0.000000	0.000000	0.000000
345	0.000000	0.000000	0.000000	0.244128	0.737340	0.018532	0.000000	0.000000	0.000000
346	0.000000	0.000000	0.000000	0.243953	0.737539	0.018508	0.000000	0.000000	0.000000
347	0.000000	0.000000	0.000000	0.244690	0.736690	0.018620	0.000000	0.000000	0.000000
348	0.000000	0.000000	0.000000	0.244541	0.736812	0.018647	0.000000	0.000000	0.000000
349	0.000000	0.000000	0.000000	0.244684	0.736552	0.018764	0.000000	0.000000	0.000000
350	0.000000	0.000000	0.000000	0.244490	0.736671	0.018839	0.000000	0.000000	0.000000
351	0.000000	0.000000	0.000000	0.244634	0.736604	0.018762	0.000000	0.000000	0.000000
352	0.000000	0.000000	0.000000	0.244527	0.736697	0.018776	0.000000	0.000000	0.000000
353	0.000000	0.000000	0.000000	0.244536	0.736715	0.018749	0.000000	0.000000	0.000000
354	0.000000	0.000000	0.000000	0.243922	0.737301	0.018777	0.000000	0.000000	0.000000
355	0.000000	0.000000	0.000000	0.244160	0.737119	0.018721	0.000000	0.000000	0.000000
356	0.000000	0.000000	0.000000	0.243804	0.737350	0.018846	0.000000	0.000000	0.000000
357	0.000000	0.000000	0.000000	0.243928	0.737321	0.018751	0.000000	0.000000	0.000000
358	0.000000	0.000000	0.000000	0.243873	0.737265	0.018862	0.000000	0.000000	0.000000
359	0.000000	0.000000	0.000000	0.244067	0.737092	0.018841	0.000000	0.000000	0.000000
360	0.000000	0.000000	0.000000	0.243751	0.737469	0.018780	0.000000	0.000000	0.000000
361	0.000000	0.000000	0.000000	0.244055	0.737229	0.018716	0.000000	0.000000	0.000000
362	0.000000	0.000000	0.000000	0.243840	0.737548	0.018612	0.000000	0.000000	0.000000
363	0.000000	0.000000	0.000000	0.243551	0.737753	0.018696	0.000000	0.000000	0.000000
364	0.000000	0.000000	0.000000	0.244064	0.737261	0.018675	0.000000	0.000000	0.000000
365	0.000000	0.000000	0.000000	0.243864	0.737299	0.018837	0.000000	0.000000	0.000000
366	0.000000	0.000000	0.000000	0.244220	0.736884	0.018896	0.000000	0.000000	0.000000
367	0.000000	0.000000	0.000000	0.243928	0.737216	0.018856	0.000000	0.000000	0.000000
368	0.000000	0.000000	0.000000	0.243653	0.737286	0.019061	0.000000	0.000000	0.000000
369	0.000000	0.000000	0.000000	0.244081	0.737001	0.018918	0.000000	0.000000	0.000000
370	0.000000	0.000000	0.000000	0.244130	0.737050	0.018820	0.000000	0.000000	0.000000
371	0.000000	0.000000	0.000000	0.244087	0.737051	0.018862	0.000000	0.000000	0.000000
372	0.000000	0.000000	0.000000	0.244787	0.736484	0.018729	0.000000	0.000000	0.000000
373	0.000000	0.000000	0.000000	0.244851	0.736272	0.018877	0.000000	0.000000	0.000000
374	0.000000	0.000000	0.000000	0.244757	0.736400	0.018843	0.000000	0.000000	0.000000
375	0.000000	0.000000	0.000000	0.244981	0.735958	0.019061	0.000000	0.000000	0.000000
376	0.000000	0.000000	0.000000	0.245220	0.735637	0.019143	0.000000	0.000000	0.000000
377	0.000000	0.000000	0.000000	0.245271	0.735794	0.018935	0.000000	0.000000	0.000000
378	0.000000	0.000000	0.000000	0.245816	0.735133	0.019051	0.000000	0.000000	0.000000
379	0.000000	0.000000	0.000000	0.245627	0.735538	0.018835	0.000000	0.000000	0.000000
380	0.000000	0.000000	0.000000	0.245050	0.736177	0.018773	0.000000	0.000000	0.000000
381	0.000000	0.000000	0.000000	0.245116	0.736098	0.018786	0.000000	0.000000	0.000000
382	0.000000	0.000000	0.000000	0.245288	0.735859	0.018853	0.000000	0.000000	0.000000
383	0.000000	0.000000	0.000000	0.245779	0.735371	0.018850	0.000000	0.000000	0.000000
384	0.000000	0.000000	0.000000	0.245411	0.735642	0.018947	0.000000	0.000000	0.000000
385	0.000000	0.000000	0.000000	0.245344	0.735781	0.018875	0.000000	0.000000	0.000000
386	0.000000	0.000000	0.000000	0.245162	0.735776	0.019062	0.000000	0.000000	0.000000
387	0.000000	0.000000	0.000000	0.245061	0.735995	0.018944	0.000000	0.000000	0.000000
388	0.000000	0.000000	0.000000	0.245145	0.735921	0.018934	0.000000	0.000000	0.000000
389	0.000000	0.000000	0.000000	0.245054	0.736045	0.018901	0.000000	0.000000	0.000000
390	0.000000	0.000000	0.000000	0.244457	0.736736	0.018807	0.000000	0.000000	0.000000
391	0.000000	0.000000	0.000000	0.244064	0.737103	0.018833	0.000000	0.000000	0.000000
392	0.000000	0.000000	0.000000	0.243940	0.737279	0.018781	0.000000	0.000000	0.000000
393	0.000000	0.000000	0.000000	0.244335	0.736721	0.018944	0.000000	0.000000	0.000000
394	0.000000	0.000000	0.000000	0.244914	0.736304	0.018782	0.000000	0.000000	0.000000
395	0.000000	0.000000	0.000000	0.245167	0.735944	0.018889	0.000000	0.000000	0.000000
396	0.000000	0.000000	0.000000	0.245253	0.735908	0.018839	0.000000	0.000000	0.000000
397	0.000000	0.000000	0.000000	0.245072	0.736008	0.018920	0.000000	0.000000	0.000000
398	0.000000	0.000000	0.000000	0.245958	0.735154	0.018888	0.000000	0.000000	0.000000
399	0.000000	0.000000	0.000000	0.245870	0.735273	0.018857	0.000000	0.000000	0.000000
400	0.000000	0.000000	0.000000	0.245819	0.735227	0.018954	0.000000	0.000000	0.000000
401	0.000000	0.000000	0.000000	0.245952	0.735113	0.018935	0.000000	0.000000	0.000000
402	0.000000	0.000000	0.000000	0.246338	0.734763	0.018899	0.000000	0.000000	0.000000
403	0.000000	0.000000	0.000000	0.246129	0.734800	0.019071	0.000000	0.000000	0.000000
404	0.000000	0.000000	0.000000	0.245616	0.735241	0.019143	0.000000	0.000000	0.000000
405	0.000000	0.000000	0.000000	0.245553	0.735376	0.019071	0.000000	0.000000	0.000000
406	0.000000	0.000000	0.000000	0.245604	0.735310	0.019086	0.000000	0.000000	0.000000
407	0.000000	0.000000	0.000000	0.245977	0.735050	0.018973	0.000000	0.000000	0.000000
408	0.000000	0.000000	0.000000	0.245894	0.735283	0.018823	0.000000	0.000000	0.000000
409	0.000000	0.000000	0.000000	0.245734	0.735555	0.018711	0.000000	0.000000	0.000000
410	0.000000	0.000000	0.000000	0.245233	0.735824	0.018943	0.000000	0.000000	0.000000
411	0.000000	0.000000	0.000000	0.245673	0.735558	0.018769	0.000000	0.000000	0.000000
412	0.000000	0.000000	0.000000	0.245808	0.735403	0.018789	0.000000	0.000000	0.000000
413	0.000000	0.000000	0.000000	0.245469	0.735837	0.018694	0.000000	0.000000	0.000000
414	0.000000	0.000000	0.000000	0.245378	0.735849	0.018773	0.000000	0.000000	0.000000
415	0.000000	0.000000	0.000000	0.246201	0.735005	0.018794	0.000000	0.000000	0.000000
416	0.000000	0.000000	0.000000	0.246068	0.734925	0.019007	0.000000	0.000000	0.000000
417	0.000000	0.000000	0.000000	0.246357	0.734690	0.018953	0.000000	0.000000	0.000000
418	0.000000	0.000000	0.000000	0.246445	0.734589	0.018966	0.000000	0.000000	0.000000
419	0.000000	0.000000	0.000000	0.246355	0.734780	0.018865	0.000000	0.000000	0.000000
420	0.000000	0.000000	0.000000	0.246411	0.734893	0.018696	0.000000	0.000000	0.000000
421	0.000000	0.000000	0.000000	0.246667	0.734577	0.018756	0.000000	0.000000	0.000000
422	0.000000	0.000000	0.000000	0.247118	0.734196	0.018686	0.000000	0.000000	0.000000
423	0.000000	0.000000	0.000000	0.247224	0.733969	0.018807	0.000000	0.000000	0.000000
424	0.000000	0.000000	0.000000	0.247303	0.733992	0.018705	0.000000	0.000000	0.000000
425	0.000000	0.000000	0.000000	0.247260	0.734013	0.018727	0.000000	0.000000	0.000000
426	0.000000	0.000000	0.000000	0.247329	0.733961	0.018710	0.000000	0.000000	0.000000
427	0.000000	0.000000	0.000000	0.247031	0.734234	0.018735	0.000000	0.000000	0.000000
428	0.000000	0.000000	0.000000	0.246913	0.734436	0.018651	0.000000	0.000000	0.000000
429	0.000000	0.000000	0.000000	0.246781	0.734661	0.018558	0.000000	0.000000	0.000000
430	0.000000	0.000000	0.000000	0.246820	0.734571	0.018609	0.000000	0.000000	0.000000
431	0.000000	0.000000	0.000000	0.246779	0.734645	0.018576	0.000000	0.000000	0.000000
432	0.000000	0.000000	0.000000	0.246615	0.734758	0.018627	0.000000	0.000000	0.000000
433	0.000000	0.000000	0.000000	0.246188	0.735256	0.018556	0.000000	0.000000	0.000000
434	0.000000	0.000000	0.000000	0.246042	0.735638	0.018320	0.000000	0.000000	0.000000
435	0.000000	0.000000	0.000000	0.246508	0.735092	0.018400	0.000000	0.000000	0.000000
436	0.000000	0.000000	0.000000	0.246880	0.734616	0.018504	0.000000	0.000000	0.000000
437	0.000000	0.000000	0.000000	0.246925	0.734493	0.018582	0.000000	0.000000	0.000000
438	0.000000	0.000000	0.000000	0.247315	0.734179	0.018506	0.000000	0.000000	0.000000
439	0.000000	0.000000	0.000000	0.247292	0.734215	0.018493	0.000000	0.000000	0.000000
440	0.000000	0.000000	0.000000	0.247202	0.734265	0.018533	0.000000	0.000000	0.000000
441	0.000000	0.000000	0.000000	0.247324	0.734050	0.018626	0.000000	0.000000	0.000000
442	0.000000	0.000000	0.000000	0.246952	0.734332	0.018716	0.000000	0.000000	0.000000
443	0.000000	0.000000	0.000000	0.246369	0.735050	0.018581	0.000000	0.000000	0.000000
444	0.000000	0.000000	0.000000	0.246371	0.734999	0.018630	0.000000	0.000000	0.000000
445	0.000000	0.000000	0.000000	0.246132	0.735229	0.018639	0.000000	0.000000	0.000000
446	0.000000	0.000000	0.000000	0.245411	0.736057	0.018532	0.000000	0.000000	0.000000
447	0.000000	0.000000	0.000000	0.245516	0.736024	0.018460	0.000000	0.000000	0.000000
448	0.000000	0.000000	0.000000	0.245306	0.736125	0.018569	0.000000	0.000000	0.000000
449	0.000000	0.000000	0.000000	0.245251	0.736217	0.018532	0.000000	0.000000	0.000000
450	0.000000	0.000000	0.000000	0.244919	0.736446	0.018635	0.000000	0.000000	0.000000
451	0.000000	0.000000	0.000000	0.244931	0.736611	0.018458	0.000000	0.000000	0.000000
452	0.000000	0.000000	0.000000	0.245095	0.736436	0.018469	0.000000	0.000000	0.000000
453	0.000000	0.000000	0.000000	0.244679	0.736744	0.018577	0.000000	0.000000	0.000000
454	0.000000	0.000000	0.000000	0.244730	0.736530	0.018740	0.000000	0.000000	0.000000
455	0.000000	0.000000	0.000000	0.244740	0.736386	0.018874	0.000000	0.000000	0.000000
456	0.000000	0.000000	0.000000	0.244663	0.736358	0.018979	0.000000	0.000000	0.000000
457	0.000000	0.000000	0.000000	0.244399	0.736634	0.018967	0.000000	0.000000	0.000000
458	0.000000	0.000000	0.000000	0.244118	0.736959	0.018923	0.000000	0.000000	0.000000
459	0.000000	0.000000	0.000000	0.244519	0.736650	0.018831	0.000000	0.000000	0.000000
460	0.000000	0.000000	0.000000	0.244438	0.736844	0.018718	0.000000	0.000000	0.000000
461	0.000000	0.000000	0.000000	0.244904	0.736232	0.018864	0.000000	0.000000	0.000000
462	0.000000	0.000000	0.000000	0.244970	0.736252	0.018778	0.000000	0.000000	0.000000
463	0.000000	0.000000	0.000000	0.245131	0.736240	0.018629	0.000000	0.000000	0.000000
464	0.000000	0.000000	0.000000	0.245197	0.736345	0.018458	0.000000	0.000000	0.000000
465	0.000000	0.000000	0.000000	0.245287	0.736090	0.018623	0.000000	0.000000	0.000000
466	0.000000	0.000000	0.000000	0.245443	0.735879	0.018678	0.000000	0.000000	0.000000
467	0.000000	0.000000	0.000000	0.245566	0.735860	0.018574	0.000000	0.000000	0.000000
468	0.000000	0.000000	0.000000	0.245792	0.735698	0.018510	0.000000	0.000000	0.000000
469	0.000000	0.000000	0.000000	0.246135	0.735354	0.018511	0.000000	0.000000	0.000000
470	0.000000	0.000000	0.000000	0.246167	0.735230	0.018603	0.000000	0.000000	0.000000
