0	0.290663	0.057897	0.229473	0.157588	0.029913	0.111872	0.085455	0.012259	0.024880
1	0.218892	0.045590	0.191983	0.140068	0.028890	0.122659	0.129601	0.025073	0.097244
2	0.208562	0.042868	0.181515	0.135202	0.029184	0.119154	0.140444	0.026943	0.116128
3	0.204728	0.041150	0.173903	0.130969	0.030230	0.114067	0.146905	0.028117	0.129931
4	0.202033	0.039679	0.166653	0.128005	0.031125	0.107832	0.152867	0.028490	0.143316
5	0.200130	0.038689	0.159793	0.125172	0.032358	0.102200	0.156924	0.028849	0.155885
6	0.198969	0.037380	0.151603	0.122932	0.034082	0.096946	0.161206	0.028998	0.167884
7	0.198310	0.036240	0.143947	0.120214	0.035528	0.091353	0.164204	0.029334	0.180870
8	0.197365	0.034915	0.136776	0.118064	0.037008	0.086142	0.166874	0.029560	0.193296
9	0.196543	0.034004	0.129681	0.115304	0.038716	0.080900	0.169676	0.029278	0.205898
10	0.195942	0.032938	0.122579	0.113059	0.040561	0.075791	0.172072	0.029282	0.217776
11	0.195206	0.032048	0.115661	0.111211	0.042597	0.070975	0.173265	0.029081	0.229956
12	0.194675	0.031156	0.109163	0.109441	0.044604	0.065989	0.174621	0.028741	0.241610
13	0.194567	0.030064	0.102931	0.107679	0.046581	0.061876	0.175211	0.028379	0.252712
14	0.193986	0.029174	0.097247	0.105455	0.048716	0.058035	0.175636	0.027967	0.263784
15	0.193664	0.028116	0.091835	0.103306	0.051150	0.054428	0.176071	0.027297	0.274133
16	0.193375	0.027361	0.086063	0.101623	0.053413	0.050838	0.176472	0.027079	0.283776
17	0.192501	0.026607	0.080707	0.100504	0.055967	0.047265	0.176130	0.026506	0.293813
18	0.192234	0.025953	0.076007	0.098596	0.058724	0.043999	0.175178	0.026073	0.303236
19	0.191471	0.025041	0.071047	0.096313	0.061124	0.041097	0.175368	0.025671	0.312868
20	0.190555	0.024442	0.066835	0.094326	0.063846	0.038062	0.174546	0.025258	0.322130
21	0.189864	0.023783	0.062585	0.092196	0.066980	0.035558	0.173588	0.024691	0.330755
22	0.189204	0.023073	0.058555	0.090478	0.069776	0.032977	0.172466	0.024218	0.339253
23	0.187962	0.022368	0.054929	0.088469	0.073034	0.030809	0.171176	0.023942	0.347311
24	0.187395	0.021656	0.051071	0.086263	0.076410	0.028690	0.169639	0.023536	0.355340
25	0.186398	0.021068	0.047601	0.084467	0.079395	0.026619	0.168055	0.022946	0.363451
26	0.185413	0.020396	0.043994	0.083001	0.082727	0.024906	0.165778	0.022335	0.371450
27	0.184158	0.019688	0.041064	0.081084	0.086135	0.023286	0.164447	0.021855	0.378283
28	0.182858	0.019031	0.038610	0.079267	0.089717	0.021740	0.162275	0.021398	0.385104
29	0.180796	0.018509	0.035936	0.078091	0.093455	0.020220	0.159789	0.020933	0.392271
30	0.179135	0.017721	0.033464	0.076586	0.097182	0.018903	0.157563	0.020794	0.398652
31	0.177303	0.017063	0.031314	0.074898	0.101509	0.017589	0.154990	0.020299	0.405035
32	0.175488	0.016336	0.029185	0.073475	0.105661	0.016575	0.153132	0.019640	0.410508
33	0.173367	0.015694	0.027176	0.072383	0.109315	0.015380	0.150698	0.018912	0.417075
34	0.171391	0.015283	0.025474	0.071195	0.113171	0.014278	0.148695	0.018352	0.422161
35	0.169017	0.014721	0.023728	0.069510	0.116857	0.013267	0.146739	0.017891	0.428270
36	0.166817	0.014184	0.021945	0.068011	0.121188	0.012433	0.144319	0.017380	0.433723
37	0.164488	0.013558	0.020468	0.066505	0.125170	0.011606	0.141924	0.016718	0.439563
38	0.161885	0.013198	0.019000	0.065114	0.129261	0.010994	0.139610	0.016269	0.444669
39	0.159680	0.012582	0.017695	0.063947	0.133653	0.010120	0.137616	0.016091	0.448616
40	0.157328	0.012238	0.016460	0.062381	0.137911	0.009555	0.135246	0.015724	0.453157
41	0.155108	0.011735	0.015362	0.061137	0.142184	0.008865	0.132889	0.015273	0.457447
42	0.152108	0.011258	0.014147	0.059685	0.147058	0.008186	0.131327	0.014862	0.461369
43	0.149850	0.010886	0.013216	0.058441	0.151516	0.007776	0.129010	0.014406	0.464899
44	0.147441	0.010655	0.012254	0.057058	0.156328	0.007400	0.126591	0.014109	0.468164
45	0.145069	0.010164	0.011311	0.055497	0.160898	0.006871	0.124711	0.013786	0.471693
46	0.142436	0.009839	0.010413	0.054407	0.165443	0.006459	0.122417	0.013352	0.475234
47	0.139652	0.009412	0.009513	0.053186	0.170006	0.006039	0.120137	0.013017	0.479038
48	0.136638	0.009113	0.008692	0.051948	0.174774	0.005581	0.117478	0.012611	0.483165
49	0.133794	0.008635	0.008020	0.050637	0.179663	0.005295	0.115529	0.012393	0.486034
50	0.130995	0.008313	0.007219	0.049323	0.184175	0.004905	0.113491	0.012051	0.489528
51	0.128111	0.007962	0.006721	0.048381	0.189374	0.004643	0.110937	0.011516	0.492355
52	0.125365	0.007567	0.006208	0.047486	0.194018	0.004423	0.108964	0.011250	0.494719
53	0.122462	0.007354	0.005610	0.046576	0.199163	0.004139	0.106953	0.011070	0.496673
54	0.119188	0.007093	0.005128	0.045477	0.204525	0.003827	0.105090	0.010820	0.498852
55	0.116477	0.006710	0.004646	0.044425	0.209715	0.003612	0.102710	0.010654	0.501051
56	0.113643	0.006436	0.004234	0.043339	0.214717	0.003339	0.100833	0.010247	0.503212
57	0.110837	0.006142	0.003888	0.042529	0.219738	0.003168	0.098596	0.010061	0.505041
58	0.108097	0.005832	0.003599	0.041280	0.225058	0.002972	0.096787	0.009832	0.506543
59	0.105206	0.005461	0.003340	0.040436	0.230036	0.002760	0.095443	0.009422	0.507896
60	0.102217	0.005152	0.003088	0.039461	0.235000	0.002676	0.093669	0.009209	0.509528
61	0.099031	0.004866	0.002832	0.038542	0.240183	0.002453	0.092300	0.008884	0.510909
62	0.096149	0.004618	0.002664	0.037885	0.245525	0.002282	0.090636	0.008649	0.511592
63	0.093132	0.004390	0.002445	0.037062	0.250661	0.002140	0.088740	0.008339	0.513091
64	0.090232	0.004167	0.002230	0.036281	0.255650	0.002010	0.086893	0.008168	0.514369
65	0.087246	0.003892	0.002035	0.035597	0.261092	0.001914	0.085313	0.008022	0.514889
66	0.084390	0.003704	0.001874	0.034855	0.266375	0.001814	0.083415	0.007850	0.515723
67	0.081302	0.003493	0.001702	0.034211	0.271722	0.001744	0.082011	0.007650	0.516165
68	0.078664	0.003248	0.001557	0.033645	0.276813	0.001616	0.080519	0.007430	0.516508
69	0.075949	0.003039	0.001363	0.033122	0.281544	0.001585	0.078961	0.007163	0.517274
70	0.073185	0.002865	0.001266	0.032399	0.287006	0.001495	0.077369	0.007038	0.517377
71	0.070368	0.002725	0.001140	0.031910	0.292008	0.001453	0.075786	0.006912	0.517698
72	0.067588	0.002613	0.001021	0.031593	0.297411	0.001398	0.074107	0.006768	0.517501
73	0.064917	0.002595	0.000930	0.030942	0.303096	0.001229	0.072663	0.006624	0.517004
74	0.062620	0.002465	0.000894	0.030513	0.307807	0.001231	0.071402	0.006420	0.516648
75	0.060110	0.002295	0.000771	0.029830	0.313248	0.001142	0.070072	0.006246	0.516286
76	0.057903	0.002149	0.000699	0.029469	0.318412	0.001069	0.068314	0.006128	0.515857
77	0.055797	0.002014	0.000616	0.029129	0.323065	0.000998	0.067013	0.006044	0.515324
78	0.053568	0.001927	0.000594	0.028779	0.328134	0.000922	0.065633	0.005844	0.514599
79	0.051418	0.001773	0.000508	0.028206	0.332807	0.000862	0.064415	0.005783	0.514228
80	0.049298	0.001649	0.000458	0.027910	0.337270	0.000780	0.062800	0.005448	0.514387
81	0.047076	0.001610	0.000405	0.027525	0.342302	0.000743	0.061306	0.005340	0.513693
82	0.045219	0.001535	0.000374	0.026959	0.347425	0.000726	0.060549	0.005177	0.512036
83	0.043339	0.001438	0.000347	0.026607	0.352970	0.000663	0.058931	0.005091	0.510614
84	0.041529	0.001364	0.000319	0.026221	0.357527	0.000611	0.057615	0.005005	0.509809
85	0.039899	0.001272	0.000276	0.025809	0.362364	0.000581	0.056433	0.004892	0.508474
86	0.038195	0.001257	0.000228	0.025436	0.367014	0.000606	0.055333	0.004807	0.507124
87	0.036270	0.001208	0.000207	0.025003	0.372312	0.000546	0.054377	0.004738	0.505339
88	0.034717	0.001148	0.000189	0.024712	0.377459	0.000531	0.053371	0.004596	0.503277
89	0.033209	0.001109	0.000181	0.024268	0.382380	0.000528	0.051987	0.004449	0.501889
90	0.031708	0.001031	0.000174	0.023959	0.387120	0.000518	0.051134	0.004415	0.499941
91	0.030200	0.000967	0.000152	0.023627	0.391945	0.000528	0.049880	0.004355	0.498346
92	0.029067	0.000916	0.000135	0.023358	0.396934	0.000492	0.048524	0.004136	0.496438
93	0.027755	0.000875	0.000107	0.023156	0.401931	0.000459	0.047622	0.004052	0.494043
94	0.026449	0.000810	0.000098	0.022943	0.406680	0.000446	0.046865	0.003917	0.491792
95	0.025350	0.000773	0.000093	0.022751	0.411611	0.000415	0.045862	0.003895	0.489250
96	0.024394	0.000766	0.000079	0.022548	0.416488	0.000374	0.044984	0.003771	0.486596
97	0.023302	0.000746	0.000074	0.022374	0.421132	0.000371	0.044196	0.003658	0.484147
98	0.022199	0.000703	0.000062	0.022279	0.425695	0.000358	0.043209	0.003500	0.481995
99	0.021147	0.000648	0.000050	0.022054	0.430557	0.000346	0.042420	0.003409	0.479369
100	0.020126	0.000635	0.000046	0.021886	0.434631	0.000358	0.041673	0.003281	0.477364
101	0.019366	0.000605	0.000040	0.021709	0.439059	0.000316	0.040912	0.003235	0.474758
102	0.018527	0.000577	0.000030	0.021625	0.443335	0.000316	0.040018	0.003146	0.472426
103	0.017490	0.000555	0.000034	0.021344	0.447909	0.000326	0.039122	0.003117	0.470103
104	0.016608	0.000541	0.000033	0.021279	0.452243	0.000327	0.038357	0.003009	0.467603
105	0.015725	0.000521	0.000025	0.021122	0.456893	0.000321	0.037558	0.002922	0.464913
106	0.014931	0.000497	0.000023	0.020848	0.461283	0.000282	0.036876	0.002860	0.462400
107	0.014243	0.000480	0.000017	0.020488	0.465871	0.000292	0.035924	0.002785	0.459900
108	0.013521	0.000456	0.000015	0.020392	0.469939	0.000269	0.035245	0.002670	0.457493
109	0.012816	0.000414	0.000012	0.020075	0.474319	0.000236	0.034514	0.002674	0.454940
110	0.012095	0.000408	0.000014	0.019940	0.478526	0.000235	0.033813	0.002522	0.452447
111	0.011361	0.000390	0.000009	0.019726	0.482790	0.000227	0.033265	0.002444	0.449788
112	0.010776	0.000338	0.000005	0.019478	0.486966	0.000210	0.032634	0.002363	0.447230
113	0.010160	0.000347	0.000001	0.019168	0.491647	0.000211	0.031873	0.002334	0.444259
114	0.009615	0.000317	0.000001	0.019041	0.495950	0.000197	0.031359	0.002294	0.441226
115	0.009011	0.000291	0.000001	0.019028	0.499666	0.000196	0.030803	0.002235	0.438769
116	0.008380	0.000249	0.000000	0.018869	0.504067	0.000178	0.030107	0.002203	0.435947
117	0.007847	0.000256	0.000000	0.018667	0.508551	0.000188	0.029491	0.002129	0.432871
118	0.007535	0.000232	0.000000	0.018424	0.512520	0.000197	0.028892	0.002072	0.430128
119	0.007100	0.000235	0.000000	0.018451	0.516427	0.000186	0.028359	0.002062	0.427180
120	0.006576	0.000210	0.000000	0.018233	0.520864	0.000181	0.027826	0.002007	0.424103
121	0.006120	0.000214	0.000000	0.018225	0.524506	0.000194	0.027226	0.001983	0.421532
122	0.005733	0.000223	0.000000	0.018015	0.528563	0.000195	0.026868	0.001877	0.418526
123	0.005408	0.000204	0.000000	0.017763	0.532876	0.000177	0.026239	0.001867	0.415466
124	0.005026	0.000191	0.000000	0.017611	0.537049	0.000175	0.025675	0.001832	0.412441
125	0.004735	0.000187	0.000000	0.017381	0.540913	0.000168	0.025103	0.001798	0.409715
126	0.004451	0.000158	0.000000	0.017358	0.545152	0.000179	0.024581	0.001781	0.406340
127	0.004117	0.000163	0.000000	0.017121	0.549461	0.000178	0.023916	0.001671	0.403373
128	0.003840	0.000152	0.000000	0.017057	0.553417	0.000155	0.023403	0.001696	0.400280
129	0.003555	0.000122	0.000000	0.016883	0.557912	0.000150	0.022928	0.001651	0.396799
130	0.003303	0.000117	0.000000	0.016880	0.561462	0.000152	0.022623	0.001590	0.393873
131	0.003056	0.000105	0.000000	0.016817	0.565696	0.000153	0.022132	0.001611	0.390430
132	0.002878	0.000083	0.000000	0.016657	0.569688	0.000135	0.021686	0.001565	0.387308
133	0.002719	0.000074	0.000000	0.016491	0.573892	0.000143	0.021302	0.001527	0.383852
134	0.002536	0.000050	0.000000	0.016533	0.577564	0.000131	0.020659	0.001538	0.380989
135	0.002366	0.000047	0.000000	0.016295	0.581448	0.000145	0.020113	0.001497	0.378089
136	0.002184	0.000048	0.000000	0.016364	0.585346	0.000145	0.019833	0.001440	0.374640
137	0.002066	0.000049	0.000000	0.016301	0.588986	0.000141	0.019589	0.001428	0.371440
138	0.001961	0.000047	0.000000	0.016336	0.592709	0.000139	0.019282	0.001422	0.368104
139	0.001803	0.000042	0.000000	0.016220	0.596399	0.000151	0.018791	0.001407	0.365187
140	0.001650	0.000047	0.000000	0.016191	0.600249	0.000152	0.018449	0.001370	0.361892
141	0.001560	0.000045	0.000000	0.016111	0.603867	0.000137	0.018128	0.001357	0.358795
142	0.001503	0.000042	0.000000	0.016053	0.607292	0.000127	0.017873	0.001266	0.355844
143	0.001420	0.000041	0.000000	0.016031	0.610990	0.000117	0.017486	0.001219	0.352696
144	0.001370	0.000040	0.000000	0.016020	0.614478	0.000116	0.017210	0.001172	0.349594
145	0.001242	0.000033	0.000000	0.016066	0.618163	0.000112	0.016933	0.001148	0.346303
146	0.001165	0.000033	0.000000	0.015808	0.622104	0.000113	0.016408	0.001121	0.343248
147	0.001077	0.000021	0.000000	0.015721	0.625618	0.000103	0.016054	0.001111	0.340295
148	0.001034	0.000022	0.000000	0.015553	0.629277	0.000101	0.015689	0.001065	0.337259
149	0.000986	0.000021	0.000000	0.015540	0.632796	0.000102	0.015257	0.001035	0.334263
150	0.000974	0.000022	0.000000	0.015572	0.636162	0.000085	0.014766	0.000997	0.331422
151	0.000880	0.000025	0.000000	0.015498	0.639683	0.000087	0.014464	0.000995	0.328368
152	0.000858	0.000026	0.000000	0.015540	0.643216	0.000104	0.014091	0.000970	0.325195
153	0.000769	0.000018	0.000000	0.015533	0.646957	0.000080	0.013824	0.000936	0.321883
154	0.000707	0.000012	0.000000	0.015316	0.650363	0.000089	0.013539	0.000897	0.319077
155	0.000642	0.000010	0.000000	0.015319	0.653907	0.000088	0.013364	0.000887	0.315783
156	0.000607	0.000008	0.000000	0.015284	0.657449	0.000092	0.013120	0.000885	0.312555
157	0.000579	0.000006	0.000000	0.015150	0.660882	0.000092	0.012856	0.000802	0.309633
158	0.000561	0.000004	0.000000	0.015204	0.664117	0.000086	0.012492	0.000808	0.306728
159	0.000520	0.000003	0.000000	0.015056	0.667607	0.000088	0.012245	0.000823	0.303658
160	0.000522	0.000004	0.000000	0.014969	0.671324	0.000080	0.011953	0.000805	0.300343
161	0.000485	0.000006	0.000000	0.014934	0.674450	0.000083	0.011764	0.000784	0.297494
162	0.000432	0.000005	0.000000	0.014788	0.677815	0.000087	0.011566	0.000776	0.294531
163	0.000419	0.000005	0.000000	0.014798	0.680596	0.000077	0.011260	0.000753	0.292092
164	0.000406	0.000004	0.000000	0.014865	0.683979	0.000081	0.010947	0.000788	0.288930
165	0.000393	0.000004	0.000000	0.014759	0.687597	0.000080	0.010653	0.000786	0.285728
166	0.000370	0.000005	0.000000	0.014678	0.690778	0.000085	0.010572	0.000734	0.282778
167	0.000366	0.000006	0.000000	0.014469	0.694085	0.000099	0.010260	0.000724	0.279991
168	0.000367	0.000008	0.000000	0.014437	0.697035	0.000093	0.010028	0.000703	0.277329
169	0.000370	0.000005	0.000000	0.014266	0.700855	0.000088	0.009733	0.000711	0.273972
170	0.000353	0.000007	0.000000	0.014370	0.704218	0.000094	0.009440	0.000693	0.270825
171	0.000350	0.000006	0.000000	0.014404	0.707464	0.000090	0.009139	0.000709	0.267838
172	0.000331	0.000005	0.000000	0.014455	0.710451	0.000095	0.008800	0.000666	0.265197
173	0.000310	0.000005	0.000000	0.014405	0.713711	0.000104	0.008590	0.000636	0.262239
174	0.000288	0.000002	0.000000	0.014413	0.716199	0.000109	0.008502	0.000612	0.259875
175	0.000262	0.000003	0.000000	0.014407	0.719490	0.000113	0.008297	0.000644	0.256784
176	0.000258	0.000004	0.000000	0.014437	0.722533	0.000110	0.008177	0.000625	0.253856
177	0.000268	0.000004	0.000000	0.014375	0.725305	0.000114	0.007978	0.000594	0.251362
178	0.000236	0.000001	0.000000	0.014354	0.728605	0.000112	0.007733	0.000566	0.248393
179	0.000228	0.000000	0.000000	0.014259	0.731903	0.000102	0.007559	0.000538	0.245411
180	0.000223	0.000000	0.000000	0.014207	0.735176	0.000097	0.007494	0.000504	0.242299
181	0.000218	0.000000	0.000000	0.014108	0.738089	0.000096	0.007248	0.000507	0.239734
182	0.000207	0.000000	0.000000	0.014132	0.740894	0.000102	0.007110	0.000499	0.237056
183	0.000199	0.000000	0.000000	0.014166	0.743709	0.000101	0.007011	0.000496	0.234318
184	0.000194	0.000000	0.000000	0.014323	0.746348	0.000093	0.006787	0.000488	0.231767
185	0.000187	0.000000	0.000000	0.014408	0.749345	0.000089	0.006606	0.000461	0.228904
186	0.000183	0.000000	0.000000	0.014282	0.752428	0.000098	0.006392	0.000502	0.226115
187	0.000179	0.000000	0.000000	0.014344	0.754929	0.000096	0.006232	0.000486	0.223734
188	0.000166	0.000000	0.000000	0.014326	0.758010	0.000095	0.006150	0.000466	0.220787
189	0.000155	0.000000	0.000000	0.014237	0.760624	0.000091	0.005941	0.000414	0.218538
190	0.000156	0.000000	0.000000	0.014281	0.763173	0.000098	0.005819	0.000406	0.216067
191	0.000140	0.000000	0.000000	0.014141	0.766073	0.000102	0.005774	0.000364	0.213406
192	0.000131	0.000000	0.000000	0.014089	0.769070	0.000083	0.005582	0.000337	0.210708
193	0.000130	0.000000	0.000000	0.014101	0.771730	0.000080	0.005512	0.000315	0.208132
194	0.000129	0.000000	0.000000	0.014092	0.774722	0.000077	0.005396	0.000301	0.205283
195	0.000124	0.000000	0.000000	0.014284	0.776968	0.000076	0.005199	0.000304	0.203045
196	0.000131	0.000000	0.000000	0.014238	0.779327	0.000086	0.005124	0.000275	0.200819
197	0.000129	0.000000	0.000000	0.014147	0.782278	0.000083	0.005058	0.000247	0.198058
198	0.000125	0.000000	0.000000	0.014334	0.784978	0.000089	0.004923	0.000223	0.195328
199	0.000118	0.000000	0.000000	0.014255	0.787250	0.000085	0.004862	0.000206	0.193224
200	0.000106	0.000000	0.000000	0.014253	0.789927	0.000083	0.004781	0.000192	0.190658
201	0.000108	0.000000	0.000000	0.014295	0.792067	0.000090	0.004624	0.000194	0.188622
202	0.000101	0.000000	0.000000	0.014246	0.794921	0.000087	0.004519	0.000175	0.185951
203	0.000093	0.000000	0.000000	0.014234	0.797238	0.000084	0.004420	0.000168	0.183763
204	0.000094	0.000000	0.000000	0.014180	0.799869	0.000088	0.004311	0.000158	0.181300
205	0.000083	0.000000	0.000000	0.014115	0.802630	0.000093	0.004227	0.000152	0.178700
206	0.000073	0.000000	0.000000	0.014053	0.805185	0.000106	0.004095	0.000150	0.176338
207	0.000074	0.000000	0.000000	0.014031	0.807651	0.000106	0.003983	0.000141	0.174014
208	0.000073	0.000000	0.000000	0.014014	0.809891	0.000105	0.003932	0.000132	0.171853
209	0.000063	0.000000	0.000000	0.013824	0.812532	0.000102	0.003856	0.000133	0.169490
210	0.000061	0.000000	0.000000	0.013809	0.815039	0.000099	0.003705	0.000113	0.167174
211	0.000052	0.000000	0.000000	0.013830	0.817329	0.000070	0.003587	0.000103	0.165029
212	0.000045	0.000000	0.000000	0.013840	0.819672	0.000072	0.003503	0.000109	0.162759
213	0.000057	0.000000	0.000000	0.013746	0.821762	0.000076	0.003333	0.000100	0.160926
214	0.000060	0.000000	0.000000	0.013827	0.824305	0.000080	0.003195	0.000100	0.158433
215	0.000056	0.000000	0.000000	0.013934	0.826754	0.000082	0.003102	0.000101	0.155971
216	0.000050	0.000000	0.000000	0.013794	0.828782	0.000077	0.003044	0.000097	0.154156
217	0.000055	0.000000	0.000000	0.013789	0.831042	0.000069	0.002926	0.000089	0.152030
218	0.000042	0.000000	0.000000	0.013767	0.833235	0.000066	0.002794	0.000080	0.150016
219	0.000035	0.000000	0.000000	0.013745	0.835558	0.000064	0.002720	0.000068	0.147810
220	0.000033	0.000000	0.000000	0.013728	0.837975	0.000067	0.002635	0.000070	0.145492
221	0.000020	0.000000	0.000000	0.013710	0.840157	0.000065	0.002586	0.000066	0.143396
222	0.000019	0.000000	0.000000	0.013684	0.842205	0.000068	0.002478	0.000073	0.141473
223	0.000016	0.000000	0.000000	0.013705	0.844107	0.000066	0.002426	0.000071	0.139609
224	0.000016	0.000000	0.000000	0.013545	0.846442	0.000073	0.002324	0.000067	0.137533
225	0.000021	0.000000	0.000000	0.013449	0.848710	0.000062	0.002302	0.000058	0.135398
226	0.000019	0.000000	0.000000	0.013472	0.850688	0.000060	0.002258	0.000053	0.133450
227	0.000016	0.000000	0.000000	0.013320	0.852692	0.000050	0.002196	0.000041	0.131685
228	0.000017	0.000000	0.000000	0.013422	0.854771	0.000059	0.002137	0.000038	0.129556
229	0.000018	0.000000	0.000000	0.013507	0.856737	0.000038	0.002045	0.000037	0.127618
230	0.000020	0.000000	0.000000	0.013451	0.858587	0.000044	0.001976	0.000036	0.125886
231	0.000018	0.000000	0.000000	0.013341	0.860381	0.000035	0.001924	0.000035	0.124266
232	0.000013	0.000000	0.000000	0.013163	0.862278	0.000035	0.001879	0.000039	0.122593
233	0.000013	0.000000	0.000000	0.013155	0.864138	0.000033	0.001821	0.000033	0.120807
234	0.000011	0.000000	0.000000	0.013082	0.865976	0.000032	0.001847	0.000035	0.119017
235	0.000008	0.000000	0.000000	0.013094	0.868049	0.000027	0.001815	0.000027	0.116980
236	0.000009	0.000000	0.000000	0.013091	0.869938	0.000028	0.001753	0.000025	0.115156
237	0.000006	0.000000	0.000000	0.013021	0.871764	0.000026	0.001755	0.000024	0.113404
238	0.000009	0.000000	0.000000	0.013047	0.873851	0.000030	0.001743	0.000025	0.111295
239	0.000008	0.000000	0.000000	0.013019	0.875473	0.000034	0.001699	0.000031	0.109736
240	0.000009	0.000000	0.000000	0.013056	0.877232	0.000022	0.001644	0.000036	0.108001
241	0.000005	0.000000	0.000000	0.013125	0.878689	0.000031	0.001602	0.000032	0.106516
242	0.000004	0.000000	0.000000	0.013220	0.880364	0.000030	0.001581	0.000038	0.104763
243	0.000002	0.000000	0.000000	0.013160	0.881737	0.000028	0.001538	0.000036	0.103499
244	0.000002	0.000000	0.000000	0.013282	0.883061	0.000026	0.001547	0.000037	0.102045
245	0.000001	0.000000	0.000000	0.013179	0.884914	0.000029	0.001569	0.000032	0.100276
246	0.000001	0.000000	0.000000	0.013144	0.886504	0.000029	0.001546	0.000026	0.098750
247	0.000000	0.000000	0.000000	0.013097	0.888223	0.000028	0.001482	0.000024	0.097146
248	0.000000	0.000000	0.000000	0.013093	0.889750	0.000022	0.001399	0.000021	0.095715
249	0.000000	0.000000	0.000000	0.013043	0.891411	0.000030	0.001433	0.000031	0.094052
250	0.000000	0.000000	0.000000	0.012936	0.892923	0.000029	0.001369	0.000037	0.092706
251	0.000000	0.000000	0.000000	0.012949	0.894525	0.000032	0.001384	0.000034	0.091076
252	0.000000	0.000000	0.000000	0.013093	0.895725	0.000035	0.001371	0.000037	0.089739
253	0.000000	0.000000	0.000000	0.012964	0.897293	0.000033	0.001311	0.000036	0.088363
254	0.000000	0.000000	0.000000	0.012858	0.898720	0.000039	0.001268	0.000038	0.087077
255	0.000000	0.000000	0.000000	0.012810	0.900236	0.000040	0.001218	0.000034	0.085662
256	0.000000	0.000000	0.000000	0.012898	0.901502	0.000042	0.001200	0.000026	0.084332
257	0.000000	0.000000	0.000000	0.012954	0.902810	0.000040	0.001123	0.000027	0.083046
258	0.000000	0.000000	0.000000	0.012870	0.904123	0.000029	0.001104	0.000027	0.081847
259	0.000000	0.000000	0.000000	0.012795	0.905577	0.000037	0.001076	0.000025	0.080490
260	0.000000	0.000000	0.000000	0.012867	0.906758	0.000047	0.000963	0.000027	0.079338
261	0.000000	0.000000	0.000000	0.012790	0.908233	0.000036	0.000923	0.000032	0.077986
262	0.000000	0.000000	0.000000	0.012751	0.909682	0.000033	0.000944	0.000028	0.076562
263	0.000000	0.000000	0.000000	0.012901	0.910588	0.000044	0.000940	0.000032	0.075495
264	0.000000	0.000000	0.000000	0.013045	0.911566	0.000039	0.000886	0.000025	0.074439
265	0.000000	0.000000	0.000000	0.013059	0.912929	0.000044	0.000878	0.000023	0.073067
266	0.000000	0.000000	0.000000	0.013130	0.914117	0.000038	0.000877	0.000016	0.071822
267	0.000000	0.000000	0.000000	0.013161	0.915075	0.000038	0.000863	0.000009	0.070854
268	0.000000	0.000000	0.000000	0.013198	0.916434	0.000051	0.000825	0.000011	0.069481
269	0.000000	0.000000	0.000000	0.013039	0.917691	0.000059	0.000788	0.000014	0.068409
270	0.000000	0.000000	0.000000	0.013036	0.918791	0.000058	0.000767	0.000011	0.067337
271	0.000000	0.000000	0.000000	0.012981	0.919839	0.000048	0.000701	0.000008	0.066423
272	0.000000	0.000000	0.000000	0.012936	0.921110	0.000055	0.000699	0.000007	0.065193
273	0.000000	0.000000	0.000000	0.012957	0.922261	0.000051	0.000659	0.000007	0.064065
274	0.000000	0.000000	0.000000	0.013006	0.923256	0.000063	0.000667	0.000004	0.063004
275	0.000000	0.000000	0.000000	0.012715	0.924611	0.000067	0.000645	0.000006	0.061956
276	0.000000	0.000000	0.000000	0.012716	0.925810	0.000063	0.000640	0.000007	0.060764
277	0.000000	0.000000	0.000000	0.012679	0.926827	0.000069	0.000635	0.000003	0.059787
278	0.000000	0.000000	0.000000	0.012770	0.927887	0.000072	0.000599	0.000004	0.058668
279	0.000000	0.000000	0.000000	0.012872	0.928666	0.000071	0.000557	0.000002	0.057832
280	0.000000	0.000000	0.000000	0.012890	0.929789	0.000075	0.000536	0.000000	0.056710
281	0.000000	0.000000	0.000000	0.012778	0.930936	0.000070	0.000519	0.000001	0.055696
282	0.000000	0.000000	0.000000	0.012745	0.931968	0.000060	0.000500	0.000000	0.054727
283	0.000000	0.000000	0.000000	0.012825	0.932807	0.000071	0.000462	0.000000	0.053835
284	0.000000	0.000000	0.000000	0.012791	0.933865	0.000065	0.000452	0.000000	0.052827
285	0.000000	0.000000	0.000000	0.012881	0.934807	0.000064	0.000420	0.000000	0.051828
286	0.000000	0.000000	0.000000	0.012989	0.935513	0.000072	0.000416	0.000000	0.051010
287	0.000000	0.000000	0.000000	0.013055	0.936295	0.000067	0.000383	0.000000	0.050200
288	0.000000	0.000000	0.000000	0.013008	0.937336	0.000063	0.000384	0.000000	0.049209
289	0.000000	0.000000	0.000000	0.013058	0.938150	0.000071	0.000379	0.000000	0.048342
290	0.000000	0.000000	0.000000	0.013020	0.939019	0.000078	0.000367	0.000000	0.047516
291	0.000000	0.000000	0.000000	0.013049	0.939746	0.000078	0.000337	0.000000	0.046790
292	0.000000	0.000000	0.000000	0.013104	0.940523	0.000073	0.000344	0.000000	0.045956
293	0.000000	0.000000	0.000000	0.013052	0.941345	0.000074	0.000328	0.000000	0.045201
294	0.000000	0.000000	0.000000	0.013224	0.941968	0.000095	0.000319	0.000000	0.044394
295	0.000000	0.000000	0.000000	0.013335	0.942737	0.000089	0.000280	0.000000	0.043559
296	0.000000	0.000000	0.000000	0.013412	0.943548	0.000083	0.000246	0.000000	0.042711
297	0.000000	0.000000	0.000000	0.013529	0.943996	0.000088	0.000239	0.000000	0.042148
298	0.000000	0.000000	0.000000	0.013554	0.944709	0.000075	0.000222	0.000000	0.041440
299	0.000000	0.000000	0.000000	0.013542	0.945296	0.000093	0.000219	0.000000	0.040850
300	0.000000	0.000000	0.000000	0.013650	0.946107	0.000090	0.000205	0.000000	0.039948
301	0.000000	0.000000	0.000000	0.013688	0.946811	0.000091	0.000195	0.000000	0.039215
302	0.000000	0.000000	0.000000	0.013578	0.947628	0.000084	0.000190	0.000000	0.038520
303	0.000000	0.000000	0.000000	0.013654	0.948192	0.000080	0.000155	0.000000	0.037919
304	0.000000	0.000000	0.000000	0.013503	0.949155	0.000089	0.000148	0.000000	0.037105
305	0.000000	0.000000	0.000000	0.013654	0.949755	0.000091	0.000148	0.000000	0.036352
306	0.000000	0.000000	0.000000	0.013550	0.950459	0.000100	0.000147	0.000000	0.035744
307	0.000000	0.000000	0.000000	0.013435	0.951291	0.000093	0.000135	0.000000	0.035046
308	0.000000	0.000000	0.000000	0.013468	0.951808	0.000094	0.000131	0.000000	0.034499
309	0.000000	0.000000	0.000000	0.013569	0.952394	0.000085	0.000128	0.000000	0.033824
310	0.000000	0.000000	0.000000	0.013640	0.952910	0.000082	0.000128	0.000000	0.033240
311	0.000000	0.000000	0.000000	0.013626	0.953498	0.000082	0.000110	0.000000	0.032684
312	0.000000	0.000000	0.000000	0.013620	0.954199	0.000083	0.000116	0.000000	0.031982
313	0.000000	0.000000	0.000000	0.013636	0.954776	0.000075	0.000103	0.000000	0.031410
314	0.000000	0.000000	0.000000	0.013548	0.955411	0.000074	0.000101	0.000000	0.030866
315	0.000000	0.000000	0.000000	0.013551	0.956079	0.000079	0.000096	0.000000	0.030195
316	0.000000	0.000000	0.000000	0.013431	0.956643	0.000068	0.000079	0.000000	0.029779
317	0.000000	0.000000	0.000000	0.013343	0.957368	0.000074	0.000072	0.000000	0.029143
318	0.000000	0.000000	0.000000	0.013271	0.958000	0.000070	0.000091	0.000000	0.028568
319	0.000000	0.000000	0.000000	0.013314	0.958476	0.000078	0.000082	0.000000	0.028050
320	0.000000	0.000000	0.000000	0.013267	0.959247	0.000078	0.000087	0.000000	0.027321
321	0.000000	0.000000	0.000000	0.013161	0.959938	0.000074	0.000068	0.000000	0.026759
322	0.000000	0.000000	0.000000	0.013224	0.960357	0.000066	0.000064	0.000000	0.026289
323	0.000000	0.000000	0.000000	0.013277	0.960849	0.000069	0.000059	0.000000	0.025746
324	0.000000	0.000000	0.000000	0.013315	0.961315	0.000068	0.000065	0.000000	0.025237
325	0.000000	0.000000	0.000000	0.013341	0.961818	0.000075	0.000068	0.000000	0.024698
326	0.000000	0.000000	0.000000	0.013223	0.962380	0.000073	0.000058	0.000000	0.024266
327	0.000000	0.000000	0.000000	0.013341	0.962709	0.000087	0.000054	0.000000	0.023809
328	0.000000	0.000000	0.000000	0.013318	0.963285	0.000073	0.000060	0.000000	0.023264
329	0.000000	0.000000	0.000000	0.013336	0.963713	0.000076	0.000062	0.000000	0.022813
330	0.000000	0.000000	0.000000	0.013373	0.964212	0.000068	0.000060	0.000000	0.022287
331	0.000000	0.000000	0.000000	0.013430	0.964724	0.000077	0.000063	0.000000	0.021706
332	0.000000	0.000000	0.000000	0.013421	0.965250	0.000068	0.000056	0.000000	0.021205
333	0.000000	0.000000	0.000000	0.013355	0.965851	0.000063	0.000063	0.000000	0.020668
334	0.000000	0.000000	0.000000	0.013262	0.966423	0.000059	0.000059	0.000000	0.020197
335	0.000000	0.000000	0.000000	0.013301	0.966769	0.000063	0.000058	0.000000	0.019809
336	0.000000	0.000000	0.000000	0.013420	0.967002	0.000060	0.000058	0.000000	0.019460
337	0.000000	0.000000	0.000000	0.013542	0.967399	0.000049	0.000053	0.000000	0.018957
338	0.000000	0.000000	0.000000	0.013530	0.967802	0.000050	0.000050	0.000000	0.018568
339	0.000000	0.000000	0.000000	0.013608	0.968157	0.000055	0.000044	0.000000	0.018136
340	0.000000	0.000000	0.000000	0.013471	0.968729	0.000054	0.000042	0.000000	0.017704
341	0.000000	0.000000	0.000000	0.013439	0.969083	0.000059	0.000041	0.000000	0.017378
342	0.000000	0.000000	0.000000	0.013310	0.969683	0.000051	0.000039	0.000000	0.016917
343	0.000000	0.000000	0.000000	0.013240	0.970103	0.000054	0.000029	0.000000	0.016574
344	0.000000	0.000000	0.000000	0.013275	0.970477	0.000046	0.000024	0.000000	0.016178
345	0.000000	0.000000	0.000000	0.013222	0.970919	0.000050	0.000013	0.000000	0.015796
346	0.000000	0.000000	0.000000	0.013112	0.971404	0.000048	0.000012	0.000000	0.015424
347	0.000000	0.000000	0.000000	0.013046	0.971910	0.000040	0.000009	0.000000	0.014995
348	0.000000	0.000000	0.000000	0.013038	0.972243	0.000041	0.000007	0.000000	0.014671
349	0.000000	0.000000	0.000000	0.013058	0.972600	0.000040	0.000007	0.000000	0.014295
350	0.000000	0.000000	0.000000	0.013140	0.972850	0.000035	0.000011	0.000000	0.013964
351	0.000000	0.000000	0.000000	0.013229	0.973092	0.000031	0.000008	0.000000	0.013640
352	0.000000	0.000000	0.000000	0.013063	0.973581	0.000031	0.000006	0.000000	0.013319
353	0.000000	0.000000	0.000000	0.013038	0.973865	0.000031	0.000004	0.000000	0.013062
354	0.000000	0.000000	0.000000	0.013011	0.974246	0.000040	0.000002	0.000000	0.012701
355	0.000000	0.000000	0.000000	0.013079	0.974352	0.000044	0.000000	0.000000	0.012525
356	0.000000	0.000000	0.000000	0.013192	0.974703	0.000037	0.000000	0.000000	0.012068
357	0.000000	0.000000	0.000000	0.013276	0.974821	0.000034	0.000000	0.000000	0.011869
358	0.000000	0.000000	0.000000	0.013325	0.975067	0.000029	0.000000	0.000000	0.011579
359	0.000000	0.000000	0.000000	0.013355	0.975296	0.000033	0.000000	0.000000	0.011316
360	0.000000	0.000000	0.000000	0.013326	0.975583	0.000035	0.000000	0.000000	0.011056
361	0.000000	0.000000	0.000000	0.013269	0.975878	0.000037	0.000000	0.000000	0.010816
362	0.000000	0.000000	0.000000	0.013233	0.976096	0.000036	0.000000	0.000000	0.010635
363	0.000000	0.000000	0.000000	0.013175	0.976389	0.000033	0.000000	0.000000	0.010403
364	0.000000	0.000000	0.000000	0.013013	0.976736	0.000031	0.000000	0.000000	0.010220
365	0.000000	0.000000	0.000000	0.012848	0.977147	0.000030	0.000000	0.000000	0.009975
366	0.000000	0.000000	0.000000	0.012868	0.977333	0.000029	0.000000	0.000000	0.009770
367	0.000000	0.000000	0.000000	0.012789	0.977722	0.000033	0.000000	0.000000	0.009456
368	0.000000	0.000000	0.000000	0.012800	0.977914	0.000035	0.000000	0.000000	0.009251
369	0.000000	0.000000	0.000000	0.012747	0.978155	0.000028	0.000000	0.000000	0.009070
370	0.000000	0.000000	0.000000	0.012607	0.978545	0.000032	0.000000	0.000000	0.008816
371	0.000000	0.000000	0.000000	0.012791	0.978609	0.000032	0.000000	0.000000	0.008568
372	0.000000	0.000000	0.000000	0.012802	0.978825	0.000037	0.000000	0.000000	0.008336
373	0.000000	0.000000	0.000000	0.012786	0.979101	0.000031	0.000000	0.000000	0.008082
374	0.000000	0.000000	0.000000	0.012854	0.979284	0.000032	0.000000	0.000000	0.007830
375	0.000000	0.000000	0.000000	0.012806	0.979532	0.000032	0.000000	0.000000	0.007630
376	0.000000	0.000000	0.000000	0.012708	0.979895	0.000025	0.000000	0.000000	0.007372
377	0.000000	0.000000	0.000000	0.012659	0.980159	0.000029	0.000000	0.000000	0.007153
378	0.000000	0.000000	0.000000	0.012392	0.980562	0.000025	0.000000	0.000000	0.007021
379	0.000000	0.000000	0.000000	0.012331	0.980831	0.000020	0.000000	0.000000	0.006818
380	0.000000	0.000000	0.000000	0.012227	0.981086	0.000024	0.000000	0.000000	0.006663
381	0.000000	0.000000	0.000000	0.012118	0.981386	0.000022	0.000000	0.000000	0.006474
382	0.000000	0.000000	0.000000	0.012068	0.981702	0.000021	0.000000	0.000000	0.006209
383	0.000000	0.000000	0.000000	0.012031	0.981904	0.000020	0.000000	0.000000	0.006045
384	0.000000	0.000000	0.000000	0.012058	0.982042	0.000019	0.000000	0.000000	0.005881
385	0.000000	0.000000	0.000000	0.012048	0.982138	0.000018	0.000000	0.000000	0.005796
386	0.000000	0.000000	0.000000	0.011982	0.982372	0.000011	0.000000	0.000000	0.005635
387	0.000000	0.000000	0.000000	0.012032	0.982454	0.000015	0.000000	0.000000	0.005499
388	0.000000	0.000000	0.000000	0.011981	0.982610	0.000010	0.000000	0.000000	0.005399
389	0.000000	0.000000	0.000000	0.011880	0.982932	0.000006	0.000000	0.000000	0.005182
390	0.000000	0.000000	0.000000	0.011829	0.983209	0.000008	0.000000	0.000000	0.004954
391	0.000000	0.000000	0.000000	0.011745	0.983434	0.000009	0.000000	0.000000	0.004812
392	0.000000	0.000000	0.000000	0.011639	0.983662	0.000012	0.000000	0.000000	0.004687
393	0.000000	0.000000	0.000000	0.011600	0.983868	0.000015	0.000000	0.000000	0.004517
394	0.000000	0.000000	0.000000	0.011539	0.984109	0.000010	0.000000	0.000000	0.004342
395	0.000000	0.000000	0.000000	0.011667	0.984126	0.000008	0.000000	0.000000	0.004199
396	0.000000	0.000000	0.000000	0.011657	0.984236	0.000011	0.000000	0.000000	0.004096
397	0.000000	0.000000	0.000000	0.011712	0.984331	0.000014	0.000000	0.000000	0.003943
398	0.000000	0.000000	0.000000	0.011633	0.984442	0.000014	0.000000	0.000000	0.003911
399	0.000000	0.000000	0.000000	0.011618	0.984664	0.000020	0.000000	0.000000	0.003698
400	0.000000	0.000000	0.000000	0.011793	0.984582	0.000023	0.000000	0.000000	0.003602
401	0.000000	0.000000	0.000000	0.011697	0.984793	0.000029	0.000000	0.000000	0.003481
402	0.000000	0.000000	0.000000	0.011578	0.984979	0.000027	0.000000	0.000000	0.003416
403	0.000000	0.000000	0.000000	0.011711	0.985031	0.000025	0.000000	0.000000	0.003233
404	0.000000	0.000000	0.000000	0.011572	0.985303	0.000025	0.000000	0.000000	0.003100
405	0.000000	0.000000	0.000000	0.011582	0.985374	0.000033	0.000000	0.000000	0.003011
406	0.000000	0.000000	0.000000	0.011707	0.985336	0.000031	0.000000	0.000000	0.002926
407	0.000000	0.000000	0.000000	0.011742	0.985394	0.000033	0.000000	0.000000	0.002831
408	0.000000	0.000000	0.000000	0.011688	0.985544	0.000038	0.000000	0.000000	0.002730
409	0.000000	0.000000	0.000000	0.011671	0.985636	0.000032	0.000000	0.000000	0.002661
410	0.000000	0.000000	0.000000	0.011472	0.985919	0.000029	0.000000	0.000000	0.002580
411	0.000000	0.000000	0.000000	0.011475	0.985972	0.000025	0.000000	0.000000	0.002528
412	0.000000	0.000000	0.000000	0.011401	0.986120	0.000028	0.000000	0.000000	0.002451
413	0.000000	0.000000	0.000000	0.011245	0.986370	0.000025	0.000000	0.000000	0.002360
414	0.000000	0.000000	0.000000	0.011259	0.986393	0.000031	0.000000	0.000000	0.002317
415	0.000000	0.000000	0.000000	0.011342	0.986403	0.000032	0.000000	0.000000	0.002223
416	0.000000	0.000000	0.000000	0.011376	0.986491	0.000033	0.000000	0.000000	0.002100
417	0.000000	0.000000	0.000000	0.011318	0.986585	0.000026	0.000000	0.000000	0.002071
418	0.000000	0.000000	0.000000	0.011191	0.986790	0.000032	0.000000	0.000000	0.001987
419	0.000000	0.000000	0.000000	0.011140	0.986932	0.000027	0.000000	0.000000	0.001901
420	0.000000	0.000000	0.000000	0.011181	0.986910	0.000018	0.000000	0.000000	0.001891
421	0.000000	0.000000	0.000000	0.011143	0.987013	0.000014	0.000000	0.000000	0.001830
422	0.000000	0.000000	0.000000	0.011154	0.987069	0.000012	0.000000	0.000000	0.001765
423	0.000000	0.000000	0.000000	0.011278	0.986959	0.000014	0.000000	0.000000	0.001749
424	0.000000	0.000000	0.000000	0.011239	0.987062	0.000017	0.000000	0.000000	0.001682
425	0.000000	0.000000	0.000000	0.011169	0.987212	0.000021	0.000000	0.000000	0.001598
426	0.000000	0.000000	0.000000	0.011234	0.987143	0.000028	0.000000	0.000000	0.001595
427	0.000000	0.000000	0.000000	0.011349	0.987064	0.000025	0.000000	0.000000	0.001562
428	0.000000	0.000000	0.000000	0.011317	0.987168	0.000020	0.000000	0.000000	0.001495
429	0.000000	0.000000	0.000000	0.011324	0.987158	0.000025	0.000000	0.000000	0.001493
430	0.000000	0.000000	0.000000	0.011395	0.987147	0.000025	0.000000	0.000000	0.001433
431	0.000000	0.000000	0.000000	0.011391	0.987189	0.000027	0.000000	0.000000	0.001393
432	0.000000	0.000000	0.000000	0.011339	0.987334	0.000020	0.000000	0.000000	0.001307
433	0.000000	0.000000	0.000000	0.011254	0.987452	0.000027	0.000000	0.000000	0.001267
434	0.000000	0.000000	0.000000	0.011312	0.987473	0.000025	0.000000	0.000000	0.001190
435	0.000000	0.000000	0.000000	0.011244	0.987584	0.000029	0.000000	0.000000	0.001143
436	0.000000	0.000000	0.000000	0.011218	0.987693	0.000028	0.000000	0.000000	0.001061
437	0.000000	0.000000	0.000000	0.011316	0.987641	0.000030	0.000000	0.000000	0.001013
438	0.000000	0.000000	0.000000	0.011308	0.987632	0.000029	0.000000	0.000000	0.001031
439	0.000000	0.000000	0.000000	0.011412	0.987589	0.000022	0.000000	0.000000	0.000977
440	0.000000	0.000000	0.000000	0.011572	0.987465	0.000030	0.000000	0.000000	0.000933
441	0.000000	0.000000	0.000000	0.011557	0.987508	0.000023	0.000000	0.000000	0.000912
442	0.000000	0.000000	0.000000	0.011533	0.987583	0.000023	0.000000	0.000000	0.000861
443	0.000000	0.000000	0.000000	0.011678	0.987495	0.000030	0.000000	0.000000	0.000797
444	0.000000	0.000000	0.000000	0.011584	0.987642	0.000029	0.000000	0.000000	0.000745
445	0.000000	0.000000	0.000000	0.011673	0.987593	0.000033	0.000000	0.000000	0.000701
446	0.000000	0.000000	0.000000	0.011708	0.987573	0.000037	0.000000	0.000000	0.000682
447	0.000000	0.000000	0.000000	0.011630	0.987690	0.000033	0.000000	0.000000	0.000647
448	0.000000	0.000000	0.000000	0.011553	0.987806	0.000032	0.000000	0.000000	0.000609
449	0.000000	0.000000	0.000000	0.011569	0.987825	0.000037	0.000000	0.000000	0.000569
450	0.000000	0.000000	0.000000	0.011448	0.987944	0.000041	0.000000	0.000000	0.000567
451	0.000000	0.000000	0.000000	0.011627	0.987783	0.000042	0.000000	0.000000	0.000548
452	0.000000	0.000000	0.000000	0.011492	0.987952	0.000042	0.000000	0.000000	0.000514
453	0.000000	0.000000	0.000000	0.011556	0.987893	0.000044	0.000000	0.000000	0.000507
454	0.000000	0.000000	0.000000	0.011516	0.987951	0.000046	0.000000	0.000000	0.000487
455	0.000000	0.000000	0.000000	0.011646	0.987838	0.000050	0.000000	0.000000	0.000466
456	0.000000	0.000000	0.000000	0.011569	0.987947	0.000046	0.000000	0.000000	0.000438
457	0.000000	0.000000	0.000000	0.011704	0.987849	0.000044	0.000000	0.000000	0.000403
458	0.000000	0.000000	0.000000	0.011728	0.987838	0.000044	0.000000	0.000000	0.000390
459	0.000000	0.000000	0.000000	0.011767	0.987821	0.000047	0.000000	0.000000	0.000365
460	0.000000	0.000000	0.000000	0.011757	0.987856	0.000045	0.000000	0.000000	0.000342
461	0.000000	0.000000	0.000000	0.011793	0.987844	0.000050	0.000000	0.000000	0.000313
462	0.000000	0.000000	0.000000	0.011721	0.987940	0.000043	0.000000	0.000000	0.000296
463	0.000000	0.000000	0.000000	0.011774	0.987911	0.000035	0.000000	0.000000	0.000280
464	0.000000	0.000000	0.000000	0.011729	0.987971	0.000023	0.000000	0.000000	0.000277
465	0.000000	0.000000	0.000000	0.011716	0.987997	0.000027	0.000000	0.000000	0.000260
466	0.000000	0.000000	0.000000	0.011902	0.987835	0.000033	0.000000	0.000000	0.000230
467	0.000000	0.000000	0.000000	0.011810	0.987942	0.000028	0.000000	0.000000	0.000220
468	0.000000	0.000000	0.000000	0.011750	0.988020	0.000033	0.000000	0.000000	0.000197
469	0.000000	0.000000	0.000000	0.011806	0.987965	0.000032	0.000000	0.000000	0.000197
470	0.000000	0.000000	0.000000	0.011923	0.987863	0.000036	0.000000	0.000000	0.000178
