0	0.290663	0.057897	0.229473	0.157588	0.029913	0.111872	0.085455	0.012259	0.024880
1	0.236208	0.048990	0.203766	0.127463	0.026260	0.111310	0.126118	0.024498	0.095387
2	0.239954	0.049530	0.205467	0.112303	0.024297	0.099262	0.132829	0.025800	0.110558
3	0.250311	0.050630	0.207725	0.099304	0.022704	0.087377	0.134998	0.026221	0.120730
4	0.261426	0.051910	0.209724	0.088090	0.021792	0.076150	0.135837	0.026180	0.128891
5	0.273081	0.052948	0.211149	0.078610	0.020755	0.065966	0.134808	0.025862	0.136821
6	0.283940	0.054079	0.211396	0.069782	0.020144	0.057373	0.133442	0.025271	0.144573
7	0.295248	0.054880	0.211043	0.062076	0.019408	0.049599	0.131338	0.024825	0.151583
8	0.305719	0.055977	0.210083	0.055121	0.018739	0.042957	0.128806	0.024114	0.158484
9	0.317093	0.056740	0.208375	0.049057	0.018413	0.036366	0.125479	0.023784	0.164693
10	0.327819	0.057508	0.206002	0.043641	0.017707	0.031518	0.122325	0.023029	0.170451
11	0.338449	0.058186	0.203270	0.039081	0.017256	0.026987	0.118877	0.022102	0.175792
12	0.348951	0.059434	0.199336	0.034372	0.016813	0.023267	0.115672	0.021464	0.180691
13	0.358844	0.060031	0.196298	0.030525	0.016421	0.019883	0.111455	0.020830	0.185713
14	0.368359	0.060932	0.192480	0.027099	0.016023	0.017035	0.107992	0.019940	0.190140
15	0.377267	0.061846	0.188892	0.023929	0.015710	0.014739	0.104175	0.019136	0.194306
16	0.386067	0.062349	0.184513	0.021294	0.015346	0.012904	0.100219	0.018430	0.198878
17	0.394737	0.063264	0.180139	0.018907	0.015056	0.010988	0.096335	0.017881	0.202693
18	0.402581	0.064056	0.176416	0.016731	0.014806	0.009601	0.092266	0.017172	0.206371
19	0.410420	0.064696	0.172172	0.014888	0.014603	0.008275	0.088397	0.016452	0.210097
20	0.417420	0.065323	0.168088	0.013036	0.014449	0.007083	0.084506	0.015740	0.214355
21	0.424587	0.066036	0.164102	0.011460	0.014270	0.006163	0.081062	0.015178	0.217142
22	0.431405	0.066571	0.160008	0.010268	0.014055	0.005419	0.077377	0.014551	0.220346
23	0.438167	0.066816	0.155786	0.009069	0.013709	0.004676	0.074349	0.013898	0.223530
24	0.443882	0.067109	0.152019	0.008109	0.013449	0.004093	0.071632	0.013287	0.226420
25	0.450092	0.067715	0.148720	0.007269	0.013225	0.003508	0.068148	0.012581	0.228742
26	0.456127	0.068296	0.144547	0.006445	0.013208	0.003104	0.065114	0.011969	0.231190
27	0.461955	0.068831	0.141040	0.005766	0.012956	0.002734	0.061851	0.011345	0.233522
28	0.468565	0.069017	0.137137	0.005186	0.012903	0.002333	0.058797	0.010884	0.235178
29	0.473912	0.069310	0.133318	0.004725	0.012781	0.002162	0.055815	0.010503	0.237474
30	0.479315	0.069588	0.129194	0.004247	0.012738	0.001874	0.053272	0.009890	0.239882
31	0.484959	0.070097	0.124957	0.003939	0.012733	0.001621	0.050890	0.009334	0.241470
32	0.490010	0.070359	0.121431	0.003473	0.012486	0.001469	0.048822	0.008956	0.242994
33	0.494845	0.070537	0.117784	0.003106	0.012424	0.001284	0.046647	0.008467	0.244906
34	0.500152	0.070497	0.114330	0.002857	0.012389	0.001105	0.044532	0.008046	0.246092
35	0.504286	0.070669	0.111381	0.002578	0.012211	0.001024	0.042496	0.007581	0.247774
36	0.508761	0.071393	0.107710	0.002363	0.012102	0.000951	0.040615	0.007335	0.248770
37	0.513537	0.071850	0.104719	0.002149	0.011995	0.000829	0.038587	0.006992	0.249342
38	0.517861	0.072155	0.101281	0.001995	0.011951	0.000733	0.036686	0.006624	0.250714
39	0.522026	0.072518	0.097826	0.001797	0.011938	0.000654	0.034993	0.006353	0.251895
40	0.525813	0.072992	0.095115	0.001660	0.011854	0.000614	0.033253	0.006086	0.252613
41	0.529733	0.073236	0.092105	0.001549	0.011842	0.000536	0.031745	0.005612	0.253642
42	0.533976	0.073567	0.089082	0.001364	0.011793	0.000419	0.030276	0.005318	0.254205
43	0.538219	0.073814	0.086186	0.001290	0.011759	0.000379	0.028548	0.005087	0.254718
44	0.543124	0.074167	0.083197	0.001193	0.011529	0.000371	0.027437	0.004777	0.254205
45	0.546864	0.074340	0.080604	0.001125	0.011525	0.000321	0.025984	0.004474	0.254763
46	0.551211	0.074726	0.078110	0.001032	0.011501	0.000284	0.024389	0.004228	0.254519
47	0.555375	0.074888	0.075721	0.000972	0.011449	0.000262	0.023277	0.003964	0.254092
48	0.559641	0.075028	0.073261	0.000895	0.011431	0.000217	0.022149	0.003719	0.253659
49	0.563636	0.075400	0.071254	0.000809	0.011270	0.000221	0.020963	0.003572	0.252875
50	0.567185	0.075453	0.069246	0.000762	0.011235	0.000182	0.019936	0.003446	0.252555
51	0.570839	0.075833	0.067210	0.000711	0.011255	0.000182	0.018965	0.003189	0.251816
52	0.574090	0.076170	0.065107	0.000664	0.011259	0.000153	0.017961	0.002992	0.251604
53	0.577442	0.076370	0.063290	0.000630	0.011292	0.000159	0.017123	0.002916	0.250778
54	0.580369	0.076707	0.061264	0.000581	0.011266	0.000134	0.016297	0.002798	0.250584
55	0.584013	0.077252	0.059527	0.000561	0.011216	0.000136	0.015345	0.002564	0.249386
56	0.587494	0.077682	0.057609	0.000517	0.011151	0.000134	0.014397	0.002475	0.248541
57	0.590863	0.077633	0.056449	0.000494	0.011146	0.000117	0.013541	0.002315	0.247442
58	0.594144	0.078315	0.054795	0.000432	0.010974	0.000112	0.012842	0.002204	0.246182
59	0.598162	0.078327	0.053233	0.000404	0.011017	0.000115	0.012225	0.002080	0.244437
60	0.601767	0.078732	0.051610	0.000395	0.010979	0.000103	0.011508	0.001964	0.242942
61	0.605085	0.078642	0.050061	0.000385	0.011021	0.000097	0.010844	0.001798	0.242067
62	0.608128	0.079112	0.048859	0.000349	0.011041	0.000091	0.010352	0.001744	0.240324
63	0.611178	0.079354	0.047559	0.000325	0.011010	0.000095	0.009626	0.001672	0.239181
64	0.615076	0.079465	0.046275	0.000323	0.010893	0.000089	0.009107	0.001549	0.237223
65	0.618239	0.079586	0.044893	0.000318	0.010867	0.000094	0.008751	0.001498	0.235754
66	0.622248	0.079971	0.043611	0.000272	0.010840	0.000080	0.008239	0.001437	0.233302
67	0.625487	0.079919	0.042380	0.000292	0.010936	0.000079	0.007736	0.001363	0.231808
68	0.628585	0.079848	0.041455	0.000275	0.010952	0.000072	0.007446	0.001287	0.230080
69	0.632088	0.079885	0.040296	0.000285	0.010972	0.000064	0.007012	0.001145	0.228253
70	0.634664	0.080537	0.039330	0.000261	0.010907	0.000055	0.006617	0.001112	0.226517
71	0.637182	0.080840	0.037899	0.000250	0.010965	0.000060	0.006111	0.001000	0.225693
72	0.640764	0.080764	0.037076	0.000240	0.010890	0.000048	0.005874	0.000990	0.223354
73	0.644052	0.080622	0.036504	0.000239	0.010887	0.000046	0.005495	0.000955	0.221200
74	0.646978	0.080826	0.035770	0.000242	0.010929	0.000043	0.005112	0.000898	0.219202
75	0.650878	0.080824	0.034535	0.000242	0.010810	0.000032	0.004864	0.000819	0.216996
76	0.653696	0.080540	0.034083	0.000232	0.010814	0.000031	0.004625	0.000801	0.215178
77	0.657226	0.080619	0.033152	0.000228	0.010782	0.000024	0.004367	0.000741	0.212861
78	0.660270	0.080978	0.032343	0.000201	0.010787	0.000019	0.004071	0.000683	0.210648
79	0.663565	0.081271	0.031472	0.000191	0.010769	0.000017	0.003910	0.000651	0.208154
80	0.667265	0.081231	0.030603	0.000186	0.010789	0.000016	0.003607	0.000633	0.205670
81	0.670250	0.081373	0.029949	0.000174	0.010780	0.000016	0.003482	0.000573	0.203403
82	0.673477	0.081528	0.029047	0.000181	0.010837	0.000015	0.003242	0.000532	0.201141
83	0.676099	0.081946	0.028274	0.000167	0.010722	0.000015	0.003068	0.000543	0.199166
84	0.679182	0.082254	0.027773	0.000155	0.010846	0.000013	0.002800	0.000525	0.196452
85	0.681892	0.082323	0.027378	0.000158	0.010789	0.000018	0.002704	0.000455	0.194283
86	0.685303	0.082249	0.026676	0.000140	0.010860	0.000017	0.002501	0.000420	0.191834
87	0.687706	0.082502	0.026172	0.000127	0.010912	0.000013	0.002274	0.000369	0.189925
88	0.690547	0.082777	0.025600	0.000131	0.010952	0.000016	0.002181	0.000372	0.187424
89	0.693687	0.082787	0.025023	0.000121	0.010871	0.000014	0.002051	0.000344	0.185102
90	0.696729	0.082713	0.024540	0.000131	0.010905	0.000013	0.001917	0.000313	0.182739
91	0.699871	0.083079	0.023982	0.000109	0.010978	0.000012	0.001822	0.000285	0.179862
92	0.702414	0.083021	0.023520	0.000108	0.010943	0.000016	0.001763	0.000269	0.177946
93	0.705211	0.083275	0.022859	0.000109	0.010892	0.000014	0.001654	0.000256	0.175730
94	0.708202	0.083475	0.022361	0.000097	0.010818	0.000016	0.001553	0.000230	0.173248
95	0.711233	0.083338	0.022030	0.000113	0.010837	0.000009	0.001530	0.000197	0.170713
96	0.714443	0.083499	0.021445	0.000119	0.010879	0.000006	0.001403	0.000192	0.168014
97	0.717547	0.083616	0.020961	0.000089	0.010764	0.000005	0.001331	0.000172	0.165515
98	0.720014	0.083683	0.020616	0.000100	0.010834	0.000008	0.001263	0.000164	0.163318
99	0.723039	0.083852	0.020251	0.000096	0.010871	0.000011	0.001239	0.000162	0.160479
100	0.725439	0.084187	0.020121	0.000083	0.010866	0.000010	0.001113	0.000141	0.158040
101	0.728051	0.084429	0.019723	0.000077	0.010999	0.000008	0.001079	0.000131	0.155503
102	0.730364	0.084714	0.019472	0.000070	0.010957	0.000010	0.000998	0.000114	0.153301
103	0.732811	0.084872	0.019243	0.000060	0.010831	0.000005	0.000938	0.000096	0.151144
104	0.735906	0.084847	0.018920	0.000059	0.010840	0.000008	0.000852	0.000093	0.148475
105	0.739001	0.084613	0.018616	0.000054	0.010880	0.000006	0.000840	0.000087	0.145903
106	0.742019	0.084586	0.018370	0.000059	0.010855	0.000004	0.000794	0.000071	0.143242
107	0.744059	0.084777	0.018274	0.000069	0.010858	0.000005	0.000716	0.000062	0.141180
108	0.746504	0.084840	0.018016	0.000069	0.010806	0.000001	0.000715	0.000066	0.138983
109	0.748478	0.085241	0.017779	0.000061	0.010898	0.000001	0.000643	0.000069	0.136830
110	0.750793	0.085341	0.017736	0.000054	0.010821	0.000000	0.000622	0.000061	0.134572
111	0.753603	0.085433	0.017402	0.000044	0.010857	0.000000	0.000563	0.000051	0.132047
112	0.756021	0.085451	0.017365	0.000046	0.010718	0.000000	0.000523	0.000059	0.129817
113	0.758927	0.085505	0.016927	0.000049	0.010710	0.000000	0.000499	0.000061	0.127322
114	0.761551	0.085519	0.016818	0.000041	0.010780	0.000000	0.000460	0.000066	0.124765
115	0.764091	0.085633	0.016590	0.000049	0.010801	0.000000	0.000431	0.000062	0.122343
116	0.766279	0.085738	0.016409	0.000042	0.010754	0.000000	0.000390	0.000059	0.120329
117	0.768411	0.086258	0.016023	0.000046	0.010771	0.000000	0.000356	0.000054	0.118081
118	0.770606	0.086502	0.015706	0.000047	0.010797	0.000000	0.000324	0.000045	0.115973
119	0.773251	0.086774	0.015508	0.000036	0.010786	0.000000	0.000304	0.000048	0.113293
120	0.775059	0.087114	0.015389	0.000035	0.010716	0.000000	0.000278	0.000042	0.111367
121	0.776901	0.087442	0.015319	0.000030	0.010733	0.000000	0.000265	0.000033	0.109277
122	0.778701	0.087561	0.015162	0.000030	0.010737	0.000000	0.000250	0.000026	0.107533
123	0.780893	0.087636	0.015123	0.000033	0.010519	0.000000	0.000227	0.000028	0.105541
124	0.783398	0.087327	0.014761	0.000022	0.010479	0.000000	0.000212	0.000037	0.103764
125	0.785529	0.087565	0.014641	0.000025	0.010534	0.000000	0.000198	0.000032	0.101476
126	0.787761	0.087518	0.014450	0.000026	0.010473	0.000000	0.000173	0.000020	0.099579
127	0.789860	0.087734	0.014156	0.000022	0.010474	0.000000	0.000146	0.000011	0.097597
128	0.791710	0.087714	0.014056	0.000020	0.010558	0.000000	0.000158	0.000012	0.095772
129	0.794214	0.087295	0.013917	0.000018	0.010517	0.000000	0.000152	0.000009	0.093878
130	0.796111	0.087368	0.013831	0.000019	0.010478	0.000000	0.000130	0.000010	0.092053
131	0.798010	0.087671	0.013841	0.000020	0.010401	0.000000	0.000105	0.000004	0.089948
132	0.800130	0.087807	0.013496	0.000021	0.010303	0.000000	0.000090	0.000004	0.088149
133	0.802419	0.087820	0.013386	0.000020	0.010185	0.000000	0.000078	0.000001	0.086091
134	0.803730	0.088192	0.013250	0.000024	0.010335	0.000000	0.000062	0.000000	0.084407
135	0.805770	0.088197	0.013304	0.000024	0.010180	0.000000	0.000067	0.000000	0.082458
136	0.807347	0.088407	0.013113	0.000023	0.010150	0.000000	0.000056	0.000000	0.080904
137	0.808777	0.088599	0.012939	0.000018	0.010152	0.000000	0.000046	0.000000	0.079469
138	0.810184	0.088829	0.012892	0.000016	0.010123	0.000000	0.000042	0.000000	0.077914
139	0.811908	0.088856	0.012766	0.000016	0.010070	0.000000	0.000038	0.000000	0.076346
140	0.813500	0.089174	0.012716	0.000013	0.009996	0.000000	0.000040	0.000000	0.074561
141	0.815585	0.088647	0.012610	0.000014	0.009937	0.000000	0.000032	0.000000	0.073175
142	0.816636	0.088794	0.012589	0.000014	0.009944	0.000000	0.000022	0.000000	0.072001
143	0.818494	0.088625	0.012454	0.000015	0.009818	0.000000	0.000026	0.000000	0.070568
144	0.820010	0.088861	0.012342	0.000014	0.009941	0.000000	0.000024	0.000000	0.068808
145	0.821620	0.088959	0.012259	0.000012	0.009915	0.000000	0.000018	0.000000	0.067217
146	0.823305	0.088759	0.012210	0.000015	0.009756	0.000000	0.000025	0.000000	0.065930
147	0.825124	0.088498	0.011994	0.000011	0.009723	0.000000	0.000021	0.000000	0.064629
148	0.826668	0.088534	0.011897	0.000011	0.009592	0.000000	0.000024	0.000000	0.063274
149	0.828425	0.088385	0.011927	0.000008	0.009503	0.000000	0.000022	0.000000	0.061730
150	0.829954	0.088367	0.011980	0.000012	0.009353	0.000000	0.000020	0.000000	0.060314
151	0.830915	0.088595	0.011816	0.000015	0.009355	0.000000	0.000019	0.000000	0.059285
152	0.832263	0.088801	0.011654	0.000012	0.009286	0.000000	0.000022	0.000000	0.057962
153	0.833577	0.088664	0.011807	0.000008	0.009298	0.000000	0.000030	0.000000	0.056616
154	0.834573	0.088829	0.011693	0.000016	0.009235	0.000000	0.000028	0.000000	0.055626
155	0.836127	0.088763	0.011587	0.000014	0.009197	0.000000	0.000027	0.000000	0.054285
156	0.837768	0.088659	0.011558	0.000011	0.009074	0.000000	0.000026	0.000000	0.052904
157	0.838949	0.088716	0.011479	0.000011	0.009044	0.000000	0.000022	0.000000	0.051779
158	0.840302	0.088749	0.011331	0.000012	0.009048	0.000000	0.000014	0.000000	0.050544
159	0.841774	0.088601	0.011286	0.000013	0.009029	0.000000	0.000018	0.000000	0.049279
160	0.842876	0.088984	0.011147	0.000013	0.008971	0.000000	0.000013	0.000000	0.047996
161	0.844494	0.088681	0.011228	0.000010	0.008991	0.000000	0.000015	0.000000	0.046581
162	0.845710	0.088595	0.011279	0.000008	0.008955	0.000000	0.000009	0.000000	0.045444
163	0.847362	0.088223	0.011059	0.000007	0.008922	0.000000	0.000007	0.000000	0.044420
164	0.848583	0.088075	0.011165	0.000004	0.008913	0.000000	0.000007	0.000000	0.043253
165	0.849653	0.088075	0.011011	0.000002	0.008898	0.000000	0.000005	0.000000	0.042356
166	0.850511	0.088154	0.011101	0.000003	0.008802	0.000000	0.000006	0.000000	0.041423
167	0.851606	0.088428	0.011000	0.000003	0.008852	0.000000	0.000003	0.000000	0.040108
168	0.852703	0.088330	0.010938	0.000003	0.008855	0.000000	0.000004	0.000000	0.039167
169	0.853872	0.088179	0.010777	0.000002	0.008820	0.000000	0.000003	0.000000	0.038347
170	0.855424	0.087680	0.010763	0.000003	0.008778	0.000000	0.000003	0.000000	0.037349
171	0.856505	0.087656	0.010565	0.000001	0.008799	0.000000	0.000004	0.000000	0.036470
172	0.857703	0.087510	0.010443	0.000002	0.008845	0.000000	0.000002	0.000000	0.035495
173	0.858801	0.087413	0.010362	0.000003	0.008789	0.000000	0.000006	0.000000	0.034626
174	0.859229	0.087392	0.010371	0.000002	0.008955	0.000000	0.000005	0.000000	0.034046
175	0.860262	0.087105	0.010404	0.000000	0.009007	0.000000	0.000002	0.000000	0.033220
176	0.861535	0.087015	0.010438	0.000001	0.008860	0.000000	0.000001	0.000000	0.032150
177	0.862530	0.086658	0.010375	0.000001	0.008890	0.000000	0.000001	0.000000	0.031545
178	0.863540	0.086690	0.010394	0.000002	0.008920	0.000000	0.000001	0.000000	0.030453
179	0.864090	0.087186	0.010256	0.000001	0.008842	0.000000	0.000001	0.000000	0.029624
180	0.864754	0.087118	0.010181	0.000000	0.008900	0.000000	0.000001	0.000000	0.029046
181	0.865669	0.086986	0.010078	0.000000	0.008918	0.000000	0.000002	0.000000	0.028347
182	0.866736	0.086898	0.009960	0.000000	0.008849	0.000000	0.000001	0.000000	0.027556
183	0.867777	0.086528	0.009986	0.000000	0.008909	0.000000	0.000001	0.000000	0.026799
184	0.868893	0.086418	0.009975	0.000000	0.008921	0.000000	0.000001	0.000000	0.025792
185	0.869502	0.086259	0.009959	0.000000	0.008871	0.000000	0.000001	0.000000	0.025408
186	0.870034	0.086702	0.009726	0.000000	0.008803	0.000000	0.000000	0.000000	0.024735
187	0.870970	0.086600	0.009686	0.000000	0.008781	0.000000	0.000000	0.000000	0.023963
188	0.872021	0.086184	0.009717	0.000000	0.008792	0.000000	0.000000	0.000000	0.023286
189	0.872860	0.086135	0.009689	0.000000	0.008710	0.000000	0.000000	0.000000	0.022606
190	0.873808	0.085943	0.009529	0.000000	0.008685	0.000000	0.000000	0.000000	0.022035
191	0.874732	0.085807	0.009438	0.000000	0.008683	0.000000	0.000000	0.000000	0.021340
192	0.875576	0.085451	0.009534	0.000000	0.008698	0.000000	0.000000	0.000000	0.020741
193	0.875805	0.085605	0.009624	0.000000	0.008804	0.000000	0.000000	0.000000	0.020162
194	0.876671	0.085222	0.009565	0.000000	0.008797	0.000000	0.000000	0.000000	0.019745
195	0.877165	0.085503	0.009546	0.000000	0.008713	0.000000	0.000000	0.000000	0.019073
196	0.877656	0.085429	0.009596	0.000000	0.008703	0.000000	0.000000	0.000000	0.018616
197	0.878320	0.085276	0.009618	0.000000	0.008747	0.000000	0.000000	0.000000	0.018039
198	0.879054	0.085051	0.009479	0.000000	0.008720	0.000000	0.000000	0.000000	0.017696
199	0.879997	0.084698	0.009568	0.000000	0.008707	0.000000	0.000000	0.000000	0.017030
200	0.880229	0.084752	0.009654	0.000000	0.008717	0.000000	0.000000	0.000000	0.016648
201	0.880668	0.084817	0.009575	0.000000	0.008760	0.000000	0.000000	0.000000	0.016180
202	0.880996	0.084908	0.009587	0.000000	0.008761	0.000000	0.000000	0.000000	0.015748
203	0.881066	0.085497	0.009485	0.000000	0.008791	0.000000	0.000000	0.000000	0.015161
204	0.881398	0.085578	0.009678	0.000000	0.008644	0.000000	0.000000	0.000000	0.014702
205	0.881926	0.085425	0.009678	0.000000	0.008730	0.000000	0.000000	0.000000	0.014241
206	0.882637	0.085324	0.009544	0.000000	0.008623	0.000000	0.000000	0.000000	0.013872
207	0.882748	0.085329	0.009739	0.000000	0.008669	0.000000	0.000000	0.000000	0.013515
208	0.883218	0.085064	0.009841	0.000000	0.008681	0.000000	0.000000	0.000000	0.013196
209	0.883416	0.085411	0.009826	0.000000	0.008691	0.000000	0.000000	0.000000	0.012656
210	0.883756	0.085310	0.009909	0.000000	0.008673	0.000000	0.000000	0.000000	0.012352
211	0.884340	0.085137	0.009950	0.000000	0.008691	0.000000	0.000000	0.000000	0.011882
212	0.884975	0.084836	0.010000	0.000000	0.008595	0.000000	0.000000	0.000000	0.011594
213	0.885386	0.084880	0.009896	0.000000	0.008620	0.000000	0.000000	0.000000	0.011218
214	0.885847	0.084707	0.009850	0.000000	0.008672	0.000000	0.000000	0.000000	0.010924
215	0.886153	0.084715	0.009785	0.000000	0.008721	0.000000	0.000000	0.000000	0.010626
216	0.886840	0.084508	0.009679	0.000000	0.008702	0.000000	0.000000	0.000000	0.010271
217	0.887004	0.084708	0.009656	0.000000	0.008683	0.000000	0.000000	0.000000	0.009949
218	0.887302	0.084789	0.009605	0.000000	0.008698	0.000000	0.000000	0.000000	0.009606
219	0.887689	0.084950	0.009446	0.000000	0.008546	0.000000	0.000000	0.000000	0.009369
220	0.888172	0.084673	0.009476	0.000000	0.008571	0.000000	0.000000	0.000000	0.009108
221	0.888455	0.084737	0.009513	0.000000	0.008508	0.000000	0.000000	0.000000	0.008787
222	0.889330	0.084374	0.009373	0.000000	0.008489	0.000000	0.000000	0.000000	0.008434
223	0.889511	0.084258	0.009501	0.000000	0.008523	0.000000	0.000000	0.000000	0.008207
224	0.889983	0.084093	0.009536	0.000000	0.008529	0.000000	0.000000	0.000000	0.007859
225	0.890217	0.084127	0.009492	0.000000	0.008551	0.000000	0.000000	0.000000	0.007613
226	0.890588	0.083980	0.009505	0.000000	0.008587	0.000000	0.000000	0.000000	0.007340
227	0.890499	0.084304	0.009490	0.000000	0.008632	0.000000	0.000000	0.000000	0.007075
228	0.890979	0.084270	0.009398	0.000000	0.008535	0.000000	0.000000	0.000000	0.006818
229	0.891405	0.083959	0.009464	0.000000	0.008631	0.000000	0.000000	0.000000	0.006541
230	0.891677	0.083845	0.009592	0.000000	0.008539	0.000000	0.000000	0.000000	0.006347
231	0.891898	0.083774	0.009638	0.000000	0.008515	0.000000	0.000000	0.000000	0.006175
232	0.892305	0.083486	0.009807	0.000000	0.008450	0.000000	0.000000	0.000000	0.005952
233	0.892740	0.083341	0.009609	0.000000	0.008454	0.000000	0.000000	0.000000	0.005856
234	0.893458	0.082872	0.009666	0.000000	0.008446	0.000000	0.000000	0.000000	0.005558
235	0.893769	0.082704	0.009697	0.000000	0.008439	0.000000	0.000000	0.000000	0.005391
236	0.894034	0.082725	0.009624	0.000000	0.008425	0.000000	0.000000	0.000000	0.005192
237	0.894108	0.082817	0.009595	0.000000	0.008410	0.000000	0.000000	0.000000	0.005070
238	0.894612	0.082532	0.009480	0.000000	0.008492	0.000000	0.000000	0.000000	0.004884
239	0.894400	0.082955	0.009527	0.000000	0.008406	0.000000	0.000000	0.000000	0.004712
240	0.894835	0.082816	0.009402	0.000000	0.008400	0.000000	0.000000	0.000000	0.004547
241	0.894685	0.083070	0.009494	0.000000	0.008291	0.000000	0.000000	0.000000	0.004460
242	0.894803	0.083076	0.009530	0.000000	0.008263	0.000000	0.000000	0.000000	0.004328
243	0.895013	0.083047	0.009510	0.000000	0.008253	0.000000	0.000000	0.000000	0.004177
244	0.894988	0.083089	0.009589	0.000000	0.008278	0.000000	0.000000	0.000000	0.004056
245	0.895138	0.082975	0.009722	0.000000	0.008200	0.000000	0.000000	0.000000	0.003965
246	0.895241	0.083026	0.009684	0.000000	0.008190	0.000000	0.000000	0.000000	0.003859
247	0.895554	0.083028	0.009524	0.000000	0.008106	0.000000	0.000000	0.000000	0.003788
248	0.895692	0.082892	0.009622	0.000000	0.008126	0.000000	0.000000	0.000000	0.003668
249	0.895647	0.083179	0.009617	0.000000	0.008030	0.000000	0.000000	0.000000	0.003527
250	0.895688	0.083260	0.009563	0.000000	0.008013	0.000000	0.000000	0.000000	0.003476
251	0.895801	0.083375	0.009510	0.000000	0.007935	0.000000	0.000000	0.000000	0.003379
252	0.895885	0.083292	0.009546	0.000000	0.007945	0.000000	0.000000	0.000000	0.003332
253	0.896289	0.083132	0.009449	0.000000	0.007870	0.000000	0.000000	0.000000	0.003260
254	0.896676	0.082847	0.009470	0.000000	0.007857	0.000000	0.000000	0.000000	0.003150
255	0.896871	0.082697	0.009543	0.000000	0.007829	0.000000	0.000000	0.000000	0.003060
256	0.896816	0.082942	0.009490	0.000000	0.007807	0.000000	0.000000	0.000000	0.002945
257	0.896911	0.082946	0.009509	0.000000	0.007768	0.000000	0.000000	0.000000	0.002866
258	0.897005	0.083109	0.009412	0.000000	0.007768	0.000000	0.000000	0.000000	0.002706
259	0.896995	0.083204	0.009474	0.000000	0.007700	0.000000	0.000000	0.000000	0.002627
260	0.897238	0.083119	0.009379	0.000000	0.007694	0.000000	0.000000	0.000000	0.002570
261	0.897406	0.083004	0.009430	0.000000	0.007656	0.000000	0.000000	0.000000	0.002504
262	0.897548	0.082925	0.009511	0.000000	0.007578	0.000000	0.000000	0.000000	0.002438
263	0.897965	0.082856	0.009331	0.000000	0.007541	0.000000	0.000000	0.000000	0.002307
264	0.897900	0.082988	0.009307	0.000000	0.007568	0.000000	0.000000	0.000000	0.002237
265	0.898046	0.083071	0.009297	0.000000	0.007477	0.000000	0.000000	0.000000	0.002109
266	0.897929	0.083083	0.009471	0.000000	0.007471	0.000000	0.000000	0.000000	0.002046
267	0.897868	0.083229	0.009384	0.000000	0.007546	0.000000	0.000000	0.000000	0.001973
268	0.898042	0.083140	0.009298	0.000000	0.007595	0.000000	0.000000	0.000000	0.001925
269	0.898173	0.083244	0.009265	0.000000	0.007454	0.000000	0.000000	0.000000	0.001864
270	0.898760	0.082699	0.009263	0.000000	0.007463	0.000000	0.000000	0.000000	0.001815
271	0.898592	0.082957	0.009200	0.000000	0.007476	0.000000	0.000000	0.000000	0.001775
272	0.898975	0.082627	0.009236	0.000000	0.007423	0.000000	0.000000	0.000000	0.001739
273	0.899087	0.082636	0.009251	0.000000	0.007380	0.000000	0.000000	0.000000	0.001646
274	0.899159	0.082831	0.009083	0.000000	0.007308	0.000000	0.000000	0.000000	0.001619
275	0.899289	0.082691	0.009157	0.000000	0.007255	0.000000	0.000000	0.000000	0.001608
276	0.899582	0.082498	0.009190	0.000000	0.007234	0.000000	0.000000	0.000000	0.001496
277	0.899873	0.082409	0.009163	0.000000	0.007147	0.000000	0.000000	0.000000	0.001408
278	0.899907	0.082327	0.009195	0.000000	0.007220	0.000000	0.000000	0.000000	0.001351
279	0.899806	0.082486	0.009216	0.000000	0.007177	0.000000	0.000000	0.000000	0.001315
280	0.900214	0.082208	0.009196	0.000000	0.007139	0.000000	0.000000	0.000000	0.001243
281	0.900196	0.082317	0.009267	0.000000	0.007065	0.000000	0.000000	0.000000	0.001155
282	0.900226	0.082286	0.009259	0.000000	0.007090	0.000000	0.000000	0.000000	0.001139
283	0.900561	0.082195	0.009156	0.000000	0.007027	0.000000	0.000000	0.000000	0.001061
284	0.900798	0.082135	0.008996	0.000000	0.007022	0.000000	0.000000	0.000000	0.001049
285	0.900551	0.082384	0.009130	0.000000	0.006983	0.000000	0.000000	0.000000	0.000952
286	0.900364	0.082670	0.009148	0.000000	0.006897	0.000000	0.000000	0.000000	0.000921
287	0.900624	0.082678	0.008952	0.000000	0.006856	0.000000	0.000000	0.000000	0.000890
288	0.900558	0.082737	0.009076	0.000000	0.006773	0.000000	0.000000	0.000000	0.000856
289	0.900836	0.082342	0.009237	0.000000	0.006767	0.000000	0.000000	0.000000	0.000818
290	0.901070	0.082173	0.009197	0.000000	0.006799	0.000000	0.000000	0.000000	0.000761
291	0.901512	0.081931	0.009072	0.000000	0.006791	0.000000	0.000000	0.000000	0.000694
292	0.901780	0.081627	0.009143	0.000000	0.006761	0.000000	0.000000	0.000000	0.000689
293	0.901863	0.081559	0.009159	0.000000	0.006783	0.000000	0.000000	0.000000	0.000636
294	0.901841	0.081713	0.009142	0.000000	0.006701	0.000000	0.000000	0.000000	0.000603
295	0.901766	0.081930	0.009118	0.000000	0.006623	0.000000	0.000000	0.000000	0.000563
296	0.901720	0.082149	0.009005	0.000000	0.006578	0.000000	0.000000	0.000000	0.000548
297	0.901817	0.082081	0.009058	0.000000	0.006534	0.000000	0.000000	0.000000	0.000510
298	0.902366	0.081619	0.008997	0.000000	0.006503	0.000000	0.000000	0.000000	0.000515
299	0.902160	0.082052	0.008981	0.000000	0.006352	0.000000	0.000000	0.000000	0.000455
300	0.902328	0.082036	0.008929	0.000000	0.006279	0.000000	0.000000	0.000000	0.000428
301	0.902314	0.082181	0.008827	0.000000	0.006285	0.000000	0.000000	0.000000	0.000393
302	0.902597	0.081896	0.008852	0.000000	0.006275	0.000000	0.000000	0.000000	0.000380
303	0.902658	0.081699	0.008935	0.000000	0.006322	0.000000	0.000000	0.000000	0.000386
304	0.902543	0.081786	0.009035	0.000000	0.006259	0.000000	0.000000	0.000000	0.000377
305	0.902172	0.082276	0.009058	0.000000	0.006152	0.000000	0.000000	0.000000	0.000342
306	0.902209	0.082164	0.009078	0.000000	0.006222	0.000000	0.000000	0.000000	0.000327
307	0.902358	0.082111	0.009061	0.000000	0.006153	0.000000	0.000000	0.000000	0.000317
308	0.902161	0.082301	0.009097	0.000000	0.006160	0.000000	0.000000	0.000000	0.000281
309	0.902323	0.082222	0.009060	0.000000	0.006116	0.000000	0.000000	0.000000	0.000279
310	0.902224	0.082305	0.009191	0.000000	0.006012	0.000000	0.000000	0.000000	0.000268
311	0.902190	0.082317	0.009224	0.000000	0.006004	0.000000	0.000000	0.000000	0.000265
312	0.902274	0.082299	0.009242	0.000000	0.005943	0.000000	0.000000	0.000000	0.000242
313	0.902244	0.082305	0.009253	0.000000	0.005946	0.000000	0.000000	0.000000	0.000252
314	0.902353	0.082130	0.009290	0.000000	0.005983	0.000000	0.000000	0.000000	0.000244
315	0.902362	0.082140	0.009280	0.000000	0.005990	0.000000	0.000000	0.000000	0.000228
316	0.901989	0.082381	0.009458	0.000000	0.005961	0.000000	0.000000	0.000000	0.000211
317	0.902221	0.082083	0.009528	0.000000	0.005951	0.000000	0.000000	0.000000	0.000217
318	0.902214	0.082159	0.009474	0.000000	0.005949	0.000000	0.000000	0.000000	0.000204
319	0.902631	0.081811	0.009462	0.000000	0.005908	0.000000	0.000000	0.000000	0.000188
320	0.902821	0.081780	0.009325	0.000000	0.005898	0.000000	0.000000	0.000000	0.000176
321	0.903008	0.081704	0.009242	0.000000	0.005865	0.000000	0.000000	0.000000	0.000181
322	0.902748	0.081821	0.009401	0.000000	0.005844	0.000000	0.000000	0.000000	0.000186
323	0.902872	0.081792	0.009396	0.000000	0.005755	0.000000	0.000000	0.000000	0.000185
324	0.902974	0.081677	0.009477	0.000000	0.005698	0.000000	0.000000	0.000000	0.000174
325	0.902930	0.081737	0.009528	0.000000	0.005641	0.000000	0.000000	0.000000	0.000164
326	0.902957	0.081747	0.009497	0.000000	0.005639	0.000000	0.000000	0.000000	0.000160
327	0.903038	0.081629	0.009547	0.000000	0.005625	0.000000	0.000000	0.000000	0.000161
328	0.903469	0.081331	0.009417	0.000000	0.005606	0.000000	0.000000	0.000000	0.000177
329	0.903533	0.081385	0.009430	0.000000	0.005484	0.000000	0.000000	0.000000	0.000168
330	0.903368	0.081567	0.009487	0.000000	0.005419	0.000000	0.000000	0.000000	0.000159
331	0.903579	0.081310	0.009616	0.000000	0.005355	0.000000	0.000000	0.000000	0.000140
332	0.903699	0.081336	0.009502	0.000000	0.005312	0.000000	0.000000	0.000000	0.000151
333	0.903807	0.081282	0.009511	0.000000	0.005267	0.000000	0.000000	0.000000	0.000133
334	0.903667	0.081380	0.009635	0.000000	0.005191	0.000000	0.000000	0.000000	0.000127
335	0.903761	0.081415	0.009619	0.000000	0.005073	0.000000	0.000000	0.000000	0.000132
336	0.903873	0.081390	0.009600	0.000000	0.005006	0.000000	0.000000	0.000000	0.000131
337	0.904041	0.081194	0.009752	0.000000	0.004893	0.000000	0.000000	0.000000	0.000120
338	0.903888	0.081489	0.009644	0.000000	0.004862	0.000000	0.000000	0.000000	0.000117
339	0.903839	0.081550	0.009704	0.000000	0.004799	0.000000	0.000000	0.000000	0.000108
340	0.904196	0.081254	0.009720	0.000000	0.004727	0.000000	0.000000	0.000000	0.000103
341	0.904051	0.081381	0.009715	0.000000	0.004759	0.000000	0.000000	0.000000	0.000094
342	0.904546	0.080902	0.009733	0.000000	0.004733	0.000000	0.000000	0.000000	0.000086
343	0.905258	0.080378	0.009672	0.000000	0.004595	0.000000	0.000000	0.000000	0.000097
344	0.905253	0.080318	0.009733	0.000000	0.004618	0.000000	0.000000	0.000000	0.000078
345	0.905260	0.080457	0.009678	0.000000	0.004523	0.000000	0.000000	0.000000	0.000082
346	0.905277	0.080402	0.009741	0.000000	0.004495	0.000000	0.000000	0.000000	0.000085
347	0.905369	0.080395	0.009689	0.000000	0.004463	0.000000	0.000000	0.000000	0.000084
348	0.905291	0.080524	0.009710	0.000000	0.004399	0.000000	0.000000	0.000000	0.000076
349	0.905422	0.080394	0.009823	0.000000	0.004289	0.000000	0.000000	0.000000	0.000072
350	0.906019	0.079730	0.009892	0.000000	0.004295	0.000000	0.000000	0.000000	0.000064
351	0.905967	0.079882	0.009850	0.000000	0.004235	0.000000	0.000000	0.000000	0.000066
352	0.906479	0.079662	0.009698	0.000000	0.004103	0.000000	0.000000	0.000000	0.000058
353	0.906250	0.079923	0.009663	0.000000	0.004108	0.000000	0.000000	0.000000	0.000056
354	0.906339	0.079687	0.009816	0.000000	0.004106	0.000000	0.000000	0.000000	0.000052
355	0.906251	0.079774	0.009875	0.000000	0.004042	0.000000	0.000000	0.000000	0.000058
356	0.906386	0.079650	0.009896	0.000000	0.004003	0.000000	0.000000	0.000000	0.000065
357	0.906201	0.079957	0.009860	0.000000	0.003931	0.000000	0.000000	0.000000	0.000051
358	0.906254	0.079861	0.009957	0.000000	0.003872	0.000000	0.000000	0.000000	0.000056
359	0.906683	0.079610	0.009851	0.000000	0.003811	0.000000	0.000000	0.000000	0.000045
360	0.906424	0.079795	0.009903	0.000000	0.003841	0.000000	0.000000	0.000000	0.000037
361	0.906472	0.079822	0.009835	0.000000	0.003833	0.000000	0.000000	0.000000	0.000038
362	0.906894	0.079419	0.009825	0.000000	0.003812	0.000000	0.000000	0.000000	0.000050
363	0.906993	0.079385	0.009752	0.000000	0.003817	0.000000	0.000000	0.000000	0.000053
364	0.907213	0.079226	0.009705	0.000000	0.003805	0.000000	0.000000	0.000000	0.000051
365	0.907190	0.079327	0.009678	0.000000	0.003754	0.000000	0.000000	0.000000	0.000051
366	0.907233	0.079259	0.009707	0.000000	0.003751	0.000000	0.000000	0.000000	0.000050
367	0.907232	0.079153	0.009843	0.000000	0.003720	0.000000	0.000000	0.000000	0.000052
368	0.907471	0.079012	0.009772	0.000000	0.003701	0.000000	0.000000	0.000000	0.000044
369	0.907790	0.078908	0.009572	0.000000	0.003684	0.000000	0.000000	0.000000	0.000046
370	0.907673	0.079049	0.009576	0.000000	0.003657	0.000000	0.000000	0.000000	0.000045
371	0.907186	0.079333	0.009722	0.000000	0.003711	0.000000	0.000000	0.000000	0.000048
372	0.907143	0.079436	0.009635	0.000000	0.003738	0.000000	0.000000	0.000000	0.000048
373	0.907331	0.079186	0.009670	0.000000	0.003769	0.000000	0.000000	0.000000	0.000044
374	0.907284	0.079162	0.009808	0.000000	0.003693	0.000000	0.000000	0.000000	0.000053
375	0.907406	0.079075	0.009768	0.000000	0.003702	0.000000	0.000000	0.000000	0.000049
376	0.907521	0.079044	0.009737	0.000000	0.003647	0.000000	0.000000	0.000000	0.000051
377	0.907344	0.079260	0.009694	0.000000	0.003644	0.000000	0.000000	0.000000	0.000058
378	0.907159	0.079426	0.009694	0.000000	0.003663	0.000000	0.000000	0.000000	0.000058
379	0.907232	0.079327	0.009711	0.000000	0.003669	0.000000	0.000000	0.000000	0.000061
380	0.907577	0.079081	0.009646	0.000000	0.003641	0.000000	0.000000	0.000000	0.000055
381	0.907309	0.079313	0.009688	0.000000	0.003627	0.000000	0.000000	0.000000	0.000063
382	0.906976	0.079510	0.009840	0.000000	0.003627	0.000000	0.000000	0.000000	0.000047
383	0.907161	0.079475	0.009718	0.000000	0.003593	0.000000	0.000000	0.000000	0.000053
384	0.907095	0.079320	0.009954	0.000000	0.003577	0.000000	0.000000	0.000000	0.000054
385	0.907581	0.078985	0.009792	0.000000	0.003582	0.000000	0.000000	0.000000	0.000060
386	0.907516	0.078950	0.009826	0.000000	0.003646	0.000000	0.000000	0.000000	0.000062
387	0.907591	0.079012	0.009621	0.000000	0.003721	0.000000	0.000000	0.000000	0.000055
388	0.907642	0.078939	0.009714	0.000000	0.003653	0.000000	0.000000	0.000000	0.000052
389	0.907747	0.078759	0.009837	0.000000	0.003608	0.000000	0.000000	0.000000	0.000049
390	0.907983	0.078704	0.009638	0.000000	0.003620	0.000000	0.000000	0.000000	0.000055
391	0.908270	0.078492	0.009558	0.000000	0.003621	0.000000	0.000000	0.000000	0.000059
392	0.908255	0.078607	0.009516	0.000000	0.003568	0.000000	0.000000	0.000000	0.000054
393	0.908501	0.078247	0.009577	0.000000	0.003616	0.000000	0.000000	0.000000	0.000059
394	0.908636	0.078186	0.009528	0.000000	0.003589	0.000000	0.000000	0.000000	0.000061
395	0.908539	0.078327	0.009528	0.000000	0.003551	0.000000	0.000000	0.000000	0.000055
396	0.908696	0.078172	0.009532	0.000000	0.003537	0.000000	0.000000	0.000000	0.000063
397	0.908617	0.078161	0.009629	0.000000	0.003541	0.000000	0.000000	0.000000	0.000052
398	0.908719	0.078160	0.009591	0.000000	0.003477	0.000000	0.000000	0.000000	0.000053
399	0.908371	0.078465	0.009616	0.000000	0.003499	0.000000	0.000000	0.000000	0.000049
400	0.908857	0.078020	0.009596	0.000000	0.003477	0.000000	0.000000	0.000000	0.000050
401	0.908626	0.078213	0.009641	0.000000	0.003468	0.000000	0.000000	0.000000	0.000052
402	0.908329	0.078363	0.009709	0.000000	0.003546	0.000000	0.000000	0.000000	0.000053
403	0.908668	0.078073	0.009717	0.000000	0.003501	0.000000	0.000000	0.000000	0.000041
404	0.908383	0.078358	0.009710	0.000000	0.003505	0.000000	0.000000	0.000000	0.000044
405	0.908233	0.078391	0.009818	0.000000	0.003522	0.000000	0.000000	0.000000	0.000036
406	0.908366	0.078335	0.009750	0.000000	0.003512	0.000000	0.000000	0.000000	0.000037
407	0.908536	0.078037	0.009871	0.000000	0.003519	0.000000	0.000000	0.000000	0.000037
408	0.908421	0.078165	0.009837	0.000000	0.003534	0.000000	0.000000	0.000000	0.000043
409	0.908356	0.078274	0.009803	0.000000	0.003527	0.000000	0.000000	0.000000	0.000040
410	0.908592	0.078125	0.009700	0.000000	0.003540	0.000000	0.000000	0.000000	0.000043
411	0.908697	0.077983	0.009742	0.000000	0.003545	0.000000	0.000000	0.000000	0.000033
412	0.908631	0.077923	0.009894	0.000000	0.003518	0.000000	0.000000	0.000000	0.000034
413	0.908538	0.078027	0.009848	0.000000	0.003557	0.000000	0.000000	0.000000	0.000030
414	0.908401	0.078144	0.009892	0.000000	0.003539	0.000000	0.000000	0.000000	0.000024
415	0.908755	0.077936	0.009749	0.000000	0.003537	0.000000	0.000000	0.000000	0.000023
416	0.908589	0.078072	0.009762	0.000000	0.003559	0.000000	0.000000	0.000000	0.000018
417	0.909000	0.077760	0.009674	0.000000	0.003549	0.000000	0.000000	0.000000	0.000017
418	0.909022	0.077799	0.009654	0.000000	0.003506	0.000000	0.000000	0.000000	0.000019
419	0.908865	0.077949	0.009704	0.000000	0.003469	0.000000	0.000000	0.000000	0.000013
420	0.909115	0.077728	0.009790	0.000000	0.003353	0.000000	0.000000	0.000000	0.000014
421	0.909195	0.077652	0.009796	0.000000	0.003344	0.000000	0.000000	0.000000	0.000013
422	0.909593	0.077384	0.009674	0.000000	0.003334	0.000000	0.000000	0.000000	0.000015
423	0.909373	0.077613	0.009650	0.000000	0.003350	0.000000	0.000000	0.000000	0.000014
424	0.909499	0.077506	0.009585	0.000000	0.003401	0.000000	0.000000	0.000000	0.000009
425	0.909254	0.077750	0.009567	0.000000	0.003423	0.000000	0.000000	0.000000	0.000006
426	0.909358	0.077595	0.009646	0.000000	0.003390	0.000000	0.000000	0.000000	0.000011
427	0.909493	0.077488	0.009623	0.000000	0.003385	0.000000	0.000000	0.000000	0.000011
428	0.909503	0.077523	0.009612	0.000000	0.003347	0.000000	0.000000	0.000000	0.000015
429	0.909450	0.077601	0.009610	0.000000	0.003326	0.000000	0.000000	0.000000	0.000013
430	0.909457	0.077598	0.009679	0.000000	0.003251	0.000000	0.000000	0.000000	0.000015
431	0.909262	0.077845	0.009632	0.000000	0.003239	0.000000	0.000000	0.000000	0.000022
432	0.909390	0.077564	0.009792	0.000000	0.003230	0.000000	0.000000	0.000000	0.000024
433	0.909194	0.077836	0.009739	0.000000	0.003205	0.000000	0.000000	0.000000	0.000026
434	0.909279	0.077734	0.009764	0.000000	0.003193	0.000000	0.000000	0.000000	0.000030
435	0.909320	0.077649	0.009852	0.000000	0.003148	0.000000	0.000000	0.000000	0.000031
436	0.909576	0.077502	0.009764	0.000000	0.003130	0.000000	0.000000	0.000000	0.000028
437	0.909557	0.077492	0.009831	0.000000	0.003091	0.000000	0.000000	0.000000	0.000029
438	0.910003	0.077012	0.009910	0.000000	0.003052	0.000000	0.000000	0.000000	0.000023
439	0.909797	0.077329	0.009871	0.000000	0.002979	0.000000	0.000000	0.000000	0.000024
440	0.909699	0.077445	0.009877	0.000000	0.002963	0.000000	0.000000	0.000000	0.000016
441	0.909352	0.077879	0.009802	0.000000	0.002951	0.000000	0.000000	0.000000	0.000016
442	0.909616	0.077674	0.009747	0.000000	0.002944	0.000000	0.000000	0.000000	0.000019
443	0.909840	0.077487	0.009723	0.000000	0.002932	0.000000	0.000000	0.000000	0.000018
444	0.910322	0.077220	0.009594	0.000000	0.002848	0.000000	0.000000	0.000000	0.000016
445	0.909980	0.077471	0.009683	0.000000	0.002849	0.000000	0.000000	0.000000	0.000017
446	0.910067	0.077304	0.009749	0.000000	0.002863	0.000000	0.000000	0.000000	0.000017
447	0.910118	0.077228	0.009779	0.000000	0.002855	0.000000	0.000000	0.000000	0.000020
448	0.910118	0.077278	0.009748	0.000000	0.002836	0.000000	0.000000	0.000000	0.000020
449	0.910019	0.077406	0.009755	0.000000	0.002799	0.000000	0.000000	0.000000	0.000021
450	0.909618	0.077882	0.009676	0.000000	0.002804	0.000000	0.000000	0.000000	0.000020
451	0.909590	0.077764	0.009812	0.000000	0.002815	0.000000	0.000000	0.000000	0.000019
452	0.909757	0.077618	0.009844	0.000000	0.002767	0.000000	0.000000	0.000000	0.000014
453	0.909686	0.077665	0.009803	0.000000	0.002830	0.000000	0.000000	0.000000	0.000016
454	0.909689	0.077605	0.009883	0.000000	0.002807	0.000000	0.000000	0.000000	0.000016
455	0.909803	0.077564	0.009860	0.000000	0.002753	0.000000	0.000000	0.000000	0.000020
456	0.909809	0.077562	0.009822	0.000000	0.002785	0.000000	0.000000	0.000000	0.000022
457	0.909634	0.077817	0.009739	0.000000	0.002790	0.000000	0.000000	0.000000	0.000020
458	0.909416	0.077767	0.009951	0.000000	0.002839	0.000000	0.000000	0.000000	0.000027
459	0.909833	0.077532	0.009856	0.000000	0.002754	0.000000	0.000000	0.000000	0.000025
460	0.910289	0.077165	0.009812	0.000000	0.002711	0.000000	0.000000	0.000000	0.000023
461	0.910320	0.076993	0.009937	0.000000	0.002724	0.000000	0.000000	0.000000	0.000026
462	0.910374	0.077056	0.009890	0.000000	0.002653	0.000000	0.000000	0.000000	0.000027
463	0.910230	0.077263	0.009821	0.000000	0.002660	0.000000	0.000000	0.000000	0.000026
464	0.910280	0.077085	0.009916	0.000000	0.002691	0.000000	0.000000	0.000000	0.000028
465	0.909992	0.077325	0.009970	0.000000	0.002687	0.000000	0.000000	0.000000	0.000026
466	0.910147	0.077244	0.009922	0.000000	0.002656	0.000000	0.000000	0.000000	0.000031
467	0.910750	0.076583	0.009972	0.000000	0.002665	0.000000	0.000000	0.000000	0.000030
468	0.910652	0.076742	0.009958	0.000000	0.002623	0.000000	0.000000	0.000000	0.000025
469	0.910974	0.076460	0.009919	0.000000	0.002623	0.000000	0.000000	0.000000	0.000024
470	0.910789	0.076789	0.009837	0.000000	0.002565	0.000000	0.000000	0.000000	0.000020
