0	0.290663	0.057897	0.229473	0.157588	0.029913	0.111872	0.085455	0.012259	0.024880
1	0.233202	0.048201	0.201091	0.132871	0.027139	0.116434	0.123539	0.023813	0.093710
2	0.235072	0.047519	0.201910	0.121477	0.026275	0.107584	0.128315	0.025039	0.106809
3	0.243069	0.048181	0.203596	0.111781	0.025631	0.098187	0.128610	0.024728	0.116217
4	0.251998	0.048456	0.204407	0.103842	0.025258	0.088929	0.128164	0.024268	0.124678
5	0.261423	0.049219	0.204750	0.096064	0.025077	0.079919	0.126924	0.023878	0.132746
6	0.270920	0.049963	0.203967	0.089031	0.025014	0.072346	0.125589	0.023086	0.140084
7	0.280633	0.050350	0.203278	0.082261	0.024964	0.065238	0.123466	0.022546	0.147264
8	0.291000	0.050840	0.201865	0.076679	0.024973	0.058515	0.120453	0.021929	0.153746
9	0.300609	0.051537	0.200417	0.070567	0.024883	0.052529	0.118175	0.021421	0.159862
10	0.309624	0.051772	0.197859	0.065202	0.025328	0.047161	0.115693	0.020711	0.166650
11	0.319626	0.052271	0.195152	0.059948	0.025626	0.042524	0.112982	0.020092	0.171779
12	0.328886	0.053022	0.192269	0.055558	0.025795	0.038039	0.109273	0.019456	0.177702
13	0.337862	0.053477	0.189491	0.051422	0.026107	0.034099	0.106061	0.018530	0.182951
14	0.346419	0.054057	0.186343	0.047151	0.026397	0.030625	0.102762	0.017899	0.188347
15	0.354828	0.054371	0.183150	0.043572	0.026633	0.027190	0.099798	0.017172	0.193286
16	0.363772	0.054656	0.179391	0.040092	0.027026	0.024252	0.096477	0.016606	0.197728
17	0.371742	0.055202	0.175616	0.037139	0.027299	0.021618	0.092951	0.016051	0.202382
18	0.379996	0.055252	0.171437	0.034317	0.027811	0.019331	0.090167	0.015500	0.206189
19	0.388167	0.055311	0.167696	0.031711	0.028237	0.017276	0.086722	0.014705	0.210175
20	0.395193	0.056053	0.163354	0.029366	0.028736	0.015479	0.083430	0.013996	0.214393
21	0.402259	0.056354	0.159204	0.027352	0.029201	0.013910	0.079949	0.013464	0.218307
22	0.409864	0.056209	0.154906	0.025343	0.029779	0.012554	0.076649	0.012957	0.221739
23	0.417218	0.056684	0.150526	0.023446	0.030281	0.011164	0.073427	0.012161	0.225093
24	0.423597	0.057090	0.146637	0.022006	0.030733	0.010093	0.070543	0.011529	0.227772
25	0.430426	0.057268	0.142861	0.020264	0.031342	0.009061	0.067484	0.010873	0.230421
26	0.436553	0.057354	0.138942	0.018897	0.031803	0.008078	0.064779	0.010499	0.233095
27	0.442956	0.057327	0.135403	0.017573	0.031976	0.007295	0.061663	0.009919	0.235888
28	0.448679	0.057383	0.132153	0.016400	0.032433	0.006632	0.058845	0.009416	0.238059
29	0.453872	0.057439	0.128522	0.015280	0.032953	0.006036	0.056396	0.008984	0.240518
30	0.459301	0.057409	0.124956	0.014170	0.033703	0.005521	0.053831	0.008532	0.242577
31	0.464516	0.057412	0.121547	0.013330	0.034285	0.005015	0.051032	0.008173	0.244690
32	0.469567	0.057659	0.117677	0.012409	0.034782	0.004538	0.049009	0.007652	0.246707
33	0.474303	0.057646	0.114143	0.011659	0.035439	0.004165	0.046680	0.007300	0.248665
34	0.479624	0.057680	0.110692	0.010914	0.036025	0.003761	0.044631	0.006956	0.249717
35	0.484877	0.057698	0.107438	0.010111	0.036607	0.003396	0.042556	0.006628	0.250689
36	0.489333	0.057492	0.104161	0.009523	0.037316	0.003165	0.040790	0.006406	0.251814
37	0.493731	0.057572	0.101347	0.008955	0.038002	0.002910	0.038683	0.005980	0.252820
38	0.498180	0.057410	0.097962	0.008484	0.038874	0.002663	0.036811	0.005591	0.254025
39	0.501677	0.057733	0.094924	0.007910	0.039670	0.002398	0.035180	0.005332	0.255176
40	0.505243	0.057951	0.092226	0.007448	0.040235	0.002167	0.033522	0.005188	0.256020
41	0.509355	0.058046	0.089649	0.007144	0.041030	0.002022	0.031655	0.004962	0.256137
42	0.513357	0.057979	0.086860	0.006810	0.041384	0.001802	0.030048	0.004790	0.256970
43	0.516825	0.058259	0.084132	0.006354	0.041965	0.001666	0.028460	0.004559	0.257780
44	0.520430	0.058030	0.081554	0.005894	0.042763	0.001559	0.026930	0.004384	0.258456
45	0.524753	0.058227	0.078615	0.005643	0.043583	0.001480	0.025603	0.004099	0.257997
46	0.528005	0.058258	0.076363	0.005381	0.044394	0.001399	0.024087	0.003903	0.258210
47	0.531566	0.058215	0.073965	0.005087	0.045126	0.001268	0.023178	0.003713	0.257882
48	0.534665	0.058247	0.071914	0.004862	0.045617	0.001133	0.022059	0.003511	0.257992
49	0.538823	0.058083	0.069578	0.004599	0.046285	0.001063	0.020936	0.003320	0.257313
50	0.541793	0.058020	0.067739	0.004294	0.047155	0.000975	0.020057	0.003208	0.256759
51	0.545465	0.057837	0.065878	0.004175	0.048145	0.000936	0.019028	0.002987	0.255549
52	0.548312	0.057424	0.063883	0.003999	0.049222	0.000868	0.018021	0.002810	0.255461
53	0.551511	0.057175	0.062179	0.003870	0.050302	0.000788	0.017027	0.002679	0.254469
54	0.554750	0.057076	0.060181	0.003780	0.051322	0.000771	0.016128	0.002540	0.253452
55	0.558444	0.056771	0.058176	0.003534	0.052215	0.000708	0.015505	0.002404	0.252243
56	0.561318	0.056715	0.056610	0.003383	0.053115	0.000659	0.014584	0.002216	0.251400
57	0.564453	0.056666	0.055230	0.003157	0.054151	0.000622	0.013996	0.002144	0.249581
58	0.568160	0.056466	0.053434	0.003117	0.054899	0.000585	0.013044	0.001975	0.248320
59	0.570839	0.056545	0.051559	0.002973	0.055817	0.000532	0.012416	0.001881	0.247438
60	0.573930	0.056183	0.050598	0.002920	0.056856	0.000474	0.011773	0.001757	0.245509
61	0.577005	0.055908	0.048808	0.002826	0.057856	0.000450	0.011114	0.001688	0.244345
62	0.580141	0.055757	0.047442	0.002650	0.058830	0.000402	0.010515	0.001636	0.242627
63	0.583302	0.055406	0.046193	0.002605	0.059760	0.000409	0.010070	0.001550	0.240705
64	0.585874	0.055378	0.044952	0.002621	0.060609	0.000380	0.009434	0.001470	0.239282
65	0.588941	0.055387	0.043719	0.002528	0.061577	0.000370	0.008928	0.001370	0.237180
66	0.591820	0.055177	0.042548	0.002487	0.062508	0.000375	0.008484	0.001292	0.235309
67	0.594570	0.055206	0.040934	0.002385	0.063565	0.000378	0.007991	0.001193	0.233778
68	0.597189	0.055037	0.039992	0.002295	0.064586	0.000348	0.007561	0.001205	0.231787
69	0.600053	0.054702	0.038890	0.002210	0.065712	0.000308	0.007216	0.001101	0.229808
70	0.602722	0.054419	0.038135	0.002171	0.066999	0.000323	0.006778	0.001021	0.227432
71	0.605736	0.054389	0.036794	0.002098	0.068032	0.000302	0.006350	0.000941	0.225358
72	0.608283	0.053820	0.035999	0.002018	0.068907	0.000273	0.006023	0.000883	0.223794
73	0.611250	0.053857	0.034972	0.001979	0.069966	0.000252	0.005707	0.000840	0.221177
74	0.612742	0.053739	0.034400	0.001843	0.071293	0.000246	0.005424	0.000801	0.219512
75	0.615909	0.053674	0.033580	0.001838	0.072121	0.000236	0.005034	0.000766	0.216842
76	0.618383	0.053606	0.032966	0.001700	0.073418	0.000198	0.004797	0.000718	0.214214
77	0.620887	0.053348	0.032373	0.001658	0.074521	0.000198	0.004483	0.000662	0.211870
78	0.623313	0.053109	0.031610	0.001692	0.075611	0.000169	0.004226	0.000615	0.209655
79	0.625280	0.052889	0.030943	0.001602	0.076874	0.000165	0.004031	0.000575	0.207641
80	0.627680	0.052684	0.030259	0.001510	0.078067	0.000156	0.003843	0.000548	0.205253
81	0.630286	0.052285	0.029713	0.001438	0.079309	0.000172	0.003573	0.000571	0.202653
82	0.632780	0.052294	0.029093	0.001394	0.080386	0.000147	0.003374	0.000512	0.200020
83	0.634966	0.051903	0.028477	0.001342	0.081594	0.000148	0.003106	0.000467	0.197997
84	0.637401	0.051539	0.027729	0.001348	0.082645	0.000138	0.002918	0.000417	0.195865
85	0.639715	0.051634	0.027182	0.001340	0.083711	0.000107	0.002736	0.000393	0.193182
86	0.642005	0.051380	0.026584	0.001299	0.085131	0.000096	0.002652	0.000330	0.190523
87	0.643434	0.051087	0.026013	0.001324	0.086357	0.000092	0.002508	0.000276	0.188909
88	0.646449	0.050781	0.025434	0.001267	0.087575	0.000088	0.002317	0.000292	0.185797
89	0.648885	0.050527	0.025031	0.001260	0.088893	0.000095	0.002178	0.000271	0.182860
90	0.651343	0.050273	0.024428	0.001196	0.089938	0.000092	0.002062	0.000243	0.180425
91	0.653747	0.050053	0.023887	0.001155	0.091181	0.000089	0.001960	0.000233	0.177695
92	0.655600	0.049653	0.023379	0.001119	0.092701	0.000109	0.001759	0.000214	0.175466
93	0.658199	0.049372	0.022828	0.001085	0.094025	0.000105	0.001658	0.000193	0.172535
94	0.660035	0.048936	0.022526	0.001058	0.095235	0.000094	0.001507	0.000175	0.170434
95	0.661923	0.048733	0.022340	0.001037	0.096377	0.000103	0.001439	0.000145	0.167903
96	0.664469	0.048536	0.021814	0.000980	0.097509	0.000076	0.001329	0.000135	0.165152
97	0.666948	0.048241	0.021415	0.000964	0.098438	0.000078	0.001260	0.000122	0.162534
98	0.669148	0.048109	0.020976	0.000919	0.099490	0.000078	0.001177	0.000133	0.159970
99	0.670941	0.048017	0.020993	0.000940	0.100844	0.000061	0.001116	0.000144	0.156944
100	0.672575	0.047808	0.020478	0.000940	0.102224	0.000082	0.001055	0.000131	0.154707
101	0.674205	0.047548	0.020151	0.000879	0.103562	0.000078	0.001010	0.000128	0.152439
102	0.676208	0.047432	0.019673	0.000848	0.104687	0.000081	0.000938	0.000120	0.150013
103	0.678289	0.047311	0.019410	0.000873	0.105937	0.000077	0.000906	0.000116	0.147081
104	0.680122	0.046909	0.018891	0.000839	0.107340	0.000069	0.000877	0.000112	0.144841
105	0.681937	0.046664	0.018514	0.000793	0.108607	0.000088	0.000794	0.000090	0.142513
106	0.683738	0.046463	0.018190	0.000763	0.110080	0.000078	0.000712	0.000079	0.139897
107	0.685312	0.046111	0.017908	0.000727	0.111407	0.000073	0.000662	0.000074	0.137726
108	0.687174	0.045593	0.017662	0.000733	0.112743	0.000084	0.000610	0.000058	0.135343
109	0.688694	0.045352	0.017273	0.000748	0.114353	0.000093	0.000581	0.000060	0.132846
110	0.690136	0.045093	0.016969	0.000715	0.115869	0.000097	0.000509	0.000060	0.130552
111	0.691996	0.044939	0.016600	0.000705	0.116938	0.000095	0.000511	0.000066	0.128150
112	0.693375	0.044636	0.016539	0.000694	0.118199	0.000110	0.000445	0.000065	0.125937
113	0.694731	0.044502	0.016205	0.000658	0.119813	0.000105	0.000412	0.000059	0.123515
114	0.695940	0.044019	0.016091	0.000694	0.121175	0.000116	0.000382	0.000052	0.121531
115	0.697667	0.043784	0.015749	0.000647	0.122373	0.000110	0.000352	0.000051	0.119267
116	0.699084	0.043469	0.015434	0.000667	0.123844	0.000126	0.000340	0.000055	0.116981
117	0.699950	0.043421	0.015260	0.000675	0.125347	0.000117	0.000282	0.000054	0.114894
118	0.701495	0.043140	0.015047	0.000671	0.126588	0.000111	0.000287	0.000050	0.112611
119	0.702868	0.042779	0.014682	0.000672	0.127986	0.000115	0.000273	0.000049	0.110576
120	0.703914	0.042633	0.014552	0.000703	0.129476	0.000109	0.000251	0.000041	0.108321
121	0.704900	0.042569	0.014495	0.000681	0.130984	0.000110	0.000234	0.000036	0.105991
122	0.706519	0.042113	0.014183	0.000625	0.132462	0.000099	0.000228	0.000039	0.103732
123	0.707651	0.041892	0.014010	0.000612	0.133816	0.000096	0.000219	0.000035	0.101669
124	0.709030	0.041606	0.013890	0.000621	0.135232	0.000107	0.000235	0.000034	0.099245
125	0.709809	0.041326	0.013698	0.000650	0.136739	0.000116	0.000227	0.000039	0.097396
126	0.710653	0.041156	0.013629	0.000602	0.138166	0.000098	0.000191	0.000038	0.095467
127	0.711664	0.040772	0.013590	0.000605	0.139675	0.000106	0.000179	0.000043	0.093366
128	0.712963	0.040372	0.013468	0.000622	0.141159	0.000105	0.000177	0.000050	0.091084
129	0.713817	0.040235	0.013190	0.000578	0.142666	0.000100	0.000146	0.000039	0.089229
130	0.714908	0.040047	0.013003	0.000573	0.143942	0.000094	0.000153	0.000036	0.087244
131	0.715697	0.039893	0.012819	0.000576	0.145450	0.000089	0.000157	0.000030	0.085289
132	0.716095	0.039569	0.012670	0.000579	0.147265	0.000096	0.000155	0.000019	0.083552
133	0.716818	0.039213	0.012526	0.000559	0.148747	0.000087	0.000151	0.000016	0.081883
134	0.717971	0.038945	0.012181	0.000617	0.150002	0.000089	0.000157	0.000013	0.080025
135	0.718987	0.038835	0.012111	0.000565	0.151129	0.000079	0.000147	0.000018	0.078129
136	0.719793	0.038455	0.012010	0.000583	0.152632	0.000082	0.000140	0.000019	0.076286
137	0.719995	0.038299	0.011800	0.000561	0.154428	0.000068	0.000112	0.000018	0.074719
138	0.721060	0.038106	0.011683	0.000553	0.155454	0.000071	0.000087	0.000019	0.072967
139	0.721955	0.037757	0.011512	0.000539	0.156748	0.000062	0.000095	0.000013	0.071319
140	0.722400	0.037425	0.011390	0.000527	0.158132	0.000064	0.000085	0.000010	0.069967
141	0.722913	0.037018	0.011445	0.000552	0.159540	0.000065	0.000074	0.000008	0.068385
142	0.723462	0.036804	0.011397	0.000500	0.160858	0.000068	0.000076	0.000005	0.066830
143	0.724222	0.036374	0.011051	0.000479	0.162267	0.000068	0.000071	0.000005	0.065463
144	0.724584	0.036210	0.010799	0.000480	0.163691	0.000069	0.000084	0.000006	0.064077
145	0.724503	0.036116	0.010849	0.000461	0.164956	0.000070	0.000084	0.000004	0.062957
146	0.724844	0.035795	0.010710	0.000429	0.166305	0.000077	0.000090	0.000006	0.061744
147	0.725877	0.035514	0.010584	0.000409	0.167269	0.000068	0.000079	0.000005	0.060195
148	0.725895	0.034997	0.010518	0.000423	0.168906	0.000068	0.000083	0.000003	0.059107
149	0.725933	0.034978	0.010532	0.000414	0.170474	0.000063	0.000079	0.000004	0.057523
150	0.726293	0.034551	0.010309	0.000382	0.172083	0.000054	0.000079	0.000001	0.056248
151	0.726781	0.034144	0.010262	0.000354	0.173439	0.000057	0.000079	0.000000	0.054884
152	0.726477	0.034214	0.010179	0.000328	0.175087	0.000037	0.000078	0.000000	0.053600
153	0.726681	0.033766	0.010002	0.000320	0.176518	0.000044	0.000087	0.000000	0.052582
154	0.726675	0.033612	0.009982	0.000338	0.177931	0.000043	0.000084	0.000000	0.051335
155	0.726742	0.033408	0.009637	0.000352	0.179581	0.000055	0.000082	0.000000	0.050143
156	0.727174	0.033386	0.009476	0.000333	0.180695	0.000059	0.000088	0.000000	0.048789
157	0.726959	0.033191	0.009486	0.000334	0.182132	0.000060	0.000083	0.000000	0.047755
158	0.727074	0.033029	0.009319	0.000314	0.183754	0.000056	0.000085	0.000000	0.046369
159	0.726773	0.032766	0.009309	0.000326	0.185362	0.000054	0.000083	0.000000	0.045327
160	0.726758	0.032435	0.009243	0.000329	0.186843	0.000044	0.000074	0.000000	0.044274
161	0.726359	0.032175	0.009307	0.000330	0.188419	0.000045	0.000071	0.000000	0.043294
162	0.725852	0.032282	0.009316	0.000328	0.189928	0.000054	0.000071	0.000000	0.042169
163	0.726210	0.031821	0.009241	0.000351	0.191094	0.000044	0.000067	0.000000	0.041172
164	0.725835	0.031704	0.009168	0.000329	0.192984	0.000052	0.000055	0.000000	0.039873
165	0.725659	0.031390	0.009163	0.000321	0.194217	0.000057	0.000053	0.000000	0.039140
166	0.725429	0.031105	0.008980	0.000324	0.195840	0.000061	0.000046	0.000000	0.038215
167	0.724867	0.031198	0.009002	0.000335	0.197325	0.000060	0.000046	0.000000	0.037167
168	0.724505	0.031044	0.008953	0.000332	0.198870	0.000050	0.000043	0.000000	0.036203
169	0.723649	0.031100	0.008927	0.000344	0.200673	0.000047	0.000041	0.000000	0.035219
170	0.723556	0.031070	0.008914	0.000347	0.201869	0.000052	0.000036	0.000000	0.034156
171	0.723003	0.030691	0.008900	0.000331	0.203513	0.000063	0.000041	0.000000	0.033458
172	0.722946	0.030772	0.008879	0.000314	0.204572	0.000056	0.000043	0.000000	0.032418
173	0.722587	0.030441	0.008812	0.000287	0.206103	0.000065	0.000037	0.000000	0.031668
174	0.722333	0.030259	0.008799	0.000272	0.207357	0.000068	0.000036	0.000000	0.030876
175	0.722140	0.029772	0.008754	0.000255	0.208938	0.000075	0.000033	0.000000	0.030033
176	0.721840	0.029375	0.008526	0.000262	0.210587	0.000069	0.000031	0.000000	0.029310
177	0.721662	0.029135	0.008545	0.000254	0.211881	0.000067	0.000024	0.000000	0.028432
178	0.721067	0.028712	0.008547	0.000271	0.213352	0.000070	0.000017	0.000000	0.027964
179	0.720551	0.028548	0.008561	0.000264	0.214849	0.000071	0.000012	0.000000	0.027144
180	0.720009	0.028403	0.008543	0.000249	0.216173	0.000071	0.000010	0.000000	0.026542
181	0.719290	0.028262	0.008493	0.000254	0.217760	0.000078	0.000012	0.000000	0.025851
182	0.719171	0.027891	0.008490	0.000240	0.218980	0.000075	0.000009	0.000000	0.025144
183	0.718610	0.027454	0.008431	0.000243	0.220776	0.000080	0.000014	0.000000	0.024392
184	0.718560	0.027288	0.008348	0.000245	0.221735	0.000071	0.000014	0.000000	0.023739
185	0.717329	0.027434	0.008339	0.000251	0.223412	0.000072	0.000013	0.000000	0.023150
186	0.716642	0.027232	0.008370	0.000232	0.224991	0.000061	0.000013	0.000000	0.022459
187	0.716050	0.026995	0.008329	0.000234	0.226554	0.000062	0.000005	0.000000	0.021771
188	0.715451	0.026675	0.008493	0.000223	0.228050	0.000060	0.000004	0.000000	0.021044
189	0.714997	0.026455	0.008446	0.000242	0.229522	0.000058	0.000001	0.000000	0.020279
190	0.713924	0.026364	0.008406	0.000229	0.231203	0.000053	0.000001	0.000000	0.019820
191	0.713564	0.026192	0.008181	0.000215	0.232685	0.000053	0.000000	0.000000	0.019110
192	0.712767	0.025910	0.008183	0.000209	0.234093	0.000052	0.000000	0.000000	0.018786
193	0.712674	0.025605	0.007900	0.000205	0.235435	0.000044	0.000000	0.000000	0.018137
194	0.711743	0.025556	0.007916	0.000203	0.236766	0.000038	0.000000	0.000000	0.017778
195	0.710996	0.025218	0.008048	0.000201	0.238154	0.000048	0.000000	0.000000	0.017335
196	0.710658	0.024834	0.008026	0.000200	0.239334	0.000046	0.000000	0.000000	0.016902
197	0.709905	0.024710	0.007992	0.000196	0.240676	0.000055	0.000000	0.000000	0.016466
198	0.708965	0.024713	0.007899	0.000198	0.242176	0.000049	0.000000	0.000000	0.016000
199	0.707638	0.024647	0.007817	0.000200	0.244097	0.000045	0.000000	0.000000	0.015556
200	0.706901	0.024413	0.007795	0.000198	0.245579	0.000036	0.000000	0.000000	0.015078
201	0.705464	0.024233	0.007800	0.000203	0.247412	0.000046	0.000000	0.000000	0.014842
202	0.704408	0.024115	0.007797	0.000170	0.248967	0.000047	0.000000	0.000000	0.014496
203	0.703643	0.024038	0.007690	0.000155	0.250374	0.000035	0.000000	0.000000	0.014065
204	0.703225	0.023589	0.007609	0.000168	0.251658	0.000044	0.000000	0.000000	0.013707
205	0.702371	0.023381	0.007497	0.000183	0.253241	0.000037	0.000000	0.000000	0.013290
206	0.701167	0.023359	0.007501	0.000175	0.254969	0.000028	0.000000	0.000000	0.012801
207	0.700303	0.023213	0.007376	0.000173	0.256432	0.000037	0.000000	0.000000	0.012466
208	0.699315	0.023173	0.007221	0.000175	0.257982	0.000034	0.000000	0.000000	0.012100
209	0.698136	0.023195	0.007304	0.000174	0.259357	0.000022	0.000000	0.000000	0.011812
210	0.697153	0.022971	0.007230	0.000173	0.260925	0.000035	0.000000	0.000000	0.011513
211	0.696335	0.022758	0.007251	0.000157	0.262329	0.000033	0.000000	0.000000	0.011137
212	0.694801	0.022473	0.007258	0.000161	0.264303	0.000031	0.000000	0.000000	0.010973
213	0.693652	0.022441	0.007277	0.000161	0.265784	0.000027	0.000000	0.000000	0.010658
214	0.692646	0.022232	0.007160	0.000163	0.267324	0.000040	0.000000	0.000000	0.010435
215	0.692035	0.021977	0.007160	0.000166	0.268412	0.000039	0.000000	0.000000	0.010211
216	0.690884	0.021552	0.007239	0.000160	0.270142	0.000039	0.000000	0.000000	0.009984
217	0.690081	0.021380	0.007154	0.000165	0.271507	0.000039	0.000000	0.000000	0.009674
218	0.688802	0.021263	0.007261	0.000166	0.273150	0.000040	0.000000	0.000000	0.009318
219	0.687820	0.020945	0.007121	0.000169	0.274849	0.000039	0.000000	0.000000	0.009057
220	0.686499	0.020752	0.007129	0.000175	0.276681	0.000028	0.000000	0.000000	0.008736
221	0.685591	0.020573	0.007148	0.000163	0.277944	0.000028	0.000000	0.000000	0.008553
222	0.684434	0.020294	0.007148	0.000159	0.279605	0.000026	0.000000	0.000000	0.008334
223	0.683316	0.020203	0.007069	0.000155	0.281033	0.000027	0.000000	0.000000	0.008197
224	0.681978	0.020143	0.007040	0.000152	0.282625	0.000027	0.000000	0.000000	0.008035
225	0.680656	0.020044	0.006917	0.000162	0.284468	0.000016	0.000000	0.000000	0.007737
226	0.679046	0.019977	0.007013	0.000172	0.286188	0.000016	0.000000	0.000000	0.007588
227	0.678025	0.019843	0.006924	0.000177	0.287693	0.000024	0.000000	0.000000	0.007314
228	0.677066	0.019433	0.006927	0.000169	0.289238	0.000020	0.000000	0.000000	0.007147
229	0.675685	0.019425	0.006877	0.000179	0.290959	0.000016	0.000000	0.000000	0.006859
230	0.674295	0.019239	0.006933	0.000176	0.292700	0.000012	0.000000	0.000000	0.006645
231	0.672757	0.019168	0.006894	0.000182	0.294517	0.000012	0.000000	0.000000	0.006470
232	0.671759	0.018847	0.006892	0.000178	0.296044	0.000009	0.000000	0.000000	0.006271
233	0.670517	0.018881	0.006904	0.000189	0.297438	0.000013	0.000000	0.000000	0.006058
234	0.669104	0.018673	0.006833	0.000168	0.299273	0.000014	0.000000	0.000000	0.005935
235	0.668221	0.018261	0.006721	0.000148	0.300981	0.000010	0.000000	0.000000	0.005658
236	0.667070	0.017926	0.006725	0.000144	0.302701	0.000009	0.000000	0.000000	0.005425
237	0.665909	0.017880	0.006732	0.000138	0.304101	0.000007	0.000000	0.000000	0.005233
238	0.665006	0.017697	0.006608	0.000140	0.305474	0.000009	0.000000	0.000000	0.005066
239	0.663614	0.017481	0.006502	0.000138	0.307272	0.000011	0.000000	0.000000	0.004982
240	0.662398	0.017330	0.006428	0.000136	0.308884	0.000010	0.000000	0.000000	0.004814
241	0.661176	0.017246	0.006367	0.000129	0.310450	0.000011	0.000000	0.000000	0.004621
242	0.660340	0.016925	0.006351	0.000118	0.311756	0.000012	0.000000	0.000000	0.004498
243	0.658946	0.016761	0.006399	0.000122	0.313323	0.000016	0.000000	0.000000	0.004433
244	0.657427	0.016603	0.006437	0.000129	0.315092	0.000017	0.000000	0.000000	0.004295
245	0.656191	0.016439	0.006394	0.000124	0.316711	0.000016	0.000000	0.000000	0.004125
246	0.654892	0.016430	0.006371	0.000124	0.318137	0.000008	0.000000	0.000000	0.004038
247	0.653439	0.016135	0.006355	0.000124	0.319999	0.000010	0.000000	0.000000	0.003938
248	0.651683	0.015953	0.006455	0.000126	0.321869	0.000005	0.000000	0.000000	0.003909
249	0.650540	0.015801	0.006523	0.000111	0.323252	0.000006	0.000000	0.000000	0.003767
250	0.649106	0.015780	0.006513	0.000117	0.324800	0.000012	0.000000	0.000000	0.003672
251	0.648105	0.015658	0.006481	0.000118	0.326086	0.000011	0.000000	0.000000	0.003541
252	0.646942	0.015243	0.006386	0.000121	0.327880	0.000010	0.000000	0.000000	0.003418
253	0.645542	0.015311	0.006344	0.000128	0.329359	0.000006	0.000000	0.000000	0.003310
254	0.644196	0.015252	0.006385	0.000119	0.330848	0.000006	0.000000	0.000000	0.003194
255	0.642989	0.014860	0.006303	0.000123	0.332597	0.000005	0.000000	0.000000	0.003123
256	0.641430	0.014745	0.006284	0.000126	0.334385	0.000004	0.000000	0.000000	0.003026
257	0.640351	0.014626	0.006225	0.000102	0.335779	0.000003	0.000000	0.000000	0.002914
258	0.639036	0.014591	0.006131	0.000113	0.337343	0.000004	0.000000	0.000000	0.002782
259	0.637915	0.014482	0.006166	0.000106	0.338583	0.000000	0.000000	0.000000	0.002748
260	0.636321	0.014478	0.006134	0.000121	0.340332	0.000002	0.000000	0.000000	0.002612
261	0.634835	0.014342	0.006088	0.000102	0.342081	0.000001	0.000000	0.000000	0.002551
262	0.633904	0.014199	0.005993	0.000103	0.343333	0.000004	0.000000	0.000000	0.002464
263	0.632642	0.014104	0.006081	0.000117	0.344667	0.000003	0.000000	0.000000	0.002386
264	0.630984	0.013984	0.006041	0.000111	0.346570	0.000003	0.000000	0.000000	0.002307
265	0.629331	0.013950	0.005998	0.000110	0.348402	0.000003	0.000000	0.000000	0.002206
266	0.627971	0.013788	0.005932	0.000100	0.350043	0.000004	0.000000	0.000000	0.002162
267	0.626538	0.013448	0.005927	0.000112	0.351906	0.000004	0.000000	0.000000	0.002065
268	0.625197	0.013479	0.005972	0.000106	0.353259	0.000005	0.000000	0.000000	0.001982
269	0.624150	0.013318	0.005785	0.000115	0.354699	0.000006	0.000000	0.000000	0.001927
270	0.622669	0.013172	0.005736	0.000103	0.356427	0.000010	0.000000	0.000000	0.001883
271	0.621093	0.013079	0.005729	0.000101	0.358146	0.000008	0.000000	0.000000	0.001844
272	0.619626	0.012974	0.005741	0.000104	0.359803	0.000007	0.000000	0.000000	0.001745
273	0.618042	0.012833	0.005740	0.000106	0.361574	0.000005	0.000000	0.000000	0.001700
274	0.616500	0.012709	0.005671	0.000102	0.363408	0.000006	0.000000	0.000000	0.001604
275	0.615103	0.012596	0.005728	0.000087	0.364937	0.000007	0.000000	0.000000	0.001542
276	0.613587	0.012477	0.005661	0.000109	0.366638	0.000007	0.000000	0.000000	0.001521
277	0.611882	0.012219	0.005697	0.000120	0.368649	0.000002	0.000000	0.000000	0.001431
278	0.610581	0.011964	0.005711	0.000110	0.370279	0.000003	0.000000	0.000000	0.001352
279	0.608710	0.011948	0.005681	0.000125	0.372212	0.000002	0.000000	0.000000	0.001322
280	0.607354	0.011822	0.005668	0.000120	0.373792	0.000002	0.000000	0.000000	0.001242
281	0.605580	0.011759	0.005607	0.000124	0.375723	0.000004	0.000000	0.000000	0.001203
282	0.604010	0.011764	0.005538	0.000125	0.377407	0.000003	0.000000	0.000000	0.001153
283	0.602219	0.011738	0.005474	0.000132	0.379339	0.000001	0.000000	0.000000	0.001097
284	0.600953	0.011755	0.005441	0.000125	0.380680	0.000000	0.000000	0.000000	0.001046
285	0.599552	0.011535	0.005499	0.000121	0.382255	0.000000	0.000000	0.000000	0.001038
286	0.597964	0.011491	0.005546	0.000118	0.383879	0.000000	0.000000	0.000000	0.001002
287	0.596121	0.011468	0.005550	0.000111	0.385754	0.000002	0.000000	0.000000	0.000994
288	0.594992	0.011370	0.005550	0.000109	0.386999	0.000001	0.000000	0.000000	0.000979
289	0.593293	0.011245	0.005527	0.000095	0.388903	0.000003	0.000000	0.000000	0.000934
290	0.592134	0.011161	0.005531	0.000101	0.390174	0.000001	0.000000	0.000000	0.000898
291	0.590567	0.011061	0.005643	0.000087	0.391799	0.000003	0.000000	0.000000	0.000840
292	0.588812	0.011084	0.005770	0.000083	0.393426	0.000002	0.000000	0.000000	0.000823
293	0.587402	0.010807	0.005681	0.000074	0.395215	0.000002	0.000000	0.000000	0.000819
294	0.585591	0.010677	0.005696	0.000064	0.397166	0.000001	0.000000	0.000000	0.000805
295	0.584301	0.010660	0.005610	0.000059	0.398609	0.000004	0.000000	0.000000	0.000757
296	0.583082	0.010678	0.005554	0.000052	0.399879	0.000001	0.000000	0.000000	0.000754
297	0.581761	0.010577	0.005535	0.000047	0.401322	0.000005	0.000000	0.000000	0.000753
298	0.580421	0.010375	0.005456	0.000042	0.402992	0.000005	0.000000	0.000000	0.000709
299	0.578977	0.010314	0.005524	0.000047	0.404448	0.000009	0.000000	0.000000	0.000681
300	0.577125	0.010174	0.005451	0.000046	0.406510	0.000013	0.000000	0.000000	0.000681
301	0.575507	0.010029	0.005530	0.000044	0.408213	0.000018	0.000000	0.000000	0.000659
302	0.573876	0.010008	0.005493	0.000048	0.409924	0.000017	0.000000	0.000000	0.000634
303	0.572255	0.009946	0.005396	0.000049	0.411710	0.000022	0.000000	0.000000	0.000622
304	0.570733	0.009893	0.005397	0.000046	0.413312	0.000025	0.000000	0.000000	0.000594
305	0.569394	0.009620	0.005340	0.000041	0.414991	0.000021	0.000000	0.000000	0.000593
306	0.567910	0.009616	0.005264	0.000032	0.416600	0.000021	0.000000	0.000000	0.000557
307	0.566675	0.009559	0.005220	0.000034	0.417927	0.000016	0.000000	0.000000	0.000569
308	0.565117	0.009503	0.005141	0.000029	0.419647	0.000021	0.000000	0.000000	0.000542
309	0.563506	0.009435	0.005150	0.000024	0.421326	0.000022	0.000000	0.000000	0.000537
310	0.561841	0.009372	0.005122	0.000025	0.423123	0.000023	0.000000	0.000000	0.000494
311	0.560356	0.009138	0.005192	0.000022	0.424792	0.000025	0.000000	0.000000	0.000475
312	0.559378	0.009081	0.005127	0.000024	0.425913	0.000023	0.000000	0.000000	0.000454
313	0.558011	0.008892	0.005116	0.000024	0.427493	0.000025	0.000000	0.000000	0.000439
314	0.556233	0.008657	0.005200	0.000020	0.429425	0.000023	0.000000	0.000000	0.000442
315	0.554904	0.008647	0.005128	0.000026	0.430844	0.000022	0.000000	0.000000	0.000429
316	0.553638	0.008408	0.005167	0.000025	0.432323	0.000023	0.000000	0.000000	0.000416
317	0.551849	0.008414	0.005152	0.000023	0.434137	0.000022	0.000000	0.000000	0.000403
318	0.550087	0.008501	0.005153	0.000030	0.435826	0.000020	0.000000	0.000000	0.000383
319	0.548650	0.008321	0.005163	0.000030	0.437428	0.000024	0.000000	0.000000	0.000384
320	0.546756	0.008351	0.005160	0.000034	0.439321	0.000021	0.000000	0.000000	0.000357
321	0.545649	0.008100	0.005131	0.000033	0.440729	0.000019	0.000000	0.000000	0.000339
322	0.543720	0.008108	0.005105	0.000028	0.442692	0.000019	0.000000	0.000000	0.000328
323	0.542551	0.008066	0.005123	0.000020	0.443913	0.000023	0.000000	0.000000	0.000304
324	0.541163	0.007905	0.005120	0.000015	0.445464	0.000021	0.000000	0.000000	0.000312
325	0.539621	0.007870	0.005034	0.000016	0.447150	0.000018	0.000000	0.000000	0.000291
326	0.537999	0.007891	0.005139	0.000013	0.448648	0.000020	0.000000	0.000000	0.000290
327	0.536570	0.007800	0.005172	0.000012	0.450125	0.000019	0.000000	0.000000	0.000302
328	0.535282	0.007642	0.005049	0.000009	0.451689	0.000018	0.000000	0.000000	0.000311
329	0.534379	0.007559	0.004921	0.000015	0.452831	0.000016	0.000000	0.000000	0.000279
330	0.533123	0.007521	0.004881	0.000014	0.454158	0.000015	0.000000	0.000000	0.000288
331	0.531603	0.007374	0.004837	0.000014	0.455884	0.000011	0.000000	0.000000	0.000277
332	0.530131	0.007266	0.004844	0.000013	0.457461	0.000017	0.000000	0.000000	0.000268
333	0.528211	0.007216	0.004882	0.000019	0.459392	0.000017	0.000000	0.000000	0.000263
334	0.526652	0.007157	0.004776	0.000020	0.461126	0.000016	0.000000	0.000000	0.000253
335	0.525082	0.006996	0.004770	0.000019	0.462858	0.000014	0.000000	0.000000	0.000261
336	0.523393	0.006958	0.004788	0.000013	0.464588	0.000010	0.000000	0.000000	0.000250
337	0.521894	0.006842	0.004692	0.000016	0.466288	0.000011	0.000000	0.000000	0.000257
338	0.520652	0.006773	0.004668	0.000017	0.467648	0.000010	0.000000	0.000000	0.000232
339	0.518799	0.006710	0.004756	0.000016	0.469473	0.000008	0.000000	0.000000	0.000238
340	0.517421	0.006628	0.004757	0.000010	0.470952	0.000007	0.000000	0.000000	0.000225
341	0.516113	0.006379	0.004707	0.000005	0.472571	0.000012	0.000000	0.000000	0.000213
342	0.514514	0.006354	0.004646	0.000005	0.474244	0.000012	0.000000	0.000000	0.000225
343	0.512418	0.006430	0.004662	0.000005	0.476265	0.000014	0.000000	0.000000	0.000206
344	0.511300	0.006303	0.004653	0.000007	0.477541	0.000011	0.000000	0.000000	0.000185
345	0.510219	0.006161	0.004547	0.000002	0.478883	0.000006	0.000000	0.000000	0.000182
346	0.508807	0.006055	0.004561	0.000004	0.480396	0.000005	0.000000	0.000000	0.000172
347	0.507119	0.006078	0.004489	0.000004	0.482125	0.000007	0.000000	0.000000	0.000178
348	0.505772	0.005998	0.004481	0.000002	0.483553	0.000003	0.000000	0.000000	0.000191
349	0.504366	0.006000	0.004424	0.000003	0.484998	0.000007	0.000000	0.000000	0.000202
350	0.502870	0.005906	0.004444	0.000001	0.486574	0.000010	0.000000	0.000000	0.000195
351	0.501341	0.005798	0.004453	0.000003	0.488205	0.000005	0.000000	0.000000	0.000195
352	0.500174	0.005688	0.004460	0.000001	0.489475	0.000009	0.000000	0.000000	0.000193
353	0.498626	0.005564	0.004532	0.000001	0.491067	0.000007	0.000000	0.000000	0.000203
354	0.497558	0.005508	0.004421	0.000000	0.492301	0.000011	0.000000	0.000000	0.000201
355	0.495730	0.005526	0.004450	0.000000	0.494095	0.000013	0.000000	0.000000	0.000186
356	0.494010	0.005488	0.004369	0.000000	0.495949	0.000007	0.000000	0.000000	0.000177
357	0.492371	0.005375	0.004359	0.000000	0.497706	0.000005	0.000000	0.000000	0.000184
358	0.490537	0.005344	0.004368	0.000000	0.499566	0.000001	0.000000	0.000000	0.000184
359	0.488977	0.005239	0.004412	0.000000	0.501192	0.000002	0.000000	0.000000	0.000178
360	0.487276	0.005336	0.004422	0.000000	0.502786	0.000006	0.000000	0.000000	0.000174
361	0.485919	0.005196	0.004403	0.000000	0.504312	0.000003	0.000000	0.000000	0.000167
362	0.484300	0.005034	0.004282	0.000000	0.506226	0.000002	0.000000	0.000000	0.000156
363	0.482911	0.005003	0.004212	0.000000	0.507722	0.000004	0.000000	0.000000	0.000148
364	0.481231	0.005019	0.004214	0.000000	0.509377	0.000006	0.000000	0.000000	0.000153
365	0.479729	0.004935	0.004235	0.000000	0.510940	0.000004	0.000000	0.000000	0.000157
366	0.477693	0.004958	0.004212	0.000000	0.512986	0.000004	0.000000	0.000000	0.000147
367	0.476082	0.004910	0.004203	0.000000	0.514635	0.000007	0.000000	0.000000	0.000163
368	0.474916	0.004747	0.004181	0.000000	0.515993	0.000011	0.000000	0.000000	0.000152
369	0.473439	0.004769	0.004128	0.000000	0.517514	0.000007	0.000000	0.000000	0.000143
370	0.471702	0.004647	0.004170	0.000000	0.519318	0.000008	0.000000	0.000000	0.000155
371	0.470303	0.004736	0.004122	0.000000	0.520673	0.000008	0.000000	0.000000	0.000158
372	0.469132	0.004520	0.004021	0.000000	0.522147	0.000010	0.000000	0.000000	0.000170
373	0.467598	0.004591	0.003925	0.000000	0.523713	0.000011	0.000000	0.000000	0.000162
374	0.466187	0.004529	0.003931	0.000000	0.525169	0.000007	0.000000	0.000000	0.000177
375	0.464302	0.004466	0.003926	0.000000	0.527128	0.000010	0.000000	0.000000	0.000168
376	0.462986	0.004487	0.003878	0.000000	0.528468	0.000009	0.000000	0.000000	0.000172
377	0.461840	0.004438	0.003876	0.000000	0.529662	0.000010	0.000000	0.000000	0.000174
378	0.460028	0.004372	0.003802	0.000000	0.531621	0.000011	0.000000	0.000000	0.000166
379	0.458503	0.004321	0.003726	0.000000	0.533273	0.000013	0.000000	0.000000	0.000164
380	0.457103	0.004220	0.003866	0.000000	0.534643	0.000013	0.000000	0.000000	0.000155
381	0.455845	0.004199	0.003807	0.000000	0.535990	0.000009	0.000000	0.000000	0.000150
382	0.454582	0.004155	0.003745	0.000000	0.537370	0.000010	0.000000	0.000000	0.000138
383	0.452778	0.004206	0.003709	0.000000	0.539165	0.000008	0.000000	0.000000	0.000134
384	0.451396	0.004131	0.003700	0.000000	0.540636	0.000007	0.000000	0.000000	0.000130
385	0.449862	0.004125	0.003664	0.000000	0.542212	0.000007	0.000000	0.000000	0.000130
386	0.448508	0.004000	0.003747	0.000000	0.543606	0.000007	0.000000	0.000000	0.000132
387	0.446952	0.003967	0.003659	0.000000	0.545281	0.000008	0.000000	0.000000	0.000133
388	0.445022	0.004032	0.003652	0.000000	0.547151	0.000010	0.000000	0.000000	0.000133
389	0.443447	0.003955	0.003587	0.000000	0.548864	0.000011	0.000000	0.000000	0.000136
390	0.441818	0.003957	0.003646	0.000000	0.550426	0.000013	0.000000	0.000000	0.000140
391	0.440237	0.003907	0.003590	0.000000	0.552122	0.000009	0.000000	0.000000	0.000135
392	0.438949	0.003811	0.003621	0.000000	0.553474	0.000019	0.000000	0.000000	0.000126
393	0.437512	0.003845	0.003578	0.000000	0.554923	0.000013	0.000000	0.000000	0.000129
394	0.436159	0.003641	0.003556	0.000000	0.556502	0.000013	0.000000	0.000000	0.000129
395	0.434650	0.003699	0.003549	0.000000	0.557972	0.000016	0.000000	0.000000	0.000114
396	0.433248	0.003672	0.003486	0.000000	0.559457	0.000016	0.000000	0.000000	0.000121
397	0.431668	0.003625	0.003442	0.000000	0.561135	0.000019	0.000000	0.000000	0.000111
398	0.430570	0.003603	0.003379	0.000000	0.562328	0.000014	0.000000	0.000000	0.000106
399	0.428868	0.003502	0.003398	0.000000	0.564099	0.000023	0.000000	0.000000	0.000110
400	0.427489	0.003483	0.003391	0.000000	0.565514	0.000021	0.000000	0.000000	0.000102
401	0.426035	0.003464	0.003436	0.000000	0.566932	0.000022	0.000000	0.000000	0.000111
402	0.424364	0.003412	0.003457	0.000000	0.568632	0.000023	0.000000	0.000000	0.000112
403	0.422941	0.003416	0.003475	0.000000	0.570039	0.000025	0.000000	0.000000	0.000104
404	0.421793	0.003394	0.003359	0.000000	0.571329	0.000022	0.000000	0.000000	0.000103
405	0.420437	0.003325	0.003399	0.000000	0.572714	0.000024	0.000000	0.000000	0.000101
406	0.418660	0.003364	0.003354	0.000000	0.574499	0.000020	0.000000	0.000000	0.000103
407	0.417172	0.003295	0.003404	0.000000	0.576020	0.000016	0.000000	0.000000	0.000093
408	0.415862	0.003120	0.003421	0.000000	0.577487	0.000016	0.000000	0.000000	0.000094
409	0.414505	0.003125	0.003372	0.000000	0.578893	0.000019	0.000000	0.000000	0.000086
410	0.413406	0.003120	0.003386	0.000000	0.579995	0.000017	0.000000	0.000000	0.000076
411	0.412137	0.003023	0.003322	0.000000	0.581418	0.000023	0.000000	0.000000	0.000077
412	0.410498	0.003020	0.003295	0.000000	0.583099	0.000014	0.000000	0.000000	0.000074
413	0.409137	0.003014	0.003273	0.000000	0.584495	0.000012	0.000000	0.000000	0.000069
414	0.407956	0.002960	0.003302	0.000000	0.585709	0.000004	0.000000	0.000000	0.000069
415	0.406649	0.002885	0.003200	0.000000	0.587198	0.000008	0.000000	0.000000	0.000060
416	0.405155	0.002837	0.003190	0.000000	0.588753	0.000007	0.000000	0.000000	0.000058
417	0.403506	0.002824	0.003175	0.000000	0.590432	0.000006	0.000000	0.000000	0.000057
418	0.401953	0.002852	0.003127	0.000000	0.592016	0.000003	0.000000	0.000000	0.000049
419	0.400512	0.002777	0.003107	0.000000	0.593548	0.000005	0.000000	0.000000	0.000051
420	0.399006	0.002769	0.003094	0.000000	0.595076	0.000008	0.000000	0.000000	0.000047
421	0.397285	0.002745	0.003084	0.000000	0.596830	0.000009	0.000000	0.000000	0.000047
422	0.396198	0.002691	0.003112	0.000000	0.597946	0.000011	0.000000	0.000000	0.000042
423	0.394912	0.002656	0.003118	0.000000	0.599264	0.000011	0.000000	0.000000	0.000039
424	0.393400	0.002712	0.003132	0.000000	0.600704	0.000013	0.000000	0.000000	0.000039
425	0.392105	0.002691	0.003077	0.000000	0.602078	0.000013	0.000000	0.000000	0.000036
426	0.390654	0.002631	0.003080	0.000000	0.603585	0.000009	0.000000	0.000000	0.000041
427	0.389066	0.002748	0.003122	0.000000	0.605013	0.000010	0.000000	0.000000	0.000041
428	0.387689	0.002638	0.003096	0.000000	0.606532	0.000011	0.000000	0.000000	0.000034
429	0.386138	0.002592	0.002975	0.000000	0.608250	0.000009	0.000000	0.000000	0.000036
430	0.384954	0.002574	0.002958	0.000000	0.609469	0.000010	0.000000	0.000000	0.000035
431	0.383639	0.002591	0.002982	0.000000	0.610740	0.000009	0.000000	0.000000	0.000039
432	0.382295	0.002580	0.002892	0.000000	0.612186	0.000006	0.000000	0.000000	0.000041
433	0.381055	0.002588	0.002913	0.000000	0.613398	0.000009	0.000000	0.000000	0.000037
434	0.379436	0.002568	0.002963	0.000000	0.614985	0.000009	0.000000	0.000000	0.000039
435	0.378233	0.002496	0.002949	0.000000	0.616280	0.000006	0.000000	0.000000	0.000036
436	0.376804	0.002454	0.002915	0.000000	0.617787	0.000009	0.000000	0.000000	0.000031
437	0.375405	0.002433	0.002930	0.000000	0.619192	0.000010	0.000000	0.000000	0.000030
438	0.374013	0.002438	0.002975	0.000000	0.620543	0.000009	0.000000	0.000000	0.000022
439	0.372664	0.002435	0.002993	0.000000	0.621872	0.000010	0.000000	0.000000	0.000026
440	0.371320	0.002443	0.002972	0.000000	0.623228	0.000014	0.000000	0.000000	0.000023
441	0.370045	0.002400	0.002930	0.000000	0.624588	0.000018	0.000000	0.000000	0.000019
442	0.368834	0.002349	0.002938	0.000000	0.625837	0.000017	0.000000	0.000000	0.000025
443	0.367569	0.002307	0.002960	0.000000	0.627122	0.000020	0.000000	0.000000	0.000022
444	0.366049	0.002306	0.002916	0.000000	0.628691	0.000017	0.000000	0.000000	0.000021
445	0.364709	0.002263	0.002928	0.000000	0.630060	0.000019	0.000000	0.000000	0.000021
446	0.363509	0.002270	0.002872	0.000000	0.631318	0.000013	0.000000	0.000000	0.000018
447	0.362071	0.002238	0.002852	0.000000	0.632805	0.000018	0.000000	0.000000	0.000016
448	0.361071	0.002239	0.002805	0.000000	0.633858	0.000014	0.000000	0.000000	0.000013
449	0.359617	0.002218	0.002789	0.000000	0.635345	0.000021	0.000000	0.000000	0.000010
450	0.358247	0.002158	0.002816	0.000000	0.636752	0.000019	0.000000	0.000000	0.000008
451	0.356808	0.002118	0.002818	0.000000	0.638234	0.000014	0.000000	0.000000	0.000008
452	0.355373	0.002076	0.002772	0.000000	0.639762	0.000010	0.000000	0.000000	0.000007
453	0.353994	0.002013	0.002737	0.000000	0.641232	0.000011	0.000000	0.000000	0.000013
454	0.352816	0.001909	0.002706	0.000000	0.642547	0.000012	0.000000	0.000000	0.000010
455	0.351462	0.001876	0.002662	0.000000	0.643977	0.000013	0.000000	0.000000	0.000010
456	0.350069	0.001946	0.002665	0.000000	0.645308	0.000007	0.000000	0.000000	0.000005
457	0.348825	0.001931	0.002674	0.000000	0.646557	0.000005	0.000000	0.000000	0.000008
458	0.347649	0.001902	0.002647	0.000000	0.647787	0.000005	0.000000	0.000000	0.000010
459	0.346198	0.001915	0.002599	0.000000	0.649276	0.000006	0.000000	0.000000	0.000006
460	0.344830	0.001818	0.002660	0.000000	0.650684	0.000003	0.000000	0.000000	0.000005
461	0.343755	0.001840	0.002643	0.000000	0.651752	0.000002	0.000000	0.000000	0.000008
462	0.342008	0.001869	0.002580	0.000000	0.653534	0.000003	0.000000	0.000000	0.000006
463	0.341104	0.001847	0.002561	0.000000	0.654481	0.000002	0.000000	0.000000	0.000005
464	0.339472	0.001850	0.002558	0.000000	0.656115	0.000001	0.000000	0.000000	0.000004
465	0.338371	0.001829	0.002548	0.000000	0.657245	0.000003	0.000000	0.000000	0.000004
466	0.337087	0.001803	0.002531	0.000000	0.658569	0.000005	0.000000	0.000000	0.000005
467	0.335731	0.001804	0.002462	0.000000	0.659995	0.000003	0.000000	0.000000	0.000005
468	0.334295	0.001772	0.002452	0.000000	0.661477	0.000001	0.000000	0.000000	0.000003
469	0.333079	0.001762	0.002519	0.000000	0.662634	0.000003	0.000000	0.000000	0.000003
470	0.331515	0.001723	0.002515	0.000000	0.664241	0.000003	0.000000	0.000000	0.000003
