0	0.810028	0.089977	0.089995	0.010000
0	0.818598	0.090959	0.081403	0.009040
1	0.824445	0.091371	0.075629	0.008555
2	0.828699	0.091550	0.071444	0.008307
3	0.832136	0.091596	0.068081	0.008187
4	0.835081	0.091563	0.065225	0.008131
5	0.837749	0.091509	0.062611	0.008131
6	0.840199	0.091410	0.060222	0.008170
7	0.842506	0.091308	0.057969	0.008216
8	0.844736	0.091202	0.055795	0.008267
9	0.846800	0.091103	0.053760	0.008337
10	0.848846	0.090969	0.051756	0.008428
11	0.850763	0.090875	0.049839	0.008523
12	0.852635	0.090708	0.048026	0.008630
13	0.854447	0.090555	0.046261	0.008737
14	0.856134	0.090423	0.044588	0.008855
15	0.857822	0.090250	0.042949	0.008979
16	0.859422	0.090102	0.041379	0.009097
17	0.860897	0.089964	0.039901	0.009238
18	0.862343	0.089813	0.038458	0.009386
19	0.863786	0.089621	0.037061	0.009532
20	0.865077	0.089482	0.035751	0.009690
21	0.866375	0.089323	0.034454	0.009848
22	0.867580	0.089193	0.033202	0.010024
23	0.868735	0.089040	0.032029	0.010196
24	0.869862	0.088866	0.030903	0.010369
25	0.870891	0.088730	0.029828	0.010551
26	0.871900	0.088588	0.028781	0.010730
27	0.872905	0.088409	0.027755	0.010931
28	0.873831	0.088238	0.026788	0.011143
29	0.874685	0.088096	0.025866	0.011354
30	0.875540	0.087934	0.024962	0.011563
31	0.876347	0.087760	0.024100	0.011793
32	0.877106	0.087591	0.023287	0.012017
33	0.877856	0.087418	0.022485	0.012241
34	0.878544	0.087245	0.021731	0.012481
35	0.879185	0.087083	0.021000	0.012732
36	0.879841	0.086880	0.020302	0.012977
37	0.880425	0.086726	0.019622	0.013227
38	0.880988	0.086586	0.018948	0.013479
39	0.881533	0.086405	0.018317	0.013746
40	0.882021	0.086253	0.017702	0.014024
41	0.882495	0.086084	0.017131	0.014290
42	0.882964	0.085899	0.016566	0.014571
43	0.883402	0.085719	0.016018	0.014862
44	0.883767	0.085564	0.015501	0.015168
45	0.884152	0.085374	0.015007	0.015467
46	0.884470	0.085226	0.014532	0.015773
47	0.884805	0.085052	0.014064	0.016079
48	0.885140	0.084846	0.013615	0.016399
49	0.885433	0.084658	0.013191	0.016718
50	0.885694	0.084485	0.012773	0.017047
51	0.885907	0.084312	0.012384	0.017397
52	0.886125	0.084133	0.011999	0.017743
53	0.886306	0.083965	0.011639	0.018089
54	0.886498	0.083788	0.011283	0.018432
55	0.886644	0.083617	0.010929	0.018810
56	0.886785	0.083439	0.010597	0.019179
57	0.886932	0.083246	0.010279	0.019543
58	0.886979	0.083128	0.009966	0.019927
59	0.887099	0.082936	0.009665	0.020300
60	0.887152	0.082755	0.009384	0.020709
61	0.887228	0.082561	0.009096	0.021115
62	0.887276	0.082361	0.008838	0.021525
63	0.887299	0.082167	0.008582	0.021951
64	0.887298	0.081992	0.008334	0.022377
65	0.887308	0.081803	0.008083	0.022806
66	0.887295	0.081619	0.007857	0.023228
67	0.887251	0.081441	0.007634	0.023674
68	0.887195	0.081275	0.007411	0.024120
69	0.887108	0.081116	0.007207	0.024569
70	0.887027	0.080931	0.007017	0.025025
71	0.886942	0.080741	0.006821	0.025496
72	0.886860	0.080526	0.006625	0.025989
73	0.886734	0.080342	0.006449	0.026476
74	0.886615	0.080146	0.006276	0.026963
75	0.886473	0.079961	0.006110	0.027456
76	0.886347	0.079765	0.005936	0.027952
77	0.886189	0.079560	0.005779	0.028473
78	0.885991	0.079384	0.005628	0.028998
79	0.885804	0.079197	0.005483	0.029516
80	0.885614	0.078987	0.005342	0.030057
81	0.885385	0.078799	0.005208	0.030608
82	0.885127	0.078630	0.005084	0.031159
83	0.884895	0.078431	0.004945	0.031730
84	0.884651	0.078248	0.004816	0.032284
85	0.884362	0.078080	0.004691	0.032867
86	0.884066	0.077899	0.004575	0.033460
87	0.883775	0.077718	0.004457	0.034050
88	0.883525	0.077489	0.004350	0.034637
89	0.883211	0.077311	0.004242	0.035236
90	0.882915	0.077090	0.004144	0.035852
91	0.882571	0.076905	0.004047	0.036476
92	0.882245	0.076701	0.003951	0.037102
93	0.881900	0.076507	0.003850	0.037743
94	0.881514	0.076340	0.003754	0.038392
95	0.881150	0.076140	0.003662	0.039048
96	0.880773	0.075943	0.003585	0.039698
97	0.880410	0.075728	0.003497	0.040366
98	0.880014	0.075528	0.003414	0.041044
99	0.879592	0.075343	0.003343	0.041721
100	0.879204	0.075136	0.003269	0.042391
101	0.878759	0.074949	0.003196	0.043096
102	0.878311	0.074756	0.003121	0.043812
103	0.877880	0.074562	0.003052	0.044506
104	0.877397	0.074381	0.002987	0.045236
105	0.876928	0.074198	0.002924	0.045950
106	0.876457	0.073997	0.002858	0.046687
107	0.875999	0.073780	0.002795	0.047427
108	0.875496	0.073591	0.002736	0.048177
109	0.874980	0.073399	0.002680	0.048941
110	0.874462	0.073202	0.002622	0.049714
111	0.873943	0.073000	0.002567	0.050490
112	0.873425	0.072783	0.002520	0.051272
113	0.872848	0.072589	0.002467	0.052096
114	0.872293	0.072394	0.002420	0.052893
115	0.871740	0.072188	0.002372	0.053700
116	0.871167	0.071990	0.002324	0.054519
117	0.870584	0.071780	0.002281	0.055354
118	0.869966	0.071603	0.002231	0.056200
119	0.869377	0.071401	0.002191	0.057031
120	0.868748	0.071198	0.002152	0.057902
121	0.868109	0.071018	0.002111	0.058762
122	0.867481	0.070822	0.002069	0.059628
123	0.866836	0.070625	0.002032	0.060507
124	0.866191	0.070422	0.001991	0.061396
125	0.865532	0.070231	0.001949	0.062287
126	0.864857	0.070035	0.001915	0.063193
127	0.864178	0.069835	0.001880	0.064108
128	0.863501	0.069647	0.001848	0.065004
129	0.862789	0.069457	0.001816	0.065938
130	0.862074	0.069259	0.001784	0.066883
131	0.861385	0.069046	0.001755	0.067813
132	0.860656	0.068850	0.001726	0.068768
133	0.859945	0.068633	0.001695	0.069727
134	0.859205	0.068426	0.001664	0.070705
135	0.858461	0.068211	0.001633	0.071696
136	0.857701	0.068010	0.001597	0.072692
137	0.856917	0.067827	0.001569	0.073686
138	0.856146	0.067622	0.001547	0.074684
139	0.855383	0.067395	0.001523	0.075698
140	0.854580	0.067204	0.001493	0.076724
141	0.853787	0.066990	0.001470	0.077753
142	0.852980	0.066795	0.001449	0.078776
143	0.852169	0.066591	0.001426	0.079813
144	0.851370	0.066370	0.001406	0.080855
145	0.850513	0.066178	0.001383	0.081927
146	0.849690	0.065956	0.001361	0.082993
147	0.848833	0.065752	0.001344	0.084071
148	0.847950	0.065572	0.001317	0.085161
149	0.847089	0.065349	0.001295	0.086267
150	0.846233	0.065137	0.001277	0.087352
151	0.845333	0.064933	0.001264	0.088470
152	0.844432	0.064753	0.001246	0.089569
153	0.843516	0.064550	0.001227	0.090708
154	0.842610	0.064333	0.001209	0.091848
155	0.841688	0.064126	0.001192	0.092995
156	0.840781	0.063904	0.001176	0.094139
157	0.839808	0.063706	0.001159	0.095326
158	0.838864	0.063506	0.001143	0.096487
159	0.837917	0.063300	0.001131	0.097652
160	0.836962	0.063080	0.001116	0.098842
161	0.835969	0.062886	0.001100	0.100045
162	0.834975	0.062678	0.001087	0.101260
163	0.833984	0.062473	0.001068	0.102476
164	0.832953	0.062273	0.001056	0.103719
165	0.831973	0.062056	0.001040	0.104931
166	0.830979	0.061845	0.001028	0.106147
167	0.829965	0.061627	0.001014	0.107394
168	0.828924	0.061430	0.001000	0.108646
169	0.827894	0.061219	0.000986	0.109902
170	0.826867	0.060993	0.000976	0.111163
171	0.825825	0.060784	0.000964	0.112428
172	0.824754	0.060579	0.000951	0.113716
173	0.823691	0.060356	0.000937	0.115017
174	0.822592	0.060149	0.000930	0.116329
175	0.821535	0.059929	0.000917	0.117619
176	0.820416	0.059739	0.000906	0.118939
177	0.819327	0.059513	0.000896	0.120264
178	0.818210	0.059330	0.000884	0.121577
179	0.817072	0.059133	0.000871	0.122925
180	0.815954	0.058910	0.000862	0.124274
181	0.814813	0.058706	0.000849	0.125632
182	0.813665	0.058499	0.000840	0.126997
183	0.812530	0.058284	0.000828	0.128358
184	0.811350	0.058082	0.000820	0.129749
185	0.810146	0.057887	0.000812	0.131155
186	0.808979	0.057666	0.000805	0.132549
187	0.807780	0.057468	0.000795	0.133957
188	0.806569	0.057274	0.000787	0.135371
189	0.805394	0.057066	0.000777	0.136764
190	0.804188	0.056858	0.000767	0.138187
191	0.802976	0.056648	0.000764	0.139613
192	0.801755	0.056431	0.000756	0.141059
193	0.800513	0.056227	0.000749	0.142511
194	0.799267	0.056010	0.000740	0.143983
195	0.798043	0.055801	0.000733	0.145423
196	0.796825	0.055567	0.000726	0.146883
197	0.795565	0.055357	0.000716	0.148363
198	0.794286	0.055149	0.000711	0.149854
199	0.793002	0.054928	0.000703	0.151367
200	0.791716	0.054734	0.000697	0.152853
201	0.790447	0.054509	0.000689	0.154355
202	0.789146	0.054307	0.000682	0.155864
203	0.787830	0.054095	0.000675	0.157401
204	0.786520	0.053882	0.000669	0.158929
205	0.785179	0.053686	0.000662	0.160473
206	0.783855	0.053457	0.000657	0.162031
207	0.782478	0.053277	0.000652	0.163593
208	0.781133	0.053087	0.000643	0.165136
209	0.779790	0.052901	0.000634	0.166675
210	0.778423	0.052677	0.000630	0.168270
211	0.777049	0.052454	0.000622	0.169875
212	0.775702	0.052231	0.000616	0.171451
213	0.774333	0.052021	0.000612	0.173035
214	0.772954	0.051821	0.000605	0.174620
215	0.771546	0.051609	0.000601	0.176244
216	0.770156	0.051388	0.000598	0.177858
217	0.768722	0.051185	0.000592	0.179501
218	0.767318	0.051001	0.000585	0.181096
219	0.765914	0.050784	0.000580	0.182721
220	0.764497	0.050570	0.000577	0.184356
221	0.763064	0.050357	0.000575	0.186004
222	0.761624	0.050153	0.000569	0.187654
223	0.760193	0.049926	0.000565	0.189315
224	0.758745	0.049718	0.000560	0.190977
225	0.757251	0.049541	0.000554	0.192653
226	0.755765	0.049336	0.000550	0.194349
227	0.754320	0.049122	0.000543	0.196014
228	0.752878	0.048916	0.000536	0.197669
229	0.751363	0.048733	0.000534	0.199370
230	0.749874	0.048524	0.000531	0.201072
231	0.748362	0.048316	0.000526	0.202797
232	0.746845	0.048114	0.000522	0.204519
233	0.745311	0.047930	0.000519	0.206240
234	0.743795	0.047714	0.000515	0.207976
235	0.742284	0.047498	0.000511	0.209706
236	0.740764	0.047291	0.000507	0.211438
237	0.739220	0.047089	0.000507	0.213184
238	0.737680	0.046891	0.000504	0.214925
239	0.736123	0.046679	0.000501	0.216696
240	0.734562	0.046492	0.000498	0.218448
241	0.733019	0.046294	0.000495	0.220192
242	0.731440	0.046092	0.000493	0.221975
243	0.729884	0.045891	0.000489	0.223736
244	0.728283	0.045692	0.000486	0.225539
245	0.726736	0.045472	0.000482	0.227309
246	0.725143	0.045265	0.000479	0.229112
247	0.723528	0.045070	0.000478	0.230924
248	0.721937	0.044872	0.000475	0.232717
249	0.720318	0.044676	0.000471	0.234534
250	0.718690	0.044479	0.000469	0.236363
251	0.717112	0.044273	0.000464	0.238150
252	0.715494	0.044075	0.000462	0.239969
253	0.713898	0.043855	0.000461	0.241785
254	0.712258	0.043672	0.000460	0.243611
255	0.710638	0.043470	0.000458	0.245435
256	0.709001	0.043272	0.000454	0.247273
257	0.707364	0.043073	0.000451	0.249111
258	0.705716	0.042866	0.000450	0.250968
259	0.704051	0.042676	0.000448	0.252825
260	0.702354	0.042484	0.000446	0.254716
261	0.700666	0.042305	0.000442	0.256586
262	0.699038	0.042100	0.000439	0.258423
263	0.697345	0.041913	0.000437	0.260305
264	0.695657	0.041709	0.000437	0.262197
265	0.693954	0.041515	0.000436	0.264095
266	0.692277	0.041326	0.000433	0.265964
267	0.690576	0.041127	0.000430	0.267867
268	0.688852	0.040943	0.000427	0.269778
269	0.687171	0.040752	0.000428	0.271650
270	0.685440	0.040576	0.000422	0.273562
271	0.683713	0.040392	0.000419	0.275475
272	0.681980	0.040205	0.000418	0.277397
273	0.680274	0.039994	0.000417	0.279315
274	0.678552	0.039813	0.000416	0.281218
275	0.676835	0.039619	0.000415	0.283130
276	0.675108	0.039423	0.000410	0.285059
277	0.673375	0.039233	0.000408	0.286984
278	0.671648	0.039043	0.000410	0.288898
279	0.669905	0.038852	0.000409	0.290834
280	0.668153	0.038663	0.000404	0.292780
281	0.666408	0.038469	0.000403	0.294720
282	0.664675	0.038275	0.000400	0.296650
283	0.662940	0.038067	0.000398	0.298594
284	0.661170	0.037895	0.000398	0.300537
285	0.659407	0.037704	0.000396	0.302493
286	0.657638	0.037518	0.000395	0.304449
287	0.655881	0.037325	0.000394	0.306400
288	0.654125	0.037121	0.000394	0.308361
289	0.652329	0.036930	0.000392	0.310350
290	0.650526	0.036754	0.000388	0.312331
291	0.648762	0.036563	0.000386	0.314289
292	0.646960	0.036368	0.000387	0.316285
293	0.645140	0.036206	0.000385	0.318270
294	0.643377	0.036007	0.000382	0.320234
295	0.641553	0.035834	0.000380	0.322232
296	0.639750	0.035647	0.000378	0.324225
297	0.637929	0.035489	0.000376	0.326206
298	0.636093	0.035299	0.000376	0.328232
299	0.634297	0.035104	0.000372	0.330227
300	0.632485	0.034923	0.000371	0.332221
301	0.630637	0.034750	0.000371	0.334242
302	0.628839	0.034565	0.000374	0.336222
303	0.626996	0.034382	0.000371	0.338251
304	0.625189	0.034192	0.000368	0.340252
305	0.623351	0.034011	0.000367	0.342271
306	0.621508	0.033838	0.000364	0.344289
307	0.619669	0.033673	0.000364	0.346294
308	0.617818	0.033484	0.000362	0.348336
309	0.615975	0.033293	0.000362	0.350370
310	0.614141	0.033124	0.000362	0.352373
311	0.612264	0.032966	0.000360	0.354410
312	0.610387	0.032798	0.000360	0.356456
313	0.608527	0.032624	0.000360	0.358489
314	0.606636	0.032459	0.000358	0.360547
315	0.604793	0.032278	0.000357	0.362572
316	0.602933	0.032104	0.000355	0.364607
317	0.601073	0.031922	0.000355	0.366650
318	0.599213	0.031747	0.000355	0.368685
319	0.597335	0.031576	0.000354	0.370735
320	0.595479	0.031391	0.000356	0.372774
321	0.593586	0.031230	0.000353	0.374830
322	0.591710	0.031055	0.000353	0.376882
323	0.589839	0.030885	0.000352	0.378923
324	0.587987	0.030715	0.000348	0.380950
325	0.586088	0.030543	0.000349	0.383020
326	0.584209	0.030369	0.000346	0.385076
327	0.582319	0.030215	0.000345	0.387121
328	0.580436	0.030045	0.000342	0.389177
329	0.578545	0.029890	0.000342	0.391222
330	0.576644	0.029729	0.000341	0.393286
331	0.574759	0.029564	0.000341	0.395335
332	0.572854	0.029397	0.000340	0.397408
333	0.570991	0.029225	0.000337	0.399446
334	0.569091	0.029051	0.000339	0.401519
335	0.567189	0.028892	0.000336	0.403583
336	0.565316	0.028726	0.000335	0.405622
337	0.563433	0.028559	0.000334	0.407673
338	0.561525	0.028402	0.000331	0.409742
339	0.559619	0.028240	0.000331	0.411809
340	0.557718	0.028069	0.000331	0.413882
341	0.555811	0.027913	0.000329	0.415947
342	0.553885	0.027767	0.000329	0.418019
343	0.551987	0.027617	0.000329	0.420068
344	0.550091	0.027449	0.000327	0.422134
345	0.548196	0.027302	0.000327	0.424174
346	0.546299	0.027140	0.000325	0.426237
347	0.544402	0.026980	0.000324	0.428294
348	0.542529	0.026816	0.000322	0.430333
349	0.540640	0.026634	0.000324	0.432402
350	0.538729	0.026480	0.000322	0.434469
351	0.536837	0.026332	0.000322	0.436509
352	0.534931	0.026177	0.000323	0.438569
353	0.533023	0.026018	0.000323	0.440636
354	0.531108	0.025867	0.000324	0.442700
355	0.529202	0.025704	0.000322	0.444772
356	0.527311	0.025558	0.000321	0.446810
357	0.525441	0.025388	0.000321	0.448849
358	0.523512	0.025248	0.000320	0.450919
359	0.521637	0.025092	0.000320	0.452952
360	0.519712	0.024957	0.000319	0.455011
361	0.517819	0.024809	0.000319	0.457053
362	0.515968	0.024641	0.000318	0.459074
363	0.514038	0.024510	0.000317	0.461135
364	0.512130	0.024357	0.000315	0.463197
365	0.510213	0.024219	0.000315	0.465253
366	0.508332	0.024056	0.000314	0.467298
367	0.506441	0.023916	0.000314	0.469328
368	0.504516	0.023783	0.000313	0.471388
369	0.502601	0.023652	0.000312	0.473435
370	0.500718	0.023497	0.000313	0.475472
371	0.498829	0.023348	0.000313	0.477510
372	0.496927	0.023211	0.000312	0.479551
373	0.495025	0.023060	0.000311	0.481603
374	0.493124	0.022916	0.000310	0.483651
375	0.491230	0.022766	0.000308	0.485696
376	0.489339	0.022620	0.000307	0.487734
377	0.487454	0.022464	0.000307	0.489776
378	0.485549	0.022345	0.000307	0.491800
379	0.483652	0.022190	0.000306	0.493851
380	0.481782	0.022049	0.000306	0.495864
381	0.479906	0.021900	0.000305	0.497889
382	0.477999	0.021767	0.000304	0.499930
383	0.476118	0.021632	0.000304	0.501946
384	0.474215	0.021487	0.000303	0.503995
385	0.472335	0.021345	0.000302	0.506017
386	0.470448	0.021194	0.000304	0.508054
387	0.468552	0.021059	0.000303	0.510086
388	0.466679	0.020910	0.000301	0.512109
389	0.464788	0.020781	0.000301	0.514130
390	0.462935	0.020646	0.000299	0.516120
391	0.461048	0.020522	0.000300	0.518130
392	0.459170	0.020382	0.000299	0.520149
393	0.457261	0.020252	0.000298	0.522189
394	0.455384	0.020122	0.000298	0.524196
395	0.453545	0.019989	0.000299	0.526167
396	0.451662	0.019851	0.000299	0.528188
397	0.449780	0.019721	0.000299	0.530201
398	0.447891	0.019591	0.000300	0.532218
399	0.446036	0.019461	0.000301	0.534203
400	0.444171	0.019325	0.000302	0.536203
401	0.442321	0.019180	0.000301	0.538199
402	0.440473	0.019062	0.000300	0.540165
403	0.438603	0.018940	0.000299	0.542157
404	0.436779	0.018810	0.000299	0.544112
405	0.434936	0.018684	0.000297	0.546083
406	0.433087	0.018568	0.000296	0.548049
407	0.431262	0.018440	0.000298	0.550000
408	0.429431	0.018309	0.000297	0.551963
409	0.427577	0.018190	0.000296	0.553937
410	0.425729	0.018063	0.000297	0.555911
411	0.423873	0.017943	0.000297	0.557886
412	0.422026	0.017827	0.000299	0.559848
413	0.420194	0.017705	0.000298	0.561803
414	0.418354	0.017588	0.000298	0.563760
415	0.416515	0.017467	0.000298	0.565719
416	0.414684	0.017344	0.000301	0.567670
417	0.412861	0.017223	0.000300	0.569615
418	0.411015	0.017110	0.000299	0.571576
419	0.409227	0.016979	0.000298	0.573496
420	0.407410	0.016859	0.000299	0.575432
421	0.405602	0.016740	0.000298	0.577359
422	0.403766	0.016628	0.000298	0.579308
423	0.401963	0.016502	0.000297	0.581238
424	0.400135	0.016402	0.000299	0.583164
425	0.398353	0.016292	0.000298	0.585057
426	0.396567	0.016164	0.000298	0.586971
427	0.394781	0.016061	0.000298	0.588861
428	0.392994	0.015945	0.000298	0.590763
429	0.391202	0.015834	0.000298	0.592666
430	0.389403	0.015718	0.000298	0.594581
431	0.387612	0.015608	0.000298	0.596481
432	0.385812	0.015503	0.000298	0.598387
433	0.384015	0.015392	0.000298	0.600294
434	0.382232	0.015292	0.000299	0.602178
435	0.380449	0.015175	0.000299	0.604077
436	0.378688	0.015063	0.000298	0.605950
437	0.376931	0.014960	0.000299	0.607811
438	0.375185	0.014844	0.000299	0.609672
439	0.373414	0.014748	0.000300	0.611538
440	0.371624	0.014650	0.000300	0.613426
441	0.369856	0.014555	0.000301	0.615289
442	0.368093	0.014441	0.000302	0.617164
443	0.366362	0.014316	0.000302	0.619020
444	0.364603	0.014223	0.000301	0.620872
445	0.362888	0.014122	0.000303	0.622688
446	0.361163	0.014012	0.000302	0.624523
447	0.359463	0.013898	0.000302	0.626337
448	0.357735	0.013799	0.000303	0.628163
449	0.355994	0.013696	0.000303	0.630007
450	0.354290	0.013590	0.000302	0.631817
451	0.352566	0.013494	0.000302	0.633638
452	0.350854	0.013390	0.000301	0.635454
453	0.349146	0.013289	0.000301	0.637265
454	0.347458	0.013178	0.000302	0.639062
455	0.345766	0.013079	0.000301	0.640853
456	0.344065	0.012982	0.000302	0.642652
457	0.342349	0.012897	0.000303	0.644450
458	0.340659	0.012800	0.000303	0.646238
459	0.338981	0.012707	0.000303	0.648009
460	0.337315	0.012614	0.000304	0.649766
461	0.335637	0.012521	0.000304	0.651537
462	0.333961	0.012429	0.000305	0.653305
463	0.332286	0.012331	0.000305	0.655078
464	0.330605	0.012252	0.000305	0.656838
465	0.328929	0.012159	0.000306	0.658606
466	0.327262	0.012064	0.000306	0.660368
467	0.325644	0.011971	0.000305	0.662080
468	0.323993	0.011882	0.000305	0.663820
469	0.322314	0.011789	0.000304	0.665593
470	0.320677	0.011690	0.000306	0.667327
471	0.319046	0.011605	0.000304	0.669045
472	0.317372	0.011523	0.000303	0.670802
473	0.315728	0.011434	0.000303	0.672535
474	0.314100	0.011353	0.000303	0.674244
475	0.312469	0.011271	0.000303	0.675957
476	0.310857	0.011171	0.000302	0.677669
477	0.309235	0.011090	0.000302	0.679372
478	0.307651	0.010998	0.000302	0.681049
479	0.306029	0.010908	0.000302	0.682761
480	0.304416	0.010826	0.000303	0.684454
481	0.302835	0.010735	0.000303	0.686128
482	0.301248	0.010652	0.000303	0.687796
483	0.299634	0.010574	0.000303	0.689489
484	0.298033	0.010501	0.000303	0.691162
485	0.296456	0.010409	0.000301	0.692834
486	0.294883	0.010316	0.000303	0.694499
487	0.293325	0.010245	0.000303	0.696127
488	0.291748	0.010169	0.000302	0.697781
489	0.290193	0.010094	0.000304	0.699410
490	0.288645	0.010011	0.000304	0.701040
491	0.287076	0.009929	0.000303	0.702691
492	0.285517	0.009847	0.000303	0.704332
493	0.283990	0.009764	0.000303	0.705942
494	0.282457	0.009676	0.000305	0.707562
495	0.280924	0.009594	0.000303	0.709179
496	0.279395	0.009517	0.000303	0.710785
497	0.277856	0.009446	0.000303	0.712395
498	0.276312	0.009370	0.000302	0.714016
499	0.274794	0.009302	0.000302	0.715602
500	0.273281	0.009219	0.000303	0.717197
501	0.271765	0.009143	0.000302	0.718790
502	0.270257	0.009078	0.000301	0.720363
503	0.268756	0.009007	0.000301	0.721937
504	0.267262	0.008941	0.000304	0.723493
505	0.265749	0.008869	0.000304	0.725078
506	0.264291	0.008791	0.000302	0.726616
507	0.262828	0.008713	0.000304	0.728155
508	0.261344	0.008643	0.000303	0.729709
509	0.259869	0.008574	0.000304	0.731253
510	0.258418	0.008502	0.000302	0.732779
511	0.256956	0.008439	0.000302	0.734304
512	0.255492	0.008374	0.000302	0.735833
513	0.254023	0.008301	0.000302	0.737374
514	0.252552	0.008232	0.000300	0.738915
515	0.251128	0.008169	0.000301	0.740403
516	0.249678	0.008113	0.000302	0.741908
517	0.248257	0.008046	0.000302	0.743396
518	0.246818	0.007981	0.000302	0.744899
519	0.245401	0.007908	0.000302	0.746389
520	0.244017	0.007834	0.000303	0.747846
521	0.242596	0.007763	0.000303	0.749338
522	0.241173	0.007698	0.000305	0.750823
523	0.239752	0.007641	0.000306	0.752301
524	0.238337	0.007584	0.000306	0.753773
525	0.236954	0.007516	0.000305	0.755224
526	0.235566	0.007453	0.000306	0.756675
527	0.234167	0.007392	0.000305	0.758136
528	0.232803	0.007324	0.000306	0.759567
529	0.231459	0.007254	0.000306	0.760981
530	0.230090	0.007198	0.000307	0.762406
531	0.228720	0.007146	0.000305	0.763828
532	0.227362	0.007081	0.000306	0.765251
533	0.226016	0.007027	0.000307	0.766649
534	0.224669	0.006963	0.000307	0.768060
535	0.223330	0.006906	0.000308	0.769455
536	0.221979	0.006852	0.000309	0.770859
537	0.220633	0.006788	0.000310	0.772269
538	0.219307	0.006728	0.000311	0.773654
539	0.218013	0.006671	0.000311	0.775006
540	0.216677	0.006608	0.000310	0.776405
541	0.215380	0.006549	0.000309	0.777762
542	0.214058	0.006501	0.000310	0.779131
543	0.212757	0.006439	0.000310	0.780495
544	0.211448	0.006391	0.000309	0.781852
545	0.210144	0.006336	0.000308	0.783212
546	0.208866	0.006285	0.000309	0.784540
547	0.207597	0.006227	0.000309	0.785867
548	0.206305	0.006172	0.000309	0.787215
549	0.205046	0.006115	0.000307	0.788532
550	0.203771	0.006060	0.000310	0.789860
551	0.202495	0.006015	0.000307	0.791183
552	0.201231	0.005964	0.000308	0.792496
553	0.199994	0.005917	0.000306	0.793783
554	0.198748	0.005869	0.000305	0.795078
555	0.197510	0.005821	0.000305	0.796364
556	0.196269	0.005770	0.000305	0.797656
557	0.195027	0.005718	0.000306	0.798949
558	0.193795	0.005663	0.000306	0.800237
559	0.192589	0.005611	0.000305	0.801495
560	0.191370	0.005563	0.000305	0.802763
561	0.190144	0.005515	0.000306	0.804034
562	0.188938	0.005461	0.000306	0.805295
563	0.187747	0.005412	0.000306	0.806535
564	0.186566	0.005362	0.000307	0.807765
565	0.185371	0.005318	0.000307	0.809005
566	0.184189	0.005272	0.000306	0.810234
567	0.182999	0.005221	0.000307	0.811472
568	0.181817	0.005177	0.000307	0.812700
569	0.180651	0.005126	0.000308	0.813915
570	0.179470	0.005078	0.000307	0.815144
571	0.178317	0.005029	0.000307	0.816348
572	0.177180	0.004987	0.000307	0.817526
573	0.176043	0.004940	0.000307	0.818710
574	0.174905	0.004901	0.000306	0.819888
575	0.173763	0.004851	0.000305	0.821081
576	0.172625	0.004809	0.000306	0.822260
577	0.171493	0.004768	0.000308	0.823431
578	0.170358	0.004723	0.000307	0.824612
579	0.169229	0.004676	0.000307	0.825788
580	0.168119	0.004632	0.000307	0.826941
581	0.167034	0.004592	0.000306	0.828068
582	0.165947	0.004548	0.000307	0.829199
583	0.164853	0.004511	0.000306	0.830330
584	0.163759	0.004472	0.000308	0.831461
585	0.162689	0.004428	0.000310	0.832572
586	0.161610	0.004382	0.000313	0.833695
587	0.160519	0.004338	0.000314	0.834829
588	0.159447	0.004296	0.000314	0.835943
589	0.158376	0.004255	0.000313	0.837056
590	0.157301	0.004217	0.000313	0.838169
591	0.156250	0.004178	0.000314	0.839258
592	0.155199	0.004141	0.000313	0.840347
593	0.154152	0.004099	0.000315	0.841433
594	0.153105	0.004062	0.000317	0.842517
595	0.152064	0.004026	0.000317	0.843593
596	0.151044	0.003983	0.000315	0.844658
597	0.150009	0.003952	0.000317	0.845722
598	0.148991	0.003911	0.000317	0.846781
599	0.147975	0.003878	0.000318	0.847829
600	0.146978	0.003842	0.000320	0.848860
601	0.145974	0.003802	0.000319	0.849905
602	0.144965	0.003767	0.000318	0.850950
603	0.143968	0.003727	0.000317	0.851988
604	0.142989	0.003688	0.000316	0.853007
605	0.141987	0.003654	0.000316	0.854042
606	0.141028	0.003621	0.000317	0.855034
607	0.140057	0.003588	0.000317	0.856038
608	0.139097	0.003559	0.000317	0.857027
609	0.138130	0.003519	0.000317	0.858033
610	0.137174	0.003485	0.000317	0.859024
611	0.136216	0.003447	0.000317	0.860019
612	0.135265	0.003418	0.000318	0.860999
613	0.134317	0.003379	0.000318	0.861986
614	0.133385	0.003345	0.000318	0.862952
615	0.132447	0.003306	0.000318	0.863929
616	0.131501	0.003274	0.000319	0.864906
617	0.130590	0.003243	0.000319	0.865848
618	0.129680	0.003217	0.000319	0.866783
619	0.128755	0.003189	0.000319	0.867737
620	0.127835	0.003162	0.000319	0.868683
621	0.126929	0.003128	0.000320	0.869623
622	0.126024	0.003096	0.000319	0.870562
623	0.125129	0.003067	0.000318	0.871485
624	0.124248	0.003036	0.000317	0.872399
625	0.123377	0.003000	0.000318	0.873304
626	0.122496	0.002978	0.000319	0.874207
627	0.121612	0.002948	0.000320	0.875120
628	0.120746	0.002920	0.000319	0.876016
629	0.119895	0.002891	0.000318	0.876895
630	0.119035	0.002867	0.000319	0.877779
631	0.118184	0.002839	0.000321	0.878655
632	0.117329	0.002810	0.000322	0.879538
633	0.116466	0.002783	0.000321	0.880430
634	0.115604	0.002757	0.000321	0.881318
635	0.114774	0.002727	0.000321	0.882178
636	0.113947	0.002699	0.000323	0.883031
637	0.113126	0.002673	0.000322	0.883879
638	0.112291	0.002646	0.000322	0.884741
639	0.111496	0.002615	0.000322	0.885567
640	0.110671	0.002590	0.000323	0.886417
641	0.109863	0.002567	0.000325	0.887245
642	0.109062	0.002540	0.000326	0.888073
643	0.108239	0.002519	0.000324	0.888918
644	0.107438	0.002494	0.000324	0.889744
645	0.106644	0.002466	0.000323	0.890567
646	0.105865	0.002446	0.000322	0.891367
647	0.105097	0.002420	0.000323	0.892160
648	0.104305	0.002387	0.000324	0.892984
649	0.103515	0.002364	0.000323	0.893798
650	0.102744	0.002339	0.000324	0.894593
651	0.101975	0.002317	0.000323	0.895386
652	0.101212	0.002288	0.000323	0.896177
653	0.100478	0.002263	0.000322	0.896937
654	0.099726	0.002236	0.000322	0.897717
655	0.098973	0.002212	0.000322	0.898493
656	0.098236	0.002193	0.000321	0.899250
657	0.097495	0.002168	0.000320	0.900017
658	0.096759	0.002145	0.000319	0.900777
659	0.096004	0.002124	0.000319	0.901553
660	0.095275	0.002102	0.000319	0.902304
661	0.094544	0.002083	0.000319	0.903054
662	0.093819	0.002065	0.000318	0.903798
663	0.093097	0.002041	0.000318	0.904544
664	0.092386	0.002017	0.000317	0.905280
665	0.091676	0.001997	0.000318	0.906009
666	0.090987	0.001975	0.000320	0.906718
667	0.090287	0.001954	0.000320	0.907440
668	0.089609	0.001934	0.000319	0.908138
669	0.088923	0.001913	0.000322	0.908842
670	0.088241	0.001893	0.000324	0.909543
671	0.087562	0.001875	0.000323	0.910240
672	0.086879	0.001857	0.000325	0.910939
673	0.086203	0.001837	0.000326	0.911634
674	0.085525	0.001817	0.000323	0.912335
675	0.084847	0.001800	0.000321	0.913031
676	0.084193	0.001782	0.000321	0.913705
677	0.083534	0.001765	0.000320	0.914381
678	0.082872	0.001744	0.000321	0.915063
679	0.082227	0.001724	0.000321	0.915729
680	0.081578	0.001703	0.000321	0.916398
681	0.080928	0.001689	0.000323	0.917060
682	0.080289	0.001673	0.000323	0.917714
683	0.079666	0.001658	0.000324	0.918352
684	0.079037	0.001638	0.000324	0.919002
685	0.078404	0.001622	0.000325	0.919649
686	0.077788	0.001604	0.000325	0.920283
687	0.077174	0.001588	0.000324	0.920914
688	0.076554	0.001567	0.000323	0.921555
689	0.075955	0.001552	0.000323	0.922170
690	0.075340	0.001533	0.000323	0.922805
691	0.074727	0.001522	0.000325	0.923426
692	0.074137	0.001506	0.000326	0.924031
693	0.073538	0.001489	0.000326	0.924646
694	0.072949	0.001475	0.000328	0.925249
695	0.072361	0.001460	0.000328	0.925851
696	0.071775	0.001444	0.000328	0.926453
697	0.071184	0.001427	0.000328	0.927060
698	0.070590	0.001414	0.000329	0.927666
699	0.070009	0.001397	0.000329	0.928266
700	0.069434	0.001381	0.000331	0.928854
701	0.068874	0.001366	0.000330	0.929430
702	0.068313	0.001350	0.000332	0.930005
703	0.067753	0.001342	0.000334	0.930570
704	0.067207	0.001323	0.000332	0.931138
705	0.066647	0.001311	0.000332	0.931710
706	0.066101	0.001298	0.000332	0.932269
707	0.065560	0.001283	0.000333	0.932823
708	0.065022	0.001268	0.000333	0.933377
709	0.064487	0.001252	0.000333	0.933929
710	0.063959	0.001237	0.000333	0.934470
711	0.063431	0.001225	0.000334	0.935009
712	0.062913	0.001210	0.000333	0.935543
713	0.062403	0.001195	0.000335	0.936067
714	0.061887	0.001184	0.000335	0.936594
715	0.061382	0.001172	0.000335	0.937111
716	0.060874	0.001156	0.000335	0.937635
717	0.060359	0.001144	0.000334	0.938163
718	0.059846	0.001131	0.000334	0.938688
719	0.059348	0.001119	0.000333	0.939200
720	0.058849	0.001108	0.000332	0.939711
721	0.058364	0.001096	0.000333	0.940207
722	0.057863	0.001084	0.000334	0.940719
723	0.057381	0.001072	0.000334	0.941212
724	0.056897	0.001058	0.000334	0.941710
725	0.056419	0.001048	0.000333	0.942200
726	0.055948	0.001033	0.000334	0.942685
727	0.055477	0.001024	0.000334	0.943164
728	0.054994	0.001010	0.000336	0.943660
729	0.054539	0.000999	0.000337	0.944126
730	0.054068	0.000986	0.000337	0.944609
731	0.053620	0.000977	0.000336	0.945067
732	0.053162	0.000965	0.000337	0.945535
733	0.052702	0.000950	0.000338	0.946010
734	0.052256	0.000938	0.000339	0.946468
735	0.051804	0.000928	0.000338	0.946929
736	0.051368	0.000916	0.000338	0.947377
737	0.050914	0.000910	0.000337	0.947838
738	0.050473	0.000897	0.000337	0.948292
739	0.050040	0.000883	0.000337	0.948740
740	0.049616	0.000876	0.000339	0.949169
741	0.049184	0.000864	0.000338	0.949613
742	0.048742	0.000853	0.000338	0.950068
743	0.048316	0.000843	0.000337	0.950505
744	0.047891	0.000831	0.000339	0.950940
745	0.047467	0.000819	0.000336	0.951379
746	0.047049	0.000809	0.000334	0.951807
747	0.046627	0.000800	0.000334	0.952238
748	0.046221	0.000794	0.000336	0.952649
749	0.045821	0.000784	0.000336	0.953059
750	0.045421	0.000775	0.000337	0.953467
751	0.045004	0.000765	0.000338	0.953894
752	0.044615	0.000756	0.000340	0.954290
753	0.044219	0.000745	0.000342	0.954694
754	0.043824	0.000738	0.000340	0.955098
755	0.043452	0.000727	0.000339	0.955482
756	0.043071	0.000717	0.000338	0.955874
757	0.042686	0.000711	0.000338	0.956265
758	0.042308	0.000701	0.000338	0.956654
759	0.041937	0.000692	0.000341	0.957029
760	0.041571	0.000684	0.000339	0.957405
761	0.041204	0.000676	0.000339	0.957781
762	0.040841	0.000665	0.000338	0.958155
763	0.040474	0.000657	0.000338	0.958532
764	0.040099	0.000652	0.000339	0.958910
765	0.039738	0.000643	0.000341	0.959277
766	0.039385	0.000636	0.000341	0.959639
767	0.039033	0.000627	0.000339	0.960001
768	0.038683	0.000616	0.000338	0.960363
769	0.038329	0.000609	0.000340	0.960722
770	0.037977	0.000602	0.000341	0.961081
771	0.037633	0.000595	0.000341	0.961431
772	0.037293	0.000587	0.000340	0.961780
773	0.036956	0.000579	0.000341	0.962124
774	0.036635	0.000572	0.000341	0.962452
775	0.036292	0.000566	0.000340	0.962801
776	0.035970	0.000560	0.000341	0.963129
777	0.035647	0.000555	0.000341	0.963457
778	0.035318	0.000546	0.000341	0.963795
779	0.034989	0.000537	0.000341	0.964133
780	0.034671	0.000529	0.000341	0.964459
781	0.034355	0.000522	0.000341	0.964781
782	0.034029	0.000518	0.000342	0.965111
783	0.033720	0.000511	0.000344	0.965425
784	0.033418	0.000505	0.000345	0.965732
785	0.033114	0.000498	0.000344	0.966044
786	0.032815	0.000491	0.000342	0.966352
787	0.032502	0.000483	0.000342	0.966673
788	0.032198	0.000478	0.000341	0.966983
789	0.031898	0.000471	0.000341	0.967290
790	0.031603	0.000465	0.000341	0.967591
791	0.031304	0.000459	0.000340	0.967897
792	0.031014	0.000453	0.000340	0.968193
793	0.030715	0.000447	0.000339	0.968499
794	0.030420	0.000441	0.000341	0.968798
795	0.030133	0.000435	0.000340	0.969092
796	0.029854	0.000430	0.000341	0.969375
797	0.029569	0.000423	0.000342	0.969666
798	0.029296	0.000419	0.000342	0.969942
799	0.029017	0.000415	0.000342	0.970227
800	0.028748	0.000409	0.000343	0.970500
801	0.028474	0.000403	0.000343	0.970780
802	0.028199	0.000399	0.000344	0.971057
803	0.027933	0.000394	0.000345	0.971328
804	0.027673	0.000388	0.000345	0.971594
805	0.027409	0.000385	0.000347	0.971859
806	0.027155	0.000381	0.000345	0.972120
807	0.026891	0.000376	0.000345	0.972388
808	0.026637	0.000370	0.000345	0.972649
809	0.026389	0.000365	0.000345	0.972901
810	0.026131	0.000361	0.000346	0.973161
811	0.025884	0.000356	0.000346	0.973415
812	0.025637	0.000352	0.000344	0.973667
813	0.025395	0.000349	0.000342	0.973914
814	0.025148	0.000346	0.000343	0.974164
815	0.024908	0.000341	0.000344	0.974407
816	0.024667	0.000337	0.000345	0.974651
817	0.024433	0.000332	0.000345	0.974890
818	0.024202	0.000326	0.000347	0.975126
819	0.023960	0.000322	0.000346	0.975372
820	0.023723	0.000319	0.000345	0.975613
821	0.023496	0.000316	0.000348	0.975839
822	0.023271	0.000314	0.000347	0.976068
823	0.023042	0.000309	0.000348	0.976301
824	0.022822	0.000305	0.000350	0.976523
825	0.022596	0.000301	0.000350	0.976752
826	0.022369	0.000299	0.000351	0.976982
827	0.022153	0.000296	0.000351	0.977200
828	0.021935	0.000292	0.000350	0.977423
829	0.021719	0.000288	0.000350	0.977644
830	0.021505	0.000284	0.000350	0.977861
831	0.021297	0.000282	0.000351	0.978070
832	0.021084	0.000277	0.000351	0.978288
833	0.020871	0.000272	0.000350	0.978507
834	0.020668	0.000268	0.000351	0.978713
835	0.020463	0.000264	0.000350	0.978923
836	0.020263	0.000262	0.000352	0.979124
837	0.020060	0.000258	0.000350	0.979332
838	0.019850	0.000257	0.000351	0.979542
839	0.019651	0.000254	0.000351	0.979744
840	0.019463	0.000250	0.000350	0.979937
841	0.019267	0.000247	0.000351	0.980135
842	0.019078	0.000243	0.000350	0.980329
843	0.018884	0.000243	0.000351	0.980522
844	0.018694	0.000239	0.000350	0.980717
845	0.018506	0.000236	0.000351	0.980907
846	0.018316	0.000234	0.000351	0.981099
847	0.018131	0.000231	0.000351	0.981287
848	0.017949	0.000227	0.000352	0.981472
849	0.017769	0.000224	0.000352	0.981655
850	0.017579	0.000220	0.000353	0.981848
851	0.017396	0.000219	0.000354	0.982030
852	0.017224	0.000218	0.000355	0.982203
853	0.017052	0.000215	0.000356	0.982377
854	0.016879	0.000212	0.000355	0.982554
855	0.016706	0.000210	0.000354	0.982730
856	0.016536	0.000208	0.000354	0.982902
857	0.016369	0.000204	0.000352	0.983074
858	0.016200	0.000202	0.000355	0.983244
859	0.016035	0.000199	0.000355	0.983411
860	0.015871	0.000197	0.000355	0.983577
861	0.015707	0.000195	0.000354	0.983744
862	0.015545	0.000192	0.000355	0.983907
863	0.015377	0.000191	0.000355	0.984078
864	0.015217	0.000188	0.000355	0.984240
865	0.015055	0.000185	0.000353	0.984407
866	0.014894	0.000182	0.000355	0.984569
867	0.014744	0.000180	0.000356	0.984720
868	0.014585	0.000179	0.000356	0.984881
869	0.014441	0.000175	0.000358	0.985026
870	0.014295	0.000173	0.000355	0.985176
871	0.014146	0.000171	0.000357	0.985326
872	0.013999	0.000169	0.000357	0.985475
873	0.013846	0.000167	0.000358	0.985629
874	0.013701	0.000165	0.000358	0.985776
875	0.013558	0.000162	0.000358	0.985922
876	0.013416	0.000160	0.000359	0.986064
877	0.013275	0.000158	0.000360	0.986207
878	0.013137	0.000157	0.000361	0.986346
879	0.013002	0.000154	0.000362	0.986482
880	0.012859	0.000151	0.000361	0.986628
881	0.012721	0.000150	0.000362	0.986766
882	0.012589	0.000147	0.000362	0.986902
883	0.012457	0.000145	0.000362	0.987036
884	0.012333	0.000144	0.000362	0.987162
885	0.012198	0.000142	0.000362	0.987298
886	0.012063	0.000140	0.000364	0.987433
887	0.011930	0.000139	0.000363	0.987567
888	0.011810	0.000136	0.000363	0.987692
889	0.011681	0.000133	0.000363	0.987823
890	0.011559	0.000132	0.000361	0.987947
891	0.011431	0.000131	0.000361	0.988077
892	0.011312	0.000129	0.000362	0.988196
893	0.011196	0.000128	0.000361	0.988315
894	0.011072	0.000126	0.000362	0.988440
895	0.010960	0.000124	0.000362	0.988553
896	0.010844	0.000121	0.000363	0.988672
897	0.010725	0.000120	0.000363	0.988792
898	0.010605	0.000119	0.000362	0.988915
899	0.010492	0.000118	0.000363	0.989027
900	0.010375	0.000116	0.000363	0.989146
901	0.010265	0.000114	0.000364	0.989257
902	0.010155	0.000113	0.000364	0.989369
903	0.010047	0.000112	0.000362	0.989480
904	0.009938	0.000110	0.000364	0.989589
905	0.009830	0.000108	0.000365	0.989697
906	0.009715	0.000108	0.000363	0.989814
907	0.009614	0.000106	0.000363	0.989917
908	0.009511	0.000104	0.000363	0.990021
909	0.009399	0.000104	0.000363	0.990134
910	0.009299	0.000103	0.000366	0.990232
911	0.009196	0.000102	0.000363	0.990339
912	0.009097	0.000100	0.000365	0.990438
913	0.008994	0.000099	0.000367	0.990540
914	0.008894	0.000098	0.000366	0.990641
915	0.008797	0.000098	0.000367	0.990739
916	0.008703	0.000097	0.000366	0.990834
917	0.008605	0.000096	0.000365	0.990934
918	0.008510	0.000095	0.000365	0.991030
919	0.008414	0.000094	0.000366	0.991126
920	0.008319	0.000093	0.000366	0.991222
921	0.008228	0.000092	0.000368	0.991312
922	0.008133	0.000090	0.000368	0.991408
923	0.008042	0.000089	0.000368	0.991501
924	0.007952	0.000088	0.000368	0.991593
925	0.007867	0.000087	0.000370	0.991677
926	0.007772	0.000086	0.000369	0.991773
927	0.007685	0.000084	0.000368	0.991863
928	0.007597	0.000083	0.000369	0.991951
929	0.007513	0.000083	0.000369	0.992035
930	0.007426	0.000082	0.000370	0.992122
931	0.007343	0.000081	0.000372	0.992204
932	0.007261	0.000079	0.000370	0.992289
933	0.007180	0.000078	0.000371	0.992371
934	0.007102	0.000077	0.000371	0.992450
935	0.007023	0.000075	0.000371	0.992531
936	0.006938	0.000074	0.000368	0.992620
937	0.006856	0.000074	0.000370	0.992701
938	0.006781	0.000073	0.000370	0.992776
939	0.006710	0.000072	0.000371	0.992847
940	0.006629	0.000071	0.000372	0.992928
941	0.006552	0.000070	0.000373	0.993005
942	0.006476	0.000069	0.000373	0.993081
943	0.006403	0.000068	0.000372	0.993157
944	0.006332	0.000067	0.000373	0.993228
945	0.006259	0.000066	0.000375	0.993301
946	0.006188	0.000064	0.000375	0.993373
947	0.006114	0.000064	0.000376	0.993445
948	0.006046	0.000063	0.000377	0.993513
949	0.005978	0.000062	0.000378	0.993582
950	0.005908	0.000061	0.000379	0.993652
951	0.005840	0.000060	0.000379	0.993721
952	0.005775	0.000060	0.000378	0.993787
953	0.005707	0.000060	0.000379	0.993853
954	0.005641	0.000058	0.000380	0.993920
955	0.005578	0.000058	0.000379	0.993985
956	0.005514	0.000056	0.000381	0.994049
957	0.005450	0.000056	0.000382	0.994112
958	0.005389	0.000055	0.000382	0.994174
959	0.005328	0.000054	0.000382	0.994236
960	0.005263	0.000053	0.000383	0.994302
961	0.005200	0.000052	0.000384	0.994364
962	0.005142	0.000052	0.000380	0.994425
963	0.005082	0.000051	0.000383	0.994484
964	0.005024	0.000050	0.000383	0.994543
965	0.004961	0.000049	0.000383	0.994606
966	0.004907	0.000048	0.000381	0.994664
967	0.004849	0.000047	0.000381	0.994722
968	0.004789	0.000046	0.000381	0.994784
969	0.004731	0.000046	0.000382	0.994841
970	0.004680	0.000046	0.000383	0.994892
971	0.004628	0.000045	0.000383	0.994944
972	0.004572	0.000044	0.000383	0.995000
973	0.004520	0.000044	0.000384	0.995053
974	0.004465	0.000043	0.000383	0.995109
975	0.004409	0.000043	0.000382	0.995165
976	0.004362	0.000042	0.000381	0.995215
977	0.004309	0.000041	0.000382	0.995267
978	0.004258	0.000041	0.000383	0.995319
979	0.004203	0.000040	0.000383	0.995374
980	0.004153	0.000039	0.000383	0.995425
981	0.004107	0.000038	0.000383	0.995472
982	0.004056	0.000037	0.000384	0.995523
983	0.004007	0.000037	0.000384	0.995572
984	0.003961	0.000037	0.000384	0.995618
985	0.003915	0.000036	0.000383	0.995666
986	0.003865	0.000035	0.000385	0.995715
987	0.003820	0.000035	0.000385	0.995760
988	0.003777	0.000034	0.000383	0.995806
989	0.003733	0.000033	0.000382	0.995852
990	0.003690	0.000032	0.000382	0.995896
991	0.003647	0.000032	0.000382	0.995939
992	0.003604	0.000032	0.000384	0.995981
993	0.003557	0.000032	0.000385	0.996026
994	0.003517	0.000031	0.000385	0.996067
995	0.003473	0.000031	0.000385	0.996111
996	0.003431	0.000031	0.000385	0.996153
997	0.003389	0.000030	0.000387	0.996194
998	0.003343	0.000030	0.000385	0.996242
999	0.003304	0.000030	0.000387	0.996280
1000	0.003268	0.000029	0.000387	0.996317
