0	0.299577	0.299457	0.099932	0.301034
1	0.300121	0.300966	0.099516	0.299397
2	0.298790	0.295038	0.101155	0.305017
3	0.298552	0.293578	0.101526	0.306344
4	0.296175	0.286337	0.103440	0.314048
5	0.295787	0.281622	0.104749	0.317842
6	0.293520	0.274914	0.106591	0.324975
7	0.292406	0.269032	0.108228	0.330334
8	0.289850	0.262675	0.110218	0.337257
9	0.288614	0.256065	0.111690	0.343631
10	0.286003	0.250317	0.113727	0.349953
11	0.284437	0.243492	0.115501	0.356570
12	0.282039	0.237079	0.117341	0.363541
13	0.280201	0.231009	0.119178	0.369612
14	0.277810	0.224755	0.121264	0.376171
15	0.276046	0.218675	0.122542	0.382737
16	0.273477	0.212722	0.124296	0.389505
17	0.271546	0.206968	0.126138	0.395348
18	0.268932	0.201196	0.127583	0.402289
19	0.266725	0.195852	0.129066	0.408357
20	0.264397	0.190533	0.130344	0.414726
21	0.263218	0.184517	0.132052	0.420213
22	0.260194	0.179841	0.133849	0.426116
23	0.259135	0.174245	0.134691	0.431929
24	0.255993	0.169935	0.136249	0.437823
25	0.255417	0.164627	0.137411	0.442545
26	0.252623	0.160331	0.138498	0.448548
27	0.251112	0.155427	0.140390	0.453071
28	0.249073	0.150832	0.141092	0.459003
29	0.247217	0.146198	0.143231	0.463354
30	0.244625	0.142003	0.143944	0.469428
31	0.243262	0.137877	0.145430	0.473431
32	0.240813	0.133596	0.145867	0.479724
33	0.239044	0.129573	0.147870	0.483513
34	0.237162	0.125878	0.148668	0.488292
35	0.235073	0.122103	0.149810	0.493014
36	0.233499	0.118262	0.150633	0.497606
37	0.231666	0.114486	0.151910	0.501938
38	0.230034	0.110989	0.152949	0.506028
39	0.227972	0.107650	0.154267	0.510111
40	0.226959	0.104307	0.155004	0.513730
41	0.224880	0.101449	0.156361	0.517310
42	0.223315	0.098810	0.157040	0.520835
43	0.221318	0.095645	0.158552	0.524485
44	0.220087	0.092662	0.158864	0.528387
45	0.218027	0.089875	0.160278	0.531820
46	0.216268	0.086992	0.161021	0.535719
47	0.215249	0.084210	0.161869	0.538672
48	0.213220	0.081668	0.162759	0.542353
49	0.212284	0.079053	0.163787	0.544876
50	0.210231	0.076442	0.165019	0.548308
51	0.209182	0.074440	0.165639	0.550739
52	0.207346	0.071964	0.167283	0.553407
53	0.206124	0.069971	0.168135	0.555770
54	0.204633	0.067645	0.168728	0.558994
55	0.203114	0.065761	0.169573	0.561552
56	0.202045	0.063599	0.170120	0.564236
57	0.200264	0.061611	0.170851	0.567274
58	0.199303	0.059941	0.171563	0.569193
59	0.197744	0.057974	0.172409	0.571873
60	0.196639	0.056241	0.173596	0.573524
61	0.195055	0.054445	0.174281	0.576219
62	0.193806	0.053077	0.175482	0.577635
63	0.192728	0.051383	0.175569	0.580320
64	0.191432	0.049658	0.176846	0.582064
65	0.190401	0.048082	0.178073	0.583444
66	0.188789	0.046830	0.178456	0.585925
67	0.187833	0.045330	0.179252	0.587585
68	0.186737	0.044012	0.179606	0.589645
69	0.185387	0.042716	0.180310	0.591587
70	0.184276	0.041456	0.181206	0.593062
71	0.183089	0.040234	0.181926	0.594751
72	0.181726	0.039131	0.182545	0.596598
73	0.180682	0.038171	0.183245	0.597902
74	0.179688	0.036843	0.184373	0.599096
75	0.178673	0.035917	0.184625	0.600785
76	0.177835	0.034835	0.185825	0.601505
77	0.176791	0.033924	0.186201	0.603084
78	0.176034	0.032939	0.186895	0.604132
79	0.175101	0.031975	0.187548	0.605376
80	0.174343	0.031106	0.188518	0.606033
81	0.173328	0.030052	0.189235	0.607385
82	0.172729	0.029148	0.190765	0.607358
83	0.171427	0.028247	0.191020	0.609306
84	0.170806	0.027616	0.191776	0.609802
85	0.169856	0.026713	0.192492	0.610939
86	0.169447	0.026130	0.192921	0.611502
87	0.168272	0.025235	0.193840	0.612653
88	0.167745	0.024938	0.194070	0.613247
89	0.166957	0.023910	0.194895	0.614238
90	0.165928	0.023661	0.195795	0.614616
91	0.165573	0.022649	0.196636	0.615142
92	0.164466	0.022275	0.196733	0.616526
93	0.164051	0.021611	0.197297	0.617041
94	0.163238	0.021120	0.197632	0.618010
95	0.162900	0.020539	0.198718	0.617843
96	0.161905	0.019961	0.199163	0.618971
97	0.161559	0.019448	0.200405	0.618588
98	0.160432	0.018935	0.200523	0.620110
99	0.160304	0.018521	0.202021	0.619154
100	0.159525	0.017916	0.201867	0.620692
101	0.159071	0.017505	0.202367	0.621057
102	0.158634	0.016952	0.202413	0.622001
103	0.157576	0.016646	0.203493	0.622285
104	0.157007	0.016174	0.204119	0.622700
105	0.156769	0.016008	0.204299	0.622924
106	0.155848	0.015509	0.205007	0.623636
107	0.155431	0.015072	0.205788	0.623709
108	0.154961	0.014716	0.206070	0.624253
109	0.154495	0.014381	0.206693	0.624431
110	0.153945	0.014097	0.206946	0.625012
111	0.153623	0.013734	0.207480	0.625163
112	0.153195	0.013368	0.207824	0.625613
113	0.152649	0.013093	0.208601	0.625657
114	0.152442	0.012737	0.209183	0.625638
115	0.151775	0.012399	0.209928	0.625898
116	0.151583	0.011912	0.210372	0.626133
117	0.150895	0.011806	0.211096	0.626203
118	0.151033	0.011345	0.211631	0.625991
119	0.150143	0.011215	0.212942	0.625700
120	0.150006	0.010858	0.212495	0.626641
121	0.149422	0.010730	0.213521	0.626327
122	0.148919	0.010534	0.213895	0.626652
123	0.149194	0.010135	0.214724	0.625947
124	0.148570	0.009921	0.215328	0.626181
125	0.148612	0.009821	0.215891	0.625676
126	0.148384	0.009572	0.216372	0.625672
127	0.148024	0.009529	0.216936	0.625511
128	0.147497	0.009200	0.217833	0.625470
129	0.147360	0.009014	0.217918	0.625708
130	0.146796	0.008702	0.218825	0.625677
131	0.146657	0.008413	0.219109	0.625821
132	0.146488	0.008207	0.219893	0.625412
133	0.145840	0.007983	0.220037	0.626140
134	0.145585	0.007780	0.221119	0.625516
135	0.145539	0.007571	0.221356	0.625534
136	0.145060	0.007453	0.222180	0.625307
137	0.144832	0.007162	0.222824	0.625182
138	0.144590	0.007084	0.223772	0.624554
139	0.144289	0.006871	0.224232	0.624608
140	0.143665	0.006807	0.225246	0.624282
141	0.144109	0.006641	0.224649	0.624601
142	0.143496	0.006474	0.225862	0.624168
143	0.143941	0.006375	0.225910	0.623774
144	0.143193	0.006053	0.227585	0.623169
145	0.143820	0.006060	0.227039	0.623081
146	0.143373	0.005877	0.228267	0.622483
147	0.143614	0.005739	0.228370	0.622277
148	0.142956	0.005559	0.228990	0.622495
149	0.143217	0.005494	0.229105	0.622184
150	0.142732	0.005405	0.229961	0.621902
151	0.142428	0.005240	0.231214	0.621118
152	0.142638	0.005125	0.231280	0.620957
153	0.142023	0.005099	0.232738	0.620140
154	0.141750	0.004877	0.232547	0.620826
155	0.142405	0.004829	0.233096	0.619670
156	0.141613	0.004686	0.233942	0.619759
157	0.141944	0.004661	0.234360	0.619035
158	0.141538	0.004500	0.235055	0.618907
159	0.141722	0.004412	0.235508	0.618358
160	0.141593	0.004367	0.236362	0.617678
161	0.141509	0.004253	0.236917	0.617321
162	0.141584	0.004148	0.237361	0.616907
163	0.141429	0.004006	0.237862	0.616703
164	0.141698	0.003914	0.238461	0.615927
165	0.141641	0.003839	0.238772	0.615748
166	0.141546	0.003812	0.239728	0.614914
167	0.141636	0.003762	0.240257	0.614345
168	0.141433	0.003683	0.241039	0.613845
169	0.141645	0.003675	0.241728	0.612952
170	0.141353	0.003681	0.242200	0.612766
171	0.141462	0.003531	0.242764	0.612243
172	0.141518	0.003493	0.243258	0.611731
173	0.141468	0.003383	0.243256	0.611893
174	0.141469	0.003299	0.244197	0.611035
175	0.141467	0.003283	0.244583	0.610667
176	0.141332	0.003178	0.245331	0.610159
177	0.141604	0.003118	0.245365	0.609913
178	0.141357	0.003072	0.246646	0.608925
179	0.141610	0.002958	0.246668	0.608764
180	0.141207	0.002946	0.248038	0.607809
181	0.141457	0.002821	0.248043	0.607679
182	0.141454	0.002816	0.248883	0.606847
183	0.141987	0.002709	0.249264	0.606040
184	0.141498	0.002624	0.250330	0.605548
185	0.141940	0.002617	0.249973	0.605470
186	0.141817	0.002534	0.250920	0.604729
187	0.142240	0.002529	0.251281	0.603950
188	0.142079	0.002467	0.251922	0.603532
189	0.142478	0.002433	0.251877	0.603212
190	0.142360	0.002364	0.252411	0.602865
191	0.142446	0.002349	0.253196	0.602009
192	0.142663	0.002270	0.253439	0.601628
193	0.142792	0.002225	0.254186	0.600797
194	0.142782	0.002182	0.254663	0.600373
195	0.143013	0.002147	0.255472	0.599368
196	0.142904	0.002032	0.256165	0.598899
197	0.143334	0.002080	0.256619	0.597967
198	0.143360	0.001903	0.257328	0.597409
199	0.143324	0.001991	0.258113	0.596572
200	0.143441	0.001934	0.258607	0.596018
201	0.143705	0.001947	0.258935	0.595413
202	0.143718	0.001893	0.259514	0.594875
203	0.143878	0.001819	0.259749	0.594554
204	0.144038	0.001815	0.261115	0.593032
205	0.144193	0.001766	0.260795	0.593246
206	0.144278	0.001738	0.261752	0.592232
207	0.144708	0.001673	0.261692	0.591927
208	0.144719	0.001672	0.262630	0.590979
209	0.144985	0.001663	0.263111	0.590241
210	0.145232	0.001684	0.263534	0.589550
211	0.145252	0.001636	0.264295	0.588817
212	0.145431	0.001626	0.264553	0.588390
213	0.145571	0.001559	0.265380	0.587490
214	0.145606	0.001554	0.265661	0.587179
215	0.145715	0.001518	0.266312	0.586455
216	0.145987	0.001498	0.266886	0.585629
217	0.146004	0.001483	0.266779	0.585734
218	0.146348	0.001476	0.267682	0.584494
219	0.146286	0.001425	0.268438	0.583851
220	0.146860	0.001448	0.268619	0.583073
221	0.147024	0.001412	0.269504	0.582060
222	0.147096	0.001405	0.269582	0.581917
223	0.147518	0.001396	0.270194	0.580892
224	0.147764	0.001362	0.270581	0.580293
225	0.147815	0.001353	0.271978	0.578854
226	0.148079	0.001363	0.271778	0.578780
227	0.148471	0.001300	0.272518	0.577711
228	0.148773	0.001263	0.272519	0.577445
229	0.149226	0.001283	0.273575	0.575916
230	0.149298	0.001162	0.273813	0.575727
231	0.149662	0.001214	0.274157	0.574967
232	0.149732	0.001172	0.274637	0.574459
233	0.150196	0.001164	0.275356	0.573284
234	0.150194	0.001150	0.275770	0.572886
235	0.150732	0.001156	0.276158	0.571954
236	0.150896	0.001146	0.276256	0.571702
237	0.151297	0.001086	0.277084	0.570533
238	0.151487	0.001106	0.277221	0.570186
239	0.152103	0.001059	0.277911	0.568927
240	0.152218	0.001045	0.277963	0.568774
241	0.152509	0.001046	0.278872	0.567573
242	0.152592	0.001001	0.279147	0.567260
243	0.152702	0.000993	0.279667	0.566638
244	0.152943	0.000948	0.280124	0.565985
245	0.153094	0.000967	0.281050	0.564889
246	0.153487	0.000950	0.281530	0.564033
247	0.154177	0.000936	0.282048	0.562839
248	0.154140	0.000943	0.282484	0.562433
249	0.154936	0.000914	0.282569	0.561581
250	0.154927	0.000931	0.283551	0.560591
251	0.155696	0.000874	0.283541	0.559889
252	0.155885	0.000896	0.284134	0.559085
253	0.156315	0.000834	0.284537	0.558314
254	0.156566	0.000863	0.284551	0.558020
255	0.157102	0.000838	0.285278	0.556782
256	0.157355	0.000830	0.285903	0.555912
257	0.157569	0.000835	0.286601	0.554995
258	0.157995	0.000840	0.286459	0.554706
259	0.158128	0.000793	0.287405	0.553674
260	0.158514	0.000786	0.287331	0.553369
261	0.158600	0.000784	0.288617	0.551999
262	0.159417	0.000768	0.288543	0.551272
263	0.159316	0.000777	0.289073	0.550834
264	0.159869	0.000744	0.289834	0.549553
265	0.160345	0.000739	0.289485	0.549431
266	0.160569	0.000749	0.290576	0.548106
267	0.160840	0.000751	0.290451	0.547958
268	0.161070	0.000734	0.291704	0.546492
269	0.161450	0.000735	0.291175	0.546640
270	0.162110	0.000707	0.291868	0.545315
271	0.162505	0.000729	0.291873	0.544893
272	0.162975	0.000727	0.292944	0.543354
273	0.163077	0.000711	0.292967	0.543245
274	0.163965	0.000703	0.293471	0.541861
275	0.164461	0.000691	0.293823	0.541025
276	0.164801	0.000713	0.294458	0.540028
277	0.165459	0.000641	0.294518	0.539382
278	0.165908	0.000671	0.294601	0.538820
279	0.166253	0.000647	0.295216	0.537884
280	0.166872	0.000660	0.295556	0.536912
281	0.167435	0.000623	0.296455	0.535487
282	0.167809	0.000608	0.296743	0.534840
283	0.167992	0.000623	0.297292	0.534093
284	0.168547	0.000622	0.297648	0.533183
285	0.169348	0.000578	0.297966	0.532108
286	0.169506	0.000595	0.297828	0.532071
287	0.170195	0.000558	0.298358	0.530889
288	0.170730	0.000591	0.298639	0.530040
289	0.170922	0.000566	0.299427	0.529085
290	0.171377	0.000605	0.299919	0.528099
291	0.171762	0.000572	0.300239	0.527427
292	0.172588	0.000568	0.300778	0.526066
293	0.173112	0.000560	0.300991	0.525337
294	0.173705	0.000547	0.301609	0.524139
295	0.174383	0.000539	0.301967	0.523111
296	0.174410	0.000536	0.302409	0.522645
297	0.175045	0.000525	0.303285	0.521145
298	0.175704	0.000524	0.303285	0.520487
299	0.176081	0.000537	0.303802	0.519580
300	0.176467	0.000540	0.304080	0.518913
301	0.176817	0.000511	0.304647	0.518025
302	0.177625	0.000515	0.304985	0.516875
303	0.177523	0.000455	0.305478	0.516544
304	0.178690	0.000485	0.305443	0.515382
305	0.178910	0.000445	0.306179	0.514466
306	0.179606	0.000467	0.306172	0.513755
307	0.180147	0.000441	0.306916	0.512496
308	0.180769	0.000438	0.307075	0.511718
309	0.181453	0.000435	0.307049	0.511063
310	0.181908	0.000419	0.307511	0.510162
311	0.182907	0.000407	0.307904	0.508782
312	0.183423	0.000414	0.307725	0.508438
313	0.183763	0.000421	0.308167	0.507649
314	0.184467	0.000392	0.308287	0.506854
315	0.184971	0.000419	0.308842	0.505768
316	0.185421	0.000395	0.309013	0.505171
317	0.186078	0.000405	0.309185	0.504332
318	0.186405	0.000400	0.309466	0.503729
319	0.187042	0.000393	0.310150	0.502415
320	0.187467	0.000389	0.309647	0.502497
321	0.188367	0.000375	0.309991	0.501267
322	0.188484	0.000387	0.310330	0.500799
323	0.189500	0.000372	0.310730	0.499398
324	0.189625	0.000363	0.310558	0.499454
325	0.190576	0.000363	0.311391	0.497670
326	0.190930	0.000342	0.310775	0.497953
327	0.191756	0.000331	0.311449	0.496464
328	0.192235	0.000316	0.311367	0.496082
329	0.192878	0.000326	0.311847	0.494949
330	0.193213	0.000333	0.311849	0.494605
331	0.194229	0.000317	0.312097	0.493357
332	0.194470	0.000326	0.312594	0.492610
333	0.195305	0.000326	0.312179	0.492190
334	0.195800	0.000318	0.312285	0.491597
335	0.196704	0.000311	0.312507	0.490478
336	0.197306	0.000323	0.312246	0.490125
337	0.198030	0.000314	0.312616	0.489040
338	0.198689	0.000335	0.312551	0.488425
339	0.199142	0.000310	0.312901	0.487647
340	0.200148	0.000315	0.312842	0.486695
341	0.200869	0.000294	0.313021	0.485816
342	0.201629	0.000303	0.313173	0.484895
343	0.202274	0.000307	0.313172	0.484247
344	0.202985	0.000317	0.313373	0.483325
345	0.203537	0.000292	0.313417	0.482754
346	0.204524	0.000295	0.313819	0.481362
347	0.204916	0.000288	0.313809	0.480987
348	0.205892	0.000268	0.314672	0.479168
349	0.206722	0.000252	0.314308	0.478718
350	0.207083	0.000248	0.314818	0.477851
351	0.208142	0.000250	0.314312	0.477296
352	0.208407	0.000244	0.315004	0.476345
353	0.209439	0.000232	0.314650	0.475679
354	0.209704	0.000229	0.315103	0.474964
355	0.210819	0.000223	0.314771	0.474187
356	0.211244	0.000235	0.315044	0.473477
357	0.212079	0.000225	0.314773	0.472923
358	0.212768	0.000226	0.315068	0.471938
359	0.213899	0.000217	0.314500	0.471384
360	0.214347	0.000215	0.315459	0.469979
361	0.215102	0.000219	0.315241	0.469438
362	0.215786	0.000198	0.315868	0.468148
363	0.216709	0.000204	0.315322	0.467765
364	0.217445	0.000208	0.315528	0.466819
365	0.218170	0.000206	0.315940	0.465684
366	0.218787	0.000207	0.315641	0.465365
367	0.219335	0.000178	0.315891	0.464596
368	0.220390	0.000198	0.315765	0.463647
369	0.220848	0.000193	0.316281	0.462678
370	0.222318	0.000181	0.316155	0.461346
371	0.222858	0.000191	0.315707	0.461244
372	0.223456	0.000175	0.315955	0.460414
373	0.224668	0.000183	0.316090	0.459059
374	0.224974	0.000181	0.316330	0.458515
375	0.225815	0.000177	0.316634	0.457374
376	0.226960	0.000163	0.316086	0.456791
377	0.227198	0.000173	0.316918	0.455711
378	0.228279	0.000162	0.316588	0.454971
379	0.228773	0.000157	0.317341	0.453729
380	0.229355	0.000167	0.317111	0.453367
381	0.230199	0.000148	0.316780	0.452873
382	0.231068	0.000155	0.316505	0.452272
383	0.232094	0.000152	0.316816	0.450938
384	0.232885	0.000151	0.316361	0.450603
385	0.233919	0.000141	0.316684	0.449256
386	0.234684	0.000141	0.316593	0.448582
387	0.235520	0.000134	0.316530	0.447816
388	0.236599	0.000146	0.316380	0.446875
389	0.237284	0.000135	0.316729	0.445852
390	0.238378	0.000145	0.316046	0.445431
391	0.239029	0.000143	0.316655	0.444173
392	0.239983	0.000141	0.316353	0.443523
393	0.240817	0.000151	0.316315	0.442717
394	0.241846	0.000138	0.316716	0.441300
395	0.242611	0.000154	0.316347	0.440888
396	0.243678	0.000135	0.316578	0.439609
397	0.244545	0.000132	0.316288	0.439035
398	0.245227	0.000127	0.316924	0.437722
399	0.245818	0.000121	0.316412	0.437649
400	0.246399	0.000118	0.317227	0.436256
401	0.247182	0.000118	0.316501	0.436199
402	0.248457	0.000115	0.316368	0.435060
403	0.249165	0.000123	0.317030	0.433682
404	0.250064	0.000107	0.316044	0.433785
405	0.250714	0.000117	0.316197	0.432972
406	0.251295	0.000097	0.315886	0.432722
407	0.252419	0.000119	0.315355	0.432107
408	0.253250	0.000103	0.315653	0.430994
409	0.254473	0.000099	0.315370	0.430058
410	0.255288	0.000089	0.315703	0.428920
411	0.256175	0.000096	0.315051	0.428678
412	0.257027	0.000085	0.315358	0.427530
413	0.257823	0.000091	0.315219	0.426867
414	0.259054	0.000086	0.315182	0.425678
415	0.259742	0.000092	0.314566	0.425600
416	0.260749	0.000085	0.314623	0.424543
417	0.261319	0.000087	0.313730	0.424864
418	0.262619	0.000080	0.313876	0.423425
419	0.263220	0.000080	0.313597	0.423103
420	0.264508	0.000076	0.313385	0.422031
421	0.265072	0.000080	0.313364	0.421484
422	0.266319	0.000076	0.313022	0.420583
423	0.266920	0.000085	0.313354	0.419641
424	0.267740	0.000083	0.312989	0.419188
425	0.268841	0.000087	0.313048	0.418024
426	0.269368	0.000083	0.312789	0.417760
427	0.270806	0.000085	0.312844	0.416265
428	0.271154	0.000071	0.312603	0.416172
429	0.272774	0.000086	0.311862	0.415278
430	0.273052	0.000081	0.312181	0.414686
431	0.274536	0.000078	0.311544	0.413842
432	0.275237	0.000082	0.311381	0.413300
433	0.276050	0.000061	0.310933	0.412956
434	0.277057	0.000073	0.311412	0.411458
435	0.278086	0.000061	0.311021	0.410832
436	0.278928	0.000070	0.310786	0.410216
437	0.279887	0.000050	0.310695	0.409368
438	0.280696	0.000054	0.310872	0.408378
439	0.281996	0.000045	0.310296	0.407663
440	0.282754	0.000055	0.310050	0.407141
441	0.284070	0.000043	0.309233	0.406654
442	0.284635	0.000051	0.309835	0.405479
443	0.285849	0.000060	0.309022	0.405069
444	0.287064	0.000052	0.309162	0.403722
445	0.287785	0.000047	0.308579	0.403589
446	0.288857	0.000041	0.308395	0.402707
447	0.289885	0.000052	0.308305	0.401758
448	0.290622	0.000046	0.307991	0.401341
449	0.292129	0.000055	0.307432	0.400384
450	0.292718	0.000049	0.307465	0.399768
451	0.294502	0.000051	0.307275	0.398172
452	0.295215	0.000045	0.306953	0.397787
453	0.296641	0.000044	0.306356	0.396959
454	0.297869	0.000048	0.305941	0.396142
455	0.298621	0.000048	0.305419	0.395912
456	0.299339	0.000044	0.305236	0.395381
457	0.300218	0.000054	0.305142	0.394586
458	0.301259	0.000049	0.304531	0.394161
459	0.302124	0.000048	0.304362	0.393466
460	0.303242	0.000057	0.303583	0.393118
461	0.304316	0.000046	0.303277	0.392361
462	0.305716	0.000051	0.302913	0.391320
463	0.306481	0.000054	0.302470	0.390995
464	0.307679	0.000038	0.302306	0.389977
465	0.308722	0.000046	0.302313	0.388919
466	0.309630	0.000036	0.301975	0.388359
467	0.310460	0.000041	0.301508	0.387991
468	0.311742	0.000035	0.300975	0.387248
469	0.312618	0.000039	0.300692	0.386651
470	0.313655	0.000041	0.301013	0.385291
471	0.314829	0.000035	0.300614	0.384522
472	0.315707	0.000034	0.300130	0.384129
473	0.316584	0.000039	0.299794	0.383583
474	0.318163	0.000033	0.299238	0.382566
475	0.318461	0.000037	0.299446	0.382056
476	0.320334	0.000036	0.298347	0.381283
477	0.320583	0.000032	0.298384	0.381001
478	0.322192	0.000036	0.297688	0.380084
479	0.322910	0.000031	0.297270	0.379789
480	0.323961	0.000036	0.296690	0.379313
481	0.325050	0.000035	0.296389	0.378526
482	0.326536	0.000033	0.295350	0.378081
483	0.327547	0.000030	0.295004	0.377419
484	0.328531	0.000031	0.294566	0.376872
485	0.329717	0.000027	0.294073	0.376183
486	0.330972	0.000025	0.293888	0.375115
487	0.332396	0.000021	0.292983	0.374600
488	0.333492	0.000026	0.292943	0.373539
489	0.334463	0.000027	0.292649	0.372861
490	0.335778	0.000022	0.291680	0.372520
491	0.336632	0.000022	0.291569	0.371777
492	0.337801	0.000020	0.291411	0.370768
493	0.338329	0.000021	0.291210	0.370440
494	0.340053	0.000018	0.290501	0.369428
495	0.340446	0.000023	0.290578	0.368953
496	0.341973	0.000021	0.289218	0.368788
497	0.343016	0.000027	0.289373	0.367584
498	0.344131	0.000021	0.288557	0.367291
499	0.345404	0.000021	0.288407	0.366168
500	0.346080	0.000025	0.287878	0.366017
501	0.347645	0.000018	0.287452	0.364885
502	0.348592	0.000021	0.286913	0.364474
503	0.349399	0.000017	0.286955	0.363629
504	0.350426	0.000026	0.286455	0.363093
505	0.351115	0.000022	0.286095	0.362768
506	0.352530	0.000029	0.285380	0.362061
507	0.353626	0.000020	0.285193	0.361161
508	0.354786	0.000021	0.284396	0.360797
509	0.355728	0.000023	0.284319	0.359930
510	0.356989	0.000022	0.283419	0.359570
511	0.357679	0.000021	0.283174	0.359126
512	0.359357	0.000026	0.282338	0.358279
513	0.360226	0.000023	0.281918	0.357833
514	0.361730	0.000023	0.281181	0.357066
515	0.362552	0.000023	0.280805	0.356620
516	0.363303	0.000026	0.280505	0.356166
517	0.364380	0.000024	0.280205	0.355391
518	0.365519	0.000020	0.279219	0.355242
519	0.366580	0.000023	0.279164	0.354233
520	0.368032	0.000021	0.278007	0.353940
521	0.368989	0.000022	0.278366	0.352623
522	0.369672	0.000023	0.277278	0.353027
523	0.370732	0.000020	0.277147	0.352101
524	0.372113	0.000017	0.276176	0.351694
525	0.373424	0.000024	0.275368	0.351184
526	0.374511	0.000018	0.274677	0.350794
527	0.375374	0.000021	0.274097	0.350508
528	0.376747	0.000021	0.273670	0.349562
529	0.377877	0.000020	0.272724	0.349379
530	0.379337	0.000023	0.272640	0.348000
531	0.380331	0.000020	0.271760	0.347889
532	0.381287	0.000019	0.271568	0.347126
533	0.382232	0.000022	0.271078	0.346668
534	0.383496	0.000019	0.270294	0.346191
535	0.383964	0.000027	0.269610	0.346399
536	0.385954	0.000021	0.269025	0.345000
537	0.386399	0.000026	0.268288	0.345287
538	0.388042	0.000027	0.267896	0.344035
539	0.388717	0.000019	0.267338	0.343926
540	0.389684	0.000024	0.266950	0.343342
541	0.390681	0.000018	0.266232	0.343069
542	0.392109	0.000023	0.265399	0.342469
543	0.392583	0.000023	0.265200	0.342194
544	0.394110	0.000023	0.263908	0.341959
545	0.395047	0.000027	0.263497	0.341429
546	0.396542	0.000020	0.262343	0.341095
547	0.397445	0.000023	0.262279	0.340253
548	0.398754	0.000022	0.261176	0.340048
549	0.400002	0.000021	0.261102	0.338875
550	0.400583	0.000023	0.260685	0.338709
551	0.401797	0.000024	0.259854	0.338325
552	0.402928	0.000024	0.259069	0.337979
553	0.404159	0.000021	0.258677	0.337143
554	0.405102	0.000024	0.258408	0.336466
555	0.406414	0.000028	0.257618	0.335940
556	0.407423	0.000030	0.256861	0.335686
557	0.408619	0.000022	0.255888	0.335471
558	0.409116	0.000027	0.255791	0.335066
559	0.410794	0.000019	0.254760	0.334427
560	0.411509	0.000027	0.254248	0.334216
561	0.412818	0.000030	0.253259	0.333893
562	0.413351	0.000027	0.252771	0.333851
563	0.414892	0.000028	0.252212	0.332868
564	0.415783	0.000025	0.251962	0.332230
565	0.416786	0.000021	0.251149	0.332044
566	0.417454	0.000023	0.250936	0.331587
567	0.418862	0.000024	0.250179	0.330935
568	0.419266	0.000026	0.249892	0.330816
569	0.420809	0.000026	0.249518	0.329647
570	0.421340	0.000020	0.248659	0.329981
571	0.422742	0.000027	0.248548	0.328683
572	0.423316	0.000022	0.247624	0.329038
573	0.424725	0.000025	0.247450	0.327800
574	0.425606	0.000022	0.246408	0.327964
575	0.426670	0.000025	0.246386	0.326919
576	0.427772	0.000019	0.245586	0.326623
577	0.428812	0.000016	0.245331	0.325841
578	0.430322	0.000021	0.243959	0.325698
579	0.430839	0.000021	0.243710	0.325430
580	0.432106	0.000025	0.243125	0.324744
581	0.433086	0.000027	0.242246	0.324641
582	0.434277	0.000022	0.241533	0.324168
583	0.435244	0.000023	0.241361	0.323372
584	0.436424	0.000026	0.240160	0.323390
585	0.437585	0.000027	0.240180	0.322208
586	0.438659	0.000024	0.239145	0.322172
587	0.439652	0.000030	0.238925	0.321393
588	0.440589	0.000029	0.237777	0.321605
589	0.441883	0.000026	0.236994	0.321097
590	0.442588	0.000027	0.236300	0.321085
591	0.444075	0.000026	0.235337	0.320562
592	0.444753	0.000029	0.234880	0.320338
593	0.446150	0.000023	0.233813	0.320014
594	0.446748	0.000032	0.233593	0.319627
595	0.447849	0.000027	0.232643	0.319481
596	0.448697	0.000025	0.232061	0.319217
597	0.450045	0.000026	0.231060	0.318869
598	0.450240	0.000026	0.230694	0.319040
599	0.452286	0.000027	0.229765	0.317922
600	0.452509	0.000024	0.229692	0.317775
601	0.454183	0.000024	0.228618	0.317175
602	0.454792	0.000023	0.227917	0.317268
603	0.456192	0.000020	0.227503	0.316285
604	0.456692	0.000023	0.227172	0.316113
605	0.458047	0.000022	0.225838	0.316093
606	0.458595	0.000016	0.225375	0.316014
607	0.460169	0.000027	0.224333	0.315471
608	0.460675	0.000012	0.223817	0.315496
609	0.462285	0.000024	0.222871	0.314820
610	0.463148	0.000021	0.222354	0.314477
611	0.463802	0.000021	0.221534	0.314643
612	0.464866	0.000022	0.221188	0.313924
613	0.465661	0.000016	0.220326	0.313997
614	0.466905	0.000022	0.219958	0.313115
615	0.467789	0.000017	0.219456	0.312738
616	0.469076	0.000020	0.218312	0.312592
617	0.470079	0.000013	0.217594	0.312314
618	0.471228	0.000018	0.216646	0.312108
619	0.472141	0.000015	0.215567	0.312277
620	0.473223	0.000018	0.215380	0.311379
621	0.474262	0.000014	0.214229	0.311495
622	0.475132	0.000013	0.214097	0.310758
623	0.475919	0.000015	0.212800	0.311266
624	0.476640	0.000014	0.212622	0.310724
625	0.477726	0.000012	0.211234	0.311028
626	0.478680	0.000012	0.210867	0.310441
627	0.479459	0.000008	0.210440	0.310093
628	0.480438	0.000009	0.209582	0.309971
629	0.480975	0.000009	0.208757	0.310259
630	0.482548	0.000006	0.207660	0.309786
631	0.483278	0.000009	0.207363	0.309350
632	0.484216	0.000008	0.206412	0.309364
633	0.484828	0.000006	0.206013	0.309153
634	0.486110	0.000004	0.205136	0.308750
635	0.486223	0.000007	0.204664	0.309106
636	0.487810	0.000006	0.203684	0.308500
637	0.488225	0.000003	0.203405	0.308367
638	0.489330	0.000007	0.202418	0.308245
639	0.489754	0.000002	0.202089	0.308155
640	0.490835	0.000005	0.201025	0.308135
641	0.491637	0.000005	0.200369	0.307989
642	0.492918	0.000004	0.199822	0.307256
643	0.493525	0.000005	0.198773	0.307697
644	0.494523	0.000007	0.198463	0.307007
645	0.494794	0.000002	0.198000	0.307204
646	0.495960	0.000006	0.197362	0.306672
647	0.496682	0.000002	0.196508	0.306808
648	0.497369	0.000004	0.196045	0.306582
649	0.498139	0.000002	0.195188	0.306671
650	0.499032	0.000002	0.194054	0.306912
651	0.499868	0.000000	0.194016	0.306116
652	0.500805	0.000001	0.192976	0.306218
653	0.501267	0.000001	0.192518	0.306214
654	0.502060	0.000000	0.191961	0.305979
655	0.502738	0.000001	0.191314	0.305947
656	0.503236	0.000000	0.190536	0.306228
657	0.504112	0.000002	0.190009	0.305877
658	0.505005	0.000001	0.189734	0.305260
659	0.505613	0.000003	0.188700	0.305684
660	0.506270	0.000002	0.188143	0.305585
661	0.506910	0.000003	0.187257	0.305830
662	0.507900	0.000003	0.187207	0.304890
663	0.508519	0.000004	0.185847	0.305630
664	0.509230	0.000001	0.185723	0.305046
665	0.510186	0.000002	0.184659	0.305153
666	0.511272	0.000001	0.183761	0.304966
667	0.512080	0.000002	0.183053	0.304865
668	0.512830	0.000002	0.182527	0.304641
669	0.513547	0.000001	0.182114	0.304338
670	0.513915	0.000002	0.181323	0.304760
671	0.514540	0.000001	0.180695	0.304764
672	0.514929	0.000001	0.179925	0.305145
673	0.516186	0.000001	0.179458	0.304355
674	0.516673	0.000004	0.178430	0.304893
675	0.517912	0.000003	0.178104	0.303981
676	0.518520	0.000003	0.177529	0.303948
677	0.519218	0.000002	0.176830	0.303950
678	0.519979	0.000002	0.176255	0.303764
679	0.520908	0.000001	0.175587	0.303504
680	0.521204	0.000002	0.174928	0.303866
681	0.522514	0.000001	0.173959	0.303526
682	0.522470	0.000001	0.173879	0.303650
683	0.523359	0.000002	0.173393	0.303246
684	0.523881	0.000001	0.172750	0.303368
685	0.524837	0.000002	0.172350	0.302811
686	0.525481	0.000002	0.171664	0.302853
687	0.526508	0.000001	0.170926	0.302565
688	0.527152	0.000002	0.170268	0.302578
689	0.528019	0.000003	0.169549	0.302429
690	0.528482	0.000000	0.168814	0.302704
691	0.528941	0.000001	0.168215	0.302843
692	0.529536	0.000002	0.167694	0.302768
693	0.530282	0.000002	0.166879	0.302837
694	0.531252	0.000001	0.166165	0.302582
695	0.532078	0.000001	0.165553	0.302368
696	0.532235	0.000002	0.165001	0.302762
697	0.533189	0.000002	0.164557	0.302252
698	0.533307	0.000002	0.163915	0.302776
699	0.534212	0.000001	0.163552	0.302235
700	0.534843	0.000004	0.162935	0.302218
701	0.535954	0.000000	0.162316	0.301730
702	0.536135	0.000002	0.161601	0.302262
703	0.536871	0.000000	0.161072	0.302057
704	0.537732	0.000002	0.160518	0.301748
705	0.537969	0.000001	0.159546	0.302484
706	0.539051	0.000002	0.159076	0.301871
707	0.539656	0.000003	0.158218	0.302123
708	0.540197	0.000001	0.158065	0.301737
709	0.540980	0.000002	0.156989	0.302029
710	0.541541	0.000000	0.156817	0.301642
711	0.541916	0.000000	0.155830	0.302254
712	0.542844	0.000000	0.155437	0.301719
713	0.543051	0.000000	0.154625	0.302324
714	0.543930	0.000000	0.153947	0.302123
715	0.544228	0.000000	0.153556	0.302216
716	0.545287	0.000000	0.152894	0.301819
717	0.545480	0.000000	0.152005	0.302515
718	0.546349	0.000000	0.151692	0.301959
719	0.546465	0.000000	0.151087	0.302448
720	0.547559	0.000000	0.150433	0.302008
721	0.547769	0.000000	0.150064	0.302167
722	0.548657	0.000000	0.149076	0.302267
723	0.548911	0.000000	0.148796	0.302293
724	0.549768	0.000000	0.148028	0.302204
725	0.549812	0.000000	0.147526	0.302662
726	0.550744	0.000000	0.146687	0.302569
727	0.550933	0.000000	0.146146	0.302921
728	0.551691	0.000000	0.145301	0.303008
729	0.551576	0.000000	0.145319	0.303105
730	0.552560	0.000000	0.144715	0.302725
731	0.553093	0.000000	0.144020	0.302887
732	0.553356	0.000000	0.143453	0.303191
733	0.553851	0.000000	0.142796	0.303353
734	0.554469	0.000000	0.142105	0.303426
735	0.555055	0.000000	0.141849	0.303096
736	0.555118	0.000000	0.141024	0.303858
737	0.556200	0.000000	0.140576	0.303224
738	0.556268	0.000000	0.139912	0.303820
739	0.556982	0.000000	0.139352	0.303666
740	0.557640	0.000000	0.138778	0.303582
741	0.557977	0.000000	0.138259	0.303764
742	0.558944	0.000000	0.137816	0.303240
743	0.559447	0.000000	0.136818	0.303735
744	0.559847	0.000000	0.136607	0.303546
745	0.560152	0.000000	0.136190	0.303658
746	0.560762	0.000000	0.135934	0.303304
747	0.560897	0.000000	0.135515	0.303588
748	0.561678	0.000000	0.134957	0.303365
749	0.562150	0.000000	0.134201	0.303649
750	0.562201	0.000000	0.134062	0.303737
751	0.562985	0.000000	0.133383	0.303632
752	0.563358	0.000000	0.133057	0.303585
753	0.564021	0.000000	0.132285	0.303694
754	0.564102	0.000000	0.132334	0.303564
755	0.564345	0.000000	0.131113	0.304542
756	0.564787	0.000000	0.131187	0.304026
757	0.565330	0.000000	0.130189	0.304481
758	0.565469	0.000000	0.130227	0.304304
759	0.566123	0.000000	0.129269	0.304608
760	0.566288	0.000000	0.128964	0.304748
761	0.566201	0.000000	0.128393	0.305406
762	0.567099	0.000000	0.127844	0.305057
763	0.567466	0.000000	0.126878	0.305656
764	0.568196	0.000000	0.126589	0.305215
765	0.568262	0.000000	0.125877	0.305861
766	0.568945	0.000000	0.125573	0.305482
767	0.569023	0.000000	0.125014	0.305963
768	0.569261	0.000000	0.124530	0.306209
769	0.569835	0.000000	0.124147	0.306018
770	0.569639	0.000000	0.123777	0.306584
771	0.570446	0.000000	0.123241	0.306313
772	0.570358	0.000000	0.122861	0.306781
773	0.570625	0.000000	0.122243	0.307132
774	0.571133	0.000000	0.121935	0.306932
775	0.571304	0.000000	0.121343	0.307353
776	0.572048	0.000000	0.120926	0.307026
777	0.571920	0.000000	0.120176	0.307904
778	0.572328	0.000000	0.120110	0.307562
779	0.572573	0.000000	0.119651	0.307776
780	0.573211	0.000000	0.119404	0.307385
781	0.572955	0.000000	0.118888	0.308157
782	0.573424	0.000000	0.118732	0.307844
783	0.573588	0.000000	0.118044	0.308368
784	0.573892	0.000000	0.117932	0.308176
785	0.574316	0.000000	0.117091	0.308593
786	0.573969	0.000000	0.117310	0.308721
787	0.574421	0.000000	0.117036	0.308543
788	0.574779	0.000000	0.116403	0.308818
789	0.575013	0.000000	0.116308	0.308679
790	0.575116	0.000000	0.115657	0.309227
791	0.575405	0.000000	0.115319	0.309276
792	0.575577	0.000000	0.114701	0.309722
793	0.576053	0.000000	0.114380	0.309567
794	0.575991	0.000000	0.113966	0.310043
795	0.576360	0.000000	0.113726	0.309914
796	0.576233	0.000000	0.113618	0.310149
797	0.576642	0.000000	0.112960	0.310398
798	0.576442	0.000000	0.112401	0.311157
799	0.576847	0.000000	0.112578	0.310575
800	0.576686	0.000000	0.112101	0.311213
801	0.577449	0.000000	0.111698	0.310853
802	0.577312	0.000000	0.111184	0.311504
803	0.577765	0.000000	0.110684	0.311551
804	0.577643	0.000000	0.110483	0.311874
805	0.578205	0.000000	0.110074	0.311721
806	0.577815	0.000000	0.110093	0.312092
807	0.578613	0.000000	0.109024	0.312363
808	0.578425	0.000000	0.108885	0.312690
809	0.578774	0.000000	0.108206	0.313020
810	0.578970	0.000000	0.107711	0.313319
811	0.579228	0.000000	0.107569	0.313203
812	0.579465	0.000000	0.106923	0.313612
813	0.579403	0.000000	0.106823	0.313774
814	0.579352	0.000000	0.106319	0.314329
815	0.579617	0.000000	0.105659	0.314724
816	0.579799	0.000000	0.105572	0.314629
817	0.580109	0.000000	0.105011	0.314880
818	0.580042	0.000000	0.104683	0.315275
819	0.579898	0.000000	0.104630	0.315472
820	0.580347	0.000000	0.103627	0.316026
821	0.580498	0.000000	0.103625	0.315877
822	0.580256	0.000000	0.103160	0.316584
823	0.580331	0.000000	0.103026	0.316643
824	0.580549	0.000000	0.102282	0.317169
825	0.580388	0.000000	0.102337	0.317275
826	0.580750	0.000000	0.101760	0.317490
827	0.580707	0.000000	0.101546	0.317747
828	0.580544	0.000000	0.101421	0.318035
829	0.580738	0.000000	0.100635	0.318627
830	0.580871	0.000000	0.100909	0.318220
831	0.580894	0.000000	0.100251	0.318855
832	0.580993	0.000000	0.100068	0.318939
833	0.580830	0.000000	0.099743	0.319427
834	0.581451	0.000000	0.099330	0.319219
835	0.581061	0.000000	0.099079	0.319860
836	0.581677	0.000000	0.098631	0.319692
837	0.581090	0.000000	0.098716	0.320194
838	0.581372	0.000000	0.098268	0.320360
839	0.581232	0.000000	0.097975	0.320793
840	0.581551	0.000000	0.097924	0.320525
841	0.581337	0.000000	0.097429	0.321234
842	0.581223	0.000000	0.097104	0.321673
843	0.581018	0.000000	0.096749	0.322233
844	0.581663	0.000000	0.096188	0.322149
845	0.580888	0.000000	0.096269	0.322843
846	0.581667	0.000000	0.095248	0.323085
847	0.581121	0.000000	0.095276	0.323603
848	0.581381	0.000000	0.094924	0.323695
849	0.581369	0.000000	0.094465	0.324166
850	0.581532	0.000000	0.094219	0.324249
851	0.580664	0.000000	0.094406	0.324930
852	0.580968	0.000000	0.094079	0.324953
853	0.580526	0.000000	0.093873	0.325601
854	0.580608	0.000000	0.093702	0.325690
855	0.580324	0.000000	0.093612	0.326064
856	0.580512	0.000000	0.093429	0.326059
857	0.579930	0.000000	0.092825	0.327245
858	0.580241	0.000000	0.092537	0.327222
859	0.580221	0.000000	0.092172	0.327607
860	0.579247	0.000000	0.092428	0.328325
861	0.580058	0.000000	0.091716	0.328226
862	0.579449	0.000000	0.091734	0.328817
863	0.579845	0.000000	0.091067	0.329088
864	0.579522	0.000000	0.091124	0.329354
865	0.579842	0.000000	0.090899	0.329259
866	0.579393	0.000000	0.090867	0.329740
867	0.579727	0.000000	0.090392	0.329881
868	0.579551	0.000000	0.089962	0.330487
869	0.579684	0.000000	0.089526	0.330790
870	0.579362	0.000000	0.089370	0.331268
871	0.579532	0.000000	0.089135	0.331333
872	0.579338	0.000000	0.088973	0.331689
873	0.579174	0.000000	0.088522	0.332304
874	0.579287	0.000000	0.088528	0.332185
875	0.579116	0.000000	0.088250	0.332634
876	0.578891	0.000000	0.088009	0.333100
877	0.578679	0.000000	0.087744	0.333577
878	0.578339	0.000000	0.087636	0.334025
879	0.578534	0.000000	0.087327	0.334139
880	0.578242	0.000000	0.087060	0.334698
881	0.577778	0.000000	0.087223	0.334999
882	0.577734	0.000000	0.086728	0.335538
883	0.577508	0.000000	0.086388	0.336104
884	0.577302	0.000000	0.086348	0.336350
885	0.577541	0.000000	0.085908	0.336551
886	0.576870	0.000000	0.085836	0.337294
887	0.577040	0.000000	0.085818	0.337142
888	0.576557	0.000000	0.085791	0.337652
889	0.576913	0.000000	0.085393	0.337694
890	0.576209	0.000000	0.085484	0.338307
891	0.576034	0.000000	0.085000	0.338966
892	0.575833	0.000000	0.085275	0.338892
893	0.575670	0.000000	0.084863	0.339467
894	0.575560	0.000000	0.084807	0.339633
895	0.575505	0.000000	0.084487	0.340008
896	0.575317	0.000000	0.084428	0.340255
897	0.575197	0.000000	0.084154	0.340649
898	0.575069	0.000000	0.083795	0.341136
899	0.574341	0.000000	0.083647	0.342012
900	0.574062	0.000000	0.083532	0.342406
901	0.573972	0.000000	0.083171	0.342857
902	0.573708	0.000000	0.083190	0.343102
903	0.573575	0.000000	0.082797	0.343628
904	0.573139	0.000000	0.082700	0.344161
905	0.572954	0.000000	0.082454	0.344592
906	0.572362	0.000000	0.082206	0.345432
907	0.572463	0.000000	0.081899	0.345638
908	0.572137	0.000000	0.081949	0.345914
909	0.571628	0.000000	0.081690	0.346682
910	0.571607	0.000000	0.081754	0.346639
911	0.570737	0.000000	0.081418	0.347845
912	0.570947	0.000000	0.080985	0.348068
913	0.570067	0.000000	0.081191	0.348742
914	0.570181	0.000000	0.080899	0.348920
915	0.569428	0.000000	0.081189	0.349383
916	0.569524	0.000000	0.080283	0.350193
917	0.569090	0.000000	0.080702	0.350208
918	0.568753	0.000000	0.080416	0.350831
919	0.568418	0.000000	0.080383	0.351199
920	0.568556	0.000000	0.080006	0.351438
921	0.568003	0.000000	0.079950	0.352047
922	0.567631	0.000000	0.079915	0.352454
923	0.567156	0.000000	0.079768	0.353076
924	0.567449	0.000000	0.079560	0.352991
925	0.566846	0.000000	0.079369	0.353785
926	0.566581	0.000000	0.079086	0.354333
927	0.566008	0.000000	0.079095	0.354897
928	0.565558	0.000000	0.079295	0.355147
929	0.565350	0.000000	0.078840	0.355810
930	0.564555	0.000000	0.079254	0.356191
931	0.564259	0.000000	0.078805	0.356936
932	0.563882	0.000000	0.078865	0.357253
933	0.563893	0.000000	0.078561	0.357546
934	0.563135	0.000000	0.078683	0.358182
935	0.563118	0.000000	0.078317	0.358565
936	0.562642	0.000000	0.078147	0.359211
937	0.562182	0.000000	0.078248	0.359570
938	0.562068	0.000000	0.078111	0.359821
939	0.561226	0.000000	0.077930	0.360844
940	0.561162	0.000000	0.077772	0.361066
941	0.560602	0.000000	0.078022	0.361376
942	0.560558	0.000000	0.077732	0.361710
943	0.559891	0.000000	0.077645	0.362464
944	0.559534	0.000000	0.077485	0.362981
945	0.559353	0.000000	0.077464	0.363183
946	0.559042	0.000000	0.077119	0.363839
947	0.558873	0.000000	0.077278	0.363849
948	0.558069	0.000000	0.077357	0.364574
949	0.557438	0.000000	0.076973	0.365589
950	0.557506	0.000000	0.077190	0.365304
951	0.557030	0.000000	0.076844	0.366126
952	0.557031	0.000000	0.076843	0.366126
953	0.556167	0.000000	0.076716	0.367117
954	0.556118	0.000000	0.076731	0.367151
955	0.555621	0.000000	0.076405	0.367974
956	0.555193	0.000000	0.076578	0.368229
957	0.554810	0.000000	0.076257	0.368933
958	0.553930	0.000000	0.076444	0.369626
959	0.553976	0.000000	0.075970	0.370054
960	0.552742	0.000000	0.076277	0.370981
961	0.552959	0.000000	0.075890	0.371151
962	0.552361	0.000000	0.075764	0.371875
963	0.552736	0.000000	0.075575	0.371689
964	0.551858	0.000000	0.075660	0.372482
965	0.551422	0.000000	0.075683	0.372895
966	0.550821	0.000000	0.075721	0.373458
967	0.550560	0.000000	0.075564	0.373876
968	0.550298	0.000000	0.075197	0.374505
969	0.549754	0.000000	0.075364	0.374882
970	0.549237	0.000000	0.075038	0.375725
971	0.549020	0.000000	0.075096	0.375884
972	0.548336	0.000000	0.074870	0.376794
973	0.547893	0.000000	0.074999	0.377108
974	0.547432	0.000000	0.074755	0.377813
975	0.547234	0.000000	0.074620	0.378146
976	0.546612	0.000000	0.074811	0.378577
977	0.546081	0.000000	0.074743	0.379176
978	0.545646	0.000000	0.074561	0.379793
979	0.545284	0.000000	0.074576	0.380140
980	0.544695	0.000000	0.074419	0.380886
981	0.544286	0.000000	0.074397	0.381317
982	0.543440	0.000000	0.074455	0.382105
983	0.543209	0.000000	0.074435	0.382356
984	0.542712	0.000000	0.074166	0.383122
985	0.542261	0.000000	0.074244	0.383495
986	0.541607	0.000000	0.074050	0.384343
987	0.541204	0.000000	0.074331	0.384465
988	0.540665	0.000000	0.074110	0.385225
989	0.539982	0.000000	0.074030	0.385988
990	0.539890	0.000000	0.073951	0.386159
991	0.539090	0.000000	0.073982	0.386928
992	0.538635	0.000000	0.073726	0.387639
993	0.538477	0.000000	0.073989	0.387534
994	0.537571	0.000000	0.073421	0.389008
995	0.537373	0.000000	0.073821	0.388806
996	0.536674	0.000000	0.073449	0.389877
997	0.536439	0.000000	0.073664	0.389897
998	0.536312	0.000000	0.073342	0.390346
999	0.535683	0.000000	0.073712	0.390605
1000	0.535115	0.000000	0.073466	0.391419
1001	0.534148	0.000000	0.073522	0.392330
