0	0.299577	0.299457	0.099932	0.301034
1	0.300043	0.300101	0.099618	0.300238
2	0.299394	0.294492	0.101072	0.305042
3	0.299861	0.291689	0.102589	0.305861
4	0.298892	0.285145	0.103909	0.312054
5	0.298537	0.279923	0.105986	0.315554
6	0.298183	0.272901	0.107718	0.321198
7	0.297460	0.267149	0.110064	0.325327
8	0.296486	0.260324	0.112071	0.331119
9	0.295806	0.253981	0.114166	0.336047
10	0.294840	0.246709	0.116399	0.342052
11	0.294035	0.240433	0.118707	0.346825
12	0.293505	0.233503	0.120631	0.352361
13	0.291419	0.228161	0.123280	0.357140
14	0.292191	0.220735	0.124495	0.362579
15	0.290610	0.215384	0.127045	0.366961
16	0.290002	0.209458	0.128604	0.371936
17	0.289098	0.203766	0.130882	0.376254
18	0.288946	0.198321	0.132317	0.380416
19	0.287918	0.191904	0.134223	0.385955
20	0.287429	0.186752	0.135940	0.389879
21	0.286513	0.181311	0.137939	0.394237
22	0.285612	0.176552	0.139698	0.398138
23	0.285138	0.171128	0.141724	0.402010
24	0.283820	0.166652	0.143645	0.405883
25	0.283414	0.161026	0.145497	0.410063
26	0.282711	0.156882	0.146890	0.413517
27	0.282763	0.151862	0.148593	0.416782
28	0.281678	0.148010	0.150080	0.420232
29	0.281627	0.143594	0.151972	0.422807
30	0.280831	0.139967	0.153102	0.426100
31	0.280662	0.135683	0.154335	0.429320
32	0.280040	0.131295	0.155895	0.432770
33	0.279812	0.127611	0.157611	0.434966
34	0.278643	0.123701	0.159518	0.438138
35	0.278342	0.120036	0.160542	0.441080
36	0.277695	0.116820	0.162195	0.443290
37	0.277336	0.113247	0.163330	0.446087
38	0.277337	0.109897	0.164738	0.448028
39	0.276685	0.106790	0.166129	0.450396
40	0.276602	0.103728	0.167585	0.452085
41	0.276051	0.100605	0.169138	0.454206
42	0.276002	0.097478	0.170142	0.456378
43	0.275554	0.094652	0.172269	0.457525
44	0.275626	0.091566	0.173168	0.459640
45	0.275104	0.089283	0.174264	0.461349
46	0.275272	0.086693	0.175601	0.462434
47	0.274851	0.084045	0.176543	0.464561
48	0.274655	0.081421	0.178499	0.465425
49	0.274576	0.079383	0.179372	0.466669
50	0.274285	0.077045	0.181060	0.467610
51	0.274639	0.074653	0.181715	0.468993
52	0.274908	0.072391	0.183299	0.469402
53	0.274270	0.070541	0.183980	0.471209
54	0.274654	0.068395	0.185671	0.471280
55	0.274571	0.066204	0.186847	0.472378
56	0.274619	0.064476	0.187430	0.473475
57	0.274669	0.062693	0.188269	0.474369
58	0.274411	0.060962	0.189681	0.474946
59	0.273910	0.059339	0.191182	0.475569
60	0.274268	0.057897	0.192008	0.475827
61	0.273729	0.056570	0.192662	0.477039
62	0.273875	0.054920	0.193752	0.477453
63	0.274643	0.053296	0.194437	0.477624
64	0.273948	0.052104	0.195917	0.478031
65	0.274862	0.050457	0.195925	0.478756
66	0.274743	0.049523	0.197123	0.478611
67	0.275537	0.047806	0.197668	0.478989
68	0.274835	0.046897	0.198895	0.479373
69	0.275842	0.045468	0.199403	0.479287
70	0.275533	0.044454	0.200394	0.479619
71	0.276169	0.043291	0.200942	0.479598
72	0.276309	0.041982	0.202049	0.479660
73	0.276895	0.040904	0.202781	0.479420
74	0.276918	0.039846	0.203575	0.479661
75	0.277743	0.038774	0.204462	0.479021
76	0.277769	0.037736	0.204933	0.479562
77	0.277985	0.036867	0.206323	0.478825
78	0.278243	0.035655	0.206739	0.479363
79	0.279160	0.034919	0.207878	0.478043
80	0.279496	0.033942	0.207966	0.478596
81	0.279995	0.033259	0.208730	0.478016
82	0.280800	0.032071	0.209884	0.477245
83	0.280655	0.031267	0.210444	0.477634
84	0.282313	0.030484	0.210792	0.476411
85	0.281749	0.029849	0.211772	0.476630
86	0.283081	0.029187	0.212029	0.475703
87	0.282556	0.028486	0.213084	0.475874
88	0.284432	0.027760	0.212577	0.475231
89	0.284849	0.026929	0.213788	0.474434
90	0.285250	0.026319	0.214232	0.474199
91	0.285999	0.025526	0.214893	0.473582
92	0.286407	0.024945	0.215858	0.472790
93	0.287622	0.024459	0.215696	0.472223
94	0.287909	0.023955	0.216737	0.471399
95	0.288653	0.023313	0.217298	0.470736
96	0.288883	0.022837	0.217565	0.470715
97	0.289731	0.022284	0.218508	0.469477
98	0.290073	0.021859	0.219229	0.468839
99	0.291466	0.021082	0.219400	0.468052
100	0.292020	0.020796	0.219935	0.467249
101	0.293007	0.020297	0.220299	0.466397
102	0.293424	0.019854	0.220856	0.465866
103	0.294590	0.019442	0.221274	0.464694
104	0.295065	0.018884	0.221928	0.464123
105	0.296174	0.018383	0.222363	0.463080
106	0.296809	0.018135	0.222353	0.462703
107	0.298362	0.017556	0.222926	0.461156
108	0.298943	0.017154	0.223124	0.460779
109	0.300232	0.016612	0.223688	0.459468
110	0.300785	0.016353	0.223781	0.459081
111	0.302105	0.016087	0.224434	0.457374
112	0.302571	0.015558	0.224508	0.457363
113	0.303984	0.015283	0.225039	0.455694
114	0.305209	0.014798	0.224909	0.455084
115	0.306211	0.014575	0.225699	0.453515
116	0.306881	0.014280	0.225666	0.453173
117	0.307925	0.014104	0.226571	0.451400
118	0.308685	0.013731	0.226715	0.450869
119	0.309523	0.013462	0.227543	0.449472
120	0.310792	0.013058	0.227633	0.448517
121	0.312197	0.012921	0.227681	0.447201
122	0.312858	0.012562	0.227988	0.446592
123	0.313877	0.012301	0.228867	0.444955
124	0.315186	0.012055	0.228805	0.443954
125	0.316214	0.011845	0.228863	0.443078
126	0.317330	0.011575	0.229091	0.442004
127	0.318690	0.011446	0.229723	0.440141
128	0.319618	0.011183	0.229500	0.439699
129	0.321217	0.011019	0.230036	0.437728
130	0.321725	0.010776	0.230264	0.437235
131	0.323493	0.010523	0.230169	0.435815
132	0.324068	0.010504	0.230772	0.434656
133	0.325179	0.010171	0.230804	0.433846
134	0.326785	0.009863	0.231062	0.432290
135	0.327841	0.009755	0.231280	0.431124
136	0.329325	0.009679	0.231114	0.429882
137	0.329989	0.009460	0.231519	0.429032
138	0.331559	0.009327	0.231970	0.427144
139	0.332628	0.009212	0.231791	0.426369
140	0.334165	0.009043	0.232074	0.424718
141	0.335585	0.008836	0.232504	0.423075
142	0.336665	0.008759	0.232085	0.422491
143	0.338260	0.008463	0.232284	0.420993
144	0.339285	0.008507	0.232535	0.419673
145	0.341025	0.008196	0.232458	0.418321
146	0.342155	0.008115	0.233080	0.416650
147	0.343909	0.007930	0.232299	0.415862
148	0.344952	0.007817	0.233015	0.414216
149	0.346784	0.007514	0.232103	0.413599
150	0.347664	0.007507	0.233493	0.411336
151	0.349341	0.007206	0.232847	0.410606
152	0.350507	0.007239	0.233493	0.408761
153	0.351987	0.007000	0.233387	0.407626
154	0.353578	0.006975	0.233001	0.406446
155	0.355295	0.006760	0.232494	0.405451
156	0.357142	0.006613	0.232519	0.403726
157	0.358349	0.006480	0.232711	0.402460
158	0.359949	0.006353	0.232269	0.401429
159	0.361760	0.006326	0.232098	0.399816
160	0.363076	0.006087	0.232184	0.398653
161	0.364983	0.005983	0.231890	0.397144
162	0.366119	0.005890	0.231666	0.396325
163	0.368256	0.005789	0.231481	0.394474
164	0.369769	0.005735	0.231209	0.393287
165	0.371082	0.005604	0.230861	0.392453
166	0.372971	0.005554	0.230874	0.390601
167	0.374346	0.005451	0.230613	0.389590
168	0.376246	0.005243	0.230447	0.388064
169	0.377135	0.005247	0.230932	0.386686
170	0.379726	0.005075	0.230329	0.384870
171	0.380504	0.005018	0.230727	0.383751
172	0.382453	0.004990	0.230183	0.382374
173	0.384217	0.004868	0.229430	0.381485
174	0.385505	0.004847	0.229579	0.380069
175	0.387650	0.004736	0.228744	0.378870
176	0.388902	0.004648	0.228650	0.377800
177	0.391013	0.004554	0.228077	0.376356
178	0.392103	0.004481	0.228248	0.375168
179	0.394604	0.004379	0.227493	0.373524
180	0.396046	0.004252	0.227488	0.372214
181	0.397166	0.004223	0.227254	0.371357
182	0.398927	0.004187	0.227199	0.369687
183	0.400287	0.004163	0.226351	0.369199
184	0.402571	0.004097	0.225944	0.367388
185	0.403682	0.004062	0.225956	0.366300
186	0.405702	0.003979	0.225627	0.364692
187	0.407346	0.003964	0.225198	0.363492
188	0.409082	0.003857	0.224693	0.362368
189	0.411282	0.003844	0.224452	0.360422
190	0.412787	0.003767	0.224188	0.359258
191	0.414550	0.003724	0.223811	0.357915
192	0.416343	0.003715	0.223055	0.356887
193	0.417943	0.003614	0.223095	0.355348
194	0.419942	0.003560	0.222186	0.354312
195	0.421908	0.003490	0.222036	0.352566
196	0.423612	0.003439	0.221447	0.351502
197	0.425235	0.003344	0.221166	0.350255
198	0.427179	0.003327	0.220158	0.349336
199	0.428736	0.003251	0.220323	0.347690
200	0.430650	0.003236	0.219646	0.346468
201	0.432502	0.003161	0.219525	0.344812
202	0.434401	0.003155	0.218541	0.343903
203	0.436110	0.003072	0.218684	0.342134
204	0.438244	0.003014	0.217858	0.340884
205	0.439598	0.002918	0.217657	0.339827
206	0.441627	0.002913	0.217495	0.337965
207	0.443771	0.002842	0.216819	0.336568
208	0.445513	0.002814	0.216641	0.335032
209	0.447155	0.002736	0.215898	0.334211
210	0.449027	0.002679	0.215335	0.332959
211	0.450990	0.002667	0.214664	0.331679
212	0.452940	0.002544	0.214091	0.330425
213	0.454766	0.002595	0.214062	0.328577
214	0.457378	0.002499	0.213044	0.327079
215	0.459094	0.002517	0.212583	0.325806
216	0.461083	0.002454	0.212479	0.323984
217	0.462759	0.002469	0.211641	0.323131
218	0.464303	0.002370	0.211536	0.321791
219	0.465979	0.002425	0.210812	0.320784
220	0.468495	0.002364	0.210015	0.319126
221	0.469787	0.002302	0.209802	0.318109
222	0.472062	0.002251	0.208759	0.316928
223	0.473995	0.002252	0.208375	0.315378
224	0.476217	0.002185	0.207552	0.314046
225	0.477516	0.002232	0.207347	0.312905
226	0.479855	0.002120	0.206894	0.311131
227	0.481756	0.002086	0.205841	0.310317
228	0.483993	0.002074	0.205469	0.308464
229	0.485456	0.002008	0.204911	0.307625
230	0.487792	0.002050	0.203964	0.306194
231	0.489413	0.001963	0.203671	0.304953
232	0.491416	0.002007	0.202920	0.303657
233	0.493568	0.001850	0.202390	0.302192
234	0.495157	0.001888	0.202062	0.300893
235	0.496782	0.001850	0.201773	0.299595
236	0.499014	0.001813	0.200740	0.298433
237	0.500415	0.001817	0.200184	0.297584
238	0.502607	0.001784	0.199689	0.295920
239	0.504600	0.001795	0.198668	0.294937
240	0.506550	0.001741	0.198146	0.293563
241	0.508590	0.001758	0.197059	0.292593
242	0.510254	0.001723	0.197235	0.290788
243	0.512360	0.001693	0.195519	0.290428
244	0.514363	0.001649	0.195144	0.288844
245	0.515958	0.001654	0.194337	0.288051
246	0.517862	0.001595	0.193807	0.286736
247	0.519604	0.001564	0.193075	0.285757
248	0.522099	0.001508	0.192325	0.284068
249	0.523710	0.001512	0.191930	0.282848
250	0.526531	0.001485	0.190432	0.281552
251	0.527582	0.001493	0.190128	0.280797
252	0.529770	0.001467	0.189058	0.279705
253	0.531820	0.001442	0.188345	0.278393
254	0.533793	0.001475	0.187255	0.277477
255	0.535854	0.001358	0.186283	0.276505
256	0.537532	0.001432	0.185857	0.275179
257	0.539636	0.001305	0.184919	0.274140
258	0.541476	0.001325	0.184111	0.273088
259	0.543419	0.001266	0.183193	0.272122
260	0.545265	0.001270	0.182547	0.270918
261	0.547113	0.001183	0.181839	0.269865
262	0.549248	0.001199	0.180853	0.268700
263	0.550471	0.001184	0.180424	0.267921
264	0.552596	0.001180	0.179299	0.266925
265	0.554536	0.001124	0.178506	0.265834
266	0.556469	0.001155	0.177788	0.264588
267	0.558391	0.001121	0.176916	0.263572
268	0.560284	0.001090	0.176354	0.262272
269	0.562641	0.001005	0.175024	0.261330
270	0.563977	0.001017	0.174841	0.260165
271	0.566567	0.000974	0.173599	0.258860
272	0.568383	0.000980	0.172868	0.257769
273	0.570832	0.000889	0.171521	0.256758
274	0.572607	0.000959	0.170735	0.255699
275	0.574658	0.000922	0.169706	0.254714
276	0.576820	0.000946	0.168777	0.253457
277	0.578428	0.000917	0.167851	0.252804
278	0.579914	0.000905	0.167192	0.251989
279	0.581717	0.000871	0.166477	0.250935
280	0.583716	0.000920	0.165441	0.249923
281	0.585353	0.000854	0.164825	0.248968
282	0.587278	0.000861	0.164171	0.247690
283	0.589310	0.000801	0.163006	0.246883
284	0.590759	0.000836	0.162708	0.245697
285	0.592209	0.000841	0.161992	0.244958
286	0.594839	0.000797	0.160781	0.243583
287	0.596322	0.000819	0.160019	0.242840
288	0.598448	0.000790	0.158647	0.242115
289	0.599959	0.000810	0.158389	0.240842
290	0.602002	0.000750	0.157195	0.240053
291	0.603534	0.000743	0.156417	0.239306
292	0.605968	0.000731	0.155220	0.238081
293	0.607537	0.000695	0.154645	0.237123
294	0.609523	0.000713	0.153463	0.236301
295	0.610917	0.000660	0.152995	0.235428
296	0.613046	0.000688	0.151628	0.234638
297	0.614433	0.000657	0.150887	0.234023
298	0.616687	0.000658	0.149883	0.232772
299	0.617927	0.000632	0.149415	0.232026
300	0.620128	0.000612	0.148472	0.230788
301	0.621365	0.000630	0.147933	0.230072
302	0.623318	0.000622	0.147005	0.229055
303	0.624936	0.000606	0.146442	0.228016
304	0.626839	0.000622	0.145214	0.227325
305	0.628179	0.000592	0.144638	0.226591
306	0.630127	0.000611	0.143707	0.225555
307	0.632113	0.000587	0.142563	0.224737
308	0.633691	0.000581	0.142029	0.223699
309	0.635254	0.000565	0.141424	0.222757
310	0.636797	0.000567	0.140790	0.221846
311	0.638712	0.000539	0.139857	0.220892
312	0.640130	0.000551	0.138891	0.220428
313	0.641773	0.000537	0.138152	0.219538
314	0.643640	0.000521	0.136982	0.218857
315	0.644984	0.000506	0.136489	0.218021
316	0.647035	0.000503	0.135391	0.217071
317	0.648718	0.000476	0.134514	0.216292
318	0.650435	0.000467	0.133726	0.215372
319	0.652082	0.000453	0.133090	0.214375
320	0.653719	0.000473	0.132242	0.213566
321	0.655358	0.000452	0.131292	0.212898
322	0.657012	0.000438	0.130191	0.212359
323	0.658728	0.000409	0.129945	0.210918
324	0.660440	0.000414	0.128608	0.210538
325	0.661668	0.000405	0.128783	0.209144
326	0.663383	0.000399	0.127357	0.208861
327	0.664613	0.000429	0.127466	0.207492
328	0.666829	0.000410	0.125757	0.207004
329	0.668323	0.000415	0.125336	0.205926
330	0.669936	0.000368	0.124112	0.205584
331	0.671439	0.000360	0.123650	0.204551
332	0.672995	0.000347	0.122816	0.203842
333	0.674799	0.000358	0.121856	0.202987
334	0.676238	0.000359	0.121387	0.202016
335	0.677953	0.000358	0.119999	0.201690
336	0.678885	0.000367	0.119625	0.201123
337	0.681142	0.000340	0.118661	0.199857
338	0.682486	0.000327	0.117696	0.199491
339	0.684032	0.000336	0.117019	0.198613
340	0.685298	0.000304	0.116269	0.198129
341	0.686668	0.000312	0.115396	0.197624
342	0.688170	0.000309	0.114809	0.196712
343	0.689800	0.000312	0.113820	0.196068
344	0.691324	0.000284	0.113143	0.195249
345	0.692817	0.000296	0.112656	0.194231
346	0.694377	0.000293	0.111806	0.193524
347	0.695975	0.000311	0.111222	0.192492
348	0.697440	0.000295	0.110328	0.191937
349	0.699114	0.000280	0.109530	0.191076
350	0.700529	0.000269	0.108710	0.190492
351	0.701907	0.000284	0.107775	0.190034
352	0.703035	0.000276	0.106934	0.189755
353	0.704636	0.000255	0.106156	0.188953
354	0.705890	0.000252	0.105435	0.188423
355	0.707573	0.000246	0.104596	0.187585
356	0.708606	0.000241	0.104039	0.187114
357	0.709702	0.000238	0.103411	0.186649
358	0.711172	0.000240	0.102631	0.185957
359	0.712536	0.000239	0.102003	0.185222
360	0.713712	0.000232	0.101275	0.184781
361	0.715559	0.000214	0.100486	0.183741
362	0.716583	0.000221	0.100143	0.183053
363	0.718012	0.000195	0.099010	0.182783
364	0.719469	0.000196	0.098443	0.181892
365	0.720409	0.000187	0.098255	0.181149
366	0.722116	0.000202	0.097139	0.180543
367	0.723328	0.000190	0.097021	0.179461
368	0.724541	0.000193	0.095914	0.179352
369	0.725539	0.000187	0.095834	0.178440
370	0.726525	0.000190	0.094791	0.178494
371	0.728092	0.000196	0.094226	0.177486
372	0.729268	0.000183	0.093413	0.177136
373	0.730825	0.000180	0.092942	0.176053
374	0.731856	0.000191	0.092333	0.175620
375	0.733190	0.000188	0.091629	0.174993
376	0.734332	0.000189	0.090842	0.174637
377	0.735569	0.000167	0.090110	0.174154
378	0.736926	0.000184	0.089240	0.173650
379	0.738174	0.000176	0.088546	0.173104
380	0.739636	0.000162	0.087916	0.172286
381	0.740325	0.000164	0.087303	0.172208
382	0.741973	0.000162	0.086637	0.171228
383	0.743023	0.000160	0.086087	0.170730
384	0.744198	0.000154	0.085564	0.170084
385	0.745278	0.000162	0.085089	0.169471
386	0.746757	0.000170	0.084413	0.168660
387	0.747541	0.000149	0.083790	0.168520
388	0.749105	0.000147	0.083049	0.167699
389	0.750002	0.000149	0.082443	0.167406
390	0.751327	0.000140	0.081774	0.166759
391	0.752461	0.000147	0.081107	0.166285
392	0.753578	0.000126	0.080694	0.165602
393	0.754399	0.000133	0.080253	0.165215
394	0.755695	0.000128	0.079500	0.164677
395	0.757092	0.000130	0.079070	0.163708
396	0.757759	0.000128	0.078240	0.163873
397	0.759134	0.000128	0.078267	0.162471
398	0.760030	0.000121	0.077099	0.162750
399	0.761470	0.000125	0.076926	0.161479
400	0.762212	0.000111	0.076103	0.161574
401	0.763678	0.000107	0.075455	0.160760
402	0.764625	0.000121	0.074940	0.160314
403	0.765624	0.000108	0.074176	0.160092
404	0.766747	0.000113	0.073480	0.159660
405	0.767890	0.000109	0.073021	0.158980
406	0.768862	0.000114	0.072573	0.158451
407	0.769995	0.000114	0.071945	0.157946
408	0.770887	0.000117	0.071665	0.157331
409	0.771822	0.000122	0.071130	0.156926
410	0.772857	0.000117	0.070305	0.156721
411	0.773748	0.000123	0.070062	0.156067
412	0.774680	0.000108	0.069493	0.155719
413	0.775667	0.000135	0.068837	0.155361
414	0.776461	0.000114	0.068536	0.154889
415	0.777436	0.000114	0.067854	0.154596
416	0.778151	0.000104	0.067630	0.154115
417	0.779196	0.000099	0.066674	0.154031
418	0.780094	0.000102	0.066424	0.153380
419	0.780755	0.000112	0.065860	0.153273
420	0.782000	0.000107	0.065402	0.152491
421	0.783005	0.000104	0.065044	0.151847
422	0.783910	0.000097	0.064376	0.151617
423	0.784858	0.000096	0.064119	0.150927
424	0.785576	0.000102	0.063635	0.150687
425	0.786417	0.000108	0.063142	0.150333
426	0.787211	0.000101	0.062762	0.149926
427	0.788187	0.000104	0.062199	0.149510
428	0.788821	0.000098	0.061868	0.149213
429	0.789894	0.000096	0.061337	0.148673
430	0.790479	0.000106	0.060912	0.148503
431	0.791431	0.000095	0.060387	0.148087
432	0.791927	0.000104	0.060262	0.147707
433	0.793036	0.000088	0.059703	0.147173
434	0.793994	0.000113	0.059021	0.146872
435	0.794544	0.000100	0.058919	0.146437
436	0.795561	0.000100	0.058370	0.145969
437	0.796249	0.000090	0.058081	0.145580
438	0.797204	0.000081	0.057493	0.145222
439	0.797812	0.000087	0.057162	0.144939
440	0.798757	0.000085	0.056542	0.144616
441	0.799654	0.000086	0.056300	0.143960
442	0.800394	0.000087	0.055583	0.143936
443	0.800739	0.000077	0.055529	0.143655
444	0.801852	0.000089	0.054774	0.143285
445	0.802732	0.000077	0.054595	0.142596
446	0.803691	0.000093	0.054174	0.142042
447	0.803904	0.000083	0.054042	0.141971
448	0.805146	0.000081	0.053175	0.141598
449	0.805510	0.000077	0.053044	0.141369
450	0.806672	0.000069	0.052566	0.140693
451	0.807053	0.000062	0.052249	0.140636
452	0.807913	0.000068	0.051890	0.140129
453	0.808554	0.000067	0.051365	0.140014
454	0.808948	0.000061	0.051119	0.139872
455	0.809959	0.000054	0.050719	0.139268
456	0.810105	0.000064	0.050319	0.139512
457	0.811048	0.000057	0.049971	0.138924
458	0.811617	0.000063	0.049610	0.138710
459	0.812645	0.000059	0.049059	0.138237
460	0.813134	0.000062	0.048651	0.138153
461	0.813773	0.000059	0.048324	0.137844
462	0.814754	0.000057	0.047956	0.137233
463	0.815143	0.000053	0.047582	0.137222
464	0.816215	0.000056	0.047274	0.136455
465	0.816643	0.000049	0.046838	0.136470
466	0.817367	0.000062	0.046886	0.135685
467	0.818002	0.000053	0.046402	0.135543
468	0.818932	0.000058	0.046016	0.134994
469	0.819390	0.000056	0.045633	0.134921
470	0.820272	0.000046	0.045100	0.134582
471	0.820445	0.000055	0.044966	0.134534
472	0.821248	0.000045	0.044640	0.134067
473	0.821566	0.000049	0.044447	0.133938
474	0.822354	0.000045	0.043975	0.133626
475	0.822597	0.000046	0.043836	0.133521
476	0.823464	0.000048	0.043223	0.133265
477	0.823932	0.000047	0.043231	0.132790
478	0.824963	0.000049	0.042768	0.132220
479	0.825344	0.000052	0.042328	0.132276
480	0.826244	0.000048	0.042100	0.131608
481	0.827079	0.000051	0.041526	0.131344
482	0.827458	0.000038	0.041615	0.130889
483	0.828022	0.000043	0.040981	0.130954
484	0.828525	0.000039	0.040957	0.130479
485	0.829136	0.000040	0.040644	0.130180
486	0.829657	0.000035	0.040293	0.130015
487	0.830560	0.000041	0.039936	0.129463
488	0.830514	0.000032	0.039778	0.129676
489	0.831603	0.000038	0.039371	0.128988
490	0.831971	0.000030	0.039005	0.128994
491	0.832534	0.000044	0.038614	0.128808
492	0.833227	0.000030	0.038464	0.128279
493	0.833536	0.000050	0.038219	0.128195
494	0.834224	0.000038	0.038019	0.127719
495	0.834487	0.000044	0.037475	0.127994
496	0.835021	0.000047	0.037517	0.127415
497	0.835782	0.000046	0.037131	0.127041
498	0.835875	0.000042	0.037155	0.126928
499	0.836333	0.000044	0.036529	0.127094
500	0.836752	0.000042	0.036472	0.126734
501	0.837138	0.000035	0.036077	0.126750
502	0.838081	0.000036	0.035886	0.125997
503	0.838086	0.000036	0.035437	0.126441
504	0.838857	0.000031	0.035451	0.125661
505	0.839411	0.000031	0.035111	0.125447
506	0.839641	0.000026	0.034992	0.125341
507	0.840144	0.000029	0.034741	0.125086
508	0.840284	0.000028	0.034455	0.125233
509	0.841016	0.000034	0.034164	0.124786
510	0.841510	0.000024	0.033847	0.124619
511	0.842088	0.000032	0.033402	0.124478
512	0.842654	0.000027	0.033231	0.124088
513	0.842968	0.000029	0.033054	0.123949
514	0.843516	0.000029	0.032682	0.123773
515	0.843884	0.000028	0.032456	0.123632
516	0.844095	0.000033	0.032207	0.123665
517	0.844483	0.000023	0.032190	0.123304
518	0.845019	0.000033	0.031980	0.122968
519	0.845675	0.000023	0.031770	0.122532
520	0.845724	0.000031	0.031722	0.122523
521	0.846212	0.000026	0.031355	0.122407
522	0.846516	0.000024	0.031093	0.122367
523	0.846575	0.000024	0.031032	0.122369
524	0.846960	0.000036	0.030523	0.122481
525	0.847791	0.000022	0.030396	0.121791
526	0.847780	0.000032	0.030079	0.122109
527	0.848159	0.000020	0.029873	0.121948
528	0.848465	0.000028	0.029940	0.121567
529	0.849099	0.000019	0.029393	0.121489
530	0.849346	0.000019	0.029466	0.121169
531	0.849688	0.000017	0.028842	0.121453
532	0.850280	0.000018	0.028844	0.120858
533	0.850566	0.000023	0.028610	0.120801
534	0.851256	0.000020	0.028435	0.120289
535	0.851275	0.000021	0.028317	0.120387
536	0.851913	0.000028	0.027996	0.120063
537	0.851667	0.000026	0.027940	0.120367
538	0.852549	0.000027	0.027633	0.119791
539	0.852623	0.000024	0.027436	0.119917
540	0.853221	0.000024	0.027242	0.119513
541	0.853261	0.000026	0.027236	0.119477
542	0.853752	0.000021	0.026725	0.119502
543	0.854138	0.000028	0.026613	0.119221
544	0.854538	0.000021	0.026329	0.119112
545	0.854560	0.000027	0.026137	0.119276
546	0.855125	0.000024	0.026118	0.118733
547	0.855178	0.000027	0.026087	0.118708
548	0.855666	0.000027	0.025655	0.118652
549	0.855901	0.000032	0.025638	0.118429
550	0.856328	0.000025	0.025409	0.118238
551	0.856702	0.000027	0.025237	0.118034
552	0.856926	0.000025	0.025181	0.117868
553	0.857487	0.000023	0.024814	0.117676
554	0.857608	0.000026	0.024659	0.117707
555	0.858151	0.000017	0.024363	0.117469
556	0.858099	0.000013	0.024438	0.117450
557	0.858618	0.000015	0.024179	0.117188
558	0.858502	0.000011	0.024134	0.117353
559	0.858906	0.000011	0.023983	0.117100
560	0.859158	0.000015	0.023817	0.117010
561	0.859493	0.000011	0.023568	0.116928
562	0.859438	0.000013	0.023587	0.116962
563	0.859781	0.000012	0.023295	0.116912
564	0.859779	0.000009	0.023083	0.117129
565	0.860199	0.000014	0.022992	0.116795
566	0.859966	0.000012	0.022865	0.117157
567	0.860380	0.000012	0.022693	0.116915
568	0.860566	0.000013	0.022684	0.116737
569	0.860831	0.000013	0.022421	0.116735
570	0.860819	0.000014	0.022303	0.116864
571	0.861284	0.000011	0.022216	0.116489
572	0.861199	0.000013	0.021998	0.116790
573	0.861931	0.000013	0.021763	0.116293
574	0.861910	0.000012	0.021527	0.116551
575	0.862230	0.000012	0.021367	0.116391
576	0.862576	0.000013	0.021242	0.116169
577	0.862663	0.000013	0.021138	0.116186
578	0.863188	0.000011	0.020807	0.115994
579	0.863402	0.000013	0.020911	0.115674
580	0.863852	0.000011	0.020740	0.115397
581	0.863885	0.000009	0.020712	0.115394
582	0.864199	0.000010	0.020559	0.115232
583	0.864136	0.000007	0.020451	0.115406
584	0.864399	0.000007	0.020351	0.115243
585	0.864491	0.000008	0.020266	0.115235
586	0.864450	0.000004	0.020118	0.115428
587	0.864638	0.000010	0.020015	0.115337
588	0.864740	0.000006	0.019794	0.115460
589	0.864826	0.000011	0.019721	0.115442
590	0.865168	0.000005	0.019629	0.115198
591	0.865185	0.000011	0.019561	0.115243
592	0.865254	0.000006	0.019482	0.115258
593	0.865656	0.000008	0.019119	0.115217
594	0.865863	0.000003	0.019140	0.114994
595	0.865873	0.000008	0.018992	0.115127
596	0.866091	0.000007	0.018930	0.114972
597	0.866295	0.000008	0.018882	0.114815
598	0.866191	0.000004	0.018787	0.115018
599	0.866571	0.000006	0.018534	0.114889
600	0.866744	0.000004	0.018428	0.114824
601	0.866903	0.000006	0.018410	0.114681
602	0.867070	0.000006	0.018217	0.114707
603	0.867273	0.000005	0.018030	0.114692
604	0.867184	0.000003	0.017975	0.114838
605	0.867557	0.000004	0.018002	0.114437
606	0.867618	0.000005	0.017813	0.114564
607	0.867984	0.000003	0.017714	0.114299
608	0.868094	0.000004	0.017561	0.114341
609	0.868288	0.000002	0.017473	0.114237
610	0.868467	0.000005	0.017442	0.114086
611	0.868425	0.000001	0.017189	0.114385
612	0.868757	0.000004	0.016993	0.114246
613	0.868865	0.000002	0.016898	0.114235
614	0.868984	0.000005	0.016785	0.114226
615	0.869146	0.000004	0.016693	0.114157
616	0.869475	0.000005	0.016470	0.114050
617	0.869217	0.000003	0.016541	0.114239
618	0.869628	0.000005	0.016281	0.114086
619	0.869819	0.000002	0.016230	0.113949
620	0.869774	0.000004	0.016164	0.114058
621	0.869928	0.000005	0.016116	0.113951
622	0.870103	0.000004	0.016014	0.113879
623	0.870235	0.000003	0.016075	0.113687
624	0.870366	0.000004	0.015900	0.113730
625	0.870526	0.000004	0.015872	0.113598
626	0.870729	0.000004	0.015755	0.113512
627	0.871131	0.000005	0.015625	0.113239
628	0.871017	0.000005	0.015519	0.113459
629	0.871286	0.000002	0.015482	0.113230
630	0.871469	0.000003	0.015379	0.113149
631	0.871478	0.000000	0.015235	0.113287
632	0.871402	0.000004	0.015315	0.113279
633	0.871750	0.000000	0.014974	0.113276
634	0.871663	0.000003	0.014979	0.113355
635	0.871608	0.000004	0.014874	0.113514
636	0.871822	0.000006	0.014841	0.113331
637	0.872064	0.000005	0.014664	0.113267
638	0.872090	0.000006	0.014724	0.113180
639	0.872209	0.000004	0.014581	0.113206
640	0.872328	0.000005	0.014433	0.113234
641	0.872304	0.000004	0.014417	0.113275
642	0.872473	0.000003	0.014262	0.113262
643	0.872585	0.000004	0.014285	0.113126
644	0.872569	0.000002	0.014289	0.113140
645	0.872550	0.000005	0.014212	0.113233
646	0.872793	0.000002	0.014108	0.113097
647	0.872702	0.000004	0.014069	0.113225
648	0.872949	0.000000	0.013980	0.113071
649	0.873155	0.000002	0.013825	0.113018
650	0.873328	0.000000	0.013840	0.112832
651	0.873338	0.000001	0.013625	0.113036
652	0.873566	0.000001	0.013670	0.112763
653	0.873450	0.000000	0.013653	0.112897
654	0.873904	0.000001	0.013583	0.112512
655	0.873725	0.000001	0.013520	0.112754
656	0.873810	0.000000	0.013481	0.112709
657	0.873665	0.000000	0.013404	0.112931
658	0.874025	0.000001	0.013279	0.112695
659	0.873949	0.000001	0.013372	0.112678
660	0.874141	0.000001	0.013229	0.112629
661	0.874258	0.000000	0.013152	0.112590
662	0.874296	0.000001	0.012974	0.112729
663	0.874152	0.000000	0.013069	0.112779
664	0.874347	0.000001	0.012856	0.112796
665	0.874306	0.000001	0.012917	0.112776
666	0.874486	0.000001	0.012778	0.112735
667	0.874302	0.000001	0.012805	0.112892
668	0.874658	0.000001	0.012622	0.112719
669	0.874418	0.000000	0.012708	0.112874
670	0.874531	0.000001	0.012568	0.112900
671	0.874463	0.000000	0.012605	0.112932
672	0.874574	0.000000	0.012535	0.112891
673	0.874516	0.000000	0.012409	0.113075
674	0.874589	0.000000	0.012296	0.113115
675	0.874910	0.000000	0.012249	0.112841
676	0.874730	0.000000	0.012227	0.113043
677	0.874780	0.000000	0.012192	0.113028
678	0.874672	0.000000	0.012127	0.113201
679	0.874635	0.000000	0.012077	0.113288
680	0.874775	0.000000	0.012021	0.113204
681	0.874623	0.000000	0.011993	0.113384
682	0.874643	0.000000	0.011891	0.113466
683	0.874515	0.000000	0.011974	0.113511
684	0.874859	0.000000	0.011874	0.113267
685	0.874557	0.000000	0.011973	0.113470
686	0.874939	0.000000	0.011775	0.113286
687	0.874800	0.000000	0.011790	0.113410
688	0.874727	0.000000	0.011670	0.113603
689	0.874753	0.000000	0.011803	0.113444
690	0.874673	0.000000	0.011675	0.113652
691	0.874743	0.000000	0.011735	0.113522
692	0.874496	0.000000	0.011757	0.113747
693	0.875020	0.000000	0.011684	0.113296
694	0.874704	0.000000	0.011624	0.113672
695	0.874895	0.000000	0.011619	0.113486
696	0.874801	0.000000	0.011491	0.113708
697	0.874873	0.000000	0.011399	0.113728
698	0.874847	0.000000	0.011473	0.113680
699	0.874949	0.000000	0.011291	0.113760
700	0.874749	0.000000	0.011437	0.113814
701	0.874926	0.000000	0.011326	0.113748
702	0.874607	0.000000	0.011244	0.114149
703	0.874784	0.000000	0.011243	0.113973
704	0.874972	0.000000	0.011104	0.113924
705	0.874845	0.000000	0.011101	0.114054
706	0.874961	0.000000	0.011001	0.114038
707	0.874875	0.000000	0.011070	0.114055
708	0.874691	0.000000	0.011098	0.114211
709	0.874771	0.000000	0.011041	0.114188
710	0.874578	0.000000	0.011037	0.114385
711	0.874901	0.000000	0.011011	0.114088
712	0.874784	0.000000	0.010946	0.114270
713	0.874761	0.000000	0.010886	0.114353
714	0.874636	0.000000	0.010854	0.114510
715	0.874822	0.000000	0.010781	0.114397
716	0.874609	0.000000	0.010796	0.114595
717	0.874490	0.000000	0.010701	0.114809
718	0.874612	0.000000	0.010758	0.114630
719	0.874386	0.000000	0.010704	0.114910
720	0.874391	0.000000	0.010666	0.114943
721	0.874332	0.000000	0.010551	0.115117
722	0.874530	0.000000	0.010497	0.114973
723	0.874384	0.000000	0.010401	0.115215
724	0.874502	0.000000	0.010418	0.115080
725	0.874443	0.000000	0.010264	0.115293
726	0.874569	0.000000	0.010310	0.115121
727	0.874680	0.000000	0.010160	0.115160
728	0.874590	0.000000	0.010147	0.115263
729	0.874686	0.000000	0.010160	0.115154
730	0.874400	0.000000	0.009943	0.115657
731	0.874582	0.000000	0.009895	0.115523
732	0.874412	0.000000	0.009985	0.115603
733	0.874533	0.000000	0.009782	0.115685
734	0.874401	0.000000	0.009775	0.115824
735	0.874758	0.000000	0.009697	0.115545
736	0.874321	0.000000	0.009786	0.115893
737	0.874656	0.000000	0.009671	0.115673
738	0.874505	0.000000	0.009754	0.115741
739	0.874481	0.000000	0.009630	0.115889
740	0.874424	0.000000	0.009685	0.115891
741	0.874444	0.000000	0.009536	0.116020
742	0.874278	0.000000	0.009556	0.116166
743	0.874445	0.000000	0.009623	0.115932
744	0.874491	0.000000	0.009456	0.116053
745	0.874511	0.000000	0.009507	0.115982
746	0.874453	0.000000	0.009344	0.116203
747	0.874413	0.000000	0.009440	0.116147
748	0.874357	0.000000	0.009289	0.116354
749	0.874100	0.000000	0.009346	0.116554
750	0.874256	0.000000	0.009217	0.116527
751	0.873983	0.000000	0.009221	0.116796
752	0.874277	0.000000	0.009193	0.116530
753	0.873783	0.000000	0.009123	0.117094
754	0.874263	0.000000	0.009129	0.116608
755	0.873784	0.000000	0.009144	0.117072
756	0.874031	0.000000	0.009061	0.116908
757	0.873766	0.000000	0.009071	0.117163
758	0.873886	0.000000	0.009018	0.117096
759	0.873647	0.000000	0.009063	0.117290
760	0.873660	0.000000	0.008951	0.117389
761	0.873273	0.000000	0.008990	0.117737
762	0.873540	0.000000	0.008835	0.117625
763	0.873175	0.000000	0.008887	0.117938
764	0.873465	0.000000	0.008823	0.117712
765	0.873175	0.000000	0.008904	0.117921
766	0.873092	0.000000	0.008933	0.117975
767	0.873339	0.000000	0.008798	0.117863
768	0.873147	0.000000	0.008876	0.117977
769	0.873020	0.000000	0.008727	0.118253
770	0.872863	0.000000	0.008704	0.118433
771	0.872806	0.000000	0.008696	0.118498
772	0.872878	0.000000	0.008640	0.118482
773	0.872817	0.000000	0.008660	0.118523
774	0.872593	0.000000	0.008611	0.118796
775	0.872753	0.000000	0.008606	0.118641
776	0.872342	0.000000	0.008467	0.119191
777	0.872484	0.000000	0.008582	0.118934
778	0.872063	0.000000	0.008456	0.119481
779	0.872107	0.000000	0.008517	0.119376
780	0.872156	0.000000	0.008382	0.119462
781	0.872013	0.000000	0.008386	0.119601
782	0.872075	0.000000	0.008312	0.119613
783	0.871989	0.000000	0.008457	0.119554
784	0.871900	0.000000	0.008321	0.119779
785	0.871707	0.000000	0.008380	0.119913
786	0.871852	0.000000	0.008209	0.119939
787	0.871442	0.000000	0.008355	0.120203
788	0.871726	0.000000	0.008232	0.120042
789	0.871408	0.000000	0.008220	0.120372
790	0.871459	0.000000	0.008143	0.120398
791	0.871243	0.000000	0.008208	0.120549
792	0.871318	0.000000	0.008194	0.120488
793	0.871270	0.000000	0.008222	0.120508
794	0.871092	0.000000	0.008154	0.120754
795	0.870745	0.000000	0.008254	0.121001
796	0.870701	0.000000	0.008095	0.121204
797	0.870648	0.000000	0.008294	0.121058
798	0.870685	0.000000	0.008101	0.121214
799	0.870520	0.000000	0.008217	0.121263
800	0.870661	0.000000	0.008020	0.121319
801	0.870517	0.000000	0.008066	0.121417
802	0.870417	0.000000	0.007947	0.121636
803	0.870252	0.000000	0.008042	0.121706
804	0.870314	0.000000	0.007914	0.121772
805	0.870230	0.000000	0.007933	0.121837
806	0.870322	0.000000	0.007819	0.121859
807	0.870160	0.000000	0.007926	0.121914
808	0.870240	0.000000	0.007875	0.121885
809	0.870138	0.000000	0.007893	0.121969
810	0.870153	0.000000	0.007903	0.121944
811	0.869987	0.000000	0.007839	0.122174
812	0.870073	0.000000	0.007844	0.122083
813	0.869751	0.000000	0.007792	0.122457
814	0.869815	0.000000	0.007853	0.122332
815	0.869840	0.000000	0.007856	0.122304
816	0.869689	0.000000	0.007869	0.122442
817	0.869768	0.000000	0.007768	0.122464
818	0.869676	0.000000	0.007947	0.122377
819	0.869338	0.000000	0.007760	0.122902
820	0.869503	0.000000	0.007778	0.122719
821	0.869425	0.000000	0.007748	0.122827
822	0.869389	0.000000	0.007825	0.122786
823	0.869318	0.000000	0.007691	0.122991
824	0.869092	0.000000	0.007728	0.123180
825	0.868946	0.000000	0.007696	0.123358
826	0.868935	0.000000	0.007754	0.123311
827	0.869057	0.000000	0.007659	0.123284
828	0.868931	0.000000	0.007723	0.123346
829	0.868813	0.000000	0.007684	0.123503
830	0.868893	0.000000	0.007660	0.123447
831	0.868657	0.000000	0.007718	0.123625
832	0.868897	0.000000	0.007612	0.123491
833	0.868548	0.000000	0.007687	0.123765
834	0.868632	0.000000	0.007569	0.123799
835	0.868561	0.000000	0.007665	0.123774
836	0.868260	0.000000	0.007491	0.124249
837	0.868328	0.000000	0.007521	0.124151
838	0.868238	0.000000	0.007527	0.124235
839	0.868330	0.000000	0.007480	0.124190
840	0.868175	0.000000	0.007473	0.124352
841	0.868117	0.000000	0.007413	0.124470
842	0.868077	0.000000	0.007386	0.124537
843	0.867984	0.000000	0.007343	0.124673
844	0.867883	0.000000	0.007262	0.124855
845	0.867591	0.000000	0.007382	0.125027
846	0.867343	0.000000	0.007348	0.125309
847	0.867303	0.000000	0.007387	0.125310
848	0.867433	0.000000	0.007276	0.125291
849	0.867185	0.000000	0.007317	0.125498
850	0.867424	0.000000	0.007171	0.125405
851	0.867250	0.000000	0.007294	0.125456
852	0.867191	0.000000	0.007218	0.125591
853	0.867359	0.000000	0.007059	0.125582
854	0.867214	0.000000	0.007080	0.125706
855	0.867182	0.000000	0.007050	0.125768
856	0.867235	0.000000	0.007037	0.125728
857	0.866923	0.000000	0.007121	0.125956
858	0.866863	0.000000	0.007070	0.126067
859	0.866785	0.000000	0.007118	0.126097
860	0.866777	0.000000	0.006956	0.126267
861	0.866548	0.000000	0.007052	0.126400
862	0.866530	0.000000	0.006902	0.126568
863	0.866328	0.000000	0.007030	0.126642
864	0.866217	0.000000	0.006957	0.126826
865	0.865979	0.000000	0.006943	0.127078
866	0.865917	0.000000	0.006982	0.127101
867	0.865796	0.000000	0.006964	0.127240
868	0.865830	0.000000	0.006993	0.127177
869	0.865635	0.000000	0.006980	0.127385
870	0.865510	0.000000	0.006966	0.127524
871	0.865329	0.000000	0.006983	0.127688
872	0.865234	0.000000	0.006905	0.127861
873	0.865001	0.000000	0.006948	0.128051
874	0.864890	0.000000	0.006945	0.128165
875	0.864951	0.000000	0.006880	0.128169
876	0.864874	0.000000	0.006902	0.128224
877	0.864877	0.000000	0.006911	0.128212
878	0.864654	0.000000	0.007022	0.128324
879	0.864578	0.000000	0.006836	0.128586
880	0.864321	0.000000	0.006975	0.128704
881	0.864322	0.000000	0.006853	0.128825
882	0.864032	0.000000	0.006950	0.129018
883	0.864170	0.000000	0.006712	0.129118
884	0.863867	0.000000	0.006897	0.129236
885	0.863715	0.000000	0.006813	0.129472
886	0.863542	0.000000	0.006782	0.129676
887	0.863337	0.000000	0.006810	0.129853
888	0.863312	0.000000	0.006816	0.129872
889	0.863287	0.000000	0.006711	0.130002
890	0.863239	0.000000	0.006745	0.130016
891	0.863099	0.000000	0.006811	0.130090
892	0.863117	0.000000	0.006702	0.130181
893	0.862751	0.000000	0.006752	0.130497
894	0.862851	0.000000	0.006725	0.130424
895	0.862891	0.000000	0.006700	0.130409
896	0.862482	0.000000	0.006767	0.130751
897	0.862659	0.000000	0.006747	0.130594
898	0.862559	0.000000	0.006677	0.130764
899	0.862419	0.000000	0.006688	0.130893
900	0.861980	0.000000	0.006714	0.131306
901	0.862035	0.000000	0.006632	0.131333
902	0.861901	0.000000	0.006643	0.131456
903	0.862007	0.000000	0.006500	0.131493
904	0.861554	0.000000	0.006552	0.131894
905	0.861719	0.000000	0.006532	0.131749
906	0.861253	0.000000	0.006503	0.132244
907	0.861342	0.000000	0.006485	0.132173
908	0.861216	0.000000	0.006508	0.132276
909	0.860964	0.000000	0.006484	0.132552
910	0.860984	0.000000	0.006477	0.132539
911	0.860966	0.000000	0.006432	0.132602
912	0.860903	0.000000	0.006471	0.132626
913	0.860942	0.000000	0.006465	0.132593
914	0.860806	0.000000	0.006422	0.132772
915	0.860633	0.000000	0.006393	0.132974
916	0.860696	0.000000	0.006367	0.132937
917	0.860519	0.000000	0.006344	0.133137
918	0.860202	0.000000	0.006356	0.133442
919	0.860232	0.000000	0.006367	0.133401
920	0.860089	0.000000	0.006257	0.133654
921	0.859819	0.000000	0.006257	0.133924
922	0.859799	0.000000	0.006342	0.133859
923	0.859623	0.000000	0.006375	0.134002
924	0.859337	0.000000	0.006294	0.134369
925	0.859257	0.000000	0.006387	0.134356
926	0.859070	0.000000	0.006391	0.134539
927	0.859008	0.000000	0.006366	0.134626
928	0.858737	0.000000	0.006444	0.134819
929	0.858856	0.000000	0.006408	0.134736
930	0.858589	0.000000	0.006363	0.135048
931	0.858403	0.000000	0.006459	0.135138
932	0.858067	0.000000	0.006468	0.135465
933	0.858160	0.000000	0.006479	0.135361
934	0.857665	0.000000	0.006440	0.135895
935	0.857885	0.000000	0.006500	0.135615
936	0.857476	0.000000	0.006361	0.136163
937	0.857550	0.000000	0.006413	0.136037
938	0.857254	0.000000	0.006418	0.136328
939	0.857262	0.000000	0.006443	0.136295
940	0.856968	0.000000	0.006418	0.136614
941	0.856749	0.000000	0.006430	0.136821
942	0.856704	0.000000	0.006368	0.136928
943	0.856436	0.000000	0.006408	0.137156
944	0.856375	0.000000	0.006387	0.137238
945	0.856434	0.000000	0.006360	0.137206
946	0.856149	0.000000	0.006416	0.137435
947	0.856206	0.000000	0.006400	0.137394
948	0.855991	0.000000	0.006331	0.137678
949	0.855917	0.000000	0.006406	0.137677
950	0.855729	0.000000	0.006393	0.137878
951	0.855701	0.000000	0.006445	0.137854
952	0.855644	0.000000	0.006438	0.137918
953	0.855545	0.000000	0.006373	0.138082
954	0.855432	0.000000	0.006388	0.138180
955	0.855313	0.000000	0.006349	0.138338
956	0.855303	0.000000	0.006276	0.138421
957	0.855154	0.000000	0.006331	0.138515
958	0.854828	0.000000	0.006283	0.138889
959	0.854599	0.000000	0.006363	0.139038
960	0.854433	0.000000	0.006305	0.139262
961	0.854322	0.000000	0.006376	0.139302
962	0.853915	0.000000	0.006277	0.139808
963	0.854075	0.000000	0.006339	0.139586
964	0.853699	0.000000	0.006254	0.140047
965	0.853615	0.000000	0.006307	0.140078
966	0.853526	0.000000	0.006252	0.140222
967	0.853412	0.000000	0.006206	0.140382
968	0.853006	0.000000	0.006302	0.140692
969	0.853105	0.000000	0.006256	0.140639
970	0.852703	0.000000	0.006281	0.141016
971	0.852891	0.000000	0.006245	0.140864
972	0.852420	0.000000	0.006236	0.141344
973	0.852679	0.000000	0.006282	0.141039
974	0.852426	0.000000	0.006306	0.141268
975	0.852631	0.000000	0.006263	0.141106
976	0.852094	0.000000	0.006243	0.141663
977	0.852084	0.000000	0.006363	0.141553
978	0.851573	0.000000	0.006238	0.142189
979	0.851648	0.000000	0.006328	0.142024
980	0.851351	0.000000	0.006214	0.142435
981	0.851302	0.000000	0.006303	0.142395
982	0.851096	0.000000	0.006242	0.142662
983	0.850883	0.000000	0.006224	0.142893
984	0.850667	0.000000	0.006181	0.143152
985	0.850502	0.000000	0.006223	0.143275
986	0.850132	0.000000	0.006227	0.143641
987	0.850118	0.000000	0.006177	0.143705
988	0.849987	0.000000	0.006261	0.143752
989	0.849907	0.000000	0.006215	0.143878
990	0.849803	0.000000	0.006200	0.143997
991	0.849569	0.000000	0.006164	0.144267
992	0.849376	0.000000	0.006202	0.144422
993	0.849201	0.000000	0.006236	0.144563
994	0.848998	0.000000	0.006172	0.144830
995	0.848906	0.000000	0.006160	0.144934
996	0.848791	0.000000	0.006213	0.144996
997	0.848537	0.000000	0.006225	0.145238
998	0.848463	0.000000	0.006178	0.145359
999	0.848219	0.000000	0.006192	0.145589
1000	0.848023	0.000000	0.006150	0.145827
1001	0.847956	0.000000	0.006098	0.145946
