0	0.963979	0.026024	0.009899	0.000098
0	0.921424	0.046858	0.029242	0.002476
1	0.907599	0.053475	0.035356	0.003570
2	0.903205	0.055822	0.036944	0.004029
3	0.901576	0.057026	0.037142	0.004256
4	0.901669	0.057395	0.036459	0.004477
5	0.902010	0.057719	0.035614	0.004657
6	0.902546	0.057870	0.034746	0.004838
7	0.903610	0.057734	0.033763	0.004893
8	0.904228	0.057965	0.032894	0.004913
9	0.905306	0.057860	0.031764	0.005070
10	0.906038	0.057871	0.030897	0.005194
11	0.907466	0.057522	0.029719	0.005293
12	0.908554	0.057519	0.028576	0.005351
13	0.909813	0.057304	0.027502	0.005381
14	0.910843	0.057115	0.026575	0.005467
15	0.911903	0.056793	0.025710	0.005594
16	0.912873	0.056735	0.024746	0.005646
17	0.913936	0.056283	0.023991	0.005790
18	0.915073	0.055865	0.023075	0.005987
19	0.916181	0.055562	0.022190	0.006067
20	0.917014	0.055305	0.021428	0.006253
21	0.917889	0.055126	0.020606	0.006379
22	0.918851	0.054772	0.019930	0.006447
23	0.919466	0.054591	0.019429	0.006514
24	0.920385	0.054190	0.018759	0.006666
25	0.921123	0.053971	0.018144	0.006762
26	0.921784	0.053648	0.017577	0.006991
27	0.922519	0.053310	0.016979	0.007192
28	0.923205	0.053118	0.016369	0.007308
29	0.923974	0.052917	0.015662	0.007447
30	0.924331	0.052900	0.015142	0.007627
31	0.924899	0.052729	0.014630	0.007742
32	0.925419	0.052603	0.014132	0.007846
33	0.925989	0.052367	0.013683	0.007961
34	0.926742	0.051964	0.013158	0.008136
35	0.927521	0.051531	0.012687	0.008261
36	0.928180	0.051155	0.012280	0.008385
37	0.928639	0.050967	0.011835	0.008559
38	0.929214	0.050692	0.011433	0.008661
39	0.929871	0.050150	0.011056	0.008923
40	0.930321	0.050029	0.010578	0.009072
41	0.930318	0.050172	0.010316	0.009194
42	0.930892	0.049772	0.009966	0.009370
43	0.931435	0.049458	0.009597	0.009510
44	0.931674	0.049423	0.009175	0.009728
45	0.932084	0.049051	0.008991	0.009874
46	0.932762	0.048607	0.008613	0.010018
47	0.932907	0.048582	0.008360	0.010151
48	0.933144	0.048300	0.008163	0.010393
49	0.933475	0.048098	0.007818	0.010609
50	0.933860	0.047908	0.007474	0.010758
51	0.934297	0.047494	0.007243	0.010966
52	0.934764	0.046960	0.007184	0.011092
53	0.934595	0.046980	0.006982	0.011443
54	0.935129	0.046631	0.006682	0.011558
55	0.935025	0.046640	0.006480	0.011855
56	0.935366	0.046374	0.006197	0.012063
57	0.935649	0.046106	0.005993	0.012252
58	0.935889	0.045909	0.005766	0.012436
59	0.936062	0.045726	0.005533	0.012679
60	0.936077	0.045527	0.005388	0.013008
61	0.936379	0.045168	0.005294	0.013159
62	0.936572	0.045003	0.005059	0.013366
63	0.936919	0.044613	0.004935	0.013533
64	0.936987	0.044451	0.004801	0.013761
65	0.937228	0.044022	0.004682	0.014068
66	0.937235	0.043914	0.004532	0.014319
67	0.937609	0.043546	0.004300	0.014545
68	0.937571	0.043470	0.004161	0.014798
69	0.937590	0.043363	0.003965	0.015082
70	0.937740	0.043128	0.003837	0.015295
71	0.937618	0.042968	0.003783	0.015631
72	0.937849	0.042626	0.003681	0.015844
73	0.938138	0.042326	0.003467	0.016069
74	0.938093	0.042085	0.003479	0.016343
75	0.938275	0.041652	0.003410	0.016663
76	0.938216	0.041561	0.003266	0.016957
77	0.938272	0.041285	0.003148	0.017295
78	0.938244	0.041147	0.003077	0.017532
79	0.938372	0.041010	0.002911	0.017707
80	0.938249	0.040792	0.002876	0.018083
81	0.938322	0.040462	0.002785	0.018431
82	0.938103	0.040379	0.002665	0.018853
83	0.937883	0.040213	0.002635	0.019269
84	0.937527	0.040253	0.002672	0.019548
85	0.937588	0.040033	0.002545	0.019834
86	0.937339	0.039904	0.002466	0.020291
87	0.937314	0.039663	0.002415	0.020608
88	0.937160	0.039581	0.002341	0.020918
89	0.937175	0.039294	0.002263	0.021268
90	0.937029	0.039094	0.002186	0.021691
91	0.936932	0.038987	0.002103	0.021978
92	0.936955	0.038713	0.002023	0.022309
93	0.937008	0.038500	0.001980	0.022512
94	0.936979	0.038173	0.001958	0.022890
95	0.937006	0.037690	0.001926	0.023378
96	0.936781	0.037571	0.001920	0.023728
97	0.936862	0.037219	0.001869	0.024050
98	0.936890	0.036917	0.001806	0.024387
99	0.936629	0.036808	0.001777	0.024786
100	0.936296	0.036727	0.001718	0.025259
101	0.936294	0.036477	0.001685	0.025544
102	0.936238	0.036142	0.001669	0.025951
103	0.935867	0.036127	0.001612	0.026394
104	0.935807	0.036003	0.001529	0.026661
105	0.935538	0.035885	0.001515	0.027062
106	0.935324	0.035664	0.001472	0.027540
107	0.934994	0.035611	0.001436	0.027959
108	0.934676	0.035466	0.001435	0.028423
109	0.934443	0.035407	0.001436	0.028714
110	0.934259	0.035118	0.001386	0.029237
111	0.933974	0.035000	0.001319	0.029707
112	0.933739	0.034716	0.001302	0.030243
113	0.933652	0.034497	0.001295	0.030556
114	0.933569	0.034319	0.001227	0.030885
115	0.933435	0.034125	0.001211	0.031229
116	0.933167	0.034029	0.001187	0.031617
117	0.932815	0.033925	0.001170	0.032090
118	0.932518	0.033742	0.001115	0.032625
119	0.932290	0.033598	0.001063	0.033049
120	0.932030	0.033444	0.001021	0.033505
121	0.931978	0.033117	0.000963	0.033942
122	0.931361	0.033103	0.000996	0.034540
123	0.931064	0.032917	0.000983	0.035036
124	0.931036	0.032535	0.000996	0.035433
125	0.930783	0.032366	0.000949	0.035902
126	0.930374	0.032270	0.000928	0.036428
127	0.929915	0.032291	0.000909	0.036885
128	0.929522	0.032302	0.000893	0.037283
129	0.929401	0.032011	0.000899	0.037689
130	0.929061	0.031888	0.000873	0.038178
131	0.928461	0.031961	0.000880	0.038698
132	0.928138	0.031905	0.000839	0.039118
133	0.927993	0.031627	0.000838	0.039542
134	0.927679	0.031375	0.000824	0.040122
135	0.927487	0.031100	0.000827	0.040586
136	0.927173	0.030951	0.000805	0.041071
137	0.926796	0.030865	0.000799	0.041540
138	0.926587	0.030619	0.000766	0.042028
139	0.926254	0.030365	0.000787	0.042594
140	0.925914	0.030166	0.000740	0.043180
141	0.925614	0.029970	0.000741	0.043675
142	0.925341	0.029768	0.000693	0.044198
143	0.924817	0.029803	0.000700	0.044680
144	0.924779	0.029483	0.000682	0.045056
145	0.924484	0.029217	0.000699	0.045600
146	0.923917	0.029106	0.000676	0.046301
147	0.923611	0.028932	0.000657	0.046800
148	0.923252	0.028695	0.000668	0.047385
149	0.922809	0.028655	0.000644	0.047892
150	0.922450	0.028405	0.000637	0.048508
151	0.922083	0.028240	0.000634	0.049043
152	0.921587	0.028090	0.000624	0.049699
153	0.921017	0.027978	0.000633	0.050372
154	0.920600	0.027864	0.000587	0.050949
155	0.920104	0.027687	0.000570	0.051639
156	0.919527	0.027641	0.000545	0.052287
157	0.919479	0.027421	0.000518	0.052582
158	0.918896	0.027301	0.000523	0.053280
159	0.918203	0.027306	0.000521	0.053970
160	0.918023	0.026930	0.000509	0.054538
161	0.917435	0.026982	0.000501	0.055082
162	0.916787	0.026971	0.000486	0.055756
163	0.916361	0.026865	0.000489	0.056285
164	0.915957	0.026599	0.000480	0.056964
165	0.915561	0.026478	0.000494	0.057467
166	0.915261	0.026215	0.000456	0.058068
167	0.914784	0.026096	0.000452	0.058668
168	0.914314	0.025983	0.000457	0.059246
169	0.913834	0.025860	0.000443	0.059863
170	0.913382	0.025649	0.000468	0.060501
171	0.913049	0.025450	0.000462	0.061039
172	0.912447	0.025355	0.000451	0.061747
173	0.911939	0.025200	0.000468	0.062393
174	0.911544	0.024947	0.000455	0.063054
175	0.910986	0.024914	0.000428	0.063672
176	0.910284	0.024794	0.000431	0.064491
177	0.909733	0.024605	0.000445	0.065217
178	0.909500	0.024225	0.000433	0.065842
179	0.908850	0.024227	0.000398	0.066525
180	0.908123	0.024204	0.000396	0.067277
181	0.907644	0.024028	0.000418	0.067910
182	0.906980	0.023949	0.000413	0.068658
183	0.906457	0.023909	0.000406	0.069228
184	0.905989	0.023572	0.000394	0.070045
185	0.905645	0.023344	0.000399	0.070612
186	0.904963	0.023234	0.000389	0.071414
187	0.904379	0.023188	0.000376	0.072057
188	0.903843	0.022966	0.000362	0.072829
189	0.903287	0.022822	0.000364	0.073527
190	0.902606	0.022892	0.000345	0.074157
191	0.902002	0.022717	0.000357	0.074924
192	0.901145	0.022694	0.000336	0.075825
193	0.900257	0.022661	0.000312	0.076770
194	0.899593	0.022618	0.000301	0.077488
195	0.899112	0.022346	0.000310	0.078232
196	0.898386	0.022292	0.000294	0.079028
197	0.897778	0.022077	0.000284	0.079861
198	0.897116	0.021905	0.000295	0.080684
199	0.896707	0.021709	0.000279	0.081305
200	0.895889	0.021628	0.000268	0.082215
201	0.895245	0.021578	0.000291	0.082886
202	0.894404	0.021580	0.000293	0.083723
203	0.893623	0.021366	0.000296	0.084715
204	0.892917	0.021486	0.000264	0.085333
205	0.892271	0.021251	0.000282	0.086196
206	0.891506	0.021157	0.000286	0.087051
207	0.890724	0.021031	0.000288	0.087957
208	0.890023	0.020990	0.000284	0.088703
209	0.889580	0.020829	0.000284	0.089307
210	0.888777	0.020620	0.000283	0.090320
211	0.887898	0.020581	0.000283	0.091238
212	0.887197	0.020328	0.000282	0.092193
213	0.886431	0.020144	0.000299	0.093126
214	0.885710	0.020008	0.000296	0.093986
215	0.885068	0.019801	0.000287	0.094844
216	0.884253	0.019734	0.000266	0.095747
217	0.883396	0.019635	0.000271	0.096698
218	0.882429	0.019567	0.000278	0.097726
219	0.881571	0.019390	0.000279	0.098760
220	0.880880	0.019291	0.000292	0.099537
221	0.880404	0.019001	0.000298	0.100297
222	0.879473	0.018888	0.000281	0.101358
223	0.878555	0.018918	0.000270	0.102257
224	0.877654	0.018797	0.000285	0.103264
225	0.876549	0.018998	0.000273	0.104180
226	0.875752	0.018782	0.000276	0.105190
227	0.874863	0.018689	0.000281	0.106167
228	0.873943	0.018602	0.000280	0.107175
229	0.873421	0.018417	0.000262	0.107900
230	0.872615	0.018257	0.000263	0.108865
231	0.871666	0.018313	0.000252	0.109769
232	0.870786	0.018188	0.000238	0.110788
233	0.869894	0.018116	0.000243	0.111747
234	0.869197	0.017942	0.000228	0.112633
235	0.868208	0.017904	0.000215	0.113673
236	0.867365	0.017766	0.000230	0.114639
237	0.866478	0.017825	0.000232	0.115465
238	0.865568	0.017867	0.000228	0.116337
239	0.864690	0.017850	0.000226	0.117234
240	0.863850	0.017584	0.000223	0.118343
241	0.862935	0.017558	0.000217	0.119290
242	0.862122	0.017438	0.000223	0.120217
243	0.861393	0.017246	0.000224	0.121137
244	0.860609	0.017004	0.000232	0.122155
245	0.859534	0.017059	0.000248	0.123159
246	0.858688	0.016973	0.000244	0.124095
247	0.857705	0.016928	0.000246	0.125121
248	0.856918	0.016671	0.000239	0.126172
249	0.856139	0.016604	0.000236	0.127021
250	0.855212	0.016511	0.000213	0.128064
251	0.854347	0.016349	0.000200	0.129104
252	0.853617	0.016232	0.000217	0.129934
253	0.852772	0.016039	0.000200	0.130989
254	0.851929	0.015939	0.000197	0.131935
255	0.850902	0.015750	0.000192	0.133156
256	0.850258	0.015651	0.000213	0.133878
257	0.849228	0.015625	0.000228	0.134919
258	0.848196	0.015513	0.000228	0.136063
259	0.847146	0.015530	0.000231	0.137093
260	0.846513	0.015377	0.000222	0.137888
261	0.845193	0.015325	0.000218	0.139264
262	0.844186	0.015133	0.000214	0.140467
263	0.843148	0.015180	0.000208	0.141464
264	0.842374	0.014893	0.000198	0.142535
265	0.841287	0.014863	0.000197	0.143653
266	0.840224	0.014725	0.000181	0.144870
267	0.839057	0.014689	0.000190	0.146064
268	0.837913	0.014527	0.000193	0.147367
269	0.837206	0.014377	0.000197	0.148220
270	0.836215	0.014344	0.000190	0.149251
271	0.835169	0.014216	0.000189	0.150426
272	0.834300	0.014027	0.000185	0.151488
273	0.833376	0.013870	0.000193	0.152561
274	0.832262	0.013846	0.000197	0.153695
275	0.831154	0.013830	0.000212	0.154804
276	0.830259	0.013742	0.000205	0.155794
277	0.829296	0.013723	0.000212	0.156769
278	0.827924	0.013652	0.000215	0.158209
279	0.827067	0.013501	0.000212	0.159220
280	0.826193	0.013497	0.000212	0.160098
281	0.825068	0.013489	0.000217	0.161226
282	0.823897	0.013382	0.000224	0.162497
283	0.822697	0.013392	0.000223	0.163688
284	0.821507	0.013268	0.000207	0.165018
285	0.820665	0.013051	0.000207	0.166077
286	0.819524	0.013059	0.000207	0.167210
287	0.818652	0.012914	0.000198	0.168236
288	0.817285	0.012871	0.000194	0.169650
289	0.816201	0.012773	0.000192	0.170834
290	0.815271	0.012782	0.000198	0.171749
291	0.813999	0.012761	0.000188	0.173052
292	0.813130	0.012543	0.000203	0.174124
293	0.812282	0.012425	0.000201	0.175092
294	0.810994	0.012507	0.000198	0.176301
295	0.809646	0.012527	0.000193	0.177634
296	0.808603	0.012397	0.000196	0.178804
297	0.807511	0.012442	0.000192	0.179855
298	0.806255	0.012402	0.000193	0.181150
299	0.805270	0.012176	0.000204	0.182350
300	0.804062	0.012229	0.000201	0.183508
301	0.803015	0.012083	0.000213	0.184689
302	0.801728	0.012027	0.000195	0.186050
303	0.800521	0.012028	0.000198	0.187253
304	0.799635	0.011907	0.000202	0.188256
305	0.798587	0.011744	0.000200	0.189469
306	0.797509	0.011737	0.000212	0.190542
307	0.796387	0.011628	0.000196	0.191789
308	0.795173	0.011509	0.000197	0.193121
309	0.793994	0.011456	0.000199	0.194351
310	0.792812	0.011413	0.000205	0.195570
311	0.791973	0.011283	0.000196	0.196548
312	0.790733	0.011184	0.000195	0.197888
313	0.789571	0.011063	0.000191	0.199175
314	0.788149	0.011070	0.000187	0.200594
315	0.786815	0.011130	0.000187	0.201868
316	0.785487	0.011016	0.000192	0.203305
317	0.784136	0.010929	0.000202	0.204733
318	0.782930	0.010897	0.000193	0.205980
319	0.781800	0.010841	0.000189	0.207170
320	0.780479	0.010772	0.000176	0.208573
321	0.779458	0.010692	0.000191	0.209659
322	0.778340	0.010706	0.000191	0.210763
323	0.776992	0.010628	0.000179	0.212201
324	0.775671	0.010527	0.000189	0.213613
325	0.774464	0.010510	0.000186	0.214840
326	0.773218	0.010393	0.000194	0.216195
327	0.772071	0.010314	0.000208	0.217407
328	0.770693	0.010272	0.000202	0.218833
329	0.769534	0.010239	0.000196	0.220031
330	0.768290	0.010202	0.000199	0.221309
331	0.766995	0.010145	0.000196	0.222664
332	0.765786	0.010176	0.000185	0.223853
333	0.764460	0.010144	0.000196	0.225200
334	0.763226	0.010026	0.000179	0.226569
335	0.762040	0.010038	0.000186	0.227736
336	0.761079	0.009913	0.000178	0.228830
337	0.759813	0.009935	0.000184	0.230068
338	0.758530	0.009839	0.000201	0.231430
339	0.756967	0.009856	0.000175	0.233002
340	0.755679	0.009824	0.000184	0.234313
341	0.754485	0.009722	0.000186	0.235607
342	0.753390	0.009449	0.000183	0.236978
343	0.752274	0.009290	0.000187	0.238249
344	0.750971	0.009210	0.000190	0.239629
345	0.749732	0.009174	0.000181	0.240913
346	0.748580	0.009122	0.000166	0.242132
347	0.747330	0.009035	0.000160	0.243475
348	0.745910	0.009082	0.000158	0.244850
349	0.744677	0.008969	0.000158	0.246196
350	0.743687	0.008840	0.000160	0.247313
351	0.742289	0.008913	0.000160	0.248638
352	0.740902	0.008927	0.000165	0.250006
353	0.739459	0.008854	0.000164	0.251523
354	0.738384	0.008793	0.000162	0.252661
355	0.737112	0.008783	0.000152	0.253953
356	0.735981	0.008598	0.000155	0.255266
357	0.734763	0.008685	0.000155	0.256397
358	0.733802	0.008541	0.000154	0.257503
359	0.732643	0.008566	0.000151	0.258640
360	0.731216	0.008477	0.000156	0.260151
361	0.729822	0.008443	0.000140	0.261595
362	0.728367	0.008439	0.000140	0.263054
363	0.727465	0.008300	0.000142	0.264093
364	0.725935	0.008280	0.000135	0.265650
365	0.724686	0.008155	0.000141	0.267018
366	0.723376	0.008164	0.000136	0.268324
367	0.721866	0.008061	0.000143	0.269930
368	0.720528	0.007982	0.000144	0.271346
369	0.718995	0.008012	0.000135	0.272858
370	0.717845	0.007973	0.000130	0.274052
371	0.716635	0.007850	0.000128	0.275387
372	0.715254	0.007793	0.000125	0.276828
373	0.714245	0.007772	0.000123	0.277860
374	0.712728	0.007773	0.000125	0.279374
375	0.711548	0.007663	0.000121	0.280668
376	0.710145	0.007727	0.000122	0.282006
377	0.708565	0.007680	0.000121	0.283634
378	0.707301	0.007629	0.000115	0.284955
379	0.706195	0.007541	0.000113	0.286151
380	0.704909	0.007481	0.000106	0.287504
381	0.703620	0.007434	0.000122	0.288824
382	0.702254	0.007409	0.000121	0.290216
383	0.700825	0.007381	0.000113	0.291681
384	0.699319	0.007341	0.000108	0.293232
385	0.698106	0.007261	0.000107	0.294526
386	0.696759	0.007089	0.000106	0.296046
387	0.695321	0.007004	0.000099	0.297576
388	0.694110	0.006946	0.000101	0.298843
389	0.693005	0.006926	0.000097	0.299972
390	0.691656	0.006810	0.000095	0.301439
391	0.690481	0.006720	0.000096	0.302703
392	0.689221	0.006682	0.000089	0.304008
393	0.687888	0.006682	0.000093	0.305337
394	0.686487	0.006610	0.000093	0.306810
395	0.684878	0.006566	0.000095	0.308461
396	0.683757	0.006450	0.000102	0.309691
397	0.682331	0.006437	0.000101	0.311131
398	0.680736	0.006404	0.000109	0.312751
399	0.679398	0.006394	0.000109	0.314099
400	0.678254	0.006277	0.000109	0.315360
401	0.677041	0.006234	0.000107	0.316618
402	0.675423	0.006179	0.000098	0.318300
403	0.674148	0.006104	0.000102	0.319646
404	0.672663	0.006010	0.000090	0.321237
405	0.671184	0.006010	0.000090	0.322716
406	0.669788	0.005984	0.000086	0.324142
407	0.668602	0.005951	0.000090	0.325357
408	0.666907	0.005865	0.000094	0.327134
409	0.665501	0.005838	0.000100	0.328561
410	0.664253	0.005752	0.000107	0.329888
411	0.662824	0.005781	0.000111	0.331284
412	0.661387	0.005721	0.000109	0.332783
413	0.659869	0.005728	0.000118	0.334285
414	0.658510	0.005718	0.000116	0.335656
415	0.657214	0.005665	0.000130	0.336991
416	0.655949	0.005583	0.000134	0.338334
417	0.654616	0.005531	0.000122	0.339731
418	0.652937	0.005486	0.000121	0.341456
419	0.651563	0.005499	0.000117	0.342821
420	0.650154	0.005542	0.000119	0.344185
421	0.648939	0.005458	0.000122	0.345481
422	0.647578	0.005481	0.000123	0.346818
423	0.646064	0.005403	0.000113	0.348420
424	0.644445	0.005430	0.000110	0.350015
425	0.643080	0.005380	0.000115	0.351425
426	0.641666	0.005360	0.000113	0.352861
427	0.640171	0.005347	0.000108	0.354374
428	0.638712	0.005275	0.000111	0.355902
429	0.637381	0.005218	0.000118	0.357283
430	0.635958	0.005204	0.000116	0.358722
431	0.634706	0.005209	0.000107	0.359978
432	0.633310	0.005161	0.000109	0.361420
433	0.631899	0.005165	0.000114	0.362822
434	0.630417	0.005022	0.000106	0.364455
435	0.629209	0.005012	0.000106	0.365673
436	0.627809	0.004988	0.000104	0.367099
437	0.626314	0.004867	0.000107	0.368712
438	0.624651	0.004870	0.000108	0.370371
439	0.623318	0.004914	0.000106	0.371662
440	0.621829	0.004874	0.000109	0.373188
441	0.620552	0.004840	0.000113	0.374495
442	0.619080	0.004783	0.000109	0.376028
443	0.617457	0.004819	0.000110	0.377614
444	0.616007	0.004747	0.000111	0.379135
445	0.614468	0.004704	0.000117	0.380711
446	0.613184	0.004659	0.000123	0.382034
447	0.611510	0.004587	0.000114	0.383789
448	0.609960	0.004589	0.000113	0.385338
449	0.608523	0.004544	0.000120	0.386813
450	0.607269	0.004492	0.000128	0.388111
451	0.605696	0.004448	0.000136	0.389720
452	0.604190	0.004436	0.000140	0.391234
453	0.602753	0.004325	0.000147	0.392775
454	0.601500	0.004317	0.000145	0.394038
455	0.599867	0.004263	0.000145	0.395725
456	0.598175	0.004313	0.000156	0.397356
457	0.596818	0.004245	0.000146	0.398791
458	0.595511	0.004174	0.000146	0.400169
459	0.593946	0.004165	0.000149	0.401740
460	0.592634	0.004096	0.000155	0.403115
461	0.591163	0.004033	0.000163	0.404641
462	0.589466	0.003993	0.000152	0.406389
463	0.587970	0.003915	0.000150	0.407965
464	0.586403	0.003984	0.000153	0.409460
465	0.584760	0.003982	0.000157	0.411101
466	0.583240	0.003940	0.000162	0.412658
467	0.581708	0.003934	0.000160	0.414198
468	0.580349	0.003882	0.000163	0.415606
469	0.578903	0.003810	0.000154	0.417133
470	0.577398	0.003771	0.000156	0.418675
471	0.575757	0.003782	0.000156	0.420305
472	0.574391	0.003682	0.000159	0.421768
473	0.572666	0.003705	0.000164	0.423465
474	0.571389	0.003683	0.000162	0.424766
475	0.569768	0.003663	0.000166	0.426403
476	0.568350	0.003620	0.000178	0.427852
477	0.566927	0.003585	0.000163	0.429325
478	0.565635	0.003580	0.000173	0.430612
479	0.564250	0.003466	0.000175	0.432109
480	0.562784	0.003463	0.000168	0.433585
481	0.561206	0.003482	0.000159	0.435153
482	0.559739	0.003405	0.000152	0.436704
483	0.558224	0.003374	0.000155	0.438247
484	0.556656	0.003341	0.000148	0.439855
485	0.555136	0.003317	0.000141	0.441406
486	0.553834	0.003237	0.000144	0.442785
487	0.552118	0.003242	0.000142	0.444498
488	0.550744	0.003227	0.000147	0.445882
489	0.549388	0.003173	0.000152	0.447287
490	0.547832	0.003177	0.000137	0.448854
491	0.546137	0.003130	0.000141	0.450592
492	0.544739	0.003099	0.000145	0.452017
493	0.543225	0.003113	0.000150	0.453512
494	0.541710	0.003176	0.000152	0.454962
495	0.540171	0.003209	0.000156	0.456464
496	0.538804	0.003124	0.000159	0.457913
497	0.537283	0.003131	0.000152	0.459434
498	0.535855	0.003072	0.000157	0.460916
499	0.534373	0.003072	0.000150	0.462405
500	0.532827	0.003051	0.000159	0.463963
501	0.531544	0.003039	0.000159	0.465258
502	0.530418	0.002923	0.000161	0.466498
503	0.528888	0.002923	0.000151	0.468038
504	0.527483	0.002929	0.000150	0.469438
505	0.525917	0.002904	0.000154	0.471025
506	0.524252	0.002858	0.000150	0.472740
507	0.522846	0.002862	0.000151	0.474141
508	0.521459	0.002877	0.000142	0.475522
509	0.519868	0.002892	0.000146	0.477094
510	0.518192	0.002880	0.000142	0.478786
511	0.516883	0.002837	0.000153	0.480127
512	0.515260	0.002868	0.000159	0.481713
513	0.513824	0.002827	0.000160	0.483189
514	0.512168	0.002769	0.000157	0.484906
515	0.510992	0.002688	0.000153	0.486167
516	0.509431	0.002696	0.000159	0.487714
517	0.507909	0.002676	0.000155	0.489260
518	0.506412	0.002698	0.000163	0.490727
519	0.504886	0.002699	0.000157	0.492258
520	0.503527	0.002659	0.000162	0.493652
521	0.502026	0.002640	0.000155	0.495179
522	0.500609	0.002558	0.000153	0.496680
523	0.499418	0.002475	0.000144	0.497963
524	0.497853	0.002468	0.000145	0.499534
525	0.496406	0.002431	0.000149	0.501014
526	0.494725	0.002465	0.000163	0.502647
527	0.493356	0.002402	0.000164	0.504078
528	0.492029	0.002416	0.000158	0.505397
529	0.490662	0.002385	0.000160	0.506793
530	0.489037	0.002365	0.000152	0.508446
531	0.487602	0.002371	0.000159	0.509868
532	0.486015	0.002363	0.000157	0.511465
533	0.484756	0.002281	0.000147	0.512816
534	0.483365	0.002240	0.000143	0.514252
535	0.482272	0.002175	0.000160	0.515393
536	0.480716	0.002156	0.000154	0.516974
537	0.479206	0.002193	0.000156	0.518445
538	0.477501	0.002194	0.000148	0.520157
539	0.476044	0.002191	0.000150	0.521615
540	0.474588	0.002166	0.000148	0.523098
541	0.473298	0.002122	0.000147	0.524433
542	0.471711	0.002130	0.000152	0.526007
543	0.470135	0.002096	0.000151	0.527618
544	0.468890	0.002069	0.000159	0.528882
545	0.467798	0.002025	0.000159	0.530018
546	0.466420	0.001967	0.000157	0.531456
547	0.465023	0.001967	0.000155	0.532855
548	0.463499	0.001904	0.000156	0.534441
549	0.462054	0.001915	0.000155	0.535876
550	0.460700	0.001883	0.000154	0.537263
551	0.459382	0.001859	0.000155	0.538604
552	0.457897	0.001908	0.000158	0.540037
553	0.456420	0.001880	0.000156	0.541544
554	0.455042	0.001840	0.000148	0.542970
555	0.453490	0.001880	0.000145	0.544485
556	0.452001	0.001882	0.000145	0.545972
557	0.450473	0.001890	0.000149	0.547488
558	0.449023	0.001815	0.000152	0.549010
559	0.447716	0.001795	0.000159	0.550330
560	0.446229	0.001789	0.000158	0.551824
561	0.444906	0.001789	0.000156	0.553149
562	0.443381	0.001775	0.000150	0.554694
563	0.441937	0.001774	0.000168	0.556121
564	0.440498	0.001787	0.000180	0.557535
565	0.439297	0.001761	0.000179	0.558763
566	0.437851	0.001735	0.000188	0.560226
567	0.436559	0.001724	0.000188	0.561529
568	0.435174	0.001715	0.000183	0.562928
569	0.433694	0.001676	0.000185	0.564445
570	0.432356	0.001698	0.000186	0.565760
571	0.431003	0.001671	0.000195	0.567131
572	0.429657	0.001649	0.000207	0.568487
573	0.428235	0.001673	0.000209	0.569883
574	0.426672	0.001609	0.000202	0.571517
575	0.425304	0.001630	0.000206	0.572860
576	0.424223	0.001609	0.000214	0.573954
577	0.423021	0.001598	0.000206	0.575175
578	0.421945	0.001589	0.000203	0.576263
579	0.420516	0.001564	0.000198	0.577722
580	0.419111	0.001546	0.000198	0.579145
581	0.417759	0.001548	0.000206	0.580487
582	0.416127	0.001528	0.000198	0.582147
583	0.414832	0.001497	0.000195	0.583476
584	0.413542	0.001490	0.000199	0.584769
585	0.412168	0.001452	0.000201	0.586179
586	0.410705	0.001450	0.000195	0.587650
587	0.409361	0.001420	0.000198	0.589021
588	0.407961	0.001445	0.000198	0.590396
589	0.406793	0.001379	0.000199	0.591629
590	0.405436	0.001391	0.000201	0.592972
591	0.404022	0.001360	0.000195	0.594423
592	0.402733	0.001307	0.000194	0.595766
593	0.401296	0.001330	0.000190	0.597184
594	0.399807	0.001302	0.000196	0.598695
595	0.398253	0.001340	0.000199	0.600208
596	0.396987	0.001334	0.000209	0.601470
597	0.395745	0.001340	0.000203	0.602712
598	0.394326	0.001334	0.000205	0.604135
599	0.392934	0.001307	0.000188	0.605571
600	0.391631	0.001267	0.000200	0.606902
601	0.390243	0.001267	0.000204	0.608286
602	0.388923	0.001263	0.000213	0.609601
603	0.387568	0.001236	0.000204	0.610992
604	0.386135	0.001261	0.000210	0.612394
605	0.384736	0.001217	0.000207	0.613840
606	0.383371	0.001194	0.000200	0.615235
607	0.382135	0.001191	0.000208	0.616466
608	0.380630	0.001181	0.000212	0.617977
609	0.379245	0.001197	0.000218	0.619340
610	0.378002	0.001158	0.000224	0.620616
611	0.376492	0.001147	0.000227	0.622134
612	0.375075	0.001146	0.000235	0.623544
613	0.373668	0.001162	0.000227	0.624943
614	0.372435	0.001160	0.000227	0.626178
615	0.371221	0.001168	0.000226	0.627385
616	0.369979	0.001172	0.000236	0.628613
617	0.368585	0.001171	0.000244	0.630000
618	0.367308	0.001150	0.000244	0.631298
619	0.365876	0.001144	0.000259	0.632721
620	0.364503	0.001178	0.000253	0.634066
621	0.363065	0.001180	0.000263	0.635492
622	0.361994	0.001152	0.000272	0.636582
623	0.360466	0.001160	0.000284	0.638090
624	0.359010	0.001161	0.000279	0.639550
625	0.357600	0.001147	0.000278	0.640975
626	0.356205	0.001175	0.000279	0.642341
627	0.354761	0.001165	0.000279	0.643795
628	0.353619	0.001149	0.000276	0.644956
629	0.352316	0.001153	0.000280	0.646251
630	0.350924	0.001134	0.000288	0.647654
631	0.349963	0.001104	0.000278	0.648655
632	0.348698	0.001110	0.000275	0.649917
633	0.347530	0.001097	0.000274	0.651099
634	0.346003	0.001099	0.000277	0.652621
635	0.344661	0.001080	0.000275	0.653984
636	0.343458	0.001087	0.000274	0.655181
637	0.342314	0.001084	0.000273	0.656329
638	0.341102	0.001040	0.000267	0.657591
639	0.339798	0.001011	0.000268	0.658923
640	0.338422	0.001018	0.000262	0.660298
641	0.337181	0.001034	0.000260	0.661525
642	0.335923	0.001029	0.000269	0.662779
643	0.334632	0.001021	0.000268	0.664079
644	0.333393	0.001004	0.000266	0.665337
645	0.332330	0.001023	0.000273	0.666374
646	0.331041	0.001015	0.000283	0.667661
647	0.329927	0.000958	0.000282	0.668833
648	0.328697	0.000959	0.000274	0.670070
649	0.327492	0.000950	0.000277	0.671281
650	0.326265	0.000950	0.000263	0.672522
651	0.325028	0.000932	0.000266	0.673774
652	0.323685	0.000920	0.000265	0.675130
653	0.322490	0.000950	0.000266	0.676294
654	0.321267	0.000914	0.000270	0.677549
655	0.320174	0.000885	0.000265	0.678676
656	0.319038	0.000901	0.000254	0.679807
657	0.317807	0.000904	0.000256	0.681033
658	0.316584	0.000897	0.000258	0.682261
659	0.315273	0.000921	0.000261	0.683545
660	0.313872	0.000901	0.000260	0.684967
661	0.312819	0.000894	0.000259	0.686028
662	0.311557	0.000867	0.000262	0.687314
663	0.310596	0.000845	0.000266	0.688293
664	0.309278	0.000864	0.000255	0.689603
665	0.308187	0.000840	0.000259	0.690714
666	0.306865	0.000857	0.000259	0.692019
667	0.305774	0.000841	0.000249	0.693136
668	0.304442	0.000841	0.000253	0.694464
669	0.303494	0.000844	0.000265	0.695397
670	0.302282	0.000804	0.000268	0.696646
671	0.300959	0.000808	0.000263	0.697970
672	0.299959	0.000813	0.000269	0.698959
673	0.298868	0.000793	0.000268	0.700071
674	0.297682	0.000795	0.000263	0.701260
675	0.296369	0.000778	0.000254	0.702599
676	0.295265	0.000754	0.000261	0.703720
677	0.294004	0.000750	0.000269	0.704977
678	0.292907	0.000719	0.000259	0.706115
679	0.291636	0.000725	0.000262	0.707377
680	0.290504	0.000721	0.000248	0.708527
681	0.289411	0.000684	0.000245	0.709660
682	0.288181	0.000685	0.000238	0.710896
683	0.287061	0.000662	0.000237	0.712040
684	0.285960	0.000650	0.000238	0.713152
685	0.284825	0.000664	0.000232	0.714279
686	0.283635	0.000666	0.000234	0.715465
687	0.282600	0.000644	0.000222	0.716534
688	0.281400	0.000639	0.000214	0.717747
689	0.280425	0.000623	0.000216	0.718736
690	0.279069	0.000634	0.000227	0.720070
691	0.278063	0.000627	0.000224	0.721086
692	0.276825	0.000625	0.000227	0.722323
693	0.275808	0.000617	0.000214	0.723361
694	0.274549	0.000626	0.000223	0.724602
695	0.273657	0.000624	0.000216	0.725503
696	0.272443	0.000604	0.000220	0.726733
697	0.271322	0.000606	0.000216	0.727856
698	0.270354	0.000608	0.000210	0.728828
699	0.269330	0.000603	0.000204	0.729863
700	0.268323	0.000613	0.000201	0.730863
701	0.267213	0.000608	0.000198	0.731981
702	0.265919	0.000598	0.000200	0.733283
703	0.264757	0.000577	0.000211	0.734455
704	0.263774	0.000603	0.000212	0.735411
705	0.262700	0.000597	0.000206	0.736497
706	0.261646	0.000573	0.000200	0.737581
707	0.260445	0.000569	0.000203	0.738783
708	0.259581	0.000543	0.000207	0.739669
709	0.258438	0.000530	0.000210	0.740822
710	0.257289	0.000512	0.000209	0.741990
711	0.256039	0.000544	0.000218	0.743199
712	0.255017	0.000549	0.000209	0.744225
713	0.254056	0.000545	0.000213	0.745186
714	0.252968	0.000546	0.000223	0.746263
715	0.251935	0.000523	0.000214	0.747328
716	0.250881	0.000518	0.000220	0.748381
717	0.249704	0.000495	0.000218	0.749583
718	0.248686	0.000498	0.000232	0.750584
719	0.247562	0.000487	0.000227	0.751724
720	0.246614	0.000482	0.000226	0.752678
721	0.245524	0.000497	0.000226	0.753753
722	0.244467	0.000484	0.000226	0.754823
723	0.243395	0.000512	0.000221	0.755872
724	0.242494	0.000490	0.000213	0.756803
725	0.241361	0.000481	0.000218	0.757940
726	0.240418	0.000469	0.000217	0.758896
727	0.239380	0.000469	0.000219	0.759932
728	0.238306	0.000447	0.000225	0.761022
729	0.237130	0.000438	0.000249	0.762183
730	0.236133	0.000425	0.000245	0.763197
731	0.235199	0.000419	0.000245	0.764137
732	0.234077	0.000401	0.000245	0.765277
733	0.233135	0.000430	0.000238	0.766197
734	0.232209	0.000405	0.000235	0.767151
735	0.231104	0.000428	0.000231	0.768237
736	0.230118	0.000405	0.000256	0.769221
737	0.229158	0.000425	0.000252	0.770165
738	0.228248	0.000418	0.000256	0.771078
739	0.227076	0.000402	0.000272	0.772250
740	0.226075	0.000405	0.000272	0.773248
741	0.225051	0.000385	0.000276	0.774288
742	0.223960	0.000412	0.000269	0.775359
743	0.222997	0.000394	0.000272	0.776337
744	0.222062	0.000401	0.000280	0.777257
745	0.221058	0.000414	0.000291	0.778237
746	0.220111	0.000408	0.000293	0.779188
747	0.218937	0.000440	0.000306	0.780317
748	0.218122	0.000427	0.000313	0.781138
749	0.217208	0.000421	0.000312	0.782059
750	0.216288	0.000398	0.000312	0.783002
751	0.215380	0.000400	0.000309	0.783911
752	0.214438	0.000403	0.000317	0.784842
753	0.213407	0.000415	0.000318	0.785860
754	0.212530	0.000389	0.000322	0.786759
755	0.211616	0.000391	0.000319	0.787674
756	0.210567	0.000395	0.000309	0.788729
757	0.209777	0.000378	0.000314	0.789531
758	0.208800	0.000379	0.000321	0.790500
759	0.207905	0.000375	0.000316	0.791404
760	0.207007	0.000371	0.000315	0.792307
761	0.206044	0.000370	0.000335	0.793251
762	0.205072	0.000378	0.000334	0.794216
763	0.204141	0.000387	0.000326	0.795146
764	0.203167	0.000385	0.000347	0.796101
765	0.202377	0.000348	0.000341	0.796934
766	0.201485	0.000343	0.000344	0.797828
767	0.200407	0.000357	0.000347	0.798889
768	0.199429	0.000384	0.000346	0.799841
769	0.198646	0.000376	0.000336	0.800642
770	0.197777	0.000367	0.000343	0.801513
771	0.196731	0.000359	0.000349	0.802561
772	0.195794	0.000341	0.000343	0.803522
773	0.194850	0.000373	0.000341	0.804436
774	0.194059	0.000365	0.000349	0.805227
775	0.193127	0.000382	0.000348	0.806143
776	0.192196	0.000363	0.000342	0.807099
777	0.191363	0.000377	0.000335	0.807925
778	0.190342	0.000359	0.000345	0.808954
779	0.189417	0.000349	0.000340	0.809894
780	0.188547	0.000349	0.000344	0.810760
781	0.187668	0.000367	0.000332	0.811633
782	0.186859	0.000365	0.000329	0.812447
783	0.186094	0.000352	0.000340	0.813214
784	0.185220	0.000356	0.000336	0.814088
785	0.184266	0.000335	0.000333	0.815066
786	0.183380	0.000335	0.000330	0.815955
787	0.182313	0.000341	0.000319	0.817027
788	0.181487	0.000320	0.000335	0.817858
789	0.180709	0.000303	0.000333	0.818655
790	0.179799	0.000310	0.000327	0.819564
791	0.178896	0.000314	0.000338	0.820452
792	0.178015	0.000304	0.000325	0.821356
793	0.177044	0.000320	0.000325	0.822311
794	0.176218	0.000325	0.000323	0.823134
795	0.175440	0.000317	0.000319	0.823924
796	0.174725	0.000326	0.000322	0.824627
797	0.173889	0.000339	0.000317	0.825455
798	0.173009	0.000320	0.000331	0.826340
799	0.172192	0.000307	0.000345	0.827156
800	0.171171	0.000297	0.000331	0.828201
801	0.170452	0.000287	0.000332	0.828929
802	0.169561	0.000305	0.000333	0.829801
803	0.168803	0.000321	0.000324	0.830552
804	0.167883	0.000303	0.000326	0.831488
805	0.167065	0.000289	0.000342	0.832304
806	0.166408	0.000291	0.000349	0.832952
807	0.165534	0.000283	0.000344	0.833839
808	0.164778	0.000315	0.000364	0.834543
809	0.163930	0.000295	0.000363	0.835412
810	0.163272	0.000302	0.000372	0.836054
811	0.162401	0.000295	0.000380	0.836924
812	0.161489	0.000290	0.000376	0.837845
813	0.160675	0.000291	0.000379	0.838655
814	0.159884	0.000273	0.000379	0.839464
815	0.158969	0.000268	0.000362	0.840401
816	0.158305	0.000277	0.000362	0.841056
817	0.157488	0.000267	0.000361	0.841884
818	0.156644	0.000271	0.000361	0.842724
819	0.155975	0.000265	0.000368	0.843392
820	0.155169	0.000254	0.000366	0.844211
821	0.154377	0.000244	0.000370	0.845009
822	0.153656	0.000252	0.000365	0.845727
823	0.152894	0.000238	0.000370	0.846498
824	0.152173	0.000241	0.000370	0.847216
825	0.151384	0.000233	0.000376	0.848007
826	0.150672	0.000261	0.000375	0.848692
827	0.149799	0.000247	0.000363	0.849591
828	0.149108	0.000242	0.000368	0.850282
829	0.148369	0.000243	0.000370	0.851018
830	0.147551	0.000240	0.000368	0.851841
831	0.146764	0.000234	0.000358	0.852644
832	0.146093	0.000217	0.000365	0.853325
833	0.145368	0.000223	0.000369	0.854040
834	0.144590	0.000221	0.000357	0.854832
835	0.143982	0.000219	0.000372	0.855427
836	0.143239	0.000226	0.000367	0.856168
837	0.142403	0.000241	0.000368	0.856988
838	0.141699	0.000230	0.000381	0.857690
839	0.140947	0.000228	0.000372	0.858453
840	0.140272	0.000219	0.000366	0.859143
841	0.139525	0.000209	0.000370	0.859896
842	0.138770	0.000217	0.000353	0.860660
843	0.138117	0.000217	0.000363	0.861303
844	0.137317	0.000208	0.000355	0.862120
845	0.136512	0.000196	0.000356	0.862936
846	0.135746	0.000198	0.000369	0.863687
847	0.134957	0.000185	0.000367	0.864491
848	0.134329	0.000190	0.000375	0.865106
849	0.133479	0.000163	0.000376	0.865982
850	0.132747	0.000175	0.000373	0.866705
851	0.132057	0.000180	0.000373	0.867390
852	0.131328	0.000176	0.000388	0.868108
853	0.130646	0.000166	0.000382	0.868806
854	0.129752	0.000156	0.000383	0.869709
855	0.129091	0.000149	0.000402	0.870358
856	0.128368	0.000161	0.000404	0.871067
857	0.127731	0.000162	0.000408	0.871699
858	0.127068	0.000148	0.000399	0.872385
859	0.126392	0.000151	0.000388	0.873069
860	0.125772	0.000141	0.000388	0.873699
861	0.125140	0.000124	0.000402	0.874334
862	0.124317	0.000126	0.000399	0.875158
863	0.123647	0.000131	0.000398	0.875824
864	0.122973	0.000129	0.000399	0.876499
865	0.122288	0.000126	0.000416	0.877170
866	0.121628	0.000126	0.000423	0.877823
867	0.121047	0.000128	0.000409	0.878416
868	0.120301	0.000129	0.000401	0.879169
869	0.119737	0.000129	0.000404	0.879730
870	0.118990	0.000120	0.000410	0.880480
871	0.118364	0.000115	0.000426	0.881095
872	0.117874	0.000124	0.000437	0.881565
873	0.117163	0.000134	0.000430	0.882273
874	0.116574	0.000123	0.000438	0.882865
875	0.115767	0.000123	0.000438	0.883672
876	0.115125	0.000117	0.000440	0.884318
877	0.114530	0.000120	0.000443	0.884907
878	0.113911	0.000110	0.000448	0.885531
879	0.113337	0.000104	0.000451	0.886108
880	0.112771	0.000089	0.000473	0.886667
881	0.112083	0.000097	0.000457	0.887363
882	0.111536	0.000093	0.000467	0.887904
883	0.110820	0.000100	0.000485	0.888595
884	0.110237	0.000096	0.000476	0.889191
885	0.109765	0.000104	0.000480	0.889651
886	0.109326	0.000101	0.000467	0.890106
887	0.108663	0.000101	0.000464	0.890772
888	0.108090	0.000101	0.000471	0.891338
889	0.107536	0.000099	0.000493	0.891872
890	0.107069	0.000098	0.000484	0.892349
891	0.106476	0.000097	0.000486	0.892941
892	0.105986	0.000099	0.000469	0.893446
893	0.105383	0.000090	0.000464	0.894063
894	0.104826	0.000093	0.000476	0.894605
895	0.104197	0.000103	0.000481	0.895219
896	0.103597	0.000104	0.000471	0.895828
897	0.103126	0.000115	0.000475	0.896284
898	0.102570	0.000103	0.000484	0.896843
899	0.101953	0.000106	0.000490	0.897451
900	0.101336	0.000106	0.000495	0.898063
901	0.100847	0.000104	0.000493	0.898556
902	0.100276	0.000108	0.000484	0.899132
903	0.099736	0.000113	0.000493	0.899658
904	0.099139	0.000113	0.000491	0.900257
905	0.098533	0.000096	0.000488	0.900883
906	0.097821	0.000098	0.000506	0.901575
907	0.097220	0.000088	0.000487	0.902205
908	0.096696	0.000091	0.000480	0.902733
909	0.096170	0.000088	0.000475	0.903267
910	0.095701	0.000096	0.000488	0.903715
911	0.095131	0.000088	0.000483	0.904298
912	0.094628	0.000091	0.000480	0.904801
913	0.093971	0.000094	0.000472	0.905463
914	0.093434	0.000091	0.000478	0.905997
915	0.092977	0.000083	0.000495	0.906445
916	0.092462	0.000089	0.000485	0.906964
917	0.091954	0.000089	0.000481	0.907476
918	0.091399	0.000085	0.000479	0.908037
919	0.090814	0.000089	0.000490	0.908607
920	0.090161	0.000081	0.000500	0.909258
921	0.089578	0.000083	0.000511	0.909828
922	0.089150	0.000073	0.000493	0.910284
923	0.088640	0.000080	0.000496	0.910784
924	0.088060	0.000078	0.000494	0.911368
925	0.087469	0.000078	0.000504	0.911949
926	0.087105	0.000079	0.000496	0.912320
927	0.086550	0.000070	0.000497	0.912883
928	0.086087	0.000063	0.000493	0.913357
929	0.085647	0.000065	0.000504	0.913784
930	0.085222	0.000065	0.000498	0.914215
931	0.084831	0.000059	0.000494	0.914616
932	0.084446	0.000053	0.000493	0.915008
933	0.083973	0.000052	0.000505	0.915470
934	0.083385	0.000052	0.000507	0.916056
935	0.082924	0.000049	0.000492	0.916535
936	0.082435	0.000050	0.000503	0.917012
937	0.081944	0.000055	0.000522	0.917479
938	0.081393	0.000054	0.000513	0.918040
939	0.080976	0.000055	0.000515	0.918454
940	0.080480	0.000056	0.000527	0.918937
941	0.079897	0.000055	0.000522	0.919526
942	0.079469	0.000052	0.000525	0.919954
943	0.079016	0.000048	0.000513	0.920423
944	0.078555	0.000047	0.000529	0.920869
945	0.078205	0.000040	0.000525	0.921230
946	0.077656	0.000037	0.000510	0.921797
947	0.077186	0.000032	0.000525	0.922257
948	0.076626	0.000036	0.000529	0.922809
949	0.076216	0.000040	0.000524	0.923220
950	0.075727	0.000037	0.000531	0.923705
951	0.075333	0.000038	0.000532	0.924097
952	0.074858	0.000041	0.000529	0.924572
953	0.074408	0.000045	0.000544	0.925003
954	0.074083	0.000046	0.000564	0.925307
955	0.073583	0.000044	0.000567	0.925806
956	0.073184	0.000042	0.000547	0.926227
957	0.072719	0.000040	0.000538	0.926703
958	0.072325	0.000035	0.000525	0.927115
959	0.071896	0.000035	0.000535	0.927534
960	0.071480	0.000034	0.000523	0.927963
961	0.071058	0.000034	0.000530	0.928378
962	0.070744	0.000040	0.000525	0.928691
963	0.070274	0.000042	0.000515	0.929169
964	0.069889	0.000037	0.000507	0.929567
965	0.069641	0.000033	0.000511	0.929815
966	0.069218	0.000031	0.000509	0.930242
967	0.068759	0.000029	0.000521	0.930691
968	0.068350	0.000030	0.000522	0.931098
969	0.067924	0.000032	0.000525	0.931519
970	0.067549	0.000026	0.000508	0.931917
971	0.067095	0.000025	0.000510	0.932370
972	0.066729	0.000028	0.000510	0.932733
973	0.066366	0.000028	0.000513	0.933093
974	0.065848	0.000027	0.000510	0.933615
975	0.065469	0.000019	0.000502	0.934010
976	0.065104	0.000022	0.000502	0.934372
977	0.064732	0.000025	0.000489	0.934754
978	0.064310	0.000026	0.000500	0.935164
979	0.063857	0.000021	0.000501	0.935621
980	0.063530	0.000022	0.000499	0.935949
981	0.063272	0.000018	0.000499	0.936211
982	0.062772	0.000020	0.000504	0.936704
983	0.062415	0.000023	0.000502	0.937060
984	0.062053	0.000019	0.000513	0.937415
985	0.061566	0.000020	0.000505	0.937909
986	0.061338	0.000018	0.000511	0.938133
987	0.061088	0.000016	0.000517	0.938379
988	0.060804	0.000015	0.000520	0.938661
989	0.060487	0.000013	0.000516	0.938984
990	0.060078	0.000013	0.000527	0.939382
991	0.059780	0.000013	0.000525	0.939682
992	0.059405	0.000018	0.000517	0.940060
993	0.059099	0.000014	0.000510	0.940377
994	0.058657	0.000013	0.000527	0.940803
995	0.058249	0.000014	0.000536	0.941201
996	0.057878	0.000014	0.000528	0.941580
997	0.057497	0.000015	0.000528	0.941960
998	0.057192	0.000014	0.000534	0.942260
999	0.056786	0.000014	0.000531	0.942669
1000	0.056403	0.000013	0.000541	0.943043
