0	0.299577	0.299457	0.099932	0.301034
1	0.299138	0.300029	0.099755	0.301078
2	0.298807	0.294651	0.101179	0.305363
3	0.297389	0.292961	0.101434	0.308216
4	0.295614	0.286026	0.103750	0.314610
5	0.294178	0.281931	0.104930	0.318961
6	0.292551	0.274648	0.106513	0.326288
7	0.289826	0.270262	0.107882	0.332030
8	0.288258	0.263335	0.109770	0.338637
9	0.284959	0.258294	0.111318	0.345429
10	0.282923	0.251563	0.113281	0.352233
11	0.280471	0.245659	0.115223	0.358647
12	0.277934	0.239701	0.116454	0.365911
13	0.275684	0.233416	0.118305	0.372595
14	0.272888	0.227890	0.119693	0.379529
15	0.270527	0.221502	0.121736	0.386235
16	0.268479	0.215499	0.122790	0.393232
17	0.266330	0.209239	0.124565	0.399866
18	0.263544	0.203928	0.126141	0.406387
19	0.261459	0.198185	0.127599	0.412757
20	0.258953	0.192508	0.129217	0.419322
21	0.257225	0.186924	0.130280	0.425571
22	0.254559	0.181483	0.131841	0.432117
23	0.252474	0.176406	0.132857	0.438263
24	0.249705	0.171605	0.134564	0.444126
25	0.247641	0.166236	0.135473	0.450650
26	0.245441	0.161758	0.136797	0.456004
27	0.243154	0.156569	0.138207	0.462070
28	0.240617	0.152936	0.139574	0.466873
29	0.239314	0.148044	0.140586	0.472056
30	0.236631	0.143843	0.141840	0.477686
31	0.234922	0.139703	0.142750	0.482625
32	0.231437	0.136046	0.144425	0.488092
33	0.230484	0.131288	0.145276	0.492952
34	0.227558	0.127818	0.146406	0.498218
35	0.226416	0.123730	0.147193	0.502661
36	0.223704	0.120014	0.148188	0.508094
37	0.222552	0.116092	0.148888	0.512468
38	0.220113	0.112824	0.150318	0.516745
39	0.217919	0.109088	0.151620	0.521373
40	0.216098	0.105788	0.152300	0.525814
41	0.214086	0.102837	0.153849	0.529228
42	0.211982	0.099472	0.154489	0.534057
43	0.210440	0.096720	0.155511	0.537329
44	0.208572	0.093410	0.156113	0.541905
45	0.206572	0.090654	0.157617	0.545157
46	0.204892	0.087675	0.158181	0.549252
47	0.203202	0.085027	0.159609	0.552162
48	0.201481	0.082173	0.160184	0.556162
49	0.200338	0.080036	0.160727	0.558899
50	0.198581	0.077438	0.161540	0.562441
51	0.196973	0.074900	0.162738	0.565389
52	0.195156	0.072719	0.163249	0.568876
53	0.193156	0.070231	0.164441	0.572172
54	0.192123	0.067744	0.164700	0.575433
55	0.189603	0.065795	0.166413	0.578189
56	0.188439	0.063802	0.167056	0.580703
57	0.186026	0.061839	0.167881	0.584254
58	0.185241	0.059997	0.168316	0.586446
59	0.183129	0.058067	0.169597	0.589207
60	0.181918	0.056084	0.170080	0.591918
61	0.179954	0.054547	0.171110	0.594389
62	0.179291	0.052609	0.171775	0.596325
63	0.177213	0.051328	0.172111	0.599348
64	0.176082	0.049601	0.173154	0.601163
65	0.174319	0.047962	0.173579	0.604140
66	0.173006	0.046460	0.174266	0.606268
67	0.171739	0.045110	0.174914	0.608237
68	0.170186	0.043523	0.175730	0.610561
69	0.169351	0.042258	0.176284	0.612107
70	0.167545	0.041003	0.176749	0.614703
71	0.166771	0.039816	0.177079	0.616334
72	0.165409	0.038680	0.177747	0.618164
73	0.164603	0.037308	0.178627	0.619462
74	0.163214	0.036319	0.179406	0.621061
75	0.162483	0.035106	0.179860	0.622551
76	0.160995	0.033983	0.180767	0.624255
77	0.160069	0.033081	0.180950	0.625900
78	0.158806	0.032163	0.181786	0.627245
79	0.157636	0.031246	0.182682	0.628436
80	0.156974	0.030186	0.183295	0.629545
81	0.155713	0.029125	0.183841	0.631321
82	0.154684	0.028369	0.184649	0.632298
83	0.153719	0.027323	0.185182	0.633776
84	0.151991	0.026780	0.185808	0.635421
85	0.151553	0.025809	0.186590	0.636048
86	0.150085	0.025248	0.187182	0.637485
87	0.150048	0.024276	0.187711	0.637965
88	0.148620	0.023799	0.188469	0.639112
89	0.147940	0.022777	0.189476	0.639807
90	0.146918	0.022387	0.190192	0.640503
91	0.146096	0.021834	0.191009	0.641061
92	0.145300	0.021096	0.191691	0.641913
93	0.144310	0.020660	0.192453	0.642577
94	0.143391	0.019973	0.192497	0.644139
95	0.142434	0.019609	0.193920	0.644037
96	0.141335	0.018733	0.193827	0.646105
97	0.140688	0.018249	0.195156	0.645907
98	0.140006	0.017666	0.195429	0.646899
99	0.139019	0.017274	0.196297	0.647410
100	0.138896	0.016789	0.196620	0.647695
101	0.137535	0.016195	0.197633	0.648637
102	0.136763	0.015833	0.197802	0.649602
103	0.136100	0.015348	0.198593	0.649959
104	0.135471	0.014837	0.198797	0.650895
105	0.134810	0.014465	0.199622	0.651103
106	0.134197	0.014178	0.199803	0.651822
107	0.133559	0.013659	0.200413	0.652369
108	0.132533	0.013562	0.200583	0.653322
109	0.132079	0.012968	0.201311	0.653642
110	0.131360	0.012735	0.202004	0.653901
111	0.130569	0.012383	0.202195	0.654853
112	0.130139	0.012037	0.202400	0.655424
113	0.129239	0.011761	0.203290	0.655710
114	0.128844	0.011462	0.203554	0.656140
115	0.128061	0.011240	0.204771	0.655928
116	0.127973	0.010844	0.205002	0.656181
117	0.127162	0.010506	0.206044	0.656288
118	0.126489	0.010292	0.206013	0.657206
119	0.126026	0.009934	0.207350	0.656690
120	0.125736	0.009764	0.207449	0.657051
121	0.124845	0.009460	0.208289	0.657406
122	0.124428	0.009263	0.208795	0.657514
123	0.123409	0.009034	0.209345	0.658212
124	0.123224	0.008843	0.210009	0.657924
125	0.122501	0.008564	0.210579	0.658356
126	0.121851	0.008524	0.211529	0.658096
127	0.121679	0.008221	0.211703	0.658397
128	0.121031	0.008044	0.212750	0.658175
129	0.120701	0.007892	0.212905	0.658502
130	0.119925	0.007712	0.213273	0.659090
131	0.119770	0.007563	0.213955	0.658712
132	0.118849	0.007346	0.214835	0.658970
133	0.118708	0.007186	0.215151	0.658955
134	0.118050	0.006974	0.215575	0.659401
135	0.117752	0.006870	0.215787	0.659591
136	0.117279	0.006592	0.216855	0.659274
137	0.116788	0.006571	0.217539	0.659102
138	0.116380	0.006214	0.218099	0.659307
139	0.116095	0.006199	0.218211	0.659495
140	0.115662	0.005950	0.218565	0.659823
141	0.115136	0.005830	0.219453	0.659581
142	0.114558	0.005758	0.220492	0.659192
143	0.114542	0.005559	0.219988	0.659911
144	0.114082	0.005505	0.221740	0.658673
145	0.113688	0.005328	0.221000	0.659984
146	0.113524	0.005241	0.221859	0.659376
147	0.113228	0.005045	0.222149	0.659578
148	0.113287	0.004941	0.222906	0.658866
149	0.112777	0.004833	0.222941	0.659449
150	0.112850	0.004718	0.223291	0.659141
151	0.112245	0.004651	0.224335	0.658769
152	0.112220	0.004500	0.224844	0.658436
153	0.111840	0.004466	0.225422	0.658272
154	0.111708	0.004235	0.225788	0.658269
155	0.111229	0.004242	0.226439	0.658090
156	0.111088	0.004161	0.226675	0.658076
157	0.110418	0.004066	0.227287	0.658229
158	0.110618	0.003974	0.227919	0.657489
159	0.110247	0.003824	0.228400	0.657529
160	0.109721	0.003818	0.229333	0.657128
161	0.109756	0.003692	0.229199	0.657353
162	0.109229	0.003695	0.229909	0.657167
163	0.109226	0.003546	0.230163	0.657065
164	0.109035	0.003550	0.230819	0.656596
165	0.108863	0.003385	0.231559	0.656193
166	0.108358	0.003402	0.232222	0.656018
167	0.108399	0.003242	0.232656	0.655703
168	0.108071	0.003220	0.233596	0.655113
169	0.108098	0.003136	0.233832	0.654934
170	0.107446	0.003086	0.234613	0.654855
171	0.107944	0.002926	0.234685	0.654445
172	0.107506	0.002963	0.235334	0.654197
173	0.107637	0.002853	0.235553	0.653957
174	0.107185	0.002814	0.236117	0.653884
175	0.107240	0.002763	0.237392	0.652605
176	0.106607	0.002711	0.237598	0.653084
177	0.106775	0.002583	0.238464	0.652178
178	0.106172	0.002625	0.239452	0.651751
179	0.106157	0.002567	0.239736	0.651540
180	0.105846	0.002506	0.240553	0.651095
181	0.105856	0.002456	0.241558	0.650130
182	0.105533	0.002394	0.241433	0.650640
183	0.105453	0.002409	0.242849	0.649289
184	0.105277	0.002321	0.242911	0.649491
185	0.105053	0.002298	0.243963	0.648686
186	0.104975	0.002235	0.243927	0.648863
187	0.104814	0.002196	0.245350	0.647640
188	0.104456	0.002181	0.245413	0.647950
189	0.104324	0.002138	0.246278	0.647260
190	0.104184	0.002093	0.246840	0.646883
191	0.104017	0.002022	0.247440	0.646521
192	0.103941	0.002000	0.247857	0.646202
193	0.103776	0.001942	0.248019	0.646263
194	0.104089	0.001911	0.248714	0.645286
195	0.104043	0.001837	0.249415	0.644705
196	0.103770	0.001819	0.250201	0.644210
197	0.103978	0.001781	0.250567	0.643674
198	0.103501	0.001723	0.251491	0.643285
199	0.103547	0.001675	0.251925	0.642853
200	0.103413	0.001677	0.252732	0.642178
201	0.103642	0.001645	0.252801	0.641912
202	0.103195	0.001666	0.253746	0.641393
203	0.103392	0.001579	0.254177	0.640852
204	0.103217	0.001562	0.254236	0.640985
205	0.103226	0.001506	0.255422	0.639846
206	0.102882	0.001482	0.255426	0.640210
207	0.103081	0.001471	0.256178	0.639270
208	0.102899	0.001443	0.256757	0.638901
209	0.102765	0.001382	0.258007	0.637846
210	0.102883	0.001409	0.258211	0.637497
211	0.102750	0.001354	0.259492	0.636404
212	0.103090	0.001340	0.259471	0.636099
213	0.102952	0.001331	0.260356	0.635361
214	0.103265	0.001283	0.260934	0.634518
215	0.103074	0.001289	0.262005	0.633632
216	0.103021	0.001225	0.262275	0.633479
217	0.102829	0.001219	0.262853	0.633099
218	0.103220	0.001187	0.263106	0.632487
219	0.103034	0.001200	0.263287	0.632479
220	0.103299	0.001134	0.264013	0.631554
221	0.103037	0.001116	0.264133	0.631714
222	0.103185	0.001101	0.265314	0.630400
223	0.103322	0.001087	0.264830	0.630761
224	0.103167	0.001113	0.265531	0.630189
225	0.103215	0.001043	0.266152	0.629590
226	0.103334	0.001071	0.266879	0.628716
227	0.103189	0.001026	0.267921	0.627864
228	0.103617	0.001031	0.268077	0.627275
229	0.103446	0.000981	0.268696	0.626877
230	0.103921	0.000978	0.268938	0.626163
231	0.103771	0.000980	0.269903	0.625346
232	0.103947	0.000952	0.270357	0.624744
233	0.103889	0.000946	0.271123	0.624042
234	0.104266	0.000914	0.271585	0.623235
235	0.103989	0.000955	0.272636	0.622420
236	0.104435	0.000916	0.273117	0.621532
237	0.104250	0.000883	0.274108	0.620759
238	0.104724	0.000875	0.274665	0.619736
239	0.104560	0.000831	0.275604	0.619005
240	0.104688	0.000809	0.276340	0.618163
241	0.104673	0.000814	0.276907	0.617606
242	0.104993	0.000824	0.277980	0.616203
243	0.104650	0.000809	0.278011	0.616530
244	0.104905	0.000756	0.278780	0.615559
245	0.104989	0.000763	0.279323	0.614925
246	0.105247	0.000732	0.279742	0.614279
247	0.105201	0.000733	0.280408	0.613658
248	0.105580	0.000711	0.281445	0.612264
249	0.105728	0.000673	0.282187	0.611412
250	0.105903	0.000642	0.282266	0.611189
251	0.105858	0.000637	0.282883	0.610622
252	0.105938	0.000632	0.283258	0.610172
253	0.105907	0.000643	0.284335	0.609115
254	0.106381	0.000629	0.284294	0.608696
255	0.106347	0.000620	0.284961	0.608072
256	0.106421	0.000588	0.285346	0.607645
257	0.106755	0.000571	0.285662	0.607012
258	0.106641	0.000578	0.286416	0.606365
259	0.106746	0.000549	0.286844	0.605861
260	0.106678	0.000554	0.287645	0.605123
261	0.107035	0.000550	0.287928	0.604487
262	0.107049	0.000534	0.289149	0.603268
263	0.107725	0.000519	0.289088	0.602668
264	0.107407	0.000508	0.289618	0.602467
265	0.107699	0.000506	0.290163	0.601632
266	0.107938	0.000515	0.290588	0.600959
267	0.108460	0.000498	0.290489	0.600553
268	0.108322	0.000494	0.291425	0.599759
269	0.108515	0.000503	0.291823	0.599159
270	0.108703	0.000508	0.292675	0.598114
271	0.108855	0.000495	0.293204	0.597446
272	0.108924	0.000495	0.293716	0.596865
273	0.109299	0.000491	0.294586	0.595624
274	0.109437	0.000468	0.294912	0.595183
275	0.109472	0.000464	0.295579	0.594485
276	0.109631	0.000448	0.296104	0.593817
277	0.109801	0.000460	0.296691	0.593048
278	0.110225	0.000459	0.297155	0.592161
279	0.110412	0.000422	0.297754	0.591412
280	0.110779	0.000417	0.298417	0.590387
281	0.111013	0.000397	0.298777	0.589813
282	0.111351	0.000371	0.299156	0.589122
283	0.111394	0.000367	0.299981	0.588258
284	0.111550	0.000386	0.300056	0.588008
285	0.111715	0.000381	0.301086	0.586818
286	0.111971	0.000395	0.301079	0.586555
287	0.112301	0.000383	0.302291	0.585025
288	0.112428	0.000365	0.302310	0.584897
289	0.112783	0.000376	0.303177	0.583664
290	0.113089	0.000364	0.303434	0.583113
291	0.113367	0.000348	0.303650	0.582635
292	0.113330	0.000362	0.304575	0.581733
293	0.113760	0.000360	0.304765	0.581115
294	0.113656	0.000355	0.305349	0.580640
295	0.114119	0.000336	0.305586	0.579959
296	0.114275	0.000359	0.306283	0.579083
297	0.114966	0.000339	0.306575	0.578120
298	0.114589	0.000351	0.307911	0.577149
299	0.115246	0.000331	0.307973	0.576450
300	0.115455	0.000314	0.308419	0.575812
301	0.116125	0.000323	0.309024	0.574528
302	0.115925	0.000318	0.310006	0.573751
303	0.116587	0.000314	0.309693	0.573406
304	0.116608	0.000323	0.310156	0.572913
305	0.117507	0.000311	0.310622	0.571560
306	0.117217	0.000313	0.311347	0.571123
307	0.118206	0.000308	0.311699	0.569787
308	0.117982	0.000282	0.312145	0.569591
309	0.118535	0.000324	0.312969	0.568172
310	0.118823	0.000280	0.313689	0.567208
311	0.119322	0.000308	0.313833	0.566537
312	0.119091	0.000286	0.314966	0.565657
313	0.119736	0.000289	0.314754	0.565221
314	0.120098	0.000285	0.315188	0.564429
315	0.120547	0.000287	0.315681	0.563485
316	0.120637	0.000274	0.316437	0.562652
317	0.121087	0.000280	0.316334	0.562299
318	0.121632	0.000287	0.317357	0.560724
319	0.122124	0.000293	0.317714	0.559869
320	0.122292	0.000270	0.317773	0.559665
321	0.122634	0.000279	0.317916	0.559171
322	0.123023	0.000277	0.317965	0.558735
323	0.123219	0.000265	0.318763	0.557753
324	0.123782	0.000258	0.318774	0.557186
325	0.123991	0.000259	0.319716	0.556034
326	0.124268	0.000242	0.319840	0.555650
327	0.124839	0.000234	0.320857	0.554070
328	0.125250	0.000239	0.321147	0.553364
329	0.125637	0.000212	0.322006	0.552145
330	0.125902	0.000231	0.321792	0.552075
331	0.126665	0.000199	0.322082	0.551054
332	0.126694	0.000219	0.323095	0.549992
333	0.127183	0.000194	0.323032	0.549591
334	0.127333	0.000222	0.323131	0.549314
335	0.128103	0.000220	0.323141	0.548536
336	0.128568	0.000218	0.323933	0.547281
337	0.128809	0.000206	0.323905	0.547080
338	0.129155	0.000229	0.324736	0.545880
339	0.129311	0.000208	0.325421	0.545060
340	0.129869	0.000235	0.325885	0.544011
341	0.130289	0.000218	0.326065	0.543428
342	0.130438	0.000237	0.327035	0.542290
343	0.131193	0.000206	0.326865	0.541736
344	0.130985	0.000216	0.327765	0.541034
345	0.131805	0.000215	0.327464	0.540516
346	0.131844	0.000212	0.328647	0.539297
347	0.132662	0.000185	0.328389	0.538764
348	0.132944	0.000212	0.328557	0.538287
349	0.133695	0.000197	0.328593	0.537515
350	0.133687	0.000193	0.328823	0.537297
351	0.134415	0.000190	0.328838	0.536557
352	0.134772	0.000191	0.329712	0.535325
353	0.135704	0.000188	0.329780	0.534328
354	0.136175	0.000180	0.330632	0.533013
355	0.136367	0.000203	0.330596	0.532834
356	0.137115	0.000172	0.331341	0.531372
357	0.137294	0.000188	0.331091	0.531427
358	0.137758	0.000175	0.331985	0.530082
359	0.138139	0.000177	0.331779	0.529905
360	0.138846	0.000169	0.332560	0.528425
361	0.139232	0.000163	0.332518	0.528087
362	0.139837	0.000165	0.332785	0.527213
363	0.140251	0.000152	0.333387	0.526210
364	0.140865	0.000157	0.332811	0.526167
365	0.141375	0.000150	0.333672	0.524803
366	0.141743	0.000146	0.333975	0.524136
367	0.142488	0.000136	0.333917	0.523459
368	0.143046	0.000135	0.334524	0.522295
369	0.143614	0.000136	0.335011	0.521239
370	0.144018	0.000129	0.334954	0.520899
371	0.144632	0.000135	0.335865	0.519368
372	0.144999	0.000132	0.335732	0.519137
373	0.145668	0.000120	0.335593	0.518619
374	0.145991	0.000118	0.336533	0.517358
375	0.146921	0.000121	0.335830	0.517128
376	0.147107	0.000124	0.336686	0.516083
377	0.147870	0.000116	0.336650	0.515364
378	0.148133	0.000128	0.337016	0.514723
379	0.148804	0.000125	0.336900	0.514171
380	0.149179	0.000117	0.337515	0.513189
381	0.149656	0.000119	0.337843	0.512382
382	0.150258	0.000111	0.338281	0.511350
383	0.150728	0.000105	0.338492	0.510675
384	0.151455	0.000116	0.338633	0.509796
385	0.151710	0.000111	0.338967	0.509212
386	0.152331	0.000106	0.338913	0.508650
387	0.152746	0.000116	0.339346	0.507792
388	0.153328	0.000107	0.339611	0.506954
389	0.153834	0.000101	0.340054	0.506011
390	0.154572	0.000106	0.340383	0.504939
391	0.154960	0.000103	0.340261	0.504676
392	0.155491	0.000104	0.341477	0.502928
393	0.155957	0.000098	0.341054	0.502891
394	0.156908	0.000106	0.341651	0.501335
395	0.157106	0.000107	0.342012	0.500775
396	0.157892	0.000098	0.341758	0.500252
397	0.158241	0.000103	0.342438	0.499218
398	0.159009	0.000083	0.342363	0.498545
399	0.159846	0.000110	0.342482	0.497562
400	0.160018	0.000086	0.342994	0.496902
401	0.160903	0.000090	0.343507	0.495500
402	0.161387	0.000088	0.343524	0.495001
403	0.161829	0.000091	0.343924	0.494156
404	0.162647	0.000083	0.343731	0.493539
405	0.163166	0.000099	0.344253	0.492482
406	0.163698	0.000077	0.344425	0.491800
407	0.164328	0.000096	0.345017	0.490559
408	0.165026	0.000080	0.344952	0.489942
409	0.165450	0.000084	0.345966	0.488500
410	0.166378	0.000064	0.345626	0.487932
411	0.166485	0.000077	0.345982	0.487456
412	0.167634	0.000067	0.345926	0.486373
413	0.167944	0.000083	0.346460	0.485513
414	0.168784	0.000068	0.345826	0.485322
415	0.169185	0.000076	0.346234	0.484505
416	0.170018	0.000078	0.346034	0.483870
417	0.170566	0.000071	0.346698	0.482665
418	0.171053	0.000066	0.346579	0.482302
419	0.171712	0.000068	0.347011	0.481209
420	0.172205	0.000072	0.346889	0.480834
421	0.172896	0.000066	0.347781	0.479257
422	0.173601	0.000060	0.347059	0.479280
423	0.174233	0.000063	0.347521	0.478183
424	0.175273	0.000055	0.347312	0.477360
425	0.175576	0.000061	0.347291	0.477072
426	0.176587	0.000051	0.347735	0.475627
427	0.176839	0.000061	0.348021	0.475079
428	0.177672	0.000059	0.348140	0.474129
429	0.177997	0.000055	0.347768	0.474180
430	0.178944	0.000053	0.348243	0.472760
431	0.179406	0.000050	0.348261	0.472283
432	0.180254	0.000048	0.347988	0.471710
433	0.180588	0.000055	0.348440	0.470917
434	0.181085	0.000056	0.348178	0.470681
435	0.182103	0.000053	0.348448	0.469396
436	0.182440	0.000052	0.348521	0.468987
437	0.183429	0.000049	0.348686	0.467836
438	0.184095	0.000049	0.348318	0.467538
439	0.184967	0.000045	0.348321	0.466667
440	0.185261	0.000047	0.348367	0.466325
441	0.186419	0.000040	0.348509	0.465032
442	0.186465	0.000046	0.348351	0.465138
443	0.187868	0.000042	0.348217	0.463873
444	0.188097	0.000048	0.348078	0.463777
445	0.188719	0.000046	0.349018	0.462217
446	0.189412	0.000039	0.348842	0.461707
447	0.190303	0.000045	0.349104	0.460548
448	0.190958	0.000037	0.349130	0.459875
449	0.191693	0.000040	0.348925	0.459342
450	0.192602	0.000035	0.349014	0.458349
451	0.193519	0.000042	0.348972	0.457467
452	0.193710	0.000033	0.349247	0.457010
453	0.194676	0.000034	0.349060	0.456230
454	0.194992	0.000041	0.349222	0.455745
455	0.196335	0.000036	0.348876	0.454753
456	0.196866	0.000037	0.349278	0.453819
457	0.197217	0.000038	0.349889	0.452856
458	0.198289	0.000034	0.349481	0.452196
459	0.198340	0.000043	0.349665	0.451952
460	0.199227	0.000045	0.349459	0.451269
461	0.199600	0.000052	0.349833	0.450515
462	0.200656	0.000049	0.349596	0.449699
463	0.201340	0.000043	0.349404	0.449213
464	0.202039	0.000052	0.349428	0.448481
465	0.202802	0.000051	0.350039	0.447108
466	0.203562	0.000049	0.349568	0.446821
467	0.204542	0.000035	0.350180	0.445243
468	0.204885	0.000044	0.349453	0.445618
469	0.206047	0.000033	0.350145	0.443775
470	0.206732	0.000046	0.349751	0.443471
471	0.207403	0.000033	0.350076	0.442488
472	0.208361	0.000049	0.350009	0.441581
473	0.208829	0.000044	0.350227	0.440900
474	0.209731	0.000058	0.350112	0.440099
475	0.210465	0.000041	0.350113	0.439381
476	0.211145	0.000054	0.350402	0.438399
477	0.211878	0.000050	0.350274	0.437798
478	0.212637	0.000053	0.350250	0.437060
479	0.213189	0.000053	0.350023	0.436735
480	0.214346	0.000049	0.350155	0.435450
481	0.214374	0.000047	0.350176	0.435403
482	0.215696	0.000043	0.349975	0.434286
483	0.216362	0.000045	0.350266	0.433327
484	0.217055	0.000044	0.349997	0.432904
485	0.217875	0.000044	0.350408	0.431673
486	0.218502	0.000050	0.349932	0.431516
487	0.219251	0.000044	0.350543	0.430162
488	0.219534	0.000043	0.351018	0.429405
489	0.220747	0.000041	0.350554	0.428658
490	0.221220	0.000046	0.350549	0.428185
491	0.222160	0.000039	0.349918	0.427883
492	0.222631	0.000042	0.350297	0.427030
493	0.223920	0.000049	0.349957	0.426074
494	0.224501	0.000044	0.350022	0.425433
495	0.225393	0.000041	0.349814	0.424752
496	0.226122	0.000032	0.349948	0.423898
497	0.226877	0.000033	0.349645	0.423445
498	0.228057	0.000031	0.349124	0.422788
499	0.228486	0.000035	0.349807	0.421672
500	0.229732	0.000033	0.348685	0.421550
501	0.230189	0.000028	0.349135	0.420648
502	0.231263	0.000031	0.348537	0.420169
503	0.231779	0.000022	0.349029	0.419170
504	0.232331	0.000031	0.348126	0.419512
505	0.233319	0.000029	0.348838	0.417814
506	0.233665	0.000027	0.348306	0.418002
507	0.234734	0.000030	0.348474	0.416762
508	0.235442	0.000027	0.348305	0.416226
509	0.236427	0.000031	0.348376	0.415166
510	0.236900	0.000024	0.348201	0.414875
511	0.238085	0.000033	0.348407	0.413475
512	0.238857	0.000026	0.347816	0.413301
513	0.239873	0.000030	0.347896	0.412201
514	0.240663	0.000029	0.347367	0.411941
515	0.241780	0.000026	0.346931	0.411263
516	0.242303	0.000024	0.346929	0.410744
517	0.243495	0.000024	0.346251	0.410230
518	0.244291	0.000022	0.346463	0.409224
519	0.244783	0.000025	0.346856	0.408336
520	0.246075	0.000022	0.345826	0.408077
521	0.246815	0.000018	0.345943	0.407224
522	0.247418	0.000022	0.345800	0.406760
523	0.248561	0.000020	0.345661	0.405758
524	0.249312	0.000021	0.345562	0.405105
525	0.250157	0.000019	0.345238	0.404586
526	0.251153	0.000021	0.345332	0.403494
527	0.251830	0.000020	0.345361	0.402789
528	0.252950	0.000019	0.344788	0.402243
529	0.253912	0.000015	0.344549	0.401524
530	0.254971	0.000019	0.344112	0.400898
531	0.255735	0.000017	0.344129	0.400119
532	0.256579	0.000023	0.343369	0.400029
533	0.257502	0.000018	0.343603	0.398877
534	0.258588	0.000023	0.342920	0.398469
535	0.259639	0.000023	0.342931	0.397407
536	0.260240	0.000019	0.342298	0.397443
537	0.260993	0.000018	0.342257	0.396732
538	0.261671	0.000018	0.341845	0.396466
539	0.262422	0.000017	0.342094	0.395467
540	0.263135	0.000017	0.341412	0.395436
541	0.264282	0.000012	0.340983	0.394723
542	0.265081	0.000010	0.340676	0.394233
543	0.265927	0.000010	0.340160	0.393903
544	0.267286	0.000014	0.339396	0.393304
545	0.267863	0.000010	0.339288	0.392839
546	0.268866	0.000011	0.338610	0.392513
547	0.269543	0.000016	0.338374	0.392067
548	0.270611	0.000015	0.338455	0.390919
549	0.271485	0.000016	0.337960	0.390539
550	0.272494	0.000016	0.337858	0.389632
551	0.273299	0.000013	0.337154	0.389534
552	0.274453	0.000016	0.336653	0.388878
553	0.275374	0.000014	0.336119	0.388493
554	0.276190	0.000016	0.335702	0.388092
555	0.277210	0.000011	0.335960	0.386819
556	0.277917	0.000011	0.334957	0.387115
557	0.279215	0.000011	0.334826	0.385948
558	0.279886	0.000012	0.334830	0.385272
559	0.280955	0.000010	0.334417	0.384618
560	0.281934	0.000010	0.334132	0.383924
561	0.282538	0.000009	0.333645	0.383808
562	0.283622	0.000009	0.332712	0.383657
563	0.284472	0.000005	0.332604	0.382919
564	0.285381	0.000007	0.331761	0.382851
565	0.286660	0.000005	0.332014	0.381321
566	0.287324	0.000008	0.331671	0.380997
567	0.288236	0.000007	0.331257	0.380500
568	0.289291	0.000008	0.331042	0.379659
569	0.290329	0.000005	0.330129	0.379537
570	0.291173	0.000010	0.330344	0.378473
571	0.292030	0.000008	0.329289	0.378673
572	0.292985	0.000011	0.329330	0.377674
573	0.293969	0.000010	0.328615	0.377406
574	0.294805	0.000014	0.329000	0.376181
575	0.296014	0.000009	0.327968	0.376009
576	0.296982	0.000012	0.327992	0.375014
577	0.297637	0.000010	0.327509	0.374844
578	0.298406	0.000009	0.326962	0.374623
579	0.299662	0.000008	0.326792	0.373538
580	0.300718	0.000007	0.326100	0.373175
581	0.301658	0.000007	0.326169	0.372166
582	0.302593	0.000009	0.325305	0.372093
583	0.303211	0.000010	0.325298	0.371481
584	0.304143	0.000005	0.324726	0.371126
585	0.305191	0.000009	0.324920	0.369880
586	0.306132	0.000005	0.324341	0.369522
587	0.306940	0.000006	0.324133	0.368921
588	0.307934	0.000002	0.323948	0.368116
589	0.308578	0.000005	0.323670	0.367747
590	0.309651	0.000003	0.323057	0.367289
591	0.310453	0.000004	0.322430	0.367113
592	0.311350	0.000005	0.321950	0.366695
593	0.312760	0.000003	0.321584	0.365653
594	0.313305	0.000003	0.321150	0.365542
595	0.314593	0.000001	0.320725	0.364681
596	0.315186	0.000003	0.320620	0.364191
597	0.316488	0.000002	0.320148	0.363362
598	0.317390	0.000002	0.319768	0.362840
599	0.318521	0.000001	0.319127	0.362351
600	0.319111	0.000003	0.318984	0.361902
601	0.320349	0.000001	0.318212	0.361438
602	0.321753	0.000002	0.317614	0.360631
603	0.322290	0.000001	0.316955	0.360754
604	0.323661	0.000002	0.316226	0.360111
605	0.324661	0.000001	0.315793	0.359545
606	0.325438	0.000002	0.315809	0.358751
607	0.326264	0.000002	0.315376	0.358358
608	0.327139	0.000002	0.315032	0.357827
609	0.328523	0.000003	0.314591	0.356883
610	0.328889	0.000004	0.314203	0.356904
611	0.330190	0.000006	0.313556	0.356248
612	0.331264	0.000005	0.313046	0.355685
613	0.332201	0.000006	0.312760	0.355033
614	0.333095	0.000006	0.312189	0.354710
615	0.334357	0.000006	0.311121	0.354516
616	0.334939	0.000006	0.310590	0.354465
617	0.336119	0.000005	0.310277	0.353599
618	0.336942	0.000007	0.309716	0.353335
619	0.338149	0.000007	0.309065	0.352779
620	0.339082	0.000005	0.308444	0.352469
621	0.339732	0.000003	0.308456	0.351809
622	0.341049	0.000004	0.307484	0.351463
623	0.341680	0.000004	0.306951	0.351365
624	0.343126	0.000005	0.306727	0.350142
625	0.343647	0.000004	0.306286	0.350063
626	0.345172	0.000005	0.305220	0.349603
627	0.345805	0.000003	0.304911	0.349281
628	0.347430	0.000003	0.303987	0.348580
629	0.347761	0.000002	0.303874	0.348363
630	0.349253	0.000001	0.303016	0.347730
631	0.349680	0.000002	0.303080	0.347238
632	0.350811	0.000002	0.302073	0.347114
633	0.351682	0.000002	0.301547	0.346769
634	0.353115	0.000001	0.300701	0.346183
635	0.353731	0.000000	0.300374	0.345895
636	0.355110	0.000001	0.299571	0.345318
637	0.355938	0.000001	0.299130	0.344931
638	0.357156	0.000001	0.298437	0.344406
639	0.357549	0.000001	0.298345	0.344105
640	0.358678	0.000000	0.298061	0.343261
641	0.359809	0.000001	0.297185	0.343005
642	0.360717	0.000001	0.296839	0.342443
643	0.361602	0.000001	0.296264	0.342133
644	0.362641	0.000000	0.295228	0.342131
645	0.363834	0.000002	0.294776	0.341388
646	0.364822	0.000000	0.293693	0.341485
647	0.366130	0.000001	0.292671	0.341198
648	0.366990	0.000000	0.292231	0.340779
649	0.368341	0.000000	0.291367	0.340292
650	0.368926	0.000000	0.291144	0.339930
651	0.370247	0.000000	0.290217	0.339536
652	0.370748	0.000000	0.290365	0.338887
653	0.372092	0.000000	0.289216	0.338692
654	0.372937	0.000000	0.288951	0.338112
655	0.373715	0.000000	0.288098	0.338187
656	0.375044	0.000000	0.287604	0.337352
657	0.375719	0.000000	0.287564	0.336717
658	0.376835	0.000000	0.286613	0.336552
659	0.378185	0.000000	0.286057	0.335758
660	0.378966	0.000000	0.284965	0.336069
661	0.379838	0.000000	0.284777	0.335385
662	0.380372	0.000000	0.284219	0.335409
663	0.381341	0.000000	0.283430	0.335229
664	0.382351	0.000000	0.283381	0.334268
665	0.383290	0.000000	0.282293	0.334417
666	0.384489	0.000000	0.282023	0.333488
667	0.385156	0.000000	0.281572	0.333272
668	0.386372	0.000000	0.281080	0.332548
669	0.387400	0.000000	0.280283	0.332317
670	0.388303	0.000000	0.279817	0.331880
671	0.389623	0.000000	0.278844	0.331533
672	0.390118	0.000000	0.278403	0.331479
673	0.391391	0.000000	0.277415	0.331194
674	0.392529	0.000000	0.276832	0.330639
675	0.393228	0.000000	0.276167	0.330605
676	0.394227	0.000000	0.275345	0.330428
677	0.395301	0.000000	0.274417	0.330282
678	0.396325	0.000000	0.273835	0.329840
679	0.397133	0.000000	0.273126	0.329741
680	0.398033	0.000000	0.272863	0.329104
681	0.399251	0.000000	0.271752	0.328997
682	0.399900	0.000000	0.271525	0.328575
683	0.401301	0.000000	0.269929	0.328770
684	0.402092	0.000000	0.269421	0.328487
685	0.403486	0.000000	0.268202	0.328312
686	0.404053	0.000000	0.267801	0.328146
687	0.405301	0.000000	0.267143	0.327556
688	0.406148	0.000000	0.266913	0.326939
689	0.407090	0.000000	0.266070	0.326840
690	0.408075	0.000000	0.266228	0.325697
691	0.408869	0.000000	0.265006	0.326125
692	0.409860	0.000000	0.264404	0.325736
693	0.410705	0.000000	0.263674	0.325621
694	0.411618	0.000000	0.263002	0.325380
695	0.412710	0.000000	0.262657	0.324633
696	0.413674	0.000000	0.261824	0.324502
697	0.414230	0.000000	0.261515	0.324255
698	0.415440	0.000000	0.260349	0.324211
699	0.415960	0.000000	0.259845	0.324195
700	0.417227	0.000000	0.258878	0.323895
701	0.417576	0.000000	0.258459	0.323965
702	0.418887	0.000000	0.257838	0.323275
703	0.419641	0.000000	0.257051	0.323308
704	0.420703	0.000000	0.256395	0.322902
705	0.421508	0.000000	0.255819	0.322673
706	0.422227	0.000000	0.254922	0.322851
707	0.422978	0.000000	0.254494	0.322528
708	0.424160	0.000000	0.253532	0.322308
709	0.425022	0.000000	0.252867	0.322111
710	0.425924	0.000000	0.252613	0.321463
711	0.426716	0.000000	0.252221	0.321063
712	0.427832	0.000000	0.251368	0.320800
713	0.428599	0.000000	0.250626	0.320775
714	0.429428	0.000000	0.249965	0.320607
715	0.430186	0.000000	0.249641	0.320173
716	0.430597	0.000000	0.248979	0.320424
717	0.432108	0.000000	0.247975	0.319917
718	0.432177	0.000000	0.247450	0.320373
719	0.433611	0.000000	0.246165	0.320224
720	0.434125	0.000000	0.245809	0.320066
721	0.435404	0.000000	0.244742	0.319854
722	0.436358	0.000000	0.244009	0.319633
723	0.437048	0.000000	0.243225	0.319727
724	0.438321	0.000000	0.242581	0.319098
725	0.438938	0.000000	0.241774	0.319288
726	0.439729	0.000000	0.240903	0.319368
727	0.440632	0.000000	0.240423	0.318945
728	0.441643	0.000000	0.238968	0.319389
729	0.442351	0.000000	0.238572	0.319077
730	0.443174	0.000000	0.238132	0.318694
731	0.444107	0.000000	0.237607	0.318286
732	0.444238	0.000000	0.236916	0.318846
733	0.445913	0.000000	0.236132	0.317955
734	0.446252	0.000000	0.235577	0.318171
735	0.447577	0.000000	0.234777	0.317646
736	0.448211	0.000000	0.234193	0.317596
737	0.449401	0.000000	0.233069	0.317530
738	0.449705	0.000000	0.233115	0.317180
739	0.450974	0.000000	0.231747	0.317279
740	0.451461	0.000000	0.231420	0.317119
741	0.452591	0.000000	0.230311	0.317098
742	0.452932	0.000000	0.229738	0.317330
743	0.454107	0.000000	0.228807	0.317086
744	0.454971	0.000000	0.228287	0.316742
745	0.455596	0.000000	0.227659	0.316745
746	0.456619	0.000000	0.226767	0.316614
747	0.457405	0.000000	0.226203	0.316392
748	0.458089	0.000000	0.225252	0.316659
749	0.459163	0.000000	0.224255	0.316582
750	0.459681	0.000000	0.223535	0.316784
751	0.460989	0.000000	0.222414	0.316597
752	0.461525	0.000000	0.222008	0.316467
753	0.462553	0.000000	0.221268	0.316179
754	0.462961	0.000000	0.220649	0.316390
755	0.464227	0.000000	0.219997	0.315776
756	0.464420	0.000000	0.219281	0.316299
757	0.465666	0.000000	0.218915	0.315419
758	0.465923	0.000000	0.217980	0.316097
759	0.466893	0.000000	0.217646	0.315461
760	0.467451	0.000000	0.216611	0.315938
761	0.468667	0.000000	0.216272	0.315061
762	0.469295	0.000000	0.214920	0.315785
763	0.470019	0.000000	0.214579	0.315402
764	0.470916	0.000000	0.213194	0.315890
765	0.471517	0.000000	0.212876	0.315607
766	0.472003	0.000000	0.211923	0.316074
767	0.472888	0.000000	0.211337	0.315775
768	0.473515	0.000000	0.210621	0.315864
769	0.473963	0.000000	0.210228	0.315809
770	0.474726	0.000000	0.209394	0.315880
771	0.475749	0.000000	0.208789	0.315462
772	0.475911	0.000000	0.208144	0.315945
773	0.477137	0.000000	0.206907	0.315956
774	0.477863	0.000000	0.206504	0.315633
775	0.479003	0.000000	0.205638	0.315359
776	0.479524	0.000000	0.205138	0.315338
777	0.480202	0.000000	0.204395	0.315403
778	0.480797	0.000000	0.203866	0.315337
779	0.481836	0.000000	0.203102	0.315062
780	0.481901	0.000000	0.202529	0.315570
781	0.482969	0.000000	0.201887	0.315144
782	0.483457	0.000000	0.200850	0.315693
783	0.484272	0.000000	0.200597	0.315131
784	0.484789	0.000000	0.199271	0.315940
785	0.485450	0.000000	0.199090	0.315460
786	0.486407	0.000000	0.198077	0.315516
787	0.486936	0.000000	0.197809	0.315255
788	0.487734	0.000000	0.196852	0.315414
789	0.488653	0.000000	0.196494	0.314853
790	0.488989	0.000000	0.195676	0.315335
791	0.489866	0.000000	0.194975	0.315159
792	0.490285	0.000000	0.193941	0.315774
793	0.491081	0.000000	0.193506	0.315413
794	0.491340	0.000000	0.192987	0.315673
795	0.492129	0.000000	0.192211	0.315660
796	0.492618	0.000000	0.191552	0.315830
797	0.493548	0.000000	0.190565	0.315887
798	0.493988	0.000000	0.190151	0.315861
799	0.494591	0.000000	0.189247	0.316162
800	0.494927	0.000000	0.189291	0.315782
801	0.495927	0.000000	0.187741	0.316332
802	0.496118	0.000000	0.187756	0.316126
803	0.497044	0.000000	0.186329	0.316627
804	0.497865	0.000000	0.186126	0.316009
805	0.498544	0.000000	0.185219	0.316237
806	0.499394	0.000000	0.184317	0.316289
807	0.499911	0.000000	0.183898	0.316191
808	0.500544	0.000000	0.182822	0.316634
809	0.501034	0.000000	0.182046	0.316920
810	0.501292	0.000000	0.181804	0.316904
811	0.502179	0.000000	0.180968	0.316853
812	0.502573	0.000000	0.180212	0.317215
813	0.503429	0.000000	0.179383	0.317188
814	0.503700	0.000000	0.178966	0.317334
815	0.504547	0.000000	0.178392	0.317061
816	0.504768	0.000000	0.177909	0.317323
817	0.505535	0.000000	0.177179	0.317286
818	0.505974	0.000000	0.176700	0.317326
819	0.506666	0.000000	0.175943	0.317391
820	0.507295	0.000000	0.174885	0.317820
821	0.507436	0.000000	0.174644	0.317920
822	0.508583	0.000000	0.173445	0.317972
823	0.508534	0.000000	0.173303	0.318163
824	0.509425	0.000000	0.172329	0.318246
825	0.509656	0.000000	0.171787	0.318557
826	0.510187	0.000000	0.171208	0.318605
827	0.510798	0.000000	0.170643	0.318559
828	0.511547	0.000000	0.169472	0.318981
829	0.512045	0.000000	0.169060	0.318895
830	0.512308	0.000000	0.168054	0.319638
831	0.512823	0.000000	0.167585	0.319592
832	0.513075	0.000000	0.167037	0.319888
833	0.513814	0.000000	0.166270	0.319916
834	0.514288	0.000000	0.165465	0.320247
835	0.514349	0.000000	0.164852	0.320799
836	0.515092	0.000000	0.164144	0.320764
837	0.515428	0.000000	0.163349	0.321223
838	0.515964	0.000000	0.162998	0.321038
839	0.516389	0.000000	0.162084	0.321527
840	0.516555	0.000000	0.162058	0.321387
841	0.517145	0.000000	0.161264	0.321591
842	0.517276	0.000000	0.160818	0.321906
843	0.518218	0.000000	0.159903	0.321879
844	0.518053	0.000000	0.159486	0.322461
845	0.519150	0.000000	0.158629	0.322221
846	0.519405	0.000000	0.157939	0.322656
847	0.519901	0.000000	0.157999	0.322100
848	0.519979	0.000000	0.156812	0.323209
849	0.520761	0.000000	0.156672	0.322567
850	0.521003	0.000000	0.155852	0.323145
851	0.521540	0.000000	0.155699	0.322761
852	0.521689	0.000000	0.154934	0.323377
853	0.522169	0.000000	0.154206	0.323625
854	0.522365	0.000000	0.153390	0.324245
855	0.522717	0.000000	0.153152	0.324131
856	0.522910	0.000000	0.152607	0.324483
857	0.523117	0.000000	0.152018	0.324865
858	0.523587	0.000000	0.151329	0.325084
859	0.523211	0.000000	0.151304	0.325485
860	0.524178	0.000000	0.150417	0.325405
861	0.523591	0.000000	0.150395	0.326014
862	0.524665	0.000000	0.149153	0.326182
863	0.524505	0.000000	0.148911	0.326584
864	0.525833	0.000000	0.147871	0.326296
865	0.525354	0.000000	0.147595	0.327051
866	0.526504	0.000000	0.146811	0.326685
867	0.526240	0.000000	0.146468	0.327292
868	0.526828	0.000000	0.145739	0.327433
869	0.527197	0.000000	0.145033	0.327770
870	0.527553	0.000000	0.144600	0.327847
871	0.527528	0.000000	0.144022	0.328450
872	0.528117	0.000000	0.143614	0.328269
873	0.528183	0.000000	0.143263	0.328554
874	0.528813	0.000000	0.142636	0.328551
875	0.528615	0.000000	0.142299	0.329086
876	0.528982	0.000000	0.141592	0.329426
877	0.529385	0.000000	0.141244	0.329371
878	0.529388	0.000000	0.140924	0.329688
879	0.529604	0.000000	0.140601	0.329795
880	0.530040	0.000000	0.139776	0.330184
881	0.529973	0.000000	0.139492	0.330535
882	0.530238	0.000000	0.139023	0.330739
883	0.530593	0.000000	0.138388	0.331019
884	0.530966	0.000000	0.137875	0.331159
885	0.531168	0.000000	0.137608	0.331224
886	0.531737	0.000000	0.136654	0.331609
887	0.531856	0.000000	0.136260	0.331884
888	0.532198	0.000000	0.135445	0.332357
889	0.532161	0.000000	0.135178	0.332661
890	0.532418	0.000000	0.134717	0.332865
891	0.532610	0.000000	0.134271	0.333119
892	0.532671	0.000000	0.133864	0.333465
893	0.532719	0.000000	0.133662	0.333619
894	0.532857	0.000000	0.133255	0.333888
895	0.532484	0.000000	0.133231	0.334285
896	0.532993	0.000000	0.132388	0.334619
897	0.532417	0.000000	0.132613	0.334970
898	0.532811	0.000000	0.131447	0.335742
899	0.532743	0.000000	0.131792	0.335465
900	0.533101	0.000000	0.130678	0.336221
901	0.532747	0.000000	0.130830	0.336423
902	0.532835	0.000000	0.130316	0.336849
903	0.532550	0.000000	0.130169	0.337281
904	0.532696	0.000000	0.129600	0.337704
905	0.533148	0.000000	0.128965	0.337887
906	0.533185	0.000000	0.128531	0.338284
907	0.533308	0.000000	0.128071	0.338621
908	0.533327	0.000000	0.127848	0.338825
909	0.533187	0.000000	0.127572	0.339241
910	0.533389	0.000000	0.127111	0.339500
911	0.533369	0.000000	0.126977	0.339654
912	0.533366	0.000000	0.126513	0.340121
913	0.533719	0.000000	0.125996	0.340285
914	0.533587	0.000000	0.125457	0.340956
915	0.533544	0.000000	0.125383	0.341073
916	0.533830	0.000000	0.124783	0.341387
917	0.533344	0.000000	0.124486	0.342170
918	0.533424	0.000000	0.123977	0.342599
919	0.533910	0.000000	0.123545	0.342545
920	0.533584	0.000000	0.123329	0.343087
921	0.533779	0.000000	0.122810	0.343411
922	0.534140	0.000000	0.122250	0.343610
923	0.534002	0.000000	0.122038	0.343960
924	0.534506	0.000000	0.121498	0.343996
925	0.534350	0.000000	0.121485	0.344165
926	0.533989	0.000000	0.120855	0.345156
927	0.534306	0.000000	0.120694	0.345000
928	0.533483	0.000000	0.120506	0.346011
929	0.534174	0.000000	0.119846	0.345980
930	0.533695	0.000000	0.119533	0.346772
931	0.533904	0.000000	0.119076	0.347020
932	0.533712	0.000000	0.118746	0.347542
933	0.533878	0.000000	0.118322	0.347800
934	0.533782	0.000000	0.117839	0.348379
935	0.533649	0.000000	0.117656	0.348695
936	0.533540	0.000000	0.117077	0.349383
937	0.533553	0.000000	0.116941	0.349506
938	0.533503	0.000000	0.116511	0.349986
939	0.533488	0.000000	0.116027	0.350485
940	0.533286	0.000000	0.115873	0.350841
941	0.533326	0.000000	0.115303	0.351371
942	0.533110	0.000000	0.114981	0.351909
943	0.533613	0.000000	0.114337	0.352050
944	0.532796	0.000000	0.114550	0.352654
945	0.532990	0.000000	0.113770	0.353240
946	0.533035	0.000000	0.113463	0.353502
947	0.532650	0.000000	0.113032	0.354318
948	0.532969	0.000000	0.112595	0.354436
949	0.532890	0.000000	0.112151	0.354959
950	0.532564	0.000000	0.111810	0.355626
951	0.532607	0.000000	0.111424	0.355969
952	0.532616	0.000000	0.111051	0.356333
953	0.532280	0.000000	0.110908	0.356812
954	0.532422	0.000000	0.110423	0.357155
955	0.532106	0.000000	0.110081	0.357813
956	0.532236	0.000000	0.109642	0.358122
957	0.531747	0.000000	0.109430	0.358823
958	0.532071	0.000000	0.108915	0.359014
959	0.531669	0.000000	0.109142	0.359189
960	0.531619	0.000000	0.108047	0.360334
961	0.531251	0.000000	0.107823	0.360926
962	0.531301	0.000000	0.107202	0.361497
963	0.531095	0.000000	0.106884	0.362021
964	0.530508	0.000000	0.106651	0.362841
965	0.530285	0.000000	0.106482	0.363233
966	0.530085	0.000000	0.105999	0.363916
967	0.529716	0.000000	0.106108	0.364176
968	0.529560	0.000000	0.105838	0.364602
969	0.529400	0.000000	0.105581	0.365019
970	0.529351	0.000000	0.105077	0.365572
971	0.528802	0.000000	0.105209	0.365989
972	0.528207	0.000000	0.104943	0.366850
973	0.528154	0.000000	0.104617	0.367229
974	0.527796	0.000000	0.104182	0.368022
975	0.527385	0.000000	0.104023	0.368592
976	0.527354	0.000000	0.103420	0.369226
977	0.527127	0.000000	0.103595	0.369278
978	0.527013	0.000000	0.103087	0.369900
979	0.526333	0.000000	0.103065	0.370602
980	0.526464	0.000000	0.102797	0.370739
981	0.525566	0.000000	0.102465	0.371969
982	0.525655	0.000000	0.102290	0.372055
983	0.525113	0.000000	0.101707	0.373180
984	0.524877	0.000000	0.101477	0.373646
985	0.524711	0.000000	0.101103	0.374186
986	0.524346	0.000000	0.100917	0.374737
987	0.524417	0.000000	0.100734	0.374849
988	0.523925	0.000000	0.100379	0.375696
989	0.523640	0.000000	0.100202	0.376158
990	0.524000	0.000000	0.099626	0.376374
991	0.522975	0.000000	0.099930	0.377095
992	0.523101	0.000000	0.099326	0.377573
993	0.522770	0.000000	0.099477	0.377753
994	0.522507	0.000000	0.098756	0.378737
995	0.522120	0.000000	0.098951	0.378929
996	0.521871	0.000000	0.098284	0.379845
997	0.521301	0.000000	0.098539	0.380160
998	0.520913	0.000000	0.098080	0.381007
999	0.520710	0.000000	0.098044	0.381246
1000	0.520598	0.000000	0.097789	0.381613
1001	0.520112	0.000000	0.097558	0.382330
