0	0.963979	0.026024	0.009899	0.000098
0	0.921564	0.046948	0.028965	0.002523
1	0.908457	0.053345	0.034662	0.003536
2	0.904483	0.054946	0.036628	0.003943
3	0.903725	0.055371	0.036712	0.004192
4	0.904198	0.055373	0.036129	0.004300
5	0.904891	0.055416	0.035285	0.004408
6	0.905721	0.055305	0.034388	0.004586
7	0.906714	0.055058	0.033627	0.004601
8	0.908252	0.054588	0.032473	0.004687
9	0.909778	0.054142	0.031364	0.004716
10	0.911093	0.053613	0.030548	0.004746
11	0.912375	0.053320	0.029584	0.004721
12	0.913843	0.052910	0.028483	0.004764
13	0.915336	0.052479	0.027441	0.004744
14	0.916557	0.052192	0.026425	0.004826
15	0.917965	0.051575	0.025550	0.004910
16	0.919158	0.051035	0.024805	0.005002
17	0.920691	0.050512	0.023770	0.005027
18	0.922078	0.050150	0.022756	0.005016
19	0.923287	0.049559	0.022054	0.005100
20	0.924192	0.049259	0.021260	0.005289
21	0.925559	0.048749	0.020429	0.005263
22	0.926696	0.048457	0.019509	0.005338
23	0.927740	0.047997	0.018871	0.005392
24	0.928633	0.047650	0.018159	0.005558
25	0.929741	0.047044	0.017625	0.005590
26	0.931173	0.046187	0.016904	0.005736
27	0.932212	0.045849	0.016152	0.005787
28	0.933292	0.045673	0.015193	0.005842
29	0.934391	0.045123	0.014649	0.005837
30	0.935100	0.044755	0.014287	0.005858
31	0.935979	0.044380	0.013676	0.005965
32	0.936952	0.043937	0.013094	0.006017
33	0.937629	0.043626	0.012677	0.006068
34	0.938299	0.043304	0.012202	0.006195
35	0.939059	0.042915	0.011740	0.006286
36	0.939838	0.042447	0.011304	0.006411
37	0.940946	0.041966	0.010620	0.006468
38	0.941267	0.041790	0.010373	0.006570
39	0.941670	0.041674	0.009992	0.006664
40	0.942644	0.040946	0.009599	0.006811
41	0.943123	0.040695	0.009268	0.006914
42	0.943871	0.040315	0.008869	0.006945
43	0.944540	0.039929	0.008476	0.007055
44	0.945157	0.039500	0.008260	0.007083
45	0.945598	0.039189	0.008034	0.007179
46	0.946158	0.038883	0.007704	0.007255
47	0.946660	0.038398	0.007528	0.007414
48	0.947135	0.038167	0.007260	0.007438
49	0.947770	0.037716	0.006905	0.007609
50	0.948357	0.037329	0.006630	0.007684
51	0.948494	0.037304	0.006385	0.007817
52	0.949038	0.036915	0.006119	0.007928
53	0.949483	0.036579	0.005898	0.008040
54	0.949835	0.036214	0.005724	0.008227
55	0.950202	0.035950	0.005488	0.008360
56	0.950876	0.035441	0.005209	0.008474
57	0.951214	0.035082	0.005138	0.008566
58	0.951579	0.034850	0.004896	0.008675
59	0.952161	0.034338	0.004741	0.008760
60	0.952507	0.033955	0.004611	0.008927
61	0.952745	0.033859	0.004416	0.008980
62	0.953255	0.033343	0.004212	0.009190
63	0.953602	0.033008	0.004076	0.009314
64	0.953892	0.032768	0.003954	0.009386
65	0.954463	0.032320	0.003752	0.009465
66	0.954636	0.032112	0.003650	0.009602
67	0.954947	0.031835	0.003530	0.009688
68	0.955340	0.031534	0.003377	0.009749
69	0.955343	0.031625	0.003217	0.009815
70	0.955824	0.031192	0.003153	0.009831
71	0.956000	0.030874	0.003054	0.010072
72	0.956435	0.030476	0.002937	0.010152
73	0.956528	0.030392	0.002846	0.010234
74	0.956866	0.030025	0.002701	0.010408
75	0.956964	0.029812	0.002678	0.010546
76	0.957587	0.029257	0.002486	0.010670
77	0.957657	0.029116	0.002463	0.010764
78	0.957891	0.028891	0.002350	0.010868
79	0.958073	0.028643	0.002275	0.011009
80	0.958485	0.028206	0.002258	0.011051
81	0.958580	0.028059	0.002166	0.011195
82	0.958691	0.027823	0.002077	0.011409
83	0.958796	0.027592	0.002061	0.011551
84	0.959186	0.027171	0.001994	0.011649
85	0.959183	0.027024	0.001948	0.011845
86	0.959552	0.026678	0.001899	0.011871
87	0.959531	0.026592	0.001807	0.012070
88	0.959845	0.026257	0.001685	0.012213
89	0.959913	0.026153	0.001626	0.012308
90	0.960146	0.025807	0.001596	0.012451
91	0.960360	0.025569	0.001527	0.012544
92	0.960304	0.025486	0.001481	0.012729
93	0.960526	0.025136	0.001443	0.012895
94	0.960888	0.024736	0.001410	0.012966
95	0.960889	0.024628	0.001391	0.013092
96	0.960900	0.024470	0.001366	0.013264
97	0.961076	0.024184	0.001317	0.013423
98	0.961092	0.024026	0.001277	0.013605
99	0.961066	0.023954	0.001249	0.013731
100	0.961261	0.023607	0.001212	0.013920
101	0.961328	0.023492	0.001170	0.014010
102	0.961428	0.023225	0.001183	0.014164
103	0.961517	0.023026	0.001101	0.014356
104	0.961554	0.022945	0.001016	0.014485
105	0.961699	0.022603	0.000975	0.014723
106	0.961521	0.022587	0.000991	0.014901
107	0.961757	0.022265	0.000922	0.015056
108	0.961699	0.022188	0.000871	0.015242
109	0.961788	0.021866	0.000866	0.015480
110	0.961832	0.021769	0.000864	0.015535
111	0.961856	0.021537	0.000832	0.015775
112	0.962016	0.021417	0.000831	0.015736
113	0.962114	0.021170	0.000832	0.015884
114	0.962155	0.021024	0.000785	0.016036
115	0.962129	0.020852	0.000760	0.016259
116	0.962185	0.020607	0.000737	0.016471
117	0.962324	0.020361	0.000679	0.016636
118	0.962427	0.020120	0.000669	0.016784
119	0.962466	0.020014	0.000650	0.016870
120	0.962325	0.019977	0.000632	0.017066
121	0.962349	0.019734	0.000647	0.017270
122	0.962397	0.019526	0.000641	0.017436
123	0.962556	0.019316	0.000599	0.017529
124	0.962607	0.019032	0.000619	0.017742
125	0.962699	0.018853	0.000593	0.017855
126	0.962778	0.018591	0.000569	0.018062
127	0.962792	0.018325	0.000555	0.018328
128	0.962614	0.018314	0.000562	0.018510
129	0.962589	0.018147	0.000553	0.018711
130	0.962684	0.017966	0.000514	0.018836
131	0.962785	0.017779	0.000494	0.018942
132	0.962849	0.017549	0.000451	0.019151
133	0.962819	0.017361	0.000441	0.019379
134	0.962767	0.017194	0.000423	0.019616
135	0.962706	0.017147	0.000402	0.019745
136	0.962669	0.017018	0.000403	0.019910
137	0.962729	0.016768	0.000382	0.020121
138	0.962637	0.016701	0.000355	0.020307
139	0.962701	0.016476	0.000326	0.020497
140	0.962718	0.016308	0.000322	0.020652
141	0.962827	0.016102	0.000284	0.020787
142	0.962900	0.015882	0.000295	0.020923
143	0.962672	0.015929	0.000278	0.021121
144	0.962357	0.015950	0.000272	0.021421
145	0.962517	0.015613	0.000248	0.021622
146	0.962366	0.015553	0.000253	0.021828
147	0.962470	0.015278	0.000242	0.022010
148	0.962278	0.015173	0.000232	0.022317
149	0.962078	0.015122	0.000255	0.022545
150	0.962113	0.014896	0.000246	0.022745
151	0.962045	0.014773	0.000236	0.022946
152	0.961866	0.014671	0.000220	0.023243
153	0.961760	0.014608	0.000222	0.023410
154	0.961616	0.014448	0.000201	0.023735
155	0.961598	0.014326	0.000186	0.023890
156	0.961486	0.014232	0.000176	0.024106
157	0.961123	0.014279	0.000162	0.024436
158	0.961240	0.014027	0.000165	0.024568
159	0.961072	0.013978	0.000159	0.024791
160	0.960993	0.013815	0.000146	0.025046
161	0.961035	0.013560	0.000140	0.025265
162	0.960729	0.013568	0.000150	0.025553
163	0.960697	0.013510	0.000136	0.025657
164	0.960636	0.013418	0.000140	0.025806
165	0.960515	0.013226	0.000118	0.026141
166	0.960440	0.013102	0.000121	0.026337
167	0.960217	0.013021	0.000117	0.026645
168	0.960114	0.013009	0.000116	0.026761
169	0.960009	0.012850	0.000105	0.027036
170	0.959852	0.012754	0.000110	0.027284
171	0.959791	0.012603	0.000099	0.027507
172	0.959735	0.012418	0.000093	0.027754
173	0.959560	0.012330	0.000086	0.028024
174	0.959372	0.012258	0.000075	0.028295
175	0.959338	0.011982	0.000072	0.028608
176	0.959205	0.011848	0.000077	0.028870
177	0.958902	0.011889	0.000078	0.029131
178	0.958771	0.011762	0.000070	0.029397
179	0.958589	0.011648	0.000082	0.029681
180	0.958587	0.011504	0.000076	0.029833
181	0.958364	0.011383	0.000076	0.030177
182	0.958232	0.011251	0.000064	0.030453
183	0.958169	0.011074	0.000069	0.030688
184	0.958000	0.010932	0.000076	0.030992
185	0.957843	0.010844	0.000080	0.031233
186	0.957591	0.010802	0.000072	0.031535
187	0.957259	0.010738	0.000069	0.031934
188	0.957196	0.010601	0.000059	0.032144
189	0.956837	0.010524	0.000061	0.032578
190	0.956692	0.010428	0.000062	0.032818
191	0.956554	0.010277	0.000063	0.033106
192	0.956347	0.010231	0.000065	0.033357
193	0.956181	0.010104	0.000060	0.033655
194	0.956006	0.009960	0.000065	0.033969
195	0.955827	0.009897	0.000052	0.034224
196	0.955527	0.009895	0.000059	0.034519
197	0.955328	0.009778	0.000047	0.034847
198	0.955161	0.009690	0.000049	0.035100
199	0.954945	0.009643	0.000047	0.035365
200	0.954727	0.009486	0.000046	0.035741
201	0.954589	0.009340	0.000043	0.036028
202	0.954315	0.009313	0.000051	0.036321
203	0.954061	0.009195	0.000045	0.036699
204	0.953771	0.009136	0.000048	0.037045
205	0.953613	0.009006	0.000045	0.037336
206	0.953553	0.008851	0.000043	0.037553
207	0.953338	0.008814	0.000040	0.037808
208	0.953174	0.008691	0.000041	0.038094
209	0.952941	0.008597	0.000040	0.038422
210	0.952667	0.008547	0.000044	0.038742
211	0.952293	0.008531	0.000045	0.039131
212	0.952142	0.008439	0.000038	0.039381
213	0.951962	0.008283	0.000040	0.039715
214	0.951692	0.008216	0.000037	0.040055
215	0.951458	0.008197	0.000043	0.040302
216	0.951074	0.008213	0.000037	0.040676
217	0.950881	0.008110	0.000040	0.040969
218	0.950568	0.008129	0.000044	0.041259
219	0.950298	0.008041	0.000038	0.041623
220	0.950036	0.007973	0.000042	0.041949
221	0.949901	0.007844	0.000045	0.042210
222	0.949598	0.007744	0.000049	0.042609
223	0.949405	0.007749	0.000045	0.042801
224	0.949054	0.007674	0.000045	0.043227
225	0.948757	0.007628	0.000039	0.043576
226	0.948457	0.007540	0.000033	0.043970
227	0.948129	0.007547	0.000033	0.044291
228	0.947762	0.007455	0.000029	0.044754
229	0.947395	0.007402	0.000029	0.045174
230	0.947115	0.007441	0.000031	0.045413
231	0.946935	0.007330	0.000027	0.045708
232	0.946808	0.007230	0.000030	0.045932
233	0.946508	0.007116	0.000027	0.046349
234	0.946201	0.007041	0.000028	0.046730
235	0.945939	0.006989	0.000025	0.047047
236	0.945875	0.006909	0.000018	0.047198
237	0.945721	0.006704	0.000017	0.047558
238	0.945286	0.006724	0.000020	0.047970
239	0.944912	0.006696	0.000016	0.048376
240	0.944698	0.006598	0.000016	0.048688
241	0.944208	0.006582	0.000015	0.049195
242	0.944024	0.006465	0.000014	0.049497
243	0.943754	0.006364	0.000015	0.049867
244	0.943530	0.006244	0.000013	0.050213
245	0.943050	0.006315	0.000007	0.050628
246	0.942891	0.006160	0.000009	0.050940
247	0.942514	0.006085	0.000013	0.051388
248	0.942412	0.006025	0.000011	0.051552
249	0.942160	0.005939	0.000010	0.051891
250	0.941830	0.005863	0.000010	0.052297
251	0.941628	0.005765	0.000012	0.052595
252	0.941203	0.005765	0.000016	0.053016
253	0.940892	0.005698	0.000014	0.053396
254	0.940405	0.005694	0.000010	0.053891
255	0.940096	0.005646	0.000009	0.054249
256	0.939792	0.005660	0.000009	0.054539
257	0.939422	0.005601	0.000012	0.054965
258	0.938965	0.005587	0.000015	0.055433
259	0.938730	0.005426	0.000013	0.055831
260	0.938526	0.005442	0.000013	0.056019
261	0.938177	0.005379	0.000015	0.056429
262	0.937908	0.005290	0.000013	0.056789
263	0.937545	0.005226	0.000016	0.057213
264	0.937340	0.005153	0.000007	0.057500
265	0.937077	0.005166	0.000006	0.057751
266	0.936752	0.005045	0.000006	0.058197
267	0.936457	0.005012	0.000006	0.058525
268	0.936078	0.005014	0.000005	0.058903
269	0.935665	0.004945	0.000005	0.059385
270	0.935457	0.004914	0.000005	0.059624
271	0.935014	0.004901	0.000005	0.060080
272	0.934592	0.004870	0.000008	0.060530
273	0.934210	0.004831	0.000006	0.060953
274	0.933691	0.004880	0.000005	0.061424
275	0.933367	0.004851	0.000005	0.061777
276	0.933044	0.004762	0.000006	0.062188
277	0.932556	0.004715	0.000007	0.062722
278	0.932064	0.004672	0.000004	0.063260
279	0.931784	0.004560	0.000005	0.063651
280	0.931402	0.004558	0.000006	0.064034
281	0.930999	0.004566	0.000005	0.064430
282	0.930477	0.004479	0.000007	0.065037
283	0.930104	0.004404	0.000006	0.065486
284	0.929659	0.004421	0.000006	0.065914
285	0.929250	0.004352	0.000008	0.066390
286	0.928811	0.004320	0.000005	0.066864
287	0.928565	0.004236	0.000006	0.067193
288	0.928026	0.004241	0.000004	0.067729
289	0.927533	0.004273	0.000003	0.068191
290	0.927239	0.004232	0.000003	0.068526
291	0.926933	0.004128	0.000003	0.068936
292	0.926375	0.004113	0.000004	0.069508
293	0.925948	0.004072	0.000004	0.069976
294	0.925560	0.004063	0.000005	0.070372
295	0.925004	0.004015	0.000003	0.070978
296	0.924650	0.003928	0.000004	0.071418
297	0.924164	0.003933	0.000006	0.071897
298	0.923843	0.003885	0.000005	0.072267
299	0.923378	0.003854	0.000007	0.072761
300	0.923041	0.003769	0.000005	0.073185
301	0.922515	0.003788	0.000005	0.073692
302	0.921930	0.003755	0.000005	0.074310
303	0.921392	0.003781	0.000009	0.074818
304	0.921085	0.003685	0.000009	0.075221
305	0.920657	0.003636	0.000011	0.075696
306	0.920254	0.003559	0.000011	0.076176
307	0.919655	0.003552	0.000010	0.076783
308	0.919300	0.003511	0.000010	0.077179
309	0.918900	0.003473	0.000014	0.077613
310	0.918244	0.003483	0.000013	0.078260
311	0.917811	0.003388	0.000010	0.078791
312	0.917414	0.003423	0.000008	0.079155
313	0.917064	0.003327	0.000010	0.079599
314	0.916449	0.003282	0.000010	0.080259
315	0.915711	0.003298	0.000011	0.080980
316	0.915373	0.003294	0.000011	0.081322
317	0.915076	0.003222	0.000009	0.081693
318	0.914669	0.003240	0.000010	0.082081
319	0.914268	0.003178	0.000010	0.082544
320	0.913804	0.003179	0.000006	0.083011
321	0.913216	0.003164	0.000004	0.083616
322	0.912464	0.003180	0.000003	0.084353
323	0.911955	0.003161	0.000000	0.084884
324	0.911358	0.003083	0.000000	0.085559
325	0.910831	0.003021	0.000000	0.086148
326	0.910268	0.003022	0.000001	0.086709
327	0.909603	0.002985	0.000001	0.087411
328	0.909087	0.002962	0.000001	0.087950
329	0.908568	0.002926	0.000000	0.088506
330	0.908112	0.002898	0.000001	0.088989
331	0.907627	0.002835	0.000000	0.089538
332	0.907153	0.002855	0.000000	0.089992
333	0.906862	0.002812	0.000001	0.090325
334	0.906532	0.002781	0.000001	0.090686
335	0.906150	0.002725	0.000000	0.091125
336	0.905609	0.002730	0.000000	0.091661
337	0.904969	0.002723	0.000000	0.092308
338	0.904581	0.002723	0.000001	0.092695
339	0.904113	0.002687	0.000000	0.093200
340	0.903585	0.002667	0.000000	0.093748
341	0.902998	0.002633	0.000000	0.094369
342	0.902604	0.002618	0.000001	0.094777
343	0.902070	0.002527	0.000001	0.095402
344	0.901509	0.002531	0.000001	0.095959
345	0.900918	0.002495	0.000001	0.096586
346	0.900251	0.002521	0.000001	0.097227
347	0.899690	0.002520	0.000001	0.097789
348	0.899318	0.002492	0.000001	0.098189
349	0.898678	0.002472	0.000000	0.098850
350	0.898197	0.002469	0.000000	0.099334
351	0.897674	0.002349	0.000001	0.099976
352	0.897229	0.002346	0.000000	0.100425
353	0.896740	0.002299	0.000000	0.100961
354	0.896121	0.002289	0.000001	0.101589
355	0.895568	0.002270	0.000001	0.102161
356	0.895079	0.002263	0.000001	0.102657
357	0.894567	0.002243	0.000001	0.103189
358	0.893946	0.002233	0.000002	0.103819
359	0.893492	0.002172	0.000002	0.104334
360	0.892901	0.002172	0.000000	0.104927
361	0.892271	0.002146	0.000000	0.105583
362	0.891878	0.002116	0.000001	0.106005
363	0.891371	0.002076	0.000001	0.106552
364	0.890571	0.002123	0.000001	0.107305
365	0.889928	0.002147	0.000001	0.107924
366	0.889325	0.002094	0.000001	0.108580
367	0.888669	0.002111	0.000001	0.109219
368	0.888024	0.002107	0.000001	0.109868
369	0.887526	0.002110	0.000000	0.110364
370	0.886976	0.002071	0.000001	0.110952
371	0.886387	0.002079	0.000000	0.111534
372	0.885789	0.002092	0.000001	0.112118
373	0.885138	0.002064	0.000001	0.112797
374	0.884642	0.002095	0.000001	0.113262
375	0.884075	0.002074	0.000001	0.113850
376	0.883345	0.002034	0.000000	0.114621
377	0.882892	0.002009	0.000001	0.115098
378	0.882187	0.002001	0.000001	0.115811
379	0.881656	0.002034	0.000001	0.116309
380	0.881052	0.002015	0.000001	0.116932
381	0.880605	0.001993	0.000001	0.117401
382	0.879907	0.001941	0.000000	0.118152
383	0.879337	0.001924	0.000000	0.118739
384	0.878699	0.001893	0.000000	0.119408
385	0.877981	0.001882	0.000000	0.120137
386	0.877402	0.001896	0.000000	0.120702
387	0.876733	0.001884	0.000000	0.121383
388	0.876226	0.001843	0.000000	0.121931
389	0.875627	0.001822	0.000000	0.122551
390	0.875070	0.001719	0.000000	0.123211
391	0.874361	0.001735	0.000000	0.123904
392	0.873771	0.001699	0.000000	0.124530
393	0.873062	0.001682	0.000000	0.125256
394	0.872477	0.001682	0.000000	0.125841
395	0.871871	0.001623	0.000000	0.126506
396	0.871155	0.001627	0.000000	0.127218
397	0.870542	0.001600	0.000000	0.127858
398	0.869765	0.001646	0.000000	0.128589
399	0.869140	0.001628	0.000000	0.129232
400	0.868684	0.001587	0.000000	0.129729
401	0.867943	0.001560	0.000000	0.130497
402	0.867360	0.001536	0.000000	0.131104
403	0.866700	0.001573	0.000000	0.131727
404	0.866087	0.001524	0.000000	0.132389
405	0.865539	0.001525	0.000000	0.132936
406	0.864886	0.001549	0.000000	0.133565
407	0.864248	0.001518	0.000000	0.134234
408	0.863624	0.001485	0.000000	0.134891
409	0.863008	0.001467	0.000000	0.135525
410	0.862306	0.001453	0.000000	0.136241
411	0.861716	0.001442	0.000000	0.136842
412	0.861082	0.001432	0.000000	0.137486
413	0.860286	0.001422	0.000000	0.138292
414	0.859640	0.001415	0.000000	0.138945
415	0.858835	0.001409	0.000000	0.139756
416	0.858245	0.001376	0.000000	0.140379
417	0.857560	0.001361	0.000000	0.141079
418	0.856751	0.001374	0.000000	0.141875
419	0.856130	0.001339	0.000000	0.142531
420	0.855444	0.001314	0.000000	0.143242
421	0.854804	0.001313	0.000000	0.143883
422	0.854022	0.001304	0.000000	0.144674
423	0.853323	0.001299	0.000000	0.145378
424	0.852720	0.001274	0.000000	0.146006
425	0.852038	0.001237	0.000000	0.146725
426	0.851434	0.001182	0.000000	0.147384
427	0.850731	0.001172	0.000000	0.148097
428	0.850135	0.001160	0.000000	0.148705
429	0.849295	0.001120	0.000000	0.149585
430	0.848507	0.001130	0.000000	0.150363
431	0.847894	0.001127	0.000000	0.150979
432	0.847190	0.001158	0.000000	0.151652
433	0.846466	0.001120	0.000000	0.152414
434	0.845890	0.001095	0.000000	0.153015
435	0.845285	0.001065	0.000000	0.153650
436	0.844513	0.001085	0.000000	0.154402
437	0.843839	0.001039	0.000000	0.155122
438	0.843031	0.001049	0.000000	0.155920
439	0.842505	0.001046	0.000000	0.156449
440	0.841597	0.001051	0.000000	0.157352
441	0.840965	0.001054	0.000000	0.157981
442	0.840275	0.001020	0.000000	0.158705
443	0.839422	0.001011	0.000000	0.159567
444	0.838803	0.001013	0.000000	0.160184
445	0.838140	0.000959	0.000000	0.160901
446	0.837383	0.000947	0.000000	0.161670
447	0.836674	0.000917	0.000000	0.162409
448	0.835964	0.000959	0.000000	0.163077
449	0.835012	0.000952	0.000000	0.164036
450	0.834330	0.000937	0.000000	0.164733
451	0.833537	0.000925	0.000000	0.165538
452	0.832683	0.000906	0.000000	0.166411
453	0.831811	0.000907	0.000000	0.167282
454	0.831149	0.000892	0.000000	0.167959
455	0.830529	0.000873	0.000000	0.168598
456	0.829870	0.000842	0.000000	0.169288
457	0.829183	0.000835	0.000000	0.169982
458	0.828416	0.000826	0.000000	0.170758
459	0.827662	0.000856	0.000000	0.171482
460	0.826922	0.000858	0.000000	0.172220
461	0.826165	0.000827	0.000000	0.173008
462	0.825474	0.000822	0.000000	0.173704
463	0.824764	0.000796	0.000000	0.174440
464	0.824016	0.000778	0.000000	0.175206
465	0.823338	0.000788	0.000000	0.175874
466	0.822520	0.000778	0.000000	0.176702
467	0.821868	0.000793	0.000000	0.177339
468	0.821135	0.000781	0.000000	0.178084
469	0.820339	0.000774	0.000000	0.178887
470	0.819571	0.000786	0.000000	0.179643
471	0.818765	0.000737	0.000000	0.180498
472	0.817716	0.000759	0.000000	0.181525
473	0.817112	0.000741	0.000000	0.182147
474	0.816354	0.000733	0.000000	0.182913
475	0.815596	0.000707	0.000000	0.183697
476	0.814908	0.000715	0.000000	0.184377
477	0.813905	0.000729	0.000000	0.185366
478	0.813192	0.000742	0.000000	0.186066
479	0.812537	0.000719	0.000000	0.186744
480	0.811757	0.000721	0.000000	0.187522
481	0.810986	0.000715	0.000000	0.188299
482	0.810302	0.000730	0.000000	0.188968
483	0.809627	0.000738	0.000000	0.189635
484	0.808718	0.000712	0.000000	0.190570
485	0.808025	0.000692	0.000000	0.191283
486	0.807187	0.000718	0.000000	0.192095
487	0.806302	0.000736	0.000000	0.192962
488	0.805514	0.000727	0.000000	0.193759
489	0.804586	0.000714	0.000000	0.194700
490	0.803634	0.000708	0.000000	0.195658
491	0.802817	0.000719	0.000000	0.196464
492	0.801938	0.000704	0.000000	0.197358
493	0.801421	0.000690	0.000000	0.197889
494	0.800494	0.000694	0.000000	0.198812
495	0.799844	0.000684	0.000000	0.199472
496	0.798988	0.000715	0.000000	0.200297
497	0.798280	0.000665	0.000000	0.201055
498	0.797433	0.000684	0.000000	0.201883
499	0.796578	0.000651	0.000000	0.202771
500	0.795802	0.000635	0.000000	0.203563
501	0.794902	0.000664	0.000000	0.204434
502	0.794183	0.000640	0.000000	0.205177
503	0.793239	0.000636	0.000000	0.206125
504	0.792485	0.000645	0.000000	0.206870
505	0.791581	0.000644	0.000000	0.207775
506	0.790868	0.000620	0.000000	0.208512
507	0.789986	0.000648	0.000000	0.209366
508	0.789084	0.000632	0.000000	0.210284
509	0.788252	0.000606	0.000000	0.211142
510	0.787618	0.000596	0.000000	0.211786
511	0.786833	0.000602	0.000000	0.212565
512	0.785864	0.000604	0.000000	0.213532
513	0.784983	0.000564	0.000000	0.214453
514	0.784461	0.000563	0.000000	0.214976
515	0.783532	0.000540	0.000000	0.215928
516	0.782578	0.000534	0.000000	0.216888
517	0.781679	0.000528	0.000000	0.217793
518	0.781020	0.000533	0.000000	0.218447
519	0.780126	0.000523	0.000000	0.219351
520	0.779359	0.000528	0.000000	0.220113
521	0.778749	0.000499	0.000000	0.220752
522	0.777843	0.000508	0.000000	0.221649
523	0.776890	0.000526	0.000000	0.222584
524	0.776130	0.000486	0.000000	0.223384
525	0.775486	0.000476	0.000000	0.224038
526	0.774434	0.000463	0.000000	0.225103
527	0.773612	0.000480	0.000000	0.225908
528	0.773047	0.000453	0.000000	0.226500
529	0.772102	0.000461	0.000000	0.227437
530	0.771107	0.000458	0.000000	0.228435
531	0.770369	0.000463	0.000000	0.229168
532	0.769566	0.000436	0.000000	0.229998
533	0.768706	0.000435	0.000000	0.230859
534	0.768030	0.000421	0.000000	0.231549
535	0.767134	0.000408	0.000000	0.232458
536	0.766375	0.000411	0.000000	0.233214
537	0.765533	0.000386	0.000000	0.234081
538	0.764632	0.000393	0.000000	0.234975
539	0.763856	0.000380	0.000000	0.235764
540	0.763162	0.000383	0.000000	0.236455
541	0.762361	0.000355	0.000000	0.237284
542	0.761519	0.000363	0.000000	0.238118
543	0.760610	0.000364	0.000000	0.239026
544	0.759764	0.000371	0.000000	0.239865
545	0.758803	0.000353	0.000000	0.240844
546	0.757815	0.000379	0.000000	0.241806
547	0.756846	0.000378	0.000000	0.242776
548	0.755892	0.000381	0.000000	0.243727
549	0.755115	0.000373	0.000000	0.244512
550	0.754190	0.000391	0.000000	0.245419
551	0.753305	0.000398	0.000000	0.246297
552	0.752419	0.000368	0.000000	0.247213
553	0.751549	0.000379	0.000000	0.248072
554	0.750693	0.000386	0.000000	0.248921
555	0.749854	0.000369	0.000000	0.249777
556	0.748865	0.000380	0.000000	0.250755
557	0.747826	0.000381	0.000000	0.251793
558	0.747125	0.000372	0.000000	0.252503
559	0.746276	0.000372	0.000000	0.253352
560	0.745319	0.000355	0.000000	0.254326
561	0.744456	0.000324	0.000000	0.255220
562	0.743540	0.000333	0.000000	0.256127
563	0.742676	0.000328	0.000000	0.256996
564	0.741788	0.000323	0.000000	0.257889
565	0.741021	0.000314	0.000000	0.258665
566	0.740058	0.000293	0.000000	0.259649
567	0.739212	0.000285	0.000000	0.260503
568	0.738300	0.000266	0.000000	0.261434
569	0.737374	0.000267	0.000000	0.262359
570	0.736509	0.000263	0.000000	0.263228
571	0.735482	0.000257	0.000000	0.264261
572	0.734567	0.000265	0.000000	0.265168
573	0.733831	0.000276	0.000000	0.265893
574	0.732982	0.000285	0.000000	0.266733
575	0.732038	0.000270	0.000000	0.267692
576	0.731284	0.000255	0.000000	0.268461
577	0.730527	0.000263	0.000000	0.269210
578	0.729649	0.000251	0.000000	0.270100
579	0.728805	0.000249	0.000000	0.270946
580	0.727731	0.000243	0.000000	0.272026
581	0.726900	0.000260	0.000000	0.272840
582	0.725952	0.000272	0.000000	0.273776
583	0.724999	0.000259	0.000000	0.274742
584	0.724079	0.000268	0.000000	0.275653
585	0.723484	0.000265	0.000000	0.276251
586	0.722513	0.000265	0.000000	0.277222
587	0.721541	0.000259	0.000000	0.278200
588	0.720869	0.000238	0.000000	0.278893
589	0.720083	0.000238	0.000000	0.279679
590	0.718957	0.000242	0.000000	0.280801
591	0.718010	0.000251	0.000000	0.281739
592	0.717185	0.000250	0.000000	0.282565
593	0.716422	0.000252	0.000000	0.283326
594	0.715365	0.000262	0.000000	0.284373
595	0.714316	0.000261	0.000000	0.285423
596	0.713323	0.000256	0.000000	0.286421
597	0.712441	0.000256	0.000000	0.287303
598	0.711631	0.000257	0.000000	0.288112
599	0.710781	0.000263	0.000000	0.288956
600	0.709933	0.000239	0.000000	0.289828
601	0.708965	0.000250	0.000000	0.290785
602	0.707926	0.000266	0.000000	0.291808
603	0.706916	0.000263	0.000000	0.292821
604	0.706019	0.000246	0.000000	0.293735
605	0.705039	0.000251	0.000000	0.294710
606	0.704006	0.000259	0.000000	0.295735
607	0.703221	0.000250	0.000000	0.296529
608	0.702283	0.000232	0.000000	0.297485
609	0.701309	0.000223	0.000000	0.298468
610	0.700328	0.000227	0.000000	0.299445
611	0.699438	0.000221	0.000000	0.300341
612	0.698579	0.000211	0.000000	0.301210
613	0.697736	0.000213	0.000000	0.302051
614	0.696858	0.000198	0.000000	0.302944
615	0.696004	0.000195	0.000000	0.303801
616	0.695040	0.000194	0.000000	0.304766
617	0.694222	0.000198	0.000000	0.305580
618	0.693375	0.000200	0.000000	0.306425
619	0.692326	0.000196	0.000000	0.307478
620	0.691405	0.000190	0.000000	0.308405
621	0.690450	0.000185	0.000000	0.309365
622	0.689610	0.000193	0.000000	0.310197
623	0.688599	0.000185	0.000000	0.311216
624	0.687818	0.000162	0.000000	0.312020
625	0.686903	0.000160	0.000000	0.312937
626	0.685819	0.000170	0.000000	0.314011
627	0.684865	0.000179	0.000000	0.314956
628	0.683910	0.000180	0.000000	0.315910
629	0.682996	0.000169	0.000000	0.316835
630	0.682227	0.000152	0.000000	0.317621
631	0.681236	0.000161	0.000000	0.318603
632	0.680283	0.000153	0.000000	0.319564
633	0.679430	0.000147	0.000000	0.320423
634	0.678377	0.000139	0.000000	0.321484
635	0.677338	0.000152	0.000000	0.322510
636	0.676230	0.000148	0.000000	0.323622
637	0.675591	0.000148	0.000000	0.324261
638	0.674642	0.000133	0.000000	0.325225
639	0.673666	0.000139	0.000000	0.326195
640	0.672759	0.000121	0.000000	0.327120
641	0.671693	0.000128	0.000000	0.328179
642	0.670424	0.000124	0.000000	0.329452
643	0.669529	0.000117	0.000000	0.330354
644	0.668530	0.000100	0.000000	0.331370
645	0.667613	0.000096	0.000000	0.332291
646	0.666772	0.000089	0.000000	0.333139
647	0.665849	0.000093	0.000000	0.334058
648	0.664885	0.000093	0.000000	0.335022
649	0.664080	0.000080	0.000000	0.335840
650	0.662988	0.000087	0.000000	0.336925
651	0.662060	0.000078	0.000000	0.337862
652	0.661130	0.000080	0.000000	0.338790
653	0.659971	0.000083	0.000000	0.339946
654	0.658836	0.000085	0.000000	0.341079
655	0.657606	0.000082	0.000000	0.342312
656	0.656654	0.000087	0.000000	0.343259
657	0.655702	0.000092	0.000000	0.344206
658	0.654865	0.000083	0.000000	0.345052
659	0.653893	0.000089	0.000000	0.346018
660	0.652704	0.000095	0.000000	0.347201
661	0.651943	0.000079	0.000000	0.347978
662	0.650935	0.000087	0.000000	0.348978
663	0.650099	0.000095	0.000000	0.349806
664	0.649065	0.000091	0.000000	0.350844
665	0.648112	0.000089	0.000000	0.351799
666	0.647111	0.000090	0.000000	0.352799
667	0.646181	0.000097	0.000000	0.353722
668	0.645139	0.000093	0.000000	0.354768
669	0.644029	0.000097	0.000000	0.355874
670	0.643043	0.000099	0.000000	0.356858
671	0.642254	0.000097	0.000000	0.357649
672	0.641374	0.000093	0.000000	0.358533
673	0.640450	0.000085	0.000000	0.359465
674	0.639337	0.000088	0.000000	0.360575
675	0.638139	0.000091	0.000000	0.361770
676	0.637418	0.000085	0.000000	0.362497
677	0.636374	0.000091	0.000000	0.363535
678	0.635419	0.000087	0.000000	0.364494
679	0.634530	0.000082	0.000000	0.365388
680	0.633363	0.000082	0.000000	0.366555
681	0.632395	0.000084	0.000000	0.367521
682	0.631145	0.000081	0.000000	0.368774
683	0.630282	0.000077	0.000000	0.369641
684	0.629330	0.000074	0.000000	0.370596
685	0.628401	0.000075	0.000000	0.371524
686	0.627485	0.000077	0.000000	0.372438
687	0.626480	0.000082	0.000000	0.373438
688	0.625691	0.000074	0.000000	0.374235
689	0.624518	0.000068	0.000000	0.375414
690	0.623456	0.000076	0.000000	0.376468
691	0.622456	0.000076	0.000000	0.377468
692	0.621443	0.000069	0.000000	0.378488
693	0.620485	0.000067	0.000000	0.379448
694	0.619505	0.000073	0.000000	0.380422
695	0.618499	0.000067	0.000000	0.381434
696	0.617603	0.000065	0.000000	0.382332
697	0.616493	0.000067	0.000000	0.383440
698	0.615609	0.000064	0.000000	0.384327
699	0.614548	0.000063	0.000000	0.385389
700	0.613326	0.000060	0.000000	0.386614
701	0.612422	0.000064	0.000000	0.387514
702	0.611381	0.000061	0.000000	0.388558
703	0.610392	0.000058	0.000000	0.389550
704	0.609469	0.000058	0.000000	0.390473
705	0.608445	0.000060	0.000000	0.391495
706	0.607608	0.000061	0.000000	0.392331
707	0.606465	0.000062	0.000000	0.393473
708	0.605469	0.000060	0.000000	0.394471
709	0.604223	0.000068	0.000000	0.395709
710	0.603317	0.000063	0.000000	0.396620
711	0.602517	0.000060	0.000000	0.397423
712	0.601430	0.000056	0.000000	0.398514
713	0.600567	0.000063	0.000000	0.399370
714	0.599532	0.000070	0.000000	0.400398
715	0.598627	0.000070	0.000000	0.401303
716	0.597596	0.000080	0.000000	0.402324
717	0.596727	0.000078	0.000000	0.403195
718	0.595771	0.000082	0.000000	0.404147
719	0.594964	0.000085	0.000000	0.404951
720	0.594000	0.000084	0.000000	0.405916
721	0.593020	0.000085	0.000000	0.406895
722	0.592136	0.000085	0.000000	0.407779
723	0.590818	0.000084	0.000000	0.409098
724	0.590126	0.000090	0.000000	0.409784
725	0.589251	0.000085	0.000000	0.410664
726	0.588326	0.000083	0.000000	0.411591
727	0.587256	0.000080	0.000000	0.412664
728	0.586286	0.000076	0.000000	0.413638
729	0.585418	0.000074	0.000000	0.414508
730	0.584330	0.000076	0.000000	0.415594
731	0.583315	0.000067	0.000000	0.416618
732	0.582093	0.000071	0.000000	0.417836
733	0.581295	0.000074	0.000000	0.418631
734	0.580266	0.000075	0.000000	0.419659
735	0.579501	0.000077	0.000000	0.420422
736	0.578566	0.000070	0.000000	0.421364
737	0.577427	0.000071	0.000000	0.422502
738	0.576593	0.000069	0.000000	0.423338
739	0.575542	0.000073	0.000000	0.424385
740	0.574399	0.000065	0.000000	0.425536
741	0.573645	0.000065	0.000000	0.426290
742	0.572579	0.000060	0.000000	0.427361
743	0.571505	0.000057	0.000000	0.428438
744	0.570564	0.000051	0.000000	0.429385
745	0.569396	0.000054	0.000000	0.430550
746	0.568535	0.000056	0.000000	0.431409
747	0.567679	0.000046	0.000000	0.432275
748	0.566589	0.000057	0.000000	0.433354
749	0.565383	0.000049	0.000000	0.434568
750	0.564494	0.000048	0.000000	0.435458
751	0.563405	0.000055	0.000000	0.436540
752	0.562669	0.000045	0.000000	0.437286
753	0.561641	0.000042	0.000000	0.438317
754	0.560719	0.000043	0.000000	0.439238
755	0.559690	0.000044	0.000000	0.440266
756	0.558744	0.000046	0.000000	0.441210
757	0.557833	0.000043	0.000000	0.442124
758	0.556907	0.000046	0.000000	0.443047
759	0.555867	0.000042	0.000000	0.444091
760	0.554970	0.000040	0.000000	0.444990
761	0.553960	0.000039	0.000000	0.446001
762	0.553300	0.000037	0.000000	0.446663
763	0.552322	0.000040	0.000000	0.447638
764	0.551412	0.000041	0.000000	0.448547
765	0.550329	0.000035	0.000000	0.449636
766	0.549344	0.000032	0.000000	0.450624
767	0.548199	0.000040	0.000000	0.451761
768	0.547287	0.000038	0.000000	0.452675
769	0.546158	0.000033	0.000000	0.453809
770	0.545262	0.000028	0.000000	0.454710
771	0.544268	0.000027	0.000000	0.455705
772	0.543341	0.000028	0.000000	0.456631
773	0.542267	0.000032	0.000000	0.457701
774	0.541302	0.000029	0.000000	0.458669
775	0.540326	0.000031	0.000000	0.459643
776	0.539159	0.000028	0.000000	0.460813
777	0.538433	0.000024	0.000000	0.461543
778	0.537328	0.000026	0.000000	0.462646
779	0.536420	0.000031	0.000000	0.463549
780	0.535546	0.000033	0.000000	0.464421
781	0.534491	0.000028	0.000000	0.465481
782	0.533381	0.000028	0.000000	0.466591
783	0.532434	0.000027	0.000000	0.467539
784	0.531474	0.000027	0.000000	0.468499
785	0.530418	0.000031	0.000000	0.469551
786	0.529432	0.000032	0.000000	0.470536
787	0.528298	0.000033	0.000000	0.471669
788	0.527182	0.000036	0.000000	0.472782
789	0.526278	0.000036	0.000000	0.473686
790	0.525208	0.000040	0.000000	0.474752
791	0.524318	0.000037	0.000000	0.475645
792	0.523021	0.000038	0.000000	0.476941
793	0.522132	0.000043	0.000000	0.477825
794	0.521161	0.000035	0.000000	0.478804
795	0.520165	0.000029	0.000000	0.479806
796	0.519014	0.000030	0.000000	0.480956
797	0.518000	0.000031	0.000000	0.481969
798	0.516856	0.000031	0.000000	0.483113
799	0.515614	0.000036	0.000000	0.484350
800	0.514934	0.000033	0.000000	0.485033
801	0.513906	0.000034	0.000000	0.486060
802	0.513054	0.000033	0.000000	0.486913
803	0.511887	0.000032	0.000000	0.488081
804	0.511045	0.000031	0.000000	0.488924
805	0.510028	0.000033	0.000000	0.489939
806	0.509019	0.000032	0.000000	0.490949
807	0.507926	0.000033	0.000000	0.492041
808	0.506780	0.000036	0.000000	0.493184
809	0.505635	0.000039	0.000000	0.494326
810	0.504563	0.000036	0.000000	0.495401
811	0.503649	0.000030	0.000000	0.496321
812	0.502866	0.000032	0.000000	0.497102
813	0.501705	0.000030	0.000000	0.498265
814	0.500652	0.000035	0.000000	0.499313
815	0.499884	0.000034	0.000000	0.500082
816	0.498989	0.000033	0.000000	0.500978
817	0.497789	0.000032	0.000000	0.502179
818	0.496736	0.000032	0.000000	0.503232
819	0.495826	0.000030	0.000000	0.504144
820	0.494908	0.000030	0.000000	0.505062
821	0.493917	0.000030	0.000000	0.506053
822	0.493019	0.000028	0.000000	0.506953
823	0.492234	0.000023	0.000000	0.507743
824	0.491202	0.000029	0.000000	0.508769
825	0.490221	0.000021	0.000000	0.509758
826	0.489214	0.000025	0.000000	0.510761
827	0.488189	0.000021	0.000000	0.511790
828	0.487300	0.000017	0.000000	0.512683
829	0.486466	0.000014	0.000000	0.513520
830	0.485303	0.000015	0.000000	0.514682
831	0.484510	0.000018	0.000000	0.515472
832	0.483514	0.000023	0.000000	0.516463
833	0.482693	0.000016	0.000000	0.517291
834	0.481875	0.000019	0.000000	0.518106
835	0.481097	0.000013	0.000000	0.518890
836	0.479866	0.000015	0.000000	0.520119
837	0.478863	0.000017	0.000000	0.521120
838	0.477752	0.000017	0.000000	0.522231
839	0.476718	0.000013	0.000000	0.523269
840	0.475817	0.000019	0.000000	0.524164
841	0.474935	0.000018	0.000000	0.525047
842	0.474200	0.000013	0.000000	0.525787
843	0.473375	0.000016	0.000000	0.526609
844	0.472273	0.000014	0.000000	0.527713
845	0.471256	0.000015	0.000000	0.528729
846	0.470422	0.000015	0.000000	0.529563
847	0.469590	0.000022	0.000000	0.530388
848	0.468768	0.000022	0.000000	0.531210
849	0.467641	0.000016	0.000000	0.532343
850	0.466692	0.000016	0.000000	0.533292
851	0.465719	0.000015	0.000000	0.534266
852	0.464842	0.000020	0.000000	0.535138
853	0.463939	0.000018	0.000000	0.536043
854	0.462998	0.000013	0.000000	0.536989
855	0.461989	0.000011	0.000000	0.538000
856	0.461255	0.000010	0.000000	0.538735
857	0.460304	0.000013	0.000000	0.539683
858	0.459430	0.000010	0.000000	0.540560
859	0.458343	0.000011	0.000000	0.541646
860	0.457294	0.000009	0.000000	0.542697
861	0.456396	0.000012	0.000000	0.543592
862	0.455463	0.000010	0.000000	0.544527
863	0.454464	0.000012	0.000000	0.545524
864	0.453691	0.000008	0.000000	0.546301
865	0.452981	0.000011	0.000000	0.547008
866	0.451747	0.000010	0.000000	0.548243
867	0.451006	0.000013	0.000000	0.548981
868	0.450309	0.000013	0.000000	0.549678
869	0.449327	0.000008	0.000000	0.550665
870	0.448487	0.000007	0.000000	0.551506
871	0.447272	0.000005	0.000000	0.552723
872	0.446420	0.000005	0.000000	0.553575
873	0.445606	0.000002	0.000000	0.554392
874	0.444451	0.000003	0.000000	0.555546
875	0.443517	0.000003	0.000000	0.556480
876	0.442508	0.000005	0.000000	0.557487
877	0.441627	0.000004	0.000000	0.558369
878	0.440737	0.000004	0.000000	0.559259
879	0.439629	0.000002	0.000000	0.560369
880	0.438827	0.000004	0.000000	0.561169
881	0.437961	0.000003	0.000000	0.562036
882	0.437091	0.000002	0.000000	0.562907
883	0.436059	0.000001	0.000000	0.563940
884	0.435321	0.000001	0.000000	0.564678
885	0.434289	0.000002	0.000000	0.565709
886	0.433309	0.000001	0.000000	0.566690
887	0.432274	0.000005	0.000000	0.567721
888	0.431401	0.000003	0.000000	0.568596
889	0.430554	0.000005	0.000000	0.569441
890	0.429651	0.000004	0.000000	0.570345
891	0.428831	0.000005	0.000000	0.571164
892	0.427929	0.000003	0.000000	0.572068
893	0.427056	0.000004	0.000000	0.572940
894	0.426220	0.000003	0.000000	0.573777
895	0.425105	0.000006	0.000000	0.574889
896	0.424121	0.000008	0.000000	0.575871
897	0.423334	0.000004	0.000000	0.576662
898	0.422579	0.000005	0.000000	0.577416
899	0.421614	0.000005	0.000000	0.578381
900	0.420669	0.000008	0.000000	0.579323
901	0.419678	0.000010	0.000000	0.580312
902	0.418812	0.000006	0.000000	0.581182
903	0.417872	0.000006	0.000000	0.582122
904	0.416777	0.000008	0.000000	0.583215
905	0.415809	0.000010	0.000000	0.584181
906	0.414904	0.000010	0.000000	0.585086
907	0.414016	0.000010	0.000000	0.585974
908	0.412941	0.000011	0.000000	0.587048
909	0.412253	0.000009	0.000000	0.587738
910	0.411325	0.000009	0.000000	0.588666
911	0.410478	0.000008	0.000000	0.589514
912	0.409500	0.000006	0.000000	0.590494
913	0.408679	0.000007	0.000000	0.591314
914	0.407841	0.000009	0.000000	0.592150
915	0.406894	0.000004	0.000000	0.593102
916	0.406180	0.000007	0.000000	0.593813
917	0.405307	0.000005	0.000000	0.594688
918	0.404293	0.000004	0.000000	0.595703
919	0.403360	0.000005	0.000000	0.596635
920	0.402425	0.000006	0.000000	0.597569
921	0.401274	0.000006	0.000000	0.598720
922	0.400312	0.000008	0.000000	0.599680
923	0.399329	0.000006	0.000000	0.600665
924	0.398293	0.000007	0.000000	0.601700
925	0.397332	0.000006	0.000000	0.602662
926	0.396473	0.000008	0.000000	0.603519
927	0.395540	0.000007	0.000000	0.604453
928	0.394669	0.000007	0.000000	0.605324
929	0.393782	0.000005	0.000000	0.606213
930	0.392787	0.000001	0.000000	0.607212
931	0.392040	0.000002	0.000000	0.607958
932	0.391010	0.000002	0.000000	0.608988
933	0.390070	0.000001	0.000000	0.609929
934	0.389079	0.000003	0.000000	0.610918
935	0.388269	0.000005	0.000000	0.611726
936	0.387462	0.000005	0.000000	0.612533
937	0.386506	0.000003	0.000000	0.613491
938	0.385650	0.000003	0.000000	0.614347
939	0.384676	0.000004	0.000000	0.615320
940	0.383749	0.000005	0.000000	0.616246
941	0.382935	0.000003	0.000000	0.617062
942	0.381967	0.000003	0.000000	0.618030
943	0.381127	0.000005	0.000000	0.618868
944	0.380404	0.000004	0.000000	0.619592
945	0.379600	0.000003	0.000000	0.620397
946	0.378699	0.000002	0.000000	0.621299
947	0.377819	0.000006	0.000000	0.622175
948	0.376765	0.000005	0.000000	0.623230
949	0.375992	0.000006	0.000000	0.624002
950	0.375096	0.000003	0.000000	0.624901
951	0.374340	0.000004	0.000000	0.625656
952	0.373418	0.000004	0.000000	0.626578
953	0.372652	0.000004	0.000000	0.627344
954	0.371805	0.000003	0.000000	0.628192
955	0.370912	0.000005	0.000000	0.629083
956	0.370212	0.000006	0.000000	0.629782
957	0.369524	0.000002	0.000000	0.630474
958	0.368506	0.000003	0.000000	0.631491
959	0.367681	0.000004	0.000000	0.632315
960	0.366709	0.000005	0.000000	0.633286
961	0.365891	0.000005	0.000000	0.634104
962	0.365064	0.000005	0.000000	0.634931
963	0.364050	0.000004	0.000000	0.635946
964	0.363372	0.000003	0.000000	0.636625
965	0.362480	0.000004	0.000000	0.637516
966	0.361547	0.000002	0.000000	0.638451
967	0.360626	0.000001	0.000000	0.639373
968	0.359666	0.000000	0.000000	0.640334
969	0.358872	0.000002	0.000000	0.641126
970	0.358025	0.000003	0.000000	0.641972
971	0.357343	0.000002	0.000000	0.642655
972	0.356395	0.000002	0.000000	0.643603
973	0.355485	0.000002	0.000000	0.644513
974	0.354645	0.000001	0.000000	0.645354
975	0.353759	0.000001	0.000000	0.646240
976	0.352961	0.000001	0.000000	0.647038
977	0.352137	0.000001	0.000000	0.647862
978	0.351291	0.000001	0.000000	0.648708
979	0.350318	0.000001	0.000000	0.649681
980	0.349598	0.000000	0.000000	0.650402
981	0.348768	0.000000	0.000000	0.651232
982	0.347863	0.000000	0.000000	0.652137
983	0.347187	0.000000	0.000000	0.652813
984	0.346303	0.000001	0.000000	0.653696
985	0.345526	0.000001	0.000000	0.654473
986	0.344864	0.000001	0.000000	0.655135
987	0.343866	0.000000	0.000000	0.656134
988	0.343016	0.000000	0.000000	0.656984
989	0.342160	0.000000	0.000000	0.657840
990	0.341388	0.000000	0.000000	0.658612
991	0.340460	0.000000	0.000000	0.659540
992	0.339577	0.000000	0.000000	0.660423
993	0.338823	0.000000	0.000000	0.661177
994	0.337850	0.000000	0.000000	0.662150
995	0.337186	0.000000	0.000000	0.662814
996	0.336345	0.000000	0.000000	0.663655
997	0.335514	0.000000	0.000000	0.664486
998	0.334760	0.000000	0.000000	0.665240
999	0.333954	0.000000	0.000000	0.666046
1000	0.333127	0.000000	0.000000	0.666873
