0	0.299577	0.299457	0.099932	0.301034
1	0.301100	0.299860	0.098986	0.300054
2	0.299764	0.294323	0.100518	0.305395
3	0.299720	0.291926	0.100523	0.307831
4	0.297070	0.285575	0.103499	0.313856
5	0.296430	0.280803	0.104322	0.318445
6	0.294935	0.274004	0.106177	0.324884
7	0.293203	0.268343	0.107969	0.330485
8	0.291603	0.261754	0.110114	0.336529
9	0.289482	0.255491	0.111810	0.343217
10	0.288450	0.248646	0.113674	0.349230
11	0.285938	0.243071	0.115277	0.355714
12	0.284736	0.236333	0.117271	0.361660
13	0.282350	0.230660	0.118651	0.368339
14	0.280964	0.224246	0.120880	0.373910
15	0.278295	0.218418	0.122974	0.380313
16	0.276438	0.212883	0.124585	0.386094
17	0.274252	0.206372	0.126591	0.392785
18	0.272505	0.201411	0.128170	0.397914
19	0.270310	0.195392	0.130227	0.404071
20	0.268741	0.190386	0.131067	0.409806
21	0.266848	0.184394	0.133107	0.415651
22	0.265404	0.179719	0.133926	0.420951
23	0.264067	0.173823	0.136357	0.425753
24	0.261873	0.169705	0.137507	0.430915
25	0.260075	0.164386	0.138500	0.437039
26	0.258800	0.159473	0.139603	0.442124
27	0.256875	0.154792	0.141723	0.446610
28	0.255234	0.150266	0.142914	0.451586
29	0.253738	0.145908	0.144159	0.456195
30	0.251631	0.141145	0.145890	0.461334
31	0.249927	0.137179	0.146965	0.465929
32	0.248142	0.133094	0.148473	0.470291
33	0.246700	0.129179	0.149247	0.474874
34	0.245307	0.125303	0.150784	0.478606
35	0.243748	0.121314	0.151748	0.483190
36	0.241999	0.117684	0.153425	0.486892
37	0.240818	0.114216	0.153814	0.491152
38	0.239459	0.110934	0.155359	0.494248
39	0.237895	0.107505	0.156619	0.497981
40	0.236595	0.104361	0.157278	0.501766
41	0.235161	0.101155	0.158904	0.504780
42	0.233398	0.097864	0.159844	0.508894
43	0.232077	0.094883	0.161238	0.511802
44	0.230726	0.092110	0.161624	0.515540
45	0.229333	0.089058	0.162914	0.518695
46	0.228188	0.086750	0.163737	0.521325
47	0.226585	0.083982	0.164976	0.524457
48	0.225275	0.081881	0.165344	0.527500
49	0.224375	0.079122	0.166515	0.529988
50	0.222523	0.076947	0.167751	0.532779
51	0.221127	0.074596	0.169287	0.534990
52	0.220050	0.072336	0.169998	0.537616
53	0.219026	0.070402	0.170456	0.540116
54	0.217564	0.068077	0.171899	0.542460
55	0.216185	0.066314	0.172383	0.545118
56	0.215048	0.064510	0.173364	0.547078
57	0.213738	0.062915	0.174006	0.549341
58	0.212597	0.060886	0.175003	0.551514
59	0.211637	0.059010	0.175801	0.553552
60	0.210525	0.057177	0.176712	0.555586
61	0.209125	0.055382	0.177873	0.557620
62	0.208356	0.053577	0.178617	0.559450
63	0.207353	0.052128	0.179884	0.560635
64	0.205969	0.050448	0.180449	0.563134
65	0.205284	0.048649	0.181412	0.564655
66	0.203860	0.047321	0.182056	0.566763
67	0.203347	0.045806	0.182674	0.568173
68	0.202038	0.044665	0.183454	0.569843
69	0.201406	0.043345	0.183907	0.571342
70	0.200060	0.042211	0.185510	0.572219
71	0.199337	0.040829	0.185919	0.573915
72	0.198222	0.039729	0.186674	0.575375
73	0.197780	0.038449	0.187706	0.576065
74	0.196580	0.037603	0.188196	0.577621
75	0.195687	0.036319	0.189139	0.578855
76	0.194998	0.035310	0.189133	0.580559
77	0.194078	0.034271	0.190223	0.581428
78	0.193847	0.033422	0.190374	0.582357
79	0.192608	0.032319	0.191207	0.583866
80	0.192064	0.031563	0.191980	0.584393
81	0.191207	0.030585	0.192432	0.585776
82	0.190607	0.029587	0.193601	0.586205
83	0.190568	0.028852	0.193573	0.587007
84	0.189158	0.027809	0.195134	0.587899
85	0.188771	0.027329	0.195201	0.588699
86	0.188439	0.026579	0.196508	0.588474
87	0.187738	0.025791	0.197183	0.589288
88	0.187482	0.025158	0.197548	0.589812
89	0.186698	0.024244	0.198287	0.590771
90	0.186038	0.023855	0.198746	0.591361
91	0.185612	0.022869	0.199620	0.591899
92	0.184842	0.022614	0.200053	0.592491
93	0.184322	0.021646	0.201078	0.592954
94	0.183708	0.021209	0.201749	0.593334
95	0.182875	0.020436	0.202548	0.594141
96	0.182722	0.020211	0.203174	0.593893
97	0.182041	0.019603	0.204310	0.594046
98	0.181238	0.019058	0.204947	0.594757
99	0.181063	0.018451	0.205037	0.595449
100	0.180281	0.018067	0.206354	0.595298
101	0.180082	0.017563	0.206700	0.595655
102	0.179537	0.017202	0.207596	0.595665
103	0.179268	0.016761	0.207991	0.595980
104	0.178814	0.016427	0.208678	0.596081
105	0.178553	0.015983	0.208950	0.596514
106	0.178133	0.015545	0.209831	0.596491
107	0.177694	0.015076	0.210621	0.596609
108	0.177397	0.014885	0.211345	0.596373
109	0.177156	0.014349	0.212011	0.596484
110	0.176808	0.014006	0.212768	0.596418
111	0.176819	0.013723	0.213003	0.596455
112	0.176446	0.013365	0.213818	0.596371
113	0.176386	0.013114	0.214170	0.596330
114	0.176135	0.012877	0.215035	0.595953
115	0.175703	0.012381	0.215536	0.596380
116	0.175348	0.012163	0.216502	0.595987
117	0.174815	0.011782	0.217303	0.596100
118	0.174690	0.011477	0.218085	0.595748
119	0.174453	0.011173	0.218727	0.595647
120	0.174207	0.011012	0.219423	0.595358
121	0.173826	0.010581	0.219954	0.595639
122	0.173934	0.010471	0.220566	0.595029
123	0.173833	0.010123	0.220993	0.595051
124	0.173474	0.009992	0.221670	0.594864
125	0.173387	0.009719	0.222292	0.594602
126	0.173024	0.009514	0.222591	0.594871
127	0.173032	0.009282	0.223252	0.594434
128	0.172816	0.009024	0.223848	0.594312
129	0.172346	0.008863	0.224392	0.594399
130	0.172674	0.008681	0.224678	0.593967
131	0.172611	0.008564	0.225074	0.593751
132	0.172590	0.008216	0.225893	0.593301
133	0.172158	0.008148	0.226279	0.593415
134	0.172246	0.007829	0.226678	0.593247
135	0.171818	0.007672	0.227586	0.592924
136	0.172417	0.007577	0.227759	0.592247
137	0.172093	0.007400	0.228480	0.592027
138	0.172136	0.007261	0.229015	0.591588
139	0.171972	0.007062	0.229682	0.591284
140	0.172664	0.006934	0.230206	0.590196
141	0.172143	0.006787	0.230819	0.590251
142	0.172292	0.006730	0.231391	0.589587
143	0.172151	0.006515	0.232006	0.589328
144	0.172006	0.006443	0.232634	0.588917
145	0.172303	0.006262	0.233557	0.587878
146	0.172366	0.006164	0.234253	0.587217
147	0.172397	0.005988	0.235006	0.586609
148	0.172526	0.005898	0.234770	0.586806
149	0.172336	0.005810	0.236120	0.585734
150	0.172415	0.005687	0.236062	0.585836
151	0.172771	0.005572	0.236738	0.584919
152	0.172604	0.005414	0.236747	0.585235
153	0.172629	0.005339	0.237802	0.584230
154	0.172644	0.005186	0.237989	0.584181
155	0.172827	0.005192	0.238963	0.583018
156	0.172900	0.005003	0.239234	0.582863
157	0.173049	0.004947	0.239875	0.582129
158	0.173155	0.004837	0.240979	0.581029
159	0.173328	0.004799	0.241099	0.580774
160	0.173604	0.004633	0.241728	0.580035
161	0.173150	0.004592	0.241473	0.580785
162	0.173692	0.004456	0.242776	0.579076
163	0.173579	0.004392	0.242959	0.579070
164	0.174027	0.004234	0.243985	0.577754
165	0.173927	0.004238	0.244023	0.577812
166	0.174066	0.004057	0.244562	0.577315
167	0.174467	0.003970	0.244742	0.576821
168	0.174470	0.003969	0.245297	0.576264
169	0.175046	0.003861	0.245678	0.575415
170	0.175103	0.003761	0.246303	0.574833
171	0.175424	0.003723	0.246964	0.573889
172	0.175345	0.003586	0.247440	0.573629
173	0.175395	0.003559	0.248396	0.572650
174	0.175625	0.003515	0.248669	0.572191
175	0.176001	0.003414	0.249198	0.571387
176	0.176125	0.003357	0.250221	0.570297
177	0.176049	0.003287	0.250647	0.570017
178	0.176160	0.003216	0.251424	0.569200
179	0.176677	0.003233	0.251675	0.568415
180	0.176463	0.003151	0.252342	0.568044
181	0.177046	0.003095	0.252701	0.567158
182	0.177348	0.003046	0.252869	0.566737
183	0.177459	0.002994	0.252987	0.566560
184	0.178133	0.002900	0.253594	0.565373
185	0.178372	0.002813	0.253946	0.564869
186	0.178597	0.002748	0.254855	0.563800
187	0.179096	0.002674	0.255208	0.563022
188	0.179606	0.002662	0.255407	0.562325
189	0.180023	0.002628	0.255902	0.561447
190	0.180110	0.002587	0.256751	0.560552
191	0.180494	0.002638	0.257519	0.559349
192	0.180616	0.002490	0.258588	0.558306
193	0.181153	0.002461	0.258865	0.557521
194	0.181324	0.002401	0.259046	0.557229
195	0.181948	0.002286	0.259567	0.556199
196	0.182367	0.002337	0.259842	0.555454
197	0.182679	0.002239	0.260155	0.554927
198	0.183093	0.002202	0.261300	0.553405
199	0.183178	0.002148	0.261530	0.553144
200	0.183569	0.002131	0.262449	0.551851
201	0.184322	0.002069	0.262192	0.551417
202	0.184253	0.002088	0.263046	0.550613
203	0.185010	0.001988	0.263365	0.549637
204	0.185476	0.001970	0.263377	0.549177
205	0.185892	0.001924	0.263849	0.548335
206	0.186198	0.001866	0.264614	0.547322
207	0.186590	0.001897	0.264456	0.547057
208	0.186995	0.001854	0.265405	0.545746
209	0.187123	0.001852	0.266103	0.544922
210	0.187685	0.001805	0.266618	0.543892
211	0.187846	0.001794	0.266874	0.543486
212	0.188340	0.001761	0.267477	0.542422
213	0.188779	0.001742	0.267364	0.542115
214	0.189403	0.001728	0.268048	0.540821
215	0.190074	0.001699	0.267883	0.540344
216	0.190152	0.001681	0.268891	0.539276
217	0.190901	0.001641	0.268836	0.538622
218	0.191078	0.001619	0.269046	0.538257
219	0.191598	0.001570	0.269431	0.537401
220	0.192266	0.001576	0.269923	0.536235
221	0.192506	0.001569	0.270703	0.535222
222	0.193006	0.001541	0.271641	0.533812
223	0.193696	0.001515	0.271077	0.533712
224	0.194091	0.001517	0.271899	0.532493
225	0.194261	0.001509	0.272025	0.532205
226	0.194756	0.001496	0.272930	0.530818
227	0.195362	0.001455	0.273003	0.530180
228	0.195762	0.001464	0.273791	0.528983
229	0.196729	0.001439	0.273810	0.528022
230	0.197266	0.001432	0.274377	0.526925
231	0.197566	0.001382	0.274750	0.526302
232	0.198407	0.001378	0.274671	0.525544
233	0.199116	0.001361	0.275120	0.524403
234	0.199296	0.001316	0.275427	0.523961
235	0.199863	0.001334	0.275884	0.522919
236	0.200375	0.001297	0.276361	0.521967
237	0.200984	0.001245	0.277346	0.520425
238	0.201764	0.001251	0.276883	0.520102
239	0.202268	0.001213	0.278325	0.518194
240	0.203064	0.001206	0.277973	0.517757
241	0.203173	0.001218	0.279072	0.516537
242	0.204272	0.001198	0.278621	0.515909
243	0.204601	0.001174	0.279309	0.514916
244	0.205422	0.001132	0.279344	0.514102
245	0.205513	0.001090	0.280205	0.513192
246	0.206362	0.001062	0.279896	0.512680
247	0.206217	0.001048	0.281155	0.511580
248	0.207702	0.001014	0.280763	0.510521
249	0.207616	0.001041	0.281585	0.509758
250	0.208715	0.000969	0.282165	0.508151
251	0.209237	0.001001	0.282419	0.507343
252	0.209341	0.000976	0.283046	0.506637
253	0.210400	0.000945	0.283167	0.505488
254	0.210360	0.000951	0.284311	0.504378
255	0.211313	0.000918	0.283797	0.503972
256	0.211717	0.000890	0.284942	0.502451
257	0.212602	0.000867	0.284732	0.501799
258	0.212947	0.000896	0.285410	0.500747
259	0.214063	0.000861	0.285081	0.499995
260	0.214379	0.000836	0.286159	0.498626
261	0.215195	0.000861	0.285847	0.498097
262	0.215557	0.000824	0.286115	0.497504
263	0.216418	0.000857	0.286218	0.496507
264	0.216929	0.000801	0.286523	0.495747
265	0.217999	0.000821	0.286486	0.494694
266	0.218384	0.000783	0.286996	0.493837
267	0.219274	0.000798	0.287480	0.492448
268	0.219436	0.000749	0.287778	0.492037
269	0.220960	0.000780	0.287580	0.490680
270	0.221191	0.000777	0.288052	0.489980
271	0.222375	0.000769	0.287893	0.488963
272	0.222751	0.000774	0.288389	0.488086
273	0.224071	0.000724	0.288402	0.486803
274	0.224836	0.000755	0.288598	0.485811
275	0.225499	0.000738	0.288639	0.485124
276	0.226526	0.000724	0.288529	0.484221
277	0.226948	0.000718	0.288927	0.483407
278	0.227734	0.000690	0.288880	0.482696
279	0.228311	0.000709	0.289105	0.481875
280	0.229007	0.000684	0.288817	0.481492
281	0.229570	0.000683	0.289622	0.480125
282	0.230609	0.000687	0.289513	0.479191
283	0.231302	0.000658	0.290166	0.477874
284	0.232115	0.000646	0.290571	0.476668
285	0.232837	0.000663	0.290652	0.475848
286	0.233933	0.000659	0.290583	0.474825
287	0.234885	0.000633	0.290362	0.474120
288	0.235690	0.000624	0.290682	0.473004
289	0.236363	0.000637	0.290460	0.472540
290	0.237227	0.000609	0.291057	0.471107
291	0.237652	0.000608	0.291110	0.470630
292	0.238630	0.000575	0.291043	0.469752
293	0.239290	0.000599	0.291360	0.468751
294	0.240286	0.000569	0.291293	0.467852
295	0.240938	0.000576	0.291720	0.466766
296	0.241892	0.000559	0.291434	0.466115
297	0.242496	0.000552	0.291952	0.465000
298	0.243108	0.000547	0.292229	0.464116
299	0.244021	0.000523	0.292340	0.463116
300	0.244614	0.000515	0.291910	0.462961
301	0.245586	0.000542	0.292567	0.461305
302	0.246374	0.000494	0.293171	0.459961
303	0.247423	0.000502	0.292881	0.459194
304	0.248423	0.000522	0.293296	0.457759
305	0.248975	0.000469	0.293167	0.457389
306	0.250197	0.000480	0.293271	0.456052
307	0.250815	0.000464	0.293007	0.455714
308	0.251949	0.000491	0.293520	0.454040
309	0.252784	0.000463	0.293268	0.453485
310	0.253312	0.000477	0.293798	0.452413
311	0.254464	0.000479	0.294012	0.451045
312	0.255115	0.000443	0.294158	0.450284
313	0.256709	0.000423	0.294197	0.448671
314	0.256932	0.000435	0.294015	0.448618
315	0.258259	0.000431	0.294301	0.447009
316	0.258906	0.000426	0.293558	0.447110
317	0.260161	0.000441	0.294093	0.445305
318	0.261170	0.000414	0.293309	0.445107
319	0.262205	0.000420	0.293929	0.443446
320	0.263365	0.000417	0.293818	0.442400
321	0.264308	0.000410	0.293452	0.441830
322	0.265593	0.000413	0.293682	0.440312
323	0.266547	0.000395	0.293263	0.439795
324	0.267783	0.000376	0.292995	0.438846
325	0.268755	0.000395	0.293212	0.437638
326	0.269542	0.000345	0.293105	0.437008
327	0.270064	0.000371	0.293030	0.436535
328	0.271357	0.000363	0.292910	0.435370
329	0.272059	0.000366	0.293261	0.434314
330	0.273032	0.000379	0.293316	0.433273
331	0.274034	0.000374	0.292945	0.432647
332	0.275089	0.000335	0.292915	0.431661
333	0.276288	0.000351	0.292598	0.430763
334	0.277026	0.000343	0.292671	0.429960
335	0.278258	0.000361	0.292470	0.428911
336	0.278485	0.000346	0.293097	0.428072
337	0.280242	0.000342	0.292395	0.427021
338	0.281105	0.000330	0.291855	0.426710
339	0.282572	0.000320	0.291702	0.425406
340	0.283071	0.000324	0.291767	0.424838
341	0.284299	0.000318	0.291500	0.423883
342	0.285296	0.000327	0.291279	0.423098
343	0.286586	0.000317	0.291229	0.421868
344	0.287317	0.000296	0.291222	0.421165
345	0.288639	0.000300	0.290744	0.420317
346	0.289504	0.000269	0.290851	0.419376
347	0.290415	0.000291	0.290461	0.418833
348	0.292035	0.000273	0.290671	0.417021
349	0.292658	0.000300	0.290183	0.416859
350	0.293946	0.000263	0.290507	0.415284
351	0.295183	0.000283	0.289482	0.415052
352	0.296447	0.000271	0.289449	0.413833
353	0.297342	0.000297	0.289316	0.413045
354	0.298283	0.000285	0.289150	0.412282
355	0.299462	0.000277	0.288829	0.411432
356	0.300227	0.000272	0.288634	0.410867
357	0.301609	0.000258	0.288477	0.409656
358	0.302676	0.000255	0.288341	0.408728
359	0.303339	0.000258	0.288043	0.408360
360	0.304779	0.000268	0.287714	0.407239
361	0.305219	0.000266	0.287565	0.406950
362	0.306900	0.000278	0.287557	0.405265
363	0.307679	0.000267	0.286928	0.405126
364	0.308883	0.000269	0.287356	0.403492
365	0.310130	0.000264	0.287042	0.402564
366	0.311143	0.000253	0.286950	0.401654
367	0.311847	0.000259	0.287207	0.400687
368	0.313208	0.000251	0.286450	0.400091
369	0.313937	0.000261	0.286192	0.399610
370	0.315100	0.000242	0.285895	0.398763
371	0.315823	0.000258	0.285574	0.398345
372	0.317182	0.000246	0.285677	0.396895
373	0.317919	0.000241	0.284908	0.396932
374	0.319517	0.000234	0.285249	0.395000
375	0.320422	0.000237	0.284368	0.394973
376	0.321940	0.000239	0.284542	0.393279
377	0.322510	0.000244	0.283643	0.393603
378	0.324327	0.000222	0.283655	0.391796
379	0.324776	0.000235	0.283721	0.391268
380	0.326828	0.000229	0.282835	0.390108
381	0.327708	0.000215	0.282562	0.389515
382	0.329223	0.000220	0.282411	0.388146
383	0.329679	0.000219	0.282293	0.387809
384	0.331436	0.000222	0.281987	0.386355
385	0.331878	0.000219	0.281968	0.385935
386	0.333438	0.000215	0.281303	0.385044
387	0.334385	0.000221	0.281250	0.384144
388	0.335812	0.000209	0.280496	0.383483
389	0.336745	0.000216	0.280693	0.382346
390	0.338112	0.000207	0.279789	0.381892
391	0.339023	0.000204	0.279465	0.381308
392	0.340283	0.000207	0.279062	0.380448
393	0.341430	0.000201	0.278838	0.379531
394	0.342274	0.000221	0.278113	0.379392
395	0.343207	0.000206	0.278685	0.377902
396	0.344568	0.000200	0.277632	0.377600
397	0.345644	0.000213	0.277613	0.376530
398	0.346826	0.000206	0.277225	0.375743
399	0.347882	0.000204	0.276785	0.375129
400	0.349107	0.000218	0.276242	0.374433
401	0.350409	0.000204	0.276036	0.373351
402	0.351264	0.000216	0.275656	0.372864
403	0.352735	0.000193	0.275468	0.371604
404	0.353593	0.000212	0.275593	0.370602
405	0.355293	0.000177	0.274547	0.369983
406	0.356074	0.000216	0.274352	0.369358
407	0.357761	0.000181	0.273519	0.368539
408	0.358704	0.000200	0.273282	0.367814
409	0.360008	0.000175	0.272946	0.366871
410	0.361135	0.000180	0.272841	0.365844
411	0.362250	0.000169	0.272248	0.365333
412	0.362841	0.000164	0.271969	0.365026
413	0.364534	0.000164	0.271082	0.364220
414	0.365391	0.000159	0.270903	0.363547
415	0.367058	0.000162	0.269928	0.362852
416	0.368417	0.000163	0.269661	0.361759
417	0.369420	0.000148	0.268898	0.361534
418	0.370304	0.000166	0.268516	0.361014
419	0.371487	0.000144	0.268052	0.360317
420	0.372277	0.000171	0.268068	0.359484
421	0.373932	0.000153	0.266831	0.359084
422	0.374758	0.000162	0.266874	0.358206
423	0.376125	0.000162	0.266496	0.357217
424	0.377264	0.000159	0.266001	0.356576
425	0.378449	0.000166	0.265474	0.355911
426	0.379786	0.000140	0.265046	0.355028
427	0.380893	0.000151	0.264547	0.354409
428	0.382286	0.000147	0.263589	0.353978
429	0.383235	0.000155	0.263507	0.353103
430	0.384589	0.000155	0.262524	0.352732
431	0.385520	0.000158	0.262984	0.351338
432	0.387011	0.000151	0.261785	0.351053
433	0.388019	0.000150	0.261451	0.350380
434	0.389116	0.000141	0.261209	0.349534
435	0.390629	0.000147	0.260169	0.349055
436	0.391375	0.000147	0.259934	0.348544
437	0.392726	0.000148	0.259017	0.348109
438	0.394104	0.000153	0.258908	0.346835
439	0.394753	0.000136	0.258311	0.346800
440	0.396681	0.000147	0.258081	0.345091
441	0.397388	0.000132	0.257280	0.345200
442	0.399087	0.000132	0.256755	0.344026
443	0.399786	0.000124	0.255967	0.344123
444	0.400868	0.000146	0.255959	0.343027
445	0.401936	0.000111	0.255051	0.342902
446	0.403255	0.000129	0.255025	0.341591
447	0.404726	0.000122	0.254037	0.341115
448	0.405358	0.000121	0.253804	0.340717
449	0.407030	0.000117	0.252947	0.339906
450	0.408284	0.000106	0.252495	0.339115
451	0.409318	0.000110	0.252260	0.338312
452	0.410711	0.000107	0.251249	0.337933
453	0.412166	0.000105	0.250495	0.337234
454	0.413272	0.000118	0.249708	0.336902
455	0.414899	0.000095	0.249175	0.335831
456	0.415657	0.000103	0.248690	0.335550
457	0.417172	0.000110	0.247674	0.335044
458	0.418015	0.000103	0.247787	0.334095
459	0.419318	0.000106	0.246905	0.333671
460	0.420256	0.000111	0.246842	0.332791
461	0.421602	0.000108	0.246094	0.332196
462	0.422852	0.000113	0.245550	0.331485
463	0.423807	0.000107	0.244819	0.331267
464	0.425327	0.000100	0.244266	0.330307
465	0.426246	0.000116	0.243573	0.330065
466	0.427791	0.000102	0.243055	0.329052
467	0.428940	0.000109	0.242183	0.328768
468	0.430243	0.000116	0.242225	0.327416
469	0.431108	0.000106	0.241483	0.327303
470	0.432858	0.000106	0.240635	0.326401
471	0.433539	0.000107	0.240318	0.326036
472	0.435537	0.000102	0.239586	0.324775
473	0.436313	0.000096	0.238937	0.324654
474	0.437562	0.000104	0.238259	0.324075
475	0.438729	0.000086	0.237374	0.323811
476	0.439828	0.000096	0.236889	0.323187
477	0.441157	0.000101	0.236496	0.322246
478	0.442115	0.000107	0.235685	0.322093
479	0.443351	0.000096	0.235400	0.321153
480	0.444598	0.000107	0.234516	0.320779
481	0.446047	0.000102	0.234002	0.319849
482	0.447227	0.000109	0.233406	0.319258
483	0.449073	0.000087	0.232686	0.318154
484	0.449902	0.000091	0.232387	0.317620
485	0.451466	0.000080	0.231296	0.317158
486	0.452428	0.000085	0.230663	0.316824
487	0.453912	0.000075	0.229795	0.316218
488	0.455141	0.000083	0.229646	0.315130
489	0.456573	0.000084	0.228795	0.314548
490	0.457238	0.000073	0.228542	0.314147
491	0.458768	0.000080	0.227770	0.313382
492	0.459779	0.000075	0.227193	0.312953
493	0.460994	0.000085	0.225897	0.313024
494	0.462520	0.000086	0.225087	0.312307
495	0.463612	0.000088	0.224058	0.312242
496	0.464659	0.000083	0.223885	0.311373
497	0.465946	0.000096	0.222825	0.311133
498	0.466979	0.000083	0.222500	0.310438
499	0.468127	0.000106	0.221268	0.310499
500	0.469490	0.000090	0.221224	0.309196
501	0.470519	0.000083	0.220053	0.309345
502	0.471694	0.000092	0.219639	0.308575
503	0.472482	0.000085	0.218869	0.308564
504	0.474082	0.000106	0.218387	0.307425
505	0.475211	0.000094	0.217590	0.307105
506	0.475832	0.000108	0.217505	0.306555
507	0.477321	0.000082	0.216542	0.306055
508	0.478336	0.000095	0.216328	0.305241
509	0.479576	0.000084	0.215388	0.304952
510	0.480708	0.000095	0.215133	0.304064
511	0.482008	0.000084	0.214179	0.303729
512	0.483125	0.000092	0.213383	0.303400
513	0.484181	0.000080	0.212649	0.303090
514	0.485658	0.000088	0.212057	0.302197
515	0.486932	0.000098	0.210964	0.302006
516	0.488150	0.000089	0.210069	0.301692
517	0.488972	0.000086	0.209962	0.300980
518	0.490635	0.000090	0.208872	0.300403
519	0.491726	0.000082	0.207907	0.300285
520	0.493228	0.000100	0.207118	0.299554
521	0.493768	0.000097	0.206658	0.299477
522	0.495481	0.000098	0.205645	0.298776
523	0.496165	0.000112	0.205558	0.298165
524	0.497616	0.000104	0.204898	0.297382
525	0.498500	0.000105	0.204115	0.297280
526	0.499643	0.000100	0.203864	0.296393
527	0.500715	0.000099	0.202792	0.296394
528	0.502063	0.000103	0.202339	0.295495
529	0.502795	0.000091	0.201233	0.295881
530	0.504195	0.000100	0.201170	0.294535
531	0.505364	0.000089	0.199691	0.294856
532	0.506477	0.000095	0.200068	0.293360
533	0.507602	0.000092	0.198586	0.293720
534	0.508867	0.000094	0.197902	0.293137
535	0.509922	0.000084	0.197059	0.292935
536	0.511168	0.000094	0.196328	0.292410
537	0.511897	0.000088	0.195698	0.292317
538	0.512877	0.000093	0.195178	0.291852
539	0.514088	0.000090	0.194345	0.291477
540	0.514678	0.000080	0.194178	0.291064
541	0.516130	0.000081	0.193039	0.290750
542	0.516980	0.000073	0.192293	0.290654
543	0.518177	0.000067	0.191821	0.289935
544	0.519060	0.000062	0.191114	0.289764
545	0.520407	0.000078	0.190080	0.289435
546	0.521521	0.000060	0.189897	0.288522
547	0.522607	0.000065	0.188842	0.288486
548	0.523640	0.000056	0.188088	0.288216
549	0.524791	0.000060	0.187492	0.287657
550	0.525375	0.000059	0.186932	0.287634
551	0.526347	0.000064	0.186051	0.287538
552	0.527304	0.000056	0.185394	0.287246
553	0.527835	0.000061	0.184553	0.287551
554	0.529285	0.000054	0.183946	0.286715
555	0.530258	0.000060	0.183264	0.286418
556	0.531825	0.000057	0.182047	0.286071
557	0.532350	0.000052	0.181728	0.285870
558	0.533838	0.000053	0.180714	0.285395
559	0.534276	0.000046	0.180639	0.285039
560	0.535834	0.000045	0.179592	0.284529
561	0.536661	0.000043	0.179201	0.284095
562	0.537907	0.000043	0.178328	0.283722
563	0.539082	0.000049	0.177315	0.283554
564	0.540267	0.000043	0.176555	0.283135
565	0.541367	0.000044	0.175877	0.282712
566	0.542486	0.000034	0.175266	0.282214
567	0.543225	0.000038	0.174398	0.282339
568	0.544297	0.000027	0.173868	0.281808
569	0.544784	0.000031	0.172993	0.282192
570	0.546384	0.000021	0.172015	0.281580
571	0.547172	0.000035	0.171675	0.281118
572	0.548279	0.000023	0.170812	0.280886
573	0.548887	0.000031	0.170557	0.280525
574	0.550558	0.000026	0.169244	0.280172
575	0.551045	0.000027	0.169156	0.279772
576	0.552364	0.000026	0.167885	0.279725
577	0.552848	0.000029	0.167637	0.279486
578	0.553912	0.000024	0.166979	0.279085
579	0.555222	0.000022	0.166436	0.278320
580	0.555948	0.000033	0.165556	0.278463
581	0.556585	0.000025	0.165194	0.278196
582	0.557896	0.000030	0.164445	0.277629
583	0.558383	0.000020	0.164028	0.277569
584	0.560079	0.000027	0.162817	0.277077
585	0.560574	0.000020	0.162588	0.276818
586	0.561949	0.000018	0.161272	0.276761
587	0.562506	0.000019	0.161137	0.276338
588	0.563859	0.000017	0.159918	0.276206
589	0.564910	0.000015	0.159447	0.275628
590	0.565683	0.000022	0.158832	0.275463
591	0.566657	0.000014	0.158118	0.275211
592	0.567395	0.000020	0.157658	0.274927
593	0.568191	0.000013	0.156657	0.275139
594	0.569251	0.000021	0.156402	0.274326
595	0.569610	0.000014	0.155724	0.274652
596	0.571058	0.000023	0.155185	0.273734
597	0.571880	0.000012	0.154721	0.273387
598	0.572623	0.000014	0.153704	0.273659
599	0.573145	0.000014	0.153735	0.273106
600	0.574340	0.000014	0.152829	0.272817
601	0.575092	0.000015	0.151922	0.272971
602	0.576157	0.000008	0.151114	0.272721
603	0.577032	0.000008	0.150650	0.272310
604	0.578116	0.000011	0.149803	0.272070
605	0.578354	0.000007	0.149557	0.272082
606	0.579478	0.000008	0.148400	0.272114
607	0.580302	0.000012	0.147896	0.271790
608	0.581260	0.000011	0.146956	0.271773
609	0.582317	0.000009	0.146313	0.271361
610	0.583001	0.000006	0.145786	0.271207
611	0.583573	0.000011	0.145232	0.271184
612	0.584761	0.000009	0.144427	0.270803
613	0.585397	0.000011	0.144023	0.270569
614	0.586261	0.000008	0.143231	0.270500
615	0.587312	0.000007	0.142391	0.270290
616	0.587840	0.000007	0.141793	0.270360
617	0.588558	0.000009	0.141136	0.270297
618	0.589428	0.000008	0.140571	0.269993
619	0.589937	0.000010	0.140112	0.269941
620	0.590811	0.000007	0.139765	0.269417
621	0.591431	0.000006	0.139123	0.269440
622	0.592614	0.000005	0.138538	0.268843
623	0.593195	0.000007	0.138020	0.268778
624	0.594158	0.000002	0.137146	0.268694
625	0.594612	0.000008	0.136207	0.269173
626	0.595456	0.000003	0.135781	0.268760
627	0.596038	0.000007	0.135448	0.268507
628	0.596692	0.000002	0.134682	0.268624
629	0.597468	0.000009	0.134294	0.268229
630	0.598384	0.000006	0.133128	0.268482
631	0.598622	0.000011	0.132997	0.268370
632	0.599020	0.000007	0.132572	0.268401
633	0.599934	0.000011	0.132159	0.267896
634	0.600611	0.000008	0.131664	0.267717
635	0.600932	0.000007	0.131375	0.267686
636	0.601607	0.000006	0.130386	0.268001
637	0.601856	0.000007	0.130250	0.267887
638	0.602861	0.000007	0.129376	0.267756
639	0.603257	0.000007	0.129074	0.267662
640	0.603759	0.000010	0.128462	0.267769
641	0.604624	0.000006	0.127594	0.267776
642	0.605198	0.000007	0.127115	0.267680
643	0.606007	0.000009	0.126334	0.267650
644	0.606774	0.000009	0.126070	0.267147
645	0.607606	0.000011	0.124965	0.267418
646	0.608274	0.000012	0.124796	0.266918
647	0.609172	0.000012	0.123860	0.266956
648	0.609212	0.000011	0.123620	0.267157
649	0.610370	0.000015	0.122935	0.266680
650	0.610617	0.000015	0.122459	0.266909
651	0.611245	0.000015	0.121912	0.266828
652	0.611260	0.000011	0.121264	0.267465
653	0.612016	0.000018	0.120779	0.267187
654	0.612387	0.000014	0.120335	0.267264
655	0.613269	0.000014	0.119940	0.266777
656	0.613590	0.000017	0.119322	0.267071
657	0.614311	0.000014	0.118652	0.267023
658	0.614655	0.000018	0.117955	0.267372
659	0.615570	0.000012	0.117329	0.267089
660	0.615509	0.000015	0.116632	0.267844
661	0.616765	0.000014	0.115939	0.267282
662	0.616876	0.000011	0.115609	0.267504
663	0.618015	0.000012	0.115071	0.266902
664	0.618203	0.000010	0.114788	0.266999
665	0.618903	0.000010	0.113965	0.267122
666	0.619287	0.000012	0.113552	0.267149
667	0.619852	0.000010	0.112868	0.267270
668	0.619776	0.000011	0.112740	0.267473
669	0.620599	0.000005	0.111768	0.267628
670	0.620446	0.000008	0.111716	0.267830
671	0.621608	0.000003	0.110565	0.267824
672	0.621845	0.000006	0.110403	0.267746
673	0.622493	0.000002	0.109924	0.267581
674	0.622433	0.000003	0.109703	0.267861
675	0.623085	0.000003	0.109021	0.267891
676	0.623553	0.000003	0.108613	0.267831
677	0.623960	0.000003	0.107717	0.268320
678	0.624176	0.000003	0.107257	0.268564
679	0.624926	0.000002	0.106606	0.268466
680	0.625049	0.000004	0.106231	0.268716
681	0.626025	0.000003	0.105968	0.268004
682	0.625552	0.000006	0.105485	0.268957
683	0.626634	0.000002	0.105035	0.268329
684	0.626273	0.000007	0.104750	0.268970
685	0.627166	0.000003	0.104088	0.268743
686	0.627614	0.000007	0.103941	0.268438
687	0.627993	0.000002	0.103574	0.268431
688	0.628349	0.000007	0.102938	0.268706
689	0.628574	0.000000	0.102610	0.268816
690	0.628950	0.000003	0.102135	0.268912
691	0.629201	0.000001	0.101976	0.268822
692	0.629319	0.000004	0.101360	0.269317
693	0.629508	0.000002	0.101027	0.269463
694	0.629818	0.000002	0.100562	0.269618
695	0.630153	0.000002	0.100407	0.269438
696	0.630798	0.000003	0.099635	0.269564
697	0.631074	0.000001	0.099234	0.269691
698	0.631386	0.000001	0.098912	0.269701
699	0.632046	0.000001	0.098235	0.269718
700	0.632155	0.000002	0.097803	0.270040
701	0.632375	0.000003	0.097386	0.270236
702	0.632522	0.000001	0.097017	0.270460
703	0.633009	0.000004	0.096664	0.270323
704	0.633491	0.000001	0.096274	0.270234
705	0.634207	0.000002	0.095666	0.270125
706	0.633937	0.000002	0.095319	0.270742
707	0.634306	0.000001	0.094711	0.270982
708	0.634130	0.000001	0.094667	0.271202
709	0.634510	0.000001	0.094046	0.271443
710	0.634659	0.000001	0.093743	0.271597
711	0.635016	0.000000	0.093236	0.271748
712	0.635270	0.000001	0.092712	0.272017
713	0.635732	0.000001	0.092277	0.271990
714	0.635701	0.000001	0.091821	0.272477
715	0.636216	0.000000	0.091439	0.272345
716	0.636116	0.000001	0.090996	0.272887
717	0.636741	0.000001	0.090490	0.272768
718	0.636630	0.000001	0.090068	0.273301
719	0.637204	0.000000	0.089642	0.273154
720	0.637341	0.000000	0.089187	0.273472
721	0.637623	0.000000	0.088891	0.273486
722	0.637847	0.000000	0.088526	0.273627
723	0.637980	0.000000	0.088138	0.273882
724	0.637941	0.000000	0.087782	0.274277
725	0.638417	0.000000	0.087538	0.274045
726	0.638345	0.000000	0.087007	0.274648
727	0.638599	0.000000	0.087052	0.274349
728	0.638536	0.000000	0.086447	0.275017
729	0.638822	0.000000	0.086021	0.275157
730	0.638828	0.000000	0.085792	0.275380
731	0.639225	0.000000	0.085587	0.275188
732	0.638993	0.000000	0.085361	0.275646
733	0.639839	0.000000	0.085089	0.275072
734	0.639577	0.000000	0.084590	0.275833
735	0.639676	0.000000	0.084516	0.275808
736	0.639822	0.000000	0.083674	0.276504
737	0.639874	0.000000	0.083305	0.276821
738	0.639766	0.000000	0.083240	0.276994
739	0.639736	0.000000	0.082604	0.277660
740	0.639871	0.000000	0.082450	0.277679
741	0.640030	0.000000	0.081782	0.278188
742	0.640071	0.000000	0.081934	0.277995
743	0.640056	0.000000	0.081628	0.278316
744	0.639980	0.000000	0.081672	0.278348
745	0.640160	0.000000	0.081207	0.278633
746	0.640270	0.000000	0.081249	0.278481
747	0.640582	0.000000	0.080589	0.278829
748	0.640488	0.000000	0.080533	0.278979
749	0.641011	0.000000	0.080020	0.278969
750	0.641085	0.000000	0.079694	0.279221
751	0.641129	0.000000	0.079440	0.279431
752	0.640848	0.000000	0.079296	0.279856
753	0.641459	0.000000	0.078663	0.279878
754	0.641314	0.000000	0.078738	0.279948
755	0.641739	0.000000	0.078199	0.280062
756	0.641742	0.000000	0.077859	0.280399
757	0.641584	0.000000	0.077678	0.280738
758	0.641898	0.000000	0.077393	0.280709
759	0.641686	0.000000	0.077246	0.281068
760	0.642030	0.000000	0.077180	0.280790
761	0.642044	0.000000	0.076506	0.281450
762	0.642099	0.000000	0.076386	0.281515
763	0.642102	0.000000	0.075984	0.281914
764	0.642488	0.000000	0.075525	0.281987
765	0.642131	0.000000	0.075347	0.282522
766	0.642028	0.000000	0.075153	0.282819
767	0.641940	0.000000	0.074936	0.283124
768	0.641975	0.000000	0.074736	0.283289
769	0.641953	0.000000	0.074467	0.283580
770	0.641663	0.000000	0.074588	0.283749
771	0.641830	0.000000	0.073844	0.284326
772	0.641510	0.000000	0.073767	0.284723
773	0.641722	0.000000	0.073356	0.284922
774	0.641411	0.000000	0.073259	0.285330
775	0.641673	0.000000	0.072965	0.285362
776	0.641664	0.000000	0.072411	0.285925
777	0.641619	0.000000	0.072507	0.285874
778	0.641867	0.000000	0.071838	0.286295
779	0.641498	0.000000	0.072108	0.286394
780	0.641610	0.000000	0.071421	0.286969
781	0.641398	0.000000	0.071493	0.287109
782	0.641311	0.000000	0.071224	0.287465
783	0.641658	0.000000	0.070987	0.287355
784	0.641446	0.000000	0.070785	0.287769
785	0.641603	0.000000	0.070258	0.288139
786	0.641680	0.000000	0.070040	0.288280
787	0.641266	0.000000	0.070137	0.288597
788	0.641388	0.000000	0.069710	0.288902
789	0.641235	0.000000	0.069945	0.288820
790	0.640552	0.000000	0.069670	0.289778
791	0.640861	0.000000	0.069566	0.289573
792	0.640489	0.000000	0.069178	0.290333
793	0.640456	0.000000	0.069159	0.290385
794	0.640726	0.000000	0.068827	0.290447
795	0.640448	0.000000	0.068876	0.290676
796	0.640450	0.000000	0.068266	0.291284
797	0.639896	0.000000	0.068367	0.291737
798	0.639928	0.000000	0.067966	0.292106
799	0.639713	0.000000	0.068072	0.292215
800	0.639449	0.000000	0.067903	0.292648
801	0.639810	0.000000	0.067713	0.292477
802	0.639264	0.000000	0.067630	0.293106
803	0.639488	0.000000	0.067397	0.293115
804	0.638320	0.000000	0.067601	0.294079
805	0.639062	0.000000	0.067067	0.293871
806	0.638738	0.000000	0.066976	0.294286
807	0.638336	0.000000	0.066862	0.294802
808	0.638196	0.000000	0.066633	0.295171
809	0.637893	0.000000	0.066531	0.295576
810	0.637750	0.000000	0.066277	0.295973
811	0.637395	0.000000	0.066339	0.296266
812	0.637291	0.000000	0.065844	0.296865
813	0.636797	0.000000	0.066011	0.297192
814	0.636953	0.000000	0.065629	0.297418
815	0.636487	0.000000	0.065325	0.298188
816	0.636661	0.000000	0.065454	0.297885
817	0.636189	0.000000	0.065175	0.298636
818	0.636311	0.000000	0.065267	0.298422
819	0.635736	0.000000	0.065363	0.298901
820	0.635715	0.000000	0.065264	0.299021
821	0.635472	0.000000	0.064817	0.299711
822	0.635187	0.000000	0.064990	0.299823
823	0.634751	0.000000	0.064379	0.300870
824	0.634348	0.000000	0.064503	0.301149
825	0.634444	0.000000	0.064203	0.301353
826	0.634012	0.000000	0.064059	0.301929
827	0.633880	0.000000	0.063882	0.302238
828	0.633601	0.000000	0.063622	0.302777
829	0.633917	0.000000	0.063638	0.302445
830	0.633409	0.000000	0.063313	0.303278
831	0.633373	0.000000	0.063405	0.303222
832	0.632727	0.000000	0.062999	0.304274
833	0.633022	0.000000	0.063136	0.303842
834	0.631896	0.000000	0.062939	0.305165
835	0.632614	0.000000	0.062696	0.304690
836	0.631497	0.000000	0.062735	0.305768
837	0.631851	0.000000	0.062607	0.305542
838	0.631222	0.000000	0.062797	0.305981
839	0.630977	0.000000	0.062354	0.306669
840	0.631014	0.000000	0.062482	0.306504
841	0.630916	0.000000	0.061855	0.307229
842	0.630803	0.000000	0.062138	0.307059
843	0.630369	0.000000	0.061783	0.307848
844	0.630036	0.000000	0.061730	0.308234
845	0.629537	0.000000	0.061772	0.308691
846	0.629480	0.000000	0.061497	0.309023
847	0.628814	0.000000	0.061587	0.309599
848	0.629125	0.000000	0.060916	0.309959
849	0.628444	0.000000	0.061242	0.310314
850	0.628497	0.000000	0.060860	0.310643
851	0.627957	0.000000	0.060876	0.311167
852	0.627544	0.000000	0.060533	0.311923
853	0.627065	0.000000	0.060868	0.312067
854	0.626893	0.000000	0.060404	0.312703
855	0.626241	0.000000	0.060694	0.313065
856	0.626310	0.000000	0.060414	0.313276
857	0.625899	0.000000	0.060332	0.313769
858	0.625642	0.000000	0.060026	0.314332
859	0.625245	0.000000	0.060198	0.314557
860	0.625235	0.000000	0.059834	0.314931
861	0.624549	0.000000	0.059667	0.315784
862	0.624746	0.000000	0.059775	0.315479
863	0.623628	0.000000	0.059586	0.316786
864	0.623988	0.000000	0.059747	0.316265
865	0.623232	0.000000	0.058970	0.317798
866	0.623345	0.000000	0.059409	0.317246
867	0.622876	0.000000	0.058918	0.318206
868	0.622400	0.000000	0.059044	0.318556
869	0.622150	0.000000	0.058592	0.319258
870	0.621600	0.000000	0.058659	0.319741
871	0.621819	0.000000	0.058427	0.319754
872	0.620852	0.000000	0.058393	0.320755
873	0.620631	0.000000	0.058529	0.320840
874	0.619829	0.000000	0.058533	0.321638
875	0.620126	0.000000	0.058075	0.321799
876	0.619401	0.000000	0.058301	0.322298
877	0.619457	0.000000	0.058169	0.322374
878	0.618799	0.000000	0.057999	0.323202
879	0.618925	0.000000	0.058199	0.322876
880	0.618098	0.000000	0.058148	0.323754
881	0.617863	0.000000	0.058013	0.324124
882	0.617195	0.000000	0.057946	0.324859
883	0.617014	0.000000	0.057627	0.325359
884	0.616349	0.000000	0.058032	0.325619
885	0.616276	0.000000	0.057590	0.326134
886	0.615548	0.000000	0.057801	0.326651
887	0.615431	0.000000	0.057310	0.327259
888	0.615069	0.000000	0.057333	0.327598
889	0.614525	0.000000	0.057179	0.328296
890	0.614180	0.000000	0.057133	0.328687
891	0.613613	0.000000	0.056969	0.329418
892	0.613322	0.000000	0.057073	0.329605
893	0.613027	0.000000	0.056806	0.330167
894	0.612705	0.000000	0.056759	0.330536
895	0.612340	0.000000	0.056632	0.331028
896	0.611943	0.000000	0.056251	0.331806
897	0.611496	0.000000	0.056273	0.332231
898	0.610848	0.000000	0.056387	0.332765
899	0.610748	0.000000	0.056355	0.332897
900	0.610458	0.000000	0.056230	0.333312
901	0.609699	0.000000	0.056147	0.334154
902	0.609523	0.000000	0.056161	0.334316
903	0.608732	0.000000	0.055980	0.335288
904	0.608646	0.000000	0.056007	0.335347
905	0.607843	0.000000	0.055823	0.336334
906	0.607783	0.000000	0.055926	0.336291
907	0.607041	0.000000	0.055660	0.337299
908	0.606837	0.000000	0.055784	0.337379
909	0.606217	0.000000	0.055695	0.338088
910	0.606219	0.000000	0.055540	0.338241
911	0.605634	0.000000	0.055671	0.338695
912	0.604976	0.000000	0.055586	0.339438
913	0.604610	0.000000	0.055373	0.340017
914	0.604206	0.000000	0.055419	0.340375
915	0.603987	0.000000	0.055337	0.340676
916	0.603168	0.000000	0.055560	0.341272
917	0.602933	0.000000	0.055589	0.341478
918	0.602531	0.000000	0.055648	0.341821
919	0.602114	0.000000	0.055416	0.342470
920	0.601635	0.000000	0.055507	0.342858
921	0.601593	0.000000	0.055311	0.343096
922	0.600757	0.000000	0.055396	0.343847
923	0.600566	0.000000	0.055282	0.344152
924	0.599949	0.000000	0.055257	0.344794
925	0.599670	0.000000	0.055121	0.345209
926	0.599042	0.000000	0.055256	0.345702
927	0.598653	0.000000	0.055030	0.346317
928	0.597793	0.000000	0.055196	0.347011
929	0.597781	0.000000	0.054844	0.347375
930	0.597352	0.000000	0.055259	0.347389
931	0.596639	0.000000	0.054961	0.348400
932	0.596214	0.000000	0.054999	0.348787
933	0.595418	0.000000	0.054978	0.349604
934	0.595111	0.000000	0.054954	0.349935
935	0.594575	0.000000	0.055034	0.350391
936	0.594289	0.000000	0.054887	0.350824
937	0.593588	0.000000	0.054883	0.351529
938	0.593418	0.000000	0.054841	0.351741
939	0.592648	0.000000	0.054820	0.352532
940	0.592467	0.000000	0.054785	0.352748
941	0.591813	0.000000	0.054856	0.353331
942	0.591768	0.000000	0.054802	0.353430
943	0.591180	0.000000	0.054529	0.354291
944	0.590802	0.000000	0.054654	0.354544
945	0.590197	0.000000	0.054417	0.355386
946	0.589553	0.000000	0.054754	0.355693
947	0.589287	0.000000	0.054260	0.356453
948	0.589073	0.000000	0.054331	0.356596
949	0.588295	0.000000	0.054418	0.357287
950	0.588176	0.000000	0.054134	0.357690
951	0.587416	0.000000	0.054330	0.358254
952	0.587045	0.000000	0.054019	0.358936
953	0.586632	0.000000	0.054196	0.359172
954	0.586178	0.000000	0.053928	0.359894
955	0.585554	0.000000	0.054244	0.360202
956	0.584600	0.000000	0.054114	0.361286
957	0.584277	0.000000	0.054150	0.361573
958	0.583661	0.000000	0.054123	0.362216
959	0.582831	0.000000	0.054192	0.362977
960	0.582170	0.000000	0.054368	0.363462
961	0.581691	0.000000	0.054033	0.364276
962	0.581041	0.000000	0.054318	0.364641
963	0.580525	0.000000	0.053836	0.365639
964	0.580289	0.000000	0.054274	0.365437
965	0.579507	0.000000	0.053934	0.366559
966	0.579076	0.000000	0.054244	0.366680
967	0.578503	0.000000	0.054030	0.367467
968	0.578096	0.000000	0.054278	0.367626
969	0.577658	0.000000	0.054190	0.368152
970	0.577259	0.000000	0.054360	0.368381
971	0.576365	0.000000	0.054206	0.369429
972	0.576016	0.000000	0.054276	0.369708
973	0.575354	0.000000	0.054145	0.370501
974	0.574801	0.000000	0.054287	0.370912
975	0.574239	0.000000	0.054149	0.371612
976	0.573853	0.000000	0.054301	0.371846
977	0.572997	0.000000	0.054230	0.372773
978	0.572948	0.000000	0.054217	0.372835
979	0.572051	0.000000	0.054335	0.373614
980	0.571740	0.000000	0.054558	0.373702
981	0.570505	0.000000	0.054501	0.374994
982	0.570623	0.000000	0.054558	0.374819
983	0.569995	0.000000	0.054285	0.375720
984	0.569107	0.000000	0.054361	0.376532
985	0.568861	0.000000	0.054016	0.377123
986	0.568100	0.000000	0.054387	0.377513
987	0.567531	0.000000	0.054302	0.378167
988	0.567225	0.000000	0.054452	0.378323
989	0.566610	0.000000	0.054253	0.379137
990	0.566042	0.000000	0.054183	0.379775
991	0.565661	0.000000	0.054470	0.379869
992	0.564681	0.000000	0.054241	0.381078
993	0.564297	0.000000	0.054417	0.381286
994	0.563655	0.000000	0.054194	0.382151
995	0.563030	0.000000	0.054580	0.382390
996	0.562618	0.000000	0.054644	0.382738
997	0.561654	0.000000	0.054805	0.383541
998	0.561609	0.000000	0.054486	0.383905
999	0.560696	0.000000	0.054689	0.384615
1000	0.560513	0.000000	0.054431	0.385056
1001	0.559752	0.000000	0.054677	0.385571
