0	0.963979	0.026024	0.009899	0.000098
0	0.922194	0.046768	0.028563	0.002475
1	0.908637	0.053087	0.034820	0.003456
2	0.903958	0.055191	0.036868	0.003983
3	0.902931	0.055570	0.037269	0.004230
4	0.903313	0.055735	0.036598	0.004354
5	0.903923	0.055594	0.035908	0.004575
6	0.905101	0.055495	0.034676	0.004728
7	0.905554	0.055553	0.034061	0.004832
8	0.906744	0.055486	0.032774	0.004996
9	0.907840	0.055435	0.031728	0.004997
10	0.909321	0.055041	0.030584	0.005054
11	0.910655	0.054626	0.029609	0.005110
12	0.911702	0.054609	0.028471	0.005218
13	0.913238	0.053956	0.027571	0.005235
14	0.914196	0.053876	0.026550	0.005378
15	0.915574	0.053244	0.025803	0.005379
16	0.916601	0.052907	0.025022	0.005470
17	0.918087	0.052279	0.024052	0.005582
18	0.919312	0.051747	0.023239	0.005702
19	0.920506	0.051568	0.022271	0.005655
20	0.921808	0.050959	0.021530	0.005703
21	0.923021	0.050529	0.020692	0.005758
22	0.923938	0.050185	0.020022	0.005855
23	0.924874	0.049741	0.019421	0.005964
24	0.925958	0.049344	0.018631	0.006067
25	0.926867	0.048913	0.018074	0.006146
26	0.927775	0.048524	0.017539	0.006162
27	0.928756	0.048235	0.016806	0.006203
28	0.929398	0.048092	0.016197	0.006313
29	0.930125	0.047762	0.015702	0.006411
30	0.930815	0.047615	0.015182	0.006388
31	0.931824	0.047026	0.014634	0.006516
32	0.932719	0.046714	0.014015	0.006552
33	0.933256	0.046437	0.013594	0.006713
34	0.934143	0.046069	0.013020	0.006768
35	0.935091	0.045473	0.012534	0.006902
36	0.935710	0.045361	0.011908	0.007021
37	0.936396	0.044939	0.011593	0.007072
38	0.937147	0.044592	0.011138	0.007123
39	0.937969	0.044117	0.010728	0.007186
40	0.938172	0.044071	0.010465	0.007292
41	0.938836	0.043524	0.010170	0.007470
42	0.939567	0.043175	0.009683	0.007575
43	0.940370	0.042625	0.009313	0.007692
44	0.940597	0.042483	0.009104	0.007816
45	0.941219	0.042150	0.008725	0.007906
46	0.941870	0.041784	0.008360	0.007986
47	0.942381	0.041455	0.008015	0.008149
48	0.942905	0.041119	0.007697	0.008279
49	0.943493	0.040690	0.007371	0.008446
50	0.943894	0.040396	0.007163	0.008547
51	0.944494	0.039822	0.006993	0.008691
52	0.944880	0.039623	0.006688	0.008809
53	0.945292	0.039270	0.006559	0.008879
54	0.945772	0.038779	0.006391	0.009058
55	0.946396	0.038416	0.006047	0.009141
56	0.946750	0.038118	0.005833	0.009299
57	0.947325	0.037709	0.005629	0.009337
58	0.947575	0.037412	0.005456	0.009557
59	0.948161	0.036937	0.005219	0.009683
60	0.948323	0.036874	0.005062	0.009741
61	0.948711	0.036563	0.004832	0.009894
62	0.948926	0.036458	0.004658	0.009958
63	0.949269	0.036133	0.004527	0.010071
64	0.949464	0.035984	0.004299	0.010253
65	0.949853	0.035542	0.004199	0.010406
66	0.950104	0.035290	0.004048	0.010558
67	0.950229	0.035089	0.003912	0.010770
68	0.950323	0.034975	0.003760	0.010942
69	0.950848	0.034484	0.003658	0.011010
70	0.950959	0.034268	0.003539	0.011234
71	0.951156	0.034079	0.003409	0.011356
72	0.951292	0.033856	0.003300	0.011552
73	0.951504	0.033616	0.003165	0.011715
74	0.951919	0.033229	0.003039	0.011813
75	0.952171	0.032951	0.002912	0.011966
76	0.952323	0.032671	0.002834	0.012172
77	0.952409	0.032555	0.002704	0.012332
78	0.952493	0.032385	0.002629	0.012493
79	0.952715	0.032083	0.002530	0.012672
80	0.953105	0.031664	0.002428	0.012803
81	0.953214	0.031330	0.002438	0.013018
82	0.953294	0.031110	0.002329	0.013267
83	0.953494	0.030818	0.002249	0.013439
84	0.953422	0.030708	0.002213	0.013657
85	0.953753	0.030289	0.002150	0.013808
86	0.953815	0.030093	0.002038	0.014054
87	0.953983	0.029830	0.001951	0.014236
88	0.954106	0.029478	0.001881	0.014535
89	0.954165	0.029336	0.001781	0.014718
90	0.954343	0.029087	0.001728	0.014842
91	0.954456	0.028840	0.001659	0.015045
92	0.954490	0.028625	0.001616	0.015269
93	0.954547	0.028411	0.001538	0.015504
94	0.954937	0.027953	0.001455	0.015655
95	0.954714	0.027986	0.001457	0.015843
96	0.954656	0.027822	0.001410	0.016112
97	0.954582	0.027671	0.001400	0.016347
98	0.954775	0.027437	0.001292	0.016496
99	0.954984	0.027020	0.001278	0.016718
100	0.955109	0.026764	0.001296	0.016831
101	0.955006	0.026623	0.001259	0.017112
102	0.955178	0.026442	0.001173	0.017207
103	0.955294	0.026088	0.001158	0.017460
104	0.955167	0.026037	0.001130	0.017666
105	0.955196	0.025737	0.001072	0.017995
106	0.955150	0.025600	0.001072	0.018178
107	0.955279	0.025246	0.001028	0.018447
108	0.955034	0.025179	0.001024	0.018763
109	0.955143	0.024879	0.000984	0.018994
110	0.955193	0.024644	0.000953	0.019210
111	0.955168	0.024464	0.000945	0.019423
112	0.955195	0.024339	0.000913	0.019553
113	0.955025	0.024265	0.000887	0.019823
114	0.955074	0.024074	0.000862	0.019990
115	0.954925	0.023969	0.000782	0.020324
116	0.954848	0.023891	0.000760	0.020501
117	0.954757	0.023742	0.000745	0.020756
118	0.954814	0.023421	0.000709	0.021056
119	0.954860	0.023228	0.000689	0.021223
120	0.954839	0.023003	0.000675	0.021483
121	0.954853	0.022699	0.000652	0.021796
122	0.954966	0.022399	0.000643	0.021992
123	0.954790	0.022206	0.000633	0.022371
124	0.954710	0.021976	0.000628	0.022686
125	0.954626	0.021841	0.000572	0.022961
126	0.954816	0.021611	0.000525	0.023048
127	0.954652	0.021577	0.000508	0.023263
128	0.954620	0.021329	0.000490	0.023561
129	0.954777	0.021059	0.000460	0.023704
130	0.954473	0.021067	0.000446	0.024014
131	0.954328	0.020919	0.000456	0.024297
132	0.954356	0.020657	0.000424	0.024563
133	0.954236	0.020496	0.000410	0.024858
134	0.953960	0.020373	0.000396	0.025271
135	0.954021	0.020090	0.000410	0.025479
136	0.953878	0.019938	0.000396	0.025788
137	0.953470	0.020055	0.000392	0.026083
138	0.953372	0.019778	0.000378	0.026472
139	0.953251	0.019781	0.000351	0.026617
140	0.953143	0.019555	0.000368	0.026934
141	0.953156	0.019193	0.000362	0.027289
142	0.953016	0.019069	0.000354	0.027561
143	0.952899	0.018845	0.000342	0.027914
144	0.952855	0.018736	0.000325	0.028084
145	0.952564	0.018638	0.000305	0.028493
146	0.952420	0.018484	0.000302	0.028794
147	0.952384	0.018171	0.000297	0.029148
148	0.952247	0.018074	0.000286	0.029393
149	0.952049	0.017912	0.000288	0.029751
150	0.951901	0.017752	0.000262	0.030085
151	0.951672	0.017696	0.000258	0.030374
152	0.951508	0.017455	0.000247	0.030790
153	0.951263	0.017368	0.000252	0.031117
154	0.951218	0.017192	0.000244	0.031346
155	0.951015	0.017077	0.000229	0.031679
156	0.950762	0.016953	0.000237	0.032048
157	0.950496	0.016816	0.000239	0.032449
158	0.950427	0.016675	0.000215	0.032683
159	0.950301	0.016490	0.000216	0.032993
160	0.950097	0.016390	0.000199	0.033314
161	0.949863	0.016332	0.000199	0.033606
162	0.949855	0.016132	0.000189	0.033824
163	0.949574	0.016004	0.000176	0.034246
164	0.949315	0.015816	0.000184	0.034685
165	0.949131	0.015686	0.000175	0.035008
166	0.949034	0.015554	0.000163	0.035249
167	0.948787	0.015438	0.000158	0.035617
168	0.948456	0.015289	0.000144	0.036111
169	0.948098	0.015276	0.000143	0.036483
170	0.947999	0.015160	0.000142	0.036699
171	0.947867	0.015084	0.000139	0.036910
172	0.947539	0.015047	0.000117	0.037297
173	0.947195	0.014898	0.000125	0.037782
174	0.946908	0.014851	0.000107	0.038134
175	0.946495	0.014723	0.000114	0.038668
176	0.946270	0.014529	0.000099	0.039102
177	0.945753	0.014539	0.000106	0.039602
178	0.945631	0.014393	0.000085	0.039891
179	0.945300	0.014298	0.000089	0.040313
180	0.944987	0.014196	0.000086	0.040731
181	0.944655	0.014034	0.000084	0.041227
182	0.944389	0.013945	0.000079	0.041587
183	0.944191	0.013803	0.000083	0.041923
184	0.943793	0.013714	0.000079	0.042414
185	0.943640	0.013542	0.000072	0.042746
186	0.943265	0.013664	0.000066	0.043005
187	0.942922	0.013536	0.000065	0.043477
188	0.942664	0.013379	0.000072	0.043885
189	0.942548	0.013102	0.000065	0.044285
190	0.942340	0.013057	0.000069	0.044534
191	0.942048	0.012876	0.000064	0.045012
192	0.941478	0.012972	0.000063	0.045487
193	0.941185	0.012867	0.000062	0.045886
194	0.940917	0.012826	0.000060	0.046197
195	0.940621	0.012667	0.000055	0.046657
196	0.940359	0.012644	0.000054	0.046943
197	0.940081	0.012435	0.000045	0.047439
198	0.939622	0.012379	0.000037	0.047962
199	0.939273	0.012349	0.000041	0.048337
200	0.938834	0.012332	0.000046	0.048788
201	0.938469	0.012374	0.000049	0.049108
202	0.938117	0.012227	0.000047	0.049609
203	0.937983	0.012104	0.000039	0.049874
204	0.937645	0.011970	0.000035	0.050350
205	0.937164	0.012063	0.000038	0.050735
206	0.937141	0.011790	0.000040	0.051029
207	0.936717	0.011702	0.000034	0.051547
208	0.936324	0.011693	0.000032	0.051951
209	0.935977	0.011512	0.000032	0.052479
210	0.935780	0.011415	0.000031	0.052774
211	0.935344	0.011243	0.000027	0.053386
212	0.935093	0.011137	0.000029	0.053741
213	0.934680	0.011057	0.000026	0.054237
214	0.934330	0.011019	0.000023	0.054628
215	0.933891	0.011057	0.000026	0.055026
216	0.933618	0.010809	0.000023	0.055550
217	0.933248	0.010654	0.000030	0.056068
218	0.932804	0.010645	0.000029	0.056522
219	0.932219	0.010618	0.000029	0.057134
220	0.931919	0.010536	0.000036	0.057509
221	0.931528	0.010447	0.000038	0.057987
222	0.931043	0.010451	0.000038	0.058468
223	0.930665	0.010271	0.000039	0.059025
224	0.930151	0.010282	0.000039	0.059528
225	0.929863	0.010211	0.000034	0.059892
226	0.929375	0.010217	0.000038	0.060370
227	0.928818	0.010250	0.000030	0.060902
228	0.928441	0.010084	0.000033	0.061442
229	0.927998	0.010011	0.000030	0.061961
230	0.927597	0.009928	0.000037	0.062438
231	0.927101	0.009804	0.000037	0.063058
232	0.926803	0.009665	0.000032	0.063500
233	0.926345	0.009643	0.000028	0.063984
234	0.925850	0.009584	0.000023	0.064543
235	0.925109	0.009697	0.000031	0.065163
236	0.924766	0.009466	0.000030	0.065738
237	0.924467	0.009357	0.000031	0.066145
238	0.924086	0.009306	0.000027	0.066581
239	0.923594	0.009155	0.000028	0.067223
240	0.923095	0.009216	0.000026	0.067663
241	0.922697	0.009103	0.000024	0.068176
242	0.922272	0.008981	0.000027	0.068720
243	0.921743	0.008864	0.000035	0.069358
244	0.921361	0.008783	0.000030	0.069826
245	0.920725	0.008799	0.000034	0.070442
246	0.920236	0.008774	0.000029	0.070961
247	0.919698	0.008710	0.000026	0.071566
248	0.919222	0.008575	0.000020	0.072183
249	0.918831	0.008464	0.000024	0.072681
250	0.918373	0.008430	0.000023	0.073174
251	0.917829	0.008347	0.000022	0.073802
252	0.917379	0.008194	0.000030	0.074397
253	0.916900	0.008118	0.000027	0.074955
254	0.916279	0.008069	0.000022	0.075630
255	0.915768	0.008132	0.000022	0.076078
256	0.915268	0.008039	0.000021	0.076672
257	0.914646	0.007964	0.000019	0.077371
258	0.914180	0.007878	0.000025	0.077917
259	0.913716	0.007755	0.000023	0.078506
260	0.913101	0.007786	0.000018	0.079095
261	0.912501	0.007663	0.000019	0.079817
262	0.912143	0.007578	0.000020	0.080259
263	0.911685	0.007444	0.000020	0.080851
264	0.911089	0.007503	0.000013	0.081395
265	0.910509	0.007379	0.000013	0.082099
266	0.910075	0.007334	0.000011	0.082580
267	0.909436	0.007224	0.000013	0.083327
268	0.908788	0.007152	0.000012	0.084048
269	0.908264	0.007136	0.000012	0.084588
270	0.907721	0.007084	0.000011	0.085184
271	0.907227	0.007020	0.000010	0.085743
272	0.906880	0.006855	0.000011	0.086254
273	0.906226	0.006782	0.000012	0.086980
274	0.905654	0.006759	0.000012	0.087575
275	0.905037	0.006778	0.000013	0.088172
276	0.904387	0.006706	0.000015	0.088892
277	0.903895	0.006570	0.000016	0.089519
278	0.903358	0.006514	0.000018	0.090110
279	0.902763	0.006428	0.000015	0.090794
280	0.902176	0.006402	0.000016	0.091406
281	0.901478	0.006372	0.000014	0.092136
282	0.900901	0.006336	0.000013	0.092750
283	0.900290	0.006358	0.000013	0.093339
284	0.899578	0.006357	0.000013	0.094052
285	0.899181	0.006224	0.000015	0.094580
286	0.898775	0.006147	0.000018	0.095060
287	0.898128	0.006162	0.000015	0.095695
288	0.897480	0.006120	0.000019	0.096381
289	0.896972	0.006014	0.000018	0.096996
290	0.896448	0.005916	0.000016	0.097620
291	0.895653	0.005998	0.000017	0.098332
292	0.894858	0.006010	0.000021	0.099111
293	0.894285	0.005887	0.000017	0.099811
294	0.893732	0.005871	0.000020	0.100377
295	0.893207	0.005855	0.000023	0.100915
296	0.892519	0.005766	0.000021	0.101694
297	0.891779	0.005799	0.000018	0.102404
298	0.891319	0.005650	0.000022	0.103009
299	0.890629	0.005661	0.000027	0.103683
300	0.889995	0.005682	0.000029	0.104294
301	0.889261	0.005616	0.000030	0.105093
302	0.888667	0.005592	0.000031	0.105710
303	0.888068	0.005600	0.000025	0.106307
304	0.887573	0.005509	0.000025	0.106893
305	0.886754	0.005469	0.000025	0.107752
306	0.886096	0.005447	0.000023	0.108434
307	0.885432	0.005421	0.000029	0.109118
308	0.884944	0.005304	0.000026	0.109726
309	0.884255	0.005265	0.000024	0.110456
310	0.883663	0.005170	0.000028	0.111139
311	0.882878	0.005162	0.000027	0.111933
312	0.882242	0.005161	0.000026	0.112571
313	0.881617	0.005093	0.000025	0.113265
314	0.880906	0.005129	0.000025	0.113940
315	0.880349	0.005072	0.000025	0.114554
316	0.879600	0.005080	0.000022	0.115298
317	0.878854	0.005080	0.000023	0.116043
318	0.878481	0.004947	0.000021	0.116551
319	0.877690	0.005032	0.000023	0.117255
320	0.876986	0.004936	0.000022	0.118056
321	0.876223	0.004888	0.000026	0.118863
322	0.875737	0.004798	0.000024	0.119441
323	0.874913	0.004766	0.000022	0.120299
324	0.874351	0.004669	0.000026	0.120954
325	0.873598	0.004637	0.000029	0.121736
326	0.872907	0.004632	0.000028	0.122433
327	0.872276	0.004562	0.000027	0.123135
328	0.871526	0.004562	0.000029	0.123883
329	0.871018	0.004513	0.000025	0.124444
330	0.870264	0.004504	0.000026	0.125206
331	0.869617	0.004418	0.000024	0.125941
332	0.868909	0.004387	0.000023	0.126681
333	0.868210	0.004325	0.000026	0.127439
334	0.867589	0.004279	0.000025	0.128107
335	0.866959	0.004286	0.000030	0.128725
336	0.866210	0.004269	0.000029	0.129492
337	0.865379	0.004238	0.000029	0.130354
338	0.864608	0.004155	0.000034	0.131203
339	0.863766	0.004116	0.000033	0.132085
340	0.862877	0.004123	0.000041	0.132959
341	0.862164	0.004013	0.000042	0.133781
342	0.861215	0.004053	0.000043	0.134689
343	0.860627	0.004004	0.000043	0.135326
344	0.859768	0.003966	0.000045	0.136221
345	0.859080	0.004011	0.000046	0.136863
346	0.858334	0.003903	0.000046	0.137717
347	0.857454	0.003902	0.000044	0.138600
348	0.856834	0.003854	0.000042	0.139270
349	0.856286	0.003809	0.000042	0.139863
350	0.855538	0.003734	0.000046	0.140682
351	0.854616	0.003758	0.000044	0.141582
352	0.853857	0.003658	0.000051	0.142434
353	0.853236	0.003594	0.000049	0.143121
354	0.852458	0.003580	0.000047	0.143915
355	0.851674	0.003563	0.000046	0.144717
356	0.850854	0.003552	0.000054	0.145540
357	0.849931	0.003548	0.000059	0.146462
358	0.849112	0.003473	0.000054	0.147361
359	0.848197	0.003501	0.000061	0.148241
360	0.847426	0.003440	0.000060	0.149074
361	0.846756	0.003387	0.000061	0.149796
362	0.845818	0.003347	0.000056	0.150779
363	0.844829	0.003390	0.000058	0.151723
364	0.843862	0.003384	0.000057	0.152697
365	0.843129	0.003367	0.000058	0.153446
366	0.842300	0.003380	0.000054	0.154266
367	0.841416	0.003381	0.000052	0.155151
368	0.840622	0.003324	0.000053	0.156001
369	0.839824	0.003209	0.000052	0.156915
370	0.838742	0.003259	0.000055	0.157944
371	0.838004	0.003191	0.000050	0.158755
372	0.837357	0.003158	0.000050	0.159435
373	0.836475	0.003199	0.000048	0.160278
374	0.835799	0.003157	0.000054	0.160990
375	0.834942	0.003106	0.000053	0.161899
376	0.834082	0.003133	0.000056	0.162729
377	0.833325	0.003051	0.000054	0.163570
378	0.832378	0.003089	0.000053	0.164480
379	0.831611	0.003047	0.000054	0.165288
380	0.830819	0.003031	0.000050	0.166100
381	0.830003	0.002957	0.000050	0.166990
382	0.829119	0.002937	0.000051	0.167893
383	0.828268	0.002962	0.000052	0.168718
384	0.827143	0.002879	0.000057	0.169921
385	0.826276	0.002900	0.000052	0.170772
386	0.825448	0.002887	0.000051	0.171614
387	0.824711	0.002847	0.000047	0.172395
388	0.823893	0.002778	0.000050	0.173279
389	0.822907	0.002752	0.000052	0.174289
390	0.821967	0.002732	0.000051	0.175250
391	0.820998	0.002694	0.000058	0.176250
392	0.820215	0.002664	0.000056	0.177065
393	0.819370	0.002705	0.000057	0.177868
394	0.818491	0.002670	0.000057	0.178782
395	0.817592	0.002649	0.000052	0.179707
396	0.816737	0.002702	0.000059	0.180502
397	0.815940	0.002649	0.000060	0.181351
398	0.815223	0.002605	0.000058	0.182114
399	0.814179	0.002637	0.000056	0.183128
400	0.813293	0.002561	0.000055	0.184091
401	0.812386	0.002525	0.000051	0.185038
402	0.811567	0.002491	0.000052	0.185890
403	0.810690	0.002437	0.000055	0.186818
404	0.809969	0.002469	0.000058	0.187504
405	0.809014	0.002437	0.000060	0.188489
406	0.808115	0.002365	0.000054	0.189466
407	0.807052	0.002350	0.000059	0.190539
408	0.806143	0.002406	0.000057	0.191394
409	0.805291	0.002341	0.000056	0.192312
410	0.804593	0.002330	0.000061	0.193016
411	0.803697	0.002318	0.000050	0.193935
412	0.802679	0.002352	0.000048	0.194921
413	0.801893	0.002292	0.000046	0.195769
414	0.800948	0.002252	0.000046	0.196754
415	0.800127	0.002161	0.000042	0.197670
416	0.799159	0.002172	0.000041	0.198628
417	0.798072	0.002126	0.000038	0.199764
418	0.797089	0.002166	0.000040	0.200705
419	0.796199	0.002148	0.000042	0.201611
420	0.795297	0.002118	0.000040	0.202545
421	0.794376	0.002104	0.000040	0.203480
422	0.793475	0.002064	0.000043	0.204418
423	0.792712	0.002063	0.000042	0.205183
424	0.791666	0.002033	0.000042	0.206259
425	0.790782	0.002045	0.000041	0.207132
426	0.789849	0.001941	0.000042	0.208168
427	0.788914	0.001910	0.000035	0.209141
428	0.787917	0.001916	0.000039	0.210128
429	0.787040	0.001868	0.000035	0.211057
430	0.786110	0.001865	0.000038	0.211987
431	0.785038	0.001874	0.000036	0.213052
432	0.784244	0.001854	0.000037	0.213865
433	0.783324	0.001775	0.000030	0.214871
434	0.782440	0.001751	0.000033	0.215776
435	0.781637	0.001737	0.000028	0.216598
436	0.780763	0.001712	0.000025	0.217500
437	0.779763	0.001686	0.000027	0.218524
438	0.778843	0.001675	0.000030	0.219452
439	0.778009	0.001649	0.000029	0.220313
440	0.776982	0.001674	0.000029	0.221315
441	0.776203	0.001655	0.000027	0.222115
442	0.775189	0.001657	0.000026	0.223128
443	0.774230	0.001669	0.000025	0.224076
444	0.773272	0.001631	0.000023	0.225074
445	0.772347	0.001623	0.000025	0.226005
446	0.771408	0.001615	0.000022	0.226955
447	0.770424	0.001609	0.000021	0.227946
448	0.769294	0.001626	0.000021	0.229059
449	0.768298	0.001630	0.000022	0.230050
450	0.767480	0.001628	0.000021	0.230871
451	0.766461	0.001617	0.000023	0.231899
452	0.765441	0.001606	0.000020	0.232933
453	0.764480	0.001608	0.000020	0.233892
454	0.763586	0.001625	0.000024	0.234765
455	0.762367	0.001566	0.000025	0.236042
456	0.761397	0.001583	0.000030	0.236990
457	0.760468	0.001563	0.000031	0.237938
458	0.759685	0.001530	0.000031	0.238754
459	0.758759	0.001538	0.000036	0.239667
460	0.757768	0.001526	0.000032	0.240674
461	0.756675	0.001517	0.000032	0.241776
462	0.755740	0.001488	0.000033	0.242739
463	0.754789	0.001472	0.000033	0.243706
464	0.753992	0.001460	0.000036	0.244512
465	0.753099	0.001464	0.000036	0.245401
466	0.752030	0.001435	0.000027	0.246508
467	0.751171	0.001423	0.000026	0.247380
468	0.750084	0.001426	0.000027	0.248463
469	0.749017	0.001460	0.000029	0.249494
470	0.748030	0.001434	0.000032	0.250504
471	0.746796	0.001371	0.000028	0.251805
472	0.745913	0.001326	0.000032	0.252729
473	0.744898	0.001316	0.000034	0.253752
474	0.743734	0.001336	0.000029	0.254901
475	0.742742	0.001291	0.000028	0.255939
476	0.741726	0.001267	0.000028	0.256979
477	0.740657	0.001268	0.000031	0.258044
478	0.739645	0.001269	0.000034	0.259052
479	0.738742	0.001252	0.000033	0.259973
480	0.737483	0.001213	0.000033	0.261271
481	0.736549	0.001211	0.000041	0.262199
482	0.735673	0.001176	0.000042	0.263109
483	0.734590	0.001166	0.000042	0.264202
484	0.733795	0.001144	0.000046	0.265015
485	0.732790	0.001165	0.000046	0.265999
486	0.731915	0.001138	0.000047	0.266900
487	0.730959	0.001124	0.000037	0.267880
488	0.729836	0.001156	0.000039	0.268969
489	0.729082	0.001132	0.000040	0.269746
490	0.728008	0.001148	0.000036	0.270808
491	0.726954	0.001164	0.000038	0.271844
492	0.726005	0.001146	0.000042	0.272807
493	0.724925	0.001167	0.000044	0.273864
494	0.723881	0.001188	0.000043	0.274888
495	0.722810	0.001189	0.000045	0.275956
496	0.721883	0.001166	0.000044	0.276907
497	0.720687	0.001140	0.000041	0.278132
498	0.719700	0.001113	0.000041	0.279146
499	0.718468	0.001112	0.000044	0.280376
500	0.717569	0.001103	0.000047	0.281281
501	0.716489	0.001126	0.000046	0.282339
502	0.715380	0.001092	0.000045	0.283483
503	0.714301	0.001080	0.000044	0.284575
504	0.713343	0.001081	0.000039	0.285537
505	0.712192	0.001072	0.000042	0.286694
506	0.710924	0.001100	0.000040	0.287936
507	0.709703	0.001091	0.000042	0.289164
508	0.708615	0.001086	0.000046	0.290253
509	0.707588	0.001105	0.000041	0.291266
510	0.706517	0.001087	0.000044	0.292352
511	0.705465	0.001106	0.000047	0.293382
512	0.704293	0.001089	0.000052	0.294566
513	0.703113	0.001090	0.000051	0.295746
514	0.702174	0.001084	0.000048	0.296694
515	0.701037	0.001087	0.000053	0.297823
516	0.699838	0.001085	0.000049	0.299028
517	0.698823	0.001051	0.000048	0.300078
518	0.697859	0.001045	0.000045	0.301051
519	0.696847	0.001069	0.000038	0.302046
520	0.695795	0.001048	0.000042	0.303115
521	0.694744	0.001027	0.000049	0.304180
522	0.693556	0.001046	0.000046	0.305352
523	0.692561	0.001036	0.000044	0.306359
524	0.691463	0.001011	0.000044	0.307482
525	0.690418	0.000977	0.000041	0.308564
526	0.689214	0.000958	0.000049	0.309779
527	0.688260	0.000967	0.000044	0.310729
528	0.687306	0.000948	0.000052	0.311694
529	0.686338	0.000939	0.000052	0.312671
530	0.685213	0.000933	0.000047	0.313807
531	0.684042	0.000932	0.000052	0.314974
532	0.682874	0.000903	0.000050	0.316173
533	0.681917	0.000908	0.000050	0.317125
534	0.680801	0.000908	0.000052	0.318239
535	0.679579	0.000863	0.000051	0.319507
536	0.678524	0.000860	0.000059	0.320557
537	0.677578	0.000869	0.000058	0.321495
538	0.676416	0.000842	0.000060	0.322682
539	0.675405	0.000854	0.000058	0.323683
540	0.674462	0.000869	0.000062	0.324607
541	0.673431	0.000862	0.000065	0.325642
542	0.672259	0.000835	0.000068	0.326838
543	0.671325	0.000829	0.000068	0.327778
544	0.670096	0.000806	0.000064	0.329034
545	0.669025	0.000788	0.000059	0.330128
546	0.667954	0.000763	0.000062	0.331221
547	0.666970	0.000765	0.000063	0.332202
548	0.665879	0.000783	0.000062	0.333276
549	0.664784	0.000798	0.000062	0.334356
550	0.663815	0.000766	0.000051	0.335368
551	0.662695	0.000765	0.000056	0.336484
552	0.661569	0.000740	0.000060	0.337631
553	0.660404	0.000722	0.000063	0.338811
554	0.659261	0.000744	0.000063	0.339932
555	0.658181	0.000746	0.000057	0.341016
556	0.657160	0.000738	0.000055	0.342047
557	0.656256	0.000729	0.000052	0.342963
558	0.655099	0.000729	0.000047	0.344125
559	0.653770	0.000708	0.000048	0.345474
560	0.652616	0.000724	0.000044	0.346616
561	0.651334	0.000727	0.000040	0.347899
562	0.650401	0.000719	0.000038	0.348842
563	0.649316	0.000746	0.000037	0.349901
564	0.648238	0.000732	0.000039	0.350991
565	0.647122	0.000718	0.000037	0.352123
566	0.645873	0.000722	0.000041	0.353364
567	0.644805	0.000653	0.000047	0.354495
568	0.643492	0.000678	0.000046	0.355784
569	0.642419	0.000676	0.000044	0.356861
570	0.641205	0.000676	0.000045	0.358074
571	0.639963	0.000687	0.000036	0.359314
572	0.638973	0.000665	0.000035	0.360327
573	0.637666	0.000678	0.000040	0.361616
574	0.636669	0.000657	0.000039	0.362635
575	0.635657	0.000652	0.000038	0.363653
576	0.634602	0.000640	0.000040	0.364718
577	0.633229	0.000634	0.000043	0.366094
578	0.632076	0.000618	0.000039	0.367267
579	0.630822	0.000614	0.000044	0.368520
580	0.629754	0.000613	0.000043	0.369590
581	0.628699	0.000616	0.000043	0.370642
582	0.627665	0.000625	0.000043	0.371667
583	0.626467	0.000622	0.000035	0.372876
584	0.625436	0.000612	0.000036	0.373916
585	0.624448	0.000585	0.000038	0.374929
586	0.623204	0.000591	0.000043	0.376162
587	0.622141	0.000572	0.000041	0.377246
588	0.620797	0.000567	0.000042	0.378594
589	0.619538	0.000555	0.000046	0.379861
590	0.618372	0.000554	0.000048	0.381026
591	0.617283	0.000560	0.000045	0.382112
592	0.615922	0.000589	0.000051	0.383438
593	0.614804	0.000608	0.000051	0.384537
594	0.613780	0.000610	0.000049	0.385561
595	0.612696	0.000576	0.000054	0.386674
596	0.611505	0.000567	0.000053	0.387875
597	0.610511	0.000552	0.000048	0.388889
598	0.609351	0.000548	0.000051	0.390050
599	0.608278	0.000532	0.000049	0.391141
600	0.607198	0.000523	0.000051	0.392228
601	0.606080	0.000496	0.000055	0.393369
602	0.605068	0.000515	0.000058	0.394359
603	0.603880	0.000521	0.000060	0.395539
604	0.602922	0.000508	0.000063	0.396507
605	0.601701	0.000492	0.000059	0.397748
606	0.600587	0.000476	0.000062	0.398875
607	0.599653	0.000475	0.000064	0.399808
608	0.598473	0.000481	0.000066	0.400980
609	0.597065	0.000492	0.000068	0.402375
610	0.595975	0.000479	0.000061	0.403485
611	0.594983	0.000457	0.000062	0.404498
612	0.593834	0.000461	0.000061	0.405644
613	0.592535	0.000445	0.000063	0.406957
614	0.591733	0.000427	0.000065	0.407775
615	0.590613	0.000416	0.000065	0.408906
616	0.589657	0.000411	0.000065	0.409867
617	0.588445	0.000394	0.000057	0.411104
618	0.587535	0.000387	0.000061	0.412017
619	0.586276	0.000391	0.000061	0.413272
620	0.585208	0.000376	0.000069	0.414347
621	0.583979	0.000369	0.000067	0.415585
622	0.583047	0.000367	0.000070	0.416516
623	0.582088	0.000356	0.000068	0.417488
624	0.580814	0.000358	0.000070	0.418758
625	0.579807	0.000337	0.000067	0.419789
626	0.578708	0.000306	0.000065	0.420921
627	0.577517	0.000323	0.000069	0.422091
628	0.576476	0.000309	0.000076	0.423139
629	0.575280	0.000321	0.000070	0.424329
630	0.574274	0.000298	0.000078	0.425350
631	0.573124	0.000281	0.000072	0.426523
632	0.572111	0.000256	0.000066	0.427567
633	0.571207	0.000252	0.000065	0.428476
634	0.569967	0.000243	0.000064	0.429726
635	0.568777	0.000258	0.000067	0.430898
636	0.567711	0.000245	0.000063	0.431981
637	0.566648	0.000252	0.000061	0.433039
638	0.565549	0.000270	0.000068	0.434113
639	0.564475	0.000272	0.000067	0.435186
640	0.563497	0.000269	0.000067	0.436167
641	0.562405	0.000269	0.000062	0.437264
642	0.561442	0.000249	0.000067	0.438242
643	0.560448	0.000257	0.000070	0.439225
644	0.559308	0.000236	0.000068	0.440388
645	0.558215	0.000239	0.000067	0.441479
646	0.557144	0.000249	0.000073	0.442534
647	0.555962	0.000245	0.000072	0.443721
648	0.554910	0.000238	0.000067	0.444785
649	0.553895	0.000240	0.000068	0.445797
650	0.552680	0.000242	0.000072	0.447006
651	0.551452	0.000245	0.000069	0.448234
652	0.550421	0.000249	0.000070	0.449260
653	0.549288	0.000232	0.000083	0.450397
654	0.547974	0.000230	0.000083	0.451713
655	0.547086	0.000232	0.000085	0.452597
656	0.546050	0.000226	0.000084	0.453640
657	0.544849	0.000227	0.000072	0.454852
658	0.543793	0.000230	0.000073	0.455904
659	0.542603	0.000214	0.000073	0.457110
660	0.541417	0.000208	0.000074	0.458301
661	0.540398	0.000212	0.000065	0.459325
662	0.539133	0.000207	0.000071	0.460589
663	0.538108	0.000206	0.000072	0.461614
664	0.536971	0.000216	0.000073	0.462740
665	0.535923	0.000224	0.000077	0.463776
666	0.534650	0.000214	0.000080	0.465056
667	0.533621	0.000219	0.000086	0.466074
668	0.532551	0.000203	0.000088	0.467158
669	0.531359	0.000199	0.000089	0.468353
670	0.530285	0.000191	0.000082	0.469442
671	0.529353	0.000188	0.000078	0.470381
672	0.528204	0.000187	0.000078	0.471531
673	0.527243	0.000195	0.000085	0.472477
674	0.525835	0.000185	0.000086	0.473894
675	0.524857	0.000188	0.000082	0.474873
676	0.523738	0.000184	0.000071	0.476007
677	0.522779	0.000201	0.000070	0.476950
678	0.521484	0.000210	0.000075	0.478231
679	0.520213	0.000209	0.000073	0.479505
680	0.519314	0.000205	0.000077	0.480404
681	0.518391	0.000204	0.000074	0.481331
682	0.517196	0.000199	0.000075	0.482530
683	0.515884	0.000207	0.000074	0.483835
684	0.514705	0.000202	0.000072	0.485021
685	0.513567	0.000205	0.000080	0.486148
686	0.512634	0.000195	0.000071	0.487100
687	0.511593	0.000201	0.000074	0.488132
688	0.510420	0.000186	0.000066	0.489328
689	0.509221	0.000201	0.000069	0.490509
690	0.508013	0.000195	0.000061	0.491731
691	0.506839	0.000189	0.000064	0.492908
692	0.505859	0.000192	0.000069	0.493880
693	0.504643	0.000192	0.000073	0.495092
694	0.503406	0.000191	0.000073	0.496330
695	0.502324	0.000176	0.000076	0.497424
696	0.501253	0.000185	0.000080	0.498482
697	0.500050	0.000167	0.000081	0.499702
698	0.499049	0.000177	0.000085	0.500689
699	0.498038	0.000184	0.000083	0.501695
700	0.497029	0.000174	0.000091	0.502706
701	0.495996	0.000173	0.000099	0.503732
702	0.494863	0.000175	0.000096	0.504866
703	0.493821	0.000182	0.000095	0.505902
704	0.492665	0.000171	0.000098	0.507066
705	0.491535	0.000165	0.000103	0.508197
706	0.490431	0.000176	0.000105	0.509288
707	0.489098	0.000196	0.000107	0.510599
708	0.488205	0.000181	0.000099	0.511515
709	0.487209	0.000167	0.000096	0.512528
710	0.486146	0.000162	0.000096	0.513596
711	0.485103	0.000144	0.000095	0.514658
712	0.483972	0.000146	0.000104	0.515778
713	0.482858	0.000144	0.000110	0.516888
714	0.481733	0.000144	0.000101	0.518022
715	0.480662	0.000137	0.000103	0.519098
716	0.479665	0.000139	0.000100	0.520096
717	0.478585	0.000124	0.000111	0.521180
718	0.477484	0.000123	0.000107	0.522286
719	0.476375	0.000129	0.000112	0.523384
720	0.475188	0.000133	0.000119	0.524560
721	0.474015	0.000129	0.000114	0.525742
722	0.472576	0.000112	0.000113	0.527199
723	0.471463	0.000128	0.000110	0.528299
724	0.470447	0.000126	0.000111	0.529316
725	0.469218	0.000133	0.000102	0.530547
726	0.468047	0.000132	0.000107	0.531714
727	0.467113	0.000132	0.000112	0.532643
728	0.465883	0.000122	0.000107	0.533888
729	0.464682	0.000126	0.000112	0.535080
730	0.463474	0.000117	0.000108	0.536301
731	0.462441	0.000113	0.000115	0.537331
732	0.461362	0.000110	0.000111	0.538417
733	0.460070	0.000114	0.000112	0.539704
734	0.459087	0.000114	0.000113	0.540686
735	0.457913	0.000111	0.000114	0.541862
736	0.456764	0.000109	0.000108	0.543019
737	0.455629	0.000110	0.000107	0.544154
738	0.454646	0.000114	0.000106	0.545134
739	0.453637	0.000104	0.000108	0.546151
740	0.452623	0.000100	0.000112	0.547165
741	0.451509	0.000105	0.000113	0.548273
742	0.450608	0.000110	0.000122	0.549160
743	0.449691	0.000100	0.000127	0.550082
744	0.448828	0.000097	0.000115	0.550960
745	0.447717	0.000101	0.000106	0.552076
746	0.446502	0.000095	0.000117	0.553286
747	0.445472	0.000083	0.000106	0.554339
748	0.444318	0.000076	0.000110	0.555496
749	0.443133	0.000075	0.000110	0.556682
750	0.442138	0.000077	0.000115	0.557670
751	0.440998	0.000079	0.000111	0.558812
752	0.439910	0.000066	0.000113	0.559911
753	0.438919	0.000065	0.000111	0.560905
754	0.437775	0.000056	0.000114	0.562055
755	0.436769	0.000055	0.000110	0.563066
756	0.435412	0.000058	0.000108	0.564422
757	0.434391	0.000059	0.000108	0.565442
758	0.433403	0.000058	0.000115	0.566424
759	0.432378	0.000053	0.000115	0.567454
760	0.431307	0.000053	0.000114	0.568526
761	0.430238	0.000053	0.000112	0.569597
762	0.429334	0.000056	0.000116	0.570494
763	0.428177	0.000056	0.000116	0.571651
764	0.427028	0.000054	0.000108	0.572810
765	0.425867	0.000054	0.000110	0.573969
766	0.424827	0.000056	0.000112	0.575005
767	0.423816	0.000050	0.000109	0.576025
768	0.422826	0.000050	0.000110	0.577014
769	0.421744	0.000047	0.000114	0.578095
770	0.420608	0.000046	0.000118	0.579228
771	0.419481	0.000044	0.000117	0.580358
772	0.418379	0.000048	0.000119	0.581454
773	0.417201	0.000049	0.000125	0.582625
774	0.416136	0.000046	0.000125	0.583693
775	0.415133	0.000040	0.000129	0.584698
776	0.413954	0.000048	0.000129	0.585869
777	0.412988	0.000048	0.000133	0.586831
778	0.411938	0.000043	0.000130	0.587889
779	0.410886	0.000043	0.000137	0.588934
780	0.409826	0.000045	0.000132	0.589997
781	0.408777	0.000045	0.000142	0.591036
782	0.407710	0.000043	0.000135	0.592112
783	0.406525	0.000043	0.000124	0.593308
784	0.405537	0.000046	0.000124	0.594293
785	0.404394	0.000044	0.000121	0.595441
786	0.403262	0.000043	0.000124	0.596571
787	0.402237	0.000038	0.000130	0.597595
788	0.401126	0.000039	0.000128	0.598707
789	0.400222	0.000045	0.000136	0.599597
790	0.399345	0.000039	0.000133	0.600483
791	0.398218	0.000035	0.000133	0.601614
792	0.397245	0.000037	0.000139	0.602579
793	0.396280	0.000036	0.000133	0.603551
794	0.395299	0.000040	0.000143	0.604518
795	0.394182	0.000045	0.000141	0.605632
796	0.393251	0.000047	0.000146	0.606556
797	0.392222	0.000048	0.000150	0.607580
798	0.391032	0.000044	0.000160	0.608764
799	0.389973	0.000041	0.000153	0.609833
800	0.389130	0.000035	0.000163	0.610672
801	0.388022	0.000044	0.000168	0.611766
802	0.387035	0.000044	0.000157	0.612764
803	0.385990	0.000046	0.000169	0.613795
804	0.385026	0.000051	0.000176	0.614747
805	0.383860	0.000053	0.000172	0.615915
806	0.382941	0.000047	0.000172	0.616840
807	0.381894	0.000045	0.000178	0.617883
808	0.380987	0.000042	0.000185	0.618786
809	0.380126	0.000042	0.000193	0.619639
810	0.379059	0.000037	0.000197	0.620707
811	0.378202	0.000035	0.000199	0.621564
812	0.377138	0.000036	0.000191	0.622635
813	0.376146	0.000027	0.000192	0.623635
814	0.375009	0.000028	0.000188	0.624775
815	0.374044	0.000033	0.000194	0.625729
816	0.372986	0.000025	0.000194	0.626795
817	0.371742	0.000023	0.000200	0.628035
818	0.370779	0.000028	0.000212	0.628981
819	0.369738	0.000031	0.000203	0.630028
820	0.368677	0.000026	0.000199	0.631098
821	0.367789	0.000030	0.000197	0.631984
822	0.366618	0.000034	0.000185	0.633163
823	0.365581	0.000029	0.000190	0.634200
824	0.364700	0.000026	0.000202	0.635072
825	0.363687	0.000025	0.000200	0.636088
826	0.362533	0.000017	0.000205	0.637245
827	0.361566	0.000023	0.000203	0.638208
828	0.360480	0.000020	0.000207	0.639293
829	0.359556	0.000020	0.000206	0.640218
830	0.358391	0.000019	0.000212	0.641378
831	0.357371	0.000020	0.000216	0.642393
832	0.356673	0.000017	0.000216	0.643094
833	0.355501	0.000010	0.000216	0.644273
834	0.354458	0.000013	0.000221	0.645308
835	0.353573	0.000010	0.000223	0.646194
836	0.352611	0.000008	0.000224	0.647157
837	0.351758	0.000007	0.000217	0.648018
838	0.350826	0.000010	0.000215	0.648949
839	0.349932	0.000013	0.000218	0.649837
840	0.349010	0.000013	0.000221	0.650756
841	0.347989	0.000010	0.000218	0.651783
842	0.346893	0.000006	0.000231	0.652870
843	0.345916	0.000008	0.000219	0.653857
844	0.344990	0.000008	0.000212	0.654790
845	0.344078	0.000008	0.000210	0.655704
846	0.343003	0.000006	0.000221	0.656770
847	0.342034	0.000003	0.000228	0.657735
848	0.341120	0.000004	0.000224	0.658652
849	0.340010	0.000005	0.000212	0.659773
850	0.338993	0.000006	0.000207	0.660794
851	0.338008	0.000004	0.000219	0.661769
852	0.337032	0.000004	0.000225	0.662739
853	0.335856	0.000006	0.000220	0.663918
854	0.334981	0.000005	0.000229	0.664785
855	0.333899	0.000006	0.000232	0.665863
856	0.332933	0.000005	0.000223	0.666839
857	0.332008	0.000005	0.000230	0.667757
858	0.331009	0.000005	0.000231	0.668755
859	0.330131	0.000004	0.000228	0.669637
860	0.329291	0.000010	0.000225	0.670474
861	0.328132	0.000010	0.000233	0.671625
862	0.327378	0.000009	0.000237	0.672376
863	0.326430	0.000011	0.000241	0.673318
864	0.325466	0.000010	0.000245	0.674279
865	0.324528	0.000009	0.000245	0.675218
866	0.323329	0.000013	0.000239	0.676419
867	0.322416	0.000014	0.000242	0.677328
868	0.321448	0.000010	0.000240	0.678302
869	0.320545	0.000009	0.000253	0.679193
870	0.319365	0.000010	0.000238	0.680387
871	0.318326	0.000014	0.000248	0.681412
872	0.317411	0.000015	0.000247	0.682327
873	0.316396	0.000015	0.000247	0.683342
874	0.315556	0.000020	0.000257	0.684167
875	0.314627	0.000014	0.000256	0.685103
876	0.313595	0.000014	0.000260	0.686131
877	0.312629	0.000019	0.000255	0.687097
878	0.311610	0.000016	0.000250	0.688124
879	0.310735	0.000019	0.000255	0.688991
880	0.309848	0.000017	0.000267	0.689868
881	0.308920	0.000019	0.000276	0.690785
882	0.308021	0.000020	0.000276	0.691683
883	0.307027	0.000020	0.000258	0.692695
884	0.306014	0.000020	0.000263	0.693703
885	0.305243	0.000015	0.000264	0.694478
886	0.304274	0.000014	0.000264	0.695448
887	0.303280	0.000013	0.000253	0.696454
888	0.302404	0.000012	0.000250	0.697334
889	0.301783	0.000013	0.000245	0.697959
890	0.300729	0.000017	0.000255	0.698999
891	0.299927	0.000016	0.000245	0.699812
892	0.298948	0.000017	0.000252	0.700783
893	0.297799	0.000018	0.000257	0.701926
894	0.297019	0.000018	0.000250	0.702713
895	0.296080	0.000019	0.000250	0.703651
896	0.295181	0.000017	0.000257	0.704545
897	0.294306	0.000015	0.000280	0.705399
898	0.293314	0.000017	0.000279	0.706390
899	0.292299	0.000015	0.000278	0.707408
900	0.291465	0.000012	0.000283	0.708240
901	0.290719	0.000013	0.000280	0.708988
902	0.289810	0.000016	0.000287	0.709887
903	0.288992	0.000019	0.000272	0.710717
904	0.288024	0.000019	0.000282	0.711675
905	0.287151	0.000018	0.000283	0.712548
906	0.286396	0.000018	0.000283	0.713303
907	0.285647	0.000014	0.000281	0.714058
908	0.284611	0.000011	0.000282	0.715096
909	0.283803	0.000011	0.000276	0.715910
910	0.282933	0.000011	0.000283	0.716773
911	0.282178	0.000014	0.000291	0.717517
912	0.281243	0.000012	0.000278	0.718467
913	0.280422	0.000011	0.000266	0.719301
914	0.279710	0.000012	0.000273	0.720005
915	0.278686	0.000015	0.000281	0.721018
916	0.277952	0.000013	0.000276	0.721759
917	0.277183	0.000011	0.000289	0.722517
918	0.276347	0.000014	0.000283	0.723356
919	0.275447	0.000014	0.000285	0.724254
920	0.274689	0.000011	0.000292	0.725008
921	0.273819	0.000012	0.000285	0.725884
922	0.272885	0.000013	0.000278	0.726824
923	0.271859	0.000011	0.000273	0.727857
924	0.271065	0.000014	0.000276	0.728645
925	0.270176	0.000012	0.000284	0.729528
926	0.269331	0.000013	0.000295	0.730361
927	0.268415	0.000012	0.000294	0.731279
928	0.267571	0.000012	0.000289	0.732128
929	0.266645	0.000009	0.000289	0.733057
930	0.265862	0.000013	0.000300	0.733825
931	0.265125	0.000013	0.000294	0.734568
932	0.264228	0.000011	0.000285	0.735476
933	0.263446	0.000006	0.000279	0.736269
934	0.262673	0.000007	0.000284	0.737036
935	0.261791	0.000006	0.000282	0.737921
936	0.260764	0.000007	0.000305	0.738924
937	0.260063	0.000005	0.000308	0.739624
938	0.259301	0.000003	0.000313	0.740383
939	0.258591	0.000004	0.000318	0.741087
940	0.257756	0.000003	0.000326	0.741915
941	0.256925	0.000002	0.000339	0.742734
942	0.256112	0.000001	0.000331	0.743556
943	0.255091	0.000005	0.000335	0.744569
944	0.254430	0.000006	0.000324	0.745240
945	0.253688	0.000005	0.000320	0.745987
946	0.252970	0.000003	0.000325	0.746702
947	0.252089	0.000005	0.000329	0.747577
948	0.251094	0.000003	0.000334	0.748569
949	0.250376	0.000002	0.000329	0.749293
950	0.249475	0.000002	0.000320	0.750203
951	0.248511	0.000004	0.000322	0.751163
952	0.247827	0.000003	0.000334	0.751836
953	0.247090	0.000002	0.000330	0.752578
954	0.246138	0.000002	0.000336	0.753524
955	0.245315	0.000004	0.000343	0.754338
956	0.244604	0.000004	0.000331	0.755061
957	0.243845	0.000004	0.000325	0.755826
958	0.242902	0.000004	0.000313	0.756781
959	0.242074	0.000003	0.000313	0.757610
960	0.241187	0.000003	0.000322	0.758488
961	0.240381	0.000003	0.000310	0.759306
962	0.239582	0.000003	0.000318	0.760097
963	0.238792	0.000002	0.000331	0.760875
964	0.237925	0.000002	0.000317	0.761756
965	0.237143	0.000002	0.000300	0.762555
966	0.236396	0.000001	0.000320	0.763283
967	0.235456	0.000004	0.000327	0.764213
968	0.234750	0.000003	0.000325	0.764922
969	0.233907	0.000006	0.000322	0.765765
970	0.232948	0.000005	0.000330	0.766717
971	0.232147	0.000005	0.000339	0.767509
972	0.231429	0.000005	0.000343	0.768223
973	0.230666	0.000004	0.000347	0.768983
974	0.230003	0.000004	0.000354	0.769639
975	0.229096	0.000004	0.000342	0.770558
976	0.228351	0.000004	0.000338	0.771307
977	0.227553	0.000003	0.000347	0.772097
978	0.226645	0.000004	0.000346	0.773005
979	0.225904	0.000004	0.000341	0.773751
980	0.225033	0.000003	0.000333	0.774631
981	0.224199	0.000003	0.000341	0.775457
982	0.223425	0.000003	0.000343	0.776229
983	0.222729	0.000003	0.000342	0.776926
984	0.222057	0.000002	0.000339	0.777602
985	0.221262	0.000002	0.000343	0.778393
986	0.220586	0.000001	0.000348	0.779065
987	0.219775	0.000001	0.000349	0.779875
988	0.219034	0.000000	0.000348	0.780618
989	0.218228	0.000000	0.000344	0.781428
990	0.217615	0.000000	0.000352	0.782033
991	0.216739	0.000000	0.000341	0.782920
992	0.216033	0.000000	0.000353	0.783614
993	0.215340	0.000000	0.000360	0.784300
994	0.214572	0.000000	0.000360	0.785068
995	0.213809	0.000000	0.000353	0.785838
996	0.212990	0.000000	0.000354	0.786656
997	0.212267	0.000000	0.000359	0.787374
998	0.211566	0.000000	0.000351	0.788083
999	0.210733	0.000000	0.000360	0.788907
1000	0.210026	0.000000	0.000354	0.789620
