0	0.963979	0.026024	0.009899	0.000098
0	0.921584	0.046992	0.028889	0.002535
1	0.908132	0.053038	0.035188	0.003642
2	0.903402	0.055517	0.037011	0.004070
3	0.901895	0.056356	0.037418	0.004331
4	0.902163	0.056650	0.036732	0.004455
5	0.902698	0.056800	0.035827	0.004675
6	0.903797	0.056641	0.034766	0.004796
7	0.905199	0.056371	0.033595	0.004835
8	0.905903	0.056595	0.032644	0.004858
9	0.907097	0.056454	0.031463	0.004986
10	0.908194	0.056442	0.030256	0.005108
11	0.909301	0.056140	0.029424	0.005135
12	0.910332	0.056010	0.028421	0.005237
13	0.911661	0.055584	0.027409	0.005346
14	0.913011	0.055254	0.026426	0.005309
15	0.914075	0.054909	0.025633	0.005383
16	0.914823	0.054775	0.024927	0.005475
17	0.915845	0.054519	0.024052	0.005584
18	0.917225	0.054132	0.022915	0.005728
19	0.918169	0.053814	0.022277	0.005740
20	0.919120	0.053708	0.021277	0.005895
21	0.920333	0.053130	0.020588	0.005949
22	0.921193	0.052952	0.019800	0.006055
23	0.922107	0.052485	0.019202	0.006206
24	0.923107	0.052140	0.018517	0.006236
25	0.924200	0.051875	0.017540	0.006385
26	0.925255	0.051252	0.016984	0.006509
27	0.926046	0.051018	0.016377	0.006559
28	0.926938	0.050609	0.015862	0.006591
29	0.927463	0.050427	0.015311	0.006799
30	0.928284	0.049925	0.014891	0.006900
31	0.929191	0.049531	0.014291	0.006987
32	0.929768	0.049392	0.013828	0.007012
33	0.930615	0.049018	0.013234	0.007133
34	0.931536	0.048562	0.012595	0.007307
35	0.932362	0.048008	0.012178	0.007452
36	0.932922	0.047771	0.011724	0.007583
37	0.933700	0.047323	0.011337	0.007640
38	0.934186	0.047139	0.010995	0.007680
39	0.934492	0.047022	0.010636	0.007850
40	0.935407	0.046475	0.010176	0.007942
41	0.935766	0.046176	0.009972	0.008086
42	0.936049	0.045947	0.009806	0.008198
43	0.936430	0.045850	0.009459	0.008261
44	0.936932	0.045547	0.009096	0.008425
45	0.937448	0.045283	0.008802	0.008467
46	0.937767	0.045027	0.008484	0.008722
47	0.938298	0.044739	0.008105	0.008858
48	0.939007	0.044272	0.007736	0.008985
49	0.939204	0.044181	0.007530	0.009085
50	0.939616	0.043891	0.007274	0.009219
51	0.939944	0.043590	0.007103	0.009363
52	0.940153	0.043559	0.006762	0.009526
53	0.940768	0.043038	0.006506	0.009688
54	0.941045	0.042796	0.006280	0.009879
55	0.941311	0.042567	0.006072	0.010050
56	0.941865	0.042134	0.005878	0.010123
57	0.942060	0.041835	0.005796	0.010309
58	0.942441	0.041525	0.005590	0.010444
59	0.943016	0.041034	0.005428	0.010522
60	0.943171	0.040885	0.005262	0.010682
61	0.943446	0.040590	0.005111	0.010853
62	0.943830	0.040237	0.004796	0.011137
63	0.943993	0.040087	0.004717	0.011203
64	0.944303	0.039780	0.004498	0.011419
65	0.944626	0.039379	0.004369	0.011626
66	0.944886	0.039137	0.004288	0.011689
67	0.945084	0.038933	0.004131	0.011852
68	0.945318	0.038697	0.003925	0.012060
69	0.945441	0.038393	0.003900	0.012266
70	0.945457	0.038239	0.003813	0.012491
71	0.945671	0.037927	0.003751	0.012651
72	0.945753	0.037860	0.003538	0.012849
73	0.945922	0.037669	0.003435	0.012974
74	0.946034	0.037566	0.003280	0.013120
75	0.946224	0.037290	0.003161	0.013325
76	0.946238	0.037121	0.003003	0.013638
77	0.946340	0.036841	0.002968	0.013851
78	0.946685	0.036441	0.002885	0.013989
79	0.946843	0.036244	0.002767	0.014146
80	0.946846	0.036154	0.002657	0.014343
81	0.946949	0.035900	0.002594	0.014557
82	0.947315	0.035363	0.002501	0.014821
83	0.947302	0.035165	0.002458	0.015075
84	0.947500	0.034850	0.002367	0.015283
85	0.947474	0.034710	0.002290	0.015526
86	0.947628	0.034332	0.002260	0.015780
87	0.947481	0.034205	0.002160	0.016154
88	0.947562	0.033940	0.002110	0.016388
89	0.947685	0.033620	0.002043	0.016652
90	0.947785	0.033337	0.002013	0.016865
91	0.947921	0.033130	0.001929	0.017020
92	0.948018	0.032861	0.001875	0.017246
93	0.947999	0.032678	0.001810	0.017513
94	0.947952	0.032471	0.001779	0.017798
95	0.947726	0.032406	0.001697	0.018171
96	0.947746	0.032193	0.001693	0.018368
97	0.947630	0.032103	0.001618	0.018649
98	0.947524	0.031860	0.001660	0.018956
99	0.947463	0.031699	0.001581	0.019257
100	0.947515	0.031423	0.001544	0.019518
101	0.947564	0.031196	0.001498	0.019742
102	0.947447	0.031046	0.001485	0.020022
103	0.947419	0.030899	0.001396	0.020286
104	0.947486	0.030655	0.001334	0.020525
105	0.947313	0.030479	0.001307	0.020901
106	0.947332	0.030206	0.001236	0.021226
107	0.947206	0.030155	0.001190	0.021449
108	0.947116	0.029993	0.001194	0.021697
109	0.947068	0.029767	0.001152	0.022013
110	0.947076	0.029427	0.001108	0.022389
111	0.946849	0.029301	0.001104	0.022746
112	0.946937	0.028969	0.001041	0.023053
113	0.946726	0.028943	0.001012	0.023319
114	0.946677	0.028669	0.000971	0.023683
115	0.946805	0.028367	0.000932	0.023896
116	0.946640	0.028202	0.000922	0.024236
117	0.946607	0.027970	0.000867	0.024556
118	0.946319	0.027889	0.000834	0.024958
119	0.946396	0.027695	0.000821	0.025088
120	0.946323	0.027441	0.000817	0.025419
121	0.946029	0.027400	0.000784	0.025787
122	0.945938	0.027160	0.000754	0.026148
123	0.945911	0.026926	0.000730	0.026433
124	0.945801	0.026768	0.000715	0.026716
125	0.945709	0.026528	0.000677	0.027086
126	0.945579	0.026416	0.000661	0.027344
127	0.945100	0.026508	0.000655	0.027737
128	0.944971	0.026252	0.000658	0.028119
129	0.944955	0.026032	0.000632	0.028381
130	0.944812	0.025885	0.000607	0.028696
131	0.944642	0.025645	0.000608	0.029105
132	0.944462	0.025509	0.000581	0.029448
133	0.944241	0.025340	0.000577	0.029842
134	0.944000	0.025157	0.000567	0.030276
135	0.943866	0.025012	0.000566	0.030556
136	0.943698	0.024845	0.000545	0.030912
137	0.943328	0.024778	0.000542	0.031352
138	0.943086	0.024616	0.000530	0.031768
139	0.942786	0.024418	0.000525	0.032271
140	0.942591	0.024251	0.000505	0.032653
141	0.942322	0.024199	0.000492	0.032987
142	0.941996	0.024126	0.000472	0.033406
143	0.941762	0.023995	0.000458	0.033785
144	0.941540	0.023771	0.000437	0.034252
145	0.941226	0.023725	0.000425	0.034624
146	0.941115	0.023636	0.000439	0.034810
147	0.940836	0.023457	0.000440	0.035267
148	0.940595	0.023306	0.000423	0.035676
149	0.940361	0.023127	0.000410	0.036102
150	0.940122	0.022915	0.000404	0.036559
151	0.939770	0.022891	0.000396	0.036943
152	0.939370	0.022777	0.000384	0.037469
153	0.939123	0.022727	0.000375	0.037775
154	0.938943	0.022490	0.000378	0.038189
155	0.938464	0.022446	0.000346	0.038744
156	0.938105	0.022389	0.000354	0.039152
157	0.937881	0.022319	0.000312	0.039488
158	0.937800	0.021982	0.000286	0.039932
159	0.937519	0.021898	0.000293	0.040290
160	0.937134	0.021808	0.000281	0.040777
161	0.936856	0.021594	0.000295	0.041255
162	0.936607	0.021372	0.000309	0.041712
163	0.936364	0.021350	0.000278	0.042008
164	0.935898	0.021361	0.000274	0.042467
165	0.935565	0.021261	0.000265	0.042909
166	0.935318	0.021012	0.000257	0.043413
167	0.935169	0.020715	0.000249	0.043867
168	0.934851	0.020588	0.000241	0.044320
169	0.934552	0.020407	0.000242	0.044799
170	0.934251	0.020174	0.000243	0.045332
171	0.933691	0.020146	0.000226	0.045937
172	0.933403	0.019982	0.000230	0.046385
173	0.933092	0.019831	0.000222	0.046855
174	0.932788	0.019747	0.000200	0.047265
175	0.932356	0.019651	0.000207	0.047786
176	0.931908	0.019540	0.000207	0.048345
177	0.931819	0.019244	0.000198	0.048739
178	0.931262	0.019158	0.000186	0.049394
179	0.930655	0.019180	0.000186	0.049979
180	0.930235	0.019061	0.000170	0.050534
181	0.929900	0.018951	0.000182	0.050967
182	0.929471	0.018836	0.000187	0.051506
183	0.929141	0.018662	0.000194	0.052003
184	0.928679	0.018501	0.000194	0.052626
185	0.928081	0.018471	0.000186	0.053262
186	0.927751	0.018333	0.000183	0.053733
187	0.927339	0.018231	0.000190	0.054240
188	0.927074	0.018054	0.000191	0.054681
189	0.926718	0.017806	0.000187	0.055289
190	0.926338	0.017716	0.000184	0.055762
191	0.925673	0.017774	0.000190	0.056363
192	0.925506	0.017489	0.000189	0.056816
193	0.925040	0.017366	0.000188	0.057406
194	0.924715	0.017239	0.000191	0.057855
195	0.924219	0.017251	0.000191	0.058339
196	0.923785	0.017151	0.000180	0.058884
197	0.923191	0.017119	0.000176	0.059514
198	0.922921	0.016922	0.000172	0.059985
199	0.922296	0.016923	0.000182	0.060599
200	0.921745	0.016848	0.000159	0.061248
201	0.921349	0.016696	0.000165	0.061790
202	0.921170	0.016433	0.000154	0.062243
203	0.920627	0.016363	0.000149	0.062861
204	0.920252	0.016181	0.000136	0.063431
205	0.919630	0.016182	0.000137	0.064051
206	0.919313	0.015985	0.000152	0.064550
207	0.918913	0.015901	0.000145	0.065041
208	0.918318	0.015913	0.000154	0.065615
209	0.917881	0.015910	0.000146	0.066063
210	0.917698	0.015710	0.000150	0.066442
211	0.917101	0.015677	0.000151	0.067071
212	0.916536	0.015587	0.000156	0.067721
213	0.915991	0.015477	0.000166	0.068366
214	0.915479	0.015309	0.000166	0.069046
215	0.915018	0.015259	0.000151	0.069572
216	0.914518	0.015192	0.000155	0.070135
217	0.914212	0.015019	0.000162	0.070607
218	0.913727	0.014956	0.000149	0.071168
219	0.913287	0.014839	0.000151	0.071723
220	0.912852	0.014641	0.000158	0.072349
221	0.912357	0.014574	0.000148	0.072921
222	0.911703	0.014531	0.000145	0.073621
223	0.911219	0.014387	0.000142	0.074252
224	0.910547	0.014419	0.000144	0.074890
225	0.910113	0.014328	0.000131	0.075428
226	0.909685	0.014178	0.000123	0.076014
227	0.909000	0.014159	0.000134	0.076707
228	0.908601	0.013971	0.000135	0.077293
229	0.908098	0.013856	0.000124	0.077922
230	0.907462	0.013905	0.000124	0.078509
231	0.906847	0.013808	0.000125	0.079220
232	0.906247	0.013779	0.000128	0.079846
233	0.905709	0.013676	0.000123	0.080492
234	0.905120	0.013627	0.000127	0.081126
235	0.904463	0.013553	0.000125	0.081859
236	0.903872	0.013363	0.000125	0.082640
237	0.903263	0.013289	0.000134	0.083314
238	0.902643	0.013235	0.000149	0.083973
239	0.902265	0.013003	0.000144	0.084588
240	0.901785	0.012847	0.000131	0.085237
241	0.901269	0.012654	0.000142	0.085935
242	0.900677	0.012631	0.000139	0.086553
243	0.899898	0.012683	0.000142	0.087277
244	0.899276	0.012632	0.000131	0.087961
245	0.898864	0.012431	0.000122	0.088583
246	0.898230	0.012320	0.000128	0.089322
247	0.897646	0.012283	0.000134	0.089937
248	0.896859	0.012315	0.000128	0.090698
249	0.896182	0.012201	0.000126	0.091491
250	0.895791	0.011959	0.000126	0.092124
251	0.895057	0.011894	0.000123	0.092926
252	0.894336	0.011836	0.000124	0.093704
253	0.893554	0.011784	0.000116	0.094546
254	0.892976	0.011695	0.000125	0.095204
255	0.892300	0.011701	0.000108	0.095891
256	0.891615	0.011585	0.000110	0.096690
257	0.891036	0.011485	0.000119	0.097360
258	0.890116	0.011569	0.000117	0.098198
259	0.889655	0.011310	0.000112	0.098923
260	0.888740	0.011311	0.000108	0.099841
261	0.888313	0.011192	0.000107	0.100388
262	0.887699	0.011078	0.000101	0.101122
263	0.887026	0.010943	0.000108	0.101923
264	0.886223	0.010919	0.000106	0.102752
265	0.885637	0.010814	0.000103	0.103446
266	0.884949	0.010751	0.000104	0.104196
267	0.884354	0.010663	0.000101	0.104882
268	0.883664	0.010697	0.000096	0.105543
269	0.882984	0.010542	0.000090	0.106384
270	0.882154	0.010513	0.000095	0.107238
271	0.881386	0.010456	0.000098	0.108060
272	0.880744	0.010323	0.000098	0.108835
273	0.880239	0.010191	0.000096	0.109474
274	0.879382	0.010226	0.000102	0.110290
275	0.878481	0.010206	0.000093	0.111220
276	0.877695	0.010081	0.000089	0.112135
277	0.876943	0.010142	0.000086	0.112829
278	0.876202	0.010097	0.000086	0.113615
279	0.875551	0.009946	0.000078	0.114425
280	0.874534	0.009992	0.000069	0.115405
281	0.873792	0.009931	0.000071	0.116206
282	0.872839	0.009959	0.000075	0.117127
283	0.872067	0.009990	0.000078	0.117865
284	0.871358	0.009780	0.000072	0.118790
285	0.870589	0.009704	0.000072	0.119635
286	0.869836	0.009691	0.000081	0.120392
287	0.869113	0.009630	0.000074	0.121183
288	0.868388	0.009531	0.000084	0.121997
289	0.867567	0.009482	0.000085	0.122866
290	0.866599	0.009434	0.000090	0.123877
291	0.865855	0.009411	0.000084	0.124650
292	0.865127	0.009391	0.000091	0.125391
293	0.864373	0.009395	0.000090	0.126142
294	0.863826	0.009285	0.000092	0.126797
295	0.862990	0.009209	0.000085	0.127716
296	0.862281	0.009072	0.000087	0.128560
297	0.861308	0.009024	0.000080	0.129588
298	0.860576	0.008955	0.000084	0.130385
299	0.859593	0.008894	0.000085	0.131428
300	0.858793	0.008931	0.000084	0.132192
301	0.857956	0.008912	0.000077	0.133055
302	0.857335	0.008873	0.000077	0.133715
303	0.856379	0.008821	0.000079	0.134721
304	0.855773	0.008748	0.000079	0.135400
305	0.854882	0.008589	0.000081	0.136448
306	0.853780	0.008568	0.000080	0.137572
307	0.852919	0.008488	0.000083	0.138510
308	0.852170	0.008397	0.000081	0.139352
309	0.851219	0.008376	0.000079	0.140326
310	0.850380	0.008259	0.000078	0.141283
311	0.849503	0.008261	0.000078	0.142158
312	0.848588	0.008157	0.000071	0.143184
313	0.847834	0.008018	0.000069	0.144079
314	0.846838	0.008087	0.000066	0.145009
315	0.846025	0.008023	0.000065	0.145887
316	0.845289	0.007913	0.000065	0.146733
317	0.844384	0.007838	0.000072	0.147706
318	0.843671	0.007839	0.000062	0.148428
319	0.842639	0.007805	0.000072	0.149484
320	0.841784	0.007807	0.000069	0.150340
321	0.840786	0.007795	0.000067	0.151352
322	0.839891	0.007715	0.000060	0.152334
323	0.839074	0.007642	0.000066	0.153218
324	0.838058	0.007678	0.000070	0.154194
325	0.837255	0.007520	0.000057	0.155168
326	0.836479	0.007461	0.000059	0.156001
327	0.835506	0.007447	0.000061	0.156986
328	0.834848	0.007390	0.000062	0.157700
329	0.833822	0.007310	0.000060	0.158808
330	0.832982	0.007229	0.000067	0.159722
331	0.832062	0.007246	0.000070	0.160622
332	0.830959	0.007202	0.000068	0.161771
333	0.830197	0.007130	0.000063	0.162610
334	0.829264	0.007151	0.000071	0.163514
335	0.828337	0.007025	0.000069	0.164569
336	0.827289	0.006972	0.000060	0.165679
337	0.826372	0.006967	0.000064	0.166597
338	0.825444	0.006888	0.000062	0.167606
339	0.824587	0.006777	0.000066	0.168570
340	0.823779	0.006680	0.000069	0.169472
341	0.822826	0.006684	0.000066	0.170424
342	0.822034	0.006635	0.000065	0.171266
343	0.821165	0.006493	0.000068	0.172274
344	0.820345	0.006443	0.000065	0.173147
345	0.819400	0.006366	0.000057	0.174177
346	0.818406	0.006421	0.000056	0.175117
347	0.817496	0.006231	0.000059	0.176214
348	0.816539	0.006173	0.000065	0.177223
349	0.815765	0.006100	0.000062	0.178073
350	0.814617	0.006091	0.000061	0.179231
351	0.813949	0.005972	0.000062	0.180017
352	0.813008	0.005934	0.000066	0.180992
353	0.812062	0.005918	0.000061	0.181959
354	0.810897	0.005852	0.000064	0.183187
355	0.809762	0.005837	0.000062	0.184339
356	0.808926	0.005864	0.000056	0.185154
357	0.807883	0.005760	0.000059	0.186298
358	0.806914	0.005760	0.000065	0.187261
359	0.805895	0.005648	0.000064	0.188393
360	0.804826	0.005652	0.000063	0.189459
361	0.803724	0.005627	0.000059	0.190590
362	0.802853	0.005547	0.000052	0.191548
363	0.801997	0.005544	0.000050	0.192409
364	0.801091	0.005466	0.000055	0.193388
365	0.800002	0.005420	0.000059	0.194519
366	0.799161	0.005303	0.000053	0.195483
367	0.798326	0.005254	0.000054	0.196366
368	0.797362	0.005124	0.000060	0.197454
369	0.796217	0.005136	0.000064	0.198583
370	0.795167	0.005109	0.000065	0.199659
371	0.794076	0.005038	0.000065	0.200821
372	0.793111	0.005010	0.000069	0.201810
373	0.791962	0.004972	0.000069	0.202997
374	0.790984	0.005008	0.000061	0.203947
375	0.790000	0.004971	0.000063	0.204966
376	0.789015	0.004945	0.000065	0.205975
377	0.787961	0.004856	0.000068	0.207115
378	0.786884	0.004814	0.000064	0.208238
379	0.785846	0.004817	0.000065	0.209272
380	0.784767	0.004775	0.000071	0.210387
381	0.783985	0.004610	0.000072	0.211333
382	0.782985	0.004612	0.000070	0.212333
383	0.781962	0.004615	0.000071	0.213352
384	0.781040	0.004602	0.000073	0.214285
385	0.780066	0.004526	0.000071	0.215337
386	0.778912	0.004451	0.000073	0.216564
387	0.777850	0.004432	0.000075	0.217643
388	0.776774	0.004362	0.000077	0.218787
389	0.775575	0.004379	0.000078	0.219968
390	0.774528	0.004321	0.000076	0.221075
391	0.773393	0.004298	0.000070	0.222239
392	0.772380	0.004269	0.000068	0.223283
393	0.771295	0.004239	0.000071	0.224395
394	0.770471	0.004230	0.000067	0.225232
395	0.769489	0.004121	0.000070	0.226320
396	0.768471	0.004137	0.000067	0.227325
397	0.767176	0.004107	0.000066	0.228651
398	0.766032	0.004084	0.000065	0.229819
399	0.764949	0.004033	0.000064	0.230954
400	0.763792	0.004005	0.000070	0.232133
401	0.762686	0.003959	0.000073	0.233282
402	0.761759	0.003927	0.000075	0.234239
403	0.760709	0.004000	0.000072	0.235219
404	0.759784	0.003860	0.000070	0.236286
405	0.758715	0.003871	0.000063	0.237351
406	0.757702	0.003833	0.000062	0.238403
407	0.756315	0.003857	0.000066	0.239762
408	0.755246	0.003874	0.000066	0.240814
409	0.754227	0.003762	0.000069	0.241942
410	0.753089	0.003702	0.000066	0.243143
411	0.752078	0.003744	0.000066	0.244112
412	0.751088	0.003731	0.000065	0.245116
413	0.749901	0.003741	0.000062	0.246296
414	0.748704	0.003773	0.000067	0.247456
415	0.747487	0.003733	0.000072	0.248708
416	0.746315	0.003697	0.000063	0.249925
417	0.745080	0.003681	0.000065	0.251174
418	0.743982	0.003615	0.000065	0.252338
419	0.742807	0.003555	0.000069	0.253569
420	0.741658	0.003543	0.000066	0.254733
421	0.740373	0.003531	0.000069	0.256027
422	0.739277	0.003504	0.000075	0.257144
423	0.737971	0.003464	0.000082	0.258483
424	0.736948	0.003474	0.000081	0.259497
425	0.735783	0.003447	0.000084	0.260686
426	0.734680	0.003437	0.000078	0.261805
427	0.733673	0.003386	0.000084	0.262857
428	0.732504	0.003300	0.000082	0.264114
429	0.731106	0.003312	0.000079	0.265503
430	0.729929	0.003321	0.000082	0.266668
431	0.728742	0.003296	0.000078	0.267884
432	0.727579	0.003298	0.000080	0.269043
433	0.726297	0.003307	0.000084	0.270312
434	0.725331	0.003240	0.000085	0.271344
435	0.724114	0.003252	0.000082	0.272552
436	0.722872	0.003292	0.000081	0.273755
437	0.721741	0.003219	0.000080	0.274960
438	0.720645	0.003182	0.000083	0.276090
439	0.719565	0.003147	0.000079	0.277209
440	0.718347	0.003147	0.000078	0.278428
441	0.717168	0.003094	0.000071	0.279667
442	0.715943	0.003105	0.000074	0.280878
443	0.714852	0.003073	0.000074	0.282001
444	0.713637	0.003052	0.000076	0.283235
445	0.712584	0.003009	0.000078	0.284329
446	0.711046	0.003038	0.000083	0.285833
447	0.709874	0.003017	0.000078	0.287031
448	0.708672	0.002967	0.000083	0.288278
449	0.707165	0.002936	0.000083	0.289816
450	0.706006	0.002944	0.000086	0.290964
451	0.704946	0.002917	0.000085	0.292052
452	0.703814	0.002878	0.000087	0.293221
453	0.702515	0.002874	0.000091	0.294520
454	0.701440	0.002888	0.000091	0.295581
455	0.700238	0.002858	0.000092	0.296812
456	0.699005	0.002865	0.000094	0.298036
457	0.697665	0.002845	0.000093	0.299397
458	0.696492	0.002817	0.000098	0.300593
459	0.695382	0.002745	0.000099	0.301774
460	0.694143	0.002687	0.000103	0.303067
461	0.693026	0.002678	0.000109	0.304187
462	0.691852	0.002703	0.000109	0.305336
463	0.690577	0.002687	0.000108	0.306628
464	0.689347	0.002633	0.000116	0.307904
465	0.688180	0.002568	0.000115	0.309137
466	0.687171	0.002605	0.000113	0.310111
467	0.685671	0.002596	0.000123	0.311610
468	0.684380	0.002565	0.000125	0.312930
469	0.683309	0.002567	0.000130	0.313994
470	0.681928	0.002554	0.000126	0.315392
471	0.680736	0.002547	0.000133	0.316584
472	0.679532	0.002518	0.000134	0.317816
473	0.678367	0.002499	0.000141	0.318993
474	0.677267	0.002461	0.000139	0.320133
475	0.675997	0.002491	0.000150	0.321362
476	0.674752	0.002451	0.000154	0.322643
477	0.673579	0.002460	0.000150	0.323811
478	0.672230	0.002410	0.000153	0.325207
479	0.670875	0.002378	0.000148	0.326599
480	0.669898	0.002390	0.000150	0.327562
481	0.668452	0.002408	0.000161	0.328979
482	0.667196	0.002387	0.000160	0.330257
483	0.665678	0.002374	0.000156	0.331792
484	0.664456	0.002408	0.000157	0.332979
485	0.663173	0.002374	0.000166	0.334287
486	0.661869	0.002362	0.000167	0.335602
487	0.660509	0.002377	0.000155	0.336959
488	0.659285	0.002361	0.000151	0.338203
489	0.658257	0.002335	0.000151	0.339257
490	0.657095	0.002319	0.000159	0.340427
491	0.655662	0.002296	0.000153	0.341889
492	0.654670	0.002260	0.000154	0.342916
493	0.653459	0.002182	0.000157	0.344202
494	0.652353	0.002195	0.000160	0.345292
495	0.651057	0.002172	0.000163	0.346608
496	0.649933	0.002117	0.000161	0.347789
497	0.648750	0.002127	0.000170	0.348953
498	0.647426	0.002127	0.000182	0.350265
499	0.646364	0.002087	0.000185	0.351364
500	0.645095	0.002024	0.000182	0.352699
501	0.643696	0.002019	0.000183	0.354102
502	0.642704	0.001944	0.000176	0.355176
503	0.641271	0.001934	0.000181	0.356614
504	0.639993	0.001932	0.000193	0.357882
505	0.638733	0.001930	0.000197	0.359140
506	0.637645	0.001890	0.000205	0.360260
507	0.636395	0.001870	0.000204	0.361531
508	0.635071	0.001853	0.000219	0.362857
509	0.633711	0.001820	0.000215	0.364254
510	0.632568	0.001752	0.000216	0.365464
511	0.631273	0.001772	0.000206	0.366749
512	0.629817	0.001765	0.000208	0.368210
513	0.628485	0.001767	0.000213	0.369535
514	0.627266	0.001756	0.000213	0.370765
515	0.626188	0.001762	0.000214	0.371836
516	0.625012	0.001732	0.000214	0.373042
517	0.623869	0.001692	0.000219	0.374220
518	0.622656	0.001661	0.000228	0.375455
519	0.621482	0.001638	0.000228	0.376652
520	0.620276	0.001633	0.000228	0.377863
521	0.619094	0.001641	0.000221	0.379044
522	0.617739	0.001641	0.000228	0.380392
523	0.616501	0.001640	0.000217	0.381642
524	0.615317	0.001645	0.000217	0.382821
525	0.613974	0.001617	0.000222	0.384187
526	0.612765	0.001610	0.000231	0.385394
527	0.611541	0.001599	0.000223	0.386637
528	0.610334	0.001644	0.000229	0.387793
529	0.609053	0.001683	0.000230	0.389034
530	0.607875	0.001630	0.000230	0.390265
531	0.606786	0.001597	0.000238	0.391379
532	0.605594	0.001586	0.000233	0.392587
533	0.604463	0.001573	0.000226	0.393738
534	0.603215	0.001542	0.000243	0.395000
535	0.601813	0.001554	0.000237	0.396396
536	0.600620	0.001564	0.000245	0.397571
537	0.599391	0.001533	0.000251	0.398825
538	0.597972	0.001569	0.000249	0.400210
539	0.596581	0.001544	0.000257	0.401618
540	0.595509	0.001518	0.000262	0.402711
541	0.594003	0.001497	0.000257	0.404243
542	0.592845	0.001502	0.000261	0.405392
543	0.591380	0.001478	0.000253	0.406889
544	0.590093	0.001506	0.000258	0.408143
545	0.588735	0.001512	0.000252	0.409501
546	0.587378	0.001480	0.000256	0.410886
547	0.586196	0.001433	0.000269	0.412102
548	0.585013	0.001439	0.000269	0.413279
549	0.583752	0.001431	0.000268	0.414549
550	0.582561	0.001414	0.000269	0.415756
551	0.581490	0.001394	0.000268	0.416848
552	0.580065	0.001382	0.000275	0.418278
553	0.578790	0.001357	0.000280	0.419573
554	0.577556	0.001365	0.000279	0.420800
555	0.576435	0.001293	0.000282	0.421990
556	0.575194	0.001271	0.000285	0.423250
557	0.573704	0.001289	0.000287	0.424720
558	0.572647	0.001278	0.000297	0.425778
559	0.571416	0.001249	0.000297	0.427038
560	0.570338	0.001234	0.000290	0.428138
561	0.568862	0.001204	0.000295	0.429639
562	0.567694	0.001204	0.000303	0.430799
563	0.566568	0.001237	0.000298	0.431897
564	0.565370	0.001201	0.000304	0.433125
565	0.564013	0.001198	0.000311	0.434478
566	0.562858	0.001192	0.000315	0.435635
567	0.561771	0.001148	0.000312	0.436769
568	0.560624	0.001133	0.000316	0.437927
569	0.559448	0.001098	0.000305	0.439149
570	0.558136	0.001102	0.000302	0.440460
571	0.556838	0.001129	0.000314	0.441719
572	0.555521	0.001132	0.000313	0.443034
573	0.554386	0.001107	0.000323	0.444184
574	0.553064	0.001098	0.000325	0.445513
575	0.551769	0.001129	0.000327	0.446775
576	0.550553	0.001085	0.000323	0.448039
577	0.549464	0.001075	0.000328	0.449133
578	0.548207	0.001056	0.000321	0.450416
579	0.547017	0.001043	0.000322	0.451618
580	0.545734	0.001073	0.000325	0.452868
581	0.544659	0.001053	0.000334	0.453954
582	0.543294	0.001058	0.000328	0.455320
583	0.541689	0.001024	0.000330	0.456957
584	0.540454	0.001009	0.000314	0.458223
585	0.539251	0.000993	0.000323	0.459433
586	0.538054	0.001020	0.000314	0.460612
587	0.536871	0.001014	0.000310	0.461805
588	0.535441	0.001022	0.000310	0.463227
589	0.534181	0.001016	0.000311	0.464492
590	0.532862	0.001032	0.000313	0.465793
591	0.531599	0.001017	0.000314	0.467070
592	0.530264	0.001038	0.000314	0.468384
593	0.529178	0.001002	0.000307	0.469513
594	0.528009	0.001013	0.000310	0.470668
595	0.526869	0.001004	0.000312	0.471815
596	0.525517	0.000981	0.000312	0.473190
597	0.524372	0.000989	0.000322	0.474317
598	0.523181	0.000990	0.000325	0.475504
599	0.521919	0.000958	0.000321	0.476802
600	0.520702	0.000961	0.000325	0.478012
601	0.519729	0.000939	0.000320	0.479012
602	0.518493	0.000956	0.000314	0.480237
603	0.517232	0.000934	0.000315	0.481519
604	0.516026	0.000926	0.000314	0.482734
605	0.514823	0.000930	0.000314	0.483933
606	0.513342	0.000930	0.000321	0.485407
607	0.512073	0.000912	0.000320	0.486695
608	0.510898	0.000879	0.000319	0.487904
609	0.509721	0.000893	0.000323	0.489063
610	0.508371	0.000862	0.000318	0.490449
611	0.507404	0.000854	0.000323	0.491419
612	0.506161	0.000862	0.000323	0.492654
613	0.505004	0.000852	0.000330	0.493814
614	0.503922	0.000825	0.000338	0.494915
615	0.502689	0.000812	0.000343	0.496156
616	0.501559	0.000809	0.000354	0.497278
617	0.500284	0.000815	0.000363	0.498538
618	0.499322	0.000773	0.000364	0.499541
619	0.497868	0.000779	0.000369	0.500984
620	0.496599	0.000764	0.000366	0.502271
621	0.495279	0.000786	0.000366	0.503569
622	0.494297	0.000774	0.000366	0.504563
623	0.493009	0.000783	0.000365	0.505843
624	0.491752	0.000752	0.000371	0.507125
625	0.490585	0.000719	0.000387	0.508309
626	0.489478	0.000687	0.000382	0.509453
627	0.488253	0.000691	0.000395	0.510661
628	0.486915	0.000690	0.000403	0.511992
629	0.485866	0.000708	0.000386	0.513040
630	0.484608	0.000684	0.000386	0.514322
631	0.483478	0.000717	0.000393	0.515412
632	0.482290	0.000727	0.000397	0.516586
633	0.481087	0.000693	0.000395	0.517825
634	0.479768	0.000687	0.000394	0.519151
635	0.478633	0.000690	0.000388	0.520289
636	0.477574	0.000691	0.000376	0.521359
637	0.476393	0.000713	0.000373	0.522521
638	0.475259	0.000687	0.000368	0.523686
639	0.474022	0.000686	0.000379	0.524913
640	0.472721	0.000692	0.000385	0.526202
641	0.471611	0.000680	0.000391	0.527318
642	0.470296	0.000698	0.000408	0.528598
643	0.468973	0.000687	0.000408	0.529932
644	0.467822	0.000687	0.000416	0.531075
645	0.466355	0.000652	0.000410	0.532583
646	0.465273	0.000654	0.000419	0.533654
647	0.464124	0.000648	0.000418	0.534810
648	0.462720	0.000657	0.000422	0.536201
649	0.461629	0.000634	0.000409	0.537328
650	0.460492	0.000633	0.000410	0.538465
651	0.459226	0.000623	0.000410	0.539741
652	0.457888	0.000615	0.000400	0.541097
653	0.456721	0.000611	0.000416	0.542252
654	0.455407	0.000596	0.000411	0.543586
655	0.454209	0.000589	0.000411	0.544791
656	0.453206	0.000581	0.000426	0.545787
657	0.452162	0.000594	0.000431	0.546813
658	0.450880	0.000610	0.000428	0.548082
659	0.449739	0.000594	0.000426	0.549241
660	0.448634	0.000592	0.000433	0.550341
661	0.447259	0.000607	0.000438	0.551696
662	0.446017	0.000602	0.000424	0.552957
663	0.444762	0.000578	0.000405	0.554255
664	0.443435	0.000570	0.000416	0.555579
665	0.442107	0.000578	0.000425	0.556890
666	0.440773	0.000587	0.000421	0.558219
667	0.439598	0.000597	0.000419	0.559386
668	0.438355	0.000613	0.000420	0.560612
669	0.437154	0.000607	0.000409	0.561830
670	0.436005	0.000605	0.000416	0.562974
671	0.434724	0.000610	0.000415	0.564251
672	0.433503	0.000610	0.000387	0.565500
673	0.432313	0.000610	0.000384	0.566693
674	0.431017	0.000583	0.000393	0.568007
675	0.429960	0.000588	0.000385	0.569067
676	0.428796	0.000590	0.000395	0.570219
677	0.427553	0.000589	0.000393	0.571465
678	0.426519	0.000569	0.000406	0.572506
679	0.425245	0.000577	0.000400	0.573778
680	0.423917	0.000595	0.000390	0.575098
681	0.422770	0.000590	0.000404	0.576236
682	0.421629	0.000605	0.000408	0.577358
683	0.420276	0.000601	0.000401	0.578722
684	0.419276	0.000592	0.000396	0.579736
685	0.418168	0.000558	0.000384	0.580890
686	0.416813	0.000588	0.000389	0.582210
687	0.415695	0.000579	0.000394	0.583332
688	0.414558	0.000534	0.000392	0.584516
689	0.413304	0.000536	0.000395	0.585765
690	0.412002	0.000538	0.000395	0.587065
691	0.410688	0.000524	0.000389	0.588399
692	0.409499	0.000547	0.000390	0.589564
693	0.408417	0.000533	0.000380	0.590670
694	0.407331	0.000531	0.000392	0.591746
695	0.406233	0.000521	0.000378	0.592868
696	0.404840	0.000512	0.000391	0.594257
697	0.403826	0.000503	0.000383	0.595288
698	0.402476	0.000504	0.000378	0.596642
699	0.401429	0.000489	0.000382	0.597700
700	0.400378	0.000478	0.000389	0.598755
701	0.399144	0.000500	0.000397	0.599959
702	0.398035	0.000493	0.000395	0.601077
703	0.397066	0.000500	0.000406	0.602028
704	0.395876	0.000517	0.000392	0.603215
705	0.394686	0.000499	0.000394	0.604421
706	0.393581	0.000495	0.000401	0.605523
707	0.392426	0.000504	0.000396	0.606674
708	0.391383	0.000508	0.000392	0.607717
709	0.389998	0.000485	0.000386	0.609131
710	0.388757	0.000485	0.000387	0.610371
711	0.387586	0.000458	0.000398	0.611558
712	0.386560	0.000449	0.000395	0.612596
713	0.385460	0.000435	0.000400	0.613705
714	0.384412	0.000426	0.000402	0.614760
715	0.383288	0.000406	0.000397	0.615909
716	0.382140	0.000416	0.000388	0.617056
717	0.380999	0.000433	0.000381	0.618187
718	0.379884	0.000420	0.000381	0.619315
719	0.378621	0.000401	0.000387	0.620591
720	0.377506	0.000417	0.000393	0.621684
721	0.376475	0.000391	0.000385	0.622749
722	0.375324	0.000396	0.000396	0.623884
723	0.374155	0.000401	0.000411	0.625033
724	0.373173	0.000377	0.000406	0.626044
725	0.372069	0.000361	0.000413	0.627157
726	0.370923	0.000347	0.000417	0.628313
727	0.369667	0.000349	0.000423	0.629561
728	0.368661	0.000342	0.000418	0.630579
729	0.367533	0.000338	0.000417	0.631712
730	0.366409	0.000333	0.000431	0.632827
731	0.365075	0.000312	0.000437	0.634176
732	0.363947	0.000305	0.000421	0.635327
733	0.362946	0.000309	0.000428	0.636317
734	0.361882	0.000303	0.000424	0.637391
735	0.360610	0.000289	0.000445	0.638656
736	0.359571	0.000279	0.000446	0.639704
737	0.358415	0.000277	0.000445	0.640863
738	0.357342	0.000282	0.000447	0.641929
739	0.356129	0.000277	0.000451	0.643143
740	0.355152	0.000267	0.000447	0.644134
741	0.354186	0.000265	0.000466	0.645083
742	0.353127	0.000272	0.000475	0.646126
743	0.351956	0.000280	0.000467	0.647297
744	0.350932	0.000304	0.000481	0.648283
745	0.349931	0.000277	0.000485	0.649307
746	0.348626	0.000279	0.000478	0.650617
747	0.347492	0.000268	0.000464	0.651776
748	0.346489	0.000264	0.000455	0.652792
749	0.345403	0.000270	0.000463	0.653864
750	0.344188	0.000255	0.000465	0.655092
751	0.343146	0.000268	0.000457	0.656129
752	0.341983	0.000254	0.000466	0.657297
753	0.341079	0.000249	0.000463	0.658209
754	0.339923	0.000245	0.000460	0.659372
755	0.338969	0.000249	0.000461	0.660321
756	0.337916	0.000240	0.000465	0.661379
757	0.336762	0.000223	0.000455	0.662560
758	0.335893	0.000215	0.000448	0.663444
759	0.334992	0.000217	0.000454	0.664337
760	0.333935	0.000216	0.000445	0.665404
761	0.332995	0.000217	0.000444	0.666344
762	0.331903	0.000201	0.000440	0.667456
763	0.330987	0.000200	0.000449	0.668364
764	0.330084	0.000211	0.000450	0.669255
765	0.329187	0.000204	0.000450	0.670159
766	0.328175	0.000196	0.000436	0.671193
767	0.326999	0.000196	0.000431	0.672374
768	0.325973	0.000209	0.000448	0.673370
769	0.324900	0.000225	0.000443	0.674432
770	0.323733	0.000213	0.000439	0.675615
771	0.322516	0.000216	0.000430	0.676838
772	0.321538	0.000197	0.000445	0.677820
773	0.320588	0.000214	0.000443	0.678755
774	0.319609	0.000215	0.000451	0.679725
775	0.318439	0.000207	0.000451	0.680903
776	0.317324	0.000203	0.000455	0.682018
777	0.316098	0.000199	0.000451	0.683252
778	0.315279	0.000191	0.000457	0.684073
779	0.314364	0.000174	0.000471	0.684991
780	0.313266	0.000163	0.000469	0.686102
781	0.312311	0.000161	0.000458	0.687070
782	0.311252	0.000160	0.000450	0.688138
783	0.310300	0.000166	0.000440	0.689094
784	0.309379	0.000167	0.000447	0.690007
785	0.308319	0.000154	0.000445	0.691082
786	0.307212	0.000162	0.000441	0.692185
787	0.306142	0.000157	0.000430	0.693271
788	0.305133	0.000147	0.000439	0.694281
789	0.304036	0.000151	0.000441	0.695372
790	0.303012	0.000156	0.000436	0.696396
791	0.302077	0.000153	0.000421	0.697349
792	0.301151	0.000145	0.000432	0.698272
793	0.300200	0.000153	0.000434	0.699213
794	0.299254	0.000154	0.000427	0.700165
795	0.298181	0.000158	0.000429	0.701232
796	0.297205	0.000163	0.000443	0.702189
797	0.296211	0.000167	0.000445	0.703177
798	0.295216	0.000172	0.000446	0.704166
799	0.294206	0.000176	0.000453	0.705165
800	0.293372	0.000161	0.000444	0.706023
801	0.292351	0.000152	0.000436	0.707061
802	0.291289	0.000137	0.000441	0.708133
803	0.290254	0.000139	0.000454	0.709153
804	0.289326	0.000138	0.000453	0.710083
805	0.288244	0.000156	0.000460	0.711140
806	0.287260	0.000153	0.000456	0.712131
807	0.286185	0.000141	0.000463	0.713211
808	0.285219	0.000143	0.000470	0.714168
809	0.284521	0.000128	0.000459	0.714892
810	0.283580	0.000136	0.000454	0.715830
811	0.282682	0.000134	0.000462	0.716722
812	0.281746	0.000131	0.000476	0.717647
813	0.280761	0.000136	0.000471	0.718632
814	0.279623	0.000131	0.000476	0.719770
815	0.278722	0.000135	0.000464	0.720679
816	0.277849	0.000140	0.000467	0.721544
817	0.276868	0.000144	0.000457	0.722531
818	0.275871	0.000130	0.000459	0.723540
819	0.274911	0.000130	0.000446	0.724513
820	0.273894	0.000133	0.000440	0.725533
821	0.272774	0.000135	0.000444	0.726647
822	0.271946	0.000122	0.000458	0.727474
823	0.271072	0.000122	0.000444	0.728362
824	0.270247	0.000124	0.000437	0.729192
825	0.269170	0.000133	0.000439	0.730258
826	0.268409	0.000133	0.000440	0.731018
827	0.267306	0.000134	0.000449	0.732111
828	0.266215	0.000144	0.000451	0.733190
829	0.265284	0.000131	0.000445	0.734140
830	0.264566	0.000130	0.000450	0.734854
831	0.263690	0.000113	0.000449	0.735748
832	0.262721	0.000112	0.000448	0.736719
833	0.261636	0.000112	0.000457	0.737795
834	0.260629	0.000115	0.000469	0.738787
835	0.259808	0.000114	0.000455	0.739623
836	0.258907	0.000119	0.000460	0.740514
837	0.258001	0.000112	0.000462	0.741425
838	0.257233	0.000113	0.000452	0.742202
839	0.256231	0.000110	0.000469	0.743190
840	0.255236	0.000108	0.000475	0.744181
841	0.254392	0.000105	0.000479	0.745024
842	0.253318	0.000116	0.000486	0.746080
843	0.252516	0.000114	0.000489	0.746881
844	0.251668	0.000110	0.000477	0.747745
845	0.250766	0.000111	0.000491	0.748632
846	0.249954	0.000122	0.000493	0.749431
847	0.249058	0.000124	0.000500	0.750318
848	0.248160	0.000113	0.000504	0.751223
849	0.247216	0.000118	0.000490	0.752176
850	0.246392	0.000117	0.000489	0.753002
851	0.245628	0.000129	0.000488	0.753755
852	0.244679	0.000116	0.000498	0.754707
853	0.243781	0.000111	0.000499	0.755609
854	0.242870	0.000110	0.000505	0.756515
855	0.242018	0.000110	0.000514	0.757358
856	0.241113	0.000107	0.000512	0.758268
857	0.240306	0.000119	0.000502	0.759073
858	0.239546	0.000119	0.000484	0.759851
859	0.238619	0.000117	0.000494	0.760770
860	0.237816	0.000113	0.000500	0.761571
861	0.236949	0.000122	0.000501	0.762428
862	0.236159	0.000118	0.000494	0.763229
863	0.235346	0.000100	0.000505	0.764049
864	0.234478	0.000112	0.000517	0.764893
865	0.233515	0.000115	0.000512	0.765858
866	0.232712	0.000111	0.000511	0.766666
867	0.231996	0.000115	0.000508	0.767381
868	0.231135	0.000124	0.000520	0.768221
869	0.230274	0.000110	0.000535	0.769081
870	0.229401	0.000114	0.000525	0.769960
871	0.228656	0.000122	0.000527	0.770695
872	0.227964	0.000110	0.000527	0.771399
873	0.227135	0.000101	0.000532	0.772232
874	0.226291	0.000103	0.000535	0.773071
875	0.225385	0.000113	0.000535	0.773967
876	0.224420	0.000111	0.000537	0.774932
877	0.223650	0.000103	0.000551	0.775696
878	0.222747	0.000095	0.000550	0.776608
879	0.221863	0.000096	0.000547	0.777494
880	0.220911	0.000090	0.000549	0.778450
881	0.219997	0.000094	0.000559	0.779350
882	0.219325	0.000090	0.000548	0.780037
883	0.218481	0.000084	0.000553	0.780882
884	0.217838	0.000084	0.000557	0.781521
885	0.217012	0.000089	0.000570	0.782329
886	0.216389	0.000095	0.000576	0.782940
887	0.215666	0.000084	0.000581	0.783669
888	0.214786	0.000088	0.000577	0.784549
889	0.213935	0.000086	0.000571	0.785408
890	0.213175	0.000082	0.000587	0.786156
891	0.212241	0.000088	0.000595	0.787076
892	0.211367	0.000090	0.000607	0.787936
893	0.210608	0.000094	0.000608	0.788690
894	0.209826	0.000098	0.000612	0.789464
895	0.209053	0.000098	0.000625	0.790224
896	0.208218	0.000096	0.000627	0.791059
897	0.207290	0.000099	0.000605	0.792006
898	0.206766	0.000099	0.000614	0.792521
899	0.205968	0.000100	0.000606	0.793326
900	0.205140	0.000089	0.000594	0.794177
901	0.204512	0.000095	0.000594	0.794799
902	0.203609	0.000095	0.000597	0.795699
903	0.202945	0.000095	0.000597	0.796363
904	0.202102	0.000091	0.000608	0.797199
905	0.201293	0.000089	0.000606	0.798012
906	0.200426	0.000087	0.000595	0.798892
907	0.199658	0.000093	0.000584	0.799665
908	0.198971	0.000081	0.000603	0.800345
909	0.198292	0.000076	0.000604	0.801028
910	0.197514	0.000068	0.000597	0.801821
911	0.196709	0.000067	0.000593	0.802631
912	0.195951	0.000072	0.000595	0.803382
913	0.195185	0.000073	0.000605	0.804137
914	0.194242	0.000069	0.000593	0.805096
915	0.193468	0.000079	0.000594	0.805859
916	0.192645	0.000077	0.000599	0.806679
917	0.191933	0.000080	0.000585	0.807402
918	0.191195	0.000078	0.000598	0.808129
919	0.190531	0.000078	0.000611	0.808780
920	0.189848	0.000077	0.000594	0.809481
921	0.189101	0.000080	0.000608	0.810211
922	0.188518	0.000081	0.000600	0.810801
923	0.187729	0.000073	0.000599	0.811599
924	0.186979	0.000068	0.000611	0.812342
925	0.186281	0.000071	0.000635	0.813013
926	0.185538	0.000068	0.000623	0.813771
927	0.184832	0.000073	0.000650	0.814445
928	0.184077	0.000072	0.000643	0.815208
929	0.183332	0.000063	0.000649	0.815956
930	0.182639	0.000060	0.000642	0.816659
931	0.181982	0.000056	0.000649	0.817313
932	0.181334	0.000054	0.000646	0.817966
933	0.180580	0.000057	0.000649	0.818714
934	0.179743	0.000061	0.000646	0.819550
935	0.178940	0.000058	0.000663	0.820339
936	0.178189	0.000058	0.000645	0.821108
937	0.177528	0.000063	0.000660	0.821749
938	0.176863	0.000054	0.000667	0.822416
939	0.176113	0.000061	0.000670	0.823156
940	0.175384	0.000066	0.000681	0.823869
941	0.174660	0.000052	0.000675	0.824613
942	0.174015	0.000059	0.000670	0.825256
943	0.173330	0.000056	0.000668	0.825946
944	0.172722	0.000055	0.000681	0.826542
945	0.171967	0.000058	0.000673	0.827302
946	0.171305	0.000057	0.000672	0.827966
947	0.170596	0.000055	0.000687	0.828662
948	0.169872	0.000054	0.000691	0.829383
949	0.169083	0.000060	0.000668	0.830189
950	0.168352	0.000055	0.000669	0.830924
951	0.167599	0.000049	0.000672	0.831680
952	0.166979	0.000056	0.000664	0.832301
953	0.166264	0.000055	0.000680	0.833001
954	0.165507	0.000055	0.000693	0.833745
955	0.164749	0.000054	0.000706	0.834491
956	0.164043	0.000053	0.000720	0.835184
957	0.163422	0.000054	0.000718	0.835806
958	0.162827	0.000052	0.000716	0.836405
959	0.161978	0.000057	0.000715	0.837250
960	0.161343	0.000054	0.000715	0.837888
961	0.160710	0.000056	0.000723	0.838511
962	0.160234	0.000053	0.000719	0.838994
963	0.159673	0.000055	0.000720	0.839552
964	0.158943	0.000061	0.000727	0.840269
965	0.158226	0.000059	0.000729	0.840986
966	0.157440	0.000062	0.000721	0.841777
967	0.156926	0.000063	0.000735	0.842276
968	0.156192	0.000070	0.000734	0.843004
969	0.155569	0.000060	0.000739	0.843632
970	0.154875	0.000056	0.000757	0.844312
971	0.154092	0.000053	0.000746	0.845109
972	0.153487	0.000056	0.000745	0.845712
973	0.152846	0.000052	0.000737	0.846365
974	0.152272	0.000055	0.000752	0.846921
975	0.151755	0.000055	0.000741	0.847449
976	0.151075	0.000053	0.000739	0.848133
977	0.150539	0.000055	0.000756	0.848650
978	0.149870	0.000053	0.000749	0.849328
979	0.149193	0.000054	0.000732	0.850021
980	0.148482	0.000057	0.000718	0.850743
981	0.147789	0.000056	0.000732	0.851423
982	0.147031	0.000063	0.000743	0.852163
983	0.146530	0.000063	0.000766	0.852641
984	0.145894	0.000059	0.000779	0.853268
985	0.145130	0.000058	0.000776	0.854036
986	0.144381	0.000050	0.000775	0.854794
987	0.143760	0.000049	0.000781	0.855410
988	0.143203	0.000050	0.000779	0.855968
989	0.142672	0.000049	0.000785	0.856494
990	0.142035	0.000047	0.000792	0.857126
991	0.141570	0.000050	0.000799	0.857581
992	0.140926	0.000052	0.000798	0.858224
993	0.140513	0.000053	0.000804	0.858630
994	0.139935	0.000054	0.000804	0.859207
995	0.139264	0.000049	0.000810	0.859877
996	0.138599	0.000053	0.000807	0.860541
997	0.138111	0.000055	0.000811	0.861023
998	0.137332	0.000050	0.000811	0.861807
999	0.136766	0.000052	0.000818	0.862364
1000	0.136179	0.000051	0.000819	0.862951
