0	0.299577	0.299457	0.099932	0.301034
1	0.300021	0.299574	0.100111	0.300294
2	0.297586	0.294836	0.101096	0.306482
3	0.297430	0.292176	0.101266	0.309128
4	0.293884	0.286691	0.103420	0.316005
5	0.292163	0.282532	0.103983	0.321322
6	0.288617	0.276111	0.106642	0.328630
7	0.286945	0.270644	0.107510	0.334901
8	0.283490	0.265114	0.109692	0.341704
9	0.281201	0.257792	0.111221	0.349786
10	0.278028	0.252709	0.112685	0.356578
11	0.275466	0.246122	0.114020	0.364392
12	0.272580	0.239635	0.115851	0.371934
13	0.269199	0.233734	0.117369	0.379698
14	0.266853	0.227341	0.118889	0.386917
15	0.263528	0.221989	0.120191	0.394292
16	0.260581	0.216015	0.121262	0.402142
17	0.257852	0.210387	0.122693	0.409068
18	0.254618	0.204942	0.124043	0.416397
19	0.251705	0.198998	0.125459	0.423838
20	0.248963	0.194015	0.126147	0.430875
21	0.245955	0.188295	0.128012	0.437738
22	0.243502	0.183473	0.128919	0.444106
23	0.240608	0.177823	0.130555	0.451014
24	0.237907	0.173252	0.131600	0.457241
25	0.235010	0.167701	0.132864	0.464425
26	0.232088	0.163589	0.134071	0.470252
27	0.229597	0.158311	0.135234	0.476858
28	0.226590	0.154162	0.136104	0.483144
29	0.224365	0.148838	0.137647	0.489150
30	0.221751	0.144933	0.138372	0.494944
31	0.219217	0.140417	0.139386	0.500980
32	0.216976	0.136025	0.139945	0.507054
33	0.214034	0.132103	0.140978	0.512885
34	0.211722	0.127421	0.142469	0.518388
35	0.208761	0.123973	0.143061	0.524205
36	0.206784	0.119743	0.144306	0.529167
37	0.204146	0.116338	0.144670	0.534846
38	0.201963	0.112632	0.145820	0.539585
39	0.199224	0.109053	0.146931	0.544792
40	0.197079	0.105994	0.148028	0.548899
41	0.194911	0.102344	0.148993	0.553752
42	0.192753	0.099339	0.150125	0.557783
43	0.190368	0.095718	0.150922	0.562992
44	0.187901	0.093498	0.151353	0.567248
45	0.186009	0.090047	0.152350	0.571594
46	0.183637	0.087064	0.153561	0.575738
47	0.181258	0.084566	0.153962	0.580214
48	0.179206	0.081503	0.154934	0.584357
49	0.176781	0.079075	0.155372	0.588772
50	0.175220	0.076561	0.156723	0.591496
51	0.173625	0.073792	0.156694	0.595889
52	0.171307	0.071472	0.158116	0.599105
53	0.169468	0.069201	0.158181	0.603150
54	0.167186	0.067051	0.158997	0.606766
55	0.165366	0.065015	0.159567	0.610052
56	0.163514	0.062773	0.160486	0.613227
57	0.161409	0.060693	0.161303	0.616595
58	0.159666	0.058815	0.161861	0.619658
59	0.157641	0.056879	0.162644	0.622836
60	0.156072	0.055156	0.163074	0.625698
61	0.154187	0.053365	0.163790	0.628658
62	0.152547	0.051695	0.163870	0.631888
63	0.150732	0.050187	0.164670	0.634411
64	0.149125	0.048278	0.165055	0.637542
65	0.147540	0.047071	0.165722	0.639667
66	0.146042	0.045341	0.166241	0.642376
67	0.145002	0.044179	0.166542	0.644277
68	0.142469	0.042766	0.167596	0.647169
69	0.141171	0.041523	0.167619	0.649687
70	0.139244	0.039940	0.168672	0.652144
71	0.137983	0.038979	0.168356	0.654682
72	0.136449	0.037565	0.169668	0.656318
73	0.135136	0.036452	0.169837	0.658575
74	0.133782	0.035062	0.170488	0.660668
75	0.132306	0.033978	0.170612	0.663104
76	0.131088	0.032749	0.170997	0.665166
77	0.129468	0.031863	0.171915	0.666754
78	0.128290	0.030802	0.172054	0.668854
79	0.127119	0.029775	0.172491	0.670615
80	0.125373	0.028779	0.172960	0.672888
81	0.124270	0.027969	0.173976	0.673785
82	0.122775	0.027062	0.174516	0.675647
83	0.121833	0.026340	0.175163	0.676664
84	0.120574	0.025366	0.175242	0.678818
85	0.119444	0.024571	0.175981	0.680004
86	0.118034	0.023631	0.176506	0.681829
87	0.116745	0.022933	0.176815	0.683507
88	0.115743	0.022311	0.177128	0.684818
89	0.114542	0.021579	0.177783	0.686096
90	0.113481	0.021047	0.178360	0.687112
91	0.112085	0.020315	0.178557	0.689043
92	0.111383	0.019759	0.178723	0.690135
93	0.109912	0.019191	0.179109	0.691788
94	0.108965	0.018692	0.179889	0.692454
95	0.107796	0.018160	0.180176	0.693868
96	0.106869	0.017418	0.181126	0.694587
97	0.105741	0.016944	0.181162	0.696153
98	0.104878	0.016481	0.182116	0.696525
99	0.103973	0.015992	0.182439	0.697596
100	0.102996	0.015648	0.182839	0.698517
101	0.102182	0.015006	0.182986	0.699826
102	0.101128	0.014784	0.183273	0.700815
103	0.100257	0.014170	0.183713	0.701860
104	0.099035	0.013949	0.184301	0.702715
105	0.098306	0.013573	0.184257	0.703864
106	0.097165	0.013146	0.185179	0.704510
107	0.096440	0.012728	0.185588	0.705244
108	0.095513	0.012343	0.186211	0.705933
109	0.094645	0.012090	0.186395	0.706870
110	0.093685	0.011706	0.186817	0.707792
111	0.093046	0.011409	0.187278	0.708267
112	0.092078	0.011062	0.188296	0.708564
113	0.091608	0.010689	0.188136	0.709567
114	0.090512	0.010417	0.189068	0.710003
115	0.090140	0.010141	0.188932	0.710787
116	0.089227	0.009905	0.189422	0.711446
117	0.088422	0.009688	0.189673	0.712217
118	0.087829	0.009354	0.189855	0.712962
119	0.086881	0.009199	0.190766	0.713154
120	0.086608	0.008801	0.190579	0.714012
121	0.085567	0.008528	0.191450	0.714455
122	0.084985	0.008405	0.191826	0.714784
123	0.084178	0.008073	0.192537	0.715212
124	0.083520	0.007810	0.192611	0.716059
125	0.083036	0.007646	0.192879	0.716439
126	0.082134	0.007427	0.194226	0.716213
127	0.081748	0.007279	0.193401	0.717572
128	0.080779	0.007020	0.194630	0.717571
129	0.080226	0.006937	0.194342	0.718495
130	0.079820	0.006705	0.195036	0.718439
131	0.079083	0.006492	0.195203	0.719222
132	0.078756	0.006370	0.195816	0.719058
133	0.077811	0.006182	0.195885	0.720122
134	0.077299	0.006050	0.196209	0.720442
135	0.076866	0.005883	0.196034	0.721217
136	0.076441	0.005795	0.197103	0.720661
137	0.076076	0.005520	0.197574	0.720830
138	0.075696	0.005466	0.197777	0.721061
139	0.074949	0.005215	0.198807	0.721029
140	0.074429	0.005207	0.198918	0.721446
141	0.073866	0.005027	0.199099	0.722008
142	0.073256	0.004937	0.199677	0.722130
143	0.072955	0.004759	0.200025	0.722261
144	0.072759	0.004631	0.200227	0.722383
145	0.071950	0.004514	0.200648	0.722888
146	0.071779	0.004429	0.201116	0.722676
147	0.071167	0.004261	0.201266	0.723306
148	0.070922	0.004219	0.201864	0.722995
149	0.070179	0.004110	0.202246	0.723465
150	0.069897	0.003973	0.202496	0.723634
151	0.069077	0.003919	0.202443	0.724561
152	0.068730	0.003827	0.202932	0.724511
153	0.068428	0.003711	0.203176	0.724685
154	0.068102	0.003655	0.203858	0.724385
155	0.067693	0.003507	0.204330	0.724470
156	0.067518	0.003519	0.204840	0.724123
157	0.067201	0.003396	0.204823	0.724580
158	0.066675	0.003357	0.205284	0.724684
159	0.066626	0.003200	0.206253	0.723921
160	0.065862	0.003172	0.206146	0.724820
161	0.065921	0.003126	0.206700	0.724253
162	0.065122	0.003106	0.206880	0.724892
163	0.065015	0.002939	0.207505	0.724541
164	0.064541	0.002884	0.207738	0.724837
165	0.064086	0.002774	0.208673	0.724467
166	0.063837	0.002752	0.208875	0.724536
167	0.063162	0.002700	0.209380	0.724758
168	0.063026	0.002634	0.209827	0.724513
169	0.062603	0.002575	0.209934	0.724888
170	0.062562	0.002497	0.210794	0.724147
171	0.062166	0.002423	0.210848	0.724563
172	0.062011	0.002316	0.211632	0.724041
173	0.061785	0.002268	0.211924	0.724023
174	0.061302	0.002271	0.212508	0.723919
175	0.061325	0.002173	0.212662	0.723840
176	0.060621	0.002233	0.213195	0.723951
177	0.060795	0.002121	0.213873	0.723211
178	0.060351	0.002097	0.214519	0.723033
179	0.060000	0.002066	0.214841	0.723093
180	0.059656	0.002006	0.215493	0.722845
181	0.059771	0.001975	0.215855	0.722399
182	0.059289	0.001928	0.216337	0.722446
183	0.059071	0.001909	0.216753	0.722267
184	0.058475	0.001858	0.217491	0.722176
185	0.058305	0.001794	0.217875	0.722026
186	0.058121	0.001771	0.217981	0.722127
187	0.057787	0.001695	0.217758	0.722760
188	0.057812	0.001716	0.217984	0.722488
189	0.057472	0.001624	0.218436	0.722468
190	0.057362	0.001610	0.218945	0.722083
191	0.057034	0.001550	0.218953	0.722463
192	0.056805	0.001553	0.219986	0.721656
193	0.056358	0.001504	0.219786	0.722352
194	0.056460	0.001492	0.221107	0.720941
195	0.056117	0.001458	0.221072	0.721353
196	0.056030	0.001429	0.222003	0.720538
197	0.056035	0.001372	0.221824	0.720769
198	0.055569	0.001372	0.222776	0.720283
199	0.055430	0.001274	0.223014	0.720282
200	0.055107	0.001263	0.223622	0.720008
201	0.055098	0.001222	0.224015	0.719665
202	0.054924	0.001247	0.224065	0.719764
203	0.054398	0.001159	0.225133	0.719310
204	0.054497	0.001216	0.225264	0.719023
205	0.054321	0.001120	0.225573	0.718986
206	0.054317	0.001158	0.225807	0.718718
207	0.054023	0.001128	0.226284	0.718565
208	0.053973	0.001108	0.226899	0.718020
209	0.053440	0.001089	0.227367	0.718104
210	0.053763	0.001042	0.227673	0.717522
211	0.053366	0.001052	0.227998	0.717584
212	0.052989	0.001012	0.228382	0.717617
213	0.052946	0.001025	0.228835	0.717194
214	0.052703	0.000955	0.229216	0.717126
215	0.052669	0.000993	0.229528	0.716810
216	0.052311	0.000934	0.229864	0.716891
217	0.052392	0.000952	0.230175	0.716481
218	0.052161	0.000890	0.230576	0.716373
219	0.052077	0.000912	0.231289	0.715722
220	0.051654	0.000847	0.231273	0.716226
221	0.051896	0.000849	0.231963	0.715292
222	0.051518	0.000830	0.232150	0.715502
223	0.051293	0.000800	0.232894	0.715013
224	0.051394	0.000821	0.232847	0.714938
225	0.051006	0.000805	0.233942	0.714247
226	0.051286	0.000796	0.234100	0.713818
227	0.051000	0.000755	0.234922	0.713323
228	0.051176	0.000784	0.235196	0.712844
229	0.050855	0.000724	0.235717	0.712704
230	0.051001	0.000699	0.236268	0.712032
231	0.050564	0.000702	0.237108	0.711626
232	0.050747	0.000653	0.237942	0.710658
233	0.050311	0.000639	0.237784	0.711266
234	0.050522	0.000642	0.238852	0.709984
235	0.049955	0.000602	0.239426	0.710017
236	0.050046	0.000592	0.239784	0.709578
237	0.049732	0.000592	0.240290	0.709386
238	0.049863	0.000579	0.240536	0.709022
239	0.050002	0.000571	0.240914	0.708513
240	0.049556	0.000556	0.241465	0.708423
241	0.049674	0.000544	0.241972	0.707810
242	0.049363	0.000526	0.242875	0.707236
243	0.049321	0.000528	0.242964	0.707187
244	0.049074	0.000505	0.243578	0.706843
245	0.049304	0.000529	0.244288	0.705879
246	0.049284	0.000493	0.244346	0.705877
247	0.049438	0.000494	0.245286	0.704782
248	0.049408	0.000480	0.245270	0.704842
249	0.049264	0.000467	0.246450	0.703819
250	0.049135	0.000483	0.246583	0.703799
251	0.048916	0.000444	0.247407	0.703233
252	0.048861	0.000443	0.247386	0.703310
253	0.048781	0.000457	0.248765	0.701997
254	0.048772	0.000434	0.248770	0.702024
255	0.048474	0.000470	0.249331	0.701725
256	0.048591	0.000445	0.249830	0.701134
257	0.048464	0.000438	0.249730	0.701368
258	0.048284	0.000413	0.250752	0.700551
259	0.048417	0.000400	0.251045	0.700138
260	0.048249	0.000398	0.251799	0.699554
261	0.048143	0.000395	0.252082	0.699380
262	0.048094	0.000382	0.252946	0.698578
263	0.047925	0.000404	0.253265	0.698406
264	0.048091	0.000385	0.253770	0.697754
265	0.047942	0.000368	0.254506	0.697184
266	0.047936	0.000358	0.255083	0.696623
267	0.047948	0.000370	0.255860	0.695822
268	0.047744	0.000350	0.256410	0.695496
269	0.047747	0.000354	0.257361	0.694538
270	0.047582	0.000340	0.257034	0.695044
271	0.047631	0.000340	0.258352	0.693677
272	0.047442	0.000352	0.258337	0.693869
273	0.047657	0.000330	0.258942	0.693071
274	0.047429	0.000312	0.259438	0.692821
275	0.047520	0.000325	0.259953	0.692202
276	0.047453	0.000297	0.260296	0.691954
277	0.047359	0.000317	0.260591	0.691733
278	0.047311	0.000292	0.261082	0.691315
279	0.047142	0.000288	0.261857	0.690713
280	0.047161	0.000301	0.262226	0.690312
281	0.047347	0.000286	0.263033	0.689334
282	0.047168	0.000296	0.263198	0.689338
283	0.047099	0.000279	0.263966	0.688656
284	0.047181	0.000294	0.264329	0.688196
285	0.047075	0.000259	0.264942	0.687724
286	0.047204	0.000280	0.265262	0.687254
287	0.046772	0.000264	0.265884	0.687080
288	0.047071	0.000276	0.265698	0.686955
289	0.046918	0.000273	0.266113	0.686696
290	0.046869	0.000253	0.266225	0.686653
291	0.047015	0.000253	0.266756	0.685976
292	0.046886	0.000240	0.267474	0.685400
293	0.046718	0.000250	0.267949	0.685083
294	0.046904	0.000240	0.268222	0.684634
295	0.046731	0.000263	0.268932	0.684074
296	0.046889	0.000232	0.269108	0.683771
297	0.046775	0.000243	0.269766	0.683216
298	0.046962	0.000224	0.270020	0.682794
299	0.047000	0.000237	0.270595	0.682168
300	0.046914	0.000228	0.271012	0.681846
301	0.047085	0.000231	0.271579	0.681105
302	0.046708	0.000223	0.272033	0.681036
303	0.046924	0.000215	0.272306	0.680555
304	0.046993	0.000210	0.272683	0.680114
305	0.047093	0.000189	0.272958	0.679760
306	0.047054	0.000215	0.273686	0.679045
307	0.046966	0.000204	0.274173	0.678657
308	0.046987	0.000202	0.274702	0.678109
309	0.046916	0.000202	0.275408	0.677474
310	0.046928	0.000200	0.275884	0.676988
311	0.047050	0.000190	0.276124	0.676636
312	0.047175	0.000180	0.276542	0.676103
313	0.047085	0.000188	0.276851	0.675876
314	0.047211	0.000187	0.277694	0.674908
315	0.047254	0.000188	0.277812	0.674746
316	0.047062	0.000172	0.278629	0.674137
317	0.047438	0.000183	0.278762	0.673617
318	0.047297	0.000166	0.279514	0.673023
319	0.047402	0.000179	0.280007	0.672412
320	0.047529	0.000163	0.281167	0.671141
321	0.047395	0.000175	0.280899	0.671531
322	0.047409	0.000170	0.281766	0.670655
323	0.047481	0.000163	0.282015	0.670341
324	0.047402	0.000165	0.282467	0.669966
325	0.047505	0.000158	0.283043	0.669294
326	0.047525	0.000162	0.283044	0.669269
327	0.047513	0.000162	0.283768	0.668557
328	0.047729	0.000152	0.284062	0.668057
329	0.047385	0.000153	0.284510	0.667952
330	0.047633	0.000146	0.284883	0.667338
331	0.047561	0.000155	0.286113	0.666171
332	0.047599	0.000158	0.286160	0.666083
333	0.047774	0.000137	0.286760	0.665329
334	0.047919	0.000131	0.286902	0.665048
335	0.047795	0.000130	0.287501	0.664574
336	0.047849	0.000127	0.287974	0.664050
337	0.047925	0.000121	0.288004	0.663950
338	0.048052	0.000109	0.287977	0.663862
339	0.047946	0.000113	0.289218	0.662723
340	0.047985	0.000105	0.288951	0.662959
341	0.048000	0.000111	0.290028	0.661861
342	0.048020	0.000115	0.290376	0.661489
343	0.048261	0.000118	0.290946	0.660675
344	0.048114	0.000111	0.291171	0.660604
345	0.048214	0.000116	0.292048	0.659622
346	0.048149	0.000121	0.292699	0.659031
347	0.048316	0.000118	0.292937	0.658629
348	0.048538	0.000104	0.293602	0.657756
349	0.048475	0.000120	0.293761	0.657644
350	0.048514	0.000104	0.295097	0.656285
351	0.048632	0.000109	0.295122	0.656137
352	0.048718	0.000114	0.295843	0.655325
353	0.048749	0.000115	0.296699	0.654437
354	0.048684	0.000092	0.296548	0.654676
355	0.048972	0.000099	0.297400	0.653529
356	0.048800	0.000093	0.297494	0.653613
357	0.049053	0.000086	0.298130	0.652731
358	0.049063	0.000087	0.297916	0.652934
359	0.049336	0.000090	0.298999	0.651575
360	0.049045	0.000088	0.299303	0.651564
361	0.049315	0.000092	0.299659	0.650934
362	0.049358	0.000093	0.299595	0.650954
363	0.049491	0.000083	0.300862	0.649564
364	0.049587	0.000090	0.300368	0.649955
365	0.049910	0.000079	0.300941	0.649070
366	0.049807	0.000080	0.301909	0.648204
367	0.049935	0.000090	0.302528	0.647447
368	0.049913	0.000080	0.302776	0.647231
369	0.049978	0.000083	0.303693	0.646246
370	0.050331	0.000066	0.303649	0.645954
371	0.050311	0.000077	0.304105	0.645507
372	0.050462	0.000076	0.304791	0.644671
373	0.050563	0.000084	0.305356	0.643997
374	0.050590	0.000082	0.306120	0.643208
375	0.050604	0.000089	0.306779	0.642528
376	0.050717	0.000092	0.307026	0.642165
377	0.050757	0.000083	0.307512	0.641648
378	0.050929	0.000085	0.308795	0.640191
379	0.050852	0.000073	0.308252	0.640823
380	0.051012	0.000080	0.309435	0.639473
381	0.051121	0.000069	0.309619	0.639191
382	0.051228	0.000082	0.310423	0.638267
383	0.051467	0.000062	0.310669	0.637802
384	0.051397	0.000081	0.311379	0.637143
385	0.051478	0.000072	0.311462	0.636988
386	0.051790	0.000092	0.311839	0.636279
387	0.051741	0.000069	0.312529	0.635661
388	0.051990	0.000087	0.312796	0.635127
389	0.051967	0.000074	0.313717	0.634242
390	0.051997	0.000090	0.313951	0.633962
391	0.052123	0.000075	0.314470	0.633332
392	0.052351	0.000086	0.314818	0.632745
393	0.052384	0.000066	0.315055	0.632495
394	0.052342	0.000070	0.316090	0.631498
395	0.052550	0.000069	0.316333	0.631048
396	0.052448	0.000063	0.316877	0.630612
397	0.052572	0.000067	0.317279	0.630082
398	0.052505	0.000064	0.317966	0.629465
399	0.052900	0.000067	0.318369	0.628664
400	0.052766	0.000073	0.318650	0.628511
401	0.053100	0.000073	0.318868	0.627959
402	0.052956	0.000069	0.319468	0.627507
403	0.053462	0.000080	0.320012	0.626446
404	0.053175	0.000071	0.320711	0.626043
405	0.053428	0.000074	0.321279	0.625219
406	0.053431	0.000067	0.322057	0.624445
407	0.053522	0.000067	0.322402	0.624009
408	0.053633	0.000063	0.322861	0.623443
409	0.053736	0.000067	0.323148	0.623049
410	0.053864	0.000059	0.323693	0.622384
411	0.053665	0.000067	0.324240	0.622028
412	0.054020	0.000053	0.324520	0.621407
413	0.054071	0.000059	0.325151	0.620719
414	0.054268	0.000057	0.325507	0.620168
415	0.054232	0.000062	0.325864	0.619842
416	0.054504	0.000059	0.326147	0.619290
417	0.054580	0.000058	0.326507	0.618855
418	0.054755	0.000061	0.326709	0.618475
419	0.054717	0.000056	0.327481	0.617746
420	0.055062	0.000060	0.327621	0.617257
421	0.055131	0.000055	0.328784	0.616030
422	0.055170	0.000058	0.328762	0.616010
423	0.055225	0.000051	0.329085	0.615639
424	0.055414	0.000055	0.329337	0.615194
425	0.055612	0.000044	0.329595	0.614749
426	0.055651	0.000054	0.330044	0.614251
427	0.056077	0.000051	0.330367	0.613505
428	0.055887	0.000053	0.330636	0.613424
429	0.055968	0.000049	0.331398	0.612585
430	0.056100	0.000049	0.332148	0.611703
431	0.056268	0.000046	0.332435	0.611251
432	0.056234	0.000051	0.332901	0.610814
433	0.056307	0.000049	0.333399	0.610245
434	0.056681	0.000053	0.333748	0.609518
435	0.056789	0.000041	0.334421	0.608749
436	0.056771	0.000053	0.334928	0.608248
437	0.056901	0.000038	0.335423	0.607638
438	0.057053	0.000048	0.335675	0.607224
439	0.057172	0.000044	0.336253	0.606531
440	0.057291	0.000036	0.335938	0.606735
441	0.057402	0.000033	0.337164	0.605401
442	0.057480	0.000032	0.336921	0.605567
443	0.057472	0.000039	0.337750	0.604739
444	0.057626	0.000034	0.337911	0.604429
445	0.057543	0.000048	0.338770	0.603639
446	0.057803	0.000048	0.338840	0.603309
447	0.057714	0.000048	0.339410	0.602828
448	0.058004	0.000042	0.339770	0.602184
449	0.057930	0.000045	0.341043	0.600982
450	0.058263	0.000043	0.340733	0.600961
451	0.058261	0.000034	0.341691	0.600014
452	0.058439	0.000041	0.341971	0.599549
453	0.058714	0.000029	0.342284	0.598973
454	0.058752	0.000037	0.342751	0.598460
455	0.059091	0.000026	0.343237	0.597646
456	0.059076	0.000026	0.343974	0.596924
457	0.059371	0.000027	0.344343	0.596259
458	0.059454	0.000019	0.344728	0.595799
459	0.059583	0.000027	0.345356	0.595034
460	0.059671	0.000016	0.345767	0.594546
461	0.059612	0.000023	0.346092	0.594273
462	0.059768	0.000018	0.346220	0.593994
463	0.059871	0.000023	0.346763	0.593343
464	0.060051	0.000015	0.347029	0.592905
465	0.060153	0.000022	0.347629	0.592196
466	0.060396	0.000013	0.347839	0.591752
467	0.060439	0.000022	0.348203	0.591336
468	0.060573	0.000014	0.348713	0.590700
469	0.060690	0.000023	0.349219	0.590068
470	0.060738	0.000016	0.349556	0.589690
471	0.060985	0.000020	0.350450	0.588545
472	0.061165	0.000013	0.350605	0.588217
473	0.061368	0.000021	0.350962	0.587649
474	0.061568	0.000017	0.351290	0.587125
475	0.061809	0.000022	0.351727	0.586442
476	0.061810	0.000017	0.352513	0.585660
477	0.061994	0.000023	0.352701	0.585282
478	0.062084	0.000020	0.353148	0.584748
479	0.062101	0.000023	0.353377	0.584499
480	0.062456	0.000019	0.353576	0.583949
481	0.062518	0.000016	0.353969	0.583497
482	0.062656	0.000015	0.354614	0.582715
483	0.062949	0.000017	0.354925	0.582109
484	0.062895	0.000015	0.355518	0.581572
485	0.063184	0.000013	0.355707	0.581096
486	0.063181	0.000014	0.356334	0.580471
487	0.063448	0.000016	0.356568	0.579968
488	0.063418	0.000018	0.356515	0.580049
489	0.063653	0.000018	0.357312	0.579017
490	0.063607	0.000018	0.356895	0.579480
491	0.063765	0.000018	0.358407	0.577810
492	0.063961	0.000027	0.357631	0.578381
493	0.064073	0.000019	0.359034	0.576874
494	0.064236	0.000023	0.358764	0.576977
495	0.064374	0.000023	0.359500	0.576103
496	0.064564	0.000026	0.360333	0.575077
497	0.064649	0.000025	0.360987	0.574339
498	0.064886	0.000023	0.361051	0.574040
499	0.065018	0.000026	0.361882	0.573074
500	0.065278	0.000021	0.362111	0.572590
501	0.065304	0.000026	0.362715	0.571955
502	0.065639	0.000023	0.362979	0.571359
503	0.065822	0.000025	0.363554	0.570599
504	0.065960	0.000015	0.363749	0.570276
505	0.066158	0.000021	0.364242	0.569579
506	0.066398	0.000018	0.364688	0.568896
507	0.066472	0.000019	0.365279	0.568230
508	0.066647	0.000016	0.365744	0.567593
509	0.066813	0.000018	0.366589	0.566580
510	0.067129	0.000019	0.367076	0.565776
511	0.067186	0.000014	0.367586	0.565214
512	0.067620	0.000015	0.368077	0.564288
513	0.067577	0.000015	0.368836	0.563572
514	0.067820	0.000016	0.369154	0.563010
515	0.067961	0.000013	0.369723	0.562303
516	0.068109	0.000022	0.369311	0.562558
517	0.068239	0.000013	0.370609	0.561139
518	0.068595	0.000022	0.369848	0.561535
519	0.068677	0.000017	0.370862	0.560444
520	0.068896	0.000017	0.370713	0.560374
521	0.069027	0.000017	0.371347	0.559609
522	0.069011	0.000015	0.371226	0.559748
523	0.069432	0.000017	0.371923	0.558628
524	0.069335	0.000011	0.372751	0.557903
525	0.069583	0.000017	0.372749	0.557651
526	0.069659	0.000017	0.373137	0.557187
527	0.070008	0.000022	0.373797	0.556173
528	0.070349	0.000022	0.373879	0.555750
529	0.070577	0.000018	0.374935	0.554470
530	0.070642	0.000026	0.374741	0.554591
531	0.070904	0.000016	0.375301	0.553779
532	0.071191	0.000023	0.375854	0.552932
533	0.071588	0.000020	0.376427	0.551965
534	0.071864	0.000018	0.376856	0.551262
535	0.071970	0.000018	0.377351	0.550661
536	0.072165	0.000019	0.377910	0.549906
537	0.072417	0.000016	0.378032	0.549535
538	0.072735	0.000022	0.378988	0.548255
539	0.072762	0.000018	0.378857	0.548363
540	0.073123	0.000024	0.379983	0.546870
541	0.073260	0.000020	0.379627	0.547093
542	0.073645	0.000022	0.380143	0.546190
543	0.073747	0.000020	0.380584	0.545649
544	0.074149	0.000019	0.381182	0.544650
545	0.074251	0.000024	0.381106	0.544619
546	0.074576	0.000016	0.381840	0.543568
547	0.074889	0.000018	0.381946	0.543147
548	0.075123	0.000018	0.382437	0.542422
549	0.075527	0.000019	0.382345	0.542109
550	0.075666	0.000015	0.383200	0.541119
551	0.076095	0.000012	0.383399	0.540494
552	0.076077	0.000019	0.383642	0.540262
553	0.076287	0.000013	0.383985	0.539715
554	0.076626	0.000018	0.383955	0.539401
555	0.076935	0.000019	0.384533	0.538513
556	0.077107	0.000011	0.384988	0.537894
557	0.077270	0.000016	0.385383	0.537331
558	0.077554	0.000011	0.385943	0.536492
559	0.077868	0.000015	0.385709	0.536408
560	0.078069	0.000015	0.386787	0.535129
561	0.078218	0.000015	0.386905	0.534862
562	0.078457	0.000008	0.387106	0.534429
563	0.078825	0.000012	0.387576	0.533587
564	0.078773	0.000008	0.387600	0.533619
565	0.079222	0.000011	0.388378	0.532389
566	0.079351	0.000012	0.388757	0.531880
567	0.079602	0.000009	0.388539	0.531850
568	0.080089	0.000011	0.388521	0.531379
569	0.080173	0.000009	0.388974	0.530844
570	0.080483	0.000013	0.389211	0.530293
571	0.080792	0.000015	0.389438	0.529755
572	0.080776	0.000013	0.389823	0.529388
573	0.081464	0.000010	0.389895	0.528631
574	0.081434	0.000011	0.390636	0.527919
575	0.081623	0.000009	0.391098	0.527270
576	0.081603	0.000013	0.391661	0.526723
577	0.082052	0.000013	0.392106	0.525829
578	0.082150	0.000014	0.392262	0.525574
579	0.082411	0.000013	0.392011	0.525565
580	0.082531	0.000014	0.392999	0.524456
581	0.082958	0.000009	0.392458	0.524575
582	0.083187	0.000012	0.393234	0.523567
583	0.083476	0.000011	0.393120	0.523393
584	0.083461	0.000011	0.393691	0.522837
585	0.083747	0.000010	0.393590	0.522653
586	0.083786	0.000010	0.394164	0.522040
587	0.083974	0.000008	0.394503	0.521515
588	0.084375	0.000011	0.395283	0.520331
589	0.084617	0.000009	0.394964	0.520410
590	0.084978	0.000012	0.395310	0.519700
591	0.085108	0.000005	0.395807	0.519080
592	0.085510	0.000010	0.396515	0.517965
593	0.085782	0.000006	0.396050	0.518162
594	0.086069	0.000009	0.396256	0.517666
595	0.086266	0.000004	0.397296	0.516434
596	0.086684	0.000004	0.397394	0.515918
597	0.086912	0.000004	0.397777	0.515307
598	0.087148	0.000006	0.397866	0.514980
599	0.087469	0.000003	0.398430	0.514098
600	0.087813	0.000006	0.398288	0.513893
601	0.088057	0.000003	0.398770	0.513170
602	0.088228	0.000005	0.398032	0.513735
603	0.088577	0.000005	0.399169	0.512249
604	0.088761	0.000006	0.399079	0.512154
605	0.089115	0.000005	0.399305	0.511575
606	0.089476	0.000007	0.399243	0.511274
607	0.089664	0.000004	0.399919	0.510413
608	0.090098	0.000007	0.399695	0.510200
609	0.090196	0.000005	0.400639	0.509160
610	0.090509	0.000006	0.401333	0.508152
611	0.090791	0.000006	0.400917	0.508286
612	0.091126	0.000005	0.401729	0.507140
613	0.091241	0.000008	0.401239	0.507512
614	0.091696	0.000006	0.402174	0.506124
615	0.091958	0.000008	0.402455	0.505579
616	0.092158	0.000006	0.402459	0.505377
617	0.092756	0.000007	0.403141	0.504096
618	0.092951	0.000003	0.402558	0.504488
619	0.093088	0.000004	0.403523	0.503385
620	0.093177	0.000002	0.403321	0.503500
621	0.093484	0.000005	0.403944	0.502567
622	0.094030	0.000004	0.403848	0.502118
623	0.094142	0.000008	0.404424	0.501426
624	0.094438	0.000003	0.404719	0.500840
625	0.094491	0.000007	0.405053	0.500449
626	0.095133	0.000006	0.405482	0.499379
627	0.095186	0.000005	0.405337	0.499472
628	0.095723	0.000008	0.406136	0.498133
629	0.095814	0.000005	0.405769	0.498412
630	0.096232	0.000008	0.406669	0.497091
631	0.096353	0.000008	0.406634	0.497005
632	0.097040	0.000009	0.407247	0.495704
633	0.097200	0.000007	0.407281	0.495512
634	0.097543	0.000010	0.407466	0.494981
635	0.097896	0.000008	0.407220	0.494876
636	0.097995	0.000006	0.407870	0.494129
637	0.098426	0.000003	0.408275	0.493296
638	0.098592	0.000001	0.408659	0.492748
639	0.099034	0.000003	0.408555	0.492408
640	0.099349	0.000003	0.409143	0.491505
641	0.099581	0.000004	0.409349	0.491066
642	0.099968	0.000005	0.410205	0.489822
643	0.100305	0.000004	0.410394	0.489297
644	0.100526	0.000005	0.411217	0.488252
645	0.100985	0.000003	0.411287	0.487725
646	0.101332	0.000003	0.411088	0.487577
647	0.101673	0.000006	0.411364	0.486957
648	0.101854	0.000005	0.411960	0.486181
649	0.101970	0.000002	0.412337	0.485691
650	0.102465	0.000006	0.412620	0.484909
651	0.102385	0.000004	0.412838	0.484773
652	0.102853	0.000005	0.412981	0.484161
653	0.103206	0.000005	0.412933	0.483856
654	0.103576	0.000006	0.412704	0.483714
655	0.103794	0.000008	0.413059	0.483139
656	0.104159	0.000003	0.413331	0.482507
657	0.104481	0.000003	0.414034	0.481482
658	0.104607	0.000002	0.413964	0.481427
659	0.105101	0.000002	0.413646	0.481251
660	0.105304	0.000001	0.414385	0.480310
661	0.105760	0.000002	0.414644	0.479594
662	0.105742	0.000001	0.414615	0.479642
663	0.106454	0.000001	0.414586	0.478959
664	0.106291	0.000001	0.415594	0.478114
665	0.107021	0.000002	0.414993	0.477984
666	0.107151	0.000001	0.415418	0.477430
667	0.107727	0.000002	0.415131	0.477140
668	0.107835	0.000002	0.415507	0.476656
669	0.108622	0.000001	0.415343	0.476034
670	0.108781	0.000002	0.415424	0.475793
671	0.109137	0.000002	0.415127	0.475734
672	0.109412	0.000003	0.415899	0.474686
673	0.109652	0.000001	0.415940	0.474407
674	0.109739	0.000001	0.416659	0.473601
675	0.110103	0.000001	0.416437	0.473459
676	0.110503	0.000002	0.416802	0.472693
677	0.110800	0.000004	0.417029	0.472167
678	0.111166	0.000003	0.417445	0.471386
679	0.111587	0.000001	0.417319	0.471093
680	0.111717	0.000003	0.417849	0.470431
681	0.112430	0.000000	0.417857	0.469713
682	0.112632	0.000001	0.418411	0.468956
683	0.113031	0.000001	0.418224	0.468744
684	0.113282	0.000003	0.418916	0.467799
685	0.113717	0.000002	0.418305	0.467976
686	0.113965	0.000001	0.419082	0.466952
687	0.114350	0.000004	0.418870	0.466776
688	0.114837	0.000002	0.419601	0.465560
689	0.114881	0.000002	0.419325	0.465792
690	0.115299	0.000003	0.419752	0.464946
691	0.115561	0.000003	0.419711	0.464725
692	0.115949	0.000003	0.419861	0.464187
693	0.116507	0.000003	0.419975	0.463515
694	0.116779	0.000002	0.419660	0.463559
695	0.117159	0.000003	0.420116	0.462722
696	0.117524	0.000002	0.420106	0.462368
697	0.117886	0.000003	0.420103	0.462008
698	0.118074	0.000002	0.420760	0.461164
699	0.118453	0.000001	0.420358	0.461188
700	0.118814	0.000002	0.421193	0.459991
701	0.119093	0.000002	0.420994	0.459911
702	0.119547	0.000001	0.421599	0.458853
703	0.119653	0.000003	0.421881	0.458463
704	0.119877	0.000003	0.422227	0.457893
705	0.120386	0.000007	0.422045	0.457562
706	0.120387	0.000005	0.422223	0.457385
707	0.121077	0.000008	0.422114	0.456801
708	0.121452	0.000006	0.421975	0.456567
709	0.121520	0.000005	0.422771	0.455704
710	0.122050	0.000006	0.422603	0.455341
711	0.122197	0.000005	0.423105	0.454693
712	0.122649	0.000007	0.423453	0.453891
713	0.123108	0.000004	0.423384	0.453504
714	0.123398	0.000006	0.423711	0.452885
715	0.123944	0.000006	0.423482	0.452568
716	0.124353	0.000006	0.423300	0.452341
717	0.124335	0.000006	0.423479	0.452180
718	0.125089	0.000008	0.422775	0.452128
719	0.125070	0.000004	0.423562	0.451364
720	0.125770	0.000007	0.423562	0.450661
721	0.125991	0.000005	0.423053	0.450951
722	0.126437	0.000007	0.423912	0.449644
723	0.126449	0.000008	0.423526	0.450017
724	0.127059	0.000004	0.424248	0.448689
725	0.127288	0.000007	0.423515	0.449190
726	0.127888	0.000003	0.424546	0.447563
727	0.127908	0.000004	0.424156	0.447932
728	0.128447	0.000003	0.424414	0.447136
729	0.128698	0.000005	0.424266	0.447031
730	0.129512	0.000005	0.423938	0.446545
731	0.129690	0.000005	0.424338	0.445967
732	0.130028	0.000007	0.423956	0.446009
733	0.130497	0.000008	0.424112	0.445383
734	0.130741	0.000007	0.424728	0.444524
735	0.131100	0.000008	0.424349	0.444543
736	0.131498	0.000009	0.424764	0.443729
737	0.131570	0.000012	0.424675	0.443743
738	0.132242	0.000010	0.425054	0.442694
739	0.132478	0.000009	0.424711	0.442802
740	0.133033	0.000008	0.425177	0.441782
741	0.133506	0.000003	0.424821	0.441670
742	0.134089	0.000006	0.424904	0.441001
743	0.134180	0.000006	0.425601	0.440213
744	0.134905	0.000007	0.424996	0.440092
745	0.135003	0.000007	0.425672	0.439318
746	0.135328	0.000006	0.425437	0.439229
747	0.135666	0.000009	0.426135	0.438190
748	0.135869	0.000007	0.425750	0.438374
749	0.136559	0.000009	0.425748	0.437684
750	0.136863	0.000008	0.425896	0.437233
751	0.137583	0.000006	0.425417	0.436994
752	0.137737	0.000006	0.425765	0.436492
753	0.138369	0.000007	0.425447	0.436177
754	0.138621	0.000005	0.425974	0.435400
755	0.139110	0.000006	0.425845	0.435039
756	0.139423	0.000005	0.425767	0.434805
757	0.139522	0.000005	0.426742	0.433731
758	0.140164	0.000006	0.426065	0.433765
759	0.140803	0.000006	0.426242	0.432949
760	0.140865	0.000005	0.426297	0.432833
761	0.141410	0.000004	0.426181	0.432405
762	0.141797	0.000005	0.426173	0.432025
763	0.142501	0.000004	0.426156	0.431339
764	0.142536	0.000007	0.426260	0.431197
765	0.143017	0.000006	0.426188	0.430789
766	0.143415	0.000008	0.426342	0.430235
767	0.143799	0.000009	0.426343	0.429849
768	0.144087	0.000008	0.425849	0.430056
769	0.144753	0.000006	0.426049	0.429192
770	0.145010	0.000009	0.426201	0.428780
771	0.145669	0.000005	0.425619	0.428707
772	0.146053	0.000006	0.426086	0.427855
773	0.146375	0.000003	0.425723	0.427899
774	0.147120	0.000007	0.425800	0.427073
775	0.147519	0.000003	0.425658	0.426820
776	0.147906	0.000008	0.425565	0.426521
777	0.148244	0.000002	0.425876	0.425878
778	0.148674	0.000005	0.425468	0.425853
779	0.149093	0.000002	0.425560	0.425345
780	0.149858	0.000004	0.425097	0.425041
781	0.149800	0.000002	0.425249	0.424949
782	0.150505	0.000001	0.425483	0.424011
783	0.150581	0.000001	0.424813	0.424605
784	0.151298	0.000001	0.425273	0.423428
785	0.151564	0.000001	0.425049	0.423386
786	0.152383	0.000000	0.425255	0.422362
787	0.152584	0.000000	0.424902	0.422514
788	0.153006	0.000000	0.425407	0.421587
789	0.153165	0.000000	0.425237	0.421598
790	0.153909	0.000000	0.425870	0.420221
791	0.154206	0.000000	0.424938	0.420856
792	0.154483	0.000000	0.425156	0.420361
793	0.154973	0.000000	0.424512	0.420515
794	0.155314	0.000000	0.425190	0.419496
795	0.155819	0.000000	0.424480	0.419701
796	0.156234	0.000000	0.424544	0.419222
797	0.156757	0.000000	0.424195	0.419048
798	0.156795	0.000000	0.424753	0.418452
799	0.157546	0.000000	0.424301	0.418153
800	0.157901	0.000000	0.424886	0.417213
801	0.158354	0.000000	0.424093	0.417553
802	0.158799	0.000000	0.424526	0.416675
803	0.158960	0.000000	0.424473	0.416567
804	0.159388	0.000000	0.424498	0.416114
805	0.160026	0.000000	0.424025	0.415949
806	0.160208	0.000000	0.424468	0.415324
807	0.160711	0.000000	0.424063	0.415226
808	0.160709	0.000000	0.424344	0.414947
809	0.161150	0.000000	0.423983	0.414867
810	0.161403	0.000000	0.423885	0.414712
811	0.162172	0.000000	0.424313	0.413515
812	0.162321	0.000000	0.424271	0.413408
813	0.163261	0.000000	0.423604	0.413135
814	0.163317	0.000000	0.423715	0.412968
815	0.163940	0.000000	0.423385	0.412675
816	0.164290	0.000000	0.423405	0.412305
817	0.164883	0.000000	0.423103	0.412014
818	0.165812	0.000000	0.422583	0.411605
819	0.166000	0.000000	0.422435	0.411565
820	0.166628	0.000000	0.422159	0.411213
821	0.166670	0.000000	0.422272	0.411058
822	0.167277	0.000000	0.422389	0.410334
823	0.167534	0.000000	0.422199	0.410267
824	0.168324	0.000000	0.421752	0.409924
825	0.168259	0.000000	0.421772	0.409969
826	0.169067	0.000000	0.421890	0.409043
827	0.169359	0.000000	0.421809	0.408832
828	0.170079	0.000000	0.421765	0.408156
829	0.170260	0.000000	0.421423	0.408317
830	0.171084	0.000000	0.420761	0.408155
831	0.171177	0.000000	0.421491	0.407332
832	0.172294	0.000000	0.420516	0.407190
833	0.172281	0.000000	0.420882	0.406837
834	0.172590	0.000000	0.421138	0.406272
835	0.173386	0.000000	0.420132	0.406482
836	0.173761	0.000000	0.420630	0.405609
837	0.174025	0.000000	0.420237	0.405738
838	0.174519	0.000000	0.420766	0.404715
839	0.174948	0.000000	0.419616	0.405436
840	0.175269	0.000000	0.419967	0.404764
841	0.175853	0.000000	0.419180	0.404967
842	0.176640	0.000000	0.418923	0.404437
843	0.176662	0.000000	0.419059	0.404279
844	0.177347	0.000000	0.419059	0.403594
845	0.177793	0.000000	0.418477	0.403730
846	0.178043	0.000000	0.418979	0.402978
847	0.178416	0.000000	0.418027	0.403557
848	0.178729	0.000000	0.417883	0.403388
849	0.179149	0.000000	0.417913	0.402938
850	0.179432	0.000000	0.417918	0.402650
851	0.180107	0.000000	0.417304	0.402589
852	0.180362	0.000000	0.417491	0.402147
853	0.181297	0.000000	0.417444	0.401259
854	0.181407	0.000000	0.417316	0.401277
855	0.182199	0.000000	0.416933	0.400868
856	0.182558	0.000000	0.416425	0.401017
857	0.183229	0.000000	0.416273	0.400498
858	0.183496	0.000000	0.416386	0.400118
859	0.184010	0.000000	0.416155	0.399835
860	0.184479	0.000000	0.416528	0.398993
861	0.184665	0.000000	0.416040	0.399295
862	0.185360	0.000000	0.415830	0.398810
863	0.185819	0.000000	0.415103	0.399078
864	0.186293	0.000000	0.415853	0.397854
865	0.186662	0.000000	0.415249	0.398089
866	0.186784	0.000000	0.415644	0.397572
867	0.187780	0.000000	0.414885	0.397335
868	0.188208	0.000000	0.414956	0.396836
869	0.188722	0.000000	0.414030	0.397248
870	0.189215	0.000000	0.414376	0.396409
871	0.189256	0.000000	0.414471	0.396273
872	0.189761	0.000000	0.414552	0.395687
873	0.190223	0.000000	0.414040	0.395737
874	0.190664	0.000000	0.414841	0.394495
875	0.191565	0.000000	0.413734	0.394701
876	0.191751	0.000000	0.414314	0.393935
877	0.192024	0.000000	0.413960	0.394016
878	0.192827	0.000000	0.413961	0.393212
879	0.193172	0.000000	0.413523	0.393305
880	0.193605	0.000000	0.413455	0.392940
881	0.194317	0.000000	0.412603	0.393080
882	0.194586	0.000000	0.412952	0.392462
883	0.195097	0.000000	0.412059	0.392844
884	0.195541	0.000000	0.412317	0.392142
885	0.195984	0.000000	0.411629	0.392387
886	0.196168	0.000000	0.411700	0.392132
887	0.196775	0.000000	0.411302	0.391923
888	0.197210	0.000000	0.411212	0.391578
889	0.197749	0.000000	0.410440	0.391811
890	0.197926	0.000000	0.410787	0.391287
891	0.198884	0.000000	0.409875	0.391241
892	0.199080	0.000000	0.410543	0.390377
893	0.199640	0.000000	0.410532	0.389828
894	0.200021	0.000000	0.410178	0.389801
895	0.200633	0.000000	0.409950	0.389417
896	0.201060	0.000000	0.410261	0.388679
897	0.201823	0.000000	0.409665	0.388512
898	0.202111	0.000000	0.409543	0.388346
899	0.202806	0.000000	0.408931	0.388263
900	0.202801	0.000000	0.409327	0.387872
901	0.203605	0.000000	0.408536	0.387859
902	0.204096	0.000000	0.408304	0.387600
903	0.204430	0.000000	0.408219	0.387351
904	0.204889	0.000000	0.407893	0.387218
905	0.205539	0.000000	0.407394	0.387067
906	0.206038	0.000000	0.407118	0.386844
907	0.206541	0.000000	0.406946	0.386513
908	0.207054	0.000000	0.406823	0.386123
909	0.207313	0.000000	0.406512	0.386175
910	0.207944	0.000000	0.406190	0.385866
911	0.208279	0.000000	0.406309	0.385412
912	0.208903	0.000000	0.405326	0.385771
913	0.209543	0.000000	0.405182	0.385275
914	0.209930	0.000000	0.404698	0.385372
915	0.210466	0.000000	0.404751	0.384783
916	0.210827	0.000000	0.404029	0.385144
917	0.211367	0.000000	0.403899	0.384734
918	0.212004	0.000000	0.403868	0.384128
919	0.212445	0.000000	0.403716	0.383839
920	0.213095	0.000000	0.402987	0.383918
921	0.213317	0.000000	0.402862	0.383821
922	0.213989	0.000000	0.402509	0.383502
923	0.214227	0.000000	0.402816	0.382957
924	0.215185	0.000000	0.402002	0.382813
925	0.215511	0.000000	0.402168	0.382321
926	0.216317	0.000000	0.401384	0.382299
927	0.216713	0.000000	0.401036	0.382251
928	0.217514	0.000000	0.400915	0.381571
929	0.217829	0.000000	0.400111	0.382060
930	0.218574	0.000000	0.399990	0.381436
931	0.219297	0.000000	0.399199	0.381504
932	0.219575	0.000000	0.399124	0.381301
933	0.220130	0.000000	0.398855	0.381015
934	0.220477	0.000000	0.398558	0.380965
935	0.221003	0.000000	0.398590	0.380407
936	0.221432	0.000000	0.398225	0.380343
937	0.222053	0.000000	0.397680	0.380267
938	0.222540	0.000000	0.397426	0.380034
939	0.223145	0.000000	0.397368	0.379487
940	0.223884	0.000000	0.396907	0.379209
941	0.224302	0.000000	0.396768	0.378930
942	0.224946	0.000000	0.396108	0.378946
943	0.225564	0.000000	0.395883	0.378553
944	0.226040	0.000000	0.395473	0.378487
945	0.226446	0.000000	0.395101	0.378453
946	0.227066	0.000000	0.394979	0.377955
947	0.227266	0.000000	0.394033	0.378701
948	0.227917	0.000000	0.394096	0.377987
949	0.228211	0.000000	0.393454	0.378335
950	0.228855	0.000000	0.393302	0.377843
951	0.229675	0.000000	0.392387	0.377938
952	0.230111	0.000000	0.392268	0.377621
953	0.230478	0.000000	0.392173	0.377349
954	0.231027	0.000000	0.391863	0.377110
955	0.231645	0.000000	0.391449	0.376906
956	0.232053	0.000000	0.391358	0.376589
957	0.232874	0.000000	0.390575	0.376551
958	0.233302	0.000000	0.390951	0.375747
959	0.233792	0.000000	0.390284	0.375924
960	0.234402	0.000000	0.389944	0.375654
961	0.234917	0.000000	0.389364	0.375719
962	0.235330	0.000000	0.389279	0.375391
963	0.235789	0.000000	0.388361	0.375850
964	0.236164	0.000000	0.388752	0.375084
965	0.236725	0.000000	0.387851	0.375424
966	0.237194	0.000000	0.387755	0.375051
967	0.237459	0.000000	0.387638	0.374903
968	0.238086	0.000000	0.387122	0.374792
969	0.238580	0.000000	0.386790	0.374630
970	0.238766	0.000000	0.386453	0.374781
971	0.239490	0.000000	0.385978	0.374532
972	0.239856	0.000000	0.385666	0.374478
973	0.240451	0.000000	0.385122	0.374427
974	0.241295	0.000000	0.384876	0.373829
975	0.241705	0.000000	0.384293	0.374002
976	0.242151	0.000000	0.384220	0.373629
977	0.242327	0.000000	0.383873	0.373800
978	0.243252	0.000000	0.383454	0.373294
979	0.243568	0.000000	0.383424	0.373008
980	0.244255	0.000000	0.382657	0.373088
981	0.244632	0.000000	0.382649	0.372719
982	0.245292	0.000000	0.382013	0.372695
983	0.245947	0.000000	0.381271	0.372782
984	0.246543	0.000000	0.380984	0.372473
985	0.247131	0.000000	0.380056	0.372813
986	0.247597	0.000000	0.380423	0.371980
987	0.247986	0.000000	0.380084	0.371930
988	0.248718	0.000000	0.379523	0.371759
989	0.249033	0.000000	0.379186	0.371781
990	0.250045	0.000000	0.378159	0.371796
991	0.250162	0.000000	0.378035	0.371803
992	0.250877	0.000000	0.377010	0.372113
993	0.251307	0.000000	0.376637	0.372056
994	0.251943	0.000000	0.375993	0.372064
995	0.252776	0.000000	0.375409	0.371815
996	0.253084	0.000000	0.375152	0.371764
997	0.253897	0.000000	0.374551	0.371552
998	0.254127	0.000000	0.374225	0.371648
999	0.254902	0.000000	0.373404	0.371694
1000	0.255104	0.000000	0.373323	0.371573
1001	0.255499	0.000000	0.373002	0.371499
