0	0.299577	0.299457	0.099932	0.301034
1	0.300624	0.300042	0.099541	0.299793
2	0.299413	0.294894	0.101182	0.304511
3	0.300156	0.292022	0.101462	0.306360
4	0.298377	0.285762	0.103753	0.312108
5	0.298124	0.281164	0.104601	0.316111
6	0.296119	0.274358	0.106818	0.322705
7	0.294988	0.268883	0.108524	0.327605
8	0.293926	0.261714	0.110647	0.333713
9	0.292912	0.255577	0.112455	0.339056
10	0.291409	0.248544	0.114289	0.345758
11	0.290510	0.242314	0.116467	0.350709
12	0.288659	0.235508	0.118568	0.357265
13	0.287431	0.229723	0.120345	0.362501
14	0.286185	0.223169	0.122584	0.368062
15	0.284156	0.217677	0.124180	0.373987
16	0.283456	0.210865	0.126200	0.379479
17	0.282167	0.205327	0.128132	0.384374
18	0.280559	0.199624	0.129939	0.389878
19	0.279759	0.194184	0.131353	0.394704
20	0.278230	0.188397	0.133115	0.400258
21	0.277419	0.183259	0.134942	0.404380
22	0.275788	0.177881	0.136520	0.409811
23	0.274790	0.172994	0.137704	0.414512
24	0.273882	0.167853	0.139035	0.419230
25	0.272613	0.162718	0.141122	0.423547
26	0.271602	0.158135	0.142465	0.427798
27	0.270432	0.153472	0.144146	0.431950
28	0.269295	0.148710	0.145667	0.436328
29	0.267985	0.144898	0.146913	0.440204
30	0.267457	0.139755	0.148313	0.444475
31	0.265746	0.136014	0.150061	0.448179
32	0.265090	0.131298	0.151491	0.452121
33	0.263944	0.127502	0.152728	0.455826
34	0.262794	0.123558	0.154150	0.459498
35	0.262142	0.119965	0.155410	0.462483
36	0.261201	0.116678	0.156235	0.465886
37	0.260201	0.113135	0.157899	0.468765
38	0.259331	0.110044	0.158636	0.471989
39	0.258269	0.106414	0.159861	0.475456
40	0.257819	0.103482	0.160794	0.477905
41	0.256233	0.100259	0.161852	0.481656
42	0.255973	0.097336	0.163271	0.483420
43	0.254755	0.094503	0.163781	0.486961
44	0.254208	0.091796	0.165065	0.488931
45	0.253447	0.088638	0.166070	0.491845
46	0.252418	0.086722	0.167226	0.493634
47	0.251497	0.083666	0.167901	0.496936
48	0.250785	0.081374	0.169415	0.498426
49	0.250161	0.078839	0.170533	0.500467
50	0.249768	0.076329	0.171532	0.502371
51	0.249328	0.074181	0.172489	0.504002
52	0.248627	0.072032	0.173705	0.505636
53	0.247850	0.070271	0.174556	0.507323
54	0.247086	0.067538	0.175591	0.509785
55	0.246366	0.065838	0.176855	0.510941
56	0.245557	0.063875	0.177533	0.513035
57	0.245463	0.062033	0.178890	0.513614
58	0.244093	0.060073	0.179709	0.516125
59	0.244277	0.058413	0.180488	0.516822
60	0.243049	0.056661	0.181288	0.519002
61	0.243223	0.055156	0.181985	0.519636
62	0.242218	0.053376	0.182901	0.521505
63	0.241923	0.052029	0.184068	0.521980
64	0.241080	0.050448	0.184926	0.523546
65	0.240905	0.048886	0.185878	0.524331
66	0.240279	0.047637	0.186872	0.525212
67	0.240025	0.046308	0.187593	0.526074
68	0.239558	0.044858	0.189004	0.526580
69	0.238942	0.043645	0.189564	0.527849
70	0.238819	0.042333	0.190113	0.528735
71	0.237798	0.041258	0.191338	0.529606
72	0.238035	0.039853	0.191712	0.530400
73	0.237217	0.039219	0.192482	0.531082
74	0.237494	0.037968	0.193337	0.531201
75	0.236707	0.037110	0.194210	0.531973
76	0.236848	0.036141	0.194750	0.532261
77	0.236671	0.035105	0.195635	0.532589
78	0.236208	0.034225	0.196636	0.532931
79	0.236035	0.033413	0.197097	0.533455
80	0.235433	0.032506	0.198008	0.534053
81	0.235462	0.031714	0.198379	0.534445
82	0.235301	0.030597	0.199486	0.534616
83	0.235410	0.029838	0.199929	0.534823
84	0.235471	0.029044	0.201179	0.534306
85	0.234703	0.028349	0.201423	0.535525
86	0.234816	0.027711	0.202187	0.535286
87	0.234538	0.026856	0.202981	0.535625
88	0.234438	0.026215	0.203539	0.535808
89	0.234260	0.025516	0.204500	0.535724
90	0.234147	0.024878	0.205292	0.535683
91	0.234049	0.024252	0.206594	0.535105
92	0.234122	0.023760	0.206868	0.535250
93	0.233939	0.023149	0.207284	0.535628
94	0.233978	0.022781	0.208265	0.534976
95	0.233480	0.022019	0.209222	0.535279
96	0.233663	0.021533	0.209756	0.535048
97	0.233727	0.021073	0.210306	0.534894
98	0.233420	0.020435	0.210842	0.535303
99	0.233611	0.019991	0.211339	0.535059
100	0.233964	0.019239	0.212293	0.534504
101	0.233664	0.019044	0.212313	0.534979
102	0.233756	0.018283	0.213161	0.534800
103	0.233734	0.018013	0.213223	0.535030
104	0.233995	0.017608	0.213728	0.534669
105	0.233689	0.017100	0.214924	0.534287
106	0.234043	0.016779	0.215370	0.533808
107	0.233689	0.016354	0.215935	0.534022
108	0.234014	0.016017	0.216145	0.533824
109	0.233743	0.015634	0.217018	0.533605
110	0.234416	0.015123	0.217261	0.533200
111	0.234369	0.014762	0.218595	0.532274
112	0.234337	0.014617	0.218872	0.532174
113	0.235092	0.014192	0.218911	0.531805
114	0.235205	0.013922	0.219694	0.531179
115	0.235229	0.013640	0.220359	0.530772
116	0.236056	0.013314	0.221077	0.529553
117	0.235701	0.012994	0.221666	0.529639
118	0.236484	0.012720	0.222469	0.528327
119	0.236119	0.012577	0.222543	0.528761
120	0.236785	0.012106	0.223404	0.527705
121	0.237267	0.011832	0.223949	0.526952
122	0.237299	0.011439	0.224712	0.526550
123	0.237851	0.011312	0.225180	0.525657
124	0.238084	0.011006	0.226154	0.524756
125	0.238404	0.010750	0.226182	0.524664
126	0.238833	0.010537	0.227055	0.523575
127	0.238933	0.010427	0.227258	0.523382
128	0.239440	0.010202	0.228119	0.522239
129	0.239616	0.009947	0.228086	0.522351
130	0.240604	0.009835	0.229045	0.520516
131	0.240742	0.009625	0.229383	0.520250
132	0.241266	0.009308	0.229879	0.519547
133	0.241596	0.009167	0.229855	0.519382
134	0.241948	0.008983	0.230690	0.518379
135	0.243164	0.008870	0.230585	0.517381
136	0.243240	0.008660	0.231586	0.516514
137	0.243926	0.008508	0.232323	0.515243
138	0.244023	0.008251	0.232767	0.514959
139	0.244524	0.008031	0.234128	0.513317
140	0.244841	0.007875	0.234108	0.513176
141	0.245617	0.007795	0.234203	0.512385
142	0.246023	0.007585	0.234801	0.511591
143	0.246791	0.007480	0.235241	0.510488
144	0.247543	0.007413	0.235490	0.509554
145	0.248244	0.007248	0.235711	0.508797
146	0.248532	0.007190	0.236508	0.507770
147	0.248917	0.006941	0.236428	0.507714
148	0.249873	0.006833	0.236856	0.506438
149	0.250114	0.006696	0.237566	0.505624
150	0.250771	0.006602	0.237480	0.505147
151	0.251555	0.006418	0.238403	0.503624
152	0.251763	0.006317	0.238693	0.503227
153	0.252787	0.006142	0.238871	0.502200
154	0.252935	0.006080	0.239901	0.501084
155	0.254438	0.005989	0.239600	0.499973
156	0.254381	0.005921	0.240078	0.499620
157	0.255709	0.005669	0.240608	0.498014
158	0.256123	0.005776	0.241117	0.496984
159	0.257145	0.005512	0.241268	0.496075
160	0.257976	0.005528	0.241856	0.494640
161	0.258877	0.005328	0.242074	0.493721
162	0.259496	0.005279	0.242665	0.492560
163	0.260385	0.005139	0.242372	0.492104
164	0.260598	0.005022	0.243173	0.491207
165	0.262079	0.004906	0.242698	0.490317
166	0.262422	0.004911	0.243295	0.489372
167	0.263377	0.004777	0.243472	0.488374
168	0.263664	0.004782	0.244176	0.487378
169	0.264841	0.004606	0.243909	0.486644
170	0.265731	0.004595	0.244117	0.485557
171	0.266366	0.004400	0.244338	0.484896
172	0.267089	0.004323	0.244791	0.483797
173	0.268515	0.004330	0.244672	0.482483
174	0.268686	0.004153	0.245692	0.481469
175	0.269624	0.004086	0.245454	0.480836
176	0.270135	0.004025	0.245896	0.479944
177	0.271432	0.003988	0.245627	0.478953
178	0.271582	0.003957	0.246872	0.477589
179	0.273034	0.003913	0.246213	0.476840
180	0.273734	0.003799	0.247233	0.475234
181	0.274830	0.003795	0.246889	0.474486
182	0.275499	0.003652	0.247203	0.473646
183	0.276773	0.003711	0.247203	0.472313
184	0.277496	0.003604	0.247580	0.471320
185	0.278508	0.003571	0.247888	0.470033
186	0.279257	0.003459	0.248115	0.469169
187	0.280458	0.003479	0.248032	0.468031
188	0.281091	0.003403	0.248612	0.466894
189	0.282438	0.003383	0.248529	0.465650
190	0.282915	0.003243	0.248983	0.464859
191	0.283938	0.003261	0.248621	0.464180
192	0.285117	0.003218	0.248682	0.462983
193	0.286173	0.003165	0.248655	0.462007
194	0.287037	0.003090	0.248935	0.460938
195	0.288140	0.003059	0.249171	0.459630
196	0.289253	0.003038	0.249004	0.458705
197	0.289705	0.002965	0.249275	0.458055
198	0.291265	0.002906	0.249143	0.456686
199	0.291985	0.002865	0.249568	0.455582
200	0.293047	0.002814	0.249556	0.454583
201	0.293978	0.002796	0.250068	0.453158
202	0.294942	0.002785	0.250095	0.452178
203	0.296019	0.002736	0.250197	0.451048
204	0.297252	0.002717	0.250059	0.449972
205	0.298173	0.002641	0.249963	0.449223
206	0.299390	0.002598	0.250093	0.447919
207	0.300173	0.002569	0.249793	0.447465
208	0.301251	0.002494	0.250480	0.445775
209	0.302093	0.002485	0.250526	0.444896
210	0.303247	0.002421	0.250761	0.443571
211	0.304159	0.002357	0.250446	0.443038
212	0.305491	0.002384	0.250695	0.441430
213	0.306658	0.002257	0.250103	0.440982
214	0.307509	0.002293	0.251009	0.439189
215	0.308407	0.002245	0.250174	0.439174
216	0.309900	0.002214	0.250740	0.437146
217	0.311059	0.002163	0.250051	0.436727
218	0.312184	0.002172	0.250574	0.435070
219	0.313388	0.002114	0.250419	0.434079
220	0.314467	0.002077	0.250209	0.433247
221	0.315371	0.002134	0.250318	0.432177
222	0.316612	0.002097	0.250470	0.430821
223	0.317638	0.002089	0.250434	0.429839
224	0.319050	0.001984	0.249975	0.428991
225	0.320004	0.001972	0.250468	0.427556
226	0.321554	0.001977	0.250228	0.426241
227	0.322436	0.001926	0.250445	0.425193
228	0.323714	0.001856	0.250058	0.424372
229	0.324996	0.001820	0.249993	0.423191
230	0.325983	0.001838	0.249922	0.422257
231	0.327323	0.001785	0.250306	0.420586
232	0.328405	0.001766	0.250632	0.419197
233	0.329798	0.001731	0.250195	0.418276
234	0.330954	0.001716	0.250671	0.416659
235	0.332729	0.001647	0.249904	0.415720
236	0.333351	0.001628	0.250537	0.414484
237	0.335063	0.001645	0.249489	0.413803
238	0.335749	0.001672	0.250194	0.412385
239	0.337117	0.001599	0.249334	0.411950
240	0.338631	0.001570	0.249816	0.409983
241	0.339536	0.001505	0.249010	0.409949
242	0.340916	0.001521	0.249188	0.408375
243	0.342072	0.001466	0.248676	0.407786
244	0.343747	0.001493	0.248537	0.406223
245	0.345087	0.001438	0.248010	0.405465
246	0.346219	0.001418	0.248303	0.404060
247	0.347226	0.001371	0.247653	0.403750
248	0.348678	0.001376	0.248155	0.401791
249	0.349740	0.001349	0.247220	0.401691
250	0.351024	0.001384	0.247951	0.399641
251	0.352023	0.001355	0.247202	0.399420
252	0.354015	0.001363	0.246594	0.398028
253	0.355033	0.001338	0.246850	0.396779
254	0.356620	0.001306	0.245987	0.396087
255	0.357421	0.001263	0.246214	0.395102
256	0.359888	0.001243	0.246048	0.392821
257	0.360843	0.001257	0.245718	0.392182
258	0.361898	0.001237	0.245599	0.391266
259	0.363998	0.001243	0.244800	0.389959
260	0.364576	0.001209	0.244760	0.389455
261	0.366148	0.001192	0.244636	0.388024
262	0.367080	0.001170	0.244127	0.387623
263	0.368382	0.001207	0.244400	0.386011
264	0.369297	0.001130	0.243947	0.385626
265	0.370853	0.001160	0.243684	0.384303
266	0.372118	0.001123	0.243439	0.383320
267	0.373534	0.001100	0.243198	0.382168
268	0.374888	0.001107	0.242939	0.381066
269	0.376422	0.001061	0.242546	0.379971
270	0.377743	0.001027	0.242454	0.378776
271	0.379211	0.001026	0.241873	0.377890
272	0.380691	0.001040	0.241535	0.376734
273	0.381867	0.000999	0.241561	0.375573
274	0.383561	0.000994	0.240854	0.374591
275	0.384636	0.001013	0.240743	0.373608
276	0.386064	0.000999	0.240935	0.372002
277	0.387371	0.000994	0.240708	0.370927
278	0.388519	0.000957	0.240500	0.370024
279	0.390436	0.000969	0.239919	0.368676
280	0.391240	0.000940	0.240067	0.367753
281	0.392625	0.000942	0.239541	0.366892
282	0.394017	0.000950	0.239407	0.365626
283	0.395291	0.000942	0.238414	0.365353
284	0.396335	0.000938	0.238598	0.364129
285	0.397678	0.000945	0.238245	0.363132
286	0.399651	0.000977	0.237468	0.361904
287	0.400542	0.000940	0.237833	0.360685
288	0.402325	0.000943	0.237229	0.359503
289	0.403480	0.000902	0.236340	0.359278
290	0.405243	0.000903	0.236152	0.357702
291	0.406505	0.000881	0.235380	0.357234
292	0.407928	0.000878	0.234673	0.356521
293	0.409776	0.000848	0.234129	0.355247
294	0.410705	0.000840	0.234090	0.354365
295	0.412629	0.000850	0.233078	0.353443
296	0.413809	0.000778	0.233324	0.352089
297	0.415612	0.000806	0.232359	0.351223
298	0.417069	0.000742	0.231930	0.350259
299	0.418528	0.000786	0.231282	0.349404
300	0.419551	0.000741	0.231214	0.348494
301	0.421112	0.000751	0.230575	0.347562
302	0.422602	0.000727	0.230280	0.346391
303	0.424108	0.000738	0.229718	0.345436
304	0.425385	0.000727	0.229262	0.344626
305	0.426674	0.000716	0.228936	0.343674
306	0.428121	0.000705	0.228538	0.342636
307	0.429599	0.000685	0.228249	0.341467
308	0.431323	0.000667	0.227856	0.340154
309	0.432664	0.000670	0.227348	0.339318
310	0.433487	0.000639	0.227210	0.338664
311	0.435614	0.000681	0.226411	0.337294
312	0.436935	0.000675	0.225625	0.336765
313	0.438681	0.000633	0.225257	0.335429
314	0.440302	0.000631	0.224590	0.334477
315	0.441408	0.000595	0.224574	0.333423
316	0.443333	0.000605	0.223785	0.332277
317	0.444478	0.000594	0.223300	0.331628
318	0.446174	0.000582	0.222850	0.330394
319	0.447614	0.000566	0.222656	0.329164
320	0.448823	0.000579	0.221885	0.328713
321	0.450545	0.000542	0.221534	0.327379
322	0.451699	0.000584	0.221086	0.326631
323	0.453328	0.000530	0.220264	0.325878
324	0.454818	0.000555	0.219542	0.325085
325	0.456300	0.000521	0.219323	0.323856
326	0.457766	0.000503	0.218655	0.323076
327	0.459451	0.000521	0.218209	0.321819
328	0.461020	0.000503	0.217916	0.320561
329	0.462238	0.000524	0.217175	0.320063
330	0.464033	0.000521	0.216874	0.318572
331	0.465380	0.000522	0.215722	0.318376
332	0.467137	0.000499	0.215423	0.316941
333	0.468044	0.000518	0.214386	0.317052
334	0.469555	0.000490	0.213916	0.316039
335	0.471141	0.000509	0.212893	0.315457
336	0.473131	0.000534	0.212490	0.313845
337	0.474822	0.000489	0.211662	0.313027
338	0.475788	0.000526	0.211293	0.312393
339	0.477201	0.000483	0.210460	0.311856
340	0.478546	0.000493	0.209791	0.311170
341	0.480216	0.000455	0.209637	0.309692
342	0.481873	0.000452	0.208706	0.308969
343	0.483217	0.000454	0.208586	0.307743
344	0.484554	0.000454	0.207652	0.307340
345	0.486176	0.000447	0.207064	0.306313
346	0.487436	0.000421	0.206435	0.305708
347	0.489229	0.000412	0.205692	0.304667
348	0.490417	0.000391	0.205031	0.304161
349	0.492071	0.000406	0.204481	0.303042
350	0.493438	0.000387	0.203759	0.302416
351	0.495146	0.000400	0.203128	0.301326
352	0.496375	0.000377	0.202649	0.300599
353	0.498225	0.000379	0.201629	0.299767
354	0.499243	0.000367	0.201602	0.298788
355	0.500805	0.000370	0.200527	0.298298
356	0.501974	0.000391	0.200715	0.296920
357	0.503203	0.000368	0.199762	0.296667
358	0.504872	0.000386	0.199345	0.295397
359	0.506589	0.000346	0.197922	0.295143
360	0.507670	0.000363	0.198013	0.293954
361	0.509325	0.000355	0.197212	0.293108
362	0.510397	0.000344	0.196953	0.292306
363	0.511873	0.000333	0.196366	0.291428
364	0.513872	0.000337	0.195320	0.290471
365	0.515366	0.000291	0.194752	0.289591
366	0.516856	0.000314	0.194245	0.288585
367	0.517988	0.000306	0.193394	0.288312
368	0.519730	0.000303	0.192852	0.287115
369	0.520917	0.000306	0.192094	0.286683
370	0.522415	0.000290	0.191415	0.285880
371	0.523889	0.000305	0.190520	0.285286
372	0.525515	0.000294	0.189575	0.284616
373	0.527006	0.000305	0.189243	0.283446
374	0.528607	0.000301	0.188222	0.282870
375	0.530071	0.000291	0.187663	0.281975
376	0.531456	0.000287	0.186562	0.281695
377	0.532607	0.000296	0.186431	0.280666
378	0.534111	0.000276	0.185600	0.280013
379	0.535277	0.000286	0.185275	0.279162
380	0.537548	0.000267	0.183816	0.278369
381	0.538181	0.000290	0.183674	0.277855
382	0.540255	0.000250	0.182589	0.276906
383	0.541025	0.000276	0.182148	0.276551
384	0.542747	0.000240	0.181402	0.275611
385	0.543913	0.000277	0.180625	0.275185
386	0.545196	0.000251	0.180095	0.274458
387	0.546656	0.000257	0.179519	0.273568
388	0.547608	0.000242	0.178577	0.273573
389	0.549055	0.000266	0.178224	0.272455
390	0.550482	0.000254	0.177408	0.271856
391	0.551976	0.000256	0.176984	0.270784
392	0.553264	0.000238	0.176422	0.270076
393	0.554510	0.000229	0.175762	0.269499
394	0.556140	0.000240	0.174936	0.268684
395	0.557632	0.000225	0.174153	0.267990
396	0.558695	0.000227	0.173658	0.267420
397	0.560177	0.000223	0.172839	0.266761
398	0.561495	0.000225	0.172385	0.265895
399	0.562730	0.000227	0.171913	0.265130
400	0.564532	0.000218	0.171209	0.264041
401	0.565619	0.000220	0.170538	0.263623
402	0.567157	0.000207	0.169386	0.263250
403	0.568401	0.000213	0.168971	0.262415
404	0.569649	0.000198	0.168081	0.262072
405	0.571082	0.000206	0.167607	0.261105
406	0.572374	0.000202	0.166469	0.260955
407	0.573492	0.000204	0.166494	0.259810
408	0.575350	0.000203	0.165010	0.259437
409	0.575892	0.000200	0.165260	0.258648
410	0.578150	0.000205	0.163538	0.258107
411	0.578855	0.000187	0.163584	0.257374
412	0.580535	0.000186	0.162172	0.257107
413	0.581877	0.000185	0.161541	0.256397
414	0.583530	0.000183	0.160886	0.255401
415	0.584984	0.000169	0.159837	0.255010
416	0.586297	0.000171	0.159427	0.254105
417	0.587954	0.000178	0.158240	0.253628
418	0.589037	0.000186	0.157845	0.252932
419	0.590389	0.000157	0.157005	0.252449
420	0.591787	0.000178	0.156022	0.252013
421	0.592960	0.000154	0.156071	0.250815
422	0.594617	0.000163	0.154688	0.250532
423	0.595623	0.000163	0.154615	0.249599
424	0.597193	0.000170	0.153370	0.249267
425	0.598274	0.000175	0.153051	0.248500
426	0.599568	0.000176	0.152452	0.247804
427	0.600919	0.000166	0.151774	0.247141
428	0.602177	0.000163	0.151130	0.246530
429	0.603659	0.000152	0.150098	0.246091
430	0.604547	0.000155	0.149681	0.245617
431	0.606159	0.000145	0.148714	0.244982
432	0.607635	0.000144	0.148088	0.244133
433	0.608639	0.000126	0.147512	0.243723
434	0.610047	0.000148	0.146484	0.243321
435	0.611370	0.000130	0.146215	0.242285
436	0.612573	0.000138	0.145530	0.241759
437	0.614738	0.000124	0.144191	0.240947
438	0.615486	0.000136	0.143871	0.240507
439	0.616715	0.000134	0.142984	0.240167
440	0.617996	0.000141	0.142236	0.239627
441	0.619022	0.000142	0.141782	0.239054
442	0.620136	0.000135	0.140865	0.238864
443	0.621215	0.000122	0.140576	0.238087
444	0.622386	0.000133	0.139670	0.237811
445	0.624081	0.000120	0.138984	0.236815
446	0.624871	0.000125	0.138262	0.236742
447	0.626138	0.000119	0.137725	0.236018
448	0.627571	0.000129	0.137090	0.235210
449	0.628763	0.000108	0.136307	0.234822
450	0.629878	0.000118	0.135734	0.234270
451	0.631101	0.000105	0.135081	0.233713
452	0.632177	0.000118	0.134147	0.233558
453	0.633845	0.000108	0.133507	0.232540
454	0.634362	0.000115	0.132858	0.232665
455	0.635605	0.000119	0.132362	0.231914
456	0.636652	0.000119	0.131468	0.231761
457	0.637295	0.000115	0.131594	0.230996
458	0.638637	0.000122	0.130460	0.230781
459	0.639579	0.000100	0.130177	0.230144
460	0.640628	0.000122	0.129197	0.230053
461	0.641550	0.000112	0.128769	0.229569
462	0.643188	0.000123	0.127976	0.228713
463	0.643775	0.000128	0.127539	0.228558
464	0.645081	0.000125	0.126558	0.228236
465	0.645775	0.000129	0.126194	0.227902
466	0.647552	0.000129	0.125245	0.227074
467	0.648067	0.000130	0.125280	0.226523
468	0.649449	0.000126	0.124118	0.226307
469	0.650219	0.000124	0.123622	0.226035
470	0.651195	0.000118	0.123077	0.225610
471	0.652357	0.000127	0.122889	0.224627
472	0.653259	0.000114	0.121989	0.224638
473	0.654344	0.000127	0.121404	0.224125
474	0.655600	0.000115	0.120674	0.223611
475	0.656526	0.000117	0.120171	0.223186
476	0.657811	0.000127	0.119566	0.222496
477	0.658810	0.000115	0.119261	0.221814
478	0.659727	0.000142	0.118531	0.221600
479	0.660682	0.000121	0.118165	0.221032
480	0.661675	0.000141	0.117181	0.221003
481	0.662737	0.000113	0.116814	0.220336
482	0.663756	0.000135	0.116177	0.219932
483	0.664862	0.000121	0.115834	0.219183
484	0.665984	0.000125	0.115155	0.218736
485	0.666533	0.000122	0.114656	0.218689
486	0.667764	0.000114	0.113880	0.218242
487	0.668686	0.000122	0.113453	0.217739
488	0.669682	0.000108	0.112559	0.217651
489	0.670556	0.000116	0.112176	0.217152
490	0.671477	0.000110	0.111534	0.216879
491	0.672625	0.000110	0.110906	0.216359
492	0.673072	0.000104	0.110954	0.215870
493	0.674375	0.000112	0.109784	0.215729
494	0.674839	0.000091	0.109751	0.215319
495	0.676181	0.000114	0.108975	0.214730
496	0.676867	0.000093	0.108560	0.214480
497	0.678009	0.000108	0.107785	0.214098
498	0.678505	0.000105	0.107526	0.213864
499	0.679787	0.000096	0.106522	0.213595
500	0.680249	0.000098	0.106311	0.213342
501	0.681346	0.000091	0.105585	0.212978
502	0.682224	0.000082	0.105297	0.212397
503	0.683107	0.000091	0.104794	0.212008
504	0.684102	0.000087	0.104124	0.211687
505	0.684660	0.000089	0.103544	0.211707
506	0.686087	0.000083	0.102923	0.210907
507	0.686588	0.000086	0.102240	0.211086
508	0.687488	0.000075	0.101854	0.210583
509	0.688200	0.000079	0.101175	0.210546
510	0.689410	0.000078	0.100904	0.209608
511	0.689685	0.000091	0.100095	0.210129
512	0.690750	0.000084	0.099775	0.209391
513	0.691261	0.000088	0.099080	0.209571
514	0.692334	0.000085	0.098569	0.209012
515	0.692977	0.000096	0.098208	0.208719
516	0.693725	0.000073	0.097527	0.208675
517	0.695074	0.000079	0.097000	0.207847
518	0.695407	0.000079	0.096213	0.208301
519	0.696895	0.000076	0.095734	0.207295
520	0.697457	0.000075	0.095459	0.207009
521	0.698126	0.000080	0.095098	0.206696
522	0.698996	0.000078	0.094587	0.206339
523	0.699745	0.000091	0.093890	0.206274
524	0.700500	0.000091	0.093599	0.205810
525	0.700940	0.000091	0.093040	0.205929
526	0.701737	0.000089	0.092669	0.205505
527	0.702282	0.000094	0.092155	0.205469
528	0.703086	0.000084	0.091589	0.205241
529	0.703675	0.000089	0.091185	0.205051
530	0.704474	0.000084	0.090598	0.204844
531	0.705070	0.000097	0.090356	0.204477
532	0.706027	0.000081	0.089718	0.204174
533	0.706525	0.000086	0.089206	0.204183
534	0.707134	0.000078	0.088784	0.204004
535	0.708093	0.000090	0.088564	0.203253
536	0.709030	0.000084	0.087669	0.203217
537	0.709354	0.000084	0.087397	0.203165
538	0.710027	0.000082	0.087008	0.202883
539	0.710835	0.000084	0.086712	0.202369
540	0.711534	0.000075	0.085971	0.202420
541	0.712069	0.000079	0.085750	0.202102
542	0.712631	0.000082	0.085205	0.202082
543	0.713375	0.000079	0.084856	0.201690
544	0.714601	0.000082	0.083894	0.201423
545	0.715086	0.000079	0.084036	0.200799
546	0.715912	0.000075	0.083147	0.200866
547	0.716608	0.000079	0.082926	0.200387
548	0.717328	0.000070	0.082121	0.200481
549	0.718023	0.000086	0.081883	0.200008
550	0.718653	0.000076	0.081266	0.200005
551	0.719385	0.000076	0.080704	0.199835
552	0.719847	0.000076	0.080490	0.199587
553	0.720492	0.000073	0.079753	0.199682
554	0.721180	0.000073	0.079667	0.199080
555	0.721962	0.000069	0.079136	0.198833
556	0.722373	0.000082	0.078646	0.198899
557	0.723053	0.000075	0.078215	0.198657
558	0.723828	0.000078	0.077519	0.198575
559	0.724109	0.000077	0.077153	0.198661
560	0.724952	0.000073	0.076814	0.198161
561	0.725315	0.000061	0.076363	0.198261
562	0.726267	0.000061	0.076000	0.197672
563	0.726537	0.000064	0.075528	0.197871
564	0.727196	0.000066	0.075080	0.197658
565	0.727242	0.000058	0.074786	0.197914
566	0.728271	0.000059	0.074039	0.197631
567	0.728665	0.000059	0.073818	0.197458
568	0.729567	0.000062	0.072952	0.197419
569	0.730110	0.000066	0.072793	0.197031
570	0.730532	0.000064	0.072293	0.197111
571	0.731157	0.000067	0.072199	0.196577
572	0.731921	0.000053	0.071646	0.196380
573	0.732366	0.000061	0.071236	0.196337
574	0.732975	0.000050	0.070743	0.196232
575	0.733080	0.000062	0.070452	0.196406
576	0.734341	0.000058	0.069837	0.195764
577	0.734171	0.000058	0.069532	0.196239
578	0.734992	0.000053	0.068856	0.196099
579	0.735201	0.000057	0.068901	0.195841
580	0.735745	0.000053	0.068239	0.195963
581	0.736412	0.000052	0.067964	0.195572
582	0.736707	0.000058	0.067380	0.195855
583	0.737198	0.000050	0.067185	0.195567
584	0.737428	0.000053	0.066951	0.195568
585	0.738027	0.000051	0.066605	0.195317
586	0.738434	0.000054	0.066190	0.195322
587	0.738994	0.000053	0.065788	0.195165
588	0.739336	0.000049	0.065295	0.195320
589	0.739759	0.000051	0.065055	0.195135
590	0.740312	0.000046	0.064369	0.195273
591	0.740615	0.000045	0.064210	0.195130
592	0.741253	0.000042	0.063558	0.195147
593	0.741457	0.000037	0.063529	0.194977
594	0.742035	0.000037	0.062933	0.194995
595	0.742490	0.000031	0.062576	0.194903
596	0.742754	0.000039	0.062199	0.195008
597	0.743254	0.000033	0.061999	0.194714
598	0.743583	0.000035	0.061461	0.194921
599	0.744407	0.000034	0.061120	0.194439
600	0.744760	0.000032	0.060696	0.194512
601	0.744895	0.000030	0.060451	0.194624
602	0.745277	0.000037	0.060211	0.194475
603	0.745179	0.000033	0.059853	0.194935
604	0.745383	0.000041	0.059581	0.194995
605	0.746212	0.000034	0.059258	0.194496
606	0.746623	0.000041	0.058635	0.194701
607	0.746845	0.000028	0.058455	0.194672
608	0.746923	0.000030	0.058156	0.194891
609	0.747689	0.000028	0.058015	0.194268
610	0.747952	0.000023	0.057577	0.194448
611	0.748261	0.000026	0.057348	0.194365
612	0.748661	0.000021	0.057080	0.194238
613	0.749015	0.000026	0.056589	0.194370
614	0.749387	0.000018	0.056417	0.194178
615	0.749729	0.000023	0.055974	0.194274
616	0.750028	0.000017	0.055870	0.194085
617	0.750432	0.000014	0.055423	0.194131
618	0.750593	0.000015	0.055009	0.194383
619	0.751244	0.000018	0.054890	0.193848
620	0.751446	0.000020	0.054432	0.194102
621	0.751721	0.000019	0.054030	0.194230
622	0.751848	0.000023	0.054017	0.194112
623	0.752512	0.000016	0.053500	0.193972
624	0.752511	0.000022	0.053515	0.193952
625	0.752996	0.000018	0.053269	0.193717
626	0.753345	0.000021	0.052958	0.193676
627	0.753768	0.000018	0.052667	0.193547
628	0.753704	0.000016	0.052511	0.193769
629	0.753983	0.000012	0.052242	0.193763
630	0.754059	0.000016	0.052148	0.193777
631	0.754794	0.000014	0.051446	0.193746
632	0.754436	0.000017	0.051662	0.193885
633	0.755263	0.000017	0.051101	0.193619
634	0.755236	0.000014	0.050966	0.193784
635	0.756085	0.000017	0.050626	0.193272
636	0.755885	0.000017	0.050389	0.193709
637	0.756442	0.000017	0.049916	0.193625
638	0.756458	0.000014	0.049732	0.193796
639	0.757002	0.000017	0.049306	0.193675
640	0.757212	0.000014	0.049320	0.193454
641	0.757274	0.000012	0.048944	0.193770
642	0.757407	0.000015	0.048688	0.193890
643	0.757551	0.000013	0.048462	0.193974
644	0.757740	0.000010	0.048129	0.194121
645	0.758284	0.000009	0.047734	0.193973
646	0.758518	0.000009	0.047427	0.194046
647	0.758823	0.000010	0.047358	0.193809
648	0.759040	0.000011	0.046860	0.194089
649	0.759129	0.000007	0.046828	0.194036
650	0.759463	0.000010	0.046289	0.194238
651	0.759733	0.000005	0.046135	0.194127
652	0.759619	0.000008	0.046036	0.194337
653	0.760213	0.000008	0.045658	0.194121
654	0.760050	0.000005	0.045490	0.194455
655	0.760478	0.000008	0.045348	0.194166
656	0.760298	0.000009	0.045135	0.194558
657	0.760872	0.000006	0.044885	0.194237
658	0.761014	0.000004	0.044623	0.194359
659	0.761325	0.000004	0.044352	0.194319
660	0.761256	0.000004	0.044033	0.194707
661	0.761634	0.000002	0.043749	0.194615
662	0.761621	0.000003	0.043339	0.195037
663	0.761344	0.000005	0.043504	0.195147
664	0.761786	0.000003	0.042721	0.195490
665	0.761789	0.000003	0.043084	0.195124
666	0.761903	0.000006	0.042460	0.195631
667	0.761939	0.000005	0.042574	0.195482
668	0.762027	0.000004	0.041744	0.196225
669	0.761915	0.000007	0.042198	0.195880
670	0.762188	0.000003	0.041626	0.196183
671	0.762344	0.000006	0.041531	0.196119
672	0.762299	0.000006	0.041287	0.196408
673	0.762790	0.000008	0.041134	0.196068
674	0.762619	0.000006	0.040897	0.196478
675	0.762954	0.000007	0.040860	0.196179
676	0.762750	0.000005	0.040577	0.196668
677	0.762891	0.000004	0.040420	0.196685
678	0.763039	0.000007	0.040236	0.196718
679	0.762909	0.000004	0.040033	0.197054
680	0.763063	0.000005	0.040129	0.196803
681	0.763086	0.000005	0.039658	0.197251
682	0.763059	0.000006	0.039685	0.197250
683	0.763081	0.000006	0.039560	0.197353
684	0.763322	0.000005	0.039355	0.197318
685	0.763394	0.000006	0.039034	0.197566
686	0.763596	0.000006	0.039224	0.197174
687	0.763621	0.000003	0.038830	0.197546
688	0.763737	0.000003	0.038761	0.197499
689	0.763755	0.000001	0.038562	0.197682
690	0.763741	0.000001	0.038520	0.197738
691	0.763844	0.000001	0.038226	0.197929
692	0.763914	0.000000	0.038134	0.197952
693	0.763905	0.000001	0.037810	0.198284
694	0.764189	0.000000	0.037865	0.197946
695	0.764372	0.000001	0.037561	0.198066
696	0.764705	0.000001	0.037428	0.197866
697	0.764313	0.000001	0.037143	0.198543
698	0.764806	0.000002	0.037034	0.198158
699	0.764362	0.000001	0.036875	0.198762
700	0.764543	0.000003	0.036719	0.198735
701	0.764037	0.000001	0.036654	0.199308
702	0.764802	0.000002	0.036449	0.198747
703	0.764244	0.000001	0.036148	0.199607
704	0.764960	0.000002	0.035949	0.199089
705	0.764576	0.000001	0.035802	0.199621
706	0.764950	0.000002	0.035560	0.199488
707	0.764760	0.000002	0.035508	0.199730
708	0.764338	0.000002	0.035492	0.200168
709	0.764524	0.000003	0.035341	0.200132
710	0.764295	0.000002	0.035309	0.200394
711	0.764344	0.000003	0.035034	0.200619
712	0.764327	0.000001	0.034800	0.200872
713	0.764019	0.000003	0.034596	0.201382
714	0.764507	0.000001	0.034518	0.200974
715	0.764156	0.000001	0.034382	0.201461
716	0.764122	0.000000	0.034256	0.201622
717	0.763986	0.000000	0.034120	0.201894
718	0.763989	0.000000	0.033911	0.202100
719	0.764155	0.000000	0.034114	0.201731
720	0.763930	0.000000	0.033765	0.202305
721	0.764064	0.000000	0.033709	0.202227
722	0.763731	0.000000	0.033354	0.202915
723	0.764042	0.000000	0.033394	0.202564
724	0.764047	0.000000	0.033219	0.202734
725	0.764215	0.000000	0.033065	0.202720
726	0.764289	0.000000	0.032945	0.202766
727	0.763780	0.000000	0.032921	0.203299
728	0.763964	0.000000	0.032653	0.203383
729	0.763983	0.000000	0.032781	0.203236
730	0.763865	0.000000	0.032489	0.203646
731	0.763693	0.000000	0.032268	0.204039
732	0.763527	0.000000	0.032249	0.204224
733	0.763424	0.000000	0.032119	0.204457
734	0.763587	0.000000	0.031940	0.204473
735	0.763421	0.000000	0.032002	0.204577
736	0.763496	0.000000	0.031899	0.204605
737	0.763248	0.000000	0.031764	0.204988
738	0.763438	0.000000	0.031565	0.204997
739	0.763270	0.000000	0.031795	0.204935
740	0.763255	0.000000	0.031508	0.205237
741	0.763139	0.000000	0.031629	0.205232
742	0.763174	0.000000	0.031474	0.205352
743	0.763143	0.000000	0.031569	0.205288
744	0.763209	0.000000	0.031297	0.205494
745	0.762985	0.000000	0.031328	0.205687
746	0.762979	0.000000	0.031408	0.205613
747	0.762819	0.000000	0.031246	0.205935
748	0.762674	0.000000	0.031239	0.206087
749	0.762592	0.000000	0.030957	0.206451
750	0.762443	0.000000	0.030950	0.206607
751	0.762285	0.000000	0.030811	0.206904
752	0.761985	0.000000	0.030804	0.207211
753	0.762103	0.000000	0.030614	0.207283
754	0.761670	0.000000	0.030727	0.207603
755	0.761953	0.000000	0.030619	0.207428
756	0.761532	0.000000	0.030443	0.208025
757	0.761771	0.000000	0.030357	0.207872
758	0.761568	0.000000	0.029987	0.208445
759	0.761641	0.000000	0.030128	0.208231
760	0.761594	0.000000	0.029956	0.208450
761	0.761326	0.000000	0.029906	0.208768
762	0.761168	0.000000	0.029659	0.209173
763	0.760878	0.000000	0.029678	0.209444
764	0.760945	0.000000	0.029480	0.209575
765	0.760515	0.000000	0.029540	0.209945
766	0.760330	0.000000	0.029330	0.210340
767	0.760477	0.000000	0.029202	0.210321
768	0.760170	0.000000	0.029342	0.210488
769	0.759862	0.000000	0.029115	0.211023
770	0.759899	0.000000	0.029157	0.210944
771	0.759618	0.000000	0.028960	0.211422
772	0.759956	0.000000	0.028988	0.211056
773	0.759668	0.000000	0.028708	0.211624
774	0.759409	0.000000	0.028676	0.211915
775	0.759219	0.000000	0.028769	0.212012
776	0.758858	0.000000	0.028732	0.212410
777	0.758924	0.000000	0.028602	0.212474
778	0.758730	0.000000	0.028488	0.212782
779	0.758530	0.000000	0.028501	0.212969
780	0.758444	0.000000	0.028459	0.213097
781	0.758354	0.000000	0.028322	0.213324
782	0.757816	0.000000	0.028395	0.213789
783	0.758066	0.000000	0.028410	0.213524
784	0.757979	0.000000	0.028354	0.213667
785	0.757858	0.000000	0.028160	0.213982
786	0.757675	0.000000	0.028107	0.214218
787	0.757413	0.000000	0.028004	0.214583
788	0.757124	0.000000	0.027879	0.214997
789	0.757177	0.000000	0.027901	0.214922
790	0.756574	0.000000	0.027777	0.215649
791	0.756478	0.000000	0.027860	0.215662
792	0.756187	0.000000	0.027692	0.216121
793	0.756164	0.000000	0.027637	0.216199
794	0.755908	0.000000	0.027475	0.216617
795	0.755600	0.000000	0.027399	0.217001
796	0.755508	0.000000	0.027318	0.217174
797	0.755255	0.000000	0.027259	0.217486
798	0.755519	0.000000	0.027068	0.217413
799	0.755307	0.000000	0.026912	0.217781
800	0.755058	0.000000	0.026941	0.218001
801	0.754838	0.000000	0.027057	0.218105
802	0.754595	0.000000	0.026824	0.218581
803	0.754287	0.000000	0.027008	0.218705
804	0.753978	0.000000	0.026689	0.219333
805	0.753902	0.000000	0.026630	0.219468
806	0.753483	0.000000	0.026647	0.219870
807	0.753690	0.000000	0.026511	0.219799
808	0.753197	0.000000	0.026642	0.220161
809	0.753022	0.000000	0.026500	0.220478
810	0.752802	0.000000	0.026349	0.220849
811	0.752636	0.000000	0.026469	0.220895
812	0.752254	0.000000	0.026422	0.221324
813	0.751976	0.000000	0.026379	0.221645
814	0.751924	0.000000	0.026438	0.221638
815	0.751522	0.000000	0.026364	0.222114
816	0.751554	0.000000	0.026229	0.222217
817	0.751089	0.000000	0.026298	0.222613
818	0.751272	0.000000	0.026066	0.222662
819	0.750893	0.000000	0.026157	0.222950
820	0.750729	0.000000	0.025877	0.223394
821	0.750222	0.000000	0.026032	0.223746
822	0.750354	0.000000	0.025821	0.223825
823	0.750180	0.000000	0.026019	0.223801
824	0.749729	0.000000	0.025791	0.224480
825	0.749760	0.000000	0.025834	0.224406
826	0.749343	0.000000	0.025757	0.224900
827	0.749334	0.000000	0.025789	0.224877
828	0.749180	0.000000	0.025570	0.225250
829	0.748808	0.000000	0.025499	0.225693
830	0.748779	0.000000	0.025531	0.225690
831	0.748194	0.000000	0.025579	0.226227
832	0.748388	0.000000	0.025322	0.226290
833	0.747600	0.000000	0.025440	0.226960
834	0.747845	0.000000	0.025313	0.226842
835	0.747662	0.000000	0.025369	0.226969
836	0.747374	0.000000	0.025165	0.227461
837	0.746996	0.000000	0.025227	0.227777
838	0.746969	0.000000	0.025190	0.227841
839	0.746536	0.000000	0.025035	0.228429
840	0.746614	0.000000	0.025196	0.228190
841	0.745953	0.000000	0.025085	0.228962
842	0.745892	0.000000	0.025166	0.228942
843	0.745189	0.000000	0.025299	0.229512
844	0.745123	0.000000	0.025180	0.229697
845	0.744626	0.000000	0.025075	0.230299
846	0.744392	0.000000	0.024928	0.230680
847	0.744335	0.000000	0.025055	0.230610
848	0.744059	0.000000	0.024946	0.230995
849	0.743666	0.000000	0.024948	0.231386
850	0.743339	0.000000	0.024894	0.231767
851	0.743235	0.000000	0.024969	0.231796
852	0.742710	0.000000	0.024912	0.232378
853	0.742639	0.000000	0.024769	0.232592
854	0.742270	0.000000	0.024727	0.233003
855	0.742016	0.000000	0.024773	0.233211
856	0.741858	0.000000	0.024642	0.233500
857	0.741443	0.000000	0.024668	0.233889
858	0.741223	0.000000	0.024709	0.234068
859	0.741052	0.000000	0.024649	0.234299
860	0.740786	0.000000	0.024650	0.234564
861	0.740224	0.000000	0.024620	0.235156
862	0.740626	0.000000	0.024529	0.234845
863	0.739871	0.000000	0.024577	0.235552
864	0.740078	0.000000	0.024536	0.235386
865	0.739673	0.000000	0.024694	0.235633
866	0.739268	0.000000	0.024641	0.236091
867	0.739275	0.000000	0.024560	0.236165
868	0.738868	0.000000	0.024519	0.236613
869	0.738587	0.000000	0.024457	0.236956
870	0.738278	0.000000	0.024435	0.237287
871	0.738251	0.000000	0.024296	0.237453
872	0.737704	0.000000	0.024305	0.237991
873	0.737451	0.000000	0.024186	0.238363
874	0.737217	0.000000	0.024302	0.238481
875	0.737089	0.000000	0.024365	0.238546
876	0.736467	0.000000	0.024221	0.239312
877	0.736316	0.000000	0.024321	0.239363
878	0.736060	0.000000	0.024248	0.239692
879	0.735606	0.000000	0.024271	0.240123
880	0.735353	0.000000	0.024240	0.240407
881	0.735018	0.000000	0.024250	0.240732
882	0.734649	0.000000	0.024056	0.241295
883	0.734514	0.000000	0.024002	0.241484
884	0.734492	0.000000	0.023953	0.241555
885	0.733997	0.000000	0.024130	0.241873
886	0.733820	0.000000	0.023944	0.242236
887	0.733073	0.000000	0.024256	0.242671
888	0.733056	0.000000	0.024044	0.242900
889	0.732532	0.000000	0.024368	0.243100
890	0.732613	0.000000	0.023998	0.243389
891	0.732008	0.000000	0.024067	0.243925
892	0.732221	0.000000	0.023876	0.243903
893	0.731562	0.000000	0.024114	0.244324
894	0.731395	0.000000	0.024046	0.244559
895	0.731111	0.000000	0.024120	0.244769
896	0.730822	0.000000	0.024150	0.245028
897	0.730614	0.000000	0.024096	0.245290
898	0.730265	0.000000	0.024233	0.245502
899	0.729672	0.000000	0.024071	0.246257
900	0.729806	0.000000	0.024030	0.246164
901	0.729011	0.000000	0.023881	0.247108
902	0.728828	0.000000	0.024009	0.247163
903	0.728439	0.000000	0.023975	0.247586
904	0.728273	0.000000	0.024091	0.247636
905	0.727863	0.000000	0.024040	0.248097
906	0.727741	0.000000	0.024082	0.248177
907	0.727168	0.000000	0.024080	0.248752
908	0.727221	0.000000	0.023912	0.248867
909	0.726622	0.000000	0.024015	0.249363
910	0.726639	0.000000	0.023882	0.249479
911	0.726093	0.000000	0.024043	0.249864
912	0.725997	0.000000	0.023883	0.250120
913	0.725545	0.000000	0.024004	0.250451
914	0.725607	0.000000	0.023867	0.250526
915	0.724508	0.000000	0.024010	0.251482
916	0.724471	0.000000	0.023894	0.251635
917	0.724104	0.000000	0.024024	0.251872
918	0.724085	0.000000	0.024038	0.251877
919	0.723542	0.000000	0.023972	0.252486
920	0.723528	0.000000	0.023839	0.252633
921	0.723114	0.000000	0.024066	0.252820
922	0.722863	0.000000	0.023924	0.253213
923	0.722473	0.000000	0.023976	0.253551
924	0.722301	0.000000	0.023972	0.253727
925	0.721949	0.000000	0.023772	0.254279
926	0.721213	0.000000	0.023927	0.254860
927	0.721223	0.000000	0.023930	0.254847
928	0.720817	0.000000	0.023885	0.255298
929	0.720401	0.000000	0.023821	0.255778
930	0.720047	0.000000	0.023829	0.256124
931	0.719841	0.000000	0.023744	0.256415
932	0.719543	0.000000	0.023699	0.256758
933	0.719093	0.000000	0.023696	0.257211
934	0.718561	0.000000	0.023818	0.257621
935	0.718569	0.000000	0.023680	0.257751
936	0.718061	0.000000	0.023653	0.258286
937	0.718033	0.000000	0.023692	0.258275
938	0.717430	0.000000	0.023769	0.258801
939	0.717326	0.000000	0.023605	0.259069
940	0.716845	0.000000	0.023795	0.259360
941	0.716197	0.000000	0.023645	0.260158
942	0.715823	0.000000	0.023785	0.260392
943	0.715287	0.000000	0.023689	0.261024
944	0.714997	0.000000	0.023878	0.261125
945	0.714568	0.000000	0.023652	0.261780
946	0.714427	0.000000	0.023860	0.261713
947	0.713806	0.000000	0.023641	0.262553
948	0.713767	0.000000	0.023861	0.262372
949	0.713609	0.000000	0.023667	0.262724
950	0.713248	0.000000	0.023858	0.262894
951	0.713286	0.000000	0.023569	0.263145
952	0.712663	0.000000	0.023698	0.263639
953	0.712403	0.000000	0.023708	0.263889
954	0.712072	0.000000	0.023685	0.264243
955	0.711658	0.000000	0.023623	0.264719
956	0.711432	0.000000	0.023716	0.264852
957	0.711091	0.000000	0.023500	0.265409
958	0.710874	0.000000	0.023842	0.265284
959	0.710510	0.000000	0.023603	0.265887
960	0.710315	0.000000	0.023705	0.265980
961	0.710108	0.000000	0.023551	0.266341
962	0.709462	0.000000	0.023807	0.266731
963	0.709416	0.000000	0.023630	0.266954
964	0.708656	0.000000	0.023785	0.267559
965	0.708368	0.000000	0.023585	0.268047
966	0.708145	0.000000	0.023794	0.268061
967	0.707543	0.000000	0.023516	0.268941
968	0.707233	0.000000	0.023640	0.269127
969	0.706588	0.000000	0.023463	0.269949
970	0.706725	0.000000	0.023670	0.269605
971	0.706018	0.000000	0.023674	0.270308
972	0.705934	0.000000	0.023418	0.270648
973	0.705466	0.000000	0.023585	0.270949
974	0.705241	0.000000	0.023504	0.271255
975	0.704895	0.000000	0.023382	0.271723
976	0.704546	0.000000	0.023535	0.271919
977	0.704535	0.000000	0.023371	0.272094
978	0.703660	0.000000	0.023255	0.273085
979	0.703361	0.000000	0.023441	0.273198
980	0.703158	0.000000	0.023238	0.273604
981	0.702577	0.000000	0.023403	0.274020
982	0.702291	0.000000	0.023253	0.274456
983	0.701732	0.000000	0.023391	0.274877
984	0.701694	0.000000	0.023246	0.275060
985	0.700972	0.000000	0.023377	0.275651
986	0.700748	0.000000	0.023312	0.275940
987	0.700327	0.000000	0.023215	0.276458
988	0.699758	0.000000	0.023337	0.276905
989	0.699388	0.000000	0.023237	0.277375
990	0.699315	0.000000	0.023269	0.277416
991	0.699001	0.000000	0.023266	0.277733
992	0.698550	0.000000	0.023187	0.278263
993	0.698357	0.000000	0.023291	0.278352
994	0.697516	0.000000	0.023336	0.279148
995	0.697073	0.000000	0.023295	0.279632
996	0.696941	0.000000	0.023313	0.279746
997	0.696331	0.000000	0.023360	0.280309
998	0.696298	0.000000	0.023246	0.280456
999	0.695940	0.000000	0.023243	0.280817
1000	0.695405	0.000000	0.023233	0.281362
1001	0.694873	0.000000	0.023360	0.281767
